test/irradianceVals.grid
nrows 679
ncols 839
cellsize 0.05
nodata_value 99999.9
[rows 175 to 209 of 679, columns 624 to 701 of 839]
28.3 28.25 28.67 28.13 28.79 28.44 27.73 28.53 27.67 27.85 26.4 25.33 23.54 22.26 23.14 22.82 21.54 20.94 20.72 22.5 23.11 22.94 24.06 23.67 20.99 20.93 21.45 21.86 20.21 22.03 21.94 21.15 19.64 20.91 20.04 19.76 19.95 22.82 22.14 21.78 21.83 22.61 22.78 20.18 21.18 21.21 20.02 18.55 16.86 16.82 17.56 21.18 22.81 24.46 25.74 25.49 25.14 22.4 18.17 19.2 19.07 20.23 21.35 22.65 25.06 26.02 24.98 24.98 24.98 24.98 24.98 25.37 24.09 24.09 23.2 17.08 17.08 17.08
26.97 28.01 28.71 28.53 28.35 28.03 28.5 27.52 27.22 28.43 28.29 26.98 25.73 24.25 24.32 24.21 22.94 21.59 20.09 22.46 22.49 23.01 22.44 22.44 22.03 20.87 22.12 20.86 20.58 20.6 20.07 19.27 17.71 19.69 18.46 17.86 17.52 21.01 22.04 20.64 21.38 19.65 19.71 18.69 20.24 21.96 21.7 19.82 17.82 18.57 21.0 22.34 23.29 24.79 25.46 25.52 25.9 24.92 23.0 21.13 19.77 21.44 22.83 23.94 26.03 27.13 24.98 24.98 24.98 24.19 24.19 24.09 24.09 23.2 23.2 17.08 17.08 17.08
28.52 29.19 28.35 28.01 28.34 28.55 29.0 28.06 26.84 28.1 27.75 26.92 28.24 26.37 26.78 24.78 20.91 21.49 21.04 22.64 22.65 23.72 23.75 24.17 22.02 21.56 21.34 22.48 20.41 18.79 19.04 18.9 18.55 17.76 18.84 18.52 17.68 18.72 21.78 21.17 21.88 19.31 17.3 17.53 18.68 20.44 20.85 19.47 18.48 16.75 19.15 20.23 22.29 24.2 24.4 25.04 25.28 25.2 25.38 24.8 23.85 22.28 23.06 23.35 25.05 25.56 24.08 24.08 24.19 24.19 24.09 24.09 23.2 23.2 23.6 17.08 17.08 17.08
28.32 28.01 26.75 27.53 28.32 28.43 28.26 28.0 28.08 26.44 26.48 26.72 26.99 27.6 25.49 22.62 22.09 21.43 21.1 22.27 24.61 25.18 24.25 23.6 23.95 23.48 23.21 21.44 20.39 20.1 20.54 21.8 20.16 19.06 18.35 17.52 16.85 18.46 18.38 19.58 21.33 21.59 20.48 19.81 18.57 19.42 19.68 19.83 17.69 18.03 19.39 18.95 21.35 22.35 24.43 25.65 25.69 25.88 26.03 25.83 26.09 24.25 24.5 24.18 23.97 24.5 24.61 24.19 24.19 24.09 24.09 23.2 23.2 23.6 23.6 17.08 17.08 17.08
27.26 25.71 26.94 27.15 27.0 28.08 27.73 28.15 28.09 26.11 25.93 26.02 26.36 27.08 25.88 23.65 22.78 23.15 22.11 24.28 25.66 26.0 25.38 24.36 22.96 24.1 24.47 21.3 19.27 19.7 21.33 20.84 18.57 18.72 17.43 18.52 19.3 16.49 17.85 20.02 20.85 21.13 20.39 20.21 19.59 19.26 21.83 22.42 21.53 18.17 18.4 19.58 20.58 20.38 22.71 24.56 24.82 26.01 26.43 26.24 25.98 25.19 24.37 24.48 24.24 25.6 25.54 24.97 24.09 24.09 23.2 23.2 23.6 23.6 21.11 17.08 17.08 17.08
27.49 28.15 27.72 27.7 26.36 27.13 27.91 27.27 27.68 27.74 26.26 25.15 26.26 25.51 25.33 24.15 23.35 23.6 21.9 23.61 24.3 23.81 23.63 22.19 21.88 22.6 24.86 22.8 20.45 17.95 18.56 20.26 19.63 16.9 19.36 19.04 19.83 18.83 17.23 19.23 20.7 20.47 18.85 18.95 18.49 19.1 22.1 22.11 21.82 19.53 18.69 19.45 17.96 18.43 20.7 22.48 22.93 23.49 25.05 25.61 25.98 25.19 25.47 25.27 24.72 24.86 24.61 23.75 23.07 23.2 23.2 23.6 23.6 22.1 21.11 17.08 17.08 17.08
27.46 28.41 27.75 27.52 26.2 25.63 25.96 26.04 27.13 27.61 26.27 23.0 23.36 24.13 26.57 25.33 25.27 23.3 21.01 20.3 21.53 21.32 20.95 19.5 18.85 20.98 21.83 22.88 21.73 20.57 18.55 19.2 19.97 19.24 19.33 18.55 19.71 19.22 18.01 19.64 18.63 16.85 17.95 20.06 22.06 22.25 21.57 20.33 20.85 18.39 18.08 17.11 16.63 17.17 19.23 21.05 21.7 22.16 23.13 24.9 25.19 25.84 25.59 24.76 24.2 24.07 23.11 22.96 24.03 24.58 23.6 23.6 22.1 21.11 21.11 17.08 17.08 17.08
26.55 27.54 27.12 26.6 26.65 25.37 24.64 25.38 26.01 26.12 26.74 23.37 23.57 23.97 24.59 23.48 23.27 23.26 20.79 19.95 23.73 21.01 18.91 18.06 19.16 19.52 21.32 20.24 21.2 19.65 18.96 19.85 20.7 20.19 18.82 18.73 20.48 20.15 19.82 21.3 18.76 16.81 19.1 20.58 21.15 22.38 22.54 22.39 21.57 20.71 18.81 17.01 17.93 18.63 19.55 17.99 19.55 20.94 20.52 21.1 22.52 25.51 24.55 23.88 23.85 24.22 23.78 23.46 23.75 23.69 22.91 22.1 22.1 21.11 21.11 17.08 17.08 17.08
26.06 25.54 25.81 26.35 26.43 25.41 25.41 22.96 23.88 25.55 26.92 25.28 26.21 25.89 23.36 25.08 24.63 24.26 22.38 22.57 23.65 21.74 21.32 19.8 20.56 21.13 19.92 20.32 21.25 20.72 18.89 20.12 22.58 21.68 19.34 19.31 20.28 19.59 20.18 19.83 20.04 18.46 18.5 20.9 21.99 22.11 21.31 19.67 18.54 18.18 17.12 17.91 18.58 17.86 17.96 19.46 20.98 20.17 20.33 21.39 22.13 22.65 21.92 22.3 22.99 21.88 22.2 24.09 22.85 21.27 21.43 22.27 21.88 21.11 21.11 20.52 18.85 17.08
26.78 26.61 25.63 26.31 26.14 24.72 25.86 23.28 23.89 24.45 25.73 25.33 26.63 25.87 23.88 25.41 24.41 23.74 22.68 22.11 22.62 22.31 21.02 19.83 19.67 23.2 21.59 21.9 20.34 19.54 20.64 21.14 21.65 22.0 20.74 21.68 21.71 21.54 21.01 18.3 18.21 18.19 17.77 19.37 22.05 22.32 21.99 20.69 19.53 18.83 17.42 17.98 19.42 21.25 20.07 19.7 21.24 22.21 22.07 21.59 21.46 21.02 20.05 21.26 21.88 21.22 21.57 22.29 21.94 20.12 20.84 22.09 22.26 22.16 22.1 20.52 18.85 18.85
27.21 26.35 25.07 26.03 26.4 24.39 24.98 23.04 22.77 23.88 25.38 24.97 26.53 25.91 25.1 25.25 23.7 23.91 22.59 23.29 21.74 22.45 21.99 21.15 20.49 23.01 22.68 23.34 21.15 21.54 19.9 20.03 20.22 19.64 20.73 20.69 20.07 19.76 18.71 15.76 16.29 18.57 19.6 17.22 20.85 23.05 22.37 22.31 20.23 18.75 19.51 18.38 18.37 20.39 20.44 19.71 18.78 21.18 21.3 20.87 21.0 19.93 19.91 20.56 20.88 22.0 21.81 21.98 21.33 20.3 19.7 20.47 21.55 21.47 20.36 20.35 20.16 18.95
26.66 25.63 25.96 26.39 24.94 22.88 24.67 23.16 22.58 25.0 26.01 26.34 27.72 27.2 26.69 27.19 26.06 24.11 23.78 22.89 23.81 23.49 21.75 21.71 19.86 22.71 22.8 22.01 21.43 21.49 20.42 21.14 20.28 17.81 19.33 19.38 18.5 17.31 17.76 14.86 15.61 16.74 19.64 21.55 21.49 23.14 22.0 20.6 21.01 18.77 17.0 17.57 18.09 20.49 19.56 18.69 18.33 19.12 19.79 20.75 21.42 20.01 19.57 20.78 21.74 22.6 21.99 21.24 20.53 20.32 19.67 20.8 21.27 20.03 19.63 20.34 19.94 18.44
27.13 26.44 25.71 26.79 26.44 23.63 24.68 22.94 23.09 26.05 26.25 26.66 28.08 27.97 26.85 25.95 27.51 25.74 23.83 23.1 24.08 24.46 22.12 22.3 21.13 21.64 20.02 20.89 22.23 22.2 20.82 20.24 20.75 18.31 18.56 17.98 17.15 17.52 16.67 17.86 18.76 17.85 19.99 22.49 22.24 22.51 21.76 21.06 20.66 19.19 18.38 18.71 18.09 17.72 17.68 18.32 18.74 19.28 19.81 22.11 21.23 20.32 22.02 21.39 21.6 22.19 22.23 20.66 21.5 21.56 20.23 19.75 20.21 19.28 19.47 20.36 19.31 18.08
27.88 27.09 27.18 25.93 24.38 25.12 24.77 22.77 23.43 25.49 26.04 25.88 26.29 26.62 25.09 26.88 27.28 26.15 23.77 22.84 23.27 23.22 24.08 23.32 21.67 20.58 20.2 22.64 22.16 20.14 20.6 20.2 19.11 17.68 20.14 20.07 18.71 16.36 16.55 18.86 20.52 21.85 22.59 23.36 21.86 23.31 23.38 23.6 23.44 21.84 18.99 19.0 18.68 18.48 17.74 18.0 20.06 20.75 21.33 22.23 22.75 22.27 22.16 21.06 21.06 20.85 20.97 20.3 19.74 20.59 20.65 19.77 19.06 18.68 18.84 19.72 18.4 18.56
27.46 26.11 26.13 27.01 24.09 24.79 22.19 21.94 21.76 22.21 22.25 23.46 25.77 24.25 24.81 25.99 26.68 26.48 24.29 22.78 21.89 22.97 24.54 25.54 24.49 23.3 22.21 23.64 24.09 20.05 20.1 20.55 18.99 18.5 18.94 19.6 18.78 18.71 18.02 20.4 21.07 20.51 21.98 23.82 23.79 22.46 23.09 23.63 22.08 20.39 19.17 18.63 18.93 19.2 19.22 20.38 21.92 21.49 20.58 20.47 21.03 20.78 21.06 20.73 20.86 19.76 19.42 19.39 19.7 20.56 20.46 19.56 18.03 18.61 19.88 19.63 19.46 20.04
25.81 27.04 25.65 26.49 23.98 24.32 24.16 21.51 22.07 22.51 21.14 21.34 23.05 23.63 24.58 23.19 21.34 20.75 20.46 20.78 20.69 23.88 23.87 25.94 24.19 23.36 23.41 23.48 23.1 21.66 20.61 21.11 19.97 19.89 18.4 18.89 18.81 21.35 18.78 21.31 22.06 22.29 24.16 24.5 24.29 24.13 23.7 22.43 21.55 20.37 19.48 19.28 19.25 19.93 19.79 19.91 20.74 19.61 19.24 20.16 19.91 20.21 20.47 20.02 20.38 20.84 20.41 20.49 20.79 21.08 20.75 19.94 19.02 19.49 20.16 19.83 19.62 20.39
26.47 26.97 24.97 26.0 25.71 24.98 24.03 24.28 21.94 21.85 21.31 22.24 22.2 21.14 20.98 19.57 18.42 18.27 17.64 18.66 18.83 21.33 21.83 23.26 22.89 22.44 20.91 22.27 22.23 21.48 21.49 21.21 21.25 19.81 17.18 18.82 20.87 21.48 21.21 23.06 24.4 23.97 23.72 23.89 24.88 25.58 24.54 21.91 21.09 20.74 19.85 18.49 20.05 21.69 21.44 20.49 20.79 19.44 19.1 19.61 19.95 19.46 19.67 19.46 20.14 20.3 20.92 20.65 20.76 21.83 20.81 20.47 20.37 20.54 19.86 19.03 19.46 20.28
25.55 26.88 25.72 25.46 26.83 24.29 23.06 24.1 22.49 21.92 21.72 21.44 20.85 21.12 21.75 20.04 20.68 21.59 20.77 18.66 18.69 19.41 19.45 19.98 21.29 19.57 19.02 19.47 20.02 21.47 20.93 20.57 21.11 21.37 21.47 21.12 22.68 22.73 22.36 22.61 22.71 23.38 23.14 24.08 24.72 24.81 23.44 21.84 21.62 21.4 20.77 20.84 22.2 22.81 21.91 22.07 21.22 19.65 18.69 18.89 19.14 18.96 18.29 18.28 18.86 20.27 21.6 21.38 20.83 22.06 21.77 21.16 20.65 20.03 19.4 18.47 19.87 20.74
25.23 24.73 24.5 22.86 23.97 24.18 22.17 22.47 24.27 20.68 22.09 20.17 18.64 18.41 19.62 20.86 22.46 23.86 20.73 18.26 19.31 20.88 19.9 20.59 22.81 21.0 20.29 19.54 20.56 21.26 20.76 21.7 21.27 22.52 21.57 20.57 21.84 23.97 22.91 22.4 22.34 23.85 23.93 24.24 24.14 24.1 23.06 21.92 21.49 21.97 21.89 21.47 21.86 22.45 21.9 21.73 21.29 20.32 20.17 19.68 18.82 18.23 18.48 19.27 20.42 20.9 21.03 20.21 20.8 21.18 21.23 20.78 20.17 18.84 18.53 18.09 18.66 18.73
24.76 23.99 23.6 22.74 24.25 23.32 23.13 21.54 22.6 21.37 20.65 19.39 19.28 17.55 17.82 20.14 21.86 21.96 19.2 19.96 22.19 22.6 22.09 22.98 22.42 22.76 22.16 20.05 22.46 23.65 22.5 21.71 21.22 21.37 21.22 20.81 23.14 23.86 22.54 22.2 23.41 24.41 23.49 23.03 23.82 23.95 23.17 22.03 20.87 21.05 21.02 20.67 20.71 21.28 21.47 21.88 21.8 21.12 21.38 20.85 20.24 20.11 19.15 19.32 20.93 19.72 18.94 18.89 19.92 21.11 20.55 19.09 18.33 17.13 17.67 18.51 19.8 19.09
23.61 23.53 23.02 23.58 22.44 23.34 23.66 23.47 21.51 20.52 21.44 20.45 21.15 18.03 19.64 20.58 20.24 21.47 20.31 21.86 23.27 22.26 21.38 23.44 22.45 22.28 21.36 23.19 23.19 22.85 22.85 21.37 22.19 22.55 20.65 21.6 21.67 22.16 23.31 22.0 22.79 24.16 23.28 23.66 23.53 22.98 22.59 21.68 20.58 19.87 20.13 20.18 19.43 19.71 19.88 20.64 21.22 21.01 20.84 20.66 20.63 19.96 18.12 18.39 18.31 18.16 18.4 18.33 18.11 20.41 18.87 16.84 17.61 17.32 16.21 17.71 19.17 20.39
24.09 24.97 23.56 23.93 22.84 23.33 23.73 23.38 21.85 23.09 22.58 22.98 21.98 21.92 20.73 21.91 21.57 21.34 22.21 23.91 23.34 22.66 22.43 22.9 21.9 22.43 23.21 24.83 23.67 23.07 21.46 21.49 21.55 22.25 22.15 23.28 23.55 22.95 23.47 22.47 22.09 21.8 21.97 22.61 21.48 21.38 20.8 20.34 21.1 20.46 20.22 19.62 19.1 19.53 19.0 18.94 19.41 19.76 20.17 20.58 20.28 19.66 18.52 17.47 17.66 17.91 18.13 17.46 17.4 17.98 16.37 16.7 17.92 17.13 16.71 18.87 20.62 21.02
24.46 23.62 22.94 22.59 22.72 23.67 22.85 22.91 22.9 23.13 24.22 23.38 22.29 20.5 20.96 21.65 20.57 21.42 21.4 21.45 20.75 22.74 22.98 22.17 21.86 21.67 22.32 22.69 24.06 23.67 23.53 23.16 23.01 23.0 22.98 23.32 22.09 22.08 22.27 21.98 20.85 20.83 20.8 20.3 20.63 20.57 20.28 19.58 20.66 21.85 20.84 19.71 19.8 20.17 19.28 19.56 19.39 20.71 19.96 19.41 20.19 19.93 18.81 18.18 16.96 16.2 15.4 16.42 16.25 17.17 17.13 16.9 16.73 16.68 18.41 20.88 21.2 21.82
23.92 23.08 22.98 22.33 24.02 23.06 23.2 23.11 22.27 21.69 22.56 22.78 23.47 23.01 22.72 21.43 21.86 20.11 20.13 20.77 22.37 22.66 22.18 22.33 23.11 22.13 20.92 20.95 23.22 24.94 24.71 23.4 21.68 22.66 23.31 23.56 22.67 21.22 22.03 21.37 20.12 20.25 19.8 18.72 19.06 19.13 19.13 19.96 19.84 20.07 19.86 19.23 19.98 20.18 20.51 20.89 20.64 20.63 19.08 19.63 19.99 19.15 18.12 17.11 15.76 15.77 15.13 15.11 14.98 16.24 16.72 17.68 17.79 18.86 20.52 22.68 23.53 22.91
25.17 23.07 22.7 23.16 24.22 25.39 26.04 24.1 22.72 23.42 23.45 23.79 24.55 24.04 23.67 23.39 22.34 22.27 20.68 21.1 22.97 23.0 21.19 22.11 22.75 22.03 21.53 21.59 21.86 24.12 23.71 22.28 22.83 23.23 22.31 22.87 22.31 20.66 20.62 20.82 20.23 19.66 18.09 17.64 17.33 17.67 18.4 19.41 19.81 19.71 18.83 19.05 21.14 20.58 20.24 20.42 19.89 19.6 17.97 17.15 16.33 16.16 15.83 14.54 13.58 13.99 15.07 15.51 15.08 16.27 17.89 18.82 18.61 19.95 22.19 24.46 24.04 24.11
24.91 25.37 23.28 24.5 24.77 24.77 24.98 24.8 23.86 25.07 23.48 24.24 24.46 24.56 24.5 24.13 22.94 22.14 22.02 22.15 22.82 23.65 22.23 21.83 22.98 21.92 23.68 23.75 24.22 24.54 24.3 22.93 22.6 22.22 20.63 20.48 21.01 21.74 21.32 21.45 21.02 20.61 19.32 19.05 18.52 17.7 18.06 18.71 18.78 18.15 17.93 18.79 19.99 19.43 19.24 18.97 17.88 17.77 17.01 16.49 15.38 15.48 15.38 14.95 11.82 12.78 14.25 15.58 16.29 17.17 17.69 18.9 20.3 20.84 22.74 23.71 23.54 22.81
24.75 25.01 23.83 24.85 25.25 25.12 25.43 25.21 25.76 25.94 24.95 24.16 23.75 24.4 24.34 23.68 24.28 23.22 22.18 23.28 24.46 24.61 23.3 24.1 22.9 23.16 24.67 23.97 24.58 24.9 23.77 23.25 21.82 20.35 20.25 20.36 21.13 21.57 22.3 21.89 22.06 21.93 20.33 19.29 19.56 19.74 18.81 18.41 18.49 18.29 18.49 19.14 18.55 18.06 17.64 17.58 18.14 16.81 16.83 16.04 14.99 15.01 15.38 13.75 12.26 14.25 15.45 17.21 19.03 20.54 20.46 19.07 20.4 19.96 21.16 22.46 22.59 21.4
25.86 25.76 24.22 25.25 25.2 25.51 26.14 26.77 26.28 26.23 27.38 24.92 24.85 25.08 24.64 24.53 24.69 24.45 23.4 25.19 26.26 25.74 25.14 23.75 23.05 23.86 24.36 23.93 24.01 24.95 24.38 22.96 23.13 22.31 20.86 19.4 20.29 20.23 20.43 20.43 21.38 20.86 19.44 18.87 19.47 19.91 19.14 19.74 19.58 19.19 18.02 17.37 17.97 18.14 16.27 15.74 16.79 15.56 15.96 14.67 14.56 14.46 14.86 13.39 14.36 16.9 18.73 22.66 23.93 23.87 22.21 19.84 20.08 19.86 21.94 23.4 22.05 21.0
26.34 27.33 27.03 25.87 26.62 27.2 26.31 28.0 27.06 27.39 27.55 26.66 25.13 24.99 24.66 24.9 24.9 25.05 24.44 25.32 26.04 25.33 24.74 23.86 23.08 23.9 22.63 22.29 23.8 25.47 24.99 23.88 23.82 21.21 20.38 20.22 20.14 21.07 20.46 20.03 19.12 18.68 17.56 18.67 19.24 19.07 18.38 18.77 18.31 17.77 17.11 17.26 18.31 17.5 16.54 16.13 15.86 15.46 15.87 16.33 15.48 15.49 16.44 17.05 19.26 20.19 20.94 22.39 22.81 22.28 21.01 20.54 19.82 21.19 21.55 21.94 21.04 22.86
26.7 27.38 28.56 27.34 27.47 27.68 27.24 27.03 26.44 27.0 26.96 27.63 26.44 25.86 25.74 26.13 25.19 24.56 23.96 25.85 25.18 24.59 23.87 24.27 24.55 23.62 22.78 22.97 23.52 25.05 23.72 23.15 22.57 20.41 20.82 20.91 19.66 19.52 19.76 19.14 19.55 19.03 18.4 17.64 17.33 17.48 17.81 18.33 17.48 16.9 16.19 16.25 15.89 16.69 16.67 15.14 14.87 15.61 15.04 15.75 17.95 18.69 18.33 18.56 20.51 20.79 20.53 19.66 20.6 19.71 19.69 20.95 21.64 22.68 22.09 21.66 21.51 23.07
27.68 26.78 27.44 27.68 26.64 26.24 26.1 26.38 25.4 26.71 26.19 26.11 26.16 25.7 26.36 26.39 25.17 23.77 24.35 24.64 24.61 24.04 24.05 24.27 24.54 24.4 23.36 23.44 23.39 23.31 22.86 20.89 21.67 20.33 20.84 20.63 19.68 18.52 18.65 18.4 19.16 17.15 17.29 16.8 19.17 16.83 16.33 16.75 16.9 16.69 14.64 14.68 14.25 16.63 18.65 16.66 16.15 17.51 19.06 18.22 20.28 18.76 18.11 18.05 18.37 19.07 19.68 20.76 19.79 19.51 19.95 20.7 20.81 20.76 21.62 21.22 22.95 22.73
26.57 27.35 27.29 27.61 26.88 25.86 27.03 26.89 25.59 24.82 23.46 24.37 23.83 24.62 25.46 26.05 26.13 25.42 24.34 24.12 25.19 24.63 24.05 22.22 23.07 23.89 22.79 21.88 21.43 21.82 22.05 19.93 20.81 19.6 20.08 19.92 20.56 20.11 19.97 18.47 17.88 18.37 17.45 17.84 18.35 17.93 17.36 17.61 16.47 16.97 16.42 16.84 16.62 17.7 18.05 16.7 17.78 18.99 18.34 17.7 17.82 16.02 16.21 17.8 17.14 20.61 21.33 22.16 20.58 19.57 20.34 19.88 20.55 20.96 20.74 21.7 21.09 21.1
26.61 27.48 27.9 26.88 27.04 25.76 26.4 25.28 25.81 25.22 24.1 24.92 23.75 24.13 24.11 25.74 25.85 23.69 22.42 20.47 21.27 22.78 22.34 21.0 21.05 22.27 21.27 20.07 21.18 21.61 22.09 19.5 18.01 18.43 20.54 19.95 20.25 21.99 20.51 20.07 18.61 19.84 19.11 20.48 20.74 19.94 18.13 17.14 15.1 14.76 16.84 17.9 17.85 16.93 16.57 17.92 19.92 19.47 19.17 17.11 17.57 16.78 17.49 17.85 17.86 20.28 21.14 20.65 18.95 19.76 20.79 21.46 21.5 20.4 19.94 21.2 21.94 21.42
27.02 27.59 27.15 27.12 26.52 25.9 25.3 25.9 23.77 23.27 25.13 25.65 23.78 22.86 24.03 24.48 24.95 23.11 22.11 19.08 19.55 21.73 19.82 22.61 22.34 22.4 22.78 21.4 22.02 22.61 22.67 22.42 20.1 19.93 20.67 20.13 19.72 20.35 19.28 20.66 21.16 19.26 19.26 18.88 18.27 19.46 18.85 18.15 16.81 17.62 19.11 19.44 20.81 19.85 20.46 22.41 21.8 20.12 20.27 19.57 17.88 16.57 18.3 18.54 18.39 19.83 20.41 19.02 18.13 18.86 20.23 21.78 21.93 20.93 21.29 22.14 21.58 20.85
27.18 26.33 26.15 25.53 25.61 24.56 23.57 24.2 24.57 25.33 26.02 23.82 23.35 22.92 22.72 22.23 24.04 23.45 23.52 19.89 18.44 19.55 17.79 21.25 20.67 21.59 23.49 23.58 24.1 24.16 22.49 22.86 21.96 21.73 22.04 19.94 19.62 18.98 20.18 20.72 21.44 19.39 19.02 19.14 17.86 18.82 19.1 17.63 16.15 17.79 20.52 20.34 20.0 19.6 19.71 19.02 18.98 18.43 16.8 16.67 17.0 14.21 17.35 16.87 16.34 19.24 19.87 17.84 17.0 19.43 21.25 22.67 22.25 21.31 21.24 21.16 20.73 21.74
