test/irradianceVals.grid
nrows 679
ncols 839
cellsize 0.05
nodata_value 99999.9
[rows 490 to 524 of 679, columns 78 to 155 of 839]
30.98 30.98 31.17 31.29 31.11 31.15 31.17 31.17 31.2 31.21 31.02 31.03 30.99 31.06 31.0 30.92 30.86 30.88 30.89 30.95 30.22 30.77 30.86 31.05 31.05 30.93 30.94 30.77 30.54 30.81 31.0 31.3 31.24 31.04 31.04 31.02 31.06 31.29 31.23 31.26 31.36 31.23 31.17 31.1 31.11 31.0 30.99 30.93 30.88 30.73 30.67 30.61 30.72 30.54 30.44 30.6 30.31 30.38 29.53 28.61 28.69 27.31 28.2 27.72 27.72 28.13 28.13 27.47 27.47 27.28 25.76 24.91 23.86 23.86 22.39 22.39 22.39 22.39
30.98 30.98 31.29 31.29 31.16 31.18 31.11 30.88 30.93 30.92 30.82 31.03 31.08 30.88 30.96 30.74 30.75 30.8 30.76 30.87 30.98 31.11 30.97 30.68 30.84 31.13 31.22 30.84 30.4 30.72 30.96 30.97 30.84 31.07 31.08 30.99 31.05 31.26 31.19 31.04 31.22 31.18 31.05 30.98 30.9 30.98 31.08 31.06 30.9 30.67 30.62 30.46 30.63 30.35 30.18 30.07 29.95 29.89 28.69 27.21 26.53 25.51 25.51 27.72 27.72 27.72 28.13 27.47 27.47 27.28 25.76 24.91 23.86 23.86 22.39 22.39 22.39 22.39
30.98 31.29 31.29 31.16 31.16 31.1 31.12 31.05 31.01 30.98 31.1 31.01 30.97 30.85 30.8 30.73 30.62 30.64 30.58 30.73 30.83 30.85 30.93 31.03 30.96 31.11 31.0 30.91 30.58 30.28 30.63 30.65 30.76 30.8 30.99 31.01 30.96 31.09 30.81 30.85 30.72 30.9 30.87 30.87 30.67 30.79 30.78 30.8 30.79 30.7 30.61 30.48 30.21 29.74 29.45 29.02 28.73 28.02 26.69 24.51 22.35 25.51 25.51 25.51 27.72 27.72 27.72 27.47 27.47 27.28 25.76 24.91 23.86 23.86 22.39 22.39 22.39 22.39
30.98 31.29 31.16 31.16 31.1 31.1 31.1 30.9 31.02 30.86 30.89 31.08 31.13 30.88 30.84 30.69 30.76 30.76 30.55 30.58 30.66 30.62 30.73 30.8 30.92 30.96 30.99 31.03 30.99 30.62 30.35 30.68 30.66 30.6 30.64 30.5 30.9 31.01 30.77 30.61 30.54 30.56 30.61 30.87 30.66 30.39 30.34 30.37 30.19 30.39 30.37 30.3 29.87 28.77 28.0 27.28 25.88 24.16 26.69 24.51 22.35 22.35 25.51 25.51 25.51 27.72 27.72 27.47 27.47 27.28 25.76 24.91 23.86 23.86 22.39 22.39 22.39 22.39
31.29 31.16 31.16 31.1 30.63 30.63 30.63 30.8 30.85 31.12 31.09 30.78 30.97 30.99 30.89 30.85 30.77 30.71 30.66 30.7 30.7 30.4 30.42 30.59 30.68 30.83 30.92 31.04 30.87 30.6 30.49 30.37 30.68 30.9 30.68 30.49 30.64 30.93 30.44 30.5 30.38 30.43 30.41 30.73 30.71 30.45 30.45 30.24 30.38 29.99 29.49 29.28 28.66 27.3 25.72 23.66 25.88 24.16 24.16 24.51 22.35 22.35 22.35 25.51 25.51 25.51 27.72 27.47 27.47 27.28 25.76 24.91 23.86 23.86 22.39 22.39 22.39 22.39
31.16 31.16 30.63 30.63 30.63 30.63 30.63 30.2 30.37 30.38 30.81 30.97 30.89 30.76 30.85 30.88 30.81 30.71 30.67 30.66 30.67 30.7 30.47 30.5 30.46 30.55 30.62 30.94 30.86 30.72 30.53 30.44 30.41 30.48 30.87 30.42 30.31 30.27 30.44 30.52 30.17 30.53 30.63 30.46 30.42 30.46 30.6 30.47 30.44 30.12 29.47 28.87 27.96 26.48 23.43 23.66 23.66 24.16 24.16 24.16 22.35 22.35 22.35 22.35 25.51 25.51 25.51 27.47 27.47 27.28 25.76 24.91 23.86 23.86 22.39 22.39 22.39 22.39
30.63 30.63 30.63 30.63 30.63 30.63 30.2 30.2 30.37 30.38 30.81 30.35 30.62 30.79 30.78 30.83 30.89 30.85 30.81 30.6 30.53 30.72 30.56 30.6 30.53 30.31 30.55 30.65 30.83 30.81 30.61 30.65 30.66 30.39 30.39 30.3 30.29 30.23 30.52 30.66 30.22 30.18 30.54 29.95 30.34 30.35 30.52 30.44 30.29 30.18 29.64 28.8 27.78 26.31 23.6 23.6 23.6 23.66 24.16 24.16 22.35 22.35 22.35 22.35 22.35 25.51 25.51 25.51 27.47 27.28 25.76 24.91 23.86 23.86 22.39 22.39 22.39 22.39
30.63 30.63 30.63 30.63 30.63 30.2 30.2 30.2 30.37 30.38 30.35 30.35 30.62 30.79 30.68 30.83 30.8 30.72 30.79 30.66 30.65 30.7 30.47 30.31 30.6 30.42 30.28 30.24 30.52 30.54 30.8 30.64 30.61 30.5 30.48 30.16 30.25 30.46 30.47 30.6 30.43 30.04 30.4 30.18 29.36 30.03 29.87 29.96 29.83 29.17 28.72 28.17 27.34 26.36 24.17 24.17 24.17 24.17 24.17 24.16 22.35 22.35 22.35 22.35 22.35 22.35 25.51 25.51 27.47 27.28 25.76 24.91 23.86 23.86 22.39 22.39 22.39 22.39
30.63 30.63 30.63 30.63 30.2 30.2 30.2 30.2 30.37 30.35 30.35 30.35 30.62 30.68 30.68 30.68 30.8 29.9 30.64 30.57 30.52 30.56 30.57 30.45 30.29 30.31 30.44 30.37 29.89 30.23 29.98 30.24 30.32 30.41 30.71 30.26 30.16 30.26 30.04 30.38 30.86 30.47 29.7 30.04 29.78 29.52 29.18 29.02 28.32 27.36 25.94 28.17 27.34 26.36 24.17 24.17 24.17 24.17 24.17 24.17 24.16 22.35 22.35 22.35 22.35 22.35 22.35 25.51 25.51 27.28 25.76 24.91 23.86 23.86 22.39 22.39 22.39 22.39
30.63 30.63 30.63 30.2 30.2 30.2 30.2 30.2 30.37 30.35 30.35 30.35 30.68 30.68 30.68 30.68 29.9 29.9 30.25 30.31 30.14 30.41 30.33 30.33 30.12 30.32 29.9 30.08 30.08 29.48 29.44 29.79 29.64 29.77 30.05 30.49 30.6 30.2 29.39 29.24 29.57 29.85 29.77 29.47 29.15 29.2 29.0 28.36 28.32 27.36 25.94 25.94 27.34 26.36 24.17 24.17 24.17 24.17 24.17 24.17 24.17 22.35 22.35 22.35 22.35 22.35 22.35 22.35 25.51 25.51 25.51 27.72 27.72 27.72 0.0 0.0 0.0 0.0
30.63 30.63 30.2 30.2 30.2 30.2 30.2 30.2 30.37 30.35 30.35 30.35 30.68 30.68 30.68 29.9 29.9 30.25 30.25 30.31 30.14 30.41 30.33 30.33 30.12 30.32 29.9 30.08 30.08 29.48 29.44 29.79 29.64 29.77 30.05 30.49 30.13 29.97 29.84 29.81 29.57 29.85 29.77 28.93 29.15 29.2 29.0 28.36 28.36 27.36 25.94 25.94 25.94 26.36 24.17 24.17 24.17 24.17 24.17 24.17 24.17 24.17 22.35 22.35 22.35 22.35 22.35 22.35 22.35 25.51 25.51 25.51 0.0 0.0 0.0 0.0 0.0 0.0
30.63 30.2 30.2 30.2 30.2 30.2 30.2 30.2 30.35 30.35 30.35 30.35 30.68 30.68 30.68 29.9 30.25 30.25 30.25 30.31 30.14 30.41 30.33 30.33 30.12 30.32 29.9 30.08 30.08 29.48 29.44 29.79 29.64 29.77 30.05 30.13 30.13 29.97 29.84 29.81 29.81 29.85 28.93 28.93 26.11 26.11 26.11 28.36 28.36 28.36 25.94 25.94 25.94 26.36 24.17 24.17 24.17 24.17 24.17 24.17 24.17 24.17 24.17 22.35 22.35 22.35 22.35 22.35 22.35 22.35 25.51 25.51 0.0 0.0 0.0 0.0 0.0 0.0
30.2 30.2 30.2 30.2 30.2 30.2 30.2 30.2 30.35 30.35 30.35 30.68 30.68 30.68 30.68 30.25 30.25 30.25 30.25 30.31 30.14 30.41 30.33 30.33 30.12 30.32 29.9 30.08 30.08 29.48 29.44 29.79 29.64 29.77 30.13 30.13 30.13 29.97 29.84 29.81 29.81 29.81 28.93 28.93 26.11 26.11 26.11 26.11 28.36 28.36 25.94 25.94 25.94 26.36 24.17 24.17 24.17 24.17 24.17 24.17 24.17 24.17 24.17 24.17 22.35 22.35 22.35 22.35 22.35 22.35 22.35 0.0 0.0 0.0 0.0 0.0 0.0 0.0
30.2 30.2 30.2 30.2 30.2 30.2 30.2 30.2 30.35 30.35 30.35 30.68 30.68 30.68 30.25 30.25 30.25 30.25 30.25 30.31 30.14 30.41 30.33 30.33 30.12 30.32 29.9 30.08 30.08 29.48 29.44 29.79 29.64 29.77 30.13 30.13 30.13 29.97 29.84 29.81 29.81 29.81 28.93 26.11 26.11 26.11 26.11 26.11 26.11 28.36 25.94 25.94 25.94 25.94 24.17 24.17 24.17 24.17 24.17 24.17 24.17 24.17 24.17 24.17 24.17 24.16 24.16 24.16 0.0 0.0 0.0 0.0 0.0 0.0 0.0 0.0 0.0 0.0
30.2 30.2 30.2 30.2 30.2 30.2 30.2 30.35 30.35 30.35 30.35 30.68 30.68 30.68 30.25 30.25 30.25 30.25 30.25 30.31 30.14 30.41 30.33 30.33 30.12 30.32 29.9 30.08 30.08 29.48 29.44 29.79 29.64 29.77 30.13 30.13 30.13 29.97 29.84 29.81 29.81 29.81 28.93 26.11 26.11 26.11 26.11 26.11 26.11 26.11 28.36 25.94 25.94 25.94 24.17 24.17 24.17 24.17 24.17 24.17 24.17 24.17 24.17 24.17 24.17 23.66 0.0 0.0 0.0 0.0 0.0 0.0 0.0 0.0 0.0 0.0 0.0 0.0
30.2 30.2 30.2 30.2 30.2 30.2 30.2 30.35 30.35 30.35 30.68 30.68 30.68 30.25 30.25 30.25 30.25 30.25 30.25 30.31 30.14 30.41 30.33 30.33 30.12 30.32 29.9 30.08 30.08 29.48 29.44 29.79 29.64 30.13 30.13 30.13 30.13 29.97 29.84 29.81 29.81 29.81 26.11 26.11 26.11 26.11 26.11 26.11 26.11 26.11 26.11 25.94 25.94 25.94 24.17 24.17 24.17 24.17 24.17 24.17 24.17 24.17 24.17 24.17 24.17 0.0 0.0 0.0 0.0 0.0 0.0 0.0 0.0 0.0 0.0 0.0 0.0 0.0
0.0 30.35 30.35 30.35 30.35 30.35 30.35 30.35 30.35 30.35 30.68 30.68 30.68 30.25 30.25 30.25 30.25 30.25 30.25 30.31 30.14 30.41 30.33 30.33 30.12 30.32 29.9 30.08 30.08 29.48 29.44 29.79 29.64 30.13 30.13 30.13 30.13 29.97 29.84 29.81 29.81 29.81 26.11 26.11 26.11 26.11 26.11 26.11 26.11 26.11 26.11 26.11 25.94 25.94 25.94 24.17 24.17 24.17 24.17 24.17 24.17 24.17 24.17 24.17 24.17 0.0 0.0 0.0 0.0 0.0 0.0 0.0 0.0 0.0 0.0 0.0 0.0 0.0
0.0 0.0 0.0 0.0 30.68 30.68 30.68 30.68 30.68 30.68 30.68 30.68 30.25 30.25 30.25 30.25 30.25 30.25 30.25 30.31 30.14 30.41 30.33 30.33 30.12 30.32 29.9 30.08 30.08 29.48 29.44 29.79 29.64 30.13 30.13 30.13 30.13 29.97 29.84 29.81 29.81 26.11 26.11 26.11 26.11 26.11 26.11 26.11 26.11 26.11 26.11 26.11 25.94 25.94 25.94 24.17 24.17 24.17 24.17 24.17 24.17 24.17 24.17 24.17 24.17 0.0 0.0 0.0 0.0 0.0 0.0 0.0 0.0 0.0 0.0 0.0 0.0 0.0
0.0 0.0 0.0 0.0 0.0 0.0 0.0 29.9 29.9 30.25 30.25 30.25 30.25 30.25 30.25 30.25 30.25 30.25 30.25 30.31 30.14 30.41 30.33 30.33 30.12 30.32 29.9 30.08 30.08 29.48 29.44 29.79 30.13 30.13 30.13 30.13 30.13 29.97 29.84 29.81 29.81 26.11 26.11 26.11 26.11 26.11 26.11 26.11 26.11 26.11 26.11 26.11 26.11 25.94 25.94 25.94 25.94 25.94 25.94 25.94 25.94 0.0 0.0 0.0 0.0 0.0 0.0 0.0 0.0 0.0 0.0 0.0 0.0 0.0 0.0 0.0 0.0 0.0
0.0 0.0 0.0 0.0 0.0 0.0 0.0 0.0 30.25 30.25 30.25 30.25 30.25 30.25 30.25 30.25 30.25 30.25 30.25 30.31 30.14 30.41 30.33 30.33 30.12 30.32 29.9 30.08 30.08 29.48 29.44 29.79 30.13 30.13 30.13 30.13 30.13 29.97 29.84 29.81 29.81 26.11 26.11 26.11 26.11 26.11 26.11 26.11 26.11 26.11 26.11 26.11 26.11 26.11 26.11 28.36 28.36 28.36 0.0 0.0 0.0 0.0 0.0 0.0 0.0 0.0 0.0 0.0 0.0 0.0 0.0 0.0 0.0 0.0 0.0 0.0 0.0 0.0
0.0 0.0 0.0 0.0 0.0 0.0 0.0 0.0 0.0 0.0 0.0 0.0 0.0 0.0 0.0 0.0 0.0 0.0 0.0 0.0 0.0 0.0 0.0 0.0 0.0 0.0 30.13 30.13 30.13 30.13 30.13 30.13 30.13 30.13 30.13 30.13 30.13 29.97 29.84 29.81 29.81 26.11 26.11 26.11 26.11 26.11 26.11 26.11 26.11 26.11 26.11 26.11 26.11 26.11 26.11 26.11 0.0 0.0 0.0 0.0 0.0 0.0 0.0 0.0 0.0 0.0 0.0 0.0 0.0 0.0 0.0 0.0 0.0 0.0 0.0 0.0 0.0 0.0
0.0 0.0 0.0 0.0 0.0 0.0 0.0 0.0 0.0 0.0 0.0 0.0 0.0 0.0 0.0 0.0 0.0 0.0 0.0 0.0 0.0 0.0 0.0 0.0 0.0 0.0 0.0 0.0 0.0 0.0 0.0 0.0 0.0 0.0 0.0 26.11 26.11 26.11 26.11 26.11 26.11 26.11 26.11 26.11 26.11 26.11 26.11 26.11 26.11 26.11 26.11 26.11 26.11 26.11 26.11 26.11 0.0 0.0 0.0 0.0 0.0 0.0 0.0 0.0 0.0 0.0 0.0 0.0 0.0 0.0 0.0 0.0 0.0 0.0 0.0 0.0 0.0 0.0
0.0 0.0 0.0 0.0 0.0 0.0 0.0 0.0 0.0 0.0 0.0 0.0 0.0 0.0 0.0 0.0 0.0 0.0 0.0 0.0 0.0 0.0 0.0 0.0 0.0 0.0 0.0 0.0 0.0 0.0 0.0 0.0 0.0 0.0 0.0 0.0 0.0 0.0 0.0 0.0 0.0 0.0 0.0 0.0 0.0 0.0 0.0 0.0 0.0 0.0 0.0 0.0 0.0 0.0 0.0 0.0 0.0 0.0 0.0 0.0 0.0 0.0 0.0 0.0 0.0 0.0 0.0 0.0 0.0 0.0 0.0 0.0 0.0 0.0 0.0 0.0 0.0 0.0
0.0 0.0 0.0 0.0 0.0 0.0 0.0 0.0 0.0 0.0 0.0 0.0 0.0 0.0 0.0 0.0 0.0 0.0 0.0 0.0 0.0 0.0 0.0 0.0 0.0 0.0 0.0 0.0 0.0 0.0 0.0 0.0 0.0 0.0 0.0 0.0 0.0 0.0 0.0 0.0 0.0 0.0 0.0 0.0 0.0 0.0 0.0 0.0 0.0 0.0 0.0 0.0 0.0 0.0 0.0 0.0 0.0 0.0 0.0 0.0 0.0 0.0 0.0 0.0 0.0 0.0 0.0 0.0 0.0 0.0 0.0 0.0 0.0 0.0 0.0 0.0 0.0 0.0
0.0 0.0 0.0 0.0 0.0 0.0 0.0 0.0 0.0 0.0 0.0 0.0 0.0 0.0 0.0 0.0 0.0 0.0 0.0 0.0 0.0 0.0 0.0 0.0 0.0 0.0 0.0 0.0 0.0 0.0 0.0 0.0 0.0 0.0 0.0 0.0 0.0 0.0 0.0 0.0 0.0 0.0 0.0 0.0 0.0 0.0 0.0 0.0 0.0 0.0 0.0 0.0 0.0 0.0 0.0 0.0 0.0 0.0 0.0 0.0 0.0 0.0 0.0 0.0 0.0 0.0 0.0 0.0 0.0 0.0 0.0 0.0 0.0 0.0 0.0 0.0 0.0 0.0
0.0 0.0 0.0 0.0 0.0 0.0 0.0 0.0 0.0 0.0 0.0 0.0 0.0 0.0 0.0 0.0 0.0 0.0 0.0 0.0 0.0 0.0 0.0 0.0 0.0 0.0 0.0 0.0 0.0 0.0 0.0 0.0 0.0 0.0 0.0 0.0 0.0 0.0 0.0 0.0 0.0 0.0 0.0 0.0 0.0 0.0 0.0 0.0 0.0 0.0 0.0 0.0 0.0 0.0 0.0 0.0 0.0 0.0 0.0 0.0 0.0 0.0 0.0 0.0 0.0 0.0 0.0 0.0 0.0 0.0 0.0 0.0 0.0 0.0 0.0 0.0 0.0 0.0
0.0 0.0 0.0 0.0 0.0 0.0 0.0 0.0 0.0 0.0 0.0 0.0 0.0 0.0 0.0 0.0 0.0 0.0 0.0 0.0 0.0 0.0 0.0 0.0 0.0 0.0 0.0 0.0 0.0 0.0 0.0 0.0 0.0 0.0 0.0 0.0 0.0 0.0 0.0 0.0 0.0 0.0 0.0 0.0 0.0 0.0 0.0 0.0 0.0 0.0 0.0 0.0 0.0 0.0 0.0 0.0 0.0 0.0 0.0 0.0 0.0 0.0 0.0 0.0 0.0 0.0 0.0 0.0 0.0 0.0 0.0 0.0 0.0 0.0 0.0 0.0 0.0 0.0
0.0 0.0 0.0 0.0 0.0 0.0 0.0 0.0 0.0 0.0 0.0 0.0 0.0 0.0 0.0 0.0 0.0 0.0 0.0 0.0 0.0 0.0 0.0 0.0 0.0 0.0 0.0 0.0 0.0 0.0 0.0 0.0 0.0 0.0 0.0 0.0 0.0 0.0 0.0 0.0 0.0 0.0 0.0 0.0 0.0 0.0 0.0 0.0 0.0 0.0 0.0 0.0 0.0 0.0 0.0 0.0 0.0 0.0 0.0 0.0 0.0 0.0 0.0 0.0 0.0 0.0 0.0 0.0 0.0 0.0 0.0 0.0 0.0 0.0 0.0 0.0 0.0 0.0
0.0 0.0 0.0 0.0 0.0 0.0 0.0 0.0 0.0 0.0 0.0 0.0 0.0 0.0 0.0 0.0 0.0 0.0 0.0 0.0 0.0 0.0 0.0 0.0 0.0 0.0 0.0 0.0 0.0 0.0 0.0 0.0 0.0 0.0 0.0 0.0 0.0 0.0 0.0 0.0 0.0 0.0 0.0 0.0 0.0 0.0 0.0 0.0 0.0 0.0 0.0 0.0 0.0 0.0 0.0 0.0 0.0 0.0 0.0 0.0 0.0 0.0 0.0 0.0 0.0 0.0 0.0 0.0 0.0 0.0 0.0 0.0 0.0 0.0 0.0 0.0 0.0 0.0
0.0 0.0 0.0 0.0 0.0 0.0 0.0 0.0 0.0 0.0 0.0 0.0 0.0 0.0 0.0 0.0 0.0 0.0 0.0 0.0 0.0 0.0 0.0 0.0 0.0 0.0 0.0 0.0 0.0 0.0 0.0 0.0 0.0 0.0 0.0 0.0 0.0 0.0 0.0 0.0 0.0 0.0 0.0 0.0 0.0 0.0 0.0 0.0 0.0 0.0 0.0 0.0 0.0 0.0 0.0 0.0 0.0 0.0 0.0 0.0 0.0 0.0 0.0 0.0 0.0 0.0 0.0 0.0 0.0 0.0 0.0 0.0 0.0 0.0 0.0 0.0 0.0 0.0
0.0 0.0 0.0 0.0 0.0 0.0 0.0 0.0 0.0 0.0 0.0 0.0 0.0 0.0 0.0 0.0 0.0 0.0 0.0 0.0 0.0 0.0 0.0 0.0 0.0 0.0 0.0 0.0 0.0 0.0 0.0 0.0 0.0 0.0 0.0 0.0 0.0 0.0 0.0 0.0 0.0 0.0 0.0 0.0 0.0 0.0 0.0 0.0 0.0 0.0 0.0 0.0 0.0 0.0 0.0 0.0 0.0 0.0 0.0 0.0 0.0 0.0 0.0 0.0 0.0 0.0 0.0 0.0 0.0 0.0 0.0 0.0 0.0 0.0 0.0 0.0 0.0 0.0
0.0 0.0 0.0 0.0 0.0 0.0 0.0 0.0 0.0 0.0 0.0 0.0 0.0 0.0 0.0 0.0 0.0 0.0 0.0 0.0 0.0 0.0 0.0 0.0 0.0 0.0 0.0 0.0 0.0 0.0 0.0 0.0 0.0 0.0 0.0 0.0 0.0 0.0 0.0 0.0 0.0 0.0 0.0 0.0 0.0 0.0 0.0 0.0 0.0 0.0 0.0 0.0 0.0 0.0 0.0 0.0 0.0 0.0 0.0 0.0 0.0 0.0 0.0 0.0 0.0 0.0 0.0 0.0 0.0 0.0 0.0 0.0 0.0 0.0 0.0 0.0 0.0 0.0
0.0 0.0 0.0 0.0 0.0 0.0 0.0 0.0 0.0 0.0 0.0 0.0 0.0 0.0 0.0 0.0 0.0 0.0 0.0 0.0 0.0 0.0 0.0 0.0 0.0 0.0 0.0 0.0 0.0 0.0 0.0 0.0 0.0 0.0 0.0 0.0 0.0 0.0 0.0 0.0 0.0 0.0 0.0 0.0 0.0 0.0 0.0 0.0 0.0 0.0 0.0 0.0 0.0 0.0 0.0 0.0 0.0 0.0 0.0 0.0 0.0 0.0 0.0 0.0 0.0 0.0 0.0 0.0 0.0 0.0 0.0 0.0 0.0 0.0 0.0 0.0 0.0 0.0
0.0 0.0 0.0 0.0 0.0 0.0 0.0 0.0 0.0 0.0 0.0 0.0 0.0 0.0 0.0 0.0 0.0 0.0 0.0 0.0 0.0 0.0 0.0 0.0 0.0 0.0 0.0 0.0 0.0 0.0 0.0 0.0 0.0 0.0 0.0 0.0 0.0 0.0 0.0 0.0 0.0 0.0 0.0 0.0 0.0 0.0 0.0 0.0 0.0 0.0 0.0 0.0 0.0 0.0 0.0 0.0 0.0 0.0 0.0 0.0 0.0 0.0 0.0 0.0 0.0 0.0 0.0 0.0 0.0 0.0 0.0 0.0 0.0 0.0 0.0 0.0 0.0 0.0
0.0 0.0 0.0 0.0 0.0 0.0 0.0 0.0 0.0 0.0 0.0 0.0 0.0 0.0 0.0 0.0 0.0 0.0 0.0 0.0 0.0 0.0 0.0 0.0 0.0 0.0 0.0 0.0 0.0 0.0 0.0 0.0 0.0 0.0 0.0 0.0 0.0 0.0 0.0 0.0 0.0 0.0 0.0 0.0 0.0 0.0 0.0 0.0 0.0 0.0 0.0 0.0 0.0 0.0 0.0 0.0 0.0 0.0 0.0 0.0 0.0 0.0 0.0 0.0 0.0 0.0 0.0 0.0 0.0 0.0 0.0 0.0 0.0 0.0 0.0 0.0 0.0 0.0
