test/irradianceVals.grid
nrows 679
ncols 839
cellsize 0.05
nodata_value 99999.9
[rows 245 to 279 of 679, columns 390 to 467 of 839]
29.07 28.67 28.04 28.05 28.86 29.04 28.36 27.46 26.36 26.14 26.33 26.92 25.94 25.41 26.17 25.78 27.07 26.5 26.95 26.72 26.9 27.47 27.85 28.07 27.57 26.88 26.33 26.62 27.12 26.86 25.06 24.35 23.48 22.74 22.81 22.96 23.48 23.05 22.5 22.86 23.18 22.98 21.98 21.49 21.99 22.31 23.13 22.25 21.91 21.05 21.9 22.27 22.65 22.46 21.9 22.33 22.16 22.26 22.81 23.34 22.76 23.29 23.89 23.33 23.84 25.43 26.74 26.42 25.61 25.58 26.16 26.35 26.77 26.99 26.96 26.96 26.92 25.67
29.4 28.41 28.0 28.41 28.41 29.26 28.64 27.71 27.6 26.89 26.75 27.25 26.84 25.31 27.17 26.71 26.65 27.0 27.28 26.62 26.47 27.31 27.83 27.73 27.77 27.1 26.34 26.37 26.67 26.85 26.73 24.98 24.72 23.94 22.41 22.48 22.95 23.9 23.54 23.54 22.9 23.42 22.87 22.17 21.41 21.48 21.99 22.3 22.22 21.59 21.53 21.95 22.93 23.06 22.07 22.0 22.21 22.0 22.15 22.38 21.94 23.12 22.8 22.67 23.56 24.96 24.79 24.98 25.22 25.81 26.04 26.33 27.02 26.72 26.77 26.47 26.45 26.11
29.39 28.94 28.6 28.83 28.72 29.27 28.24 28.08 27.89 27.57 26.65 27.33 27.72 26.97 26.61 26.34 27.12 27.13 27.05 26.84 26.95 26.93 27.15 27.01 26.92 27.07 26.39 27.07 26.39 26.02 26.5 26.25 25.42 24.99 23.39 23.34 23.0 23.53 23.14 23.66 23.13 23.62 23.71 23.51 22.32 21.78 21.72 22.08 22.11 22.03 21.74 21.72 22.57 22.64 22.18 22.29 22.51 22.33 21.95 22.0 21.42 21.85 22.79 23.11 23.64 24.36 24.49 23.65 24.53 25.35 25.75 26.17 26.77 26.94 26.45 25.95 26.49 26.44
28.9 28.96 28.64 29.43 28.36 29.34 29.26 29.24 28.24 28.39 27.38 27.26 27.06 26.63 26.36 26.81 27.45 27.31 26.9 26.68 27.03 26.43 26.37 25.88 26.64 26.56 27.09 26.92 27.21 27.04 26.76 26.66 26.05 25.37 24.75 24.54 24.17 23.81 23.06 23.55 22.99 22.94 23.52 24.1 23.48 23.39 22.18 22.26 22.59 23.27 22.43 21.98 21.99 22.45 21.81 21.78 22.14 22.23 21.74 21.47 20.79 21.14 21.45 22.86 22.66 23.49 24.2 23.83 24.32 24.81 24.7 24.98 25.39 25.8 25.9 25.59 26.14 26.27
29.99 29.03 28.89 29.48 28.82 29.34 29.27 28.87 29.39 28.73 28.43 28.32 28.12 27.14 26.72 26.8 26.93 27.56 27.38 26.72 27.05 26.91 27.03 26.4 26.36 26.19 26.96 26.77 26.08 26.26 26.34 26.52 25.7 25.7 25.19 25.73 25.99 25.06 24.37 23.71 24.07 22.25 22.75 23.37 23.31 23.36 22.84 22.49 23.25 23.28 23.43 23.13 23.08 22.69 22.65 22.0 22.48 22.39 21.15 20.94 19.87 20.5 20.62 22.05 21.92 22.72 23.34 23.7 23.88 24.38 23.95 23.16 23.31 23.78 24.6 25.54 25.6 25.59
29.36 29.82 28.63 29.81 29.19 29.72 29.78 28.89 29.19 28.86 29.21 28.98 28.78 28.03 28.17 26.92 27.03 27.14 28.01 27.39 27.48 26.99 26.55 25.76 25.88 25.64 26.99 26.75 26.21 25.54 25.6 25.89 24.62 25.56 25.53 26.46 26.5 26.07 25.68 24.98 23.44 22.22 22.63 22.69 22.54 22.58 23.52 23.3 23.62 23.04 23.48 23.22 23.19 22.94 22.79 22.55 23.41 22.89 21.97 21.59 20.89 20.17 20.71 21.07 21.09 22.14 23.01 22.97 22.73 23.49 23.06 22.59 22.94 23.45 24.05 24.85 24.27 24.75
29.49 29.15 29.34 29.84 29.87 29.76 29.13 28.74 29.31 28.54 29.24 29.25 28.73 28.75 28.61 27.6 27.04 27.3 26.74 28.12 27.98 27.34 26.46 26.23 25.66 25.2 26.74 27.43 26.73 26.07 26.24 26.2 25.41 25.14 25.73 25.92 26.55 26.36 25.73 25.36 24.83 23.89 23.79 23.8 23.53 22.84 23.02 23.15 23.41 23.26 23.48 23.23 23.02 23.25 22.74 23.04 23.47 23.35 23.01 22.3 21.81 21.15 21.14 20.8 20.59 21.45 22.51 22.48 22.36 22.79 22.21 21.37 21.69 22.75 23.98 24.62 23.63 23.88
29.0 29.8 29.24 29.64 29.86 29.6 29.63 30.02 29.53 29.14 29.52 29.37 29.52 29.11 27.98 28.09 26.91 26.76 28.08 27.32 27.23 27.68 27.2 26.59 25.39 25.87 26.35 26.56 27.47 27.42 26.98 26.86 26.1 25.76 26.12 26.53 26.94 26.66 25.98 25.31 24.98 24.64 24.53 23.36 23.23 21.96 22.2 22.08 22.43 22.63 22.61 22.6 22.2 21.97 21.44 22.5 23.36 23.33 23.23 22.93 22.61 21.49 21.64 21.07 20.46 21.28 21.88 22.04 21.3 22.22 21.97 21.33 21.37 21.62 23.09 23.97 23.51 22.66
29.48 29.26 28.5 29.14 29.78 29.35 29.33 29.99 29.9 29.99 29.5 29.48 29.36 28.5 28.4 28.47 27.76 27.72 27.92 27.17 27.52 26.66 26.96 26.97 26.1 26.21 26.79 26.31 27.26 28.0 27.31 27.18 26.8 26.62 26.88 26.95 27.22 27.0 26.59 25.85 25.5 24.92 24.81 24.74 24.02 23.33 22.64 21.55 22.31 22.33 22.31 22.56 21.97 22.01 22.09 22.26 22.82 23.4 23.27 22.79 22.43 22.18 22.68 21.74 22.04 21.5 21.64 21.73 21.51 20.93 21.0 20.8 21.25 21.82 22.51 23.18 23.35 23.51
28.32 29.98 29.57 29.63 30.12 29.22 29.36 29.82 29.52 30.14 29.8 29.51 29.57 29.65 29.71 28.94 28.1 28.51 28.72 27.81 26.98 27.2 27.2 27.71 26.53 25.92 26.14 26.74 26.95 26.95 27.71 27.29 27.25 26.79 26.67 26.66 27.06 26.83 27.09 26.45 25.8 25.61 25.25 24.55 24.93 25.03 23.33 22.66 22.46 22.29 21.95 22.06 21.78 22.36 22.85 22.6 22.57 22.75 23.16 23.23 22.41 22.32 22.73 22.38 22.71 22.64 22.68 21.56 23.0 22.04 21.18 20.86 21.54 21.31 22.01 22.13 22.57 22.71
28.46 29.82 27.8 29.16 28.73 29.44 29.69 29.43 29.93 29.37 30.0 29.84 29.72 29.53 29.78 29.97 29.52 29.53 29.02 28.28 28.19 27.69 27.61 27.94 26.96 26.17 25.48 26.49 27.17 26.7 26.27 27.72 27.01 26.67 27.13 27.47 26.74 26.65 26.65 26.94 26.47 26.02 25.83 25.08 24.26 25.36 25.31 24.17 22.64 22.2 21.54 21.38 21.02 21.72 22.01 21.95 21.67 21.59 22.44 22.51 22.11 22.11 22.35 22.0 22.85 23.41 23.63 22.91 23.1 22.99 22.65 22.34 22.72 21.36 21.44 21.89 21.68 21.44
28.93 29.19 28.44 29.33 28.81 29.72 29.72 29.66 29.51 29.19 29.95 30.05 29.92 29.8 29.81 29.79 29.52 29.64 29.35 28.88 28.44 28.33 28.05 27.08 27.61 27.25 27.09 26.81 26.94 26.6 25.56 26.57 26.42 26.37 26.73 27.23 27.2 26.63 26.21 26.89 26.43 26.15 26.12 25.72 25.23 25.79 26.16 25.26 24.07 22.95 22.69 21.78 20.32 20.33 21.01 21.09 20.64 20.94 21.63 22.38 22.98 22.75 22.44 22.24 22.51 22.55 23.5 23.66 24.44 24.3 23.67 22.64 23.5 22.33 21.78 22.03 22.21 22.21
28.45 28.88 29.13 28.85 29.55 29.21 28.6 29.05 29.58 29.06 30.22 29.92 29.98 30.14 29.97 29.76 30.02 29.75 29.24 29.15 28.56 28.15 28.0 27.76 27.92 28.06 27.58 27.69 27.85 27.01 26.3 26.59 27.11 26.27 26.16 27.28 27.53 27.26 26.27 26.83 26.53 26.44 26.44 26.65 26.48 26.25 26.25 25.99 25.39 24.81 23.86 23.72 21.24 21.28 21.13 21.3 20.58 20.21 21.09 21.75 22.67 23.02 22.87 22.91 22.14 22.63 23.07 23.51 24.26 24.33 24.23 23.28 22.79 23.09 23.07 22.79 22.84 23.59
29.94 29.37 29.56 29.69 30.03 30.03 29.84 29.46 29.69 29.45 29.98 29.92 29.67 29.68 29.75 30.16 30.24 30.04 29.79 29.01 29.27 28.93 28.26 27.58 27.95 28.02 27.77 28.37 27.93 27.5 27.07 26.65 27.63 26.55 25.26 25.83 26.29 27.06 27.37 27.38 27.07 26.44 26.47 26.94 26.85 26.79 26.77 26.85 26.37 25.63 24.79 25.35 23.62 23.26 23.17 22.75 21.43 20.32 20.76 20.66 21.66 22.41 21.89 22.54 22.51 22.96 23.6 23.68 24.04 24.41 24.55 23.76 22.89 23.76 23.76 23.71 23.57 23.94
29.95 29.94 29.36 29.76 30.09 29.57 29.7 29.67 29.77 29.32 30.24 30.28 30.45 29.74 29.86 30.01 30.36 30.34 30.08 29.72 29.64 29.35 28.97 27.69 27.4 27.65 28.0 28.16 28.27 27.13 26.97 26.94 26.91 26.55 25.59 25.0 25.06 25.8 26.53 26.82 26.35 26.11 25.79 26.52 26.73 26.77 26.4 26.94 26.63 25.37 25.06 26.33 26.02 25.77 25.18 24.63 22.6 21.16 20.78 20.09 20.72 20.51 21.39 22.6 22.76 23.39 23.88 23.61 23.83 24.19 24.3 24.08 24.01 23.84 24.11 23.99 23.82 24.38
29.32 29.73 30.15 28.64 29.97 29.63 29.7 30.19 29.57 29.55 29.84 30.22 30.57 30.13 29.83 29.94 29.96 29.98 30.02 29.85 29.94 29.67 29.37 29.21 28.39 27.78 27.67 28.29 28.05 27.61 27.82 27.37 27.38 26.8 26.54 25.5 24.52 24.76 25.1 25.08 26.25 26.36 27.07 26.79 26.38 26.88 26.05 26.2 26.46 26.32 25.87 26.71 26.62 26.37 25.66 25.52 24.58 23.23 21.95 20.95 20.08 19.05 20.1 21.54 22.67 23.13 23.87 24.09 23.92 24.04 24.21 24.18 24.34 24.19 24.14 23.97 23.53 23.53
29.24 29.35 29.42 29.05 29.74 29.34 29.91 29.7 29.84 29.84 29.73 29.96 30.16 30.4 29.99 29.97 29.81 29.86 29.86 29.87 29.95 29.81 29.62 29.66 29.37 28.72 28.37 28.7 28.29 27.44 27.91 28.15 27.92 27.34 26.97 26.3 25.79 25.11 24.33 24.13 25.31 26.72 27.49 27.26 26.7 26.7 25.73 26.06 26.28 26.6 26.2 25.97 25.98 26.69 26.43 25.79 25.81 24.52 24.05 23.18 21.37 20.93 20.22 20.22 21.6 22.46 23.05 23.39 23.36 23.89 23.46 23.37 23.59 23.67 23.43 23.72 23.13 23.09
29.56 29.83 29.88 29.83 29.93 29.84 29.96 29.66 29.78 30.22 29.75 30.02 30.27 30.03 30.13 30.11 30.16 29.88 29.92 30.11 30.11 29.85 29.69 29.88 29.93 29.88 29.58 29.16 28.75 27.92 28.12 27.79 27.43 27.52 26.89 26.07 26.95 26.61 24.92 24.44 24.56 25.52 26.37 26.33 25.81 26.3 25.92 26.39 25.45 26.09 25.92 25.47 24.95 26.18 26.73 26.49 26.46 26.52 25.55 24.71 24.05 22.53 21.81 20.38 20.17 21.23 22.11 22.82 23.17 23.31 23.37 23.37 23.16 23.78 23.85 23.97 23.46 22.69
29.49 29.58 29.96 29.97 29.82 29.81 29.56 29.75 29.9 29.94 29.68 29.97 30.0 29.89 30.18 30.11 30.05 30.25 29.97 30.12 29.99 29.85 29.7 29.84 30.07 30.12 30.07 29.63 29.04 28.11 28.16 27.73 27.13 27.24 26.96 26.93 26.92 27.57 26.85 24.66 25.06 26.16 26.27 25.69 25.45 25.53 25.44 25.88 25.79 26.27 26.44 25.05 24.57 24.98 25.75 26.64 27.11 27.12 26.33 25.91 25.42 23.94 23.43 21.93 21.66 21.38 21.94 21.97 21.93 21.71 22.43 23.25 23.6 23.82 23.71 23.39 23.04 23.15
28.52 29.41 29.6 29.98 29.99 30.11 29.79 30.04 29.98 29.54 30.0 29.74 30.1 29.75 29.98 30.05 30.16 30.43 30.27 30.1 29.88 29.89 29.89 29.93 30.08 29.99 30.07 29.79 29.63 29.32 28.8 28.45 27.69 27.39 27.31 27.4 27.78 27.59 27.41 26.55 25.99 26.26 27.76 27.4 26.24 25.63 24.55 25.47 26.18 26.14 26.43 25.78 25.28 25.61 25.54 26.41 27.11 26.55 27.19 27.16 26.41 25.27 25.29 23.61 22.43 22.33 22.79 22.85 22.29 22.12 21.72 22.3 22.88 23.2 23.38 23.13 23.18 23.49
29.34 29.58 29.85 29.69 30.01 29.99 29.95 29.95 30.09 30.11 29.98 29.77 29.58 29.69 29.95 30.15 30.12 30.17 30.31 30.07 30.07 29.96 29.93 30.02 30.07 29.63 29.76 29.58 29.46 29.61 29.31 29.11 28.44 28.03 27.91 27.53 28.45 28.0 27.43 27.24 26.99 26.8 27.47 27.09 25.94 26.36 24.41 24.64 26.01 26.11 26.35 25.71 25.46 25.46 25.54 25.17 25.31 26.26 27.08 27.39 27.06 26.46 25.76 25.77 24.71 23.62 23.8 24.15 23.02 22.41 21.34 21.69 22.3 22.48 22.38 22.78 23.29 23.6
29.51 29.22 29.73 29.86 29.84 30.0 29.9 30.04 30.13 30.17 30.09 30.07 30.3 30.1 30.11 30.09 30.15 30.47 30.38 30.15 30.03 29.94 30.04 29.96 29.91 29.78 29.75 29.52 29.48 29.9 29.65 29.71 29.29 29.01 28.01 27.7 28.12 28.48 28.0 27.82 27.42 26.96 26.96 26.41 25.99 26.53 25.19 24.94 25.27 25.18 25.61 25.55 25.28 25.59 26.29 26.13 24.94 25.68 26.29 26.9 26.52 26.5 26.12 26.61 26.38 25.42 24.87 24.71 23.81 22.74 22.42 21.88 22.45 21.97 21.61 22.62 22.94 23.29
29.23 29.37 29.85 30.15 29.83 30.04 30.29 30.33 30.24 30.27 30.26 30.11 30.02 30.11 30.07 29.89 30.03 29.95 29.99 30.17 30.23 30.03 29.92 30.13 30.13 30.06 30.06 29.95 29.63 29.64 29.61 29.94 29.64 29.46 28.63 28.62 27.91 27.88 28.01 27.9 27.23 26.96 27.12 27.07 26.7 26.74 26.04 25.9 25.29 25.04 25.26 25.12 25.61 26.43 26.28 26.78 26.34 25.75 24.74 25.41 26.31 26.5 26.18 26.23 25.83 25.74 25.71 25.24 25.31 24.65 23.98 22.29 23.28 22.68 21.92 21.94 22.46 22.69
29.49 29.62 29.65 29.21 30.21 30.04 29.66 30.12 30.36 30.38 30.39 30.34 30.27 29.94 29.89 29.94 30.06 30.09 29.87 29.85 30.02 30.06 30.19 30.08 30.11 29.97 29.83 29.74 29.74 29.76 29.64 29.56 29.79 29.61 29.09 28.94 28.36 27.43 27.68 27.3 27.09 26.53 27.26 27.1 26.91 26.57 26.13 26.32 25.98 25.78 26.27 25.6 25.41 25.85 25.77 26.2 26.19 26.42 24.71 24.69 25.83 26.48 25.9 25.49 25.03 25.33 25.14 25.66 25.55 25.1 25.83 24.94 24.53 23.67 22.46 22.34 22.33 22.61
29.59 29.96 29.78 29.68 30.04 30.29 30.22 30.1 30.26 30.37 30.36 30.38 30.28 30.3 30.02 30.21 30.07 30.07 30.15 30.05 30.0 29.94 30.17 30.31 30.17 30.09 29.84 29.91 29.88 29.71 29.58 29.57 29.72 29.57 29.51 29.39 29.03 27.81 27.26 26.9 27.13 27.05 27.08 27.21 27.4 27.4 26.48 26.33 25.43 25.94 26.41 25.46 24.65 25.19 25.69 25.35 24.91 25.5 25.16 24.53 24.66 25.23 25.18 24.66 24.43 24.94 25.35 26.34 26.11 25.85 26.3 25.96 25.99 25.67 24.07 22.91 22.61 22.71
29.55 30.17 29.88 29.76 30.26 30.25 30.22 30.29 30.17 30.31 30.31 30.31 30.4 30.36 30.18 30.22 30.23 30.19 30.15 30.16 30.36 30.19 29.8 30.1 30.41 30.03 29.94 29.87 30.07 30.01 29.79 29.79 29.89 29.69 29.69 29.96 29.44 28.74 28.19 27.49 27.2 27.58 27.6 27.41 27.22 27.9 27.56 27.15 26.54 25.96 25.74 25.06 24.52 24.9 25.37 25.17 24.92 25.06 26.11 25.65 25.21 24.95 24.16 23.39 24.54 24.71 24.5 24.44 24.68 24.22 25.32 25.99 26.53 26.32 25.72 25.06 23.92 23.09
30.03 30.27 30.11 29.96 30.22 30.34 30.24 30.28 30.17 30.2 30.27 30.4 30.46 30.44 30.4 30.3 30.29 30.18 29.96 29.96 30.18 30.05 30.1 30.2 30.13 30.07 30.11 30.09 30.27 30.17 30.01 30.18 30.14 29.87 29.91 29.94 29.65 29.12 28.59 28.26 27.95 28.07 27.69 27.07 26.97 27.67 27.57 27.12 27.07 26.99 26.06 24.99 24.58 24.51 23.95 25.0 25.68 25.53 26.53 26.36 25.25 24.78 23.66 23.59 24.24 23.28 23.58 23.4 23.48 23.99 23.94 25.71 26.45 26.68 26.21 26.34 26.04 24.94
30.31 30.39 30.21 30.11 30.15 30.28 30.4 30.38 30.44 30.22 30.24 30.3 30.36 30.44 30.45 30.37 30.27 30.11 30.09 30.17 30.12 30.08 30.09 30.21 30.2 30.11 30.05 30.12 30.3 30.44 30.26 30.21 30.16 30.0 30.05 30.08 29.91 29.75 29.59 29.0 28.75 28.48 28.19 28.05 27.95 27.88 27.55 27.75 27.13 27.1 26.53 26.01 26.17 25.14 24.16 25.31 26.08 26.47 26.81 26.22 26.04 25.52 24.3 24.05 24.63 24.2 23.88 24.1 23.21 23.55 23.86 24.46 25.37 25.84 25.85 25.68 25.81 25.64
30.53 30.43 30.43 30.28 30.21 30.08 30.4 30.36 30.3 30.45 30.36 30.15 30.2 30.24 30.42 30.48 30.42 30.47 30.3 30.24 30.25 30.15 30.17 30.11 29.98 30.07 30.13 30.25 30.25 30.35 30.3 30.36 30.12 29.98 29.94 29.76 29.8 30.02 30.06 29.73 29.34 28.65 28.8 28.56 28.27 28.26 27.92 27.82 27.32 27.19 26.5 26.86 27.21 26.61 25.99 25.34 25.75 25.62 26.17 26.13 26.08 26.11 24.78 24.19 25.01 24.58 25.16 24.9 24.2 24.01 23.73 23.32 24.47 24.95 25.41 25.82 26.42 26.02
30.37 30.63 30.45 30.51 30.44 30.24 30.37 30.31 30.38 30.4 30.5 30.53 30.35 30.43 30.48 30.51 30.47 30.45 30.28 30.2 30.09 30.02 30.15 30.17 30.13 29.8 29.86 30.0 30.03 30.15 30.16 30.19 30.43 30.36 30.27 29.97 29.79 29.95 29.9 29.74 29.52 29.16 29.02 28.93 28.76 28.97 28.69 28.0 27.34 27.56 26.56 26.55 26.87 27.29 26.86 26.96 27.05 25.85 25.4 26.54 26.1 25.55 25.55 24.24 24.07 24.65 25.84 26.19 25.19 25.12 24.22 23.86 24.6 24.12 24.7 25.17 26.05 26.57
29.94 30.29 30.33 30.36 30.45 30.47 30.49 30.23 30.2 30.28 30.37 30.44 30.4 30.44 30.45 30.46 30.43 30.34 30.33 30.23 30.04 30.06 30.04 30.11 30.04 29.86 29.81 30.09 30.1 30.1 30.18 30.1 30.1 29.99 30.09 30.02 30.27 30.0 30.0 29.96 29.78 29.43 29.07 29.08 29.19 28.9 28.73 28.37 27.87 27.65 27.14 26.44 26.79 27.32 26.75 26.57 27.17 26.51 26.05 26.19 25.16 25.64 25.73 24.85 24.64 25.12 26.07 26.29 25.04 24.94 25.0 25.17 24.3 23.7 23.75 24.33 24.88 25.21
30.21 30.26 30.32 30.34 30.29 30.21 30.47 30.39 30.36 30.26 30.29 30.38 30.41 30.41 30.39 30.45 30.5 30.37 30.25 30.24 30.19 30.09 30.13 30.09 29.97 29.88 29.84 29.82 29.99 29.94 30.1 30.02 30.1 29.93 29.91 29.95 30.06 29.97 30.12 30.24 29.99 29.49 29.33 29.54 29.51 29.32 29.13 28.91 28.39 28.43 27.97 27.41 27.77 27.69 26.69 26.92 27.73 27.64 27.26 26.89 25.09 24.99 24.55 24.61 25.42 25.38 25.36 25.02 24.98 24.32 26.01 26.15 25.16 24.12 23.77 24.08 24.17 24.05
30.22 30.26 30.32 30.49 30.41 30.37 30.32 30.51 30.54 30.56 30.48 30.42 30.4 30.41 30.43 30.39 30.45 30.49 30.25 30.2 30.2 30.22 30.34 30.42 30.26 30.19 30.12 30.05 30.07 30.13 30.17 29.98 30.03 29.96 29.6 29.74 29.99 30.16 30.21 30.09 30.0 30.12 30.04 30.03 29.72 29.48 29.58 29.5 28.99 28.73 27.97 28.05 28.45 28.24 27.9 27.31 27.12 27.05 27.09 27.06 26.25 24.96 24.32 23.92 25.31 25.7 24.71 24.95 24.85 23.92 24.57 26.17 26.28 25.62 25.12 23.66 22.99 22.98
30.18 30.11 30.23 30.14 30.34 30.04 30.34 30.54 30.6 30.54 30.57 30.48 30.46 30.45 30.41 30.29 30.47 30.51 30.36 30.24 30.19 30.18 30.32 30.37 30.52 30.35 30.25 30.22 30.16 30.3 30.22 30.28 29.84 29.86 29.92 29.96 30.01 30.21 30.23 30.05 29.79 29.72 29.61 30.08 29.69 29.38 29.64 29.76 29.6 29.11 28.51 28.35 28.5 28.37 28.27 28.02 27.17 26.61 26.79 27.15 26.98 26.6 24.92 24.12 25.09 25.74 25.3 25.83 25.74 25.46 24.87 26.09 26.72 27.08 26.95 25.12 23.43 22.76
30.14 30.33 30.21 30.18 30.25 30.26 30.2 30.27 30.44 30.55 30.54 30.57 30.43 30.51 30.43 30.38 30.44 30.42 30.44 30.36 30.11 30.12 30.34 30.34 30.45 30.5 30.51 30.39 30.33 30.28 30.28 30.32 29.81 30.11 30.13 30.28 30.16 30.24 30.28 30.24 30.09 30.15 29.95 30.05 29.74 29.44 29.57 29.7 29.61 29.41 29.11 28.62 28.24 27.98 28.54 28.53 27.93 26.4 26.65 26.32 26.75 27.09 26.11 25.25 25.79 25.25 25.61 26.03 26.48 26.73 26.25 25.58 26.61 26.9 27.01 26.51 24.14 22.97
