main/data/irradiance/01.06.2023.grid
ncols 839
nrows 679
xllcenter 112.0500
yllcenter -43.9500
cellsize 0.0500
nodata_value 99999.90
[rows 136 to 169 of 679, columns 385 to 461 of 839]
18.53 18.55 18.59 18.64 18.66 18.76 18.76 18.79 18.77 18.77 18.79 18.77 18.86 18.80 18.79 18.79 18.81 18.80 18.80 18.80 18.76 18.75 18.80 18.80 18.82 18.79 18.77 18.79 18.80 18.68 18.76 18.79 18.78 18.72 18.72 18.59 18.75 18.73 18.73 18.78 18.67 18.57 18.68 18.85 18.85 18.81 18.78 18.75 18.80 18.81 18.82 18.80 18.80 18.77 18.80 18.82 18.82 18.83 18.84 18.82 18.77 18.75 18.79 18.79 18.78 18.70 18.74 18.77 18.77 18.75 18.82 18.83 18.83 18.78 18.78 18.73 18.74
18.64 18.48 18.57 18.65 18.64 18.75 18.74 18.73 18.73 18.78 18.78 18.80 18.81 18.77 18.79 18.78 18.77 18.74 18.77 18.80 18.78 18.77 18.76 18.74 18.78 18.74 18.74 18.76 18.76 18.75 18.75 18.76 18.76 18.73 18.76 18.67 18.65 18.73 18.72 18.61 18.55 18.62 18.82 18.80 18.72 18.73 18.75 18.71 18.78 18.78 18.78 18.76 18.73 18.72 18.82 18.82 18.80 18.80 18.79 18.81 18.77 18.77 18.75 18.72 18.69 18.67 18.75 18.73 18.73 18.73 18.75 18.79 18.80 18.76 18.76 18.76 18.73
18.61 18.53 18.64 18.63 18.68 18.76 18.75 18.76 18.76 18.76 18.77 18.74 18.74 18.74 18.76 18.74 18.75 18.75 18.79 18.81 18.80 18.75 18.71 18.71 18.76 18.76 18.71 18.75 18.78 18.75 18.75 18.74 18.76 18.77 18.75 18.50 18.53 18.46 18.54 18.46 18.35 18.60 18.78 18.74 18.75 18.74 18.74 18.76 18.73 18.70 18.73 18.73 18.74 18.68 18.81 18.81 18.79 18.77 18.77 18.77 18.75 18.74 18.69 18.65 18.69 18.71 18.65 18.68 18.66 18.70 18.72 18.71 18.73 18.73 18.73 18.73 18.68
18.50 18.55 18.60 18.64 18.71 18.77 18.78 18.79 18.78 18.72 18.74 18.73 18.72 18.71 18.74 18.71 18.73 18.75 18.71 18.71 18.73 18.71 18.70 18.69 18.73 18.78 18.75 18.73 18.74 18.76 18.77 18.76 18.78 18.78 18.73 18.69 18.62 18.33 18.40 18.25 18.20 18.50 18.70 18.73 18.72 18.71 18.74 18.71 18.72 18.66 18.74 18.77 18.77 18.65 18.79 18.81 18.80 18.79 18.77 18.73 18.72 18.67 18.69 18.67 18.69 18.67 18.64 18.70 18.72 18.68 18.71 18.72 18.70 18.73 18.73 18.72 18.63
18.48 18.50 18.56 18.64 18.70 18.72 18.77 18.76 18.74 18.70 18.70 18.73 18.70 18.70 18.69 18.65 18.68 18.69 18.67 18.66 18.69 18.67 18.69 18.73 18.74 18.75 18.75 18.73 18.73 18.72 18.74 18.75 18.74 18.71 18.68 18.71 18.64 18.15 18.64 18.47 18.22 18.22 18.49 18.71 18.73 18.72 18.70 18.70 18.70 18.71 18.74 18.76 18.72 18.67 18.69 18.64 18.61 18.68 18.75 18.72 18.69 18.68 18.68 18.73 18.69 18.67 18.70 18.70 18.70 18.55 18.65 18.71 18.70 18.69 18.65 18.71 18.70
18.48 18.49 18.53 18.56 18.62 18.66 18.72 18.73 18.73 18.69 18.68 18.70 18.68 18.67 18.65 18.64 18.63 18.66 18.66 18.66 18.71 18.65 18.68 18.70 18.66 18.69 18.68 18.70 18.67 18.68 18.67 18.68 18.72 18.64 18.69 18.72 18.46 18.03 18.43 18.41 18.26 18.15 18.20 18.67 18.67 18.68 18.72 18.72 18.69 18.69 18.72 18.75 18.75 18.59 18.49 18.51 18.54 18.52 18.56 18.71 18.65 18.66 18.67 18.70 18.73 18.71 18.71 18.64 18.43 18.57 18.69 18.65 18.67 18.66 18.63 18.63 18.70
18.44 18.42 18.44 18.47 18.52 18.63 18.73 18.70 18.69 18.66 18.66 18.66 18.66 18.65 18.63 18.63 18.61 18.61 18.65 18.67 18.69 18.70 18.71 18.68 18.71 18.72 18.67 18.69 18.66 18.66 18.66 18.64 18.70 18.68 18.66 18.69 18.67 18.64 18.72 18.59 18.56 18.36 18.28 18.54 18.69 18.68 18.69 18.69 18.70 18.65 18.46 18.55 18.47 18.33 18.54 18.73 18.71 18.49 18.19 18.38 18.51 18.67 18.70 18.72 18.68 18.62 18.61 18.45 18.35 18.65 18.62 18.58 18.63 18.59 18.57 18.62 18.66
18.42 18.37 18.45 18.41 18.45 18.65 18.69 18.65 18.62 18.64 18.64 18.60 18.60 18.60 18.61 18.60 18.60 18.57 18.60 18.62 18.63 18.67 18.67 18.64 18.64 18.68 18.63 18.69 18.64 18.62 18.62 18.63 18.66 18.66 18.64 18.66 18.58 18.57 18.64 18.48 18.68 18.59 18.45 18.47 18.71 18.62 18.61 18.62 18.47 18.46 18.49 18.71 18.55 18.52 18.69 18.71 18.67 18.67 18.50 18.24 18.28 18.69 18.66 18.43 18.49 18.52 18.46 18.56 18.70 18.67 18.59 18.59 18.58 18.61 18.61 18.60 18.61
18.43 18.40 18.36 18.41 18.46 18.63 18.68 18.66 18.62 18.59 18.60 18.59 18.58 18.58 18.56 18.54 18.52 18.55 18.58 18.58 18.57 18.59 18.58 18.59 18.62 18.62 18.61 18.61 18.59 18.58 18.56 18.53 18.58 18.55 18.57 18.59 18.55 18.58 18.58 18.18 18.53 18.65 18.65 18.48 18.50 18.45 18.50 18.46 18.52 18.55 18.67 18.64 18.67 18.67 18.68 18.67 18.62 18.66 18.63 18.53 18.29 18.52 18.51 18.42 18.32 18.37 18.53 18.63 18.60 18.65 18.60 18.57 18.62 18.63 18.61 18.51 18.49
18.39 18.31 18.32 18.41 18.44 18.64 18.72 18.63 18.59 18.58 18.59 18.63 18.61 18.59 18.57 18.52 18.52 18.53 18.52 18.53 18.50 18.55 18.56 18.56 18.57 18.54 18.56 18.57 18.58 18.57 18.58 18.52 18.47 18.54 18.53 18.53 18.54 18.53 18.31 18.34 18.32 18.59 18.50 18.45 18.29 18.52 18.62 18.59 18.61 18.63 18.63 18.59 18.64 18.50 18.54 18.53 18.68 18.65 18.67 18.64 18.52 18.27 18.29 18.20 18.28 18.41 18.60 18.59 18.58 18.56 18.56 18.56 18.58 18.58 18.53 18.53 18.52
18.36 18.35 18.36 18.41 18.43 18.58 18.67 18.66 18.61 18.61 18.59 18.57 18.56 18.57 18.59 18.53 18.51 18.48 18.49 18.48 18.48 18.52 18.50 18.49 18.45 18.47 18.51 18.53 18.52 18.55 18.55 18.53 18.51 18.52 18.54 18.54 18.57 18.58 18.58 18.52 18.53 18.46 18.36 18.40 18.02 18.61 18.58 18.46 18.54 18.53 18.59 18.50 18.16 18.04 18.12 18.12 18.42 18.58 18.67 18.66 18.63 18.26 18.08 17.96 18.17 18.55 18.57 18.60 18.55 18.54 18.49 18.49 18.48 18.47 18.50 18.46 18.34
18.30 18.31 18.41 18.35 18.39 18.55 18.67 18.71 18.64 18.60 18.59 18.57 18.55 18.57 18.57 18.58 18.49 18.45 18.47 18.53 18.48 18.45 18.51 18.48 18.39 18.46 18.46 18.50 18.44 18.46 18.53 18.52 18.50 18.53 18.55 18.53 18.56 18.52 18.57 18.57 18.50 18.42 18.37 18.44 17.70 18.56 18.54 18.57 18.56 18.50 18.50 18.59 18.48 18.16 17.96 18.00 18.03 17.99 18.51 18.64 18.62 18.48 17.94 17.85 18.09 18.40 18.50 18.50 18.53 18.52 18.50 18.50 18.51 18.49 18.48 18.33 18.46
18.31 18.27 18.31 18.42 18.44 18.55 18.69 18.67 18.72 18.64 18.55 18.59 18.57 18.54 18.53 18.57 18.50 18.43 18.46 18.46 18.50 18.50 18.53 18.47 18.44 18.39 18.42 18.44 18.48 18.50 18.50 18.54 18.51 18.51 18.54 18.55 18.58 18.54 18.52 18.47 18.46 18.37 18.37 18.57 17.72 18.34 18.58 18.56 18.55 18.50 18.47 18.50 18.53 18.40 18.01 18.00 17.97 18.03 18.05 18.60 18.60 18.42 18.08 18.20 18.34 18.06 18.36 18.46 18.45 18.50 18.50 18.51 18.52 18.49 18.48 18.49 18.50
18.22 18.35 18.39 18.31 18.45 18.53 18.62 18.67 18.68 18.57 18.59 18.59 18.55 18.51 18.56 18.55 18.51 18.48 18.48 18.51 18.53 18.56 18.53 18.52 18.46 18.38 18.39 18.45 18.50 18.53 18.51 18.55 18.54 18.56 18.52 18.55 18.57 18.54 18.52 18.47 18.45 18.43 18.35 18.53 18.41 18.14 18.43 18.52 18.52 18.49 18.26 18.33 18.31 18.24 18.06 18.03 17.93 17.97 18.01 18.50 18.58 18.44 18.44 18.57 18.50 17.98 18.07 18.40 18.47 18.50 18.52 18.51 18.53 18.51 18.51 18.51 18.50
18.24 18.40 18.23 18.09 18.32 18.43 18.52 18.57 18.56 18.49 18.52 18.51 18.49 18.52 18.51 18.52 18.52 18.52 18.54 18.55 18.57 18.57 18.51 18.51 18.47 18.44 18.46 18.48 18.49 18.49 18.53 18.48 18.50 18.51 18.49 18.55 18.52 18.44 18.42 18.40 18.34 18.34 18.20 18.38 18.46 18.32 18.34 18.18 18.21 18.27 18.01 18.08 18.06 18.09 18.03 17.93 17.97 18.03 18.00 18.15 18.45 18.46 18.55 18.49 18.46 18.22 17.92 18.10 18.38 18.35 18.42 18.46 18.48 18.47 18.42 18.44 18.45
18.44 18.46 18.11 17.90 17.99 18.39 18.50 18.52 18.50 18.47 18.48 18.51 18.48 18.54 18.52 18.48 18.51 18.55 18.52 18.51 18.53 18.55 18.54 18.52 18.50 18.53 18.53 18.50 18.49 18.55 18.52 18.49 18.49 18.54 18.39 18.45 18.46 18.42 18.39 18.36 18.37 18.33 18.25 18.25 18.35 18.44 18.40 18.31 18.25 18.04 17.83 17.92 18.14 18.37 18.32 17.94 17.89 17.90 17.91 18.27 18.35 18.46 18.49 18.46 18.45 18.40 18.12 17.95 18.17 18.07 18.22 18.38 18.36 18.42 18.43 18.43 18.39
18.52 18.48 18.08 17.84 18.00 18.41 18.48 18.50 18.49 18.50 18.49 18.49 18.49 18.50 18.47 18.46 18.52 18.48 18.47 18.44 18.49 18.51 18.52 18.51 18.51 18.54 18.51 18.50 18.49 18.53 18.54 18.54 18.50 18.51 18.42 18.47 18.49 18.45 18.41 18.33 18.35 18.36 18.33 18.09 18.15 18.44 18.51 18.44 18.27 17.87 17.81 18.01 18.20 18.45 18.41 18.35 18.04 17.95 17.91 18.19 18.11 18.37 18.43 18.42 18.40 18.42 18.43 18.06 18.05 18.10 18.15 18.29 18.38 18.36 18.22 18.31 18.38
18.49 18.37 18.40 18.08 18.29 18.45 18.49 18.50 18.50 18.50 18.51 18.48 18.49 18.47 18.48 18.46 18.52 18.52 18.52 18.46 18.45 18.51 18.51 18.51 18.55 18.54 18.51 18.46 18.51 18.55 18.55 18.57 18.51 18.53 18.52 18.49 18.46 18.40 18.36 18.36 18.31 18.21 18.25 18.09 18.15 18.52 18.52 18.53 18.16 18.17 17.93 18.17 18.30 18.38 18.37 18.33 18.32 18.27 17.87 17.84 17.97 18.38 18.38 18.41 18.40 18.41 18.39 18.37 18.31 18.35 18.28 18.22 18.27 18.36 18.20 17.96 18.34
18.44 18.31 18.41 18.40 18.42 18.47 18.48 18.51 18.50 18.50 18.49 18.49 18.48 18.48 18.47 18.44 18.43 18.48 18.51 18.51 18.50 18.49 18.51 18.51 18.53 18.53 18.51 18.53 18.54 18.54 18.54 18.52 18.56 18.50 18.52 18.50 18.45 18.41 18.36 18.28 18.18 18.08 18.25 18.25 18.15 18.43 18.43 18.54 18.29 18.03 18.19 18.21 18.43 18.43 18.41 18.39 18.25 18.37 18.18 18.28 18.33 18.35 18.37 18.38 18.39 18.39 18.34 18.31 18.21 18.31 18.36 18.33 18.39 18.31 18.28 18.32 18.35
18.49 18.36 18.38 18.37 18.39 18.43 18.43 18.46 18.47 18.48 18.49 18.48 18.51 18.53 18.50 18.49 18.49 18.48 18.47 18.46 18.49 18.50 18.51 18.51 18.52 18.52 18.51 18.51 18.51 18.51 18.51 18.50 18.52 18.47 18.48 18.50 18.47 18.43 18.34 18.25 18.15 18.21 18.21 18.09 18.19 18.19 18.19 18.50 18.44 18.03 18.25 18.39 18.50 18.45 18.37 18.37 18.30 18.37 18.37 18.30 18.33 18.32 18.37 18.35 18.36 18.34 18.23 18.10 18.26 18.32 18.28 18.32 18.27 18.33 18.30 18.34 18.31
18.40 18.32 18.38 18.40 18.43 18.41 18.40 18.42 18.45 18.46 18.49 18.50 18.49 18.51 18.50 18.51 18.50 18.50 18.50 18.48 18.47 18.47 18.48 18.47 18.50 18.52 18.52 18.50 18.50 18.50 18.49 18.51 18.53 18.50 18.47 18.49 18.40 18.40 18.41 18.28 18.09 18.33 18.09 18.09 18.09 18.19 18.19 18.40 18.48 18.25 18.37 18.25 18.35 18.38 18.10 17.93 17.88 18.07 18.24 18.36 18.11 18.02 18.10 18.22 18.13 18.01 18.01 18.09 18.09 18.26 18.26 18.23 18.15 18.26 18.30 18.34 18.28
18.41 18.38 18.41 18.46 18.43 18.41 18.42 18.40 18.42 18.44 18.49 18.50 18.49 18.48 18.49 18.49 18.48 18.47 18.49 18.50 18.51 18.52 18.45 18.44 18.47 18.49 18.50 18.49 18.47 18.47 18.50 18.49 18.48 18.48 18.46 18.42 18.37 18.41 18.39 18.26 18.20 18.33 18.09 18.09 18.09 18.04 18.04 18.28 18.46 18.44 18.15 18.06 17.89 18.01 17.82 17.91 17.85 17.96 17.95 17.92 17.88 17.89 18.05 17.97 18.15 18.14 18.02 17.94 17.88 18.06 18.14 18.09 18.08 18.21 18.19 18.06 17.95
18.39 18.44 18.44 18.39 18.38 18.38 18.37 18.37 18.42 18.40 18.47 18.50 18.46 18.46 18.46 18.46 18.45 18.44 18.45 18.47 18.48 18.48 18.48 18.44 18.48 18.46 18.45 18.47 18.45 18.46 18.48 18.49 18.46 18.44 18.45 18.43 18.40 18.31 18.29 18.24 18.20 18.27 18.27 18.27 18.08 18.03 18.03 18.35 18.43 18.48 18.25 18.13 18.03 17.97 17.87 17.91 17.86 17.86 17.92 17.82 17.86 17.92 17.92 18.02 18.07 18.16 17.94 17.80 17.88 17.96 18.12 18.04 18.14 18.14 18.12 17.79 17.79
18.30 18.32 18.39 18.40 18.38 18.38 18.41 18.39 18.36 18.42 18.44 18.48 18.47 18.47 18.46 18.44 18.44 18.45 18.39 18.35 18.39 18.37 18.46 18.47 18.46 18.40 18.42 18.43 18.42 18.44 18.44 18.46 18.43 18.43 18.45 18.42 18.41 18.34 18.30 18.32 18.22 18.16 18.30 18.25 18.08 18.02 18.18 18.42 18.43 18.46 18.31 18.14 18.16 18.09 17.78 17.81 17.77 17.79 17.81 17.83 17.93 17.90 17.82 17.80 17.97 18.01 17.96 17.90 17.83 17.85 17.83 17.90 17.98 17.98 17.95 17.80 17.77
18.26 18.36 18.41 18.37 18.38 18.40 18.40 18.41 18.37 18.42 18.43 18.47 18.47 18.46 18.45 18.44 18.44 18.43 18.42 18.37 18.36 18.42 18.44 18.42 18.36 18.34 18.32 18.33 18.37 18.41 18.42 18.42 18.44 18.42 18.41 18.38 18.35 18.36 18.30 18.30 18.27 18.19 18.18 18.24 18.08 18.17 18.28 18.34 18.42 18.46 18.34 17.76 17.93 18.15 18.05 17.78 17.83 17.77 17.68 17.72 17.88 17.80 17.81 17.77 18.01 18.04 18.00 18.09 18.18 18.22 17.96 17.88 17.86 17.94 17.96 17.94 17.92
18.27 18.34 18.39 18.39 18.39 18.39 18.40 18.39 18.38 18.42 18.44 18.45 18.45 18.44 18.43 18.43 18.41 18.41 18.41 18.40 18.40 18.38 18.43 18.43 18.39 18.36 18.35 18.33 18.34 18.33 18.39 18.41 18.42 18.41 18.43 18.37 18.37 18.37 18.38 18.29 18.29 18.21 18.12 18.05 18.06 18.13 18.14 18.33 18.37 18.40 18.37 18.30 17.97 17.95 18.07 18.08 18.18 18.20 18.42 17.95 17.82 17.71 17.82 17.96 18.09 18.00 18.08 18.22 18.37 18.40 18.15 17.88 17.75 17.89 17.98 18.08 18.20
18.27 18.29 18.32 18.39 18.39 18.36 18.37 18.37 18.39 18.39 18.42 18.43 18.42 18.41 18.42 18.42 18.41 18.41 18.42 18.41 18.41 18.39 18.39 18.36 18.38 18.37 18.36 18.34 18.36 18.39 18.36 18.26 18.39 18.39 18.42 18.41 18.38 18.36 18.32 18.32 18.33 18.29 18.23 18.09 18.16 18.15 18.32 18.39 18.33 18.39 18.39 18.30 17.96 17.81 17.85 18.07 18.22 18.30 18.36 17.83 17.78 17.71 17.84 17.86 17.95 18.02 18.13 18.14 18.33 18.33 18.23 17.90 17.81 17.87 18.01 17.98 18.12
18.31 18.29 18.34 18.36 18.38 18.31 18.33 18.31 18.36 18.40 18.39 18.41 18.39 18.40 18.38 18.38 18.36 18.39 18.40 18.38 18.36 18.32 18.30 18.37 18.37 18.35 18.29 18.32 18.31 18.36 18.35 18.29 18.34 18.38 18.33 18.32 18.36 18.34 18.33 18.34 18.28 18.32 18.36 18.28 18.12 18.14 18.35 18.39 18.35 18.39 18.32 18.30 18.02 17.84 17.65 17.75 18.17 18.23 18.08 17.71 17.74 17.62 17.71 17.76 17.93 18.19 18.18 18.17 18.14 18.09 18.11 18.03 18.04 17.92 17.82 18.05 18.15
18.21 18.28 18.27 18.31 18.34 18.32 18.29 18.27 18.37 18.39 18.39 18.37 18.34 18.34 18.36 18.35 18.37 18.38 18.38 18.36 18.31 18.25 18.15 18.32 18.35 18.33 18.33 18.32 18.29 18.32 18.33 18.32 18.35 18.36 18.23 18.30 18.35 18.34 18.33 18.34 18.33 18.32 18.30 18.28 18.14 18.16 18.32 18.36 18.35 18.34 18.32 18.29 18.14 17.74 17.71 17.78 17.85 18.04 18.15 17.88 17.85 17.69 17.69 17.80 17.92 18.03 18.06 18.14 18.16 18.15 18.17 18.16 17.42 17.12 17.55 18.18 18.22
18.27 18.27 18.28 18.31 18.30 18.26 18.23 18.27 18.31 18.37 18.36 18.32 18.33 18.32 18.34 18.35 18.33 18.31 18.33 18.32 18.28 18.24 18.20 18.17 18.28 18.28 18.29 18.30 18.28 18.30 18.31 18.33 18.34 18.33 18.26 18.26 18.26 18.23 18.32 18.33 18.31 18.30 18.26 18.14 18.15 18.23 18.25 18.32 18.34 18.34 18.24 18.14 18.15 17.72 17.73 17.82 17.79 17.80 17.96 18.01 18.00 17.58 17.70 17.76 18.01 18.02 18.10 18.08 18.12 18.13 18.17 17.93 17.12 16.21 17.49 18.11 18.15
18.27 18.25 18.23 18.29 18.20 18.25 18.31 18.29 18.23 18.31 18.32 18.33 18.34 18.33 18.31 18.33 18.31 18.27 18.21 18.20 18.25 18.20 18.25 18.28 18.26 18.25 18.27 18.28 18.27 18.30 18.27 18.17 18.32 18.29 18.27 18.26 18.23 18.26 18.29 18.31 18.31 18.30 18.29 18.27 18.23 18.18 18.26 18.32 18.25 18.29 18.16 18.18 18.05 17.91 18.17 18.12 17.77 17.58 17.61 17.77 17.92 17.63 17.46 17.59 17.81 17.73 17.91 17.95 18.08 18.07 18.09 17.54 17.15 16.03 17.71 18.10 18.21
18.23 18.22 18.25 18.27 18.27 18.24 18.32 18.30 18.21 18.25 18.28 18.31 18.31 18.30 18.30 18.29 18.29 18.27 18.22 18.23 18.26 18.24 18.16 18.27 18.28 18.24 18.25 18.26 18.26 18.28 18.24 18.26 18.24 18.26 18.29 18.25 18.26 18.21 18.24 18.28 18.29 18.27 18.25 18.27 18.27 18.23 18.20 18.27 18.19 18.26 18.25 18.12 18.06 18.25 18.19 18.17 18.02 17.70 17.60 17.56 17.62 17.53 17.47 17.50 17.57 17.68 17.75 18.11 18.11 18.08 17.40 17.69 17.91 17.05 17.62 18.15 18.18
18.24 18.22 18.22 18.24 18.27 18.25 18.26 18.28 18.27 18.21 18.25 18.28 18.29 18.29 18.29 18.28 18.27 18.12 18.23 18.26 18.25 18.29 18.21 18.19 18.21 18.29 18.26 18.25 18.24 18.21 18.16 18.25 18.17 18.21 18.18 18.21 18.25 18.26 18.18 18.21 18.26 18.25 18.24 18.21 18.18 18.18 18.25 18.25 18.21 18.24 18.23 18.13 17.92 18.25 18.18 18.20 18.14 17.75 17.52 17.51 17.55 17.48 17.46 17.41 17.39 17.60 17.68 17.83 18.06 18.12 17.54 17.36 17.48 18.18 18.37 17.78 17.94
18.23 18.21 18.21 18.22 18.24 18.22 18.23 18.25 18.01 18.14 18.25 18.25 18.26 18.27 18.28 18.25 18.24 18.22 18.20 18.24 18.20 18.29 18.26 18.19 18.17 18.27 18.28 18.26 18.22 18.20 18.19 18.13 18.16 18.19 18.14 18.17 18.19 18.21 18.20 18.20 18.17 18.22 18.22 18.22 18.18 18.10 18.09 18.19 18.20 18.18 18.19 18.18 18.15 18.19 18.20 18.18 18.13 18.05 17.89 17.59 17.61 17.71 17.56 17.48 17.61 17.50 17.59 17.58 18.04 18.11 18.11 18.00 18.14 18.29 18.37 17.48 17.67
