main/data/irradiance/01.09.2023.grid
ncols 839
nrows 679
xllcenter 112.0500
yllcenter -43.9500
cellsize 0.0500
nodata_value 99999.90
[rows 476 to 509 of 679, columns 539 to 615 of 839]
14.16 14.54 14.44 14.51 14.83 14.23 14.32 14.43 14.52 14.49 14.75 15.27 15.01 14.82 14.82 14.66 14.65 14.69 14.62 14.58 14.28 14.40 14.52 14.60 14.80 15.06 14.87 14.96 14.72 14.64 14.50 14.75 14.84 14.81 14.54 14.24 13.89 13.85 13.59 13.66 13.50 13.44 13.39 13.27 13.31 13.29 13.08 13.04 13.15 13.33 13.24 12.65 12.86 12.83 12.73 12.19 11.85 11.54 11.41 11.08 11.41 12.13 12.53 13.01 13.56 14.04 14.25 14.53 14.51 14.57 14.57 14.66 14.32 14.28 14.45 14.72 14.71
14.98 14.99 14.67 14.57 14.63 14.51 14.65 14.76 15.28 14.55 14.38 14.68 14.43 14.48 14.64 14.36 14.36 14.29 14.45 14.50 14.51 14.55 14.56 14.60 14.86 14.98 14.81 14.83 14.69 14.68 14.50 14.56 14.68 14.56 14.34 13.76 13.69 13.45 13.36 13.25 13.08 12.99 13.06 12.99 13.07 13.06 12.86 12.72 12.95 13.13 12.87 12.52 12.52 12.44 12.47 12.34 11.48 11.14 11.01 10.81 11.14 11.45 11.94 12.72 13.36 13.72 13.82 14.44 14.52 14.73 15.06 14.78 14.73 14.69 14.23 14.50 14.80
14.96 14.85 14.87 14.84 14.77 15.01 15.00 14.87 14.82 14.93 14.39 14.69 14.25 14.07 14.05 14.16 14.08 14.06 14.17 14.42 14.41 14.55 14.58 14.63 14.80 15.02 14.77 14.71 14.69 14.77 14.70 14.56 14.48 14.33 14.08 13.66 13.42 13.19 13.14 12.95 13.02 12.48 12.62 12.40 12.75 13.06 12.86 12.81 12.66 12.84 12.47 12.16 12.22 12.14 12.17 12.17 11.49 10.71 10.45 10.48 11.07 10.79 11.48 12.74 12.68 13.17 13.79 14.48 14.85 15.12 14.98 14.69 14.54 14.66 14.84 14.68 14.94
15.21 15.56 14.98 14.84 14.79 15.36 14.84 14.91 14.90 15.12 14.58 14.78 14.11 14.54 13.95 13.98 13.72 13.56 13.92 14.41 14.45 14.54 14.49 14.76 14.72 14.89 14.64 14.68 14.56 14.56 14.65 14.42 14.20 13.95 14.03 13.48 13.11 13.03 12.87 12.59 12.68 12.35 11.90 12.09 12.75 12.75 12.81 12.81 12.52 12.49 12.06 12.02 12.35 12.44 11.88 11.82 11.76 10.58 10.00 10.26 10.37 10.85 11.32 11.93 12.71 13.20 13.64 14.41 14.73 14.89 14.89 14.59 14.69 14.51 14.57 14.60 15.05
15.03 15.25 15.39 15.13 15.05 15.16 15.31 15.08 15.20 15.31 15.17 15.13 14.44 14.29 13.59 13.62 13.27 13.30 13.74 14.35 14.49 14.59 14.58 14.67 14.47 14.71 14.43 14.33 14.21 13.93 14.04 13.95 13.87 13.53 13.57 13.10 13.08 12.81 12.73 12.48 12.30 11.82 11.33 11.54 11.57 11.57 12.15 12.15 12.18 12.12 11.96 11.71 12.26 12.22 11.81 11.70 11.48 10.94 10.45 10.26 9.98 10.39 10.92 11.63 12.67 13.24 13.17 13.59 14.26 14.60 14.74 14.53 14.54 14.47 14.86 15.14 15.13
15.17 14.94 15.12 15.81 15.48 15.17 15.21 15.09 15.22 15.60 15.04 14.81 14.40 14.52 13.68 13.52 13.46 13.43 13.57 14.10 14.40 14.44 14.49 14.40 14.66 14.33 14.41 13.93 13.72 13.27 13.05 13.25 13.45 13.05 13.07 13.09 12.75 12.60 12.58 12.45 12.33 12.17 11.18 11.45 11.33 11.46 11.67 11.62 11.59 11.64 11.69 11.69 11.93 12.07 11.85 11.55 11.09 11.22 10.70 10.12 9.62 10.45 10.84 11.62 13.04 13.20 13.22 13.57 14.32 14.89 15.13 14.96 14.81 14.60 14.73 15.11 15.21
15.04 14.84 15.19 15.10 15.29 14.97 15.23 15.56 15.23 15.31 14.74 14.66 14.06 13.63 13.98 13.57 13.78 13.73 13.86 14.55 14.49 14.36 14.50 14.21 14.45 14.13 14.14 13.67 13.54 12.94 12.44 12.21 12.66 12.28 11.85 12.42 12.32 12.57 12.48 12.14 12.12 12.00 11.17 11.50 11.54 11.53 11.45 11.30 11.19 11.20 11.30 11.40 11.37 11.97 12.02 11.43 11.07 11.20 11.08 10.52 9.98 10.14 11.02 11.66 12.38 12.81 13.05 13.26 14.20 14.76 14.95 14.93 14.68 14.45 14.62 15.26 15.62
15.23 15.18 14.91 15.03 15.13 15.18 15.65 15.61 15.61 15.02 14.40 14.36 13.88 13.66 14.21 13.80 14.24 13.79 14.17 14.11 14.41 14.33 14.36 14.29 13.94 13.95 13.58 13.56 13.27 12.80 11.85 11.91 12.28 11.76 11.45 11.71 11.97 12.27 12.24 11.89 11.90 11.80 10.82 10.83 11.08 11.12 11.42 11.27 11.17 11.21 11.10 11.29 11.34 12.02 11.75 11.56 11.32 11.17 11.23 11.13 10.52 10.79 11.41 11.69 12.14 12.69 13.00 13.55 14.20 14.65 14.95 14.76 14.38 14.32 14.52 14.96 15.54
15.16 15.18 14.88 14.54 14.77 15.21 15.11 15.33 15.11 14.46 14.11 13.98 14.16 13.83 14.58 14.27 14.37 13.94 14.78 15.03 14.81 14.51 14.19 14.12 13.82 13.68 13.40 13.20 12.59 12.27 11.68 10.96 11.21 11.59 11.44 11.62 11.98 11.47 11.88 11.76 11.84 11.61 11.22 11.02 10.74 10.79 10.92 11.36 11.35 11.09 11.24 11.07 11.08 11.74 11.67 11.72 11.70 11.47 11.51 11.85 11.24 10.83 11.45 11.92 11.98 12.36 13.38 13.77 14.43 14.78 14.78 14.55 14.34 14.72 14.61 14.92 15.21
14.75 14.63 14.21 14.35 14.77 14.92 14.89 15.23 14.88 14.23 13.91 13.70 13.90 14.17 14.34 14.49 14.20 14.57 14.53 14.26 14.22 14.25 14.14 14.25 13.63 13.60 13.47 13.01 12.28 12.02 11.75 11.11 11.15 11.74 11.35 11.38 11.70 11.50 11.28 11.87 11.70 11.12 11.08 11.44 11.23 11.18 10.96 11.17 11.18 11.03 11.12 11.37 11.68 11.62 11.91 11.74 12.00 11.74 11.84 11.58 11.47 11.14 11.31 11.97 11.97 12.49 13.43 13.96 14.53 14.73 14.85 14.70 14.53 14.71 14.98 14.87 15.29
14.17 14.06 14.07 14.51 14.76 14.61 14.65 14.78 14.26 14.09 13.88 13.83 13.81 14.13 14.02 14.42 14.22 14.22 14.11 14.64 14.64 14.51 14.15 14.17 13.58 13.53 13.38 12.03 11.87 11.94 11.45 10.77 11.33 11.90 11.21 11.94 11.84 11.47 11.51 11.49 12.16 11.39 11.09 11.27 11.13 11.03 11.41 11.35 11.25 11.38 11.10 11.37 11.65 11.95 11.89 11.88 11.93 12.12 11.91 11.62 11.75 11.64 11.68 12.27 12.54 12.35 13.18 14.13 14.63 14.71 15.09 14.84 14.62 14.90 14.76 14.87 14.92
13.97 14.08 14.11 14.23 14.44 14.94 14.77 14.50 14.34 13.99 14.00 13.60 13.56 13.80 13.81 13.98 14.13 14.03 14.00 14.39 13.82 13.99 13.64 13.54 13.46 13.07 12.93 11.87 11.30 11.86 10.97 11.00 11.15 11.75 11.37 11.94 11.23 10.98 11.46 11.56 11.67 11.36 11.60 11.80 11.42 11.11 10.97 11.24 10.79 11.28 11.39 11.49 11.88 12.27 12.06 11.98 12.10 12.04 12.13 11.97 11.76 12.14 12.20 12.36 12.93 12.69 12.92 13.60 14.64 14.67 15.03 15.14 14.83 14.56 14.75 14.74 14.80
14.37 14.46 14.51 14.33 14.20 14.52 14.41 14.24 14.41 14.22 13.83 13.26 13.58 13.51 14.08 13.37 14.22 14.08 13.92 14.56 13.75 13.88 13.34 13.40 13.03 12.64 12.17 11.55 11.35 12.21 11.37 11.48 11.72 12.19 11.66 11.61 12.03 11.76 11.53 11.72 12.07 11.56 11.48 11.70 11.67 11.30 11.56 11.35 11.39 11.35 11.81 12.00 12.31 12.59 12.48 12.18 12.20 12.02 12.09 12.26 12.30 12.39 12.35 12.40 12.99 13.27 12.67 13.40 14.30 14.61 14.92 15.02 14.74 14.71 14.88 14.66 14.51
14.67 14.16 14.03 13.74 13.62 13.67 13.97 14.17 14.19 14.25 13.59 13.19 13.30 13.70 13.93 13.79 13.92 13.92 13.16 13.72 13.45 13.62 12.85 12.92 12.55 12.44 11.66 11.85 11.41 12.52 11.89 11.29 11.83 12.65 11.76 11.58 11.58 11.48 11.25 11.42 12.08 11.76 11.86 11.47 11.38 11.82 11.73 11.33 11.32 11.69 12.24 12.06 12.26 12.38 12.55 12.31 12.29 12.42 12.38 12.39 12.07 12.31 12.62 12.92 13.00 13.46 13.30 13.05 14.02 14.85 15.07 14.92 14.72 14.73 14.69 14.25 13.89
13.36 13.02 13.00 13.24 13.32 13.59 13.62 13.80 14.05 14.27 13.68 13.33 12.97 13.56 13.71 13.93 13.65 13.78 13.33 13.40 12.87 12.96 12.45 12.58 12.40 12.18 11.60 11.78 11.39 12.71 11.68 11.37 11.80 11.54 11.73 11.97 11.74 12.02 11.40 11.54 11.64 11.47 11.86 11.84 11.65 11.58 11.57 11.96 12.01 12.19 12.37 12.44 12.40 12.34 12.73 12.37 12.52 12.54 12.59 12.49 12.38 12.10 12.39 12.93 13.41 13.74 13.66 13.38 13.43 14.42 14.94 15.04 14.61 14.89 14.25 14.14 13.92
12.68 12.54 12.74 13.08 13.41 13.45 13.80 13.68 13.87 13.95 13.28 13.42 12.67 12.80 13.34 13.65 13.25 13.55 13.15 13.23 13.19 12.73 12.08 12.11 11.50 11.94 11.38 11.72 11.89 12.24 12.11 12.21 12.41 12.23 12.35 11.77 11.31 11.04 11.24 11.17 11.33 11.26 11.60 11.84 11.70 11.55 11.71 12.33 12.22 12.39 12.53 12.38 12.23 12.41 12.48 12.45 12.61 12.40 12.21 12.46 12.83 12.32 12.41 13.11 13.32 13.56 13.77 13.59 13.95 14.20 14.66 14.66 14.50 14.67 14.09 13.60 13.65
12.42 12.38 12.54 12.65 12.92 13.37 13.71 13.53 13.36 13.36 13.01 12.58 12.52 13.11 12.87 13.25 13.26 13.37 12.85 12.73 12.57 12.64 12.12 12.21 11.56 11.56 11.95 11.92 11.38 11.88 11.52 11.34 11.83 11.46 12.01 11.57 11.38 11.47 11.25 11.04 10.84 11.52 11.29 11.85 11.77 11.68 11.95 11.99 11.95 12.33 12.54 12.48 12.35 12.68 12.81 12.54 12.47 12.65 12.39 12.39 12.95 12.64 12.56 12.82 13.40 13.42 13.81 14.20 13.66 13.63 14.43 14.26 14.33 14.60 14.09 14.01 13.64
12.49 12.49 12.44 12.52 12.96 13.30 13.77 13.36 13.54 13.13 12.55 12.17 12.34 12.10 13.18 13.05 13.47 12.90 12.61 12.56 13.22 12.84 12.30 12.42 12.19 11.45 11.67 11.99 11.79 11.88 11.57 11.58 11.64 12.33 12.23 11.41 11.46 11.45 11.31 11.20 11.41 11.44 11.79 11.91 11.89 12.03 11.96 11.90 12.15 12.61 12.70 12.65 12.87 12.80 12.68 12.50 12.43 12.34 12.38 12.24 12.45 12.52 12.93 12.94 13.30 13.34 13.56 14.38 13.91 13.39 13.89 13.89 14.28 14.26 13.75 13.67 14.05
12.95 12.89 12.59 12.18 12.53 12.54 12.78 12.35 12.53 12.68 12.25 11.51 12.43 12.49 12.73 13.07 13.03 12.57 12.61 12.09 12.59 12.57 12.49 12.01 12.08 11.82 12.12 11.75 11.81 11.97 11.67 11.60 12.21 12.17 12.06 11.80 11.60 11.46 11.49 11.40 11.47 11.62 11.79 11.86 12.04 12.21 12.20 12.48 12.52 12.91 12.90 13.08 12.87 12.90 12.81 12.68 12.26 12.65 12.67 12.44 12.31 12.49 12.85 12.82 13.01 13.54 13.49 13.99 14.10 13.95 13.52 13.87 14.37 14.07 13.62 13.72 14.02
12.74 12.11 11.62 11.77 12.11 12.08 12.14 12.04 12.11 12.16 12.12 11.28 11.54 12.08 12.43 12.76 12.41 12.74 12.11 11.66 12.09 12.53 12.39 12.11 12.22 12.04 11.75 11.58 12.19 11.61 11.70 11.95 11.64 11.83 11.79 11.58 11.42 11.54 11.28 11.45 11.40 11.52 11.80 12.06 12.28 12.29 12.42 12.39 12.81 12.93 13.12 13.00 13.01 12.91 12.90 12.66 12.30 12.35 12.41 12.48 12.45 12.51 12.55 12.77 12.71 12.88 13.37 13.64 14.14 13.94 13.21 14.15 14.20 14.28 13.65 13.59 14.39
12.27 11.83 11.37 11.36 11.48 11.72 11.69 11.58 11.94 11.79 11.41 11.67 11.46 11.56 11.95 12.13 12.05 11.52 11.78 11.78 11.56 11.47 11.66 11.68 11.76 11.69 12.06 12.07 11.85 11.97 12.03 12.04 11.69 11.50 11.41 11.43 11.34 11.14 11.13 11.37 11.34 11.49 11.75 11.87 12.09 12.44 12.51 12.63 12.64 12.91 12.80 13.09 12.83 12.88 12.77 12.67 12.45 12.15 12.23 12.41 12.24 12.37 12.40 12.30 12.37 12.93 13.19 14.22 14.25 14.27 14.09 14.37 14.48 13.94 13.43 13.71 14.42
12.19 11.76 11.08 10.90 10.71 11.10 11.25 11.41 11.84 10.96 11.06 11.66 11.99 11.72 11.88 12.03 12.24 11.52 11.70 11.27 11.38 11.35 11.61 11.30 11.45 12.14 11.60 11.89 12.00 11.93 11.99 12.01 11.80 11.73 11.78 11.46 10.99 10.94 11.16 11.17 11.03 11.31 11.31 11.61 11.93 12.53 12.82 12.69 12.57 12.95 12.79 13.00 13.11 13.04 12.76 12.61 12.33 12.14 12.10 11.69 11.74 11.83 12.16 12.02 12.50 12.70 13.37 13.84 13.97 13.99 13.74 14.09 13.71 13.79 14.13 13.92 14.40
12.13 11.53 10.89 10.36 10.29 10.49 11.15 11.16 11.36 11.13 11.02 11.16 11.85 11.73 12.02 11.41 11.42 11.55 11.13 11.22 10.95 11.35 10.97 11.42 11.41 11.60 11.83 11.72 11.65 11.83 11.99 11.78 11.85 11.30 11.47 11.28 10.85 10.75 10.87 10.82 11.31 11.09 10.94 11.20 11.39 11.80 12.51 12.60 12.69 12.77 12.84 12.74 13.19 13.17 12.60 12.38 12.12 12.07 11.53 11.60 11.24 10.95 11.55 11.60 11.64 12.30 12.93 13.48 13.70 13.33 13.62 14.22 13.82 13.98 13.55 13.59 13.69
11.56 11.68 11.06 10.20 10.28 10.56 10.80 10.78 10.67 11.67 11.49 11.21 11.22 11.33 11.49 11.85 11.42 11.06 10.87 11.19 11.50 11.18 11.17 11.19 11.59 11.45 11.54 11.80 11.62 11.59 11.70 11.52 11.60 11.53 11.15 11.14 10.73 10.78 10.73 10.78 10.68 10.77 10.63 10.82 11.43 11.54 12.01 12.20 12.64 12.82 12.69 12.87 13.16 13.16 12.95 12.24 12.10 11.71 11.42 10.96 10.92 10.93 11.09 11.36 11.77 11.83 12.18 12.91 13.25 13.11 13.13 13.20 13.55 13.71 13.59 13.92 14.56
11.79 11.32 10.64 9.88 10.39 10.68 10.12 10.61 10.87 11.60 11.77 11.25 11.06 11.39 11.70 11.47 11.08 11.37 11.05 11.54 11.66 11.71 11.17 10.97 11.00 11.13 11.19 11.30 11.38 11.58 11.52 11.53 11.19 11.41 11.08 10.77 10.87 10.94 10.89 10.85 10.61 10.98 10.65 10.68 11.35 11.59 11.56 12.35 12.18 12.91 12.97 12.90 12.84 12.59 12.77 12.22 12.02 11.61 11.15 10.78 10.58 10.67 10.70 11.38 11.93 12.09 12.37 12.50 12.69 12.14 12.43 12.66 13.16 13.74 13.56 13.67 14.08
10.95 10.82 10.24 9.78 10.17 10.10 10.29 10.92 10.90 11.33 11.58 11.23 10.81 11.15 11.07 11.21 11.10 10.87 11.17 11.19 11.01 11.52 11.11 10.72 9.97 10.41 10.87 11.11 11.23 11.21 11.13 11.39 11.38 11.10 10.42 11.23 10.98 10.88 10.40 10.63 10.78 11.00 10.84 11.04 11.48 11.79 11.89 12.11 12.50 12.28 12.73 12.53 12.38 12.43 13.09 12.70 11.59 11.38 11.00 10.93 10.76 10.88 11.32 11.28 11.59 11.79 12.08 11.51 12.12 12.03 12.30 12.29 11.95 12.62 13.47 13.39 13.69
11.13 10.89 10.14 10.24 9.96 9.93 10.31 10.54 10.87 11.04 11.02 10.73 10.56 10.37 10.57 10.64 10.67 10.71 10.65 10.93 11.11 11.12 11.44 11.04 10.66 10.45 10.62 11.12 11.32 11.33 10.86 10.96 11.06 11.21 10.64 10.77 10.73 10.85 10.92 10.76 10.73 11.21 11.81 11.26 11.77 12.03 12.48 12.04 12.51 12.47 12.47 12.61 12.35 12.54 12.80 12.94 12.18 11.36 11.33 11.16 10.98 10.83 11.19 11.22 11.42 11.36 11.90 12.13 11.93 12.04 12.09 12.14 12.60 12.54 13.18 13.44 13.16
11.05 10.71 10.31 10.46 10.06 9.90 10.28 10.09 10.82 10.77 10.70 10.62 10.61 10.34 10.25 10.26 10.39 10.37 10.92 10.76 10.82 10.61 10.80 10.71 10.78 10.24 10.16 10.49 11.36 11.67 11.23 11.31 11.25 11.39 11.11 11.11 11.24 10.91 11.35 11.55 11.19 11.63 11.94 11.92 11.83 12.32 12.19 12.25 12.10 12.51 12.19 12.43 12.47 12.38 12.68 12.82 12.58 11.84 11.71 11.18 11.10 11.08 11.18 11.10 11.00 10.70 11.30 11.47 11.38 11.71 12.26 12.11 11.94 11.92 12.53 13.38 13.06
11.20 10.60 10.19 10.27 9.87 9.93 9.91 9.87 10.18 10.58 10.44 10.24 10.24 10.08 9.95 9.99 10.11 10.41 10.82 10.61 10.83 10.50 10.57 10.81 10.99 10.60 10.84 10.54 10.76 11.50 11.79 11.62 11.71 11.34 11.75 11.56 11.53 12.12 11.73 11.93 12.00 11.88 12.74 12.33 12.23 12.12 12.28 12.25 12.52 12.53 12.23 12.22 12.35 12.27 12.83 12.97 12.67 11.79 11.34 11.26 11.08 10.80 10.64 10.49 10.56 10.68 10.74 11.19 11.39 11.44 11.76 11.93 12.05 11.85 11.81 12.89 13.61
11.14 10.44 10.07 9.25 9.57 10.07 9.83 9.57 9.95 10.28 10.32 10.20 10.02 9.90 9.91 9.77 9.95 10.24 10.18 10.68 10.55 10.24 10.30 10.45 11.01 11.44 11.00 10.77 10.69 11.57 12.08 12.27 12.21 12.32 12.33 12.63 12.22 11.96 12.37 12.50 12.50 12.15 12.22 12.47 12.23 12.38 12.62 12.62 12.47 12.77 12.60 12.27 12.51 12.31 12.43 12.49 12.62 12.17 11.81 11.76 11.21 10.90 10.31 10.16 10.29 10.22 10.65 10.55 11.11 11.01 11.68 11.56 11.54 12.03 12.16 12.13 12.86
11.34 10.92 9.67 9.25 9.57 10.07 9.88 9.99 10.01 9.94 9.83 10.23 10.11 9.72 9.61 9.58 9.68 9.69 9.97 10.37 10.52 10.52 10.73 10.86 11.20 11.33 11.49 11.24 11.31 11.52 12.84 13.03 13.06 12.92 12.69 12.95 12.78 12.52 12.30 12.71 12.53 12.68 12.68 12.07 12.03 12.04 12.76 12.62 12.58 12.37 12.22 12.14 12.33 12.04 12.23 12.27 12.31 11.89 11.61 11.34 10.79 10.59 10.27 10.35 10.50 10.54 10.87 10.89 11.15 11.44 11.60 11.44 11.35 11.67 11.68 11.65 12.33
11.34 10.92 9.67 9.67 9.57 9.88 9.88 9.99 10.05 10.29 9.90 9.82 9.64 10.12 10.23 9.66 10.06 9.50 10.17 10.51 10.39 10.61 10.83 11.11 11.40 11.59 11.64 11.41 11.74 11.61 12.61 13.49 12.91 13.53 12.91 13.00 13.01 12.99 12.57 12.94 12.45 12.30 12.41 12.07 12.18 12.20 12.44 12.27 12.59 12.14 12.00 11.81 11.96 11.85 11.54 11.85 11.50 11.37 11.13 10.95 10.93 10.72 10.79 10.60 10.21 10.63 10.95 10.69 10.40 10.42 10.98 11.69 11.79 11.25 11.48 11.27 11.62
10.53 10.92 9.67 11.65 11.65 9.88 9.88 10.37 10.37 10.06 9.74 9.50 9.31 9.53 10.03 9.35 9.70 10.06 10.24 10.22 10.31 10.44 11.19 11.14 11.43 11.44 11.67 12.22 11.91 11.77 12.74 12.84 13.04 13.34 13.04 12.91 12.81 12.17 12.11 12.50 12.33 12.35 12.28 12.21 12.03 12.18 12.40 12.13 11.87 11.92 11.58 11.34 11.59 11.34 11.18 11.03 10.94 11.12 10.67 10.72 10.83 10.73 10.77 10.96 10.57 10.66 10.86 10.81 10.86 10.93 10.79 10.94 10.89 11.76 11.85 11.75 11.54
10.53 11.68 11.68 11.65 11.65 11.65 10.08 10.25 10.25 9.94 9.74 9.34 9.04 9.45 9.67 9.58 9.37 9.73 10.05 10.15 10.29 10.40 11.13 11.28 11.55 11.46 11.93 12.33 12.02 12.21 12.56 12.78 13.04 13.08 13.14 13.29 13.10 12.67 12.18 12.60 12.58 12.31 12.46 12.00 11.87 11.69 11.96 11.80 11.48 11.71 11.34 10.88 10.88 10.92 10.92 10.68 10.45 10.58 10.14 10.03 10.31 10.58 10.91 10.94 10.77 10.64 10.38 10.49 10.53 10.39 10.57 11.12 11.23 11.26 11.83 11.98 11.80
