main/data/irradiance/01.03.2023.grid
ncols 839
nrows 679
xllcenter 112.0500
yllcenter -43.9500
cellsize 0.0500
nodata_value 99999.90
[rows 204 to 237 of 679, columns 462 to 538 of 839]
11.39 10.31 10.38 11.31 11.39 11.65 12.11 12.46 10.75 11.03 10.53 9.99 9.36 9.54 9.15 10.43 10.00 9.02 9.83 10.97 11.42 11.68 11.89 10.53 9.65 10.02 10.21 10.02 10.36 9.86 9.31 9.66 9.42 9.59 9.90 10.09 8.63 9.46 10.39 11.13 10.18 9.75 12.00 12.25 11.45 11.21 11.65 12.84 12.27 12.03 12.76 15.09 16.17 15.57 15.83 15.83 16.60 16.27 15.91 15.78 16.36 18.07 17.62 17.84 17.94 18.00 18.63 19.93 19.84 19.12 19.72 20.17 20.06 19.36 18.51 19.16 19.55
11.96 11.68 11.91 12.52 12.94 12.83 12.41 11.55 10.39 10.15 10.66 11.17 11.87 11.72 11.17 11.71 10.92 9.64 10.26 11.31 11.34 11.60 11.97 10.89 10.98 10.87 10.86 10.12 10.41 9.84 9.76 10.03 10.28 10.18 10.29 9.08 9.15 9.65 9.67 10.39 10.06 10.30 10.34 10.61 10.90 11.72 11.67 12.12 10.82 11.47 13.01 13.93 14.64 16.00 16.61 17.16 17.30 16.42 16.79 16.60 16.82 17.52 17.28 17.44 18.13 18.85 18.91 19.44 20.00 20.05 20.64 20.97 20.31 20.21 19.72 19.76 19.68
12.85 12.09 13.32 13.83 13.75 13.22 12.24 10.55 9.83 9.34 10.18 10.65 11.56 12.21 12.58 11.79 10.26 10.27 10.53 10.82 11.43 11.77 11.43 10.57 11.07 11.30 11.97 11.62 10.61 10.20 10.10 10.17 10.01 10.73 9.91 9.58 9.92 10.18 10.53 10.40 10.39 10.74 9.01 8.83 9.96 10.54 10.35 10.64 10.17 11.12 11.93 12.41 13.11 14.09 15.76 16.20 15.92 15.62 15.03 16.17 16.14 16.42 17.30 18.51 18.94 19.11 19.37 19.02 19.72 20.50 20.06 20.48 20.44 20.83 20.89 20.71 21.37
12.50 11.90 13.54 13.14 12.76 12.28 11.60 10.55 9.87 9.94 11.19 11.12 10.93 11.48 12.27 11.94 10.88 10.90 10.10 10.08 11.58 11.81 11.72 10.58 10.99 11.01 12.14 12.62 11.42 11.08 10.26 9.77 9.33 10.47 10.83 10.57 9.56 9.60 10.43 11.19 10.75 9.93 8.84 9.61 10.06 10.00 10.24 10.53 11.47 11.43 11.91 11.87 13.26 13.94 15.27 14.81 15.08 14.16 14.28 14.51 15.56 15.97 17.42 17.07 17.14 17.59 18.55 17.88 17.91 19.15 18.75 19.84 19.40 20.77 20.22 21.48 22.28
13.19 11.70 11.97 12.44 12.30 11.67 11.17 10.62 10.67 10.54 11.67 11.80 11.12 12.27 12.12 11.56 11.47 10.16 10.07 11.29 10.75 11.40 10.95 10.33 11.13 10.63 11.87 13.43 13.94 12.67 11.15 9.95 9.23 9.92 10.55 10.73 9.64 9.91 10.12 11.56 11.13 10.63 9.86 10.34 11.11 11.88 11.25 10.50 11.44 11.30 11.75 12.52 12.47 12.60 13.43 14.74 14.36 15.11 14.86 14.42 15.52 16.04 15.20 16.33 15.65 15.03 17.50 17.75 16.01 17.88 18.79 19.32 19.95 20.32 20.66 21.77 22.23
12.00 12.15 12.73 12.38 11.66 10.79 10.97 11.14 12.11 11.99 12.15 12.07 11.52 11.94 11.58 11.92 12.06 10.91 11.01 11.91 11.81 11.06 10.23 10.50 10.85 10.64 11.79 13.32 13.97 11.90 11.14 10.25 10.32 10.56 10.50 10.32 10.30 10.51 11.03 11.52 12.07 11.56 10.52 9.81 10.48 12.53 12.26 10.40 10.46 11.83 10.91 10.63 10.29 11.38 12.25 12.84 13.79 15.45 14.64 14.25 14.37 13.96 14.13 15.24 16.34 16.59 17.80 18.45 17.42 17.78 18.54 20.26 20.20 20.50 21.68 22.09 22.72
10.94 12.20 12.39 12.44 11.64 11.71 11.74 13.26 13.91 13.81 12.83 11.64 11.21 10.58 10.81 11.31 10.91 11.09 11.77 12.84 12.09 10.67 10.20 11.24 11.03 10.44 11.04 11.73 12.19 11.39 11.03 11.21 10.59 10.32 10.62 11.39 11.33 10.92 11.62 11.93 11.67 11.23 10.30 8.99 9.32 11.75 12.52 11.56 10.36 10.16 10.54 11.12 10.90 11.05 12.05 12.50 12.62 13.37 13.75 14.05 13.67 14.10 14.67 14.84 17.73 18.78 18.04 18.09 16.00 18.15 19.48 19.70 19.36 21.14 22.07 23.11 23.56
12.35 13.10 13.16 13.24 13.22 13.56 13.61 14.06 14.52 13.72 12.98 11.72 12.82 11.72 11.47 11.17 10.53 11.80 12.28 11.94 12.31 11.38 11.29 10.53 11.32 10.70 11.02 11.38 11.42 11.38 11.31 11.49 11.84 10.53 10.50 11.88 11.98 11.11 11.13 11.52 11.16 11.25 10.94 10.34 10.03 10.95 11.84 11.69 11.42 10.97 11.24 11.68 11.82 12.55 13.02 12.82 12.87 12.91 13.67 14.90 14.04 13.43 15.00 15.71 17.80 18.62 16.82 17.95 18.87 20.24 20.82 20.02 19.87 21.69 21.68 22.15 23.85
13.26 13.22 14.16 13.74 13.40 13.90 14.36 14.46 14.57 13.70 12.59 12.16 12.46 11.85 11.60 11.33 11.46 12.52 12.15 10.86 11.46 11.70 11.06 11.22 10.67 11.38 12.36 12.24 11.57 11.90 12.38 12.48 12.54 11.40 11.06 12.42 14.06 12.34 12.10 12.19 10.96 10.46 11.49 11.43 10.98 11.30 11.23 11.64 12.49 12.62 11.27 11.65 12.76 14.21 14.25 12.85 12.74 12.81 14.04 14.70 14.16 14.03 15.47 17.24 18.63 18.24 17.86 17.91 17.99 18.94 18.90 19.65 20.66 22.20 22.00 22.24 23.33
13.49 13.41 13.86 13.82 13.85 13.85 14.68 14.29 13.54 11.82 12.41 12.92 12.66 12.44 12.44 11.52 12.24 13.05 12.17 10.78 11.19 12.36 10.93 10.56 10.84 12.18 12.57 11.53 11.49 12.74 13.10 13.24 12.98 11.93 11.85 13.05 14.07 13.83 13.79 13.23 11.88 11.81 12.29 12.66 11.91 11.69 11.77 11.97 12.64 13.56 13.07 12.50 13.36 13.62 14.27 14.08 13.91 13.25 13.18 14.21 14.87 14.76 15.78 17.45 17.95 18.12 18.40 18.12 18.85 18.78 19.62 20.37 20.81 22.16 22.49 21.57 22.77
12.08 12.53 13.36 13.42 13.24 13.45 13.89 13.85 12.43 11.68 12.27 12.70 13.25 12.26 11.57 12.00 11.81 12.24 11.92 9.76 10.89 12.13 11.91 10.70 10.95 12.61 12.87 12.16 12.69 13.10 13.11 14.21 13.66 13.10 12.82 13.84 14.54 13.96 14.22 13.35 12.71 12.18 12.21 12.09 12.76 12.81 12.71 12.44 12.75 13.75 13.76 13.40 13.39 14.28 14.00 14.01 15.00 14.02 13.68 14.37 14.76 14.95 14.75 16.70 17.35 17.52 17.32 17.25 18.09 18.58 18.69 19.74 21.03 21.84 21.96 22.60 22.49
12.23 12.53 12.57 12.66 13.00 12.70 12.83 12.78 13.98 13.41 12.14 12.35 13.18 12.92 12.46 13.29 13.62 12.82 12.01 11.03 11.00 12.23 11.85 10.70 12.01 12.42 12.86 12.94 13.97 13.91 13.58 14.42 14.41 14.24 13.23 14.14 14.55 14.80 14.89 14.27 12.99 12.24 12.02 12.12 13.68 14.41 13.45 12.55 12.50 13.39 13.36 13.16 13.38 13.15 13.95 15.70 15.53 15.34 15.15 14.67 15.03 15.50 16.04 16.52 17.11 16.61 16.75 16.93 17.82 18.10 18.32 20.08 20.91 20.27 20.64 21.48 20.92
12.95 13.42 12.08 12.54 13.23 13.02 13.20 13.19 14.60 14.30 13.90 12.52 12.89 14.18 14.25 14.08 13.70 12.08 11.94 11.78 11.68 12.03 11.90 12.90 12.93 14.05 13.32 12.93 13.72 12.66 13.00 13.77 13.88 13.79 13.72 14.19 15.29 15.98 16.08 14.98 13.40 13.15 12.71 13.51 14.71 15.92 15.02 13.11 13.43 13.44 13.53 14.05 14.07 13.73 14.26 14.90 15.78 16.24 16.23 15.72 16.23 17.11 16.52 16.23 15.58 15.93 16.99 16.51 16.69 17.71 18.26 19.47 20.22 20.47 21.06 20.66 20.76
13.55 13.25 13.12 13.54 13.01 12.75 13.70 13.71 14.09 14.52 14.39 12.84 12.77 13.22 13.67 14.04 13.51 12.76 12.32 11.91 11.58 11.23 11.84 13.90 14.10 14.57 14.06 13.69 14.18 12.80 12.95 13.14 13.34 13.80 13.67 13.91 15.08 15.75 15.70 14.36 14.07 14.84 14.76 15.00 15.58 16.07 16.45 15.31 14.48 14.49 14.11 14.00 14.18 14.29 14.88 15.06 16.27 16.03 15.31 16.32 15.84 16.86 15.44 14.81 15.96 16.65 16.49 16.07 17.03 17.89 18.55 19.25 20.63 19.49 19.95 19.73 19.58
13.89 13.31 12.88 12.60 11.33 11.67 12.82 14.37 14.45 14.83 14.90 13.08 12.84 12.68 12.99 12.93 13.65 13.74 12.94 12.27 11.68 11.33 12.46 14.09 14.64 14.47 14.77 14.08 13.75 13.34 13.43 13.71 14.08 14.89 13.97 13.57 14.22 15.07 15.82 15.15 14.72 16.27 16.24 16.54 16.77 16.26 16.41 15.06 14.23 14.48 14.93 14.30 15.25 15.68 15.69 15.71 16.42 16.86 15.64 16.35 16.04 15.52 14.79 15.42 16.91 17.04 16.92 15.92 16.56 17.22 17.53 17.44 17.80 18.28 18.54 18.50 17.60
12.93 12.78 11.87 11.35 10.36 11.11 12.87 13.56 13.74 14.42 14.17 12.36 12.08 12.42 13.30 13.30 13.53 13.88 13.02 12.07 11.83 11.72 12.68 14.12 14.07 15.42 14.65 14.07 12.82 13.47 14.65 14.63 15.17 15.09 14.31 14.30 14.53 14.97 14.49 14.38 15.29 16.14 16.87 16.39 16.41 16.88 15.82 15.55 14.51 14.28 15.21 15.36 16.15 16.03 16.03 15.91 15.37 16.19 15.79 16.63 16.36 14.71 14.03 16.23 16.47 17.05 16.92 16.34 16.47 17.32 17.85 17.18 18.45 17.77 17.85 18.24 17.90
12.62 13.08 12.53 11.45 10.24 10.97 12.92 13.20 12.22 12.81 13.37 12.49 12.51 13.50 13.60 12.60 13.39 13.06 12.57 11.98 12.35 12.54 12.40 12.64 13.75 14.75 12.65 13.31 13.05 13.80 15.24 15.20 14.73 15.48 15.13 15.48 14.62 14.92 15.55 15.23 14.75 15.54 15.48 15.03 15.38 16.34 15.41 15.54 15.22 14.96 16.12 15.77 16.63 16.20 16.11 16.18 15.61 16.14 16.82 16.20 14.95 14.96 14.68 15.11 16.33 17.98 17.81 17.51 16.78 16.95 18.05 17.34 17.39 17.76 18.50 19.14 19.49
13.33 13.46 12.26 11.40 11.28 11.11 12.22 12.81 12.49 12.96 12.36 11.90 12.79 13.24 13.90 12.91 12.61 12.87 13.03 12.76 13.64 14.19 12.86 13.16 13.91 12.94 11.94 12.57 13.84 14.84 15.32 16.08 15.42 15.57 15.80 15.43 14.43 15.56 16.41 15.78 15.72 15.84 15.75 15.46 15.86 15.72 15.17 14.38 14.53 14.90 17.06 16.75 16.86 16.30 15.79 15.62 15.11 15.36 16.50 15.47 15.37 15.51 15.37 15.59 17.56 18.02 17.62 17.19 16.95 16.46 17.57 17.06 17.37 17.13 18.21 18.59 19.94
12.76 12.54 12.18 11.83 11.97 11.85 12.84 12.88 12.96 12.54 13.15 13.13 13.28 14.35 13.98 13.02 12.13 12.89 13.54 13.26 13.97 14.27 13.67 13.14 13.16 12.57 12.24 13.16 14.41 14.58 15.38 15.59 16.48 15.74 16.04 15.98 16.02 15.85 15.51 15.49 15.32 15.93 15.92 15.81 14.96 14.80 14.44 15.01 15.01 14.80 15.24 16.67 17.33 17.07 15.66 15.54 15.72 15.45 15.45 16.23 15.96 16.03 15.78 16.44 16.59 17.13 17.47 17.06 16.80 17.21 17.00 16.47 16.18 17.00 17.71 17.82 18.71
13.04 12.53 12.55 11.44 11.62 12.32 12.64 11.60 11.10 11.57 11.91 12.41 13.64 15.42 13.98 12.15 11.48 11.70 13.03 13.91 14.07 13.84 14.66 12.93 12.74 13.00 13.28 13.06 14.24 14.63 14.55 14.57 15.13 15.26 14.72 14.96 15.50 14.75 14.77 14.57 14.69 14.68 14.89 14.92 14.11 13.83 13.51 13.25 14.04 14.08 14.78 16.01 16.92 16.68 16.36 16.47 16.34 16.42 16.93 16.72 16.36 16.53 16.71 16.48 17.04 17.50 17.66 17.68 17.09 17.27 17.48 17.02 16.80 16.97 17.56 18.27 18.80
13.70 12.06 12.62 11.76 11.52 11.46 11.16 10.87 9.81 11.00 11.78 11.30 12.46 13.71 13.65 12.84 12.24 12.25 12.38 13.45 13.99 13.34 13.24 12.75 12.51 12.50 12.75 13.34 13.47 13.84 13.34 13.76 14.43 14.45 14.57 14.84 14.74 14.39 14.05 14.02 13.89 13.97 15.29 15.59 14.48 14.32 14.20 12.84 14.22 15.99 16.38 15.87 16.29 16.53 16.84 17.07 16.75 17.04 17.18 16.04 15.87 15.55 15.47 16.87 16.95 16.51 16.37 18.18 17.87 17.94 17.54 16.82 17.16 17.13 18.18 18.76 19.05
12.19 12.03 11.39 11.10 10.63 12.11 11.79 11.02 10.37 10.53 11.74 12.15 12.53 12.10 13.29 12.81 12.77 12.59 12.71 13.48 13.82 12.98 13.55 13.29 12.71 12.28 12.48 13.62 13.35 13.04 12.41 13.13 14.27 14.70 15.06 15.11 14.14 13.81 14.36 14.73 14.92 14.98 16.16 16.22 15.97 15.84 15.17 13.08 14.34 15.72 16.80 16.64 15.79 16.43 17.05 17.97 17.02 17.42 17.90 16.90 16.79 16.33 15.73 16.70 16.96 17.19 16.88 18.60 18.20 18.85 18.27 18.11 18.12 18.99 19.41 20.10 21.01
10.74 10.96 10.21 9.87 10.88 11.51 12.29 12.35 11.09 10.96 11.68 12.79 12.98 12.94 13.00 13.45 13.19 13.11 13.66 13.31 13.35 14.08 13.52 13.51 13.29 13.17 13.35 14.99 13.46 12.32 13.21 13.70 14.26 14.28 14.95 15.01 15.19 14.89 14.57 15.07 15.67 16.15 15.28 16.55 17.10 17.67 16.31 13.93 14.89 15.44 15.98 15.67 16.65 16.54 16.52 17.53 17.83 17.63 17.60 18.28 17.65 17.09 16.99 17.66 18.33 18.51 18.20 18.46 18.42 18.35 18.78 19.11 18.94 20.26 21.00 21.43 21.60
10.83 11.51 11.26 10.66 10.20 10.05 11.08 12.79 12.19 12.38 12.31 12.73 12.65 12.77 13.16 13.01 13.64 14.49 13.86 14.42 13.30 14.16 14.13 13.45 13.57 13.81 13.74 14.84 14.60 13.32 13.55 13.46 14.44 14.61 14.56 14.88 14.69 14.51 15.36 15.35 15.30 15.16 15.26 16.29 17.54 18.25 18.29 16.90 15.37 16.54 17.23 17.33 17.36 16.41 16.43 17.68 18.36 18.77 18.26 17.67 18.26 18.27 18.19 18.80 18.82 19.33 19.42 19.36 19.23 19.51 20.22 20.15 20.10 19.93 20.43 21.08 21.42
12.28 12.50 13.36 12.89 12.66 11.28 11.57 13.05 12.89 12.56 12.50 12.51 12.69 13.04 13.90 13.69 13.99 14.33 14.53 15.11 13.73 14.51 15.06 14.34 13.48 13.30 13.51 14.33 14.76 14.27 13.46 13.37 14.21 14.18 13.92 14.09 14.37 14.99 16.13 15.61 15.51 16.30 16.42 16.76 17.71 17.78 18.62 18.59 18.02 17.98 18.42 18.39 17.58 16.86 16.61 16.98 17.33 17.79 18.40 17.59 18.88 18.99 19.02 19.15 19.42 19.38 19.69 20.07 19.57 19.29 19.55 20.36 19.75 20.07 20.09 19.85 20.18
12.81 12.88 13.77 13.56 13.36 12.78 13.02 13.06 12.20 11.60 12.67 12.18 11.68 12.69 13.73 14.37 14.65 14.77 14.65 15.68 14.87 14.25 15.04 14.96 13.90 13.36 12.65 13.36 13.96 13.74 13.01 13.68 14.52 14.40 13.13 14.20 14.15 15.75 16.47 17.04 16.26 17.38 16.66 16.96 17.35 17.38 17.05 17.90 18.75 18.67 18.76 18.07 17.59 17.92 18.05 16.95 16.88 17.44 17.99 19.00 19.28 19.68 20.01 20.09 19.70 19.51 19.67 20.36 19.96 19.57 19.33 19.92 20.06 20.11 19.91 20.18 18.96
13.46 13.35 13.89 13.05 12.08 12.05 12.22 12.78 12.01 11.94 12.94 12.71 11.48 11.46 13.02 13.30 14.19 14.91 15.11 15.71 15.11 13.46 13.93 14.95 13.93 14.35 12.87 12.75 13.27 13.31 13.16 14.41 15.04 14.65 14.58 14.73 15.32 15.02 15.82 17.45 17.54 17.43 16.43 16.84 17.08 17.29 17.05 17.47 18.66 20.01 19.72 19.11 19.00 18.49 18.70 18.89 18.03 18.09 18.64 18.82 19.92 20.48 19.84 19.88 19.89 19.72 19.43 19.26 19.42 20.16 20.50 20.52 19.44 18.84 19.26 19.38 20.26
14.00 12.83 12.90 13.62 12.75 11.41 12.26 12.35 13.21 12.74 12.79 12.82 11.63 11.30 12.19 13.56 13.95 14.98 15.37 15.10 14.71 14.60 13.66 14.57 14.10 14.40 14.89 13.88 14.00 14.21 15.05 15.46 15.78 15.08 15.49 15.74 16.06 15.74 15.68 16.34 16.60 17.25 17.27 16.97 17.37 17.18 17.36 17.78 18.43 18.82 19.75 19.83 20.07 19.59 19.55 19.97 19.34 18.83 19.56 19.34 18.57 18.77 19.36 19.66 19.71 20.01 19.01 19.25 19.34 20.20 20.00 20.14 20.31 19.35 19.75 19.56 20.42
13.49 13.95 13.75 13.94 13.31 12.90 13.16 12.97 13.39 12.65 12.81 13.02 13.26 12.38 11.85 13.86 14.20 14.15 14.22 14.50 14.36 14.56 14.61 14.74 15.07 14.79 15.69 15.84 15.14 14.38 14.77 16.34 17.03 16.05 16.51 15.74 15.79 14.80 14.30 15.05 15.09 15.99 16.50 16.73 16.48 16.93 17.78 18.27 18.78 19.61 19.71 19.61 20.02 19.70 19.72 19.71 19.91 19.50 19.45 18.95 18.23 18.57 20.05 20.47 19.82 20.02 19.44 19.37 19.69 19.41 19.41 20.04 20.78 20.76 20.31 20.21 20.60
13.73 14.94 15.20 15.63 15.08 14.82 14.90 13.93 13.78 13.15 12.26 12.21 13.71 13.85 13.76 14.43 15.08 14.70 13.22 13.75 14.88 14.65 15.13 14.86 15.08 14.68 14.77 15.34 15.41 14.96 15.82 15.73 15.93 15.82 16.22 16.25 15.46 15.40 14.88 15.09 15.52 16.08 16.02 16.35 15.96 17.73 18.77 19.52 19.49 19.57 19.27 19.62 20.01 20.17 19.88 19.72 19.85 19.93 20.04 19.79 20.13 19.92 19.98 19.47 20.07 20.23 19.78 20.59 21.06 20.96 20.63 20.77 21.28 21.97 22.32 22.17 22.01
14.23 15.04 16.03 16.49 15.92 15.26 15.27 15.30 14.46 14.94 14.42 13.81 14.02 14.57 15.54 15.68 15.60 15.33 14.00 13.46 14.70 15.70 16.10 16.08 15.88 15.33 15.49 14.50 14.69 15.79 15.95 15.60 15.35 16.04 16.69 16.31 15.45 15.40 16.12 15.89 15.63 16.33 16.45 16.46 17.30 17.62 17.78 18.93 19.19 19.99 20.39 20.54 20.12 19.91 20.15 20.47 20.61 20.55 20.90 20.86 20.61 20.45 19.58 19.69 20.98 21.22 21.39 21.65 21.01 21.34 21.92 22.05 21.82 22.15 22.34 22.69 22.59
14.53 14.54 14.45 14.91 15.24 15.68 15.68 16.02 15.59 15.82 15.24 15.12 14.92 14.92 15.09 16.01 16.04 16.00 15.77 14.21 14.16 15.29 16.61 17.34 16.88 16.50 17.16 16.40 15.17 15.54 15.48 15.22 15.96 16.06 15.23 15.53 15.83 15.62 15.87 15.96 16.69 16.67 17.18 16.97 17.87 17.15 17.18 18.25 18.69 19.92 20.14 20.17 20.57 20.02 19.75 20.99 21.08 21.03 21.89 21.58 21.67 21.00 21.14 21.52 21.41 20.96 21.03 20.98 21.22 21.67 21.43 21.77 21.96 22.40 22.74 22.82 22.74
14.32 14.96 15.61 15.61 16.03 15.67 15.06 14.61 15.13 15.43 15.98 15.79 15.10 15.03 15.66 16.28 16.00 15.66 15.44 16.06 15.47 15.29 15.51 16.00 16.80 16.35 16.55 16.50 15.94 15.66 15.35 14.92 16.02 16.41 15.34 15.56 16.48 15.23 15.74 16.13 16.34 16.78 17.24 17.46 17.83 17.10 17.33 17.34 16.54 17.05 18.40 19.05 19.81 20.02 20.69 21.00 21.16 20.82 20.68 20.63 21.23 21.39 21.36 21.88 22.27 22.44 21.62 21.39 21.35 21.33 21.27 22.28 22.05 22.06 22.43 21.93 22.44
14.40 15.39 16.04 15.63 15.51 15.34 15.28 14.73 14.61 15.81 16.24 16.85 15.80 15.88 15.86 16.26 16.43 16.67 16.27 16.04 16.86 15.48 15.38 15.32 16.79 16.27 15.71 15.80 16.05 16.15 16.63 16.18 16.82 16.85 15.72 15.59 16.74 17.58 17.06 16.68 16.48 17.06 17.21 17.27 17.49 17.83 16.68 15.86 16.68 16.87 17.89 18.12 18.19 19.33 20.49 20.88 20.63 20.61 20.60 20.61 21.61 21.54 21.41 21.49 22.43 22.11 22.20 21.50 21.21 21.45 21.30 22.13 22.04 22.00 22.34 23.06 22.97
