main/data/irradiance/01.08.2023.grid
ncols 839
nrows 679
xllcenter 112.0500
yllcenter -43.9500
cellsize 0.0500
nodata_value 99999.90
[rows 374 to 407 of 679, columns 231 to 307 of 839]
15.43 15.51 15.50 15.53 15.60 15.52 15.51 15.51 15.51 15.12 14.91 15.40 15.50 15.46 15.49 15.45 15.18 14.92 15.32 15.44 15.53 15.52 15.48 15.53 15.51 15.61 15.54 15.53 15.55 15.50 15.56 15.62 15.51 15.55 15.55 15.54 15.54 15.56 15.56 15.54 15.53 15.55 15.55 15.53 15.48 15.52 15.45 15.44 15.53 15.39 15.45 15.48 15.50 15.54 15.50 15.50 15.48 15.49 15.46 15.42 15.49 15.54 15.48 15.41 15.44 15.46 15.46 15.53 15.50 15.55 15.55 15.57 15.57 15.47 15.50 15.46 15.50
15.52 15.46 15.41 15.53 15.49 15.50 15.41 15.53 15.52 15.46 15.50 15.48 15.51 15.48 15.46 15.51 15.46 14.97 15.14 15.28 15.37 15.52 15.55 15.51 15.47 15.52 15.58 15.48 15.50 15.53 15.56 15.55 15.55 15.52 15.54 15.53 15.56 15.47 15.56 15.55 15.51 15.55 15.50 15.51 15.50 15.55 15.45 15.50 15.53 15.46 15.48 15.48 15.41 15.44 15.50 15.49 15.50 15.43 15.40 15.40 15.49 15.46 15.43 15.45 15.38 15.37 15.50 15.48 15.50 15.52 15.47 15.54 15.59 15.55 15.48 15.52 15.41
15.50 15.47 15.47 15.51 15.42 15.48 15.50 15.53 15.49 15.52 15.47 15.50 15.47 15.42 15.49 15.49 15.49 15.45 15.43 15.44 15.38 15.54 15.51 15.52 15.51 15.56 15.49 15.47 15.52 15.52 15.55 15.54 15.48 15.56 15.43 15.52 15.51 15.56 15.59 15.50 15.51 15.55 15.51 15.50 15.51 15.43 15.47 15.48 15.42 15.47 15.34 15.48 15.44 15.49 15.41 15.47 15.50 15.37 15.39 15.48 15.46 15.47 15.40 15.44 15.39 15.36 15.34 15.52 15.38 15.44 15.46 15.42 15.47 15.50 15.44 15.49 15.39
15.50 15.43 15.48 15.43 15.49 15.50 15.47 15.50 15.49 15.44 15.46 15.50 15.45 15.44 15.46 15.44 15.46 15.50 15.49 15.44 15.30 15.47 15.50 15.52 15.49 15.52 15.43 15.42 15.46 15.50 15.48 15.53 15.44 15.47 15.46 15.47 15.51 15.52 15.55 15.52 15.46 15.53 15.54 15.46 15.47 15.40 15.48 15.47 15.39 15.37 15.38 15.42 15.42 15.44 15.37 15.43 15.42 15.42 15.40 15.33 15.43 15.41 15.44 15.43 15.34 15.29 15.40 15.45 15.40 15.42 15.43 15.44 15.44 15.44 15.47 15.41 15.43
15.46 15.47 15.44 15.38 15.41 15.41 15.42 15.38 15.45 15.41 15.44 15.39 15.43 15.47 15.39 15.46 15.40 15.41 15.35 15.36 15.28 15.43 15.48 15.41 15.37 15.45 15.48 15.35 15.43 15.48 15.47 15.45 15.51 15.49 15.46 15.45 15.48 15.51 15.51 15.46 15.49 15.43 15.49 15.44 15.39 15.43 15.44 15.50 15.42 15.39 15.42 15.41 15.48 15.37 15.38 15.40 15.39 15.42 15.22 15.34 15.39 15.35 15.37 15.36 15.38 15.35 15.37 15.34 15.39 15.40 15.44 15.46 15.42 15.42 15.41 15.39 15.45
15.43 15.48 15.37 15.43 15.37 15.37 15.37 15.41 15.40 15.44 15.45 15.37 15.39 15.40 15.43 15.46 15.39 15.39 15.39 15.38 15.36 15.44 15.44 15.31 15.38 15.40 15.47 15.42 15.47 15.39 15.42 15.47 15.43 15.49 15.47 15.42 15.35 15.42 15.45 15.42 15.42 15.43 15.42 15.42 15.42 15.45 15.45 15.51 15.41 15.45 15.36 15.25 15.37 15.43 15.34 15.36 15.34 15.38 15.23 15.31 15.43 15.33 15.34 15.33 15.42 15.25 15.43 15.33 15.36 15.39 15.41 15.45 15.38 15.42 15.31 15.41 15.42
15.42 15.40 15.40 15.41 15.36 15.30 15.33 15.39 15.40 15.37 15.43 15.40 15.38 15.39 15.45 15.45 15.50 15.30 15.31 15.36 15.35 15.36 15.35 15.35 15.32 15.40 15.42 15.45 15.43 15.39 15.38 15.39 15.43 15.43 15.40 15.41 15.44 15.34 15.43 15.42 15.43 15.39 15.42 15.39 15.41 15.28 15.42 15.39 15.47 15.33 15.40 15.35 15.38 15.40 15.41 15.32 15.35 15.33 15.19 15.33 15.10 15.31 15.27 15.25 15.40 15.20 15.31 15.41 15.40 15.35 15.39 15.40 15.36 15.36 15.37 15.37 15.28
15.41 15.42 15.38 15.34 15.32 15.39 15.31 15.42 15.28 15.38 15.42 15.39 15.35 15.45 15.39 15.31 15.40 15.34 15.33 15.39 15.30 15.33 15.39 15.31 15.30 15.36 15.37 15.41 15.40 15.32 15.38 15.33 15.39 15.36 15.38 15.40 15.41 15.41 15.30 15.37 15.38 15.39 15.41 15.39 15.35 15.37 15.33 15.31 15.42 15.39 15.33 15.38 15.39 15.42 15.37 15.32 15.38 15.41 15.28 15.11 15.00 15.12 15.38 15.28 15.38 15.45 15.35 15.34 15.36 15.26 15.35 15.30 15.34 15.31 15.37 15.36 15.32
15.41 15.36 15.39 15.31 15.32 15.35 15.38 15.39 15.29 15.36 15.36 15.30 15.41 15.41 15.39 15.28 15.34 15.39 15.29 15.37 15.32 15.28 15.35 15.34 15.35 15.39 15.27 15.33 15.40 15.31 15.31 15.33 15.40 15.29 15.39 15.35 15.38 15.36 15.28 15.33 15.36 15.36 15.30 15.33 15.34 15.37 15.38 15.32 15.36 15.35 15.38 15.38 15.39 15.39 15.29 15.37 15.38 15.34 15.25 15.18 15.28 15.19 15.31 15.32 15.39 15.31 15.34 15.32 15.38 15.37 15.23 15.35 15.35 15.26 15.32 15.27 15.29
15.35 15.39 15.27 15.38 15.31 15.34 15.36 15.38 15.29 15.37 15.26 15.36 15.27 15.35 15.38 15.33 15.34 15.21 15.27 15.32 15.32 15.27 15.34 15.35 15.35 15.36 15.30 15.31 15.27 15.30 15.30 15.35 15.34 15.28 15.37 15.33 15.38 15.28 15.36 15.36 15.28 15.35 15.27 15.31 15.34 15.30 15.29 15.35 15.32 15.35 15.36 15.37 15.39 15.34 15.37 15.36 15.30 15.34 15.32 15.30 15.35 15.32 15.31 15.31 15.25 15.32 15.31 15.32 15.37 15.35 15.17 15.24 15.23 15.34 15.29 15.31 15.26
15.36 15.31 15.40 15.25 15.28 15.33 15.35 15.25 15.33 15.31 15.22 15.25 15.28 15.31 15.25 15.30 15.35 15.15 15.22 15.25 15.14 15.31 15.32 15.28 15.29 15.32 15.29 15.29 15.23 15.28 15.30 15.34 15.28 15.25 15.32 15.29 15.33 15.33 15.31 15.27 15.27 15.33 15.25 15.33 15.21 15.28 15.32 15.31 15.29 15.32 15.38 15.34 15.38 15.36 15.35 15.37 15.39 15.29 15.35 15.37 15.36 15.23 15.25 15.33 15.31 15.28 15.27 15.28 15.35 15.13 15.28 15.20 15.27 15.30 15.27 15.30 15.29
15.32 15.26 15.28 15.23 15.31 15.32 15.32 15.26 15.31 15.30 15.10 15.31 15.27 15.33 15.23 15.31 15.27 15.27 15.18 15.25 15.18 15.29 15.31 15.24 15.25 15.32 15.22 15.30 15.27 15.28 15.24 15.31 15.29 15.23 15.30 15.29 15.31 15.33 15.33 15.32 15.31 15.37 15.16 15.28 15.20 15.30 15.28 15.27 15.33 15.28 15.36 15.32 15.34 15.37 15.29 15.32 15.32 15.32 15.31 15.29 15.34 15.32 15.20 15.32 15.29 15.30 15.26 15.27 15.31 15.23 15.29 15.27 15.32 15.25 15.35 15.31 15.31
15.28 15.23 15.15 15.23 15.26 15.30 15.30 15.19 15.26 15.31 15.11 15.26 15.24 15.28 15.30 15.23 15.25 15.26 15.19 15.30 15.23 15.27 15.22 15.28 15.25 15.27 15.23 15.25 15.22 15.30 15.24 15.24 15.32 15.18 15.28 15.25 15.23 15.29 15.29 15.30 15.30 15.28 15.32 15.17 15.24 15.31 15.25 15.31 15.30 15.28 15.25 15.28 15.29 15.26 15.20 15.24 15.28 15.22 15.22 15.28 15.32 15.29 15.30 15.31 15.28 15.21 15.24 15.29 15.09 15.32 15.23 15.22 15.21 15.27 15.26 15.25 15.28
15.21 15.25 15.14 15.18 15.21 15.27 15.15 15.19 15.24 15.28 15.15 15.24 15.29 15.20 15.18 15.20 15.26 15.28 15.18 15.28 15.23 15.28 15.24 15.27 15.27 15.18 15.17 15.25 15.28 15.23 15.25 15.22 15.20 15.17 15.16 15.14 15.12 15.27 15.28 15.30 15.28 15.25 15.27 15.29 15.30 15.29 15.33 15.30 15.27 15.23 15.29 15.22 15.25 15.21 15.22 15.24 15.20 15.25 15.28 15.21 15.34 15.26 15.29 15.28 15.21 15.19 15.29 15.26 15.22 15.20 15.11 15.17 15.26 15.28 15.25 15.28 15.22
15.24 15.13 15.17 15.19 15.19 15.24 15.16 15.13 15.21 15.22 15.17 15.25 15.20 15.19 15.20 15.27 15.13 15.25 15.14 15.16 15.21 15.23 15.24 15.24 15.20 15.18 15.18 15.23 15.28 15.30 15.18 15.15 15.16 15.09 15.00 15.11 15.15 15.24 15.25 15.27 15.22 15.22 15.26 15.21 15.22 15.25 15.27 15.26 15.23 15.18 15.19 15.23 15.13 15.16 15.17 15.19 15.26 15.20 15.21 15.22 15.25 15.24 15.30 15.22 15.27 15.12 15.21 15.20 15.21 15.12 14.99 15.24 15.21 15.26 15.23 15.24 15.24
15.20 15.11 15.22 15.17 15.22 15.24 15.21 15.05 15.17 15.13 15.14 15.18 15.19 15.26 15.11 15.17 15.24 15.26 15.26 15.05 15.13 15.20 15.18 15.22 15.14 15.14 15.17 15.19 15.23 15.11 15.13 15.18 15.14 15.03 15.08 15.10 15.24 15.22 15.22 15.22 15.20 15.19 15.20 15.20 15.20 15.19 15.23 15.22 15.24 15.21 15.24 15.23 15.22 15.16 15.19 15.21 15.23 15.15 15.08 15.16 15.25 15.17 15.20 15.15 15.22 15.22 15.22 15.19 15.13 15.21 15.08 15.16 15.19 15.22 15.23 15.21 15.23
15.18 15.17 15.19 15.11 15.16 15.16 15.19 15.10 15.12 15.09 15.18 15.10 15.10 15.15 15.22 15.06 15.19 15.24 15.25 15.16 15.10 15.04 15.18 15.19 15.18 15.13 15.18 15.17 15.15 15.12 15.15 15.17 15.11 15.18 15.15 15.13 15.18 15.24 15.21 15.18 15.12 15.17 15.17 15.18 15.21 15.21 15.25 15.22 15.25 15.18 15.19 15.22 15.27 15.20 15.19 15.12 15.19 15.13 15.13 15.15 15.18 15.20 15.19 15.23 15.24 15.16 15.14 15.15 15.07 15.09 15.05 15.11 15.20 15.20 15.22 15.25 15.14
15.16 15.12 15.15 15.15 15.11 15.13 15.11 15.10 15.14 15.08 15.14 15.08 15.12 15.08 15.07 15.13 15.21 15.12 15.25 15.15 15.00 15.05 15.18 15.17 15.13 15.15 15.15 15.15 15.16 15.06 15.14 15.17 15.15 15.18 15.15 15.19 15.12 15.19 15.17 15.13 15.11 15.14 15.14 15.18 15.22 15.26 15.23 15.20 15.22 15.21 15.17 15.20 15.25 15.22 15.21 15.15 15.15 15.14 15.10 15.20 15.24 15.16 15.16 15.19 15.18 15.11 15.12 15.09 15.09 15.05 15.00 15.16 15.18 15.18 15.20 15.17 15.18
15.12 15.08 15.10 15.11 15.13 15.05 15.10 15.15 15.13 15.13 15.12 15.06 15.08 15.12 15.03 15.09 15.14 15.19 15.18 15.14 15.11 14.97 15.08 15.16 15.17 15.10 15.13 15.16 15.15 15.05 15.09 15.13 15.10 15.10 15.04 15.09 15.13 15.11 15.12 15.12 15.10 15.11 15.16 15.16 15.18 15.22 15.18 15.19 15.19 15.21 15.15 15.16 15.23 15.20 15.14 15.20 15.14 15.17 15.17 15.15 15.17 15.18 15.16 15.26 15.18 15.05 15.12 15.06 15.11 14.83 15.02 15.08 15.15 15.15 15.18 15.20 15.15
15.11 15.01 15.05 15.11 15.08 15.10 15.06 15.08 15.02 15.09 15.09 15.05 15.04 15.08 15.14 14.93 15.02 15.06 15.12 15.18 14.97 14.98 15.05 15.10 15.11 15.11 15.14 15.15 15.05 15.05 15.07 15.10 15.09 15.06 15.06 15.07 15.11 15.08 15.13 15.13 15.10 15.08 15.15 15.16 15.17 15.16 15.13 15.12 15.16 15.17 15.13 15.19 15.19 15.14 15.16 15.16 15.17 15.17 15.03 15.08 15.17 15.21 15.17 15.20 15.14 15.13 15.10 15.09 14.96 14.98 15.03 15.12 15.03 15.12 15.14 15.15 15.12
15.08 15.07 15.02 15.08 15.10 15.04 15.02 15.04 15.00 15.02 15.02 15.07 15.07 14.99 15.07 15.15 14.94 15.03 15.01 15.04 15.09 15.08 15.07 15.08 15.10 15.06 15.07 15.07 15.05 15.06 15.08 15.09 15.09 15.06 15.07 15.02 15.10 15.09 15.11 15.08 15.06 15.13 15.09 15.13 15.13 15.12 15.14 15.17 15.13 15.14 15.15 15.14 15.15 15.10 15.15 15.14 15.13 15.20 15.06 15.10 15.08 15.01 15.09 15.16 15.10 15.03 15.15 15.11 14.96 14.95 15.10 14.94 15.08 15.08 15.11 15.09 15.11
15.02 15.05 15.07 15.05 15.02 15.04 15.06 14.97 14.95 15.02 15.07 15.11 14.99 14.97 15.04 15.05 15.12 14.92 15.02 15.04 15.07 15.10 15.08 15.10 15.03 15.00 15.08 15.05 15.07 14.99 15.07 15.09 15.03 15.04 15.05 15.05 15.03 15.02 15.05 15.07 14.99 15.05 15.09 15.11 15.08 15.01 15.12 15.13 15.12 15.14 15.10 15.09 15.11 15.08 15.08 15.14 15.11 15.09 15.01 15.11 14.97 15.01 14.95 15.06 15.10 15.10 14.94 15.09 15.06 14.99 14.91 15.00 15.11 15.03 15.12 15.10 15.12
15.02 15.04 15.00 14.94 15.05 14.97 15.02 15.04 15.01 15.05 15.06 15.08 14.96 14.98 15.01 15.07 15.10 14.90 14.98 15.01 15.05 15.08 15.05 15.05 15.02 15.06 15.00 15.08 14.96 15.01 15.05 15.00 15.02 15.01 15.04 15.06 14.98 15.04 15.05 15.05 14.99 15.03 15.04 15.07 15.05 15.09 15.09 15.06 15.09 15.12 15.12 15.12 14.99 15.06 15.05 15.11 15.10 15.10 15.09 15.06 15.10 15.07 14.92 15.12 15.03 15.10 15.02 14.97 15.07 14.98 14.76 15.07 14.98 15.11 15.06 15.09 15.10
15.04 15.05 14.94 14.92 14.98 15.01 15.03 15.02 15.04 15.01 15.08 15.04 14.95 15.02 15.06 15.07 14.96 14.95 15.02 14.96 15.06 15.08 15.03 15.02 15.01 15.01 15.00 15.05 14.94 14.99 15.01 15.00 14.99 15.03 14.99 15.03 14.97 15.01 15.04 14.97 15.04 15.04 15.05 14.97 15.01 15.06 15.10 15.10 15.06 15.03 15.07 15.08 15.09 15.09 15.02 15.07 15.12 15.06 15.08 15.10 15.07 15.06 15.04 15.03 15.08 14.97 15.02 15.04 15.02 14.91 14.98 14.96 15.01 14.94 15.07 15.10 15.11
15.01 15.00 14.93 14.95 14.93 14.94 14.93 15.06 14.91 15.02 15.07 15.03 15.08 14.87 14.99 15.02 14.89 15.00 14.96 15.00 15.04 14.99 14.90 15.03 15.04 14.95 14.99 15.00 14.97 14.95 14.95 14.98 15.00 14.97 15.01 15.00 14.96 14.99 15.02 14.99 15.03 14.98 15.04 15.02 14.98 15.02 15.06 15.09 15.04 15.03 14.99 15.01 14.99 15.00 15.03 15.03 15.05 15.08 15.05 14.98 15.03 15.07 15.03 14.98 15.07 15.02 15.00 14.90 15.00 14.98 14.78 15.02 14.94 15.04 15.02 15.13 15.12
14.98 14.99 14.93 14.97 14.95 15.00 15.02 15.06 14.98 14.97 15.00 15.00 14.93 14.95 14.92 14.96 14.93 14.97 14.96 14.99 14.97 15.03 15.04 14.98 14.98 14.95 14.96 14.99 14.95 14.94 14.96 14.97 14.98 14.93 15.00 14.96 14.97 15.00 14.97 15.00 14.91 14.99 14.98 14.94 14.97 15.03 15.05 15.03 14.91 15.03 14.95 14.97 14.95 14.97 15.03 15.01 15.07 15.08 15.04 14.94 15.05 15.05 15.05 14.94 14.95 14.90 14.96 14.97 14.95 14.95 14.93 14.74 15.02 15.05 15.05 15.07 15.07
14.95 14.91 14.92 14.95 14.89 14.93 14.97 14.97 15.00 14.81 14.82 14.95 15.00 14.83 14.87 14.97 14.90 14.97 14.92 14.98 15.00 15.00 15.02 14.95 14.94 14.96 14.97 14.94 14.92 14.94 14.96 14.96 14.95 14.98 14.97 14.96 14.88 14.96 14.98 14.90 14.94 14.97 14.95 14.96 15.00 14.94 14.90 14.94 15.02 15.05 14.88 14.96 14.99 14.95 15.05 15.00 14.99 15.06 15.07 15.01 15.06 15.04 15.04 15.01 15.01 14.92 14.97 14.95 15.01 15.00 14.79 14.98 15.01 14.97 15.00 15.02 15.03
14.95 14.75 14.95 14.90 14.86 14.90 14.97 14.88 15.01 14.90 14.77 14.85 14.95 14.96 14.96 14.95 14.88 14.90 14.93 14.96 14.94 14.94 14.90 14.94 14.97 14.96 14.91 14.93 14.95 14.89 14.92 14.95 14.95 14.93 14.97 14.99 14.91 14.90 14.94 14.91 14.94 14.94 14.93 14.96 14.95 14.96 14.84 14.85 14.99 14.93 14.87 14.96 14.96 14.98 14.96 15.03 15.04 14.98 14.95 14.95 15.04 14.99 15.03 14.99 15.00 15.00 14.94 14.96 14.96 14.96 14.92 14.95 14.98 15.01 15.00 14.95 14.99
14.89 14.84 14.81 14.93 14.78 14.78 14.92 14.83 14.88 14.84 14.88 14.82 14.88 14.93 14.90 14.95 14.83 14.89 14.91 14.93 14.95 14.90 14.85 14.90 14.96 14.88 14.88 14.93 14.87 14.93 14.88 14.93 14.91 14.91 14.93 14.94 14.94 14.94 14.92 14.94 14.91 14.85 14.94 14.94 14.96 14.86 14.89 14.74 14.92 14.84 14.88 14.95 14.91 14.94 14.97 14.96 14.99 14.95 14.96 14.95 14.93 15.02 14.98 14.99 14.95 14.96 14.93 14.90 14.93 14.96 14.91 14.92 14.99 14.92 14.98 14.98 15.00
14.79 14.90 14.88 14.91 14.89 14.77 14.78 14.86 14.86 14.92 14.86 14.86 14.87 14.91 14.93 14.95 14.86 14.94 14.89 14.88 14.90 14.85 14.89 14.90 14.89 14.89 14.88 14.90 14.91 14.89 14.90 14.90 14.90 14.93 14.93 14.94 14.93 14.96 14.97 14.95 14.94 14.87 14.94 14.88 14.96 14.94 14.90 14.89 14.81 14.79 14.77 14.83 14.83 14.86 14.86 14.94 14.92 14.86 14.94 14.93 14.91 14.97 14.94 14.92 14.97 14.96 14.89 14.90 14.90 14.87 14.94 14.95 14.90 14.92 14.93 14.94 14.93
14.86 14.81 14.89 14.85 14.81 14.67 14.81 14.86 14.85 14.88 14.87 14.82 14.87 14.89 14.91 14.86 14.88 14.92 14.80 14.84 14.85 14.86 14.90 14.84 14.83 14.88 14.84 14.88 14.86 14.86 14.86 14.88 14.92 14.91 14.92 14.96 14.89 14.94 14.91 14.93 14.95 14.95 14.94 14.81 14.96 14.82 14.98 14.96 14.80 14.92 14.85 14.84 14.83 14.86 14.84 14.94 14.87 14.85 14.89 14.93 14.90 14.97 14.91 14.89 14.93 14.91 14.87 14.90 14.91 14.90 14.94 14.90 14.95 14.97 14.90 14.94 14.98
14.79 14.81 14.82 14.80 14.70 14.75 14.86 14.83 14.82 14.77 14.81 14.85 14.82 14.85 14.89 14.84 14.88 14.91 14.86 14.80 14.82 14.82 14.83 14.86 14.88 14.79 14.83 14.87 14.87 14.90 14.92 14.83 14.85 14.90 14.91 14.93 14.91 14.91 14.93 14.92 14.92 14.90 14.88 14.89 14.76 14.96 14.89 14.90 14.78 14.94 14.86 14.91 14.77 14.82 14.89 14.86 14.85 14.79 14.84 14.87 14.89 14.83 14.81 14.87 14.88 14.91 14.88 14.84 14.88 14.88 14.91 14.91 14.92 14.96 14.92 14.92 14.93
14.86 14.80 14.87 14.73 14.69 14.78 14.81 14.90 14.68 14.82 14.84 14.78 14.79 14.82 14.83 14.79 14.79 14.85 14.89 14.71 14.76 14.79 14.80 14.82 14.83 14.84 14.85 14.83 14.88 14.90 14.91 14.77 14.86 14.79 14.89 14.92 14.87 14.92 14.89 14.86 14.92 14.88 14.86 14.88 14.79 14.89 14.82 14.88 14.86 14.76 14.81 14.81 14.76 14.71 14.87 14.78 14.80 14.79 14.77 14.78 14.83 14.85 14.80 14.84 14.85 14.90 14.85 14.87 14.87 14.90 14.91 14.87 14.90 14.92 14.90 14.89 14.93
14.73 14.79 14.61 14.70 14.82 14.84 14.80 14.73 14.81 14.86 14.78 14.79 14.81 14.80 14.82 14.81 14.76 14.80 14.83 14.74 14.76 14.77 14.81 14.84 14.76 14.82 14.85 14.86 14.86 14.90 14.86 14.80 14.87 14.80 14.89 14.90 14.91 14.89 14.88 14.80 14.85 14.92 14.81 14.81 14.79 14.78 14.82 14.85 14.79 14.69 14.69 14.58 14.51 14.57 14.67 14.74 14.73 14.74 14.75 14.80 14.79 14.80 14.76 14.80 14.84 14.83 14.84 14.84 14.85 14.86 14.88 14.89 14.85 14.86 14.91 14.87 14.89
