main/data/irradiance/01.02.2023.grid
ncols 839
nrows 679
xllcenter 112.0500
yllcenter -43.9500
cellsize 0.0500
nodata_value 99999.90
[rows 170 to 203 of 679, columns 154 to 230 of 839]
99999.90 99999.90 99999.90 99999.90 99999.90 99999.90 99999.90 99999.90 99999.90 99999.90 99999.90 99999.90 99999.90 99999.90 99999.90 99999.90 99999.90 99999.90 99999.90 99999.90 99999.90 99999.90 99999.90 99999.90 99999.90 99999.90 28.61 28.61 28.47 28.47 28.47 28.47 28.47 28.47 28.47 28.47 28.47 27.83 27.83 27.83 27.83 27.83 27.12 26.84 26.80 26.80 25.94 24.23 23.96 23.37 22.92 22.52 22.72 23.27 24.07 23.81 23.59 23.36 22.84 21.43 20.86 20.61 21.36 21.26 20.88 21.02 21.50 21.18 21.91 22.68 23.91 23.67 24.15 24.59 23.51 23.56 22.07
99999.90 99999.90 99999.90 99999.90 99999.90 99999.90 99999.90 99999.90 99999.90 99999.90 99999.90 99999.90 99999.90 99999.90 99999.90 99999.90 99999.90 99999.90 99999.90 99999.90 99999.90 99999.90 99999.90 99999.90 99999.90 99999.90 28.61 28.61 28.47 28.47 28.47 28.47 28.47 28.47 28.47 28.47 28.47 28.47 28.22 28.03 28.03 28.03 27.83 27.42 26.73 26.80 26.37 25.57 24.85 23.72 22.61 22.66 24.06 23.84 24.04 25.20 24.26 23.87 23.60 22.19 21.46 20.50 21.23 21.17 21.20 21.82 21.10 21.86 21.58 23.73 24.40 23.64 23.51 23.62 22.78 22.53 21.17
99999.90 99999.90 99999.90 99999.90 99999.90 99999.90 99999.90 99999.90 99999.90 99999.90 99999.90 99999.90 99999.90 99999.90 99999.90 99999.90 99999.90 99999.90 99999.90 99999.90 99999.90 99999.90 99999.90 99999.90 99999.90 28.87 28.61 28.61 28.47 28.47 28.47 28.47 28.47 28.47 28.47 28.47 28.47 28.47 28.47 28.22 28.15 28.15 27.89 27.75 27.26 26.75 26.46 26.22 25.46 24.39 23.82 22.60 22.48 23.78 24.80 24.55 24.76 24.16 24.58 22.82 21.38 19.84 20.84 20.71 21.68 22.29 22.01 22.20 22.73 24.24 24.04 23.36 24.11 24.21 22.79 22.34 21.14
99999.90 99999.90 99999.90 99999.90 99999.90 99999.90 99999.90 99999.90 99999.90 99999.90 99999.90 99999.90 99999.90 99999.90 99999.90 99999.90 99999.90 99999.90 99999.90 99999.90 99999.90 99999.90 99999.90 99999.90 29.14 28.87 28.61 28.61 28.47 28.47 28.47 28.47 28.47 28.47 28.47 28.47 28.47 28.47 28.47 28.22 28.22 28.00 27.68 27.45 27.07 26.19 25.92 25.96 25.27 24.65 22.88 21.98 22.17 23.06 24.68 25.04 24.53 24.76 23.19 22.75 21.73 21.05 21.16 21.11 21.96 22.24 22.59 22.25 23.88 24.41 22.80 23.44 24.91 24.46 24.52 23.58 21.35
99999.90 99999.90 99999.90 99999.90 99999.90 99999.90 99999.90 99999.90 99999.90 99999.90 99999.90 99999.90 99999.90 99999.90 99999.90 99999.90 99999.90 99999.90 99999.90 99999.90 99999.90 99999.90 99999.90 99999.90 29.14 29.14 28.61 28.61 28.61 28.61 28.47 28.47 28.47 28.47 28.47 28.47 28.47 28.47 28.47 28.36 27.96 27.86 27.66 26.78 26.26 26.09 25.65 25.44 25.58 25.67 25.02 23.74 23.60 23.36 24.36 23.65 23.79 24.31 23.64 23.56 22.38 22.23 21.41 21.09 21.71 22.13 22.55 23.30 23.91 23.73 24.48 24.78 24.72 24.40 24.59 23.59 22.48
99999.90 99999.90 99999.90 99999.90 99999.90 99999.90 99999.90 99999.90 99999.90 99999.90 99999.90 99999.90 99999.90 99999.90 99999.90 99999.90 99999.90 99999.90 99999.90 99999.90 99999.90 99999.90 99999.90 29.39 29.14 29.14 28.61 28.61 28.61 28.61 28.61 28.61 28.61 28.61 28.47 28.47 28.47 28.47 28.47 28.41 28.10 27.96 27.67 27.20 26.89 26.81 25.91 25.68 25.62 25.80 25.16 24.43 24.00 24.45 25.02 24.28 23.77 23.86 23.94 23.58 23.07 22.40 21.93 21.66 21.87 22.49 23.52 24.94 23.75 23.82 24.74 25.21 24.75 23.13 23.79 24.10 23.74
99999.90 99999.90 99999.90 99999.90 99999.90 99999.90 99999.90 99999.90 99999.90 99999.90 99999.90 99999.90 99999.90 99999.90 99999.90 99999.90 99999.90 99999.90 99999.90 99999.90 99999.90 99999.90 29.23 29.39 29.14 29.14 29.14 28.61 28.61 28.61 28.61 28.61 28.61 28.61 28.61 28.61 28.39 28.39 28.39 28.47 27.99 28.19 28.24 27.84 26.83 27.54 26.96 26.37 26.03 25.95 24.55 24.32 24.77 25.70 25.88 25.42 24.24 23.86 23.30 22.43 23.47 22.93 23.02 22.12 22.17 22.15 24.19 24.42 24.14 24.92 24.97 25.36 25.02 23.91 23.83 24.65 24.00
99999.90 99999.90 99999.90 99999.90 99999.90 99999.90 99999.90 99999.90 99999.90 99999.90 99999.90 99999.90 99999.90 99999.90 99999.90 99999.90 99999.90 99999.90 99999.90 99999.90 99999.90 29.25 29.23 29.23 29.14 29.14 29.14 29.14 29.14 28.61 28.61 28.61 28.61 28.61 28.61 28.61 28.61 28.57 28.57 28.55 28.43 28.45 28.37 28.24 28.27 28.19 27.58 26.97 26.88 26.41 25.20 24.54 25.01 25.24 27.04 26.12 25.51 24.29 24.08 24.02 24.17 23.79 23.14 23.10 23.35 23.02 22.66 23.55 24.58 25.02 25.67 25.66 25.01 25.21 24.45 24.68 23.80
99999.90 99999.90 99999.90 99999.90 99999.90 99999.90 99999.90 99999.90 99999.90 99999.90 99999.90 99999.90 99999.90 99999.90 99999.90 99999.90 99999.90 99999.90 99999.90 99999.90 29.40 29.25 29.25 29.23 29.14 29.14 29.14 29.14 29.14 29.14 28.61 28.61 28.61 28.61 28.61 28.61 28.61 28.61 28.66 28.63 28.48 28.37 28.42 28.56 28.17 28.09 27.34 26.62 26.19 25.69 26.53 25.20 24.59 24.10 26.17 26.16 25.48 24.28 24.44 23.93 24.46 23.42 23.23 22.98 24.05 24.52 23.80 23.36 23.47 24.85 25.54 26.30 25.60 25.90 25.50 25.24 24.63
99999.90 99999.90 99999.90 99999.90 99999.90 99999.90 99999.90 99999.90 99999.90 99999.90 99999.90 99999.90 99999.90 99999.90 99999.90 99999.90 99999.90 99999.90 99999.90 29.44 29.40 29.40 29.25 29.25 29.23 29.14 29.14 29.14 29.14 29.14 29.14 28.87 28.61 28.61 28.61 28.61 28.40 28.40 28.56 28.64 28.68 28.61 28.45 28.44 28.36 28.06 27.79 27.07 26.62 26.24 25.00 26.40 26.15 25.58 25.56 26.81 25.93 24.82 24.39 24.68 24.51 24.87 23.55 23.79 23.46 24.62 23.99 23.70 24.28 24.76 25.53 26.60 25.83 26.45 25.17 24.29 24.58
99999.90 99999.90 99999.90 99999.90 99999.90 99999.90 99999.90 99999.90 99999.90 99999.90 99999.90 99999.90 99999.90 99999.90 99999.90 99999.90 99999.90 99999.90 29.42 29.44 29.44 29.40 29.40 29.25 29.25 29.23 29.23 29.14 29.14 29.14 29.14 29.14 28.87 28.87 28.61 28.61 28.61 28.31 28.68 28.70 28.72 28.58 28.40 28.49 28.28 27.98 27.21 26.99 26.91 27.05 26.47 26.69 26.10 26.27 25.36 26.47 26.10 24.95 25.20 24.92 25.44 25.31 25.24 24.41 22.86 24.01 24.44 23.34 24.29 25.92 25.99 26.42 26.60 26.07 26.54 25.45 25.21
99999.90 99999.90 99999.90 99999.90 99999.90 99999.90 99999.90 99999.90 99999.90 99999.90 99999.90 99999.90 99999.90 99999.90 99999.90 99999.90 29.49 29.49 29.49 29.49 29.49 29.49 29.40 29.40 29.25 29.25 29.23 29.23 29.14 29.14 29.14 29.14 29.14 28.87 28.87 28.62 28.62 28.49 28.50 28.79 28.71 28.76 28.55 28.49 28.03 27.63 27.68 26.81 26.93 27.17 26.27 26.10 26.47 26.25 25.55 25.68 26.47 25.23 25.59 25.67 25.82 25.51 25.29 24.70 23.87 23.52 22.84 23.71 25.84 25.86 27.06 26.50 26.16 27.12 27.38 26.44 26.07
99999.90 99999.90 99999.90 99999.90 99999.90 99999.90 99999.90 99999.90 99999.90 99999.90 99999.90 99999.90 99999.90 99999.90 29.32 29.32 29.32 29.32 29.32 29.32 29.32 29.49 29.49 29.40 29.40 29.25 29.25 29.23 29.23 29.39 29.14 29.14 29.14 29.14 28.87 28.87 28.53 28.51 28.48 28.81 28.92 28.87 28.61 28.53 28.29 28.06 27.37 27.40 27.45 27.07 26.97 26.77 26.48 26.57 27.07 26.93 26.77 26.38 25.51 25.46 25.71 24.72 25.18 24.32 25.25 24.55 23.48 24.17 24.28 25.71 26.14 27.06 26.65 26.86 26.38 26.41 25.99
99999.90 99999.90 99999.90 99999.90 99999.90 99999.90 99999.90 99999.90 99999.90 99999.90 99999.90 99999.90 29.51 29.51 29.51 29.51 29.51 29.51 29.51 29.32 29.32 29.49 29.49 29.44 29.40 29.40 29.25 29.25 29.23 29.23 29.39 29.39 29.14 29.14 29.14 28.85 28.49 28.48 28.64 28.87 28.93 28.91 28.72 28.52 28.36 27.60 27.67 26.97 27.20 26.65 26.59 26.86 26.36 26.17 26.24 26.73 26.21 25.91 25.48 25.53 25.05 24.33 24.99 25.53 25.24 25.59 24.52 24.64 24.62 25.41 25.92 26.49 27.12 26.91 26.94 25.52 26.18
99999.90 99999.90 99999.90 99999.90 99999.90 99999.90 99999.90 99999.90 99999.90 99999.90 29.45 29.45 29.45 29.45 29.45 29.45 29.45 29.51 29.51 29.32 29.32 29.32 29.49 29.49 29.44 29.40 29.40 29.25 29.25 29.23 29.23 29.39 29.39 29.25 29.25 29.02 28.51 28.56 28.58 28.10 28.32 28.54 28.76 28.84 28.22 28.16 27.69 27.72 26.83 27.48 27.03 26.57 26.42 26.79 26.91 27.11 27.16 26.65 26.00 25.50 25.49 25.45 25.26 25.56 25.48 25.53 25.59 25.81 24.87 25.13 26.18 26.65 26.95 26.67 27.30 26.45 26.51
99999.90 99999.90 99999.90 99999.90 99999.90 99999.90 99999.90 28.79 28.79 28.79 28.79 28.79 28.79 28.79 28.79 28.79 29.45 29.51 29.51 29.51 29.32 29.32 29.49 29.49 29.49 29.44 29.40 29.40 29.25 29.25 29.23 29.23 29.39 29.39 29.37 29.18 28.98 28.80 28.55 27.79 27.75 27.70 28.24 28.79 28.47 28.14 28.56 28.31 27.72 27.56 27.89 27.60 27.79 28.26 28.20 27.97 27.83 26.98 26.60 25.89 25.51 25.83 25.12 24.64 25.82 25.64 26.09 26.50 27.01 26.35 26.12 26.97 26.98 26.96 27.05 26.78 26.09
99999.90 99999.90 99999.90 99999.90 29.05 29.05 29.05 29.05 29.05 29.05 29.05 29.05 29.05 28.79 28.79 28.79 29.45 29.45 29.51 29.51 29.32 29.32 29.32 29.49 29.49 29.44 29.44 29.40 29.40 29.25 29.25 29.23 29.23 29.31 29.30 29.19 29.14 29.08 29.01 27.85 27.98 27.54 27.80 28.12 28.49 28.26 28.44 28.48 28.12 27.72 27.88 27.19 27.61 28.37 28.53 28.14 27.84 27.35 26.77 26.47 25.47 26.01 25.20 24.34 24.65 26.65 26.45 26.62 26.79 26.55 26.23 25.87 26.93 27.51 27.05 27.03 26.02
99999.90 99999.90 29.16 29.16 29.16 29.16 29.16 29.16 29.16 29.05 29.05 29.05 29.05 28.79 28.79 28.79 29.45 29.45 29.51 29.51 29.51 29.32 29.32 29.49 29.49 29.49 29.44 29.44 29.40 29.40 29.25 29.25 28.96 28.92 28.95 29.12 29.22 29.13 29.06 28.94 27.95 27.35 26.96 27.46 28.30 28.09 28.43 28.55 28.39 28.46 28.41 28.35 27.96 28.20 28.55 28.61 28.21 27.90 27.48 27.07 26.85 26.55 26.48 26.10 24.57 26.82 27.09 27.02 27.13 27.29 26.55 24.98 25.47 26.71 27.17 26.55 26.15
29.13 29.13 29.13 29.13 29.13 29.13 29.13 29.25 29.16 29.05 29.05 29.05 29.05 28.79 28.79 28.79 28.79 29.45 29.45 29.51 29.51 29.32 29.32 29.32 29.49 29.49 29.42 29.44 29.44 29.40 29.40 29.40 29.42 28.96 28.19 28.52 28.70 28.97 29.06 29.04 28.07 26.15 27.14 26.47 26.90 28.11 28.56 28.80 28.66 28.61 28.31 26.97 28.52 27.98 27.92 28.35 28.04 27.48 27.81 27.39 27.39 26.76 26.44 26.73 26.51 25.89 26.67 27.19 27.69 26.91 26.91 25.87 26.51 26.21 26.96 26.80 27.33
29.08 29.24 29.13 29.13 29.13 29.13 29.13 29.25 29.16 29.16 29.05 29.05 29.05 29.05 28.79 28.79 28.79 29.45 29.45 29.51 29.51 29.51 29.32 29.32 29.49 29.49 29.49 29.42 29.44 29.44 29.49 29.47 29.43 29.32 29.01 28.27 28.17 28.74 28.40 28.46 26.69 26.37 24.83 26.60 24.63 27.37 28.30 28.66 27.96 27.86 28.49 27.37 27.91 28.01 27.42 27.84 28.26 27.98 28.13 27.62 26.91 27.06 26.98 26.30 26.87 26.83 25.95 27.50 27.47 27.88 27.73 27.49 27.06 26.97 26.70 27.08 27.14
29.08 29.24 29.13 29.13 29.13 29.13 29.13 29.25 28.98 29.16 29.05 29.05 29.05 29.05 28.79 28.79 28.79 29.45 29.45 29.45 29.51 29.51 29.32 29.32 29.32 29.49 29.49 29.42 29.42 29.48 29.48 29.39 29.04 29.23 28.96 27.99 28.30 27.74 28.83 28.58 27.72 26.44 25.83 25.71 26.54 25.64 27.30 28.08 27.91 27.61 28.32 28.14 28.23 28.37 27.76 28.22 28.19 28.40 28.48 28.12 27.41 27.60 27.49 26.56 26.76 26.97 26.74 26.93 27.79 27.63 28.08 28.02 27.37 27.17 26.12 26.37 27.03
29.08 29.24 29.46 29.13 29.13 29.13 29.13 29.25 28.98 29.16 29.16 29.05 29.05 29.05 28.79 28.79 28.79 28.79 29.45 29.45 29.51 29.51 29.51 29.32 29.32 29.49 29.49 29.38 29.44 29.51 29.42 29.30 29.21 29.26 28.65 27.63 27.53 26.47 27.23 28.22 28.32 27.51 26.04 25.47 24.86 27.57 27.60 27.68 27.81 27.86 28.48 28.43 28.40 28.30 28.50 28.19 28.48 28.39 27.03 27.76 27.89 28.01 28.05 27.59 27.41 27.40 27.72 27.96 27.48 28.12 28.20 28.05 27.27 27.25 27.53 26.63 26.42
29.08 29.24 29.46 29.13 29.13 29.13 29.13 29.25 28.98 29.16 29.16 29.05 29.05 29.05 29.05 28.79 28.79 28.79 29.45 29.45 29.45 29.51 29.51 29.32 29.32 29.23 29.42 29.50 29.48 29.50 29.45 29.36 29.39 29.32 28.64 27.81 27.86 27.36 25.69 25.16 28.01 27.67 26.93 27.14 25.77 25.34 27.68 28.06 28.10 27.94 28.46 27.82 28.74 28.53 28.76 28.20 28.54 28.36 27.98 27.92 28.06 28.25 28.38 28.15 27.66 27.43 27.65 27.66 27.94 28.32 28.28 28.32 28.11 27.35 27.99 27.79 26.71
29.08 29.24 29.46 29.13 29.13 29.13 29.13 29.25 28.98 29.16 29.16 29.16 29.05 29.05 29.05 28.79 28.79 28.79 29.05 29.45 29.45 29.51 29.51 29.33 28.85 28.94 29.13 28.96 29.53 29.50 29.49 29.42 29.40 29.28 28.96 28.63 27.60 26.63 25.24 25.15 26.24 27.06 27.45 27.68 28.58 26.74 26.54 27.34 28.04 28.59 28.41 28.15 28.62 28.68 28.91 28.92 28.76 28.35 28.45 27.72 27.74 28.49 28.08 27.96 28.10 27.86 27.63 27.66 27.97 28.35 28.48 28.50 28.65 28.25 27.16 27.84 27.01
29.08 29.24 29.46 29.13 29.13 29.13 29.13 29.25 28.98 29.21 29.16 29.16 29.05 29.05 29.05 29.05 28.79 28.79 29.05 29.45 29.45 29.44 29.03 29.05 28.76 28.32 28.41 28.71 29.40 29.44 29.55 29.47 29.48 29.47 28.44 28.28 28.72 27.49 26.41 26.05 26.68 27.09 27.32 27.42 28.30 28.33 27.33 26.61 26.99 28.23 28.29 28.94 28.31 27.88 28.75 28.87 28.46 28.31 28.19 28.28 28.39 28.79 28.55 28.07 28.42 28.27 28.06 27.57 28.23 28.41 28.68 28.66 28.55 28.46 27.68 27.00 26.88
29.08 29.24 29.46 29.37 29.13 29.13 29.13 29.25 28.98 29.21 29.16 29.16 29.16 29.05 29.05 29.05 28.79 28.79 29.05 29.35 29.43 29.33 28.99 27.84 28.41 27.86 28.31 27.90 28.53 28.82 28.75 29.49 29.41 28.91 27.25 27.78 28.07 26.45 26.39 26.89 26.56 26.73 26.99 27.69 27.84 28.68 28.28 27.93 27.10 28.33 28.79 28.65 28.79 28.63 28.09 28.88 28.67 28.65 28.72 28.78 28.68 28.50 28.30 28.45 28.54 28.62 27.86 28.40 27.66 28.51 28.64 28.70 28.59 28.69 28.51 28.03 27.14
29.08 29.24 29.46 29.37 29.13 29.13 29.13 29.25 28.98 29.21 28.86 29.16 29.16 29.05 29.05 29.05 29.02 29.03 29.34 29.31 29.35 29.41 28.58 26.98 27.40 27.68 28.84 26.10 25.25 27.21 26.96 27.32 27.03 27.69 27.17 26.31 26.17 26.75 26.55 26.32 26.53 26.41 26.41 27.14 27.72 27.97 28.22 28.28 28.09 28.04 28.29 28.22 28.59 28.70 27.92 28.37 28.91 28.64 28.84 28.92 28.88 28.58 27.88 28.81 28.77 28.52 27.90 26.98 28.30 28.44 28.37 28.90 28.60 28.64 27.98 28.23 27.76
29.08 29.24 29.46 29.37 29.15 29.13 29.13 29.25 28.98 29.21 28.86 29.16 29.16 29.01 29.14 29.17 29.18 29.14 29.25 29.30 29.37 29.16 27.54 26.57 26.92 26.79 27.92 26.13 24.80 26.07 27.51 25.82 26.90 26.70 27.09 26.55 25.57 26.23 27.20 27.34 27.07 27.34 26.82 27.17 27.47 27.73 28.01 28.10 28.58 28.81 28.13 28.52 28.50 28.26 27.87 27.82 28.51 28.99 28.69 28.89 28.71 28.58 28.40 28.21 27.49 27.06 27.99 28.44 28.38 28.12 28.78 29.11 29.04 28.62 28.37 28.15 28.03
29.08 29.24 29.46 29.37 29.15 29.13 29.13 29.25 28.98 29.21 28.86 29.22 29.22 29.21 29.40 29.28 29.37 28.89 29.30 29.39 29.31 29.09 27.26 26.63 25.82 27.10 26.75 25.63 24.88 25.70 26.25 25.40 25.95 25.89 27.22 28.34 27.21 25.86 27.17 27.14 26.98 27.40 27.31 27.22 27.54 27.58 27.83 28.15 28.34 28.86 28.95 28.93 28.34 27.03 27.85 27.92 28.25 28.61 28.89 27.64 28.47 28.06 28.19 28.29 28.51 28.62 28.58 28.28 28.66 28.97 28.94 28.81 28.73 28.37 28.10 27.63 28.60
29.08 29.24 29.46 29.37 29.15 29.17 29.29 29.22 29.31 29.45 29.45 29.31 29.47 29.49 29.36 28.52 27.48 27.30 28.15 28.97 28.33 29.09 27.85 27.45 26.73 26.85 25.49 25.07 23.27 23.99 24.67 26.27 27.63 26.19 26.14 28.00 27.67 27.67 27.27 26.46 26.83 26.89 27.06 27.62 27.54 27.50 27.85 28.00 28.47 28.70 29.09 28.90 28.81 28.32 27.14 27.43 28.39 28.11 28.91 28.88 28.30 28.58 28.20 28.75 28.49 28.62 28.46 28.71 28.86 28.74 29.19 29.12 29.03 28.59 28.20 27.48 28.11
29.50 29.52 29.48 29.55 29.33 29.30 29.54 29.58 29.55 29.54 29.41 29.47 29.45 29.28 28.91 27.45 26.48 26.38 26.25 25.72 27.69 28.20 27.95 26.61 26.26 26.29 26.75 25.69 23.57 23.83 23.37 24.26 26.06 26.08 25.11 27.04 27.95 27.63 26.43 26.30 27.11 27.15 27.45 27.62 27.72 27.60 27.29 27.99 28.57 27.95 28.35 28.86 28.88 28.91 28.44 28.05 28.33 27.52 28.44 28.93 28.09 28.41 27.98 28.47 28.92 28.79 28.82 28.82 28.90 29.23 29.08 29.08 29.15 28.47 28.39 28.04 27.24
29.40 29.51 29.50 29.31 28.76 29.34 29.51 29.58 29.57 29.50 29.17 28.76 29.11 29.35 28.90 27.65 27.13 25.73 26.11 27.86 26.37 28.07 27.64 25.74 24.87 25.55 27.24 25.95 23.65 23.70 23.94 23.67 25.21 25.08 25.53 26.73 26.71 25.80 26.95 26.06 26.81 26.77 27.60 28.29 27.67 27.30 27.70 28.42 28.52 28.41 27.97 28.87 28.11 28.45 28.49 28.69 28.31 28.09 28.13 28.34 28.72 28.31 27.91 28.67 28.12 28.64 28.94 28.86 28.59 28.71 29.03 28.98 28.96 28.75 28.78 28.77 28.03
29.48 29.52 29.45 28.07 27.47 28.83 29.16 29.20 28.83 29.34 28.75 28.46 28.37 28.62 27.40 26.67 27.66 25.56 26.04 27.61 26.27 27.11 27.61 26.14 24.90 25.20 26.24 25.90 24.37 24.14 23.60 23.31 24.09 24.36 27.11 27.26 27.53 26.65 27.53 27.35 26.62 27.87 28.49 27.97 27.53 27.29 28.18 28.34 28.32 28.99 29.09 28.27 27.66 27.80 28.27 28.65 27.94 28.59 28.73 28.14 28.45 28.63 28.36 28.37 27.82 27.80 27.82 28.53 28.41 28.82 29.05 29.10 29.10 28.22 28.69 28.79 27.94
29.42 29.44 29.22 27.16 26.71 28.30 29.28 29.44 29.08 28.71 27.78 28.98 28.65 28.94 28.35 28.69 27.99 26.67 26.74 27.32 26.51 25.86 27.52 26.79 25.25 24.73 25.43 26.13 25.30 25.12 24.36 23.94 23.88 23.99 26.56 26.51 26.75 27.17 26.74 27.59 26.27 27.19 28.07 27.95 27.62 27.89 28.83 28.05 28.10 29.03 28.94 28.87 27.00 28.30 27.53 27.81 28.55 28.61 28.30 27.76 28.46 28.83 29.19 28.43 27.49 27.28 28.01 28.32 28.29 28.60 28.92 28.88 29.05 29.11 28.66 28.46 28.82
