main/data/irradiance/01.02.2023.grid
ncols 839
nrows 679
xllcenter 112.0500
yllcenter -43.9500
cellsize 0.0500
nodata_value 99999.90
[rows 374 to 407 of 679, columns 154 to 230 of 839]
26.76 26.06 25.86 26.50 26.64 26.13 26.91 27.38 27.93 27.21 27.91 28.28 28.40 28.98 27.88 28.56 28.82 28.45 27.96 29.13 29.42 29.10 29.28 29.40 29.34 29.63 29.38 28.95 28.93 28.64 29.21 29.45 29.20 28.95 27.56 29.18 29.18 28.83 28.11 27.76 25.90 26.16 26.41 26.47 26.94 25.66 27.03 26.80 26.32 27.02 26.85 26.46 26.16 27.34 27.93 28.48 27.75 26.11 27.82 28.89 29.34 29.46 29.17 29.08 28.77 28.48 28.35 28.70 28.49 27.73 27.66 27.82 27.82 26.88 26.72 26.53 26.87
27.51 26.78 25.48 26.38 27.76 27.26 27.13 27.80 27.88 27.15 27.43 27.55 27.93 29.27 28.30 28.97 28.97 29.04 29.28 29.51 29.00 29.08 28.84 28.65 29.00 29.30 29.37 29.44 29.45 29.38 29.03 28.95 29.33 28.33 27.94 27.51 28.42 27.14 26.99 27.38 26.64 27.38 26.36 25.32 25.66 25.69 26.00 26.04 26.30 26.63 26.84 26.56 27.50 26.38 25.51 26.55 27.73 28.31 29.09 29.27 29.35 29.38 29.28 28.91 28.67 28.50 28.29 28.72 28.03 27.87 27.71 27.53 27.83 26.89 26.23 26.11 26.94
27.58 26.21 26.39 28.10 26.07 26.98 27.20 26.79 27.36 26.66 27.40 27.99 27.71 28.59 29.27 29.15 28.91 28.87 29.62 29.17 28.85 28.79 29.31 29.33 29.44 29.28 29.32 29.36 29.33 28.84 28.13 27.71 29.21 28.12 26.31 27.10 27.51 26.48 26.58 27.68 27.99 27.61 27.01 25.70 25.26 26.87 25.58 26.06 27.38 28.08 26.57 25.98 28.24 27.79 27.19 26.75 27.95 28.92 29.42 29.49 29.51 29.45 29.37 28.96 28.93 28.65 28.82 28.49 28.24 27.71 27.57 27.78 27.81 27.19 26.85 26.58 27.43
26.52 26.30 25.52 24.34 26.78 27.43 26.88 26.75 27.29 28.56 28.50 28.48 28.37 28.69 29.35 29.02 28.80 28.92 28.47 28.09 28.60 28.97 29.28 29.46 29.33 29.33 29.43 29.20 28.21 28.39 28.43 28.02 28.66 26.41 26.90 27.45 26.14 25.62 25.55 27.12 26.62 28.14 27.95 26.31 25.72 27.27 27.96 27.28 25.87 27.94 28.16 26.63 28.15 26.00 27.49 28.16 28.70 29.24 29.42 29.06 29.37 29.36 29.42 29.12 29.20 28.95 28.69 28.66 28.49 27.79 27.50 27.97 28.26 27.28 27.48 27.22 27.22
26.67 26.71 26.28 26.33 28.47 27.06 26.60 26.11 27.94 28.72 28.15 28.58 28.53 28.29 29.08 28.83 28.54 28.86 28.98 28.94 28.27 28.07 28.79 28.86 28.23 28.89 29.43 28.80 28.58 28.80 28.69 28.15 28.21 27.33 26.93 26.45 25.68 24.10 24.30 25.23 25.74 26.49 27.47 27.53 27.09 27.28 27.00 27.72 27.29 27.03 27.73 27.34 28.77 27.54 28.15 29.09 29.28 29.32 29.41 29.15 29.12 29.52 29.25 29.34 29.17 28.91 28.60 28.58 28.15 27.94 28.16 28.22 28.16 28.04 28.06 27.46 27.44
27.11 27.60 26.78 26.66 26.90 26.86 26.54 25.87 27.51 28.19 28.33 28.91 28.93 28.84 28.35 29.05 29.11 28.85 28.94 29.17 28.90 27.87 28.43 28.06 28.08 28.43 27.58 26.65 27.66 28.37 28.12 27.41 26.13 25.05 26.83 27.48 26.91 26.57 27.07 26.77 25.84 26.09 26.77 27.53 28.12 27.46 27.15 27.89 27.61 27.00 26.78 27.62 28.77 27.31 28.30 28.98 29.39 29.39 29.51 29.39 29.53 29.30 29.43 28.78 29.08 28.84 28.45 28.68 27.75 27.63 28.16 28.58 28.65 28.55 28.18 28.06 27.59
26.95 26.24 26.89 27.89 27.72 26.41 25.47 25.64 27.10 27.94 28.33 28.33 28.14 28.86 28.30 28.36 28.92 28.93 29.09 29.03 29.24 27.72 26.79 27.13 27.38 28.33 28.04 26.16 27.09 28.15 28.56 27.87 25.88 25.33 25.61 27.00 27.80 27.94 28.39 27.10 26.67 27.64 27.71 27.57 28.30 27.88 24.98 24.78 26.33 27.51 27.86 28.13 28.46 28.46 28.92 29.17 29.20 29.42 29.48 29.46 29.56 29.40 29.39 29.16 28.75 28.77 28.72 28.47 28.06 28.50 28.19 28.57 28.79 28.96 28.18 28.07 28.24
25.70 25.97 27.30 27.52 27.29 27.54 27.25 26.33 27.44 28.11 28.37 28.43 28.71 29.06 28.30 29.23 28.70 28.75 28.79 29.08 28.55 27.59 25.93 26.10 26.79 28.23 29.05 27.87 27.26 27.57 28.27 27.99 27.87 27.80 26.50 27.02 28.02 28.77 27.73 27.31 27.71 27.24 27.46 27.83 28.31 27.95 25.89 25.03 25.50 28.40 28.35 28.26 28.68 29.68 29.25 29.44 29.51 29.47 29.64 29.70 29.49 28.98 29.59 29.38 29.01 28.94 28.88 28.74 28.15 28.28 28.06 28.55 28.43 28.54 28.48 27.92 27.88
27.21 27.48 26.93 28.16 27.98 27.78 27.88 28.15 27.78 28.20 28.78 28.74 29.14 29.00 28.98 29.44 28.70 28.26 27.81 28.23 27.72 27.82 26.78 25.14 26.70 28.03 28.53 28.61 28.50 27.46 27.54 27.38 27.30 28.04 27.58 28.53 29.01 28.69 27.57 28.75 28.04 26.86 27.22 28.47 28.25 28.63 28.44 26.71 26.94 28.54 28.62 29.28 29.20 29.15 29.08 29.29 29.48 29.61 29.56 29.41 29.60 29.57 29.61 28.88 28.72 28.96 28.91 28.80 28.76 28.53 28.11 28.16 28.55 28.28 28.89 28.38 27.68
28.69 28.03 27.87 27.96 28.43 28.60 28.60 28.34 28.04 27.96 28.54 29.05 29.08 28.99 29.06 28.53 28.05 27.74 26.92 27.16 27.02 28.38 27.48 26.15 27.54 27.82 27.44 28.90 28.94 27.41 27.38 28.01 28.69 28.21 28.34 28.84 29.05 28.29 28.66 28.85 29.02 27.08 27.00 28.27 28.65 28.96 29.16 28.86 28.80 28.75 28.80 29.17 28.54 28.88 29.20 29.15 29.29 29.43 29.45 29.65 29.33 29.54 29.59 29.30 28.40 28.68 29.05 29.06 28.99 29.07 28.36 28.17 28.38 28.25 28.53 28.38 27.70
29.61 28.64 28.46 27.78 28.53 29.12 29.04 28.52 28.32 27.96 27.55 28.27 28.03 28.58 28.86 28.68 27.88 27.75 27.54 27.21 27.21 28.44 28.28 27.55 26.83 26.89 27.93 28.38 27.28 28.67 28.22 28.38 28.82 28.59 28.15 28.88 28.94 27.68 28.23 28.29 28.50 28.28 27.25 27.37 28.49 29.05 29.12 29.32 29.15 28.81 28.84 29.13 29.06 29.29 28.52 28.55 29.32 29.45 29.57 29.46 29.46 29.63 29.64 29.54 29.08 28.88 29.14 28.78 28.97 28.72 28.10 28.15 28.28 28.22 28.78 28.40 27.68
29.80 29.35 28.59 28.34 28.71 29.32 28.86 27.74 28.00 28.64 27.98 28.25 28.11 28.33 28.43 29.11 28.33 27.64 27.38 27.63 27.29 28.03 28.52 27.97 26.31 27.29 27.77 28.08 27.71 29.07 28.42 28.21 28.80 27.45 28.54 28.36 27.90 27.20 28.57 28.83 28.74 28.23 27.66 28.13 28.90 29.11 28.98 29.37 29.41 29.11 29.18 29.43 29.52 29.47 29.46 28.47 29.75 29.48 29.61 29.58 29.56 29.56 29.63 29.70 29.26 29.11 29.08 28.81 28.82 28.86 28.00 28.09 28.56 28.78 28.81 28.34 27.88
29.91 29.15 28.53 28.99 28.77 28.95 29.08 28.43 28.46 28.70 27.91 27.15 28.46 28.86 28.72 28.70 28.58 28.29 28.27 28.76 27.90 28.06 28.50 27.89 27.23 27.36 28.22 27.81 27.91 28.71 27.99 27.65 28.35 28.05 28.61 28.45 28.10 28.16 28.20 29.23 28.92 28.70 28.98 28.91 28.75 28.68 28.38 29.03 29.28 29.02 28.86 29.34 29.52 29.60 29.58 29.04 29.32 29.78 29.68 29.60 29.38 29.55 29.56 29.65 29.09 29.30 29.51 29.39 29.10 29.07 28.64 28.31 28.45 28.73 28.41 28.54 28.52
29.94 29.15 29.41 28.76 29.05 28.57 28.97 28.95 28.37 28.32 27.69 27.60 28.54 28.71 29.00 29.39 29.40 28.77 29.07 29.04 28.70 29.08 28.92 29.02 28.71 28.89 29.09 28.66 28.75 28.47 28.04 28.34 28.45 29.16 28.98 28.39 28.37 28.62 29.03 29.30 29.28 29.12 29.20 29.47 29.16 29.21 28.83 28.93 28.89 28.77 28.32 28.14 29.44 29.55 29.35 29.08 29.34 29.77 29.74 29.02 29.61 29.56 29.60 29.66 29.54 28.90 29.07 29.74 28.99 29.05 29.22 28.76 28.71 29.16 28.50 28.64 28.45
29.27 29.72 29.35 28.64 28.56 28.71 29.23 29.31 28.97 28.46 28.70 28.98 28.77 28.92 29.08 29.36 28.89 27.95 28.54 29.17 29.30 29.52 28.88 29.07 29.90 29.53 29.31 28.61 28.96 29.20 29.03 28.27 27.93 28.45 28.94 28.49 28.60 29.26 28.78 29.35 29.42 29.38 29.41 29.00 29.55 29.75 29.22 29.09 28.97 28.73 28.64 28.92 29.46 29.57 29.56 29.58 29.53 29.46 29.47 29.34 29.23 29.61 29.38 29.59 29.71 29.10 29.17 29.24 29.00 29.09 29.08 29.35 29.17 29.31 28.61 28.63 28.68
29.34 28.99 29.00 28.84 29.01 29.29 28.82 29.14 28.78 28.60 28.74 28.94 28.99 29.17 29.24 29.06 28.96 28.09 28.13 29.05 28.70 28.57 27.97 29.14 29.79 29.72 29.59 29.58 29.65 29.69 28.81 27.94 27.79 28.34 28.77 28.67 28.68 29.07 28.49 28.67 29.16 29.37 29.15 29.07 28.85 29.85 30.02 29.75 29.74 29.72 29.36 29.47 29.57 29.61 29.52 29.58 29.61 29.53 29.55 29.44 29.15 29.35 29.52 29.29 29.41 29.04 29.31 28.68 29.05 29.73 29.40 29.44 29.30 29.34 29.32 29.00 29.21
29.48 29.42 28.98 29.27 29.19 29.42 29.23 29.05 28.78 28.92 28.69 29.32 28.86 29.25 29.50 29.41 29.51 29.24 28.73 28.01 28.30 28.32 27.88 29.33 29.69 28.96 29.37 29.49 29.90 29.60 29.29 28.87 28.84 29.00 29.03 28.85 28.83 29.05 28.72 28.38 29.29 29.35 29.47 29.18 29.17 29.44 29.57 29.73 29.28 29.70 29.70 29.95 29.88 29.13 28.95 29.21 29.53 29.53 29.55 29.55 29.27 29.24 29.45 29.53 29.68 29.35 29.11 29.09 28.36 28.60 28.96 29.35 29.38 29.20 29.20 28.86 29.19
29.56 29.21 29.36 29.33 29.52 29.55 29.46 29.36 29.34 29.23 29.15 29.35 29.06 29.28 29.54 29.51 29.58 28.95 29.10 28.58 27.96 28.36 28.72 29.44 29.25 28.54 28.51 29.21 29.60 29.13 28.81 28.64 28.82 28.60 29.12 28.96 29.24 29.45 29.37 28.77 28.79 29.17 28.91 28.89 29.13 28.99 29.07 28.85 28.90 29.16 29.08 29.49 29.38 29.33 28.72 28.70 29.22 29.55 29.53 29.58 29.25 29.19 29.69 29.56 29.54 29.40 29.57 29.37 28.99 28.88 28.10 28.46 29.46 29.43 29.28 29.23 29.25
29.70 29.45 29.56 29.55 29.58 29.59 29.58 29.59 29.53 29.53 29.46 29.46 29.54 29.05 29.45 29.50 29.40 29.46 29.35 29.18 28.84 28.78 29.19 29.24 28.51 28.52 29.29 29.27 29.23 28.57 29.17 28.09 27.84 28.12 28.14 28.30 29.33 29.32 29.00 28.42 28.47 28.89 29.10 29.28 29.27 29.36 29.48 29.29 29.48 29.51 28.95 29.37 29.32 29.10 28.93 29.13 29.47 29.50 29.44 29.56 29.64 29.60 29.54 29.53 29.40 29.41 29.48 29.48 29.26 29.55 28.94 28.60 29.25 29.55 29.49 29.47 29.42
29.69 29.40 29.35 29.40 29.44 29.57 29.60 29.57 29.53 29.40 29.64 29.32 29.44 29.47 28.89 29.10 29.44 28.82 29.26 29.38 29.07 29.11 29.12 29.45 28.86 28.61 29.06 29.19 28.71 28.42 28.70 27.15 26.84 27.20 25.92 28.64 29.23 29.40 28.99 28.69 28.58 28.45 28.63 29.14 29.58 29.38 29.48 29.44 29.44 29.39 29.39 29.19 29.15 28.90 28.89 29.35 29.35 29.50 29.54 29.56 29.59 29.47 29.37 29.43 29.49 29.51 29.37 29.24 29.46 29.51 29.52 29.24 29.22 29.03 29.40 29.50 29.56
29.40 29.19 29.25 29.32 29.27 29.48 29.29 29.22 29.34 29.51 29.54 28.73 29.13 29.42 29.45 29.19 29.03 29.36 29.41 29.36 29.35 29.28 29.12 28.95 28.63 29.03 29.06 28.99 28.52 28.38 28.27 27.68 28.64 27.48 28.51 29.66 28.56 29.66 28.87 28.90 28.92 29.22 29.35 29.03 29.43 29.39 29.57 29.21 29.09 29.38 28.80 28.53 28.28 28.42 29.25 29.40 29.57 29.54 29.52 29.51 29.56 29.44 29.44 29.58 29.46 29.46 29.47 29.54 29.44 29.38 29.41 29.11 29.13 29.42 29.54 29.46 29.34
29.32 29.11 29.26 29.11 29.18 29.44 29.37 29.11 29.53 29.54 29.46 29.52 28.95 28.95 28.94 29.03 28.92 29.15 29.27 29.13 29.29 29.15 28.88 28.44 28.46 28.56 28.86 28.94 29.23 28.51 28.33 28.81 28.65 28.46 28.91 29.05 29.21 29.25 29.39 29.09 29.01 29.40 29.40 29.12 28.77 29.21 29.51 29.36 29.05 28.82 27.98 28.58 29.25 28.92 28.93 29.45 29.69 29.53 29.51 29.54 29.53 29.52 29.54 29.55 29.54 29.42 29.31 29.53 29.55 29.52 29.10 29.02 29.24 29.60 29.66 29.47 29.33
29.04 29.31 29.03 29.36 29.32 29.35 29.52 29.55 29.39 29.56 29.59 29.61 29.10 28.86 28.81 28.64 28.74 29.06 29.27 29.21 29.05 29.15 28.57 28.42 28.48 28.38 28.07 28.69 28.93 28.90 28.54 28.61 28.70 28.87 28.65 29.08 29.35 29.49 29.42 29.13 28.82 29.23 29.34 29.50 29.38 29.29 29.19 28.72 28.76 29.27 28.07 28.68 28.77 29.02 29.23 29.36 29.52 29.49 29.59 29.56 29.53 29.44 29.38 29.49 29.50 29.19 29.42 29.50 29.35 29.53 28.93 28.97 29.33 29.38 29.52 29.22 29.16
29.22 29.17 29.31 29.21 29.35 29.44 29.50 29.59 29.57 29.35 29.50 29.15 29.04 28.89 28.88 28.59 28.48 28.58 28.90 29.19 28.97 28.84 28.78 28.71 28.14 28.36 28.41 27.89 28.22 28.76 28.74 28.96 28.58 28.61 28.54 28.83 29.04 29.20 29.09 28.77 28.75 29.03 29.45 29.45 29.48 29.43 28.63 27.90 28.99 28.58 28.08 28.40 29.06 29.12 29.30 29.45 29.37 29.44 29.61 29.65 29.57 29.50 29.22 29.39 29.44 29.36 29.10 28.96 28.76 29.07 28.67 28.95 29.24 29.24 29.35 29.30 29.18
29.41 29.40 29.35 29.46 29.48 29.51 29.50 29.54 29.58 29.45 29.30 29.27 28.89 28.47 28.54 28.64 28.49 28.45 28.42 28.71 29.11 29.00 29.08 28.57 28.10 28.70 28.07 26.79 25.61 29.02 29.52 28.99 28.56 28.85 28.85 28.43 29.02 28.68 28.37 28.28 28.85 29.06 29.15 29.12 29.30 29.34 28.70 28.60 28.14 28.44 28.46 29.17 29.07 29.18 29.38 29.37 29.35 29.58 29.55 29.55 29.59 29.57 29.44 29.44 29.21 29.27 29.33 29.54 29.42 28.82 28.84 28.87 28.98 29.14 29.37 29.09 29.23
29.52 29.58 29.66 29.54 29.52 29.52 29.54 29.46 29.19 28.95 29.02 28.76 28.78 28.41 28.48 28.49 28.86 28.85 28.84 28.77 29.04 29.39 29.05 28.45 28.76 28.54 27.79 28.48 28.15 28.94 27.78 27.86 28.14 28.78 29.13 29.22 28.73 28.75 28.61 28.33 28.46 28.52 28.99 29.27 29.30 29.48 29.11 29.32 28.24 28.78 29.16 29.51 29.18 29.18 29.34 29.41 29.52 29.54 29.60 29.58 29.54 29.45 29.28 29.18 28.96 28.95 29.33 29.38 29.17 28.97 28.67 28.99 29.16 29.58 29.62 29.50 29.45
29.68 29.59 29.56 29.56 29.54 29.51 29.53 29.44 29.26 28.77 28.65 28.52 28.71 28.49 28.47 28.77 28.62 28.89 28.94 29.01 28.80 29.42 29.68 29.45 29.30 28.50 29.22 29.28 28.64 28.04 28.99 29.11 29.37 29.32 29.41 29.34 29.21 28.71 29.02 28.66 28.63 28.62 28.78 29.29 29.46 29.47 29.49 29.37 29.01 28.83 28.99 29.17 29.19 29.76 29.24 29.16 29.30 29.32 29.60 29.59 29.56 29.41 29.14 28.88 28.76 28.65 29.28 29.15 29.17 28.84 28.53 28.64 29.20 29.74 29.59 29.48 29.67
29.53 29.56 29.53 29.58 29.56 29.55 29.39 29.18 28.89 28.88 28.84 28.67 28.85 28.74 28.82 28.96 28.96 29.11 28.63 28.03 27.76 29.40 29.56 29.48 29.18 29.30 29.31 29.42 29.47 29.55 29.44 29.43 29.40 29.17 29.14 28.25 28.33 28.74 28.86 28.43 28.62 28.92 28.86 29.34 29.47 29.53 29.47 29.49 29.32 29.35 29.32 29.28 29.43 29.48 29.50 28.39 28.67 29.13 29.44 29.37 29.33 29.35 28.95 28.93 28.93 28.76 29.37 29.30 29.34 28.93 29.13 29.11 29.22 29.50 29.36 29.61 29.57
29.47 29.57 29.55 29.56 29.58 29.46 29.16 28.93 28.99 28.92 28.93 29.05 28.83 28.67 28.98 29.16 29.30 29.27 29.21 29.21 28.86 29.15 28.37 28.94 28.59 29.07 29.07 29.57 29.28 29.18 29.11 29.08 29.07 28.49 28.10 28.41 28.12 28.23 28.59 28.34 28.55 29.20 29.45 29.47 29.45 28.96 28.73 28.93 29.22 29.35 29.45 29.37 29.63 29.36 28.90 29.89 29.57 29.94 29.76 29.38 29.18 28.88 28.88 28.55 28.62 29.04 29.25 29.19 28.90 28.74 28.66 29.45 29.42 29.11 28.91 29.55 29.60
29.47 29.56 29.55 29.52 29.51 29.54 29.31 29.19 29.17 29.39 29.25 28.94 28.99 28.79 29.16 29.20 28.95 29.33 29.42 29.08 28.18 28.09 28.63 28.89 28.95 29.14 29.36 29.59 29.33 28.83 28.67 28.35 28.20 28.04 28.24 28.39 28.35 28.34 28.27 28.23 28.71 29.20 29.22 29.38 29.15 28.91 28.54 29.12 29.43 29.52 29.53 29.53 29.42 29.25 28.91 29.05 29.62 29.48 29.43 29.63 28.94 28.99 29.02 28.53 28.57 29.11 29.16 29.14 28.63 28.75 29.26 29.52 29.57 29.12 29.31 29.60 29.68
29.56 29.29 29.27 29.48 29.46 29.41 29.42 29.30 28.86 28.94 29.17 29.23 29.15 29.29 29.41 29.31 29.08 28.61 28.84 29.13 28.27 28.51 28.68 29.08 29.09 29.34 29.39 29.47 29.48 29.32 29.11 28.99 29.00 29.05 28.94 28.81 28.39 28.17 28.37 28.46 28.81 29.09 29.02 29.01 29.13 28.90 28.79 29.15 29.34 29.20 28.92 28.95 28.03 28.93 29.87 29.69 29.72 29.84 29.65 29.75 29.54 29.30 28.90 29.07 29.08 28.98 29.07 28.65 28.74 29.49 29.54 29.29 29.65 28.99 29.51 29.44 29.35
29.68 29.50 29.35 29.48 29.51 29.43 29.39 29.19 28.91 28.95 29.31 29.11 29.23 29.27 29.21 29.12 28.98 28.60 28.83 29.12 29.32 29.44 29.46 29.47 29.43 29.53 29.49 29.46 29.45 29.33 29.41 29.14 29.17 29.24 29.21 28.90 28.47 28.79 29.10 29.16 29.08 29.07 28.95 28.90 28.69 28.69 28.65 29.14 29.18 28.81 28.77 29.10 28.99 28.77 28.75 29.38 29.46 29.63 29.52 29.50 29.57 29.20 29.50 29.08 28.98 29.04 29.23 29.03 29.14 29.23 29.27 28.99 29.03 29.41 29.39 29.17 28.96
29.45 29.53 29.50 29.42 29.42 29.31 29.29 29.21 29.01 29.20 29.34 29.44 29.45 29.41 29.28 29.28 29.24 29.35 29.06 28.91 29.20 29.43 29.26 29.44 29.46 29.36 29.44 29.43 29.36 29.39 29.40 29.43 28.99 29.17 29.18 29.16 29.00 29.08 29.08 29.01 28.94 28.89 29.14 28.97 29.31 29.01 29.04 29.24 29.25 29.26 29.44 29.38 29.12 29.00 29.16 29.40 29.46 29.41 29.43 29.47 29.20 29.07 29.61 29.64 29.11 29.43 29.35 29.16 28.57 28.69 29.49 29.15 29.12 29.41 29.18 29.06 29.08
29.27 29.27 29.40 29.32 29.27 29.27 29.17 29.06 29.10 29.00 29.30 29.51 29.48 29.36 29.33 28.89 28.99 28.77 28.96 28.74 28.86 29.15 29.22 29.22 29.25 29.35 29.28 29.27 29.22 29.40 29.47 29.37 29.27 29.25 29.14 28.93 28.84 28.98 29.08 29.09 28.76 28.71 28.60 28.54 28.71 28.95 29.11 29.41 29.29 29.11 29.26 28.88 28.58 28.69 29.19 29.31 29.50 28.81 29.11 28.74 29.16 28.88 29.30 29.64 29.82 29.60 29.55 29.36 28.91 29.40 29.38 29.23 29.33 29.56 29.02 28.89 28.97
