main/data/irradiance/01.03.2023.grid
ncols 839
nrows 679
xllcenter 112.0500
yllcenter -43.9500
cellsize 0.0500
nodata_value 99999.90
[rows 340 to 373 of 679, columns 462 to 538 of 839]
25.73 25.69 25.91 25.79 25.66 25.74 25.76 25.83 25.76 25.70 25.99 26.02 25.96 25.99 26.04 25.99 25.73 25.66 25.83 26.02 26.03 26.02 25.90 25.92 25.95 25.84 25.84 25.88 25.90 25.95 26.03 26.09 25.98 25.93 25.90 25.87 25.88 25.90 25.88 25.60 25.75 23.90 25.69 25.24 25.66 25.97 25.93 25.91 25.82 25.43 25.92 25.93 25.86 26.02 25.40 25.26 25.25 25.87 26.01 26.07 26.04 25.95 26.01 26.12 26.11 26.13 26.11 26.22 26.08 25.95 25.73 25.75 26.05 25.97 25.97 26.11 26.19
25.43 25.53 25.79 25.65 25.83 25.82 25.61 25.60 25.53 25.51 25.73 25.98 26.02 25.96 25.95 26.02 26.06 26.01 25.97 26.09 26.02 26.14 26.04 25.93 26.06 25.83 25.76 25.80 25.78 25.80 25.88 25.91 25.95 25.94 25.97 25.97 26.01 25.94 25.75 25.43 25.64 25.32 25.78 25.63 25.63 25.98 26.01 25.97 25.78 25.76 25.73 25.58 25.80 25.84 25.66 25.72 25.64 25.50 26.14 26.09 26.03 25.94 26.02 26.04 25.90 25.89 26.03 26.19 26.23 25.95 25.79 26.07 26.06 25.98 26.15 26.12 26.22
25.82 25.83 25.80 25.66 25.76 25.85 25.83 25.86 25.87 25.81 25.63 25.56 26.04 25.99 26.00 25.85 25.98 25.94 25.98 25.90 26.09 26.12 26.08 26.15 26.04 25.88 25.38 25.34 25.57 25.52 25.48 25.68 25.67 25.76 25.81 25.74 25.64 25.75 25.93 25.99 25.90 26.04 25.73 25.94 25.85 26.07 26.22 25.95 25.76 25.34 25.30 25.50 25.64 25.66 24.99 25.45 25.63 25.61 25.65 25.69 25.50 25.85 25.74 25.82 25.72 25.77 25.79 26.04 25.93 25.99 25.91 26.05 25.73 25.98 25.93 26.17 26.06
25.83 25.71 25.89 25.92 25.77 25.86 25.45 25.49 25.68 25.97 25.87 25.90 25.67 25.77 25.80 25.99 26.05 26.01 25.97 26.09 26.12 26.12 26.10 26.07 26.11 25.94 25.41 25.24 25.36 25.34 25.20 25.39 25.64 25.69 25.57 25.55 25.60 25.64 25.95 25.98 26.18 26.11 26.02 25.88 25.86 25.95 25.79 25.79 25.49 25.42 25.61 25.54 25.56 25.79 25.38 25.13 25.51 25.28 25.53 25.62 25.41 25.68 26.00 25.64 25.77 25.82 25.68 25.87 25.93 26.01 25.92 26.09 25.96 25.96 25.86 25.99 25.88
25.83 25.84 25.82 25.99 25.94 25.80 25.67 25.51 25.63 25.69 25.78 25.61 25.83 25.75 25.77 25.75 25.82 25.77 25.96 26.04 25.94 26.04 26.07 26.00 25.93 25.95 25.84 25.88 25.65 25.60 25.53 25.66 25.86 25.97 25.84 25.83 25.63 25.52 25.83 25.87 25.81 26.07 26.01 25.93 25.87 25.99 25.95 25.72 25.51 25.68 25.66 23.76 24.61 25.72 25.60 25.55 25.62 25.54 25.66 25.77 25.59 25.27 25.47 25.56 25.70 25.74 25.80 26.15 26.03 25.99 26.08 26.14 25.84 25.92 25.96 25.96 26.08
25.71 25.91 25.78 26.02 26.00 25.90 25.78 25.53 25.87 25.85 25.74 25.77 25.40 25.48 25.50 25.23 25.33 25.64 25.76 25.78 25.85 25.78 25.97 25.93 25.93 26.10 26.08 25.85 25.78 25.65 25.66 25.76 25.83 25.85 25.87 25.78 25.72 25.91 26.01 25.92 25.50 25.90 26.06 25.85 25.80 25.78 25.96 25.89 25.76 25.72 25.77 24.94 23.61 25.78 25.66 25.69 25.66 25.82 25.89 25.78 25.53 25.37 25.46 25.43 25.54 25.66 26.04 26.11 26.05 26.00 26.10 26.12 26.18 25.97 26.00 25.97 25.88
25.87 25.95 25.91 25.95 25.95 25.90 26.04 25.99 26.01 25.95 26.00 25.98 25.86 25.77 25.67 25.48 25.36 25.33 25.83 25.75 25.78 25.71 25.81 25.89 25.62 25.88 25.88 25.83 25.89 25.84 25.74 25.80 25.75 25.78 25.55 25.48 25.76 25.94 25.77 26.08 26.06 25.86 26.03 25.87 25.90 25.74 25.76 25.90 25.58 25.75 25.68 25.76 25.83 25.45 25.56 25.65 25.76 25.79 25.85 26.03 25.89 25.56 25.89 25.81 25.57 26.01 26.17 26.00 26.03 26.15 26.10 26.06 26.15 26.06 26.05 25.98 25.99
25.81 25.86 25.95 25.94 26.14 26.00 26.04 26.00 26.00 25.97 25.99 26.05 26.01 25.94 25.92 25.82 25.78 25.61 25.61 25.69 25.68 25.78 25.88 25.84 25.89 25.89 25.85 25.73 25.73 25.86 25.98 25.99 25.85 25.91 25.51 25.33 25.17 25.25 25.47 25.90 25.90 26.08 25.94 26.05 26.01 25.52 25.66 25.96 25.64 25.63 25.60 25.25 25.59 25.16 24.92 25.66 25.86 25.99 25.82 25.94 26.06 26.03 25.97 25.80 25.92 25.95 26.08 26.03 26.09 26.00 26.06 26.21 26.10 25.90 26.00 25.92 25.83
25.92 25.85 25.96 26.04 25.96 26.08 26.10 26.00 25.99 26.04 25.83 26.08 26.05 26.02 25.97 25.94 25.92 25.78 25.79 25.83 25.84 25.81 25.82 25.82 25.77 25.81 25.87 25.72 25.74 25.82 25.88 25.93 25.84 25.84 25.53 25.63 25.49 25.54 25.78 25.79 26.13 25.66 25.66 25.51 26.01 26.13 26.01 25.71 25.60 25.61 25.87 25.09 24.71 24.10 25.54 24.87 24.95 25.01 25.87 25.98 25.92 25.91 25.89 25.76 25.95 26.00 25.97 26.04 25.91 25.71 25.92 26.04 25.92 26.00 25.88 25.80 25.79
26.03 25.86 26.00 26.02 26.06 26.08 26.08 26.11 25.93 25.75 25.81 25.99 25.91 25.92 25.99 26.01 25.95 25.90 25.97 25.95 25.89 25.95 25.93 25.83 25.75 25.74 25.78 25.75 25.88 26.00 25.92 26.03 25.86 25.98 25.90 25.99 25.75 25.85 25.84 25.79 25.73 26.10 26.10 26.04 25.93 25.93 25.68 25.61 25.58 25.53 25.77 25.88 25.90 25.03 25.75 25.59 25.45 25.00 25.84 25.85 25.91 26.12 25.96 25.97 26.02 26.02 25.92 26.00 25.88 25.76 25.92 26.14 26.13 26.06 25.90 25.97 26.06
26.12 25.99 26.00 25.98 25.90 25.97 25.91 25.97 25.88 25.99 25.94 25.90 25.80 25.76 25.65 25.68 25.66 25.80 25.95 26.01 25.95 25.90 25.89 25.88 25.91 25.89 25.79 25.90 25.87 25.92 26.05 25.96 25.84 25.79 25.83 25.90 25.98 25.87 25.86 25.86 25.72 25.92 25.99 25.83 25.71 25.85 25.83 25.74 25.91 25.51 25.64 25.84 25.87 25.91 25.91 25.75 25.57 23.83 24.73 25.39 25.72 25.89 26.03 26.11 26.16 26.16 26.12 26.13 26.03 25.94 25.90 25.87 26.04 26.00 25.81 25.80 26.10
26.01 25.95 25.84 25.62 25.66 25.83 25.84 25.92 25.95 25.87 25.95 25.87 25.96 25.85 25.81 25.87 25.89 25.78 25.68 25.89 25.91 25.82 25.90 25.83 25.65 25.66 25.54 25.74 25.91 25.93 25.98 26.01 25.87 25.84 25.74 26.00 26.04 25.82 26.01 26.11 25.91 25.98 25.63 25.59 25.81 25.85 25.85 25.72 25.87 25.73 25.47 25.84 25.80 25.89 25.82 25.81 25.87 25.13 25.20 25.13 24.79 25.39 25.85 26.09 26.12 26.04 26.06 25.92 25.92 25.85 25.97 26.02 25.84 25.89 25.82 25.74 25.97
25.93 25.87 25.66 25.51 25.39 25.40 25.49 25.47 25.77 25.81 25.86 25.97 25.87 25.87 25.91 25.94 25.95 25.93 25.87 25.80 25.73 25.68 25.73 25.83 25.86 26.01 26.06 25.97 25.82 25.91 25.88 25.93 25.90 25.89 26.00 25.97 25.15 25.88 26.13 26.17 26.12 26.11 26.07 25.87 25.86 25.84 25.74 25.65 25.83 25.94 25.72 25.89 25.91 25.85 25.82 25.84 25.75 25.77 25.78 25.44 25.33 25.76 26.01 25.95 25.91 25.79 25.81 25.61 25.87 25.78 25.61 25.85 25.87 25.87 25.89 25.92 25.93
26.01 25.98 25.85 25.77 25.67 25.65 25.68 25.73 25.75 25.79 25.61 25.50 25.81 25.91 25.96 25.80 25.71 25.84 25.81 25.83 25.92 25.91 26.04 25.97 26.09 26.09 26.03 25.99 25.81 25.94 25.97 25.85 25.90 25.85 25.85 25.74 25.72 26.02 25.54 26.10 26.15 26.13 25.91 25.88 25.66 25.86 25.83 25.90 25.92 25.97 25.97 26.10 25.92 25.87 25.82 25.73 25.79 25.70 25.94 25.81 25.77 25.94 25.84 25.88 25.75 26.03 25.77 25.66 25.84 25.66 25.55 25.81 25.81 25.98 25.94 26.02 25.98
26.00 25.98 25.91 25.94 25.79 25.87 25.80 25.89 25.98 25.94 25.90 25.86 25.83 25.95 25.95 25.75 25.80 25.90 25.86 25.91 25.88 25.94 25.98 26.02 26.06 26.06 26.01 25.90 25.90 25.90 25.88 25.72 25.74 25.83 25.91 25.96 26.10 25.93 25.91 26.01 25.96 26.06 25.96 25.66 25.42 25.81 25.83 25.95 25.94 26.10 25.89 26.00 25.90 25.95 25.89 25.83 25.80 25.88 26.03 25.89 25.92 25.89 25.74 25.93 25.89 26.01 25.93 25.72 25.85 25.86 25.89 25.88 26.00 26.03 26.05 26.08 26.01
26.01 26.01 26.02 26.01 25.76 25.61 25.78 25.85 25.95 25.88 26.01 25.80 25.91 26.05 25.98 25.94 25.96 25.94 26.00 26.01 25.94 26.02 26.05 26.07 26.03 25.99 25.98 25.95 25.90 25.96 25.84 25.65 25.71 25.69 25.83 25.91 25.95 25.95 25.76 24.84 25.83 25.93 25.83 26.05 25.88 25.80 25.89 26.01 26.07 25.79 25.84 25.88 25.79 25.91 25.95 25.90 25.97 26.21 26.10 25.94 25.84 25.88 25.61 25.77 25.85 25.85 26.04 25.92 25.85 25.77 26.03 26.02 25.96 25.89 26.07 26.07 26.03
25.97 25.98 26.04 26.02 25.92 25.43 25.46 25.73 25.87 25.84 25.86 25.94 25.92 26.01 26.00 25.89 25.90 25.97 25.93 25.88 25.98 25.98 26.00 26.04 26.04 26.07 26.05 25.98 25.94 25.93 25.96 25.89 25.63 25.64 25.73 25.85 25.78 25.27 24.80 25.52 24.82 25.54 25.69 25.54 25.70 25.83 25.88 25.80 25.83 25.70 25.83 25.78 25.85 25.81 25.79 25.87 25.78 25.93 25.96 25.88 25.71 25.74 25.78 25.78 25.78 25.61 25.90 26.06 25.97 25.84 25.94 26.02 25.90 25.85 25.88 25.94 25.89
26.00 25.98 26.01 25.97 25.94 25.68 25.66 25.77 25.86 25.86 25.89 25.95 25.95 25.93 25.92 26.03 25.91 25.77 25.86 25.86 25.79 25.96 25.98 25.98 26.00 25.93 25.96 25.99 26.00 25.98 25.95 26.04 25.98 25.82 25.61 24.03 23.64 22.38 21.68 22.87 24.89 24.94 25.77 25.67 25.75 25.73 25.84 25.82 25.70 25.70 25.61 25.68 25.53 25.70 25.84 25.85 25.74 25.81 25.67 25.64 25.75 25.65 25.85 25.89 25.90 25.82 25.82 25.97 25.95 25.79 25.74 25.89 25.74 25.68 25.78 25.72 25.46
25.95 25.89 25.83 26.00 25.86 25.77 25.81 25.99 25.87 25.86 25.92 25.97 25.76 25.76 25.83 25.88 25.92 25.91 25.72 25.87 25.72 25.78 25.85 25.88 25.95 25.92 25.88 25.93 25.93 25.98 25.96 25.99 25.99 25.27 25.15 25.05 22.27 24.38 25.56 26.22 23.47 22.20 25.04 25.82 25.63 25.58 25.64 25.40 25.72 25.77 25.80 25.65 25.61 25.39 25.72 25.61 25.62 25.49 25.12 25.26 25.72 25.91 25.91 25.84 25.87 25.86 25.79 25.91 25.85 25.83 25.82 25.77 25.69 25.67 25.80 25.76 25.47
25.67 25.74 25.75 26.01 25.88 25.89 25.96 25.97 25.97 25.78 25.86 25.67 25.72 25.78 25.94 25.92 25.84 25.90 25.96 25.82 25.95 25.87 25.97 25.93 25.94 25.92 25.99 25.93 25.96 26.00 25.93 25.89 25.72 25.60 25.01 25.51 25.26 24.36 25.11 24.58 20.99 18.78 21.84 22.68 23.43 25.13 25.47 25.40 25.61 25.63 25.55 25.52 25.50 25.48 24.60 25.31 25.37 25.40 25.30 25.12 25.77 25.93 25.86 25.93 25.87 25.81 25.81 25.82 25.69 25.80 25.81 25.86 25.65 25.60 25.49 25.64 25.31
25.50 25.31 25.48 25.64 25.54 25.74 25.92 25.89 25.89 25.70 25.52 25.68 25.74 25.83 25.85 25.88 25.83 25.74 25.65 25.69 25.72 25.71 25.93 25.93 25.90 25.83 25.93 25.86 25.88 25.91 25.91 25.93 25.92 25.86 25.67 25.81 25.32 24.82 23.67 24.54 22.70 20.78 21.18 22.91 23.65 24.42 25.49 25.63 25.45 25.76 25.73 25.68 25.54 25.48 25.49 24.66 25.12 25.27 24.89 24.36 24.72 25.43 25.95 26.11 25.96 25.79 25.83 25.71 25.77 25.84 25.74 25.67 25.67 25.63 25.47 25.67 25.60
25.38 25.33 25.11 25.22 25.34 25.57 25.70 25.87 25.81 25.80 25.60 25.50 25.78 25.84 25.98 25.96 25.97 25.89 25.85 25.65 25.55 25.82 25.82 25.91 25.90 25.74 25.71 25.76 25.76 25.78 25.83 25.87 25.84 25.68 25.81 25.47 24.44 23.37 23.10 24.83 24.66 24.81 20.90 21.49 20.96 24.42 24.41 25.74 25.68 25.63 25.70 25.76 25.53 25.49 25.34 25.41 25.36 25.00 24.42 25.02 24.78 25.76 25.71 26.19 25.88 25.49 25.54 25.77 25.96 25.85 25.75 25.72 25.64 25.72 25.69 25.69 25.60
25.57 25.41 25.47 25.60 25.66 25.66 25.66 25.67 25.29 25.80 25.62 25.62 25.81 25.84 25.89 25.89 25.91 25.99 25.86 25.74 25.56 25.76 25.83 25.81 25.87 25.80 25.35 25.75 25.85 25.78 25.84 25.88 25.94 25.85 25.71 25.18 22.28 19.46 20.96 23.10 24.77 25.19 25.48 24.25 21.55 22.49 21.60 24.47 25.31 24.79 23.21 24.57 24.92 25.15 25.20 25.22 25.25 25.25 25.17 25.29 25.69 25.77 25.67 25.92 25.81 25.70 25.76 25.67 25.70 25.97 25.90 25.81 25.71 25.75 25.67 25.61 25.60
25.77 25.49 25.66 25.73 25.59 25.47 25.62 25.60 24.60 25.53 25.69 25.83 25.80 25.75 25.76 25.88 25.86 25.85 25.89 25.85 25.88 25.67 25.88 25.87 25.70 25.75 25.81 25.79 25.90 25.88 25.83 25.84 25.81 25.83 25.83 25.76 25.03 20.23 20.08 20.78 22.75 24.48 25.35 25.10 22.78 23.82 23.21 23.99 23.92 24.29 25.43 25.49 25.07 25.38 25.16 25.18 25.22 25.39 25.15 25.28 25.46 25.51 25.63 25.71 25.64 25.66 25.56 25.68 25.76 25.91 26.01 25.91 25.84 25.80 25.59 25.59 25.69
25.56 25.70 25.79 25.82 25.80 25.79 25.81 25.76 24.28 24.68 25.91 25.88 25.93 25.92 25.89 25.97 25.92 25.89 26.02 25.93 25.86 25.62 25.62 25.69 25.67 25.56 25.69 25.73 25.70 25.73 25.92 25.88 25.89 25.81 25.76 25.83 25.81 22.46 21.00 20.32 19.91 21.84 23.00 25.10 22.93 23.02 23.86 23.08 22.05 23.76 25.26 25.21 25.23 25.12 25.07 25.29 25.16 25.20 25.26 25.44 25.34 25.54 25.61 25.69 25.56 25.70 25.55 25.58 25.78 25.91 25.87 25.80 25.85 25.80 25.81 25.67 25.42
25.73 25.74 25.77 25.79 25.84 25.89 25.77 25.70 24.06 23.34 25.73 25.85 25.93 25.99 26.01 25.94 25.87 25.92 25.92 25.89 25.83 25.70 25.61 25.72 25.55 25.71 25.78 25.79 25.78 25.81 25.82 25.78 25.80 25.80 25.85 25.80 25.66 23.28 20.97 20.55 21.07 19.77 20.96 22.34 21.88 22.06 23.18 22.65 22.62 24.06 22.73 24.08 24.86 25.15 25.21 24.91 24.26 24.47 25.00 24.93 25.49 25.57 25.83 25.68 25.47 25.45 25.48 25.79 25.72 25.86 25.79 25.78 25.93 25.88 25.70 25.45 25.34
25.68 25.83 25.85 25.79 25.84 25.85 25.77 25.76 25.68 25.12 25.56 25.93 25.89 25.98 26.00 25.95 25.84 25.86 25.92 25.89 25.78 25.74 25.60 25.70 25.83 25.91 25.91 25.84 25.86 25.80 25.80 25.81 25.85 25.79 25.71 25.78 25.60 23.54 21.93 21.00 20.88 19.36 20.12 19.71 19.39 20.30 22.33 22.88 23.08 23.83 20.42 23.76 23.37 25.10 24.87 24.59 24.84 24.88 23.39 22.90 25.36 25.43 25.44 25.59 25.63 25.41 25.38 25.73 25.77 25.69 25.68 25.79 25.89 25.66 25.62 25.67 25.72
25.87 25.98 25.91 25.83 25.84 25.79 25.88 25.87 25.78 25.44 23.95 25.94 25.99 25.99 25.89 25.92 25.88 25.80 25.86 25.85 25.82 25.56 25.83 25.81 25.89 25.90 25.93 25.91 25.95 25.87 25.81 25.78 25.84 25.74 25.73 25.65 25.63 23.46 21.60 21.48 21.07 20.32 20.84 19.87 19.49 19.84 20.41 23.53 22.40 22.07 24.90 25.14 24.72 24.21 24.71 24.63 25.11 25.04 25.03 24.97 25.39 24.34 24.99 25.47 25.43 25.21 25.04 25.35 25.69 25.71 25.51 25.70 25.72 25.60 25.64 25.62 25.68
25.85 25.84 25.92 25.95 25.89 25.71 25.74 25.79 25.80 25.65 25.55 25.76 25.90 25.89 25.97 25.88 25.89 25.83 25.86 25.80 25.67 25.60 25.84 25.85 25.84 25.92 25.96 25.96 25.89 25.86 25.85 25.87 25.76 25.68 25.69 25.37 24.79 24.78 22.60 21.83 21.52 20.71 21.52 21.94 20.42 19.65 19.95 20.97 21.29 19.94 24.14 25.33 25.40 25.01 24.76 25.02 25.23 25.04 25.00 25.21 25.19 24.15 25.16 25.41 25.43 25.18 24.95 25.19 25.28 25.49 25.36 25.38 25.42 25.42 25.56 25.69 25.65
25.89 25.87 25.90 25.96 25.89 25.91 25.90 25.86 25.82 25.81 25.83 25.85 25.77 25.79 25.84 25.89 25.90 25.80 25.81 25.75 25.85 25.78 25.84 25.81 25.80 25.82 25.89 25.90 25.89 25.86 25.87 25.88 25.79 25.70 25.70 25.31 24.49 23.65 22.78 20.89 21.65 21.67 22.99 23.45 20.49 20.19 20.06 20.18 20.95 21.27 20.63 23.58 25.35 25.46 25.25 25.07 25.03 25.09 24.83 25.04 25.05 25.04 25.11 25.20 25.26 25.17 25.20 25.20 25.14 25.16 25.34 25.49 25.30 25.51 25.59 25.69 25.60
25.85 25.89 25.90 25.89 25.93 25.96 25.93 25.89 25.84 25.81 25.83 25.80 25.81 25.77 25.79 25.76 25.88 25.82 25.83 25.77 25.79 25.86 25.81 25.79 25.69 25.86 25.84 25.81 25.89 25.85 25.85 25.79 25.80 25.76 25.68 25.11 23.09 21.31 21.71 21.48 21.44 22.32 22.70 22.33 20.50 20.98 20.55 21.02 22.22 22.84 23.44 23.96 24.52 25.23 25.18 25.26 25.37 25.17 25.13 24.91 24.96 24.89 24.97 25.24 25.14 25.09 25.16 25.24 25.37 25.50 25.63 25.62 25.62 25.68 25.68 25.70 25.49
25.84 25.87 25.85 25.84 25.90 25.85 25.81 25.79 25.83 25.73 25.75 25.78 25.80 25.87 25.78 25.69 25.88 25.84 25.82 25.85 25.87 25.83 25.87 25.81 25.83 25.82 25.91 25.81 25.79 25.77 25.79 25.68 25.77 25.83 25.78 24.74 22.16 20.99 21.13 22.34 22.77 22.39 21.73 21.76 21.81 21.39 21.41 17.92 22.97 23.03 23.88 24.46 25.12 25.15 25.43 25.55 25.54 25.28 24.88 24.77 24.61 24.78 25.18 25.16 25.16 25.14 25.02 25.24 25.44 25.70 25.90 25.75 25.63 25.68 25.68 25.51 25.40
25.71 25.70 25.77 25.81 25.80 25.75 25.81 25.81 25.89 25.78 25.78 25.82 25.85 25.87 25.85 25.75 25.85 25.79 25.75 25.80 25.85 25.85 25.81 25.76 25.77 25.69 25.77 25.74 25.70 25.73 25.78 25.80 25.81 25.85 25.78 23.85 20.85 21.91 22.93 22.81 23.20 22.41 22.54 22.18 21.97 22.78 23.13 21.28 19.73 21.52 23.36 25.04 23.78 25.09 25.49 25.47 25.36 25.29 25.21 25.62 25.22 25.11 25.27 25.26 25.15 25.03 25.08 25.48 25.67 25.80 25.55 25.63 25.54 25.70 25.64 25.62 25.47
25.45 25.65 25.63 25.61 25.48 25.57 25.68 25.83 25.86 25.83 25.79 25.86 25.83 25.82 25.86 25.88 25.86 25.84 25.73 25.72 25.81 25.84 25.80 25.68 25.59 25.67 25.73 25.81 25.75 25.74 25.65 25.58 25.85 25.84 25.93 25.72 24.13 22.46 23.11 23.30 23.09 23.75 21.94 24.03 22.44 21.64 22.52 21.14 19.85 20.14 22.82 24.71 24.31 25.06 25.39 25.18 25.44 25.45 25.40 25.30 25.26 25.19 25.17 25.27 25.31 25.34 25.25 25.43 25.48 25.52 25.60 25.51 25.79 25.90 25.61 25.54 25.42
