main/data/irradiance/01.06.2023.grid
ncols 839
nrows 679
xllcenter 112.0500
yllcenter -43.9500
cellsize 0.0500
nodata_value 99999.90
[rows 136 to 169 of 679, columns 616 to 692 of 839]
18.49 18.34 18.39 18.40 18.74 18.73 18.69 18.77 18.72 18.69 18.40 18.61 18.55 18.40 18.65 18.55 18.53 18.52 18.27 18.41 18.41 17.66 17.71 18.16 18.24 18.02 18.24 18.07 18.40 18.26 18.38 18.56 18.82 18.79 18.84 18.85 18.84 18.81 18.74 18.51 18.34 18.53 18.49 18.46 18.44 18.33 18.35 18.52 18.82 18.59 18.58 18.28 18.12 17.84 17.55 18.18 18.08 17.93 17.93 17.93 16.89 17.96 17.96 17.96 17.96 17.96 17.96 17.96 17.96 17.96 17.96 17.96 18.57 18.40 99999.90 99999.90 99999.90
18.28 18.29 18.52 18.49 18.42 18.37 18.78 18.70 18.66 18.66 18.54 18.78 18.72 18.78 18.59 18.70 18.77 18.64 18.55 18.63 18.51 18.40 17.90 17.87 18.08 17.95 17.96 18.23 18.36 18.49 18.61 18.71 18.77 18.82 18.84 18.86 18.86 18.83 18.74 18.42 18.28 18.56 18.64 18.57 18.37 18.45 18.31 18.11 17.88 18.05 18.22 18.31 18.69 18.30 18.21 17.95 17.38 18.27 18.27 17.69 16.89 17.96 17.96 17.96 17.96 17.96 17.96 17.96 17.96 17.96 17.96 17.96 18.57 18.40 18.48 99999.90 99999.90
18.23 18.34 18.32 18.41 18.61 18.37 18.52 18.49 18.33 18.45 18.62 18.49 18.55 18.66 18.51 18.76 18.53 18.39 18.65 18.42 18.29 18.36 18.35 18.56 18.49 18.24 18.35 18.41 18.43 18.53 18.43 18.76 18.79 18.82 18.81 18.86 18.86 18.85 18.74 18.51 18.58 18.59 18.56 18.61 18.56 18.51 18.58 18.65 18.29 17.80 18.22 18.06 18.25 17.87 18.27 18.38 17.93 17.77 17.77 17.69 16.89 17.96 17.96 17.96 17.96 17.96 17.96 17.96 17.96 17.96 17.96 17.96 18.57 18.48 18.48 99999.90 99999.90
18.48 18.34 18.67 18.42 18.66 18.64 18.53 18.53 18.52 18.65 18.45 18.48 18.54 18.45 18.32 18.38 18.41 18.57 18.21 18.15 18.56 18.57 18.26 18.36 18.32 18.34 18.13 18.43 18.56 18.61 18.71 18.68 18.77 18.73 18.79 18.84 18.82 18.83 18.78 18.59 18.58 18.49 18.43 18.29 18.57 18.71 18.73 18.65 18.49 18.21 18.28 18.43 18.28 18.15 17.43 17.11 18.31 18.10 16.97 17.76 17.41 17.96 17.96 17.96 17.96 17.96 17.96 17.96 17.96 17.96 17.96 17.96 18.57 18.48 18.48 99999.90 99999.90
18.25 18.43 18.65 18.62 18.44 18.68 18.52 18.32 18.64 18.30 18.51 18.24 18.46 18.45 18.26 18.37 18.48 18.42 18.27 18.39 17.86 18.02 18.27 18.11 18.23 18.58 18.15 18.46 18.54 18.44 18.69 18.71 18.74 18.76 18.80 18.82 18.79 18.79 18.78 18.67 18.55 18.35 18.35 18.27 18.36 18.59 18.69 18.75 18.62 18.58 18.50 18.61 18.41 18.18 18.16 17.49 16.25 17.68 18.35 17.79 18.05 18.05 18.05 17.96 17.96 17.96 17.96 17.96 18.57 18.57 18.57 18.57 18.48 18.48 18.48 99999.90 99999.90
18.44 18.56 18.50 18.43 18.54 18.42 18.22 18.62 18.55 17.66 18.19 18.32 17.80 17.88 18.31 18.19 17.53 17.77 17.97 17.78 17.96 18.21 18.03 17.68 17.77 17.76 17.99 18.46 18.63 18.70 18.64 18.75 18.71 18.75 18.77 18.79 18.80 18.78 18.68 18.71 18.58 18.38 18.34 18.55 18.53 18.50 18.56 18.66 18.70 18.63 18.69 18.70 18.58 18.48 18.23 18.08 17.89 16.96 17.78 18.58 18.46 18.46 18.34 18.34 18.34 18.34 18.57 18.57 18.57 18.57 18.48 18.48 18.48 18.48 18.48 99999.90 99999.90
17.93 18.05 18.27 18.31 18.46 17.96 18.16 17.95 18.04 17.93 18.33 18.07 17.89 17.97 17.68 17.58 18.27 18.20 17.72 17.61 18.01 17.82 17.62 17.49 17.43 17.60 17.79 17.53 17.65 18.21 18.54 18.58 18.67 18.71 18.75 18.76 18.76 18.69 18.63 18.75 18.70 18.53 18.43 18.51 18.43 18.39 18.49 18.45 18.57 18.44 18.51 18.55 18.34 18.48 18.46 18.02 17.61 17.78 17.63 18.50 17.83 18.34 18.34 18.34 18.57 18.57 18.57 18.57 18.57 18.48 18.48 18.48 18.48 18.48 18.48 18.18 99999.90
18.21 18.10 18.06 17.83 17.69 18.13 18.12 17.13 17.82 17.97 17.67 17.56 17.82 18.00 18.09 17.88 17.48 17.78 18.00 17.80 17.31 17.48 17.96 18.02 17.58 17.17 17.17 17.04 17.52 17.74 18.12 18.21 18.47 18.62 18.45 18.56 18.71 18.70 18.70 18.56 18.47 17.94 18.16 18.21 18.04 18.25 18.29 18.19 18.33 18.35 18.05 18.10 18.21 18.53 17.89 18.11 18.31 18.35 17.85 18.04 16.66 17.71 17.71 18.57 18.57 18.57 18.57 18.40 18.48 18.48 18.48 18.48 18.48 18.48 18.48 18.18 99999.90
17.26 18.10 17.87 17.69 17.94 18.34 17.72 17.53 17.42 17.22 17.49 17.40 17.64 17.83 17.48 17.66 17.99 17.96 17.79 17.67 17.96 17.81 17.84 17.35 17.24 17.15 17.86 17.92 17.56 17.46 17.66 17.89 18.15 18.32 18.14 18.48 18.47 18.66 18.39 18.41 18.07 17.58 17.28 17.21 17.15 17.38 17.59 17.98 17.34 16.92 17.40 17.76 17.04 16.79 16.66 17.64 18.07 18.46 18.56 17.90 15.54 18.00 18.57 18.57 18.57 18.40 18.40 18.48 18.48 18.48 18.48 18.48 18.48 18.48 18.48 18.18 99999.90
16.89 17.72 17.45 17.22 17.61 17.99 17.68 17.83 17.83 18.15 17.77 17.41 17.83 17.93 17.92 17.79 17.12 17.28 17.63 17.96 18.02 17.75 17.57 17.43 17.61 17.56 17.84 17.52 17.94 18.21 18.11 17.99 17.90 18.05 18.29 18.24 18.23 18.20 18.26 18.12 18.09 17.47 17.31 17.37 17.63 17.75 17.82 17.78 16.21 16.48 16.75 17.10 17.01 17.31 15.98 15.62 15.65 17.74 18.32 17.56 17.07 18.14 18.42 18.42 18.40 18.40 18.48 18.48 18.48 18.48 18.48 18.48 18.48 18.48 18.48 18.18 99999.90
17.81 18.28 17.40 17.01 17.35 16.78 17.07 17.40 17.59 17.29 17.62 18.12 18.06 17.25 17.99 18.30 17.57 17.89 17.29 17.62 17.15 17.49 17.78 17.96 18.12 17.82 17.44 17.88 18.07 18.27 18.24 18.46 18.03 18.22 17.95 18.09 17.91 18.21 18.17 18.30 17.74 16.99 16.79 17.55 17.69 17.37 17.22 16.57 15.57 15.76 16.48 16.70 17.00 17.41 17.00 16.72 16.43 16.13 15.95 17.34 17.58 18.32 18.25 18.40 18.40 18.48 18.48 18.48 18.48 18.48 18.48 18.48 18.48 18.48 18.48 18.18 99999.90
17.52 17.43 17.19 17.49 17.73 17.37 16.76 17.28 17.20 17.24 17.08 16.57 17.36 17.66 17.93 17.92 17.68 18.04 18.09 17.88 17.71 17.75 17.87 18.12 18.13 18.25 18.30 18.16 18.03 17.98 18.30 18.31 18.11 18.27 18.13 18.26 18.27 18.11 18.06 17.41 17.03 16.75 17.29 17.64 17.33 16.47 15.64 15.55 15.80 16.33 15.85 15.42 16.38 16.89 15.53 15.05 15.47 15.61 16.03 15.39 17.34 18.14 18.44 18.25 18.48 18.48 18.48 18.48 18.48 18.48 18.48 18.48 18.48 18.48 18.48 18.18 99999.90
17.17 16.88 17.04 16.84 17.59 16.74 17.29 16.69 16.79 17.50 17.42 17.02 16.83 17.13 17.24 17.74 17.39 17.96 17.94 17.77 17.95 17.74 18.18 17.94 18.07 18.04 17.83 17.90 18.10 18.25 18.25 18.03 18.10 18.15 18.12 18.14 17.90 17.35 17.23 16.80 16.78 16.38 16.17 16.09 15.70 14.95 15.15 16.42 16.36 16.40 16.22 16.14 14.25 13.66 13.88 14.06 14.38 13.18 14.40 17.14 17.24 17.75 18.22 18.38 18.48 18.48 18.48 18.48 18.48 18.48 18.48 18.48 18.48 18.18 18.18 18.18 99999.90
16.51 16.52 17.22 17.37 17.00 17.41 17.67 17.50 17.69 17.13 17.12 16.91 16.60 17.58 17.55 17.91 17.57 17.23 17.57 17.77 17.92 18.05 17.99 17.86 17.81 18.18 18.34 18.23 18.15 18.01 17.65 17.67 17.83 17.75 17.50 17.43 17.09 16.81 16.92 16.60 16.12 15.95 15.72 14.72 14.96 14.80 16.20 16.49 15.05 14.34 13.91 14.15 14.14 13.57 14.23 15.38 14.54 15.38 16.00 16.85 17.01 16.01 16.88 17.87 18.14 18.14 18.14 18.14 18.14 18.14 18.18 18.18 18.18 18.18 18.18 18.18 99999.90
17.05 16.78 16.02 16.81 16.38 16.91 16.95 17.09 17.22 16.85 17.17 16.60 17.62 16.68 17.38 17.34 17.80 17.89 18.06 17.79 17.47 17.49 17.93 18.08 17.89 17.61 17.97 18.07 17.95 17.59 16.98 17.47 17.77 17.43 17.77 17.60 17.02 16.45 16.05 16.04 15.95 15.06 14.86 15.33 14.29 14.90 15.71 14.90 13.92 14.13 15.20 15.29 15.01 14.22 14.27 13.65 14.92 15.61 16.20 17.05 17.00 16.90 16.91 17.32 17.98 17.98 17.98 18.18 18.18 18.18 18.18 18.18 18.18 18.18 18.18 18.18 99999.90
17.55 17.15 17.47 17.24 17.36 17.51 16.55 16.96 17.23 17.47 17.18 17.17 16.75 17.46 17.44 17.44 17.42 17.65 17.83 17.78 18.11 17.60 18.07 17.91 17.70 17.98 17.76 17.69 17.54 17.61 17.01 16.35 16.82 17.01 17.01 16.71 17.01 16.10 15.55 15.01 15.51 15.23 15.49 15.95 15.31 14.82 13.93 14.62 14.73 14.09 15.65 16.06 15.61 14.31 13.67 14.08 14.63 15.75 14.93 15.42 15.88 16.55 17.20 17.15 17.95 17.95 18.18 18.18 18.18 18.18 18.18 18.18 18.18 18.18 18.18 18.18 99999.90
16.86 16.86 16.39 16.24 17.01 16.82 16.98 17.05 17.35 17.52 17.58 17.45 17.78 17.82 17.46 17.75 17.81 17.91 17.93 18.07 18.18 17.84 17.72 17.73 18.07 17.82 17.65 16.90 16.92 16.26 16.55 15.98 16.73 16.86 16.36 15.39 15.85 15.48 14.83 15.85 16.95 15.64 16.08 16.06 14.84 14.18 14.29 14.60 13.31 14.10 15.32 14.88 12.50 10.49 12.18 14.47 15.17 15.71 15.33 16.21 15.57 16.70 17.62 17.87 18.17 18.18 18.18 18.18 18.18 18.18 18.18 18.18 18.18 18.18 18.18 18.18 99999.90
16.74 16.49 17.03 17.08 17.50 16.76 16.95 16.79 17.39 16.96 17.26 17.55 18.01 18.17 18.17 18.06 17.60 17.82 17.88 18.06 18.15 17.70 17.59 17.46 17.74 17.81 17.19 16.06 16.76 16.24 15.90 16.15 16.53 15.90 15.42 15.40 16.24 15.93 15.30 15.46 14.85 15.00 15.15 15.07 15.24 14.60 13.93 13.86 14.34 15.81 14.13 12.16 11.58 11.04 11.33 13.10 14.67 14.93 14.70 14.44 14.37 15.07 16.76 17.11 17.87 18.18 18.18 18.18 18.18 18.18 18.18 18.18 18.18 18.18 18.18 18.18 99999.90
17.35 16.86 17.13 16.91 16.78 16.04 17.25 17.52 17.52 17.35 17.60 17.61 18.11 18.03 17.90 18.18 17.97 18.24 18.20 18.18 18.12 18.04 17.21 17.46 17.63 17.26 15.97 15.91 16.58 16.38 16.05 15.69 15.60 15.67 15.68 15.63 15.61 15.59 16.09 16.32 16.35 15.72 14.96 15.08 14.56 14.57 15.47 14.94 14.45 13.29 11.91 11.29 13.09 13.28 13.49 14.55 14.78 13.46 13.25 14.57 16.12 16.18 16.28 16.38 17.23 17.23 17.23 18.18 18.18 18.18 18.18 18.18 18.18 18.18 18.18 18.18 99999.90
16.79 17.04 17.61 17.56 17.64 17.33 17.48 17.42 17.86 17.81 17.65 17.95 18.14 18.22 18.17 17.94 18.13 18.27 18.13 18.07 17.86 17.48 17.60 17.89 17.67 17.17 15.66 16.17 16.67 16.28 16.08 15.41 14.64 15.36 16.42 15.81 16.46 16.33 15.37 15.54 15.09 13.87 13.27 14.11 14.03 14.37 15.01 13.33 12.16 11.94 12.18 13.18 14.47 14.36 14.87 14.32 12.81 12.22 12.74 14.35 15.59 16.23 15.77 16.19 17.42 17.42 17.42 17.42 17.42 18.18 18.18 18.18 18.18 18.18 18.18 18.18 16.80
17.10 17.70 17.53 17.16 17.73 17.56 17.49 17.82 17.41 17.84 17.95 17.53 17.78 17.96 17.87 18.19 17.79 18.14 17.83 17.91 17.82 17.64 17.58 17.55 17.05 17.05 15.81 15.55 16.86 16.82 15.80 14.22 14.60 15.29 15.51 15.65 15.71 15.29 14.31 14.26 12.87 12.85 12.98 13.61 14.26 15.29 13.65 12.57 12.17 11.93 12.15 13.76 14.27 13.23 13.14 11.74 10.36 11.80 12.28 13.37 13.67 13.74 14.51 15.24 16.97 16.97 16.97 16.97 16.97 16.97 16.97 16.97 16.97 18.18 18.18 18.18 16.80
17.17 17.21 16.88 17.49 17.55 18.00 17.34 17.17 17.33 17.95 17.86 17.68 18.09 17.73 17.87 17.50 17.81 17.99 18.09 18.15 16.92 16.93 17.27 17.31 17.13 16.66 14.64 14.58 15.80 16.50 16.34 14.70 14.39 14.31 13.98 14.54 15.27 15.03 14.40 13.95 12.51 12.17 12.02 12.76 13.86 14.47 12.52 12.68 12.75 13.10 14.48 14.81 14.36 13.30 13.06 12.37 12.09 14.34 15.81 16.05 15.30 13.71 14.96 15.54 16.47 16.47 16.47 16.47 16.47 16.47 16.47 16.47 16.47 16.47 16.47 16.80 16.80
17.51 17.07 16.91 17.58 17.76 17.01 17.04 17.25 17.36 17.74 17.52 17.90 17.81 17.95 18.05 18.20 17.76 17.53 17.79 17.88 17.37 17.26 17.18 17.22 17.17 15.78 14.39 13.69 15.38 16.07 16.52 14.30 13.91 14.19 13.80 14.72 14.56 14.86 14.23 14.13 14.23 12.57 12.60 13.82 14.31 13.86 13.57 13.22 12.95 14.00 14.62 13.49 13.55 13.50 12.41 12.12 11.53 13.29 15.27 15.22 14.86 14.49 14.79 15.89 16.18 16.18 16.18 16.18 16.18 16.18 16.18 16.18 16.18 16.80 16.80 16.80 16.80
16.80 17.30 17.57 17.43 16.95 16.73 17.47 17.43 17.58 17.30 17.65 17.30 17.50 18.07 17.98 17.86 17.60 17.49 17.53 18.00 16.24 16.11 17.49 17.41 17.27 15.95 15.08 15.27 15.41 15.56 14.92 14.74 14.66 14.11 13.35 13.37 14.06 14.34 14.00 12.82 13.53 14.00 15.14 14.92 15.36 15.20 14.68 13.95 13.24 14.51 13.46 13.68 13.91 13.05 13.60 12.52 10.96 13.14 14.94 15.30 15.53 15.40 15.70 16.66 16.18 16.18 16.18 16.18 16.18 16.18 16.18 16.80 16.80 16.80 16.80 16.80 16.80
17.57 17.58 17.36 17.07 17.04 17.08 17.07 17.20 17.30 17.09 17.43 17.69 17.89 17.18 17.71 17.41 17.84 18.00 17.87 17.64 16.52 15.91 17.02 16.72 15.60 15.27 14.83 14.87 14.10 14.74 15.49 15.30 15.44 14.85 14.73 14.73 14.35 14.46 13.55 13.19 13.80 13.88 13.97 13.90 13.27 13.48 13.43 13.72 14.20 14.85 15.09 14.55 14.13 13.46 12.59 12.06 11.80 14.12 15.24 16.14 16.18 16.09 16.23 16.76 16.76 16.76 16.18 16.18 16.18 16.80 16.80 16.80 16.80 16.80 16.80 16.80 16.80
17.32 16.98 17.59 16.99 17.15 17.03 17.37 16.85 17.05 17.23 17.32 17.44 17.40 16.87 17.22 17.46 18.00 17.92 17.52 16.79 16.15 15.78 16.39 15.70 15.86 15.60 14.63 15.52 14.65 14.85 15.00 14.48 15.27 15.89 15.98 16.02 15.52 14.31 13.76 13.56 14.24 14.23 14.53 12.84 11.98 13.56 13.02 13.56 13.47 12.47 14.41 14.41 13.73 13.48 13.51 13.91 12.68 12.42 14.75 16.45 16.47 16.36 16.60 17.03 17.03 17.03 17.03 17.03 16.80 16.80 16.80 16.80 16.80 16.80 16.80 16.80 16.80
17.50 17.25 17.41 16.87 17.43 16.90 17.68 17.06 17.43 16.83 17.55 17.31 17.46 17.04 16.71 17.26 17.94 17.78 17.52 16.81 16.81 16.44 15.88 15.81 15.58 14.99 14.93 14.72 14.46 15.13 14.37 14.16 14.69 15.64 15.53 15.26 14.90 14.16 15.03 14.87 14.27 13.37 13.05 13.32 13.73 13.82 13.72 13.94 11.37 11.78 13.59 13.91 14.26 13.42 12.56 12.37 13.42 11.47 12.64 15.02 14.65 15.93 16.72 17.03 17.03 17.03 15.69 15.69 16.80 16.80 16.80 16.80 16.80 16.80 16.80 16.80 16.80
16.73 16.44 15.89 15.77 16.30 16.81 17.00 16.27 16.82 17.40 17.44 16.60 17.31 16.63 17.29 16.76 17.87 18.08 17.55 16.50 16.19 16.83 15.63 14.96 14.67 15.45 14.74 14.86 14.93 14.63 14.88 14.45 13.72 14.89 15.32 14.71 14.93 14.81 13.95 12.95 13.21 12.15 12.06 13.80 13.80 13.40 13.71 13.26 12.58 12.88 13.61 13.35 13.70 13.13 13.00 13.65 14.44 13.65 13.72 13.33 13.53 15.25 16.78 16.78 16.78 15.69 15.69 15.69 16.80 16.80 16.80 16.80 16.80 16.80 16.80 15.76 15.76
17.14 17.26 16.82 16.85 16.72 16.87 16.74 16.83 16.65 17.10 17.33 17.28 17.40 17.35 17.08 17.31 17.78 18.07 17.51 15.95 16.88 16.62 16.76 15.34 15.20 15.01 14.75 14.24 13.89 14.05 14.28 14.46 14.24 15.03 15.32 14.70 14.89 13.96 14.09 13.97 13.21 12.49 11.65 12.32 11.93 12.22 12.31 11.77 11.79 11.50 13.08 13.64 14.09 14.59 14.22 14.41 14.52 14.52 15.01 12.42 14.12 16.24 16.23 16.23 16.16 15.69 15.69 15.69 16.80 16.80 16.80 16.80 16.80 15.76 15.76 15.76 15.76
16.47 16.57 16.39 16.40 15.82 16.38 16.49 16.14 15.49 16.50 17.22 16.46 16.41 17.18 17.09 17.00 17.33 18.01 17.50 16.31 16.48 16.52 16.89 15.72 15.01 14.86 14.63 13.40 13.33 13.94 13.68 14.25 14.65 15.10 15.23 15.13 15.15 14.51 14.08 13.44 13.59 12.45 11.67 11.57 11.47 12.68 12.13 11.71 12.19 12.98 12.07 13.19 12.68 13.57 13.89 12.67 12.32 12.90 13.41 13.23 13.54 15.27 16.46 16.16 16.16 15.69 15.69 15.69 16.80 16.80 16.80 15.76 15.76 15.76 15.76 15.76 15.76
16.17 17.25 17.08 16.77 16.29 17.25 16.69 16.57 16.74 16.66 16.23 16.35 17.53 16.87 16.58 16.96 17.55 18.05 17.96 17.08 16.83 16.88 16.50 15.17 15.08 15.19 14.27 14.32 14.27 13.93 14.68 14.84 14.76 15.38 15.61 15.85 15.48 14.69 13.09 12.21 13.37 12.83 13.72 13.81 12.97 13.42 13.87 12.43 12.81 14.16 14.22 14.49 12.78 13.58 14.08 14.37 13.74 13.93 13.83 14.57 14.41 14.87 15.05 15.15 16.28 16.28 15.69 15.60 15.00 15.00 15.76 15.76 15.76 15.76 15.76 15.76 15.76
16.89 15.96 16.02 16.87 16.96 16.52 16.74 16.75 16.81 16.59 16.36 17.58 17.38 17.02 17.02 17.01 17.42 18.01 17.99 17.66 16.94 17.16 16.95 15.27 14.67 14.33 14.90 15.58 15.44 14.79 15.38 15.36 15.36 15.97 16.50 15.39 14.60 14.32 13.50 13.56 13.47 12.75 13.70 14.98 14.11 13.14 13.58 12.52 13.65 13.20 13.36 14.22 14.31 14.77 14.89 13.78 12.25 13.28 14.92 15.27 15.40 15.42 15.61 15.76 15.67 16.46 16.84 15.60 14.47 15.76 15.76 15.76 15.76 15.76 15.76 15.76 15.76
16.65 15.76 16.27 16.64 16.60 16.78 16.58 16.88 17.07 16.70 17.25 17.47 17.32 17.59 17.51 17.81 17.80 18.09 18.14 17.78 17.34 17.28 15.77 14.69 13.85 14.96 15.56 15.92 16.23 15.37 15.00 14.75 14.20 14.94 16.49 15.75 16.00 14.78 13.15 13.40 14.49 14.46 14.94 14.27 12.87 13.24 15.29 14.39 14.04 14.39 14.66 13.77 14.95 15.10 13.78 12.21 12.65 12.37 14.10 14.95 14.59 15.17 15.00 15.82 15.37 15.14 16.22 16.22 14.67 11.19 11.19 11.19 11.19 11.19 11.19 11.19 11.19
17.05 17.12 16.75 16.61 16.88 17.68 16.99 17.14 17.56 17.62 17.61 17.99 17.86 17.76 17.59 17.75 18.00 18.05 18.07 17.90 17.43 15.96 14.65 14.59 15.14 16.26 16.00 16.49 15.83 15.02 14.46 15.28 14.61 15.69 16.43 15.68 14.45 13.87 14.08 15.14 14.51 14.15 13.52 13.87 13.99 15.05 16.00 15.11 14.21 13.75 14.23 14.57 14.44 14.42 14.85 13.63 13.45 13.05 13.17 12.82 13.99 14.31 15.13 16.04 16.61 14.09 14.54 14.54 14.67 11.19 11.19 11.19 11.19 11.19 11.19 11.19 11.19
