main/data/irradiance/01.06.2023.grid
ncols 839
nrows 679
xllcenter 112.0500
yllcenter -43.9500
cellsize 0.0500
nodata_value 99999.90
[rows 102 to 135 of 679, columns 539 to 615 of 839]
99999.90 99999.90 99999.90 99999.90 99999.90 99999.90 99999.90 99999.90 99999.90 99999.90 99999.90 99999.90 99999.90 99999.90 99999.90 99999.90 99999.90 99999.90 99999.90 99999.90 99999.90 99999.90 99999.90 99999.90 99999.90 99999.90 99999.90 99999.90 99999.90 99999.90 99999.90 99999.90 99999.90 99999.90 99999.90 99999.90 99999.90 99999.90 99999.90 17.59 16.99 17.51 17.36 17.36 17.36 17.36 17.36 17.36 17.36 17.36 17.36 18.10 18.10 18.10 17.04 17.82 15.69 15.33 16.06 16.35 15.99 16.15 15.91 16.64 17.02 17.32 16.83 17.68 17.25 17.16 17.08 17.24 17.08 16.82 16.89 15.27 15.38
99999.90 99999.90 99999.90 99999.90 99999.90 99999.90 99999.90 99999.90 99999.90 99999.90 99999.90 99999.90 99999.90 99999.90 99999.90 99999.90 99999.90 99999.90 99999.90 99999.90 99999.90 99999.90 99999.90 99999.90 99999.90 99999.90 99999.90 99999.90 99999.90 99999.90 99999.90 99999.90 99999.90 99999.90 99999.90 99999.90 99999.90 99999.90 99999.90 17.59 16.99 17.51 17.51 17.51 17.36 17.36 17.36 17.36 17.36 17.36 17.36 17.36 17.40 17.40 17.28 17.39 16.95 16.13 15.84 16.42 15.74 15.07 15.35 15.76 16.58 15.62 15.92 17.13 17.46 15.74 15.59 15.90 16.24 16.02 15.90 15.53 15.33
99999.90 99999.90 99999.90 99999.90 99999.90 99999.90 99999.90 99999.90 99999.90 99999.90 99999.90 99999.90 99999.90 99999.90 99999.90 99999.90 99999.90 99999.90 99999.90 99999.90 99999.90 99999.90 99999.90 99999.90 99999.90 99999.90 99999.90 99999.90 99999.90 99999.90 99999.90 99999.90 99999.90 99999.90 99999.90 99999.90 99999.90 99999.90 99999.90 17.59 16.99 16.99 16.99 17.51 17.51 17.51 17.51 17.36 17.36 17.36 17.36 17.36 17.36 17.61 17.12 17.78 17.75 16.30 16.48 16.31 15.62 15.26 15.42 15.51 16.66 16.06 15.96 17.28 16.43 15.88 15.92 15.31 16.45 14.71 15.01 15.20 15.99
99999.90 99999.90 99999.90 99999.90 99999.90 99999.90 99999.90 99999.90 99999.90 99999.90 99999.90 99999.90 99999.90 99999.90 99999.90 99999.90 99999.90 99999.90 99999.90 99999.90 99999.90 99999.90 99999.90 99999.90 99999.90 99999.90 99999.90 99999.90 99999.90 99999.90 99999.90 99999.90 99999.90 99999.90 99999.90 99999.90 99999.90 99999.90 99999.90 17.59 16.99 16.99 16.99 16.99 16.99 17.51 17.51 17.51 17.51 17.51 17.44 17.44 17.44 18.02 18.02 17.97 17.61 17.32 16.54 16.52 15.94 16.54 16.12 15.75 16.58 16.19 16.45 16.34 16.43 16.93 16.41 16.08 15.70 15.17 15.05 14.92 15.28
99999.90 99999.90 99999.90 99999.90 99999.90 99999.90 99999.90 99999.90 99999.90 99999.90 99999.90 99999.90 99999.90 99999.90 99999.90 99999.90 99999.90 99999.90 99999.90 99999.90 99999.90 99999.90 99999.90 99999.90 99999.90 99999.90 99999.90 99999.90 99999.90 99999.90 99999.90 99999.90 99999.90 99999.90 99999.90 99999.90 99999.90 99999.90 99999.90 17.59 16.99 16.99 16.99 16.99 16.99 16.99 16.99 17.51 17.51 17.51 17.51 16.73 16.73 17.46 17.61 17.27 17.57 17.20 16.97 16.07 15.76 16.41 17.26 16.59 16.02 16.79 16.49 17.04 15.86 16.64 16.44 16.16 16.35 15.69 15.60 15.02 14.21
99999.90 99999.90 99999.90 99999.90 99999.90 99999.90 99999.90 99999.90 99999.90 99999.90 99999.90 99999.90 99999.90 99999.90 99999.90 99999.90 99999.90 99999.90 99999.90 99999.90 99999.90 99999.90 99999.90 99999.90 99999.90 99999.90 99999.90 99999.90 99999.90 99999.90 99999.90 99999.90 99999.90 99999.90 99999.90 99999.90 99999.90 99999.90 99999.90 17.59 16.99 16.99 16.99 16.99 16.99 16.99 16.99 16.99 16.99 17.51 17.51 17.51 17.49 16.91 17.23 17.58 18.07 17.21 17.62 17.10 17.12 17.12 15.89 15.39 16.88 17.11 16.28 16.12 15.82 16.18 16.67 16.31 16.51 15.66 14.87 15.21 14.22
99999.90 99999.90 99999.90 99999.90 99999.90 99999.90 99999.90 99999.90 99999.90 99999.90 99999.90 99999.90 99999.90 99999.90 99999.90 99999.90 99999.90 99999.90 99999.90 99999.90 99999.90 99999.90 99999.90 99999.90 99999.90 99999.90 99999.90 99999.90 99999.90 99999.90 99999.90 99999.90 99999.90 99999.90 99999.90 99999.90 99999.90 99999.90 17.54 17.59 17.59 17.59 16.99 16.99 16.99 16.99 16.99 16.99 16.99 16.99 18.30 18.30 18.26 17.46 16.66 16.93 17.53 16.98 17.02 17.37 17.22 17.17 16.18 16.11 15.99 16.77 16.80 16.20 15.98 16.10 16.21 16.69 16.83 15.93 15.58 15.38 15.68
99999.90 99999.90 99999.90 99999.90 99999.90 99999.90 99999.90 99999.90 99999.90 99999.90 99999.90 99999.90 99999.90 99999.90 99999.90 99999.90 99999.90 99999.90 99999.90 99999.90 99999.90 99999.90 99999.90 99999.90 99999.90 99999.90 99999.90 99999.90 99999.90 99999.90 99999.90 99999.90 99999.90 99999.90 99999.90 99999.90 99999.90 99999.90 17.54 17.59 17.59 17.59 17.59 17.59 17.59 16.99 16.99 16.99 16.99 16.99 16.99 18.12 17.95 17.31 16.92 17.03 17.17 16.37 16.81 17.15 17.00 17.58 16.50 16.79 15.86 16.14 16.31 15.55 16.26 15.39 15.92 15.98 16.84 16.37 16.20 15.52 15.41
99999.90 99999.90 99999.90 99999.90 99999.90 99999.90 99999.90 99999.90 99999.90 99999.90 99999.90 99999.90 99999.90 99999.90 99999.90 99999.90 99999.90 99999.90 99999.90 99999.90 99999.90 99999.90 99999.90 99999.90 99999.90 99999.90 99999.90 99999.90 99999.90 99999.90 99999.90 99999.90 99999.90 99999.90 99999.90 99999.90 99999.90 99999.90 17.54 17.59 17.59 17.59 17.59 17.59 17.59 17.59 17.59 17.59 17.20 17.20 17.20 17.56 17.58 17.78 17.55 17.15 17.10 17.16 16.91 17.26 16.67 16.29 16.67 17.23 16.32 15.56 16.29 16.25 15.49 15.15 15.54 16.27 16.58 17.05 17.07 15.45 15.32
99999.90 99999.90 99999.90 99999.90 99999.90 99999.90 99999.90 99999.90 99999.90 99999.90 99999.90 99999.90 99999.90 99999.90 99999.90 99999.90 99999.90 99999.90 99999.90 99999.90 99999.90 99999.90 99999.90 99999.90 99999.90 99999.90 99999.90 99999.90 99999.90 99999.90 99999.90 99999.90 99999.90 99999.90 99999.90 99999.90 99999.90 99999.90 17.54 17.59 17.59 17.59 17.59 17.59 17.59 17.59 17.59 17.59 17.59 17.93 17.93 18.23 17.95 18.08 17.96 17.58 17.67 17.99 17.27 17.31 16.84 16.88 16.93 16.81 16.20 15.71 16.55 15.89 15.77 15.06 15.54 16.49 16.62 16.63 17.12 17.00 15.88
99999.90 99999.90 99999.90 99999.90 99999.90 99999.90 99999.90 99999.90 99999.90 99999.90 99999.90 99999.90 99999.90 99999.90 99999.90 99999.90 99999.90 99999.90 99999.90 99999.90 99999.90 99999.90 99999.90 99999.90 99999.90 99999.90 99999.90 99999.90 99999.90 99999.90 99999.90 99999.90 99999.90 99999.90 99999.90 99999.90 99999.90 99999.90 17.54 17.59 17.59 17.59 17.59 17.59 17.59 17.59 17.59 17.59 17.59 17.59 18.15 18.40 18.08 18.28 18.32 18.08 18.04 17.88 17.36 17.40 17.51 17.91 17.43 16.94 16.99 16.77 16.30 16.82 14.93 15.22 14.30 15.90 15.55 16.76 16.08 16.87 16.36
99999.90 99999.90 99999.90 99999.90 99999.90 99999.90 99999.90 99999.90 99999.90 99999.90 99999.90 99999.90 99999.90 99999.90 99999.90 99999.90 99999.90 99999.90 99999.90 99999.90 99999.90 99999.90 99999.90 99999.90 99999.90 99999.90 99999.90 99999.90 99999.90 99999.90 99999.90 99999.90 99999.90 99999.90 99999.90 99999.90 99999.90 99999.90 17.54 18.08 18.08 18.08 18.08 18.08 18.08 18.08 18.08 18.08 18.08 18.08 18.29 18.53 18.26 17.90 18.15 18.02 17.85 17.41 17.66 17.60 17.46 17.91 17.19 16.45 16.71 17.16 16.94 16.63 15.78 16.38 15.26 15.80 15.81 15.34 15.22 15.65 15.48
99999.90 99999.90 99999.90 99999.90 99999.90 99999.90 99999.90 99999.90 99999.90 99999.90 99999.90 99999.90 99999.90 99999.90 99999.90 99999.90 99999.90 99999.90 99999.90 99999.90 99999.90 99999.90 99999.90 99999.90 99999.90 99999.90 99999.90 99999.90 99999.90 99999.90 99999.90 99999.90 99999.90 99999.90 99999.90 99999.90 99999.90 99999.90 17.54 17.54 17.54 18.36 18.36 18.36 18.36 18.36 18.36 18.36 18.36 18.36 18.65 18.59 18.20 18.20 18.25 18.12 18.16 17.94 17.78 17.70 17.95 17.18 17.09 16.81 16.96 16.72 16.01 15.97 16.28 16.74 15.72 15.08 15.22 15.79 15.63 16.32 15.91
99999.90 99999.90 99999.90 99999.90 99999.90 99999.90 99999.90 99999.90 99999.90 99999.90 99999.90 99999.90 99999.90 99999.90 99999.90 99999.90 99999.90 99999.90 99999.90 99999.90 99999.90 99999.90 99999.90 99999.90 99999.90 99999.90 99999.90 99999.90 99999.90 99999.90 99999.90 99999.90 99999.90 99999.90 99999.90 99999.90 99999.90 18.63 17.54 17.54 17.54 17.54 17.54 17.54 18.09 18.09 18.09 18.09 18.09 18.09 18.47 17.74 18.34 18.23 17.87 17.72 17.81 17.33 17.24 17.44 16.94 16.34 16.85 16.50 16.99 16.78 16.24 17.10 17.56 16.63 15.71 15.56 15.64 15.77 16.04 15.18 16.11
99999.90 99999.90 99999.90 99999.90 99999.90 99999.90 99999.90 99999.90 99999.90 99999.90 99999.90 99999.90 99999.90 99999.90 99999.90 99999.90 99999.90 99999.90 99999.90 99999.90 99999.90 99999.90 99999.90 99999.90 99999.90 99999.90 99999.90 99999.90 99999.90 99999.90 99999.90 99999.90 99999.90 99999.90 99999.90 99999.90 99999.90 18.63 17.54 17.54 17.54 17.54 17.54 17.54 17.54 17.54 17.54 17.50 17.50 17.50 17.94 18.05 18.09 17.34 17.67 17.36 17.01 17.29 17.24 17.42 17.64 17.14 16.63 17.14 15.79 16.47 16.28 16.34 16.63 16.96 16.04 15.70 15.53 15.04 15.67 15.92 16.17
99999.90 99999.90 99999.90 99999.90 99999.90 99999.90 99999.90 99999.90 99999.90 99999.90 99999.90 99999.90 99999.90 99999.90 99999.90 99999.90 99999.90 99999.90 99999.90 99999.90 99999.90 99999.90 99999.90 99999.90 99999.90 99999.90 99999.90 99999.90 99999.90 99999.90 99999.90 99999.90 99999.90 99999.90 99999.90 99999.90 99999.90 18.63 17.54 17.54 17.54 17.54 17.54 17.54 17.54 17.54 17.54 17.54 17.77 17.77 18.30 18.34 18.12 18.08 17.85 17.29 17.23 17.62 17.35 16.91 16.85 16.98 16.60 16.66 16.35 16.21 16.26 16.20 16.43 15.63 16.16 15.79 15.67 15.14 15.12 15.83 16.59
19.00 19.00 19.00 19.00 19.00 19.00 19.00 19.00 19.00 19.00 19.00 18.97 18.98 18.98 18.98 18.98 18.98 18.98 18.98 18.98 18.98 18.98 18.98 99999.90 99999.90 99999.90 99999.90 99999.90 99999.90 99999.90 99999.90 99999.90 99999.90 99999.90 99999.90 99999.90 99999.90 18.63 17.54 17.54 17.54 17.54 17.54 17.54 17.54 17.54 17.54 17.54 17.54 18.40 18.12 18.36 18.17 18.25 17.65 17.15 17.43 17.73 17.35 16.89 17.17 16.79 16.66 16.80 16.41 16.28 16.37 16.25 16.28 16.24 16.17 16.62 16.10 16.54 15.73 16.70 16.50
18.88 18.88 18.88 18.88 18.88 18.88 19.00 19.00 19.00 19.00 19.00 18.97 18.98 18.98 18.98 18.98 18.98 18.98 18.98 18.98 18.98 18.98 18.98 18.96 99999.90 99999.90 99999.90 99999.90 99999.90 99999.90 99999.90 99999.90 99999.90 99999.90 99999.90 99999.90 18.83 18.63 17.54 17.54 17.54 17.54 17.54 17.54 17.54 17.54 17.54 17.54 17.54 18.44 18.58 18.76 18.50 18.08 17.95 17.82 17.71 17.92 17.68 17.76 17.42 17.09 17.15 16.99 16.48 17.20 17.44 17.03 16.28 16.86 16.23 16.75 15.58 15.73 15.53 15.69 16.33
18.88 18.88 18.88 18.88 18.88 18.88 19.00 19.00 19.00 19.00 19.00 18.97 18.98 18.98 18.98 18.98 18.98 18.98 18.98 18.98 18.98 18.98 18.96 18.96 99999.90 99999.90 99999.90 99999.90 99999.90 99999.90 99999.90 99999.90 99999.90 99999.90 99999.90 99999.90 18.83 18.63 17.54 17.54 17.54 17.54 17.54 17.54 17.54 17.54 17.54 18.40 18.40 18.40 18.31 18.45 18.48 18.30 17.70 17.70 17.48 17.83 17.54 17.71 17.54 18.04 17.47 17.05 16.73 16.83 16.77 16.48 16.43 17.06 16.80 16.42 16.96 16.69 16.91 16.74 16.63
18.88 18.88 18.88 18.88 18.88 18.88 18.88 19.00 19.00 19.00 19.00 18.97 18.98 18.98 18.98 18.98 18.98 18.98 18.98 18.98 18.98 18.96 18.96 18.96 99999.90 99999.90 99999.90 99999.90 99999.90 99999.90 99999.90 99999.90 99999.90 99999.90 99999.90 18.76 18.83 18.63 18.63 18.63 18.63 18.63 18.01 18.01 18.01 18.01 18.01 18.37 18.37 18.37 18.46 18.60 18.32 18.50 17.97 17.73 17.85 17.89 17.84 17.87 17.68 17.78 17.18 17.23 17.58 17.38 16.89 17.35 17.21 17.55 17.19 16.76 17.20 17.47 17.58 17.50 17.55
18.88 18.88 18.88 18.88 18.88 18.88 18.88 19.00 19.00 19.00 19.00 18.97 18.98 18.98 18.98 18.98 18.98 18.98 18.98 18.98 18.96 18.96 18.96 18.96 99999.90 99999.90 99999.90 99999.90 99999.90 99999.90 99999.90 99999.90 99999.90 99999.90 99999.90 18.76 18.83 18.63 18.63 18.63 18.63 18.63 18.63 18.63 18.01 18.01 18.01 18.01 18.55 18.55 18.48 18.80 18.69 18.01 18.23 18.21 17.58 17.53 18.06 17.52 17.84 18.08 18.00 18.02 18.17 17.68 16.83 17.11 16.58 17.46 17.12 17.51 17.28 17.23 17.36 18.03 17.95
18.88 18.88 18.88 18.88 18.88 18.88 18.88 19.00 19.00 19.00 19.00 18.97 18.98 18.98 18.98 18.98 18.98 18.98 18.98 18.96 18.96 18.96 18.96 18.96 99999.90 99999.90 99999.90 99999.90 99999.90 99999.90 99999.90 99999.90 99999.90 99999.90 99999.90 18.76 18.83 18.63 18.63 18.63 18.63 18.63 18.63 18.63 18.63 18.63 18.01 18.01 18.01 18.40 18.70 18.67 18.60 18.71 18.13 18.14 18.18 17.61 18.07 17.93 18.03 18.11 17.75 18.18 18.22 17.87 18.07 17.85 17.54 17.20 17.36 17.21 17.32 17.16 17.36 17.61 16.62
18.88 18.88 18.88 18.88 18.88 18.88 18.88 19.00 19.00 19.00 19.00 18.97 18.98 18.98 18.98 18.98 18.98 18.98 18.96 18.96 18.96 18.96 18.96 18.96 99999.90 99999.90 99999.90 99999.90 99999.90 99999.90 99999.90 99999.90 99999.90 99999.90 18.49 18.76 18.83 18.63 18.63 18.63 18.63 18.63 18.63 18.63 18.63 18.63 18.63 18.32 18.32 18.59 18.23 18.66 18.67 18.34 18.70 18.61 18.53 18.73 18.72 18.30 17.92 18.21 17.21 17.57 18.03 16.85 17.06 17.28 17.05 17.60 17.32 17.40 17.42 16.79 17.61 17.18 16.49
18.89 18.88 18.88 18.88 18.88 18.88 18.88 18.80 19.00 19.00 19.00 18.97 18.98 18.98 18.98 18.98 18.98 18.96 18.96 18.96 18.96 18.96 18.96 18.96 99999.90 99999.90 99999.90 99999.90 99999.90 99999.90 99999.90 99999.90 99999.90 18.42 18.49 18.76 18.83 18.83 18.83 18.63 18.63 18.63 18.63 18.63 18.63 18.63 18.63 18.63 18.20 18.23 18.77 18.58 18.27 18.66 18.55 17.92 17.90 18.23 17.79 17.88 17.54 17.62 17.85 17.73 17.97 17.70 16.81 17.51 18.03 16.69 17.03 17.76 16.90 17.15 17.05 16.67 16.58
18.89 18.89 18.88 18.88 18.88 18.88 18.88 18.80 19.00 19.00 19.00 18.97 18.98 18.98 18.98 18.98 18.96 18.96 18.96 18.96 18.96 18.96 18.96 18.96 99999.90 99999.90 99999.90 99999.90 99999.90 99999.90 99999.90 99999.90 18.63 18.42 18.42 18.76 18.76 18.76 18.83 18.83 18.83 18.83 17.89 17.89 17.89 17.89 17.89 17.89 18.18 18.70 18.59 18.53 18.72 18.68 18.05 18.01 18.37 17.92 18.32 17.89 17.94 17.69 17.32 17.25 17.48 17.29 16.70 18.08 17.42 17.41 17.86 17.28 17.25 17.22 17.45 16.80 17.52
18.88 18.89 18.89 18.88 18.88 18.88 18.88 18.80 18.67 19.00 19.00 18.97 18.98 18.98 18.98 18.96 18.96 18.96 18.96 18.96 18.96 18.96 18.96 18.96 99999.90 99999.90 99999.90 99999.90 99999.90 99999.90 99999.90 99999.90 18.63 18.63 18.42 18.76 18.76 18.76 18.76 18.76 18.83 18.83 18.83 18.83 18.83 18.49 18.49 18.49 18.56 18.66 18.69 18.50 18.56 18.44 18.17 18.43 18.01 18.34 18.33 17.98 18.39 18.10 18.01 17.69 17.93 17.18 17.22 17.56 17.52 17.67 17.64 17.37 17.84 17.12 17.62 17.41 17.80
18.88 18.88 18.89 18.89 18.88 18.88 18.88 18.80 18.67 19.00 19.00 18.97 18.98 18.98 18.96 18.96 18.96 18.96 18.96 18.96 18.96 18.96 18.96 18.96 99999.90 99999.90 99999.90 99999.90 99999.90 99999.90 99999.90 18.20 18.63 18.63 18.63 18.76 18.76 18.76 18.76 18.76 18.76 18.76 18.83 18.83 18.83 18.83 18.32 18.32 18.47 18.69 18.55 18.85 18.88 18.77 18.67 18.75 18.41 18.32 18.47 18.22 18.41 18.27 18.23 18.34 18.42 17.99 17.89 18.23 17.56 17.75 17.95 17.68 17.64 17.53 17.78 17.84 17.57
18.88 18.88 18.88 18.89 18.89 18.88 18.88 18.80 18.67 18.98 18.99 18.97 18.97 18.96 18.96 18.96 18.96 18.96 18.96 18.96 18.96 18.96 18.96 18.96 99999.90 99999.90 99999.90 99999.90 99999.90 99999.90 18.37 18.20 18.63 18.63 18.63 18.63 18.76 18.76 18.76 18.76 18.76 18.76 18.76 18.76 18.83 18.83 18.83 18.40 18.33 18.45 18.58 18.74 19.03 18.74 18.75 18.77 18.53 18.66 18.38 18.52 18.42 18.35 18.58 18.02 18.43 18.09 18.23 18.23 18.00 17.67 17.72 17.63 17.99 17.98 17.49 17.90 17.96
18.88 18.88 18.88 18.88 18.89 18.89 18.93 18.96 18.97 18.91 18.99 18.99 18.97 18.96 18.96 18.96 18.96 18.96 18.96 18.96 18.96 18.96 18.96 18.96 99999.90 99999.90 99999.90 99999.90 99999.90 99999.90 18.37 18.37 18.63 18.63 18.63 18.63 18.63 18.42 18.76 18.76 18.76 18.76 18.76 18.76 18.76 18.59 18.59 18.37 18.47 18.60 18.63 18.66 18.51 18.48 18.67 18.69 18.78 18.65 18.59 18.58 18.16 18.54 18.31 18.36 18.57 18.28 18.25 18.02 17.81 18.08 18.04 17.77 18.11 18.25 18.00 18.09 18.07
18.88 18.88 18.88 18.88 18.88 18.95 18.94 18.90 18.93 18.83 18.83 18.83 18.97 18.96 18.96 18.96 18.96 18.96 18.96 18.96 18.96 18.96 18.96 18.96 99999.90 99999.90 99999.90 99999.90 99999.90 99999.90 18.37 18.37 18.63 18.63 18.63 18.63 18.63 18.63 18.42 18.42 18.76 18.76 18.76 18.76 18.76 18.76 18.54 18.32 18.67 18.67 18.60 18.62 18.54 18.65 18.48 18.70 18.59 18.45 18.74 18.36 18.19 18.42 18.30 18.18 18.36 18.33 18.45 18.14 18.16 18.11 18.30 18.25 18.14 18.32 18.35 18.30 18.01
18.90 18.90 18.90 18.90 18.90 18.82 18.92 18.89 18.93 18.83 18.83 18.83 18.97 18.96 18.96 18.96 18.96 18.96 18.96 18.96 18.96 18.96 18.96 18.96 99999.90 99999.90 99999.90 99999.90 99999.90 99999.90 18.37 18.37 18.37 18.63 18.63 18.63 18.63 18.63 18.63 18.42 18.42 18.49 18.49 18.72 18.72 18.72 18.59 18.30 18.49 18.62 18.42 18.59 18.33 18.46 18.34 18.69 18.72 18.64 18.70 18.51 18.44 18.28 18.51 18.47 18.54 18.55 18.53 18.50 18.47 18.22 18.34 18.34 18.25 18.30 18.31 18.46 18.45
18.90 18.90 18.90 18.90 18.90 18.68 18.89 18.89 18.89 18.83 18.83 18.83 18.83 18.96 18.96 18.96 18.96 18.96 18.96 18.96 18.96 18.96 18.96 18.96 99999.90 99999.90 99999.90 99999.90 99999.90 17.93 18.37 18.37 18.37 18.37 18.37 18.63 18.63 18.63 18.63 18.63 18.42 18.42 18.49 18.49 18.41 18.41 18.38 18.33 18.38 18.52 18.67 18.44 18.43 18.30 18.36 18.52 18.36 18.82 18.70 18.72 18.62 18.50 18.40 18.41 18.34 18.38 18.20 18.39 18.15 18.14 18.02 18.12 18.11 18.23 18.20 18.42 18.34
17.58 18.90 18.90 18.90 18.68 18.68 18.89 18.89 18.89 18.89 18.83 18.83 18.83 18.96 18.96 18.96 18.96 18.96 18.96 18.96 18.96 18.96 18.96 18.96 99999.90 99999.90 99999.90 99999.90 99999.90 17.93 18.37 18.37 18.37 18.37 18.37 18.37 18.63 18.63 18.63 18.63 18.63 18.42 18.42 18.49 18.49 18.40 18.31 18.39 18.20 18.33 18.28 18.28 18.38 18.36 18.36 18.26 18.45 18.34 18.49 18.50 18.29 18.42 18.48 18.52 18.31 18.22 18.26 18.53 18.34 18.26 18.26 18.03 18.06 18.01 18.29 18.05 18.32
17.58 17.58 18.90 18.68 18.68 18.68 18.89 18.89 18.89 18.89 18.83 18.83 18.83 18.83 18.96 18.96 18.96 18.96 18.96 18.96 18.96 18.96 18.96 18.96 99999.90 99999.90 99999.90 99999.90 99999.90 17.93 18.37 18.37 18.37 18.37 18.37 18.37 18.37 18.20 18.63 18.63 18.63 18.63 18.42 18.42 18.25 18.38 18.48 18.54 18.41 18.15 18.16 18.09 18.22 18.19 18.13 18.44 18.37 18.12 18.11 18.54 18.55 18.14 18.27 18.14 17.83 17.88 17.92 18.20 18.25 18.20 17.90 17.92 18.27 18.11 18.00 18.39 18.36
