main/data/irradiance/01.08.2023.grid
ncols 839
nrows 679
xllcenter 112.0500
yllcenter -43.9500
cellsize 0.0500
nodata_value 99999.90
[rows 102 to 135 of 679, columns 462 to 538 of 839]
20.86 20.87 20.89 20.86 20.85 20.85 20.83 20.86 20.86 20.79 20.64 20.85 20.75 20.75 20.86 20.80 20.80 20.80 20.80 20.81 20.81 20.81 20.81 20.78 20.78 20.78 20.78 20.78 20.70 20.70 20.70 20.70 20.68 20.68 20.68 20.68 20.68 20.68 20.68 20.71 20.71 20.71 20.71 20.71 20.71 20.71 20.71 20.71 99999.90 99999.90 99999.90 99999.90 99999.90 99999.90 99999.90 99999.90 99999.90 99999.90 99999.90 99999.90 99999.90 99999.90 99999.90 99999.90 99999.90 99999.90 99999.90 99999.90 99999.90 99999.90 99999.90 99999.90 99999.90 99999.90 99999.90 99999.90 99999.90
20.87 20.86 20.86 20.85 20.88 20.87 20.85 20.80 20.80 20.92 20.82 20.86 20.81 20.86 20.86 20.80 20.80 20.80 20.78 20.81 20.81 20.81 20.81 20.78 20.78 20.78 20.78 20.78 20.70 20.70 20.70 20.70 20.68 20.68 20.68 20.68 20.68 20.68 20.68 20.71 20.71 20.71 20.71 20.71 20.71 20.71 20.71 20.71 20.69 99999.90 99999.90 99999.90 99999.90 99999.90 99999.90 99999.90 99999.90 99999.90 99999.90 99999.90 99999.90 99999.90 99999.90 99999.90 99999.90 99999.90 99999.90 99999.90 99999.90 99999.90 99999.90 99999.90 99999.90 99999.90 99999.90 99999.90 99999.90
20.86 20.83 20.83 20.82 20.85 20.84 20.79 20.84 20.88 20.90 20.71 20.85 20.84 20.83 20.83 20.80 20.80 20.78 20.81 20.81 20.81 20.81 20.78 20.78 20.78 20.78 20.78 20.70 20.70 20.70 20.70 20.70 20.68 20.68 20.68 20.68 20.68 20.68 20.68 20.71 20.71 20.71 20.71 20.71 20.71 20.71 20.71 20.69 20.69 99999.90 99999.90 99999.90 99999.90 99999.90 99999.90 99999.90 99999.90 99999.90 99999.90 99999.90 99999.90 99999.90 99999.90 99999.90 99999.90 99999.90 99999.90 99999.90 99999.90 99999.90 99999.90 99999.90 99999.90 99999.90 99999.90 99999.90 99999.90
20.84 20.87 20.80 20.74 20.77 20.82 20.72 20.77 20.84 20.77 20.72 20.85 20.87 20.81 20.80 20.77 20.78 20.78 20.81 20.81 20.81 20.80 20.78 20.78 20.78 20.78 20.78 20.70 20.70 20.70 20.70 20.70 20.68 20.68 20.68 20.68 20.68 20.68 20.71 20.71 20.71 20.71 20.71 20.71 20.71 20.71 20.69 20.69 20.69 99999.90 99999.90 99999.90 99999.90 99999.90 99999.90 99999.90 99999.90 99999.90 99999.90 99999.90 99999.90 99999.90 99999.90 99999.90 99999.90 99999.90 99999.90 99999.90 99999.90 99999.90 99999.90 99999.90 99999.90 99999.90 99999.90 99999.90 99999.90
20.77 20.83 20.80 20.72 20.74 20.76 20.77 20.76 20.75 20.81 20.81 20.83 20.83 20.80 20.79 20.74 20.76 20.79 20.81 20.81 20.80 20.78 20.78 20.78 20.78 20.78 20.78 20.70 20.70 20.70 20.70 20.70 20.68 20.68 20.68 20.68 20.68 20.68 20.71 20.71 20.71 20.71 20.71 20.71 20.71 20.69 20.69 20.69 20.69 99999.90 99999.90 99999.90 99999.90 99999.90 99999.90 99999.90 99999.90 99999.90 99999.90 99999.90 99999.90 99999.90 99999.90 99999.90 99999.90 99999.90 99999.90 99999.90 99999.90 99999.90 99999.90 99999.90 99999.90 99999.90 99999.90 99999.90 99999.90
20.78 20.76 20.78 20.78 20.75 20.78 20.76 20.76 20.72 20.76 20.80 20.82 20.83 20.73 20.68 20.72 20.73 20.74 20.80 20.80 20.80 20.78 20.78 20.78 20.78 20.78 20.70 20.70 20.70 20.70 20.70 20.70 20.68 20.68 20.68 20.68 20.68 20.68 20.71 20.71 20.71 20.71 20.71 20.71 20.69 20.69 20.69 20.69 20.69 99999.90 99999.90 99999.90 99999.90 99999.90 99999.90 99999.90 99999.90 99999.90 99999.90 99999.90 99999.90 99999.90 99999.90 99999.90 99999.90 99999.90 99999.90 99999.90 99999.90 99999.90 99999.90 99999.90 99999.90 99999.90 99999.90 99999.90 99999.90
20.76 20.76 20.76 20.75 20.73 20.76 20.74 20.74 20.73 20.73 20.72 20.77 20.77 20.78 20.68 20.66 20.69 20.74 20.72 20.71 20.75 20.78 20.78 20.78 20.78 20.78 20.70 20.70 20.70 20.70 20.70 20.70 20.68 20.68 20.68 20.68 20.68 20.71 20.71 20.71 20.71 20.71 20.71 20.69 20.69 20.69 20.69 20.69 20.69 99999.90 99999.90 99999.90 99999.90 99999.90 99999.90 99999.90 99999.90 99999.90 99999.90 99999.90 99999.90 99999.90 99999.90 99999.90 99999.90 99999.90 99999.90 99999.90 99999.90 99999.90 99999.90 99999.90 99999.90 99999.90 99999.90 99999.90 99999.90
20.67 20.79 20.73 20.76 20.73 20.73 20.72 20.65 20.69 20.76 20.69 20.72 20.74 20.79 20.72 20.71 20.70 20.72 20.74 20.71 20.69 20.77 20.77 20.77 20.66 20.54 20.70 20.70 20.70 20.70 20.70 20.70 20.68 20.68 20.68 20.68 20.68 20.71 20.71 20.71 20.71 20.71 20.69 20.69 20.69 20.69 20.69 20.69 20.69 20.37 20.37 99999.90 99999.90 99999.90 99999.90 99999.90 99999.90 99999.90 99999.90 99999.90 99999.90 99999.90 99999.90 99999.90 99999.90 99999.90 99999.90 99999.90 99999.90 99999.90 99999.90 99999.90 99999.90 99999.90 99999.90 99999.90 99999.90
20.69 20.72 20.74 20.70 20.68 20.69 20.73 20.70 20.72 20.72 20.66 20.69 20.71 20.74 20.72 20.71 20.72 20.68 20.69 20.70 20.68 20.65 20.65 20.66 20.47 20.54 20.70 20.70 20.70 20.70 20.70 20.70 20.68 20.68 20.68 20.68 20.68 20.71 20.71 20.71 20.71 20.69 20.69 20.69 20.69 20.69 20.69 20.69 20.69 20.37 20.37 20.51 99999.90 99999.90 99999.90 99999.90 99999.90 99999.90 99999.90 99999.90 99999.90 99999.90 99999.90 99999.90 99999.90 99999.90 99999.90 99999.90 99999.90 99999.90 99999.90 99999.90 99999.90 99999.90 99999.90 99999.90 99999.90
20.63 20.74 20.71 20.60 20.64 20.66 20.74 20.81 20.72 20.74 20.61 20.66 20.69 20.70 20.71 20.71 20.69 20.68 20.67 20.70 20.68 20.66 20.66 20.66 20.47 20.54 20.54 20.70 20.70 20.70 20.70 20.28 20.68 20.68 20.68 20.68 20.71 20.71 20.71 20.71 20.69 20.69 20.69 20.69 20.69 20.69 20.69 20.69 20.69 20.37 20.51 20.51 20.48 99999.90 99999.90 99999.90 99999.90 99999.90 99999.90 99999.90 99999.90 99999.90 99999.90 99999.90 99999.90 99999.90 99999.90 99999.90 99999.90 99999.90 99999.90 99999.90 99999.90 99999.90 99999.90 99999.90 99999.90
20.69 20.75 20.64 20.59 20.63 20.59 20.71 20.73 20.73 20.73 20.61 20.60 20.63 20.70 20.66 20.70 20.67 20.69 20.63 20.67 20.67 20.65 20.60 20.52 20.47 20.54 20.54 20.70 20.70 20.70 20.28 20.28 20.57 20.68 20.68 20.68 20.71 20.71 20.71 20.69 20.69 20.69 20.69 20.69 20.69 20.69 20.69 20.69 20.69 20.50 20.50 20.50 20.50 20.50 20.50 99999.90 99999.90 99999.90 99999.90 99999.90 99999.90 99999.90 99999.90 99999.90 99999.90 99999.90 99999.90 99999.90 99999.90 99999.90 99999.90 99999.90 99999.90 99999.90 99999.90 99999.90 99999.90
20.63 20.64 20.64 20.55 20.60 20.61 20.66 20.76 20.63 20.64 20.57 20.58 20.63 20.63 20.65 20.66 20.65 20.64 20.64 20.64 20.65 20.63 20.58 20.59 20.55 20.60 20.64 20.64 20.23 20.28 20.28 20.28 20.57 20.57 20.68 20.67 20.67 20.65 20.69 20.69 20.69 20.69 20.69 20.69 20.69 20.69 20.69 20.69 20.50 20.22 20.22 20.22 20.22 20.22 20.22 20.22 20.22 20.22 20.22 99999.90 99999.90 99999.90 99999.90 99999.90 99999.90 99999.90 99999.90 99999.90 99999.90 99999.90 99999.90 99999.90 99999.90 99999.90 99999.90 99999.90 99999.90
20.57 20.56 20.57 20.59 20.58 20.61 20.64 20.70 20.60 20.58 20.60 20.64 20.66 20.58 20.64 20.61 20.62 20.63 20.64 20.63 20.62 20.62 20.60 20.60 20.58 20.55 20.62 20.57 20.23 20.23 20.25 20.25 20.57 20.57 20.57 20.67 20.67 20.67 20.66 20.66 20.66 20.66 20.66 20.66 20.66 20.66 20.37 20.51 20.50 20.22 20.22 20.22 20.22 20.22 20.31 20.31 20.31 20.31 20.31 20.31 20.31 99999.90 99999.90 99999.90 99999.90 99999.90 99999.90 99999.90 99999.90 99999.90 99999.90 99999.90 99999.90 99999.90 99999.90 99999.90 99999.90
20.51 20.61 20.55 20.59 20.56 20.55 20.60 20.62 20.59 20.58 20.62 20.65 20.59 20.59 20.57 20.54 20.56 20.59 20.60 20.61 20.57 20.59 20.60 20.58 20.58 20.50 20.53 20.54 20.53 20.35 20.25 20.25 20.57 20.57 20.57 20.67 20.67 20.67 20.60 20.60 20.60 20.60 20.60 20.60 20.37 20.37 20.51 20.50 20.22 20.22 20.22 20.22 20.22 20.22 20.31 20.31 20.31 20.31 20.31 20.31 20.31 20.46 99999.90 99999.90 99999.90 99999.90 99999.90 99999.90 99999.90 99999.90 99999.90 99999.90 99999.90 99999.90 99999.90 99999.90 99999.90
20.59 20.62 20.58 20.56 20.54 20.54 20.60 20.61 20.56 20.61 20.56 20.66 20.54 20.57 20.58 20.52 20.56 20.55 20.61 20.58 20.51 20.53 20.54 20.58 20.59 20.58 20.49 20.48 20.59 20.61 20.41 20.41 20.41 20.14 20.33 20.33 20.24 20.60 20.60 20.60 20.60 20.60 20.37 20.37 20.37 20.51 20.50 20.50 20.22 20.22 20.22 20.22 20.22 20.31 20.31 20.31 20.31 20.31 20.31 20.31 20.46 20.46 20.42 99999.90 99999.90 99999.90 99999.90 99999.90 99999.90 99999.90 99999.90 99999.90 99999.90 99999.90 99999.90 99999.90 99999.90
20.59 20.56 20.63 20.57 20.54 20.58 20.54 20.50 20.54 20.62 20.54 20.56 20.56 20.54 20.49 20.47 20.56 20.52 20.50 20.52 20.48 20.51 20.54 20.56 20.56 20.63 20.63 20.52 20.49 20.58 20.61 20.61 20.24 20.14 20.33 20.33 20.24 20.24 20.33 20.33 20.37 20.37 20.37 20.37 20.51 20.51 20.50 20.50 20.22 20.22 20.22 20.22 20.22 20.31 20.31 20.31 20.31 20.31 20.31 20.46 20.46 20.42 20.42 20.39 99999.90 99999.90 99999.90 99999.90 99999.90 99999.90 99999.90 99999.90 99999.90 99999.90 99999.90 99999.90 99999.90
20.56 20.56 20.52 20.57 20.54 20.62 20.46 20.56 20.52 20.62 20.49 20.58 20.54 20.47 20.46 20.46 20.52 20.43 20.36 20.43 20.54 20.54 20.48 20.51 20.50 20.55 20.53 20.44 20.53 20.52 20.64 20.64 20.24 20.14 20.33 20.33 20.24 20.24 20.33 20.33 20.37 20.37 20.37 20.51 20.51 20.50 20.50 20.50 20.22 20.22 20.22 20.22 20.31 20.31 20.31 20.31 20.31 20.31 20.46 20.46 20.42 20.42 20.39 20.39 99999.90 99999.90 99999.90 99999.90 99999.90 99999.90 99999.90 99999.90 99999.90 99999.90 99999.90 99999.90 99999.90
20.55 20.50 20.49 20.58 20.50 20.45 20.44 20.55 20.50 20.57 20.52 20.52 20.57 20.48 20.42 20.46 20.41 20.45 20.58 20.50 20.54 20.48 20.49 20.50 20.52 20.51 20.49 20.52 20.51 20.53 20.51 20.36 20.18 20.13 20.17 20.19 20.10 19.57 19.84 20.04 20.37 20.37 20.51 20.51 20.48 20.50 20.50 20.18 20.22 20.22 20.22 20.22 20.31 20.31 20.31 20.31 20.31 20.46 20.46 20.42 20.42 20.39 20.39 20.39 20.34 20.34 99999.90 99999.90 99999.90 99999.90 99999.90 99999.90 99999.90 19.78 19.78 19.78 19.78
20.47 20.51 20.55 20.52 20.50 20.40 20.42 20.50 20.53 20.55 20.49 20.52 20.54 20.50 20.44 20.51 20.39 20.34 20.48 20.41 20.49 20.44 20.56 20.49 20.46 20.55 20.47 20.43 20.43 20.47 20.45 20.42 20.41 20.31 20.28 20.17 20.30 20.23 20.17 20.44 20.43 20.51 20.51 20.48 20.50 20.50 20.50 20.18 20.22 20.22 20.22 20.31 20.31 20.31 20.31 20.31 20.46 20.46 20.42 20.42 20.39 20.39 20.39 20.34 20.34 20.34 20.31 99999.90 99999.90 99999.90 99999.90 99999.90 19.76 19.78 19.78 19.78 19.78
20.44 20.47 20.43 20.47 20.48 20.44 20.37 20.46 20.52 20.54 20.56 20.44 20.48 20.48 20.48 20.47 20.48 20.43 20.49 20.33 20.42 20.36 20.43 20.50 20.52 20.50 20.45 20.48 20.46 20.47 20.45 20.43 20.42 20.36 20.35 20.38 20.27 20.20 20.21 20.36 20.45 20.48 20.48 20.48 20.50 20.50 20.46 20.18 20.22 20.22 20.22 20.31 20.31 20.31 20.31 20.46 20.46 20.42 20.42 20.39 20.39 20.39 20.34 20.34 20.34 20.31 20.31 20.25 99999.90 99999.90 99999.90 20.15 19.76 19.76 19.78 19.78 19.78
20.45 20.34 20.38 20.38 20.42 20.43 20.43 20.40 20.42 20.46 20.53 20.42 20.46 20.46 20.42 20.47 20.49 20.46 20.45 20.50 20.47 20.42 20.41 20.54 20.53 20.49 20.44 20.43 20.46 20.44 20.45 20.40 20.42 20.34 20.25 20.40 19.93 20.13 20.26 20.23 20.37 20.48 20.49 20.46 20.50 20.50 20.46 20.18 20.22 20.22 20.31 20.31 20.31 20.31 20.46 20.46 20.42 20.42 20.39 20.39 20.39 20.34 20.34 20.34 20.31 20.31 20.25 20.25 20.11 99999.90 99999.90 20.15 20.15 19.76 19.76 19.78 19.78
20.37 20.38 20.33 20.30 20.37 20.38 20.45 20.36 20.40 20.46 20.48 20.44 20.46 20.46 20.39 20.39 20.42 20.44 20.34 20.45 20.47 20.35 20.32 20.30 20.36 20.35 20.34 20.43 20.44 20.36 20.35 20.39 20.45 20.37 20.27 20.35 20.13 20.25 20.12 20.03 20.17 20.40 20.42 20.46 20.45 20.43 20.46 20.18 20.22 20.22 20.31 20.31 20.31 20.46 20.46 20.42 20.42 20.39 20.39 20.39 20.34 20.34 20.34 20.31 20.31 20.25 20.25 20.11 20.11 20.23 99999.90 20.15 20.15 20.15 19.76 19.76 19.78
20.34 20.32 20.31 20.28 20.34 20.34 20.42 20.37 20.37 20.38 20.40 20.41 20.43 20.42 20.37 20.42 20.41 20.43 20.35 20.45 20.36 20.27 20.20 20.29 20.08 20.38 20.38 20.33 20.38 20.41 20.52 20.46 20.42 20.39 20.30 20.15 20.07 20.28 20.05 20.15 20.17 20.04 20.35 20.38 20.40 20.40 20.45 20.42 20.40 20.40 20.31 20.31 20.46 20.46 20.42 20.42 20.39 20.39 20.39 20.34 20.34 20.34 20.31 20.31 20.25 20.23 20.23 20.23 20.23 20.23 20.23 20.15 20.15 20.15 20.15 19.76 19.76
20.33 20.31 20.33 20.36 20.37 20.31 20.35 20.39 20.31 20.38 20.37 20.35 20.39 20.35 20.38 20.38 20.45 20.40 20.38 20.39 20.38 20.27 20.36 20.37 20.31 20.40 20.27 20.36 20.41 20.37 20.58 20.59 20.37 20.08 20.32 20.18 19.97 20.18 19.91 20.14 20.13 20.30 20.32 20.27 20.35 20.44 20.38 20.39 20.41 20.44 20.42 20.46 20.46 20.42 20.42 20.39 20.39 20.39 20.34 20.34 20.34 20.31 20.31 20.25 20.25 20.23 20.23 20.16 20.16 20.16 20.16 20.15 20.15 20.15 20.15 20.15 19.76
20.29 20.28 20.32 20.32 20.35 20.32 20.34 20.36 20.28 20.34 20.34 20.34 20.39 20.33 20.38 20.40 20.40 20.38 20.37 20.40 20.42 20.31 20.43 20.44 20.50 20.40 20.33 20.33 20.21 20.48 20.53 20.51 20.30 20.29 20.35 20.20 19.86 20.03 19.99 20.17 20.29 20.32 20.25 20.32 20.35 20.31 20.36 20.38 20.36 20.37 20.38 20.36 20.42 20.42 20.39 20.39 20.39 20.34 20.34 20.34 20.31 20.31 20.25 20.25 20.23 20.23 20.23 20.16 20.16 20.16 19.92 19.84 19.84 20.15 20.15 20.15 20.15
20.26 20.28 20.31 20.29 20.33 20.29 20.34 20.29 20.30 20.28 20.31 20.40 20.39 20.28 20.35 20.35 20.32 20.34 20.39 20.42 20.40 20.38 20.37 20.47 20.37 20.38 20.49 20.54 20.51 20.55 20.39 20.21 20.26 20.22 20.17 20.07 20.32 19.97 19.91 19.86 20.19 20.13 20.07 20.27 20.32 20.34 20.37 20.39 20.37 20.38 20.33 20.39 20.39 20.39 20.39 20.39 20.34 20.34 20.34 20.31 20.31 20.25 20.25 20.11 20.23 20.23 20.23 20.16 20.16 20.16 19.92 19.84 19.84 20.15 20.15 20.15 20.15
20.28 20.23 20.30 20.31 20.31 20.26 20.34 20.29 20.29 20.31 20.34 20.37 20.37 20.25 20.29 20.27 20.29 20.29 20.38 20.40 20.40 20.34 20.36 20.40 20.32 20.31 20.29 20.46 20.51 20.24 20.20 20.26 20.27 20.20 20.28 20.17 20.20 20.00 19.99 19.97 20.21 20.22 20.03 20.06 20.24 20.33 20.36 20.36 20.40 20.31 20.32 20.32 20.36 20.34 20.34 20.34 20.34 20.34 20.31 20.31 20.25 20.25 20.11 20.23 20.23 20.23 20.16 20.16 20.16 20.03 19.92 19.84 19.84 19.84 20.15 20.15 20.15
20.22 20.20 20.21 20.26 20.30 20.24 20.28 20.29 20.29 20.30 20.27 20.35 20.33 20.23 20.25 20.28 20.25 20.29 20.33 20.33 20.37 20.32 20.33 20.35 20.33 20.34 20.24 20.20 20.18 20.24 20.13 20.25 20.21 20.24 20.21 20.11 20.16 19.92 20.13 19.85 19.66 20.14 20.25 19.88 19.96 20.28 20.34 20.33 20.34 20.29 20.30 20.29 20.32 20.29 20.32 20.34 20.34 20.31 20.31 20.25 20.25 20.11 20.11 20.23 20.23 20.23 20.16 20.16 20.16 20.03 19.92 19.84 19.84 19.84 20.15 20.15 20.15
20.22 20.19 20.20 20.21 20.24 20.23 20.23 20.27 20.25 20.25 20.27 20.28 20.28 20.25 20.26 20.27 20.25 20.29 20.27 20.32 20.28 20.35 20.30 20.28 20.28 20.35 20.27 20.24 20.25 20.27 20.09 20.24 20.23 20.19 20.15 20.01 20.01 20.15 20.11 20.09 20.03 19.97 20.12 20.14 19.85 20.12 20.28 20.33 20.33 20.32 20.29 20.26 20.28 20.27 20.26 20.27 20.31 20.31 20.25 20.25 20.11 20.11 20.23 20.23 20.23 20.23 20.16 20.16 20.16 20.03 19.92 19.84 19.84 19.84 19.84 20.15 20.15
20.15 20.09 20.05 20.07 20.22 20.18 20.20 20.22 20.24 20.19 20.19 20.19 20.20 20.19 20.22 20.25 20.28 20.22 20.25 20.29 20.25 20.33 20.24 20.25 20.25 20.21 20.28 20.23 20.24 20.17 20.25 20.25 20.13 20.07 20.12 20.12 20.06 19.85 19.96 19.86 19.23 19.71 20.14 19.75 20.16 19.50 19.75 20.18 20.28 20.32 20.21 20.25 20.25 20.22 20.23 20.26 20.24 20.25 20.25 20.11 20.11 20.23 20.23 20.23 20.23 20.16 20.16 20.16 20.16 20.03 19.92 19.84 19.84 19.84 19.84 20.15 20.15
20.16 20.14 20.13 20.08 20.18 20.16 20.19 20.23 20.22 20.22 20.18 20.19 20.20 20.20 20.19 20.21 20.26 20.23 20.24 20.27 20.22 20.31 20.27 20.19 20.24 20.28 20.23 20.18 20.22 20.21 20.07 20.10 20.04 20.19 20.10 19.85 19.76 19.68 19.94 20.01 19.90 19.93 19.51 19.90 19.82 20.07 19.36 20.02 20.23 20.30 20.27 20.20 20.26 20.25 20.24 20.22 20.14 20.10 20.11 20.11 20.23 20.19 20.23 20.23 20.23 20.16 20.16 20.16 20.02 20.03 19.92 19.84 19.84 19.84 19.84 19.64 20.32
20.13 20.21 20.14 20.15 20.17 20.27 20.14 20.18 20.25 20.22 20.21 20.20 20.18 20.18 20.20 20.21 20.23 20.23 20.28 20.30 20.23 20.27 20.25 20.22 20.20 20.28 20.14 20.10 20.07 20.16 20.18 19.99 20.14 20.01 19.81 19.72 20.04 19.81 19.35 19.60 19.73 19.52 19.33 19.99 19.70 19.75 19.83 20.03 20.14 20.25 20.27 20.10 20.17 20.12 20.08 20.01 20.05 20.08 20.12 20.23 20.23 20.19 20.23 20.23 20.17 20.16 20.16 20.16 20.02 20.03 19.92 19.84 19.84 19.84 19.64 19.64 19.64
20.12 20.11 20.10 20.10 20.15 20.24 20.17 20.16 20.19 20.15 20.20 20.20 20.17 20.18 20.17 20.22 20.22 20.21 20.28 20.32 20.26 20.22 20.23 20.24 20.21 20.17 20.15 20.17 20.08 20.17 20.16 20.05 20.14 19.94 20.06 19.93 19.73 19.41 19.58 19.81 19.38 19.39 19.85 19.69 19.24 19.36 19.91 19.76 19.88 20.18 20.20 20.15 20.03 19.81 19.94 19.93 20.00 20.03 20.09 20.08 20.06 20.19 20.23 20.23 20.17 20.16 20.16 19.71 20.02 20.03 19.92 19.84 19.84 19.84 19.64 19.64 19.64
20.12 20.16 20.12 20.13 20.14 20.18 20.13 20.17 20.17 20.14 20.16 20.20 20.16 20.16 20.12 20.14 20.22 20.17 20.25 20.28 20.27 20.23 20.22 20.25 20.18 20.17 20.15 20.14 20.12 20.08 20.14 20.01 20.01 19.97 19.98 20.01 20.04 20.01 19.86 19.79 19.57 19.75 19.75 19.41 19.57 19.88 19.70 19.70 19.68 19.99 20.14 20.10 19.74 19.61 19.74 19.89 19.99 19.98 19.92 19.75 20.01 19.91 20.00 20.26 20.17 20.16 20.16 19.71 20.02 20.03 19.92 19.84 19.84 19.57 19.64 19.64 19.64
