main/data/irradiance/01.03.2023.grid
ncols 839
nrows 679
xllcenter 112.0500
yllcenter -43.9500
cellsize 0.0500
nodata_value 99999.90
[rows 374 to 407 of 679, columns 462 to 538 of 839]
25.05 25.50 25.70 25.52 25.35 24.88 25.54 25.64 25.81 25.75 25.78 25.80 25.81 25.81 25.86 25.85 25.89 25.85 25.82 25.85 25.72 25.71 25.73 25.75 25.77 25.72 25.76 25.82 25.77 25.69 25.68 25.60 25.67 25.84 25.99 25.53 24.45 24.68 25.30 22.03 23.13 23.37 23.53 24.69 20.29 18.49 19.88 19.54 19.22 20.70 20.97 23.23 25.20 25.38 24.95 25.45 25.47 25.50 25.23 24.61 24.72 24.71 24.83 25.11 25.25 25.42 25.39 25.34 25.25 25.45 25.65 25.64 25.78 25.74 25.59 25.58 25.50
24.88 25.14 25.24 25.44 24.83 23.74 23.92 24.82 25.47 25.66 25.75 25.79 25.81 25.80 25.80 25.78 25.79 25.80 25.81 25.85 25.78 25.75 25.78 25.66 25.76 25.84 25.78 25.70 25.69 25.73 25.69 25.61 25.60 25.89 26.00 25.39 24.27 23.26 22.01 23.48 24.61 24.84 24.16 24.70 20.42 19.99 17.15 17.32 18.26 20.26 20.61 21.20 24.27 24.42 25.27 25.04 25.29 25.37 25.27 24.87 24.88 24.92 25.04 25.24 25.30 25.46 25.68 25.42 25.46 25.66 25.71 25.78 25.71 25.69 25.71 25.34 25.33
25.02 25.28 25.16 25.11 24.33 23.75 22.56 22.86 23.61 25.43 25.67 25.63 25.74 25.77 25.76 25.74 25.79 25.66 25.77 25.79 25.74 25.78 25.75 25.72 25.75 25.79 25.77 25.75 25.72 25.70 25.71 25.73 25.60 25.71 25.87 25.29 23.53 19.62 18.39 21.66 22.87 24.93 23.01 24.55 24.41 21.02 17.83 16.32 17.75 18.51 18.63 19.69 23.41 24.40 24.82 25.17 23.57 24.38 25.26 24.94 24.61 24.17 25.00 25.29 25.43 25.30 25.59 25.41 25.73 25.75 25.78 25.68 25.70 25.61 25.71 25.52 24.95
25.07 25.42 25.51 25.42 25.15 24.72 22.29 22.70 21.97 23.91 25.57 25.57 25.64 25.71 25.77 25.75 25.69 25.78 25.76 25.79 25.69 25.77 25.77 25.75 25.70 25.51 25.77 25.79 25.79 25.76 25.76 25.82 25.77 25.66 25.59 25.38 23.07 20.29 18.77 23.18 25.18 24.95 23.70 22.20 25.43 23.97 19.27 17.76 17.75 17.01 18.55 20.41 20.59 24.29 25.07 25.39 24.91 24.69 24.91 24.62 24.42 23.38 24.40 25.01 25.40 25.22 25.32 25.49 25.71 25.74 25.79 25.68 25.63 25.63 25.72 25.45 23.43
25.42 25.27 25.45 25.57 25.56 25.49 25.08 25.10 24.11 24.13 25.49 25.58 25.66 25.63 25.70 25.66 25.58 25.63 25.66 25.73 25.67 25.75 25.74 25.70 25.62 25.62 25.69 25.79 25.83 25.80 25.84 25.83 25.69 25.48 25.55 25.85 24.55 23.26 24.21 24.75 25.43 25.47 25.29 22.45 24.80 25.49 24.99 20.50 18.01 18.06 20.23 19.17 21.73 24.42 23.99 24.97 25.46 25.45 25.50 25.41 24.91 24.90 24.76 25.30 25.84 25.09 25.40 25.48 25.69 25.79 25.77 25.69 25.62 25.56 25.56 25.36 25.05
25.39 25.33 25.72 25.63 25.59 25.63 25.60 25.55 25.57 25.59 25.51 25.54 25.68 25.72 25.71 25.73 25.63 25.64 25.59 25.70 25.71 25.72 25.76 25.65 25.48 23.78 25.37 25.66 25.67 25.78 25.81 25.67 25.40 25.49 25.50 25.64 25.83 25.12 24.07 24.62 25.55 25.48 25.56 23.93 24.56 25.61 25.35 22.27 18.89 18.64 18.87 23.01 24.27 23.71 24.60 24.83 25.27 25.40 25.53 25.40 25.26 25.25 25.23 25.39 25.62 24.99 25.44 25.41 25.64 25.58 25.73 25.46 25.52 25.51 25.38 25.46 25.31
25.44 25.62 25.55 25.47 25.60 25.54 25.60 25.58 25.67 25.56 25.57 25.56 25.67 25.74 25.76 25.72 25.70 25.63 25.67 25.67 25.71 25.72 25.73 25.67 25.53 24.49 25.67 25.63 25.66 25.71 25.74 25.67 24.65 25.48 25.44 25.54 25.61 25.77 25.74 25.48 25.47 25.49 25.59 24.66 25.26 25.55 25.56 25.51 25.07 24.06 25.12 24.95 24.80 24.50 24.11 24.22 23.54 24.95 25.32 25.45 25.29 25.44 25.42 25.48 25.43 25.46 25.45 25.41 25.57 25.62 25.51 25.23 25.28 25.39 25.36 25.54 25.51
25.65 25.52 25.62 25.52 25.56 25.40 25.47 25.49 25.58 25.67 25.66 25.62 25.61 25.74 25.75 25.65 25.75 25.73 25.67 25.62 25.66 25.65 24.99 25.25 25.63 25.43 25.53 25.54 25.53 25.62 25.65 25.68 25.64 25.58 25.52 25.53 25.54 25.61 25.60 25.57 25.52 25.54 25.25 25.63 25.62 25.59 25.63 25.66 25.47 25.48 25.46 24.93 24.38 25.36 25.56 25.44 23.27 24.59 24.67 25.39 25.54 25.35 25.52 25.52 25.33 25.38 25.60 25.64 25.50 25.54 25.34 24.95 25.36 25.66 25.73 25.69 25.68
25.54 25.60 25.65 25.75 25.66 25.50 25.44 25.45 25.61 25.74 25.72 25.68 25.71 25.73 25.67 25.67 25.81 25.75 25.71 25.68 25.68 25.68 24.89 23.76 25.57 25.48 25.47 25.33 25.45 25.51 25.48 25.58 25.69 25.62 25.55 25.53 25.65 25.63 25.61 25.63 25.64 25.66 25.72 25.69 25.68 25.54 25.64 25.35 25.22 25.09 23.14 24.36 25.49 25.66 25.71 25.61 25.45 25.59 25.50 25.44 25.49 25.37 25.44 25.54 25.51 25.52 25.63 25.61 25.18 25.18 25.21 25.19 25.36 25.37 25.63 25.64 25.63
25.43 25.56 25.62 25.59 25.72 25.68 25.58 25.45 25.61 25.65 25.57 25.60 25.66 25.60 25.72 25.65 25.72 25.66 25.66 25.71 25.64 25.63 25.42 23.87 25.55 25.51 25.63 25.49 25.52 25.42 25.35 25.43 25.49 25.17 24.99 25.53 25.64 25.63 25.59 25.47 25.58 25.64 25.68 25.39 24.83 25.08 25.52 24.62 23.73 22.51 21.30 24.42 25.67 25.64 25.63 25.61 25.64 25.67 25.63 25.45 25.48 25.44 25.40 25.57 25.74 25.43 25.55 25.41 25.53 25.40 25.42 25.48 25.50 25.46 25.45 25.48 25.52
25.52 25.61 25.53 25.44 25.67 25.66 25.62 25.50 25.50 25.44 25.55 25.64 25.55 25.61 25.61 25.53 25.64 25.64 25.65 25.68 25.67 25.56 25.61 25.55 25.50 25.46 25.51 25.44 25.30 25.47 25.35 25.29 25.46 25.46 25.28 25.48 25.59 25.58 25.32 25.56 25.16 25.17 24.72 21.51 19.49 19.95 21.02 20.82 21.39 21.51 22.32 25.26 25.70 25.70 25.62 25.68 25.70 25.66 25.71 25.61 25.60 25.46 25.56 25.60 25.65 25.56 25.34 25.34 25.40 25.58 25.61 25.72 25.77 25.61 25.44 25.54 25.56
25.68 25.67 25.66 25.62 25.61 25.64 25.53 25.62 25.45 25.45 25.45 25.47 25.51 25.49 25.40 25.50 25.57 25.53 25.59 25.59 25.64 25.62 25.46 25.49 25.47 25.37 25.47 25.50 25.49 25.44 25.31 25.36 25.50 25.46 25.50 25.33 25.34 25.54 25.60 25.53 25.40 24.67 21.92 20.96 21.57 20.24 21.13 21.46 22.62 23.66 25.05 25.63 25.69 25.77 25.73 25.69 25.69 25.65 25.68 25.67 25.67 25.61 25.49 25.63 25.60 25.54 25.35 25.48 25.49 25.55 25.61 25.57 25.69 25.63 25.62 25.71 25.58
25.68 25.63 25.48 25.40 25.54 25.58 25.60 25.64 25.58 25.43 25.29 25.46 25.64 25.48 25.39 25.58 25.62 25.53 25.52 25.60 25.58 25.53 25.46 25.40 25.52 25.45 25.44 25.38 25.36 25.40 25.46 25.42 25.37 25.40 25.45 25.38 25.41 25.36 25.52 25.49 24.34 21.30 21.04 23.70 22.88 21.37 22.37 24.35 25.30 25.58 25.69 25.65 25.69 25.65 25.68 25.71 25.65 25.62 25.65 25.65 25.70 25.61 25.64 24.88 25.52 25.56 25.62 25.55 25.41 25.51 25.53 25.62 25.69 25.66 25.63 25.73 25.68
25.67 25.71 25.62 25.46 25.60 25.52 25.66 25.65 25.60 25.62 25.56 25.63 25.62 25.48 25.39 25.58 25.60 25.61 25.61 25.55 25.44 25.40 25.45 25.45 25.51 25.46 25.38 25.32 25.35 25.41 25.34 25.52 25.44 25.32 25.36 25.36 25.27 25.51 25.41 25.36 23.12 22.43 20.65 21.62 21.39 22.51 24.95 25.60 25.66 25.66 25.57 25.55 25.54 25.56 25.68 25.61 25.69 25.69 25.67 25.62 25.59 25.56 25.27 24.10 25.52 25.65 25.68 25.60 25.51 25.32 25.38 25.53 25.60 25.52 25.48 25.60 25.69
25.77 25.62 25.54 25.41 25.60 25.56 25.57 25.47 25.48 25.64 25.61 25.64 25.59 25.43 25.46 25.50 25.58 25.61 25.60 25.59 25.58 25.43 25.39 25.41 25.45 25.42 25.11 25.39 25.55 25.56 25.52 25.44 25.49 25.38 25.21 25.15 25.33 25.51 25.45 25.14 23.24 21.06 21.99 24.86 24.95 24.59 25.67 25.65 25.69 25.71 25.69 25.58 25.53 25.55 25.54 25.58 25.71 25.66 25.68 25.65 25.59 25.53 25.59 25.04 25.63 25.63 25.63 25.67 25.56 25.36 25.37 25.44 25.44 25.40 25.43 25.56 25.70
25.62 25.62 25.69 25.45 25.49 25.68 25.53 25.47 25.47 25.56 25.57 25.61 25.58 25.46 25.29 25.37 25.53 25.56 25.62 25.60 25.63 25.54 25.47 25.52 25.49 24.88 24.95 25.47 25.55 25.56 25.52 25.49 25.40 25.39 25.39 25.19 25.30 25.40 25.35 25.28 25.17 24.87 25.28 25.62 25.65 25.64 25.54 25.64 25.70 25.62 25.64 25.66 25.66 25.54 25.57 25.52 25.68 25.59 25.64 25.72 25.72 25.53 25.60 25.54 25.52 25.51 25.60 25.72 25.63 25.51 25.47 25.46 25.47 25.40 25.32 25.39 25.63
25.58 25.61 25.55 25.50 25.52 25.45 25.58 25.51 25.53 25.64 25.56 25.57 25.56 25.39 25.42 25.47 25.55 25.58 25.58 25.60 25.61 25.61 25.54 25.56 25.52 25.24 25.42 25.47 25.56 25.55 25.41 25.37 25.28 25.30 25.44 25.42 25.26 24.93 25.37 25.15 22.63 25.38 25.50 25.56 25.60 25.55 25.45 25.46 25.66 25.60 25.66 25.65 25.57 25.61 25.64 25.56 25.62 25.65 25.65 25.59 25.71 25.61 25.51 25.55 25.58 25.55 25.62 25.58 25.57 25.52 25.45 25.45 25.45 25.47 25.42 25.48 25.56
25.56 25.70 25.53 25.34 25.44 25.51 25.51 25.36 25.23 25.52 25.68 25.62 25.55 25.19 25.52 25.53 25.56 25.53 25.58 25.58 25.62 25.64 25.64 25.52 25.56 25.46 25.47 25.43 25.35 25.47 25.50 25.52 25.44 25.36 25.49 25.44 25.30 25.26 25.25 25.34 25.35 25.43 25.48 25.55 25.42 25.48 25.41 25.61 25.60 25.61 25.63 25.61 25.52 25.53 25.58 25.57 25.54 25.56 25.64 25.52 25.60 25.61 25.63 25.55 25.54 25.57 25.60 25.62 25.54 25.53 25.57 25.52 25.50 25.46 25.48 25.50 25.59
25.56 25.54 25.56 25.57 25.67 25.57 25.42 25.42 25.53 25.54 25.52 25.38 25.41 25.50 25.56 25.49 25.56 25.59 25.58 25.57 25.58 25.57 25.53 25.47 25.45 25.47 25.55 25.55 25.45 25.42 25.47 25.51 25.47 25.44 25.46 25.44 25.43 25.23 25.19 25.34 25.42 25.41 25.37 25.40 25.43 25.50 25.54 25.62 25.57 25.61 25.58 25.56 25.53 25.38 25.53 25.55 25.58 25.56 25.48 25.52 25.59 25.63 25.56 25.57 25.54 25.44 25.49 25.52 25.53 25.52 25.51 25.51 25.54 25.56 25.53 25.47 25.42
25.60 25.58 25.58 25.51 25.77 25.69 25.65 25.61 25.71 25.56 25.45 25.45 25.48 25.49 25.51 25.58 25.61 25.56 25.55 25.58 25.58 25.54 25.53 25.47 25.39 25.48 25.32 25.53 25.52 25.49 25.44 25.40 25.35 25.40 25.39 25.41 25.46 25.40 25.41 25.38 25.44 25.44 25.49 25.44 25.42 25.48 25.48 25.61 25.66 25.60 25.60 25.50 25.57 25.32 25.59 25.64 25.64 25.51 25.50 25.49 25.45 25.52 25.55 25.54 25.34 25.37 25.45 25.43 25.52 25.49 25.43 25.47 25.47 25.52 25.51 25.53 25.51
25.60 25.66 25.60 25.54 25.51 25.64 25.70 25.75 25.75 25.66 25.60 25.40 25.40 25.20 25.46 25.34 25.37 25.45 25.54 25.55 25.56 25.60 25.53 25.53 25.54 25.53 25.37 25.49 25.48 25.57 25.49 25.43 25.45 25.55 25.64 25.60 25.57 25.47 25.43 25.45 25.38 25.52 25.54 25.52 25.45 25.45 25.59 25.50 25.47 25.56 25.52 25.54 25.63 25.65 25.63 25.64 25.63 25.51 25.51 25.53 25.44 25.51 25.50 25.49 24.87 25.34 25.44 25.45 25.51 25.50 25.44 25.47 25.50 25.58 25.54 25.53 25.58
25.63 25.66 25.62 25.48 25.55 25.54 25.60 25.59 25.50 25.60 25.55 25.40 25.36 25.50 25.55 25.45 25.26 25.40 25.54 25.52 25.50 25.52 25.49 25.49 25.39 25.49 25.51 25.24 25.31 25.54 25.60 25.59 25.54 25.56 25.49 25.44 25.53 25.46 25.51 25.41 25.33 25.37 25.51 25.44 25.48 25.52 25.43 25.48 25.51 25.49 25.54 25.63 25.63 25.59 25.56 25.53 25.58 25.45 25.46 25.50 25.61 25.46 25.42 25.30 25.44 25.31 25.35 25.47 25.43 25.41 25.34 25.34 25.43 25.49 25.48 25.48 25.42
25.73 25.74 25.68 25.65 25.59 25.55 25.58 25.67 25.69 25.75 25.66 25.54 25.59 25.71 25.61 25.56 25.52 25.55 25.52 25.43 25.35 25.40 25.41 25.40 25.38 25.34 25.47 25.46 25.51 25.52 25.57 25.53 25.55 25.46 25.55 25.47 25.45 25.40 25.53 25.46 25.41 25.42 25.40 25.45 25.46 25.47 25.46 25.41 25.40 25.54 25.53 25.52 25.55 25.53 25.54 25.45 25.49 25.45 25.48 25.51 25.36 25.37 25.42 25.41 25.42 25.43 25.45 25.52 25.41 25.42 25.45 25.39 25.48 25.46 25.40 25.37 25.38
25.75 25.77 25.77 25.70 25.66 25.61 25.61 25.61 25.59 25.66 25.70 25.66 25.67 25.68 25.65 25.68 25.68 25.62 25.41 25.44 25.46 25.42 25.26 25.45 25.56 25.43 25.34 25.40 25.39 25.44 25.42 25.49 25.38 25.43 25.48 25.46 25.42 25.43 25.46 25.41 25.33 25.28 25.17 25.31 25.37 25.42 25.42 25.44 25.40 25.40 25.56 25.48 25.49 25.56 25.56 25.43 25.55 25.44 25.43 25.47 25.49 25.41 25.43 25.43 25.45 25.49 25.46 25.45 25.42 25.42 25.45 25.47 25.45 25.44 25.50 25.31 25.35
25.78 25.73 25.72 25.68 25.70 25.66 25.59 25.60 25.61 25.59 25.69 25.72 25.69 25.70 25.66 25.72 25.70 25.56 25.47 25.53 25.54 25.37 25.13 25.54 25.36 25.34 25.40 25.42 25.35 25.44 25.47 25.43 25.43 25.48 25.44 25.45 25.36 25.41 25.39 25.24 25.15 25.20 25.30 25.24 25.15 25.33 25.31 25.38 25.39 25.40 25.55 25.55 25.50 25.42 25.49 25.47 25.52 25.48 25.48 25.49 25.50 25.28 25.42 25.37 25.43 25.56 25.55 25.53 25.56 25.49 25.43 25.43 25.27 25.34 25.44 25.43 25.36
25.75 25.75 25.73 25.72 25.69 25.63 25.57 25.65 25.47 25.46 25.58 25.67 25.66 25.64 25.73 25.70 25.69 25.68 25.60 25.59 25.59 25.40 26.22 25.65 25.42 25.42 25.43 25.44 25.27 25.37 25.37 25.39 25.36 25.36 25.38 25.43 25.41 25.34 25.23 25.17 25.13 25.25 25.34 25.30 25.20 25.28 25.38 25.37 25.30 25.38 25.56 25.47 25.54 25.45 25.43 25.45 25.54 25.47 25.49 25.50 25.44 25.28 25.42 25.40 25.44 25.44 25.50 25.63 25.59 25.57 25.48 25.45 25.41 25.41 25.47 25.42 25.38
25.72 25.71 25.66 25.72 25.66 25.61 25.55 25.63 25.54 25.52 25.58 25.56 25.60 25.56 25.63 25.66 25.61 25.58 25.57 25.45 25.46 25.33 25.79 25.95 25.48 25.43 25.44 25.50 25.36 25.29 25.29 25.29 25.17 25.26 25.27 25.33 25.26 25.26 25.21 25.24 25.29 25.23 25.31 25.22 25.32 24.77 25.14 25.21 25.17 25.22 25.38 25.44 25.36 25.42 25.47 25.44 25.47 25.47 25.46 25.43 25.40 25.42 25.50 25.31 25.44 25.40 25.45 25.53 25.60 25.56 25.51 25.47 25.45 25.34 25.40 25.35 25.38
25.74 25.72 25.72 25.70 25.65 25.60 25.61 25.69 25.64 25.57 25.50 25.54 25.58 25.59 25.61 25.62 25.56 25.58 25.57 25.59 25.35 25.27 25.36 25.56 25.74 25.34 25.37 25.39 25.32 25.33 25.26 25.24 25.19 25.25 25.26 25.32 25.29 25.25 25.28 25.35 25.44 25.41 25.43 25.45 25.35 25.34 25.00 25.23 25.31 25.27 25.27 25.32 25.17 25.36 25.44 25.46 25.43 25.42 25.39 25.37 25.44 25.45 25.35 25.08 25.38 25.31 25.41 25.58 25.43 25.36 25.52 25.51 25.48 25.37 25.40 25.39 25.43
25.72 25.63 25.67 25.70 25.68 25.59 25.56 25.61 25.63 25.71 25.70 25.57 25.55 25.54 25.54 25.55 25.56 25.43 25.39 25.42 25.35 25.32 25.32 25.30 25.44 25.34 25.32 25.37 25.38 25.34 25.36 25.37 25.28 25.19 25.22 25.18 25.23 25.19 25.31 25.43 25.38 25.39 25.30 25.27 25.07 25.24 25.00 25.22 25.22 25.23 25.29 25.34 25.29 25.42 25.35 25.38 25.43 25.34 25.42 25.44 25.13 25.33 25.38 25.33 25.42 25.39 25.35 25.44 25.52 25.57 25.40 25.40 25.45 25.33 25.42 25.45 25.41
25.65 25.65 25.70 25.72 25.66 25.59 25.63 25.60 25.57 25.54 25.54 25.55 25.57 25.50 25.48 25.55 25.49 25.50 25.45 25.41 25.38 25.28 25.30 25.19 25.31 25.39 25.30 25.28 25.39 25.38 25.37 25.30 25.29 25.31 25.27 25.15 25.26 25.22 25.28 25.37 25.29 23.23 22.72 23.58 24.71 25.40 25.32 25.29 25.28 25.33 25.35 25.36 25.44 25.51 25.47 25.45 25.51 25.49 25.41 25.37 24.98 24.96 25.35 25.31 25.47 25.34 25.18 25.37 25.44 25.42 25.31 25.43 25.41 25.37 25.47 25.49 25.41
25.62 25.62 25.69 25.74 25.66 25.60 25.58 25.54 25.52 25.55 25.52 25.51 25.52 25.49 25.45 25.47 25.42 25.47 25.46 25.38 25.30 25.30 25.28 25.14 25.00 25.28 25.27 25.26 25.24 25.32 25.42 25.38 25.33 25.31 25.29 25.27 25.23 25.23 25.29 25.33 25.20 23.93 22.75 19.95 20.43 24.18 25.33 25.34 25.38 25.35 25.34 25.43 25.45 25.47 25.45 25.41 25.48 25.48 25.40 25.38 25.34 25.43 25.42 25.37 25.41 25.48 25.25 25.33 25.46 25.34 25.38 25.43 25.41 25.40 25.45 25.42 25.47
25.58 25.56 25.63 25.64 25.60 25.56 25.56 25.45 25.51 25.48 25.53 25.56 25.52 25.46 25.45 25.40 25.39 25.43 25.41 25.31 25.30 25.19 25.23 25.25 25.32 25.18 25.24 25.16 25.21 25.25 25.37 25.43 25.41 25.37 25.34 25.37 25.26 25.23 25.21 25.25 25.25 25.14 23.86 23.10 20.19 19.94 24.67 25.34 25.35 25.32 25.39 25.42 25.43 25.46 25.48 25.46 25.44 25.43 25.44 25.28 25.30 25.34 25.40 25.35 25.41 25.43 25.34 25.41 25.48 25.42 25.31 25.36 25.36 25.36 25.40 25.38 25.37
25.63 25.54 25.62 25.62 25.62 25.54 25.57 25.54 25.51 25.54 25.52 25.54 25.50 25.42 25.46 25.48 25.46 25.43 25.36 25.38 25.36 25.28 25.25 25.32 25.28 25.34 25.36 25.33 25.31 25.34 25.30 25.38 25.42 25.39 25.33 25.27 25.26 25.24 25.20 25.20 25.28 25.20 25.18 23.46 19.37 17.00 24.51 25.32 25.34 25.36 25.37 25.35 25.34 25.38 25.44 25.42 25.41 25.45 25.42 25.43 25.28 25.30 25.32 25.32 25.37 25.36 25.36 25.35 25.34 25.35 25.36 25.37 25.35 25.37 25.39 25.38 25.40
25.58 25.55 25.58 25.60 25.58 25.53 25.55 25.51 25.54 25.53 25.52 25.49 25.52 25.44 25.46 25.46 25.43 25.46 25.43 25.35 25.26 25.23 25.22 25.35 25.39 25.49 25.48 25.36 25.37 25.39 25.27 25.33 25.33 25.19 25.13 25.29 25.28 25.29 25.23 25.19 25.26 25.23 25.09 24.60 21.21 19.84 19.01 23.26 25.23 25.14 25.20 25.30 25.39 25.36 25.34 25.28 25.34 25.41 25.39 25.33 25.34 25.36 25.36 25.41 25.43 25.46 25.43 25.38 25.42 25.45 25.42 25.42 25.36 25.33 25.31 25.38 25.41
