main/data/irradiance/01.02.2023.grid
ncols 839
nrows 679
xllcenter 112.0500
yllcenter -43.9500
cellsize 0.0500
nodata_value 99999.90
[rows 374 to 407 of 679, columns 616 to 692 of 839]
29.82 29.68 29.63 29.85 29.97 29.90 29.78 29.73 29.71 29.53 29.55 29.66 29.65 29.55 29.73 29.67 29.60 29.54 29.44 29.37 29.39 29.41 29.27 29.12 29.23 28.96 28.78 28.75 28.70 28.94 29.50 29.34 28.74 29.04 28.82 28.79 28.74 28.66 29.03 28.95 29.27 29.11 29.22 29.11 29.39 29.33 29.38 29.39 29.21 28.99 29.17 28.97 29.01 29.21 29.27 28.96 28.51 28.49 28.76 28.59 28.62 28.62 29.25 29.25 29.23 29.00 28.90 28.64 28.94 28.83 28.66 29.16 29.19 28.45 28.34 28.50 28.33
29.58 29.37 29.66 29.74 29.80 29.66 29.62 29.61 29.66 29.68 29.71 29.74 29.63 29.62 29.36 29.56 29.57 29.59 29.56 29.52 29.45 29.46 29.55 29.30 29.01 29.35 29.06 28.65 29.14 28.02 28.63 28.54 28.96 28.81 28.81 29.17 28.11 28.88 29.11 29.23 28.93 28.94 29.38 29.23 29.34 29.27 29.36 29.26 29.42 29.39 29.46 28.98 28.83 28.64 28.87 28.75 28.87 29.37 29.01 28.58 28.54 28.40 28.52 28.79 29.04 29.31 29.23 28.75 29.11 28.91 28.72 28.72 28.41 29.14 29.11 28.81 29.13
29.44 29.91 29.44 29.73 29.78 29.74 29.47 29.76 29.71 29.69 29.76 29.71 29.65 29.62 29.53 29.38 29.54 29.48 29.49 29.57 29.59 29.47 29.43 29.15 29.29 29.25 29.23 28.64 29.01 28.97 29.05 28.68 29.05 29.00 29.07 28.66 28.71 29.37 29.04 28.77 29.37 29.06 29.28 29.50 29.22 29.31 29.13 29.41 29.27 29.63 29.36 29.08 28.58 28.80 28.68 29.28 29.34 29.38 29.31 28.86 29.01 28.93 29.18 29.16 28.52 28.85 28.88 28.79 29.16 29.31 28.97 29.08 28.72 28.33 28.86 29.22 29.31
29.50 29.54 29.46 29.67 29.39 29.38 29.41 29.78 29.81 29.81 29.74 29.66 29.72 29.68 29.59 29.40 29.63 29.61 29.60 29.57 29.64 29.49 29.44 29.41 29.49 29.36 29.16 29.05 29.34 28.87 28.69 29.34 29.06 28.37 28.84 29.00 28.91 29.27 29.22 29.03 29.17 29.47 29.58 29.36 29.39 29.22 29.26 29.23 29.37 29.28 29.23 29.10 28.79 28.73 28.64 28.79 29.19 28.96 28.63 28.73 28.92 28.97 28.90 29.05 28.86 28.69 29.01 29.03 28.96 29.17 29.41 29.16 28.75 28.89 28.64 29.42 29.03
29.45 29.35 29.68 29.50 29.51 29.59 29.72 29.48 29.52 29.73 29.81 29.65 29.66 29.64 29.57 29.60 29.52 29.52 29.58 29.58 29.58 29.56 29.41 29.53 29.29 29.08 29.23 28.87 28.70 28.33 29.27 28.38 28.86 29.05 28.50 29.25 28.86 29.33 29.38 29.34 29.23 29.57 29.50 29.50 29.47 29.21 29.19 29.12 29.16 28.84 28.68 28.82 28.43 29.05 29.27 29.21 29.04 28.99 28.96 28.71 28.85 29.15 29.35 29.41 29.10 29.07 29.14 29.10 29.45 28.95 29.45 29.26 29.26 29.31 29.33 29.12 28.80
29.01 29.44 29.36 29.70 29.52 29.68 29.70 29.46 29.52 29.72 29.73 29.73 29.61 29.68 29.59 29.48 29.48 29.42 29.51 29.61 29.52 29.49 29.42 29.21 29.46 28.98 28.91 28.61 28.93 28.97 28.97 28.74 28.92 28.50 28.76 28.42 28.63 29.03 28.94 29.15 29.55 29.22 29.12 29.18 29.22 28.84 29.16 29.10 28.36 29.11 28.98 29.04 29.05 29.22 29.13 28.81 29.02 28.66 28.89 29.07 29.03 28.91 29.21 29.26 29.47 29.53 29.55 29.24 29.05 29.00 29.25 28.91 28.84 28.69 28.68 28.83 29.27
29.56 29.44 29.07 29.20 29.49 29.69 29.36 29.45 29.47 29.77 29.71 29.63 29.57 29.64 29.62 29.66 29.49 29.32 29.48 29.63 29.46 29.50 29.36 29.21 28.92 28.86 28.94 28.89 29.10 28.77 28.99 28.39 29.00 28.84 27.81 28.61 28.97 28.95 28.86 29.16 29.40 29.12 29.23 28.92 28.90 28.95 29.27 28.69 29.07 28.97 29.09 29.50 29.26 29.10 29.05 28.81 29.22 29.03 28.81 29.30 29.26 29.36 29.30 29.21 29.33 29.28 29.51 29.38 29.45 29.55 29.36 28.85 28.95 29.43 29.43 29.14 29.25
29.51 29.75 29.55 29.46 29.28 29.41 29.33 29.39 29.56 29.72 29.69 29.61 29.58 29.75 29.74 29.71 29.64 29.39 29.51 29.32 29.31 29.14 29.30 29.33 29.12 28.89 28.94 28.69 28.86 28.67 29.06 28.30 28.74 28.06 29.15 29.00 29.17 29.23 29.18 28.98 29.37 29.35 28.62 29.12 29.13 29.39 28.56 29.18 29.13 29.27 29.36 29.46 29.38 28.66 28.95 28.86 29.08 29.31 29.19 29.05 29.32 29.15 29.03 29.18 29.36 29.42 28.92 29.17 29.14 29.31 29.38 29.25 28.93 29.30 29.03 29.40 29.41
29.86 29.88 29.62 30.03 29.89 29.87 29.76 29.83 29.67 29.73 29.63 29.57 29.49 29.67 29.77 29.66 29.63 29.57 29.61 29.52 29.59 29.28 29.36 29.17 28.87 29.11 29.06 28.72 28.64 28.86 29.00 28.87 29.11 28.30 29.25 28.67 28.71 29.71 29.23 29.49 28.88 28.80 29.04 28.52 28.89 28.92 29.03 29.25 29.13 29.39 28.83 29.03 29.18 28.22 28.86 29.23 29.19 29.47 29.38 29.42 29.17 29.44 29.29 29.22 29.38 29.34 29.38 29.22 29.08 29.35 29.07 29.24 29.11 29.28 29.53 29.37 29.43
29.83 30.17 30.13 30.06 30.08 30.01 29.72 29.73 29.74 29.61 29.39 29.61 29.64 29.77 29.83 29.69 29.62 29.73 29.64 29.58 29.59 29.39 29.31 29.25 29.28 28.84 29.20 29.10 28.68 28.99 28.96 29.06 29.20 29.15 29.21 28.56 28.92 28.88 28.47 28.97 28.37 29.10 28.58 29.33 29.21 28.92 29.22 29.51 29.18 28.76 28.56 28.84 28.69 29.14 29.49 29.20 29.15 28.91 29.34 29.49 29.36 29.49 29.38 29.49 29.22 29.30 29.37 29.34 29.10 29.33 29.07 29.35 29.24 29.32 29.34 29.51 29.27
29.48 29.93 30.00 29.86 29.75 29.67 29.77 29.81 29.74 29.64 29.84 29.80 29.80 29.77 29.75 29.61 29.59 29.65 29.71 29.61 29.38 29.25 29.36 29.32 29.09 29.06 29.22 29.22 29.22 28.84 28.77 29.17 29.25 29.17 28.37 29.18 29.07 28.79 28.70 28.37 28.36 28.05 28.48 29.04 29.28 29.34 29.24 29.03 29.32 28.88 29.12 28.27 28.95 29.15 29.31 29.23 29.24 29.26 29.14 29.53 29.52 29.42 29.38 29.33 29.06 29.49 29.43 29.42 29.45 29.21 29.13 29.18 29.56 29.46 29.20 29.35 29.40
29.94 30.01 30.09 29.93 29.92 29.83 29.78 29.86 29.84 29.84 29.83 29.82 29.80 29.78 29.74 29.59 29.65 29.59 29.65 29.52 29.48 29.41 29.34 28.99 29.19 29.36 29.09 28.91 29.16 29.14 29.10 29.50 28.97 29.21 29.30 29.25 29.31 28.42 29.02 28.92 28.98 28.56 28.66 29.27 29.22 29.25 29.00 29.12 29.00 28.76 28.95 29.02 29.18 29.56 29.62 29.18 29.38 29.53 29.37 29.40 29.30 29.46 29.42 29.24 29.10 29.28 29.36 29.20 29.16 28.98 29.24 29.47 29.18 29.42 29.18 29.49 29.40
29.93 30.00 29.81 30.01 30.01 29.92 29.90 29.88 29.84 29.86 29.84 29.83 29.81 29.78 29.76 29.72 29.72 29.62 29.57 29.40 29.33 29.34 29.28 29.16 29.18 29.40 29.32 29.33 29.04 29.16 29.08 29.04 29.28 29.16 29.36 29.24 29.22 29.49 29.16 29.12 28.94 29.01 29.32 29.34 28.65 29.09 29.12 28.70 28.54 28.91 28.70 29.16 29.03 29.32 29.30 29.16 29.40 29.35 29.55 29.51 29.56 29.31 29.24 29.28 29.42 29.40 28.88 28.93 29.11 28.56 28.33 29.06 29.21 29.29 29.35 29.45 29.31
29.72 29.84 30.04 29.82 29.79 29.61 29.79 29.83 29.82 29.83 29.84 29.82 29.76 29.74 29.75 29.65 29.58 29.55 29.50 29.35 29.36 29.26 29.44 29.39 29.10 29.24 29.21 29.20 29.06 28.64 28.74 29.14 29.02 28.76 29.22 29.42 29.32 29.37 28.72 29.28 29.31 29.27 29.15 28.93 28.97 28.70 29.02 28.66 28.85 28.97 29.30 29.08 29.55 29.68 29.54 29.58 29.62 29.64 29.38 29.52 29.39 28.91 29.61 29.47 29.33 29.18 29.19 29.04 28.80 28.84 29.04 28.97 29.26 29.41 29.41 29.28 29.31
29.78 29.85 29.99 29.88 29.87 29.78 29.72 29.53 29.82 29.82 29.78 29.69 29.69 29.65 29.59 29.49 29.52 29.60 29.58 29.28 29.23 29.34 29.24 29.26 29.07 29.07 29.30 29.21 29.11 28.81 28.76 29.39 29.38 29.16 29.31 29.35 29.46 29.02 29.35 29.02 29.26 29.23 29.15 29.21 29.17 28.81 28.67 29.00 29.07 28.98 29.55 29.53 29.72 29.46 29.60 29.61 29.55 29.48 29.58 29.52 29.40 29.60 29.32 29.46 29.30 29.19 28.95 29.00 29.19 29.07 28.75 29.34 29.45 29.40 29.43 29.25 29.56
30.05 29.67 29.85 29.92 29.88 29.85 29.82 29.80 29.80 29.79 29.78 29.74 29.71 29.48 29.43 29.43 29.50 29.54 29.59 29.45 29.36 29.28 29.24 29.32 29.14 28.96 29.23 29.24 29.15 29.27 29.32 29.10 29.04 29.25 29.05 29.30 29.12 29.44 29.26 29.24 29.49 29.39 29.10 28.99 29.12 29.31 29.32 29.17 29.43 29.62 29.45 29.42 29.70 29.65 29.44 29.58 29.41 29.48 29.67 29.53 29.36 29.13 29.25 29.45 29.43 29.25 29.32 29.26 29.04 29.23 29.26 29.30 29.27 29.23 29.24 29.45 29.51
29.76 29.67 29.80 29.94 29.80 29.81 29.80 29.77 29.67 29.78 29.77 29.77 29.61 29.49 29.39 29.37 29.46 29.48 29.46 29.33 29.34 29.20 29.27 28.96 29.13 28.95 28.96 29.25 29.19 29.34 29.35 29.14 29.27 29.40 29.27 29.37 29.23 29.32 29.19 29.34 29.54 29.34 29.15 29.15 29.02 28.86 29.63 29.45 29.42 29.56 29.62 29.43 29.58 29.52 29.42 29.51 29.36 29.46 29.58 29.52 29.41 28.97 29.14 28.85 29.52 29.64 29.30 29.45 29.34 29.30 29.21 29.36 29.33 29.12 29.16 29.32 29.19
29.23 29.58 29.69 29.91 29.85 29.78 29.79 29.81 29.79 29.75 29.78 29.71 29.70 29.62 29.34 29.18 29.47 29.50 29.49 29.40 29.29 29.11 29.10 28.67 28.86 29.04 29.06 29.37 29.54 29.51 29.44 29.38 29.30 29.39 29.28 29.41 29.50 29.49 29.26 29.23 29.14 29.34 29.08 29.30 29.54 29.52 29.65 29.52 29.47 29.59 29.64 29.49 29.52 29.58 29.31 29.61 29.63 29.30 29.69 29.60 29.25 29.25 29.28 29.40 29.12 29.27 29.35 29.51 29.32 29.19 29.08 29.11 29.33 29.19 28.95 29.43 29.23
29.47 29.42 29.69 29.68 29.74 29.79 29.74 29.77 29.79 29.78 29.74 29.73 29.71 29.69 29.49 29.39 29.42 29.58 29.57 29.42 29.27 28.92 28.88 29.11 28.94 29.28 29.34 29.61 29.49 29.46 29.60 29.60 29.51 29.37 29.33 29.41 29.60 29.39 29.28 29.40 29.35 29.21 29.31 29.29 29.09 29.46 29.50 29.56 29.53 29.69 29.57 29.55 29.61 29.43 29.48 29.64 29.64 29.54 29.51 29.54 29.14 29.33 29.28 29.37 29.14 29.54 29.58 29.64 29.56 29.41 29.21 29.30 29.32 28.84 29.18 29.23 29.17
29.56 29.54 29.62 29.60 29.73 29.74 29.79 29.73 29.79 29.73 29.74 29.76 29.71 29.68 29.52 29.37 29.47 29.53 29.43 29.32 28.59 28.85 29.05 29.06 29.38 29.36 29.60 29.62 29.61 29.59 29.63 29.59 29.54 29.60 29.25 29.31 29.34 29.27 29.12 29.23 29.36 29.19 29.12 29.09 29.00 29.56 29.56 29.69 29.64 29.61 29.59 29.54 29.56 29.60 29.65 29.65 29.39 29.41 29.45 29.40 29.30 29.28 29.31 29.41 29.43 29.44 29.60 29.53 29.53 29.51 29.56 29.51 29.55 29.33 29.43 29.19 29.17
29.38 29.35 29.50 29.69 29.75 29.76 29.76 29.73 29.75 29.76 29.66 29.68 29.59 29.60 29.46 29.44 29.38 29.52 29.30 29.17 29.21 28.77 29.22 29.22 29.35 29.54 29.58 29.56 29.60 29.57 29.57 29.60 29.66 29.45 29.07 29.10 29.14 29.23 29.25 29.28 29.35 29.22 29.65 29.32 29.32 29.39 29.57 29.57 29.58 29.54 29.57 29.54 29.71 29.58 29.69 29.67 29.49 29.60 29.54 29.49 29.47 29.41 29.36 29.33 29.41 29.17 29.26 29.34 29.50 29.63 29.61 29.51 29.49 29.50 29.53 29.57 29.36
29.55 29.41 29.39 29.62 29.68 29.71 29.77 29.71 29.76 29.69 29.68 29.66 29.61 29.59 29.52 29.54 29.45 29.34 28.93 29.05 29.07 28.84 29.32 29.53 29.62 29.59 29.67 29.58 29.60 29.53 29.47 29.48 29.50 29.52 29.31 29.22 29.12 29.26 29.27 29.20 29.29 29.28 29.15 29.23 29.41 29.43 29.60 29.59 29.67 29.58 29.64 29.53 29.68 29.70 29.64 29.53 29.52 29.43 29.71 29.54 29.42 29.29 29.48 29.47 29.32 29.36 29.17 29.28 29.36 29.57 29.62 29.66 29.48 29.55 29.48 29.32 29.44
29.21 29.63 29.65 29.57 29.57 29.47 29.56 29.59 29.70 29.75 29.69 29.72 29.63 29.69 29.63 29.53 29.51 28.95 28.79 29.21 29.22 29.29 29.30 29.53 29.64 29.51 29.66 29.64 29.55 29.43 29.33 29.27 29.39 29.47 29.39 29.23 29.12 29.02 29.45 29.32 29.51 29.30 29.17 29.30 29.23 29.55 29.36 29.51 29.62 29.43 29.72 29.63 29.64 29.66 29.63 29.50 29.56 29.41 29.50 29.50 29.40 29.44 29.37 29.33 29.38 29.46 29.37 29.35 29.36 29.44 29.57 29.61 29.66 29.35 29.45 29.28 29.33
29.31 29.65 29.60 29.56 29.55 29.51 29.49 29.57 29.53 29.54 29.57 29.66 29.58 29.51 29.53 29.53 29.25 28.59 28.93 29.16 29.23 29.50 29.56 29.55 29.59 29.45 29.56 29.52 29.48 29.37 29.41 29.33 29.44 29.44 29.26 29.17 29.22 29.22 29.47 29.39 29.41 29.42 29.70 29.46 29.47 29.49 29.52 29.57 29.43 29.59 29.61 29.61 29.61 29.56 29.52 29.44 29.34 29.23 29.51 29.56 29.68 29.54 29.57 29.53 29.21 29.45 29.27 29.48 29.43 29.02 29.42 29.48 29.53 29.48 29.51 29.40 29.42
29.60 29.65 29.52 29.44 29.40 29.44 29.52 29.50 29.55 29.63 29.55 29.55 29.62 29.48 29.41 29.46 28.99 28.70 29.24 29.49 29.31 29.64 29.58 29.56 29.45 29.39 29.50 29.48 29.44 29.40 29.60 29.45 29.33 29.34 29.21 29.22 29.42 29.36 29.51 29.34 29.43 29.33 29.42 29.37 29.51 29.33 29.52 29.45 29.40 29.64 29.64 29.72 29.58 29.56 29.56 29.55 29.19 28.70 29.50 29.63 29.48 29.53 29.57 29.49 29.56 29.48 29.43 29.41 29.22 29.29 29.44 29.35 29.32 29.51 29.55 29.58 29.54
29.45 29.57 29.56 29.55 29.60 29.64 29.63 29.60 29.63 29.60 29.46 29.53 29.63 29.58 29.40 29.42 29.11 29.22 29.37 29.45 29.58 29.65 29.63 29.56 29.64 29.49 29.44 29.30 29.30 29.47 29.45 29.50 29.44 29.46 29.35 29.28 29.30 29.24 29.14 29.43 29.28 29.34 29.30 29.45 29.60 29.63 29.55 29.47 29.61 29.65 29.52 29.50 29.54 29.50 29.53 29.60 29.52 29.49 29.67 29.63 29.45 29.52 29.54 29.52 29.57 29.57 29.58 29.45 29.13 29.01 28.79 29.23 29.19 29.40 29.46 29.37 29.41
29.67 29.72 29.78 29.71 29.57 29.50 29.49 29.43 29.51 29.54 29.46 29.41 29.39 29.60 29.38 29.41 29.31 29.27 29.54 29.51 29.50 29.65 29.56 29.35 29.53 29.35 29.49 29.45 29.26 29.47 29.37 29.51 29.44 29.42 29.51 29.40 29.38 29.48 29.31 29.42 29.18 29.38 29.29 29.49 29.49 29.61 29.64 29.59 29.54 29.45 29.55 29.62 29.53 29.54 29.52 29.62 29.65 29.60 29.67 29.64 29.70 29.56 29.58 29.54 29.51 29.51 29.57 29.45 29.08 28.98 28.65 28.84 29.35 29.38 29.36 29.57 29.06
29.62 29.54 29.73 29.64 29.59 29.62 29.62 29.56 29.48 29.49 29.37 29.10 29.33 29.16 29.49 29.37 29.20 29.23 29.43 29.40 29.38 29.50 29.62 29.57 29.48 29.52 29.38 29.62 29.60 29.55 29.52 29.40 29.32 29.16 29.43 29.42 29.38 29.43 29.45 29.36 29.41 29.33 29.39 29.54 29.67 29.71 29.66 29.56 29.66 29.57 29.56 29.61 29.57 29.54 29.57 29.58 29.56 29.65 29.71 29.71 29.62 29.59 29.57 29.54 29.49 29.43 29.33 29.19 29.45 29.41 28.79 28.39 29.21 29.10 29.01 28.99 29.04
29.61 29.62 29.62 29.61 29.57 29.57 29.56 29.66 29.64 29.50 29.47 29.35 29.27 29.42 29.44 29.34 29.31 29.18 29.31 29.46 29.38 29.45 29.53 29.63 29.31 29.50 29.60 29.68 29.59 29.36 29.51 29.44 29.33 29.30 29.28 29.25 29.34 29.44 29.39 29.19 29.39 29.43 29.40 29.50 29.61 29.56 29.62 29.55 29.65 29.64 29.58 29.54 29.61 29.52 29.36 28.87 29.67 29.72 29.69 29.71 29.63 29.63 29.61 29.20 29.36 29.45 29.34 29.32 29.32 29.36 29.23 29.48 29.14 29.37 28.96 29.58 29.46
29.61 29.59 29.58 29.59 29.63 29.66 29.64 29.66 29.63 29.36 29.38 29.36 29.31 29.29 29.22 29.29 29.41 29.39 29.28 29.48 29.35 29.43 29.29 29.49 29.39 29.47 29.59 29.62 29.50 29.08 29.19 29.22 29.30 29.19 29.05 29.13 29.18 29.32 29.42 29.36 29.55 29.57 29.46 29.61 29.61 29.59 29.55 29.58 29.55 29.57 29.63 29.63 29.54 29.41 28.28 28.98 29.69 29.70 29.69 29.43 29.56 29.70 29.62 29.37 29.45 29.33 29.43 29.38 29.35 29.37 29.41 29.54 29.56 29.49 29.59 29.13 29.20
29.70 29.71 29.62 29.66 29.61 29.56 29.52 29.57 29.41 29.25 29.28 29.37 29.45 29.43 29.31 29.26 29.47 29.60 29.51 29.54 29.60 29.55 29.20 29.21 29.05 29.20 29.46 29.51 29.50 29.47 29.33 29.40 29.15 29.28 29.27 29.30 29.53 29.09 29.33 29.27 29.52 29.52 29.63 29.67 29.64 29.44 29.50 29.52 29.62 29.62 29.61 29.72 29.62 29.26 29.10 29.62 29.68 29.68 29.65 29.66 29.62 29.43 29.42 29.36 29.46 29.50 29.46 29.47 29.40 29.42 29.43 29.55 29.58 29.55 29.48 29.47 29.24
29.66 29.58 29.49 29.71 29.66 29.55 29.32 29.40 29.47 29.38 29.28 29.37 29.53 29.48 29.56 29.39 29.54 29.60 29.63 29.55 29.49 29.56 29.31 29.08 29.15 29.31 29.30 29.45 29.57 29.52 29.31 29.34 29.23 29.27 29.41 29.46 29.51 29.37 29.25 29.56 29.54 29.62 29.63 29.58 29.61 29.60 29.61 29.62 29.70 29.62 29.72 29.63 29.49 29.12 29.21 29.22 29.65 29.63 29.47 29.63 29.66 29.65 29.46 29.51 29.64 29.58 29.56 29.55 29.54 29.50 29.51 29.54 29.49 29.50 29.53 29.49 29.44
29.61 29.70 29.54 29.60 29.63 29.58 29.42 29.39 29.43 29.52 29.55 29.48 29.58 29.62 29.66 29.57 29.52 29.52 29.53 29.50 29.49 29.49 29.41 29.39 29.27 29.24 29.34 29.27 29.46 29.50 29.38 29.19 29.37 29.35 29.29 29.34 29.36 29.35 29.34 29.65 29.56 29.54 29.57 29.55 29.63 29.39 29.66 29.64 29.66 29.66 29.69 29.62 29.57 29.52 29.40 29.53 29.62 29.65 29.56 29.67 29.61 29.61 29.56 29.57 29.63 29.63 29.56 29.54 29.62 29.58 29.54 29.53 29.52 29.52 29.50 29.50 29.51
29.60 29.42 29.31 29.30 29.55 29.54 29.56 29.36 29.34 29.43 29.50 29.50 29.57 29.59 29.68 29.63 29.36 29.45 29.56 29.58 29.21 29.53 29.37 29.39 29.39 29.34 29.38 29.28 29.34 29.41 29.31 29.23 29.03 29.51 29.39 29.40 29.35 29.40 29.57 29.64 29.66 29.60 29.61 29.64 29.57 29.31 29.24 29.64 29.67 29.65 29.65 29.55 29.60 29.51 29.63 29.60 29.53 29.60 29.61 29.55 29.60 29.65 29.61 29.64 29.64 29.57 29.62 29.58 29.56 29.51 29.55 29.53 29.56 29.54 29.56 29.46 29.43
