main/data/irradiance/01.08.2023.grid
ncols 839
nrows 679
xllcenter 112.0500
yllcenter -43.9500
cellsize 0.0500
nodata_value 99999.90
[rows 238 to 271 of 679, columns 77 to 153 of 839]
17.86 17.39 17.70 17.26 17.71 17.55 17.64 16.66 16.88 15.89 16.24 16.18 16.50 16.04 17.17 17.35 16.83 16.98 17.03 17.42 16.82 17.62 17.72 17.72 17.48 17.70 18.01 17.64 17.56 17.56 17.31 17.10 16.69 17.11 16.54 16.62 16.99 16.43 16.84 16.80 16.49 16.52 16.62 16.64 16.76 17.12 17.45 17.38 17.14 16.59 16.45 16.40 16.55 16.12 16.24 15.83 15.70 15.41 15.01 15.22 16.02 15.57 13.90 13.31 13.48 13.06 13.08 12.86 13.32 13.11 13.21 13.72 12.36 12.07 12.20 12.86 13.41
17.90 17.68 17.74 17.46 17.63 16.42 16.71 16.93 16.51 16.18 15.54 15.60 15.80 16.31 17.38 16.87 16.76 16.79 16.62 16.87 16.88 17.01 17.78 17.70 17.84 17.92 17.90 17.95 17.95 17.66 17.36 17.42 16.99 16.14 15.33 15.50 15.97 15.94 16.40 16.06 15.82 15.58 16.42 16.83 16.71 17.06 17.20 17.17 17.09 16.84 16.51 16.45 15.89 15.81 16.24 15.44 15.39 15.75 15.19 15.09 15.55 15.43 14.02 13.59 12.20 12.37 13.17 12.76 12.96 12.21 12.07 12.24 12.61 12.39 11.57 12.63 12.23
17.92 17.42 17.47 17.70 16.90 16.29 16.38 16.84 17.40 17.44 16.64 16.02 15.00 16.57 16.73 16.19 15.43 16.67 16.15 16.66 17.18 17.74 17.90 17.59 17.39 17.95 17.63 17.91 17.49 17.20 17.17 17.28 16.78 16.23 14.92 14.22 15.70 16.17 16.45 16.53 16.05 15.68 16.33 17.05 16.70 16.45 16.64 17.01 16.92 16.80 16.33 16.43 15.97 15.99 15.71 15.08 14.85 14.92 14.54 14.66 15.12 14.92 13.89 13.29 12.57 12.32 12.19 12.42 12.82 12.72 10.97 11.24 11.66 11.37 11.28 10.84 11.66
17.94 17.26 17.56 17.14 17.16 16.84 16.56 16.67 17.61 17.79 17.55 16.37 15.54 16.39 15.92 15.83 16.51 16.55 16.89 16.82 17.63 17.70 17.43 17.30 17.45 17.73 17.72 17.50 17.36 16.58 16.41 16.53 17.04 16.39 16.23 15.40 16.01 16.57 16.39 16.11 16.64 15.98 16.38 16.68 16.00 15.76 15.55 16.83 16.63 16.78 16.20 15.87 15.65 15.79 15.11 14.92 14.37 14.19 14.35 14.37 14.62 14.26 13.68 13.62 13.25 13.06 11.67 12.17 12.56 12.69 12.54 11.12 11.67 10.83 11.11 10.52 10.94
17.51 17.27 17.34 16.49 16.34 16.68 16.99 16.11 17.03 17.73 17.59 16.85 16.19 17.22 16.04 16.54 16.16 16.65 17.01 16.34 17.40 16.42 16.65 16.93 17.32 17.78 17.56 17.99 16.63 16.71 17.03 16.11 17.34 16.84 16.14 16.14 15.42 16.36 15.68 15.92 16.83 16.31 16.72 16.43 16.04 15.78 15.02 15.42 15.88 15.94 15.88 15.83 15.99 15.77 15.51 14.66 14.53 13.97 14.54 13.68 14.34 14.41 14.17 13.87 13.08 12.68 11.88 11.68 11.91 12.44 12.80 11.33 11.57 11.37 11.29 9.42 10.33
17.11 16.91 16.91 17.21 17.00 16.56 17.21 16.84 16.29 17.49 17.65 16.69 17.02 16.95 16.95 16.27 16.95 17.01 16.48 16.71 16.21 16.52 16.59 16.49 17.34 17.53 17.23 17.25 16.91 17.24 17.37 17.42 16.45 16.87 16.01 16.36 16.05 16.01 15.44 15.65 16.04 17.05 17.22 16.98 16.50 15.54 15.29 15.05 15.09 15.29 15.36 15.79 15.72 15.90 15.65 14.63 13.83 13.76 13.99 13.44 14.18 14.40 14.57 13.54 12.82 11.90 12.28 11.81 11.60 11.73 12.62 11.64 11.55 11.94 11.72 10.24 10.91
17.20 16.82 16.88 16.62 17.13 17.08 17.44 16.92 16.99 17.63 17.58 17.18 16.68 16.44 14.99 15.37 16.66 16.48 16.83 16.64 15.79 16.62 15.77 17.55 17.67 17.64 17.62 17.49 17.57 17.27 17.20 17.22 16.45 16.17 16.01 16.15 16.26 16.41 16.10 15.57 15.28 17.07 17.44 17.16 16.03 15.04 14.67 14.39 14.93 14.72 15.05 14.89 15.83 15.29 15.22 15.29 14.30 13.41 13.24 13.67 13.53 13.25 14.09 13.21 13.08 11.72 12.14 11.91 11.47 11.73 12.61 12.68 11.73 10.64 10.67 11.64 10.95
17.47 16.97 17.25 16.54 16.99 17.42 17.52 17.23 16.67 17.51 17.43 17.23 17.10 16.49 15.99 15.73 16.39 16.29 16.66 16.61 16.25 16.36 16.81 17.26 17.22 17.36 17.36 18.05 17.89 17.79 17.10 17.16 16.62 16.66 17.00 16.56 16.39 16.38 16.24 15.73 15.77 17.09 17.29 16.61 16.12 15.69 15.24 14.46 14.91 14.78 14.84 14.72 15.49 15.14 14.99 14.79 14.23 13.49 12.41 13.16 12.92 12.44 13.19 12.73 12.55 11.69 11.21 11.80 11.57 11.54 11.04 10.83 10.04 10.22 9.87 10.72 11.00
16.91 17.23 16.71 17.12 16.68 17.09 17.20 17.42 17.08 16.26 17.32 16.89 17.15 17.05 15.60 15.12 16.02 16.54 16.16 16.09 17.04 17.05 17.62 16.68 16.85 16.72 17.01 17.56 17.86 17.95 16.92 16.95 16.34 16.66 16.78 16.33 16.48 16.08 16.01 15.95 15.91 16.42 16.86 16.21 16.03 16.19 15.89 14.89 14.61 14.48 13.94 14.40 14.65 15.50 15.06 14.95 14.11 13.65 12.60 12.84 12.92 12.77 12.70 12.71 12.86 12.11 11.66 11.67 11.31 11.06 10.51 9.95 10.26 10.31 9.37 10.27 10.63
17.36 17.09 17.45 16.88 17.22 17.15 16.92 17.04 17.14 16.97 17.54 16.71 16.26 16.48 16.43 14.18 15.42 15.88 15.82 15.96 17.06 17.48 17.19 17.33 17.02 16.70 17.28 17.40 16.87 17.42 16.33 16.68 16.57 16.12 16.06 16.16 16.09 15.47 15.32 15.96 15.90 16.17 15.75 14.81 15.78 15.19 15.44 15.34 15.41 14.75 14.50 13.29 14.36 14.94 15.23 14.78 14.68 14.37 12.77 12.60 12.28 12.71 12.13 12.06 11.77 11.96 12.25 11.56 10.56 10.82 10.85 9.62 9.85 10.83 10.31 10.14 9.86
17.22 17.10 17.07 17.20 16.82 16.53 16.14 17.26 17.24 16.84 17.04 16.12 16.90 16.63 15.87 15.67 16.00 15.85 16.03 16.32 16.11 16.60 16.82 17.37 17.10 17.54 17.67 17.66 17.83 17.16 17.07 16.32 16.79 16.40 15.92 16.18 16.28 15.81 15.86 15.44 16.08 15.68 15.39 14.98 15.43 15.48 14.77 14.85 15.19 14.80 14.61 13.33 13.98 14.41 14.82 14.93 14.65 14.49 13.85 12.76 11.82 12.19 12.09 12.39 11.39 11.19 11.38 11.16 10.47 10.14 10.55 9.87 10.72 11.81 11.83 10.53 10.13
16.45 16.61 16.41 16.28 16.53 16.41 15.44 16.64 16.26 16.17 16.52 16.65 16.90 16.48 16.27 16.36 15.91 15.03 15.14 15.77 15.78 16.51 16.86 17.19 17.32 17.41 17.73 17.73 17.74 17.70 17.60 16.86 16.53 16.51 16.27 15.48 15.77 15.45 15.54 14.89 15.83 15.11 13.75 13.94 14.71 15.18 15.10 14.94 14.68 14.37 14.20 13.66 13.28 13.22 14.15 13.73 13.87 13.89 13.89 13.20 12.06 12.08 12.23 12.36 11.15 11.66 11.47 11.35 10.73 10.02 10.00 9.84 10.68 11.78 12.11 10.71 10.38
17.42 17.34 16.80 16.93 16.97 16.76 16.86 15.77 16.71 15.99 16.04 14.69 16.25 15.92 16.76 15.88 15.82 15.15 16.33 15.88 16.43 16.75 17.25 16.73 17.42 17.25 17.10 17.57 17.55 17.31 16.98 16.98 16.77 16.12 16.25 15.82 16.08 15.96 14.88 15.11 14.75 15.11 14.52 13.44 12.89 14.35 14.48 15.33 14.55 13.83 13.56 13.20 12.91 13.15 13.20 12.98 13.50 13.14 13.41 12.85 12.12 11.67 11.79 12.07 11.53 11.40 11.69 11.38 11.04 10.17 10.16 10.55 10.90 10.65 10.39 10.03 10.98
17.67 17.73 16.96 16.37 16.55 16.57 16.28 16.53 16.60 16.50 15.23 14.16 15.32 16.33 17.13 16.23 15.44 16.85 16.35 15.47 15.59 16.50 16.36 16.77 17.12 16.67 16.56 16.78 17.07 17.68 16.87 16.84 17.03 16.27 16.10 16.14 16.30 15.83 15.92 14.87 15.10 14.59 15.03 14.66 13.19 14.41 14.45 15.35 15.20 14.96 14.42 13.83 14.18 13.18 12.59 12.52 13.11 12.63 12.31 12.03 11.89 11.92 11.64 12.15 11.57 11.44 11.71 11.71 11.70 9.61 9.56 9.90 9.79 10.15 10.62 10.96 10.81
17.62 17.57 16.84 16.62 16.45 16.58 16.62 17.44 16.36 16.77 14.93 14.97 15.30 16.63 16.38 15.58 15.79 15.77 16.01 15.68 15.94 16.05 15.99 16.66 16.77 16.42 16.95 15.93 17.29 17.79 17.16 17.24 17.13 16.64 15.85 15.54 15.59 15.54 15.92 15.19 15.25 14.62 14.00 14.04 13.05 12.71 13.42 13.69 14.78 14.36 14.96 14.66 13.70 12.60 11.70 12.33 13.01 12.37 11.82 11.77 11.87 12.44 12.33 11.43 11.12 10.77 11.26 11.40 11.79 10.77 9.83 9.08 9.35 10.26 10.43 10.95 10.46
17.60 16.85 16.87 16.38 15.38 15.71 16.72 16.82 16.72 15.50 15.96 15.04 14.76 15.73 16.25 14.80 15.67 16.17 14.26 14.81 15.23 16.26 15.53 16.11 15.28 16.25 16.96 16.93 17.27 17.41 17.52 16.99 17.38 16.99 16.19 15.71 15.31 16.02 15.97 15.93 14.73 14.54 14.35 14.86 14.20 13.36 13.24 14.57 15.32 14.18 14.25 14.01 12.83 11.57 11.27 12.38 12.96 12.70 12.77 11.72 12.12 12.51 12.47 11.34 11.19 10.99 10.72 10.71 10.65 11.09 10.35 9.99 9.39 10.18 10.51 10.63 10.39
17.14 17.23 16.33 16.50 15.94 16.62 17.01 16.76 16.27 16.53 16.68 14.80 15.06 15.81 16.54 15.85 15.58 15.71 13.80 13.80 16.19 16.34 16.54 17.06 16.20 17.27 17.57 17.76 17.72 17.50 17.60 17.36 17.40 17.05 15.63 15.85 14.83 15.14 15.14 14.75 14.58 13.31 14.13 14.58 13.93 13.52 12.89 13.73 14.70 14.94 14.69 14.34 13.02 12.09 11.20 12.34 12.71 12.69 12.60 12.19 12.55 12.29 11.98 11.62 11.03 11.23 11.19 10.77 10.99 10.61 10.71 10.65 10.14 10.02 10.32 11.56 10.84
17.63 17.20 16.71 17.31 17.02 15.92 16.30 17.26 17.17 15.75 16.13 16.66 15.16 15.69 14.94 15.36 15.95 15.51 14.53 14.66 15.59 16.08 16.30 17.13 17.38 17.37 17.69 17.78 17.70 17.37 17.17 17.46 17.42 17.58 16.36 15.25 15.30 14.93 14.93 15.03 13.31 12.22 12.25 12.90 13.35 13.36 12.54 13.28 14.02 14.21 14.76 14.80 13.71 11.61 10.28 10.90 11.63 11.64 12.81 11.98 12.04 12.11 11.60 10.63 10.92 11.20 11.31 10.86 10.76 10.41 10.45 10.78 10.91 10.24 9.44 10.06 10.06
17.42 17.03 16.75 16.46 17.64 17.12 17.14 17.04 17.73 16.38 15.81 16.63 16.01 16.32 14.82 15.82 15.80 15.42 15.99 14.61 16.21 16.63 16.82 17.11 17.51 17.27 17.31 16.61 16.93 17.44 17.23 17.31 16.92 16.27 16.09 15.38 15.93 15.70 15.35 15.62 14.59 12.54 13.15 13.06 13.33 13.16 12.51 12.94 13.02 14.32 13.55 14.10 14.44 12.93 10.98 11.02 11.24 11.92 12.20 11.65 11.93 12.20 11.91 10.73 10.26 10.52 10.81 11.36 10.92 9.68 10.39 11.25 10.92 10.24 9.29 9.28 10.17
16.98 16.99 16.16 16.87 17.63 17.40 16.91 16.94 16.77 16.95 16.16 15.41 15.48 15.48 13.66 15.16 15.21 16.02 16.36 14.59 14.61 15.80 15.50 16.30 16.75 17.69 17.27 17.18 16.99 17.03 17.41 17.25 16.26 15.65 15.00 15.01 16.43 15.86 15.31 15.41 14.90 13.93 12.53 11.70 11.43 11.62 11.61 12.33 13.39 14.54 13.39 12.92 13.06 12.47 12.19 11.91 11.07 10.94 10.93 11.38 12.16 11.90 11.32 10.74 9.95 10.12 10.91 11.09 10.49 10.12 9.77 10.27 10.54 10.31 9.60 9.48 9.74
17.02 16.85 16.77 17.33 16.93 17.28 16.64 16.44 17.15 16.99 15.94 15.75 15.45 15.00 14.98 14.91 15.07 15.00 14.61 14.40 13.96 14.87 15.87 15.92 16.48 17.10 17.20 17.56 17.25 17.18 17.21 17.38 15.46 14.75 15.73 15.35 15.08 16.20 15.94 15.09 15.58 13.91 13.16 12.95 12.10 11.93 11.66 11.69 11.36 12.64 13.63 13.43 12.34 11.94 11.99 11.96 10.74 11.02 10.43 10.11 10.53 11.71 11.27 11.09 10.62 10.94 11.18 11.32 10.59 9.94 9.51 10.02 9.67 9.36 9.85 9.93 10.09
17.14 17.10 16.00 16.89 17.61 17.01 16.30 16.30 16.94 16.38 15.89 16.03 15.77 15.51 15.41 14.72 14.42 14.07 14.21 14.46 13.54 14.89 15.64 17.01 16.86 16.91 17.11 17.42 17.08 17.39 16.79 17.14 16.79 15.48 15.70 15.72 15.92 15.24 15.19 15.04 15.18 14.95 14.61 13.08 12.30 12.43 11.97 10.94 10.97 12.05 11.78 11.98 12.14 13.13 12.43 12.03 10.81 11.25 10.51 9.19 9.16 10.33 10.30 10.06 10.60 10.64 10.83 11.14 10.02 9.77 9.49 9.52 9.41 9.19 9.74 9.73 9.77
16.98 16.34 16.57 16.89 17.90 15.66 15.76 16.76 17.21 17.13 17.35 16.10 15.50 14.60 14.33 15.26 14.91 13.29 12.96 14.08 13.37 14.99 15.66 15.92 16.46 15.72 15.73 16.80 16.07 16.56 17.01 17.40 16.52 16.41 15.47 14.87 15.69 14.96 13.72 14.02 13.74 14.29 13.60 12.17 11.94 11.25 11.83 11.31 11.77 12.96 11.68 11.32 11.81 12.48 12.07 11.92 11.88 11.25 11.26 10.17 9.46 9.86 10.27 10.66 11.03 11.13 10.95 10.96 10.38 9.40 10.05 9.38 9.24 9.57 9.58 9.74 9.79
16.81 16.86 17.45 17.47 17.36 15.56 16.71 16.67 16.90 16.82 16.88 15.54 15.57 15.53 15.32 16.02 13.54 13.39 12.58 14.96 13.51 14.38 14.73 13.96 14.73 13.75 14.68 16.15 15.84 16.34 16.43 16.62 16.11 16.53 15.51 14.38 14.44 14.70 14.06 14.38 12.93 13.12 12.89 12.24 12.23 12.07 12.20 13.09 12.88 11.89 12.02 10.91 10.86 11.25 11.32 12.28 12.30 11.66 11.95 10.90 10.07 10.03 11.03 10.91 10.88 10.66 11.11 10.41 10.02 8.81 9.45 9.61 9.34 8.64 8.64 8.92 9.06
16.27 16.60 17.27 16.75 17.32 16.51 16.78 16.70 17.01 16.76 16.58 16.18 15.95 16.00 15.87 16.04 14.12 12.97 13.74 14.47 13.82 13.34 13.30 13.24 13.82 14.27 14.85 15.46 14.95 14.68 15.03 16.07 16.64 15.91 14.97 14.80 12.87 12.58 13.22 14.49 13.89 12.25 12.46 12.81 12.96 12.28 11.72 12.21 12.78 12.35 12.35 11.10 10.55 11.64 11.34 11.47 11.03 11.77 11.61 11.19 10.73 10.06 10.21 9.93 10.47 10.24 10.16 10.39 9.73 8.85 9.60 9.62 9.32 9.06 8.87 9.12 9.08
15.89 16.67 16.49 16.43 16.78 17.15 17.56 16.90 15.81 15.65 16.26 16.41 15.69 15.80 15.52 16.18 15.51 14.66 15.57 14.91 14.54 13.61 14.14 14.35 14.55 14.73 14.55 13.91 14.83 13.93 13.35 15.20 15.70 15.92 15.49 14.92 13.59 14.41 13.71 14.21 14.56 12.63 12.34 12.61 12.88 12.51 12.36 12.26 12.40 11.73 11.43 10.93 10.33 10.80 10.46 9.93 9.64 10.51 11.23 11.07 10.57 9.98 10.67 9.76 9.79 9.69 9.57 10.71 10.88 10.63 10.00 9.93 9.23 9.33 9.63 9.30 9.25
16.27 16.51 16.89 16.55 17.30 17.55 17.58 17.12 16.13 16.67 17.04 15.76 15.58 16.29 16.40 15.96 16.20 15.63 15.17 14.01 14.77 13.99 13.14 14.04 14.06 14.05 13.49 13.45 13.51 12.87 13.54 13.50 14.61 15.95 15.23 14.56 15.79 14.64 14.52 14.67 14.27 14.41 13.96 13.20 13.78 13.39 12.55 11.99 11.96 12.48 11.54 10.79 10.39 9.97 9.51 10.22 9.84 9.31 9.32 9.76 11.12 10.78 10.52 10.34 9.41 9.20 10.02 10.14 10.59 10.83 10.66 10.09 9.57 9.35 9.72 10.11 9.86
16.24 17.19 17.04 16.65 16.75 17.10 17.17 17.18 17.32 16.57 16.62 15.78 15.69 16.07 16.36 16.43 16.45 16.51 14.92 14.34 14.02 14.63 12.66 13.36 14.36 13.92 13.36 14.14 12.60 12.59 11.95 12.32 13.94 15.02 14.28 14.36 16.02 16.30 16.00 15.89 15.16 15.59 14.41 13.42 13.91 14.61 13.56 11.90 11.70 11.50 10.39 9.83 9.93 9.32 8.91 9.33 9.41 9.53 9.27 9.72 10.69 9.88 9.42 9.63 9.11 8.70 9.17 9.71 9.93 9.97 9.76 10.05 9.61 9.20 9.34 9.94 10.13
16.89 17.00 17.32 16.48 16.72 16.93 17.05 16.97 17.24 16.97 16.21 16.33 16.00 15.90 16.34 16.43 16.55 16.79 15.35 14.87 15.36 15.12 13.83 13.77 14.24 12.75 14.21 13.38 13.87 13.09 10.96 10.47 11.88 13.04 14.84 13.28 14.17 14.57 14.59 14.10 14.81 15.21 15.08 14.35 12.92 13.72 13.00 11.88 12.00 11.53 11.36 10.81 9.66 9.05 9.02 9.23 9.70 9.73 9.87 9.92 10.03 10.22 9.79 9.32 10.37 9.74 9.23 9.32 9.13 9.88 10.06 9.01 10.07 9.71 9.79 10.09 9.80
17.23 17.22 16.93 16.26 16.97 16.37 16.75 17.21 16.94 16.80 15.89 16.15 16.61 16.25 16.34 16.40 16.10 16.57 15.19 14.66 15.24 14.53 13.13 14.34 13.41 13.48 13.75 13.66 12.97 12.19 12.76 11.08 12.16 13.41 13.38 13.14 13.12 12.71 12.70 10.89 11.03 12.21 12.87 13.60 13.34 12.88 12.61 12.33 12.23 11.82 11.95 11.33 10.72 9.80 9.57 9.18 9.35 8.61 9.42 9.56 10.36 9.89 8.79 9.35 10.21 9.45 9.85 9.65 8.41 9.41 9.64 9.45 10.24 10.47 10.69 10.13 9.55
17.48 16.70 16.54 16.60 16.96 16.55 16.50 16.72 16.52 16.36 15.66 16.22 16.69 15.87 16.21 16.51 15.81 15.78 15.39 14.12 14.00 15.33 14.21 13.45 12.96 12.33 12.75 13.53 12.61 12.70 13.81 13.82 12.61 12.38 13.92 15.56 14.13 13.48 13.49 11.06 10.62 11.01 10.99 11.95 13.15 13.29 12.92 12.79 13.07 12.70 12.16 10.78 10.23 11.00 9.85 10.13 9.55 8.44 9.11 8.84 8.92 8.78 8.03 8.72 8.84 9.41 9.86 8.68 8.93 9.33 10.05 9.64 9.58 10.25 9.96 9.39 9.79
17.35 16.45 15.70 16.70 17.31 16.60 16.18 17.01 17.11 16.91 16.49 15.98 16.30 16.27 16.70 16.32 16.59 16.48 16.00 15.13 14.40 15.25 14.53 13.95 13.30 12.32 12.38 12.96 13.06 14.02 14.68 13.32 13.26 13.00 13.86 15.05 15.27 13.71 13.96 13.26 11.72 11.36 12.69 11.84 11.65 11.83 11.81 12.44 13.36 13.17 12.58 12.29 11.19 9.69 9.16 9.20 8.63 9.21 8.73 8.64 9.05 9.06 8.44 8.61 9.05 8.43 8.55 8.18 8.81 8.75 9.09 9.35 9.03 9.84 9.30 8.54 9.33
17.19 16.54 16.05 16.16 16.95 16.74 16.53 16.80 16.94 16.88 16.31 16.36 16.66 16.75 16.64 16.44 16.68 16.31 16.38 16.04 15.04 15.99 15.21 14.75 14.71 13.72 13.54 14.27 13.90 14.41 15.15 14.85 14.51 13.99 13.81 14.09 15.61 14.39 14.90 13.67 12.30 11.09 9.78 11.63 12.83 13.25 12.74 11.94 12.56 12.88 12.63 12.71 12.34 10.81 10.94 10.61 9.77 9.01 9.10 9.19 8.72 8.79 8.91 9.26 9.06 8.43 8.76 8.80 9.84 8.80 8.23 8.74 9.43 9.71 9.28 9.29 8.87
16.74 16.96 16.44 16.22 16.99 16.70 16.83 16.71 16.95 16.65 16.74 16.84 16.74 15.98 16.08 16.48 16.16 16.10 16.14 16.14 15.97 16.00 15.48 14.57 15.15 14.87 14.90 15.06 15.28 14.48 14.09 15.31 14.04 13.35 14.17 12.51 13.51 13.99 13.85 13.85 13.03 12.59 11.24 10.41 11.62 12.74 13.33 12.44 13.01 13.19 13.05 12.48 12.51 11.77 10.80 10.10 9.78 9.20 8.88 9.12 9.14 9.26 9.02 9.25 8.88 8.33 8.41 8.82 9.88 10.15 9.13 8.92 9.86 8.98 9.36 8.65 9.06
