main/data/irradiance/01.09.2023.grid
ncols 839
nrows 679
xllcenter 112.0500
yllcenter -43.9500
cellsize 0.0500
nodata_value 99999.90
[rows 136 to 169 of 679, columns 616 to 692 of 839]
22.85 22.81 22.77 22.60 22.37 22.75 22.84 22.88 22.83 22.85 22.86 22.63 22.81 22.59 22.66 22.97 22.91 22.93 22.92 22.95 23.02 22.99 23.01 23.02 23.06 23.03 23.00 23.00 23.03 23.02 23.06 23.07 23.09 23.08 23.12 23.16 23.15 23.21 23.24 23.24 23.28 23.23 23.04 22.90 23.30 23.32 23.33 23.37 23.38 23.39 23.42 23.43 23.43 23.41 23.41 23.39 23.41 23.39 23.39 23.39 23.38 23.39 23.39 23.39 23.39 23.39 23.39 23.39 23.39 23.39 23.39 23.39 23.35 23.32 99999.90 99999.90 99999.90
22.84 22.81 22.52 22.76 22.60 22.66 22.61 22.89 22.60 22.78 22.75 22.81 22.36 22.79 22.64 22.91 22.84 22.94 22.90 22.91 22.93 22.93 22.98 22.99 23.01 23.01 22.99 22.98 23.00 23.02 23.00 23.01 23.03 23.03 23.03 23.12 23.12 23.20 23.22 23.22 23.25 23.20 23.10 23.08 23.27 23.30 23.32 23.32 23.37 23.38 23.39 23.41 23.41 23.41 23.40 23.40 23.39 23.42 23.42 23.38 23.38 23.39 23.39 23.39 23.39 23.39 23.39 23.39 23.39 23.39 23.39 23.39 23.35 23.32 23.29 99999.90 99999.90
22.82 22.71 22.70 22.73 22.63 22.52 22.62 22.64 22.67 22.51 22.57 22.76 22.69 22.73 22.80 22.89 22.93 22.90 22.94 22.84 22.84 22.89 22.91 22.94 22.95 22.99 23.00 22.98 23.02 23.02 23.04 23.03 22.98 22.99 23.05 23.06 23.11 23.12 23.03 23.12 23.21 23.24 23.16 23.15 23.22 23.26 23.30 23.29 23.31 23.31 23.30 23.39 23.40 23.40 23.40 23.38 23.38 23.39 23.39 23.38 23.38 23.39 23.39 23.39 23.39 23.39 23.39 23.39 23.39 23.39 23.39 23.39 23.35 23.29 23.29 99999.90 99999.90
22.75 22.58 22.81 22.58 22.68 22.69 22.61 22.76 22.60 22.27 22.76 22.50 22.70 22.68 22.88 23.06 23.07 22.95 22.85 22.85 22.89 22.86 22.88 22.93 22.99 23.01 23.01 23.00 23.03 23.04 23.08 23.03 23.01 23.02 23.09 23.06 23.11 23.12 23.05 23.09 23.15 23.18 23.08 23.05 23.23 23.25 23.24 23.22 23.20 23.29 23.33 23.34 23.39 23.37 23.39 23.37 23.37 23.38 23.39 23.39 23.38 23.39 23.39 23.39 23.39 23.39 23.39 23.39 23.39 23.39 23.39 23.39 23.35 23.29 23.29 99999.90 99999.90
22.78 22.73 22.73 22.53 22.66 22.68 22.64 22.72 22.63 22.34 22.51 22.59 22.36 22.68 22.84 22.78 22.95 23.00 22.87 22.87 22.88 22.89 22.89 22.96 23.01 23.00 22.98 22.99 23.02 22.99 23.00 23.00 23.00 23.04 23.03 23.06 23.09 23.12 23.15 22.75 22.82 23.13 23.03 23.15 23.17 23.21 23.21 23.20 23.23 23.19 23.32 23.30 23.35 23.37 23.38 23.36 23.40 23.43 23.44 23.29 23.39 23.39 23.39 23.39 23.39 23.39 23.39 23.39 23.35 23.35 23.35 23.35 23.29 23.29 23.29 99999.90 99999.90
22.75 22.70 22.69 22.77 22.54 22.46 22.55 22.55 22.57 22.53 22.57 22.44 22.17 22.32 22.95 22.94 22.90 22.94 22.99 22.97 22.94 22.92 22.86 22.91 22.99 23.00 23.00 23.01 23.01 22.99 22.99 22.99 22.98 23.03 23.03 23.06 23.07 23.11 23.11 23.07 22.78 23.03 23.09 23.18 23.14 23.05 23.04 23.16 23.21 23.18 23.33 23.29 23.36 23.36 23.35 23.31 23.35 23.37 23.42 23.40 23.34 23.34 23.39 23.39 23.39 23.39 23.35 23.35 23.35 23.35 23.29 23.29 23.29 23.29 23.29 99999.90 99999.90
22.75 22.76 22.55 22.67 22.54 22.51 22.39 22.48 22.58 22.53 22.49 22.31 22.25 22.41 22.76 23.00 23.04 23.08 23.00 23.01 23.04 22.99 22.96 22.88 22.92 22.97 22.98 23.00 23.01 23.01 22.98 22.99 22.97 22.93 22.99 23.03 23.05 23.07 23.08 23.08 22.85 22.88 23.08 23.15 23.14 23.08 23.11 23.05 23.18 23.23 23.30 23.28 23.32 23.22 23.24 23.36 23.35 23.33 23.38 23.39 23.36 23.39 23.39 23.39 23.35 23.35 23.35 23.35 23.35 23.29 23.29 23.29 23.29 23.29 23.29 23.21 99999.90
22.70 22.77 22.69 22.31 22.56 22.35 22.56 22.49 22.58 22.43 22.65 22.52 22.33 22.17 22.76 22.89 22.99 23.05 23.05 23.01 23.00 23.00 23.02 22.95 22.87 22.92 22.92 22.98 22.91 22.96 23.00 22.97 22.97 22.99 22.96 23.00 23.06 23.00 23.04 23.07 22.98 23.04 23.14 23.12 23.13 23.16 23.14 23.16 23.13 23.13 23.17 23.28 23.22 23.02 23.35 23.33 23.34 23.32 23.34 23.38 23.35 23.38 23.38 23.35 23.35 23.35 23.35 23.32 23.29 23.29 23.29 23.29 23.29 23.29 23.29 23.21 99999.90
22.71 22.72 22.65 22.57 22.35 22.41 22.57 22.36 22.45 22.58 22.66 22.59 22.53 22.02 22.60 22.73 22.96 22.94 22.99 23.02 23.03 23.02 23.02 22.94 22.84 22.86 22.92 22.94 22.91 22.91 22.97 22.95 22.96 22.94 22.97 22.98 23.00 22.98 23.01 23.02 22.93 22.83 23.02 23.03 23.11 23.07 22.99 23.19 23.17 23.19 23.20 23.20 23.19 23.37 23.37 23.33 23.34 23.31 23.31 23.34 23.43 23.40 23.35 23.35 23.35 23.32 23.32 23.29 23.29 23.29 23.29 23.29 23.29 23.29 23.29 23.21 99999.90
22.57 22.63 22.64 22.48 22.47 22.33 22.14 22.47 22.38 22.43 22.36 22.24 22.73 22.37 22.19 22.54 22.82 22.92 22.95 22.96 22.96 22.86 22.81 22.83 22.82 22.81 22.86 22.89 22.93 22.93 22.91 22.95 22.97 22.93 22.96 22.93 22.96 22.99 23.00 23.02 22.87 22.87 22.97 23.00 23.06 23.04 23.02 23.14 23.18 23.18 23.18 23.12 23.31 23.36 23.35 23.35 23.35 23.39 23.35 23.30 23.46 23.43 23.37 23.37 23.32 23.32 23.29 23.29 23.29 23.29 23.29 23.29 23.29 23.29 23.29 23.21 99999.90
22.65 22.67 22.57 22.54 22.51 22.48 22.54 22.49 22.47 22.29 22.51 22.25 22.51 22.86 22.38 22.44 22.77 22.70 22.75 22.81 22.84 22.91 22.89 22.90 22.86 22.82 22.85 22.89 22.88 22.90 22.93 22.88 22.90 22.87 22.91 22.90 22.93 22.95 22.97 22.96 22.64 22.70 22.96 22.98 22.99 22.89 22.88 22.94 22.99 22.99 23.02 23.24 23.29 23.32 23.32 23.33 23.34 23.36 23.37 23.36 23.40 23.41 23.34 23.32 23.32 23.29 23.29 23.29 23.29 23.29 23.29 23.29 23.29 23.29 23.29 23.21 99999.90
22.62 22.48 22.61 22.58 22.58 22.55 22.38 22.43 22.19 21.62 22.48 22.41 22.29 22.35 22.51 22.11 22.73 22.83 22.82 22.85 22.92 22.94 22.88 22.82 22.84 22.79 22.77 22.83 22.88 22.90 22.98 22.94 22.84 22.86 22.88 22.87 22.89 22.89 22.92 22.93 22.62 22.60 22.91 22.93 22.77 22.94 22.93 22.64 22.61 22.41 22.99 23.28 23.26 23.30 23.32 23.31 23.31 23.31 23.15 23.13 23.47 23.38 23.32 23.32 23.29 23.29 23.29 23.29 23.29 23.29 23.29 23.29 23.29 23.29 23.29 23.21 99999.90
22.44 22.51 22.68 22.36 22.52 22.55 22.35 22.21 22.03 21.96 22.56 22.66 21.98 22.45 22.24 22.45 22.58 22.88 22.82 22.83 22.86 22.87 22.89 22.80 22.79 22.79 22.77 22.81 22.82 22.82 22.90 22.86 22.88 22.85 22.83 22.88 22.88 22.90 22.91 22.95 22.88 22.62 22.89 22.92 22.94 22.94 22.72 22.73 22.06 21.79 22.87 23.28 23.26 23.28 23.29 23.25 23.29 23.35 23.40 23.39 23.37 23.33 23.31 23.33 23.29 23.29 23.29 23.29 23.29 23.29 23.29 23.29 23.29 23.21 23.21 23.21 99999.90
22.56 22.69 22.62 22.50 22.43 22.50 22.45 22.35 22.40 21.74 22.07 22.40 22.04 22.36 22.48 22.30 22.63 22.70 22.82 22.80 22.85 22.91 22.89 22.79 22.76 22.78 22.79 22.79 22.80 22.81 22.85 22.85 22.93 22.89 22.84 22.84 22.91 22.94 22.94 22.95 22.93 22.56 22.69 22.83 22.99 22.98 22.93 22.68 21.77 22.39 22.62 22.98 23.21 23.27 23.28 23.29 23.34 23.30 23.34 23.37 23.33 23.28 23.28 23.33 23.28 23.28 23.28 23.28 23.28 23.28 23.21 23.21 23.21 23.21 23.21 23.21 99999.90
22.67 22.52 22.44 22.65 22.33 22.40 22.25 22.11 22.33 22.13 22.18 22.71 22.34 22.10 22.07 22.45 22.41 22.63 22.79 22.79 22.79 22.89 22.88 22.84 22.81 22.78 22.83 22.91 22.81 22.84 22.87 22.86 22.89 22.84 22.78 22.76 22.82 22.85 22.94 22.98 22.92 22.91 22.80 22.83 22.91 23.02 22.96 22.72 21.90 22.21 22.63 23.11 23.22 23.25 23.30 23.34 23.33 23.29 23.31 23.30 23.27 23.27 23.28 23.31 23.28 23.28 23.28 23.21 23.21 23.21 23.21 23.21 23.21 23.21 23.21 23.21 99999.90
22.44 22.61 22.65 22.56 22.66 22.46 22.18 22.47 22.37 22.10 22.09 22.23 22.25 21.99 22.00 22.66 22.65 22.39 22.64 22.77 22.78 22.81 22.82 22.83 22.79 22.79 22.84 22.90 22.85 22.80 22.84 22.82 22.82 22.82 22.75 22.76 22.78 22.77 22.89 22.91 22.92 22.94 22.75 22.69 22.91 22.65 22.82 22.58 22.53 22.30 22.83 23.03 23.21 23.21 23.29 23.29 23.32 23.29 23.25 23.24 23.24 23.24 23.24 23.28 23.27 23.27 23.21 23.21 23.21 23.21 23.21 23.21 23.21 23.21 23.21 23.21 99999.90
22.64 22.59 22.55 22.45 22.63 22.35 22.28 22.43 22.30 22.52 22.51 22.54 22.60 22.21 22.09 21.95 22.47 22.40 22.46 22.70 22.80 22.68 22.73 22.85 22.78 22.83 22.80 22.81 22.80 22.80 22.79 22.72 22.64 22.79 22.79 22.82 22.82 22.78 22.88 22.95 22.93 22.92 22.91 22.78 22.87 22.53 22.68 21.92 22.53 22.76 22.96 23.05 23.05 23.18 23.22 23.30 23.32 23.28 23.26 23.26 23.22 23.22 23.24 23.24 23.25 23.21 23.21 23.21 23.21 23.21 23.21 23.21 23.21 23.21 23.21 23.21 99999.90
22.56 22.50 22.49 22.48 22.50 22.52 22.55 22.29 22.39 22.45 22.45 21.89 22.49 22.58 22.40 22.23 22.29 22.56 22.47 22.61 22.67 22.69 22.72 22.77 22.77 22.80 22.76 22.79 22.82 22.81 22.85 22.74 22.72 22.71 22.78 22.90 22.77 22.85 22.89 22.92 22.93 22.95 22.93 22.64 22.85 22.76 22.59 22.10 22.59 22.34 22.88 23.04 22.86 23.01 23.20 23.28 23.29 23.26 23.28 23.25 23.20 23.20 23.23 23.23 23.22 23.21 23.21 23.21 23.21 23.21 23.21 23.21 23.21 23.21 23.21 23.21 99999.90
22.64 22.61 22.47 22.37 22.46 22.44 22.47 22.32 22.42 22.42 22.31 22.22 22.39 22.35 22.39 22.05 21.78 22.33 22.34 22.24 22.55 22.61 22.68 22.64 22.69 22.69 22.80 22.74 22.73 22.77 22.84 22.82 22.84 22.77 22.62 22.85 22.89 22.80 22.87 22.91 22.95 22.91 22.92 22.74 22.74 22.82 22.74 22.21 22.71 22.85 23.09 23.02 23.02 23.09 23.15 23.19 23.22 23.26 23.24 23.28 23.23 23.19 23.19 23.23 23.22 23.22 23.22 23.21 23.21 23.21 23.21 23.21 23.21 23.21 23.21 23.21 99999.90
22.62 22.57 22.55 22.44 22.42 22.51 22.30 22.43 22.15 22.45 22.11 22.25 22.23 22.26 22.05 22.38 21.88 22.22 22.36 22.51 22.62 22.68 22.66 22.60 22.60 22.56 22.71 22.62 22.80 22.79 22.77 22.80 22.82 22.80 22.81 22.60 22.81 22.83 22.82 22.85 22.94 22.89 22.94 22.81 22.89 22.58 22.22 22.41 22.36 22.41 22.98 23.05 23.12 23.13 23.16 23.20 23.18 23.18 23.22 23.21 23.25 23.20 23.17 23.22 23.21 23.21 23.21 23.21 23.21 23.21 23.21 23.21 23.21 23.21 23.21 23.21 22.98
22.56 22.53 22.57 22.53 22.51 22.36 22.24 22.27 22.40 22.33 22.26 22.33 22.09 21.92 22.18 22.14 22.33 22.11 22.34 22.54 22.54 22.65 22.59 22.62 22.54 22.66 22.70 22.68 22.66 22.60 22.80 22.73 22.76 22.79 22.76 22.74 22.68 22.88 22.78 22.90 22.90 22.94 22.91 22.78 22.80 22.53 22.45 22.65 22.73 22.61 22.59 22.95 23.09 23.06 23.13 23.17 23.22 23.19 23.17 23.16 23.20 23.24 23.20 23.19 23.17 23.17 23.17 23.17 23.17 23.17 23.17 23.17 23.17 23.21 23.21 23.21 22.98
22.53 22.54 22.56 22.51 22.47 22.25 22.16 22.27 22.55 22.55 22.12 22.29 22.33 22.34 22.45 22.46 22.41 21.81 22.43 22.21 22.59 22.64 22.55 22.66 22.58 22.63 22.68 22.49 22.68 22.63 22.76 22.68 22.64 22.71 22.75 22.82 22.42 22.71 22.76 22.87 22.85 22.80 22.78 22.71 22.81 22.49 22.41 22.41 22.83 22.41 22.39 22.84 23.11 23.11 23.13 23.16 23.19 23.20 23.16 23.16 23.17 23.20 23.19 23.13 23.14 23.14 23.14 23.14 23.14 23.14 23.14 23.14 23.14 23.14 23.14 22.98 22.98
22.54 22.53 22.57 22.59 22.54 22.48 22.09 22.42 22.03 22.38 22.37 22.24 22.29 22.28 22.11 22.04 22.37 21.94 22.49 22.45 22.58 22.54 22.61 22.69 22.67 22.61 22.61 22.61 22.72 22.49 22.55 22.50 22.31 22.57 22.79 22.84 22.84 22.83 22.75 22.74 22.76 22.84 22.72 22.76 22.83 22.46 22.38 22.45 22.96 22.40 22.10 22.94 23.06 23.02 23.02 23.14 23.16 23.18 23.15 23.13 23.15 23.17 23.18 23.14 23.13 23.13 23.13 23.13 23.13 23.13 23.13 23.13 23.13 22.98 22.98 22.98 22.98
22.50 22.54 22.60 22.60 22.61 22.60 22.52 22.38 22.33 22.35 22.07 21.86 21.96 22.02 22.42 22.34 22.42 22.58 22.48 22.52 22.07 22.33 22.53 22.73 22.69 22.74 22.61 22.63 22.48 22.44 22.31 22.35 22.41 22.59 22.80 22.75 22.83 22.84 22.85 22.81 22.69 22.79 22.69 22.72 22.72 22.60 22.23 22.40 22.38 22.45 22.66 23.02 22.67 23.04 22.83 23.08 23.14 23.15 23.16 23.09 23.09 23.10 23.09 23.08 23.13 23.13 23.13 23.13 23.13 23.13 23.13 22.98 22.98 22.98 22.98 22.98 22.98
22.50 22.52 22.52 22.54 22.56 22.46 22.46 22.40 22.15 22.21 21.68 21.97 22.29 22.20 22.32 22.31 22.33 22.66 22.57 22.58 22.54 22.52 22.61 22.65 22.69 22.64 22.61 22.65 22.53 22.60 22.54 22.28 22.06 22.47 22.69 22.84 22.63 22.83 22.82 22.67 22.47 22.54 22.51 22.58 22.75 22.62 22.19 22.16 22.61 22.53 22.69 22.94 22.91 23.04 23.07 22.96 23.11 23.09 23.11 23.04 23.08 23.08 23.05 23.03 23.03 23.03 23.13 23.13 23.13 22.98 22.98 22.98 22.98 22.98 22.98 22.98 22.98
22.47 22.51 22.54 22.50 22.47 22.51 22.25 22.15 21.92 22.28 22.12 21.90 21.99 22.12 22.31 22.45 22.50 22.56 22.52 22.68 22.49 22.52 22.37 22.43 22.51 22.52 22.55 22.61 22.71 22.64 22.56 22.26 22.31 22.54 22.58 22.60 22.80 22.78 22.81 22.83 22.72 22.64 22.51 22.43 22.60 22.53 22.36 22.14 22.46 22.66 22.71 22.63 23.00 23.02 23.07 22.97 23.09 23.09 23.07 23.06 23.06 23.00 22.97 23.02 23.02 23.02 23.02 23.02 22.98 22.98 22.98 22.98 22.98 22.98 22.98 22.98 22.98
22.48 22.46 22.58 22.53 22.47 22.46 22.30 22.25 21.99 22.37 22.19 22.27 22.03 22.03 22.07 22.32 22.54 22.63 22.69 22.45 22.49 22.47 22.53 22.31 22.45 22.61 22.60 22.61 22.65 22.71 22.67 22.60 22.30 22.25 22.25 22.48 22.73 22.71 22.75 22.68 22.38 22.59 22.37 22.26 22.65 22.19 22.01 22.63 22.25 22.43 22.62 22.79 22.98 22.94 22.97 23.03 23.07 23.06 23.07 23.05 23.05 23.01 22.98 23.02 23.02 23.02 22.98 22.98 22.98 22.98 22.98 22.98 22.98 22.98 22.98 22.98 22.98
22.55 22.49 22.52 22.44 22.43 22.32 22.07 22.18 21.81 22.29 22.18 22.23 22.05 22.16 22.38 22.39 22.63 22.39 22.61 22.56 22.53 22.53 22.53 22.52 22.59 22.63 22.45 22.64 22.64 22.69 22.60 22.71 22.54 22.39 22.55 22.31 22.53 22.73 22.74 22.64 22.53 21.98 22.17 22.23 22.72 22.54 22.52 22.54 22.27 22.78 22.83 22.91 22.93 22.70 22.50 22.58 23.08 23.06 23.03 23.04 23.03 23.02 22.97 22.97 22.97 22.98 22.98 22.98 22.98 22.98 22.98 22.98 22.98 22.98 22.98 22.94 22.94
22.58 22.50 22.48 22.43 22.35 22.32 22.05 22.31 21.86 22.17 21.86 22.20 22.07 21.65 22.37 22.18 22.43 22.54 22.59 22.53 22.58 22.53 22.52 22.59 22.49 22.54 22.61 22.62 22.68 22.64 22.69 22.72 22.63 22.61 22.65 22.51 22.48 22.71 22.67 22.61 22.48 22.22 21.93 21.98 22.36 22.51 22.66 22.66 22.61 22.69 22.85 22.73 22.94 22.95 22.91 22.29 22.18 23.03 23.01 23.03 23.03 23.02 22.94 22.94 22.97 22.98 22.98 22.98 22.98 22.98 22.98 22.98 22.98 22.94 22.94 22.94 22.94
22.56 22.52 22.47 22.48 22.46 22.34 22.24 22.33 22.19 22.46 21.94 21.95 22.05 22.17 22.50 22.08 22.33 22.62 22.62 22.63 22.61 22.59 22.64 22.63 22.59 22.60 22.57 22.60 22.62 22.61 22.72 22.70 22.66 22.68 22.48 22.61 22.20 22.63 22.64 22.44 22.20 22.36 22.00 21.99 22.34 22.51 22.73 22.52 22.26 22.64 22.90 22.43 22.44 22.93 22.88 22.88 22.68 22.86 22.99 22.99 23.01 23.03 22.99 22.97 22.97 22.98 22.98 22.98 22.98 22.98 22.98 22.94 22.94 22.94 22.94 22.94 22.94
22.59 22.54 22.50 22.52 22.50 22.52 22.49 22.59 22.44 22.18 22.06 22.15 22.28 22.23 22.40 22.10 22.40 22.70 22.67 22.62 22.63 22.55 22.66 22.63 22.60 22.58 22.52 22.55 22.61 22.60 22.63 22.69 22.66 22.56 22.56 22.57 22.41 22.07 22.39 21.70 22.49 21.85 22.06 21.84 22.05 22.59 22.74 22.55 22.16 21.77 21.87 22.24 22.59 22.44 22.71 22.84 22.89 22.88 22.90 22.95 22.94 22.95 22.95 22.97 22.94 22.94 22.98 22.97 23.00 23.00 22.94 22.94 22.94 22.94 22.94 22.94 22.94
22.55 22.53 22.50 22.48 22.50 22.52 22.57 22.58 22.38 22.46 22.49 22.03 22.01 21.92 22.41 22.32 22.35 22.60 22.57 22.62 22.61 22.61 22.61 22.63 22.61 22.52 22.46 22.50 22.61 22.59 22.64 22.63 22.66 22.58 22.53 22.45 22.53 22.48 22.33 22.12 21.98 22.47 22.24 22.13 22.03 22.44 22.61 22.66 22.57 22.42 22.00 22.21 22.41 22.31 22.53 22.76 22.86 22.87 22.86 22.85 22.92 22.65 22.74 22.91 22.96 22.95 22.87 22.97 22.98 22.94 22.94 22.94 22.94 22.94 22.94 22.94 22.94
22.53 22.50 22.51 22.46 22.48 22.51 22.54 22.50 22.26 22.27 22.24 22.21 22.06 21.55 22.26 22.23 22.11 22.59 22.42 22.35 22.49 22.58 22.62 22.61 22.63 22.50 22.44 22.49 22.58 22.61 22.64 22.61 22.54 22.57 22.57 22.42 22.48 22.53 22.39 22.14 22.16 22.06 22.21 21.95 22.05 22.30 22.65 22.62 22.47 22.49 21.94 22.21 22.58 22.55 22.62 22.71 22.78 22.79 22.84 22.79 22.78 22.79 22.77 22.87 22.90 22.94 22.93 22.93 22.94 22.97 22.97 22.97 22.97 22.97 22.97 22.97 22.97
22.55 22.53 22.50 22.43 22.52 22.48 22.51 22.41 22.23 22.13 22.47 22.02 22.07 21.72 22.34 22.33 22.18 22.32 22.50 22.42 22.46 22.55 22.56 22.51 22.51 22.51 22.41 22.45 22.59 22.58 22.58 22.60 22.65 22.57 22.57 22.59 22.44 22.57 22.48 21.95 21.97 22.33 21.88 21.43 21.78 22.19 22.63 22.50 22.48 22.06 21.74 22.00 22.44 22.64 22.62 22.68 22.71 22.78 22.83 22.85 22.81 22.75 22.72 22.79 22.84 22.92 22.94 22.94 22.94 22.97 22.97 22.97 22.97 22.97 22.97 22.97 22.97
