main/data/irradiance/01.09.2023.grid
ncols 839
nrows 679
xllcenter 112.0500
yllcenter -43.9500
cellsize 0.0500
nodata_value 99999.90
[rows 306 to 339 of 679, columns 693 to 769 of 839]
20.52 20.47 20.53 20.53 20.49 20.46 20.42 20.38 20.49 20.54 20.51 20.48 20.49 20.49 20.49 20.49 20.49 20.48 20.50 20.51 20.50 20.50 20.51 20.50 20.51 20.49 20.48 20.45 20.47 20.52 20.50 20.51 20.51 20.54 20.55 20.55 20.58 20.57 20.58 20.58 20.60 20.61 20.74 20.71 20.71 20.61 20.57 20.60 20.61 20.60 20.58 20.58 20.56 20.56 20.54 20.57 20.57 20.60 20.59 20.60 20.56 20.56 20.58 20.55 20.57 20.54 20.52 20.51 20.53 20.54 20.54 20.57 20.56 20.55 20.54 20.53 20.54
20.51 20.55 20.55 20.57 20.53 20.46 20.46 20.46 20.52 20.53 20.48 20.46 20.46 20.49 20.49 20.47 20.47 20.48 20.50 20.47 20.48 20.51 20.50 20.50 20.51 20.47 20.46 20.43 20.46 20.47 20.50 20.48 20.48 20.49 20.59 20.61 20.58 20.54 20.54 20.57 20.64 20.60 20.65 20.65 20.70 20.62 20.57 20.59 20.58 20.57 20.59 20.55 20.55 20.53 20.54 20.54 20.55 20.55 20.53 20.53 20.49 20.55 20.56 20.55 20.52 20.51 20.49 20.44 20.44 20.54 20.54 20.51 20.52 20.47 20.51 20.51 20.53
20.48 20.56 20.59 20.52 20.53 20.50 20.47 20.45 20.49 20.54 20.42 20.43 20.55 20.53 20.49 20.46 20.46 20.44 20.45 20.46 20.45 20.47 20.47 20.47 20.47 20.48 20.46 20.48 20.48 20.43 20.48 20.48 20.57 20.53 20.55 20.58 20.57 20.54 20.57 20.64 20.64 20.51 20.59 20.66 20.69 20.61 20.55 20.55 20.58 20.55 20.57 20.55 20.53 20.50 20.55 20.54 20.52 20.48 20.52 20.50 20.47 20.50 20.53 20.59 20.53 20.54 20.55 20.45 20.49 20.50 20.52 20.53 20.49 20.46 20.50 20.50 20.50
20.55 20.58 20.47 20.55 20.57 20.52 20.43 20.42 20.43 20.46 20.43 20.41 20.48 20.48 20.47 20.45 20.42 20.44 20.43 20.45 20.45 20.45 20.46 20.45 20.46 20.46 20.45 20.49 20.44 20.41 20.45 20.45 20.60 20.52 20.49 20.48 20.49 20.52 20.53 20.53 20.55 20.51 20.53 20.54 20.55 20.56 20.53 20.50 20.52 20.54 20.55 20.51 20.51 20.49 20.52 20.51 20.52 20.53 20.52 20.44 20.46 20.42 20.47 20.48 20.51 20.54 20.52 20.48 20.54 20.51 20.51 20.52 20.49 20.48 20.49 20.49 20.50
20.53 20.49 20.43 20.50 20.51 20.43 20.43 20.44 20.39 20.41 20.44 20.40 20.41 20.42 20.44 20.40 20.42 20.41 20.43 20.39 20.46 20.44 20.42 20.43 20.43 20.44 20.41 20.45 20.41 20.45 20.45 20.44 20.60 20.59 20.51 20.48 20.46 20.47 20.50 20.49 20.50 20.58 20.55 20.54 20.52 20.51 20.48 20.49 20.52 20.50 20.49 20.46 20.51 20.48 20.51 20.52 20.54 20.49 20.51 20.49 20.51 20.45 20.49 20.46 20.41 20.47 20.51 20.45 20.52 20.59 20.60 20.51 20.50 20.48 20.48 20.46 20.49
20.42 20.39 20.40 20.40 20.38 20.38 20.36 20.39 20.36 20.40 20.44 20.39 20.41 20.42 20.41 20.40 20.41 20.39 20.40 20.41 20.42 20.42 20.41 20.41 20.40 20.41 20.39 20.41 20.44 20.42 20.43 20.51 20.59 20.63 20.56 20.46 20.45 20.45 20.45 20.48 20.48 20.55 20.56 20.52 20.51 20.49 20.48 20.48 20.50 20.49 20.49 20.49 20.53 20.45 20.43 20.44 20.51 20.50 20.47 20.47 20.45 20.42 20.30 20.38 20.44 20.52 20.53 20.48 20.52 20.53 20.55 20.51 20.52 20.50 20.46 20.46 20.47
20.31 20.35 20.38 20.42 20.37 20.39 20.35 20.32 20.36 20.40 20.41 20.35 20.40 20.43 20.42 20.39 20.41 20.39 20.38 20.40 20.39 20.36 20.37 20.38 20.35 20.35 20.38 20.39 20.40 20.47 20.48 20.54 20.53 20.51 20.47 20.46 20.45 20.42 20.44 20.48 20.46 20.52 20.49 20.54 20.52 20.47 20.47 20.49 20.47 20.53 20.51 20.49 20.46 20.45 20.47 20.40 20.47 20.50 20.41 20.44 20.41 20.42 20.45 20.47 20.48 20.47 20.48 20.43 20.51 20.48 20.47 20.48 20.57 20.50 20.48 20.48 20.47
20.35 20.37 20.39 20.38 20.39 20.38 20.38 20.39 20.36 20.35 20.38 20.35 20.39 20.36 20.40 20.38 20.39 20.40 20.36 20.35 20.34 20.36 20.39 20.37 20.35 20.33 20.37 20.39 20.44 20.45 20.46 20.49 20.50 20.45 20.46 20.44 20.44 20.42 20.43 20.51 20.52 20.54 20.50 20.50 20.48 20.47 20.46 20.46 20.46 20.44 20.44 20.44 20.39 20.37 20.39 20.40 20.38 20.46 20.47 20.45 20.47 20.46 20.44 20.43 20.47 20.45 20.48 20.42 20.44 20.43 20.44 20.45 20.47 20.44 20.42 20.44 20.41
20.35 20.35 20.37 20.40 20.38 20.34 20.36 20.33 20.36 20.36 20.36 20.62 20.37 20.33 20.35 20.37 20.35 20.35 20.35 20.33 20.33 20.33 20.40 20.33 20.31 20.34 20.33 20.37 20.46 20.43 20.41 20.46 20.41 20.48 20.45 20.49 20.45 20.45 20.48 20.48 20.46 20.47 20.46 20.45 20.49 20.46 20.45 20.50 20.48 20.45 20.45 20.48 20.38 20.41 20.36 20.42 20.42 20.40 20.44 20.41 20.40 20.39 20.40 20.38 20.43 20.46 20.45 20.39 20.44 20.42 20.43 20.39 20.43 20.39 20.38 20.42 20.42
20.31 20.37 20.36 20.37 20.36 20.32 20.31 20.33 20.33 20.35 20.34 20.58 20.32 20.29 20.32 20.35 20.33 20.34 20.35 20.32 20.31 20.29 20.32 20.34 20.33 20.32 20.34 20.36 20.44 20.44 20.45 20.45 20.41 20.43 20.43 20.45 20.46 20.49 20.48 20.43 20.44 20.46 20.42 20.44 20.47 20.42 20.39 20.40 20.39 20.37 20.37 20.39 20.36 20.40 20.34 20.31 20.22 20.26 20.33 20.35 20.35 20.42 20.38 20.36 20.34 20.47 20.48 20.41 20.44 20.43 20.44 20.42 20.36 20.35 20.36 20.42 20.42
20.35 20.35 20.34 20.32 20.31 20.28 20.26 20.30 20.31 20.32 20.32 20.34 20.26 20.28 20.31 20.28 20.33 20.36 20.33 20.33 20.33 20.32 20.30 20.31 20.28 20.33 20.33 20.36 20.37 20.37 20.44 20.47 20.42 20.48 20.46 20.47 20.45 20.48 20.45 20.45 20.46 20.43 20.39 20.46 20.46 20.41 20.41 20.36 20.36 20.36 20.38 20.37 20.39 20.42 20.38 20.37 20.43 20.33 20.31 20.32 20.37 20.36 20.37 20.41 20.36 20.40 20.40 20.41 20.43 20.51 20.44 20.43 20.38 20.39 20.41 20.41 20.37
20.35 20.37 20.37 20.30 20.27 20.26 20.26 20.28 20.28 20.28 20.32 20.32 20.24 20.23 20.27 20.29 20.27 20.26 20.26 20.31 20.32 20.30 20.31 20.27 20.27 20.34 20.33 20.37 20.35 20.33 20.42 20.43 20.41 20.40 20.42 20.39 20.42 20.41 20.38 20.39 20.38 20.40 20.38 20.40 20.41 20.39 20.37 20.37 20.36 20.37 20.38 20.36 20.30 20.31 20.28 20.21 20.24 20.27 20.26 20.34 20.37 20.34 20.34 20.30 20.36 20.39 20.37 20.38 20.36 20.39 20.41 20.41 20.41 20.38 20.40 20.37 20.36
20.26 20.31 20.32 20.32 20.30 20.26 20.23 20.29 20.27 20.28 20.30 20.30 20.29 20.29 20.31 20.28 20.31 20.27 20.28 20.27 20.29 20.32 20.31 20.31 20.31 20.34 20.31 20.31 20.34 20.34 20.34 20.40 20.39 20.41 20.46 20.43 20.39 20.41 20.37 20.34 20.33 20.36 20.31 20.33 20.36 20.36 20.36 20.34 20.36 20.39 20.41 20.34 20.30 20.29 20.29 20.25 20.33 20.11 20.15 20.31 20.34 20.31 20.33 20.31 20.32 20.35 20.35 20.42 20.39 20.38 20.39 20.40 20.38 20.38 20.33 20.33 20.34
20.25 20.27 20.29 20.28 20.22 20.22 20.22 20.25 20.23 20.22 20.30 20.28 20.20 20.24 20.26 20.30 20.29 20.27 20.25 20.24 20.27 20.30 20.31 20.26 20.25 20.33 20.33 20.28 20.30 20.33 20.36 20.40 20.39 20.38 20.42 20.40 20.40 20.39 20.35 20.34 20.32 20.32 20.31 20.34 20.34 20.34 20.32 20.36 20.39 20.36 20.33 20.37 20.33 20.21 20.23 20.24 20.30 20.24 20.22 20.26 20.33 20.34 20.30 20.32 20.32 20.36 20.31 20.29 20.31 20.38 20.36 20.38 20.36 20.35 20.35 20.33 20.35
20.26 20.26 20.26 20.25 20.22 20.21 20.22 20.20 20.24 20.22 20.27 20.26 20.24 20.22 20.26 20.31 20.29 20.27 20.25 20.29 20.28 20.25 20.26 20.27 20.25 20.25 20.28 20.28 20.27 20.31 20.36 20.40 20.40 20.38 20.42 20.44 20.40 20.37 20.31 20.29 20.23 20.28 20.33 20.34 20.34 20.32 20.31 20.38 20.40 20.27 20.26 20.38 20.38 20.30 20.32 20.30 20.31 20.29 20.26 20.28 20.33 20.34 20.33 20.33 20.30 20.27 20.31 20.28 20.24 20.28 20.29 20.34 20.33 20.34 20.32 20.33 20.36
20.27 20.23 20.20 20.22 20.25 20.23 20.20 20.21 20.25 20.24 20.26 20.24 20.23 20.22 20.24 20.31 20.25 20.25 20.21 20.25 20.24 20.22 20.22 20.23 20.23 20.21 20.25 20.29 20.30 20.32 20.33 20.35 20.35 20.33 20.38 20.36 20.30 20.26 20.24 20.21 20.19 20.23 20.26 20.29 20.28 20.32 20.29 20.30 20.27 20.25 20.31 20.38 20.31 20.33 20.35 20.37 20.30 20.27 20.20 20.20 20.30 20.29 20.28 20.26 20.28 20.30 20.27 20.26 20.32 20.32 20.29 20.31 20.30 20.32 20.31 20.28 20.28
20.24 20.18 20.18 20.20 20.23 20.21 20.20 20.20 20.21 20.23 20.23 20.24 20.23 20.22 20.24 20.24 20.22 20.24 20.22 20.21 20.25 20.22 20.20 20.23 20.26 20.26 20.26 20.28 20.27 20.31 20.30 20.29 20.32 20.29 20.28 20.29 20.26 20.24 20.23 20.23 20.19 20.23 20.25 20.19 20.27 20.28 20.30 20.30 20.24 20.20 20.21 20.23 20.24 20.32 20.33 20.25 20.25 20.26 20.21 20.22 20.20 20.21 20.22 20.24 20.29 20.30 20.28 20.30 20.30 20.29 20.32 20.34 20.31 20.26 20.20 20.17 20.22
20.21 20.18 20.19 20.19 20.18 20.19 20.16 20.21 20.18 20.19 20.21 20.19 20.21 20.22 20.25 20.24 20.21 20.21 20.24 20.20 20.24 20.22 20.20 20.21 20.22 20.26 20.24 20.25 20.26 20.25 20.26 20.26 20.29 20.25 20.24 20.25 20.26 20.24 20.26 20.24 20.27 20.31 20.20 20.22 20.28 20.29 20.26 20.25 20.21 20.24 20.24 20.20 20.19 20.22 20.22 20.21 20.21 20.23 20.25 20.21 20.14 20.17 20.22 20.18 20.28 20.32 20.30 20.26 20.32 20.26 20.32 20.29 20.25 20.13 20.20 20.26 20.30
20.19 20.14 20.16 20.17 20.18 20.16 20.15 20.18 20.16 20.16 20.13 20.10 20.13 20.19 20.22 20.21 20.17 20.17 20.21 20.19 20.16 20.19 20.16 20.21 20.21 20.20 20.23 20.20 20.24 20.21 20.22 20.24 20.23 20.29 20.25 20.24 20.26 20.28 20.23 20.25 20.23 20.23 20.19 20.22 20.22 20.29 20.24 20.21 20.19 20.21 20.24 20.21 20.17 20.20 20.21 20.24 20.26 20.20 20.25 20.31 20.23 20.26 20.25 20.22 20.27 20.30 20.34 20.26 20.23 20.24 20.27 20.25 20.26 20.28 20.29 20.29 20.30
20.15 20.12 20.15 20.16 20.18 20.14 20.16 20.14 20.17 20.16 20.12 20.10 20.10 20.15 20.18 20.14 20.10 20.16 20.16 20.15 20.16 20.17 20.16 20.17 20.20 20.20 20.22 20.19 20.22 20.24 20.24 20.22 20.20 20.20 20.19 20.26 20.23 20.26 20.25 20.22 20.23 20.16 20.16 20.22 20.16 20.23 20.22 20.16 20.22 20.21 20.22 20.22 20.21 20.17 20.06 20.14 20.19 20.19 20.22 20.23 20.20 20.23 20.19 20.24 20.25 20.23 20.25 20.23 20.20 20.21 20.21 20.23 20.24 20.25 20.25 20.26 20.28
20.11 20.12 20.10 20.09 20.13 20.15 20.13 20.15 20.16 20.20 20.15 20.10 20.14 20.11 20.13 20.12 20.10 20.09 20.12 20.13 20.14 20.14 20.16 20.14 20.14 20.16 20.17 20.17 20.22 20.23 20.16 20.15 20.17 20.17 20.17 20.22 20.24 20.15 20.22 20.23 20.19 20.18 20.20 20.09 20.08 20.11 20.11 20.19 20.17 20.19 20.16 20.14 20.14 20.15 20.18 20.22 20.20 20.23 20.22 20.19 20.17 20.14 20.15 20.19 20.20 20.20 20.21 20.16 20.20 20.20 20.19 20.20 20.21 20.22 20.23 20.23 20.27
20.11 20.13 20.12 20.09 20.10 20.10 20.14 20.14 20.13 20.11 20.11 20.13 20.11 20.09 20.12 20.12 20.13 20.11 20.12 20.11 20.06 20.14 20.12 20.12 20.13 20.13 20.17 20.18 20.20 20.19 20.20 20.20 20.22 20.24 20.17 20.13 20.10 20.13 20.14 20.12 20.04 20.16 20.20 20.09 20.09 20.06 20.08 20.13 20.18 20.18 20.12 20.11 20.12 20.17 20.19 20.22 20.20 20.16 20.14 20.18 20.15 20.17 20.16 20.12 20.17 20.19 20.20 20.20 20.18 20.18 20.18 20.19 20.19 20.21 20.19 20.22 20.24
20.07 20.08 20.06 20.06 20.07 20.07 20.06 20.05 20.06 20.04 20.07 20.08 20.08 20.06 20.09 20.09 20.05 20.05 20.06 20.05 20.05 20.09 20.07 20.10 20.10 20.11 20.12 20.13 20.18 20.16 20.21 20.21 20.24 20.21 20.15 20.16 20.10 20.09 20.09 20.09 20.14 20.14 20.10 20.05 20.02 20.04 20.06 20.13 20.12 20.04 20.01 20.13 20.15 20.16 20.17 20.18 20.14 20.06 20.11 20.14 20.17 20.14 20.18 20.17 20.17 20.17 20.17 20.15 20.13 20.14 20.18 20.25 20.19 20.19 20.19 20.20 20.21
20.07 20.07 20.04 20.08 20.07 20.05 20.07 20.09 20.06 20.05 20.04 20.04 20.04 20.06 20.10 20.07 20.07 20.10 20.10 20.08 20.05 20.11 20.10 20.06 20.06 20.10 20.07 20.07 20.15 20.16 20.16 20.17 20.19 20.22 20.16 20.11 20.14 20.10 20.09 20.13 20.17 20.18 20.05 20.00 20.01 19.96 20.10 20.12 20.02 19.98 20.01 20.06 20.04 20.10 20.04 20.20 20.15 20.13 20.12 20.07 20.13 20.10 20.09 20.07 20.11 20.08 20.18 20.16 20.12 20.15 20.16 20.19 20.17 20.18 20.19 20.18 20.19
20.05 20.03 20.02 20.02 20.06 20.04 20.04 20.03 20.04 20.03 20.04 20.00 20.02 20.02 20.06 20.05 20.04 20.07 20.07 20.03 20.09 20.08 20.08 20.04 20.05 20.05 20.02 20.06 20.06 20.12 20.12 20.14 20.19 20.20 20.13 20.21 20.18 20.23 20.15 20.12 20.09 20.11 19.99 19.97 19.96 20.03 20.02 19.99 19.98 19.97 19.98 20.05 20.02 20.06 20.05 20.11 20.20 20.15 20.13 20.13 20.10 20.11 20.07 20.13 20.13 20.04 20.10 20.16 20.14 20.14 20.18 20.17 20.19 20.16 20.17 20.17 20.18
20.01 20.00 20.01 20.00 20.00 20.02 20.05 19.97 20.02 20.03 20.05 20.01 20.01 20.08 20.08 20.04 20.04 20.04 20.04 20.03 20.05 20.02 20.03 20.02 20.01 20.04 20.03 20.05 20.05 20.06 20.08 20.09 20.10 20.12 20.13 20.13 20.20 20.10 20.09 20.17 20.07 20.04 20.03 20.01 20.04 20.02 20.01 19.98 19.98 19.95 19.92 19.91 20.00 20.00 20.04 20.13 20.14 20.12 20.11 20.11 19.98 20.07 20.11 20.14 20.11 20.09 20.05 20.10 20.12 20.11 20.18 20.17 20.15 20.13 20.16 20.14 20.14
20.04 20.02 20.02 20.02 20.01 20.04 20.05 19.98 20.00 20.04 20.04 20.05 20.05 20.08 20.06 20.00 20.04 20.04 20.03 20.05 20.02 19.97 19.99 20.01 20.00 20.05 20.00 20.02 20.03 20.02 20.06 20.08 20.08 20.15 20.13 20.10 20.12 20.25 20.15 20.21 20.12 20.08 20.04 20.08 20.07 20.02 19.94 19.96 19.84 19.87 19.85 19.89 19.96 20.08 20.01 20.13 20.11 20.04 19.98 20.04 19.88 20.12 19.97 19.82 20.17 20.10 19.97 20.06 20.11 20.12 20.11 20.11 20.12 20.16 20.11 20.12 20.09
19.99 19.97 20.02 19.97 20.00 20.01 19.97 19.95 19.93 19.98 19.98 20.01 20.03 20.05 20.00 20.01 19.97 20.01 20.01 20.01 20.00 20.01 19.99 20.00 19.98 20.00 20.00 20.01 19.98 20.00 20.04 20.03 20.04 20.07 20.09 20.10 20.08 20.10 20.26 20.27 20.14 20.13 20.05 20.02 20.00 20.01 19.94 19.98 19.72 19.81 19.85 19.64 19.92 20.04 20.04 20.04 20.09 20.07 20.01 19.93 19.69 19.75 19.69 19.96 19.94 20.10 19.96 20.13 20.14 20.11 20.05 20.10 20.09 20.12 20.15 20.19 20.14
19.97 19.96 19.98 19.98 19.99 20.04 20.03 20.01 19.98 19.96 19.99 19.96 19.97 19.96 19.97 20.00 19.99 19.98 20.02 19.97 20.01 19.98 19.99 19.98 19.95 19.98 20.00 19.98 19.96 20.03 20.02 20.06 20.07 20.09 20.04 20.07 20.09 20.11 20.19 20.33 20.22 20.05 20.06 20.03 19.97 19.98 19.99 20.09 19.76 19.81 19.74 19.69 19.92 20.03 20.02 19.91 20.06 20.07 19.99 19.90 19.95 19.95 20.01 19.99 20.03 20.07 20.02 19.96 20.04 20.07 20.04 20.04 20.02 20.07 20.13 20.08 20.07
19.95 19.96 19.95 19.98 20.00 19.99 19.95 19.96 19.97 19.97 19.96 19.95 19.94 19.92 19.96 19.96 19.97 19.98 19.97 19.96 19.92 19.95 19.97 19.96 19.98 19.94 19.98 19.98 19.97 19.99 19.98 20.00 20.01 20.01 20.00 20.01 20.08 20.09 20.07 20.04 20.09 20.01 20.02 19.89 19.94 19.92 19.87 19.81 19.95 19.81 19.79 19.90 19.88 19.91 19.86 19.94 20.01 20.02 20.01 20.01 19.98 19.98 20.01 20.02 20.05 19.97 19.98 20.01 19.99 20.04 20.04 20.05 20.01 19.78 19.83 20.08 20.05
19.94 19.95 19.93 19.94 19.96 19.94 19.91 19.95 19.98 19.93 19.95 19.96 19.94 19.93 20.00 20.00 19.98 19.96 19.93 19.96 19.94 19.94 19.98 19.96 19.95 19.95 19.97 19.96 19.96 19.94 19.98 20.02 20.00 19.99 19.99 19.99 20.01 20.04 19.99 19.96 19.96 19.94 19.97 19.94 19.94 19.91 19.97 20.03 19.92 19.95 19.89 19.87 19.93 19.76 19.85 20.00 20.00 19.85 19.85 20.03 19.84 19.88 19.89 19.85 19.90 19.67 19.86 19.87 19.90 19.99 20.05 20.12 20.07 19.72 19.98 20.02 20.11
19.95 19.93 19.93 19.94 19.94 19.93 19.89 19.91 19.91 19.92 19.91 19.92 19.92 19.95 19.96 20.01 20.04 20.03 19.92 19.93 19.94 19.89 19.92 19.91 19.91 19.93 19.97 19.91 19.95 19.97 19.97 19.99 19.99 19.95 19.94 19.96 19.94 19.97 19.94 19.93 19.92 19.94 19.89 19.91 19.90 19.87 19.93 19.92 19.77 19.92 19.90 19.82 19.92 19.85 19.87 19.96 19.93 19.77 19.82 19.84 19.97 19.97 19.90 19.77 19.75 19.87 19.91 19.88 19.90 19.97 20.01 20.06 20.07 20.03 20.01 20.04 20.08
19.91 19.93 19.93 19.92 19.94 19.93 19.92 19.90 19.89 19.91 19.93 19.90 19.90 19.93 19.95 19.96 19.96 19.98 19.91 19.93 19.93 19.90 19.89 19.91 19.92 19.94 19.92 19.91 19.98 19.96 19.96 19.97 20.01 19.96 19.93 19.93 19.95 19.93 19.99 19.94 19.94 19.95 19.90 19.87 19.90 19.90 19.77 19.88 19.95 19.85 19.76 19.77 19.82 19.85 19.79 19.92 19.92 19.88 19.80 19.97 19.97 19.99 19.86 19.64 19.60 19.87 19.91 20.01 19.60 19.96 20.02 20.06 20.05 20.02 20.00 20.06 20.11
19.91 19.92 19.90 19.90 19.91 19.92 19.92 19.87 19.85 19.87 19.89 19.89 19.86 19.88 19.89 19.91 19.92 19.91 19.90 19.89 19.89 19.88 19.91 19.93 19.90 19.92 19.93 19.90 19.95 19.95 19.94 19.93 19.93 19.92 19.94 19.97 19.94 19.94 19.94 19.92 19.97 19.93 19.90 19.88 19.95 19.89 19.89 19.83 19.86 19.83 19.87 19.79 19.76 19.81 19.83 19.83 19.74 19.78 19.86 19.84 19.93 19.91 19.80 19.84 19.88 19.85 19.94 20.00 19.94 19.97 19.91 20.04 20.03 20.01 20.03 20.05 20.07
