main/data/irradiance/02.02.2023.grid
ncols 839
nrows 679
xllcenter 112.0500
yllcenter -43.9500
cellsize 0.0500
nodata_value 99999.90
[rows 272 to 305 of 679, columns 77 to 153 of 839]
25.75 25.10 23.90 23.69 25.21 24.26 23.19 20.88 20.85 21.00 22.09 23.09 22.67 22.90 22.76 23.93 24.57 24.33 24.44 25.68 27.43 27.32 27.30 27.51 27.48 27.95 28.97 28.47 28.47 28.44 28.54 28.94 28.21 28.37 27.85 28.35 27.43 27.43 25.94 23.40 25.48 24.58 26.19 23.37 23.48 24.73 23.21 24.96 24.79 26.13 24.62 23.55 24.65 24.39 24.78 25.02 25.05 25.55 26.59 25.63 26.32 25.24 25.26 25.21 24.35 22.85 24.55 24.61 24.71 25.87 25.69 25.68 24.74 23.84 22.31 24.05 24.32
24.45 22.85 20.92 21.43 21.49 21.82 23.02 23.44 23.49 22.20 21.92 23.56 23.28 24.28 24.62 24.99 26.14 25.51 24.74 25.68 26.36 27.94 27.67 28.01 27.87 28.68 29.08 29.13 28.09 27.75 27.88 28.36 27.63 27.30 28.00 29.27 28.16 27.23 26.63 24.33 24.26 24.95 25.97 24.43 24.60 25.06 25.02 24.58 24.11 25.27 24.27 24.02 23.50 23.92 24.86 23.52 24.83 25.89 25.57 24.76 25.09 23.10 24.23 23.85 23.94 22.61 22.95 25.37 25.09 26.31 26.47 24.56 24.65 24.80 24.75 24.94 25.52
22.09 22.34 21.61 22.29 21.83 22.32 22.87 24.12 23.53 22.60 22.77 23.74 24.34 25.60 25.67 25.69 25.64 25.44 24.90 25.11 25.23 27.01 28.02 27.90 27.73 28.33 28.37 28.18 27.72 27.63 27.56 27.70 28.53 27.71 28.34 28.11 28.65 27.74 25.60 26.50 24.39 22.97 23.62 24.04 25.17 25.05 24.84 24.03 23.37 25.50 22.74 23.40 24.72 24.29 26.50 24.03 24.46 24.85 25.32 25.69 25.00 24.16 24.78 23.06 24.63 24.79 23.83 24.48 24.90 25.60 27.23 25.34 24.57 25.15 25.62 25.86 25.58
20.59 21.14 21.02 22.78 22.29 22.07 22.91 24.35 24.03 22.69 23.61 23.16 25.10 24.47 24.62 25.25 24.02 25.25 25.31 26.00 26.30 26.64 27.24 28.11 27.90 28.11 28.09 29.07 28.19 27.52 27.24 27.69 27.70 27.30 26.39 26.39 26.00 27.10 23.80 24.89 24.51 22.55 24.33 24.07 23.62 23.63 23.64 26.78 23.96 23.35 21.98 24.86 24.47 24.58 25.07 24.99 24.19 25.73 25.35 26.36 26.05 25.95 25.09 25.36 24.40 24.76 23.60 24.99 24.29 25.38 25.96 25.46 25.76 23.92 24.79 26.50 26.45
19.96 20.43 20.13 21.59 22.83 22.64 23.58 24.13 24.33 23.66 23.93 23.82 24.56 24.96 24.56 25.38 23.16 24.14 24.85 25.23 26.90 27.25 27.59 28.09 27.43 27.72 28.00 28.75 28.22 27.52 28.36 27.47 26.28 25.74 27.26 25.16 26.63 27.88 24.22 24.06 24.44 20.89 23.64 24.55 24.45 25.48 23.09 24.56 22.99 22.81 21.85 24.17 24.90 25.32 27.58 26.82 24.92 25.60 25.37 25.56 24.21 25.28 25.57 25.28 26.21 25.05 24.85 24.14 24.91 24.20 23.15 24.78 25.04 25.83 25.54 26.17 26.77
18.81 19.02 19.40 21.53 22.50 23.45 24.09 24.88 25.03 24.01 25.16 24.02 23.15 24.13 26.35 26.40 24.41 23.24 23.04 23.83 26.54 26.79 26.96 26.88 26.81 28.03 28.19 28.13 27.62 27.54 28.61 26.68 25.96 26.65 27.74 25.77 28.33 27.33 24.42 21.91 23.58 24.36 23.14 22.38 23.46 25.02 22.66 23.90 22.10 22.04 23.10 22.40 23.67 25.36 26.52 25.65 23.97 25.01 24.74 24.79 25.19 23.79 25.13 25.25 25.83 24.90 24.71 25.81 25.61 25.41 25.24 25.97 24.97 25.92 23.46 24.31 24.61
18.53 19.17 19.26 20.97 22.13 22.76 24.15 24.83 24.65 24.29 25.83 25.14 24.73 24.62 26.61 25.76 25.93 25.52 24.97 26.93 26.73 27.55 26.63 25.25 26.20 27.29 27.45 27.79 28.00 26.87 27.51 27.02 27.33 26.83 28.21 26.45 27.04 28.26 24.54 24.53 22.69 23.89 23.09 20.74 22.37 24.15 24.03 23.77 23.53 24.56 24.33 25.52 24.16 23.53 23.99 26.82 25.53 26.08 26.25 25.96 25.39 23.00 25.20 25.52 25.83 25.88 25.81 26.06 25.68 26.76 24.61 25.27 24.80 26.65 25.24 25.83 26.07
19.46 20.51 20.61 21.42 23.21 23.35 24.30 23.66 24.20 25.42 26.25 26.01 25.86 26.19 24.87 26.04 26.07 25.41 24.78 23.70 26.63 26.77 27.61 26.34 26.88 26.22 23.52 27.10 26.78 27.27 25.97 27.35 27.13 25.12 26.40 26.86 24.98 27.40 27.78 25.50 25.61 23.02 22.99 23.09 22.91 22.79 24.07 22.83 23.05 22.35 25.59 25.25 24.24 24.50 23.60 24.83 26.22 25.59 25.74 25.41 26.84 26.14 26.93 26.93 25.99 25.38 25.28 26.15 27.02 25.91 24.39 24.00 24.67 25.87 24.72 24.69 25.64
20.32 20.08 20.25 20.64 23.29 24.36 23.60 23.22 24.50 26.03 25.77 26.23 26.09 26.88 27.08 27.07 26.93 26.72 26.16 25.14 25.42 23.90 26.79 26.48 28.08 25.98 23.21 26.19 25.69 25.92 24.75 26.18 26.74 24.84 25.32 26.49 27.06 27.17 28.22 25.88 24.49 21.06 22.81 22.92 23.29 23.17 23.03 22.98 22.75 23.01 25.65 26.31 25.10 24.85 23.50 25.11 24.99 25.88 26.33 26.98 27.59 27.32 27.67 27.63 26.97 24.33 26.39 26.78 26.07 27.33 26.02 23.55 25.38 24.94 26.75 25.64 25.95
18.41 18.91 18.79 20.83 23.36 24.31 23.26 24.15 24.98 26.19 26.99 26.94 27.31 26.66 26.87 27.55 26.94 27.67 27.78 27.02 26.02 25.20 25.40 27.64 26.17 27.43 27.59 26.90 27.23 27.22 24.75 25.95 26.58 23.83 25.18 24.95 28.23 27.34 26.93 24.87 22.83 21.40 23.96 22.68 22.12 21.05 22.25 22.54 21.19 20.95 23.92 25.40 24.91 24.86 24.30 24.97 26.93 26.48 26.53 27.30 27.82 28.02 27.97 27.80 26.22 25.15 26.21 27.81 26.47 26.72 26.49 25.70 25.45 25.33 27.05 26.55 26.61
16.95 18.92 19.05 20.15 22.99 23.86 23.20 24.72 25.58 25.76 26.94 26.98 27.12 25.93 26.76 27.14 27.32 26.92 28.09 27.74 26.94 26.72 25.91 26.17 22.47 25.30 26.31 24.91 27.77 26.79 24.62 26.49 25.14 23.88 26.03 27.78 26.47 26.23 26.74 26.50 24.61 23.80 23.07 22.38 19.33 21.27 21.25 20.28 22.79 23.19 23.78 24.16 23.37 24.98 24.43 25.69 26.67 27.38 27.85 27.53 27.91 26.84 27.58 28.03 27.31 26.10 26.50 27.15 26.27 26.72 26.37 27.09 26.56 26.28 25.81 26.77 27.68
17.69 18.43 19.14 20.05 21.81 22.20 24.19 24.79 25.99 25.34 25.36 26.23 27.12 26.70 26.73 27.62 27.83 28.39 28.24 27.79 27.04 27.65 26.03 25.87 24.59 23.74 24.46 23.84 25.50 22.60 23.31 27.35 25.73 24.85 27.36 26.90 26.07 23.96 23.03 22.68 23.43 21.61 21.72 20.63 22.36 23.32 20.72 21.11 21.46 23.44 23.81 24.06 24.12 23.79 22.63 24.72 27.55 27.71 27.70 26.86 27.34 27.71 26.26 28.22 26.28 26.91 26.31 26.51 25.72 27.41 28.07 28.04 27.11 25.13 25.17 26.63 27.49
19.12 19.43 18.97 19.95 22.65 23.65 24.02 24.79 25.88 26.99 26.48 26.99 27.12 26.92 27.91 28.01 27.89 28.09 27.84 26.91 27.18 27.56 26.70 27.53 26.04 25.05 25.45 24.22 23.30 24.95 25.43 24.54 25.37 27.26 27.92 26.32 24.42 23.37 22.15 21.38 22.63 23.38 24.05 23.02 20.65 22.55 20.45 21.08 20.37 22.74 23.90 23.73 23.29 24.86 25.75 26.01 26.50 27.00 27.25 27.47 26.24 27.84 28.29 27.15 26.70 27.89 27.61 27.51 27.58 27.73 26.87 27.34 27.57 27.49 26.42 26.09 27.22
20.67 21.64 20.87 22.02 22.49 24.25 24.05 24.71 26.47 27.30 26.80 27.05 27.26 27.67 28.26 28.76 28.40 28.19 28.18 27.47 27.57 28.39 27.34 26.63 27.12 26.46 23.24 23.53 23.61 24.71 23.83 24.65 26.26 27.71 25.61 24.49 23.37 22.11 21.81 24.78 24.86 23.77 21.67 20.41 19.95 19.97 21.39 21.16 21.64 24.15 23.91 23.46 24.10 24.50 25.25 26.15 27.21 27.26 26.92 26.85 28.37 27.80 27.83 28.07 27.39 27.27 27.51 26.45 28.19 26.89 27.20 27.16 27.29 26.00 26.99 27.62 27.49
21.96 22.31 22.35 23.34 23.53 25.77 25.79 25.96 26.26 27.04 26.92 26.88 27.22 27.76 28.59 29.02 28.24 28.18 27.61 26.76 27.45 28.15 27.23 26.69 27.31 25.02 23.47 24.48 24.24 24.60 25.44 25.14 26.46 26.32 25.99 25.41 22.84 22.43 23.48 23.25 23.12 20.86 19.34 19.54 20.23 20.01 21.96 21.61 22.23 23.18 22.86 23.83 25.23 26.00 26.19 24.96 25.99 25.87 26.96 26.16 27.41 26.84 27.58 27.14 25.86 27.52 26.54 26.78 26.96 26.95 27.11 27.52 28.05 27.32 27.18 26.65 26.41
22.78 23.18 24.00 24.88 25.07 25.89 26.70 26.82 26.90 26.42 27.12 27.53 27.84 27.92 27.57 28.05 28.09 28.28 27.53 27.24 26.56 27.16 26.24 25.92 27.12 24.47 23.09 22.62 23.14 24.28 25.48 27.19 27.99 26.57 24.43 25.30 23.13 22.46 22.39 22.39 23.41 21.21 20.62 20.55 21.25 22.29 20.96 23.13 23.03 22.90 21.93 22.07 24.65 24.76 26.44 26.51 25.82 25.21 28.05 27.67 28.57 27.91 27.38 28.41 28.24 27.70 26.86 26.27 25.47 25.77 27.28 27.44 28.41 27.63 26.72 26.73 28.26
23.13 23.08 22.13 22.83 23.83 25.59 26.24 26.44 27.14 26.44 27.08 27.55 27.81 27.21 27.45 27.76 28.01 27.62 27.84 27.97 27.91 26.06 24.51 26.26 26.60 24.80 24.03 23.67 22.68 25.41 26.33 26.48 25.85 25.88 24.45 24.10 22.38 21.95 21.92 23.34 23.97 21.32 23.29 23.03 23.25 22.11 23.28 23.20 22.19 23.14 23.41 22.02 24.17 24.69 25.29 25.71 25.20 25.36 26.89 26.81 28.03 27.38 27.92 27.14 28.23 27.71 26.78 26.63 26.17 28.37 27.78 27.14 28.50 27.56 26.50 27.46 27.42
22.74 23.29 24.16 23.43 23.97 25.04 25.56 26.89 27.64 27.74 26.88 27.11 27.31 26.31 26.93 27.11 27.22 27.57 27.85 27.75 27.78 26.76 24.79 25.58 26.68 25.99 24.06 23.17 23.32 25.70 25.03 23.55 24.62 25.14 25.24 23.45 22.79 24.15 25.21 24.44 22.96 22.88 22.04 20.44 21.28 22.15 22.80 21.10 22.11 21.89 24.09 25.11 24.64 25.01 25.45 26.33 25.71 26.40 27.15 28.19 27.95 27.14 28.80 28.11 27.96 27.21 26.61 27.26 27.15 27.90 27.48 27.39 27.88 26.78 27.06 26.67 27.36
21.64 22.75 24.99 24.72 25.59 26.25 26.00 26.31 27.03 27.31 26.73 26.65 27.01 26.75 27.05 26.46 26.58 26.70 27.20 27.10 27.56 25.97 25.28 26.16 26.89 25.60 23.79 22.90 25.53 25.96 25.79 25.59 25.15 24.15 26.03 24.29 23.97 25.83 24.03 22.55 21.57 21.39 19.78 19.47 22.29 22.81 22.13 23.26 22.22 23.83 24.51 25.00 24.93 24.58 25.03 25.20 26.86 26.75 27.66 28.11 27.70 26.94 27.67 28.35 27.70 27.37 27.67 27.99 27.68 28.21 27.74 26.84 26.69 27.19 26.48 26.64 26.97
23.11 23.25 25.15 25.40 26.62 26.79 26.96 28.14 27.68 27.44 26.37 26.22 25.52 26.01 26.64 26.23 26.16 26.85 25.91 26.21 26.88 26.75 24.80 26.35 25.14 23.79 23.21 24.34 25.27 24.81 24.11 24.75 23.82 25.52 23.70 26.59 26.37 24.01 23.81 21.13 20.59 19.95 21.07 23.17 23.02 23.56 22.48 22.84 24.59 24.84 24.47 23.87 24.70 24.16 24.63 26.40 26.32 26.43 27.68 28.05 28.19 28.32 28.50 28.04 26.94 27.94 28.17 28.16 27.92 27.86 27.29 27.34 26.49 26.67 26.90 26.01 27.24
24.46 24.46 25.60 26.30 27.26 26.27 26.92 28.26 28.54 27.87 26.88 25.72 25.25 25.86 26.52 26.67 25.73 26.59 26.92 26.49 26.22 26.55 26.56 25.90 24.26 23.68 24.22 23.78 23.92 26.45 24.36 24.33 24.19 23.91 24.98 23.89 23.98 24.56 21.98 22.71 22.71 23.74 25.03 24.08 22.59 23.19 22.57 21.99 24.00 24.80 23.68 23.60 24.16 24.74 25.75 26.61 26.36 26.26 27.52 28.04 28.01 27.87 27.89 27.72 27.61 27.65 28.75 27.58 27.12 27.53 26.77 26.41 26.28 25.51 26.53 26.48 27.16
25.29 25.12 26.54 26.30 28.20 27.14 28.16 28.63 28.65 27.78 27.08 25.50 24.92 26.09 25.89 25.81 25.19 26.27 26.04 26.08 24.59 26.36 25.35 25.51 25.19 25.05 23.26 23.92 25.80 25.39 24.41 24.09 26.63 22.34 24.27 22.75 22.84 22.41 22.15 23.40 21.18 23.37 22.02 21.76 22.05 23.45 22.34 23.19 23.87 24.71 25.36 25.32 24.79 25.16 26.14 26.31 26.25 27.33 27.82 27.94 27.61 27.54 27.76 26.99 26.81 27.49 27.61 27.65 26.82 26.30 27.14 26.55 26.15 25.96 27.00 26.82 25.82
25.39 26.08 27.09 26.97 27.72 27.52 28.25 28.79 28.74 28.91 28.87 26.97 27.41 26.25 26.30 25.00 25.16 25.60 26.23 26.58 25.72 25.80 25.60 25.05 25.51 24.03 22.54 24.10 25.49 24.88 24.55 25.56 24.51 22.13 23.02 23.86 22.54 20.00 21.54 23.29 22.58 23.36 21.43 21.65 21.20 22.52 23.86 24.50 24.38 25.21 26.15 24.73 25.94 26.09 26.21 25.97 26.25 26.91 27.53 27.22 26.87 26.85 26.80 27.67 26.90 26.42 26.23 26.32 26.07 25.40 27.12 26.32 25.93 26.06 26.14 26.05 26.07
25.46 26.35 27.10 27.36 27.88 27.62 28.07 28.68 28.57 29.02 29.24 28.63 28.15 27.71 26.62 25.58 24.46 24.52 26.49 26.41 24.85 23.73 25.83 24.60 24.74 23.41 22.01 24.62 24.80 23.37 23.53 22.75 23.54 20.43 20.74 20.31 22.29 21.35 22.39 22.23 21.53 22.18 22.66 22.31 22.27 22.49 23.46 24.55 24.03 25.25 25.11 25.03 25.25 25.99 26.38 25.45 26.83 27.58 26.83 26.65 25.41 26.26 25.50 27.44 26.93 25.88 26.38 26.81 26.20 26.60 27.00 26.90 26.76 26.75 26.36 25.68 27.59
26.35 27.24 27.47 27.33 28.17 28.21 27.88 28.21 28.07 28.77 29.39 29.27 28.85 27.89 27.20 26.29 24.65 25.55 26.07 25.06 25.49 26.13 25.49 24.48 23.50 24.42 26.03 24.30 21.88 22.64 20.07 20.11 21.35 23.08 20.21 21.28 21.24 22.17 23.80 21.97 21.05 22.59 21.61 21.51 23.38 24.16 24.53 23.35 23.28 24.51 25.23 25.32 25.27 26.16 25.99 26.20 26.67 27.57 26.71 26.07 25.73 25.26 26.16 26.86 27.76 26.39 26.63 27.22 26.87 27.74 27.08 28.06 28.11 27.27 27.52 27.35 27.56
26.74 27.13 27.98 27.83 28.07 28.26 28.29 28.03 28.14 27.44 28.81 29.41 29.02 28.20 27.22 26.67 25.58 24.50 24.42 25.37 24.33 25.08 25.48 24.92 24.97 25.04 23.77 22.70 22.83 22.86 23.55 24.13 23.13 22.28 20.38 19.89 20.38 22.15 22.67 21.82 21.99 21.92 22.31 22.44 23.57 23.51 23.19 22.99 23.80 25.00 25.02 25.67 25.67 25.39 26.56 26.11 26.85 27.04 26.90 27.15 26.88 26.48 27.37 27.20 27.85 27.89 26.90 27.23 27.13 27.32 27.06 27.00 27.85 26.68 27.36 27.59 28.26
27.22 27.84 27.84 28.19 28.37 28.37 28.60 28.01 27.25 26.23 27.02 28.44 28.90 27.97 27.60 24.67 25.03 24.21 23.83 23.16 22.12 22.56 24.65 23.34 24.15 22.22 20.97 22.23 23.50 22.54 21.68 21.07 22.23 19.66 21.77 20.43 21.96 23.36 24.23 24.27 23.86 22.22 23.08 23.32 23.37 24.09 24.10 23.41 24.16 24.92 24.49 25.49 25.89 26.27 26.61 25.53 26.46 26.86 27.32 26.74 26.25 26.64 27.60 27.89 27.14 27.38 26.80 27.18 25.77 26.59 26.57 27.94 27.02 28.03 28.06 27.50 28.26
27.33 27.65 27.77 27.92 28.93 28.41 28.09 27.45 27.02 26.18 26.34 27.90 27.94 28.09 27.54 26.24 25.18 24.41 23.92 24.08 23.74 23.33 24.71 23.32 23.91 23.16 22.32 22.26 22.66 21.35 22.93 24.22 23.42 21.79 22.67 21.81 21.59 21.98 23.14 23.50 24.22 24.58 23.56 23.77 24.90 23.84 24.41 24.46 24.86 25.96 25.69 25.12 26.51 26.69 26.39 26.93 26.95 26.78 27.17 26.50 27.26 26.91 26.37 27.10 27.00 27.46 26.95 26.28 26.61 27.40 27.22 26.72 26.71 28.23 28.92 28.31 28.37
27.84 27.78 28.05 28.27 28.06 28.02 27.91 26.39 25.25 25.61 25.52 26.95 27.64 27.90 28.48 26.17 25.79 24.56 23.79 24.40 24.89 24.10 23.79 24.80 22.26 22.79 24.19 21.70 20.84 22.02 21.76 21.55 22.71 23.53 22.52 20.76 22.07 22.27 20.30 22.48 25.14 22.39 22.90 24.01 23.10 24.26 24.74 24.70 25.20 26.32 24.73 25.41 25.94 25.32 25.61 26.27 26.29 26.15 26.48 26.65 27.55 27.10 27.25 27.01 27.38 27.98 27.24 26.64 27.20 27.10 28.21 27.48 27.28 28.43 28.69 28.51 29.31
27.62 28.15 28.05 28.20 28.24 27.67 28.25 27.18 25.01 24.20 23.98 25.37 27.54 27.78 27.54 26.79 26.52 24.69 23.34 21.31 19.78 20.62 21.65 22.98 21.57 23.97 23.80 22.01 21.39 21.59 21.22 22.81 23.36 23.71 24.21 21.53 22.28 23.40 22.38 24.16 25.00 23.58 23.76 24.57 24.13 24.63 24.45 24.88 25.83 26.08 24.84 25.25 25.92 26.29 25.63 25.34 27.44 26.95 26.74 25.87 25.84 26.73 26.27 26.78 27.67 27.24 27.25 27.28 27.41 27.48 28.23 27.82 27.17 28.23 27.31 27.82 27.48
27.33 27.94 27.58 27.99 27.24 26.91 26.36 26.81 23.76 22.87 23.83 25.28 26.04 25.50 27.67 26.82 25.37 25.25 25.27 22.73 19.96 18.75 19.70 20.28 20.54 22.85 23.73 23.05 22.51 20.58 22.16 23.77 22.99 22.43 23.81 22.79 23.58 23.56 23.88 25.66 23.85 23.37 23.86 25.13 25.32 25.82 25.75 25.09 25.98 25.59 25.72 26.12 25.70 24.90 26.21 25.92 26.32 25.70 26.05 25.22 25.37 26.52 26.87 26.77 26.57 26.60 27.91 28.11 27.96 27.54 27.49 27.42 27.56 27.67 28.25 27.46 26.69
28.41 27.58 27.67 27.44 28.12 27.98 27.38 25.99 24.76 22.54 23.39 26.83 26.43 24.83 26.64 24.83 25.14 24.83 23.79 20.73 18.91 20.78 22.27 21.09 21.36 21.96 22.70 22.67 23.42 23.19 23.47 22.39 21.46 22.14 23.99 23.83 23.46 24.45 25.03 25.06 23.81 23.70 23.65 24.64 24.88 25.49 25.27 25.74 25.92 25.95 25.57 25.66 25.95 25.68 24.68 25.57 25.54 24.90 26.71 26.69 27.10 27.25 26.89 27.06 26.64 27.37 27.58 28.15 28.17 28.44 28.02 27.70 27.09 27.02 27.42 28.35 27.87
27.57 27.14 26.99 27.15 27.13 26.83 26.19 25.51 24.39 23.08 22.63 25.18 27.08 27.23 27.16 25.05 23.31 24.79 24.02 21.97 20.10 21.72 21.78 21.57 21.33 22.53 23.69 23.45 21.99 23.35 23.03 22.97 22.81 24.22 22.08 23.52 23.73 25.54 24.85 22.60 23.90 23.82 24.12 25.68 25.57 24.88 25.14 25.43 25.51 25.93 26.37 25.96 25.44 25.99 24.62 24.83 25.81 27.04 27.08 26.17 27.08 27.40 27.21 26.44 27.58 28.62 28.10 28.36 27.63 28.00 27.49 26.92 27.97 26.12 27.04 27.54 28.08
28.29 27.09 26.88 27.41 27.22 26.24 24.88 24.48 22.65 22.92 22.90 23.64 24.99 24.77 24.96 24.57 24.02 24.00 24.04 21.64 19.68 21.02 20.47 21.92 21.41 22.35 22.55 23.06 22.17 23.62 23.04 23.52 22.29 23.30 21.88 22.88 22.38 24.75 24.25 23.41 24.59 23.75 26.13 26.27 25.86 24.73 25.60 25.74 25.18 25.58 25.23 24.78 25.82 25.35 26.03 25.60 26.19 26.93 26.61 26.64 26.50 27.10 26.87 27.70 28.29 28.31 28.71 28.43 28.54 28.48 26.49 27.31 27.79 28.15 28.09 28.25 27.79
