main/data/irradiance/02.03.2023.grid
ncols 839
nrows 679
xllcenter 112.0500
yllcenter -43.9500
cellsize 0.0500
nodata_value 99999.90
[rows 204 to 237 of 679, columns 462 to 538 of 839]
4.49 4.60 5.52 6.25 5.98 6.24 6.28 6.05 6.09 5.84 6.15 7.57 7.64 6.55 5.58 6.66 6.03 6.17 5.78 5.48 6.63 7.74 7.82 6.42 5.17 5.05 5.28 5.78 5.71 5.79 6.80 7.80 8.06 7.50 8.25 8.44 7.99 7.84 8.34 9.18 10.01 10.34 9.29 8.25 9.20 9.67 11.58 10.45 10.69 9.70 11.25 12.58 13.00 12.29 12.15 12.88 10.94 9.76 9.28 10.07 11.64 13.38 11.35 11.49 12.26 12.34 13.05 15.27 16.57 15.86 15.56 14.52 14.90 13.80 14.17 13.20 14.69
4.81 5.40 5.67 6.36 5.76 5.91 7.12 6.50 5.54 5.37 5.46 6.76 7.29 6.83 6.16 6.81 5.86 5.47 5.53 5.28 5.61 6.28 6.78 7.23 6.06 5.81 6.31 6.03 6.33 6.79 7.50 7.81 7.33 6.40 6.78 7.05 7.27 7.60 9.09 10.79 10.37 10.76 10.05 9.01 10.22 10.58 11.44 11.14 10.51 10.47 12.60 12.08 12.96 12.38 11.47 11.51 11.41 9.73 9.11 10.83 10.97 11.67 12.04 11.81 13.46 11.94 12.65 14.46 15.22 14.61 14.90 15.64 15.07 13.24 14.42 14.03 13.45
5.18 5.54 5.55 5.89 5.49 6.17 7.38 6.67 5.83 5.44 5.15 6.24 6.58 6.61 5.71 5.97 5.04 4.90 5.04 5.69 5.94 5.49 6.47 7.85 6.83 6.20 6.57 6.83 6.79 7.39 7.31 7.14 7.37 7.39 8.01 8.07 6.99 7.67 9.59 10.61 10.42 10.63 10.19 9.39 10.37 10.81 10.48 11.54 9.47 10.49 12.99 11.74 12.52 11.49 11.52 12.37 12.19 11.75 11.46 11.32 13.02 11.49 10.53 12.49 14.85 13.39 14.26 14.94 15.76 14.68 12.20 13.24 13.57 12.84 14.36 15.05 14.34
5.38 6.22 5.33 6.24 6.39 6.55 6.74 6.28 5.22 5.30 5.27 5.65 6.01 5.81 6.04 6.14 5.17 5.06 5.18 6.12 5.82 4.98 7.30 7.71 6.37 6.35 7.06 7.33 7.40 7.05 6.65 7.69 8.37 7.38 7.38 7.09 6.75 8.56 10.25 10.20 9.04 10.08 9.92 9.76 9.88 10.13 9.54 11.13 9.38 10.50 12.53 12.25 14.02 12.15 13.61 13.37 12.74 13.05 14.17 13.52 13.63 12.20 12.01 13.02 13.71 13.83 13.93 14.94 15.89 14.99 12.53 11.35 11.64 13.04 13.81 14.84 13.68
5.71 6.22 6.29 6.35 6.42 6.05 5.73 5.69 4.56 4.95 5.35 5.88 6.64 6.90 6.68 5.88 5.48 5.93 5.46 5.43 5.00 5.88 6.44 5.94 5.71 6.35 6.65 6.83 7.75 6.92 6.98 8.06 8.52 8.61 8.79 8.52 7.89 8.97 10.67 10.32 8.98 9.38 9.29 10.27 9.73 9.51 10.07 11.54 9.47 11.41 13.06 14.00 14.11 12.52 12.58 11.92 12.74 13.73 15.09 15.38 13.60 13.67 14.86 14.42 13.61 13.74 12.84 12.53 13.93 13.95 11.22 11.23 12.20 13.08 13.44 14.70 14.07
5.92 6.76 7.84 6.26 5.29 5.40 6.09 6.27 5.78 4.72 5.30 6.28 7.12 7.32 6.80 5.79 6.04 6.40 6.51 5.72 6.03 6.60 5.51 5.54 5.44 6.83 6.92 6.62 7.33 7.41 8.71 9.43 9.36 9.18 9.93 10.19 10.33 9.97 10.35 10.22 9.45 9.91 10.83 10.58 9.32 11.04 12.53 12.44 11.06 11.77 12.52 14.39 14.24 13.35 12.82 12.16 12.84 13.76 14.39 14.31 13.88 15.22 16.46 15.36 12.94 11.88 11.75 12.71 12.85 14.94 14.27 13.11 12.67 13.93 14.37 14.98 14.13
6.17 6.57 6.66 6.06 4.63 5.41 6.00 6.05 5.94 5.69 5.00 7.09 7.20 6.84 6.50 6.39 6.33 6.86 6.90 5.80 6.02 5.94 5.52 5.78 6.94 7.09 6.72 5.80 7.03 8.81 9.80 9.50 8.58 8.59 8.48 9.63 10.86 10.39 10.38 10.21 10.70 11.98 11.62 10.95 10.50 12.11 14.65 13.56 13.58 13.40 13.70 14.57 13.82 13.66 12.44 11.14 11.88 12.47 12.51 12.67 14.83 15.40 14.75 13.65 13.07 12.27 12.10 13.03 12.48 13.99 14.55 14.53 13.40 14.40 13.91 14.84 14.67
6.32 7.19 6.24 6.21 5.75 6.13 6.31 5.88 6.08 6.49 5.14 7.59 8.04 7.38 6.66 7.29 7.84 8.10 7.49 6.55 6.08 6.56 6.87 6.53 7.09 8.08 7.89 7.26 8.60 9.14 9.13 9.67 8.80 7.61 7.41 9.84 11.19 10.33 10.15 10.97 11.96 12.08 11.78 12.07 11.47 12.60 13.42 13.17 14.09 13.60 13.58 14.67 14.22 12.48 12.86 12.20 12.56 12.24 12.56 13.24 15.04 14.57 14.32 13.73 13.47 13.29 13.33 13.08 12.63 14.54 14.86 13.52 12.88 13.64 13.47 14.89 13.44
7.25 7.43 7.20 6.34 6.12 6.98 7.03 6.10 7.16 7.16 6.28 8.29 8.07 7.04 6.81 6.90 7.75 8.34 8.00 7.58 7.23 7.14 7.48 7.02 7.17 7.29 8.16 7.82 8.05 8.43 9.13 8.31 7.77 7.73 7.78 10.24 11.12 10.63 9.64 9.72 11.07 10.68 11.70 11.27 10.63 11.33 12.52 12.49 14.45 14.25 14.55 14.08 13.17 11.78 12.32 12.52 12.31 12.59 12.66 13.73 13.68 14.13 13.56 13.76 12.71 13.15 14.12 13.20 13.98 13.36 14.88 12.92 12.61 14.24 14.31 12.94 13.38
7.53 7.10 7.01 6.15 7.22 7.27 7.37 7.64 7.70 7.55 7.49 7.77 7.05 7.38 7.19 7.30 7.89 7.84 7.65 7.81 7.73 7.49 7.13 6.64 7.51 7.69 8.29 7.90 8.92 9.42 9.31 7.54 6.38 7.31 7.11 9.37 10.43 10.09 9.20 8.49 9.40 10.20 10.76 11.14 11.28 11.14 11.41 11.62 11.89 13.85 13.86 14.05 13.21 12.51 11.62 12.69 14.33 13.97 13.35 15.32 13.84 13.01 13.26 13.59 14.35 15.03 14.94 15.03 15.25 14.92 15.33 14.71 14.12 15.14 14.79 13.83 13.70
6.97 7.22 7.02 7.20 7.74 8.04 7.58 8.13 8.40 7.98 7.65 7.33 7.59 7.46 7.21 7.36 7.86 7.59 7.49 7.78 8.22 7.53 6.96 7.12 7.52 7.65 8.28 7.82 9.54 9.40 9.01 7.84 7.66 7.92 8.25 9.73 10.29 10.07 9.43 9.42 10.74 10.04 10.49 10.49 10.30 10.46 11.57 10.92 11.03 12.03 12.87 13.08 12.98 12.38 11.51 10.94 13.86 13.96 14.60 16.57 15.09 12.95 14.31 14.90 15.45 15.51 14.76 15.29 16.33 15.53 14.85 14.12 14.25 15.19 14.65 14.07 12.62
6.81 6.48 6.65 6.96 7.21 7.87 8.18 8.20 8.57 8.40 7.50 7.17 8.16 8.36 7.74 7.00 8.19 8.22 8.13 7.59 8.34 7.96 7.76 7.81 7.62 8.07 8.25 9.05 10.37 10.69 10.17 8.75 8.96 9.00 9.66 10.20 10.46 9.99 10.03 10.55 10.85 10.43 9.99 10.65 11.29 11.07 11.77 10.75 11.16 11.41 12.08 12.25 12.82 12.17 11.89 13.13 14.83 14.91 15.32 15.88 15.07 15.04 15.89 15.33 15.06 15.43 14.57 14.53 15.38 14.52 15.18 14.79 14.76 14.76 14.64 13.74 12.88
6.49 6.56 6.58 6.62 7.02 7.88 8.29 7.85 7.84 8.53 7.81 7.87 8.06 7.69 7.79 7.25 8.33 8.50 8.59 7.72 7.97 8.21 8.02 7.84 7.52 7.54 7.68 8.39 10.16 10.51 9.76 9.46 10.38 9.49 10.15 9.69 9.88 9.93 10.12 10.80 10.92 10.17 10.22 11.02 11.44 10.97 10.50 10.42 10.83 11.27 12.50 12.89 12.88 12.71 12.23 13.57 14.09 14.78 15.30 15.24 14.48 15.75 15.90 15.44 15.19 15.12 14.70 14.71 15.85 15.56 15.09 14.53 14.58 13.71 13.10 12.20 11.97
6.09 5.87 6.61 6.58 6.44 7.07 7.39 7.14 6.99 8.13 8.26 8.03 7.64 7.63 8.10 7.89 8.70 8.94 8.54 7.70 7.43 7.37 7.62 7.44 7.41 7.90 8.34 9.12 10.46 10.10 9.30 10.00 10.57 10.08 10.58 10.18 9.79 10.18 9.49 10.57 11.65 10.82 10.11 9.99 9.81 9.99 9.77 9.50 10.30 11.32 12.96 13.44 13.28 13.45 12.84 12.51 13.46 14.18 15.10 15.17 13.98 14.77 15.17 15.84 15.72 14.69 14.23 15.15 16.38 15.27 14.64 13.77 13.41 13.24 11.76 10.85 10.83
5.11 5.32 6.05 5.80 6.55 6.40 6.59 6.96 7.87 8.68 8.51 8.64 7.85 8.17 7.84 8.15 9.53 9.19 8.04 7.37 7.15 7.09 7.36 7.40 7.96 8.41 8.93 8.87 9.71 10.43 9.93 9.86 10.14 10.50 11.03 9.76 9.75 9.83 10.32 11.26 11.58 11.73 11.16 10.34 10.92 11.48 10.51 10.34 10.85 11.82 12.14 12.52 13.35 13.43 13.44 12.90 13.98 14.12 14.10 14.10 13.62 14.05 14.36 14.26 14.65 13.91 13.86 14.93 15.00 14.67 12.99 12.52 13.42 13.19 11.67 11.69 11.03
4.80 5.20 5.84 6.36 6.50 6.64 6.40 7.04 7.62 8.73 9.19 8.61 7.95 7.96 6.83 8.49 9.09 8.62 7.85 7.28 7.91 8.08 7.67 8.09 8.01 8.99 9.49 8.76 9.89 10.27 9.90 9.02 9.23 9.45 10.04 9.25 8.86 8.82 10.51 11.77 11.70 11.90 11.90 11.59 12.25 12.99 12.12 11.94 12.18 11.94 12.24 13.53 14.12 13.44 13.20 13.09 13.32 13.81 13.20 13.42 12.85 12.93 13.65 13.22 14.02 13.64 14.26 14.26 13.52 11.85 11.05 11.58 12.25 11.86 11.60 10.25 11.92
5.37 5.31 5.83 6.71 7.15 7.03 6.41 7.17 7.53 8.85 9.62 8.70 8.23 6.97 7.14 8.58 8.75 7.99 7.43 7.14 8.54 8.61 8.00 8.30 7.85 8.72 9.11 9.48 9.49 9.57 9.64 8.94 9.40 9.40 9.46 8.43 8.65 8.31 9.97 11.14 11.75 12.25 12.64 12.28 12.37 12.60 12.85 12.38 13.01 11.58 11.93 13.23 13.71 12.38 12.40 12.54 12.10 12.57 12.46 12.87 12.05 12.41 12.68 13.62 14.29 14.00 14.74 14.12 13.32 12.53 12.47 11.94 11.69 11.70 11.62 12.23 12.67
6.06 6.51 6.43 7.28 7.56 7.17 6.94 7.33 7.92 8.77 9.88 9.02 7.99 7.37 7.72 8.53 8.42 8.01 7.69 7.73 9.17 9.54 8.37 8.13 8.58 8.65 9.11 9.28 9.65 9.85 9.91 9.25 8.50 8.28 9.22 9.56 9.79 9.68 9.38 10.40 11.40 11.33 11.69 11.98 12.59 12.54 12.87 13.00 12.14 10.92 10.75 10.77 12.21 11.59 10.89 10.80 11.45 13.40 12.59 12.28 11.73 12.96 12.90 13.27 14.32 15.12 15.58 14.68 13.04 12.97 13.02 12.44 12.24 12.32 12.68 11.82 11.96
6.36 6.15 6.82 7.03 7.07 7.71 7.62 7.38 8.32 9.24 10.05 8.44 7.39 7.44 8.00 7.81 8.10 7.86 7.60 8.14 8.41 8.22 8.33 8.78 9.35 9.75 9.38 9.60 9.74 9.69 9.94 9.09 8.20 7.86 8.61 9.70 10.54 10.67 10.28 11.25 11.35 11.04 11.60 11.59 12.03 12.03 12.93 13.61 11.65 11.67 12.60 12.42 11.51 11.22 11.51 11.53 12.77 13.11 13.04 12.48 13.28 13.99 13.39 13.56 13.61 14.85 15.52 14.53 12.28 12.66 13.14 13.21 12.32 12.63 12.14 11.69 12.44
6.35 5.45 5.87 6.13 7.30 7.54 6.99 6.61 7.43 8.47 9.08 7.98 7.03 6.87 8.07 7.82 7.05 7.52 7.35 7.99 8.41 7.92 10.02 9.96 9.74 10.39 9.79 10.08 9.71 9.44 9.48 9.00 8.67 8.65 9.18 9.90 10.52 11.24 10.59 10.72 10.80 11.42 11.96 12.24 12.12 12.50 12.54 13.22 12.07 11.06 10.48 10.73 10.92 10.67 12.07 12.97 12.71 12.72 13.10 12.66 13.15 12.99 13.31 13.56 13.88 14.46 13.76 13.05 12.52 12.39 12.69 13.24 12.85 12.75 12.18 12.70 12.36
6.03 6.10 6.31 7.45 8.09 7.27 6.49 6.12 7.44 8.63 9.05 7.67 7.23 7.23 8.06 7.96 7.40 7.94 7.80 8.92 8.70 8.47 9.08 9.67 9.53 8.90 9.27 9.68 10.20 9.65 8.72 9.74 9.10 10.10 10.32 10.90 10.80 10.91 10.46 10.80 10.81 11.84 12.40 12.63 12.28 12.28 12.19 11.92 11.66 11.49 10.45 9.78 10.86 10.77 11.59 12.23 12.57 12.02 12.03 11.47 11.84 12.21 12.72 13.11 13.36 13.38 12.91 12.31 11.65 12.71 12.34 12.59 13.05 12.74 12.94 12.93 13.54
6.22 7.06 7.39 8.05 7.91 7.55 6.16 6.75 7.97 8.36 8.38 7.49 7.07 8.02 8.86 8.54 8.74 8.89 8.78 9.41 8.96 8.93 9.18 9.61 9.35 8.30 8.91 9.57 9.72 10.33 8.76 9.89 10.53 10.71 10.61 11.38 11.44 10.36 10.08 10.77 11.26 11.69 11.54 11.78 11.68 12.36 11.95 11.43 11.29 11.00 9.97 9.75 10.66 11.88 13.09 13.26 12.73 12.38 12.44 11.78 11.97 12.64 12.73 12.20 12.07 12.02 12.48 12.11 12.15 11.77 11.04 12.31 12.97 13.63 13.99 13.74 15.18
6.34 6.48 6.70 7.49 8.53 8.24 6.56 7.59 8.44 8.71 8.60 7.67 7.13 8.24 8.91 9.24 8.84 9.42 9.41 9.10 9.12 9.46 8.64 9.19 9.55 8.75 8.57 8.92 8.87 9.61 9.18 9.45 9.86 10.13 10.10 11.52 11.28 10.83 10.41 10.30 10.33 10.19 10.46 11.58 11.91 11.87 11.67 9.63 9.63 10.64 10.23 9.81 10.43 12.23 12.79 13.53 13.26 12.48 12.70 13.27 12.94 13.35 12.84 11.82 11.94 11.89 11.55 11.31 11.08 10.99 11.32 12.09 12.40 14.17 14.77 14.43 14.89
6.78 6.01 6.16 6.95 8.09 8.08 7.07 8.36 8.63 8.18 7.58 7.93 7.47 7.86 9.24 8.90 8.18 9.27 9.87 9.62 9.61 9.19 8.75 8.99 8.91 8.36 8.75 8.77 8.89 8.80 8.67 8.97 9.44 9.89 9.83 9.98 10.18 10.15 10.13 9.78 10.18 10.23 10.55 11.49 11.32 11.27 10.97 9.19 8.57 10.05 9.59 9.73 10.67 11.80 12.77 12.59 12.64 12.16 12.11 11.93 12.08 12.01 11.55 10.62 10.40 10.70 11.13 10.23 10.63 11.37 11.78 11.50 12.48 13.91 13.99 13.31 13.48
6.53 5.72 6.10 6.29 7.22 7.51 8.04 8.06 8.17 7.38 7.19 8.34 8.12 8.39 9.16 8.71 8.83 9.10 9.46 9.67 8.78 7.78 9.03 9.30 8.33 8.15 8.03 8.20 8.46 8.86 8.64 8.95 9.55 10.11 9.57 9.14 9.60 10.39 10.13 9.84 9.84 9.50 9.74 10.01 10.20 10.80 11.32 10.30 10.33 10.09 9.56 10.42 11.75 11.61 11.47 11.47 11.45 11.20 10.13 9.93 11.27 11.91 10.72 9.61 9.79 10.19 9.52 9.67 11.19 10.53 11.15 12.20 12.75 13.30 12.38 12.29 13.32
6.48 6.35 6.27 6.51 6.46 7.34 8.39 7.70 7.32 7.64 7.97 8.00 8.24 8.38 9.08 8.83 9.44 9.88 9.81 9.82 8.78 8.16 9.62 9.18 7.87 8.17 8.02 8.55 9.20 9.79 9.17 8.63 8.51 7.94 8.08 8.80 9.85 10.62 9.79 9.92 8.95 8.50 9.13 9.24 9.84 10.82 10.96 10.43 10.54 10.17 10.76 11.51 12.24 12.19 11.40 10.82 10.70 10.26 9.08 9.22 10.31 10.80 10.79 10.33 9.13 9.59 9.56 9.60 10.81 10.42 10.62 12.57 13.14 12.86 12.74 12.30 11.74
6.79 6.79 6.97 6.63 6.22 6.99 8.34 7.71 7.17 7.72 7.55 7.61 8.64 8.35 8.77 9.00 8.85 9.77 9.83 10.17 9.59 8.96 9.28 9.20 8.57 8.35 7.78 7.43 8.93 9.64 8.20 8.24 7.96 6.95 7.14 8.26 9.70 10.31 9.87 10.04 9.41 8.77 8.76 9.15 9.74 10.32 10.16 9.94 10.47 11.22 10.94 12.31 12.31 11.77 11.24 11.04 10.39 9.89 9.21 9.36 10.01 10.18 10.97 9.63 8.99 8.61 9.30 9.60 10.42 10.34 11.03 11.21 12.79 12.42 12.59 12.13 12.26
7.34 7.30 7.69 7.07 6.06 7.04 7.63 7.58 7.84 7.67 7.34 7.72 8.28 8.71 8.13 8.33 8.56 9.43 9.68 9.96 10.37 9.39 9.43 9.52 8.95 8.24 7.59 8.06 8.49 9.26 8.66 8.59 8.03 7.12 7.26 8.03 9.40 9.05 9.26 9.96 9.67 8.74 8.50 8.72 10.27 10.23 9.51 8.52 9.76 10.72 10.59 12.37 13.16 12.56 11.52 11.49 9.65 9.17 9.10 8.61 8.57 9.76 9.61 8.40 8.03 8.78 9.67 9.78 9.95 10.44 11.04 11.15 12.07 11.96 12.48 13.08 13.34
8.81 8.52 8.97 7.89 6.89 7.92 7.78 7.97 8.15 7.65 7.06 7.39 7.79 7.65 7.41 7.94 9.02 8.89 9.08 9.87 10.58 10.56 9.65 9.70 9.32 7.84 7.46 7.95 8.61 10.02 9.10 8.68 8.78 8.08 7.53 8.27 8.55 7.72 8.39 10.03 10.06 8.71 8.41 8.98 9.68 9.46 9.02 9.00 9.93 10.62 11.55 11.66 12.37 11.56 9.97 9.30 8.73 9.48 9.51 8.46 8.12 8.14 8.12 7.27 7.42 8.25 9.31 9.74 9.44 10.00 11.26 11.86 11.97 13.02 13.46 13.53 13.21
8.97 8.93 8.64 8.03 8.11 8.43 7.59 8.05 8.32 7.63 6.87 7.21 7.83 7.67 7.77 8.32 9.14 9.39 8.85 9.89 9.89 10.25 10.11 9.63 9.57 7.17 7.26 8.80 9.68 9.17 8.65 8.28 8.48 7.87 7.91 8.41 7.96 6.74 7.30 9.18 10.42 9.24 8.69 9.16 10.01 9.60 9.57 9.85 10.24 10.08 10.09 8.98 9.33 10.12 10.11 9.59 8.79 9.59 9.21 8.40 7.55 7.35 6.92 7.38 6.96 7.48 8.83 9.64 9.05 10.19 11.27 11.44 12.55 13.59 12.55 12.10 12.47
8.38 8.69 8.02 7.63 7.57 8.48 7.29 7.43 8.10 7.77 6.66 7.12 7.22 7.74 7.78 8.72 9.04 8.81 8.63 9.11 9.21 9.88 9.56 9.20 8.16 6.67 7.91 9.22 10.01 9.05 8.74 8.15 8.34 8.00 7.60 8.37 7.94 6.67 6.42 7.97 9.83 9.26 8.48 8.59 10.33 9.83 9.56 9.15 8.85 9.04 8.73 7.93 8.59 9.51 9.47 9.68 9.09 8.67 8.45 7.48 8.32 7.76 7.61 8.06 8.12 8.31 8.52 8.54 8.53 9.02 10.70 10.74 11.24 11.50 11.50 12.33 13.03
7.96 7.86 7.79 7.42 7.12 7.98 8.15 6.88 7.86 8.21 6.21 6.76 7.38 7.07 8.47 8.71 9.50 8.90 8.99 9.11 8.72 8.90 8.70 8.58 7.33 7.54 8.28 9.23 9.36 8.59 8.60 9.00 8.67 8.41 7.39 8.18 7.37 6.31 6.08 8.41 9.56 8.67 8.07 8.33 9.52 10.00 9.42 8.41 8.60 8.40 8.73 8.27 8.69 8.40 8.19 9.14 9.16 8.74 7.76 7.65 8.53 8.03 8.65 8.90 8.01 7.75 8.81 8.61 8.14 8.54 9.26 10.19 10.10 10.80 11.40 12.67 13.66
7.67 7.93 7.74 7.80 7.40 7.57 7.69 7.22 8.23 8.34 7.24 6.88 7.57 7.20 8.20 8.19 9.62 9.78 10.21 9.16 8.84 8.11 7.72 7.41 7.71 7.75 7.57 8.46 8.47 7.96 8.18 9.42 9.11 8.75 8.21 8.00 7.10 6.06 7.16 8.78 8.55 8.20 7.91 8.51 9.26 10.03 9.68 8.46 8.07 8.45 8.00 8.12 8.11 7.73 8.02 8.30 8.19 8.72 8.28 8.32 8.55 8.35 9.17 8.66 8.09 8.79 9.73 9.18 8.96 9.46 9.36 9.78 10.01 11.11 12.02 12.92 13.28
6.49 7.15 8.30 8.03 7.75 7.74 8.10 8.05 8.68 9.44 9.19 7.71 7.03 7.34 7.93 7.97 8.88 10.09 10.04 8.88 8.53 8.21 7.73 7.88 8.02 7.47 7.11 8.21 8.84 8.05 8.27 9.89 9.30 9.15 9.13 8.56 7.24 6.38 7.18 8.36 8.57 8.30 7.93 8.43 8.60 9.39 9.85 8.60 8.06 8.50 7.91 7.88 8.25 7.62 7.43 7.48 7.98 8.31 7.73 8.07 8.38 8.57 8.69 7.85 8.75 9.96 9.96 9.47 10.14 9.96 9.12 9.18 9.52 10.86 12.17 12.98 13.08
