main/data/irradiance/02.02.2023.grid
ncols 839
nrows 679
xllcenter 112.0500
yllcenter -43.9500
cellsize 0.0500
nodata_value 99999.90
[rows 510 to 543 of 679, columns 616 to 692 of 839]
15.53 15.87 16.33 16.12 17.17 18.86 18.21 17.51 17.61 17.30 17.45 16.81 15.74 17.63 18.86 18.12 19.16 18.40 18.33 19.64 20.78 20.88 22.10 20.68 20.46 22.43 21.60 21.50 21.65 22.91 22.56 22.77 24.05 23.46 24.66 23.58 24.75 24.29 24.41 25.13 25.23 26.34 27.33 26.50 26.90 26.26 26.18 25.51 26.25 26.24 27.01 25.98 25.59 25.88 25.60 25.93 26.14 26.23 26.03 25.99 26.33 26.42 26.00 26.06 25.92 25.30 25.24 26.77 27.62 27.20 27.02 26.67 26.50 26.39 25.40 26.53 26.18
14.82 15.38 16.37 16.45 15.41 17.68 18.76 18.01 16.95 17.14 17.06 16.44 15.02 17.34 19.09 19.21 17.64 17.59 17.21 18.71 19.37 21.11 21.76 22.50 21.91 20.89 21.52 21.35 21.73 22.14 22.63 22.99 23.95 23.84 23.59 23.68 24.08 24.30 24.17 24.45 24.97 25.51 25.73 26.36 26.09 26.23 26.61 26.02 25.17 26.12 26.23 26.41 25.71 26.51 25.39 25.73 26.51 26.01 25.74 26.00 26.43 26.03 25.18 25.84 25.96 26.27 24.34 25.50 26.41 26.91 27.18 27.07 26.34 27.15 26.25 26.02 26.70
16.30 15.25 14.87 14.93 16.04 16.82 17.26 17.40 17.59 16.85 16.92 16.67 15.26 16.58 18.46 19.16 18.54 17.49 16.58 17.66 18.35 18.29 21.36 21.46 21.71 21.64 20.89 20.31 20.95 21.44 22.12 22.90 23.58 23.31 23.52 24.07 24.55 23.81 23.62 23.56 24.57 24.93 24.81 25.48 25.41 25.14 25.66 26.38 24.74 25.07 25.76 26.29 26.99 26.36 26.08 25.94 25.94 25.97 25.75 26.10 25.88 26.49 25.60 24.34 25.13 25.94 26.25 25.05 25.11 25.88 27.27 27.27 26.18 26.27 25.87 26.15 26.46
15.57 14.67 14.68 13.56 14.23 15.93 16.65 16.64 18.46 18.76 17.54 16.99 17.15 15.84 18.32 18.29 19.62 18.52 17.24 17.12 18.28 17.91 17.90 20.91 21.55 21.07 19.17 21.06 19.97 19.48 20.52 21.78 22.68 23.07 23.04 23.51 24.13 24.00 23.15 24.25 23.64 23.86 23.85 24.60 26.15 25.14 25.37 26.00 25.96 24.91 25.44 25.45 25.99 26.56 26.14 26.02 26.37 26.06 26.07 25.10 25.34 25.40 25.39 24.59 25.50 25.89 26.00 25.77 25.17 25.72 25.90 26.39 26.19 26.41 24.55 25.71 24.72
16.22 14.61 13.67 13.78 14.28 13.44 14.08 15.68 17.39 19.13 18.24 17.21 17.44 16.38 16.98 17.52 18.16 17.63 17.15 16.81 16.99 17.11 17.18 18.73 20.02 20.39 19.85 19.88 21.06 19.97 19.25 19.70 21.24 22.41 23.82 22.74 23.33 23.53 23.59 23.72 24.18 23.35 23.26 24.64 25.30 26.35 25.58 24.93 26.56 25.58 24.15 25.11 26.22 26.03 25.60 25.57 26.29 26.44 25.93 25.56 24.75 24.94 25.65 26.32 25.37 25.95 25.93 25.64 25.36 24.83 25.01 25.23 25.46 25.19 25.35 24.45 25.33
14.91 14.96 15.35 13.87 13.15 14.04 14.14 14.13 15.04 16.06 17.92 17.32 17.68 17.00 16.60 17.36 17.78 17.39 18.26 16.26 15.85 16.90 16.61 17.74 18.38 19.90 20.33 20.30 21.10 20.03 19.70 20.06 20.94 22.12 23.09 23.98 23.32 23.47 23.77 23.68 24.02 23.60 23.26 24.28 24.10 24.93 25.22 24.43 25.38 25.96 25.50 24.99 24.20 25.84 25.27 25.20 25.68 25.61 25.03 26.11 25.61 24.24 25.05 25.88 25.97 25.86 25.69 25.81 25.07 25.32 25.03 24.56 24.39 23.79 24.19 25.29 24.09
14.99 13.56 14.16 14.03 13.78 13.83 13.89 14.39 13.28 14.39 17.00 17.40 17.56 17.05 16.78 16.25 16.99 16.80 17.86 16.51 15.14 16.93 17.93 17.86 17.68 18.13 19.68 20.11 19.94 20.42 19.25 19.95 19.84 21.10 21.89 23.11 23.65 23.61 24.02 24.08 23.59 23.34 23.23 23.22 23.46 23.56 24.34 24.29 24.80 25.17 26.76 26.47 25.13 25.69 24.81 25.56 25.20 26.30 25.99 25.60 26.28 24.24 25.23 24.96 24.53 25.29 25.48 25.34 25.25 24.70 25.14 24.23 24.02 23.33 24.07 23.99 24.10
15.62 14.95 13.93 13.83 14.91 13.61 12.70 13.92 12.06 12.61 14.90 16.94 18.04 18.51 18.81 17.71 17.36 16.68 17.21 16.47 16.04 16.42 17.71 17.97 18.07 18.17 19.28 19.95 20.42 20.60 21.21 19.94 19.73 20.56 22.07 22.39 23.63 23.19 23.57 23.39 23.83 23.52 22.71 23.25 24.12 24.20 23.52 24.49 24.37 24.98 25.94 26.71 26.35 26.26 25.78 26.11 24.81 25.59 26.60 26.03 25.09 25.52 25.52 25.36 24.67 24.96 25.35 24.66 24.53 23.86 24.09 24.56 24.56 23.46 23.30 24.12 22.61
15.44 16.12 15.63 12.88 14.50 14.32 14.15 13.21 11.66 11.35 14.05 15.48 16.45 17.69 18.28 17.86 18.94 17.14 17.11 16.67 16.92 15.65 16.56 16.60 17.92 18.17 18.65 18.62 19.50 20.07 21.23 20.76 20.80 20.04 22.03 21.56 22.72 23.23 23.70 23.69 24.07 23.19 22.52 22.91 24.16 24.44 24.31 23.47 24.16 24.96 25.24 26.66 26.94 26.51 25.52 25.80 24.87 24.12 25.04 25.29 24.79 24.86 25.03 24.48 24.62 25.14 24.80 25.10 23.68 22.92 22.40 23.77 23.94 22.70 23.72 22.69 22.81
15.43 15.41 16.41 15.92 14.68 14.10 14.35 13.69 12.80 12.02 12.80 13.52 14.07 16.77 17.55 17.52 17.56 16.83 16.60 16.00 16.61 16.58 17.01 16.46 17.20 17.43 17.77 18.04 18.02 20.53 20.12 20.36 22.03 21.56 21.76 21.87 22.43 22.52 22.50 22.70 23.38 22.23 23.22 23.45 24.58 24.55 24.18 24.05 23.27 23.89 24.79 25.61 26.50 25.77 25.66 25.33 25.81 25.20 24.32 23.94 25.02 24.48 23.95 24.48 24.62 25.14 24.80 24.40 24.98 23.04 22.73 22.03 23.34 23.63 23.45 22.43 22.58
14.74 16.51 16.33 16.30 14.87 14.75 13.83 13.98 13.59 12.77 12.50 12.86 13.70 14.85 15.69 16.63 16.38 16.78 15.98 16.30 15.80 16.45 16.34 16.90 17.83 16.50 16.85 17.20 17.16 17.95 18.57 19.92 21.89 21.75 20.95 20.53 22.11 22.52 22.33 22.13 22.63 22.45 22.71 23.47 24.07 23.77 23.20 23.35 23.78 24.03 23.84 24.46 24.60 26.40 26.04 25.35 25.56 25.31 24.29 23.85 23.71 24.78 24.58 23.91 23.43 23.43 23.84 23.84 23.86 22.95 22.61 22.00 22.56 23.30 24.12 23.70 22.69
14.45 15.30 15.54 15.86 15.75 14.29 13.47 13.15 14.12 13.64 13.50 12.86 14.37 14.01 14.65 16.00 16.15 15.16 15.21 16.48 16.33 15.95 16.03 16.50 17.00 16.75 17.45 16.89 16.84 18.13 18.38 19.12 19.79 20.62 20.73 19.81 20.70 21.00 21.99 20.59 21.29 21.27 22.98 23.42 22.47 22.73 22.79 22.55 23.41 24.15 23.75 23.91 24.18 24.96 25.52 25.31 24.46 24.88 25.26 23.96 23.42 23.48 23.60 23.81 22.46 22.74 23.28 23.82 24.36 23.80 23.00 22.19 22.62 22.84 23.30 23.71 22.76
15.79 15.26 14.18 15.25 15.38 13.31 13.80 14.61 14.54 14.79 13.61 13.66 15.34 14.04 12.06 13.73 16.17 16.91 15.89 15.37 16.86 15.85 15.53 15.49 15.61 15.96 17.76 17.66 16.96 18.28 17.88 19.55 19.72 19.77 20.33 20.02 19.49 21.06 22.53 21.97 21.72 20.69 22.17 22.69 23.08 22.98 23.04 22.47 22.69 23.18 23.33 23.22 23.49 24.14 24.87 24.81 24.26 23.37 24.10 23.85 23.47 22.94 22.30 22.93 22.90 22.22 21.51 22.48 23.65 23.62 23.52 22.72 22.31 22.51 22.05 22.40 22.64
16.35 15.21 14.70 15.85 15.52 14.15 14.34 15.59 14.81 14.23 14.05 14.19 14.23 14.32 13.47 12.60 14.32 16.00 15.96 15.99 17.43 16.07 15.35 16.26 14.95 15.93 16.69 18.14 18.53 18.61 17.51 19.91 19.74 19.65 19.42 19.64 18.77 19.19 20.28 21.48 22.17 21.38 21.24 22.42 23.74 23.90 23.71 22.59 22.29 22.86 23.31 22.51 23.01 23.48 23.90 24.03 23.49 22.98 23.93 24.57 24.06 23.53 22.47 22.07 21.92 21.93 20.86 20.11 21.01 23.13 22.86 23.15 21.63 21.37 20.72 22.12 21.24
13.78 13.87 14.34 15.08 14.58 13.72 14.57 15.02 15.37 13.36 13.36 12.74 12.53 12.32 13.69 13.98 12.48 13.76 15.00 16.38 17.06 16.28 15.40 16.09 14.70 14.44 15.77 16.88 17.90 18.48 18.51 18.91 18.13 19.22 19.50 19.45 19.14 18.13 17.63 19.42 21.21 21.76 20.96 21.63 23.41 24.24 23.61 23.30 22.20 21.82 23.02 22.41 23.19 22.97 23.02 23.14 22.78 22.89 23.42 24.35 24.67 24.14 22.83 21.36 21.24 21.63 20.23 19.89 19.92 20.94 21.37 22.34 21.14 20.80 20.82 20.77 20.28
13.05 14.36 14.75 14.25 14.18 14.07 14.24 15.03 15.14 14.10 14.60 13.00 13.58 13.00 13.47 12.18 11.59 12.18 13.89 14.02 15.75 15.63 14.56 14.37 14.06 14.81 15.87 16.28 17.15 17.29 17.72 17.40 17.22 18.27 18.06 19.25 18.80 17.56 16.85 18.12 18.85 20.73 20.97 20.68 20.38 22.18 22.98 22.63 23.26 22.51 22.09 22.42 22.94 22.75 22.79 22.49 22.46 22.66 22.68 22.79 23.07 24.11 22.70 21.73 21.41 20.68 20.31 20.13 19.90 18.47 20.38 22.54 19.93 20.30 20.44 20.47 20.17
10.74 12.54 14.30 15.14 13.68 13.10 13.32 14.70 14.21 14.55 14.40 14.20 13.98 13.56 12.87 12.63 12.53 12.80 12.28 11.84 14.04 14.72 13.37 13.57 13.88 13.84 15.04 15.58 15.70 16.38 17.34 18.04 16.72 17.31 17.91 18.16 17.71 18.52 17.48 17.21 18.41 19.45 20.85 20.50 19.94 20.77 22.07 22.02 23.54 23.84 22.16 22.17 21.42 22.02 22.37 22.21 22.98 22.04 22.85 21.96 23.16 23.34 22.13 22.52 20.31 19.69 20.32 20.38 20.81 18.08 19.40 20.83 20.41 20.21 19.25 20.11 20.10
9.48 11.23 13.39 14.66 15.00 13.38 13.06 13.44 13.24 13.51 14.20 13.67 13.46 14.54 13.59 14.52 13.94 12.70 11.36 12.27 12.31 14.05 14.05 12.88 13.49 13.86 15.24 15.60 16.45 16.03 16.83 16.51 16.50 16.59 16.96 16.83 16.65 16.95 17.34 18.34 18.13 19.57 20.12 20.04 20.95 19.69 20.58 22.85 22.68 23.38 22.35 22.51 21.50 21.20 21.70 21.29 21.54 21.94 22.89 21.76 22.96 22.63 22.04 21.55 20.40 19.02 19.88 20.18 21.46 18.70 19.06 19.37 20.13 20.49 20.05 19.87 19.59
11.22 11.47 12.56 13.74 14.65 13.22 12.00 11.14 12.50 13.98 13.60 13.45 14.47 14.60 14.24 14.31 14.91 14.04 12.11 13.02 11.61 12.86 12.64 12.27 12.00 13.58 13.26 15.57 16.36 15.90 15.26 15.93 16.21 16.51 16.36 17.07 16.30 17.01 16.98 17.49 18.90 18.72 19.08 20.10 20.34 19.23 20.12 22.23 21.30 22.27 21.45 22.80 22.02 21.10 20.63 21.28 21.89 21.47 22.21 20.92 21.33 22.52 22.15 22.25 20.52 19.14 19.91 18.19 20.94 18.60 19.02 17.58 19.23 20.13 19.73 19.22 20.17
13.08 10.87 12.68 13.87 14.06 12.87 10.97 12.10 12.50 12.58 12.55 13.22 13.98 14.11 14.99 14.59 14.78 14.35 13.20 12.26 11.16 11.74 12.00 12.22 11.48 11.35 12.13 13.23 12.72 14.42 15.23 16.16 16.84 16.19 15.71 15.68 16.90 16.78 17.36 16.65 17.04 17.79 18.38 19.13 19.72 18.38 19.80 20.99 21.21 21.37 21.38 22.07 22.12 21.18 20.11 19.79 21.34 20.87 20.63 20.14 20.38 21.02 21.21 21.23 20.87 19.42 19.51 17.72 19.88 18.93 18.09 17.60 18.58 18.51 19.21 20.38 18.93
12.77 12.36 12.55 13.52 14.38 13.27 11.93 12.28 11.57 11.85 12.29 13.97 14.39 14.23 14.05 14.23 13.81 14.70 13.09 13.05 11.21 12.04 11.81 12.59 10.25 9.74 9.74 11.30 11.42 12.65 13.02 16.01 16.36 16.58 16.20 16.11 15.87 16.90 16.80 15.74 16.38 17.20 17.06 18.20 18.36 18.05 19.04 19.45 20.70 20.66 21.47 21.37 20.90 20.62 20.48 20.35 20.04 19.89 20.85 19.43 21.30 19.33 20.70 19.75 19.71 19.29 18.01 17.64 18.36 18.29 18.09 17.62 15.70 16.64 16.91 20.50 18.08
12.84 13.78 13.38 12.75 14.47 13.60 11.78 10.34 10.16 11.90 13.36 13.62 13.17 14.30 12.66 12.89 12.72 14.70 14.71 13.69 12.85 13.53 12.88 11.90 10.04 10.10 9.89 9.95 9.50 10.49 11.83 14.96 16.91 16.78 15.49 16.41 16.43 16.17 18.00 17.38 15.89 16.40 16.61 17.53 16.63 16.61 16.74 18.93 19.46 19.31 19.92 20.96 19.73 20.54 20.39 20.55 20.28 19.96 19.15 19.05 19.24 19.15 19.02 19.12 18.90 19.97 18.60 18.05 17.17 17.46 17.82 17.36 14.36 14.52 15.36 16.13 16.27
13.31 13.61 13.66 13.36 14.04 13.57 11.44 9.82 8.64 10.21 12.06 12.63 12.92 12.96 12.53 12.53 12.86 14.31 15.95 16.61 15.94 14.30 13.57 11.85 9.30 10.19 10.60 9.69 8.38 10.50 11.41 12.56 14.80 15.68 15.50 15.90 16.17 16.07 16.55 17.26 14.96 15.06 15.55 16.66 16.83 15.47 16.21 17.85 19.34 19.15 20.07 19.58 19.32 19.52 20.85 20.12 18.94 19.41 18.33 17.76 19.19 18.83 18.81 19.03 18.18 18.28 19.09 18.02 16.97 15.47 16.78 15.67 15.33 14.14 13.62 12.86 12.70
14.46 14.11 14.42 13.06 13.47 13.32 12.30 10.31 9.18 10.38 10.52 11.12 13.21 13.32 12.23 12.88 13.90 14.73 16.01 16.63 16.48 14.39 12.30 10.19 9.65 9.05 9.70 10.08 9.63 10.22 10.69 11.37 12.08 14.09 15.00 16.05 15.98 15.86 15.75 16.58 14.26 13.49 13.57 14.87 16.82 15.09 16.11 16.28 18.48 18.56 18.88 19.50 19.01 19.82 19.67 19.25 18.85 16.81 17.61 15.67 17.77 18.18 18.34 17.14 17.86 17.00 17.73 17.11 16.38 15.70 14.83 14.93 15.13 14.16 12.07 10.85 13.84
14.98 14.39 13.86 13.34 12.74 11.23 11.84 10.12 9.47 9.91 9.77 9.98 12.53 12.67 12.39 12.37 13.59 13.87 15.26 14.89 15.00 13.25 11.57 10.10 8.60 8.06 7.76 9.28 9.87 10.99 11.17 11.33 12.49 13.57 13.26 13.94 14.50 15.16 16.48 16.46 14.66 13.55 12.73 14.02 15.67 15.29 14.94 15.70 15.99 16.97 18.71 17.69 18.35 18.06 18.96 17.93 18.01 15.92 17.73 16.23 17.88 16.46 18.78 18.44 16.55 16.66 15.77 15.61 16.33 15.80 15.82 14.67 14.21 12.46 11.21 12.30 12.96
14.57 15.17 14.30 13.80 13.35 12.87 13.21 10.27 9.85 11.01 10.80 10.31 10.67 12.35 13.27 12.38 13.08 13.68 14.27 13.57 13.48 13.50 11.66 10.24 9.18 8.44 8.32 8.59 9.52 11.76 12.61 13.12 11.78 11.44 12.86 12.44 13.29 14.34 16.40 15.76 15.65 14.52 13.55 14.38 15.01 15.02 15.02 15.24 15.37 15.48 17.59 17.47 17.58 17.91 17.89 17.05 16.92 16.60 17.85 16.62 17.92 17.79 18.64 16.06 15.46 15.93 14.04 15.22 16.10 15.60 15.13 15.24 12.38 11.53 11.02 14.39 12.27
13.30 13.95 14.14 13.48 14.80 14.49 13.04 10.79 9.66 10.48 10.43 10.95 11.52 12.16 11.48 12.00 12.73 14.60 14.59 14.76 14.13 12.97 12.26 10.38 8.96 9.45 9.15 9.01 9.58 9.59 12.42 12.86 11.86 10.56 10.12 11.14 12.20 12.69 14.42 14.78 15.40 15.82 13.16 14.00 14.89 14.94 14.24 14.60 15.43 14.61 16.63 16.12 16.16 17.55 16.10 16.63 14.98 15.41 18.72 17.26 16.97 17.24 15.88 14.80 15.35 13.16 15.86 14.58 15.33 15.46 15.69 16.13 14.23 12.68 16.83 15.08 10.66
11.90 13.44 14.53 14.29 16.82 14.96 12.70 10.61 9.38 10.94 11.60 12.69 11.40 10.63 10.26 9.76 11.26 13.25 13.50 14.90 14.05 13.23 11.95 12.62 9.36 10.18 10.15 9.90 9.48 9.63 10.76 11.30 10.67 10.58 10.99 11.93 12.54 12.56 15.07 15.43 14.67 13.85 14.84 14.65 15.04 14.72 14.19 14.25 14.64 13.79 15.31 14.67 15.76 15.49 16.60 16.58 14.69 16.69 17.41 17.62 18.33 16.14 15.93 15.71 15.20 14.91 16.67 17.06 14.95 15.11 14.80 14.68 13.82 13.48 15.43 11.06 9.32
12.52 14.04 14.39 13.37 14.46 13.23 12.37 11.20 9.35 11.03 13.42 13.14 11.71 9.82 9.12 9.47 10.78 12.43 13.32 13.88 13.90 13.61 13.02 10.81 10.60 10.10 9.62 9.52 10.54 10.41 11.43 11.34 10.67 11.96 11.86 12.63 11.65 12.34 14.01 13.63 13.51 13.50 14.45 15.47 14.42 14.70 14.07 13.46 14.28 14.86 14.75 15.30 15.91 14.15 15.06 16.47 15.34 15.97 18.21 17.68 18.68 17.42 18.42 16.95 14.12 15.71 18.46 17.82 16.33 13.50 13.44 13.83 13.76 13.54 14.82 10.71 9.96
12.33 12.78 12.45 11.00 11.18 11.00 12.04 11.40 9.46 11.72 13.38 12.48 11.52 9.03 9.88 9.58 10.22 10.84 11.43 12.28 14.49 13.21 13.32 11.40 10.68 9.73 9.02 8.79 9.08 9.78 12.52 10.86 10.97 12.31 12.48 11.87 12.07 13.02 13.58 14.17 13.85 14.43 14.07 14.04 14.81 15.54 15.17 14.17 12.84 13.92 14.88 14.59 13.47 14.31 15.52 16.73 17.82 17.57 17.95 16.87 18.56 18.65 17.70 14.89 15.34 17.24 14.59 16.53 17.55 14.70 13.19 12.05 13.09 11.74 12.42 10.83 11.59
13.36 13.34 12.92 11.17 10.65 10.49 10.44 10.77 11.01 11.91 12.13 13.19 12.97 10.30 9.46 8.76 8.38 9.22 10.95 12.54 13.50 13.22 13.52 11.34 11.36 12.38 10.09 9.00 10.15 9.00 12.50 10.17 10.93 11.63 12.57 10.95 12.33 12.47 12.35 14.41 13.48 14.41 14.71 14.22 14.82 13.38 16.25 15.44 12.79 13.23 13.59 14.67 12.74 14.58 15.00 16.91 16.19 16.99 16.81 14.83 16.25 16.77 15.85 13.27 13.99 14.26 14.09 14.15 14.23 11.58 11.83 10.80 12.20 12.76 10.41 9.50 11.38
12.42 13.84 13.39 10.26 10.40 10.34 11.11 10.72 11.33 11.03 11.28 14.77 13.85 10.52 8.79 8.97 7.61 9.42 10.24 10.65 12.57 12.01 12.44 11.14 11.43 12.87 11.45 9.68 9.53 9.46 10.00 9.49 9.93 11.81 11.12 10.23 10.49 10.93 12.40 14.62 15.21 14.01 14.73 15.56 14.83 12.49 14.11 13.69 13.42 12.18 12.89 13.27 13.32 13.52 15.07 17.25 14.86 14.05 14.44 14.60 16.63 17.55 15.06 14.66 12.77 11.50 14.28 13.45 12.92 13.34 13.31 10.72 11.38 13.35 13.00 11.64 11.02
10.84 12.48 13.60 14.38 11.32 11.44 9.85 11.15 11.67 12.30 12.78 14.35 14.30 12.39 10.70 8.75 8.36 9.83 9.32 10.22 11.87 10.68 10.98 10.14 11.88 12.88 11.00 9.49 9.72 10.10 9.73 9.92 9.52 9.89 10.06 10.75 10.75 11.14 14.56 15.97 14.92 14.08 13.74 16.35 15.04 11.53 10.29 12.93 12.32 12.70 14.34 15.02 13.85 14.01 15.22 16.48 15.77 14.02 14.84 15.05 15.43 16.68 16.44 14.61 13.03 12.68 14.07 12.35 11.47 10.90 8.52 10.64 12.62 9.85 12.15 13.10 11.69
9.74 10.08 12.63 13.19 12.13 11.83 9.40 9.45 11.85 12.56 13.03 14.53 14.48 13.18 11.58 10.60 9.34 9.85 9.19 10.90 10.93 9.59 10.23 9.01 12.14 12.58 10.23 9.53 10.00 9.25 11.20 10.63 10.18 11.14 10.62 10.69 11.44 12.07 13.00 14.28 13.26 13.32 13.44 13.56 14.45 11.54 12.29 12.50 12.69 13.12 12.65 13.25 14.01 14.63 14.14 14.40 15.63 13.76 13.78 15.41 16.17 13.81 15.02 14.34 14.37 12.42 12.13 10.18 9.14 9.81 10.81 13.00 13.93 14.75 14.99 13.58 8.32
