main/data/irradiance/02.03.2023.grid
ncols 839
nrows 679
xllcenter 112.0500
yllcenter -43.9500
cellsize 0.0500
nodata_value 99999.90
[rows 272 to 305 of 679, columns 539 to 615 of 839]
12.90 13.01 13.09 12.76 12.27 11.87 13.45 13.61 13.00 12.15 11.82 11.44 11.58 11.62 11.55 11.76 12.40 12.49 13.04 13.28 11.72 10.72 11.03 10.54 10.93 11.80 11.99 11.38 10.57 10.23 10.51 11.86 12.61 12.30 12.45 12.37 12.54 12.37 11.61 11.38 12.15 11.30 10.03 9.20 9.89 11.43 11.51 11.52 11.04 10.53 11.04 11.24 11.33 11.10 10.98 10.72 11.10 10.83 11.00 11.15 11.83 12.14 12.81 13.13 12.37 11.96 11.07 10.47 10.58 9.27 8.38 8.11 8.65 8.80 9.61 10.19 9.76
13.26 11.79 12.23 12.53 11.76 12.16 13.65 14.35 13.30 12.18 11.96 11.34 11.93 11.63 10.24 10.99 12.55 12.39 13.51 13.27 11.30 10.23 11.36 10.58 11.04 11.62 10.62 9.68 8.81 8.62 9.58 10.82 11.66 11.83 12.07 11.69 11.19 11.28 11.22 10.75 10.46 10.34 9.62 9.50 10.26 11.02 11.37 12.05 11.15 11.34 10.85 10.99 11.65 10.61 10.55 10.42 10.67 10.07 10.39 10.75 12.08 11.82 11.93 11.81 11.87 11.86 11.94 11.40 10.72 10.39 8.78 8.30 9.07 8.81 9.34 9.04 9.37
13.09 11.53 11.53 11.90 11.29 11.24 12.81 13.61 13.48 13.36 13.09 12.40 11.68 11.66 10.61 11.55 12.54 11.70 12.10 12.64 10.12 9.70 10.48 11.05 10.90 10.16 10.14 8.50 8.27 8.17 8.93 10.60 11.20 11.02 10.84 11.21 12.15 11.73 10.26 9.58 9.72 10.15 9.56 9.93 11.16 11.33 12.07 11.93 10.77 10.18 10.38 10.37 10.60 9.81 9.76 10.29 10.46 10.97 11.25 11.19 11.07 11.04 11.15 11.78 11.44 11.53 11.74 12.38 11.56 10.39 9.53 8.79 8.73 8.09 8.72 9.38 9.18
13.04 12.68 12.53 13.04 11.64 11.42 11.49 12.11 13.46 13.43 13.05 12.44 12.70 12.06 12.03 12.49 13.04 11.54 11.26 11.07 10.24 10.82 10.81 11.51 10.82 9.85 9.34 8.67 7.90 7.37 8.94 10.31 10.65 10.89 11.60 11.73 11.50 10.96 9.28 9.96 10.48 9.71 9.81 9.94 9.73 11.56 12.65 10.56 10.56 10.46 10.03 10.20 10.96 11.33 10.82 10.79 10.57 11.05 10.61 11.37 10.17 10.04 10.57 11.05 10.86 10.74 11.06 12.00 11.69 10.83 10.78 9.63 9.57 9.51 9.26 9.59 9.26
13.64 14.37 13.15 11.72 11.61 11.93 11.63 11.89 12.70 12.64 12.79 13.33 12.88 12.68 12.79 13.83 13.27 11.71 11.48 11.85 11.87 12.04 11.39 10.94 9.38 9.06 9.03 8.96 8.46 7.46 8.63 9.00 8.76 9.46 10.56 11.10 10.06 10.42 9.43 9.95 10.53 9.44 10.09 9.30 9.29 11.59 11.81 10.07 9.98 10.85 11.15 11.11 11.44 11.55 10.71 10.39 9.90 10.04 10.60 10.68 10.18 9.84 9.93 9.98 10.28 10.56 10.38 10.81 11.04 11.14 11.31 10.95 10.40 11.14 10.11 9.25 9.08
12.39 12.86 11.83 12.11 11.69 11.35 12.11 12.64 12.86 12.61 11.41 12.80 13.71 12.43 12.95 13.55 12.92 11.87 11.75 13.24 12.64 12.59 11.95 10.49 9.70 9.52 9.27 9.42 8.60 8.57 8.65 9.76 9.78 9.33 9.78 10.36 10.42 9.82 9.44 9.59 10.19 10.19 10.82 9.46 9.13 10.77 11.17 9.93 10.51 11.76 11.53 11.09 10.90 10.85 10.49 10.48 10.87 10.69 10.44 10.24 9.82 9.78 9.63 9.96 10.57 10.29 10.40 10.93 10.77 10.45 10.95 10.18 9.83 9.97 9.43 9.12 8.77
11.75 12.13 12.14 12.51 12.04 11.84 12.18 13.10 13.97 13.73 13.27 13.20 13.81 12.97 13.24 13.66 13.04 12.15 11.73 13.40 13.12 12.69 11.77 10.77 10.25 10.10 9.83 9.37 9.26 9.07 9.11 9.60 9.53 10.07 10.71 10.51 10.73 10.09 10.14 9.28 9.25 10.87 11.02 10.51 9.61 10.52 10.41 9.80 10.65 11.42 11.33 10.73 10.62 11.44 10.49 10.14 11.14 11.07 10.19 10.34 10.05 10.43 10.64 10.86 10.82 10.84 10.32 10.13 10.26 10.17 10.49 10.63 10.57 10.37 9.93 9.98 9.58
11.46 10.65 10.96 11.51 11.69 11.55 12.34 13.21 14.29 13.95 14.06 14.19 13.67 13.58 13.58 13.42 13.56 11.53 11.18 12.28 12.01 12.11 11.30 11.63 10.40 10.58 9.50 9.25 9.57 9.69 9.42 9.10 9.28 9.62 10.57 10.94 11.05 10.80 9.40 9.76 9.59 10.83 11.11 11.83 11.09 11.59 10.62 10.80 11.72 12.17 11.60 11.22 11.15 10.96 10.20 10.45 11.04 11.33 10.68 10.50 10.97 11.63 10.69 10.49 10.09 9.90 9.70 9.80 9.84 10.17 10.11 10.23 10.43 11.01 10.30 10.09 9.69
11.02 10.57 11.01 11.12 11.25 10.83 12.03 13.38 13.91 13.61 13.79 14.63 13.57 13.78 14.55 13.73 12.50 12.78 11.72 11.86 11.87 12.69 11.77 11.36 10.06 10.03 9.45 9.72 9.79 10.38 10.17 9.78 9.28 9.52 10.56 10.96 10.50 10.52 9.46 9.52 9.93 10.59 11.17 11.63 11.60 12.17 12.21 12.31 12.19 12.19 11.73 11.90 11.66 10.93 10.89 11.27 11.32 11.80 11.87 11.56 11.66 11.24 10.67 10.33 10.19 10.08 9.74 9.58 9.48 9.96 9.92 9.75 10.42 10.60 10.11 9.57 8.92
9.87 10.00 9.90 10.65 11.06 10.48 11.16 12.15 13.19 13.07 12.40 12.63 11.90 12.24 13.32 13.05 12.73 12.83 11.77 12.74 12.41 11.98 11.57 11.51 10.23 9.99 9.74 9.66 9.96 10.68 10.53 11.22 10.38 9.91 10.72 11.58 10.78 10.56 10.62 10.24 10.40 10.69 11.45 12.25 11.80 12.09 12.11 12.33 12.99 12.38 12.20 12.45 12.21 11.67 12.58 12.52 11.94 12.38 12.55 12.73 12.18 11.27 11.06 11.31 10.79 11.15 11.18 10.74 9.66 9.57 9.67 9.75 9.54 9.35 9.15 8.88 8.47
9.26 8.89 9.26 10.28 10.62 10.42 11.17 11.43 11.92 12.90 12.21 11.35 10.63 10.71 11.55 12.35 12.52 11.91 11.39 12.42 12.38 11.79 12.62 12.67 11.99 11.91 10.85 10.65 10.34 10.94 12.12 11.99 11.92 11.95 11.66 11.68 11.00 10.42 10.82 11.16 11.22 10.73 10.93 11.88 12.99 12.34 12.63 12.83 13.10 12.54 12.31 12.63 12.62 12.22 12.60 12.81 13.22 13.10 13.12 13.34 13.20 12.96 12.17 12.12 11.34 11.69 12.19 10.87 9.49 8.88 8.87 9.78 9.21 8.22 7.76 8.52 8.17
8.91 9.34 9.65 10.36 10.35 10.32 10.66 10.67 11.21 11.64 11.10 10.79 10.34 9.48 10.35 11.34 11.96 10.95 10.23 11.39 11.95 11.29 12.32 13.48 13.10 13.03 12.40 11.68 11.41 11.47 12.18 12.06 12.66 12.66 12.33 11.86 11.71 11.71 11.58 11.43 12.57 11.76 11.25 11.39 13.64 13.32 12.80 13.03 12.73 12.86 12.27 12.64 12.47 12.50 12.44 12.74 13.39 13.64 13.43 12.99 13.08 13.04 13.17 12.73 12.59 11.33 11.23 11.26 10.92 9.56 9.30 9.69 9.50 8.61 8.39 9.21 8.70
8.71 9.78 8.95 10.07 9.84 9.07 10.01 10.31 10.46 10.19 9.58 9.97 11.52 11.42 11.76 11.31 12.08 11.24 10.72 11.19 12.17 11.50 11.04 11.32 11.66 12.84 13.53 13.15 12.41 12.42 12.71 12.58 12.63 12.54 12.51 11.93 10.96 10.94 11.73 11.95 12.31 11.89 12.09 11.83 13.11 13.08 12.36 12.13 12.35 13.21 13.24 13.28 13.32 13.48 12.82 12.90 13.45 13.71 13.25 12.84 13.14 12.77 12.31 12.24 12.69 11.94 11.91 11.79 12.41 11.33 10.72 10.12 10.03 9.62 9.64 9.60 8.81
9.50 9.94 9.40 10.02 10.68 9.75 8.53 9.57 9.63 9.24 9.21 9.39 10.46 10.53 11.52 12.05 11.73 11.28 11.73 11.62 11.80 11.61 10.96 10.97 11.32 11.58 11.82 12.25 12.22 12.02 12.27 12.48 12.62 11.95 11.79 11.63 11.04 11.24 11.69 12.41 12.50 12.59 12.46 12.46 12.28 12.21 12.20 12.07 12.23 12.61 12.95 12.93 13.35 13.55 13.28 12.99 13.40 13.71 13.27 12.79 12.66 12.92 12.53 11.52 12.12 11.96 11.78 11.17 11.23 12.23 11.66 11.25 11.05 10.98 10.87 10.82 9.88
9.89 10.85 11.44 11.09 11.13 11.20 10.51 10.66 9.02 9.29 9.59 9.99 10.11 10.19 10.52 11.72 11.74 11.65 11.69 11.20 10.82 10.91 10.75 11.66 11.53 11.33 10.85 11.64 11.93 12.54 12.19 11.30 11.80 12.05 11.53 11.71 11.95 12.01 12.02 12.21 12.24 11.68 11.86 12.31 12.33 12.44 12.96 13.18 12.99 13.12 12.96 13.37 12.99 13.51 13.70 13.20 13.29 13.22 12.76 12.17 11.92 12.35 13.03 12.10 11.78 11.91 12.39 11.76 12.11 12.25 11.87 11.86 12.47 12.51 11.25 10.46 9.87
10.12 10.80 11.35 11.45 11.27 10.94 11.76 12.53 11.18 9.30 9.91 11.39 9.79 10.14 10.55 11.67 12.73 12.34 10.83 10.46 10.61 10.69 10.63 11.17 11.43 11.76 11.41 10.95 11.48 11.95 11.93 11.52 11.36 11.62 11.45 11.77 12.36 12.04 11.78 11.67 11.52 11.30 11.04 11.66 12.15 12.94 13.24 13.42 13.19 13.11 13.24 13.39 13.06 13.26 13.65 13.79 13.75 13.52 13.11 12.92 12.77 12.86 13.06 12.23 12.31 12.32 12.91 13.11 13.25 12.66 11.97 11.82 12.00 12.64 11.86 11.14 10.33
10.26 10.48 10.70 10.98 11.18 10.94 11.23 10.88 11.87 11.30 10.87 11.06 10.54 11.13 11.71 12.37 12.81 12.38 10.49 10.32 10.84 11.84 11.87 11.21 11.86 12.44 12.23 11.72 11.45 12.09 12.79 12.83 12.12 12.24 12.42 12.64 12.52 12.57 12.56 12.45 11.25 10.77 10.67 11.00 11.19 11.94 12.86 13.25 12.67 12.69 12.82 12.27 13.29 13.46 13.28 13.40 13.12 14.06 13.96 13.76 13.32 13.05 12.91 13.23 13.53 13.14 13.65 13.99 13.90 12.92 12.49 11.50 11.47 12.09 11.61 10.81 11.02
10.25 10.31 10.72 11.11 12.04 11.18 11.01 11.21 9.85 11.18 11.99 10.43 10.11 11.81 12.12 11.50 11.91 12.97 11.37 10.50 10.56 11.19 11.51 11.42 11.47 11.44 11.41 10.48 10.74 11.45 12.40 12.74 12.52 11.99 12.51 12.86 12.63 12.69 12.91 12.62 11.77 10.92 10.56 10.95 11.69 12.45 12.70 12.62 12.29 12.35 12.41 12.29 13.55 14.18 13.84 13.48 13.22 13.53 13.69 13.52 13.98 13.86 13.81 13.81 13.80 13.81 13.79 13.78 13.78 12.98 12.63 12.27 11.74 11.26 11.04 10.87 9.98
10.26 10.08 10.31 10.82 11.77 11.37 10.72 11.35 10.87 10.52 11.44 11.02 10.49 11.18 11.93 11.20 11.85 12.57 11.86 11.68 11.13 11.58 11.42 10.64 10.29 10.09 10.67 10.14 9.96 10.59 11.07 11.51 11.74 11.94 12.20 12.34 11.70 11.11 11.37 12.46 12.35 11.41 10.49 11.29 11.54 12.21 12.75 12.75 12.59 12.82 12.85 13.46 14.02 14.34 14.46 13.66 13.25 12.67 12.60 12.92 12.98 12.71 13.48 13.88 13.93 13.96 13.85 13.20 12.97 12.75 13.01 13.05 12.46 11.77 11.16 10.98 11.01
10.70 10.43 10.09 10.16 10.49 11.03 11.54 11.70 11.46 11.40 10.76 11.24 11.09 11.12 11.69 12.05 12.63 12.64 11.90 11.58 12.25 12.56 13.16 12.64 12.07 11.93 11.48 11.15 10.60 10.76 10.73 11.51 11.24 11.41 11.94 12.16 11.13 10.43 10.52 10.81 11.02 10.66 10.90 10.94 11.44 11.88 12.98 13.23 12.58 12.85 13.36 13.68 13.77 13.83 14.23 13.84 13.81 12.91 12.73 13.31 13.34 13.18 13.05 13.73 14.66 14.21 13.76 12.93 12.71 12.55 12.91 13.11 12.36 12.50 12.21 11.34 11.31
11.40 11.49 10.98 10.52 10.97 11.12 11.63 11.44 10.67 10.51 9.69 10.85 10.85 11.22 10.93 11.36 12.17 13.01 13.04 12.67 12.11 11.84 12.81 13.21 12.83 12.42 12.04 12.04 11.85 11.50 11.45 11.92 11.53 12.01 11.62 11.36 10.63 10.78 11.08 10.37 10.16 10.53 10.44 11.53 11.68 12.01 12.14 12.69 12.90 12.94 13.01 13.33 13.98 14.06 12.86 13.25 13.75 13.70 12.91 12.92 12.73 12.38 12.59 12.99 13.26 13.34 13.00 12.76 12.37 12.16 12.15 12.66 12.47 13.32 13.80 13.40 13.01
12.33 12.68 11.85 11.73 12.06 12.14 12.37 11.48 11.16 11.26 10.26 10.68 10.95 11.10 11.73 11.73 11.45 12.14 13.06 12.84 12.43 11.95 12.16 12.76 13.47 13.70 12.93 12.77 12.86 12.76 12.69 12.94 12.73 12.58 11.92 11.00 11.04 10.62 10.74 10.80 10.20 10.62 10.51 11.13 11.90 12.19 12.22 12.34 11.86 11.82 12.54 13.52 13.98 14.46 13.54 13.53 13.55 13.15 12.80 12.09 11.90 11.97 11.39 11.40 11.93 12.50 12.83 12.22 12.07 12.42 12.40 12.74 12.94 12.71 13.22 14.12 14.26
13.03 12.82 12.21 12.01 12.40 12.56 12.55 12.19 11.15 11.14 11.02 11.21 11.19 11.23 11.52 12.19 12.13 12.48 12.72 11.99 12.12 12.33 12.74 12.53 12.25 13.15 13.24 13.13 13.12 13.45 13.34 13.52 13.18 12.16 12.24 11.73 10.36 10.77 10.55 10.53 10.53 10.36 10.32 10.40 11.35 11.49 12.03 11.49 11.27 12.18 12.54 12.88 13.78 14.01 14.09 13.84 14.10 13.37 12.55 11.82 11.71 11.79 11.30 10.85 11.68 11.83 12.65 12.54 12.58 13.49 13.90 13.60 13.18 13.20 13.43 13.55 14.15
12.31 12.04 11.98 12.14 13.58 12.89 13.10 12.72 11.39 10.91 10.86 11.39 11.79 11.43 10.70 11.32 11.39 11.17 12.69 12.45 12.11 12.45 13.35 12.85 12.27 12.11 12.32 12.55 12.21 12.74 13.00 12.67 11.73 10.98 11.26 11.18 9.92 9.92 10.54 10.95 11.02 10.95 10.67 11.13 11.12 10.35 10.23 10.44 11.00 11.94 12.18 11.79 12.41 13.15 13.69 13.24 14.27 14.39 14.00 13.44 13.28 13.25 12.51 12.05 12.11 13.07 13.50 13.60 14.57 14.70 14.17 13.44 13.62 13.45 13.11 12.89 13.48
11.57 12.99 13.16 14.13 15.75 14.59 12.57 12.38 10.78 10.46 10.98 10.89 10.70 10.71 10.18 10.15 10.84 12.06 12.21 11.83 11.27 11.81 12.51 12.72 11.93 11.61 11.52 11.11 11.13 11.61 11.96 11.19 11.10 11.64 11.73 11.52 10.83 9.64 10.34 11.19 11.44 11.29 11.06 11.01 11.22 10.55 9.94 9.89 10.19 10.80 11.67 11.74 11.50 12.46 12.66 12.62 13.60 14.23 14.25 14.34 13.77 13.51 13.86 12.87 12.42 13.10 14.07 13.60 13.87 13.90 13.56 13.98 14.23 14.07 14.16 13.92 14.17
11.61 11.87 12.18 12.62 13.75 13.70 12.83 10.35 10.33 11.45 11.64 10.67 10.17 9.92 10.16 11.28 11.38 10.79 11.17 11.67 11.86 11.87 12.53 12.43 12.20 12.40 11.89 11.21 10.76 12.27 11.92 11.18 11.31 11.85 11.71 11.67 11.55 11.20 10.60 10.44 10.33 11.08 11.39 11.27 11.23 11.00 11.00 10.75 10.08 10.28 10.87 11.92 11.99 11.92 12.26 12.23 13.21 13.97 13.95 13.48 14.11 13.14 13.62 13.67 13.25 13.60 13.78 14.09 14.51 14.39 14.58 14.63 14.82 13.90 13.71 13.76 13.77
10.74 11.32 11.73 12.31 12.00 12.02 12.24 10.99 10.50 10.71 11.43 11.81 12.09 11.66 11.89 10.87 10.51 10.66 11.26 11.88 11.95 11.33 11.41 12.64 12.33 12.12 12.46 11.65 11.34 10.70 10.54 11.82 12.01 11.82 12.14 11.52 11.26 11.32 10.75 10.63 11.12 12.15 11.72 11.71 12.15 11.72 12.27 12.48 12.51 11.75 12.04 12.35 12.61 12.53 13.09 13.83 13.75 14.24 14.44 14.64 14.30 13.89 13.72 13.64 13.60 14.01 14.37 13.99 15.13 15.02 14.96 15.03 14.81 13.92 14.62 13.75 13.55
10.65 11.12 12.06 11.90 11.93 11.48 12.66 12.63 11.97 12.02 12.17 12.38 11.68 11.30 11.01 10.67 10.41 11.13 11.28 10.80 10.74 10.97 11.18 11.58 12.04 11.04 10.98 10.78 10.62 10.00 9.56 10.28 11.25 12.07 12.69 12.47 11.74 10.82 10.66 10.63 10.67 11.00 11.32 11.79 12.14 12.58 12.50 12.78 12.72 12.94 13.26 12.73 12.64 13.35 13.42 13.85 13.77 14.18 14.64 14.77 14.39 14.82 14.60 14.55 14.77 15.07 14.03 14.42 14.19 15.13 15.10 15.75 16.08 15.49 15.14 14.28 13.29
12.32 12.82 12.10 11.78 11.80 11.88 12.03 11.65 12.97 12.91 12.87 12.40 12.14 11.50 11.43 11.63 11.61 12.14 12.16 11.33 11.04 11.23 11.17 10.90 11.60 11.87 11.75 11.01 11.03 10.34 10.12 9.98 10.57 11.68 12.60 13.36 13.20 12.04 11.65 11.39 10.90 10.57 10.93 11.99 12.56 12.96 12.85 11.97 12.14 12.62 13.39 13.15 12.41 12.54 12.65 12.87 12.93 13.91 14.21 13.62 14.37 14.70 14.54 14.92 14.88 14.62 14.25 13.70 13.69 14.76 15.31 16.11 16.69 16.04 15.04 14.55 14.00
15.67 15.28 14.33 13.06 12.49 12.65 12.19 12.09 12.83 13.56 13.59 13.15 13.44 13.11 12.44 12.38 12.87 13.33 12.96 12.47 11.89 11.58 11.03 10.35 11.34 11.50 11.70 11.65 11.41 11.52 11.74 11.14 10.93 12.07 12.69 13.61 13.48 12.46 12.29 12.22 11.29 11.39 11.73 12.34 12.52 12.56 13.23 12.46 13.06 12.92 13.39 13.19 12.51 12.57 12.76 11.74 12.50 13.53 13.79 13.23 13.95 14.12 14.20 13.89 14.81 14.09 14.24 14.56 13.94 14.39 14.69 14.47 15.42 16.16 15.24 15.57 15.42
18.17 18.18 17.05 15.99 15.02 14.75 13.66 13.57 14.07 14.19 14.34 14.46 14.65 14.29 13.97 13.74 14.16 13.88 12.92 13.29 14.00 14.18 13.33 12.48 12.18 11.90 12.20 11.55 11.34 12.16 12.97 12.27 12.74 13.54 13.66 13.49 14.07 13.44 13.09 12.58 12.18 11.67 11.84 11.97 12.36 11.28 13.62 14.47 14.42 14.00 13.70 13.18 13.16 13.61 14.20 13.58 13.11 12.76 12.57 12.33 13.66 14.33 14.28 13.69 14.70 14.76 14.17 14.17 13.91 13.43 13.83 12.81 13.64 13.52 13.55 14.78 15.04
18.92 19.12 19.24 18.37 17.58 16.38 16.00 15.53 15.27 15.58 15.78 15.48 15.52 15.61 15.77 15.53 14.88 14.39 14.20 15.03 15.44 14.87 13.88 14.88 13.98 13.60 12.79 11.93 11.76 12.37 13.74 12.64 13.46 14.20 13.75 14.15 14.48 14.23 13.84 13.47 12.83 12.39 12.76 12.59 12.85 13.12 14.37 15.22 15.26 16.54 16.65 16.26 15.99 15.05 15.25 14.51 14.11 14.05 13.31 13.37 13.86 13.97 14.17 14.43 13.80 13.64 13.78 14.15 14.25 12.81 12.61 12.59 12.49 12.11 12.68 13.08 13.34
19.68 20.47 20.79 19.87 20.03 19.94 19.03 17.83 16.63 16.68 17.58 17.30 17.07 17.58 16.80 16.80 16.33 16.25 15.79 15.95 16.92 17.38 16.41 16.85 16.04 15.21 14.64 14.27 13.61 13.89 13.47 13.05 14.09 13.95 13.59 13.84 14.95 15.49 15.53 15.15 14.99 14.29 14.37 14.51 14.70 14.68 15.79 16.74 17.81 17.20 17.31 17.48 17.68 16.79 16.12 14.96 14.61 14.37 14.68 14.53 13.91 13.73 14.50 15.08 14.33 13.53 13.71 13.69 13.45 12.04 12.54 12.63 12.76 12.20 12.34 12.65 12.83
19.82 20.56 21.43 21.38 20.99 22.05 21.03 20.42 19.71 19.17 19.82 20.85 20.02 18.96 19.10 19.20 18.93 18.83 18.35 17.87 18.15 18.36 18.66 18.78 18.37 17.69 16.67 15.58 15.40 15.82 14.40 13.57 13.99 12.95 13.21 14.50 14.84 14.64 14.79 15.32 15.54 14.96 15.11 15.40 15.95 15.57 15.30 16.33 17.28 17.81 17.89 17.52 17.69 17.63 17.25 16.42 15.59 15.70 15.40 15.00 14.61 14.46 14.35 14.92 14.27 13.63 13.09 12.66 12.51 12.97 12.06 12.53 12.75 13.17 13.17 12.77 13.25
