main/data/irradiance/02.09.2023.grid
ncols 839
nrows 679
xllcenter 112.0500
yllcenter -43.9500
cellsize 0.0500
nodata_value 99999.90
[rows 442 to 475 of 679, columns 693 to 769 of 839]
18.23 18.18 18.21 18.30 18.27 18.22 18.22 18.23 18.21 18.36 18.27 18.30 18.27 18.19 18.20 18.31 18.16 18.22 18.18 18.35 18.32 18.25 18.16 18.23 18.23 18.30 18.38 18.38 18.35 18.25 18.36 18.40 18.32 18.27 18.33 18.33 18.38 18.32 18.34 18.33 18.28 18.26 18.28 18.27 18.26 18.26 18.27 18.39 18.38 18.30 18.37 18.30 18.27 18.38 18.39 18.42 18.41 18.40 18.36 18.36 18.33 18.31 18.28 18.25 18.30 18.39 18.39 18.40 18.40 18.42 18.42 18.43 18.43 18.44 18.44 18.42 18.37
18.26 18.28 18.16 18.21 18.25 18.19 18.22 18.23 18.25 18.21 18.16 18.19 18.27 18.29 18.22 18.22 18.24 17.97 18.17 18.27 18.24 18.38 18.32 18.24 18.27 18.34 18.24 18.27 18.37 18.25 18.19 18.37 18.16 18.31 18.34 18.30 18.35 18.33 18.35 18.36 18.33 18.27 18.26 18.28 18.30 18.28 18.33 18.34 18.27 18.28 18.38 18.38 18.32 18.29 18.38 18.39 18.34 18.37 18.38 18.28 18.27 18.28 18.28 18.24 18.28 18.30 18.26 18.31 18.33 18.33 18.37 18.40 18.41 18.41 18.39 18.35 18.32
18.18 18.24 18.12 18.17 18.15 18.18 18.20 18.18 18.17 17.98 18.21 18.20 18.24 18.23 18.21 18.20 18.18 18.22 18.22 18.31 18.30 18.25 18.30 18.32 18.26 18.28 18.08 18.35 18.36 18.38 18.25 18.16 18.27 18.31 18.22 18.20 18.22 18.25 18.33 18.31 18.28 18.23 18.30 18.25 18.35 18.28 18.31 18.35 18.30 18.33 18.38 18.37 18.32 18.30 18.35 18.38 18.38 18.36 18.36 18.33 18.25 18.25 18.23 18.25 18.23 18.23 18.23 18.24 18.26 18.25 18.33 18.36 18.33 18.31 18.33 18.30 18.35
18.19 18.19 18.16 18.17 18.25 18.29 18.22 18.16 18.08 18.15 18.20 18.15 18.08 17.93 18.17 18.14 18.20 18.30 18.24 18.19 18.19 18.06 18.17 18.27 18.22 18.20 18.28 18.33 18.23 18.33 18.33 18.33 18.29 18.21 18.21 18.22 18.24 18.22 18.26 18.27 18.30 18.27 18.31 18.26 18.27 18.28 18.33 18.32 18.25 18.35 18.29 18.33 18.30 18.32 18.29 18.35 18.37 18.34 18.29 18.24 18.24 18.27 18.22 18.23 18.22 18.22 18.23 18.22 18.28 18.23 18.24 18.25 18.28 18.24 18.24 18.25 18.32
18.15 18.23 18.24 18.23 18.33 18.21 18.18 18.24 18.11 18.16 18.23 18.13 18.21 18.13 18.12 18.16 18.17 18.14 18.24 18.26 18.17 18.28 18.16 18.29 18.30 18.28 18.22 18.19 18.07 18.23 18.27 18.25 18.19 18.16 18.17 18.23 18.23 18.27 18.32 18.31 18.21 18.20 18.29 18.31 18.31 18.32 18.32 18.16 18.25 18.22 18.30 18.32 18.31 18.33 18.27 18.34 18.34 18.35 18.32 18.26 18.26 18.28 18.23 18.22 18.25 18.26 18.24 18.27 18.25 18.22 18.21 18.22 18.22 18.21 18.22 18.21 18.25
18.16 18.24 18.23 18.23 18.27 18.13 18.24 18.18 18.06 18.04 18.01 18.14 18.11 18.18 18.19 18.12 18.21 18.22 18.27 18.26 18.27 18.22 18.24 18.31 18.01 18.24 18.11 17.96 18.28 18.20 18.24 18.20 18.26 18.21 18.21 18.28 18.26 18.26 18.18 18.32 18.30 18.22 18.30 18.31 18.32 18.30 18.23 18.30 18.29 18.24 18.29 18.26 18.28 18.30 18.29 18.32 18.34 18.33 18.33 18.23 18.27 18.29 18.24 18.21 18.25 18.29 18.29 18.24 18.26 18.25 18.25 18.26 18.24 18.23 18.24 18.27 18.32
18.26 18.27 18.12 18.18 18.30 18.20 18.27 18.22 18.16 18.14 17.92 18.12 18.11 18.09 18.11 18.16 18.17 18.14 18.17 18.29 18.20 18.08 18.16 18.17 18.16 18.00 18.23 18.12 17.97 18.23 18.24 18.30 18.28 18.24 18.20 18.23 18.25 18.22 18.22 18.29 18.29 18.32 18.16 18.23 18.26 18.26 18.27 18.29 18.26 18.27 18.24 18.23 18.28 18.30 18.27 18.27 18.30 18.30 18.32 18.30 18.30 18.29 18.26 18.18 18.20 18.26 18.22 18.26 18.28 18.27 18.22 18.26 18.26 18.22 18.19 18.18 18.16
18.09 18.22 18.12 18.11 18.23 18.15 18.14 18.15 18.15 18.11 18.03 18.08 18.18 18.19 18.08 18.13 18.11 18.10 18.12 18.16 18.19 18.03 18.18 18.23 18.22 18.03 18.13 18.09 18.08 18.18 18.18 18.19 18.21 18.20 18.24 18.22 18.24 18.27 18.26 18.27 18.25 18.20 18.17 18.25 18.22 18.24 18.26 18.27 18.27 18.26 18.23 18.24 18.20 18.22 18.26 18.27 18.26 18.28 18.29 18.26 18.28 18.29 18.25 18.19 18.15 18.15 18.17 18.25 18.24 18.19 18.17 18.18 18.19 18.16 18.18 18.18 18.15
18.18 18.20 18.19 18.08 18.08 18.10 18.09 18.19 18.16 18.08 18.11 18.10 18.12 18.18 18.03 18.09 18.09 18.03 18.13 18.18 18.13 18.15 18.21 18.19 18.28 18.26 18.10 18.12 18.10 18.15 18.16 18.22 18.17 18.18 18.13 18.19 18.24 18.20 18.20 18.22 18.24 18.21 18.19 18.21 18.16 18.23 18.24 18.22 18.25 18.24 18.23 18.24 18.21 18.24 18.23 18.22 18.25 18.26 18.27 18.25 18.26 18.25 18.22 18.22 18.18 18.15 18.17 18.20 18.20 18.15 18.16 18.16 18.16 18.23 18.13 18.15 18.13
18.17 18.19 18.17 18.16 18.15 18.03 18.05 18.11 18.05 18.09 18.14 18.11 18.15 18.08 18.08 18.08 18.06 18.05 17.95 18.18 18.09 18.09 18.11 18.15 18.22 18.24 17.63 17.93 18.19 18.16 18.19 18.22 18.16 18.11 18.11 18.21 18.17 18.18 18.17 18.07 18.10 18.20 18.17 18.22 18.16 18.22 18.21 18.18 18.18 18.20 18.23 18.17 18.17 18.18 18.17 18.22 18.25 18.22 18.26 18.22 18.18 18.20 18.18 18.18 18.12 18.13 18.12 18.15 18.18 18.13 18.12 18.12 18.14 18.16 18.15 18.11 18.11
18.14 18.17 18.08 18.15 18.18 18.06 18.13 18.13 18.10 18.02 18.10 18.06 18.12 18.08 18.07 18.09 18.07 18.05 18.10 18.02 17.88 18.00 18.00 18.10 18.07 18.00 18.08 18.14 18.23 18.17 18.11 18.14 18.09 18.05 18.18 18.20 18.11 18.09 18.09 18.08 18.15 18.14 18.18 18.22 18.14 18.21 18.22 18.20 18.15 18.20 18.10 18.13 18.17 18.16 18.15 18.18 18.20 18.15 18.22 18.23 18.17 18.18 18.21 18.18 18.19 18.12 18.11 18.10 18.12 18.12 18.10 18.10 18.09 18.13 18.14 18.07 18.07
18.05 18.08 18.02 18.11 18.16 18.03 18.11 18.12 18.01 18.06 18.10 18.05 18.04 18.03 18.04 18.04 17.97 18.02 18.07 18.05 18.01 17.96 17.95 18.03 18.12 18.15 18.21 18.23 18.17 18.09 18.09 18.13 18.05 18.04 18.14 18.17 18.17 18.13 18.12 18.09 18.17 18.16 18.19 18.19 18.15 18.19 18.17 18.21 18.15 18.10 18.10 18.13 18.11 18.18 18.14 18.18 18.16 18.14 18.14 18.21 18.18 18.10 18.13 18.14 18.18 18.19 18.11 18.08 18.09 18.08 18.08 18.12 18.07 18.10 18.09 18.05 18.03
18.12 18.16 18.07 18.19 18.16 18.10 18.13 18.14 18.06 18.02 18.04 18.03 18.08 18.03 18.00 18.02 17.99 17.94 18.03 17.96 18.00 17.99 17.97 17.93 18.10 18.18 18.14 18.13 18.05 18.11 18.09 18.12 18.04 18.02 18.15 18.11 18.14 18.13 18.16 18.13 18.10 18.13 18.16 18.11 18.15 18.16 18.12 18.16 18.16 18.16 18.10 18.09 18.11 18.16 18.12 18.11 18.13 18.12 18.09 18.10 18.15 18.12 18.08 18.06 18.08 18.16 18.14 18.10 18.07 18.07 18.06 18.09 18.07 18.08 18.05 18.04 18.04
18.18 18.20 18.19 18.13 18.01 17.97 18.08 18.09 18.09 18.09 18.12 18.04 18.07 18.01 18.03 18.06 18.09 18.03 17.98 17.97 17.99 18.00 18.01 18.08 18.10 18.05 18.13 18.19 18.15 18.03 18.03 18.06 18.02 18.00 18.12 18.14 18.17 18.13 18.13 18.13 18.11 18.07 18.09 18.11 18.13 18.13 18.08 18.14 18.10 18.10 18.06 18.09 18.06 18.12 18.15 18.10 18.09 18.08 18.14 18.10 18.07 18.10 18.09 18.05 18.07 18.14 18.16 18.18 18.06 18.07 18.07 18.06 18.05 18.05 18.04 18.03 18.00
18.09 18.12 18.17 18.11 18.03 18.08 18.06 18.03 18.02 17.94 17.99 18.01 18.06 18.00 17.99 17.95 17.94 17.88 18.04 17.97 17.80 18.00 17.95 18.01 18.04 18.03 18.09 18.14 18.04 18.06 18.06 18.02 17.99 17.98 18.03 18.14 18.13 18.11 18.11 18.13 18.02 17.97 18.09 18.11 18.11 18.12 18.08 18.08 18.11 18.07 18.06 18.06 18.05 18.11 18.11 18.11 18.06 18.06 18.10 18.10 18.06 18.09 18.13 18.09 18.09 18.15 18.14 18.16 18.13 18.12 18.05 18.06 18.06 18.03 18.01 17.99 17.97
18.10 18.12 18.16 18.09 18.10 18.10 18.14 17.96 18.07 18.04 17.99 18.01 17.99 17.99 17.99 17.99 17.96 17.82 17.95 17.92 17.99 18.03 18.06 18.03 18.07 17.99 17.93 18.00 18.04 18.08 18.04 17.99 18.06 18.08 18.00 18.12 18.13 18.13 18.09 18.11 18.10 18.04 18.04 18.10 18.10 18.07 18.11 18.11 18.12 18.04 18.05 18.05 18.07 18.05 18.09 18.07 18.06 18.05 18.09 18.11 18.04 18.07 18.14 18.14 18.03 18.04 18.07 18.11 18.06 18.06 18.04 18.04 18.03 17.99 17.98 17.97 17.95
18.03 18.06 18.14 18.12 17.98 18.06 18.07 18.06 17.98 18.00 18.01 18.03 17.95 17.93 17.95 18.05 17.96 18.00 17.95 17.85 17.98 18.08 18.07 18.04 18.04 17.98 17.86 17.80 18.04 18.08 17.88 17.92 18.03 18.01 17.97 18.09 18.09 18.05 18.11 18.11 18.10 18.09 18.10 18.08 18.07 18.09 18.10 18.10 18.11 18.08 18.05 18.06 18.06 18.05 18.04 18.08 18.06 18.05 18.09 18.10 18.09 18.09 18.10 18.11 18.04 18.08 18.00 18.03 18.10 18.09 18.01 17.99 17.99 17.98 17.97 17.95 17.91
18.06 18.01 18.03 17.90 17.95 17.98 18.08 18.08 17.97 17.91 18.00 17.79 17.86 17.88 17.96 17.87 17.91 17.98 17.72 17.96 17.92 17.99 17.99 17.91 17.94 17.98 18.01 18.01 17.97 18.05 17.81 17.95 17.99 18.01 17.97 17.94 17.95 17.98 18.05 18.10 18.08 18.09 18.10 18.07 18.07 18.10 18.10 18.10 18.11 18.09 18.07 18.03 18.05 18.02 17.99 18.02 18.04 18.07 18.08 18.08 18.04 18.01 18.06 18.03 18.05 18.02 17.98 17.97 18.01 18.05 18.02 18.06 17.97 17.97 17.96 17.94 17.87
18.01 18.04 18.02 17.84 17.92 17.91 17.66 17.90 18.02 17.95 18.00 18.03 18.01 17.92 17.90 17.85 17.99 17.88 17.89 17.94 17.89 17.97 17.96 17.98 17.98 17.93 18.01 18.02 17.92 17.93 17.84 18.01 18.05 18.00 17.93 17.92 17.93 18.00 18.06 18.03 18.02 18.06 18.07 18.05 18.05 18.06 18.07 18.07 18.08 17.95 18.04 18.04 18.00 17.98 17.98 17.99 18.05 18.03 18.06 18.04 18.04 18.02 18.06 18.03 18.04 18.03 17.98 17.95 17.98 18.07 18.07 18.06 17.97 17.94 17.90 17.76 17.74
18.01 18.07 17.98 17.95 18.04 17.98 17.96 17.97 18.03 17.95 18.02 17.94 17.91 17.95 17.97 18.02 17.96 17.99 17.94 17.96 17.96 17.94 17.88 17.95 18.05 17.95 18.02 18.02 17.97 17.99 17.83 18.03 17.91 18.01 17.91 17.92 17.97 18.03 18.00 17.99 17.96 18.03 18.04 18.05 18.06 18.06 18.06 18.00 17.99 17.94 17.99 18.00 18.00 18.00 17.98 18.01 18.05 18.01 18.01 17.96 17.99 18.00 18.03 17.95 17.99 18.02 17.97 17.94 17.97 18.03 18.06 17.99 17.92 17.90 17.88 17.83 17.70
18.05 18.02 18.03 18.04 18.00 18.03 18.06 18.07 18.08 17.96 17.91 17.89 17.90 17.99 17.93 17.95 17.96 17.97 17.99 18.03 18.04 17.99 18.01 18.01 18.01 18.02 18.00 17.91 18.00 18.03 18.02 17.87 17.95 18.01 17.92 18.00 17.92 17.99 17.93 17.96 18.00 18.01 18.00 18.02 18.04 18.04 18.03 18.03 18.01 17.95 18.00 18.01 17.94 17.98 17.98 18.02 18.01 17.95 18.00 17.95 17.97 18.00 18.01 17.99 17.95 17.99 17.96 17.89 17.89 17.97 17.97 17.97 17.94 17.89 17.87 17.80 17.76
18.02 17.98 18.00 17.99 17.97 18.00 18.01 18.01 18.02 18.04 18.01 17.97 18.00 18.02 18.00 17.96 18.00 18.00 17.97 18.01 18.04 18.01 18.02 17.93 18.01 17.81 17.91 17.85 17.97 17.98 18.01 17.98 17.99 17.96 17.91 17.95 17.93 17.96 18.00 18.00 18.00 18.00 17.99 18.00 18.01 18.02 18.01 18.01 18.01 17.91 17.97 17.98 17.96 17.96 17.93 17.95 17.97 17.98 18.01 18.00 17.98 18.01 17.97 17.99 17.93 17.90 17.96 17.90 17.89 17.90 17.94 17.88 17.87 17.86 17.86 17.84 17.76
18.02 18.00 17.97 18.00 17.99 18.01 18.01 17.98 18.00 18.02 17.88 17.98 17.97 17.98 17.96 17.91 17.97 18.01 17.97 17.97 17.91 17.98 17.96 17.95 17.96 17.95 17.94 17.96 17.75 17.79 17.80 17.96 17.93 17.90 17.94 17.99 17.98 17.89 17.93 17.97 17.99 17.97 17.99 17.99 18.00 18.00 18.00 17.99 17.99 17.96 17.93 17.99 17.93 17.95 17.95 17.91 17.95 17.97 17.99 17.98 17.95 18.00 17.88 17.95 17.97 17.88 17.99 17.89 17.89 17.89 17.91 17.85 17.83 17.80 17.70 17.57 17.51
17.98 17.99 17.99 18.00 17.97 17.93 17.94 17.97 17.97 17.97 17.83 17.93 17.99 17.97 17.99 17.96 17.95 17.93 17.97 17.97 17.99 17.93 17.92 17.92 17.95 17.97 17.98 17.97 17.87 17.90 17.91 17.94 17.87 17.87 17.88 17.88 17.93 17.95 17.87 17.95 17.96 17.96 17.97 17.97 17.98 17.97 17.97 17.97 17.98 17.99 17.98 17.94 17.91 17.90 17.96 17.89 17.90 17.97 17.96 17.95 17.93 17.95 17.85 17.85 17.87 17.85 17.96 17.87 17.85 17.85 17.86 17.73 17.77 17.74 17.68 17.49 17.50
17.97 17.97 17.98 17.99 17.98 17.97 17.92 17.94 17.95 17.95 17.89 17.81 17.88 17.91 17.97 17.88 17.97 17.95 17.94 17.95 17.96 17.97 17.91 17.80 17.95 17.96 17.96 17.93 17.93 17.89 17.84 17.83 17.92 17.94 17.92 17.91 17.91 17.93 17.92 17.92 17.93 17.93 17.95 17.95 17.94 17.84 17.88 17.93 17.96 17.97 17.97 17.96 17.96 17.92 17.92 17.91 17.95 17.97 17.97 17.97 17.95 17.88 17.83 17.80 17.80 17.87 17.95 17.84 17.85 17.79 17.63 17.61 17.78 17.77 17.77 17.69 17.56
17.94 17.93 17.93 17.93 17.94 17.93 17.92 17.91 17.91 17.90 17.80 17.56 17.82 17.88 17.96 17.96 17.95 17.92 17.91 17.89 17.89 17.93 17.88 17.87 17.93 17.93 17.87 17.91 17.93 17.73 17.77 17.52 17.85 17.90 17.90 17.92 17.87 17.87 17.92 17.93 17.92 17.90 17.93 17.94 17.92 17.82 17.75 17.90 17.95 17.95 17.95 17.96 17.95 17.93 17.91 17.92 17.94 17.96 17.96 17.97 17.95 17.88 17.82 17.79 17.79 17.88 17.93 17.90 17.88 17.69 17.48 17.76 17.78 17.76 17.74 17.71 17.69
17.91 17.85 17.90 17.90 17.92 17.88 17.88 17.91 17.92 17.92 17.92 17.88 17.90 17.91 17.75 17.85 17.94 17.93 17.90 17.84 17.85 17.91 17.92 17.93 17.94 17.88 17.85 17.87 17.70 17.69 17.80 17.75 17.90 17.88 17.92 17.87 17.80 17.82 17.90 17.92 17.89 17.90 17.91 17.88 17.89 17.90 17.88 17.90 17.92 17.93 17.94 17.95 17.94 17.91 17.91 17.92 17.92 17.92 17.94 17.94 17.94 17.91 17.79 17.81 17.91 17.92 17.90 17.88 17.86 17.80 17.77 17.75 17.75 17.74 17.69 17.65 17.69
17.87 17.89 17.85 17.85 17.87 17.88 17.89 17.85 17.85 17.89 17.90 17.86 17.86 17.85 17.74 17.91 17.89 17.84 17.79 17.68 17.83 17.83 17.84 17.92 17.91 17.85 17.87 17.82 17.61 17.69 17.65 17.73 17.90 17.90 17.88 17.83 17.81 17.81 17.88 17.80 17.86 17.88 17.89 17.89 17.89 17.92 17.95 17.89 17.93 17.92 17.92 17.94 17.94 17.91 17.89 17.91 17.91 17.91 17.91 17.92 17.92 17.90 17.83 17.81 17.88 17.88 17.84 17.82 17.81 17.84 17.75 17.73 17.72 17.66 17.54 17.52 17.59
17.78 17.72 17.75 17.78 17.76 17.62 17.67 17.75 17.85 17.87 17.87 17.85 17.80 17.76 17.75 17.94 17.80 17.74 17.90 17.77 17.83 17.84 17.88 17.86 17.87 17.84 17.74 17.75 17.85 17.75 17.27 17.71 17.81 17.86 17.84 17.83 17.88 17.86 17.86 17.81 17.87 17.88 17.87 17.85 17.87 17.87 17.91 17.91 17.90 17.90 17.88 17.90 17.93 17.89 17.89 17.89 17.90 17.88 17.89 17.88 17.89 17.89 17.88 17.86 17.87 17.88 17.88 17.87 17.84 17.82 17.86 17.74 17.68 17.58 17.40 17.38 17.44
17.82 17.81 17.75 17.64 17.62 17.72 17.64 17.75 17.76 17.84 17.85 17.83 17.86 17.84 17.92 17.98 17.86 17.84 17.84 17.84 17.77 17.78 17.84 17.70 17.13 17.42 17.80 17.59 17.80 17.68 17.79 17.80 17.85 17.62 17.84 17.84 17.85 17.85 17.84 17.87 17.86 17.87 17.86 17.86 17.86 17.86 17.86 17.87 17.86 17.86 17.87 17.88 17.90 17.89 17.87 17.87 17.84 17.85 17.84 17.86 17.87 17.85 17.83 17.85 17.85 17.85 17.84 17.83 17.86 17.84 17.82 17.62 17.60 17.52 17.34 17.27 17.20
17.75 17.80 17.77 17.81 17.82 17.80 17.79 17.77 17.71 17.80 17.82 17.80 17.82 17.57 17.88 18.00 17.94 17.86 17.76 17.76 17.33 17.70 17.83 17.72 17.47 17.72 17.74 17.51 17.68 17.46 17.73 17.78 17.81 17.78 17.84 17.82 17.84 17.81 17.75 17.80 17.84 17.84 17.85 17.84 17.84 17.85 17.84 17.85 17.85 17.85 17.84 17.87 17.87 17.88 17.88 17.85 17.83 17.85 17.82 17.85 17.83 17.74 17.82 17.80 17.82 17.80 17.73 17.80 17.81 17.82 17.84 17.54 17.17 17.33 17.14 16.99 17.06
17.79 17.79 17.78 17.80 17.76 17.78 17.80 17.39 17.79 17.84 17.68 17.76 17.77 17.69 17.66 17.80 17.87 17.63 17.49 17.78 17.28 17.62 17.77 17.77 17.77 17.76 17.49 17.45 17.55 17.55 17.30 17.52 17.78 17.76 17.76 17.77 17.77 17.80 17.82 17.80 17.81 17.80 17.81 17.82 17.82 17.82 17.83 17.83 17.84 17.84 17.85 17.84 17.85 17.85 17.83 17.84 17.86 17.85 17.84 17.82 17.78 17.77 17.80 17.84 17.80 17.82 17.72 17.70 17.74 17.80 17.79 17.54 17.11 17.35 17.51 17.40 17.15
17.67 17.14 17.75 17.78 17.76 17.78 17.69 17.25 17.68 17.81 17.74 17.77 17.74 17.54 17.69 17.76 17.78 17.79 17.42 17.53 17.71 17.69 17.52 17.71 17.77 17.77 17.72 17.75 17.14 17.49 17.67 17.73 17.52 17.72 17.70 17.70 17.72 17.75 17.78 17.76 17.80 17.75 17.71 17.77 17.81 17.79 17.81 17.82 17.80 17.79 17.78 17.80 17.80 17.81 17.80 17.82 17.81 17.82 17.78 17.78 17.71 17.82 17.80 17.79 17.80 17.78 17.69 17.56 17.60 17.70 17.71 17.51 17.56 17.60 17.60 17.43 17.20
17.65 17.61 17.66 17.52 17.78 17.81 17.80 17.75 17.71 17.77 17.76 17.77 17.75 17.69 17.76 17.63 17.64 17.75 17.74 17.65 17.74 17.46 17.58 17.66 17.74 17.72 17.72 17.71 17.55 17.73 17.73 17.72 17.73 17.68 17.69 17.69 17.73 17.74 17.77 17.78 17.74 17.76 17.75 17.76 17.78 17.77 17.76 17.75 17.75 17.71 17.71 17.69 17.73 17.79 17.77 17.76 17.76 17.79 17.77 17.79 17.78 17.76 17.78 17.78 17.77 17.76 17.63 17.61 17.61 17.62 17.61 17.38 17.56 17.60 17.58 17.33 17.31
