main/data/irradiance/02.08.2023.grid
ncols 839
nrows 679
xllcenter 112.0500
yllcenter -43.9500
cellsize 0.0500
nodata_value 99999.90
[rows 272 to 305 of 679, columns 0 to 76 of 839]
99999.90 99999.90 99999.90 99999.90 99999.90 99999.90 99999.90 99999.90 99999.90 99999.90 99999.90 99999.90 99999.90 99999.90 99999.90 99999.90 99999.90 99999.90 10.72 11.41 11.41 11.41 11.58 11.58 11.58 11.58 11.58 12.22 12.22 12.22 12.22 11.76 11.76 12.68 13.29 13.40 13.18 13.51 13.55 12.88 12.84 13.64 14.53 13.74 13.87 14.90 14.16 14.38 14.77 14.97 14.83 14.30 14.50 15.50 15.49 16.05 16.17 15.44 15.66 15.93 15.54 13.78 14.17 15.03 15.56 14.03 14.07 14.69 15.09 15.98 16.10 15.10 14.43 15.33 16.02 15.89 16.27
99999.90 99999.90 99999.90 99999.90 99999.90 99999.90 99999.90 99999.90 99999.90 99999.90 99999.90 99999.90 99999.90 99999.90 99999.90 99999.90 99999.90 99999.90 10.72 11.41 11.41 11.41 11.41 11.41 11.58 11.58 11.58 11.58 11.58 12.22 12.22 12.22 11.68 12.58 13.19 14.21 13.19 13.13 13.51 13.58 13.20 13.23 13.87 13.14 13.78 14.38 13.91 14.19 14.63 15.25 14.95 15.09 14.99 15.52 16.04 15.99 15.94 15.87 16.05 15.33 15.87 15.76 14.20 14.90 14.35 14.08 14.70 15.24 15.84 14.80 15.59 15.36 14.47 14.75 15.89 15.49 16.19
99999.90 99999.90 99999.90 99999.90 99999.90 99999.90 99999.90 99999.90 99999.90 99999.90 99999.90 99999.90 99999.90 99999.90 99999.90 99999.90 99999.90 9.80 10.72 11.41 11.41 11.41 11.41 11.41 11.41 11.41 11.58 11.58 11.58 11.58 11.81 11.81 12.01 12.72 13.02 13.87 13.08 13.42 14.40 14.14 13.29 13.08 13.40 13.57 14.19 14.16 14.12 14.16 15.05 14.93 14.71 15.22 15.46 15.39 15.77 15.58 15.99 16.23 16.15 16.12 15.57 15.02 14.87 15.21 15.29 14.98 15.56 16.18 14.31 14.12 14.75 15.99 15.79 14.65 15.16 14.83 15.98
99999.90 99999.90 99999.90 99999.90 99999.90 99999.90 99999.90 99999.90 99999.90 99999.90 99999.90 99999.90 99999.90 99999.90 99999.90 99999.90 99999.90 9.80 10.72 11.41 11.41 11.41 11.41 11.41 11.41 11.41 11.41 11.41 11.58 11.58 11.58 11.41 12.29 12.94 12.88 13.23 12.31 13.39 14.96 14.07 13.31 14.13 14.27 14.29 14.49 14.52 14.20 13.97 14.90 14.47 14.40 15.28 15.33 15.29 15.36 15.46 15.47 15.48 16.01 16.38 15.98 15.06 14.41 15.49 15.11 14.83 15.08 15.17 14.51 14.25 14.56 14.94 14.81 14.79 14.74 15.81 16.24
99999.90 99999.90 99999.90 99999.90 99999.90 99999.90 99999.90 99999.90 99999.90 99999.90 99999.90 99999.90 99999.90 99999.90 99999.90 99999.90 99999.90 9.80 10.72 10.72 10.72 11.41 11.41 11.41 11.41 11.41 11.41 11.41 11.41 12.10 12.10 11.83 11.84 12.93 12.36 12.53 12.82 14.04 14.32 13.67 13.49 13.98 14.58 14.66 14.62 14.25 14.48 14.43 14.34 14.84 14.91 15.22 15.42 15.24 15.84 15.54 14.54 15.16 15.34 16.50 16.39 15.81 15.64 15.26 15.91 15.96 15.41 14.61 13.79 13.45 13.66 13.50 14.33 15.17 16.09 16.43 16.42
99999.90 99999.90 99999.90 99999.90 99999.90 99999.90 99999.90 99999.90 99999.90 99999.90 99999.90 99999.90 99999.90 99999.90 99999.90 99999.90 99999.90 9.80 10.72 10.72 10.72 10.72 10.72 10.72 11.41 11.41 11.41 11.41 11.41 11.41 12.99 12.34 11.95 11.49 11.98 12.87 13.90 14.35 14.18 13.19 12.88 13.34 13.83 12.88 14.17 13.85 14.19 15.00 14.28 14.50 14.66 15.38 16.08 15.58 15.65 14.40 14.31 14.65 15.13 15.92 16.32 15.96 15.90 15.34 15.48 16.24 15.80 13.41 13.32 12.84 12.97 13.55 14.06 14.88 16.27 16.63 15.60
99999.90 99999.90 99999.90 99999.90 99999.90 99999.90 99999.90 99999.90 99999.90 99999.90 99999.90 99999.90 99999.90 99999.90 99999.90 99999.90 99999.90 9.80 10.72 10.72 10.72 10.72 10.72 10.72 10.72 10.72 10.72 11.77 11.77 11.77 13.28 13.00 11.79 11.71 12.41 13.03 13.55 12.91 13.06 12.71 12.47 13.22 13.09 12.79 13.38 14.01 13.87 14.50 14.32 14.58 14.69 14.79 15.73 15.60 15.83 14.89 13.97 14.71 15.27 15.25 15.50 15.94 16.02 15.38 15.05 15.84 15.76 14.27 13.90 13.24 13.74 13.00 14.39 15.23 15.43 15.48 15.30
99999.90 99999.90 99999.90 99999.90 99999.90 99999.90 99999.90 99999.90 99999.90 99999.90 99999.90 99999.90 99999.90 99999.90 99999.90 99999.90 99999.90 9.80 10.72 10.72 10.72 10.72 10.72 10.72 10.72 10.72 10.72 10.72 11.69 11.69 12.69 11.98 11.20 12.17 12.33 12.63 12.19 11.61 12.40 13.28 13.61 13.72 13.07 12.93 13.58 14.20 14.12 13.77 13.84 14.84 14.61 14.47 15.34 15.63 15.31 14.45 13.81 14.44 14.57 14.37 15.28 15.75 16.62 15.94 15.22 15.14 15.35 15.42 14.40 14.31 13.76 14.27 15.31 15.23 14.85 14.36 14.36
99999.90 99999.90 99999.90 99999.90 99999.90 99999.90 99999.90 99999.90 99999.90 99999.90 99999.90 99999.90 99999.90 99999.90 99999.90 99999.90 99999.90 9.80 9.80 9.80 10.72 10.72 10.72 10.72 10.72 10.72 10.72 10.72 10.72 11.50 12.06 11.34 11.89 12.16 12.59 12.17 11.82 12.20 12.61 13.11 13.46 13.80 12.62 12.61 13.54 13.52 13.76 13.26 13.74 14.51 14.00 14.45 14.25 14.56 15.24 13.80 13.28 14.44 14.78 14.95 15.28 15.78 16.59 16.65 15.91 15.30 15.86 15.78 15.11 14.10 14.67 15.12 15.27 15.66 14.64 14.11 14.32
99999.90 99999.90 99999.90 99999.90 99999.90 99999.90 99999.90 99999.90 99999.90 99999.90 99999.90 99999.90 99999.90 99999.90 99999.90 99999.90 99999.90 9.80 9.80 9.80 9.80 9.80 9.80 11.60 11.60 11.60 11.60 11.60 11.60 11.97 12.06 11.54 11.01 11.97 12.22 12.11 11.17 11.28 12.44 11.92 12.64 13.44 13.22 13.34 13.98 13.73 14.30 13.53 14.25 13.58 13.97 13.97 13.91 14.49 14.83 14.15 13.86 13.92 14.36 14.59 15.32 15.60 15.89 16.43 16.47 15.82 15.09 14.57 14.30 14.70 15.31 14.16 15.53 15.44 14.76 14.19 14.32
99999.90 99999.90 99999.90 99999.90 99999.90 99999.90 99999.90 99999.90 99999.90 99999.90 99999.90 99999.90 99999.90 99999.90 99999.90 99999.90 99999.90 9.80 9.80 9.80 9.80 9.80 9.80 9.80 9.80 9.80 11.46 11.46 11.46 12.28 12.42 10.96 11.19 11.66 11.91 11.43 10.84 11.30 11.60 11.12 11.70 13.72 13.12 13.22 13.12 14.20 13.88 14.10 14.24 13.20 13.83 13.87 13.90 14.45 14.45 13.34 13.27 13.76 14.08 14.27 15.47 15.16 15.41 15.59 15.11 16.16 16.23 15.95 15.18 14.96 15.10 15.09 14.98 14.25 14.37 13.86 14.75
99999.90 99999.90 99999.90 99999.90 99999.90 99999.90 99999.90 99999.90 99999.90 99999.90 99999.90 99999.90 99999.90 99999.90 99999.90 99999.90 99999.90 9.80 9.80 9.80 9.80 9.80 9.80 9.80 9.80 9.80 9.80 11.26 11.26 10.85 11.81 11.55 11.21 12.16 11.10 10.80 11.77 11.80 11.99 12.42 12.87 13.52 13.42 13.04 12.78 13.30 13.87 14.50 14.39 13.69 13.65 13.79 14.62 14.73 14.38 13.93 13.26 14.08 14.06 13.76 14.73 15.05 15.74 15.81 15.80 15.85 16.21 16.01 15.93 15.99 14.32 14.78 14.30 14.53 14.27 14.66 14.88
99999.90 99999.90 99999.90 99999.90 99999.90 99999.90 99999.90 99999.90 99999.90 99999.90 99999.90 99999.90 99999.90 99999.90 99999.90 99999.90 99999.90 9.80 9.80 9.80 9.80 9.80 9.80 9.80 9.80 9.80 9.80 9.80 11.52 12.35 12.66 11.16 10.91 11.21 10.87 10.48 11.10 11.52 11.99 12.65 12.50 12.48 13.00 12.89 12.69 14.00 14.12 14.31 14.33 13.71 13.57 14.38 15.01 14.30 14.29 14.72 14.04 13.87 13.89 14.34 13.71 15.11 15.90 15.84 16.26 15.90 15.32 16.23 16.01 16.43 15.42 14.62 14.28 14.26 14.31 14.72 15.41
99999.90 99999.90 99999.90 99999.90 99999.90 99999.90 99999.90 99999.90 99999.90 99999.90 99999.90 99999.90 99999.90 99999.90 99999.90 99999.90 99999.90 10.06 10.06 10.06 10.06 10.06 10.06 10.06 10.06 10.06 10.06 10.06 11.86 12.90 12.20 11.60 10.58 10.82 11.29 10.51 10.33 11.40 11.41 12.55 12.55 12.95 13.48 13.04 13.10 13.76 14.22 13.93 14.03 14.02 14.49 14.25 14.25 14.37 14.45 14.53 14.29 13.83 13.92 14.73 14.78 14.47 15.33 15.70 15.96 16.11 15.76 15.70 15.88 16.23 16.00 15.28 14.41 14.37 13.49 14.36 15.22
99999.90 99999.90 99999.90 99999.90 99999.90 99999.90 99999.90 99999.90 99999.90 99999.90 99999.90 99999.90 99999.90 99999.90 99999.90 99999.90 99999.90 10.06 10.06 10.06 10.06 10.06 10.06 10.06 10.06 10.06 10.06 10.06 11.63 12.12 12.92 11.63 11.61 11.11 11.25 10.83 10.34 10.98 11.53 12.64 13.06 13.12 12.99 12.51 12.79 13.17 13.64 13.09 13.43 14.21 14.45 14.74 13.62 13.43 14.13 14.21 14.57 14.09 13.69 14.88 15.37 14.77 15.33 16.10 16.00 16.37 15.33 15.92 16.72 16.14 15.69 15.11 13.94 13.08 13.53 14.82 15.20
99999.90 99999.90 99999.90 99999.90 99999.90 99999.90 99999.90 99999.90 99999.90 99999.90 99999.90 99999.90 99999.90 99999.90 99999.90 99999.90 99999.90 10.06 10.06 10.06 10.06 10.06 10.06 10.06 10.06 10.06 9.73 9.73 9.73 11.63 12.12 11.57 11.49 10.39 10.70 10.16 10.82 10.89 11.19 11.92 11.76 12.69 12.48 12.34 12.76 12.49 13.20 12.72 13.26 12.64 14.15 14.25 13.31 13.15 13.13 13.49 15.15 13.94 14.19 15.30 15.26 15.34 15.93 16.17 15.97 16.29 15.01 15.55 16.11 16.13 15.52 15.13 14.79 13.80 14.58 15.03 16.17
99999.90 99999.90 99999.90 99999.90 99999.90 99999.90 99999.90 99999.90 99999.90 99999.90 99999.90 99999.90 99999.90 99999.90 99999.90 99999.90 99999.90 10.06 10.06 10.06 10.06 10.06 10.06 10.06 9.73 9.73 9.73 9.73 9.73 11.30 12.95 11.68 11.41 10.48 11.05 10.66 11.28 10.56 10.61 11.12 10.77 11.67 11.82 12.52 12.61 12.13 12.24 12.87 12.70 12.73 13.24 14.34 13.49 13.34 13.12 13.25 14.26 14.30 14.95 15.17 15.45 15.45 16.15 16.12 15.92 16.08 15.52 15.63 16.05 15.88 15.89 15.18 14.67 14.12 14.06 15.72 15.54
99999.90 99999.90 99999.90 99999.90 99999.90 99999.90 99999.90 99999.90 99999.90 99999.90 99999.90 99999.90 99999.90 99999.90 99999.90 99999.90 99999.90 10.06 10.06 10.06 9.69 9.69 9.69 9.69 9.69 9.69 9.69 9.69 9.69 9.53 10.13 11.39 11.97 11.65 11.11 11.42 10.24 10.18 10.56 10.67 10.89 10.36 11.57 11.85 12.29 11.99 12.71 13.05 12.51 12.36 12.73 13.13 13.28 12.90 13.05 13.65 14.16 14.79 14.51 15.09 15.51 15.53 15.90 15.74 15.54 15.53 15.82 15.79 15.26 15.42 15.73 15.21 14.86 14.50 15.06 15.60 14.48
99999.90 99999.90 99999.90 99999.90 99999.90 99999.90 99999.90 99999.90 99999.90 99999.90 99999.90 99999.90 99999.90 99999.90 99999.90 99999.90 99999.90 10.06 9.69 9.69 9.69 9.69 9.69 9.69 9.69 9.69 9.69 9.69 9.69 9.24 9.99 10.97 11.88 11.89 11.56 11.14 10.46 9.56 10.69 10.66 10.25 10.08 11.64 12.82 12.14 12.41 12.53 12.52 12.41 12.45 12.70 12.44 13.48 13.50 13.37 13.22 14.18 14.28 14.31 14.98 15.19 15.16 15.97 15.81 15.69 16.07 15.85 14.90 15.64 15.39 15.19 15.27 14.96 14.77 15.06 15.84 14.75
99999.90 99999.90 99999.90 99999.90 99999.90 99999.90 99999.90 99999.90 99999.90 99999.90 99999.90 99999.90 99999.90 99999.90 99999.90 99999.90 99999.90 10.06 9.69 9.69 9.69 9.69 9.69 9.69 9.69 9.69 9.69 9.69 9.24 9.24 9.84 10.52 11.22 11.83 11.36 11.51 11.44 9.81 10.47 10.85 10.05 10.61 11.84 12.52 12.85 12.56 12.85 12.48 12.23 12.66 12.33 12.04 12.55 13.09 13.22 13.21 14.11 14.35 14.24 14.89 15.33 15.02 15.98 15.43 15.39 16.15 16.14 14.90 14.67 14.94 15.16 15.63 15.58 15.45 15.75 15.17 14.83
99999.90 99999.90 99999.90 99999.90 99999.90 99999.90 99999.90 99999.90 99999.90 99999.90 99999.90 99999.90 99999.90 99999.90 99999.90 99999.90 99999.90 10.06 9.69 9.69 9.69 9.69 9.69 9.69 9.69 9.69 9.69 9.24 9.24 9.84 9.84 9.97 10.80 11.14 10.83 10.87 11.39 10.64 9.95 10.82 9.21 10.16 10.82 11.58 12.69 12.28 12.35 12.46 12.47 11.60 12.00 11.78 11.74 12.77 12.84 13.20 13.84 14.66 14.81 14.81 15.66 14.88 15.49 16.04 16.27 16.01 15.07 14.80 14.86 14.69 14.73 15.69 15.56 15.53 16.04 15.64 14.49
99999.90 99999.90 99999.90 99999.90 99999.90 99999.90 99999.90 99999.90 99999.90 99999.90 99999.90 99999.90 99999.90 99999.90 99999.90 99999.90 99999.90 10.06 9.69 9.69 9.69 9.69 9.69 9.69 9.69 9.69 9.24 9.24 9.84 10.02 10.02 10.02 11.19 11.47 10.50 10.45 10.92 11.42 10.66 10.89 10.73 11.11 10.69 11.20 12.09 12.10 12.73 13.04 12.42 11.93 12.70 12.44 11.80 13.15 13.37 14.03 13.29 14.20 14.54 14.95 15.28 15.35 15.75 16.35 15.60 15.37 14.82 14.50 14.44 14.27 14.15 15.27 15.30 15.22 15.41 15.97 15.47
99999.90 99999.90 99999.90 99999.90 99999.90 99999.90 99999.90 99999.90 99999.90 99999.90 99999.90 99999.90 99999.90 99999.90 99999.90 99999.90 99999.90 10.06 9.69 9.69 9.69 9.69 9.69 9.69 9.69 9.24 9.24 10.02 10.02 10.02 10.02 10.02 11.10 11.82 11.02 10.45 11.06 11.76 11.27 10.79 11.42 11.80 11.31 11.87 11.44 12.44 13.11 13.20 12.45 12.53 12.70 12.58 12.74 13.54 13.66 13.94 13.53 13.87 14.16 14.59 15.14 16.03 16.57 15.61 15.11 14.84 14.37 13.83 14.66 14.27 14.60 15.37 14.99 15.30 15.70 15.57 14.80
99999.90 99999.90 99999.90 99999.90 99999.90 99999.90 99999.90 99999.90 99999.90 99999.90 99999.90 99999.90 99999.90 99999.90 99999.90 99999.90 99999.90 10.06 9.69 9.69 9.69 9.69 9.69 9.69 9.24 10.02 10.02 10.02 10.02 10.02 12.18 12.18 12.18 12.20 11.01 11.18 11.25 11.19 10.12 10.19 11.09 11.97 11.56 11.75 12.06 12.19 12.81 13.09 12.46 12.24 12.50 12.56 12.71 13.66 13.19 13.10 12.18 13.50 13.03 13.89 15.10 15.83 15.83 14.88 14.30 13.91 14.79 14.82 14.71 14.40 14.37 15.06 15.10 14.98 15.35 15.46 14.89
99999.90 99999.90 99999.90 99999.90 99999.90 99999.90 99999.90 99999.90 99999.90 99999.90 99999.90 99999.90 99999.90 99999.90 99999.90 99999.90 99999.90 99999.90 9.69 9.69 9.69 9.69 9.69 9.24 10.02 10.02 10.02 10.02 11.61 11.61 11.61 11.61 11.61 11.09 10.89 11.65 10.54 11.61 11.19 10.89 11.25 10.99 11.65 11.68 11.80 12.17 12.49 12.72 12.23 12.88 12.31 11.96 12.64 13.67 13.52 13.58 13.24 13.98 13.75 14.09 15.32 15.37 15.25 14.62 14.47 14.60 14.91 15.62 15.55 14.99 14.33 14.11 14.72 15.13 15.07 15.20 15.15
99999.90 99999.90 99999.90 99999.90 99999.90 99999.90 99999.90 99999.90 99999.90 99999.90 99999.90 99999.90 99999.90 99999.90 99999.90 99999.90 99999.90 99999.90 9.69 9.69 9.69 9.69 10.02 10.02 10.02 11.61 11.61 11.61 11.61 11.61 11.61 11.61 11.61 11.18 10.97 11.75 10.85 11.99 11.74 10.87 10.96 10.75 11.89 12.17 11.85 11.98 12.50 12.31 12.65 13.01 12.82 12.60 11.69 13.09 13.71 13.93 14.07 14.35 13.30 13.89 15.15 14.56 14.65 15.13 13.95 14.40 14.50 15.52 15.18 14.95 14.58 14.88 14.76 15.16 15.15 14.40 15.14
99999.90 99999.90 99999.90 99999.90 99999.90 99999.90 99999.90 99999.90 99999.90 99999.90 99999.90 99999.90 99999.90 99999.90 99999.90 99999.90 99999.90 99999.90 9.69 9.69 9.69 10.02 11.61 11.61 11.61 11.61 11.61 11.61 11.61 11.61 11.61 10.51 10.51 10.51 11.33 11.30 11.12 10.74 10.38 10.69 10.35 10.03 11.63 11.55 11.21 10.85 11.79 12.32 12.61 11.63 12.29 11.58 12.25 13.35 13.39 13.67 13.49 13.63 14.25 14.01 15.08 14.22 14.13 14.41 13.84 13.42 13.73 15.07 15.41 15.03 14.68 15.00 14.96 14.71 15.26 15.00 15.46
99999.90 99999.90 99999.90 99999.90 99999.90 99999.90 99999.90 99999.90 99999.90 99999.90 99999.90 99999.90 99999.90 99999.90 99999.90 99999.90 99999.90 99999.90 9.69 9.69 9.24 10.02 11.61 11.61 11.61 11.61 11.61 11.61 11.61 9.77 9.77 9.77 9.77 9.77 10.87 10.61 10.11 10.11 10.60 10.88 10.25 10.21 11.02 11.09 10.50 10.53 10.82 11.31 11.87 11.48 11.14 10.98 11.84 11.80 12.83 13.48 13.80 13.58 14.03 14.62 14.72 13.94 13.41 13.92 13.59 13.49 13.82 14.54 15.07 14.48 14.29 14.95 15.20 14.99 15.19 15.14 15.28
99999.90 99999.90 99999.90 99999.90 99999.90 99999.90 99999.90 99999.90 8.17 8.17 8.17 8.17 8.17 8.17 8.17 8.17 8.17 8.17 8.17 8.17 8.17 8.17 11.61 11.61 11.61 10.40 10.40 10.40 10.40 10.40 10.40 10.40 10.40 10.40 11.88 10.74 10.83 9.73 10.06 10.40 10.10 10.27 9.86 10.31 10.29 10.49 10.87 11.13 11.66 10.95 11.35 12.28 11.74 11.55 11.95 12.77 13.29 13.28 13.86 14.70 14.94 13.59 12.65 13.42 13.01 13.13 13.43 14.37 15.01 14.44 14.57 14.73 14.79 15.22 14.95 14.93 14.46
99999.90 99999.90 99999.90 99999.90 99999.90 99999.90 99999.90 99999.90 8.17 8.17 8.17 8.17 8.17 8.17 8.17 8.17 8.17 8.17 8.17 8.17 8.17 8.17 8.17 10.69 10.69 10.69 10.69 10.69 10.69 10.69 10.69 10.69 10.69 10.69 11.65 10.41 10.94 9.98 9.37 10.03 9.72 11.11 10.45 10.44 10.03 10.62 11.03 11.32 10.63 10.74 11.43 11.78 11.96 11.95 11.45 12.32 12.74 13.29 13.52 13.83 14.36 13.38 13.43 12.71 12.53 12.77 13.11 13.22 14.08 14.57 14.36 14.83 14.75 15.18 15.69 14.50 13.85
99999.90 99999.90 99999.90 99999.90 99999.90 99999.90 99999.90 99999.90 8.17 8.17 8.17 8.17 8.17 8.17 8.17 8.17 8.17 8.17 8.17 8.17 8.17 8.17 8.17 8.17 10.69 10.69 10.69 10.69 10.69 10.69 10.69 10.69 10.69 10.69 11.65 9.80 10.09 10.32 10.32 8.96 9.49 10.24 11.01 10.98 10.19 10.89 10.71 10.26 10.17 10.25 10.18 11.45 12.03 12.18 12.24 12.33 12.47 12.59 12.50 12.76 12.60 11.91 12.08 12.08 11.10 12.21 13.29 14.04 13.88 14.50 13.45 14.00 14.01 14.94 14.94 13.97 13.18
99999.90 99999.90 99999.90 99999.90 99999.90 99999.90 99999.90 99999.90 8.17 8.17 8.17 8.17 8.17 8.17 8.17 8.17 8.17 8.17 8.17 8.17 8.17 8.17 8.17 8.17 9.56 10.69 10.69 10.69 10.69 10.69 10.69 10.69 10.69 10.69 9.80 9.80 9.70 10.58 10.74 9.61 10.20 10.02 10.73 10.74 9.83 10.63 10.34 10.55 10.39 9.96 10.65 12.49 12.11 11.64 12.37 13.05 13.37 12.82 13.00 12.31 11.28 11.12 12.00 11.43 11.62 11.95 13.64 13.81 13.98 13.54 13.78 13.65 14.43 14.30 14.44 13.92 13.94
99999.90 99999.90 99999.90 99999.90 99999.90 99999.90 99999.90 99999.90 8.17 8.17 8.17 8.17 8.17 8.17 8.17 8.17 8.17 8.17 8.17 8.17 8.17 8.17 8.17 8.17 9.56 9.56 9.56 10.69 10.69 10.69 10.69 10.69 10.69 9.80 9.59 9.59 9.59 9.66 9.26 9.80 10.68 9.74 10.00 9.95 9.21 9.61 10.65 10.80 10.48 10.56 9.87 10.92 11.87 12.95 12.64 13.58 12.77 12.33 13.13 12.21 11.55 11.30 11.13 11.61 12.15 11.78 13.17 13.62 13.08 13.57 14.10 13.78 14.53 14.88 14.61 14.05 14.07
99999.90 99999.90 99999.90 99999.90 99999.90 99999.90 99999.90 99999.90 8.17 8.17 8.17 8.17 8.17 8.17 8.17 8.17 8.17 8.17 8.17 8.17 8.17 8.17 8.17 8.17 9.56 9.56 9.56 9.56 9.56 10.69 10.69 10.69 10.69 9.59 9.59 9.59 9.59 9.11 9.37 9.36 9.86 9.37 9.63 10.19 9.67 9.64 10.01 11.67 11.07 10.31 10.34 11.29 12.23 12.26 13.09 13.34 12.47 12.46 12.99 11.75 11.08 10.45 11.20 11.90 12.59 12.79 12.59 14.07 13.91 14.10 13.73 13.68 14.32 14.28 14.09 14.34 14.79
