main/data/irradiance/02.02.2023.grid
ncols 839
nrows 679
xllcenter 112.0500
yllcenter -43.9500
cellsize 0.0500
nodata_value 99999.90
[rows 136 to 169 of 679, columns 539 to 615 of 839]
13.03 13.03 13.03 16.85 16.85 16.85 18.12 18.12 18.12 20.54 20.54 20.54 20.54 20.54 20.54 20.54 20.54 14.02 14.02 14.02 14.02 14.02 14.02 14.02 99999.90 99999.90 99999.90 99999.90 25.90 24.56 23.06 23.06 23.06 23.06 23.06 23.06 23.06 23.06 23.73 23.73 22.22 22.22 22.22 21.72 22.16 21.78 21.96 21.50 21.00 21.07 19.89 19.28 18.53 18.37 16.40 16.47 16.90 16.63 15.74 17.78 18.47 18.43 19.58 21.03 22.96 23.93 24.16 24.54 25.01 23.80 24.67 24.72 25.09 25.04 25.12 24.39 24.38
13.03 13.03 13.03 11.10 11.10 16.85 18.12 18.12 20.54 20.54 20.54 20.54 20.54 20.54 20.54 20.54 20.54 20.54 20.54 20.54 20.54 14.02 14.02 14.02 99999.90 99999.90 99999.90 99999.90 25.90 24.56 23.06 23.06 23.06 23.06 23.06 23.06 23.06 23.06 23.06 23.73 23.73 22.34 22.34 21.16 21.50 22.04 21.79 21.54 20.48 20.46 19.98 19.23 18.01 17.44 16.04 16.77 17.72 16.69 16.17 16.98 16.82 17.60 19.04 21.34 23.41 23.92 25.03 25.26 24.95 24.92 24.86 25.35 24.58 25.44 24.47 23.86 24.59
13.03 13.03 11.10 11.10 12.56 12.56 12.56 20.54 20.54 20.54 20.54 20.54 20.54 20.54 20.54 20.54 20.54 20.54 20.54 20.54 20.54 14.02 14.02 14.02 99999.90 99999.90 99999.90 25.89 25.90 24.56 23.06 23.06 23.06 23.06 23.06 23.06 23.06 23.06 23.06 23.06 23.73 23.73 22.17 21.46 21.19 21.27 21.02 21.67 20.89 19.21 19.77 19.20 18.20 18.33 17.34 17.25 16.87 16.91 16.56 17.01 17.38 18.33 19.67 22.14 24.01 24.33 24.78 25.18 24.82 24.72 25.63 25.46 25.48 25.21 24.37 23.84 23.96
10.36 11.10 11.10 12.56 12.56 12.56 12.56 20.54 20.54 20.54 20.54 20.54 20.54 20.54 20.54 20.54 20.54 20.54 20.54 20.54 20.54 14.02 14.02 14.02 99999.90 99999.90 25.38 25.89 25.90 24.56 24.56 24.56 23.06 23.06 23.06 23.06 23.06 23.06 23.06 23.06 23.06 21.59 21.06 21.12 19.96 21.02 20.96 21.10 21.07 19.94 20.25 19.42 18.40 18.75 18.14 17.29 17.41 17.55 17.01 18.11 19.17 19.93 20.63 22.50 23.98 24.23 25.44 24.65 24.16 24.29 25.18 25.13 24.94 24.40 23.89 23.35 24.20
11.47 12.70 12.56 12.56 12.56 12.56 12.56 20.54 20.54 20.54 20.54 20.54 20.54 20.54 20.54 20.54 20.54 20.54 20.54 20.54 20.54 17.40 17.66 99999.90 24.59 24.59 24.59 24.59 25.90 24.56 24.56 24.56 24.56 24.56 24.56 22.76 22.76 22.76 22.76 22.76 22.76 22.26 20.43 20.38 20.62 22.25 21.95 21.05 20.23 20.51 20.88 19.04 18.00 17.58 17.84 16.52 16.80 17.34 18.15 20.11 21.06 21.94 22.04 21.69 22.13 23.93 24.96 24.45 23.47 23.67 23.41 23.39 23.61 23.70 23.72 23.63 24.35
11.75 13.30 13.69 13.69 13.69 13.69 13.69 20.39 20.39 20.39 20.39 20.39 20.39 20.39 20.39 20.39 20.39 20.39 20.39 20.39 20.39 14.28 14.28 14.28 14.28 24.59 24.59 24.59 24.59 24.56 24.56 24.56 24.56 24.56 24.56 24.56 24.56 24.56 23.87 23.87 23.87 23.02 23.13 22.61 21.71 21.94 22.50 20.65 19.00 19.32 20.32 18.60 17.38 17.53 18.29 17.84 17.53 18.27 20.08 21.61 22.05 22.39 22.81 22.51 22.52 23.36 23.77 22.52 22.47 22.30 22.16 22.76 23.08 23.03 23.53 24.59 24.87
12.21 12.98 14.20 14.20 14.20 15.66 15.66 20.39 20.39 20.39 20.39 20.39 20.39 20.39 20.39 20.39 20.39 20.39 20.39 20.39 14.28 14.28 14.19 14.19 14.19 23.14 23.14 24.59 24.59 24.59 25.90 24.56 24.56 24.56 24.56 24.56 24.56 24.56 24.56 24.06 24.06 25.21 24.45 23.50 23.39 22.97 22.23 20.50 19.89 18.72 19.25 17.90 18.11 19.15 19.29 18.54 18.90 19.96 21.93 22.65 22.43 22.67 22.81 22.53 23.12 22.95 22.65 22.25 22.27 21.52 22.12 22.82 23.08 22.92 23.40 24.27 24.22
14.58 14.69 14.45 14.45 15.66 15.66 15.66 20.39 20.39 20.39 20.39 20.39 20.39 20.39 20.39 20.39 20.39 20.39 20.39 14.28 14.28 14.28 14.19 14.19 20.71 20.71 20.71 23.14 24.59 24.59 24.59 25.90 25.90 25.90 24.56 24.56 24.56 24.56 24.56 24.56 24.60 25.85 25.12 23.71 24.12 23.02 22.20 20.57 20.90 20.40 21.41 19.37 18.89 19.65 19.42 19.67 19.64 20.23 21.58 22.19 22.47 22.40 21.93 22.04 22.42 22.05 21.77 22.31 22.71 22.58 22.70 23.19 23.88 23.71 23.52 23.66 24.12
15.94 15.94 15.82 15.66 15.66 15.66 17.39 18.26 17.44 20.39 20.39 20.39 20.39 20.39 20.39 20.39 20.39 14.28 14.28 14.28 14.28 14.19 14.19 14.19 20.71 20.71 20.71 23.14 24.59 24.59 24.59 24.59 25.90 25.90 25.90 25.90 25.90 24.33 24.33 24.33 25.41 25.99 26.85 24.62 23.77 22.41 21.85 22.21 21.71 22.08 20.57 19.55 19.77 19.71 19.93 19.93 20.04 20.23 21.09 21.27 21.87 21.78 22.04 21.62 21.59 22.10 22.39 21.84 22.38 22.60 22.49 22.34 22.84 22.60 23.67 24.39 24.73
16.21 16.45 16.19 15.24 15.24 17.39 18.73 18.26 17.44 17.44 17.44 17.02 17.02 17.02 17.02 17.40 14.28 14.28 14.28 14.28 14.28 14.19 14.19 14.19 20.71 20.71 20.71 23.14 23.14 24.59 24.59 24.59 24.59 25.89 25.90 25.90 25.90 25.90 25.32 25.32 25.18 25.77 26.54 24.56 23.87 23.42 23.74 23.21 22.82 21.92 20.40 19.93 19.71 20.12 19.83 20.15 20.89 20.22 20.23 20.20 20.62 21.06 20.95 21.16 21.34 21.95 22.60 20.91 21.20 22.38 22.58 22.29 21.74 21.59 23.29 24.60 25.34
17.28 17.65 17.28 16.12 17.39 17.39 18.73 18.26 17.44 17.44 17.02 17.02 17.02 17.02 17.40 17.40 14.28 14.28 14.28 14.28 14.19 14.19 14.19 14.19 16.66 20.71 20.71 20.71 23.14 23.14 24.59 24.59 24.59 24.59 25.89 25.89 25.90 25.90 25.90 26.30 26.23 24.85 25.33 23.60 23.27 25.19 24.90 23.91 23.20 22.41 22.22 21.21 21.31 20.19 18.90 19.84 21.39 21.16 20.33 19.66 19.29 19.21 19.83 20.10 21.24 21.33 21.62 21.30 21.46 21.32 22.38 22.46 21.96 21.79 22.14 24.67 25.83
17.32 18.01 17.51 16.39 17.91 18.85 18.73 18.26 17.44 17.44 17.02 17.02 17.02 17.40 17.40 15.36 14.28 14.28 14.28 14.28 14.19 14.19 14.19 15.53 16.66 20.71 20.71 20.71 23.14 23.14 24.59 24.59 24.59 24.59 25.38 25.89 25.89 26.18 26.18 26.49 26.52 25.23 24.19 23.61 24.50 25.20 24.77 23.09 22.70 22.30 20.92 20.76 21.56 19.84 18.29 20.05 21.60 19.51 18.54 18.02 18.51 18.81 19.04 19.62 20.25 21.17 21.89 22.07 21.82 21.11 21.83 22.89 22.23 22.78 23.52 24.16 25.62
15.44 17.03 16.79 15.00 15.45 17.31 17.20 17.61 17.09 17.15 17.02 17.02 17.40 17.40 17.66 15.36 14.28 14.28 14.28 14.19 14.19 14.19 14.19 15.53 16.66 20.71 20.71 20.71 23.14 23.14 23.14 24.59 24.59 24.59 24.59 25.38 25.89 25.89 26.00 26.95 27.18 26.32 24.76 24.49 24.75 24.91 24.10 22.78 20.88 20.52 18.96 20.43 21.88 20.39 18.02 19.71 20.79 19.36 17.98 18.29 18.75 18.94 19.30 19.35 19.34 20.27 21.90 21.56 21.64 21.69 21.88 22.66 23.15 23.73 24.61 24.68 24.78
13.90 15.19 15.77 15.02 15.18 16.04 17.18 16.74 16.54 17.71 17.44 17.40 17.40 17.66 15.58 15.36 14.28 14.28 14.28 14.19 14.19 14.19 14.19 15.53 16.66 20.71 20.71 20.71 20.71 23.14 23.14 23.99 24.59 24.59 24.59 25.38 25.38 26.08 26.41 26.15 26.67 25.89 24.47 24.44 23.11 24.70 23.42 21.47 19.95 19.74 19.67 21.22 20.55 20.10 19.38 20.71 21.09 20.72 18.96 18.24 18.53 18.90 19.05 19.27 19.65 20.54 21.16 21.10 21.38 22.59 22.87 23.45 23.96 24.72 24.95 24.09 24.66
12.96 13.78 14.46 14.02 15.34 15.76 16.74 16.13 15.87 16.57 16.79 16.89 17.66 17.66 15.58 15.36 14.28 14.28 14.19 14.19 14.19 14.19 15.15 15.53 16.66 17.96 20.71 20.71 20.71 23.14 23.14 23.14 23.99 24.59 24.59 24.81 24.82 25.75 25.83 25.38 25.27 25.44 24.66 24.12 23.51 23.40 22.60 21.38 19.56 20.66 22.49 21.32 20.72 19.33 20.15 20.49 20.90 21.68 20.03 18.36 18.85 20.35 19.63 19.34 19.82 20.56 20.54 21.48 22.75 23.23 23.27 24.01 24.10 24.60 24.82 24.54 25.59
11.55 12.37 13.35 13.29 14.16 14.90 15.08 15.45 16.46 16.22 15.67 15.51 16.79 16.29 15.58 15.36 14.28 14.28 14.19 14.19 14.19 14.16 15.15 15.53 16.66 17.96 20.71 20.71 20.71 21.21 23.14 23.14 23.99 23.99 23.90 24.12 25.64 25.53 25.09 24.35 24.50 24.52 24.63 23.98 22.38 23.02 22.60 21.20 19.58 20.08 21.45 20.16 19.12 18.60 20.90 21.01 20.72 21.00 19.93 18.24 19.12 20.65 20.02 19.29 19.12 19.95 20.55 22.20 23.27 22.98 23.13 23.76 23.93 24.48 25.33 25.51 24.86
10.18 10.42 11.96 12.52 12.64 13.69 12.79 14.04 15.26 14.82 15.08 15.60 16.34 14.34 13.95 13.10 13.11 14.20 14.19 14.19 14.16 14.74 15.15 15.53 16.66 17.96 17.92 20.71 20.71 21.21 23.14 23.14 22.66 23.47 24.16 23.86 24.41 24.32 23.25 23.59 24.69 24.83 25.39 23.79 22.48 22.61 22.13 20.69 19.66 20.56 18.92 18.90 18.64 17.46 19.55 20.88 20.46 19.90 18.33 18.23 19.35 20.84 20.58 20.74 19.82 20.57 21.06 21.34 23.26 22.98 23.68 24.10 24.38 24.57 25.52 25.47 24.86
9.36 9.78 10.72 11.44 11.23 12.24 12.33 12.48 12.97 13.17 14.85 15.77 15.09 13.03 13.17 12.05 12.78 13.60 13.97 14.16 14.16 14.74 15.15 15.53 16.66 17.96 17.92 20.71 20.71 21.21 23.27 22.37 21.74 22.72 23.69 23.18 22.17 22.79 21.54 22.20 23.83 22.93 22.63 22.20 21.56 22.20 22.37 21.77 20.94 21.37 20.88 18.36 17.79 18.32 18.92 19.40 18.88 18.27 17.54 18.16 20.45 20.69 21.41 21.39 20.91 21.47 22.02 22.14 22.80 23.82 25.02 24.98 24.58 24.63 24.64 24.07 24.12
8.48 8.79 9.21 9.79 9.94 11.09 11.34 12.42 12.69 12.80 13.55 13.54 13.49 11.92 11.76 12.10 12.63 13.92 14.24 13.56 14.01 14.74 15.15 15.53 16.66 17.96 17.92 18.38 19.66 20.27 22.15 23.03 22.40 22.33 22.04 22.87 21.92 22.29 20.84 19.29 20.90 20.00 21.34 21.54 20.99 21.67 21.96 20.83 20.19 20.20 19.83 18.31 17.37 17.64 17.92 19.01 19.08 18.20 16.90 18.29 19.60 21.10 22.16 22.13 21.72 21.68 22.18 22.38 23.07 24.65 25.46 24.72 23.99 23.80 23.47 23.63 23.57
7.91 8.43 8.90 8.96 8.91 9.38 10.44 11.40 11.46 12.06 11.67 11.42 11.32 10.88 10.71 10.61 12.09 13.24 12.28 12.26 13.54 13.99 15.22 15.45 16.21 16.06 16.89 17.10 18.80 19.56 20.69 21.64 22.36 22.07 21.08 22.01 20.83 21.29 18.50 18.31 18.31 17.35 18.02 20.83 21.03 20.54 20.69 20.54 19.35 18.84 17.72 16.67 17.09 17.42 18.32 19.69 19.14 17.48 16.73 17.73 19.47 21.22 21.71 22.38 22.97 22.69 22.28 21.99 23.78 24.85 25.74 24.69 24.35 23.55 23.37 23.23 23.78
7.98 8.28 8.76 8.70 8.86 8.46 8.77 10.42 10.45 10.29 10.52 10.36 10.38 10.40 9.95 9.98 11.39 11.90 12.29 12.47 13.45 13.93 13.74 14.71 14.73 14.42 15.35 16.74 18.06 18.70 19.21 19.77 20.20 20.55 20.06 19.06 19.27 18.62 18.12 18.03 15.99 16.30 16.03 19.50 20.38 18.16 17.75 19.40 18.11 17.56 17.46 16.14 16.51 17.61 18.28 20.55 19.83 18.14 16.98 17.72 18.89 20.80 21.46 22.21 22.30 22.25 22.12 22.60 23.44 23.56 24.20 25.19 24.29 23.34 23.37 23.58 23.58
8.14 8.77 8.20 8.40 9.11 7.53 7.06 8.77 8.49 8.75 8.90 9.32 9.21 9.25 9.30 10.39 10.97 11.60 11.64 11.80 12.74 13.70 14.22 13.86 14.18 14.57 14.60 15.93 16.78 16.00 17.63 17.08 17.47 17.93 18.98 18.40 18.36 18.01 18.69 17.07 16.52 16.56 15.97 17.93 19.13 17.14 16.75 18.55 19.61 18.54 18.88 19.08 17.67 17.34 17.85 19.55 19.04 18.87 17.72 18.99 19.96 21.29 21.71 21.69 21.87 21.78 21.89 22.88 23.19 22.47 23.21 23.96 23.83 23.44 23.32 23.55 23.14
8.04 7.98 7.82 8.11 8.65 7.09 6.19 7.24 7.26 6.89 6.99 8.06 8.27 7.56 7.94 9.45 9.96 10.20 10.79 11.83 11.93 12.17 12.78 13.85 14.90 14.07 14.09 14.88 14.92 14.51 15.35 15.61 16.02 16.82 17.34 17.80 17.30 16.68 16.35 17.71 16.81 15.24 16.66 17.95 17.62 17.02 17.42 18.02 19.81 19.85 19.10 17.99 17.48 18.90 18.17 18.99 19.01 19.67 19.65 19.78 20.35 22.70 22.08 21.28 21.53 21.69 22.69 23.01 22.63 22.22 22.79 23.13 23.18 23.43 22.67 23.64 22.91
7.24 7.29 6.69 7.38 7.65 6.41 5.93 6.20 6.26 5.47 5.77 7.04 7.36 7.27 7.30 7.84 8.70 9.37 9.93 10.69 10.18 10.36 11.17 13.22 13.61 12.90 12.62 13.32 13.31 13.69 14.49 14.97 15.21 15.50 16.31 16.53 16.20 15.23 14.98 16.96 17.08 16.54 16.98 16.71 16.57 16.82 16.15 16.97 18.66 18.59 16.82 15.75 16.23 17.85 18.81 19.29 18.94 18.59 20.27 19.88 21.21 22.04 22.43 22.83 21.77 21.97 22.30 21.99 21.93 22.58 23.17 22.94 22.80 22.76 21.23 22.35 22.65
6.25 6.00 6.46 6.99 6.85 6.67 5.45 5.12 5.12 4.69 4.71 5.32 6.05 6.20 6.49 6.83 7.39 8.19 9.12 8.94 8.80 8.78 9.60 11.14 11.49 11.79 11.75 12.51 12.80 12.68 13.74 14.84 14.71 14.27 15.05 15.01 14.35 14.72 16.63 16.38 15.22 16.58 16.18 14.70 15.73 16.15 16.37 17.25 17.85 15.80 14.90 14.54 15.04 16.89 19.84 20.52 19.11 20.26 21.13 21.26 21.49 22.27 23.31 22.82 21.98 22.27 22.26 21.48 21.70 22.41 22.37 22.94 23.22 22.93 21.79 22.02 21.91
6.63 5.87 6.18 6.25 6.67 6.73 5.34 4.63 4.88 4.87 3.88 3.94 4.83 5.74 5.50 5.70 6.83 7.85 7.84 7.69 7.90 8.19 8.82 9.94 9.61 10.83 11.48 11.51 12.08 12.20 13.35 14.11 14.45 14.15 13.82 13.73 14.77 15.21 15.90 15.28 14.36 14.52 14.08 13.68 15.27 15.68 16.48 17.14 16.24 15.12 14.82 15.25 16.26 18.36 20.33 19.57 19.66 20.33 19.90 21.07 21.87 21.79 22.78 22.41 22.79 22.61 20.96 21.46 22.48 22.43 22.56 22.01 23.38 23.20 22.49 23.48 23.50
6.78 6.45 6.20 5.98 6.27 6.67 5.85 5.34 5.73 4.84 4.00 4.13 4.32 4.91 4.97 5.70 6.99 7.40 6.75 6.91 7.21 7.80 8.13 8.25 8.86 9.75 10.75 10.47 11.35 12.64 12.96 13.45 13.71 13.26 13.24 13.85 14.75 14.60 15.46 13.95 12.80 11.89 11.63 12.26 13.19 15.01 15.89 16.01 14.19 15.07 15.86 16.84 17.10 18.17 18.50 19.68 19.26 18.19 19.06 19.41 21.05 22.27 22.37 22.63 22.45 21.98 21.35 22.06 22.98 22.49 21.75 20.85 21.88 22.46 23.46 23.57 24.17
6.46 6.00 6.44 6.30 6.52 6.27 6.35 6.11 5.95 4.52 3.77 3.80 4.22 4.53 4.96 6.18 6.57 6.63 5.89 6.74 6.95 7.45 7.94 8.37 8.80 9.01 9.56 9.76 10.05 11.14 12.27 12.32 12.09 13.14 13.42 12.93 12.84 12.90 14.54 14.42 12.23 11.75 11.76 12.13 13.91 15.53 14.80 14.35 14.68 14.49 16.42 16.70 17.02 17.32 17.74 18.87 18.27 17.12 18.45 18.55 20.25 21.70 22.54 23.14 21.88 21.83 22.81 22.57 22.04 22.04 21.63 20.04 22.39 23.12 23.23 23.16 23.50
6.76 6.25 6.55 6.34 6.21 6.03 6.68 7.02 6.38 5.06 4.58 4.48 4.88 4.85 5.27 5.57 6.15 6.25 6.06 6.69 7.55 7.65 8.05 8.35 8.67 8.34 8.31 8.85 9.20 10.24 11.63 11.36 11.44 12.00 13.16 12.06 11.77 11.21 13.24 14.26 13.25 13.33 12.89 13.98 14.44 15.11 13.94 14.46 14.52 14.77 15.81 17.10 17.31 17.85 18.04 18.89 17.52 17.74 18.17 19.32 19.73 21.39 21.82 21.87 22.20 22.90 23.31 23.83 23.29 22.17 21.37 21.00 21.53 20.39 22.22 21.59 22.21
6.29 6.29 6.49 6.12 6.22 6.02 6.10 6.77 6.49 6.12 5.74 4.55 4.92 5.45 6.46 6.62 6.03 6.31 5.91 6.72 7.83 8.70 8.55 8.14 8.57 8.41 7.59 8.09 8.52 9.39 10.44 10.26 10.28 9.66 11.47 10.84 11.08 10.84 12.66 13.05 14.74 14.72 14.38 13.91 13.55 13.97 13.42 13.71 14.33 14.72 15.16 16.44 17.11 16.98 17.55 16.97 17.88 18.37 18.40 19.61 20.95 21.23 21.59 20.42 21.92 22.39 22.85 23.18 23.13 23.34 22.98 22.18 20.35 20.99 22.21 22.96 22.50
5.80 5.80 5.88 6.27 6.41 6.24 5.26 5.91 6.68 6.98 6.63 5.11 5.44 6.26 6.88 6.45 6.33 6.06 6.69 7.52 8.83 8.85 8.54 8.47 9.05 9.14 8.15 7.90 7.93 8.12 8.82 9.56 9.35 8.85 9.12 9.68 10.42 10.34 11.60 11.59 13.90 15.18 14.82 14.18 13.08 13.62 12.71 13.23 13.63 14.49 15.49 16.94 18.14 16.79 17.22 17.73 17.57 17.68 19.52 20.10 20.90 21.33 21.10 21.16 21.11 21.97 22.75 22.35 22.15 23.08 22.85 22.43 21.62 21.40 21.19 22.28 20.69
5.27 4.94 5.39 5.77 6.02 5.93 5.24 5.83 6.33 7.02 6.83 6.00 6.12 6.28 6.86 6.34 6.56 7.13 7.64 8.52 8.98 8.64 7.89 8.21 9.51 9.85 9.03 8.38 8.33 7.76 8.26 8.67 8.25 8.56 8.71 9.88 10.51 9.79 10.77 11.27 12.52 13.42 12.49 12.26 13.34 13.24 13.52 14.14 14.51 15.28 16.14 16.85 17.57 17.72 18.51 17.48 17.39 18.89 20.09 19.18 20.97 21.48 21.53 20.69 21.44 22.11 22.11 23.07 22.98 22.95 22.00 21.64 21.26 19.40 19.84 22.11 19.56
5.61 4.73 5.55 5.53 5.53 5.06 5.80 6.10 6.38 6.61 6.26 6.39 6.53 6.86 6.97 6.81 7.67 8.01 7.88 9.14 9.41 9.10 8.04 8.32 9.83 10.26 9.10 8.74 8.64 8.37 8.48 8.78 7.81 8.36 8.77 9.55 11.17 11.45 10.80 11.58 12.43 12.55 11.82 11.86 12.95 13.28 14.02 14.33 15.75 16.22 16.09 16.95 17.53 18.10 18.45 18.53 18.30 18.20 19.14 20.11 20.85 21.26 21.37 21.70 22.35 22.84 23.48 23.77 24.70 23.43 22.13 21.36 19.12 20.27 21.31 20.81 20.81
5.60 5.85 5.42 5.34 5.56 5.16 6.03 6.45 6.66 6.53 5.76 6.47 6.90 7.10 7.49 7.42 7.75 8.79 9.10 9.52 9.54 8.99 8.67 8.78 9.61 9.50 9.12 8.93 9.01 9.10 9.01 9.17 8.87 8.72 9.80 10.69 12.33 12.07 11.97 11.47 11.99 11.59 11.72 11.18 12.24 13.93 14.17 15.07 15.99 16.57 16.28 16.84 17.88 17.01 17.86 18.93 18.75 19.45 20.41 21.19 21.04 20.50 20.84 21.95 22.74 23.55 24.01 24.65 24.46 24.99 22.24 20.57 20.32 19.68 19.71 19.94 18.42
