main/data/irradiance/02.03.2023.grid
ncols 839
nrows 679
xllcenter 112.0500
yllcenter -43.9500
cellsize 0.0500
nodata_value 99999.90
[rows 272 to 305 of 679, columns 77 to 153 of 839]
24.41 23.07 23.44 23.98 22.98 21.91 19.96 19.31 17.88 17.28 18.55 18.76 17.98 17.41 19.25 18.00 17.86 19.42 21.38 23.05 23.04 23.62 24.58 24.98 24.57 23.32 22.26 21.96 23.55 24.74 25.43 25.91 25.00 25.18 25.47 25.33 23.02 21.91 22.74 22.65 22.93 20.49 19.65 22.45 21.49 22.39 22.07 23.06 23.34 21.74 21.69 22.58 23.41 25.05 24.40 25.22 25.21 24.65 26.06 26.27 25.26 25.86 25.70 25.56 25.85 25.70 25.56 25.81 25.45 25.86 26.00 26.04 25.57 26.05 25.42 25.59 26.28
24.43 23.34 22.61 21.98 22.19 21.19 20.71 19.79 16.72 16.89 18.60 17.54 16.51 16.74 17.45 16.64 18.09 18.99 21.31 22.95 22.96 23.54 25.05 25.12 24.72 23.92 23.14 22.29 23.34 24.51 24.55 24.78 25.48 24.88 25.36 26.13 23.73 20.51 22.76 23.33 22.37 22.64 22.42 22.14 23.78 22.56 22.70 24.77 22.62 24.45 22.19 23.33 23.41 24.02 25.08 24.75 25.98 25.04 24.73 25.41 25.38 25.66 25.45 25.13 26.21 25.33 24.18 25.53 25.38 26.02 25.88 25.57 25.88 25.68 26.01 26.30 24.27
24.14 23.05 22.56 21.55 22.33 20.88 21.21 19.92 18.26 17.05 18.55 15.96 16.25 16.60 15.75 17.31 18.63 19.99 20.00 22.01 22.49 23.65 24.33 24.73 24.84 23.66 23.24 22.40 23.90 24.28 24.52 24.79 25.04 25.07 25.57 25.25 24.63 22.82 22.75 22.20 21.14 22.05 21.18 23.24 24.17 23.65 21.88 23.03 21.47 22.90 24.14 24.62 25.28 23.77 24.02 25.27 25.96 23.73 25.44 25.37 25.56 26.21 25.95 26.45 25.29 25.95 25.63 25.92 26.19 25.42 24.05 25.30 26.11 25.35 26.16 25.06 25.20
23.14 23.15 22.73 21.74 21.96 21.27 21.76 19.81 17.37 17.93 18.78 17.47 16.82 16.36 15.79 18.52 18.95 20.71 20.14 21.71 22.81 23.13 22.05 24.26 24.98 23.96 23.72 23.48 24.42 24.31 24.14 23.92 24.04 25.05 24.67 24.71 24.17 23.42 24.30 23.67 22.26 22.22 21.97 23.65 23.96 24.06 22.77 21.85 23.59 24.13 25.57 24.15 24.74 25.00 24.74 24.30 25.55 25.61 26.21 26.40 26.02 26.15 26.31 25.13 25.75 25.81 25.88 26.51 25.20 26.10 25.28 25.47 25.86 26.35 25.74 25.57 25.35
22.96 23.67 22.12 21.82 21.35 19.96 20.97 18.56 16.63 17.92 18.27 16.86 16.75 15.33 15.68 17.97 19.44 20.39 20.93 22.52 23.08 21.60 20.91 23.29 23.88 23.87 23.98 23.83 23.61 23.09 23.28 23.12 23.27 23.90 23.98 25.03 25.16 24.53 24.74 25.22 23.94 23.01 24.26 24.24 24.69 23.66 22.87 24.18 23.71 22.89 23.49 22.69 23.80 24.82 23.66 23.54 24.73 26.09 25.68 25.91 24.85 26.18 24.96 26.16 26.41 26.33 26.08 25.44 24.93 25.21 25.62 25.92 26.16 25.60 25.96 25.65 24.36
22.82 23.32 22.22 21.24 20.80 20.50 20.15 17.89 18.41 18.35 19.22 17.43 16.19 14.83 16.19 18.01 19.31 19.87 21.82 22.88 23.03 22.55 19.92 21.32 21.63 22.66 23.60 23.76 22.67 22.73 22.13 22.71 22.90 23.21 23.52 24.23 24.50 24.62 24.95 24.47 22.97 24.27 24.55 24.87 24.86 23.81 23.71 24.20 22.72 22.82 23.24 23.96 24.13 24.36 24.45 25.34 25.07 25.26 24.83 25.72 26.62 25.61 25.80 26.10 26.48 26.22 26.23 25.46 25.70 25.06 25.04 25.68 26.24 25.85 25.81 25.96 24.93
22.35 22.17 20.95 21.67 21.97 20.61 20.23 19.63 19.64 18.65 18.13 16.63 16.86 16.91 17.33 18.32 19.92 20.29 22.68 22.04 22.95 22.60 19.63 20.31 20.26 19.37 21.40 21.69 22.01 21.87 21.98 21.85 22.64 22.25 23.41 23.22 23.55 23.67 23.66 23.43 25.40 24.54 23.08 23.54 22.59 22.59 22.09 21.38 21.75 23.48 22.88 22.88 24.81 24.12 24.42 24.91 24.14 24.09 24.14 26.18 25.63 26.04 26.59 26.46 26.51 25.85 26.29 26.57 25.78 25.70 25.48 25.80 24.92 25.79 26.26 26.24 26.22
22.16 22.03 22.40 22.40 23.22 22.11 19.34 20.24 19.24 17.00 18.03 17.43 17.40 17.90 18.13 19.16 19.56 20.65 20.71 21.06 20.62 21.33 20.72 17.84 18.75 19.89 21.01 21.61 22.15 20.96 22.60 22.26 23.62 23.18 22.90 22.31 23.53 22.84 21.75 21.31 23.04 22.93 22.27 21.36 21.66 23.16 22.72 22.49 20.63 22.50 23.24 23.76 24.62 24.53 24.36 23.35 22.57 23.46 24.46 26.13 26.40 26.64 26.63 26.41 26.36 25.79 25.84 24.86 26.00 25.79 25.66 25.98 25.76 26.22 26.52 26.22 25.99
21.69 21.61 22.43 22.42 23.32 21.68 20.50 20.04 18.82 16.78 16.83 17.04 18.45 18.19 17.99 18.53 19.15 21.55 21.09 20.92 20.26 19.80 19.15 17.65 18.93 20.64 21.23 20.95 21.71 21.41 22.95 22.77 23.21 22.86 21.60 22.15 22.53 23.08 23.20 20.57 21.60 21.81 21.64 20.44 20.36 21.33 21.69 22.06 21.56 23.08 23.35 24.57 23.93 23.96 23.92 23.42 23.52 23.57 23.28 25.74 26.20 26.32 26.56 25.97 25.63 26.23 25.73 25.34 26.19 25.96 26.55 25.97 25.81 25.51 25.96 25.59 25.46
21.95 22.04 22.95 22.46 22.85 21.26 19.61 19.48 18.44 16.88 18.05 17.83 19.33 18.80 17.15 15.79 18.86 22.16 22.17 21.74 21.54 20.44 18.29 16.62 19.25 19.40 20.96 21.34 21.33 21.42 21.87 21.87 21.41 22.07 22.69 22.91 22.15 21.49 22.00 20.96 22.05 21.97 20.98 19.89 19.15 21.28 22.10 22.63 22.49 22.78 24.78 25.32 23.07 24.07 23.31 22.85 23.56 23.93 24.63 25.90 26.45 26.44 26.44 26.07 26.38 26.10 25.91 26.55 26.02 26.57 26.36 26.58 26.45 26.17 26.18 26.24 25.72
20.14 22.48 23.14 22.61 21.97 20.71 20.96 19.75 17.53 16.85 17.62 17.92 18.73 17.65 16.79 16.20 19.11 21.95 21.81 21.70 20.87 19.50 18.22 17.75 19.65 20.21 21.19 21.48 20.77 20.20 20.83 21.41 20.15 20.96 22.85 23.20 23.64 21.55 20.82 20.76 20.83 22.32 20.93 19.83 20.66 22.29 21.77 20.66 21.06 22.24 22.23 25.08 23.92 22.94 24.36 23.82 24.60 25.32 25.83 26.21 26.41 26.30 25.93 25.34 26.06 25.70 25.78 26.00 25.83 25.54 26.51 25.91 26.07 26.32 26.43 25.95 26.48
19.86 21.50 21.91 21.97 21.11 21.48 21.43 18.29 16.32 17.56 19.49 17.83 17.47 18.30 19.45 18.01 19.00 20.97 20.84 19.34 20.78 19.25 18.44 19.19 19.51 19.64 20.31 20.38 19.49 18.69 20.55 20.98 18.82 20.61 22.34 22.21 22.45 21.29 20.40 20.95 20.10 21.91 20.64 20.62 21.55 21.63 21.13 21.84 21.60 21.06 24.16 24.28 22.69 23.00 24.40 23.68 23.99 25.10 25.31 25.99 25.66 26.40 24.99 25.77 25.55 25.89 24.92 25.06 26.30 26.40 25.76 26.05 25.72 26.14 25.67 25.38 25.45
19.99 20.25 21.57 21.59 20.50 21.22 21.12 16.96 16.93 19.43 19.54 18.32 19.26 19.65 19.70 18.00 18.02 19.79 18.84 18.07 19.36 18.79 18.42 19.42 19.32 18.47 19.11 20.75 20.56 19.98 20.41 19.43 18.27 20.09 21.65 21.88 20.49 21.12 21.08 19.52 19.89 22.33 20.91 21.34 20.79 21.71 22.45 22.61 22.68 22.16 23.09 23.54 21.67 23.04 24.53 24.13 24.47 24.85 25.46 25.39 25.56 25.51 25.39 26.20 26.01 25.51 25.93 25.84 26.20 25.66 25.77 26.19 24.99 25.07 24.89 25.58 24.97
21.05 20.37 21.85 21.83 20.98 19.74 18.66 16.95 17.10 18.41 19.02 18.81 20.69 19.60 18.26 17.12 17.11 17.40 18.36 17.62 18.11 18.23 18.54 18.96 18.71 18.31 19.68 20.69 21.16 20.03 21.10 18.93 17.67 19.24 21.10 20.55 19.52 20.37 21.54 19.08 19.49 21.64 21.36 23.28 21.31 22.36 23.39 22.99 23.26 24.13 22.72 24.47 22.63 24.22 24.86 23.53 24.91 24.69 24.26 25.55 25.17 25.69 25.06 25.14 25.17 25.99 26.28 26.40 25.69 26.27 24.98 25.04 26.13 24.62 24.79 25.41 25.05
21.07 21.82 20.09 21.06 20.39 19.49 18.38 17.22 17.57 17.49 19.23 19.37 20.29 18.64 17.41 17.40 16.81 17.11 17.26 16.26 17.50 17.86 17.73 18.00 18.85 18.71 18.95 20.13 20.63 20.08 20.62 19.73 18.25 18.76 20.73 20.52 20.14 21.89 20.43 19.46 21.18 21.45 22.14 23.50 23.03 24.14 22.66 21.88 22.13 23.66 22.86 21.45 22.39 23.25 24.17 24.91 24.97 24.79 23.35 25.21 25.15 26.14 25.68 24.68 24.55 25.84 25.61 24.89 24.03 25.00 25.46 25.65 25.46 25.54 24.74 24.78 25.20
21.09 21.38 20.80 21.02 19.97 20.11 17.90 16.10 18.48 18.18 19.98 21.39 19.99 16.81 14.75 15.60 15.76 16.29 16.86 15.79 15.28 16.68 17.46 17.28 17.74 18.45 18.10 20.00 20.29 19.51 18.02 18.66 17.46 17.74 19.72 20.24 20.83 20.92 20.52 20.04 19.06 20.91 22.67 22.89 21.50 22.60 22.87 21.05 21.11 22.73 22.92 21.19 21.77 24.35 23.38 24.91 24.91 25.29 25.13 24.07 24.88 25.66 25.63 25.17 24.15 24.38 25.43 24.78 24.72 23.53 24.21 25.17 24.62 25.38 24.67 23.94 24.60
18.90 19.83 19.86 19.60 19.83 18.10 17.12 15.60 16.71 17.66 20.53 20.04 19.50 17.43 16.11 14.86 15.42 16.80 17.23 16.58 15.89 16.52 17.35 17.34 17.10 16.70 17.10 18.05 18.47 18.23 18.21 18.91 18.37 17.72 17.95 19.65 19.08 20.32 20.18 18.85 18.88 19.16 21.38 21.82 22.38 21.28 21.58 20.70 21.58 22.20 23.56 22.34 23.52 24.27 24.40 24.74 24.34 25.15 25.02 24.05 24.76 25.29 24.43 24.57 24.54 24.05 25.69 24.76 24.00 24.17 23.38 24.81 24.46 24.81 24.16 24.10 24.20
19.61 19.24 20.22 20.12 18.81 17.36 17.73 16.37 16.48 18.43 19.83 19.63 20.06 17.99 15.11 16.05 16.02 17.23 18.29 18.99 18.56 16.40 15.96 16.17 16.30 14.67 16.42 18.52 18.64 18.13 18.43 18.53 19.10 17.78 18.43 17.67 17.64 17.16 16.86 18.28 17.39 17.19 20.60 19.10 19.24 21.15 22.30 20.31 22.07 20.47 21.07 21.24 21.17 23.03 24.47 24.03 23.30 25.09 24.18 24.73 24.33 24.08 23.77 23.78 25.25 24.62 24.71 24.62 24.74 24.47 23.90 24.05 24.89 25.00 23.89 24.06 23.58
17.62 20.20 21.19 21.13 19.17 17.91 17.79 17.28 17.70 17.16 17.67 20.08 19.55 17.06 15.33 16.30 17.20 18.14 16.86 17.69 18.11 16.40 17.12 15.03 13.50 15.20 15.23 16.46 17.25 16.95 17.69 17.80 19.61 19.67 18.46 16.49 18.55 19.46 17.01 16.23 16.46 16.74 18.02 17.85 17.49 20.07 20.99 21.44 21.13 18.56 19.70 20.91 22.08 22.59 23.23 23.73 23.46 25.22 23.72 22.99 24.37 22.55 23.19 24.46 24.83 24.17 24.62 25.60 24.23 25.06 23.90 24.09 24.01 25.08 23.86 23.89 22.83
16.54 18.51 20.12 19.31 18.96 19.07 19.16 16.06 16.76 19.85 17.60 17.03 17.75 15.13 15.26 17.01 16.99 19.18 17.89 19.53 18.47 17.64 17.42 15.32 13.55 14.67 14.48 15.93 16.56 16.52 17.73 18.47 19.84 19.99 19.48 18.05 18.86 19.52 18.63 18.40 17.66 17.11 17.43 17.65 17.03 20.27 20.46 20.04 19.14 19.49 18.06 18.95 21.31 20.24 21.31 20.72 22.63 23.53 23.98 23.61 23.64 22.71 22.80 24.06 24.42 23.93 24.13 24.20 23.39 24.00 24.13 23.68 23.51 24.51 23.58 23.44 23.08
15.11 18.15 20.82 20.66 17.48 17.37 17.80 17.50 18.13 18.09 18.11 14.97 15.06 15.90 15.83 17.11 18.78 18.60 18.94 19.41 18.79 18.08 18.20 18.15 16.67 15.93 14.98 15.42 15.87 15.67 17.59 18.11 18.04 19.98 20.53 21.18 21.54 20.20 18.69 18.74 18.14 18.24 17.94 17.77 19.48 19.52 18.38 19.62 20.06 19.59 20.76 20.78 20.60 20.32 20.39 21.85 22.69 23.36 24.25 23.39 24.14 23.18 23.26 23.53 22.98 22.64 23.37 23.05 23.26 23.94 23.11 23.35 24.74 24.15 23.93 23.82 24.30
12.81 16.63 19.64 19.55 17.13 16.30 16.53 17.96 17.42 18.55 17.93 16.30 14.16 15.22 15.45 17.10 18.49 18.02 17.03 18.99 18.47 18.97 17.89 18.11 17.47 16.39 15.99 15.37 13.85 15.08 15.55 17.33 19.32 19.89 20.49 21.58 20.68 19.57 18.79 18.87 17.47 18.23 17.53 18.30 18.92 18.40 18.31 18.00 19.03 19.67 20.11 20.89 20.77 20.42 21.38 22.29 22.29 23.14 22.91 23.45 23.37 22.17 22.60 23.00 23.01 22.08 23.90 23.46 22.75 23.54 23.06 23.24 24.23 24.48 24.83 25.28 24.67
11.27 15.03 17.24 16.92 16.70 16.67 16.46 18.05 18.80 16.86 16.08 16.57 15.58 14.11 14.92 16.36 16.20 18.33 18.86 18.66 18.21 19.30 17.27 18.59 19.10 16.52 15.30 15.96 15.69 14.79 14.93 16.26 18.62 19.85 19.77 19.88 19.83 18.90 18.39 18.19 17.92 17.69 18.29 19.28 19.95 18.49 18.72 18.82 19.81 20.70 20.70 20.46 21.49 22.20 21.97 22.15 21.59 21.61 21.72 22.41 22.44 22.52 22.17 22.43 22.19 22.43 23.30 22.68 23.29 23.12 23.15 24.20 23.79 24.62 24.90 24.56 24.82
9.96 12.89 15.56 15.66 15.42 15.61 15.56 16.34 17.53 16.66 16.20 14.58 15.35 14.49 14.35 15.65 14.43 16.08 17.89 17.47 16.55 18.19 17.06 18.15 19.28 17.55 15.26 15.10 16.68 15.97 15.44 16.89 19.00 18.85 18.57 18.54 19.93 18.20 17.87 17.77 17.29 17.67 17.61 18.25 19.57 20.99 19.82 18.45 18.62 18.36 20.74 21.00 20.44 20.10 21.48 22.21 22.16 22.41 23.13 22.47 22.03 21.74 21.33 22.20 22.10 23.01 22.85 23.91 23.25 23.79 23.75 24.00 24.59 24.84 25.30 24.86 25.04
10.89 12.33 13.57 15.66 13.83 14.08 14.10 15.50 16.35 15.61 14.83 14.01 15.02 15.51 13.29 13.53 12.99 15.28 17.84 17.37 16.44 16.02 17.29 16.81 20.61 18.81 15.51 16.91 17.93 18.08 16.01 15.48 17.68 17.96 19.66 19.53 19.74 19.36 17.77 17.50 16.49 17.14 18.88 19.07 19.30 20.88 18.95 17.34 18.62 18.90 19.90 20.35 19.95 19.88 20.88 21.65 22.91 23.09 22.45 23.17 22.10 22.20 23.03 22.86 22.87 23.78 23.57 23.59 24.18 23.26 24.53 24.94 25.15 25.51 24.89 23.80 24.35
11.45 12.59 12.24 11.93 12.16 12.84 14.30 14.90 14.87 15.16 14.91 13.73 14.36 15.71 15.02 15.23 13.70 14.00 18.75 18.37 17.10 15.11 15.78 15.14 18.06 20.06 16.55 17.44 18.35 18.36 15.16 15.29 16.39 16.28 18.16 17.91 18.23 18.26 17.27 18.43 20.03 19.37 18.21 19.22 20.05 19.23 19.00 18.15 19.66 20.09 21.15 21.17 20.54 21.25 21.89 22.50 23.20 22.79 23.02 21.96 22.97 22.77 23.51 24.32 23.44 24.00 23.56 23.12 23.44 24.25 24.17 24.12 25.28 25.54 24.50 24.21 24.61
12.36 12.53 11.86 10.66 9.93 10.50 12.47 14.94 13.95 14.48 15.04 13.47 13.34 15.82 15.72 14.96 12.79 13.07 15.11 18.35 17.54 15.37 15.29 15.50 15.27 19.78 18.10 18.22 18.46 19.63 18.45 15.92 15.69 16.31 16.32 15.65 16.10 17.51 17.10 16.83 18.37 16.52 16.23 15.95 18.15 18.99 19.90 19.94 20.90 21.13 22.13 22.99 22.23 20.23 21.95 22.74 22.58 22.85 22.38 21.33 22.90 23.37 24.08 24.56 24.55 24.66 23.27 23.96 24.45 24.83 24.91 24.93 24.93 24.99 24.79 24.21 25.05
12.97 11.66 11.58 12.86 9.72 8.01 10.06 13.39 14.26 14.18 13.35 12.55 12.11 14.30 14.35 13.73 12.72 12.58 14.14 17.23 18.09 16.33 15.41 14.23 14.01 17.13 17.26 17.62 17.09 18.52 19.51 17.69 17.30 19.32 18.39 16.60 16.06 17.48 17.56 17.61 17.71 17.49 16.63 16.50 17.53 19.54 20.11 20.49 20.78 21.83 23.21 23.59 22.67 22.35 21.48 22.01 22.02 23.02 23.22 23.67 23.69 24.14 24.11 24.20 25.07 25.01 25.25 25.27 24.96 24.98 25.52 25.63 25.57 25.16 25.45 24.43 24.31
13.44 12.39 12.15 11.46 9.49 9.72 10.51 10.05 11.71 10.51 9.82 10.91 9.56 12.63 13.55 13.42 14.22 13.53 13.02 14.58 16.76 17.18 15.74 15.51 13.70 15.84 17.17 17.13 16.27 17.47 18.24 19.70 19.42 20.66 19.40 18.57 17.92 17.83 16.47 16.73 16.68 17.48 18.98 19.12 17.48 18.70 19.01 20.50 21.16 21.09 21.46 21.71 20.42 20.73 22.13 21.90 22.06 21.58 23.15 23.33 23.45 23.96 24.85 24.62 24.40 24.94 24.76 24.05 25.04 24.44 24.54 24.65 25.94 25.41 24.81 23.89 23.50
16.58 14.36 14.29 12.93 11.35 10.23 9.17 6.45 8.76 8.11 7.07 8.05 9.18 10.76 11.43 11.57 13.66 14.32 13.53 12.76 15.94 18.12 14.84 13.57 14.87 14.36 15.59 15.60 14.49 15.78 18.14 20.23 20.28 19.82 17.58 17.07 15.68 15.62 16.68 16.27 16.76 15.59 16.09 16.23 16.55 18.04 18.88 20.12 20.52 19.39 19.36 18.84 18.25 18.89 19.41 19.63 19.20 21.22 22.32 21.89 22.66 23.07 23.46 24.41 23.87 23.47 24.25 24.12 24.83 24.23 24.68 24.42 24.66 24.03 22.98 22.30 22.57
18.59 14.88 14.50 14.31 11.66 11.01 9.70 8.43 9.57 7.79 7.91 6.92 7.94 8.99 9.19 10.23 12.73 13.16 13.57 11.59 13.63 15.93 14.01 14.33 13.40 12.83 14.50 14.36 15.65 14.45 17.80 18.19 18.49 18.16 17.00 16.99 15.17 15.67 14.62 15.47 16.30 16.11 16.56 16.41 17.50 18.04 18.33 19.07 19.27 19.42 18.90 18.67 18.45 18.58 18.24 17.88 17.68 19.40 20.53 20.29 21.85 22.68 23.57 23.62 23.61 22.82 22.64 22.63 22.95 23.58 24.22 24.68 24.34 23.06 22.81 22.33 21.77
19.43 15.43 15.20 14.47 12.32 11.39 12.26 11.18 9.42 7.84 8.59 7.55 7.51 8.14 8.21 7.96 10.03 10.76 10.70 10.27 10.25 11.94 12.59 13.94 14.06 12.19 12.48 12.81 13.24 12.65 14.26 15.48 16.79 17.57 17.41 16.58 14.48 15.61 13.41 13.47 14.15 15.61 14.02 13.49 15.33 16.45 17.26 18.73 17.58 17.48 18.14 18.80 18.24 18.15 16.79 17.11 17.14 19.48 19.29 20.13 21.77 22.42 23.35 23.03 23.37 22.46 22.50 21.80 21.97 22.47 22.31 23.73 23.60 22.48 22.39 21.96 22.48
19.83 16.09 16.67 17.53 16.39 13.12 13.24 11.94 10.88 9.64 10.64 8.36 8.65 9.30 8.90 10.42 9.64 10.53 10.16 10.46 9.34 8.99 11.29 14.02 12.97 12.38 12.09 12.05 14.00 13.14 13.37 13.76 14.33 14.98 13.61 15.39 12.37 14.57 14.65 14.24 12.22 13.62 14.02 13.54 14.26 14.47 14.52 16.78 15.69 15.77 16.70 17.07 17.52 17.47 17.86 16.37 18.44 19.57 19.32 18.71 20.41 21.38 21.01 20.97 21.26 21.63 21.47 21.62 21.38 21.48 22.70 23.27 23.58 22.64 22.59 22.01 22.11
20.45 18.39 18.29 19.55 17.83 15.05 12.27 12.49 11.86 11.57 12.35 12.33 11.57 10.68 10.14 11.44 9.14 10.34 9.42 10.61 10.70 9.58 9.78 11.39 14.89 15.38 12.03 12.70 15.47 15.73 12.94 13.72 13.86 12.99 11.66 13.79 12.93 12.42 13.12 13.14 11.31 11.06 13.12 13.62 12.58 13.05 15.27 15.95 14.37 13.92 15.09 14.66 16.10 16.06 16.20 15.90 16.56 17.92 18.58 19.70 18.55 18.05 19.00 19.95 20.85 21.08 20.85 20.93 21.48 22.28 23.31 23.09 22.88 22.01 22.81 22.21 22.47
