main/data/irradiance/02.09.2023.grid
ncols 839
nrows 679
xllcenter 112.0500
yllcenter -43.9500
cellsize 0.0500
nodata_value 99999.90
[rows 170 to 203 of 679, columns 539 to 615 of 839]
22.61 22.58 22.54 22.44 22.39 22.46 22.50 22.48 22.39 22.43 22.47 22.63 22.56 22.53 22.50 22.47 22.47 22.43 22.37 22.36 22.39 22.35 22.37 22.43 22.40 22.42 22.40 22.45 22.52 22.52 22.53 22.57 22.58 22.61 22.47 22.44 22.41 22.38 22.45 22.52 22.48 22.47 22.51 22.49 22.49 22.48 22.45 22.55 22.53 22.52 22.47 22.46 22.44 22.42 22.41 22.40 22.39 22.41 22.43 22.44 22.46 22.48 22.47 22.42 22.40 22.42 22.49 22.44 22.47 22.49 22.46 22.48 22.53 22.60 22.57 22.55 22.56
22.55 22.59 22.51 22.42 22.41 22.45 22.42 22.38 22.40 22.42 22.53 22.54 22.46 22.48 22.51 22.49 22.43 22.33 22.45 22.50 22.45 22.28 22.26 22.31 22.41 22.43 22.53 22.46 22.56 22.57 22.54 22.60 22.56 22.45 22.43 22.40 22.41 22.41 22.45 22.41 22.49 22.48 22.45 22.45 22.46 22.39 22.45 22.52 22.48 22.48 22.48 22.44 22.43 22.43 22.42 22.42 22.38 22.36 22.37 22.41 22.42 22.42 22.40 22.38 22.37 22.40 22.41 22.41 22.39 22.45 22.43 22.47 22.48 22.53 22.57 22.53 22.56
22.60 22.66 22.59 22.31 22.36 22.45 22.46 22.36 22.35 22.52 22.45 22.40 22.46 22.38 22.43 22.47 22.40 22.37 22.46 22.53 22.51 22.37 22.34 22.27 22.38 22.35 22.52 22.52 22.56 22.55 22.58 22.63 22.51 22.43 22.44 22.41 22.36 22.43 22.50 22.44 22.46 22.42 22.40 22.44 22.42 22.40 22.41 22.40 22.44 22.50 22.46 22.48 22.42 22.41 22.39 22.38 22.38 22.34 22.40 22.39 22.39 22.40 22.43 22.41 22.42 22.38 22.35 22.42 22.40 22.42 22.44 22.52 22.47 22.48 22.51 22.50 22.57
22.59 22.61 22.58 22.44 22.41 22.45 22.39 22.36 22.44 22.47 22.46 22.45 22.40 22.46 22.44 22.38 22.32 22.38 22.32 22.45 22.56 22.45 22.43 22.28 22.37 22.39 22.48 22.54 22.51 22.56 22.59 22.50 22.42 22.46 22.43 22.48 22.48 22.39 22.46 22.43 22.47 22.46 22.45 22.36 22.42 22.44 22.42 22.39 22.41 22.45 22.42 22.43 22.48 22.47 22.39 22.39 22.38 22.36 22.43 22.40 22.43 22.38 22.40 22.41 22.40 22.38 22.39 22.41 22.42 22.44 22.45 22.53 22.42 22.45 22.45 22.47 22.53
22.55 22.58 22.54 22.42 22.37 22.40 22.43 22.46 22.46 22.53 22.46 22.42 22.40 22.46 22.48 22.43 22.41 22.34 22.26 22.41 22.46 22.52 22.45 22.25 22.37 22.37 22.38 22.50 22.45 22.46 22.48 22.43 22.37 22.45 22.40 22.44 22.47 22.39 22.34 22.40 22.51 22.49 22.41 22.37 22.43 22.44 22.42 22.43 22.45 22.40 22.39 22.42 22.42 22.40 22.40 22.41 22.39 22.38 22.34 22.36 22.36 22.41 22.36 22.35 22.36 22.37 22.38 22.37 22.39 22.39 22.42 22.47 22.40 22.43 22.44 22.50 22.52
22.55 22.54 22.56 22.40 22.33 22.43 22.49 22.48 22.51 22.43 22.41 22.42 22.50 22.47 22.42 22.44 22.36 22.26 22.23 22.30 22.42 22.40 22.36 22.26 22.32 22.40 22.34 22.40 22.38 22.42 22.44 22.32 22.32 22.37 22.38 22.31 22.35 22.38 22.43 22.37 22.39 22.43 22.43 22.38 22.47 22.42 22.44 22.44 22.43 22.36 22.37 22.44 22.45 22.43 22.40 22.38 22.34 22.33 22.33 22.31 22.34 22.33 22.37 22.38 22.41 22.38 22.33 22.35 22.39 22.36 22.36 22.42 22.35 22.43 22.45 22.48 22.50
22.51 22.49 22.43 22.39 22.42 22.49 22.52 22.51 22.50 22.50 22.49 22.54 22.51 22.40 22.37 22.35 22.38 22.24 22.30 22.32 22.39 22.35 22.36 22.38 22.42 22.40 22.43 22.41 22.41 22.42 22.43 22.33 22.28 22.32 22.33 22.23 22.34 22.41 22.43 22.37 22.33 22.42 22.41 22.36 22.43 22.40 22.43 22.39 22.40 22.36 22.35 22.39 22.46 22.48 22.46 22.39 22.34 22.32 22.31 22.31 22.28 22.29 22.31 22.35 22.42 22.36 22.28 22.32 22.37 22.40 22.43 22.33 22.32 22.36 22.42 22.40 22.50
22.45 22.36 22.42 22.45 22.39 22.40 22.50 22.45 22.45 22.53 22.56 22.46 22.37 22.37 22.32 22.30 22.40 22.27 22.28 22.33 22.30 22.32 22.30 22.34 22.38 22.40 22.41 22.44 22.39 22.37 22.46 22.37 22.23 22.27 22.27 22.26 22.35 22.31 22.35 22.31 22.21 22.40 22.42 22.29 22.31 22.39 22.36 22.37 22.37 22.37 22.33 22.35 22.35 22.38 22.40 22.42 22.39 22.35 22.40 22.42 22.40 22.38 22.35 22.36 22.31 22.35 22.31 22.28 22.30 22.35 22.35 22.37 22.34 22.37 22.36 22.36 22.42
22.50 22.49 22.51 22.50 22.49 22.43 22.46 22.53 22.47 22.49 22.45 22.37 22.39 22.38 22.39 22.31 22.34 22.39 22.24 22.18 22.26 22.25 22.24 22.26 22.39 22.37 22.43 22.42 22.38 22.36 22.37 22.31 22.28 22.19 22.22 22.21 22.26 22.25 22.36 22.38 22.30 22.38 22.38 22.33 22.36 22.35 22.44 22.40 22.41 22.38 22.35 22.38 22.36 22.34 22.34 22.39 22.38 22.33 22.32 22.35 22.38 22.40 22.38 22.39 22.36 22.37 22.31 22.29 22.40 22.39 22.43 22.32 22.35 22.36 22.40 22.37 22.33
22.45 22.46 22.47 22.45 22.43 22.33 22.44 22.49 22.47 22.47 22.47 22.36 22.33 22.38 22.41 22.36 22.25 22.29 22.24 22.14 22.25 22.23 22.26 22.34 22.35 22.32 22.30 22.29 22.37 22.38 22.38 22.21 22.15 22.18 22.22 22.23 22.21 22.18 22.26 22.38 22.30 22.34 22.28 22.29 22.33 22.29 22.52 22.48 22.43 22.37 22.33 22.34 22.31 22.30 22.34 22.37 22.34 22.31 22.32 22.35 22.38 22.40 22.37 22.33 22.32 22.35 22.32 22.30 22.36 22.41 22.36 22.32 22.27 22.29 22.29 22.38 22.37
22.44 22.43 22.47 22.44 22.42 22.45 22.49 22.51 22.49 22.44 22.50 22.38 22.41 22.37 22.38 22.35 22.25 22.30 22.24 22.23 22.22 22.24 22.31 22.34 22.31 22.31 22.33 22.35 22.44 22.41 22.46 22.37 22.24 22.25 22.34 22.35 22.20 22.24 22.32 22.39 22.31 22.35 22.29 22.27 22.34 22.33 22.37 22.48 22.43 22.36 22.38 22.38 22.39 22.35 22.31 22.33 22.30 22.30 22.31 22.27 22.33 22.38 22.38 22.33 22.29 22.32 22.31 22.34 22.36 22.38 22.40 22.39 22.27 22.23 22.23 22.29 22.37
22.37 22.41 22.43 22.46 22.43 22.50 22.49 22.50 22.44 22.42 22.49 22.38 22.36 22.36 22.26 22.38 22.32 22.32 22.24 22.27 22.22 22.29 22.24 22.28 22.28 22.31 22.32 22.36 22.38 22.40 22.34 22.26 22.28 22.28 22.25 22.21 22.10 22.17 22.21 22.24 22.19 22.28 22.31 22.32 22.35 22.30 22.28 22.42 22.39 22.41 22.33 22.36 22.33 22.32 22.34 22.30 22.35 22.31 22.32 22.34 22.31 22.32 22.36 22.32 22.30 22.29 22.24 22.30 22.34 22.34 22.37 22.35 22.29 22.30 22.29 22.29 22.28
22.37 22.40 22.46 22.49 22.50 22.51 22.51 22.52 22.44 22.45 22.45 22.42 22.39 22.40 22.28 22.30 22.27 22.28 22.28 22.29 22.21 22.26 22.30 22.26 22.22 22.32 22.29 22.35 22.41 22.39 22.40 22.36 22.33 22.24 22.19 22.14 22.17 22.15 22.10 22.28 22.26 22.29 22.26 22.29 22.31 22.39 22.31 22.32 22.35 22.37 22.33 22.29 22.28 22.29 22.28 22.30 22.31 22.33 22.31 22.37 22.38 22.36 22.37 22.35 22.35 22.33 22.29 22.29 22.30 22.29 22.29 22.34 22.26 22.25 22.25 22.33 22.29
22.39 22.38 22.47 22.47 22.46 22.46 22.46 22.47 22.46 22.41 22.43 22.42 22.43 22.36 22.27 22.18 22.21 22.24 22.29 22.27 22.17 22.19 22.29 22.22 22.19 22.32 22.28 22.37 22.37 22.45 22.45 22.32 22.28 22.21 22.12 22.20 22.09 22.06 22.08 22.21 22.25 22.18 22.17 22.26 22.33 22.37 22.34 22.31 22.32 22.31 22.31 22.30 22.29 22.28 22.29 22.28 22.27 22.29 22.29 22.29 22.32 22.31 22.37 22.36 22.32 22.29 22.27 22.27 22.29 22.30 22.29 22.36 22.30 22.22 22.19 22.19 22.20
22.37 22.39 22.47 22.48 22.44 22.43 22.43 22.45 22.47 22.43 22.43 22.40 22.43 22.40 22.30 22.24 22.23 22.25 22.24 22.31 22.20 22.17 22.26 22.16 22.16 22.33 22.30 22.26 22.40 22.44 22.43 22.39 22.23 22.26 22.15 22.18 22.19 22.22 22.08 22.09 22.27 22.23 22.26 22.28 22.34 22.28 22.30 22.30 22.29 22.30 22.34 22.33 22.32 22.27 22.27 22.29 22.27 22.24 22.26 22.27 22.26 22.23 22.30 22.26 22.27 22.25 22.26 22.28 22.28 22.28 22.30 22.32 22.33 22.28 22.28 22.27 22.26
22.37 22.42 22.41 22.44 22.44 22.42 22.41 22.42 22.43 22.38 22.42 22.39 22.41 22.44 22.33 22.33 22.23 22.21 22.15 22.24 22.21 22.15 22.17 22.13 22.16 22.23 22.24 22.27 22.37 22.41 22.44 22.42 22.33 22.28 22.16 22.14 22.21 22.15 22.11 21.97 22.16 22.17 22.19 22.24 22.23 22.28 22.25 22.29 22.30 22.31 22.26 22.23 22.24 22.25 22.25 22.23 22.25 22.27 22.25 22.25 22.21 22.18 22.27 22.26 22.29 22.25 22.26 22.25 22.27 22.30 22.31 22.30 22.27 22.25 22.23 22.20 22.21
22.32 22.38 22.40 22.37 22.42 22.41 22.36 22.40 22.38 22.38 22.41 22.40 22.39 22.38 22.32 22.28 22.22 22.20 22.15 22.16 22.12 22.14 22.15 22.20 22.20 22.20 22.29 22.23 22.31 22.41 22.42 22.40 22.38 22.31 22.28 22.20 22.12 22.10 22.20 21.97 22.10 22.16 22.07 22.13 22.23 22.28 22.23 22.29 22.32 22.33 22.32 22.25 22.23 22.28 22.27 22.25 22.26 22.27 22.25 22.23 22.22 22.22 22.23 22.22 22.24 22.24 22.24 22.26 22.24 22.24 22.27 22.30 22.28 22.26 22.25 22.22 22.17
22.29 22.36 22.39 22.37 22.37 22.40 22.34 22.37 22.38 22.36 22.39 22.39 22.36 22.32 22.26 22.21 22.24 22.18 22.14 22.18 22.12 22.15 22.09 22.21 22.18 22.26 22.26 22.14 22.30 22.37 22.33 22.38 22.41 22.34 22.27 22.23 22.15 22.07 22.13 22.10 22.02 22.09 21.97 22.10 22.31 22.27 22.18 22.27 22.32 22.30 22.32 22.29 22.28 22.29 22.29 22.28 22.31 22.29 22.26 22.25 22.24 22.23 22.20 22.18 22.20 22.21 22.25 22.25 22.23 22.25 22.20 22.23 22.25 22.25 22.22 22.22 22.17
22.26 22.30 22.34 22.39 22.41 22.37 22.38 22.41 22.41 22.38 22.38 22.39 22.39 22.31 22.26 22.18 22.26 22.17 22.20 22.21 22.18 22.14 22.11 22.19 22.17 22.32 22.25 22.23 22.28 22.37 22.35 22.33 22.38 22.41 22.31 22.25 22.19 22.12 22.15 22.12 22.06 22.17 22.13 22.14 22.20 22.23 22.26 22.27 22.29 22.30 22.27 22.25 22.26 22.27 22.25 22.23 22.28 22.28 22.29 22.26 22.26 22.24 22.23 22.18 22.21 22.20 22.20 22.19 22.27 22.22 22.18 22.25 22.22 22.23 22.19 22.19 22.16
22.28 22.27 22.28 22.40 22.43 22.39 22.31 22.32 22.30 22.37 22.37 22.38 22.36 22.33 22.25 22.10 22.27 22.26 22.23 22.17 22.09 22.11 22.09 22.10 22.14 22.30 22.20 22.28 22.21 22.35 22.33 22.28 22.28 22.32 22.30 22.25 22.24 22.24 22.21 22.20 22.10 22.09 22.21 21.46 21.83 22.21 22.24 22.25 22.29 22.28 22.27 22.28 22.25 22.26 22.26 22.27 22.23 22.27 22.26 22.24 22.23 22.23 22.22 22.20 22.18 22.20 22.19 22.21 22.24 22.25 22.23 22.28 22.21 22.21 22.19 22.20 22.17
22.29 22.30 22.28 22.33 22.40 22.37 22.30 22.27 22.33 22.37 22.36 22.34 22.34 22.31 22.27 22.18 22.28 22.28 22.20 22.14 22.06 22.10 22.09 22.16 22.20 22.26 22.24 22.24 22.20 22.22 22.24 22.23 22.26 22.26 22.24 22.21 22.21 22.22 22.14 22.09 22.04 22.01 22.20 22.12 22.08 22.18 22.30 22.25 22.25 22.28 22.26 22.30 22.24 22.21 22.23 22.35 22.26 22.22 22.26 22.22 22.20 22.22 22.18 22.18 22.18 22.18 22.21 22.23 22.29 22.27 22.22 22.23 22.25 22.24 22.23 22.24 22.23
22.27 22.27 22.27 22.31 22.35 22.31 22.25 22.28 22.34 22.35 22.34 22.34 22.32 22.30 22.30 22.26 22.29 22.28 22.29 22.21 22.11 22.15 22.05 22.10 22.20 22.26 22.24 22.21 22.24 22.18 22.25 22.32 22.30 22.19 22.12 22.11 22.13 22.09 22.15 22.17 22.23 22.16 22.18 22.19 22.22 22.27 22.26 22.24 22.24 22.23 22.22 22.23 22.24 22.23 22.20 22.23 22.22 22.25 22.20 22.21 22.20 22.20 22.19 22.19 22.19 22.20 22.24 22.22 22.23 22.22 22.19 22.18 22.19 22.21 22.22 22.24 22.24
22.29 22.28 22.29 22.32 22.32 22.28 22.26 22.29 22.32 22.33 22.32 22.32 22.30 22.29 22.26 22.28 22.29 22.27 22.21 22.15 22.13 22.15 22.07 22.14 22.14 22.19 22.21 22.15 22.23 22.28 22.31 22.29 22.26 22.10 22.05 22.05 22.07 22.09 22.08 22.14 22.22 22.19 22.09 22.12 22.28 22.20 22.14 22.24 22.20 22.19 22.19 22.27 22.22 22.20 22.23 22.21 22.22 22.18 22.19 22.19 22.17 22.16 22.18 22.18 22.18 22.20 22.20 22.19 22.17 22.21 22.22 22.23 22.20 22.23 22.21 22.21 22.21
22.29 22.32 22.24 22.24 22.25 22.18 22.25 22.26 22.31 22.30 22.30 22.31 22.26 22.28 22.25 22.25 22.26 22.27 22.24 22.23 22.19 22.16 22.12 22.10 22.14 22.18 22.21 22.18 22.24 22.25 22.25 22.27 22.22 22.13 22.13 22.08 22.16 22.09 22.09 22.14 22.16 22.19 22.21 22.20 22.31 22.26 22.18 22.23 22.19 22.22 22.21 22.26 22.24 22.19 22.15 22.17 22.20 22.18 22.19 22.18 22.17 22.15 22.14 22.17 22.14 22.16 22.19 22.17 22.20 22.21 22.22 22.18 22.16 22.16 22.21 22.19 22.19
22.28 22.30 22.24 22.22 22.27 22.22 22.25 22.29 22.25 22.24 22.25 22.25 22.24 22.24 22.18 22.23 22.24 22.23 22.27 22.20 22.18 22.20 22.18 22.08 22.17 22.23 22.22 22.16 22.13 22.14 22.20 22.20 22.15 22.12 22.15 22.06 22.09 22.10 22.12 21.97 22.09 22.10 22.19 22.20 22.19 22.14 22.11 22.21 22.24 22.19 22.15 22.11 22.14 22.15 22.11 22.14 22.23 22.16 22.19 22.17 22.11 22.13 22.11 22.15 22.15 22.18 22.14 22.15 22.19 22.17 22.14 22.14 22.17 22.16 22.15 22.17 22.18
22.29 22.28 22.24 22.28 22.26 22.27 22.25 22.29 22.26 22.26 22.26 22.26 22.24 22.24 22.20 22.20 22.21 22.23 22.26 22.19 22.23 22.21 22.21 22.16 22.26 22.23 22.23 22.20 22.19 22.19 22.18 22.16 22.16 22.14 22.15 22.12 22.11 22.10 22.07 22.09 22.10 22.17 22.13 22.19 22.12 22.20 22.36 22.19 22.22 22.19 22.18 22.18 22.18 22.15 22.12 22.14 22.14 22.15 22.18 22.18 22.12 22.13 22.13 22.14 22.16 22.18 22.20 22.19 22.18 22.17 22.15 22.15 22.15 22.20 22.16 22.16 22.16
22.29 22.26 22.23 22.27 22.24 22.21 22.25 22.27 22.25 22.23 22.22 22.24 22.24 22.22 22.16 22.17 22.21 22.25 22.22 22.20 22.19 22.19 22.17 22.18 22.27 22.20 22.21 22.17 22.19 22.19 22.09 22.12 22.12 22.07 22.11 22.09 22.06 22.06 22.05 22.02 22.15 22.16 22.10 22.17 22.13 22.27 22.10 22.08 22.16 22.13 22.14 22.12 22.11 22.12 22.14 22.14 22.13 22.13 22.11 22.08 22.09 22.11 22.10 22.12 22.14 22.17 22.17 22.19 22.18 22.17 22.16 22.14 22.17 22.15 22.13 22.12 22.13
22.22 22.27 22.23 22.26 22.25 22.21 22.24 22.26 22.22 22.19 22.13 22.22 22.21 22.25 22.17 22.18 22.25 22.26 22.20 22.19 22.19 22.19 22.10 22.17 22.24 22.15 22.17 22.17 22.14 22.09 22.10 22.08 22.09 22.03 22.07 22.06 22.08 22.10 22.16 22.09 22.12 22.12 22.05 22.09 22.13 22.07 22.07 22.09 22.13 22.08 22.06 22.07 22.10 22.08 22.11 22.14 22.12 22.12 22.13 22.11 22.10 22.08 22.13 22.14 22.13 22.13 22.14 22.15 22.17 22.15 22.15 22.14 22.14 22.13 22.14 22.11 22.12
22.22 22.23 22.22 22.26 22.26 22.21 22.25 22.21 22.21 22.24 22.21 22.19 22.17 22.21 22.14 22.15 22.18 22.20 22.21 22.15 22.18 22.18 22.07 22.15 22.24 22.16 22.13 22.10 22.12 22.12 22.09 22.05 22.11 22.10 22.13 22.11 22.10 22.07 22.09 22.05 22.07 22.03 22.03 22.08 22.07 22.04 22.07 22.07 22.09 22.10 22.03 22.02 22.06 22.07 22.09 22.10 22.10 22.08 22.07 22.04 21.99 22.01 22.07 22.08 22.06 22.08 22.09 22.11 22.12 22.11 22.09 22.09 22.10 22.13 22.06 22.12 22.10
22.23 22.25 22.22 22.20 22.23 22.23 22.25 22.21 22.18 22.21 22.24 22.21 22.18 22.21 22.21 22.21 22.17 22.14 22.20 22.20 22.16 22.17 22.08 22.19 22.22 22.20 22.16 22.15 22.17 22.12 22.10 22.07 22.09 22.12 22.11 22.11 22.10 22.09 22.03 22.03 22.01 22.04 22.08 22.05 22.03 21.98 22.05 22.15 22.10 22.17 22.11 22.09 22.06 22.02 22.09 22.07 22.10 22.11 22.10 22.05 22.03 22.03 22.06 22.07 22.06 22.06 22.08 22.12 22.11 22.09 22.07 22.09 22.11 22.06 22.02 22.02 22.02
22.21 22.18 22.19 22.22 22.21 22.22 22.23 22.18 22.22 22.20 22.21 22.21 22.20 22.20 22.18 22.22 22.18 22.12 22.12 22.18 22.10 22.14 22.15 22.16 22.17 22.15 22.12 22.14 22.11 22.05 22.09 22.06 22.07 22.10 22.08 22.02 22.02 22.05 22.03 22.00 22.01 22.00 22.01 21.95 21.83 21.82 22.00 22.07 22.05 22.11 22.03 22.07 22.09 22.05 22.05 22.08 22.02 22.03 21.97 21.89 21.94 22.01 22.06 22.03 22.00 22.01 22.05 22.04 22.04 22.06 22.08 22.05 22.03 22.01 21.98 21.99 22.03
22.20 22.20 22.23 22.24 22.23 22.23 22.26 22.21 22.22 22.20 22.23 22.22 22.24 22.23 22.21 22.21 22.20 22.20 22.20 22.21 22.19 22.19 22.14 22.16 22.18 22.16 22.09 22.09 22.08 22.06 22.02 22.06 21.97 22.06 22.06 22.02 22.06 21.99 22.02 22.06 22.04 22.07 22.08 21.99 21.93 21.87 22.03 22.03 22.07 22.04 22.04 22.09 22.08 22.08 22.09 22.04 22.02 22.07 22.01 21.93 21.85 21.89 22.04 22.08 22.02 22.01 22.01 21.97 21.92 21.96 22.02 21.98 21.95 21.99 21.98 22.00 22.01
22.19 22.19 22.17 22.19 22.22 22.21 22.22 22.18 22.14 22.17 22.21 22.17 22.21 22.19 22.22 22.21 22.16 22.20 22.21 22.19 22.17 22.10 22.09 22.12 22.14 22.13 22.07 22.02 22.04 21.99 21.97 21.94 22.02 22.05 21.93 22.00 21.98 22.01 22.03 22.06 22.10 22.12 22.07 21.91 21.91 21.94 22.07 22.07 22.04 22.04 22.08 22.08 22.11 22.10 22.00 22.04 22.05 22.00 21.92 21.96 21.91 21.91 22.08 22.11 22.09 22.09 22.02 21.96 21.94 21.93 21.97 21.99 21.91 21.90 21.93 21.97 22.06
22.17 22.15 22.14 22.15 22.16 22.20 22.17 22.18 22.14 22.14 22.19 22.17 22.22 22.24 22.17 22.19 22.16 22.19 22.14 22.17 22.17 22.13 22.08 22.15 22.10 22.08 22.06 21.98 21.99 22.01 21.99 21.98 21.97 22.03 21.95 21.96 22.02 22.02 22.05 22.05 22.12 22.10 22.07 21.89 22.00 22.00 22.06 22.11 22.09 22.05 22.10 22.07 22.07 22.02 22.01 22.01 22.01 21.97 21.95 21.92 21.88 21.84 21.88 21.98 22.04 22.01 22.01 22.04 21.91 21.88 21.92 21.94 21.93 21.94 21.95 22.01 22.04
