main/data/irradiance/02.08.2023.grid
ncols 839
nrows 679
xllcenter 112.0500
yllcenter -43.9500
cellsize 0.0500
nodata_value 99999.90
[rows 442 to 475 of 679, columns 693 to 769 of 839]
14.19 14.14 14.20 14.21 14.20 14.19 14.20 14.22 14.22 14.24 14.21 14.22 14.22 14.21 14.21 14.20 14.19 14.21 14.20 14.20 14.19 14.17 14.17 14.16 14.17 14.17 14.18 14.18 14.18 14.17 14.17 14.17 14.17 14.17 14.17 14.17 14.18 14.18 14.17 14.17 14.13 14.11 14.16 14.10 14.07 14.12 14.11 14.17 14.17 14.15 14.14 14.07 14.07 14.16 14.15 14.10 14.12 14.11 14.06 14.08 14.05 13.97 13.89 13.92 13.97 14.03 14.09 14.10 14.08 14.15 14.13 14.14 14.08 14.07 14.11 14.10 13.98
14.15 14.17 14.12 14.19 14.18 14.19 14.20 14.20 14.19 14.20 14.19 14.18 14.19 14.20 14.19 14.18 14.18 14.16 14.16 14.17 14.18 14.19 14.15 14.14 14.15 14.15 14.15 14.15 14.17 14.15 14.15 14.16 14.14 14.15 14.15 14.13 14.14 14.14 14.15 14.15 14.16 14.14 14.15 14.14 14.15 14.15 14.16 14.16 14.14 14.13 14.14 14.14 14.09 14.07 14.05 14.05 13.95 13.99 14.05 13.99 13.97 13.99 14.04 13.96 13.97 14.04 14.02 14.07 14.07 14.13 14.14 14.10 14.00 14.07 14.03 13.96 13.95
14.15 14.16 14.16 14.15 14.14 14.17 14.16 14.16 14.16 14.12 14.17 14.17 14.17 14.17 14.13 14.14 14.16 14.16 14.16 14.15 14.16 14.17 14.13 14.14 14.14 14.14 14.13 14.14 14.14 14.13 14.13 14.13 14.13 14.13 14.11 14.10 14.09 14.12 14.14 14.14 14.12 14.08 14.12 14.13 14.14 14.10 14.14 14.15 14.13 14.10 14.12 14.12 14.09 13.94 13.90 14.08 14.04 14.11 14.11 14.06 13.89 13.86 13.84 13.81 13.86 13.92 13.95 13.95 13.98 13.99 14.02 14.07 13.97 13.97 14.02 13.89 13.87
14.12 14.13 14.14 14.13 14.14 14.15 14.14 14.15 14.15 14.14 14.14 14.14 14.14 14.12 14.11 14.10 14.14 14.15 14.14 14.14 14.14 14.14 14.14 14.11 14.12 14.12 14.12 14.12 14.11 14.11 14.12 14.11 14.11 14.10 14.08 14.07 14.07 14.08 14.10 14.10 14.10 14.07 14.10 14.11 14.11 14.11 14.12 14.11 14.12 14.11 14.05 14.06 14.01 13.99 13.99 14.02 14.06 14.09 14.05 13.91 13.71 13.77 13.77 13.77 13.79 13.82 13.88 13.88 13.96 13.90 13.93 13.95 13.93 13.92 13.85 13.90 13.89
14.09 14.12 14.12 14.12 14.13 14.11 14.11 14.11 14.10 14.11 14.11 14.09 14.11 14.11 14.08 14.08 14.11 14.10 14.11 14.11 14.11 14.11 14.12 14.09 14.09 14.09 14.10 14.08 14.08 14.08 14.06 14.07 14.08 14.06 14.02 14.05 14.07 14.08 14.08 14.08 14.07 14.07 14.08 14.09 14.09 14.09 14.09 14.08 14.08 14.08 14.07 14.09 14.06 14.09 13.99 14.06 14.09 14.08 14.06 14.01 13.91 13.93 13.98 14.00 13.99 13.91 13.87 13.92 13.94 13.91 13.94 13.92 13.92 13.91 13.87 13.85 13.76
14.07 14.09 14.10 14.10 14.10 14.10 14.10 14.09 14.07 14.08 14.08 14.09 14.09 14.09 14.09 14.04 14.08 14.09 14.08 14.09 14.09 14.09 14.09 14.09 14.06 14.06 14.06 14.05 14.06 14.06 14.06 14.05 14.06 14.04 14.00 14.05 14.03 14.06 14.05 14.06 14.06 14.05 14.07 14.06 14.07 14.06 14.06 14.06 14.06 14.05 14.06 14.04 14.05 14.05 14.02 14.03 14.08 14.08 14.07 13.98 14.00 14.01 13.92 13.74 13.81 13.86 13.93 13.91 13.91 13.84 13.85 13.86 13.84 13.84 13.88 13.86 13.94
14.08 14.08 14.04 14.07 14.08 14.08 14.08 14.08 14.08 14.07 14.06 14.07 14.07 14.07 14.06 14.06 14.05 14.04 14.07 14.07 14.08 14.07 14.07 14.06 14.06 14.03 14.03 14.03 14.00 14.04 14.04 14.05 14.04 14.02 14.00 14.03 14.03 14.04 14.04 14.03 14.04 14.05 14.03 14.04 14.04 14.04 14.04 14.04 14.04 14.04 14.03 14.00 14.03 14.04 13.98 13.98 14.02 14.03 14.04 14.03 14.01 13.98 13.91 13.75 13.79 13.93 13.81 13.71 13.83 13.81 13.75 13.76 13.70 13.67 13.76 13.72 13.76
14.05 14.07 14.05 14.03 14.06 14.05 14.04 14.05 14.06 14.05 14.04 14.05 14.06 14.05 14.03 14.05 13.96 14.01 14.04 14.05 14.05 14.05 14.05 14.05 14.04 14.00 14.00 14.01 14.01 14.01 14.01 14.01 14.00 13.98 14.01 13.99 14.02 14.02 14.02 14.02 14.02 14.02 14.02 14.02 14.01 14.02 14.02 14.02 14.02 14.01 13.96 13.98 13.99 13.98 13.99 13.98 13.93 14.00 13.98 13.97 13.98 13.99 13.94 13.87 13.67 13.61 13.58 13.40 13.38 13.58 13.57 13.37 13.30 13.50 13.47 13.47 13.67
14.03 14.03 14.04 14.03 14.02 14.01 14.03 14.04 14.03 14.03 13.99 14.00 14.00 14.02 14.02 14.01 13.95 14.00 14.02 14.03 14.03 14.03 14.03 14.03 14.03 14.03 13.97 13.98 13.99 13.98 13.99 13.99 13.95 13.97 13.94 13.97 13.99 13.99 13.99 13.98 13.99 13.99 14.00 14.00 13.96 13.99 14.00 13.99 13.99 13.99 13.96 13.98 13.98 13.98 13.98 13.91 13.90 13.95 13.92 13.90 13.87 13.88 13.84 13.79 13.66 13.53 13.55 13.42 13.52 13.59 13.57 13.41 13.21 13.35 13.45 13.49 13.54
14.02 14.01 14.02 14.02 14.00 13.96 13.99 14.00 13.97 14.00 14.02 14.00 14.01 14.00 14.00 13.95 13.93 13.99 13.98 14.00 14.01 14.00 14.01 14.00 13.99 14.00 13.94 13.96 13.97 13.97 13.98 13.97 13.96 13.93 13.90 13.96 13.95 13.96 13.94 13.86 13.90 13.97 13.98 13.98 13.95 13.96 13.97 13.96 13.96 13.96 13.96 13.89 13.89 13.93 13.89 13.80 13.84 13.81 13.83 13.85 13.80 13.75 13.64 13.65 13.61 13.35 13.26 13.20 13.32 13.39 13.39 13.26 13.22 13.21 13.20 13.35 13.27
13.98 13.99 13.98 13.99 13.99 13.97 13.99 13.98 13.97 13.90 13.98 13.96 13.98 13.97 13.93 13.95 13.98 14.00 14.00 13.98 13.98 13.98 13.97 13.98 13.97 13.96 13.98 13.96 13.96 13.95 13.95 13.95 13.93 13.86 13.91 13.95 13.89 13.88 13.90 13.87 13.93 13.95 13.95 13.96 13.93 13.95 13.95 13.94 13.91 13.96 13.85 13.86 13.89 13.86 13.87 13.73 13.81 13.73 13.67 13.79 13.84 13.73 13.64 13.61 13.52 13.31 13.25 13.28 13.52 13.51 13.39 13.43 13.32 13.17 13.21 13.18 13.08
13.96 13.95 13.90 13.96 13.97 13.95 13.98 13.97 13.96 13.95 13.96 13.96 13.91 13.91 13.94 13.96 13.96 13.97 13.97 13.95 13.96 13.96 13.93 13.94 13.97 13.96 13.97 13.95 13.94 13.92 13.92 13.92 13.83 13.82 13.89 13.92 13.92 13.90 13.86 13.91 13.92 13.93 13.93 13.93 13.90 13.92 13.92 13.94 13.91 13.85 13.85 13.86 13.84 13.82 13.79 13.70 13.73 13.76 13.52 13.63 13.75 13.64 13.59 13.58 13.59 13.61 13.48 13.41 13.51 13.52 13.56 13.20 13.07 13.11 13.05 12.75 12.62
13.97 13.93 13.91 13.93 13.95 13.92 13.94 13.94 13.94 13.93 13.93 13.93 13.92 13.93 13.92 13.92 13.93 13.93 13.94 13.94 13.92 13.91 13.91 13.93 13.95 13.95 13.95 13.94 13.91 13.91 13.90 13.90 13.86 13.81 13.87 13.89 13.90 13.88 13.91 13.90 13.90 13.90 13.91 13.87 13.89 13.90 13.87 13.89 13.89 13.89 13.85 13.82 13.83 13.80 13.58 13.47 13.49 13.58 13.53 13.46 13.63 13.53 13.57 13.59 13.60 13.66 13.58 13.54 13.46 13.39 13.44 13.34 12.99 12.63 12.71 12.22 12.04
13.94 13.91 13.91 13.90 13.88 13.84 13.91 13.92 13.92 13.92 13.92 13.91 13.90 13.87 13.88 13.90 13.91 13.89 13.91 13.91 13.90 13.89 13.90 13.93 13.91 13.92 13.92 13.93 13.89 13.88 13.87 13.88 13.85 13.78 13.86 13.88 13.89 13.88 13.88 13.88 13.88 13.88 13.88 13.85 13.85 13.88 13.86 13.87 13.84 13.84 13.75 13.82 13.80 13.74 13.51 13.37 13.35 13.30 13.59 13.61 13.55 13.62 13.53 13.57 13.54 13.45 13.51 13.47 13.32 13.30 13.33 13.15 12.87 12.72 12.44 12.25 12.03
13.87 13.89 13.90 13.90 13.85 13.89 13.90 13.89 13.90 13.89 13.89 13.89 13.89 13.86 13.82 13.88 13.88 13.87 13.88 13.88 13.89 13.89 13.89 13.88 13.89 13.86 13.90 13.91 13.90 13.86 13.86 13.85 13.84 13.77 13.81 13.86 13.86 13.85 13.84 13.86 13.86 13.85 13.85 13.85 13.85 13.84 13.82 13.83 13.82 13.79 13.75 13.75 13.75 13.71 13.55 13.37 13.37 13.12 13.36 13.53 13.45 13.08 13.23 13.44 13.36 13.32 13.28 13.33 13.22 13.24 13.08 12.95 12.35 12.28 11.28 11.54 11.59
13.85 13.89 13.89 13.88 13.88 13.88 13.88 13.86 13.88 13.88 13.87 13.87 13.87 13.85 13.86 13.85 13.85 13.85 13.86 13.86 13.86 13.86 13.87 13.85 13.87 13.86 13.86 13.87 13.86 13.86 13.84 13.83 13.83 13.81 13.75 13.83 13.84 13.85 13.82 13.83 13.83 13.83 13.84 13.84 13.83 13.82 13.83 13.82 13.81 13.76 13.74 13.74 13.71 13.73 13.63 13.31 13.26 13.07 13.05 13.20 13.00 12.99 13.11 12.84 12.69 12.71 12.85 12.83 12.85 12.79 12.71 12.52 12.53 11.98 11.84 11.66 10.88
13.85 13.83 13.86 13.87 13.84 13.85 13.84 13.84 13.85 13.85 13.85 13.85 13.84 13.81 13.83 13.85 13.84 13.85 13.85 13.83 13.83 13.86 13.86 13.84 13.83 13.82 13.83 13.84 13.85 13.84 13.83 13.80 13.79 13.78 13.74 13.81 13.81 13.80 13.82 13.82 13.81 13.82 13.82 13.80 13.80 13.82 13.81 13.79 13.79 13.73 13.71 13.64 13.70 13.70 13.66 13.53 13.49 13.41 13.31 13.39 13.25 13.28 13.22 12.94 12.51 12.37 12.14 12.10 12.13 12.51 12.08 11.94 12.23 11.67 11.19 10.87 11.32
13.80 13.78 13.81 13.83 13.83 13.83 13.84 13.84 13.82 13.82 13.82 13.82 13.84 13.83 13.81 13.83 13.82 13.83 13.82 13.81 13.83 13.83 13.83 13.80 13.80 13.82 13.81 13.82 13.82 13.81 13.79 13.78 13.78 13.74 13.71 13.70 13.72 13.71 13.75 13.80 13.80 13.80 13.80 13.77 13.75 13.76 13.77 13.76 13.77 13.74 13.68 13.64 13.59 13.67 13.60 13.38 13.49 13.45 13.45 13.25 13.28 13.18 12.57 12.48 12.37 12.54 13.09 12.96 12.63 12.18 11.91 11.78 11.47 11.38 10.42 10.50 10.63
13.80 13.80 13.78 13.78 13.79 13.79 13.78 13.81 13.81 13.80 13.77 13.80 13.80 13.81 13.82 13.80 13.81 13.79 13.78 13.79 13.78 13.80 13.80 13.81 13.80 13.80 13.80 13.80 13.79 13.79 13.78 13.79 13.76 13.74 13.68 13.68 13.67 13.68 13.74 13.77 13.76 13.76 13.77 13.74 13.76 13.75 13.73 13.71 13.74 13.64 13.58 13.62 13.62 13.58 13.56 13.41 13.39 13.28 13.20 12.97 12.92 12.81 12.54 12.15 11.43 11.72 11.78 12.23 12.23 12.58 12.35 12.04 11.71 10.67 10.42 10.32 10.11
13.79 13.81 13.78 13.76 13.77 13.76 13.75 13.76 13.79 13.78 13.78 13.78 13.78 13.78 13.80 13.80 13.80 13.79 13.78 13.77 13.77 13.78 13.78 13.78 13.79 13.77 13.77 13.78 13.78 13.77 13.77 13.77 13.74 13.72 13.67 13.67 13.69 13.71 13.73 13.73 13.68 13.74 13.74 13.72 13.74 13.74 13.73 13.68 13.69 13.59 13.54 13.56 13.62 13.63 13.58 13.55 13.53 13.31 13.32 13.16 12.96 12.95 12.50 12.58 11.90 11.79 11.67 11.28 11.50 12.12 11.46 11.02 11.33 11.44 10.09 9.37 9.85
13.77 13.76 13.77 13.76 13.74 13.73 13.74 13.75 13.77 13.75 13.75 13.73 13.74 13.76 13.75 13.76 13.76 13.76 13.76 13.76 13.77 13.77 13.76 13.75 13.76 13.76 13.76 13.75 13.76 13.77 13.75 13.74 13.74 13.71 13.66 13.68 13.66 13.66 13.64 13.70 13.70 13.71 13.70 13.68 13.66 13.71 13.70 13.69 13.65 13.57 13.35 13.43 13.44 13.54 13.37 13.36 13.39 13.23 13.26 13.27 12.96 12.69 13.00 11.93 11.67 11.25 10.92 11.10 11.32 11.83 11.53 10.63 11.20 10.29 10.09 9.73 9.73
13.75 13.73 13.74 13.74 13.73 13.74 13.72 13.71 13.72 13.75 13.74 13.74 13.75 13.75 13.74 13.72 13.73 13.74 13.74 13.74 13.76 13.75 13.75 13.73 13.74 13.73 13.74 13.73 13.72 13.73 13.74 13.72 13.70 13.68 13.64 13.67 13.65 13.67 13.68 13.68 13.69 13.69 13.68 13.68 13.69 13.69 13.67 13.66 13.66 13.50 13.25 13.22 13.33 13.45 13.42 13.39 13.31 13.18 13.30 13.29 13.24 13.28 12.89 11.32 11.42 11.08 11.01 11.27 11.15 11.05 10.57 9.89 9.79 9.62 10.33 10.78 11.01
13.73 13.73 13.72 13.72 13.72 13.73 13.73 13.69 13.70 13.72 13.71 13.71 13.72 13.71 13.71 13.71 13.71 13.72 13.71 13.71 13.73 13.73 13.71 13.72 13.72 13.72 13.71 13.71 13.70 13.70 13.70 13.69 13.69 13.64 13.63 13.66 13.63 13.60 13.63 13.67 13.67 13.66 13.66 13.64 13.66 13.65 13.65 13.59 13.63 13.48 13.23 13.31 13.43 13.53 13.55 13.54 13.37 13.36 13.22 13.29 13.25 13.43 12.67 11.16 11.42 11.25 11.23 10.62 9.93 11.14 10.87 9.83 9.52 9.86 9.72 9.42 9.57
13.71 13.71 13.70 13.71 13.70 13.69 13.69 13.67 13.68 13.71 13.69 13.69 13.70 13.70 13.70 13.69 13.68 13.69 13.70 13.70 13.70 13.68 13.68 13.71 13.70 13.70 13.70 13.70 13.69 13.68 13.68 13.66 13.64 13.62 13.60 13.60 13.63 13.61 13.58 13.64 13.65 13.62 13.65 13.64 13.65 13.64 13.61 13.57 13.61 13.56 13.47 13.40 13.42 13.52 13.49 13.41 13.21 13.20 13.26 13.39 13.45 13.53 12.79 11.24 10.82 10.55 10.88 10.92 10.98 10.83 10.63 9.04 8.79 8.64 9.15 10.10 9.75
13.69 13.68 13.67 13.68 13.69 13.69 13.68 13.68 13.67 13.68 13.66 13.66 13.67 13.65 13.67 13.66 13.67 13.67 13.66 13.66 13.67 13.67 13.66 13.66 13.66 13.66 13.67 13.67 13.67 13.66 13.62 13.61 13.63 13.66 13.63 13.60 13.59 13.63 13.62 13.62 13.62 13.62 13.62 13.62 13.60 13.57 13.35 13.38 13.47 13.52 13.54 13.46 13.49 13.48 13.32 13.27 13.32 13.35 13.34 13.32 13.52 13.51 13.09 12.05 11.67 11.12 10.66 10.80 11.03 10.00 9.66 9.41 9.20 8.60 9.19 9.03 9.60
13.65 13.65 13.66 13.65 13.66 13.65 13.65 13.65 13.66 13.64 13.63 13.61 13.64 13.62 13.65 13.66 13.65 13.65 13.65 13.64 13.64 13.64 13.63 13.63 13.64 13.64 13.63 13.62 13.64 13.64 13.61 13.63 13.63 13.63 13.59 13.59 13.57 13.58 13.60 13.60 13.61 13.60 13.60 13.60 13.58 13.56 13.49 13.46 13.42 13.44 13.48 13.49 13.38 13.30 13.37 13.41 13.48 13.36 13.20 13.34 13.49 13.49 13.14 12.79 11.81 10.88 10.74 10.66 11.14 10.65 9.84 9.62 8.75 9.00 9.45 9.72 10.42
13.63 13.62 13.63 13.63 13.63 13.62 13.61 13.64 13.64 13.64 13.63 13.62 13.62 13.62 13.62 13.62 13.63 13.63 13.61 13.62 13.62 13.62 13.62 13.64 13.62 13.61 13.61 13.61 13.61 13.60 13.60 13.61 13.62 13.61 13.60 13.58 13.54 13.53 13.58 13.59 13.58 13.58 13.57 13.54 13.53 13.51 13.50 13.54 13.54 13.51 13.42 13.41 13.37 13.37 13.31 13.26 13.21 13.28 13.29 13.33 13.46 13.49 13.13 12.14 12.09 11.88 11.36 11.21 10.70 10.62 9.56 9.59 9.04 9.54 9.45 9.36 9.43
13.61 13.61 13.60 13.60 13.60 13.60 13.60 13.61 13.61 13.61 13.61 13.59 13.53 13.54 13.59 13.61 13.60 13.59 13.57 13.59 13.59 13.59 13.58 13.61 13.60 13.58 13.59 13.58 13.58 13.58 13.58 13.58 13.59 13.60 13.60 13.60 13.55 13.51 13.56 13.56 13.57 13.56 13.55 13.56 13.53 13.54 13.46 13.51 13.53 13.53 13.53 13.46 13.42 13.39 13.27 13.30 13.28 13.12 13.04 13.21 13.39 13.42 13.40 12.57 12.34 12.33 12.00 11.12 10.57 11.00 10.44 9.54 9.60 9.00 9.61 8.55 8.96
13.58 13.57 13.56 13.56 13.56 13.58 13.55 13.58 13.58 13.58 13.58 13.58 13.57 13.56 13.51 13.59 13.57 13.58 13.59 13.55 13.56 13.57 13.58 13.56 13.56 13.56 13.55 13.56 13.55 13.55 13.55 13.55 13.55 13.56 13.56 13.55 13.56 13.54 13.54 13.53 13.54 13.50 13.51 13.45 13.47 13.51 13.55 13.54 13.53 13.52 13.51 13.48 13.49 13.34 13.04 13.25 13.14 12.98 12.88 13.08 13.35 13.40 13.42 13.15 12.73 12.32 11.65 11.44 11.22 11.00 10.23 10.25 8.92 8.58 9.17 9.10 9.18
13.56 13.55 13.55 13.53 13.54 13.54 13.55 13.55 13.56 13.56 13.56 13.56 13.56 13.56 13.57 13.59 13.55 13.56 13.56 13.55 13.54 13.55 13.55 13.54 13.53 13.54 13.54 13.54 13.53 13.51 13.53 13.54 13.54 13.53 13.54 13.53 13.52 13.53 13.51 13.52 13.51 13.52 13.51 13.47 13.48 13.51 13.51 13.51 13.51 13.50 13.48 13.46 13.42 13.20 13.08 12.80 12.82 12.83 13.02 13.19 13.28 13.33 13.22 12.85 12.35 12.21 11.93 11.24 11.54 10.98 10.69 9.48 9.08 8.36 8.67 9.47 9.47
13.53 13.53 13.52 13.53 13.53 13.54 13.53 13.52 13.52 13.53 13.54 13.53 13.54 13.47 13.56 13.63 13.53 13.54 13.53 13.53 13.52 13.52 13.53 13.53 13.50 13.53 13.52 13.50 13.52 13.50 13.51 13.50 13.53 13.52 13.53 13.52 13.49 13.52 13.48 13.49 13.49 13.48 13.50 13.47 13.49 13.49 13.48 13.48 13.47 13.49 13.43 13.37 13.34 13.16 13.11 13.12 13.05 13.14 13.20 13.33 13.32 13.31 13.19 12.79 12.21 11.50 10.60 10.80 10.69 10.91 11.06 9.74 8.78 8.24 8.09 8.49 8.46
13.53 13.51 13.51 13.50 13.51 13.51 13.51 13.49 13.51 13.52 13.50 13.50 13.52 13.52 13.52 13.54 13.54 13.51 13.50 13.51 13.48 13.50 13.51 13.50 13.50 13.50 13.49 13.48 13.49 13.48 13.48 13.47 13.50 13.47 13.48 13.48 13.48 13.48 13.47 13.47 13.46 13.46 13.46 13.45 13.46 13.46 13.47 13.46 13.47 13.46 13.44 13.42 13.32 13.37 13.31 13.24 13.28 13.32 13.33 13.33 13.25 13.25 13.16 12.63 12.18 11.58 11.02 10.10 10.04 10.45 10.22 10.13 9.09 7.63 8.49 8.70 9.12
13.48 13.47 13.48 13.48 13.48 13.48 13.47 13.46 13.48 13.49 13.49 13.48 13.48 13.48 13.47 13.48 13.48 13.48 13.46 13.48 13.48 13.48 13.45 13.47 13.48 13.47 13.48 13.47 13.46 13.45 13.45 13.47 13.47 13.43 13.42 13.43 13.44 13.45 13.46 13.44 13.44 13.43 13.44 13.44 13.43 13.43 13.45 13.45 13.43 13.44 13.41 13.45 13.43 13.42 13.42 13.40 13.38 13.38 13.37 13.25 13.12 13.12 12.84 12.39 12.13 11.80 11.57 10.59 10.07 10.24 9.17 9.66 8.88 9.30 8.38 8.46 8.96
13.46 13.47 13.47 13.46 13.46 13.47 13.48 13.46 13.46 13.48 13.47 13.47 13.47 13.45 13.45 13.45 13.44 13.46 13.47 13.45 13.47 13.45 13.43 13.44 13.46 13.45 13.46 13.45 13.44 13.44 13.44 13.44 13.43 13.42 13.41 13.41 13.43 13.42 13.38 13.41 13.41 13.39 13.40 13.42 13.42 13.42 13.41 13.41 13.41 13.38 13.37 13.37 13.38 13.42 13.38 13.38 13.35 13.36 13.30 13.29 13.08 13.07 12.90 12.41 12.12 11.81 10.88 10.48 9.77 10.49 10.23 9.28 9.08 9.51 8.92 9.22 9.50
