main/data/irradiance/02.12.2023.grid
ncols 839
nrows 679
xllcenter 112.0500
yllcenter -43.9500
cellsize 0.0500
nodata_value 99999.90
[rows 272 to 305 of 679, columns 693 to 769 of 839]
29.31 29.00 28.41 29.67 29.13 28.52 28.41 28.15 28.19 28.28 28.59 28.22 27.97 28.31 28.30 28.90 29.21 28.35 28.31 28.29 27.21 26.78 27.19 27.35 26.14 26.61 26.16 26.77 25.90 25.15 25.77 26.48 25.95 25.92 25.26 25.25 25.83 26.41 24.84 24.28 24.47 24.60 25.24 25.05 25.24 25.88 25.45 24.92 24.72 24.64 24.35 25.11 26.20 26.70 26.99 27.44 28.01 27.10 27.86 27.91 28.21 27.50 26.74 27.13 26.93 27.20 25.30 24.31 25.53 25.70 26.55 26.38 26.02 25.46 25.02 23.16 23.94
29.19 29.19 29.80 30.27 29.56 29.21 29.55 28.86 28.55 28.08 28.00 28.14 28.12 28.13 28.19 28.20 28.70 29.12 29.32 28.67 27.42 28.01 27.80 28.78 28.09 28.04 27.36 28.96 29.01 27.87 25.74 25.93 27.54 26.48 25.54 25.62 25.64 25.56 25.48 25.00 24.46 25.22 24.46 24.80 24.18 24.69 24.91 25.12 24.44 25.51 25.54 25.51 26.46 25.80 25.28 26.38 26.93 27.02 27.81 28.38 28.59 28.14 26.11 27.01 27.00 27.52 26.54 24.54 25.30 25.84 26.29 25.98 26.18 25.82 25.17 24.36 24.05
29.05 29.69 29.87 29.68 29.38 29.17 28.71 28.54 28.92 28.34 28.26 28.91 27.95 28.17 28.56 28.71 28.93 29.63 30.09 29.45 28.33 27.54 27.67 29.39 28.81 27.72 27.58 27.53 29.61 29.40 27.05 26.95 26.92 26.00 25.51 25.36 25.09 24.08 24.03 24.60 25.28 24.13 24.47 24.34 24.68 25.73 24.87 23.97 23.50 23.40 24.29 25.31 25.73 26.31 25.33 26.14 26.87 27.20 27.47 27.72 28.68 28.43 27.24 27.70 27.04 27.37 27.57 27.51 26.76 26.82 26.92 26.82 26.74 26.10 25.82 22.61 23.41
29.03 29.01 29.80 29.40 28.69 28.57 28.95 28.26 28.72 28.44 28.82 28.75 28.80 28.60 28.69 28.64 28.45 29.25 29.47 29.01 28.71 27.92 28.50 28.86 28.76 27.67 28.98 28.05 28.69 29.10 28.07 27.15 27.76 27.13 26.28 27.04 26.97 24.80 23.87 23.65 24.61 24.41 24.89 24.25 23.62 25.17 24.30 24.21 23.74 23.91 24.06 24.15 25.39 25.86 25.25 25.42 26.23 27.10 27.13 27.21 26.54 27.29 27.83 28.21 27.37 26.88 26.47 28.00 28.67 27.81 27.52 27.41 27.57 25.62 25.89 23.99 22.10
28.44 29.01 29.75 28.46 27.58 28.88 28.14 28.38 28.95 29.53 28.74 28.28 29.04 28.20 28.49 29.41 29.34 29.55 29.24 29.78 28.31 27.44 28.35 28.24 28.16 28.01 28.35 28.42 27.55 26.75 27.88 28.35 28.03 28.31 27.33 26.87 27.44 26.63 24.32 23.89 24.10 24.40 24.53 23.92 23.39 24.36 24.62 24.56 23.87 24.15 23.68 23.66 24.97 23.59 23.19 25.15 25.25 26.48 26.55 25.94 25.50 25.54 27.09 27.54 27.42 27.07 26.16 26.51 28.29 28.56 28.10 27.96 28.07 28.21 26.89 24.43 23.30
29.19 29.60 29.79 29.14 29.49 28.93 28.22 28.19 28.65 28.65 29.08 29.35 28.92 28.38 28.54 29.65 28.28 28.54 29.48 29.80 28.69 27.76 28.94 28.37 27.44 27.97 28.64 28.49 27.46 26.59 26.51 28.47 28.26 28.48 27.92 27.70 27.86 26.89 25.89 25.54 25.55 25.43 24.91 24.98 23.27 24.39 24.99 24.45 23.52 23.23 23.69 23.87 24.27 24.46 24.75 25.21 24.54 25.64 25.36 25.84 25.18 25.50 25.18 26.15 26.63 27.27 26.67 25.93 27.66 28.68 28.49 28.64 28.50 28.35 27.83 26.22 24.07
29.52 29.82 29.39 29.91 29.59 29.55 28.56 27.35 28.54 28.32 29.28 29.41 28.94 29.08 29.08 27.75 27.63 28.28 28.63 28.54 26.61 27.91 29.32 28.96 27.13 27.90 27.93 27.77 27.12 26.82 25.75 27.33 27.40 27.74 27.91 27.70 28.12 26.68 25.62 25.54 26.31 26.64 26.04 25.41 25.39 25.14 25.30 25.27 25.12 24.07 21.35 22.54 22.41 23.25 24.18 22.71 23.45 23.87 24.47 25.17 26.15 25.29 24.53 23.71 25.91 26.84 27.08 26.86 26.54 27.15 28.28 28.91 28.55 28.85 28.23 27.20 26.25
29.08 30.05 29.41 29.68 29.55 28.91 28.87 28.73 28.34 28.67 28.50 28.31 28.60 28.57 27.97 28.39 28.11 28.07 28.20 27.75 27.21 27.86 28.51 28.43 27.45 28.34 28.50 27.98 27.57 26.70 25.82 26.17 26.95 27.51 29.42 28.24 27.61 27.63 25.30 25.40 26.85 27.06 27.37 26.55 26.61 25.86 25.93 25.46 25.39 25.12 24.21 21.74 22.45 24.18 23.31 21.92 21.55 22.44 23.48 23.29 24.91 25.59 25.25 24.42 24.92 25.71 24.72 25.87 26.51 27.11 27.22 27.11 27.97 28.73 28.33 27.65 26.36
28.84 29.29 30.04 29.87 29.45 29.52 29.43 28.79 28.32 29.14 28.11 27.72 27.68 28.52 28.74 28.17 27.03 27.57 27.40 28.43 27.72 27.21 28.03 27.75 27.48 28.56 28.69 28.09 27.57 26.77 26.95 27.50 28.01 27.83 28.83 28.40 27.96 27.43 26.62 27.19 27.24 27.00 27.12 27.34 26.49 26.75 27.33 26.20 25.67 25.30 25.94 24.09 23.64 24.42 23.93 22.80 21.27 20.80 21.92 21.88 23.46 23.90 24.69 24.60 23.91 24.51 24.53 24.60 24.69 25.57 26.14 25.45 26.22 27.92 28.62 27.95 27.05
28.02 28.05 28.94 29.69 28.67 28.59 28.96 28.92 28.56 28.53 27.61 28.04 27.49 28.66 29.26 28.92 28.53 28.38 28.57 28.82 27.30 28.11 26.88 27.14 27.70 28.06 28.17 27.97 27.11 26.48 27.00 27.36 26.32 26.47 27.11 27.42 26.79 27.95 28.08 28.89 28.58 27.77 26.82 27.72 27.67 27.58 26.94 27.29 26.92 25.77 25.45 24.76 24.63 24.08 24.90 24.41 23.20 21.35 20.35 22.03 23.34 23.40 23.93 24.09 23.81 23.58 24.15 24.36 24.36 23.62 24.22 24.40 24.77 26.58 26.93 28.21 26.73
29.07 28.87 29.27 29.56 28.89 29.43 28.80 29.49 28.71 29.27 27.84 28.10 28.49 28.22 29.19 29.50 29.30 29.13 28.72 28.52 27.82 28.34 28.46 27.55 28.21 28.65 28.02 27.78 27.36 26.03 26.82 27.01 26.33 28.18 26.90 25.01 24.60 27.16 26.13 27.53 27.97 27.78 27.01 27.02 25.96 27.31 26.25 27.81 27.43 26.28 26.45 24.20 25.30 24.57 24.55 24.09 23.83 22.25 23.17 21.04 22.48 23.11 23.17 23.59 23.73 22.03 24.48 23.87 25.13 23.86 24.47 23.58 23.91 25.20 26.67 26.71 26.67
28.59 28.59 28.74 29.25 29.11 28.93 28.38 29.20 28.86 29.03 27.92 28.06 28.13 28.37 28.08 28.93 28.39 28.24 27.96 27.94 27.76 27.84 27.31 27.27 26.88 27.61 27.88 27.22 26.65 26.48 25.20 25.36 26.73 27.28 27.90 26.14 26.57 25.13 25.77 26.93 27.93 27.52 28.76 26.74 24.66 25.20 25.74 27.32 27.25 26.43 27.81 25.13 23.64 24.32 24.45 23.36 23.73 23.68 24.89 21.88 21.77 21.96 24.46 23.99 23.05 22.39 22.65 23.85 24.01 24.69 24.63 23.43 23.13 24.03 24.87 25.74 25.50
28.06 28.81 29.01 28.52 28.96 29.35 28.78 28.66 28.94 28.08 28.33 28.31 27.17 27.30 28.71 28.96 29.47 28.81 27.92 27.43 27.51 28.14 28.53 26.85 27.02 27.55 27.98 27.64 27.57 27.15 26.10 25.28 26.61 26.64 27.62 27.95 27.53 25.88 27.06 26.96 26.93 26.21 27.71 28.22 27.53 27.08 26.47 27.36 26.72 26.77 27.31 26.05 26.54 24.33 22.81 22.80 22.97 22.86 24.69 22.42 21.59 20.20 23.91 23.93 24.05 23.57 22.64 22.89 22.51 23.08 23.05 23.54 22.82 23.49 23.70 24.15 25.18
27.93 27.76 28.74 28.85 28.81 29.27 28.88 28.89 28.55 28.07 28.05 27.31 27.97 27.21 29.21 27.83 29.33 27.91 28.15 27.99 28.50 28.37 27.76 26.95 28.64 26.93 27.07 28.20 27.51 25.95 26.88 27.15 27.05 27.42 28.50 27.13 26.25 26.51 27.16 27.93 26.80 27.33 27.43 28.50 29.08 28.52 27.03 26.82 25.97 27.51 28.23 27.79 27.30 26.44 25.02 24.39 23.15 23.14 24.26 22.69 22.49 21.57 23.71 25.38 23.39 23.81 22.43 23.17 22.24 22.80 22.52 23.23 23.78 24.11 24.45 24.86 26.43
26.50 27.42 28.36 27.98 27.92 28.21 28.32 28.20 28.76 29.58 29.39 28.09 27.12 27.30 28.82 26.40 27.58 25.80 26.83 27.68 27.52 27.41 26.90 26.79 27.40 26.24 27.15 27.11 27.60 26.80 26.33 26.53 26.80 26.86 26.19 26.33 25.66 26.00 27.14 26.25 26.47 27.03 27.52 27.53 27.22 27.91 28.18 27.20 27.06 28.58 27.07 27.80 27.75 27.14 26.57 24.70 24.60 24.79 24.69 24.13 23.75 22.60 23.32 25.50 24.30 23.24 21.93 23.03 22.64 22.91 22.13 24.04 25.31 23.87 24.14 25.19 25.67
27.83 27.11 28.31 28.12 27.93 28.27 28.15 27.77 27.22 28.28 28.95 28.49 28.19 26.51 26.62 27.19 26.92 24.87 24.19 25.67 26.11 26.62 27.37 27.18 26.91 28.12 26.45 26.21 27.04 27.30 25.40 26.77 27.67 27.35 27.16 26.61 26.87 27.13 26.75 26.54 25.50 27.26 26.50 27.56 27.88 27.95 27.94 27.07 26.98 28.21 27.22 28.00 27.22 27.01 28.49 26.89 24.50 24.68 25.32 24.58 24.77 22.77 23.29 25.26 24.78 23.70 24.37 24.12 23.41 24.90 24.24 23.74 22.88 24.38 25.24 24.78 24.78
27.96 26.10 26.13 26.73 27.61 28.62 28.75 26.69 27.38 27.55 28.65 28.41 28.26 27.80 27.78 26.99 27.61 26.55 25.30 23.39 24.13 25.26 27.63 28.40 27.71 28.26 27.92 27.38 28.22 28.35 26.75 27.42 27.75 27.06 27.44 27.98 27.30 27.20 27.18 26.57 26.66 27.14 26.23 26.65 27.93 28.27 27.97 26.28 25.68 28.33 27.07 27.57 26.67 26.73 26.92 27.54 26.53 24.13 24.30 24.23 23.95 24.00 23.84 24.52 24.12 22.92 23.71 25.11 25.05 25.58 25.49 24.88 22.24 22.73 23.88 24.80 23.52
28.75 28.92 28.53 26.99 26.62 27.74 28.67 28.24 27.81 28.52 29.12 28.11 26.20 28.15 29.10 28.74 28.46 27.79 27.43 25.73 26.33 23.94 26.86 28.24 28.39 28.34 28.18 28.32 27.96 26.36 26.74 28.60 27.80 26.94 28.61 28.86 27.62 25.95 25.60 26.40 26.41 27.68 27.06 27.18 27.82 28.22 26.88 24.78 25.75 27.26 25.92 25.87 25.10 25.65 26.48 26.31 27.02 24.42 24.15 24.17 24.20 22.27 22.45 24.61 23.32 21.71 22.71 22.85 24.71 24.32 24.04 25.34 22.99 20.87 21.93 24.29 23.16
29.32 28.80 28.85 28.72 27.55 27.47 27.56 28.56 29.18 29.25 29.47 26.30 26.01 28.52 29.88 29.98 29.98 30.04 29.57 28.30 28.79 26.48 25.91 27.44 27.82 27.90 27.56 28.57 27.77 27.50 28.11 28.88 28.30 28.62 29.33 28.79 28.45 27.40 27.02 26.09 26.63 27.51 26.80 27.56 27.68 27.49 26.13 25.59 26.87 27.38 26.88 25.95 25.84 26.25 26.66 27.36 27.12 26.16 24.43 25.29 24.28 24.20 21.63 23.02 23.52 22.40 22.07 22.32 23.67 23.85 24.29 23.95 21.01 21.75 21.60 21.18 22.50
29.63 29.26 29.53 29.27 29.06 28.93 27.88 28.01 29.15 28.34 28.32 27.14 27.04 29.27 29.06 29.91 29.64 29.59 29.72 29.10 28.84 28.09 27.54 26.39 26.40 26.64 28.02 27.75 28.10 29.08 29.21 28.21 27.09 28.95 29.15 28.88 29.06 27.43 27.86 25.87 27.29 27.88 27.27 26.50 26.81 25.88 25.07 25.27 26.51 27.68 27.70 26.37 26.22 25.68 25.99 27.08 26.26 27.64 27.00 25.95 26.26 25.52 24.33 22.92 22.38 21.87 21.27 22.97 23.17 22.79 23.90 23.61 22.91 21.28 20.71 21.96 19.88
29.87 29.56 29.88 29.32 29.50 28.94 28.96 28.04 28.22 28.41 27.56 27.18 25.80 27.70 28.16 27.37 27.87 28.99 29.37 29.54 28.70 28.49 26.70 25.36 24.39 25.36 27.53 27.92 28.66 27.48 27.83 26.49 28.07 28.87 28.53 29.97 29.40 28.92 28.26 28.73 28.61 28.92 27.97 26.54 26.58 25.12 24.11 26.09 26.78 28.00 26.86 27.22 26.78 25.32 25.84 25.00 25.57 25.11 25.01 25.26 24.71 26.50 26.48 25.03 23.22 23.31 22.00 22.27 23.07 23.21 22.38 22.80 22.24 21.19 21.78 21.84 22.20
29.66 29.67 29.37 29.15 28.95 29.17 28.98 28.22 29.31 29.19 29.19 28.89 27.73 26.64 25.09 26.25 26.58 29.09 28.04 28.29 28.40 28.77 28.66 26.70 26.25 26.87 26.81 26.99 28.66 28.67 29.10 29.29 28.62 28.06 28.88 28.97 29.05 28.92 27.88 28.55 28.58 28.91 29.05 28.33 27.95 26.13 24.61 26.41 27.23 27.16 27.06 26.80 28.32 27.68 25.45 25.32 26.38 26.84 25.79 24.64 24.74 26.58 27.14 26.54 23.39 23.04 23.35 21.66 22.96 21.19 21.97 22.35 21.91 20.81 22.55 21.15 22.19
30.11 29.66 29.57 29.33 28.52 29.23 29.23 29.13 28.46 28.58 28.17 27.76 28.29 28.16 26.37 26.09 27.27 27.79 26.95 26.67 26.09 25.80 27.74 26.05 26.60 26.95 26.80 27.78 27.91 28.71 29.03 29.36 28.94 29.37 28.90 28.26 28.86 27.77 26.62 27.27 29.05 28.61 29.17 29.36 29.42 27.51 25.98 26.92 27.40 26.90 25.74 25.69 25.27 27.01 25.76 25.74 26.33 25.87 23.79 24.04 24.42 24.48 25.32 24.98 23.65 23.89 23.13 22.52 22.03 20.12 20.60 21.82 20.51 19.34 19.64 20.74 20.52
30.36 30.36 29.84 28.73 28.56 28.65 29.30 29.43 28.33 28.70 27.50 28.09 28.34 28.35 26.83 26.73 25.95 24.35 23.33 24.78 25.81 27.85 27.97 25.52 24.89 24.01 26.60 24.52 26.77 27.86 29.51 28.90 28.75 29.18 28.92 27.77 28.04 28.03 27.98 26.22 26.69 27.15 28.89 28.94 29.32 27.28 25.78 25.81 27.74 27.25 25.79 26.06 25.46 25.86 26.28 25.61 25.77 25.08 22.59 22.96 24.81 23.79 24.06 23.75 23.85 21.89 23.73 22.21 21.51 20.63 20.23 21.07 20.18 20.02 20.62 19.38 19.90
30.65 30.72 30.17 29.49 29.81 29.46 28.68 29.66 28.50 28.46 29.21 28.94 28.64 28.80 26.93 27.29 27.45 25.95 24.28 23.29 24.71 26.04 27.77 25.73 26.26 26.97 25.74 23.08 23.95 24.88 29.09 28.89 28.49 28.58 28.49 28.62 27.33 28.07 27.94 25.86 22.27 24.87 27.75 27.94 26.36 25.98 26.09 25.71 26.30 26.59 24.86 23.58 23.09 24.74 26.25 24.39 24.57 23.90 22.65 22.13 22.80 24.81 24.20 24.26 24.38 23.75 23.77 24.38 22.82 22.07 19.97 21.19 21.48 20.06 19.33 20.66 21.03
30.79 30.66 30.18 30.44 30.43 30.27 29.64 29.31 28.73 29.14 29.30 28.25 29.30 28.92 28.65 27.31 26.90 25.10 25.04 25.04 26.64 25.87 26.42 25.97 24.96 26.39 26.19 23.53 24.01 25.34 25.34 26.97 26.83 27.21 26.22 25.29 24.99 25.89 26.68 26.60 23.24 22.65 25.93 25.89 25.36 25.18 25.37 25.81 24.76 25.06 24.61 23.28 22.27 23.64 24.32 25.48 23.88 22.87 23.40 22.67 24.72 24.77 24.45 24.90 23.89 24.30 24.90 24.65 23.65 22.27 19.62 19.73 21.41 20.37 19.51 20.47 20.73
30.62 30.45 30.70 30.73 30.10 30.25 30.26 29.07 29.16 29.44 29.49 28.91 28.79 27.84 28.51 26.84 26.71 26.43 26.41 26.55 26.02 25.73 27.09 25.09 24.59 24.05 22.56 23.93 24.57 24.11 22.41 22.68 22.14 21.85 23.24 23.79 23.86 24.05 24.57 24.21 22.95 23.59 24.07 22.79 22.39 24.58 26.61 25.16 24.84 25.77 25.16 24.49 24.64 22.39 23.55 23.64 22.98 23.01 23.87 22.44 23.69 24.25 23.61 23.37 23.21 22.18 23.39 23.28 23.37 20.97 20.08 18.68 19.70 20.50 20.99 19.82 19.01
30.61 30.02 30.02 30.42 30.22 30.30 30.42 29.77 28.98 28.99 29.29 28.27 29.05 29.13 28.42 28.38 27.12 26.83 25.86 25.68 24.54 22.99 23.41 23.35 23.74 23.76 23.78 25.73 23.90 23.02 21.03 20.31 21.46 24.73 26.22 24.47 23.42 24.71 25.64 24.28 22.41 24.65 24.95 23.66 22.32 22.21 22.44 24.53 25.94 25.36 24.10 23.51 22.37 22.93 22.66 23.07 23.82 24.62 23.93 22.62 22.85 23.04 23.28 23.51 23.40 22.57 23.49 23.21 22.97 22.86 21.32 18.90 18.86 19.94 20.11 19.80 20.57
30.17 29.17 30.14 30.16 29.89 30.44 29.86 30.15 29.94 28.71 28.30 28.11 29.08 29.88 29.16 29.28 28.11 27.07 28.17 28.89 26.69 24.91 25.07 23.56 24.20 25.74 24.53 24.21 22.45 21.91 22.90 21.83 23.14 26.16 28.44 25.79 21.79 23.40 25.61 27.09 27.06 23.60 25.91 24.98 22.71 22.11 23.06 23.52 25.31 25.59 21.77 20.58 22.08 22.48 22.37 22.24 23.85 25.12 25.16 24.56 24.08 22.68 22.76 23.95 24.36 23.60 24.17 24.25 22.80 23.08 22.31 21.51 22.45 18.96 16.28 17.97 18.22
29.60 29.94 30.18 30.19 29.56 30.19 30.55 30.67 30.34 30.01 30.02 29.52 29.57 29.53 29.25 29.32 29.06 29.06 28.38 28.27 27.23 27.04 27.49 26.34 24.88 25.98 26.56 25.26 25.10 25.20 24.26 23.66 23.91 27.09 26.93 26.71 23.35 24.83 25.54 26.55 27.02 27.56 26.94 25.30 25.47 25.06 23.70 22.71 22.40 22.59 22.88 22.66 22.98 21.44 23.11 21.13 21.96 23.35 23.71 22.53 22.12 22.87 21.95 22.11 23.02 24.67 24.74 24.10 24.58 22.72 21.55 20.52 21.78 20.86 17.69 17.70 18.09
29.97 29.80 29.73 29.12 29.15 30.35 30.73 30.63 29.55 29.12 30.54 30.17 28.96 29.49 30.07 29.73 29.50 29.15 28.74 29.48 29.48 28.63 28.50 27.04 23.82 25.57 27.86 25.81 24.14 26.55 25.23 24.12 23.31 26.86 27.70 24.87 24.34 25.23 25.13 25.63 28.88 29.14 28.77 25.78 25.60 25.89 23.06 21.67 22.21 23.21 22.77 23.08 24.33 23.56 22.95 21.32 20.94 19.56 19.97 19.98 19.93 19.85 20.79 21.11 21.60 23.55 24.50 24.53 24.07 22.74 20.71 18.62 18.68 18.98 19.76 19.50 18.17
29.19 29.35 28.55 28.19 28.85 30.37 30.30 29.62 29.18 30.24 29.16 29.14 30.08 29.32 29.16 29.92 28.67 29.61 28.05 27.90 29.64 29.84 28.77 29.26 27.07 26.05 26.56 24.64 25.00 27.18 25.01 21.26 23.38 25.86 25.46 25.02 23.47 24.48 24.18 23.69 26.92 28.02 28.25 27.05 26.10 24.87 22.59 21.85 21.60 22.43 23.60 21.95 22.22 22.04 21.40 21.15 20.06 19.87 19.79 20.48 21.01 20.15 20.92 20.57 21.36 21.12 22.78 22.96 23.08 22.04 20.96 19.34 19.33 18.38 18.68 18.96 18.33
28.76 28.31 28.03 28.62 29.27 29.42 29.45 30.22 29.64 30.07 30.08 30.08 30.40 29.48 29.81 29.01 28.55 29.07 29.35 28.58 28.61 28.77 29.28 29.83 30.17 28.71 26.95 27.50 27.57 26.10 22.55 22.64 25.12 25.75 24.88 24.28 25.18 25.12 24.30 24.58 25.98 27.13 27.14 27.06 27.41 24.84 22.82 20.50 20.75 21.53 22.45 21.66 21.03 21.10 20.96 20.32 20.27 19.66 19.90 21.45 21.40 20.29 20.27 19.14 18.52 19.36 20.24 21.09 21.80 21.22 21.49 20.36 19.71 19.94 17.43 17.00 19.12
29.22 29.23 29.10 28.16 29.72 28.58 27.04 28.52 28.50 28.30 29.51 28.73 29.70 29.72 29.08 28.85 28.84 27.85 27.91 28.35 27.44 29.60 28.82 29.50 29.67 29.61 29.88 29.43 29.52 28.74 27.63 27.31 25.84 22.58 22.64 22.03 23.72 21.18 23.93 24.53 25.53 25.25 26.98 26.91 26.76 25.40 23.93 21.63 21.23 19.50 21.68 22.34 22.71 21.71 21.48 20.49 21.97 20.58 21.69 23.08 22.32 21.98 21.36 20.79 20.26 19.25 17.95 18.50 20.06 20.03 19.35 20.39 18.09 18.48 16.53 16.91 19.66
