main/data/irradiance/02.12.2023.grid
ncols 839
nrows 679
xllcenter 112.0500
yllcenter -43.9500
cellsize 0.0500
nodata_value 99999.90
[rows 272 to 305 of 679, columns 77 to 153 of 839]
30.46 30.52 30.52 30.46 30.53 30.53 30.54 30.43 30.49 30.50 30.47 30.48 30.44 30.47 30.33 30.04 29.85 30.20 30.27 30.24 29.66 29.97 30.19 29.97 30.13 30.37 30.35 30.31 30.14 30.43 30.37 30.39 30.37 30.27 30.48 30.24 30.27 30.23 30.40 30.13 29.95 30.01 29.99 29.04 29.50 29.02 28.54 28.86 28.15 29.00 27.55 26.84 27.09 27.07 28.19 28.66 27.58 29.39 27.49 27.30 28.79 27.55 26.60 24.31 24.78 24.58 25.05 25.31 26.05 27.51 27.52 27.92 27.41 26.56 27.64 26.87 28.19
30.51 30.49 30.50 30.45 30.52 30.52 30.52 30.53 30.53 30.51 30.50 30.53 30.53 30.53 30.43 30.39 30.41 30.07 30.09 30.36 29.80 29.85 29.37 29.90 30.24 30.22 30.02 30.43 30.49 30.45 30.46 30.40 30.36 30.48 30.48 30.35 30.42 30.23 30.42 30.39 30.33 30.37 30.08 29.70 29.36 29.14 28.18 28.88 28.31 28.94 28.70 27.69 27.29 27.03 27.71 26.28 26.21 28.79 26.61 27.18 28.40 26.86 28.07 26.24 22.82 25.29 24.69 26.75 26.56 27.00 27.79 29.22 28.82 27.14 26.68 28.44 27.39
30.57 30.52 30.53 30.53 30.52 30.52 30.53 30.53 30.50 30.53 30.49 30.36 30.34 30.45 30.16 30.30 30.07 29.72 29.60 29.75 30.18 29.53 29.93 28.95 29.06 29.80 29.60 29.93 29.93 29.83 30.46 30.25 30.27 30.20 30.49 30.48 30.40 30.47 30.44 30.31 30.22 30.19 29.98 29.70 29.01 28.79 28.94 28.59 28.57 28.34 29.12 27.41 27.09 27.86 27.13 27.06 27.69 26.91 28.28 26.59 27.51 25.62 27.40 27.87 25.31 26.77 24.95 26.98 27.01 27.30 27.87 28.43 28.29 28.40 26.49 28.67 27.17
30.55 30.50 30.53 30.48 30.51 30.53 30.55 30.51 30.51 30.54 30.52 30.47 30.44 30.45 30.30 30.11 30.22 30.15 29.69 29.80 29.75 30.02 29.84 29.26 29.34 29.32 30.06 29.58 29.61 30.13 29.89 30.20 30.24 30.44 30.48 30.53 30.50 30.48 30.43 30.38 30.47 30.29 30.07 29.86 29.18 29.37 29.10 29.40 28.80 28.34 28.01 27.96 27.12 27.31 27.17 27.25 28.16 27.45 27.16 26.78 26.34 26.50 25.53 26.77 24.22 26.18 25.80 26.54 26.26 26.62 26.98 27.72 28.42 28.73 27.71 26.54 28.29
30.57 30.47 30.53 30.53 30.55 30.54 30.56 30.51 30.50 30.51 30.58 30.47 30.42 30.39 30.14 30.19 30.22 30.22 30.36 29.72 29.50 29.04 29.03 29.45 30.08 29.81 29.61 29.61 29.81 29.38 29.66 29.27 29.87 30.24 30.35 30.52 30.37 30.49 30.32 30.32 30.40 30.12 30.19 29.86 29.71 29.70 29.43 28.54 28.25 28.20 27.48 28.47 28.40 27.41 26.61 26.18 27.38 27.87 26.16 25.86 24.93 26.80 24.68 25.82 24.97 25.77 25.96 25.07 26.71 27.75 24.51 27.75 28.87 28.18 27.73 28.26 29.07
30.47 30.52 30.53 30.54 30.56 30.58 30.58 30.54 30.58 30.51 30.58 30.55 30.48 30.43 30.24 30.32 30.05 29.59 29.71 30.13 29.85 29.40 28.32 29.42 29.58 29.32 28.20 29.28 29.47 29.62 29.87 29.07 29.53 30.11 29.91 30.52 30.47 30.44 30.44 30.41 30.32 30.40 30.09 29.95 29.85 30.04 29.42 28.94 28.41 28.08 27.18 26.71 28.40 27.90 27.52 27.68 27.46 27.79 28.83 27.53 25.95 25.91 24.93 25.30 23.65 25.38 26.76 25.95 26.55 27.60 26.13 28.04 27.68 27.50 27.81 27.75 28.38
30.46 30.51 30.56 30.54 30.56 30.51 30.55 30.50 30.56 30.56 30.54 30.57 30.54 30.42 30.47 30.42 30.45 30.33 30.24 30.15 29.96 29.90 29.38 28.78 29.06 29.64 29.64 29.58 29.38 29.20 29.80 29.30 29.57 30.42 30.14 30.46 30.52 30.51 30.50 30.46 30.38 30.36 30.01 29.92 29.83 29.70 28.95 28.67 28.99 28.90 28.84 28.94 28.93 27.81 27.25 27.37 29.27 28.00 27.82 26.57 24.06 26.38 24.00 25.67 25.61 27.21 27.80 26.34 24.61 24.40 27.05 27.90 25.17 27.00 27.77 28.01 28.09
30.54 30.48 30.47 30.53 30.50 30.56 30.51 30.49 30.57 30.59 30.55 30.57 30.53 30.55 30.53 30.57 30.55 30.56 30.40 30.39 30.41 30.26 29.88 29.18 29.09 29.40 29.85 29.57 29.97 30.13 29.71 29.95 30.12 30.22 30.22 30.50 30.50 30.38 30.50 30.44 30.39 30.26 30.27 29.79 29.50 29.60 29.52 29.07 29.02 28.42 29.24 29.81 29.99 29.09 26.99 27.47 28.51 27.93 26.54 25.48 24.71 27.25 25.91 25.64 25.67 26.67 26.64 27.21 26.60 26.06 25.45 26.83 26.33 26.95 27.28 27.24 29.14
30.61 30.61 30.48 30.56 30.53 30.54 30.55 30.59 30.57 30.53 30.55 30.55 30.50 30.54 30.55 30.56 30.46 30.49 30.44 30.42 30.44 30.41 30.20 29.14 28.63 29.18 29.69 29.02 29.80 29.91 30.14 29.79 29.74 29.46 30.38 30.50 30.42 30.49 30.46 30.40 30.46 30.44 30.23 29.86 29.62 29.56 29.43 29.10 28.90 28.75 28.74 29.07 30.13 29.18 27.42 27.19 28.62 27.54 25.90 25.88 25.57 26.21 26.64 26.83 25.90 26.72 25.48 26.38 26.46 25.07 25.07 26.04 26.05 26.13 25.59 26.85 26.56
30.61 30.58 30.54 30.60 30.53 30.55 30.58 30.58 30.62 30.62 30.58 30.58 30.39 30.42 30.57 30.54 30.53 30.54 30.51 30.41 30.49 30.46 29.99 29.59 29.87 29.15 29.14 29.16 29.29 29.96 28.97 29.94 30.04 30.33 30.16 30.45 30.08 30.57 30.48 30.51 30.36 30.50 30.12 30.13 30.05 29.71 29.55 28.88 28.74 29.20 28.52 28.36 29.14 29.29 28.35 28.72 27.81 26.77 28.20 25.95 26.67 26.45 27.24 26.51 26.11 26.49 26.81 27.16 26.32 27.13 25.48 26.34 26.78 26.10 25.99 27.97 26.63
30.59 30.50 30.54 30.57 30.50 30.53 30.54 30.59 30.61 30.63 30.61 30.61 30.58 30.41 30.59 30.60 30.56 30.56 30.55 30.58 30.53 30.30 29.99 29.45 29.30 28.95 28.74 27.99 29.58 29.74 29.69 30.20 29.76 30.32 30.35 30.20 30.53 30.49 30.39 30.36 30.38 30.45 30.51 30.47 30.29 29.97 29.75 29.64 28.83 28.81 29.21 29.31 28.90 28.97 26.77 28.34 28.79 27.63 27.63 26.93 27.48 28.67 27.94 26.46 27.94 27.24 27.36 28.29 27.22 27.59 25.99 25.60 26.40 26.75 26.13 27.45 28.94
30.58 30.55 30.63 30.50 30.47 30.47 30.55 30.59 30.59 30.60 30.62 30.64 30.62 30.55 30.55 30.54 30.57 30.62 30.62 30.48 30.32 30.41 30.25 29.62 28.97 29.14 28.42 27.48 28.24 29.73 29.45 29.98 29.95 30.17 30.52 30.41 30.24 30.29 30.28 30.41 30.17 30.53 30.57 30.35 30.17 29.88 29.15 29.50 29.80 29.53 29.31 29.47 29.37 29.32 27.72 27.19 28.42 28.72 28.59 28.51 28.64 27.94 28.15 27.68 28.61 28.62 27.60 29.09 28.74 27.61 27.05 28.63 27.41 27.03 25.43 25.54 27.81
30.57 30.57 30.61 30.59 30.52 30.60 30.58 30.54 30.60 30.65 30.65 30.64 30.64 30.64 30.65 30.63 30.62 30.61 30.67 30.59 30.58 30.04 29.94 29.74 29.05 28.77 28.65 28.50 28.14 28.27 29.16 29.87 30.17 30.58 30.38 30.43 30.24 30.48 30.24 30.25 30.33 30.32 30.47 30.27 30.35 30.37 29.93 29.76 29.35 29.75 29.86 29.61 28.43 28.98 27.84 27.84 28.74 27.59 27.96 29.32 29.39 29.01 29.60 28.26 28.55 28.65 29.16 28.92 27.37 28.10 27.61 27.16 28.98 28.65 27.46 27.05 27.62
30.54 30.50 30.58 30.54 30.61 30.60 30.55 30.56 30.57 30.55 30.52 30.61 30.63 30.65 30.66 30.67 30.64 30.64 30.67 30.65 30.56 30.53 30.42 29.71 29.76 29.02 28.28 28.24 29.09 29.22 29.44 30.35 30.18 30.55 30.52 30.52 29.99 30.22 30.11 30.10 30.33 30.31 30.26 30.29 30.29 29.79 30.24 30.20 29.47 29.73 29.49 28.97 28.85 29.46 28.44 25.86 28.39 28.48 28.52 28.56 29.20 29.21 28.57 28.32 28.49 28.12 27.45 28.19 26.27 26.90 26.87 26.13 28.02 26.93 28.90 28.39 28.59
30.43 30.51 30.64 30.60 30.66 30.58 30.57 30.52 30.57 30.54 30.60 30.64 30.63 30.65 30.66 30.65 30.66 30.66 30.65 30.61 30.49 30.49 30.38 29.88 28.97 28.71 28.56 28.91 29.45 29.06 29.54 30.10 30.35 30.42 30.55 30.44 30.03 29.93 29.72 30.25 30.18 30.21 29.81 30.15 30.20 30.40 30.29 29.91 29.81 29.68 29.34 29.52 27.79 28.38 28.16 27.57 27.36 28.99 28.07 26.87 28.10 28.28 28.01 28.22 28.62 27.79 27.73 28.61 25.91 26.98 26.90 27.72 28.17 28.58 28.73 26.63 28.02
30.49 30.55 30.63 30.60 30.62 30.58 30.57 30.54 30.50 30.54 30.60 30.58 30.66 30.68 30.65 30.61 30.63 30.64 30.63 30.62 30.58 30.41 30.28 30.07 29.44 28.20 29.13 29.46 29.81 30.10 29.89 30.59 30.40 29.99 30.32 30.08 29.75 30.14 29.70 29.82 29.67 29.64 29.52 29.39 30.33 29.96 29.48 29.98 29.76 29.95 29.30 28.53 28.75 27.65 28.36 28.33 26.40 27.76 26.91 28.57 28.18 27.54 28.37 29.00 28.47 28.23 28.11 28.46 27.70 27.37 26.44 26.82 27.51 28.71 29.07 28.17 28.01
30.55 30.54 30.59 30.66 30.65 30.64 30.50 30.52 30.49 30.53 30.50 30.53 30.64 30.68 30.63 30.63 30.64 30.63 30.66 30.68 30.63 30.58 30.32 30.12 29.14 29.93 29.15 29.17 29.66 30.11 30.32 30.43 30.58 30.17 30.01 30.38 30.06 30.32 29.34 29.23 29.76 29.89 29.86 29.88 29.46 30.06 29.85 30.08 29.75 29.60 29.46 29.06 28.74 27.02 28.57 28.60 28.56 28.89 28.57 27.83 27.18 28.05 29.16 28.43 27.87 28.40 27.33 28.46 28.38 26.44 26.97 26.34 28.21 28.22 26.60 27.33 28.35
30.52 30.60 30.60 30.65 30.65 30.67 30.58 30.53 30.61 30.61 30.59 30.57 30.60 30.65 30.63 30.64 30.62 30.67 30.67 30.68 30.68 30.66 30.48 29.44 29.09 29.36 27.83 29.23 28.68 30.30 29.46 30.15 30.48 30.25 29.98 29.38 29.63 29.57 28.78 29.88 28.84 29.18 28.93 29.09 29.39 29.62 30.01 29.79 30.22 29.98 29.62 29.87 29.39 29.64 29.50 28.78 29.36 28.44 27.41 26.73 26.33 28.83 27.04 27.75 28.67 28.25 25.28 28.47 29.09 28.58 27.89 26.60 27.14 28.14 27.36 27.26 28.13
30.68 30.61 30.56 30.57 30.57 30.62 30.61 30.59 30.60 30.63 30.59 30.63 30.65 30.63 30.61 30.61 30.63 30.65 30.68 30.69 30.68 30.64 30.50 30.02 29.73 28.48 28.09 30.24 29.02 29.00 29.72 30.19 29.12 29.00 30.03 28.23 29.57 28.16 29.75 29.78 29.28 29.30 29.79 28.14 29.52 28.33 29.71 30.26 29.28 29.70 29.34 29.66 29.01 30.02 28.62 29.78 28.94 27.99 28.82 28.20 26.86 27.52 26.89 27.84 27.38 28.29 26.15 27.55 28.08 29.44 26.27 28.84 27.95 28.49 27.50 26.94 26.65
30.68 30.59 30.51 30.55 30.55 30.54 30.63 30.60 30.54 30.59 30.65 30.63 30.56 30.63 30.64 30.61 30.66 30.69 30.67 30.68 30.64 30.61 30.58 30.22 29.04 27.42 27.76 27.86 28.78 27.86 29.05 29.60 29.49 29.94 29.30 29.37 28.37 28.06 28.58 28.95 29.26 29.23 28.95 28.73 28.30 28.99 29.38 29.07 29.48 29.25 29.22 29.13 29.38 28.93 28.78 29.40 29.44 27.32 28.73 28.14 28.80 27.68 29.45 29.48 27.29 27.53 27.51 27.57 25.62 26.71 27.62 27.85 27.95 28.87 28.41 26.74 26.30
30.67 30.57 30.56 30.58 30.59 30.62 30.66 30.59 30.53 30.60 30.62 30.69 30.64 30.61 30.58 30.59 30.54 30.66 30.68 30.70 30.68 30.64 30.53 30.15 28.81 28.58 28.12 26.98 30.07 28.33 29.34 29.05 29.46 28.79 29.61 28.45 28.39 28.08 28.81 28.49 28.21 29.54 28.70 29.59 29.29 29.65 28.94 27.68 28.95 28.96 29.92 29.55 29.84 29.56 28.44 29.24 28.36 28.94 28.58 28.22 28.38 28.34 26.58 28.22 28.02 27.40 26.08 27.69 25.16 26.45 28.86 27.24 28.30 27.20 27.87 28.40 27.61
30.66 30.65 30.61 30.59 30.60 30.62 30.64 30.65 30.64 30.60 30.57 30.59 30.69 30.71 30.68 30.73 30.66 30.65 30.70 30.73 30.74 30.65 30.64 30.17 28.74 28.76 28.44 27.10 28.29 25.64 27.37 27.67 28.72 28.86 27.82 28.36 28.65 28.61 28.96 29.20 27.27 28.73 28.60 29.55 28.51 28.96 28.68 28.70 29.78 28.98 29.35 27.79 29.76 29.34 29.20 27.89 27.52 28.07 28.55 28.70 28.53 28.25 27.49 28.32 29.21 27.63 27.89 27.09 27.70 26.35 27.33 28.03 28.21 27.71 28.64 27.17 27.88
30.67 30.72 30.69 30.62 30.67 30.62 30.61 30.66 30.65 30.65 30.65 30.72 30.73 30.75 30.72 30.70 30.73 30.74 30.68 30.73 30.69 30.57 30.60 30.23 29.85 29.34 28.28 27.36 27.08 26.22 27.24 26.45 26.99 27.74 28.26 28.26 26.86 28.06 27.75 28.24 29.31 27.68 28.39 29.28 28.67 29.10 29.55 28.96 28.77 27.84 28.54 28.81 29.66 28.70 28.80 29.70 28.26 28.54 28.33 28.79 28.35 28.12 28.77 28.13 27.70 28.29 27.79 28.01 28.17 29.55 28.51 28.34 28.05 28.43 29.27 28.61 27.63
30.68 30.75 30.75 30.76 30.77 30.69 30.67 30.71 30.69 30.71 30.72 30.74 30.75 30.75 30.72 30.67 30.74 30.76 30.78 30.75 30.74 30.62 30.33 30.30 30.16 29.06 28.45 28.87 26.49 24.85 27.66 27.15 27.18 27.30 27.80 27.97 28.20 28.79 28.04 28.19 27.49 27.12 28.09 29.72 27.86 27.61 28.85 30.20 28.98 29.41 29.82 28.60 28.60 28.11 28.10 29.12 28.87 28.24 29.77 27.41 28.57 27.16 28.76 28.88 28.56 27.48 26.88 28.64 26.94 29.94 28.97 28.72 28.52 28.66 28.35 29.08 29.50
30.56 30.64 30.76 30.76 30.78 30.76 30.66 30.65 30.67 30.73 30.69 30.72 30.72 30.75 30.70 30.75 30.74 30.77 30.77 30.75 30.73 30.61 30.67 30.64 30.31 29.61 27.77 28.00 26.71 26.05 24.33 27.59 27.29 26.29 26.60 27.25 27.26 27.28 26.88 27.18 27.74 27.07 27.97 28.65 29.42 27.72 27.57 28.15 28.63 28.84 28.89 29.28 28.13 27.54 27.16 29.22 29.12 26.63 28.89 28.10 28.04 28.02 27.56 27.25 27.96 28.01 26.80 28.29 29.14 29.22 29.74 30.31 29.15 29.12 29.50 28.50 29.83
30.64 30.62 30.66 30.76 30.77 30.78 30.76 30.70 30.70 30.76 30.73 30.79 30.81 30.78 30.79 30.76 30.73 30.77 30.78 30.74 30.80 30.77 30.54 30.16 29.85 29.34 28.37 28.07 26.89 27.47 26.52 26.14 27.68 26.20 27.91 27.90 29.19 27.24 28.95 28.68 28.12 27.12 27.56 28.66 29.26 29.18 27.91 28.98 29.03 28.25 29.30 27.96 29.17 28.65 28.92 26.94 28.85 27.61 28.41 28.68 28.18 27.85 28.30 28.59 28.99 28.92 28.65 29.29 30.17 29.42 28.81 28.87 30.10 29.98 29.32 30.01 29.12
30.65 30.68 30.72 30.77 30.75 30.76 30.81 30.78 30.73 30.73 30.76 30.81 30.80 30.79 30.79 30.80 30.78 30.80 30.75 30.76 30.79 30.79 30.60 30.45 30.40 29.96 29.07 28.78 27.56 26.55 26.90 26.55 27.12 27.21 27.48 27.17 28.28 27.15 27.24 27.22 27.50 27.35 28.90 28.84 27.47 29.15 28.68 27.97 30.35 28.59 29.86 28.18 29.54 28.77 29.32 29.19 28.78 28.76 29.13 28.03 27.33 29.19 28.54 28.01 28.24 28.43 28.72 28.99 29.21 29.59 29.96 29.91 29.26 29.30 29.29 28.65 29.75
30.66 30.71 30.79 30.73 30.77 30.78 30.79 30.80 30.75 30.65 30.74 30.82 30.83 30.79 30.78 30.79 30.80 30.80 30.77 30.75 30.77 30.79 30.74 30.58 30.64 30.25 29.77 29.49 28.71 28.28 28.11 28.30 28.09 26.65 26.08 27.54 27.32 28.56 27.26 27.78 29.08 27.63 28.92 29.47 28.82 27.81 28.99 28.59 29.85 29.22 28.54 29.23 28.81 27.76 28.92 29.00 27.74 27.76 28.16 26.20 28.71 28.43 28.77 28.96 29.36 28.88 29.12 30.35 29.24 27.46 29.02 29.80 30.29 28.58 29.30 28.77 29.37
30.62 30.65 30.68 30.71 30.75 30.77 30.76 30.80 30.81 30.74 30.70 30.77 30.82 30.79 30.78 30.73 30.79 30.75 30.78 30.73 30.78 30.80 30.80 30.77 30.69 30.53 29.63 29.36 28.67 29.63 27.31 26.98 29.21 28.74 27.54 26.50 28.98 28.82 28.42 27.57 28.27 29.60 28.71 29.62 28.63 28.45 28.15 28.70 28.26 29.18 29.18 29.16 29.21 29.46 28.64 28.84 29.36 27.57 28.23 28.19 29.05 28.22 27.90 29.88 29.37 27.07 28.22 29.10 29.59 29.31 27.99 27.95 30.11 30.27 29.15 29.26 29.78
30.69 30.66 30.78 30.82 30.82 30.80 30.79 30.80 30.82 30.81 30.71 30.64 30.63 30.73 30.77 30.78 30.74 30.76 30.75 30.74 30.76 30.79 30.80 30.79 30.72 30.42 29.92 29.61 28.95 28.74 28.83 26.82 26.52 28.32 28.70 26.30 28.54 27.21 29.26 29.39 29.14 28.80 29.10 29.41 30.26 28.35 29.84 28.83 29.20 28.12 28.92 29.99 28.84 28.66 28.64 28.62 28.68 27.49 28.67 28.14 27.76 29.04 28.99 29.30 29.27 28.70 29.16 29.66 30.14 28.82 29.54 29.78 30.53 29.78 30.12 29.27 29.68
30.64 30.73 30.74 30.74 30.74 30.72 30.77 30.76 30.77 30.81 30.75 30.72 30.71 30.76 30.75 30.77 30.72 30.78 30.79 30.77 30.76 30.79 30.85 30.85 30.81 30.64 29.97 28.63 28.47 29.35 28.25 28.08 28.66 27.92 28.22 27.46 28.66 28.78 29.02 29.34 27.71 27.80 29.30 28.27 28.04 29.06 29.81 28.74 29.44 28.05 27.99 27.98 28.59 28.11 26.29 28.70 28.61 26.63 29.01 29.02 29.20 30.09 28.97 29.15 29.84 29.63 29.44 29.95 30.06 29.70 29.90 29.31 30.57 29.84 29.73 29.48 30.05
30.74 30.67 30.72 30.69 30.70 30.68 30.76 30.73 30.72 30.78 30.77 30.80 30.78 30.75 30.81 30.79 30.73 30.79 30.80 30.79 30.82 30.82 30.84 30.86 30.87 30.78 30.16 29.45 29.06 29.38 27.31 28.77 29.32 29.20 28.42 28.52 28.18 28.59 29.49 28.63 30.09 29.04 29.31 29.86 28.60 29.46 28.51 28.08 28.09 28.67 29.24 29.26 28.13 29.26 28.23 28.08 28.83 28.58 28.03 28.97 29.63 29.68 29.16 29.38 29.78 30.37 30.21 29.45 29.93 29.14 30.26 29.91 30.58 29.24 29.70 29.58 29.87
30.69 30.78 30.69 30.72 30.69 30.71 30.73 30.74 30.76 30.72 30.71 30.74 30.72 30.68 30.74 30.70 30.73 30.70 30.77 30.82 30.81 30.81 30.85 30.86 30.85 30.68 30.44 29.22 29.56 29.57 27.38 27.08 28.03 28.39 28.73 28.05 29.53 28.76 28.96 29.99 28.75 29.19 29.25 29.28 29.36 28.01 28.89 29.02 29.74 28.18 28.19 29.34 29.12 29.61 28.47 29.24 28.37 28.69 29.80 28.47 29.85 30.08 29.87 30.06 29.98 30.02 29.09 30.39 29.58 30.43 30.04 29.95 29.97 29.69 29.67 29.97 30.31
30.75 30.76 30.77 30.75 30.64 30.71 30.71 30.70 30.74 30.73 30.77 30.80 30.79 30.65 30.63 30.63 30.75 30.79 30.77 30.79 30.74 30.80 30.78 30.79 30.79 30.79 30.71 29.32 29.05 28.97 28.19 28.89 28.93 29.32 27.43 29.13 29.58 28.08 29.22 29.93 29.19 28.05 29.90 29.05 29.19 28.86 28.56 29.28 29.80 29.41 29.75 29.14 28.39 29.82 30.05 28.85 28.26 29.80 30.57 30.37 29.96 30.45 30.50 30.60 30.52 29.96 30.15 30.00 30.08 30.52 30.19 30.06 29.50 30.24 30.05 30.06 30.69
