main/data/irradiance/02.11.2023.grid
ncols 839
nrows 679
xllcenter 112.0500
yllcenter -43.9500
cellsize 0.0500
nodata_value 99999.90
[rows 510 to 543 of 679, columns 616 to 692 of 839]
23.87 23.49 22.95 22.78 23.72 23.17 24.08 24.39 24.13 24.43 23.44 23.15 22.85 23.04 23.17 23.72 24.63 25.64 25.89 25.19 25.37 25.80 25.65 26.52 26.47 26.99 26.66 25.82 25.55 26.27 25.91 26.28 25.65 25.63 26.15 26.55 26.33 26.72 26.49 26.26 26.11 26.32 26.96 26.79 26.46 26.36 26.47 26.96 26.43 26.38 26.57 26.63 26.80 26.76 26.74 26.82 26.50 26.66 26.05 26.08 25.77 25.66 25.91 25.92 26.21 25.59 25.99 25.52 25.66 26.06 26.35 26.02 26.29 26.02 26.11 25.39 25.62
23.88 23.77 23.74 23.50 23.80 23.54 23.44 24.02 23.74 23.15 22.79 23.19 23.36 23.73 22.75 23.86 24.29 25.56 25.84 25.22 25.30 25.55 25.68 25.58 26.30 26.45 26.03 26.31 25.98 25.96 25.67 26.90 26.37 26.14 26.26 26.39 26.18 26.31 25.93 25.67 25.52 26.45 26.76 26.84 26.28 26.49 26.69 26.27 26.51 26.39 26.40 26.87 26.94 27.14 26.66 26.70 26.82 26.42 26.67 26.56 26.27 26.24 26.26 26.11 26.03 25.64 26.00 25.90 25.82 26.25 25.97 25.99 25.66 25.40 25.76 25.96 25.78
24.50 24.39 24.21 24.23 23.47 24.05 24.41 24.68 24.29 24.50 24.29 24.00 23.28 23.43 24.07 24.57 25.55 25.80 26.11 25.17 25.70 25.75 25.74 25.34 26.08 26.12 26.27 26.51 26.50 26.10 26.11 26.40 26.69 26.53 25.87 26.05 25.88 26.29 25.77 25.90 25.67 26.53 26.47 26.16 26.34 26.68 26.80 26.66 27.07 26.66 26.56 26.68 27.00 27.01 26.85 26.81 26.79 26.49 26.35 26.65 25.95 26.08 25.95 26.46 25.94 26.42 26.20 26.35 25.92 25.89 26.10 25.86 26.23 25.75 25.77 26.14 26.29
24.48 24.39 24.63 24.18 24.09 24.10 23.81 24.65 24.92 25.19 25.06 23.54 23.12 23.40 24.13 25.41 26.49 25.66 25.12 24.58 25.09 25.37 25.37 25.48 25.69 25.44 25.86 26.53 26.59 26.51 26.56 26.01 25.60 24.33 25.76 25.90 25.54 25.84 25.98 26.20 25.60 26.49 26.84 26.45 26.43 26.27 26.77 27.32 27.22 26.40 26.60 26.67 26.62 26.15 26.76 26.79 26.94 26.82 26.55 26.89 26.38 26.35 26.86 26.05 25.80 25.98 25.59 25.93 26.61 26.07 25.60 25.91 26.13 25.96 25.78 25.84 26.32
24.83 23.86 23.75 24.82 24.44 24.73 24.90 24.40 24.22 24.58 24.69 24.01 23.23 22.67 24.29 26.13 25.85 25.40 24.24 24.45 25.08 24.74 24.88 25.09 25.68 25.76 25.53 26.45 26.70 26.84 26.99 27.08 26.10 26.03 25.48 26.42 25.51 25.94 26.25 26.10 25.90 26.72 27.27 26.72 26.59 26.91 26.84 27.04 26.77 26.86 26.21 26.84 26.56 26.53 27.00 26.52 26.83 26.86 26.45 26.35 26.28 26.37 26.50 26.41 26.64 26.29 26.21 26.19 26.43 26.00 26.76 26.09 25.88 26.26 26.02 26.34 26.48
24.52 24.79 24.22 24.43 25.11 24.94 25.08 24.92 24.63 24.28 24.38 24.52 24.03 23.26 24.89 25.11 25.32 24.98 24.26 24.82 25.01 24.70 25.32 25.68 25.89 25.91 25.63 25.63 26.30 26.77 27.07 26.94 26.38 25.85 26.07 26.06 25.39 25.94 26.00 25.99 25.73 26.66 27.21 27.11 27.30 27.06 27.03 27.14 27.13 26.82 26.73 26.74 26.94 26.92 27.19 26.88 26.82 26.86 26.55 26.21 25.87 26.64 26.24 26.73 26.59 26.41 26.62 26.25 26.43 26.35 26.28 26.22 26.11 26.32 26.20 26.35 26.45
23.86 24.29 23.60 24.94 24.88 24.78 25.28 25.20 24.78 24.29 24.63 24.93 25.07 24.64 25.48 25.41 25.06 24.71 24.52 25.00 24.53 24.59 25.71 26.05 26.37 26.47 25.77 25.61 25.71 26.00 26.60 26.85 26.52 25.23 25.58 25.26 25.22 26.04 25.71 26.03 26.07 26.61 27.53 27.49 27.11 27.45 27.33 27.45 27.57 27.46 27.07 27.12 27.03 27.00 27.12 27.16 26.72 26.73 26.64 26.92 26.08 26.80 26.41 27.23 26.50 26.39 26.78 26.47 26.66 26.55 26.52 26.60 26.44 26.60 26.45 26.57 26.42
24.08 24.15 24.70 24.66 24.26 24.57 24.66 25.33 24.47 24.26 24.46 25.54 25.35 24.82 25.87 25.43 24.94 25.46 25.43 26.17 24.83 24.38 25.39 26.14 25.94 26.24 25.78 25.75 25.98 25.85 25.83 26.54 26.66 25.66 25.41 25.05 25.79 25.49 25.29 25.77 25.59 26.66 27.48 27.54 27.60 27.62 27.42 26.60 26.65 26.47 26.57 26.59 26.80 27.11 27.17 27.28 27.33 27.20 26.56 26.45 26.69 26.21 26.06 26.73 26.37 26.31 26.15 26.19 26.70 26.58 26.61 26.60 26.61 26.44 26.74 26.62 26.30
23.66 23.87 24.56 25.21 24.81 24.68 24.70 24.93 25.10 24.07 24.86 25.58 25.60 26.03 26.11 25.76 24.91 24.75 24.13 25.74 25.44 25.43 25.17 25.72 25.47 25.72 25.33 25.41 25.86 26.30 25.98 26.11 26.64 26.44 25.43 25.63 25.99 25.79 25.46 25.83 26.26 26.94 27.26 27.16 26.62 26.86 26.36 26.37 26.62 26.70 26.65 26.72 26.84 27.03 27.23 27.16 27.56 27.56 27.01 26.41 26.46 27.01 26.54 26.15 26.12 26.15 26.48 26.54 26.81 26.57 26.80 26.72 26.90 27.09 27.12 26.87 26.91
23.95 24.23 24.22 24.86 25.09 25.54 25.53 24.51 24.70 24.58 24.74 25.96 25.74 25.77 25.23 25.59 24.79 24.87 25.27 26.27 25.96 25.90 25.68 25.36 25.95 25.94 25.67 25.21 25.15 25.42 25.90 26.07 26.03 26.48 26.30 26.03 25.99 25.35 25.10 25.82 26.28 27.36 27.17 26.29 26.15 25.79 26.44 26.66 26.77 26.73 27.04 27.27 27.30 27.07 27.17 27.22 27.42 27.29 27.28 27.17 27.24 26.74 27.33 26.15 26.12 26.15 26.48 26.66 26.76 26.84 26.92 27.33 27.04 27.21 27.31 27.35 27.31
24.62 24.69 23.77 24.67 24.86 24.74 24.45 24.27 23.49 24.16 24.77 25.56 25.85 25.52 25.52 24.50 24.59 25.53 26.45 26.60 26.04 25.65 25.57 25.81 26.22 26.39 26.13 25.13 25.27 25.30 26.08 26.31 26.04 26.22 26.32 26.43 25.84 25.96 25.72 26.07 26.93 27.05 26.76 26.12 25.95 26.35 26.41 26.80 27.07 26.92 27.16 27.30 27.21 26.98 26.92 27.00 27.03 26.79 26.75 26.56 26.42 26.56 26.59 26.66 26.60 26.60 27.43 27.43 26.94 27.13 27.23 27.18 27.11 26.95 26.97 26.90 27.28
24.50 24.76 24.77 24.80 24.73 24.09 24.03 23.93 24.33 24.52 24.78 24.77 25.71 25.83 25.32 25.00 25.12 25.82 26.22 26.44 26.06 25.63 25.92 26.08 25.85 26.17 26.14 25.48 25.55 25.83 25.73 26.09 25.86 26.40 26.41 26.15 25.99 26.66 26.78 26.75 26.96 26.84 26.58 26.84 26.63 26.21 26.52 26.56 26.69 26.51 26.76 26.86 27.15 26.87 26.85 26.65 26.60 26.75 26.19 26.32 26.30 26.26 26.17 26.06 26.45 25.94 26.02 26.83 26.60 26.89 26.86 26.86 27.09 27.11 27.13 27.08 27.28
24.54 24.29 24.77 25.03 24.67 24.99 24.67 24.32 24.65 24.47 24.68 24.94 25.58 26.06 25.72 25.84 26.32 26.00 25.84 26.42 26.55 25.66 25.99 26.09 26.38 26.15 25.97 26.31 26.38 25.96 25.37 25.57 25.70 26.26 26.18 26.05 25.89 26.20 27.16 26.56 26.59 26.90 26.36 26.91 26.98 26.36 26.34 26.68 26.90 26.59 26.85 26.89 27.07 26.63 27.04 26.97 26.76 26.75 26.53 25.90 26.20 26.37 26.64 26.26 26.36 26.04 26.42 26.89 27.17 26.90 27.02 26.94 26.91 26.79 27.40 27.48 27.38
24.66 24.59 25.11 25.02 25.55 25.24 24.97 24.86 24.65 24.44 25.18 25.45 25.81 24.65 25.25 24.83 25.22 25.49 25.19 25.68 26.05 25.55 25.98 26.09 26.22 26.16 26.17 26.27 26.07 25.91 24.79 24.88 25.85 26.23 26.31 26.56 26.01 26.15 26.30 26.18 26.31 26.72 26.48 26.58 26.47 26.52 26.83 26.53 26.91 26.92 26.98 26.89 26.64 26.62 26.82 27.12 26.77 26.43 26.42 26.49 26.52 26.71 26.72 26.40 26.48 26.56 27.06 26.86 27.36 27.00 27.24 26.87 27.06 27.23 27.45 27.58 27.54
24.01 24.44 25.21 25.00 25.26 25.01 25.04 25.42 24.84 24.63 25.43 25.67 25.45 25.28 24.90 24.72 25.04 24.99 24.78 25.32 25.95 25.36 26.26 26.27 26.42 26.46 26.45 26.25 26.06 26.20 25.90 25.71 25.78 26.21 26.57 26.77 26.73 26.44 26.15 26.33 26.39 26.75 26.97 26.71 26.55 26.48 26.67 26.69 26.38 27.27 26.99 26.83 27.02 27.09 27.01 26.85 26.86 26.74 26.79 26.77 26.52 26.92 26.22 26.17 26.44 27.07 27.14 27.14 27.47 27.24 27.26 27.21 27.15 27.42 27.56 27.31 27.64
23.94 23.53 24.79 24.42 25.00 25.53 25.97 25.46 24.70 24.93 25.40 25.60 25.48 25.08 25.44 25.73 26.19 26.03 25.34 25.15 25.64 25.87 26.31 26.40 26.34 26.66 25.99 26.15 25.61 25.52 25.54 25.97 25.85 26.31 26.37 26.51 26.57 26.23 26.24 26.21 26.21 26.22 26.72 26.90 27.03 26.81 26.72 26.59 26.39 26.99 27.61 27.04 26.93 26.74 26.94 26.77 26.84 27.05 27.05 26.85 26.97 26.99 27.12 26.75 26.53 26.69 27.10 27.01 27.29 27.57 27.31 27.37 27.24 27.35 27.57 27.11 27.36
23.80 24.45 23.78 23.50 24.08 24.90 25.68 25.41 24.76 24.78 24.61 25.39 25.22 25.32 25.81 26.31 26.60 26.18 25.60 25.28 25.81 25.93 26.14 26.63 26.11 25.52 26.01 25.54 25.48 25.45 26.18 26.07 26.25 25.83 25.50 26.45 26.15 26.67 26.69 26.57 26.14 26.10 26.42 26.83 26.95 26.81 26.74 26.85 26.95 27.26 27.46 27.50 27.32 26.76 26.74 26.93 26.98 27.08 26.95 27.15 26.94 27.01 26.69 26.67 26.82 26.79 27.00 27.06 27.26 27.60 27.52 27.36 27.27 27.37 27.46 27.37 27.23
23.99 23.93 24.31 24.50 24.35 24.21 25.11 25.63 25.18 24.89 24.74 25.06 25.54 25.52 25.76 26.71 26.82 26.08 26.01 26.05 25.97 26.34 26.49 26.61 25.89 25.24 25.59 25.74 25.50 25.54 26.29 25.60 25.78 25.75 26.00 26.33 26.60 26.25 26.17 26.54 26.53 26.50 26.69 26.64 26.37 26.80 26.68 26.77 26.93 27.29 27.50 27.78 27.61 27.45 26.77 26.87 26.96 27.21 27.46 27.35 27.15 26.86 26.76 26.75 26.93 27.23 27.11 27.04 27.30 27.53 27.56 27.50 27.41 27.41 27.50 27.50 27.44
24.48 24.37 24.15 24.93 24.93 24.57 24.85 24.41 24.47 24.58 25.37 25.41 25.29 26.11 25.92 26.59 26.52 25.95 26.36 26.10 26.14 25.93 26.04 26.24 25.81 26.11 25.48 25.25 25.19 25.29 25.62 25.66 26.12 26.11 25.99 26.05 26.32 26.17 26.20 26.58 26.66 26.82 26.93 26.85 26.50 26.66 26.64 27.01 27.31 27.30 27.43 27.25 27.30 27.13 27.15 27.24 27.01 26.84 27.23 27.32 27.10 26.91 26.70 26.82 27.49 27.60 27.45 27.26 27.43 27.55 27.52 27.36 27.46 27.49 27.48 27.55 27.55
24.53 24.58 24.37 24.61 24.47 24.57 24.47 24.34 24.28 24.73 24.93 25.09 25.38 25.70 26.04 25.86 25.95 26.24 26.39 26.21 26.28 26.20 25.58 25.45 25.38 25.48 25.52 25.55 25.85 26.06 26.40 26.29 26.44 25.97 25.63 25.90 25.86 25.68 26.26 26.78 26.93 27.11 26.82 26.85 26.48 26.92 27.12 27.22 27.25 27.11 27.22 27.23 26.99 27.18 27.23 27.18 27.15 27.13 27.16 27.23 27.34 27.10 27.27 27.21 27.47 27.41 27.35 27.42 27.60 27.62 27.57 27.59 27.63 27.54 27.57 27.58 27.56
24.83 24.56 24.77 25.13 24.83 24.69 24.33 24.16 24.17 24.42 24.92 24.89 25.36 25.06 25.11 26.26 26.61 26.60 26.71 26.20 26.63 26.10 25.29 25.48 24.87 25.36 25.60 25.85 25.67 26.14 27.44 27.35 27.00 26.07 25.80 25.56 25.77 25.75 26.14 26.28 26.67 26.83 26.39 26.64 27.35 27.61 27.18 27.09 27.25 27.39 27.12 27.30 27.27 27.17 27.26 27.32 27.24 27.43 27.42 27.44 27.33 27.25 27.42 27.42 27.33 27.37 27.46 27.61 27.64 27.66 27.65 27.59 27.63 27.53 27.56 27.57 27.58
24.82 25.04 24.88 24.71 24.70 24.82 24.86 24.66 24.77 25.19 25.03 24.42 24.84 24.71 25.25 25.72 26.64 26.86 26.57 26.51 26.54 25.73 25.88 25.63 25.28 25.28 25.83 26.52 26.96 27.15 26.98 27.06 26.85 26.23 25.88 26.49 26.42 26.25 26.63 26.42 26.23 26.39 26.52 27.38 27.52 27.58 27.40 27.03 26.95 26.95 27.07 27.03 26.86 27.23 27.22 27.29 27.29 27.41 27.32 27.48 27.49 27.50 27.59 27.48 27.35 27.44 27.50 27.61 27.58 27.62 27.63 27.60 27.63 27.64 27.55 27.64 27.70
25.03 25.41 25.29 25.20 25.12 24.95 24.61 24.42 25.20 25.48 24.83 24.50 24.72 24.35 25.26 25.45 25.97 26.24 26.35 26.38 26.27 25.47 25.50 25.64 25.32 25.74 25.81 26.33 27.03 26.91 26.67 26.70 26.79 26.18 26.19 26.44 26.43 26.24 26.40 26.18 26.15 26.59 27.04 27.51 27.53 27.62 27.46 27.44 27.06 27.25 26.98 27.04 26.80 26.97 27.14 27.31 27.28 27.31 27.39 27.25 27.53 27.62 27.59 27.46 27.48 27.52 27.55 27.56 27.65 27.68 27.65 27.68 27.67 27.61 27.62 27.69 27.72
25.45 25.61 25.38 25.62 25.27 24.82 25.22 24.87 25.64 25.48 25.51 25.15 24.63 24.60 25.04 25.04 25.64 25.84 25.67 25.76 25.97 25.73 25.46 25.69 25.78 26.13 26.74 26.61 26.79 26.84 26.85 27.03 27.10 26.97 26.45 26.62 26.80 26.59 26.69 26.69 26.81 27.19 27.51 27.45 27.31 27.48 27.33 27.26 27.28 27.08 26.76 27.05 26.96 26.97 27.21 27.22 27.22 27.57 27.66 27.66 27.67 27.62 27.68 27.56 27.48 27.42 27.66 27.69 27.70 27.72 27.67 27.70 27.63 27.68 27.68 27.71 27.72
24.99 25.32 25.01 26.13 25.61 25.78 25.36 25.21 25.92 25.92 25.69 25.31 24.91 25.16 25.33 25.45 25.41 25.72 25.48 25.42 25.93 25.34 25.11 25.73 25.93 26.12 27.05 27.07 27.28 27.33 27.16 26.95 26.91 26.89 26.56 27.07 27.32 26.83 27.02 27.32 27.46 27.38 27.48 27.56 27.46 27.36 27.12 27.01 27.00 27.15 27.02 27.05 27.11 27.32 27.31 27.34 27.37 27.66 27.71 27.69 27.69 27.68 27.60 27.59 27.51 27.47 27.65 27.69 27.70 27.72 27.70 27.69 27.66 27.69 27.67 27.68 27.71
25.05 25.34 24.98 26.01 26.16 26.06 25.44 25.19 26.00 26.07 26.09 26.00 25.96 24.96 25.67 25.71 25.74 26.07 26.33 26.22 25.96 25.20 24.58 25.15 25.75 26.36 26.63 26.93 27.06 27.30 27.28 26.90 26.94 26.85 27.21 27.04 27.02 27.11 27.01 27.45 27.35 27.15 27.45 27.29 27.18 27.24 27.14 27.03 27.23 27.03 27.09 27.11 27.31 27.39 27.51 27.57 27.56 27.71 27.72 27.73 27.63 27.27 27.65 27.68 27.59 27.66 27.63 27.67 27.58 27.66 27.67 27.70 27.66 27.68 27.22 27.41 27.67
24.92 24.82 25.41 26.07 25.93 25.70 25.45 25.64 26.17 26.45 25.88 25.54 25.68 25.53 24.88 25.04 25.57 26.02 26.59 26.42 25.93 25.31 25.00 25.07 25.55 26.05 25.97 26.16 26.58 26.60 26.68 26.86 27.11 26.86 27.28 26.61 26.59 27.18 27.36 27.39 27.38 27.10 27.42 27.42 27.49 27.25 26.91 27.18 27.13 26.95 27.26 27.41 27.57 27.51 27.56 27.50 27.68 27.72 27.72 27.71 27.69 27.32 27.60 27.68 27.66 27.63 27.66 27.65 27.26 27.25 26.97 27.64 27.68 27.68 27.66 27.64 27.61
25.33 24.41 25.20 25.13 25.55 25.40 25.21 25.84 26.47 26.34 26.00 25.80 25.22 25.47 24.96 25.13 24.85 25.75 26.16 25.90 25.29 25.03 25.49 25.74 25.28 25.17 25.51 25.37 25.75 26.15 26.21 26.65 26.77 27.17 27.25 27.10 27.10 27.32 27.36 27.29 27.44 27.48 27.44 27.33 27.35 27.24 27.25 27.14 27.41 27.32 27.52 27.66 27.67 27.64 27.63 27.67 27.68 27.72 27.72 27.70 27.69 27.59 27.66 27.71 27.67 27.59 27.65 27.66 27.52 27.16 27.22 27.43 27.59 27.66 27.67 27.63 27.64
25.17 25.00 25.09 25.10 24.97 25.01 25.89 26.14 26.16 26.13 26.15 25.78 25.59 25.43 25.09 25.25 25.67 25.23 25.68 26.12 25.89 25.79 25.83 25.61 25.40 25.17 25.88 25.96 26.26 26.43 26.36 26.35 26.44 26.78 26.99 26.95 27.09 27.25 27.31 27.30 27.37 27.41 27.36 27.31 27.39 27.36 27.41 27.39 27.41 27.48 27.66 27.67 27.68 27.70 27.71 27.69 27.70 27.70 27.70 27.69 27.68 27.67 27.68 27.70 27.69 27.69 27.70 27.69 27.68 27.50 27.12 27.44 27.31 27.50 27.63 27.53 27.48
25.16 25.34 25.50 25.51 25.15 25.34 26.18 26.21 26.15 26.08 26.10 26.04 25.28 24.80 24.87 25.71 25.92 25.61 26.43 26.43 25.82 25.37 25.98 26.10 26.32 26.00 26.19 26.49 26.40 26.50 26.29 26.15 26.10 26.68 26.67 26.75 26.86 27.04 27.11 27.20 27.27 27.28 27.36 27.40 27.51 27.37 27.31 27.21 27.48 27.63 27.62 27.67 27.70 27.71 27.71 27.69 27.67 27.68 27.69 27.69 27.70 27.69 27.66 27.64 27.65 27.65 27.66 27.67 27.66 27.65 27.60 27.60 27.52 27.48 27.63 27.63 27.51
25.28 25.62 25.81 25.39 25.55 25.56 25.67 25.97 26.01 26.26 26.32 25.94 24.82 25.22 25.69 25.72 26.29 26.54 26.72 26.30 26.24 26.28 26.07 26.03 26.33 26.29 26.15 26.46 26.68 26.53 26.71 26.73 26.48 26.78 26.86 26.82 26.76 26.73 26.93 27.12 27.31 27.32 27.31 27.37 27.44 27.38 27.46 27.35 27.42 27.55 27.67 27.67 27.67 27.68 27.67 27.66 27.63 27.63 27.62 27.69 27.68 27.68 27.66 27.63 27.64 27.69 27.67 27.67 27.67 27.65 27.64 27.65 27.58 27.47 27.49 27.37 27.39
25.38 25.82 25.43 25.08 25.29 25.36 26.05 26.05 25.99 26.00 26.38 26.19 25.45 25.92 26.26 26.51 26.61 26.82 26.74 26.28 26.44 26.82 26.29 25.93 26.28 26.70 26.22 26.48 26.78 26.78 26.83 26.87 26.96 27.07 26.93 26.85 26.97 27.00 27.13 27.17 27.19 27.25 27.16 27.17 27.26 27.28 27.34 27.48 27.58 27.55 27.57 27.60 27.63 27.63 27.62 27.62 27.60 27.65 27.68 27.67 27.67 27.63 27.62 27.63 27.65 27.68 27.67 27.66 27.66 27.66 27.64 27.63 27.63 27.49 27.48 26.23 26.94
25.50 25.21 25.24 25.30 25.44 25.71 25.85 25.87 25.97 26.50 26.36 26.36 25.76 25.30 25.83 26.15 26.42 26.54 26.43 26.43 26.51 26.95 26.44 26.44 26.68 26.62 26.62 26.78 26.87 26.89 27.04 27.14 27.29 27.26 27.07 26.91 26.95 27.14 27.19 27.11 26.94 27.06 27.19 27.32 27.39 27.44 27.59 27.52 27.44 27.38 27.53 27.56 27.56 27.62 27.63 27.61 27.63 27.61 27.66 27.67 27.65 27.63 27.64 27.65 27.63 27.67 27.67 27.67 27.67 27.65 27.63 27.63 27.64 27.58 27.44 26.81 26.14
25.29 25.28 25.56 25.80 25.58 25.29 25.61 25.92 26.22 26.14 26.29 26.35 25.98 25.66 25.73 26.03 26.23 26.35 26.42 26.43 26.80 27.04 26.83 26.86 26.78 26.78 26.85 26.92 26.91 27.03 27.17 27.29 27.29 27.33 27.17 27.05 27.16 27.15 27.23 27.21 27.14 27.19 27.17 27.24 27.40 27.43 27.39 27.44 27.48 27.48 27.48 27.54 27.60 27.55 27.62 27.60 27.56 27.59 27.64 27.65 27.64 27.62 27.63 27.64 27.63 27.64 27.65 27.65 27.64 27.63 27.63 27.62 27.62 27.61 27.61 27.47 26.37
