main/data/irradiance/02.11.2023.grid
ncols 839
nrows 679
xllcenter 112.0500
yllcenter -43.9500
cellsize 0.0500
nodata_value 99999.90
[rows 68 to 101 of 679, columns 385 to 461 of 839]
27.91 27.90 28.05 28.10 28.03 28.01 28.02 27.96 27.99 28.03 28.02 27.94 27.87 28.04 27.96 28.00 28.03 27.86 28.07 28.00 28.01 28.07 28.05 28.10 28.12 28.15 28.11 28.07 28.06 28.09 28.08 28.07 28.14 28.17 28.14 28.10 28.15 28.18 28.14 28.13 28.11 28.09 28.04 28.05 28.00 28.02 27.99 27.85 27.90 27.98 27.88 28.01 28.07 28.06 28.14 28.21 28.13 28.14 28.21 28.32 28.24 27.97 28.05 28.09 28.16 28.03 28.03 28.06 27.79 27.84 27.97 28.07 28.05 27.97 28.03 28.08 28.10
28.10 28.12 28.11 28.09 28.05 27.99 28.06 28.08 28.07 28.01 28.11 28.13 28.01 28.08 27.94 28.04 28.01 28.08 28.15 28.09 28.00 28.13 28.12 28.13 28.15 28.20 28.18 28.18 28.09 28.14 28.17 28.10 28.11 28.16 28.14 28.14 28.18 28.16 28.15 28.19 28.14 28.10 27.97 27.94 27.99 27.99 27.89 27.88 27.81 27.87 27.87 28.05 28.04 28.04 28.08 28.07 28.24 28.16 28.17 28.22 28.26 27.97 28.08 28.08 28.13 27.97 28.00 27.97 27.81 27.71 27.93 28.04 28.04 28.00 27.90 28.08 28.11
28.21 28.21 28.12 28.20 28.14 28.11 28.10 28.15 28.05 28.01 28.03 27.96 28.06 28.09 28.06 28.05 27.97 28.06 28.13 28.02 28.09 28.08 28.13 28.11 28.14 28.22 28.32 28.30 28.12 28.10 28.18 28.19 28.20 28.15 28.18 28.18 28.21 28.21 28.11 28.11 28.13 28.08 28.08 28.01 28.02 27.93 27.94 27.91 27.82 27.73 27.83 27.94 27.94 27.95 27.98 28.04 28.11 28.03 28.09 28.27 28.33 27.86 27.98 28.14 28.03 27.97 27.98 27.89 27.77 27.74 27.85 27.98 28.00 28.01 27.98 28.02 28.06
28.05 28.18 28.05 28.19 28.13 28.12 28.00 28.05 28.16 28.05 28.03 28.17 27.96 27.92 28.04 28.06 28.12 28.14 28.08 28.05 28.11 28.18 28.18 28.16 28.18 28.16 28.24 28.34 28.26 28.15 28.15 28.24 28.18 28.24 28.19 28.18 28.20 28.17 28.16 28.14 28.15 28.13 28.06 28.08 28.07 28.02 28.01 28.06 28.01 27.94 27.92 27.95 27.84 27.89 28.02 28.02 28.06 27.93 27.98 28.21 28.10 27.98 27.94 28.00 28.06 28.09 27.95 27.86 27.69 27.77 27.79 27.92 27.86 27.90 28.03 27.90 27.94
28.24 28.26 28.13 28.12 27.89 27.88 28.14 27.97 28.11 28.10 28.09 28.00 27.69 28.03 28.12 28.17 28.16 28.16 28.07 28.10 28.12 28.10 28.15 28.22 28.18 28.13 28.11 28.17 28.18 28.18 28.16 28.15 28.14 28.18 28.17 28.14 28.13 28.15 28.18 28.20 28.14 28.17 28.13 28.12 28.08 27.98 28.00 28.06 28.08 28.00 28.02 28.00 27.92 27.94 28.05 28.03 27.95 27.95 27.92 27.96 28.09 27.92 27.87 27.83 27.94 28.01 27.98 27.94 27.86 27.73 27.81 27.91 27.80 27.86 27.99 27.91 27.97
27.94 28.23 28.07 28.10 28.00 27.95 28.16 28.21 28.01 28.07 28.05 28.10 28.08 28.03 28.04 28.17 28.02 28.11 28.31 28.16 28.15 28.17 28.28 28.28 28.09 28.10 28.14 28.20 28.22 28.17 28.13 28.14 28.13 28.23 28.21 28.17 28.15 28.20 28.17 28.14 28.18 28.14 28.21 28.13 28.14 28.12 28.12 28.06 28.07 28.09 28.06 27.96 27.85 27.93 28.00 27.98 28.05 27.98 27.94 27.98 28.07 28.16 27.90 27.76 27.81 27.91 27.90 27.93 27.89 27.75 27.80 27.86 27.80 27.81 27.94 27.90 27.85
28.03 28.17 27.96 27.79 28.05 28.19 28.22 28.20 28.31 28.18 28.23 28.10 27.88 28.06 28.13 28.10 28.06 28.07 28.18 28.13 28.13 28.23 28.28 28.18 28.12 28.10 28.13 28.15 28.20 28.14 28.16 28.14 28.14 28.23 28.25 28.20 28.21 28.24 28.20 28.16 28.13 28.17 28.17 28.11 28.07 28.15 28.15 28.18 28.15 28.11 28.09 28.06 27.94 27.89 27.96 27.92 27.97 27.98 28.01 27.96 28.06 28.04 27.95 27.81 27.76 27.78 27.79 27.85 27.92 27.84 27.80 27.79 27.78 27.83 27.84 27.79 27.86
28.20 28.10 28.32 28.05 28.07 28.11 28.28 28.38 28.42 28.40 28.37 28.16 28.21 28.20 28.16 28.11 28.12 28.16 28.13 28.13 28.08 28.24 28.30 28.11 28.11 28.11 28.09 28.16 28.23 28.19 28.21 28.19 28.18 28.23 28.23 28.23 28.24 28.24 28.20 28.20 28.19 28.15 28.19 28.09 28.05 28.15 28.15 28.14 28.12 28.10 28.09 28.03 27.99 27.97 28.04 27.98 27.97 27.96 27.88 27.92 28.10 28.02 27.94 27.86 27.77 27.85 27.71 27.84 27.89 27.83 27.88 27.91 27.86 27.76 27.84 27.76 27.83
28.22 28.24 28.21 28.31 28.28 28.33 28.28 28.32 28.43 28.39 28.31 28.16 28.17 28.20 28.16 28.10 28.11 28.18 28.20 28.22 28.17 28.34 28.23 28.09 28.08 28.13 28.11 28.17 28.22 28.24 28.18 28.17 28.13 28.17 28.21 28.22 28.23 28.22 28.13 28.10 28.12 28.13 28.12 28.08 28.07 28.13 28.13 28.03 28.12 28.10 28.06 28.09 28.11 28.00 28.06 28.05 27.96 27.90 27.91 27.86 27.96 27.95 27.87 27.82 27.74 27.77 27.75 27.84 27.80 27.74 27.93 27.97 27.93 27.86 27.78 27.80 27.80
28.37 28.40 28.07 28.08 28.29 28.32 28.32 28.38 28.45 28.42 28.27 28.20 28.19 28.22 28.17 28.21 28.24 28.23 28.16 28.26 28.24 28.20 28.20 28.08 28.10 28.14 28.20 28.19 28.20 28.21 28.18 28.18 28.18 28.22 28.26 28.30 28.22 28.20 28.20 28.04 28.11 28.10 28.14 28.19 28.15 28.15 28.15 28.12 28.10 28.16 28.15 28.13 28.18 28.15 28.11 28.07 27.95 27.98 28.03 28.02 27.89 27.82 27.81 27.88 27.84 27.72 27.79 27.76 27.88 27.84 27.94 27.90 27.91 27.92 27.83 27.81 27.76
28.24 28.26 28.28 28.40 28.43 28.23 28.29 28.41 28.40 28.40 28.33 28.25 28.31 28.27 28.13 28.06 28.22 28.28 28.28 28.27 28.31 28.25 28.15 28.16 28.12 28.22 28.18 28.17 28.19 28.21 28.14 28.20 28.22 28.20 28.27 28.28 28.25 28.20 28.22 28.19 28.14 28.16 28.15 28.12 28.14 28.15 28.16 28.11 28.11 28.13 28.14 28.18 28.19 28.20 28.10 28.09 28.07 27.93 27.92 27.95 27.89 27.79 27.70 27.89 27.98 27.93 27.83 27.83 27.85 27.78 27.90 27.84 27.85 27.89 27.83 27.80 27.67
27.93 28.25 28.24 28.20 28.33 28.25 28.32 28.33 28.33 28.33 28.28 28.23 28.24 28.28 28.23 28.10 28.18 28.18 28.30 28.32 28.24 28.17 28.19 28.16 28.18 28.15 28.20 28.12 28.16 28.14 28.12 28.14 28.17 28.23 28.28 28.26 28.25 28.26 28.22 28.24 28.21 28.14 28.13 28.14 28.21 28.23 28.18 28.02 28.04 28.14 28.14 28.15 28.14 28.20 28.13 28.09 28.08 28.03 27.90 27.93 27.96 27.86 27.78 27.92 28.02 28.10 27.93 27.88 27.95 27.87 27.96 27.95 27.98 27.99 28.00 27.81 27.72
27.91 27.81 28.17 28.40 28.24 28.36 28.37 28.26 28.30 28.05 28.14 28.03 28.21 28.21 28.20 28.20 28.33 28.28 28.25 28.21 28.25 28.18 28.17 28.17 28.16 28.16 28.18 28.15 28.10 28.08 28.07 28.08 28.12 28.14 28.14 28.26 28.22 28.23 28.21 28.20 28.16 28.05 28.13 28.15 28.21 28.18 28.18 28.03 28.00 28.13 28.13 28.11 28.12 28.13 28.17 28.02 27.95 28.01 27.94 27.82 27.94 27.96 27.88 27.92 28.12 27.99 27.99 27.95 27.96 27.95 27.95 28.03 27.97 27.95 27.99 27.79 27.88
28.05 28.10 28.25 28.30 28.14 28.36 28.13 28.23 28.09 28.22 28.25 28.25 28.25 28.23 28.19 28.21 28.27 28.21 28.18 28.17 28.24 28.21 28.16 28.16 28.12 28.16 28.19 28.18 28.07 28.14 28.08 28.12 28.12 28.13 28.09 28.21 28.22 28.24 28.25 28.04 28.08 28.26 28.22 28.11 28.21 28.26 28.19 28.13 28.18 28.16 28.15 28.16 28.19 28.17 28.13 28.06 28.12 28.02 28.00 27.92 27.91 27.95 27.90 27.95 27.97 28.00 28.02 28.03 28.01 27.95 27.98 27.98 28.00 27.94 27.91 27.87 27.83
27.94 28.24 28.34 28.33 28.22 28.26 28.26 28.24 28.36 27.96 27.65 27.97 28.26 28.24 28.17 28.16 28.19 28.20 28.15 28.22 28.21 28.23 28.20 28.25 28.24 28.18 28.20 28.15 28.06 28.12 28.16 28.15 28.13 28.11 28.18 28.27 28.24 28.27 28.24 28.00 27.95 28.19 28.22 28.21 28.18 28.24 28.22 28.10 28.08 28.14 28.18 28.17 28.14 28.13 28.12 28.11 28.06 28.07 27.99 27.99 28.03 28.03 27.94 27.98 28.02 28.00 27.96 27.95 27.91 27.92 27.91 27.98 28.00 27.93 27.86 27.83 27.75
28.15 28.17 28.04 28.08 27.95 28.06 28.19 28.21 28.23 27.80 28.23 28.03 27.74 28.27 28.20 28.23 28.25 28.25 28.21 28.11 28.18 28.24 28.23 28.19 28.23 28.19 28.23 28.15 28.10 28.16 28.12 28.18 28.13 28.21 28.14 28.18 28.24 28.23 28.22 28.07 28.02 28.09 28.22 28.20 28.25 28.26 28.20 28.16 28.21 28.12 28.16 28.07 28.09 28.12 28.11 28.07 28.02 28.03 27.99 27.96 27.98 27.98 27.96 27.99 28.02 27.98 27.86 27.85 27.81 27.92 27.95 27.93 27.95 27.89 27.84 27.75 27.69
28.12 28.16 27.90 28.08 27.74 27.96 28.18 28.17 28.20 28.06 28.17 28.24 28.15 27.65 28.14 28.25 28.19 28.26 28.12 28.07 27.99 28.20 28.19 28.13 28.22 28.23 28.19 28.09 28.18 28.21 28.20 28.13 28.18 28.17 28.05 28.16 28.21 28.20 28.17 28.08 28.15 28.07 28.32 28.13 28.21 28.23 28.16 28.18 28.18 28.25 28.20 28.16 28.11 28.06 28.15 28.04 28.03 27.98 27.93 27.97 27.96 27.90 27.93 27.91 27.96 27.89 27.87 27.81 27.78 27.76 27.92 27.94 27.92 28.01 27.84 27.71 27.66
28.25 28.33 28.22 28.09 28.24 28.15 28.32 28.19 28.18 27.92 27.88 28.13 28.33 28.18 28.32 27.99 28.03 28.36 28.26 28.19 28.17 28.25 28.18 28.17 28.26 28.21 28.23 28.18 28.26 28.22 28.23 28.16 28.14 28.15 28.19 28.20 28.24 28.26 28.20 28.17 28.20 28.29 28.31 28.14 28.16 28.25 28.33 28.16 28.19 28.24 28.21 28.21 28.23 28.14 28.13 28.17 28.18 28.12 28.03 27.93 27.84 27.95 27.99 27.99 27.89 27.94 27.95 27.83 27.72 27.82 27.92 27.69 28.03 28.06 27.74 27.64 27.61
28.30 28.28 28.26 28.20 28.20 28.16 28.28 28.14 27.60 27.96 28.24 27.99 28.00 28.07 28.26 27.50 28.21 28.24 28.28 28.13 28.15 28.27 28.26 28.21 28.22 28.26 28.21 28.25 28.24 28.24 28.21 28.19 28.23 28.15 28.18 28.18 28.28 28.25 28.24 28.19 28.07 28.24 28.28 28.16 28.26 28.28 28.29 28.21 28.18 28.24 28.19 28.24 28.17 28.12 28.10 28.08 28.16 28.18 28.13 28.07 27.96 27.83 27.98 28.01 27.96 27.91 27.93 27.71 27.72 27.92 27.92 27.72 28.08 27.97 27.86 27.55 27.51
28.36 28.31 28.27 28.28 28.31 28.22 28.20 28.22 27.88 28.02 28.23 28.27 28.21 28.14 28.12 28.02 28.24 28.20 28.27 28.31 28.30 28.21 28.11 28.23 28.26 28.21 28.16 28.20 28.26 28.22 28.18 28.23 28.17 28.22 28.19 28.17 28.36 28.29 28.26 28.24 28.23 28.19 28.23 28.29 28.30 28.26 28.29 28.31 28.26 28.21 28.23 28.25 28.21 28.19 28.22 28.30 28.15 28.16 28.23 28.12 28.10 28.04 28.06 28.10 27.98 27.87 27.73 27.79 27.90 27.88 27.78 27.92 27.93 27.97 27.85 27.55 27.51
28.34 28.27 28.21 28.32 28.31 28.18 28.17 28.32 28.20 28.10 28.12 28.26 28.30 28.23 28.22 28.20 28.20 28.16 28.22 28.27 28.32 28.31 28.19 28.22 28.21 28.29 28.16 28.09 28.20 28.11 28.17 28.23 28.20 28.21 28.27 28.24 28.39 28.42 28.40 28.21 28.14 28.18 28.19 28.21 28.15 28.01 28.11 28.32 28.28 28.24 28.21 28.23 28.20 28.23 28.19 28.23 28.20 28.13 28.09 28.21 28.13 28.15 28.17 28.12 28.07 27.88 27.66 27.76 28.01 27.94 27.59 27.64 27.94 27.85 27.85 27.70 27.71
28.32 28.22 28.18 28.34 28.22 28.08 28.27 28.32 28.15 27.95 28.06 28.16 28.15 28.22 28.16 28.24 28.23 28.24 28.27 28.38 28.40 28.35 28.26 28.20 28.24 28.25 28.15 28.17 28.16 28.27 28.17 28.18 28.17 28.13 28.24 28.20 28.36 28.35 28.27 28.22 28.21 28.15 28.19 28.10 28.16 28.08 28.22 28.23 28.21 28.17 28.21 28.25 28.22 28.18 28.15 28.26 28.23 28.18 28.11 28.09 28.13 28.12 28.18 28.05 27.98 27.93 27.82 27.75 27.87 27.99 27.82 27.66 27.77 27.67 27.69 27.74 27.79
28.31 28.35 28.27 28.22 28.19 28.16 27.86 28.36 28.22 28.21 28.25 28.25 28.25 28.25 28.25 28.17 28.27 28.26 28.24 28.35 28.33 28.22 28.10 28.24 28.09 28.23 28.17 28.16 28.16 28.25 28.28 28.14 28.08 28.17 28.22 28.15 28.17 28.21 28.24 28.19 28.21 28.18 28.24 28.14 28.12 28.12 28.24 28.20 28.15 28.19 28.22 28.22 28.23 28.23 28.21 28.16 28.20 28.18 28.22 28.13 28.11 28.08 28.13 28.09 27.90 27.89 27.86 27.88 27.89 27.89 27.79 27.78 27.63 27.51 27.66 27.76 27.68
28.22 28.28 28.30 28.25 28.21 28.00 28.23 28.23 28.24 28.29 28.35 28.28 28.24 28.26 28.24 28.20 28.24 28.29 28.31 28.32 28.31 28.26 28.23 28.21 28.26 28.17 28.14 28.17 28.16 28.17 28.11 27.95 28.15 28.14 28.05 28.17 28.17 28.23 28.25 28.18 28.14 28.13 28.19 28.25 28.25 28.29 28.26 28.22 28.19 28.18 28.21 28.22 28.23 28.24 28.26 28.18 28.14 28.18 28.20 28.15 28.18 28.15 28.19 28.03 28.00 28.00 27.88 27.92 27.98 27.91 27.72 27.77 27.67 27.64 27.54 27.75 27.76
28.18 28.20 28.27 28.33 28.27 28.21 28.09 28.25 28.11 28.23 28.25 28.22 28.28 28.22 28.23 28.26 28.22 28.26 28.22 28.24 28.23 28.26 28.27 28.30 28.20 28.20 28.18 28.20 28.40 28.22 28.07 28.20 28.09 28.19 28.14 28.16 28.17 28.09 28.18 28.18 28.21 28.22 28.19 28.13 28.23 28.21 28.22 28.26 28.19 28.14 28.17 28.17 28.19 28.23 28.24 28.22 28.14 28.10 28.15 28.20 28.20 28.18 28.18 28.05 28.07 28.12 28.09 28.03 27.92 27.98 27.82 27.83 27.77 27.56 27.53 27.72 27.73
28.27 28.08 28.29 28.25 28.22 28.19 28.06 28.15 28.07 28.19 28.18 28.20 28.28 28.26 28.24 28.24 28.24 28.11 28.27 28.16 28.20 28.21 28.26 28.21 28.14 28.17 28.22 28.20 28.32 28.39 28.35 28.22 28.16 28.11 28.05 28.03 28.05 28.11 28.13 28.26 28.26 28.20 28.26 28.19 28.15 28.20 28.13 28.12 28.15 28.19 28.14 28.20 28.21 28.16 28.19 28.27 28.13 28.15 28.15 28.24 28.18 28.15 28.17 28.12 28.13 28.10 28.06 27.94 27.97 27.95 27.90 27.89 27.73 27.62 27.52 27.77 27.74
28.44 28.26 28.27 28.24 28.09 28.10 27.99 27.94 28.22 28.21 28.25 28.18 28.15 28.19 28.29 28.33 28.25 28.20 28.15 28.18 28.18 28.18 28.25 28.20 28.17 28.18 28.23 28.28 28.25 28.22 28.21 28.20 28.17 28.10 28.08 28.18 28.15 28.16 28.23 28.30 28.27 28.25 28.24 28.21 28.14 28.24 28.16 28.22 28.19 28.11 28.12 28.14 28.18 28.17 28.16 28.21 28.23 28.24 28.22 28.24 28.20 28.23 28.25 28.16 28.12 28.08 28.01 27.98 27.91 27.92 27.90 27.92 27.86 27.80 27.67 27.78 27.94
28.37 28.40 28.35 28.21 28.09 28.07 28.05 28.12 27.90 28.17 28.35 28.26 28.18 28.31 28.38 28.34 28.34 28.22 28.17 28.20 28.17 28.16 28.22 28.13 28.18 28.23 28.23 28.22 28.24 28.24 28.21 28.18 28.19 28.17 28.15 28.14 28.16 28.17 28.29 28.34 28.28 28.29 28.29 28.20 28.05 28.16 28.16 28.11 28.19 28.11 28.10 28.16 28.19 28.22 28.24 28.23 28.25 28.27 28.23 28.27 28.22 28.29 28.28 28.17 28.05 28.08 28.00 28.05 28.00 28.00 27.98 27.98 27.96 27.87 27.80 27.83 27.91
28.41 28.34 28.40 28.01 28.18 28.07 27.86 28.13 28.19 28.13 28.41 28.36 28.21 28.20 28.35 28.29 28.20 28.28 28.20 28.20 28.21 28.18 28.21 28.22 28.21 28.20 28.19 28.17 28.19 28.17 28.18 28.19 28.22 28.21 28.18 28.22 28.16 28.16 28.18 28.25 28.29 28.30 28.28 28.24 28.06 28.06 27.93 28.19 28.22 28.03 28.00 28.22 28.07 28.20 28.19 28.28 28.26 28.29 28.25 28.26 28.28 28.28 28.20 28.15 28.09 28.11 28.11 28.14 28.03 28.06 28.01 28.04 28.02 27.94 27.90 27.66 27.78
27.76 28.24 28.17 28.24 28.17 28.20 28.11 27.91 28.17 28.42 28.35 28.36 28.24 28.31 28.28 28.24 28.14 28.25 28.00 28.24 28.27 28.26 28.19 28.18 28.16 28.18 28.23 28.16 28.18 28.18 28.16 28.15 28.19 28.21 28.16 28.21 28.24 28.21 28.22 28.24 28.47 28.49 28.37 28.27 28.27 28.32 28.24 28.26 28.12 27.91 28.08 28.22 28.27 28.23 28.32 28.26 28.17 28.22 28.23 28.23 28.25 28.21 28.15 28.16 28.24 28.14 28.14 28.16 28.04 28.09 28.13 28.07 27.97 27.92 27.94 27.80 27.77
28.48 28.38 28.20 28.30 28.34 28.06 28.28 27.99 28.32 28.15 28.38 28.49 28.27 28.21 28.34 28.32 28.22 28.14 28.16 28.21 28.32 28.21 28.15 28.24 28.24 28.14 28.09 28.11 28.16 28.17 28.20 28.15 28.16 28.21 28.17 28.20 28.22 28.16 28.24 28.28 28.40 28.24 28.30 28.31 28.29 28.34 28.32 28.36 28.20 28.17 28.02 27.97 28.21 28.17 28.33 28.25 27.92 28.15 28.14 28.19 28.22 28.19 28.17 28.22 28.29 28.32 28.22 28.19 28.12 28.13 28.13 28.09 27.94 27.90 27.92 27.98 27.95
28.40 28.33 28.29 28.09 28.43 28.00 28.29 28.23 28.29 28.39 28.38 28.39 28.27 28.29 28.22 28.29 28.27 28.23 28.20 28.26 28.23 28.26 28.18 28.24 28.18 28.17 28.17 28.17 28.20 28.19 28.21 28.21 28.21 28.23 28.22 28.17 28.24 28.20 28.17 28.31 28.25 28.32 28.26 28.31 28.29 28.30 28.35 28.27 28.27 28.34 27.93 27.96 28.17 28.01 28.34 28.20 27.74 27.63 28.12 28.20 28.15 28.07 28.04 28.03 28.07 28.27 28.27 28.26 28.22 28.23 28.21 28.11 27.97 27.90 27.99 27.98 27.97
28.13 28.30 28.17 28.27 28.22 28.48 28.45 28.15 27.98 28.24 28.06 28.36 28.32 28.35 28.24 28.25 28.17 28.22 28.23 28.22 28.27 28.31 28.27 28.33 28.19 28.22 28.24 28.23 28.23 28.26 28.24 28.26 28.25 28.25 28.24 28.22 28.21 28.12 28.10 28.21 28.27 28.25 28.23 28.30 28.34 28.29 28.32 28.32 28.39 28.33 28.19 28.15 28.15 28.12 28.30 28.06 27.81 27.54 28.09 28.08 28.05 28.04 27.65 27.40 27.81 28.08 28.23 28.37 28.24 28.20 28.13 28.13 28.05 28.04 27.99 28.01 27.97
28.35 28.31 28.17 28.32 28.22 27.85 28.24 28.30 28.05 28.12 28.33 28.22 28.34 28.26 28.26 28.08 28.23 28.25 28.26 28.26 28.28 28.26 28.33 28.30 28.22 28.24 28.25 28.28 28.27 28.28 28.28 28.29 28.29 28.28 28.23 28.22 28.30 28.18 28.13 28.20 28.27 28.29 28.34 28.35 28.35 28.34 28.36 28.33 28.38 28.33 28.26 28.19 28.08 28.13 28.22 27.84 27.82 27.77 28.05 28.10 27.66 28.03 27.78 27.54 27.52 27.87 28.18 28.33 28.27 28.19 28.00 28.02 28.13 28.12 28.05 28.01 28.01
