main/data/irradiance/02.12.2023.grid
ncols 839
nrows 679
xllcenter 112.0500
yllcenter -43.9500
cellsize 0.0500
nodata_value 99999.90
[rows 204 to 237 of 679, columns 693 to 769 of 839]
22.87 22.91 22.22 21.79 21.56 21.42 21.46 21.04 21.31 22.38 24.80 25.49 26.36 25.24 24.29 23.42 23.80 24.86 25.51 26.47 26.70 26.61 26.46 27.59 27.01 27.45 27.63 27.86 27.33 27.18 25.94 25.02 23.86 23.69 23.42 23.79 24.64 22.55 22.78 24.89 24.89 24.61 24.61 26.66 26.66 26.83 26.83 26.83 26.83 26.83 26.83 26.83 26.83 26.83 26.83 26.83 26.83 99999.90 99999.90 99999.90 99999.90 99999.90 99999.90 99999.90 99999.90 99999.90 99999.90 99999.90 99999.90 99999.90 99999.90 99999.90 99999.90 99999.90 99999.90 99999.90 99999.90
21.39 22.60 22.86 22.94 21.42 21.12 22.70 22.21 20.83 19.72 22.24 24.38 26.11 26.05 25.91 24.21 24.21 24.09 24.51 24.93 25.49 26.67 26.98 27.04 27.65 28.02 27.62 27.70 28.03 27.22 26.55 25.09 24.68 24.03 24.71 24.67 24.79 24.60 24.29 25.24 24.88 24.61 24.61 25.85 26.83 26.83 26.83 26.83 26.83 26.83 26.83 26.83 26.83 26.83 26.83 26.83 26.83 99999.90 99999.90 99999.90 99999.90 99999.90 99999.90 99999.90 99999.90 99999.90 99999.90 99999.90 99999.90 99999.90 99999.90 99999.90 99999.90 99999.90 99999.90 99999.90 99999.90
21.06 22.54 23.01 22.62 22.77 21.19 21.75 22.48 21.72 20.90 20.96 22.54 24.12 25.73 25.61 25.37 24.68 24.07 23.70 23.91 25.24 26.50 27.26 27.48 28.01 28.09 27.83 27.33 27.13 26.70 26.19 26.29 25.64 24.92 25.32 25.16 25.32 26.09 24.80 25.63 25.93 26.05 25.85 25.85 25.85 26.83 26.83 26.83 26.83 26.83 26.83 26.83 26.83 26.83 26.83 26.83 26.83 99999.90 99999.90 99999.90 99999.90 99999.90 99999.90 99999.90 99999.90 99999.90 99999.90 99999.90 99999.90 99999.90 99999.90 99999.90 99999.90 99999.90 99999.90 99999.90 99999.90
19.45 21.31 21.57 22.58 23.19 22.76 22.29 22.65 22.37 22.24 21.09 22.33 23.71 25.03 25.15 24.54 24.39 23.16 23.78 23.95 25.97 25.27 26.28 26.60 27.60 27.85 28.01 27.72 27.31 27.34 27.01 26.30 26.74 26.90 26.44 26.32 26.65 26.63 26.42 25.47 26.69 26.91 26.99 26.99 26.99 26.83 26.83 26.83 26.83 26.83 26.83 26.83 26.83 26.83 26.83 26.83 26.83 99999.90 99999.90 99999.90 99999.90 99999.90 99999.90 99999.90 99999.90 99999.90 99999.90 99999.90 99999.90 99999.90 99999.90 99999.90 99999.90 99999.90 99999.90 99999.90 99999.90
17.49 19.69 20.21 21.81 22.15 23.05 23.10 22.33 21.83 21.40 21.99 21.99 23.48 25.04 25.47 24.42 24.87 24.72 24.80 24.35 24.53 25.37 25.70 26.15 26.58 27.12 27.53 27.55 27.35 27.71 27.69 26.31 27.32 27.77 26.44 26.07 26.29 26.12 26.24 25.09 26.69 25.79 26.99 26.99 26.99 26.83 26.83 26.83 26.83 26.83 26.83 26.83 26.83 26.83 26.83 26.83 26.83 99999.90 99999.90 99999.90 99999.90 99999.90 99999.90 99999.90 99999.90 99999.90 99999.90 99999.90 99999.90 99999.90 99999.90 99999.90 99999.90 99999.90 99999.90 99999.90 99999.90
18.74 17.94 19.87 21.56 20.87 21.80 23.65 23.05 21.12 21.71 21.67 21.84 23.18 23.60 24.62 25.21 24.65 24.72 25.46 23.96 24.77 24.79 24.88 26.13 26.14 26.10 27.25 27.13 26.79 26.80 27.39 27.07 27.07 26.96 26.29 26.29 26.09 26.15 26.69 26.50 25.90 25.79 25.79 26.99 26.99 26.99 26.83 26.83 26.83 26.83 26.83 26.83 26.83 26.83 26.83 26.83 26.83 28.14 99999.90 99999.90 99999.90 99999.90 99999.90 99999.90 99999.90 99999.90 99999.90 99999.90 99999.90 99999.90 99999.90 99999.90 99999.90 99999.90 99999.90 99999.90 99999.90
21.62 19.53 19.83 20.40 20.37 23.07 24.29 23.84 23.70 23.65 22.80 21.58 23.41 22.52 24.71 23.80 25.79 25.64 24.79 24.75 25.03 26.09 25.71 25.76 25.70 25.58 26.04 26.82 25.95 25.95 26.27 26.23 26.25 27.36 26.51 26.75 26.85 26.58 26.86 26.79 25.90 25.90 25.79 25.79 26.99 26.99 26.83 26.83 26.83 26.83 26.83 26.83 26.83 26.83 26.83 26.83 26.83 28.71 28.71 28.71 99999.90 99999.90 99999.90 99999.90 99999.90 99999.90 99999.90 99999.90 99999.90 99999.90 99999.90 99999.90 99999.90 99999.90 99999.90 99999.90 99999.90
22.16 21.48 20.50 20.76 20.66 22.70 24.62 23.32 24.34 24.40 24.47 24.24 23.50 22.69 23.84 24.41 25.30 25.39 25.74 25.07 25.02 25.26 25.65 26.88 26.34 24.94 26.07 26.42 25.15 25.82 25.79 26.07 26.51 26.63 26.64 27.17 26.66 26.62 26.91 26.95 26.95 26.95 25.90 25.79 25.79 26.99 26.99 26.83 26.83 26.83 26.83 26.83 26.83 26.83 26.83 26.83 28.71 28.71 28.71 28.71 28.55 99999.90 99999.90 99999.90 99999.90 99999.90 99999.90 99999.90 99999.90 99999.90 99999.90 99999.90 99999.90 99999.90 99999.90 99999.90 99999.90
23.71 22.76 22.41 21.34 21.32 22.57 24.21 24.41 25.16 24.45 24.88 24.89 23.70 23.42 23.10 24.37 25.52 25.71 25.39 25.60 24.94 25.43 25.85 26.02 27.12 26.16 24.64 26.62 25.59 25.23 23.64 26.01 26.17 26.71 27.99 28.08 27.22 26.52 26.62 26.79 26.79 27.20 27.20 27.20 27.86 27.86 27.86 28.25 28.25 28.25 28.25 28.25 28.25 28.71 28.71 28.71 28.71 28.71 28.71 28.55 28.55 99999.90 99999.90 99999.90 99999.90 99999.90 99999.90 99999.90 99999.90 99999.90 99999.90 99999.90 99999.90 99999.90 99999.90 99999.90 99999.90
23.87 24.89 24.75 24.58 23.73 23.09 24.15 24.09 24.73 24.14 24.57 25.10 24.54 23.52 22.75 24.80 24.95 25.21 24.45 25.13 25.81 25.18 26.03 26.35 26.88 26.30 26.18 25.82 26.17 26.11 25.36 25.32 26.56 27.70 27.68 27.58 27.95 27.71 27.32 27.23 27.20 27.20 27.20 27.86 27.86 27.86 28.25 28.25 28.25 28.25 28.25 28.25 28.71 28.71 28.71 28.71 28.71 28.71 28.55 28.55 28.55 99999.90 99999.90 99999.90 99999.90 99999.90 99999.90 99999.90 99999.90 99999.90 99999.90 99999.90 99999.90 99999.90 99999.90 99999.90 99999.90
22.45 25.06 25.66 25.46 25.41 25.63 25.63 24.10 24.14 23.12 23.01 23.71 24.20 23.27 22.71 22.11 23.85 25.21 23.79 24.18 25.70 25.52 25.22 26.40 26.99 27.37 27.44 26.95 24.33 25.27 26.93 25.41 26.32 27.39 27.13 26.86 27.86 27.67 28.05 27.65 27.52 27.52 27.86 27.86 27.86 28.25 28.25 28.25 28.25 28.25 28.25 28.71 28.71 28.71 28.71 28.71 28.71 28.55 28.55 28.55 28.55 99999.90 99999.90 99999.90 99999.90 99999.90 99999.90 99999.90 99999.90 99999.90 99999.90 99999.90 99999.90 99999.90 99999.90 99999.90 99999.90
22.68 22.78 25.89 25.18 26.53 28.24 27.96 26.17 25.10 24.92 24.57 23.56 22.82 23.92 23.77 23.83 22.41 22.29 23.05 23.43 24.68 25.91 26.00 26.43 25.89 27.04 27.73 27.55 26.51 23.48 26.42 26.52 25.70 26.28 26.38 27.36 27.46 27.24 27.82 27.75 27.80 27.97 27.86 27.86 27.86 28.25 28.25 28.25 28.25 28.25 28.25 28.71 28.71 28.71 28.71 28.71 28.55 28.55 28.55 28.55 28.55 28.36 99999.90 99999.90 99999.90 99999.90 99999.90 99999.90 99999.90 99999.90 99999.90 99999.90 99999.90 99999.90 99999.90 99999.90 99999.90
24.32 22.56 24.01 23.97 24.78 26.28 27.54 27.72 26.82 26.43 25.26 25.08 25.11 24.44 24.77 24.68 24.59 22.11 22.44 23.43 24.88 25.84 25.55 25.18 25.87 26.01 26.66 27.25 26.93 26.56 26.96 27.75 27.69 26.05 25.99 26.13 26.94 26.87 27.73 28.26 28.34 28.30 27.87 27.87 28.15 28.25 28.25 28.25 28.25 28.25 28.71 28.71 28.71 28.71 28.71 28.55 28.55 28.55 28.55 28.55 28.55 28.36 99999.90 99999.90 99999.90 99999.90 99999.90 99999.90 99999.90 99999.90 99999.90 99999.90 99999.90 99999.90 99999.90 99999.90 99999.90
25.03 23.81 21.72 22.15 24.11 25.18 26.10 25.86 25.27 27.43 27.20 25.48 23.58 24.08 25.84 25.19 24.61 24.26 21.22 21.20 24.22 25.50 25.59 24.17 25.83 25.90 26.24 26.65 25.86 26.89 26.67 26.23 27.71 26.87 27.64 27.13 26.80 26.29 27.44 28.65 28.66 28.38 28.20 27.85 28.15 28.25 28.25 28.25 28.25 28.14 28.71 28.71 28.71 28.71 28.55 28.55 28.55 28.55 28.55 28.55 28.55 28.36 99999.90 99999.90 99999.90 99999.90 99999.90 99999.90 99999.90 99999.90 99999.90 99999.90 99999.90 99999.90 99999.90 99999.90 99999.90
26.61 24.64 22.35 21.97 23.56 25.46 25.72 24.42 23.93 25.57 26.27 26.17 25.56 25.26 25.18 24.25 25.28 24.55 23.89 20.38 22.20 24.42 24.79 24.15 24.88 25.25 26.02 25.64 26.62 26.62 27.25 26.55 26.71 27.68 27.70 28.14 26.09 26.30 27.97 28.45 28.45 28.68 28.42 28.67 28.21 28.16 28.25 28.25 28.14 28.71 28.71 28.71 28.71 28.55 28.55 28.55 28.55 28.55 28.55 28.55 28.55 28.36 99999.90 99999.90 99999.90 99999.90 99999.90 99999.90 99999.90 99999.90 99999.90 99999.90 99999.90 99999.90 99999.90 99999.90 99999.90
26.92 26.87 24.80 22.69 22.57 24.55 25.52 26.28 24.77 24.90 25.84 25.98 26.23 26.74 27.09 25.91 25.57 24.21 23.97 22.59 21.49 23.32 23.37 23.88 24.91 25.12 25.59 25.80 25.32 26.68 27.48 26.13 25.09 26.83 27.39 26.03 25.79 26.38 27.71 28.21 28.84 28.62 28.94 28.83 28.51 27.80 28.13 28.14 28.14 28.71 28.71 28.71 28.55 28.55 28.55 28.55 28.55 28.55 28.55 28.55 28.55 28.36 99999.90 99999.90 99999.90 99999.90 99999.90 99999.90 99999.90 99999.90 99999.90 99999.90 99999.90 99999.90 99999.90 99999.90 99999.90
26.38 27.69 27.57 24.85 22.00 22.76 25.59 25.73 24.68 23.91 25.22 26.57 26.35 26.26 26.88 26.75 26.87 25.29 24.49 22.44 21.04 23.40 24.37 24.03 23.85 23.98 24.62 25.60 25.54 25.14 26.88 27.15 26.02 26.27 27.62 25.99 25.66 25.68 26.53 27.44 28.77 29.28 29.21 29.18 28.54 27.39 28.45 27.93 28.43 28.71 28.71 28.55 28.55 28.55 28.55 28.55 28.55 28.55 28.55 28.55 28.55 28.36 27.25 27.25 99999.90 99999.90 99999.90 99999.90 99999.90 99999.90 99999.90 99999.90 99999.90 99999.90 99999.90 99999.90 99999.90
25.44 26.17 26.68 25.15 25.27 23.73 23.31 24.57 25.12 22.05 21.93 23.88 25.63 26.37 25.57 26.73 26.03 25.96 25.06 23.57 22.60 22.02 21.83 23.12 23.98 23.14 22.99 25.52 26.00 25.52 26.32 27.22 27.64 26.45 24.96 24.27 26.23 27.31 28.04 28.51 28.94 29.37 29.42 28.88 28.82 28.85 28.70 28.49 28.76 28.47 28.55 28.55 28.55 28.55 28.55 28.55 28.55 28.55 28.55 28.36 28.36 28.36 27.25 27.25 26.70 99999.90 99999.90 99999.90 99999.90 99999.90 99999.90 99999.90 99999.90 99999.90 99999.90 99999.90 99999.90
26.39 26.07 25.59 23.65 25.43 24.33 23.14 24.05 25.09 23.06 21.43 23.70 23.97 24.06 24.35 25.44 25.86 25.21 25.11 24.35 24.53 23.78 23.09 22.94 22.49 24.06 23.65 23.54 24.36 25.56 26.69 27.15 27.80 27.78 26.94 25.14 26.12 27.18 28.65 28.98 28.88 28.61 28.69 28.57 28.60 28.88 28.77 29.11 28.73 28.81 28.55 28.55 28.55 28.55 28.55 28.36 28.36 28.36 28.36 28.36 28.36 28.36 27.25 26.70 26.70 99999.90 99999.90 99999.90 99999.90 99999.90 99999.90 99999.90 99999.90 99999.90 99999.90 99999.90 99999.90
26.49 26.95 25.55 23.46 22.71 23.07 22.35 23.49 23.32 23.44 23.56 22.86 23.35 24.11 24.13 23.43 24.05 25.30 25.00 23.96 24.68 24.91 23.83 23.38 24.57 23.68 24.50 24.39 23.37 23.73 25.33 27.02 27.77 28.26 28.01 26.91 25.03 25.91 26.46 27.87 28.65 28.56 28.84 28.56 28.33 28.70 28.76 28.78 28.74 29.02 29.02 29.02 28.36 28.36 28.36 28.36 28.36 28.36 28.36 28.36 28.36 28.36 26.70 26.70 26.70 99999.90 99999.90 99999.90 99999.90 99999.90 99999.90 99999.90 99999.90 99999.90 99999.90 99999.90 99999.90
26.29 25.63 26.24 23.29 22.96 23.48 22.89 23.54 23.90 24.10 23.22 23.61 21.96 22.62 24.79 23.43 22.22 22.63 23.41 24.66 23.65 24.06 24.04 24.40 25.79 24.78 24.71 25.70 25.01 24.16 23.00 25.81 26.51 27.33 27.56 27.39 25.92 26.09 26.27 27.72 27.79 28.48 28.60 28.76 28.34 28.89 28.76 28.49 29.05 28.70 28.70 28.36 28.36 28.36 28.36 28.36 28.36 28.36 28.36 28.36 28.36 26.70 26.70 26.70 26.70 99999.90 99999.90 99999.90 99999.90 99999.90 99999.90 99999.90 99999.90 99999.90 99999.90 99999.90 99999.90
26.49 26.58 26.62 23.90 24.04 26.10 24.94 23.77 23.67 23.53 23.01 24.26 23.11 21.84 22.87 23.95 24.37 22.38 22.14 22.72 22.30 23.48 24.13 24.79 24.23 25.54 26.38 26.63 26.32 25.99 25.38 25.68 25.80 26.11 26.68 27.19 26.63 24.95 26.51 26.13 26.20 26.94 27.59 27.38 27.46 28.34 28.21 28.56 28.68 28.76 27.77 28.36 28.36 28.36 28.36 28.36 28.36 28.36 28.36 27.25 26.70 26.70 26.70 26.70 26.70 99999.90 99999.90 99999.90 99999.90 99999.90 99999.90 99999.90 99999.90 99999.90 99999.90 99999.90 99999.90
28.46 27.15 28.01 25.37 25.03 26.81 25.91 25.71 23.76 23.29 22.80 23.36 22.30 21.12 20.97 21.07 22.95 22.62 21.65 21.20 22.45 22.31 23.41 25.85 26.37 26.97 27.21 26.70 26.36 26.28 26.03 25.87 25.75 25.70 25.88 26.73 27.35 25.66 24.76 25.82 26.26 27.06 26.23 27.75 27.23 27.20 26.69 26.82 27.93 28.23 28.25 28.14 28.14 28.14 28.14 28.14 28.14 27.25 27.25 26.70 26.70 26.70 26.70 26.70 26.70 99999.90 99999.90 99999.90 99999.90 99999.90 99999.90 99999.90 99999.90 99999.90 99999.90 99999.90 99999.90
28.57 27.97 27.98 28.68 26.65 25.54 25.90 26.04 26.80 25.97 24.76 24.26 23.65 21.71 21.85 21.82 21.85 21.77 20.51 20.16 21.15 22.95 23.83 24.41 24.52 26.01 26.84 27.34 25.21 24.43 25.21 25.60 25.05 24.85 25.55 25.84 26.57 26.30 24.09 23.29 24.39 26.81 26.20 26.72 26.97 27.24 26.27 25.97 26.37 28.19 28.16 27.82 27.82 27.82 27.82 27.25 27.25 27.25 26.70 26.70 26.70 26.70 26.70 26.70 26.70 27.43 99999.90 99999.90 99999.90 99999.90 99999.90 99999.90 99999.90 99999.90 99999.90 99999.90 99999.90
27.72 28.71 28.02 27.63 27.04 28.03 25.77 24.15 25.01 26.04 26.14 24.37 22.86 22.10 20.50 20.15 21.73 22.46 22.89 21.16 20.53 21.61 22.59 24.06 24.38 23.75 24.01 25.18 24.61 23.84 24.24 24.54 24.80 24.28 24.52 24.75 25.47 26.15 25.73 24.35 24.09 25.62 26.91 26.26 26.81 27.40 27.42 26.35 26.56 27.32 27.13 27.72 27.72 27.72 27.25 27.25 27.25 26.70 26.70 26.70 26.70 26.70 26.70 26.70 26.70 27.43 99999.90 99999.90 99999.90 99999.90 99999.90 99999.90 99999.90 99999.90 99999.90 99999.90 99999.90
28.91 29.02 28.90 28.77 28.35 28.43 27.43 25.88 25.30 25.35 26.25 24.49 24.08 22.91 23.00 22.51 21.32 22.77 23.07 22.70 22.03 21.75 21.92 22.88 23.20 22.99 22.56 23.65 23.82 23.40 23.95 24.46 24.58 23.69 23.79 23.57 24.03 25.50 25.81 26.35 25.16 25.24 26.40 26.49 25.81 26.70 27.89 27.17 27.52 27.82 27.17 27.78 27.78 27.25 27.25 27.25 26.70 26.70 26.70 26.70 26.70 26.70 26.70 26.70 26.70 27.43 99999.90 99999.90 99999.90 99999.90 99999.90 99999.90 99999.90 99999.90 99999.90 99999.90 99999.90
29.47 29.31 29.45 28.84 29.06 29.16 28.63 27.84 26.78 26.19 26.46 24.45 24.53 23.45 24.55 24.07 23.97 22.88 22.03 21.83 22.33 22.18 22.15 23.30 23.98 23.27 23.29 23.45 23.69 24.05 24.30 24.97 25.04 24.39 24.56 24.94 24.76 24.73 25.66 25.90 25.88 25.86 26.19 25.98 24.90 24.94 26.15 26.08 27.55 28.11 27.53 28.27 26.88 27.25 27.25 26.70 26.70 26.70 26.70 26.70 26.70 26.70 26.70 26.70 26.70 27.43 27.38 99999.90 99999.90 99999.90 99999.90 99999.90 99999.90 99999.90 99999.90 99999.90 99999.90
29.16 29.45 29.74 29.26 28.93 29.05 29.06 28.24 27.63 27.97 26.40 25.51 25.74 24.87 24.26 25.62 25.59 24.09 23.55 22.54 22.09 22.00 22.44 23.57 24.44 23.66 23.47 22.84 23.05 23.88 24.10 24.50 24.88 24.92 24.41 25.37 25.61 25.38 25.74 25.97 26.51 26.51 26.73 27.10 26.97 25.47 25.38 25.71 26.96 27.19 27.23 27.91 27.33 26.78 26.70 26.70 26.70 26.70 26.70 26.70 26.70 26.70 26.70 26.70 26.70 27.43 27.38 99999.90 99999.90 99999.90 99999.90 99999.90 99999.90 99999.90 99999.90 99999.90 99999.90
29.50 29.60 29.37 28.99 29.56 29.62 28.93 29.01 28.20 28.09 26.62 25.96 26.48 24.49 22.86 24.61 25.71 24.36 23.86 23.73 22.30 22.38 23.05 23.70 24.14 24.17 23.89 23.92 23.29 23.21 24.06 24.28 25.29 24.96 25.62 25.00 24.77 25.58 25.94 25.89 26.40 25.84 26.29 26.50 26.43 25.57 25.63 25.73 25.62 26.18 26.37 27.58 27.79 27.13 26.29 26.29 26.29 26.29 26.29 26.29 26.29 26.29 26.29 26.29 26.29 28.01 28.01 28.01 28.01 28.01 28.01 28.01 28.01 28.01 28.01 99999.90 99999.90
28.87 29.39 29.76 29.43 29.68 29.87 30.05 30.07 29.33 28.23 28.31 27.29 26.03 26.36 25.58 25.53 24.17 23.39 23.14 24.35 23.46 22.46 23.21 24.05 24.59 24.39 24.02 23.57 22.89 23.05 23.59 23.57 24.38 24.50 24.63 25.19 25.41 25.08 25.01 25.66 26.03 26.11 25.35 26.19 25.58 25.11 25.87 25.36 25.01 25.86 26.35 27.58 27.55 27.51 27.74 27.74 27.74 27.74 27.74 27.74 27.74 27.74 27.74 27.43 28.01 28.01 28.01 28.01 28.01 27.18 27.18 27.18 27.18 27.18 27.18 27.18 27.18
28.62 29.02 29.47 29.52 29.87 30.07 30.28 30.27 29.58 29.43 28.33 28.30 27.55 26.73 27.33 26.33 24.47 23.15 23.55 25.15 24.18 23.25 23.32 23.76 24.45 24.75 24.26 23.75 23.52 23.60 23.95 24.38 24.61 24.62 24.26 24.70 25.62 24.80 24.54 25.74 26.34 26.69 26.93 25.47 25.34 25.59 25.62 25.59 25.69 24.96 25.47 26.11 27.25 27.76 28.08 28.08 28.08 28.08 28.08 28.08 27.43 27.43 27.43 28.01 28.01 28.01 28.01 28.01 28.01 27.18 27.18 27.18 27.18 27.18 27.18 27.18 27.18
28.26 28.58 29.14 29.23 30.12 30.31 30.38 30.43 29.79 29.62 29.76 29.06 28.07 28.51 27.96 27.45 26.17 25.01 24.90 24.77 24.10 23.61 23.71 24.40 25.30 24.66 23.97 23.29 23.08 23.82 24.68 24.79 25.30 25.49 25.77 25.47 25.24 25.65 25.77 26.35 26.90 26.99 26.98 27.16 26.16 26.44 25.79 25.47 26.14 25.46 25.63 25.49 25.76 26.90 27.95 27.95 27.95 27.43 27.43 27.43 27.43 27.43 27.43 28.01 28.01 28.01 28.01 28.01 28.01 27.18 27.18 27.18 27.18 27.18 27.14 27.14 27.14
27.69 27.84 28.41 28.87 29.31 30.16 30.25 30.38 30.05 29.67 29.82 30.03 29.81 29.11 29.03 28.15 27.68 26.54 25.91 25.88 25.14 25.00 24.57 24.83 25.91 25.10 24.79 23.90 23.58 23.77 24.21 24.52 24.82 25.57 25.83 25.85 25.66 26.16 26.80 26.60 25.97 26.70 27.36 27.29 26.77 26.66 27.36 27.07 26.56 26.66 26.40 25.92 26.12 26.67 27.37 27.37 27.43 27.43 27.43 27.43 27.43 27.43 28.01 28.01 28.01 28.01 28.01 28.01 27.18 27.18 27.18 27.18 27.18 27.18 27.14 27.14 27.14
27.02 27.62 27.71 28.90 28.90 29.52 30.05 30.29 30.37 30.13 30.16 29.85 29.56 29.90 29.03 28.42 28.27 27.58 27.19 27.44 27.08 26.36 24.60 24.87 25.40 24.67 24.92 24.62 25.38 25.35 24.98 25.26 25.59 25.81 25.75 25.32 25.76 26.29 27.36 28.00 27.61 26.56 26.85 27.15 27.43 27.12 27.17 27.65 27.24 26.80 26.80 26.07 26.43 27.20 27.41 27.43 27.43 27.43 27.43 27.43 27.43 27.38 28.01 28.01 28.01 28.01 28.01 28.01 27.18 27.18 27.18 27.18 27.18 27.18 27.14 27.14 27.14
