main/data/irradiance/02.11.2023.grid
ncols 839
nrows 679
xllcenter 112.0500
yllcenter -43.9500
cellsize 0.0500
nodata_value 99999.90
[rows 340 to 373 of 679, columns 616 to 692 of 839]
28.01 28.32 28.68 28.68 28.75 28.84 28.76 28.19 27.95 28.50 28.40 28.08 27.96 28.06 28.44 28.26 27.88 28.05 27.97 28.34 28.62 28.85 28.75 28.52 28.81 28.76 28.65 28.54 28.62 28.80 28.92 28.87 28.76 28.84 28.79 28.63 28.46 28.38 28.44 28.25 28.15 28.21 28.43 28.23 28.02 28.02 28.34 28.42 28.48 28.45 28.36 28.34 28.58 28.65 28.65 28.66 28.66 28.71 28.64 28.71 28.74 28.70 28.64 28.66 28.62 28.60 28.45 28.44 28.51 28.49 28.45 28.41 28.46 28.46 28.39 28.30 28.52
28.31 28.15 28.69 28.64 28.71 28.82 28.81 28.58 28.25 28.31 28.26 28.36 28.38 28.45 28.30 28.47 28.22 27.56 27.92 28.15 28.25 28.49 28.49 28.53 28.72 28.84 28.65 28.78 28.73 28.48 28.65 28.77 28.72 28.85 28.82 28.79 28.63 28.29 28.31 28.51 28.16 28.03 27.93 28.28 27.96 28.05 28.33 28.48 28.58 28.43 28.35 28.48 28.71 28.67 28.66 28.56 28.62 28.57 28.54 28.62 28.63 28.57 28.58 28.59 28.57 28.60 28.49 28.43 28.37 28.48 28.51 28.42 28.39 28.42 28.48 28.46 28.42
28.32 28.04 28.49 28.59 28.84 28.92 28.64 28.34 28.07 28.09 28.05 28.46 28.43 28.31 28.19 28.22 28.37 27.72 28.02 28.36 28.54 28.56 28.64 28.52 28.66 28.67 28.64 28.76 28.93 28.82 28.49 28.66 28.64 28.85 28.89 28.86 28.65 28.32 28.44 28.43 28.29 28.32 28.14 27.88 27.99 27.90 28.25 28.28 28.27 28.42 28.48 28.41 28.48 28.31 28.46 28.50 28.53 28.57 28.51 28.46 28.58 28.54 28.55 28.44 28.48 28.46 28.58 28.56 28.46 28.61 28.60 28.51 28.38 28.32 28.45 28.62 28.46
28.42 28.44 28.53 28.66 28.71 28.85 28.78 28.27 28.40 27.92 28.12 28.43 28.37 28.23 28.28 28.36 28.43 28.23 28.44 28.22 28.39 28.75 28.53 28.33 28.42 28.29 28.38 28.52 28.78 28.63 28.46 28.29 28.52 28.79 28.81 28.63 28.52 28.42 28.31 28.20 28.35 28.44 28.18 28.14 28.14 28.29 28.20 28.16 28.06 28.22 28.48 28.39 28.34 28.29 28.36 28.49 28.43 28.43 28.49 28.58 28.59 28.57 28.54 28.46 28.50 28.55 28.56 28.62 28.49 28.63 28.62 28.59 28.50 28.44 28.46 28.45 28.43
28.49 28.70 28.60 28.39 28.53 28.62 28.62 28.65 28.79 28.29 28.35 28.31 28.52 28.33 28.41 28.68 28.66 28.57 28.52 27.84 27.92 28.42 28.54 28.35 28.33 28.22 28.22 28.66 28.62 28.23 27.95 27.95 28.19 28.68 28.74 28.54 28.39 28.47 28.22 28.21 28.38 28.52 28.32 28.03 28.28 28.28 28.25 28.44 28.48 28.52 28.50 28.53 28.46 28.24 28.35 28.57 28.37 28.38 28.54 28.57 28.72 28.64 28.35 28.37 28.42 28.40 28.53 28.48 28.48 28.61 28.60 28.57 28.54 28.58 28.57 28.54 28.49
28.50 28.79 28.74 28.35 28.34 28.59 28.52 28.65 28.70 28.59 28.57 28.34 28.42 28.46 28.39 28.69 28.74 28.52 28.61 28.24 27.71 28.16 28.37 28.51 28.62 28.40 28.14 28.33 28.57 28.74 28.38 28.16 28.33 28.55 28.52 28.32 28.29 28.26 28.14 28.34 28.52 28.62 28.52 28.33 28.35 28.32 28.16 28.43 28.49 28.62 28.56 28.59 28.51 28.44 28.37 28.51 28.58 28.44 28.50 28.50 28.63 28.67 28.60 28.45 28.35 28.46 28.47 28.47 28.49 28.60 28.56 28.56 28.55 28.59 28.58 28.62 28.61
28.36 28.60 28.57 28.36 28.51 28.48 28.63 28.53 28.71 28.52 28.51 28.36 28.33 28.33 28.38 28.52 28.52 28.48 28.59 28.68 28.28 28.22 28.36 28.37 28.59 28.46 28.49 28.11 28.40 28.54 28.48 28.29 28.76 28.62 28.60 28.51 28.21 28.32 28.37 28.34 28.69 28.64 28.57 28.69 28.68 28.49 28.40 28.47 28.48 28.60 28.66 28.54 28.40 28.35 28.41 28.57 28.44 28.56 28.51 28.42 28.45 28.56 28.49 28.68 28.54 28.58 28.59 28.45 28.47 28.58 28.54 28.53 28.48 28.59 28.65 28.67 28.69
28.49 28.58 28.58 28.48 28.63 28.43 28.33 28.44 28.80 28.81 28.72 28.72 28.37 28.33 28.49 28.52 28.40 28.31 28.31 28.37 28.46 28.60 28.51 28.63 28.51 28.54 28.67 28.40 28.05 28.23 28.37 28.53 28.70 28.62 28.56 28.59 28.34 28.45 28.45 28.25 28.63 28.55 28.60 28.65 28.67 28.52 28.40 28.49 28.47 28.54 28.49 28.41 28.38 28.40 28.40 28.34 28.47 28.49 28.50 28.46 28.42 28.50 28.53 28.57 28.52 28.63 28.62 28.45 28.44 28.54 28.48 28.39 28.42 28.54 28.66 28.71 28.71
28.95 28.96 28.82 28.67 28.71 28.72 28.66 28.55 28.80 28.89 28.80 28.82 28.79 28.66 28.68 28.49 28.23 28.53 28.34 28.33 28.42 28.56 28.60 28.75 28.72 28.83 28.92 28.69 28.49 28.20 28.27 28.65 28.69 28.63 28.55 28.36 28.31 28.35 28.19 28.32 28.62 28.57 28.58 28.63 28.57 28.43 28.48 28.63 28.51 28.42 28.46 28.45 28.44 28.48 28.53 28.47 28.66 28.68 28.58 28.57 28.55 28.52 28.49 28.48 28.44 28.56 28.61 28.62 28.49 28.53 28.47 28.44 28.46 28.64 28.65 28.68 28.62
28.89 28.95 28.98 28.73 28.67 28.62 28.48 28.50 28.83 28.87 28.81 28.84 28.86 28.81 28.72 28.49 28.41 28.64 28.62 28.57 28.41 28.39 28.79 28.80 28.81 28.96 28.88 28.81 28.73 28.60 28.53 28.63 28.66 28.64 28.68 28.52 28.34 28.46 28.26 28.40 28.55 28.63 28.63 28.67 28.62 28.59 28.65 28.65 28.61 28.47 28.63 28.67 28.62 28.57 28.61 28.53 28.67 28.70 28.70 28.66 28.63 28.68 28.61 28.52 28.53 28.58 28.58 28.60 28.62 28.57 28.58 28.58 28.54 28.57 28.62 28.65 28.66
28.70 28.89 28.89 28.80 28.89 28.86 28.85 28.82 28.89 28.74 28.73 28.73 28.76 28.76 28.73 28.44 28.32 28.61 28.59 28.53 28.51 28.68 28.65 28.74 28.91 28.93 28.73 28.67 28.66 28.66 28.55 28.76 28.68 28.59 28.65 28.63 28.51 28.52 28.62 28.58 28.59 28.62 28.66 28.68 28.64 28.68 28.73 28.71 28.63 28.67 28.66 28.65 28.64 28.65 28.60 28.66 28.67 28.70 28.71 28.71 28.68 28.70 28.68 28.57 28.56 28.58 28.60 28.59 28.63 28.60 28.59 28.63 28.59 28.60 28.63 28.60 28.63
28.85 28.99 28.79 28.50 28.62 28.96 28.95 28.91 28.92 28.52 28.87 28.90 28.82 28.88 28.73 28.59 28.52 28.55 28.61 28.67 28.76 28.92 28.78 28.86 28.94 28.84 28.72 28.72 28.74 28.64 28.45 28.56 28.72 28.65 28.61 28.63 28.58 28.65 28.67 28.66 28.66 28.73 28.71 28.66 28.67 28.69 28.71 28.68 28.64 28.66 28.70 28.69 28.65 28.59 28.62 28.63 28.66 28.58 28.58 28.65 28.68 28.67 28.71 28.57 28.50 28.49 28.52 28.63 28.60 28.64 28.61 28.62 28.60 28.59 28.64 28.62 28.65
28.77 28.90 28.83 28.85 28.87 28.89 28.92 28.91 28.87 28.55 28.86 28.95 28.96 28.95 28.87 28.61 28.58 28.67 28.79 28.86 28.89 28.93 28.90 28.85 28.92 28.80 28.81 28.83 28.73 28.68 28.63 28.61 28.65 28.69 28.59 28.60 28.65 28.69 28.69 28.77 28.73 28.71 28.69 28.60 28.65 28.67 28.68 28.65 28.68 28.69 28.72 28.72 28.64 28.62 28.70 28.68 28.63 28.54 28.67 28.78 28.75 28.75 28.76 28.65 28.60 28.57 28.57 28.65 28.64 28.64 28.62 28.63 28.63 28.63 28.65 28.64 28.60
28.75 28.75 28.75 28.81 28.93 28.91 28.87 28.85 28.86 28.91 28.96 28.95 28.96 28.95 28.90 28.88 28.80 28.90 28.95 28.89 28.88 28.94 28.93 28.84 28.81 28.85 28.79 28.81 28.72 28.74 28.78 28.78 28.80 28.84 28.79 28.74 28.64 28.60 28.68 28.75 28.71 28.69 28.63 28.53 28.62 28.69 28.67 28.69 28.74 28.61 28.57 28.63 28.60 28.63 28.67 28.66 28.65 28.57 28.66 28.71 28.73 28.76 28.75 28.71 28.63 28.61 28.65 28.66 28.65 28.61 28.63 28.59 28.61 28.61 28.64 28.63 28.64
28.80 28.83 28.74 28.69 28.84 28.86 28.76 28.79 28.76 28.81 28.87 28.93 28.96 28.97 28.97 28.93 28.92 28.95 28.94 28.93 28.79 28.89 28.93 28.90 28.72 28.86 28.77 28.83 28.77 28.79 28.83 28.81 28.77 28.79 28.82 28.81 28.78 28.66 28.82 28.78 28.74 28.72 28.73 28.71 28.71 28.69 28.69 28.70 28.73 28.68 28.51 28.63 28.59 28.59 28.67 28.61 28.60 28.61 28.62 28.60 28.72 28.70 28.68 28.71 28.63 28.68 28.63 28.63 28.64 28.63 28.65 28.65 28.63 28.62 28.57 28.63 28.63
28.77 28.77 28.66 28.70 28.58 28.64 28.84 28.87 28.93 28.90 28.84 28.81 28.93 28.96 28.91 28.95 28.92 28.93 28.93 28.95 28.87 28.93 28.92 28.93 28.93 28.93 28.87 28.75 28.73 28.77 28.85 28.83 28.78 28.78 28.80 28.77 28.78 28.72 28.80 28.75 28.74 28.68 28.70 28.68 28.73 28.73 28.70 28.75 28.82 28.77 28.64 28.65 28.69 28.67 28.63 28.66 28.61 28.68 28.63 28.69 28.71 28.70 28.67 28.74 28.64 28.65 28.65 28.61 28.62 28.61 28.64 28.64 28.66 28.72 28.68 28.62 28.67
28.63 28.68 28.67 28.61 28.32 28.73 28.69 28.80 28.92 28.94 28.95 28.93 28.96 28.91 28.83 28.90 28.92 28.85 28.91 28.87 28.94 28.94 28.93 28.88 28.86 28.81 28.79 28.78 28.75 28.74 28.76 28.75 28.79 28.82 28.80 28.74 28.73 28.73 28.77 28.78 28.72 28.69 28.74 28.71 28.73 28.73 28.71 28.72 28.75 28.74 28.69 28.66 28.68 28.66 28.72 28.68 28.74 28.68 28.64 28.67 28.69 28.68 28.67 28.63 28.64 28.65 28.61 28.63 28.61 28.60 28.66 28.63 28.61 28.67 28.65 28.61 28.70
28.52 28.54 28.62 28.66 28.41 28.79 28.92 28.92 28.90 28.89 28.94 28.98 28.98 28.71 28.72 28.93 28.84 28.90 28.89 28.90 28.91 28.89 28.91 28.86 28.79 28.74 28.75 28.78 28.76 28.72 28.82 28.79 28.83 28.84 28.80 28.79 28.68 28.70 28.74 28.77 28.74 28.73 28.78 28.80 28.71 28.70 28.72 28.71 28.74 28.72 28.71 28.70 28.70 28.67 28.68 28.70 28.65 28.71 28.69 28.67 28.67 28.69 28.63 28.62 28.61 28.63 28.63 28.65 28.64 28.67 28.62 28.67 28.66 28.70 28.63 28.66 28.64
28.37 28.56 28.51 28.48 28.49 28.50 28.89 28.90 28.90 28.87 28.90 28.96 28.87 28.88 28.87 28.90 28.96 28.90 28.90 28.89 28.83 28.88 28.87 28.82 28.75 28.78 28.81 28.74 28.71 28.74 28.82 28.81 28.75 28.79 28.81 28.78 28.73 28.57 28.72 28.77 28.74 28.77 28.76 28.70 28.72 28.68 28.68 28.70 28.73 28.70 28.69 28.68 28.66 28.67 28.66 28.71 28.71 28.66 28.68 28.70 28.66 28.68 28.64 28.65 28.60 28.58 28.55 28.59 28.60 28.61 28.66 28.65 28.68 28.64 28.64 28.59 28.58
28.35 28.57 28.49 28.54 28.38 28.66 28.67 28.86 28.89 28.90 28.90 28.94 28.96 28.96 28.87 28.85 28.85 28.86 28.96 28.91 28.84 28.86 28.84 28.80 28.76 28.78 28.80 28.66 28.71 28.78 28.82 28.83 28.75 28.76 28.72 28.73 28.72 28.49 28.70 28.77 28.77 28.75 28.77 28.73 28.66 28.66 28.67 28.72 28.73 28.68 28.68 28.65 28.67 28.64 28.64 28.64 28.64 28.69 28.74 28.69 28.69 28.65 28.62 28.59 28.61 28.61 28.61 28.55 28.54 28.58 28.62 28.63 28.64 28.63 28.64 28.68 28.63
28.44 28.47 28.49 28.75 28.41 28.69 28.69 28.68 28.88 28.91 28.94 28.96 28.98 28.94 28.91 28.91 28.89 28.89 28.90 28.88 28.82 28.86 28.84 28.78 28.71 28.59 28.81 28.77 28.69 28.71 28.76 28.75 28.78 28.75 28.78 28.77 28.64 28.40 28.71 28.72 28.76 28.69 28.71 28.71 28.62 28.67 28.68 28.71 28.69 28.68 28.67 28.71 28.71 28.64 28.65 28.62 28.65 28.73 28.71 28.69 28.68 28.71 28.61 28.60 28.63 28.64 28.69 28.60 28.57 28.62 28.64 28.64 28.64 28.65 28.62 28.63 28.65
28.45 28.31 28.48 28.85 28.41 28.75 28.79 28.69 28.77 28.93 28.94 28.84 28.99 28.91 28.90 28.92 28.89 28.80 28.88 28.85 28.82 28.81 28.84 28.82 28.75 28.68 28.70 28.79 28.71 28.68 28.72 28.78 28.78 28.77 28.81 28.75 28.49 28.46 28.60 28.73 28.72 28.69 28.68 28.67 28.62 28.67 28.71 28.70 28.69 28.70 28.72 28.67 28.68 28.69 28.71 28.72 28.74 28.71 28.67 28.72 28.67 28.70 28.65 28.63 28.66 28.59 28.63 28.64 28.60 28.61 28.63 28.62 28.62 28.62 28.64 28.60 28.62
28.52 28.51 28.39 28.58 28.43 28.49 28.80 28.92 28.85 28.87 28.93 28.94 28.89 28.83 28.93 28.92 28.90 28.89 28.85 28.81 28.78 28.80 28.83 28.78 28.76 28.53 28.49 28.86 28.74 28.75 28.77 28.81 28.78 28.71 28.76 28.69 28.55 28.66 28.69 28.71 28.70 28.69 28.63 28.57 28.59 28.60 28.68 28.68 28.61 28.72 28.73 28.76 28.77 28.67 28.63 28.75 28.71 28.69 28.72 28.69 28.68 28.68 28.68 28.64 28.64 28.60 28.59 28.67 28.67 28.63 28.63 28.55 28.58 28.56 28.61 28.64 28.62
28.52 28.49 28.33 28.34 28.52 28.36 28.82 28.89 28.77 28.76 28.89 28.85 28.83 28.91 28.90 28.93 28.86 28.84 28.81 28.81 28.77 28.79 28.76 28.77 28.62 28.49 28.45 28.82 28.77 28.77 28.81 28.78 28.73 28.73 28.75 28.71 28.60 28.66 28.72 28.72 28.64 28.63 28.70 28.64 28.58 28.60 28.59 28.59 28.63 28.68 28.74 28.73 28.74 28.70 28.70 28.68 28.69 28.72 28.67 28.72 28.69 28.64 28.67 28.63 28.60 28.66 28.60 28.67 28.61 28.61 28.66 28.65 28.53 28.58 28.61 28.59 28.63
28.50 28.53 28.49 28.58 28.46 28.41 28.80 28.89 28.72 28.83 28.91 28.84 28.88 28.84 28.86 28.71 28.82 28.86 28.86 28.85 28.81 28.83 28.79 28.71 28.13 28.50 28.13 28.74 28.75 28.71 28.76 28.77 28.73 28.72 28.69 28.74 28.49 28.53 28.67 28.69 28.66 28.65 28.66 28.63 28.61 28.59 28.58 28.61 28.70 28.73 28.68 28.69 28.74 28.69 28.76 28.70 28.68 28.75 28.67 28.65 28.66 28.66 28.67 28.62 28.56 28.58 28.68 28.66 28.61 28.58 28.61 28.63 28.57 28.54 28.59 28.58 28.64
28.34 28.50 28.27 28.46 28.37 28.22 28.86 28.89 28.85 28.85 28.91 28.90 28.83 28.85 28.78 28.77 28.88 28.88 28.85 28.81 28.87 28.84 28.79 28.72 28.36 28.26 28.21 28.80 28.79 28.68 28.79 28.76 28.77 28.76 28.76 28.64 28.41 28.26 28.67 28.67 28.63 28.61 28.63 28.61 28.60 28.48 28.49 28.59 28.68 28.74 28.66 28.61 28.69 28.68 28.76 28.69 28.71 28.71 28.65 28.65 28.63 28.64 28.72 28.66 28.60 28.56 28.66 28.65 28.61 28.60 28.59 28.64 28.59 28.52 28.59 28.59 28.54
28.32 28.15 28.17 28.05 28.21 28.31 28.71 28.89 28.92 28.83 28.89 28.88 28.80 28.72 28.60 28.84 28.87 28.84 28.80 28.84 28.84 28.80 28.78 28.75 28.55 28.20 28.27 28.72 28.61 28.56 28.63 28.75 28.76 28.76 28.75 28.64 28.36 28.45 28.52 28.64 28.62 28.63 28.62 28.64 28.62 28.59 28.59 28.62 28.65 28.66 28.64 28.63 28.65 28.67 28.70 28.67 28.67 28.79 28.70 28.62 28.65 28.60 28.69 28.69 28.60 28.56 28.58 28.62 28.61 28.54 28.59 28.59 28.60 28.62 28.60 28.56 28.59
28.46 28.24 28.65 28.56 28.36 28.56 28.68 28.77 28.87 28.88 28.89 28.85 28.83 28.70 28.43 28.88 28.86 28.80 28.85 28.88 28.83 28.80 28.80 28.79 28.75 28.10 28.44 28.78 28.66 28.69 28.70 28.77 28.75 28.75 28.69 28.53 28.37 28.34 28.63 28.65 28.63 28.65 28.62 28.63 28.59 28.59 28.59 28.62 28.65 28.60 28.64 28.65 28.65 28.61 28.60 28.61 28.69 28.76 28.72 28.61 28.68 28.61 28.66 28.72 28.65 28.62 28.55 28.62 28.62 28.61 28.62 28.54 28.57 28.59 28.61 28.58 28.64
28.22 28.21 28.49 28.62 28.41 28.71 28.87 28.45 28.83 28.65 28.88 28.87 28.80 28.61 28.59 28.74 28.85 28.88 28.84 28.81 28.87 28.79 28.79 28.83 28.76 28.23 28.39 28.68 28.69 28.70 28.72 28.77 28.71 28.68 28.60 28.62 28.58 28.16 28.57 28.68 28.65 28.63 28.66 28.70 28.63 28.62 28.61 28.62 28.62 28.59 28.67 28.67 28.64 28.65 28.69 28.67 28.72 28.73 28.70 28.64 28.69 28.60 28.66 28.66 28.66 28.63 28.56 28.58 28.55 28.62 28.62 28.58 28.55 28.57 28.54 28.59 28.64
28.43 28.05 28.67 28.71 28.72 28.86 28.83 28.55 28.73 28.85 28.89 28.83 28.74 28.64 28.75 28.52 28.76 28.84 28.83 28.87 28.84 28.81 28.81 28.80 28.74 28.75 28.61 28.60 28.57 28.68 28.71 28.73 28.72 28.72 28.68 28.64 28.64 28.54 28.43 28.65 28.60 28.62 28.65 28.63 28.62 28.58 28.64 28.61 28.61 28.59 28.63 28.66 28.61 28.66 28.67 28.64 28.66 28.66 28.70 28.72 28.63 28.58 28.58 28.66 28.62 28.64 28.59 28.51 28.56 28.58 28.60 28.60 28.60 28.61 28.56 28.58 28.62
28.35 28.06 28.45 28.41 28.68 28.81 28.81 28.73 28.55 28.87 28.88 28.80 28.69 28.64 28.68 28.74 28.81 28.82 28.83 28.86 28.81 28.79 28.76 28.77 28.75 28.74 28.68 28.34 28.59 28.71 28.68 28.73 28.72 28.71 28.69 28.69 28.70 28.56 28.04 28.61 28.60 28.57 28.57 28.71 28.61 28.64 28.60 28.59 28.56 28.59 28.62 28.66 28.67 28.67 28.65 28.63 28.71 28.77 28.69 28.72 28.64 28.63 28.59 28.64 28.61 28.63 28.65 28.56 28.52 28.57 28.60 28.63 28.63 28.63 28.60 28.57 28.58
28.40 28.22 28.60 28.69 28.48 28.56 28.80 28.88 28.84 28.79 28.69 28.63 28.38 28.43 28.64 28.59 28.83 28.83 28.80 28.76 28.77 28.70 28.68 28.73 28.70 28.74 28.58 28.52 28.65 28.61 28.64 28.73 28.69 28.67 28.65 28.68 28.68 28.38 28.14 28.55 28.59 28.60 28.68 28.72 28.64 28.62 28.58 28.59 28.65 28.59 28.59 28.63 28.62 28.65 28.62 28.62 28.71 28.69 28.68 28.66 28.67 28.61 28.64 28.65 28.60 28.57 28.62 28.60 28.53 28.56 28.62 28.65 28.57 28.58 28.57 28.57 28.53
28.93 28.70 28.65 28.79 28.36 28.45 28.67 28.68 28.59 28.42 28.47 28.37 28.36 28.33 28.58 28.48 28.70 28.81 28.75 28.73 28.75 28.62 28.54 28.53 28.70 28.66 28.29 28.73 28.68 28.60 28.62 28.64 28.67 28.62 28.66 28.60 28.57 28.04 28.55 28.66 28.67 28.67 28.62 28.66 28.61 28.59 28.57 28.57 28.54 28.58 28.61 28.66 28.66 28.67 28.60 28.63 28.70 28.71 28.67 28.67 28.67 28.65 28.63 28.58 28.59 28.56 28.59 28.65 28.60 28.53 28.55 28.61 28.59 28.60 28.59 28.59 28.56
28.66 28.50 28.70 28.81 28.59 28.57 28.51 28.69 28.47 28.36 28.38 28.33 28.45 28.45 28.61 28.46 28.66 28.77 28.72 28.61 28.42 28.37 28.48 28.54 28.57 28.07 28.21 28.72 28.77 28.77 28.74 28.62 28.60 28.57 28.56 28.52 28.38 27.82 28.34 28.65 28.60 28.60 28.62 28.60 28.62 28.60 28.60 28.59 28.62 28.59 28.61 28.60 28.65 28.65 28.62 28.65 28.74 28.75 28.76 28.71 28.70 28.68 28.56 28.63 28.61 28.62 28.62 28.59 28.65 28.64 28.60 28.56 28.55 28.55 28.61 28.61 28.54
