main/data/irradiance/03.01.2023.grid
ncols 839
nrows 679
xllcenter 112.0500
yllcenter -43.9500
cellsize 0.0500
nodata_value 99999.90
[rows 136 to 169 of 679, columns 385 to 461 of 839]
25.80 26.46 26.78 26.81 27.02 26.17 25.84 24.55 24.08 24.01 25.86 25.96 24.22 24.74 26.52 25.43 25.20 25.47 26.48 26.55 26.04 26.56 25.17 25.19 27.53 27.19 27.01 27.09 26.93 27.42 27.75 26.10 26.91 26.58 25.89 27.94 26.29 25.04 26.45 27.98 27.32 27.50 26.90 24.35 25.79 22.91 23.65 24.07 24.45 25.68 25.86 24.75 23.86 24.38 23.95 23.99 24.43 24.73 24.83 24.02 23.75 23.17 22.53 22.35 20.83 20.98 20.31 21.04 21.50 23.18 22.97 22.80 23.71 22.74 22.30 21.69 20.99
24.54 24.52 24.53 25.88 26.47 25.05 24.63 25.02 25.21 25.46 24.46 24.92 24.39 25.58 26.17 23.66 25.24 25.55 26.04 26.22 27.16 26.84 26.17 25.61 26.81 27.39 26.04 26.38 26.69 27.48 27.06 27.92 26.87 27.53 28.11 26.68 25.10 25.47 25.38 27.01 27.41 27.96 27.29 25.35 25.48 23.53 24.74 24.55 23.58 24.00 24.01 22.60 24.70 23.87 23.78 23.52 24.82 24.93 23.38 22.38 22.97 21.92 23.09 21.70 21.99 20.69 20.59 22.24 21.75 22.43 23.26 23.41 23.69 21.74 20.68 21.08 21.10
27.48 25.92 25.54 25.19 24.92 24.66 25.02 25.91 27.40 27.64 26.90 25.50 24.84 24.80 25.24 25.85 25.18 25.73 26.82 27.23 27.88 27.22 26.91 27.64 27.64 27.20 27.27 28.16 27.31 27.21 27.34 27.38 25.95 27.01 26.93 25.08 24.93 25.04 25.65 25.91 27.75 28.37 27.10 26.46 23.65 23.86 23.80 23.82 24.76 25.38 25.85 25.65 24.84 24.22 23.28 24.84 24.94 24.84 23.38 21.71 22.09 23.05 23.15 21.95 21.82 21.22 21.18 21.37 23.08 23.39 23.41 23.53 22.97 21.37 20.88 22.21 22.04
25.65 26.19 25.10 24.69 25.13 25.53 26.15 26.87 27.54 27.39 27.30 25.45 24.98 24.70 25.26 25.68 25.95 25.91 26.39 25.71 26.29 27.19 27.07 26.79 27.78 27.04 26.18 27.29 27.08 26.21 25.78 26.40 26.43 25.90 26.36 25.60 25.13 27.03 27.46 28.88 29.08 28.42 27.41 26.41 24.95 24.49 24.51 24.51 23.78 24.00 25.09 24.28 24.91 24.36 23.68 24.03 24.53 24.12 22.52 21.64 21.12 21.81 22.37 21.60 21.93 21.92 21.59 22.27 23.02 22.51 21.82 23.45 23.22 21.75 22.43 22.28 21.46
25.87 25.47 26.39 26.31 26.43 26.31 26.14 26.89 27.51 26.99 27.30 26.33 26.36 25.00 24.93 25.59 26.45 25.78 27.03 27.34 27.04 27.06 26.87 26.86 26.88 26.67 26.16 27.38 27.89 26.60 26.17 26.01 25.52 25.56 25.89 26.59 27.37 28.42 28.83 29.10 28.79 28.15 28.55 26.60 26.26 25.77 25.65 24.37 23.34 24.02 23.63 23.90 24.94 25.10 25.53 26.04 25.33 24.47 23.53 22.64 21.63 22.26 22.51 20.90 22.50 23.83 23.05 22.47 22.30 22.63 22.37 22.86 21.89 21.95 21.39 22.54 20.69
27.58 26.94 27.16 26.87 26.66 25.98 27.55 27.29 26.86 27.49 27.74 27.28 26.64 26.68 25.86 24.59 25.53 26.63 27.67 28.08 27.08 27.10 27.16 27.27 27.29 26.94 27.52 27.49 27.03 25.45 25.08 26.18 26.20 26.07 27.12 26.56 27.13 28.10 28.49 29.23 28.89 28.78 28.72 26.96 25.74 24.86 23.56 23.51 22.63 23.17 23.85 24.68 25.36 26.20 25.90 25.87 24.24 24.65 24.61 22.46 23.26 24.24 24.00 23.92 22.86 22.77 20.98 20.78 22.04 21.66 22.63 22.51 22.72 22.09 21.30 19.92 20.11
27.28 27.37 27.88 27.85 27.36 27.28 27.46 27.40 26.14 26.54 27.18 27.37 26.78 26.05 25.14 25.20 27.36 27.71 27.85 28.54 27.30 25.74 26.17 26.85 27.71 27.80 27.85 26.73 26.62 26.70 26.41 25.96 26.86 26.93 27.78 27.40 26.63 26.50 27.88 27.76 27.46 28.60 28.82 28.78 26.82 24.42 22.46 21.90 23.33 23.68 25.31 25.75 25.92 26.25 24.70 22.42 22.80 24.52 25.71 24.65 24.06 24.07 23.73 22.86 21.29 19.52 20.65 20.65 20.97 21.53 22.61 22.90 22.31 21.88 20.19 19.44 18.79
27.11 27.37 27.53 27.97 27.33 26.58 27.57 27.45 26.81 27.54 26.77 26.80 25.98 26.85 26.58 27.44 28.52 28.20 26.71 27.05 27.52 27.06 28.07 26.95 26.84 26.92 27.13 25.86 25.81 25.92 27.04 27.11 27.51 27.01 27.33 27.37 26.24 26.37 26.24 27.57 27.50 28.36 28.91 28.17 24.78 22.79 23.47 24.56 25.85 26.44 26.76 25.62 26.12 25.19 24.75 25.00 25.18 24.36 25.33 25.48 25.49 24.48 23.73 23.65 22.71 23.20 22.65 21.63 20.73 21.43 21.81 22.30 22.42 21.73 20.38 19.57 19.14
26.65 26.68 26.80 27.54 27.29 27.00 27.01 27.86 27.71 27.66 26.88 27.29 27.67 27.53 28.01 28.81 28.72 27.71 27.63 27.21 27.24 26.30 27.52 27.27 27.36 27.42 27.12 25.94 25.64 25.73 27.62 27.86 27.30 27.69 27.35 27.16 26.94 26.93 26.05 27.13 26.17 26.96 25.65 25.28 24.33 24.14 25.88 26.41 25.21 26.81 26.58 25.22 24.62 24.54 25.04 25.69 24.81 24.24 24.19 25.06 23.98 23.90 23.53 24.71 24.24 24.85 23.14 23.14 22.08 21.75 20.84 20.44 20.58 20.61 19.95 19.85 20.53
27.81 27.33 27.47 27.35 27.30 27.13 27.75 28.50 27.94 27.23 28.20 27.35 26.94 27.10 28.37 28.57 28.78 27.73 27.35 27.55 26.90 25.50 25.82 26.42 27.62 28.06 26.52 25.69 25.98 27.25 27.93 28.08 27.72 27.18 26.75 26.49 27.05 26.35 27.36 26.45 26.46 25.99 25.46 25.35 26.12 26.02 26.49 26.95 25.95 26.64 26.31 26.12 25.34 26.19 26.23 26.39 24.65 24.42 23.95 24.01 22.38 24.31 24.11 25.18 24.56 24.53 23.44 23.70 22.93 20.98 20.99 21.48 21.03 21.97 21.88 21.44 21.05
27.99 27.04 27.39 28.35 27.95 28.09 28.12 28.02 28.06 27.67 26.92 27.61 26.83 27.24 27.92 27.62 27.78 27.92 27.67 27.89 27.34 27.38 26.82 27.64 27.94 27.48 26.32 25.66 25.31 27.19 27.80 27.57 27.92 27.80 26.84 26.24 26.51 27.33 26.95 26.80 26.65 26.80 25.87 25.80 25.73 25.55 26.49 26.19 26.36 27.22 26.84 26.83 27.80 27.15 25.90 26.71 25.92 24.34 22.91 24.12 23.63 25.28 23.72 22.79 25.30 24.25 24.27 24.43 22.64 20.61 21.13 21.52 21.29 22.27 22.11 20.90 20.12
27.70 27.46 26.98 27.54 27.74 27.34 28.17 27.76 27.64 27.62 27.17 27.48 27.04 26.05 26.97 27.11 27.64 27.57 27.57 27.19 27.95 27.67 27.59 28.06 26.98 26.10 25.51 26.56 25.80 26.45 27.25 27.44 27.71 27.74 26.53 26.47 26.23 26.64 26.69 27.00 27.27 27.06 25.94 26.12 25.64 25.04 25.07 25.57 25.99 26.91 27.35 26.19 26.72 27.23 27.47 26.84 26.04 25.54 24.27 23.29 23.98 24.45 24.11 24.01 24.31 24.71 23.63 23.85 22.85 22.29 23.33 22.56 21.88 22.20 22.18 21.79 20.53
26.93 27.79 28.87 28.02 27.73 27.57 27.46 27.54 27.36 26.31 26.65 27.09 26.71 27.41 27.51 27.72 27.10 26.69 27.15 27.61 28.07 27.46 27.65 27.67 26.68 26.36 26.58 26.07 26.46 27.23 27.57 27.12 26.82 27.19 25.96 26.36 26.62 26.76 26.88 27.36 26.49 26.55 25.58 26.02 26.39 26.63 25.32 25.41 26.20 26.68 27.49 26.94 26.88 26.97 26.72 26.45 25.91 25.71 26.35 25.23 25.53 25.42 24.70 24.25 23.27 24.72 24.64 23.73 23.30 22.45 22.36 21.57 21.63 21.70 20.42 19.70 21.03
26.14 25.90 26.24 27.60 27.11 27.54 27.63 26.79 26.50 26.06 26.89 27.05 27.56 27.96 27.91 27.87 27.83 28.44 27.76 27.97 28.14 27.71 27.51 26.23 26.93 27.53 27.44 25.94 26.96 27.71 28.09 27.84 27.20 27.01 26.78 26.40 26.57 27.35 27.55 27.55 27.24 27.66 27.19 26.97 27.04 27.46 27.41 26.26 25.60 26.58 27.89 26.62 26.00 26.87 26.17 26.23 26.24 26.42 27.14 25.97 25.86 25.69 24.44 24.10 23.31 25.57 24.78 24.13 24.51 21.88 21.92 21.93 21.34 21.16 20.36 20.65 21.05
25.69 25.24 26.33 28.04 28.09 27.61 27.75 26.91 25.96 26.55 26.05 27.35 27.82 28.10 28.29 27.80 27.74 27.61 28.04 27.75 27.56 27.01 26.89 26.00 27.12 27.64 27.02 27.12 28.02 28.28 28.32 28.17 27.10 27.11 26.94 26.65 27.14 27.66 27.13 27.04 27.29 27.73 28.15 27.38 27.24 27.14 25.71 26.41 25.74 27.36 28.13 25.76 25.58 25.99 26.70 26.13 25.86 24.65 25.62 26.34 26.16 25.61 25.16 24.67 24.38 24.42 23.10 23.99 24.51 24.31 23.78 23.04 22.03 22.11 22.81 21.77 21.42
24.88 26.01 25.35 26.35 27.85 27.69 27.13 26.81 26.21 26.42 27.32 27.56 27.53 27.30 27.53 27.31 27.29 27.59 27.60 27.51 27.59 26.93 26.22 25.81 26.64 26.39 26.67 27.56 27.59 28.18 27.92 27.56 27.24 27.08 27.09 26.42 27.18 26.85 26.07 26.78 27.11 27.74 27.99 28.39 26.99 26.84 26.78 23.76 24.68 27.97 28.49 27.56 25.20 22.97 24.84 24.75 23.26 24.62 25.20 25.68 26.34 25.58 25.12 24.44 23.85 24.03 24.13 24.87 25.65 24.97 24.26 21.98 22.49 21.45 21.15 20.43 22.43
25.79 27.12 28.35 27.65 27.04 25.60 26.65 26.15 26.38 26.41 26.73 27.80 28.02 27.46 27.71 27.59 28.37 27.54 27.50 26.97 27.07 26.99 26.37 25.70 26.12 26.08 27.59 27.71 27.67 27.96 27.79 27.93 27.36 27.33 26.87 26.77 27.11 26.89 27.29 27.77 27.40 28.16 28.78 28.25 27.88 26.84 26.24 25.13 25.90 28.51 28.69 27.53 26.12 25.31 24.75 24.07 23.07 24.69 26.57 25.43 25.89 25.00 24.48 24.88 25.17 23.96 23.88 23.95 24.17 23.88 24.86 23.94 23.76 21.67 21.25 22.19 22.17
26.06 26.40 26.97 25.99 26.32 26.32 26.68 27.08 25.99 26.74 26.54 27.53 27.99 27.42 26.71 27.27 27.94 28.14 27.93 26.86 27.20 27.04 26.99 27.01 26.83 27.07 28.08 27.64 27.90 28.47 28.06 28.48 27.86 26.81 26.74 27.42 27.52 26.69 27.75 28.64 28.35 28.42 28.73 28.25 27.88 27.51 27.51 26.49 25.93 27.68 28.45 27.04 27.30 26.48 24.77 22.87 22.84 24.30 25.01 24.58 24.76 24.14 24.52 24.57 24.72 24.20 23.12 22.11 21.50 22.42 22.60 23.92 23.15 23.22 23.63 24.49 21.97
24.68 24.45 23.49 23.73 24.40 24.84 26.68 26.77 25.97 26.41 26.60 26.62 27.01 27.99 27.51 27.33 27.55 28.01 28.12 27.51 27.59 27.56 27.63 27.65 27.78 27.21 27.48 28.12 28.48 28.47 28.25 28.43 27.61 26.44 26.79 28.07 28.50 27.67 28.67 29.22 29.15 28.01 28.73 28.73 27.88 28.13 28.13 27.72 27.00 26.89 27.23 26.93 27.09 26.57 25.52 23.61 22.28 23.65 24.88 23.51 24.49 24.40 24.29 24.76 24.42 23.50 22.47 22.12 21.90 22.35 22.73 24.25 24.01 23.74 23.84 23.02 21.90
24.24 24.46 24.52 22.57 22.05 23.58 26.50 26.01 24.52 25.71 25.31 25.96 25.99 27.07 26.74 26.98 27.48 27.87 27.57 26.98 27.62 27.54 28.11 27.78 27.47 27.81 26.95 28.17 28.30 28.54 28.25 27.97 27.83 26.64 27.26 27.94 28.59 27.96 28.34 28.70 28.54 26.86 26.86 26.98 28.57 28.57 28.57 28.29 27.73 26.91 25.99 26.76 27.43 26.37 24.95 23.95 23.83 24.99 24.23 24.11 23.48 24.60 24.07 24.66 24.85 23.62 21.92 23.20 22.11 21.78 23.28 23.10 22.80 23.47 22.20 22.01 20.27
23.75 25.32 24.24 23.60 23.50 24.05 24.22 24.06 24.41 25.93 26.31 26.03 25.91 26.11 26.34 26.58 26.69 26.83 26.32 26.06 26.78 27.54 27.23 27.04 27.31 27.33 27.25 27.79 28.12 28.37 28.02 28.01 27.74 27.41 27.87 28.34 28.19 27.42 27.84 27.53 26.73 26.61 26.98 26.98 26.98 28.57 28.57 28.41 26.93 25.96 24.54 24.69 26.44 26.77 25.86 24.96 24.50 24.44 24.81 25.13 24.97 24.54 24.06 24.12 24.08 22.09 24.01 22.70 22.02 22.55 24.54 23.57 23.49 22.97 21.33 20.00 20.05
23.31 23.90 24.35 24.82 24.32 24.54 24.87 23.97 24.99 26.22 25.85 25.28 25.73 26.33 26.03 26.60 25.68 25.97 26.40 26.72 27.39 26.98 26.07 26.37 26.73 26.77 26.75 27.51 27.60 27.59 27.57 27.91 27.52 27.59 27.77 28.10 28.36 28.07 26.96 26.16 26.54 27.02 27.77 27.77 27.77 28.60 28.60 28.08 26.02 24.45 23.64 22.33 25.92 26.28 25.74 25.18 26.10 25.14 25.18 24.82 24.77 23.88 22.82 23.03 24.11 24.16 24.59 23.81 23.05 24.13 23.55 22.45 22.67 21.09 19.08 18.85 20.32
23.54 22.69 24.65 25.10 24.23 26.05 25.66 24.71 25.06 24.61 24.20 24.92 24.04 25.82 25.92 26.44 26.75 26.65 26.68 27.02 27.25 26.65 26.85 27.07 27.01 26.58 27.27 27.69 27.81 27.29 27.15 27.34 27.58 27.56 27.38 27.17 27.19 27.42 26.73 26.40 26.49 27.48 27.96 27.96 27.25 28.24 28.24 26.82 25.88 25.30 25.54 24.94 25.94 27.49 26.82 25.81 25.93 25.54 25.95 26.33 24.58 23.74 24.87 25.66 25.71 24.84 24.53 24.01 24.24 24.83 23.81 23.39 22.85 21.64 19.58 21.04 22.40
22.70 21.63 22.90 23.55 24.19 25.78 25.89 25.61 25.16 25.19 24.61 24.79 25.21 25.58 26.05 26.56 27.23 26.99 25.93 26.30 26.45 26.49 26.54 26.69 26.77 27.03 27.10 27.70 27.48 27.62 27.21 27.14 27.21 27.28 27.18 26.63 26.87 27.77 27.14 26.19 26.90 27.89 27.84 27.60 27.25 27.81 26.23 26.16 25.85 26.07 26.07 25.73 26.12 27.86 27.60 26.25 25.23 25.33 26.05 26.33 26.25 25.64 25.56 25.45 24.88 24.13 23.54 22.91 23.27 23.21 24.97 23.70 22.33 21.85 21.45 22.49 20.50
21.96 20.44 23.12 23.65 24.15 22.73 24.56 24.01 24.17 24.12 24.24 23.99 24.02 24.76 24.14 24.98 25.59 26.26 26.41 25.79 24.84 25.27 25.99 25.81 26.21 26.00 26.05 26.33 26.56 27.41 27.28 26.89 26.34 26.24 26.24 26.38 26.85 27.46 26.57 26.41 27.61 26.94 26.44 26.72 26.26 26.24 25.20 25.53 25.15 25.13 25.43 26.05 25.55 26.11 25.40 25.26 26.40 24.95 26.95 27.46 25.95 24.02 24.50 23.95 24.31 22.68 21.91 23.65 22.16 21.97 24.12 24.60 23.67 22.57 21.62 22.06 22.12
21.46 20.85 21.78 23.27 23.21 21.94 21.86 24.06 24.00 23.87 24.98 25.19 24.49 24.05 24.64 25.16 25.72 25.13 25.67 25.37 24.83 24.70 25.07 25.35 25.58 25.41 25.68 25.49 25.68 25.90 26.50 26.63 26.58 26.54 27.32 27.20 26.95 26.58 26.20 27.24 27.72 26.39 25.60 25.25 24.32 25.36 25.70 24.55 23.88 23.65 24.62 25.32 25.32 25.41 25.51 25.07 26.05 24.31 24.52 24.69 23.89 22.75 23.57 23.99 24.38 24.67 21.70 21.79 22.03 19.93 22.03 24.26 22.95 24.04 24.02 23.95 23.07
22.65 21.57 21.88 22.44 23.40 23.82 23.08 23.31 24.27 24.11 24.83 25.05 23.03 23.89 25.12 24.42 24.37 25.32 25.29 25.17 25.15 24.56 25.27 25.14 26.02 25.98 26.24 25.50 25.98 26.24 26.81 26.41 27.14 27.60 27.68 27.37 26.50 26.68 26.74 27.53 27.42 26.24 24.74 23.73 23.73 25.31 24.12 23.68 25.15 25.33 24.88 25.41 24.27 25.28 25.80 25.77 24.06 23.93 24.16 23.84 23.97 23.96 24.94 24.40 23.71 23.14 22.80 22.14 20.59 20.96 21.88 21.85 22.71 24.65 23.64 22.11 23.05
23.64 23.06 21.00 21.01 22.56 21.89 22.30 22.88 23.37 23.33 23.67 23.91 23.88 23.71 23.09 23.10 23.42 23.73 23.93 24.60 24.77 24.58 25.09 25.27 25.33 25.67 26.06 25.95 26.53 26.49 26.40 26.77 27.24 27.23 27.58 27.41 26.90 27.06 27.18 27.58 26.54 25.37 25.77 25.52 24.92 25.79 24.15 24.38 24.66 25.26 23.92 25.71 25.06 24.19 24.01 24.98 24.65 23.58 23.14 24.26 22.91 23.61 24.18 23.78 23.24 22.82 22.49 20.64 20.23 20.71 21.02 20.85 21.92 23.41 22.52 22.69 21.51
23.05 22.87 21.16 19.59 20.79 21.54 20.63 21.11 22.78 23.42 23.75 23.75 22.55 22.91 23.53 23.12 23.18 23.65 24.26 25.38 25.74 25.13 25.41 26.06 26.04 26.10 25.72 26.36 25.72 25.39 25.27 25.96 26.62 26.87 26.71 26.77 27.02 27.19 26.56 26.88 26.20 24.87 25.12 25.04 23.39 24.08 23.24 23.95 23.77 23.97 22.37 24.56 23.92 22.98 21.46 24.72 26.26 26.01 24.48 23.67 23.04 24.50 22.31 22.32 22.32 21.40 21.34 22.54 21.68 21.97 21.90 21.20 21.26 21.91 21.74 22.46 23.35
21.77 20.79 20.80 20.39 20.97 20.54 20.75 21.21 21.54 23.29 23.27 22.85 22.27 21.71 22.51 22.71 23.12 22.61 22.36 23.59 24.75 24.59 24.79 24.20 25.07 25.80 26.48 26.15 25.72 25.69 24.83 25.60 26.22 26.67 26.51 26.61 26.55 26.60 26.14 26.33 26.42 25.39 24.34 24.05 23.01 24.66 24.28 24.45 22.69 22.91 23.03 24.72 23.25 22.37 22.61 24.53 26.07 25.23 23.89 24.79 21.19 22.53 23.29 22.43 21.06 20.74 19.70 22.67 23.26 21.12 21.42 19.97 21.31 22.01 22.19 21.62 20.58
21.63 22.91 21.69 20.60 20.15 19.17 19.09 19.27 20.09 21.01 20.55 20.57 20.96 20.96 21.33 22.04 22.75 22.40 22.25 22.92 23.95 23.94 23.89 24.41 24.91 25.53 25.80 25.22 24.97 24.43 26.14 26.68 26.43 25.59 26.41 26.76 27.18 26.24 26.36 26.87 26.91 26.48 25.28 25.81 24.98 24.47 24.42 23.19 22.66 23.62 23.17 23.60 23.28 22.46 23.10 23.38 24.61 24.54 24.56 24.42 21.22 22.33 24.89 22.80 20.08 22.79 21.79 20.56 21.86 23.33 21.20 20.76 23.28 24.48 24.03 20.56 18.93
22.03 22.59 20.46 19.43 19.07 18.41 19.26 19.22 18.37 19.69 18.55 17.84 18.94 19.59 19.54 21.70 22.59 21.80 22.72 23.11 23.15 23.48 23.20 23.89 24.70 24.63 25.19 24.54 24.44 24.66 26.90 26.04 25.58 25.89 26.95 26.92 25.78 25.26 26.41 26.65 26.27 25.11 25.13 26.00 25.97 26.74 26.79 25.04 24.10 25.24 23.77 23.02 21.90 21.48 22.10 21.45 21.72 24.29 22.90 22.42 22.41 21.33 23.50 24.47 23.99 23.19 23.17 21.21 23.56 23.95 21.44 22.46 23.12 24.05 22.42 20.07 17.60
21.35 22.02 20.43 18.77 19.53 18.57 20.45 18.28 17.85 19.98 18.43 18.39 19.65 19.42 20.11 21.93 21.96 21.52 21.50 22.81 23.78 23.14 22.36 23.36 23.45 23.83 23.69 24.32 24.73 25.60 26.02 25.27 25.04 25.96 25.51 25.29 25.50 25.79 25.81 26.53 26.32 24.87 24.24 25.45 25.43 25.84 26.84 24.39 24.18 24.06 24.48 23.41 20.68 18.90 20.21 19.52 19.27 21.51 22.32 21.33 21.59 22.83 23.80 24.91 25.58 23.30 22.23 22.56 23.88 23.20 22.98 22.31 22.21 22.29 22.65 22.37 23.25
21.35 21.46 21.02 20.94 21.57 19.83 19.92 20.84 19.11 19.53 19.21 17.31 18.73 19.94 20.10 21.68 22.27 22.63 22.71 21.41 22.23 23.31 23.18 23.54 24.01 23.97 24.54 25.54 25.54 24.54 25.49 25.67 25.16 26.21 27.21 26.35 25.83 26.34 26.33 26.46 26.19 24.99 24.07 24.66 24.48 24.81 25.37 23.63 22.20 23.77 25.18 23.33 19.80 21.14 21.95 21.59 20.73 21.43 20.65 20.34 21.21 23.68 26.07 25.39 23.24 24.37 23.40 23.06 22.88 21.78 21.91 21.80 22.14 23.16 24.88 24.67 24.44
