main/data/irradiance/03.01.2023.grid
ncols 839
nrows 679
xllcenter 112.0500
yllcenter -43.9500
cellsize 0.0500
nodata_value 99999.90
[rows 340 to 373 of 679, columns 0 to 76 of 839]
99999.90 99999.90 99999.90 99999.90 99999.90 99999.90 99999.90 99999.90 99999.90 99999.90 99999.90 99999.90 99999.90 99999.90 99999.90 99999.90 99999.90 99999.90 99999.90 30.03 30.03 30.03 30.50 30.50 30.50 30.50 30.50 30.50 30.16 26.93 26.93 26.93 26.93 26.93 28.83 28.83 28.83 28.61 28.06 27.91 28.33 29.05 29.73 29.58 30.04 30.39 30.40 30.68 30.85 30.30 29.99 30.36 30.29 30.37 30.77 31.05 30.44 30.50 31.14 30.13 30.67 31.18 31.16 31.05 30.83 30.49 30.74 31.10 31.22 31.22 30.75 30.19 31.12 31.13 31.15 31.22 31.31
99999.90 99999.90 99999.90 99999.90 99999.90 99999.90 99999.90 99999.90 99999.90 99999.90 99999.90 99999.90 99999.90 99999.90 99999.90 99999.90 99999.90 99999.90 99999.90 99999.90 99999.90 30.40 30.50 30.50 30.50 30.50 30.50 30.16 26.93 26.93 26.93 26.93 28.83 28.83 28.83 28.83 28.83 29.58 28.58 28.70 29.67 30.35 30.42 30.22 30.51 30.73 30.66 30.83 30.89 30.50 30.09 29.68 29.94 30.78 30.60 29.89 31.08 31.09 30.60 30.70 30.80 30.83 30.70 29.70 29.88 30.95 31.12 31.33 31.20 30.89 30.51 30.88 31.24 31.24 31.29 31.28 31.22
99999.90 99999.90 99999.90 99999.90 99999.90 99999.90 99999.90 99999.90 99999.90 99999.90 99999.90 99999.90 99999.90 99999.90 99999.90 99999.90 99999.90 99999.90 99999.90 99999.90 99999.90 30.40 30.50 30.50 30.50 30.50 26.93 26.93 26.93 26.93 28.83 28.83 28.83 28.83 28.83 28.83 29.58 29.58 29.70 28.32 29.63 30.34 30.14 30.76 30.19 30.48 30.78 30.47 30.82 30.89 31.02 30.85 31.17 30.79 30.80 30.18 29.89 29.96 30.26 31.07 30.96 30.86 30.57 29.87 30.59 30.97 30.77 30.94 31.24 30.96 30.42 30.66 30.89 30.98 31.21 31.14 31.26
99999.90 99999.90 99999.90 99999.90 99999.90 99999.90 99999.90 99999.90 99999.90 99999.90 99999.90 99999.90 99999.90 99999.90 99999.90 99999.90 99999.90 99999.90 99999.90 99999.90 99999.90 99999.90 30.50 30.50 30.50 26.93 26.93 26.93 28.83 28.83 28.83 28.83 28.83 28.83 28.83 29.58 30.50 30.50 30.50 29.90 29.50 30.19 30.26 30.71 30.51 30.45 29.94 29.77 30.40 30.73 30.71 31.07 31.16 31.20 31.31 31.20 31.15 31.04 31.04 30.82 30.82 30.96 30.72 31.16 30.90 30.91 30.52 30.73 30.97 30.36 30.38 30.55 30.87 31.19 31.09 31.19 31.35
99999.90 99999.90 99999.90 99999.90 99999.90 99999.90 99999.90 99999.90 99999.90 99999.90 99999.90 99999.90 99999.90 99999.90 99999.90 99999.90 99999.90 99999.90 99999.90 99999.90 99999.90 99999.90 30.50 30.50 30.16 26.93 28.83 28.83 28.83 28.83 28.83 28.83 28.83 28.83 30.50 30.50 30.50 30.50 30.50 30.33 30.45 30.18 30.60 30.10 30.45 30.84 30.60 30.58 30.56 30.75 31.13 31.14 31.22 31.18 31.26 31.26 31.30 31.27 31.13 30.81 30.93 31.10 31.07 31.08 30.74 30.35 30.32 30.87 30.30 30.49 30.88 31.01 31.21 31.34 31.15 31.11 31.17
99999.90 99999.90 99999.90 99999.90 99999.90 99999.90 99999.90 99999.90 99999.90 99999.90 99999.90 99999.90 99999.90 99999.90 99999.90 99999.90 99999.90 99999.90 99999.90 99999.90 99999.90 99999.90 99999.90 30.16 30.16 26.93 28.83 28.83 28.83 28.83 28.83 28.83 30.50 30.50 30.50 30.50 30.50 30.50 30.33 30.33 30.02 30.41 30.33 30.09 30.45 30.62 30.78 30.85 31.13 31.03 30.84 31.13 31.04 31.04 30.84 31.22 31.27 31.26 31.26 31.11 31.08 31.15 31.07 30.87 30.26 30.42 30.60 30.91 30.95 31.20 31.25 31.33 31.06 31.05 31.17 31.28 31.24
99999.90 99999.90 99999.90 99999.90 99999.90 99999.90 99999.90 99999.90 99999.90 99999.90 99999.90 99999.90 99999.90 99999.90 99999.90 99999.90 99999.90 99999.90 99999.90 99999.90 99999.90 99999.90 99999.90 99999.90 29.49 26.93 28.83 28.83 28.83 28.83 28.83 30.50 30.50 30.50 30.50 30.50 30.50 30.33 29.46 29.46 29.46 28.47 29.22 29.98 30.45 30.75 30.86 30.83 30.56 31.17 31.07 31.14 30.99 31.07 31.14 31.27 31.29 31.29 31.26 31.07 31.19 31.08 30.82 31.03 30.95 30.86 31.14 31.09 30.97 30.97 31.08 31.03 31.23 31.29 31.40 31.35 31.42
99999.90 99999.90 99999.90 99999.90 99999.90 99999.90 99999.90 99999.90 99999.90 99999.90 99999.90 99999.90 99999.90 99999.90 99999.90 99999.90 99999.90 99999.90 99999.90 99999.90 99999.90 99999.90 99999.90 99999.90 99999.90 26.93 28.83 28.83 28.83 30.50 30.50 30.50 30.50 30.50 30.50 30.50 29.46 29.46 29.46 29.46 29.46 30.01 28.36 28.79 30.19 30.71 30.46 30.70 30.74 30.77 31.00 31.19 30.71 30.94 31.15 31.07 31.21 31.08 31.28 31.23 31.23 31.26 31.20 31.17 30.78 30.96 30.61 30.78 30.90 30.71 30.90 30.90 31.28 31.26 31.18 31.15 31.32
99999.90 99999.90 99999.90 99999.90 99999.90 99999.90 99999.90 99999.90 99999.90 99999.90 99999.90 99999.90 99999.90 99999.90 99999.90 99999.90 99999.90 99999.90 99999.90 99999.90 99999.90 99999.90 99999.90 99999.90 99999.90 26.93 28.83 28.83 30.50 30.50 30.50 30.50 30.50 30.50 29.46 29.46 29.46 29.46 29.46 29.72 29.72 29.72 28.48 27.90 26.96 29.46 30.39 30.48 30.76 30.98 31.03 31.00 30.94 31.07 31.08 31.23 31.09 31.20 31.14 31.17 31.27 31.26 31.12 31.16 30.90 31.03 31.05 30.84 30.67 30.72 30.76 30.99 30.96 31.27 31.13 31.28 31.26
99999.90 99999.90 99999.90 99999.90 99999.90 99999.90 99999.90 99999.90 99999.90 99999.90 99999.90 99999.90 99999.90 99999.90 99999.90 99999.90 99999.90 99999.90 99999.90 99999.90 99999.90 99999.90 99999.90 99999.90 99999.90 99999.90 28.83 28.83 30.50 30.50 30.50 30.50 30.50 29.46 29.46 29.46 29.46 29.72 29.72 29.72 29.72 29.72 29.27 28.22 23.96 27.06 30.59 30.94 30.84 30.85 30.87 30.99 30.72 30.90 30.26 30.78 31.01 30.99 31.00 30.99 30.93 30.96 30.93 31.03 31.15 30.20 30.86 30.52 30.97 30.68 31.06 31.00 31.02 31.27 31.08 31.16 31.11
99999.90 99999.90 99999.90 99999.90 99999.90 99999.90 99999.90 99999.90 99999.90 99999.90 99999.90 99999.90 99999.90 99999.90 99999.90 99999.90 99999.90 99999.90 99999.90 99999.90 99999.90 99999.90 99999.90 99999.90 99999.90 99999.90 28.83 28.83 30.50 30.50 30.50 29.46 29.46 29.46 29.46 29.72 29.72 29.72 29.72 29.72 29.87 29.87 29.87 27.91 27.25 27.76 30.49 30.78 30.79 30.96 30.82 30.74 30.62 30.53 28.15 26.72 29.53 29.65 30.63 30.98 30.96 31.21 31.29 31.13 30.03 30.03 30.46 30.06 29.77 29.86 30.70 31.04 30.99 31.17 31.26 31.32 31.14
99999.90 99999.90 99999.90 99999.90 99999.90 99999.90 99999.90 99999.90 99999.90 99999.90 99999.90 99999.90 99999.90 99999.90 99999.90 99999.90 99999.90 99999.90 99999.90 99999.90 99999.90 99999.90 99999.90 99999.90 99999.90 99999.90 99999.90 29.58 30.50 30.50 29.46 29.46 29.46 29.72 29.72 29.72 29.72 29.72 29.31 29.31 29.31 29.31 29.31 28.06 29.15 29.12 29.50 30.61 30.25 30.79 30.58 29.68 28.89 28.60 26.04 25.58 29.07 28.54 29.21 30.10 30.69 30.93 30.84 30.44 30.27 29.36 29.77 29.38 29.21 28.96 30.28 30.92 31.04 31.06 31.22 31.11 31.05
99999.90 99999.90 99999.90 99999.90 99999.90 99999.90 99999.90 99999.90 99999.90 99999.90 99999.90 99999.90 99999.90 99999.90 99999.90 99999.90 99999.90 99999.90 99999.90 99999.90 99999.90 99999.90 99999.90 99999.90 99999.90 99999.90 99999.90 99999.90 30.50 30.50 29.46 29.72 29.72 29.72 30.13 30.13 30.13 30.13 30.13 30.13 30.13 30.13 30.13 28.39 28.84 29.53 27.76 28.60 30.01 30.66 29.23 29.78 29.53 26.38 24.75 23.66 25.72 26.79 28.08 28.07 30.40 30.60 30.79 30.35 28.62 25.51 27.78 27.95 27.05 27.17 28.72 29.99 30.74 31.10 31.16 31.24 31.14
99999.90 99999.90 99999.90 99999.90 99999.90 99999.90 99999.90 99999.90 99999.90 99999.90 99999.90 99999.90 99999.90 99999.90 99999.90 99999.90 99999.90 99999.90 99999.90 99999.90 99999.90 99999.90 99999.90 99999.90 99999.90 99999.90 99999.90 99999.90 30.50 30.50 29.46 29.72 29.54 29.54 29.54 29.54 29.54 29.54 29.54 29.54 29.54 29.54 29.54 27.19 29.32 29.27 28.15 28.42 29.89 30.08 29.63 29.88 29.73 27.39 26.22 24.07 25.44 26.71 28.98 28.61 30.28 30.76 30.83 29.95 29.76 27.38 25.29 25.78 26.78 27.45 29.15 30.05 30.65 30.96 31.06 31.01 30.98
99999.90 99999.90 99999.90 99999.90 99999.90 99999.90 99999.90 99999.90 99999.90 99999.90 99999.90 99999.90 99999.90 99999.90 99999.90 99999.90 99999.90 99999.90 99999.90 99999.90 99999.90 99999.90 99999.90 99999.90 99999.90 99999.90 99999.90 99999.90 99999.90 30.33 29.46 29.72 29.02 29.02 29.02 29.02 29.02 29.02 29.02 29.02 29.02 29.02 29.02 27.72 30.31 30.47 28.91 28.01 29.67 30.57 30.71 30.06 29.25 29.45 25.24 24.70 25.33 25.93 27.89 30.25 30.88 30.77 30.80 29.82 28.75 27.18 25.07 24.63 25.77 26.59 27.02 28.77 30.55 30.69 30.09 30.44 31.02
99999.90 99999.90 99999.90 99999.90 99999.90 99999.90 99999.90 99999.90 99999.90 99999.90 99999.90 99999.90 99999.90 99999.90 99999.90 99999.90 99999.90 99999.90 99999.90 99999.90 99999.90 99999.90 99999.90 99999.90 99999.90 99999.90 99999.90 99999.90 99999.90 99999.90 29.46 29.72 28.44 28.44 28.44 28.44 28.44 28.44 28.44 28.44 28.44 28.44 28.44 29.27 29.95 30.05 28.55 27.99 29.00 29.43 29.76 28.86 27.98 26.70 25.24 27.71 27.29 27.95 28.90 30.17 29.53 29.19 28.61 29.13 27.87 26.47 26.94 27.82 28.01 28.14 28.00 28.55 30.25 29.54 30.21 30.96 30.90
99999.90 99999.90 99999.90 99999.90 99999.90 99999.90 99999.90 99999.90 99999.90 99999.90 99999.90 99999.90 99999.90 99999.90 99999.90 99999.90 99999.90 99999.90 99999.90 99999.90 99999.90 99999.90 99999.90 99999.90 99999.90 99999.90 99999.90 99999.90 99999.90 99999.90 29.46 29.72 28.72 28.72 28.72 28.72 28.72 28.72 28.72 28.72 28.72 28.72 28.72 28.96 29.77 29.91 29.50 28.83 29.37 27.77 27.35 26.75 27.96 27.07 26.45 27.62 27.42 28.00 29.67 29.77 29.53 28.22 27.58 26.87 27.90 27.09 28.35 28.85 28.44 29.51 28.24 29.06 29.53 28.97 29.45 30.64 30.54
99999.90 99999.90 99999.90 99999.90 99999.90 99999.90 99999.90 99999.90 99999.90 99999.90 99999.90 99999.90 99999.90 99999.90 99999.90 99999.90 99999.90 99999.90 99999.90 99999.90 99999.90 99999.90 99999.90 99999.90 99999.90 99999.90 99999.90 99999.90 99999.90 99999.90 99999.90 29.72 29.54 29.54 29.54 29.54 29.54 29.54 29.54 29.54 29.54 29.54 29.54 29.20 30.19 29.39 28.81 28.76 29.11 29.60 28.31 25.02 26.19 28.30 28.59 28.48 28.62 29.08 30.07 27.14 27.49 27.78 27.71 27.87 28.30 28.06 29.30 29.80 29.72 30.13 29.54 30.46 30.68 31.03 30.98 31.02 31.17
99999.90 99999.90 99999.90 99999.90 99999.90 99999.90 99999.90 99999.90 99999.90 99999.90 99999.90 99999.90 99999.90 99999.90 99999.90 99999.90 99999.90 99999.90 99999.90 99999.90 99999.90 99999.90 99999.90 99999.90 99999.90 99999.90 99999.90 99999.90 99999.90 99999.90 99999.90 29.72 29.28 29.28 29.28 29.28 29.28 29.28 29.28 29.28 29.28 29.28 29.28 29.63 29.86 28.66 27.89 29.04 29.06 27.99 26.18 24.98 26.25 28.83 29.22 27.59 27.86 28.17 26.74 29.09 29.33 29.92 29.71 29.73 30.09 30.46 30.19 29.07 28.82 29.29 29.52 30.21 29.98 29.87 29.69 29.75 29.13
99999.90 99999.90 99999.90 99999.90 99999.90 99999.90 99999.90 99999.90 99999.90 99999.90 99999.90 99999.90 99999.90 99999.90 99999.90 99999.90 99999.90 99999.90 99999.90 99999.90 99999.90 99999.90 99999.90 99999.90 99999.90 99999.90 99999.90 99999.90 99999.90 99999.90 99999.90 99999.90 28.66 28.66 28.66 28.66 28.66 28.66 28.66 28.66 28.66 28.66 28.66 29.61 29.10 28.78 29.14 28.98 28.35 28.19 27.23 27.83 26.39 28.34 27.31 26.68 26.19 27.92 28.14 29.42 29.19 30.12 30.06 29.24 28.73 30.14 29.40 29.02 28.97 29.45 30.37 30.68 30.34 30.47 29.69 29.58 29.69
99999.90 99999.90 99999.90 99999.90 99999.90 99999.90 99999.90 99999.90 99999.90 99999.90 99999.90 99999.90 99999.90 99999.90 99999.90 99999.90 99999.90 99999.90 99999.90 99999.90 99999.90 99999.90 99999.90 99999.90 99999.90 99999.90 99999.90 99999.90 99999.90 99999.90 99999.90 99999.90 28.66 28.66 28.66 28.66 28.66 28.66 28.66 28.66 28.66 28.66 28.66 29.67 30.07 29.57 29.20 28.80 28.00 29.11 29.69 27.82 28.09 26.55 25.57 26.84 25.62 27.17 29.02 29.40 29.24 27.91 28.00 28.02 28.05 27.96 29.72 30.41 30.61 30.74 30.70 30.23 30.56 30.88 29.40 30.06 30.72
99999.90 99999.90 99999.90 99999.90 99999.90 99999.90 99999.90 99999.90 99999.90 99999.90 99999.90 99999.90 99999.90 99999.90 99999.90 99999.90 99999.90 99999.90 99999.90 99999.90 99999.90 99999.90 99999.90 99999.90 99999.90 99999.90 99999.90 99999.90 99999.90 99999.90 99999.90 99999.90 28.66 28.66 28.66 28.66 28.66 28.66 28.66 28.66 28.66 29.00 29.00 29.00 29.15 29.14 28.51 29.43 29.57 28.60 28.47 28.20 27.95 27.44 26.86 27.62 28.33 28.18 28.19 27.61 28.18 27.91 28.22 26.97 28.89 29.33 30.11 30.99 30.94 30.63 30.04 29.46 28.91 29.47 29.21 29.21 30.01
99999.90 99999.90 99999.90 99999.90 99999.90 99999.90 99999.90 99999.90 99999.90 99999.90 99999.90 99999.90 99999.90 99999.90 99999.90 99999.90 99999.90 99999.90 99999.90 99999.90 99999.90 99999.90 99999.90 99999.90 99999.90 99999.90 99999.90 99999.90 99999.90 99999.90 99999.90 99999.90 28.66 28.66 28.66 28.66 28.66 28.66 28.66 29.00 29.00 29.00 29.00 29.00 29.42 29.40 29.39 29.64 28.21 28.06 27.69 28.58 29.02 28.31 28.75 27.87 29.25 27.48 27.56 26.99 27.85 26.89 26.70 26.97 27.40 28.96 29.80 30.16 30.63 29.91 30.07 29.83 29.24 28.97 29.59 29.17 28.93
99999.90 99999.90 99999.90 99999.90 99999.90 99999.90 99999.90 99999.90 99999.90 99999.90 99999.90 99999.90 99999.90 99999.90 99999.90 99999.90 99999.90 99999.90 99999.90 99999.90 99999.90 99999.90 99999.90 99999.90 99999.90 99999.90 99999.90 99999.90 99999.90 99999.90 99999.90 99999.90 28.66 28.66 28.66 28.66 28.66 29.00 29.00 29.00 29.00 29.00 29.00 29.42 29.42 28.20 28.96 29.41 27.65 28.57 27.05 29.20 28.19 27.87 27.62 26.86 28.39 25.52 26.51 26.91 27.24 26.74 27.73 27.29 27.25 28.09 30.10 30.45 30.14 29.97 30.39 30.34 29.61 29.96 30.18 29.84 28.62
99999.90 99999.90 99999.90 99999.90 99999.90 99999.90 99999.90 99999.90 99999.90 99999.90 99999.90 99999.90 99999.90 99999.90 99999.90 99999.90 99999.90 99999.90 99999.90 99999.90 99999.90 99999.90 99999.90 99999.90 99999.90 99999.90 99999.90 99999.90 99999.90 99999.90 99999.90 99999.90 28.66 28.66 28.66 29.00 29.00 29.00 29.00 29.00 29.00 29.00 29.42 29.42 28.20 28.20 28.37 27.44 28.33 28.16 28.43 27.36 26.99 26.99 27.42 27.33 26.43 27.91 28.56 28.39 28.15 27.98 29.02 29.01 29.52 29.18 30.20 30.69 30.58 30.28 30.12 30.19 29.95 29.47 29.72 29.34 28.66
99999.90 99999.90 99999.90 99999.90 99999.90 99999.90 99999.90 99999.90 99999.90 99999.90 99999.90 99999.90 99999.90 99999.90 99999.90 99999.90 99999.90 99999.90 99999.90 99999.90 99999.90 99999.90 99999.90 99999.90 99999.90 99999.90 99999.90 99999.90 99999.90 99999.90 99999.90 99999.90 28.66 29.00 29.00 29.00 29.00 29.00 29.00 29.00 29.00 29.42 29.42 28.20 28.20 28.37 28.37 28.48 29.08 28.18 28.65 27.81 28.30 27.50 27.43 25.35 27.10 27.98 29.43 29.65 28.52 28.62 30.15 30.50 30.76 30.43 30.35 30.38 30.17 30.62 29.56 29.17 29.98 29.39 29.62 29.35 28.87
99999.90 99999.90 99999.90 99999.90 99999.90 99999.90 99999.90 99999.90 99999.90 99999.90 99999.90 99999.90 99999.90 99999.90 99999.90 99999.90 99999.90 99999.90 99999.90 99999.90 99999.90 99999.90 99999.90 99999.90 99999.90 99999.90 99999.90 99999.90 99999.90 99999.90 99999.90 99999.90 28.66 29.00 29.00 29.00 29.00 29.00 29.00 29.00 29.42 29.42 28.20 28.20 28.37 30.13 30.13 30.13 28.74 28.12 29.01 27.72 27.77 28.35 28.48 26.54 26.91 28.02 28.51 28.56 28.77 29.90 29.56 30.36 30.55 30.31 30.71 30.50 29.70 30.09 29.46 29.52 29.70 29.38 29.10 29.04 28.81
99999.90 99999.90 99999.90 99999.90 99999.90 99999.90 99999.90 99999.90 99999.90 99999.90 99999.90 99999.90 99999.90 99999.90 99999.90 99999.90 99999.90 99999.90 99999.90 99999.90 99999.90 99999.90 99999.90 99999.90 99999.90 99999.90 99999.90 99999.90 99999.90 99999.90 99999.90 99999.90 28.66 29.00 29.00 29.00 29.00 29.00 29.00 29.42 29.42 28.20 28.20 30.13 30.13 30.13 30.13 30.13 29.84 29.32 28.77 28.07 27.23 28.05 28.57 26.85 27.65 28.05 27.57 27.58 27.30 28.40 28.69 30.28 29.69 29.49 29.80 29.51 29.84 29.66 29.88 30.05 29.03 29.01 28.54 28.41 28.69
99999.90 99999.90 99999.90 99999.90 99999.90 99999.90 99999.90 99999.90 99999.90 99999.90 99999.90 99999.90 99999.90 99999.90 99999.90 99999.90 99999.90 99999.90 99999.90 99999.90 99999.90 99999.90 99999.90 99999.90 99999.90 99999.90 99999.90 99999.90 99999.90 99999.90 99999.90 99999.90 28.66 29.00 29.00 29.00 29.00 29.00 29.42 29.42 28.20 30.13 30.13 30.13 30.13 30.13 30.13 29.84 29.84 30.27 29.95 29.19 28.75 27.65 29.62 27.84 28.31 29.21 28.75 27.24 27.11 28.65 29.37 29.65 29.91 30.32 30.55 30.51 30.42 30.41 30.45 30.23 29.39 29.40 28.71 28.36 28.51
99999.90 99999.90 99999.90 99999.90 99999.90 99999.90 99999.90 99999.90 99999.90 99999.90 99999.90 99999.90 99999.90 99999.90 99999.90 99999.90 99999.90 99999.90 99999.90 99999.90 99999.90 99999.90 99999.90 99999.90 99999.90 99999.90 99999.90 99999.90 99999.90 99999.90 99999.90 99999.90 28.66 29.00 29.00 29.00 29.00 29.42 29.42 28.20 30.13 30.13 30.13 30.13 30.13 30.13 29.84 29.84 30.27 30.27 30.19 29.74 29.92 30.07 28.63 28.84 29.17 29.04 28.47 28.20 28.38 27.44 28.87 29.09 29.56 29.71 30.50 30.30 30.29 30.37 30.62 29.46 28.68 28.74 28.97 28.59 28.35
99999.90 99999.90 99999.90 99999.90 99999.90 99999.90 99999.90 99999.90 99999.90 99999.90 99999.90 99999.90 99999.90 99999.90 99999.90 99999.90 99999.90 99999.90 99999.90 99999.90 99999.90 99999.90 99999.90 99999.90 99999.90 99999.90 99999.90 99999.90 99999.90 99999.90 99999.90 99999.90 99999.90 29.00 29.00 29.00 29.42 29.42 30.13 30.13 30.13 30.13 30.13 30.13 30.13 29.84 29.84 30.27 30.65 30.65 30.65 29.70 29.78 28.33 28.20 28.90 29.35 28.13 28.40 29.34 28.45 28.27 28.37 28.64 29.55 30.13 29.76 29.70 29.61 29.38 28.53 28.56 28.90 29.52 29.65 27.83 28.32
99999.90 99999.90 99999.90 99999.90 99999.90 99999.90 99999.90 99999.90 99999.90 99999.90 99999.90 99999.90 99999.90 99999.90 99999.90 99999.90 99999.90 99999.90 99999.90 99999.90 99999.90 99999.90 99999.90 99999.90 99999.90 99999.90 99999.90 99999.90 99999.90 99999.90 99999.90 99999.90 99999.90 29.00 29.00 29.42 29.42 30.13 30.13 30.13 30.13 30.13 30.13 30.13 29.84 29.84 30.65 30.65 30.65 30.65 30.65 29.96 30.04 28.72 28.72 29.68 29.46 28.54 28.21 29.28 28.83 29.81 28.69 27.86 29.66 29.17 29.42 30.16 30.18 28.98 28.66 29.25 29.60 30.27 29.19 28.68 29.60
99999.90 99999.90 99999.90 99999.90 99999.90 99999.90 99999.90 99999.90 99999.90 99999.90 99999.90 99999.90 99999.90 99999.90 99999.90 99999.90 99999.90 99999.90 99999.90 99999.90 99999.90 99999.90 99999.90 99999.90 99999.90 99999.90 99999.90 99999.90 99999.90 99999.90 99999.90 99999.90 99999.90 99999.90 29.42 29.42 28.20 30.13 30.13 30.13 30.13 30.13 30.13 29.84 30.65 30.65 30.65 30.65 30.65 30.50 30.50 30.50 30.29 29.69 29.79 29.21 29.34 29.22 29.46 29.97 29.56 29.58 30.19 29.87 30.55 30.26 30.19 30.07 29.63 28.68 28.63 29.59 29.91 29.51 29.95 30.27 30.47
99999.90 99999.90 99999.90 99999.90 99999.90 99999.90 99999.90 99999.90 99999.90 99999.90 99999.90 99999.90 99999.90 99999.90 99999.90 99999.90 99999.90 99999.90 99999.90 99999.90 99999.90 99999.90 99999.90 99999.90 99999.90 99999.90 99999.90 99999.90 99999.90 99999.90 99999.90 99999.90 99999.90 99999.90 99999.90 28.20 28.20 30.13 30.13 30.13 30.13 30.13 29.84 30.65 30.65 30.65 30.65 30.50 30.50 30.50 30.50 30.50 29.75 29.76 29.68 28.19 28.62 29.23 29.54 30.26 29.61 29.54 30.76 29.01 29.69 29.97 30.34 29.92 29.88 29.23 29.70 29.71 28.95 29.65 29.46 30.31 29.99
