main/data/irradiance/03.03.2023.grid
ncols 839
nrows 679
xllcenter 112.0500
yllcenter -43.9500
cellsize 0.0500
nodata_value 99999.90
[rows 238 to 271 of 679, columns 154 to 230 of 839]
25.78 25.19 25.25 24.69 25.46 25.45 25.61 26.01 25.89 26.40 25.65 23.77 22.54 21.95 22.06 21.90 23.49 23.74 23.04 22.51 23.93 22.41 21.44 22.58 24.28 23.03 24.05 25.58 23.97 23.26 22.68 21.95 21.73 22.27 22.09 22.07 22.23 22.93 23.74 22.92 23.76 25.30 25.19 25.49 24.28 24.13 23.91 25.16 24.27 23.97 25.47 24.42 23.29 24.32 23.55 23.78 24.45 22.09 22.78 23.26 22.60 23.34 24.30 26.17 25.75 25.22 24.01 23.56 23.73 23.72 25.01 24.35 23.49 25.42 22.65 22.71 23.75
25.92 25.30 25.48 24.75 25.15 24.85 25.68 25.95 26.32 26.38 25.52 24.37 21.89 21.78 21.64 22.29 22.47 21.77 22.68 22.64 24.25 23.20 22.71 23.66 24.29 23.59 24.24 25.07 23.57 22.69 21.81 20.29 20.08 19.72 21.80 24.06 22.87 25.84 25.56 24.80 25.05 25.30 25.09 24.61 25.39 24.72 24.56 24.33 24.98 24.34 24.15 24.20 23.72 25.34 24.30 24.76 24.78 24.14 23.32 23.79 23.97 23.32 23.63 22.43 25.52 26.01 23.89 23.38 22.34 23.14 24.60 24.90 24.03 25.85 24.63 22.19 23.32
26.27 25.69 25.27 24.52 24.80 24.72 25.51 26.22 25.81 25.63 25.54 24.39 21.74 21.02 20.68 21.20 21.92 22.74 21.50 22.38 25.63 22.99 23.73 24.12 24.94 24.13 24.02 23.48 21.88 21.07 21.63 20.28 20.86 20.54 23.47 24.92 24.48 24.85 24.61 25.55 25.36 24.10 23.93 22.46 25.31 24.87 25.88 25.58 25.51 25.46 24.39 23.79 23.60 24.05 23.92 23.54 23.60 22.94 23.56 24.86 25.03 24.29 21.74 22.22 26.10 26.51 24.65 22.74 23.11 23.00 24.25 25.87 25.23 24.00 23.30 23.84 22.32
26.16 25.46 26.01 25.36 24.22 23.64 24.87 25.41 24.57 25.49 25.48 24.55 22.42 20.67 21.05 19.95 20.34 21.07 23.03 24.20 25.81 24.99 25.69 26.09 25.17 25.54 24.66 22.30 20.79 19.67 21.50 22.14 22.24 22.97 23.84 23.95 22.72 23.63 23.86 24.06 24.04 23.22 24.60 24.18 23.86 25.78 25.35 24.92 24.99 24.86 25.34 24.39 23.73 23.51 23.34 24.13 23.47 22.71 22.24 23.72 23.73 24.80 22.56 21.81 24.60 22.70 23.41 22.55 23.18 22.53 25.34 25.08 24.37 25.22 22.38 23.25 21.78
26.33 25.55 25.60 25.77 24.71 23.53 24.94 23.90 23.90 25.19 24.62 23.98 22.53 21.71 19.91 19.13 20.92 22.41 24.73 25.38 26.17 26.29 26.26 25.80 25.08 24.69 23.84 22.63 22.48 21.62 21.48 22.35 22.31 24.00 24.80 24.70 22.35 22.92 22.89 22.87 23.60 24.61 24.39 24.14 23.90 24.73 25.50 24.69 24.71 24.43 22.91 22.81 25.00 25.59 25.17 24.78 24.76 24.12 24.44 24.17 23.25 25.64 24.68 22.43 22.03 22.58 22.70 23.04 23.09 23.05 23.83 25.00 24.98 24.61 24.11 23.51 22.37
25.33 25.06 24.95 24.57 24.75 23.44 24.55 23.26 24.05 24.40 22.64 23.33 21.80 20.32 19.90 19.59 21.74 22.74 23.47 24.38 26.10 26.61 26.78 26.34 24.87 24.85 24.31 23.05 23.59 22.91 22.40 22.69 21.94 22.99 24.00 24.39 24.29 24.40 23.89 24.02 24.45 23.98 24.40 23.01 21.79 23.88 22.51 24.12 22.97 23.56 22.97 23.88 23.76 25.70 26.40 26.26 24.45 23.17 23.97 24.74 24.15 23.44 23.43 24.30 23.30 22.57 22.60 23.66 22.65 22.35 23.61 24.14 25.56 25.35 24.34 24.70 23.00
25.44 24.81 24.11 23.85 23.91 23.35 23.65 23.91 23.81 22.25 23.33 23.95 21.14 20.56 19.91 19.93 21.27 22.68 23.63 24.83 26.47 26.60 26.60 26.67 26.17 26.25 25.18 24.76 23.48 23.12 22.21 21.66 21.71 23.32 24.20 23.97 24.40 24.81 23.42 23.36 24.66 23.15 24.83 22.55 23.01 25.12 24.22 23.92 23.52 23.83 23.80 24.05 24.08 22.96 24.00 23.76 24.26 22.79 22.99 24.18 24.47 21.33 23.63 23.90 23.63 22.57 22.99 23.01 23.81 21.60 22.61 23.76 23.64 24.76 24.24 24.46 23.73
25.00 24.78 23.77 23.35 24.07 22.52 23.61 23.93 24.28 23.90 22.71 23.37 21.32 21.27 20.57 20.22 21.09 21.13 23.07 25.21 26.36 26.16 26.62 26.42 25.74 25.62 24.39 25.10 25.12 25.26 23.78 21.84 22.87 23.65 25.17 25.46 24.74 24.04 23.38 22.38 23.04 22.75 21.74 24.05 23.30 23.92 24.35 23.73 24.33 24.47 23.99 23.95 24.27 25.16 23.70 22.41 22.51 23.44 22.53 21.97 22.79 23.07 23.29 24.16 23.31 23.06 23.35 24.24 23.96 24.22 23.67 23.23 24.75 24.73 24.12 23.38 24.53
25.28 25.08 23.96 22.74 23.77 21.56 24.55 24.62 23.01 22.99 23.04 22.39 21.15 21.54 21.57 20.70 22.05 21.65 22.78 24.71 25.13 26.23 26.68 26.70 26.59 26.31 25.95 25.30 25.55 24.82 24.65 23.58 23.89 24.72 25.50 24.63 24.12 22.82 23.16 21.93 22.03 23.30 21.60 23.46 22.05 23.79 23.66 22.64 24.78 25.17 23.75 24.18 23.91 24.30 23.25 22.93 22.58 24.17 21.33 21.12 22.66 23.42 24.94 23.09 22.19 23.18 23.87 23.34 23.94 24.89 23.36 22.51 25.20 25.63 24.72 22.63 22.91
25.28 25.55 23.24 22.32 23.84 23.83 25.11 24.79 23.91 24.11 22.73 22.38 20.46 21.32 19.40 19.99 20.78 21.90 22.65 24.88 25.33 26.47 26.74 26.11 25.86 26.50 26.09 25.67 25.13 23.54 24.30 23.82 23.82 22.92 24.10 24.07 21.78 21.83 22.79 22.16 21.03 22.55 24.11 23.70 22.70 23.34 24.53 24.99 24.36 24.52 24.13 23.73 23.58 23.83 22.69 22.54 23.10 24.41 24.55 23.88 24.51 23.02 23.60 23.55 22.25 23.55 23.36 23.34 23.93 25.22 24.08 22.36 23.97 23.75 24.96 24.43 23.76
24.59 25.45 23.76 21.24 23.21 24.28 25.03 24.05 25.30 25.39 23.00 21.46 21.02 21.38 18.78 20.33 19.70 22.54 23.58 24.54 25.41 25.45 26.34 26.40 26.18 26.38 25.88 25.67 24.89 23.34 24.12 25.62 24.70 22.32 23.07 22.64 21.34 22.32 22.15 23.93 22.74 24.35 23.51 24.83 24.16 24.86 24.29 25.13 25.14 24.36 23.66 22.05 23.17 22.26 22.03 23.24 22.17 24.42 23.63 23.88 23.66 20.43 22.46 24.40 22.02 22.24 23.13 22.79 22.36 24.52 25.16 22.43 23.72 23.66 23.81 24.09 23.27
24.23 24.68 23.19 22.35 22.46 25.40 24.27 24.83 25.18 24.95 24.20 20.99 21.51 20.55 19.21 19.33 19.71 22.22 23.13 23.98 23.67 24.92 25.77 26.39 25.89 26.27 25.87 25.75 23.95 22.57 23.66 24.89 24.26 23.49 22.71 22.41 22.28 23.36 23.94 24.42 23.11 23.57 24.24 22.90 23.72 24.74 23.77 23.58 24.61 24.73 23.42 21.33 22.23 23.71 23.67 23.47 21.99 22.93 22.45 21.31 22.04 21.49 22.01 24.27 23.07 20.94 24.05 23.09 24.04 23.18 24.30 22.74 22.44 22.40 24.44 24.32 23.32
24.38 25.06 24.26 22.49 23.22 23.32 23.74 25.55 24.74 24.91 25.13 22.92 20.84 21.51 21.62 19.83 21.00 22.29 23.64 23.31 22.15 23.11 25.17 25.67 25.14 25.50 24.92 24.99 22.58 22.48 22.30 23.99 21.92 24.17 23.56 20.33 23.68 22.53 23.01 23.59 23.49 23.07 23.53 24.81 24.05 23.84 23.45 24.49 24.73 24.02 24.62 23.86 23.31 24.21 23.21 22.56 22.32 21.92 22.59 22.04 23.94 22.59 21.62 21.60 22.87 24.21 24.35 22.98 23.68 23.66 23.42 22.92 22.55 22.07 25.03 24.91 23.92
23.27 25.14 23.93 22.21 23.93 23.96 23.90 25.61 24.73 25.50 26.10 24.06 21.61 22.21 20.49 21.20 21.33 21.16 23.78 22.46 23.08 23.00 23.95 23.03 23.41 25.39 25.35 24.00 23.38 22.63 21.83 23.89 23.97 23.15 24.15 22.32 23.50 22.56 21.98 21.92 23.58 23.39 24.01 24.02 22.48 22.91 23.29 22.97 23.28 22.97 22.78 23.05 23.50 22.35 23.48 22.77 23.51 22.20 22.68 23.27 22.30 22.58 22.03 21.77 22.42 22.92 22.30 22.99 23.44 23.22 23.91 23.29 23.82 23.76 23.25 24.71 24.32
24.46 24.12 22.89 24.69 22.19 22.97 23.60 25.49 25.73 26.22 25.37 24.27 22.41 22.77 20.08 20.78 20.99 23.52 24.45 22.08 21.65 22.93 24.43 24.08 21.89 23.94 25.10 25.20 24.39 24.28 23.75 24.74 25.07 22.95 24.61 23.18 23.10 23.25 22.39 24.54 23.93 24.40 22.84 22.93 24.02 23.78 23.99 24.76 24.12 23.69 23.82 22.64 23.33 23.52 24.23 23.58 23.62 23.88 23.47 24.55 25.26 24.43 21.89 23.82 22.79 22.01 21.59 24.20 22.68 23.19 23.48 23.17 22.37 22.86 23.25 25.21 24.86
24.16 22.72 23.03 25.07 23.34 24.15 23.39 25.66 26.29 26.39 26.23 25.57 22.97 21.52 21.54 21.82 22.62 24.05 24.45 22.68 22.26 22.44 22.42 23.36 22.86 23.26 25.29 26.05 25.38 24.49 23.02 23.76 25.84 24.64 23.85 23.36 22.10 23.36 22.64 22.92 22.95 22.83 21.87 23.70 23.95 24.48 23.62 23.67 22.21 22.75 23.17 24.13 24.00 24.52 24.11 23.83 24.35 24.45 24.19 24.59 24.73 24.65 24.44 23.51 23.07 23.52 23.87 24.06 22.75 22.60 22.87 22.22 22.73 21.69 22.36 24.87 24.56
23.72 21.99 23.21 24.10 22.85 24.56 23.61 25.11 25.69 26.24 25.83 25.33 23.85 21.94 21.39 22.89 23.80 25.01 24.81 24.34 23.83 22.89 22.49 22.47 23.88 24.02 24.21 25.35 25.06 25.39 25.51 25.49 25.72 25.61 25.65 25.17 25.81 25.36 24.26 24.05 24.27 23.80 25.03 24.59 24.42 24.20 24.80 23.63 23.57 24.11 24.05 25.18 23.02 24.01 25.30 25.71 25.43 25.06 22.55 22.39 24.55 24.82 24.76 23.70 23.10 23.75 23.81 23.75 23.17 21.67 24.33 24.12 21.15 20.22 21.26 22.68 23.46
24.97 22.33 22.40 22.61 24.01 25.40 24.24 24.70 25.19 25.34 24.34 23.66 22.43 23.31 22.39 23.55 24.62 23.29 24.77 25.90 24.22 23.63 23.52 22.48 24.07 25.31 22.97 25.10 24.46 25.22 25.34 25.75 25.69 25.67 25.54 25.80 26.01 26.10 26.18 25.99 25.48 24.48 25.24 25.42 26.27 26.56 25.53 24.48 24.44 25.05 24.66 24.19 24.94 24.49 25.06 25.20 25.04 24.89 24.68 24.83 25.34 25.37 24.67 24.38 23.50 23.91 22.78 22.04 22.36 23.16 24.49 24.81 24.05 22.73 22.73 22.75 24.76
23.74 21.18 22.60 22.78 22.63 24.49 24.61 25.53 25.29 25.96 23.71 24.13 22.11 24.64 24.47 24.31 24.91 24.33 24.79 25.36 25.37 25.24 23.93 23.41 24.49 25.62 23.66 25.00 25.24 25.42 25.60 25.67 25.75 25.67 25.50 26.24 26.08 25.96 25.83 26.07 26.30 26.32 26.10 26.15 25.32 25.29 25.36 24.97 24.69 25.21 25.32 24.48 24.47 25.18 24.84 25.05 24.90 24.49 24.32 25.10 25.80 25.33 24.54 25.81 25.10 24.70 25.13 24.60 23.44 22.71 22.64 23.64 24.68 24.32 24.81 23.80 25.12
22.01 21.76 22.62 22.72 23.15 23.86 24.64 25.77 25.43 25.62 24.81 23.37 23.69 24.92 25.27 25.34 25.69 24.88 25.07 24.93 24.63 25.03 24.23 25.00 24.46 24.95 25.32 24.95 25.71 26.05 26.20 25.56 25.68 26.00 25.63 25.73 25.62 25.92 25.76 25.45 26.25 26.45 26.41 26.32 26.06 25.86 26.01 24.77 26.11 26.14 25.55 25.14 25.23 24.93 24.17 25.28 25.59 25.05 24.80 24.77 25.44 24.89 24.64 25.96 25.09 24.66 24.68 23.66 24.06 24.62 22.76 23.40 23.82 23.89 24.15 24.75 25.48
21.70 22.51 21.98 22.63 22.57 23.04 25.34 25.08 24.25 24.69 24.47 24.57 24.75 25.82 25.29 25.55 25.96 24.92 25.80 24.83 23.52 24.54 24.63 25.70 25.11 25.57 25.84 25.40 25.75 25.64 26.02 26.62 26.41 26.32 26.14 25.95 25.62 25.59 25.74 25.47 25.74 26.23 26.51 26.54 26.47 25.33 25.62 25.93 26.07 26.16 25.05 25.96 24.35 24.94 24.63 24.87 25.03 25.10 24.85 25.13 26.28 25.65 25.66 25.53 25.49 23.95 23.89 24.09 25.69 24.23 24.52 25.30 24.20 24.48 23.99 23.80 22.89
20.52 21.06 22.11 22.58 22.56 25.25 25.32 24.75 23.23 23.32 23.68 25.16 24.57 25.30 24.18 25.17 24.28 24.36 24.31 25.28 24.57 23.49 24.72 24.39 25.03 25.39 25.05 25.55 26.02 25.54 25.59 26.70 26.50 26.28 26.10 26.29 25.97 25.83 26.19 25.72 25.80 26.38 26.48 26.42 26.22 26.12 25.99 26.04 26.14 25.38 25.15 24.09 24.25 24.31 24.55 25.71 24.96 25.07 25.13 25.48 26.00 25.71 25.95 26.35 24.70 24.71 24.54 24.65 25.20 22.69 25.11 23.17 23.48 23.90 23.52 23.34 23.35
20.44 21.66 23.20 23.02 22.95 24.49 25.46 24.37 22.35 22.78 24.51 25.14 25.30 24.68 24.16 24.71 24.28 23.93 24.42 24.36 25.39 23.92 23.61 24.66 24.98 25.20 25.79 26.20 26.28 26.04 26.12 25.98 25.97 25.90 26.20 26.32 25.94 26.21 26.48 26.15 25.29 26.12 26.15 26.07 26.28 26.22 26.41 25.78 25.53 24.60 24.41 24.32 23.74 24.28 24.40 25.01 24.76 26.07 25.51 25.49 25.31 25.15 26.32 25.57 25.83 26.00 25.49 25.31 25.65 24.05 25.03 23.95 24.41 24.10 25.41 24.77 24.31
23.30 23.37 23.65 23.95 23.56 22.11 23.36 23.67 22.99 24.77 23.13 24.70 25.93 24.31 24.45 24.79 24.65 24.56 23.90 25.32 25.37 24.83 24.93 24.85 25.38 24.86 25.85 26.31 26.41 26.44 26.57 26.30 25.55 26.22 26.23 26.29 26.39 26.53 26.44 26.18 25.61 25.53 25.92 25.89 26.24 26.44 26.12 25.54 25.21 24.48 23.87 24.99 24.89 24.24 24.64 22.90 25.86 25.26 25.98 24.61 25.43 24.73 26.32 25.79 25.91 26.13 25.37 25.06 25.93 25.59 25.26 23.99 23.78 25.07 24.60 24.09 24.09
21.88 23.84 23.81 24.40 23.83 21.58 21.87 22.66 23.35 23.48 23.58 25.48 25.07 23.94 23.93 24.85 24.29 25.62 25.08 24.97 24.77 25.65 24.70 25.35 24.83 25.60 26.10 26.23 26.65 26.51 26.53 26.09 25.92 25.88 26.27 26.22 26.06 26.32 25.96 26.27 26.31 26.18 26.22 26.22 25.96 26.13 25.83 25.36 24.64 25.05 25.09 25.51 24.76 24.77 24.74 24.37 25.44 25.34 25.32 25.27 25.62 25.94 25.88 26.05 25.96 25.74 25.73 25.88 25.94 26.10 25.63 24.20 24.43 23.47 24.04 23.70 23.17
23.69 23.20 23.69 24.42 23.74 23.63 22.96 22.67 24.68 23.88 23.52 25.36 24.03 24.25 25.36 25.26 23.82 24.79 26.13 25.21 25.84 25.67 25.82 25.83 25.72 26.31 26.21 26.41 26.42 26.55 26.50 25.99 26.13 26.13 26.16 26.09 26.01 25.99 25.67 25.88 26.15 26.35 26.21 25.88 25.74 25.81 25.57 25.74 25.40 25.90 25.51 25.36 25.52 25.09 24.55 25.22 25.19 25.73 25.04 25.88 26.52 26.15 26.25 26.42 25.99 26.20 25.93 25.63 25.70 26.32 25.53 25.37 24.94 24.57 24.35 24.30 22.74
21.10 21.20 22.06 22.89 24.14 24.67 22.92 22.22 24.65 25.31 24.73 25.26 24.32 24.96 25.47 25.45 25.42 24.66 25.85 26.10 25.45 26.18 26.36 26.33 26.05 26.58 26.39 26.58 26.32 26.54 26.52 26.08 26.40 25.94 26.00 26.12 25.51 26.02 25.69 25.97 25.85 26.25 26.09 25.48 25.55 25.71 25.61 26.16 25.91 26.18 26.04 25.53 24.98 25.71 25.35 24.68 25.53 26.26 25.97 26.02 26.41 26.44 26.33 26.31 25.94 25.30 26.27 25.94 26.49 25.61 26.18 25.82 25.84 25.16 23.78 23.47 23.59
20.91 21.98 21.62 23.92 23.78 24.56 24.02 23.29 22.88 25.61 25.34 25.19 26.18 25.87 24.78 24.15 24.95 25.54 25.65 26.28 26.37 26.61 26.53 26.62 26.57 26.59 26.51 26.40 26.25 26.55 26.58 26.37 26.42 26.21 26.41 25.81 26.11 26.19 25.56 25.91 25.93 26.18 26.09 25.56 25.88 25.91 25.99 26.24 26.01 26.08 26.23 25.43 25.49 25.72 25.62 25.27 25.37 26.37 25.75 25.97 26.35 26.71 26.09 26.25 26.06 25.98 26.09 26.41 26.48 25.86 25.93 26.08 25.51 25.37 24.70 24.23 23.05
21.37 22.17 22.32 24.20 24.91 24.55 25.21 23.75 23.55 24.33 24.50 25.85 25.22 26.14 25.23 25.63 26.06 25.67 26.13 26.41 26.66 26.77 26.63 26.63 26.73 26.79 26.48 26.44 26.60 26.65 26.61 26.56 26.51 26.26 26.39 26.35 26.38 25.82 26.20 26.00 25.77 26.01 26.16 25.51 25.44 25.77 26.26 26.39 25.96 26.26 26.21 26.14 25.53 25.65 25.18 25.28 24.45 26.21 25.63 26.19 25.88 25.21 25.97 26.48 26.49 25.76 25.27 25.68 26.38 25.81 26.27 25.75 25.30 24.17 24.80 24.61 24.37
23.09 23.27 23.60 23.02 25.16 23.15 25.05 25.19 25.18 24.38 25.70 25.42 25.75 26.25 25.71 25.56 25.58 26.10 25.70 26.30 26.69 26.75 26.67 26.55 26.66 26.71 26.56 26.57 26.65 26.59 26.59 26.25 26.53 26.42 26.44 26.44 26.27 26.06 26.04 25.99 25.82 25.66 25.93 26.08 25.53 25.72 25.79 26.06 25.78 26.33 26.37 25.62 26.03 25.24 25.43 24.77 23.65 25.92 25.55 25.92 25.09 23.19 25.27 25.58 25.37 25.31 25.02 25.68 25.17 25.22 25.08 25.70 25.69 25.73 24.20 24.20 24.04
23.45 23.44 24.29 23.78 25.29 24.14 24.04 25.33 25.89 24.91 26.11 26.05 26.28 26.06 26.05 26.25 26.30 26.54 26.34 26.34 26.55 26.64 26.71 26.57 26.69 26.71 26.74 26.63 26.61 26.66 26.60 26.60 26.47 26.47 26.30 26.46 26.38 26.16 25.93 26.08 25.79 26.22 26.35 26.30 25.89 25.91 25.91 25.77 25.69 26.37 26.25 25.29 25.69 25.16 25.56 24.20 23.52 25.52 25.13 24.25 23.38 23.66 23.97 24.03 24.44 24.89 25.32 26.24 26.04 25.22 24.90 24.90 25.05 25.14 25.31 25.27 24.10
23.26 24.83 24.07 25.02 25.49 25.00 24.06 25.47 25.84 25.93 25.96 26.03 26.18 26.39 26.38 26.26 26.55 26.54 26.44 26.36 26.64 26.64 26.56 26.60 26.65 26.68 26.66 26.68 26.60 26.57 26.61 26.51 26.54 26.50 26.27 26.36 26.32 26.07 25.99 25.98 25.74 25.94 26.25 26.36 25.65 25.21 25.46 25.65 25.74 25.89 26.08 25.58 25.62 25.53 25.09 24.32 24.35 24.80 23.18 23.43 24.28 23.12 24.18 24.42 24.61 24.41 24.76 24.79 25.78 25.07 24.72 24.36 25.43 25.45 25.09 23.92 23.35
23.53 23.77 24.26 24.58 24.89 25.54 24.68 25.17 24.10 25.81 26.22 26.11 26.21 25.98 26.37 26.33 26.41 26.44 26.25 26.57 26.51 26.63 26.56 26.62 26.63 26.67 26.54 26.63 26.46 26.55 26.65 26.47 26.46 26.47 26.26 26.36 26.42 25.90 25.73 25.88 25.54 25.98 26.03 26.37 25.38 24.67 25.41 25.51 25.66 26.07 24.75 25.85 26.06 25.10 26.06 24.56 23.28 24.88 24.94 24.56 24.53 25.55 25.53 24.03 23.76 24.45 24.07 25.57 25.66 24.86 23.92 25.02 25.92 25.27 24.80 23.79 25.11
24.71 24.41 24.85 25.10 25.71 25.12 25.21 24.99 25.08 25.51 25.55 26.08 25.84 26.21 26.27 26.41 26.10 26.21 26.69 26.49 26.56 26.66 26.64 26.70 26.58 26.72 26.43 26.55 26.30 26.52 26.60 26.51 26.27 26.15 26.33 26.46 26.23 26.17 25.97 25.60 25.11 25.42 25.98 26.38 25.96 25.60 25.67 25.38 25.66 25.81 25.61 25.86 25.84 25.63 25.82 24.49 24.33 25.13 24.86 25.33 23.57 25.18 24.94 23.85 22.79 23.63 23.96 25.08 24.98 24.90 25.27 26.02 25.80 25.81 25.42 24.40 24.39
