main/data/irradiance/03.02.2023.grid
ncols 839
nrows 679
xllcenter 112.0500
yllcenter -43.9500
cellsize 0.0500
nodata_value 99999.90
[rows 578 to 611 of 679, columns 616 to 692 of 839]
16.17 16.17 19.55 19.55 14.83 14.83 14.83 14.83 14.83 13.98 14.47 7.76 7.76 7.76 10.52 11.92 11.92 11.92 11.92 14.76 17.81 17.81 13.08 13.08 13.08 13.08 13.08 15.02 15.02 18.53 20.71 20.71 20.71 20.71 23.08 23.08 23.08 23.08 23.08 23.08 23.08 23.08 19.39 23.82 23.82 23.82 23.82 23.82 23.23 17.60 17.60 17.60 17.60 17.60 17.60 17.60 17.39 17.39 17.39 17.39 14.30 14.30 14.30 14.30 14.30 17.74 17.74 19.13 19.13 19.96 16.75 19.83 20.00 20.00 20.00 20.00 20.00
16.17 16.17 19.55 14.83 14.83 14.83 14.83 14.83 14.83 13.98 14.47 7.76 7.76 7.76 10.52 11.92 11.92 11.92 11.92 11.92 17.81 17.81 17.81 13.08 13.08 13.08 13.08 13.08 15.02 15.02 18.53 18.53 21.11 21.11 99999.90 99999.90 99999.90 23.82 23.82 23.82 23.82 23.82 23.82 23.82 23.82 23.82 23.82 23.82 17.60 17.60 17.60 17.60 17.60 17.60 17.60 17.60 17.39 17.39 17.39 14.30 14.30 14.30 14.30 14.30 14.30 17.74 19.13 19.09 19.09 19.09 14.27 16.63 16.63 16.91 16.91 16.91 16.91
16.17 19.55 14.83 14.83 14.83 14.83 14.83 14.83 14.83 13.98 7.76 7.76 7.76 7.76 10.52 11.92 11.92 11.92 11.92 11.92 11.92 17.81 17.81 13.08 13.08 13.08 13.08 13.08 13.08 15.02 15.02 18.53 18.53 99999.90 99999.90 99999.90 99999.90 99999.90 99999.90 99999.90 99999.90 99999.90 99999.90 16.06 16.06 16.20 16.20 17.60 17.60 17.60 17.60 17.60 17.60 17.60 17.60 17.39 17.39 17.39 14.30 14.30 14.30 14.30 14.30 14.30 14.30 19.09 19.09 19.09 19.09 19.09 12.88 14.06 16.91 16.91 16.91 16.91 16.91
16.17 19.55 14.83 14.83 14.83 14.83 14.83 14.83 14.83 13.98 7.76 7.76 7.76 7.76 10.52 11.92 11.92 11.92 11.92 11.92 11.92 11.92 17.81 17.81 13.08 13.08 13.08 13.08 13.08 13.08 15.02 15.02 99999.90 99999.90 99999.90 99999.90 99999.90 99999.90 99999.90 99999.90 99999.90 99999.90 99999.90 99999.90 16.20 16.20 17.60 17.60 17.60 17.60 17.60 17.60 17.60 17.60 17.60 17.39 17.39 14.30 14.30 14.30 14.30 14.30 14.30 14.30 14.30 19.09 19.09 19.09 11.34 11.34 11.34 12.54 16.91 16.91 16.91 16.91 16.91
19.55 14.83 14.83 14.83 14.83 14.83 14.83 14.83 14.83 13.98 7.76 7.76 7.76 7.76 10.52 11.92 11.92 11.92 11.92 11.92 11.92 11.92 17.81 19.91 16.61 16.61 16.61 16.61 16.61 16.61 16.61 16.61 16.61 16.61 16.61 99999.90 99999.90 99999.90 99999.90 99999.90 99999.90 99999.90 99999.90 99999.90 99999.90 17.60 17.60 17.60 17.60 17.60 17.60 17.60 17.60 17.60 17.39 17.39 14.30 14.30 14.30 14.30 14.30 14.30 14.30 14.30 19.09 19.09 11.34 11.34 11.34 11.34 11.34 12.54 12.54 16.91 16.91 16.91 16.91
14.83 14.83 14.83 14.83 14.83 14.83 14.83 14.83 14.83 7.76 7.76 7.76 7.76 7.76 10.52 11.92 11.92 11.92 11.92 11.92 11.92 19.91 19.91 19.91 16.61 16.61 16.61 16.61 16.61 16.61 16.61 16.61 16.61 16.61 16.61 99999.90 99999.90 99999.90 99999.90 99999.90 99999.90 99999.90 99999.90 99999.90 99999.90 99999.90 99999.90 99999.90 99999.90 99999.90 19.48 17.39 17.39 17.39 17.39 14.30 14.30 14.30 14.30 14.30 14.30 14.30 14.30 14.30 11.34 11.34 11.34 11.34 11.34 11.34 11.34 12.54 12.54 12.54 16.91 16.91 16.91
14.83 14.83 14.83 14.83 14.83 14.83 14.83 14.83 14.83 7.76 7.76 7.76 7.76 7.76 10.52 11.92 11.92 11.92 19.91 19.91 19.91 19.91 19.91 19.91 16.61 16.61 16.61 16.61 16.61 16.61 16.61 16.61 16.61 16.61 16.61 99999.90 99999.90 99999.90 99999.90 99999.90 99999.90 99999.90 99999.90 99999.90 99999.90 99999.90 99999.90 99999.90 99999.90 99999.90 99999.90 17.39 17.39 17.39 14.30 14.30 14.30 14.30 14.30 14.30 14.30 14.30 14.30 11.34 11.34 11.34 11.34 11.34 11.34 11.34 11.34 12.54 12.54 12.54 12.54 16.91 16.91
99999.90 99999.90 99999.90 7.76 7.76 7.76 7.76 7.76 7.76 7.76 7.76 7.76 7.76 7.76 10.52 11.92 19.91 19.91 19.91 19.91 19.91 19.91 19.91 19.91 16.61 16.61 16.61 16.61 16.61 16.61 16.61 16.61 16.61 16.61 16.61 99999.90 99999.90 99999.90 99999.90 99999.90 99999.90 99999.90 99999.90 99999.90 99999.90 99999.90 99999.90 99999.90 99999.90 99999.90 99999.90 17.39 17.39 14.30 14.30 14.30 14.30 14.30 14.30 14.30 14.30 14.30 11.34 11.34 11.34 11.34 11.34 11.34 11.34 11.34 11.34 12.54 12.54 12.54 12.54 12.54 16.91
99999.90 99999.90 99999.90 99999.90 99999.90 99999.90 99999.90 99999.90 99999.90 99999.90 99999.90 21.59 21.59 21.59 21.56 21.56 19.91 19.91 19.91 19.91 19.91 19.91 19.91 19.91 16.61 16.61 16.61 16.61 16.61 16.61 16.61 16.61 16.61 16.61 16.61 99999.90 99999.90 99999.90 99999.90 99999.90 99999.90 99999.90 99999.90 99999.90 99999.90 99999.90 99999.90 99999.90 99999.90 99999.90 99999.90 99999.90 14.30 14.30 14.30 14.30 14.30 14.30 14.30 14.30 14.30 14.30 11.34 11.34 11.34 11.34 11.34 11.34 11.34 11.34 11.34 12.54 12.54 12.54 12.54 12.54 12.54
99999.90 99999.90 99999.90 99999.90 99999.90 99999.90 99999.90 99999.90 99999.90 99999.90 22.79 21.59 21.59 21.59 21.59 21.56 21.56 19.91 19.91 19.91 19.91 19.91 19.91 19.91 16.61 16.61 16.61 16.61 16.61 16.61 16.61 16.61 16.61 16.61 16.61 99999.90 99999.90 99999.90 99999.90 99999.90 99999.90 99999.90 99999.90 99999.90 99999.90 99999.90 99999.90 99999.90 99999.90 99999.90 99999.90 99999.90 99999.90 99999.90 99999.90 99999.90 99999.90 99999.90 19.13 19.09 11.34 11.34 11.34 11.34 11.34 11.34 11.34 11.34 11.34 11.34 11.34 12.54 12.54 12.54 12.54 12.54 12.54
99999.90 99999.90 99999.90 99999.90 99999.90 99999.90 99999.90 99999.90 99999.90 99999.90 22.79 21.59 21.59 21.59 21.59 21.59 21.56 21.56 19.91 19.91 19.91 19.91 19.91 19.91 16.61 16.61 16.61 16.61 16.61 16.61 16.61 16.61 16.61 16.61 16.61 17.10 99999.90 99999.90 99999.90 99999.90 99999.90 99999.90 99999.90 99999.90 99999.90 99999.90 99999.90 99999.90 99999.90 99999.90 99999.90 99999.90 99999.90 99999.90 99999.90 99999.90 99999.90 99999.90 99999.90 19.09 11.34 11.34 11.34 11.34 11.34 11.34 11.34 11.34 11.34 11.34 11.34 12.54 12.54 12.54 12.54 12.54 12.54
99999.90 99999.90 99999.90 99999.90 99999.90 99999.90 99999.90 99999.90 99999.90 99999.90 22.79 21.59 21.59 21.59 21.59 21.59 21.59 21.56 21.56 19.91 19.91 19.91 19.91 19.91 16.61 16.61 16.61 16.61 16.61 16.61 16.61 16.61 16.61 16.61 16.61 17.10 99999.90 99999.90 99999.90 99999.90 99999.90 99999.90 99999.90 99999.90 99999.90 99999.90 99999.90 99999.90 99999.90 99999.90 99999.90 99999.90 99999.90 99999.90 99999.90 99999.90 99999.90 99999.90 99999.90 19.09 11.34 11.34 11.34 11.34 11.34 11.34 11.34 11.34 11.34 11.34 11.34 12.54 12.54 12.54 12.54 12.54 12.54
99999.90 99999.90 99999.90 99999.90 99999.90 99999.90 99999.90 99999.90 99999.90 99999.90 22.79 21.59 21.59 21.59 21.59 21.59 21.59 21.59 21.56 21.56 19.91 19.91 19.91 19.91 16.61 16.61 16.61 16.61 16.61 16.61 16.61 16.61 16.61 16.61 16.61 17.10 99999.90 99999.90 99999.90 99999.90 99999.90 99999.90 99999.90 99999.90 99999.90 99999.90 99999.90 99999.90 99999.90 99999.90 99999.90 99999.90 99999.90 99999.90 99999.90 99999.90 99999.90 99999.90 99999.90 99999.90 11.34 11.34 11.34 11.34 11.34 11.34 11.34 11.34 11.34 11.34 11.34 12.54 12.54 12.54 12.54 12.54 12.54
99999.90 99999.90 99999.90 99999.90 99999.90 99999.90 99999.90 99999.90 99999.90 99999.90 22.79 21.59 21.59 21.59 21.59 21.59 21.59 21.59 21.59 21.56 21.56 19.91 19.91 19.91 16.61 16.61 16.61 16.61 16.61 16.61 16.61 16.61 16.61 16.61 16.61 17.10 99999.90 99999.90 99999.90 99999.90 99999.90 99999.90 99999.90 99999.90 99999.90 99999.90 99999.90 99999.90 99999.90 99999.90 99999.90 99999.90 99999.90 99999.90 99999.90 99999.90 99999.90 99999.90 99999.90 99999.90 11.34 11.34 11.34 11.34 11.34 11.34 11.34 11.34 11.34 11.34 11.34 12.54 12.54 12.54 12.54 12.54 12.54
99999.90 99999.90 99999.90 99999.90 99999.90 99999.90 99999.90 99999.90 99999.90 99999.90 22.79 21.59 21.59 21.59 21.59 21.59 21.59 21.59 21.59 21.59 21.56 21.56 19.91 19.91 16.61 16.61 16.61 16.61 16.61 16.61 16.61 16.61 16.61 16.61 16.61 17.10 99999.90 99999.90 99999.90 99999.90 99999.90 99999.90 99999.90 99999.90 99999.90 99999.90 99999.90 99999.90 99999.90 99999.90 99999.90 99999.90 99999.90 99999.90 99999.90 99999.90 99999.90 99999.90 99999.90 99999.90 99999.90 99999.90 99999.90 99999.90 99999.90 99999.90 99999.90 99999.90 99999.90 99999.90 99999.90 99999.90 99999.90 99999.90 99999.90 99999.90 99999.90
99999.90 99999.90 99999.90 99999.90 99999.90 99999.90 99999.90 99999.90 99999.90 99999.90 22.79 22.79 22.79 21.59 21.59 21.59 21.59 21.59 21.59 21.59 21.59 21.56 21.56 17.51 15.68 15.68 15.68 15.68 15.68 15.68 15.68 15.68 15.68 15.68 15.68 17.10 99999.90 99999.90 99999.90 99999.90 99999.90 99999.90 99999.90 99999.90 99999.90 99999.90 99999.90 99999.90 99999.90 99999.90 99999.90 99999.90 99999.90 99999.90 99999.90 99999.90 99999.90 99999.90 99999.90 99999.90 99999.90 99999.90 99999.90 99999.90 99999.90 99999.90 99999.90 99999.90 99999.90 99999.90 99999.90 99999.90 99999.90 99999.90 99999.90 99999.90 99999.90
99999.90 99999.90 99999.90 99999.90 99999.90 99999.90 99999.90 99999.90 99999.90 99999.90 22.79 22.79 22.79 22.79 22.79 22.79 21.59 21.59 21.59 21.59 21.59 21.59 21.01 15.77 11.85 11.85 11.85 11.85 11.85 11.85 11.85 11.85 11.85 17.10 17.10 17.10 99999.90 99999.90 99999.90 99999.90 99999.90 99999.90 99999.90 99999.90 99999.90 99999.90 99999.90 99999.90 99999.90 99999.90 99999.90 99999.90 99999.90 99999.90 99999.90 99999.90 99999.90 99999.90 99999.90 99999.90 99999.90 99999.90 99999.90 99999.90 99999.90 99999.90 99999.90 99999.90 99999.90 99999.90 99999.90 99999.90 99999.90 99999.90 99999.90 99999.90 99999.90
99999.90 99999.90 99999.90 99999.90 99999.90 99999.90 99999.90 99999.90 99999.90 99999.90 22.79 22.79 22.79 22.79 22.79 22.79 22.79 22.79 22.79 23.50 23.50 23.50 22.43 15.06 14.72 14.72 14.72 14.72 14.72 14.72 17.10 17.10 17.10 17.10 17.10 17.10 99999.90 99999.90 99999.90 99999.90 99999.90 99999.90 99999.90 99999.90 99999.90 99999.90 99999.90 99999.90 99999.90 99999.90 99999.90 99999.90 99999.90 99999.90 99999.90 99999.90 99999.90 99999.90 99999.90 99999.90 99999.90 99999.90 99999.90 99999.90 99999.90 99999.90 99999.90 99999.90 99999.90 99999.90 99999.90 99999.90 99999.90 99999.90 99999.90 99999.90 99999.90
99999.90 99999.90 99999.90 99999.90 99999.90 99999.90 99999.90 99999.90 99999.90 99999.90 22.79 22.79 22.79 22.79 22.79 22.79 22.79 22.79 22.79 22.79 23.59 23.59 21.24 17.06 16.44 16.44 16.44 17.10 17.10 17.10 17.10 17.10 17.10 17.10 17.10 17.10 99999.90 99999.90 99999.90 99999.90 99999.90 99999.90 99999.90 99999.90 99999.90 99999.90 99999.90 99999.90 99999.90 99999.90 99999.90 99999.90 99999.90 99999.90 99999.90 99999.90 99999.90 99999.90 99999.90 99999.90 99999.90 99999.90 99999.90 99999.90 99999.90 99999.90 99999.90 99999.90 99999.90 99999.90 99999.90 99999.90 99999.90 99999.90 99999.90 99999.90 99999.90
99999.90 99999.90 99999.90 99999.90 99999.90 99999.90 99999.90 99999.90 99999.90 99999.90 22.79 22.79 22.79 22.79 22.79 22.79 22.79 22.79 22.79 22.79 22.79 22.52 19.55 16.69 16.43 16.43 17.10 17.10 17.10 17.10 17.10 17.10 17.10 17.10 17.10 17.10 99999.90 99999.90 99999.90 99999.90 99999.90 99999.90 99999.90 99999.90 99999.90 99999.90 99999.90 99999.90 99999.90 99999.90 99999.90 99999.90 99999.90 99999.90 99999.90 99999.90 99999.90 99999.90 99999.90 99999.90 99999.90 99999.90 99999.90 99999.90 99999.90 99999.90 99999.90 99999.90 99999.90 99999.90 99999.90 99999.90 99999.90 99999.90 99999.90 99999.90 99999.90
99999.90 99999.90 99999.90 99999.90 99999.90 99999.90 99999.90 99999.90 99999.90 99999.90 22.79 22.79 22.79 22.79 22.79 22.79 22.79 22.79 22.79 22.79 22.79 21.64 17.78 15.41 16.51 17.10 17.10 17.10 17.10 17.10 17.10 17.10 17.10 17.10 17.10 17.10 24.04 24.04 24.04 24.04 24.04 24.04 24.04 24.04 24.04 24.04 24.04 24.04 24.04 24.04 24.04 24.04 99999.90 99999.90 99999.90 99999.90 99999.90 99999.90 99999.90 99999.90 99999.90 99999.90 99999.90 99999.90 99999.90 99999.90 99999.90 99999.90 99999.90 99999.90 99999.90 99999.90 99999.90 99999.90 99999.90 99999.90 99999.90
99999.90 99999.90 99999.90 99999.90 99999.90 99999.90 99999.90 99999.90 99999.90 99999.90 22.79 22.79 22.79 22.79 22.79 22.79 22.79 22.79 22.79 20.17 20.17 20.17 16.88 15.55 16.07 20.31 20.31 20.31 20.31 20.31 20.31 20.31 20.31 20.31 20.31 20.31 22.40 24.04 24.04 24.04 24.04 24.04 24.04 24.04 24.04 24.04 24.04 24.04 24.04 24.04 24.04 24.04 99999.90 99999.90 99999.90 99999.90 99999.90 99999.90 99999.90 99999.90 99999.90 99999.90 99999.90 99999.90 99999.90 99999.90 99999.90 99999.90 99999.90 99999.90 99999.90 99999.90 99999.90 99999.90 99999.90 99999.90 99999.90
99999.90 99999.90 99999.90 99999.90 99999.90 99999.90 99999.90 99999.90 99999.90 99999.90 22.79 22.79 22.79 22.79 22.79 22.79 22.79 20.54 20.54 20.54 20.54 20.54 19.58 20.14 16.07 20.31 20.31 20.31 20.31 20.31 20.31 20.31 20.31 20.31 20.31 22.40 22.40 24.04 24.04 24.04 24.04 24.04 24.04 24.04 24.04 24.04 24.04 24.04 24.04 24.04 24.04 24.04 99999.90 99999.90 99999.90 99999.90 99999.90 99999.90 99999.90 99999.90 99999.90 99999.90 99999.90 99999.90 99999.90 99999.90 99999.90 99999.90 99999.90 99999.90 99999.90 99999.90 99999.90 99999.90 99999.90 99999.90 99999.90
99999.90 99999.90 99999.90 99999.90 99999.90 99999.90 99999.90 99999.90 99999.90 99999.90 22.79 22.79 22.79 22.06 22.06 22.06 22.06 22.06 22.06 22.06 22.06 22.06 22.05 20.14 20.14 20.31 20.31 20.31 20.31 20.31 20.31 20.31 20.31 20.31 22.40 22.40 22.40 24.04 24.04 24.04 24.04 24.04 24.04 24.04 24.04 24.04 24.04 24.04 24.04 24.04 24.04 24.04 99999.90 99999.90 99999.90 99999.90 99999.90 99999.90 99999.90 99999.90 99999.90 99999.90 99999.90 99999.90 99999.90 99999.90 99999.90 99999.90 99999.90 99999.90 99999.90 99999.90 99999.90 99999.90 99999.90 99999.90 99999.90
99999.90 99999.90 99999.90 99999.90 99999.90 99999.90 99999.90 99999.90 99999.90 99999.90 22.79 22.06 22.06 22.06 22.06 22.06 22.06 22.06 22.06 22.06 22.06 22.06 22.05 22.05 20.14 20.14 20.31 20.31 20.31 20.31 20.31 20.31 20.31 20.31 22.40 22.40 22.40 22.40 24.04 24.04 24.04 24.04 24.04 24.04 24.04 24.04 24.04 24.04 24.04 24.04 24.04 24.04 99999.90 99999.90 99999.90 99999.90 99999.90 99999.90 99999.90 99999.90 99999.90 99999.90 99999.90 99999.90 99999.90 99999.90 99999.90 99999.90 99999.90 99999.90 99999.90 99999.90 99999.90 99999.90 99999.90 99999.90 99999.90
99999.90 99999.90 99999.90 99999.90 99999.90 99999.90 99999.90 99999.90 99999.90 99999.90 22.79 22.06 22.06 22.06 22.06 22.06 22.06 22.06 22.06 22.06 22.06 22.06 22.05 22.05 22.05 20.14 20.31 20.31 20.31 20.31 20.31 20.31 20.31 22.40 22.40 22.40 22.40 22.40 24.04 24.04 24.04 24.04 24.04 24.04 24.04 24.04 24.04 24.04 24.04 24.04 24.04 24.04 99999.90 99999.90 99999.90 99999.90 99999.90 99999.90 99999.90 99999.90 99999.90 99999.90 99999.90 99999.90 99999.90 99999.90 99999.90 99999.90 99999.90 99999.90 99999.90 99999.90 99999.90 99999.90 99999.90 99999.90 99999.90
99999.90 99999.90 99999.90 99999.90 99999.90 99999.90 99999.90 99999.90 99999.90 99999.90 22.79 22.06 22.06 22.06 22.06 22.06 22.06 22.06 22.06 22.06 22.06 22.06 22.05 22.05 22.05 22.05 20.14 20.31 20.31 20.31 20.31 20.31 22.40 22.40 22.40 22.40 22.40 22.40 24.04 24.04 24.04 24.04 24.04 24.04 24.04 24.04 24.04 24.04 24.04 24.04 24.04 24.04 99999.90 99999.90 99999.90 99999.90 99999.90 99999.90 99999.90 99999.90 99999.90 99999.90 99999.90 99999.90 99999.90 99999.90 99999.90 99999.90 99999.90 99999.90 99999.90 99999.90 99999.90 99999.90 99999.90 99999.90 99999.90
99999.90 99999.90 99999.90 99999.90 99999.90 99999.90 99999.90 99999.90 99999.90 99999.90 22.79 22.06 22.06 22.06 22.06 22.06 22.06 22.06 22.06 22.06 22.06 22.06 22.05 22.05 22.05 22.05 22.05 20.31 20.31 20.31 20.31 22.40 22.40 22.40 22.40 22.40 22.40 22.40 22.40 24.04 24.04 24.04 24.04 24.04 24.04 24.04 24.04 24.04 24.04 24.04 24.04 24.04 19.68 19.68 99999.90 99999.90 99999.90 99999.90 99999.90 99999.90 99999.90 99999.90 99999.90 99999.90 99999.90 99999.90 99999.90 99999.90 99999.90 99999.90 99999.90 99999.90 99999.90 99999.90 99999.90 99999.90 99999.90
99999.90 99999.90 99999.90 99999.90 99999.90 99999.90 99999.90 99999.90 99999.90 99999.90 22.79 22.06 22.06 22.06 22.06 22.06 22.06 22.06 22.06 22.06 22.06 22.06 22.05 22.05 22.05 22.05 22.05 22.05 20.31 20.31 22.40 22.40 22.40 22.40 22.40 22.40 22.40 22.40 22.40 24.04 24.04 24.04 24.04 24.04 24.04 24.04 24.04 24.04 24.04 24.04 24.04 24.04 19.87 19.87 19.87 19.87 19.87 19.87 19.87 19.87 99999.90 99999.90 99999.90 99999.90 99999.90 99999.90 99999.90 99999.90 99999.90 99999.90 99999.90 99999.90 99999.90 99999.90 99999.90 99999.90 99999.90
99999.90 99999.90 99999.90 99999.90 99999.90 99999.90 99999.90 99999.90 99999.90 99999.90 22.79 22.06 22.06 22.06 22.06 22.06 22.06 22.06 22.06 22.06 22.06 22.06 22.05 22.05 22.05 22.05 22.05 22.05 22.05 20.31 22.40 22.40 22.40 22.40 22.40 22.40 22.40 22.40 22.40 24.04 24.04 24.04 24.04 24.04 24.04 24.04 24.04 24.04 24.04 24.04 24.04 19.87 19.87 19.87 24.05 24.05 24.05 24.05 24.05 24.05 24.05 24.05 24.05 24.05 99999.90 99999.90 99999.90 99999.90 99999.90 99999.90 99999.90 99999.90 99999.90 99999.90 99999.90 99999.90 99999.90
99999.90 99999.90 99999.90 99999.90 99999.90 99999.90 99999.90 99999.90 99999.90 99999.90 99999.90 22.06 22.06 22.06 22.06 22.06 22.06 22.06 22.06 22.06 22.06 22.06 22.05 22.05 22.05 22.05 22.05 22.05 22.05 22.40 22.40 22.40 22.40 22.40 22.40 22.40 22.40 22.40 22.40 22.40 24.04 24.04 24.04 24.04 24.04 24.04 24.04 24.04 24.04 24.04 19.87 19.87 19.87 19.87 24.05 24.05 24.05 24.05 24.05 25.51 25.51 25.51 25.51 25.51 25.51 25.51 99999.90 99999.90 99999.90 99999.90 99999.90 99999.90 99999.90 99999.90 99999.90 99999.90 99999.90
99999.90 99999.90 99999.90 99999.90 99999.90 99999.90 99999.90 99999.90 99999.90 99999.90 99999.90 22.06 22.06 22.06 22.06 22.06 22.06 22.06 22.06 22.06 22.06 22.06 22.05 22.05 22.05 22.05 22.05 22.05 21.74 21.74 22.40 22.40 22.40 22.40 22.40 22.40 22.40 22.40 22.40 22.40 24.04 24.04 24.04 24.04 24.04 24.04 24.04 24.04 21.19 19.87 19.87 19.87 19.87 24.05 24.05 24.05 24.05 24.05 24.05 25.51 25.51 26.40 26.40 26.40 26.40 26.40 26.40 26.40 99999.90 99999.90 99999.90 99999.90 99999.90 99999.90 99999.90 99999.90 99999.90
99999.90 99999.90 99999.90 99999.90 99999.90 99999.90 99999.90 99999.90 99999.90 99999.90 99999.90 22.06 22.06 22.06 22.06 22.06 22.06 22.06 22.06 22.06 22.06 22.06 22.05 22.05 22.05 22.05 22.05 22.05 21.74 21.74 21.74 21.74 21.74 21.74 22.40 22.40 22.40 22.40 22.40 22.40 24.04 24.04 24.04 24.04 24.04 24.04 24.04 20.41 21.19 19.87 19.87 19.87 19.87 24.05 24.05 24.05 24.05 24.05 25.51 25.51 25.51 26.40 26.40 26.80 26.80 26.80 26.80 26.80 26.80 26.80 99999.90 22.40 22.40 22.40 22.40 22.40 22.40
99999.90 99999.90 99999.90 99999.90 99999.90 99999.90 99999.90 99999.90 99999.90 99999.90 99999.90 22.06 22.06 22.06 22.06 22.06 22.06 22.06 22.06 22.06 22.06 22.06 22.05 22.05 22.05 22.05 22.05 21.74 21.74 21.74 21.74 21.74 21.74 21.74 21.74 21.74 21.74 21.74 22.40 22.40 21.28 21.28 21.28 21.28 21.28 21.28 19.68 20.41 21.19 19.87 19.87 19.87 19.87 24.05 24.05 24.05 24.05 24.05 25.51 25.51 26.40 26.40 26.40 26.80 26.28 26.28 26.28 26.28 26.28 26.28 26.28 25.12 25.12 25.12 25.12 25.12 25.12
