main/data/irradiance/03.05.2023.grid
ncols 839
nrows 679
xllcenter 112.0500
yllcenter -43.9500
cellsize 0.0500
nodata_value 99999.90
[rows 306 to 339 of 679, columns 462 to 538 of 839]
17.79 17.74 17.61 17.60 17.80 17.84 17.72 17.83 17.83 17.75 17.67 17.67 17.79 17.79 17.67 17.62 17.69 17.64 17.53 17.43 17.40 17.49 17.61 17.69 17.67 17.74 17.76 17.67 17.75 17.70 17.73 17.65 17.72 17.80 17.74 17.68 17.76 17.85 17.81 17.80 17.82 17.82 17.83 17.85 17.85 17.79 17.80 17.81 17.84 17.81 17.84 17.82 17.85 17.88 17.89 17.89 17.88 17.81 17.83 17.82 17.87 17.82 17.84 17.81 17.80 17.86 17.86 17.91 17.98 18.01 17.96 17.91 17.89 17.85 17.92 17.95 17.91
17.71 17.74 17.75 17.67 17.66 17.80 17.85 17.83 17.80 17.70 17.59 17.61 17.68 17.64 17.67 17.68 17.68 17.67 17.47 17.49 17.58 17.50 17.54 17.55 17.60 17.72 17.59 17.56 17.71 17.65 17.69 17.71 17.75 17.76 17.81 17.78 17.75 17.66 17.68 17.67 17.72 17.78 17.75 17.77 17.81 17.79 17.82 17.85 17.82 17.80 17.83 17.85 17.85 17.82 17.82 17.80 17.81 17.84 17.91 17.89 17.88 17.86 17.78 17.78 17.82 17.83 17.77 17.79 17.87 18.00 17.98 17.96 17.87 17.87 17.87 17.92 17.89
17.76 17.66 17.65 17.73 17.75 17.79 17.80 17.76 17.73 17.66 17.68 17.59 17.58 17.72 17.74 17.67 17.71 17.74 17.59 17.52 17.57 17.64 17.63 17.64 17.68 17.59 17.54 17.71 17.73 17.75 17.72 17.78 17.78 17.77 17.79 17.77 17.67 17.74 17.74 17.75 17.78 17.80 17.74 17.79 17.78 17.79 17.75 17.83 17.82 17.78 17.78 17.88 17.86 17.86 17.82 17.81 17.87 17.89 17.92 17.89 17.90 17.89 17.83 17.78 17.85 17.79 17.78 17.73 17.80 17.97 17.99 17.95 17.89 17.82 17.84 17.94 17.79
17.65 17.71 17.77 17.76 17.63 17.60 17.58 17.70 17.65 17.69 17.72 17.76 17.74 17.64 17.63 17.62 17.64 17.74 17.72 17.66 17.69 17.66 17.61 17.70 17.76 17.75 17.65 17.62 17.69 17.77 17.75 17.75 17.74 17.75 17.80 17.73 17.72 17.74 17.75 17.78 17.78 17.79 17.79 17.75 17.76 17.75 17.72 17.77 17.79 17.85 17.81 17.84 17.83 17.87 17.86 17.83 17.84 17.81 17.84 17.87 17.83 17.82 17.77 17.78 17.82 17.70 17.64 17.68 17.76 17.85 17.97 17.98 17.88 17.85 17.89 17.85 17.84
17.77 17.69 17.70 17.71 17.74 17.49 17.44 17.59 17.59 17.61 17.65 17.70 17.66 17.59 17.61 17.63 17.72 17.75 17.65 17.63 17.51 17.60 17.64 17.71 17.70 17.73 17.77 17.76 17.74 17.73 17.71 17.70 17.69 17.75 17.78 17.74 17.75 17.75 17.75 17.77 17.77 17.78 17.76 17.70 17.68 17.75 17.77 17.75 17.81 17.83 17.84 17.83 17.82 17.82 17.81 17.82 17.83 17.82 17.82 17.77 17.77 17.78 17.77 17.75 17.77 17.73 17.62 17.71 17.69 17.71 17.91 17.97 17.85 17.82 17.79 17.81 17.91
17.74 17.69 17.68 17.76 17.73 17.72 17.53 17.52 17.49 17.54 17.69 17.67 17.78 17.71 17.61 17.50 17.54 17.64 17.59 17.61 17.60 17.60 17.55 17.52 17.59 17.73 17.74 17.67 17.63 17.64 17.67 17.68 17.69 17.71 17.73 17.74 17.80 17.80 17.76 17.76 17.75 17.73 17.77 17.80 17.82 17.73 17.81 17.81 17.78 17.77 17.77 17.80 17.81 17.81 17.79 17.84 17.84 17.85 17.86 17.84 17.79 17.79 17.78 17.79 17.76 17.71 17.70 17.73 17.75 17.79 17.87 17.90 17.83 17.88 17.88 17.82 17.77
17.71 17.71 17.74 17.75 17.75 17.69 17.69 17.44 17.57 17.58 17.68 17.64 17.76 17.67 17.58 17.56 17.58 17.59 17.59 17.57 17.60 17.52 17.57 17.57 17.55 17.62 17.66 17.64 17.64 17.68 17.69 17.69 17.72 17.74 17.75 17.74 17.78 17.78 17.78 17.72 17.73 17.76 17.76 17.76 17.77 17.79 17.78 17.76 17.80 17.77 17.77 17.79 17.82 17.83 17.84 17.78 17.78 17.79 17.78 17.77 17.77 17.74 17.69 17.68 17.68 17.72 17.75 17.77 17.74 17.76 17.79 17.83 17.87 17.89 17.87 17.85 17.82
17.63 17.64 17.68 17.74 17.71 17.62 17.64 17.64 17.73 17.64 17.56 17.72 17.73 17.61 17.59 17.62 17.62 17.61 17.54 17.49 17.55 17.64 17.58 17.55 17.51 17.49 17.61 17.69 17.69 17.70 17.68 17.69 17.68 17.67 17.71 17.70 17.72 17.71 17.69 17.73 17.75 17.72 17.70 17.69 17.73 17.74 17.75 17.74 17.76 17.73 17.74 17.79 17.81 17.82 17.82 17.81 17.80 17.78 17.77 17.76 17.75 17.69 17.67 17.68 17.71 17.70 17.68 17.73 17.74 17.71 17.74 17.83 17.87 17.87 17.85 17.83 17.83
17.69 17.64 17.60 17.70 17.72 17.65 17.60 17.65 17.66 17.66 17.56 17.52 17.45 17.51 17.48 17.48 17.44 17.57 17.55 17.50 17.54 17.58 17.52 17.46 17.35 17.48 17.58 17.61 17.68 17.70 17.66 17.71 17.71 17.71 17.72 17.64 17.68 17.71 17.69 17.69 17.72 17.72 17.72 17.71 17.72 17.72 17.74 17.74 17.74 17.76 17.69 17.79 17.77 17.77 17.75 17.78 17.79 17.78 17.78 17.79 17.75 17.75 17.73 17.70 17.68 17.68 17.72 17.72 17.68 17.71 17.75 17.83 17.87 17.86 17.87 17.84 17.84
17.64 17.48 17.47 17.60 17.68 17.66 17.67 17.68 17.65 17.73 17.73 17.67 17.55 17.53 17.63 17.69 17.48 17.33 17.43 17.57 17.61 17.64 17.64 17.57 17.53 17.51 17.37 17.57 17.70 17.67 17.67 17.68 17.71 17.73 17.73 17.70 17.69 17.71 17.71 17.70 17.68 17.69 17.68 17.70 17.71 17.67 17.69 17.72 17.74 17.74 17.73 17.72 17.73 17.74 17.73 17.74 17.72 17.73 17.77 17.70 17.78 17.71 17.71 17.73 17.68 17.70 17.74 17.67 17.71 17.73 17.74 17.80 17.85 17.84 17.85 17.84 17.85
17.64 17.59 17.46 17.65 17.63 17.55 17.68 17.68 17.66 17.71 17.74 17.68 17.57 17.58 17.62 17.48 17.41 17.23 17.33 17.58 17.63 17.68 17.65 17.56 17.58 17.59 17.56 17.53 17.61 17.63 17.67 17.69 17.63 17.66 17.64 17.68 17.70 17.66 17.70 17.70 17.66 17.62 17.63 17.61 17.61 17.56 17.63 17.68 17.70 17.71 17.70 17.65 17.72 17.72 17.71 17.73 17.59 17.63 17.71 17.70 17.70 17.69 17.68 17.70 17.75 17.74 17.72 17.68 17.71 17.69 17.73 17.84 17.82 17.81 17.82 17.80 17.80
17.43 17.50 17.60 17.51 17.49 17.46 17.50 17.64 17.62 17.59 17.66 17.61 17.45 17.50 17.53 17.58 17.51 17.33 17.47 17.66 17.66 17.62 17.60 17.62 17.59 17.58 17.54 17.56 17.64 17.67 17.69 17.69 17.62 17.62 17.57 17.56 17.61 17.66 17.65 17.66 17.65 17.58 17.61 17.61 17.53 17.50 17.61 17.66 17.64 17.69 17.70 17.72 17.70 17.70 17.69 17.67 17.67 17.62 17.66 17.65 17.67 17.69 17.69 17.72 17.74 17.73 17.72 17.71 17.71 17.65 17.63 17.72 17.81 17.79 17.75 17.75 17.73
17.50 17.61 17.64 17.61 17.40 17.56 17.62 17.60 17.57 17.64 17.64 17.63 17.62 17.66 17.65 17.64 17.46 17.40 17.48 17.49 17.60 17.63 17.63 17.63 17.55 17.57 17.58 17.60 17.65 17.63 17.62 17.48 17.52 17.61 17.56 17.65 17.59 17.64 17.67 17.67 17.61 17.55 17.58 17.60 17.51 17.44 17.51 17.59 17.61 17.63 17.62 17.72 17.68 17.67 17.68 17.66 17.59 17.50 17.66 17.66 17.67 17.65 17.64 17.66 17.69 17.68 17.68 17.68 17.70 17.67 17.64 17.68 17.81 17.78 17.76 17.77 17.74
17.55 17.62 17.56 17.60 17.58 17.53 17.54 17.61 17.60 17.52 17.51 17.57 17.58 17.57 17.55 17.54 17.58 17.49 17.58 17.36 17.39 17.57 17.59 17.52 17.56 17.56 17.60 17.58 17.56 17.56 17.56 17.41 17.47 17.52 17.56 17.65 17.65 17.67 17.67 17.67 17.62 17.57 17.64 17.64 17.53 17.54 17.61 17.51 17.48 17.53 17.57 17.54 17.59 17.62 17.63 17.62 17.65 17.66 17.60 17.68 17.67 17.66 17.64 17.62 17.65 17.62 17.65 17.68 17.70 17.69 17.70 17.74 17.81 17.78 17.79 17.75 17.73
17.54 17.59 17.61 17.59 17.54 17.51 17.47 17.52 17.56 17.59 17.50 17.54 17.57 17.57 17.59 17.59 17.52 17.55 17.60 17.52 17.48 17.42 17.59 17.51 17.57 17.40 17.52 17.58 17.60 17.59 17.46 17.49 17.50 17.51 17.61 17.59 17.63 17.63 17.67 17.67 17.64 17.60 17.64 17.63 17.56 17.59 17.65 17.64 17.50 17.58 17.55 17.52 17.50 17.52 17.49 17.54 17.71 17.72 17.66 17.68 17.70 17.66 17.65 17.61 17.57 17.58 17.51 17.64 17.69 17.70 17.73 17.72 17.76 17.77 17.77 17.74 17.74
17.51 17.56 17.52 17.57 17.57 17.54 17.50 17.56 17.56 17.58 17.56 17.53 17.58 17.60 17.56 17.55 17.58 17.51 17.55 17.55 17.56 17.41 17.58 17.55 17.57 17.49 17.41 17.45 17.58 17.59 17.59 17.60 17.59 17.55 17.54 17.58 17.59 17.57 17.58 17.54 17.57 17.57 17.62 17.62 17.57 17.60 17.64 17.65 17.64 17.62 17.60 17.61 17.47 17.48 17.55 17.51 17.51 17.64 17.60 17.57 17.65 17.64 17.64 17.65 17.59 17.60 17.55 17.56 17.64 17.73 17.73 17.73 17.74 17.73 17.74 17.74 17.71
17.53 17.53 17.50 17.52 17.57 17.54 17.49 17.55 17.55 17.54 17.51 17.53 17.48 17.54 17.56 17.49 17.35 17.41 17.48 17.57 17.47 17.46 17.54 17.53 17.54 17.53 17.46 17.40 17.49 17.55 17.55 17.54 17.53 17.44 17.42 17.42 17.54 17.58 17.58 17.57 17.56 17.56 17.58 17.60 17.61 17.60 17.59 17.60 17.62 17.62 17.62 17.59 17.60 17.56 17.49 17.41 17.47 17.55 17.55 17.53 17.62 17.60 17.60 17.62 17.53 17.52 17.52 17.52 17.59 17.70 17.69 17.69 17.67 17.73 17.72 17.73 17.66
17.48 17.46 17.48 17.50 17.50 17.53 17.54 17.54 17.52 17.46 17.51 17.52 17.47 17.45 17.49 17.52 17.49 17.51 17.50 17.55 17.55 17.51 17.50 17.53 17.53 17.53 17.52 17.49 17.50 17.45 17.55 17.55 17.51 17.50 17.50 17.42 17.46 17.57 17.57 17.57 17.55 17.53 17.53 17.54 17.58 17.56 17.63 17.62 17.61 17.61 17.60 17.59 17.60 17.59 17.53 17.46 17.43 17.54 17.50 17.52 17.60 17.59 17.56 17.58 17.55 17.53 17.53 17.52 17.67 17.68 17.67 17.66 17.65 17.63 17.65 17.53 17.67
17.45 17.43 17.41 17.47 17.47 17.49 17.50 17.50 17.51 17.50 17.47 17.51 17.53 17.53 17.52 17.54 17.51 17.48 17.46 17.55 17.53 17.54 17.52 17.53 17.52 17.52 17.52 17.51 17.51 17.47 17.43 17.51 17.52 17.55 17.55 17.55 17.53 17.53 17.54 17.52 17.54 17.45 17.49 17.50 17.54 17.56 17.59 17.63 17.60 17.61 17.62 17.61 17.61 17.58 17.57 17.42 17.45 17.48 17.56 17.57 17.56 17.54 17.57 17.58 17.56 17.55 17.55 17.46 17.64 17.66 17.67 17.67 17.68 17.65 17.60 17.48 17.64
17.45 17.46 17.41 17.39 17.41 17.44 17.46 17.44 17.46 17.50 17.52 17.51 17.50 17.50 17.49 17.50 17.48 17.51 17.50 17.47 17.52 17.51 17.52 17.45 17.48 17.49 17.49 17.49 17.50 17.52 17.50 17.51 17.52 17.53 17.47 17.47 17.54 17.54 17.48 17.42 17.54 17.55 17.50 17.50 17.51 17.49 17.51 17.55 17.59 16.68 17.57 17.53 17.21 17.52 17.59 17.60 17.52 17.61 17.54 17.58 17.52 17.42 17.41 17.50 17.53 17.55 17.55 17.54 17.58 17.58 17.64 17.64 17.65 17.63 17.60 17.58 17.62
17.46 17.43 17.45 17.38 17.40 17.41 17.40 17.37 17.35 17.39 17.44 17.50 17.51 17.50 17.47 17.43 17.48 17.50 17.47 17.44 17.44 17.42 17.46 17.47 17.41 17.44 17.47 17.47 17.49 17.51 17.51 17.51 17.51 17.51 17.52 17.50 17.52 17.52 17.47 17.39 17.39 17.50 17.53 17.51 17.47 17.44 17.52 17.47 17.49 17.41 17.56 17.40 17.30 17.17 17.35 17.59 17.56 17.62 17.60 17.57 17.56 17.44 17.38 17.45 17.53 17.55 17.48 17.60 17.60 17.60 17.63 17.62 17.61 17.61 17.56 17.57 17.59
17.39 17.34 17.36 17.41 17.41 17.43 17.39 17.30 17.26 17.35 17.39 17.35 17.45 17.47 17.46 17.44 17.40 17.41 17.42 17.38 17.42 17.42 17.45 17.37 17.39 17.48 17.48 17.47 17.48 17.48 17.47 17.40 17.45 17.46 17.49 17.49 17.49 17.50 17.48 17.46 17.43 17.47 17.50 17.48 17.45 17.47 17.52 17.48 17.54 17.48 17.52 17.49 17.44 17.54 17.42 17.44 17.57 17.58 17.57 17.56 17.52 17.51 17.42 17.55 17.55 17.44 17.60 17.58 17.59 17.59 17.59 17.60 17.59 17.54 17.54 17.55 17.56
17.30 17.39 17.38 17.40 17.33 17.37 17.43 17.32 17.29 17.28 17.39 17.42 17.44 17.45 17.44 17.45 17.46 17.40 17.40 17.29 17.35 17.40 17.42 17.43 17.43 17.45 17.40 17.45 17.46 17.45 17.45 17.32 17.33 17.43 17.50 17.54 17.53 17.51 17.51 17.49 17.45 17.50 17.50 17.50 17.50 17.50 17.50 17.54 17.53 17.56 17.56 17.56 16.98 17.51 17.47 17.50 17.55 17.55 17.53 17.56 17.50 17.55 17.53 17.49 17.52 17.52 17.59 17.58 17.55 17.54 17.56 17.49 17.53 17.51 17.47 17.50 17.54
17.33 17.37 17.36 17.33 17.36 17.36 17.36 17.29 17.33 17.31 17.29 17.37 17.42 17.41 17.42 17.44 17.45 17.40 17.41 17.38 17.34 17.41 17.42 17.43 17.43 17.43 17.45 17.42 17.46 17.43 17.44 17.45 17.29 17.43 17.50 17.52 17.53 17.52 17.52 17.50 17.48 17.49 17.50 17.49 17.50 17.50 17.51 17.36 17.55 17.51 17.47 17.51 17.41 17.48 17.50 17.50 17.50 17.50 17.54 17.53 17.55 17.46 17.33 17.44 17.38 17.45 17.44 17.46 17.44 17.49 17.50 17.48 17.47 17.47 17.51 17.52 17.50
17.29 17.31 17.26 17.21 17.28 17.31 17.36 17.29 17.35 17.30 17.32 17.35 17.38 17.41 17.39 17.39 17.41 17.40 17.41 17.41 17.37 17.38 17.38 17.38 17.40 17.38 17.40 17.42 17.41 17.39 17.39 17.42 17.42 17.44 17.47 17.49 17.50 17.49 17.48 17.48 17.48 17.48 17.49 17.50 17.47 17.48 17.49 17.45 17.08 17.52 17.48 17.49 17.38 17.31 17.35 17.44 17.42 17.42 17.41 17.45 17.55 17.45 17.44 17.41 17.35 17.40 17.41 17.42 17.36 17.34 17.46 17.41 17.38 17.35 17.44 17.47 17.47
17.34 17.30 17.32 17.32 17.32 17.20 17.27 17.35 17.38 17.37 17.33 17.36 17.28 17.35 17.37 17.38 17.40 17.39 17.40 17.41 17.38 17.33 17.33 17.34 17.33 17.32 17.28 17.29 17.28 17.31 17.36 17.37 17.36 17.32 17.41 17.43 17.48 17.49 17.48 17.47 17.48 17.47 17.46 17.48 17.47 17.47 17.41 17.46 16.33 16.30 16.99 17.44 17.31 17.40 17.45 17.41 17.43 17.40 17.43 17.46 17.37 17.28 17.29 17.43 17.35 17.40 17.40 17.49 17.43 17.38 17.46 17.34 17.36 17.40 17.42 17.41 17.46
17.34 17.20 17.21 17.28 17.25 17.12 17.23 17.29 17.33 17.34 17.22 17.35 17.34 17.29 17.29 17.32 17.38 17.38 17.37 17.37 17.37 17.33 17.32 17.29 17.30 17.32 17.27 17.29 17.33 17.31 17.31 17.29 17.31 17.30 17.29 17.32 17.39 17.42 17.44 17.45 17.46 17.46 17.45 17.42 16.87 17.45 17.41 17.18 16.49 16.50 13.89 15.29 17.16 17.35 17.35 17.49 17.48 17.46 17.46 17.42 17.21 17.35 17.02 17.22 17.25 17.42 17.36 17.44 17.44 17.42 17.45 17.40 17.30 17.29 17.34 17.25 17.32
17.28 17.23 17.15 17.18 17.20 17.16 17.26 17.29 17.28 17.29 17.20 17.28 17.33 17.32 17.32 17.35 17.30 17.34 17.34 17.35 17.34 17.30 17.30 17.30 17.29 17.29 17.18 17.27 17.28 17.28 17.26 17.26 17.30 17.24 17.20 17.27 17.34 17.35 17.35 17.39 17.42 17.40 17.08 17.33 17.35 17.40 17.41 17.26 17.13 16.82 16.26 16.28 17.45 17.47 17.48 17.49 17.31 17.43 17.40 17.36 16.96 17.10 17.11 17.14 17.21 17.35 17.36 17.37 17.42 17.49 17.36 17.35 17.37 17.36 17.32 17.31 17.24
17.24 17.22 17.21 17.23 17.24 17.24 17.25 17.27 17.25 17.23 17.23 17.30 17.30 17.32 17.34 17.34 17.21 17.29 17.30 17.32 17.33 17.29 17.24 17.27 17.31 17.29 17.28 17.13 17.24 17.27 17.30 17.25 17.25 17.25 17.28 17.30 17.30 17.29 17.30 17.32 17.32 17.40 17.21 17.09 17.27 17.07 17.38 17.11 16.95 16.62 17.19 17.25 17.42 17.36 17.49 17.44 17.41 17.45 17.28 17.42 17.23 17.00 17.10 17.22 17.23 17.41 17.31 17.31 17.22 17.21 17.21 17.31 17.32 17.31 17.33 17.28 17.24
17.21 17.21 17.22 17.23 17.24 17.22 17.20 17.21 17.17 17.25 17.25 17.20 17.20 17.22 17.28 17.25 17.25 17.26 17.26 17.31 17.29 17.28 17.26 17.27 17.29 17.28 17.30 17.21 17.21 17.27 17.29 17.28 17.25 17.25 17.25 17.24 17.27 17.23 17.18 17.28 17.37 16.87 17.39 17.44 17.36 17.18 17.37 17.37 17.35 17.29 17.23 17.24 17.15 17.00 17.40 17.43 17.30 17.42 17.40 17.39 17.20 17.35 17.07 17.16 17.18 17.34 17.27 17.29 17.24 17.22 17.23 17.26 17.27 17.24 17.22 17.32 17.30
17.14 17.17 17.23 17.24 17.22 17.19 17.14 17.20 17.21 17.23 17.22 17.20 17.13 17.23 17.21 17.22 17.24 17.26 17.25 17.28 17.19 17.16 17.29 17.29 17.28 17.27 17.24 17.26 17.25 17.23 17.24 17.19 17.26 17.29 17.22 17.16 17.16 17.18 17.16 17.02 17.29 17.06 17.27 17.35 17.40 17.42 17.42 17.41 17.24 17.21 17.32 17.39 17.24 17.08 17.26 17.37 17.37 17.39 17.39 17.41 17.40 17.21 17.25 17.20 17.27 17.30 17.33 17.17 17.19 17.26 17.24 17.25 17.28 17.21 17.30 17.29 17.26
17.10 17.14 17.15 17.17 17.22 17.22 17.16 17.16 17.20 17.20 17.22 17.21 17.20 17.20 17.25 17.22 17.20 17.22 17.20 17.25 17.17 17.24 17.22 17.23 17.25 17.25 17.24 17.25 17.25 17.16 17.15 17.16 17.11 17.23 17.20 17.20 17.23 17.26 17.22 17.23 17.30 17.28 16.79 17.08 17.18 17.05 17.28 17.33 17.24 17.04 17.09 17.37 17.38 17.27 17.13 17.17 16.99 17.28 17.14 17.32 17.25 17.24 17.24 17.29 17.29 17.20 17.21 17.12 17.12 17.03 17.13 17.18 17.20 17.18 17.19 17.26 17.29
17.02 17.14 17.09 17.16 17.16 17.18 17.16 17.10 17.00 17.05 17.15 17.18 17.18 17.14 17.18 17.18 17.15 17.14 17.19 17.21 17.19 17.18 17.11 17.10 17.18 17.23 17.23 17.22 17.23 17.24 17.18 17.18 17.17 17.22 17.13 17.18 17.16 17.20 17.21 17.22 17.28 17.30 16.83 16.43 16.89 16.96 17.26 17.20 17.15 16.98 17.02 17.18 17.13 17.09 17.03 17.23 17.26 16.94 16.84 17.02 17.35 17.01 16.91 17.05 16.93 17.04 17.08 17.09 17.10 17.10 17.14 17.10 17.18 17.23 17.23 17.28 17.18
17.01 17.14 17.11 17.08 17.11 17.11 17.12 17.03 16.87 17.08 17.08 17.17 17.14 17.18 17.18 17.10 17.10 17.07 17.15 17.14 17.14 17.17 17.14 17.03 17.13 17.17 17.16 17.17 17.22 17.22 17.21 17.19 17.21 17.22 17.25 17.15 17.23 17.16 17.18 17.23 17.24 17.24 17.03 16.88 16.92 16.78 17.12 17.10 17.17 17.28 17.02 17.20 17.11 17.03 17.33 17.13 17.33 16.93 17.08 17.08 17.02 17.12 17.05 16.88 16.88 16.82 16.77 16.88 16.90 17.01 17.15 17.14 17.10 17.16 17.11 17.20 17.10
