main/data/irradiance/03.05.2023.grid
ncols 839
nrows 679
xllcenter 112.0500
yllcenter -43.9500
cellsize 0.0500
nodata_value 99999.90
[rows 408 to 441 of 679, columns 154 to 230 of 839]
15.43 15.45 15.45 15.49 15.30 15.44 15.37 15.60 15.39 15.33 15.53 15.23 15.33 14.97 14.96 15.29 15.35 15.40 15.29 15.22 15.17 15.29 15.40 15.27 15.20 14.76 14.80 14.81 14.64 14.11 14.63 14.78 14.91 14.85 14.55 14.83 15.13 15.18 15.19 14.91 14.90 15.07 14.51 15.01 15.34 15.07 14.92 14.40 14.93 15.27 15.18 15.02 14.89 14.98 14.85 14.69 14.85 15.11 14.90 15.02 15.36 15.61 15.39 15.43 15.39 15.34 15.46 15.58 15.60 15.57 15.61 15.63 15.63 15.67 15.72 15.68 15.65
15.33 15.47 15.46 15.31 15.43 15.44 15.40 15.46 15.28 15.46 15.38 15.27 15.26 15.08 15.30 15.19 15.28 15.26 15.07 15.20 15.33 15.30 15.35 15.07 14.91 14.76 14.89 14.40 14.48 14.73 14.86 14.77 14.82 15.09 14.98 14.73 15.09 14.78 14.71 15.17 14.68 14.75 14.62 14.97 15.09 14.99 14.38 14.92 14.97 15.18 15.14 14.99 15.08 15.02 14.97 14.92 14.94 15.24 15.30 15.22 15.41 15.30 15.12 15.35 15.32 15.40 15.48 15.50 15.59 15.56 15.58 15.63 15.66 15.68 15.70 15.63 15.66
15.51 15.48 15.47 15.34 15.40 15.28 15.47 15.44 15.26 15.49 15.36 15.36 14.91 15.35 15.26 15.25 15.34 15.23 15.15 15.23 15.36 15.32 14.99 14.93 14.87 14.67 14.85 14.29 14.36 14.54 15.14 15.10 14.80 14.66 15.00 14.98 15.12 14.86 15.27 14.80 14.86 14.41 14.93 15.09 14.79 14.02 14.66 15.11 15.06 14.97 14.55 14.92 14.92 14.87 15.01 15.00 14.99 14.87 14.89 15.35 15.42 15.13 14.99 15.35 15.25 15.43 15.46 15.50 15.53 15.52 15.60 15.59 15.63 15.67 15.61 15.64 15.67
15.42 15.41 15.30 15.27 15.44 15.41 15.41 15.33 15.36 15.43 15.26 15.12 14.94 15.30 15.24 15.30 15.09 15.16 15.21 15.14 15.24 15.17 15.07 15.00 14.82 14.95 14.48 14.31 14.44 15.00 15.14 14.95 14.99 15.22 15.06 15.23 15.06 15.15 14.73 14.58 14.43 14.51 15.28 15.05 14.58 14.57 15.10 15.07 15.17 14.97 15.18 15.05 14.73 14.61 15.03 15.01 14.52 14.91 14.87 15.06 15.16 15.12 15.03 15.25 15.25 15.33 15.35 15.53 15.47 15.52 15.54 15.54 15.59 15.58 15.58 15.58 15.58
15.41 15.46 15.32 15.29 15.42 15.45 15.39 15.20 15.36 15.34 15.37 14.74 15.21 15.37 15.58 15.18 15.13 14.91 15.16 15.34 15.31 15.29 14.97 14.93 14.78 14.81 14.94 14.40 14.92 14.89 14.72 14.85 15.11 15.05 14.85 15.18 14.86 14.99 14.91 14.83 14.79 14.87 15.30 14.69 15.19 14.89 15.41 15.20 14.93 15.34 14.66 14.94 15.06 14.96 15.20 15.11 14.60 14.62 14.64 14.87 14.80 14.88 15.11 15.27 15.34 15.28 15.31 15.53 15.40 15.43 15.47 15.51 15.56 15.50 15.52 15.60 15.57
15.39 15.41 15.39 15.42 15.42 15.39 15.41 15.24 15.33 15.30 15.32 14.70 15.21 15.37 15.26 15.08 15.20 15.06 15.18 15.34 15.27 15.29 14.87 15.01 14.77 15.13 14.76 15.04 14.88 15.15 15.29 14.96 15.32 15.00 14.95 15.05 14.81 15.06 14.51 15.07 14.78 15.21 14.87 15.01 15.28 15.50 15.53 15.34 15.23 15.26 15.23 15.17 15.27 14.91 14.82 14.77 14.96 15.07 15.09 15.33 14.91 14.89 15.13 15.36 15.27 15.44 15.43 15.40 15.45 15.39 15.37 15.51 15.51 15.51 15.54 15.54 15.57
15.45 15.42 15.40 15.41 15.33 15.39 15.19 15.31 15.27 15.24 15.10 15.08 15.33 15.41 15.48 15.32 14.98 14.98 15.27 15.31 15.24 14.97 14.95 15.13 14.78 14.94 15.09 14.98 14.92 15.28 15.38 15.18 15.01 14.97 15.09 15.18 15.13 14.86 14.77 14.52 14.89 15.04 14.86 14.95 15.55 15.47 15.43 15.41 15.39 15.27 15.24 15.34 15.11 14.78 15.04 14.76 14.79 15.31 15.24 14.61 14.77 14.97 15.06 15.09 15.29 15.33 15.40 15.40 15.43 15.39 15.48 15.55 15.56 15.53 15.53 15.55 15.52
15.38 15.40 15.39 15.38 15.35 15.39 15.31 15.33 15.27 15.25 15.10 15.25 15.17 15.38 15.24 15.35 15.19 15.02 15.27 15.35 15.29 15.15 15.18 14.75 14.90 14.91 14.78 14.93 15.08 15.39 15.22 15.25 14.98 14.84 15.16 14.79 14.66 15.10 14.60 14.96 15.20 14.99 14.84 15.39 15.53 15.48 15.36 15.36 15.43 15.05 14.77 15.26 15.14 14.85 14.79 15.23 15.21 15.39 15.16 14.51 14.92 15.16 15.13 15.24 15.36 15.49 15.40 15.29 15.41 15.46 15.39 15.48 15.51 15.48 15.52 15.50 15.46
15.38 15.39 15.36 15.34 15.35 15.38 15.25 15.32 15.31 15.16 15.01 15.30 15.28 15.35 15.34 15.31 15.07 15.05 15.32 15.31 15.31 15.19 15.19 14.88 14.99 15.10 14.98 15.00 15.32 15.23 15.05 15.37 15.00 15.00 15.18 15.25 14.96 14.70 15.03 14.52 14.92 14.99 15.01 15.45 15.45 15.41 15.22 15.00 15.26 14.87 14.68 15.14 14.59 14.53 14.81 14.93 15.14 15.20 15.09 14.97 14.96 15.06 15.24 15.39 15.35 15.35 15.35 15.36 15.36 15.39 15.43 15.45 15.46 15.45 15.47 15.42 15.49
15.36 15.33 15.36 15.38 15.34 15.29 15.27 15.23 15.32 15.25 15.23 15.33 15.28 15.27 15.33 15.19 15.05 14.89 15.38 15.37 15.25 15.19 15.17 14.72 15.16 15.03 14.99 15.19 15.32 15.08 15.19 15.32 14.98 15.11 15.29 15.04 15.10 15.09 14.49 14.98 15.04 15.00 15.34 15.37 15.34 15.42 15.14 15.05 15.09 14.78 14.74 14.71 14.47 14.70 14.57 14.87 15.06 15.05 14.85 14.86 15.30 15.30 15.28 15.33 15.35 15.23 15.35 15.29 15.32 15.25 15.40 15.33 15.32 15.37 15.41 15.41 15.46
15.30 15.34 15.33 15.22 15.29 15.33 15.31 15.16 15.29 15.22 15.24 15.32 15.06 15.30 15.29 15.22 15.05 14.99 15.27 15.30 15.18 15.24 15.09 15.15 15.03 15.10 14.80 15.09 15.28 15.20 15.25 15.36 15.05 15.25 14.96 15.09 15.09 14.97 14.74 14.73 15.06 15.06 15.20 15.34 15.28 15.34 15.15 15.06 14.95 14.92 14.90 14.96 14.43 14.95 15.14 15.03 15.10 15.05 14.65 15.03 15.06 15.33 15.22 15.29 15.13 15.24 15.09 15.13 15.09 15.26 15.38 15.17 15.25 15.24 15.33 15.42 15.39
15.31 15.30 15.34 15.29 15.28 15.25 15.14 15.09 15.25 15.26 15.16 15.27 14.99 14.90 15.33 15.12 14.88 14.74 15.24 15.34 15.24 15.11 15.20 15.03 14.98 14.94 15.04 15.26 15.15 15.11 15.27 15.25 15.20 15.23 15.22 14.91 15.24 14.71 14.65 14.70 15.05 15.27 15.26 15.21 15.26 15.23 15.21 14.80 14.94 15.28 14.84 14.96 15.01 14.99 15.05 15.09 14.88 14.60 14.56 15.09 15.29 15.26 15.05 15.09 15.03 15.05 15.02 15.28 15.27 15.25 15.18 15.23 15.06 15.23 15.35 15.35 15.32
15.17 15.25 15.29 15.24 15.28 15.22 15.26 15.27 15.12 15.23 15.23 15.28 15.27 14.76 15.25 15.22 15.09 15.09 15.25 15.15 15.14 15.07 15.09 15.03 14.97 15.13 15.09 15.00 15.25 15.15 15.29 15.27 15.14 15.10 15.14 15.10 14.96 14.91 15.05 14.78 15.07 15.17 15.06 15.16 15.14 15.29 15.17 14.74 14.93 14.93 15.22 15.25 14.76 15.04 14.97 15.16 14.74 14.88 15.07 14.92 15.27 15.18 15.29 15.23 14.87 15.14 14.97 15.06 15.30 15.19 15.16 15.13 15.08 15.32 15.33 15.32 15.33
15.28 15.27 15.23 15.24 15.24 15.27 15.34 15.23 15.23 15.21 15.19 15.24 15.26 15.27 15.07 14.99 15.15 14.86 15.11 15.22 15.11 15.09 15.21 15.08 15.09 14.98 15.05 15.17 15.18 15.25 15.28 15.17 15.10 15.18 15.23 14.97 15.23 15.15 14.87 14.98 15.09 15.16 15.11 14.95 15.24 15.14 15.07 14.82 14.88 14.89 15.25 15.21 15.05 15.07 14.93 15.09 14.52 14.58 14.72 15.10 15.25 15.24 15.14 15.00 14.75 14.86 14.98 15.15 15.21 15.04 14.98 14.91 15.29 15.19 15.29 15.28 15.20
15.26 15.24 15.22 15.14 15.16 15.26 15.28 15.21 15.21 15.24 15.15 15.21 15.20 15.22 15.05 15.24 15.11 15.03 15.17 15.20 15.05 15.11 15.19 15.14 15.11 15.16 15.19 15.18 15.21 15.18 15.22 15.19 15.14 15.08 15.12 15.10 15.07 15.18 14.85 15.27 15.12 15.01 15.22 15.20 15.14 15.30 15.20 14.99 15.18 15.13 15.36 15.08 15.28 15.39 15.31 15.14 14.94 14.85 15.07 15.25 15.25 15.23 15.17 14.76 14.87 15.10 15.12 15.18 15.19 15.21 15.10 15.21 15.19 15.23 15.13 15.18 15.28
15.22 15.22 15.21 15.13 15.20 15.26 15.23 15.14 15.22 15.21 15.23 15.18 15.25 15.21 15.14 14.99 15.15 15.11 15.05 15.14 14.96 15.10 15.18 15.06 15.17 15.12 15.02 15.14 15.24 15.25 15.07 15.12 15.05 15.13 15.08 15.11 14.93 15.08 14.87 15.35 14.95 14.63 14.61 15.24 15.26 15.09 14.90 15.12 15.14 15.26 15.36 15.33 15.28 15.23 15.00 14.90 15.15 15.10 15.16 15.16 15.05 15.23 14.96 14.95 15.11 15.22 15.33 15.24 15.01 14.92 15.22 15.17 15.13 15.24 15.02 15.13 15.30
15.19 15.18 15.19 15.18 15.19 15.24 15.24 15.23 15.23 15.22 15.21 15.14 15.21 15.18 15.15 15.20 15.07 15.10 15.10 15.09 15.07 15.12 15.14 15.13 15.14 15.11 15.13 15.23 15.19 15.12 15.12 15.03 14.91 14.87 15.03 14.97 15.11 15.09 15.05 14.88 14.11 14.41 15.13 15.13 15.28 15.19 15.25 15.26 15.23 15.28 15.27 15.24 15.17 15.24 15.05 15.29 15.11 15.05 15.06 15.19 15.25 15.03 15.01 15.03 14.90 15.15 15.12 15.07 14.88 15.04 15.09 15.14 15.06 15.08 14.89 15.21 15.30
15.18 15.17 15.17 15.19 15.18 15.23 15.18 15.16 15.21 15.22 15.16 15.21 15.20 15.15 15.16 15.04 15.16 14.97 15.02 15.04 14.99 15.09 15.09 15.05 15.10 15.05 15.00 15.09 15.19 15.19 15.06 14.89 15.10 14.75 14.85 15.02 15.05 15.20 14.69 15.03 15.04 15.23 15.23 15.22 15.23 15.12 15.15 15.18 15.20 15.22 15.22 15.15 15.02 15.18 15.25 15.07 15.12 14.98 15.09 15.16 15.22 14.87 15.01 14.94 15.05 15.14 15.00 15.11 15.10 15.09 15.13 15.12 14.98 15.05 15.14 15.24 15.26
15.16 15.15 15.15 15.17 15.19 15.21 15.14 15.13 15.14 15.06 15.18 15.15 15.14 15.15 15.15 15.14 15.09 14.93 14.84 14.91 15.03 15.17 15.11 15.15 15.10 15.02 15.05 15.10 15.15 14.99 14.94 15.09 15.03 14.93 14.86 14.84 15.10 14.88 14.32 15.23 15.24 15.23 15.15 15.19 15.13 15.05 15.16 15.03 15.17 15.06 15.07 15.03 14.93 15.19 14.97 15.03 14.97 15.11 14.99 14.98 15.21 14.90 15.02 14.90 15.05 14.97 14.99 15.14 15.08 15.12 15.03 15.06 15.06 15.18 15.23 15.20 15.21
15.14 15.13 15.09 15.12 15.11 15.14 15.13 15.14 15.09 15.14 15.13 15.12 15.12 15.13 15.12 15.12 15.06 15.02 14.78 14.92 14.97 15.09 15.19 15.07 15.04 14.97 15.09 15.17 15.17 15.16 15.00 14.94 15.04 14.73 15.11 15.12 15.16 15.23 15.17 14.91 15.20 15.18 15.14 15.13 14.99 14.96 15.08 15.15 15.03 15.10 15.02 15.01 15.09 15.22 15.10 14.93 15.21 15.04 15.09 15.18 15.16 14.91 14.92 14.82 14.98 14.95 14.94 14.98 14.90 15.03 15.13 15.06 14.99 15.13 15.15 15.17 15.18
15.12 15.11 15.14 15.12 15.10 15.12 15.11 15.09 15.14 15.07 15.10 15.05 15.08 15.08 15.07 15.11 15.06 15.10 14.89 14.68 14.76 14.95 15.09 15.16 15.05 15.06 15.11 15.14 15.18 14.95 14.86 14.96 14.93 15.11 15.14 15.14 15.15 14.77 15.18 15.14 15.21 15.14 15.01 14.95 15.04 15.12 15.03 15.14 15.11 15.00 15.00 15.04 15.14 15.24 15.17 14.97 15.17 15.03 15.08 15.17 15.10 14.95 14.87 14.70 15.01 14.92 14.99 14.98 15.02 15.02 14.92 14.80 15.03 15.12 15.12 15.14 15.16
15.09 15.08 15.08 15.08 15.08 15.11 15.09 15.09 15.10 15.06 15.06 15.05 15.13 15.08 15.05 15.02 14.92 14.94 15.04 14.65 14.90 15.07 15.11 15.00 15.02 15.01 14.96 14.95 15.03 14.89 14.92 14.79 15.00 15.13 15.12 15.11 15.11 15.08 15.18 15.18 15.13 15.09 14.97 14.98 14.87 15.00 15.06 15.08 15.10 14.98 14.85 15.01 15.18 15.21 15.12 14.95 15.12 15.11 15.03 15.09 15.03 14.86 14.89 14.87 15.01 14.89 15.12 14.80 15.00 14.99 14.76 15.05 15.10 15.09 15.06 15.12 15.08
15.06 15.05 15.05 15.07 15.12 15.06 15.01 15.07 15.04 15.04 15.06 15.08 15.09 14.99 14.97 14.95 15.02 14.97 14.99 14.93 14.40 14.96 14.97 14.87 15.02 14.91 14.91 15.00 14.99 15.03 14.90 14.97 15.10 15.10 15.10 15.10 15.10 15.10 15.13 15.14 15.08 15.10 15.00 14.99 14.91 14.99 15.06 15.12 15.06 14.81 14.95 15.17 15.17 15.16 15.08 15.05 15.13 15.05 15.06 15.08 15.08 14.93 14.88 15.04 15.12 14.87 15.09 15.03 14.83 14.94 14.93 15.08 15.08 15.06 15.09 15.09 15.07
15.02 15.02 15.01 15.03 15.05 15.06 15.04 15.06 15.07 15.04 15.01 15.04 15.05 14.92 15.02 14.94 14.98 14.97 14.95 14.88 14.61 14.83 14.97 14.74 14.99 15.02 14.85 14.87 14.89 14.92 14.88 15.05 15.09 15.02 15.09 15.07 15.07 15.07 15.11 15.09 15.06 15.06 14.85 15.00 14.98 15.04 14.94 15.15 15.19 14.87 15.07 15.09 15.10 15.10 15.11 15.11 15.07 15.07 15.03 15.06 14.99 14.86 14.93 15.11 15.10 15.02 15.07 14.97 15.00 14.95 15.06 15.05 15.06 15.08 15.07 15.05 14.93
15.01 14.99 15.00 14.96 14.94 14.99 15.02 15.04 15.04 15.02 14.98 15.03 14.99 14.93 15.01 14.99 14.94 14.95 15.01 14.80 14.80 15.00 14.97 14.92 14.95 14.89 14.87 14.84 15.01 14.93 14.79 14.96 14.99 15.05 15.04 15.03 15.01 15.07 15.09 15.12 15.06 14.97 14.89 14.98 14.75 14.94 15.18 15.19 15.17 15.06 15.06 15.06 15.06 15.06 15.07 15.06 14.96 15.06 15.06 15.04 15.00 14.75 14.98 15.07 14.99 15.00 15.02 14.92 15.00 14.94 15.04 15.02 15.05 15.07 15.02 14.97 14.83
14.99 14.97 14.91 14.97 14.78 14.96 14.98 15.01 15.00 14.97 14.91 14.93 15.00 15.00 14.96 14.97 14.96 14.98 14.95 14.75 14.89 14.89 14.88 14.85 14.79 14.76 14.60 14.87 14.95 14.80 14.96 14.97 14.99 14.99 15.03 15.02 15.04 15.04 15.03 15.01 15.01 14.73 14.91 14.64 14.64 14.65 15.16 15.10 15.05 14.96 15.03 15.03 15.03 15.03 14.98 15.03 15.02 14.99 14.99 14.93 14.91 14.83 15.03 15.02 14.95 15.01 15.04 14.93 14.91 14.70 14.96 15.01 15.00 15.01 14.93 14.78 14.90
14.88 14.94 14.88 14.96 14.86 14.95 14.96 14.97 14.98 14.89 14.93 14.95 14.97 14.97 14.98 14.92 14.93 14.92 14.86 14.90 14.86 14.79 14.98 14.87 14.70 14.83 14.74 14.69 14.83 14.86 14.92 14.94 15.01 15.01 15.02 15.00 15.01 15.00 14.99 15.01 14.95 14.79 14.93 14.94 14.79 15.00 15.06 15.03 15.03 14.91 14.99 15.01 15.01 15.01 14.97 15.03 15.02 14.98 14.91 14.89 14.84 14.97 15.00 14.97 14.89 14.94 14.99 14.89 14.80 14.82 14.91 14.91 14.98 14.93 14.94 14.66 14.99
14.94 14.80 14.92 14.80 14.88 14.95 14.86 14.97 14.92 14.92 14.92 14.93 14.85 14.96 14.93 14.91 14.92 14.90 14.80 14.93 14.93 14.91 14.79 14.80 14.90 14.63 14.76 14.94 14.90 14.91 14.95 14.96 14.96 15.02 15.00 15.00 14.97 14.99 14.99 14.99 14.87 14.90 14.97 14.97 15.00 15.07 15.02 15.00 14.99 14.97 14.96 14.99 14.98 14.99 14.99 15.00 14.97 14.96 14.90 14.79 14.87 14.91 14.99 14.92 14.93 14.94 14.90 14.87 14.69 14.71 14.88 14.94 14.96 14.90 14.88 14.74 14.93
14.87 14.91 14.89 14.90 14.92 14.92 14.91 14.91 14.98 14.83 14.89 14.89 14.89 14.91 14.92 14.79 14.92 14.87 14.80 14.89 14.94 14.89 14.83 14.80 14.61 14.91 14.96 14.80 14.88 14.49 14.61 14.91 15.05 15.09 15.04 14.99 14.98 14.96 14.96 14.82 14.96 15.05 15.05 15.02 15.01 15.02 14.98 14.96 14.97 14.96 14.95 14.97 14.96 14.97 14.94 14.98 14.93 14.92 14.85 14.63 14.92 14.91 14.96 14.92 14.91 14.90 14.92 14.87 14.78 14.85 14.91 14.91 14.91 14.93 14.81 14.69 14.94
14.89 14.83 14.87 14.86 14.90 14.91 14.86 14.88 14.92 14.92 14.89 14.80 14.92 14.83 14.85 14.80 14.86 14.69 14.67 14.87 14.90 14.81 14.74 14.91 14.87 14.96 14.93 14.86 14.72 14.77 14.94 15.00 15.05 14.99 14.98 14.95 14.97 14.96 14.82 14.92 14.98 15.00 15.01 15.00 15.01 14.97 14.95 14.94 14.94 14.94 14.94 14.95 14.93 14.93 14.94 14.97 14.93 14.89 14.92 14.50 14.84 14.89 14.93 14.91 14.85 14.86 14.85 14.79 14.70 14.92 14.90 14.81 14.83 14.83 14.79 14.75 14.86
14.87 14.84 14.87 14.86 14.90 14.87 14.84 14.88 14.91 14.89 14.79 14.82 14.79 14.85 14.80 14.78 14.72 14.84 14.82 14.86 14.87 14.86 14.97 14.90 14.92 14.90 14.87 14.85 14.90 14.92 14.92 14.93 14.99 14.95 14.97 14.93 14.94 14.86 14.87 14.95 14.98 14.95 15.00 15.00 14.97 14.96 14.93 14.91 14.92 14.89 14.92 14.92 14.91 14.89 14.92 14.97 14.92 14.81 14.87 14.59 14.80 14.90 14.86 14.86 14.84 14.76 14.80 14.75 14.66 14.80 14.83 14.80 14.85 14.75 14.78 14.81 14.96
14.84 14.85 14.82 14.87 14.86 14.87 14.86 14.83 14.88 14.85 14.80 14.81 14.71 14.82 14.76 14.74 14.74 14.77 14.80 14.75 14.84 14.93 14.85 14.80 14.85 14.89 14.78 14.82 14.90 14.90 14.89 14.91 14.95 14.95 14.94 14.90 14.91 14.82 14.85 14.94 14.96 14.94 14.94 14.92 14.90 14.93 14.93 14.97 14.96 14.90 14.89 14.89 14.86 14.88 14.90 14.95 14.90 14.87 14.73 14.65 14.76 14.85 14.85 14.86 14.87 14.76 14.69 14.77 14.57 14.78 14.83 14.81 14.78 14.88 14.83 14.87 14.91
14.83 14.83 14.84 14.83 14.85 14.85 14.84 14.85 14.84 14.86 14.78 14.72 14.76 14.76 14.82 14.76 14.76 14.84 14.82 14.82 14.81 14.86 14.83 14.80 14.85 14.88 14.75 14.83 14.87 14.87 14.86 14.87 14.91 14.92 14.91 14.89 14.83 14.74 14.74 14.93 14.98 14.94 14.96 14.87 14.86 14.85 14.85 14.89 14.90 14.86 14.85 14.86 14.86 14.81 14.84 14.90 14.90 14.84 14.72 14.76 14.77 14.83 14.84 14.85 14.85 14.78 14.82 14.79 14.78 14.82 14.87 14.82 14.87 14.88 14.81 14.85 14.86
14.82 14.80 14.80 14.83 14.83 14.81 14.79 14.80 14.85 14.85 14.81 14.79 14.81 14.79 14.80 14.76 14.77 14.80 14.78 14.80 14.81 14.86 14.83 14.82 14.84 14.89 14.84 14.85 14.85 14.85 14.84 14.85 14.88 14.88 14.88 14.86 14.87 14.81 14.83 14.87 14.95 14.97 14.96 14.85 14.84 14.83 14.83 14.84 14.87 14.84 14.83 14.83 14.83 14.82 14.85 14.85 14.88 14.88 14.83 14.67 14.70 14.80 14.84 14.82 14.84 14.81 14.79 14.79 14.79 14.81 14.83 14.87 14.83 14.82 14.82 14.84 14.85
