main/data/irradiance/03.09.2023.grid
ncols 839
nrows 679
xllcenter 112.0500
yllcenter -43.9500
cellsize 0.0500
nodata_value 99999.90
[rows 442 to 475 of 679, columns 154 to 230 of 839]
16.84 15.75 15.02 16.22 16.01 15.74 15.77 16.50 16.33 16.35 16.54 16.27 15.77 16.07 16.49 16.80 17.27 16.95 15.49 16.49 17.40 17.42 17.31 17.11 17.01 16.65 16.77 16.38 15.93 16.44 16.67 15.95 16.48 16.55 16.54 16.50 16.67 16.83 16.69 15.99 16.04 15.59 15.92 15.70 15.07 15.40 15.05 15.64 13.86 14.14 14.93 15.60 15.15 15.38 14.88 14.15 13.56 13.24 14.05 13.94 14.96 13.56 14.39 14.78 14.85 14.12 15.61 15.09 15.37 15.63 15.31 15.06 15.35 14.72 15.42 16.12 16.00
16.77 15.91 16.60 16.38 15.97 15.68 16.49 16.48 16.96 17.19 17.61 16.55 16.61 16.34 15.33 15.90 16.98 16.89 17.06 17.37 17.00 16.99 16.66 16.50 15.80 15.98 16.28 16.90 16.23 16.44 16.06 16.12 16.49 14.70 16.05 16.40 16.24 16.48 16.61 15.65 15.52 15.43 15.82 16.00 15.20 14.67 14.94 15.20 14.97 14.86 15.35 14.83 13.96 13.59 13.98 14.58 14.02 15.43 15.74 15.86 14.93 14.28 14.59 14.93 15.33 15.23 15.27 15.17 15.46 16.26 16.08 15.12 15.87 15.69 16.43 16.62 15.68
15.71 16.09 15.36 15.86 16.06 16.45 16.31 16.65 16.94 17.10 17.06 16.79 16.48 15.75 15.47 15.74 15.87 16.67 16.01 15.94 16.36 16.55 16.66 16.15 16.01 16.17 15.84 15.80 15.27 15.25 15.52 16.47 16.06 15.09 15.13 15.69 16.11 16.75 16.58 15.63 14.52 14.11 13.59 14.34 15.34 14.57 14.54 13.50 14.21 14.83 14.84 14.63 13.67 13.29 13.74 13.86 14.64 14.14 15.32 15.30 14.76 14.38 14.48 15.27 15.04 15.72 16.07 15.48 14.66 15.54 15.95 15.63 15.72 14.35 15.61 16.00 16.04
15.31 15.73 15.07 14.42 14.46 13.93 14.78 16.23 16.57 17.15 17.08 16.86 16.47 17.14 16.34 16.68 16.59 16.86 16.96 16.79 16.79 16.95 16.59 16.24 16.26 15.16 15.42 15.39 15.77 16.00 16.03 16.25 16.11 15.79 16.05 17.03 17.02 16.48 16.59 16.44 15.11 14.16 14.31 15.32 15.05 13.96 13.00 13.69 12.73 14.27 14.23 14.93 14.94 14.74 13.78 14.14 14.21 14.01 14.70 15.27 15.11 13.00 13.12 15.06 14.13 14.91 15.07 14.65 14.40 14.34 15.48 15.12 15.06 14.37 14.84 15.98 16.91
15.32 15.14 15.29 15.72 14.51 15.46 15.82 16.44 16.30 16.09 16.69 16.12 15.96 16.92 15.96 15.27 16.25 16.51 16.55 16.31 16.74 16.83 16.76 15.65 15.74 15.38 15.32 15.41 15.06 14.52 15.00 16.35 16.36 16.94 16.13 16.46 16.29 16.69 16.73 15.90 15.11 14.94 14.99 15.61 14.79 13.89 14.75 14.65 15.23 15.08 14.24 14.33 13.91 14.69 13.94 13.71 14.23 13.59 14.03 14.11 14.54 15.11 15.08 15.22 13.86 14.68 14.19 13.96 14.68 15.08 14.94 14.38 15.00 15.28 15.60 15.28 16.42
13.68 15.13 14.68 15.35 15.63 15.23 15.39 16.04 15.87 16.27 16.52 16.07 16.56 16.56 16.09 15.39 15.65 14.74 15.67 14.86 15.11 16.03 16.20 15.54 15.38 14.47 13.89 13.27 14.40 15.28 14.99 15.15 15.57 15.82 16.72 16.44 16.19 15.94 16.01 15.80 15.01 16.03 15.67 15.44 15.68 14.87 15.04 15.71 15.54 16.02 14.89 14.06 14.41 13.70 13.09 12.99 13.76 14.50 14.77 15.40 13.60 13.78 15.39 15.02 13.46 14.34 14.06 13.93 14.80 15.72 14.94 15.09 14.23 15.06 15.79 15.50 15.12
14.27 14.99 15.25 15.64 15.50 16.33 16.42 15.83 16.02 16.23 16.36 15.90 15.79 15.70 16.34 15.96 15.77 15.93 16.56 16.52 15.42 16.11 14.52 14.53 15.16 15.14 14.11 13.78 14.55 15.04 14.53 14.92 15.16 15.64 16.08 15.95 15.55 15.93 15.00 16.14 16.32 15.77 16.37 16.13 16.83 15.84 16.08 15.70 15.51 15.01 15.73 15.17 14.57 13.90 13.67 13.62 13.45 14.43 15.05 14.53 15.05 14.64 14.91 15.07 14.19 14.33 14.28 14.01 14.26 14.78 14.55 15.21 14.62 14.74 14.82 14.92 14.82
15.39 15.76 15.24 14.90 14.10 13.67 15.11 15.29 15.38 16.31 16.36 16.19 15.00 16.53 16.05 16.43 15.92 16.17 15.50 16.13 16.54 16.81 16.01 15.41 15.19 13.95 14.78 14.13 15.26 15.35 15.53 15.48 15.84 15.98 15.74 16.06 15.83 16.87 15.89 15.53 15.20 15.86 15.71 15.88 15.66 15.93 15.70 14.30 15.70 15.31 14.29 14.47 14.48 13.35 13.35 13.48 13.64 14.61 13.59 14.01 13.72 14.26 14.17 13.57 13.70 14.00 14.17 13.37 13.58 14.29 13.66 14.28 13.51 14.39 14.74 15.08 15.10
15.61 14.87 14.29 15.94 14.62 15.08 15.41 15.32 16.06 16.25 15.61 16.30 16.45 16.46 15.57 15.09 14.97 16.11 16.26 16.43 16.88 16.53 16.72 16.60 15.94 15.08 14.87 15.63 15.62 15.32 15.52 15.16 16.00 15.65 15.09 15.30 15.80 15.94 15.26 15.36 15.78 16.31 15.52 14.99 15.13 15.61 14.63 15.20 15.52 14.72 14.04 14.65 14.04 13.91 12.84 12.77 13.14 14.14 13.89 13.01 12.87 13.95 13.17 13.19 14.63 14.21 13.04 12.15 13.19 14.21 14.44 14.62 14.21 15.18 15.00 14.68 15.15
14.27 16.55 16.61 15.36 14.75 15.82 15.17 14.82 15.83 15.59 15.41 14.67 15.00 14.47 16.26 16.28 16.01 16.48 15.62 15.70 16.30 16.57 16.13 16.60 16.73 16.46 16.40 16.23 15.13 15.32 16.26 16.33 15.74 16.07 16.11 16.25 15.50 16.53 15.58 15.65 15.61 15.75 16.65 16.40 16.14 15.81 15.52 15.65 13.90 14.27 14.86 14.71 14.16 14.20 13.91 13.82 14.31 13.91 14.46 14.84 14.35 14.92 14.22 14.80 15.59 15.39 14.72 13.59 14.10 14.19 13.32 13.23 14.13 14.46 14.98 14.59 15.63
14.69 14.71 15.07 16.37 16.48 16.49 15.65 15.88 15.14 15.04 15.57 15.52 15.90 15.47 15.27 15.48 15.10 16.15 16.05 16.12 15.73 16.49 16.89 16.87 17.23 15.81 15.66 15.65 15.62 15.18 15.95 16.14 15.73 15.22 15.72 14.86 14.23 15.10 14.33 13.82 15.47 16.70 15.84 15.79 15.24 15.70 14.47 14.27 13.41 13.76 13.89 15.11 14.73 14.55 14.07 14.05 13.52 12.74 14.21 14.85 15.38 15.82 14.43 15.10 15.27 15.60 14.45 14.30 13.51 14.26 13.89 13.66 13.99 14.78 14.71 13.02 14.03
14.95 14.31 14.73 14.94 15.77 15.03 15.09 16.33 15.43 14.31 14.51 15.95 16.41 15.55 15.36 15.57 15.42 15.88 15.67 15.41 15.70 15.73 16.72 17.02 17.38 16.73 16.72 16.60 16.51 16.37 15.89 15.80 15.76 15.30 14.54 13.05 13.66 14.63 14.71 14.03 14.90 15.29 15.26 14.31 13.38 14.48 14.07 14.84 13.44 13.67 14.18 14.90 14.01 14.28 13.13 14.00 13.50 14.12 14.55 14.49 14.87 14.35 13.94 14.01 13.72 14.38 14.58 14.27 13.65 13.99 14.44 14.23 13.69 14.68 14.74 14.04 15.31
15.56 15.25 14.57 15.60 16.15 16.59 17.28 17.07 16.73 14.77 15.28 16.22 15.89 15.68 15.69 15.97 15.00 15.33 16.15 16.05 15.84 15.88 16.51 17.05 16.81 16.53 16.63 16.13 15.78 15.53 15.55 15.40 15.22 14.87 14.73 14.38 15.18 14.46 15.50 15.25 15.71 14.99 14.40 14.08 13.26 14.40 14.54 13.78 14.58 14.16 14.75 13.76 13.05 14.35 13.68 14.96 14.68 14.04 14.94 13.68 14.35 14.89 14.23 15.31 14.95 14.44 14.73 14.53 13.46 12.50 14.21 14.09 13.52 13.55 14.18 13.25 13.63
15.99 15.92 16.21 15.73 15.40 15.84 16.41 16.21 15.67 15.25 15.22 14.27 15.21 16.00 16.64 15.44 16.17 16.70 15.94 15.66 16.10 16.25 15.64 16.48 16.22 15.98 15.65 14.83 15.62 15.76 16.55 16.25 15.40 15.68 15.59 15.16 15.22 15.06 15.27 15.50 15.66 16.44 16.31 15.21 14.11 15.06 14.03 12.36 11.55 13.33 14.31 14.11 13.00 13.82 14.71 15.45 15.25 14.61 13.89 13.87 14.62 15.46 14.85 15.20 14.83 14.87 14.83 14.45 13.61 12.40 14.57 14.93 14.11 13.44 13.76 13.84 13.30
15.14 14.69 14.93 15.52 15.77 16.67 16.66 16.03 16.66 16.39 16.62 15.65 15.13 15.93 16.92 17.23 16.83 16.47 16.60 16.70 16.99 17.02 16.93 16.62 16.28 16.64 16.41 15.72 16.16 15.38 16.60 15.90 15.93 14.74 15.17 14.79 14.10 14.35 14.66 15.38 15.13 15.48 16.07 15.13 14.81 12.89 13.17 12.66 12.18 13.10 14.10 14.35 12.81 13.19 13.91 14.88 15.35 14.61 15.37 15.04 14.53 16.26 16.22 15.26 15.61 15.51 14.88 15.12 14.11 13.64 14.30 14.34 13.02 13.12 13.72 13.67 13.74
15.21 14.48 15.72 16.34 16.65 17.20 17.39 17.11 15.46 16.19 16.10 15.90 15.54 15.93 15.89 16.38 16.36 15.68 16.16 16.96 17.26 16.15 16.07 16.35 16.02 16.61 15.74 15.63 15.92 16.25 16.23 16.06 15.68 15.70 15.31 14.61 15.47 14.14 15.18 14.91 15.77 15.24 15.11 15.78 13.93 13.70 13.83 11.91 12.13 12.38 13.19 14.30 13.52 13.83 14.10 14.13 14.55 14.38 15.60 15.37 14.46 16.08 16.01 15.14 15.54 14.72 14.05 14.21 14.09 14.73 14.48 14.09 13.58 13.54 12.81 13.38 13.35
16.08 14.97 15.93 16.18 16.62 16.86 16.15 15.95 14.87 14.54 14.37 15.24 14.98 15.35 15.11 15.67 15.62 16.19 15.94 15.99 16.07 15.53 16.33 15.84 16.47 16.58 15.88 15.48 15.70 15.89 15.46 16.28 16.25 15.86 15.54 16.07 15.17 14.82 15.01 14.63 14.74 13.14 14.84 16.17 14.88 13.64 13.91 13.32 12.67 12.41 13.10 13.62 13.88 13.95 14.18 14.84 14.60 14.21 14.95 15.27 14.66 14.95 15.41 15.19 14.98 13.82 15.08 15.00 14.75 14.47 13.88 14.11 13.67 13.15 13.16 13.40 14.32
15.73 16.27 16.28 16.36 16.12 16.42 15.73 16.11 15.46 15.97 16.53 15.88 15.23 15.57 15.60 15.45 15.31 15.79 15.09 15.58 15.53 16.08 15.95 15.99 16.02 15.76 15.81 16.57 16.63 15.86 15.07 15.50 15.70 15.38 15.47 16.15 15.93 15.38 15.00 15.62 15.25 15.47 14.53 15.95 15.78 14.07 14.80 13.89 13.22 13.75 13.41 13.53 14.04 14.12 14.49 13.13 13.63 14.46 14.00 14.95 14.66 15.09 14.35 14.77 14.29 14.03 14.91 15.43 14.74 14.57 14.26 14.32 14.10 13.02 12.87 13.55 14.74
15.23 15.61 15.79 16.78 16.47 16.37 16.74 15.33 15.74 15.89 15.75 16.00 15.88 15.96 15.63 15.82 15.42 15.46 15.42 15.87 14.30 14.33 14.75 15.57 14.95 15.63 14.89 15.88 15.43 15.47 15.60 14.94 13.96 14.61 15.88 15.63 15.67 15.60 15.75 14.98 14.58 16.24 15.91 15.80 13.99 14.08 13.98 14.18 14.40 13.81 13.26 14.03 13.24 13.82 13.99 14.17 14.22 13.07 13.42 14.20 14.36 14.60 15.24 15.25 14.41 14.62 14.62 14.53 14.48 14.81 14.72 14.87 14.36 14.52 14.64 14.49 14.56
15.28 15.73 16.14 16.29 16.17 16.53 15.89 15.69 15.31 14.96 14.56 16.21 16.53 15.98 15.34 15.35 16.05 16.18 16.32 15.63 15.02 15.49 15.17 15.05 15.33 15.51 15.64 15.66 15.37 16.06 15.52 14.41 14.66 14.55 15.00 15.55 15.38 15.22 15.22 15.36 15.36 15.74 15.54 15.46 15.44 15.29 14.84 15.06 15.43 13.43 12.86 13.55 13.55 12.77 12.96 14.40 14.73 14.03 13.49 13.06 13.83 13.23 13.41 14.30 14.55 14.50 14.05 14.05 15.01 15.39 15.14 15.33 15.15 14.65 14.49 14.15 13.17
15.81 15.64 15.62 15.63 16.31 16.70 16.00 15.66 15.23 15.33 15.20 15.55 15.53 15.28 15.53 15.86 16.50 15.19 15.64 15.55 14.33 14.76 15.33 15.74 15.70 15.47 14.50 15.30 15.38 15.87 14.86 15.11 15.15 14.59 14.40 14.37 16.21 15.41 14.85 14.21 14.60 15.59 15.16 15.60 15.88 15.62 15.13 14.54 15.07 14.86 13.67 13.76 13.84 12.45 13.81 13.46 13.65 13.84 13.65 13.48 14.01 14.76 14.69 14.57 14.59 14.95 14.97 15.59 16.15 15.99 15.93 15.10 14.97 14.44 14.88 13.87 12.98
15.36 15.40 16.11 15.96 16.69 16.76 17.33 16.09 16.10 15.70 15.54 16.42 16.63 16.26 15.89 16.01 15.22 15.52 15.14 15.55 15.91 15.27 15.42 15.44 15.25 15.38 14.67 15.55 15.54 15.55 15.00 14.65 15.00 15.16 15.12 15.43 15.80 15.53 15.13 15.16 15.98 16.31 15.01 15.94 16.06 15.81 14.62 14.10 14.55 15.11 15.13 15.40 15.70 14.54 14.30 13.17 13.91 14.00 13.28 13.02 12.94 13.93 14.21 13.13 13.07 13.09 14.39 14.66 15.52 14.70 15.10 15.01 15.47 14.71 15.20 14.45 13.86
15.37 15.92 16.35 16.88 17.25 17.16 17.15 16.80 16.39 15.99 15.56 15.21 15.75 15.91 15.85 15.88 16.49 16.23 15.96 15.20 14.89 15.24 14.98 15.14 14.57 15.74 15.65 16.00 16.22 16.41 15.41 15.25 15.28 15.92 15.49 15.74 15.83 16.41 15.98 14.97 16.06 15.60 14.43 14.88 15.42 16.01 15.88 15.55 15.37 15.01 15.03 15.31 14.72 12.79 13.13 14.26 14.73 14.95 15.11 14.64 12.92 12.85 12.58 12.36 12.26 12.08 12.42 13.11 12.86 12.89 13.87 14.52 14.92 14.06 13.93 13.76 13.09
16.27 16.51 17.23 17.00 17.31 17.16 16.74 15.54 14.91 15.66 15.02 14.60 15.67 16.12 16.55 15.53 15.06 14.93 15.85 16.02 16.03 16.46 15.46 15.47 14.00 14.97 16.02 16.72 16.93 16.56 15.34 14.63 14.25 14.94 15.43 16.01 15.88 15.73 15.27 15.02 15.70 14.83 14.01 14.11 15.03 15.81 15.51 15.52 15.73 15.15 15.44 14.94 14.35 13.86 13.60 14.41 14.93 14.47 15.10 15.01 13.40 13.68 13.39 12.65 13.58 13.99 13.03 12.97 12.23 13.49 13.51 13.34 14.27 14.12 13.45 13.45 12.71
15.73 15.87 17.38 16.83 16.56 16.64 15.75 16.11 15.85 15.23 15.48 16.03 16.28 16.35 16.58 14.80 14.34 15.23 15.99 16.24 16.08 16.80 15.71 15.50 15.03 15.77 16.30 15.87 15.24 16.09 15.55 14.90 13.48 15.10 15.01 13.98 16.30 15.00 14.97 14.95 15.46 15.01 13.87 13.71 14.33 15.11 15.64 15.16 15.10 15.67 16.42 15.69 14.18 14.07 14.16 14.27 15.39 14.82 14.27 13.27 13.62 14.26 14.55 14.67 14.21 14.49 13.76 12.35 12.30 12.89 13.39 12.98 12.55 12.64 13.17 13.10 13.33
15.85 16.59 16.09 15.32 15.56 15.45 15.40 15.17 15.47 15.99 16.35 16.63 16.33 17.03 16.53 14.25 14.25 15.43 16.02 15.98 16.29 16.68 16.40 15.44 15.13 15.46 16.14 16.05 15.90 16.48 16.57 15.49 15.04 14.53 15.18 15.55 15.27 14.85 15.28 15.99 14.89 14.59 13.85 13.38 13.49 14.64 14.86 15.51 15.14 15.62 16.15 16.27 14.76 14.63 14.39 14.45 15.14 14.48 14.42 14.05 14.20 13.93 14.33 14.17 13.85 13.46 14.05 13.22 11.84 12.82 13.08 11.97 12.00 12.11 12.20 12.52 13.25
16.03 15.64 15.92 16.07 16.28 16.49 15.68 14.81 14.89 15.50 15.83 16.86 16.95 16.94 16.29 14.96 14.90 14.06 14.98 15.54 15.56 16.10 15.90 14.96 15.64 15.45 15.45 16.41 15.94 15.84 15.91 16.28 16.12 15.28 15.29 14.45 14.83 15.26 15.30 14.96 14.72 14.31 14.14 13.68 13.15 12.69 13.43 14.57 14.64 15.98 16.26 16.71 16.59 16.27 15.28 14.83 15.32 13.93 14.19 14.54 14.72 13.89 13.60 12.82 12.11 12.71 13.62 13.78 13.16 12.26 11.49 11.24 11.05 11.14 11.52 11.45 12.02
15.52 15.07 15.46 14.97 15.88 16.49 16.55 16.02 15.87 16.36 16.15 16.09 16.52 16.75 16.05 15.46 14.71 14.14 14.32 14.55 15.10 15.44 15.40 14.88 14.93 15.18 15.94 15.54 14.86 15.12 15.36 15.94 16.60 15.17 14.10 14.85 13.44 12.85 14.36 14.60 14.05 14.31 14.33 13.93 13.31 12.85 13.04 12.79 12.87 13.83 14.75 15.17 16.33 15.71 14.75 14.26 14.53 13.82 13.77 13.31 12.78 12.29 12.67 12.49 12.43 12.61 12.93 12.57 13.18 11.23 12.03 12.05 11.55 11.97 11.15 11.32 11.60
16.11 14.95 13.89 14.46 14.91 16.19 15.62 15.43 16.27 15.20 15.40 16.11 16.27 16.12 14.49 14.39 14.55 15.03 14.13 14.21 15.56 15.37 15.72 15.42 15.24 14.84 15.28 15.99 16.04 15.74 15.46 15.48 15.99 15.03 15.50 15.48 13.75 12.91 13.65 13.92 13.96 14.29 14.43 15.04 14.83 14.08 12.43 12.91 12.42 12.91 12.50 12.97 14.46 13.59 14.01 13.26 13.59 13.08 13.75 13.01 12.69 12.81 11.45 11.23 13.07 13.23 12.79 12.92 13.17 12.23 11.76 11.06 10.86 11.00 10.82 10.86 13.16
17.17 16.51 14.84 14.86 15.72 16.73 17.14 17.15 16.37 16.19 15.52 15.59 15.20 15.64 15.39 15.55 15.83 14.72 14.58 14.47 15.63 16.09 15.51 15.73 15.85 15.41 15.34 15.77 16.82 16.02 15.75 15.86 16.48 14.42 14.52 15.38 14.86 14.50 13.88 14.59 15.15 14.71 14.18 13.59 13.71 13.72 13.08 13.04 12.91 13.57 12.80 12.55 12.69 11.56 12.12 12.07 11.75 12.37 13.32 13.50 13.57 12.01 11.18 11.90 12.89 13.01 12.39 12.57 12.73 11.71 11.82 10.12 8.88 8.99 8.70 10.09 12.30
16.82 16.49 15.35 15.09 15.09 15.88 16.10 16.67 15.93 15.32 14.19 15.47 15.58 15.90 15.55 15.36 14.96 14.79 14.78 15.23 15.58 15.33 16.07 15.74 15.85 15.31 15.52 15.92 16.54 16.31 16.14 16.12 16.48 15.25 14.46 15.47 15.62 15.28 14.65 14.68 15.01 14.46 13.69 13.39 13.88 12.70 12.93 11.70 11.39 12.77 12.50 12.91 12.49 11.55 11.60 10.39 11.29 12.49 12.94 12.88 13.42 12.41 11.67 11.24 11.51 12.12 11.64 12.12 12.91 11.89 11.82 10.02 8.31 9.32 9.71 10.04 10.64
15.81 15.58 15.52 16.22 15.60 14.66 14.85 15.87 15.70 15.46 14.97 14.10 14.26 14.75 14.97 14.04 13.21 14.11 14.90 15.45 14.93 15.21 15.24 14.87 14.06 14.40 15.32 15.52 15.46 15.25 13.24 14.00 15.26 14.36 14.48 15.52 15.79 16.15 15.44 14.51 13.54 14.14 14.31 15.15 14.16 12.72 11.81 10.22 10.99 12.07 11.79 11.51 10.36 8.99 10.35 10.40 12.14 12.47 13.06 13.30 13.08 12.01 12.06 11.49 10.71 12.05 11.56 11.80 10.93 10.40 11.60 11.67 10.56 10.80 11.69 10.82 10.34
15.50 15.31 16.45 17.05 15.47 15.22 15.18 15.44 15.40 15.02 14.70 15.04 14.06 14.51 14.70 14.42 15.13 15.30 14.99 15.51 15.25 14.59 15.04 14.29 13.92 14.02 13.59 14.18 14.29 14.26 13.02 13.43 13.23 13.19 13.49 14.61 14.97 15.51 15.55 13.87 13.17 13.68 13.65 14.21 13.55 11.80 10.23 9.92 11.57 12.26 11.66 10.39 9.25 9.36 10.54 9.79 10.03 11.06 11.83 12.63 12.05 11.80 11.91 11.02 10.26 10.98 11.34 11.47 11.10 11.15 12.11 11.85 10.91 10.91 10.76 9.68 9.76
15.70 15.89 16.88 16.56 15.51 15.08 15.47 16.10 16.44 15.83 13.98 13.49 13.42 15.02 15.94 15.83 16.26 16.29 16.05 14.52 14.44 15.24 14.32 12.97 12.73 11.90 12.41 12.51 13.21 13.19 11.83 12.78 12.26 11.98 11.84 12.49 14.06 14.70 14.23 13.58 12.10 12.24 11.98 12.31 11.88 11.22 11.09 10.72 11.62 11.25 9.81 9.82 9.55 9.15 10.20 10.42 10.24 10.29 10.75 10.91 10.55 10.52 10.08 8.71 9.77 9.26 11.20 10.77 10.78 10.71 11.14 10.11 9.80 9.10 9.28 10.33 9.55
