main/data/irradiance/03.02.2023.grid
ncols 839
nrows 679
xllcenter 112.0500
yllcenter -43.9500
cellsize 0.0500
nodata_value 99999.90
[rows 238 to 271 of 679, columns 385 to 461 of 839]
29.55 29.52 29.54 29.51 29.55 29.55 29.51 29.54 29.55 29.55 29.55 29.54 29.49 29.43 29.50 29.53 29.53 29.54 29.55 29.51 29.48 29.46 29.48 29.52 29.49 29.46 29.48 29.46 29.48 29.48 29.48 29.47 29.49 29.49 29.51 29.51 29.49 29.46 29.47 29.47 29.51 29.49 29.49 29.49 29.50 29.45 29.47 29.50 29.48 29.44 29.43 29.43 29.42 29.43 29.45 29.48 29.46 29.45 29.47 29.44 29.47 29.48 29.49 29.52 29.53 29.52 29.52 29.50 29.55 29.58 29.57 29.53 29.55 29.56 29.55 29.53 29.54
29.48 29.48 29.50 29.49 29.52 29.51 29.50 29.51 29.51 29.53 29.50 29.51 29.49 29.46 29.47 29.52 29.54 29.51 29.55 29.52 29.51 29.51 29.50 29.52 29.52 29.48 29.47 29.46 29.46 29.45 29.48 29.45 29.49 29.50 29.51 29.50 29.48 29.47 29.46 29.47 29.47 29.48 29.48 29.49 29.44 29.47 29.47 29.47 29.48 29.46 29.42 29.44 29.43 29.42 29.42 29.46 29.49 29.48 29.48 29.46 29.45 29.44 29.45 29.48 29.49 29.50 29.51 29.50 29.52 29.54 29.52 29.54 29.56 29.56 29.55 29.55 29.54
29.51 29.50 29.51 29.51 29.53 29.53 29.50 29.52 29.51 29.52 29.52 29.53 29.51 29.50 29.46 29.48 29.49 29.49 29.50 29.48 29.52 29.53 29.52 29.53 29.54 29.50 29.47 29.46 29.46 29.48 29.44 29.45 29.47 29.51 29.51 29.50 29.50 29.46 29.47 29.47 29.46 29.48 29.48 29.48 29.45 29.46 29.47 29.45 29.46 29.46 29.43 29.42 29.42 29.41 29.41 29.42 29.46 29.46 29.48 29.46 29.45 29.47 29.46 29.46 29.48 29.48 29.50 29.53 29.50 29.52 29.52 29.55 29.59 29.59 29.57 29.59 29.59
29.50 29.52 29.54 29.53 29.53 29.50 29.48 29.52 29.53 29.52 29.51 29.52 29.48 29.49 29.46 29.47 29.46 29.49 29.49 29.52 29.52 29.53 29.52 29.52 29.51 29.49 29.48 29.47 29.48 29.48 29.47 29.47 29.46 29.47 29.50 29.50 29.50 29.48 29.46 29.47 29.50 29.51 29.48 29.48 29.46 29.48 29.48 29.46 29.46 29.44 29.44 29.43 29.43 29.43 29.42 29.44 29.42 29.42 29.45 29.44 29.44 29.43 29.44 29.47 29.48 29.48 29.48 29.51 29.51 29.52 29.52 29.56 29.58 29.58 29.57 29.58 29.57
29.55 29.60 29.62 29.60 29.55 29.51 29.52 29.51 29.51 29.53 29.52 29.49 29.48 29.51 29.48 29.50 29.49 29.51 29.50 29.51 29.49 29.50 29.50 29.50 29.49 29.50 29.50 29.49 29.48 29.48 29.48 29.49 29.48 29.47 29.51 29.53 29.49 29.49 29.47 29.46 29.47 29.49 29.50 29.49 29.47 29.49 29.51 29.48 29.48 29.47 29.45 29.46 29.42 29.43 29.44 29.43 29.43 29.44 29.46 29.44 29.46 29.43 29.44 29.45 29.46 29.49 29.49 29.52 29.53 29.52 29.54 29.58 29.58 29.57 29.57 29.55 29.56
29.52 29.56 29.58 29.50 29.49 29.52 29.50 29.52 29.52 29.51 29.53 29.52 29.53 29.49 29.48 29.52 29.53 29.55 29.53 29.49 29.48 29.51 29.52 29.50 29.49 29.50 29.51 29.52 29.49 29.47 29.50 29.50 29.52 29.53 29.50 29.49 29.49 29.48 29.48 29.47 29.45 29.48 29.48 29.50 29.48 29.45 29.49 29.47 29.46 29.46 29.47 29.45 29.45 29.48 29.48 29.45 29.45 29.46 29.46 29.48 29.46 29.45 29.45 29.45 29.46 29.48 29.48 29.49 29.50 29.50 29.52 29.53 29.56 29.57 29.58 29.56 29.56
29.48 29.56 29.53 29.50 29.51 29.50 29.50 29.52 29.53 29.52 29.56 29.51 29.48 29.47 29.48 29.51 29.52 29.52 29.52 29.51 29.51 29.50 29.49 29.48 29.49 29.50 29.50 29.54 29.52 29.49 29.48 29.51 29.50 29.49 29.51 29.50 29.47 29.48 29.47 29.45 29.45 29.46 29.47 29.52 29.57 29.52 29.49 29.47 29.47 29.47 29.47 29.48 29.49 29.47 29.47 29.46 29.44 29.45 29.46 29.48 29.47 29.45 29.45 29.45 29.45 29.48 29.47 29.46 29.52 29.52 29.49 29.51 29.48 29.51 29.54 29.56 29.56
29.53 29.55 29.54 29.55 29.54 29.51 29.53 29.53 29.51 29.51 29.51 29.51 29.47 29.48 29.48 29.51 29.48 29.49 29.54 29.54 29.54 29.52 29.51 29.51 29.49 29.48 29.50 29.52 29.51 29.53 29.51 29.49 29.52 29.51 29.50 29.52 29.51 29.48 29.47 29.46 29.45 29.48 29.48 29.52 29.53 29.55 29.53 29.51 29.50 29.52 29.52 29.50 29.50 29.49 29.48 29.48 29.46 29.46 29.50 29.49 29.50 29.45 29.45 29.45 29.47 29.49 29.48 29.46 29.50 29.51 29.51 29.52 29.51 29.51 29.52 29.55 29.54
29.57 29.58 29.60 29.58 29.54 29.54 29.54 29.54 29.53 29.51 29.48 29.47 29.47 29.49 29.49 29.51 29.48 29.47 29.49 29.53 29.56 29.54 29.52 29.53 29.50 29.49 29.52 29.55 29.54 29.52 29.50 29.52 29.50 29.51 29.50 29.50 29.51 29.51 29.49 29.47 29.48 29.50 29.52 29.52 29.55 29.57 29.56 29.55 29.56 29.54 29.52 29.51 29.50 29.49 29.48 29.50 29.49 29.48 29.48 29.50 29.49 29.48 29.47 29.46 29.49 29.48 29.47 29.48 29.48 29.48 29.49 29.53 29.52 29.52 29.50 29.49 29.51
29.56 29.59 29.64 29.62 29.58 29.58 29.53 29.53 29.56 29.53 29.53 29.56 29.52 29.49 29.49 29.50 29.50 29.51 29.49 29.52 29.59 29.52 29.48 29.51 29.49 29.48 29.53 29.54 29.54 29.55 29.56 29.56 29.55 29.53 29.52 29.51 29.49 29.52 29.50 29.48 29.49 29.52 29.55 29.54 29.57 29.59 29.57 29.57 29.57 29.55 29.53 29.50 29.47 29.50 29.48 29.48 29.49 29.51 29.49 29.50 29.51 29.51 29.48 29.46 29.48 29.49 29.45 29.49 29.50 29.48 29.52 29.52 29.51 29.51 29.50 29.50 29.51
29.60 29.63 29.65 29.62 29.60 29.60 29.60 29.59 29.59 29.56 29.55 29.56 29.56 29.55 29.53 29.55 29.54 29.53 29.49 29.50 29.52 29.55 29.53 29.51 29.49 29.48 29.50 29.51 29.54 29.55 29.57 29.59 29.63 29.57 29.54 29.52 29.50 29.49 29.48 29.49 29.53 29.57 29.58 29.54 29.54 29.53 29.54 29.55 29.60 29.58 29.57 29.47 29.48 29.48 29.46 29.48 29.50 29.48 29.48 29.46 29.50 29.52 29.46 29.46 29.48 29.48 29.46 29.49 29.50 29.49 29.50 29.49 29.50 29.52 29.50 29.51 29.51
29.63 29.66 29.64 29.62 29.62 29.62 29.62 29.62 29.63 29.63 29.63 29.63 29.61 29.60 29.58 29.58 29.56 29.53 29.51 29.56 29.57 29.61 29.61 29.52 29.48 29.49 29.52 29.56 29.53 29.55 29.52 29.53 29.54 29.56 29.54 29.52 29.51 29.50 29.51 29.52 29.52 29.61 29.60 29.56 29.56 29.57 29.55 29.56 29.59 29.59 29.58 29.55 29.54 29.50 29.48 29.48 29.48 29.46 29.46 29.46 29.48 29.49 29.48 29.47 29.49 29.49 29.47 29.51 29.51 29.47 29.50 29.52 29.51 29.52 29.51 29.50 29.48
29.64 29.67 29.65 29.65 29.61 29.62 29.61 29.60 29.66 29.66 29.67 29.66 29.64 29.64 29.60 29.57 29.59 29.56 29.54 29.62 29.61 29.66 29.62 29.53 29.50 29.54 29.54 29.57 29.55 29.57 29.53 29.50 29.53 29.52 29.54 29.52 29.51 29.49 29.49 29.52 29.51 29.60 29.57 29.59 29.62 29.63 29.60 29.61 29.59 29.61 29.61 29.59 29.57 29.54 29.50 29.48 29.49 29.46 29.45 29.48 29.47 29.49 29.46 29.47 29.49 29.50 29.51 29.51 29.52 29.51 29.53 29.55 29.52 29.55 29.55 29.53 29.51
29.67 29.67 29.65 29.61 29.61 29.61 29.62 29.59 29.61 29.67 29.64 29.65 29.65 29.65 29.60 29.60 29.60 29.60 29.58 29.63 29.62 29.63 29.58 29.54 29.51 29.57 29.56 29.57 29.56 29.56 29.55 29.50 29.52 29.50 29.48 29.51 29.53 29.52 29.52 29.52 29.51 29.53 29.56 29.58 29.56 29.59 29.55 29.55 29.56 29.62 29.62 29.58 29.59 29.58 29.52 29.48 29.50 29.47 29.45 29.50 29.47 29.50 29.49 29.49 29.50 29.47 29.47 29.51 29.50 29.52 29.53 29.54 29.56 29.55 29.56 29.56 29.57
29.61 29.62 29.61 29.58 29.59 29.61 29.62 29.59 29.55 29.64 29.61 29.64 29.66 29.64 29.62 29.60 29.60 29.58 29.58 29.59 29.57 29.59 29.55 29.56 29.53 29.53 29.54 29.52 29.52 29.55 29.55 29.53 29.53 29.56 29.50 29.50 29.50 29.50 29.52 29.52 29.50 29.49 29.49 29.52 29.49 29.50 29.47 29.46 29.59 29.62 29.61 29.56 29.56 29.58 29.52 29.50 29.48 29.46 29.48 29.48 29.50 29.49 29.47 29.47 29.50 29.49 29.47 29.49 29.50 29.52 29.53 29.53 29.56 29.55 29.56 29.56 29.56
29.58 29.60 29.59 29.59 29.61 29.59 29.61 29.62 29.61 29.59 29.59 29.59 29.60 29.60 29.61 29.55 29.51 29.51 29.51 29.53 29.53 29.55 29.53 29.55 29.54 29.50 29.51 29.51 29.54 29.57 29.58 29.57 29.55 29.61 29.58 29.54 29.54 29.52 29.54 29.50 29.53 29.52 29.52 29.52 29.52 29.50 29.48 29.48 29.59 29.61 29.59 29.55 29.58 29.52 29.50 29.51 29.52 29.49 29.46 29.49 29.49 29.51 29.48 29.48 29.49 29.48 29.48 29.50 29.51 29.53 29.49 29.50 29.52 29.51 29.53 29.54 29.53
29.59 29.60 29.60 29.57 29.59 29.58 29.60 29.58 29.57 29.55 29.56 29.55 29.53 29.54 29.52 29.51 29.51 29.52 29.52 29.52 29.56 29.59 29.54 29.54 29.52 29.52 29.54 29.54 29.54 29.57 29.56 29.58 29.56 29.62 29.60 29.58 29.60 29.66 29.57 29.48 29.48 29.52 29.54 29.56 29.53 29.51 29.49 29.52 29.58 29.60 29.58 29.54 29.54 29.51 29.50 29.53 29.50 29.48 29.48 29.51 29.52 29.50 29.47 29.47 29.48 29.47 29.48 29.50 29.54 29.51 29.48 29.50 29.49 29.49 29.53 29.57 29.54
29.57 29.58 29.56 29.56 29.58 29.56 29.55 29.56 29.59 29.61 29.60 29.56 29.56 29.54 29.54 29.53 29.54 29.57 29.59 29.62 29.63 29.64 29.64 29.56 29.55 29.55 29.57 29.55 29.54 29.55 29.56 29.58 29.58 29.59 29.60 29.60 29.59 29.59 29.57 29.52 29.50 29.53 29.52 29.50 29.48 29.49 29.51 29.52 29.52 29.54 29.54 29.52 29.50 29.50 29.51 29.52 29.50 29.51 29.49 29.48 29.48 29.49 29.49 29.49 29.48 29.47 29.48 29.49 29.50 29.50 29.52 29.51 29.50 29.51 29.50 29.49 29.50
29.64 29.59 29.57 29.57 29.58 29.59 29.60 29.62 29.67 29.62 29.60 29.54 29.58 29.57 29.55 29.58 29.56 29.57 29.58 29.60 29.65 29.66 29.66 29.68 29.69 29.62 29.60 29.55 29.53 29.54 29.54 29.60 29.62 29.60 29.61 29.60 29.58 29.59 29.57 29.53 29.50 29.50 29.50 29.52 29.56 29.54 29.52 29.51 29.50 29.49 29.51 29.50 29.49 29.48 29.50 29.49 29.48 29.50 29.51 29.46 29.44 29.48 29.48 29.50 29.47 29.50 29.47 29.50 29.54 29.49 29.48 29.52 29.49 29.47 29.48 29.49 29.51
29.55 29.55 29.54 29.55 29.54 29.55 29.56 29.63 29.66 29.60 29.61 29.56 29.58 29.58 29.55 29.57 29.57 29.55 29.54 29.56 29.59 29.63 29.68 29.71 29.70 29.66 29.58 29.56 29.52 29.52 29.55 29.58 29.61 29.57 29.55 29.57 29.58 29.57 29.57 29.56 29.51 29.51 29.53 29.54 29.59 29.56 29.55 29.49 29.48 29.48 29.50 29.50 29.50 29.49 29.50 29.50 29.49 29.49 29.49 29.47 29.44 29.46 29.49 29.48 29.47 29.53 29.51 29.50 29.51 29.47 29.48 29.48 29.49 29.48 29.46 29.48 29.50
29.57 29.58 29.63 29.60 29.57 29.54 29.56 29.55 29.52 29.56 29.58 29.56 29.59 29.58 29.58 29.58 29.57 29.55 29.53 29.53 29.56 29.55 29.57 29.66 29.65 29.61 29.63 29.55 29.54 29.53 29.55 29.57 29.58 29.57 29.56 29.56 29.57 29.54 29.56 29.58 29.54 29.54 29.54 29.56 29.54 29.52 29.52 29.51 29.49 29.50 29.50 29.50 29.48 29.52 29.55 29.54 29.52 29.50 29.48 29.51 29.51 29.50 29.47 29.48 29.48 29.54 29.53 29.50 29.46 29.46 29.46 29.46 29.50 29.49 29.50 29.50 29.51
29.59 29.62 29.65 29.65 29.64 29.63 29.66 29.61 29.56 29.58 29.57 29.59 29.59 29.59 29.59 29.58 29.56 29.56 29.58 29.53 29.56 29.56 29.54 29.49 29.56 29.63 29.57 29.52 29.52 29.51 29.52 29.52 29.56 29.57 29.54 29.55 29.57 29.54 29.55 29.56 29.57 29.56 29.55 29.56 29.53 29.50 29.52 29.51 29.48 29.50 29.52 29.49 29.50 29.48 29.50 29.50 29.51 29.50 29.48 29.51 29.51 29.51 29.51 29.48 29.50 29.54 29.50 29.49 29.46 29.46 29.46 29.48 29.49 29.50 29.49 29.50 29.49
29.64 29.64 29.65 29.65 29.64 29.65 29.64 29.65 29.59 29.60 29.59 29.58 29.58 29.57 29.59 29.56 29.54 29.53 29.56 29.55 29.59 29.58 29.56 29.53 29.51 29.52 29.54 29.54 29.52 29.53 29.53 29.53 29.52 29.55 29.56 29.54 29.55 29.55 29.55 29.57 29.56 29.56 29.55 29.56 29.54 29.51 29.50 29.51 29.49 29.51 29.50 29.48 29.50 29.46 29.45 29.46 29.45 29.47 29.49 29.49 29.51 29.49 29.47 29.48 29.48 29.45 29.46 29.45 29.47 29.48 29.48 29.49 29.49 29.48 29.47 29.47 29.49
29.70 29.65 29.65 29.62 29.63 29.64 29.64 29.62 29.60 29.63 29.63 29.62 29.58 29.56 29.58 29.57 29.53 29.54 29.51 29.54 29.56 29.57 29.58 29.55 29.54 29.55 29.54 29.54 29.54 29.62 29.55 29.54 29.52 29.52 29.55 29.57 29.57 29.57 29.56 29.56 29.57 29.55 29.55 29.56 29.53 29.51 29.53 29.52 29.52 29.51 29.51 29.49 29.45 29.45 29.46 29.46 29.46 29.47 29.49 29.47 29.49 29.51 29.50 29.49 29.49 29.47 29.46 29.45 29.46 29.46 29.47 29.46 29.47 29.47 29.46 29.47 29.52
29.73 29.66 29.65 29.64 29.63 29.60 29.60 29.62 29.63 29.64 29.63 29.64 29.61 29.58 29.59 29.58 29.52 29.53 29.52 29.53 29.56 29.57 29.56 29.55 29.56 29.55 29.56 29.57 29.62 29.56 29.57 29.53 29.50 29.49 29.51 29.53 29.53 29.55 29.56 29.56 29.56 29.56 29.54 29.53 29.51 29.49 29.49 29.50 29.50 29.50 29.51 29.51 29.48 29.51 29.46 29.45 29.47 29.48 29.48 29.50 29.46 29.47 29.47 29.48 29.49 29.48 29.50 29.48 29.49 29.47 29.49 29.50 29.50 29.47 29.47 29.47 29.47
29.70 29.71 29.65 29.60 29.62 29.59 29.60 29.62 29.61 29.58 29.58 29.58 29.58 29.58 29.61 29.58 29.54 29.54 29.52 29.51 29.52 29.52 29.52 29.53 29.56 29.57 29.57 29.56 29.55 29.52 29.53 29.52 29.50 29.47 29.50 29.49 29.50 29.52 29.54 29.56 29.56 29.56 29.52 29.51 29.51 29.50 29.48 29.47 29.51 29.51 29.52 29.51 29.52 29.51 29.47 29.44 29.45 29.47 29.49 29.48 29.47 29.47 29.46 29.46 29.45 29.45 29.46 29.47 29.50 29.51 29.51 29.50 29.47 29.46 29.47 29.46 29.47
29.61 29.60 29.59 29.56 29.58 29.55 29.57 29.57 29.57 29.55 29.54 29.55 29.54 29.55 29.58 29.57 29.57 29.58 29.52 29.52 29.51 29.53 29.55 29.54 29.53 29.53 29.54 29.55 29.53 29.53 29.53 29.52 29.51 29.48 29.50 29.50 29.47 29.50 29.52 29.53 29.53 29.55 29.54 29.50 29.50 29.50 29.49 29.49 29.48 29.52 29.57 29.58 29.59 29.58 29.55 29.51 29.47 29.46 29.51 29.50 29.48 29.54 29.48 29.44 29.46 29.45 29.47 29.49 29.51 29.52 29.51 29.49 29.49 29.48 29.48 29.45 29.47
29.62 29.58 29.57 29.56 29.56 29.56 29.56 29.55 29.54 29.54 29.54 29.58 29.56 29.56 29.56 29.57 29.59 29.56 29.54 29.54 29.54 29.52 29.51 29.51 29.49 29.49 29.53 29.51 29.50 29.51 29.54 29.51 29.52 29.51 29.50 29.53 29.53 29.51 29.49 29.51 29.50 29.49 29.50 29.51 29.52 29.50 29.47 29.54 29.53 29.54 29.53 29.56 29.56 29.52 29.51 29.51 29.49 29.47 29.48 29.46 29.44 29.49 29.55 29.55 29.49 29.50 29.50 29.53 29.54 29.54 29.52 29.46 29.34 29.48 29.47 29.46 29.49
29.61 29.59 29.61 29.61 29.60 29.60 29.62 29.60 29.59 29.59 29.61 29.62 29.62 29.59 29.56 29.60 29.57 29.53 29.54 29.57 29.59 29.54 29.53 29.54 29.50 29.51 29.52 29.50 29.51 29.52 29.52 29.52 29.49 29.48 29.50 29.52 29.51 29.50 29.50 29.51 29.50 29.52 29.50 29.52 29.51 29.51 29.53 29.56 29.55 29.53 29.52 29.52 29.55 29.54 29.54 29.53 29.52 29.45 29.44 29.46 29.48 29.50 29.53 29.59 29.58 29.58 29.58 29.57 29.59 29.60 29.51 29.47 29.50 29.50 29.50 29.46 29.49
29.62 29.59 29.61 29.59 29.60 29.60 29.58 29.61 29.58 29.62 29.62 29.59 29.60 29.58 29.57 29.54 29.54 29.57 29.55 29.55 29.55 29.55 29.55 29.53 29.52 29.52 29.53 29.51 29.50 29.51 29.50 29.50 29.48 29.50 29.54 29.53 29.54 29.53 29.52 29.51 29.49 29.50 29.52 29.51 29.52 29.52 29.49 29.51 29.51 29.51 29.52 29.52 29.54 29.55 29.55 29.57 29.55 29.52 29.47 29.47 29.48 29.47 29.52 29.51 29.53 29.54 29.57 29.56 29.54 29.52 29.47 29.49 29.52 29.53 29.52 29.48 29.50
29.63 29.59 29.61 29.61 29.60 29.64 29.61 29.61 29.63 29.63 29.62 29.60 29.58 29.59 29.62 29.60 29.57 29.55 29.54 29.55 29.56 29.58 29.57 29.54 29.55 29.54 29.54 29.53 29.53 29.54 29.53 29.52 29.48 29.51 29.53 29.52 29.52 29.53 29.54 29.52 29.51 29.49 29.50 29.48 29.50 29.49 29.51 29.51 29.52 29.52 29.52 29.52 29.52 29.55 29.53 29.53 29.54 29.49 29.49 29.49 29.50 29.49 29.50 29.49 29.50 29.48 29.50 29.54 29.53 29.52 29.48 29.51 29.51 29.55 29.55 29.53 29.51
29.63 29.62 29.61 29.65 29.64 29.62 29.62 29.64 29.68 29.64 29.63 29.61 29.58 29.56 29.59 29.64 29.61 29.58 29.56 29.58 29.59 29.60 29.62 29.64 29.59 29.59 29.56 29.53 29.52 29.52 29.53 29.51 29.50 29.48 29.50 29.53 29.52 29.52 29.54 29.53 29.50 29.48 29.50 29.54 29.52 29.51 29.51 29.52 29.53 29.54 29.53 29.54 29.55 29.59 29.55 29.52 29.51 29.48 29.49 29.49 29.51 29.52 29.51 29.50 29.51 29.49 29.55 29.55 29.53 29.53 29.49 29.49 29.49 29.51 29.52 29.48 29.49
29.59 29.61 29.65 29.63 29.59 29.58 29.59 29.61 29.64 29.63 29.58 29.62 29.61 29.58 29.58 29.56 29.57 29.57 29.56 29.57 29.60 29.65 29.67 29.63 29.61 29.62 29.60 29.57 29.55 29.54 29.54 29.55 29.52 29.54 29.52 29.53 29.51 29.54 29.56 29.50 29.49 29.50 29.52 29.55 29.55 29.52 29.51 29.51 29.49 29.50 29.55 29.53 29.54 29.53 29.54 29.55 29.53 29.51 29.50 29.52 29.55 29.52 29.51 29.52 29.52 29.52 29.54 29.51 29.52 29.53 29.48 29.48 29.49 29.50 29.52 29.52 29.51
29.62 29.64 29.62 29.59 29.59 29.63 29.63 29.61 29.63 29.61 29.62 29.62 29.60 29.61 29.60 29.59 29.56 29.55 29.57 29.55 29.55 29.56 29.61 29.60 29.59 29.60 29.60 29.57 29.57 29.58 29.61 29.61 29.57 29.56 29.54 29.52 29.56 29.54 29.54 29.53 29.51 29.50 29.50 29.51 29.50 29.50 29.54 29.52 29.52 29.51 29.50 29.50 29.50 29.51 29.51 29.52 29.51 29.53 29.52 29.53 29.53 29.51 29.52 29.50 29.51 29.50 29.50 29.51 29.49 29.49 29.48 29.49 29.52 29.49 29.49 29.49 29.51
