main/data/irradiance/03.04.2023.grid
ncols 839
nrows 679
xllcenter 112.0500
yllcenter -43.9500
cellsize 0.0500
nodata_value 99999.90
[rows 340 to 373 of 679, columns 154 to 230 of 839]
9.24 9.98 10.50 10.85 11.03 12.16 12.56 13.50 12.97 13.54 13.41 10.26 9.96 11.46 10.90 10.19 11.77 10.93 11.05 9.77 7.42 9.65 8.97 7.57 7.07 6.80 6.52 4.92 6.03 8.18 9.92 7.78 7.45 8.30 8.29 6.75 6.83 7.56 7.60 7.45 7.50 7.46 8.73 9.46 10.28 10.04 9.54 9.82 8.51 7.75 8.06 7.66 8.13 7.68 7.27 9.26 9.80 9.78 9.65 9.80 10.03 8.92 9.25 10.37 10.59 10.51 9.61 8.81 8.85 8.31 8.75 9.64 10.20 10.41 10.24 9.75 9.64
9.70 9.90 10.88 10.51 10.60 12.46 13.09 12.93 12.35 12.49 11.99 11.49 9.64 10.29 9.19 9.11 9.15 9.96 10.70 9.41 6.13 7.77 9.05 8.54 8.87 9.89 7.85 7.18 5.87 7.40 10.04 8.53 6.86 7.78 8.94 8.02 7.09 7.21 7.23 7.68 7.10 7.62 9.49 10.57 10.26 10.24 9.84 9.12 6.94 5.98 6.51 7.04 7.70 9.17 8.85 8.96 9.16 8.65 9.42 10.66 10.40 9.19 8.27 8.20 8.75 8.49 8.38 8.49 8.80 8.91 8.32 9.52 10.29 10.68 9.45 8.96 8.65
11.22 10.09 9.51 10.31 9.34 10.75 11.79 10.98 10.54 12.43 12.56 10.59 10.29 7.98 9.30 7.38 8.20 10.24 10.69 9.68 7.02 6.27 7.22 8.36 8.62 8.78 9.74 9.25 8.72 7.20 8.37 7.93 8.28 7.28 7.53 7.28 7.01 6.82 7.45 8.47 7.11 8.03 11.36 10.08 8.59 8.67 7.87 7.00 6.66 6.35 6.75 7.02 7.65 9.37 9.78 8.94 8.60 7.67 8.83 9.93 8.88 7.28 6.99 6.74 6.78 6.98 7.20 8.19 8.89 8.75 8.69 9.94 9.77 10.55 11.24 10.14 10.20
9.98 8.92 8.57 10.21 10.11 10.03 10.40 11.69 10.88 11.30 9.91 8.07 9.12 8.78 9.94 9.25 8.22 11.30 10.50 10.45 8.05 7.70 7.29 8.92 9.08 8.38 8.50 8.62 9.32 8.26 5.01 4.57 6.09 6.35 6.38 6.43 6.27 6.10 6.57 6.78 5.51 6.34 8.36 7.78 7.58 7.21 7.28 6.65 6.76 5.67 6.05 6.51 7.46 8.46 9.24 8.68 8.98 8.13 8.44 8.83 7.79 7.01 6.58 6.47 7.22 7.05 7.53 8.45 7.88 7.71 7.99 8.64 8.78 10.53 10.72 10.03 9.39
10.42 9.29 8.85 9.59 10.81 11.24 11.08 12.56 10.28 9.54 7.96 7.22 7.65 7.02 7.87 8.38 10.52 10.41 8.66 7.57 7.50 7.02 7.54 8.08 9.29 8.61 7.96 7.38 7.43 5.88 2.90 4.13 5.02 6.08 5.79 7.28 7.81 7.59 6.39 5.33 4.72 5.51 6.47 7.31 8.34 8.01 6.83 7.06 6.60 5.46 4.61 5.43 6.53 6.54 7.82 7.62 8.12 8.19 7.06 7.11 7.93 6.74 6.48 8.09 8.17 7.76 8.15 7.33 7.20 7.34 8.11 8.76 8.56 8.61 9.29 9.08 8.59
9.48 9.07 8.65 8.87 10.02 10.84 11.25 11.97 9.41 9.13 7.93 7.40 7.43 7.33 9.48 10.00 10.40 8.42 6.42 7.53 6.92 6.76 7.31 9.14 8.93 8.37 7.40 7.05 6.73 5.44 5.11 5.61 6.91 7.39 7.99 8.75 10.25 8.96 7.63 7.73 6.85 6.51 7.65 8.54 8.05 7.81 7.41 6.91 6.96 5.76 5.18 5.51 5.93 6.58 7.27 7.89 8.32 7.56 6.85 6.59 7.28 6.87 8.23 9.21 8.05 8.12 7.64 7.19 7.21 8.30 9.21 9.42 8.32 8.58 9.42 9.25 10.14
9.55 8.12 7.53 8.72 9.05 9.79 10.06 10.56 9.71 9.17 9.43 8.64 7.88 8.18 9.00 10.70 10.62 10.29 7.90 6.78 6.75 5.40 6.08 7.57 7.03 7.99 8.73 7.92 6.38 5.31 5.60 6.73 7.41 6.91 7.42 7.98 9.43 8.80 8.67 8.22 8.01 7.49 7.05 7.01 7.24 7.57 7.26 6.77 6.66 6.51 5.94 6.56 6.48 7.49 7.21 8.39 8.55 8.64 8.12 8.44 8.19 7.62 8.23 8.54 8.06 8.34 8.31 8.19 9.10 9.20 8.72 7.82 8.61 9.25 10.21 10.85 11.01
8.11 7.13 8.63 8.60 9.51 9.70 9.40 9.75 8.34 9.10 10.27 8.99 8.58 8.52 10.03 10.79 10.27 9.91 8.41 6.99 7.09 6.89 6.47 6.68 7.18 7.56 8.31 8.05 6.45 4.84 6.17 7.13 6.41 6.36 5.70 7.01 7.49 8.82 9.02 6.79 7.58 7.81 6.97 6.86 8.23 8.13 9.08 8.00 7.30 7.93 7.56 6.99 7.56 8.32 8.48 8.29 7.72 7.67 9.21 9.49 8.30 8.52 8.87 9.21 9.10 8.59 9.23 9.58 9.70 8.99 9.21 8.63 9.67 10.42 10.87 10.70 11.13
8.06 8.31 8.40 9.16 8.26 9.27 9.63 9.67 8.25 6.89 8.81 9.59 9.06 9.74 9.46 10.32 9.85 10.27 9.15 7.97 8.31 8.18 6.74 5.22 5.37 6.63 7.68 7.98 7.59 6.49 5.68 5.22 5.82 5.81 5.93 7.02 6.79 8.46 8.14 8.32 7.34 7.76 7.12 8.32 7.92 7.20 7.96 7.19 7.73 7.65 7.92 7.83 9.29 9.44 9.58 9.18 9.47 9.37 9.40 9.36 9.20 8.97 9.79 9.64 10.08 10.25 9.47 9.29 9.96 9.71 10.33 10.14 10.28 10.38 10.29 10.84 10.79
8.92 8.75 8.45 8.82 9.48 8.42 8.45 8.91 8.73 7.73 7.44 7.44 8.28 9.05 9.62 10.09 10.39 11.29 9.59 9.00 8.25 7.63 6.07 6.10 5.79 7.47 7.86 6.46 7.44 6.46 6.37 6.51 6.46 6.13 5.39 6.88 6.87 6.53 8.01 9.10 7.94 8.03 8.12 7.77 7.48 7.26 8.24 7.17 6.61 6.30 6.92 8.08 9.24 9.75 9.81 9.67 9.68 9.67 10.19 10.65 10.45 10.26 9.96 10.21 10.37 11.20 9.90 9.63 9.87 10.54 10.14 10.19 10.30 10.87 11.09 11.35 11.03
9.59 9.05 8.64 9.89 9.62 8.71 7.68 7.33 7.33 6.72 7.08 7.28 7.37 8.50 8.75 10.46 11.03 10.53 9.82 9.78 8.12 7.20 7.21 7.96 7.99 7.38 6.64 7.27 6.73 6.96 6.84 6.95 6.49 7.10 6.94 7.69 7.97 8.18 9.12 9.50 10.19 10.05 9.11 8.63 8.71 8.27 8.11 8.24 7.33 7.00 8.05 8.60 8.84 9.12 9.02 9.18 10.45 9.84 10.28 10.36 10.39 10.55 10.44 10.47 10.56 10.26 10.06 10.13 10.38 10.58 10.53 10.68 11.01 11.22 11.41 11.01 11.25
8.77 8.77 9.11 8.58 10.63 9.83 7.73 7.23 7.17 7.65 7.36 6.04 5.52 7.80 8.54 10.71 11.42 11.18 10.17 9.92 8.57 7.89 7.72 9.42 10.31 9.73 8.87 8.65 8.09 7.67 7.44 7.64 7.74 6.88 6.94 7.99 9.09 8.82 9.42 9.81 10.77 10.23 9.31 9.39 9.76 8.91 7.66 7.83 7.51 8.78 8.96 8.80 8.86 9.56 9.00 9.23 10.11 10.17 10.33 10.40 10.47 10.18 10.18 10.54 10.94 11.31 10.41 10.90 10.93 10.48 10.54 11.40 11.63 11.62 10.61 10.73 11.16
8.85 8.43 7.89 8.37 9.83 9.59 8.21 7.73 6.74 7.58 7.00 7.39 6.48 7.91 9.25 10.59 10.26 10.17 10.74 10.26 9.20 8.52 8.82 9.07 9.35 9.25 8.29 8.53 9.52 10.22 9.38 8.47 8.74 7.11 7.79 8.36 9.33 9.62 9.94 9.79 10.54 10.83 10.69 11.08 10.52 8.43 7.84 8.66 9.06 9.30 9.23 9.94 10.49 10.25 9.44 9.30 10.00 9.66 9.94 9.78 10.15 10.07 10.03 10.57 11.03 11.25 10.63 11.27 11.23 10.44 10.87 10.96 10.53 10.11 10.38 11.36 12.18
8.76 7.85 7.47 7.62 7.67 8.58 8.29 7.84 6.33 6.52 7.02 7.76 7.97 8.27 9.26 10.45 9.71 9.47 9.78 9.85 9.26 9.15 9.71 9.44 9.77 9.75 9.64 9.46 8.83 8.99 9.51 9.60 8.49 8.40 8.79 9.20 9.68 9.64 10.27 10.15 10.19 9.61 10.60 10.72 10.13 9.51 8.80 8.73 9.95 10.37 10.13 9.74 10.25 10.10 9.92 10.15 10.35 10.02 9.83 9.57 9.83 10.51 11.02 10.47 10.77 10.81 10.52 11.10 11.48 10.26 9.75 10.68 11.35 11.45 11.37 11.98 12.11
9.36 9.73 10.04 7.66 7.49 8.11 8.17 7.34 7.13 7.26 7.11 8.19 8.72 8.81 8.75 8.90 8.99 8.92 8.86 8.79 9.63 9.46 9.68 9.73 9.95 9.49 8.39 8.95 8.60 8.53 9.01 9.64 9.07 8.44 9.67 9.64 9.52 8.22 8.50 9.97 11.32 10.73 10.12 10.76 11.33 11.62 10.09 9.68 10.65 11.21 10.79 10.55 10.29 10.35 9.87 9.64 9.08 9.51 9.66 9.76 10.45 11.59 10.99 10.69 10.81 10.81 11.64 11.28 11.79 10.19 9.80 11.49 11.87 12.06 11.20 12.27 12.54
8.95 9.47 10.42 8.52 8.47 9.18 8.37 8.49 8.00 7.99 8.02 8.92 8.76 8.21 8.38 8.85 9.80 9.22 8.68 10.08 9.65 9.68 10.12 9.66 9.81 10.15 9.58 9.67 9.89 9.99 9.37 9.08 9.22 9.62 10.27 10.19 9.79 9.30 9.26 10.44 11.96 12.11 11.65 11.91 12.06 11.98 10.97 10.41 10.43 11.16 11.14 10.92 10.07 9.77 9.27 8.71 8.84 9.07 9.68 9.82 10.48 11.11 10.93 10.83 10.52 11.30 11.47 11.50 11.85 11.63 11.79 11.89 11.46 11.45 12.37 13.12 12.59
7.44 8.76 9.88 9.54 8.11 9.34 9.57 9.87 8.93 8.31 8.61 9.02 8.22 7.36 8.23 8.30 8.19 8.63 9.04 10.36 10.19 10.12 9.56 9.93 10.46 10.10 9.84 9.43 9.13 9.34 8.63 8.24 8.47 9.59 10.14 9.95 10.16 10.69 11.43 11.36 12.26 13.09 13.73 12.26 12.11 12.25 11.41 11.12 10.95 11.34 11.15 10.77 10.01 9.70 9.01 8.93 9.71 9.85 9.66 9.60 9.99 10.84 10.81 10.81 10.59 10.45 10.42 10.66 11.14 12.67 12.41 11.13 11.58 11.99 12.23 12.08 11.80
7.55 8.25 9.83 8.68 9.39 9.17 9.07 9.31 9.83 8.77 8.72 8.47 9.23 7.49 7.27 7.58 8.10 8.53 9.12 9.82 9.93 9.46 9.39 9.20 9.43 8.99 9.91 10.07 9.79 10.06 10.13 9.22 8.90 10.07 10.69 10.73 11.35 11.65 11.93 12.17 12.60 13.15 12.65 12.55 12.00 12.45 11.94 12.36 11.18 11.06 11.35 10.64 10.67 9.32 9.69 10.07 10.53 10.71 10.35 9.69 10.72 11.77 11.34 10.43 10.88 11.42 11.67 11.58 12.69 12.98 12.55 12.77 11.65 12.41 12.16 11.92 11.41
10.66 10.88 10.76 9.96 9.90 10.46 8.94 8.90 9.10 9.76 9.69 9.50 8.29 9.23 8.19 7.87 7.54 8.01 9.45 10.25 10.13 9.91 9.62 9.82 10.09 9.99 9.94 9.81 10.65 10.21 10.60 10.42 10.32 10.38 10.76 10.69 10.75 11.33 12.32 12.22 12.10 12.96 12.99 13.34 13.22 12.87 12.34 12.04 11.25 11.40 11.87 10.62 9.99 9.81 10.43 10.74 11.05 11.20 11.05 10.38 11.65 12.27 12.19 11.10 11.63 12.21 12.73 13.14 13.02 12.42 12.10 12.10 12.59 13.68 12.72 10.86 11.27
12.05 13.02 12.69 11.71 12.09 11.80 9.86 9.78 10.74 10.69 11.51 10.91 9.52 10.01 10.58 9.83 8.84 9.05 9.77 8.87 8.83 9.56 10.33 11.51 11.60 10.79 10.92 10.12 10.58 10.07 10.21 9.89 9.42 9.15 9.76 10.35 11.56 11.58 12.23 12.46 12.22 12.75 12.87 13.06 12.34 12.58 12.73 12.56 11.87 11.58 11.01 10.22 10.49 10.53 10.67 11.69 11.23 11.82 11.08 11.10 11.26 11.87 12.25 12.07 12.54 12.76 12.27 12.84 12.46 13.14 12.29 12.26 12.59 11.39 12.25 12.62 12.94
13.53 14.03 13.75 13.00 14.36 13.45 12.60 11.46 11.44 12.32 12.49 12.14 11.76 11.63 12.32 11.94 11.18 10.15 9.79 9.28 9.25 9.84 11.04 11.51 11.98 11.57 10.57 10.30 10.53 10.83 10.24 10.28 10.04 10.45 11.06 11.08 10.89 11.62 12.03 12.71 11.82 11.58 12.14 12.32 11.98 11.60 11.86 12.11 12.25 12.03 11.69 11.55 10.54 10.96 11.31 11.36 11.49 11.55 11.72 11.84 12.14 12.32 13.17 13.57 13.51 13.48 12.63 12.23 12.69 12.88 12.52 12.43 12.62 12.01 12.70 12.32 12.79
14.76 14.93 14.87 14.71 14.99 15.03 14.62 13.10 11.69 13.64 14.33 14.40 13.81 13.62 14.40 14.22 13.65 11.89 11.85 11.00 11.32 11.84 11.92 13.06 13.68 13.10 12.46 11.97 11.46 11.48 11.35 11.42 11.18 11.03 11.05 10.81 11.21 11.57 11.67 12.01 12.14 11.97 12.55 12.08 12.12 11.53 11.39 11.49 12.28 12.37 12.48 12.16 12.28 11.62 11.11 11.37 11.82 11.57 11.18 12.13 12.25 12.74 13.76 14.02 13.65 13.40 12.97 12.75 13.16 12.57 12.64 11.55 11.81 11.85 12.48 12.49 12.43
16.78 16.14 15.36 15.34 15.42 14.86 14.36 14.39 13.75 13.68 13.64 14.53 14.76 15.38 15.48 15.35 15.97 14.50 12.66 12.52 12.40 13.19 12.86 13.16 13.54 13.88 13.45 13.57 12.91 12.43 12.26 11.93 11.93 11.86 11.47 10.82 11.60 12.07 12.72 12.86 11.89 11.98 12.70 12.75 12.23 12.37 12.14 11.98 12.32 12.74 12.92 12.14 11.66 11.15 11.12 10.43 10.43 11.40 11.04 10.99 12.33 12.57 13.30 13.80 13.94 13.17 12.58 12.11 11.94 12.72 11.87 11.45 11.62 11.41 11.60 12.11 12.54
18.12 16.77 15.71 15.44 15.33 15.09 13.84 13.33 13.40 15.41 14.59 15.59 16.26 15.76 16.03 16.85 16.40 15.13 14.70 14.34 14.12 13.31 13.22 13.38 13.38 14.26 13.83 13.94 13.40 12.39 12.22 13.16 12.87 13.23 12.79 12.62 12.72 12.73 13.42 12.52 11.97 12.43 12.99 13.10 13.30 12.79 12.63 12.27 12.68 12.87 12.46 12.28 12.40 12.94 12.08 11.64 11.17 11.07 11.22 10.72 12.16 12.99 13.06 13.96 14.36 13.21 11.84 11.56 12.07 12.99 13.22 13.01 12.49 11.79 11.33 12.39 13.07
17.95 16.83 16.26 15.60 14.81 14.72 14.24 14.59 15.63 15.76 15.65 15.95 17.14 16.70 15.89 15.20 14.95 14.74 15.89 15.67 15.22 13.55 14.17 13.91 14.15 14.03 13.90 14.32 14.46 13.60 13.46 14.26 14.27 13.78 13.64 13.67 13.93 14.48 14.32 13.37 13.35 13.01 13.10 13.45 13.25 14.15 14.08 13.27 13.15 12.48 12.56 12.97 12.78 13.47 13.47 13.08 12.29 12.49 12.68 12.09 12.44 13.27 14.14 14.25 13.23 13.08 13.09 12.38 12.86 12.86 12.69 12.58 12.22 11.35 12.55 12.71 13.34
17.86 16.62 15.51 15.46 14.78 15.24 14.06 14.70 16.15 15.68 16.56 17.16 17.50 16.43 15.51 15.28 14.58 14.88 15.90 16.36 16.47 14.79 14.18 14.11 14.71 15.86 15.92 15.30 15.30 15.47 15.52 15.63 15.60 14.58 14.03 13.84 14.28 14.48 14.86 14.54 14.12 13.86 14.18 13.50 12.72 13.95 14.46 14.18 13.91 13.68 13.91 13.29 12.79 12.97 13.32 13.28 13.29 13.63 13.33 12.90 12.98 13.07 13.24 12.85 12.80 13.16 12.83 12.71 12.68 12.89 12.50 12.72 12.34 13.44 13.38 13.01 13.10
17.74 16.99 16.53 16.80 17.28 16.50 15.70 16.11 16.72 16.52 16.29 16.48 16.72 16.37 16.58 16.12 14.35 14.84 14.09 14.60 14.95 15.49 15.00 15.18 14.71 15.09 15.90 15.95 15.24 16.11 16.52 16.40 16.17 15.65 15.17 15.30 14.94 14.64 14.69 14.44 14.56 14.23 14.32 14.01 13.38 13.41 13.08 13.71 14.13 14.86 14.13 13.11 13.05 13.03 13.14 13.22 13.35 13.85 13.94 14.16 14.00 14.06 14.00 13.16 13.15 13.27 13.35 13.52 13.41 12.54 12.35 12.43 12.97 13.73 14.26 14.23 13.45
18.23 18.33 18.25 17.15 17.05 16.99 16.70 16.99 16.35 16.32 16.57 16.70 17.23 17.12 14.94 15.25 15.33 14.83 13.88 13.82 13.93 15.18 14.39 15.66 14.55 14.79 16.05 15.85 15.59 16.67 16.59 16.58 16.51 16.37 15.95 15.46 14.83 15.25 15.28 15.04 14.97 14.87 14.83 14.54 14.63 13.99 13.89 14.64 14.80 14.73 14.08 13.52 13.15 13.74 13.89 14.38 14.32 13.92 13.79 13.61 14.07 14.30 14.37 13.64 12.94 12.75 12.27 12.61 12.98 13.37 12.78 13.44 13.59 14.73 15.56 14.67 14.01
17.19 17.45 17.23 16.92 17.60 17.41 17.16 17.23 16.77 17.34 17.78 16.62 16.25 15.54 14.58 14.23 15.17 14.48 14.21 14.26 13.98 14.65 15.57 14.68 15.49 15.43 16.18 16.57 16.71 16.60 16.91 16.03 15.85 16.15 16.70 16.36 16.07 15.74 15.67 15.49 15.72 15.44 15.07 14.68 14.29 14.88 14.85 14.91 15.16 15.06 14.72 14.56 14.25 14.37 14.21 14.21 13.95 14.50 13.28 13.08 12.77 13.68 13.35 12.81 12.76 12.59 12.43 12.86 13.35 13.75 13.94 13.25 13.71 14.03 13.92 14.57 14.47
17.65 17.73 17.72 18.21 18.08 17.34 17.79 17.50 17.35 18.14 17.80 16.70 15.10 14.55 14.80 14.27 14.52 15.33 15.31 14.68 15.08 14.75 15.43 14.76 14.84 15.61 15.63 15.48 16.45 15.89 15.70 14.96 15.45 16.08 16.88 16.25 16.44 16.34 16.43 16.09 16.36 15.69 15.84 16.04 14.99 15.45 14.92 15.05 15.52 15.57 15.31 14.92 14.73 13.76 14.02 13.73 13.04 12.76 12.14 12.70 11.67 13.26 12.08 12.26 12.02 12.10 13.11 14.04 13.09 13.69 14.23 14.08 14.20 13.74 13.86 14.28 14.84
18.05 18.15 18.55 18.17 17.86 18.12 17.51 17.47 16.97 16.50 16.71 16.45 16.57 16.85 15.88 16.08 15.88 16.30 16.71 16.21 16.32 15.09 15.53 14.52 15.52 15.44 15.41 15.71 15.83 15.27 15.05 15.77 15.30 15.78 16.14 16.27 15.86 15.91 16.74 17.56 17.43 16.95 17.03 16.14 15.35 16.18 15.71 15.29 14.83 14.19 13.80 13.78 13.68 13.47 13.66 12.99 12.49 12.78 13.53 13.91 13.13 12.99 12.77 12.56 11.90 11.88 13.43 13.78 13.47 13.57 13.76 13.95 14.47 13.82 14.18 14.30 14.14
18.59 18.33 18.73 18.35 18.12 18.08 17.85 16.84 17.21 16.74 17.07 15.45 15.75 15.20 15.07 15.93 16.77 17.14 17.52 17.32 16.48 16.51 16.47 15.66 15.55 15.91 15.60 16.41 16.50 15.64 15.74 16.00 15.29 16.29 16.29 16.14 15.93 15.73 15.25 15.62 16.91 16.31 16.22 15.70 16.13 16.47 15.65 15.88 15.55 15.02 13.96 14.07 13.23 13.65 13.92 14.12 13.79 14.12 14.70 14.29 13.85 14.43 13.33 12.46 13.16 12.49 13.76 13.37 14.27 14.48 13.65 14.26 15.08 14.65 14.07 14.54 14.78
18.47 18.49 18.54 18.35 18.55 18.23 18.16 17.62 16.63 16.70 17.03 17.25 16.49 15.40 16.81 17.17 17.67 17.24 16.85 17.13 17.65 16.84 16.27 13.62 14.82 16.61 17.48 16.44 16.57 16.73 15.44 15.41 15.98 15.92 16.29 16.32 16.69 16.26 16.03 15.67 15.41 15.32 15.31 15.63 16.21 16.01 15.59 15.29 15.11 15.03 15.18 13.03 14.77 14.58 13.94 14.59 14.34 14.17 14.74 14.68 14.52 14.70 14.16 13.63 13.34 13.29 14.18 13.58 14.36 14.17 14.25 15.22 15.16 14.90 14.58 14.70 15.37
18.36 18.55 18.78 18.09 17.53 18.08 18.04 17.95 17.14 17.55 17.50 17.47 17.51 17.17 16.92 17.22 17.43 17.75 16.86 16.45 16.89 16.89 16.88 15.99 16.57 16.94 16.69 16.73 16.29 16.92 16.51 15.90 16.16 16.04 16.46 16.83 16.72 15.96 16.11 17.46 15.78 15.86 15.90 15.78 15.73 15.13 15.09 14.56 13.80 13.50 14.50 14.70 14.44 14.40 13.77 13.39 13.90 13.94 13.16 13.68 14.01 14.16 14.00 14.89 13.56 13.46 14.49 14.39 14.15 14.26 14.18 14.82 14.92 15.23 15.76 15.82 15.44
