main/data/irradiance/03.05.2023.grid
ncols 839
nrows 679
xllcenter 112.0500
yllcenter -43.9500
cellsize 0.0500
nodata_value 99999.90
[rows 442 to 475 of 679, columns 539 to 615 of 839]
13.97 14.04 14.29 14.17 13.75 13.40 13.69 13.76 13.91 13.40 13.51 13.48 13.98 14.10 14.10 13.93 14.01 14.09 13.90 14.27 13.83 13.89 13.39 13.74 13.68 13.75 13.65 13.39 13.80 13.45 13.98 13.53 13.77 13.90 13.77 13.87 14.17 14.02 14.31 14.33 14.17 14.33 14.11 13.97 14.43 14.63 14.78 14.78 14.60 14.54 14.48 14.61 14.60 14.53 14.68 14.58 14.48 14.54 14.43 14.43 14.47 14.70 14.54 14.63 14.38 14.43 14.40 14.33 14.66 14.53 14.29 14.45 14.76 14.76 14.86 14.90 14.90
13.31 14.25 14.17 14.15 14.02 13.57 13.12 13.53 13.55 13.52 13.36 13.58 13.44 13.98 13.54 13.53 14.32 13.55 13.78 14.01 13.86 13.23 13.64 13.76 13.76 14.17 13.67 13.33 13.19 13.06 13.30 13.38 13.26 13.22 13.66 13.96 13.91 14.05 14.04 13.66 13.47 13.97 14.22 13.84 14.46 14.50 14.63 14.42 14.51 14.24 14.05 14.26 14.24 14.67 14.51 14.68 14.60 14.48 14.57 14.60 14.43 14.64 14.49 14.44 14.62 14.52 14.57 14.46 14.33 14.48 14.62 14.87 14.87 14.87 14.87 14.85 14.61
13.68 13.74 13.98 14.18 13.63 14.13 13.02 12.99 13.32 13.67 13.58 13.28 13.51 13.63 13.54 14.18 13.28 13.73 13.87 14.39 13.96 13.80 13.51 13.73 13.65 13.61 13.56 12.85 13.07 13.06 13.55 13.58 13.39 13.15 13.67 13.43 13.22 13.30 13.70 13.86 14.10 13.84 13.93 13.79 14.18 14.70 14.09 14.42 14.34 14.17 14.22 14.30 14.16 14.39 14.73 14.65 14.56 14.47 14.39 14.50 14.16 14.24 14.41 14.30 14.58 14.67 14.50 14.55 14.33 14.48 14.62 14.88 14.82 14.81 14.70 14.54 14.51
13.30 13.22 13.51 13.40 13.57 13.81 12.90 12.81 13.08 13.25 13.80 12.65 13.45 13.35 13.48 13.80 13.70 13.30 13.70 14.04 13.92 13.41 13.23 13.28 13.26 13.34 13.64 13.08 12.79 13.07 12.72 12.64 13.51 12.97 13.00 13.48 13.61 13.48 13.78 13.31 13.44 13.59 13.78 14.07 14.27 14.34 14.31 14.22 14.19 13.79 13.61 14.06 14.19 14.24 14.37 14.42 14.41 14.56 14.24 14.01 14.27 14.27 14.42 14.61 14.43 14.67 14.50 14.55 14.55 14.80 14.64 14.64 14.53 14.50 14.58 14.16 14.25
13.07 12.94 12.75 12.98 13.23 13.24 12.72 12.81 12.47 13.01 12.83 12.71 13.43 13.30 13.93 13.10 13.71 13.10 13.36 13.70 13.34 13.37 13.54 13.13 13.06 13.32 13.17 13.01 13.55 12.40 13.10 12.55 13.62 13.61 13.23 13.15 13.12 13.33 13.21 13.29 13.00 13.42 13.70 13.92 13.83 13.83 14.19 14.03 13.57 13.76 13.84 13.64 13.85 14.01 14.23 14.52 14.61 14.51 14.26 14.23 14.32 14.14 14.29 13.91 14.37 14.37 14.04 14.55 14.80 14.80 14.47 14.43 14.41 14.10 14.14 14.41 14.32
13.09 12.37 12.52 12.34 12.66 12.63 13.25 11.93 12.08 12.36 12.81 12.68 13.54 13.23 13.15 13.41 13.32 13.37 13.27 13.07 13.10 13.14 13.17 13.06 12.72 12.93 13.65 13.09 13.22 12.62 12.42 12.59 12.61 13.01 12.99 13.04 13.03 13.08 13.15 13.10 13.47 13.41 13.74 13.61 13.50 13.48 13.54 13.68 13.73 13.62 13.83 13.89 13.55 13.88 14.21 14.04 14.00 14.04 14.26 14.23 14.26 14.27 14.12 14.14 14.02 14.04 14.04 14.70 14.62 14.62 14.62 14.03 13.65 14.43 14.37 14.23 14.15
12.80 12.82 12.29 11.90 12.08 12.81 12.73 11.73 12.15 12.16 12.55 12.09 12.25 12.89 12.54 13.21 13.48 13.06 12.98 12.95 12.34 12.70 12.89 12.51 12.76 12.29 12.79 11.76 12.60 12.31 12.32 12.11 11.86 12.59 12.91 13.04 13.21 13.43 13.05 13.66 13.79 13.58 13.46 13.43 13.16 13.23 13.89 13.51 13.89 14.18 13.80 13.64 13.59 13.76 13.33 13.48 14.10 14.13 14.36 14.12 14.12 14.05 13.93 14.11 14.02 14.04 14.58 14.70 14.60 14.36 14.13 14.25 13.81 14.19 14.30 14.02 14.40
12.93 12.52 11.98 11.77 11.52 12.14 12.36 12.23 11.99 11.97 12.18 12.04 12.08 11.95 12.52 12.87 12.61 12.91 12.29 12.56 12.21 12.40 12.54 12.33 12.48 11.81 12.46 11.32 12.26 12.99 11.83 12.06 11.83 12.41 12.77 13.54 13.67 13.76 13.52 13.92 13.83 14.11 13.37 12.76 13.27 13.73 13.61 14.01 13.82 13.80 13.81 13.64 14.01 13.55 13.77 13.58 13.50 13.96 13.87 14.02 14.35 14.08 14.07 13.84 13.84 14.58 14.58 13.96 14.12 14.24 14.29 14.23 14.16 14.14 13.87 13.76 13.45
12.68 12.58 12.80 11.80 11.18 11.88 11.62 11.75 12.41 12.79 11.75 12.11 11.71 12.11 12.33 12.60 12.65 12.16 11.92 11.95 11.65 12.05 12.05 12.64 12.29 11.96 11.97 11.73 12.05 12.55 12.24 12.75 12.28 12.43 12.58 12.85 13.17 13.29 14.08 13.67 13.51 12.87 13.46 13.62 13.52 13.49 13.62 13.12 13.31 13.98 13.97 13.82 13.47 13.64 13.74 13.94 13.78 13.74 13.93 14.18 14.00 14.25 14.38 14.16 14.16 14.10 14.10 13.95 13.96 14.20 14.42 14.41 14.00 13.90 13.75 13.42 13.42
12.07 12.30 12.89 11.46 11.30 11.15 11.46 11.30 12.50 12.72 12.10 10.99 10.85 11.36 12.02 12.04 11.97 12.12 11.96 12.25 11.40 11.37 12.85 11.71 12.68 12.07 12.40 12.32 11.93 12.83 12.17 12.60 12.13 12.98 12.04 13.33 13.08 13.22 13.50 12.82 12.91 13.59 13.38 13.15 13.48 13.49 13.11 13.73 13.92 13.80 13.82 13.91 13.74 13.87 13.26 13.18 13.51 13.89 13.67 13.85 13.82 13.96 13.94 13.83 14.05 13.71 13.75 14.04 14.17 13.95 13.83 14.37 14.24 14.14 14.12 14.01 13.94
10.91 11.64 12.67 12.55 10.71 10.26 10.10 10.60 11.90 11.82 11.36 10.63 10.96 10.86 11.17 10.95 11.35 11.83 12.09 11.64 11.42 11.59 11.73 11.50 11.60 12.64 12.45 12.37 12.34 13.01 12.50 12.87 12.27 12.67 12.71 13.16 13.38 13.60 13.38 12.82 12.60 13.70 13.55 13.40 12.97 13.29 13.04 13.74 13.37 13.81 13.69 13.46 13.47 12.95 12.82 12.96 13.83 13.60 13.41 13.66 13.60 13.37 13.41 12.84 13.48 13.95 14.09 13.97 13.82 14.13 14.22 13.56 13.65 13.70 13.96 13.77 13.61
10.35 11.83 12.46 12.88 11.06 10.29 9.61 10.19 11.19 11.32 10.53 10.81 11.23 10.66 10.11 10.91 10.99 11.71 11.46 11.51 11.98 11.32 11.72 11.20 12.19 12.69 12.29 12.31 12.13 12.38 11.97 12.57 12.78 12.59 13.39 13.97 13.30 13.45 13.61 13.86 13.69 13.25 13.45 13.49 13.32 13.06 13.03 12.73 13.04 13.36 13.32 13.05 12.86 12.99 12.48 13.54 13.37 13.24 13.63 13.61 13.49 13.54 13.36 13.39 13.50 13.71 13.32 13.58 13.32 13.52 13.27 13.48 13.66 13.79 13.58 13.66 13.34
10.12 10.94 12.77 12.66 11.74 10.27 9.04 10.08 11.19 11.83 11.40 11.09 10.85 10.19 10.01 10.80 10.71 10.62 11.82 11.90 11.87 11.48 11.99 12.08 12.35 12.77 12.45 12.20 12.52 12.31 12.38 12.52 12.62 12.34 12.88 12.94 12.88 13.04 13.57 13.56 13.07 13.21 12.84 13.35 12.87 12.37 12.56 12.79 12.75 13.36 13.37 12.64 13.60 13.25 13.07 13.06 13.91 13.53 13.80 13.67 13.58 13.47 13.45 13.71 13.55 13.82 13.62 13.77 13.93 14.04 13.93 13.83 13.56 13.75 13.62 13.88 13.67
9.52 9.00 10.62 11.67 12.11 11.92 10.23 9.79 10.94 12.04 11.53 10.95 10.48 10.91 10.93 10.78 10.79 11.40 11.94 12.88 12.65 11.99 12.08 12.26 12.27 12.30 12.08 12.18 12.35 12.08 12.49 12.29 12.11 12.26 12.32 12.01 11.70 12.17 12.24 12.50 12.39 13.09 13.47 13.01 13.19 12.91 13.58 13.02 13.13 12.77 12.65 13.38 13.05 12.87 13.14 13.09 12.51 13.33 13.44 13.60 13.63 13.39 13.41 13.91 13.67 13.55 13.20 13.69 13.80 13.38 13.58 13.58 13.51 13.52 13.60 13.71 13.12
8.95 8.88 9.97 11.27 12.78 12.36 11.15 9.20 10.24 11.03 11.65 11.44 11.22 10.73 10.06 10.42 10.45 10.31 10.94 12.91 12.79 12.18 12.00 12.51 12.83 12.42 11.98 11.36 11.74 10.85 11.14 11.84 12.42 11.79 11.21 11.87 12.23 12.24 12.18 11.93 12.96 13.11 12.82 12.93 13.27 13.04 12.82 13.05 12.77 12.08 12.70 12.33 12.74 13.39 13.20 12.35 12.80 12.99 12.98 13.18 13.17 13.12 13.17 13.14 13.11 12.85 13.28 13.33 12.64 12.54 12.82 12.77 13.58 13.44 13.58 13.75 13.74
8.45 7.92 8.09 8.74 11.61 11.78 10.33 8.97 8.89 10.56 11.13 11.59 11.22 10.67 10.87 10.51 11.05 10.16 11.54 12.76 11.86 11.75 11.09 11.08 11.83 11.92 11.85 11.06 11.49 11.76 11.04 11.82 11.40 11.71 12.31 12.40 12.25 11.95 12.17 12.06 12.26 12.73 13.12 12.77 12.91 12.85 11.77 12.38 12.42 12.21 12.15 12.96 12.61 12.07 12.27 12.78 12.42 12.74 12.74 12.98 12.86 12.79 12.77 13.11 13.54 13.46 13.35 13.14 13.02 13.03 12.93 12.80 12.93 13.58 13.83 13.60 13.83
9.26 8.12 7.42 9.31 11.09 12.13 10.90 9.88 9.39 9.79 10.20 11.04 11.09 10.58 10.67 9.39 10.23 10.68 11.86 12.33 11.60 11.60 12.03 11.98 11.67 11.54 11.60 11.14 11.37 11.64 11.71 11.97 12.19 12.15 12.23 11.60 11.71 11.86 12.03 11.29 11.57 11.97 12.12 12.56 12.59 12.27 12.66 12.25 12.00 12.53 13.29 12.67 12.70 12.63 13.13 12.61 12.42 12.98 12.92 13.36 13.56 13.34 13.01 13.24 13.37 13.60 13.17 13.02 12.78 13.07 12.69 12.48 12.47 12.12 12.19 12.41 12.96
9.20 8.17 8.19 8.69 10.24 11.55 11.32 10.24 10.08 9.88 10.12 9.92 10.63 10.69 10.72 11.32 10.69 10.52 11.02 11.42 11.51 11.64 11.43 12.35 12.21 12.22 11.29 11.39 11.96 11.79 11.18 11.37 11.32 11.18 11.05 11.02 11.31 11.69 11.65 11.49 11.86 12.34 12.76 12.29 12.42 12.13 12.24 12.02 12.93 13.59 12.64 12.79 13.19 13.26 12.62 12.74 13.22 13.12 13.36 12.58 12.88 13.17 13.10 13.05 12.80 12.81 12.97 13.09 12.80 12.97 12.71 12.13 11.66 11.61 11.46 11.82 12.54
10.33 7.64 8.83 8.42 9.47 10.66 11.44 10.82 10.74 9.74 9.97 9.70 9.77 11.12 11.04 11.70 10.75 10.53 10.03 11.22 10.83 11.10 10.97 11.62 11.80 11.82 11.53 11.75 11.23 11.25 11.65 11.20 11.55 11.56 11.27 11.54 11.99 11.91 11.92 11.92 12.00 11.99 12.25 12.78 11.77 11.97 12.57 12.18 10.98 12.03 13.27 12.80 12.73 12.61 12.79 13.03 13.07 13.15 12.91 13.09 12.67 12.86 12.36 11.95 12.27 12.84 13.07 12.95 12.98 12.92 12.68 12.44 12.37 11.75 11.84 12.12 12.68
9.56 7.55 7.25 7.81 9.36 11.90 10.73 10.23 10.29 9.93 10.01 9.83 10.29 10.52 11.03 10.29 10.18 9.33 10.20 10.58 10.92 11.04 10.22 10.80 11.29 11.51 11.41 11.35 11.69 11.79 11.82 12.00 11.26 11.49 11.45 11.17 11.96 11.33 11.62 11.18 10.97 11.62 11.98 11.47 11.38 11.92 12.03 11.13 11.83 11.72 11.41 11.73 11.87 12.46 12.64 12.85 12.97 13.15 12.88 12.97 13.21 12.18 11.27 12.07 12.79 12.50 12.55 12.74 12.37 12.75 12.80 11.95 12.12 12.64 12.62 12.49 10.64
9.07 7.72 6.78 7.11 9.05 11.64 11.06 10.68 10.39 9.47 9.96 9.49 10.16 10.64 10.97 10.17 10.75 10.08 10.55 10.75 10.78 10.66 10.75 10.52 10.65 10.67 11.46 10.96 10.73 11.24 10.65 10.62 10.58 10.51 10.88 10.62 11.20 11.31 11.68 11.39 11.13 10.91 10.38 11.59 12.25 12.05 11.86 12.14 11.87 12.31 11.83 12.67 12.59 12.26 11.93 12.34 12.66 12.19 13.02 12.59 11.99 11.88 11.60 11.45 11.15 11.49 12.07 11.79 11.68 11.27 11.29 11.08 10.44 10.62 9.90 11.35 11.25
9.82 7.78 6.41 7.34 8.91 10.78 10.61 10.88 9.72 9.62 9.19 9.16 10.51 11.11 11.72 11.03 11.47 10.63 10.99 10.82 11.31 10.99 10.30 9.97 10.66 9.49 10.23 10.97 11.23 11.01 10.83 10.79 10.73 10.53 10.84 11.14 10.93 11.49 11.94 12.05 11.36 11.81 11.56 12.16 11.86 12.60 12.36 12.52 12.94 13.00 12.37 12.38 11.83 12.06 12.16 11.78 11.83 11.78 11.95 12.45 12.77 12.86 12.56 12.17 11.97 11.48 11.24 11.39 10.73 10.74 10.24 10.91 10.33 10.83 10.46 10.53 10.34
9.83 8.55 7.02 7.05 9.42 9.44 11.44 11.21 9.67 9.96 9.36 10.57 10.30 10.44 11.61 11.84 11.92 10.81 9.85 10.32 10.91 10.80 10.71 10.39 10.19 10.25 10.09 11.06 10.95 11.22 10.80 11.54 11.01 10.76 10.86 10.84 11.29 11.72 11.87 11.28 11.89 11.61 11.26 11.42 11.79 11.55 11.11 11.17 11.18 11.83 11.42 11.43 11.75 11.58 11.54 12.42 11.88 12.06 11.10 11.31 11.95 11.98 12.19 11.84 11.91 12.14 11.64 12.06 11.46 11.06 10.68 10.47 10.81 11.17 10.41 10.54 10.10
10.99 9.32 7.22 7.58 8.48 9.94 10.10 11.05 10.72 10.73 9.37 9.83 9.30 10.40 10.82 12.17 11.64 10.87 10.47 10.49 10.78 10.07 10.14 10.68 10.48 10.96 10.79 11.01 10.90 10.73 11.53 10.76 11.48 11.16 11.57 11.60 11.15 10.62 11.06 11.75 12.05 11.35 11.18 11.69 10.73 11.08 10.57 10.58 11.26 11.60 11.76 13.02 12.61 12.14 11.93 11.42 10.90 11.72 11.53 10.75 11.02 11.59 12.31 12.16 11.42 11.08 11.04 11.04 12.26 12.05 11.74 11.76 11.18 11.50 10.53 10.64 10.05
10.81 9.73 6.90 7.74 8.30 9.07 10.69 10.03 10.90 9.80 8.77 8.96 9.12 9.63 10.00 11.71 11.64 10.65 10.36 9.96 10.50 9.89 9.24 10.18 10.18 10.18 10.52 10.68 10.83 10.63 11.49 11.28 11.63 11.70 11.91 10.72 11.12 10.85 10.88 11.43 11.16 11.69 12.09 12.10 11.66 11.73 11.48 11.29 11.17 11.50 12.46 12.71 12.66 11.06 11.00 11.08 11.39 10.63 11.06 11.49 11.25 11.69 11.88 11.16 10.58 10.95 11.12 11.42 10.58 10.51 11.40 12.40 12.31 11.67 11.23 11.53 11.82
11.01 10.34 7.99 7.78 9.55 8.78 8.91 9.79 10.77 10.11 9.50 9.01 9.63 9.47 10.63 10.67 11.29 10.57 10.81 10.46 10.51 10.88 10.15 11.30 10.82 10.95 11.34 10.73 11.03 11.63 11.07 11.41 12.03 11.54 11.27 11.47 12.06 11.59 11.57 12.07 12.11 12.38 12.19 12.35 12.14 12.04 11.74 11.77 11.12 11.51 12.14 12.08 11.22 11.95 12.60 11.82 10.95 11.08 11.33 11.17 10.20 10.10 10.13 11.32 10.63 11.27 10.66 10.73 10.89 10.44 10.52 10.10 11.63 11.40 11.60 11.55 11.74
12.44 10.35 8.36 8.19 7.63 8.71 9.18 9.67 11.72 10.43 9.39 8.99 9.21 8.89 9.78 10.45 11.04 10.37 10.70 10.56 10.20 10.79 11.12 11.22 11.48 11.60 12.06 11.37 11.03 11.38 11.56 12.18 12.27 11.73 11.87 12.13 11.80 11.53 12.08 11.98 12.43 12.15 11.27 11.30 11.40 10.98 10.38 10.27 10.71 10.97 11.80 11.93 11.83 11.32 11.96 10.87 10.90 10.70 11.92 11.68 11.29 10.94 10.97 10.32 10.68 10.70 10.64 10.62 10.60 10.63 10.21 10.57 11.59 11.48 11.42 11.87 12.06
13.05 12.19 9.27 8.33 8.58 9.18 9.07 10.03 11.02 11.32 10.48 9.55 9.08 9.21 9.38 9.87 10.71 10.42 10.66 10.86 10.40 10.62 10.98 11.24 11.64 11.44 12.49 11.72 11.84 11.46 11.70 11.92 12.27 12.14 12.54 11.96 11.48 11.34 11.35 11.09 11.18 11.49 11.71 11.34 10.50 10.61 10.87 11.40 11.43 11.55 11.90 12.50 11.84 11.74 12.37 10.83 11.23 11.81 11.88 12.05 11.79 12.03 12.15 11.88 11.20 11.52 11.27 10.85 10.70 10.68 10.90 10.29 10.97 10.39 11.35 12.37 12.69
12.96 12.22 10.23 9.62 8.63 9.30 9.25 9.80 10.85 11.03 11.05 10.11 10.30 9.27 9.87 9.90 10.52 10.27 10.18 10.70 10.16 10.30 10.09 10.15 11.97 11.56 11.80 11.74 11.36 11.74 11.02 11.87 12.51 12.13 12.16 12.05 12.41 12.75 12.22 11.93 11.50 11.18 11.36 10.72 11.07 11.60 11.77 11.61 11.09 10.45 11.15 11.04 11.87 12.31 11.97 11.47 11.12 10.96 11.38 11.46 11.45 11.85 11.96 11.52 11.32 10.67 10.70 10.91 11.33 11.89 10.74 11.28 11.49 11.91 11.46 11.47 10.94
12.96 12.73 10.10 9.42 9.07 8.99 9.19 9.60 10.55 10.28 10.44 10.76 10.64 9.72 10.46 10.24 10.28 10.98 11.24 11.33 10.98 11.01 11.46 10.16 11.04 11.65 11.74 11.66 11.18 11.68 12.49 12.41 12.14 12.22 12.11 12.37 12.30 11.76 12.07 12.31 12.22 11.71 11.86 11.61 11.68 11.84 11.51 11.11 11.29 11.24 10.92 10.90 10.84 11.85 11.48 11.62 11.36 11.73 12.13 11.97 12.17 11.75 12.45 11.93 11.85 11.34 11.53 11.77 11.50 11.24 12.04 11.30 10.54 10.73 11.08 10.83 11.04
12.97 13.05 12.00 10.11 9.64 9.74 9.52 9.78 11.15 11.15 11.21 11.44 11.42 10.60 10.66 11.23 11.91 11.00 12.19 12.33 12.18 10.94 11.01 11.29 11.05 11.72 11.73 11.88 12.22 12.41 12.63 12.82 13.03 12.75 12.51 12.05 12.27 12.20 12.23 11.74 11.82 11.86 11.72 11.98 12.61 11.72 11.26 11.34 10.85 10.81 10.35 10.96 11.33 11.20 10.89 11.19 11.43 11.25 11.70 12.10 11.55 11.61 11.71 12.03 11.93 11.39 11.80 11.44 11.15 11.94 12.45 11.88 10.74 11.22 11.23 11.91 10.77
13.64 13.69 12.86 11.15 10.64 10.35 11.44 10.74 11.54 11.45 11.33 12.12 11.58 11.39 12.10 11.28 12.28 12.48 12.53 13.38 12.97 13.05 12.30 12.42 12.33 12.07 12.15 11.97 12.07 12.10 11.98 12.43 12.67 12.92 12.20 11.95 11.46 11.50 11.39 11.41 11.09 11.72 12.23 11.97 11.93 12.68 11.65 10.98 11.68 12.20 12.44 12.23 11.70 11.69 11.86 11.46 11.36 11.94 12.17 12.20 11.73 10.93 12.06 11.70 11.66 11.31 12.13 12.94 12.78 12.52 11.75 12.19 12.06 10.96 10.55 10.27 11.27
13.66 13.59 13.17 12.23 12.05 11.34 11.98 11.89 11.69 11.83 11.22 12.20 11.73 11.41 12.71 13.09 12.31 13.53 13.22 13.13 13.32 13.16 13.02 11.98 12.00 11.88 12.03 11.94 11.98 12.03 12.06 12.07 12.48 12.67 12.72 12.50 12.27 11.60 12.06 11.86 12.03 11.89 11.63 12.31 12.46 12.82 12.69 11.98 12.04 12.49 12.11 11.87 12.02 11.77 11.66 12.20 12.08 11.53 11.25 11.12 11.73 12.01 11.72 12.01 12.66 13.11 12.43 11.53 10.78 11.02 11.34 11.80 11.57 11.65 10.93 10.51 10.45
13.15 13.75 13.73 13.04 12.94 12.20 11.52 11.60 11.37 11.73 12.17 12.40 12.37 12.07 13.09 13.08 12.72 13.43 13.08 12.97 13.14 13.12 12.96 11.70 12.56 11.87 11.87 11.12 11.61 11.96 11.97 12.86 12.79 12.64 12.40 11.80 12.26 12.55 12.16 11.97 11.75 11.94 13.02 13.19 12.74 12.57 12.35 12.51 12.28 11.99 12.25 12.17 12.43 12.64 12.67 12.11 11.63 11.68 11.94 12.34 12.32 11.94 11.32 11.86 11.58 12.28 12.34 11.64 11.83 10.74 10.36 11.89 11.65 11.22 11.31 11.20 11.33
