main/data/irradiance/03.03.2023.grid
ncols 839
nrows 679
xllcenter 112.0500
yllcenter -43.9500
cellsize 0.0500
nodata_value 99999.90
[rows 68 to 101 of 679, columns 462 to 538 of 839]
20.39 20.95 21.30 24.04 23.93 25.51 24.82 23.46 22.50 24.10 24.19 22.13 21.52 23.22 22.77 20.02 20.02 20.02 24.08 24.08 24.08 24.08 24.08 24.08 24.08 25.59 26.35 26.35 26.35 26.49 26.49 26.49 26.49 26.49 26.49 26.49 26.49 26.76 26.76 26.76 26.76 26.76 26.76 26.76 26.76 99999.90 99999.90 99999.90 99999.90 99999.90 99999.90 99999.90 99999.90 99999.90 99999.90 99999.90 99999.90 99999.90 99999.90 99999.90 99999.90 99999.90 99999.90 99999.90 99999.90 99999.90 99999.90 99999.90 99999.90 99999.90 99999.90 99999.90 99999.90 99999.90 99999.90 99999.90 99999.90
21.32 21.26 22.30 23.41 24.15 23.92 23.51 21.98 25.21 26.15 24.05 22.01 23.75 24.90 24.90 20.02 20.02 20.02 24.08 24.08 24.08 24.08 24.08 24.08 24.08 24.08 26.69 26.69 26.49 26.49 26.49 26.49 26.49 26.49 26.49 26.49 26.76 26.76 26.76 26.76 26.76 26.76 26.76 26.76 26.76 99999.90 99999.90 99999.90 99999.90 99999.90 99999.90 99999.90 99999.90 99999.90 99999.90 99999.90 99999.90 99999.90 99999.90 99999.90 99999.90 99999.90 99999.90 99999.90 99999.90 99999.90 99999.90 99999.90 99999.90 99999.90 99999.90 99999.90 99999.90 99999.90 99999.90 99999.90 99999.90
23.62 22.65 23.42 23.29 22.93 24.71 24.60 22.29 24.30 25.36 22.28 21.26 22.20 23.20 23.20 23.20 25.44 20.02 24.08 24.08 24.08 24.08 24.08 24.08 25.48 26.69 26.69 26.69 26.69 26.49 26.49 26.49 26.49 26.49 26.49 26.49 26.76 26.76 26.76 26.76 26.76 26.76 26.76 26.76 26.76 99999.90 99999.90 99999.90 99999.90 99999.90 99999.90 99999.90 99999.90 99999.90 99999.90 99999.90 99999.90 99999.90 99999.90 99999.90 99999.90 99999.90 99999.90 99999.90 99999.90 99999.90 99999.90 99999.90 99999.90 99999.90 99999.90 99999.90 99999.90 99999.90 99999.90 99999.90 99999.90
21.49 23.19 21.99 23.41 23.86 25.47 25.62 25.24 23.43 22.31 22.72 24.68 25.35 24.75 24.75 25.44 25.44 25.12 25.12 25.48 25.48 25.48 25.48 25.48 25.48 26.69 26.69 26.69 26.69 26.49 26.49 26.49 26.49 26.49 26.49 26.76 26.76 26.76 26.76 26.76 26.76 26.76 26.76 26.76 26.76 99999.90 99999.90 99999.90 99999.90 99999.90 99999.90 99999.90 99999.90 99999.90 99999.90 99999.90 99999.90 99999.90 99999.90 99999.90 99999.90 99999.90 99999.90 99999.90 99999.90 99999.90 99999.90 99999.90 99999.90 99999.90 99999.90 99999.90 99999.90 99999.90 99999.90 99999.90 99999.90
23.86 22.69 21.49 22.98 23.94 24.98 23.51 23.11 21.54 22.15 24.17 25.63 24.45 24.55 25.44 25.44 25.44 25.12 25.12 25.48 25.48 25.48 25.48 25.48 25.48 26.69 26.69 26.69 26.69 26.49 26.49 26.49 26.49 26.49 26.76 26.76 26.76 26.76 26.76 26.76 26.76 26.76 26.76 26.76 26.76 99999.90 99999.90 99999.90 99999.90 99999.90 99999.90 99999.90 99999.90 99999.90 99999.90 99999.90 99999.90 99999.90 99999.90 99999.90 99999.90 99999.90 99999.90 99999.90 99999.90 99999.90 99999.90 99999.90 99999.90 99999.90 99999.90 99999.90 99999.90 99999.90 99999.90 99999.90 99999.90
22.61 22.94 22.58 24.33 23.32 23.00 22.72 24.50 24.19 22.14 22.12 24.15 22.76 23.72 25.78 25.78 25.12 25.12 25.12 25.48 25.48 25.48 25.48 25.48 25.48 26.69 26.69 26.69 26.69 26.03 26.49 26.49 26.49 26.49 26.76 26.76 26.76 26.76 26.76 26.76 26.76 26.76 26.76 26.76 26.76 99999.90 99999.90 99999.90 99999.90 99999.90 99999.90 99999.90 99999.90 99999.90 99999.90 99999.90 99999.90 99999.90 99999.90 99999.90 99999.90 99999.90 99999.90 99999.90 99999.90 99999.90 99999.90 99999.90 99999.90 99999.90 99999.90 99999.90 99999.90 99999.90 99999.90 99999.90 99999.90
22.69 22.46 22.32 22.60 24.10 21.80 23.51 24.01 23.54 23.26 24.08 24.16 23.67 22.24 23.31 23.31 25.12 25.12 25.12 25.12 27.46 27.46 27.46 27.46 27.46 26.69 26.69 26.69 26.69 26.03 26.03 26.49 26.49 26.76 26.76 26.76 26.76 26.76 26.76 26.76 26.76 26.76 26.76 26.76 26.76 22.36 99999.90 99999.90 99999.90 99999.90 99999.90 99999.90 99999.90 99999.90 99999.90 99999.90 99999.90 99999.90 99999.90 99999.90 99999.90 99999.90 99999.90 99999.90 99999.90 99999.90 99999.90 99999.90 99999.90 99999.90 99999.90 99999.90 99999.90 99999.90 99999.90 99999.90 99999.90
23.12 22.72 24.12 24.37 23.55 23.21 21.35 22.14 22.94 23.43 23.86 24.39 23.14 24.45 24.34 23.05 24.30 25.12 25.12 25.12 27.46 27.46 27.46 27.46 25.22 26.69 26.69 26.69 25.17 25.53 25.53 25.53 25.97 26.76 26.76 26.76 26.76 26.76 26.76 26.76 26.76 26.76 26.76 26.76 26.76 22.36 99999.90 99999.90 99999.90 99999.90 99999.90 99999.90 99999.90 99999.90 99999.90 99999.90 99999.90 99999.90 99999.90 99999.90 99999.90 99999.90 99999.90 99999.90 99999.90 99999.90 99999.90 99999.90 99999.90 99999.90 99999.90 99999.90 99999.90 99999.90 99999.90 99999.90 99999.90
23.13 23.40 24.61 24.60 24.40 22.91 22.39 23.56 22.84 24.56 22.56 23.46 23.74 24.98 24.34 24.06 23.24 23.24 23.24 25.12 27.46 27.46 27.46 27.46 25.22 25.22 24.91 24.91 25.17 24.20 25.13 25.97 25.97 26.13 26.13 26.13 26.13 26.13 26.13 26.13 26.13 26.13 26.13 26.13 26.13 22.36 99999.90 99999.90 99999.90 99999.90 99999.90 99999.90 99999.90 99999.90 99999.90 99999.90 99999.90 99999.90 99999.90 99999.90 99999.90 99999.90 99999.90 99999.90 99999.90 99999.90 99999.90 99999.90 99999.90 99999.90 99999.90 99999.90 99999.90 99999.90 99999.90 99999.90 99999.90
23.28 21.48 22.28 23.80 23.60 23.38 22.51 23.66 24.43 23.84 22.12 23.22 21.97 22.72 23.99 21.08 23.01 23.01 23.01 23.01 27.46 27.46 27.46 25.22 25.22 25.22 25.22 24.35 24.81 23.98 23.84 24.01 23.51 24.47 26.13 26.13 26.13 26.13 26.13 26.13 26.13 26.13 26.13 26.13 26.13 22.36 99999.90 99999.90 99999.90 99999.90 99999.90 99999.90 99999.90 99999.90 99999.90 99999.90 99999.90 99999.90 99999.90 99999.90 99999.90 99999.90 99999.90 99999.90 99999.90 99999.90 99999.90 99999.90 99999.90 99999.90 99999.90 99999.90 99999.90 99999.90 99999.90 99999.90 99999.90
22.96 23.34 22.14 21.36 20.59 22.22 21.61 22.10 23.28 20.83 23.43 23.10 23.44 22.66 21.74 19.49 23.01 23.01 23.01 23.01 27.46 27.46 22.82 22.82 22.82 22.82 22.82 22.90 22.01 22.78 21.78 21.29 23.51 24.47 24.47 26.13 26.13 26.13 26.13 26.13 26.13 26.13 26.13 26.13 26.13 22.36 99999.90 99999.90 99999.90 99999.90 99999.90 99999.90 99999.90 99999.90 99999.90 99999.90 99999.90 99999.90 99999.90 99999.90 99999.90 99999.90 99999.90 99999.90 99999.90 99999.90 99999.90 99999.90 99999.90 99999.90 99999.90 99999.90 99999.90 99999.90 99999.90 99999.90 99999.90
24.67 23.70 21.09 20.39 21.35 22.92 23.48 21.29 22.44 20.43 23.77 23.85 25.25 24.98 22.24 19.49 19.49 23.01 23.01 23.01 23.01 27.46 21.05 21.05 21.05 21.05 21.05 23.03 21.97 20.26 20.95 19.72 19.72 24.47 24.47 24.47 26.13 26.13 26.13 26.13 26.13 26.13 26.13 22.36 22.36 22.36 99999.90 99999.90 99999.90 99999.90 99999.90 99999.90 99999.90 99999.90 99999.90 99999.90 99999.90 99999.90 99999.90 99999.90 99999.90 99999.90 99999.90 99999.90 99999.90 99999.90 99999.90 99999.90 99999.90 99999.90 99999.90 99999.90 99999.90 99999.90 99999.90 99999.90 99999.90
24.37 22.12 22.06 22.18 22.23 22.95 20.90 20.71 20.84 23.24 22.87 23.77 25.32 25.60 23.78 23.78 23.78 19.49 23.01 23.01 23.01 22.03 22.03 22.03 22.03 22.03 22.03 23.41 22.65 21.28 20.29 22.60 22.60 22.60 22.60 24.47 22.36 22.36 22.36 22.36 22.36 22.36 22.36 22.36 22.36 22.36 99999.90 99999.90 99999.90 99999.90 99999.90 99999.90 99999.90 99999.90 99999.90 99999.90 99999.90 99999.90 99999.90 99999.90 99999.90 99999.90 99999.90 99999.90 99999.90 99999.90 99999.90 99999.90 99999.90 99999.90 99999.90 99999.90 99999.90 99999.90 99999.90 99999.90 99999.90
23.78 23.16 22.22 22.06 21.72 21.72 21.57 22.56 22.84 22.63 22.50 21.48 22.57 21.89 22.96 22.96 22.96 22.96 22.96 23.01 23.01 21.41 21.41 21.41 21.41 21.41 21.41 22.62 23.14 23.04 22.45 22.60 22.60 24.02 24.02 24.02 22.36 22.36 22.36 22.36 22.36 22.36 22.36 22.36 22.36 22.36 99999.90 99999.90 99999.90 99999.90 99999.90 99999.90 99999.90 99999.90 99999.90 99999.90 99999.90 99999.90 99999.90 99999.90 99999.90 99999.90 99999.90 99999.90 99999.90 99999.90 99999.90 99999.90 99999.90 99999.90 99999.90 99999.90 99999.90 99999.90 99999.90 99999.90 99999.90
24.09 23.63 21.86 20.95 20.69 21.22 21.80 22.43 23.04 22.86 24.10 22.00 23.14 23.88 24.36 24.36 24.36 24.36 24.36 24.36 24.36 22.26 22.26 22.26 22.26 22.26 22.26 22.50 22.82 22.58 24.23 24.23 23.98 24.02 24.02 22.36 22.36 22.36 22.36 22.36 22.36 22.36 22.36 22.36 22.36 22.36 99999.90 99999.90 99999.90 99999.90 99999.90 99999.90 99999.90 99999.90 99999.90 99999.90 99999.90 99999.90 99999.90 99999.90 99999.90 99999.90 99999.90 99999.90 99999.90 99999.90 99999.90 99999.90 99999.90 99999.90 99999.90 99999.90 99999.90 99999.90 99999.90 99999.90 99999.90
22.81 22.90 20.19 20.05 20.64 20.62 22.14 23.90 22.70 22.38 23.74 23.58 23.78 24.58 24.36 24.36 24.36 24.36 24.36 24.36 23.89 23.89 23.89 23.89 23.89 23.89 23.89 24.25 23.72 23.88 22.95 23.98 23.98 24.02 24.02 22.36 22.36 22.36 22.36 22.36 22.36 22.36 22.36 22.36 22.36 22.36 99999.90 99999.90 99999.90 99999.90 99999.90 99999.90 99999.90 99999.90 99999.90 99999.90 99999.90 99999.90 99999.90 99999.90 99999.90 99999.90 99999.90 99999.90 99999.90 99999.90 99999.90 99999.90 99999.90 99999.90 99999.90 99999.90 99999.90 99999.90 99999.90 99999.90 99999.90
21.80 23.13 22.12 20.82 23.00 23.25 22.50 22.57 22.49 23.02 23.50 24.23 23.78 24.58 24.58 24.36 24.36 24.36 24.36 24.36 23.89 23.89 23.89 23.89 23.89 23.89 23.89 24.25 23.72 23.07 24.01 25.15 24.61 23.87 23.82 22.36 22.36 22.36 22.36 22.36 22.36 22.36 22.36 22.36 22.36 22.36 99999.90 99999.90 99999.90 99999.90 99999.90 99999.90 99999.90 99999.90 99999.90 99999.90 99999.90 99999.90 99999.90 99999.90 99999.90 99999.90 99999.90 99999.90 99999.90 99999.90 99999.90 99999.90 99999.90 99999.90 99999.90 99999.90 99999.90 99999.90 99999.90 99999.90 99999.90
21.86 22.24 21.91 21.77 24.14 23.73 23.90 22.88 22.35 21.73 23.23 22.39 22.39 24.58 24.58 24.58 24.36 24.36 24.36 24.36 23.89 23.89 23.89 23.89 23.89 23.89 23.89 24.25 23.07 23.07 24.01 25.15 24.61 23.87 23.82 22.36 22.36 22.36 22.36 22.36 22.36 22.36 22.36 22.36 22.36 22.36 99999.90 99999.90 99999.90 99999.90 99999.90 99999.90 99999.90 99999.90 99999.90 99999.90 99999.90 99999.90 99999.90 99999.90 99999.90 99999.90 99999.90 99999.90 99999.90 99999.90 99999.90 99999.90 99999.90 99999.90 99999.90 99999.90 99999.90 99999.90 99999.90 99999.90 99999.90
21.97 23.34 23.02 20.99 23.38 23.39 23.81 23.90 22.77 20.43 22.18 22.39 22.39 22.39 24.58 24.58 24.58 24.36 24.36 24.36 23.89 23.89 23.89 23.89 23.89 23.89 23.89 23.07 23.07 23.07 24.01 25.15 24.61 23.87 23.82 22.36 22.36 22.36 22.36 22.36 22.36 22.36 22.36 22.36 22.36 22.36 99999.90 99999.90 99999.90 99999.90 99999.90 99999.90 99999.90 99999.90 99999.90 99999.90 99999.90 99999.90 99999.90 99999.90 99999.90 99999.90 99999.90 99999.90 99999.90 99999.90 99999.90 99999.90 99999.90 99999.90 99999.90 99999.90 99999.90 99999.90 99999.90 99999.90 99999.90
21.89 21.82 22.29 22.51 21.22 21.63 22.45 24.22 20.82 20.70 22.17 22.17 22.17 22.39 22.39 24.58 24.58 24.58 24.36 24.36 23.89 23.89 23.89 23.89 23.89 23.89 23.89 23.07 23.07 23.07 24.01 25.15 24.61 23.87 23.82 22.36 22.36 22.36 22.36 22.36 22.36 22.36 22.36 22.36 22.36 22.36 99999.90 99999.90 99999.90 99999.90 99999.90 99999.90 99999.90 99999.90 99999.90 99999.90 99999.90 99999.90 99999.90 99999.90 99999.90 99999.90 99999.90 99999.90 99999.90 99999.90 99999.90 99999.90 99999.90 99999.90 99999.90 99999.90 99999.90 99999.90 99999.90 99999.90 99999.90
20.93 22.19 23.72 21.51 22.08 21.07 21.96 23.02 22.46 20.70 22.17 22.17 22.17 22.17 22.17 22.39 24.58 24.58 24.58 24.36 23.89 23.89 23.89 23.89 23.89 23.89 23.89 23.07 23.07 23.07 24.01 25.15 24.61 23.87 23.82 22.36 22.36 22.36 22.36 22.36 22.36 22.36 22.36 22.36 22.36 22.36 99999.90 99999.90 99999.90 99999.90 99999.90 99999.90 99999.90 99999.90 99999.90 99999.90 99999.90 99999.90 99999.90 99999.90 99999.90 99999.90 99999.90 99999.90 99999.90 99999.90 99999.90 99999.90 99999.90 99999.90 99999.90 99999.90 99999.90 99999.90 99999.90 99999.90 99999.90
21.15 22.21 23.55 23.11 21.39 22.03 21.57 22.32 23.81 23.81 22.17 22.17 22.17 22.17 22.17 22.17 22.17 24.58 24.58 24.58 23.89 23.89 23.89 23.89 23.89 23.89 23.07 23.07 23.07 23.07 24.01 25.15 24.61 23.87 23.82 22.36 22.36 22.36 22.36 22.36 22.36 22.36 22.36 22.36 22.36 22.36 99999.90 99999.90 99999.90 99999.90 99999.90 99999.90 99999.90 99999.90 99999.90 99999.90 99999.90 99999.90 99999.90 99999.90 99999.90 99999.90 99999.90 99999.90 99999.90 99999.90 99999.90 99999.90 99999.90 99999.90 99999.90 99999.90 99999.90 99999.90 99999.90 99999.90 99999.90
22.41 22.44 22.28 22.11 20.09 20.26 21.63 23.01 23.81 23.81 23.81 22.17 22.17 22.17 22.17 22.17 22.17 22.17 22.17 24.58 23.89 23.89 23.89 23.89 23.89 23.89 23.07 23.07 23.07 23.07 24.01 25.15 24.61 23.87 23.82 22.36 22.36 22.36 22.36 22.36 22.36 22.36 22.36 22.36 22.36 22.36 99999.90 99999.90 99999.90 99999.90 99999.90 99999.90 99999.90 99999.90 99999.90 99999.90 99999.90 99999.90 99999.90 99999.90 99999.90 99999.90 99999.90 99999.90 99999.90 99999.90 99999.90 99999.90 99999.90 99999.90 99999.90 99999.90 99999.90 99999.90 99999.90 99999.90 99999.90
23.44 21.80 20.61 21.73 22.32 22.12 22.59 23.22 23.22 23.22 23.81 23.81 22.17 22.17 22.17 22.17 22.17 22.17 22.17 22.17 23.89 23.89 23.89 23.89 23.89 23.89 23.07 23.07 23.07 23.07 24.01 25.15 24.61 23.87 23.82 22.36 22.36 22.36 22.36 22.36 22.36 22.36 22.36 22.36 22.36 22.36 99999.90 99999.90 99999.90 99999.90 99999.90 99999.90 99999.90 99999.90 99999.90 99999.90 99999.90 99999.90 99999.90 99999.90 99999.90 99999.90 99999.90 99999.90 99999.90 99999.90 99999.90 99999.90 99999.90 99999.90 99999.90 99999.90 99999.90 99999.90 99999.90 99999.90 99999.90
24.15 23.29 22.24 22.57 23.42 23.14 22.71 22.67 22.67 22.67 22.67 22.67 23.81 22.17 22.17 22.17 22.17 22.17 22.17 22.17 23.89 23.89 23.89 23.89 23.89 23.07 23.07 23.07 23.07 23.07 24.01 25.15 24.61 23.87 23.82 22.36 22.36 22.36 22.36 22.36 22.36 22.36 22.36 22.36 22.36 22.36 99999.90 99999.90 99999.90 99999.90 99999.90 99999.90 99999.90 99999.90 99999.90 99999.90 99999.90 99999.90 99999.90 99999.90 99999.90 99999.90 99999.90 99999.90 99999.90 99999.90 99999.90 99999.90 99999.90 99999.90 99999.90 99999.90 99999.90 99999.90 99999.90 99999.90 99999.90
23.52 24.10 22.47 21.90 22.48 23.36 22.71 22.67 22.67 22.67 22.67 22.67 22.67 22.67 22.67 22.17 22.17 22.17 22.17 22.17 23.89 23.89 23.89 23.89 23.89 23.07 23.07 23.07 23.07 23.07 24.01 25.15 24.61 23.87 23.82 22.36 22.36 22.36 22.36 22.36 22.36 22.36 22.36 22.36 22.36 22.36 99999.90 99999.90 99999.90 99999.90 99999.90 99999.90 99999.90 99999.90 99999.90 99999.90 99999.90 99999.90 99999.90 99999.90 99999.90 99999.90 99999.90 99999.90 99999.90 99999.90 99999.90 99999.90 99999.90 99999.90 99999.90 99999.90 99999.90 99999.90 99999.90 99999.90 99999.90
23.93 24.48 21.96 22.22 22.70 23.36 23.36 22.67 22.67 22.67 22.67 22.67 22.67 22.67 22.67 22.67 22.48 22.48 22.48 22.48 21.84 21.84 23.07 23.07 23.07 23.07 23.07 23.07 23.07 23.07 24.01 25.15 24.61 23.87 23.82 22.36 22.36 22.36 22.36 22.36 22.36 22.36 22.36 22.36 22.36 22.36 99999.90 99999.90 99999.90 99999.90 99999.90 99999.90 99999.90 99999.90 99999.90 99999.90 99999.90 99999.90 99999.90 99999.90 99999.90 99999.90 99999.90 99999.90 99999.90 99999.90 99999.90 99999.90 99999.90 99999.90 99999.90 99999.90 99999.90 99999.90 99999.90 99999.90 99999.90
23.66 24.90 23.90 22.89 21.95 21.95 21.95 23.36 22.67 22.67 22.67 22.67 22.67 22.67 21.07 22.48 22.48 22.48 22.48 21.84 21.84 21.84 21.84 21.84 21.84 21.84 21.80 99999.90 99999.90 99999.90 99999.90 99999.90 99999.90 99999.90 99999.90 99999.90 99999.90 99999.90 99999.90 99999.90 99999.90 99999.90 99999.90 99999.90 99999.90 99999.90 99999.90 99999.90 99999.90 99999.90 99999.90 99999.90 99999.90 99999.90 99999.90 99999.90 99999.90 99999.90 99999.90 99999.90 99999.90 99999.90 99999.90 99999.90 99999.90 99999.90 99999.90 99999.90 99999.90 99999.90 99999.90 99999.90 99999.90 99999.90 99999.90 99999.90 99999.90
24.31 24.33 23.78 22.27 20.96 20.96 23.71 23.71 23.71 23.71 22.85 22.85 21.07 21.07 22.48 22.48 22.48 22.48 22.48 21.84 21.84 21.84 21.84 23.12 23.12 23.12 23.12 23.12 23.12 99999.90 99999.90 99999.90 99999.90 99999.90 99999.90 99999.90 99999.90 99999.90 99999.90 99999.90 99999.90 99999.90 99999.90 99999.90 99999.90 99999.90 99999.90 99999.90 99999.90 99999.90 99999.90 99999.90 99999.90 99999.90 99999.90 99999.90 99999.90 99999.90 99999.90 99999.90 99999.90 99999.90 99999.90 99999.90 99999.90 99999.90 99999.90 99999.90 99999.90 99999.90 99999.90 99999.90 99999.90 99999.90 99999.90 99999.90 99999.90
22.67 22.15 22.77 22.41 22.66 23.71 23.71 23.71 24.50 22.85 22.85 21.07 21.07 21.07 22.48 22.48 22.48 22.48 21.84 21.84 21.84 21.84 23.12 23.12 23.12 23.12 23.12 23.12 23.12 22.60 99999.90 99999.90 99999.90 99999.90 99999.90 99999.90 99999.90 99999.90 99999.90 99999.90 99999.90 99999.90 99999.90 99999.90 99999.90 99999.90 99999.90 99999.90 99999.90 99999.90 99999.90 99999.90 99999.90 99999.90 99999.90 99999.90 99999.90 99999.90 99999.90 99999.90 99999.90 99999.90 99999.90 99999.90 99999.90 99999.90 99999.90 99999.90 99999.90 99999.90 99999.90 99999.90 99999.90 99999.90 99999.90 99999.90 99999.90
21.70 22.49 22.83 21.05 22.44 24.27 24.27 24.50 22.85 22.85 22.85 21.07 21.07 22.48 22.48 22.48 22.48 21.84 21.84 21.84 21.84 21.84 23.12 23.12 23.12 23.12 21.86 21.86 21.86 21.86 21.86 21.86 99999.90 99999.90 99999.90 99999.90 99999.90 99999.90 99999.90 99999.90 99999.90 99999.90 99999.90 99999.90 99999.90 99999.90 99999.90 99999.90 99999.90 99999.90 99999.90 99999.90 99999.90 99999.90 99999.90 99999.90 99999.90 99999.90 99999.90 99999.90 99999.90 99999.90 99999.90 99999.90 99999.90 99999.90 99999.90 99999.90 99999.90 99999.90 99999.90 99999.90 99999.90 99999.90 99999.90 99999.90 99999.90
21.40 23.11 22.69 21.13 22.92 24.11 24.50 24.50 22.85 22.85 21.07 21.07 21.07 22.48 22.48 22.48 22.48 21.84 21.84 21.84 21.84 23.12 23.12 23.12 23.12 21.86 21.86 21.86 21.86 21.86 21.86 21.86 99999.90 99999.90 99999.90 99999.90 99999.90 99999.90 99999.90 99999.90 99999.90 99999.90 99999.90 99999.90 99999.90 99999.90 99999.90 99999.90 99999.90 99999.90 99999.90 99999.90 99999.90 99999.90 99999.90 99999.90 99999.90 99999.90 99999.90 99999.90 99999.90 99999.90 99999.90 99999.90 99999.90 99999.90 99999.90 99999.90 99999.90 99999.90 99999.90 99999.90 99999.90 99999.90 99999.90 99999.90 99999.90
22.30 22.48 22.38 22.93 23.50 23.23 23.31 22.26 22.85 22.85 21.07 21.07 22.48 22.48 22.48 22.48 21.84 21.84 21.84 21.84 23.12 23.12 23.12 23.12 23.12 21.86 21.86 21.86 21.86 21.86 21.86 21.86 99999.90 99999.90 99999.90 99999.90 99999.90 99999.90 99999.90 99999.90 99999.90 99999.90 99999.90 99999.90 99999.90 99999.90 99999.90 99999.90 99999.90 99999.90 99999.90 99999.90 99999.90 99999.90 99999.90 99999.90 99999.90 99999.90 99999.90 99999.90 99999.90 99999.90 99999.90 99999.90 99999.90 99999.90 99999.90 99999.90 99999.90 99999.90 99999.90 99999.90 99999.90 99999.90 99999.90 99999.90 99999.90
23.62 23.05 23.44 24.72 23.64 23.09 20.91 20.20 20.52 22.23 21.07 21.07 22.48 22.48 22.48 23.22 21.84 21.84 21.84 21.84 23.12 23.12 23.12 23.12 21.86 21.86 21.86 21.86 21.86 20.80 20.80 20.80 21.17 21.17 21.17 21.17 21.17 21.17 21.17 21.17 21.17 21.17 21.17 21.17 21.17 99999.90 99999.90 99999.90 99999.90 99999.90 99999.90 99999.90 99999.90 99999.90 99999.90 99999.90 99999.90 99999.90 99999.90 99999.90 99999.90 99999.90 99999.90 99999.90 99999.90 99999.90 99999.90 99999.90 99999.90 99999.90 99999.90 99999.90 99999.90 99999.90 99999.90 99999.90 99999.90
