main/data/irradiance/03.04.2023.grid
ncols 839
nrows 679
xllcenter 112.0500
yllcenter -43.9500
cellsize 0.0500
nodata_value 99999.90
[rows 442 to 475 of 679, columns 154 to 230 of 839]
16.85 17.36 17.53 16.56 17.40 17.36 17.50 17.89 18.18 18.22 18.80 19.16 19.35 18.95 18.11 16.55 16.62 17.37 17.79 18.80 19.69 19.60 18.47 17.79 18.73 19.08 18.77 19.07 19.10 18.87 18.06 18.41 18.16 18.71 19.30 19.03 19.39 19.50 19.30 19.31 19.63 19.13 18.84 18.77 17.84 17.33 19.08 19.46 19.03 18.02 18.39 17.87 17.50 18.10 18.47 18.55 18.31 17.52 17.42 16.58 17.95 18.04 18.17 18.14 18.49 18.57 18.08 18.15 18.73 18.46 18.20 17.64 17.91 17.84 17.83 17.61 18.01
16.49 16.25 17.29 15.93 16.39 17.72 17.10 17.81 17.97 18.22 18.50 18.82 19.18 19.27 18.03 17.31 16.68 17.59 19.24 19.14 19.70 19.55 18.62 17.97 19.05 18.77 18.68 19.11 18.85 18.82 18.69 18.53 17.96 18.51 19.29 19.19 18.99 18.84 18.87 18.96 19.62 19.02 18.55 17.77 16.69 17.04 17.89 18.68 17.50 17.36 17.95 17.71 16.86 16.93 18.08 17.37 18.55 18.76 18.01 17.54 18.12 18.37 18.10 17.38 18.10 16.64 16.84 18.49 18.27 18.04 17.52 16.50 16.26 16.19 16.33 16.88 16.94
14.96 15.43 15.14 16.80 15.60 15.64 16.49 16.80 17.91 18.81 18.98 18.80 19.03 17.77 18.16 18.49 18.03 19.17 19.58 18.12 19.65 19.28 18.76 18.82 18.37 18.90 18.70 18.90 18.99 18.87 18.10 16.52 17.80 18.54 19.43 19.45 18.84 19.04 18.69 18.83 19.06 18.30 18.39 17.81 17.23 16.85 16.85 17.47 15.03 15.81 16.08 15.14 15.16 14.87 16.43 17.57 16.34 18.20 18.32 17.21 17.76 17.26 17.29 17.05 17.66 16.99 17.35 16.97 16.34 17.47 17.33 17.53 16.65 16.03 16.45 16.59 16.55
15.89 16.19 15.75 14.15 15.66 16.62 16.65 17.49 18.80 18.70 19.11 19.05 18.72 18.64 19.03 19.39 19.49 19.02 19.56 19.02 19.63 19.34 18.68 18.89 18.56 18.63 18.67 18.11 18.65 18.15 17.56 16.93 18.81 18.89 19.32 19.09 19.01 18.64 18.70 18.85 18.49 17.04 17.03 16.31 16.56 15.48 14.66 15.39 17.17 15.85 14.86 14.81 15.50 15.25 16.60 17.11 16.68 17.01 17.23 17.72 17.39 17.06 17.52 17.81 16.93 17.24 17.22 16.58 16.64 16.61 16.88 16.29 16.70 16.71 17.37 16.96 16.96
17.25 16.06 15.30 13.97 15.71 17.36 17.50 18.79 18.79 18.68 18.61 19.42 18.28 19.35 19.64 19.63 19.26 18.51 19.46 19.23 19.47 19.50 18.98 18.03 18.78 18.74 17.99 18.21 17.68 17.12 17.91 18.34 18.34 18.77 19.10 18.51 18.54 18.74 18.63 18.69 17.73 16.28 15.72 16.47 15.75 15.86 16.29 17.28 17.48 16.99 15.94 16.13 15.93 15.23 15.76 16.93 16.59 16.95 16.72 17.22 17.17 17.06 17.23 17.03 16.48 17.25 17.15 16.68 17.08 16.56 16.29 16.39 16.68 16.10 16.74 16.77 16.39
15.43 15.49 16.91 15.78 17.25 17.42 17.36 17.50 18.61 18.81 19.05 18.97 19.28 19.12 18.39 18.94 18.50 19.43 19.25 18.82 17.46 19.55 18.49 17.64 18.46 18.11 17.20 16.50 17.34 16.59 17.83 17.21 18.50 18.92 18.55 18.84 18.59 18.58 17.95 17.86 16.95 18.68 17.60 17.27 17.07 15.39 17.21 16.99 17.03 16.64 15.86 16.64 15.83 16.21 16.15 16.56 16.59 17.11 17.12 16.81 16.85 16.68 16.89 17.17 17.13 17.41 17.29 16.56 16.98 16.58 16.58 17.02 17.20 16.78 17.01 16.22 16.74
16.25 16.02 16.23 17.08 15.87 17.36 16.96 18.69 18.62 18.46 18.87 17.91 19.28 18.74 18.97 19.42 19.45 18.80 18.06 16.43 16.04 17.67 15.94 16.81 16.56 17.17 17.26 17.40 17.22 17.97 17.89 18.07 18.51 18.31 17.82 19.24 18.84 17.57 16.29 16.92 17.65 18.99 19.13 18.14 15.78 16.24 16.82 16.15 16.20 16.00 16.50 17.19 17.22 16.67 15.41 16.78 17.26 17.15 17.07 16.66 16.55 16.54 16.88 17.52 17.71 17.27 17.06 16.86 17.00 16.62 17.18 16.80 16.17 16.65 16.49 15.72 16.09
15.78 15.69 16.62 16.60 15.27 17.13 17.02 17.06 17.62 18.55 18.96 18.34 18.93 18.93 19.53 19.07 18.82 18.49 15.84 16.74 14.45 16.00 16.69 16.01 16.95 16.66 16.94 16.39 18.14 16.72 17.74 17.76 18.61 17.99 18.11 19.10 18.50 17.99 16.86 17.09 17.45 18.82 18.49 16.95 15.43 16.91 17.04 16.56 15.66 17.18 17.47 16.76 15.62 15.25 15.87 16.10 16.32 16.38 16.97 16.75 16.53 16.22 17.09 17.04 17.58 17.55 17.37 17.01 16.96 17.52 17.20 16.59 16.83 15.96 16.59 15.28 15.32
17.18 16.19 16.73 15.97 16.18 16.42 16.65 16.82 16.40 18.52 18.32 18.60 18.89 18.89 19.47 18.59 17.34 17.68 15.04 16.50 15.42 15.74 15.51 17.66 16.72 17.17 16.92 16.70 17.50 17.39 17.57 17.28 16.95 18.10 18.73 18.47 17.52 17.23 16.75 17.57 17.78 18.80 18.79 16.50 17.47 17.29 15.83 17.15 17.04 17.11 16.22 16.29 15.30 14.47 16.05 15.83 16.18 16.51 16.65 16.40 16.91 17.27 16.47 16.86 17.33 17.41 17.06 16.82 17.25 17.50 17.04 17.03 16.39 16.66 16.30 15.46 14.95
14.55 16.19 16.54 16.36 14.60 15.49 16.50 15.89 16.82 16.38 18.01 18.73 16.07 16.08 17.74 18.74 18.29 18.24 15.72 15.90 16.33 16.72 16.37 16.73 16.54 17.21 16.23 17.14 17.11 17.11 18.14 17.51 17.14 18.08 16.92 16.82 16.66 16.90 17.57 16.60 17.84 18.55 18.81 18.14 16.46 16.25 16.95 17.78 16.41 15.75 16.61 16.24 15.41 15.46 16.48 16.15 16.14 16.35 17.10 17.38 17.05 17.25 16.53 16.84 16.79 16.67 16.52 16.26 16.91 16.80 16.95 16.80 16.40 16.42 15.18 14.80 15.30
15.75 16.47 15.55 16.26 15.28 15.11 14.13 15.81 16.12 16.17 15.33 17.53 15.65 15.68 15.55 18.12 17.40 17.97 16.49 16.85 17.00 16.62 17.24 16.64 17.52 17.78 17.70 17.10 17.17 17.38 17.60 17.93 16.06 17.50 17.20 17.09 17.47 18.12 16.31 16.38 17.15 18.23 18.60 17.66 15.08 17.30 16.74 15.91 15.20 17.01 16.59 16.06 16.92 15.76 15.34 15.57 15.85 15.83 16.38 17.06 16.34 16.99 16.95 16.66 16.40 16.11 16.07 15.77 16.23 16.12 16.04 16.13 15.47 16.06 15.73 14.91 14.86
15.21 15.84 15.16 15.78 15.48 16.51 14.09 15.07 15.61 15.72 15.02 16.21 15.29 15.93 15.91 17.17 17.47 18.31 18.10 17.28 16.95 16.90 17.19 17.68 16.75 17.08 18.25 17.23 17.64 18.01 18.07 17.02 16.26 16.98 18.18 17.67 17.57 18.41 15.69 15.71 16.44 18.11 17.86 16.22 14.12 15.96 15.65 15.92 15.52 15.01 15.91 15.69 15.57 15.70 15.65 16.40 15.53 16.19 15.62 15.90 16.49 16.68 16.89 16.79 15.81 15.19 14.66 14.38 15.22 15.31 15.21 15.46 15.91 15.81 15.81 15.01 14.44
15.64 16.25 16.60 15.82 14.94 15.75 14.72 15.91 14.61 15.72 16.09 16.09 14.46 15.76 16.47 16.47 17.21 16.56 16.30 16.78 15.13 16.96 17.65 17.73 17.07 16.95 17.06 15.82 17.42 17.96 16.80 16.87 16.65 17.62 18.29 18.26 18.53 17.34 15.71 16.54 17.14 17.43 16.20 14.55 14.22 15.88 15.97 14.50 15.41 15.29 16.33 16.00 15.77 15.38 14.38 15.56 15.31 16.18 15.44 15.29 16.31 16.10 16.14 15.94 15.29 15.02 14.63 13.98 14.21 14.46 15.03 15.17 15.38 14.98 15.13 14.36 13.88
16.04 16.58 17.12 16.21 14.77 14.95 14.74 15.21 15.91 15.24 14.81 15.77 16.42 15.33 17.18 17.48 16.87 17.15 16.31 17.10 15.43 16.00 17.02 16.33 17.67 15.11 15.69 15.94 16.72 17.32 15.07 15.87 16.89 17.72 17.37 17.57 16.77 15.80 17.42 16.56 16.68 16.04 15.57 16.38 15.49 14.90 15.50 14.90 15.11 15.13 15.17 14.42 14.62 13.84 13.34 14.35 14.04 15.47 15.24 14.84 15.69 15.79 15.70 15.04 14.62 15.24 15.06 14.81 14.28 14.28 14.48 14.34 14.69 14.70 14.51 13.84 13.83
16.13 16.16 16.03 16.25 15.00 15.26 15.49 14.60 14.52 14.68 13.48 15.24 16.90 15.09 15.15 17.23 15.93 17.24 15.83 16.69 16.61 17.96 17.44 16.32 17.62 15.89 15.56 14.77 16.32 16.66 17.10 15.90 17.04 17.02 16.87 16.50 16.80 17.22 16.79 15.71 17.27 17.22 15.54 15.73 15.66 15.25 16.72 15.51 15.70 14.55 14.91 13.40 13.22 13.60 14.24 15.11 13.99 15.02 14.61 15.21 14.81 14.19 14.38 15.47 15.28 15.49 14.74 14.37 14.04 13.82 14.17 14.77 14.50 14.24 13.47 14.19 14.25
15.65 15.08 16.75 15.52 15.96 15.42 16.73 14.95 14.59 14.62 14.90 14.76 15.66 14.76 14.61 15.31 15.47 16.71 15.47 15.13 16.67 19.13 18.89 16.66 17.58 16.85 14.26 15.83 15.64 17.41 17.97 18.09 16.11 15.73 17.20 16.65 16.38 16.74 15.17 15.25 16.49 16.69 16.57 15.91 14.75 15.95 15.25 15.02 14.44 12.49 14.29 13.97 13.48 13.55 13.33 13.64 13.14 13.57 14.42 15.26 14.35 14.00 15.65 15.06 14.80 14.40 13.63 13.49 14.00 13.69 13.81 14.09 13.72 13.69 13.64 14.00 13.74
15.32 15.21 15.93 15.57 16.12 15.37 16.15 15.45 13.97 14.83 14.21 14.02 14.80 14.54 15.06 15.88 15.34 16.53 15.64 15.66 17.37 18.60 17.79 16.97 15.93 14.47 14.98 14.49 15.15 15.07 16.22 16.18 14.33 16.56 17.68 16.82 14.66 15.18 15.36 15.87 15.81 15.64 15.39 15.48 14.82 14.55 12.96 13.00 13.41 13.31 14.09 15.15 14.50 14.12 14.22 13.88 13.58 14.60 14.47 15.59 15.56 15.31 15.45 14.27 14.87 15.04 14.09 13.62 13.77 14.21 14.07 13.87 13.17 12.74 13.85 14.07 14.28
15.84 14.19 15.18 15.33 15.28 14.52 15.59 15.16 14.34 16.09 14.32 13.71 14.60 14.39 15.52 14.49 16.41 16.46 15.28 16.25 17.12 15.96 15.23 15.89 14.99 12.78 13.35 14.23 15.91 15.37 16.01 13.88 14.66 16.28 17.60 16.06 15.00 15.28 16.56 16.57 15.86 16.06 15.67 14.27 13.90 14.15 14.16 14.75 14.88 14.22 14.03 15.81 16.29 14.94 14.74 14.66 14.22 15.05 15.81 15.17 15.17 14.70 14.74 15.11 16.33 15.70 15.22 14.63 13.84 14.60 14.55 14.40 13.53 12.84 13.34 13.69 13.96
15.62 15.09 14.67 14.91 14.50 12.53 15.65 15.55 15.98 16.03 13.66 14.57 14.27 14.33 14.22 13.91 14.45 15.81 15.70 14.77 15.00 14.21 17.00 17.23 15.79 14.99 13.67 14.23 14.59 14.64 14.87 15.10 14.09 14.85 15.53 15.46 15.08 16.29 16.64 16.94 15.69 15.80 15.14 15.09 15.25 14.96 15.69 14.81 15.56 14.82 14.62 14.51 14.64 14.16 14.07 14.41 13.89 14.98 14.64 13.68 14.30 13.75 13.89 14.12 15.71 15.67 15.53 15.46 15.83 15.00 14.47 13.77 13.70 13.23 13.29 13.42 13.18
15.81 15.45 16.58 16.39 15.44 14.59 14.91 15.31 15.83 15.50 13.51 14.27 15.20 15.74 15.00 14.61 14.56 15.63 14.80 14.71 14.04 14.44 15.21 16.14 15.16 15.18 14.10 13.02 13.79 12.90 14.33 13.06 14.70 14.38 14.86 15.32 15.31 16.23 15.83 16.39 15.26 15.75 15.22 15.39 14.06 14.15 13.52 12.45 13.59 14.08 14.23 14.64 15.23 13.25 14.28 14.22 15.58 14.97 15.78 15.08 14.66 14.93 14.93 15.64 15.90 15.69 15.61 15.81 16.21 16.38 15.52 14.34 14.10 14.21 13.41 13.50 13.51
15.54 16.44 16.07 15.81 15.67 16.27 15.44 15.49 16.03 16.60 12.70 14.54 14.19 14.84 15.84 14.76 15.44 15.18 13.57 15.14 14.21 14.54 14.45 16.41 15.45 13.80 14.17 14.05 14.10 12.18 14.73 14.96 15.19 15.21 16.26 16.41 15.46 15.40 15.53 15.34 16.47 15.66 14.40 14.30 13.98 12.08 11.95 12.21 13.92 12.03 12.31 12.25 12.69 13.82 14.33 14.51 14.64 14.55 14.59 14.92 13.83 15.26 15.71 16.06 15.40 15.37 15.20 15.40 15.82 16.13 16.06 15.62 15.52 15.33 14.72 13.98 13.22
14.83 14.97 13.85 14.69 15.56 15.57 14.69 15.04 15.15 16.05 12.94 13.55 13.96 14.22 14.96 16.10 15.05 14.09 14.49 14.15 14.27 15.51 14.90 16.20 16.09 13.47 14.19 14.25 14.64 14.04 14.92 15.13 14.42 14.88 15.36 14.45 15.26 16.29 15.10 14.74 14.20 13.07 14.84 15.12 14.96 13.93 13.03 13.61 14.15 13.79 11.40 11.47 12.61 13.05 13.66 14.03 13.73 12.64 12.92 12.86 12.24 15.01 15.63 16.05 16.06 14.31 14.17 15.07 14.80 15.01 15.87 16.55 16.80 16.61 15.42 14.64 13.60
15.18 15.56 13.66 14.12 15.04 13.52 13.17 15.11 15.57 15.80 15.03 14.16 13.53 14.57 13.74 14.69 15.11 15.35 15.71 15.22 15.45 15.43 15.00 16.29 15.80 14.49 13.68 14.15 14.52 14.11 14.79 15.08 15.59 14.32 15.59 15.37 14.64 14.62 14.43 14.55 14.59 13.19 12.65 13.82 14.33 14.71 13.88 12.72 14.62 14.04 13.28 12.63 12.80 13.65 14.01 12.84 11.83 10.89 10.17 13.09 14.24 13.50 12.85 13.64 14.66 13.61 13.69 15.69 16.10 14.38 15.58 16.26 17.10 16.13 15.56 14.86 13.45
14.99 15.74 15.42 15.06 14.45 13.87 12.72 13.80 14.64 14.23 15.60 13.29 12.95 14.97 14.24 14.00 16.17 15.73 15.42 14.99 15.46 15.45 15.65 16.48 15.42 16.21 16.22 15.33 14.24 13.49 13.03 13.36 14.03 15.62 14.41 15.51 15.51 15.15 14.83 14.64 15.76 14.80 14.00 12.07 12.72 12.87 14.03 13.39 13.25 13.61 12.40 10.92 11.66 11.68 13.03 11.65 10.13 10.30 9.70 12.64 13.26 12.17 13.00 13.49 13.83 13.68 14.88 14.84 14.53 16.12 15.60 14.79 15.84 15.83 15.44 14.98 14.05
14.80 15.62 16.53 14.87 15.18 14.58 14.38 13.42 13.75 14.28 14.99 14.33 13.75 13.95 14.17 15.12 15.50 15.50 16.17 15.31 14.70 15.87 16.37 16.44 16.45 16.05 16.11 15.60 14.71 13.30 13.16 12.99 14.74 14.40 15.09 15.78 15.79 15.46 15.28 13.84 15.49 15.83 14.58 12.90 12.96 12.39 12.93 13.12 12.50 13.07 12.42 10.57 10.93 12.08 11.86 12.43 11.91 12.01 11.58 12.70 13.05 12.89 13.66 13.49 13.99 13.61 14.44 15.28 14.57 14.38 14.35 14.54 13.88 15.66 15.58 15.52 15.08
13.86 14.26 15.09 15.73 15.92 14.53 14.50 13.24 13.76 14.12 13.93 13.58 11.01 13.06 12.80 13.51 13.66 15.35 15.35 15.36 14.57 16.37 15.95 16.98 15.75 17.07 16.22 15.92 15.55 15.96 14.55 13.90 15.25 14.92 14.97 15.02 14.43 14.23 15.47 13.85 14.72 16.01 14.91 16.03 15.78 13.65 13.02 12.47 12.12 11.99 12.38 11.98 10.92 11.40 13.03 12.61 13.04 13.17 13.09 13.36 15.04 13.98 14.69 12.76 12.29 14.03 13.54 13.07 14.21 13.48 12.87 12.71 13.26 13.83 15.31 15.46 14.29
12.69 12.84 13.66 14.98 15.67 14.05 12.95 14.17 13.61 13.12 12.84 12.81 11.30 12.21 12.77 13.08 13.73 14.61 15.45 16.35 14.86 16.69 16.70 16.06 15.99 16.91 15.34 15.41 16.03 16.27 15.13 14.27 13.59 15.27 15.50 13.31 12.32 14.17 14.77 15.35 14.28 15.44 15.10 16.23 14.33 13.65 12.21 11.78 12.78 13.56 13.61 12.39 12.80 13.39 13.80 14.17 13.59 14.20 13.05 13.71 15.25 13.90 13.60 15.02 13.36 13.40 13.04 13.29 13.27 12.01 12.15 12.26 13.39 13.66 13.89 13.49 13.61
13.79 14.32 14.48 14.25 15.12 14.57 13.77 13.23 13.07 13.79 13.48 13.22 13.41 13.24 13.83 13.36 13.08 14.07 14.66 15.82 16.21 16.55 16.53 16.66 16.33 15.79 14.70 13.36 15.29 15.81 14.93 14.88 14.22 15.32 15.15 14.32 13.62 14.97 14.33 13.29 15.53 13.40 14.10 13.66 13.43 12.75 13.31 12.79 12.75 12.88 13.85 12.24 11.74 12.38 11.20 13.03 12.77 13.01 12.23 13.37 13.62 13.50 14.43 14.17 13.61 13.18 12.45 11.15 11.94 11.07 12.87 12.98 13.87 14.34 14.87 14.79 14.36
14.27 13.28 14.80 14.60 15.21 14.20 12.62 14.02 13.07 12.94 12.13 13.27 13.99 13.37 12.70 14.23 13.39 13.05 13.92 15.18 16.50 16.78 15.75 16.75 16.69 16.22 16.04 15.21 14.20 15.73 14.98 14.30 15.04 16.08 14.67 14.67 14.18 14.93 13.85 11.90 13.50 13.16 12.50 12.32 13.06 14.73 14.32 14.28 14.09 13.66 11.66 11.62 12.77 12.33 10.42 12.47 11.76 11.60 11.84 12.48 11.96 13.24 12.96 13.56 14.31 13.04 13.37 12.88 12.94 12.24 13.15 14.03 14.05 14.33 15.10 14.94 15.33
12.31 12.02 12.91 13.96 13.35 13.60 11.69 13.52 14.05 14.12 12.39 13.06 12.29 13.25 13.01 14.16 13.54 11.36 13.13 14.93 15.02 15.25 15.83 16.66 16.78 16.25 16.49 15.80 15.35 15.71 15.65 15.40 16.20 16.32 15.95 15.21 14.78 13.99 13.61 13.11 13.66 13.78 12.74 13.12 13.41 13.86 13.39 12.89 12.97 13.52 13.60 12.86 13.07 13.05 11.43 12.52 12.13 10.56 11.12 11.34 11.28 11.52 12.33 13.93 14.44 13.98 13.59 14.34 14.88 14.32 14.25 14.29 15.78 14.16 14.46 14.79 15.30
14.05 12.55 13.07 12.28 12.05 13.21 12.23 11.84 12.95 13.97 12.41 12.69 12.22 13.31 12.63 14.05 13.67 13.36 14.04 14.30 14.95 14.36 15.84 15.73 16.18 16.18 16.62 15.31 15.98 15.40 15.47 15.73 16.45 15.96 16.03 15.19 14.21 13.67 14.01 12.91 13.37 14.30 13.81 12.88 12.73 13.13 13.35 11.38 12.33 11.65 12.38 13.07 11.77 12.58 12.72 13.17 12.70 12.24 10.51 11.06 11.43 10.82 11.10 11.94 11.86 12.19 12.68 14.65 15.27 14.40 14.65 14.13 15.40 15.78 15.42 13.87 14.98
13.79 12.89 12.37 11.64 11.72 11.98 12.86 12.42 11.14 12.00 12.45 13.39 13.06 13.42 13.59 13.72 13.49 14.90 15.62 15.14 15.09 15.54 16.11 15.95 16.15 15.84 16.26 15.77 15.61 15.10 15.38 16.20 15.87 16.08 15.32 15.36 15.21 14.82 15.15 13.48 11.58 13.72 14.29 14.31 12.69 13.64 14.03 11.14 11.52 12.47 12.70 12.33 14.01 14.45 13.73 13.00 11.47 11.08 10.62 11.46 12.41 13.31 12.12 12.64 13.92 14.33 14.15 14.14 14.07 14.69 15.16 15.07 15.33 15.43 15.64 15.06 15.50
13.17 11.71 11.07 11.17 12.98 13.89 12.97 12.55 11.81 11.61 12.34 12.92 13.32 13.61 14.60 14.71 14.50 15.98 15.63 14.91 14.92 13.95 14.09 14.70 14.36 15.91 16.57 15.44 16.03 16.81 16.04 16.44 16.24 16.19 15.89 15.49 15.05 15.51 15.20 15.00 14.16 14.88 14.16 14.07 13.28 13.60 13.26 11.74 10.67 11.83 12.55 12.27 12.94 13.23 12.75 11.95 12.00 11.36 11.00 11.78 12.60 13.32 13.53 13.19 13.70 14.70 14.60 13.74 14.12 14.52 14.89 15.87 15.75 15.73 16.06 16.13 16.25
11.60 10.98 12.75 12.79 14.30 15.09 15.28 13.40 12.39 12.13 12.33 13.58 13.83 13.64 14.89 14.51 14.93 16.06 15.68 16.05 15.55 14.73 15.84 16.25 15.82 14.85 15.52 14.92 16.03 17.14 16.14 16.14 15.87 16.72 16.36 15.06 16.25 14.84 13.97 15.40 16.66 15.61 13.85 13.78 12.61 13.62 14.14 11.86 11.88 12.76 13.13 14.78 14.80 13.37 13.22 13.11 13.26 12.64 11.61 11.90 13.73 13.38 13.98 14.71 15.50 15.22 13.82 14.50 14.48 15.70 15.28 16.31 16.39 16.80 16.36 16.31 16.68
