main/data/irradiance/03.02.2023.grid
ncols 839
nrows 679
xllcenter 112.0500
yllcenter -43.9500
cellsize 0.0500
nodata_value 99999.90
[rows 306 to 339 of 679, columns 539 to 615 of 839]
29.57 29.38 29.43 29.49 29.57 29.72 29.85 29.72 29.68 29.95 29.40 29.61 29.57 29.74 29.50 29.48 29.37 29.38 29.43 29.34 29.44 29.50 29.45 29.64 29.49 29.74 29.83 29.73 29.51 29.42 29.58 29.47 29.80 29.81 29.81 29.77 29.71 29.76 29.83 29.84 29.58 29.63 29.78 29.81 29.87 29.86 29.86 29.86 29.85 29.73 29.64 29.81 29.81 29.83 29.81 29.77 29.75 29.73 29.73 29.68 29.69 29.76 29.82 29.78 29.77 29.79 29.80 29.81 29.79 29.78 29.76 29.70 29.71 29.70 29.68 29.66 29.64
29.17 29.53 29.46 29.42 29.56 29.87 29.92 29.82 29.44 29.63 29.50 29.82 29.96 29.92 29.58 29.50 29.48 29.41 29.48 29.47 29.61 29.65 29.73 29.78 29.81 29.74 29.82 29.86 29.70 29.74 29.62 28.97 29.81 29.83 29.83 29.86 29.43 29.51 29.75 29.76 29.81 29.71 29.79 29.87 29.90 29.84 29.75 29.72 29.75 29.64 29.62 29.79 29.80 29.76 29.63 29.50 29.72 29.72 29.72 29.71 29.72 29.73 29.77 29.76 29.78 29.82 29.81 29.79 29.75 29.69 29.68 29.62 29.66 29.68 29.68 29.60 29.66
29.10 29.48 29.61 29.38 29.45 29.92 29.93 29.90 29.87 29.74 29.46 29.70 29.89 29.90 29.83 29.57 29.52 29.49 29.40 29.41 29.51 29.61 29.72 29.70 29.77 29.59 29.41 29.67 29.71 29.70 29.71 29.11 29.41 29.47 29.26 29.69 29.84 29.41 29.62 29.84 29.83 29.82 29.84 29.89 29.90 29.79 29.80 29.58 29.52 29.48 29.47 29.67 29.70 29.67 29.65 29.55 29.65 29.71 29.68 29.70 29.72 29.74 29.70 29.72 29.75 28.81 29.75 29.79 29.66 29.60 29.62 29.60 29.57 29.64 29.68 29.58 29.50
29.49 29.53 29.49 29.47 29.68 29.88 29.91 29.81 29.92 29.67 29.58 29.46 29.55 29.25 29.26 29.31 29.29 29.30 29.39 29.59 29.41 29.64 29.88 29.73 29.61 29.60 29.53 29.61 29.68 29.75 29.19 29.25 29.47 29.90 29.35 29.38 29.86 29.78 29.55 29.81 29.85 29.88 29.86 29.92 29.71 29.52 29.72 29.50 29.47 29.50 29.59 29.56 29.75 29.57 29.58 29.68 29.78 29.71 29.71 29.72 29.74 29.74 29.74 29.76 29.66 27.79 29.26 29.62 29.57 29.59 29.63 29.63 29.56 29.58 29.63 29.59 29.41
29.40 29.53 29.56 29.56 29.65 29.75 29.84 29.82 29.77 29.90 29.71 29.63 29.48 29.41 29.27 29.22 29.20 29.01 29.10 29.36 29.38 29.91 29.75 29.68 29.59 29.57 29.63 29.67 29.68 29.67 29.42 29.64 29.42 29.84 29.88 29.62 29.73 29.67 29.73 29.79 29.87 29.86 29.75 29.48 29.77 29.66 29.50 29.49 29.56 29.56 29.66 29.70 29.73 29.70 29.63 29.63 29.71 29.71 29.73 29.73 29.74 29.77 29.74 29.76 29.71 29.62 29.64 29.63 29.71 29.66 29.61 29.55 29.52 29.58 29.61 29.65 29.71
29.34 29.51 29.55 29.83 29.82 29.77 29.85 29.87 29.77 29.67 29.65 29.61 29.55 29.37 29.34 29.42 29.26 29.29 29.20 29.04 29.21 29.64 29.66 29.64 29.61 29.63 29.55 29.67 29.65 29.63 29.76 29.48 29.94 29.91 29.89 29.82 29.80 29.72 29.68 29.68 29.69 29.71 29.75 29.70 29.76 29.66 29.55 29.46 29.52 29.49 29.66 29.67 29.70 29.71 29.75 29.71 29.71 29.70 29.76 29.76 29.75 29.75 29.72 29.76 29.70 29.63 29.66 29.73 29.68 29.57 29.58 29.59 29.58 29.59 29.65 29.65 29.55
29.32 29.14 29.58 29.86 29.92 29.82 29.83 29.85 29.74 29.75 29.63 29.67 29.62 29.40 29.28 29.12 29.35 29.31 29.38 29.48 29.20 29.61 29.66 29.70 29.62 29.64 29.48 29.42 29.59 29.64 29.70 29.75 29.95 29.91 29.87 29.92 29.76 29.66 29.75 29.75 29.77 29.73 29.74 29.70 29.74 29.84 29.74 29.53 29.49 29.55 29.65 29.71 29.76 29.77 29.80 29.75 29.75 29.75 29.78 29.76 29.75 29.72 29.71 29.72 29.66 29.59 29.61 29.60 29.57 29.53 29.52 29.56 29.55 29.18 29.33 29.73 29.73
29.81 29.82 29.81 29.89 29.89 29.88 29.85 29.52 29.81 29.68 29.65 29.66 29.13 29.05 29.21 29.25 29.33 29.34 29.51 29.66 29.71 29.60 29.56 29.49 29.49 29.85 29.73 29.66 29.65 29.75 29.77 29.87 29.89 29.94 29.86 29.81 29.73 29.64 29.72 29.67 29.69 29.62 29.68 29.71 29.79 29.74 29.76 29.64 29.59 29.65 29.68 29.74 29.78 29.80 29.81 29.78 29.72 29.73 29.74 29.71 29.72 29.73 29.74 29.68 29.62 29.65 29.72 29.65 29.58 29.60 29.59 29.54 29.40 29.05 29.03 29.68 29.74
29.64 29.50 29.77 29.56 29.64 29.81 29.60 29.77 29.86 29.91 30.01 29.57 29.13 29.13 29.44 29.33 29.48 29.58 29.45 29.44 29.60 29.57 29.72 29.69 29.65 29.78 29.91 29.83 29.47 29.49 29.90 29.87 29.80 29.66 29.67 29.77 29.77 29.75 29.56 29.72 29.75 29.76 29.62 29.66 29.63 29.60 29.69 29.72 29.70 29.76 29.76 29.75 29.76 29.77 29.79 29.76 29.71 29.70 29.70 29.72 29.75 29.74 29.67 29.61 29.59 29.64 29.67 29.63 29.63 29.58 29.55 29.46 29.42 29.44 29.49 29.72 29.73
29.76 29.81 29.53 29.73 29.68 29.60 29.42 29.56 29.89 29.98 29.93 29.69 29.51 29.30 29.44 29.32 29.57 29.50 29.43 29.34 29.47 29.65 29.60 29.63 29.67 29.86 29.93 29.83 29.80 29.56 29.72 29.71 29.68 29.51 29.53 29.50 29.71 29.74 29.74 29.80 29.75 29.77 29.77 29.84 29.77 29.84 29.80 29.79 29.79 29.71 29.77 29.75 29.75 29.76 29.77 29.77 29.75 29.71 29.74 29.81 29.84 29.77 29.70 29.71 29.62 29.59 29.55 29.58 29.62 29.60 29.60 29.60 29.38 29.40 29.61 29.69 29.73
29.57 29.65 29.52 29.78 29.72 29.56 29.47 29.40 29.34 29.32 29.68 29.20 29.33 29.44 29.36 29.36 29.48 29.38 29.52 29.44 29.52 29.53 29.21 29.50 29.54 29.42 29.66 29.84 29.97 29.91 29.91 29.50 29.44 29.45 29.43 29.41 29.47 29.54 29.65 29.64 29.64 29.69 29.81 29.80 29.80 29.80 29.79 29.77 29.80 29.65 29.68 29.74 29.78 29.78 29.80 29.77 29.73 29.76 29.83 29.81 29.44 29.25 29.18 29.41 29.49 29.57 29.60 29.60 29.59 29.58 29.37 29.14 29.20 29.81 29.81 29.71 29.65
29.14 29.25 29.21 29.59 29.73 29.64 29.25 29.49 29.38 29.19 29.39 29.40 29.34 29.44 29.37 29.39 29.47 29.44 29.50 29.32 29.51 29.55 29.60 29.80 29.69 29.54 29.78 29.59 29.60 29.74 29.58 29.55 29.45 29.47 29.51 29.45 29.52 29.64 29.64 29.54 29.66 29.71 29.74 29.67 29.60 29.74 29.74 29.76 29.78 29.64 29.69 29.71 29.81 29.79 29.78 29.76 29.73 29.84 29.78 29.17 29.13 29.24 29.41 29.52 29.54 29.57 29.67 29.65 29.69 29.43 29.09 28.72 29.68 29.73 29.78 29.82 29.76
29.18 29.17 29.15 29.17 29.46 29.32 29.36 29.25 29.30 29.45 29.38 29.33 29.47 29.36 29.39 29.51 29.44 29.34 29.42 29.42 29.45 29.52 29.43 29.67 29.65 29.71 29.72 29.49 29.44 29.48 29.57 29.46 29.40 29.49 29.40 29.24 29.44 29.65 29.46 29.20 29.50 29.70 29.70 29.63 29.62 29.72 29.70 29.65 29.73 29.69 29.68 29.79 29.79 29.75 29.76 29.78 29.56 29.44 29.66 29.53 29.38 29.49 29.57 29.56 29.55 29.54 29.38 29.45 29.63 29.74 29.72 29.77 29.68 29.69 29.71 29.76 29.84
29.25 29.28 29.23 29.17 28.88 28.87 29.52 29.61 29.63 29.51 29.50 29.36 29.36 29.49 29.47 29.50 29.40 29.43 29.42 29.45 29.34 29.41 29.43 29.46 29.54 29.55 29.43 29.47 29.41 29.56 29.54 29.50 29.68 29.65 29.54 29.45 29.57 29.50 29.38 29.58 29.50 29.32 29.59 29.63 29.60 29.66 29.68 29.67 29.56 29.72 29.77 29.75 29.70 29.72 29.73 29.68 29.07 29.42 29.56 29.47 29.62 29.64 29.57 29.45 29.49 29.44 29.38 29.53 29.58 29.63 29.73 29.84 29.75 29.75 29.72 29.72 29.82
29.29 29.35 29.42 29.39 29.18 29.12 29.56 29.58 29.25 29.26 29.14 29.37 29.35 29.43 29.39 29.38 29.50 29.40 29.39 29.08 29.34 29.48 29.48 29.46 29.41 29.36 29.50 29.56 29.55 29.51 29.52 29.83 29.83 29.77 29.55 29.38 29.45 29.48 29.47 29.28 29.32 29.41 29.64 29.50 29.38 29.58 29.76 29.79 29.61 29.70 29.78 29.73 29.74 29.73 29.73 29.47 29.28 29.53 29.71 29.62 29.49 29.51 29.48 29.45 29.43 29.39 29.31 29.35 29.49 29.52 29.56 29.56 29.64 29.68 29.62 29.57 29.60
29.44 29.26 29.37 29.36 29.49 29.49 29.65 29.53 29.21 29.31 29.10 29.37 29.54 29.45 29.38 29.38 29.40 29.30 29.55 29.38 29.45 29.52 29.52 29.34 29.44 29.53 29.57 29.71 29.77 29.72 29.82 29.74 29.78 29.78 29.64 29.42 29.44 29.60 29.19 29.45 29.49 29.50 29.51 29.46 29.37 29.54 29.57 29.57 29.31 29.58 29.62 29.61 29.59 29.46 29.59 29.43 29.22 29.45 29.65 29.53 29.29 29.26 29.49 29.44 29.43 29.38 29.12 29.40 29.53 29.45 29.53 29.58 29.59 29.57 29.56 29.46 29.60
29.48 29.47 29.47 29.39 29.70 29.54 29.38 29.60 29.37 29.27 29.25 29.29 29.43 29.36 29.31 29.27 29.29 29.32 29.51 29.45 29.48 29.51 29.40 29.45 29.56 29.52 29.20 29.60 29.46 29.66 29.87 29.79 29.69 29.55 29.55 29.47 29.38 29.41 28.93 29.11 29.19 29.04 29.44 29.49 29.44 29.53 29.41 29.62 29.62 29.68 29.53 29.39 29.28 29.04 29.18 29.42 29.46 29.36 29.44 29.32 29.28 29.35 29.43 29.41 29.46 29.39 28.99 29.55 29.59 29.60 29.55 29.62 29.67 29.61 29.37 29.31 29.49
29.45 29.34 29.37 29.52 29.46 29.41 29.45 29.30 29.40 29.30 29.12 29.20 29.33 29.22 29.36 29.67 29.72 29.71 29.59 29.47 29.51 29.50 29.38 29.38 29.40 29.58 28.83 29.55 29.24 29.49 29.57 29.58 29.56 29.48 29.50 29.38 29.41 29.43 29.22 29.23 29.67 29.27 29.38 29.34 29.44 29.19 29.17 29.42 29.34 29.15 29.46 29.57 29.47 29.12 29.28 29.28 29.46 29.23 29.58 29.76 29.74 29.48 29.33 29.39 29.38 28.78 29.14 29.55 29.59 29.54 29.58 29.58 29.60 29.61 29.62 29.59 29.56
29.50 29.35 29.02 29.41 29.67 29.26 29.36 29.52 29.46 29.10 29.31 29.45 29.41 29.48 29.96 29.94 29.78 29.68 29.71 29.64 29.65 29.54 29.57 29.25 29.48 29.69 29.81 29.78 29.31 29.36 29.48 29.53 29.57 29.48 29.37 29.44 29.45 29.45 29.44 29.05 29.36 29.55 29.42 29.29 29.25 29.18 28.29 28.32 28.46 29.15 29.57 29.58 29.44 29.58 29.44 29.52 29.41 29.34 29.62 29.28 29.67 29.55 29.42 29.49 29.54 29.17 29.57 29.65 29.64 29.60 29.56 29.63 29.63 29.62 29.51 29.70 29.61
29.32 29.31 29.10 29.32 29.60 29.71 29.32 29.46 29.16 28.93 28.96 29.12 29.44 29.80 29.87 29.67 29.64 29.76 29.72 29.57 29.35 29.64 29.71 29.55 29.52 29.66 29.81 29.58 29.55 29.50 29.61 29.62 29.62 29.52 29.54 29.39 29.45 29.41 29.31 29.27 29.38 29.44 29.45 29.49 29.47 29.18 28.43 29.12 28.28 29.04 29.45 29.32 29.56 29.48 29.26 29.39 29.18 29.12 29.18 28.67 29.11 29.36 29.49 29.54 29.60 29.04 29.62 29.66 29.65 29.68 29.61 29.61 29.60 29.65 29.67 29.68 29.69
29.49 29.29 29.37 29.10 29.24 29.78 29.62 29.55 29.38 28.97 28.81 28.94 29.42 29.77 29.69 29.62 29.67 29.74 29.82 29.71 29.63 29.81 29.72 29.69 29.53 29.65 29.55 29.64 29.55 29.58 29.62 29.59 29.55 29.56 29.55 29.45 29.47 29.45 29.32 29.33 29.45 29.54 29.49 29.49 29.59 29.46 28.94 28.75 29.07 28.80 29.16 29.41 29.61 29.46 29.25 29.49 29.33 28.92 29.48 29.22 29.35 29.52 29.58 29.53 29.12 29.00 29.77 29.71 29.65 29.71 29.66 29.62 29.64 29.63 29.65 29.64 29.67
29.46 29.56 29.43 29.28 29.07 29.66 29.89 29.98 29.47 29.35 28.97 29.20 29.12 29.44 29.66 29.64 29.71 29.79 29.76 29.85 29.82 29.71 29.73 29.71 29.54 29.52 29.77 29.76 29.62 29.57 29.70 29.81 29.66 29.58 29.74 29.51 29.45 29.43 29.43 29.47 29.56 29.51 29.53 29.63 29.69 29.57 29.24 28.46 28.85 29.45 28.87 29.65 29.51 29.46 29.23 29.35 29.22 29.22 29.57 29.19 29.63 29.58 29.60 29.23 29.12 28.88 29.72 29.77 29.74 29.69 29.67 29.70 29.68 29.64 29.66 29.67 29.71
29.58 29.63 29.42 29.20 29.37 29.23 29.54 29.43 29.21 29.52 29.30 29.34 28.86 29.08 29.58 29.74 29.80 29.82 29.81 29.82 29.75 29.72 29.64 29.64 29.62 29.59 29.87 29.79 29.80 29.71 29.79 29.79 29.77 29.65 29.64 29.56 29.51 29.55 29.48 29.52 29.61 29.72 29.64 29.73 29.70 29.56 29.34 29.33 27.51 28.25 28.65 29.66 29.62 29.55 29.44 29.54 29.53 29.58 29.54 29.27 29.59 29.61 29.01 29.09 28.79 29.74 29.76 29.74 29.72 29.76 29.75 29.71 29.66 29.66 29.67 29.61 29.63
29.40 29.47 29.33 29.24 29.06 28.93 29.41 29.35 29.44 29.31 29.56 29.32 29.66 29.58 29.76 29.80 29.75 29.68 29.83 29.84 29.73 29.63 29.67 29.67 29.78 29.71 29.85 29.95 29.83 29.79 29.79 29.80 29.77 29.70 29.61 29.59 29.58 29.53 29.49 29.54 29.58 29.60 29.82 29.60 29.62 29.54 29.47 29.39 29.10 29.11 29.54 29.67 29.70 29.59 29.38 29.19 29.46 29.46 29.24 29.48 29.61 29.16 28.30 28.36 28.84 29.83 29.77 29.73 29.76 29.71 29.69 29.65 29.56 29.73 29.70 29.64 29.66
29.45 29.42 29.48 29.04 28.84 29.14 29.56 29.34 29.69 29.43 29.37 29.21 29.48 29.74 29.73 29.68 29.65 29.54 29.65 29.71 29.80 29.75 29.67 29.65 29.71 29.69 29.96 29.93 29.89 29.78 29.79 29.72 29.73 29.68 29.63 29.55 29.49 29.53 29.55 29.52 29.49 29.51 29.45 29.54 29.66 29.60 29.54 29.40 29.49 29.60 29.65 29.63 29.72 29.72 29.65 29.51 29.47 29.37 29.49 29.57 29.53 29.22 29.16 28.88 29.31 29.79 29.75 29.72 29.71 29.79 29.74 29.68 29.67 29.68 29.71 29.67 29.66
29.33 29.55 29.46 29.69 29.52 29.11 28.71 29.05 29.42 29.03 29.40 29.42 29.34 29.31 29.35 29.64 29.69 29.48 29.72 29.66 29.68 29.67 29.83 29.63 29.70 29.76 29.83 29.91 29.85 29.75 29.75 29.74 29.73 29.75 29.71 29.58 29.59 29.61 29.58 29.51 29.53 29.60 29.46 29.37 29.57 29.55 29.49 29.45 29.59 29.69 29.74 29.62 29.61 29.76 29.74 29.66 29.33 29.49 29.50 29.45 29.44 29.16 29.43 29.79 29.32 29.81 29.79 29.73 29.64 29.63 29.69 29.67 29.67 29.68 29.70 29.70 29.66
29.24 29.33 29.56 29.57 29.50 29.33 29.48 29.36 29.41 29.56 29.59 29.04 29.17 29.38 29.33 29.69 29.67 29.41 29.58 29.49 29.56 29.65 29.59 29.60 29.69 29.54 29.53 29.88 29.88 29.79 29.74 29.70 29.77 29.67 29.69 29.61 29.51 29.53 29.48 29.48 29.52 29.38 29.33 29.46 29.52 29.51 29.50 29.59 29.62 29.66 29.71 29.64 29.66 29.71 29.57 29.56 29.51 29.20 29.35 29.31 29.18 28.99 29.16 28.84 28.54 29.62 29.50 29.42 29.28 29.53 29.60 29.56 29.67 29.71 29.73 29.58 29.65
29.45 29.42 29.51 29.53 29.46 29.41 29.47 29.37 29.53 29.55 29.53 29.01 29.40 29.28 29.66 29.74 29.69 29.48 29.45 29.51 29.70 29.61 29.64 29.66 29.58 29.54 29.71 29.87 29.84 29.81 29.79 29.75 29.73 29.64 29.66 29.64 29.57 29.49 29.45 29.45 29.48 29.46 29.49 29.60 29.63 29.60 29.68 29.70 29.72 29.69 29.73 29.63 29.72 29.63 29.61 29.56 29.48 29.31 29.52 29.56 29.04 29.69 29.68 28.80 29.63 29.72 29.70 29.48 29.39 29.58 29.74 29.76 29.78 29.73 29.74 29.67 29.59
29.43 29.32 29.40 29.40 29.44 29.36 29.51 29.57 29.32 29.43 29.68 29.64 29.77 29.64 29.68 29.50 29.48 29.48 29.39 29.59 29.61 29.24 29.37 29.56 29.36 29.42 29.46 29.81 29.80 29.82 29.80 29.78 29.70 29.59 29.57 29.60 29.58 29.59 29.58 29.45 29.49 29.57 29.52 29.60 29.64 29.61 29.68 29.74 29.68 29.75 29.73 29.70 29.69 29.66 29.62 29.59 29.50 29.45 29.55 29.43 29.20 29.37 29.96 29.41 29.60 29.71 29.66 29.44 29.62 29.55 29.56 29.70 29.72 29.73 29.63 29.72 29.60
29.29 29.46 29.43 29.70 29.50 29.40 29.50 29.74 29.58 29.81 29.81 29.86 29.86 29.40 29.26 29.58 29.42 29.39 29.31 29.56 29.51 29.11 29.63 29.59 29.31 29.24 29.34 29.69 29.71 29.76 29.77 29.75 29.62 29.53 29.51 29.52 29.60 29.60 29.53 29.56 29.56 29.58 29.56 29.49 29.63 29.70 29.69 29.71 29.71 29.78 29.61 29.66 29.57 29.59 29.60 29.68 29.60 29.51 29.57 29.51 29.51 29.53 29.94 29.18 29.48 29.55 29.72 29.58 29.67 29.70 29.46 29.47 29.55 29.66 29.61 29.63 29.71
29.34 29.47 29.38 29.22 29.40 29.34 29.23 29.40 29.34 29.48 29.78 29.69 29.69 29.46 29.37 29.61 29.45 29.30 29.19 29.29 29.62 29.33 29.75 29.52 29.30 29.18 29.29 29.62 29.83 29.75 29.74 29.65 29.57 29.49 29.44 29.47 29.51 29.54 29.50 29.53 29.43 29.35 29.41 29.48 29.53 29.65 29.74 29.72 29.71 29.65 29.70 29.68 29.57 29.59 29.59 29.56 29.70 29.45 29.47 29.28 29.38 29.92 29.43 29.58 29.65 29.65 29.84 29.80 29.73 29.65 29.62 29.46 29.38 29.50 29.67 29.68 29.71
29.39 29.22 29.25 29.09 29.14 29.33 29.42 29.50 29.45 29.34 29.48 29.46 29.44 29.49 29.58 29.67 29.50 29.07 28.99 29.35 29.38 29.51 29.63 29.62 29.27 29.47 29.25 29.44 29.81 29.81 29.69 29.57 29.47 29.45 29.45 29.43 29.50 29.44 29.47 29.44 29.40 29.37 29.45 29.49 29.56 29.77 29.74 29.74 29.74 29.69 29.77 29.67 29.56 29.62 29.60 29.57 29.38 29.46 29.47 29.45 29.37 29.87 29.80 29.77 29.65 29.62 29.61 29.61 29.61 29.74 29.69 29.41 29.43 29.51 29.64 29.67 29.74
29.53 29.59 29.19 29.30 29.38 29.21 29.17 29.15 29.27 29.18 29.32 29.45 29.49 29.39 29.44 29.42 29.31 28.93 28.75 28.99 29.02 29.11 29.15 29.32 29.29 29.18 29.00 29.24 29.50 29.43 29.46 29.47 29.31 29.41 29.36 29.42 29.40 29.41 29.40 29.46 29.46 29.45 29.38 29.44 29.58 29.70 29.73 29.75 29.72 29.72 29.68 29.69 29.56 29.68 29.55 29.60 29.43 29.51 29.48 29.49 29.57 29.88 29.72 29.59 29.71 29.67 29.65 29.69 29.65 29.72 29.75 29.68 29.70 29.71 29.66 29.68 29.67
29.29 29.47 29.42 29.39 29.35 29.33 29.14 29.26 29.35 29.16 29.35 29.39 29.45 29.46 29.49 29.61 29.15 28.97 28.85 28.87 29.16 29.45 29.72 29.81 29.50 29.38 29.45 29.52 29.36 29.27 29.42 29.40 29.32 29.36 29.42 29.37 29.34 29.35 29.28 29.43 29.44 29.44 29.46 29.27 29.49 29.69 29.76 29.69 29.65 29.76 29.75 29.76 29.68 29.62 29.57 29.66 29.59 29.48 29.51 29.48 29.45 29.79 29.71 29.56 29.62 29.66 29.71 29.71 29.63 29.60 29.77 29.80 29.77 29.70 29.63 29.66 29.73
