main/data/irradiance/03.09.2023.grid
ncols 839
nrows 679
xllcenter 112.0500
yllcenter -43.9500
cellsize 0.0500
nodata_value 99999.90
[rows 238 to 271 of 679, columns 231 to 307 of 839]
22.01 22.04 21.99 21.88 21.80 21.96 21.96 21.99 22.02 21.99 22.02 22.03 22.02 22.03 22.04 22.03 22.05 21.99 21.97 21.98 21.97 21.98 22.02 22.04 22.07 22.07 22.09 22.14 22.16 22.02 22.05 22.09 22.10 22.11 22.07 22.03 22.11 22.10 22.07 22.12 22.12 22.11 22.12 22.02 22.12 22.13 22.13 22.08 22.00 21.82 21.86 21.88 21.91 21.99 22.00 22.11 22.12 22.09 22.10 22.06 22.06 22.06 22.07 22.04 22.04 22.06 22.07 22.09 22.05 22.03 22.00 21.98 21.97 22.00 22.03 21.98 21.99
22.01 22.04 22.08 21.87 21.80 21.94 21.97 22.01 21.99 21.96 21.96 21.99 21.98 22.03 22.03 22.02 22.06 22.08 22.05 21.99 21.96 21.96 22.02 22.04 22.05 22.06 22.19 22.21 22.08 22.03 22.07 22.15 22.07 22.06 22.03 22.06 22.04 22.16 22.10 22.07 22.14 22.09 22.07 22.08 22.05 22.11 22.14 22.11 22.14 22.09 22.00 21.96 22.03 22.08 22.10 22.10 22.12 22.08 22.06 22.09 22.04 22.02 21.98 22.01 22.04 22.03 22.00 22.05 22.04 22.02 21.98 21.96 21.96 21.98 21.98 21.96 21.94
22.09 22.04 22.02 21.92 21.83 21.91 21.89 21.90 21.92 21.96 21.95 22.01 22.03 22.03 21.99 21.95 21.96 21.98 21.99 21.93 21.95 21.98 21.98 21.99 21.99 22.03 22.02 22.14 22.05 21.99 22.01 22.04 22.01 21.97 22.04 22.08 22.09 22.11 22.13 22.12 22.12 22.06 22.03 22.08 22.03 22.04 22.06 22.09 22.09 22.07 22.10 22.07 22.02 21.97 22.00 21.99 22.09 22.07 22.09 22.08 22.04 22.02 21.94 21.98 22.05 21.96 21.98 22.01 22.04 22.03 21.99 21.99 22.01 21.97 21.97 21.97 21.95
21.99 22.04 21.99 21.77 21.94 22.03 22.03 22.03 22.00 21.96 21.93 21.96 22.00 22.01 21.95 21.93 21.90 21.90 21.94 21.92 21.94 21.97 21.98 21.96 21.98 22.00 22.02 22.05 22.07 22.05 22.02 22.03 22.06 22.09 22.04 22.04 22.07 22.10 22.10 22.09 22.10 22.13 22.07 22.10 22.08 22.07 22.03 22.05 22.04 22.05 22.05 22.04 22.08 22.06 22.02 22.00 21.96 22.00 22.02 21.99 21.94 21.94 22.00 22.00 21.93 21.95 21.99 22.03 22.06 22.00 22.01 22.05 22.16 22.05 22.02 21.95 21.94
21.96 21.94 21.84 21.20 22.06 22.03 21.97 22.06 22.03 21.94 21.98 21.95 21.94 22.06 22.08 21.97 21.92 21.91 21.93 21.95 21.97 21.97 21.94 21.95 21.99 21.97 22.01 21.98 22.00 22.00 21.98 22.01 22.04 22.01 21.99 21.99 22.03 21.97 22.05 22.07 22.08 22.08 22.09 22.02 22.01 22.01 21.98 21.95 21.99 21.98 21.98 21.98 21.99 22.02 22.06 22.08 22.03 22.01 21.98 22.03 22.02 22.05 22.02 21.97 21.95 21.95 21.94 21.98 22.01 22.00 21.99 22.08 22.19 22.17 22.05 22.01 21.91
21.82 21.80 21.80 20.25 21.32 21.93 21.91 22.04 22.05 22.03 22.08 22.13 22.05 22.08 22.01 21.95 21.94 21.93 21.96 21.93 21.95 21.97 21.92 21.92 21.95 21.94 21.95 21.97 22.01 21.94 21.96 22.02 22.04 22.02 21.97 22.01 22.06 22.06 21.96 21.91 21.94 22.00 22.01 22.05 22.03 21.99 21.97 21.93 21.93 22.00 22.04 22.01 21.96 22.04 22.02 22.05 22.06 22.02 22.07 22.06 22.05 22.03 22.01 21.94 21.96 22.00 21.98 21.98 22.00 22.00 21.97 22.04 22.15 22.16 22.09 21.97 21.90
21.82 21.81 21.76 21.31 20.04 21.86 21.89 21.91 21.92 21.91 22.03 22.00 22.02 22.03 21.98 21.95 21.95 22.06 21.97 21.95 21.92 21.96 21.96 21.95 21.94 21.95 21.95 21.99 22.06 22.04 22.00 22.02 21.97 21.95 21.91 21.96 21.98 21.96 22.02 21.98 21.98 21.97 22.01 22.00 22.00 21.98 21.97 21.97 21.95 21.96 21.90 21.91 21.92 21.95 21.96 21.96 21.99 22.03 22.01 21.99 21.99 22.04 22.03 22.01 22.02 22.02 21.96 21.94 21.92 21.94 21.96 22.02 22.10 22.12 22.14 22.01 22.00
21.91 21.86 21.80 21.83 19.97 21.07 21.89 21.88 21.94 21.97 21.91 21.99 21.97 21.99 21.90 21.92 21.99 22.02 21.92 21.92 21.86 21.87 21.85 21.83 21.85 21.86 21.97 21.95 21.95 21.95 21.92 21.93 21.95 21.96 21.92 21.94 21.94 21.90 21.94 21.97 21.97 22.01 22.03 21.99 21.97 21.96 21.93 21.92 21.93 21.94 21.98 21.88 21.89 21.91 21.91 21.91 21.93 21.92 21.91 21.95 21.95 21.97 21.97 21.96 21.99 21.99 21.99 21.97 21.97 21.95 21.97 22.00 22.01 21.93 21.99 22.02 21.93
21.89 21.79 21.79 21.78 21.10 20.59 21.81 21.87 21.90 21.94 21.89 22.01 21.98 21.82 21.85 21.94 21.95 21.88 21.86 21.85 21.89 21.90 21.90 21.95 21.91 21.93 21.91 21.90 21.88 21.92 21.91 21.89 21.88 21.89 21.90 21.91 21.91 21.90 21.94 21.97 21.92 21.91 21.93 21.94 21.92 21.95 21.96 21.95 21.95 21.96 21.94 21.95 21.94 21.92 21.91 21.90 21.90 21.87 21.85 21.84 21.87 21.91 21.97 21.96 21.96 21.95 21.95 21.90 21.89 21.94 21.93 21.94 21.89 21.87 21.89 21.88 21.84
21.72 21.83 21.79 21.76 21.20 21.41 21.60 21.71 21.83 21.93 21.98 22.00 21.74 21.77 21.81 21.75 21.80 21.81 21.85 21.91 22.02 22.04 21.94 21.84 21.84 21.86 21.82 21.80 21.83 21.88 21.91 21.88 21.88 21.89 21.89 21.88 21.90 21.90 21.90 21.86 21.87 21.86 21.86 21.87 21.86 21.89 21.91 21.92 21.91 21.94 21.93 21.93 21.89 21.90 21.92 21.94 21.93 21.89 21.89 21.90 21.91 21.96 21.98 21.96 21.97 21.96 21.95 21.90 21.82 21.88 21.92 21.95 21.95 21.91 21.91 21.86 21.76
21.70 21.73 21.68 21.63 19.28 21.34 21.60 21.67 21.68 21.72 21.77 21.90 21.87 21.79 21.80 21.79 21.78 21.76 21.84 21.91 21.89 21.85 21.89 21.86 21.85 21.81 21.85 21.87 21.86 21.88 21.92 21.92 21.85 21.90 21.95 21.98 21.96 21.90 21.87 21.85 21.85 21.88 21.88 21.92 21.89 21.90 21.91 21.92 21.92 21.94 21.94 21.93 21.93 21.90 21.88 21.89 21.89 21.90 21.85 21.87 21.89 21.93 21.93 21.94 21.91 21.86 21.88 21.89 21.90 21.87 21.87 21.91 21.85 21.82 21.88 21.88 21.76
21.72 21.66 21.68 20.10 19.13 20.66 21.80 21.77 21.72 21.69 21.66 21.72 21.77 21.75 21.73 21.70 21.67 21.74 21.84 21.84 21.81 21.84 21.82 21.83 21.84 21.83 21.85 21.85 21.89 21.85 21.83 21.85 21.85 21.89 21.90 21.95 21.95 21.96 21.95 21.89 21.88 21.89 21.91 21.91 21.91 21.93 21.91 21.92 21.93 21.92 21.89 21.90 21.93 21.93 21.88 21.88 21.92 21.87 21.87 21.84 21.85 21.87 21.86 21.85 21.88 21.89 21.88 21.83 21.84 21.82 21.81 21.88 21.89 21.84 21.85 21.86 21.84
21.67 21.64 21.39 17.21 21.40 21.72 21.73 21.72 21.74 21.72 21.70 21.72 21.76 21.74 21.72 21.71 21.65 21.66 21.74 21.81 21.79 21.75 21.76 21.85 21.86 21.83 21.79 21.80 21.80 21.84 21.87 21.87 21.83 21.82 21.86 21.83 21.88 21.87 21.92 21.92 21.92 21.82 21.82 21.83 21.81 21.88 21.91 21.91 21.88 21.85 21.86 21.87 21.92 21.91 21.89 21.88 21.87 21.87 21.87 21.84 21.83 21.83 21.84 21.85 21.91 21.90 21.84 21.80 21.84 21.82 21.83 21.89 21.87 21.85 21.87 21.85 21.84
21.61 21.41 20.47 21.58 21.66 21.67 21.71 21.69 21.70 21.71 21.69 21.68 21.70 21.70 21.70 21.70 21.68 21.70 21.67 21.68 21.74 21.81 21.76 21.83 21.74 21.75 21.77 21.78 21.76 21.77 21.80 21.84 21.86 21.79 21.80 21.79 21.81 21.80 21.82 21.85 21.86 21.89 21.86 21.83 21.83 21.84 21.88 21.87 21.87 21.85 21.87 21.91 21.90 21.88 21.87 21.88 21.88 21.87 21.84 21.82 21.82 21.83 21.80 21.82 21.83 21.83 21.83 21.82 21.82 21.80 21.84 21.80 21.81 21.83 21.85 21.87 21.87
20.56 21.11 21.63 21.68 21.75 21.72 21.73 21.70 21.67 21.70 21.72 21.71 21.70 21.72 21.71 21.69 21.67 21.72 21.73 21.73 21.67 21.63 21.64 21.73 21.71 21.72 21.73 21.72 21.70 21.71 21.73 21.76 21.78 21.75 21.80 21.80 21.77 21.76 21.78 21.79 21.82 21.82 21.85 21.82 21.84 21.89 21.85 21.88 21.89 21.84 21.84 21.86 21.87 21.84 21.83 21.85 21.84 21.84 21.81 21.78 21.81 21.76 21.76 21.76 21.77 21.82 21.79 21.75 21.81 21.81 21.78 21.83 21.84 21.83 21.80 21.76 21.82
21.47 21.59 21.68 21.72 21.84 21.77 21.69 21.73 21.68 21.67 21.68 21.67 21.68 21.67 21.69 21.68 21.70 21.72 21.77 21.74 21.74 21.71 21.69 21.75 21.75 21.70 21.71 21.69 21.68 21.69 21.70 21.72 21.72 21.72 21.72 21.75 21.76 21.74 21.76 21.77 21.78 21.82 21.86 21.87 21.88 21.93 21.89 21.90 21.91 21.89 21.90 21.88 21.85 21.85 21.86 21.86 21.86 21.83 21.80 21.79 21.81 21.77 21.74 21.72 21.75 21.80 21.76 21.77 21.81 21.82 21.78 21.82 21.82 21.82 21.83 21.84 21.81
21.58 21.61 21.64 21.73 21.83 21.81 21.82 21.70 21.75 21.72 21.74 21.77 21.76 21.66 21.70 21.71 21.72 21.71 21.73 21.80 21.80 21.78 21.72 21.71 21.71 21.77 21.71 21.66 21.68 21.70 21.70 21.68 21.70 21.71 21.72 21.73 21.76 21.74 21.78 21.77 21.79 21.81 21.82 21.89 21.90 21.90 21.88 21.85 21.84 21.84 21.85 21.86 21.84 21.82 21.84 21.81 21.84 21.79 21.78 21.74 21.75 21.73 21.75 21.76 21.74 21.77 21.78 21.79 21.81 21.82 21.85 21.89 21.88 21.81 21.84 21.87 21.80
21.62 21.61 21.63 21.70 21.69 21.70 21.73 21.69 21.66 21.70 21.71 21.69 21.73 21.70 21.67 21.70 21.70 21.69 21.72 21.76 21.86 21.77 21.72 21.74 21.75 21.76 21.70 21.71 21.69 21.70 21.71 21.67 21.67 21.67 21.71 21.69 21.67 21.69 21.73 21.74 21.79 21.84 21.81 21.80 21.79 21.82 21.86 21.82 21.85 21.82 21.78 21.80 21.81 21.81 21.80 21.81 21.82 21.75 21.74 21.70 21.73 21.75 21.78 21.72 21.72 21.77 21.78 21.83 21.89 21.87 21.86 21.85 21.88 21.85 21.83 21.80 21.83
21.68 21.66 21.69 21.66 21.69 21.68 21.70 21.69 21.64 21.61 21.68 21.67 21.70 21.73 21.72 21.67 21.68 21.70 21.69 21.72 21.75 21.76 21.74 21.72 21.75 21.74 21.74 21.72 21.68 21.68 21.70 21.70 21.70 21.71 21.71 21.68 21.68 21.66 21.71 21.72 21.74 21.76 21.75 21.75 21.78 21.79 21.81 21.83 21.79 21.74 21.72 21.75 21.79 21.82 21.80 21.79 21.81 21.78 21.74 21.74 21.74 21.76 21.74 21.81 21.79 21.77 21.82 21.80 21.81 21.83 21.82 21.82 21.81 21.81 21.77 21.79 21.82
21.68 21.66 21.65 21.66 21.64 21.66 21.66 21.65 21.64 21.63 21.69 21.68 21.65 21.64 21.64 21.67 21.70 21.67 21.69 21.71 21.66 21.66 21.70 21.70 21.73 21.71 21.69 21.68 21.68 21.68 21.72 21.72 21.69 21.64 21.69 21.65 21.65 21.67 21.65 21.68 21.69 21.69 21.70 21.68 21.71 21.72 21.73 21.73 21.72 21.73 21.72 21.73 21.75 21.77 21.80 21.80 21.81 21.78 21.74 21.75 21.67 21.71 21.74 21.75 21.78 21.80 21.74 21.74 21.74 21.76 21.83 21.82 21.81 21.75 21.78 21.75 21.77
21.62 21.64 21.68 21.65 21.66 21.64 21.64 21.65 21.64 21.70 21.69 21.70 21.67 21.65 21.62 21.64 21.76 21.73 21.70 21.67 21.70 21.66 21.68 21.67 21.70 21.73 21.69 21.74 21.70 21.70 21.70 21.70 21.72 21.75 21.72 21.71 21.66 21.66 21.66 21.68 21.74 21.74 21.72 21.71 21.71 21.70 21.69 21.68 21.69 21.72 21.75 21.78 21.75 21.74 21.78 21.81 21.84 21.77 21.74 21.76 21.74 21.77 21.79 21.79 21.77 21.76 21.73 21.77 21.77 21.82 21.83 21.79 21.72 21.70 21.79 21.79 21.75
21.59 21.66 21.66 21.67 21.61 21.64 21.62 21.65 21.62 21.69 21.72 21.69 21.69 21.67 21.66 21.61 21.60 21.68 21.65 21.69 21.68 21.73 21.68 21.66 21.65 21.68 21.73 21.68 21.66 21.66 21.68 21.69 21.70 21.70 21.69 21.68 21.68 21.67 21.66 21.67 21.68 21.67 21.67 21.66 21.64 21.64 21.65 21.66 21.69 21.71 21.75 21.78 21.83 21.77 21.78 21.81 21.84 21.78 21.78 21.77 21.76 21.79 21.79 21.76 21.76 21.75 21.78 21.77 21.78 21.77 21.78 21.71 21.69 21.68 21.72 21.70 21.75
21.60 21.62 21.62 21.66 21.59 21.63 21.64 21.64 21.63 21.65 21.67 21.66 21.67 21.69 21.68 21.64 21.63 21.66 21.65 21.68 21.68 21.69 21.68 21.69 21.70 21.73 21.70 21.64 21.63 21.64 21.68 21.69 21.69 21.68 21.67 21.66 21.64 21.65 21.64 21.66 21.64 21.65 21.64 21.62 21.63 21.62 21.63 21.67 21.72 21.75 21.80 21.79 21.78 21.78 21.76 21.80 21.78 21.77 21.79 21.70 21.71 21.76 21.76 21.78 21.78 21.78 21.72 21.72 21.73 21.78 21.75 21.70 21.68 21.70 21.67 21.70 21.73
21.52 21.55 21.55 21.51 21.55 21.59 21.60 21.58 21.54 21.56 21.66 21.64 21.64 21.65 21.64 21.64 21.63 21.62 21.60 21.61 21.62 21.61 21.63 21.63 21.67 21.67 21.64 21.64 21.58 21.62 21.63 21.63 21.63 21.61 21.64 21.63 21.61 21.61 21.60 21.62 21.59 21.57 21.59 21.57 21.58 21.58 21.61 21.65 21.68 21.72 21.79 21.73 21.75 21.74 21.74 21.77 21.75 21.69 21.71 21.61 21.53 21.69 21.70 21.77 21.82 21.77 21.72 21.68 21.70 21.74 21.74 21.70 21.68 21.67 21.65 21.65 21.68
21.54 21.52 21.54 21.50 21.48 21.54 21.59 21.54 21.56 21.57 21.56 21.58 21.61 21.62 21.64 21.60 21.63 21.62 21.61 21.61 21.62 21.61 21.61 21.63 21.63 21.61 21.56 21.63 21.63 21.65 21.64 21.64 21.64 21.63 21.64 21.63 21.63 21.59 21.60 21.60 21.60 21.61 21.61 21.58 21.59 21.61 21.63 21.65 21.69 21.68 21.72 21.71 21.67 21.69 21.71 21.76 21.81 21.75 21.61 21.63 21.67 21.69 21.71 21.75 21.74 21.66 21.71 21.72 21.76 21.72 21.70 21.67 21.60 21.64 21.64 21.67 21.64
21.52 21.55 21.50 21.52 21.52 21.55 21.56 21.56 21.59 21.64 21.56 21.56 21.62 21.58 21.58 21.58 21.53 21.55 21.59 21.62 21.60 21.61 21.61 21.59 21.61 21.61 21.60 21.60 21.61 21.63 21.62 21.62 21.63 21.63 21.62 21.63 21.61 21.61 21.61 21.61 21.61 21.59 21.59 21.58 21.56 21.58 21.61 21.62 21.63 21.64 21.65 21.67 21.65 21.59 21.62 21.72 21.76 21.78 21.75 21.75 21.74 21.65 21.72 21.78 21.72 21.70 21.68 21.66 21.71 21.69 21.61 21.57 21.56 21.61 21.59 21.60 21.63
21.54 21.52 21.54 21.54 21.53 21.55 21.57 21.60 21.58 21.56 21.58 21.62 21.57 21.54 21.56 21.59 21.62 21.61 21.63 21.66 21.63 21.59 21.58 21.58 21.62 21.59 21.60 21.60 21.60 21.62 21.62 21.60 21.59 21.60 21.59 21.64 21.62 21.60 21.61 21.61 21.59 21.57 21.58 21.57 21.57 21.57 21.58 21.58 21.56 21.59 21.60 21.62 21.60 21.63 21.66 21.71 21.71 21.73 21.76 21.77 21.72 21.61 21.74 21.71 21.69 21.69 21.63 21.66 21.67 21.64 21.54 21.55 21.57 21.59 21.57 21.60 21.60
21.04 21.49 21.49 21.53 21.54 21.54 21.55 21.56 21.55 21.57 21.54 21.51 21.55 21.59 21.59 21.56 21.59 21.58 21.62 21.62 21.60 21.57 21.56 21.58 21.59 21.59 21.60 21.60 21.58 21.59 21.60 21.58 21.59 21.57 21.57 21.60 21.60 21.59 21.59 21.59 21.56 21.57 21.56 21.57 21.56 21.56 21.58 21.55 21.54 21.53 21.55 21.56 21.60 21.64 21.65 21.70 21.71 21.70 21.71 21.63 21.51 21.43 21.59 21.66 21.60 21.51 21.57 21.64 21.63 21.65 21.59 21.57 21.60 21.57 21.57 21.63 21.69
21.47 21.50 21.51 21.48 21.49 21.54 21.54 21.56 21.54 21.53 21.56 21.55 21.54 21.51 21.49 21.47 21.54 21.55 21.58 21.60 21.60 21.55 21.57 21.57 21.58 21.58 21.59 21.59 21.59 21.59 21.59 21.56 21.56 21.58 21.55 21.54 21.57 21.58 21.58 21.57 21.56 21.57 21.56 21.55 21.53 21.55 21.56 21.54 21.52 21.50 21.52 21.58 21.57 21.58 21.62 21.70 21.71 21.71 21.65 21.60 21.61 21.69 21.72 21.71 21.73 21.71 21.69 21.64 21.67 21.67 21.62 21.58 21.55 21.58 21.57 21.61 21.65
21.53 21.53 21.61 21.53 21.50 21.49 21.51 21.50 21.49 21.53 21.52 21.51 21.50 21.50 21.48 21.48 21.53 21.53 21.52 21.57 21.51 21.49 21.53 21.56 21.55 21.54 21.55 21.56 21.56 21.58 21.60 21.58 21.56 21.55 21.56 21.57 21.57 21.56 21.54 21.53 21.54 21.56 21.54 21.54 21.52 21.54 21.53 21.53 21.51 21.52 21.50 21.51 21.54 21.55 21.61 21.67 21.64 21.57 21.49 21.54 21.65 21.76 21.82 21.76 21.74 21.75 21.71 21.64 21.65 21.68 21.60 21.57 21.53 21.55 21.57 21.59 21.65
21.52 21.51 21.64 21.42 21.49 21.51 21.50 21.50 21.51 21.51 21.50 21.49 21.47 21.52 21.49 21.44 21.48 21.51 21.51 21.50 21.47 21.46 21.52 21.54 21.53 21.53 21.54 21.54 21.51 21.54 21.56 21.55 21.55 21.55 21.56 21.56 21.52 21.52 21.53 21.52 21.51 21.54 21.54 21.54 21.51 21.51 21.53 21.52 21.49 21.51 21.55 21.56 21.53 21.56 21.59 21.65 21.69 21.58 21.58 21.58 21.71 21.78 21.78 21.81 21.76 21.74 21.74 21.65 21.63 21.65 21.64 21.60 21.59 21.50 21.58 21.55 21.53
21.52 21.51 21.50 21.57 21.46 21.48 21.52 21.53 21.53 21.53 21.51 21.49 21.48 21.46 21.53 21.55 21.54 21.54 21.50 21.49 21.51 21.52 21.49 21.46 21.47 21.50 21.51 21.50 21.47 21.50 21.53 21.53 21.50 21.51 21.53 21.51 21.50 21.50 21.51 21.49 21.50 21.49 21.51 21.51 21.50 21.47 21.49 21.52 21.50 21.47 21.49 21.50 21.49 21.51 21.55 21.58 21.58 21.58 21.54 21.58 21.73 21.74 21.71 21.75 21.75 21.71 21.70 21.65 21.62 21.54 21.60 21.57 21.57 21.42 21.52 21.54 21.55
21.47 21.46 21.46 21.50 21.47 21.48 21.50 21.48 21.47 21.50 21.50 21.49 21.51 21.48 21.48 21.52 21.50 21.51 21.48 21.48 21.50 21.47 21.48 21.46 21.45 21.46 21.48 21.49 21.50 21.48 21.50 21.53 21.51 21.52 21.53 21.49 21.50 21.51 21.51 21.47 21.45 21.47 21.46 21.44 21.47 21.44 21.43 21.48 21.48 21.46 21.46 21.48 21.48 21.47 21.52 21.51 21.54 21.52 21.50 21.63 21.71 21.76 21.75 21.74 21.74 21.76 21.74 21.69 21.67 21.59 21.59 21.53 21.54 21.48 21.48 21.49 21.53
21.49 21.48 21.52 21.46 21.49 21.54 21.51 21.51 21.48 21.49 21.46 21.47 21.50 21.51 21.48 21.47 21.46 21.48 21.49 21.52 21.52 21.49 21.46 21.46 21.43 21.42 21.45 21.46 21.49 21.50 21.50 21.52 21.52 21.53 21.53 21.47 21.54 21.53 21.56 21.50 21.46 21.50 21.48 21.46 21.46 21.50 21.46 21.41 21.42 21.42 21.44 21.44 21.47 21.45 21.46 21.49 21.55 21.50 21.56 21.63 21.62 21.60 21.54 21.66 21.62 21.58 21.66 21.65 21.64 21.59 21.53 21.50 21.48 21.54 21.46 21.49 21.51
