main/data/irradiance/03.04.2023.grid
ncols 839
nrows 679
xllcenter 112.0500
yllcenter -43.9500
cellsize 0.0500
nodata_value 99999.90
[rows 136 to 169 of 679, columns 231 to 307 of 839]
11.62 14.71 14.71 14.71 13.59 13.94 13.67 14.18 15.59 16.14 15.42 15.60 15.49 15.13 15.35 15.74 15.91 14.95 14.07 13.04 12.24 10.50 11.31 11.60 12.01 11.49 11.15 10.87 10.49 11.30 11.89 11.63 10.93 10.81 10.81 11.43 12.50 11.72 12.14 12.28 12.08 12.95 12.31 11.81 11.71 12.32 12.33 12.70 12.63 13.51 15.18 14.08 13.74 14.47 15.65 17.07 16.83 17.24 16.50 15.40 15.85 13.91 12.40 11.79 10.99 11.10 11.33 11.07 11.48 11.63 11.92 11.31 11.77 13.23 15.27 15.21 15.36
14.33 14.71 14.71 13.59 13.59 13.94 15.11 15.11 15.46 14.83 14.23 14.35 14.53 14.73 15.48 15.37 15.09 14.63 13.30 12.04 12.12 10.70 11.50 11.29 13.06 12.19 12.56 12.13 11.88 11.72 12.46 12.64 12.19 12.00 11.98 11.61 11.70 11.65 13.00 13.34 12.80 12.09 12.07 11.83 12.54 12.65 13.44 13.67 14.66 14.65 14.61 13.62 13.20 14.04 15.57 16.96 16.01 16.54 15.70 15.14 14.79 14.23 12.40 11.83 11.88 11.18 11.56 11.77 11.40 11.61 11.97 11.54 11.76 13.24 14.84 15.31 14.88
14.33 14.41 14.41 13.59 13.59 15.11 15.11 15.49 15.41 14.88 14.76 13.64 14.10 15.30 15.14 14.33 14.14 13.92 13.14 12.20 11.95 10.76 11.07 11.48 12.47 12.43 13.78 12.45 12.33 11.86 12.85 12.80 12.51 12.01 11.21 11.15 11.28 11.00 11.92 12.49 12.74 12.12 13.02 13.03 13.83 13.64 14.19 14.86 15.99 16.02 16.14 14.74 13.64 14.20 15.19 15.39 14.38 14.41 14.64 14.87 14.04 13.63 12.08 11.45 11.41 10.98 10.72 11.96 12.98 11.63 11.51 10.96 11.55 12.53 13.84 15.21 14.45
14.33 14.41 14.41 14.41 16.17 15.26 15.26 15.72 15.62 14.74 14.55 14.07 14.24 14.03 14.18 13.68 14.22 13.82 12.99 12.91 12.47 12.16 11.96 11.68 12.49 13.34 13.46 12.12 13.15 12.45 12.08 12.93 12.77 12.26 11.65 11.22 11.32 10.95 11.16 12.11 13.04 14.79 15.85 15.82 15.82 15.35 14.47 15.90 16.30 16.10 15.56 13.66 13.17 13.11 13.09 13.07 13.45 13.07 13.26 14.11 14.30 12.79 11.77 11.06 10.96 10.86 10.30 11.73 12.40 12.75 12.09 11.38 10.76 11.76 12.78 14.03 13.21
14.33 14.41 14.41 15.42 16.17 16.17 16.22 16.12 15.97 15.41 14.75 14.62 14.52 14.54 14.47 14.84 15.39 14.08 13.37 13.44 13.30 12.95 12.76 13.11 13.15 13.92 13.59 12.66 13.19 12.90 12.73 13.17 13.57 13.41 13.14 11.38 9.69 9.78 10.93 11.35 12.78 15.24 18.05 18.46 18.66 18.43 16.72 17.50 16.10 15.85 14.26 13.11 12.46 13.05 13.34 13.49 13.06 12.92 13.59 15.45 15.51 12.88 12.13 10.67 10.53 10.54 10.91 12.03 12.97 13.30 13.18 12.72 12.61 11.89 12.72 13.09 13.43
14.58 14.50 15.42 15.42 16.67 16.67 16.53 16.98 17.05 15.72 15.47 15.40 14.88 15.14 14.99 14.79 14.48 14.29 14.13 13.91 14.31 12.79 12.86 13.55 13.04 13.52 13.54 13.59 13.92 13.64 13.43 13.37 13.76 13.34 12.71 11.85 10.38 9.49 9.98 10.66 12.33 15.60 17.54 19.44 20.10 19.77 18.63 18.33 17.23 16.62 14.98 13.37 12.26 12.03 12.88 13.21 13.48 13.54 13.87 15.32 15.20 14.23 13.41 12.58 11.60 11.25 11.92 11.80 12.29 12.88 13.31 13.68 13.25 12.59 12.77 12.67 13.24
14.58 15.11 15.93 17.08 17.08 17.80 17.54 17.61 17.49 16.13 15.54 15.79 15.36 16.12 15.45 14.23 14.16 13.24 13.88 14.08 13.46 12.93 13.41 13.21 13.41 13.88 14.45 14.05 14.02 13.68 13.40 12.81 12.51 13.39 12.70 11.96 10.19 9.43 9.46 10.40 12.83 15.53 16.86 19.46 20.17 20.70 20.37 19.02 18.33 17.70 16.46 14.12 13.25 12.96 12.69 12.64 13.04 13.69 13.76 14.92 14.71 13.62 13.61 13.66 12.36 10.88 11.36 10.76 11.94 12.43 13.28 14.00 13.51 13.57 13.22 12.83 13.37
15.89 15.89 16.58 17.34 17.94 17.80 17.54 18.28 17.99 16.77 16.04 15.63 15.29 15.35 15.09 14.86 14.31 13.37 13.62 14.10 14.21 13.73 13.50 13.55 13.96 14.60 14.27 14.34 14.52 13.58 12.98 13.06 12.92 13.65 13.21 13.22 12.02 10.49 10.14 10.73 12.58 15.34 16.52 18.18 19.97 21.08 20.32 19.75 19.01 18.66 17.25 15.24 14.91 14.68 13.79 13.68 12.91 13.25 12.27 13.40 13.89 13.18 13.65 13.62 13.51 13.14 11.41 10.59 11.22 11.96 12.91 13.79 13.85 12.73 12.78 13.02 14.91
15.79 15.79 16.75 17.15 17.52 17.95 18.57 18.51 18.09 17.10 16.95 16.53 16.00 15.45 15.93 15.51 15.03 14.40 13.51 14.04 14.47 14.24 14.62 13.97 14.60 14.52 14.16 14.22 14.27 13.50 13.65 13.86 13.42 13.90 13.60 14.17 12.84 11.67 10.38 10.67 11.53 15.05 16.51 17.70 19.53 20.31 19.74 20.25 19.75 19.02 17.98 16.72 15.90 15.34 15.18 14.65 14.44 13.65 13.04 13.59 13.73 12.95 12.58 13.63 13.54 13.47 13.05 11.21 10.71 11.71 12.69 13.03 12.99 12.30 13.42 13.80 15.51
15.68 15.68 16.43 16.53 16.58 16.77 17.49 18.30 18.67 17.45 16.73 16.17 15.65 15.38 15.52 15.01 15.11 15.10 14.38 15.08 15.41 15.03 15.34 15.25 14.70 14.46 13.99 13.56 13.81 14.19 14.32 13.83 13.85 14.01 13.96 14.02 14.08 13.38 11.79 11.06 11.51 15.18 16.50 16.95 18.10 19.70 20.35 20.49 20.73 19.81 18.79 17.71 16.26 15.48 14.99 14.71 15.37 14.33 13.85 14.15 13.87 13.46 13.37 13.61 13.98 13.67 14.36 13.60 11.06 11.68 12.41 13.61 14.28 14.14 15.34 15.55 15.77
15.68 15.33 15.70 15.86 15.77 15.99 16.85 17.81 18.28 17.84 16.89 16.32 15.74 15.79 15.43 14.39 15.02 15.08 15.15 16.22 16.90 16.23 15.51 15.39 14.80 14.60 14.44 13.19 13.47 13.86 14.63 13.93 13.61 13.91 14.48 14.99 14.73 15.05 13.39 11.90 12.37 14.32 15.55 17.01 17.61 18.85 20.38 21.34 20.79 20.18 20.13 18.71 16.66 15.61 15.25 14.92 16.24 16.47 15.84 14.51 14.18 13.30 13.86 13.76 13.99 14.13 14.23 12.80 11.46 11.23 11.59 13.89 15.13 15.54 15.80 16.55 16.75
15.55 15.54 15.29 15.27 15.10 15.42 16.19 17.22 17.99 18.06 17.43 16.95 16.53 15.72 15.86 16.32 16.16 15.56 15.47 15.77 16.49 15.98 14.90 15.37 14.40 14.71 15.15 14.03 13.58 13.92 14.72 14.27 14.60 14.95 14.72 15.24 15.03 15.14 14.42 13.63 12.81 15.12 15.79 16.53 17.05 18.95 20.56 21.21 20.56 21.44 20.60 19.97 18.12 16.69 16.22 15.41 16.65 17.28 17.12 16.44 15.85 15.49 14.99 15.46 14.80 14.17 13.83 13.05 11.82 11.45 12.02 13.64 15.45 15.37 15.51 16.23 16.71
15.03 15.69 15.43 15.06 14.86 15.34 16.12 17.32 18.21 18.41 18.01 17.59 16.96 16.40 16.15 16.13 16.75 16.48 16.20 16.21 16.21 16.14 15.40 15.14 14.46 13.25 14.39 15.26 14.89 14.93 15.01 15.02 16.31 15.26 16.06 15.78 15.89 15.43 14.90 14.77 14.83 16.29 16.48 18.35 18.88 19.08 20.94 20.07 20.33 21.77 21.34 20.78 19.15 18.64 17.73 16.96 17.01 17.60 18.01 17.66 17.20 16.41 16.37 16.83 16.61 15.81 15.58 13.83 12.90 12.51 12.66 13.17 13.67 13.79 14.65 16.26 17.14
14.86 15.33 15.42 15.29 15.31 15.33 15.98 17.14 18.16 18.56 18.32 17.77 17.65 16.90 16.64 16.88 17.05 16.26 16.78 17.00 16.81 16.33 16.19 15.58 15.23 14.87 14.76 15.39 15.62 15.92 15.78 16.32 16.02 16.47 16.38 16.78 16.20 15.82 15.71 16.23 17.21 18.57 18.70 19.13 18.92 19.11 19.40 19.83 20.07 20.97 20.64 20.88 20.38 19.74 19.45 18.81 18.20 17.86 18.05 18.30 18.13 17.38 17.15 16.90 16.93 17.14 15.70 15.22 13.08 12.66 12.77 12.70 12.34 14.08 15.14 16.63 17.29
15.38 14.48 14.70 15.72 15.88 15.81 15.97 16.91 17.97 18.22 18.33 18.34 18.40 17.90 17.81 18.09 17.71 17.00 16.72 17.63 18.07 17.45 16.97 16.65 16.34 16.78 17.15 16.73 16.31 15.68 15.83 16.25 17.58 17.74 17.40 16.86 16.45 16.55 16.46 16.88 18.47 19.02 19.38 19.14 18.89 18.83 18.76 20.23 20.56 20.88 20.96 20.46 21.18 20.54 20.43 20.00 19.96 19.30 19.15 19.58 19.09 18.66 18.15 17.92 16.70 17.97 17.88 16.85 14.01 13.36 13.07 12.71 12.23 14.34 15.92 17.52 17.82
15.35 15.05 14.49 15.43 16.23 16.25 16.47 16.84 17.79 18.05 18.46 19.08 19.18 19.27 18.88 18.61 18.55 18.11 17.59 17.93 18.75 18.34 18.36 18.27 17.50 17.30 17.21 16.16 16.37 16.12 17.07 17.60 18.43 18.33 18.57 18.41 18.46 18.14 17.17 17.29 18.17 19.17 19.82 19.52 19.08 18.87 19.32 20.01 21.24 21.18 21.14 21.12 20.91 20.83 21.37 21.20 21.31 20.35 20.19 19.99 20.23 19.37 19.57 19.48 18.63 18.56 19.12 17.69 16.67 15.70 14.26 14.54 14.73 15.86 16.73 18.26 19.08
15.83 15.85 15.43 15.76 16.35 16.59 16.51 17.15 17.56 17.76 18.39 18.53 19.30 19.96 19.58 19.23 19.47 19.28 18.63 18.97 18.83 18.39 18.57 18.41 17.81 17.62 17.09 17.29 17.78 18.20 17.98 18.33 19.24 19.28 19.44 19.23 19.72 20.03 19.57 19.37 19.12 20.17 20.54 20.60 19.84 19.25 19.77 20.24 21.35 21.21 21.05 20.97 20.66 20.44 20.87 21.55 21.70 21.31 20.92 20.69 21.30 20.90 20.01 20.07 20.24 19.57 19.14 18.69 18.12 17.93 17.01 16.89 17.16 16.67 18.38 18.93 19.57
16.05 16.18 15.57 16.08 17.19 17.02 16.73 17.23 17.55 17.87 18.09 18.59 19.53 20.13 20.20 20.28 20.18 20.29 19.49 18.92 18.74 18.97 19.28 18.88 18.48 18.30 17.65 17.68 18.16 18.59 18.92 19.48 20.37 20.13 19.99 20.57 20.86 20.68 20.10 20.63 20.93 20.93 21.03 21.08 19.87 19.43 20.33 21.67 21.56 21.13 20.95 21.01 20.61 20.33 21.07 21.30 21.15 22.19 22.03 21.34 22.03 22.53 21.12 20.43 20.79 20.57 20.27 19.72 18.81 19.26 18.67 18.50 18.31 19.11 20.18 21.42 21.63
15.98 16.63 16.48 16.75 17.27 16.89 17.27 17.18 17.65 18.65 18.29 18.44 19.53 19.73 20.45 20.75 20.87 20.61 20.24 19.41 19.50 19.71 19.79 19.35 18.35 17.66 18.16 18.15 18.48 19.53 19.36 19.74 20.47 20.18 20.05 19.82 21.14 21.19 21.22 20.99 21.01 21.27 20.97 21.43 20.68 20.44 20.64 21.64 22.29 21.88 21.78 21.61 21.33 21.26 21.60 21.74 21.37 21.75 22.33 22.33 22.36 22.46 21.78 21.37 20.92 21.29 21.37 21.41 20.70 21.21 21.77 22.06 21.99 21.57 22.31 22.68 22.89
15.85 16.63 16.80 16.29 16.98 17.63 17.37 17.68 18.07 17.88 18.24 18.45 19.38 19.63 19.65 20.62 20.84 20.72 20.67 19.86 20.03 20.41 19.75 19.87 19.31 18.44 18.54 18.70 18.95 19.51 20.07 19.81 20.63 20.26 20.52 20.19 20.23 20.91 21.33 20.58 20.95 21.23 21.20 21.81 21.66 22.02 21.88 21.73 22.26 22.30 22.20 21.99 22.17 22.46 22.03 22.04 21.58 21.29 21.98 22.51 22.36 22.54 22.69 22.22 21.61 21.45 22.09 22.41 22.19 22.05 22.52 22.69 22.92 23.04 23.26 23.25 22.96
16.00 16.46 17.08 17.13 17.80 17.63 17.30 17.99 18.48 17.68 17.67 17.77 18.17 18.67 19.22 20.13 20.87 20.90 20.66 20.64 19.89 20.34 20.07 20.34 20.02 19.76 19.41 19.51 19.01 19.39 19.85 20.14 21.13 21.12 21.37 21.62 21.44 21.48 21.34 20.87 20.75 20.70 21.76 21.84 22.00 22.08 22.21 21.77 22.08 22.17 22.57 22.51 22.52 22.50 22.44 22.41 22.10 21.40 21.85 22.65 22.68 22.70 22.86 22.34 22.03 21.37 22.48 22.59 22.33 22.65 23.05 23.36 23.45 23.25 23.29 23.29 23.05
16.59 16.63 16.68 17.84 17.94 17.90 17.43 18.01 18.05 18.24 17.64 17.59 18.22 18.15 18.60 19.05 19.60 20.56 20.63 20.39 19.78 19.82 20.08 20.37 20.65 20.41 19.77 20.29 20.35 20.20 20.77 20.97 21.83 21.74 21.28 21.65 22.16 21.71 21.16 21.60 21.01 20.68 21.59 21.96 22.46 22.45 22.32 22.46 22.77 22.58 22.77 22.85 22.51 22.37 22.67 22.91 22.57 22.16 21.95 22.58 22.48 22.50 22.47 22.00 22.03 22.14 22.57 22.83 22.77 22.89 23.27 23.48 23.44 23.47 23.40 23.39 23.29
16.53 16.34 16.59 17.34 18.18 18.02 17.86 18.02 17.47 18.52 17.72 17.66 17.75 18.02 18.75 17.80 17.86 19.91 20.28 20.62 20.32 19.75 19.79 20.29 20.81 20.72 20.59 20.33 20.80 20.66 20.82 20.88 22.08 22.28 21.87 21.78 22.11 22.65 21.79 21.67 21.18 21.44 21.50 21.43 22.47 22.75 22.30 22.56 22.89 23.06 23.06 22.83 22.57 22.27 22.84 22.98 22.76 22.73 22.77 22.42 22.76 22.37 22.18 22.03 22.05 22.19 22.62 23.04 23.13 23.25 23.29 23.46 23.40 23.60 23.32 23.12 22.57
16.32 16.08 16.77 17.42 18.05 18.37 18.02 17.74 17.54 18.46 17.84 18.39 18.21 18.32 19.01 18.15 17.93 19.02 19.23 19.49 20.40 19.94 20.02 20.58 21.23 21.20 20.65 20.93 21.14 20.18 20.26 21.02 21.38 21.99 22.72 22.07 22.18 22.75 22.45 22.56 22.28 21.94 21.70 21.71 23.02 23.20 22.93 22.67 22.56 22.82 23.01 22.89 22.82 22.84 22.83 22.87 22.76 22.88 22.90 22.60 22.66 22.44 22.23 22.27 22.33 21.97 22.59 22.95 23.16 23.37 23.39 23.35 23.14 23.03 23.20 22.68 21.46
16.62 16.04 16.74 17.29 17.29 18.04 17.71 17.85 18.01 18.54 18.41 19.00 18.87 18.88 18.29 17.73 18.29 19.52 18.28 18.72 19.68 20.00 20.05 20.72 20.88 21.10 20.60 21.08 21.73 21.29 20.49 20.90 21.19 21.75 22.16 22.31 22.13 22.88 22.52 22.50 22.64 22.77 22.02 22.36 22.34 22.55 22.96 22.64 22.43 22.95 22.84 23.11 22.86 22.84 22.60 22.79 22.93 22.43 22.80 22.90 22.36 22.46 22.99 22.63 22.48 22.38 22.52 22.49 22.54 22.98 22.96 23.12 22.96 23.00 22.79 22.64 20.84
16.56 16.02 16.59 16.71 17.41 17.70 17.80 18.22 18.14 18.22 18.55 18.67 19.15 19.10 18.63 17.86 18.94 19.87 18.77 18.85 19.19 19.62 19.35 19.87 19.64 19.80 20.88 20.86 20.91 20.17 20.38 20.71 20.96 22.11 22.26 21.90 22.35 22.42 21.68 22.20 22.56 23.07 22.96 22.31 21.89 21.81 22.48 22.62 22.49 22.64 23.07 22.89 22.78 22.60 22.83 23.04 22.96 22.74 22.75 22.74 22.32 22.15 22.61 23.32 22.74 22.33 22.51 22.45 22.73 22.69 22.69 22.91 22.96 23.13 22.65 22.05 20.20
16.03 16.49 17.44 17.45 17.05 17.35 17.48 17.94 17.38 17.65 17.50 18.45 19.43 19.46 19.58 19.13 19.69 19.70 19.52 19.60 19.41 20.03 20.24 20.39 19.15 19.39 20.56 20.64 20.94 19.66 19.90 20.52 20.90 22.16 22.10 22.23 22.22 22.10 21.69 21.96 22.80 22.99 23.01 22.58 22.29 21.65 22.04 22.20 22.43 22.90 23.16 22.64 22.20 22.38 22.79 22.87 22.96 22.97 22.96 23.06 22.37 22.23 22.00 22.87 22.61 22.90 22.31 22.36 22.82 22.94 22.35 22.75 22.70 22.72 22.90 22.06 20.36
16.10 16.64 17.53 17.13 16.53 17.28 17.18 17.06 17.14 17.44 17.04 17.98 18.13 19.39 19.75 19.22 19.94 19.85 19.64 20.51 20.19 21.23 20.77 21.57 19.73 19.46 19.88 20.15 20.13 19.79 20.17 20.29 20.69 22.00 21.59 21.91 22.01 21.77 22.49 22.64 22.63 22.19 22.43 22.84 22.61 22.46 21.63 21.24 21.92 22.58 22.71 22.45 21.80 22.26 22.53 22.71 22.64 22.57 22.84 22.75 22.41 22.25 22.49 22.07 22.28 22.79 22.56 22.01 22.48 22.75 22.16 22.18 22.81 22.55 21.85 21.75 20.65
15.76 16.52 17.10 16.43 16.27 17.40 17.42 17.18 17.70 16.77 16.38 16.05 17.00 18.54 19.00 19.15 20.67 20.41 19.14 20.12 20.48 20.88 21.05 22.08 21.28 20.22 19.47 19.50 19.74 20.53 20.61 20.06 20.11 21.25 21.63 21.98 21.44 21.31 21.79 22.29 22.47 22.27 22.65 22.90 22.95 22.92 22.08 21.22 21.14 22.27 22.77 22.26 21.71 22.13 22.37 22.50 22.58 22.31 22.39 22.82 22.28 22.25 22.39 22.60 22.07 22.56 22.66 22.41 22.30 21.68 20.66 21.84 22.87 22.54 21.33 21.21 20.10
15.28 16.09 16.57 15.91 16.94 18.28 17.29 17.67 17.70 17.52 16.98 15.74 16.14 16.76 18.41 19.27 19.98 19.82 19.76 20.54 20.27 20.41 20.71 21.14 21.21 21.66 19.95 20.58 20.12 20.81 20.97 19.89 19.76 20.50 20.95 21.71 21.55 21.58 21.26 21.37 22.11 22.19 22.81 22.77 22.78 22.69 22.15 21.54 21.73 22.02 22.40 22.08 21.76 22.10 21.87 22.18 22.67 22.00 21.95 22.24 22.03 22.01 22.48 22.73 22.71 22.66 23.02 22.60 21.68 20.76 19.54 22.10 22.88 23.11 22.25 20.67 20.01
15.25 16.13 16.03 15.48 17.12 17.41 16.81 17.73 18.05 18.52 17.78 16.12 16.22 15.92 17.00 17.91 17.93 18.96 19.77 20.45 20.11 20.44 20.32 20.55 20.95 20.10 20.96 21.64 20.54 21.08 20.80 20.28 20.23 20.25 20.38 21.38 21.65 21.90 21.34 21.28 21.56 21.96 22.64 22.62 22.49 22.35 22.39 22.30 22.21 21.54 21.96 21.79 21.96 22.56 21.55 22.35 22.62 22.31 21.67 21.87 21.80 22.04 22.20 22.34 22.56 22.73 22.04 22.23 21.51 20.08 20.72 22.30 22.83 22.86 22.60 21.93 20.11
15.38 16.13 15.91 15.92 17.02 16.61 17.00 18.01 18.62 18.88 18.16 17.58 17.26 16.40 16.04 17.31 17.39 18.55 19.24 19.78 20.73 20.35 19.71 20.85 20.78 19.97 20.45 21.22 20.89 21.34 20.93 20.80 20.92 21.11 20.94 20.63 20.85 21.40 21.07 21.38 21.06 21.09 21.93 22.79 22.79 22.16 22.22 22.20 22.20 22.30 21.94 21.43 21.87 22.54 22.09 22.16 22.18 21.84 21.36 21.53 21.74 21.90 22.13 22.32 22.61 22.75 21.88 22.05 21.32 22.20 22.44 22.24 21.89 22.15 21.55 21.37 20.95
15.86 15.41 16.01 16.11 16.93 16.76 17.14 17.80 18.58 19.16 18.14 18.31 18.58 18.43 17.26 17.56 16.95 18.29 18.47 19.38 19.73 20.15 20.38 20.43 20.61 20.43 19.86 20.33 20.94 21.16 21.09 20.70 21.08 21.23 21.27 21.00 20.48 20.90 21.67 21.69 21.22 21.57 21.49 22.31 22.99 22.77 22.27 22.05 21.71 22.29 21.76 21.07 21.78 22.47 22.19 21.73 21.42 21.50 21.21 21.70 22.03 21.62 21.64 21.91 22.25 22.30 22.72 22.09 21.19 22.20 22.43 21.02 21.17 21.77 20.58 19.61 20.14
16.02 15.74 16.19 16.66 16.76 17.00 17.53 17.37 18.24 19.04 18.23 19.01 19.32 19.27 17.88 17.08 17.88 18.46 18.86 18.72 18.96 19.81 20.24 20.69 20.41 20.88 19.59 19.93 20.80 21.48 21.40 20.77 20.98 21.27 21.78 21.37 20.90 21.82 22.45 21.81 21.34 22.00 21.43 21.66 22.08 22.58 22.71 21.93 21.85 21.99 22.06 21.99 22.02 22.28 22.30 21.79 21.20 21.28 21.34 22.04 22.03 21.88 21.65 21.64 21.68 21.42 22.08 22.20 21.97 21.98 21.68 21.14 22.02 22.00 20.28 20.75 21.14
