main/data/irradiance/03.03.2023.grid
ncols 839
nrows 679
xllcenter 112.0500
yllcenter -43.9500
cellsize 0.0500
nodata_value 99999.90
[rows 136 to 169 of 679, columns 385 to 461 of 839]
8.99 10.46 11.07 9.81 8.86 9.85 10.84 11.93 11.82 12.83 13.74 14.97 15.14 13.11 14.04 15.93 15.33 14.92 16.91 16.86 16.75 17.41 16.54 16.47 15.83 15.32 15.58 15.93 15.65 17.13 16.37 17.18 15.95 17.00 15.80 14.92 15.02 16.28 16.22 15.94 16.36 17.52 17.33 16.93 17.29 16.92 17.91 17.53 16.17 17.60 17.65 18.65 18.56 18.70 18.75 20.01 18.02 18.26 19.35 20.17 20.54 21.15 19.50 19.83 19.78 19.49 20.82 21.26 22.95 21.51 21.48 20.91 21.09 22.02 21.16 21.59 21.11
9.58 10.42 10.92 11.11 9.76 10.66 11.61 12.06 11.79 13.12 13.57 15.12 15.44 13.87 14.54 15.05 14.10 14.36 16.97 16.42 16.21 16.01 16.56 15.24 16.41 15.65 15.25 16.21 16.56 16.83 17.39 17.13 16.56 16.12 15.61 15.30 14.29 14.87 15.32 16.18 16.37 16.87 17.65 17.05 16.17 17.25 17.93 17.99 17.06 16.02 17.19 18.68 17.70 19.04 18.51 18.64 18.37 19.09 21.13 19.64 20.67 19.83 19.12 20.96 22.67 22.11 22.90 22.47 22.27 21.44 21.01 22.39 20.52 20.33 21.54 20.34 21.47
10.53 11.27 11.42 11.28 10.13 10.61 10.77 11.77 12.07 12.41 13.76 14.77 14.56 14.04 15.12 14.73 15.35 15.66 16.78 16.70 16.85 16.88 15.82 15.97 15.82 17.22 16.22 16.51 16.93 16.90 15.76 16.10 15.71 16.51 15.22 15.36 14.50 14.77 15.66 17.17 16.67 15.88 16.44 17.59 15.55 16.96 16.94 17.58 16.89 17.66 16.94 18.36 17.09 16.73 18.53 18.79 16.90 19.57 20.74 18.87 20.53 21.50 21.36 22.12 21.28 20.30 21.84 22.78 21.49 22.92 21.99 20.19 20.82 20.63 21.56 21.99 21.47
10.90 10.01 10.17 11.53 11.33 11.83 11.06 12.31 12.20 12.35 14.20 13.76 13.52 13.69 14.75 13.37 14.85 15.02 16.43 17.30 17.14 15.56 14.93 15.21 16.60 16.15 16.61 16.31 16.53 16.96 16.12 15.57 15.75 15.77 14.99 14.86 14.99 14.80 15.40 15.63 15.94 16.62 16.91 16.73 15.94 17.27 18.49 17.54 17.97 19.66 17.81 17.93 18.43 18.53 18.04 19.52 20.59 19.14 21.18 18.40 19.40 21.88 20.33 19.65 18.77 20.41 22.34 21.96 22.52 23.09 22.47 21.82 21.83 20.93 22.62 21.19 22.63
12.79 10.86 9.92 8.95 10.10 10.42 10.35 10.60 12.54 12.35 13.82 14.44 14.70 14.21 13.71 14.42 13.95 14.63 16.28 17.08 17.84 16.60 14.79 15.65 15.73 15.74 16.13 15.73 16.11 15.74 15.41 15.62 15.26 14.51 14.93 14.51 14.93 14.69 14.48 15.59 17.54 19.00 17.89 19.29 17.90 16.69 19.18 17.33 17.75 18.56 18.67 17.15 18.20 18.19 20.51 21.64 20.86 20.06 18.60 19.25 20.63 20.30 20.37 20.48 21.02 20.76 22.82 22.71 22.85 22.39 23.39 21.76 21.28 23.85 22.35 22.00 20.49
12.72 10.32 10.16 9.28 10.03 12.36 12.13 11.42 11.01 12.28 12.82 13.28 14.18 14.38 13.71 14.96 15.12 14.15 14.63 16.57 17.72 16.80 15.31 15.37 14.87 14.01 14.65 14.91 14.54 14.93 15.35 15.26 14.86 14.47 14.79 14.38 15.64 15.45 14.47 15.22 17.28 18.23 18.25 18.54 16.88 16.86 18.50 17.43 17.91 18.68 18.64 18.26 17.76 19.40 22.70 21.52 19.78 19.77 21.18 20.60 21.73 20.76 20.72 21.23 20.63 21.10 22.64 21.52 22.87 23.78 23.61 22.43 22.89 20.94 22.15 21.03 20.84
11.93 9.43 10.13 10.26 9.88 9.61 10.56 11.16 11.00 12.73 12.43 12.12 12.85 13.72 13.90 14.32 15.58 15.28 15.81 16.34 16.90 16.87 14.60 13.96 14.13 14.11 14.32 15.18 14.67 15.06 14.94 14.32 14.31 13.29 14.29 14.27 15.08 14.73 15.01 15.36 16.63 18.10 19.10 17.08 15.60 16.55 17.08 16.92 17.39 17.16 17.84 19.02 19.31 19.96 21.60 19.05 19.78 19.81 21.48 22.93 22.79 22.59 23.11 23.61 21.99 21.10 23.07 22.16 24.14 23.58 23.33 23.26 21.78 21.50 21.96 20.82 21.03
9.54 9.61 9.14 8.90 9.49 9.80 10.70 12.46 13.14 13.36 13.62 13.02 13.27 13.38 14.55 14.00 13.57 15.31 15.57 15.40 15.43 15.10 15.36 14.40 15.53 15.15 14.21 15.57 14.83 14.17 15.11 14.39 13.72 13.66 14.47 14.70 14.60 14.46 15.59 15.82 15.24 16.61 17.70 17.12 16.57 15.52 17.74 18.64 18.32 18.70 19.26 19.49 18.15 19.09 19.52 18.47 19.01 18.37 19.65 21.49 20.90 21.07 22.26 20.20 20.52 21.27 22.46 21.25 23.61 23.40 21.49 22.39 22.91 21.95 20.28 20.95 21.43
10.28 10.57 9.83 9.70 9.86 10.29 10.39 10.65 12.17 13.38 14.18 14.54 13.85 13.57 13.90 13.65 11.78 14.02 15.17 15.68 15.56 14.55 15.12 15.46 14.47 13.56 14.28 14.76 14.41 14.18 14.43 14.41 13.67 14.52 14.27 14.73 14.51 14.98 15.55 16.71 17.21 16.94 16.70 17.77 17.55 17.44 19.18 19.62 19.10 19.77 19.96 19.39 18.19 17.07 17.62 18.05 18.82 17.38 20.39 21.32 20.87 22.63 21.76 21.18 20.30 22.74 22.77 22.31 23.85 23.30 22.51 23.11 22.53 20.53 19.34 19.54 21.38
10.52 10.50 10.90 10.08 9.46 10.81 11.91 11.41 11.15 11.94 13.69 14.61 13.79 13.84 13.37 12.41 12.78 14.09 14.39 15.50 15.00 15.48 14.79 14.93 14.18 12.78 13.71 13.35 13.47 13.96 14.08 14.13 13.69 13.76 14.08 14.58 14.92 15.09 16.18 16.40 16.95 17.18 18.10 18.04 18.79 17.93 18.33 18.31 18.41 19.71 19.03 19.52 19.25 19.41 19.27 18.75 18.75 17.51 17.99 20.71 20.89 23.69 22.99 22.52 22.50 20.54 22.04 22.51 23.48 23.24 22.74 22.44 22.38 20.72 19.59 19.93 21.83
9.59 10.24 11.50 11.12 9.94 12.21 11.28 11.03 11.27 11.30 12.74 13.25 12.94 12.92 13.25 12.57 13.94 13.59 13.52 14.68 15.43 15.12 15.32 14.31 13.80 13.44 13.39 13.87 13.80 14.15 13.74 13.55 13.91 13.50 13.10 13.49 14.52 14.88 14.34 15.50 15.78 16.51 18.26 18.75 18.56 17.78 18.69 18.73 18.85 18.33 19.03 19.20 18.83 19.16 20.28 21.31 21.15 19.34 17.31 20.20 18.91 21.02 21.87 22.17 22.89 20.86 21.34 23.17 22.33 22.48 22.87 21.09 21.28 20.53 21.43 19.83 20.79
8.97 9.95 11.22 11.39 11.50 12.98 10.76 10.96 11.16 11.19 13.84 13.76 12.97 12.20 13.53 12.57 13.32 14.27 14.17 14.75 14.76 14.11 14.26 14.37 13.80 13.25 13.63 13.72 14.52 14.06 14.08 13.65 13.05 12.54 12.76 13.36 13.29 14.02 14.26 15.03 15.28 15.66 17.48 18.44 19.81 18.12 19.16 18.88 18.72 18.32 17.96 19.39 17.70 19.50 19.38 20.28 21.75 21.71 19.17 18.41 18.78 20.21 20.66 21.09 22.15 21.46 21.53 22.68 21.91 22.61 22.55 22.14 21.83 20.41 19.84 22.09 21.22
10.96 11.43 11.70 10.74 11.77 13.43 12.30 11.33 11.44 11.76 13.17 14.35 14.85 12.80 12.87 13.09 13.09 14.28 15.32 15.36 14.13 13.44 13.46 14.37 13.57 12.70 13.70 13.08 13.26 14.08 13.78 13.72 13.01 12.46 12.59 12.81 13.27 13.73 14.17 15.35 14.81 15.80 16.42 17.79 19.00 18.70 19.26 19.58 19.20 19.59 19.42 19.73 18.62 18.37 20.06 19.26 21.66 22.19 21.63 21.03 19.99 20.33 22.25 22.49 20.45 20.79 20.55 19.67 20.49 21.86 21.46 21.85 21.72 21.79 19.77 21.38 20.32
10.63 11.86 12.10 12.23 13.40 13.35 12.05 11.41 11.52 11.75 12.20 13.25 14.24 13.73 14.18 12.21 13.10 13.81 13.82 14.56 14.34 13.95 14.52 14.14 13.71 13.34 13.06 12.81 12.66 13.26 12.76 12.84 13.15 12.21 12.32 12.58 12.79 13.56 13.91 14.37 13.87 15.19 17.02 16.56 18.27 19.63 19.59 20.72 20.14 18.18 20.17 19.53 20.46 19.78 19.77 19.65 20.61 21.68 20.86 20.79 18.50 20.29 22.08 20.36 21.40 21.86 20.36 20.82 20.58 20.18 20.03 22.19 22.15 22.16 19.81 20.35 22.96
9.23 10.64 11.12 12.39 12.00 12.39 12.54 12.96 12.37 12.37 11.27 10.77 12.74 13.47 14.39 13.85 13.99 13.38 14.59 14.73 14.75 14.13 13.95 13.75 13.68 13.57 13.33 13.15 12.62 12.84 12.25 12.43 12.46 11.67 12.30 12.41 13.28 12.91 13.62 13.84 13.94 14.46 16.89 16.62 17.49 17.60 19.15 20.39 21.59 20.53 19.24 21.46 21.69 21.62 19.91 19.28 21.28 22.34 21.14 20.28 19.23 19.65 20.43 19.54 21.46 22.80 22.20 21.26 18.60 20.94 21.52 22.91 21.65 22.35 22.90 22.21 22.68
9.78 10.27 9.97 10.84 12.27 13.40 13.63 13.69 13.75 12.81 12.86 11.21 12.29 13.03 13.15 13.24 14.73 14.16 15.06 15.48 14.98 13.06 12.75 12.84 12.69 13.64 13.59 13.05 13.60 13.41 13.03 13.06 13.35 12.07 11.98 12.19 12.98 13.42 13.94 13.44 13.90 14.10 15.35 16.07 16.09 16.40 16.63 19.99 22.57 20.71 19.59 20.22 21.06 18.56 18.67 19.46 20.85 21.25 21.60 22.21 19.94 18.26 19.50 19.97 18.12 21.19 21.25 21.66 16.76 19.54 20.27 20.09 18.70 20.54 21.52 22.00 22.87
10.06 10.04 10.12 9.57 10.50 12.02 13.15 13.16 13.94 13.78 12.94 13.37 13.92 13.19 13.31 12.84 14.13 14.23 14.91 15.09 15.04 14.48 12.55 12.80 12.81 12.48 13.17 13.17 13.83 13.85 13.18 13.11 13.22 12.48 11.89 12.24 12.90 13.66 14.16 14.03 14.26 14.61 15.54 16.46 17.16 16.40 16.66 16.84 19.06 20.07 20.78 19.53 19.73 16.95 17.17 18.55 19.80 21.24 20.87 21.82 20.86 19.05 19.52 19.84 18.64 19.80 19.98 21.31 20.97 21.63 21.89 22.12 19.38 21.22 21.01 20.62 21.57
9.95 11.00 10.59 11.11 11.23 10.93 11.40 12.76 13.29 13.68 13.02 13.26 13.09 12.51 12.16 12.36 12.38 12.66 12.83 14.09 14.73 14.96 13.64 12.81 12.84 12.92 13.02 13.25 14.09 14.16 13.45 13.16 12.91 12.53 12.75 12.57 13.33 13.80 14.11 14.43 14.25 13.93 15.15 16.46 17.16 17.36 17.36 16.50 18.51 19.91 19.34 19.05 18.27 18.14 18.47 18.21 17.84 18.06 20.35 21.25 20.88 19.57 19.57 19.56 19.56 19.97 19.76 20.22 21.73 21.92 20.35 21.74 20.43 20.15 20.58 21.65 22.57
10.73 10.49 11.39 11.00 12.91 12.17 13.27 13.61 13.45 13.50 14.10 13.58 12.13 11.54 12.62 11.83 11.08 10.96 11.06 12.48 13.73 13.36 13.75 13.25 12.10 11.73 12.61 13.23 13.39 13.21 13.36 12.87 12.61 12.59 13.04 12.75 13.27 13.35 14.55 14.45 14.94 14.29 15.15 15.15 17.16 16.28 16.28 15.77 17.16 18.79 18.53 17.58 17.80 17.95 18.59 17.46 18.26 16.77 19.53 21.58 21.68 20.81 20.65 20.29 20.00 18.95 19.90 20.26 22.71 21.47 21.50 19.80 20.40 20.56 20.77 23.64 21.02
8.77 9.59 10.35 11.98 11.57 12.13 12.70 12.26 12.51 15.49 15.05 15.06 13.82 13.16 13.96 13.49 12.77 12.29 12.20 12.65 13.15 12.45 12.97 13.48 12.91 12.15 11.72 12.71 12.76 13.26 13.07 13.08 13.40 13.01 12.79 13.09 13.52 13.00 14.68 14.95 14.46 15.19 15.19 14.36 14.35 14.35 14.35 14.39 15.58 18.02 17.86 15.96 16.29 16.99 17.93 19.38 19.02 16.56 16.75 19.60 22.07 20.26 20.49 21.36 20.54 19.78 21.47 21.59 21.42 19.73 21.10 20.06 19.87 20.94 21.24 21.72 21.15
10.25 11.09 11.70 12.45 12.84 13.02 12.67 14.00 12.40 12.48 15.44 15.21 16.03 16.06 15.68 14.05 14.54 14.70 13.57 13.76 13.41 13.95 13.97 13.77 13.40 12.51 12.26 12.45 12.47 12.76 13.18 13.31 13.72 13.49 12.78 12.93 13.38 13.43 13.93 14.94 15.28 14.77 14.36 14.36 14.36 14.35 14.35 14.64 16.17 16.98 17.69 18.04 16.34 15.75 17.26 18.11 19.42 18.69 16.67 16.54 19.26 20.28 18.20 18.91 19.78 20.28 20.59 21.77 20.10 18.95 19.51 19.05 19.79 19.14 20.07 20.15 20.02
12.48 11.66 12.21 12.21 11.90 11.41 13.24 13.93 13.20 13.13 13.69 15.75 15.19 14.06 15.46 15.12 14.97 14.80 14.53 13.87 14.27 14.20 13.83 14.28 13.94 13.84 13.97 13.05 12.71 12.32 12.66 13.45 13.26 13.38 12.97 12.53 12.66 13.23 13.75 13.93 14.43 14.75 15.45 15.45 15.45 14.59 14.59 14.87 15.41 14.63 16.45 17.15 17.15 17.25 16.83 17.10 17.72 17.66 17.89 19.00 18.00 18.90 18.90 18.84 18.26 18.76 18.97 19.69 19.52 18.60 19.87 19.78 19.06 18.83 18.35 19.81 19.02
11.35 11.20 11.37 12.37 14.12 15.41 14.22 13.51 15.00 14.33 14.79 14.73 13.84 13.48 13.01 14.49 15.34 14.23 14.03 13.63 13.43 13.30 13.75 14.10 15.03 14.21 14.40 14.22 13.31 13.05 12.53 13.10 13.68 13.67 12.84 12.37 13.68 13.28 14.03 14.54 14.49 15.03 15.32 15.32 14.57 14.02 14.02 14.81 15.50 14.50 14.97 15.96 16.69 16.85 16.66 16.87 16.99 16.84 17.87 17.70 18.04 19.21 18.89 19.21 18.81 18.79 19.40 20.01 19.49 19.40 19.06 19.94 19.13 18.54 19.72 20.27 20.70
11.65 11.99 13.04 13.98 14.36 14.66 14.63 14.14 14.42 14.49 14.56 15.75 15.02 14.25 13.90 13.05 13.62 13.77 14.77 14.06 14.18 13.54 14.21 13.86 14.94 14.63 14.41 14.47 14.36 13.64 13.84 13.48 12.36 13.47 13.11 12.49 13.10 14.05 14.27 14.44 14.47 14.38 13.43 13.94 14.57 14.70 14.72 15.01 14.74 13.59 14.71 16.15 15.68 15.41 16.72 16.98 16.98 16.58 17.42 18.71 19.55 17.49 18.25 20.03 20.03 20.19 20.89 20.32 21.20 20.20 18.81 19.63 18.82 18.65 19.49 21.54 22.33
11.52 12.14 12.56 12.76 12.50 10.89 11.20 13.95 15.21 14.89 15.49 15.55 15.99 15.45 14.92 13.54 13.77 13.47 14.89 14.52 14.70 14.18 14.41 15.07 14.62 14.98 15.54 14.22 14.69 15.31 14.42 13.61 13.14 13.54 13.32 12.74 12.63 13.62 14.01 14.21 13.85 14.04 13.55 13.91 14.23 13.71 13.25 14.13 15.21 14.21 13.60 15.83 16.26 15.92 16.80 16.66 16.17 15.20 16.15 18.04 18.02 17.70 17.98 18.42 19.16 19.34 19.90 21.31 23.23 22.75 20.53 19.86 18.45 18.73 19.88 20.47 21.53
12.34 11.21 11.38 12.64 12.70 11.57 12.96 13.66 13.80 13.57 15.44 16.55 14.17 15.14 14.23 13.74 13.23 13.80 14.72 14.20 14.62 13.27 13.43 14.03 14.93 15.15 14.30 14.29 14.22 15.22 14.99 13.48 14.06 13.90 13.51 12.73 12.90 13.25 13.65 13.92 13.85 14.44 14.38 13.98 14.13 13.11 14.69 14.61 15.25 14.16 14.10 15.21 15.66 15.45 17.05 16.68 15.94 14.88 15.14 15.85 16.32 16.71 16.96 16.86 15.10 16.25 18.51 19.63 22.67 23.52 21.64 18.82 18.02 17.75 19.54 19.13 21.05
12.36 12.81 13.32 13.06 12.58 11.61 12.48 13.77 13.75 13.35 13.57 14.53 13.36 12.12 12.33 13.26 12.57 13.24 12.58 13.01 13.21 13.44 11.86 12.71 14.32 14.46 13.93 13.91 14.10 14.30 14.07 13.38 13.85 13.67 14.02 13.48 13.17 13.00 13.84 12.92 13.42 13.93 14.03 13.37 12.78 13.47 15.63 15.51 15.31 13.68 13.74 14.40 15.09 14.51 15.42 15.63 15.00 14.52 15.13 14.84 14.91 15.69 14.70 15.00 15.56 16.66 17.96 17.86 20.67 19.92 19.55 18.10 19.01 17.53 18.84 18.97 19.72
12.21 12.55 12.24 11.34 10.70 10.66 11.92 13.09 14.15 12.56 13.61 14.26 13.55 12.70 11.51 11.12 12.54 13.81 12.24 11.24 12.25 13.36 13.19 12.77 13.45 13.08 14.45 13.71 12.99 14.09 13.39 13.33 13.50 12.57 12.45 13.78 14.09 13.43 13.22 12.93 13.03 13.44 13.48 13.20 12.84 13.56 14.65 15.62 14.75 12.97 13.50 13.74 14.12 14.84 15.01 14.64 13.75 13.11 12.98 14.35 13.78 13.85 13.41 14.08 14.62 16.63 17.05 17.25 18.96 17.80 15.94 16.53 15.24 16.50 19.06 18.38 18.40
13.74 13.25 11.72 11.28 11.29 11.57 11.64 14.32 15.26 13.34 12.60 12.04 12.02 12.71 11.58 11.44 11.14 12.95 13.31 12.63 12.93 13.68 14.29 13.71 13.14 13.28 13.66 13.23 13.39 13.27 13.85 14.26 13.45 12.70 12.27 13.30 13.78 13.00 13.65 13.55 13.12 13.09 12.43 12.40 12.74 13.47 14.20 15.58 14.20 12.75 13.53 13.39 14.24 15.69 15.85 14.39 13.38 12.78 12.20 13.36 13.70 14.08 13.43 13.37 14.04 15.34 14.98 15.49 15.06 15.78 14.29 14.19 14.79 14.79 17.48 16.64 15.76
13.25 13.45 12.75 12.60 12.77 14.13 14.29 13.29 13.75 13.13 13.92 12.59 10.98 10.94 11.47 11.05 11.69 12.50 14.10 13.56 13.92 13.87 14.59 14.52 13.80 13.02 13.22 13.35 12.88 13.42 13.95 13.26 13.07 13.16 13.94 13.69 12.97 13.20 13.38 13.44 13.31 13.53 12.48 11.88 13.18 14.08 14.34 14.36 13.69 13.50 13.32 13.52 14.45 15.31 15.35 15.03 13.16 12.80 13.08 12.44 13.91 13.84 13.50 13.11 13.06 13.38 13.88 12.96 12.66 12.75 11.95 13.23 13.87 13.18 15.22 14.71 13.53
11.42 13.18 13.36 12.54 11.68 13.33 13.50 12.66 12.55 12.33 13.53 13.04 12.85 12.11 10.70 11.04 11.49 12.18 13.47 14.18 12.99 13.52 14.67 14.42 13.96 13.30 13.32 14.62 14.37 13.26 13.60 13.97 13.86 14.42 13.68 13.89 13.40 13.61 14.42 12.90 12.73 12.53 12.68 13.87 14.92 14.32 14.31 14.18 13.73 13.29 14.01 13.82 13.79 14.71 14.60 15.24 14.31 13.04 12.82 12.20 12.21 13.07 13.66 13.36 13.24 13.02 13.16 12.82 12.79 11.79 12.00 13.64 13.96 13.98 12.98 11.47 11.11
13.58 13.28 13.36 13.63 14.35 13.69 13.26 13.37 13.05 13.20 12.40 12.58 11.56 12.43 12.15 12.83 12.79 12.30 13.08 13.71 13.27 12.88 13.16 13.73 13.28 15.35 15.28 14.98 14.83 14.11 13.24 14.10 14.80 13.92 13.63 13.47 13.73 13.96 13.63 13.14 12.72 13.09 12.91 14.18 14.99 14.37 13.66 14.99 14.87 14.30 13.76 13.08 14.22 14.54 14.13 14.47 14.11 13.87 13.65 13.12 12.19 13.15 12.48 12.51 12.97 13.47 13.40 12.96 12.24 11.13 12.67 14.77 14.25 12.87 12.02 11.41 11.18
12.99 13.24 13.06 13.86 14.15 14.65 14.54 13.89 14.17 12.90 12.83 13.00 11.30 10.56 11.66 13.26 13.65 12.68 12.83 13.42 13.51 13.91 14.33 12.83 13.21 15.16 15.70 14.72 14.86 14.93 14.74 14.81 13.60 13.45 12.60 13.35 13.88 13.75 12.92 12.53 12.48 12.86 13.50 13.96 14.35 13.78 13.99 14.42 14.55 14.86 13.93 12.81 13.72 13.63 14.43 14.47 13.93 13.52 13.90 13.97 12.63 13.48 11.94 12.18 12.43 12.77 12.24 12.62 12.78 12.03 12.71 13.01 12.60 12.89 12.63 12.36 12.40
11.96 13.00 12.92 12.67 14.12 13.77 14.72 15.25 13.90 12.76 12.04 11.33 11.14 11.66 11.74 12.87 12.71 12.45 12.67 12.54 13.42 14.49 14.38 14.07 13.79 13.88 14.57 15.39 16.03 14.76 14.77 14.18 13.09 13.24 13.44 12.80 12.94 12.54 12.18 12.46 13.11 13.25 12.82 12.84 13.20 13.06 13.52 14.18 13.25 13.71 13.75 14.56 14.49 13.81 14.99 14.01 13.82 12.81 12.57 13.08 12.30 12.75 12.35 11.87 12.09 12.44 12.23 11.84 12.19 11.89 11.25 11.33 12.29 13.33 12.24 12.12 12.80
