main/data/irradiance/03.01.2023.grid
ncols 839
nrows 679
xllcenter 112.0500
yllcenter -43.9500
cellsize 0.0500
nodata_value 99999.90
[rows 238 to 271 of 679, columns 77 to 153 of 839]
26.14 24.86 25.40 24.47 24.15 25.17 22.47 23.85 24.63 25.52 26.35 25.96 25.38 24.65 24.85 24.24 24.41 24.56 23.51 23.46 22.71 22.90 20.65 20.97 21.58 22.48 20.96 21.53 20.44 20.38 21.88 22.28 22.27 24.21 24.96 25.14 26.65 27.37 27.05 27.23 27.62 27.74 27.75 28.13 28.56 28.75 28.57 28.30 28.67 28.49 28.10 28.05 28.84 28.84 28.44 28.57 28.44 28.15 27.70 28.77 28.87 29.02 29.41 29.02 28.72 28.30 27.74 28.00 27.81 27.65 27.94 27.48 27.58 28.50 28.06 27.63 27.44
25.39 24.81 24.26 24.18 23.70 24.78 23.32 23.31 23.74 24.34 25.28 26.57 25.10 23.43 23.39 23.79 24.81 24.82 23.11 24.15 23.61 22.97 21.88 20.59 21.36 22.41 22.55 21.11 19.59 21.04 23.16 22.03 21.79 23.55 24.40 23.66 26.32 26.75 26.84 27.51 27.38 26.77 27.74 27.98 28.72 28.71 28.55 28.51 28.69 28.44 28.42 28.47 28.31 28.11 28.16 28.77 28.58 27.77 27.33 27.90 28.35 28.58 28.94 28.99 28.61 28.45 27.70 27.46 27.93 27.93 28.63 28.17 28.51 29.15 28.10 27.18 27.67
26.41 25.67 24.29 23.42 23.91 23.28 23.47 24.92 23.09 23.86 24.65 25.52 24.02 22.63 23.12 24.04 24.80 25.16 22.35 23.46 23.27 21.42 22.32 20.51 21.69 21.70 21.68 20.77 19.49 20.76 22.99 23.97 21.99 23.61 25.57 25.35 26.34 26.58 27.28 27.43 27.84 27.38 27.52 27.79 28.84 28.33 28.63 28.35 28.64 28.42 28.94 28.27 27.93 27.61 27.77 28.12 27.90 27.47 27.82 27.80 28.35 28.60 28.51 28.66 28.54 28.50 28.29 27.99 28.06 27.78 28.34 27.95 29.08 28.73 27.65 27.49 27.82
26.68 26.55 25.18 24.40 22.15 22.75 22.96 23.93 23.19 25.12 24.06 24.72 23.10 22.28 23.01 22.96 24.29 24.14 22.59 23.71 24.30 22.85 22.30 21.42 21.07 20.47 20.70 20.43 20.05 22.39 24.26 24.19 22.51 23.93 25.04 25.18 26.22 27.08 27.52 27.83 27.64 28.04 27.76 28.57 28.34 28.46 28.24 28.01 28.58 28.28 28.38 28.20 28.15 28.12 27.73 27.59 27.85 27.79 28.19 28.26 28.77 29.05 28.90 29.04 28.70 28.65 28.26 28.30 28.94 27.95 27.99 28.33 28.77 28.19 27.79 27.94 27.89
26.41 26.72 25.46 23.28 21.47 20.58 21.58 24.18 23.08 22.54 23.97 23.58 22.99 23.06 21.55 21.58 23.97 24.36 23.65 23.40 23.83 23.96 22.31 21.39 21.60 21.50 21.02 20.46 20.13 21.77 23.50 23.36 23.32 23.83 25.87 25.67 25.31 26.90 28.01 27.80 27.44 27.87 28.07 28.54 28.02 28.22 28.61 28.30 28.01 27.90 28.51 28.15 28.10 27.90 27.48 27.32 27.44 28.34 28.59 28.48 28.88 28.94 29.03 28.99 28.96 28.66 27.91 28.06 28.15 28.03 28.26 28.86 28.26 28.03 27.98 27.15 27.38
25.49 25.96 24.23 23.33 22.64 21.45 20.74 22.76 23.43 24.21 23.48 22.78 24.60 23.10 22.18 21.00 22.40 23.65 23.27 24.61 24.80 23.75 23.18 22.43 21.50 21.08 20.95 20.91 20.61 21.13 22.76 23.02 22.35 24.03 25.67 25.75 25.62 25.88 27.32 27.42 26.81 27.46 28.02 28.41 28.66 28.29 28.64 28.17 28.46 28.16 28.07 28.41 28.37 27.68 27.87 27.87 28.13 28.23 28.62 28.70 29.04 28.91 28.75 28.85 28.82 28.63 28.46 28.19 28.25 28.35 28.25 28.30 27.89 28.02 27.78 27.39 27.12
25.45 25.64 25.14 24.92 24.23 23.79 20.89 21.23 21.25 23.42 23.13 23.28 24.69 24.74 22.39 20.26 21.40 22.09 23.33 23.54 24.22 23.18 21.43 21.73 21.93 23.06 21.88 21.41 23.64 23.38 22.74 23.25 21.64 22.63 25.20 25.79 25.61 25.55 26.71 26.61 27.52 28.13 27.52 28.33 28.09 28.02 28.03 28.48 28.42 28.45 27.83 28.08 28.08 27.62 27.97 28.46 28.31 28.56 28.56 28.47 28.85 28.92 28.92 28.83 28.70 28.30 28.48 28.39 28.28 28.54 28.54 28.06 27.95 27.97 28.26 27.70 26.99
24.60 24.26 24.90 25.53 24.89 23.64 24.51 22.67 22.71 22.84 23.94 24.26 25.74 24.41 23.10 21.77 21.74 21.48 22.95 23.89 23.88 23.91 21.90 22.08 23.23 23.44 23.79 24.17 25.00 24.22 22.42 22.96 22.11 22.70 24.32 25.54 24.63 25.72 27.75 27.52 27.50 28.12 28.11 28.54 28.09 28.19 27.96 27.75 27.57 27.67 27.82 27.83 27.41 27.33 28.35 28.62 28.52 29.03 29.18 28.81 28.75 28.96 28.98 28.74 28.74 28.45 28.27 28.81 29.24 28.91 27.82 28.13 27.51 27.98 28.47 27.79 27.54
24.84 24.20 24.93 26.08 24.58 23.88 24.58 24.38 23.30 23.24 24.60 24.11 25.07 24.78 23.23 23.37 22.53 23.23 23.43 24.46 24.87 24.09 24.13 24.31 23.35 23.61 24.26 25.36 25.88 24.48 23.04 23.76 23.54 23.71 25.16 25.53 25.39 26.34 26.29 27.18 27.15 27.49 28.07 28.89 28.36 28.42 28.55 27.77 27.82 28.03 27.88 27.59 27.48 27.30 28.29 28.81 28.89 28.84 29.13 29.23 29.23 29.23 29.19 29.04 29.36 29.05 28.81 29.14 29.51 28.55 28.01 27.91 27.40 27.94 28.60 27.98 27.53
26.10 25.69 24.46 24.58 24.50 23.35 23.82 25.16 24.92 24.59 23.87 23.26 24.78 25.37 22.82 23.14 22.53 23.60 24.13 24.43 24.27 22.88 24.18 23.44 23.93 24.56 24.43 24.55 24.60 25.12 23.46 22.08 23.15 24.40 25.17 25.89 26.11 27.06 27.29 28.49 28.12 27.77 28.30 28.30 28.15 28.10 28.09 27.67 27.98 28.00 28.03 27.42 27.48 27.85 28.22 28.78 28.82 28.55 28.81 28.76 28.96 29.08 29.35 28.88 29.08 29.38 29.71 29.53 29.03 28.76 28.18 28.13 27.60 28.35 28.55 28.00 27.19
26.31 25.16 23.95 24.52 24.11 22.46 23.81 24.98 23.82 23.62 25.70 24.11 25.70 26.16 25.53 22.30 21.39 21.41 22.61 22.95 22.74 23.13 22.79 23.91 23.19 24.25 25.54 25.17 24.95 24.72 23.75 23.73 23.93 24.29 25.83 24.74 26.47 27.42 27.66 27.26 27.87 28.20 28.26 27.74 27.67 27.89 28.20 26.85 27.89 28.25 28.26 27.72 27.86 28.58 28.52 28.75 28.93 28.66 28.61 28.70 28.88 28.85 28.50 27.82 28.42 29.60 29.55 29.42 29.02 28.69 28.37 28.79 28.41 29.00 29.07 28.03 27.36
26.32 26.26 25.19 25.53 24.69 23.35 24.27 24.23 22.58 22.13 23.61 25.03 25.80 24.71 25.13 23.75 23.92 22.63 21.95 23.09 22.00 23.66 24.82 23.50 24.09 25.52 25.48 24.88 23.18 23.47 24.81 23.75 24.13 25.98 26.19 24.93 26.61 27.18 27.81 27.45 27.50 27.53 27.76 27.68 28.04 28.28 28.08 27.78 27.31 28.00 28.13 27.93 28.37 28.79 28.52 28.54 28.94 28.54 28.54 28.61 28.97 28.71 28.16 27.82 28.65 29.30 29.03 29.10 28.94 28.59 28.22 28.09 28.22 28.83 29.05 28.62 27.96
26.36 26.51 25.88 25.64 25.26 23.89 23.47 24.12 21.25 20.85 20.64 23.82 25.25 25.44 25.51 24.84 26.04 23.89 22.79 22.99 22.63 25.43 26.83 25.06 24.90 24.87 24.68 23.04 23.67 23.68 23.37 24.68 25.47 25.99 26.48 26.46 25.74 26.92 27.53 28.05 27.66 28.09 27.57 27.76 28.45 27.92 27.36 27.71 27.61 27.88 27.84 28.23 28.77 29.07 28.79 28.68 29.10 28.74 28.72 28.86 28.91 28.56 28.25 28.54 28.95 29.26 29.03 29.36 29.31 28.57 28.12 27.96 28.18 28.04 28.72 28.75 28.19
26.28 26.46 26.09 25.52 24.71 25.37 24.19 23.42 22.72 21.15 20.87 23.66 24.08 23.62 25.68 26.40 25.53 25.64 23.92 23.82 22.72 24.15 26.94 26.29 26.27 24.73 23.56 22.98 23.99 24.61 24.62 25.46 25.47 26.08 27.24 26.43 27.01 27.02 28.07 27.88 28.09 27.37 27.78 28.35 28.01 27.77 27.79 27.57 27.56 27.87 27.83 28.61 28.66 29.05 28.82 28.92 28.92 29.32 29.23 28.74 28.66 28.61 28.87 28.86 29.26 29.30 29.35 29.19 28.82 28.46 28.24 28.20 27.57 27.49 28.00 28.80 28.13
26.03 26.28 26.88 26.27 25.20 26.06 24.93 23.47 23.14 21.31 24.05 23.31 24.81 23.59 25.53 25.97 25.38 25.88 26.29 24.29 23.84 24.12 26.03 25.46 25.75 25.10 24.85 24.54 24.62 25.38 26.17 25.87 25.73 26.28 27.24 28.08 27.82 27.20 27.82 27.77 27.45 28.13 27.86 28.28 28.11 28.34 27.79 27.20 27.26 27.74 27.83 28.19 28.46 29.02 29.08 28.84 28.69 29.10 28.95 28.43 28.41 28.25 28.63 29.10 29.32 29.21 29.32 28.56 28.48 28.36 28.39 28.47 27.96 27.51 27.61 28.07 27.93
26.29 26.68 27.11 26.95 26.21 25.61 25.72 25.44 23.79 23.53 24.52 23.59 24.73 23.20 24.42 24.61 25.39 25.91 25.79 27.04 27.07 25.42 26.17 26.26 24.85 25.85 26.37 26.00 24.65 23.83 25.95 25.49 26.70 26.75 27.24 26.76 26.88 27.86 28.09 27.94 27.32 28.18 28.19 28.85 28.53 28.14 27.98 27.39 27.06 27.82 27.82 28.64 28.83 29.00 29.00 28.54 28.50 28.51 28.78 28.33 28.10 28.06 28.88 29.04 29.17 29.17 29.11 28.31 28.32 28.60 28.40 28.39 27.89 27.51 27.85 27.89 27.98
26.63 26.95 27.17 27.03 26.61 26.24 26.30 25.81 25.50 25.43 24.91 23.12 22.01 22.56 24.03 24.00 25.84 24.88 25.16 26.71 27.23 27.60 26.64 26.30 26.59 26.83 25.31 26.16 26.14 25.98 25.74 25.25 25.66 25.97 26.81 27.10 26.49 27.42 27.72 27.27 27.58 27.68 28.05 28.64 28.87 28.22 27.70 27.34 27.38 27.73 27.88 29.30 29.07 28.67 28.71 28.74 28.43 28.55 28.65 28.27 28.04 28.15 28.87 29.43 29.39 29.25 29.06 28.72 28.80 28.65 28.47 28.32 28.12 27.78 28.07 28.12 27.96
26.94 25.83 26.60 25.75 24.71 26.00 26.04 25.59 26.76 26.77 23.62 22.90 22.07 24.58 24.76 25.62 26.01 26.10 24.83 25.56 27.37 27.32 27.12 24.49 25.32 26.56 26.99 26.72 26.56 26.98 26.87 26.30 26.29 27.34 27.04 25.55 26.75 27.55 27.52 26.99 26.45 27.78 27.71 28.09 27.84 27.68 27.35 27.72 27.70 27.91 28.38 29.17 29.10 29.28 28.96 28.56 28.66 28.47 28.08 28.09 28.19 28.50 29.23 29.44 29.46 29.26 29.01 28.81 28.71 28.62 28.32 28.10 28.24 28.13 28.00 27.98 27.42
26.73 26.42 26.00 25.61 25.86 24.80 25.44 25.15 27.63 26.69 25.86 23.61 23.25 25.10 26.14 26.55 26.79 26.06 25.00 24.74 27.22 26.27 25.43 26.44 25.53 26.42 27.22 27.54 26.42 26.02 25.78 26.42 27.49 28.14 27.13 26.98 27.01 27.01 27.47 27.70 27.84 28.33 28.13 28.27 28.18 27.31 27.29 27.64 27.69 28.08 28.72 29.39 29.27 28.80 28.76 28.47 28.70 28.41 28.31 28.24 28.28 28.69 29.26 29.56 29.48 29.10 28.82 28.69 28.81 28.49 28.20 28.12 27.94 27.94 27.70 28.04 28.01
27.97 27.21 25.26 25.27 25.48 25.05 26.10 27.13 27.77 25.67 25.84 25.79 24.68 27.09 26.82 27.28 27.44 27.82 26.44 25.54 26.89 25.89 26.05 25.78 26.78 25.69 26.51 26.10 26.28 26.44 27.06 27.56 28.32 26.33 27.52 27.19 27.76 26.60 27.78 27.67 27.83 28.43 28.62 28.57 27.44 27.74 27.54 28.08 28.05 28.28 28.46 29.17 28.88 28.61 28.64 28.54 28.79 28.46 28.37 28.47 28.59 29.13 29.49 29.60 29.50 29.31 28.84 28.57 28.82 28.77 28.69 28.64 28.11 27.50 27.47 27.47 28.15
27.59 27.09 25.26 27.05 25.77 25.74 27.13 27.31 26.60 27.10 25.92 25.96 25.91 27.26 28.32 27.69 27.23 28.23 26.83 25.59 27.47 26.44 26.92 27.14 26.36 26.63 26.28 27.35 26.68 27.15 27.30 27.60 27.93 27.28 27.60 26.98 27.51 28.23 28.63 28.89 28.32 27.74 28.66 28.17 27.82 27.84 27.89 27.90 28.06 28.61 28.58 28.83 28.65 28.85 28.84 28.72 28.65 28.23 28.36 28.65 28.87 29.55 29.96 29.71 29.50 28.89 29.18 28.87 28.83 28.75 28.69 28.83 28.03 27.68 27.50 27.16 27.80
26.65 27.70 26.34 26.87 26.33 27.21 28.07 27.75 26.63 27.38 27.49 26.42 26.15 26.67 27.08 27.65 27.14 28.87 27.88 27.79 27.70 28.22 27.83 27.18 27.69 26.85 26.74 27.16 25.71 25.94 27.61 28.20 27.56 26.96 27.64 27.72 27.03 28.43 29.15 28.45 28.45 27.28 28.20 28.41 28.17 27.83 27.86 27.89 28.26 28.25 29.03 28.55 28.77 28.89 29.07 28.70 28.10 28.08 28.42 28.79 29.18 29.59 29.79 29.59 29.49 28.71 28.81 28.88 28.83 28.93 28.79 28.63 28.34 27.75 27.40 26.84 27.08
25.41 26.42 27.43 27.17 26.24 26.63 27.13 26.92 27.00 27.37 29.36 28.03 26.56 27.10 28.04 26.83 27.99 28.78 28.58 27.13 28.43 28.32 26.96 27.28 27.63 27.96 28.29 27.14 25.72 26.56 28.48 27.01 27.35 27.86 27.49 28.25 28.19 28.50 28.76 28.51 28.33 27.78 28.25 28.01 27.86 28.00 27.77 28.26 28.59 28.82 29.06 29.07 28.85 28.87 28.39 28.11 28.06 27.89 28.44 28.99 29.49 29.58 29.68 29.72 29.41 28.65 28.74 28.62 28.92 29.01 28.65 28.62 28.63 28.19 27.59 27.54 27.39
26.06 26.75 26.76 26.31 27.05 26.43 26.96 27.17 27.23 28.75 28.40 28.12 27.29 28.56 29.63 28.54 29.23 28.07 29.21 29.06 28.61 28.81 26.01 27.85 27.87 28.27 28.08 27.86 26.02 26.63 27.26 27.68 27.49 28.07 29.48 28.29 28.10 28.86 28.93 28.87 28.41 28.82 28.64 28.29 27.85 27.96 28.42 28.77 28.68 28.68 28.83 28.83 28.92 28.92 28.34 27.63 27.64 27.77 28.29 28.93 29.41 29.34 29.56 29.51 29.18 28.89 28.83 28.76 28.95 28.89 28.62 28.35 28.45 28.58 28.05 27.73 27.43
26.52 26.90 27.22 26.92 26.24 27.01 27.75 29.13 28.62 28.76 28.59 28.71 28.47 29.10 29.31 29.07 28.32 28.50 28.54 28.52 29.12 28.84 28.76 27.69 28.18 27.73 28.80 27.71 26.66 27.76 27.48 27.42 28.47 27.46 27.72 27.81 28.46 28.44 28.94 28.54 28.33 28.69 28.41 27.90 28.13 28.47 28.54 28.48 28.52 28.48 28.94 28.88 28.86 28.54 28.22 27.97 27.96 28.38 28.84 29.25 29.50 29.53 29.87 29.38 29.39 29.26 28.86 28.90 28.90 28.72 28.57 28.24 28.67 28.95 28.26 27.84 27.61
27.59 27.37 26.77 26.63 26.60 27.12 28.05 28.52 28.99 28.30 29.64 28.49 29.03 29.61 28.97 29.74 28.73 29.36 29.50 29.17 29.27 28.63 28.45 28.32 28.82 29.03 29.17 28.16 27.01 27.84 28.40 27.78 28.45 27.27 28.30 28.32 28.08 29.42 29.41 28.76 28.74 28.36 28.72 28.26 28.41 28.85 28.68 29.42 29.12 29.36 28.85 29.01 29.00 28.47 28.01 28.01 28.20 28.49 28.76 29.39 29.56 29.55 29.57 29.22 29.26 29.18 28.97 29.04 28.62 28.58 28.48 28.58 28.62 29.09 28.68 28.24 27.73
26.66 27.28 27.30 26.67 27.60 26.78 27.64 27.88 27.88 28.35 29.15 29.05 29.45 29.02 29.79 29.18 29.29 29.47 29.66 29.25 29.84 28.72 29.37 29.02 29.52 29.41 28.33 29.31 28.68 28.65 28.87 27.53 28.81 28.81 28.43 28.45 28.01 28.87 29.42 29.37 28.98 28.96 28.61 28.85 28.57 29.07 28.78 28.94 29.06 29.83 29.50 29.12 28.58 28.44 28.50 28.46 28.20 28.39 28.73 29.28 29.75 29.73 29.40 29.39 29.48 29.20 28.88 28.77 28.65 28.78 28.75 28.77 28.98 28.56 28.46 28.35 28.00
27.34 27.30 28.54 27.33 28.12 28.47 29.07 29.62 28.06 29.15 29.24 28.99 29.19 29.64 29.65 29.29 29.57 30.15 29.91 29.42 29.43 29.30 29.83 29.31 29.32 30.16 29.04 29.50 29.31 29.35 29.21 29.42 27.96 28.55 29.36 29.16 29.49 28.90 28.65 29.03 28.97 29.29 28.66 28.65 28.88 29.15 29.02 29.32 29.23 29.72 29.42 29.34 28.34 28.09 28.13 27.94 28.20 28.68 29.10 29.73 29.78 29.73 29.35 29.53 29.59 29.49 29.09 28.88 28.69 28.44 28.24 28.16 28.44 28.34 28.45 28.50 28.05
28.50 27.66 27.28 27.01 26.67 28.59 28.60 29.07 28.29 28.52 29.27 29.17 29.15 29.76 28.45 29.14 29.36 29.99 29.87 29.58 29.88 29.95 29.45 29.18 29.22 29.75 29.63 29.77 29.51 29.54 29.32 29.27 29.06 28.24 29.14 28.31 28.42 29.06 28.87 29.33 28.80 29.18 28.65 29.48 29.00 29.11 29.10 29.66 29.58 29.75 29.46 28.77 28.85 28.58 27.80 27.66 28.44 28.84 29.20 29.55 29.82 29.50 29.33 29.40 29.41 29.37 29.15 28.88 28.54 28.30 28.14 28.17 28.82 28.87 28.58 28.38 27.96
25.44 26.45 27.07 27.69 28.17 29.04 28.22 28.98 29.34 29.21 28.84 29.16 28.88 29.21 29.00 29.80 29.18 30.00 29.35 29.03 30.30 29.93 29.61 29.72 29.03 29.67 29.22 29.74 29.91 29.31 29.12 28.63 29.70 29.48 28.78 29.67 29.11 28.74 28.17 28.82 29.04 29.12 28.98 28.89 28.85 29.15 29.46 29.26 29.52 29.14 29.33 29.10 28.29 28.45 28.10 28.01 28.55 28.76 29.26 29.46 29.87 29.73 29.40 29.29 29.15 28.98 29.21 28.92 28.70 28.47 28.20 28.42 29.22 28.97 28.26 28.26 28.50
26.75 25.68 27.33 26.42 27.39 29.58 28.94 28.34 28.50 28.67 28.01 29.10 30.09 29.07 29.51 29.34 29.95 29.87 29.51 29.14 30.09 29.81 29.67 29.69 29.17 29.56 30.06 29.42 29.92 29.43 29.61 29.34 29.12 29.25 29.88 29.48 29.67 29.24 29.20 29.16 28.76 29.39 29.31 29.28 29.35 29.24 29.35 29.56 29.38 28.98 28.81 28.61 28.60 28.51 28.12 28.53 28.60 28.72 29.13 29.55 29.89 29.76 29.40 29.38 29.34 29.08 29.15 28.95 28.68 28.65 28.42 28.61 29.34 28.71 28.31 28.90 28.92
27.36 26.93 27.36 26.95 26.61 29.45 28.70 29.11 29.01 28.98 28.14 29.09 29.95 29.51 28.68 29.49 29.79 29.85 29.13 29.79 30.01 29.65 28.89 28.95 29.50 29.75 30.19 29.13 29.69 29.33 29.85 29.66 29.38 29.60 29.68 29.98 28.61 29.37 29.03 29.72 29.09 29.70 28.98 29.25 29.18 29.48 29.42 29.28 29.70 29.06 28.99 29.34 29.06 28.37 28.10 28.60 29.20 29.04 28.86 29.39 29.86 29.76 29.60 29.56 29.42 28.81 28.88 28.94 28.54 28.51 28.03 28.69 29.02 28.52 28.05 28.40 28.83
25.56 26.79 27.87 27.17 27.94 28.22 28.76 28.75 29.26 28.75 28.83 29.28 29.74 29.44 29.80 29.91 29.12 29.52 28.33 29.10 29.76 29.95 29.24 29.90 29.37 29.51 30.23 29.03 30.22 30.00 29.86 29.78 30.03 29.60 29.56 30.06 29.66 29.47 29.27 29.53 29.37 29.37 29.52 29.74 29.58 29.73 29.79 29.71 29.39 29.06 29.22 29.48 28.88 28.23 28.53 28.93 29.29 29.29 29.28 29.23 29.39 29.52 29.37 29.37 29.08 28.74 29.22 29.37 28.77 28.25 27.85 28.83 29.03 28.48 28.31 28.40 28.73
26.66 26.82 27.89 29.09 29.10 28.51 28.46 28.38 29.62 28.91 29.32 28.90 28.24 27.86 29.29 29.94 29.50 29.24 29.54 29.52 29.61 29.83 28.52 29.53 29.46 29.42 29.63 30.31 30.15 28.57 30.09 29.75 30.17 29.30 29.46 30.16 30.01 29.54 29.63 30.02 29.78 29.64 29.63 29.38 29.39 29.66 29.73 29.82 29.55 29.61 29.50 29.07 28.37 28.47 28.50 29.10 29.49 28.96 29.19 29.32 29.54 29.58 29.43 29.58 29.12 29.09 29.40 29.43 28.89 28.12 28.18 29.10 29.40 29.10 28.81 28.38 29.04
