main/data/irradiance/03.12.2023.grid
ncols 839
nrows 679
xllcenter 112.0500
yllcenter -43.9500
cellsize 0.0500
nodata_value 99999.90
[rows 102 to 135 of 679, columns 462 to 538 of 839]
25.57 26.38 26.66 25.69 25.10 25.15 25.05 24.96 24.92 25.76 25.91 25.54 26.28 26.28 26.86 27.40 27.40 27.40 27.40 27.69 27.69 27.69 27.69 27.31 27.31 27.31 27.31 27.31 25.57 25.57 25.57 25.57 27.28 27.28 27.28 27.28 27.28 27.28 27.28 27.40 27.40 27.40 27.40 27.40 27.40 27.40 27.40 27.40 99999.90 99999.90 99999.90 99999.90 99999.90 99999.90 99999.90 99999.90 99999.90 99999.90 99999.90 99999.90 99999.90 99999.90 99999.90 99999.90 99999.90 99999.90 99999.90 99999.90 99999.90 99999.90 99999.90 99999.90 99999.90 99999.90 99999.90 99999.90 99999.90
26.52 26.16 26.53 26.24 25.27 24.88 24.01 24.43 25.69 25.84 25.71 26.23 25.89 26.86 26.86 27.40 27.40 27.40 27.38 27.69 27.69 27.69 27.69 27.31 27.31 27.31 27.31 27.31 25.57 25.57 25.57 25.57 27.28 27.28 27.28 27.28 27.28 27.28 27.28 27.40 27.40 27.40 27.40 27.40 27.40 27.40 27.40 27.40 27.62 99999.90 99999.90 99999.90 99999.90 99999.90 99999.90 99999.90 99999.90 99999.90 99999.90 99999.90 99999.90 99999.90 99999.90 99999.90 99999.90 99999.90 99999.90 99999.90 99999.90 99999.90 99999.90 99999.90 99999.90 99999.90 99999.90 99999.90 99999.90
26.56 26.72 26.47 26.23 25.47 24.98 24.48 25.16 26.18 25.98 25.92 26.02 26.43 27.09 27.22 27.40 27.40 27.38 27.69 27.69 27.69 27.69 27.31 27.31 27.31 27.31 27.31 25.57 25.57 25.57 25.57 25.57 27.28 27.28 27.28 27.28 27.28 27.28 27.28 27.40 27.40 27.40 27.40 27.40 27.40 27.40 27.40 27.62 27.62 99999.90 99999.90 99999.90 99999.90 99999.90 99999.90 99999.90 99999.90 99999.90 99999.90 99999.90 99999.90 99999.90 99999.90 99999.90 99999.90 99999.90 99999.90 99999.90 99999.90 99999.90 99999.90 99999.90 99999.90 99999.90 99999.90 99999.90 99999.90
26.74 26.26 25.59 25.60 26.18 25.66 25.12 25.21 26.61 26.09 25.40 26.21 27.10 27.50 27.53 27.26 27.38 27.38 27.69 27.69 27.69 27.41 27.31 27.31 27.31 27.31 27.31 25.57 25.57 25.57 25.57 25.57 27.28 27.28 27.28 27.28 27.28 27.28 27.40 27.40 27.40 27.40 27.40 27.40 27.40 27.40 27.62 27.62 27.62 99999.90 99999.90 99999.90 99999.90 99999.90 99999.90 99999.90 99999.90 99999.90 99999.90 99999.90 99999.90 99999.90 99999.90 99999.90 99999.90 99999.90 99999.90 99999.90 99999.90 99999.90 99999.90 99999.90 99999.90 99999.90 99999.90 99999.90 99999.90
24.83 24.58 25.15 25.04 25.71 25.78 25.12 24.66 24.80 26.05 26.21 26.50 27.05 27.45 27.65 27.82 27.90 27.56 27.69 27.69 27.41 27.31 27.31 27.31 27.31 27.31 27.31 25.57 25.57 25.57 25.57 25.57 27.28 27.28 27.28 27.28 27.28 27.28 27.40 27.40 27.40 27.40 27.40 27.40 27.40 27.62 27.62 27.62 27.62 99999.90 99999.90 99999.90 99999.90 99999.90 99999.90 99999.90 99999.90 99999.90 99999.90 99999.90 99999.90 99999.90 99999.90 99999.90 99999.90 99999.90 99999.90 99999.90 99999.90 99999.90 99999.90 99999.90 99999.90 99999.90 99999.90 99999.90 99999.90
22.45 23.10 25.15 25.27 24.49 24.20 24.10 25.07 25.69 25.61 25.35 26.00 26.60 26.48 27.01 27.30 27.74 28.16 27.61 27.41 27.41 27.31 27.31 27.31 27.31 27.31 25.57 25.57 25.57 25.57 25.57 25.57 27.28 27.28 27.28 27.28 27.28 27.28 27.40 27.40 27.40 27.40 27.40 27.40 27.62 27.62 27.62 27.62 27.62 99999.90 99999.90 99999.90 99999.90 99999.90 99999.90 99999.90 99999.90 99999.90 99999.90 99999.90 99999.90 99999.90 99999.90 99999.90 99999.90 99999.90 99999.90 99999.90 99999.90 99999.90 99999.90 99999.90 99999.90 99999.90 99999.90 99999.90 99999.90
20.87 21.32 21.92 23.14 22.14 22.50 23.39 25.04 25.51 25.85 24.99 25.00 25.91 26.16 26.58 26.90 27.07 27.69 27.76 27.45 27.42 27.31 27.31 27.31 27.31 27.31 25.57 25.57 25.57 25.57 25.57 25.57 27.28 27.28 27.28 27.28 27.28 27.40 27.40 27.40 27.40 27.40 27.40 27.62 27.62 27.62 27.62 27.62 27.62 99999.90 99999.90 99999.90 99999.90 99999.90 99999.90 99999.90 99999.90 99999.90 99999.90 99999.90 99999.90 99999.90 99999.90 99999.90 99999.90 99999.90 99999.90 99999.90 99999.90 99999.90 99999.90 99999.90 99999.90 99999.90 99999.90 99999.90 99999.90
21.30 19.79 18.90 19.33 20.17 20.69 22.07 23.25 25.08 25.11 24.49 23.91 24.91 25.71 25.79 26.42 26.80 27.60 27.23 26.74 26.70 26.99 26.99 26.99 27.04 28.15 25.57 25.57 25.57 25.57 25.57 25.57 27.28 27.28 27.28 27.28 27.28 27.40 27.40 27.40 27.40 27.40 27.62 27.62 27.62 27.62 27.62 27.62 27.62 28.37 28.37 99999.90 99999.90 99999.90 99999.90 99999.90 99999.90 99999.90 99999.90 99999.90 99999.90 99999.90 99999.90 99999.90 99999.90 99999.90 99999.90 99999.90 99999.90 99999.90 99999.90 99999.90 99999.90 99999.90 99999.90 99999.90 99999.90
20.42 20.81 18.78 17.55 18.46 18.60 19.68 19.10 21.00 23.31 22.76 22.00 23.34 24.85 25.13 25.72 26.72 27.02 27.36 26.66 26.73 26.92 26.92 27.04 27.90 28.15 25.57 25.57 25.57 25.57 25.57 25.57 27.28 27.28 27.28 27.28 27.28 27.40 27.40 27.40 27.40 27.62 27.62 27.62 27.62 27.62 27.62 27.62 27.62 28.37 28.37 28.20 99999.90 99999.90 99999.90 99999.90 99999.90 99999.90 99999.90 99999.90 99999.90 99999.90 99999.90 99999.90 99999.90 99999.90 99999.90 99999.90 99999.90 99999.90 99999.90 99999.90 99999.90 99999.90 99999.90 99999.90 99999.90
22.25 21.50 20.51 17.94 17.66 18.03 18.92 20.16 18.36 19.32 21.86 20.79 22.51 22.89 23.67 25.18 25.87 26.59 26.82 27.23 26.66 27.09 27.04 27.04 27.90 28.15 28.15 25.57 25.57 25.57 25.57 27.90 27.28 27.28 27.28 27.28 27.40 27.40 27.40 27.40 27.62 27.62 27.62 27.62 27.62 27.62 27.62 27.62 27.62 28.37 28.20 28.20 27.98 99999.90 99999.90 99999.90 99999.90 99999.90 99999.90 99999.90 99999.90 99999.90 99999.90 99999.90 99999.90 99999.90 99999.90 99999.90 99999.90 99999.90 99999.90 99999.90 99999.90 99999.90 99999.90 99999.90 99999.90
20.49 21.43 20.23 18.16 17.87 17.92 20.05 20.10 19.96 18.67 19.98 20.55 21.25 22.45 23.61 24.89 25.62 26.71 26.49 26.28 26.25 26.51 26.75 27.50 27.90 28.15 28.15 25.57 25.57 25.57 27.90 27.90 25.70 27.28 27.28 27.28 27.40 27.40 27.40 27.62 27.62 27.62 27.62 27.62 27.62 27.62 27.62 27.62 27.62 27.64 27.64 27.64 27.64 27.64 27.64 99999.90 99999.90 99999.90 99999.90 99999.90 99999.90 99999.90 99999.90 99999.90 99999.90 99999.90 99999.90 99999.90 99999.90 99999.90 99999.90 99999.90 99999.90 99999.90 99999.90 99999.90 99999.90
21.59 21.33 19.81 20.39 21.25 18.78 20.57 19.71 20.56 19.49 20.32 20.57 21.93 21.97 22.44 24.57 25.98 26.97 26.36 25.90 26.17 25.89 26.55 27.21 27.09 27.18 26.45 26.45 27.84 27.90 27.90 27.90 25.70 25.70 27.28 27.02 27.02 26.82 27.62 27.62 27.62 27.62 27.62 27.62 27.62 27.62 27.62 27.62 27.64 28.16 28.16 28.16 28.16 28.16 28.16 28.16 28.16 28.16 28.16 99999.90 99999.90 99999.90 99999.90 99999.90 99999.90 99999.90 99999.90 99999.90 99999.90 99999.90 99999.90 99999.90 99999.90 99999.90 99999.90 99999.90 99999.90
23.42 23.45 22.09 21.81 21.16 20.39 20.22 20.90 20.29 20.76 19.45 19.33 19.83 19.48 20.36 23.70 25.15 26.27 26.64 25.87 25.80 26.09 26.31 26.55 26.70 27.23 27.06 27.45 27.84 27.84 26.79 26.79 25.70 25.70 25.70 27.02 27.02 26.92 28.15 28.15 28.15 28.15 28.15 28.15 28.15 28.15 28.37 28.20 27.64 28.16 28.16 28.16 28.16 28.16 27.81 27.81 27.81 27.81 27.81 27.81 27.81 99999.90 99999.90 99999.90 99999.90 99999.90 99999.90 99999.90 99999.90 99999.90 99999.90 99999.90 99999.90 99999.90 99999.90 99999.90 99999.90
25.13 24.44 24.45 23.35 22.20 22.67 22.69 22.49 21.55 21.90 21.18 19.01 18.80 19.19 22.21 23.29 24.74 25.48 26.20 25.50 26.08 25.46 25.25 25.67 26.98 27.14 27.03 27.69 26.80 24.28 26.79 26.79 25.70 25.70 25.70 27.02 26.92 26.92 27.69 27.69 27.69 27.69 27.69 27.69 28.37 28.37 28.20 27.64 28.16 28.16 28.16 28.16 28.16 28.16 27.81 27.81 27.81 27.81 27.81 27.81 27.81 27.45 99999.90 99999.90 99999.90 99999.90 99999.90 99999.90 99999.90 99999.90 99999.90 99999.90 99999.90 99999.90 99999.90 99999.90 99999.90
24.70 24.53 24.05 24.45 24.16 23.36 22.77 22.01 23.09 24.05 22.77 20.67 20.37 20.60 22.49 21.46 22.80 23.40 24.20 25.28 25.72 25.60 24.12 25.17 26.18 26.52 27.52 27.26 26.71 24.16 26.37 26.37 26.37 27.51 26.88 26.88 28.01 27.69 27.69 27.69 27.69 27.69 28.37 28.37 28.37 28.20 27.64 27.64 28.16 28.16 28.16 28.16 28.16 27.81 27.81 27.81 27.81 27.81 27.81 27.81 27.45 27.45 26.94 99999.90 99999.90 99999.90 99999.90 99999.90 99999.90 99999.90 99999.90 99999.90 99999.90 99999.90 99999.90 99999.90 99999.90
25.72 25.45 25.10 23.40 22.43 22.99 22.30 21.36 22.60 23.55 23.17 22.86 22.44 19.41 20.45 20.58 20.41 21.44 23.07 24.09 24.93 25.19 25.06 25.51 26.70 27.30 27.68 27.40 26.33 25.48 26.71 26.71 27.48 27.51 26.88 26.88 28.01 28.61 28.42 28.42 28.37 28.37 28.37 28.37 28.20 28.20 27.64 27.64 28.16 28.16 28.16 28.16 28.16 27.81 27.81 27.81 27.81 27.81 27.81 27.45 27.45 26.94 26.94 26.04 99999.90 99999.90 99999.90 99999.90 99999.90 99999.90 99999.90 99999.90 99999.90 99999.90 99999.90 99999.90 99999.90
25.55 24.80 25.30 25.74 23.80 21.90 21.17 20.99 21.30 20.42 20.65 22.33 23.13 20.16 19.63 20.59 19.75 19.49 21.15 21.34 23.69 23.00 25.26 25.30 26.71 26.98 27.59 27.29 26.26 25.38 26.39 26.39 27.48 27.51 26.88 26.88 28.01 28.61 28.42 28.42 28.37 28.37 28.37 28.20 28.20 27.64 27.64 27.64 28.16 28.16 28.16 28.16 27.81 27.81 27.81 27.81 27.81 27.81 27.45 27.45 26.94 26.94 26.04 26.04 99999.90 99999.90 99999.90 99999.90 99999.90 99999.90 99999.90 99999.90 99999.90 99999.90 99999.90 99999.90 99999.90
24.53 24.65 23.80 25.69 25.05 22.95 22.59 21.20 21.84 20.96 21.59 20.16 20.68 20.54 18.90 22.84 23.06 19.31 21.60 20.32 20.27 20.60 21.81 22.90 25.75 26.31 26.76 25.75 25.82 25.93 26.63 27.00 27.52 26.98 26.19 27.11 28.44 28.68 28.54 27.84 28.37 28.37 28.20 28.20 27.98 27.64 27.64 28.19 28.16 28.16 28.16 28.16 27.81 27.81 27.81 27.81 27.81 27.45 27.45 26.94 26.94 26.04 26.04 26.04 25.80 25.80 99999.90 99999.90 99999.90 99999.90 99999.90 99999.90 99999.90 26.71 26.71 26.71 26.71
25.44 24.52 24.11 25.30 25.39 24.26 23.44 22.70 21.83 21.61 21.69 20.12 20.79 20.22 20.06 22.82 23.37 19.71 18.82 19.02 18.59 19.38 18.64 21.87 24.48 25.00 26.07 25.46 26.06 26.32 26.03 25.23 24.64 24.51 26.07 27.40 27.76 28.29 28.13 27.60 28.16 28.20 28.20 27.98 27.64 27.64 27.64 28.19 28.16 28.16 28.16 27.81 27.81 27.81 27.81 27.81 27.45 27.45 26.94 26.94 26.04 26.04 26.04 25.80 25.80 25.80 25.87 99999.90 99999.90 99999.90 99999.90 99999.90 25.85 26.71 26.71 26.71 26.71
26.75 26.20 25.32 26.24 25.51 24.37 25.36 24.50 23.53 22.24 21.53 22.49 21.80 19.81 21.23 22.54 22.08 19.63 18.49 18.31 18.62 19.94 18.89 21.04 22.69 21.66 24.37 25.56 25.52 26.05 24.25 22.89 23.20 24.35 26.09 26.54 27.12 27.87 27.04 27.25 27.00 27.72 27.98 27.98 27.64 27.64 27.88 28.19 28.16 28.16 28.16 27.81 27.81 27.81 27.81 27.45 27.45 26.94 26.94 26.04 26.04 26.04 25.80 25.80 25.80 25.87 25.87 25.59 99999.90 99999.90 99999.90 25.88 25.85 25.85 26.71 26.71 26.71
26.77 26.84 26.53 26.05 24.67 25.30 25.10 25.27 23.25 22.65 21.77 22.54 21.05 20.27 21.83 22.86 22.74 20.53 19.49 19.42 17.83 17.53 18.25 19.47 20.45 20.82 23.39 24.76 24.12 24.83 23.55 23.12 23.96 24.75 24.95 26.23 26.94 26.71 26.92 26.74 26.79 27.49 27.76 27.62 27.64 27.64 27.88 28.19 28.16 28.16 27.81 27.81 27.81 27.81 27.45 27.45 26.94 26.94 26.04 26.04 26.04 25.80 25.80 25.80 25.87 25.87 25.59 25.59 25.71 99999.90 99999.90 25.88 25.88 25.85 25.85 26.71 26.71
26.32 26.78 26.56 26.40 25.08 24.73 25.00 24.50 23.89 22.46 21.58 22.63 22.08 22.09 22.49 23.36 21.74 20.63 19.07 19.47 19.32 19.70 20.32 19.88 20.88 20.59 21.21 22.61 22.05 23.23 23.15 22.66 23.47 24.20 24.34 24.63 24.63 26.50 26.10 25.28 26.15 26.50 27.14 27.12 27.01 27.65 27.88 28.19 28.16 28.16 27.81 27.81 27.81 27.45 27.45 26.94 26.94 26.04 26.04 26.04 25.80 25.80 25.80 25.87 25.87 25.59 25.59 25.71 25.71 24.73 99999.90 25.88 25.88 25.88 25.85 25.85 26.71
26.78 27.28 27.13 26.20 25.41 25.64 25.10 24.66 24.40 23.22 22.23 22.62 22.63 23.74 23.85 23.44 22.95 21.18 20.12 18.49 19.68 20.08 21.34 21.41 22.85 21.60 21.17 20.06 19.42 20.24 20.75 22.41 23.72 24.25 23.45 22.43 23.00 25.34 25.95 24.53 25.76 26.05 26.15 26.31 26.43 26.45 26.44 26.56 27.40 27.82 27.81 27.81 27.45 27.45 26.94 26.94 26.04 26.04 26.04 25.80 25.80 25.80 25.87 25.87 25.59 24.64 24.64 24.64 24.64 24.64 24.64 25.88 25.88 25.88 25.88 25.85 25.85
26.43 27.36 27.99 26.63 25.55 25.74 26.03 25.11 24.37 24.01 22.63 23.10 23.22 22.51 22.46 24.59 24.46 23.39 22.85 20.28 19.62 20.83 21.75 22.11 22.43 23.10 23.14 21.36 21.13 19.96 18.45 17.58 19.67 22.15 23.12 21.55 22.59 22.98 23.60 23.31 24.53 25.46 25.70 25.76 25.68 26.22 26.06 25.86 26.19 26.24 26.54 27.45 27.45 26.94 26.94 26.04 26.04 26.04 25.80 25.80 25.80 25.87 25.87 25.59 25.59 24.64 24.64 24.88 24.88 24.88 24.88 25.88 25.88 25.88 25.88 25.88 25.85
25.45 26.07 27.38 27.35 25.26 24.92 25.55 25.32 24.87 25.06 24.53 24.38 24.15 24.43 23.00 23.81 24.69 24.25 24.08 24.00 23.05 22.75 24.63 24.19 24.03 24.21 24.78 25.51 24.14 21.40 19.00 17.34 18.28 20.13 21.53 20.24 21.12 22.58 23.34 24.81 24.14 24.26 25.25 25.43 25.64 26.19 25.65 25.56 25.28 24.61 26.30 26.75 26.94 26.94 26.04 26.04 26.04 25.80 25.80 25.80 25.87 25.87 25.59 25.59 24.64 24.64 24.64 24.88 24.88 24.88 25.50 26.90 26.90 25.88 25.88 25.88 25.88
24.99 26.17 25.67 26.17 25.66 24.87 24.91 25.71 26.23 27.00 27.00 26.80 26.22 25.91 24.21 24.42 24.04 24.42 23.31 24.82 25.36 24.62 24.77 25.74 25.51 25.67 25.70 24.52 24.26 23.74 21.34 19.85 19.03 19.84 20.69 20.24 20.62 20.25 20.85 22.75 23.28 23.57 23.52 24.51 24.20 23.70 24.89 24.79 23.63 24.90 25.69 25.64 25.88 26.04 26.04 26.04 25.80 25.80 25.80 25.87 25.87 25.59 25.59 25.71 24.64 24.64 24.64 24.88 24.88 24.88 25.50 26.90 26.90 25.88 25.88 25.88 25.88
25.73 26.13 25.56 25.99 26.26 25.05 25.17 25.21 26.82 26.49 26.65 26.76 27.05 27.40 25.70 24.22 23.24 22.94 23.92 24.75 24.81 24.43 24.90 25.69 27.18 26.97 26.37 25.87 24.82 23.92 23.85 22.33 21.28 20.52 20.46 19.02 19.59 19.85 20.70 20.85 21.65 22.42 21.77 21.14 21.14 19.60 21.41 22.42 24.19 24.99 25.05 25.55 25.36 26.59 26.59 25.80 25.80 25.80 25.87 25.87 25.59 25.59 25.71 24.64 24.64 24.64 24.88 24.88 24.88 26.14 25.50 26.90 26.90 26.90 25.88 25.88 25.88
25.86 25.85 25.60 26.37 26.35 25.09 24.59 26.13 26.93 26.22 26.52 27.12 27.53 27.55 25.13 24.90 23.75 23.38 23.46 24.18 25.05 24.70 25.63 26.02 26.12 25.99 26.62 25.29 24.68 24.39 22.55 23.31 25.24 22.85 21.35 17.31 17.66 20.09 20.36 20.12 21.07 22.14 21.27 19.37 18.41 17.64 18.18 23.12 24.65 24.98 25.01 25.52 25.67 26.46 25.92 25.80 25.80 25.87 25.87 25.59 25.59 25.71 25.71 24.64 24.64 24.64 24.88 24.88 24.88 26.14 25.50 26.90 26.90 26.90 25.88 25.88 25.88
26.62 27.29 26.17 25.53 26.35 25.64 26.01 26.64 26.21 26.53 26.39 26.79 27.05 26.62 25.48 25.23 24.25 23.40 23.82 24.15 23.90 24.58 24.47 26.18 25.60 26.02 26.19 26.44 24.77 23.17 21.87 23.37 24.10 22.95 21.88 20.46 19.04 19.96 19.35 20.92 20.43 21.64 21.95 20.74 18.93 16.52 17.15 22.22 23.25 24.31 25.10 24.00 23.78 24.87 25.58 26.06 25.87 25.87 25.59 25.59 25.71 25.71 24.64 24.64 24.64 24.64 24.88 24.88 24.88 26.14 25.50 26.90 26.90 26.90 26.90 25.88 25.88
26.27 26.92 27.41 26.25 25.89 25.67 25.77 26.92 27.44 27.64 27.18 26.44 25.93 25.69 25.13 25.80 25.34 23.27 23.75 23.89 23.37 23.85 23.77 25.64 26.05 26.25 25.76 26.98 26.88 24.58 22.79 22.93 21.77 20.30 20.10 21.21 21.68 20.99 20.48 19.56 18.59 20.78 21.30 22.10 20.53 17.70 16.20 18.37 19.06 21.28 22.22 23.51 23.92 23.29 23.56 25.27 25.64 25.59 25.59 25.71 25.71 24.73 24.64 24.64 24.64 24.88 24.88 24.88 24.88 26.14 25.50 26.90 26.90 26.90 26.90 25.88 25.88
26.21 26.41 27.54 27.17 27.08 27.53 27.01 26.99 27.04 27.44 27.36 26.86 26.57 26.43 25.78 25.56 25.04 23.59 23.86 24.24 24.03 23.74 24.93 25.52 25.94 25.99 25.93 26.32 25.82 25.79 22.53 22.84 20.77 18.75 18.65 19.13 20.45 20.76 19.30 18.30 17.33 18.66 20.59 21.46 20.08 18.27 15.75 14.81 16.42 17.63 18.72 21.56 21.14 21.64 21.67 22.83 24.01 24.59 25.71 25.71 24.73 22.78 24.64 24.64 24.64 24.88 24.88 24.88 25.96 26.14 25.50 26.90 26.90 26.90 26.90 26.93 25.44
25.17 25.89 26.65 26.69 27.14 27.14 27.15 27.17 26.46 27.24 27.70 26.89 26.54 25.66 25.79 24.54 23.96 24.71 24.46 24.75 24.65 24.24 24.99 25.17 25.36 25.48 25.54 26.21 24.05 23.78 22.46 21.97 20.41 20.24 18.88 19.92 20.44 19.73 18.38 17.86 17.44 18.34 18.21 19.54 18.69 17.57 15.20 14.57 14.81 14.55 15.03 15.70 17.99 19.00 18.90 18.27 19.95 20.59 23.46 24.73 24.73 22.78 24.64 24.64 23.79 24.88 24.88 24.88 25.96 26.14 25.50 26.90 26.90 26.90 26.93 26.93 26.93
24.54 26.80 27.09 26.15 26.14 26.35 26.83 27.03 27.12 27.44 27.50 27.37 26.75 25.60 24.60 24.61 25.30 25.74 24.75 25.56 24.90 24.83 25.68 24.69 25.33 25.62 25.22 24.73 24.17 23.75 22.88 21.26 20.40 20.04 20.79 19.91 19.09 18.99 18.25 18.16 17.85 18.89 18.59 17.81 18.17 16.93 15.47 16.27 13.66 13.29 13.92 12.25 12.52 13.62 13.97 13.54 14.78 17.28 20.25 20.81 22.13 22.78 24.64 24.64 23.79 24.88 24.88 24.45 25.96 26.14 25.50 26.90 26.90 26.90 26.93 26.93 26.93
26.14 25.70 27.46 27.31 26.94 27.24 27.01 27.00 27.26 26.96 27.37 28.11 27.14 27.59 25.68 25.58 25.69 25.88 25.20 24.57 26.05 25.44 25.20 24.81 25.09 24.08 24.25 24.27 24.70 23.42 22.01 20.86 20.19 20.98 21.90 20.69 19.21 19.61 18.21 19.05 19.13 20.68 18.23 18.58 17.37 15.40 15.19 16.27 14.07 14.18 13.41 11.19 11.62 12.40 13.65 13.18 14.01 15.86 17.24 18.93 19.93 20.79 22.32 24.38 23.79 24.88 24.88 24.45 25.96 26.14 25.50 26.90 26.90 26.34 26.93 26.93 26.93
