main/data/irradiance/03.12.2023.grid
ncols 839
nrows 679
xllcenter 112.0500
yllcenter -43.9500
cellsize 0.0500
nodata_value 99999.90
[rows 204 to 237 of 679, columns 154 to 230 of 839]
29.31 29.45 29.55 29.64 29.61 29.52 29.58 29.59 29.52 29.49 29.62 29.68 29.60 29.63 29.56 29.68 29.63 29.61 29.67 29.59 29.62 29.76 29.03 28.94 29.37 29.64 29.67 29.64 29.64 29.46 29.62 28.90 29.03 29.09 29.28 29.28 29.32 29.21 29.16 29.17 28.88 28.90 29.15 29.54 29.52 29.59 29.54 29.32 29.43 29.56 29.42 29.40 29.46 28.84 28.73 28.35 28.31 29.43 29.44 28.87 28.56 28.54 28.66 28.98 29.11 29.32 29.30 28.91 27.81 27.81 28.96 28.67 28.68 29.25 29.47 29.38 28.99
29.47 29.35 29.33 29.46 29.59 29.57 29.60 29.55 29.46 29.45 29.60 29.51 29.63 29.55 29.50 29.58 29.75 29.75 29.68 29.62 29.55 29.61 28.90 28.50 29.19 29.72 29.77 29.66 29.55 29.66 29.54 28.69 28.67 28.11 28.18 28.42 28.93 29.45 29.53 29.44 29.25 29.17 28.50 29.09 29.53 29.58 29.63 29.61 29.25 29.31 29.55 29.24 29.34 29.39 27.85 28.55 28.60 29.29 29.41 28.52 29.11 28.04 28.27 28.38 28.76 28.94 29.18 29.01 28.35 27.69 28.76 28.87 28.67 29.02 29.24 29.13 29.22
29.54 29.42 29.41 29.58 29.75 29.67 29.54 29.66 29.48 29.52 29.51 29.52 29.65 29.57 29.49 29.51 29.58 29.69 29.65 29.53 29.28 29.26 29.25 29.01 28.93 29.58 29.71 29.64 29.61 29.61 28.95 28.55 28.11 27.61 27.77 28.25 29.04 29.16 29.13 29.35 29.52 29.05 28.96 29.19 29.15 29.54 29.33 28.89 29.17 29.31 29.05 28.92 29.13 29.25 27.53 27.73 28.25 29.29 29.29 29.10 28.89 28.14 27.86 28.28 28.79 29.17 29.03 28.96 28.96 28.20 28.64 29.07 28.97 29.13 29.03 29.14 29.14
29.41 29.53 29.46 29.46 29.59 29.78 29.77 29.69 29.63 29.66 29.57 29.54 29.60 29.61 29.67 29.63 29.63 29.75 29.82 29.73 29.62 29.13 29.68 29.67 29.21 29.61 29.67 29.55 29.70 29.64 29.43 29.03 28.48 27.44 27.66 28.66 28.82 28.79 28.06 28.40 29.30 29.04 28.99 29.38 29.20 29.48 29.59 29.55 29.62 29.54 29.23 29.14 28.39 29.11 28.92 28.70 28.66 28.85 28.87 28.83 29.06 27.77 28.12 28.28 28.81 29.41 29.37 29.35 29.06 28.69 28.22 29.07 28.80 28.70 28.78 28.98 29.14
29.45 29.65 29.60 29.33 29.44 29.78 29.84 30.01 29.49 29.59 29.46 29.58 29.65 29.71 29.67 29.68 29.68 29.75 29.79 29.75 29.60 29.37 29.46 29.54 29.13 29.48 29.58 29.55 29.30 29.16 29.18 29.06 28.66 28.30 27.78 28.05 28.08 28.07 28.11 28.01 28.45 28.58 28.72 28.90 28.74 29.38 29.54 29.60 29.73 29.60 29.30 28.43 28.91 29.35 29.01 29.12 29.12 28.79 28.98 28.26 28.27 28.54 28.25 28.97 29.01 29.34 29.49 29.45 29.21 29.08 28.20 28.65 28.81 28.69 28.66 28.74 28.78
29.67 29.67 29.66 29.48 29.68 29.65 29.74 29.93 29.67 29.57 29.67 29.59 29.51 29.60 29.56 29.56 29.71 29.79 29.68 29.56 29.36 29.26 28.81 29.06 29.30 28.49 29.16 29.41 29.43 29.44 28.85 29.29 28.93 28.85 28.30 28.72 28.62 28.44 28.68 28.20 28.47 28.76 28.95 28.79 28.95 29.34 29.54 29.56 29.59 29.75 29.42 29.39 29.35 29.49 29.41 29.33 29.22 28.22 28.84 28.83 29.09 28.38 28.85 29.23 29.05 29.37 29.52 29.85 29.37 29.26 29.14 28.87 28.89 28.93 28.88 28.91 29.10
29.55 29.60 29.62 29.72 29.59 29.71 29.73 29.61 29.57 29.76 29.76 29.77 29.62 29.56 29.63 29.61 29.69 29.62 29.65 29.07 29.48 29.23 28.96 29.46 29.47 29.19 28.84 29.20 29.56 29.51 29.15 29.24 29.02 29.14 29.38 29.53 29.44 29.25 29.24 28.73 28.86 28.84 28.92 29.16 29.26 29.06 29.35 29.55 29.55 29.50 29.48 29.29 28.72 28.90 29.08 29.53 29.21 29.16 29.15 29.58 29.29 28.71 29.29 29.68 29.41 29.45 30.02 29.58 29.01 28.72 29.29 29.26 29.18 28.56 28.70 28.45 28.58
29.52 29.60 29.61 29.55 29.57 29.68 29.58 29.67 29.19 29.37 29.73 29.84 29.76 29.62 29.62 29.60 29.54 29.51 29.59 29.27 29.36 29.40 28.96 29.20 29.40 29.07 28.75 29.22 29.53 29.62 29.46 29.36 29.14 29.51 29.53 29.63 29.40 29.37 29.31 29.23 29.34 29.36 29.01 29.35 29.27 29.03 29.13 29.41 28.97 28.90 29.13 29.33 28.92 28.80 28.86 29.42 29.57 29.71 29.62 29.44 29.51 29.44 29.61 29.73 29.67 29.77 30.08 29.68 29.09 29.42 29.50 29.18 28.88 28.65 28.26 28.17 29.00
29.44 29.53 29.57 29.68 29.51 29.41 29.45 29.52 29.53 29.64 29.80 29.78 29.60 29.59 29.35 29.54 29.62 29.67 29.60 29.56 29.33 29.12 29.16 28.87 28.87 28.95 29.20 29.50 29.52 29.66 29.60 29.55 29.53 29.57 29.51 29.49 29.34 29.64 29.59 29.31 29.37 29.40 28.96 28.75 29.40 29.55 29.56 29.68 29.42 29.45 29.32 29.03 28.93 29.04 29.19 29.29 29.49 29.71 29.65 29.58 29.81 29.84 29.81 29.82 29.79 29.74 30.00 30.00 29.78 29.91 29.38 28.41 28.40 28.73 29.25 29.58 29.67
29.62 29.67 29.74 29.71 29.35 29.25 29.64 29.55 29.58 29.75 29.86 29.71 29.56 29.51 29.50 29.43 29.36 29.49 29.44 29.58 29.63 29.40 29.17 29.12 29.50 29.56 29.46 29.38 29.52 29.57 29.73 29.73 29.66 29.59 29.50 29.35 29.24 29.20 29.01 29.15 29.39 29.44 29.47 29.37 29.48 29.70 29.73 29.63 29.48 29.28 29.11 28.93 28.92 29.11 29.24 29.18 29.36 29.42 29.57 29.56 29.58 29.56 29.69 29.65 29.70 29.86 29.95 29.98 29.80 29.78 29.50 29.19 28.98 28.69 28.86 29.10 29.18
29.62 29.72 29.73 29.72 29.38 29.24 29.68 29.67 29.65 29.72 29.83 29.60 29.54 29.52 29.45 29.37 29.30 29.44 29.38 29.40 29.39 29.49 29.60 29.40 29.54 29.62 29.33 29.30 29.39 29.43 29.48 29.50 29.64 29.57 29.69 29.58 29.38 29.14 28.96 28.51 29.11 29.10 28.73 28.83 29.25 29.41 29.51 29.73 29.66 29.29 29.37 29.53 29.19 29.11 28.85 28.79 29.03 29.00 29.22 29.25 29.68 29.67 29.66 29.78 29.76 29.84 29.87 29.76 29.70 29.69 29.66 29.27 29.20 29.21 29.33 29.46 29.41
29.55 29.59 29.43 29.61 29.44 29.38 29.66 29.69 29.60 29.68 29.91 29.75 29.52 29.42 29.48 29.37 29.48 29.49 29.38 29.23 29.42 29.51 29.63 29.53 29.66 29.56 29.46 29.45 29.45 29.41 29.53 29.47 29.54 29.55 29.57 29.60 29.50 29.51 29.34 29.32 29.19 29.24 29.29 28.72 29.30 29.28 29.22 29.38 29.47 29.61 29.42 29.41 29.43 29.20 28.75 28.10 28.66 28.77 29.17 29.49 29.72 29.63 29.49 29.46 29.31 29.57 29.65 29.97 29.91 29.76 29.79 29.29 29.22 29.49 29.49 29.38 29.59
29.67 29.48 29.41 29.56 29.44 29.36 29.58 29.61 29.74 29.82 30.02 30.26 29.86 29.48 29.35 29.42 29.35 29.47 29.42 29.30 29.24 29.51 29.65 29.41 29.66 29.47 29.74 29.64 29.69 29.58 29.64 29.62 29.45 29.46 29.35 29.42 29.38 29.39 29.50 29.51 29.29 29.25 29.20 29.21 29.31 29.28 29.52 29.68 29.48 29.49 29.44 29.42 29.45 28.58 28.46 28.63 27.97 28.60 28.51 29.21 29.31 29.58 29.09 28.36 28.86 29.58 29.68 29.84 29.98 29.96 29.92 29.78 29.16 28.77 29.07 29.67 29.91
29.67 29.58 29.47 29.48 29.54 29.67 29.72 29.79 29.93 29.88 30.05 30.28 29.88 29.70 29.43 29.39 29.31 29.38 29.51 29.28 29.48 29.66 29.63 29.65 29.66 29.75 29.62 29.62 29.60 29.71 29.69 29.56 29.44 29.56 29.56 29.46 29.37 29.45 29.46 29.40 29.27 29.24 29.18 29.37 29.45 29.45 29.51 29.40 29.36 29.54 29.46 29.23 29.21 29.40 29.43 28.83 28.76 28.33 28.96 29.40 29.46 29.33 29.21 28.46 28.71 28.39 29.01 29.05 29.21 29.16 29.78 29.77 29.62 29.61 29.75 29.88 29.96
29.61 30.24 29.73 29.72 29.79 29.82 29.67 29.94 30.15 30.00 29.95 30.00 29.88 29.86 29.78 29.67 29.73 29.70 29.69 29.29 29.61 29.60 29.58 29.69 29.64 29.74 29.71 29.49 29.51 29.70 29.69 29.69 29.55 29.65 29.53 29.54 29.58 29.60 29.44 29.38 29.32 29.32 29.30 29.23 29.37 29.51 29.43 29.41 29.33 29.22 29.38 29.29 29.64 29.61 29.44 28.82 29.53 29.39 29.59 29.53 29.26 29.71 29.78 29.58 29.59 29.18 28.72 28.79 29.53 29.19 29.58 29.74 29.76 29.74 29.78 29.88 29.68
29.77 29.89 29.76 29.64 29.46 29.58 29.55 29.69 30.34 30.04 29.65 29.75 29.78 29.89 29.83 29.89 29.75 29.73 29.69 29.49 29.53 29.44 29.40 29.70 29.69 29.84 29.83 29.65 29.39 29.55 29.64 29.69 29.67 29.45 29.29 29.41 29.56 29.58 29.47 29.51 29.46 29.33 29.26 29.34 29.46 29.48 29.39 29.37 29.50 29.33 29.35 29.41 29.31 28.74 29.05 28.76 29.48 29.62 29.69 29.64 29.46 29.73 29.91 29.84 29.94 29.86 29.88 29.44 28.81 29.34 29.71 29.75 29.60 29.22 29.55 29.85 29.69
29.81 29.78 29.71 29.55 29.48 29.33 29.50 29.53 30.10 30.29 29.47 29.70 29.75 30.13 30.24 30.30 30.03 29.68 29.83 29.61 29.57 29.54 29.54 29.58 29.79 29.86 29.89 29.75 29.57 29.47 29.71 29.82 29.71 29.59 29.50 29.71 29.60 29.66 29.44 29.40 29.55 29.44 29.44 29.57 29.43 29.43 29.63 29.45 29.45 29.42 29.52 29.24 29.27 29.28 29.32 29.43 29.59 29.63 29.49 29.55 29.68 29.94 29.93 29.89 29.89 29.91 29.95 29.82 29.53 29.59 29.31 29.02 29.20 29.99 30.03 30.04 30.01
29.76 29.85 29.56 29.57 29.53 29.72 29.54 29.57 29.51 29.66 29.48 29.58 29.56 30.30 30.30 30.30 30.30 29.74 29.82 29.76 29.71 29.57 29.66 29.61 29.74 29.84 29.90 29.78 29.55 29.59 29.75 29.86 29.62 29.64 29.71 29.64 29.49 29.59 29.49 29.57 29.73 29.66 29.65 29.65 29.56 29.45 29.48 29.57 29.50 29.51 29.43 29.02 28.53 28.50 29.15 29.43 29.48 29.50 29.48 29.76 29.52 29.76 29.89 29.79 29.89 29.87 29.62 29.52 29.67 29.77 29.43 29.84 29.83 29.35 29.98 30.00 29.95
29.79 29.68 29.54 29.52 29.64 29.86 30.19 29.76 29.51 29.46 29.55 29.57 29.47 29.96 30.23 30.24 30.00 29.88 29.80 29.81 29.76 29.77 29.76 29.71 29.73 29.88 29.87 29.85 29.77 29.72 29.75 29.88 29.64 29.57 29.78 29.73 29.72 29.47 29.48 29.47 29.34 29.64 29.61 29.33 29.49 29.67 29.55 29.47 29.38 29.52 29.55 29.43 29.31 29.05 28.57 29.28 29.39 29.56 29.57 29.64 29.74 29.74 29.59 29.52 29.71 29.66 29.78 29.81 29.84 29.96 29.73 29.72 30.01 30.05 30.08 30.01 30.04
29.75 29.68 29.61 29.60 29.65 29.70 30.36 29.82 29.45 29.42 29.58 29.58 29.73 29.91 29.84 29.85 29.90 29.88 29.90 29.76 29.70 29.73 29.66 29.79 29.76 29.86 29.85 29.92 29.85 29.84 29.85 29.85 29.77 29.61 29.76 29.63 29.63 29.67 29.61 29.44 29.17 29.45 29.62 29.59 29.65 29.83 29.59 29.53 29.52 29.43 29.41 29.49 29.57 29.34 29.44 29.68 29.44 29.33 29.34 29.17 29.65 29.91 29.72 29.61 29.62 29.56 29.26 29.94 29.87 29.75 29.87 29.96 29.90 30.03 30.07 29.95 29.98
29.97 29.79 29.69 29.78 29.63 29.64 30.14 29.91 29.60 29.45 29.48 29.54 29.75 29.85 29.87 29.89 29.88 29.91 29.87 29.82 29.90 29.73 29.65 29.65 29.77 29.77 29.84 29.87 29.88 29.84 29.90 29.79 29.80 29.72 29.77 29.73 29.47 29.65 29.38 29.35 29.49 29.35 29.37 29.36 29.09 29.55 29.59 29.45 29.46 29.57 29.54 29.54 29.56 29.47 29.50 29.66 29.55 29.49 29.69 29.77 29.69 29.85 29.79 29.82 29.85 29.72 29.59 29.83 29.91 29.90 29.85 29.94 29.98 30.00 30.06 30.04 29.99
29.82 29.84 29.76 29.65 29.56 29.78 29.77 29.90 29.59 29.59 29.47 29.85 29.85 29.89 29.93 29.95 30.00 29.94 29.92 29.93 29.96 29.83 29.87 29.73 29.81 29.79 29.87 29.80 29.95 29.93 29.86 29.69 29.74 29.73 29.80 29.84 29.68 29.62 29.45 29.48 29.44 29.28 29.09 28.68 28.96 29.34 29.61 29.64 29.60 29.58 29.67 29.63 29.49 29.51 29.55 29.40 29.40 29.47 29.93 29.91 29.78 29.88 29.89 29.81 29.80 29.79 29.55 29.10 29.51 29.90 30.04 29.82 29.76 29.89 30.00 29.98 29.99
29.87 29.83 29.83 29.81 30.16 30.35 29.84 29.72 29.59 29.51 29.82 29.99 29.93 29.91 29.97 29.98 30.00 29.95 29.92 29.94 29.91 29.93 29.95 29.79 29.99 29.67 29.88 29.75 29.90 29.93 29.90 29.62 29.68 29.81 29.75 29.64 29.71 29.82 29.63 29.28 29.69 29.57 29.60 29.39 29.42 29.58 29.70 29.75 29.67 29.62 29.65 29.61 29.66 29.60 29.59 29.61 29.53 29.79 29.90 29.95 29.86 29.79 29.90 29.88 29.96 29.86 29.51 28.73 29.90 29.83 29.91 29.72 29.85 29.63 29.75 29.97 29.98
29.87 29.81 29.62 29.68 29.74 29.82 29.72 29.79 29.73 29.72 29.96 29.99 29.96 30.00 29.99 29.97 29.93 29.83 29.94 30.01 29.96 29.97 29.99 30.01 29.99 29.70 29.82 29.77 29.80 29.91 29.94 29.88 29.81 29.81 29.77 29.48 29.67 29.78 29.75 29.74 29.61 29.61 29.52 29.56 29.63 29.71 29.62 29.63 29.66 29.61 29.64 29.60 29.78 29.77 29.64 29.42 29.25 29.52 29.74 29.92 29.85 29.91 29.81 29.84 29.91 29.84 29.71 29.16 29.66 29.46 29.66 29.44 29.29 29.57 29.42 30.02 29.95
29.75 29.68 29.63 29.67 29.59 29.75 29.92 30.01 29.95 29.94 29.92 29.92 29.92 29.94 29.93 29.94 29.70 29.61 29.60 29.99 29.97 29.83 29.94 29.97 29.88 29.86 29.81 29.77 29.72 29.82 29.96 29.87 29.83 29.92 29.86 29.84 29.80 29.80 29.75 29.84 29.68 29.69 29.70 29.47 29.58 29.48 29.44 29.57 29.62 29.51 29.62 29.66 29.66 29.63 29.64 29.63 29.52 29.62 29.55 29.36 29.51 29.87 29.87 29.72 29.83 29.85 29.83 29.21 29.05 28.65 29.52 29.14 29.51 29.24 29.27 29.61 29.61
29.74 29.64 29.76 29.65 29.72 29.71 29.92 30.06 30.03 29.99 29.93 29.94 29.92 29.97 29.99 30.00 29.66 29.61 29.62 29.64 29.78 29.84 29.92 29.98 30.04 29.83 30.01 29.79 29.77 29.94 30.01 29.87 29.76 29.78 29.77 29.66 29.75 29.76 29.64 29.65 29.64 29.60 29.76 29.81 29.30 29.44 29.47 29.63 29.74 29.61 29.59 29.47 29.59 29.61 29.70 29.85 29.86 29.64 29.77 29.80 29.65 29.83 29.89 29.90 29.92 29.98 30.01 29.32 28.90 29.03 29.19 29.27 29.73 29.50 29.59 29.70 29.98
29.81 29.57 29.56 29.78 29.80 29.81 30.01 30.07 30.06 29.99 29.93 29.93 29.95 29.98 30.00 30.03 29.89 29.76 29.67 29.65 29.62 29.64 30.00 30.04 30.04 30.13 29.91 30.01 29.86 29.92 30.06 29.98 29.85 29.79 29.85 29.73 29.63 29.74 29.77 29.66 29.72 29.72 29.77 29.76 29.65 29.51 29.51 29.59 29.82 29.86 29.70 29.73 29.68 29.76 29.79 29.71 29.79 29.77 29.83 29.81 29.80 29.90 29.92 29.94 29.85 29.91 29.95 29.87 29.34 29.12 29.43 28.73 29.79 29.84 29.65 29.67 29.93
29.84 29.78 29.68 29.80 29.81 29.93 30.05 30.14 30.03 29.92 30.03 29.97 30.02 30.04 29.98 30.04 30.01 29.99 29.91 29.92 29.89 30.00 30.03 30.09 30.13 30.39 30.39 30.24 30.03 29.93 30.00 30.04 29.86 29.83 29.81 29.74 29.70 29.55 29.72 29.62 29.65 29.55 29.66 29.57 29.56 29.47 28.90 29.52 29.77 29.73 29.82 29.81 29.87 29.83 29.92 29.91 29.82 29.81 29.76 29.83 29.88 29.86 29.77 29.82 29.80 29.02 29.07 29.24 29.46 29.83 30.00 29.61 29.99 29.96 29.60 29.63 29.64
29.90 29.74 29.78 29.81 29.91 29.98 29.99 30.11 30.00 30.01 30.01 29.98 30.01 30.04 29.95 30.03 30.04 30.02 30.05 30.04 30.03 30.00 30.04 30.07 30.20 30.40 30.40 30.27 29.95 29.91 30.08 30.05 29.85 29.91 29.73 29.75 29.84 29.89 29.82 29.72 29.76 29.66 29.49 29.54 29.52 29.66 29.63 29.51 29.70 29.79 29.87 29.87 29.78 29.80 29.91 29.91 29.93 29.86 29.85 29.79 29.72 29.78 29.77 29.85 29.75 29.67 29.50 29.27 29.52 30.03 30.03 29.85 29.87 30.01 29.96 29.97 29.32
29.81 29.83 29.90 29.86 29.94 29.97 30.06 30.39 30.42 30.14 29.93 29.92 29.93 29.97 29.95 29.97 30.06 30.09 30.04 30.07 30.02 30.01 30.02 30.03 30.41 30.42 30.16 29.99 29.90 29.94 29.98 30.01 29.92 29.97 29.81 29.74 29.68 29.72 29.85 29.84 29.72 29.69 29.54 29.57 29.78 29.81 29.86 29.75 29.61 29.61 29.75 29.71 29.65 29.73 29.81 29.70 29.71 29.78 29.72 29.70 29.82 29.76 29.79 29.69 29.35 29.62 29.56 29.76 29.93 30.00 29.98 29.95 30.03 30.00 29.63 29.77 29.69
29.84 29.84 29.92 29.94 29.98 29.98 30.10 30.42 30.07 29.90 29.98 29.90 29.91 29.93 29.89 29.81 29.87 29.78 29.85 30.01 30.03 30.00 30.09 30.09 30.14 30.34 30.10 30.02 30.05 30.12 30.10 30.02 29.96 29.98 29.93 29.72 29.65 29.60 29.64 29.68 29.73 29.68 29.78 29.60 29.72 29.87 29.70 29.63 29.59 29.26 29.28 29.65 29.78 29.90 29.82 29.64 29.55 29.83 29.73 29.82 29.81 29.73 29.71 29.77 29.88 29.85 29.30 29.45 30.09 30.11 29.94 29.83 29.86 29.88 29.64 29.70 29.64
29.98 30.00 30.00 29.99 29.88 29.92 30.04 30.42 30.14 29.87 29.94 29.88 29.94 29.95 29.89 29.85 29.94 29.89 29.97 29.98 30.07 30.05 30.11 30.10 30.12 30.19 29.93 29.96 30.03 30.11 30.07 30.06 29.99 29.90 29.88 29.86 29.97 29.78 29.73 29.71 29.84 29.82 29.88 29.61 29.66 29.88 29.52 29.66 29.63 29.67 29.61 29.75 29.73 29.81 29.96 29.96 29.77 29.58 29.81 29.73 29.71 29.68 29.63 29.69 29.74 29.88 29.77 29.89 29.95 30.11 30.05 29.96 29.97 29.99 29.83 29.71 29.47
30.09 30.09 30.07 30.03 29.85 30.03 30.07 30.17 30.11 30.05 29.98 29.99 29.87 29.97 29.91 30.02 29.93 29.93 29.92 29.97 30.11 30.13 30.09 30.14 30.11 30.12 30.00 30.03 30.08 30.05 30.08 30.05 30.00 29.95 29.97 29.78 29.85 29.79 29.67 29.74 29.84 29.75 29.86 29.85 29.77 29.87 29.60 29.56 29.70 29.69 29.85 29.88 29.76 29.85 29.80 29.81 29.91 29.69 29.70 29.76 29.74 29.79 29.75 29.81 29.68 29.81 29.89 29.85 29.88 29.93 29.97 30.03 29.96 30.03 29.80 29.59 29.62
30.13 30.09 30.06 30.03 30.00 30.03 30.06 30.18 29.95 30.01 29.96 30.04 29.96 30.03 30.04 30.01 30.01 29.98 30.02 30.18 30.15 30.15 30.13 30.13 30.13 30.07 30.07 30.03 30.17 30.08 30.18 30.11 30.03 29.94 30.01 29.83 29.84 29.87 29.75 29.76 29.76 29.82 29.89 29.99 29.88 29.71 29.77 29.71 29.90 29.71 29.77 29.80 29.71 29.63 29.73 29.74 29.85 29.84 29.77 29.73 29.63 29.64 29.80 29.81 29.75 29.84 29.89 30.01 30.03 29.83 29.88 29.97 29.86 29.94 29.76 29.43 29.42
