main/data/irradiance/03.11.2023.grid
ncols 839
nrows 679
xllcenter 112.0500
yllcenter -43.9500
cellsize 0.0500
nodata_value 99999.90
[rows 272 to 305 of 679, columns 385 to 461 of 839]
21.55 21.74 22.41 22.83 22.48 21.43 20.97 20.63 20.74 21.00 21.01 21.02 20.67 21.75 22.05 22.14 21.52 20.72 20.97 20.65 20.22 20.10 20.17 18.83 18.78 19.20 19.61 19.15 19.68 20.44 20.05 20.02 20.69 20.71 20.21 20.33 21.71 21.40 20.59 20.92 21.36 20.98 21.41 21.11 20.36 20.95 20.26 19.65 19.82 19.23 20.03 20.34 20.71 20.60 21.26 21.93 22.81 23.01 23.11 23.71 23.75 24.27 24.50 24.28 23.93 23.60 23.74 23.88 23.29 23.42 22.30 22.01 23.14 23.23 24.18 24.41 24.77
22.44 23.01 23.17 23.27 22.92 22.28 21.98 22.21 21.98 21.43 21.28 20.97 21.48 21.69 21.79 22.38 22.00 21.79 21.51 21.36 21.62 22.04 20.71 19.67 19.56 19.98 19.72 19.22 19.44 19.81 19.94 20.45 20.84 20.63 19.99 20.95 21.27 20.78 20.53 21.12 21.50 21.81 21.74 21.25 20.89 20.76 20.88 20.60 20.53 19.58 20.07 20.58 20.17 21.24 21.61 22.40 23.23 23.00 23.60 24.37 23.88 24.75 24.92 25.57 24.99 23.97 23.50 22.91 22.76 22.57 21.32 22.09 22.84 22.08 22.39 23.09 24.54
23.03 23.53 23.66 24.63 24.43 23.58 22.74 22.40 22.34 22.72 22.04 21.12 22.01 21.29 22.09 22.84 22.29 22.54 22.61 21.52 21.64 22.12 21.86 21.21 20.83 21.50 20.75 20.28 19.29 19.44 19.86 20.61 21.41 21.67 21.30 21.90 21.45 21.99 21.77 21.84 22.35 22.40 22.16 21.97 21.69 21.42 21.73 21.91 20.83 20.28 20.53 19.95 19.72 20.78 21.74 21.98 22.72 23.11 24.23 24.04 23.71 24.93 24.83 24.76 25.00 24.57 24.49 23.04 23.64 23.14 21.99 21.90 22.96 22.29 22.84 23.14 23.57
24.31 24.91 24.62 24.75 25.27 24.85 23.92 22.81 21.97 22.25 20.94 21.16 21.72 22.63 22.76 22.69 22.37 22.99 23.14 22.55 22.34 21.83 22.66 23.03 22.47 21.88 21.36 20.86 19.66 20.75 20.91 20.92 20.83 21.06 21.27 21.85 22.28 22.43 22.67 22.62 22.82 21.82 21.59 21.19 21.55 20.95 21.71 22.18 21.70 20.72 20.88 20.03 20.77 21.23 21.49 21.85 22.07 22.73 23.27 23.36 24.20 24.44 24.44 25.03 25.37 24.12 24.22 22.92 23.18 24.21 22.48 21.39 22.46 22.94 22.98 23.68 23.66
24.30 24.51 24.72 25.09 25.24 24.58 24.08 22.85 22.91 22.55 21.96 21.03 21.67 21.71 22.97 22.60 22.47 23.03 22.52 21.87 21.79 22.28 23.35 23.57 23.14 22.67 21.89 21.88 20.89 21.26 21.50 21.52 21.50 21.61 21.61 23.19 22.53 22.07 21.81 23.44 22.52 21.71 21.71 21.45 22.20 22.32 22.77 23.52 23.55 22.78 21.72 21.21 21.27 21.15 22.28 22.53 22.46 23.01 22.98 23.51 24.38 24.47 24.53 25.45 25.31 24.74 22.94 22.76 23.08 23.92 23.53 21.67 22.46 22.69 22.64 22.51 23.78
25.23 25.14 24.62 24.69 24.53 23.89 23.27 23.71 22.76 23.90 24.01 22.73 22.05 21.61 22.92 22.89 22.66 22.68 22.31 21.47 22.37 22.93 23.29 23.10 23.11 22.93 22.02 22.49 22.11 22.34 22.25 21.88 22.35 22.51 22.58 23.83 22.73 22.07 22.52 23.35 23.13 23.06 23.33 23.37 23.66 23.10 23.19 23.50 23.94 23.53 22.86 22.40 22.26 22.33 22.97 22.94 22.61 23.32 23.26 23.57 24.33 24.11 24.49 25.64 25.09 24.28 23.68 23.27 23.60 23.67 23.31 22.90 23.46 22.94 22.70 22.19 23.52
26.33 26.74 25.32 25.33 24.76 24.56 23.52 23.25 23.43 23.63 23.90 23.14 22.77 23.55 23.40 22.63 22.62 22.84 22.04 21.65 22.51 23.27 23.28 22.71 23.04 22.94 22.45 22.29 21.88 22.93 23.17 22.92 23.52 22.91 23.26 23.65 22.69 23.15 23.57 23.25 23.57 22.87 22.84 23.26 23.47 23.09 23.01 23.08 23.60 23.31 22.16 22.90 23.12 23.39 24.64 23.67 22.66 23.13 24.05 23.99 24.68 24.43 24.88 24.40 24.51 24.20 24.47 23.71 23.55 23.71 23.89 24.17 23.58 23.24 22.20 22.13 23.10
27.79 27.99 26.62 26.02 25.85 26.03 24.68 25.11 24.63 23.86 23.81 24.16 24.22 24.97 24.29 23.25 22.58 23.07 22.97 23.02 22.60 22.91 22.68 22.97 23.39 23.01 22.77 22.85 21.87 22.52 23.29 23.49 23.73 23.81 24.83 23.80 23.25 24.34 24.34 23.55 23.36 22.80 23.37 23.00 23.72 23.17 22.98 22.95 23.23 22.52 22.91 22.36 22.19 23.23 24.27 23.44 22.89 22.94 23.64 24.74 24.77 24.83 24.86 23.69 23.31 24.11 24.29 24.70 24.66 24.86 24.07 24.33 23.93 23.76 23.50 23.01 22.73
27.86 28.21 28.31 27.24 26.41 25.33 26.26 26.14 24.96 24.08 23.81 25.13 24.44 24.51 24.50 23.64 23.13 23.58 23.62 23.62 22.56 22.56 23.03 23.23 23.95 23.69 23.67 22.62 22.42 23.29 24.16 23.72 23.78 24.25 24.95 24.55 23.91 24.65 24.77 24.17 23.78 23.22 23.25 23.43 24.03 22.84 22.98 23.33 23.31 23.20 23.46 22.92 22.70 23.56 24.04 24.21 24.39 23.90 24.37 24.99 24.72 24.87 25.38 24.39 24.11 23.78 24.35 25.09 25.15 24.44 24.37 25.61 25.74 25.51 23.75 24.01 23.34
27.78 27.72 27.42 27.07 27.24 26.31 26.41 26.15 25.20 24.11 24.49 24.70 24.70 24.86 24.70 23.96 24.08 24.33 24.50 24.12 23.77 23.91 24.12 24.59 24.91 24.61 23.87 23.79 23.08 22.86 23.36 24.23 24.31 24.71 25.17 25.04 24.31 25.26 25.25 24.73 24.21 24.41 23.86 24.01 24.20 23.41 23.61 23.44 23.10 23.12 23.43 23.22 24.07 24.50 24.18 23.97 25.06 24.94 24.63 25.34 25.39 25.73 25.54 24.47 24.34 23.41 23.35 25.18 25.43 24.51 24.87 25.75 25.74 25.78 24.39 24.95 25.08
27.73 27.48 27.05 27.47 27.12 26.32 26.88 26.70 26.13 25.55 25.23 25.23 25.36 25.42 25.18 25.29 24.95 24.95 24.76 25.00 24.47 24.27 24.73 25.48 25.61 24.96 24.89 23.73 22.90 23.03 22.77 23.91 24.37 24.68 25.25 25.24 25.08 25.04 24.46 23.93 24.12 24.60 24.45 24.34 24.42 24.44 23.89 23.60 23.96 23.07 23.80 24.09 24.69 24.80 24.26 24.00 24.40 25.20 24.51 24.89 25.39 25.64 25.28 24.83 24.84 24.24 23.64 24.92 25.89 25.25 25.48 25.97 26.00 25.90 24.93 25.33 25.30
28.05 28.02 27.22 27.50 27.55 27.52 27.15 26.47 26.32 26.76 26.11 25.92 25.98 26.09 25.92 25.70 24.71 25.27 25.42 25.78 25.20 25.26 25.52 25.39 25.17 25.48 25.82 24.47 24.20 24.53 24.20 24.47 24.86 24.99 25.10 25.08 25.50 25.67 25.38 24.46 24.33 24.18 23.99 24.27 23.85 24.24 24.21 24.41 24.68 23.77 24.59 24.13 24.24 24.60 24.34 24.13 24.45 25.48 24.49 24.29 25.78 25.98 25.40 25.37 25.99 26.60 25.64 26.33 26.26 25.55 25.82 26.20 25.55 26.05 25.86 26.15 26.11
28.50 28.58 27.98 27.82 27.84 27.53 27.20 26.42 26.35 26.53 26.67 26.60 26.38 26.03 25.77 26.15 25.53 25.49 26.18 25.97 25.40 26.14 26.29 26.17 25.32 25.71 25.35 25.44 25.76 25.87 24.72 24.99 25.31 25.03 25.37 25.76 25.46 26.13 25.56 25.14 25.48 25.14 25.48 25.17 24.20 25.12 24.59 24.35 24.78 25.34 25.30 24.46 24.12 24.20 24.67 24.77 24.97 25.65 25.27 24.48 25.19 25.51 26.24 25.75 25.97 26.45 25.22 25.59 26.71 25.39 25.79 25.48 25.81 26.22 26.76 26.53 26.85
27.63 28.28 28.10 28.01 27.58 27.31 27.54 27.31 26.64 26.59 26.86 27.18 27.22 26.66 25.92 25.46 25.83 26.30 26.17 25.88 25.66 25.78 26.01 25.81 25.73 25.52 25.05 24.70 25.64 25.91 24.71 25.17 25.82 25.68 25.46 25.63 25.14 25.64 25.37 25.47 24.83 24.76 25.03 25.16 24.93 25.72 25.53 24.96 25.75 25.77 25.40 25.43 24.37 24.41 24.53 25.18 25.18 25.67 25.81 24.78 24.97 25.89 26.40 25.57 25.44 26.01 25.46 26.18 26.42 25.61 26.02 25.79 25.55 26.08 26.62 27.13 26.84
27.80 27.80 27.21 27.76 27.68 27.67 28.08 27.39 27.07 26.62 27.18 27.10 26.85 27.10 27.02 25.96 25.80 26.84 26.54 26.24 25.80 26.25 26.71 26.14 25.49 25.83 25.11 25.62 25.41 26.02 25.41 25.78 25.87 26.44 26.00 25.55 26.03 25.55 25.04 24.80 24.38 24.96 25.26 24.90 25.56 26.21 26.07 25.90 26.05 26.35 25.79 25.86 24.97 24.53 24.73 25.67 25.29 25.82 26.11 25.79 26.07 26.35 26.32 25.42 24.95 25.89 25.77 26.21 26.66 26.08 26.37 26.15 25.50 26.20 25.94 26.98 26.46
27.05 26.20 27.27 27.61 27.65 27.93 27.77 27.68 27.60 26.99 26.59 26.98 27.45 27.29 27.37 26.13 26.47 26.43 27.03 26.20 26.52 27.08 27.27 26.20 25.69 25.31 24.43 25.81 25.64 25.90 25.94 25.54 26.05 26.46 25.69 25.43 26.04 25.90 25.70 25.78 25.22 25.73 25.91 26.04 25.98 26.91 26.75 25.99 25.95 26.08 26.15 25.82 25.66 25.46 25.99 26.02 26.16 26.38 26.75 26.14 26.29 26.26 26.41 26.31 26.05 26.04 25.65 26.16 26.44 26.63 26.62 26.89 26.24 26.50 26.01 26.24 26.24
27.07 26.14 26.80 27.27 27.20 27.35 27.46 27.51 27.98 27.60 27.00 27.24 27.32 27.30 27.40 27.25 27.68 27.02 27.47 26.89 26.87 27.43 27.41 26.86 26.04 25.59 25.46 26.35 25.88 26.11 26.10 25.51 25.63 25.04 25.85 25.31 26.47 26.30 26.19 26.16 25.47 25.58 25.52 25.42 26.08 26.60 26.61 26.36 26.33 25.94 25.76 25.52 25.84 25.61 26.25 26.34 26.88 26.33 26.94 26.75 26.80 26.78 26.81 27.29 26.58 26.18 26.77 26.33 26.44 27.17 27.15 26.69 26.50 26.36 26.25 26.43 26.51
27.22 26.86 26.82 27.40 27.41 27.20 27.59 27.81 28.04 27.74 26.75 27.26 27.44 27.42 27.46 27.71 28.14 27.57 27.58 27.27 27.23 27.05 26.84 27.20 26.46 26.14 25.98 26.32 25.86 26.01 26.22 26.02 25.87 25.21 25.64 25.45 25.85 27.27 26.63 26.15 26.50 25.73 25.98 25.73 26.41 26.54 26.78 26.37 25.97 26.41 25.74 25.93 25.96 26.22 26.10 26.23 26.64 26.30 26.74 27.29 26.93 26.85 27.20 27.22 26.67 27.01 26.91 26.64 26.58 27.72 27.77 27.31 26.82 27.12 26.90 26.80 26.32
26.77 26.65 26.73 27.39 27.52 26.93 27.31 27.94 28.26 27.97 26.87 27.49 27.55 27.80 27.70 27.70 28.21 28.22 27.83 27.65 27.40 27.35 27.73 27.39 27.28 26.75 26.04 26.25 26.44 26.40 26.30 26.24 26.32 26.82 26.86 27.13 26.86 27.59 28.19 27.19 26.76 25.40 26.23 26.42 26.68 26.55 27.11 26.37 25.75 26.72 26.76 26.85 26.97 27.39 27.45 26.86 26.21 26.22 26.43 27.21 27.55 27.11 27.12 27.38 27.19 27.35 26.91 27.19 26.56 27.38 27.88 27.44 27.70 27.61 27.66 27.39 26.56
26.31 26.74 27.29 27.79 27.29 26.91 27.56 27.58 27.32 28.14 27.40 27.82 28.12 28.02 27.65 27.24 27.76 28.05 27.50 27.31 27.57 27.78 28.09 27.98 27.51 27.09 27.10 26.74 26.98 27.00 26.87 26.70 26.74 27.84 27.67 27.04 27.00 27.68 28.22 27.84 27.14 26.78 26.57 25.69 26.41 26.72 27.23 26.14 26.18 26.46 27.06 26.59 27.06 27.28 27.23 26.82 26.84 27.05 27.11 27.11 27.47 27.54 27.56 27.31 26.91 27.05 27.37 27.44 26.95 27.50 27.50 27.44 27.44 27.44 27.64 27.07 26.63
26.45 26.55 27.46 27.94 27.06 27.46 27.78 27.30 27.00 27.50 27.45 27.41 27.86 27.69 26.87 26.39 26.93 27.12 27.11 27.19 28.23 28.17 28.40 28.30 28.07 27.55 27.24 27.50 27.29 26.74 26.91 27.08 26.64 27.94 27.78 27.49 27.08 27.52 28.00 26.91 26.93 27.20 26.95 26.45 26.75 27.09 27.34 26.83 27.24 26.65 27.65 27.31 27.26 27.66 26.84 27.21 27.15 27.34 27.41 27.39 27.34 27.32 27.45 27.24 27.05 26.55 27.32 27.13 27.00 27.20 27.12 27.53 27.27 27.30 27.58 27.31 26.95
26.64 26.23 27.50 27.84 27.00 27.31 27.61 27.79 27.24 27.17 27.40 27.27 27.64 27.35 27.13 26.66 26.78 26.84 26.97 27.07 28.15 28.46 28.44 28.05 27.80 27.66 27.83 27.41 27.28 26.84 27.25 27.38 27.06 27.41 27.82 27.66 26.89 27.88 27.90 27.50 27.32 27.89 27.25 27.25 27.30 27.63 27.16 27.42 27.65 27.38 27.76 27.62 28.07 27.49 27.43 27.26 27.12 27.40 27.17 27.56 27.04 26.60 26.89 27.31 26.83 26.44 26.75 27.07 27.39 27.09 27.25 27.77 27.37 27.32 27.50 27.84 27.14
26.84 26.11 26.83 26.95 26.40 26.80 27.58 27.70 27.88 27.78 27.43 27.10 27.52 27.34 27.77 27.24 27.05 27.21 27.65 27.47 27.10 27.87 28.36 28.30 28.04 27.95 28.22 27.83 27.26 27.29 27.53 27.26 27.26 27.55 27.40 27.34 27.32 27.75 27.97 27.52 27.79 28.21 27.66 27.74 28.00 27.67 27.47 27.68 27.54 27.73 27.56 27.41 27.54 27.48 27.28 27.22 26.75 27.14 26.97 27.03 27.01 26.78 26.98 27.15 26.51 26.93 26.78 26.86 27.45 27.12 27.43 27.94 27.72 27.58 27.67 27.56 27.27
26.94 26.82 26.69 26.56 26.84 27.08 27.58 27.65 27.79 27.88 27.78 27.25 27.36 27.55 27.88 27.70 27.81 27.35 27.46 27.79 26.93 27.57 27.93 27.80 27.96 28.18 28.44 28.21 27.39 27.53 27.95 28.00 27.47 27.43 27.43 27.39 27.40 27.47 28.04 27.70 28.04 28.43 27.84 28.00 28.24 27.70 27.57 27.99 27.63 27.50 27.54 27.60 27.71 27.90 27.47 27.31 26.81 27.48 27.01 27.10 26.89 26.75 27.05 27.25 27.25 27.17 27.21 26.90 27.18 27.52 27.58 27.94 28.28 27.92 28.00 27.64 27.96
27.33 27.39 27.00 27.07 27.05 27.26 27.60 27.60 27.45 28.11 28.12 27.04 26.61 27.71 28.11 27.94 27.61 27.35 27.42 27.26 27.23 27.22 27.37 27.44 27.71 28.03 28.43 28.17 27.57 27.66 28.17 28.20 27.86 27.51 27.82 27.62 27.91 27.72 27.81 28.25 28.33 27.93 27.98 28.09 28.22 28.04 27.76 28.31 28.24 27.78 27.98 27.93 28.37 28.20 26.73 26.96 27.23 28.13 27.73 27.40 27.53 27.15 27.46 27.42 27.45 27.66 27.76 27.05 27.05 28.04 27.29 27.80 28.35 27.88 27.98 28.09 27.87
27.43 27.37 27.83 27.80 27.39 27.45 27.72 27.66 27.68 28.15 28.12 27.21 26.35 27.23 28.15 27.91 27.94 27.69 27.88 27.53 27.09 26.75 27.11 27.73 28.11 28.18 28.22 28.05 27.99 28.20 27.86 28.09 28.08 28.01 28.05 28.06 27.82 28.12 27.79 28.51 28.44 28.11 28.11 28.20 28.38 27.71 27.82 28.17 27.69 28.15 28.12 28.16 28.50 28.00 27.06 26.83 27.41 28.25 28.42 27.80 27.42 27.37 27.96 27.65 27.70 27.55 27.74 27.69 27.77 28.26 27.60 27.74 28.01 28.28 27.94 28.16 28.22
27.81 28.14 28.52 27.72 26.77 27.51 27.51 27.68 27.88 28.31 28.35 27.62 27.00 26.99 28.06 27.95 28.13 28.03 27.95 27.99 27.65 27.00 26.90 27.85 27.98 28.44 28.60 28.34 28.20 28.40 27.94 27.60 28.40 28.38 28.54 28.29 27.95 28.38 28.01 28.09 28.54 28.37 28.20 28.22 28.54 27.78 27.87 27.79 27.52 28.37 28.32 28.31 28.30 27.87 27.80 27.75 27.99 28.35 28.70 27.79 27.91 27.93 27.88 28.20 28.48 27.88 28.14 28.16 28.14 28.55 27.72 27.77 27.73 28.08 28.12 28.39 28.58
27.51 27.64 27.92 27.80 27.41 27.97 27.79 27.20 27.38 27.92 28.12 27.73 27.07 27.28 27.62 27.43 27.64 27.95 27.89 28.15 28.07 27.50 26.96 27.50 28.09 28.50 28.64 28.28 28.40 28.55 28.25 27.96 27.95 28.44 28.39 28.49 28.38 28.37 28.43 28.07 28.32 28.46 28.34 28.13 28.19 27.78 28.09 28.18 27.54 28.39 28.37 28.30 28.66 28.52 28.43 28.13 28.24 28.58 28.58 28.34 28.30 28.46 27.81 28.06 28.34 27.74 28.18 28.49 28.34 28.53 28.06 27.33 27.27 27.76 28.23 28.51 28.43
27.96 27.94 27.76 28.03 27.85 27.83 27.76 27.47 27.59 27.72 28.03 27.83 27.25 27.61 27.98 27.90 27.76 27.74 27.88 28.01 28.33 27.70 27.47 27.43 28.02 28.27 28.34 28.49 28.53 28.76 28.48 27.97 28.14 28.59 28.16 28.49 28.68 28.47 28.63 28.38 28.24 28.32 28.47 28.41 28.38 28.46 28.58 28.44 28.38 28.38 28.33 28.45 28.76 28.88 28.55 28.61 27.98 28.26 28.76 28.89 28.77 28.43 27.85 28.00 27.99 28.05 28.42 28.24 28.23 28.72 28.28 27.08 27.91 27.95 28.44 28.82 28.09
27.99 28.41 28.33 28.22 28.01 27.90 27.50 27.51 27.73 27.20 27.88 27.86 27.88 27.90 27.91 28.23 28.06 27.42 27.49 28.00 28.42 27.70 27.57 27.56 27.82 28.04 28.33 28.43 28.50 28.75 28.69 28.29 28.34 28.68 28.23 28.41 28.85 28.59 28.60 28.15 28.18 28.20 28.34 28.59 28.58 28.85 28.79 28.53 28.47 28.50 28.49 28.78 28.98 28.88 28.80 28.88 28.12 28.48 28.73 28.95 28.89 28.37 27.30 27.73 27.90 28.24 28.26 28.47 28.58 28.51 28.04 27.91 28.32 28.03 28.77 28.76 28.19
27.69 28.24 28.75 28.37 28.11 28.39 27.58 27.60 27.69 27.61 27.99 28.21 28.10 28.11 28.46 28.52 28.34 27.73 27.47 27.88 28.16 27.88 27.67 27.73 27.99 28.13 28.47 28.60 28.82 28.78 28.48 28.24 28.01 28.27 27.99 28.14 28.44 28.36 28.58 28.83 28.27 28.08 28.18 28.48 28.69 28.68 28.80 28.63 28.63 28.61 28.72 28.31 28.62 28.67 28.92 29.04 28.53 28.21 28.39 28.73 28.77 27.97 26.90 27.08 27.52 28.55 28.60 28.84 28.67 28.51 27.30 28.23 28.52 28.33 28.59 28.81 28.72
27.34 28.34 28.67 28.43 28.43 28.34 28.06 27.63 27.89 27.96 28.45 28.68 27.80 28.36 28.74 28.44 28.52 28.48 28.26 27.75 28.26 28.31 28.17 28.10 28.26 28.31 28.33 28.34 28.74 28.73 28.49 28.37 28.12 27.97 28.22 28.33 28.65 28.40 28.52 28.81 28.82 28.15 28.43 28.78 28.63 28.47 28.68 28.63 28.77 28.84 28.78 28.89 28.28 28.64 28.67 28.12 27.74 28.45 28.33 28.70 28.61 28.10 26.90 27.32 28.57 28.61 28.82 28.52 28.44 28.23 28.00 28.72 28.65 28.64 28.39 28.25 28.69
27.54 28.01 28.61 28.50 28.65 28.51 28.14 27.84 28.02 27.87 28.15 29.02 28.40 28.10 28.89 28.95 28.67 28.60 28.33 28.22 28.29 28.64 28.67 28.34 28.44 28.50 28.16 28.08 28.31 28.63 28.31 28.24 28.35 28.24 28.66 28.25 28.49 28.09 28.24 28.65 28.82 28.37 28.41 28.83 28.91 28.58 28.12 28.54 28.89 28.79 28.56 28.67 28.81 28.51 28.28 27.30 28.17 28.81 28.74 28.80 28.72 28.87 28.80 28.69 28.74 28.78 28.77 28.19 27.89 28.46 28.61 28.68 28.75 28.03 28.17 28.71 28.09
28.41 28.36 28.37 28.39 28.46 28.39 28.24 28.38 28.32 28.00 27.53 28.31 29.00 28.54 28.99 28.94 28.90 29.07 28.59 28.73 28.74 28.92 28.63 28.58 28.76 28.87 28.48 28.22 28.23 28.56 28.58 28.34 28.30 28.53 28.77 28.43 28.47 28.29 28.26 28.65 28.83 28.70 28.69 28.85 29.01 28.80 28.44 28.57 28.72 28.54 28.56 28.73 28.64 28.24 28.40 28.66 28.99 28.78 28.85 28.67 28.47 28.67 28.91 28.72 28.90 28.85 28.56 28.71 28.01 28.09 28.31 28.56 28.64 28.23 28.04 27.89 28.55
