main/data/irradiance/03.11.2023.grid
ncols 839
nrows 679
xllcenter 112.0500
yllcenter -43.9500
cellsize 0.0500
nodata_value 99999.90
[rows 272 to 305 of 679, columns 308 to 384 of 839]
28.03 27.78 28.80 29.04 29.10 29.03 29.02 28.64 28.33 28.50 28.93 28.99 29.00 29.03 29.04 28.98 29.00 28.65 28.34 27.89 27.81 27.67 27.28 26.52 26.38 26.13 26.39 26.90 27.04 25.30 23.70 24.01 24.39 24.97 24.16 24.15 24.30 23.74 22.82 21.01 21.72 20.20 19.78 20.24 21.22 22.55 23.79 25.04 25.52 24.95 24.47 24.02 24.21 25.22 25.55 25.89 26.11 26.10 26.37 26.45 26.91 27.22 27.00 26.68 26.69 26.28 25.75 25.60 25.40 24.93 25.08 24.69 24.06 24.22 23.69 22.57 22.32
28.01 28.55 28.98 29.08 29.05 28.77 28.78 28.85 29.04 28.82 28.54 28.90 28.85 29.00 29.03 29.01 28.96 28.65 28.66 28.15 28.10 27.73 26.92 26.05 26.59 27.10 26.71 27.07 27.03 26.00 24.41 25.08 25.49 24.39 24.62 23.43 22.82 23.15 24.23 22.28 20.73 20.07 19.52 19.86 20.22 22.28 22.77 24.24 25.48 25.47 25.01 24.86 24.32 25.03 25.63 25.80 25.46 25.62 25.74 25.85 26.17 26.66 26.91 26.29 26.14 25.70 25.48 25.78 26.50 26.00 25.71 25.10 24.61 24.69 24.13 23.24 22.66
28.30 28.48 28.53 28.80 28.86 28.41 28.83 29.01 29.05 28.86 28.57 28.79 28.99 28.99 28.85 28.99 28.87 29.09 29.05 28.26 28.04 28.49 27.29 26.66 27.58 27.58 27.98 27.93 26.19 25.25 24.38 25.49 26.72 24.65 25.39 23.58 23.01 24.04 24.15 21.98 20.98 20.36 20.19 20.49 20.26 22.47 23.27 23.51 24.98 25.42 25.18 25.14 24.98 24.42 24.59 24.82 25.01 25.46 24.87 25.40 25.29 25.23 25.88 26.21 26.11 25.88 25.73 25.37 25.61 25.98 25.60 24.91 24.87 25.22 24.88 24.34 23.78
27.80 28.34 28.36 28.37 27.66 28.24 28.52 28.93 28.87 28.48 28.50 28.34 28.82 28.79 28.68 28.95 29.06 29.09 29.08 28.90 28.48 28.55 28.36 28.44 28.63 28.39 28.07 27.60 26.61 25.17 24.51 24.87 26.34 25.69 25.72 24.74 23.14 24.37 24.55 24.34 22.52 22.29 21.57 20.68 20.80 21.95 23.50 24.24 24.72 24.87 25.17 25.29 25.34 25.36 24.75 24.41 24.91 24.83 25.04 25.26 25.23 25.39 25.56 26.04 26.43 26.90 26.14 25.82 25.50 25.43 25.21 24.97 24.99 25.21 24.76 24.70 24.30
27.42 27.73 27.14 26.96 27.31 28.14 28.65 28.74 28.34 28.42 28.40 28.08 28.16 28.50 28.86 29.04 29.05 29.07 29.03 29.03 28.60 28.61 28.90 28.84 28.99 28.63 28.66 27.77 27.81 25.95 24.90 25.56 24.60 24.19 25.54 24.85 23.76 24.08 24.97 23.68 23.33 23.52 24.38 22.18 21.46 21.85 22.64 24.24 24.92 24.88 25.19 25.88 25.37 25.91 25.84 25.25 25.10 25.02 25.34 24.85 25.26 26.26 26.09 26.02 26.86 26.80 26.18 26.10 26.19 25.90 25.90 25.68 25.14 25.32 24.68 24.67 24.91
27.29 26.55 25.44 26.01 27.17 27.38 28.07 28.71 28.05 28.04 27.98 28.17 28.17 28.48 28.61 28.83 28.82 28.88 28.96 28.82 28.78 28.87 29.03 28.94 28.71 28.52 28.59 27.44 27.40 25.56 24.45 26.92 27.62 25.08 24.29 23.42 25.45 25.26 25.56 24.23 24.30 24.69 25.03 25.96 25.03 24.18 23.96 24.13 24.71 25.37 26.63 26.43 26.47 26.97 27.61 26.49 25.01 25.24 25.34 25.02 25.52 26.14 26.86 26.43 26.61 27.27 26.82 26.04 26.31 25.43 26.32 26.42 25.88 25.99 25.29 24.97 24.96
25.84 25.42 25.82 26.98 27.10 27.47 28.06 28.22 28.02 27.88 28.28 27.96 28.16 28.73 28.68 28.81 28.66 28.91 28.97 28.75 28.83 28.80 28.78 28.90 27.80 28.80 28.82 28.16 27.34 27.19 27.18 26.07 27.83 27.65 26.22 25.65 26.83 27.73 27.11 25.74 25.92 25.27 25.08 26.84 27.27 25.45 27.17 26.60 26.31 26.64 27.06 26.79 27.48 27.94 27.86 27.58 26.27 26.43 26.08 25.66 25.79 25.98 26.55 26.57 26.68 27.15 26.89 27.05 27.14 26.90 27.12 27.16 27.08 26.99 27.36 26.81 26.69
24.75 25.24 26.40 26.45 27.37 27.39 27.21 27.04 27.54 27.89 28.45 27.96 28.53 29.00 28.85 28.49 28.33 28.62 28.35 28.54 28.37 28.15 28.41 28.45 27.47 28.71 28.45 28.54 27.35 28.36 27.72 27.89 26.68 26.15 25.74 26.95 26.53 27.01 26.41 27.85 27.72 26.66 25.76 25.86 26.48 26.57 27.47 26.95 27.67 28.01 27.20 27.35 27.57 28.28 28.38 27.77 27.44 27.77 27.19 27.06 26.75 26.82 26.68 26.50 26.69 26.89 26.85 27.23 27.56 27.13 27.78 28.22 28.04 27.31 27.77 27.62 27.28
25.01 26.33 27.42 27.61 26.71 26.77 26.36 26.85 27.88 28.14 27.44 27.11 27.65 27.92 27.77 27.49 27.32 28.07 27.88 28.57 28.46 27.81 28.03 27.28 26.72 28.17 28.35 27.89 28.17 28.97 27.08 28.44 27.99 26.04 25.59 26.53 27.88 27.30 26.25 26.58 28.06 27.82 25.25 24.55 24.83 26.08 27.16 26.80 27.11 27.63 28.04 27.79 27.89 28.19 28.45 28.02 28.11 27.95 27.90 27.50 27.00 27.34 27.11 27.30 27.14 27.04 27.34 27.45 27.77 27.96 27.85 28.46 28.40 27.78 27.64 27.61 27.58
25.84 26.51 27.41 26.96 26.51 25.57 26.00 26.31 26.98 26.41 25.78 26.26 25.12 25.17 25.11 25.45 26.38 26.61 27.54 28.28 27.90 27.93 28.01 27.62 27.27 27.06 28.15 28.53 27.93 28.29 27.91 28.24 28.60 27.26 25.78 26.06 27.49 28.63 27.81 26.53 27.45 28.62 28.16 26.72 25.74 26.11 26.74 27.39 27.75 26.94 27.57 27.64 27.73 27.95 27.87 27.47 28.03 27.44 27.70 27.01 26.83 27.35 27.37 27.76 27.70 27.33 27.58 27.92 27.93 28.28 28.15 28.09 28.12 28.18 27.67 27.18 27.56
25.61 27.13 26.66 25.98 26.46 25.12 25.93 26.67 25.47 24.76 25.06 24.01 23.90 25.30 25.87 25.59 25.92 26.72 27.96 27.41 27.69 27.14 27.31 27.68 25.29 25.00 27.04 27.33 27.16 26.92 27.87 27.15 27.83 28.75 27.21 26.64 27.30 28.41 28.73 28.11 27.80 28.67 28.77 28.59 27.75 27.11 27.31 27.94 27.56 27.54 28.16 27.62 27.81 28.61 28.70 28.25 27.92 27.39 27.50 27.83 27.85 28.01 28.19 28.04 27.86 27.96 27.94 27.97 28.00 28.13 28.32 28.23 28.45 27.88 27.55 26.81 27.59
26.33 26.62 25.97 25.60 25.00 25.31 26.30 26.67 24.53 25.05 24.94 23.34 24.57 25.94 26.59 26.47 26.57 26.65 26.61 26.80 25.81 24.92 26.08 26.02 24.49 25.66 27.16 27.10 26.97 27.20 27.02 26.39 25.95 27.58 28.17 28.24 28.07 28.30 27.77 28.20 28.61 28.35 28.51 28.68 28.40 28.40 27.63 27.52 27.93 28.09 28.43 28.51 28.18 28.52 28.79 28.83 28.60 27.92 27.46 27.89 28.04 28.65 28.35 28.14 28.08 28.04 27.91 27.97 28.13 28.26 28.28 27.96 28.54 28.46 27.95 27.12 27.41
26.50 25.47 24.56 24.92 24.85 25.58 25.84 25.81 25.30 26.07 26.41 24.81 23.87 25.21 25.94 26.57 26.27 25.90 24.95 25.57 24.46 23.58 24.78 24.73 25.68 25.08 26.39 26.94 27.39 27.50 27.27 26.32 25.55 26.80 27.32 27.28 27.00 27.54 26.41 27.35 28.00 27.39 28.15 28.32 27.88 28.39 27.85 27.43 27.92 28.39 27.55 28.35 28.62 28.14 28.67 28.83 28.55 28.04 28.14 27.76 27.70 28.38 28.36 28.16 28.30 28.15 27.88 27.88 28.18 28.26 28.32 28.55 28.45 28.48 28.33 28.20 28.17
27.74 26.29 25.57 24.67 25.35 25.59 26.16 25.77 26.23 26.37 26.62 24.88 23.95 25.43 25.46 26.61 26.21 25.44 25.90 25.79 25.54 24.34 24.02 24.85 25.89 23.96 24.90 26.92 26.67 27.22 27.05 26.47 26.82 26.00 26.07 26.48 26.49 26.28 25.20 27.19 27.59 27.03 26.84 27.38 27.51 27.75 27.25 26.96 28.52 28.92 27.91 28.54 28.16 27.52 27.69 27.83 27.66 27.75 28.14 27.15 28.21 28.02 28.37 27.93 28.32 27.84 28.01 27.97 27.58 27.79 27.84 28.20 28.09 28.05 28.16 28.30 27.77
28.22 27.06 26.61 26.19 26.78 27.05 26.65 25.43 25.72 25.97 26.72 25.21 24.18 24.99 25.88 26.21 25.93 25.92 26.19 25.89 25.61 24.39 25.34 25.26 26.14 25.02 25.38 26.16 27.04 26.77 26.74 27.47 26.62 26.69 25.65 25.93 24.98 24.88 24.62 25.44 25.96 26.23 26.39 27.48 27.25 27.22 26.87 26.54 27.17 27.35 27.79 28.19 27.95 27.35 27.20 27.14 26.98 27.37 27.59 26.56 27.31 27.49 27.22 27.35 27.66 28.25 28.01 27.72 27.75 27.72 27.39 27.94 27.42 27.67 27.58 28.28 28.02
27.23 26.47 25.92 26.32 26.38 27.19 26.42 25.88 25.90 26.38 26.67 25.58 24.85 25.67 26.09 25.68 25.91 25.81 25.81 25.41 25.45 24.72 25.38 25.82 25.79 24.74 24.33 24.95 26.32 26.98 27.43 27.98 26.66 27.14 26.32 26.03 24.96 24.68 25.34 25.35 25.91 26.07 26.52 27.06 27.48 27.50 26.54 26.41 26.38 26.01 26.95 26.97 27.41 27.15 27.95 28.22 27.23 26.97 27.39 26.31 26.40 27.31 26.50 26.68 26.79 27.65 27.54 27.63 27.49 27.78 27.78 27.50 27.44 27.59 27.49 27.70 27.30
26.76 26.82 26.56 26.52 26.63 27.23 27.00 26.44 25.84 26.94 27.62 26.48 25.16 26.01 26.56 26.26 25.88 25.16 25.72 26.72 26.51 25.18 25.17 24.92 25.46 24.30 24.55 25.79 25.62 26.07 27.20 27.42 27.14 27.33 26.31 25.45 24.83 24.82 25.06 24.82 25.66 26.42 26.42 26.58 27.21 26.94 25.99 25.99 26.16 24.77 25.92 26.60 26.49 26.22 27.18 27.74 28.34 26.47 27.23 26.99 26.76 27.16 26.54 26.87 26.86 27.24 26.60 26.88 27.37 26.69 26.86 27.30 27.42 27.48 27.87 27.45 27.54
26.24 26.12 27.21 26.94 26.54 26.34 27.23 27.29 25.89 26.71 27.77 26.53 26.39 26.85 27.09 27.02 25.66 24.90 25.79 26.98 26.86 25.90 25.43 26.01 25.73 24.58 25.57 26.43 25.96 26.30 27.00 26.65 27.37 27.36 26.93 25.81 25.26 24.72 25.70 25.08 25.06 26.23 25.99 26.82 26.91 26.93 26.83 27.10 27.32 26.15 26.06 26.31 25.86 25.41 26.34 26.04 27.15 26.04 26.28 27.04 27.14 27.37 27.18 27.46 27.18 27.47 27.14 27.14 27.07 26.56 27.00 26.97 27.14 27.23 27.52 27.18 27.04
26.94 26.22 26.70 27.66 26.85 26.84 26.69 27.12 26.88 27.37 27.43 26.70 26.88 26.73 27.06 26.86 26.51 25.37 25.78 26.22 25.91 25.99 26.43 26.24 26.04 24.61 24.91 25.27 26.73 26.74 27.18 26.44 26.89 26.83 26.70 26.76 26.43 24.75 26.31 26.56 25.91 26.31 26.01 27.06 26.89 26.41 26.80 27.53 28.04 27.18 26.13 26.44 25.75 25.79 25.77 26.43 26.59 26.47 25.85 26.98 27.67 26.82 27.10 27.36 26.92 27.09 26.71 26.48 26.00 26.44 27.19 27.35 27.13 26.90 27.42 26.76 26.41
26.69 26.21 26.48 27.37 27.40 27.24 26.40 27.39 27.96 27.87 27.73 27.84 27.00 26.68 27.16 26.11 26.42 26.99 26.19 26.51 26.88 26.85 26.73 26.41 25.88 25.39 25.88 25.95 26.81 26.80 27.17 26.46 26.22 26.48 27.13 27.89 26.85 24.80 25.27 26.92 26.31 26.01 25.45 25.96 27.16 27.39 26.60 27.60 28.08 26.99 26.58 26.70 26.22 25.42 25.88 26.09 26.74 27.10 26.44 25.92 27.54 27.32 26.92 26.62 27.17 27.33 26.54 26.59 26.05 26.24 26.73 27.04 27.35 26.91 26.57 26.99 26.41
27.06 26.23 25.42 26.06 25.52 26.66 27.88 27.57 27.92 27.56 27.71 27.63 27.14 26.34 26.10 26.62 26.77 27.19 26.69 26.76 26.71 26.53 26.33 26.65 26.61 25.95 27.07 26.58 26.61 26.80 27.15 26.92 26.39 27.07 27.24 27.02 26.38 25.65 25.34 25.87 25.68 25.16 24.49 25.38 25.97 27.53 26.71 26.88 27.49 26.70 26.64 27.58 27.71 26.15 26.08 26.89 26.74 27.25 26.33 25.53 27.37 27.76 26.44 27.66 28.01 28.33 27.62 27.45 27.29 26.92 26.59 26.46 26.44 26.85 26.98 27.23 27.25
27.06 26.74 25.38 25.86 26.02 26.22 28.18 27.85 27.57 27.54 27.87 26.94 26.90 26.27 25.49 25.17 26.32 27.28 26.93 26.69 26.44 26.32 26.69 28.00 27.96 27.44 27.72 27.29 26.45 27.04 27.15 26.29 26.40 26.91 26.39 26.21 26.10 26.35 26.16 25.65 26.04 24.87 24.64 25.40 26.67 27.02 26.85 26.93 27.35 27.27 26.93 28.16 28.03 27.01 26.77 26.89 27.48 27.20 26.72 26.20 26.71 27.10 27.15 26.93 26.97 28.38 27.82 27.99 28.57 28.25 26.92 26.54 26.80 26.78 26.88 26.90 26.85
27.39 27.32 25.61 25.65 26.57 26.55 27.63 28.68 28.47 27.82 28.00 26.75 26.25 25.98 26.35 26.05 25.92 26.70 26.30 26.14 26.37 26.66 26.48 27.63 28.49 28.53 28.15 27.48 26.97 27.67 27.36 26.52 26.77 27.11 27.25 27.51 27.43 27.27 26.85 26.23 26.11 26.35 25.66 26.18 26.85 27.00 27.09 26.92 27.22 27.03 27.30 28.05 27.41 27.11 26.61 26.71 27.25 27.25 26.31 26.66 26.97 27.28 27.93 27.78 27.32 27.88 26.90 27.47 28.35 27.79 27.47 27.19 27.34 27.29 27.43 26.84 26.65
27.67 26.86 25.30 25.65 26.90 26.58 26.76 27.19 27.97 27.77 27.95 27.24 26.27 26.08 26.36 26.66 26.25 26.73 27.27 26.71 26.38 26.58 26.76 27.54 28.16 28.11 28.04 27.48 27.06 26.85 26.95 26.78 26.94 26.87 26.98 28.01 27.64 26.96 26.88 26.39 26.26 26.52 27.02 26.51 26.97 27.59 27.67 27.44 26.79 26.99 27.63 27.40 27.09 27.02 26.65 26.73 26.74 27.59 26.97 26.92 28.05 27.44 27.28 27.98 28.00 27.78 26.86 27.21 28.34 28.30 27.75 26.82 26.62 28.00 27.83 26.85 26.73
27.41 26.32 26.71 26.25 26.57 26.64 25.93 26.72 27.00 27.64 27.91 27.47 27.56 27.25 27.78 27.63 27.42 27.06 27.43 26.94 26.05 26.26 26.74 28.45 28.12 28.02 28.05 27.54 26.81 26.50 25.58 26.12 26.87 27.16 25.68 26.10 27.62 27.33 27.20 27.04 27.26 27.65 27.69 27.70 27.54 27.80 27.78 27.60 27.08 26.27 27.36 28.04 28.05 26.74 26.91 26.77 26.72 26.95 27.57 27.32 27.75 27.33 27.14 28.09 27.76 27.80 26.91 26.97 28.02 27.85 28.10 28.25 26.49 28.72 28.02 27.02 27.08
27.29 26.29 27.43 27.68 26.44 26.37 26.44 26.26 26.95 27.01 27.63 27.97 28.30 27.97 28.00 28.69 27.76 27.53 26.66 26.45 26.37 26.60 26.86 27.84 28.41 28.02 28.40 28.15 27.29 26.06 25.32 26.07 26.92 27.67 27.03 25.46 26.09 26.87 27.32 27.57 28.19 28.00 27.59 28.15 27.85 27.78 27.61 27.71 27.44 26.07 27.06 27.83 28.29 27.78 27.67 27.03 27.27 27.23 27.16 27.49 28.03 28.29 27.46 28.00 28.21 27.73 26.90 26.98 27.65 27.69 27.70 28.74 28.17 27.08 27.33 27.60 27.66
27.11 26.63 27.78 28.22 27.39 26.41 26.91 25.86 26.34 26.46 27.05 27.90 28.45 28.52 28.07 28.30 27.56 27.70 26.98 26.04 26.31 26.84 27.16 27.37 27.87 27.49 28.17 28.03 27.71 26.81 26.32 25.97 26.06 26.46 27.03 26.35 25.88 26.58 27.20 27.26 28.24 28.34 28.03 27.86 27.72 27.08 26.88 27.17 27.34 27.04 27.30 27.36 27.70 27.95 28.15 27.84 27.38 27.28 26.91 27.41 27.62 28.41 27.97 28.02 28.14 27.68 26.55 26.64 27.24 27.63 28.02 28.10 28.02 27.84 28.52 27.90 27.47
26.98 26.20 26.94 27.67 27.22 26.94 27.45 27.12 26.10 26.43 26.68 27.49 28.56 28.73 28.61 28.15 27.78 27.31 26.99 26.72 26.64 26.94 26.68 27.24 27.85 27.75 28.03 27.48 28.48 28.26 27.87 27.49 27.25 26.99 27.07 26.50 25.60 26.49 26.66 27.18 27.78 28.29 27.80 27.48 27.64 26.88 26.16 26.45 26.89 27.19 27.76 27.53 26.63 27.11 27.49 27.75 27.41 27.52 27.56 27.42 28.05 28.19 27.43 28.05 27.94 27.34 26.93 27.03 27.35 28.19 27.81 28.03 27.66 27.84 27.95 27.72 27.09
27.13 27.29 26.64 27.87 27.56 27.62 27.54 27.56 26.99 27.26 27.18 28.00 28.57 28.14 28.29 28.44 27.87 27.24 27.36 27.65 27.31 27.47 27.17 26.95 27.88 27.56 27.84 27.26 28.09 28.11 28.48 28.42 28.09 27.69 27.48 27.16 26.19 26.30 26.88 27.24 28.02 28.10 28.28 27.92 27.63 27.40 26.61 27.02 27.26 27.19 27.30 27.67 27.39 27.55 27.69 27.88 27.46 27.47 28.38 28.04 28.09 28.00 27.85 27.88 27.75 27.62 27.50 27.13 28.22 28.58 28.12 28.27 27.73 27.67 28.13 27.75 27.89
28.08 27.91 26.92 27.49 28.13 27.93 27.90 27.73 27.78 27.78 27.75 27.97 28.38 28.20 27.93 28.26 28.20 27.98 27.42 27.45 27.40 28.18 27.49 27.10 27.44 27.61 27.44 26.81 27.73 28.46 28.32 28.46 28.38 27.80 27.41 27.51 27.30 26.56 26.40 26.88 27.98 28.26 28.32 28.39 27.53 27.52 27.15 27.65 27.82 27.49 27.45 27.76 27.20 27.83 27.93 28.12 28.24 28.43 28.33 28.24 28.27 28.21 27.74 28.00 27.94 27.78 27.54 27.05 27.80 28.28 28.09 27.52 28.17 27.90 28.26 27.88 27.81
28.19 28.06 27.66 27.65 27.56 27.44 27.57 28.01 28.27 27.90 28.00 28.10 27.99 27.51 27.89 27.83 28.15 28.34 27.44 27.22 27.61 27.71 27.70 27.81 27.70 27.73 27.46 27.11 27.83 28.44 28.73 28.74 28.48 28.11 27.88 27.31 27.48 27.21 27.15 27.03 26.79 27.96 28.46 28.16 27.24 27.39 27.99 28.37 28.21 28.14 27.72 27.72 26.70 27.27 27.89 28.05 28.02 28.67 28.49 28.59 28.61 28.37 27.66 27.75 27.70 27.93 27.66 27.51 27.70 28.09 28.40 27.83 28.17 28.34 28.52 28.22 27.87
28.35 28.36 28.29 27.78 27.41 27.59 27.88 28.23 28.49 28.54 28.33 28.36 27.94 27.52 27.60 27.86 27.95 28.13 28.07 27.61 27.84 28.18 28.46 28.09 28.35 28.30 27.86 27.27 27.98 28.37 28.47 28.66 28.50 28.43 27.98 27.05 27.35 27.49 27.67 27.02 26.84 27.21 28.50 28.02 27.26 27.33 28.01 28.44 28.69 28.26 27.75 27.82 27.43 27.67 28.15 28.20 28.12 28.20 28.47 28.49 28.57 28.58 27.96 27.47 27.82 27.91 27.60 27.57 27.91 27.89 28.11 28.11 28.51 28.52 28.56 28.58 28.21
28.76 28.95 28.75 28.13 27.89 27.82 27.70 28.14 28.35 28.45 28.44 28.02 27.66 27.11 27.22 27.85 27.63 27.62 28.08 28.20 28.10 28.65 28.74 28.59 28.39 28.32 28.08 27.97 28.31 28.49 28.40 28.66 28.84 28.75 28.43 27.87 28.12 27.90 27.80 27.80 27.68 27.63 28.11 28.18 28.13 27.61 27.85 28.20 28.42 28.39 27.82 28.07 27.81 27.98 28.27 28.45 28.42 27.98 28.02 28.59 28.64 28.71 28.38 28.00 28.12 28.28 28.35 28.24 28.06 27.87 28.10 28.21 28.57 28.66 28.68 28.38 28.29
28.86 28.96 28.56 28.54 28.31 28.37 28.48 28.00 27.90 27.87 28.20 28.27 27.66 27.42 27.72 27.56 27.55 27.76 28.20 28.65 28.55 28.93 28.81 28.70 28.41 28.40 28.44 28.39 28.53 28.59 28.38 28.15 28.52 28.81 28.71 28.38 28.31 28.34 28.21 28.33 28.04 27.91 28.33 28.36 28.48 28.36 28.59 28.64 28.51 28.44 28.31 28.50 28.27 28.62 28.28 28.30 28.56 28.04 28.12 28.64 28.83 28.29 28.28 28.09 28.33 28.23 28.31 28.23 28.28 28.17 28.29 28.62 28.65 28.62 28.55 28.52 28.38
