main/data/irradiance/03.12.2023.grid
ncols 839
nrows 679
xllcenter 112.0500
yllcenter -43.9500
cellsize 0.0500
nodata_value 99999.90
[rows 544 to 577 of 679, columns 539 to 615 of 839]
99999.90 99999.90 99999.90 99999.90 99999.90 31.12 31.12 31.12 30.03 30.03 30.03 30.03 30.03 30.03 30.03 30.03 30.03 30.12 30.75 30.92 30.04 30.06 29.11 29.48 30.14 30.36 30.14 30.67 30.51 30.80 30.99 30.65 30.76 30.12 30.27 29.72 30.11 30.40 30.77 30.40 30.01 30.11 29.96 30.21 30.60 29.81 30.04 30.34 30.38 30.55 30.39 29.93 29.40 29.75 29.58 29.81 29.82 30.51 30.90 31.20 31.09 31.18 31.07 30.83 30.37 30.13 28.81 30.54 29.84 28.32 26.18 28.68 28.80 28.53 27.13 25.58 24.06
99999.90 99999.90 99999.90 99999.90 99999.90 31.12 30.03 30.03 30.03 30.03 30.03 30.03 30.03 30.03 30.03 30.03 30.03 30.03 30.75 30.57 30.35 30.14 29.96 30.02 30.65 30.03 30.25 30.07 31.05 30.70 30.82 30.92 30.71 30.69 30.80 30.06 30.40 30.85 30.33 30.79 30.03 30.24 30.46 30.24 30.41 29.89 30.26 30.50 30.53 30.40 29.77 29.28 28.65 29.17 28.96 29.31 29.98 30.07 30.25 29.89 30.59 30.67 30.39 30.59 30.63 30.14 29.59 29.09 29.45 28.92 26.77 28.94 28.04 27.55 25.39 23.76 24.08
99999.90 99999.90 99999.90 99999.90 99999.90 31.12 30.03 30.03 30.03 30.03 30.03 30.03 30.03 30.03 30.03 30.03 30.03 30.03 30.57 30.57 29.92 29.91 30.38 30.34 30.24 30.58 30.64 30.21 30.82 30.83 30.97 30.84 30.67 30.49 30.80 30.25 30.39 30.91 30.42 30.48 30.66 30.68 30.61 30.95 30.63 30.31 29.95 30.21 30.40 29.68 29.33 29.27 28.62 28.89 28.80 29.78 29.96 29.71 29.54 29.56 29.70 30.33 30.48 29.96 30.24 30.08 27.68 27.77 28.07 28.18 28.67 28.16 24.40 23.95 23.53 22.81 23.85
99999.90 99999.90 99999.90 99999.90 99999.90 31.12 30.03 30.03 30.03 30.03 30.03 30.03 30.03 30.03 30.03 30.03 30.03 30.57 30.57 29.92 29.92 30.04 30.25 30.41 30.12 30.27 30.35 30.43 30.54 30.80 30.80 30.65 30.54 30.43 30.32 30.25 30.34 30.37 30.50 30.37 30.24 30.37 30.69 30.76 30.46 29.71 29.16 29.62 29.90 29.61 29.17 29.25 28.82 29.11 29.06 29.21 29.36 29.32 29.66 29.76 29.77 29.42 29.71 30.13 30.48 28.55 27.05 27.26 26.18 26.03 25.73 24.65 22.85 21.93 22.14 23.01 23.56
99999.90 99999.90 99999.90 99999.90 99999.90 31.12 30.03 30.03 30.03 30.03 30.03 30.03 30.03 30.03 30.03 30.03 30.03 30.57 29.92 29.46 29.46 29.46 30.06 30.40 30.04 30.32 29.98 30.56 30.61 30.58 30.30 30.47 30.29 30.33 30.43 30.37 30.31 30.29 30.21 29.91 30.23 30.61 30.70 30.76 30.38 29.78 29.21 29.31 29.48 29.20 29.05 28.74 28.81 29.11 29.16 29.01 28.83 28.59 28.71 28.75 28.92 28.47 28.72 28.73 29.08 27.87 26.57 26.11 25.62 25.18 23.45 23.33 23.00 24.38 23.51 23.07 22.94
99999.90 99999.90 99999.90 99999.90 99999.90 31.12 30.03 30.03 30.03 30.03 30.03 30.03 30.03 30.03 30.03 30.03 30.03 29.46 29.46 29.46 29.46 29.46 30.28 30.10 30.15 29.97 29.99 29.69 30.54 30.53 30.25 29.79 30.02 30.05 30.10 30.02 30.42 30.46 30.05 29.71 29.86 30.53 30.71 30.29 29.61 29.50 29.37 29.46 29.40 29.08 28.64 28.41 28.39 28.63 28.47 28.58 28.24 27.95 27.30 27.11 27.98 27.42 27.52 28.29 28.74 27.37 25.52 25.08 24.80 23.44 23.58 23.32 23.31 22.55 22.88 23.33 22.62
99999.90 99999.90 99999.90 99999.90 99999.90 31.12 30.03 30.03 30.03 30.03 30.03 30.03 30.03 30.03 30.03 30.03 29.46 29.46 29.46 29.46 29.46 30.28 30.28 30.05 30.12 30.00 30.22 29.32 30.11 30.18 29.82 29.51 29.87 29.50 30.02 29.64 29.91 30.31 30.25 30.13 29.94 29.93 30.09 29.63 29.37 29.66 28.98 29.34 29.21 28.78 28.37 27.92 27.91 28.15 28.49 27.52 26.91 27.26 26.71 25.89 26.34 26.30 27.22 27.07 26.38 25.21 25.18 24.22 23.19 24.13 24.52 23.30 23.83 23.66 23.17 23.07 23.34
99999.90 99999.90 99999.90 99999.90 99999.90 99999.90 30.03 30.03 30.03 30.03 30.03 30.03 30.03 30.03 30.03 29.46 29.46 29.46 29.46 29.46 30.28 30.28 30.05 30.05 29.96 30.12 29.87 30.03 29.67 29.66 29.70 29.90 29.47 29.19 29.55 29.77 29.94 29.83 29.85 29.56 29.84 29.26 29.21 29.37 29.01 29.12 29.49 29.18 29.37 28.73 28.13 28.08 28.32 28.57 28.27 27.45 27.03 26.71 26.23 26.15 26.29 25.93 25.98 25.92 26.23 24.85 24.56 23.96 24.01 25.05 24.38 23.68 24.23 23.62 23.65 22.44 23.48
99999.90 99999.90 99999.90 99999.90 99999.90 99999.90 30.03 30.03 30.03 30.03 30.03 30.03 30.03 30.03 29.46 29.46 29.46 29.46 29.46 30.28 30.28 30.05 30.05 29.96 29.96 29.84 29.81 29.77 29.37 29.28 28.97 29.41 29.15 29.43 29.27 29.42 29.57 29.34 29.57 29.39 28.93 29.52 29.52 29.35 29.13 28.23 28.24 28.53 28.24 28.28 28.34 28.37 28.59 28.15 27.82 27.05 27.23 25.87 25.16 24.81 24.74 25.59 25.29 25.85 24.08 24.46 24.16 23.84 24.30 24.02 24.77 24.11 24.67 24.08 23.09 23.66 22.96
99999.90 99999.90 99999.90 99999.90 99999.90 99999.90 30.03 30.03 30.03 30.03 30.03 30.03 30.03 29.46 29.46 29.46 29.46 29.46 30.28 30.28 30.05 30.05 29.96 29.96 29.84 29.84 30.19 29.89 29.21 29.14 28.38 28.89 28.89 29.05 29.25 28.96 29.16 29.17 29.34 29.03 28.84 28.79 29.33 28.59 28.97 28.01 27.63 27.93 28.21 28.46 28.05 28.28 28.01 27.10 26.39 26.42 26.00 25.01 24.08 24.55 25.85 24.96 25.52 24.91 23.35 23.62 23.66 23.63 24.37 24.31 24.38 24.34 24.63 23.78 25.47 24.32 23.64
99999.90 99999.90 99999.90 99999.90 99999.90 99999.90 30.03 30.03 30.03 30.03 30.03 30.03 30.03 29.46 29.46 29.46 29.46 30.28 30.28 30.05 30.05 29.96 29.96 29.84 31.05 31.05 31.05 29.72 28.35 28.76 28.29 28.43 28.76 28.71 28.65 28.50 28.41 28.48 28.25 28.40 28.70 28.39 28.41 28.36 27.90 27.99 27.11 27.95 28.48 28.24 27.59 27.92 27.31 26.59 26.69 25.79 25.60 24.98 24.32 24.87 25.59 26.22 26.19 24.75 22.91 23.08 24.28 22.94 24.17 25.05 24.37 24.05 24.09 24.39 24.53 23.72 24.94
99999.90 99999.90 99999.90 99999.90 99999.90 99999.90 99999.90 99999.90 99999.90 30.57 30.57 29.46 29.46 29.46 29.46 29.46 30.28 30.28 30.05 30.05 29.96 29.96 31.05 31.05 31.05 31.05 31.05 29.48 28.90 28.89 28.38 28.56 28.94 28.47 28.39 28.11 28.48 27.72 27.88 28.15 28.59 28.31 28.10 28.61 28.23 28.41 28.35 27.80 27.82 27.39 27.13 27.03 26.88 26.27 25.52 24.80 24.92 24.61 24.48 25.33 25.33 24.44 24.29 23.57 22.25 22.94 22.63 23.80 24.58 24.85 24.77 24.84 24.67 23.36 24.18 23.31 24.82
99999.90 99999.90 99999.90 99999.90 99999.90 99999.90 99999.90 99999.90 99999.90 99999.90 29.92 29.46 29.46 29.46 29.46 30.28 30.28 30.05 30.05 29.96 31.05 31.05 31.05 31.05 31.05 31.05 29.48 29.48 28.13 27.77 28.36 28.59 28.09 27.99 27.74 27.82 28.38 27.96 27.12 27.27 27.27 27.86 27.48 28.35 28.30 27.52 27.46 27.18 28.00 27.38 25.54 25.50 25.48 25.62 25.63 24.41 23.52 23.87 24.74 24.21 23.96 23.51 23.24 22.68 22.40 23.17 22.71 23.42 23.70 24.33 24.58 25.71 25.34 24.22 24.75 24.82 24.45
99999.90 99999.90 99999.90 99999.90 99999.90 99999.90 99999.90 99999.90 99999.90 99999.90 99999.90 29.46 29.46 29.46 30.28 30.28 30.05 30.05 29.96 31.05 31.05 31.05 31.05 31.05 31.05 29.48 28.61 28.61 28.61 27.57 27.48 26.70 27.09 27.40 27.65 27.69 27.56 27.21 26.32 26.38 27.32 27.00 27.67 27.22 27.65 27.20 26.82 27.91 27.31 26.17 25.09 24.25 24.19 23.65 24.87 24.62 24.17 23.78 23.46 23.58 22.37 22.57 22.64 23.17 22.30 22.75 22.86 23.54 24.03 23.42 24.71 24.72 23.00 25.22 24.86 25.18 24.12
99999.90 99999.90 99999.90 99999.90 99999.90 99999.90 99999.90 99999.90 99999.90 99999.90 99999.90 29.46 29.46 30.28 30.28 30.05 30.05 31.05 31.05 31.05 31.05 31.05 31.05 31.05 28.61 28.61 28.61 28.61 28.61 27.57 26.53 27.09 27.59 27.26 26.20 25.89 26.37 25.66 26.01 26.56 26.62 26.70 26.07 26.86 27.23 27.77 27.79 27.12 25.88 25.91 24.35 24.18 24.74 22.34 24.03 23.85 23.35 24.36 23.66 23.85 22.26 22.73 22.52 23.20 22.13 22.94 23.47 21.75 23.23 25.08 24.35 24.55 23.75 25.06 25.20 24.78 23.32
99999.90 99999.90 99999.90 99999.90 99999.90 99999.90 99999.90 99999.90 99999.90 99999.90 99999.90 99999.90 30.28 30.28 30.05 30.05 31.05 31.05 31.05 31.05 31.05 31.05 28.61 28.61 28.61 28.61 28.61 28.61 28.61 26.53 26.53 27.09 27.96 27.39 27.04 26.67 26.06 26.54 26.07 26.11 26.61 26.31 26.45 26.71 26.76 27.69 27.09 26.32 25.70 24.73 22.98 24.04 23.95 23.05 22.97 24.74 23.77 24.47 23.18 22.43 23.24 23.14 23.60 23.42 22.93 22.83 24.01 21.54 23.78 24.45 25.13 25.27 24.28 24.97 24.98 23.45 24.94
99999.90 99999.90 99999.90 99999.90 99999.90 99999.90 99999.90 99999.90 99999.90 99999.90 99999.90 99999.90 99999.90 30.05 30.05 29.96 31.05 31.05 31.05 31.05 31.05 28.61 28.61 28.61 28.61 28.61 28.61 28.61 26.53 26.53 26.53 27.96 27.96 27.39 27.83 27.70 27.72 26.54 26.91 27.61 27.12 25.95 26.28 26.34 26.64 26.83 25.80 24.82 24.33 24.65 23.13 23.25 22.84 23.05 23.39 24.08 22.92 24.82 24.42 24.06 22.16 22.95 21.53 24.31 23.73 22.78 24.09 22.92 24.16 23.96 24.43 25.06 24.80 24.41 24.53 23.53 24.78
99999.90 99999.90 99999.90 99999.90 99999.90 99999.90 99999.90 99999.90 99999.90 99999.90 99999.90 99999.90 99999.90 99999.90 29.96 29.96 31.05 31.05 31.05 28.61 28.61 28.61 28.61 28.61 28.61 28.61 28.61 28.61 26.53 26.53 27.96 27.96 27.96 27.83 27.83 27.70 27.72 27.72 26.91 27.61 27.12 25.95 26.68 25.49 24.55 25.19 24.35 25.54 24.80 25.57 24.11 23.62 24.77 23.49 24.04 23.50 22.06 23.98 22.67 21.64 21.54 22.44 21.49 23.89 23.01 22.52 23.62 23.09 23.89 24.68 25.47 24.71 24.79 23.60 22.42 25.09 25.18
99999.90 99999.90 99999.90 99999.90 99999.90 99999.90 99999.90 99999.90 99999.90 99999.90 99999.90 99999.90 99999.90 99999.90 99999.90 29.84 31.05 31.05 28.61 28.61 28.61 28.61 28.61 28.61 28.61 28.61 28.61 26.53 26.53 26.53 27.96 27.96 27.83 27.83 27.83 27.70 27.72 27.72 26.91 27.61 27.12 26.68 26.68 25.49 24.25 22.80 23.47 24.30 23.57 24.71 24.71 24.52 23.92 25.00 24.99 24.06 22.42 23.43 23.54 22.97 21.26 22.66 23.01 23.75 24.47 23.56 24.39 24.49 25.23 25.10 25.74 24.49 24.15 22.73 23.85 24.55 26.10
99999.90 99999.90 99999.90 99999.90 99999.90 99999.90 99999.90 99999.90 99999.90 99999.90 99999.90 99999.90 99999.90 99999.90 99999.90 99999.90 31.05 31.05 28.61 28.61 28.61 28.61 28.61 28.61 28.61 28.61 28.61 26.53 26.53 27.96 27.96 27.96 27.83 27.83 27.83 27.70 27.72 27.72 26.91 27.61 26.68 26.68 26.68 24.25 24.25 22.80 23.14 22.85 21.97 24.22 25.35 25.44 25.40 24.29 24.07 24.20 23.77 25.83 24.38 23.30 20.40 22.33 24.01 25.63 26.09 25.35 25.03 25.54 25.12 25.78 25.00 25.86 24.85 24.32 24.15 24.01 24.63
99999.90 99999.90 99999.90 99999.90 99999.90 99999.90 99999.90 99999.90 99999.90 99999.90 99999.90 99999.90 99999.90 99999.90 99999.90 99999.90 31.05 31.05 28.61 28.61 28.61 28.61 28.61 28.61 28.61 28.61 26.53 26.53 26.53 27.96 27.96 27.83 27.83 27.83 27.83 27.70 27.72 27.72 26.91 27.61 26.68 26.68 24.25 24.25 24.25 23.14 23.14 23.32 23.14 23.52 24.52 25.25 25.25 24.79 23.74 23.57 23.44 25.52 24.38 23.28 20.95 20.94 23.95 27.16 27.44 27.38 25.53 26.57 26.64 25.44 27.09 25.56 24.06 22.49 23.55 22.84 26.23
99999.90 99999.90 99999.90 99999.90 99999.90 99999.90 99999.90 99999.90 99999.90 99999.90 99999.90 99999.90 99999.90 99999.90 99999.90 99999.90 99999.90 29.48 28.61 28.61 28.61 28.61 28.61 28.61 28.61 28.61 26.53 26.53 27.96 27.96 27.96 27.83 27.83 27.83 27.83 27.70 27.72 27.72 26.91 27.61 26.68 26.68 24.25 24.25 23.14 23.14 23.32 23.32 22.37 22.97 24.25 25.35 25.74 24.79 23.74 23.57 23.44 25.52 24.38 23.28 23.42 24.15 25.71 28.22 29.07 28.21 28.23 27.09 27.18 27.77 27.34 26.53 24.76 22.27 22.56 23.84 24.41
99999.90 99999.90 99999.90 99999.90 99999.90 99999.90 99999.90 99999.90 99999.90 99999.90 99999.90 99999.90 99999.90 99999.90 99999.90 99999.90 99999.90 99999.90 28.61 28.61 28.61 28.61 28.61 28.61 28.61 26.53 26.53 26.53 27.96 27.96 27.83 27.83 27.83 27.83 27.83 27.70 27.72 27.72 26.91 26.68 26.68 24.25 24.25 24.25 23.14 23.32 23.32 22.37 22.37 23.60 24.63 26.19 25.74 25.74 23.74 23.57 23.44 25.52 24.38 23.42 23.42 24.15 27.78 28.43 29.06 29.46 29.03 28.45 29.11 28.98 28.94 27.44 25.94 23.88 23.38 24.15 25.37
99999.90 99999.90 99999.90 99999.90 99999.90 99999.90 99999.90 99999.90 99999.90 99999.90 99999.90 99999.90 99999.90 99999.90 99999.90 99999.90 99999.90 99999.90 28.61 28.61 28.61 28.61 28.61 28.61 28.61 26.53 26.53 27.96 27.96 27.96 27.83 27.83 27.83 27.83 27.83 27.70 27.72 27.72 26.91 26.68 26.68 24.25 24.25 23.14 23.32 23.32 22.37 22.37 23.60 23.60 24.63 25.98 25.98 25.98 25.74 23.57 23.44 25.52 23.42 23.42 23.42 27.78 27.78 28.43 29.06 29.46 29.03 28.45 29.11 28.98 28.94 29.37 28.80 26.52 25.95 26.31 25.40
99999.90 99999.90 99999.90 99999.90 99999.90 99999.90 99999.90 99999.90 99999.90 99999.90 99999.90 99999.90 99999.90 99999.90 99999.90 99999.90 99999.90 99999.90 99999.90 99999.90 26.53 26.53 26.53 26.53 26.53 26.53 26.53 27.96 27.96 27.83 27.83 27.83 27.83 27.83 27.83 27.70 27.72 27.72 26.91 26.68 24.25 24.25 24.25 23.32 23.32 22.37 22.37 23.60 23.60 23.60 25.98 25.98 25.98 25.98 25.98 23.57 23.44 25.52 23.42 23.42 27.78 27.78 27.78 28.43 29.06 29.46 29.03 28.45 29.11 28.98 29.37 29.37 28.80 29.52 27.41 27.70 28.62
99999.90 99999.90 99999.90 99999.90 99999.90 99999.90 99999.90 99999.90 99999.90 99999.90 99999.90 99999.90 99999.90 99999.90 99999.90 99999.90 99999.90 99999.90 99999.90 99999.90 99999.90 99999.90 27.96 27.96 27.96 27.96 27.96 27.96 27.96 27.83 27.83 27.83 27.83 27.83 27.83 27.70 27.72 27.72 26.68 26.68 24.25 24.25 23.32 23.32 22.37 22.37 23.60 23.60 23.60 25.98 25.98 25.98 25.98 25.98 25.98 25.98 23.44 25.52 23.42 23.42 27.78 27.78 27.78 28.43 29.06 29.46 29.03 28.45 29.11 29.37 29.37 29.37 29.52 29.52 27.41 29.76 28.78
99999.90 99999.90 99999.90 99999.90 99999.90 99999.90 99999.90 99999.90 99999.90 99999.90 99999.90 99999.90 99999.90 99999.90 99999.90 99999.90 99999.90 99999.90 99999.90 99999.90 99999.90 99999.90 99999.90 99999.90 27.83 27.83 27.83 27.83 27.83 27.83 27.83 27.83 27.83 27.83 27.83 27.70 27.72 27.72 26.68 24.25 24.25 23.32 23.32 22.37 22.37 23.60 23.60 23.60 23.60 25.98 25.98 25.98 25.98 25.98 25.98 25.98 25.98 23.42 23.42 27.78 27.78 27.78 27.78 28.43 29.06 29.46 29.03 28.45 29.11 29.37 29.37 29.52 29.52 29.52 29.76 29.76 29.07
99999.90 99999.90 99999.90 99999.90 99999.90 99999.90 99999.90 99999.90 99999.90 99999.90 99999.90 99999.90 99999.90 99999.90 99999.90 99999.90 99999.90 99999.90 99999.90 99999.90 99999.90 99999.90 99999.90 99999.90 99999.90 99999.90 99999.90 99999.90 99999.90 99999.90 99999.90 99999.90 26.68 26.68 26.68 26.68 26.68 26.68 26.68 24.25 24.25 23.32 22.37 22.37 23.60 23.60 23.60 23.60 25.98 25.98 25.98 25.98 25.98 25.98 25.98 25.98 25.98 23.42 23.42 27.78 27.78 27.78 27.78 28.43 29.06 29.46 29.03 28.45 29.11 29.37 29.37 29.52 29.52 29.76 29.76 29.07 29.07
99999.90 99999.90 99999.90 99999.90 99999.90 99999.90 99999.90 99999.90 99999.90 99999.90 99999.90 99999.90 99999.90 99999.90 99999.90 99999.90 99999.90 99999.90 99999.90 99999.90 99999.90 99999.90 99999.90 99999.90 99999.90 99999.90 99999.90 99999.90 99999.90 99999.90 99999.90 99999.90 99999.90 99999.90 24.25 24.25 24.25 24.25 24.25 24.25 23.32 22.37 22.37 23.60 23.60 23.60 23.60 23.60 25.98 25.98 25.98 25.98 25.98 25.98 25.98 25.98 25.98 23.42 27.78 27.78 27.78 27.78 27.78 28.43 29.06 29.46 29.03 28.45 29.37 29.37 29.52 29.52 29.52 29.76 29.07 29.07 29.07
99999.90 99999.90 99999.90 99999.90 99999.90 99999.90 99999.90 99999.90 99999.90 99999.90 99999.90 99999.90 99999.90 99999.90 99999.90 99999.90 99999.90 99999.90 99999.90 99999.90 99999.90 99999.90 99999.90 99999.90 99999.90 99999.90 99999.90 99999.90 99999.90 99999.90 99999.90 99999.90 99999.90 99999.90 99999.90 99999.90 23.14 23.14 23.32 23.32 22.37 22.37 23.60 23.60 23.60 23.60 23.60 25.98 25.98 25.98 25.98 25.98 25.98 25.98 25.98 25.98 25.98 25.98 27.78 27.78 27.78 27.78 27.78 28.43 29.06 29.46 29.03 28.45 29.37 29.37 29.52 29.52 29.76 29.07 29.07 29.07 29.07
99999.90 99999.90 99999.90 99999.90 99999.90 99999.90 99999.90 99999.90 99999.90 99999.90 99999.90 99999.90 99999.90 99999.90 99999.90 99999.90 99999.90 99999.90 99999.90 99999.90 99999.90 99999.90 99999.90 99999.90 99999.90 99999.90 99999.90 99999.90 99999.90 99999.90 99999.90 99999.90 99999.90 99999.90 99999.90 99999.90 99999.90 23.32 23.32 22.37 22.37 23.60 23.60 23.60 23.60 23.60 23.60 25.98 25.98 25.98 25.98 25.98 25.98 25.98 25.98 25.98 25.98 25.98 27.78 27.78 27.78 27.78 27.78 28.43 29.06 29.46 29.03 28.45 29.37 29.52 29.52 29.52 29.07 29.07 29.07 29.07 29.07
99999.90 99999.90 99999.90 99999.90 99999.90 99999.90 99999.90 99999.90 99999.90 99999.90 99999.90 99999.90 99999.90 99999.90 99999.90 99999.90 99999.90 99999.90 99999.90 99999.90 99999.90 99999.90 99999.90 99999.90 99999.90 99999.90 99999.90 99999.90 99999.90 99999.90 99999.90 99999.90 99999.90 99999.90 99999.90 99999.90 99999.90 99999.90 22.37 22.37 23.60 23.60 23.60 23.60 23.60 23.60 25.98 25.98 25.98 25.98 25.98 25.98 25.98 25.98 25.98 25.98 25.98 25.98 27.78 27.78 27.78 27.78 27.78 28.43 29.06 29.46 29.03 29.37 29.37 29.52 29.52 29.07 29.07 29.07 29.07 29.07 29.07
99999.90 99999.90 99999.90 99999.90 99999.90 99999.90 99999.90 99999.90 99999.90 99999.90 99999.90 99999.90 99999.90 99999.90 99999.90 99999.90 99999.90 99999.90 99999.90 99999.90 99999.90 99999.90 99999.90 99999.90 99999.90 99999.90 99999.90 99999.90 99999.90 99999.90 99999.90 99999.90 99999.90 99999.90 99999.90 99999.90 99999.90 99999.90 99999.90 23.60 23.60 23.60 23.60 23.60 23.60 23.60 25.98 25.98 25.98 25.98 25.98 25.98 25.98 25.98 25.98 25.98 25.98 25.98 27.78 27.78 27.78 27.78 27.78 28.43 29.06 29.46 29.03 29.37 29.52 29.52 29.07 29.07 29.07 29.07 29.07 29.07 30.39
99999.90 99999.90 99999.90 99999.90 99999.90 99999.90 99999.90 99999.90 99999.90 99999.90 99999.90 99999.90 99999.90 99999.90 99999.90 99999.90 99999.90 99999.90 99999.90 99999.90 99999.90 99999.90 99999.90 99999.90 99999.90 99999.90 99999.90 99999.90 99999.90 99999.90 99999.90 99999.90 99999.90 99999.90 99999.90 99999.90 99999.90 99999.90 99999.90 99999.90 99999.90 25.98 25.98 25.98 25.98 25.98 25.98 25.98 25.98 25.98 25.98 25.98 25.98 25.98 25.98 25.98 25.98 25.98 25.98 25.98 25.98 25.98 29.37 29.37 29.37 29.37 29.37 29.37 29.52 29.52 29.07 29.07 29.07 29.07 29.07 29.07 30.39
