main/data/irradiance/03.11.2023.grid
ncols 839
nrows 679
xllcenter 112.0500
yllcenter -43.9500
cellsize 0.0500
nodata_value 99999.90
[rows 136 to 169 of 679, columns 308 to 384 of 839]
27.52 27.21 27.83 27.63 27.44 26.70 28.33 27.98 27.46 26.59 26.09 27.71 25.96 27.10 26.07 25.68 26.40 26.80 25.70 25.79 25.58 26.49 26.68 26.33 26.65 25.81 24.79 25.77 25.73 27.89 27.39 27.53 27.29 27.50 26.93 27.14 27.00 27.91 27.86 25.08 27.23 28.03 27.70 26.92 27.59 27.38 27.50 28.36 28.06 28.20 28.46 28.25 28.22 28.29 28.19 28.18 28.36 28.39 28.30 28.39 28.47 28.51 28.54 28.50 28.55 28.54 28.50 28.50 28.53 28.56 28.61 28.67 28.70 28.60 28.50 28.42 28.37
26.56 26.69 27.38 27.13 27.74 27.18 27.32 26.83 26.90 26.76 26.81 27.38 27.07 27.25 26.17 25.64 26.54 26.31 25.69 25.77 27.23 26.98 26.49 25.85 25.82 25.63 24.65 24.51 25.95 27.13 26.57 27.61 27.37 27.34 26.94 27.58 27.81 27.72 26.02 27.02 27.57 27.49 27.16 27.11 27.98 27.65 28.11 28.44 27.62 28.18 28.40 28.00 27.94 27.90 28.14 28.02 28.30 28.17 28.42 28.50 28.50 28.52 28.55 28.60 28.65 28.60 28.60 28.62 28.60 28.59 28.67 28.69 28.70 28.64 28.63 28.52 28.12
27.93 27.43 27.89 27.26 27.88 27.76 26.98 27.80 27.19 26.59 28.06 27.70 27.90 27.72 26.82 27.48 28.05 27.31 25.95 26.04 27.32 27.86 26.79 26.77 26.25 27.19 27.56 27.44 27.47 27.55 26.87 27.67 27.15 27.15 26.80 27.44 27.08 27.71 27.11 27.32 27.83 28.22 28.10 27.90 27.65 27.72 28.00 27.81 28.34 27.58 28.07 27.85 27.84 27.69 27.94 28.34 28.33 28.26 28.40 28.50 28.54 28.60 28.62 28.64 28.73 28.63 28.57 28.59 28.58 28.56 28.66 28.65 28.64 28.62 28.61 28.45 28.50
27.84 27.29 27.74 26.16 25.93 27.12 27.72 27.48 27.13 27.54 27.49 27.41 27.18 26.99 26.77 28.03 27.55 27.47 26.78 26.03 27.15 28.46 28.14 28.13 27.41 27.75 27.85 28.12 27.87 28.23 27.36 27.32 26.01 25.34 26.81 27.38 27.33 28.04 27.78 26.90 28.01 27.60 28.25 27.94 27.42 28.34 27.73 27.96 28.03 27.96 28.14 27.67 28.06 27.91 28.18 28.22 28.22 28.23 28.29 28.31 28.47 28.61 28.60 28.69 28.67 28.65 28.54 28.55 28.49 28.48 28.67 28.66 28.66 28.57 28.53 28.64 28.58
26.13 25.50 27.32 27.52 27.00 27.19 27.20 26.70 27.39 27.14 27.81 27.17 27.18 26.85 27.08 26.70 27.89 27.57 27.75 27.70 28.27 28.29 28.21 28.29 27.78 27.87 27.16 27.40 26.87 27.69 27.57 26.72 27.74 26.85 27.47 27.07 27.06 27.20 27.25 27.18 27.84 27.03 28.03 27.42 27.81 28.03 27.98 28.24 27.86 27.97 27.97 28.32 27.43 28.01 27.88 28.21 28.11 28.03 28.10 28.28 28.38 28.56 28.58 28.54 28.61 28.62 28.56 28.61 28.50 28.48 28.65 28.60 28.63 28.56 28.56 28.60 28.58
26.39 25.78 25.45 27.78 27.56 27.48 27.06 26.78 27.34 27.23 27.57 27.17 27.89 27.43 27.23 27.76 27.80 28.31 28.14 28.09 28.25 28.47 28.28 27.93 27.75 27.35 26.89 27.02 26.24 27.28 27.21 27.06 26.27 25.78 24.81 26.07 27.11 27.21 28.08 26.36 27.73 27.74 27.76 27.95 27.60 28.30 28.10 28.41 27.90 28.25 27.91 28.23 28.00 27.98 27.99 28.27 28.14 28.11 28.38 28.41 28.32 28.57 28.51 28.59 28.58 28.58 28.65 28.56 28.69 28.59 28.63 28.59 28.63 28.58 28.66 28.47 28.51
26.81 27.13 27.24 26.31 27.29 27.24 27.05 27.34 28.05 28.04 28.15 27.94 27.87 28.01 28.21 27.89 27.94 28.32 28.30 28.18 28.37 28.44 28.17 28.22 28.00 27.54 27.45 26.75 27.46 26.90 26.83 26.36 26.61 25.21 25.37 26.01 27.73 27.01 26.81 27.54 27.03 27.59 26.80 27.60 27.67 28.23 27.94 28.33 28.33 28.26 28.47 28.41 28.12 28.01 28.07 28.16 28.16 28.09 28.40 28.48 28.48 28.37 28.41 28.61 28.55 28.63 28.67 28.64 28.70 28.62 28.62 28.57 28.61 28.59 28.66 28.50 28.54
24.84 27.61 27.76 27.28 27.10 27.02 27.56 27.86 27.81 27.85 27.13 27.70 28.29 28.18 28.18 28.09 28.36 28.33 28.19 28.18 28.38 28.54 28.49 28.37 28.04 27.91 27.40 27.60 27.21 27.02 27.44 28.07 27.83 27.65 28.31 27.62 27.45 27.52 27.23 26.94 28.45 28.12 27.74 27.96 28.11 27.84 28.60 27.76 28.29 28.28 28.29 28.53 28.23 28.23 28.17 28.07 28.07 28.07 28.06 27.81 28.13 28.37 28.56 28.54 28.61 28.67 28.67 28.65 28.61 28.58 28.61 28.64 28.63 28.59 28.67 28.66 28.66
27.00 26.79 27.18 27.03 27.19 28.15 27.67 27.91 27.77 27.71 28.05 28.22 28.33 28.11 28.12 28.24 28.32 28.38 28.30 28.44 28.50 28.52 28.50 28.45 28.41 28.06 28.06 27.85 27.07 27.03 27.44 27.81 28.27 28.52 28.47 28.03 28.08 28.49 28.03 28.23 28.43 28.26 27.54 27.76 27.71 27.09 27.63 27.95 28.18 28.59 28.62 28.06 28.33 28.21 28.14 28.14 28.05 28.09 27.95 27.95 27.94 28.11 28.26 28.56 28.34 28.51 28.66 28.71 28.66 28.74 28.63 28.66 28.66 28.67 28.66 28.70 28.70
27.85 27.38 28.00 27.66 27.59 28.15 27.74 27.75 27.82 28.16 28.19 28.48 28.47 28.19 28.06 28.28 28.41 28.32 28.40 28.49 28.53 28.45 28.44 28.31 28.56 28.24 28.50 28.40 27.74 26.92 27.31 28.11 28.15 28.60 28.16 26.90 28.32 28.40 27.42 28.19 28.24 27.97 27.33 27.84 27.75 27.60 27.54 28.38 28.37 28.49 28.56 28.16 28.17 28.16 28.13 28.09 28.12 28.14 28.05 28.00 28.11 28.11 28.18 28.01 28.04 28.01 28.37 28.69 28.71 28.74 28.70 28.60 28.74 28.71 28.73 28.72 28.71
28.13 28.20 28.09 28.08 27.86 28.36 28.23 28.39 28.22 28.03 28.11 28.07 28.46 28.27 28.32 28.34 28.45 28.52 28.38 28.49 28.43 28.53 28.51 28.32 28.31 28.04 28.25 27.76 27.40 28.02 28.38 27.97 28.44 28.53 28.16 28.05 27.59 27.46 26.74 27.14 27.97 27.66 27.60 28.19 27.37 27.82 28.22 27.92 28.16 28.45 28.33 28.22 28.21 28.15 28.13 28.12 28.05 28.00 28.07 28.14 28.05 28.08 28.04 28.01 28.02 28.02 28.17 28.20 28.20 28.76 28.70 28.71 28.76 28.71 28.73 28.68 28.63
28.24 28.29 28.06 27.98 27.94 28.26 28.20 28.44 28.25 28.25 28.17 28.11 28.39 28.38 28.55 28.48 28.58 28.58 28.52 28.27 28.25 28.41 28.51 27.94 27.58 28.14 28.34 28.39 28.51 28.59 28.32 27.95 28.29 28.18 28.25 27.67 27.88 28.11 27.93 27.82 27.84 28.07 28.20 28.21 28.17 28.08 28.32 28.36 28.39 28.50 28.44 28.32 28.19 28.22 28.16 28.17 28.13 28.03 28.03 28.06 28.14 28.06 28.02 28.23 28.28 28.19 28.32 28.44 28.52 28.70 28.81 28.77 28.79 28.74 28.75 28.71 28.73
27.86 28.15 28.62 28.56 28.36 28.47 28.40 28.49 28.29 28.17 28.22 28.50 28.45 28.51 28.55 28.59 28.53 28.64 28.54 28.53 28.51 28.30 28.52 27.91 28.00 27.61 27.79 28.39 28.22 28.33 27.79 27.85 27.62 28.27 28.12 28.53 28.41 28.30 27.09 27.51 28.53 27.39 28.05 28.15 28.41 28.22 28.30 28.33 28.48 28.20 28.33 28.28 28.36 28.17 28.10 28.10 28.14 28.10 28.10 27.95 28.07 28.00 28.04 28.08 28.27 28.40 28.52 28.43 28.65 28.76 28.81 28.79 28.77 28.75 28.74 28.68 28.71
27.22 28.20 28.56 28.35 28.37 28.30 28.43 28.51 28.41 28.41 28.44 28.46 28.49 28.45 28.51 28.30 28.54 28.58 28.40 28.53 28.52 27.79 28.41 28.48 28.34 27.57 27.23 27.42 27.89 27.97 28.32 28.28 28.39 28.50 27.93 27.38 26.91 27.52 27.63 27.14 27.82 28.33 27.77 28.32 28.38 28.40 28.59 28.47 28.30 28.51 28.51 28.43 28.39 28.30 28.38 28.26 28.32 28.25 27.96 28.00 28.08 28.14 28.09 28.20 28.34 28.28 28.28 28.56 28.72 28.80 28.79 28.77 28.77 28.75 28.77 28.75 28.73
27.72 28.27 28.66 28.56 28.42 28.31 28.29 28.47 28.53 28.32 28.40 28.51 28.47 28.32 28.41 28.58 28.53 28.39 28.45 28.35 28.18 27.04 27.95 27.56 27.90 26.78 27.11 27.31 27.37 28.43 27.31 27.30 27.29 27.07 27.49 26.07 27.36 27.59 27.90 28.14 27.97 28.03 27.89 27.74 28.25 28.10 28.48 28.16 28.27 28.33 28.43 28.46 28.44 28.41 28.36 28.03 27.99 27.95 27.85 27.90 27.95 28.04 28.21 28.45 28.43 28.50 28.57 28.59 28.56 28.62 28.68 28.69 28.79 28.78 28.79 28.78 28.72
28.37 27.83 28.06 28.61 28.60 28.31 28.30 28.17 28.38 28.09 28.50 28.54 28.30 28.31 28.52 28.52 28.38 28.02 28.28 28.29 28.27 28.39 28.38 28.23 28.02 27.95 27.44 27.77 27.25 27.31 27.14 26.85 26.92 26.32 26.91 26.41 27.63 28.23 26.76 27.22 27.94 28.32 28.04 28.14 28.21 28.38 28.37 28.33 28.35 28.47 28.50 28.51 28.45 28.26 28.16 28.04 27.91 28.01 28.21 28.05 28.00 28.10 28.25 28.31 28.38 28.26 28.60 28.57 28.70 28.66 28.64 28.56 28.63 28.71 28.75 28.68 28.76
27.99 27.90 28.07 28.38 28.49 28.18 28.54 28.62 28.55 28.40 28.18 28.47 28.40 28.50 28.48 28.45 28.17 28.05 28.36 28.44 28.19 28.42 28.55 27.82 28.20 28.00 28.14 28.16 27.93 26.86 27.75 27.07 27.38 27.60 27.34 27.14 26.36 27.69 27.41 26.69 26.16 28.50 28.08 28.28 28.24 28.35 28.37 28.32 28.29 28.39 28.54 28.56 28.59 28.35 28.10 28.17 28.10 28.09 28.03 27.94 28.20 28.21 28.29 28.31 28.25 28.51 28.51 28.69 28.67 28.55 28.46 28.60 28.71 28.70 28.70 28.76 28.60
28.26 28.47 28.25 28.06 28.38 28.25 28.69 28.67 28.53 28.48 28.48 28.50 28.44 28.49 28.42 28.30 28.42 28.38 28.52 28.12 28.64 27.47 27.94 28.49 28.19 28.03 27.62 28.17 28.44 28.11 28.22 27.57 28.03 27.83 27.84 27.40 26.92 26.37 27.10 26.54 27.07 28.07 28.20 28.27 28.34 28.18 28.42 28.30 28.47 28.45 28.47 28.55 28.67 28.65 28.41 28.25 28.09 28.15 28.10 28.04 28.22 28.31 28.48 28.49 28.60 28.68 28.65 28.61 28.58 28.49 28.54 28.77 28.74 28.71 28.68 28.58 28.52
28.37 28.49 28.21 28.02 28.20 28.53 28.69 28.61 28.50 28.50 28.59 28.53 28.55 28.51 28.62 28.44 28.24 28.54 28.41 28.58 28.35 28.34 28.52 28.64 28.12 27.64 27.98 28.46 27.26 28.08 27.69 27.74 27.96 28.27 28.22 28.22 27.28 28.09 28.50 27.86 27.27 27.40 27.30 27.69 28.19 28.21 28.46 28.46 28.57 28.39 28.51 28.51 28.61 28.62 28.66 28.30 28.14 28.33 28.21 28.30 28.53 28.53 28.49 28.47 28.63 28.68 28.66 28.52 28.66 28.47 28.44 28.19 28.44 28.43 28.73 28.45 28.53
27.79 28.55 28.76 28.45 28.55 28.64 28.67 28.62 28.56 28.57 28.58 28.59 28.47 28.62 28.55 28.39 28.37 28.66 28.64 28.52 28.47 28.68 28.65 28.62 28.61 28.02 27.92 27.85 26.97 27.55 28.04 28.31 28.16 28.02 28.34 28.15 28.11 28.40 28.59 28.43 27.35 27.35 27.90 28.31 28.47 28.45 28.36 28.47 28.54 28.38 28.44 28.46 28.63 28.63 28.62 28.63 28.59 28.50 28.27 28.56 28.59 28.59 28.59 28.55 28.58 28.65 28.48 28.59 28.66 28.67 28.51 28.42 28.51 28.36 28.49 28.49 28.41
28.06 28.19 28.45 28.67 28.63 28.66 28.55 28.63 28.49 28.59 28.58 28.56 28.59 28.62 28.63 28.56 28.63 28.56 28.66 28.62 28.21 28.52 28.62 28.58 28.47 28.49 28.13 27.08 27.98 28.43 28.17 27.35 27.90 28.03 27.86 27.77 27.69 28.02 28.11 27.89 28.51 28.62 28.66 28.65 28.54 28.52 28.60 28.61 28.48 28.39 28.45 28.44 28.51 28.53 28.62 28.67 28.66 28.65 28.56 28.58 28.66 28.65 28.48 28.59 28.59 28.56 28.54 28.38 28.67 28.60 28.65 28.60 28.60 28.51 28.38 28.66 28.55
28.01 28.56 28.22 28.69 28.07 28.60 28.45 28.34 28.27 28.34 28.59 28.55 28.62 28.62 28.61 28.62 28.58 28.63 28.58 28.68 28.72 28.43 28.60 28.48 28.59 28.63 28.65 28.28 28.46 28.28 28.10 27.79 27.95 28.14 27.74 27.57 26.13 25.53 28.36 28.00 28.07 28.45 28.52 28.69 28.64 28.66 28.46 28.48 28.42 28.52 28.50 28.49 28.54 28.48 28.58 28.63 28.67 28.66 28.59 28.57 28.59 28.58 28.62 28.60 28.30 28.60 28.35 28.17 28.31 28.52 28.50 28.57 28.56 28.57 28.59 28.54 28.66
28.06 28.59 28.53 28.46 28.46 28.36 28.58 28.73 28.09 28.38 28.61 28.59 28.63 28.63 28.60 28.60 28.23 28.47 28.64 28.70 28.68 28.69 28.58 28.56 28.60 28.60 28.56 28.34 28.53 28.29 27.90 27.54 28.02 27.81 27.06 27.84 28.08 28.14 28.65 28.29 28.40 28.30 28.72 28.42 28.18 28.02 28.69 28.52 28.40 28.40 28.48 28.57 28.58 28.45 28.47 28.32 28.34 28.67 28.63 28.53 28.54 28.57 28.64 28.57 28.45 28.52 28.15 28.03 28.15 28.25 28.34 28.49 28.55 28.50 28.60 28.59 28.67
27.82 28.05 28.09 28.53 27.99 28.30 28.55 28.60 28.52 28.66 28.55 28.53 28.65 28.62 28.43 28.52 28.58 28.41 28.68 28.63 28.64 28.67 28.44 28.45 28.68 28.70 28.60 28.43 28.61 28.37 28.35 28.20 27.99 27.24 27.31 28.54 28.60 28.71 28.73 28.47 28.39 28.17 28.24 28.44 28.46 28.26 28.56 28.54 28.37 28.57 28.58 28.47 28.34 28.12 28.12 28.16 28.24 28.19 28.41 28.33 28.36 28.50 28.61 28.61 28.34 28.34 28.40 28.00 27.99 28.16 28.39 28.49 28.54 28.57 28.57 28.62 28.48
27.93 28.59 28.09 28.50 28.33 28.34 28.34 28.40 28.58 28.41 28.48 28.62 28.64 28.53 28.35 28.56 28.57 28.62 28.63 28.60 28.67 28.62 28.65 28.50 28.51 28.46 27.74 27.93 28.59 28.07 28.30 28.33 27.99 28.10 28.23 28.45 28.68 28.73 28.58 28.53 28.59 28.42 28.38 28.59 28.65 28.44 28.53 28.50 28.66 28.63 28.56 28.40 28.47 28.36 28.19 28.16 28.15 28.19 28.35 28.27 28.05 28.39 28.52 28.67 28.50 28.22 28.48 28.22 28.07 28.02 28.35 28.40 28.28 28.46 28.54 28.58 28.71
28.52 28.51 28.23 28.25 28.05 27.72 28.03 28.09 28.55 28.56 28.48 28.49 28.37 28.55 28.53 28.37 28.62 28.21 28.64 28.54 28.67 28.53 28.63 28.46 28.23 27.93 28.05 28.03 27.64 28.14 28.10 28.18 28.02 28.04 28.33 28.60 28.68 28.61 28.62 28.41 28.49 28.37 28.54 28.46 28.38 28.41 28.27 28.61 28.62 28.66 28.56 28.37 28.18 28.17 28.04 28.03 28.08 28.14 28.21 28.26 28.12 28.22 28.52 28.39 28.52 28.31 28.29 28.35 28.35 28.18 28.09 28.04 28.22 28.39 28.42 28.37 28.63
28.25 28.30 28.39 28.20 27.77 27.45 27.55 28.19 28.56 28.51 28.53 28.14 28.48 28.48 28.40 28.48 28.47 28.06 28.66 28.78 28.51 28.62 28.59 28.34 28.23 27.99 27.94 27.88 27.55 28.10 28.05 27.90 27.97 28.06 28.37 28.57 28.52 28.42 27.36 26.81 26.65 27.11 27.81 28.32 28.28 28.23 28.19 28.51 28.58 28.52 28.54 28.29 28.17 28.21 28.31 28.33 28.27 28.17 28.13 28.20 28.13 28.47 28.34 27.82 28.18 27.90 28.16 28.45 28.65 28.50 28.31 28.19 28.03 27.77 28.17 28.22 28.19
28.24 27.81 28.18 28.04 27.24 27.43 27.70 27.93 28.50 28.34 28.39 28.38 28.55 28.28 28.39 27.99 28.49 28.66 28.54 28.57 28.39 28.40 28.30 28.28 28.17 27.98 27.86 27.37 27.62 27.78 27.90 27.39 27.42 27.51 26.78 26.54 27.69 28.01 27.58 27.20 26.28 26.16 26.08 26.84 27.48 28.04 28.76 28.42 28.37 28.51 28.37 28.18 28.01 28.30 28.30 28.21 28.37 28.17 28.12 28.20 28.31 28.31 28.23 27.61 28.31 28.33 28.30 28.40 28.37 28.13 28.33 28.29 28.07 27.80 27.91 28.30 28.24
28.30 28.21 28.35 28.14 26.90 27.28 27.78 28.21 28.49 28.25 28.17 28.44 28.29 28.13 27.60 28.55 28.64 28.30 28.38 28.13 27.81 28.02 28.37 28.28 28.19 27.72 27.62 26.68 27.59 27.72 27.23 26.79 27.14 26.76 25.96 25.62 26.92 27.13 27.12 27.66 26.89 26.94 26.46 27.31 27.64 27.52 28.45 28.07 27.88 27.90 28.26 28.04 27.92 28.16 28.09 28.12 28.16 28.04 27.80 28.21 28.19 28.05 27.97 28.20 28.28 28.35 28.40 28.27 27.97 27.99 27.70 28.25 27.74 27.97 27.89 28.28 28.25
28.63 28.51 28.16 27.90 27.50 27.85 27.70 28.22 28.20 28.32 28.12 27.84 28.28 27.72 27.49 27.60 28.06 28.40 28.64 28.31 27.83 27.83 28.10 27.82 27.80 27.51 27.60 27.56 27.49 27.67 26.82 26.80 27.25 26.40 26.20 26.22 26.31 26.76 27.01 27.65 27.84 28.27 27.48 27.61 27.51 28.20 28.22 27.74 27.46 27.31 27.37 27.86 27.81 28.11 27.91 28.25 28.24 28.15 28.08 28.28 28.26 27.78 27.95 28.21 28.31 28.40 28.32 28.29 28.09 27.85 27.94 27.73 27.97 27.50 27.55 28.27 28.49
28.54 28.31 27.77 27.76 27.96 27.96 28.02 27.69 27.96 27.93 28.01 28.04 27.81 28.05 26.59 26.72 27.74 27.85 28.20 28.25 27.98 27.89 27.50 27.06 27.01 27.83 27.39 27.35 27.27 27.10 27.67 27.85 28.08 27.31 26.47 25.78 26.06 26.82 26.44 27.38 27.98 28.07 27.48 27.53 27.40 27.31 28.33 27.50 27.15 26.78 27.04 28.13 28.38 28.01 27.69 28.19 27.93 28.38 28.31 28.12 28.46 28.40 28.28 28.20 28.08 28.37 28.32 28.01 28.01 27.91 28.11 28.02 27.71 27.93 27.47 28.27 28.51
27.01 27.49 27.84 27.87 28.18 28.13 27.86 27.73 28.41 28.45 28.17 27.96 28.11 27.83 26.82 26.80 26.85 27.58 27.58 28.09 28.22 27.94 27.80 27.99 27.26 27.44 27.39 27.47 27.33 27.33 27.35 27.72 27.46 27.61 27.20 26.53 26.51 27.47 27.43 27.28 27.30 27.24 27.72 27.62 27.45 26.24 27.16 27.05 27.35 27.96 27.57 28.35 28.39 27.98 27.79 27.83 27.44 28.33 28.34 28.23 28.36 28.32 28.23 28.30 28.24 28.36 28.24 28.16 28.29 28.22 27.86 27.62 27.68 27.21 27.43 27.49 27.89
27.44 27.43 28.06 27.48 27.85 27.98 27.51 27.99 27.91 27.76 28.13 27.83 27.98 27.56 27.35 27.24 28.07 28.16 28.21 27.53 27.66 27.55 27.80 28.28 27.91 27.70 27.19 27.33 27.47 27.39 27.04 27.22 27.28 27.25 27.22 26.86 26.96 27.53 28.01 26.76 26.81 26.88 26.95 25.97 26.21 26.46 26.06 25.17 25.06 26.86 27.08 27.82 27.69 27.60 27.45 27.78 28.04 28.30 28.25 27.99 28.17 28.15 28.20 28.26 28.41 28.43 28.60 28.41 28.50 28.35 28.13 27.71 27.35 27.59 27.99 27.35 27.23
27.71 27.16 28.01 27.83 27.89 27.86 27.99 27.91 27.24 26.99 27.68 27.35 26.94 27.10 27.51 27.54 27.90 28.02 28.39 27.82 27.12 26.53 27.03 27.38 27.70 27.31 27.53 27.76 27.50 27.08 26.66 26.71 26.57 27.05 27.19 27.51 27.57 27.72 27.73 27.43 27.87 27.28 26.23 25.93 26.06 25.81 25.84 25.03 25.08 26.17 26.16 26.37 26.39 26.99 27.48 27.66 27.65 27.86 27.75 28.11 27.96 27.90 28.06 28.15 28.35 27.89 28.37 28.48 28.46 28.40 28.15 27.79 27.13 27.79 28.02 27.92 27.82
