main/data/irradiance/04.09.2023.grid
ncols 839
nrows 679
xllcenter 112.0500
yllcenter -43.9500
cellsize 0.0500
nodata_value 99999.90
[rows 170 to 203 of 679, columns 154 to 230 of 839]
99999.90 99999.90 99999.90 99999.90 99999.90 99999.90 99999.90 99999.90 99999.90 99999.90 99999.90 99999.90 99999.90 99999.90 99999.90 99999.90 99999.90 99999.90 99999.90 99999.90 99999.90 99999.90 99999.90 99999.90 99999.90 99999.90 22.95 23.02 23.08 23.08 23.08 23.08 23.08 23.08 23.08 23.08 23.08 23.17 23.17 23.17 23.17 23.17 23.03 23.03 22.96 22.99 23.00 22.97 22.96 22.95 22.93 22.97 22.99 22.93 22.92 22.92 22.92 22.83 22.84 22.91 22.85 22.92 22.90 22.88 22.94 22.91 22.93 22.97 22.95 22.97 22.91 22.90 22.84 22.74 22.78 22.75 22.80
99999.90 99999.90 99999.90 99999.90 99999.90 99999.90 99999.90 99999.90 99999.90 99999.90 99999.90 99999.90 99999.90 99999.90 99999.90 99999.90 99999.90 99999.90 99999.90 99999.90 99999.90 99999.90 99999.90 99999.90 99999.90 99999.90 22.95 23.02 23.08 23.08 23.08 23.08 23.08 23.08 23.08 23.08 23.08 23.08 23.09 23.14 23.14 23.14 22.81 22.77 23.02 23.04 22.95 22.95 22.93 22.99 23.01 22.93 22.93 22.94 22.90 22.93 22.91 22.86 22.88 22.92 22.89 22.86 22.85 22.85 22.90 22.96 22.94 22.95 22.98 22.99 22.97 22.95 22.92 22.82 22.81 22.79 22.84
99999.90 99999.90 99999.90 99999.90 99999.90 99999.90 99999.90 99999.90 99999.90 99999.90 99999.90 99999.90 99999.90 99999.90 99999.90 99999.90 99999.90 99999.90 99999.90 99999.90 99999.90 99999.90 99999.90 99999.90 99999.90 22.98 22.95 23.02 23.08 23.08 23.08 23.08 23.08 23.08 23.08 23.08 23.08 23.08 23.08 23.09 23.13 23.13 22.73 22.93 23.02 23.01 22.99 23.00 22.91 22.86 22.67 22.59 22.63 22.55 22.57 22.70 22.69 22.82 22.74 22.66 22.63 22.66 22.62 22.87 22.90 22.93 22.92 22.92 22.95 22.93 22.92 22.89 22.88 22.80 22.84 22.86 22.86
99999.90 99999.90 99999.90 99999.90 99999.90 99999.90 99999.90 99999.90 99999.90 99999.90 99999.90 99999.90 99999.90 99999.90 99999.90 99999.90 99999.90 99999.90 99999.90 99999.90 99999.90 99999.90 99999.90 99999.90 22.73 22.98 22.95 23.02 23.08 23.08 23.08 23.08 23.08 23.08 23.08 23.08 23.08 23.08 23.08 23.09 23.09 22.97 22.97 22.94 22.95 22.99 22.98 22.95 22.88 22.84 22.79 22.69 22.65 22.56 22.30 22.35 22.43 22.55 22.46 22.36 22.35 22.41 22.51 22.83 22.88 22.89 22.89 22.94 22.95 22.96 22.97 22.96 22.90 22.76 22.83 22.79 22.80
99999.90 99999.90 99999.90 99999.90 99999.90 99999.90 99999.90 99999.90 99999.90 99999.90 99999.90 99999.90 99999.90 99999.90 99999.90 99999.90 99999.90 99999.90 99999.90 99999.90 99999.90 99999.90 99999.90 99999.90 22.73 22.73 22.95 23.02 23.02 23.02 23.08 23.08 23.08 23.08 23.08 23.08 23.08 23.08 23.08 23.13 23.00 22.95 22.85 22.80 22.88 22.86 22.86 22.81 22.77 22.67 22.62 22.61 22.67 22.55 22.46 22.39 22.39 22.46 22.46 22.40 22.37 22.52 22.76 22.87 22.90 22.88 22.84 22.90 22.94 22.96 22.94 22.94 22.84 22.81 22.78 22.78 22.79
99999.90 99999.90 99999.90 99999.90 99999.90 99999.90 99999.90 99999.90 99999.90 99999.90 99999.90 99999.90 99999.90 99999.90 99999.90 99999.90 99999.90 99999.90 99999.90 99999.90 99999.90 99999.90 99999.90 22.93 22.73 22.73 22.95 22.95 22.95 23.02 23.02 23.02 23.02 23.02 23.08 23.08 23.08 23.08 23.08 22.94 23.03 22.92 22.80 22.58 22.56 22.66 22.65 22.63 22.67 22.58 22.56 22.63 22.74 22.67 22.66 22.60 22.53 22.48 22.51 22.54 22.54 22.59 22.63 22.83 22.88 22.82 22.72 22.67 22.79 22.90 22.93 22.91 22.88 22.87 22.89 22.90 22.77
99999.90 99999.90 99999.90 99999.90 99999.90 99999.90 99999.90 99999.90 99999.90 99999.90 99999.90 99999.90 99999.90 99999.90 99999.90 99999.90 99999.90 99999.90 99999.90 99999.90 99999.90 99999.90 22.92 22.93 22.73 22.73 22.73 22.95 22.95 22.95 22.95 23.02 23.02 23.02 23.02 23.02 23.08 23.08 23.08 22.79 22.71 22.68 22.64 22.59 22.70 22.60 22.53 22.76 22.71 22.67 22.62 22.58 22.61 22.63 22.67 22.53 22.53 22.44 22.41 22.43 22.41 22.46 22.43 22.52 22.54 22.47 22.49 22.47 22.53 22.64 22.85 22.90 22.89 22.93 22.91 22.85 22.77
99999.90 99999.90 99999.90 99999.90 99999.90 99999.90 99999.90 99999.90 99999.90 99999.90 99999.90 99999.90 99999.90 99999.90 99999.90 99999.90 99999.90 99999.90 99999.90 99999.90 99999.90 22.85 22.92 22.92 22.73 22.73 22.73 22.73 22.73 22.95 22.95 22.95 22.95 23.02 23.02 23.02 23.02 22.98 22.98 22.92 22.64 22.45 22.52 22.59 22.64 22.78 22.65 22.72 22.78 22.80 22.77 22.75 22.76 22.62 22.53 22.41 22.45 22.45 22.35 22.39 22.43 22.50 22.42 22.41 22.49 22.48 22.44 22.44 22.50 22.56 22.68 22.58 22.62 22.72 22.80 22.90 22.91
99999.90 99999.90 99999.90 99999.90 99999.90 99999.90 99999.90 99999.90 99999.90 99999.90 99999.90 99999.90 99999.90 99999.90 99999.90 99999.90 99999.90 99999.90 99999.90 99999.90 22.79 22.85 22.85 22.92 22.73 22.73 22.73 22.73 22.73 22.73 22.95 22.95 22.95 22.95 22.95 23.02 23.02 23.02 22.82 22.87 22.58 22.40 22.53 22.62 22.54 22.73 22.63 22.67 22.70 22.76 22.79 22.77 22.69 22.57 22.54 22.49 22.51 22.46 22.52 22.51 22.47 22.43 22.44 22.41 22.43 22.44 22.42 22.49 22.48 22.51 22.50 22.39 22.38 22.34 22.44 22.55 22.75
99999.90 99999.90 99999.90 99999.90 99999.90 99999.90 99999.90 99999.90 99999.90 99999.90 99999.90 99999.90 99999.90 99999.90 99999.90 99999.90 99999.90 99999.90 99999.90 22.86 22.79 22.79 22.85 22.85 22.92 22.73 22.73 22.73 22.73 22.73 22.73 22.98 22.95 22.95 22.95 22.95 22.91 22.91 22.90 23.01 22.85 22.65 22.54 22.74 22.65 22.68 22.52 22.62 22.60 22.63 22.65 22.69 22.58 22.50 22.46 22.49 22.46 22.43 22.46 22.47 22.55 22.50 22.37 22.42 22.47 22.41 22.45 22.46 22.50 22.50 22.46 22.35 22.36 22.35 22.38 22.40 22.42
99999.90 99999.90 99999.90 99999.90 99999.90 99999.90 99999.90 99999.90 99999.90 99999.90 99999.90 99999.90 99999.90 99999.90 99999.90 99999.90 99999.90 99999.90 22.79 22.86 22.86 22.79 22.79 22.85 22.85 22.92 22.92 22.73 22.73 22.73 22.73 22.73 22.98 22.98 22.95 22.95 22.95 22.95 22.93 22.91 22.89 22.82 22.80 22.77 22.66 22.63 22.63 22.58 22.53 22.60 22.52 22.53 22.54 22.44 22.44 22.53 22.42 22.38 22.35 22.36 22.42 22.50 22.44 22.29 22.31 22.33 22.39 22.42 22.41 22.42 22.29 22.32 22.36 22.40 22.48 22.52 22.45
99999.90 99999.90 99999.90 99999.90 99999.90 99999.90 99999.90 99999.90 99999.90 99999.90 99999.90 99999.90 99999.90 99999.90 99999.90 99999.90 22.89 22.89 22.89 22.89 22.89 22.89 22.79 22.79 22.85 22.85 22.92 22.92 22.73 22.73 22.73 22.73 22.73 22.98 22.98 22.82 22.82 22.90 22.89 22.82 22.87 22.84 22.77 22.77 22.80 22.81 22.77 22.73 22.66 22.64 22.60 22.56 22.49 22.43 22.46 22.48 22.42 22.42 22.33 22.29 22.41 22.40 22.34 22.35 22.26 22.25 22.31 22.40 22.38 22.29 22.32 22.26 22.39 22.44 22.46 22.57 22.57
99999.90 99999.90 99999.90 99999.90 99999.90 99999.90 99999.90 99999.90 99999.90 99999.90 99999.90 99999.90 99999.90 99999.90 22.55 22.55 22.55 22.55 22.55 22.55 22.55 22.89 22.89 22.79 22.79 22.85 22.85 22.92 22.92 22.93 22.73 22.73 22.73 22.73 22.98 22.98 22.82 22.81 22.85 22.84 22.85 22.88 22.82 22.86 22.81 22.82 22.82 22.81 22.81 22.67 22.66 22.63 22.62 22.50 22.51 22.45 22.43 22.39 22.42 22.33 22.35 22.33 22.34 22.31 22.29 22.29 22.31 22.36 22.38 22.31 22.35 22.27 22.33 22.41 22.44 22.51 22.58
99999.90 99999.90 99999.90 99999.90 99999.90 99999.90 99999.90 99999.90 99999.90 99999.90 99999.90 99999.90 22.72 22.72 22.72 22.72 22.72 22.72 22.72 22.55 22.55 22.89 22.89 22.86 22.79 22.79 22.85 22.85 22.92 22.92 22.93 22.93 22.73 22.73 22.73 22.80 22.88 22.95 22.85 22.85 22.88 22.87 22.93 22.94 22.78 22.77 22.85 22.82 22.80 22.75 22.72 22.63 22.54 22.46 22.43 22.44 22.44 22.49 22.46 22.44 22.39 22.42 22.44 22.42 22.34 22.33 22.42 22.39 22.44 22.55 22.55 22.49 22.52 22.58 22.62 22.69 22.66
99999.90 99999.90 99999.90 99999.90 99999.90 99999.90 99999.90 99999.90 99999.90 99999.90 22.77 22.77 22.77 22.77 22.77 22.77 22.77 22.72 22.72 22.55 22.55 22.55 22.89 22.89 22.86 22.79 22.79 22.85 22.85 22.92 22.92 22.93 22.93 23.01 23.01 22.84 22.87 22.88 22.79 22.84 22.80 22.87 22.92 22.91 22.83 22.90 22.89 22.91 22.85 22.84 22.84 22.81 22.67 22.64 22.49 22.51 22.56 22.56 22.58 22.56 22.52 22.56 22.52 22.49 22.49 22.48 22.47 22.42 22.48 22.51 22.53 22.60 22.65 22.67 22.67 22.65 22.72
99999.90 99999.90 99999.90 99999.90 99999.90 99999.90 99999.90 22.72 22.72 22.72 22.72 22.72 22.72 22.72 22.72 22.72 22.77 22.72 22.72 22.72 22.55 22.55 22.89 22.89 22.89 22.86 22.79 22.79 22.85 22.85 22.92 22.92 22.93 22.93 22.86 22.69 22.79 22.78 22.80 22.88 22.75 22.80 22.91 22.90 22.87 22.86 22.83 22.91 22.90 22.87 22.82 22.84 22.82 22.81 22.77 22.71 22.70 22.66 22.68 22.59 22.58 22.59 22.55 22.58 22.58 22.61 22.60 22.65 22.55 22.58 22.62 22.63 22.68 22.67 22.67 22.65 22.66
99999.90 99999.90 99999.90 99999.90 22.70 22.70 22.70 22.70 22.70 22.70 22.70 22.70 22.70 22.72 22.72 22.72 22.77 22.77 22.72 22.72 22.55 22.55 22.55 22.89 22.89 22.86 22.86 22.79 22.79 22.85 22.85 22.92 22.92 22.92 22.76 22.72 22.77 22.78 22.78 22.86 22.82 22.84 22.86 22.81 22.87 22.89 22.82 22.88 22.91 22.89 22.88 22.84 22.93 22.88 22.83 22.80 22.78 22.75 22.74 22.70 22.77 22.74 22.63 22.64 22.65 22.70 22.72 22.79 22.70 22.66 22.69 22.63 22.63 22.68 22.65 22.68 22.69
99999.90 99999.90 22.86 22.86 22.86 22.86 22.86 22.86 22.86 22.70 22.70 22.70 22.70 22.72 22.72 22.72 22.77 22.77 22.72 22.72 22.72 22.55 22.55 22.89 22.89 22.89 22.86 22.86 22.79 22.79 22.85 22.85 22.85 22.77 22.78 22.72 22.77 22.82 22.85 22.83 22.86 22.85 22.84 22.82 22.86 22.93 22.84 22.77 22.88 22.79 22.79 22.86 22.81 22.85 22.88 22.84 22.81 22.77 22.77 22.75 22.76 22.78 22.79 22.71 22.75 22.75 22.79 22.78 22.75 22.73 22.78 22.78 22.70 22.69 22.70 22.77 22.78
22.80 22.80 22.80 22.80 22.80 22.80 22.80 22.90 22.86 22.70 22.70 22.70 22.70 22.72 22.72 22.72 22.72 22.77 22.77 22.72 22.72 22.55 22.55 22.55 22.89 22.89 22.79 22.86 22.86 22.79 22.79 22.82 22.76 22.77 22.79 22.74 22.82 22.84 22.81 22.83 22.85 22.82 22.80 22.78 22.80 22.84 22.89 22.90 22.85 22.83 22.81 22.82 22.81 22.84 22.81 22.78 22.78 22.50 22.71 22.76 22.72 22.80 22.80 22.76 22.70 22.72 22.74 22.72 22.70 22.71 22.79 22.80 22.78 22.69 22.73 22.73 22.73
22.68 22.93 22.80 22.80 22.80 22.80 22.80 22.90 22.86 22.86 22.70 22.70 22.70 22.70 22.72 22.72 22.72 22.77 22.77 22.72 22.72 22.72 22.55 22.55 22.89 22.89 22.89 22.79 22.86 22.86 22.72 22.72 22.76 22.76 22.77 22.81 22.82 22.86 22.80 22.79 22.84 22.79 22.80 22.82 22.82 22.81 22.83 22.82 22.77 22.84 22.78 22.78 22.79 22.78 22.83 22.79 22.77 22.75 22.78 22.71 22.67 22.67 22.72 22.84 22.86 22.76 22.74 22.73 22.67 22.69 22.75 22.75 22.77 22.75 22.72 22.66 22.65
22.68 22.93 22.80 22.80 22.80 22.80 22.80 22.90 22.88 22.86 22.70 22.70 22.70 22.70 22.72 22.72 22.72 22.77 22.77 22.77 22.72 22.72 22.55 22.55 22.55 22.89 22.89 22.79 22.79 22.65 22.62 22.64 22.75 22.83 22.77 22.77 22.83 22.84 22.72 22.83 22.81 22.81 22.80 22.82 22.81 22.81 22.81 22.83 22.78 22.80 22.78 22.76 22.83 22.82 22.89 22.85 22.83 22.84 22.88 22.76 22.71 22.75 22.67 22.83 22.83 22.79 22.74 22.70 22.65 22.64 22.66 22.67 22.66 22.67 22.65 22.61 22.67
22.68 22.93 22.93 22.80 22.80 22.80 22.80 22.90 22.88 22.86 22.86 22.70 22.70 22.70 22.72 22.72 22.72 22.72 22.77 22.77 22.72 22.72 22.72 22.55 22.55 22.89 22.89 22.69 22.59 22.47 22.48 22.69 22.69 22.78 22.81 22.83 22.82 22.81 22.88 22.82 22.82 22.79 22.80 22.79 22.76 22.80 22.80 22.80 22.80 22.83 22.81 22.79 22.79 22.83 22.85 22.83 22.81 22.87 22.94 22.93 22.85 22.77 22.78 22.76 22.79 22.78 22.74 22.75 22.75 22.71 22.66 22.69 22.72 22.68 22.66 22.73 22.65
22.68 22.93 22.93 22.80 22.80 22.80 22.80 22.90 22.88 22.86 22.86 22.70 22.70 22.70 22.70 22.72 22.72 22.72 22.77 22.77 22.77 22.72 22.72 22.55 22.55 22.79 22.57 22.51 22.52 22.54 22.78 22.70 22.78 22.91 22.85 22.82 22.79 22.87 22.88 22.85 22.84 22.83 22.80 22.79 22.78 22.84 22.80 22.78 22.82 22.80 22.81 22.83 22.84 22.81 22.83 22.82 22.81 22.86 22.89 22.92 22.95 22.83 22.75 22.75 22.75 22.77 22.76 22.74 22.80 22.78 22.79 22.77 22.75 22.73 22.70 22.71 22.68
22.68 22.93 22.93 22.80 22.80 22.80 22.80 22.90 22.88 22.86 22.86 22.86 22.70 22.70 22.70 22.72 22.72 22.72 22.90 22.77 22.77 22.72 22.72 22.76 22.64 22.49 22.48 22.44 22.46 22.46 22.56 22.73 22.95 22.95 22.79 22.78 22.65 22.71 22.79 22.78 22.77 22.83 22.85 22.80 22.77 22.80 22.84 22.83 22.78 22.76 22.74 22.83 22.82 22.87 22.81 22.82 22.80 22.77 22.83 22.83 22.82 22.80 22.80 22.76 22.76 22.75 22.75 22.73 22.78 22.76 22.77 22.77 22.67 22.62 22.70 22.74 22.74
22.68 22.93 22.93 22.80 22.80 22.80 22.80 22.90 22.88 22.84 22.86 22.86 22.70 22.70 22.70 22.85 22.72 22.72 22.90 22.77 22.77 22.73 22.78 22.64 22.68 22.66 22.67 22.62 22.54 22.16 21.02 22.22 21.70 22.05 22.56 22.62 22.28 22.19 22.38 22.45 22.66 22.76 22.82 22.78 22.82 22.84 22.85 22.86 22.80 22.82 22.77 22.77 22.81 22.79 22.79 22.77 22.80 22.79 22.77 22.73 22.77 22.80 22.79 22.75 22.75 22.78 22.72 22.70 22.69 22.73 22.73 22.76 22.70 22.71 22.73 22.72 22.76
22.68 22.93 22.93 22.91 22.80 22.80 22.80 22.90 22.88 22.84 22.86 22.86 22.86 22.70 22.70 22.85 22.72 22.72 22.90 22.96 22.94 22.96 22.94 22.74 22.84 22.77 22.86 22.82 22.72 22.63 22.14 22.61 22.66 22.68 22.72 22.64 22.67 22.61 22.62 22.55 22.65 22.80 22.85 22.80 22.79 22.79 22.87 22.88 22.90 22.86 22.85 22.79 22.82 22.77 22.75 22.67 22.64 22.67 22.67 22.64 22.74 22.74 22.77 22.75 22.78 22.74 22.67 22.79 22.73 22.73 22.77 22.74 22.74 22.73 22.67 22.70 22.71
22.68 22.93 22.93 22.91 22.80 22.80 22.80 22.90 22.88 22.84 22.82 22.86 22.86 22.70 22.70 22.85 22.79 22.83 22.91 22.98 22.99 22.94 22.95 22.82 22.82 22.85 22.87 22.84 22.76 22.76 22.73 22.73 22.76 22.74 22.79 22.83 22.82 22.75 22.78 22.77 22.59 22.68 22.81 22.75 22.65 22.69 22.78 22.88 22.95 22.94 22.90 22.85 22.80 22.64 22.57 22.53 22.51 22.48 22.55 22.56 22.59 22.74 22.70 22.73 22.77 22.75 22.75 22.80 22.70 22.71 22.68 22.69 22.72 22.69 22.65 22.67 22.63
22.68 22.93 22.93 22.91 22.87 22.80 22.80 22.90 22.88 22.84 22.82 22.86 22.86 22.79 22.76 22.77 22.80 22.85 22.82 22.90 22.88 22.85 22.81 22.71 22.68 22.77 22.76 22.70 22.69 22.70 22.73 22.76 22.74 22.72 22.68 22.68 22.75 22.73 22.75 22.77 22.77 22.77 22.87 22.90 22.90 22.75 22.74 22.70 22.83 22.91 22.87 22.84 22.77 22.66 22.63 22.49 22.56 22.48 22.46 22.56 22.64 22.66 22.68 22.84 22.83 22.83 22.78 22.80 22.65 22.62 22.68 22.68 22.66 22.64 22.66 22.67 22.66
22.68 22.93 22.93 22.91 22.87 22.80 22.80 22.90 22.88 22.84 22.82 22.80 22.83 22.80 22.74 22.78 22.81 22.81 22.81 22.84 22.84 22.81 22.75 22.66 22.66 22.74 22.71 22.69 22.71 22.67 22.72 22.72 22.68 22.65 22.63 22.60 22.58 22.68 22.69 22.71 22.66 22.73 22.78 22.89 22.90 22.87 22.84 22.83 22.87 22.83 22.76 22.80 22.73 22.56 22.53 22.66 22.57 22.57 22.55 22.60 22.57 22.57 22.65 22.78 22.72 22.70 22.53 22.59 22.56 22.57 22.57 22.60 22.58 22.64 22.68 22.68 22.65
22.68 22.93 22.93 22.91 22.87 22.94 22.89 22.91 22.92 22.90 22.84 22.83 22.80 22.82 22.84 22.81 22.74 22.72 22.74 22.72 22.78 22.83 22.76 22.68 22.65 22.65 22.71 22.73 22.73 22.72 22.71 22.67 22.68 22.66 22.63 22.61 22.63 22.63 22.69 22.73 22.68 22.66 22.72 22.86 22.86 22.90 22.92 22.80 22.76 22.78 22.76 22.74 22.70 22.65 22.52 22.63 22.62 22.54 22.60 22.60 22.56 22.55 22.61 22.59 22.48 22.50 22.53 22.65 22.74 22.74 22.59 22.56 22.55 22.61 22.69 22.72 22.71
22.99 22.73 22.89 22.95 22.97 22.95 22.91 22.94 22.79 22.80 22.80 22.80 22.74 22.78 22.77 22.81 22.77 22.60 22.64 22.73 22.75 22.79 22.78 22.70 22.73 22.72 22.73 22.69 22.73 22.76 22.68 22.64 22.68 22.65 22.57 22.56 22.56 22.60 22.58 22.65 22.64 22.62 22.60 22.70 22.78 22.81 22.82 22.73 22.66 22.63 22.67 22.69 22.66 22.58 22.51 22.50 22.67 22.69 22.67 22.67 22.59 22.53 22.63 22.69 22.61 22.65 22.70 22.85 22.74 22.65 22.60 22.63 22.64 22.63 22.63 22.67 22.71
22.80 22.85 22.89 22.92 22.91 22.94 22.89 22.78 22.69 22.73 22.76 22.72 22.72 22.69 22.65 22.67 22.66 22.61 22.66 22.71 22.69 22.73 22.72 22.73 22.69 22.65 22.71 22.68 22.70 22.71 22.65 22.64 22.61 22.66 22.64 22.61 22.58 22.61 22.64 22.62 22.63 22.65 22.63 22.71 22.70 22.76 22.75 22.69 22.59 22.56 22.54 22.59 22.67 22.62 22.57 22.66 22.72 22.78 22.82 22.71 22.61 22.64 22.62 22.63 22.65 22.66 22.63 22.73 22.80 22.66 22.73 22.80 22.69 22.65 22.63 22.70 22.66
22.79 22.83 22.85 22.90 22.89 22.88 22.87 22.78 22.77 22.76 22.78 22.73 22.69 22.65 22.63 22.59 22.62 22.64 22.68 22.75 22.75 22.71 22.69 22.72 22.71 22.72 22.65 22.57 22.59 22.64 22.60 22.63 22.66 22.69 22.69 22.66 22.64 22.59 22.66 22.60 22.59 22.64 22.60 22.68 22.67 22.65 22.68 22.62 22.66 22.64 22.54 22.53 22.52 22.67 22.69 22.72 22.71 22.77 22.82 22.71 22.70 22.74 22.69 22.63 22.68 22.73 22.65 22.66 22.70 22.70 22.76 22.84 22.67 22.61 22.62 22.71 22.67
22.76 22.74 22.79 22.82 22.82 22.82 22.81 22.80 22.81 22.74 22.71 22.71 22.70 22.66 22.65 22.63 22.52 22.59 22.70 22.71 22.71 22.70 22.73 22.72 22.74 22.70 22.63 22.63 22.73 22.75 22.71 22.59 22.59 22.62 22.62 22.63 22.63 22.63 22.66 22.66 22.65 22.70 22.67 22.67 22.67 22.69 22.66 22.64 22.65 22.64 22.68 22.52 22.49 22.58 22.64 22.68 22.70 22.68 22.83 22.79 22.81 22.75 22.74 22.73 22.71 22.67 22.69 22.70 22.67 22.74 22.88 22.89 22.85 22.68 22.64 22.79 22.70
