main/data/irradiance/04.02.2023.grid
ncols 839
nrows 679
xllcenter 112.0500
yllcenter -43.9500
cellsize 0.0500
nodata_value 99999.90
[rows 136 to 169 of 679, columns 308 to 384 of 839]
29.07 29.07 29.06 28.91 28.98 28.83 28.96 29.07 29.03 29.09 28.77 29.05 29.05 29.07 29.09 28.89 28.92 29.04 29.00 28.99 28.69 28.22 28.21 28.21 28.22 28.23 27.70 27.06 28.23 28.13 28.57 26.73 26.82 27.72 27.97 28.33 28.67 28.76 27.52 25.11 25.01 26.52 26.30 27.37 26.59 25.02 22.03 24.48 27.04 24.18 22.48 24.08 24.83 21.81 22.01 19.93 21.63 23.65 24.24 22.07 22.09 23.47 26.12 25.55 26.19 27.28 27.70 27.71 28.32 28.50 28.31 28.59 28.88 28.65 28.63 28.69 28.82
29.08 29.07 29.09 29.02 29.06 29.01 28.79 28.60 28.61 29.07 28.95 28.93 28.88 29.03 29.05 29.06 29.03 28.88 28.40 28.93 28.64 28.35 27.84 27.40 27.90 27.61 26.59 27.28 28.10 28.30 28.33 26.19 26.69 27.27 28.06 27.51 28.09 28.03 26.43 24.91 25.45 23.56 25.52 27.19 24.08 25.26 24.69 25.95 27.23 24.90 23.60 24.52 22.40 20.26 20.26 22.96 22.64 23.10 21.21 21.38 25.36 26.79 25.85 25.63 26.70 27.29 28.42 28.14 28.24 28.21 29.05 29.04 29.01 28.35 28.15 28.61 28.76
29.08 29.08 29.06 28.99 29.07 29.06 28.98 28.57 28.11 28.87 29.07 29.00 28.89 28.91 28.65 29.01 28.79 28.69 28.46 28.23 28.70 27.48 26.34 27.06 27.54 26.83 27.14 28.48 27.61 28.44 28.01 26.69 26.08 27.39 28.07 27.51 27.51 27.09 27.53 27.36 25.83 23.92 25.67 25.97 25.23 26.83 26.82 26.44 26.69 25.57 27.17 24.68 21.67 23.00 22.85 23.81 22.05 22.28 22.45 23.35 25.19 25.37 26.82 27.12 27.03 28.08 28.16 28.05 28.40 28.91 29.01 28.99 28.90 28.65 29.01 29.00 28.85
29.09 29.09 29.05 29.02 29.10 29.08 28.99 28.87 28.66 28.45 28.15 28.66 28.94 28.67 28.95 28.77 28.10 28.90 27.67 28.91 28.89 27.51 27.74 27.58 27.75 27.81 27.54 27.65 28.01 28.65 27.86 26.96 26.94 25.52 26.33 26.14 26.37 26.52 27.80 27.47 27.50 26.34 26.15 26.19 28.56 28.66 27.95 26.39 26.55 26.68 25.74 23.96 23.96 23.47 24.91 24.05 24.68 25.21 25.09 26.06 27.08 27.86 28.42 27.82 28.15 28.36 28.14 28.33 28.55 28.92 29.00 28.92 28.96 28.80 28.46 28.48 28.25
29.09 29.06 29.05 29.09 29.08 28.90 29.03 28.89 28.75 28.56 28.51 28.54 28.52 28.67 28.97 28.74 28.31 28.76 28.56 28.94 29.02 28.84 28.13 28.56 27.29 27.64 28.07 27.94 28.55 28.33 27.61 26.00 25.31 23.59 24.16 24.54 26.30 26.65 27.17 24.67 24.90 25.73 25.34 26.48 27.11 28.11 26.72 26.91 27.15 26.92 26.11 26.06 25.42 24.03 24.52 25.18 26.88 27.38 26.72 27.77 28.21 28.44 28.30 28.15 28.00 28.47 28.78 28.49 28.87 29.01 29.00 28.64 28.72 28.82 28.87 28.85 28.80
29.07 29.04 29.06 29.11 29.09 29.08 28.98 28.98 28.94 28.52 28.63 28.95 28.91 28.99 28.33 28.48 27.40 28.46 28.35 28.07 28.73 28.62 28.09 26.83 26.83 26.35 28.87 26.67 28.47 29.07 27.72 26.03 24.29 22.84 21.78 23.64 25.20 24.01 24.54 25.14 23.40 25.36 25.61 26.85 25.36 27.62 28.46 27.66 27.49 26.28 25.48 26.10 27.03 25.81 26.42 25.63 27.42 27.70 27.78 28.09 28.15 28.18 28.60 28.62 28.79 28.93 28.86 28.49 28.75 28.27 28.57 28.62 28.45 28.64 28.72 28.85 28.64
29.08 29.05 29.10 29.11 29.08 29.09 29.02 28.93 28.95 28.81 28.10 28.29 28.79 28.95 29.01 28.54 27.44 26.55 27.37 28.00 28.20 27.69 27.01 26.81 27.29 27.12 28.31 27.88 28.69 28.46 28.11 27.22 24.43 22.50 20.41 22.10 24.22 23.47 24.16 24.65 24.81 25.46 27.53 26.48 25.76 27.96 28.42 27.97 26.51 27.15 26.91 25.28 26.81 26.01 26.12 27.58 28.34 27.91 27.99 28.32 27.97 28.04 28.82 29.01 28.92 28.87 28.82 28.84 28.48 28.93 28.40 28.45 28.59 28.37 28.82 28.97 28.56
29.06 29.06 29.12 29.10 29.09 29.08 28.76 28.88 28.89 28.77 28.06 27.86 27.41 28.29 28.78 28.60 28.28 28.42 27.40 28.17 27.84 28.10 28.61 26.87 28.56 28.40 28.50 28.68 28.45 28.46 28.00 28.00 24.15 22.46 19.42 21.70 22.24 24.14 24.27 24.02 24.36 25.58 26.79 26.87 27.35 27.90 27.47 27.42 28.03 27.94 27.68 27.49 27.22 27.30 27.41 27.69 28.47 28.73 28.65 28.34 28.63 28.79 28.98 28.86 28.81 28.82 28.91 28.85 28.97 28.51 28.62 28.65 28.34 28.52 28.48 28.98 28.13
29.01 29.00 29.04 29.08 29.07 28.98 28.88 28.90 29.00 28.94 28.56 28.17 27.38 26.76 27.73 28.08 28.59 28.81 29.06 29.12 28.61 29.02 29.00 28.41 28.23 28.47 28.85 28.62 28.40 28.34 28.14 27.93 27.19 25.09 21.50 21.11 21.64 23.53 24.34 24.38 25.15 26.14 26.56 27.18 28.44 28.68 28.96 28.62 28.28 28.30 27.96 26.99 26.92 27.79 28.29 28.66 28.76 28.67 28.36 28.54 28.64 28.75 28.99 28.90 28.98 29.05 29.05 28.62 28.95 28.91 29.07 28.87 28.84 28.75 28.55 28.68 28.32
29.01 28.98 28.99 29.07 29.08 29.02 28.97 28.89 28.75 28.79 28.17 28.14 27.38 27.34 26.96 28.44 27.94 28.69 28.97 28.89 28.55 28.69 28.71 27.90 28.65 28.09 27.90 28.27 28.73 27.74 28.17 28.14 28.09 26.28 25.12 23.34 22.98 23.34 23.92 24.35 26.51 26.97 25.93 27.56 27.79 27.47 28.54 28.28 27.84 28.14 27.52 28.36 28.32 28.53 27.99 28.32 28.49 28.20 28.19 28.59 28.90 28.83 29.00 28.65 28.96 28.87 28.94 28.68 28.85 29.07 28.94 28.94 28.85 28.58 28.95 28.64 29.06
28.99 28.84 28.98 29.05 29.10 28.96 29.02 28.98 28.71 28.77 28.23 28.18 27.62 26.52 27.46 27.75 28.93 28.11 28.31 27.29 27.54 28.35 28.39 28.49 28.65 28.31 27.87 28.17 27.83 28.49 28.25 28.59 28.28 27.30 25.89 26.18 26.50 25.56 25.83 26.86 26.08 25.96 27.42 28.26 27.42 26.81 25.07 27.25 26.60 27.24 28.64 28.79 28.92 28.69 28.39 28.62 28.72 28.48 28.35 28.61 28.93 29.00 28.73 28.91 28.95 28.96 28.92 29.07 29.06 28.74 28.85 28.65 28.31 28.42 28.03 28.01 27.65
29.01 28.87 28.81 28.83 28.98 28.81 28.85 28.97 28.61 28.43 28.25 27.19 27.96 27.05 27.12 27.20 27.47 27.06 28.01 27.05 27.21 28.12 28.50 28.79 28.27 28.02 28.04 28.15 27.55 28.27 28.87 28.87 28.75 28.28 27.34 27.97 27.69 27.49 26.39 26.96 27.68 27.58 27.12 27.55 27.16 27.16 27.26 26.88 27.22 28.07 28.51 28.51 28.55 28.83 28.43 28.76 28.89 28.88 29.03 28.56 28.98 28.99 28.88 28.99 28.85 28.93 29.02 28.99 28.98 28.52 28.70 28.42 28.38 28.28 28.91 28.40 27.67
29.03 28.70 28.61 28.62 28.74 28.72 28.64 28.74 28.72 28.52 28.51 27.91 26.53 27.70 27.62 26.76 27.13 26.95 27.79 27.29 28.46 28.79 28.76 28.47 27.35 27.30 27.93 27.96 26.72 27.49 28.53 28.72 28.77 28.60 28.55 28.32 28.05 27.56 27.76 27.25 28.18 28.77 28.26 28.01 28.17 28.58 28.01 27.64 27.72 28.34 28.62 29.01 28.77 28.79 28.61 28.72 28.87 28.79 28.92 28.84 28.64 28.93 28.81 28.75 29.00 28.61 28.96 29.17 29.14 29.04 28.93 28.54 28.58 28.11 28.19 27.47 27.04
29.03 28.94 28.80 28.56 28.60 28.72 28.71 28.54 28.48 28.21 27.75 27.93 27.94 27.33 27.50 27.85 28.06 28.24 27.46 28.23 28.62 28.11 28.08 27.85 28.10 28.05 27.66 26.90 26.98 26.49 27.36 28.31 28.11 28.44 28.20 27.86 27.79 26.78 28.05 28.03 28.10 28.73 28.29 28.25 27.53 28.02 28.55 28.32 27.99 28.81 28.74 28.81 28.81 28.73 28.69 28.65 28.80 29.01 28.85 28.95 29.02 28.88 28.62 28.82 28.74 29.11 29.10 29.11 28.95 28.94 28.74 28.81 28.36 27.17 26.36 26.67 27.58
28.95 29.00 28.67 28.59 28.43 28.35 28.68 28.49 28.20 27.55 27.54 28.21 28.31 27.61 27.71 28.18 27.72 27.29 26.72 27.71 27.58 27.46 27.44 28.14 27.79 27.75 27.26 27.33 26.24 25.75 26.48 28.02 27.89 28.64 27.33 27.91 24.74 25.71 27.35 27.98 28.09 27.03 27.17 27.40 27.06 28.15 28.11 28.45 28.60 28.51 28.21 28.72 28.79 28.62 28.72 28.98 28.71 28.98 28.93 29.02 29.12 28.63 28.84 28.89 28.93 28.97 29.09 29.07 29.01 28.80 28.37 28.78 29.03 27.93 28.05 28.27 27.18
29.14 28.98 28.82 28.75 28.67 28.44 28.57 28.41 28.08 27.67 27.57 27.27 26.99 27.17 27.56 28.26 27.96 27.17 27.51 26.58 27.31 27.37 27.24 26.52 26.29 26.51 26.95 26.32 24.71 24.79 26.53 27.24 26.41 27.16 26.98 27.44 26.49 26.71 26.23 26.64 28.13 27.32 27.84 28.04 27.46 27.49 27.39 27.06 28.52 28.69 28.32 28.80 28.76 28.84 28.94 28.95 29.06 29.06 29.08 29.07 28.65 28.84 28.90 28.90 28.92 28.89 28.70 28.75 28.21 28.54 28.72 28.85 28.61 28.73 28.97 28.42 27.46
29.09 29.07 28.85 28.79 28.78 28.68 28.84 28.56 28.48 28.12 27.37 27.97 28.16 28.34 27.71 27.82 27.28 26.52 26.23 26.42 26.10 25.65 25.69 25.20 24.84 26.27 25.78 24.28 22.78 22.74 22.79 23.91 26.09 26.61 26.77 27.49 26.03 24.26 25.78 26.56 28.42 28.30 28.27 28.23 28.03 28.38 28.68 28.44 28.72 28.61 28.58 28.90 28.54 28.42 28.86 28.89 28.98 29.11 28.94 28.88 28.91 28.93 28.90 28.94 28.88 28.37 28.51 28.72 28.36 28.96 28.90 28.59 28.94 28.38 28.33 28.05 28.72
29.15 29.03 28.99 29.02 28.79 28.98 28.93 28.79 28.94 28.74 28.46 27.38 27.82 27.80 27.44 26.91 25.97 26.22 26.81 26.18 24.46 25.29 24.78 24.39 24.92 24.42 24.62 25.45 22.99 21.87 19.55 20.35 23.75 24.26 26.65 26.66 27.21 23.65 25.67 26.95 27.91 28.47 28.46 28.43 28.26 28.88 28.80 28.89 28.80 28.76 28.54 28.31 28.63 28.74 28.95 28.93 28.95 29.11 28.87 28.84 28.99 29.04 28.98 29.04 28.54 28.73 28.62 28.86 28.66 27.99 28.35 28.79 28.07 27.72 28.98 28.93 28.25
29.16 29.16 29.10 28.98 28.99 28.89 28.83 28.72 28.76 28.55 28.26 28.02 27.74 27.84 27.54 27.31 26.38 26.66 26.20 24.87 23.58 22.85 22.68 23.48 24.25 23.46 25.30 23.36 23.86 20.18 19.49 20.17 23.56 26.02 28.71 26.44 26.23 25.27 25.06 26.94 28.37 28.01 28.34 28.60 28.09 28.92 29.01 29.11 28.87 28.33 28.40 28.47 27.84 28.48 28.54 28.67 28.38 28.73 28.42 28.53 28.97 29.16 28.73 28.56 28.91 28.80 28.29 28.23 27.76 27.59 27.66 28.86 28.53 28.74 28.88 27.90 28.75
29.08 29.15 29.01 29.11 28.96 28.89 28.73 28.69 28.46 28.23 28.32 28.77 28.21 27.70 27.42 27.59 25.57 25.59 23.55 25.25 24.40 22.39 20.53 21.04 22.35 22.26 26.46 25.07 21.78 21.33 22.09 22.21 25.78 27.09 28.07 26.58 27.34 26.96 26.63 28.71 28.49 28.64 28.67 28.60 28.91 28.93 28.79 28.80 28.25 28.34 28.63 28.72 28.49 28.76 28.73 29.02 28.75 28.54 29.00 28.83 28.99 28.85 28.88 28.70 28.64 28.28 27.27 27.30 28.10 28.27 28.79 28.61 28.70 28.58 28.42 28.61 27.79
28.85 29.00 29.06 28.96 28.84 28.58 28.67 28.86 28.66 28.68 28.58 28.75 27.95 27.67 27.95 26.10 24.62 24.61 23.59 25.23 24.75 20.37 19.59 21.11 20.68 22.75 23.94 26.72 23.60 21.43 22.33 24.36 26.80 27.57 25.80 27.27 26.31 26.89 28.73 28.62 29.05 29.18 29.01 28.58 28.79 29.02 29.04 29.19 28.41 28.72 28.61 28.50 28.86 28.95 29.00 28.68 28.95 28.81 28.58 28.89 29.12 28.59 27.60 28.46 28.13 28.11 28.19 28.44 28.89 28.95 29.02 28.39 27.97 27.22 27.25 28.02 28.45
29.15 29.08 29.19 29.16 28.99 28.79 28.67 28.48 28.48 28.75 28.16 28.49 27.38 26.24 25.75 25.05 25.62 26.05 23.44 25.89 24.11 20.45 20.65 20.55 23.39 22.62 24.64 25.30 24.76 23.07 24.87 26.16 26.71 27.01 26.91 26.69 27.83 27.63 28.40 28.75 28.77 29.01 29.15 29.19 29.15 28.77 28.64 28.41 28.49 29.03 28.91 29.15 28.99 29.09 29.04 29.13 28.56 28.43 28.41 28.59 28.76 27.47 27.37 27.74 28.11 28.65 28.72 27.79 28.04 28.07 27.73 27.64 27.84 28.13 26.25 27.47 28.89
28.93 29.04 28.95 28.52 28.53 28.36 28.49 27.79 27.98 28.85 28.06 28.01 26.84 26.91 26.69 24.43 24.23 26.27 24.48 23.64 23.04 22.99 23.88 23.89 24.67 25.11 26.69 27.04 26.01 25.67 26.46 27.68 27.65 27.40 26.61 27.59 26.98 27.81 28.67 28.78 29.03 28.98 28.91 28.29 28.95 28.46 28.77 28.44 29.05 29.15 29.00 29.07 28.80 28.54 28.82 28.98 28.26 28.03 28.87 27.84 27.35 28.07 27.14 27.14 27.50 27.43 27.78 27.18 27.46 27.19 26.34 25.78 26.50 28.23 27.66 27.80 27.97
29.13 29.15 28.98 28.84 28.82 28.67 28.93 27.38 28.60 28.75 27.55 28.30 27.39 26.57 25.74 24.62 23.40 24.19 24.67 25.62 26.81 27.16 27.38 27.24 26.76 26.43 26.26 28.26 27.68 27.39 27.29 27.50 27.47 27.45 27.27 27.95 28.48 28.44 28.91 28.46 28.79 28.29 28.76 28.07 28.50 28.51 28.90 29.02 29.16 29.11 28.80 28.94 28.54 28.60 28.55 28.12 28.08 28.36 27.23 27.45 27.49 28.18 27.26 27.53 28.26 27.09 27.27 26.35 27.24 27.06 26.57 25.38 26.86 27.85 27.80 27.51 28.34
28.81 29.03 28.96 28.77 29.03 28.80 28.95 28.39 28.12 27.22 27.47 28.02 26.72 27.63 27.31 26.32 26.03 26.56 25.37 26.75 27.45 27.10 27.49 27.02 27.71 28.27 27.72 28.19 28.27 28.20 28.46 27.91 28.18 28.00 28.02 28.40 28.60 28.81 28.85 28.87 28.51 27.73 27.76 28.65 28.86 28.95 28.97 28.59 28.73 29.03 28.74 28.78 28.69 28.76 27.91 27.36 27.35 26.69 26.27 27.52 27.40 27.61 28.15 27.19 27.97 27.80 25.75 25.19 26.82 27.77 26.61 26.37 27.53 27.12 26.34 28.31 28.79
29.00 28.80 28.99 29.07 28.91 29.06 28.74 27.93 28.66 27.91 28.51 27.03 27.24 27.00 26.18 26.72 25.68 26.21 26.48 27.04 27.12 27.44 26.87 26.60 26.37 27.01 28.69 28.04 28.26 28.35 28.55 28.12 28.26 28.87 28.48 28.88 28.97 28.98 28.85 28.91 28.82 28.10 27.96 28.72 28.64 28.80 28.59 28.76 29.17 29.19 29.08 28.45 27.92 27.85 28.85 28.39 26.71 25.70 27.54 27.71 27.66 28.07 27.28 27.27 28.15 27.09 27.03 27.17 27.74 26.59 26.08 25.61 27.56 27.22 27.62 27.49 27.73
29.01 29.00 28.83 28.74 28.12 28.59 28.69 28.74 29.02 27.95 28.22 27.44 27.43 27.64 27.86 27.08 26.80 26.69 27.00 28.18 28.42 26.96 26.64 27.82 28.34 28.38 28.77 28.22 28.40 28.15 28.85 28.98 28.86 28.69 28.57 28.76 28.80 28.91 28.32 28.64 28.16 27.76 28.13 29.05 28.85 29.20 28.94 29.05 28.54 28.97 28.75 28.51 28.42 27.81 28.05 27.84 28.46 27.41 26.68 28.20 27.60 28.04 28.05 27.51 28.21 27.49 28.44 27.35 26.88 27.23 26.73 25.80 26.43 25.23 26.76 27.41 28.68
29.06 29.03 28.71 28.86 28.48 28.21 27.60 28.56 28.52 28.23 28.23 28.53 28.55 27.56 26.94 27.93 28.68 28.76 28.77 27.79 28.28 28.04 27.86 28.33 27.63 28.19 28.45 28.62 28.74 28.56 28.40 28.35 28.14 28.98 28.81 28.35 27.91 28.57 28.82 28.03 28.16 28.27 28.48 28.89 29.11 29.14 27.90 27.70 28.21 28.48 28.13 28.57 28.56 28.41 28.57 28.32 27.99 27.87 27.90 27.95 27.56 28.11 28.17 28.39 28.08 27.47 28.05 28.08 27.40 26.01 25.93 26.00 25.80 27.29 27.03 28.38 28.53
28.99 29.18 29.25 27.93 28.52 27.71 28.52 28.67 28.10 27.95 28.35 28.28 27.84 27.58 27.47 27.68 28.64 28.90 28.94 28.91 28.72 28.12 28.09 28.36 28.22 28.84 28.18 28.84 28.87 28.72 28.20 28.59 28.24 28.10 27.45 28.08 28.76 28.49 28.42 27.95 28.03 28.01 28.56 28.59 28.77 28.77 27.62 27.80 27.74 28.41 27.59 28.00 28.10 28.47 28.73 28.19 28.84 28.22 28.23 28.77 28.07 28.23 28.54 28.08 28.00 27.73 26.40 25.96 27.62 27.20 26.66 27.04 25.81 27.20 28.65 28.71 28.91
29.08 28.62 28.40 28.55 28.95 28.01 28.41 28.80 28.43 28.78 28.06 27.23 27.28 27.35 28.73 29.19 28.91 28.89 28.71 28.71 28.59 28.28 28.93 28.76 28.43 28.85 28.63 28.91 28.77 28.03 28.63 28.37 27.75 28.41 27.87 28.12 28.37 27.92 28.80 28.44 28.76 28.33 28.31 27.80 27.84 27.75 26.31 26.86 27.78 27.53 27.52 28.65 28.83 28.35 28.92 28.36 28.08 28.05 27.86 28.18 28.02 28.56 28.36 27.43 27.56 28.24 27.27 26.59 27.34 26.44 27.45 26.51 26.97 27.96 28.40 29.05 29.14
28.94 28.55 27.78 28.40 28.31 28.88 28.54 28.48 29.04 28.56 28.66 28.86 28.44 28.23 29.20 29.13 28.86 28.59 28.54 28.38 28.78 29.19 29.07 27.91 28.51 28.13 27.53 27.96 28.73 28.72 28.51 28.54 29.06 28.86 28.74 28.20 28.61 28.34 29.18 29.06 28.22 27.78 27.74 26.36 27.28 26.79 25.40 26.09 27.30 27.87 27.78 28.65 28.29 28.90 28.82 28.82 28.86 28.53 28.46 27.60 28.50 28.53 27.96 28.45 26.57 27.07 27.75 27.00 27.66 27.39 27.11 27.41 28.05 28.31 28.57 29.08 29.05
28.62 28.60 28.87 28.55 28.57 28.38 29.07 28.58 28.93 28.76 28.97 28.71 28.84 29.13 29.15 29.18 28.92 28.40 27.58 29.00 28.71 29.07 29.10 28.60 28.19 27.63 28.21 27.36 28.36 28.42 28.12 28.69 28.47 28.78 28.73 28.62 28.95 29.04 29.01 27.78 27.38 26.21 26.26 27.20 27.12 27.89 28.04 27.46 28.05 27.96 28.24 29.05 28.69 28.57 28.82 28.90 28.44 28.65 28.16 28.27 27.17 27.74 27.96 28.62 27.74 28.32 27.43 28.40 25.78 27.69 27.36 28.27 28.30 28.66 28.78 29.13 29.11
28.17 28.10 28.34 28.78 28.53 28.53 28.56 28.37 28.66 28.88 28.26 28.67 29.01 29.22 29.05 29.24 29.12 27.86 28.71 29.24 29.10 29.18 29.04 28.91 28.04 28.65 27.98 28.65 28.39 29.05 28.49 27.80 27.65 28.10 27.87 28.77 28.81 28.83 28.86 27.16 26.44 26.49 27.96 28.00 27.56 26.29 26.55 27.22 27.99 28.75 28.80 28.71 28.91 28.57 28.63 29.13 28.57 27.79 27.74 28.30 27.93 28.18 27.81 28.19 28.56 27.35 27.99 27.07 27.11 26.61 27.50 28.38 29.09 29.00 29.09 29.13 29.16
28.50 28.54 28.22 28.88 27.89 27.97 28.13 28.57 27.32 28.36 27.94 28.91 28.89 28.26 29.16 28.63 28.64 28.67 29.16 29.15 28.74 28.63 28.96 29.07 29.07 28.84 29.22 29.26 28.75 28.19 27.21 28.02 27.74 28.05 28.29 28.46 28.46 29.16 29.19 29.23 28.90 28.24 28.88 28.26 28.19 28.31 27.59 27.82 28.00 28.59 28.87 28.00 28.18 28.25 28.76 28.12 27.61 27.26 28.22 27.38 27.95 27.23 27.80 27.77 27.05 28.35 27.75 27.39 27.28 28.68 28.71 29.00 28.82 29.22 29.24 29.05 29.11
