main/data/irradiance/04.01.2023.grid
ncols 839
nrows 679
xllcenter 112.0500
yllcenter -43.9500
cellsize 0.0500
nodata_value 99999.90
[rows 442 to 475 of 679, columns 78 to 155 of 839]
31.42 31.46 31.50 31.54 31.54 31.55 31.52 31.58 31.54 31.50 31.46 31.50 31.47 31.45 31.01 30.85 30.87 30.73 30.60 29.88 29.89 29.75 29.95 30.03 29.81 30.44 30.81 29.44 30.38 29.96 29.26 29.70 29.69 29.96 30.02 28.96 28.86 29.46 29.35 29.59 29.35 29.21 29.13 30.23 29.97 30.21 30.40 29.98 29.72 29.47 30.24 30.39 30.22 30.51 30.38 29.49 29.90 30.36 30.41 30.79 30.27 31.00 31.12 30.99 30.75 31.46 31.59 31.74 31.39 31.63 31.48 31.59 31.52 31.53 31.63 31.65 31.67 31.64
31.21 31.40 31.54 31.53 31.55 31.55 31.54 31.60 31.58 31.54 31.49 31.49 31.48 31.40 31.19 30.58 30.60 30.67 30.79 30.83 30.53 29.95 29.91 29.63 29.80 29.68 30.65 29.86 30.39 30.25 30.23 30.50 30.13 29.55 29.50 29.14 29.62 29.59 29.74 29.28 29.64 29.85 30.03 30.53 29.94 30.16 29.99 29.95 29.93 30.28 30.38 30.03 30.58 30.15 30.59 28.87 29.37 29.85 29.97 30.75 30.23 29.82 29.67 30.11 30.12 31.40 31.53 31.39 31.79 31.42 31.55 31.48 31.71 31.71 31.70 31.69 31.69 31.66
30.87 31.27 31.44 31.53 31.54 31.54 31.54 31.53 31.53 31.51 31.51 31.48 31.09 30.36 30.96 30.50 30.76 30.54 30.78 30.49 30.19 30.65 30.20 30.09 30.23 30.30 30.16 29.49 29.55 29.47 29.74 29.58 29.72 30.18 30.02 29.21 29.91 30.12 30.30 29.02 29.36 29.60 30.10 29.57 29.18 30.04 30.41 29.78 29.89 29.75 29.93 29.90 29.38 29.25 30.47 30.42 29.98 30.48 30.41 30.87 30.42 30.39 29.95 30.13 30.25 30.72 31.20 31.03 31.19 31.57 31.47 31.77 31.70 31.65 31.64 31.69 31.69 31.71
30.85 31.10 31.49 31.53 31.58 31.57 31.56 31.54 31.54 31.53 31.51 31.03 30.73 30.42 30.18 30.36 30.50 30.58 30.65 30.40 30.08 29.99 30.38 30.35 30.45 30.47 30.56 29.74 29.50 29.70 29.75 29.67 29.40 29.94 30.15 29.39 29.26 29.66 29.77 29.76 29.01 30.17 30.30 30.08 29.94 29.88 30.79 30.40 29.92 30.26 29.79 30.57 30.66 30.30 29.94 30.17 29.52 30.15 30.97 30.48 29.93 30.01 30.23 30.46 31.00 30.33 30.88 31.54 31.63 31.56 31.50 31.64 31.32 31.44 31.68 31.67 31.67 31.69
31.04 31.28 31.55 31.55 31.56 31.56 31.56 31.56 31.57 31.53 31.51 31.42 30.82 30.62 29.98 30.62 30.81 30.51 30.57 30.57 30.06 30.20 30.27 30.27 30.27 30.22 30.15 30.02 29.77 29.91 29.52 29.08 28.03 29.24 29.89 29.80 30.01 29.04 30.71 30.21 29.94 30.17 30.08 29.47 30.00 30.10 30.22 30.56 30.65 29.89 30.02 31.46 30.35 29.43 29.65 30.50 30.26 29.97 30.02 30.74 30.40 30.40 31.05 30.52 31.01 30.39 30.11 30.47 31.28 31.29 31.32 31.17 31.69 31.70 31.46 31.68 31.65 31.54
30.81 31.23 31.51 31.50 31.42 31.54 31.56 31.57 31.60 31.55 31.52 31.52 31.43 30.94 31.02 30.88 30.59 30.49 30.20 30.01 30.97 30.45 30.40 30.76 30.29 29.79 29.84 29.66 30.06 30.19 29.78 29.53 28.92 29.30 29.13 29.71 29.37 29.46 29.94 29.80 29.84 30.20 30.32 30.53 30.26 30.21 30.18 29.95 30.35 30.13 30.01 30.90 29.92 30.08 30.07 30.61 30.39 30.30 30.19 30.04 30.15 30.41 30.51 30.52 30.66 30.21 30.02 29.86 30.89 31.31 31.54 31.66 31.41 31.69 31.70 31.59 31.66 31.68
30.79 31.24 31.43 31.39 31.61 31.51 31.58 31.60 31.61 31.57 31.55 31.54 31.50 30.68 31.37 31.47 31.08 30.17 31.17 31.21 30.47 30.11 30.24 30.21 29.58 29.38 29.72 29.75 30.36 30.60 30.16 30.23 29.31 28.80 29.33 29.23 29.58 29.21 29.81 30.21 30.17 29.55 29.30 29.44 29.96 30.27 29.59 30.48 30.48 30.94 29.03 30.18 30.30 30.37 30.08 30.40 30.52 30.26 30.55 30.24 30.44 30.73 30.82 29.99 30.37 30.16 30.27 30.39 30.99 31.14 31.61 31.61 31.65 31.49 31.68 31.73 31.58 31.57
30.74 31.33 31.64 31.69 31.64 31.65 31.57 31.59 31.57 31.55 31.55 31.55 31.53 31.54 31.48 30.66 30.52 30.17 30.86 30.59 30.51 30.05 30.40 29.68 29.32 29.69 30.65 30.02 29.93 29.83 29.57 30.28 30.50 29.88 29.59 29.42 30.33 29.79 29.73 29.20 29.66 30.03 29.72 29.10 29.97 30.65 29.90 30.07 29.52 30.00 29.15 29.60 30.13 30.67 30.05 30.67 29.65 29.96 30.46 30.31 30.29 30.57 30.46 31.06 30.51 29.90 30.21 30.67 31.00 30.39 31.16 31.25 31.59 31.53 31.47 31.50 31.54 31.57
30.65 31.46 31.57 31.59 31.60 31.59 31.62 31.60 31.57 31.47 31.54 31.35 30.54 31.43 31.51 31.22 30.47 30.00 30.00 29.99 30.56 29.82 30.04 30.21 29.82 29.84 30.64 30.62 30.64 30.20 29.72 29.65 30.37 30.57 30.59 30.46 30.02 29.56 29.34 29.93 30.44 30.63 29.64 30.46 29.70 29.36 29.33 30.11 30.23 30.73 30.52 30.64 29.69 30.45 29.73 30.16 29.74 30.13 30.84 30.25 30.08 30.67 31.13 30.83 31.06 30.62 30.70 31.50 30.74 30.75 31.44 31.33 31.59 31.57 31.49 31.70 31.65 31.62
30.76 31.50 31.57 31.58 31.59 31.57 31.56 31.57 31.59 31.64 31.58 31.32 30.66 30.71 30.82 31.12 30.24 30.60 30.30 30.28 30.72 30.41 30.57 30.67 29.85 29.98 29.75 30.59 30.68 30.81 29.78 30.14 30.25 30.23 30.08 30.04 30.57 30.03 29.50 29.75 29.63 29.21 29.06 29.53 29.86 29.26 29.73 30.00 30.45 30.35 30.38 30.43 30.04 30.04 30.42 30.21 30.05 30.30 30.35 30.34 31.10 30.91 30.66 30.72 30.01 30.40 30.52 30.09 31.52 30.08 30.48 30.56 30.84 31.54 31.80 31.65 31.56 31.35
31.50 31.57 31.58 31.56 31.55 31.54 31.54 31.53 31.50 31.48 31.34 30.99 30.69 31.13 30.81 30.96 30.73 30.49 30.32 30.45 30.28 30.59 30.69 30.20 30.33 30.51 29.97 30.17 30.55 30.42 30.46 29.83 29.93 29.49 30.54 30.16 30.29 29.98 30.09 30.45 29.91 29.85 29.51 29.37 30.47 29.81 29.49 30.35 26.87 29.90 29.80 30.01 30.17 30.22 30.46 31.08 30.91 30.73 30.87 30.73 31.08 31.66 30.94 30.56 30.27 30.67 30.47 30.49 30.32 30.64 30.46 30.63 30.95 31.20 31.25 31.35 31.43 31.47
30.80 31.40 31.46 31.53 31.52 31.53 31.53 31.55 31.48 31.53 31.41 30.57 30.64 31.10 30.69 30.77 30.68 30.20 30.30 30.35 30.41 30.18 29.98 30.66 30.82 30.14 29.29 29.96 30.54 29.95 30.01 29.80 29.75 30.20 30.26 30.01 30.46 28.96 29.68 29.65 30.19 29.39 30.33 29.91 30.30 30.30 30.31 29.56 28.84 29.87 30.29 30.01 29.65 29.93 30.21 30.10 29.24 29.43 30.41 29.90 31.30 31.59 30.89 30.59 29.76 29.87 30.53 30.33 30.18 30.33 29.71 29.62 29.52 29.92 30.03 31.09 31.25 31.37
30.74 31.48 31.44 31.53 31.51 31.51 31.50 31.44 31.22 31.50 31.22 30.87 30.86 30.94 30.74 30.58 30.29 30.14 30.85 31.31 31.27 30.92 30.76 30.88 30.93 29.88 29.82 30.14 30.29 30.26 29.89 29.97 29.72 29.88 30.08 29.51 29.90 29.99 29.83 29.96 29.77 30.32 29.98 29.95 29.61 29.91 29.59 30.31 29.77 29.90 29.27 29.72 29.29 30.54 30.64 30.52 30.43 30.21 30.47 30.23 31.03 31.66 31.47 31.01 30.52 29.83 30.01 31.19 30.62 29.52 30.31 30.38 29.96 30.88 30.64 30.81 31.07 31.02
31.14 31.42 31.55 31.53 31.53 31.54 31.52 31.53 31.37 30.87 30.97 31.10 30.95 30.97 30.60 30.80 30.40 30.54 31.03 31.48 30.99 30.73 30.69 30.18 30.13 29.99 30.02 30.15 29.93 30.40 30.20 30.06 29.75 29.77 29.49 30.21 29.43 29.87 29.49 29.87 30.04 30.44 30.13 29.78 29.43 29.05 29.81 30.07 29.87 29.77 29.85 29.39 29.97 30.36 30.46 30.37 30.82 31.22 30.52 30.57 31.11 31.59 31.59 31.61 30.29 29.89 30.85 30.98 31.10 30.39 30.17 30.15 30.47 29.74 29.84 29.69 30.69 31.15
30.89 31.50 31.58 31.55 31.55 31.54 31.53 31.50 31.18 31.15 30.98 31.07 31.20 30.83 30.35 30.61 30.49 30.93 30.94 30.55 31.04 31.01 30.23 30.11 29.78 29.61 30.29 30.02 30.10 30.42 29.97 29.89 29.70 29.82 29.86 30.15 29.70 29.63 29.92 29.65 30.00 30.00 29.49 29.51 29.50 29.75 30.29 30.15 29.43 29.29 29.96 29.78 29.10 29.65 30.12 30.04 30.63 31.17 30.38 30.58 30.96 30.63 30.36 30.85 31.54 30.41 30.37 31.15 30.95 30.37 30.75 30.28 30.22 30.18 29.23 29.61 29.68 29.66
31.31 31.54 31.57 31.49 31.54 31.55 31.54 31.53 31.53 31.19 31.24 30.62 30.83 30.67 30.22 30.73 30.91 30.97 29.84 29.98 30.40 30.70 29.43 30.04 30.42 30.52 30.40 30.16 30.15 29.50 29.37 29.67 29.44 30.84 30.55 30.25 30.49 29.66 29.88 30.45 30.19 30.02 30.01 30.46 30.35 30.19 30.50 30.71 29.70 29.94 30.06 29.85 30.27 30.48 30.07 30.34 30.71 30.76 30.01 30.60 30.56 31.06 30.02 30.73 30.47 30.84 30.36 29.75 31.30 29.61 29.70 31.30 30.16 30.05 29.92 30.59 29.77 28.97
31.08 31.56 31.58 31.62 31.59 31.55 31.52 31.54 31.34 31.31 31.46 31.20 31.04 30.57 30.41 30.38 30.16 30.09 30.24 30.21 30.39 30.30 30.72 30.59 31.02 30.62 30.38 30.09 29.98 30.41 30.01 30.49 30.82 30.36 30.08 30.85 30.09 30.48 30.31 30.33 29.35 30.11 29.69 30.02 30.25 29.75 30.68 30.02 29.86 30.39 29.73 29.77 30.30 31.14 30.37 31.02 30.65 30.25 29.47 30.21 29.85 30.50 30.58 30.05 30.69 31.04 30.53 30.60 31.18 30.73 31.13 30.47 28.56 30.20 29.23 29.72 30.02 30.44
31.32 31.55 31.55 31.60 31.59 31.55 31.56 31.56 31.50 31.17 31.03 31.20 31.13 30.51 30.58 30.17 30.06 30.11 30.40 30.57 30.57 30.37 30.44 30.51 30.21 30.13 30.16 30.35 30.17 30.44 29.79 29.93 29.53 29.63 30.20 30.50 29.77 29.96 30.01 30.09 29.74 30.14 30.66 30.11 29.96 30.06 30.94 30.58 30.07 29.77 30.00 29.66 29.91 30.69 31.12 30.20 30.34 30.11 30.00 29.91 30.27 30.74 30.21 30.64 30.37 31.07 30.91 30.04 30.18 29.86 29.73 29.48 30.37 30.30 29.67 29.40 29.36 30.16
31.39 31.53 31.61 31.59 31.56 31.56 31.54 31.55 31.52 31.53 31.54 31.06 30.63 30.51 30.62 30.42 30.43 30.13 30.53 30.36 30.41 30.68 30.20 30.33 30.43 30.35 30.73 30.97 30.61 30.86 30.64 30.18 30.81 30.57 30.67 31.14 29.51 30.35 30.09 30.04 29.99 30.30 30.23 30.44 30.99 30.95 30.63 30.42 30.47 29.66 28.76 29.30 29.27 29.70 30.18 29.78 29.72 30.16 29.96 30.69 29.83 28.34 30.70 30.24 30.92 31.06 30.30 30.17 30.05 30.50 30.41 30.52 29.61 29.94 29.83 30.47 30.24 29.99
31.06 31.26 31.58 31.59 31.58 31.56 31.54 31.55 31.55 31.54 31.53 31.49 31.14 30.70 30.72 30.73 30.62 30.50 30.76 30.70 30.16 30.52 30.28 30.76 30.81 30.90 30.86 30.65 30.29 29.89 30.45 30.48 30.54 29.80 30.23 30.34 29.96 29.89 30.16 30.44 30.58 30.43 29.84 30.37 31.13 30.02 30.08 30.06 29.27 28.57 30.51 30.41 29.62 28.67 30.57 30.48 30.48 30.37 30.01 29.46 29.59 31.11 30.02 29.94 30.21 30.76 30.37 30.50 30.84 31.23 31.08 30.94 30.30 29.09 30.35 30.74 30.51 29.64
31.34 31.56 31.55 31.57 31.56 31.55 31.52 31.54 31.59 31.58 31.55 31.55 30.97 30.52 30.23 30.51 30.25 30.23 30.53 30.37 30.37 30.01 30.50 30.19 30.51 30.79 30.91 30.43 30.47 30.03 30.19 30.47 30.34 30.43 30.62 30.24 29.85 29.34 30.31 30.43 30.74 30.25 29.14 29.06 30.52 30.47 30.44 29.96 26.21 29.87 30.26 30.34 29.31 29.76 30.23 29.91 30.23 31.09 30.56 30.80 30.71 30.09 30.31 30.61 30.40 30.50 30.20 30.53 30.43 30.94 31.02 31.03 30.97 30.18 29.80 29.53 30.25 30.11
31.49 31.60 31.45 31.56 31.55 31.58 31.36 31.35 31.53 31.49 31.50 31.53 31.22 30.52 30.07 30.20 30.47 30.41 30.27 30.47 30.29 30.55 30.36 30.46 30.81 30.26 30.17 30.58 30.50 30.23 30.37 30.62 30.31 30.53 30.55 29.95 29.93 30.03 30.25 30.57 30.17 30.83 30.08 30.57 30.78 30.59 30.40 29.88 24.33 28.91 30.17 30.01 29.82 29.41 30.51 30.74 30.28 30.37 30.33 30.74 30.83 30.47 29.15 30.44 30.53 30.39 30.50 30.93 30.14 30.90 30.96 30.96 30.69 29.89 30.60 29.94 29.54 29.98
31.50 31.58 31.76 31.62 31.48 31.54 31.53 31.52 31.52 31.55 31.55 31.55 31.48 30.92 30.34 30.52 30.52 30.71 30.72 30.64 30.50 30.23 30.88 30.42 30.28 29.56 29.96 30.20 30.28 30.13 30.24 29.96 29.37 30.01 29.84 29.99 30.25 30.13 30.49 30.22 30.34 30.67 30.43 29.63 30.49 29.99 30.18 30.14 30.21 26.84 29.87 30.20 30.00 29.80 30.33 30.62 30.82 30.49 30.31 30.73 30.64 30.12 29.77 30.89 30.17 29.38 30.14 29.95 30.22 30.38 30.92 30.35 30.29 30.77 30.85 30.72 30.21 30.27
31.56 31.39 31.42 31.39 31.34 31.22 31.42 31.30 31.51 31.53 31.54 31.53 31.08 30.71 30.98 30.59 30.64 30.46 30.62 30.71 29.90 29.94 29.80 30.06 29.86 29.77 30.03 30.46 30.66 30.23 30.18 30.32 30.27 30.63 30.46 30.57 30.29 30.22 30.15 29.75 29.80 30.31 29.80 30.16 30.16 29.95 30.40 30.21 28.97 27.11 29.56 30.23 29.26 30.25 29.91 30.11 30.53 30.52 30.05 30.12 30.57 29.73 30.13 30.51 29.68 30.27 30.48 30.52 29.73 30.45 30.73 30.67 30.61 30.52 30.33 30.26 30.06 29.80
31.60 31.63 31.54 31.50 31.40 31.38 31.36 31.32 31.50 31.41 31.52 31.53 31.20 30.87 30.64 30.62 30.74 30.50 30.59 30.74 30.62 30.77 30.38 29.85 29.85 30.04 30.10 29.94 30.60 30.24 29.94 30.10 30.21 30.48 30.50 31.05 30.08 30.09 30.15 29.77 30.47 30.92 30.93 30.84 30.54 29.64 30.13 29.93 29.77 29.63 30.46 30.61 30.16 30.15 29.96 30.49 29.90 30.68 30.72 30.86 30.23 29.55 30.62 30.66 30.09 30.65 30.28 30.66 30.75 30.68 30.67 30.74 30.56 30.58 30.28 30.25 30.07 30.06
31.59 31.58 31.58 31.55 31.54 31.54 31.68 31.17 31.10 31.51 31.36 31.36 31.31 31.19 30.83 30.47 30.61 30.58 30.37 29.94 30.06 30.38 30.42 30.57 30.29 30.52 30.19 30.41 30.17 30.46 30.46 30.52 30.15 30.45 30.54 30.52 30.36 30.71 30.38 30.19 30.27 30.41 30.27 31.00 30.94 30.59 30.11 29.27 30.01 31.14 30.82 31.00 30.66 30.93 30.73 30.36 29.63 29.62 30.07 30.35 30.43 29.68 30.16 30.03 29.96 30.00 29.86 29.91 29.70 30.48 30.32 30.61 30.45 30.20 30.41 29.93 30.09 29.59
31.53 31.52 31.58 31.56 31.57 31.52 31.55 31.79 31.23 31.13 31.34 31.51 31.54 31.41 30.67 30.35 30.06 30.30 30.22 30.16 30.10 30.47 30.49 30.39 30.30 30.18 30.38 30.83 30.82 30.63 30.27 30.28 30.06 29.81 30.64 30.36 29.93 30.57 29.97 30.73 29.99 29.93 30.37 30.31 30.19 29.96 30.50 30.29 29.97 30.41 29.28 30.24 30.14 30.62 30.70 30.50 29.88 30.09 30.60 31.09 31.02 30.98 30.73 30.63 29.50 29.04 27.93 29.68 30.57 30.64 30.14 30.59 30.38 30.22 30.41 30.13 30.07 30.22
31.29 31.49 31.31 31.34 31.56 31.52 31.23 31.06 30.37 31.22 31.50 31.50 30.97 30.83 30.78 30.51 30.49 30.55 30.66 30.90 30.84 30.96 30.61 30.76 30.95 30.62 30.40 30.54 30.30 30.44 30.61 30.31 29.94 30.79 30.86 30.37 30.01 30.05 30.45 30.62 30.81 30.19 29.49 30.31 30.36 29.67 29.79 29.72 30.06 29.32 29.71 29.58 30.02 30.03 30.43 29.85 30.27 30.19 30.31 31.01 30.98 31.02 30.97 30.79 29.58 29.58 30.13 30.79 30.89 30.89 30.62 30.30 30.10 29.98 30.31 30.32 30.22 30.12
30.89 31.10 31.12 31.34 31.07 31.47 31.50 31.33 31.10 31.44 31.48 31.05 30.95 30.69 30.32 30.36 30.78 30.60 30.74 30.48 30.62 30.78 30.31 30.86 30.50 30.72 30.29 30.44 29.70 29.85 30.31 30.12 30.24 30.44 30.44 30.25 30.06 29.80 30.71 30.22 30.09 30.28 29.38 30.32 30.42 29.60 29.39 29.27 30.10 30.77 29.61 29.45 30.21 29.70 29.93 30.28 30.04 30.22 30.56 30.92 30.96 30.96 30.82 30.72 30.45 30.72 30.85 30.87 30.96 30.84 30.43 29.76 29.87 29.44 29.60 30.10 30.16 30.14
30.55 31.21 31.58 31.58 31.35 31.37 30.56 30.86 31.04 31.18 30.50 30.82 30.74 31.01 30.56 29.99 30.22 30.75 30.92 30.23 30.76 30.78 30.92 30.92 30.89 30.73 30.76 30.92 29.79 30.45 30.54 30.54 30.09 30.46 30.01 30.28 30.22 29.87 30.40 30.26 30.33 30.17 30.40 29.85 29.92 29.70 29.88 29.56 29.68 29.75 29.63 28.50 29.49 29.73 29.55 30.12 30.42 30.61 30.88 30.92 30.88 30.81 30.71 30.66 30.74 30.73 30.91 30.83 30.63 30.27 30.17 29.87 30.07 30.04 29.96 29.79 29.69 30.68
31.12 31.34 31.61 31.57 31.46 31.02 31.21 31.30 31.24 30.73 30.28 30.47 30.67 30.62 30.37 29.92 30.52 30.27 30.43 30.52 30.30 30.42 30.62 30.94 30.83 31.15 31.06 30.67 30.49 30.12 30.03 29.94 30.39 30.20 30.39 30.54 30.54 30.48 30.13 29.85 30.04 29.89 30.05 29.64 29.81 30.37 29.89 30.35 30.16 29.92 29.96 30.54 29.45 30.10 30.17 29.97 30.79 30.69 30.81 30.82 30.80 30.74 30.64 30.70 30.71 30.56 30.42 30.78 29.96 30.22 30.07 30.13 30.34 30.21 30.14 30.44 30.57 30.80
31.57 31.61 31.59 31.57 31.40 31.29 30.95 30.93 31.09 30.83 30.80 30.55 30.61 30.62 30.53 30.74 30.48 30.28 30.10 29.87 30.15 29.97 29.85 30.00 30.47 30.38 30.74 30.66 30.58 30.34 29.66 29.85 30.69 30.50 30.58 30.32 30.52 30.51 30.75 30.51 30.44 30.04 30.18 30.07 30.07 29.91 30.42 30.27 29.95 30.36 29.67 29.13 29.99 30.28 29.70 30.03 30.62 30.87 30.93 30.88 30.81 30.47 30.46 30.24 30.35 30.31 30.56 30.58 30.12 30.22 30.12 30.02 30.02 30.60 30.24 30.25 30.28 30.21
31.22 31.42 31.42 31.52 31.47 31.40 31.31 30.65 30.40 30.37 30.58 30.67 30.70 30.62 30.41 30.26 30.47 30.73 30.33 30.57 30.29 30.16 30.30 30.23 30.38 30.47 30.17 30.58 30.21 30.38 30.28 30.28 30.23 30.49 29.96 30.05 29.93 30.50 30.47 29.78 30.06 30.05 30.41 30.12 29.70 29.81 30.71 29.99 29.42 29.68 29.36 29.38 30.38 30.27 30.12 30.35 30.63 30.75 30.91 30.35 30.84 30.62 30.67 30.46 30.00 30.22 30.69 30.56 30.31 30.55 30.75 30.65 30.47 30.19 30.45 30.47 30.43 30.39
31.35 31.50 31.43 31.43 31.18 31.29 31.34 30.70 30.41 30.42 30.73 30.72 30.88 30.68 30.54 30.98 30.30 30.29 30.09 30.11 30.45 30.07 29.86 30.56 30.27 30.20 30.00 29.88 29.65 30.07 30.11 30.28 30.35 30.13 30.28 30.18 29.69 30.19 29.87 30.06 29.98 30.07 30.28 30.30 30.00 30.63 30.32 30.23 30.16 30.06 29.98 29.78 29.57 29.99 29.87 30.21 30.80 30.51 30.56 30.36 30.82 30.68 30.52 30.08 29.88 30.50 30.49 30.08 30.27 30.27 30.46 30.45 30.39 30.17 30.31 30.43 30.17 29.94
