main/data/irradiance/04.02.2023.grid
ncols 839
nrows 679
xllcenter 112.0500
yllcenter -43.9500
cellsize 0.0500
nodata_value 99999.90
[rows 510 to 543 of 679, columns 539 to 615 of 839]
21.21 22.68 22.68 21.61 21.61 19.01 20.53 20.53 23.07 23.30 18.00 14.81 16.49 18.34 19.30 18.83 18.81 18.62 17.75 19.69 20.75 20.50 19.22 18.06 15.85 16.39 16.91 17.30 18.65 16.79 15.30 18.23 17.23 18.86 18.73 17.55 17.44 17.55 17.95 17.12 16.27 16.68 17.46 17.16 19.23 18.46 16.69 15.94 15.67 18.14 17.93 18.90 18.62 18.11 20.07 18.48 17.50 17.26 17.76 17.63 19.37 20.32 22.52 19.50 18.67 18.23 20.32 20.41 21.10 21.75 21.60 21.50 21.42 22.37 22.43 21.61 22.71
21.21 21.21 21.26 21.06 19.01 19.01 20.53 20.53 23.20 17.50 16.27 16.13 18.62 17.84 20.49 18.82 16.28 16.06 16.12 16.66 17.22 18.41 17.27 18.54 17.26 17.54 17.63 16.53 16.34 15.79 16.58 17.57 17.92 18.73 19.11 18.65 17.52 17.07 16.14 17.12 16.41 17.98 18.76 17.25 16.85 18.18 18.75 18.82 17.65 18.65 16.44 16.77 18.04 17.82 18.72 19.63 17.85 15.95 17.17 17.32 18.66 19.64 21.30 21.79 20.48 19.11 21.99 20.85 20.80 21.40 19.70 19.10 21.09 22.05 22.06 20.86 21.25
21.21 21.21 21.26 21.28 20.70 20.70 23.15 23.15 18.48 16.59 18.96 18.78 18.09 17.81 17.63 17.42 17.92 16.81 17.16 16.56 17.90 18.15 18.20 18.01 17.03 17.81 18.05 17.12 16.66 16.05 15.59 18.35 17.76 16.74 16.10 16.14 14.32 17.09 18.78 17.96 17.06 17.93 19.56 19.06 16.93 17.79 19.10 18.78 18.86 17.17 16.60 16.51 17.17 16.47 16.40 19.22 18.40 18.26 18.59 18.70 20.60 19.87 20.11 20.63 20.97 20.38 21.08 22.28 20.50 18.44 19.14 20.07 20.42 21.57 20.91 21.70 22.40
21.21 21.21 21.28 21.28 20.70 20.70 22.13 22.13 20.91 21.08 18.75 18.52 17.95 18.48 17.47 18.16 17.63 18.31 17.23 16.68 19.12 17.34 16.61 16.36 18.48 17.59 15.60 17.65 17.24 15.85 16.01 17.42 19.05 17.14 15.90 15.19 15.89 16.29 17.32 17.51 18.66 18.31 17.19 20.38 19.26 18.81 18.47 17.75 18.77 18.51 16.71 16.38 17.38 17.86 18.51 18.78 18.38 19.94 19.10 19.68 20.07 18.58 19.32 20.99 21.77 19.98 20.80 18.91 18.60 18.88 19.94 19.38 19.15 19.83 20.53 21.33 22.89
21.21 21.28 21.28 21.28 20.70 24.66 24.66 23.01 22.35 21.11 19.24 18.68 18.51 17.90 18.47 20.24 21.30 18.66 16.95 17.54 18.77 17.98 18.74 18.69 18.58 17.66 17.07 17.00 15.04 16.16 15.80 17.35 16.12 16.59 17.82 17.98 17.52 17.41 17.94 18.44 18.74 17.87 17.35 17.45 16.98 18.52 18.85 18.64 19.60 18.41 18.10 17.01 18.18 17.21 18.16 19.76 18.64 19.82 20.25 20.68 19.63 19.17 18.42 19.76 20.63 20.63 18.60 19.53 19.47 19.17 21.10 18.62 18.79 20.96 20.16 19.76 21.11
21.21 21.28 21.28 21.28 24.66 24.66 24.66 22.25 22.58 21.78 20.58 18.00 17.56 17.59 17.90 18.90 18.97 17.56 16.58 17.74 19.48 18.74 19.73 20.03 20.07 18.19 17.93 17.33 17.49 18.81 17.51 19.07 19.52 17.76 18.30 18.37 17.92 17.84 16.94 17.50 18.17 18.12 18.20 17.68 17.12 19.38 18.63 19.99 19.36 19.92 18.59 16.31 16.50 18.42 18.92 19.01 19.91 20.85 21.35 21.81 20.75 20.51 19.46 20.41 21.39 20.59 21.51 20.51 19.63 20.37 20.30 20.05 19.68 18.81 18.65 19.72 20.49
21.28 21.28 21.28 24.66 24.66 24.66 22.25 22.25 22.58 22.19 20.64 19.07 17.78 19.83 18.72 18.46 18.02 17.94 19.02 17.57 17.52 19.59 19.58 18.25 19.14 18.87 19.50 17.25 15.18 18.04 19.05 18.04 18.30 19.15 17.30 16.11 17.97 19.17 19.74 17.32 17.80 18.69 19.16 18.62 16.11 17.99 19.32 18.70 18.14 17.79 18.35 17.30 16.84 17.54 17.83 19.89 21.08 20.95 21.43 22.46 19.57 20.25 21.30 20.73 21.63 22.56 22.23 19.88 20.74 21.11 21.04 20.29 19.44 19.98 20.28 20.16 20.87
21.28 21.28 24.66 24.66 24.66 22.25 22.25 22.25 22.19 22.19 22.09 20.55 18.14 18.38 20.52 18.95 19.42 17.80 18.78 18.36 17.11 17.74 18.14 18.11 17.68 17.34 17.42 16.12 17.83 18.63 17.91 18.68 16.79 19.01 20.05 17.41 18.33 20.87 20.45 18.70 18.38 18.60 19.08 17.50 17.30 16.44 16.09 18.15 19.71 17.55 17.08 18.28 16.80 17.30 16.35 16.03 18.83 18.94 19.47 20.64 19.81 21.73 20.02 21.88 21.20 20.81 19.81 20.71 21.40 21.97 21.39 20.43 20.99 20.72 21.52 20.91 20.83
21.28 21.28 24.66 24.66 22.25 22.25 22.25 22.19 22.19 22.09 22.09 23.07 20.36 20.91 21.05 20.76 19.26 18.76 19.28 16.97 17.08 16.87 14.92 15.31 17.78 17.39 18.33 18.64 15.98 17.67 17.70 18.41 17.41 18.26 18.97 19.80 18.44 18.06 18.75 18.51 19.78 19.10 19.77 18.10 18.37 18.71 18.18 17.33 16.90 15.90 15.96 17.62 16.75 16.00 16.35 15.48 16.17 16.70 17.51 20.22 20.12 21.58 22.84 23.00 20.75 18.96 19.53 21.46 20.81 21.98 22.21 22.71 20.36 22.60 20.89 21.07 20.43
21.28 24.66 24.66 22.25 22.25 22.25 22.25 22.19 22.09 22.09 23.07 23.07 23.93 23.13 20.45 20.27 19.05 17.36 18.92 17.22 15.50 15.84 16.62 17.44 19.80 19.15 19.86 19.97 16.63 17.80 17.81 18.07 16.93 16.10 15.42 18.97 18.15 18.22 19.42 17.99 19.16 19.32 18.96 19.51 18.86 18.01 16.52 17.09 16.83 16.23 16.94 17.90 16.78 17.39 18.29 17.65 18.25 16.70 17.51 17.44 20.83 23.93 24.72 22.36 19.78 19.98 19.41 19.93 20.32 21.15 22.26 22.36 21.68 20.65 20.13 21.03 20.23
24.66 24.66 22.25 22.25 22.25 22.25 22.19 22.09 22.09 23.07 23.07 23.93 23.93 23.96 22.53 20.03 19.46 19.37 19.80 18.48 19.47 19.30 18.65 18.46 17.83 18.38 20.04 19.81 19.06 17.90 17.57 18.22 18.58 18.16 17.30 17.70 19.46 19.45 17.29 15.93 18.61 20.85 20.05 19.40 16.91 16.21 14.73 14.54 17.83 19.32 17.65 16.79 16.68 17.17 18.73 18.87 19.04 18.75 18.75 17.44 20.83 21.47 21.40 20.28 20.34 20.76 20.02 19.51 20.93 21.59 21.19 20.96 21.53 21.10 19.53 19.95 21.00
24.66 22.25 22.25 22.25 22.25 22.25 22.09 22.09 23.07 23.07 23.93 25.15 25.15 25.15 22.34 21.74 21.76 21.29 20.74 18.71 17.47 18.97 18.03 17.87 20.36 19.49 20.52 19.22 18.50 19.78 18.84 16.81 19.43 20.70 19.14 18.70 18.46 17.66 16.00 16.45 17.51 19.37 20.58 18.93 19.11 16.66 15.32 15.32 15.95 15.79 18.64 19.31 19.43 17.52 16.68 19.32 20.31 19.94 19.94 19.51 19.51 18.80 18.70 21.70 21.75 21.04 20.26 20.80 21.58 21.53 20.77 21.32 20.89 19.85 17.64 19.48 21.41
22.25 22.25 22.25 22.25 22.25 22.09 22.09 23.07 23.07 25.15 25.15 25.15 25.15 25.15 22.61 20.16 21.01 20.18 17.98 18.65 18.28 18.12 18.23 17.63 18.76 20.45 19.41 19.91 19.41 18.74 19.01 18.22 18.08 19.03 18.82 17.94 16.43 16.54 17.89 17.24 17.13 16.78 17.11 16.78 16.87 14.87 16.15 16.60 16.77 15.83 17.53 19.25 17.59 19.99 17.20 21.22 20.04 19.71 19.47 19.47 20.17 18.41 18.70 18.82 20.61 22.01 21.07 20.38 19.81 20.66 21.06 20.08 18.57 19.55 21.39 20.76 20.48
22.25 22.25 22.25 22.25 22.09 22.09 23.07 25.15 25.15 25.15 25.15 25.15 22.28 22.28 22.28 21.30 21.03 19.43 19.45 20.46 19.82 19.85 19.75 18.71 17.95 19.07 19.16 16.69 18.38 17.39 15.48 17.84 19.17 17.77 18.16 19.70 18.50 15.53 16.92 18.33 17.58 16.94 17.18 14.80 15.31 15.14 15.59 16.73 17.32 18.02 19.20 18.31 18.22 17.40 19.22 19.28 18.19 19.27 21.15 20.86 20.18 19.82 21.50 19.06 20.93 22.57 21.40 18.86 18.68 20.52 20.87 20.59 19.45 19.86 21.49 19.83 19.98
22.25 22.25 22.25 22.25 22.09 23.07 25.15 25.15 25.15 25.15 22.05 22.05 22.05 22.05 22.05 22.26 23.94 22.28 21.62 21.70 19.13 18.50 17.92 19.17 19.59 19.41 17.25 16.75 17.84 18.09 17.35 17.57 19.30 17.77 17.34 18.84 18.73 17.80 18.46 16.94 16.06 16.64 17.42 19.33 17.64 15.78 16.27 17.31 18.69 20.10 18.52 18.27 17.44 18.67 18.85 18.37 18.81 20.82 20.90 20.29 21.54 19.12 18.00 18.67 19.77 21.09 19.84 17.50 19.90 21.20 19.89 20.43 19.86 20.55 20.15 19.85 20.38
22.25 22.25 22.25 22.09 25.15 25.15 25.15 22.05 22.05 22.05 22.05 22.05 22.05 22.05 22.05 24.14 25.25 24.76 22.37 22.30 19.79 19.73 20.31 20.46 19.56 17.92 18.16 17.01 19.22 18.38 16.52 17.84 18.59 15.34 16.59 19.29 19.19 18.92 18.14 18.15 17.74 16.96 16.88 19.67 18.86 18.51 18.57 18.21 17.58 19.43 18.14 19.35 18.92 19.74 18.59 19.35 21.43 21.42 21.76 21.92 21.63 20.82 20.04 18.08 18.66 21.05 20.28 19.53 20.14 19.32 20.33 19.84 21.41 19.93 20.10 19.32 21.48
22.19 22.09 22.09 25.15 22.05 22.05 22.05 22.05 22.05 22.05 22.05 22.05 22.05 25.36 25.36 25.36 26.46 24.93 23.85 23.11 20.96 21.05 22.82 21.19 18.03 17.94 19.88 18.86 18.77 17.85 17.63 16.74 18.78 19.04 19.47 19.20 18.00 18.04 18.03 15.98 16.80 19.15 18.29 18.62 18.57 19.25 19.92 20.54 19.83 19.51 18.20 18.95 20.08 19.16 20.03 19.26 20.84 19.75 20.92 21.70 18.04 18.33 18.11 16.76 18.79 22.59 21.76 21.76 21.37 19.64 19.65 20.78 19.93 20.07 20.96 21.80 22.04
22.09 22.09 23.07 25.15 22.05 22.05 22.05 22.05 22.05 22.05 22.05 25.11 25.11 25.11 25.11 25.11 26.78 25.83 24.66 23.71 22.19 21.58 22.71 20.59 18.29 16.84 16.97 20.25 19.38 18.61 19.23 18.20 20.54 18.83 18.80 19.68 19.07 16.72 16.28 15.38 16.88 17.66 19.09 17.97 17.46 18.82 20.37 19.86 19.15 18.18 17.64 19.02 18.80 18.82 20.19 19.87 19.90 21.07 19.96 19.83 18.95 18.15 19.10 19.05 19.22 21.17 22.11 21.19 19.96 20.49 20.06 20.19 20.14 20.51 19.01 19.00 21.25
99999.90 23.07 23.07 25.15 22.05 22.05 22.05 22.05 25.11 25.11 25.11 25.11 25.11 25.11 25.11 25.11 25.40 25.05 23.91 23.72 22.75 23.16 20.60 19.37 18.19 19.69 19.28 20.85 19.27 17.52 19.54 19.84 19.32 20.09 18.60 17.30 16.06 16.61 16.36 15.84 16.50 16.30 20.54 20.13 20.09 20.14 19.29 18.02 18.06 17.23 18.02 17.88 18.73 18.88 18.15 17.30 16.61 19.88 21.75 20.93 19.31 19.53 20.62 20.65 19.57 21.49 23.16 21.50 21.31 20.89 20.65 18.27 18.95 19.64 19.10 20.95 19.24
99999.90 99999.90 23.93 25.15 22.05 25.11 25.11 25.11 25.11 25.11 25.11 25.11 25.11 25.11 25.11 25.40 25.40 25.71 24.92 23.71 23.69 21.39 21.30 20.51 19.08 18.38 18.44 19.37 16.46 15.62 18.51 18.03 18.77 17.97 15.73 18.23 16.44 16.11 18.56 17.32 17.55 16.04 18.66 18.31 19.56 19.67 18.99 17.81 17.98 19.37 17.46 18.17 17.53 20.11 17.64 18.58 20.32 19.33 19.86 20.09 22.05 19.53 19.04 18.79 18.41 18.60 20.95 21.53 22.31 17.80 17.59 17.76 17.74 19.35 19.30 20.12 19.62
99999.90 99999.90 99999.90 25.15 22.05 25.11 25.11 25.11 25.11 25.11 25.11 25.11 25.11 25.11 25.40 25.96 25.96 25.96 25.45 24.82 23.69 21.98 20.46 17.72 17.50 17.71 17.27 17.25 14.96 15.49 16.84 18.64 18.82 16.94 17.42 15.92 16.72 18.23 19.77 18.95 18.73 16.50 18.94 17.97 19.78 19.19 19.34 18.99 18.68 18.37 17.32 18.46 18.51 20.72 19.98 17.90 19.43 19.24 18.83 20.87 19.35 19.85 20.62 21.55 19.02 16.10 19.59 20.83 19.82 19.38 16.17 17.73 20.80 18.80 20.23 19.54 21.49
99999.90 99999.90 99999.90 25.15 22.05 25.11 25.11 25.11 25.11 25.11 25.11 25.11 25.11 26.06 26.06 26.06 26.06 26.06 25.44 24.61 22.94 20.35 18.40 17.20 17.11 17.19 17.87 16.32 16.06 15.89 18.43 17.20 17.53 17.47 17.00 18.62 17.98 18.77 17.15 18.44 17.15 18.93 19.79 18.79 19.02 19.06 19.29 19.57 20.20 19.74 18.50 20.17 18.86 18.31 19.27 19.48 18.16 18.83 18.93 21.80 19.13 18.13 20.16 19.30 18.17 15.85 17.15 21.21 22.23 22.78 18.67 18.89 20.76 19.84 21.20 22.06 22.46
99999.90 99999.90 99999.90 99999.90 22.05 25.11 25.11 25.11 25.11 25.11 25.11 26.06 26.06 26.06 26.06 26.06 26.06 26.06 24.43 22.43 20.00 19.96 18.50 17.52 17.38 16.32 14.70 14.77 17.73 17.00 17.51 18.18 18.09 17.86 17.62 16.38 16.54 17.46 18.27 18.11 18.62 19.34 20.01 19.34 17.48 17.83 19.57 19.37 20.54 20.20 20.81 20.71 19.08 19.66 19.70 18.90 17.83 19.51 18.57 19.55 19.46 19.06 18.56 20.69 18.99 17.05 18.29 19.92 20.69 23.92 21.34 21.55 18.85 20.14 21.78 22.85 22.45
99999.90 99999.90 99999.90 99999.90 22.05 23.82 23.82 23.82 23.82 23.82 23.82 26.06 26.06 26.06 26.06 26.06 23.04 23.04 23.04 21.60 19.95 19.18 18.74 18.07 15.83 15.77 16.95 16.65 16.61 15.87 18.68 18.22 19.48 19.56 18.08 18.32 18.34 17.72 17.29 16.23 20.28 19.56 19.10 18.95 19.09 18.83 19.47 20.02 20.59 19.20 20.71 19.05 18.51 21.29 19.32 18.49 19.15 20.46 18.36 17.14 19.98 20.85 19.27 19.32 20.79 18.84 17.77 19.04 21.99 21.67 21.87 22.15 20.26 20.78 22.92 23.43 23.24
99999.90 99999.90 99999.90 99999.90 22.05 23.82 23.82 23.82 23.82 23.82 23.82 23.82 23.82 23.82 21.45 21.45 21.45 21.45 21.45 18.61 16.51 14.78 15.44 15.98 15.52 15.71 17.28 17.34 18.63 19.13 20.32 19.40 18.52 17.67 16.92 17.99 18.96 18.63 18.69 18.39 19.02 19.24 20.51 19.20 18.13 17.96 19.52 20.29 20.03 21.33 20.45 19.92 20.96 21.64 19.47 19.84 21.42 20.79 20.39 19.79 20.26 20.53 19.00 18.35 19.60 19.10 18.06 18.24 20.06 20.93 21.39 21.36 19.01 20.64 22.02 23.20 23.09
99999.90 99999.90 99999.90 99999.90 99999.90 23.82 23.82 23.82 23.82 23.82 23.82 23.82 23.82 23.82 23.82 19.04 18.86 18.86 18.86 14.98 15.11 15.73 16.54 18.34 17.50 14.93 17.18 17.61 18.20 18.73 18.67 17.80 17.39 17.73 16.84 18.47 18.91 18.72 18.63 18.63 18.79 21.09 19.57 19.31 18.49 17.51 18.05 18.19 20.12 19.61 19.31 19.48 19.82 21.87 21.50 17.92 21.56 21.71 20.20 19.53 20.61 19.97 20.08 21.47 20.77 20.23 18.34 16.70 18.63 19.20 19.16 20.72 21.61 20.52 19.76 20.80 22.17
99999.90 99999.90 99999.90 99999.90 99999.90 23.82 23.82 23.82 23.82 23.82 23.82 23.82 23.82 23.82 23.82 23.82 19.04 16.74 16.74 14.30 17.00 17.22 16.98 16.79 15.70 14.84 17.04 17.13 17.87 16.68 18.09 17.69 18.24 18.14 18.08 19.24 19.25 19.95 18.69 19.00 18.48 20.07 19.82 19.31 18.59 19.78 20.35 19.76 19.02 20.33 20.20 18.37 19.41 19.60 21.47 21.44 20.20 20.49 21.19 19.74 19.07 20.08 20.22 21.00 20.83 19.21 17.79 17.09 16.39 17.46 19.54 19.84 21.76 21.63 20.03 22.23 22.95
99999.90 99999.90 99999.90 99999.90 99999.90 23.82 23.82 23.82 23.82 23.82 23.82 23.82 23.82 23.82 23.82 23.82 19.04 19.04 17.91 17.47 17.95 17.51 15.99 17.48 15.49 15.15 17.66 18.44 17.19 16.88 18.20 19.05 17.95 16.98 18.61 17.37 17.73 18.50 19.73 19.82 20.88 21.03 21.19 20.76 19.58 20.11 18.43 18.51 18.62 18.84 19.57 18.69 20.33 20.79 18.64 19.17 19.27 19.64 21.73 21.37 19.47 20.83 21.44 20.94 20.11 19.51 17.30 16.94 16.44 17.48 20.48 21.48 21.35 21.26 19.76 21.92 22.26
99999.90 99999.90 99999.90 99999.90 99999.90 23.82 23.82 23.82 23.82 23.82 23.82 23.82 23.82 23.82 23.82 23.82 22.83 18.43 18.08 17.01 15.20 15.47 18.59 18.03 16.46 16.70 16.68 18.17 17.74 18.38 18.07 18.67 18.48 17.74 18.13 18.73 18.89 18.44 19.14 18.05 18.33 20.59 21.22 20.56 19.59 20.08 19.21 21.50 20.82 20.37 20.04 20.75 19.11 20.46 19.02 17.09 20.75 20.32 21.54 20.46 20.67 19.93 19.19 19.60 19.46 22.22 20.44 19.70 14.79 17.21 22.97 23.31 21.63 21.00 20.29 21.39 21.77
99999.90 99999.90 99999.90 99999.90 99999.90 23.54 23.54 23.54 23.54 23.54 23.54 23.54 23.54 23.54 23.54 23.54 22.44 19.20 18.27 15.95 16.68 16.61 15.54 16.34 17.58 15.92 15.70 17.76 18.81 19.94 20.38 19.71 19.44 18.86 18.37 17.84 17.05 18.58 20.24 17.50 18.88 19.00 19.87 19.24 20.29 20.22 19.20 21.30 21.07 19.32 18.83 19.18 19.19 18.65 17.67 18.52 20.98 20.71 20.24 19.62 21.88 20.40 18.37 18.96 20.20 20.58 20.96 18.65 15.26 16.74 20.24 21.48 22.19 19.38 21.66 21.67 20.32
99999.90 99999.90 99999.90 99999.90 99999.90 21.76 21.76 21.76 21.76 21.76 21.76 21.76 21.76 21.76 21.76 21.76 23.15 19.00 15.15 15.95 16.36 17.17 16.18 17.57 16.92 17.22 17.65 18.08 18.61 18.62 19.18 18.53 20.66 19.43 18.66 17.91 17.97 18.23 18.01 18.72 16.67 18.42 19.52 19.96 20.23 19.81 18.30 19.38 18.26 19.35 19.05 18.49 17.59 17.57 16.29 19.04 19.51 19.56 19.54 20.09 21.01 19.19 18.87 18.78 17.76 17.81 21.47 20.22 17.09 15.50 17.94 20.93 21.39 18.94 20.07 19.23 20.82
99999.90 99999.90 99999.90 99999.90 99999.90 21.76 21.76 21.76 21.76 21.76 21.76 21.76 21.76 21.76 21.76 21.76 21.65 18.39 15.37 15.08 15.94 16.52 17.56 15.62 16.36 16.12 17.34 16.63 17.06 16.01 18.19 16.34 17.17 17.17 16.67 18.32 18.57 19.81 18.53 18.34 17.38 17.91 19.69 18.24 18.20 17.46 19.06 18.76 19.95 18.38 19.54 19.84 19.29 19.48 19.48 19.93 19.31 19.79 22.11 21.78 18.88 16.64 15.39 17.71 20.03 19.41 19.92 19.00 19.07 17.99 15.83 19.97 20.17 21.35 19.58 20.48 19.95
99999.90 99999.90 99999.90 99999.90 99999.90 21.76 21.76 21.76 21.76 21.76 21.76 21.76 21.76 21.76 20.33 20.33 20.33 19.21 18.33 18.31 16.73 16.69 15.41 16.35 16.93 16.07 16.14 16.09 15.66 15.55 18.06 19.30 18.78 18.33 17.95 17.01 19.37 18.77 18.76 19.02 18.12 19.22 20.18 18.24 18.01 18.07 17.49 17.30 20.54 19.07 18.68 21.17 20.00 19.62 18.95 20.36 20.99 22.37 22.59 21.74 20.66 16.58 17.07 17.67 21.10 18.81 18.77 16.55 20.30 16.91 17.17 18.05 20.58 23.44 20.31 20.41 20.59
99999.90 99999.90 99999.90 99999.90 99999.90 21.76 21.76 21.76 21.76 21.76 21.76 21.76 21.48 21.48 21.48 21.48 21.48 21.39 21.32 17.95 16.97 16.52 15.72 15.59 14.90 14.83 16.99 16.61 16.75 16.14 17.18 18.24 17.73 16.82 17.40 17.07 19.53 18.09 19.91 20.46 19.46 19.48 19.48 19.26 19.88 19.41 17.99 18.13 20.28 19.75 19.46 19.53 19.80 21.77 20.85 19.93 19.83 20.93 20.49 21.06 20.54 18.38 19.80 18.83 21.18 19.21 19.34 17.32 17.01 17.35 15.93 17.85 21.63 21.68 22.92 21.42 18.90
