main/data/irradiance/04.09.2023.grid
ncols 839
nrows 679
xllcenter 112.0500
yllcenter -43.9500
cellsize 0.0500
nodata_value 99999.90
[rows 136 to 169 of 679, columns 616 to 692 of 839]
23.17 23.12 23.17 23.12 23.06 23.08 23.16 23.15 23.13 23.11 23.11 23.09 23.17 23.06 23.18 23.22 23.15 23.16 23.15 23.19 23.24 23.19 23.23 23.22 23.29 23.27 23.25 23.23 23.24 23.21 23.02 23.11 23.23 23.21 23.16 23.34 23.36 23.43 23.46 23.46 23.44 23.28 23.43 23.45 23.48 23.52 23.53 23.55 23.60 23.61 23.67 23.68 23.67 23.48 23.43 23.26 23.39 23.39 23.39 23.39 23.51 23.59 23.59 23.59 23.59 23.59 23.59 23.59 23.59 23.59 23.59 23.59 23.44 23.59 99999.90 99999.90 99999.90
23.15 23.13 23.06 23.12 23.09 23.04 23.06 23.12 23.14 23.12 23.10 23.08 23.18 23.08 23.06 23.17 23.16 23.18 23.13 23.14 23.16 23.14 23.20 23.21 23.25 23.23 23.22 23.21 23.22 23.22 23.16 23.06 23.12 23.18 23.15 23.30 23.32 23.42 23.45 23.43 23.46 23.34 23.39 23.39 23.24 23.40 23.46 23.53 23.54 23.54 23.59 23.61 23.61 23.63 23.54 23.60 23.53 23.44 23.44 23.42 23.51 23.59 23.59 23.59 23.59 23.59 23.59 23.59 23.59 23.59 23.59 23.59 23.44 23.59 23.60 99999.90 99999.90
23.10 23.10 23.02 23.08 23.06 23.10 23.05 23.02 23.06 23.08 23.00 23.03 23.18 23.12 23.12 23.16 23.17 23.14 23.17 23.07 23.06 23.10 23.12 23.18 23.18 23.23 23.22 23.20 23.23 23.22 23.25 23.24 23.11 23.18 23.22 23.23 23.30 23.37 23.39 23.39 23.31 23.40 23.34 23.26 23.37 23.39 23.46 23.47 23.54 23.55 23.54 23.57 23.59 23.67 23.65 23.60 23.70 23.66 23.66 23.42 23.51 23.59 23.59 23.59 23.59 23.59 23.59 23.59 23.59 23.59 23.59 23.59 23.44 23.60 23.60 99999.90 99999.90
23.09 23.13 23.09 23.06 23.04 23.02 23.08 23.05 23.02 22.95 23.10 23.06 23.11 23.15 23.20 23.34 23.33 23.19 23.08 23.07 23.11 23.08 23.09 23.14 23.23 23.24 23.23 23.23 23.24 23.22 23.21 23.21 23.23 23.23 23.30 23.27 23.30 23.30 23.33 23.26 23.30 23.42 23.29 23.43 23.43 23.35 23.40 23.36 23.44 23.47 23.51 23.54 23.62 23.57 23.59 23.67 23.68 23.64 23.46 23.60 23.57 23.59 23.59 23.59 23.59 23.59 23.59 23.59 23.59 23.59 23.59 23.59 23.44 23.60 23.60 99999.90 99999.90
23.06 23.06 23.04 23.03 23.00 22.97 22.95 23.01 22.99 22.96 22.96 23.12 23.10 23.11 23.09 23.17 23.19 23.25 23.09 23.09 23.09 23.12 23.09 23.19 23.25 23.22 23.21 23.22 23.24 23.21 23.17 23.18 23.21 23.25 23.25 23.28 23.29 23.32 23.32 23.33 23.36 23.29 23.34 23.36 23.32 23.37 23.38 23.30 23.27 23.27 23.39 23.34 23.25 23.47 23.62 23.67 23.72 23.75 23.38 23.23 23.60 23.60 23.60 23.59 23.59 23.59 23.59 23.59 23.44 23.44 23.44 23.44 23.60 23.60 23.60 99999.90 99999.90
23.03 23.04 23.06 23.06 22.96 22.96 22.92 22.86 22.98 22.99 23.00 23.01 23.02 23.18 23.18 23.23 23.17 23.20 23.24 23.20 23.15 23.14 23.07 23.14 23.20 23.22 23.22 23.24 23.23 23.18 23.19 23.19 23.19 23.23 23.24 23.27 23.28 23.33 23.27 23.25 23.31 23.40 23.36 23.35 23.29 23.25 23.25 23.32 23.35 23.33 23.48 23.43 23.56 23.58 23.66 23.69 23.64 23.63 23.70 23.51 23.43 23.43 23.60 23.60 23.60 23.60 23.44 23.44 23.44 23.44 23.60 23.60 23.60 23.60 23.60 99999.90 99999.90
23.02 23.01 23.06 23.06 23.00 22.98 22.91 22.89 22.92 22.95 23.00 22.97 22.95 23.25 23.18 23.30 23.30 23.32 23.27 23.27 23.28 23.22 23.19 23.11 23.13 23.19 23.19 23.22 23.22 23.21 23.19 23.18 23.18 23.14 23.20 23.24 23.23 23.26 23.27 23.25 23.28 23.34 23.35 23.30 23.31 23.27 23.32 23.22 23.33 23.40 23.47 23.46 23.53 23.63 23.65 23.69 23.69 23.62 23.47 23.60 23.56 23.60 23.60 23.60 23.44 23.44 23.44 23.44 23.44 23.60 23.60 23.60 23.60 23.60 23.60 22.69 99999.90
22.99 23.02 23.00 23.01 23.02 22.94 22.95 22.93 22.93 22.88 22.93 22.98 22.99 23.21 23.17 23.23 23.27 23.29 23.32 23.25 23.24 23.23 23.25 23.18 23.08 23.12 23.14 23.18 23.11 23.15 23.20 23.17 23.17 23.20 23.18 23.22 23.23 23.13 23.22 23.24 23.27 23.30 23.32 23.29 23.31 23.29 23.22 23.30 23.21 23.20 23.32 23.47 23.50 23.51 23.64 23.65 23.62 23.57 23.20 23.29 23.48 23.41 23.41 23.44 23.44 23.44 23.44 23.59 23.60 23.60 23.60 23.60 23.60 23.60 23.60 22.69 99999.90
22.97 23.01 23.02 22.98 22.92 22.94 22.95 22.98 22.94 23.00 23.05 23.13 23.11 23.05 23.21 23.10 23.23 23.21 23.25 23.28 23.28 23.26 23.27 23.18 23.05 23.06 23.13 23.15 23.10 23.11 23.18 23.16 23.17 23.13 23.18 23.19 23.16 23.04 23.10 23.09 23.28 23.27 23.24 23.22 22.99 22.64 22.84 22.76 22.97 23.24 23.41 23.52 23.62 23.67 23.62 23.66 23.66 23.60 23.45 22.95 23.54 23.26 23.44 23.44 23.44 23.59 23.59 23.60 23.60 23.60 23.60 23.60 23.60 23.60 23.60 22.69 99999.90
22.96 22.94 22.91 22.89 22.86 22.85 22.90 22.97 22.97 22.94 23.03 23.03 23.13 23.17 23.22 23.13 23.10 23.19 23.21 23.22 23.21 23.09 23.02 23.04 23.04 23.02 23.07 23.09 23.12 23.14 23.12 23.16 23.17 23.14 23.17 23.13 22.94 22.95 23.08 23.12 23.21 23.24 23.12 23.20 22.72 22.27 22.69 22.67 22.96 23.13 23.40 23.55 23.64 23.60 23.55 23.46 23.59 23.69 23.63 23.61 23.79 23.52 23.40 23.40 23.59 23.59 23.60 23.60 23.60 23.60 23.60 23.60 23.60 23.60 23.60 22.69 99999.90
22.94 22.95 22.94 22.94 22.91 22.90 22.90 23.01 23.06 22.96 22.99 23.08 23.15 23.19 23.18 23.11 23.02 22.93 23.01 23.04 23.09 23.13 23.11 23.14 23.09 23.05 23.07 23.10 23.09 23.10 23.13 23.09 23.09 23.10 23.11 23.09 23.07 22.90 23.00 22.98 22.98 23.03 22.94 22.58 21.64 22.11 22.82 22.72 23.05 23.03 23.33 23.54 23.61 23.63 23.63 23.53 23.53 23.44 23.52 23.65 23.73 23.68 23.09 23.59 23.59 23.60 23.60 23.60 23.60 23.60 23.60 23.60 23.60 23.60 23.60 22.69 99999.90
22.90 22.94 22.97 22.96 22.89 22.86 22.88 22.95 23.08 22.96 22.98 23.06 23.11 23.17 23.15 23.15 23.02 23.08 23.07 23.08 23.15 23.18 23.11 23.03 23.06 23.01 22.98 23.06 23.10 23.13 23.21 23.12 23.08 23.09 23.08 23.07 23.09 23.04 22.94 22.92 22.72 22.68 22.86 22.58 22.44 22.40 22.76 23.07 22.87 22.81 23.40 23.57 23.58 23.62 23.65 23.65 23.66 23.68 23.61 23.76 23.77 22.81 23.10 22.64 23.60 23.60 23.60 23.60 23.60 23.60 23.60 23.60 23.60 23.60 23.60 22.69 99999.90
22.98 22.96 23.02 23.01 22.93 22.99 23.08 23.03 23.03 22.88 23.02 23.01 23.05 23.09 23.12 23.12 23.04 23.22 23.10 23.08 23.11 23.10 23.13 23.01 23.00 23.01 22.99 23.02 23.04 23.04 23.11 23.10 23.14 23.13 23.08 23.09 23.05 23.10 23.05 23.04 23.00 22.94 23.06 23.15 22.88 22.94 22.67 22.83 22.77 22.77 22.99 23.37 23.58 23.62 23.64 23.65 23.65 23.67 23.69 23.72 23.71 23.28 23.33 23.16 23.60 23.60 23.60 23.60 23.60 23.60 23.60 23.60 23.60 22.69 22.69 22.69 99999.90
22.96 22.97 22.95 22.95 22.91 23.04 23.02 23.00 22.86 22.75 22.88 22.99 23.01 23.09 23.13 23.09 23.09 23.17 23.12 23.07 23.13 23.15 23.12 23.01 22.96 22.99 23.01 23.01 23.00 23.05 23.05 23.06 23.16 23.12 23.04 23.05 23.12 23.14 23.10 23.11 23.04 23.12 23.05 23.14 23.21 23.19 23.07 22.78 23.01 22.77 22.96 23.20 23.33 23.61 23.62 23.64 23.63 23.61 23.63 23.66 23.47 23.35 23.09 23.64 23.54 23.54 23.54 23.54 23.54 23.54 22.69 22.69 22.69 22.69 22.69 22.69 99999.90
22.91 22.96 22.88 22.92 22.85 22.98 22.87 22.88 22.88 22.87 22.81 22.99 22.99 22.99 23.08 23.05 23.11 23.14 23.12 23.06 23.08 23.14 23.15 23.07 23.01 22.99 23.03 23.15 23.03 23.06 23.08 23.05 23.10 23.06 22.99 23.01 23.02 23.02 23.14 23.15 23.05 23.05 23.08 23.12 23.13 23.11 23.13 23.16 23.10 22.85 22.82 23.31 23.53 23.56 23.63 23.67 23.58 23.56 23.60 23.52 23.38 23.31 23.10 23.07 23.43 23.43 23.43 22.69 22.69 22.69 22.69 22.69 22.69 22.69 22.69 22.69 99999.90
22.84 22.87 22.93 22.89 22.94 22.89 22.74 22.84 22.87 22.98 22.91 22.98 23.02 22.98 23.03 23.13 23.14 23.08 23.07 23.06 23.06 23.06 23.07 23.04 22.99 23.01 23.06 23.13 23.09 23.04 23.07 23.05 23.03 23.03 22.92 23.00 23.00 22.95 23.05 23.07 23.00 23.10 23.11 23.10 23.12 22.92 23.13 23.18 23.14 23.14 23.07 23.33 23.53 23.54 23.63 23.50 23.50 23.34 23.49 23.18 23.03 23.10 22.94 22.90 22.87 22.87 22.69 22.69 22.69 22.69 22.69 22.69 22.69 22.69 22.69 22.69 99999.90
22.84 22.82 22.88 22.89 22.87 22.84 22.86 22.86 22.88 22.89 22.96 22.92 22.93 22.97 22.92 23.08 23.08 23.04 23.03 23.03 23.04 23.00 22.98 23.08 23.04 23.07 23.03 23.05 23.00 23.03 23.06 23.08 22.96 22.96 22.98 23.02 22.95 22.96 22.95 22.98 22.99 22.97 22.97 22.83 22.96 22.63 23.04 23.15 23.30 22.94 22.98 23.12 23.48 23.52 23.56 23.46 23.45 23.19 23.29 23.09 22.95 22.67 23.17 22.60 22.88 22.69 22.69 22.69 22.69 22.69 22.69 22.69 22.69 22.69 22.69 22.69 99999.90
22.88 22.81 22.81 22.84 22.85 22.85 22.88 22.84 22.85 22.91 23.00 23.02 23.01 22.97 22.96 22.97 23.00 23.01 23.03 22.96 23.01 23.00 23.00 23.05 23.00 23.03 23.03 23.03 23.04 23.03 23.07 23.00 23.02 22.97 23.03 23.15 22.95 22.88 22.86 22.92 22.75 22.85 22.78 22.75 22.94 22.80 22.92 23.16 23.17 23.32 23.41 23.42 23.45 23.50 23.58 23.46 23.53 23.13 23.22 22.95 23.16 22.62 22.55 23.13 23.09 22.69 22.69 22.69 22.69 22.69 22.69 22.69 22.69 22.69 22.69 22.69 99999.90
22.88 22.83 22.83 22.78 22.81 22.86 22.82 22.78 22.80 22.94 22.94 23.02 23.05 22.98 22.91 22.98 22.95 22.98 22.93 22.92 22.89 22.96 22.99 22.94 22.94 22.97 23.03 23.00 22.99 23.01 23.06 23.03 23.07 22.99 22.95 22.95 22.92 22.88 22.41 22.58 22.60 22.57 22.49 22.60 22.81 22.38 22.83 22.25 23.13 23.27 23.45 23.50 23.49 23.50 23.51 23.40 23.03 23.30 23.09 23.48 23.10 22.64 22.23 22.69 22.90 22.90 22.90 22.69 22.69 22.69 22.69 22.69 22.69 22.69 22.69 22.69 99999.90
22.85 22.81 22.77 22.77 22.78 22.80 22.79 22.83 22.87 22.97 22.99 22.96 22.98 23.00 22.94 22.93 22.91 22.92 22.89 22.87 22.87 22.95 22.92 22.87 22.89 22.93 23.00 23.02 23.05 23.06 23.02 23.01 23.01 22.90 23.01 22.81 22.85 22.58 22.51 22.40 22.36 22.36 22.07 22.18 22.63 22.66 22.57 22.59 22.90 23.06 23.37 23.49 23.47 23.49 23.51 23.44 23.47 23.31 23.30 22.35 22.58 22.56 22.60 22.48 22.73 22.73 22.73 22.73 22.73 22.69 22.69 22.69 22.69 22.69 22.69 22.69 22.22
22.78 22.76 22.76 22.81 22.80 22.77 22.73 22.82 22.88 22.98 22.97 22.99 23.02 22.96 22.98 22.94 23.00 22.93 22.86 22.88 22.91 22.97 22.88 22.85 22.90 22.94 23.05 23.05 22.97 22.97 23.00 23.03 23.00 22.93 22.92 22.91 22.75 22.72 22.38 22.20 21.76 21.71 22.23 22.22 22.57 22.38 22.41 22.49 22.66 22.97 23.17 23.43 23.41 23.47 23.47 23.44 23.48 23.46 23.11 22.87 23.12 23.33 23.06 22.96 22.91 22.91 22.91 22.91 22.91 22.91 22.91 22.91 22.91 22.69 22.69 22.69 22.22
22.75 22.77 22.78 22.75 22.73 22.75 22.75 22.82 22.87 22.98 22.90 22.92 22.97 22.97 22.95 22.90 22.88 22.86 22.82 22.87 22.87 22.91 22.88 22.74 22.85 22.81 22.99 22.97 23.01 23.02 23.01 22.99 22.96 22.93 22.81 22.78 22.54 22.75 22.05 21.95 22.31 22.25 21.77 22.01 22.23 22.24 22.50 22.78 22.53 23.00 23.24 23.38 23.42 23.44 23.44 23.42 23.46 23.42 23.17 22.95 23.04 23.46 23.19 22.85 22.79 22.79 22.79 22.79 22.79 22.79 22.79 22.79 22.79 22.79 22.79 22.22 22.22
22.64 22.72 22.80 22.81 22.84 22.80 22.83 22.87 22.91 22.99 22.94 22.91 22.92 22.92 22.87 22.82 22.84 22.87 22.87 22.98 23.05 22.92 22.89 23.01 22.95 22.98 22.88 22.95 22.88 22.90 22.97 22.98 22.98 22.55 22.72 22.70 22.41 22.46 22.67 22.49 22.27 21.46 22.01 22.30 21.87 22.26 22.49 22.11 22.34 22.08 22.58 23.27 23.37 23.40 23.40 23.43 23.45 23.30 22.93 22.88 23.07 22.76 22.95 22.80 23.13 23.13 23.13 23.13 23.13 23.13 23.13 23.13 23.13 22.22 22.22 22.22 22.22
22.68 22.73 22.82 22.83 22.81 22.85 22.85 22.81 22.90 22.92 22.90 22.91 22.84 22.87 22.86 22.85 22.83 22.87 22.96 22.94 22.99 22.99 22.94 23.01 23.00 23.01 22.95 22.98 22.97 22.97 22.85 22.80 22.68 22.55 22.09 22.44 22.53 22.50 22.06 22.08 21.99 21.72 22.26 21.46 21.87 22.22 22.32 22.48 22.73 22.71 22.91 23.29 23.30 23.33 23.38 23.42 23.40 23.07 23.00 22.60 22.32 22.39 22.36 22.38 23.13 23.13 23.13 23.13 23.13 23.13 23.13 22.22 22.22 22.22 22.22 22.22 22.22
22.60 22.62 22.71 22.76 22.81 22.82 22.86 22.82 22.87 22.85 22.84 22.85 22.78 22.84 22.86 22.85 22.82 22.98 22.99 22.95 22.96 22.96 22.94 22.98 23.00 23.01 22.95 22.91 22.87 22.68 22.70 22.40 22.39 21.99 21.97 22.14 22.35 22.28 22.27 22.35 22.18 22.49 21.98 21.94 21.80 21.96 22.18 21.86 22.00 22.69 22.96 23.30 23.32 23.33 23.37 23.38 23.28 23.00 22.92 22.53 22.29 22.35 21.99 22.46 22.46 22.46 23.13 23.13 23.13 22.22 22.22 22.22 22.22 22.22 22.22 22.22 22.22
22.58 22.63 22.60 22.73 22.71 22.77 22.85 22.74 22.82 22.82 22.78 22.79 22.80 22.81 22.80 22.78 22.82 22.93 22.93 22.97 22.95 22.96 22.90 22.94 22.97 22.92 22.91 22.92 22.90 22.72 22.80 22.72 22.34 22.48 21.98 22.40 22.31 22.50 22.41 22.39 22.34 21.95 21.86 22.05 21.51 21.35 21.53 22.37 22.35 22.37 22.70 23.26 23.32 23.31 23.36 23.36 23.40 22.87 22.70 22.40 22.43 22.20 22.10 22.86 22.86 22.86 22.86 22.86 22.22 22.22 22.22 22.22 22.22 22.22 22.22 22.22 22.22
22.67 22.52 22.81 22.76 22.72 22.76 22.84 22.80 22.71 22.73 22.76 22.80 22.80 22.78 22.80 22.80 22.89 22.99 22.96 22.94 22.87 22.86 22.91 22.92 22.95 22.90 22.90 22.92 22.85 22.67 22.82 22.50 21.93 21.47 21.24 21.94 22.16 22.30 22.63 22.21 22.26 22.35 22.31 22.19 21.56 21.51 21.90 21.28 21.82 22.20 22.91 23.20 23.31 23.35 23.35 23.33 23.33 23.38 23.15 22.81 22.08 22.35 22.63 22.86 22.86 22.86 22.26 22.26 22.22 22.22 22.22 22.22 22.22 22.22 22.22 22.22 22.22
22.67 22.70 22.55 22.68 22.81 22.77 22.76 22.74 22.86 22.87 22.79 22.83 22.89 22.83 22.82 22.81 22.92 22.90 22.87 22.90 22.79 22.79 22.82 22.87 22.90 22.89 22.89 22.84 22.89 22.76 22.60 22.25 22.30 22.24 21.49 21.80 22.49 22.71 22.59 22.57 22.31 22.38 21.89 21.12 21.87 22.19 20.30 21.45 22.02 22.26 22.79 23.23 23.28 23.30 23.31 23.36 23.39 23.19 22.85 22.07 22.28 22.52 22.65 22.65 22.65 22.26 22.26 22.26 22.22 22.22 22.22 22.22 22.22 22.22 22.22 22.88 22.88
22.71 22.56 22.73 22.67 22.64 22.65 22.68 22.79 22.79 22.82 22.86 22.82 22.79 22.84 22.82 22.81 22.89 22.84 22.90 22.90 22.85 22.79 22.84 22.86 22.84 22.88 22.85 22.86 22.89 22.72 22.66 22.46 22.17 21.80 21.51 22.04 22.23 22.23 22.52 22.44 22.20 22.50 22.43 21.82 21.79 20.52 20.89 21.79 21.37 21.95 22.76 22.82 23.17 23.09 23.07 23.13 23.18 23.21 23.02 23.17 22.78 22.68 22.72 22.72 22.80 22.26 22.26 22.26 22.22 22.22 22.22 22.22 22.22 22.88 22.88 22.88 22.88
22.69 22.68 22.62 22.65 22.61 22.74 22.69 22.82 22.84 22.82 22.84 22.80 22.75 22.76 22.83 22.82 22.85 22.91 22.89 22.86 22.82 22.83 22.85 22.90 22.91 22.84 22.81 22.86 22.89 22.89 22.67 22.63 22.21 22.31 22.37 21.77 21.99 22.29 22.52 22.51 22.27 22.23 22.13 21.95 21.28 21.05 21.15 20.28 21.36 21.71 20.63 21.32 22.73 23.09 22.98 22.91 22.76 23.15 23.24 23.17 22.94 22.43 22.06 22.80 22.80 22.26 22.26 22.26 22.22 22.22 22.22 22.88 22.88 22.88 22.88 22.88 22.88
22.75 22.71 22.68 22.75 22.72 22.77 22.85 22.92 22.84 22.82 22.86 22.83 22.75 22.81 22.80 22.79 22.79 22.95 22.92 22.82 22.85 22.77 22.86 22.88 22.87 22.84 22.83 22.85 22.87 22.80 22.83 22.70 22.52 22.40 22.11 21.93 22.34 22.38 22.22 22.25 21.97 22.03 22.22 22.19 22.20 21.67 21.50 22.12 20.77 20.00 20.62 21.46 22.12 22.69 23.00 23.12 23.14 23.08 23.00 23.07 22.98 22.56 22.23 22.38 22.85 22.85 22.26 22.25 22.61 22.61 22.88 22.88 22.88 22.88 22.88 22.88 22.88
22.70 22.65 22.67 22.70 22.64 22.81 22.92 22.88 22.87 22.91 22.85 22.80 22.75 22.81 22.84 22.81 22.76 22.86 22.78 22.80 22.79 22.80 22.83 22.90 22.90 22.80 22.79 22.77 22.87 22.88 22.82 22.80 22.54 22.52 22.44 22.22 22.40 22.44 22.27 21.97 21.58 21.32 22.25 21.96 22.06 21.09 20.79 21.06 20.83 20.14 20.65 21.81 22.07 22.77 23.04 23.16 23.04 22.94 22.57 22.31 22.52 22.51 22.87 22.73 22.48 22.70 22.98 22.25 22.14 22.88 22.88 22.88 22.88 22.88 22.88 22.88 22.88
22.58 22.49 22.67 22.58 22.75 22.77 22.83 22.84 22.75 22.78 22.80 22.75 22.72 22.75 22.83 22.82 22.78 22.55 22.51 22.50 22.52 22.78 22.84 22.88 22.90 22.81 22.77 22.80 22.74 22.84 22.86 22.79 22.50 22.73 22.58 22.34 22.38 22.39 22.17 21.99 22.18 21.51 21.46 21.10 21.65 21.74 21.35 21.90 21.08 20.65 21.48 21.86 22.43 22.80 23.02 23.07 23.09 22.90 22.85 22.67 22.62 22.96 22.63 22.97 22.94 22.71 22.80 22.80 21.83 22.61 22.61 22.61 22.61 22.61 22.61 22.61 22.61
22.52 22.75 22.58 22.53 22.75 22.67 22.79 22.84 22.70 22.78 22.76 22.72 22.77 22.73 22.81 22.82 22.68 22.54 22.36 22.38 22.74 22.83 22.83 22.82 22.79 22.83 22.79 22.80 22.81 22.84 22.69 22.84 22.71 22.57 22.39 22.56 22.31 22.26 22.34 22.24 22.03 22.03 22.25 22.00 21.92 21.94 21.42 21.01 21.93 21.59 20.74 21.08 22.37 22.84 22.98 23.08 23.01 22.94 22.92 22.80 23.05 22.74 22.56 22.95 22.95 22.87 22.63 22.63 21.83 22.61 22.61 22.61 22.61 22.61 22.61 22.61 22.61
