main/data/irradiance/04.05.2023.grid
ncols 839
nrows 679
xllcenter 112.0500
yllcenter -43.9500
cellsize 0.0500
nodata_value 99999.90
[rows 272 to 305 of 679, columns 308 to 384 of 839]
18.44 18.44 18.46 18.47 18.46 18.45 18.21 18.44 18.45 18.45 18.46 18.46 18.42 18.46 18.46 18.43 18.45 18.46 18.43 18.42 18.43 18.44 18.43 18.43 18.40 18.42 18.41 18.42 18.43 18.42 18.41 18.41 18.42 18.45 18.45 18.45 18.44 18.44 18.42 18.41 18.42 18.42 18.45 18.45 18.43 18.44 18.43 18.43 18.43 18.44 18.41 18.39 18.40 18.40 18.32 18.35 18.28 18.09 18.27 18.32 18.35 18.29 18.36 18.47 18.47 18.47 18.44 18.42 18.41 18.35 18.26 18.13 18.15 18.11 18.28 18.27 18.26
18.44 18.44 18.45 18.42 18.44 18.35 18.31 18.41 18.43 18.43 18.42 18.43 18.41 18.41 18.42 18.42 18.41 18.42 18.40 18.38 18.38 18.39 18.40 18.40 18.38 18.38 18.39 18.40 18.42 18.43 18.43 18.42 18.42 18.42 18.43 18.42 18.44 18.43 18.37 18.38 18.38 18.35 18.39 18.42 18.42 18.39 18.39 18.40 18.40 18.41 18.42 18.42 18.41 18.35 18.32 18.19 18.02 18.29 18.33 18.32 18.30 18.29 18.26 18.38 18.37 18.32 18.40 18.42 18.38 18.34 18.33 18.23 18.14 18.16 18.22 18.19 18.22
18.42 18.43 18.43 18.41 18.42 18.41 18.38 18.40 18.41 18.41 18.41 18.40 18.39 18.38 18.39 18.40 18.40 18.37 18.39 18.37 18.36 18.38 18.38 18.37 18.38 18.39 18.40 18.41 18.39 18.38 18.40 18.39 18.38 18.39 18.41 18.40 18.40 18.41 18.40 18.38 18.36 18.36 18.38 18.38 18.35 18.36 18.37 18.40 18.41 18.39 18.38 18.39 18.37 18.36 18.29 18.35 18.25 18.26 18.33 18.37 18.34 18.27 18.33 18.37 18.37 18.39 18.37 18.37 18.39 18.33 18.32 18.34 18.30 18.11 18.09 18.21 18.23
18.38 18.38 18.39 18.40 18.39 18.39 18.39 18.39 18.39 18.41 18.40 18.38 18.38 18.37 18.36 18.38 18.38 18.34 18.31 18.34 18.33 18.35 18.38 18.38 18.37 18.39 18.38 18.39 18.37 18.35 18.37 18.38 18.37 18.37 18.39 18.39 18.40 18.39 18.39 18.37 18.36 18.37 18.36 18.34 18.34 18.36 18.35 18.37 18.38 18.37 18.36 18.38 18.37 18.36 18.36 18.30 18.35 18.35 18.37 18.35 18.34 18.38 18.31 18.39 18.40 18.38 18.38 18.36 18.37 18.36 18.37 18.36 18.36 18.34 18.20 18.17 18.18
18.34 18.35 18.35 18.38 18.39 18.39 18.38 18.38 18.36 18.38 18.37 18.36 18.36 18.34 18.34 18.35 18.34 18.36 18.34 18.33 18.32 18.33 18.33 18.34 18.35 18.35 18.36 18.35 18.34 18.35 18.34 18.34 18.32 18.35 18.36 18.36 18.36 18.36 18.36 18.36 18.30 18.33 18.35 18.35 18.33 18.33 18.33 18.36 18.38 18.36 18.36 18.36 18.35 18.41 18.39 18.34 18.35 18.33 18.26 18.33 18.22 18.25 18.37 18.28 18.24 18.37 18.35 18.35 18.36 18.37 18.32 18.32 18.35 18.37 18.36 18.33 18.21
18.32 18.33 18.33 18.33 18.34 18.35 18.34 18.34 18.35 18.35 18.34 18.32 18.31 18.36 18.35 18.31 18.31 18.31 18.31 18.30 18.31 18.31 18.31 18.30 18.29 18.30 18.29 18.30 18.32 18.32 18.34 18.35 18.36 18.36 18.35 18.35 18.34 18.34 18.34 18.35 18.33 18.34 18.35 18.34 18.34 18.32 18.33 18.31 18.31 18.35 18.38 18.37 18.35 18.36 18.39 18.38 18.33 18.33 18.31 18.30 18.30 18.32 18.33 18.34 18.34 18.36 18.34 18.35 18.36 18.35 18.34 18.32 18.29 18.28 18.30 18.32 18.33
18.29 18.31 18.32 18.32 18.32 18.32 18.32 18.33 18.33 18.33 18.34 18.33 18.26 18.30 18.30 18.30 18.28 18.29 18.29 18.28 18.29 18.31 18.29 18.29 18.28 18.27 18.28 18.30 18.27 18.28 18.32 18.33 18.36 18.34 18.35 18.34 18.32 18.34 18.33 18.31 18.25 18.34 18.32 18.32 18.30 18.31 18.32 18.33 18.29 18.26 18.28 18.24 18.30 18.30 18.28 18.34 18.34 18.33 18.29 18.31 18.31 18.32 18.31 18.31 18.32 18.31 18.32 18.32 18.34 18.35 18.33 18.28 18.29 18.33 18.33 18.31 18.34
18.27 18.27 18.28 18.31 18.30 18.29 18.31 18.32 18.31 18.31 18.32 18.31 18.18 18.28 18.29 18.26 18.26 18.27 18.27 18.27 18.28 18.29 18.28 18.29 18.29 18.05 17.90 18.29 18.31 18.28 18.30 18.30 18.31 18.32 18.32 18.34 18.33 18.26 18.27 18.24 18.21 18.27 18.28 18.27 18.27 18.26 18.26 18.27 18.24 18.20 18.25 18.23 18.23 18.25 18.30 18.31 18.30 18.29 18.27 18.29 18.30 18.32 18.29 18.30 18.29 18.28 18.27 18.29 18.31 18.29 18.32 18.31 18.29 18.28 18.29 18.31 18.34
18.23 18.27 18.27 18.28 18.27 18.27 18.30 18.29 18.31 18.29 18.28 18.27 18.27 18.25 18.23 18.23 18.25 18.26 18.24 18.25 18.25 18.26 18.26 18.27 18.26 18.29 18.29 18.28 18.30 18.30 18.30 18.31 18.31 18.32 18.31 18.30 18.32 18.27 18.26 18.27 18.27 18.28 18.26 18.25 18.24 18.23 18.21 18.24 18.28 18.23 18.16 18.17 18.19 18.20 18.20 18.25 18.29 18.26 18.28 18.27 18.28 18.29 18.28 18.26 18.25 18.27 18.28 18.29 18.29 18.29 18.29 18.28 18.30 18.28 18.29 18.28 18.25
18.18 18.18 18.26 18.27 18.24 18.24 18.24 18.24 18.25 18.25 18.23 18.24 18.23 18.21 18.20 18.19 18.21 18.23 18.23 18.23 18.21 18.22 18.24 18.24 18.27 18.27 18.25 18.25 18.25 18.05 18.29 18.28 18.28 18.25 18.24 18.24 18.23 18.22 18.23 18.22 18.25 18.26 18.27 18.25 18.23 18.23 18.22 18.25 18.26 18.23 18.20 18.13 18.18 18.17 18.24 18.28 18.26 18.24 18.26 18.25 18.25 18.24 18.26 18.24 18.22 18.24 18.24 18.27 18.27 18.27 18.25 18.24 18.21 18.25 18.25 18.27 18.28
18.20 18.23 18.17 18.24 18.21 18.24 18.22 18.22 18.24 18.22 18.22 18.19 18.21 18.20 18.20 18.19 18.20 18.23 18.23 18.24 18.23 18.21 18.21 18.23 18.22 18.22 18.24 18.21 18.21 18.19 18.26 18.28 18.27 18.25 18.21 18.21 18.21 18.21 18.23 18.21 18.22 18.26 18.24 18.21 18.22 18.23 18.21 18.22 18.20 18.14 18.17 18.16 18.13 18.13 18.14 18.17 18.26 18.26 18.24 18.22 18.21 18.19 18.24 18.25 18.23 18.23 18.22 18.22 18.25 18.26 18.25 18.25 18.24 18.20 18.22 18.21 18.24
18.23 18.24 18.26 18.17 17.97 18.14 18.20 18.21 18.22 18.19 18.20 18.20 18.16 18.18 18.20 18.19 18.17 18.18 18.19 18.18 18.21 18.19 18.20 18.21 18.22 18.13 17.57 17.72 17.35 17.61 18.23 18.26 18.25 18.24 18.22 18.20 18.19 18.07 18.17 18.19 18.18 18.14 18.20 18.21 18.21 18.22 18.21 18.04 18.18 18.21 18.18 18.19 18.16 18.11 18.10 18.13 18.16 18.21 18.21 18.22 18.21 18.20 18.23 18.24 18.24 18.22 18.19 18.20 18.21 18.21 18.23 18.21 18.21 18.19 18.21 18.21 18.21
18.17 18.18 18.11 18.18 18.18 18.15 18.05 18.12 18.18 18.16 18.19 18.13 18.12 18.13 18.14 18.14 18.15 18.15 18.15 18.17 18.19 18.19 18.19 18.20 17.70 17.40 17.32 16.60 17.13 17.39 18.19 18.19 18.18 18.21 18.19 18.18 18.18 18.17 18.18 18.17 18.04 18.16 18.11 18.11 18.13 18.19 18.19 18.03 18.12 18.11 18.17 18.20 18.15 18.08 18.06 18.10 18.15 18.18 18.18 18.19 18.21 18.22 18.23 18.22 18.20 18.20 18.22 18.20 18.19 18.19 18.20 18.20 18.20 18.20 18.19 18.17 18.17
18.11 18.02 18.14 18.19 18.15 18.14 18.17 18.08 18.10 18.13 18.10 18.14 18.15 18.15 18.14 18.15 18.14 18.15 18.10 18.07 18.17 18.11 18.10 18.15 17.98 17.69 18.02 17.38 17.99 18.17 18.16 18.15 18.16 18.16 18.16 18.17 18.16 18.14 18.15 18.16 18.16 18.17 18.18 18.13 18.18 18.19 18.18 18.18 17.79 17.37 17.63 17.83 18.04 18.15 18.16 18.15 18.14 18.16 18.16 18.19 18.19 18.19 18.21 18.21 18.19 18.19 18.20 18.22 18.20 18.20 18.16 18.17 18.17 18.17 18.17 18.15 18.15
18.17 18.13 18.13 18.11 18.13 18.07 18.12 18.14 18.10 18.13 18.15 18.17 18.13 18.12 18.13 18.14 18.13 18.11 18.09 18.14 18.17 18.10 18.14 18.13 18.12 18.13 18.13 18.13 18.14 18.14 18.13 18.13 18.15 18.14 18.14 18.16 18.13 18.12 18.12 18.11 18.13 18.13 18.14 18.14 18.14 18.17 18.16 18.15 18.09 18.14 17.71 17.90 17.98 17.88 18.06 18.13 18.14 18.14 18.14 18.13 18.15 18.15 18.16 18.17 18.17 18.18 18.17 18.17 18.16 18.18 18.18 18.18 18.16 18.15 18.15 18.15 18.16
18.14 18.10 18.06 18.15 18.10 18.10 18.10 18.13 18.11 18.10 18.15 18.15 18.12 18.03 18.10 18.07 18.10 18.09 18.08 18.11 18.12 18.12 18.13 18.11 18.11 18.08 18.08 18.11 18.12 18.13 18.13 18.14 18.14 18.13 18.14 18.14 18.14 18.11 18.11 18.11 18.10 18.12 18.12 18.11 18.11 18.10 18.11 18.11 18.11 18.09 18.07 18.08 17.60 17.28 17.25 17.87 18.11 18.11 18.12 18.12 18.10 18.11 18.12 18.12 18.14 18.14 18.13 18.15 18.16 18.17 18.15 18.15 18.12 18.12 18.12 18.12 18.13
18.06 18.14 18.14 18.15 18.09 18.12 18.03 18.07 18.04 18.07 18.07 18.06 18.09 18.09 18.09 18.07 18.03 18.06 18.06 18.09 18.10 18.09 18.09 18.07 18.05 18.07 18.09 18.13 18.13 18.12 18.12 18.12 18.13 18.10 18.12 18.11 18.11 18.11 18.10 18.08 18.08 18.10 18.08 18.08 18.08 18.07 18.09 18.11 18.10 18.09 18.08 18.07 17.97 17.81 17.62 17.72 16.30 18.09 18.10 18.10 18.09 18.09 18.10 18.08 18.10 18.09 18.09 18.07 18.09 18.10 18.10 18.09 18.11 18.11 18.08 18.09 18.11
18.03 17.97 18.13 18.04 18.04 18.11 18.04 17.80 17.70 17.99 18.00 18.05 18.07 18.09 18.07 18.07 18.05 18.05 18.08 18.04 18.06 18.04 18.02 17.95 17.99 18.05 18.09 18.10 18.11 18.10 18.10 18.10 18.09 18.09 18.08 18.10 18.10 18.08 18.09 18.07 18.04 18.02 18.05 18.05 18.08 18.08 18.10 18.11 18.09 18.08 18.07 18.07 18.05 18.05 18.05 18.05 18.03 18.06 18.07 18.06 18.06 18.07 18.07 18.07 18.09 18.08 18.08 18.08 18.07 18.07 18.06 18.03 18.07 18.07 18.07 18.06 18.06
18.06 18.00 18.04 18.09 18.06 18.07 18.06 18.06 18.02 17.88 18.05 18.04 18.01 18.06 18.03 17.99 18.03 18.04 17.92 17.93 18.04 18.02 18.04 18.05 18.04 18.02 18.03 18.05 18.07 18.08 18.08 18.07 18.07 18.08 18.07 18.07 18.08 18.08 18.08 18.06 18.06 18.08 18.07 18.06 18.07 18.07 18.08 18.07 18.08 18.06 18.04 18.02 18.02 18.03 18.05 17.99 17.97 18.06 18.06 17.96 18.00 18.03 18.04 18.06 18.06 18.06 18.06 18.04 18.04 18.04 18.04 18.05 18.06 18.03 18.03 18.06 18.05
18.02 18.04 18.03 18.02 17.93 17.98 18.01 18.02 18.04 18.03 17.98 17.94 17.91 17.97 18.00 18.04 18.03 17.97 17.91 18.00 17.83 17.94 18.05 18.06 18.04 17.98 18.03 18.05 18.06 18.06 18.06 18.05 18.07 18.09 18.08 18.07 18.06 18.07 18.06 18.04 18.02 18.04 18.04 18.03 18.03 18.05 18.05 18.03 18.03 18.04 18.03 18.00 18.00 18.01 18.02 18.01 17.99 18.05 18.03 18.04 17.95 17.67 17.65 17.80 17.78 17.98 18.04 18.02 18.02 18.03 18.03 18.03 18.03 18.01 18.03 18.03 18.03
17.95 17.97 18.00 18.01 18.01 17.83 17.90 17.94 17.94 17.98 17.70 18.01 17.94 17.94 18.00 18.00 17.97 17.81 17.88 18.00 18.00 18.01 18.02 18.05 18.07 18.05 17.99 18.01 18.02 18.02 18.00 18.01 18.02 18.02 18.03 18.03 18.04 18.03 18.02 18.01 18.00 18.00 18.00 18.00 18.01 18.02 18.03 18.03 18.01 18.02 18.02 17.98 17.99 18.01 18.01 18.02 18.03 18.00 18.00 18.01 18.01 18.00 17.66 16.72 15.92 16.48 17.50 17.91 17.89 17.77 18.02 18.00 18.00 18.00 18.01 18.01 18.01
17.97 17.84 17.90 17.92 17.83 17.86 17.88 17.95 17.95 17.94 17.92 17.92 17.96 17.95 17.93 17.97 17.95 17.87 17.86 17.86 17.90 17.97 17.97 17.99 17.96 17.98 17.77 17.95 18.02 17.98 17.78 17.83 17.94 17.95 17.98 18.00 18.02 18.02 17.99 17.96 17.92 17.96 17.96 17.97 17.98 17.98 17.94 17.98 18.01 18.00 18.00 17.99 17.99 18.01 18.01 18.00 18.00 17.98 18.00 17.99 17.98 18.00 17.98 17.99 17.67 16.92 16.78 16.88 16.37 16.46 17.79 17.95 17.98 17.98 17.99 18.00 17.98
17.97 17.87 17.98 17.97 18.00 17.99 17.99 18.00 17.93 17.85 17.81 17.88 17.89 17.82 17.92 17.92 17.94 17.92 17.89 17.90 17.92 17.94 17.95 17.96 17.96 18.00 17.99 17.99 17.98 17.97 17.88 17.72 17.85 17.96 17.94 17.98 17.98 17.98 17.98 17.95 17.85 17.85 17.92 17.95 17.92 17.96 17.98 17.99 17.97 17.97 17.96 17.96 17.96 17.98 18.00 18.01 17.99 17.98 17.98 17.98 17.99 18.00 17.99 17.98 17.87 17.44 17.63 16.99 16.58 16.64 17.05 17.57 17.74 17.94 17.97 17.95 17.95
17.97 17.91 17.92 17.97 17.96 17.97 17.96 17.96 17.73 17.65 17.61 17.77 17.56 17.63 17.71 17.91 17.90 17.85 17.92 17.90 17.69 17.85 17.90 17.95 17.97 17.94 17.95 17.95 17.96 17.95 17.96 17.96 17.94 17.95 17.91 17.93 17.93 17.95 17.95 17.94 17.93 17.91 17.74 17.82 17.93 17.98 17.97 17.97 17.92 17.94 17.94 17.92 17.95 17.96 17.96 17.98 17.96 17.98 17.98 17.99 17.98 17.97 17.99 17.96 17.95 17.93 17.93 17.61 16.89 16.04 16.97 16.95 17.35 17.67 17.95 17.93 17.94
17.94 17.84 17.84 17.95 17.92 17.95 17.93 17.93 17.90 17.92 17.92 17.92 17.81 17.91 17.79 17.93 17.92 17.95 17.83 17.80 17.73 17.91 17.91 17.95 17.96 17.94 17.94 17.94 17.95 17.95 17.94 17.94 17.94 17.87 17.92 17.86 17.88 17.96 17.96 17.91 17.73 17.87 17.92 17.91 17.91 17.95 17.94 17.92 17.91 17.91 17.92 17.90 17.92 17.92 17.93 17.94 17.94 17.94 17.96 17.98 17.95 17.94 17.94 17.93 17.93 17.92 17.91 17.91 17.91 17.67 17.07 16.48 16.74 16.93 17.80 17.87 17.92
17.94 17.93 17.92 17.93 17.93 17.91 17.91 17.92 17.91 17.89 17.91 17.91 17.90 17.91 17.90 17.91 17.91 17.92 17.83 17.91 17.89 17.92 17.91 17.89 17.90 17.90 17.82 17.83 17.86 17.90 17.91 17.93 17.91 17.90 17.90 17.91 17.89 17.89 17.91 17.90 17.90 17.90 17.87 17.90 17.91 17.92 17.89 17.89 17.77 17.75 17.86 17.88 17.91 17.93 17.87 17.93 17.93 17.93 17.95 17.94 17.91 17.83 17.83 17.87 17.91 17.92 17.90 17.89 17.89 17.88 17.60 15.81 16.17 17.19 17.39 17.50 17.75
17.84 17.87 17.91 17.92 17.90 17.89 17.87 17.87 17.88 17.90 17.90 17.89 17.87 17.88 17.87 17.88 17.88 17.89 17.90 17.88 17.87 17.88 17.89 17.86 17.73 17.72 17.78 17.72 17.71 17.86 17.92 17.91 17.87 17.86 17.86 17.83 17.87 17.87 17.89 17.88 17.89 17.86 17.83 17.82 17.89 17.88 17.87 17.81 17.75 17.78 17.87 17.88 17.89 17.90 17.89 17.92 17.91 17.91 17.92 17.93 17.89 17.73 17.72 17.73 17.87 17.87 17.87 17.88 17.87 17.88 17.81 17.53 17.15 17.29 17.02 17.37 17.48
17.77 17.75 17.86 17.89 17.88 17.88 17.87 17.88 17.87 17.87 17.87 17.89 17.86 17.86 17.86 17.84 17.86 17.88 17.88 17.87 17.85 17.85 17.86 17.86 17.85 17.80 17.86 17.85 17.86 17.88 17.91 17.83 17.64 17.64 17.77 17.66 17.53 17.75 17.82 17.84 17.83 17.80 17.70 17.66 17.81 17.88 17.86 17.85 17.85 17.87 17.85 17.87 17.86 17.88 17.90 17.88 17.88 17.88 17.89 17.90 17.89 17.81 17.80 17.79 17.68 17.73 17.83 17.87 17.85 17.85 17.84 17.85 17.83 17.85 17.85 17.85 17.84
17.76 17.83 17.85 17.85 17.86 17.85 17.86 17.88 17.88 17.85 17.85 17.86 17.88 17.84 17.84 17.84 17.83 17.84 17.84 17.84 17.84 17.78 17.75 17.79 17.83 17.79 17.83 17.83 17.83 17.84 17.84 17.81 17.79 17.77 17.82 17.83 17.71 17.83 17.84 17.84 17.85 17.79 17.77 17.70 17.85 17.86 17.86 17.84 17.85 17.85 17.84 17.82 17.82 17.84 17.87 17.88 17.86 17.83 17.89 17.88 17.87 17.82 17.77 17.79 17.81 17.84 17.83 17.84 17.86 17.85 17.82 17.82 17.81 17.81 17.83 17.85 17.85
17.72 17.79 17.83 17.83 17.83 17.84 17.84 17.78 17.84 17.82 17.84 17.86 17.88 17.84 17.82 17.83 17.82 17.80 17.82 17.80 17.80 17.79 17.82 17.83 17.81 17.78 17.78 17.81 17.81 17.83 17.80 17.79 17.80 17.75 17.80 17.81 17.79 17.80 17.81 17.82 17.82 17.82 17.82 17.79 17.82 17.82 17.82 17.79 17.82 17.82 17.78 17.76 17.77 17.81 17.86 17.87 17.86 17.86 17.85 17.83 17.85 17.83 17.78 17.80 17.82 17.81 17.80 17.81 17.82 17.81 17.79 17.74 17.72 17.78 17.81 17.81 17.82
17.82 17.82 17.80 17.80 17.80 17.84 17.83 17.80 17.81 17.81 17.81 17.80 17.80 17.79 17.79 17.80 17.78 17.77 17.77 17.77 17.76 17.78 17.80 17.82 17.68 17.76 17.80 17.80 17.80 17.81 17.80 17.79 17.79 17.79 17.79 17.78 17.78 17.78 17.79 17.79 17.78 17.79 17.79 17.80 17.79 17.80 17.80 17.80 17.72 17.76 17.66 17.43 17.65 17.80 17.82 17.82 17.80 17.81 17.80 17.78 17.79 17.79 17.77 17.77 17.78 17.76 17.77 17.76 17.79 17.78 17.77 17.52 17.66 17.77 17.80 17.79 17.79
17.76 17.80 17.81 17.78 17.78 17.78 17.81 17.80 17.78 17.79 17.79 17.78 17.78 17.78 17.77 17.78 17.78 17.77 17.74 17.77 17.75 17.79 17.78 17.76 17.70 17.69 17.76 17.77 17.78 17.78 17.77 17.76 17.78 17.80 17.78 17.76 17.76 17.76 17.77 17.77 17.77 17.77 17.78 17.79 17.78 17.78 17.78 17.79 17.75 17.74 17.76 17.58 17.76 17.79 17.79 17.68 17.65 17.76 17.58 17.41 17.57 17.80 17.76 17.75 17.74 17.73 17.55 17.70 17.77 17.75 17.76 17.75 17.77 17.77 17.76 17.77 17.77
17.75 17.77 17.78 17.78 17.78 17.73 17.74 17.76 17.76 17.76 17.75 17.74 17.75 17.76 17.76 17.77 17.77 17.69 17.56 17.74 17.72 17.66 17.74 17.74 17.68 17.76 17.74 17.74 17.75 17.76 17.77 17.76 17.77 17.78 17.76 17.74 17.76 17.75 17.75 17.75 17.75 17.76 17.77 17.76 17.76 17.70 17.71 17.76 17.76 17.73 17.75 17.75 17.76 17.78 17.79 17.77 17.66 17.77 17.75 17.52 17.67 17.80 17.76 17.75 17.73 17.73 17.64 17.63 17.72 17.71 17.75 17.75 17.76 17.75 17.76 17.73 17.73
17.76 17.75 17.76 17.77 17.74 17.75 17.75 17.74 17.72 17.72 17.72 17.72 17.72 17.74 17.74 17.73 17.73 17.65 17.65 17.69 17.60 17.73 17.73 17.74 17.71 17.74 17.73 17.73 17.73 17.73 17.73 17.73 17.73 17.74 17.73 17.72 17.73 17.74 17.72 17.72 17.72 17.74 17.74 17.75 17.74 17.75 17.68 17.75 17.73 17.69 17.69 17.73 17.75 17.77 17.76 17.77 17.76 17.74 17.73 17.73 17.74 17.77 17.76 17.72 17.63 17.65 17.57 17.66 17.71 17.73 17.73 17.68 17.72 17.72 17.72 17.72 17.72
