main/data/irradiance/04.02.2023.grid
ncols 839
nrows 679
xllcenter 112.0500
yllcenter -43.9500
cellsize 0.0500
nodata_value 99999.90
[rows 544 to 577 of 679, columns 693 to 769 of 839]
3.33 5.07 4.83 8.33 10.89 7.11 8.10 9.26 4.91 9.32 8.19 12.04 11.60 8.26 7.00 13.76 17.73 9.88 9.86 8.36 9.44 7.69 7.87 9.15 7.33 9.86 12.06 15.21 17.09 13.93 10.83 12.53 12.74 12.78 10.59 10.23 9.64 9.10 9.94 13.87 14.04 13.07 13.42 14.34 14.66 15.61 17.28 17.63 19.75 19.87 18.61 20.08 19.45 18.62 18.22 19.12 18.93 19.93 19.98 21.82 20.31 20.94 20.81 20.22 19.16 18.08 18.08 18.08 18.08 18.08 18.08 18.08 18.08 18.08 18.08 18.08 99999.90
3.20 5.18 5.70 7.28 13.52 7.36 5.68 8.50 6.25 9.37 7.92 14.16 12.13 10.14 10.71 8.21 8.52 11.49 14.70 8.19 8.85 8.44 9.35 10.94 8.90 9.83 12.90 13.23 13.09 13.52 10.08 11.35 11.51 11.93 10.68 9.76 9.54 10.45 11.55 13.77 13.64 11.70 11.93 12.36 13.85 14.77 17.44 20.09 18.84 18.97 16.90 15.85 17.53 19.15 16.36 17.75 19.89 19.51 19.80 20.55 18.38 19.44 20.12 18.91 19.90 18.08 18.08 18.08 18.08 18.08 18.08 18.08 18.08 18.08 18.08 18.08 99999.90
2.17 3.36 8.77 7.31 11.60 8.90 6.98 8.61 6.76 6.96 9.29 16.61 14.45 11.74 9.97 4.59 5.87 9.29 12.18 10.10 10.03 9.15 10.44 9.88 8.03 9.75 12.04 10.05 10.99 13.22 10.59 11.74 11.36 12.11 10.87 8.95 11.17 11.93 11.71 12.21 12.94 11.08 10.90 11.87 14.46 14.77 18.71 18.73 16.73 18.10 16.72 14.05 17.68 18.42 16.66 16.90 18.05 17.22 19.01 19.29 17.53 18.32 18.10 18.26 21.30 21.30 21.30 18.08 18.08 18.08 18.08 18.08 18.08 18.08 18.08 18.08 99999.90
2.31 4.44 8.79 9.71 8.79 6.90 7.32 9.13 9.60 8.51 13.96 19.79 11.57 10.29 10.70 5.18 5.62 9.50 11.54 9.49 10.98 10.04 9.29 8.59 8.03 8.98 9.90 8.93 10.28 10.91 10.69 11.66 11.50 12.04 10.99 10.14 11.05 10.98 11.68 12.46 11.94 10.17 10.42 13.39 15.06 15.35 18.43 16.55 16.90 18.50 16.62 13.36 18.06 19.28 17.64 16.67 16.12 16.32 19.63 18.99 17.94 17.54 16.27 17.54 20.02 20.02 20.02 21.43 21.43 21.43 21.43 21.43 21.43 21.43 21.43 21.43 99999.90
3.31 5.34 8.02 11.98 9.78 7.02 6.50 10.11 14.29 11.84 13.76 16.79 7.91 8.88 10.01 6.84 6.78 10.31 9.49 9.01 12.02 11.54 8.86 8.59 7.47 9.16 9.17 9.41 10.07 11.67 11.03 10.09 11.27 11.72 11.89 10.80 10.21 11.10 11.09 12.21 11.46 10.68 12.34 13.69 15.60 17.29 17.23 16.37 17.21 18.38 18.01 13.92 15.76 17.39 17.09 16.88 16.00 16.19 17.94 17.43 17.59 16.77 15.95 17.31 20.26 20.26 21.43 21.43 21.43 21.43 21.43 21.43 21.43 21.43 21.43 21.43 99999.90
4.70 5.72 4.39 8.84 12.74 8.96 9.80 11.31 16.78 10.86 14.04 12.04 7.91 9.56 10.13 7.36 6.69 8.68 10.54 10.82 8.82 9.92 11.17 8.04 7.41 9.02 10.08 10.10 10.13 12.22 10.63 9.33 9.93 11.30 11.81 11.44 12.24 11.24 10.28 11.47 11.67 12.09 13.12 13.99 14.65 16.62 15.16 16.11 16.01 18.62 17.80 14.77 15.82 16.05 16.58 16.83 16.60 16.63 17.56 17.63 18.66 17.75 16.36 16.48 19.09 21.43 21.43 21.43 21.43 21.43 21.43 21.43 21.43 21.43 21.43 21.43 99999.90
10.10 6.51 3.48 14.72 14.94 9.31 10.61 15.03 13.05 9.03 11.41 9.14 7.12 8.67 9.61 7.35 7.01 8.20 10.75 9.80 7.37 9.04 9.18 8.37 8.30 9.64 9.35 9.66 10.25 11.25 10.65 10.95 11.53 9.93 10.61 11.23 12.33 12.73 10.20 10.30 10.81 12.23 13.42 12.57 12.96 14.06 14.14 15.95 16.29 17.57 16.58 15.16 15.33 15.51 16.30 16.44 16.59 17.27 17.46 18.14 19.31 17.75 16.36 16.48 19.09 21.43 21.43 21.43 21.43 21.43 21.43 21.43 21.43 21.43 21.43 21.43 99999.90
6.11 5.15 5.28 18.06 15.11 8.48 11.54 11.69 12.81 9.19 8.76 8.50 7.73 7.89 7.89 7.54 7.40 7.56 9.61 9.62 8.07 7.26 8.64 8.34 8.66 9.63 9.11 9.90 10.24 10.29 10.97 12.26 11.73 11.24 10.60 10.48 11.64 12.89 10.77 9.54 10.11 12.21 13.09 12.84 12.90 13.01 14.32 16.39 15.87 15.04 14.13 14.19 14.64 15.73 16.09 16.03 16.49 17.37 18.45 18.25 18.92 18.92 16.36 16.48 19.09 21.43 21.43 21.43 21.43 21.43 21.43 21.43 21.43 21.43 21.43 21.43 99999.90
8.06 6.90 6.55 18.48 16.07 9.82 10.90 10.64 13.18 8.06 6.92 7.62 8.06 6.84 6.79 7.03 6.96 7.89 8.07 8.98 8.20 7.68 8.41 9.16 8.92 8.66 9.79 10.25 10.70 11.03 11.98 12.09 11.62 11.71 10.39 10.31 10.52 11.43 10.82 10.47 10.32 11.52 12.28 12.85 12.66 13.27 14.12 15.50 14.85 14.54 13.41 12.98 14.31 15.25 15.44 16.27 17.56 17.37 17.72 19.29 18.92 18.92 18.92 16.48 19.09 21.43 21.43 21.43 21.43 21.43 21.43 21.43 21.43 21.43 21.43 21.43 99999.90
9.46 11.08 10.21 13.73 15.89 9.49 10.74 9.91 8.76 6.72 6.01 7.55 8.41 7.79 7.19 6.80 6.89 9.19 9.09 8.35 8.32 8.52 9.41 9.47 8.51 9.27 9.92 10.62 10.95 11.30 11.64 11.87 10.92 11.02 11.73 11.64 10.99 10.55 10.48 11.42 11.33 11.41 11.71 12.29 12.21 13.30 14.11 13.95 14.11 13.90 13.44 12.70 13.60 14.70 15.25 15.66 16.90 17.88 18.65 19.29 19.29 18.92 18.92 18.92 19.09 21.43 21.43 21.43 21.43 21.43 21.43 21.43 21.43 21.43 21.43 21.43 99999.90
9.88 10.96 11.25 14.34 11.94 10.25 9.95 7.65 6.61 5.46 6.62 8.04 8.37 8.52 7.74 7.34 8.75 9.66 11.07 10.12 9.58 10.01 9.71 9.64 9.11 9.43 10.30 10.83 11.74 11.56 11.22 12.16 12.00 11.39 11.29 12.09 12.45 11.30 10.52 11.11 10.89 11.16 11.50 12.07 12.76 13.51 13.26 12.34 12.76 12.95 13.03 13.47 13.38 14.31 15.14 15.64 16.80 17.88 18.65 18.65 19.29 19.29 18.92 18.92 19.09 21.43 21.43 21.43 21.43 21.43 21.43 21.43 21.43 21.43 21.43 21.43 99999.90
13.46 9.13 9.44 11.82 9.36 11.05 9.66 9.00 8.19 8.11 8.82 9.59 9.93 11.08 10.38 9.82 9.43 9.46 10.82 11.05 10.88 10.58 9.92 9.87 9.75 9.40 10.28 11.19 11.23 11.42 11.91 12.37 12.30 10.95 10.77 11.50 11.35 10.42 10.98 11.44 10.94 11.11 11.50 12.07 12.76 13.51 13.26 12.34 12.76 12.95 13.03 13.47 13.38 14.31 15.14 15.64 16.80 16.80 18.65 18.65 18.65 19.29 19.29 18.92 18.92 21.43 21.43 21.43 21.43 21.43 21.43 21.43 21.43 21.43 21.43 21.43 99999.90
15.33 8.95 9.15 10.43 10.90 10.66 9.45 8.98 8.76 9.18 10.18 11.24 11.04 11.32 11.20 11.05 10.42 10.24 10.77 10.27 9.92 9.71 9.09 9.26 9.56 9.91 10.58 11.31 11.23 11.42 11.91 12.37 12.30 10.95 10.77 11.50 11.35 10.42 10.98 11.44 10.94 11.11 11.11 12.07 12.76 13.51 13.26 12.34 12.76 12.95 13.03 13.47 13.38 14.31 15.14 15.64 16.80 16.80 16.80 18.65 18.65 18.65 19.29 19.29 18.92 21.43 21.43 21.43 21.43 21.43 21.43 21.43 21.43 21.43 21.43 21.43 99999.90
14.32 10.17 10.39 10.92 10.57 9.95 10.30 11.16 8.63 9.52 11.16 11.54 11.67 12.00 11.90 10.90 10.10 11.77 12.02 11.78 10.59 10.36 9.14 8.92 9.43 9.91 10.58 11.31 11.23 11.23 11.91 12.37 12.30 10.95 10.77 11.50 11.35 10.42 10.98 11.44 10.94 11.11 11.11 11.11 12.76 13.51 13.26 12.34 12.76 12.95 13.03 13.47 13.38 14.31 15.14 15.64 16.80 16.80 16.80 18.65 18.65 18.65 18.65 19.29 19.29 18.92 21.43 21.43 21.43 21.43 21.43 21.43 21.43 21.43 21.43 21.43 99999.90
16.26 10.56 10.62 10.77 9.18 8.39 9.68 11.29 9.75 9.68 10.73 10.92 11.07 11.69 10.87 9.48 11.25 12.56 12.19 12.45 11.92 11.92 11.24 8.92 9.43 9.43 10.58 11.31 11.23 11.23 11.23 12.37 12.30 10.95 10.77 11.50 11.35 10.42 10.98 11.44 10.94 11.11 11.11 11.11 12.76 13.51 13.26 12.34 12.76 12.95 13.03 13.47 13.38 14.31 15.14 15.64 16.80 16.80 16.80 16.80 18.65 18.65 18.65 18.65 19.29 19.29 21.43 21.43 21.43 21.43 21.43 21.43 21.43 21.43 21.43 21.43 99999.90
15.29 8.33 8.06 9.13 10.22 11.17 10.91 11.61 10.55 9.34 10.01 9.96 9.90 11.21 11.82 11.62 11.95 11.89 11.32 12.07 12.29 11.92 11.24 11.24 9.43 9.43 9.43 11.31 11.23 11.23 11.23 12.37 12.30 10.95 10.77 11.50 11.35 10.42 10.98 11.44 10.94 11.11 11.11 11.11 12.76 13.51 13.26 12.34 12.76 12.95 13.03 13.47 13.38 14.31 15.14 15.64 16.80 16.80 16.80 16.80 18.65 18.65 18.65 18.65 18.65 19.29 19.29 21.43 21.43 21.43 21.43 21.43 21.43 21.43 21.43 21.43 99999.90
12.38 9.68 8.89 9.91 11.13 12.11 11.86 11.89 11.12 10.43 10.25 9.96 9.90 11.21 11.82 11.70 11.53 11.22 12.08 12.07 12.29 12.29 11.24 11.24 11.24 9.43 9.43 11.31 11.23 11.23 11.23 12.37 12.30 10.95 10.77 11.50 11.35 10.42 10.98 11.44 10.94 11.11 11.11 11.11 11.11 13.51 13.26 12.34 12.76 12.95 13.03 13.47 13.38 14.31 15.14 15.64 16.80 16.80 16.80 16.80 16.80 18.65 18.65 18.65 18.65 18.65 19.29 19.29 18.92 18.92 18.92 99999.90 99999.90 99999.90 99999.90 99999.90 99999.90
11.43 10.58 9.27 8.85 9.74 10.98 11.09 10.95 10.48 10.38 10.87 10.87 9.90 9.80 11.23 11.23 11.71 11.22 12.08 12.08 12.29 12.29 12.29 11.24 11.24 9.43 9.43 11.31 11.23 11.23 11.23 11.23 12.30 10.95 10.77 11.50 11.35 10.42 10.98 11.44 10.94 11.11 11.11 11.11 11.11 13.51 13.26 12.34 12.76 12.95 13.03 13.47 13.38 14.31 15.14 15.64 16.80 16.80 16.80 16.80 16.80 18.65 18.65 18.65 18.65 18.65 18.65 19.29 19.29 18.92 18.92 99999.90 99999.90 99999.90 99999.90 99999.90 99999.90
11.08 9.60 9.57 9.42 9.73 10.39 9.28 8.23 8.75 9.50 11.02 11.02 10.05 9.80 9.80 10.55 11.71 11.71 12.08 12.08 12.08 12.29 12.29 11.24 11.24 11.24 9.43 9.43 11.23 11.23 11.23 11.23 12.30 10.95 10.77 11.50 11.35 10.42 10.98 11.44 10.94 11.11 11.11 11.11 11.11 13.51 13.26 12.34 12.76 12.95 13.03 13.47 13.38 14.31 15.14 15.64 16.80 16.80 16.80 16.80 16.80 16.80 18.65 18.65 18.65 18.65 18.65 18.65 19.29 19.29 99999.90 99999.90 99999.90 99999.90 99999.90 99999.90 99999.90
10.60 10.85 10.96 9.58 9.27 9.52 9.21 9.30 9.97 10.04 10.92 11.54 10.05 9.09 9.20 10.55 10.55 11.71 11.71 12.08 12.08 12.29 12.29 12.29 11.24 11.24 9.43 9.43 11.23 11.23 11.23 11.23 12.30 10.95 10.77 11.50 11.35 10.42 10.98 11.44 10.94 11.11 11.11 11.11 11.11 11.11 13.26 12.34 12.76 12.95 13.03 13.47 13.38 14.31 15.14 15.64 16.80 16.80 16.80 16.80 16.80 16.80 18.65 18.65 18.65 18.65 18.65 18.65 18.65 99999.90 99999.90 99999.90 99999.90 99999.90 99999.90 99999.90 99999.90
8.67 9.47 10.63 9.88 10.17 10.04 10.20 10.04 10.23 10.06 9.50 9.70 9.41 9.09 9.20 9.20 10.55 10.55 11.71 12.08 12.08 12.08 12.29 12.29 11.24 11.24 11.24 9.43 11.23 11.23 11.23 11.23 11.23 10.95 10.77 11.50 11.35 10.42 10.98 11.44 10.94 11.11 11.11 11.11 11.11 11.11 13.26 12.34 12.76 12.95 13.03 13.47 13.38 14.31 15.14 15.64 16.80 16.80 16.80 16.80 16.80 16.80 16.80 16.80 16.80 16.80 16.80 99999.90 99999.90 99999.90 99999.90 99999.90 99999.90 99999.90 99999.90 99999.90 99999.90
9.76 8.56 9.45 9.73 10.33 10.20 8.79 8.02 8.17 8.89 9.03 9.44 9.41 9.41 9.20 9.20 9.20 10.55 10.55 11.71 12.08 12.08 12.29 12.29 12.29 11.24 11.24 9.43 9.43 11.23 11.23 11.23 11.23 10.95 10.77 11.50 11.35 10.42 10.98 11.44 10.94 11.11 11.11 11.11 11.11 11.11 11.11 11.11 11.11 11.11 11.11 11.11 99999.90 99999.90 99999.90 99999.90 99999.90 99999.90 99999.90 99999.90 99999.90 99999.90 99999.90 99999.90 99999.90 99999.90 99999.90 99999.90 99999.90 99999.90 99999.90 99999.90 99999.90 99999.90 99999.90 99999.90 99999.90
9.60 9.75 9.21 10.25 11.41 9.35 8.23 8.72 9.81 9.47 9.64 9.44 9.44 9.41 9.41 9.20 9.20 9.20 10.55 10.55 12.08 12.08 12.08 12.29 12.29 11.24 11.24 11.24 9.43 11.23 11.23 11.23 11.23 11.23 11.23 11.23 11.23 11.23 11.23 99999.90 99999.90 99999.90 99999.90 99999.90 99999.90 99999.90 99999.90 99999.90 99999.90 99999.90 99999.90 99999.90 99999.90 99999.90 99999.90 99999.90 99999.90 99999.90 99999.90 99999.90 99999.90 99999.90 99999.90 99999.90 99999.90 99999.90 99999.90 99999.90 99999.90 99999.90 99999.90 99999.90 99999.90 99999.90 99999.90 99999.90 99999.90
11.24 11.34 9.47 9.95 10.06 10.08 10.02 9.85 9.91 10.19 9.64 9.64 9.44 9.44 9.41 9.20 9.20 9.20 9.20 10.55 10.55 12.08 12.08 12.29 12.29 12.29 11.24 11.24 9.43 9.43 9.43 9.43 9.43 9.43 9.43 99999.90 99999.90 99999.90 99999.90 99999.90 99999.90 99999.90 99999.90 99999.90 99999.90 99999.90 99999.90 99999.90 99999.90 99999.90 99999.90 99999.90 99999.90 99999.90 99999.90 99999.90 99999.90 99999.90 99999.90 99999.90 99999.90 99999.90 99999.90 99999.90 99999.90 99999.90 99999.90 99999.90 99999.90 99999.90 99999.90 99999.90 99999.90 99999.90 99999.90 99999.90 99999.90
13.40 11.70 11.65 11.66 11.33 11.06 10.67 11.10 9.91 10.19 10.19 9.64 9.64 9.44 9.44 9.41 9.20 9.20 9.20 9.20 10.55 10.55 12.08 12.08 12.29 12.29 11.24 11.24 11.24 11.24 11.24 11.24 11.24 99999.90 99999.90 99999.90 99999.90 99999.90 99999.90 99999.90 99999.90 99999.90 99999.90 99999.90 99999.90 99999.90 99999.90 99999.90 99999.90 99999.90 99999.90 99999.90 99999.90 99999.90 99999.90 99999.90 99999.90 99999.90 99999.90 99999.90 99999.90 99999.90 99999.90 99999.90 99999.90 99999.90 99999.90 99999.90 99999.90 99999.90 99999.90 99999.90 99999.90 99999.90 99999.90 99999.90 99999.90
11.64 11.05 12.84 11.24 11.27 11.18 10.62 11.10 11.10 10.19 10.19 10.19 9.64 9.64 9.44 9.44 9.20 9.20 9.20 9.20 9.20 10.55 12.08 12.08 12.29 12.29 12.29 12.29 12.29 12.29 12.29 99999.90 99999.90 99999.90 99999.90 99999.90 99999.90 99999.90 99999.90 99999.90 99999.90 99999.90 99999.90 99999.90 99999.90 99999.90 99999.90 99999.90 99999.90 99999.90 99999.90 99999.90 99999.90 99999.90 99999.90 99999.90 99999.90 99999.90 99999.90 99999.90 99999.90 99999.90 99999.90 99999.90 99999.90 99999.90 99999.90 99999.90 99999.90 99999.90 99999.90 99999.90 99999.90 99999.90 99999.90 99999.90 99999.90
10.25 11.12 12.67 10.61 9.71 9.72 10.62 10.62 11.10 11.10 10.19 10.19 10.19 9.64 9.64 9.44 9.44 9.20 9.20 9.20 9.20 9.20 10.55 12.08 12.08 12.08 12.08 12.08 12.08 99999.90 99999.90 99999.90 99999.90 99999.90 99999.90 99999.90 99999.90 99999.90 99999.90 99999.90 99999.90 99999.90 99999.90 99999.90 99999.90 99999.90 99999.90 99999.90 99999.90 99999.90 99999.90 99999.90 99999.90 99999.90 99999.90 99999.90 99999.90 99999.90 99999.90 99999.90 99999.90 99999.90 99999.90 99999.90 99999.90 99999.90 99999.90 99999.90 99999.90 99999.90 99999.90 99999.90 99999.90 99999.90 99999.90 99999.90 99999.90
8.54 9.66 11.66 9.81 8.69 9.72 9.72 10.62 10.62 11.10 10.19 10.19 10.19 10.19 9.64 9.64 9.44 9.44 9.20 9.20 9.20 9.20 9.20 10.55 10.55 11.71 11.71 99999.90 99999.90 99999.90 99999.90 99999.90 99999.90 99999.90 99999.90 99999.90 99999.90 99999.90 99999.90 99999.90 99999.90 99999.90 99999.90 99999.90 99999.90 99999.90 99999.90 99999.90 99999.90 99999.90 99999.90 99999.90 99999.90 99999.90 99999.90 99999.90 99999.90 99999.90 99999.90 99999.90 99999.90 99999.90 99999.90 99999.90 99999.90 99999.90 99999.90 99999.90 99999.90 99999.90 99999.90 99999.90 99999.90 99999.90 99999.90 99999.90 99999.90
8.56 8.30 9.74 9.38 8.69 8.69 9.72 9.72 10.62 10.62 11.10 10.19 10.19 10.19 10.19 9.64 9.64 9.44 9.20 9.20 9.20 9.20 9.20 9.20 10.55 10.55 99999.90 99999.90 99999.90 99999.90 99999.90 99999.90 99999.90 99999.90 99999.90 99999.90 99999.90 99999.90 99999.90 99999.90 99999.90 99999.90 99999.90 99999.90 99999.90 99999.90 99999.90 99999.90 99999.90 99999.90 99999.90 99999.90 99999.90 99999.90 99999.90 99999.90 99999.90 99999.90 99999.90 99999.90 99999.90 99999.90 99999.90 99999.90 99999.90 99999.90 99999.90 99999.90 99999.90 99999.90 99999.90 99999.90 99999.90 99999.90 99999.90 99999.90 99999.90
8.56 8.30 9.74 9.38 9.38 8.69 8.69 9.72 9.72 10.62 10.62 10.19 10.19 10.19 10.19 10.19 9.64 9.64 9.44 9.20 9.20 9.20 9.20 9.20 9.20 99999.90 99999.90 99999.90 99999.90 99999.90 99999.90 99999.90 99999.90 99999.90 99999.90 99999.90 99999.90 99999.90 99999.90 99999.90 99999.90 99999.90 99999.90 99999.90 99999.90 99999.90 99999.90 99999.90 99999.90 99999.90 99999.90 99999.90 99999.90 99999.90 99999.90 99999.90 99999.90 99999.90 99999.90 99999.90 99999.90 99999.90 99999.90 99999.90 99999.90 99999.90 99999.90 99999.90 99999.90 99999.90 99999.90 99999.90 99999.90 99999.90 99999.90 99999.90 99999.90
8.56 8.30 9.74 9.38 9.38 9.38 8.69 8.69 9.72 9.72 10.62 10.62 10.19 10.19 10.19 10.19 10.19 9.64 9.64 9.44 9.44 9.41 9.41 99999.90 99999.90 99999.90 99999.90 99999.90 99999.90 99999.90 99999.90 99999.90 99999.90 99999.90 99999.90 99999.90 99999.90 99999.90 99999.90 99999.90 99999.90 99999.90 99999.90 99999.90 99999.90 99999.90 99999.90 99999.90 99999.90 99999.90 99999.90 99999.90 99999.90 99999.90 99999.90 99999.90 99999.90 99999.90 99999.90 99999.90 99999.90 99999.90 99999.90 99999.90 99999.90 99999.90 99999.90 99999.90 99999.90 99999.90 99999.90 99999.90 99999.90 99999.90 99999.90 99999.90 99999.90
8.56 8.30 9.74 9.38 9.38 9.38 9.38 8.69 8.69 9.72 9.72 10.62 10.62 10.19 10.19 10.19 10.19 10.19 9.64 9.64 9.44 9.44 99999.90 99999.90 99999.90 99999.90 99999.90 99999.90 99999.90 99999.90 99999.90 99999.90 99999.90 99999.90 99999.90 99999.90 99999.90 99999.90 99999.90 99999.90 99999.90 99999.90 99999.90 99999.90 99999.90 99999.90 99999.90 99999.90 99999.90 99999.90 99999.90 99999.90 99999.90 99999.90 99999.90 99999.90 99999.90 99999.90 99999.90 99999.90 99999.90 99999.90 99999.90 99999.90 99999.90 99999.90 99999.90 99999.90 99999.90 99999.90 99999.90 99999.90 99999.90 99999.90 99999.90 99999.90 99999.90
8.56 8.30 9.74 9.38 9.38 9.38 9.38 9.38 8.69 8.69 9.72 9.72 10.62 10.19 10.19 10.19 10.19 10.19 10.19 9.64 9.64 99999.90 99999.90 99999.90 99999.90 99999.90 99999.90 99999.90 99999.90 99999.90 99999.90 99999.90 99999.90 99999.90 99999.90 99999.90 99999.90 99999.90 99999.90 99999.90 99999.90 99999.90 99999.90 99999.90 99999.90 99999.90 99999.90 99999.90 99999.90 99999.90 99999.90 99999.90 99999.90 99999.90 99999.90 99999.90 99999.90 99999.90 99999.90 99999.90 99999.90 99999.90 99999.90 99999.90 99999.90 99999.90 99999.90 99999.90 99999.90 99999.90 99999.90 99999.90 99999.90 99999.90 99999.90 99999.90 99999.90
8.56 8.30 9.74 9.38 9.38 9.38 9.38 9.38 9.38 8.69 8.69 9.72 9.72 10.62 10.19 10.19 10.19 10.19 10.19 10.19 99999.90 99999.90 99999.90 99999.90 99999.90 99999.90 99999.90 99999.90 99999.90 99999.90 99999.90 99999.90 99999.90 99999.90 99999.90 99999.90 99999.90 99999.90 99999.90 99999.90 99999.90 99999.90 99999.90 99999.90 99999.90 99999.90 99999.90 99999.90 99999.90 99999.90 99999.90 99999.90 99999.90 99999.90 99999.90 99999.90 99999.90 99999.90 99999.90 99999.90 99999.90 99999.90 99999.90 99999.90 99999.90 99999.90 99999.90 99999.90 99999.90 99999.90 99999.90 99999.90 99999.90 99999.90 99999.90 99999.90 99999.90
