main/data/irradiance/04.01.2023.grid
ncols 839
nrows 679
xllcenter 112.0500
yllcenter -43.9500
cellsize 0.0500
nodata_value 99999.90
[rows 204 to 237 of 679, columns 234 to 311 of 839]
11.40 12.12 13.14 14.38 14.74 15.77 15.10 14.96 15.61 15.38 14.05 12.43 11.92 12.72 14.03 13.76 14.12 13.81 16.01 16.41 17.61 17.92 18.73 18.01 15.27 17.26 17.90 16.67 16.86 17.26 17.47 16.99 16.80 17.21 17.54 17.14 18.68 18.72 19.96 18.89 19.58 19.53 19.62 20.31 19.94 18.96 20.54 21.38 20.37 21.77 21.58 22.66 24.05 22.20 20.50 21.47 21.26 18.16 19.66 21.51 22.58 21.74 21.87 23.02 23.89 22.58 21.97 23.69 25.21 26.06 25.07 26.08 26.81 27.63 27.64 26.54 25.03 26.08
13.18 11.59 13.24 14.32 15.86 15.48 15.36 13.53 13.32 14.16 15.81 14.05 13.37 14.91 13.49 14.62 15.49 16.12 16.45 17.85 17.86 18.41 18.78 18.22 17.39 18.18 18.64 16.62 16.13 16.63 16.58 17.72 18.04 18.50 18.68 19.98 19.34 19.15 19.67 21.75 21.43 22.00 23.52 22.83 21.52 19.11 20.11 19.13 20.50 21.89 22.05 23.18 23.33 20.91 19.38 20.18 20.07 19.91 20.37 22.09 23.12 23.55 23.60 22.68 24.65 24.48 23.63 24.52 25.55 26.21 26.03 26.46 26.96 27.58 26.82 25.89 26.08 26.62
14.07 13.27 13.69 14.02 14.14 13.86 14.18 13.57 13.77 13.65 13.01 13.97 14.06 13.63 14.12 15.22 15.45 15.83 15.01 17.62 17.88 18.42 17.94 18.79 18.87 19.96 17.85 16.89 18.10 17.36 17.48 18.21 18.86 20.14 20.15 19.79 19.53 20.66 20.51 23.46 22.96 23.34 23.50 22.68 22.66 20.68 20.35 20.11 18.76 21.37 21.12 21.83 21.25 21.51 22.77 23.07 23.36 22.19 22.41 23.15 23.55 23.59 22.81 23.38 25.11 25.02 24.65 25.52 25.64 25.59 25.72 26.32 26.31 26.33 25.37 26.40 25.99 25.66
14.04 13.67 15.29 14.63 14.33 14.44 14.71 15.27 15.21 15.52 14.75 14.70 15.08 13.64 14.10 14.62 14.92 14.09 14.87 16.73 16.86 17.64 18.70 18.98 19.77 19.90 19.10 18.46 18.28 19.14 19.29 18.34 18.11 19.52 19.83 19.52 18.93 19.72 19.83 22.29 22.73 23.04 21.52 20.93 21.53 22.23 23.27 23.71 22.30 20.95 20.89 21.11 22.64 23.83 24.97 25.14 23.62 21.84 22.38 23.42 23.55 23.79 22.82 24.35 24.63 25.26 25.32 24.46 25.83 24.38 25.37 26.11 26.64 26.30 24.35 24.64 24.16 24.97
15.74 13.66 13.88 14.95 15.34 15.39 15.91 15.46 15.54 15.07 15.81 16.77 15.95 15.86 14.28 14.82 15.57 15.19 15.92 16.86 17.33 17.62 19.27 18.54 18.12 18.82 19.92 20.56 20.21 21.86 20.52 19.94 19.78 17.80 19.04 18.21 18.88 20.53 18.87 18.01 21.04 21.10 19.74 20.32 20.43 22.41 23.77 23.24 21.96 23.34 23.38 23.09 24.05 23.93 23.49 25.06 25.39 24.00 24.87 24.63 23.74 22.72 22.15 23.97 25.39 24.89 25.75 24.53 24.52 23.76 24.98 25.79 27.01 25.65 24.53 24.39 24.58 24.14
14.92 14.74 14.03 14.30 13.23 14.71 15.03 15.02 16.03 15.42 15.98 17.13 16.41 16.24 14.66 14.54 14.72 15.08 16.00 16.74 17.13 16.51 18.36 19.43 20.48 21.99 22.29 22.38 21.46 21.61 21.18 21.43 22.01 19.79 17.65 16.92 17.84 19.26 18.36 16.50 17.09 19.74 19.88 20.68 21.79 23.43 24.27 23.17 22.81 24.08 23.92 23.28 23.72 23.75 23.88 24.60 24.98 25.89 26.25 24.69 25.13 23.15 22.00 22.97 23.83 24.76 25.89 23.66 24.14 23.89 25.50 26.03 26.03 24.97 25.26 24.16 24.78 24.87
13.50 14.23 14.27 14.99 13.47 14.51 14.77 15.09 16.39 16.22 15.95 17.69 18.02 16.12 16.50 15.31 15.14 15.91 15.10 17.41 18.80 16.01 15.58 17.38 18.85 22.74 23.28 23.07 22.66 23.28 22.97 22.93 22.51 21.28 19.07 16.28 16.82 17.32 19.91 20.82 19.57 20.92 21.21 23.35 23.28 24.74 24.33 25.23 25.26 24.13 21.81 22.26 22.95 21.99 22.84 24.65 24.97 25.26 25.28 24.52 24.94 23.91 24.06 22.59 22.66 24.16 24.47 23.93 24.19 24.37 26.53 26.53 26.17 25.61 25.11 24.20 24.04 24.73
12.54 14.65 15.79 15.90 15.96 15.95 15.88 15.52 16.91 17.18 17.18 17.88 18.98 17.96 16.93 17.15 17.49 17.35 17.05 16.60 18.04 18.11 17.12 15.98 18.33 19.90 21.76 21.67 21.81 22.13 21.12 21.00 20.61 19.81 20.23 18.98 19.25 21.88 21.92 22.63 21.74 21.96 21.59 21.64 23.48 24.52 23.86 24.87 24.31 22.28 21.63 24.59 23.13 22.66 23.12 24.13 25.18 25.18 25.13 25.39 24.96 24.31 25.35 24.60 23.91 24.12 23.49 23.32 24.98 25.03 25.99 26.32 25.34 25.41 25.19 23.51 23.83 23.32
13.75 14.94 16.13 15.82 16.11 15.49 16.72 14.43 15.20 15.87 17.09 17.42 19.32 19.01 17.89 18.53 19.23 18.49 18.75 17.01 17.53 19.18 17.01 16.12 16.54 17.49 19.15 21.59 20.92 21.08 20.49 19.31 18.99 20.88 22.73 22.38 21.18 21.44 21.80 20.24 22.21 23.08 24.00 23.01 22.99 20.76 22.59 23.80 23.26 21.99 22.48 22.88 23.78 21.98 22.57 22.91 23.72 24.65 24.40 24.35 23.40 22.92 24.25 25.01 25.38 24.90 23.21 24.01 22.72 23.66 24.87 24.81 23.19 23.64 25.18 25.26 24.44 24.35
14.91 13.66 14.16 15.33 14.95 16.74 17.64 15.76 15.47 13.86 15.28 16.10 16.22 16.35 16.89 17.28 18.39 20.19 21.27 19.45 19.28 18.92 16.75 18.43 19.11 18.26 19.10 20.19 21.51 20.40 20.00 18.63 18.49 19.37 20.81 20.61 22.67 22.37 22.19 20.99 20.19 22.11 22.65 22.37 22.21 22.54 22.93 21.98 22.76 22.29 22.35 22.32 21.06 20.71 22.74 22.74 22.96 22.85 24.46 24.08 22.86 23.31 23.27 23.67 23.42 22.29 24.54 24.51 22.77 23.08 23.78 23.26 23.36 21.79 23.39 24.53 23.71 23.98
14.78 12.84 14.20 14.63 13.87 14.93 16.78 16.80 17.28 15.27 14.29 15.11 15.11 15.59 14.49 15.21 15.24 15.87 19.63 19.56 20.76 19.44 18.77 19.78 18.13 19.32 18.67 18.29 18.90 19.07 18.47 17.46 17.43 16.99 19.25 18.46 20.99 22.45 21.64 21.47 20.19 21.35 23.21 22.99 23.36 24.26 23.38 23.36 22.26 22.50 21.27 21.93 19.92 21.51 22.92 23.01 23.28 23.35 22.85 24.02 23.39 23.60 23.68 23.88 21.81 21.71 23.51 23.94 23.37 21.62 22.09 21.94 23.15 21.96 22.48 23.22 22.26 23.17
15.76 14.42 14.00 13.01 12.99 13.63 14.97 15.24 16.30 17.08 16.00 14.95 15.23 17.58 17.53 16.57 15.63 14.01 17.16 17.91 20.57 18.61 17.17 18.81 18.91 19.60 19.49 17.38 18.86 20.56 19.50 15.35 16.32 16.15 18.36 16.34 17.00 19.61 20.08 20.92 21.77 20.60 21.22 21.68 23.17 21.99 21.46 19.15 19.41 19.51 19.49 20.68 22.34 21.38 22.19 22.22 22.92 22.56 23.13 22.30 22.44 22.48 22.72 24.25 23.14 22.56 21.01 22.82 20.79 21.48 19.47 20.86 23.57 22.19 21.53 19.87 21.60 23.22
15.47 15.12 14.16 13.50 12.14 14.87 13.92 14.09 16.14 15.51 16.88 16.67 15.46 16.82 17.37 17.53 13.58 13.51 17.35 17.57 16.74 18.41 19.37 20.97 20.65 20.49 19.32 18.37 19.37 20.88 21.40 19.28 18.93 18.40 20.45 17.36 16.86 18.58 19.74 20.33 20.65 20.18 21.48 22.69 20.47 19.30 18.74 15.80 16.18 18.87 19.59 21.03 22.61 22.33 22.80 22.55 21.58 22.76 22.03 22.89 22.40 21.54 21.10 21.79 19.97 21.55 20.61 20.67 20.80 20.23 18.55 20.19 22.62 21.90 19.09 20.16 21.35 20.72
14.50 14.78 16.63 14.98 13.72 14.02 14.65 13.56 15.47 15.19 14.97 15.01 15.22 14.86 16.40 17.46 15.87 16.41 17.06 18.48 17.78 17.24 18.58 20.33 20.43 18.51 19.77 21.66 21.69 20.98 20.53 20.35 19.51 19.23 21.69 19.96 17.64 17.81 18.11 17.89 20.75 20.07 21.08 21.93 20.42 20.02 18.62 17.64 17.61 19.81 19.84 20.37 22.19 20.98 20.78 21.17 19.01 20.22 20.12 20.38 20.37 21.00 21.01 20.05 20.52 19.18 19.40 20.90 21.70 20.12 16.84 19.74 22.87 22.34 21.42 18.59 18.46 18.67
17.07 15.28 16.21 15.38 16.19 15.26 13.65 13.39 15.10 14.06 13.97 15.60 17.01 15.50 16.29 15.93 18.25 19.25 17.13 17.52 17.99 18.04 19.16 18.07 20.40 19.87 19.70 20.71 20.04 20.69 20.92 20.26 20.70 19.55 19.53 21.03 19.27 17.86 18.24 17.42 17.90 17.97 19.71 19.91 20.83 20.63 18.85 17.79 17.36 18.04 19.04 17.69 21.33 20.70 20.29 21.08 20.63 19.03 21.59 21.65 19.33 19.81 20.55 20.68 21.16 20.41 19.78 20.53 21.47 20.98 18.68 21.19 21.04 19.87 20.13 20.41 18.89 17.31
16.45 17.44 16.11 16.14 15.63 17.70 15.13 14.34 14.49 15.49 16.96 16.20 16.63 16.16 16.49 17.66 18.44 19.02 19.56 18.85 20.78 20.63 21.11 18.55 18.65 20.03 19.47 17.73 18.96 20.60 20.23 20.04 19.89 19.65 19.73 21.29 21.17 18.67 18.18 18.56 18.73 19.48 19.49 18.64 18.24 18.28 19.35 18.50 17.36 18.74 17.90 18.66 19.26 21.39 21.79 20.56 20.29 21.06 21.04 21.66 20.52 19.81 20.04 20.66 20.99 21.39 19.91 20.49 21.77 22.19 20.20 19.36 19.22 18.92 18.86 19.40 19.64 19.02
15.64 17.21 17.55 15.99 16.23 18.18 17.28 15.28 15.39 16.10 17.32 19.48 18.82 18.44 15.99 17.62 18.19 19.11 18.71 18.01 20.23 20.79 19.73 20.83 19.73 19.63 19.08 17.33 17.04 19.20 19.20 18.93 19.97 20.17 18.30 21.34 21.95 21.14 20.31 19.88 20.66 18.99 18.10 18.45 19.07 19.76 20.33 19.73 18.44 18.31 18.06 19.33 19.09 20.52 20.98 21.73 19.27 19.18 22.21 23.34 19.70 17.18 18.98 21.83 21.77 20.49 20.26 20.13 19.72 20.15 19.58 18.56 17.05 16.66 19.15 19.80 20.16 19.23
16.04 16.62 16.96 15.88 15.84 17.14 17.18 15.33 16.48 16.77 18.64 19.68 21.05 19.90 18.62 18.42 18.97 18.36 16.87 16.46 17.53 19.81 20.31 21.34 22.03 21.14 19.54 19.75 16.77 17.61 19.31 18.33 18.49 20.46 17.10 19.16 18.61 19.70 20.64 20.50 20.75 18.90 16.05 17.51 19.76 20.25 19.71 20.19 19.47 17.79 20.82 20.98 21.00 21.63 22.37 19.73 18.84 19.07 21.35 23.58 20.62 18.89 19.77 19.61 21.18 22.35 20.93 18.85 18.95 19.33 19.02 18.20 18.67 17.94 17.20 19.47 20.08 20.16
15.22 16.69 16.59 17.12 16.17 14.85 16.15 15.40 15.49 16.98 18.69 19.40 19.48 18.70 19.00 18.71 18.90 18.09 16.62 16.60 16.76 17.71 21.70 22.43 21.79 20.95 21.07 20.07 19.52 18.94 19.90 19.52 19.99 20.95 18.36 19.63 19.28 17.86 18.95 19.31 19.29 18.35 15.85 16.99 18.49 18.02 20.23 19.15 21.05 19.90 20.85 20.80 20.33 20.18 19.79 20.36 20.53 20.55 19.61 20.64 20.15 19.50 21.34 21.52 22.81 21.69 19.87 18.77 20.02 20.84 21.04 20.37 21.18 20.29 18.36 19.28 21.73 21.60
13.63 16.49 16.95 16.94 16.85 15.96 14.61 15.22 14.99 16.61 16.48 17.30 18.67 18.30 17.69 17.54 17.90 18.15 16.53 16.45 18.20 18.16 19.39 21.19 20.91 20.76 21.31 21.39 18.55 18.82 20.77 20.07 20.94 21.74 21.48 20.74 20.89 20.20 20.62 21.80 21.75 19.38 16.87 16.97 17.50 17.14 19.43 20.80 20.80 18.95 18.49 18.79 17.67 19.20 20.02 20.64 21.85 21.67 21.66 20.02 19.25 20.30 18.96 19.88 21.41 21.84 21.56 21.96 21.08 20.14 19.85 19.96 20.21 18.10 19.32 19.92 22.26 22.15
13.64 14.09 16.38 17.63 15.84 16.48 15.34 14.99 14.92 14.87 15.27 15.19 15.30 17.41 19.36 18.77 18.66 17.70 16.86 17.18 17.58 18.34 15.84 18.17 21.83 22.41 22.73 21.27 18.70 18.99 20.50 19.89 20.15 20.50 20.56 19.44 19.20 16.79 18.50 22.99 22.25 19.52 16.13 19.09 19.38 18.47 19.28 21.13 20.34 18.32 18.39 17.77 17.37 18.10 20.93 20.21 19.34 18.74 20.89 20.94 20.82 20.35 20.31 20.73 20.49 21.77 22.07 20.91 18.72 17.56 17.62 19.33 17.94 18.04 17.61 21.13 24.25 21.96
12.82 13.31 14.29 16.45 16.13 15.93 16.34 16.03 14.65 13.61 14.64 15.69 15.42 16.87 19.34 20.70 19.72 19.75 18.03 18.09 19.43 20.69 17.33 17.42 20.69 23.24 23.68 22.76 20.46 21.88 21.49 20.21 19.37 18.31 17.20 17.70 17.00 16.78 18.38 21.12 22.35 21.51 18.02 19.92 20.19 19.36 18.03 20.34 20.76 20.31 18.03 17.99 18.13 19.35 20.80 22.85 20.44 20.05 21.21 21.56 21.05 22.06 22.35 21.98 19.68 19.98 19.56 19.40 19.10 16.57 17.57 18.90 17.30 18.27 20.81 21.26 22.54 22.09
11.36 12.51 12.45 13.65 13.93 14.51 16.35 15.37 13.51 14.39 14.54 15.23 15.99 16.26 17.94 19.22 20.91 20.75 20.54 21.80 21.69 23.08 22.56 20.98 21.45 22.59 22.43 21.87 23.33 21.11 20.63 22.20 21.44 20.25 19.93 20.47 20.31 20.86 18.94 20.92 21.17 19.52 18.47 20.21 18.31 18.92 20.19 18.78 19.25 19.70 19.58 20.39 19.55 19.94 20.10 22.64 21.02 19.70 22.13 21.92 21.19 21.57 21.52 20.26 20.20 17.84 19.53 16.15 16.88 16.50 17.12 16.59 14.40 15.29 18.88 21.94 19.52 19.99
9.06 9.27 11.16 11.42 11.16 12.75 14.33 15.36 13.91 13.82 15.25 16.52 16.16 15.66 17.37 18.46 18.98 20.79 20.99 22.59 21.68 21.10 20.22 20.06 21.48 19.72 22.00 20.70 22.10 21.85 22.13 22.96 22.90 22.59 22.11 22.78 23.02 23.45 20.44 19.69 18.57 19.09 18.70 20.05 19.11 19.08 19.40 19.28 18.18 20.49 20.18 21.90 22.63 21.23 20.30 20.94 20.80 20.63 19.64 22.21 20.84 20.28 19.63 20.42 18.60 17.94 16.23 16.48 17.52 15.83 16.11 16.85 14.54 13.29 17.49 21.09 19.87 19.46
10.52 10.07 10.19 11.15 10.71 11.94 12.87 14.38 15.26 13.63 15.34 16.85 16.20 17.04 18.03 17.73 17.96 19.70 21.43 21.07 21.87 22.10 21.64 21.12 21.12 21.29 21.56 21.72 20.88 22.13 23.07 22.88 21.83 21.67 20.19 21.98 22.97 23.38 21.09 19.64 17.95 17.50 18.56 17.99 19.40 20.53 19.88 19.62 18.85 20.19 20.38 22.55 21.76 22.54 23.09 23.72 22.63 21.47 19.82 20.45 22.81 21.10 22.14 20.54 18.03 15.24 15.37 17.93 18.49 18.04 16.86 14.45 14.98 15.95 16.56 17.85 19.70 17.81
14.53 12.38 10.59 12.58 13.71 13.94 14.18 14.80 15.83 14.79 15.73 16.78 16.74 16.86 17.38 18.84 18.78 19.54 21.49 21.23 21.03 22.77 23.17 22.57 22.05 23.28 22.42 22.11 22.19 20.67 20.00 22.12 19.69 19.26 19.75 19.80 20.62 21.30 21.45 19.85 19.20 19.28 19.55 19.57 19.15 19.82 19.14 19.79 20.26 20.87 21.07 21.48 22.84 22.72 22.05 21.59 22.88 23.68 22.92 21.17 22.27 21.88 21.97 20.42 17.41 15.22 15.45 16.33 16.33 16.65 16.68 15.42 16.92 18.45 17.47 18.09 18.88 17.78
14.81 15.05 14.53 13.76 13.80 13.59 15.17 16.22 16.81 16.89 17.06 17.98 17.22 17.73 18.94 19.47 20.86 20.97 20.62 20.96 21.22 21.82 22.11 22.92 21.50 21.63 22.26 22.98 22.70 22.86 21.97 20.16 18.96 18.26 18.99 19.32 19.88 20.51 21.94 20.37 20.03 20.52 19.98 19.57 20.12 20.34 20.79 21.36 20.48 21.64 20.94 21.97 22.22 20.96 21.98 22.57 24.04 24.84 24.40 22.40 20.29 18.80 19.02 20.29 18.40 16.67 16.45 16.36 14.66 15.64 15.98 15.84 17.77 18.74 17.85 17.28 18.95 19.01
15.32 16.76 16.05 15.69 15.97 15.79 16.70 17.27 17.37 18.19 19.08 20.37 19.91 19.18 17.97 18.39 20.65 22.01 21.57 22.57 22.06 22.13 21.56 21.63 21.19 20.79 21.35 22.53 23.25 23.34 22.91 22.06 22.09 20.20 21.47 19.97 20.21 20.62 21.62 20.58 19.41 20.13 22.84 23.03 21.39 21.40 21.44 19.81 20.44 21.34 22.27 23.38 22.07 23.24 23.49 22.72 23.40 23.40 23.16 22.21 20.41 19.75 19.86 19.41 18.84 19.40 16.78 15.98 13.17 14.45 13.82 15.01 15.98 18.45 17.16 15.96 17.96 18.15
16.50 17.08 16.23 15.79 15.35 15.13 16.07 17.88 20.34 19.10 18.33 18.79 18.33 18.22 18.54 19.47 19.87 20.36 21.33 22.31 21.86 21.36 21.19 21.82 22.47 21.89 22.13 21.87 23.16 22.45 23.53 23.30 24.15 22.31 22.18 21.32 21.21 20.40 21.58 20.62 19.91 20.59 23.11 23.98 22.06 21.22 22.83 21.84 20.66 22.41 24.01 24.32 22.95 24.15 24.01 23.70 22.76 21.97 21.76 21.21 21.49 21.93 21.54 18.91 18.13 18.78 16.56 15.02 13.86 14.05 15.26 17.02 15.52 15.64 14.78 15.78 15.77 15.41
16.14 16.34 16.26 16.33 17.15 16.84 18.13 18.42 17.67 18.99 18.84 18.96 18.76 18.68 19.19 20.03 19.55 19.48 20.08 20.48 21.09 21.96 22.54 22.60 22.92 22.20 22.41 21.59 22.74 22.08 22.84 22.96 22.95 21.96 21.36 21.92 21.97 22.57 22.75 21.29 20.73 20.67 21.49 22.04 21.65 21.40 22.27 23.13 23.11 22.10 22.75 23.46 22.85 23.58 23.87 22.47 21.60 22.24 20.33 20.81 21.19 21.91 21.34 19.48 18.54 17.00 14.05 13.62 14.06 15.90 16.79 19.51 17.82 13.33 13.38 13.84 15.53 15.61
16.57 16.07 16.42 16.12 17.00 17.45 17.98 17.88 18.06 17.42 17.46 17.08 17.61 17.94 18.85 20.01 19.90 20.59 19.79 19.01 19.56 19.45 19.69 21.66 21.15 22.12 21.95 22.00 22.03 21.55 22.09 22.51 21.30 22.03 21.29 22.53 21.34 21.13 22.25 22.52 22.39 21.88 21.43 21.07 20.93 21.49 22.03 21.79 23.03 22.19 21.47 21.24 21.98 23.92 23.54 22.06 21.58 22.35 19.80 19.44 19.55 21.36 19.87 18.88 19.29 17.16 15.72 15.47 15.28 15.96 15.82 17.43 18.29 18.30 17.37 16.36 15.95 17.11
16.60 16.44 17.26 17.08 17.44 18.79 18.65 18.55 18.42 17.00 17.43 17.46 18.77 19.09 20.03 21.24 20.90 20.67 20.71 20.07 20.39 21.90 19.99 20.13 20.29 21.90 22.85 22.81 23.18 22.39 21.74 22.64 22.83 23.03 23.01 22.61 22.64 22.71 22.83 22.39 21.70 21.96 21.77 21.06 20.73 21.47 20.80 21.75 22.41 21.80 21.45 21.31 21.90 22.48 23.67 24.22 24.11 23.23 22.07 20.59 19.84 20.41 19.07 18.52 18.69 17.49 16.85 15.63 15.84 14.53 14.67 16.19 18.41 17.64 15.87 17.24 17.78 19.00
15.95 16.75 17.10 18.48 18.83 19.08 19.87 19.18 19.43 18.54 18.63 17.97 17.95 18.96 20.91 20.78 20.76 20.38 19.81 19.93 20.26 20.44 20.68 20.76 21.14 21.87 22.44 22.79 23.71 23.30 23.07 23.91 23.42 23.04 22.45 21.65 22.25 21.94 22.09 22.53 21.61 20.32 21.54 20.59 20.56 20.99 20.82 21.55 22.43 22.05 21.65 23.22 22.64 21.81 23.47 24.15 24.73 24.52 23.43 22.48 20.92 19.63 19.81 20.05 19.52 17.72 17.59 16.47 15.06 15.12 14.85 14.30 16.11 15.57 13.39 14.96 17.09 18.55
15.75 15.10 16.10 17.25 16.36 15.34 16.08 16.96 17.28 19.14 19.16 18.93 20.32 20.10 19.55 19.00 19.74 19.56 19.86 19.48 20.26 20.49 20.75 20.24 20.12 19.69 19.78 20.72 22.70 23.36 22.81 23.12 23.21 22.50 21.95 21.13 22.78 22.36 21.76 20.62 21.17 21.52 21.37 21.39 20.97 20.81 21.80 21.85 21.71 21.90 22.05 22.87 23.64 23.47 21.51 22.25 22.02 22.18 22.99 22.22 21.86 19.79 19.80 20.29 19.72 18.03 16.07 17.17 17.38 17.89 16.65 15.99 16.21 15.14 14.73 14.69 15.91 19.48
