main/data/irradiance/04.01.2023.grid
ncols 839
nrows 679
xllcenter 112.0500
yllcenter -43.9500
cellsize 0.0500
nodata_value 99999.90
[rows 340 to 373 of 679, columns 156 to 233 of 839]
31.33 31.27 30.98 31.06 31.05 31.12 30.92 31.06 31.04 30.91 30.65 31.15 31.09 31.10 31.25 31.11 30.96 30.98 30.85 30.71 30.82 30.87 30.88 30.92 30.85 30.73 30.60 30.65 30.93 30.96 30.57 30.69 30.66 30.66 30.76 30.73 30.26 30.27 30.41 30.45 30.57 30.63 30.78 30.88 30.78 30.79 30.74 30.59 30.55 30.54 30.39 30.32 30.32 30.37 30.29 30.17 30.40 30.28 30.61 30.45 30.36 30.30 30.62 30.46 30.26 30.28 30.38 30.32 30.25 30.78 31.12 30.55 30.53 30.70 30.47 30.42 30.34 30.16
31.18 31.09 31.19 31.08 31.08 31.15 30.98 30.99 30.82 30.69 31.08 31.16 30.99 31.05 30.97 30.95 31.15 31.07 31.17 31.15 30.91 30.76 30.74 30.72 30.59 30.62 30.67 30.75 30.62 30.87 30.88 30.74 30.84 30.83 30.76 30.62 30.60 30.60 30.40 30.43 30.60 30.78 30.82 30.99 31.01 30.90 30.77 30.72 30.70 30.50 30.36 30.58 30.51 30.38 30.53 30.59 30.44 30.42 30.23 30.29 30.35 30.62 30.44 30.52 30.45 30.31 30.31 30.38 30.03 30.24 30.63 30.10 30.24 30.71 30.79 30.68 30.59 30.47
31.30 31.16 31.27 31.32 31.27 31.15 31.22 31.05 31.29 31.25 31.11 30.91 31.15 31.12 31.11 31.03 30.92 30.96 31.02 31.07 31.02 30.87 30.94 30.92 30.62 30.40 30.80 30.90 30.98 30.78 30.82 31.00 31.01 30.87 30.76 30.57 30.63 30.80 30.84 30.82 30.65 30.86 30.92 30.89 31.11 31.19 30.96 30.90 30.84 30.78 30.84 30.83 30.81 30.96 30.93 30.67 30.77 30.64 30.72 30.72 30.53 30.47 30.54 30.64 30.61 30.51 30.28 30.24 30.30 30.29 30.26 30.55 30.66 30.66 30.69 30.87 30.73 30.56
31.32 31.39 31.28 31.10 31.15 31.13 31.18 31.26 31.25 31.28 31.35 31.09 30.89 31.09 30.81 31.13 31.10 31.11 31.28 31.22 31.11 30.94 30.93 30.74 30.92 30.89 30.96 30.96 31.16 30.90 30.99 31.02 30.82 30.97 30.98 30.91 30.75 30.72 30.80 30.72 30.78 30.83 31.09 31.19 31.14 31.02 30.91 30.75 30.78 30.92 30.67 30.88 30.95 30.94 30.91 30.83 30.75 30.81 30.95 30.80 30.64 30.46 30.12 30.10 30.36 30.59 30.78 30.77 30.61 30.27 30.55 30.61 30.96 30.69 30.64 30.67 30.84 30.72
31.09 31.31 31.19 31.36 31.37 31.29 31.18 31.30 31.21 31.25 31.25 31.24 31.09 30.91 30.84 29.70 31.23 31.09 31.19 31.18 31.33 31.15 31.08 31.08 30.92 31.00 30.86 31.09 31.25 31.08 31.07 31.16 31.19 31.08 31.01 31.04 30.71 30.48 30.54 30.74 30.82 30.92 30.98 30.87 30.84 30.89 30.95 31.02 30.89 30.90 31.08 30.99 30.91 30.96 30.97 30.94 30.99 31.02 30.96 30.73 30.68 30.68 30.62 30.55 30.41 30.38 30.68 30.78 30.69 30.75 30.69 30.58 30.62 30.73 30.76 31.03 30.86 30.81
31.44 31.16 31.34 31.33 31.29 31.36 31.35 31.02 30.93 31.13 31.16 31.32 31.19 31.30 31.40 30.86 30.87 31.10 30.99 31.06 31.02 31.34 31.29 31.29 31.06 31.10 31.01 31.10 30.92 31.09 31.03 30.97 30.98 31.02 31.05 30.83 31.07 30.83 30.96 30.94 30.89 30.90 30.91 30.94 31.00 31.06 31.09 30.81 30.97 31.11 30.97 31.00 30.96 31.04 30.91 30.91 30.94 30.93 30.88 30.97 31.05 31.20 31.12 31.11 31.16 31.13 30.86 30.93 31.07 31.06 30.82 30.87 30.78 30.84 30.92 31.02 31.03 31.00
31.37 31.37 31.35 31.15 31.31 31.30 31.32 31.49 31.46 31.23 31.32 31.29 31.46 31.01 31.19 31.35 31.45 31.24 30.97 31.16 31.22 31.25 31.25 31.22 31.12 31.14 31.24 31.17 31.10 30.94 30.89 31.05 31.07 31.08 31.06 31.08 31.01 31.12 30.71 30.75 31.05 31.09 31.02 31.09 31.09 31.14 30.82 31.08 31.24 31.18 31.08 30.95 30.98 30.99 31.09 31.04 31.13 31.11 31.09 31.15 31.04 30.91 31.10 31.03 30.90 30.96 31.15 31.03 31.17 31.12 31.21 31.09 31.04 30.88 31.01 31.03 30.90 30.88
31.34 31.27 31.30 31.37 31.30 31.21 31.38 31.28 31.14 31.17 31.04 31.26 31.36 31.34 31.02 31.35 31.31 31.19 31.26 31.27 31.25 31.25 31.20 31.32 31.31 31.27 31.13 31.20 31.17 31.04 31.13 31.02 31.21 31.13 31.11 31.22 31.01 31.01 31.07 30.85 30.91 30.95 31.21 31.21 31.17 31.10 31.15 31.21 31.12 31.08 30.80 30.84 30.80 30.96 31.18 31.19 31.11 31.14 31.05 30.97 31.08 31.00 30.95 30.94 30.99 30.92 31.17 31.18 31.07 31.19 31.10 31.22 31.13 31.15 31.01 31.13 30.96 30.90
31.35 31.34 31.38 31.34 31.15 31.47 31.36 31.17 31.37 31.47 31.55 31.31 31.16 31.45 31.43 31.31 30.93 31.22 31.17 31.22 31.30 31.24 31.37 31.26 31.29 31.29 31.44 31.11 30.95 31.05 31.07 31.21 31.18 31.18 31.50 31.32 31.35 31.10 31.16 30.95 31.00 30.92 31.20 30.96 31.07 31.07 31.26 31.09 31.16 31.07 31.18 30.88 30.91 30.97 30.87 30.85 30.92 31.18 30.99 30.99 30.96 31.21 31.16 30.82 30.76 31.02 30.85 30.93 31.11 31.22 31.22 31.08 31.08 31.16 31.14 31.13 31.21 31.17
31.34 31.42 31.49 31.44 31.54 31.34 31.29 31.36 31.16 31.11 31.36 31.38 31.41 31.45 31.47 31.41 31.48 31.29 31.39 31.42 31.34 31.38 31.25 31.18 31.02 31.30 31.31 31.27 31.41 31.42 31.18 31.01 31.04 31.19 31.27 31.32 31.35 31.37 31.26 31.18 31.03 31.19 31.00 31.24 31.35 31.22 31.21 31.15 31.19 31.11 31.06 31.14 31.18 31.06 30.88 30.82 30.90 30.92 31.02 31.00 31.23 31.22 31.01 31.05 30.99 30.92 31.05 31.06 31.13 31.19 31.21 31.31 31.35 31.32 31.39 31.31 31.21 31.25
30.75 31.37 31.42 31.38 31.25 31.41 31.46 31.15 31.18 31.14 31.18 31.37 31.41 31.40 31.41 31.40 31.39 31.26 31.36 31.31 31.30 31.28 31.17 31.32 31.41 31.30 31.34 31.40 31.24 31.07 31.13 31.18 31.35 31.26 31.23 31.25 31.16 31.31 31.30 31.35 31.33 31.31 31.18 31.16 30.92 30.86 30.91 30.83 31.04 31.15 31.13 31.20 31.31 31.22 31.40 31.32 31.22 31.20 31.06 31.20 31.13 31.05 31.16 31.01 30.99 30.91 31.06 31.11 31.16 30.97 30.96 31.02 31.12 31.03 31.37 31.07 31.22 31.17
31.49 31.10 31.25 31.36 31.51 31.24 31.32 31.45 31.40 31.47 31.46 31.38 31.41 31.11 31.26 31.30 31.35 31.22 31.22 31.19 31.30 31.35 31.36 31.32 31.33 31.39 31.41 31.33 31.46 31.35 31.26 31.35 31.27 31.24 31.32 31.37 31.51 31.32 31.32 31.22 31.05 31.26 31.28 31.22 31.29 31.32 31.33 31.27 31.12 31.07 30.85 31.38 31.32 31.19 30.90 31.19 31.33 31.19 31.00 30.86 31.02 31.08 31.24 31.25 31.20 31.16 31.17 31.08 31.03 31.28 31.25 31.26 31.28 31.31 31.28 31.31 31.38 31.38
31.15 31.44 31.42 31.43 31.36 31.48 31.35 31.30 31.23 31.42 31.09 30.84 30.95 30.90 30.82 31.12 31.29 31.43 31.43 31.42 31.28 31.18 31.38 31.29 31.39 31.34 31.35 31.42 31.42 31.45 31.41 31.15 31.09 31.13 31.12 31.25 31.30 31.36 31.10 31.16 31.28 31.19 30.92 30.90 31.11 31.23 31.24 31.31 31.28 31.21 31.36 31.23 31.34 31.32 31.32 31.24 30.81 30.70 30.94 31.08 31.09 30.98 31.05 30.93 31.05 31.15 31.16 31.15 31.21 31.17 31.13 31.15 31.30 31.24 31.29 31.39 31.13 31.28
31.35 31.46 31.24 31.19 31.45 31.51 31.50 31.24 31.37 31.41 31.40 31.54 31.24 31.55 31.70 31.47 31.37 31.42 31.31 31.23 31.44 31.52 31.36 31.36 31.31 31.24 31.40 31.37 31.17 31.26 31.44 31.44 31.38 31.32 31.35 31.39 31.21 31.19 31.32 31.11 31.31 31.31 31.42 31.39 31.33 31.25 31.26 31.32 31.35 31.31 31.15 31.22 31.24 31.22 31.12 31.18 31.36 31.20 31.16 31.10 31.01 31.20 31.08 31.13 31.15 31.22 31.12 31.18 31.10 31.25 31.17 31.19 31.14 31.16 31.33 31.36 31.31 31.16
31.33 31.42 31.31 31.36 31.41 31.32 31.34 31.13 31.25 31.31 31.41 31.33 31.55 31.57 31.42 31.29 31.42 31.20 31.42 31.44 31.46 31.38 31.42 31.36 31.23 31.34 31.28 31.60 31.30 31.32 31.22 31.03 31.15 31.07 31.29 31.16 31.36 31.24 31.44 31.54 31.54 31.51 31.41 31.12 31.20 31.28 31.31 31.30 31.37 31.32 31.42 31.37 31.30 31.37 31.41 31.36 31.30 31.33 31.19 31.09 30.91 30.93 31.17 31.20 31.13 31.15 31.01 31.08 31.22 31.20 31.19 31.27 31.22 31.19 31.01 31.11 31.19 31.30
31.41 31.35 31.45 31.45 31.15 31.30 31.28 31.40 31.03 31.13 31.34 31.39 31.40 31.37 31.39 31.32 31.27 31.43 31.24 31.25 31.40 31.47 31.38 31.43 31.50 31.52 31.36 31.46 31.60 31.50 31.44 31.55 31.52 31.43 31.39 31.12 30.81 31.41 31.40 31.33 31.20 31.44 31.46 31.38 31.27 31.16 31.33 31.34 31.32 31.33 31.28 31.35 31.38 31.26 31.08 31.35 31.21 30.86 30.74 30.80 31.15 31.18 31.09 30.99 31.13 31.13 31.12 30.97 31.08 30.95 31.16 31.19 31.20 31.17 31.21 31.22 31.24 31.11
31.22 31.32 31.33 31.28 31.41 31.38 31.28 31.27 31.40 31.53 31.33 31.26 31.24 31.40 31.36 31.42 31.46 31.48 31.30 31.41 31.39 31.31 31.28 31.38 31.33 31.39 31.37 31.49 31.45 31.49 31.34 31.27 31.45 31.38 31.39 31.45 31.58 31.09 31.25 31.26 31.25 31.27 31.43 31.25 30.92 31.07 31.26 31.26 31.24 31.14 31.35 31.30 31.23 31.22 31.35 31.06 31.36 31.20 31.21 31.17 31.09 31.17 31.10 31.09 31.09 31.03 31.16 31.20 31.17 31.16 31.09 31.13 31.26 31.21 31.08 31.12 31.18 31.20
31.39 31.26 31.40 31.47 31.34 31.16 31.29 31.52 31.22 31.22 31.26 31.21 31.20 31.28 31.37 31.41 31.27 31.34 31.43 31.33 31.24 31.23 31.28 31.37 31.39 31.28 31.26 31.21 31.23 31.22 31.35 31.31 31.12 31.17 30.95 31.11 31.24 31.44 31.22 31.20 31.42 31.43 31.34 31.46 31.56 31.30 31.01 31.25 31.39 31.53 31.18 31.26 31.22 31.31 31.29 31.36 31.32 31.41 31.33 31.20 31.22 31.00 31.16 31.14 31.29 31.15 31.12 31.10 31.08 31.16 31.31 31.34 31.19 31.28 31.28 31.18 31.18 31.11
31.25 31.33 31.25 31.40 31.45 31.39 31.40 31.40 31.45 31.09 31.11 31.25 31.28 31.37 31.36 31.30 31.40 31.38 31.37 31.38 31.33 31.39 31.38 31.36 31.34 31.46 31.45 31.45 31.43 31.34 31.36 31.42 31.40 31.47 31.53 31.46 31.28 30.84 31.32 31.44 31.23 31.42 31.50 31.53 31.43 31.51 31.24 31.20 31.25 31.19 31.23 31.31 31.36 31.25 31.30 31.19 31.20 31.31 31.47 31.35 31.05 31.17 31.15 31.36 31.40 31.03 30.93 31.37 31.50 31.30 31.15 31.17 31.21 31.17 31.24 31.31 31.26 31.34
31.44 31.29 31.34 31.46 31.43 31.44 31.46 31.46 31.48 31.32 31.40 31.39 31.33 31.38 31.43 31.43 31.38 31.34 31.37 31.24 31.33 31.30 31.24 31.37 31.43 31.47 31.56 31.43 31.41 31.46 31.55 31.55 31.49 31.44 31.39 30.97 30.61 31.19 31.10 31.36 31.52 31.44 31.21 31.19 30.93 31.01 31.49 31.22 31.41 31.35 31.39 31.22 31.24 31.16 31.15 31.29 31.28 31.20 31.09 31.46 31.33 31.19 31.18 31.06 31.12 31.28 31.18 31.07 31.15 31.45 31.42 31.38 31.19 31.20 31.19 31.11 31.28 31.30
31.34 31.40 31.27 31.24 31.33 31.49 31.39 31.42 31.52 31.56 31.52 31.47 31.51 31.22 31.36 31.40 31.38 31.40 31.33 31.27 31.42 31.40 31.43 31.41 31.37 31.38 31.43 31.42 31.37 31.34 31.44 31.41 31.31 31.37 31.48 31.48 31.52 31.31 31.24 31.38 31.39 31.21 31.15 31.39 31.46 31.39 31.45 31.60 31.21 31.53 31.32 31.25 31.22 31.26 31.37 31.38 31.35 31.32 31.45 31.26 31.18 31.15 31.25 31.30 31.22 31.07 31.15 31.23 31.13 31.00 31.20 31.26 31.05 31.29 31.16 31.34 31.30 31.35
31.43 31.37 31.31 31.33 31.19 31.33 31.37 31.25 31.33 31.15 31.28 31.40 31.46 31.48 31.12 31.44 31.46 31.32 31.10 31.39 31.29 31.35 31.34 31.08 31.25 31.24 31.30 31.30 31.01 31.33 31.39 31.41 31.51 31.44 31.10 31.37 31.33 31.43 31.10 31.08 31.32 31.23 31.47 31.36 31.40 31.45 31.35 31.24 31.47 31.35 31.36 31.28 31.22 31.24 31.36 31.36 31.34 31.24 31.20 31.23 31.12 31.13 31.19 31.32 31.31 31.23 31.30 31.13 31.25 31.18 31.24 31.19 31.43 31.26 31.30 31.28 31.37 31.33
31.05 31.07 31.43 31.50 31.56 31.49 31.35 31.51 31.44 31.52 31.48 31.42 31.38 31.25 31.36 31.06 31.44 31.46 31.44 31.32 31.32 31.41 31.25 31.47 31.35 31.38 31.39 31.28 31.57 31.13 31.22 31.29 31.39 31.39 31.59 31.29 31.22 31.28 31.46 30.56 30.42 30.78 31.35 31.28 31.44 31.42 31.42 31.53 31.58 31.48 31.27 31.34 31.34 31.26 31.12 31.27 31.29 31.12 31.20 31.34 31.43 31.25 31.34 31.34 31.14 31.30 31.25 31.24 31.06 31.31 31.29 31.29 31.27 31.25 31.20 31.13 31.12 31.01
31.32 31.39 31.16 31.23 31.39 31.42 31.31 31.45 31.46 31.47 31.41 31.37 31.50 31.52 31.54 31.44 31.03 31.18 31.13 31.39 31.49 31.37 31.50 31.39 31.46 31.41 31.26 31.35 31.20 31.49 31.42 31.36 31.32 31.10 31.19 31.35 31.40 31.45 31.48 31.47 31.39 30.89 30.59 30.50 30.92 31.40 31.40 31.42 31.39 31.27 31.27 31.28 31.10 31.25 31.42 31.24 31.20 31.35 31.39 31.15 31.22 31.28 31.03 31.19 31.26 31.29 31.17 30.93 31.27 31.24 31.34 31.18 31.25 31.20 31.17 31.26 31.23 31.44
31.42 31.56 31.57 31.35 31.14 31.41 31.48 31.37 31.39 31.20 31.30 31.44 31.46 31.49 31.46 31.56 31.53 31.52 31.48 31.23 31.29 31.13 31.21 31.36 31.43 31.28 31.46 31.35 31.57 31.55 31.50 31.42 31.38 31.52 31.34 31.27 31.27 31.42 31.41 31.44 31.52 31.31 31.17 30.99 30.91 31.16 31.30 31.30 31.37 31.42 31.28 31.25 31.37 31.40 31.09 31.22 31.23 31.33 31.23 31.34 31.28 31.29 31.29 31.07 31.24 31.01 31.11 31.43 31.39 31.26 31.12 31.25 31.17 31.28 31.30 31.24 31.32 31.30
31.46 31.41 31.23 31.49 31.52 31.46 31.49 31.50 31.55 31.55 31.40 31.14 31.15 31.39 31.40 31.24 31.47 31.51 31.46 31.50 31.20 31.53 31.48 31.49 31.47 31.47 31.25 31.30 31.17 31.37 31.43 31.34 31.26 31.27 31.51 31.53 31.54 31.41 31.42 31.36 31.27 31.51 31.52 31.61 31.57 31.47 31.34 31.22 31.36 31.29 31.37 31.30 31.45 31.26 31.31 31.33 31.17 31.22 31.28 31.33 31.11 31.31 31.23 30.99 31.15 31.05 31.19 31.23 31.27 31.21 31.05 31.31 31.28 31.21 31.35 31.27 31.34 31.34
31.06 31.11 31.56 31.50 31.39 31.38 31.32 31.45 31.40 31.44 31.56 31.60 31.57 30.73 31.03 31.54 31.51 31.49 31.58 31.57 31.54 31.45 31.47 31.39 31.42 31.52 31.45 31.40 31.50 31.32 31.18 31.16 31.46 31.48 31.45 31.41 31.44 31.42 31.39 31.43 31.36 31.05 31.11 31.38 31.36 31.16 31.07 31.33 31.29 31.30 31.42 31.31 31.28 31.28 31.25 31.26 31.28 31.26 31.23 31.19 31.35 31.34 31.37 31.42 31.43 31.29 31.32 31.37 31.13 31.25 31.34 31.15 31.10 31.21 31.34 31.42 31.26 31.25
31.58 31.57 31.47 31.45 31.56 31.53 31.48 31.26 31.30 31.33 31.54 31.49 31.51 31.60 31.74 31.45 31.28 31.44 31.47 31.44 31.41 31.39 31.42 31.43 31.48 31.44 31.41 31.42 31.46 31.54 31.53 31.44 31.28 31.51 31.50 31.46 31.50 31.41 31.31 31.34 31.55 31.61 31.61 31.13 31.30 31.44 31.56 31.32 31.25 31.42 31.46 31.43 31.33 31.38 31.38 31.44 31.50 31.42 31.36 31.04 31.38 31.40 31.18 31.28 31.11 31.27 31.19 31.20 31.40 31.43 31.31 31.41 31.41 31.33 31.17 31.16 31.16 31.12
31.52 31.42 31.32 31.30 31.29 31.47 31.48 31.46 31.43 31.45 31.45 31.34 31.42 31.32 31.39 31.52 31.56 31.49 31.27 31.40 31.38 31.38 31.37 31.39 31.25 31.39 31.51 31.53 31.39 31.46 31.47 31.57 31.48 31.38 31.41 31.53 31.51 31.37 31.50 31.48 31.47 31.46 31.43 31.57 31.39 31.37 31.44 31.33 31.37 31.29 31.17 31.42 31.48 31.44 31.49 31.49 31.31 31.28 31.33 31.51 31.36 31.29 31.48 31.33 31.20 31.29 31.33 31.08 31.19 31.18 31.31 31.42 31.34 31.29 31.28 31.26 31.38 31.40
31.39 31.36 31.44 31.42 31.38 31.32 31.52 31.58 31.51 31.34 31.19 31.30 31.25 31.33 31.43 31.43 31.27 31.32 31.36 31.32 31.41 31.49 31.35 31.33 31.47 31.42 31.46 31.46 31.47 31.40 31.45 31.40 31.38 31.46 31.44 31.35 31.12 31.38 31.35 31.28 31.43 31.37 31.38 31.27 31.45 31.32 31.25 31.22 31.29 31.23 31.41 31.33 31.44 31.42 31.19 31.20 31.38 31.18 30.96 31.34 31.25 31.20 31.24 31.51 31.48 31.33 31.24 31.37 31.40 31.17 31.35 31.29 31.15 31.28 31.47 31.47 31.30 31.20
31.46 31.46 31.40 31.42 31.51 31.56 31.42 31.49 31.49 31.48 31.49 31.32 31.27 31.39 31.53 31.47 31.45 31.32 31.35 31.19 31.43 31.41 31.56 31.41 31.45 31.42 31.36 31.42 31.28 31.37 31.43 31.35 31.44 31.43 31.30 31.36 31.51 31.48 31.44 31.30 31.42 31.45 31.43 31.45 31.41 31.41 31.29 31.19 31.42 31.55 31.45 31.43 31.32 31.28 31.41 31.43 31.40 31.49 31.53 31.08 31.30 31.48 31.40 31.32 31.44 31.48 31.39 31.50 31.48 31.41 31.42 31.23 31.33 31.20 31.25 31.12 31.38 31.27
31.42 31.40 31.35 31.28 31.20 31.40 31.47 31.10 31.19 31.54 31.56 31.60 31.49 31.54 31.42 31.17 31.56 31.53 31.52 31.57 31.54 31.56 31.54 31.44 31.38 31.36 31.37 31.38 31.34 31.28 31.06 31.29 31.39 31.30 31.31 31.43 31.49 31.50 31.48 31.60 31.24 31.23 31.37 31.30 31.33 31.44 31.55 31.54 31.34 31.44 31.38 31.36 31.37 31.29 31.36 31.35 31.35 31.38 31.45 31.46 31.18 31.29 31.35 31.43 31.47 31.14 31.26 31.26 31.36 31.23 31.32 31.34 31.24 31.41 31.40 31.50 31.54 31.50
31.42 31.16 31.30 31.47 31.51 31.24 31.42 31.44 31.56 31.46 31.50 31.47 31.59 31.56 31.56 31.53 31.59 31.60 31.56 31.40 31.35 31.37 31.43 31.28 31.29 31.31 31.01 31.40 31.54 31.52 31.53 31.46 31.44 31.37 31.45 31.48 31.39 31.37 31.37 31.32 31.58 31.49 31.26 31.28 31.17 31.39 31.49 31.45 31.46 31.39 31.41 31.42 31.38 31.49 31.41 31.32 31.36 31.33 31.38 31.43 31.37 31.31 31.37 31.29 31.31 31.19 31.27 31.40 31.25 31.36 31.14 31.17 31.31 31.47 31.48 31.52 31.56 31.47
31.36 31.53 31.51 31.45 31.45 31.49 31.39 31.50 31.41 31.57 31.51 31.52 31.49 31.62 31.45 31.49 31.50 31.53 31.55 31.30 31.16 31.39 31.45 31.41 31.37 31.38 31.50 31.47 31.47 31.48 31.49 31.52 31.44 31.46 31.49 31.46 31.33 31.35 31.45 31.48 31.29 31.43 31.48 31.45 31.14 31.13 31.19 31.31 31.34 31.38 31.42 31.34 31.18 31.36 31.36 31.34 31.32 31.38 31.45 31.40 31.46 31.54 31.45 31.31 31.33 31.51 31.38 31.30 31.29 31.29 31.24 30.95 31.04 31.16 31.32 31.38 31.53 31.56
