main/data/irradiance/04.09.2023.grid
ncols 839
nrows 679
xllcenter 112.0500
yllcenter -43.9500
cellsize 0.0500
nodata_value 99999.90
[rows 612 to 645 of 679, columns 616 to 692 of 839]
99999.90 99999.90 99999.90 99999.90 99999.90 99999.90 99999.90 99999.90 99999.90 99999.90 99999.90 99999.90 99999.90 99999.90 99999.90 99999.90 99999.90 99999.90 99999.90 99999.90 99999.90 99999.90 99999.90 99999.90 99999.90 99999.90 7.25 8.34 8.34 8.34 8.34 8.34 8.34 8.34 8.34 8.34 8.34 8.34 8.34 8.25 8.84 8.84 8.84 8.84 8.84 8.88 6.89 7.23 7.17 7.17 7.17 7.17 7.17 6.55 6.55 6.55 6.55 5.83 5.83 5.83 6.66 6.66 6.63 6.63 6.95 6.95 6.95 6.95 6.95 6.01 6.01 12.03 12.03 10.59 10.59 10.59 10.59
99999.90 99999.90 99999.90 99999.90 99999.90 99999.90 99999.90 99999.90 99999.90 99999.90 99999.90 99999.90 99999.90 99999.90 99999.90 99999.90 99999.90 99999.90 99999.90 99999.90 99999.90 99999.90 99999.90 99999.90 99999.90 99999.90 7.25 8.34 8.34 8.34 8.34 8.34 8.34 8.34 8.34 8.34 8.34 8.34 8.34 8.25 8.84 8.84 8.84 8.84 8.88 8.88 6.89 7.23 7.17 7.17 7.17 7.17 7.53 6.55 6.55 6.55 6.55 5.83 5.83 6.66 6.66 6.66 6.63 6.95 6.95 6.95 6.95 6.95 6.95 6.01 7.96 8.81 12.03 10.59 10.59 10.59 10.59
99999.90 99999.90 99999.90 99999.90 99999.90 99999.90 99999.90 99999.90 99999.90 99999.90 99999.90 99999.90 99999.90 99999.90 99999.90 99999.90 99999.90 99999.90 99999.90 99999.90 99999.90 99999.90 99999.90 99999.90 99999.90 99999.90 7.25 7.25 7.25 8.34 8.34 8.34 8.34 8.34 8.34 8.34 8.34 8.34 7.91 8.25 8.25 8.84 8.61 8.88 8.88 8.09 6.89 7.23 7.17 7.17 7.17 7.17 7.53 6.55 6.55 6.55 5.83 5.83 5.83 6.66 6.66 6.63 6.63 6.95 6.95 6.95 6.95 6.95 6.01 6.01 7.96 8.81 12.03 12.03 10.59 10.59 10.59
99999.90 99999.90 99999.90 99999.90 99999.90 99999.90 99999.90 99999.90 99999.90 99999.90 99999.90 99999.90 99999.90 99999.90 99999.90 99999.90 99999.90 99999.90 99999.90 99999.90 99999.90 99999.90 99999.90 99999.90 99999.90 99999.90 7.25 7.25 7.25 7.25 7.25 7.25 7.25 7.25 8.34 8.34 7.49 7.49 7.49 7.53 8.52 8.10 8.61 8.88 8.88 8.09 6.89 7.23 7.17 7.17 7.17 7.31 7.53 6.55 6.55 6.55 5.83 5.83 6.66 6.66 6.66 6.63 6.63 6.95 6.95 6.95 6.95 6.95 6.01 7.63 7.96 8.81 9.68 12.03 10.59 10.59 10.59
99999.90 99999.90 99999.90 99999.90 99999.90 99999.90 99999.90 99999.90 99999.90 99999.90 99999.90 99999.90 99999.90 99999.90 99999.90 99999.90 99999.90 99999.90 99999.90 99999.90 99999.90 99999.90 99999.90 99999.90 99999.90 99999.90 7.25 7.25 7.25 7.25 7.25 7.25 7.25 7.25 7.25 7.25 6.81 6.81 6.81 7.76 8.00 7.92 8.47 8.45 8.46 8.09 6.89 7.23 7.17 7.17 7.17 7.31 7.53 6.55 6.55 5.83 5.83 5.83 6.66 6.66 6.63 6.63 6.63 6.95 6.95 6.95 6.95 6.01 6.01 7.63 7.96 8.81 9.68 12.03 12.03 10.59 10.59
99999.90 99999.90 99999.90 99999.90 99999.90 99999.90 99999.90 99999.90 99999.90 99999.90 99999.90 99999.90 99999.90 99999.90 99999.90 99999.90 99999.90 99999.90 99999.90 99999.90 99999.90 99999.90 99999.90 99999.90 99999.90 99999.90 7.25 7.25 7.25 7.25 7.25 7.25 7.25 7.25 7.25 7.25 7.25 7.69 7.69 7.98 8.27 8.17 8.76 8.86 8.53 8.30 8.15 7.76 7.56 8.21 8.04 7.31 7.53 6.55 6.55 5.83 5.83 6.66 6.66 6.66 6.63 6.63 7.52 6.95 6.95 6.95 6.95 6.01 6.01 7.63 7.96 8.81 9.68 12.03 12.03 10.59 10.59
99999.90 99999.90 99999.90 99999.90 99999.90 99999.90 99999.90 99999.90 99999.90 99999.90 99999.90 99999.90 99999.90 99999.90 99999.90 99999.90 99999.90 99999.90 99999.90 99999.90 99999.90 99999.90 99999.90 99999.90 99999.90 99999.90 7.25 7.25 7.25 7.25 7.25 7.25 7.25 7.25 7.25 7.25 7.25 7.64 8.06 8.62 8.36 8.68 9.08 9.08 8.89 8.27 8.31 7.74 8.24 8.97 8.03 7.11 6.11 6.48 5.80 5.83 5.83 6.66 6.66 6.63 6.63 6.63 7.52 6.95 6.95 6.95 6.01 6.01 6.01 7.63 7.96 8.81 9.68 12.03 12.03 12.03 10.59
99999.90 99999.90 99999.90 99999.90 99999.90 99999.90 99999.90 99999.90 99999.90 99999.90 99999.90 99999.90 99999.90 99999.90 99999.90 99999.90 99999.90 99999.90 99999.90 99999.90 99999.90 99999.90 99999.90 99999.90 99999.90 99999.90 7.96 7.96 7.96 7.96 7.96 7.96 7.96 7.96 7.96 7.96 7.96 8.50 8.57 8.96 8.55 9.22 9.30 8.36 8.07 7.73 7.66 8.17 8.25 8.53 8.04 8.10 6.85 6.41 5.28 5.98 6.01 6.66 6.66 6.63 6.63 7.36 7.52 6.95 6.95 6.95 6.01 6.01 7.03 7.63 7.96 8.81 9.68 10.73 12.03 12.03 10.59
99999.90 99999.90 99999.90 99999.90 99999.90 99999.90 99999.90 99999.90 99999.90 99999.90 99999.90 99999.90 99999.90 99999.90 99999.90 99999.90 99999.90 99999.90 99999.90 99999.90 99999.90 99999.90 99999.90 99999.90 99999.90 99999.90 7.96 7.96 7.96 7.96 7.96 7.96 7.96 7.96 7.96 7.96 7.96 8.53 8.61 9.66 9.23 9.24 9.05 7.70 7.92 7.36 7.84 8.25 8.42 8.87 9.06 8.76 8.33 6.17 5.60 6.29 6.46 6.48 6.50 6.63 6.63 7.36 7.52 6.95 6.95 6.01 6.01 6.01 7.03 7.63 7.96 8.81 9.68 10.73 12.03 12.03 12.03
99999.90 99999.90 99999.90 99999.90 99999.90 99999.90 99999.90 99999.90 99999.90 99999.90 99999.90 99999.90 99999.90 99999.90 99999.90 99999.90 99999.90 99999.90 99999.90 99999.90 99999.90 99999.90 99999.90 99999.90 99999.90 99999.90 7.96 7.96 7.96 7.96 7.96 7.96 7.96 7.96 7.96 8.67 8.67 8.67 8.95 9.63 9.46 9.17 8.28 7.73 7.54 7.58 9.00 9.15 9.26 9.38 9.05 7.78 7.19 6.89 6.15 6.85 7.47 7.11 6.16 6.66 7.26 7.36 7.52 6.95 6.95 6.01 6.01 6.07 7.03 7.63 7.96 8.81 9.68 10.73 11.06 12.03 12.03
99999.90 99999.90 99999.90 99999.90 99999.90 99999.90 99999.90 99999.90 99999.90 99999.90 99999.90 99999.90 99999.90 99999.90 99999.90 99999.90 99999.90 99999.90 99999.90 99999.90 99999.90 99999.90 99999.90 99999.90 99999.90 99999.90 7.96 7.96 7.96 7.96 7.96 7.96 7.96 9.13 9.13 9.13 9.13 9.13 9.02 9.58 9.67 8.99 8.63 8.58 7.88 8.28 9.48 9.42 9.54 9.04 8.35 7.09 8.32 8.04 7.27 6.48 7.44 6.08 5.80 7.22 7.26 7.18 7.12 7.59 6.98 6.01 6.01 6.07 7.03 7.63 7.96 8.81 9.68 10.73 11.06 12.03 12.03
99999.90 99999.90 99999.90 99999.90 99999.90 99999.90 99999.90 99999.90 99999.90 99999.90 99999.90 99999.90 99999.90 99999.90 99999.90 99999.90 99999.90 99999.90 99999.90 99999.90 99999.90 99999.90 99999.90 99999.90 99999.90 99999.90 7.96 7.96 7.96 9.04 9.04 9.04 9.04 9.04 9.04 9.04 9.04 9.04 9.03 9.46 9.69 9.15 9.08 8.95 8.85 8.56 9.25 9.83 9.89 9.24 7.97 7.58 9.57 9.30 7.22 6.46 6.47 6.52 6.64 7.45 7.44 7.61 8.23 8.32 6.31 5.57 6.01 6.07 7.03 7.63 7.96 8.81 9.68 10.73 11.06 12.28 12.51
99999.90 99999.90 99999.90 99999.90 99999.90 99999.90 99999.90 99999.90 99999.90 99999.90 99999.90 99999.90 99999.90 99999.90 99999.90 99999.90 99999.90 99999.90 99999.90 99999.90 99999.90 99999.90 99999.90 99999.90 99999.90 99999.90 7.96 9.04 9.04 9.04 9.04 9.04 9.04 9.04 9.04 9.04 9.04 9.04 9.70 10.55 10.62 9.62 9.34 8.88 8.55 8.72 9.38 10.06 10.36 9.97 9.33 9.32 9.04 7.01 7.97 7.56 6.31 6.96 7.55 7.69 7.41 8.67 8.57 7.27 6.10 6.07 6.50 6.89 6.64 7.58 8.38 8.42 7.97 9.66 10.97 11.74 11.81
99999.90 99999.90 99999.90 99999.90 99999.90 99999.90 99999.90 99999.90 99999.90 99999.90 99999.90 99999.90 99999.90 99999.90 99999.90 99999.90 99999.90 99999.90 99999.90 99999.90 99999.90 99999.90 99999.90 99999.90 99999.90 99999.90 7.96 9.04 9.04 9.04 9.04 9.04 9.04 9.04 9.04 9.04 9.33 9.33 9.33 10.42 9.99 9.84 9.29 8.53 8.26 8.63 9.80 10.57 10.39 11.01 10.92 9.44 9.40 7.22 8.35 8.43 8.15 7.95 8.25 7.85 7.56 7.15 6.38 6.51 7.64 6.81 6.93 6.76 7.50 8.43 8.80 8.34 8.47 9.89 10.99 11.63 11.78
99999.90 99999.90 99999.90 99999.90 99999.90 99999.90 99999.90 99999.90 99999.90 99999.90 99999.90 99999.90 99999.90 99999.90 99999.90 99999.90 99999.90 99999.90 99999.90 99999.90 99999.90 99999.90 99999.90 99999.90 99999.90 99999.90 7.96 9.04 9.04 9.04 9.04 9.04 9.04 9.04 9.33 9.33 9.33 9.33 9.33 9.71 9.98 10.41 9.35 9.38 8.93 9.26 9.98 11.11 11.55 11.61 11.19 10.04 8.87 8.33 10.10 9.24 10.12 8.95 7.92 8.09 8.17 7.01 6.52 6.33 6.52 7.10 6.85 6.93 7.91 8.74 8.29 7.59 8.32 9.74 10.18 10.54 11.28
99999.90 99999.90 99999.90 99999.90 99999.90 99999.90 99999.90 99999.90 99999.90 99999.90 99999.90 99999.90 99999.90 99999.90 99999.90 99999.90 99999.90 99999.90 99999.90 99999.90 99999.90 99999.90 99999.90 99999.90 99999.90 99999.90 7.96 9.04 9.04 9.04 9.04 9.04 9.33 9.33 9.33 9.33 9.33 10.12 10.12 10.12 9.93 10.02 9.49 9.38 9.44 9.86 10.35 11.90 12.01 11.29 11.26 11.17 9.53 9.34 11.05 9.73 10.45 10.56 9.11 8.05 8.15 6.44 6.96 5.98 6.21 6.35 6.72 7.93 8.52 8.48 7.66 7.82 8.55 8.96 9.62 10.27 11.04
99999.90 99999.90 99999.90 99999.90 99999.90 99999.90 99999.90 99999.90 99999.90 99999.90 99999.90 99999.90 99999.90 99999.90 99999.90 99999.90 99999.90 99999.90 99999.90 99999.90 99999.90 99999.90 99999.90 99999.90 99999.90 99999.90 7.96 9.04 9.04 9.04 9.33 9.33 9.33 9.33 9.33 10.12 10.12 10.12 10.12 10.12 9.22 9.24 9.92 10.41 10.43 10.46 10.70 11.71 11.82 11.34 11.82 11.69 10.87 10.16 11.21 11.09 11.29 11.77 9.98 8.73 8.82 7.71 6.51 6.16 6.36 5.88 6.68 7.81 7.73 7.65 7.60 8.10 8.61 8.90 9.30 9.58 10.25
99999.90 99999.90 99999.90 99999.90 99999.90 99999.90 99999.90 99999.90 99999.90 99999.90 99999.90 99999.90 99999.90 99999.90 99999.90 99999.90 99999.90 99999.90 99999.90 99999.90 99999.90 99999.90 99999.90 99999.90 99999.90 99999.90 7.96 9.04 9.33 9.33 9.33 9.33 9.33 10.12 10.12 10.12 10.12 10.12 9.87 9.87 9.87 10.50 10.78 10.22 10.87 11.25 11.59 12.14 12.03 11.28 10.80 11.24 10.97 11.12 12.00 11.92 12.28 12.33 10.64 10.50 12.87 12.07 8.35 6.05 5.79 6.45 7.44 7.53 8.44 5.97 6.89 7.53 7.80 8.44 9.30 10.15 10.82
99999.90 99999.90 99999.90 99999.90 99999.90 99999.90 99999.90 99999.90 99999.90 99999.90 99999.90 99999.90 99999.90 99999.90 99999.90 99999.90 99999.90 99999.90 99999.90 99999.90 99999.90 99999.90 99999.90 99999.90 99999.90 99999.90 99999.90 9.04 9.33 9.33 9.33 10.12 10.12 10.12 10.12 10.12 9.87 9.87 9.87 9.87 9.87 10.25 10.40 9.72 9.82 11.85 12.34 11.89 11.67 11.67 11.87 11.72 11.28 11.79 11.71 12.10 12.03 12.28 12.44 12.93 12.99 12.04 8.36 6.70 6.32 7.36 8.32 6.80 6.01 6.88 6.87 7.29 7.36 8.09 8.94 9.49 10.25
99999.90 99999.90 99999.90 99999.90 99999.90 99999.90 99999.90 99999.90 99999.90 99999.90 99999.90 99999.90 99999.90 99999.90 99999.90 99999.90 99999.90 99999.90 99999.90 99999.90 99999.90 99999.90 99999.90 99999.90 99999.90 99999.90 99999.90 9.04 9.33 10.12 10.12 10.12 10.12 10.12 9.87 9.87 9.87 9.87 9.87 9.70 9.70 9.70 9.69 10.01 10.20 11.74 11.77 11.13 11.42 11.38 11.31 11.12 11.64 11.82 11.68 12.16 12.80 12.78 12.74 13.30 12.85 10.66 8.81 7.20 6.48 7.17 7.40 6.38 6.56 6.45 6.74 7.87 9.07 8.89 8.74 9.71 9.75
99999.90 99999.90 99999.90 99999.90 99999.90 99999.90 99999.90 99999.90 99999.90 99999.90 99999.90 99999.90 99999.90 99999.90 99999.90 99999.90 99999.90 99999.90 99999.90 99999.90 99999.90 99999.90 99999.90 99999.90 99999.90 99999.90 99999.90 9.04 9.33 10.12 10.12 10.12 9.87 9.87 9.87 9.87 9.87 9.70 9.70 9.70 9.70 9.70 9.45 9.50 9.92 10.72 11.43 11.33 12.21 12.17 12.26 11.94 11.96 11.93 11.58 12.09 12.46 12.30 12.22 13.23 12.10 9.86 9.58 8.44 7.54 6.52 6.87 8.12 10.63 9.34 6.89 7.19 7.47 7.36 7.93 8.29 9.21
99999.90 99999.90 99999.90 99999.90 99999.90 99999.90 99999.90 99999.90 99999.90 99999.90 99999.90 99999.90 99999.90 99999.90 99999.90 99999.90 99999.90 99999.90 99999.90 99999.90 99999.90 99999.90 99999.90 99999.90 99999.90 99999.90 99999.90 9.04 9.33 10.12 9.87 9.87 9.87 9.87 9.87 9.70 9.70 9.70 9.70 9.70 8.98 8.98 8.98 9.13 9.79 10.87 11.57 10.92 12.35 12.40 11.95 12.06 11.49 11.74 11.93 11.39 11.64 11.86 12.51 12.92 12.57 11.81 10.25 8.96 7.94 8.20 6.82 10.01 11.51 12.18 8.85 7.08 5.47 5.22 5.42 6.44 8.37
99999.90 99999.90 99999.90 99999.90 99999.90 99999.90 99999.90 99999.90 99999.90 99999.90 99999.90 99999.90 99999.90 99999.90 99999.90 99999.90 99999.90 99999.90 99999.90 99999.90 99999.90 99999.90 99999.90 99999.90 99999.90 99999.90 99999.90 99999.90 9.33 10.12 9.87 9.87 9.87 9.70 9.70 9.70 9.70 9.70 8.98 8.98 8.98 8.98 8.98 9.48 9.25 10.42 11.28 10.54 11.07 11.07 11.00 10.55 10.64 11.57 11.72 11.45 11.37 12.48 12.40 12.25 12.28 12.97 11.39 9.03 9.05 8.95 9.67 11.34 12.81 12.20 9.63 7.40 7.27 6.39 5.25 5.95 6.98
99999.90 99999.90 99999.90 99999.90 99999.90 99999.90 99999.90 99999.90 99999.90 99999.90 99999.90 99999.90 99999.90 99999.90 99999.90 99999.90 99999.90 99999.90 99999.90 99999.90 99999.90 99999.90 99999.90 99999.90 99999.90 99999.90 99999.90 99999.90 9.33 10.12 9.87 9.70 9.70 9.70 9.70 9.70 8.98 8.98 8.98 8.98 8.98 8.98 9.48 9.48 9.51 9.98 10.11 10.04 10.63 11.01 10.94 10.13 10.13 11.21 10.77 10.62 11.34 12.48 12.83 12.84 12.85 13.24 11.78 9.07 10.05 10.02 10.70 12.46 13.23 11.49 11.61 9.65 9.68 7.99 6.05 5.62 6.68
99999.90 99999.90 99999.90 99999.90 99999.90 99999.90 99999.90 99999.90 99999.90 99999.90 99999.90 99999.90 99999.90 99999.90 99999.90 99999.90 99999.90 99999.90 99999.90 99999.90 99999.90 99999.90 99999.90 99999.90 99999.90 99999.90 99999.90 99999.90 99999.90 10.12 9.87 9.70 9.70 9.70 8.98 8.98 8.98 8.98 8.98 8.98 8.98 9.48 9.48 9.51 9.51 9.85 9.92 10.24 10.14 11.02 11.14 10.76 10.53 10.67 10.55 10.51 11.04 11.92 12.93 12.77 12.85 13.09 11.81 9.65 10.01 10.24 10.88 12.50 13.19 13.34 12.72 12.14 11.15 9.56 7.93 8.34 8.32
99999.90 99999.90 99999.90 99999.90 99999.90 99999.90 99999.90 99999.90 99999.90 99999.90 99999.90 99999.90 99999.90 99999.90 99999.90 99999.90 99999.90 99999.90 99999.90 99999.90 99999.90 99999.90 99999.90 99999.90 99999.90 99999.90 99999.90 99999.90 99999.90 10.12 9.87 9.70 8.98 8.98 8.98 8.98 8.98 8.98 8.98 8.98 9.48 9.48 9.51 9.51 9.85 9.85 9.64 10.20 10.48 10.75 11.36 11.60 11.86 11.04 10.98 11.18 11.82 11.80 12.99 13.13 12.42 12.43 12.47 10.93 9.91 9.95 11.12 12.91 13.38 14.19 12.90 12.03 12.74 11.45 10.20 9.46 9.32
99999.90 99999.90 99999.90 99999.90 99999.90 99999.90 99999.90 99999.90 99999.90 99999.90 99999.90 99999.90 99999.90 99999.90 99999.90 99999.90 99999.90 99999.90 99999.90 99999.90 99999.90 99999.90 99999.90 99999.90 99999.90 99999.90 99999.90 99999.90 99999.90 99999.90 9.87 9.70 8.98 8.98 8.98 8.98 8.98 8.98 8.98 9.48 9.48 9.51 9.51 9.85 9.85 9.64 9.64 9.64 10.84 11.83 12.41 11.94 11.75 12.19 12.36 12.34 12.24 12.18 13.25 13.13 11.52 11.63 11.89 10.71 10.69 10.22 12.05 13.07 13.67 14.28 13.02 13.16 12.73 12.25 11.87 12.06 11.54
99999.90 99999.90 99999.90 99999.90 99999.90 99999.90 99999.90 99999.90 99999.90 99999.90 99999.90 99999.90 99999.90 99999.90 99999.90 99999.90 99999.90 99999.90 99999.90 99999.90 99999.90 99999.90 99999.90 99999.90 99999.90 99999.90 99999.90 99999.90 99999.90 99999.90 9.87 9.70 8.98 8.98 8.98 8.98 8.98 8.98 9.48 9.48 9.51 9.51 9.85 9.85 9.64 9.64 9.64 9.64 11.63 12.24 12.39 11.84 11.57 12.54 12.03 12.00 12.44 13.22 14.06 13.22 12.14 12.53 12.41 12.68 12.34 10.22 13.46 13.62 14.20 13.80 13.72 13.71 13.56 13.19 12.66 12.32 11.61
99999.90 99999.90 99999.90 99999.90 99999.90 99999.90 99999.90 99999.90 99999.90 99999.90 99999.90 99999.90 99999.90 99999.90 99999.90 99999.90 99999.90 99999.90 99999.90 99999.90 99999.90 99999.90 99999.90 99999.90 99999.90 99999.90 99999.90 99999.90 99999.90 99999.90 99999.90 9.70 8.98 8.98 8.98 8.98 8.98 9.48 9.48 9.51 9.51 9.85 9.85 9.64 9.64 9.64 9.64 11.63 11.63 11.65 11.29 10.90 11.00 10.73 11.24 11.67 12.80 13.59 13.36 13.35 13.21 12.96 12.60 12.75 12.98 12.39 13.46 13.62 13.85 13.93 13.69 14.12 14.21 14.13 13.43 13.09 12.38
99999.90 99999.90 99999.90 99999.90 99999.90 99999.90 99999.90 99999.90 99999.90 99999.90 99999.90 99999.90 99999.90 99999.90 99999.90 99999.90 99999.90 99999.90 99999.90 99999.90 99999.90 99999.90 99999.90 99999.90 99999.90 99999.90 99999.90 99999.90 99999.90 99999.90 99999.90 9.70 8.98 8.98 8.98 8.98 9.48 9.48 9.51 9.51 9.85 9.85 9.64 9.64 9.64 9.64 11.63 10.65 10.65 10.65 10.63 10.29 11.07 10.91 11.36 12.48 13.12 13.40 13.58 13.51 13.19 12.93 13.18 12.75 12.90 12.59 13.70 13.70 13.25 14.38 13.85 13.89 13.34 13.41 13.81 13.65 12.99
99999.90 99999.90 99999.90 99999.90 99999.90 99999.90 99999.90 99999.90 99999.90 99999.90 99999.90 99999.90 99999.90 99999.90 99999.90 99999.90 99999.90 99999.90 99999.90 99999.90 99999.90 99999.90 99999.90 99999.90 99999.90 99999.90 99999.90 99999.90 99999.90 99999.90 99999.90 99999.90 8.98 8.98 8.98 9.48 9.48 9.51 9.51 9.85 9.85 9.64 10.58 10.58 10.58 10.58 10.58 10.58 10.58 10.65 10.75 10.80 11.21 11.13 11.66 12.58 12.00 12.19 12.36 12.70 12.45 12.04 12.51 12.39 12.59 13.04 13.87 13.73 14.15 14.12 13.82 13.94 13.56 13.84 13.80 14.00 13.71
99999.90 99999.90 99999.90 99999.90 99999.90 99999.90 99999.90 99999.90 99999.90 99999.90 99999.90 99999.90 99999.90 99999.90 99999.90 99999.90 99999.90 99999.90 99999.90 99999.90 99999.90 99999.90 99999.90 99999.90 99999.90 99999.90 99999.90 99999.90 99999.90 99999.90 99999.90 99999.90 8.98 8.98 9.48 9.48 9.51 9.51 9.85 10.58 10.58 10.58 10.58 10.58 10.58 10.58 10.58 10.58 10.58 10.58 10.75 11.66 11.47 11.48 11.51 11.44 11.56 11.82 12.13 12.26 11.87 11.26 11.29 11.86 12.09 12.26 12.92 13.91 14.15 14.27 13.86 13.77 13.79 13.86 14.03 13.91 13.61
99999.90 99999.90 99999.90 99999.90 99999.90 99999.90 99999.90 99999.90 99999.90 99999.90 99999.90 99999.90 99999.90 99999.90 99999.90 99999.90 99999.90 99999.90 99999.90 99999.90 99999.90 99999.90 99999.90 99999.90 99999.90 99999.90 99999.90 99999.90 99999.90 99999.90 99999.90 99999.90 99999.90 9.48 9.48 9.51 9.51 9.85 10.58 10.58 10.58 10.58 10.58 10.58 10.58 10.58 10.58 10.58 10.58 10.58 11.23 11.23 11.68 12.32 11.46 11.24 11.11 11.95 12.40 13.27 12.45 11.85 12.10 12.75 12.65 11.92 12.38 13.91 13.48 13.48 14.06 13.59 13.58 13.35 13.59 13.78 13.95
99999.90 99999.90 99999.90 99999.90 99999.90 99999.90 99999.90 99999.90 99999.90 99999.90 99999.90 99999.90 99999.90 99999.90 99999.90 99999.90 99999.90 99999.90 99999.90 99999.90 99999.90 99999.90 99999.90 99999.90 99999.90 99999.90 99999.90 99999.90 99999.90 99999.90 99999.90 99999.90 99999.90 99999.90 9.51 9.51 9.85 9.85 10.94 10.94 10.94 10.94 10.94 10.94 10.94 10.94 10.94 10.94 10.94 10.94 11.23 11.23 11.60 11.72 11.52 11.33 11.27 12.15 12.44 12.20 11.76 12.11 12.41 12.86 11.89 12.17 12.69 13.22 13.58 13.22 13.63 13.06 12.90 13.19 13.60 13.96 13.94
