main/data/irradiance/04.05.2023.grid
ncols 839
nrows 679
xllcenter 112.0500
yllcenter -43.9500
cellsize 0.0500
nodata_value 99999.90
[rows 170 to 203 of 679, columns 154 to 230 of 839]
99999.90 99999.90 99999.90 99999.90 99999.90 99999.90 99999.90 99999.90 99999.90 99999.90 99999.90 99999.90 99999.90 99999.90 99999.90 99999.90 99999.90 99999.90 99999.90 99999.90 99999.90 99999.90 99999.90 99999.90 99999.90 99999.90 20.12 20.15 20.24 20.24 20.24 20.24 20.24 20.24 20.24 20.24 20.24 20.28 20.28 20.28 20.28 20.28 20.33 20.36 20.37 20.37 20.33 20.34 20.34 20.34 20.34 20.32 20.35 20.35 20.36 20.37 20.36 20.37 20.36 20.36 20.34 20.34 20.35 20.35 20.34 20.35 20.35 20.32 20.32 20.31 20.22 20.29 20.36 20.35 20.33 20.32 20.34
99999.90 99999.90 99999.90 99999.90 99999.90 99999.90 99999.90 99999.90 99999.90 99999.90 99999.90 99999.90 99999.90 99999.90 99999.90 99999.90 99999.90 99999.90 99999.90 99999.90 99999.90 99999.90 99999.90 99999.90 99999.90 99999.90 20.12 20.15 20.24 20.24 20.24 20.24 20.24 20.24 20.24 20.24 20.24 20.24 20.23 20.24 20.24 20.24 19.98 20.19 20.34 20.34 20.32 20.32 20.32 20.32 20.33 20.31 20.28 20.30 20.34 20.34 20.35 20.35 20.34 20.34 20.32 20.31 20.34 20.33 20.32 20.33 20.32 20.35 20.33 20.30 20.24 20.24 20.24 20.29 20.34 20.29 20.28
99999.90 99999.90 99999.90 99999.90 99999.90 99999.90 99999.90 99999.90 99999.90 99999.90 99999.90 99999.90 99999.90 99999.90 99999.90 99999.90 99999.90 99999.90 99999.90 99999.90 99999.90 99999.90 99999.90 99999.90 99999.90 20.07 20.12 20.15 20.24 20.24 20.24 20.24 20.24 20.24 20.24 20.24 20.24 20.24 20.24 20.23 20.28 20.28 19.94 20.28 20.33 20.33 20.31 20.33 20.31 20.30 20.30 20.30 20.30 20.32 20.33 20.32 20.33 20.33 20.33 20.33 20.32 20.32 20.32 20.31 20.32 20.33 20.33 20.34 20.31 20.22 20.16 20.25 20.27 20.23 20.28 20.28 20.29
99999.90 99999.90 99999.90 99999.90 99999.90 99999.90 99999.90 99999.90 99999.90 99999.90 99999.90 99999.90 99999.90 99999.90 99999.90 99999.90 99999.90 99999.90 99999.90 99999.90 99999.90 99999.90 99999.90 99999.90 19.98 20.07 20.12 20.15 20.24 20.24 20.24 20.24 20.24 20.24 20.24 20.24 20.24 20.24 20.24 20.23 20.23 20.32 20.30 20.31 20.31 20.31 20.31 20.32 20.30 20.29 20.27 20.27 20.29 20.33 20.31 20.31 20.32 20.30 20.30 20.30 20.30 20.31 20.31 20.31 20.30 20.28 20.31 20.31 20.31 20.26 20.22 20.27 20.22 20.23 20.25 20.28 20.28
99999.90 99999.90 99999.90 99999.90 99999.90 99999.90 99999.90 99999.90 99999.90 99999.90 99999.90 99999.90 99999.90 99999.90 99999.90 99999.90 99999.90 99999.90 99999.90 99999.90 99999.90 99999.90 99999.90 99999.90 19.98 19.98 20.12 20.15 20.15 20.15 20.24 20.24 20.24 20.24 20.24 20.24 20.24 20.24 20.24 20.30 20.31 20.31 20.29 20.29 20.28 20.25 20.28 20.28 20.30 20.30 20.28 20.31 20.28 20.28 20.29 20.30 20.30 20.29 20.28 20.28 20.29 20.29 20.30 20.30 20.29 20.28 20.28 20.28 20.27 20.21 20.22 20.25 20.21 20.20 20.24 20.29 20.28
99999.90 99999.90 99999.90 99999.90 99999.90 99999.90 99999.90 99999.90 99999.90 99999.90 99999.90 99999.90 99999.90 99999.90 99999.90 99999.90 99999.90 99999.90 99999.90 99999.90 99999.90 99999.90 99999.90 19.96 19.98 19.98 20.12 20.12 20.12 20.15 20.15 20.15 20.15 20.15 20.24 20.24 20.24 20.24 20.24 20.19 20.20 20.23 20.22 20.25 20.25 20.25 20.25 20.27 20.28 20.27 20.29 20.31 20.29 20.28 20.27 20.28 20.27 20.26 20.26 20.28 20.28 20.26 20.27 20.27 20.28 20.28 20.28 20.29 20.26 20.21 20.19 20.24 20.17 20.18 20.18 20.18 20.25
99999.90 99999.90 99999.90 99999.90 99999.90 99999.90 99999.90 99999.90 99999.90 99999.90 99999.90 99999.90 99999.90 99999.90 99999.90 99999.90 99999.90 99999.90 99999.90 99999.90 99999.90 99999.90 19.87 19.96 19.98 19.98 19.98 20.12 20.12 20.12 20.12 20.15 20.15 20.15 20.15 20.15 20.17 20.17 20.17 20.10 20.20 20.23 20.22 20.24 20.27 20.24 20.20 20.19 20.26 20.27 20.29 20.28 20.29 20.27 20.27 20.25 20.25 20.25 20.25 20.25 20.26 20.24 20.22 20.24 20.25 20.26 20.27 20.28 20.26 20.23 20.21 20.23 20.17 20.15 20.19 20.20 20.22
99999.90 99999.90 99999.90 99999.90 99999.90 99999.90 99999.90 99999.90 99999.90 99999.90 99999.90 99999.90 99999.90 99999.90 99999.90 99999.90 99999.90 99999.90 99999.90 99999.90 99999.90 19.93 19.87 19.87 19.98 19.98 19.98 19.98 19.98 20.12 20.12 20.12 20.12 20.15 20.15 20.15 20.15 20.24 20.24 20.25 20.24 20.23 20.24 20.23 20.22 20.15 20.20 20.23 20.26 20.27 20.27 20.29 20.28 20.24 20.23 20.24 20.22 20.23 20.24 20.24 20.22 20.21 20.22 20.24 20.24 20.28 20.26 20.26 20.27 20.26 20.22 20.22 20.20 20.16 20.17 20.15 20.15
99999.90 99999.90 99999.90 99999.90 99999.90 99999.90 99999.90 99999.90 99999.90 99999.90 99999.90 99999.90 99999.90 99999.90 99999.90 99999.90 99999.90 99999.90 99999.90 99999.90 19.88 19.93 19.93 19.87 19.98 19.98 19.98 19.98 19.98 19.98 20.12 20.12 20.12 20.12 20.12 20.15 20.15 20.15 20.11 20.22 20.20 20.20 20.21 20.21 20.20 20.17 20.24 20.21 20.22 20.22 20.23 20.22 20.22 20.21 20.22 20.25 20.22 20.22 20.23 20.23 20.22 20.20 20.19 20.22 20.24 20.25 20.22 20.10 20.21 20.23 20.21 20.23 20.18 20.20 20.24 20.22 20.23
99999.90 99999.90 99999.90 99999.90 99999.90 99999.90 99999.90 99999.90 99999.90 99999.90 99999.90 99999.90 99999.90 99999.90 99999.90 99999.90 99999.90 99999.90 99999.90 19.91 19.88 19.88 19.93 19.93 19.87 19.98 19.98 19.98 19.98 19.98 19.98 20.07 20.12 20.12 20.12 20.12 20.14 20.14 20.15 20.21 20.21 20.20 20.19 20.20 20.19 20.18 20.21 20.20 20.19 20.20 20.20 20.19 20.19 20.20 20.24 20.22 20.21 20.21 20.22 20.21 20.21 20.18 20.21 20.21 20.21 20.23 20.21 20.15 20.20 20.22 20.23 20.20 20.17 20.20 20.19 20.19 20.21
99999.90 99999.90 99999.90 99999.90 99999.90 99999.90 99999.90 99999.90 99999.90 99999.90 99999.90 99999.90 99999.90 99999.90 99999.90 99999.90 99999.90 99999.90 19.97 19.91 19.91 19.88 19.88 19.93 19.93 19.87 19.87 19.98 19.98 19.98 19.98 19.98 20.07 20.07 20.12 20.12 20.12 20.15 20.18 20.17 20.18 20.17 20.17 20.16 20.13 20.18 20.19 20.19 20.18 20.19 20.19 20.18 20.18 20.20 20.19 20.24 20.22 20.18 20.18 20.20 20.20 20.21 20.21 20.21 20.20 20.20 20.19 20.18 20.20 20.18 20.18 20.18 20.14 20.14 20.13 20.16 20.17
99999.90 99999.90 99999.90 99999.90 99999.90 99999.90 99999.90 99999.90 99999.90 99999.90 99999.90 99999.90 99999.90 99999.90 99999.90 99999.90 19.85 19.85 19.85 19.85 19.85 19.85 19.88 19.88 19.93 19.93 19.87 19.87 19.98 19.98 19.98 19.98 19.98 20.07 20.07 20.07 20.07 20.11 20.16 20.16 20.16 20.15 20.14 20.14 20.17 20.17 20.18 20.17 20.17 20.16 20.16 20.17 20.16 20.15 20.16 20.18 20.16 20.15 20.17 20.19 20.18 20.21 20.21 20.20 20.21 20.16 20.17 20.17 20.16 20.14 20.15 20.13 20.11 20.18 20.16 20.14 20.15
99999.90 99999.90 99999.90 99999.90 99999.90 99999.90 99999.90 99999.90 99999.90 99999.90 99999.90 99999.90 99999.90 99999.90 19.84 19.84 19.84 19.84 19.84 19.84 19.84 19.85 19.85 19.88 19.88 19.93 19.93 19.87 19.87 19.96 19.98 19.98 19.98 19.98 20.07 20.07 19.87 20.10 20.13 20.14 20.15 20.12 20.11 20.13 20.16 20.17 20.16 20.15 20.15 20.15 20.15 20.15 20.15 20.14 20.18 20.17 20.14 20.15 20.18 20.18 20.16 20.17 20.16 20.16 20.16 20.12 20.11 20.11 19.92 19.79 20.10 20.13 20.12 20.13 20.14 20.16 20.14
99999.90 99999.90 99999.90 99999.90 99999.90 99999.90 99999.90 99999.90 99999.90 99999.90 99999.90 99999.90 19.82 19.82 19.82 19.82 19.82 19.82 19.82 19.84 19.84 19.85 19.85 19.91 19.88 19.88 19.93 19.93 19.87 19.87 19.96 19.96 19.98 19.98 19.98 20.10 20.11 20.14 20.16 20.16 20.12 19.99 19.75 19.66 20.12 20.15 20.14 20.13 20.13 20.13 20.13 20.13 20.12 20.13 20.14 20.14 20.14 20.17 20.15 20.15 20.15 20.15 20.15 20.15 20.11 20.11 20.09 20.12 20.13 20.14 20.12 20.12 20.12 20.10 20.10 20.10 20.11
99999.90 99999.90 99999.90 99999.90 99999.90 99999.90 99999.90 99999.90 99999.90 99999.90 19.69 19.69 19.69 19.69 19.69 19.69 19.69 19.82 19.82 19.84 19.84 19.84 19.85 19.85 19.91 19.88 19.88 19.93 19.93 19.87 19.87 19.96 19.96 19.86 19.86 20.04 20.09 20.10 20.12 20.14 20.12 20.05 20.03 19.86 20.11 20.13 20.13 20.15 20.13 20.13 20.13 20.13 20.13 20.14 20.14 20.11 20.10 20.12 20.13 20.13 20.12 20.12 20.09 20.08 20.11 20.10 20.11 20.13 20.12 20.08 20.10 20.13 20.10 20.08 20.07 20.05 20.07
99999.90 99999.90 99999.90 99999.90 99999.90 99999.90 99999.90 19.82 19.82 19.82 19.82 19.82 19.82 19.82 19.82 19.82 19.69 19.82 19.82 19.82 19.84 19.84 19.85 19.85 19.85 19.91 19.88 19.88 19.93 19.93 19.87 19.87 19.96 19.96 19.79 19.97 20.09 20.10 20.10 20.12 20.12 20.10 20.07 20.11 20.13 20.12 20.08 20.12 20.14 20.13 20.12 20.12 20.14 20.17 20.14 20.11 20.10 20.11 20.11 20.11 20.09 20.04 20.08 20.08 20.13 20.11 20.04 20.03 20.09 20.09 20.07 20.10 20.10 20.05 20.03 20.00 20.07
99999.90 99999.90 99999.90 99999.90 19.71 19.71 19.71 19.71 19.71 19.71 19.71 19.71 19.71 19.82 19.82 19.82 19.69 19.69 19.82 19.82 19.84 19.84 19.84 19.85 19.85 19.91 19.91 19.88 19.88 19.93 19.93 19.87 19.87 19.56 19.89 19.84 19.98 20.08 20.10 20.09 20.09 20.05 20.08 20.10 20.11 20.09 19.99 20.11 20.11 20.09 20.11 20.11 20.12 20.15 20.13 20.11 20.09 20.08 20.07 20.07 20.07 20.08 20.02 20.03 20.06 20.06 20.05 19.68 19.68 20.05 20.04 20.05 20.05 20.01 20.01 19.94 19.98
99999.90 99999.90 19.61 19.61 19.61 19.61 19.61 19.61 19.61 19.71 19.71 19.71 19.71 19.82 19.82 19.82 19.69 19.69 19.82 19.82 19.82 19.84 19.84 19.85 19.85 19.85 19.91 19.91 19.88 19.88 19.93 19.93 19.71 19.69 20.05 20.04 19.94 20.06 20.08 20.08 19.90 19.82 19.98 20.09 20.10 20.07 20.04 19.87 20.00 19.96 19.96 20.10 20.08 20.09 20.06 20.10 20.10 20.05 20.06 20.11 20.12 20.10 20.05 20.07 20.07 20.04 19.97 19.87 19.75 19.98 19.48 19.31 19.53 19.93 19.96 19.98 20.01
19.61 19.61 19.61 19.61 19.61 19.61 19.61 19.57 19.61 19.71 19.71 19.71 19.71 19.82 19.82 19.82 19.82 19.69 19.69 19.82 19.82 19.84 19.84 19.84 19.85 19.85 19.97 19.91 19.91 19.88 19.88 19.69 19.62 19.96 20.03 20.02 20.03 20.04 20.04 20.06 20.06 20.05 20.04 20.04 20.05 20.04 20.02 19.84 19.82 19.95 20.04 20.02 20.05 20.03 20.03 20.04 20.04 20.03 20.04 20.09 20.09 20.08 20.12 20.10 20.08 20.07 20.01 20.04 20.03 20.03 19.72 19.17 19.11 19.75 20.01 20.00 20.00
19.55 19.21 19.61 19.61 19.61 19.61 19.61 19.57 19.61 19.61 19.71 19.71 19.71 19.71 19.82 19.82 19.82 19.69 19.69 19.82 19.82 19.82 19.84 19.84 19.85 19.85 19.85 19.97 19.91 19.91 19.67 19.57 19.92 20.01 19.98 19.98 20.02 20.02 20.03 20.03 20.04 20.04 20.04 20.02 20.02 20.04 20.05 20.03 20.01 20.03 20.03 19.99 20.00 19.98 19.99 19.99 19.99 20.02 20.03 20.05 20.05 20.06 20.06 20.03 19.97 20.04 20.00 20.01 19.99 19.98 19.84 19.78 19.77 19.85 20.00 20.02 20.00
19.55 19.21 19.61 19.61 19.61 19.61 19.61 19.57 19.61 19.61 19.71 19.71 19.71 19.71 19.82 19.82 19.82 19.69 19.69 19.69 19.82 19.82 19.84 19.84 19.84 19.85 19.85 19.97 19.97 19.92 19.73 19.85 19.99 20.00 19.97 19.96 19.99 20.01 20.00 20.00 20.00 20.01 20.01 20.01 20.00 20.01 20.00 20.00 20.03 20.03 20.01 20.01 19.95 19.93 19.92 19.96 19.97 19.98 20.01 20.02 19.99 19.99 20.02 19.94 19.93 19.98 20.02 20.03 20.02 20.02 20.03 20.02 20.04 20.01 19.96 19.97 19.99
19.55 19.21 19.00 19.61 19.61 19.61 19.61 19.57 19.61 19.61 19.61 19.71 19.71 19.71 19.82 19.82 19.82 19.82 19.69 19.69 19.82 19.82 19.82 19.84 19.84 19.85 19.85 19.96 19.94 20.01 19.87 19.97 19.97 19.98 19.94 19.95 19.96 19.97 19.98 19.98 19.99 19.99 20.00 19.99 19.99 19.99 19.99 19.98 19.99 19.99 20.00 20.00 19.98 19.96 19.88 19.85 19.83 19.69 19.32 19.29 19.46 19.88 19.97 20.00 20.00 19.99 20.00 20.03 20.03 20.01 20.02 20.03 20.02 19.99 19.99 19.95 19.96
19.55 19.21 19.00 19.61 19.61 19.61 19.61 19.57 19.61 19.61 19.61 19.71 19.71 19.71 19.71 19.82 19.82 19.82 19.69 19.69 19.69 19.82 19.82 19.84 19.84 19.95 19.88 19.86 19.86 19.96 19.97 19.96 19.82 19.70 19.97 19.95 19.98 19.94 19.95 19.90 19.99 19.99 19.99 19.96 19.96 19.95 19.99 19.99 19.97 19.97 19.97 19.98 20.00 20.01 19.91 19.86 19.87 19.81 19.57 19.35 19.19 19.66 19.94 19.95 19.96 19.99 19.98 20.00 19.98 20.02 20.02 19.99 19.95 19.94 19.96 19.95 19.94
19.55 19.21 19.00 19.61 19.61 19.61 19.61 19.57 19.61 19.61 19.61 19.61 19.71 19.71 19.71 19.82 19.82 19.82 19.88 19.69 19.69 19.82 19.82 19.79 19.83 19.85 19.79 19.90 19.73 19.76 19.92 19.93 19.40 19.29 19.94 19.86 19.95 19.95 19.96 19.97 19.97 19.98 19.98 19.97 19.97 19.98 19.99 19.98 19.97 19.98 19.97 19.97 19.98 19.95 19.97 19.94 19.90 19.84 19.80 19.81 19.87 19.89 19.91 19.90 19.92 19.93 19.95 19.96 19.96 19.99 20.00 19.94 19.85 19.81 19.92 19.93 19.90
19.55 19.21 19.00 19.61 19.61 19.61 19.61 19.57 19.61 19.54 19.61 19.61 19.71 19.71 19.71 19.80 19.82 19.82 19.88 19.69 19.69 19.73 19.62 19.67 19.76 19.69 19.79 19.77 19.79 19.86 19.95 19.90 19.82 19.63 19.86 19.84 19.68 19.74 19.73 19.80 19.93 19.94 19.95 19.94 19.96 19.94 19.94 19.91 19.91 19.89 19.94 19.96 19.99 19.96 19.95 19.95 19.94 19.94 19.92 19.89 19.85 19.86 19.84 19.88 19.92 19.90 19.95 19.97 19.95 19.98 19.99 19.96 19.97 19.97 19.97 19.96 19.95
19.55 19.21 19.00 19.11 19.61 19.61 19.61 19.57 19.61 19.54 19.61 19.61 19.61 19.71 19.71 19.80 19.82 19.82 19.88 19.85 19.74 19.78 19.85 19.88 19.80 19.90 19.93 19.86 19.90 19.86 19.95 19.74 19.79 19.85 19.86 19.86 19.89 19.86 19.81 19.79 19.84 19.88 19.93 19.95 19.96 19.93 19.92 19.85 19.80 19.81 19.83 19.92 19.95 19.94 19.92 19.95 19.94 19.95 19.92 19.93 19.87 19.86 19.84 19.84 19.88 19.91 19.93 19.76 19.79 19.93 19.92 19.91 19.94 19.95 19.96 19.94 19.91
19.55 19.21 19.00 19.11 19.61 19.61 19.61 19.57 19.61 19.54 19.60 19.61 19.61 19.71 19.71 19.80 19.80 19.85 19.90 19.82 19.81 19.80 19.81 19.77 19.74 19.83 19.83 19.81 19.78 19.80 19.90 19.85 19.79 19.88 19.92 19.95 19.93 19.91 19.88 19.87 19.84 19.87 19.90 19.89 19.87 19.84 19.81 19.66 19.38 19.17 19.29 19.59 19.81 19.77 19.81 19.84 19.77 19.80 19.89 19.92 19.92 19.91 19.90 19.90 19.91 19.91 19.95 19.97 19.89 19.87 19.87 19.91 19.94 19.89 19.92 19.92 19.92
19.55 19.21 19.00 19.11 19.35 19.61 19.61 19.57 19.61 19.54 19.60 19.61 19.61 19.72 19.80 19.84 19.82 19.85 19.88 19.87 19.82 19.82 19.87 19.81 19.77 19.77 19.81 19.86 19.81 19.80 19.73 19.61 19.81 19.84 19.89 19.92 19.92 19.90 19.81 19.87 19.89 19.89 19.86 19.85 19.71 19.84 19.82 19.84 19.85 19.66 19.56 19.68 19.77 19.64 19.69 19.74 19.75 19.79 19.79 19.83 19.90 19.91 19.91 19.88 19.90 19.97 19.90 19.81 19.80 19.83 19.89 19.91 19.93 19.89 19.86 19.87 19.89
19.55 19.21 19.00 19.11 19.35 19.61 19.61 19.57 19.61 19.54 19.60 19.65 19.70 19.75 19.80 19.81 19.81 19.83 19.82 19.76 19.86 19.81 19.67 19.69 19.52 19.37 19.74 19.74 19.74 19.79 19.76 19.73 19.86 19.85 19.84 19.87 19.89 19.88 19.86 19.87 19.88 19.89 19.87 19.80 19.77 19.79 19.82 19.80 19.73 19.72 19.73 19.58 19.57 19.61 19.58 19.60 19.72 19.75 19.76 19.81 19.87 19.87 19.88 19.81 19.73 19.77 19.73 19.78 19.82 19.74 19.84 19.89 19.91 19.89 19.87 19.85 19.87
19.55 19.21 19.00 19.11 19.35 19.45 19.51 19.59 19.68 19.66 19.62 19.66 19.70 19.69 19.24 19.71 19.85 19.82 19.77 19.72 19.77 19.70 19.67 19.60 19.65 19.72 19.71 19.63 19.71 19.70 19.69 19.80 19.82 19.82 19.85 19.81 19.75 19.89 19.86 19.87 19.87 19.88 19.84 19.80 19.82 19.79 19.78 19.79 19.77 19.70 19.71 19.61 19.58 19.61 19.62 19.59 19.55 19.64 19.70 19.84 19.90 19.88 19.89 19.84 19.76 19.64 19.53 19.27 19.23 19.15 19.71 19.86 19.87 19.87 19.85 19.85 19.86
19.00 19.07 19.19 19.47 19.56 19.55 19.54 19.57 19.49 19.50 19.49 19.62 19.66 19.69 19.62 19.69 19.67 19.73 19.72 19.71 19.72 19.66 19.69 19.75 19.70 19.67 19.62 19.69 19.64 19.64 19.70 19.71 19.77 19.81 19.83 19.84 19.84 19.85 19.86 19.84 19.83 19.83 19.82 19.81 19.81 19.86 19.80 19.78 19.78 19.78 19.72 19.68 19.69 19.72 19.76 19.75 19.64 19.53 19.62 19.79 19.85 19.80 19.74 19.80 19.83 19.77 19.79 18.83 19.17 19.83 19.86 19.86 19.86 19.86 19.84 19.82 19.81
19.20 19.02 19.15 19.35 19.43 19.54 19.47 19.35 19.38 19.42 19.39 19.42 19.60 19.73 19.74 19.69 19.68 19.67 19.69 19.65 19.71 19.66 19.70 19.71 19.72 19.70 19.71 19.72 19.65 19.69 19.74 19.71 19.71 19.74 19.79 19.82 19.82 19.81 19.80 19.80 19.82 19.82 19.81 19.77 19.81 19.81 19.84 19.84 19.81 19.79 19.79 19.77 19.78 19.74 19.73 19.60 19.34 19.58 19.57 19.69 19.78 19.61 19.68 19.78 19.79 19.80 19.84 19.51 19.31 19.79 19.70 19.41 19.78 19.81 19.81 19.77 19.79
19.14 19.17 19.20 19.15 19.31 19.41 19.37 19.33 19.20 19.22 19.34 19.42 19.53 19.64 19.68 19.62 19.38 19.40 19.59 19.52 19.59 19.70 19.74 19.68 19.65 19.67 19.70 19.77 19.75 19.66 19.59 19.64 19.68 19.67 19.71 19.75 19.78 19.78 19.75 19.81 19.81 19.80 19.81 19.63 19.79 19.82 19.81 19.83 19.82 19.80 19.78 19.77 19.77 19.66 19.71 19.72 19.61 19.56 19.52 19.74 19.68 19.47 19.24 19.72 19.75 19.85 19.88 19.80 19.74 19.77 19.57 18.82 19.64 19.81 19.80 19.74 19.75
19.09 19.21 19.20 19.42 19.49 19.32 19.25 19.22 19.42 19.36 19.43 19.44 19.46 19.49 19.53 19.50 19.56 19.50 19.47 19.47 19.51 19.58 19.60 19.53 19.49 19.65 19.71 19.73 19.66 19.63 19.60 19.65 19.71 19.73 19.71 19.64 19.73 19.76 19.70 19.77 19.79 19.76 19.77 19.76 19.76 19.77 19.78 19.77 19.78 19.79 19.60 19.69 19.78 19.71 19.68 19.71 19.72 19.76 19.19 19.10 19.01 19.36 19.58 19.81 19.85 19.84 19.86 19.86 19.75 19.73 19.00 18.62 18.86 19.37 19.76 19.21 19.35
