main/data/irradiance/04.05.2023.grid
ncols 839
nrows 679
xllcenter 112.0500
yllcenter -43.9500
cellsize 0.0500
nodata_value 99999.90
[rows 204 to 237 of 679, columns 616 to 692 of 839]
19.17 19.09 19.11 19.05 18.76 18.85 19.07 19.02 19.00 18.98 19.06 19.34 19.33 18.99 19.13 19.24 19.04 18.95 18.95 19.25 19.14 18.88 18.97 19.02 19.32 18.96 18.94 18.82 18.73 18.82 18.56 18.30 18.14 17.82 18.11 17.52 17.25 16.87 16.82 17.02 18.17 17.93 17.71 17.33 17.50 17.94 17.93 18.37 18.21 18.31 18.58 18.70 18.86 18.95 19.15 19.31 19.04 19.14 19.26 19.22 19.37 19.45 19.37 19.30 19.44 19.48 19.51 19.55 19.51 19.52 19.55 19.55 19.50 19.44 19.44 19.59 19.66
19.20 19.16 18.94 18.57 18.94 18.59 19.09 18.77 19.22 18.99 19.30 19.38 19.18 19.41 19.21 19.35 19.28 19.09 19.02 19.02 18.74 18.92 18.91 18.98 18.96 18.48 18.48 19.03 19.12 18.95 18.88 18.58 18.49 18.21 18.22 17.91 17.87 17.46 17.77 17.81 18.18 18.12 18.25 18.25 18.15 18.41 18.49 18.46 18.43 18.36 18.56 18.81 19.13 19.20 19.17 19.19 19.09 19.17 19.36 19.24 19.25 19.35 19.34 19.30 19.43 19.56 19.44 19.47 19.45 19.44 19.51 19.53 19.48 19.42 19.37 19.49 19.62
18.91 18.70 18.70 18.87 18.75 19.03 19.00 18.90 18.32 18.48 18.47 18.85 18.80 19.03 19.27 19.21 19.13 19.34 18.95 19.00 18.78 18.83 18.87 18.75 18.79 18.68 18.79 18.66 18.95 18.71 18.71 18.90 18.64 18.52 18.72 18.77 18.46 18.40 18.09 18.30 18.87 18.97 19.04 19.18 18.78 18.52 18.99 19.12 18.99 18.53 18.39 18.73 19.03 19.28 19.14 19.07 19.08 19.12 19.21 19.14 19.07 19.19 19.28 19.39 19.40 19.48 19.46 19.42 19.32 19.36 19.44 19.43 19.44 19.37 19.32 19.43 19.53
18.62 18.86 18.62 18.73 18.68 18.83 18.42 18.63 18.56 18.72 18.29 18.48 18.57 19.04 19.30 19.22 19.54 19.41 19.11 18.99 19.16 18.58 18.89 18.67 18.70 18.79 18.63 18.84 18.73 18.86 18.80 18.50 18.77 18.76 18.57 18.04 18.22 18.59 18.76 18.84 18.99 18.96 18.57 18.90 19.02 18.86 19.03 19.33 19.19 18.97 19.11 19.19 19.09 19.08 19.22 19.13 19.14 19.19 19.11 19.32 19.46 19.29 19.35 19.37 19.40 19.48 19.44 19.40 19.37 19.35 19.40 19.36 19.32 19.36 19.38 19.40 19.51
18.67 18.42 18.38 18.39 18.37 18.33 18.44 18.48 18.57 18.41 18.39 18.59 18.75 19.20 18.83 19.07 19.37 18.82 19.22 19.16 19.08 18.78 18.65 18.90 18.86 19.12 18.99 18.90 18.68 18.95 18.45 18.68 18.94 18.73 18.80 18.80 19.02 18.64 18.95 18.97 18.89 18.69 18.60 18.72 19.01 18.86 18.68 18.97 19.15 19.13 19.13 19.18 19.12 18.94 19.20 19.19 19.40 19.29 19.37 19.44 19.46 19.44 19.39 19.46 19.46 19.49 19.49 19.43 19.37 19.30 19.41 19.42 19.34 19.40 19.43 19.38 19.47
18.25 18.47 18.31 18.39 18.33 18.29 18.45 18.44 18.18 18.01 18.28 18.67 19.04 18.80 19.21 19.23 19.33 18.81 18.49 18.66 18.45 19.01 18.67 18.96 19.09 18.98 18.63 18.74 19.03 18.86 18.83 18.93 19.24 19.17 19.42 19.05 18.92 18.85 19.12 18.99 18.90 18.34 18.71 18.66 18.83 19.03 18.80 18.82 19.01 19.23 19.27 19.24 19.20 19.08 19.11 19.17 19.44 19.25 19.28 19.45 19.41 19.38 19.35 19.45 19.45 19.51 19.58 19.58 19.45 19.36 19.38 19.44 19.45 19.46 19.46 19.33 19.44
18.09 18.83 18.31 18.47 18.24 18.42 18.06 18.38 18.38 18.68 18.66 18.59 18.84 18.86 19.11 18.63 19.00 18.58 18.67 18.76 19.02 19.18 19.00 18.91 18.90 18.91 18.66 18.57 18.69 18.82 18.61 19.02 18.83 19.05 18.84 19.07 19.12 19.24 19.05 19.20 19.08 18.53 18.85 18.91 18.80 18.89 18.72 18.88 19.09 19.29 19.20 19.40 19.36 19.31 19.20 19.32 19.47 19.23 19.27 19.42 19.43 19.44 19.31 19.32 19.38 19.45 19.46 19.54 19.53 19.51 19.40 19.43 19.44 19.41 19.41 19.41 19.41
17.70 18.00 18.83 18.74 18.90 18.67 18.48 18.39 18.33 18.08 18.40 18.77 19.03 18.90 18.35 18.75 19.04 18.77 18.61 19.03 18.94 18.82 18.85 18.62 18.74 18.86 18.61 18.71 18.49 18.35 18.70 18.74 19.02 19.08 19.21 19.09 19.04 19.07 19.01 18.76 18.93 18.60 18.60 18.77 19.02 19.07 18.85 19.06 19.29 19.27 19.27 19.38 19.35 19.22 19.22 19.39 19.44 19.47 19.36 19.34 19.45 19.49 19.39 19.39 19.41 19.39 19.42 19.50 19.52 19.52 19.48 19.46 19.45 19.41 19.39 19.35 19.28
18.58 18.88 18.54 18.24 18.97 18.81 18.57 18.73 18.95 18.55 18.69 18.87 18.73 18.43 18.42 18.52 18.83 18.79 18.66 19.00 18.99 19.01 19.03 18.73 18.84 18.47 18.74 18.82 18.70 18.69 19.00 19.16 19.04 19.32 18.91 19.10 19.10 18.98 19.04 18.95 19.00 18.81 18.90 18.95 18.89 19.10 19.04 19.02 19.25 19.21 19.24 19.34 19.35 19.30 19.33 19.36 19.37 19.37 19.48 19.42 19.41 19.47 19.44 19.44 19.40 19.33 19.39 19.43 19.49 19.49 19.49 19.45 19.44 19.43 19.46 19.46 19.35
17.61 17.86 17.37 17.61 18.10 18.24 18.65 18.93 18.99 18.76 18.79 18.62 18.82 18.54 18.64 18.45 18.73 19.08 19.03 18.85 18.84 19.02 19.16 18.36 18.78 19.01 18.83 18.75 18.64 18.54 19.00 18.73 19.12 19.17 19.29 19.31 19.30 19.12 18.97 19.04 19.31 18.99 18.82 18.91 19.11 19.20 19.27 19.21 19.22 19.21 19.26 19.30 19.39 19.36 19.37 19.40 19.39 19.28 19.41 19.39 19.37 19.40 19.47 19.46 19.41 19.35 19.39 19.42 19.44 19.47 19.48 19.46 19.44 19.43 19.50 19.51 19.51
17.41 17.75 17.49 17.92 17.97 18.15 18.74 18.97 18.86 19.22 18.98 18.67 18.97 18.80 18.42 18.75 18.91 18.78 18.09 17.71 18.11 18.15 18.69 18.76 18.98 18.79 18.87 18.55 18.64 18.82 19.05 19.06 19.11 19.18 19.08 19.21 19.15 19.15 19.10 19.19 19.26 19.14 19.16 19.23 19.36 19.26 19.29 19.19 19.24 19.31 19.33 19.30 19.37 19.39 19.39 19.39 19.38 19.41 19.38 19.35 19.36 19.37 19.42 19.45 19.45 19.40 19.37 19.37 19.37 19.43 19.45 19.43 19.43 19.45 19.47 19.49 19.49
17.55 17.26 18.28 17.96 18.02 18.14 18.22 18.47 18.61 18.92 18.84 18.86 19.01 19.03 18.73 18.74 18.58 18.28 18.19 17.72 17.92 17.74 17.79 17.82 18.53 18.94 19.13 19.07 18.91 19.11 18.68 18.84 19.20 19.24 18.98 19.01 19.05 19.22 19.19 19.34 19.27 19.26 19.16 19.26 19.15 19.28 19.31 19.27 19.20 19.32 19.35 19.39 19.41 19.43 19.41 19.40 19.36 19.38 19.37 19.32 19.34 19.35 19.35 19.41 19.43 19.39 19.36 19.35 19.36 19.40 19.41 19.40 19.44 19.44 19.44 19.46 19.46
17.45 17.58 17.81 17.66 18.46 17.95 18.36 17.99 18.26 18.77 18.39 18.19 18.47 18.84 18.35 18.07 17.87 18.05 17.34 17.60 18.03 17.83 17.72 18.14 18.18 18.33 18.13 18.47 18.80 18.70 18.89 19.03 19.08 19.26 19.11 19.00 18.98 18.97 19.22 19.13 19.18 19.27 19.31 19.32 19.35 19.36 19.32 19.28 19.17 19.22 19.32 19.39 19.41 19.41 19.39 19.39 19.38 19.34 19.35 19.30 19.31 19.35 19.37 19.42 19.41 19.41 19.38 19.31 19.36 19.39 19.40 19.40 19.41 19.43 19.43 19.45 19.45
17.39 17.51 17.29 17.74 17.73 18.60 18.54 17.96 18.16 18.45 17.94 18.43 18.39 18.36 17.87 17.92 17.86 18.05 18.01 17.51 18.05 18.32 18.09 17.92 18.39 17.98 18.18 18.17 18.50 18.47 18.84 18.90 18.79 19.19 19.09 18.91 19.20 19.22 19.28 19.16 19.13 19.20 19.19 19.29 19.37 19.29 19.25 19.19 19.27 19.30 19.34 19.38 19.37 19.38 19.34 19.33 19.34 19.37 19.38 19.38 19.35 19.36 19.39 19.39 19.41 19.40 19.39 19.32 19.37 19.40 19.41 19.40 19.42 19.41 19.40 19.41 19.42
17.80 17.23 17.57 18.08 17.93 18.67 17.97 18.03 18.24 17.73 17.90 17.90 18.51 18.41 17.96 18.11 18.13 18.24 17.76 18.18 17.87 18.02 18.14 18.46 18.39 18.24 18.65 18.91 18.64 18.24 18.98 19.26 19.18 19.23 19.13 19.10 19.09 19.06 19.17 19.07 19.26 19.18 19.14 19.27 19.32 19.28 19.17 19.19 19.36 19.37 19.40 19.36 19.35 19.37 19.36 19.32 19.35 19.37 19.38 19.39 19.38 19.38 19.38 19.36 19.39 19.41 19.41 19.37 19.34 19.36 19.39 19.40 19.42 19.40 19.39 19.40 19.40
17.52 17.01 17.68 18.15 18.20 18.21 17.77 18.03 17.85 17.61 17.86 17.90 18.17 18.09 18.28 18.44 18.71 18.47 17.92 17.87 18.09 17.80 18.13 18.29 18.63 18.47 18.39 18.80 18.62 18.47 18.76 19.00 19.12 19.10 19.10 18.86 18.92 18.88 18.99 19.06 19.27 19.18 19.25 19.37 19.42 19.37 19.39 19.39 19.37 19.36 19.38 19.33 19.36 19.34 19.35 19.37 19.37 19.36 19.35 19.37 19.38 19.38 19.37 19.37 19.37 19.36 19.37 19.37 19.34 19.36 19.34 19.35 19.37 19.35 19.36 19.37 19.37
17.21 17.43 18.00 18.17 17.98 17.93 18.08 17.90 17.45 17.92 18.27 18.63 17.92 18.48 18.32 18.50 18.58 18.34 18.26 18.17 18.25 17.96 18.30 18.16 18.75 18.80 18.50 18.55 18.53 18.61 18.72 19.05 19.15 19.06 18.93 19.01 19.10 19.12 19.05 19.10 19.15 19.13 19.27 19.34 19.39 19.40 19.40 19.40 19.37 19.34 19.34 19.32 19.33 19.33 19.36 19.35 19.35 19.33 19.31 19.33 19.32 19.34 19.34 19.31 19.23 19.27 19.30 19.33 19.32 19.33 19.26 19.33 19.31 19.35 19.35 19.35 19.36
17.29 17.67 17.92 17.39 17.54 18.16 17.89 18.14 18.40 18.15 18.17 18.45 18.39 18.61 17.97 18.36 18.31 18.51 18.47 18.19 18.04 17.86 17.82 17.93 18.29 18.62 18.73 18.77 18.80 19.01 19.28 19.22 19.06 18.87 19.06 19.09 19.21 19.16 19.31 19.12 19.17 19.29 19.33 19.32 19.33 19.34 19.34 19.36 19.38 19.36 19.34 19.34 19.36 19.32 19.32 19.33 19.32 19.32 19.29 19.29 19.27 19.31 19.30 19.27 19.27 19.26 19.17 19.31 19.29 19.25 19.22 19.30 19.33 19.33 19.31 19.35 19.35
17.77 17.55 17.57 18.08 17.84 17.85 18.19 18.19 18.02 18.45 18.02 18.52 18.19 18.42 18.38 18.38 18.80 18.53 18.66 17.98 18.04 17.78 18.07 18.35 18.15 18.22 18.26 18.40 18.51 18.70 18.96 19.20 19.13 18.84 19.16 19.24 19.24 19.06 19.16 19.11 19.16 19.22 19.31 19.30 19.31 19.31 19.31 19.30 19.32 19.34 19.31 19.32 19.34 19.31 19.29 19.32 19.33 19.32 19.30 19.29 19.31 19.31 19.31 19.28 19.23 19.28 19.27 19.30 19.30 19.31 19.32 19.32 19.32 19.27 19.31 19.32 19.32
17.21 17.25 17.51 17.61 17.57 18.02 18.00 18.00 18.25 18.11 18.35 18.61 18.40 18.30 18.71 18.68 18.97 18.74 18.66 18.32 18.49 17.94 18.46 18.16 18.01 17.76 17.80 17.92 17.91 18.21 18.58 18.98 19.17 19.23 19.27 19.25 19.16 19.04 19.13 19.23 19.23 19.19 19.21 19.27 19.31 19.30 19.33 19.31 19.31 19.33 19.31 19.34 19.34 19.33 19.30 19.32 19.33 19.31 19.30 19.31 19.33 19.32 19.31 19.28 19.21 19.14 19.18 19.26 19.28 19.30 19.31 19.31 19.32 19.29 19.31 19.31 19.32
17.64 17.29 17.57 17.67 17.48 17.57 17.72 17.88 17.80 18.24 18.47 18.14 18.65 18.24 18.36 18.69 18.76 18.32 18.48 18.19 18.53 18.22 18.45 18.25 17.58 17.57 17.58 17.54 17.80 18.45 18.44 18.95 19.02 19.21 19.24 19.17 19.14 19.08 19.14 19.16 19.20 19.05 19.12 19.27 19.29 19.28 19.29 19.31 19.30 19.30 19.30 19.31 19.31 19.33 19.32 19.31 19.32 19.31 19.28 19.28 19.28 19.28 19.27 19.28 19.28 19.25 19.18 19.24 19.25 19.29 19.31 19.32 19.33 19.33 19.31 19.30 19.30
17.61 17.44 17.42 17.20 17.35 18.10 18.07 17.71 17.96 17.98 18.12 18.02 18.00 18.37 18.26 18.53 18.27 18.45 18.37 18.16 18.23 18.28 17.92 17.88 18.00 17.52 17.36 17.89 17.44 18.13 18.27 18.72 18.83 19.07 19.21 19.18 19.14 19.09 18.99 19.01 19.04 19.05 18.99 19.27 19.24 19.27 19.29 19.32 19.30 19.28 19.28 19.31 19.30 19.30 19.29 19.28 19.27 19.27 19.25 19.25 19.27 19.25 19.23 19.25 19.26 19.27 19.20 19.18 19.23 19.24 19.28 19.27 19.30 19.24 19.28 19.28 19.26
17.48 16.94 17.26 17.36 17.23 17.03 17.71 18.17 18.30 17.98 18.11 17.76 18.14 18.53 18.54 18.38 18.59 18.40 18.19 18.30 17.86 18.22 17.83 17.42 17.62 17.76 17.33 17.80 17.81 17.87 17.74 18.41 18.90 18.95 19.08 19.11 18.92 19.05 18.97 18.88 18.83 19.02 19.12 19.21 19.19 19.23 19.23 19.24 19.26 19.25 19.25 19.27 19.26 19.26 19.26 19.23 19.21 19.19 19.21 19.22 19.23 19.24 19.23 19.22 19.24 19.23 19.13 19.20 19.25 19.24 19.26 19.25 19.25 19.25 19.25 19.26 19.24
18.08 17.46 17.32 17.98 17.78 17.72 17.37 17.91 17.99 17.60 18.25 18.02 18.14 18.36 18.32 18.03 18.00 18.16 18.38 18.45 18.00 18.25 17.99 18.01 18.03 17.32 17.58 17.94 18.05 17.88 18.40 18.59 18.64 18.98 19.09 19.15 19.18 19.00 19.02 18.88 18.87 18.98 19.15 19.20 19.19 19.23 19.17 19.24 19.23 19.24 19.24 19.23 19.22 19.23 19.21 19.20 19.21 19.18 19.20 19.23 19.21 19.21 19.22 19.21 19.19 19.20 19.21 19.21 19.22 19.22 19.23 19.24 19.23 19.22 19.21 19.20 19.22
17.63 17.52 17.36 17.07 17.42 17.75 17.45 17.68 18.06 18.47 17.53 18.06 18.46 18.25 18.19 17.98 17.70 18.09 18.25 18.25 18.11 17.67 17.66 18.14 18.14 18.04 17.84 17.88 17.73 17.95 18.16 18.27 18.99 19.10 19.11 19.11 19.09 19.04 19.10 19.00 18.97 19.14 19.12 19.16 19.10 19.10 19.06 19.19 19.21 19.24 19.23 19.20 19.18 19.19 19.18 19.13 19.16 19.15 19.17 19.19 19.20 19.19 19.18 19.20 19.20 19.21 19.22 19.20 19.20 19.22 19.23 19.23 19.22 19.24 19.18 19.14 19.19
17.55 17.44 17.56 17.38 17.88 17.48 18.11 18.17 18.09 18.43 18.19 18.00 18.08 18.03 17.97 17.81 18.28 18.07 17.99 18.12 18.22 17.81 17.79 17.86 17.78 17.98 17.96 18.10 17.84 17.88 18.41 18.67 19.11 19.18 19.16 19.12 19.06 19.06 19.01 19.09 19.08 19.15 19.09 19.02 19.00 18.87 18.99 18.94 19.15 19.16 19.23 19.21 19.20 19.20 19.15 19.14 19.14 19.14 19.14 19.16 19.19 19.20 19.19 19.18 19.17 19.19 19.19 19.18 19.18 19.20 19.21 19.21 19.21 19.21 19.17 19.15 19.16
17.81 17.67 17.47 17.61 17.94 17.64 17.86 17.72 18.25 17.70 17.85 17.87 17.63 17.67 17.71 17.71 17.86 17.86 18.22 18.35 17.85 17.61 18.17 18.21 18.21 18.14 18.48 18.30 17.88 18.11 18.21 18.43 18.63 19.17 19.12 19.16 19.08 19.10 19.07 19.06 19.05 19.09 18.99 18.98 18.89 18.87 18.96 18.99 19.15 19.14 19.18 19.18 19.20 19.18 19.15 19.13 19.15 19.12 19.11 19.06 18.87 19.06 19.13 19.14 19.16 19.16 19.17 19.17 19.18 19.17 19.17 19.18 19.19 19.21 19.19 19.15 19.13
17.91 17.52 17.52 17.80 17.89 17.81 17.60 17.66 18.00 18.11 18.18 17.61 17.69 17.48 17.75 17.57 17.42 18.08 18.14 18.13 17.62 17.63 17.91 18.03 17.95 18.37 18.39 17.73 18.07 18.07 18.13 18.46 18.89 19.16 19.16 19.14 19.12 19.14 19.12 19.07 19.05 19.06 19.11 19.08 19.01 18.98 18.95 18.92 19.01 19.11 19.14 19.18 19.14 19.11 19.11 19.11 19.16 19.12 19.11 18.94 18.98 18.75 19.05 19.07 19.12 19.13 19.14 19.14 19.15 19.17 19.15 19.15 19.17 19.16 19.13 19.11 19.05
17.43 17.85 17.64 17.57 17.79 17.55 17.61 17.98 17.33 18.08 17.55 17.71 17.85 17.55 17.99 17.94 17.86 18.14 18.40 18.00 17.66 17.86 17.91 18.32 17.96 18.51 18.53 17.99 17.86 18.29 18.32 18.64 19.01 19.15 19.12 19.16 19.13 19.15 19.09 19.08 19.07 19.07 18.98 19.04 19.03 18.88 18.94 18.89 18.89 19.05 19.14 19.11 19.14 19.11 19.10 19.09 19.08 19.10 19.08 19.07 18.83 18.26 19.11 19.10 19.11 19.12 19.12 19.13 19.14 19.12 19.12 19.13 19.12 19.12 19.05 19.02 18.97
17.41 17.57 17.77 17.64 18.18 17.65 17.85 17.77 18.06 17.76 17.55 17.49 17.49 17.57 17.87 17.74 17.96 18.13 18.23 17.99 17.83 17.62 17.78 18.32 18.28 18.32 18.13 18.25 18.43 18.76 18.66 18.88 19.03 19.14 19.10 19.13 19.13 19.13 19.11 19.08 19.07 19.09 19.09 19.11 19.09 19.07 19.05 18.98 18.94 19.08 19.12 19.10 19.12 19.10 19.09 19.05 19.04 19.05 19.06 19.06 19.05 18.74 19.04 19.07 19.08 19.09 19.10 19.10 19.11 19.09 19.09 19.06 19.01 19.07 19.07 19.07 19.13
17.77 17.57 17.72 17.12 17.71 17.85 17.56 18.23 17.98 17.84 17.43 17.40 17.60 17.68 17.95 18.21 18.31 18.25 18.32 18.27 18.00 18.13 17.93 18.06 18.09 18.25 18.32 18.31 18.56 18.75 18.69 18.90 19.01 19.11 19.07 19.07 19.03 19.08 19.08 19.05 19.06 19.06 19.08 19.08 19.07 19.07 19.05 19.00 18.97 19.08 19.08 19.07 19.11 19.08 19.08 19.06 19.05 19.07 19.06 19.07 19.03 19.07 19.06 19.05 19.06 19.08 19.08 19.09 19.09 19.07 19.07 19.08 19.05 19.07 19.09 19.11 19.13
17.59 17.45 17.40 17.41 17.85 17.60 17.94 17.65 18.03 17.86 17.58 17.65 17.78 18.12 18.42 18.40 18.40 18.61 18.38 17.89 18.14 18.30 18.08 18.06 18.14 18.20 17.93 18.15 18.60 18.78 18.75 18.56 18.75 19.09 19.10 19.07 18.91 19.10 19.06 19.05 19.05 19.01 19.01 19.03 19.02 19.02 19.02 19.03 19.02 18.98 18.99 19.05 19.11 19.09 19.06 19.06 19.02 19.02 19.02 19.03 19.04 19.02 19.02 19.04 19.06 19.06 19.06 19.05 19.06 19.05 19.04 19.06 19.07 19.10 19.13 19.07 19.01
17.53 17.38 17.59 17.36 17.17 17.70 17.95 18.14 18.12 18.15 17.77 18.08 17.79 17.83 17.95 18.23 18.49 18.52 18.36 18.17 18.21 18.36 18.22 18.15 17.91 17.77 17.78 18.01 18.52 18.76 18.56 18.35 18.41 18.90 19.08 19.07 19.03 19.06 19.04 19.03 19.03 18.96 18.92 18.94 18.96 19.00 19.02 19.02 19.03 19.01 19.03 19.02 19.10 19.07 19.06 19.05 19.02 19.01 19.02 19.02 19.03 18.98 19.01 19.03 19.05 19.05 19.04 19.05 19.03 19.03 19.01 19.02 19.04 19.03 19.07 19.04 18.86
18.21 17.50 17.75 17.56 17.37 17.43 18.24 18.28 18.12 18.01 17.96 17.89 17.74 17.93 18.27 18.20 18.20 18.18 18.30 18.51 18.60 18.77 18.50 18.40 18.13 18.02 18.04 17.86 18.55 18.70 18.60 18.43 18.85 19.00 18.99 19.11 19.02 19.04 19.03 18.99 18.99 18.90 18.88 18.93 18.95 18.95 18.96 18.99 19.00 18.96 19.01 19.07 19.10 19.04 19.02 19.04 19.03 18.98 18.98 18.99 19.01 18.96 18.97 19.00 19.01 19.03 19.02 19.03 19.00 19.00 19.00 19.01 18.97 18.92 18.89 18.88 18.92
