main/data/irradiance/04.10.2023.grid
ncols 839
nrows 679
xllcenter 112.0500
yllcenter -43.9500
cellsize 0.0500
nodata_value 99999.90
[rows 442 to 475 of 679, columns 77 to 153 of 839]
23.74 23.49 23.66 23.51 23.49 23.32 23.20 23.04 23.20 23.11 23.19 23.39 23.55 23.50 23.24 23.53 23.68 23.32 23.47 23.01 22.97 23.62 23.30 23.12 23.45 23.54 23.63 23.55 22.89 23.18 22.96 22.76 22.93 23.16 23.12 23.24 23.47 23.24 23.18 23.16 23.02 22.95 22.84 22.81 22.94 23.02 22.83 23.16 22.98 22.54 22.64 23.10 23.24 22.84 22.62 22.89 22.82 23.21 23.09 23.26 22.97 23.20 23.25 23.42 23.56 23.25 23.67 23.76 23.73 23.75 23.73 23.75 23.75 23.72 23.71 23.78 23.77
23.21 23.24 23.48 23.19 23.09 23.13 22.91 22.62 22.83 22.99 23.19 23.16 23.38 22.94 23.32 23.62 23.63 23.45 23.69 23.35 23.46 22.96 23.42 23.34 23.39 23.56 23.55 23.36 23.25 22.98 22.81 23.00 23.19 23.31 23.30 23.04 23.24 23.17 23.15 23.26 23.23 22.92 22.98 23.05 23.18 22.77 22.84 22.70 22.89 22.95 23.02 22.93 22.85 22.66 22.99 22.91 23.01 23.09 22.79 23.05 23.00 22.74 23.03 22.89 23.30 23.31 23.70 23.76 23.71 23.75 23.75 23.74 23.69 23.74 23.74 23.76 23.75
23.21 23.32 23.47 23.02 22.84 22.47 22.61 22.50 22.14 22.76 22.81 23.24 23.12 23.17 23.47 23.42 23.18 23.57 23.57 23.43 23.52 23.69 23.37 23.35 23.49 23.52 23.43 23.37 23.36 23.54 23.37 23.25 23.17 22.91 22.95 23.04 23.01 23.04 22.97 23.23 22.92 23.30 22.66 23.01 23.20 22.67 22.55 22.30 22.75 23.01 23.18 23.00 22.86 23.44 23.28 23.21 23.16 23.33 22.90 23.10 23.26 22.85 23.23 23.29 23.33 23.01 23.43 23.63 23.61 23.64 23.71 23.74 23.75 23.72 23.74 23.75 23.74
23.18 23.19 23.28 23.26 22.78 22.04 22.37 22.48 22.53 22.59 22.86 23.03 22.75 23.35 23.55 23.28 23.40 23.49 23.40 23.54 23.51 23.44 23.32 23.38 23.36 23.33 23.21 23.44 23.56 23.57 23.15 23.38 23.41 23.24 22.89 23.25 22.87 23.34 23.03 23.24 22.93 22.85 22.64 23.14 22.65 22.75 22.81 22.75 22.95 23.51 23.02 23.03 23.01 23.11 23.10 23.02 23.33 23.05 22.60 22.68 22.74 22.81 23.21 23.16 23.06 23.09 22.63 23.11 23.67 23.71 23.71 23.74 23.70 23.74 23.68 23.74 23.73
23.20 23.00 23.33 23.23 22.72 22.28 22.61 22.13 22.52 22.43 22.98 22.73 23.12 23.38 23.36 23.33 23.57 23.20 23.23 23.46 23.49 23.34 23.40 23.41 23.40 23.18 23.18 23.28 23.18 23.32 23.02 23.33 23.58 23.12 23.02 23.19 23.43 23.08 23.21 23.41 22.91 22.86 23.12 23.21 22.80 22.65 22.89 22.97 23.06 23.13 23.13 22.96 23.63 23.17 22.74 22.66 23.27 23.03 22.78 23.18 22.71 22.92 23.10 22.55 22.83 23.08 22.85 22.79 23.17 23.66 23.74 23.71 23.62 23.73 23.71 23.70 23.71
22.32 22.88 23.24 22.84 22.22 22.95 22.54 22.42 21.83 22.17 22.75 22.38 22.60 22.77 22.65 23.38 22.92 23.38 23.50 23.39 23.53 23.38 23.56 23.27 23.53 23.21 23.17 23.15 23.13 23.33 23.42 23.10 23.41 22.53 23.00 23.28 22.83 22.84 22.82 23.32 23.18 22.94 22.93 22.65 22.72 22.86 23.05 22.53 22.82 22.98 22.99 23.06 23.35 22.64 22.48 22.97 23.10 22.89 23.03 23.01 23.05 22.89 22.51 22.74 23.01 23.45 23.15 22.87 22.30 23.20 23.61 23.71 23.66 23.64 23.72 23.69 23.68
22.37 22.57 22.95 23.05 22.45 22.85 23.01 22.51 22.42 22.55 22.61 22.47 22.41 22.41 22.79 22.79 22.85 23.20 23.37 23.46 23.13 23.50 23.48 23.45 23.57 23.72 22.98 23.09 23.22 23.20 23.39 23.29 23.08 23.18 23.46 23.20 23.00 22.84 23.29 23.01 23.11 23.33 22.79 22.68 22.81 22.92 22.93 22.88 22.62 22.45 22.71 22.75 23.21 22.85 22.86 22.92 22.95 22.82 23.11 23.18 23.28 22.98 23.19 23.29 23.11 22.66 22.67 23.29 23.19 22.83 23.38 23.68 23.71 23.71 23.70 23.73 23.73
22.17 22.45 23.19 23.22 22.92 22.48 22.56 22.53 22.01 22.07 21.83 22.03 22.17 21.88 22.68 22.28 22.52 23.25 23.07 23.50 23.18 23.45 23.61 23.27 23.15 23.27 23.18 23.39 23.24 23.08 23.12 23.39 22.79 22.95 23.35 22.94 23.13 23.27 23.19 23.05 23.19 23.24 23.09 22.36 22.89 23.04 23.23 22.77 22.91 22.65 22.69 22.78 22.75 23.07 23.27 22.91 23.19 22.81 22.79 22.81 22.68 22.66 22.56 23.12 22.82 22.65 22.58 22.74 22.52 22.15 22.18 22.84 23.68 23.70 23.67 23.66 23.65
21.67 21.85 22.90 22.58 22.36 22.79 22.51 22.37 22.39 22.69 22.32 22.15 21.98 22.45 21.93 22.44 21.99 22.83 23.23 23.46 23.24 23.21 23.45 23.59 23.54 23.72 23.57 23.60 23.46 23.42 23.11 23.08 23.07 23.20 23.26 23.09 23.27 23.29 23.48 23.38 23.31 23.01 23.29 23.03 23.14 23.01 22.60 22.85 22.92 22.93 22.79 23.08 23.27 22.93 22.90 22.86 22.74 22.83 22.85 22.82 22.81 22.58 23.17 22.66 22.58 22.83 22.75 22.40 23.09 22.74 22.94 22.92 22.78 23.56 23.66 23.67 23.63
21.94 21.60 22.22 21.87 21.90 21.74 22.19 21.72 22.40 22.53 21.90 22.24 21.37 22.51 22.12 22.34 22.04 22.51 23.06 22.96 23.37 22.95 23.44 23.28 23.47 23.47 23.24 23.65 23.10 23.20 23.20 23.40 23.17 22.84 23.27 23.40 23.13 23.12 22.95 22.93 23.06 23.28 23.08 22.94 23.16 23.10 22.96 23.12 22.99 22.91 22.89 23.14 22.86 22.68 22.96 22.84 22.98 22.88 22.90 23.03 22.90 22.97 23.25 23.17 23.04 22.91 23.02 22.99 22.80 22.70 22.95 22.17 22.68 23.00 23.51 23.69 23.62
20.75 20.82 21.41 21.84 21.71 21.63 21.18 21.47 22.13 22.00 21.96 21.14 21.59 22.21 22.51 22.65 22.59 22.37 22.42 22.87 22.97 23.11 22.99 23.10 23.14 23.50 23.07 23.12 23.37 23.23 23.42 23.46 23.34 23.36 23.28 23.30 23.08 22.72 23.08 23.30 23.05 23.07 23.18 23.08 23.04 23.05 22.69 22.87 23.10 21.89 22.18 22.69 22.65 22.55 22.91 23.07 23.11 22.95 23.07 23.14 23.18 23.47 23.55 23.37 23.02 22.99 23.24 23.02 23.13 22.98 22.51 22.83 22.80 22.56 23.05 23.52 23.54
19.88 21.39 21.25 21.93 21.39 21.56 21.47 20.88 20.83 21.90 22.14 20.76 21.13 22.22 21.54 21.16 22.44 22.76 22.51 22.81 22.66 23.25 22.85 23.35 23.43 23.24 23.13 23.57 23.20 23.29 23.34 23.28 23.32 23.05 23.20 23.15 22.76 22.75 23.27 23.12 23.11 22.80 22.94 23.04 23.12 23.28 23.04 22.82 22.93 22.87 22.64 22.70 22.99 23.02 22.98 22.62 22.97 22.79 22.95 23.10 23.14 23.54 23.65 23.32 23.02 23.01 22.90 23.15 22.58 23.04 22.80 23.02 23.42 23.20 22.87 22.99 23.49
19.42 20.75 21.37 21.33 21.57 21.90 21.56 20.55 20.52 20.64 21.62 20.10 20.80 22.38 21.59 20.21 21.70 22.56 22.82 23.02 23.03 22.44 23.10 23.16 23.42 23.36 23.42 23.27 23.15 23.35 23.25 23.04 22.93 22.98 23.47 22.93 23.00 23.20 23.12 23.11 22.79 23.17 23.01 23.18 23.23 23.10 23.20 23.09 23.12 22.98 23.01 22.40 23.18 22.74 22.78 22.90 22.83 22.50 22.97 23.03 23.17 23.41 23.58 23.62 23.42 23.11 22.96 23.26 22.96 22.65 22.69 22.62 22.39 23.10 22.93 22.55 22.90
19.43 20.81 21.29 21.33 20.46 20.60 21.17 20.39 20.41 19.97 21.57 21.12 20.54 21.68 21.93 21.89 21.66 22.19 22.47 22.97 23.03 21.95 22.40 23.03 22.97 23.12 23.18 23.30 23.27 23.39 23.28 23.31 23.19 23.16 23.18 22.99 22.95 23.04 22.92 23.13 23.15 23.00 23.20 22.95 22.99 23.09 23.00 22.98 22.99 23.09 23.02 22.41 22.74 22.96 22.60 22.53 22.81 22.95 23.17 23.18 23.23 23.39 23.56 23.61 23.62 23.03 22.67 23.08 23.39 23.07 22.91 22.95 22.63 22.82 22.58 22.55 23.01
19.65 20.25 21.18 21.59 21.00 19.75 20.29 20.73 20.08 19.69 21.13 20.53 20.24 21.26 21.57 22.16 21.63 21.43 22.67 22.66 23.10 22.94 22.69 22.59 23.07 23.14 23.20 23.27 23.22 23.36 23.32 23.20 22.95 23.05 23.11 23.01 22.93 22.97 23.19 22.89 23.04 22.78 22.91 22.94 23.12 23.22 22.89 22.80 22.77 22.78 23.04 22.82 22.72 22.82 23.03 22.67 22.91 23.18 23.40 23.16 22.86 22.90 23.34 23.41 23.20 23.41 23.19 23.30 23.08 22.90 22.84 22.60 22.31 22.55 21.95 22.29 22.78
18.91 20.11 20.26 20.27 20.33 19.36 20.37 19.16 19.08 19.46 19.56 20.95 20.70 20.94 21.54 21.49 22.39 22.53 22.31 22.51 22.77 22.95 22.92 23.29 23.03 23.00 23.18 23.12 23.02 23.10 22.98 23.06 22.47 22.93 23.20 23.08 22.29 22.12 22.76 23.03 23.14 22.98 22.54 23.18 23.31 23.06 22.89 22.72 22.99 22.70 22.22 22.79 22.79 22.85 23.05 22.94 22.86 23.04 22.99 22.68 22.81 22.98 23.15 23.42 23.04 23.06 23.16 23.13 22.88 23.01 22.10 22.57 22.88 22.44 22.65 22.75 22.82
18.96 18.84 19.23 19.42 19.40 19.55 19.08 19.58 18.90 20.07 19.31 19.96 19.36 20.31 20.68 21.23 21.71 21.86 22.14 22.25 22.32 22.54 22.83 23.23 23.15 23.21 23.07 22.95 22.82 23.12 22.93 22.90 22.88 23.23 23.19 23.27 23.39 22.99 22.80 22.99 22.84 22.89 22.84 22.86 22.95 23.03 22.84 22.70 22.73 22.66 22.93 22.72 22.97 22.74 23.14 22.96 22.93 22.97 22.96 22.49 22.46 23.03 22.68 23.06 23.04 22.77 23.03 23.23 23.05 23.15 22.18 22.03 22.21 21.14 22.14 22.57 22.63
18.62 19.42 19.64 18.81 18.56 19.23 17.24 19.57 19.89 20.32 19.83 20.36 19.96 19.69 20.18 20.35 21.05 21.49 22.04 21.87 22.30 22.39 22.24 22.98 23.01 23.17 23.04 22.86 22.65 23.26 23.09 23.16 23.11 23.01 23.08 23.10 23.46 23.28 23.09 22.93 22.59 22.76 22.73 23.03 22.98 23.10 23.15 23.19 23.12 22.79 22.75 22.53 22.66 22.67 22.54 23.25 22.98 22.90 22.71 22.90 22.90 22.87 22.70 22.63 23.04 22.78 22.95 23.08 22.85 22.96 23.36 22.93 22.01 21.58 22.43 22.42 21.98
17.99 18.18 18.53 18.02 17.48 18.56 17.74 18.26 19.33 19.66 19.27 20.27 19.85 19.96 20.88 20.67 20.65 20.67 20.78 21.12 21.70 22.13 22.75 22.88 22.78 22.49 22.73 22.66 22.79 22.85 22.44 23.01 22.87 23.06 23.00 23.18 23.07 23.10 23.07 22.94 22.75 22.61 22.83 23.04 23.18 23.19 22.55 22.62 22.77 22.84 22.36 22.60 22.49 22.78 22.81 22.61 22.53 22.41 22.59 22.51 23.06 22.62 22.07 22.26 22.86 22.74 22.59 23.01 22.91 23.05 22.85 22.83 22.94 22.76 22.74 22.71 23.02
18.99 19.15 20.30 19.42 17.14 17.45 17.89 17.82 18.51 19.71 19.63 20.12 19.84 19.99 19.97 20.53 20.78 21.23 21.07 20.89 21.20 21.87 21.97 22.02 22.54 22.32 22.07 22.01 21.90 21.93 22.51 22.82 22.40 22.94 22.49 22.93 22.92 22.59 22.81 22.36 22.69 22.57 22.73 22.49 22.52 23.14 22.93 22.64 22.40 22.56 22.77 22.81 22.74 22.66 22.85 22.61 23.21 22.84 22.88 22.60 22.72 22.91 22.90 22.26 22.22 22.71 22.43 22.50 22.80 22.77 23.27 23.13 23.43 22.94 22.38 22.77 22.81
19.33 18.25 19.29 16.79 16.30 15.52 17.11 17.41 18.20 19.20 19.31 19.04 18.99 19.11 18.89 19.94 19.27 20.10 21.02 21.35 21.33 20.99 21.59 22.01 22.04 22.06 21.97 21.67 21.41 21.91 21.62 22.20 22.24 22.58 22.54 22.44 22.76 22.76 22.67 22.44 22.33 22.69 22.76 22.40 22.69 22.93 22.79 22.46 22.42 21.92 22.18 22.30 22.54 22.32 22.91 22.74 23.21 23.02 23.23 23.04 22.64 22.71 22.44 21.81 22.38 22.49 22.33 22.91 22.69 22.95 23.24 23.14 23.18 23.31 22.72 22.40 22.33
18.88 18.44 18.56 16.62 16.26 15.43 15.74 16.85 17.32 17.91 18.83 19.23 18.99 17.61 18.02 19.11 19.35 19.56 19.98 20.83 21.38 21.51 21.73 21.34 21.23 21.71 21.54 21.89 21.45 21.42 21.46 21.61 21.96 22.36 22.47 22.61 22.50 22.57 22.43 22.62 22.44 22.37 22.89 22.78 22.77 22.75 22.76 22.54 22.30 21.59 22.40 22.20 22.42 22.86 22.65 22.73 22.95 22.42 22.50 22.51 22.77 22.40 22.36 21.92 22.02 22.65 22.67 22.83 22.95 22.71 23.04 23.06 23.09 23.05 22.80 22.28 22.20
19.16 19.00 17.14 16.64 14.42 14.40 15.25 15.92 16.07 16.85 17.78 18.96 17.68 16.91 16.94 17.40 18.50 19.28 19.50 19.40 20.29 21.03 20.95 20.97 21.52 21.11 21.50 21.54 21.52 21.17 21.33 21.58 21.71 22.28 21.79 22.12 22.16 22.37 22.30 22.56 22.46 22.49 22.27 22.32 22.36 22.08 22.93 22.66 22.14 22.30 21.05 22.44 22.30 22.73 22.63 22.56 23.00 22.36 22.27 22.32 22.72 22.56 22.33 22.36 22.28 22.50 22.49 22.58 22.54 22.36 22.51 23.00 22.39 22.79 22.97 22.97 22.70
18.36 18.08 17.58 15.79 15.22 14.10 14.67 15.58 15.61 15.60 16.73 18.46 17.71 16.52 16.77 16.77 17.56 17.58 18.68 19.54 19.93 20.60 20.38 21.12 20.75 20.72 21.02 21.46 21.29 21.11 20.93 21.32 21.36 21.14 21.46 21.27 21.60 21.64 22.24 22.35 22.57 22.50 22.10 22.12 22.18 21.97 22.18 22.43 22.21 21.33 20.26 21.59 22.53 22.08 22.25 22.26 22.50 22.39 22.32 22.51 22.01 22.25 22.27 22.81 22.63 22.20 22.12 22.69 22.34 22.49 22.38 22.42 22.67 22.73 22.78 22.61 22.36
17.43 16.97 16.39 16.34 14.91 15.64 14.80 14.48 15.14 15.09 16.15 16.67 17.11 16.49 16.87 17.51 16.25 17.04 17.97 18.64 19.22 19.81 20.20 20.59 20.20 20.12 20.55 20.81 20.51 20.64 21.02 21.04 20.94 21.25 21.69 21.82 21.88 21.90 22.13 22.17 22.22 22.44 21.92 22.10 22.41 22.05 22.13 22.10 22.18 21.22 21.48 22.09 22.88 22.70 22.47 22.59 22.26 22.65 22.66 22.41 22.48 22.21 22.27 22.76 22.54 21.91 22.03 21.95 22.48 22.69 22.52 22.55 22.75 22.67 22.81 22.25 22.47
17.16 16.37 16.46 15.78 14.84 14.66 14.49 14.97 15.28 14.46 14.80 15.49 15.58 17.16 17.24 15.62 15.90 16.36 17.41 17.99 18.72 19.51 19.72 20.16 20.17 20.39 20.35 20.34 20.31 20.66 21.49 21.16 21.08 21.22 21.06 21.51 21.85 21.86 22.07 21.93 22.09 22.44 22.16 22.14 22.24 22.16 22.49 22.10 21.84 22.11 21.15 21.81 22.25 22.46 22.08 22.31 22.45 22.74 22.36 22.38 22.51 22.23 22.07 22.05 22.05 22.16 21.55 22.20 22.29 22.39 22.71 22.30 22.65 22.79 22.63 22.04 22.01
16.43 16.34 15.89 15.25 14.36 14.69 14.18 13.74 14.85 14.28 14.16 14.63 15.06 15.57 16.33 15.92 15.22 15.93 16.51 17.51 18.94 19.59 19.23 20.28 19.88 19.79 19.53 19.76 20.23 20.78 21.12 21.17 21.18 21.53 21.11 21.24 21.03 21.53 21.54 21.99 21.82 21.58 21.95 22.28 22.19 22.00 22.38 21.94 22.05 21.59 21.24 21.21 21.45 21.64 22.10 21.91 22.09 22.54 21.95 22.62 22.76 22.47 22.26 21.98 21.78 22.41 22.08 21.49 22.80 22.25 22.38 22.18 22.33 22.68 22.73 21.92 22.28
15.76 15.82 15.00 15.14 15.43 14.74 15.04 15.17 14.41 14.45 14.02 15.00 14.92 15.02 14.73 15.84 16.38 16.25 16.62 16.81 17.65 17.98 19.06 19.83 19.57 20.51 19.92 19.58 20.05 20.04 20.34 21.23 21.29 21.59 21.32 21.47 21.55 21.13 21.59 21.57 21.67 21.44 22.02 22.19 22.42 21.93 21.67 21.58 21.81 21.52 20.69 20.76 21.90 22.01 22.20 21.64 21.31 21.92 21.99 22.49 22.52 22.30 21.91 21.63 21.31 20.87 21.65 22.36 22.43 22.12 22.11 22.25 22.00 22.14 22.14 22.33 22.64
16.07 16.19 16.99 16.18 16.74 16.78 15.60 15.08 14.38 14.50 14.81 14.01 14.40 14.28 15.16 15.52 16.00 16.10 15.41 16.18 16.94 17.64 18.28 18.96 19.60 19.82 20.00 19.77 19.58 19.75 19.97 19.97 20.53 21.39 21.50 21.64 20.64 21.02 21.62 21.57 21.61 21.66 22.03 21.66 22.08 21.64 21.62 21.67 21.21 21.50 21.54 21.51 21.89 21.99 21.66 21.36 21.42 22.14 21.68 22.04 22.25 21.91 21.68 21.23 20.86 20.43 21.35 21.78 21.98 22.03 21.65 21.37 21.54 21.33 21.66 21.96 22.28
14.52 15.40 15.68 15.54 14.96 15.10 15.09 14.82 15.44 14.37 13.74 14.44 14.45 13.89 13.55 14.15 15.22 15.58 15.75 15.67 15.99 16.31 17.28 18.19 18.91 19.16 19.70 20.13 19.21 20.00 19.97 19.72 20.27 20.34 21.05 21.15 21.17 20.82 21.65 21.11 21.39 21.32 21.38 21.28 21.96 21.29 21.62 21.39 21.58 21.39 21.26 21.43 21.59 21.74 21.70 21.43 21.54 21.44 21.47 21.86 22.01 21.62 21.51 21.50 20.40 20.23 20.96 21.70 21.31 21.67 21.36 21.61 21.37 21.19 21.62 22.31 22.03
16.36 15.07 16.16 15.43 14.84 14.17 14.32 14.24 13.92 13.92 13.50 14.24 14.31 13.78 13.53 13.32 14.60 15.17 15.78 15.22 15.49 16.07 16.86 17.47 17.87 18.43 18.59 20.18 19.18 18.93 18.64 19.66 19.55 20.24 19.81 20.27 20.54 20.16 21.01 21.06 20.86 21.67 21.20 21.05 20.81 20.91 20.47 20.43 20.65 20.90 20.68 21.26 21.48 21.32 21.86 21.95 21.49 21.04 21.18 21.85 21.82 21.27 21.27 20.97 20.34 20.26 20.13 20.69 20.80 21.30 20.95 21.51 21.56 21.70 21.25 22.26 22.32
14.36 14.21 14.84 14.58 14.82 15.01 13.59 13.38 13.69 13.72 13.66 12.78 13.17 13.14 13.85 13.79 13.91 14.65 14.53 15.10 15.17 15.28 15.75 16.62 17.14 17.60 18.81 18.93 18.83 18.65 18.86 19.36 19.91 19.37 19.05 19.22 19.47 19.50 20.12 20.35 20.29 20.42 20.42 20.96 20.75 20.39 20.28 20.12 19.94 19.76 19.89 20.19 20.63 21.09 21.44 21.73 21.59 21.56 21.28 21.39 21.01 20.37 21.24 20.80 20.45 20.29 20.81 20.56 20.30 21.00 21.01 21.63 21.81 21.73 21.38 22.10 22.20
14.25 14.48 14.57 14.29 14.48 14.77 14.02 13.43 13.65 13.01 13.35 14.27 13.51 13.66 13.75 14.81 14.15 13.57 14.11 14.68 14.37 14.93 15.48 15.81 16.39 17.18 16.92 18.61 19.28 19.28 18.54 18.51 18.98 19.01 18.41 18.56 19.04 19.13 19.37 19.38 19.83 19.56 19.73 19.92 20.44 19.97 19.83 19.84 19.17 19.22 19.53 19.88 19.78 20.19 20.47 21.03 21.13 21.03 20.59 20.92 21.39 21.29 21.08 21.65 20.94 20.88 21.15 20.81 21.07 20.70 20.81 20.93 21.42 21.17 21.57 21.89 21.98
12.73 13.73 14.37 14.97 15.17 14.70 14.47 13.92 13.37 14.23 13.78 13.34 14.45 13.33 13.67 14.00 14.11 12.95 12.94 13.88 14.51 14.57 15.30 15.55 15.79 16.22 16.37 16.62 18.35 19.18 19.81 18.16 17.49 17.93 18.28 18.25 18.99 18.46 18.62 18.62 19.00 18.97 18.54 19.06 19.45 19.39 19.24 19.04 18.99 18.72 19.15 19.39 19.70 20.36 19.96 19.95 20.35 20.32 20.44 20.37 21.14 21.21 21.23 21.19 21.34 21.19 20.57 21.05 20.91 20.71 21.05 21.30 21.35 21.43 21.75 21.47 21.75
