main/data/irradiance/04.10.2023.grid
ncols 839
nrows 679
xllcenter 112.0500
yllcenter -43.9500
cellsize 0.0500
nodata_value 99999.90
[rows 204 to 237 of 679, columns 539 to 615 of 839]
24.68 24.80 24.98 24.71 24.59 24.24 24.58 24.55 24.84 24.93 24.84 24.98 24.90 25.00 25.10 24.92 25.00 24.73 24.98 25.45 25.45 25.41 25.18 25.44 25.36 25.51 25.85 25.90 25.77 25.39 25.22 25.46 25.48 25.84 25.81 25.98 25.75 25.49 25.62 25.65 25.45 25.59 25.67 25.73 25.75 25.68 25.84 26.04 25.99 25.83 25.64 25.45 25.44 24.90 24.30 24.55 24.51 23.68 24.08 23.58 23.26 24.02 24.10 23.61 23.61 23.49 23.96 23.91 23.01 23.86 23.44 23.59 24.08 23.28 23.64 24.19 24.98
24.57 24.78 24.82 25.06 24.98 24.17 24.55 24.75 24.91 25.09 24.87 25.01 25.01 25.02 24.94 24.88 24.87 25.06 25.06 25.35 25.21 25.13 25.02 25.57 25.06 25.22 25.78 25.86 25.61 25.57 25.30 25.30 25.78 25.86 25.81 25.91 25.82 25.70 25.71 25.48 25.56 25.57 25.73 25.88 25.65 25.90 25.80 25.94 26.03 26.20 26.08 25.89 25.54 24.90 24.97 24.81 24.52 24.30 24.04 24.13 24.06 23.65 24.39 23.04 24.30 23.64 23.75 23.72 23.50 24.08 24.35 24.45 24.24 23.63 23.66 23.55 23.85
24.60 24.31 24.60 24.88 24.83 24.56 24.38 24.73 24.44 24.92 24.99 24.95 25.08 25.54 25.44 25.05 24.95 25.08 25.26 25.45 25.31 25.23 24.65 25.28 25.14 24.98 25.64 25.74 25.59 25.31 25.48 25.36 25.66 25.73 26.16 26.17 25.56 25.59 25.54 25.56 25.87 25.75 25.62 25.62 25.60 25.74 25.95 25.94 26.05 25.98 26.05 26.00 25.88 25.91 25.75 25.37 25.25 25.15 25.07 25.03 24.53 24.57 24.26 24.26 24.58 23.37 24.13 22.91 24.03 23.71 23.88 23.37 24.24 24.08 23.84 24.38 23.98
24.85 24.76 24.82 24.86 24.76 24.70 24.63 24.69 24.50 24.62 25.00 25.26 25.44 25.49 25.50 25.43 25.37 25.27 25.21 25.61 25.45 25.43 25.23 25.01 24.93 25.01 25.38 25.70 25.88 25.62 24.96 25.32 25.26 25.62 26.15 26.20 26.04 25.56 25.60 25.56 25.82 25.51 25.65 25.44 25.50 25.64 25.79 25.83 25.74 25.76 26.06 26.18 26.14 26.01 25.85 25.90 25.44 25.27 25.19 25.35 25.18 25.30 24.86 24.61 24.73 24.76 24.00 24.70 24.11 23.68 23.76 23.88 24.20 24.71 24.02 23.57 23.66
24.99 25.00 24.73 24.70 25.15 25.16 24.70 25.19 24.56 24.50 24.94 25.02 25.18 25.30 25.55 25.40 25.37 25.38 25.12 25.66 25.50 25.38 25.06 25.03 25.03 25.20 25.10 25.39 25.69 25.77 25.56 25.40 24.68 25.51 26.08 26.09 26.16 25.76 25.51 25.74 25.68 25.85 25.68 25.41 25.54 25.60 25.93 26.02 25.74 25.92 26.20 26.27 26.36 25.94 25.74 25.85 25.66 25.36 25.45 24.97 25.11 25.30 24.95 25.52 24.95 24.73 24.57 23.90 25.23 24.47 24.36 23.89 24.02 24.02 24.74 24.50 23.55
25.27 24.96 25.03 24.87 25.05 25.09 24.93 25.46 25.26 24.65 24.70 24.55 25.14 25.39 25.50 25.42 25.37 25.40 25.34 25.48 25.51 25.34 25.51 24.79 25.10 25.47 25.16 25.21 25.49 25.51 25.59 25.27 24.90 25.10 26.10 26.13 26.05 25.68 25.74 25.76 25.90 25.93 25.77 25.76 25.69 25.47 26.09 26.08 25.90 25.75 26.16 26.33 26.30 25.89 25.87 26.02 25.93 25.70 25.65 25.17 25.00 25.51 25.28 25.25 25.12 25.02 24.93 24.74 24.54 25.03 24.26 23.83 23.99 23.21 24.56 25.01 24.29
25.36 24.91 25.22 25.55 25.77 25.62 25.33 25.47 25.43 25.15 24.71 24.65 24.75 25.05 25.35 25.50 25.30 25.22 25.30 25.34 25.35 25.33 25.39 25.26 25.21 25.51 25.61 25.53 25.49 25.41 25.52 25.70 25.56 25.16 25.40 25.94 25.89 25.86 25.80 25.96 25.89 26.02 25.90 25.83 25.62 25.57 25.84 25.97 25.99 25.87 25.89 26.18 26.10 25.96 26.02 26.19 26.07 25.50 25.51 25.55 25.13 25.71 25.34 25.42 25.33 25.18 25.15 25.53 24.39 24.44 24.31 24.49 24.44 24.11 24.50 24.29 23.95
25.13 24.94 24.99 25.29 25.61 25.59 25.66 25.60 25.37 25.24 25.16 24.33 24.72 25.14 25.38 25.53 25.43 25.38 25.29 24.97 25.11 25.03 25.40 25.33 25.47 25.45 25.41 25.64 25.57 25.45 25.47 25.48 25.71 25.61 25.53 25.92 25.96 25.95 25.90 25.77 25.91 25.92 25.85 25.95 25.72 25.67 25.72 25.62 25.94 26.09 25.90 26.00 25.85 25.89 25.87 26.08 26.14 25.71 25.63 25.78 25.84 25.47 25.71 25.40 25.71 25.61 25.41 25.30 25.32 24.75 24.84 24.99 24.59 24.16 24.20 24.01 24.21
25.16 25.15 24.87 25.03 25.28 25.38 25.73 25.70 25.51 25.38 25.17 25.14 25.08 25.08 25.21 25.25 25.44 25.50 25.58 25.29 25.18 25.22 25.32 25.36 25.61 25.53 25.42 25.45 25.52 25.61 25.62 25.35 25.16 25.58 25.55 25.93 25.87 25.78 25.84 25.83 25.89 25.94 25.95 25.99 25.84 25.74 25.78 25.69 26.09 26.01 25.72 25.70 25.68 25.64 25.63 25.86 26.05 25.94 25.92 25.89 25.85 25.95 25.81 25.58 25.74 25.92 25.82 25.69 25.73 25.51 24.98 24.89 25.01 24.62 23.50 24.51 24.40
25.08 25.01 25.03 25.21 25.45 25.63 25.79 25.75 25.67 25.95 25.50 25.36 25.26 25.11 25.10 25.18 25.38 25.40 25.50 25.43 25.43 25.34 25.11 25.29 25.44 25.50 25.41 25.40 25.58 25.56 25.60 25.45 25.17 25.17 25.90 26.16 25.90 25.84 25.91 25.94 25.95 25.97 26.05 26.07 25.78 25.66 25.87 26.09 26.15 26.16 25.94 25.64 25.61 25.76 25.91 26.14 25.98 26.19 26.11 25.99 25.82 25.96 26.00 25.75 25.68 25.83 25.70 25.61 25.59 25.51 25.45 25.10 25.42 25.32 24.84 23.89 24.44
24.97 25.07 25.03 25.24 25.50 25.94 25.68 25.81 25.85 26.41 25.59 25.24 25.06 25.03 24.98 25.02 25.27 25.53 25.31 25.41 25.40 25.54 25.20 25.30 25.39 25.50 25.57 25.53 25.47 25.32 25.56 25.64 25.61 25.14 25.53 25.97 25.81 25.83 25.92 25.76 25.93 25.97 26.14 26.03 25.80 25.65 25.83 26.11 25.98 25.98 25.89 25.63 25.58 25.51 25.86 25.96 25.89 25.92 26.13 25.86 25.91 26.06 26.08 26.03 26.02 25.70 25.45 25.69 25.47 25.35 25.24 25.02 24.62 25.23 25.28 23.95 24.83
24.96 25.09 25.50 25.37 25.50 25.79 25.70 25.75 25.82 26.09 25.54 25.46 25.26 25.18 25.03 25.12 25.01 25.47 25.54 25.38 25.35 25.49 25.43 25.48 25.53 25.55 25.56 25.64 25.50 25.29 25.54 25.75 25.51 25.46 25.26 25.61 25.83 25.98 25.94 25.74 25.72 25.97 26.03 26.04 25.88 25.75 25.83 25.88 25.90 25.92 26.01 25.85 25.74 25.62 25.45 25.76 25.89 25.85 25.79 25.89 25.93 25.87 26.18 26.30 26.12 26.09 25.53 24.95 25.76 25.06 25.26 25.67 25.54 24.60 25.07 24.31 24.76
25.13 24.99 25.23 25.42 25.25 25.46 25.54 25.50 25.42 25.60 25.61 25.51 25.36 25.33 25.22 25.11 25.12 25.33 25.35 25.35 25.30 25.24 25.33 25.40 25.46 25.48 25.33 25.51 25.56 25.48 25.77 25.58 25.67 25.52 25.84 25.74 25.87 25.87 25.88 25.78 25.67 25.76 25.88 26.10 25.99 25.74 25.49 25.74 25.87 25.86 25.82 25.93 26.05 25.40 25.35 25.40 25.74 25.81 25.78 25.94 26.10 26.17 26.29 26.06 26.02 26.10 26.02 25.77 25.56 25.07 25.28 25.26 25.74 25.44 24.84 25.16 24.96
25.04 24.88 24.95 25.09 25.24 25.45 25.53 25.62 25.45 25.55 25.62 25.70 25.53 25.72 25.54 25.52 25.41 25.34 25.41 25.40 25.29 25.36 25.41 25.30 25.40 25.51 25.29 25.47 25.49 25.73 25.63 25.61 25.51 25.65 25.84 25.70 25.64 25.77 25.80 25.84 25.70 25.71 25.79 25.94 25.94 25.71 25.59 25.74 25.95 25.76 25.83 26.14 26.07 25.61 25.60 25.29 25.36 25.89 26.04 25.98 26.03 26.24 26.33 26.02 25.97 25.77 26.03 25.73 25.53 25.32 25.18 25.27 25.11 25.17 25.16 25.19 24.14
24.78 24.90 24.96 25.15 25.28 25.68 25.76 25.58 25.37 25.35 25.20 25.43 25.41 25.65 25.64 25.51 25.49 25.32 25.48 25.28 25.24 25.43 25.34 25.40 25.43 25.24 25.48 25.50 25.47 25.44 25.52 25.60 25.51 25.57 25.70 25.53 25.50 25.64 25.74 25.75 25.72 25.85 25.74 25.68 25.87 25.68 25.86 25.95 25.83 25.78 25.65 25.99 26.04 25.84 25.66 25.40 25.19 25.95 26.15 26.07 25.97 26.07 26.20 26.28 25.88 25.80 25.88 25.51 25.31 25.97 25.68 25.40 24.23 24.96 24.57 24.82 24.68
24.95 25.07 25.06 25.25 25.31 25.78 25.67 25.68 25.40 25.19 25.09 24.94 25.23 25.39 25.47 25.43 25.51 25.14 24.99 24.93 25.13 25.30 25.25 25.00 25.45 25.25 25.37 25.67 25.49 25.25 25.57 25.52 25.36 25.76 25.71 25.32 25.71 25.69 25.63 25.71 25.75 25.90 25.82 25.65 25.76 25.66 25.76 26.07 25.86 25.80 25.78 25.76 25.97 25.98 25.73 25.59 25.29 25.80 26.17 26.08 26.12 26.25 26.35 26.22 26.11 26.03 25.85 25.73 25.67 25.78 25.79 25.22 24.87 24.71 25.12 24.68 24.77
24.97 24.92 25.04 25.11 25.10 25.36 25.29 25.32 25.32 25.24 25.01 24.87 24.90 24.91 25.20 25.17 25.28 25.15 25.00 24.94 24.89 25.03 24.94 24.71 24.95 25.01 25.34 25.27 25.28 25.39 25.53 25.66 25.41 25.48 25.62 25.40 25.68 25.70 25.77 25.68 25.72 25.79 25.81 25.67 25.77 25.82 25.84 25.87 25.83 25.78 26.06 25.87 25.89 25.90 25.69 25.66 25.58 25.81 25.93 25.84 26.19 26.37 26.40 26.24 26.31 26.03 26.06 25.88 25.34 25.33 25.35 25.38 25.00 24.55 24.78 24.86 24.42
24.86 24.92 25.16 25.21 25.15 25.22 25.32 25.31 25.28 25.40 25.41 25.08 25.02 25.27 24.97 25.10 24.82 24.92 25.42 25.42 24.60 24.63 25.07 24.99 24.72 24.75 24.96 25.33 25.21 25.00 25.42 25.45 25.39 25.52 25.74 25.61 25.69 25.70 25.69 25.72 25.78 25.69 25.56 25.77 25.95 25.94 25.83 25.71 25.77 25.67 25.95 25.79 25.83 25.73 25.87 25.81 25.64 25.84 25.83 25.97 26.34 26.35 26.35 26.29 26.28 26.12 26.01 25.81 25.76 25.50 25.52 25.64 25.67 25.28 25.06 25.02 24.95
25.47 25.34 25.28 25.28 25.43 25.33 25.17 25.31 25.46 25.43 25.51 25.16 24.97 25.00 25.16 25.37 25.35 25.43 25.41 25.38 25.03 24.99 25.01 25.12 25.11 25.06 25.00 25.32 25.53 25.40 25.20 25.27 25.58 25.91 25.75 25.51 25.73 25.64 25.61 25.74 25.75 25.60 25.70 25.81 25.79 25.96 25.68 26.02 25.81 25.67 25.93 25.86 25.84 25.84 25.97 25.92 25.88 25.93 25.90 25.91 26.26 26.25 26.32 26.22 26.09 26.09 26.08 25.86 25.97 25.66 25.70 25.80 25.74 25.70 25.74 25.25 25.26
25.54 25.54 25.44 25.45 25.51 25.45 25.43 25.57 25.62 25.47 25.49 25.23 24.94 24.82 24.93 25.06 25.22 25.44 25.30 25.37 25.44 25.43 25.44 25.36 25.33 25.41 25.23 25.12 25.31 25.47 25.60 25.36 25.46 25.85 25.69 25.47 25.71 25.49 25.55 25.67 25.81 25.80 25.73 25.50 25.64 25.66 25.72 25.85 25.82 25.52 25.72 25.94 26.02 25.89 25.83 25.70 25.90 25.89 25.76 25.65 25.92 26.09 26.10 26.05 25.81 25.74 25.98 25.89 25.78 25.77 25.77 25.92 25.87 25.67 25.68 25.92 25.35
25.70 25.62 25.42 25.26 25.32 25.18 25.35 25.49 25.72 25.65 25.52 25.39 25.26 25.15 25.08 25.09 25.06 25.36 25.40 25.49 25.52 25.53 25.68 25.71 25.56 25.48 25.46 25.32 25.16 25.28 25.54 25.38 25.38 25.79 25.53 25.53 25.80 25.33 25.59 25.67 25.69 25.79 25.77 25.70 25.42 25.55 25.62 25.70 25.66 25.70 25.72 25.84 25.97 25.94 25.92 25.57 25.60 25.85 25.76 25.55 26.03 26.17 26.11 26.10 25.92 25.64 25.63 26.12 26.08 25.76 25.82 25.91 25.91 25.92 25.55 25.51 25.41
25.79 25.56 25.43 25.20 25.21 25.22 25.32 25.48 25.59 25.51 25.49 25.28 25.03 25.02 25.04 25.19 25.24 25.52 25.49 25.47 25.46 25.54 25.73 25.69 25.65 25.48 25.67 25.59 25.59 25.46 25.50 25.40 25.43 25.26 25.03 25.04 25.72 25.53 25.49 25.53 25.67 25.73 25.77 25.82 25.75 25.53 25.68 25.75 25.62 25.69 25.76 25.85 25.97 25.86 25.86 25.59 25.46 25.60 25.76 25.66 25.66 26.01 26.08 26.02 25.97 25.75 25.77 25.86 25.76 25.66 25.77 26.08 26.03 25.88 25.52 25.37 25.57
25.71 25.68 25.46 25.48 25.57 25.53 25.67 25.76 25.70 25.44 25.43 25.34 25.34 25.24 25.28 25.20 25.35 25.57 25.55 25.56 25.51 25.57 25.67 25.64 25.70 25.63 25.64 25.70 25.66 25.58 25.50 25.51 25.44 25.19 25.23 24.94 25.38 25.55 25.48 25.32 25.62 25.80 25.89 25.78 25.76 25.75 25.66 25.56 25.57 25.71 25.58 25.75 25.88 25.77 25.75 25.73 25.51 25.49 25.72 25.70 25.79 25.86 26.04 26.09 26.03 25.87 25.70 25.51 25.62 25.59 25.90 25.94 25.94 25.86 25.74 25.53 25.60
25.83 25.76 25.65 25.69 25.66 25.64 25.71 25.77 25.68 25.67 25.69 25.49 25.42 25.41 25.40 25.46 25.46 25.52 25.66 25.65 25.64 25.54 25.72 25.62 25.63 25.70 25.67 25.70 25.76 25.65 25.58 25.73 25.79 25.84 25.66 25.51 25.08 25.30 25.47 25.20 25.70 25.83 25.71 25.69 25.77 25.88 25.89 25.88 25.90 25.71 25.62 25.61 25.92 25.62 25.65 25.87 25.90 25.60 25.71 25.57 25.46 25.66 25.79 25.83 25.83 25.72 25.52 25.51 25.63 25.78 25.84 25.92 25.80 25.97 25.87 25.66 25.61
25.86 25.78 25.68 25.77 25.78 25.75 25.74 25.77 25.77 25.74 25.76 25.67 25.45 25.45 25.49 25.45 25.51 25.58 25.61 25.77 25.83 25.66 25.57 25.56 25.52 25.63 25.68 25.83 25.72 25.65 25.69 25.74 25.91 25.84 25.68 25.64 25.41 25.36 25.40 25.26 25.02 25.33 25.55 25.54 25.77 25.97 25.75 25.96 25.93 25.82 25.80 25.46 25.76 25.61 25.39 25.54 25.75 25.48 25.63 25.64 25.27 25.52 25.64 25.54 25.63 25.29 25.85 25.79 25.76 25.74 25.71 25.92 25.89 25.99 26.02 25.58 25.61
25.85 25.88 25.91 25.95 25.84 25.90 25.77 25.82 25.71 25.70 25.62 25.49 25.52 25.57 25.61 25.52 25.59 25.66 25.62 25.64 25.69 25.77 25.63 25.52 25.58 25.65 25.69 25.90 25.69 25.68 25.79 25.84 25.78 25.89 25.75 25.78 25.51 25.43 25.55 25.38 25.00 25.06 25.43 25.59 25.64 25.65 25.65 25.78 25.73 25.86 25.68 25.56 25.70 25.94 25.57 25.54 25.75 25.54 25.47 25.49 25.31 25.51 25.97 25.59 25.57 25.25 25.70 25.73 25.77 25.90 25.75 25.81 25.80 25.93 25.81 25.74 25.43
26.07 26.04 26.12 26.04 25.84 25.89 25.79 25.81 25.74 25.63 25.70 25.76 25.69 25.76 25.69 25.59 25.66 25.67 25.69 25.69 25.63 25.62 25.61 25.50 25.59 25.62 25.69 25.86 25.79 25.85 25.84 25.82 25.91 25.93 25.73 25.65 25.81 25.87 25.73 25.55 25.31 25.28 25.20 25.39 25.63 25.47 25.47 25.76 25.86 26.00 25.75 25.71 25.71 25.78 25.72 25.86 25.76 25.72 25.44 25.56 25.60 25.66 25.68 25.67 25.65 25.70 25.51 25.44 25.73 25.84 25.73 25.73 25.92 25.87 25.85 25.75 25.61
26.15 26.12 26.09 26.07 26.03 25.91 25.84 25.80 25.79 25.74 25.77 25.81 25.66 25.75 25.66 25.69 25.55 25.53 25.57 25.75 25.50 25.50 25.46 25.70 25.79 25.57 25.70 25.75 25.84 25.74 25.82 25.86 25.97 25.85 25.75 25.71 25.77 25.78 25.68 25.75 25.60 25.60 25.30 25.20 25.47 25.48 25.12 25.33 25.37 25.72 25.82 25.86 25.82 25.74 25.64 25.54 25.53 25.52 25.53 25.53 25.66 25.55 25.58 25.84 25.71 25.73 25.65 25.53 25.56 25.63 25.64 25.74 25.87 25.85 25.91 25.80 25.67
26.24 26.18 26.14 26.09 25.94 25.86 25.86 25.87 25.87 25.86 25.89 25.80 25.69 25.64 25.73 25.72 25.68 25.53 25.55 25.60 25.39 25.44 25.49 25.76 25.85 25.61 25.72 25.76 25.73 25.79 25.76 25.79 26.10 26.07 25.72 25.73 25.70 25.78 25.64 25.79 25.72 25.74 25.76 25.72 25.76 25.53 25.39 25.41 25.16 25.22 25.60 25.69 25.86 25.74 25.57 25.75 25.68 25.79 25.70 25.52 25.69 25.63 25.59 25.47 25.64 25.86 25.85 25.80 25.54 25.76 25.59 25.76 25.85 25.80 25.73 25.74 25.67
26.21 26.17 26.02 26.00 25.98 25.90 25.91 25.91 25.90 25.87 25.83 25.76 25.66 25.72 25.70 25.76 25.73 25.45 25.60 25.53 25.35 25.44 25.40 25.55 25.73 25.76 25.73 25.78 25.69 25.82 25.73 25.63 26.02 26.06 25.74 25.74 25.73 25.70 25.72 25.82 25.79 25.77 25.77 25.77 25.75 25.77 25.55 25.75 25.59 25.14 25.07 25.53 25.72 25.63 25.56 25.65 25.72 25.80 25.62 25.69 25.64 25.54 25.53 25.72 25.57 25.67 25.77 25.71 25.53 25.54 25.57 25.64 25.72 25.89 25.89 25.76 25.66
26.19 26.06 26.01 25.94 25.97 25.95 25.98 25.96 25.90 25.86 25.91 25.83 25.75 25.65 25.75 25.81 25.81 25.55 25.61 25.75 25.48 25.24 25.32 25.52 25.64 25.80 25.63 25.74 25.88 25.81 25.75 25.77 25.79 25.80 25.75 25.79 25.76 25.70 25.71 25.91 25.82 25.72 25.79 25.86 25.84 25.82 25.86 25.72 25.78 25.57 25.50 25.47 25.71 25.64 25.58 25.64 25.67 25.72 25.48 25.71 25.54 25.41 25.48 25.61 25.72 25.61 25.56 25.64 25.68 25.74 25.67 25.65 25.86 25.93 26.00 26.01 25.82
26.06 26.04 25.98 25.98 25.95 25.98 25.95 26.01 25.95 25.89 25.88 25.86 25.87 25.74 25.73 25.80 25.86 25.75 25.69 25.74 25.54 25.21 25.28 25.46 25.66 25.69 25.65 25.72 25.94 25.80 25.86 25.84 25.83 25.79 25.87 25.58 25.75 25.76 25.82 26.05 26.01 25.78 25.79 25.90 25.77 25.80 25.78 25.72 25.77 25.76 25.75 25.74 25.72 25.61 25.61 25.72 25.73 25.73 25.66 25.69 25.47 25.43 25.70 25.77 25.86 25.86 25.63 25.76 25.85 25.93 25.75 25.74 25.86 25.81 25.90 25.93 25.94
26.00 25.97 25.97 26.04 26.04 26.04 25.97 25.94 25.94 25.91 25.89 25.87 25.78 25.71 25.69 25.80 25.83 25.84 25.66 25.66 25.53 25.44 25.58 25.55 25.74 25.58 25.63 25.74 25.67 25.77 25.89 25.69 25.80 25.73 25.87 25.75 25.59 25.69 25.87 25.94 25.85 25.88 25.80 25.87 25.82 25.74 25.75 25.76 25.70 25.83 25.71 25.69 25.66 25.73 25.73 25.85 25.71 25.76 25.66 25.73 25.59 25.56 25.83 25.66 25.67 25.69 25.67 25.63 26.06 25.77 25.86 25.85 25.86 25.76 25.65 25.77 25.80
26.05 25.95 25.94 26.04 26.00 26.03 25.94 25.96 25.93 25.92 25.97 25.86 25.86 25.79 25.69 25.64 25.71 25.88 25.88 25.94 25.51 25.39 25.47 25.40 25.47 25.64 25.72 25.66 25.67 25.72 25.78 25.65 25.79 25.74 25.71 25.83 25.90 25.72 25.84 25.97 25.88 25.80 25.74 25.88 25.81 25.75 25.69 25.81 25.72 25.81 25.66 25.69 25.72 25.74 25.77 25.77 25.68 25.69 25.74 25.73 25.67 25.72 25.77 25.69 25.59 25.60 25.68 25.52 25.70 25.85 25.79 25.75 25.94 25.83 25.72 25.73 25.89
