main/data/irradiance/04.11.2023.grid
ncols 839
nrows 679
xllcenter 112.0500
yllcenter -43.9500
cellsize 0.0500
nodata_value 99999.90
[rows 340 to 373 of 679, columns 231 to 307 of 839]
25.83 26.15 25.92 25.89 25.87 25.96 25.68 25.25 26.00 27.04 27.20 26.91 26.87 27.03 27.09 27.29 27.22 26.94 26.85 26.75 27.15 25.89 26.63 27.62 27.82 28.07 27.55 27.55 27.32 27.02 27.14 27.21 27.57 27.50 26.99 27.08 27.40 27.41 27.10 26.89 27.22 27.14 26.66 26.77 27.36 27.15 27.58 27.48 27.11 27.42 27.12 27.15 27.38 27.58 27.29 27.42 26.38 26.11 26.26 26.97 26.87 25.80 27.27 26.81 26.65 26.76 26.68 26.80 26.56 27.16 27.23 26.22 26.55 26.22 25.81 25.78 25.23
25.20 25.74 25.71 26.36 26.64 26.51 26.12 25.80 26.59 26.85 26.84 27.21 27.28 27.66 27.52 27.44 26.85 26.91 26.68 26.81 26.56 26.30 26.71 27.38 27.24 27.54 27.26 27.52 26.97 26.57 27.23 27.45 27.56 27.11 27.03 27.16 27.25 26.37 26.82 27.40 26.89 27.16 27.41 27.39 27.05 26.98 27.51 27.42 26.93 27.21 27.06 27.35 27.97 27.63 27.45 27.31 26.68 26.52 26.29 26.85 26.19 26.02 27.43 26.87 26.64 27.24 26.81 26.59 26.33 27.41 27.20 26.77 26.39 26.34 25.98 26.61 26.07
25.28 25.81 25.62 25.97 25.99 26.41 26.05 26.37 26.66 26.72 27.04 27.46 27.87 27.51 27.67 27.16 27.10 27.04 26.71 26.25 26.21 26.05 25.82 26.24 26.48 26.68 26.91 26.85 26.26 26.54 26.86 27.25 27.57 27.37 27.25 27.01 26.65 26.21 26.92 27.05 27.18 28.10 27.73 27.07 26.67 26.56 27.35 27.06 26.74 27.01 26.75 27.26 27.35 27.19 27.60 26.95 27.19 26.75 25.90 26.16 26.00 26.28 27.28 27.04 26.89 27.32 27.40 26.17 26.10 26.76 27.01 27.57 26.24 26.29 26.59 27.62 26.67
25.61 25.81 25.73 26.41 26.39 26.84 26.91 26.48 26.41 27.07 27.17 27.45 27.29 27.64 27.69 27.38 27.55 27.33 26.83 26.69 27.21 27.10 26.10 25.64 26.35 26.46 26.91 26.96 26.59 26.66 27.15 27.33 27.53 27.51 27.55 27.24 26.23 25.56 25.73 26.92 27.82 27.74 27.29 26.46 26.53 26.56 26.89 26.28 26.74 27.19 27.14 26.92 26.80 27.32 26.67 27.38 27.33 26.75 25.93 26.11 25.64 26.59 27.06 26.93 27.13 27.48 27.70 26.50 25.81 27.09 26.78 26.78 26.72 26.46 26.57 27.50 26.84
26.09 26.27 26.13 26.61 26.48 27.09 27.21 27.02 26.44 27.21 27.05 26.84 26.71 27.53 27.31 27.15 27.73 27.48 27.23 27.09 27.64 27.93 27.04 26.30 26.82 27.05 27.39 27.42 27.67 27.27 27.80 27.74 27.51 27.72 27.87 27.04 25.99 26.21 26.20 27.10 27.71 27.02 27.12 26.95 26.78 26.44 26.02 26.43 27.28 27.12 26.92 26.76 26.96 27.78 26.40 26.28 27.61 27.42 26.87 26.14 26.47 27.13 27.23 27.09 27.30 28.03 28.10 27.56 26.45 27.42 27.04 26.64 26.84 26.27 26.22 26.89 27.26
26.39 26.43 26.77 26.80 26.63 27.17 26.18 26.40 26.55 26.90 27.28 26.72 26.98 26.97 27.05 27.17 27.05 27.10 27.64 27.25 27.72 27.40 26.63 26.97 27.50 27.84 28.11 27.60 27.60 26.93 27.70 27.42 27.45 27.76 27.84 27.15 25.76 25.91 26.45 27.50 27.76 26.97 26.90 27.27 26.98 26.58 25.81 26.40 27.49 27.13 26.70 27.02 27.08 26.75 26.25 26.34 27.02 26.54 25.81 26.02 26.72 27.54 27.16 27.40 27.49 27.51 27.72 27.22 27.33 27.45 27.02 26.96 26.64 26.32 26.31 26.72 27.38
26.90 26.52 26.56 26.87 26.98 27.14 27.15 27.11 27.06 27.04 27.55 27.77 27.57 27.55 27.53 27.30 27.21 27.13 27.21 27.38 27.53 27.22 27.06 27.10 26.95 28.21 27.95 28.12 28.10 27.49 27.02 26.48 27.26 27.48 27.37 26.84 26.21 26.86 27.07 27.29 27.24 26.79 27.00 27.10 26.77 26.60 26.84 26.61 27.27 26.94 26.54 27.32 27.58 26.56 26.31 25.77 25.95 26.14 26.52 26.67 26.44 26.47 26.94 27.19 27.55 27.69 27.89 27.35 27.40 27.08 26.86 26.43 26.22 25.77 26.36 26.79 27.23
27.36 26.30 26.43 26.50 26.83 27.31 27.23 27.81 27.22 26.99 26.85 27.25 27.31 27.09 28.16 27.26 27.36 26.72 27.46 27.32 27.62 26.91 26.84 27.21 27.14 27.88 28.06 27.89 28.20 28.25 27.29 26.27 26.97 27.37 26.98 26.85 25.83 26.64 27.02 26.94 26.86 27.06 27.10 27.27 26.67 26.59 26.80 26.77 26.25 26.39 26.39 26.76 27.04 26.63 26.33 26.23 25.07 25.33 26.75 26.48 26.19 26.09 26.91 26.87 26.66 26.91 27.10 27.65 26.94 26.06 25.55 25.11 25.15 26.15 26.70 26.27 26.73
27.73 27.14 26.91 26.67 26.54 26.96 27.45 27.84 27.50 27.54 27.41 27.51 27.54 27.51 28.12 27.52 27.24 27.14 26.84 27.33 27.75 27.21 26.63 27.94 28.12 27.56 27.52 27.65 27.37 27.84 27.25 27.00 27.71 27.53 27.29 27.07 26.16 26.23 27.63 27.40 27.01 27.58 27.33 27.66 27.17 26.93 27.15 26.62 26.42 25.58 25.77 26.27 25.95 26.25 26.52 26.08 25.04 26.17 26.26 25.84 26.27 25.98 26.57 26.56 26.39 26.61 26.47 26.77 26.73 25.20 24.80 24.72 24.90 25.16 25.75 25.43 25.57
27.11 27.15 27.23 27.03 27.02 26.84 27.06 27.79 27.49 27.51 27.43 27.89 28.39 28.01 27.75 27.56 27.43 27.60 26.69 26.96 27.38 27.62 26.91 27.52 27.79 28.04 27.08 27.77 28.02 27.86 27.87 28.05 27.95 27.83 27.99 27.04 26.41 26.49 27.11 27.39 27.06 27.83 27.16 27.25 27.29 27.38 26.93 26.95 27.03 26.38 25.83 25.58 25.48 26.60 26.31 25.42 25.32 25.86 25.68 25.86 25.89 25.30 26.10 26.37 26.73 26.52 26.36 26.50 26.63 25.67 25.49 25.20 25.33 25.15 25.52 24.88 25.84
26.95 27.31 27.32 27.59 27.15 27.49 27.74 27.66 27.73 27.56 26.99 27.67 28.08 27.89 27.52 27.43 27.85 27.25 27.23 26.98 27.51 27.56 27.56 26.95 27.60 27.92 27.47 27.91 28.24 27.89 27.88 27.71 27.42 27.21 27.21 26.61 26.36 26.90 26.62 26.26 26.47 27.17 27.18 26.74 27.38 27.17 27.23 27.34 27.12 27.06 26.26 25.24 25.22 26.99 26.69 25.95 25.86 25.68 25.77 25.87 26.09 26.33 26.75 27.07 26.95 26.31 26.26 26.05 26.37 26.24 26.56 26.27 24.82 24.57 24.77 25.02 26.85
27.65 27.31 27.44 27.48 27.43 27.24 27.46 27.62 28.16 28.69 27.88 28.13 28.36 28.09 27.39 27.56 27.68 27.66 27.55 27.52 27.76 27.67 27.30 26.91 27.13 27.63 27.34 27.70 27.77 28.16 28.45 28.28 28.11 27.81 27.45 27.66 27.51 27.70 27.13 26.07 26.43 26.71 26.93 26.94 27.62 27.22 27.58 27.66 27.45 27.03 26.66 26.00 25.56 26.65 26.56 25.76 26.15 26.93 26.59 26.82 26.06 26.25 26.88 27.08 26.73 26.58 25.97 25.86 26.76 26.24 26.08 25.99 24.78 25.04 25.51 25.95 27.15
27.67 27.44 27.28 27.66 27.52 27.45 27.33 27.73 28.18 28.30 28.05 28.30 28.36 28.04 28.01 27.57 27.10 26.98 27.80 27.67 27.62 27.66 27.46 27.45 27.05 27.24 26.86 27.43 27.97 27.74 28.17 28.46 28.46 27.85 27.63 27.19 27.28 27.68 27.53 27.15 26.67 26.59 27.03 27.42 27.69 28.19 28.44 28.31 27.92 27.46 26.91 25.96 26.00 26.27 26.52 26.10 26.39 26.73 27.06 26.85 26.56 26.61 26.85 26.66 26.85 27.13 26.24 25.97 26.59 26.83 26.74 26.08 25.97 26.33 26.45 26.33 26.73
27.38 27.87 27.68 27.31 26.98 27.29 27.97 28.24 28.22 28.14 27.43 27.31 28.22 28.12 27.99 27.96 27.28 27.54 27.60 27.38 27.65 27.42 27.87 27.60 27.60 27.46 27.24 27.64 27.31 27.81 28.00 27.89 28.22 28.07 28.33 27.85 27.50 28.10 27.94 27.92 27.50 27.24 27.25 27.28 27.29 28.34 28.45 27.77 27.73 27.93 27.28 26.77 26.72 26.08 25.99 26.55 26.86 27.27 27.04 27.17 26.94 27.63 27.62 27.34 27.06 27.45 27.17 26.57 26.95 26.90 26.52 25.89 26.07 26.30 26.97 27.01 26.98
27.27 27.54 27.66 27.54 27.45 27.49 28.07 28.11 27.84 28.16 28.06 27.38 27.85 27.94 28.09 28.25 27.65 27.64 27.82 27.44 27.47 27.45 27.23 27.76 27.82 27.83 27.42 27.71 27.66 27.52 27.66 27.64 28.27 28.52 28.67 28.48 28.09 27.78 27.94 28.43 28.36 27.74 27.29 26.87 27.33 28.01 27.39 27.35 27.24 27.71 27.08 27.14 26.77 26.67 27.40 27.27 27.19 27.13 27.07 26.45 26.76 27.63 27.78 27.64 27.26 27.12 27.57 26.59 26.77 26.96 26.48 26.73 26.23 25.78 26.59 27.26 27.78
26.24 26.83 27.03 27.73 27.52 27.76 28.12 27.82 27.55 27.51 27.67 27.69 27.84 28.02 27.94 28.11 28.32 28.16 27.97 28.10 28.13 27.82 27.54 27.60 27.66 27.77 27.44 27.22 27.56 27.84 28.07 28.13 28.31 28.32 28.23 28.46 28.34 28.14 28.01 28.41 28.20 27.58 27.11 27.30 27.49 28.08 27.99 27.46 26.88 27.68 27.62 27.83 27.51 27.08 27.49 27.47 27.46 27.66 27.95 26.95 26.80 27.53 28.24 28.19 28.13 27.62 27.52 26.68 26.49 27.31 27.22 27.14 26.99 26.23 26.10 26.80 27.59
25.90 25.83 26.55 27.36 27.63 27.38 27.61 27.72 27.42 27.47 27.44 27.33 27.28 27.65 27.57 27.65 27.88 27.99 27.75 27.95 28.50 28.26 27.98 28.15 28.20 28.33 27.82 27.32 27.24 27.48 27.74 27.89 28.18 28.34 28.06 28.05 28.07 28.18 27.79 28.19 28.29 27.53 27.31 27.42 27.39 28.46 28.54 27.87 28.01 27.99 27.87 28.05 27.75 27.56 27.53 27.53 27.31 27.85 28.29 27.83 27.37 27.66 27.99 27.93 28.07 27.93 27.48 26.85 25.98 26.70 27.54 26.67 26.66 25.88 25.96 26.29 26.89
26.45 26.24 26.23 26.81 27.34 27.02 27.03 27.24 27.52 27.72 27.71 27.14 26.70 26.97 27.14 27.70 27.72 27.79 27.78 28.02 28.24 28.26 28.08 28.24 28.42 28.62 27.83 27.54 27.36 27.50 27.78 27.93 28.17 28.41 28.26 28.08 28.25 28.57 28.21 28.06 28.36 28.40 28.23 27.80 27.92 28.39 28.63 28.18 28.01 28.03 27.53 27.75 27.07 27.16 27.43 27.71 27.05 27.36 27.73 28.10 27.45 27.21 27.83 27.70 27.92 27.78 27.57 27.23 26.17 26.03 27.33 26.29 25.95 25.84 25.89 26.34 26.46
26.77 26.83 26.63 26.73 27.29 27.47 27.05 26.95 27.23 27.57 27.43 27.32 27.68 27.66 27.17 27.40 27.74 28.25 28.14 28.12 28.09 28.04 28.13 28.19 28.13 28.60 28.39 28.01 27.85 27.71 27.81 28.06 28.17 28.36 28.40 28.40 28.03 28.10 28.35 28.17 28.01 28.05 28.15 28.42 28.22 28.52 28.75 28.49 28.35 27.77 27.20 27.67 27.48 27.57 27.41 27.43 27.36 28.05 27.52 27.80 27.16 26.88 27.59 27.54 27.90 28.21 27.84 27.59 26.80 26.80 27.58 27.57 27.24 26.90 26.72 27.10 26.92
26.78 27.02 27.18 27.38 27.65 27.58 27.16 27.06 27.52 27.22 27.01 27.72 28.00 27.97 28.00 28.27 27.67 27.95 28.34 28.14 28.25 28.49 27.88 28.13 28.21 28.24 28.24 28.21 28.06 27.90 27.84 27.77 28.00 28.23 28.20 28.08 27.87 28.17 28.26 28.45 28.14 28.50 28.08 28.07 28.27 28.40 28.60 28.44 28.33 28.06 27.72 27.65 28.02 27.83 28.03 27.87 27.55 27.91 27.68 27.58 26.97 27.33 27.64 27.92 27.86 27.49 27.79 27.65 27.48 27.28 27.45 28.31 28.29 27.86 27.30 27.29 27.30
26.43 26.57 26.84 27.41 27.60 27.56 27.74 27.58 27.50 27.80 28.01 27.72 27.71 27.44 27.28 28.10 28.29 28.30 28.34 28.61 28.55 28.60 28.11 28.01 28.15 28.17 27.98 28.14 28.34 27.92 27.82 27.89 28.07 28.28 27.91 28.02 27.93 28.24 28.17 28.33 28.59 28.36 28.06 27.86 28.02 28.14 27.88 27.67 27.94 28.23 28.41 28.60 28.50 28.26 28.31 28.35 28.12 27.66 27.59 27.53 27.31 27.95 27.75 27.89 28.22 28.04 27.91 27.99 27.99 27.70 27.60 28.34 28.44 28.19 27.61 27.42 27.53
26.36 26.76 26.95 26.92 27.30 27.58 27.97 27.86 28.07 27.96 28.16 27.86 27.71 28.02 27.88 27.92 28.08 28.01 27.99 28.40 28.80 28.79 28.51 28.43 28.24 28.09 28.09 28.12 28.11 27.59 27.71 27.69 28.29 28.29 27.75 28.14 28.41 28.49 28.38 28.13 28.12 28.41 28.48 28.60 28.47 28.19 27.48 27.39 27.86 28.12 28.20 28.58 28.34 28.30 27.92 28.27 28.45 27.95 27.55 27.81 27.74 28.17 27.86 28.03 28.52 28.52 28.49 28.30 27.96 27.87 27.86 28.35 28.42 28.14 27.72 27.36 27.35
26.35 26.85 27.43 26.98 26.68 27.14 27.62 27.77 27.96 27.63 27.96 27.48 27.61 27.90 27.98 28.02 28.13 28.05 28.23 28.36 28.51 28.52 28.48 28.51 28.44 28.45 28.26 28.18 28.11 28.19 27.96 27.88 27.86 28.11 28.30 28.44 28.61 28.57 28.62 28.46 28.44 28.57 28.63 28.78 28.77 28.77 28.42 27.95 27.89 28.28 28.06 28.40 28.28 28.36 27.94 28.23 28.56 28.21 27.75 27.93 27.84 28.07 28.04 28.27 28.69 28.63 28.58 28.34 28.19 27.89 27.90 28.17 28.20 27.96 27.57 27.44 27.36
26.66 26.59 27.40 27.49 27.24 27.05 27.19 27.03 27.47 27.62 28.07 27.61 27.49 27.73 27.86 28.24 28.22 27.96 28.20 28.30 28.52 28.31 28.21 28.28 28.31 28.31 28.37 28.37 28.34 28.53 28.49 28.53 27.73 28.26 28.40 28.66 28.45 28.38 28.57 28.42 28.49 28.62 28.75 28.74 28.71 28.83 28.82 28.67 28.49 28.46 28.38 28.51 28.57 28.50 28.37 28.55 28.66 28.40 28.21 28.01 28.19 28.21 28.32 28.43 28.46 28.76 28.51 28.57 28.46 28.54 28.30 28.29 28.33 28.05 28.13 27.80 27.67
26.66 27.32 27.09 27.50 27.49 27.39 27.44 27.02 27.07 27.31 27.83 27.67 27.65 27.55 27.64 27.96 28.16 27.96 27.80 27.83 28.11 28.15 28.22 28.47 28.27 28.27 28.18 28.37 28.16 28.29 28.50 28.38 28.50 28.06 28.05 28.51 28.23 28.56 28.74 28.54 28.51 28.54 28.70 28.61 28.72 28.62 28.69 28.66 28.68 28.60 28.63 28.64 28.78 28.72 28.67 28.67 28.50 28.60 28.51 28.29 28.19 28.27 28.39 28.39 28.52 28.69 28.66 28.68 28.78 28.85 28.73 28.77 28.55 28.52 28.60 28.57 28.62
27.02 27.54 27.37 27.52 27.43 27.39 27.40 27.52 27.31 27.21 27.57 27.66 27.80 27.60 27.46 27.71 27.90 28.10 28.00 27.88 28.05 28.18 28.34 28.35 28.37 28.32 28.23 28.43 28.40 28.14 28.04 28.07 28.03 28.01 27.62 28.24 28.19 28.44 28.63 28.64 28.26 28.48 28.50 28.41 28.57 28.76 28.76 28.54 28.72 28.72 28.80 28.74 28.76 28.63 28.44 28.59 28.59 28.56 28.56 28.46 28.48 28.34 28.38 28.57 28.66 28.65 28.71 28.69 28.78 28.76 28.84 28.82 28.61 28.63 28.73 28.70 28.78
27.07 27.35 27.34 27.59 27.20 27.12 27.44 27.56 27.51 27.58 27.74 27.78 28.08 27.90 27.62 27.66 27.81 28.03 27.99 27.84 28.18 28.21 28.39 28.44 28.33 28.42 28.49 28.30 28.53 28.16 27.96 28.06 28.08 27.93 28.32 28.18 28.20 28.09 28.54 28.48 28.45 28.42 28.46 28.61 28.54 28.54 28.65 28.72 28.86 28.86 28.85 28.90 28.87 28.68 28.29 28.55 28.37 28.46 28.57 28.57 28.61 28.65 28.38 28.56 28.57 28.69 28.72 28.73 28.67 28.58 28.81 28.72 28.74 28.90 28.85 28.86 28.78
27.05 27.45 27.47 27.38 27.73 27.56 27.78 27.67 27.88 27.92 28.11 28.31 28.40 28.45 28.31 28.16 28.18 28.14 28.21 28.09 28.21 28.10 28.23 28.41 28.50 28.56 28.47 28.47 28.59 28.45 27.97 28.20 28.36 27.91 27.93 28.44 28.63 28.39 28.10 28.36 28.47 28.68 28.76 28.46 28.26 28.50 28.49 28.52 28.60 28.66 28.64 28.71 28.84 28.79 28.82 28.64 28.77 28.83 28.70 28.74 28.76 28.68 28.64 28.53 28.58 28.79 28.77 28.65 28.64 28.59 28.56 28.62 28.74 28.89 28.66 28.70 28.65
27.63 27.58 27.44 27.45 27.75 28.15 28.13 28.23 28.36 28.41 28.45 28.45 28.54 28.60 28.48 28.50 28.34 28.36 28.56 28.24 28.22 28.19 28.38 28.43 28.48 28.57 28.70 28.73 28.76 28.73 28.08 27.92 28.33 28.43 28.34 28.11 28.31 28.65 28.30 28.54 28.46 28.64 28.67 28.43 28.40 28.39 28.51 28.58 28.52 28.52 28.57 28.62 28.72 28.78 28.80 28.73 28.53 28.78 28.84 28.86 28.86 28.84 28.80 28.67 28.65 28.82 28.87 28.85 28.83 28.77 28.82 28.85 28.84 28.89 28.74 28.75 28.75
27.76 27.78 27.73 27.97 28.32 28.35 28.17 28.35 28.63 28.62 28.58 28.42 28.38 28.55 28.62 28.68 28.62 28.68 28.77 28.59 28.43 28.45 28.48 28.60 28.36 28.47 28.60 28.82 28.83 28.83 28.38 27.87 28.38 28.29 28.61 28.46 28.29 28.37 28.60 28.62 28.73 28.77 28.72 28.54 28.50 28.60 28.61 28.59 28.63 28.59 28.49 28.60 28.73 28.82 28.81 28.69 28.66 28.84 28.86 28.88 28.91 28.92 28.89 28.85 28.86 28.91 28.83 28.91 28.86 28.80 28.79 28.83 28.91 28.92 28.86 28.78 28.74
27.91 28.10 28.23 28.41 28.35 28.40 28.42 28.64 28.91 28.68 28.61 28.49 28.36 28.27 28.39 28.66 28.74 28.55 28.56 28.66 28.83 28.78 28.69 28.72 28.59 28.54 28.57 28.42 28.60 28.68 28.67 28.54 28.42 28.66 28.39 28.61 28.68 28.55 28.53 28.47 28.56 28.73 28.85 28.77 28.70 28.62 28.62 28.62 28.68 28.37 28.63 28.53 28.61 28.76 28.83 28.83 28.89 28.89 28.90 28.91 28.90 28.93 28.87 28.78 28.80 28.79 28.78 28.89 28.89 28.85 28.85 28.85 28.87 28.96 28.90 28.87 28.91
28.20 28.25 28.20 28.10 28.19 28.26 28.52 28.70 28.73 28.72 28.71 28.63 28.64 28.49 28.45 28.42 28.52 28.50 28.54 28.81 28.84 28.75 28.82 28.86 28.84 28.81 28.63 28.58 28.45 28.65 28.79 28.80 28.57 28.76 28.74 28.48 28.78 28.71 28.65 28.49 28.54 28.65 28.70 28.84 28.81 28.72 28.83 28.65 28.79 28.69 28.66 28.69 28.62 28.63 28.62 28.79 28.79 28.84 28.87 28.98 28.99 28.91 28.76 28.69 28.93 28.68 28.72 28.80 28.82 28.84 28.94 28.91 28.89 28.89 28.89 28.92 28.95
27.98 28.37 28.02 28.28 28.31 28.37 28.32 28.67 28.77 28.56 28.74 28.82 28.98 28.88 28.78 28.58 28.56 28.42 28.62 28.64 28.69 28.72 28.73 28.80 28.74 28.64 28.71 28.71 28.81 28.80 28.82 28.88 28.89 28.83 28.71 28.67 28.69 28.70 28.67 28.55 28.73 28.73 28.52 28.63 28.87 28.82 28.89 28.78 28.70 28.78 28.73 28.80 28.85 28.82 28.78 28.82 28.80 28.81 28.89 28.95 28.98 28.90 28.80 28.78 28.97 28.74 28.71 28.74 28.78 28.80 28.82 28.89 28.87 28.89 28.91 28.90 28.87
27.92 27.72 27.90 28.15 28.42 28.22 28.34 27.94 28.62 28.34 28.51 28.85 28.95 28.86 28.92 28.87 28.84 28.64 28.52 28.62 28.72 28.79 28.75 28.33 28.64 28.57 28.60 28.76 28.66 28.75 28.67 28.81 28.81 28.80 28.69 28.60 28.69 28.73 28.79 28.80 28.94 28.92 28.72 28.72 28.74 28.84 28.83 28.85 28.62 28.63 28.80 28.64 28.77 28.95 28.85 28.79 28.69 28.93 28.94 28.93 28.97 28.93 28.87 28.89 28.87 28.85 28.85 28.83 28.81 28.78 28.82 28.90 28.90 28.89 28.88 28.99 28.95
