main/data/irradiance/04.11.2023.grid
ncols 839
nrows 679
xllcenter 112.0500
yllcenter -43.9500
cellsize 0.0500
nodata_value 99999.90
[rows 238 to 271 of 679, columns 154 to 230 of 839]
28.50 28.58 28.54 28.42 28.73 29.01 29.05 29.11 29.17 29.06 29.04 29.13 29.17 29.15 29.04 28.58 28.59 28.52 28.85 29.00 28.99 29.09 29.11 29.09 29.11 29.06 29.07 29.12 29.07 28.95 28.68 28.64 28.24 27.99 28.48 28.52 28.52 28.45 28.24 27.84 27.73 27.54 27.84 27.43 26.75 28.55 27.45 27.89 27.48 27.22 28.07 27.11 27.87 27.97 27.16 27.61 27.14 27.26 27.64 28.26 27.86 27.44 27.08 28.01 27.84 27.81 27.80 28.23 27.23 26.74 26.21 25.87 25.85 25.58 26.54 26.89 26.36
28.64 28.00 28.05 28.74 28.53 28.78 28.81 29.13 29.15 29.18 29.21 29.16 29.14 29.09 29.03 28.93 28.76 28.76 28.94 29.01 29.07 28.94 29.09 29.08 28.93 29.07 29.04 29.11 29.07 29.13 28.81 29.07 28.77 28.69 28.57 28.87 28.77 28.43 28.21 28.28 27.64 26.79 27.99 28.32 28.16 28.40 28.28 28.39 27.94 28.02 27.88 27.90 27.28 27.59 27.49 27.39 26.70 27.38 27.67 28.67 27.91 27.60 28.36 29.23 28.91 28.44 28.43 28.17 27.47 27.10 27.17 26.58 27.49 26.88 26.90 26.65 26.30
28.67 28.25 28.20 28.76 28.77 28.95 29.13 29.06 29.16 29.18 29.18 29.12 29.11 29.10 29.09 28.98 28.62 28.52 28.95 28.88 29.08 29.04 28.98 29.06 28.90 28.98 28.95 28.93 29.08 29.09 28.99 28.89 29.08 29.06 28.71 28.91 28.60 28.73 28.03 28.42 28.90 28.17 28.10 28.25 28.23 28.23 28.07 28.30 28.26 28.03 27.53 27.14 27.15 27.61 27.26 27.99 27.16 27.73 27.99 27.22 27.62 26.90 27.01 28.75 28.85 28.44 28.51 28.44 26.95 27.40 27.44 27.31 26.92 26.67 27.26 26.03 26.08
28.30 28.65 28.86 28.89 28.58 28.61 29.06 29.05 28.99 28.66 28.91 29.08 29.08 29.08 28.90 28.97 28.64 28.91 28.94 28.95 29.02 29.01 29.03 28.85 28.99 29.02 29.05 29.04 28.89 29.07 29.03 29.12 28.57 28.78 28.95 28.84 28.51 27.73 27.88 28.71 28.87 29.11 28.81 28.60 28.51 28.39 28.73 28.74 28.30 26.78 26.15 27.03 27.24 27.27 27.56 27.85 28.41 28.62 28.45 27.09 26.92 27.13 27.01 26.80 27.48 27.75 28.97 27.51 27.08 28.01 27.52 27.27 26.28 26.63 26.82 25.92 27.16
28.60 28.56 28.76 28.86 29.07 28.91 29.05 28.96 28.71 28.28 28.72 28.87 28.99 29.03 28.96 28.68 28.72 29.04 28.80 29.04 29.01 29.07 28.89 28.54 28.52 29.07 28.78 28.48 28.70 29.07 28.99 29.13 28.78 28.95 28.79 28.61 28.23 27.48 28.54 28.47 28.77 29.08 28.75 28.65 28.61 29.00 29.01 28.80 28.21 27.10 25.60 27.92 28.15 27.63 27.84 27.29 28.16 27.32 27.78 27.03 27.79 27.78 26.79 27.52 27.54 28.23 29.28 27.60 27.63 28.06 27.66 26.37 25.15 26.19 27.08 27.49 25.89
28.53 28.13 28.70 28.39 28.39 28.53 28.18 28.68 28.64 28.26 28.69 28.36 28.92 29.06 28.81 28.21 28.94 29.11 29.10 28.97 28.57 28.91 28.87 28.85 28.74 28.41 29.06 28.81 29.04 29.00 28.84 28.91 28.23 28.81 28.66 28.34 28.30 28.53 28.59 28.85 29.02 28.79 29.10 28.87 28.84 29.02 29.03 28.74 27.31 27.07 26.04 27.44 28.84 27.95 28.06 28.55 28.01 27.39 26.61 26.44 27.57 26.52 27.28 28.05 28.33 27.94 28.80 27.64 27.79 27.35 27.75 27.04 26.37 26.69 27.98 28.07 27.34
27.89 27.49 28.34 28.66 27.45 28.24 27.45 27.49 27.81 27.62 28.31 28.75 28.42 28.74 28.51 28.77 28.68 28.68 28.88 28.46 28.30 28.44 28.72 28.52 28.75 28.80 28.68 28.99 28.87 28.88 28.85 28.61 28.09 28.32 28.40 28.22 28.69 28.80 28.55 28.01 29.00 29.06 29.00 28.93 29.00 28.89 28.50 27.28 26.94 26.96 28.11 26.87 25.98 26.74 27.89 27.74 27.31 27.42 26.95 27.06 26.27 27.04 27.69 27.58 28.08 27.92 28.71 28.42 28.10 27.95 27.81 27.57 27.36 27.08 26.89 28.13 27.90
27.26 27.09 27.27 28.18 26.93 26.67 27.25 27.45 27.96 28.11 27.89 28.76 28.83 28.92 28.49 28.87 28.61 28.65 28.10 28.50 28.43 28.22 28.69 28.58 28.69 28.97 28.77 28.81 27.97 28.67 28.53 28.39 28.29 28.75 28.86 28.55 28.54 28.85 28.59 28.65 28.37 28.96 29.10 29.14 28.48 28.21 27.08 26.52 26.78 27.83 27.61 26.37 25.81 25.66 27.47 28.22 27.29 26.80 27.02 27.92 27.70 27.80 27.56 28.04 28.21 28.05 28.15 27.76 27.72 28.12 28.07 28.62 27.36 26.18 26.37 27.68 27.78
28.35 27.07 26.37 27.23 27.42 26.57 26.12 27.59 27.97 28.47 28.03 27.98 28.83 28.51 28.37 28.29 28.04 28.58 28.33 27.95 28.41 27.91 28.62 28.53 28.61 28.82 28.78 28.50 28.83 28.55 27.12 28.22 28.66 28.62 27.95 28.36 28.43 28.56 28.83 28.53 28.87 28.81 28.95 29.10 28.39 28.53 27.07 26.44 26.66 27.79 26.85 26.01 27.01 27.53 26.72 27.21 26.63 26.63 27.94 27.94 28.34 28.43 28.12 28.71 28.72 28.02 28.15 26.34 24.68 24.53 27.24 28.46 27.57 26.16 26.22 26.53 27.83
28.89 28.20 27.06 26.82 26.08 27.20 26.85 27.16 27.24 28.09 27.83 27.84 28.03 28.38 28.33 28.07 28.11 27.66 28.16 28.45 28.41 28.08 28.74 28.46 28.64 28.84 28.17 28.82 28.54 28.43 27.84 27.95 28.45 28.98 28.34 28.17 27.61 28.44 29.19 28.75 28.43 28.00 28.67 28.31 27.70 28.24 26.90 26.96 27.46 27.21 26.89 26.28 26.10 26.79 27.66 27.69 28.04 28.29 28.22 28.03 28.11 27.90 27.66 26.10 24.55 24.84 27.56 26.66 23.82 23.98 24.80 26.54 27.17 26.69 25.79 25.70 26.93
28.44 28.81 28.28 28.72 27.75 27.54 27.11 27.89 28.29 26.88 28.15 27.79 27.58 27.22 28.14 27.96 28.10 28.36 28.82 27.54 28.68 28.24 28.47 28.92 28.74 28.32 28.60 28.56 28.57 28.35 28.60 28.61 28.37 28.54 27.69 28.09 28.12 28.49 28.57 28.81 27.37 28.22 28.35 28.01 27.63 26.73 26.21 26.45 26.17 26.16 24.95 27.45 27.68 27.64 27.50 27.47 27.90 27.00 27.06 27.91 27.85 26.30 24.72 23.88 23.42 23.78 25.17 25.57 27.82 26.99 25.59 25.77 26.42 26.86 26.80 26.10 26.55
28.80 28.39 28.31 28.32 26.06 27.27 26.35 27.57 27.83 27.94 28.05 28.36 27.63 27.44 28.30 26.99 28.16 28.54 28.54 28.29 28.57 28.09 28.63 28.66 28.41 28.23 28.54 28.48 28.54 28.77 28.00 27.84 28.22 28.56 27.99 27.06 28.63 28.58 28.42 28.27 27.87 27.88 28.29 27.51 26.66 27.26 26.90 26.42 26.40 25.26 23.95 25.26 26.47 26.30 25.04 26.94 26.13 26.38 25.65 25.23 26.27 26.70 24.62 24.05 24.70 24.88 25.45 25.36 26.33 27.26 26.98 26.38 26.35 27.28 27.33 26.84 26.37
28.57 28.35 26.74 27.29 26.25 27.87 26.18 26.94 26.82 27.42 28.02 26.83 26.54 26.83 28.21 27.01 28.45 28.07 28.13 28.04 28.74 28.48 28.57 28.71 28.82 28.52 27.77 27.94 27.89 28.02 27.50 27.85 28.37 27.47 28.75 27.90 28.11 28.50 28.52 28.53 28.40 28.49 27.91 27.37 27.42 25.85 26.60 27.79 27.72 24.95 25.90 26.13 27.66 27.32 27.27 27.37 26.89 26.43 26.76 26.23 25.75 26.81 26.97 26.06 26.42 26.64 25.64 24.38 25.10 27.98 28.10 26.69 27.77 27.95 28.67 28.20 27.41
27.97 28.06 26.71 26.73 27.30 28.11 28.03 27.32 27.75 27.41 27.89 26.62 27.44 27.14 27.48 28.29 28.54 27.75 27.76 27.84 28.32 27.46 28.44 28.80 28.18 27.94 28.06 27.32 27.76 28.92 28.37 27.43 27.73 27.65 28.66 28.36 27.70 28.14 28.13 27.67 27.93 28.04 27.40 26.99 26.00 26.18 27.08 26.52 26.85 27.53 27.57 26.95 26.42 27.11 27.66 27.36 26.77 26.27 26.65 26.75 27.02 27.24 26.98 27.53 27.73 27.49 27.09 26.43 26.50 26.46 26.77 24.97 27.20 28.07 28.00 27.43 26.26
28.61 27.69 27.48 27.28 28.01 27.82 28.07 27.02 27.95 27.71 27.72 27.25 27.17 28.01 28.03 27.86 28.33 27.89 28.17 28.27 27.45 27.83 28.09 27.59 28.21 28.68 27.99 27.86 28.13 28.53 28.19 27.91 27.83 26.51 27.27 27.72 27.41 27.49 27.31 27.80 27.30 26.39 26.36 26.50 25.10 25.98 24.77 25.29 25.91 26.48 27.03 26.66 26.74 27.57 27.46 27.96 27.74 27.11 26.51 26.98 26.87 26.65 26.34 26.53 26.26 26.60 25.88 25.66 26.42 26.02 26.12 25.36 25.06 26.87 26.68 26.72 26.60
27.94 27.69 27.03 27.58 28.13 28.47 27.90 27.45 27.67 28.46 27.21 27.29 27.99 28.16 27.41 27.89 27.73 27.67 27.59 28.42 27.55 27.47 27.93 28.04 28.04 28.40 27.63 27.76 27.69 28.73 28.37 27.87 27.11 26.53 25.67 25.96 26.77 27.24 27.13 26.34 25.37 24.88 25.83 26.33 25.50 25.53 25.65 25.91 26.07 25.75 24.82 25.60 26.64 27.05 27.50 27.31 26.92 26.72 26.44 27.13 26.71 26.38 25.60 25.59 25.81 26.47 26.03 24.73 24.21 25.04 25.14 24.84 25.96 26.62 27.56 27.99 27.08
28.16 28.04 27.43 27.45 27.02 27.70 28.29 27.30 26.89 27.66 27.51 28.91 28.31 28.50 27.48 27.47 27.04 26.68 26.69 27.57 27.63 26.93 27.82 28.61 28.65 28.17 27.73 27.32 28.08 27.82 28.36 27.76 26.27 25.92 25.83 26.56 27.08 26.94 25.77 24.41 23.69 24.99 24.38 24.87 25.67 25.49 25.40 25.18 25.87 24.88 24.52 25.57 26.05 26.61 26.99 27.16 27.55 27.72 27.65 27.82 27.24 26.58 26.28 25.39 25.33 25.26 25.53 24.11 23.95 23.62 22.97 24.13 24.73 24.81 24.78 25.23 22.93
28.16 27.42 27.87 27.69 27.98 28.07 28.27 28.29 27.39 27.73 27.76 27.98 27.82 27.72 28.26 26.87 27.84 27.24 26.68 26.87 25.55 25.50 27.18 27.26 27.96 27.23 27.71 28.14 28.74 28.27 26.48 27.50 26.85 25.36 25.99 25.57 25.40 25.63 22.38 23.07 23.40 23.31 24.12 24.53 25.75 25.15 24.90 25.85 25.01 24.81 24.74 24.03 24.90 25.22 25.28 25.57 26.60 25.76 26.36 26.16 25.66 24.47 23.75 21.93 20.77 20.48 21.42 20.98 22.60 21.66 21.13 21.14 20.71 20.64 21.94 23.35 22.54
28.28 28.05 28.06 27.79 27.86 28.15 28.65 27.79 27.33 27.47 28.42 26.20 26.81 27.05 27.04 26.71 26.40 26.75 27.18 25.91 24.34 26.49 26.79 26.10 26.58 26.98 26.70 26.79 26.80 27.10 26.00 27.61 25.41 23.75 23.82 24.99 23.97 23.92 22.63 23.23 22.82 22.41 23.37 25.11 26.09 24.92 24.80 24.23 23.20 23.45 23.52 22.83 23.78 24.30 25.27 25.86 25.59 24.20 23.61 23.08 22.97 21.95 21.09 19.33 18.81 18.29 17.18 17.15 16.87 16.82 17.42 19.01 18.82 17.87 18.70 19.24 18.85
28.76 28.78 27.69 27.69 28.33 27.84 28.06 27.47 27.44 27.41 28.26 27.71 27.32 27.52 27.67 26.84 25.48 26.38 25.96 25.16 22.83 26.87 26.33 25.53 26.90 27.75 27.01 25.84 25.99 26.24 23.96 24.06 25.42 22.87 23.62 24.00 22.02 23.08 23.15 21.90 22.73 24.07 22.80 24.39 24.81 24.68 23.93 23.97 25.01 24.34 24.13 24.53 24.44 24.25 24.78 24.49 23.95 22.81 22.45 20.72 21.56 20.12 18.37 16.89 17.18 18.76 17.35 16.04 15.35 15.11 14.26 14.89 14.20 13.30 13.68 12.64 12.80
27.84 28.28 28.52 28.64 28.10 28.24 27.82 28.37 28.03 27.20 27.15 27.85 26.78 27.21 26.88 27.51 25.24 25.64 25.43 24.83 23.98 23.99 25.67 25.35 25.48 26.08 24.99 23.94 25.33 25.56 25.16 24.37 24.39 21.99 22.83 23.62 22.41 22.11 21.78 20.78 22.30 22.89 22.16 22.15 23.27 23.05 24.08 23.11 23.84 24.07 24.36 25.35 25.27 24.89 24.98 23.54 21.90 20.00 20.44 18.93 18.41 18.34 19.38 21.27 20.30 19.79 19.72 19.96 19.23 19.75 19.51 16.98 15.31 13.80 13.20 12.68 12.16
27.71 28.64 28.54 28.85 28.31 28.46 28.68 28.58 28.87 27.65 26.25 27.75 25.20 25.30 25.11 25.49 26.31 25.46 24.55 25.23 25.16 24.02 24.17 25.32 24.25 24.89 25.96 25.14 26.12 24.94 25.74 24.99 25.24 24.05 23.57 22.26 22.04 21.87 21.27 20.87 21.11 20.80 21.23 22.21 22.73 23.22 23.36 23.79 23.12 23.51 23.57 23.81 23.32 22.65 21.74 21.15 22.92 20.89 19.30 17.58 19.12 20.47 20.51 22.79 22.38 22.37 21.96 23.87 24.44 24.67 23.18 22.04 21.99 21.35 19.89 20.12 19.02
28.11 28.88 28.23 28.65 28.99 28.70 28.76 28.57 28.80 27.32 25.87 26.63 25.97 26.59 25.99 26.22 25.40 24.38 25.02 24.22 24.98 25.44 25.07 23.55 25.13 25.17 25.24 26.38 26.62 26.06 25.66 25.15 26.27 25.76 25.26 24.69 24.72 24.92 22.32 21.50 21.93 22.44 23.42 23.51 25.09 25.08 25.39 24.04 23.70 23.21 23.67 21.83 20.59 19.99 19.25 20.18 21.66 24.01 23.97 23.71 22.29 22.92 23.12 22.79 23.23 24.63 25.72 24.95 24.93 26.24 26.76 26.11 25.31 25.66 24.72 24.16 23.67
28.11 28.50 28.45 28.92 29.04 28.54 28.26 28.63 28.28 28.30 26.73 25.95 26.53 27.09 26.69 26.74 25.22 25.57 24.75 22.62 22.74 24.42 25.19 22.47 24.05 23.85 25.45 25.94 24.56 25.39 26.00 24.81 25.32 25.02 24.41 25.67 25.76 25.76 24.55 24.74 23.95 24.49 25.53 25.35 25.39 24.98 24.33 23.98 23.48 22.66 22.73 23.13 22.02 22.20 22.59 24.36 24.14 24.52 25.75 26.34 26.63 25.46 25.38 24.19 25.23 25.28 25.80 25.93 25.43 26.56 27.60 26.34 26.21 26.99 26.80 27.30 28.11
28.05 28.26 28.40 28.85 28.57 28.54 27.88 27.09 26.67 26.53 27.15 26.25 25.98 26.48 26.54 25.90 26.37 25.97 23.87 23.60 23.53 23.85 24.86 23.76 23.76 24.79 24.11 24.62 24.31 25.63 25.22 24.92 24.43 25.68 25.75 26.15 26.17 25.64 26.01 25.97 25.79 25.70 24.41 25.69 26.07 23.50 23.43 23.37 24.04 24.33 23.36 24.28 24.80 25.67 26.29 25.97 26.27 27.24 26.71 27.03 27.61 27.14 26.74 25.29 24.83 24.21 23.81 24.14 25.33 26.81 27.31 26.78 26.70 27.66 27.92 27.50 28.04
28.36 28.64 28.32 28.77 28.33 27.64 28.07 26.64 27.58 26.79 26.48 26.85 25.69 26.10 26.29 26.17 24.57 24.20 22.62 23.67 24.93 24.28 24.94 24.29 23.73 25.26 24.31 24.86 25.30 25.27 25.96 25.96 25.48 25.90 25.51 26.11 25.49 25.81 26.68 26.49 26.10 25.07 25.42 25.70 26.75 24.82 24.11 24.18 23.54 24.24 24.01 24.93 26.33 26.10 26.73 26.50 26.20 27.06 27.18 27.40 27.42 27.53 27.13 26.85 25.14 24.35 23.52 25.26 26.22 26.21 25.75 26.46 26.81 27.25 27.20 27.03 27.18
28.60 28.54 28.17 28.93 28.02 28.00 28.23 28.19 27.68 26.47 27.18 26.77 26.93 25.07 25.61 25.46 23.62 23.95 23.34 24.11 24.32 24.35 23.88 24.67 25.28 25.30 24.82 24.86 24.73 26.10 25.97 24.95 25.89 24.98 25.42 26.63 25.54 26.01 27.09 26.71 25.87 26.95 26.20 26.43 27.13 26.88 24.73 24.34 23.50 24.54 25.05 25.94 25.49 26.02 25.74 27.25 26.75 26.57 27.43 28.72 27.78 27.18 27.43 28.19 27.80 27.66 26.90 27.52 26.07 25.11 25.00 25.28 25.46 26.49 27.54 27.60 27.17
28.05 28.13 27.54 28.34 28.13 27.51 27.40 28.13 26.81 26.18 26.78 26.00 25.31 25.35 25.55 25.04 24.40 24.29 25.14 25.03 25.30 24.15 25.25 24.29 25.71 26.05 26.24 25.84 25.72 25.83 26.51 26.22 25.69 26.50 26.66 26.39 26.86 26.30 26.45 26.56 26.96 26.28 26.53 27.27 26.70 25.88 24.20 23.22 22.94 22.76 23.90 24.47 25.28 25.64 26.12 26.37 26.01 26.70 25.85 26.77 27.82 27.68 28.26 28.27 27.23 26.96 27.83 27.56 26.18 24.98 25.18 25.17 24.32 25.45 27.38 27.64 29.27
28.20 28.57 28.35 27.32 27.49 27.17 27.74 27.04 26.09 26.13 26.53 26.13 24.00 24.97 24.77 24.70 25.29 24.70 26.42 25.40 26.14 27.14 26.66 26.52 26.42 27.25 26.44 26.38 26.89 26.38 26.35 26.25 26.01 26.02 26.71 26.66 27.06 25.98 26.95 27.37 26.17 25.79 25.46 25.95 25.72 24.17 23.15 22.85 21.77 22.10 23.67 23.28 23.77 23.73 24.48 24.44 24.70 25.77 25.24 25.85 26.00 26.16 26.34 27.50 26.88 25.82 26.20 24.94 25.99 25.54 24.98 25.98 26.61 28.07 26.59 26.04 25.54
28.55 28.77 28.54 27.40 26.51 26.89 26.83 25.83 24.89 24.99 25.41 24.10 24.15 25.56 25.73 25.28 25.85 26.49 26.35 26.13 26.63 27.42 26.96 26.95 26.58 27.71 26.18 26.54 26.93 26.56 26.50 26.53 25.87 25.47 25.61 26.63 27.05 26.18 25.24 24.88 24.49 23.83 24.08 24.09 24.46 23.99 23.31 23.53 22.03 22.18 22.56 24.25 24.36 24.28 24.14 24.71 25.36 25.20 25.50 25.76 25.88 25.57 26.05 24.96 23.02 23.76 25.04 25.07 25.21 24.96 25.57 26.04 27.68 27.38 26.29 26.46 26.70
28.64 28.39 27.83 25.93 25.73 25.91 25.26 25.42 25.34 25.56 24.91 24.13 23.76 25.85 25.91 26.18 27.35 26.89 26.56 27.84 28.05 27.84 27.63 26.88 27.41 27.58 26.79 26.72 27.17 26.94 26.60 26.33 26.35 26.26 26.18 27.13 27.21 26.92 26.53 25.32 24.92 25.53 24.51 23.95 24.44 24.28 24.21 24.39 23.97 23.95 23.72 23.88 24.46 25.00 25.05 24.47 24.47 26.01 27.49 26.22 25.98 25.83 26.84 26.36 24.56 23.70 24.55 26.55 25.45 23.96 24.60 24.74 25.80 26.89 26.16 25.62 26.11
28.44 27.77 26.90 25.78 25.39 25.58 24.90 25.31 26.10 26.29 25.96 25.32 25.24 25.50 25.99 26.39 26.21 26.95 26.69 28.07 27.65 27.51 26.25 27.44 26.91 27.41 26.94 27.04 27.14 27.26 26.83 26.52 26.66 26.36 26.09 25.69 25.64 25.51 25.85 25.76 25.46 25.33 24.87 24.30 24.00 24.56 24.31 23.99 24.61 24.11 23.92 23.29 23.75 24.81 25.07 25.59 25.30 26.55 26.75 25.35 23.53 22.95 24.44 24.34 23.72 22.37 22.02 23.53 24.17 23.87 22.81 22.98 24.27 25.28 24.83 25.32 26.83
27.95 27.27 26.33 25.46 25.23 25.06 25.23 25.20 26.02 25.91 25.56 25.92 25.73 25.83 24.44 25.72 25.19 26.26 26.28 26.82 27.62 27.36 26.56 26.78 26.49 26.75 26.82 27.01 26.61 27.13 26.65 26.61 26.49 26.56 26.17 26.73 25.48 24.85 24.79 24.26 24.21 24.82 25.48 25.65 25.70 24.33 25.15 24.68 24.42 24.46 24.10 24.35 24.70 24.39 25.12 25.51 25.53 24.66 24.36 25.74 23.90 24.77 23.25 22.68 21.67 21.06 20.43 21.10 21.87 23.34 22.75 21.76 22.35 23.48 25.50 25.30 26.36
26.94 26.50 26.36 25.93 25.99 24.85 24.73 23.48 25.35 25.12 24.91 25.61 25.05 25.14 24.75 25.13 25.39 25.77 26.59 25.94 26.81 27.52 27.13 26.27 27.03 26.93 26.96 26.76 26.63 27.12 26.41 27.19 26.80 26.98 27.08 27.10 27.04 25.47 24.85 25.14 26.32 26.42 26.05 26.94 26.33 26.13 25.97 25.55 26.23 26.17 25.42 24.56 24.14 24.71 24.54 24.33 23.64 22.31 22.50 25.33 24.69 25.67 26.29 22.63 18.73 18.49 19.35 18.73 19.26 21.58 21.54 20.39 20.44 21.09 22.91 22.90 22.96
