main/data/irradiance/04.11.2023.grid
ncols 839
nrows 679
xllcenter 112.0500
yllcenter -43.9500
cellsize 0.0500
nodata_value 99999.90
[rows 170 to 203 of 679, columns 231 to 307 of 839]
28.08 27.93 27.38 26.84 27.87 28.60 28.12 28.53 28.46 27.99 27.64 27.38 27.55 27.53 27.72 27.52 27.39 26.62 26.28 25.86 24.98 24.05 23.06 22.67 21.96 20.10 19.74 21.53 21.03 20.05 19.90 20.24 20.68 18.82 18.71 19.35 18.02 16.63 16.66 17.30 17.92 17.39 17.55 16.56 15.61 15.83 15.85 15.49 15.74 14.62 14.40 13.95 14.68 13.61 13.08 14.55 14.54 16.01 13.27 15.02 17.05 17.21 16.62 16.54 15.26 14.98 15.55 14.95 15.43 16.24 17.42 17.37 17.58 16.18 14.82 15.22 17.25
28.42 27.66 27.28 28.41 28.49 28.41 28.56 28.67 28.80 28.73 28.34 28.53 28.33 28.20 28.11 28.08 28.10 27.96 26.34 25.29 25.39 24.93 23.48 21.77 20.93 21.47 21.19 22.24 20.96 21.11 20.80 21.33 21.20 19.59 18.75 18.97 18.69 19.27 17.82 17.58 16.97 15.81 16.05 16.74 17.27 16.76 16.60 15.55 15.47 14.71 14.30 14.36 14.85 14.79 14.17 14.81 13.91 13.91 13.32 15.14 14.73 16.35 15.93 14.33 14.02 14.23 13.84 14.91 15.85 16.98 16.70 16.85 16.94 15.31 14.94 15.72 17.13
28.39 27.64 28.07 28.81 28.58 28.61 28.69 28.36 28.60 28.82 28.78 28.43 28.38 28.26 28.43 28.49 28.21 28.20 27.68 26.23 25.13 25.17 24.53 22.28 21.16 21.38 21.52 22.27 21.89 22.15 22.41 22.52 22.19 21.22 19.79 19.47 19.23 19.49 21.20 18.25 18.28 15.81 16.66 17.24 17.47 17.15 16.96 16.47 16.09 15.27 14.93 15.48 16.06 15.66 14.35 15.60 14.27 13.44 13.70 14.32 15.01 15.18 15.13 14.24 14.32 14.38 14.39 14.04 15.28 17.30 16.71 16.97 17.47 16.89 15.23 15.66 17.72
28.41 27.79 28.19 28.64 28.86 28.73 28.88 28.60 28.57 28.79 28.85 28.50 28.31 28.50 28.76 28.64 28.40 27.39 27.46 26.83 25.56 25.67 25.41 23.48 21.75 22.34 23.04 23.66 23.07 22.91 23.24 22.62 22.93 21.84 20.26 19.56 19.80 20.08 21.66 19.06 18.43 16.14 16.40 17.38 18.34 18.17 17.34 17.54 17.33 16.32 16.01 16.72 16.82 15.88 14.79 14.45 14.75 15.47 13.70 13.87 13.79 15.54 16.19 15.89 16.34 15.05 15.79 16.08 16.10 16.06 18.15 17.81 17.70 18.14 15.70 15.89 17.93
28.26 28.00 27.88 28.56 28.90 28.70 28.81 28.77 28.89 28.85 28.62 28.76 28.62 28.45 28.58 28.60 28.66 27.56 26.85 26.38 26.07 25.84 25.48 25.12 23.26 23.55 23.85 23.93 24.06 24.01 23.19 22.86 22.78 22.21 20.52 21.13 20.24 22.86 22.28 20.01 19.78 19.20 18.35 17.05 17.56 17.72 18.02 17.87 17.10 17.18 17.33 16.46 17.19 15.97 16.23 15.13 15.91 14.98 14.41 14.65 15.39 15.75 16.13 16.34 17.62 17.14 17.64 18.81 17.84 16.13 16.54 17.34 16.29 18.18 16.06 16.08 16.41
28.30 28.25 28.18 27.86 28.48 28.42 28.49 28.70 28.81 28.86 28.89 28.91 28.69 28.71 28.00 28.37 28.43 28.25 27.44 26.06 25.50 25.42 26.49 25.67 24.70 25.41 24.14 24.88 25.24 25.18 24.21 22.85 23.30 21.83 19.87 21.74 21.05 21.67 21.27 19.70 19.74 19.89 18.22 18.78 18.63 16.87 17.22 17.50 17.79 17.50 18.17 17.57 18.05 17.03 17.08 17.64 17.39 16.66 15.90 14.85 15.70 16.42 16.73 17.32 16.96 18.55 18.64 19.65 18.29 17.23 16.57 16.09 16.43 18.21 17.30 15.19 16.45
28.47 27.90 28.19 27.91 27.89 27.87 28.00 28.54 28.79 28.85 28.90 28.94 28.89 28.38 27.38 27.50 27.70 27.23 27.68 27.41 27.22 27.34 27.28 25.96 25.62 25.72 25.44 25.70 25.98 25.08 24.90 23.05 22.60 21.39 20.59 21.44 21.56 21.31 21.97 20.77 20.77 20.80 19.97 20.04 19.67 19.51 18.53 18.75 18.98 18.64 18.06 17.31 18.46 19.57 19.91 17.74 18.29 17.98 17.53 17.25 16.60 16.51 17.95 17.75 17.74 18.75 19.27 20.18 17.47 17.38 19.07 17.92 17.58 17.43 20.18 19.49 17.78
28.09 28.09 27.76 27.86 28.07 28.11 28.46 28.60 28.64 28.72 28.89 28.91 28.81 28.56 28.27 27.58 28.23 27.14 27.33 27.88 26.96 27.31 28.00 27.29 25.92 26.29 26.20 25.87 25.52 24.58 24.25 23.92 22.57 22.23 22.65 23.67 23.79 22.37 23.24 22.66 21.28 21.84 20.13 19.74 20.46 20.95 19.67 19.64 20.07 19.06 18.44 17.64 19.09 21.41 21.31 19.07 17.41 18.02 18.21 18.50 17.12 17.84 18.00 18.32 19.63 18.34 20.17 19.91 19.33 19.25 20.27 19.27 18.58 19.04 20.46 20.80 18.45
28.33 28.38 27.49 27.54 27.96 28.36 28.38 28.81 28.86 28.86 28.85 28.87 28.88 28.58 28.43 27.96 27.83 28.11 28.25 28.14 27.81 27.33 27.85 28.22 27.39 26.95 26.63 25.84 24.83 25.02 25.28 23.40 21.98 22.85 23.97 23.20 23.36 22.72 25.69 23.85 22.84 22.49 21.13 21.47 21.48 21.22 21.15 20.72 20.52 20.84 19.47 19.36 19.39 21.25 19.78 20.17 18.73 18.43 19.94 19.80 18.20 18.19 19.01 18.84 19.04 19.31 20.17 19.78 20.26 20.34 19.93 18.85 18.75 19.43 20.72 20.60 18.64
28.46 28.32 28.57 28.13 28.27 28.78 28.64 28.82 28.89 28.83 28.87 28.83 28.78 28.52 28.57 28.48 28.24 28.14 28.87 28.57 28.56 28.52 28.22 28.23 27.63 27.61 26.84 25.75 24.42 24.31 23.43 23.36 23.06 23.25 23.64 22.89 24.05 24.50 25.32 24.68 23.85 21.80 22.43 23.25 22.92 23.21 22.34 22.10 21.79 22.49 21.29 21.07 21.64 21.19 19.77 20.15 20.18 20.28 20.45 20.22 20.18 17.71 19.52 19.13 18.58 19.24 19.79 20.11 20.82 21.63 20.23 19.41 19.02 20.37 20.97 20.15 17.96
28.58 28.18 28.35 28.49 28.59 28.65 28.82 28.63 28.80 28.76 28.78 28.80 28.82 28.80 28.54 28.77 28.95 28.64 28.63 28.38 28.46 28.82 28.79 28.49 28.45 28.52 28.17 26.79 24.43 24.19 23.69 23.85 25.11 24.09 24.15 25.36 26.15 26.61 26.58 25.13 24.36 23.29 23.79 24.37 25.20 25.30 24.49 23.85 24.11 24.05 24.10 24.42 23.05 21.98 22.20 22.23 21.80 22.35 22.39 21.62 19.74 18.52 19.18 21.04 20.48 20.00 19.93 20.44 22.41 23.03 21.53 21.11 20.28 20.47 21.12 20.83 19.11
28.77 28.56 28.47 28.39 28.31 28.34 28.67 28.31 28.59 28.61 28.68 28.78 28.82 28.91 28.87 28.89 28.55 28.52 28.64 28.70 28.68 28.76 28.74 28.76 28.56 28.26 27.52 26.51 25.62 24.58 24.47 24.11 24.97 24.69 25.06 26.69 27.60 27.60 26.61 26.28 25.26 24.15 25.42 25.94 26.66 27.25 26.67 26.12 25.96 25.65 25.82 25.17 24.36 23.49 23.46 23.69 22.62 23.89 24.06 21.60 20.72 20.47 20.20 22.22 22.23 21.83 21.18 21.51 23.25 23.65 23.44 22.35 21.66 20.32 20.90 20.56 20.40
28.84 28.79 28.48 28.74 28.87 28.59 28.91 28.90 28.77 28.44 28.77 28.80 28.43 28.68 28.78 28.87 28.28 28.69 28.77 28.73 28.71 28.74 28.69 28.71 28.55 27.95 27.39 25.21 26.07 25.93 25.63 25.49 25.14 26.43 27.50 27.87 27.97 27.64 25.63 25.86 25.13 25.08 26.34 27.28 27.35 27.80 27.57 27.28 27.12 26.95 26.21 25.80 24.74 24.16 24.41 24.34 24.56 24.67 24.77 22.05 22.78 22.90 22.74 23.21 23.56 23.76 22.21 22.83 23.63 23.87 23.55 22.57 22.28 21.85 21.16 20.96 21.11
28.84 28.80 28.88 28.95 28.80 28.51 28.55 28.66 28.51 28.49 28.40 28.76 28.87 28.89 28.73 28.22 28.58 28.33 28.55 28.78 28.64 28.72 28.56 27.91 27.39 27.11 26.89 26.25 26.57 26.15 25.85 26.53 28.28 27.90 27.66 28.25 27.94 27.35 26.04 25.87 26.56 25.86 26.65 27.43 27.53 27.63 27.72 27.61 27.55 26.90 25.68 25.49 24.92 24.90 25.02 25.59 26.15 24.39 22.92 23.54 23.73 24.01 23.65 24.05 24.62 23.96 23.49 22.81 23.27 23.32 23.50 22.89 22.16 22.63 21.86 21.73 21.86
28.95 28.91 28.85 28.82 28.75 28.61 28.41 28.59 28.54 28.88 28.80 28.86 28.69 28.64 28.53 28.12 28.70 28.65 28.57 28.81 28.69 28.58 28.50 27.68 26.82 28.07 27.23 26.44 27.26 27.21 27.77 28.21 28.00 28.01 27.58 27.81 27.86 27.17 26.53 26.68 27.39 27.37 27.53 27.25 27.56 27.79 27.51 27.37 27.13 27.25 25.58 26.27 26.44 26.08 25.98 25.98 26.26 24.60 24.22 24.87 24.34 24.93 23.89 24.63 25.27 24.13 23.73 22.78 22.03 22.43 23.00 23.34 22.58 22.26 21.93 21.68 21.08
28.89 28.82 28.77 28.74 28.41 28.34 28.50 28.49 28.83 28.92 28.81 28.69 28.51 28.42 28.59 28.66 28.77 28.71 28.78 28.72 28.61 28.88 28.85 28.15 27.65 27.16 27.16 27.22 28.04 27.96 28.13 28.27 27.90 28.09 27.99 28.01 28.11 28.05 27.55 27.41 27.94 27.62 27.35 27.23 27.47 27.28 27.74 27.25 27.11 26.32 25.74 25.82 26.33 26.01 26.26 26.16 25.92 25.31 25.47 25.05 23.99 24.13 23.73 24.59 25.15 24.93 23.91 22.78 22.15 22.31 22.55 24.26 23.01 22.03 21.98 21.90 20.67
28.90 28.86 28.87 28.85 28.65 28.56 28.47 28.77 28.89 28.92 28.74 28.89 28.89 28.90 28.87 28.84 28.70 28.62 28.81 28.58 28.49 28.33 28.05 27.93 27.10 27.57 27.98 28.32 28.57 28.15 28.15 28.35 28.25 28.20 28.22 28.56 28.28 28.20 27.91 28.05 27.79 27.39 27.23 27.08 27.19 27.36 27.24 27.32 27.40 26.88 26.27 25.84 26.05 26.31 26.20 26.13 25.77 25.93 25.96 25.60 24.54 24.29 23.73 24.37 23.94 24.38 24.55 22.95 23.64 23.63 23.54 24.88 24.29 22.76 22.98 21.95 19.66
29.00 29.00 28.95 28.80 28.65 28.54 28.61 28.65 28.74 28.75 28.79 28.91 28.92 28.94 28.88 28.64 28.51 28.81 28.71 28.21 28.40 27.50 28.09 27.48 28.48 28.48 28.65 28.65 28.76 28.71 28.56 28.44 28.49 28.55 28.39 28.33 28.42 28.25 28.17 27.83 27.81 27.51 27.69 27.47 27.52 27.25 27.72 27.82 27.65 27.17 26.42 26.04 26.14 26.98 26.58 25.90 25.33 26.04 26.12 25.82 24.99 24.69 24.48 24.35 24.20 24.32 24.57 23.65 23.38 23.67 23.79 24.63 23.97 23.31 23.37 22.06 20.96
28.88 28.88 28.93 28.71 28.88 28.67 28.61 28.64 28.67 28.81 28.74 28.76 28.86 28.84 28.77 28.87 28.69 28.63 28.62 28.29 27.94 28.24 27.33 27.81 28.78 28.63 28.33 28.54 28.64 28.42 28.84 28.73 28.62 28.64 28.49 28.33 28.52 28.62 28.29 27.95 27.75 27.83 27.76 27.60 27.76 27.60 27.77 27.87 27.86 27.43 27.41 27.22 27.51 27.24 26.83 26.11 25.99 26.88 27.48 26.45 25.73 24.49 24.34 25.29 25.68 25.86 24.94 23.75 23.25 25.07 24.18 24.00 24.04 23.58 22.76 21.58 21.25
28.73 28.70 28.63 28.67 28.79 28.83 28.96 28.71 28.56 28.56 28.66 28.74 28.70 28.67 28.81 28.66 28.73 28.66 28.59 28.15 27.60 27.85 28.18 27.70 28.07 28.37 28.71 28.67 28.69 28.57 28.76 28.91 28.87 28.63 28.33 28.50 28.60 28.56 28.33 28.08 28.19 28.06 27.90 27.69 27.81 28.16 28.11 27.98 27.95 27.84 27.89 27.85 27.70 27.54 27.70 27.70 27.36 27.58 27.96 27.14 26.67 25.26 25.22 25.42 25.66 25.34 25.11 23.68 23.61 24.33 22.99 23.79 23.60 22.47 22.53 21.61 21.23
28.96 29.04 28.98 28.97 28.98 28.89 28.53 28.41 28.71 28.66 28.69 28.68 28.08 28.57 28.68 28.74 28.52 28.33 28.50 28.07 28.49 27.71 28.63 28.33 28.77 28.85 28.87 28.90 28.85 28.75 28.62 28.95 28.93 28.78 28.50 28.64 28.42 28.65 28.57 28.31 28.34 28.27 27.95 27.94 28.10 28.16 28.09 28.08 27.95 27.81 28.24 28.06 28.02 27.95 28.21 28.27 28.22 28.31 27.85 27.49 27.26 26.41 25.89 25.74 26.15 25.10 25.28 24.83 24.22 24.76 23.20 24.01 22.69 22.36 21.97 21.09 21.16
29.04 29.06 28.94 29.02 28.87 28.84 28.53 28.43 27.96 27.38 26.69 27.18 27.58 27.92 28.09 28.47 28.38 28.40 28.61 28.35 27.92 28.57 28.86 28.75 28.94 28.97 28.92 28.94 28.95 28.94 28.66 28.74 28.85 28.59 28.58 28.58 28.60 28.68 28.76 28.65 28.59 28.29 27.87 28.05 28.05 28.25 28.49 28.27 28.31 28.27 28.46 28.51 28.05 28.06 27.47 27.48 28.32 28.50 27.65 27.35 27.02 27.16 26.52 25.54 25.27 25.41 25.43 25.15 24.43 24.45 23.46 23.11 22.45 22.36 22.36 21.76 21.04
28.88 28.90 28.93 29.01 29.01 28.77 27.67 27.28 26.30 25.90 25.17 26.46 27.94 27.48 27.45 27.27 27.07 28.28 28.33 28.87 28.91 28.81 28.84 28.86 28.91 28.97 28.96 28.95 28.93 28.90 28.91 28.68 28.82 28.81 28.93 28.98 28.94 28.93 28.86 28.85 28.71 28.14 27.84 28.16 27.75 28.12 28.52 28.80 28.51 28.52 28.38 28.42 28.30 28.02 27.24 27.43 27.49 28.38 27.67 26.70 27.01 27.21 26.57 25.38 25.18 25.17 25.57 24.98 24.88 24.35 23.33 23.16 22.91 22.60 22.61 21.64 21.17
28.68 27.68 27.15 26.64 26.69 26.48 24.98 24.34 24.76 24.02 25.47 24.26 25.93 27.29 27.39 28.28 28.46 27.19 27.84 28.62 28.67 28.92 28.96 28.98 28.97 29.00 28.99 28.97 28.96 28.94 28.91 28.91 28.90 28.94 28.96 28.99 28.97 28.79 28.64 28.60 28.58 28.43 28.19 28.09 27.91 28.24 28.80 28.84 28.78 28.42 28.40 28.30 28.10 27.79 27.09 28.12 28.12 28.04 27.56 27.54 27.42 27.17 26.03 25.76 25.89 25.43 25.14 25.33 26.03 24.69 24.18 23.65 23.65 23.28 22.68 21.70 21.06
27.79 26.00 24.53 24.78 24.53 24.69 23.95 23.91 24.50 24.81 26.62 27.37 26.69 27.11 28.32 28.28 28.00 26.18 27.65 28.73 28.78 28.74 28.87 28.86 28.92 28.96 28.99 28.97 28.98 28.94 28.93 28.95 28.89 28.90 28.92 28.92 28.66 28.19 28.46 28.05 28.48 28.10 28.58 28.39 28.35 28.60 28.74 28.68 28.38 28.65 28.43 28.39 28.37 27.88 28.02 27.94 28.24 27.61 27.45 27.64 27.87 26.98 26.28 26.06 25.85 25.01 25.25 26.19 25.19 24.47 23.89 24.15 23.90 22.88 22.19 21.79 21.64
27.10 25.18 24.01 23.48 24.25 24.94 25.22 24.02 24.89 26.21 26.67 26.90 26.71 28.19 28.65 28.40 28.46 27.92 28.06 28.48 28.31 28.07 28.87 28.58 28.93 28.85 28.99 28.98 28.98 28.97 28.83 28.89 28.72 28.87 28.94 28.34 28.24 27.76 27.57 27.95 28.53 28.17 28.59 28.71 28.59 28.82 28.67 28.26 28.80 28.75 28.49 28.53 28.41 28.02 28.05 28.36 28.81 28.28 27.59 27.93 27.90 26.69 26.23 26.32 26.13 25.14 25.85 25.97 23.66 24.27 24.19 24.07 23.05 22.62 21.75 22.14 21.75
25.52 25.63 24.68 24.28 24.09 24.79 25.13 25.41 25.99 27.25 26.30 26.62 26.79 28.26 28.19 28.70 27.85 28.26 27.94 27.14 26.76 26.89 28.48 28.57 28.88 28.86 28.95 28.94 28.91 28.99 28.92 28.94 28.89 28.93 28.65 28.14 28.48 28.22 28.18 28.26 28.48 27.68 28.75 28.42 28.32 28.79 28.79 28.85 28.82 28.76 28.73 28.63 28.40 28.28 28.63 28.62 28.37 26.94 27.28 28.33 28.12 27.18 26.86 27.16 26.82 26.32 25.67 24.83 22.78 23.75 24.18 23.59 23.61 23.08 22.15 21.60 21.06
25.52 25.82 25.03 24.81 24.77 24.68 25.74 26.13 26.72 26.60 26.23 26.81 27.09 27.18 26.96 27.88 26.44 26.61 27.38 26.70 26.80 28.13 28.68 28.90 28.91 28.96 28.96 28.96 28.88 28.77 28.89 28.81 28.66 28.65 28.07 28.36 28.49 27.93 27.98 27.37 28.63 27.58 28.61 28.68 28.53 28.41 28.94 28.83 28.92 28.84 29.00 28.95 28.75 28.51 28.55 28.37 28.10 27.14 27.27 28.14 28.08 27.05 27.19 26.99 26.65 26.84 25.65 24.65 22.52 23.69 23.17 23.52 22.77 22.67 21.98 22.47 21.09
25.62 26.40 26.56 27.00 25.95 25.83 26.22 26.60 27.00 26.81 27.46 27.68 27.32 26.58 27.28 27.03 25.90 26.63 27.67 27.36 28.05 28.93 29.02 28.80 29.03 29.01 28.95 28.92 28.81 28.81 28.89 28.74 28.57 28.15 28.63 28.21 28.21 28.08 28.42 27.37 28.64 28.42 28.02 28.26 28.15 28.44 28.82 28.77 28.93 28.98 28.99 29.01 28.72 28.66 28.40 28.43 27.40 27.51 28.08 27.76 27.23 27.41 27.34 27.58 27.50 26.96 24.91 23.08 22.85 23.58 23.81 23.46 23.13 23.33 23.93 23.29 22.19
26.72 27.09 27.49 27.68 27.32 26.22 26.78 27.31 27.52 27.50 26.38 27.68 27.46 27.50 27.02 26.42 26.61 27.59 27.56 28.53 28.95 29.04 29.01 28.87 29.05 29.04 29.00 28.90 28.77 28.72 28.79 28.20 28.12 28.53 28.29 28.88 28.41 28.26 28.68 27.46 28.25 27.87 28.27 28.11 28.28 28.37 28.60 28.87 29.01 29.02 28.89 28.99 28.98 28.83 28.47 28.59 28.37 27.85 27.55 27.10 26.81 26.78 27.51 27.74 26.89 25.29 24.15 23.26 23.62 23.31 23.33 22.95 22.89 23.48 24.11 22.38 21.29
27.82 27.68 28.01 28.31 28.40 27.51 27.75 27.82 27.58 28.16 28.48 28.14 27.69 28.03 27.55 27.29 27.93 27.65 27.78 28.48 28.96 29.09 29.05 28.73 29.05 29.06 28.93 28.81 28.69 28.74 28.53 28.01 28.09 28.70 28.46 28.85 28.32 28.90 28.29 28.40 28.65 27.63 28.48 28.56 28.78 28.79 28.65 28.85 28.89 28.73 28.24 28.72 29.01 28.97 28.79 28.43 27.36 27.16 27.37 26.66 26.99 27.29 27.67 27.14 26.46 25.24 23.92 23.36 23.86 23.08 21.00 21.85 21.56 22.67 23.41 22.44 21.28
28.91 28.84 28.91 28.71 28.80 28.97 28.09 27.83 27.83 27.82 27.30 26.39 26.34 27.32 26.77 27.33 28.23 28.44 28.24 28.37 28.75 29.02 29.04 28.79 28.79 28.94 28.94 28.56 28.55 28.74 28.27 28.00 28.00 28.49 28.16 28.90 27.60 28.69 28.66 28.58 28.23 28.51 28.72 28.80 28.66 28.68 28.54 28.63 28.79 28.57 28.58 28.69 28.89 28.94 28.58 28.36 28.19 27.18 27.09 26.51 27.68 27.58 26.66 26.91 26.13 25.30 23.75 23.80 24.00 24.06 22.52 22.58 22.33 21.91 22.61 22.46 22.11
28.84 28.54 28.47 28.67 28.92 28.79 28.65 27.90 27.69 28.01 28.52 28.03 27.48 27.94 28.05 28.30 28.96 29.06 28.90 28.85 27.64 28.47 28.27 27.78 28.58 28.94 28.75 28.51 28.69 28.26 28.19 28.61 28.54 28.33 28.06 28.13 27.80 28.53 28.32 28.42 28.63 28.46 28.81 28.78 28.55 28.55 27.92 28.69 28.57 28.74 28.80 28.81 28.97 28.67 28.31 28.57 28.20 27.49 26.93 26.74 27.09 27.11 26.11 26.02 24.78 23.86 23.48 23.58 24.75 24.79 23.10 22.87 22.37 22.76 21.78 22.32 23.46
28.92 28.74 28.37 28.91 28.88 28.34 28.73 28.41 28.38 28.44 28.76 28.87 28.57 28.26 28.23 28.74 29.09 29.06 29.05 28.53 27.77 28.60 28.47 28.16 28.70 28.72 28.78 28.77 28.59 28.51 28.31 28.70 28.33 28.50 27.65 27.79 27.74 28.64 28.77 28.63 28.57 28.64 28.68 28.43 28.56 28.18 28.03 28.38 28.58 28.56 28.53 28.71 28.95 28.71 28.13 28.49 27.87 27.23 26.37 26.27 26.65 26.67 25.75 25.63 25.09 23.56 23.55 24.24 25.39 23.65 21.41 21.81 21.89 21.95 20.86 21.72 22.85
