main/data/irradiance/05.04.2023.grid
ncols 839
nrows 679
xllcenter 112.0500
yllcenter -43.9500
cellsize 0.0500
nodata_value 99999.90
[rows 442 to 475 of 679, columns 154 to 230 of 839]
18.65 18.73 18.74 18.73 18.77 18.74 18.84 18.71 18.87 18.83 18.97 19.00 19.03 19.04 18.95 18.95 18.93 18.98 18.94 19.18 19.27 19.19 18.95 18.91 18.96 18.99 18.98 19.02 19.00 18.92 19.02 19.02 19.02 19.03 19.04 19.02 19.01 19.04 19.00 18.94 19.27 18.99 18.93 18.96 18.92 18.82 18.92 19.09 18.78 18.96 18.94 18.80 18.91 18.74 18.68 18.86 18.77 18.51 18.79 18.64 18.78 18.65 18.65 18.48 18.52 18.71 18.41 18.54 18.64 18.33 18.27 18.49 18.24 18.42 18.24 18.49 18.13
18.34 18.34 18.51 18.37 18.51 18.69 18.81 18.62 18.61 18.76 18.82 18.75 18.94 18.97 18.88 18.75 18.88 18.84 19.10 19.07 19.17 19.05 18.88 18.81 18.87 18.91 18.86 18.88 18.81 18.93 18.93 18.96 18.99 19.03 18.96 18.96 18.97 19.02 19.01 19.03 19.26 18.98 19.03 18.91 18.94 18.82 18.92 18.96 18.73 18.84 18.65 18.55 18.80 18.77 18.75 18.91 18.70 18.46 18.74 18.70 18.44 18.74 18.66 18.41 18.43 18.47 18.48 18.27 18.54 18.45 18.43 18.14 18.19 18.26 18.19 18.17 17.92
17.74 18.39 17.90 18.29 18.64 18.57 18.54 18.61 18.73 18.89 18.69 18.87 18.92 18.87 18.79 18.77 18.79 18.92 19.22 18.84 19.06 18.85 18.81 18.75 18.79 18.75 18.66 18.67 18.50 18.58 18.75 18.71 18.97 18.80 18.85 18.90 18.90 18.88 18.92 19.02 18.96 18.88 18.85 18.90 18.85 18.88 18.86 18.82 18.78 18.79 18.64 18.65 18.76 18.60 18.70 18.62 18.59 18.45 18.52 18.60 18.57 18.73 18.69 18.65 18.58 18.61 18.57 18.41 18.54 18.43 18.23 18.32 18.49 18.20 18.36 18.15 18.38
17.58 17.70 17.88 18.08 18.05 18.25 18.46 18.57 18.73 18.72 18.89 18.91 18.76 18.72 18.54 19.08 19.07 18.96 18.98 18.99 18.97 18.77 18.50 18.37 18.39 18.40 18.23 18.39 18.29 18.36 18.55 18.57 18.69 18.73 18.77 18.72 18.87 18.83 18.72 18.79 18.78 18.83 18.68 18.82 18.64 18.78 18.85 18.92 18.95 18.83 18.81 18.69 18.72 18.71 18.67 18.59 18.61 18.65 18.52 18.65 18.57 18.61 18.77 18.70 18.47 18.62 18.35 18.46 18.38 18.48 18.40 18.37 18.57 18.34 18.56 18.43 18.28
17.34 17.40 17.56 17.74 17.96 18.34 18.46 18.65 18.82 18.62 18.70 18.82 18.77 19.07 18.98 18.93 18.62 18.38 18.66 18.47 18.77 18.81 18.22 18.33 18.19 18.24 18.25 18.27 18.29 18.41 18.25 18.47 18.50 18.52 18.55 18.54 18.43 18.57 18.62 18.65 18.67 18.76 18.62 18.73 18.69 18.71 18.68 18.66 18.91 18.98 18.84 18.81 18.76 18.70 18.55 18.68 18.76 18.43 18.57 18.46 18.72 18.73 18.75 18.58 18.64 18.68 18.34 18.47 18.50 18.72 18.37 18.50 18.52 18.29 18.38 18.36 18.50
17.43 17.52 17.70 17.67 17.68 18.00 17.93 18.24 18.33 18.50 18.42 18.50 18.42 18.31 17.58 17.77 17.91 18.04 18.23 18.12 18.40 18.68 18.27 18.30 18.27 18.19 18.20 18.27 18.24 18.42 18.19 18.22 18.33 18.41 18.34 18.53 18.35 18.40 18.47 18.47 18.49 19.02 18.50 18.77 18.53 18.54 18.68 18.68 18.68 18.75 18.84 18.79 18.66 18.85 18.66 18.72 18.80 18.74 18.69 18.68 18.60 18.71 18.59 18.59 18.72 18.61 18.62 18.47 18.58 18.69 18.49 18.62 18.48 18.57 18.35 18.53 18.25
17.68 17.82 17.55 17.52 17.45 17.26 17.69 17.60 17.96 17.96 18.07 17.53 17.37 17.07 17.46 17.70 18.17 18.59 18.12 18.20 17.85 17.49 17.86 17.82 17.82 18.12 18.01 18.02 18.03 18.31 18.12 18.08 18.36 18.32 18.05 18.27 18.25 18.26 18.31 18.35 18.19 18.86 18.94 18.83 18.38 18.46 18.54 18.57 18.43 18.49 18.63 18.70 18.60 18.69 18.74 18.68 18.48 18.55 18.57 18.59 18.59 18.71 18.45 18.61 18.70 18.33 18.16 18.64 18.30 18.52 18.48 18.06 18.49 18.40 17.85 18.22 18.22
17.24 16.97 17.22 17.21 17.33 17.22 17.13 17.54 17.36 17.72 17.57 17.58 17.47 17.50 17.69 17.37 17.91 18.09 17.67 17.59 17.36 17.57 17.37 17.47 17.59 17.32 17.65 17.98 17.91 17.74 17.87 17.92 17.73 17.77 17.77 17.93 18.02 18.11 17.78 18.19 18.06 18.42 18.77 18.54 18.32 18.23 18.06 18.15 18.11 18.36 18.15 18.40 18.45 18.15 18.47 18.47 18.28 18.27 18.24 18.52 18.54 18.53 18.38 18.53 18.56 18.25 18.04 18.23 18.20 18.22 17.84 17.83 18.02 17.93 18.10 18.02 18.19
16.75 16.67 16.64 17.22 17.49 17.68 17.59 17.10 17.44 17.06 16.88 17.34 17.42 17.82 17.54 17.71 17.02 17.30 17.01 17.18 16.60 16.74 17.03 16.88 16.51 16.85 16.68 17.26 17.69 17.80 17.15 17.42 17.45 17.36 17.19 17.38 17.58 17.29 17.57 18.02 17.72 18.64 18.57 18.26 18.11 18.04 17.99 18.14 18.14 17.98 18.42 18.34 18.57 18.39 18.07 18.17 18.25 17.95 18.18 18.22 18.42 18.39 18.23 18.33 18.52 18.21 18.32 18.25 18.45 18.23 17.97 18.17 17.74 17.29 17.63 17.43 17.64
16.76 16.65 17.12 17.79 17.49 17.62 17.95 17.64 17.50 17.30 17.36 17.54 17.08 16.91 16.79 17.44 17.27 17.29 16.53 16.38 16.89 16.51 16.75 16.54 16.93 16.95 17.13 17.54 17.10 17.54 17.25 17.30 16.68 17.12 17.41 17.32 17.37 17.54 17.43 17.73 17.39 17.90 18.21 18.39 17.57 17.83 17.97 17.88 17.97 17.76 18.01 17.98 18.33 18.14 18.12 17.87 18.01 17.99 18.10 18.07 18.18 18.18 18.27 18.09 18.57 18.04 18.14 18.15 18.24 17.82 18.04 18.01 18.09 17.92 17.65 17.81 17.41
16.82 17.02 17.14 17.44 17.79 17.54 17.64 17.78 17.71 17.52 17.09 16.81 16.75 16.77 16.63 17.10 17.30 17.27 16.80 16.41 16.47 16.51 16.48 16.50 17.10 17.15 17.11 16.55 16.81 16.77 16.41 16.85 16.18 16.43 16.88 16.92 17.07 17.56 17.23 17.30 17.20 17.17 17.48 17.60 17.26 17.49 17.49 17.76 17.16 17.60 17.90 17.58 18.01 17.86 18.03 18.24 17.89 18.09 17.93 18.17 18.01 18.14 18.17 18.17 18.44 18.10 18.13 18.24 17.81 18.07 18.08 17.83 17.39 17.87 17.47 17.76 17.54
16.62 16.41 16.42 17.02 17.20 17.13 17.10 17.39 17.60 16.86 16.97 16.54 16.45 16.45 16.12 16.63 16.46 16.31 16.14 15.92 16.15 16.02 16.04 16.22 15.99 16.62 16.71 16.49 16.68 16.32 16.64 17.21 16.70 16.37 16.84 16.34 16.61 17.04 16.24 16.26 16.48 16.98 16.84 16.86 17.15 16.73 16.98 16.63 17.20 16.60 16.92 17.24 17.19 17.59 17.50 17.63 17.86 18.00 17.73 17.67 17.63 17.71 17.80 17.78 18.03 17.94 17.96 17.84 17.44 17.57 17.79 17.61 17.62 17.51 17.86 17.59 17.46
15.93 16.00 16.48 17.14 16.76 17.06 16.72 16.55 16.65 16.22 15.93 16.13 16.06 15.72 15.85 16.32 16.42 15.97 15.91 16.15 15.88 15.61 15.97 16.04 16.51 16.08 16.73 16.14 15.82 15.77 16.02 16.18 16.44 15.84 16.08 15.72 16.01 15.89 15.55 16.30 16.64 16.66 16.49 16.99 16.50 17.17 16.65 16.98 16.61 16.73 16.51 16.84 16.84 17.03 16.67 17.11 17.04 17.08 17.09 17.54 17.60 17.79 17.94 17.49 17.34 17.43 17.60 17.25 17.30 17.30 16.85 16.69 16.60 16.69 17.12 17.07 16.59
16.08 16.10 16.57 16.23 15.98 16.05 16.04 16.17 15.95 15.79 15.51 15.48 16.09 15.89 16.30 16.47 16.21 16.41 16.22 16.45 15.91 15.68 15.59 15.03 15.19 15.00 15.61 15.71 15.17 15.79 15.75 15.96 15.79 16.33 16.18 16.33 16.28 16.29 16.26 16.37 16.50 16.92 16.86 17.23 16.83 16.68 16.47 16.33 16.38 16.35 16.24 16.52 16.24 16.89 17.12 17.07 16.97 17.22 17.61 17.45 16.97 16.93 17.26 17.52 17.26 17.50 17.23 16.50 17.01 17.06 16.83 17.45 17.49 17.46 17.32 17.18 17.36
15.84 16.05 16.10 16.07 16.03 15.86 15.53 15.67 15.66 15.88 16.21 15.10 15.96 16.26 15.32 15.44 15.54 15.40 15.74 15.88 15.42 14.95 15.16 14.86 15.57 15.73 16.07 16.38 16.32 16.33 16.69 16.85 17.20 16.89 16.70 16.54 17.32 16.93 16.65 16.26 16.85 16.56 16.42 16.14 17.06 16.49 17.09 16.89 16.64 16.98 16.90 16.35 16.39 16.23 16.56 16.33 16.90 16.55 16.50 16.59 16.80 16.30 16.70 17.56 17.19 17.45 17.45 16.84 17.08 16.57 17.04 16.79 16.24 16.45 17.31 16.96 17.44
15.76 15.91 14.76 14.98 15.30 15.79 15.33 15.24 15.58 15.46 15.72 15.50 16.07 15.44 15.15 14.86 15.46 14.54 15.22 15.23 15.80 16.77 15.96 16.32 16.10 16.14 16.42 16.26 16.04 16.20 16.05 16.46 16.47 16.37 16.97 16.49 15.99 15.86 16.01 16.17 15.73 16.27 16.09 15.63 16.01 16.27 16.06 15.96 16.35 15.78 15.13 15.51 15.27 15.21 14.85 14.71 15.46 15.82 16.05 16.55 17.12 16.78 16.31 16.59 16.62 17.32 17.08 16.29 17.18 16.91 17.20 17.53 17.92 17.12 17.28 17.47 16.89
16.39 15.96 15.18 14.71 14.08 15.00 15.40 15.46 15.34 14.88 14.82 15.18 15.99 15.13 15.97 15.49 14.64 15.22 15.75 15.34 14.96 15.75 15.24 15.51 15.60 15.04 14.69 15.02 14.81 15.47 15.85 15.73 15.64 15.53 15.69 16.52 16.17 16.34 16.70 16.48 15.80 15.93 15.48 15.07 15.17 14.88 14.44 14.57 14.37 15.37 15.39 13.65 15.28 15.54 15.37 14.14 15.01 15.49 15.66 15.23 15.34 15.74 16.31 15.90 15.78 15.98 16.86 16.45 16.65 17.10 17.18 17.24 17.36 17.34 17.05 16.51 17.81
16.43 15.63 15.76 15.37 14.58 14.92 14.59 15.24 15.22 15.86 14.81 14.94 15.86 15.87 15.89 15.88 15.08 15.25 15.24 15.50 15.82 16.08 15.25 15.88 15.42 15.44 15.56 15.06 14.81 15.01 15.35 15.14 15.44 15.49 15.72 16.34 16.00 15.88 15.78 15.88 14.87 15.44 15.21 14.92 14.95 13.80 13.99 14.16 14.43 14.53 15.03 14.83 13.82 13.59 14.86 15.36 14.65 14.75 14.00 14.96 15.24 15.70 15.23 14.77 16.25 15.89 16.10 16.11 15.75 16.90 17.14 17.08 16.99 17.57 16.81 17.00 17.27
16.13 15.86 15.45 15.93 15.26 14.84 14.84 14.91 15.18 15.00 14.76 14.27 14.31 15.44 15.55 15.14 14.85 15.64 15.46 15.75 14.97 15.48 16.38 16.66 16.75 16.93 15.82 15.44 15.09 14.54 14.72 14.49 14.23 14.73 15.36 15.21 15.63 15.94 15.72 14.83 15.19 14.47 14.68 14.79 14.73 14.46 13.26 14.20 14.21 14.10 12.70 13.47 14.29 13.98 12.96 13.74 14.12 14.63 14.86 15.89 15.23 14.37 14.97 14.91 15.93 15.99 16.41 15.94 16.85 16.52 16.56 17.44 17.93 17.14 17.27 17.18 16.51
16.02 15.53 15.54 15.00 14.74 15.43 14.77 14.46 14.21 14.68 14.86 15.22 14.67 15.39 15.63 16.18 15.52 15.67 15.70 14.97 15.02 15.61 15.61 15.78 16.20 16.22 15.42 15.61 15.95 14.59 14.77 14.54 14.33 14.12 15.07 14.96 14.56 15.08 15.31 15.59 15.15 15.30 15.44 15.08 14.83 14.38 13.73 14.03 14.34 13.79 13.95 14.20 14.91 13.72 14.27 14.57 15.28 14.74 14.31 15.17 15.67 15.61 14.76 16.64 16.05 16.62 16.70 15.93 16.69 16.97 17.11 16.33 16.58 16.10 15.77 15.94 16.60
16.15 15.53 14.40 15.05 15.61 14.99 14.39 14.19 14.73 14.56 15.20 15.83 15.00 15.19 15.20 15.56 16.17 14.40 15.22 15.18 13.97 14.10 14.63 14.27 15.21 14.87 14.76 15.31 15.23 15.96 15.55 14.42 14.59 14.72 14.26 13.91 14.50 14.76 14.54 14.43 14.81 15.50 15.51 14.61 15.47 14.93 14.39 14.41 13.95 13.97 13.39 14.43 14.14 14.59 14.92 14.21 14.55 14.52 14.92 15.19 16.17 16.56 16.42 16.45 15.67 16.35 15.49 16.03 15.53 15.02 16.13 15.84 15.58 16.78 16.56 16.71 16.51
15.22 15.07 14.90 15.37 16.24 15.31 15.10 14.70 14.55 14.65 14.21 14.47 14.59 14.32 14.35 14.48 15.11 14.30 14.92 14.89 15.02 14.35 14.32 14.61 14.41 14.67 14.58 14.40 15.07 14.47 15.32 14.78 13.65 13.48 13.77 14.04 13.94 14.45 14.98 14.98 14.75 15.07 14.93 15.02 14.91 14.17 14.43 13.80 14.60 14.76 14.03 14.05 13.55 14.76 14.40 13.67 13.61 14.28 14.98 14.37 14.61 15.56 16.61 15.05 14.99 13.94 15.90 14.87 15.10 14.37 13.54 15.94 16.23 16.50 16.12 16.00 15.92
15.23 15.52 14.47 15.07 15.97 15.40 15.15 15.46 14.99 14.51 14.80 15.03 15.05 14.66 14.14 13.47 14.46 14.77 14.33 14.76 15.42 15.44 14.50 14.27 14.76 14.57 14.72 15.02 14.18 14.38 15.21 15.48 14.59 14.12 14.69 13.82 13.90 14.05 14.25 14.15 14.15 14.58 14.88 14.83 15.17 14.27 14.29 14.05 13.68 14.13 14.18 13.71 13.45 13.72 13.82 14.17 13.00 13.36 13.93 14.95 15.49 15.84 14.96 14.71 14.41 14.84 14.07 15.30 16.09 15.47 14.70 15.28 17.00 16.94 16.03 16.68 16.90
16.31 16.51 16.89 16.15 16.20 16.51 14.98 15.24 15.49 15.03 15.24 15.91 14.52 14.36 14.54 13.15 13.42 14.61 14.73 13.85 14.80 15.16 14.99 13.97 13.96 14.96 14.63 14.93 14.39 14.26 14.85 14.67 14.67 14.41 13.78 14.36 14.31 13.49 14.31 14.13 14.02 13.48 13.67 13.98 14.45 14.10 14.87 14.81 13.62 14.20 14.16 13.35 12.87 12.91 13.00 14.59 14.00 12.82 12.43 14.34 13.85 13.88 14.91 15.11 14.50 15.26 13.84 13.96 14.83 15.81 14.36 15.56 15.39 15.23 15.55 15.86 16.37
15.40 15.91 16.05 15.90 15.82 15.85 14.97 15.39 15.55 15.43 14.65 14.66 15.57 14.49 14.00 13.85 13.55 13.87 14.31 14.48 14.76 14.39 15.45 15.01 14.73 14.80 15.46 15.12 14.71 14.54 14.41 14.39 15.32 15.00 14.38 14.24 14.21 14.12 14.05 13.35 13.49 13.83 13.77 13.90 14.96 13.73 14.37 14.32 13.02 12.96 14.30 12.98 12.44 14.00 14.30 12.27 13.61 12.17 11.32 12.31 13.83 13.94 13.15 14.95 15.03 14.20 14.36 12.66 13.48 13.40 13.50 14.65 15.42 15.08 15.19 15.39 15.86
14.03 13.75 14.17 16.10 15.43 14.83 13.95 14.49 15.67 15.78 15.11 14.63 15.85 15.20 14.25 14.98 14.43 14.55 14.44 14.50 14.29 13.62 14.49 15.31 14.76 14.68 16.09 15.56 14.55 16.12 14.97 14.57 13.42 14.02 14.66 15.07 15.49 15.19 14.66 14.40 14.15 12.84 13.07 12.61 13.58 13.66 12.60 13.05 12.38 12.07 13.60 13.40 12.87 12.90 14.16 14.56 14.69 14.70 14.45 14.01 15.17 14.33 14.56 14.88 14.95 15.23 14.68 15.39 14.99 14.43 13.72 14.56 15.10 15.15 15.74 14.74 14.81
15.52 14.03 14.21 15.74 14.91 15.03 13.24 13.17 15.06 14.93 15.33 14.02 16.18 16.27 14.79 14.66 14.98 13.86 14.61 15.00 14.45 14.48 13.97 14.04 14.87 15.65 14.93 15.48 15.86 15.37 15.03 14.97 13.98 14.12 13.70 14.01 14.11 14.31 13.91 13.67 13.52 13.16 13.27 13.60 13.92 13.45 13.06 13.67 12.47 14.33 11.86 12.75 12.64 12.28 12.62 12.12 11.29 12.18 12.80 13.65 14.80 14.52 15.84 14.52 13.88 14.47 14.90 15.52 14.29 14.63 14.11 13.83 13.66 13.41 14.45 14.76 14.27
15.01 16.15 15.28 15.54 15.37 15.01 14.76 13.15 14.54 14.99 15.10 13.62 15.15 16.60 14.94 14.25 14.44 13.97 13.59 15.00 14.45 15.02 14.22 14.14 13.89 15.08 15.69 15.40 15.50 15.73 15.37 15.25 14.63 13.52 12.80 13.66 13.26 13.79 13.09 14.32 13.53 13.55 13.45 13.98 13.53 13.18 12.75 13.72 14.01 12.78 12.70 12.49 12.08 11.98 12.46 12.40 12.37 12.16 12.98 13.43 14.84 15.36 15.54 14.10 14.57 15.70 15.05 16.79 14.92 14.36 13.93 13.27 14.65 13.81 14.27 15.42 13.75
14.40 15.32 14.90 14.27 14.60 13.89 14.88 14.90 14.35 13.83 15.08 13.79 13.54 14.77 15.65 15.34 14.53 14.33 14.06 15.18 14.52 13.61 13.87 14.76 14.02 13.33 14.73 14.40 14.01 15.16 16.26 15.08 14.55 14.83 14.55 13.61 14.34 13.77 14.58 14.66 13.63 13.83 13.28 13.43 13.21 14.00 13.34 13.61 14.47 13.51 12.83 12.46 13.40 12.73 13.89 13.85 13.59 12.80 13.73 14.14 15.16 15.61 15.72 14.72 14.85 15.03 15.90 15.63 15.00 13.68 14.14 14.85 14.63 15.43 15.13 15.80 13.91
14.00 14.54 14.60 14.55 14.40 13.68 14.05 14.71 14.48 15.29 12.32 13.30 11.91 13.89 16.59 15.59 15.60 15.46 14.64 14.45 14.94 14.54 14.58 14.87 13.93 12.80 13.39 14.78 14.66 14.69 14.85 14.58 15.44 14.96 14.07 13.98 14.63 13.88 13.03 13.57 13.33 12.00 13.66 12.72 12.78 13.47 14.14 12.74 12.17 14.04 13.91 15.22 14.49 15.28 15.50 15.08 14.45 13.55 14.65 14.94 15.35 14.86 15.47 15.77 14.36 14.23 15.26 15.62 15.43 15.38 14.94 15.22 15.13 15.25 16.14 17.10 16.61
13.80 14.86 15.22 14.73 14.37 13.43 13.08 13.27 13.86 14.30 12.94 12.95 12.05 12.78 15.73 15.39 15.69 15.80 14.63 14.77 15.83 15.02 14.61 14.33 14.41 14.51 14.26 14.82 15.04 14.69 14.82 14.77 15.21 14.75 14.74 14.36 13.51 13.59 13.77 14.10 13.59 12.60 14.30 14.02 12.60 12.12 13.97 13.21 14.06 13.92 14.19 14.57 15.10 15.21 15.69 15.31 15.16 15.82 15.28 14.62 15.50 14.52 14.35 15.67 14.80 13.49 13.87 13.82 13.52 14.19 14.71 15.14 14.53 15.39 15.12 15.31 14.32
14.17 14.98 14.98 14.31 12.96 14.12 13.46 13.26 13.24 13.96 13.85 13.29 12.83 13.78 15.01 15.95 15.63 15.96 15.06 13.64 15.45 15.51 14.07 13.96 13.66 13.87 14.37 14.76 14.03 14.43 14.72 14.41 14.43 14.22 14.23 15.06 14.27 14.76 14.66 14.69 14.58 14.38 14.73 14.16 12.93 12.83 14.24 13.17 12.68 11.81 13.40 13.74 14.77 15.36 15.31 15.44 15.14 15.22 15.24 15.54 15.62 16.17 14.80 16.25 15.84 13.88 14.94 14.94 14.99 15.20 15.19 15.57 15.41 15.51 16.43 15.70 14.87
14.36 14.21 12.37 13.81 13.85 13.45 12.86 12.85 13.34 13.82 13.85 13.73 13.28 14.04 14.64 15.03 15.86 15.83 15.37 14.19 14.32 14.56 13.54 13.45 12.64 13.02 13.99 14.63 13.81 13.84 14.63 14.03 13.52 14.93 13.93 15.46 15.85 15.22 15.57 15.16 14.00 15.04 13.58 12.31 13.37 13.67 13.49 13.94 13.45 13.35 13.82 14.28 13.28 13.02 13.76 15.27 13.45 14.44 13.99 13.92 14.28 15.39 14.59 13.33 13.34 13.06 13.49 14.40 14.11 15.21 15.39 13.93 15.52 15.11 15.74 16.47 16.80
13.21 15.56 13.99 14.25 13.83 13.42 13.08 12.56 12.92 14.09 14.29 12.20 13.29 14.55 15.73 16.11 16.35 16.58 16.33 15.75 14.12 13.91 13.33 12.49 12.23 13.03 13.43 14.57 14.39 14.54 14.89 15.41 14.39 15.02 15.33 15.15 15.41 16.12 14.90 13.14 12.73 13.22 12.94 13.43 13.97 11.89 13.88 15.38 15.16 15.17 14.80 14.95 15.21 13.33 13.22 14.83 13.77 12.79 12.06 12.42 14.53 15.38 15.14 14.56 14.18 13.69 15.91 16.13 16.04 15.71 15.97 15.55 14.20 16.01 14.02 14.21 14.54
