main/data/irradiance/05.08.2023.grid
ncols 839
nrows 679
xllcenter 112.0500
yllcenter -43.9500
cellsize 0.0500
nodata_value 99999.90
[rows 374 to 407 of 679, columns 385 to 461 of 839]
15.71 15.76 15.83 15.86 15.85 15.85 15.85 15.86 15.88 15.83 15.86 15.87 15.87 15.87 15.88 15.89 15.77 15.81 15.78 15.83 15.85 15.75 15.73 15.65 15.79 15.83 15.61 15.78 15.65 15.49 15.54 15.73 15.55 15.26 15.20 15.12 15.02 15.16 15.30 15.30 15.30 15.20 15.31 15.34 15.09 15.05 15.21 15.06 15.03 15.17 15.21 15.08 15.03 14.91 15.10 15.37 15.31 15.20 15.27 15.37 15.30 15.35 15.09 14.97 14.41 14.47 14.63 14.38 14.26 15.18 15.33 15.39 15.35 15.35 15.10 14.20 13.98
15.75 15.76 15.72 15.75 15.76 15.80 15.86 15.85 15.85 15.88 15.91 15.89 15.90 15.87 15.80 15.85 15.79 15.75 15.85 15.58 15.76 15.74 15.72 15.60 15.79 15.80 15.60 15.84 15.70 15.71 15.74 15.69 15.62 15.59 15.53 15.50 15.43 15.40 15.38 15.37 15.39 15.26 15.22 15.29 15.35 15.31 15.25 15.19 15.14 15.35 15.24 15.23 15.21 15.23 15.07 15.12 15.19 15.13 15.24 15.40 15.35 15.23 15.26 15.31 15.00 15.00 14.94 14.30 14.73 15.13 15.29 15.28 15.34 15.42 15.26 14.12 13.64
15.78 15.77 15.72 15.71 15.73 15.67 15.65 15.68 15.75 15.80 15.83 15.85 15.85 15.86 15.87 15.82 15.87 15.86 15.83 15.61 15.77 15.68 15.61 15.60 15.88 15.86 15.71 15.78 15.85 15.83 15.78 15.77 15.72 15.71 15.74 15.69 15.66 15.51 15.49 15.52 15.49 15.25 15.16 15.22 15.30 15.32 15.11 15.19 15.19 15.42 15.56 15.41 15.39 15.47 15.16 15.05 15.04 14.84 15.14 15.20 15.08 15.07 15.23 15.16 15.33 15.49 15.27 14.70 15.17 15.22 15.15 15.20 15.18 15.21 15.06 14.40 14.26
15.77 15.75 15.77 15.74 15.77 15.73 15.66 15.69 15.69 15.65 15.81 15.74 15.79 15.82 15.80 15.93 15.92 15.88 15.89 15.88 15.85 15.82 15.83 15.83 15.85 15.83 15.85 15.83 15.84 15.80 15.77 15.75 15.71 15.69 15.73 15.74 15.60 15.58 15.52 15.52 15.54 15.37 15.20 15.19 15.35 15.32 15.23 15.27 15.24 15.42 15.52 15.39 15.43 15.41 15.36 15.36 15.20 15.13 15.19 15.04 15.13 14.86 14.99 15.23 15.25 15.45 15.12 15.10 14.78 14.66 14.83 14.91 14.94 15.03 14.98 14.79 14.81
15.70 15.73 15.80 15.79 15.79 15.78 15.72 15.67 15.71 15.74 15.76 15.76 15.74 15.75 15.85 15.87 15.86 15.86 15.88 15.88 15.88 15.90 15.89 15.89 15.90 15.89 15.88 15.88 15.87 15.85 15.80 15.74 15.73 15.68 15.71 15.69 15.55 15.48 15.47 15.44 15.46 15.37 15.37 15.32 15.45 15.48 15.37 15.44 15.28 15.41 15.45 15.41 15.31 15.35 15.18 15.15 15.22 15.28 15.43 15.33 15.21 15.05 14.94 15.13 15.25 15.26 14.97 14.97 14.21 14.34 14.68 15.31 15.08 15.42 14.99 15.23 15.21
15.76 15.78 15.77 15.79 15.76 15.78 15.77 15.79 15.78 15.76 15.76 15.78 15.79 15.76 15.79 15.81 15.82 15.83 15.85 15.85 15.87 15.86 15.88 15.89 15.88 15.88 15.88 15.88 15.89 15.89 15.86 15.78 15.75 15.72 15.72 15.65 15.66 15.40 15.56 15.58 15.48 15.44 15.42 15.10 15.22 15.42 15.23 15.40 15.18 15.21 15.21 15.30 15.36 15.33 14.96 15.16 15.51 15.57 15.36 15.33 15.30 14.99 14.56 14.65 15.31 15.25 14.88 14.77 14.78 14.96 14.86 15.11 15.16 15.54 15.54 15.47 15.62
15.73 15.77 15.76 15.74 15.77 15.78 15.75 15.78 15.77 15.79 15.79 15.79 15.76 15.76 15.79 15.81 15.84 15.83 15.84 15.85 15.84 15.84 15.84 15.86 15.87 15.85 15.84 15.84 15.85 15.87 15.86 15.84 15.76 15.74 15.75 15.72 15.69 15.60 15.59 15.57 15.55 15.43 15.32 15.41 15.30 15.50 15.23 15.17 15.24 15.33 15.45 15.54 15.30 15.19 15.31 15.20 15.37 15.45 15.29 15.13 15.17 15.14 15.09 15.25 15.21 15.08 14.82 15.07 14.96 15.07 15.16 15.30 15.37 15.42 15.64 15.64 15.21
15.75 15.75 15.71 15.72 15.73 15.75 15.79 15.77 15.73 15.75 15.79 15.80 15.79 15.75 15.78 15.79 15.82 15.82 15.82 15.83 15.82 15.83 15.82 15.81 15.81 15.81 15.81 15.80 15.81 15.80 15.81 15.83 15.78 15.74 15.70 15.65 15.67 15.60 15.59 15.70 15.49 15.36 15.59 15.76 15.70 15.71 15.56 15.45 15.39 15.43 15.70 15.66 15.56 15.50 15.55 15.46 15.14 15.12 15.31 15.21 15.22 15.11 15.27 15.50 15.47 15.33 15.22 15.03 15.21 15.23 15.31 15.42 15.60 15.66 15.41 15.36 15.07
15.68 15.68 15.68 15.67 15.67 15.69 15.73 15.76 15.69 15.68 15.71 15.74 15.76 15.77 15.78 15.78 15.78 15.79 15.80 15.81 15.81 15.81 15.81 15.80 15.80 15.78 15.80 15.79 15.78 15.78 15.77 15.78 15.78 15.77 15.71 15.61 15.61 15.65 15.70 15.60 15.63 15.48 15.56 15.68 15.69 15.71 15.73 15.68 15.56 15.61 15.66 15.63 15.61 15.59 15.71 15.54 15.35 15.26 15.37 15.27 15.36 15.42 15.15 15.18 15.28 15.18 15.37 14.93 15.21 15.27 15.69 15.70 15.73 15.83 15.77 15.38 15.24
15.70 15.68 15.65 15.62 15.63 15.60 15.65 15.66 15.69 15.70 15.67 15.65 15.73 15.75 15.77 15.76 15.76 15.76 15.73 15.73 15.76 15.78 15.79 15.79 15.78 15.76 15.76 15.75 15.76 15.75 15.76 15.74 15.74 15.75 15.76 15.76 15.73 15.69 15.74 15.74 15.64 15.65 15.64 15.67 15.72 15.72 15.75 15.74 15.71 15.72 15.70 15.66 15.67 15.60 15.64 15.60 15.66 15.61 15.55 15.34 15.29 15.43 15.22 15.45 15.62 15.71 15.74 15.26 15.30 15.37 15.72 15.63 15.80 15.80 15.81 15.67 15.69
15.69 15.68 15.69 15.68 15.67 15.64 15.61 15.65 15.67 15.65 15.63 15.63 15.65 15.69 15.73 15.73 15.75 15.73 15.69 15.70 15.70 15.72 15.73 15.75 15.74 15.72 15.70 15.73 15.73 15.74 15.73 15.74 15.73 15.72 15.73 15.73 15.74 15.73 15.73 15.72 15.72 15.71 15.71 15.73 15.74 15.75 15.73 15.76 15.76 15.74 15.73 15.67 15.60 15.62 15.64 15.65 15.60 15.56 15.56 15.46 15.21 15.28 15.45 15.56 15.69 15.74 15.74 15.46 15.47 15.36 15.55 15.20 15.69 15.77 15.81 15.71 15.70
15.70 15.65 15.65 15.66 15.66 15.65 15.67 15.65 15.62 15.62 15.63 15.61 15.63 15.65 15.68 15.70 15.71 15.69 15.67 15.69 15.70 15.68 15.66 15.67 15.68 15.68 15.66 15.65 15.68 15.68 15.69 15.69 15.69 15.69 15.69 15.69 15.68 15.68 15.67 15.67 15.67 15.67 15.69 15.67 15.68 15.72 15.73 15.73 15.69 15.66 15.66 15.68 15.67 15.67 15.66 15.63 15.60 15.69 15.63 15.59 15.43 15.38 15.63 15.70 15.68 15.75 15.73 15.65 15.52 15.49 15.55 15.48 15.69 15.74 15.77 15.70 15.69
15.66 15.64 15.63 15.62 15.63 15.63 15.64 15.64 15.65 15.65 15.63 15.63 15.64 15.65 15.68 15.67 15.67 15.68 15.67 15.69 15.69 15.67 15.65 15.61 15.62 15.63 15.65 15.63 15.62 15.62 15.60 15.63 15.65 15.65 15.65 15.65 15.64 15.62 15.64 15.66 15.66 15.65 15.63 15.62 15.63 15.62 15.65 15.66 15.68 15.68 15.67 15.67 15.67 15.68 15.66 15.62 15.59 15.66 15.66 15.58 15.59 15.54 15.65 15.71 15.70 15.68 15.66 15.64 15.53 15.47 15.51 15.59 15.62 15.70 15.72 15.71 15.65
15.60 15.61 15.63 15.61 15.59 15.59 15.58 15.57 15.60 15.63 15.63 15.64 15.63 15.64 15.66 15.66 15.65 15.66 15.67 15.67 15.69 15.70 15.65 15.62 15.61 15.63 15.62 15.61 15.60 15.61 15.60 15.59 15.60 15.61 15.62 15.63 15.60 15.58 15.61 15.64 15.63 15.64 15.63 15.62 15.61 15.61 15.62 15.61 15.62 15.61 15.67 15.66 15.65 15.66 15.65 15.67 15.65 15.65 15.65 15.63 15.63 15.62 15.65 15.64 15.68 15.68 15.68 15.66 15.60 15.50 15.49 15.67 15.66 15.60 15.63 15.70 15.61
15.57 15.58 15.59 15.57 15.58 15.60 15.56 15.56 15.58 15.58 15.62 15.61 15.63 15.65 15.64 15.62 15.64 15.63 15.67 15.68 15.67 15.66 15.64 15.58 15.57 15.56 15.54 15.55 15.57 15.55 15.56 15.58 15.58 15.61 15.59 15.59 15.60 15.58 15.60 15.61 15.62 15.61 15.60 15.59 15.60 15.61 15.60 15.61 15.60 15.58 15.60 15.63 15.61 15.61 15.61 15.62 15.61 15.62 15.61 15.62 15.64 15.64 15.62 15.56 15.63 15.66 15.67 15.62 15.60 15.53 15.53 15.57 15.60 15.57 15.65 15.60 15.57
15.57 15.57 15.56 15.54 15.56 15.55 15.55 15.54 15.55 15.56 15.55 15.58 15.61 15.61 15.62 15.62 15.60 15.61 15.65 15.63 15.62 15.61 15.60 15.58 15.55 15.52 15.53 15.53 15.51 15.49 15.51 15.54 15.57 15.58 15.57 15.57 15.57 15.56 15.55 15.57 15.57 15.57 15.57 15.56 15.58 15.58 15.58 15.58 15.56 15.58 15.56 15.55 15.52 15.61 15.63 15.62 15.61 15.61 15.61 15.61 15.62 15.59 15.57 15.50 15.57 15.60 15.63 15.58 15.60 15.50 15.55 15.57 15.53 15.52 15.53 15.54 15.57
15.54 15.55 15.55 15.54 15.54 15.52 15.53 15.52 15.51 15.54 15.54 15.54 15.57 15.57 15.56 15.59 15.59 15.59 15.60 15.59 15.59 15.58 15.58 15.54 15.54 15.53 15.51 15.50 15.47 15.46 15.49 15.50 15.51 15.52 15.55 15.53 15.54 15.53 15.53 15.52 15.53 15.54 15.52 15.55 15.53 15.56 15.54 15.56 15.53 15.44 15.47 15.55 15.54 15.57 15.62 15.62 15.60 15.58 15.58 15.56 15.58 15.58 15.60 15.60 15.59 15.57 15.55 15.52 15.53 15.54 15.48 15.48 15.46 15.49 15.51 15.54 15.56
15.52 15.51 15.51 15.51 15.51 15.51 15.51 15.49 15.49 15.49 15.48 15.49 15.53 15.54 15.54 15.54 15.55 15.57 15.57 15.55 15.54 15.54 15.54 15.50 15.54 15.50 15.50 15.39 15.42 15.49 15.48 15.47 15.50 15.48 15.50 15.51 15.48 15.51 15.51 15.50 15.47 15.46 15.48 15.49 15.51 15.51 15.52 15.52 15.47 15.41 15.52 15.54 15.55 15.54 15.56 15.58 15.56 15.57 15.54 15.55 15.57 15.57 15.57 15.57 15.54 15.54 15.43 15.52 15.51 15.54 15.50 15.44 15.44 15.47 15.47 15.49 15.54
15.50 15.48 15.48 15.47 15.47 15.47 15.47 15.44 15.47 15.46 15.45 15.45 15.46 15.48 15.48 15.50 15.53 15.54 15.54 15.55 15.54 15.52 15.49 15.44 15.43 15.51 15.48 15.49 15.43 15.48 15.41 15.45 15.48 15.46 15.46 15.46 15.48 15.46 15.44 15.40 15.38 15.43 15.42 15.44 15.46 15.44 15.45 15.47 15.49 15.52 15.52 15.53 15.52 15.50 15.52 15.50 15.52 15.51 15.53 15.54 15.52 15.55 15.57 15.55 15.53 15.50 15.51 15.51 15.51 15.49 15.48 15.42 15.42 15.41 15.34 15.36 15.43
15.47 15.46 15.46 15.46 15.46 15.45 15.43 15.42 15.45 15.44 15.44 15.45 15.43 15.44 15.40 15.43 15.47 15.50 15.49 15.49 15.46 15.42 15.47 15.45 15.41 15.44 15.44 15.43 15.47 15.44 15.45 15.44 15.44 15.44 15.45 15.47 15.48 15.44 15.39 15.39 15.38 15.43 15.46 15.44 15.37 15.39 15.44 15.39 15.46 15.49 15.49 15.50 15.49 15.48 15.49 15.47 15.49 15.50 15.53 15.52 15.51 15.54 15.53 15.52 15.50 15.49 15.50 15.50 15.48 15.44 15.38 15.37 15.37 15.36 15.31 15.35 15.40
15.45 15.45 15.43 15.43 15.44 15.43 15.40 15.41 15.41 15.40 15.37 15.38 15.35 15.33 15.34 15.34 15.38 15.43 15.45 15.45 15.43 15.38 15.38 15.40 15.45 15.42 15.42 15.38 15.44 15.47 15.46 15.42 15.43 15.45 15.45 15.45 15.45 15.45 15.43 15.41 15.42 15.39 15.39 15.44 15.43 15.41 15.42 15.46 15.46 15.44 15.44 15.45 15.48 15.46 15.44 15.45 15.46 15.47 15.50 15.51 15.52 15.54 15.51 15.52 15.51 15.49 15.50 15.49 15.48 15.44 15.37 15.36 15.36 15.39 15.37 15.37 15.40
15.42 15.42 15.41 15.41 15.41 15.40 15.39 15.37 15.35 15.37 15.35 15.34 15.31 15.28 15.28 15.25 15.23 15.31 15.35 15.38 15.37 15.33 15.24 15.32 15.39 15.36 15.37 15.38 15.35 15.41 15.46 15.45 15.44 15.41 15.46 15.44 15.41 15.41 15.42 15.40 15.36 15.38 15.41 15.40 15.42 15.42 15.41 15.43 15.46 15.43 15.41 15.41 15.45 15.46 15.43 15.44 15.45 15.47 15.47 15.46 15.50 15.50 15.48 15.48 15.51 15.47 15.47 15.47 15.45 15.42 15.37 15.41 15.39 15.39 15.35 15.27 15.26
15.41 15.40 15.40 15.40 15.38 15.36 15.36 15.34 15.34 15.31 15.28 15.32 15.29 15.24 15.26 15.25 15.21 15.24 15.22 15.27 15.31 15.23 15.21 15.21 15.19 15.32 15.37 15.34 15.31 15.32 15.36 15.43 15.41 15.38 15.42 15.41 15.40 15.35 15.34 15.35 15.31 15.37 15.35 15.44 15.44 15.41 15.45 15.43 15.42 15.44 15.43 15.41 15.41 15.44 15.41 15.40 15.45 15.46 15.47 15.45 15.46 15.47 15.40 15.43 15.47 15.46 15.45 15.46 15.46 15.41 15.35 15.33 15.34 15.25 15.25 15.18 15.14
15.38 15.37 15.34 15.34 15.32 15.31 15.34 15.33 15.33 15.31 15.27 15.26 15.24 15.20 15.21 15.17 15.20 15.16 15.14 15.08 15.09 15.16 15.19 15.20 15.18 15.11 15.13 15.25 15.28 15.27 15.28 15.30 15.31 15.37 15.39 15.38 15.41 15.36 15.35 15.30 15.33 15.35 15.39 15.38 15.41 15.43 15.39 15.38 15.35 15.37 15.36 15.41 15.40 15.40 15.42 15.40 15.45 15.43 15.43 15.42 15.42 15.43 15.43 15.40 15.43 15.43 15.43 15.44 15.41 15.38 15.38 15.33 15.22 15.15 15.12 14.90 15.09
15.35 15.34 15.32 15.28 15.27 15.25 15.25 15.25 15.28 15.28 15.24 15.21 15.18 15.15 15.14 15.08 15.08 15.11 15.10 15.11 15.01 14.97 15.05 15.07 15.08 15.09 15.06 15.07 15.09 15.16 15.22 15.27 15.27 15.27 15.30 15.34 15.36 15.35 15.27 15.30 15.36 15.40 15.34 15.33 15.30 15.22 15.28 15.29 15.26 15.28 15.34 15.34 15.37 15.40 15.38 15.39 15.40 15.40 15.40 15.43 15.40 15.40 15.43 15.42 15.40 15.42 15.43 15.41 15.40 15.34 15.31 15.29 15.15 15.12 15.02 14.96 14.85
15.32 15.31 15.27 15.23 15.20 15.19 15.19 15.19 15.19 15.22 15.20 15.17 15.15 15.13 15.09 15.10 15.04 15.01 15.05 15.01 15.00 15.03 14.99 14.96 14.92 14.90 14.92 15.03 15.07 15.11 15.06 15.14 15.18 15.21 15.20 15.20 15.18 15.24 15.28 15.29 15.29 15.27 15.31 15.17 15.21 15.05 15.18 15.16 15.21 15.22 15.27 15.31 15.33 15.39 15.38 15.37 15.38 15.37 15.38 15.37 15.38 15.39 15.41 15.41 15.40 15.39 15.40 15.38 15.35 15.30 15.26 15.19 15.09 15.03 14.93 14.86 14.98
15.25 15.24 15.22 15.20 15.17 15.17 15.17 15.14 15.12 15.10 15.10 15.12 15.09 15.05 14.97 14.96 14.98 15.00 14.97 14.92 14.97 15.02 15.01 14.99 14.93 14.90 14.87 14.88 14.94 14.98 15.00 15.05 15.03 15.08 15.08 15.03 15.05 15.08 15.02 15.14 15.07 15.03 14.82 14.87 14.85 14.80 15.06 15.01 15.06 15.13 15.26 15.22 15.29 15.33 15.33 15.35 15.35 15.36 15.37 15.37 15.34 15.38 15.37 15.35 15.37 15.38 15.38 15.38 15.33 15.33 15.24 15.14 15.17 14.93 14.86 15.00 14.83
15.24 15.22 15.22 15.21 15.21 15.19 15.19 15.15 15.13 15.11 15.10 15.12 15.07 15.02 14.95 14.95 14.93 14.94 14.92 14.93 14.96 14.99 15.02 15.02 14.97 14.90 14.92 14.93 14.96 14.93 14.93 14.93 14.92 14.85 14.88 14.74 14.75 14.56 14.68 14.49 14.52 14.57 14.51 14.38 14.54 14.67 14.79 14.97 14.79 15.00 15.02 15.15 15.21 15.25 15.25 15.28 15.33 15.30 15.32 15.34 15.36 15.37 15.36 15.36 15.36 15.37 15.37 15.37 15.34 15.29 15.23 15.20 15.07 14.79 14.90 14.89 14.59
15.20 15.18 15.16 15.15 15.13 15.13 15.15 15.12 15.10 15.10 15.06 15.08 15.06 15.04 14.97 14.91 14.91 14.98 15.01 14.95 15.01 14.93 14.97 15.05 15.04 15.00 14.98 14.96 14.91 14.90 14.83 14.79 14.72 14.74 14.62 14.45 14.35 14.25 14.19 14.29 14.21 14.27 14.17 14.23 14.36 14.31 14.51 14.67 14.56 14.83 14.89 15.09 15.13 15.15 15.23 15.21 15.26 15.24 15.28 15.33 15.35 15.34 15.35 15.34 15.35 15.35 15.34 15.33 15.32 15.29 15.24 15.04 14.99 14.89 14.67 14.81 14.60
15.16 15.16 15.13 15.11 15.09 15.09 15.11 15.07 15.04 15.02 15.01 15.01 15.02 15.02 15.02 14.94 14.93 14.94 14.94 14.95 14.94 14.98 15.05 15.06 15.07 15.09 15.06 14.99 14.91 14.82 14.78 14.68 14.65 14.68 14.54 14.40 14.27 14.17 14.01 14.03 14.11 14.04 14.05 14.12 14.19 14.26 14.29 14.40 14.50 14.56 14.85 14.90 14.91 15.07 15.09 15.10 15.10 15.09 15.12 15.25 15.29 15.29 15.29 15.29 15.28 15.31 15.29 15.28 15.29 15.25 15.22 15.07 14.98 14.67 14.53 14.65 14.40
15.20 15.17 15.13 15.10 15.08 15.06 15.04 15.05 15.00 15.01 15.00 14.98 15.00 14.99 14.98 14.94 14.92 14.90 14.99 14.96 14.97 15.01 15.05 15.05 15.05 15.06 15.08 15.00 14.91 14.85 14.81 14.74 14.70 14.71 14.69 14.50 14.33 14.10 14.13 13.98 14.00 13.94 13.86 14.15 14.12 14.24 14.26 14.30 14.40 14.43 14.61 14.68 14.89 14.80 14.90 15.00 15.00 15.03 15.13 15.16 15.18 15.23 15.25 15.23 15.22 15.27 15.26 15.27 15.26 15.23 15.17 15.08 14.84 14.66 14.44 14.42 14.40
15.08 15.07 15.09 15.09 15.18 15.10 15.03 15.03 14.95 14.94 14.96 14.96 14.95 14.94 14.93 14.91 14.92 14.95 14.97 14.99 15.01 15.02 15.02 15.07 15.07 15.04 15.03 14.98 14.92 14.85 14.83 14.78 14.77 14.71 14.66 14.57 14.38 14.46 14.28 14.20 14.10 14.01 13.98 13.87 14.01 14.09 14.25 14.29 14.39 14.47 14.50 14.64 14.64 14.82 14.84 14.85 14.97 15.09 15.05 15.10 15.16 15.20 15.24 15.24 15.22 15.22 15.25 15.24 15.24 15.17 15.10 14.99 14.86 14.67 14.32 14.28 14.28
15.07 15.04 15.03 14.96 15.04 15.04 14.98 14.98 14.96 14.96 14.97 14.96 14.96 14.95 14.91 14.90 14.93 14.93 14.94 14.98 15.02 15.03 15.02 15.02 15.00 15.00 14.99 14.94 14.93 14.87 14.82 14.78 14.71 14.67 14.63 14.56 14.52 14.39 14.47 14.29 14.13 14.06 14.00 13.87 13.88 13.98 14.10 14.28 14.35 14.41 14.43 14.53 14.65 14.71 14.79 14.84 14.83 14.93 15.11 15.10 15.14 15.24 15.22 15.18 15.16 15.23 15.22 15.19 15.17 15.11 15.04 14.88 14.70 14.53 14.30 14.05 14.35
15.07 15.02 14.98 14.96 14.95 14.98 14.98 14.92 14.91 14.93 14.97 14.97 15.00 14.96 14.94 14.91 14.90 14.91 14.93 14.96 14.95 14.95 14.95 14.96 14.97 14.97 14.95 14.92 14.92 14.85 14.82 14.75 14.70 14.65 14.56 14.54 14.44 14.37 14.39 14.37 14.24 14.20 14.20 14.02 13.90 13.93 14.07 14.13 14.25 14.30 14.47 14.52 14.69 14.75 14.74 14.80 14.77 14.89 14.93 14.99 15.11 15.16 15.15 15.10 15.13 15.17 15.17 15.18 15.17 15.09 14.95 14.87 14.58 14.48 14.54 14.51 14.21
