main/data/irradiance/05.09.2023.grid
ncols 839
nrows 679
xllcenter 112.0500
yllcenter -43.9500
cellsize 0.0500
nodata_value 99999.90
[rows 408 to 441 of 679, columns 385 to 461 of 839]
19.31 19.29 19.30 19.32 19.25 19.29 19.30 19.30 19.34 19.30 19.30 19.32 19.32 19.27 19.25 19.24 19.27 19.27 19.30 19.30 19.28 19.29 19.29 19.27 19.26 19.25 19.26 19.26 19.24 19.23 19.26 19.30 19.27 19.25 19.24 19.25 19.25 19.24 19.26 19.26 19.25 19.25 19.25 19.27 19.25 19.27 19.28 19.26 19.28 19.26 19.24 19.23 19.24 19.28 19.29 19.30 19.30 19.32 19.33 19.28 19.29 19.33 19.36 19.42 19.37 19.26 19.32 19.30 19.32 19.31 19.33 19.31 19.25 19.25 19.27 19.31 19.32
19.28 19.26 19.24 19.28 19.27 19.22 19.25 19.27 19.33 19.29 19.29 19.29 19.29 19.29 19.27 19.28 19.27 19.24 19.25 19.27 19.27 19.27 19.26 19.28 19.26 19.27 19.25 19.25 19.22 19.22 19.23 19.23 19.20 19.23 19.23 19.25 19.21 19.21 19.22 19.23 19.25 19.24 19.24 19.26 19.25 19.26 19.28 19.25 19.24 19.25 19.23 19.23 19.23 19.22 19.22 19.24 19.23 19.24 19.29 19.24 19.21 19.24 19.24 19.28 19.34 19.31 19.27 19.27 19.31 19.30 19.29 19.24 19.22 19.24 19.28 19.25 19.26
19.23 19.23 19.23 19.25 19.26 19.23 19.26 19.27 19.27 19.27 19.27 19.29 19.28 19.30 19.27 19.26 19.28 19.27 19.24 19.26 19.25 19.25 19.26 19.27 19.27 19.26 19.25 19.24 19.22 19.22 19.20 19.20 19.21 19.21 19.22 19.21 19.22 19.19 19.22 19.22 19.22 19.23 19.23 19.24 19.22 19.21 19.22 19.21 19.21 19.21 19.21 19.23 19.24 19.22 19.22 19.22 19.22 19.21 19.23 19.28 19.24 19.21 19.21 19.25 19.26 19.31 19.24 19.21 19.20 19.22 19.25 19.18 19.22 19.27 19.29 19.27 19.28
19.18 19.18 19.20 19.24 19.23 19.23 19.22 19.21 19.21 19.23 19.23 19.25 19.27 19.26 19.26 19.25 19.27 19.29 19.28 19.27 19.28 19.28 19.25 19.24 19.25 19.25 19.27 19.24 19.22 19.20 19.17 19.17 19.16 19.16 19.17 19.17 19.16 19.18 19.17 19.18 19.20 19.20 19.21 19.20 19.19 19.18 19.17 19.17 19.20 19.17 19.17 19.21 19.20 19.21 19.22 19.21 19.19 19.17 19.20 19.23 19.19 19.16 19.17 19.18 19.21 19.20 19.22 19.21 19.22 19.17 19.21 19.16 19.16 19.22 19.20 19.21 19.20
19.17 19.14 19.14 19.16 19.20 19.23 19.20 19.21 19.21 19.20 19.19 19.21 19.23 19.24 19.24 19.26 19.24 19.24 19.23 19.22 19.24 19.24 19.26 19.26 19.24 19.26 19.25 19.27 19.23 19.21 19.23 19.23 19.26 19.22 19.18 19.17 19.15 19.16 19.15 19.16 19.17 19.21 19.19 19.17 19.14 19.16 19.16 19.20 19.19 19.19 19.19 19.18 19.18 19.16 19.15 19.17 19.16 19.15 19.16 19.18 19.17 19.15 19.14 19.16 19.15 19.21 19.20 19.17 19.17 19.19 19.15 19.13 19.13 19.17 19.18 19.17 19.12
19.19 19.17 19.16 19.18 19.18 19.19 19.19 19.20 19.18 19.17 19.18 19.16 19.18 19.24 19.26 19.27 19.24 19.19 19.20 19.18 19.17 19.17 19.17 19.19 19.18 19.19 19.20 19.17 19.17 19.20 19.20 19.19 19.16 19.18 19.19 19.14 19.14 19.13 19.13 19.11 19.15 19.17 19.18 19.19 19.15 19.17 19.20 19.17 19.16 19.13 19.16 19.13 19.14 19.15 19.14 19.16 19.14 19.16 19.14 19.11 19.10 19.13 19.15 19.12 19.15 19.15 19.15 19.15 19.14 19.14 19.16 19.08 19.14 19.15 19.12 19.13 19.14
19.14 19.15 19.18 19.16 19.15 19.13 19.15 19.18 19.18 19.19 19.17 19.16 19.18 19.21 19.27 19.26 19.23 19.22 19.16 19.15 19.15 19.15 19.15 19.17 19.17 19.16 19.17 19.15 19.14 19.15 19.14 19.12 19.15 19.14 19.15 19.15 19.14 19.11 19.09 19.12 19.14 19.16 19.17 19.16 19.17 19.18 19.16 19.16 19.16 19.15 19.14 19.13 19.12 19.11 19.14 19.14 19.13 19.12 19.11 19.10 19.12 19.12 19.15 19.11 19.09 19.10 19.11 19.12 19.16 19.10 19.09 19.14 19.12 19.10 19.10 19.07 19.10
19.13 19.15 19.17 19.16 19.13 19.09 19.06 19.11 19.17 19.15 19.18 19.13 19.16 19.17 19.18 19.21 19.20 19.17 19.13 19.15 19.14 19.13 19.14 19.16 19.17 19.17 19.14 19.13 19.15 19.17 19.13 19.16 19.13 19.13 19.16 19.19 19.13 19.11 19.09 19.11 19.10 19.10 19.13 19.14 19.13 19.15 19.16 19.14 19.13 19.14 19.13 19.11 19.12 19.08 19.08 19.10 19.11 19.10 19.09 19.09 19.07 19.06 19.03 19.10 19.11 19.06 19.11 19.10 19.08 19.04 19.04 19.09 19.09 19.07 19.08 19.09 19.12
19.15 19.12 19.11 19.16 19.12 19.13 19.12 19.12 19.08 19.06 19.09 19.12 19.12 19.16 19.16 19.11 19.12 19.15 19.09 19.10 19.12 19.14 19.12 19.14 19.14 19.14 19.12 19.15 19.13 19.11 19.13 19.12 19.12 19.12 19.14 19.13 19.14 19.13 19.12 19.09 19.09 19.09 19.11 19.12 19.11 19.11 19.10 19.12 19.10 19.11 19.10 19.08 19.07 19.08 19.08 19.11 19.10 19.10 19.08 19.07 19.09 19.10 19.12 19.09 19.13 19.13 19.11 19.09 19.07 19.06 19.03 19.00 19.03 19.00 19.06 19.08 19.10
19.17 19.15 19.10 19.09 19.12 19.13 19.12 19.11 19.06 19.05 19.04 19.04 19.05 19.06 19.11 19.15 19.13 19.08 19.11 19.11 19.10 19.12 19.08 19.11 19.11 19.10 19.10 19.13 19.15 19.12 19.11 19.12 19.11 19.11 19.11 19.09 19.09 19.09 19.10 19.09 19.08 19.08 19.10 19.10 19.10 19.09 19.09 19.10 19.11 19.10 19.11 19.10 19.05 19.07 19.10 19.10 19.07 19.15 19.13 19.06 19.06 19.06 19.08 19.06 19.10 19.08 19.11 19.07 19.06 19.05 19.06 19.03 19.00 18.98 18.92 19.03 19.06
19.14 19.14 19.11 19.10 19.12 19.10 19.13 19.09 19.09 19.08 19.07 19.02 19.01 19.00 19.03 19.02 19.02 19.03 19.06 19.04 19.05 19.04 19.06 19.06 19.04 19.09 19.07 19.08 19.13 19.09 19.09 19.07 19.06 19.07 19.06 19.06 19.09 19.08 19.09 19.06 19.05 19.06 19.05 19.07 19.05 19.06 19.07 19.06 19.04 19.10 19.11 19.08 19.10 19.07 19.09 19.05 19.10 19.09 18.99 18.99 18.98 19.01 19.01 18.98 19.05 19.05 19.03 19.01 19.01 19.02 19.04 18.97 18.98 18.95 18.99 19.01 18.97
19.09 19.12 19.11 19.10 19.08 19.10 19.08 19.07 19.08 19.09 19.09 19.07 19.04 19.00 18.98 18.95 18.92 18.98 18.97 19.03 19.04 19.06 19.06 19.06 19.08 19.08 19.06 19.10 19.11 19.08 19.08 19.08 19.08 19.07 19.05 19.05 19.05 19.05 19.02 19.04 19.06 19.04 19.06 19.03 19.03 19.03 19.05 19.00 19.05 19.01 19.07 19.08 19.06 19.07 19.07 19.05 19.04 19.09 19.04 18.99 18.95 19.00 19.00 19.01 18.93 18.98 18.95 18.97 18.99 19.01 18.95 18.95 18.84 18.92 18.93 18.92 18.90
19.06 19.09 19.07 19.06 19.07 19.07 19.04 19.07 19.06 19.07 19.04 19.03 19.02 19.01 18.97 18.93 18.95 18.89 18.97 18.97 19.00 19.02 19.01 19.03 19.02 19.00 19.03 19.09 19.12 19.10 19.07 19.05 19.04 19.03 19.03 19.03 19.02 19.02 18.99 18.99 19.03 19.03 19.04 19.03 19.01 18.98 19.01 19.02 19.01 19.02 19.03 19.04 19.01 19.04 19.05 19.04 19.04 19.05 19.00 19.01 18.94 18.97 18.97 18.93 18.97 18.96 18.98 18.95 18.97 18.96 18.98 18.93 18.90 18.87 18.90 18.88 18.88
19.03 19.06 19.06 19.05 19.04 19.03 19.03 19.01 18.99 19.03 19.01 19.01 18.99 18.97 18.93 18.92 18.95 18.95 18.99 18.99 18.96 18.99 18.99 19.01 19.01 19.01 19.01 19.01 19.07 19.09 19.04 19.04 19.02 19.03 19.01 19.02 19.02 19.02 19.02 19.03 19.02 18.99 19.02 18.99 19.00 19.00 18.95 18.97 18.98 19.00 19.01 19.01 18.98 19.03 19.02 19.06 19.06 19.04 19.03 19.01 18.97 18.92 18.92 18.84 18.87 18.93 18.92 18.90 18.94 18.98 18.93 18.94 18.89 18.90 18.92 18.95 18.93
18.96 18.98 19.02 18.99 18.99 18.93 18.90 18.85 18.88 18.92 18.89 18.88 18.91 18.92 18.89 18.90 18.90 18.92 18.95 18.95 18.95 18.95 18.95 18.96 18.97 18.98 19.01 18.99 19.02 19.01 19.02 19.00 19.01 18.98 18.99 18.97 18.99 18.98 19.00 18.98 19.00 19.00 18.97 18.96 18.96 18.97 18.90 18.91 18.91 18.90 18.93 18.96 18.98 18.99 19.01 18.99 18.98 18.98 18.97 18.97 18.90 18.94 18.94 18.89 18.85 18.90 18.69 18.80 18.81 18.62 18.77 18.85 18.73 18.84 18.81 18.94 18.84
18.98 18.95 18.89 18.98 18.91 18.87 18.95 18.91 18.88 18.89 18.89 18.89 18.88 18.89 18.90 18.87 18.90 18.89 18.88 18.86 18.90 18.92 18.89 18.91 18.92 18.93 18.94 18.97 18.97 18.92 18.96 18.95 18.99 18.96 19.00 18.97 18.95 18.97 18.97 18.97 18.97 18.96 18.89 18.89 18.81 18.90 18.91 18.82 18.89 18.88 18.84 18.87 18.90 18.85 18.94 18.97 18.97 18.97 18.93 18.93 18.92 18.88 18.75 18.75 18.74 18.78 18.69 18.56 18.45 18.71 18.65 18.72 18.60 18.63 18.58 18.74 18.74
18.96 18.93 18.90 18.92 18.90 18.90 18.89 18.89 18.86 18.87 18.88 18.89 18.85 18.92 18.93 18.91 18.88 18.89 18.86 18.87 18.91 18.85 18.83 18.84 18.90 18.90 18.90 18.92 18.91 18.91 18.97 18.97 18.95 18.93 18.93 18.95 18.95 18.91 18.96 18.98 18.96 18.94 18.95 18.95 18.83 18.88 18.79 18.82 18.75 18.68 18.80 18.79 18.79 18.67 18.82 18.79 18.84 18.81 18.82 18.82 18.77 18.78 18.87 18.87 18.54 18.58 18.61 18.41 18.38 18.58 18.49 18.42 18.47 18.14 18.01 18.20 17.79
18.87 18.87 18.92 18.87 18.87 18.89 18.90 18.91 18.91 18.89 18.88 18.90 18.91 18.90 18.88 18.89 18.86 18.82 18.84 18.82 18.85 18.78 18.71 18.61 18.71 18.80 18.87 18.85 18.87 18.89 18.88 18.91 18.91 18.92 18.92 18.92 18.92 18.93 18.94 18.96 18.94 18.90 18.89 18.90 18.95 18.92 18.80 18.84 18.78 18.78 18.66 18.59 18.66 18.54 18.55 18.69 18.75 18.77 18.64 18.86 18.85 18.63 18.78 18.78 18.72 18.60 18.70 18.53 18.50 18.38 18.59 18.64 18.41 18.21 18.08 17.87 16.91
18.86 18.90 18.88 18.87 18.87 18.85 18.87 18.88 18.86 18.87 18.87 18.86 18.88 18.90 18.90 18.87 18.81 18.89 18.85 18.83 18.86 18.80 18.66 18.62 18.62 18.61 18.74 18.81 18.82 18.82 18.86 18.87 18.89 18.92 18.93 18.93 18.93 18.92 18.95 18.94 18.94 18.94 18.90 18.86 18.83 18.84 18.75 18.82 18.78 18.81 18.73 18.70 18.60 18.61 18.49 18.41 18.58 18.62 18.51 18.63 18.48 18.75 18.56 18.60 18.49 18.39 18.43 18.51 18.49 18.46 18.62 18.57 18.47 18.23 18.15 18.15 17.65
18.88 18.87 18.88 18.88 18.85 18.84 18.86 18.82 18.83 18.82 18.84 18.84 18.87 18.86 18.86 18.88 18.80 18.85 18.86 18.84 18.84 18.66 18.63 18.66 18.72 18.69 18.74 18.80 18.78 18.80 18.83 18.82 18.84 18.82 18.87 18.86 18.87 18.90 18.89 18.90 18.93 18.85 18.84 18.84 18.79 18.77 18.76 18.65 18.70 18.77 18.56 18.64 18.38 18.61 18.48 18.40 18.45 18.27 18.51 18.26 18.25 18.22 18.46 18.31 18.24 18.30 18.26 18.20 18.30 18.00 18.26 17.68 18.42 18.13 17.98 18.22 17.93
18.86 18.84 18.84 18.86 18.86 18.87 18.84 18.84 18.82 18.79 18.80 18.82 18.82 18.84 18.86 18.86 18.86 18.84 18.85 18.73 18.69 18.74 18.65 18.79 18.81 18.74 18.76 18.86 18.82 18.72 18.72 18.76 18.85 18.83 18.85 18.86 18.83 18.82 18.77 18.74 18.88 18.79 18.71 18.76 18.77 18.80 18.65 18.54 18.55 18.58 18.49 18.38 18.58 18.38 18.42 18.43 18.43 18.20 18.49 18.04 18.25 18.18 18.28 18.31 17.99 17.90 18.14 18.27 18.18 17.50 17.43 17.83 18.22 18.48 18.11 18.15 18.09
18.82 18.83 18.81 18.81 18.82 18.84 18.84 18.81 18.79 18.81 18.82 18.80 18.78 18.79 18.79 18.75 18.79 18.82 18.85 18.74 18.63 18.78 18.73 18.70 18.76 18.74 18.71 18.79 18.82 18.76 18.75 18.80 18.70 18.68 18.83 18.83 18.65 18.77 18.61 18.51 18.73 18.59 18.50 18.32 18.39 18.57 18.70 18.55 18.59 18.45 18.34 18.20 18.13 18.25 18.27 18.31 18.12 18.11 18.27 17.95 18.06 17.74 17.85 17.82 17.81 17.73 17.82 17.83 17.61 16.69 17.37 17.89 17.39 17.50 18.11 18.08 17.63
18.82 18.83 18.91 18.80 18.80 18.81 18.80 18.79 18.79 18.80 18.79 18.79 18.73 18.67 18.65 18.67 18.71 18.77 18.81 18.77 18.76 18.81 18.75 18.77 18.78 18.78 18.70 18.72 18.63 18.60 18.71 18.71 18.60 18.70 18.77 18.63 18.75 18.82 18.67 18.59 18.59 18.58 18.40 18.38 18.26 18.43 18.32 18.27 18.34 18.37 18.38 18.32 18.44 18.24 18.22 18.25 17.95 17.88 17.77 17.85 18.06 17.69 17.31 17.58 17.71 17.71 17.50 17.58 17.64 16.43 18.16 18.15 17.95 17.76 18.17 18.58 18.16
18.82 18.91 18.91 18.80 18.80 18.79 18.80 18.76 18.78 18.80 18.77 18.62 18.57 18.54 18.66 18.61 18.68 18.75 18.79 18.79 18.79 18.78 18.71 18.65 18.75 18.82 18.74 18.66 18.55 18.37 18.39 18.61 18.55 18.50 18.37 18.37 18.55 18.62 18.51 18.49 18.33 18.45 18.42 18.30 18.35 18.44 18.42 18.36 18.44 18.00 17.95 18.12 17.98 18.13 18.15 18.05 18.09 18.40 17.99 17.90 17.96 18.11 17.88 17.88 17.73 16.94 17.82 17.38 17.63 17.51 17.76 16.71 16.54 16.75 17.14 17.87 17.75
18.91 18.91 18.91 18.80 18.79 18.79 18.80 18.75 18.80 18.76 18.77 18.67 18.66 18.68 18.77 18.70 18.69 18.73 18.71 18.66 18.55 18.72 18.49 18.48 18.53 18.73 18.66 18.45 18.30 18.41 18.32 18.21 18.19 18.32 18.22 18.32 18.38 18.37 18.12 18.35 18.11 18.48 18.26 17.63 17.98 18.47 18.53 18.24 18.04 18.00 18.10 17.69 17.96 17.48 17.45 17.29 17.40 17.48 17.26 17.59 17.67 17.63 17.62 17.98 17.75 17.58 17.47 17.07 17.30 17.03 17.72 17.33 17.16 16.67 16.60 17.56 16.99
18.91 18.91 18.91 18.79 18.79 18.79 18.75 18.75 18.80 18.82 18.70 18.76 18.74 18.64 18.67 18.66 18.55 18.69 18.63 18.58 18.27 18.34 18.49 18.38 18.43 18.36 18.35 18.36 18.24 18.16 18.17 18.27 18.23 18.13 18.09 18.20 18.31 18.33 18.10 18.15 18.07 18.20 18.13 17.92 17.82 17.86 17.85 18.12 18.07 17.56 17.53 17.71 17.72 17.88 17.58 16.84 17.07 17.14 17.23 17.20 17.12 17.37 17.63 17.53 17.41 17.56 17.64 17.20 17.13 17.57 17.23 17.20 17.69 17.58 16.65 16.50 16.82
18.91 18.91 18.91 18.79 18.79 18.75 18.75 18.75 18.82 18.82 18.70 18.68 18.53 18.25 18.14 18.27 18.45 18.53 18.58 18.55 18.36 18.07 18.20 18.09 18.11 17.94 18.00 18.00 18.01 18.04 18.00 18.12 18.10 18.08 17.98 17.97 17.92 18.05 18.10 17.98 17.76 17.72 18.06 18.01 18.04 17.98 17.81 17.61 17.82 17.79 17.38 17.41 17.16 17.35 17.30 17.12 16.99 17.04 16.79 16.79 16.63 17.26 17.41 17.94 17.72 18.06 17.46 17.44 17.22 16.81 17.45 17.17 17.64 17.51 17.29 16.77 17.14
18.91 18.91 18.91 18.79 18.79 18.75 18.75 18.82 18.82 18.82 18.68 18.68 18.32 18.08 17.91 17.98 18.10 18.02 18.22 18.35 18.34 18.28 18.21 17.94 17.98 17.82 17.77 17.78 17.85 17.80 17.78 17.91 17.83 17.74 17.71 17.78 17.88 18.04 17.84 17.84 17.57 17.41 17.71 17.49 17.73 17.35 17.03 17.12 16.58 16.76 17.12 17.06 17.14 16.80 16.88 16.69 16.25 16.47 16.82 17.04 16.94 16.55 16.04 16.30 16.35 16.54 16.47 17.23 16.42 16.42 17.26 16.91 17.15 17.55 17.90 17.20 17.14
18.91 18.91 18.79 18.79 18.75 18.75 18.75 18.82 18.82 18.68 18.68 18.32 18.32 18.08 18.08 17.67 17.70 17.98 17.77 17.67 18.05 18.10 18.24 17.89 17.84 17.75 17.51 17.67 17.63 17.62 17.77 17.89 17.72 17.75 17.53 17.58 17.38 17.54 17.96 17.66 17.42 17.34 17.23 17.40 17.23 17.35 17.26 16.77 16.88 16.49 16.49 16.55 16.34 17.08 16.98 16.53 16.07 15.65 16.34 16.19 16.15 15.77 16.62 16.57 16.39 16.59 16.56 16.73 16.47 16.71 16.90 16.54 17.08 17.05 17.13 16.88 16.86
18.91 18.91 18.79 18.79 18.75 18.75 18.82 18.82 18.82 18.68 18.32 18.32 18.32 18.08 18.08 17.67 17.51 17.34 17.48 16.96 17.58 17.46 17.71 17.92 17.80 17.66 17.48 17.60 17.41 17.58 17.42 17.39 17.28 17.34 17.30 17.08 17.04 17.13 17.42 17.37 17.32 17.42 16.91 17.12 17.17 17.15 17.01 16.67 16.81 16.43 16.03 16.14 16.53 16.63 16.88 16.65 16.09 16.24 16.10 16.05 16.24 16.48 16.58 16.67 16.18 16.24 16.93 16.98 16.60 16.15 16.67 16.50 16.88 17.40 17.58 17.23 17.18
18.91 18.91 18.79 18.75 18.75 18.75 18.82 18.82 18.68 18.32 18.32 18.32 18.08 18.08 18.08 17.51 17.51 17.89 17.54 17.11 16.66 16.89 17.12 17.55 17.80 17.66 17.48 17.60 17.04 17.58 17.52 17.19 17.01 16.93 16.83 17.01 16.91 17.05 17.18 17.10 17.26 17.03 16.63 16.28 16.41 16.83 16.60 16.86 16.24 16.41 15.51 16.00 15.88 15.39 16.24 16.63 16.73 15.89 15.41 15.99 16.59 16.98 16.49 16.37 15.31 15.37 15.83 17.13 17.29 17.70 16.96 16.09 15.31 15.34 16.44 16.72 16.83
18.91 18.79 18.79 18.75 18.75 18.82 18.82 18.82 18.32 18.32 18.32 18.32 18.08 18.08 17.51 17.51 17.89 17.89 18.12 17.94 17.41 16.35 16.59 17.55 17.55 17.66 17.48 17.04 17.04 17.04 17.52 17.19 17.18 16.71 16.46 16.31 16.36 16.71 16.47 16.66 16.69 16.77 16.49 15.77 15.95 16.28 16.31 16.83 16.39 15.96 15.52 15.62 15.47 16.37 15.85 16.83 17.55 17.08 16.68 16.71 16.47 16.87 16.80 16.72 15.95 15.63 15.57 15.63 16.49 17.08 16.74 16.74 16.82 16.35 16.70 16.46 16.67
18.91 18.79 18.75 18.75 18.75 18.82 18.82 18.32 18.32 18.32 18.32 18.08 18.08 18.08 17.51 17.89 17.89 18.12 18.12 17.94 17.41 16.35 16.59 16.59 17.55 17.55 17.04 17.04 17.04 17.04 17.52 17.18 17.18 17.32 17.10 16.98 17.03 16.79 16.70 16.48 16.05 16.23 16.53 15.96 15.61 15.63 15.78 16.27 16.72 16.81 16.73 16.62 16.55 16.83 16.25 16.68 17.02 17.29 17.08 16.73 16.47 17.01 16.50 16.10 16.42 16.12 15.81 15.68 15.52 17.07 16.68 16.97 16.68 16.75 16.53 16.36 16.62
18.79 18.79 18.75 18.75 18.82 18.82 18.32 18.32 18.32 18.32 18.32 18.08 18.08 17.51 17.89 17.89 18.12 18.12 18.12 17.94 17.41 16.35 16.59 16.59 16.59 17.55 17.04 17.04 17.04 17.04 17.18 17.18 17.32 17.32 17.10 17.16 16.78 16.70 16.53 16.30 15.62 16.04 15.97 15.91 16.37 16.49 15.78 16.27 16.85 16.63 16.98 16.99 17.08 16.74 16.69 16.20 16.24 16.77 17.21 17.12 17.03 16.67 17.09 16.33 16.12 16.82 16.46 16.21 16.51 16.34 17.26 17.47 17.48 16.96 16.85 16.04 16.43
