main/data/irradiance/05.05.2023.grid
ncols 839
nrows 679
xllcenter 112.0500
yllcenter -43.9500
cellsize 0.0500
nodata_value 99999.90
[rows 374 to 407 of 679, columns 616 to 692 of 839]
16.30 16.30 16.31 16.30 16.32 16.29 16.23 16.24 16.19 16.17 16.19 16.19 16.18 16.18 16.18 16.18 16.18 16.15 16.15 16.15 16.15 16.15 16.16 16.16 16.17 16.16 16.15 16.16 16.14 16.13 16.17 16.15 16.11 16.11 16.11 16.10 16.12 16.12 16.12 16.13 16.11 16.14 16.12 16.11 16.11 16.10 16.10 16.11 16.12 16.10 16.09 16.09 16.10 16.13 16.14 16.10 16.10 16.10 16.10 16.13 16.12 16.13 16.14 16.10 16.09 16.09 16.10 16.12 16.11 16.09 16.12 16.13 16.11 16.08 16.08 16.09 16.10
16.28 16.28 16.28 16.28 16.30 16.27 16.25 16.24 16.20 16.16 16.15 16.15 16.15 16.16 16.14 16.14 16.15 16.15 16.13 16.14 16.13 16.13 16.12 16.13 16.13 16.14 16.12 16.10 16.11 16.11 16.14 16.13 16.10 16.09 16.09 16.10 16.09 16.10 16.12 16.11 16.09 16.08 16.09 16.09 16.10 16.10 16.10 16.10 16.10 16.09 16.10 16.08 16.09 16.11 16.11 16.08 16.05 15.98 16.09 16.09 16.11 16.10 16.08 16.09 16.09 16.09 16.06 16.12 16.09 16.09 16.10 16.10 16.09 16.05 16.06 16.06 16.07
16.27 16.25 16.26 16.27 16.27 16.26 16.24 16.22 16.15 16.14 16.14 16.13 16.13 16.12 16.11 16.11 16.11 16.11 16.12 16.12 16.11 16.10 16.12 16.11 16.10 16.12 16.10 16.09 16.08 16.07 16.10 16.07 16.06 16.07 16.05 16.06 16.07 16.07 16.10 16.07 16.05 16.07 16.08 16.09 16.09 16.09 16.09 16.09 16.07 16.08 16.06 16.07 16.06 16.09 16.08 16.06 16.07 16.04 16.04 16.05 16.08 16.09 16.08 16.09 16.07 16.07 16.06 16.07 16.08 16.08 16.09 16.07 16.07 16.06 16.06 16.05 16.05
16.25 16.25 16.24 16.25 16.25 16.23 16.23 16.19 16.15 16.15 16.15 16.11 16.11 16.09 16.09 16.09 16.10 16.10 16.11 16.11 16.10 16.10 16.10 16.10 16.08 16.09 16.08 16.08 16.06 16.08 16.07 16.04 16.03 16.03 16.04 16.04 16.07 16.08 16.05 16.05 16.04 16.07 16.08 16.07 16.07 16.05 16.05 16.05 16.05 16.03 16.02 16.02 16.02 16.02 16.05 16.02 16.05 16.05 16.04 16.04 16.04 16.04 16.07 16.08 16.06 16.04 16.05 16.07 16.07 16.03 16.05 16.04 16.04 16.06 16.06 16.05 16.05
16.25 16.23 16.22 16.22 16.20 16.17 16.16 16.14 16.18 16.18 16.14 16.09 16.08 16.07 16.08 16.07 16.08 16.08 16.09 16.08 16.07 16.07 16.07 16.07 16.06 16.05 16.04 16.03 16.02 16.04 16.05 16.03 16.03 16.03 16.05 16.07 16.07 16.07 16.05 16.05 16.04 16.03 16.04 16.05 16.04 16.01 16.00 16.01 16.02 16.00 15.99 16.00 16.01 16.01 16.02 16.00 16.03 16.03 16.03 16.03 16.02 15.98 16.01 16.05 16.03 16.01 16.02 16.01 16.04 16.01 16.01 16.02 16.02 16.06 16.03 16.02 16.02
16.16 16.21 16.22 16.22 16.19 16.16 16.15 16.15 16.18 16.15 16.08 16.06 16.05 16.05 16.05 16.05 16.04 16.04 16.04 16.04 16.04 16.04 16.05 16.03 16.02 16.03 16.02 16.02 16.00 16.02 16.02 16.00 16.01 16.01 16.03 16.03 16.03 16.03 16.03 16.04 16.04 16.01 16.02 16.02 16.00 15.98 15.98 15.98 15.99 15.98 15.97 15.98 16.00 16.00 16.00 15.99 16.02 16.02 16.01 15.99 16.01 15.98 16.00 16.02 16.01 16.00 16.00 16.00 15.99 16.00 15.98 15.99 16.00 16.02 16.00 15.99 15.98
16.16 16.14 16.13 16.19 16.19 16.15 16.18 16.16 16.17 16.12 16.07 16.04 16.04 16.04 16.04 16.03 16.03 16.01 16.02 16.02 16.02 16.04 16.02 16.02 16.00 16.02 16.01 16.01 16.00 16.00 15.98 15.97 15.97 15.96 15.96 15.98 16.00 15.99 15.99 16.01 16.02 15.99 15.98 15.98 15.98 15.97 15.96 15.96 15.97 15.97 15.97 16.00 15.99 15.98 16.00 16.02 16.01 16.00 15.99 15.99 16.01 16.00 16.01 16.00 16.00 15.98 15.97 15.97 15.97 15.96 15.95 15.97 15.97 15.97 15.97 15.94 15.96
16.16 16.12 16.15 16.16 16.15 16.19 16.20 16.14 16.12 16.09 16.04 16.02 16.01 16.02 16.00 16.01 16.00 15.99 15.99 15.99 16.00 16.01 16.00 16.00 15.98 15.98 15.98 15.98 15.98 15.96 15.96 15.96 15.97 15.95 15.96 16.00 16.03 16.02 16.02 15.99 16.01 15.98 15.96 15.97 15.98 15.96 15.94 15.93 15.94 15.95 15.97 15.98 15.95 15.95 15.97 15.99 15.96 15.99 15.96 15.99 15.98 16.01 15.97 16.00 15.99 15.97 15.96 15.99 15.99 15.97 15.96 15.96 15.96 15.95 15.97 15.95 15.94
16.12 16.13 16.12 16.14 16.14 16.11 16.14 16.07 16.02 16.03 16.03 16.01 16.01 16.01 15.98 15.99 15.98 15.98 15.97 15.98 15.96 15.97 15.97 15.97 15.96 15.96 15.95 15.94 15.95 15.95 15.95 15.96 15.96 15.95 15.96 15.97 16.04 16.02 16.00 15.98 15.98 15.95 15.93 15.96 15.94 15.93 15.92 15.93 15.95 15.97 15.97 15.94 15.93 15.94 15.97 15.95 15.94 15.96 15.94 15.96 15.97 15.99 15.95 15.93 15.97 15.94 15.92 15.94 15.95 15.97 15.98 15.94 15.93 15.92 15.93 15.92 15.92
16.10 16.11 16.07 16.01 16.09 16.10 16.04 16.03 16.00 15.99 15.98 15.99 15.97 15.97 15.97 15.96 15.96 15.95 15.94 15.96 15.94 15.93 15.93 15.94 15.94 15.94 15.93 15.94 15.95 15.95 15.94 15.93 15.94 15.93 15.94 15.94 15.94 15.99 15.99 15.96 15.97 15.96 15.92 15.95 15.93 15.91 15.92 15.94 15.92 15.91 15.90 15.89 15.90 15.91 15.95 15.92 15.95 15.90 15.93 15.92 15.94 15.94 15.94 15.91 15.96 15.95 15.93 15.91 15.92 15.90 15.89 15.90 15.90 15.89 15.89 15.90 15.90
16.11 16.10 16.09 16.06 16.06 16.09 16.05 15.99 15.96 15.97 15.97 15.96 15.96 15.95 15.95 15.93 15.93 15.93 15.94 15.94 15.93 15.92 15.91 15.92 15.92 15.92 15.91 15.91 15.91 15.91 15.91 15.90 15.91 15.91 15.91 15.91 15.91 15.91 15.91 15.93 15.91 15.89 15.89 15.91 15.91 15.89 15.91 15.94 15.91 15.89 15.88 15.86 15.90 15.90 15.91 15.87 15.93 15.93 15.90 15.93 15.88 15.90 15.92 15.91 15.93 15.93 15.94 15.94 15.92 15.88 15.86 15.87 15.88 15.87 15.87 15.90 15.88
16.02 16.05 15.97 16.06 16.06 16.05 16.02 15.98 15.97 15.96 15.94 15.94 15.93 15.92 15.91 15.92 15.92 15.91 15.92 15.93 15.92 15.91 15.90 15.90 15.90 15.89 15.89 15.90 15.89 15.88 15.89 15.91 15.89 15.89 15.92 15.89 15.91 15.88 15.89 15.90 15.90 15.88 15.87 15.86 15.86 15.88 15.89 15.90 15.89 15.85 15.84 15.85 15.87 15.90 15.88 15.84 15.90 15.87 15.86 15.89 15.85 15.90 15.89 15.89 15.90 15.93 15.92 15.88 15.86 15.86 15.84 15.84 15.84 15.84 15.86 15.87 15.88
15.91 15.83 15.93 16.02 16.03 16.01 15.97 15.95 15.93 15.93 15.93 15.91 15.90 15.89 15.89 15.90 15.91 15.89 15.89 15.89 15.89 15.89 15.88 15.88 15.88 15.87 15.86 15.87 15.86 15.87 15.87 15.89 15.87 15.87 15.87 15.88 15.87 15.87 15.86 15.86 15.86 15.87 15.86 15.87 15.86 15.87 15.86 15.87 15.84 15.82 15.82 15.83 15.85 15.86 15.84 15.82 15.84 15.82 15.84 15.85 15.83 15.86 15.83 15.83 15.83 15.80 15.82 15.83 15.85 15.83 15.87 15.85 15.83 15.81 15.82 15.85 15.87
15.94 15.82 15.99 15.99 15.94 15.92 15.92 15.91 15.89 15.89 15.89 15.89 15.88 15.86 15.87 15.87 15.87 15.86 15.86 15.86 15.85 15.85 15.86 15.87 15.86 15.86 15.84 15.84 15.85 15.85 15.86 15.86 15.85 15.84 15.85 15.87 15.86 15.83 15.82 15.83 15.82 15.83 15.82 15.83 15.85 15.84 15.83 15.83 15.82 15.81 15.80 15.80 15.84 15.82 15.81 15.82 15.81 15.80 15.81 15.84 15.82 15.82 15.87 15.82 15.80 15.78 15.79 15.80 15.79 15.81 15.85 15.84 15.80 15.79 15.79 15.80 15.84
15.85 15.76 15.98 15.95 15.90 15.89 15.87 15.86 15.87 15.87 15.86 15.86 15.86 15.85 15.85 15.84 15.85 15.84 15.83 15.83 15.83 15.84 15.84 15.83 15.83 15.83 15.83 15.82 15.82 15.81 15.82 15.83 15.82 15.81 15.83 15.86 15.82 15.80 15.80 15.82 15.82 15.82 15.80 15.81 15.81 15.81 15.79 15.80 15.79 15.79 15.78 15.79 15.82 15.79 15.79 15.84 15.80 15.78 15.81 15.81 15.79 15.73 15.80 15.81 15.78 15.76 15.77 15.76 15.77 15.78 15.82 15.79 15.78 15.81 15.81 15.81 15.81
15.64 15.92 15.95 15.93 15.90 15.87 15.85 15.84 15.81 15.83 15.84 15.82 15.82 15.83 15.82 15.83 15.82 15.82 15.80 15.81 15.81 15.81 15.82 15.81 15.81 15.82 15.81 15.81 15.80 15.78 15.80 15.78 15.79 15.79 15.82 15.86 15.81 15.79 15.78 15.81 15.79 15.79 15.78 15.77 15.77 15.77 15.77 15.76 15.77 15.79 15.76 15.77 15.80 15.78 15.78 15.78 15.75 15.77 15.80 15.78 15.77 15.72 15.80 15.80 15.78 15.74 15.75 15.75 15.77 15.79 15.77 15.75 15.76 15.76 15.78 15.79 15.80
15.81 15.91 15.91 15.89 15.86 15.85 15.82 15.82 15.80 15.80 15.81 15.81 15.80 15.79 15.77 15.77 15.80 15.80 15.78 15.78 15.78 15.79 15.81 15.79 15.79 15.78 15.79 15.77 15.78 15.78 15.77 15.77 15.78 15.77 15.78 15.82 15.77 15.76 15.80 15.82 15.78 15.78 15.79 15.77 15.76 15.77 15.79 15.76 15.78 15.78 15.76 15.76 15.78 15.75 15.76 15.74 15.72 15.77 15.74 15.73 15.75 15.74 15.75 15.76 15.79 15.77 15.77 15.76 15.76 15.78 15.77 15.76 15.73 15.74 15.77 15.78 15.80
15.80 15.83 15.87 15.85 15.82 15.79 15.79 15.80 15.79 15.76 15.77 15.76 15.76 15.76 15.76 15.76 15.77 15.76 15.75 15.74 15.74 15.76 15.77 15.77 15.76 15.74 15.75 15.75 15.75 15.75 15.75 15.75 15.76 15.76 15.77 15.79 15.77 15.74 15.74 15.73 15.74 15.76 15.76 15.77 15.76 15.75 15.77 15.76 15.77 15.77 15.75 15.71 15.71 15.71 15.72 15.73 15.71 15.76 15.75 15.73 15.72 15.72 15.72 15.71 15.72 15.74 15.70 15.74 15.72 15.73 15.77 15.74 15.71 15.72 15.76 15.76 15.77
15.81 15.80 15.82 15.81 15.78 15.77 15.76 15.78 15.77 15.76 15.74 15.73 15.73 15.73 15.70 15.71 15.71 15.71 15.71 15.71 15.71 15.73 15.73 15.74 15.72 15.71 15.72 15.72 15.72 15.72 15.72 15.74 15.76 15.75 15.76 15.75 15.72 15.72 15.71 15.71 15.71 15.73 15.75 15.78 15.77 15.76 15.74 15.74 15.73 15.73 15.72 15.70 15.68 15.68 15.68 15.74 15.72 15.73 15.75 15.71 15.70 15.69 15.69 15.68 15.68 15.69 15.69 15.73 15.70 15.71 15.73 15.73 15.70 15.73 15.73 15.74 15.72
15.78 15.77 15.76 15.75 15.76 15.73 15.77 15.75 15.72 15.72 15.73 15.74 15.71 15.72 15.71 15.71 15.70 15.68 15.69 15.68 15.69 15.68 15.70 15.70 15.70 15.71 15.70 15.71 15.70 15.70 15.70 15.70 15.70 15.72 15.70 15.72 15.69 15.69 15.69 15.67 15.68 15.69 15.75 15.77 15.78 15.74 15.73 15.72 15.70 15.70 15.71 15.71 15.70 15.75 15.72 15.70 15.68 15.69 15.69 15.68 15.67 15.68 15.67 15.68 15.67 15.69 15.71 15.68 15.66 15.68 15.69 15.70 15.71 15.72 15.71 15.71 15.71
15.76 15.75 15.74 15.73 15.70 15.68 15.69 15.69 15.71 15.71 15.70 15.71 15.69 15.71 15.67 15.68 15.68 15.67 15.66 15.66 15.67 15.66 15.66 15.66 15.67 15.68 15.69 15.70 15.68 15.69 15.68 15.68 15.71 15.71 15.68 15.67 15.67 15.67 15.67 15.67 15.67 15.67 15.71 15.72 15.71 15.71 15.71 15.69 15.68 15.67 15.70 15.66 15.72 15.66 15.66 15.66 15.65 15.66 15.66 15.66 15.65 15.66 15.66 15.66 15.69 15.70 15.69 15.67 15.65 15.67 15.69 15.69 15.70 15.70 15.69 15.68 15.69
15.72 15.71 15.71 15.71 15.70 15.71 15.69 15.68 15.70 15.70 15.68 15.68 15.69 15.68 15.68 15.66 15.65 15.63 15.64 15.64 15.64 15.64 15.63 15.64 15.64 15.67 15.68 15.67 15.67 15.66 15.66 15.67 15.70 15.67 15.66 15.64 15.65 15.66 15.65 15.68 15.65 15.65 15.72 15.69 15.68 15.67 15.67 15.66 15.66 15.65 15.67 15.65 15.67 15.64 15.63 15.63 15.64 15.64 15.68 15.65 15.64 15.64 15.65 15.66 15.70 15.67 15.67 15.67 15.67 15.67 15.68 15.69 15.69 15.67 15.67 15.66 15.67
15.70 15.69 15.67 15.66 15.66 15.65 15.64 15.63 15.67 15.67 15.66 15.65 15.66 15.67 15.64 15.64 15.62 15.60 15.60 15.61 15.61 15.60 15.62 15.63 15.63 15.63 15.66 15.65 15.64 15.63 15.64 15.63 15.67 15.66 15.63 15.62 15.63 15.64 15.67 15.67 15.66 15.64 15.63 15.66 15.64 15.65 15.65 15.66 15.65 15.66 15.62 15.63 15.64 15.61 15.60 15.61 15.63 15.63 15.66 15.64 15.63 15.63 15.63 15.64 15.67 15.64 15.65 15.66 15.66 15.67 15.67 15.66 15.65 15.65 15.65 15.62 15.61
15.68 15.67 15.66 15.65 15.64 15.62 15.63 15.66 15.64 15.64 15.63 15.62 15.63 15.64 15.63 15.61 15.60 15.59 15.58 15.57 15.58 15.58 15.58 15.59 15.60 15.61 15.62 15.61 15.61 15.60 15.61 15.63 15.66 15.62 15.60 15.60 15.59 15.60 15.66 15.62 15.64 15.66 15.67 15.65 15.62 15.65 15.63 15.63 15.63 15.64 15.61 15.60 15.61 15.58 15.59 15.59 15.65 15.68 15.66 15.63 15.65 15.63 15.63 15.62 15.62 15.64 15.65 15.64 15.64 15.66 15.64 15.64 15.64 15.63 15.63 15.61 15.60
15.63 15.62 15.62 15.61 15.60 15.61 15.63 15.61 15.62 15.62 15.61 15.62 15.60 15.60 15.60 15.58 15.57 15.56 15.57 15.56 15.55 15.56 15.56 15.57 15.58 15.58 15.57 15.59 15.58 15.59 15.59 15.57 15.60 15.57 15.56 15.57 15.59 15.61 15.62 15.59 15.58 15.58 15.59 15.62 15.59 15.61 15.61 15.59 15.62 15.63 15.60 15.62 15.57 15.57 15.56 15.58 15.56 15.69 15.64 15.59 15.61 15.63 15.62 15.61 15.58 15.60 15.62 15.62 15.62 15.61 15.58 15.60 15.60 15.59 15.59 15.58 15.59
15.62 15.59 15.59 15.61 15.60 15.58 15.61 15.60 15.60 15.58 15.60 15.60 15.59 15.57 15.57 15.56 15.56 15.55 15.54 15.55 15.55 15.53 15.53 15.54 15.56 15.56 15.55 15.56 15.57 15.57 15.57 15.59 15.57 15.56 15.55 15.55 15.55 15.56 15.57 15.57 15.55 15.58 15.59 15.59 15.57 15.57 15.56 15.56 15.59 15.60 15.58 15.56 15.53 15.52 15.52 15.55 15.56 15.54 15.56 15.57 15.60 15.60 15.61 15.60 15.58 15.60 15.59 15.61 15.60 15.59 15.58 15.56 15.11 15.56 15.58 15.58 15.57
15.64 15.59 15.58 15.58 15.59 15.55 15.59 15.58 15.58 15.56 15.58 15.58 15.57 15.55 15.54 15.54 15.54 15.53 15.53 15.53 15.52 15.52 15.53 15.53 15.53 15.54 15.54 15.55 15.56 15.55 15.57 15.56 15.55 15.55 15.54 15.54 15.53 15.57 15.54 15.54 15.53 15.56 15.52 15.58 15.55 15.57 15.56 15.51 15.56 15.56 15.54 15.56 15.51 15.50 15.52 15.51 15.52 15.55 15.49 15.12 15.54 15.56 15.55 15.55 15.53 15.58 15.55 15.57 15.58 15.58 15.58 15.58 15.56 15.56 15.56 15.57 15.57
15.62 15.59 15.58 15.58 15.56 15.56 15.58 15.58 15.58 15.56 15.53 15.56 15.55 15.52 15.52 15.51 15.52 15.52 15.51 15.51 15.51 15.51 15.52 15.53 15.51 15.51 15.53 15.53 15.55 15.54 15.57 15.54 15.54 15.52 15.53 15.52 15.53 15.56 15.54 15.51 15.52 15.53 15.52 15.55 15.55 15.56 15.53 15.52 15.53 15.52 15.53 15.51 15.51 15.49 15.49 15.50 15.53 15.53 15.17 15.29 15.42 15.52 15.50 15.50 15.52 15.53 15.55 15.55 15.56 15.56 15.57 15.56 15.56 15.54 15.54 15.54 15.54
15.59 15.59 15.55 15.55 15.54 15.50 15.52 15.54 15.52 15.54 15.52 15.51 15.53 15.50 15.50 15.49 15.48 15.47 15.49 15.50 15.49 15.49 15.50 15.50 15.48 15.50 15.51 15.51 15.50 15.54 15.52 15.54 15.51 15.50 15.49 15.49 15.57 15.55 15.51 15.48 15.50 15.50 15.48 15.49 15.49 15.48 15.49 15.49 15.50 15.50 15.50 15.48 15.50 15.47 15.48 15.40 15.37 15.39 15.26 15.51 15.48 15.33 15.46 15.47 15.51 15.52 15.51 15.49 15.48 15.53 15.47 15.47 15.48 15.50 15.52 15.53 15.53
15.55 15.54 15.53 15.53 15.52 15.52 15.51 15.52 15.51 15.50 15.51 15.51 15.51 15.50 15.49 15.48 15.49 15.47 15.47 15.48 15.49 15.48 15.48 15.48 15.46 15.47 15.47 15.48 15.49 15.55 15.45 15.47 15.50 15.48 15.47 15.48 15.50 15.52 15.48 15.47 15.47 15.45 15.46 15.47 15.46 15.45 15.45 15.47 15.46 15.43 15.47 15.48 15.48 15.46 15.34 15.34 15.29 15.37 15.45 15.50 15.51 15.18 14.95 15.49 15.52 15.51 15.46 15.44 15.45 15.45 15.44 15.45 15.45 15.44 15.44 15.47 15.53
15.56 15.57 15.52 15.52 15.52 15.51 15.52 15.50 15.53 15.53 15.51 15.47 15.47 15.49 15.51 15.49 15.49 15.48 15.48 15.46 15.46 15.48 15.45 15.44 15.44 15.44 15.44 15.46 15.45 15.45 15.43 15.44 15.43 15.48 15.47 15.51 15.53 15.49 15.46 15.45 15.45 15.44 15.43 15.44 15.44 15.42 15.42 15.43 15.45 15.44 15.45 15.49 15.45 15.39 15.20 15.22 15.32 15.43 15.48 15.49 15.49 15.47 15.43 15.46 15.46 15.44 15.44 15.42 15.41 15.42 15.42 15.42 15.43 15.42 15.41 15.41 15.42
15.50 15.51 15.53 15.48 15.48 15.49 15.48 15.46 15.47 15.50 15.47 15.47 15.46 15.45 15.48 15.47 15.47 15.46 15.46 15.44 15.43 15.46 15.47 15.46 15.44 15.44 15.42 15.45 15.45 15.45 15.45 15.45 15.43 15.43 15.46 15.45 15.47 15.45 15.44 15.43 15.41 15.43 15.44 15.44 15.41 15.41 15.42 15.40 15.44 15.43 15.47 15.44 15.44 15.34 15.37 15.43 15.42 15.42 15.39 15.44 15.42 15.41 15.42 15.43 15.42 15.40 15.40 15.40 15.39 15.38 15.38 15.38 15.38 15.39 15.38 15.37 15.37
15.47 15.48 15.50 15.50 15.45 15.43 15.47 15.46 15.43 15.45 15.43 15.46 15.45 15.44 15.44 15.44 15.43 15.41 15.41 15.43 15.41 15.46 15.46 15.44 15.43 15.41 15.39 15.40 15.44 15.43 15.43 15.43 15.43 15.46 15.42 15.42 15.45 15.42 15.42 15.41 15.40 15.42 15.41 15.41 15.40 15.39 15.37 15.32 15.29 15.36 15.36 15.38 15.29 15.28 15.38 15.39 15.39 15.39 15.40 15.41 15.39 15.38 15.38 15.38 15.39 15.38 15.38 15.37 15.37 15.35 15.35 15.35 15.35 15.36 15.35 15.35 15.35
15.45 15.46 15.49 15.48 15.45 15.42 15.43 15.46 15.44 15.43 15.42 15.42 15.42 15.43 15.42 15.43 15.41 15.39 15.39 15.41 15.41 15.42 15.41 15.42 15.39 15.39 15.38 15.42 15.41 15.39 15.39 15.41 15.40 15.42 15.42 15.40 15.39 15.37 15.37 15.39 15.38 15.39 15.38 15.39 15.38 15.33 15.25 15.22 15.28 15.24 15.15 15.24 15.29 15.39 15.39 15.37 15.36 15.36 15.36 15.36 15.36 15.36 15.36 15.36 15.36 15.36 15.36 15.36 15.35 15.33 15.32 15.33 15.34 15.34 15.35 15.34 15.33
