main/data/irradiance/05.01.2023.grid
ncols 839
nrows 679
xllcenter 112.0500
yllcenter -43.9500
cellsize 0.0500
nodata_value 99999.90
[rows 408 to 441 of 679, columns 693 to 769 of 839]
31.44 31.44 31.44 31.45 30.89 30.37 31.40 31.37 31.16 31.11 31.09 31.02 31.21 31.32 30.99 30.93 31.11 30.62 31.67 31.31 31.06 31.03 31.03 31.21 31.03 29.69 30.52 30.95 30.90 30.23 30.60 30.43 30.32 30.16 29.73 28.78 29.44 29.59 30.89 30.89 30.94 29.62 27.52 25.50 23.66 26.75 26.47 24.62 26.13 27.71 26.01 27.61 28.98 28.36 28.88 29.29 28.68 29.28 29.34 29.62 28.62 28.55 27.59 28.70 28.97 30.45 30.71 30.47 29.18 29.02 26.25 27.49 26.83 22.28 24.29 20.12 17.91
31.46 31.46 31.45 31.45 30.82 30.77 31.48 31.33 31.03 31.22 31.20 31.06 31.21 31.18 30.78 30.39 30.96 31.35 30.44 31.32 31.20 31.14 31.10 31.10 30.77 30.66 31.12 30.49 30.63 30.81 30.14 30.24 29.65 29.76 29.61 28.62 29.03 30.70 30.56 30.98 30.81 29.99 26.41 25.88 24.06 25.35 26.22 23.47 25.60 26.74 26.65 26.95 28.01 28.34 28.87 29.69 29.48 29.70 29.43 29.28 29.00 28.65 28.41 29.22 29.34 30.58 31.45 30.96 30.05 29.98 29.13 28.77 27.85 24.42 24.62 20.51 18.74
31.50 31.47 31.51 31.00 30.29 30.43 31.12 31.19 31.07 31.24 31.12 31.09 31.12 31.25 30.42 30.81 31.22 31.41 30.81 30.68 31.31 31.24 31.08 31.04 30.51 29.49 31.00 29.78 30.55 30.51 30.41 30.29 29.10 29.66 30.67 29.17 29.38 30.71 30.78 30.98 29.54 27.99 26.73 25.38 24.90 26.81 27.03 25.59 25.93 26.92 25.55 25.86 27.82 27.82 27.98 29.88 30.04 29.94 29.66 28.35 27.43 27.54 28.54 28.41 29.19 29.71 30.99 31.14 29.48 30.46 30.03 30.25 28.55 26.04 26.76 23.62 23.82
31.48 31.45 31.50 31.00 30.60 30.49 30.84 31.37 31.10 31.23 31.17 31.10 31.19 31.08 30.64 29.49 31.28 31.36 31.26 30.97 30.95 31.28 31.16 31.02 30.65 30.98 30.81 30.43 30.28 29.59 30.57 30.28 28.64 30.07 30.20 27.68 28.93 30.08 30.35 30.02 28.84 27.31 25.91 26.10 25.14 25.89 26.51 26.34 26.14 26.26 26.62 26.62 28.39 28.42 27.54 28.77 29.41 30.49 30.00 28.40 27.67 27.77 28.08 28.28 28.04 28.14 28.92 30.83 29.96 30.77 29.86 29.95 29.71 28.13 27.00 26.55 23.52
31.51 31.42 31.50 31.10 30.63 30.29 30.84 31.20 31.43 31.25 31.31 31.26 31.13 31.19 30.81 29.45 31.07 31.28 31.33 31.23 30.80 31.04 30.99 31.02 30.31 29.18 30.05 30.18 29.50 29.39 30.23 28.37 29.48 29.79 30.34 29.03 29.18 30.12 29.88 30.01 29.46 28.72 26.42 26.85 23.79 24.06 27.34 27.11 26.39 26.81 26.08 26.89 27.09 27.42 28.12 28.02 27.78 29.41 28.67 29.27 28.23 28.17 27.67 28.43 26.81 26.64 28.63 29.14 29.14 29.67 29.93 30.15 29.65 25.64 27.71 25.94 22.17
31.51 31.43 31.46 31.10 31.31 30.46 30.15 30.97 31.27 31.35 31.42 31.26 31.27 31.26 30.40 29.63 31.06 31.54 31.45 31.21 30.93 30.88 30.93 30.86 30.20 29.41 30.66 29.54 28.87 29.28 29.54 28.74 27.94 29.94 29.54 27.41 29.18 29.83 29.30 29.62 28.73 26.62 26.46 25.95 26.48 24.20 25.71 26.19 24.93 27.09 26.46 25.53 27.43 27.06 27.40 27.46 27.65 28.99 28.63 29.14 27.97 28.19 28.10 28.14 27.41 27.65 26.64 28.41 28.94 29.77 29.75 29.57 29.53 27.57 29.97 28.28 22.64
31.41 31.45 31.49 31.11 31.51 30.82 30.30 30.39 31.23 31.47 31.23 31.03 31.13 30.76 30.72 28.64 30.72 31.43 31.22 31.11 30.82 31.01 30.87 30.70 29.66 29.23 30.25 29.98 29.68 29.60 28.71 28.67 29.02 30.08 29.17 28.94 29.75 30.31 29.75 29.79 28.28 26.96 25.73 24.79 24.73 24.77 24.91 28.12 26.82 27.36 25.60 27.21 27.13 27.32 25.29 25.42 26.60 28.22 29.00 29.13 29.62 29.42 28.50 28.33 27.94 26.07 25.25 27.02 28.38 29.72 30.25 30.38 29.38 29.13 30.15 28.88 26.21
31.54 31.48 31.41 31.54 31.51 31.28 30.29 29.81 30.66 31.14 31.26 30.84 30.92 30.58 30.14 28.69 30.54 30.25 30.18 30.84 30.93 31.10 30.75 30.79 29.19 29.46 29.42 29.96 29.53 29.67 30.05 28.39 28.91 29.59 28.97 28.71 28.86 30.26 28.80 28.79 26.55 28.02 26.71 26.20 26.68 26.90 26.91 27.83 27.71 26.95 26.08 27.32 27.33 25.61 25.03 25.20 24.73 25.76 26.78 27.80 28.59 29.12 29.00 28.58 28.75 27.06 26.61 26.13 28.47 29.49 30.10 30.14 30.01 29.65 30.18 28.32 29.06
31.52 31.49 31.40 31.49 31.45 31.29 31.12 30.48 30.99 31.20 31.00 30.81 30.34 30.49 30.17 29.23 29.35 30.97 30.69 31.34 31.15 30.85 30.95 29.93 28.57 28.80 28.98 29.29 29.58 29.94 30.32 29.88 29.23 29.52 30.03 28.93 28.85 29.90 29.18 26.88 27.19 27.54 26.89 24.76 25.24 26.20 25.03 25.84 27.33 27.03 26.63 26.19 26.81 25.36 25.18 25.37 24.34 23.31 25.49 26.47 26.55 26.38 26.66 26.26 26.56 25.11 22.88 24.25 26.78 28.37 29.48 30.05 30.24 30.51 30.59 29.80 29.29
31.29 31.38 31.39 31.23 31.43 31.41 31.35 30.95 30.80 31.07 30.98 30.66 30.68 30.68 30.47 29.25 29.37 31.06 30.82 31.09 31.09 31.06 31.11 29.94 27.96 29.09 29.68 29.80 29.52 28.88 28.67 29.26 29.48 30.43 30.02 27.36 29.34 29.89 28.71 27.01 27.81 26.46 26.52 26.26 27.59 25.69 24.10 22.47 22.84 23.47 24.15 27.78 27.80 26.43 24.44 24.65 23.77 24.58 24.25 25.03 24.54 23.66 24.31 23.00 24.11 23.53 24.19 23.10 24.16 26.81 29.29 30.24 30.39 30.01 29.76 30.07 28.12
31.02 31.22 31.34 31.14 31.37 31.45 31.32 31.05 30.66 30.84 30.75 30.65 30.45 30.39 30.63 29.43 29.22 31.30 31.01 31.21 31.16 31.12 30.65 29.64 27.31 28.02 28.97 28.92 29.47 29.37 28.89 29.09 29.18 30.15 30.13 29.28 29.87 28.68 28.64 28.66 27.94 27.25 26.61 25.52 22.54 25.27 23.21 23.49 20.13 21.52 23.61 25.48 26.78 27.17 25.70 25.24 24.42 24.38 24.65 23.75 22.63 22.76 23.66 22.97 23.54 24.71 24.73 23.99 25.32 26.99 28.77 28.91 28.88 28.92 28.32 28.15 27.29
31.26 31.24 31.02 31.06 31.40 31.30 31.38 31.03 30.83 30.82 30.56 30.43 30.12 30.51 30.18 29.73 30.28 31.16 31.26 30.96 31.01 31.29 30.53 29.15 25.82 28.52 30.00 28.01 29.74 28.95 28.50 29.23 29.35 28.57 29.44 29.10 28.28 28.64 29.42 29.37 29.24 27.58 24.68 21.92 20.85 21.52 22.41 21.79 21.36 20.76 21.21 22.06 23.87 24.80 24.25 24.10 26.01 24.57 25.00 23.52 23.47 23.86 24.56 24.29 25.57 26.38 26.88 26.32 26.91 26.91 27.60 27.41 27.75 27.32 27.20 27.14 26.23
30.65 31.27 30.78 30.99 31.27 31.21 31.19 31.05 30.63 30.54 30.37 30.38 30.10 30.29 29.65 30.02 29.29 29.57 31.03 30.82 31.00 31.24 30.58 28.34 28.39 28.18 28.63 28.96 29.68 28.15 29.02 28.79 28.56 28.74 28.90 28.92 28.69 28.50 29.26 28.88 29.72 27.72 22.87 22.35 21.47 22.31 21.87 22.25 23.61 23.70 21.97 21.82 20.00 20.43 20.26 22.91 23.59 24.42 25.41 25.19 25.38 26.20 27.59 26.78 27.64 28.28 27.92 27.55 27.34 27.43 24.55 25.31 26.74 27.35 27.87 28.38 28.24
30.65 30.73 31.13 30.81 31.16 30.70 30.77 31.01 29.99 30.47 30.66 30.27 30.27 29.90 29.58 29.39 28.71 27.68 31.05 31.13 31.19 31.17 30.09 27.54 29.84 27.93 29.49 30.15 29.66 28.87 27.88 28.56 28.44 28.27 29.55 29.24 28.64 27.65 28.00 26.98 29.38 29.05 25.56 22.63 22.29 21.86 21.79 23.04 23.52 22.77 21.68 20.93 20.08 21.43 21.89 23.79 24.56 25.48 28.44 27.33 27.49 28.14 27.62 27.59 28.68 28.93 29.55 28.30 26.07 26.33 25.56 25.86 26.77 27.47 28.31 28.70 29.37
30.96 30.89 30.94 30.90 30.96 30.42 31.01 30.87 30.09 29.88 30.06 30.09 30.23 29.29 29.85 29.14 28.40 29.24 30.47 30.79 30.97 31.00 28.53 26.82 27.74 26.06 29.47 28.58 28.89 28.86 28.99 28.75 29.10 28.27 29.27 28.85 28.56 28.71 28.57 27.63 28.69 29.23 27.97 25.15 19.97 20.24 21.74 22.49 23.81 24.30 23.51 22.96 22.44 23.50 25.25 24.12 25.19 26.61 28.27 29.23 28.47 27.99 28.80 28.84 28.53 29.19 30.56 29.13 27.93 28.54 26.39 26.85 28.02 28.65 28.90 29.00 29.64
31.23 31.11 31.08 31.09 30.79 30.65 31.20 31.23 30.14 30.43 30.23 29.98 30.02 29.90 28.77 29.22 28.80 29.32 28.79 31.20 31.43 31.13 28.45 28.91 26.78 28.05 28.55 28.77 28.96 28.65 28.84 28.76 29.90 28.45 29.37 29.11 29.43 28.49 27.91 27.24 27.87 28.20 26.43 26.11 24.25 21.22 23.33 22.67 24.52 26.86 24.94 22.42 21.99 20.96 23.57 25.51 24.09 25.13 25.06 27.50 28.20 28.82 29.80 28.74 29.00 29.61 30.36 28.80 27.38 27.74 28.59 27.57 27.68 28.42 29.18 29.23 29.41
31.22 31.19 31.05 31.29 30.96 31.00 31.10 30.98 29.78 29.95 30.44 29.85 30.17 29.94 28.99 29.23 29.45 28.80 28.59 30.95 31.66 31.12 29.44 28.59 28.53 27.52 28.58 29.32 28.59 28.88 28.67 27.93 28.68 28.95 28.34 29.76 29.45 29.45 27.74 27.62 26.81 27.92 25.42 23.16 23.00 21.56 22.78 20.99 25.23 22.75 23.01 21.94 22.72 23.47 21.87 22.32 20.88 20.81 21.38 26.48 27.78 29.60 30.30 27.38 29.08 30.78 29.95 27.30 26.91 29.75 30.10 29.57 29.20 27.15 29.09 29.90 29.99
31.29 30.94 30.88 31.13 31.08 31.06 31.08 30.85 29.94 30.58 30.45 29.60 30.74 29.92 29.17 29.72 28.95 29.41 26.42 30.67 31.46 31.76 30.55 28.62 28.45 28.40 27.51 28.59 29.49 29.08 29.03 28.70 29.03 29.60 29.01 29.52 28.46 29.88 29.60 28.92 27.73 26.88 26.46 22.84 23.52 23.79 23.78 23.57 22.04 22.01 21.53 21.34 21.24 20.81 18.89 19.66 20.02 20.97 21.38 25.68 26.60 29.64 28.76 27.68 27.44 29.80 29.62 28.37 28.27 30.04 29.77 29.54 29.19 27.30 28.98 29.72 30.13
30.54 30.79 30.29 30.31 30.76 30.82 31.07 31.15 30.22 30.43 30.98 29.61 30.41 30.22 28.89 29.60 29.09 29.47 27.38 29.88 31.28 31.25 30.45 28.48 29.51 28.66 28.71 28.06 28.87 29.59 28.72 28.70 28.51 29.74 29.58 28.84 29.59 29.98 29.70 29.68 29.38 29.16 28.34 27.28 25.23 23.40 25.37 25.24 24.33 22.59 23.96 23.91 23.62 19.65 19.35 21.53 19.20 20.99 21.74 25.76 24.72 29.06 30.07 27.63 28.16 29.09 29.85 29.31 29.25 30.79 29.03 29.01 29.34 28.93 29.59 28.78 29.56
30.66 29.82 30.96 30.72 31.06 30.09 31.42 31.18 30.47 30.24 30.82 29.77 30.28 30.35 30.10 29.17 29.17 28.75 27.53 27.81 30.29 30.28 30.20 27.44 28.74 27.95 28.78 26.90 27.25 28.79 28.65 28.45 27.98 29.49 29.61 29.48 29.95 29.74 30.27 30.68 30.52 30.04 29.86 29.64 29.01 28.35 27.18 24.88 23.48 23.70 27.20 27.54 28.39 26.50 23.96 22.04 21.17 21.76 20.36 21.18 24.37 27.93 28.07 28.42 28.93 29.48 30.37 30.52 30.52 29.77 28.07 29.04 29.09 27.69 29.91 30.25 29.49
30.43 30.14 30.65 30.78 29.97 30.80 31.13 31.45 29.84 29.68 30.56 29.51 29.63 29.82 29.18 29.33 29.84 29.85 28.45 29.22 30.08 30.43 30.60 28.33 27.76 28.50 27.96 25.56 27.72 28.92 28.20 28.33 28.12 29.24 29.48 29.44 29.71 28.25 29.56 30.20 30.63 30.48 30.52 30.59 30.02 29.79 28.52 27.29 26.90 27.44 27.83 29.77 30.31 30.38 29.98 28.36 26.94 26.84 24.82 23.52 21.93 23.10 26.24 29.00 29.14 29.24 30.25 30.36 30.73 29.39 29.15 30.50 28.80 28.41 30.20 29.60 29.11
30.85 29.73 30.27 30.75 29.89 30.62 30.98 31.48 30.02 29.99 30.13 28.66 29.88 29.93 27.80 29.63 29.56 29.26 27.88 27.30 28.89 30.36 30.65 29.45 27.31 26.58 28.30 27.68 27.84 26.54 28.65 27.18 28.03 28.68 28.65 28.79 29.04 29.18 28.87 29.43 29.25 30.46 30.58 30.40 30.62 30.02 29.68 28.72 27.52 27.39 27.81 29.02 30.26 30.71 30.81 30.65 29.57 28.29 27.91 26.53 25.14 23.74 27.45 28.26 28.86 28.44 30.06 28.39 30.31 30.36 29.82 29.75 29.41 30.36 28.57 28.67 28.27
29.57 29.99 30.25 30.41 29.84 30.11 30.54 30.84 30.48 29.45 29.96 28.72 28.60 29.26 28.51 28.77 28.32 28.44 28.29 27.22 28.21 30.04 30.48 30.17 28.59 27.61 27.72 27.24 27.83 27.23 28.46 27.74 28.09 27.83 29.26 29.98 29.41 29.21 29.38 28.77 28.41 28.68 28.83 29.07 30.08 29.71 29.76 29.77 28.53 28.32 29.39 29.09 29.09 29.61 30.16 30.61 30.80 30.64 30.33 29.11 26.10 24.36 29.06 30.23 27.28 27.79 29.74 28.60 29.05 29.62 29.52 30.17 30.27 28.08 25.99 28.21 28.49
30.46 29.32 30.60 30.70 29.83 30.21 29.70 30.64 30.48 29.80 28.90 29.86 28.69 28.60 29.33 29.37 26.36 27.76 27.91 27.76 27.90 29.07 30.24 30.10 28.98 27.18 27.15 28.01 28.38 28.87 27.79 28.11 27.42 27.91 28.05 29.23 29.15 29.98 30.69 29.94 29.12 29.25 28.75 28.38 29.58 29.36 29.13 28.74 27.91 28.16 28.45 28.64 29.47 28.75 29.29 30.16 30.69 30.81 30.85 30.96 30.51 29.15 29.18 30.53 30.30 29.42 29.66 30.16 29.96 29.49 28.40 30.38 29.25 26.92 27.80 26.81 26.54
29.44 29.56 29.78 30.20 29.62 29.73 29.87 30.34 29.42 29.58 27.87 30.17 28.67 29.39 29.04 28.61 27.39 28.05 27.20 26.10 27.87 29.12 29.48 29.53 29.49 28.23 27.30 27.73 26.46 26.76 28.40 28.13 28.11 28.98 28.29 27.68 28.45 30.12 29.76 29.18 29.60 28.77 28.52 27.91 28.38 28.01 28.42 27.74 26.25 28.40 28.55 28.74 27.83 27.12 29.83 29.20 30.23 30.47 30.54 30.48 30.26 30.26 30.21 30.47 30.31 30.79 30.60 30.75 31.00 28.49 28.35 29.83 28.97 27.56 27.86 27.83 27.60
29.33 30.20 29.55 30.65 29.20 30.01 29.38 29.20 30.25 29.73 27.98 28.57 28.73 29.65 29.10 28.60 27.03 28.95 28.51 26.44 27.74 28.87 27.08 28.74 30.08 28.82 26.62 25.99 27.48 27.43 27.24 27.26 27.80 26.66 27.62 28.30 28.04 29.56 29.17 29.86 29.99 29.36 28.31 28.41 28.81 28.60 27.69 27.57 27.35 27.67 28.45 27.64 28.50 27.36 29.93 29.35 29.79 30.40 30.33 29.87 29.18 29.16 29.49 27.86 29.07 29.54 30.56 30.66 30.09 29.08 27.96 28.85 26.96 28.60 27.80 29.35 28.03
30.07 29.54 30.20 29.65 28.62 28.63 29.91 29.07 30.86 30.00 28.51 28.98 27.67 29.49 29.57 27.77 28.68 27.51 27.98 26.24 28.27 29.03 27.01 27.23 30.66 29.44 27.61 25.10 27.51 28.41 26.91 26.96 26.51 25.89 26.05 26.21 27.41 27.67 28.42 29.41 29.47 28.63 29.47 29.33 29.57 30.15 28.74 28.10 27.45 28.59 27.25 26.62 27.98 27.78 29.35 29.53 29.84 30.32 29.92 29.77 29.44 26.95 25.23 27.28 26.54 25.72 24.96 24.28 27.53 28.48 26.01 24.64 26.20 26.97 27.81 29.51 28.04
29.08 29.39 29.22 29.84 29.22 29.18 30.32 29.45 30.38 29.98 29.31 28.95 27.83 29.48 28.33 28.19 27.18 27.24 27.56 27.25 26.47 28.40 26.29 26.82 29.17 29.85 28.66 25.63 27.36 28.44 28.58 28.35 27.20 27.92 27.36 26.00 26.40 27.83 27.53 28.16 29.48 30.03 28.87 29.19 29.56 29.48 28.69 28.74 28.64 28.83 27.92 27.97 27.05 27.67 28.60 28.96 29.93 29.95 29.45 30.18 28.86 26.53 27.63 25.56 21.97 18.02 18.94 12.90 16.64 17.79 22.82 24.68 24.35 26.49 26.61 27.77 27.42
29.54 29.70 29.03 30.04 29.28 29.53 30.20 29.57 29.68 29.68 29.11 28.49 28.10 28.94 29.13 28.95 27.07 27.98 26.93 27.68 26.70 28.39 27.08 27.39 25.94 27.06 29.08 26.94 27.68 26.82 27.91 27.44 29.14 28.93 28.15 27.20 26.94 26.29 26.92 28.36 29.03 29.44 29.17 27.97 27.91 27.57 27.16 27.55 27.90 28.84 27.10 28.44 28.67 28.81 29.33 29.35 29.48 29.79 29.53 27.85 25.83 28.56 21.31 16.22 17.58 14.37 14.57 15.27 10.48 9.54 9.43 11.67 15.12 15.95 14.69 18.51 21.78
29.72 29.35 29.22 29.79 29.22 28.87 29.71 29.40 29.45 30.07 28.91 29.83 28.35 29.22 29.36 28.14 27.58 27.51 28.49 27.65 27.07 27.80 27.91 27.27 27.22 26.44 26.23 27.16 27.09 27.51 25.25 27.03 26.83 27.64 26.75 27.58 26.70 26.57 26.87 26.54 28.26 28.19 28.35 27.94 26.69 26.23 26.62 27.05 26.87 26.75 27.07 28.10 28.56 28.36 28.82 29.26 29.55 29.51 29.34 26.89 27.46 26.00 18.71 19.78 15.32 18.98 13.49 11.54 8.96 8.89 5.32 5.51 9.12 6.64 7.31 11.60 8.07
28.99 29.76 29.32 30.07 28.94 29.23 29.76 28.06 29.54 30.30 28.73 28.85 28.49 28.67 28.40 29.07 27.77 28.78 28.31 27.55 28.15 28.37 27.63 27.16 26.66 25.21 26.10 26.56 27.21 26.63 24.93 22.14 23.27 26.34 26.63 25.97 25.34 26.52 25.39 25.66 27.27 27.77 26.95 28.08 26.50 25.63 25.95 26.24 26.46 26.84 27.99 28.33 27.74 28.01 28.89 28.95 28.63 28.52 28.42 27.45 28.93 22.72 20.61 19.17 24.97 20.59 12.66 9.51 12.04 6.50 5.23 9.03 10.81 5.01 5.78 8.32 6.14
29.18 28.72 29.26 30.50 28.85 28.64 29.22 28.30 28.90 29.53 29.09 29.05 28.48 28.76 29.47 29.15 27.71 28.96 27.94 27.32 27.83 27.76 27.33 27.90 27.53 26.04 25.51 25.38 23.98 27.60 26.44 25.51 24.85 26.43 25.46 25.73 25.87 26.60 27.10 27.07 26.38 26.91 27.56 27.37 25.48 24.83 26.29 26.11 24.61 26.40 27.77 26.97 25.97 26.25 27.93 28.07 28.31 28.22 28.32 29.47 26.31 20.42 22.17 25.80 23.68 16.11 14.70 17.52 11.64 6.27 9.32 13.99 8.72 6.03 6.04 9.76 6.72
29.52 29.08 29.07 30.55 29.85 29.60 29.14 28.71 28.74 29.20 27.65 28.82 29.00 27.43 26.83 28.69 28.03 28.69 28.23 28.02 28.50 27.44 26.78 25.94 27.18 26.25 25.15 26.68 24.85 26.56 24.83 25.22 25.80 25.15 25.32 24.85 27.05 26.08 25.24 26.49 25.98 26.53 26.00 27.48 26.42 24.82 25.17 24.63 24.87 26.05 25.69 25.56 25.76 26.45 28.48 27.90 26.54 28.58 28.58 26.74 22.28 18.97 24.79 24.80 18.32 15.41 20.45 17.70 12.34 9.59 16.90 12.43 10.14 7.43 6.76 10.89 6.68
28.80 29.51 28.37 29.42 30.17 29.95 28.35 29.69 29.32 28.73 28.55 28.72 28.69 28.74 28.47 28.38 28.13 28.79 28.85 28.72 28.57 27.35 27.50 27.29 28.06 26.88 25.88 23.60 24.78 26.81 27.92 26.78 26.25 26.07 23.84 22.78 24.63 25.97 23.38 24.87 25.78 25.57 26.37 26.96 25.92 25.74 24.64 23.95 26.03 25.58 24.84 24.68 24.74 26.48 27.98 27.33 27.57 28.33 27.02 23.85 21.60 25.43 24.43 20.56 17.98 16.22 14.63 15.01 10.82 16.85 18.20 13.83 11.59 7.27 9.93 11.47 8.58
