main/data/irradiance/05.08.2023.grid
ncols 839
nrows 679
xllcenter 112.0500
yllcenter -43.9500
cellsize 0.0500
nodata_value 99999.90
[rows 272 to 305 of 679, columns 693 to 769 of 839]
18.07 18.10 18.11 18.11 18.06 18.08 18.14 18.13 18.08 18.08 18.05 18.05 18.04 18.03 18.03 18.06 18.08 18.11 18.07 18.05 18.07 18.11 18.12 18.10 18.10 18.11 18.10 18.09 18.07 18.10 18.10 18.10 18.10 18.11 18.11 18.11 18.12 18.09 18.08 18.09 18.10 18.13 18.12 18.13 18.14 18.13 18.08 18.05 18.05 18.06 18.09 18.10 18.10 18.11 18.08 18.10 18.10 18.04 18.01 17.96 17.96 17.61 17.67 17.39 17.76 17.49 16.81 17.48 16.57 16.58 16.41 17.06 16.85 17.41 16.89 16.67 16.51
18.08 18.10 18.11 18.11 18.09 18.07 18.11 18.10 18.09 18.01 17.97 18.03 18.04 18.02 18.01 18.04 18.05 18.05 18.05 18.06 18.04 18.06 18.08 18.07 18.08 18.09 18.12 18.14 18.08 18.06 18.05 18.06 18.07 18.10 18.09 18.09 18.07 18.05 18.10 18.08 18.06 18.09 18.09 18.09 18.11 18.09 18.02 18.01 18.05 18.07 18.05 18.04 18.05 18.05 18.05 18.05 18.06 18.04 18.00 17.99 17.86 17.70 17.51 17.48 17.54 17.62 17.39 17.56 17.55 17.12 17.31 17.12 16.71 17.27 17.28 16.76 16.34
18.05 18.06 18.08 18.06 18.07 18.02 18.07 18.10 18.04 17.98 17.97 18.04 18.06 18.04 18.04 18.03 18.04 18.02 18.05 18.03 18.00 18.01 18.02 18.03 18.05 18.07 18.08 18.09 18.01 17.99 18.04 18.04 18.02 18.06 18.07 18.06 17.98 18.08 18.06 18.03 18.02 18.02 18.06 18.09 18.09 18.10 18.02 18.01 18.00 18.02 18.01 18.06 18.04 18.03 18.00 18.01 18.02 18.03 18.02 17.99 17.95 17.99 17.87 17.64 17.40 17.48 17.47 17.63 17.23 17.20 17.29 16.90 16.73 16.81 17.25 17.14 16.95
18.01 18.02 18.02 18.02 18.03 17.99 18.04 18.00 18.03 18.01 17.96 17.96 18.01 18.04 18.03 18.01 17.98 17.99 18.03 18.03 18.02 18.02 18.02 18.01 18.02 18.03 17.99 18.01 17.75 17.98 17.97 17.88 18.00 18.03 18.05 17.98 17.99 18.05 18.04 18.03 18.02 17.99 18.02 18.03 18.08 18.08 17.98 17.95 17.95 17.95 17.97 18.01 18.02 18.02 18.01 18.00 18.03 18.01 18.02 18.03 17.98 18.00 17.97 17.64 17.05 17.70 17.05 17.54 17.52 17.43 17.55 17.33 17.28 16.79 17.37 17.14 17.36
18.00 18.01 18.06 18.06 18.02 18.01 17.99 17.99 18.01 18.02 17.96 17.93 17.97 17.99 18.03 18.00 18.01 18.00 17.97 18.02 17.98 17.98 17.98 18.00 18.00 17.97 17.96 17.84 17.96 17.94 17.97 17.91 17.97 17.95 18.03 18.04 18.01 18.03 18.03 18.02 18.01 18.00 17.98 17.97 18.05 18.05 17.97 17.93 17.93 17.93 17.92 17.93 17.96 17.96 17.96 17.98 17.96 17.98 18.01 18.01 17.94 18.00 18.00 17.94 17.95 17.72 17.24 17.50 17.71 17.68 17.61 17.27 17.34 17.22 17.33 17.06 17.04
17.95 17.99 18.00 17.99 18.00 18.01 17.98 17.95 17.96 17.99 17.93 17.89 17.90 17.92 17.98 17.99 18.01 17.99 17.95 17.96 17.93 17.92 17.96 17.97 17.97 17.97 17.95 17.95 17.94 17.91 17.95 17.96 17.91 17.95 17.98 17.97 17.97 18.01 18.01 18.01 18.01 17.98 17.97 17.95 17.97 18.03 17.99 17.92 17.90 17.91 17.91 17.90 17.91 17.92 17.93 17.96 17.95 17.97 18.00 18.01 17.95 18.00 18.00 17.96 17.82 17.52 17.41 17.09 17.18 17.04 17.15 17.32 17.48 17.45 17.62 17.48 17.45
17.93 17.97 17.92 17.98 18.00 17.99 17.95 17.95 17.96 17.96 17.90 17.89 17.88 17.95 17.96 17.95 17.97 17.98 17.97 17.96 17.90 17.88 17.96 17.93 17.95 17.94 17.92 17.94 17.90 17.94 17.93 17.92 17.96 17.95 17.96 17.96 17.94 17.99 17.99 17.97 17.98 17.97 17.94 17.94 17.95 18.00 18.00 17.94 17.89 17.88 17.90 17.93 17.91 17.94 17.95 17.92 17.92 17.91 17.91 17.94 17.96 17.95 18.01 17.97 17.99 17.90 17.70 17.53 17.34 16.97 17.38 17.05 17.06 17.53 17.71 17.47 17.62
17.94 17.98 17.94 17.93 17.94 17.90 17.96 17.96 17.94 17.93 17.91 17.93 17.92 17.94 17.97 17.98 17.96 17.96 17.94 17.95 17.89 17.89 17.93 17.94 17.93 17.92 17.90 17.90 17.90 17.91 17.89 17.92 17.92 17.88 17.93 17.97 17.92 17.98 17.96 17.95 17.95 17.94 17.93 17.94 17.95 17.98 17.97 17.91 17.88 17.87 17.88 17.89 17.93 17.93 17.91 17.90 17.90 17.86 17.82 17.92 17.93 17.97 17.98 17.96 17.97 17.95 17.91 17.74 17.38 16.80 16.80 16.68 15.94 16.54 17.23 17.74 17.93
17.87 17.93 17.93 17.89 17.87 17.90 17.93 17.96 17.93 17.93 17.89 17.85 17.88 17.92 17.97 17.95 17.96 17.89 17.88 17.96 17.92 17.90 17.94 17.91 17.93 17.91 17.87 17.86 17.86 17.90 17.90 17.86 17.93 17.92 17.93 17.91 17.92 17.95 17.94 17.93 17.94 17.94 17.92 17.94 17.93 17.96 17.96 17.88 17.87 17.85 17.87 17.89 17.89 17.93 17.94 17.90 17.88 17.88 17.88 17.93 17.92 17.93 17.94 17.95 17.94 17.94 17.95 17.87 17.64 17.34 17.22 17.12 16.23 16.08 16.46 17.22 17.74
17.90 17.85 17.87 17.86 17.92 17.92 17.91 17.92 17.91 17.87 17.85 17.88 17.86 17.87 17.91 17.92 17.92 17.93 17.91 17.93 17.91 17.89 17.87 17.87 17.88 17.90 17.88 17.85 17.85 17.86 17.89 17.83 17.90 17.91 17.90 17.87 17.91 17.91 17.94 17.93 17.94 17.93 17.92 17.93 17.93 17.94 17.94 17.86 17.83 17.83 17.85 17.86 17.88 17.87 17.89 17.87 17.88 17.85 17.83 17.84 17.82 17.77 17.90 17.82 17.92 17.92 17.93 17.87 17.86 17.67 17.34 17.22 17.07 16.37 15.98 16.38 17.17
17.91 17.91 17.87 17.82 17.84 17.91 17.85 17.84 17.86 17.82 17.85 17.85 17.83 17.85 17.86 17.92 17.90 17.89 17.90 17.91 17.87 17.86 17.87 17.83 17.86 17.86 17.86 17.86 17.87 17.82 17.84 17.82 17.87 17.88 17.89 17.86 17.80 17.88 17.91 17.92 17.93 17.92 17.91 17.90 17.89 17.93 17.86 17.82 17.80 17.81 17.82 17.84 17.83 17.90 17.87 17.85 17.85 17.84 17.83 17.84 17.86 17.85 17.89 17.89 17.90 17.87 17.87 17.89 17.90 17.78 17.58 17.36 17.33 16.55 15.95 15.46 16.19
17.82 17.86 17.87 17.86 17.79 17.78 17.77 17.78 17.78 17.78 17.77 17.77 17.78 17.80 17.84 17.88 17.87 17.86 17.89 17.85 17.84 17.85 17.86 17.82 17.83 17.84 17.84 17.85 17.85 17.82 17.80 17.81 17.85 17.84 17.79 17.81 17.87 17.88 17.87 17.89 17.90 17.89 17.90 17.90 17.86 17.86 17.82 17.80 17.78 17.79 17.81 17.82 17.81 17.85 17.86 17.84 17.84 17.85 17.85 17.84 17.86 17.86 17.82 17.74 17.82 17.76 17.86 17.84 17.85 17.83 17.74 17.67 17.49 17.50 17.15 16.58 15.88
17.79 17.81 17.83 17.88 17.79 17.80 17.78 17.77 17.75 17.76 17.77 17.77 17.75 17.77 17.84 17.86 17.86 17.82 17.85 17.85 17.87 17.84 17.83 17.79 17.83 17.83 17.82 17.84 17.83 17.81 17.78 17.80 17.86 17.77 17.72 17.79 17.86 17.87 17.85 17.87 17.85 17.87 17.88 17.88 17.83 17.82 17.81 17.79 17.78 17.79 17.78 17.79 17.82 17.83 17.83 17.84 17.83 17.83 17.84 17.82 17.82 17.83 17.83 17.80 17.86 17.81 17.71 17.82 17.84 17.82 17.75 17.60 17.69 17.83 17.82 17.48 16.82
17.76 17.76 17.81 17.84 17.86 17.83 17.81 17.76 17.75 17.82 17.78 17.75 17.75 17.76 17.81 17.80 17.82 17.82 17.79 17.83 17.84 17.78 17.79 17.77 17.80 17.80 17.78 17.81 17.80 17.79 17.81 17.80 17.84 17.81 17.78 17.82 17.83 17.84 17.83 17.85 17.85 17.86 17.84 17.84 17.86 17.84 17.80 17.78 17.78 17.79 17.81 17.76 17.80 17.79 17.82 17.82 17.82 17.82 17.84 17.81 17.80 17.83 17.84 17.84 17.83 17.83 17.78 17.76 17.73 17.77 17.81 17.65 17.70 17.76 17.83 17.80 17.77
17.77 17.75 17.75 17.75 17.73 17.72 17.79 17.81 17.80 17.83 17.84 17.77 17.72 17.72 17.72 17.74 17.74 17.75 17.72 17.75 17.77 17.74 17.73 17.75 17.76 17.76 17.74 17.77 17.79 17.77 17.76 17.77 17.79 17.81 17.82 17.82 17.79 17.80 17.79 17.83 17.82 17.82 17.83 17.84 17.82 17.78 17.76 17.75 17.74 17.78 17.77 17.78 17.80 17.78 17.80 17.81 17.82 17.81 17.80 17.79 17.78 17.79 17.83 17.81 17.81 17.83 17.81 17.82 17.81 17.70 17.74 17.80 17.79 17.76 17.80 17.82 17.81
17.73 17.77 17.78 17.71 17.71 17.70 17.71 17.73 17.71 17.77 17.83 17.81 17.74 17.71 17.70 17.70 17.71 17.71 17.71 17.70 17.73 17.73 17.73 17.74 17.74 17.76 17.74 17.78 17.75 17.75 17.71 17.74 17.78 17.80 17.79 17.78 17.78 17.77 17.79 17.82 17.81 17.80 17.81 17.82 17.82 17.83 17.76 17.74 17.72 17.73 17.73 17.77 17.79 17.78 17.80 17.81 17.80 17.80 17.80 17.80 17.78 17.77 17.79 17.80 17.78 17.80 17.80 17.74 17.79 17.76 17.68 17.50 17.66 17.75 17.81 17.80 17.81
17.73 17.69 17.67 17.66 17.69 17.75 17.75 17.68 17.69 17.73 17.77 17.78 17.75 17.77 17.76 17.73 17.72 17.70 17.69 17.70 17.70 17.72 17.75 17.74 17.73 17.73 17.75 17.76 17.75 17.73 17.69 17.70 17.76 17.77 17.78 17.75 17.77 17.77 17.74 17.78 17.79 17.79 17.78 17.79 17.80 17.80 17.75 17.71 17.69 17.75 17.77 17.79 17.79 17.79 17.78 17.78 17.78 17.78 17.78 17.78 17.78 17.76 17.79 17.78 17.79 17.76 17.75 17.76 17.76 17.79 17.74 17.64 17.56 17.47 17.63 17.77 17.78
17.69 17.70 17.69 17.69 17.69 17.77 17.79 17.67 17.66 17.72 17.78 17.78 17.77 17.76 17.76 17.77 17.77 17.69 17.69 17.71 17.71 17.71 17.68 17.74 17.73 17.75 17.74 17.72 17.74 17.68 17.66 17.67 17.71 17.74 17.75 17.76 17.77 17.76 17.73 17.76 17.78 17.77 17.77 17.76 17.77 17.78 17.74 17.69 17.68 17.74 17.76 17.76 17.76 17.76 17.76 17.76 17.76 17.75 17.75 17.76 17.76 17.74 17.75 17.78 17.77 17.77 17.77 17.73 17.78 17.77 17.73 17.69 17.72 17.44 17.44 17.56 17.70
17.66 17.67 17.69 17.69 17.70 17.75 17.75 17.76 17.76 17.76 17.75 17.76 17.74 17.74 17.73 17.74 17.74 17.73 17.73 17.70 17.69 17.70 17.68 17.69 17.67 17.68 17.66 17.67 17.66 17.63 17.63 17.64 17.66 17.72 17.72 17.74 17.74 17.73 17.72 17.73 17.73 17.74 17.74 17.74 17.74 17.75 17.72 17.67 17.67 17.73 17.74 17.74 17.74 17.75 17.74 17.73 17.72 17.73 17.74 17.74 17.75 17.73 17.72 17.74 17.74 17.74 17.74 17.75 17.75 17.74 17.73 17.64 17.65 17.48 17.55 17.57 17.44
17.59 17.60 17.62 17.63 17.69 17.73 17.74 17.74 17.74 17.74 17.74 17.73 17.73 17.73 17.72 17.68 17.71 17.73 17.71 17.70 17.69 17.65 17.65 17.65 17.52 17.62 17.63 17.64 17.62 17.61 17.64 17.65 17.66 17.70 17.69 17.72 17.72 17.67 17.73 17.72 17.73 17.74 17.72 17.73 17.73 17.71 17.68 17.64 17.66 17.71 17.72 17.72 17.73 17.72 17.72 17.73 17.73 17.73 17.72 17.73 17.73 17.73 17.69 17.70 17.71 17.72 17.73 17.69 17.73 17.73 17.68 17.61 17.66 17.61 17.44 17.49 17.53
17.61 17.58 17.59 17.59 17.60 17.64 17.71 17.72 17.72 17.71 17.71 17.70 17.70 17.71 17.68 17.68 17.71 17.70 17.69 17.68 17.64 17.59 17.53 17.51 17.45 17.59 17.60 17.60 17.59 17.61 17.60 17.61 17.65 17.68 17.68 17.71 17.71 17.67 17.71 17.73 17.71 17.71 17.72 17.71 17.70 17.67 17.64 17.63 17.65 17.70 17.69 17.70 17.71 17.70 17.71 17.71 17.71 17.70 17.70 17.70 17.70 17.70 17.69 17.69 17.68 17.71 17.70 17.69 17.71 17.71 17.65 17.59 17.57 17.61 17.45 17.47 17.48
17.66 17.61 17.56 17.57 17.57 17.58 17.59 17.65 17.68 17.69 17.70 17.71 17.67 17.69 17.68 17.68 17.68 17.69 17.60 17.59 17.61 17.59 17.54 17.51 17.57 17.56 17.56 17.56 17.56 17.60 17.61 17.61 17.58 17.62 17.67 17.67 17.68 17.68 17.63 17.70 17.68 17.69 17.69 17.69 17.68 17.64 17.61 17.61 17.67 17.68 17.68 17.69 17.70 17.70 17.70 17.68 17.68 17.68 17.68 17.68 17.68 17.68 17.69 17.66 17.68 17.69 17.68 17.68 17.69 17.68 17.65 17.67 17.63 17.63 17.50 17.42 17.50
17.58 17.65 17.55 17.55 17.54 17.55 17.55 17.57 17.59 17.64 17.66 17.60 17.59 17.61 17.62 17.66 17.66 17.53 17.54 17.53 17.53 17.53 17.54 17.54 17.54 17.54 17.54 17.55 17.55 17.55 17.59 17.55 17.57 17.62 17.63 17.63 17.66 17.66 17.58 17.64 17.65 17.67 17.68 17.67 17.68 17.66 17.59 17.59 17.64 17.67 17.65 17.67 17.67 17.67 17.66 17.66 17.66 17.66 17.65 17.66 17.66 17.67 17.67 17.62 17.66 17.67 17.66 17.66 17.66 17.67 17.66 17.65 17.63 17.62 17.50 17.47 17.53
17.55 17.60 17.57 17.54 17.54 17.53 17.53 17.54 17.54 17.55 17.58 17.59 17.59 17.53 17.54 17.55 17.54 17.53 17.53 17.52 17.52 17.52 17.53 17.52 17.52 17.52 17.53 17.52 17.53 17.53 17.53 17.58 17.57 17.60 17.61 17.61 17.62 17.63 17.56 17.58 17.64 17.64 17.66 17.66 17.67 17.63 17.57 17.59 17.65 17.64 17.64 17.64 17.65 17.65 17.64 17.65 17.65 17.63 17.63 17.64 17.64 17.63 17.63 17.63 17.63 17.64 17.63 17.64 17.63 17.64 17.64 17.63 17.61 17.62 17.52 17.55 17.55
17.56 17.54 17.52 17.52 17.58 17.51 17.49 17.50 17.51 17.52 17.53 17.51 17.50 17.51 17.51 17.51 17.51 17.53 17.51 17.53 17.51 17.50 17.51 17.52 17.53 17.51 17.52 17.51 17.50 17.51 17.52 17.52 17.52 17.59 17.57 17.58 17.54 17.54 17.53 17.53 17.59 17.63 17.63 17.64 17.60 17.55 17.56 17.58 17.62 17.62 17.62 17.61 17.63 17.63 17.64 17.62 17.62 17.61 17.60 17.59 17.62 17.62 17.62 17.61 17.58 17.60 17.60 17.60 17.62 17.61 17.62 17.60 17.58 17.59 17.58 17.54 17.50
17.57 17.55 17.50 17.50 17.57 17.55 17.49 17.48 17.49 17.50 17.49 17.49 17.48 17.48 17.49 17.49 17.48 17.48 17.45 17.47 17.47 17.48 17.50 17.49 17.49 17.49 17.50 17.45 17.48 17.49 17.50 17.50 17.53 17.53 17.51 17.51 17.51 17.57 17.59 17.53 17.52 17.60 17.61 17.59 17.52 17.52 17.53 17.55 17.60 17.60 17.60 17.60 17.60 17.61 17.56 17.52 17.51 17.54 17.51 17.54 17.59 17.59 17.59 17.60 17.56 17.58 17.60 17.57 17.56 17.60 17.59 17.57 17.55 17.57 17.55 17.43 17.48
17.61 17.58 17.57 17.49 17.48 17.54 17.52 17.47 17.47 17.47 17.46 17.47 17.46 17.47 17.47 17.46 17.46 17.46 17.46 17.45 17.44 17.45 17.45 17.47 17.46 17.48 17.47 17.47 17.46 17.46 17.46 17.48 17.48 17.53 17.50 17.53 17.56 17.58 17.58 17.53 17.51 17.59 17.58 17.54 17.49 17.50 17.50 17.54 17.58 17.58 17.59 17.60 17.58 17.53 17.48 17.48 17.49 17.52 17.51 17.52 17.57 17.54 17.56 17.58 17.55 17.55 17.56 17.56 17.55 17.56 17.56 17.56 17.56 17.49 17.47 17.42 17.38
17.50 17.50 17.54 17.57 17.50 17.47 17.51 17.49 17.44 17.43 17.44 17.44 17.43 17.43 17.43 17.44 17.43 17.44 17.44 17.43 17.43 17.44 17.41 17.39 17.45 17.46 17.45 17.47 17.45 17.44 17.45 17.45 17.48 17.55 17.55 17.57 17.56 17.57 17.57 17.56 17.52 17.57 17.57 17.48 17.47 17.47 17.48 17.55 17.55 17.56 17.54 17.52 17.48 17.47 17.46 17.46 17.48 17.46 17.51 17.48 17.49 17.50 17.55 17.56 17.55 17.53 17.56 17.55 17.56 17.56 17.52 17.52 17.45 17.46 17.41 17.33 17.35
17.48 17.45 17.54 17.56 17.51 17.44 17.47 17.50 17.43 17.42 17.42 17.43 17.41 17.43 17.43 17.43 17.42 17.42 17.41 17.42 17.41 17.42 17.41 17.40 17.43 17.43 17.43 17.43 17.44 17.43 17.42 17.42 17.45 17.49 17.55 17.55 17.48 17.55 17.56 17.56 17.55 17.56 17.55 17.45 17.45 17.45 17.48 17.54 17.54 17.52 17.45 17.46 17.46 17.45 17.46 17.45 17.44 17.45 17.45 17.45 17.45 17.46 17.47 17.53 17.53 17.48 17.51 17.52 17.53 17.50 17.54 17.51 17.43 17.42 17.44 17.44 17.29
17.49 17.42 17.43 17.49 17.46 17.46 17.50 17.45 17.44 17.49 17.43 17.41 17.39 17.40 17.42 17.43 17.41 17.41 17.41 17.40 17.40 17.40 17.39 17.39 17.41 17.41 17.41 17.42 17.40 17.40 17.40 17.42 17.47 17.47 17.44 17.51 17.43 17.52 17.53 17.53 17.53 17.54 17.55 17.44 17.44 17.47 17.52 17.51 17.51 17.47 17.44 17.44 17.43 17.44 17.43 17.42 17.41 17.43 17.47 17.45 17.44 17.49 17.45 17.44 17.49 17.50 17.50 17.48 17.44 17.47 17.49 17.46 17.47 17.48 17.41 17.38 17.14
17.50 17.45 17.39 17.42 17.47 17.43 17.48 17.42 17.48 17.42 17.41 17.38 17.39 17.38 17.40 17.41 17.39 17.38 17.37 17.37 17.36 17.37 17.36 17.37 17.39 17.38 17.38 17.39 17.39 17.38 17.39 17.38 17.41 17.40 17.40 17.40 17.41 17.48 17.52 17.53 17.52 17.52 17.53 17.48 17.46 17.46 17.43 17.44 17.41 17.41 17.41 17.40 17.40 17.40 17.40 17.39 17.39 17.42 17.46 17.41 17.38 17.41 17.48 17.46 17.45 17.43 17.49 17.43 17.45 17.41 17.45 17.44 17.42 17.41 17.41 17.34 17.32
17.45 17.43 17.39 17.37 17.43 17.43 17.44 17.40 17.43 17.43 17.47 17.42 17.38 17.37 17.38 17.40 17.39 17.36 17.33 17.34 17.35 17.35 17.35 17.37 17.36 17.36 17.36 17.36 17.36 17.37 17.38 17.36 17.36 17.36 17.36 17.34 17.37 17.44 17.45 17.51 17.52 17.50 17.49 17.48 17.40 17.36 17.35 17.40 17.39 17.39 17.39 17.39 17.39 17.39 17.38 17.37 17.38 17.42 17.42 17.42 17.44 17.38 17.38 17.40 17.43 17.38 17.38 17.43 17.44 17.42 17.40 17.38 17.37 17.36 17.32 17.26 17.13
17.45 17.41 17.36 17.39 17.40 17.39 17.41 17.42 17.36 17.39 17.44 17.45 17.42 17.35 17.34 17.35 17.35 17.33 17.33 17.34 17.33 17.33 17.33 17.33 17.34 17.33 17.34 17.36 17.36 17.36 17.39 17.37 17.34 17.34 17.33 17.31 17.30 17.33 17.36 17.40 17.45 17.47 17.47 17.48 17.42 17.36 17.34 17.34 17.35 17.37 17.37 17.36 17.36 17.35 17.35 17.35 17.36 17.36 17.40 17.42 17.45 17.45 17.42 17.38 17.38 17.44 17.36 17.34 17.40 17.39 17.34 17.37 17.38 17.38 17.30 17.16 17.07
17.42 17.38 17.39 17.38 17.34 17.34 17.35 17.38 17.38 17.37 17.36 17.36 17.42 17.39 17.33 17.34 17.32 17.31 17.31 17.31 17.31 17.30 17.30 17.34 17.38 17.34 17.34 17.35 17.37 17.33 17.38 17.39 17.36 17.35 17.31 17.31 17.29 17.31 17.36 17.36 17.41 17.42 17.46 17.45 17.44 17.33 17.32 17.30 17.33 17.35 17.34 17.34 17.33 17.34 17.33 17.33 17.33 17.34 17.36 17.37 17.39 17.44 17.38 17.34 17.40 17.39 17.43 17.34 17.35 17.37 17.31 17.33 17.35 17.32 17.23 17.12 16.88
