main/data/irradiance/05.09.2023.grid
ncols 839
nrows 679
xllcenter 112.0500
yllcenter -43.9500
cellsize 0.0500
nodata_value 99999.90
[rows 374 to 407 of 679, columns 693 to 769 of 839]
19.74 19.67 19.70 19.71 19.79 19.63 19.73 19.75 19.51 19.77 19.72 19.71 19.73 19.68 19.70 19.75 19.74 19.73 19.80 19.83 19.82 19.90 19.93 19.90 19.80 19.84 19.82 19.78 19.85 19.88 19.81 19.83 19.84 19.81 19.78 19.80 19.87 19.89 19.92 19.93 19.91 19.78 19.75 19.76 19.74 19.85 19.81 19.79 19.77 19.80 19.88 19.82 19.83 19.83 19.85 19.84 19.84 19.87 19.84 19.79 19.76 19.79 19.94 19.91 20.10 19.89 19.75 19.61 19.63 19.80 19.55 19.76 20.05 19.30 19.84 19.70 19.80
19.64 19.68 19.70 19.72 19.79 19.65 19.76 19.64 19.60 19.69 19.68 19.71 19.73 19.66 19.71 19.73 19.71 19.74 19.82 19.82 19.84 19.85 19.81 19.81 19.86 19.83 19.80 19.85 19.82 19.78 19.80 19.81 19.83 19.89 19.84 19.83 19.83 19.85 19.94 19.95 19.92 19.79 19.87 19.76 19.63 19.71 19.81 19.78 19.81 19.80 19.77 19.79 19.79 19.93 19.84 19.89 19.88 19.79 19.89 19.79 19.87 19.89 19.94 19.85 19.76 19.86 20.00 19.86 20.07 19.97 19.77 19.53 19.64 19.68 19.88 19.73 19.29
19.62 19.65 19.71 19.74 19.76 19.73 19.69 19.62 19.58 19.62 19.62 19.71 19.82 19.75 19.70 19.72 19.80 19.79 19.84 19.83 19.81 19.82 19.78 19.80 19.80 19.78 19.84 19.90 19.79 19.75 19.78 19.79 19.84 19.83 19.79 19.81 19.80 19.84 19.84 19.89 19.87 19.87 19.83 19.74 19.73 19.70 19.71 19.70 19.82 19.79 19.82 19.84 19.89 19.85 19.90 20.05 19.99 19.87 20.03 19.95 19.92 20.03 19.83 19.83 20.01 19.83 19.80 19.65 19.90 19.88 19.82 19.36 19.23 19.92 19.80 19.83 19.50
19.58 19.60 19.56 19.72 19.75 19.76 19.71 19.61 19.68 19.68 19.69 19.74 19.70 19.74 19.76 19.73 19.76 19.77 19.86 19.93 19.74 19.72 19.73 19.77 19.77 19.73 19.74 19.83 19.76 19.75 19.77 19.79 19.80 19.80 19.82 19.89 19.80 19.83 19.89 19.84 19.88 19.85 19.78 19.75 19.76 19.75 19.74 19.78 19.87 19.72 19.87 19.99 20.09 19.81 19.82 19.82 19.88 19.80 20.13 20.06 19.85 19.88 19.90 19.83 19.82 19.73 19.86 19.88 19.78 19.80 19.70 19.42 19.59 19.90 20.04 19.88 19.63
19.67 19.59 19.54 19.69 19.73 19.75 19.66 19.66 19.69 19.84 19.94 19.75 19.73 19.78 19.73 19.77 19.76 19.75 19.66 19.74 19.71 19.72 19.73 19.69 19.71 19.72 19.77 19.79 19.79 19.72 19.72 19.75 19.83 19.83 19.86 19.79 19.83 19.83 19.86 19.86 19.83 19.77 19.76 19.73 19.74 19.85 19.80 19.87 19.87 19.68 19.88 20.03 19.96 19.82 19.80 19.72 19.91 19.85 19.87 19.84 19.86 19.94 20.00 19.98 19.84 19.94 20.00 19.76 19.69 19.64 19.58 19.35 19.65 19.84 20.10 19.93 19.78
19.75 19.61 19.57 19.63 19.70 19.69 19.63 19.63 19.67 19.71 19.85 19.73 19.84 19.78 19.76 19.75 19.73 19.66 19.65 19.69 19.67 19.66 19.67 19.69 19.68 19.73 19.78 19.73 19.75 19.72 19.66 19.69 19.76 19.77 19.80 19.80 19.76 19.83 19.79 19.84 19.75 19.69 19.72 19.77 19.86 19.83 19.81 20.01 19.85 19.89 19.76 19.62 19.74 19.70 19.89 19.85 19.88 19.78 19.87 19.83 19.82 19.78 19.99 19.97 19.90 19.83 19.88 19.77 19.67 19.59 19.76 19.74 19.78 19.53 19.65 19.98 19.73
19.70 19.57 19.62 19.64 19.66 19.65 19.60 19.64 19.70 19.76 19.77 19.75 19.69 19.68 19.60 19.66 19.66 19.63 19.65 19.63 19.62 19.64 19.62 19.67 19.68 19.70 19.70 19.67 19.81 19.70 19.68 19.68 19.65 19.68 19.73 19.68 19.69 19.67 19.69 19.69 19.68 19.65 19.72 19.73 19.80 19.83 19.59 19.67 19.91 19.92 19.81 19.55 19.77 19.82 19.77 19.68 19.65 19.71 19.72 19.69 19.76 19.74 19.81 19.78 20.01 19.81 19.69 19.66 19.57 19.74 19.66 19.76 19.74 19.74 19.98 19.98 19.77
19.57 19.54 19.56 19.56 19.58 19.61 19.65 19.71 19.79 19.68 19.61 19.65 19.75 19.62 19.54 19.62 19.61 19.62 19.64 19.60 19.66 19.63 19.62 19.68 19.69 19.66 19.64 19.71 19.71 19.66 19.65 19.68 19.72 19.68 19.66 19.74 19.70 19.64 19.66 19.71 19.66 19.61 19.74 19.78 19.78 19.78 19.56 19.71 19.59 19.93 20.00 19.78 19.99 19.76 19.73 19.73 19.82 20.01 19.88 19.81 19.82 19.89 19.82 19.80 19.95 19.87 19.77 19.63 19.60 19.56 19.63 19.89 19.88 19.75 19.80 19.89 19.81
19.53 19.54 19.54 19.52 19.42 19.58 19.65 19.65 19.64 19.51 19.53 19.58 19.40 19.58 19.61 19.60 19.61 19.60 19.61 19.61 19.62 19.64 19.60 19.66 19.67 19.74 19.72 19.68 19.65 19.64 19.63 19.63 19.69 19.67 19.64 19.68 19.64 19.64 19.65 19.65 19.69 19.72 19.76 19.92 19.90 19.97 19.91 19.62 19.83 19.92 20.03 19.84 19.78 19.64 19.59 19.52 19.75 19.84 19.85 19.91 19.61 19.66 19.67 19.67 19.67 19.54 19.78 19.74 19.52 19.53 19.62 19.64 19.61 19.86 19.76 19.92 19.75
19.51 19.55 19.55 19.56 19.63 19.59 19.62 19.57 19.53 19.39 19.60 19.53 19.60 19.61 19.58 19.54 19.61 19.67 19.63 19.61 19.59 19.57 19.61 19.67 19.59 19.72 19.75 19.65 19.62 19.60 19.56 19.60 19.61 19.61 19.65 19.64 19.65 19.66 19.76 19.65 19.76 19.81 19.98 19.99 19.99 19.96 19.77 19.84 19.68 19.88 19.83 19.73 19.73 19.55 19.59 19.56 19.76 19.95 19.84 19.83 19.77 19.44 19.45 19.72 19.75 19.59 19.50 19.57 19.41 19.49 19.41 19.55 19.47 19.82 19.64 19.84 19.58
19.50 19.52 19.55 19.58 19.59 19.56 19.40 19.50 19.55 19.61 19.61 19.51 19.56 19.58 19.55 19.58 19.66 19.55 19.62 19.64 19.57 19.55 19.72 19.66 19.62 19.71 19.70 19.64 19.60 19.60 19.59 19.58 19.57 19.59 19.72 19.61 19.59 19.57 19.68 19.64 19.67 19.70 19.80 19.75 19.98 19.99 19.68 19.80 19.57 19.89 19.40 19.77 19.68 19.77 19.80 19.48 19.87 19.60 19.42 19.81 19.64 19.44 19.52 19.38 19.38 19.47 19.29 19.45 19.68 19.46 19.50 19.35 19.48 19.68 19.84 19.82 19.67
19.44 19.46 19.54 19.58 19.59 19.56 19.46 19.51 19.61 19.62 19.62 19.60 19.52 19.50 19.52 19.58 19.59 19.58 19.59 19.56 19.57 19.59 19.66 19.64 19.60 19.61 19.60 19.58 19.65 19.57 19.55 19.55 19.56 19.63 19.59 19.56 19.57 19.56 19.58 19.53 19.60 19.78 19.92 19.87 19.77 19.92 19.95 19.81 19.87 19.77 19.67 19.65 19.51 19.41 19.64 19.43 19.58 19.44 19.45 19.71 19.72 19.58 19.32 19.39 19.26 19.21 19.40 19.54 19.78 19.72 19.35 19.31 19.42 19.65 19.72 19.58 19.56
19.37 19.49 19.53 19.56 19.60 19.64 19.60 19.52 19.34 19.51 19.53 19.51 19.43 19.26 19.47 19.59 19.56 19.58 19.63 19.53 19.54 19.56 19.62 19.60 19.56 19.54 19.54 19.53 19.56 19.55 19.57 19.62 19.53 19.59 19.56 19.57 19.61 19.60 19.58 19.59 19.73 19.93 19.59 19.77 19.98 19.88 19.86 19.83 19.87 19.71 19.69 19.68 19.66 19.71 19.70 19.67 19.71 19.66 19.73 19.78 19.80 19.69 19.60 19.35 19.12 18.88 19.16 18.93 19.22 19.55 19.43 19.37 18.84 19.55 19.76 19.70 19.54
19.44 19.41 19.38 19.48 19.61 19.59 19.60 19.52 19.21 19.45 19.52 19.52 19.41 19.36 19.34 19.47 19.51 19.58 19.48 19.51 19.53 19.57 19.60 19.73 19.53 19.58 19.54 19.54 19.58 19.56 19.56 19.56 19.55 19.59 19.62 19.54 19.51 19.58 19.56 19.55 19.74 19.71 19.70 19.93 19.94 19.82 19.68 19.77 19.89 19.75 19.70 19.66 19.77 19.83 19.85 19.72 19.77 19.74 19.63 19.60 19.70 19.56 19.66 19.54 19.39 19.08 19.28 19.04 19.10 19.24 19.43 19.29 18.86 19.42 19.63 19.65 19.58
19.34 19.35 19.32 19.36 19.56 19.58 19.55 19.42 19.38 19.36 19.46 19.54 19.49 19.39 19.26 19.37 19.30 19.45 19.52 19.54 19.55 19.56 19.56 19.54 19.54 19.51 19.54 19.57 19.58 19.55 19.54 19.50 19.52 19.54 19.55 19.53 19.56 19.56 19.54 19.51 19.52 19.52 19.74 19.88 19.81 19.71 19.92 19.62 19.50 19.63 19.68 19.60 19.75 19.74 19.80 19.69 19.67 19.75 19.72 19.77 19.76 19.74 19.61 19.61 19.49 18.97 19.27 19.28 19.48 18.88 19.24 19.34 19.07 19.49 19.63 19.64 19.62
19.21 19.20 19.09 19.24 19.37 19.36 19.47 19.50 19.29 19.31 19.41 19.46 19.46 19.43 19.46 19.48 19.21 19.22 19.40 19.52 19.46 19.53 19.55 19.52 19.52 19.52 19.54 19.50 19.55 19.55 19.52 19.52 19.52 19.53 19.51 19.58 19.58 19.56 19.56 19.49 19.88 19.58 19.65 19.67 19.83 19.82 19.79 19.72 19.71 19.58 19.56 19.65 19.80 19.81 19.82 19.65 19.69 19.60 19.73 19.80 19.73 19.78 19.64 19.61 19.39 19.06 19.26 19.27 19.50 19.54 18.91 19.26 19.51 19.54 19.57 19.53 19.63
19.19 19.09 18.85 18.99 19.08 19.07 19.34 19.39 19.48 19.37 19.36 19.24 19.29 19.42 19.59 19.52 19.39 19.20 19.29 19.56 19.34 19.26 19.42 19.50 19.47 19.47 19.49 19.53 19.51 19.50 19.50 19.53 19.52 19.51 19.52 19.61 19.54 19.52 19.54 19.51 19.58 19.51 19.52 19.86 19.81 19.88 19.92 19.85 19.86 19.53 19.55 19.56 19.47 19.55 19.55 19.56 19.57 19.74 19.66 19.66 19.73 19.70 19.61 19.59 19.41 19.33 19.49 19.33 19.39 19.39 19.37 19.47 19.58 19.50 19.52 19.57 19.58
19.13 18.48 18.98 19.03 19.04 19.15 19.19 19.34 19.39 19.42 19.38 19.38 19.49 19.52 19.59 19.48 19.45 19.39 19.60 19.80 19.28 19.32 19.42 19.44 19.48 19.46 19.50 19.52 19.54 19.53 19.48 19.47 19.53 19.52 19.54 19.58 19.50 19.56 19.42 19.46 19.55 19.61 19.54 19.52 19.54 19.64 19.75 19.67 19.68 19.56 19.58 19.60 19.61 19.57 19.52 19.61 19.52 19.61 19.64 19.70 19.58 19.54 19.58 19.53 19.40 19.44 19.34 19.31 19.11 19.15 19.11 19.43 19.51 19.48 19.45 19.56 19.66
18.56 18.50 18.75 19.02 19.19 19.25 19.32 19.26 19.41 19.42 19.25 19.37 19.19 19.34 19.51 19.49 19.51 19.48 19.62 19.57 19.42 19.45 19.44 19.49 19.47 19.47 19.54 19.52 19.50 19.47 19.44 19.42 19.47 19.47 19.45 19.53 19.43 19.48 19.63 19.53 19.55 19.55 19.51 19.44 19.58 19.52 19.58 19.70 19.64 19.66 19.57 19.56 19.57 19.62 19.75 19.66 19.61 19.62 19.57 19.50 19.50 19.52 19.39 19.32 19.49 19.30 19.36 19.32 19.37 19.36 19.02 19.53 19.33 19.42 19.32 19.57 19.53
18.71 18.87 18.61 18.99 19.19 19.11 19.25 19.30 19.16 19.10 19.03 19.19 19.28 19.45 19.54 19.53 19.55 19.53 19.52 19.47 19.40 19.50 19.45 19.43 19.44 19.52 19.48 19.49 19.50 19.46 19.48 19.45 19.44 19.48 19.47 19.42 19.45 19.44 19.63 19.49 19.48 19.41 19.47 19.55 19.60 19.51 19.58 19.58 19.62 19.67 19.59 19.57 19.46 19.69 19.65 19.63 19.58 19.65 19.66 19.60 19.67 19.58 19.38 19.35 19.42 19.28 19.25 19.27 19.35 19.31 19.24 19.33 19.41 19.48 19.36 19.44 19.53
18.83 18.97 18.92 19.07 19.15 19.25 19.25 18.99 18.88 19.06 19.31 19.27 19.38 19.45 19.61 19.60 19.55 19.50 19.49 19.43 19.44 19.43 19.42 19.35 19.43 19.43 19.48 19.52 19.48 19.50 19.47 19.42 19.43 19.45 19.44 19.41 19.48 19.54 19.64 19.54 19.47 19.49 19.54 19.61 19.61 19.57 19.60 19.56 19.55 19.60 19.60 19.63 19.61 19.59 19.61 19.54 19.67 19.59 19.73 19.57 19.64 19.64 19.63 19.50 19.45 19.42 19.36 19.12 19.11 19.20 19.13 19.27 19.32 19.43 19.17 19.27 19.42
19.06 18.94 18.96 19.09 18.92 18.85 18.93 19.29 19.31 19.19 19.35 19.41 19.34 19.47 19.49 19.48 19.49 19.48 19.42 19.40 19.37 19.34 19.37 19.33 19.40 19.40 19.44 19.44 19.43 19.42 19.43 19.41 19.40 19.38 19.47 19.39 19.45 19.56 19.52 19.65 19.77 19.59 19.53 19.66 19.58 19.48 19.45 19.49 19.50 19.45 19.55 19.62 19.65 19.58 19.61 19.68 19.54 19.55 19.58 19.50 19.67 19.66 19.62 19.55 19.49 19.51 19.56 19.38 19.21 19.12 19.18 19.12 19.22 19.30 19.35 19.25 19.33
19.06 18.96 18.90 18.74 18.88 18.76 19.13 19.39 19.59 19.41 19.66 19.56 19.11 19.25 19.29 19.45 19.47 19.28 19.34 19.38 19.34 19.32 19.31 19.30 19.27 19.39 19.43 19.32 19.37 19.39 19.41 19.41 19.40 19.43 19.45 19.38 19.42 19.41 19.47 19.51 19.46 19.50 19.52 19.62 19.66 19.51 19.42 19.65 19.64 19.49 19.69 19.57 19.54 19.51 19.65 19.58 19.59 19.63 19.53 19.59 19.62 19.51 19.72 19.60 19.41 19.47 19.44 19.47 19.45 19.28 19.23 19.31 19.38 19.33 19.26 19.02 19.08
19.03 18.98 19.10 18.75 18.96 19.19 19.08 19.30 19.46 19.67 19.65 19.62 19.52 19.25 19.32 19.47 19.41 19.38 19.36 19.32 19.31 19.31 19.18 19.15 19.26 19.25 19.31 19.30 19.33 19.37 19.44 19.38 19.42 19.33 19.34 19.37 19.34 19.42 19.44 19.47 19.39 19.36 19.46 19.64 19.71 19.60 19.59 19.76 19.63 19.58 19.54 19.74 19.67 19.57 19.73 19.57 19.64 19.58 19.58 19.73 19.71 19.49 19.57 19.62 19.49 19.46 19.38 19.52 19.41 19.18 19.26 19.48 19.45 19.51 19.42 19.26 19.19
18.71 19.18 19.01 19.07 18.95 19.14 19.11 19.22 19.15 19.28 19.61 19.38 19.53 19.55 19.18 19.42 19.42 19.35 19.33 19.33 19.31 19.26 19.21 19.12 19.20 19.27 19.26 19.26 19.39 19.34 19.28 19.38 19.40 19.39 19.37 19.36 19.39 19.44 19.44 19.43 19.45 19.47 19.42 19.46 19.60 19.57 19.48 19.55 19.74 19.64 19.68 19.56 19.66 19.62 19.48 19.45 19.65 19.59 19.44 19.51 19.64 19.64 19.67 19.63 19.63 19.53 19.38 19.42 19.39 19.41 19.40 19.41 19.48 19.53 19.64 19.56 19.30
19.24 19.65 19.20 18.92 19.27 19.14 19.16 19.14 19.07 19.12 19.27 19.31 19.17 19.18 19.28 19.35 19.34 19.28 19.29 19.31 19.26 19.19 19.28 19.23 19.24 19.17 19.19 19.27 19.33 19.28 19.36 19.38 19.38 19.41 19.32 19.42 19.48 19.43 19.43 19.48 19.42 19.47 19.47 19.39 19.46 19.40 19.51 19.62 19.68 19.71 19.69 19.73 19.72 19.67 19.70 19.68 19.65 19.61 19.61 19.55 19.74 19.72 19.68 19.68 19.57 19.63 19.50 19.30 19.29 19.34 19.43 19.52 19.43 19.43 19.52 19.50 19.41
19.10 18.77 19.09 18.97 19.17 19.11 19.18 19.23 19.06 19.10 19.09 19.22 19.21 19.01 19.14 19.20 19.53 19.44 19.32 19.22 19.29 19.31 19.28 19.25 19.34 19.30 19.25 19.31 19.31 19.31 19.35 19.37 19.35 19.35 19.39 19.45 19.48 19.52 19.42 19.42 19.42 19.40 19.40 19.36 19.43 19.43 19.44 19.48 19.67 19.69 19.73 19.72 19.66 19.66 19.62 19.53 19.59 19.56 19.55 19.59 19.63 19.65 19.68 19.68 19.62 19.49 19.48 19.36 19.40 19.40 19.41 19.49 19.39 19.40 19.43 19.44 19.39
19.16 19.44 19.47 18.84 18.98 19.07 19.04 19.14 19.14 19.03 19.06 19.16 19.10 19.40 19.32 18.99 19.16 19.21 19.40 19.39 19.31 19.38 19.23 19.32 19.59 19.24 19.28 19.38 19.40 19.29 19.30 19.31 19.34 19.41 19.33 19.40 19.44 19.47 19.47 19.43 19.46 19.45 19.41 19.46 19.47 19.44 19.46 19.41 19.63 19.68 19.66 19.65 19.67 19.67 19.52 19.44 19.64 19.66 19.65 19.67 19.52 19.55 19.64 19.61 19.62 19.53 19.38 19.39 19.45 19.48 19.56 19.54 19.40 19.24 19.27 19.27 19.31
19.19 19.29 19.23 19.06 19.07 19.03 18.91 18.73 18.86 18.64 18.90 19.15 19.09 19.31 19.37 18.84 18.95 19.24 19.22 19.38 19.30 19.26 19.25 19.35 19.27 19.26 19.30 19.28 19.36 19.43 19.27 19.26 19.27 19.32 19.23 19.27 19.34 19.36 19.38 19.41 19.54 19.47 19.41 19.39 19.39 19.39 19.39 19.51 19.62 19.51 19.51 19.48 19.44 19.50 19.60 19.54 19.52 19.58 19.56 19.60 19.60 19.68 19.63 19.52 19.43 19.40 19.31 19.35 19.49 19.54 19.53 19.51 19.46 19.49 19.39 19.36 19.35
19.14 19.16 19.14 19.17 19.14 19.06 19.02 18.85 18.74 18.86 18.87 19.09 19.10 19.31 19.35 18.83 18.65 18.64 19.18 19.31 19.38 19.21 19.23 19.33 19.32 19.27 19.25 19.21 19.23 19.29 19.25 19.25 19.27 19.42 19.41 19.28 19.29 19.35 19.38 19.41 19.43 19.41 19.34 19.41 19.37 19.36 19.41 19.44 19.55 19.46 19.52 19.45 19.47 19.38 19.43 19.45 19.54 19.51 19.52 19.58 19.38 19.64 19.51 19.36 19.34 19.53 19.37 19.27 19.31 19.40 19.45 19.53 19.48 19.48 19.52 19.36 19.32
19.14 19.07 19.15 19.16 19.17 19.10 19.04 19.06 18.92 18.96 18.87 18.90 18.86 18.88 18.82 19.17 18.94 18.74 19.06 19.31 19.38 19.07 19.18 19.14 19.33 19.39 19.30 19.28 19.23 19.21 19.23 19.23 19.24 19.27 19.27 19.48 19.32 19.32 19.32 19.34 19.31 19.36 19.37 19.37 19.41 19.40 19.37 19.41 19.38 19.38 19.37 19.42 19.38 19.43 19.46 19.32 19.52 19.59 19.54 19.58 19.53 19.43 19.51 19.41 19.39 19.27 19.26 19.18 19.22 19.35 19.42 19.48 19.44 19.51 19.53 19.36 19.39
19.31 19.24 19.10 19.13 19.21 19.01 19.06 19.12 18.94 18.84 18.86 18.96 18.95 18.94 19.00 19.02 19.15 19.08 18.88 18.99 19.10 19.06 19.14 19.18 19.20 19.26 19.29 19.23 19.24 19.16 19.23 19.25 19.22 19.20 19.25 19.31 19.33 19.29 19.40 19.45 19.30 19.40 19.39 19.40 19.42 19.32 19.25 19.30 19.30 19.31 19.31 19.40 19.35 19.32 19.24 19.42 19.40 19.34 19.30 19.41 19.36 19.42 19.55 19.41 19.38 19.23 19.18 19.19 19.33 19.34 19.39 19.52 19.41 19.37 19.42 19.37 19.40
19.32 19.28 19.24 19.23 19.17 19.12 19.14 19.12 19.04 18.95 18.83 18.88 18.99 19.00 19.01 19.07 19.10 18.95 18.99 19.00 19.02 18.93 19.09 19.15 19.21 19.18 19.22 19.27 19.17 19.13 19.38 19.43 19.29 19.17 19.24 19.24 19.23 19.21 19.26 19.25 19.41 19.37 19.33 19.32 19.35 19.28 19.33 19.32 19.20 19.27 19.30 19.25 19.30 19.25 19.38 19.45 19.30 19.23 19.15 19.26 19.33 19.32 19.40 19.27 19.27 19.23 19.25 19.21 19.32 19.31 19.33 19.44 19.37 19.36 19.40 19.36 19.16
19.27 19.26 19.24 19.27 19.23 19.10 19.14 19.12 19.04 18.95 18.88 18.89 18.93 19.16 19.14 19.13 19.10 18.89 18.86 18.93 19.03 19.00 18.98 19.16 19.22 19.18 19.27 19.43 19.43 19.22 19.15 19.11 19.16 19.09 19.22 19.31 19.30 19.22 19.16 19.25 19.28 19.21 19.25 19.29 19.27 19.29 19.30 19.27 19.28 19.25 19.30 19.22 19.26 19.27 19.30 19.37 19.35 19.29 19.09 19.24 19.35 19.30 19.32 19.32 19.37 19.19 19.27 19.28 19.30 19.28 19.27 19.31 19.34 19.34 19.36 19.30 19.27
