main/data/irradiance/05.01.2023.grid
ncols 839
nrows 679
xllcenter 112.0500
yllcenter -43.9500
cellsize 0.0500
nodata_value 99999.90
[rows 374 to 407 of 679, columns 616 to 692 of 839]
31.14 31.16 31.22 31.29 31.13 31.39 31.56 31.42 31.47 31.31 31.12 31.17 31.28 31.35 31.35 31.31 31.19 31.12 31.15 31.20 31.21 31.27 31.19 31.03 31.15 31.24 31.31 31.22 31.34 31.66 31.56 31.41 31.30 31.28 31.34 31.38 31.35 31.35 31.33 31.44 31.41 31.26 31.21 31.19 31.25 31.35 31.33 31.25 31.24 31.34 31.37 31.26 31.32 31.21 31.24 31.35 31.25 31.08 31.26 31.06 31.11 31.02 31.02 31.06 31.06 30.95 30.66 30.22 30.37 30.75 30.58 30.93 31.18 31.33 31.32 31.22 31.13
31.23 31.10 31.13 31.22 31.25 31.36 31.43 31.36 31.40 31.45 31.36 31.27 31.24 31.41 31.33 31.28 31.23 31.00 31.19 31.25 31.39 31.51 31.22 31.12 31.40 31.45 31.29 31.29 31.34 31.42 31.40 31.45 31.39 31.32 31.38 31.41 31.35 31.33 31.35 31.42 31.29 31.24 31.20 31.24 31.27 31.19 31.24 31.32 31.30 31.30 31.33 31.29 31.29 31.08 31.25 31.32 31.15 31.00 31.12 31.08 31.08 31.01 31.03 30.96 31.06 31.12 31.05 30.55 30.29 30.85 30.97 30.94 31.09 31.28 31.20 31.17 31.19
31.57 31.56 31.51 31.34 31.48 31.37 31.33 30.99 31.24 31.21 31.38 31.28 31.15 31.29 31.34 31.42 31.26 31.07 31.04 31.29 31.28 31.39 31.16 31.24 31.26 31.33 31.38 31.39 31.28 31.25 31.56 31.38 31.35 31.39 31.35 31.38 31.33 31.39 31.38 31.26 31.27 31.16 31.40 31.45 31.12 31.24 31.28 31.25 31.32 31.31 31.28 31.27 31.30 31.34 31.34 31.29 30.90 30.89 30.93 31.06 30.93 30.96 31.01 30.93 30.96 31.10 31.29 31.04 30.90 30.89 31.07 31.19 31.19 31.13 30.82 31.23 31.18
31.43 31.25 31.44 31.61 31.51 31.49 31.25 31.20 31.26 31.19 31.22 31.12 31.02 30.96 30.99 31.00 31.08 31.04 31.19 31.10 31.31 31.09 31.01 31.11 31.16 31.08 31.26 31.26 31.14 31.42 31.40 31.33 31.27 31.30 31.38 31.34 31.08 31.34 31.26 31.32 31.33 31.31 31.38 31.34 31.21 31.29 31.21 31.22 31.28 31.29 31.28 31.29 31.28 31.28 31.36 31.32 31.07 30.92 30.85 31.14 30.98 30.98 30.84 30.88 30.92 31.18 31.24 31.11 31.29 31.22 31.17 31.25 31.20 31.12 30.86 31.11 31.05
31.14 31.27 31.28 31.54 31.56 31.53 31.46 31.39 31.29 31.12 31.19 31.09 31.02 30.91 30.92 30.98 30.92 30.93 31.20 31.00 31.11 31.16 31.04 30.98 31.00 31.07 31.11 31.13 31.14 31.31 31.53 31.32 31.42 31.30 31.21 31.32 31.01 31.22 31.22 31.41 31.45 31.38 31.54 31.46 31.38 31.36 31.28 31.29 31.32 31.30 31.33 31.33 31.32 31.28 31.31 31.32 31.22 31.23 30.92 30.94 30.97 31.00 30.67 30.73 31.02 31.18 31.25 31.02 31.11 31.05 31.12 31.19 31.13 31.11 31.20 31.17 31.08
31.55 31.66 31.46 31.76 31.34 31.37 31.39 31.46 31.43 31.08 31.25 31.24 31.07 30.88 30.81 30.97 30.97 31.02 31.26 31.10 31.00 30.93 30.95 30.96 31.03 31.05 31.10 31.14 31.17 31.20 31.41 31.41 31.24 31.17 31.19 31.23 31.15 31.26 31.22 31.58 31.57 31.41 31.30 31.39 31.39 31.35 31.37 31.35 31.37 31.36 31.32 31.27 31.25 31.27 31.29 31.34 31.00 30.97 31.11 30.92 31.08 30.96 30.86 30.84 31.10 31.20 31.23 31.11 31.03 31.08 31.12 31.19 31.08 31.13 31.11 31.18 31.15
31.45 31.33 31.71 31.83 31.61 31.46 31.49 31.54 31.47 31.15 31.30 31.22 31.18 30.91 30.79 30.84 30.91 31.02 31.16 31.27 31.14 31.07 30.91 30.89 31.03 30.98 30.99 31.08 31.05 31.36 31.44 31.33 31.23 31.24 31.15 31.16 31.19 31.21 31.27 31.48 31.49 31.41 31.37 31.39 31.36 31.35 31.39 31.30 31.30 31.33 31.32 31.30 31.29 31.26 31.13 31.00 30.98 30.98 31.21 31.15 31.18 31.03 30.82 30.67 31.05 31.24 31.17 31.08 31.17 31.26 31.22 31.31 31.29 31.25 31.35 31.05 31.14
31.27 31.34 31.56 31.61 31.44 30.92 31.54 31.39 31.19 31.36 31.47 31.14 31.00 31.13 31.16 31.03 30.86 31.06 31.34 30.91 30.92 31.01 31.06 31.08 31.12 31.21 31.14 31.04 31.02 31.11 31.41 31.37 31.38 31.26 31.29 31.59 31.65 31.11 31.29 31.31 31.33 31.31 31.26 31.29 31.37 31.35 31.37 31.29 31.27 31.30 31.39 31.30 31.29 31.30 31.25 31.10 30.97 31.03 31.11 30.88 30.81 31.04 31.09 30.80 30.99 31.18 31.19 31.07 31.10 31.25 31.32 31.38 31.38 31.31 31.25 31.22 31.15
31.42 31.37 31.53 31.21 31.19 31.18 31.07 31.21 31.03 30.92 31.03 31.09 31.14 31.09 31.25 31.17 31.11 31.26 31.20 31.08 31.11 31.18 31.11 31.15 31.17 31.22 31.23 31.18 31.09 31.10 31.24 31.10 31.26 31.18 31.24 31.52 31.41 31.46 31.55 31.46 31.50 31.50 31.30 31.29 31.27 31.30 31.35 31.40 31.33 31.47 31.47 31.32 31.27 31.30 31.28 31.30 30.93 31.00 30.94 30.81 30.87 31.04 31.25 31.18 30.97 31.26 31.21 31.05 30.98 31.02 31.23 31.39 31.43 31.42 31.38 31.26 31.36
31.10 30.68 31.05 31.09 31.27 31.27 31.11 31.39 31.39 30.99 30.72 31.37 31.17 31.00 31.33 31.33 31.44 31.32 31.11 31.22 31.26 31.30 31.32 31.21 31.07 31.14 31.22 31.22 31.12 31.13 30.94 31.12 31.31 31.15 31.14 31.28 31.22 31.37 31.10 31.24 31.28 31.54 31.24 31.25 31.38 31.33 31.38 31.48 31.48 31.36 31.36 31.33 31.32 31.38 31.37 31.31 31.22 31.20 31.16 31.08 31.18 31.38 31.22 31.35 30.94 31.09 31.19 31.12 31.00 31.31 31.22 31.43 31.45 31.46 31.46 31.26 31.29
30.86 31.12 30.84 30.80 30.57 30.86 31.06 31.28 31.43 31.33 31.33 31.46 31.30 31.30 31.34 31.39 31.28 31.20 31.20 31.18 31.22 31.22 31.22 31.19 31.05 31.16 31.24 31.16 31.08 31.21 31.25 31.42 31.31 31.17 31.23 31.33 31.23 31.18 30.62 30.71 31.03 31.12 31.22 31.43 31.48 31.46 31.45 31.20 31.31 31.43 31.41 31.33 31.50 31.30 31.38 31.18 31.26 31.25 31.10 31.16 31.34 31.18 31.15 31.04 30.98 31.11 30.96 30.92 31.09 31.20 31.25 31.28 31.54 31.37 31.30 31.18 31.40
30.83 30.84 30.88 30.93 30.84 30.85 31.04 31.09 31.33 31.44 31.36 31.39 31.35 31.43 31.43 31.40 31.37 31.22 31.08 31.13 31.23 31.29 31.13 31.15 31.10 31.10 31.04 30.98 31.08 31.10 31.39 31.47 31.14 31.09 31.14 31.16 31.25 31.19 31.10 30.95 30.85 31.09 31.27 31.51 31.49 31.49 31.25 31.19 31.21 31.30 31.36 31.38 31.41 31.27 31.29 31.22 31.29 31.36 31.37 31.26 31.30 30.94 31.06 31.02 30.98 30.89 30.74 31.04 31.08 31.39 31.20 31.13 31.22 31.33 31.22 31.08 31.20
30.89 30.67 31.07 31.01 31.06 31.03 31.40 31.34 31.28 31.26 31.41 31.42 31.39 31.33 31.38 31.48 31.44 31.30 31.29 31.41 31.35 31.16 31.16 31.16 31.22 31.08 31.09 31.07 31.12 31.19 31.04 31.18 31.29 31.17 31.28 31.47 31.36 31.55 31.30 31.42 31.39 31.35 31.34 31.37 31.17 31.26 31.16 31.24 31.24 31.29 31.35 31.41 31.28 31.31 31.23 31.21 31.39 31.44 31.42 31.32 31.31 31.04 31.29 31.27 31.25 31.13 31.09 31.14 31.30 31.19 31.22 31.42 31.20 31.43 31.32 31.16 31.01
30.67 29.99 30.74 31.34 31.30 31.12 31.35 31.35 31.30 31.22 31.26 31.43 31.47 31.28 31.30 31.35 31.24 31.26 31.38 31.34 31.41 31.28 31.18 31.22 31.18 31.07 31.22 31.13 31.05 31.03 31.19 31.35 31.24 31.18 31.29 31.61 31.44 31.44 31.43 31.43 31.30 31.21 31.31 31.24 31.04 31.28 31.21 31.25 31.26 31.29 31.42 31.42 31.40 31.32 31.13 31.39 31.40 31.39 31.34 31.45 31.22 31.01 31.44 31.28 31.20 31.13 31.29 31.19 31.16 31.06 31.46 31.30 31.42 31.43 31.48 31.33 31.29
31.41 30.95 31.23 31.44 31.29 31.37 31.38 31.34 31.17 31.35 31.35 31.41 31.56 31.38 31.29 31.40 31.41 31.21 31.23 31.28 31.27 31.28 31.38 31.31 31.22 31.13 31.20 31.19 31.15 31.14 31.30 31.46 31.20 31.22 31.28 31.42 31.36 31.31 31.38 31.42 31.23 31.13 31.35 31.27 31.26 31.30 31.27 31.23 31.30 31.35 31.46 31.49 31.10 31.25 31.23 31.51 31.43 31.45 31.44 31.38 31.11 31.29 31.03 31.31 31.18 31.21 31.28 31.15 31.06 31.05 31.33 31.30 31.39 31.41 31.37 31.26 31.34
31.81 31.63 31.56 31.47 31.38 31.55 31.45 31.43 31.38 31.32 31.34 31.52 31.34 31.28 31.44 31.44 31.20 31.03 31.10 31.09 31.15 31.20 31.45 31.44 31.37 31.31 31.27 31.27 31.36 31.29 31.48 31.29 31.28 31.32 31.36 31.38 31.43 31.38 31.37 31.45 31.46 31.27 31.30 31.35 31.20 31.27 31.28 31.23 31.30 31.44 31.50 31.45 31.14 31.28 31.41 31.48 31.43 31.47 31.54 31.29 31.22 31.25 31.33 31.23 31.33 31.27 31.24 31.19 31.21 31.32 31.27 31.34 31.39 31.29 31.38 31.37 31.26
31.71 31.67 31.42 31.51 31.54 31.59 31.55 31.50 31.49 31.31 31.27 31.22 31.22 31.25 31.38 31.28 31.24 31.20 31.28 31.15 31.11 31.12 31.28 31.31 31.34 31.34 31.26 31.35 31.36 31.46 31.27 31.20 31.31 31.42 31.42 31.64 31.46 31.39 31.27 31.45 31.45 31.22 30.94 31.05 31.18 31.27 31.39 31.35 31.39 31.44 31.56 31.43 31.34 31.39 31.50 31.41 31.39 31.30 31.46 31.45 31.22 31.19 31.19 31.19 31.43 31.40 31.28 31.38 31.32 31.30 31.34 31.47 31.34 31.21 31.11 31.32 31.11
31.50 31.43 31.44 31.52 31.62 31.60 31.52 31.50 31.50 31.38 31.20 31.10 31.16 31.30 31.28 31.26 31.42 31.29 31.27 31.29 31.32 31.24 31.23 31.21 31.22 31.31 31.29 31.28 31.47 31.43 31.37 31.34 31.47 31.53 31.53 31.62 31.63 31.37 31.21 31.26 31.30 31.24 31.06 31.17 31.19 31.13 31.24 31.35 31.19 31.51 31.59 31.48 31.42 31.45 31.32 31.44 31.42 31.06 31.49 31.47 31.29 31.20 31.22 31.22 31.21 31.24 31.33 31.25 31.34 31.17 31.10 31.26 31.39 31.32 30.85 31.31 31.17
31.57 31.52 31.45 31.35 31.46 31.43 31.41 31.32 31.40 31.37 31.25 31.15 31.21 31.10 31.33 31.41 31.34 31.27 31.31 31.36 31.36 31.25 31.24 31.08 31.20 31.36 31.39 31.54 31.50 31.53 31.53 31.46 31.51 31.50 31.60 31.62 31.49 31.38 31.31 31.31 31.36 31.37 31.28 30.98 30.39 30.91 31.16 31.27 31.34 31.59 31.54 31.51 31.47 31.46 31.44 31.39 31.42 31.17 31.22 31.31 31.30 31.28 31.29 31.32 31.27 31.30 31.18 31.29 31.32 31.29 31.04 31.23 31.31 31.02 31.11 31.17 31.15
31.50 31.43 31.44 31.31 31.45 31.41 31.36 31.14 31.01 31.11 31.19 31.20 31.23 31.33 31.43 31.45 31.40 31.35 31.34 31.40 31.46 31.23 31.21 31.19 31.35 31.49 31.53 31.51 31.52 31.54 31.55 31.50 31.37 31.45 31.54 31.63 31.48 31.37 31.31 31.35 31.21 31.16 31.33 31.37 31.41 31.52 31.26 31.28 31.26 31.44 31.60 31.50 31.51 31.37 31.47 31.34 31.15 31.14 31.21 31.25 31.32 31.37 31.29 31.33 31.46 31.31 31.21 31.39 31.32 31.40 31.20 31.17 31.05 31.00 31.12 31.10 31.17
31.44 31.44 31.38 31.37 31.49 31.32 31.29 31.23 31.18 31.07 30.97 30.95 31.13 31.14 31.34 31.39 31.42 31.44 31.40 31.37 31.38 31.33 31.27 31.27 31.25 31.46 31.56 31.48 31.55 31.60 31.55 31.54 31.53 31.50 31.55 31.51 31.38 31.31 31.33 31.30 31.39 31.56 31.74 31.69 31.63 31.60 31.63 31.33 31.39 31.32 31.39 31.42 31.36 31.41 31.41 31.33 31.33 31.33 31.31 31.34 31.35 31.34 31.35 31.35 31.52 31.06 31.26 31.36 31.38 31.26 31.15 31.07 31.04 31.04 31.24 31.26 30.96
31.49 31.44 31.34 31.29 31.28 31.16 31.13 31.04 31.30 31.22 31.26 31.25 31.35 31.40 31.28 31.47 31.49 31.51 31.38 31.41 31.40 31.45 31.44 31.46 31.50 31.61 31.64 31.52 31.57 31.58 31.58 31.59 31.49 31.54 31.53 31.50 31.44 31.41 31.31 31.26 31.48 31.29 31.68 31.63 31.46 31.59 31.52 31.46 31.46 31.47 31.18 31.32 31.49 31.48 31.42 31.29 31.32 31.27 31.50 31.39 31.28 31.40 31.30 31.28 31.30 31.03 30.98 31.28 31.33 31.20 31.28 31.01 31.18 31.42 31.18 30.98 30.87
31.37 31.37 31.32 31.20 31.23 31.14 31.06 31.08 31.15 31.16 31.30 31.43 31.35 31.38 31.42 31.39 31.44 31.38 31.37 31.39 31.37 31.49 31.46 31.54 31.57 31.59 31.56 31.61 31.57 31.58 31.57 31.57 31.62 31.61 31.52 31.51 31.36 31.30 31.56 31.25 31.65 31.47 31.54 31.54 31.44 31.56 31.38 31.28 31.46 31.02 31.37 31.38 31.48 31.47 31.39 31.27 31.37 31.11 31.29 31.22 31.18 31.42 31.26 30.51 30.55 31.02 30.85 30.95 31.21 31.12 31.04 31.19 31.51 31.00 30.70 31.03 31.01
31.34 31.23 31.23 31.25 31.15 31.05 31.07 30.94 31.16 31.19 31.46 31.43 31.27 31.27 31.43 31.48 31.40 31.28 31.37 31.45 31.40 31.48 31.44 31.42 31.47 31.54 31.50 31.62 31.58 31.58 31.57 31.61 31.63 31.60 31.44 31.37 31.35 31.43 31.58 31.55 31.61 31.66 31.75 31.66 31.58 31.67 31.45 31.27 31.08 31.07 31.40 31.42 31.50 31.46 31.31 31.28 31.16 31.20 31.51 31.15 31.49 31.23 30.98 30.18 29.83 30.67 30.99 30.25 30.96 30.78 31.17 30.66 30.36 30.19 30.75 31.19 30.71
31.28 31.22 31.20 31.17 31.13 31.15 31.04 31.09 31.17 31.32 31.53 31.52 31.54 31.18 31.34 31.43 31.43 31.41 31.40 31.40 31.44 31.50 31.50 31.47 31.50 31.55 31.58 31.58 31.58 31.58 31.58 31.51 31.57 31.51 31.52 31.55 31.59 31.26 31.40 31.53 31.34 31.39 31.67 31.64 31.61 31.60 31.51 31.09 30.38 30.75 31.38 31.43 31.50 31.44 31.39 31.24 31.12 30.77 31.07 31.64 31.12 31.07 30.80 30.59 30.60 30.22 30.00 30.06 30.01 30.54 29.94 29.59 29.88 29.82 30.33 30.17 29.98
31.33 31.24 31.28 31.28 31.33 31.33 31.34 31.20 31.33 31.32 31.46 31.43 31.45 31.41 31.34 31.43 31.42 31.47 31.43 31.41 31.48 31.57 31.57 31.51 31.55 31.59 31.53 31.57 31.60 31.60 31.60 31.63 31.54 31.54 31.53 31.55 31.59 31.51 31.40 31.48 31.36 31.58 31.32 31.56 31.57 31.50 31.30 31.03 30.62 30.86 31.09 31.44 31.45 31.40 31.43 31.33 31.25 31.24 31.33 31.18 30.91 30.84 30.54 30.13 29.52 29.43 29.72 29.99 29.58 29.57 29.17 30.32 31.63 30.72 30.05 30.16 30.47
31.51 31.38 31.43 31.45 31.49 31.23 31.29 31.26 31.42 31.51 31.46 31.48 31.44 31.46 31.40 31.37 31.40 31.48 31.51 31.51 31.50 31.53 31.56 31.49 31.49 31.56 31.53 31.57 31.60 31.59 31.65 31.62 31.56 31.57 31.60 31.60 31.59 31.62 31.53 31.49 31.49 31.51 31.37 31.49 31.59 31.48 31.27 30.93 30.73 30.93 31.20 31.46 31.48 31.46 31.38 31.53 31.51 31.39 31.62 31.64 30.95 31.13 29.99 29.36 28.75 29.62 29.76 29.58 29.86 29.89 29.30 29.11 29.48 29.43 29.35 29.45 29.47
31.72 31.67 31.67 31.63 31.56 31.46 31.64 31.56 31.45 31.43 31.40 31.33 31.53 31.55 31.56 31.43 31.42 31.46 31.49 31.45 31.46 31.51 31.60 31.61 31.50 31.46 31.44 31.59 31.57 31.59 31.69 31.63 31.61 31.57 31.60 31.60 31.61 31.61 31.56 31.35 31.42 31.49 31.50 31.55 31.44 31.30 31.29 31.36 31.34 31.36 31.25 31.35 31.51 31.48 31.43 31.36 31.21 31.26 31.68 31.63 29.92 29.43 30.44 30.55 29.49 29.74 30.24 30.07 30.52 31.25 30.69 29.24 29.68 29.01 29.11 29.01 29.12
31.77 31.69 31.55 31.50 31.56 31.58 31.68 31.64 31.54 31.58 31.54 31.53 31.55 31.58 31.54 31.54 31.46 31.48 31.56 31.59 31.55 31.53 31.59 31.63 31.44 31.42 31.52 31.59 31.61 31.65 31.52 31.69 31.64 31.61 31.61 31.61 31.70 31.71 31.60 31.52 31.60 31.46 31.36 31.39 31.38 31.38 31.29 31.38 31.29 31.31 31.39 31.31 31.52 31.52 31.40 29.92 29.89 29.69 31.44 29.92 30.11 31.36 30.86 30.87 30.65 30.83 31.29 31.46 31.39 31.71 31.47 31.42 31.13 30.84 29.95 30.50 31.01
31.70 31.62 31.51 31.40 31.40 31.55 31.65 31.64 31.67 31.67 31.67 31.61 31.56 31.57 31.55 31.55 31.59 31.59 31.58 31.55 31.57 31.58 31.60 31.61 31.55 31.53 31.59 31.59 31.62 31.59 31.42 31.60 31.51 31.60 31.59 31.61 31.71 31.72 31.60 31.62 31.52 31.38 31.38 31.44 31.36 31.41 31.36 31.39 31.33 31.19 31.20 31.11 31.47 31.31 30.58 30.14 29.90 30.30 29.40 29.63 29.12 31.65 31.64 31.14 31.11 31.37 31.52 31.48 31.45 31.48 31.52 31.48 31.43 31.40 31.38 30.62 30.75
31.73 31.73 31.62 31.48 31.43 31.50 31.45 31.60 31.57 31.63 31.57 31.65 31.62 31.62 31.66 31.62 31.67 31.66 31.63 31.56 31.61 31.61 31.59 31.60 31.48 31.50 31.58 31.53 31.66 31.65 31.59 31.48 31.55 31.64 31.64 31.68 31.80 31.71 31.64 31.60 31.45 31.44 31.39 31.31 31.36 31.41 31.38 31.50 31.48 31.37 31.32 31.37 31.46 30.59 29.50 29.37 29.21 29.30 30.57 30.82 30.33 30.74 31.19 30.88 31.41 31.49 31.50 31.48 31.45 31.40 31.42 31.39 31.32 31.32 31.42 31.36 30.91
31.58 31.48 31.64 31.65 31.70 31.63 31.31 31.50 31.66 31.53 31.42 31.65 31.66 31.62 31.68 31.65 31.67 31.64 31.59 31.58 31.59 31.64 31.66 31.60 31.50 31.61 31.59 31.62 31.63 31.63 31.65 31.64 31.61 31.59 31.65 31.61 31.68 31.58 31.63 31.45 31.46 31.44 31.40 31.36 31.42 31.39 31.42 31.26 31.12 31.12 31.62 31.24 30.81 29.63 28.91 29.82 31.17 30.78 31.31 31.54 31.52 31.47 31.48 31.45 31.52 31.54 31.54 31.52 31.48 31.42 31.42 31.44 31.40 31.29 31.39 31.39 31.38
31.60 31.53 31.56 31.68 31.76 31.64 31.45 31.57 31.62 31.63 31.49 31.58 31.64 31.64 31.64 31.66 31.66 31.67 31.62 31.60 31.65 31.75 31.77 31.59 31.45 31.62 31.63 31.60 31.57 31.64 31.56 31.65 31.66 31.66 31.65 31.64 31.69 31.63 31.62 31.53 31.50 31.52 31.45 31.39 31.37 31.26 31.31 31.01 31.03 31.07 30.52 30.96 29.50 29.21 29.51 31.39 31.52 31.52 31.59 31.46 31.53 31.51 31.48 31.49 31.57 31.52 31.50 31.50 31.49 31.47 31.45 31.42 31.41 31.38 31.42 31.39 31.43
31.59 31.51 31.61 31.72 31.74 31.67 31.68 31.57 31.58 31.72 31.63 31.49 31.69 31.65 31.50 31.59 31.56 31.59 31.72 31.72 31.80 31.69 31.55 31.54 31.65 31.63 31.61 31.63 31.63 31.63 31.58 31.70 31.71 31.76 31.68 31.66 31.57 31.58 31.54 31.57 31.45 31.45 31.46 31.41 31.28 30.84 29.16 29.99 31.16 29.73 29.61 29.20 29.56 29.82 30.75 31.52 31.55 31.56 31.55 31.54 31.53 31.47 31.46 31.45 31.50 31.49 31.49 31.50 31.46 31.47 31.44 31.41 31.34 31.34 31.35 31.35 31.40
