main/data/irradiance/05.08.2023.grid
ncols 839
nrows 679
xllcenter 112.0500
yllcenter -43.9500
cellsize 0.0500
nodata_value 99999.90
[rows 68 to 101 of 679, columns 385 to 461 of 839]
17.83 18.69 18.85 18.40 18.00 18.86 18.20 19.05 18.93 19.04 19.11 18.74 18.24 18.13 19.02 19.15 18.08 18.01 18.80 18.48 17.16 17.67 16.99 16.57 17.58 16.97 17.56 16.01 16.50 17.07 17.02 16.14 17.07 16.64 16.78 17.66 17.84 18.04 18.37 17.55 17.40 17.77 17.88 17.91 17.10 17.68 18.72 18.79 17.87 19.00 17.98 18.68 17.52 17.67 17.53 18.84 19.22 18.06 18.28 18.51 17.66 17.45 18.19 18.75 18.70 18.23 17.74 17.79 17.68 17.39 17.15 17.46 18.37 17.38 17.55 16.06 17.43
18.31 18.02 18.58 17.94 17.39 18.41 18.03 19.08 18.59 18.08 18.96 19.02 18.31 18.46 18.79 19.26 19.17 18.88 18.67 17.67 18.42 18.14 16.30 16.24 16.73 16.70 16.75 16.94 16.54 16.91 16.68 17.37 17.28 17.03 16.59 17.31 17.15 17.40 17.34 17.56 17.69 18.15 17.60 18.31 17.53 18.29 18.84 17.80 17.69 18.44 18.49 18.55 17.20 18.01 18.15 18.40 17.57 17.87 18.20 18.71 17.23 17.89 17.61 18.78 18.45 17.00 17.39 17.56 17.48 17.78 17.95 16.49 17.65 18.24 16.92 17.05 17.53
18.89 18.95 18.33 17.47 17.21 18.11 17.72 18.75 18.42 18.16 18.44 18.89 18.41 18.63 18.71 18.26 18.65 17.57 18.71 19.04 17.90 16.79 16.80 17.00 16.98 17.45 17.56 16.63 16.46 17.66 17.53 16.78 16.78 16.89 16.53 17.14 17.57 17.76 17.46 17.82 17.50 17.51 17.95 18.05 17.73 18.43 18.49 18.02 18.52 17.98 17.58 17.55 18.16 18.71 17.94 18.46 17.84 17.46 17.77 18.39 18.03 18.60 18.08 18.03 17.69 16.74 17.98 17.03 18.44 18.34 17.13 17.61 19.05 18.17 17.39 18.22 16.96
18.15 17.38 17.23 17.70 18.71 17.59 17.33 18.70 17.73 18.37 18.28 18.53 18.44 19.07 18.71 18.28 18.05 17.61 17.92 18.07 16.91 16.47 16.48 17.62 17.33 16.47 16.37 17.60 17.24 17.08 17.67 17.55 16.48 16.46 16.84 16.84 16.79 17.01 18.17 18.40 17.37 17.66 16.52 18.04 19.00 19.09 16.69 17.62 18.24 17.53 17.77 18.59 18.55 17.32 18.74 17.02 17.93 17.79 18.37 16.73 18.11 18.43 17.64 17.83 17.73 17.22 17.68 17.59 17.93 18.75 19.09 18.83 17.23 17.90 17.22 17.90 18.27
18.04 18.23 18.56 17.60 17.98 17.48 18.05 19.17 18.03 18.13 18.27 18.23 19.30 18.33 18.23 19.26 19.04 16.88 18.06 18.26 17.09 18.14 18.14 17.50 16.91 16.47 16.90 16.65 16.21 17.11 17.48 17.20 17.37 17.17 17.19 17.37 16.22 17.24 17.86 17.77 17.67 18.12 18.32 19.33 18.86 17.98 18.52 18.32 17.32 17.13 17.48 18.60 18.34 18.32 18.62 18.30 18.39 18.16 17.54 18.14 18.32 17.59 18.93 18.15 18.39 16.95 17.69 16.81 17.39 18.85 18.52 18.40 17.12 17.85 17.87 17.61 18.37
17.95 17.92 18.80 17.73 17.74 18.57 18.04 18.95 18.15 18.36 18.86 18.09 19.00 18.78 19.15 18.58 18.72 18.03 18.49 19.03 18.59 18.32 17.79 17.17 17.70 17.47 16.64 15.60 16.70 17.23 16.78 16.94 16.77 17.29 17.13 18.11 17.45 16.81 16.61 17.30 17.79 17.44 17.79 17.83 18.06 17.64 17.61 17.71 17.45 17.32 18.17 17.00 17.74 18.89 18.23 18.63 18.13 17.51 17.12 18.17 18.49 18.27 17.79 18.07 17.80 17.83 17.94 17.31 17.73 18.14 17.91 17.52 18.27 17.95 18.32 19.20 18.50
18.84 17.87 17.00 18.26 18.51 18.44 17.13 19.24 17.95 18.71 18.10 18.64 19.47 17.95 18.09 18.43 18.51 18.83 18.93 17.98 18.74 18.65 18.12 18.24 17.99 16.04 16.54 16.13 16.78 17.50 17.17 16.93 16.51 16.81 17.14 17.42 17.34 17.49 16.60 17.75 18.57 18.35 18.06 17.69 18.63 17.36 17.92 17.59 17.34 16.52 17.41 18.50 17.75 18.60 18.86 18.56 18.55 18.19 17.40 18.17 18.21 18.17 17.98 18.06 17.94 17.75 17.89 17.42 17.36 17.22 18.10 17.83 18.75 18.17 18.30 19.55 20.05
18.94 17.95 17.55 17.55 18.40 17.36 17.81 18.47 18.22 18.75 18.03 18.82 19.27 17.75 16.92 18.38 17.96 18.04 17.72 18.53 18.62 17.62 16.82 16.54 17.02 16.03 16.55 17.73 17.23 17.08 16.87 17.19 17.66 16.97 17.77 17.23 17.58 16.55 17.22 17.25 17.70 17.54 17.86 17.35 18.59 17.65 17.37 17.09 17.30 17.17 18.14 18.25 18.41 18.55 18.16 18.07 18.49 18.35 18.18 17.81 17.67 17.26 18.04 17.38 17.69 18.63 17.40 16.99 18.07 17.77 17.90 18.41 17.43 17.66 18.45 18.70 20.00
18.51 18.03 16.93 17.89 18.24 17.38 18.35 18.25 18.20 18.29 18.40 17.77 18.83 18.35 18.11 17.78 18.01 17.76 17.13 17.52 18.29 17.60 16.96 16.90 17.51 17.56 17.48 17.53 16.89 16.99 17.56 17.42 17.43 16.34 17.51 18.02 17.70 17.55 17.74 17.09 18.14 18.51 18.73 18.06 17.98 17.37 17.19 17.98 18.19 18.46 18.62 18.59 18.12 18.07 17.78 18.37 18.73 17.95 18.12 18.05 17.81 18.08 17.38 17.63 17.65 18.01 18.06 17.33 17.39 17.49 17.21 18.29 17.90 18.42 18.96 19.36 19.66
18.90 18.15 17.53 17.72 18.11 17.92 18.46 18.07 18.52 17.88 17.68 17.94 17.86 18.38 18.39 17.52 17.28 17.78 18.30 18.82 18.53 18.06 17.24 17.39 18.16 18.04 17.63 17.18 17.70 17.47 17.15 16.78 17.23 16.85 16.93 18.36 17.93 18.02 17.16 17.17 18.29 17.84 18.17 17.39 17.23 17.18 17.09 17.39 17.70 18.41 17.97 18.63 18.14 18.41 17.95 18.07 18.37 18.09 18.52 18.39 17.86 17.57 17.94 17.34 16.98 18.15 18.13 16.03 16.86 16.99 17.29 18.78 19.32 19.28 19.53 19.51 20.61
18.05 17.28 18.41 19.49 19.70 18.78 18.13 18.34 18.30 18.14 18.25 18.40 19.04 18.66 18.43 18.04 18.15 18.17 17.92 18.07 17.58 18.38 18.49 17.79 17.36 18.23 17.79 17.31 17.93 17.58 17.44 16.50 17.02 17.37 17.92 18.12 17.35 17.48 16.92 17.30 17.61 17.95 18.15 16.89 17.73 17.24 17.78 17.82 17.67 17.89 18.66 18.25 17.83 17.90 17.37 17.86 17.84 18.23 18.30 18.59 17.54 17.64 17.48 18.14 16.93 18.05 17.48 17.45 16.91 17.18 17.36 17.96 17.90 17.56 18.01 19.07 21.04
18.61 18.39 19.95 20.02 19.47 18.74 18.16 17.17 17.71 18.32 17.94 18.37 19.46 18.46 18.87 17.90 17.70 17.59 17.42 17.87 17.63 17.97 17.96 18.07 17.92 18.31 17.83 18.12 17.31 16.85 17.00 16.88 16.99 18.18 18.48 17.61 17.64 17.34 17.87 17.53 17.74 17.80 17.25 17.72 17.08 16.90 17.74 17.40 17.89 18.21 18.37 17.61 17.48 17.85 18.15 17.92 17.92 17.93 18.43 18.43 17.47 17.32 17.47 17.67 17.48 17.14 16.91 17.80 16.97 17.90 16.51 18.07 18.29 18.49 18.45 18.93 20.72
18.35 18.64 20.21 20.01 18.98 18.81 18.80 17.88 17.85 18.17 18.09 18.50 18.82 18.51 17.60 17.36 17.18 17.17 17.17 17.34 17.69 18.12 17.05 17.69 18.54 18.48 18.34 17.81 16.87 17.44 17.47 16.84 16.93 18.23 18.21 17.95 17.53 18.44 17.48 18.00 18.01 17.98 17.91 17.51 16.63 17.41 17.44 17.79 17.98 18.04 17.95 17.66 18.30 17.71 17.07 17.16 17.86 17.64 17.55 17.11 16.66 17.83 17.46 17.39 17.12 17.39 17.87 17.72 17.58 17.86 17.67 19.15 19.08 18.59 17.53 18.97 20.33
18.41 19.26 20.03 19.77 18.81 18.38 18.30 18.10 18.16 18.43 18.28 17.51 17.93 17.16 17.66 16.31 16.77 16.32 17.17 16.26 16.93 18.05 17.45 18.50 18.52 18.16 17.99 17.97 18.26 17.58 18.26 17.39 17.38 18.39 17.21 18.44 17.98 18.11 17.53 18.43 18.13 17.98 18.45 17.70 17.80 18.13 18.00 17.96 16.78 17.90 16.69 17.75 17.67 17.79 17.91 17.71 17.79 17.03 16.72 16.66 16.59 16.99 17.82 18.00 17.31 17.67 17.35 17.53 16.77 17.78 18.21 19.21 18.89 18.62 17.55 19.99 20.76
18.87 18.99 19.20 18.90 18.21 18.03 18.73 18.72 19.32 19.24 18.18 17.11 17.09 17.50 17.37 17.25 17.38 17.02 17.37 17.34 17.62 17.94 17.74 17.72 17.11 18.03 18.23 17.81 18.04 17.65 17.74 17.97 17.99 17.67 17.28 18.13 18.31 17.86 16.87 17.61 18.16 17.68 17.95 17.89 17.99 18.01 17.70 18.29 17.96 18.35 16.86 18.23 17.53 17.46 17.29 18.31 17.52 17.80 17.52 16.92 16.33 16.73 17.31 16.92 18.30 17.90 16.25 17.56 18.30 18.45 17.25 17.38 18.31 19.87 19.83 19.85 20.68
17.66 18.89 17.69 18.22 17.98 18.43 19.19 19.53 19.37 19.35 18.79 17.65 17.71 17.04 16.88 17.20 18.18 18.18 17.78 17.20 18.08 17.26 17.35 17.60 17.35 17.58 18.40 16.96 17.19 18.05 18.11 18.36 17.81 16.97 16.99 18.30 18.18 17.30 17.76 17.95 18.32 18.09 17.94 17.06 17.24 17.93 17.55 18.41 17.92 17.08 17.38 17.84 17.32 17.73 17.72 17.84 18.05 18.03 17.16 17.29 16.33 16.23 17.21 17.55 17.72 17.63 17.66 17.39 17.33 17.96 17.95 17.94 18.41 19.78 20.59 20.94 21.05
18.57 18.07 17.21 18.45 18.12 19.12 19.61 19.57 19.70 18.96 18.53 17.80 17.34 16.23 16.61 17.79 18.23 17.72 16.92 17.07 16.10 16.32 17.06 17.26 17.19 17.69 18.22 17.22 17.53 18.57 18.04 19.10 18.05 17.23 17.59 18.18 18.43 17.16 18.44 18.11 18.02 17.86 18.14 17.33 17.49 17.53 18.21 18.33 17.46 17.69 17.99 17.87 17.54 18.33 18.26 18.26 17.64 18.03 17.52 17.27 15.84 16.04 17.06 17.17 18.10 18.10 17.74 17.68 17.85 17.16 18.43 18.79 18.72 20.20 20.82 20.73 20.65
19.40 18.75 18.62 18.46 18.47 18.64 19.13 19.17 18.79 18.30 17.36 17.94 17.58 17.57 17.53 17.31 17.34 17.02 16.59 16.74 16.24 15.41 15.79 16.84 17.11 17.54 18.09 17.61 17.43 18.44 18.87 18.27 18.03 17.87 18.64 18.28 18.42 17.56 18.02 16.82 17.79 17.96 17.89 16.92 17.24 18.27 18.65 17.04 17.19 16.69 17.75 17.61 18.32 17.92 17.91 18.15 18.01 17.82 17.40 17.42 17.26 17.23 16.84 16.59 16.15 17.48 17.82 17.74 18.45 18.05 18.56 19.15 18.81 20.59 20.83 20.82 20.75
18.34 17.83 17.50 18.12 17.49 18.60 19.11 18.26 18.32 17.94 17.19 17.92 17.45 18.09 17.68 16.83 17.10 17.23 17.61 16.93 15.56 15.96 16.23 16.42 16.96 17.50 17.76 16.88 16.32 17.33 18.07 18.50 18.18 17.35 18.19 18.67 18.52 18.38 17.76 16.63 17.36 17.82 17.26 17.67 17.89 18.16 17.76 18.00 18.24 16.73 17.68 17.71 18.18 18.80 18.86 19.09 18.85 17.71 17.90 17.68 17.12 16.46 16.82 17.35 17.42 16.96 16.16 17.25 18.23 17.48 18.51 19.55 19.39 20.31 21.09 20.87 20.59
18.48 17.77 18.13 19.08 18.08 17.95 18.42 18.24 18.09 18.28 18.71 18.74 18.51 17.67 17.54 17.59 17.53 16.87 17.57 16.96 16.67 16.68 16.43 16.55 17.12 17.98 16.86 16.22 16.51 16.72 16.92 17.93 17.27 16.87 18.62 18.13 17.96 18.07 17.20 17.16 18.10 18.05 17.33 17.19 18.71 17.49 17.84 18.79 17.75 17.71 17.55 18.30 17.38 18.79 18.51 18.41 18.21 18.26 19.12 18.29 17.98 16.89 16.95 16.94 17.11 16.60 16.50 17.00 18.61 18.94 18.85 19.61 19.67 20.19 20.75 20.81 20.76
19.60 19.73 19.74 18.84 18.11 18.12 18.24 17.88 18.99 19.36 19.07 19.30 18.94 18.72 18.42 17.78 17.52 16.82 16.32 17.10 17.58 17.18 16.84 16.90 16.76 16.86 16.50 15.82 16.56 16.66 16.54 17.69 18.13 17.34 18.10 18.08 18.96 17.89 16.57 16.79 17.69 18.14 17.17 17.92 17.86 17.82 17.81 18.05 17.80 16.84 17.98 17.97 18.53 18.79 18.86 18.83 19.36 18.45 18.99 18.16 17.77 17.07 17.27 16.90 17.16 17.02 17.30 17.17 18.91 19.52 20.04 20.17 20.42 20.43 20.78 20.89 20.58
19.03 19.25 18.67 18.35 18.09 18.80 18.60 17.82 18.62 19.48 18.29 18.37 18.54 18.36 17.62 16.80 16.34 16.43 16.56 16.63 16.92 16.35 16.13 15.98 15.79 15.89 15.60 16.18 17.31 16.44 17.15 17.52 18.31 17.66 18.27 18.21 18.79 17.85 17.51 17.19 17.83 17.73 16.87 17.77 17.33 17.48 17.74 17.56 16.81 17.76 18.07 18.33 19.23 18.79 18.38 18.36 18.66 19.13 19.15 18.84 18.70 18.07 17.22 16.50 16.82 16.34 16.97 17.76 17.71 19.22 19.89 20.37 20.66 20.83 21.09 21.00 20.71
18.77 19.13 19.39 18.22 18.42 18.13 17.88 18.44 19.03 18.87 19.24 18.77 18.05 17.65 17.14 16.91 17.05 17.11 16.90 16.32 16.32 15.12 15.53 16.78 15.97 15.30 15.47 16.00 16.67 16.61 17.42 17.82 16.75 17.61 18.10 17.21 17.33 17.86 17.05 17.50 17.82 18.51 18.73 18.01 16.89 17.42 19.15 17.52 17.50 17.94 17.87 18.99 18.11 18.75 18.04 18.40 18.69 18.80 19.18 18.51 18.32 18.99 17.46 17.45 16.78 16.63 16.55 16.33 17.84 18.54 19.28 19.60 20.13 20.63 20.82 21.06 20.88
20.12 19.66 19.53 19.48 19.26 17.77 17.99 18.61 19.44 18.69 18.94 18.30 17.43 17.81 17.86 17.95 18.30 17.56 16.84 16.12 16.67 15.72 15.02 16.96 16.22 16.34 16.01 16.15 16.14 16.97 16.84 16.33 15.17 16.70 17.23 16.06 16.61 17.28 16.54 17.16 18.02 17.90 18.54 17.87 17.20 18.00 18.85 18.54 18.42 18.14 17.81 18.12 18.60 18.78 18.50 18.27 18.91 19.19 19.55 19.14 18.74 18.83 18.00 18.41 17.03 16.25 16.41 16.77 16.49 17.51 18.50 19.01 19.37 19.98 20.27 20.68 20.78
19.96 19.49 19.20 18.54 17.88 18.00 18.11 18.54 18.80 18.70 18.36 18.62 18.08 18.02 19.01 19.15 18.83 18.40 17.52 16.90 16.36 15.65 16.61 16.32 16.63 17.11 16.81 16.82 16.58 16.73 15.45 15.98 15.08 16.05 15.16 15.83 16.49 16.76 17.62 17.69 18.15 17.98 17.43 17.01 17.48 16.82 17.65 17.72 18.48 17.69 17.09 19.09 18.76 17.98 17.93 18.21 18.43 19.31 19.25 18.66 18.39 18.42 18.84 17.85 17.20 17.33 16.70 16.60 16.35 16.53 17.67 18.59 18.98 19.41 19.86 20.24 20.76
20.57 19.43 19.76 19.26 17.83 17.67 17.32 17.92 18.39 18.45 18.63 19.06 18.99 18.39 18.76 18.71 18.54 17.68 17.54 16.86 16.54 16.45 16.99 17.02 16.66 16.62 16.17 16.34 16.35 16.65 16.34 16.45 16.04 16.44 15.38 15.62 16.89 16.89 17.55 18.62 18.05 17.24 17.43 17.70 17.81 17.41 18.16 18.51 19.10 18.12 16.87 17.80 17.26 18.11 18.99 18.93 18.91 19.04 19.37 19.26 18.52 18.86 19.30 18.59 18.49 17.91 16.95 16.59 15.82 15.46 16.41 17.64 18.29 18.80 19.55 19.73 20.32
20.41 20.40 20.01 19.23 19.14 19.05 18.44 18.73 18.53 18.08 17.15 17.79 17.83 18.12 18.34 18.46 19.03 18.11 17.12 17.40 16.56 16.05 16.23 17.01 16.21 15.86 15.29 15.29 16.61 16.40 16.79 16.45 16.28 15.79 15.81 16.51 17.50 17.62 17.43 18.13 18.14 18.31 17.94 17.93 17.99 17.84 18.45 18.50 18.38 17.88 17.93 18.09 18.74 18.57 18.77 18.30 18.48 19.08 19.41 19.15 19.11 18.78 18.77 18.28 18.73 18.23 17.79 17.01 17.33 16.96 15.66 15.77 17.06 18.58 19.13 19.38 19.93
20.20 20.53 20.03 19.49 19.02 18.81 18.67 18.50 19.01 18.36 18.25 17.60 17.40 18.88 18.43 18.26 18.11 17.94 17.42 17.00 16.73 16.64 17.26 17.22 16.39 16.05 15.28 16.20 16.76 16.02 16.62 16.57 16.20 15.64 16.84 16.36 16.47 16.90 17.43 17.32 17.74 18.11 17.08 17.54 17.08 17.56 18.45 18.67 18.33 18.75 18.12 18.20 18.64 18.51 18.26 18.04 19.03 19.23 18.80 18.64 19.47 19.41 18.58 18.25 18.03 17.95 17.46 17.70 18.50 17.16 16.81 15.85 15.84 17.11 17.91 18.08 18.72
20.78 20.34 19.58 19.71 19.11 18.71 18.99 18.78 19.06 18.63 18.78 17.90 18.04 18.90 18.58 18.33 18.72 18.12 18.12 18.22 18.20 18.59 17.56 17.06 16.59 16.29 15.97 16.61 17.04 16.17 16.32 15.95 16.33 16.36 16.57 16.80 15.89 15.72 15.93 16.04 16.12 16.82 17.06 17.71 18.60 18.22 18.18 18.68 18.53 18.56 17.10 17.66 18.15 18.88 18.79 18.70 18.52 18.42 18.90 19.44 19.67 19.51 19.04 18.96 17.72 17.90 18.03 17.97 18.52 17.88 17.71 17.62 16.00 16.20 16.48 16.93 17.85
20.78 20.19 19.84 19.93 19.51 19.42 18.94 18.80 18.96 18.78 18.81 18.22 18.27 18.57 18.39 18.09 18.77 17.77 18.49 18.44 18.67 18.67 18.37 16.60 15.72 16.66 16.80 16.41 16.57 16.26 15.91 15.53 15.61 16.45 16.00 16.72 15.58 16.23 16.21 16.03 16.21 16.93 17.15 17.49 17.49 17.92 18.12 18.94 18.35 18.06 18.17 18.08 18.90 18.87 18.95 18.68 18.65 19.35 19.76 19.07 18.44 19.54 20.09 19.50 18.28 18.53 18.33 18.02 17.38 17.57 17.34 17.14 16.80 16.48 16.40 16.75 16.91
20.61 20.66 20.53 20.39 19.83 19.73 19.13 19.36 18.49 18.61 17.88 17.78 18.33 18.45 18.47 17.81 16.82 16.53 17.62 17.26 18.67 18.86 18.43 17.73 17.11 16.28 15.94 16.61 16.48 16.47 15.34 14.80 15.80 16.61 15.60 15.56 15.52 16.32 16.74 16.75 17.12 17.35 16.58 17.55 18.34 18.28 18.42 18.09 17.16 17.91 18.29 18.62 18.95 18.90 18.89 18.81 17.87 19.36 19.57 19.17 19.45 19.17 19.73 19.00 18.91 18.83 17.75 17.56 17.04 17.38 17.91 17.33 17.50 17.30 16.86 16.29 16.29
20.79 20.85 20.79 20.94 20.23 19.49 18.80 19.18 18.29 18.37 18.21 17.94 18.39 18.96 18.10 18.00 17.58 16.34 17.90 17.68 17.91 17.93 18.31 17.63 17.63 16.39 15.81 16.66 16.15 15.71 15.28 15.58 15.77 16.04 15.93 15.60 15.36 15.92 16.84 16.19 16.72 17.29 17.18 17.15 18.56 17.65 17.76 17.55 17.74 18.34 18.52 18.70 19.30 18.73 19.09 18.89 19.12 19.90 19.35 19.70 20.07 19.49 19.81 19.47 19.28 18.91 18.57 18.40 17.11 17.97 17.27 17.73 17.94 17.60 16.52 16.47 16.48
20.95 20.93 20.55 20.86 20.77 20.07 19.05 19.01 18.28 18.13 17.25 17.62 18.45 18.05 17.98 18.71 17.89 17.61 18.22 18.78 18.36 18.79 18.11 17.82 17.12 16.74 17.30 17.81 17.09 16.06 15.95 16.00 16.66 15.72 16.12 16.32 14.73 14.96 16.05 16.67 17.09 16.56 16.42 17.18 17.82 17.25 17.90 18.21 17.87 18.39 18.48 19.35 18.93 18.95 18.76 18.63 18.74 19.37 19.64 20.03 19.77 19.58 20.17 19.45 18.82 19.36 19.11 19.48 17.64 18.52 17.58 17.22 18.59 18.09 16.72 16.78 16.20
20.98 20.96 20.86 20.76 20.68 20.02 19.03 19.41 19.11 18.87 18.08 17.32 17.78 18.02 18.46 18.37 18.03 17.85 17.79 17.41 17.24 18.38 17.05 17.41 17.35 17.55 17.46 17.53 17.37 17.02 16.74 16.76 16.54 16.42 16.74 16.17 15.68 16.05 16.19 15.84 15.44 15.04 15.48 17.07 17.16 17.78 17.17 17.89 17.62 18.69 19.23 19.21 19.34 18.65 18.37 18.65 19.16 19.88 19.66 20.16 19.67 20.03 19.84 19.21 19.55 19.01 19.59 19.29 18.53 18.52 18.43 18.02 17.68 18.23 17.85 17.78 16.86
