main/data/irradiance/05.02.2023.grid
ncols 839
nrows 679
xllcenter 112.0500
yllcenter -43.9500
cellsize 0.0500
nodata_value 99999.90
[rows 68 to 101 of 679, columns 462 to 538 of 839]
27.99 28.03 28.22 27.83 27.85 27.57 27.05 27.16 27.83 28.10 28.41 28.12 28.16 27.87 27.56 27.36 27.36 27.36 26.16 26.16 26.16 26.16 26.16 26.16 26.16 27.33 27.51 27.51 27.51 28.14 28.14 28.14 28.14 28.14 28.14 28.14 28.14 27.58 27.58 27.58 27.58 27.58 27.58 27.58 27.58 99999.90 99999.90 99999.90 99999.90 99999.90 99999.90 99999.90 99999.90 99999.90 99999.90 99999.90 99999.90 99999.90 99999.90 99999.90 99999.90 99999.90 99999.90 99999.90 99999.90 99999.90 99999.90 99999.90 99999.90 99999.90 99999.90 99999.90 99999.90 99999.90 99999.90 99999.90 99999.90
27.97 28.24 28.27 28.00 28.14 28.18 28.26 27.92 28.04 27.87 28.31 28.47 28.41 27.92 27.92 27.36 27.36 27.36 26.16 26.16 26.16 26.16 26.16 26.16 26.16 26.16 27.34 27.34 28.14 28.14 28.14 28.14 28.14 28.14 28.14 28.14 27.58 27.58 27.58 27.58 27.58 27.58 27.58 27.58 27.58 99999.90 99999.90 99999.90 99999.90 99999.90 99999.90 99999.90 99999.90 99999.90 99999.90 99999.90 99999.90 99999.90 99999.90 99999.90 99999.90 99999.90 99999.90 99999.90 99999.90 99999.90 99999.90 99999.90 99999.90 99999.90 99999.90 99999.90 99999.90 99999.90 99999.90 99999.90 99999.90
27.82 28.01 27.93 27.92 28.24 28.44 28.20 28.28 28.30 27.98 27.89 28.26 28.10 28.09 28.09 28.09 28.36 27.36 26.16 26.16 26.16 26.16 26.16 26.16 25.89 27.34 27.34 27.34 27.34 28.14 28.14 28.14 28.14 28.14 28.14 28.14 27.58 27.58 27.58 27.58 27.58 27.58 27.58 27.58 27.58 99999.90 99999.90 99999.90 99999.90 99999.90 99999.90 99999.90 99999.90 99999.90 99999.90 99999.90 99999.90 99999.90 99999.90 99999.90 99999.90 99999.90 99999.90 99999.90 99999.90 99999.90 99999.90 99999.90 99999.90 99999.90 99999.90 99999.90 99999.90 99999.90 99999.90 99999.90 99999.90
28.03 28.05 28.18 28.17 28.04 27.83 28.00 27.85 28.12 28.10 28.19 28.16 27.77 28.20 28.20 28.36 28.36 27.76 27.76 25.89 25.89 25.89 25.89 25.89 25.89 27.34 27.34 27.34 27.34 28.14 28.14 28.14 28.14 28.14 28.14 27.58 27.58 27.58 27.58 27.58 27.58 27.58 27.58 27.58 27.58 99999.90 99999.90 99999.90 99999.90 99999.90 99999.90 99999.90 99999.90 99999.90 99999.90 99999.90 99999.90 99999.90 99999.90 99999.90 99999.90 99999.90 99999.90 99999.90 99999.90 99999.90 99999.90 99999.90 99999.90 99999.90 99999.90 99999.90 99999.90 99999.90 99999.90 99999.90 99999.90
27.86 27.91 27.78 28.08 28.34 28.11 27.89 27.67 27.71 27.36 27.52 27.85 27.67 27.76 28.36 28.36 28.36 27.76 27.76 25.89 25.89 25.89 25.89 25.89 25.89 27.34 27.34 27.34 27.34 28.14 28.14 28.14 28.14 28.14 27.58 27.58 27.58 27.58 27.58 27.58 27.58 27.58 27.58 27.58 27.58 99999.90 99999.90 99999.90 99999.90 99999.90 99999.90 99999.90 99999.90 99999.90 99999.90 99999.90 99999.90 99999.90 99999.90 99999.90 99999.90 99999.90 99999.90 99999.90 99999.90 99999.90 99999.90 99999.90 99999.90 99999.90 99999.90 99999.90 99999.90 99999.90 99999.90 99999.90 99999.90
28.01 27.90 27.75 27.49 27.70 28.14 28.04 27.82 27.85 27.35 27.21 26.99 27.17 27.71 28.06 28.06 27.76 27.76 27.76 25.89 25.89 25.89 25.89 25.89 25.89 27.34 27.34 27.34 27.34 26.74 28.14 28.14 28.14 28.14 27.58 27.58 27.58 27.58 27.58 27.58 27.58 27.58 27.58 27.58 27.58 99999.90 99999.90 99999.90 99999.90 99999.90 99999.90 99999.90 99999.90 99999.90 99999.90 99999.90 99999.90 99999.90 99999.90 99999.90 99999.90 99999.90 99999.90 99999.90 99999.90 99999.90 99999.90 99999.90 99999.90 99999.90 99999.90 99999.90 99999.90 99999.90 99999.90 99999.90 99999.90
28.20 27.87 27.84 28.15 27.94 27.92 28.10 28.17 27.83 27.59 27.02 26.70 26.87 27.13 27.90 27.90 27.76 27.76 27.76 27.76 24.23 24.23 24.23 24.23 24.23 27.34 27.34 27.34 27.34 26.74 26.74 28.14 28.14 27.58 27.58 27.58 27.58 27.58 27.58 27.58 27.58 27.58 27.58 27.58 27.58 27.76 99999.90 99999.90 99999.90 99999.90 99999.90 99999.90 99999.90 99999.90 99999.90 99999.90 99999.90 99999.90 99999.90 99999.90 99999.90 99999.90 99999.90 99999.90 99999.90 99999.90 99999.90 99999.90 99999.90 99999.90 99999.90 99999.90 99999.90 99999.90 99999.90 99999.90 99999.90
27.31 27.20 26.71 27.63 27.65 27.87 27.57 28.05 28.32 28.02 27.35 26.92 27.17 27.03 27.45 28.19 27.99 27.76 27.76 27.76 24.23 24.23 24.23 24.23 24.24 27.34 27.34 27.34 26.39 26.65 26.65 26.65 28.40 27.58 27.58 27.58 27.58 27.58 27.58 27.58 27.58 27.58 27.58 27.58 27.58 27.76 99999.90 99999.90 99999.90 99999.90 99999.90 99999.90 99999.90 99999.90 99999.90 99999.90 99999.90 99999.90 99999.90 99999.90 99999.90 99999.90 99999.90 99999.90 99999.90 99999.90 99999.90 99999.90 99999.90 99999.90 99999.90 99999.90 99999.90 99999.90 99999.90 99999.90 99999.90
26.77 27.22 27.49 27.80 27.67 27.89 28.00 28.06 28.25 28.03 27.52 27.84 27.77 27.80 27.66 27.63 27.94 27.94 27.94 27.76 24.23 24.23 24.23 24.23 24.24 24.24 24.88 24.88 26.39 26.04 28.13 28.40 28.40 28.46 28.46 28.46 28.46 28.46 28.46 28.46 28.46 28.46 28.46 28.46 28.46 27.76 99999.90 99999.90 99999.90 99999.90 99999.90 99999.90 99999.90 99999.90 99999.90 99999.90 99999.90 99999.90 99999.90 99999.90 99999.90 99999.90 99999.90 99999.90 99999.90 99999.90 99999.90 99999.90 99999.90 99999.90 99999.90 99999.90 99999.90 99999.90 99999.90 99999.90 99999.90
26.57 27.19 27.97 27.75 27.34 28.03 27.97 27.82 28.21 28.19 28.09 28.34 28.21 28.20 28.21 27.95 27.68 27.68 27.68 27.68 24.23 24.23 24.23 24.24 24.24 24.24 24.24 24.51 24.32 26.86 27.91 28.26 28.58 28.54 28.46 28.46 28.46 28.46 28.46 28.46 28.46 28.46 28.46 28.46 28.46 27.76 99999.90 99999.90 99999.90 99999.90 99999.90 99999.90 99999.90 99999.90 99999.90 99999.90 99999.90 99999.90 99999.90 99999.90 99999.90 99999.90 99999.90 99999.90 99999.90 99999.90 99999.90 99999.90 99999.90 99999.90 99999.90 99999.90 99999.90 99999.90 99999.90 99999.90 99999.90
27.18 28.00 27.66 28.05 28.16 28.10 28.12 27.91 28.30 28.34 28.17 28.43 28.39 28.41 28.31 28.02 27.68 27.68 27.68 27.68 24.23 24.23 23.45 23.45 23.45 23.45 23.45 22.67 24.39 26.73 27.56 27.69 28.58 28.54 28.54 28.46 28.46 28.46 28.46 28.46 28.46 28.46 28.46 28.46 28.46 27.76 99999.90 99999.90 99999.90 99999.90 99999.90 99999.90 99999.90 99999.90 99999.90 99999.90 99999.90 99999.90 99999.90 99999.90 99999.90 99999.90 99999.90 99999.90 99999.90 99999.90 99999.90 99999.90 99999.90 99999.90 99999.90 99999.90 99999.90 99999.90 99999.90 99999.90 99999.90
26.49 27.86 27.81 28.17 27.66 27.55 27.94 27.92 28.04 28.01 28.17 28.45 28.46 28.39 28.00 28.02 28.02 27.68 27.68 27.68 27.68 24.23 24.55 24.55 24.55 24.55 24.55 23.25 23.15 26.43 27.41 27.16 27.16 28.54 28.54 28.54 28.46 28.46 28.46 28.46 28.46 28.46 28.46 27.76 27.76 27.76 99999.90 99999.90 99999.90 99999.90 99999.90 99999.90 99999.90 99999.90 99999.90 99999.90 99999.90 99999.90 99999.90 99999.90 99999.90 99999.90 99999.90 99999.90 99999.90 99999.90 99999.90 99999.90 99999.90 99999.90 99999.90 99999.90 99999.90 99999.90 99999.90 99999.90 99999.90
26.71 27.02 27.76 27.75 28.30 27.94 27.83 27.91 27.85 27.77 27.81 27.92 28.07 28.00 27.87 27.87 27.87 28.02 27.68 27.68 27.68 24.15 24.15 24.15 24.15 24.15 24.15 23.89 24.34 27.30 27.75 27.25 27.25 27.25 27.25 28.54 27.76 27.76 27.76 27.76 27.76 27.76 27.76 27.76 27.76 27.76 99999.90 99999.90 99999.90 99999.90 99999.90 99999.90 99999.90 99999.90 99999.90 99999.90 99999.90 99999.90 99999.90 99999.90 99999.90 99999.90 99999.90 99999.90 99999.90 99999.90 99999.90 99999.90 99999.90 99999.90 99999.90 99999.90 99999.90 99999.90 99999.90 99999.90 99999.90
26.45 25.63 26.94 27.22 27.60 27.82 27.66 27.87 27.68 27.86 27.90 27.93 27.58 27.79 28.08 28.08 28.08 28.08 28.08 27.68 27.68 25.01 25.01 25.01 25.01 25.01 25.01 24.62 25.42 26.57 27.53 27.25 27.25 24.53 24.53 24.53 27.76 27.76 27.76 27.76 27.76 27.76 27.76 27.76 27.76 27.76 99999.90 99999.90 99999.90 99999.90 99999.90 99999.90 99999.90 99999.90 99999.90 99999.90 99999.90 99999.90 99999.90 99999.90 99999.90 99999.90 99999.90 99999.90 99999.90 99999.90 99999.90 99999.90 99999.90 99999.90 99999.90 99999.90 99999.90 99999.90 99999.90 99999.90 99999.90
27.95 27.43 27.40 27.58 27.96 28.30 28.11 28.03 27.93 28.06 28.04 28.16 28.10 27.64 27.76 27.76 27.76 27.76 27.76 27.76 27.76 27.13 27.13 27.13 27.13 27.13 27.13 26.49 25.14 24.12 26.18 26.18 27.60 24.53 24.53 27.76 27.76 27.76 27.76 27.76 27.76 27.76 27.76 27.76 27.76 27.76 99999.90 99999.90 99999.90 99999.90 99999.90 99999.90 99999.90 99999.90 99999.90 99999.90 99999.90 99999.90 99999.90 99999.90 99999.90 99999.90 99999.90 99999.90 99999.90 99999.90 99999.90 99999.90 99999.90 99999.90 99999.90 99999.90 99999.90 99999.90 99999.90 99999.90 99999.90
26.62 26.55 27.16 27.60 28.29 28.51 28.09 28.33 28.01 28.26 28.26 28.31 28.34 28.51 27.76 27.76 27.76 27.76 27.76 27.76 27.91 27.91 27.91 27.91 27.91 27.91 27.91 28.11 28.04 27.89 28.01 27.60 27.60 24.53 24.53 27.76 27.76 27.76 27.76 27.76 27.76 27.76 27.76 27.76 27.76 27.76 99999.90 99999.90 99999.90 99999.90 99999.90 99999.90 99999.90 99999.90 99999.90 99999.90 99999.90 99999.90 99999.90 99999.90 99999.90 99999.90 99999.90 99999.90 99999.90 99999.90 99999.90 99999.90 99999.90 99999.90 99999.90 99999.90 99999.90 99999.90 99999.90 99999.90 99999.90
23.60 23.95 25.49 26.04 27.28 27.72 28.14 28.41 28.58 28.55 28.65 28.65 28.34 28.51 28.51 27.76 27.76 27.76 27.76 27.76 27.91 27.91 27.91 27.91 27.91 27.91 27.91 28.11 28.04 28.45 28.12 28.12 27.98 27.88 27.63 27.76 27.76 27.76 27.76 27.76 27.76 27.76 27.76 27.76 27.76 27.76 99999.90 99999.90 99999.90 99999.90 99999.90 99999.90 99999.90 99999.90 99999.90 99999.90 99999.90 99999.90 99999.90 99999.90 99999.90 99999.90 99999.90 99999.90 99999.90 99999.90 99999.90 99999.90 99999.90 99999.90 99999.90 99999.90 99999.90 99999.90 99999.90 99999.90 99999.90
23.90 25.17 24.43 24.56 25.81 27.33 27.71 27.94 28.12 28.35 28.51 28.64 28.64 28.51 28.51 28.51 27.76 27.76 27.76 27.76 27.91 27.91 27.91 27.91 27.91 27.91 27.91 28.11 28.45 28.45 28.12 28.12 27.98 27.88 27.63 27.76 27.76 27.76 27.76 27.76 27.76 27.76 27.76 27.76 27.76 27.76 99999.90 99999.90 99999.90 99999.90 99999.90 99999.90 99999.90 99999.90 99999.90 99999.90 99999.90 99999.90 99999.90 99999.90 99999.90 99999.90 99999.90 99999.90 99999.90 99999.90 99999.90 99999.90 99999.90 99999.90 99999.90 99999.90 99999.90 99999.90 99999.90 99999.90 99999.90
25.11 24.91 24.74 24.13 24.85 26.77 27.18 27.37 27.73 27.82 27.94 28.64 28.64 28.64 28.51 28.51 28.51 27.76 27.76 27.76 27.91 27.91 27.91 27.91 27.91 27.91 27.91 28.45 28.45 28.45 28.12 28.12 27.98 27.88 27.63 27.76 27.76 27.76 27.76 27.76 27.76 27.76 27.76 27.76 27.76 27.76 99999.90 99999.90 99999.90 99999.90 99999.90 99999.90 99999.90 99999.90 99999.90 99999.90 99999.90 99999.90 99999.90 99999.90 99999.90 99999.90 99999.90 99999.90 99999.90 99999.90 99999.90 99999.90 99999.90 99999.90 99999.90 99999.90 99999.90 99999.90 99999.90 99999.90 99999.90
24.66 22.66 22.65 22.98 23.29 25.22 26.37 27.61 27.82 27.96 27.87 27.87 27.87 28.64 28.64 28.51 28.51 28.51 27.76 27.76 27.91 27.91 27.91 27.91 27.91 27.91 27.91 28.45 28.45 28.45 28.12 28.12 27.98 27.88 27.63 27.76 27.76 27.76 27.76 27.76 27.76 27.76 27.76 27.76 27.76 27.76 99999.90 99999.90 99999.90 99999.90 99999.90 99999.90 99999.90 99999.90 99999.90 99999.90 99999.90 99999.90 99999.90 99999.90 99999.90 99999.90 99999.90 99999.90 99999.90 99999.90 99999.90 99999.90 99999.90 99999.90 99999.90 99999.90 99999.90 99999.90 99999.90 99999.90 99999.90
26.51 24.21 23.17 20.74 22.95 25.53 26.66 28.05 28.07 27.96 27.87 27.87 27.87 27.87 27.87 28.64 28.51 28.51 28.51 27.76 27.91 27.91 27.91 27.91 27.91 27.91 27.91 28.45 28.45 28.45 28.12 28.12 27.98 27.88 27.63 27.76 27.76 27.76 27.76 27.76 27.76 27.76 27.76 27.76 27.76 27.76 99999.90 99999.90 99999.90 99999.90 99999.90 99999.90 99999.90 99999.90 99999.90 99999.90 99999.90 99999.90 99999.90 99999.90 99999.90 99999.90 99999.90 99999.90 99999.90 99999.90 99999.90 99999.90 99999.90 99999.90 99999.90 99999.90 99999.90 99999.90 99999.90 99999.90 99999.90
28.46 27.69 26.37 24.77 25.17 26.24 26.86 27.57 28.41 28.41 27.87 27.87 27.87 27.87 27.87 27.87 27.87 28.51 28.51 28.51 27.91 27.91 27.91 27.91 27.91 27.91 28.45 28.45 28.45 28.45 28.12 28.12 27.98 27.88 27.63 27.76 27.76 27.76 27.76 27.76 27.76 27.76 27.76 27.76 27.76 27.76 99999.90 99999.90 99999.90 99999.90 99999.90 99999.90 99999.90 99999.90 99999.90 99999.90 99999.90 99999.90 99999.90 99999.90 99999.90 99999.90 99999.90 99999.90 99999.90 99999.90 99999.90 99999.90 99999.90 99999.90 99999.90 99999.90 99999.90 99999.90 99999.90 99999.90 99999.90
28.61 28.33 28.42 27.82 27.43 27.31 27.03 27.77 28.41 28.41 28.41 27.87 27.87 27.87 27.87 27.87 27.87 27.87 27.87 28.51 27.91 27.91 27.91 27.91 27.91 27.91 28.45 28.45 28.45 28.45 28.12 28.12 27.98 27.88 27.63 27.76 27.76 27.76 27.76 27.76 27.76 27.76 27.76 27.76 27.76 27.76 99999.90 99999.90 99999.90 99999.90 99999.90 99999.90 99999.90 99999.90 99999.90 99999.90 99999.90 99999.90 99999.90 99999.90 99999.90 99999.90 99999.90 99999.90 99999.90 99999.90 99999.90 99999.90 99999.90 99999.90 99999.90 99999.90 99999.90 99999.90 99999.90 99999.90 99999.90
28.35 28.33 28.37 28.11 27.76 27.73 27.83 28.04 28.04 28.04 28.41 28.41 27.87 27.87 27.87 27.87 27.87 27.87 27.87 27.87 27.91 27.91 27.91 27.91 27.91 27.91 28.45 28.45 28.45 28.45 28.12 28.12 27.98 27.88 27.63 27.76 27.76 27.76 27.76 27.76 27.76 27.76 27.76 27.76 27.76 27.76 99999.90 99999.90 99999.90 99999.90 99999.90 99999.90 99999.90 99999.90 99999.90 99999.90 99999.90 99999.90 99999.90 99999.90 99999.90 99999.90 99999.90 99999.90 99999.90 99999.90 99999.90 99999.90 99999.90 99999.90 99999.90 99999.90 99999.90 99999.90 99999.90 99999.90 99999.90
28.09 28.49 27.92 27.91 27.53 28.23 27.44 27.45 27.45 27.45 27.45 27.45 28.41 27.87 27.87 27.87 27.87 27.87 27.87 27.87 27.91 27.91 27.91 27.91 27.91 28.45 28.45 28.45 28.45 28.45 28.12 28.12 27.98 27.88 27.63 27.76 27.76 27.76 27.76 27.76 27.76 27.76 27.76 27.76 27.76 27.76 99999.90 99999.90 99999.90 99999.90 99999.90 99999.90 99999.90 99999.90 99999.90 99999.90 99999.90 99999.90 99999.90 99999.90 99999.90 99999.90 99999.90 99999.90 99999.90 99999.90 99999.90 99999.90 99999.90 99999.90 99999.90 99999.90 99999.90 99999.90 99999.90 99999.90 99999.90
28.25 28.28 27.88 27.13 27.36 27.57 27.44 27.45 27.45 27.45 27.45 27.45 27.45 27.45 27.45 27.87 27.87 27.87 27.87 27.87 27.91 27.91 27.91 27.91 27.91 28.45 28.45 28.45 28.45 28.45 28.12 28.12 27.98 27.88 27.63 27.76 27.76 27.76 27.76 27.76 27.76 27.76 27.76 27.76 27.76 27.76 99999.90 99999.90 99999.90 99999.90 99999.90 99999.90 99999.90 99999.90 99999.90 99999.90 99999.90 99999.90 99999.90 99999.90 99999.90 99999.90 99999.90 99999.90 99999.90 99999.90 99999.90 99999.90 99999.90 99999.90 99999.90 99999.90 99999.90 99999.90 99999.90 99999.90 99999.90
28.11 28.18 27.21 27.46 27.99 27.57 27.57 27.45 27.45 27.45 27.45 27.45 27.45 27.45 27.45 27.45 28.81 28.81 28.81 28.81 28.82 28.82 28.45 28.45 28.45 28.45 28.45 28.45 28.45 28.45 28.12 28.12 27.98 27.88 27.63 27.76 27.76 27.76 27.76 27.76 27.76 27.76 27.76 27.76 27.76 27.76 99999.90 99999.90 99999.90 99999.90 99999.90 99999.90 99999.90 99999.90 99999.90 99999.90 99999.90 99999.90 99999.90 99999.90 99999.90 99999.90 99999.90 99999.90 99999.90 99999.90 99999.90 99999.90 99999.90 99999.90 99999.90 99999.90 99999.90 99999.90 99999.90 99999.90 99999.90
27.18 27.12 27.27 27.73 28.03 28.03 28.03 27.57 27.45 27.45 27.45 27.45 27.45 27.45 28.73 28.81 28.81 28.81 28.81 28.82 28.82 28.82 28.82 28.82 28.82 28.82 28.80 99999.90 99999.90 99999.90 99999.90 99999.90 99999.90 99999.90 99999.90 99999.90 99999.90 99999.90 99999.90 99999.90 99999.90 99999.90 99999.90 99999.90 99999.90 99999.90 99999.90 99999.90 99999.90 99999.90 99999.90 99999.90 99999.90 99999.90 99999.90 99999.90 99999.90 99999.90 99999.90 99999.90 99999.90 99999.90 99999.90 99999.90 99999.90 99999.90 99999.90 99999.90 99999.90 99999.90 99999.90 99999.90 99999.90 99999.90 99999.90 99999.90 99999.90
27.38 27.59 27.48 28.40 28.44 28.44 28.76 28.76 28.76 28.76 28.80 28.80 28.73 28.73 28.81 28.81 28.81 28.81 28.81 28.82 28.82 28.82 28.82 28.79 28.79 28.79 28.79 28.79 28.79 99999.90 99999.90 99999.90 99999.90 99999.90 99999.90 99999.90 99999.90 99999.90 99999.90 99999.90 99999.90 99999.90 99999.90 99999.90 99999.90 99999.90 99999.90 99999.90 99999.90 99999.90 99999.90 99999.90 99999.90 99999.90 99999.90 99999.90 99999.90 99999.90 99999.90 99999.90 99999.90 99999.90 99999.90 99999.90 99999.90 99999.90 99999.90 99999.90 99999.90 99999.90 99999.90 99999.90 99999.90 99999.90 99999.90 99999.90 99999.90
27.65 27.86 27.89 28.74 28.78 28.76 28.76 28.76 28.82 28.80 28.80 28.73 28.73 28.73 28.81 28.81 28.81 28.81 28.82 28.82 28.82 28.82 28.79 28.79 28.79 28.79 28.79 28.79 28.79 27.94 99999.90 99999.90 99999.90 99999.90 99999.90 99999.90 99999.90 99999.90 99999.90 99999.90 99999.90 99999.90 99999.90 99999.90 99999.90 99999.90 99999.90 99999.90 99999.90 99999.90 99999.90 99999.90 99999.90 99999.90 99999.90 99999.90 99999.90 99999.90 99999.90 99999.90 99999.90 99999.90 99999.90 99999.90 99999.90 99999.90 99999.90 99999.90 99999.90 99999.90 99999.90 99999.90 99999.90 99999.90 99999.90 99999.90 99999.90
27.20 27.57 26.87 28.77 28.86 28.74 28.74 28.82 28.80 28.80 28.80 28.73 28.73 28.81 28.81 28.81 28.81 28.82 28.82 28.82 28.82 28.82 28.79 28.79 28.79 28.79 28.04 28.04 28.04 28.04 28.04 28.04 99999.90 99999.90 99999.90 99999.90 99999.90 99999.90 99999.90 99999.90 99999.90 99999.90 99999.90 99999.90 99999.90 99999.90 99999.90 99999.90 99999.90 99999.90 99999.90 99999.90 99999.90 99999.90 99999.90 99999.90 99999.90 99999.90 99999.90 99999.90 99999.90 99999.90 99999.90 99999.90 99999.90 99999.90 99999.90 99999.90 99999.90 99999.90 99999.90 99999.90 99999.90 99999.90 99999.90 99999.90 99999.90
27.97 27.60 28.05 28.58 28.19 28.77 28.82 28.82 28.80 28.80 28.73 28.73 28.73 28.81 28.81 28.81 28.81 28.82 28.82 28.82 28.82 28.79 28.79 28.79 28.79 28.04 28.04 28.04 28.04 28.04 28.04 28.04 99999.90 99999.90 99999.90 99999.90 99999.90 99999.90 99999.90 99999.90 99999.90 99999.90 99999.90 99999.90 99999.90 99999.90 99999.90 99999.90 99999.90 99999.90 99999.90 99999.90 99999.90 99999.90 99999.90 99999.90 99999.90 99999.90 99999.90 99999.90 99999.90 99999.90 99999.90 99999.90 99999.90 99999.90 99999.90 99999.90 99999.90 99999.90 99999.90 99999.90 99999.90 99999.90 99999.90 99999.90 99999.90
28.15 28.37 28.36 27.49 27.77 28.24 28.79 28.82 28.80 28.80 28.73 28.73 28.81 28.81 28.81 28.81 28.82 28.82 28.82 28.82 28.79 28.79 28.79 28.79 28.79 28.04 28.04 28.04 28.04 28.04 28.04 28.04 99999.90 99999.90 99999.90 99999.90 99999.90 99999.90 99999.90 99999.90 99999.90 99999.90 99999.90 99999.90 99999.90 99999.90 99999.90 99999.90 99999.90 99999.90 99999.90 99999.90 99999.90 99999.90 99999.90 99999.90 99999.90 99999.90 99999.90 99999.90 99999.90 99999.90 99999.90 99999.90 99999.90 99999.90 99999.90 99999.90 99999.90 99999.90 99999.90 99999.90 99999.90 99999.90 99999.90 99999.90 99999.90
28.06 27.95 28.60 28.47 28.10 28.11 28.19 28.71 28.66 28.78 28.73 28.73 28.81 28.81 28.81 28.70 28.82 28.82 28.82 28.82 28.79 28.79 28.79 28.79 28.04 28.04 28.04 28.04 28.04 28.59 28.59 28.59 28.78 28.78 28.78 28.78 28.78 28.78 28.78 28.78 28.78 28.78 28.78 28.78 28.78 99999.90 99999.90 99999.90 99999.90 99999.90 99999.90 99999.90 99999.90 99999.90 99999.90 99999.90 99999.90 99999.90 99999.90 99999.90 99999.90 99999.90 99999.90 99999.90 99999.90 99999.90 99999.90 99999.90 99999.90 99999.90 99999.90 99999.90 99999.90 99999.90 99999.90 99999.90 99999.90
