main/data/irradiance/05.04.2023.grid
ncols 839
nrows 679
xllcenter 112.0500
yllcenter -43.9500
cellsize 0.0500
nodata_value 99999.90
[rows 442 to 475 of 679, columns 462 to 538 of 839]
6.05 5.18 5.33 5.69 6.52 7.50 7.71 8.05 8.24 8.58 8.52 8.86 9.09 8.59 7.82 9.63 12.47 11.72 9.65 10.48 12.38 13.99 11.37 9.63 10.32 11.31 10.72 10.33 10.13 9.38 8.86 9.87 9.67 9.73 9.97 10.45 10.35 10.12 10.47 10.04 10.12 9.88 9.84 9.82 10.47 10.60 11.28 10.42 10.50 10.95 11.43 11.50 11.87 11.48 12.25 12.57 11.43 10.31 10.15 11.14 12.04 12.13 11.88 11.73 11.14 11.72 11.06 11.83 12.07 12.58 12.49 13.36 13.17 13.11 12.68 13.03 13.39
6.98 5.95 5.63 5.90 6.71 7.28 6.95 7.90 8.20 8.26 8.17 8.56 9.51 8.42 8.83 8.18 10.69 10.26 9.99 9.44 10.65 12.26 9.84 9.49 9.95 9.94 9.92 8.33 9.21 9.05 8.34 8.32 9.93 10.18 10.92 10.93 11.21 10.95 10.98 10.49 10.20 10.25 10.44 10.06 10.15 9.77 9.91 10.13 11.63 11.36 11.30 10.55 11.92 11.84 12.07 11.98 11.39 10.43 10.47 11.51 11.70 11.35 12.01 11.45 11.47 11.46 11.45 11.85 12.03 12.45 12.48 13.06 12.86 13.02 13.13 12.97 12.71
7.72 6.54 6.00 5.56 6.89 6.77 7.26 8.07 8.85 8.22 7.70 8.03 8.32 8.02 7.47 9.62 8.65 8.29 8.85 8.18 9.99 10.33 9.91 9.42 9.48 9.78 10.14 9.34 9.01 8.90 8.61 9.31 10.27 10.36 11.59 11.31 11.11 11.05 10.65 10.16 10.09 9.63 9.87 9.56 9.36 10.00 9.51 10.20 11.00 10.26 10.45 11.05 11.19 10.52 10.89 10.22 10.36 10.88 11.31 11.40 11.37 11.73 12.14 12.24 12.38 11.52 12.60 13.05 12.97 12.88 12.23 12.78 12.83 13.57 13.45 13.87 13.40
7.81 8.13 7.38 6.88 7.56 7.50 7.98 7.81 8.26 7.65 7.67 6.57 6.72 6.20 7.08 6.81 6.27 7.61 8.07 7.42 8.29 8.69 9.37 9.08 9.62 9.91 9.09 8.70 8.48 8.57 8.53 8.93 9.14 10.50 11.78 12.06 11.52 10.80 10.97 10.64 10.81 10.26 9.78 10.50 10.92 11.59 10.74 10.71 10.28 10.48 10.05 11.28 11.12 10.81 10.87 11.22 11.09 11.22 10.94 10.99 11.88 11.98 11.77 12.44 13.01 11.89 12.23 12.37 11.76 11.55 11.63 11.83 12.33 12.86 13.19 13.72 14.12
8.30 8.64 8.51 8.23 7.95 7.57 7.60 8.03 8.09 7.99 7.69 6.36 5.89 5.95 6.73 6.40 6.88 7.56 7.59 7.33 8.02 8.68 8.71 8.52 9.19 9.02 8.51 8.28 8.39 8.24 8.07 9.00 10.00 10.12 11.03 10.96 11.69 11.01 11.17 11.20 11.31 11.05 11.33 11.89 12.21 12.06 11.42 11.10 10.96 10.68 10.24 10.60 11.22 11.18 11.54 11.39 11.27 11.58 11.95 12.50 12.21 12.49 11.68 11.98 11.56 11.20 10.91 11.16 11.62 11.63 11.84 12.26 12.43 12.53 12.81 13.64 13.69
8.21 8.86 8.77 7.99 7.66 8.47 7.38 7.21 7.56 7.88 7.29 6.53 6.47 6.78 6.99 6.55 7.62 8.43 7.07 6.53 7.18 7.83 8.07 7.92 8.09 8.61 8.25 7.93 7.91 7.94 8.23 8.35 9.78 10.26 10.65 10.38 11.56 10.83 11.24 11.12 11.28 10.94 10.82 10.96 11.41 11.44 11.13 11.37 11.16 11.40 11.10 10.84 11.66 11.74 10.83 10.66 11.43 12.25 12.48 12.52 12.47 12.79 12.49 12.28 11.43 10.98 10.97 10.92 11.19 10.65 11.13 11.69 12.83 12.65 12.44 13.18 13.32
8.38 8.27 8.34 8.05 8.07 8.35 9.06 8.13 7.90 7.74 7.82 8.12 8.04 7.85 7.93 8.84 8.47 9.22 7.64 6.73 7.28 7.68 8.53 8.85 8.64 8.14 8.31 8.13 8.43 8.64 9.05 9.32 9.75 9.33 9.86 11.12 11.08 11.08 10.93 10.42 10.29 10.27 10.05 10.73 10.93 10.90 10.42 10.77 11.00 11.12 12.01 12.01 11.29 11.12 11.12 11.28 11.14 11.04 11.35 11.70 12.18 12.51 12.73 12.62 12.02 11.37 11.34 11.07 10.74 10.63 10.87 11.84 12.20 11.42 12.21 13.12 13.15
8.04 7.50 7.52 7.49 8.06 7.55 8.54 8.71 8.66 8.67 7.69 7.79 7.85 7.94 8.49 9.12 8.91 8.86 9.17 7.94 7.86 7.96 7.83 8.18 8.40 8.66 8.46 8.97 9.16 9.38 9.23 8.88 9.05 9.58 10.53 11.08 11.15 10.62 10.65 10.51 10.66 10.36 10.82 11.45 11.12 10.35 10.49 10.75 11.85 12.00 12.02 12.46 12.05 11.84 11.68 11.80 11.53 11.28 11.11 11.63 12.57 12.81 12.95 13.16 13.03 12.02 10.93 10.16 10.73 10.72 10.86 10.95 11.11 11.49 12.52 12.05 12.39
8.55 8.19 7.25 7.75 8.37 7.00 7.92 8.99 8.93 8.22 8.34 9.10 8.79 9.32 9.24 9.32 9.28 9.03 9.00 8.49 7.47 7.28 6.95 7.46 7.84 7.77 7.19 8.17 8.85 8.93 8.70 8.48 8.95 9.15 9.68 10.13 11.13 10.45 9.94 10.09 11.00 10.72 11.16 11.77 11.55 11.58 11.04 11.59 11.79 11.91 12.57 12.77 12.05 11.84 10.88 11.86 12.53 11.68 11.50 11.77 12.58 12.45 12.53 12.42 12.57 12.18 10.75 11.05 10.76 10.79 10.80 11.47 11.05 11.16 11.57 12.10 12.58
8.39 7.78 7.84 8.41 8.74 8.49 7.54 8.94 7.97 7.49 8.19 8.47 8.41 8.82 9.14 9.08 9.16 9.56 9.45 9.21 8.68 8.41 7.55 7.97 8.79 7.91 7.68 8.59 9.17 9.84 10.00 10.03 10.02 9.55 9.16 9.90 10.46 10.66 10.61 11.01 10.57 11.28 11.79 11.70 11.47 11.22 10.80 10.79 10.83 11.21 11.43 11.31 11.31 10.92 10.92 11.40 11.93 12.02 12.27 12.63 12.42 12.23 12.36 12.63 12.27 11.95 11.82 12.29 12.20 12.10 12.26 12.40 12.37 12.82 13.07 13.35 13.98
7.92 7.62 8.64 9.59 10.06 9.01 7.94 7.53 7.98 7.49 7.36 8.65 8.94 8.70 8.75 9.14 8.69 8.94 9.89 9.56 8.38 8.07 8.44 9.43 10.24 9.81 9.77 9.82 10.59 10.82 11.28 11.69 11.86 11.02 9.77 9.74 10.05 9.85 10.42 10.05 10.06 10.66 10.52 10.72 10.63 9.99 9.48 9.45 10.19 10.63 10.91 11.28 11.28 10.92 10.92 11.08 11.54 12.22 12.39 12.58 13.31 13.07 13.23 13.35 13.10 12.36 12.58 12.56 12.30 12.42 12.10 12.91 13.25 13.43 13.25 13.63 13.79
8.03 8.18 9.42 9.94 9.76 9.41 8.75 6.63 7.50 7.61 7.36 7.27 7.90 8.72 8.34 8.00 8.37 8.19 9.28 9.66 8.41 8.64 8.57 9.08 9.89 9.36 9.60 10.42 10.86 10.71 10.55 10.68 10.71 10.75 11.41 10.79 10.53 10.28 10.05 9.98 10.30 9.82 9.70 9.70 10.14 10.02 9.16 9.58 10.03 10.72 11.02 11.30 11.30 11.58 11.94 11.94 12.35 12.20 11.91 12.70 14.24 13.54 12.83 12.79 12.88 12.53 12.49 11.93 12.12 12.31 12.91 12.96 12.76 13.20 13.02 13.25 13.87
8.68 8.24 9.09 9.60 9.81 9.16 9.11 7.98 7.85 7.68 8.26 7.90 8.19 9.48 9.99 9.35 8.65 8.49 9.38 8.96 8.10 8.37 8.14 8.61 8.49 8.49 8.63 9.83 10.33 10.12 9.70 10.67 10.40 11.00 11.24 9.70 9.91 10.44 10.50 10.39 10.54 10.66 10.90 10.75 10.38 9.96 9.81 10.54 11.01 11.24 11.50 11.26 11.58 11.58 11.94 11.94 11.90 12.07 11.83 11.83 12.23 12.76 12.65 12.05 12.37 12.32 12.44 12.36 12.51 12.75 12.66 12.63 13.25 13.07 13.21 12.86 12.83
9.46 9.33 9.81 9.62 9.19 9.14 9.39 8.53 8.52 9.13 9.07 8.96 8.77 9.89 10.72 10.72 9.28 8.93 9.02 9.58 9.30 8.13 8.48 8.52 8.19 8.18 8.21 8.47 9.15 9.30 10.19 10.79 10.62 10.49 9.91 9.41 9.56 9.86 10.72 11.33 10.99 11.03 11.16 11.17 11.46 11.42 11.66 11.63 11.53 11.91 12.11 11.92 12.10 12.10 12.10 11.91 11.91 11.73 10.96 10.86 10.65 11.41 12.18 12.30 12.69 12.87 12.78 12.32 12.74 12.92 12.98 13.12 13.16 12.87 12.70 12.90 12.73
10.18 10.18 10.48 10.46 10.00 8.97 9.59 8.46 8.29 9.74 8.97 10.02 10.11 10.47 10.35 9.44 9.72 9.13 8.07 8.11 9.05 9.01 9.53 9.66 10.01 9.10 9.15 9.24 9.37 9.86 10.24 11.00 9.91 9.91 10.33 10.02 10.56 10.43 11.37 11.90 12.19 12.42 12.03 11.90 12.13 12.61 12.90 12.72 12.52 12.44 12.60 12.12 12.17 12.17 12.17 12.69 12.69 12.41 11.93 11.59 10.88 10.50 10.82 10.85 11.77 12.24 12.38 12.37 12.99 12.45 12.37 11.33 10.87 11.58 11.74 12.62 12.56
9.75 9.53 10.49 11.17 11.18 10.26 9.34 8.17 8.70 8.71 7.90 8.93 10.34 10.40 9.70 9.68 10.34 10.88 9.15 8.76 9.24 9.66 9.77 10.26 10.27 10.01 8.94 9.06 9.68 10.14 10.91 12.11 10.72 9.74 10.43 9.83 10.53 10.60 11.38 10.87 11.39 12.00 12.11 11.46 11.80 12.29 12.23 12.35 13.09 12.81 12.94 12.43 12.51 12.51 12.51 11.97 11.97 11.20 10.48 10.69 10.22 10.09 10.11 11.02 11.50 11.58 11.83 12.26 12.75 11.48 11.84 11.04 11.93 13.14 12.91 13.57 13.24
9.83 9.33 10.21 11.50 11.99 11.01 10.18 10.46 9.98 9.91 9.73 9.78 10.82 11.28 10.95 10.64 10.89 11.47 10.56 10.17 10.10 10.19 10.61 10.56 10.46 10.66 9.87 9.07 9.46 9.80 10.10 11.43 11.64 11.17 11.01 10.63 10.77 11.02 10.91 10.87 11.23 11.59 12.00 12.18 12.16 12.54 12.32 12.75 13.34 13.90 12.94 13.81 12.51 12.51 12.51 11.97 11.97 12.04 11.25 11.40 11.39 11.94 12.26 12.13 12.44 12.53 13.44 12.54 13.35 12.89 12.72 13.18 13.52 13.89 13.86 13.97 13.76
11.39 11.02 11.59 11.78 12.07 11.68 11.04 9.83 9.50 10.55 10.07 10.15 11.34 11.95 11.74 10.87 10.08 11.39 10.77 11.39 11.25 11.96 11.41 10.15 10.22 10.43 10.57 9.05 9.06 9.88 9.53 10.40 10.88 10.96 11.54 11.46 10.97 11.57 11.74 11.89 11.69 12.21 13.07 12.98 13.03 12.93 12.57 12.67 12.92 13.90 13.90 13.81 13.81 12.51 12.51 13.68 13.68 13.68 13.29 13.60 13.79 13.78 13.68 13.22 13.39 14.45 14.99 15.13 14.14 14.57 14.22 13.91 14.12 14.27 14.14 14.14 13.79
11.17 12.08 11.60 12.02 12.03 12.65 11.37 9.71 10.76 11.43 10.68 10.85 12.13 12.23 11.36 9.97 9.66 10.69 11.86 12.07 12.48 12.72 12.20 10.75 10.49 10.46 10.68 10.55 9.59 9.63 9.77 10.10 10.59 11.06 10.93 11.49 11.68 12.27 12.48 12.68 11.86 12.78 13.27 13.43 13.48 13.88 13.13 12.63 13.04 13.04 13.04 13.81 13.81 13.81 13.68 13.68 13.68 13.68 15.36 14.77 13.58 13.43 13.91 14.57 15.43 15.61 16.05 16.21 15.58 15.60 15.54 15.10 15.43 15.23 14.35 13.75 14.03
9.42 11.55 11.88 11.45 11.36 10.74 11.01 11.10 11.79 12.36 11.91 11.91 11.58 12.52 10.76 9.52 9.44 10.73 11.89 12.20 12.96 12.67 12.52 12.11 11.00 11.39 11.88 11.49 11.42 10.82 10.75 10.58 11.64 12.05 11.74 11.27 11.30 11.22 11.59 11.87 12.26 12.26 11.90 12.28 12.37 12.86 12.52 13.02 13.04 13.04 13.04 13.81 13.81 13.15 13.15 13.15 15.02 15.02 15.02 15.37 14.24 14.32 14.48 14.76 14.91 15.22 15.21 15.71 16.07 16.34 16.34 16.39 16.30 15.38 14.91 15.07 15.17
10.12 11.80 11.51 12.74 12.73 12.78 11.34 10.84 11.87 12.74 12.15 11.42 10.84 10.99 12.14 10.92 10.00 11.27 12.37 12.30 12.49 12.46 11.91 11.98 10.91 10.68 11.64 10.96 10.46 11.35 11.28 11.13 11.85 12.56 13.06 12.92 12.30 11.73 11.60 11.45 12.13 12.25 12.48 12.15 12.13 12.77 12.52 13.02 13.02 13.04 13.04 13.04 13.42 13.15 13.15 13.15 13.56 14.11 14.11 14.76 14.23 14.20 14.83 15.47 15.39 15.32 15.50 15.89 16.38 16.79 16.64 16.71 16.47 16.60 16.39 16.22 15.90
10.52 11.25 12.30 12.47 12.35 12.54 12.60 11.79 11.92 12.40 12.63 12.03 10.32 10.49 11.47 11.10 10.75 11.34 12.35 12.31 12.16 11.92 11.69 12.20 11.56 10.92 11.37 11.27 10.16 10.53 11.10 11.27 11.08 11.34 12.68 13.31 12.92 12.31 12.30 12.23 11.89 11.55 12.09 12.36 12.46 12.59 12.59 13.02 13.02 13.02 13.04 13.42 13.42 13.42 13.15 13.15 13.56 13.42 13.44 13.94 13.86 14.26 14.88 15.42 15.67 16.02 16.34 16.39 16.45 16.55 16.56 16.68 16.89 16.95 16.48 16.02 16.08
10.79 11.13 11.64 12.18 12.21 12.60 13.47 12.62 12.27 12.59 12.67 11.71 11.26 11.56 11.67 12.39 11.78 10.93 11.04 11.68 12.67 11.53 11.84 11.42 10.90 10.78 11.41 11.21 11.68 11.26 11.97 11.56 11.65 11.73 11.61 12.48 12.90 13.38 13.54 12.79 12.40 11.66 11.59 11.22 11.59 12.30 12.30 12.30 12.30 13.02 13.42 13.42 13.42 13.42 13.42 13.23 13.36 13.03 13.36 13.64 13.63 13.57 13.80 14.98 15.64 16.24 16.50 16.66 16.50 16.61 16.44 16.36 16.30 16.11 16.04 15.95 15.84
10.55 10.47 11.39 12.14 12.57 13.47 13.37 12.66 12.23 11.97 11.16 11.66 12.14 12.16 12.81 11.83 12.01 12.11 11.06 11.07 11.23 12.01 11.53 10.80 10.33 11.26 11.58 11.20 11.70 11.31 11.13 12.91 12.69 13.15 12.70 12.77 12.65 12.64 12.68 13.09 12.39 12.39 12.54 12.20 12.06 12.30 12.30 12.30 12.30 12.30 14.80 14.80 14.80 14.80 14.80 14.08 14.08 14.17 14.21 14.47 14.53 14.96 14.87 15.75 15.80 16.11 16.22 16.24 16.00 16.34 16.65 16.69 16.40 16.47 16.43 16.04 16.10
10.59 10.70 11.48 11.79 12.45 12.78 13.26 13.92 12.96 12.39 11.81 11.62 12.29 11.12 12.01 12.50 12.00 11.97 11.80 12.37 10.70 11.28 13.13 12.60 11.53 11.81 12.06 12.04 11.53 11.80 12.57 12.51 12.64 12.77 13.27 12.96 11.98 11.52 11.76 12.34 12.25 12.29 12.65 12.55 12.99 12.99 12.99 12.30 12.30 12.30 14.80 14.80 14.80 14.80 14.80 14.67 14.31 14.27 14.82 15.10 15.39 15.21 15.14 15.62 15.43 15.70 15.66 15.63 15.84 16.32 16.21 16.42 16.30 16.18 15.96 15.76 15.22
10.60 9.84 10.11 10.75 11.35 12.22 12.49 13.48 12.22 12.44 12.73 12.33 12.31 12.23 12.91 13.17 13.26 12.25 11.55 11.87 12.83 12.26 13.52 13.64 13.05 12.09 11.69 12.41 12.11 12.62 13.49 13.24 12.80 12.58 12.72 12.38 11.84 12.39 12.40 12.63 13.22 13.69 13.58 13.35 13.67 13.67 13.67 13.67 13.67 12.30 14.80 14.80 14.80 14.20 14.20 14.20 13.78 14.01 14.52 14.83 15.15 15.15 15.21 15.32 15.55 15.42 15.47 15.52 15.80 16.63 16.54 16.24 16.03 16.12 15.78 15.57 14.87
12.45 10.89 10.30 10.81 11.20 11.53 11.42 11.80 11.72 11.54 11.95 12.46 12.52 12.52 12.48 12.41 13.57 13.35 13.22 13.62 13.70 13.70 13.17 13.69 13.80 12.77 12.89 13.38 13.39 13.67 14.62 13.77 13.09 12.52 12.73 12.95 12.48 12.95 12.77 12.44 13.14 13.50 13.25 13.52 13.67 13.67 13.67 13.67 13.67 13.67 14.80 14.20 14.20 14.20 14.20 14.20 14.00 13.53 14.18 14.53 15.20 15.18 15.25 14.78 14.80 14.88 15.23 15.44 15.37 16.11 16.56 16.58 16.25 16.33 16.37 16.58 16.10
12.37 12.32 12.29 12.03 11.37 10.96 10.89 10.85 10.52 9.94 10.87 10.80 11.94 12.58 13.40 13.18 13.62 14.53 14.08 13.84 13.90 13.65 14.10 13.77 14.24 14.07 14.18 13.75 13.55 14.02 14.73 14.51 13.56 12.63 13.64 13.54 13.70 13.53 13.10 12.83 12.87 12.98 12.72 13.52 13.52 13.67 13.67 13.67 13.67 13.67 14.20 14.20 14.20 14.20 14.71 14.71 14.71 14.47 14.31 14.05 15.47 15.39 15.40 14.27 14.65 14.36 14.87 14.72 14.88 15.74 16.07 16.03 16.29 16.56 16.66 16.76 16.82
12.03 11.95 12.10 12.52 11.42 10.31 10.78 10.80 11.54 12.18 11.19 12.34 12.92 12.97 13.44 14.05 13.36 13.83 14.45 13.81 13.79 13.95 13.74 13.65 14.17 13.77 13.86 14.43 13.81 14.43 14.23 14.40 13.84 13.83 14.35 14.24 14.90 14.02 13.90 13.59 13.73 13.48 14.33 14.33 14.33 13.52 13.67 13.67 13.67 15.23 15.23 15.23 14.12 14.12 14.71 14.71 14.71 14.59 14.59 14.20 14.84 15.28 15.51 15.26 15.09 14.92 15.50 15.27 14.91 15.37 15.41 15.84 16.29 16.27 15.90 16.06 16.38
12.52 11.88 11.89 12.26 11.81 11.55 11.59 11.13 11.30 12.44 11.63 12.05 12.60 12.86 14.09 14.63 14.12 13.84 13.73 13.98 13.82 13.77 12.55 12.90 12.74 12.74 13.77 14.52 14.78 14.46 13.45 13.46 13.95 13.67 15.04 15.35 14.57 14.53 15.15 15.27 14.74 14.71 14.33 14.33 14.33 14.33 14.33 13.67 15.23 15.23 15.23 15.23 13.86 14.12 14.12 14.52 14.52 14.61 14.78 15.06 15.11 15.62 15.67 16.03 15.90 16.38 16.88 16.47 16.29 16.08 15.93 15.71 16.21 16.15 16.05 15.55 15.45
13.16 12.59 12.59 12.21 11.85 12.26 11.79 11.45 12.23 13.33 12.27 12.63 12.66 13.66 14.99 15.38 14.31 13.73 12.27 11.84 12.93 13.72 13.32 12.66 12.63 13.51 14.07 13.23 13.33 13.40 12.81 12.27 12.90 13.59 15.02 15.76 15.36 15.13 15.06 15.19 14.81 15.09 15.09 15.09 14.33 14.33 14.33 14.33 15.23 15.23 15.23 15.23 15.23 13.86 14.12 14.12 13.80 14.15 14.08 15.01 15.09 15.64 15.79 15.56 15.93 16.41 16.87 16.55 16.09 16.57 16.87 16.15 16.24 16.04 15.62 15.63 14.80
12.75 11.75 10.88 11.05 12.23 12.58 11.97 11.30 12.17 12.67 12.57 12.63 12.72 12.95 14.23 14.49 14.08 14.08 12.65 11.66 12.67 13.04 12.79 13.19 12.71 13.89 13.86 13.53 13.24 13.62 13.15 12.22 13.16 14.07 14.56 15.49 15.36 15.38 15.28 15.30 14.81 15.09 15.09 15.09 15.09 15.09 14.33 15.47 15.23 15.23 15.23 15.23 15.23 13.86 13.86 13.72 13.60 14.33 14.33 14.25 14.54 14.52 15.28 15.85 15.96 15.72 16.36 16.63 16.74 16.49 15.67 15.95 15.38 14.83 15.96 15.24 14.91
12.62 11.61 10.84 11.44 12.52 12.87 12.47 11.15 11.06 11.18 12.29 13.08 12.74 11.86 12.86 13.54 13.38 12.49 11.02 11.25 11.41 12.05 11.68 12.18 11.54 12.17 13.04 13.56 13.14 13.43 13.31 13.45 13.11 14.20 14.85 15.49 15.49 15.38 15.28 15.30 15.30 15.09 15.09 15.09 15.09 15.09 16.35 16.35 15.47 15.47 15.23 15.23 15.23 15.39 15.41 14.90 14.52 15.16 14.39 13.59 13.95 14.31 14.52 14.89 15.38 15.30 16.37 16.97 16.62 16.32 15.68 15.77 14.18 14.33 15.53 15.73 15.76
13.68 12.83 13.27 12.99 13.48 14.15 13.46 13.59 13.13 11.63 10.85 12.02 13.01 12.89 13.17 12.32 12.31 12.31 11.41 10.94 10.99 11.14 11.22 11.90 11.90 12.64 12.68 12.98 13.42 14.01 14.37 14.29 15.01 14.26 14.85 14.85 15.49 15.38 15.28 15.30 15.30 15.30 15.09 15.09 15.09 15.09 16.35 16.35 16.35 15.47 15.47 14.48 14.48 15.07 15.79 15.46 14.94 14.54 14.82 14.96 14.66 14.93 14.70 14.74 15.08 14.59 15.68 16.60 16.76 16.23 15.90 15.38 15.22 15.48 15.38 15.44 16.17
