main/data/irradiance/05.02.2023.grid
ncols 839
nrows 679
xllcenter 112.0500
yllcenter -43.9500
cellsize 0.0500
nodata_value 99999.90
[rows 544 to 577 of 679, columns 539 to 615 of 839]
99999.90 99999.90 99999.90 99999.90 99999.90 22.37 22.37 22.37 20.68 20.68 20.68 20.68 20.68 20.68 20.68 20.68 20.68 19.55 21.00 16.74 17.15 16.52 15.58 14.85 14.21 12.43 12.10 11.75 12.13 11.58 12.84 12.39 12.31 12.58 14.04 14.63 13.77 13.80 13.70 12.23 11.09 11.07 10.65 10.59 12.10 12.33 11.73 12.64 11.65 11.54 12.21 13.78 13.34 14.17 14.44 14.19 13.81 14.74 15.13 14.28 13.24 14.58 15.56 14.58 14.15 16.08 15.48 12.74 12.25 12.28 13.42 14.74 13.22 14.64 16.26 15.80 16.23
99999.90 99999.90 99999.90 99999.90 99999.90 22.37 20.68 20.68 20.68 20.68 20.68 20.68 20.68 20.68 20.68 20.68 20.68 20.68 21.00 18.41 17.31 17.52 16.54 16.66 14.79 14.16 12.97 12.30 10.97 10.82 11.27 11.46 12.95 12.48 12.13 12.43 13.18 12.35 11.53 11.50 12.08 11.69 10.70 11.71 11.28 12.11 13.09 12.85 11.32 11.41 12.91 12.46 12.26 12.59 12.96 12.89 12.62 14.28 14.06 15.18 14.31 14.32 14.31 14.71 13.41 13.71 13.19 11.39 12.90 12.60 11.87 12.09 12.23 12.89 15.69 15.23 16.11
99999.90 99999.90 99999.90 99999.90 99999.90 22.37 20.68 20.68 20.68 20.68 20.68 20.68 20.68 20.68 20.68 20.68 20.68 20.68 18.41 18.41 18.45 17.56 18.02 16.06 15.33 13.15 12.38 12.10 12.18 11.55 11.73 11.63 12.78 12.36 12.73 13.13 12.28 11.79 11.81 9.89 11.05 12.51 11.96 11.69 12.03 12.55 12.70 12.40 11.92 12.48 13.33 12.81 12.35 12.64 12.74 12.74 12.19 12.35 13.12 12.73 13.94 13.28 14.15 14.39 15.09 14.42 11.96 12.97 12.77 12.61 12.48 11.06 11.07 12.18 13.57 15.73 15.87
99999.90 99999.90 99999.90 99999.90 99999.90 22.37 20.68 20.68 20.68 20.68 20.68 20.68 20.68 20.68 20.68 20.68 20.68 18.41 18.41 18.45 18.45 20.21 19.30 17.64 16.39 14.28 12.83 13.11 12.83 10.60 10.11 11.10 9.61 10.17 11.86 12.96 13.43 12.34 11.60 10.74 11.59 11.97 12.37 12.72 12.48 12.89 12.58 12.27 11.94 12.08 11.40 12.05 12.38 12.21 13.37 12.68 12.49 12.10 13.01 13.36 12.64 13.11 12.98 13.36 12.64 12.43 11.65 13.05 12.96 11.99 11.60 12.33 11.32 12.24 13.42 14.04 14.41
99999.90 99999.90 99999.90 99999.90 99999.90 22.37 20.68 20.68 20.68 20.68 20.68 20.68 20.68 20.68 20.68 20.68 20.68 18.41 18.45 17.70 17.70 17.70 16.95 17.08 16.67 15.43 15.14 13.59 12.66 11.96 12.07 11.23 11.47 11.27 9.97 11.53 12.08 11.89 11.46 12.08 12.12 12.02 11.79 13.90 13.54 13.66 13.07 13.62 12.52 11.56 11.62 11.05 12.67 12.11 12.20 12.58 12.16 11.94 11.77 12.11 12.19 12.09 12.38 13.58 13.31 11.35 12.47 13.95 11.69 11.41 12.27 12.91 13.12 13.42 12.99 13.87 13.13
99999.90 99999.90 99999.90 99999.90 99999.90 22.37 20.68 20.68 20.68 20.68 20.68 20.68 20.68 20.68 20.68 20.68 20.68 17.70 17.70 17.70 17.70 17.70 17.83 18.09 19.55 17.41 16.20 16.69 15.45 13.34 12.65 12.25 13.26 13.33 12.66 11.75 11.94 11.80 10.78 12.32 12.49 11.87 12.56 13.54 13.02 12.54 13.09 13.41 13.01 11.98 12.95 11.86 12.15 11.69 11.58 12.59 12.93 12.50 12.60 11.76 11.86 11.78 12.49 13.27 13.51 12.20 12.47 12.50 11.55 11.30 12.36 12.69 12.74 13.22 13.72 13.15 13.18
99999.90 99999.90 99999.90 99999.90 99999.90 22.37 20.68 20.68 20.68 20.68 20.68 20.68 20.68 20.68 20.68 20.68 17.70 17.70 17.70 17.70 17.70 17.83 17.83 16.86 16.81 16.63 14.24 14.43 15.35 12.68 13.23 12.48 12.78 13.69 12.62 11.64 12.10 11.00 10.68 10.68 12.14 12.54 13.10 13.31 12.05 11.96 12.68 11.98 13.14 11.92 12.30 12.43 12.40 11.71 11.59 12.26 12.94 12.54 11.81 11.22 11.68 12.98 13.83 13.76 13.81 12.99 12.34 11.57 11.57 12.41 12.96 13.58 12.76 13.08 13.55 13.67 13.85
99999.90 99999.90 99999.90 99999.90 99999.90 99999.90 20.68 20.68 20.68 20.68 20.68 20.68 20.68 20.68 20.68 17.70 17.70 17.70 17.70 17.70 17.83 17.83 16.86 16.86 16.61 16.58 16.94 16.33 16.54 13.39 12.08 12.77 11.35 11.99 12.61 10.96 11.46 10.92 11.08 10.42 11.01 11.22 11.98 12.22 13.29 12.32 11.76 11.31 12.20 12.31 11.74 11.50 12.00 12.13 11.82 11.76 12.19 12.76 12.02 12.07 13.43 14.28 14.55 13.59 12.73 12.59 12.39 11.44 11.09 11.53 12.43 12.40 12.49 11.88 12.33 13.11 13.28
99999.90 99999.90 99999.90 99999.90 99999.90 99999.90 20.68 20.68 20.68 20.68 20.68 20.68 20.68 20.68 17.70 17.70 17.70 17.70 17.70 17.83 17.83 16.86 16.86 16.61 16.61 17.02 17.18 17.63 17.16 15.44 12.19 13.32 12.66 12.47 11.91 12.13 12.45 11.73 11.71 12.56 12.96 12.71 12.54 12.47 11.90 12.16 11.82 10.55 11.54 11.10 11.14 11.41 12.75 13.29 11.84 11.70 11.46 12.23 12.89 12.15 13.00 14.58 13.69 12.61 12.47 12.61 11.77 12.29 12.17 12.60 12.39 12.56 12.99 12.66 12.57 13.00 12.43
99999.90 99999.90 99999.90 99999.90 99999.90 99999.90 20.68 20.68 20.68 20.68 20.68 20.68 20.68 17.70 17.70 17.70 17.70 17.70 17.83 17.83 16.86 16.86 16.61 16.61 17.02 17.02 17.91 18.74 18.00 17.53 14.21 12.52 12.70 11.63 11.00 10.81 11.27 11.15 10.62 11.37 12.74 12.62 12.16 12.29 12.51 11.88 11.05 10.38 11.92 11.36 10.56 11.49 13.49 13.68 13.55 12.10 11.50 12.08 12.81 13.00 12.73 13.02 12.45 13.72 13.16 11.11 10.68 11.03 11.13 11.71 10.50 12.11 11.43 12.25 12.29 11.35 11.80
99999.90 99999.90 99999.90 99999.90 99999.90 99999.90 20.68 20.68 20.68 20.68 20.68 20.68 20.68 17.70 17.70 17.70 17.70 17.83 17.83 16.86 16.86 16.61 16.61 17.02 17.43 17.43 17.43 18.03 19.11 17.68 14.66 11.48 12.24 10.84 11.07 10.57 11.25 10.56 10.29 11.58 11.65 12.01 12.36 11.44 11.92 9.91 9.71 11.94 12.97 10.56 10.41 10.58 12.50 13.10 12.92 11.53 11.46 12.16 12.83 12.26 11.61 10.54 11.78 12.85 13.72 11.82 11.90 11.83 10.79 10.30 10.43 11.84 11.23 10.99 12.81 12.69 12.28
99999.90 99999.90 99999.90 99999.90 99999.90 99999.90 99999.90 99999.90 99999.90 18.41 18.41 17.70 17.70 17.70 17.70 17.70 17.83 17.83 16.86 16.86 16.61 16.61 17.43 17.43 17.43 17.43 17.43 18.88 19.90 17.79 16.54 12.54 11.58 11.22 11.33 10.77 10.75 10.58 9.81 9.83 9.22 10.10 11.35 10.71 10.37 9.20 9.73 10.72 11.61 10.54 10.39 10.91 12.36 12.50 11.58 9.31 10.11 11.57 13.49 13.11 11.32 9.30 9.54 11.55 12.47 10.85 11.12 11.67 10.52 10.86 12.84 13.23 11.86 11.18 12.76 12.29 12.91
99999.90 99999.90 99999.90 99999.90 99999.90 99999.90 99999.90 99999.90 99999.90 99999.90 18.45 17.70 17.70 17.70 17.70 17.83 17.83 16.86 16.86 16.61 17.43 17.43 17.43 17.43 17.43 17.43 18.88 18.88 18.96 16.64 16.78 14.43 12.04 11.64 12.39 11.69 11.22 10.86 10.45 8.71 8.68 9.84 10.28 10.99 10.60 10.17 10.16 9.27 10.52 10.30 10.26 9.76 9.68 9.90 11.59 11.14 10.88 10.66 12.06 12.83 11.65 10.04 10.23 10.89 11.85 10.93 11.68 11.92 11.13 11.08 11.93 10.98 10.79 11.45 13.65 12.42 11.58
99999.90 99999.90 99999.90 99999.90 99999.90 99999.90 99999.90 99999.90 99999.90 99999.90 99999.90 17.70 17.70 17.70 17.83 17.83 16.86 16.86 16.61 17.43 17.43 17.43 17.43 17.43 17.43 18.88 15.74 15.74 15.74 16.47 15.85 15.20 13.90 13.15 12.15 11.88 10.52 11.34 10.82 9.82 8.94 9.59 9.26 9.54 9.55 10.09 10.27 10.42 11.37 11.34 11.12 10.13 8.49 9.87 10.72 12.87 10.59 9.30 11.17 13.49 12.78 9.52 9.53 9.85 11.28 12.14 12.93 13.52 12.10 11.34 10.65 11.07 11.96 12.85 12.87 11.99 11.01
99999.90 99999.90 99999.90 99999.90 99999.90 99999.90 99999.90 99999.90 99999.90 99999.90 99999.90 17.70 17.70 17.83 17.83 16.86 16.86 17.43 17.43 17.43 17.43 17.43 17.43 17.43 15.74 15.74 15.74 15.74 15.74 16.47 17.26 16.85 16.65 15.59 13.14 11.57 10.70 10.81 10.31 9.08 8.52 9.66 9.44 9.12 9.04 9.69 9.74 10.78 11.04 10.47 10.19 12.11 9.79 11.31 12.45 13.12 12.30 9.41 9.93 13.38 13.96 11.61 11.23 11.36 12.51 12.84 12.28 13.05 11.68 12.19 12.30 11.24 11.24 11.68 12.92 12.42 11.48
99999.90 99999.90 99999.90 99999.90 99999.90 99999.90 99999.90 99999.90 99999.90 99999.90 99999.90 99999.90 17.83 17.83 16.86 16.86 17.43 17.43 17.43 17.43 17.43 17.43 15.74 15.74 15.74 15.74 15.74 15.74 15.74 17.26 17.26 16.85 17.95 16.45 14.92 14.73 13.17 10.45 11.15 10.40 10.23 10.75 11.39 11.09 9.81 10.71 10.94 10.36 9.40 9.60 10.25 10.61 11.06 11.30 13.88 15.90 12.45 10.44 10.27 10.80 12.33 12.55 13.14 13.57 12.05 12.77 11.77 12.13 11.51 12.19 12.51 12.24 12.36 12.34 12.39 11.59 11.12
99999.90 99999.90 99999.90 99999.90 99999.90 99999.90 99999.90 99999.90 99999.90 99999.90 99999.90 99999.90 99999.90 16.86 16.86 16.61 17.43 17.43 17.43 17.43 17.43 15.74 15.74 15.74 15.74 15.74 15.74 15.74 17.26 17.26 17.26 17.95 17.95 16.45 16.67 17.29 16.05 10.45 16.30 15.52 15.45 15.68 14.73 14.49 12.70 11.58 12.51 12.07 9.93 11.68 12.91 11.98 11.65 11.44 11.95 13.63 13.81 13.71 11.42 10.88 12.47 14.18 13.90 14.31 12.74 12.72 11.87 11.80 12.75 12.70 12.85 12.38 13.38 14.03 12.99 12.61 12.20
99999.90 99999.90 99999.90 99999.90 99999.90 99999.90 99999.90 99999.90 99999.90 99999.90 99999.90 99999.90 99999.90 99999.90 16.61 16.61 17.43 17.43 17.43 15.74 15.74 15.74 15.74 15.74 15.74 15.74 15.74 15.74 17.26 17.26 17.95 17.95 17.95 16.67 16.67 17.29 16.05 16.05 16.30 15.52 15.45 15.68 17.10 16.44 15.59 15.98 12.43 13.54 12.40 13.50 14.07 14.29 13.58 12.76 10.93 12.84 12.37 12.75 13.22 12.91 13.00 12.24 12.69 12.50 12.22 12.75 12.81 11.54 11.91 12.24 11.23 12.61 12.79 13.73 13.49 10.88 10.67
99999.90 99999.90 99999.90 99999.90 99999.90 99999.90 99999.90 99999.90 99999.90 99999.90 99999.90 99999.90 99999.90 99999.90 99999.90 17.02 17.43 17.43 15.74 15.74 15.74 15.74 15.74 15.74 15.74 15.74 15.74 17.26 17.26 17.26 17.95 17.95 16.67 16.67 16.67 17.29 16.05 16.05 16.30 15.52 15.45 17.10 17.10 16.44 17.58 17.35 15.15 13.98 13.86 14.10 15.33 14.94 14.75 12.45 13.39 12.77 11.81 11.66 12.75 14.08 13.52 13.03 11.56 12.70 13.69 13.96 13.19 12.67 12.85 12.44 12.07 11.91 12.38 12.64 13.33 10.74 9.45
99999.90 99999.90 99999.90 99999.90 99999.90 99999.90 99999.90 99999.90 99999.90 99999.90 99999.90 99999.90 99999.90 99999.90 99999.90 99999.90 17.43 17.43 15.74 15.74 15.74 15.74 15.74 15.74 15.74 15.74 15.74 17.26 17.26 17.95 17.95 17.95 16.67 16.67 16.67 17.29 16.05 16.05 16.30 15.52 17.10 17.10 17.10 17.58 17.58 17.35 17.14 15.88 15.78 15.16 14.31 15.02 16.27 14.88 13.95 12.94 11.53 10.66 12.18 14.49 13.01 11.68 11.91 12.24 13.52 14.02 12.77 12.57 13.73 14.58 13.44 10.79 11.38 13.26 13.75 11.80 10.79
99999.90 99999.90 99999.90 99999.90 99999.90 99999.90 99999.90 99999.90 99999.90 99999.90 99999.90 99999.90 99999.90 99999.90 99999.90 99999.90 17.43 17.43 15.74 15.74 15.74 15.74 15.74 15.74 15.74 15.74 17.26 17.26 17.26 17.95 17.95 16.67 16.67 16.67 16.67 17.29 16.05 16.05 16.30 15.52 17.10 17.10 17.58 17.58 17.58 17.14 17.14 17.24 18.23 18.56 16.16 14.23 14.80 16.18 15.88 14.40 12.51 13.12 14.31 14.55 14.43 14.67 15.01 13.81 13.71 13.17 12.95 11.30 12.90 13.66 14.04 12.48 11.37 12.13 14.96 14.57 12.87
99999.90 99999.90 99999.90 99999.90 99999.90 99999.90 99999.90 99999.90 99999.90 99999.90 99999.90 99999.90 99999.90 99999.90 99999.90 99999.90 99999.90 18.88 15.74 15.74 15.74 15.74 15.74 15.74 15.74 15.74 17.26 17.26 17.95 17.95 17.95 16.67 16.67 16.67 16.67 17.29 16.05 16.05 16.30 15.52 17.10 17.10 17.58 17.58 17.14 17.14 17.24 17.24 18.82 18.88 17.30 16.15 14.55 16.18 15.88 14.40 12.51 13.12 14.31 14.55 16.23 16.65 16.66 16.65 14.99 15.23 15.02 13.56 13.18 14.67 14.26 12.69 12.43 12.29 13.36 15.45 14.63
99999.90 99999.90 99999.90 99999.90 99999.90 99999.90 99999.90 99999.90 99999.90 99999.90 99999.90 99999.90 99999.90 99999.90 99999.90 99999.90 99999.90 99999.90 15.74 15.74 15.74 15.74 15.74 15.74 15.74 17.26 17.26 17.26 17.95 17.95 16.67 16.67 16.67 16.67 16.67 17.29 16.05 16.05 16.30 17.10 17.10 17.58 17.58 17.58 17.14 17.24 17.24 18.82 18.82 17.05 16.55 15.06 14.55 14.55 15.88 14.40 12.51 13.12 14.31 16.23 16.23 16.65 17.96 18.69 17.90 17.12 15.75 14.32 14.71 17.73 17.62 16.62 16.61 15.80 14.69 15.20 13.87
99999.90 99999.90 99999.90 99999.90 99999.90 99999.90 99999.90 99999.90 99999.90 99999.90 99999.90 99999.90 99999.90 99999.90 99999.90 99999.90 99999.90 99999.90 15.74 15.74 15.74 15.74 15.74 15.74 15.74 17.26 17.26 17.95 17.95 17.95 16.67 16.67 16.67 16.67 16.67 17.29 16.05 16.05 16.30 17.10 17.10 17.58 17.58 17.14 17.24 17.24 18.82 18.82 17.05 17.05 16.55 16.52 16.52 16.52 14.55 14.40 12.51 13.12 16.23 16.23 16.23 17.96 17.96 18.69 17.90 17.12 15.75 14.32 14.71 17.73 17.62 21.44 20.66 18.67 18.74 18.14 14.09
99999.90 99999.90 99999.90 99999.90 99999.90 99999.90 99999.90 99999.90 99999.90 99999.90 99999.90 99999.90 99999.90 99999.90 99999.90 99999.90 99999.90 99999.90 99999.90 99999.90 17.26 17.26 17.26 17.26 17.26 17.26 17.26 17.95 17.95 16.67 16.67 16.67 16.67 16.67 16.67 17.29 16.05 16.05 16.30 17.10 17.58 17.58 17.58 17.24 17.24 18.82 18.82 17.05 17.05 17.05 16.52 16.52 16.52 16.52 16.52 14.40 12.51 13.12 16.23 16.23 17.96 17.96 17.96 18.69 17.90 17.12 15.75 14.32 14.71 17.73 21.44 21.44 20.66 22.17 20.09 18.10 17.55
99999.90 99999.90 99999.90 99999.90 99999.90 99999.90 99999.90 99999.90 99999.90 99999.90 99999.90 99999.90 99999.90 99999.90 99999.90 99999.90 99999.90 99999.90 99999.90 99999.90 99999.90 99999.90 17.95 17.95 17.95 17.95 17.95 17.95 17.95 16.67 16.67 16.67 16.67 16.67 16.67 17.29 16.05 16.05 17.10 17.10 17.58 17.58 17.24 17.24 18.82 18.82 17.05 17.05 17.05 16.52 16.52 16.52 16.52 16.52 16.52 16.52 12.51 13.12 16.23 16.23 17.96 17.96 17.96 18.69 17.90 17.12 15.75 14.32 14.71 21.44 21.44 21.44 22.17 22.17 20.09 18.73 18.89
99999.90 99999.90 99999.90 99999.90 99999.90 99999.90 99999.90 99999.90 99999.90 99999.90 99999.90 99999.90 99999.90 99999.90 99999.90 99999.90 99999.90 99999.90 99999.90 99999.90 99999.90 99999.90 99999.90 99999.90 16.67 16.67 16.67 16.67 16.67 16.67 16.67 16.67 16.67 16.67 16.67 17.29 16.05 16.05 17.10 17.58 17.58 17.24 17.24 18.82 18.82 17.05 17.05 17.05 17.05 16.52 16.52 16.52 16.52 16.52 16.52 16.52 16.52 16.23 16.23 17.96 17.96 17.96 17.96 18.69 17.90 17.12 15.75 14.32 14.71 21.44 21.44 22.17 22.17 22.17 18.73 18.73 20.20
99999.90 99999.90 99999.90 99999.90 99999.90 99999.90 99999.90 99999.90 99999.90 99999.90 99999.90 99999.90 99999.90 99999.90 99999.90 99999.90 99999.90 99999.90 99999.90 99999.90 99999.90 99999.90 99999.90 99999.90 99999.90 99999.90 99999.90 99999.90 99999.90 99999.90 99999.90 99999.90 17.10 17.10 17.10 17.10 17.10 17.10 17.10 17.58 17.58 17.24 18.82 18.82 17.05 17.05 17.05 17.05 16.52 16.52 16.52 16.52 16.52 16.52 16.52 16.52 16.52 16.23 16.23 17.96 17.96 17.96 17.96 18.69 17.90 17.12 15.75 14.32 14.71 21.44 21.44 22.17 22.17 18.73 18.73 20.20 20.20
99999.90 99999.90 99999.90 99999.90 99999.90 99999.90 99999.90 99999.90 99999.90 99999.90 99999.90 99999.90 99999.90 99999.90 99999.90 99999.90 99999.90 99999.90 99999.90 99999.90 99999.90 99999.90 99999.90 99999.90 99999.90 99999.90 99999.90 99999.90 99999.90 99999.90 99999.90 99999.90 99999.90 99999.90 17.58 17.58 17.58 17.58 17.58 17.58 17.24 18.82 18.82 17.05 17.05 17.05 17.05 17.05 16.52 16.52 16.52 16.52 16.52 16.52 16.52 16.52 16.52 16.23 17.96 17.96 17.96 17.96 17.96 18.69 17.90 17.12 15.75 14.32 21.44 21.44 22.17 22.17 22.17 18.73 20.20 20.20 20.20
99999.90 99999.90 99999.90 99999.90 99999.90 99999.90 99999.90 99999.90 99999.90 99999.90 99999.90 99999.90 99999.90 99999.90 99999.90 99999.90 99999.90 99999.90 99999.90 99999.90 99999.90 99999.90 99999.90 99999.90 99999.90 99999.90 99999.90 99999.90 99999.90 99999.90 99999.90 99999.90 99999.90 99999.90 99999.90 99999.90 17.14 17.14 17.24 17.24 18.82 18.82 17.05 17.05 17.05 17.05 17.05 16.52 16.52 16.52 16.52 16.52 16.52 16.52 16.52 16.52 16.52 16.52 17.96 17.96 17.96 17.96 17.96 18.69 17.90 17.12 15.75 14.32 21.44 21.44 22.17 22.17 18.73 20.20 20.20 20.20 20.20
99999.90 99999.90 99999.90 99999.90 99999.90 99999.90 99999.90 99999.90 99999.90 99999.90 99999.90 99999.90 99999.90 99999.90 99999.90 99999.90 99999.90 99999.90 99999.90 99999.90 99999.90 99999.90 99999.90 99999.90 99999.90 99999.90 99999.90 99999.90 99999.90 99999.90 99999.90 99999.90 99999.90 99999.90 99999.90 99999.90 99999.90 17.24 17.24 18.82 18.82 17.05 17.05 17.05 17.05 17.05 17.05 16.52 16.52 16.52 16.52 16.52 16.52 16.52 16.52 16.52 16.52 16.52 17.96 17.96 17.96 17.96 17.96 18.69 17.90 17.12 15.75 14.32 21.44 22.17 22.17 22.17 20.20 20.20 20.20 20.20 20.20
99999.90 99999.90 99999.90 99999.90 99999.90 99999.90 99999.90 99999.90 99999.90 99999.90 99999.90 99999.90 99999.90 99999.90 99999.90 99999.90 99999.90 99999.90 99999.90 99999.90 99999.90 99999.90 99999.90 99999.90 99999.90 99999.90 99999.90 99999.90 99999.90 99999.90 99999.90 99999.90 99999.90 99999.90 99999.90 99999.90 99999.90 99999.90 18.82 18.82 17.05 17.05 17.05 17.05 17.05 17.05 16.52 16.52 16.52 16.52 16.52 16.52 16.52 16.52 16.52 16.52 16.52 16.52 17.96 17.96 17.96 17.96 17.96 18.69 17.90 17.12 15.75 21.44 21.44 22.17 22.17 20.20 20.20 20.20 20.20 20.20 20.20
99999.90 99999.90 99999.90 99999.90 99999.90 99999.90 99999.90 99999.90 99999.90 99999.90 99999.90 99999.90 99999.90 99999.90 99999.90 99999.90 99999.90 99999.90 99999.90 99999.90 99999.90 99999.90 99999.90 99999.90 99999.90 99999.90 99999.90 99999.90 99999.90 99999.90 99999.90 99999.90 99999.90 99999.90 99999.90 99999.90 99999.90 99999.90 99999.90 17.05 17.05 17.05 17.05 17.05 17.05 17.05 16.52 16.52 16.52 16.52 16.52 16.52 16.52 16.52 16.52 16.52 16.52 16.52 17.96 17.96 17.96 17.96 17.96 18.69 17.90 17.12 15.75 21.44 22.17 22.17 20.20 20.20 20.20 20.20 20.20 20.20 18.39
99999.90 99999.90 99999.90 99999.90 99999.90 99999.90 99999.90 99999.90 99999.90 99999.90 99999.90 99999.90 99999.90 99999.90 99999.90 99999.90 99999.90 99999.90 99999.90 99999.90 99999.90 99999.90 99999.90 99999.90 99999.90 99999.90 99999.90 99999.90 99999.90 99999.90 99999.90 99999.90 99999.90 99999.90 99999.90 99999.90 99999.90 99999.90 99999.90 99999.90 99999.90 16.52 16.52 16.52 16.52 16.52 16.52 16.52 16.52 16.52 16.52 16.52 16.52 16.52 16.52 16.52 16.52 16.52 16.52 16.52 16.52 16.52 21.44 21.44 21.44 21.44 21.44 21.44 22.17 22.17 20.20 20.20 20.20 20.20 20.20 20.20 18.39
