main/data/irradiance/05.05.2023.grid
ncols 839
nrows 679
xllcenter 112.0500
yllcenter -43.9500
cellsize 0.0500
nodata_value 99999.90
[rows 272 to 305 of 679, columns 77 to 153 of 839]
15.35 14.91 14.50 14.63 14.36 14.65 15.01 13.53 12.67 11.19 12.13 12.28 11.69 12.25 12.04 11.88 12.36 12.40 11.64 11.72 11.64 11.34 11.42 12.35 12.65 11.71 11.57 11.14 10.52 11.47 12.32 12.50 12.07 11.46 12.17 12.00 11.77 11.70 12.23 12.45 12.12 11.02 11.04 11.89 12.60 12.97 13.68 12.74 12.61 12.77 13.36 13.34 12.83 12.56 13.28 13.61 13.15 12.68 12.84 12.25 11.58 12.57 13.61 13.33 12.67 12.89 13.17 13.37 13.92 13.38 12.41 11.90 11.13 11.73 11.99 12.82 13.76
14.84 14.54 14.67 15.56 14.86 14.84 15.06 14.77 13.01 12.45 12.52 12.69 12.49 12.45 12.67 12.14 12.42 12.19 11.94 11.22 11.84 11.14 11.56 12.52 13.27 12.61 11.80 11.42 11.21 12.19 11.88 12.36 11.87 11.04 12.18 11.90 11.50 11.94 11.93 11.84 11.73 11.19 12.03 12.55 13.00 13.48 13.40 12.14 11.81 12.11 13.49 13.41 13.37 13.81 14.19 13.43 12.67 13.21 12.63 13.12 13.74 13.06 12.89 12.98 12.33 12.30 13.45 14.31 13.91 13.13 12.93 12.05 12.52 13.32 13.51 13.65 14.20
13.93 13.49 14.27 15.67 15.39 15.47 15.29 14.67 14.09 13.06 13.73 13.22 12.81 13.04 13.28 13.14 13.06 12.67 12.09 12.47 12.09 11.97 11.95 12.33 13.52 12.13 11.70 11.59 12.24 11.79 12.24 12.52 11.83 11.75 12.15 12.09 11.37 12.18 12.26 12.94 12.20 11.26 11.94 12.07 12.31 12.98 12.51 12.29 12.53 12.16 12.66 12.16 13.12 14.05 13.97 12.37 13.00 13.41 13.50 13.84 13.73 13.35 13.49 13.92 12.67 12.38 13.43 13.40 12.61 13.21 12.89 12.82 13.26 12.94 14.00 13.59 13.34
14.17 13.94 14.17 14.83 14.94 16.23 16.39 15.69 14.79 14.35 14.49 13.32 13.23 13.37 13.92 13.99 14.02 13.82 13.47 13.52 12.93 13.02 12.19 12.70 13.49 12.24 12.27 12.62 13.02 12.77 13.09 12.36 11.74 11.89 11.35 11.06 10.44 11.34 12.77 12.87 11.96 11.53 12.15 11.92 12.07 11.94 11.78 12.45 12.51 12.22 12.03 12.42 12.60 13.25 13.47 12.78 13.70 13.60 14.13 13.57 13.22 13.43 13.69 12.88 11.69 12.75 13.21 12.28 12.49 12.46 12.51 12.64 13.02 12.71 12.82 11.87 12.13
15.38 15.79 14.95 14.67 14.70 15.64 16.14 16.44 15.44 15.31 15.18 14.61 14.86 14.22 14.43 14.09 14.40 14.60 14.19 13.68 13.02 12.95 12.57 12.81 13.53 13.55 13.88 14.11 14.14 14.16 13.36 12.29 11.61 11.35 10.84 10.70 11.10 12.13 12.72 12.08 11.54 11.77 11.88 11.97 12.13 11.85 11.19 12.14 11.98 11.53 12.01 11.91 12.19 13.31 13.67 13.14 13.44 14.15 13.86 13.40 13.32 12.95 12.53 12.56 12.76 13.68 12.54 12.07 12.35 12.03 12.17 12.42 11.90 10.84 11.59 12.03 13.50
15.43 15.25 15.39 15.18 14.30 15.96 16.88 15.31 15.45 15.12 15.47 15.35 14.97 14.47 15.00 13.96 14.15 14.22 13.74 13.52 13.47 13.32 13.15 12.80 13.76 14.29 14.54 14.20 14.27 14.28 12.69 12.34 12.00 11.45 11.14 11.01 12.25 12.80 11.95 11.48 11.28 11.89 12.66 12.46 12.44 11.75 11.46 11.87 11.52 11.81 12.17 12.66 12.60 13.01 12.47 13.54 13.77 13.50 13.01 12.91 11.80 11.53 12.33 13.40 13.55 12.38 12.05 12.04 11.55 11.73 11.79 11.36 11.08 11.51 12.75 13.56 14.13
14.69 15.03 15.76 15.83 14.83 16.39 16.62 15.60 15.62 15.38 15.81 15.63 15.00 14.78 14.32 14.75 14.92 14.67 14.60 14.66 14.22 14.18 13.55 13.33 13.42 14.87 14.34 13.63 14.30 14.25 12.98 12.62 11.83 11.87 11.34 10.71 12.70 12.55 11.52 10.97 11.65 11.99 12.71 12.36 12.50 11.63 12.01 11.75 11.27 12.18 12.72 13.12 12.95 13.17 12.95 13.32 13.05 12.98 12.27 11.85 11.39 11.38 11.86 12.69 12.68 11.81 11.90 11.82 11.59 11.25 10.96 12.25 12.97 13.14 12.77 13.93 13.72
15.36 15.54 16.27 16.27 16.00 16.20 16.17 16.20 15.29 15.49 15.27 15.21 15.82 15.67 14.92 14.82 15.31 15.36 15.08 14.84 14.83 14.69 14.91 14.38 13.72 14.86 14.53 13.42 13.77 13.94 13.20 12.47 12.27 12.20 12.19 12.75 13.00 12.69 11.43 11.52 11.90 12.22 12.37 12.42 12.50 12.02 12.42 12.18 12.33 12.77 13.07 12.73 12.16 12.51 13.09 13.03 12.53 12.36 11.73 11.51 11.45 11.50 12.34 12.64 12.21 12.08 12.25 12.55 12.24 12.54 12.22 13.45 13.99 13.29 13.04 13.16 13.94
14.94 14.47 15.58 15.97 16.68 16.87 16.25 15.57 14.97 15.44 15.18 15.44 16.17 15.68 14.71 14.49 14.69 14.63 15.07 15.13 15.11 15.32 15.06 14.01 14.47 14.97 14.73 14.04 14.14 14.28 13.64 13.73 12.48 12.61 13.51 12.85 12.20 12.02 11.05 12.01 12.34 12.09 11.96 12.40 12.83 12.29 12.20 11.85 11.87 12.58 13.17 12.68 12.66 12.84 13.04 12.68 12.21 12.15 11.58 11.67 11.56 11.75 12.31 12.61 12.08 12.71 12.79 12.63 13.60 13.33 13.11 12.99 12.55 12.47 12.87 13.16 13.49
15.33 15.26 15.91 15.29 16.14 16.94 16.31 15.71 15.49 16.27 16.31 16.13 17.01 16.14 15.17 14.39 14.66 14.49 14.68 14.48 14.49 14.74 15.07 15.46 15.05 14.63 14.58 14.24 14.73 15.10 14.55 14.06 13.09 13.23 13.98 12.95 12.50 12.96 11.86 13.23 12.70 11.64 11.73 12.40 13.07 12.27 11.98 11.50 11.70 11.94 12.27 12.68 12.71 13.19 12.58 12.58 13.12 12.54 12.35 11.87 12.20 12.16 12.22 12.09 12.42 12.64 12.71 13.32 13.94 12.93 12.28 12.13 12.14 12.75 13.16 12.38 12.55
15.61 15.83 15.32 15.44 15.40 16.85 16.65 16.16 16.53 15.94 16.44 16.26 16.73 15.73 15.43 15.35 14.78 14.99 15.33 14.40 15.16 15.27 15.17 15.28 14.96 14.94 14.49 14.06 14.61 14.32 14.86 15.37 14.11 14.12 13.89 13.86 13.43 13.32 12.71 12.83 12.59 12.42 12.26 12.66 12.60 12.37 12.39 12.29 11.60 11.57 12.04 12.85 13.12 12.74 12.71 12.65 12.94 12.06 12.05 11.70 11.62 11.97 12.10 12.41 12.57 12.46 12.96 13.49 12.85 12.27 11.42 11.32 11.50 12.17 12.26 12.23 11.96
15.86 15.30 14.51 14.94 15.65 16.46 16.32 16.41 17.00 16.65 16.35 16.57 16.71 16.24 15.68 15.59 15.48 14.82 15.69 15.40 15.58 15.51 14.90 14.71 15.04 14.74 14.48 14.43 14.46 14.54 15.55 15.41 15.11 14.75 14.50 13.91 14.17 13.60 13.25 13.27 13.26 14.26 13.17 12.59 12.50 12.90 12.41 12.72 12.58 12.32 12.32 12.79 12.89 12.47 12.43 12.63 12.67 11.96 11.73 12.24 12.05 11.71 11.67 12.23 12.64 12.82 13.17 13.43 12.16 11.87 11.73 11.44 11.14 11.10 12.38 12.55 12.25
15.75 15.26 14.87 15.24 15.89 15.98 16.02 16.46 16.61 17.24 16.51 16.43 16.37 16.64 15.89 15.47 15.92 15.74 15.15 15.31 15.12 15.73 15.35 14.87 14.61 14.42 14.92 15.38 15.14 15.12 15.25 15.76 15.35 14.56 14.59 14.51 14.83 14.54 14.04 13.41 14.04 14.24 13.37 12.62 12.74 12.73 13.35 12.65 13.29 13.80 13.09 13.13 13.02 12.51 13.17 13.19 12.32 11.69 11.48 12.74 12.72 11.69 11.85 12.59 13.16 12.61 12.44 12.42 12.09 12.02 11.51 11.58 11.66 11.49 12.22 12.26 12.48
15.75 15.79 15.74 15.87 15.49 15.77 16.12 16.44 16.58 17.21 16.75 16.81 16.47 16.18 16.17 16.01 16.41 15.93 15.83 15.68 15.21 15.47 14.94 14.65 15.02 14.78 14.87 15.33 15.40 15.62 15.26 15.31 14.95 14.85 15.10 15.30 15.70 14.89 14.40 14.32 14.15 13.37 13.34 13.39 13.44 13.22 13.35 13.41 13.89 13.76 14.26 14.19 13.30 13.25 13.45 12.64 12.22 12.24 12.55 12.83 13.18 12.14 12.01 12.67 13.12 12.33 12.53 12.84 12.94 12.74 12.05 11.61 11.72 11.32 11.49 11.84 12.34
15.05 15.56 15.47 15.92 14.84 15.34 16.23 16.64 16.53 16.61 16.34 16.63 16.52 16.40 15.95 16.23 15.99 16.01 15.86 15.29 15.22 14.59 14.51 15.09 15.02 15.04 14.89 15.09 15.72 16.17 15.69 15.36 15.27 15.67 15.43 14.97 15.37 16.02 15.73 15.30 14.67 13.80 13.25 13.61 13.91 13.47 13.71 13.84 14.14 13.95 14.26 14.25 13.41 13.68 13.44 12.88 12.62 12.72 13.08 12.67 12.69 12.70 12.61 12.82 12.65 11.61 12.15 12.93 12.69 12.45 12.03 12.16 11.81 11.05 11.42 12.14 12.72
15.39 15.75 16.34 15.72 14.60 15.02 15.54 16.36 16.56 16.61 15.63 16.42 16.30 16.17 16.11 16.12 16.28 16.76 16.72 15.85 14.84 14.31 14.44 15.32 15.48 15.32 15.61 15.66 16.12 15.76 15.88 15.10 15.51 15.92 15.55 15.24 15.42 16.21 16.29 16.17 14.99 14.58 14.27 13.70 14.58 14.50 14.39 14.14 13.99 14.00 13.97 14.61 13.31 13.64 14.21 13.07 13.07 13.09 14.14 13.54 13.46 13.18 14.22 13.46 12.76 12.44 13.04 13.07 12.07 11.44 12.01 11.94 11.60 11.54 12.05 12.39 12.46
15.61 15.67 15.71 16.00 15.43 14.76 14.67 16.08 16.13 16.05 15.61 16.25 16.00 15.97 16.04 15.73 16.03 16.41 16.91 15.96 15.26 14.90 15.35 15.46 15.79 15.55 15.58 15.92 16.18 15.49 15.11 15.65 15.98 15.77 15.53 15.18 15.70 16.34 16.81 16.75 15.66 14.95 14.99 14.65 14.59 14.71 14.61 14.29 14.12 13.33 13.75 14.24 14.13 14.17 13.98 13.14 13.87 13.62 13.94 13.92 13.81 14.73 13.45 13.29 13.10 13.43 13.41 12.95 12.21 12.01 12.19 12.53 12.58 12.38 12.56 12.32 12.35
16.42 16.24 15.87 15.66 15.61 15.40 15.17 15.62 15.72 16.07 16.51 15.79 15.76 16.18 16.06 15.73 15.98 16.50 16.31 15.71 15.78 15.93 15.62 15.32 15.15 15.27 15.91 16.06 15.98 15.83 16.05 16.07 16.36 16.57 16.19 15.61 15.16 15.81 16.40 16.42 15.83 15.44 15.22 15.09 15.23 15.22 14.65 14.75 14.34 13.52 14.42 14.33 14.45 14.06 13.85 14.05 14.44 14.39 14.14 14.10 14.53 14.70 13.61 13.63 13.41 13.38 13.06 12.79 12.55 12.31 12.59 12.52 13.01 13.19 13.33 13.16 13.12
17.25 16.82 16.27 16.11 16.33 16.26 15.51 15.71 15.51 16.07 16.49 16.12 16.13 16.07 16.14 15.66 15.61 16.12 16.39 16.23 15.37 15.13 15.21 14.36 14.91 15.65 15.72 16.06 16.22 16.30 16.71 16.65 16.53 16.62 16.78 16.58 16.23 15.93 16.13 16.50 16.12 15.35 15.32 14.87 15.66 15.75 15.36 15.05 15.41 14.49 14.75 15.06 15.12 14.64 14.44 14.72 14.73 14.16 13.35 14.18 14.76 14.42 13.83 12.86 13.18 13.60 13.48 13.47 12.80 12.30 12.39 12.54 13.22 13.29 13.07 12.82 12.31
17.42 16.92 16.84 16.86 16.52 16.30 16.12 16.51 16.75 16.47 15.16 15.58 16.71 16.13 15.51 15.41 15.55 16.16 15.99 16.66 16.50 15.87 15.07 14.15 15.18 14.79 14.89 15.66 15.86 15.72 16.23 16.50 16.54 16.30 16.55 16.86 16.07 16.28 16.47 16.49 16.65 16.23 15.75 15.08 15.66 16.03 15.82 15.20 15.68 15.69 15.35 15.61 15.67 15.97 15.19 14.78 14.35 13.83 14.05 14.16 14.41 13.68 13.87 13.09 13.59 13.80 13.60 13.88 13.71 12.76 12.71 14.01 13.67 13.65 12.95 12.29 12.79
17.26 16.89 16.65 16.80 16.66 16.38 16.53 16.62 16.54 16.83 16.54 16.36 16.64 16.47 15.85 15.92 15.94 16.03 16.36 16.51 15.99 16.30 14.92 14.87 15.42 15.31 15.27 15.47 15.18 15.22 15.66 16.51 16.76 16.24 16.46 16.98 16.43 16.89 16.76 17.08 16.63 16.51 15.84 15.09 15.43 15.74 16.24 15.77 15.92 15.89 16.02 16.06 16.29 16.65 16.26 15.49 14.76 14.36 14.72 14.44 14.93 14.75 14.59 13.46 13.62 13.72 13.94 13.82 13.52 13.37 13.26 13.37 13.24 13.24 13.18 13.22 12.85
16.78 16.82 16.34 16.87 16.37 17.02 16.87 16.52 16.80 16.75 16.65 16.68 16.83 16.28 15.81 16.28 15.71 16.28 15.92 16.39 15.52 15.39 15.11 15.76 15.99 15.47 14.86 14.83 14.48 14.53 15.61 16.46 16.47 16.62 16.73 16.87 16.46 17.28 16.94 16.64 16.50 16.40 15.83 15.70 15.90 15.79 16.08 15.35 15.46 15.82 16.01 15.77 16.18 15.99 16.49 16.02 14.75 14.79 15.00 15.63 14.99 14.67 14.42 13.42 14.03 14.21 13.82 13.77 13.69 13.13 12.49 13.03 13.65 13.32 13.89 13.46 13.36
17.23 17.09 16.91 16.53 16.34 16.67 17.10 17.06 17.33 17.02 16.81 16.87 16.62 16.62 16.28 16.33 16.12 16.08 16.64 16.47 16.16 15.68 15.50 16.29 16.53 15.23 14.52 14.85 14.69 14.29 15.08 16.26 16.40 16.30 16.84 16.72 16.60 17.01 16.67 16.45 16.58 16.44 16.68 16.53 16.12 15.88 15.92 15.68 15.57 15.72 15.42 15.41 16.22 16.05 16.44 16.31 15.59 15.03 15.47 15.86 15.09 15.14 15.08 14.27 14.43 14.74 14.42 14.59 13.74 13.07 12.79 13.30 13.30 13.74 13.81 13.19 14.25
17.42 17.08 17.15 16.91 16.45 17.05 17.11 17.01 17.41 17.34 16.64 16.79 17.24 17.16 16.85 16.88 16.87 16.79 16.18 15.68 15.95 16.43 16.11 16.09 15.99 16.25 15.61 14.78 15.14 14.65 15.12 16.31 16.18 16.29 16.97 16.60 16.76 17.17 17.27 16.71 16.40 16.62 16.70 16.56 16.42 16.28 16.22 16.20 15.85 16.07 15.53 15.65 16.42 16.10 15.98 16.16 16.06 15.43 15.60 16.08 15.21 15.31 15.07 15.09 15.12 15.25 14.78 14.74 14.29 14.12 13.24 13.75 13.66 13.63 13.59 13.49 14.49
17.44 17.32 17.28 17.13 17.06 17.20 17.03 17.07 17.27 17.36 17.26 17.33 17.21 17.16 17.38 17.20 17.24 17.05 16.15 15.69 15.45 16.42 16.12 16.48 16.40 16.72 16.28 15.88 15.37 15.52 15.98 16.26 16.47 16.39 16.63 16.38 16.38 16.84 16.95 16.46 16.66 16.89 16.98 16.81 16.46 16.21 16.32 16.30 16.11 15.82 15.71 15.96 15.90 16.10 16.25 16.18 16.07 15.79 16.16 16.15 16.13 16.15 15.18 15.58 15.56 14.94 14.77 15.02 14.50 14.17 13.95 14.51 14.22 14.35 14.56 13.81 13.63
17.51 17.43 17.51 17.36 17.29 17.39 17.36 17.16 17.17 17.19 17.23 17.51 17.04 17.16 17.30 17.22 17.12 16.64 15.97 16.16 16.06 16.49 16.80 16.28 16.17 15.87 16.48 16.29 16.31 16.57 15.74 15.55 15.97 16.08 16.45 16.32 16.59 16.60 16.57 16.62 17.11 16.92 17.06 16.86 16.29 16.45 16.82 16.81 16.41 15.71 16.34 16.33 15.89 15.83 15.71 15.38 15.57 15.16 15.81 15.90 16.68 16.26 15.97 15.98 16.32 15.90 15.29 14.81 14.52 14.64 14.45 14.60 14.61 14.33 13.99 14.25 13.53
17.55 17.53 17.55 17.60 17.47 17.59 17.57 17.58 17.22 17.15 17.28 17.11 17.34 17.43 17.43 17.30 17.07 16.85 16.83 16.72 16.61 17.14 17.00 15.96 16.10 15.75 16.50 16.03 16.03 15.99 15.72 16.15 15.82 16.42 16.28 16.04 16.22 16.72 16.65 16.75 17.07 17.16 17.01 16.68 16.30 16.35 16.88 16.88 16.89 16.32 15.90 16.08 16.01 15.46 15.53 15.98 16.22 15.95 15.99 16.28 16.51 16.42 16.66 16.37 16.61 16.26 15.40 14.58 15.39 15.06 14.91 14.81 14.87 14.56 14.13 14.60 14.15
17.54 17.61 17.62 17.65 17.61 17.69 17.69 17.72 17.38 17.22 17.06 17.03 17.25 17.30 17.56 17.36 17.12 17.12 17.05 16.76 16.65 17.26 16.94 16.24 16.51 16.58 16.26 16.21 16.19 16.23 15.72 15.35 15.82 15.89 15.73 15.47 15.98 16.65 16.59 16.82 16.76 17.15 16.84 16.41 16.30 16.71 16.72 16.61 16.78 16.66 16.64 16.46 15.91 15.70 16.06 16.15 16.22 16.16 16.25 16.50 16.46 16.25 16.27 16.81 16.73 15.94 15.22 15.40 15.81 15.44 15.17 14.97 14.85 14.69 14.92 14.64 14.57
17.42 17.58 17.56 17.59 17.62 17.69 17.76 17.73 17.52 17.49 17.21 17.12 17.21 17.40 17.43 17.40 17.53 17.19 16.64 16.74 16.75 17.00 16.75 16.55 16.48 16.89 16.51 16.23 16.44 16.36 16.50 16.02 15.64 15.79 15.58 15.24 15.56 16.04 16.20 16.33 16.49 16.89 16.43 17.07 16.88 16.95 16.47 16.97 16.27 16.64 16.74 16.32 15.80 15.94 16.15 16.22 16.00 16.26 16.27 16.30 16.42 16.06 16.29 16.70 16.51 16.34 16.26 16.02 15.81 16.06 15.24 15.06 15.15 15.60 15.19 14.63 14.93
17.46 17.50 17.63 17.62 17.59 17.52 17.64 17.63 17.48 17.41 17.23 17.34 17.15 17.23 17.51 17.43 17.33 17.13 16.71 16.98 17.00 16.99 16.65 16.71 16.81 16.56 16.63 16.71 16.58 16.46 16.43 16.08 16.39 16.34 15.89 15.91 15.65 15.60 15.50 15.52 16.46 16.20 16.28 16.61 16.75 16.93 16.89 16.59 16.04 16.51 17.05 16.57 16.04 16.05 15.97 15.88 15.48 15.85 15.99 15.98 16.30 16.25 16.08 16.65 16.56 16.89 16.59 15.79 16.03 15.39 14.72 15.22 15.55 15.76 15.57 15.47 15.45
17.48 17.55 17.60 17.62 17.52 17.67 17.50 17.55 17.51 17.46 17.49 17.30 17.28 17.28 17.33 17.22 17.35 17.27 17.21 17.23 17.15 17.18 16.57 16.66 16.78 16.80 17.01 16.69 16.78 16.85 16.84 16.86 16.49 16.37 16.80 16.46 15.90 16.01 16.00 15.24 15.93 15.66 15.77 16.62 16.43 16.68 16.84 16.95 16.64 17.05 17.12 17.02 16.40 16.65 16.10 15.94 15.95 15.66 15.88 15.89 15.99 16.30 16.30 16.34 16.68 17.21 16.93 16.45 15.82 15.65 15.31 15.84 16.11 15.90 16.01 15.96 15.67
17.30 17.46 17.45 17.58 17.61 17.68 17.59 17.57 17.57 17.45 17.58 17.37 17.30 17.24 17.31 17.30 17.41 17.43 17.24 17.22 17.29 16.98 16.81 16.67 16.92 17.09 16.97 16.86 16.65 16.84 16.89 16.73 16.46 16.25 16.90 16.55 16.37 16.67 15.98 15.78 16.29 16.25 16.44 16.43 16.34 16.39 16.64 16.78 16.69 16.78 16.65 16.81 16.62 16.83 16.74 16.52 16.01 16.15 16.20 15.93 15.85 16.07 16.38 16.56 16.52 16.61 17.33 16.76 16.10 16.26 16.12 16.55 16.26 16.01 16.18 15.77 16.12
17.54 17.45 17.34 17.48 17.59 17.64 17.61 17.53 17.61 17.57 17.47 17.49 17.38 17.28 17.24 17.43 17.52 17.33 17.27 17.52 17.35 17.07 16.93 16.79 17.04 17.16 16.71 16.93 16.87 16.81 16.68 16.78 16.23 16.86 16.87 16.62 16.47 16.83 16.52 16.63 16.59 16.30 16.51 16.46 16.50 16.48 16.72 16.71 16.54 16.88 17.10 16.90 16.92 16.49 16.91 16.85 16.41 16.53 16.32 15.76 15.66 15.34 16.21 16.34 16.46 16.85 17.07 17.12 16.24 16.58 16.78 16.62 16.72 16.35 16.08 15.66 16.18
17.53 17.54 17.39 17.34 17.61 17.63 17.62 17.56 17.61 17.67 17.53 17.52 17.35 17.34 17.29 17.47 17.37 17.25 17.49 17.27 17.20 16.96 16.96 16.88 17.10 16.90 17.03 17.16 17.18 16.83 16.84 16.77 16.76 16.93 16.66 16.77 16.69 16.65 16.66 16.70 16.37 16.33 16.58 16.48 16.21 16.51 16.31 16.61 16.37 16.79 16.99 16.96 16.89 16.50 16.77 16.99 16.59 16.50 16.45 15.53 15.31 15.08 16.16 16.06 16.08 16.63 17.05 17.05 16.38 16.60 17.04 16.83 17.13 16.86 16.71 16.09 16.20
