main/data/irradiance/05.09.2023.grid
ncols 839
nrows 679
xllcenter 112.0500
yllcenter -43.9500
cellsize 0.0500
nodata_value 99999.90
[rows 34 to 67 of 679, columns 385 to 461 of 839]
24.25 24.02 24.02 24.24 24.24 24.20 24.20 24.20 24.48 24.48 24.46 24.58 24.58 24.58 24.58 24.58 24.58 24.58 24.58 24.58 24.83 24.83 24.83 24.83 24.83 24.83 24.36 24.43 24.65 24.85 24.55 24.47 24.48 24.55 24.60 24.59 24.64 24.64 24.63 24.63 24.62 24.62 24.61 24.61 24.55 24.55 24.63 24.62 24.62 24.66 24.66 24.66 24.66 24.66 24.70 24.70 24.70 24.70 24.69 24.69 24.69 24.69 24.55 24.55 24.84 24.84 24.84 24.84 24.84 24.73 24.73 24.73 24.73 24.73 24.73 24.76 24.76
24.25 24.25 24.02 24.02 24.24 24.24 24.20 24.20 24.20 24.48 24.58 24.58 24.58 24.58 24.58 24.58 24.58 24.58 24.58 24.83 24.83 24.83 24.83 24.83 24.83 24.83 24.48 24.48 24.66 24.65 24.61 24.69 24.61 24.57 24.62 24.67 24.63 24.63 24.62 24.58 24.62 24.62 24.61 24.61 24.55 24.55 24.63 24.62 24.62 24.70 24.78 24.78 24.78 24.74 24.70 24.70 24.70 24.70 24.69 24.69 24.69 24.69 24.55 24.55 24.84 24.84 24.84 24.84 24.84 24.73 24.73 24.73 24.73 24.73 24.76 24.76 24.76
24.30 24.25 24.25 24.02 24.02 24.24 24.24 24.20 24.20 24.48 24.44 24.58 24.58 24.58 24.58 24.58 24.58 24.58 24.58 24.83 24.83 24.83 24.83 24.83 24.83 24.48 24.48 24.48 24.74 24.66 24.72 24.67 24.64 24.62 24.66 24.69 24.64 24.71 24.61 24.66 24.67 24.60 24.62 24.61 24.58 24.60 24.63 24.64 24.63 24.77 24.86 24.86 24.74 24.75 24.70 24.70 24.70 24.69 24.69 24.69 24.69 24.55 24.55 24.55 24.84 24.84 24.84 24.84 24.84 24.73 24.73 24.73 24.73 24.73 24.76 24.76 24.76
24.30 24.30 24.25 24.25 24.02 24.02 24.24 24.48 24.48 24.48 24.44 24.38 24.39 24.66 24.39 24.39 24.39 24.39 24.39 24.73 24.83 24.83 24.83 24.70 24.70 24.70 24.70 25.02 25.02 24.86 24.71 24.63 24.63 24.65 24.68 24.68 24.75 24.74 24.72 24.64 24.67 24.62 24.65 24.70 24.63 24.60 24.60 24.65 24.65 24.67 24.68 24.74 24.74 24.75 24.70 24.70 24.70 24.69 24.69 24.69 24.55 24.55 24.55 24.68 24.71 24.84 24.84 24.84 24.84 24.73 24.73 24.73 24.73 24.76 24.76 24.76 24.76
24.07 24.07 24.07 24.07 24.07 24.07 24.07 24.48 24.48 24.48 24.44 24.38 24.39 24.66 24.66 24.39 24.39 24.39 24.39 24.73 24.73 24.73 24.73 24.70 24.70 24.70 24.70 24.70 24.66 24.63 24.71 24.69 24.68 24.65 24.68 24.68 24.72 24.67 24.68 24.66 24.66 24.64 24.66 24.64 24.63 24.58 24.57 24.63 24.67 24.70 24.69 24.74 24.79 24.75 24.69 24.75 24.68 24.69 24.69 24.69 24.55 24.55 24.55 24.68 24.71 24.69 24.84 24.84 24.84 24.73 24.73 24.73 24.76 24.76 24.76 24.76 24.76
24.07 24.07 24.07 24.07 24.07 24.07 24.07 24.48 24.48 24.48 24.44 24.38 24.39 24.66 24.66 24.39 24.39 24.39 24.39 24.73 24.73 24.73 24.73 24.73 24.54 24.54 24.54 24.54 24.64 24.60 24.63 24.65 24.66 24.60 24.68 24.69 24.67 24.66 24.68 24.71 24.70 24.67 24.63 24.66 24.60 24.56 24.51 24.63 24.57 24.68 24.70 24.67 24.61 24.69 24.68 24.72 24.73 24.71 24.71 24.60 24.55 24.55 24.42 24.68 24.71 24.75 24.69 24.84 24.84 24.73 24.73 24.73 24.76 24.76 24.76 24.76 24.76
24.07 24.07 24.07 24.07 24.07 24.07 24.48 24.48 24.48 24.48 24.44 24.38 24.39 24.66 24.66 24.39 24.39 24.39 24.39 24.73 24.83 24.73 24.73 24.73 24.73 24.60 24.60 24.60 24.60 24.69 24.49 24.40 24.61 24.63 24.72 24.65 24.63 24.63 24.64 24.67 24.71 24.66 24.62 24.60 24.56 24.58 24.57 24.54 24.55 24.64 24.65 24.65 24.65 24.68 24.64 24.66 24.68 24.62 24.62 24.60 24.55 24.55 24.42 24.68 24.71 24.75 24.69 24.69 24.70 24.66 24.66 24.78 24.76 24.76 24.76 24.76 24.76
24.07 24.07 24.07 24.07 24.07 24.78 24.48 24.48 24.48 24.48 24.44 24.38 24.39 24.66 24.66 24.68 24.39 24.39 24.39 24.73 24.83 24.80 24.73 24.73 24.73 24.75 24.59 24.60 24.60 24.62 24.63 24.60 24.60 24.59 24.62 24.62 24.61 24.63 24.58 24.63 24.67 24.67 24.66 24.67 24.69 24.65 24.58 24.44 24.57 24.63 24.65 24.66 24.59 24.61 24.64 24.62 24.61 24.62 24.48 24.59 24.59 24.51 24.42 24.68 24.71 24.75 24.87 24.65 24.77 24.69 24.78 24.78 24.76 24.76 24.76 24.67 24.67
24.07 24.07 24.07 24.07 24.78 24.08 24.05 24.48 24.48 24.48 24.44 24.38 24.39 24.66 24.66 24.68 24.39 24.39 24.39 24.73 24.83 24.45 24.80 24.73 24.73 24.75 24.59 24.63 24.60 24.63 24.60 24.48 24.54 24.55 24.56 24.58 24.58 24.60 24.58 24.65 24.64 24.56 24.59 24.66 24.65 24.63 24.58 24.58 24.59 24.55 24.71 24.63 24.56 24.57 24.60 24.59 24.66 24.68 24.68 24.54 24.53 24.48 24.43 24.38 24.46 24.55 24.77 24.52 24.51 24.67 25.03 24.99 24.76 24.67 24.67 24.67 24.63
24.49 24.49 24.49 24.78 24.78 24.08 24.05 24.48 24.48 24.48 24.44 24.38 24.39 24.66 24.66 24.68 24.68 24.39 24.39 24.73 24.83 24.45 24.80 24.80 24.58 24.53 24.46 24.46 24.58 24.62 24.55 24.35 24.59 24.56 24.56 24.60 24.58 24.59 24.62 24.77 24.66 24.56 24.57 24.53 24.51 24.52 24.51 24.46 24.57 24.63 24.62 24.51 24.62 24.56 24.48 24.61 24.84 24.66 24.83 24.73 24.55 24.46 24.40 24.44 24.55 24.62 24.62 24.57 24.44 24.53 24.96 25.04 24.99 24.67 24.67 24.63 24.50
24.64 24.64 24.78 24.78 24.26 24.08 24.05 24.31 24.48 24.48 24.44 24.38 24.39 24.66 24.66 24.68 24.68 24.39 24.39 24.73 24.83 24.45 24.45 24.96 24.56 24.50 24.49 24.50 24.45 24.50 24.48 24.51 24.62 24.41 24.55 24.56 24.51 24.54 24.52 24.61 24.61 24.54 24.55 24.49 24.52 24.48 24.53 24.47 24.53 24.65 24.66 24.58 24.59 24.52 24.48 24.48 24.55 24.50 24.54 24.67 24.55 24.42 24.46 24.44 24.50 24.50 24.54 24.60 24.52 24.55 24.49 24.65 24.61 24.51 24.63 24.63 24.50
24.82 24.80 24.78 24.78 24.26 24.08 24.05 24.31 24.48 24.48 24.44 24.38 24.39 24.66 24.66 24.68 24.68 24.59 24.46 24.82 24.56 24.40 24.40 24.96 24.57 24.35 24.45 24.45 24.49 24.51 24.48 24.54 24.60 24.57 24.44 24.54 24.49 24.47 24.60 24.63 24.61 24.54 24.53 24.52 24.51 24.49 24.42 24.58 24.65 24.55 24.57 24.59 24.58 24.59 24.51 24.45 24.50 24.45 24.49 24.60 24.61 24.47 24.40 24.38 24.38 24.41 24.43 24.46 24.46 24.52 24.52 24.53 24.51 24.49 24.67 24.81 24.50
24.56 24.45 24.54 24.35 24.26 24.08 24.05 24.31 24.59 24.47 24.21 24.35 24.30 24.30 24.55 24.67 24.60 24.62 24.63 24.76 24.51 24.38 24.38 24.64 24.48 24.40 24.47 24.45 24.40 24.49 24.47 24.51 24.52 24.51 24.61 24.64 24.60 24.67 24.64 24.57 24.58 24.55 24.59 24.57 24.49 24.47 24.51 24.62 24.60 24.53 24.53 24.61 24.62 24.61 24.53 24.42 24.49 24.55 24.49 24.48 24.46 24.45 24.39 24.34 24.37 24.42 24.44 24.44 24.43 24.42 24.45 24.45 24.48 24.50 24.81 24.69 24.51
24.40 24.45 24.46 24.35 24.35 24.27 24.24 24.31 24.49 24.31 24.27 24.28 24.28 24.29 24.37 24.42 24.50 24.38 24.50 24.52 24.48 24.50 24.69 24.54 24.39 24.27 24.38 24.38 24.35 24.47 24.49 24.48 24.52 24.52 24.61 24.70 24.66 24.64 24.59 24.51 24.52 24.53 24.56 24.53 24.54 24.58 24.58 24.54 24.60 24.56 24.59 24.61 24.65 24.57 24.49 24.49 24.46 24.49 24.47 24.48 24.40 24.40 24.39 24.40 24.26 24.33 24.37 24.36 24.44 24.39 24.42 24.41 24.43 24.45 24.60 24.57 24.44
24.41 24.36 24.34 24.32 24.38 24.20 24.27 24.15 24.31 24.16 24.22 24.40 24.30 24.31 24.43 24.48 24.41 24.24 24.38 24.42 24.46 24.43 24.64 24.57 24.39 24.28 24.30 24.30 24.32 24.44 24.48 24.53 24.53 24.50 24.55 24.59 24.52 24.45 24.43 24.47 24.48 24.50 24.45 24.46 24.50 24.56 24.57 24.50 24.52 24.54 24.55 24.56 24.56 24.53 24.57 24.56 24.53 24.43 24.43 24.44 24.36 24.35 24.44 24.39 24.37 24.31 24.28 24.30 24.36 24.32 24.34 24.36 24.40 24.38 24.43 24.50 24.45
24.25 24.29 24.14 24.28 24.33 24.35 24.30 24.36 24.18 24.20 24.35 24.30 24.36 24.33 24.49 24.54 24.42 24.39 24.40 24.38 24.49 24.41 24.50 24.49 24.34 24.50 24.47 24.22 24.28 24.37 24.43 24.45 24.51 24.54 24.53 24.52 24.50 24.52 24.46 24.59 24.54 24.43 24.42 24.49 24.54 24.51 24.51 24.49 24.58 24.53 24.47 24.53 24.52 24.52 24.61 24.59 24.55 24.40 24.38 24.38 24.32 24.32 24.45 24.37 24.34 24.33 24.30 24.37 24.40 24.39 24.32 24.30 24.39 24.58 24.58 24.51 24.52
24.17 24.20 24.35 24.27 24.29 24.38 24.29 24.39 24.21 24.14 24.17 24.25 24.39 24.37 24.39 24.36 24.22 24.27 24.38 24.48 24.35 24.42 24.50 24.55 24.40 24.41 24.44 24.33 24.27 24.35 24.39 24.50 24.48 24.48 24.49 24.47 24.55 24.60 24.56 24.50 24.51 24.52 24.56 24.49 24.50 24.41 24.50 24.54 24.56 24.52 24.48 24.48 24.54 24.53 24.53 24.54 24.48 24.42 24.37 24.32 24.33 24.37 24.41 24.37 24.41 24.33 24.35 24.42 24.41 24.37 24.33 24.34 24.46 24.60 24.60 24.50 24.51
24.15 24.15 24.39 24.34 24.21 24.31 24.17 24.18 24.15 24.29 24.22 24.28 24.33 24.33 24.40 24.25 24.30 24.32 24.37 24.33 24.30 24.28 24.32 24.50 24.56 24.46 24.33 24.45 24.29 24.31 24.31 24.38 24.58 24.46 24.49 24.50 24.53 24.47 24.30 24.30 24.51 24.60 24.59 24.58 24.54 24.46 24.52 24.51 24.46 24.46 24.48 24.48 24.53 24.53 24.48 24.52 24.47 24.55 24.49 24.44 24.47 24.37 24.34 24.30 24.33 24.36 24.41 24.42 24.40 24.38 24.39 24.45 24.50 24.55 24.58 24.58 24.43
24.21 24.14 24.21 24.05 24.12 24.08 24.23 24.21 24.33 24.23 24.35 24.36 24.39 24.36 24.44 24.27 24.27 24.23 24.29 24.30 24.29 24.25 24.23 24.33 24.42 24.28 24.36 24.34 24.28 24.29 24.31 24.34 24.40 24.42 24.38 24.54 24.57 24.52 24.42 24.37 24.46 24.47 24.51 24.49 24.46 24.44 24.44 24.46 24.41 24.48 24.51 24.52 24.48 24.52 24.53 24.48 24.45 24.55 24.45 24.50 24.50 24.35 24.36 24.33 24.35 24.38 24.37 24.36 24.38 24.39 24.36 24.39 24.37 24.49 24.59 24.51 24.50
24.34 24.22 24.03 23.84 24.05 24.06 24.12 24.25 24.18 24.20 24.31 24.39 24.42 24.28 24.24 24.19 24.20 24.13 24.24 24.26 24.22 24.21 24.19 24.18 24.29 24.20 24.21 24.32 24.28 24.30 24.39 24.36 24.36 24.37 24.34 24.42 24.49 24.51 24.47 24.48 24.44 24.43 24.40 24.34 24.37 24.39 24.44 24.43 24.43 24.49 24.51 24.51 24.39 24.48 24.53 24.52 24.49 24.53 24.41 24.49 24.42 24.36 24.34 24.30 24.34 24.35 24.37 24.34 24.40 24.39 24.36 24.27 24.18 24.34 24.44 24.35 24.39
24.18 24.18 24.07 24.07 24.14 24.18 24.20 24.21 24.06 24.21 24.20 24.27 24.23 24.39 24.31 24.15 24.16 24.17 24.23 24.23 24.15 24.18 24.19 24.14 24.20 24.23 24.26 24.39 24.38 24.33 24.38 24.40 24.39 24.43 24.36 24.46 24.48 24.42 24.50 24.49 24.47 24.45 24.47 24.42 24.43 24.38 24.34 24.36 24.45 24.44 24.45 24.42 24.30 24.40 24.40 24.42 24.44 24.46 24.47 24.40 24.36 24.32 24.35 24.30 24.31 24.32 24.36 24.38 24.56 24.38 24.50 24.23 24.34 24.31 24.31 24.37 24.34
24.06 23.96 23.94 24.14 24.06 24.12 24.09 24.11 24.06 24.17 24.17 24.15 24.16 24.17 24.15 24.16 24.15 24.18 24.23 24.16 24.14 24.12 24.17 24.13 24.23 24.28 24.35 24.31 24.29 24.30 24.33 24.37 24.46 24.36 24.46 24.46 24.44 24.43 24.44 24.49 24.47 24.46 24.43 24.44 24.43 24.36 24.40 24.39 24.41 24.41 24.44 24.32 24.28 24.26 24.37 24.46 24.36 24.41 24.45 24.41 24.36 24.33 24.41 24.33 24.37 24.29 24.28 24.33 24.35 24.41 24.52 24.32 24.30 24.30 24.39 24.38 24.37
24.06 24.04 23.98 24.09 24.06 24.06 24.14 24.03 24.06 24.16 24.22 24.26 24.23 24.17 24.13 24.21 24.14 24.15 24.25 24.16 24.13 24.09 24.10 24.11 24.17 24.15 24.24 24.25 24.25 24.24 24.29 24.36 24.38 24.38 24.47 24.41 24.33 24.38 24.45 24.46 24.46 24.45 24.46 24.43 24.45 24.49 24.45 24.41 24.46 24.43 24.49 24.31 24.27 24.37 24.32 24.39 24.31 24.30 24.24 24.38 24.32 24.25 24.28 24.28 24.30 24.30 24.30 24.31 24.37 24.44 24.36 24.36 24.33 24.31 24.36 24.36 24.37
24.03 24.03 24.12 24.16 24.11 24.05 24.08 24.06 24.08 24.23 24.27 24.37 24.23 24.22 24.13 24.12 24.17 24.13 24.17 24.17 24.11 24.09 24.13 24.17 24.17 24.23 24.15 24.18 24.15 24.22 24.30 24.31 24.31 24.39 24.46 24.41 24.32 24.38 24.45 24.43 24.41 24.36 24.43 24.45 24.43 24.55 24.42 24.40 24.40 24.44 24.40 24.43 24.30 24.31 24.27 24.30 24.28 24.26 24.23 24.21 24.21 24.27 24.39 24.29 24.29 24.28 24.27 24.26 24.33 24.33 24.35 24.36 24.35 24.33 24.33 24.36 24.41
24.03 23.99 24.04 24.08 24.01 24.20 24.03 24.26 24.30 24.15 24.21 24.34 24.23 24.30 24.21 24.18 24.11 24.09 24.19 24.11 24.05 24.07 24.12 24.16 24.14 24.21 24.16 24.16 24.13 24.18 24.27 24.30 24.37 24.40 24.33 24.39 24.41 24.40 24.34 24.35 24.45 24.44 24.48 24.51 24.48 24.39 24.46 24.39 24.39 24.39 24.41 24.33 24.27 24.25 24.28 24.25 24.20 24.25 24.18 24.18 24.21 24.26 24.33 24.20 24.21 24.22 24.21 24.23 24.25 24.36 24.35 24.34 24.32 24.27 24.25 24.27 24.29
24.05 24.01 23.99 24.06 24.03 24.10 24.14 24.13 24.25 24.08 24.12 24.23 24.20 24.21 24.19 24.14 24.10 24.06 24.15 24.08 24.09 24.15 24.11 24.11 24.14 24.17 24.17 24.08 24.08 24.13 24.20 24.21 24.37 24.42 24.39 24.43 24.40 24.38 24.40 24.45 24.42 24.46 24.51 24.49 24.45 24.40 24.40 24.35 24.37 24.35 24.27 24.25 24.20 24.24 24.22 24.18 24.20 24.21 24.22 24.18 24.17 24.18 24.25 24.19 24.22 24.22 24.20 24.23 24.32 24.32 24.33 24.28 24.28 24.20 24.27 24.26 24.27
23.99 23.99 23.97 23.97 23.98 24.00 23.99 24.01 23.91 23.93 24.07 24.19 24.26 24.17 24.18 24.09 24.11 24.13 24.19 24.20 24.18 24.18 24.13 24.13 24.03 24.06 24.08 24.16 24.10 24.11 24.16 24.25 24.34 24.32 24.38 24.45 24.39 24.37 24.41 24.43 24.42 24.35 24.36 24.37 24.39 24.42 24.39 24.31 24.34 24.28 24.22 24.18 24.14 24.15 24.18 24.16 24.20 24.19 24.14 24.14 24.16 24.15 24.23 24.23 24.21 24.15 24.19 24.26 24.35 24.31 24.29 24.29 24.25 24.29 24.26 24.25 24.20
23.98 23.93 23.97 23.97 23.92 23.95 23.88 23.92 23.96 24.02 24.07 24.12 24.23 24.22 24.18 24.13 24.10 24.06 24.12 24.15 24.04 24.04 24.10 24.13 24.03 23.99 24.06 24.12 24.14 24.13 24.14 24.30 24.32 24.28 24.34 24.36 24.34 24.36 24.37 24.40 24.45 24.35 24.30 24.33 24.40 24.36 24.34 24.35 24.30 24.31 24.25 24.13 24.18 24.20 24.15 24.15 24.16 24.18 24.11 24.13 24.21 24.18 24.25 24.25 24.23 24.26 24.27 24.30 24.34 24.23 24.26 24.24 24.22 24.25 24.22 24.23 24.28
23.90 23.91 23.94 23.92 23.94 23.94 23.87 23.91 23.95 24.00 24.13 24.11 24.14 24.10 24.15 24.20 24.17 24.06 24.08 24.08 24.05 24.03 24.09 24.14 24.05 23.99 24.09 24.19 24.16 24.14 24.14 24.38 24.33 24.36 24.40 24.43 24.46 24.48 24.38 24.43 24.43 24.37 24.29 24.34 24.33 24.39 24.42 24.31 24.27 24.16 24.15 24.10 24.10 24.07 24.16 24.15 24.08 24.14 24.08 24.16 24.24 24.28 24.21 24.12 24.15 24.27 24.27 24.26 24.24 24.23 24.23 24.26 24.18 24.22 24.20 24.21 24.22
23.97 23.92 23.90 23.87 23.91 23.91 23.96 23.91 23.95 24.08 24.16 24.26 24.14 24.11 24.14 24.13 24.10 24.07 24.16 24.06 24.03 24.05 24.08 24.13 24.08 24.08 24.13 24.13 24.17 24.17 24.20 24.37 24.38 24.40 24.40 24.31 24.31 24.31 24.40 24.42 24.40 24.39 24.40 24.36 24.31 24.34 24.34 24.33 24.18 24.14 24.08 24.08 24.05 24.00 24.13 24.21 24.10 24.11 24.21 24.21 24.22 24.18 24.19 24.25 24.25 24.24 24.23 24.21 24.17 24.19 24.20 24.16 24.17 24.20 24.22 24.28 24.23
23.92 23.96 23.93 23.87 23.89 23.88 23.91 23.93 23.94 24.13 24.17 24.32 24.17 24.06 24.06 24.10 24.07 24.17 24.21 24.03 24.04 24.09 24.03 24.08 24.15 24.18 24.17 24.23 24.16 24.15 24.17 24.30 24.34 24.36 24.21 24.31 24.26 24.29 24.27 24.36 24.33 24.41 24.39 24.33 24.33 24.30 24.24 24.13 24.12 24.06 24.11 24.11 24.11 24.10 24.18 24.10 24.21 24.25 24.29 24.18 24.18 24.16 24.24 24.24 24.19 24.13 24.21 24.21 24.14 24.14 24.10 24.13 24.16 24.21 24.18 24.25 24.30
23.97 23.97 24.00 23.94 23.92 23.90 23.88 23.94 23.99 24.01 24.29 24.29 24.07 24.06 24.08 24.09 24.12 24.13 24.11 24.06 24.03 24.13 24.15 24.23 24.32 24.27 24.30 24.27 24.16 24.17 24.20 24.28 24.28 24.23 24.24 24.29 24.26 24.24 24.34 24.31 24.34 24.34 24.36 24.32 24.24 24.18 24.10 24.14 24.14 24.05 24.07 24.14 24.04 24.06 24.15 24.11 24.15 24.19 24.14 24.07 24.08 24.16 24.22 24.23 24.20 24.22 24.18 24.13 24.14 24.19 24.16 24.15 24.18 24.19 24.21 24.19 24.23
23.97 23.95 23.96 23.97 23.93 23.84 23.90 23.95 23.97 23.95 24.24 24.15 23.96 24.00 23.98 24.06 24.09 24.09 24.19 24.06 24.11 24.09 24.18 24.23 24.30 24.26 24.31 24.21 24.24 24.25 24.28 24.24 24.18 24.27 24.30 24.33 24.32 24.27 24.24 24.28 24.33 24.29 24.28 24.23 24.21 24.12 24.12 24.15 24.08 24.06 24.14 24.10 24.09 24.23 24.16 24.09 24.08 24.09 24.03 24.07 24.11 24.22 24.16 24.17 24.23 24.21 24.20 24.13 24.16 24.18 24.14 24.14 24.18 24.18 24.18 24.22 24.19
23.99 23.97 23.89 23.93 23.92 23.85 23.89 23.93 23.97 24.04 24.13 24.03 23.99 23.97 23.99 24.01 24.06 24.08 24.10 23.99 24.09 24.04 24.13 24.11 24.24 24.22 24.24 24.24 24.19 24.21 24.25 24.18 24.20 24.24 24.31 24.26 24.20 24.19 24.21 24.25 24.33 24.26 24.23 24.10 24.07 24.11 24.11 24.15 24.16 24.13 24.12 24.07 24.13 24.15 24.12 24.11 24.19 23.97 23.87 23.96 24.11 24.13 24.12 24.14 24.17 24.17 24.06 24.02 24.05 24.13 24.10 24.17 24.14 24.17 24.15 24.18 24.19
