main/data/irradiance/05.02.2023.grid
ncols 839
nrows 679
xllcenter 112.0500
yllcenter -43.9500
cellsize 0.0500
nodata_value 99999.90
[rows 238 to 271 of 679, columns 616 to 692 of 839]
18.91 19.68 18.65 19.33 18.69 18.66 16.09 14.65 15.16 15.08 14.80 13.25 11.72 12.71 14.49 15.18 13.43 13.26 13.27 11.99 10.69 10.40 10.46 10.43 9.11 7.65 8.25 8.66 8.33 7.71 8.61 8.57 8.12 9.29 10.63 13.41 13.33 15.10 14.62 13.82 14.88 15.27 14.71 14.31 13.94 14.12 16.06 17.32 16.18 15.04 16.32 16.33 16.61 15.68 14.65 13.33 13.88 13.84 15.86 15.24 14.95 14.47 14.20 14.61 12.61 12.85 15.44 16.46 18.58 16.41 17.86 21.46 21.64 22.85 22.49 21.30 19.63
19.30 18.99 18.35 19.91 18.21 19.06 16.42 15.39 15.17 13.96 15.76 14.34 12.91 12.66 14.58 14.91 12.95 11.40 12.02 12.68 11.73 12.02 11.80 11.37 10.30 9.59 9.47 9.23 8.63 8.65 9.21 8.17 8.35 8.39 9.81 12.83 14.62 14.49 15.51 14.86 13.61 13.78 14.41 14.93 15.31 16.12 15.94 16.41 16.62 15.29 15.83 16.10 16.11 17.66 15.12 12.18 13.20 13.79 13.95 13.24 14.05 15.88 15.10 16.30 14.77 13.09 15.07 16.08 16.97 15.44 16.60 20.57 21.07 21.89 22.37 21.23 21.00
17.69 19.35 17.72 20.05 19.41 19.03 16.63 15.95 15.56 14.28 15.35 16.05 14.46 13.60 13.39 13.04 12.26 11.78 12.32 12.25 11.79 13.30 12.85 10.93 10.44 9.86 9.79 9.00 7.47 7.95 8.75 9.12 8.78 8.37 10.91 13.19 15.46 16.01 15.12 14.57 14.32 14.12 15.51 15.97 15.97 15.95 15.44 16.85 16.51 15.56 15.62 15.52 16.45 15.94 14.36 14.63 13.89 12.63 11.52 12.07 11.93 12.95 13.70 16.15 15.88 14.02 15.39 15.53 16.20 15.72 17.26 20.69 20.91 19.52 18.57 19.43 21.20
18.91 19.70 19.70 18.13 18.03 18.94 16.54 15.62 15.50 13.88 14.76 15.81 16.33 15.49 14.15 12.65 12.33 13.27 11.92 12.49 12.13 12.59 12.45 11.59 10.80 10.09 9.20 8.29 6.83 6.99 8.00 9.41 8.97 9.97 12.10 13.97 16.26 16.22 14.81 14.51 15.59 13.65 14.05 15.24 14.64 14.81 15.65 16.13 15.36 14.15 13.55 14.57 14.22 13.79 13.86 13.96 12.31 13.30 11.70 11.37 11.17 10.63 12.66 14.82 13.76 14.08 14.55 15.61 16.14 18.66 19.09 20.28 21.56 19.91 16.47 16.48 18.73
18.78 19.28 19.68 18.70 18.92 19.74 17.31 16.07 15.49 14.93 13.59 14.40 15.58 16.27 15.89 13.16 12.77 14.31 14.05 14.44 13.87 12.79 12.45 12.22 11.31 10.62 9.76 8.43 7.56 6.94 7.80 9.51 10.18 10.60 11.33 12.01 13.09 16.16 14.35 14.23 14.67 15.06 13.90 13.33 13.40 14.05 15.12 14.51 15.47 16.25 13.80 14.39 12.58 12.97 12.36 11.39 10.21 11.48 9.36 9.11 11.84 11.55 12.33 13.54 14.25 15.33 14.40 16.53 18.34 17.75 19.58 20.29 21.87 19.20 15.64 14.69 16.58
18.65 18.41 19.12 18.63 18.61 19.59 17.67 15.38 15.48 15.93 15.16 14.15 14.52 15.02 15.09 14.46 14.09 13.95 14.01 13.98 12.92 13.24 12.66 11.89 11.48 10.17 9.81 8.74 7.82 7.81 7.58 8.49 10.61 9.42 8.89 9.70 10.92 14.22 14.48 13.78 14.62 15.83 14.59 15.01 15.34 14.79 14.80 15.28 16.83 17.23 15.59 14.58 12.06 10.20 10.10 11.53 10.42 11.29 9.64 9.50 10.59 10.71 14.05 14.11 15.37 15.83 14.72 15.72 15.61 14.28 16.34 18.97 21.46 20.54 17.73 15.28 14.21
17.31 17.77 18.90 19.90 19.80 18.72 18.48 16.24 15.11 15.90 15.64 15.49 15.64 14.32 14.37 13.07 13.29 13.02 14.28 14.16 13.40 13.52 12.36 10.91 11.35 10.29 9.40 9.30 8.20 8.27 7.89 9.11 10.72 9.38 9.07 9.84 10.60 14.47 14.79 15.17 16.36 16.64 14.60 15.55 15.83 14.94 16.60 16.78 18.54 18.82 17.81 14.03 12.00 11.02 9.54 9.98 10.65 10.11 9.42 10.90 12.26 12.88 14.53 15.61 14.22 15.00 16.08 15.40 14.23 13.88 15.15 17.05 19.72 20.05 19.52 18.09 15.78
18.76 17.76 16.94 19.20 17.87 19.49 20.07 17.14 16.28 16.66 17.40 15.44 15.83 14.71 13.51 12.64 12.22 12.69 13.48 14.05 13.62 12.97 12.30 11.26 11.43 10.86 10.72 9.95 8.70 8.08 8.95 9.26 9.09 9.28 9.08 8.90 10.86 13.77 14.65 15.23 17.32 16.53 15.05 15.47 15.37 15.74 15.74 16.73 16.11 16.17 17.15 15.00 11.81 10.71 10.32 9.49 9.49 8.80 8.38 9.81 13.62 14.04 13.72 15.56 14.65 15.08 14.83 16.10 14.60 14.28 15.31 16.69 17.80 19.40 20.01 18.75 16.02
18.85 17.02 16.52 18.68 18.95 19.06 19.35 17.16 17.20 16.43 16.06 16.15 16.06 15.37 13.05 12.20 11.59 11.94 12.68 12.75 12.38 11.63 13.52 12.46 10.91 10.88 10.86 10.04 9.21 9.06 9.21 9.66 9.73 9.62 9.49 9.97 12.14 14.10 14.88 14.82 16.42 17.25 15.96 15.52 15.32 15.27 14.20 14.59 14.52 16.05 15.65 15.35 13.81 12.24 12.09 9.83 9.68 7.92 9.45 12.21 13.45 13.66 13.52 14.36 13.51 14.57 15.47 15.45 15.72 15.30 15.58 16.55 16.56 17.46 18.25 16.64 14.14
17.90 17.65 18.92 19.06 18.45 17.99 18.32 18.14 16.47 16.63 14.75 15.44 16.01 15.28 13.30 12.49 12.55 12.03 12.61 12.42 12.49 11.67 12.26 11.84 10.50 9.95 9.68 10.23 10.00 10.33 9.75 9.51 9.90 10.83 11.77 11.85 13.80 16.08 15.88 15.92 18.51 19.78 18.19 16.84 16.40 15.65 13.95 13.66 14.59 15.86 15.64 15.52 15.06 13.12 12.56 10.88 10.59 10.28 11.15 11.76 13.02 14.41 14.41 15.26 14.31 13.20 14.10 13.77 16.50 16.36 14.60 14.64 16.31 16.70 16.48 16.02 14.43
18.04 18.43 19.80 18.74 17.81 16.10 16.57 18.82 18.51 17.25 14.92 13.73 14.45 15.07 14.04 12.83 12.79 12.71 12.87 13.35 13.22 12.70 11.69 11.70 11.48 10.01 9.47 9.55 10.21 11.15 10.18 10.68 10.81 12.02 11.81 13.42 15.91 17.13 15.79 15.22 16.52 17.47 16.65 16.03 16.78 15.95 15.34 13.92 14.14 16.43 16.31 16.30 15.37 14.19 14.22 13.46 12.08 12.43 12.17 11.56 11.54 12.35 14.11 16.30 15.64 13.92 13.19 14.42 14.82 14.17 15.12 15.61 15.51 16.43 16.45 15.45 14.45
16.73 18.57 19.71 18.35 17.00 15.85 16.20 19.42 17.90 16.81 15.82 14.38 13.78 16.49 14.99 13.54 12.72 12.77 12.45 11.97 14.01 12.76 12.08 12.15 12.27 11.21 9.56 9.92 10.62 10.97 10.85 11.05 12.42 12.65 11.77 14.56 14.92 15.84 15.37 14.63 13.63 14.99 16.07 17.04 18.19 17.27 16.69 14.04 14.47 15.79 16.67 17.00 16.65 15.60 15.22 14.08 12.63 11.91 11.24 10.09 9.15 10.52 12.65 15.66 15.35 14.41 15.39 15.43 13.03 13.35 15.48 15.54 15.07 15.61 16.15 15.84 15.10
17.43 17.56 16.48 17.83 17.20 17.76 16.66 17.16 16.18 15.51 16.81 15.42 13.64 16.40 15.98 15.91 14.31 14.15 13.96 12.86 13.19 12.54 12.62 11.92 11.89 12.37 11.73 12.10 11.87 12.16 11.19 11.59 12.73 13.38 13.20 14.86 13.59 14.46 17.23 17.11 15.63 15.04 16.21 18.00 18.95 17.72 18.05 15.97 14.57 14.80 15.60 16.22 17.31 16.30 14.61 13.25 12.60 11.45 12.43 10.08 9.57 10.27 12.89 14.22 13.89 13.82 15.11 16.34 15.38 14.46 15.26 15.78 13.80 14.74 16.44 15.21 16.27
17.52 16.42 15.91 14.73 18.00 17.93 16.07 16.41 17.86 16.17 17.27 15.93 15.21 16.87 16.31 16.47 14.30 14.37 15.40 13.97 13.05 13.52 13.92 13.11 11.23 11.42 11.88 11.49 12.05 12.25 11.90 11.94 12.52 13.07 13.40 13.79 14.61 15.48 15.99 16.70 17.06 15.65 17.09 18.42 17.64 17.42 18.39 17.68 16.54 16.07 15.54 14.42 14.98 15.04 13.78 13.39 13.40 12.83 12.23 11.77 12.14 12.49 12.71 12.50 12.96 12.81 15.92 16.12 16.54 16.20 16.33 15.39 14.43 15.01 14.23 14.70 15.71
18.11 15.54 15.24 14.78 16.58 17.99 15.82 16.19 17.30 17.19 16.68 15.06 15.59 16.03 15.42 16.68 15.36 15.75 15.96 14.01 13.14 13.24 13.58 13.84 11.84 11.64 11.75 11.21 12.20 12.95 11.85 11.81 13.05 14.45 14.49 13.83 14.66 16.18 17.41 16.74 16.58 17.25 18.05 18.62 18.68 18.12 17.34 15.65 16.77 16.11 15.59 14.09 13.69 13.96 14.60 13.45 12.02 11.23 11.90 12.47 12.18 12.93 13.26 13.60 14.12 13.54 16.42 16.90 16.37 16.39 15.88 16.46 16.57 15.46 12.69 13.57 15.56
16.92 17.61 17.02 14.57 15.56 15.06 16.15 17.01 18.39 18.17 16.94 16.02 16.12 16.52 15.32 15.48 15.75 15.77 14.95 15.17 14.05 13.76 12.91 13.34 12.80 12.78 12.02 11.80 12.97 12.52 12.39 12.84 13.25 13.68 14.00 14.56 15.07 15.23 16.99 17.46 17.35 17.50 18.53 17.27 17.75 16.67 15.97 14.21 15.40 16.14 16.13 15.28 14.31 12.41 13.18 12.10 10.02 10.71 10.72 11.79 11.78 12.34 13.53 15.05 15.46 15.23 16.55 16.04 16.55 16.23 15.97 17.27 16.70 16.83 14.75 14.33 15.12
18.41 16.96 17.07 16.51 15.44 13.74 15.22 17.09 19.47 18.54 16.33 17.20 16.13 15.76 15.32 16.73 16.78 16.56 15.99 15.69 15.45 14.41 14.48 13.69 13.66 11.94 11.72 12.39 12.95 13.14 13.24 12.85 12.89 12.89 13.13 13.10 14.02 15.33 14.89 15.78 16.47 16.64 17.12 16.08 16.18 16.38 16.69 15.22 16.67 15.61 13.55 13.52 14.42 13.50 12.01 11.38 10.53 11.36 11.50 11.37 12.15 13.09 13.81 14.02 14.65 15.64 16.21 15.77 16.08 15.55 15.42 16.75 15.51 16.63 16.50 16.35 16.25
16.44 16.12 16.69 16.63 16.13 14.00 15.85 16.59 18.25 18.52 17.94 18.23 16.93 15.55 15.02 16.23 17.18 17.71 17.21 16.13 16.57 15.61 16.16 14.85 13.05 11.94 11.75 12.89 12.98 15.07 14.13 12.37 13.78 13.53 12.67 12.41 14.38 15.27 14.76 15.13 16.05 16.09 14.23 14.82 15.38 16.74 16.17 16.61 15.45 15.51 15.27 14.12 15.93 14.85 13.64 14.27 12.95 12.73 13.33 12.14 12.92 13.52 14.51 14.20 15.13 15.85 15.58 16.46 18.38 16.20 15.55 15.89 15.98 17.00 17.75 18.13 17.73
19.28 16.35 16.69 18.40 19.01 16.61 17.17 17.40 17.45 17.83 16.94 17.98 16.14 15.51 16.51 16.93 16.99 17.82 18.28 16.83 14.81 15.03 15.07 14.38 13.98 13.41 13.52 12.83 13.25 14.48 15.30 13.87 13.10 13.60 12.80 13.48 14.96 14.68 15.11 15.20 13.63 13.06 11.76 14.17 14.03 15.93 17.97 17.14 16.51 15.76 16.58 17.19 17.17 16.24 15.12 14.12 14.58 14.57 13.76 14.28 14.03 13.17 14.50 15.70 15.58 16.47 14.44 16.62 18.44 18.42 17.89 17.06 16.98 17.09 18.05 18.38 17.91
20.04 17.74 16.43 17.20 19.44 17.68 18.55 17.17 16.18 15.23 14.80 15.70 15.04 14.45 16.34 17.44 17.85 17.67 17.04 15.64 15.99 15.50 16.23 15.22 14.69 14.97 14.68 13.05 13.00 13.56 14.47 14.99 14.13 11.92 12.48 12.52 14.92 15.54 15.11 14.08 13.25 13.22 12.43 13.85 14.89 15.19 17.70 17.50 17.30 15.96 16.32 16.13 16.25 17.10 16.56 15.13 15.40 15.18 14.04 13.88 13.90 13.83 13.76 14.13 14.89 15.32 14.95 16.35 18.41 19.01 19.11 18.26 16.78 17.30 17.42 17.78 18.23
19.98 19.83 18.24 15.47 16.73 16.13 19.16 18.39 15.46 13.80 14.47 15.73 14.82 14.67 14.19 15.64 15.66 17.53 17.26 16.33 16.26 15.79 17.43 16.10 14.54 14.19 15.08 13.96 13.96 13.98 13.43 14.80 14.02 11.35 11.71 13.51 13.54 14.38 13.60 12.59 12.42 14.89 15.07 14.77 16.35 17.06 16.82 16.75 16.60 15.64 15.93 16.23 15.91 16.66 15.95 15.80 15.89 16.02 15.79 14.05 14.77 15.45 15.03 14.57 14.74 14.91 15.19 16.02 17.21 17.81 17.73 18.10 18.00 17.88 17.62 17.56 17.95
19.92 20.05 19.21 17.49 17.41 15.70 17.13 18.02 16.20 16.03 15.86 15.81 16.64 15.27 13.51 15.48 15.19 16.30 15.60 14.77 16.10 16.80 15.85 16.02 15.06 14.77 15.18 14.82 15.64 14.98 13.92 15.36 15.45 13.81 14.04 14.01 13.37 12.77 12.45 12.61 12.58 14.01 15.96 16.06 17.95 17.38 18.18 17.97 17.14 16.93 17.43 17.61 17.19 16.52 16.76 16.14 15.85 16.60 14.94 13.84 15.13 15.58 15.74 14.29 13.72 13.90 14.30 15.77 17.24 17.77 18.00 17.85 18.02 17.25 17.79 16.50 17.15
19.49 19.89 19.05 19.43 18.94 16.89 16.21 16.89 14.54 16.99 17.34 15.51 14.99 13.53 13.08 14.63 15.58 15.54 16.54 16.23 16.47 17.88 18.40 15.80 16.36 16.75 15.72 15.62 15.67 15.52 14.89 16.38 16.62 15.56 15.63 15.19 13.75 13.14 12.18 12.29 12.61 12.87 15.20 16.82 17.07 17.85 17.10 18.57 17.28 17.13 16.99 18.33 17.60 17.89 16.72 15.52 14.89 14.11 14.50 14.37 14.29 14.38 15.07 14.54 13.71 13.57 13.90 14.55 15.16 15.32 17.19 17.84 18.32 18.18 16.40 17.24 17.19
21.80 21.33 20.32 20.14 19.10 18.44 17.84 16.78 15.76 15.63 17.57 16.10 13.03 13.08 13.09 13.93 16.52 18.31 18.78 17.51 17.12 17.87 19.68 18.76 15.23 17.37 17.51 15.81 15.52 15.87 14.97 15.76 15.75 15.73 16.66 16.17 13.99 13.71 13.17 13.32 14.33 14.24 15.12 16.31 17.37 17.79 17.34 17.32 17.30 18.41 18.32 18.85 18.12 17.45 16.58 14.65 14.97 14.14 13.94 15.40 15.42 14.66 15.76 14.26 15.02 14.46 14.31 13.45 13.97 15.02 17.11 17.92 18.48 18.27 16.81 17.75 17.02
20.84 22.03 21.74 19.18 19.96 20.24 18.29 17.12 15.72 16.41 16.66 16.42 14.52 12.43 13.72 13.06 16.03 18.49 20.29 19.15 18.54 17.84 18.17 17.43 15.61 16.01 17.33 16.28 16.38 17.40 16.10 14.74 14.29 14.85 16.37 17.02 15.68 14.49 13.95 15.41 14.91 15.35 14.64 14.91 15.61 16.79 17.31 16.27 17.79 17.77 16.93 18.53 18.11 17.39 16.66 15.79 15.11 14.89 15.20 16.39 15.98 16.20 16.61 16.12 15.38 14.55 14.22 13.29 13.42 14.93 17.07 17.42 17.65 16.83 16.10 16.21 15.67
22.44 21.68 21.91 18.33 20.06 19.98 20.16 18.76 17.52 17.21 17.69 16.99 15.51 14.44 15.07 13.11 13.97 16.82 18.68 16.58 16.81 18.92 20.50 17.75 17.17 16.94 16.03 15.95 16.23 17.01 17.39 14.60 14.21 14.95 15.40 17.29 17.38 15.82 15.41 15.84 16.85 16.83 15.76 15.95 16.01 16.22 16.89 16.83 18.67 19.04 17.12 17.65 18.60 17.26 16.39 16.01 15.82 15.38 16.49 16.32 15.88 16.38 16.92 16.19 16.46 16.15 14.15 13.76 13.71 14.21 15.27 16.47 16.99 16.06 15.25 15.92 15.43
20.90 21.32 21.90 19.83 19.29 20.11 20.53 20.05 19.08 17.45 17.88 18.65 16.07 15.36 14.02 13.93 14.43 13.35 15.38 15.11 16.52 18.70 20.96 18.97 18.37 17.53 16.49 15.26 16.05 16.48 16.96 16.30 15.62 16.34 16.32 16.89 17.54 16.72 16.54 16.24 16.77 17.01 16.26 16.78 16.51 17.21 17.04 18.24 18.84 19.67 19.15 17.77 17.13 17.73 17.69 17.36 17.20 15.82 16.76 16.63 17.13 16.35 16.54 16.72 15.95 15.47 14.35 14.45 15.15 14.11 14.05 16.33 16.91 15.57 14.75 15.43 15.60
20.95 21.21 21.10 20.94 20.42 20.86 20.36 20.34 19.83 18.65 19.11 19.40 17.35 17.22 17.69 15.65 15.51 14.94 15.04 15.27 15.73 17.97 21.40 19.39 17.83 18.27 17.53 14.55 14.17 15.53 17.22 17.79 17.19 17.10 16.57 16.84 16.70 16.32 15.77 16.60 15.90 17.50 17.21 15.86 16.61 16.96 17.30 18.16 19.48 19.42 18.90 18.50 18.33 17.52 18.26 18.01 17.47 17.55 17.88 17.23 17.05 17.35 17.44 17.46 16.20 15.12 15.60 16.66 16.17 14.53 13.80 15.13 15.72 16.26 15.97 15.65 16.30
21.26 22.02 20.87 20.76 22.00 21.34 20.35 20.13 19.88 18.51 17.72 19.84 16.39 17.13 17.32 17.20 17.28 16.03 15.58 14.79 15.59 14.89 18.28 18.39 16.56 15.45 15.66 16.77 13.89 14.57 16.79 18.07 18.54 17.20 17.08 16.16 16.75 16.96 16.95 16.68 16.30 16.92 16.44 15.66 16.81 17.42 17.37 17.64 20.18 19.33 18.43 17.98 17.18 17.19 17.86 18.03 17.15 17.97 17.99 17.08 16.79 17.08 16.36 16.59 16.73 16.35 17.48 17.44 16.26 15.94 15.38 16.31 16.99 17.90 17.00 16.30 15.22
21.63 21.14 22.07 20.77 21.35 21.57 21.09 20.68 20.83 18.84 16.89 19.75 18.95 18.86 17.61 16.59 17.04 16.11 15.62 15.15 14.30 13.38 16.02 15.84 15.72 15.82 17.10 18.25 15.37 15.03 16.27 18.27 18.86 17.78 18.46 17.73 16.54 17.00 16.91 16.71 16.78 18.29 17.17 16.09 17.05 17.93 17.55 19.47 21.22 20.85 19.66 18.97 18.61 18.94 18.60 18.63 18.71 17.86 17.72 17.17 16.76 16.38 15.87 16.52 17.91 17.49 16.65 16.50 15.50 15.27 15.97 15.86 17.03 17.26 17.78 17.64 15.66
21.49 22.08 20.03 21.43 21.14 21.56 22.11 21.15 20.29 19.32 18.98 20.02 19.81 20.71 20.23 17.57 16.06 16.33 15.47 16.11 14.94 15.66 13.13 14.91 13.41 15.62 17.30 18.83 15.23 16.96 16.95 17.62 18.31 17.61 18.26 18.63 17.28 18.09 17.31 17.61 17.46 17.62 17.95 16.74 17.23 17.87 18.40 20.12 22.86 22.49 21.59 21.38 20.90 20.00 19.65 19.52 19.93 18.84 17.57 17.81 17.56 16.58 16.25 16.23 16.91 16.60 16.72 16.16 16.17 15.68 17.20 16.42 16.26 17.23 17.70 18.72 16.84
21.37 22.67 21.51 21.58 21.04 20.83 21.82 21.37 19.52 19.65 18.70 19.78 20.09 20.64 21.56 19.20 17.67 16.47 15.97 17.22 18.35 17.24 12.74 14.58 14.84 14.77 14.76 15.87 15.90 17.26 17.81 17.49 18.23 18.88 19.46 19.05 17.95 18.63 19.29 19.60 19.25 19.34 17.62 17.49 18.52 17.77 19.21 20.76 22.72 23.51 23.01 23.17 22.29 21.98 21.42 21.85 21.42 19.94 19.15 18.52 18.34 17.67 16.95 16.44 17.02 17.45 17.42 17.85 18.28 17.45 17.90 17.55 17.29 17.89 18.48 18.43 17.89
23.10 23.43 23.49 23.01 22.09 21.48 21.34 23.14 20.97 20.32 19.85 18.98 19.15 18.75 20.11 20.54 17.89 16.09 16.27 17.90 19.80 19.13 15.90 15.43 15.26 16.37 14.72 14.05 15.18 17.38 18.02 18.99 18.09 19.13 19.32 18.92 17.97 18.99 19.91 19.45 20.52 20.16 17.81 18.31 18.87 19.28 19.34 20.79 22.32 23.53 23.88 23.53 23.05 23.61 22.47 22.06 20.43 20.42 20.39 20.13 19.45 18.81 17.64 17.59 17.34 18.23 18.08 18.22 18.99 19.30 19.05 19.68 20.01 19.24 19.48 19.73 20.69
24.26 24.59 23.21 25.08 24.16 23.05 22.92 23.78 23.05 20.97 20.67 21.21 20.30 19.92 19.03 19.87 18.60 17.08 17.22 17.79 19.15 19.33 17.52 14.90 15.78 16.34 15.83 13.67 15.81 17.00 16.71 19.52 18.01 18.82 19.42 18.63 17.94 18.27 19.02 19.94 21.17 20.76 19.90 19.80 19.94 20.25 21.38 21.41 22.46 23.20 23.78 23.06 23.43 23.43 22.31 22.10 21.18 20.41 20.91 20.79 20.28 19.56 18.48 18.26 19.01 19.01 19.13 19.93 20.50 20.56 21.11 21.09 21.61 20.86 20.35 22.00 23.02
