main/data/irradiance/05.10.2023.grid
ncols 839
nrows 679
xllcenter 112.0500
yllcenter -43.9500
cellsize 0.0500
nodata_value 99999.90
[rows 374 to 407 of 679, columns 616 to 692 of 839]
24.32 24.20 24.01 24.12 24.11 23.98 24.20 24.30 24.55 24.48 24.51 24.45 24.40 24.46 24.52 24.44 24.37 24.44 24.50 24.54 24.53 24.50 24.52 24.58 24.65 24.65 24.66 24.75 24.67 24.81 24.54 24.56 24.65 24.64 24.57 24.57 24.55 24.56 24.55 24.52 24.55 24.50 24.52 24.53 24.51 24.50 24.50 24.54 24.61 24.58 24.58 24.59 24.61 24.62 24.56 24.57 24.67 24.64 24.59 24.59 24.58 24.67 24.60 24.48 24.48 24.49 24.50 24.59 24.54 24.54 24.61 24.51 24.56 24.53 24.52 24.53 24.55
24.38 24.34 24.29 24.05 23.92 24.11 24.15 24.25 24.36 24.47 24.48 24.44 24.49 24.39 24.34 24.35 24.34 24.36 24.44 24.58 24.51 24.54 24.54 24.54 24.52 24.51 24.52 24.52 24.53 24.54 24.55 24.56 24.59 24.61 24.56 24.54 24.53 24.52 24.55 24.51 24.52 24.52 24.53 24.53 24.50 24.48 24.52 24.54 24.56 24.56 24.55 24.51 24.60 24.59 24.56 24.56 24.65 24.62 24.56 24.60 24.53 24.59 24.58 24.61 24.56 24.52 24.51 24.57 24.49 24.48 24.52 24.53 24.49 24.49 24.53 24.49 24.46
24.16 24.25 24.32 24.20 24.22 24.05 24.13 24.15 24.37 24.52 24.54 24.46 24.47 24.39 24.36 24.35 24.31 24.36 24.40 24.56 24.47 24.52 24.61 24.53 24.49 24.57 24.56 24.55 24.55 24.58 24.57 24.55 24.56 24.56 24.54 24.54 24.56 24.52 24.53 24.53 24.55 24.53 24.56 24.55 24.58 24.54 24.56 24.54 24.51 24.53 24.52 24.51 24.56 24.62 24.54 24.52 24.63 24.66 24.67 24.63 24.57 24.61 24.58 24.59 24.57 24.52 24.46 24.57 24.49 24.48 24.49 24.46 24.46 24.43 24.47 24.50 24.48
24.18 24.22 24.34 24.32 24.24 24.20 24.13 24.25 24.38 24.36 24.46 24.47 24.46 24.45 24.41 24.38 24.31 24.33 24.34 24.42 24.43 24.47 24.50 24.57 24.46 24.50 24.59 24.56 24.50 24.56 24.53 24.51 24.51 24.49 24.50 24.52 24.57 24.53 24.55 24.52 24.55 24.59 24.56 24.57 24.56 24.54 24.52 24.53 24.51 24.48 24.51 24.52 24.52 24.56 24.53 24.49 24.60 24.60 24.70 24.64 24.49 24.54 24.56 24.57 24.58 24.49 24.48 24.63 24.53 24.41 24.45 24.41 24.42 24.37 24.36 24.46 24.47
24.32 24.22 24.40 24.34 24.26 24.15 24.27 24.37 24.25 24.13 24.18 24.51 24.48 24.50 24.50 24.48 24.38 24.35 24.45 24.25 24.39 24.46 24.49 24.44 24.45 24.45 24.47 24.48 24.48 24.48 24.47 24.50 24.49 24.52 24.57 24.59 24.56 24.54 24.59 24.46 24.51 24.53 24.59 24.56 24.55 24.53 24.55 24.56 24.57 24.51 24.53 24.52 24.52 24.52 24.50 24.51 24.63 24.55 24.67 24.63 24.51 24.44 24.56 24.58 24.54 24.48 24.43 24.53 24.51 24.45 24.38 24.37 24.40 24.42 24.36 24.37 24.42
24.32 23.98 23.69 23.87 24.22 24.35 24.20 24.13 24.14 24.10 24.22 24.48 24.46 24.44 24.50 24.50 24.41 24.39 24.38 24.27 24.34 24.49 24.47 24.44 24.41 24.47 24.47 24.48 24.45 24.48 24.47 24.47 24.55 24.55 24.57 24.61 24.60 24.62 24.55 24.52 24.53 24.55 24.57 24.56 24.54 24.55 24.55 24.54 24.54 24.52 24.51 24.53 24.50 24.47 24.46 24.50 24.63 24.60 24.54 24.58 24.54 24.41 24.59 24.65 24.49 24.45 24.38 24.42 24.42 24.43 24.33 24.34 24.38 24.40 24.39 24.41 24.38
24.38 24.20 23.87 23.78 23.99 24.35 24.06 24.25 24.10 24.30 24.35 24.48 24.45 24.41 24.33 24.39 24.41 24.36 24.33 24.33 24.36 24.40 24.41 24.41 24.44 24.43 24.41 24.41 24.42 24.40 24.41 24.44 24.48 24.51 24.54 24.55 24.58 24.57 24.58 24.56 24.55 24.54 24.57 24.51 24.53 24.53 24.54 24.55 24.52 24.49 24.48 24.48 24.43 24.43 24.43 24.48 24.59 24.57 24.55 24.49 24.51 24.47 24.49 24.57 24.47 24.43 24.44 24.42 24.44 24.42 24.40 24.38 24.37 24.36 24.34 24.36 24.42
24.36 24.26 23.98 23.92 24.08 24.00 23.81 24.22 24.25 24.40 24.51 24.55 24.51 24.45 24.36 24.30 24.34 24.35 24.34 24.36 24.33 24.32 24.34 24.38 24.44 24.42 24.43 24.43 24.42 24.37 24.34 24.41 24.45 24.47 24.50 24.50 24.48 24.60 24.56 24.51 24.52 24.54 24.51 24.53 24.55 24.51 24.52 24.54 24.56 24.55 24.48 24.48 24.47 24.44 24.45 24.46 24.51 24.54 24.49 24.46 24.46 24.43 24.45 24.48 24.45 24.43 24.46 24.46 24.42 24.37 24.42 24.36 24.40 24.39 24.33 24.39 24.44
24.60 24.50 24.16 23.88 24.11 24.18 24.17 24.22 24.41 24.47 24.51 24.57 24.57 24.52 24.41 24.32 24.33 24.32 24.33 24.36 24.35 24.40 24.38 24.36 24.40 24.41 24.41 24.41 24.42 24.41 24.37 24.47 24.45 24.41 24.44 24.44 24.44 24.53 24.52 24.50 24.46 24.48 24.51 24.53 24.51 24.50 24.54 24.55 24.52 24.55 24.48 24.49 24.48 24.48 24.45 24.44 24.34 24.44 24.46 24.37 24.36 24.35 24.40 24.43 24.49 24.41 24.44 24.41 24.40 24.23 24.26 24.40 24.49 24.40 24.39 24.40 24.35
24.73 24.81 24.62 24.42 24.36 24.44 24.36 24.39 24.44 24.43 24.52 24.50 24.47 24.49 24.41 24.34 24.33 24.31 24.36 24.41 24.38 24.37 24.37 24.40 24.40 24.40 24.38 24.44 24.44 24.38 24.38 24.42 24.44 24.46 24.46 24.43 24.46 24.45 24.46 24.46 24.45 24.44 24.49 24.53 24.47 24.48 24.52 24.52 24.47 24.49 24.48 24.46 24.50 24.45 24.49 24.47 24.40 24.35 24.44 24.38 24.35 24.35 24.41 24.42 24.55 24.45 24.42 24.49 24.46 24.42 24.41 24.47 24.48 24.48 24.40 24.40 24.36
24.49 24.64 24.65 24.50 24.56 24.59 24.34 24.38 24.45 24.40 24.41 24.48 24.51 24.43 24.38 24.39 24.32 24.31 24.38 24.38 24.39 24.40 24.38 24.39 24.37 24.38 24.35 24.42 24.38 24.38 24.38 24.38 24.40 24.44 24.44 24.40 24.43 24.53 24.52 24.56 24.55 24.47 24.48 24.42 24.45 24.46 24.47 24.59 24.50 24.48 24.47 24.47 24.42 24.42 24.45 24.46 24.38 24.30 24.35 24.35 24.41 24.38 24.37 24.43 24.46 24.44 24.39 24.43 24.45 24.39 24.28 24.42 24.48 24.44 24.40 24.41 24.37
24.70 24.58 24.60 24.70 24.51 24.56 24.35 24.22 24.39 24.38 24.43 24.44 24.45 24.46 24.48 24.43 24.40 24.31 24.30 24.34 24.40 24.42 24.41 24.42 24.40 24.38 24.35 24.42 24.37 24.36 24.37 24.38 24.36 24.38 24.41 24.42 24.43 24.50 24.57 24.58 24.51 24.53 24.52 24.46 24.47 24.45 24.48 24.51 24.50 24.45 24.46 24.45 24.43 24.49 24.48 24.44 24.42 24.38 24.32 24.33 24.38 24.32 24.33 24.38 24.34 24.24 24.37 24.38 24.45 24.36 24.26 24.42 24.42 24.38 24.39 24.35 24.35
24.94 25.00 24.68 24.74 24.76 24.43 24.43 24.37 24.35 24.30 24.40 24.38 24.35 24.38 24.44 24.46 24.37 24.32 24.30 24.33 24.39 24.44 24.43 24.45 24.40 24.38 24.37 24.41 24.39 24.36 24.40 24.37 24.34 24.38 24.39 24.44 24.43 24.44 24.45 24.44 24.48 24.54 24.48 24.44 24.46 24.47 24.48 24.52 24.49 24.49 24.46 24.44 24.46 24.42 24.48 24.43 24.38 24.37 24.36 24.36 24.37 24.35 24.40 24.44 24.45 24.42 24.41 24.44 24.45 24.42 24.32 24.18 24.34 24.35 24.34 24.40 24.32
24.42 24.98 24.81 24.54 24.33 24.30 24.36 24.39 24.39 24.34 24.39 24.41 24.40 24.40 24.45 24.40 24.33 24.30 24.34 24.31 24.37 24.41 24.42 24.40 24.43 24.43 24.39 24.41 24.44 24.42 24.41 24.37 24.38 24.37 24.36 24.39 24.42 24.42 24.42 24.42 24.43 24.44 24.44 24.44 24.45 24.45 24.46 24.48 24.49 24.49 24.42 24.42 24.44 24.42 24.44 24.38 24.38 24.36 24.37 24.34 24.37 24.34 24.36 24.44 24.42 24.42 24.46 24.37 24.41 24.39 24.15 24.23 24.31 24.35 24.37 24.38 24.36
24.75 24.57 24.82 24.41 24.29 24.28 24.36 24.38 24.37 24.33 24.34 24.31 24.35 24.40 24.41 24.39 24.31 24.32 24.32 24.32 24.35 24.41 24.40 24.40 24.41 24.47 24.41 24.40 24.39 24.40 24.36 24.34 24.35 24.37 24.37 24.43 24.39 24.42 24.42 24.45 24.46 24.48 24.45 24.43 24.43 24.43 24.44 24.47 24.47 24.46 24.41 24.41 24.42 24.38 24.38 24.35 24.34 24.38 24.42 24.35 24.35 24.51 24.35 24.37 24.37 24.42 24.43 24.39 24.40 24.34 24.20 24.28 24.29 24.31 24.34 24.38 24.36
24.99 24.94 24.69 24.49 24.35 24.34 24.40 24.46 24.42 24.38 24.35 24.33 24.31 24.37 24.43 24.40 24.36 24.29 24.28 24.28 24.33 24.41 24.44 24.41 24.43 24.48 24.49 24.44 24.44 24.41 24.31 24.35 24.35 24.35 24.36 24.41 24.38 24.40 24.43 24.57 24.46 24.47 24.47 24.45 24.46 24.43 24.43 24.44 24.45 24.44 24.38 24.40 24.44 24.41 24.40 24.38 24.38 24.39 24.31 24.36 24.38 24.43 24.43 24.37 24.34 24.39 24.43 24.37 24.38 24.32 24.26 24.31 24.31 24.31 24.36 24.30 24.40
24.99 24.87 24.66 24.49 24.40 24.33 24.34 24.40 24.40 24.42 24.39 24.42 24.38 24.33 24.33 24.33 24.27 24.23 24.22 24.21 24.32 24.39 24.45 24.39 24.44 24.42 24.46 24.41 24.46 24.36 24.35 24.35 24.34 24.32 24.34 24.36 24.35 24.38 24.67 24.74 24.54 24.45 24.46 24.45 24.47 24.48 24.45 24.46 24.48 24.46 24.38 24.37 24.43 24.44 24.41 24.36 24.38 24.40 24.33 24.33 24.35 24.36 24.34 24.36 24.34 24.36 24.37 24.34 24.33 24.33 24.31 24.22 24.28 24.28 24.27 24.34 24.39
24.88 24.73 24.57 24.51 24.44 24.38 24.41 24.42 24.42 24.43 24.44 24.38 24.42 24.41 24.33 24.33 24.25 24.21 24.15 24.15 24.23 24.37 24.42 24.36 24.34 24.35 24.39 24.39 24.32 24.36 24.37 24.36 24.32 24.30 24.38 24.33 24.35 24.36 24.42 24.40 24.40 24.45 24.52 24.56 24.47 24.43 24.41 24.38 24.41 24.33 24.29 24.36 24.35 24.37 24.37 24.34 24.32 24.44 24.36 24.34 24.35 24.37 24.34 24.36 24.36 24.35 24.35 24.35 24.28 24.30 24.30 24.30 24.32 24.23 24.20 24.35 24.31
24.54 24.54 24.56 24.37 24.34 24.41 24.43 24.47 24.47 24.46 24.41 24.41 24.45 24.49 24.38 24.30 24.27 24.24 24.19 24.21 24.26 24.33 24.33 24.37 24.29 24.31 24.34 24.32 24.32 24.33 24.35 24.33 24.33 24.34 24.36 24.32 24.34 24.37 24.40 24.40 24.41 24.42 24.43 24.46 24.43 24.10 24.37 24.43 24.32 24.30 24.36 24.34 24.36 24.36 24.38 24.46 24.42 24.40 24.36 24.37 24.37 24.39 24.37 24.37 24.37 24.37 24.36 24.26 24.30 24.27 24.22 24.27 24.30 24.28 24.25 24.28 24.28
24.50 24.50 24.54 24.42 24.35 24.39 24.48 24.48 24.34 24.38 24.44 24.45 24.39 24.43 24.41 24.31 24.24 24.23 24.22 24.24 24.28 24.29 24.33 24.34 24.31 24.30 24.27 24.29 24.30 24.32 24.31 24.33 24.35 24.32 24.31 24.33 24.35 24.39 24.39 24.38 24.39 24.36 24.31 24.24 24.23 24.31 24.40 24.40 24.32 24.32 24.36 24.39 24.41 24.41 24.33 24.33 24.41 24.39 24.36 24.35 24.34 24.34 24.36 24.36 24.30 24.36 24.31 24.29 24.31 24.22 24.10 24.18 24.27 24.21 24.21 24.18 24.20
24.37 24.46 24.48 24.42 24.38 24.40 24.48 24.35 24.34 24.39 24.40 24.38 24.35 24.37 24.35 24.31 24.23 24.22 24.24 24.26 24.27 24.28 24.30 24.29 24.28 24.31 24.29 24.30 24.31 24.31 24.32 24.34 24.35 24.33 24.35 24.30 24.34 24.38 24.35 24.39 24.37 24.36 24.35 24.25 24.24 24.30 24.32 24.37 24.35 24.36 24.36 24.36 24.33 24.34 24.35 24.37 24.36 24.35 24.36 24.38 24.37 24.35 24.36 24.33 24.28 24.34 24.32 24.31 24.25 24.20 24.23 24.24 24.25 24.25 24.28 24.16 23.81
24.44 24.44 24.40 24.42 24.41 24.38 24.39 24.29 24.33 24.34 24.35 24.39 24.40 24.36 24.32 24.30 24.25 24.23 24.25 24.25 24.26 24.28 24.30 24.30 24.29 24.31 24.27 24.30 24.30 24.30 24.28 24.38 24.29 24.33 24.32 24.31 24.36 24.33 24.32 24.41 24.35 24.34 24.29 24.29 24.32 24.24 24.23 24.29 24.33 24.33 24.36 24.35 24.31 24.32 24.33 24.39 24.37 24.38 24.48 24.33 24.37 24.32 24.37 24.34 24.20 24.28 24.34 24.34 24.30 24.27 24.29 24.23 24.30 24.31 24.16 24.07 24.20
24.41 24.47 24.49 24.43 24.40 24.41 24.34 24.36 24.38 24.39 24.37 24.38 24.40 24.40 24.29 24.30 24.25 24.26 24.28 24.27 24.23 24.25 24.29 24.30 24.33 24.27 24.22 24.30 24.31 24.30 24.29 24.31 24.37 24.32 24.33 24.33 24.29 24.32 24.40 24.33 24.32 24.32 24.28 24.32 24.28 24.24 24.34 24.35 24.30 24.37 24.33 24.33 24.27 24.30 24.37 24.39 24.36 24.40 24.39 24.40 24.39 24.36 24.34 24.30 24.36 24.29 24.35 24.34 24.27 24.23 24.30 24.31 24.26 24.15 24.13 23.95 24.09
24.52 24.46 24.49 24.48 24.37 24.39 24.39 24.34 24.42 24.43 24.39 24.40 24.33 24.40 24.33 24.30 24.26 24.23 24.29 24.30 24.28 24.26 24.26 24.23 24.23 24.24 24.18 24.20 24.26 24.27 24.26 24.28 24.34 24.33 24.32 24.30 24.28 24.27 24.24 24.28 24.22 24.32 24.23 24.22 24.27 24.16 24.28 24.37 24.39 24.32 24.33 24.34 24.28 24.32 24.38 24.37 24.30 24.18 24.23 24.42 24.41 24.40 24.36 24.30 24.24 24.27 24.37 24.33 24.27 24.29 24.28 24.29 24.21 24.14 24.08 24.07 24.05
24.44 24.48 24.49 24.37 24.25 24.30 24.33 24.26 24.29 24.34 24.43 24.46 24.43 24.40 24.36 24.26 24.23 24.26 24.29 24.27 24.24 24.24 24.24 24.22 24.20 24.19 24.21 24.17 24.16 24.22 24.25 24.30 24.32 24.32 24.29 24.30 24.29 24.34 24.36 24.28 24.21 24.24 24.23 24.18 24.26 24.18 24.28 24.39 24.31 24.25 24.28 24.34 24.27 24.31 24.32 24.34 24.28 23.99 24.27 24.45 24.41 24.37 24.33 24.35 24.27 24.28 24.28 24.25 24.23 24.22 24.06 24.13 24.11 24.06 24.15 24.03 23.91
24.32 24.39 24.44 24.47 24.38 24.33 24.37 24.33 24.35 24.28 24.37 24.42 24.39 24.37 24.32 24.29 24.28 24.20 24.18 24.23 24.23 24.20 24.18 24.18 24.16 24.15 24.18 24.18 24.16 24.16 24.24 24.31 24.30 24.31 24.27 24.29 24.30 24.27 24.29 24.33 24.25 24.25 24.32 24.25 24.24 24.25 24.32 24.30 24.27 24.24 24.30 24.27 24.28 24.28 24.30 24.34 24.32 24.31 24.34 24.48 24.45 24.35 24.27 24.31 24.25 24.27 24.25 24.25 24.25 24.21 24.14 24.26 24.32 24.10 24.08 24.04 23.88
24.39 24.19 24.36 24.52 24.47 24.40 24.37 24.31 24.33 24.32 24.26 24.29 24.32 24.32 24.32 24.26 24.24 24.22 24.21 24.20 24.24 24.25 24.18 24.18 24.22 24.21 24.18 24.15 24.17 24.13 24.18 24.27 24.30 24.34 24.33 24.32 24.30 24.35 24.27 24.25 24.19 24.19 24.25 24.26 24.22 24.23 24.30 24.27 24.17 24.24 24.33 24.31 24.26 24.27 24.26 24.25 24.27 24.31 24.43 24.56 24.58 24.24 24.17 24.19 24.23 24.29 24.23 24.25 24.18 24.17 24.12 24.12 24.07 24.18 24.14 24.06 24.19
24.69 24.66 24.61 24.57 24.62 24.40 24.41 24.37 24.30 24.29 24.26 24.28 24.21 24.27 24.28 24.23 24.25 24.24 24.20 24.18 24.20 24.18 24.20 24.18 24.20 24.19 24.15 24.16 24.12 24.15 24.22 24.21 24.26 24.28 24.31 24.29 24.29 24.41 24.30 24.22 24.21 24.25 24.20 24.24 24.31 24.23 24.27 24.31 24.29 24.27 24.30 24.34 24.24 24.25 24.25 24.29 24.26 24.29 24.23 24.47 24.25 24.11 24.26 24.26 24.23 24.16 24.23 24.30 24.25 24.19 24.17 24.18 24.21 24.19 24.13 24.13 24.23
24.62 24.66 24.62 24.59 24.52 24.37 24.39 24.39 24.33 24.30 24.24 24.20 24.19 24.24 24.23 24.21 24.22 24.24 24.20 24.23 24.20 24.16 24.16 24.18 24.14 24.14 24.12 24.15 24.11 24.23 24.21 24.25 24.23 24.24 24.25 24.24 24.41 24.40 24.33 24.24 24.21 24.21 24.18 24.21 24.27 24.28 24.28 24.30 24.31 24.38 24.34 24.25 24.23 24.23 24.24 24.22 24.24 24.18 24.22 24.12 24.21 24.43 24.25 24.20 24.30 24.22 24.19 24.20 24.19 24.06 24.15 24.16 24.14 24.17 24.18 24.21 24.14
24.57 24.49 24.43 24.31 24.34 24.29 24.29 24.28 24.27 24.28 24.23 24.22 24.20 24.20 24.19 24.19 24.20 24.21 24.21 24.22 24.18 24.18 24.15 24.16 24.16 24.11 24.12 24.12 24.15 24.21 24.27 24.21 24.32 24.24 24.20 24.22 24.39 24.37 24.28 24.24 24.20 24.22 24.17 24.17 24.20 24.26 24.28 24.28 24.30 24.35 24.28 24.27 24.25 24.27 24.18 24.16 24.24 24.26 24.21 24.28 24.23 24.31 24.46 24.28 24.31 24.25 24.27 24.21 24.17 24.19 24.22 24.17 24.19 24.19 24.19 24.16 24.19
24.52 24.50 24.43 24.34 24.36 24.30 24.16 24.23 24.16 24.23 24.16 24.21 24.15 24.20 24.19 24.15 24.15 24.27 24.24 24.17 24.15 24.19 24.17 24.16 24.18 24.18 24.06 24.06 24.08 24.11 24.09 24.06 24.10 24.24 24.23 24.34 24.49 24.23 24.21 24.23 24.23 24.23 24.19 24.12 24.14 24.23 24.21 24.26 24.20 24.19 24.19 24.27 24.21 24.27 24.21 24.19 24.25 24.18 24.25 24.26 24.22 24.25 24.23 24.24 24.25 24.22 24.24 24.22 24.20 24.17 24.19 24.18 24.15 24.20 24.17 24.17 24.14
24.35 24.35 24.39 24.42 24.47 24.35 24.15 24.28 24.27 24.18 24.14 24.23 24.23 24.27 24.27 24.28 24.21 24.14 24.21 24.23 24.19 24.16 24.21 24.15 24.16 24.14 24.14 24.13 24.14 24.12 24.13 24.11 24.07 24.12 24.17 24.21 24.23 24.16 24.19 24.17 24.20 24.19 24.16 24.16 24.13 24.21 24.15 24.18 24.17 24.21 24.26 24.25 24.28 24.24 24.24 24.24 24.25 24.22 24.01 24.22 24.23 24.23 24.25 24.19 24.15 24.22 24.21 24.18 24.18 24.19 24.19 24.17 24.17 24.13 24.16 24.19 24.12
24.37 24.33 24.35 24.46 24.50 24.35 24.16 24.33 24.33 24.32 24.22 24.21 24.24 24.26 24.16 24.16 24.18 24.13 24.01 24.16 24.32 24.28 24.20 24.15 24.09 24.10 24.10 24.06 24.09 24.12 24.09 24.08 24.12 24.11 24.09 24.12 24.26 24.15 24.16 24.15 24.20 24.20 24.18 24.17 24.12 23.85 24.08 24.01 24.00 24.07 24.13 24.10 24.18 24.25 24.22 24.20 24.21 24.21 24.08 24.21 24.21 24.20 24.22 24.20 24.16 24.20 24.20 24.19 24.17 24.14 24.14 24.18 24.15 24.12 24.16 24.15 24.20
24.42 24.40 24.46 24.51 24.51 24.40 24.38 24.36 24.35 24.45 24.38 24.33 24.41 24.22 24.03 24.03 24.11 24.11 24.16 24.16 24.21 24.18 24.16 24.16 24.14 24.15 24.12 24.06 24.08 24.06 24.08 24.01 24.11 24.19 24.16 24.10 24.08 24.11 24.13 24.14 24.13 24.14 24.18 24.20 24.20 23.86 23.93 24.04 24.01 23.86 24.04 24.06 24.11 24.13 24.13 24.20 24.20 24.18 24.19 24.21 24.13 24.20 24.19 24.17 24.18 24.21 24.18 24.19 24.19 24.20 24.18 24.10 24.14 24.16 24.20 24.19 24.20
