main/data/irradiance/05.10.2023.grid
ncols 839
nrows 679
xllcenter 112.0500
yllcenter -43.9500
cellsize 0.0500
nodata_value 99999.90
[rows 306 to 339 of 679, columns 231 to 307 of 839]
25.61 25.61 25.63 25.62 25.64 25.61 25.60 25.61 25.58 25.59 25.62 25.62 25.61 25.61 25.63 25.65 25.64 25.64 25.63 25.64 25.65 25.67 25.68 25.67 25.67 25.68 25.68 25.68 25.68 25.66 25.67 25.67 25.68 25.66 25.63 25.65 25.66 25.67 25.66 25.66 25.65 25.65 25.64 25.66 25.67 25.65 25.67 25.67 25.67 25.65 25.65 25.64 25.64 25.68 25.70 25.70 25.76 25.69 25.68 25.67 25.66 25.66 25.68 25.69 25.74 25.73 25.74 25.70 25.70 25.69 25.69 25.62 25.62 25.58 25.58 25.59 25.61
25.57 25.59 25.60 25.59 25.60 25.60 25.59 25.59 25.56 25.59 25.61 25.63 25.61 25.64 25.63 25.65 25.64 25.61 25.61 25.63 25.65 25.66 25.68 25.67 25.66 25.66 25.68 25.67 25.67 25.67 25.64 25.67 25.68 25.67 25.64 25.64 25.66 25.66 25.65 25.63 25.65 25.62 25.63 25.66 25.68 25.64 25.68 25.66 25.66 25.65 25.64 25.63 25.63 25.64 25.66 25.70 25.74 25.72 25.68 25.68 25.66 25.65 25.61 25.67 25.72 25.72 25.73 25.72 25.70 25.68 25.65 25.61 25.64 25.61 25.57 25.61 25.59
25.58 25.56 25.58 25.57 25.56 25.58 25.56 25.58 25.58 25.59 25.61 25.58 25.61 25.62 25.64 25.63 25.59 25.58 25.63 25.63 25.65 25.68 25.67 25.65 25.65 25.66 25.67 25.65 25.66 25.66 25.67 25.65 25.66 25.65 25.66 25.66 25.65 25.64 25.65 25.64 25.65 25.63 25.62 25.65 25.67 25.65 25.69 25.61 25.61 25.62 25.61 25.62 25.63 25.62 25.65 25.66 25.67 25.72 25.66 25.66 25.66 25.65 25.61 25.61 25.70 25.72 25.72 25.72 25.69 25.68 25.66 25.57 25.58 25.59 25.60 25.60 25.56
25.55 25.54 25.55 25.55 25.55 25.57 25.55 25.57 25.58 25.58 25.59 25.60 25.61 25.62 25.65 25.63 25.59 25.61 25.62 25.63 25.63 25.64 25.65 25.63 25.64 25.65 25.64 25.63 25.65 25.66 25.65 25.64 25.66 25.65 25.67 25.67 25.65 25.67 25.65 25.65 25.68 25.67 25.64 25.62 25.61 25.61 25.62 25.58 25.58 25.58 25.61 25.61 25.62 25.60 25.64 25.66 25.67 25.71 25.70 25.66 25.66 25.64 25.62 25.60 25.64 25.68 25.65 25.68 25.70 25.70 25.69 25.65 25.56 25.59 25.55 25.56 25.58
25.57 25.55 25.53 25.53 25.55 25.53 25.53 25.54 25.55 25.56 25.57 25.60 25.62 25.59 25.63 25.59 25.57 25.58 25.61 25.63 25.63 25.64 25.64 25.63 25.62 25.62 25.63 25.62 25.64 25.65 25.66 25.63 25.65 25.64 25.63 25.64 25.64 25.66 25.66 25.69 25.70 25.70 25.68 25.62 25.59 25.59 25.57 25.57 25.56 25.58 25.59 25.61 25.61 25.58 25.60 25.63 25.67 25.68 25.72 25.68 25.64 25.63 25.62 25.60 25.62 25.66 25.67 25.67 25.69 25.69 25.69 25.68 25.62 25.57 25.55 25.55 25.55
25.54 25.54 25.53 25.52 25.52 25.55 25.55 25.55 25.53 25.54 25.54 25.58 25.58 25.59 25.59 25.55 25.58 25.59 25.59 25.59 25.61 25.63 25.67 25.62 25.62 25.61 25.61 25.61 25.63 25.61 25.65 25.65 25.63 25.65 25.63 25.63 25.63 25.63 25.62 25.67 25.71 25.71 25.71 25.63 25.61 25.59 25.52 25.54 25.52 25.58 25.60 25.60 25.58 25.60 25.61 25.60 25.64 25.66 25.71 25.65 25.63 25.62 25.63 25.63 25.58 25.60 25.63 25.65 25.65 25.64 25.66 25.67 25.64 25.56 25.57 25.58 25.59
25.51 25.52 25.50 25.51 25.51 25.54 25.55 25.55 25.54 25.54 25.55 25.56 25.57 25.59 25.55 25.56 25.58 25.57 25.58 25.59 25.57 25.56 25.62 25.64 25.61 25.60 25.59 25.62 25.61 25.59 25.60 25.60 25.61 25.63 25.63 25.62 25.62 25.61 25.62 25.62 25.62 25.71 25.67 25.63 25.63 25.58 25.53 25.55 25.55 25.57 25.59 25.59 25.59 25.60 25.60 25.61 25.63 25.65 25.67 25.65 25.61 25.62 25.60 25.58 25.57 25.61 25.61 25.65 25.66 25.64 25.60 25.63 25.62 25.60 25.61 25.62 25.59
25.50 25.48 25.51 25.50 25.51 25.53 25.54 25.55 25.56 25.55 25.56 25.51 25.52 25.52 25.53 25.54 25.54 25.55 25.57 25.57 25.57 25.59 25.60 25.63 25.63 25.60 25.59 25.61 25.60 25.62 25.61 25.62 25.61 25.63 25.61 25.61 25.60 25.61 25.60 25.68 25.70 25.70 25.64 25.57 25.60 25.57 25.59 25.57 25.56 25.56 25.56 25.59 25.60 25.60 25.60 25.61 25.63 25.64 25.65 25.65 25.62 25.61 25.58 25.57 25.59 25.60 25.57 25.60 25.60 25.62 25.60 25.61 25.61 25.62 25.55 25.54 25.51
25.47 25.51 25.50 25.49 25.50 25.52 25.56 25.54 25.56 25.53 25.51 25.51 25.51 25.50 25.50 25.51 25.51 25.52 25.53 25.55 25.56 25.58 25.61 25.62 25.62 25.60 25.60 25.60 25.61 25.62 25.60 25.61 25.62 25.61 25.60 25.60 25.60 25.62 25.62 25.69 25.68 25.69 25.61 25.64 25.59 25.55 25.55 25.57 25.55 25.55 25.54 25.55 25.58 25.60 25.60 25.61 25.62 25.62 25.63 25.60 25.60 25.58 25.54 25.58 25.60 25.60 25.56 25.56 25.55 25.56 25.55 25.58 25.62 25.59 25.57 25.51 25.48
25.45 25.48 25.49 25.51 25.51 25.50 25.50 25.48 25.49 25.48 25.49 25.50 25.51 25.49 25.46 25.49 25.49 25.50 25.51 25.53 25.52 25.53 25.56 25.55 25.59 25.59 25.61 25.61 25.63 25.58 25.58 25.60 25.59 25.59 25.58 25.61 25.59 25.67 25.66 25.65 25.74 25.65 25.65 25.62 25.62 25.58 25.56 25.56 25.54 25.54 25.55 25.57 25.56 25.56 25.57 25.59 25.61 25.59 25.61 25.55 25.55 25.54 25.53 25.58 25.60 25.60 25.58 25.56 25.55 25.55 25.56 25.58 25.61 25.59 25.56 25.51 25.50
25.42 25.44 25.46 25.48 25.50 25.48 25.48 25.47 25.51 25.47 25.49 25.46 25.48 25.49 25.46 25.46 25.49 25.49 25.50 25.53 25.53 25.55 25.57 25.59 25.59 25.60 25.59 25.59 25.61 25.58 25.57 25.54 25.56 25.56 25.58 25.60 25.60 25.65 25.65 25.68 25.60 25.63 25.58 25.56 25.56 25.55 25.58 25.59 25.56 25.55 25.58 25.57 25.55 25.53 25.55 25.57 25.56 25.61 25.61 25.55 25.55 25.53 25.53 25.53 25.52 25.56 25.57 25.57 25.54 25.53 25.56 25.60 25.59 25.58 25.56 25.46 25.44
25.42 25.45 25.45 25.47 25.43 25.44 25.49 25.51 25.52 25.48 25.46 25.45 25.45 25.49 25.47 25.48 25.51 25.50 25.53 25.53 25.52 25.54 25.56 25.58 25.58 25.57 25.59 25.61 25.57 25.56 25.57 25.53 25.57 25.58 25.59 25.64 25.66 25.61 25.57 25.59 25.61 25.58 25.55 25.52 25.52 25.53 25.55 25.55 25.55 25.55 25.58 25.58 25.58 25.59 25.54 25.55 25.59 25.59 25.59 25.51 25.51 25.54 25.55 25.56 25.55 25.55 25.54 25.56 25.51 25.52 25.56 25.58 25.54 25.54 25.55 25.45 25.43
25.40 25.40 25.42 25.42 25.42 25.42 25.45 25.46 25.43 25.44 25.42 25.44 25.46 25.47 25.46 25.47 25.47 25.48 25.48 25.50 25.50 25.50 25.51 25.55 25.55 25.59 25.59 25.59 25.56 25.57 25.54 25.54 25.63 25.63 25.64 25.70 25.61 25.58 25.58 25.58 25.55 25.54 25.52 25.52 25.53 25.53 25.53 25.53 25.56 25.55 25.55 25.56 25.57 25.58 25.61 25.58 25.56 25.55 25.56 25.51 25.54 25.56 25.54 25.55 25.55 25.56 25.56 25.52 25.51 25.53 25.53 25.56 25.55 25.52 25.54 25.46 25.43
25.39 25.40 25.40 25.38 25.39 25.40 25.40 25.43 25.43 25.42 25.42 25.44 25.45 25.45 25.44 25.45 25.46 25.47 25.48 25.48 25.48 25.49 25.48 25.52 25.53 25.57 25.59 25.57 25.54 25.54 25.54 25.54 25.58 25.59 25.58 25.59 25.56 25.59 25.59 25.54 25.51 25.51 25.52 25.52 25.52 25.50 25.53 25.52 25.53 25.58 25.59 25.54 25.52 25.57 25.58 25.59 25.57 25.56 25.54 25.52 25.55 25.58 25.53 25.52 25.54 25.55 25.54 25.52 25.53 25.52 25.54 25.54 25.54 25.54 25.51 25.52 25.45
25.41 25.40 25.41 25.39 25.36 25.40 25.43 25.44 25.42 25.42 25.43 25.46 25.44 25.44 25.45 25.44 25.44 25.45 25.48 25.47 25.45 25.48 25.48 25.52 25.53 25.53 25.55 25.55 25.57 25.49 25.54 25.52 25.54 25.56 25.58 25.55 25.53 25.56 25.56 25.54 25.53 25.51 25.53 25.53 25.51 25.49 25.53 25.51 25.52 25.52 25.56 25.55 25.55 25.51 25.53 25.56 25.54 25.55 25.53 25.50 25.53 25.54 25.55 25.51 25.52 25.50 25.51 25.49 25.49 25.53 25.55 25.54 25.51 25.46 25.49 25.51 25.47
25.40 25.40 25.37 25.32 25.31 25.38 25.36 25.37 25.39 25.37 25.38 25.40 25.40 25.42 25.44 25.44 25.42 25.42 25.47 25.48 25.44 25.48 25.47 25.49 25.52 25.52 25.51 25.53 25.51 25.49 25.51 25.53 25.51 25.53 25.54 25.51 25.50 25.52 25.51 25.51 25.51 25.49 25.53 25.52 25.52 25.51 25.53 25.52 25.52 25.51 25.53 25.54 25.56 25.58 25.53 25.55 25.56 25.52 25.52 25.49 25.52 25.51 25.55 25.51 25.47 25.48 25.47 25.47 25.50 25.53 25.55 25.53 25.50 25.45 25.48 25.51 25.51
25.43 25.40 25.38 25.38 25.33 25.37 25.43 25.37 25.38 25.35 25.37 25.38 25.38 25.41 25.42 25.43 25.42 25.44 25.45 25.46 25.44 25.48 25.51 25.48 25.46 25.52 25.52 25.52 25.51 25.47 25.49 25.50 25.50 25.53 25.49 25.46 25.48 25.49 25.50 25.51 25.50 25.50 25.51 25.50 25.49 25.49 25.50 25.50 25.51 25.51 25.51 25.51 25.51 25.54 25.55 25.56 25.54 25.53 25.50 25.49 25.53 25.51 25.48 25.53 25.48 25.49 25.48 25.50 25.52 25.50 25.47 25.50 25.47 25.44 25.49 25.48 25.46
25.43 25.37 25.39 25.39 25.38 25.38 25.44 25.45 25.43 25.32 25.33 25.34 25.36 25.39 25.39 25.41 25.40 25.42 25.44 25.43 25.37 25.43 25.52 25.53 25.50 25.48 25.49 25.47 25.48 25.47 25.46 25.51 25.51 25.48 25.49 25.45 25.45 25.51 25.50 25.51 25.49 25.50 25.53 25.48 25.49 25.49 25.49 25.48 25.49 25.49 25.49 25.48 25.48 25.49 25.51 25.49 25.49 25.53 25.49 25.48 25.49 25.49 25.49 25.48 25.49 25.47 25.49 25.49 25.50 25.50 25.47 25.47 25.44 25.43 25.47 25.45 25.44
25.42 25.35 25.39 25.36 25.36 25.35 25.40 25.43 25.41 25.38 25.31 25.34 25.34 25.35 25.35 25.37 25.38 25.39 25.41 25.41 25.42 25.44 25.43 25.45 25.47 25.45 25.42 25.39 25.40 25.44 25.45 25.44 25.46 25.47 25.46 25.44 25.48 25.47 25.48 25.47 25.48 25.47 25.49 25.49 25.46 25.48 25.49 25.48 25.49 25.50 25.48 25.46 25.47 25.49 25.52 25.53 25.51 25.50 25.47 25.49 25.49 25.45 25.43 25.44 25.48 25.46 25.48 25.46 25.47 25.49 25.47 25.43 25.41 25.43 25.45 25.47 25.46
25.35 25.37 25.40 25.37 25.34 25.31 25.36 25.40 25.39 25.38 25.35 25.35 25.31 25.40 25.36 25.39 25.39 25.40 25.41 25.42 25.40 25.44 25.40 25.43 25.44 25.40 25.36 25.37 25.39 25.44 25.50 25.43 25.43 25.43 25.44 25.45 25.47 25.46 25.46 25.47 25.45 25.45 25.46 25.50 25.46 25.48 25.47 25.47 25.48 25.48 25.45 25.45 25.45 25.45 25.45 25.49 25.52 25.49 25.47 25.48 25.47 25.43 25.41 25.41 25.47 25.48 25.47 25.46 25.48 25.47 25.44 25.41 25.40 25.44 25.43 25.46 25.45
25.36 25.36 25.33 25.33 25.36 25.33 25.32 25.38 25.39 25.38 25.34 25.33 25.34 25.38 25.38 25.39 25.39 25.38 25.39 25.41 25.38 25.40 25.42 25.42 25.43 25.35 25.33 25.35 25.35 25.39 25.44 25.41 25.40 25.40 25.45 25.45 25.43 25.43 25.44 25.46 25.45 25.45 25.48 25.51 25.51 25.48 25.46 25.46 25.47 25.48 25.46 25.44 25.45 25.46 25.48 25.49 25.49 25.49 25.49 25.49 25.46 25.44 25.50 25.49 25.47 25.45 25.47 25.49 25.43 25.44 25.42 25.41 25.41 25.44 25.46 25.47 25.44
25.34 25.33 25.26 25.34 25.29 25.28 25.28 25.32 25.37 25.36 25.34 25.32 25.40 25.33 25.38 25.36 25.30 25.36 25.35 25.38 25.41 25.41 25.42 25.41 25.39 25.37 25.37 25.34 25.34 25.38 25.44 25.41 25.39 25.38 25.44 25.46 25.44 25.43 25.43 25.44 25.44 25.43 25.43 25.46 25.47 25.51 25.48 25.44 25.44 25.45 25.48 25.43 25.43 25.42 25.44 25.46 25.46 25.47 25.50 25.52 25.48 25.41 25.47 25.45 25.47 25.43 25.43 25.44 25.48 25.41 25.39 25.41 25.39 25.38 25.42 25.45 25.46
25.36 25.31 25.29 25.35 25.27 25.26 25.25 25.28 25.30 25.35 25.34 25.34 25.38 25.32 25.29 25.35 25.31 25.36 25.31 25.33 25.33 25.34 25.38 25.39 25.37 25.37 25.35 25.39 25.40 25.40 25.44 25.39 25.37 25.37 25.42 25.43 25.39 25.41 25.41 25.44 25.44 25.43 25.43 25.43 25.46 25.46 25.48 25.46 25.45 25.42 25.43 25.50 25.45 25.45 25.44 25.44 25.45 25.44 25.48 25.46 25.46 25.40 25.42 25.44 25.44 25.42 25.42 25.41 25.46 25.44 25.40 25.39 25.38 25.38 25.43 25.44 25.47
25.33 25.35 25.36 25.35 25.33 25.27 25.26 25.27 25.27 25.31 25.33 25.31 25.34 25.28 25.30 25.34 25.34 25.36 25.29 25.27 25.25 25.27 25.31 25.35 25.32 25.30 25.33 25.34 25.34 25.38 25.41 25.41 25.37 25.37 25.41 25.41 25.42 25.41 25.40 25.42 25.43 25.42 25.44 25.43 25.43 25.43 25.45 25.48 25.43 25.41 25.42 25.46 25.48 25.55 25.52 25.46 25.43 25.43 25.42 25.42 25.42 25.45 25.46 25.43 25.43 25.46 25.41 25.41 25.41 25.44 25.42 25.40 25.40 25.41 25.41 25.43 25.40
25.36 25.35 25.32 25.31 25.28 25.29 25.30 25.28 25.24 25.22 25.25 25.29 25.30 25.32 25.30 25.32 25.31 25.31 25.31 25.33 25.30 25.25 25.27 25.34 25.35 25.34 25.34 25.35 25.36 25.37 25.38 25.40 25.36 25.37 25.40 25.43 25.44 25.39 25.42 25.42 25.40 25.40 25.43 25.41 25.41 25.42 25.43 25.48 25.44 25.40 25.40 25.39 25.40 25.42 25.46 25.48 25.41 25.40 25.41 25.40 25.42 25.47 25.48 25.50 25.45 25.45 25.49 25.50 25.49 25.50 25.46 25.42 25.41 25.39 25.37 25.39 25.37
25.37 25.36 25.31 25.28 25.19 25.26 25.21 25.28 25.23 25.23 25.29 25.26 25.24 25.30 25.30 25.34 25.33 25.30 25.35 25.33 25.29 25.30 25.26 25.31 25.30 25.33 25.34 25.34 25.37 25.38 25.40 25.37 25.36 25.35 25.41 25.38 25.35 25.37 25.40 25.39 25.38 25.38 25.40 25.43 25.42 25.40 25.41 25.42 25.46 25.46 25.42 25.41 25.44 25.44 25.50 25.51 25.41 25.37 25.34 25.34 25.38 25.44 25.45 25.46 25.49 25.51 25.52 25.51 25.48 25.50 25.50 25.47 25.42 25.39 25.40 25.37 25.34
25.33 25.33 25.24 25.27 25.31 25.28 25.26 25.26 25.25 25.19 25.24 25.25 25.23 25.22 25.26 25.32 25.29 25.27 25.30 25.29 25.28 25.25 25.26 25.31 25.33 25.32 25.31 25.30 25.29 25.34 25.36 25.38 25.40 25.39 25.41 25.37 25.34 25.35 25.34 25.36 25.39 25.37 25.37 25.40 25.38 25.42 25.41 25.40 25.44 25.44 25.41 25.45 25.46 25.49 25.48 25.50 25.46 25.36 25.37 25.37 25.37 25.39 25.42 25.45 25.49 25.46 25.47 25.49 25.49 25.44 25.46 25.48 25.41 25.34 25.32 25.36 25.33
25.36 25.35 25.28 25.28 25.30 25.28 25.28 25.26 25.25 25.26 25.29 25.25 25.27 25.25 25.27 25.28 25.31 25.21 25.27 25.31 25.32 25.25 25.25 25.29 25.31 25.28 25.27 25.32 25.34 25.32 25.32 25.34 25.38 25.39 25.37 25.35 25.35 25.36 25.34 25.35 25.35 25.35 25.35 25.38 25.39 25.40 25.42 25.42 25.39 25.37 25.36 25.39 25.40 25.41 25.45 25.48 25.43 25.36 25.37 25.42 25.41 25.41 25.43 25.45 25.45 25.43 25.43 25.47 25.48 25.42 25.43 25.44 25.37 25.37 25.37 25.33 25.34
25.37 25.28 25.22 25.20 25.24 25.27 25.28 25.29 25.27 25.25 25.26 25.27 25.21 25.19 25.24 25.26 25.28 25.22 25.25 25.29 25.30 25.24 25.24 25.24 25.28 25.25 25.25 25.27 25.28 25.30 25.30 25.32 25.33 25.31 25.32 25.34 25.33 25.35 25.37 25.33 25.30 25.32 25.36 25.38 25.39 25.38 25.38 25.41 25.35 25.23 25.19 25.37 25.38 25.37 25.41 25.41 25.38 25.36 25.36 25.37 25.41 25.39 25.39 25.43 25.43 25.44 25.46 25.39 25.42 25.37 25.36 25.39 25.40 25.36 25.35 25.31 25.32
25.31 25.23 25.17 25.11 25.15 25.15 25.18 25.27 25.30 25.28 25.24 25.24 25.19 25.22 25.21 25.23 25.20 25.19 25.21 25.26 25.30 25.30 25.27 25.25 25.33 25.33 25.24 25.26 25.29 25.31 25.30 25.30 25.29 25.26 25.27 25.28 25.31 25.33 25.36 25.34 25.33 25.33 25.34 25.35 25.34 25.36 25.36 25.37 25.25 25.00 25.36 25.37 25.38 25.43 25.42 25.38 25.37 25.38 25.36 25.36 25.43 25.42 25.41 25.40 25.39 25.42 25.42 25.39 25.34 25.38 25.39 25.34 25.35 25.36 25.41 25.35 25.35
25.33 25.30 25.22 25.25 25.23 25.20 25.17 25.11 25.27 25.26 25.23 25.25 25.27 25.26 25.29 25.29 25.24 25.22 25.18 25.24 25.28 25.29 25.29 25.25 25.28 25.29 25.28 25.20 25.25 25.27 25.26 25.26 25.25 25.26 25.25 25.24 25.27 25.29 25.31 25.32 25.30 25.32 25.33 25.32 25.33 25.31 25.33 25.32 25.34 25.28 25.33 25.31 25.35 25.40 25.40 25.35 25.34 25.36 25.35 25.37 25.38 25.41 25.42 25.43 25.39 25.37 25.39 25.34 25.35 25.38 25.39 25.35 25.31 25.28 25.26 25.30 25.28
25.35 25.31 25.25 25.20 25.19 25.22 25.11 25.14 25.27 25.24 25.20 25.19 25.25 25.25 25.29 25.27 25.23 25.22 25.20 25.21 25.25 25.28 25.21 25.15 25.19 25.19 25.21 25.25 25.26 25.24 25.26 25.25 25.23 25.22 25.23 25.23 25.23 25.28 25.30 25.31 25.29 25.30 25.31 25.29 25.31 25.32 25.31 25.32 25.34 25.35 25.34 25.36 25.38 25.38 25.39 25.34 25.35 25.36 25.33 25.35 25.38 25.43 25.41 25.38 25.36 25.34 25.37 25.36 25.34 25.36 25.34 25.33 25.29 25.28 25.28 25.27 25.26
25.30 25.28 25.27 25.28 25.20 25.17 25.11 25.17 25.26 25.23 25.20 25.24 25.22 25.25 25.25 25.22 25.23 25.23 25.15 25.19 25.23 25.22 25.25 25.21 25.18 25.19 25.20 25.22 25.25 25.21 25.24 25.25 25.21 25.19 25.21 25.20 25.21 25.22 25.25 25.31 25.28 25.28 25.30 25.28 25.28 25.30 25.31 25.29 25.31 25.32 25.30 25.30 25.36 25.38 25.31 25.32 25.33 25.36 25.35 25.41 25.36 25.39 25.40 25.37 25.34 25.33 25.36 25.36 25.32 25.33 25.33 25.32 25.32 25.31 25.29 25.25 25.27
25.27 25.27 25.24 25.29 25.21 25.19 25.21 25.15 25.25 25.26 25.25 25.24 25.20 25.22 25.22 25.14 25.18 25.20 25.17 25.21 25.22 25.26 25.26 25.20 25.14 25.18 25.18 25.18 25.20 25.22 25.22 25.23 25.25 25.22 25.21 25.22 25.25 25.24 25.27 25.29 25.25 25.25 25.30 25.29 25.28 25.28 25.28 25.29 25.27 25.26 25.27 25.27 25.32 25.35 25.28 25.30 25.28 25.29 25.29 25.30 25.37 25.42 25.42 25.37 25.31 25.32 25.32 25.34 25.34 25.30 25.31 25.32 25.32 25.28 25.28 25.27 25.26
