main/data/irradiance/06.01.2023.grid
ncols 839
nrows 679
xllcenter 112.0500
yllcenter -43.9500
cellsize 0.0500
nodata_value 99999.90
[rows 238 to 271 of 679, columns 385 to 461 of 839]
17.96 17.70 18.19 18.09 17.84 16.88 15.81 15.95 15.90 15.13 16.24 15.30 15.19 14.13 15.49 18.33 18.53 17.44 17.98 17.67 18.17 17.11 15.75 15.38 16.34 16.43 15.63 16.24 16.70 17.56 18.13 16.33 17.94 18.21 17.29 15.75 14.62 14.04 14.63 15.51 17.90 18.91 18.38 17.79 18.20 16.78 16.21 15.04 17.19 16.30 16.16 14.63 13.79 14.58 16.17 16.03 14.21 14.54 14.80 15.43 15.82 17.19 17.16 17.47 18.34 18.56 18.61 18.18 18.64 18.37 18.37 18.64 19.33 18.78 18.04 18.76 19.46
16.01 15.96 15.79 16.57 18.34 16.78 15.68 16.92 16.39 18.09 17.23 17.07 15.91 15.96 16.12 17.57 17.89 16.57 16.91 16.82 16.69 17.00 15.78 14.37 16.97 17.46 17.03 16.41 17.12 16.93 17.17 16.58 17.60 17.70 17.09 15.45 13.80 13.41 14.14 15.63 17.98 20.21 20.12 19.58 16.82 16.02 16.01 15.67 17.05 16.51 15.41 14.38 13.79 14.97 15.61 14.95 14.47 16.35 15.65 15.26 15.75 16.29 16.09 17.73 19.03 17.73 18.65 18.96 19.61 20.51 20.07 20.01 20.09 19.54 18.71 19.86 19.45
15.14 14.42 13.77 14.77 16.41 16.24 16.39 18.27 16.51 16.06 16.28 15.62 15.34 15.23 15.41 16.43 17.58 17.43 17.54 17.46 17.62 17.01 15.73 15.15 18.38 17.60 16.92 16.36 16.22 16.47 16.74 16.66 17.70 16.87 16.65 15.14 14.66 13.58 13.77 14.90 16.09 17.49 17.88 17.13 15.92 16.18 15.98 16.37 16.74 15.99 15.56 14.14 14.47 14.89 15.39 13.38 13.77 14.86 15.74 15.75 17.03 17.15 17.14 17.51 19.32 18.59 18.95 20.29 21.31 21.63 20.41 21.27 20.00 19.56 18.40 19.38 19.98
13.22 13.29 12.57 12.17 13.67 14.60 16.05 16.51 16.23 15.52 15.73 15.44 14.38 14.79 14.89 15.64 16.70 17.55 18.56 18.57 18.28 17.98 16.95 16.76 18.25 18.04 17.47 17.08 16.62 16.62 16.25 16.61 16.36 15.57 15.70 14.78 13.97 12.84 12.77 14.17 15.85 16.76 17.01 15.89 15.61 16.42 16.06 16.17 16.10 15.24 14.94 14.33 14.22 15.15 14.58 13.37 14.19 14.99 16.36 16.53 17.23 17.39 16.55 17.43 18.11 18.67 19.23 21.00 21.19 20.87 20.67 21.64 20.96 20.00 19.31 19.60 19.81
12.70 12.87 12.34 11.65 13.51 14.97 17.82 17.01 17.17 17.40 16.59 15.27 16.01 15.94 15.66 16.57 17.52 17.90 18.91 19.10 18.50 18.33 17.89 18.39 18.06 18.43 18.54 17.73 16.79 16.46 15.96 15.95 16.16 15.84 15.21 14.27 13.17 12.25 12.02 13.84 15.23 16.59 17.39 16.65 16.29 16.77 17.58 16.72 16.62 16.55 16.00 14.59 14.07 14.73 15.28 14.76 14.59 15.65 16.31 17.24 15.98 15.80 16.74 16.95 18.20 18.46 19.88 20.84 20.46 20.20 20.00 20.27 20.25 20.29 21.11 21.77 20.74
13.93 13.53 12.40 11.62 12.35 14.07 15.94 17.11 17.00 16.99 17.82 17.28 18.08 17.74 18.01 18.16 19.58 19.81 19.03 19.17 19.04 19.05 18.41 18.84 18.44 18.11 18.01 17.53 16.37 15.40 16.30 16.34 16.66 16.89 16.02 14.79 14.01 14.22 14.15 14.79 15.46 16.40 16.40 16.37 16.35 16.50 16.69 16.30 16.08 16.49 16.23 15.16 15.86 15.31 15.47 14.97 14.39 16.34 16.82 17.70 16.61 16.52 16.02 16.40 18.14 18.63 19.12 20.43 20.85 20.39 21.04 20.47 20.94 21.04 21.29 20.24 19.84
13.53 14.47 13.24 12.87 14.08 15.27 16.04 17.65 17.50 17.01 17.84 18.22 18.90 18.09 17.62 17.83 19.35 19.83 18.50 18.79 19.35 18.80 18.44 18.20 18.08 17.49 16.17 16.55 16.56 15.46 15.08 16.23 16.50 16.86 16.46 15.55 13.82 15.12 16.06 16.04 16.31 17.57 17.48 16.93 16.87 16.17 15.06 15.25 15.32 15.25 15.33 17.11 16.69 16.17 15.05 14.54 13.87 16.31 18.16 18.90 17.73 16.49 15.99 16.28 17.13 18.34 18.41 19.84 21.38 21.39 21.72 21.45 21.41 21.15 21.23 21.04 20.39
13.74 13.96 14.00 14.44 14.28 14.21 15.93 16.86 15.45 15.32 16.22 17.24 16.05 16.06 17.91 18.07 17.71 18.97 19.28 18.88 19.57 19.50 18.93 18.57 17.75 17.11 16.31 15.72 15.95 15.46 15.15 15.59 15.77 15.68 16.10 15.96 14.33 14.53 16.15 16.20 15.78 16.57 17.11 17.47 16.07 15.36 15.12 13.32 13.96 15.05 16.01 16.08 16.10 15.11 14.89 14.64 14.83 16.54 18.12 17.88 17.83 17.16 16.82 16.12 17.00 17.43 18.30 18.41 19.71 21.56 22.40 21.62 21.35 20.90 21.57 22.18 22.56
14.14 14.87 15.25 15.28 13.93 13.70 14.64 15.02 14.33 14.37 14.75 15.49 15.48 16.31 17.17 17.75 16.56 17.07 19.07 19.95 20.26 19.58 19.89 18.71 17.60 16.61 16.85 16.64 16.62 16.19 15.50 15.05 15.85 15.06 16.44 15.88 14.29 14.17 15.03 15.82 15.07 15.63 16.66 16.55 15.81 13.97 13.38 11.80 12.32 13.42 14.98 14.91 15.87 15.40 14.99 16.06 15.99 15.16 16.60 15.58 16.21 16.35 16.71 16.55 17.65 17.61 17.09 17.24 18.39 20.96 22.66 22.84 22.88 23.15 23.57 22.58 23.23
14.59 15.28 15.86 16.68 15.16 14.87 14.82 14.73 15.02 15.55 15.53 16.32 16.51 17.40 18.36 17.98 16.72 17.46 18.94 19.40 20.70 19.90 19.02 18.30 17.80 16.35 16.78 17.00 17.81 17.99 16.84 16.12 16.12 15.68 16.44 16.31 14.86 15.19 15.01 15.30 15.24 16.25 16.52 16.62 15.31 14.13 12.24 12.05 12.54 12.41 13.45 14.24 15.26 15.63 15.20 14.90 14.43 14.18 15.59 16.36 16.99 16.75 16.22 16.36 17.49 17.81 16.93 17.48 19.21 20.18 21.25 22.52 22.29 22.81 23.96 24.02 24.10
15.88 16.40 17.00 17.04 16.57 16.41 15.74 16.35 16.75 17.36 16.63 17.32 17.02 18.77 18.83 18.05 18.04 19.02 19.19 18.91 19.27 19.22 18.45 18.25 17.67 16.70 17.23 16.68 17.25 17.16 16.75 17.51 18.01 16.96 15.78 15.55 15.31 14.53 14.51 14.67 15.42 15.81 15.60 15.91 15.38 13.73 12.41 11.47 11.54 12.04 13.08 13.03 14.00 15.22 16.31 14.55 12.62 12.67 14.00 15.65 16.48 17.06 16.97 17.06 18.61 19.72 19.74 19.56 19.16 20.68 19.79 21.49 22.85 23.20 23.39 23.86 24.49
16.43 17.06 16.36 17.04 17.07 16.47 15.94 17.08 17.38 18.19 17.82 17.78 18.25 18.80 19.53 19.20 19.56 19.04 19.03 17.13 16.88 17.65 18.60 18.18 17.66 16.80 16.61 17.27 17.04 17.18 17.07 17.32 17.21 16.46 16.43 16.39 16.12 15.05 15.32 15.19 15.04 15.15 14.48 13.57 13.58 12.42 11.42 10.71 10.90 11.39 12.55 13.17 13.54 14.73 16.05 13.86 11.72 12.48 13.25 13.45 14.51 15.60 16.82 16.83 17.95 18.25 18.70 18.69 19.28 19.13 19.41 21.70 23.01 24.20 24.43 23.66 23.58
16.05 16.76 17.19 17.75 16.93 16.56 15.66 15.78 16.05 16.43 17.73 20.42 20.35 19.67 18.58 18.60 18.79 18.08 16.88 15.99 16.54 16.79 16.90 17.72 16.37 17.18 16.84 17.08 16.85 17.38 17.83 17.48 16.41 16.19 16.60 16.54 16.97 16.41 15.16 14.41 13.78 13.78 12.89 12.50 12.68 13.67 12.27 11.64 11.39 11.11 11.16 12.20 13.20 14.11 14.23 13.14 13.74 13.74 13.51 14.33 14.27 14.72 15.75 17.16 17.96 17.19 17.52 17.66 19.13 20.11 20.47 22.57 23.17 23.19 23.69 22.86 22.96
17.05 17.66 17.60 16.68 16.88 16.83 16.51 15.00 16.00 16.94 18.04 18.89 19.73 18.32 16.84 17.35 17.29 17.09 15.75 15.88 16.36 17.23 17.17 18.08 17.51 17.79 17.38 16.82 17.70 17.52 17.48 16.66 16.35 16.66 16.29 16.25 16.18 16.04 14.94 14.06 13.43 12.65 13.19 13.48 13.48 13.86 12.96 12.87 12.29 11.64 12.12 11.46 12.83 13.32 13.90 14.05 15.69 15.54 15.15 14.86 15.08 16.38 16.65 18.67 19.10 19.55 19.77 20.69 19.92 20.54 20.84 21.85 21.93 21.37 21.59 20.56 21.04
17.96 18.08 17.47 16.68 16.14 16.72 16.80 16.64 16.96 17.91 18.35 18.31 18.75 18.08 16.97 16.44 16.44 16.17 14.69 16.13 17.40 17.46 16.46 17.02 17.75 17.87 17.48 17.22 17.63 16.32 15.22 15.16 15.68 15.44 15.29 14.98 15.26 14.79 14.65 14.13 13.47 12.81 13.05 14.23 13.60 14.04 12.95 12.93 14.30 14.46 14.73 12.69 12.86 14.39 14.72 16.08 16.05 15.51 15.75 15.24 16.08 16.48 17.14 17.67 19.18 20.18 19.99 20.46 20.34 20.10 20.04 21.36 21.42 20.83 20.98 21.14 20.61
17.47 17.04 16.59 17.27 17.26 17.03 17.24 17.96 19.37 20.27 19.87 19.53 18.62 17.28 16.70 15.67 15.64 15.11 14.70 17.06 16.74 15.95 16.11 17.36 18.69 18.50 17.18 16.87 16.73 15.68 15.05 15.41 14.83 14.25 15.82 15.63 15.41 13.87 13.30 13.80 13.63 13.19 13.95 14.65 14.08 14.21 14.67 13.79 14.43 14.89 14.23 13.87 14.11 14.51 15.43 16.26 16.41 15.92 15.55 16.28 16.85 17.72 17.79 18.41 19.07 18.65 18.49 19.32 20.22 20.52 19.79 19.86 19.59 19.83 20.42 18.98 19.12
17.49 17.45 18.31 17.55 17.51 17.64 17.59 17.71 18.78 19.94 19.59 19.29 18.67 16.85 16.27 15.36 14.49 15.15 15.32 16.39 16.33 17.09 17.23 17.81 18.17 18.26 16.70 16.00 15.27 14.91 15.20 15.62 15.33 14.53 14.93 15.59 15.53 14.38 14.16 13.70 14.00 13.88 13.44 14.32 14.87 14.97 14.56 15.45 15.84 15.89 14.30 13.38 13.94 14.85 16.11 16.88 16.03 14.92 15.35 16.58 17.40 17.61 18.89 19.05 19.22 19.81 20.47 21.36 21.04 20.07 18.99 18.68 18.70 18.75 19.38 19.90 19.34
16.78 16.74 17.34 17.46 17.17 18.22 18.13 17.93 19.14 19.78 19.41 18.40 17.84 16.86 16.62 16.27 15.33 14.43 14.88 15.68 16.00 16.00 17.33 17.18 17.11 16.45 15.50 15.53 15.32 14.17 15.02 15.35 15.19 14.18 15.08 15.01 15.07 14.47 13.94 14.01 13.96 14.43 13.48 13.96 15.49 15.62 15.31 16.01 15.96 16.09 15.80 15.25 14.67 14.88 15.09 15.95 15.89 15.51 15.32 16.43 17.05 17.31 18.63 19.58 20.36 21.09 21.18 20.39 21.15 20.57 19.56 19.08 18.28 18.64 18.33 17.43 18.43
19.27 18.28 16.97 17.77 17.77 17.81 17.65 17.56 18.03 17.78 17.84 16.78 17.34 16.15 16.39 16.05 15.63 13.94 13.56 15.03 15.72 14.65 16.10 16.41 15.80 14.32 14.27 13.75 14.17 12.89 13.50 14.77 14.34 14.26 15.26 14.25 14.28 13.77 13.87 14.12 13.94 14.00 13.84 14.55 15.47 16.59 16.13 16.48 16.46 15.90 16.12 16.28 16.13 15.62 15.86 16.37 16.62 16.04 16.07 15.58 16.56 17.07 18.52 19.26 19.21 19.13 19.19 20.65 21.25 20.53 19.79 19.97 18.32 17.54 18.44 18.75 19.83
18.46 18.50 17.30 17.55 17.62 17.76 17.02 16.75 16.84 16.85 17.58 16.93 17.39 15.52 15.91 16.62 16.35 15.17 13.98 13.90 14.39 14.31 15.05 15.75 15.57 14.71 13.14 12.80 12.74 12.11 13.23 13.92 14.14 14.19 14.54 13.57 14.06 13.23 13.38 13.76 15.04 14.09 14.27 14.22 15.74 16.59 16.77 16.33 17.27 17.06 17.05 16.10 15.57 16.09 16.13 16.72 17.24 17.32 17.49 17.24 17.55 17.58 18.38 19.04 18.52 19.19 19.55 19.55 20.06 19.89 19.49 18.94 18.85 17.84 17.87 18.94 19.91
18.47 18.28 17.24 17.09 16.28 16.62 16.92 16.82 16.17 16.18 16.41 16.70 16.00 14.44 15.77 15.89 15.37 14.49 13.91 13.36 13.97 13.23 13.26 14.33 14.37 13.33 12.59 12.05 11.66 11.50 12.48 13.62 14.32 14.87 14.78 13.77 13.50 13.80 14.67 15.08 15.87 15.49 15.39 15.45 16.08 16.52 15.96 17.08 18.01 18.53 18.46 17.73 16.76 16.75 17.81 17.95 18.16 17.55 18.19 18.56 18.50 19.19 19.05 19.06 19.30 20.45 20.41 19.81 19.40 19.22 19.55 19.25 19.04 19.41 19.26 19.78 19.46
18.17 18.35 18.08 16.22 16.67 16.98 16.87 16.30 14.90 14.73 14.77 16.42 16.40 15.60 14.29 14.99 14.74 13.99 13.89 13.22 13.91 13.54 13.30 13.68 14.40 13.19 12.59 11.70 11.95 12.35 13.03 13.78 14.29 14.69 14.17 13.48 13.52 14.05 15.13 15.75 16.85 16.28 16.18 15.67 16.08 16.07 16.17 17.51 18.29 18.57 19.18 18.97 17.92 17.44 17.73 17.65 18.02 18.40 18.54 19.06 19.18 19.56 19.68 18.98 19.89 20.75 20.31 19.98 19.37 19.02 18.60 18.55 18.31 18.61 19.10 20.04 19.48
18.88 18.28 17.55 16.20 15.03 17.09 16.90 17.06 15.98 16.25 15.85 15.56 15.20 14.67 14.49 14.53 13.76 13.87 13.47 13.43 14.68 14.56 14.25 13.82 13.17 12.45 13.70 12.92 13.07 12.94 12.83 12.33 12.98 13.76 13.29 12.71 12.54 13.75 15.01 16.14 17.08 16.08 16.54 15.74 16.23 17.06 17.63 17.95 19.34 19.00 18.10 17.47 17.48 17.40 17.72 17.20 17.51 18.45 19.59 20.03 19.58 18.66 17.99 18.29 18.71 19.11 18.94 18.38 17.67 17.36 17.80 18.08 18.16 18.93 19.17 20.17 20.37
18.80 19.08 18.72 17.38 16.84 16.14 16.87 16.08 16.37 16.74 17.16 16.64 15.42 14.68 14.99 14.62 13.08 13.30 13.76 13.70 14.00 14.37 14.48 14.07 12.32 12.82 13.65 12.77 11.93 13.17 12.54 12.12 13.18 13.99 12.59 13.15 13.54 13.35 14.27 15.28 15.28 16.11 16.88 16.59 16.43 17.20 18.30 18.82 19.43 18.28 17.90 17.34 16.42 17.45 17.94 16.98 17.06 18.29 20.07 19.89 19.51 18.28 16.78 17.60 17.56 17.66 17.53 16.74 16.45 16.59 17.13 17.32 17.97 19.11 18.88 19.15 20.44
18.51 18.82 18.13 18.05 16.96 16.17 16.43 15.04 15.82 15.28 15.79 16.16 14.91 13.71 13.82 14.03 12.57 13.21 13.11 13.85 13.64 14.02 13.72 12.82 12.05 12.51 12.64 12.15 12.17 11.61 11.18 11.51 13.42 13.69 13.16 13.94 14.57 13.36 13.14 14.05 14.61 15.92 16.83 17.15 16.98 17.31 18.24 18.60 17.84 18.13 17.00 16.89 16.36 17.90 18.03 17.60 18.03 18.50 19.66 20.48 19.74 17.98 15.79 16.22 16.57 16.36 16.33 16.18 16.26 16.05 16.44 16.98 17.86 18.94 19.32 19.13 19.35
20.13 19.63 19.36 18.70 17.75 16.22 15.84 14.64 15.26 14.44 14.38 14.03 13.25 13.80 13.77 13.68 12.59 12.01 12.89 12.55 13.10 12.94 12.68 12.52 12.74 12.88 12.56 11.94 11.73 11.81 11.05 12.30 12.72 13.55 14.22 14.34 13.61 14.48 13.80 14.17 14.32 14.90 15.68 15.97 16.40 16.88 18.14 16.76 15.69 15.95 15.87 16.14 16.14 16.37 16.51 15.83 16.60 17.19 17.78 18.33 17.99 17.41 16.61 15.65 16.01 16.53 16.43 17.01 17.00 17.05 16.87 16.46 17.55 19.26 19.83 19.79 19.93
19.26 20.33 18.82 17.73 17.00 16.22 14.88 13.86 13.58 14.19 14.78 13.49 12.60 12.51 11.95 11.86 11.83 12.84 12.54 11.15 11.88 11.05 11.93 12.09 11.42 11.79 12.44 13.06 12.92 12.29 11.80 12.15 11.91 13.37 14.14 14.17 14.00 14.24 14.37 14.46 14.04 14.66 15.63 14.82 14.60 14.98 15.70 16.33 15.11 15.35 16.99 16.45 16.11 16.31 16.69 16.39 15.99 16.48 16.77 16.12 15.61 16.69 16.31 16.02 15.79 17.08 17.62 18.43 18.41 18.02 18.07 17.63 17.50 18.50 19.41 19.66 19.54
20.40 20.27 19.12 18.00 16.58 15.61 15.39 12.50 11.49 13.46 15.18 14.29 12.84 13.12 12.13 10.77 11.43 12.49 12.59 11.19 10.79 10.56 10.77 12.31 12.33 11.91 12.92 13.71 13.46 12.81 12.55 11.86 11.86 12.86 13.42 13.53 14.74 14.88 14.17 14.02 14.50 15.04 15.55 15.08 15.13 14.14 14.33 16.16 15.22 15.57 16.77 16.73 16.36 16.01 16.17 16.51 16.71 16.46 15.74 15.21 15.00 15.44 16.68 17.58 16.90 17.19 18.18 19.54 19.78 19.93 19.25 18.60 18.40 18.62 18.77 19.69 18.80
20.07 19.69 19.10 19.51 17.49 15.79 15.20 13.26 12.10 12.74 14.95 15.85 12.63 12.03 12.07 11.97 12.20 11.68 13.07 12.33 11.85 11.92 12.51 12.45 11.66 11.99 12.63 14.10 14.55 14.48 14.34 13.69 12.52 12.78 13.15 13.24 13.90 14.95 14.21 14.02 14.48 16.14 15.91 15.34 15.21 14.65 14.82 15.18 15.59 16.58 16.87 16.48 15.58 15.71 16.36 16.76 17.45 16.30 15.76 15.94 16.37 16.55 17.01 19.00 18.50 18.97 19.00 19.91 19.97 20.23 19.94 20.34 19.71 19.17 18.48 18.42 18.31
17.78 18.46 18.94 18.54 17.38 16.57 15.86 13.54 12.30 12.59 12.63 13.51 12.47 12.06 13.00 13.07 13.48 14.32 14.40 14.67 13.53 11.97 12.72 14.11 13.04 13.45 13.84 14.16 14.36 15.92 16.20 15.18 13.52 13.69 13.78 13.67 14.36 15.12 14.41 13.17 14.18 15.56 16.27 15.55 15.47 14.88 14.15 15.38 16.09 16.25 16.52 16.76 15.72 16.10 16.29 16.22 16.49 16.11 16.09 16.58 16.29 16.33 17.69 18.56 17.65 17.68 17.98 19.34 19.03 18.70 19.26 20.96 21.62 20.95 19.80 18.56 19.31
16.54 16.16 16.88 17.53 16.38 17.45 15.99 14.93 12.69 12.83 14.53 15.14 14.48 14.28 14.68 14.50 14.22 15.00 14.72 14.85 14.12 13.02 12.40 12.75 13.66 13.44 14.50 15.00 15.57 15.73 16.51 15.00 14.27 13.60 13.35 13.11 14.06 14.76 13.84 14.22 14.39 15.17 16.10 16.75 15.98 15.16 15.38 15.49 16.49 16.52 16.41 17.11 16.43 15.89 15.57 15.24 15.81 15.61 16.05 17.26 17.44 17.85 17.61 17.24 17.48 17.30 17.40 19.69 20.27 19.38 19.93 20.65 20.17 19.48 20.51 21.56 21.45
16.85 15.54 15.74 16.12 15.44 16.39 16.41 17.29 16.21 15.53 17.19 16.42 15.76 15.84 15.19 15.76 15.58 14.57 15.82 15.40 14.32 13.40 12.40 11.90 12.28 13.65 13.34 13.75 13.94 13.58 14.16 13.57 13.18 12.94 12.51 13.71 15.19 14.62 14.00 13.76 14.88 16.42 16.79 18.19 17.73 17.03 16.55 15.63 15.72 16.44 16.46 17.92 18.50 18.17 15.68 14.86 14.85 15.24 16.12 17.68 17.84 18.79 19.26 18.38 18.76 18.73 20.12 21.12 21.35 21.83 21.77 21.77 20.09 19.51 20.49 21.78 22.38
16.10 15.83 16.27 15.76 15.87 16.04 16.09 16.61 17.73 16.92 16.79 16.82 17.07 16.41 16.42 16.26 16.08 16.06 17.42 15.98 15.55 14.61 14.04 12.96 13.27 13.78 13.49 13.80 13.14 11.64 12.68 13.33 12.25 12.82 13.67 13.85 14.68 14.94 15.52 14.11 15.11 16.37 16.50 16.92 17.43 17.08 17.11 16.74 15.68 16.70 17.29 17.07 17.73 16.58 13.98 14.31 15.39 16.07 16.86 18.03 18.88 19.30 19.12 18.75 18.91 20.03 21.34 21.29 22.09 23.06 23.63 23.64 22.95 21.59 22.25 22.08 23.14
15.95 15.24 15.72 16.08 16.33 16.32 15.75 16.13 16.77 17.00 17.07 17.52 17.35 17.49 18.15 18.07 17.92 16.66 16.83 15.95 14.93 14.78 15.43 13.54 13.61 14.55 14.05 13.39 13.95 13.38 12.82 13.39 13.46 13.04 12.59 13.10 14.45 13.78 14.38 15.05 15.16 15.42 15.47 15.91 16.96 16.31 16.85 16.61 16.21 15.88 16.34 15.96 16.21 15.32 14.53 14.47 14.32 15.31 17.31 17.31 17.73 19.44 19.66 19.04 19.00 18.83 20.08 21.03 21.80 23.26 23.82 24.27 23.04 22.79 23.28 23.99 23.59
