main/data/irradiance/06.02.2023.grid
ncols 839
nrows 679
xllcenter 112.0500
yllcenter -43.9500
cellsize 0.0500
nodata_value 99999.90
[rows 544 to 577 of 679, columns 539 to 615 of 839]
99999.90 99999.90 99999.90 99999.90 99999.90 24.60 24.60 24.60 25.02 25.02 25.02 25.02 25.02 25.02 25.02 25.02 25.02 23.64 23.02 22.44 23.92 23.49 23.69 23.51 23.69 23.25 22.95 23.44 23.14 23.15 23.40 23.43 23.56 23.70 23.92 24.11 23.49 23.13 23.64 24.00 24.27 24.92 25.09 24.42 24.63 25.40 25.73 25.94 26.52 27.54 27.90 28.00 28.13 28.16 28.14 28.01 28.03 28.19 28.18 28.21 28.17 28.20 28.17 28.20 28.19 28.24 28.20 28.20 28.07 27.80 27.70 28.00 28.12 28.06 27.94 27.86 27.97
99999.90 99999.90 99999.90 99999.90 99999.90 24.60 25.02 25.02 25.02 25.02 25.02 25.02 25.02 25.02 25.02 25.02 25.02 25.02 23.02 22.97 24.67 23.92 23.08 22.81 22.70 22.83 22.16 22.87 22.82 22.42 23.23 23.08 23.19 23.15 23.46 23.28 23.10 22.70 22.81 22.75 23.27 23.65 23.93 23.63 23.30 23.89 24.23 24.79 25.51 26.65 27.25 27.75 27.88 27.99 27.76 27.90 28.04 27.94 28.04 28.08 28.13 28.17 28.18 28.20 28.21 28.21 28.18 28.05 27.86 27.64 27.70 27.80 28.13 28.14 27.82 27.58 27.43
99999.90 99999.90 99999.90 99999.90 99999.90 24.60 25.02 25.02 25.02 25.02 25.02 25.02 25.02 25.02 25.02 25.02 25.02 25.02 22.97 22.97 24.77 23.66 22.54 21.54 22.10 22.40 22.19 22.53 22.77 22.35 22.24 22.11 22.66 23.20 23.21 22.99 22.46 22.17 22.47 21.99 22.38 22.44 22.91 22.98 22.67 22.51 23.10 23.72 24.13 25.40 26.39 27.05 27.47 27.71 27.83 28.04 28.04 27.85 27.85 27.90 28.12 28.15 28.14 28.18 28.19 28.15 27.75 27.57 27.61 27.64 27.46 27.59 27.75 27.60 27.35 27.32 27.40
99999.90 99999.90 99999.90 99999.90 99999.90 24.60 25.02 25.02 25.02 25.02 25.02 25.02 25.02 25.02 25.02 25.02 25.02 22.97 22.97 24.77 24.77 23.62 23.47 21.75 21.39 21.48 21.55 21.85 22.14 21.36 21.77 21.98 21.71 22.63 22.93 22.40 21.67 21.44 21.88 21.70 21.74 21.99 21.78 22.18 22.12 22.06 22.14 22.87 23.33 23.78 25.09 25.65 26.56 27.06 27.50 27.59 27.98 27.90 27.83 27.64 27.91 27.90 27.54 27.98 28.13 27.96 27.73 27.70 27.38 27.60 27.58 27.33 27.23 27.31 27.26 27.54 27.56
99999.90 99999.90 99999.90 99999.90 99999.90 24.60 25.02 25.02 25.02 25.02 25.02 25.02 25.02 25.02 25.02 25.02 25.02 22.97 24.77 25.52 25.52 25.52 24.21 22.79 21.86 21.21 21.45 21.35 21.40 20.77 20.80 20.71 20.90 21.42 22.00 21.55 21.25 21.03 21.46 21.39 21.49 21.25 21.34 21.45 21.30 21.63 21.74 22.40 23.07 23.21 24.00 24.64 25.75 26.69 26.97 27.40 27.69 27.72 27.67 27.45 27.26 27.34 27.57 27.69 27.86 27.82 27.58 27.59 27.48 27.46 27.39 27.31 27.40 27.20 27.13 27.43 27.51
99999.90 99999.90 99999.90 99999.90 99999.90 24.60 25.02 25.02 25.02 25.02 25.02 25.02 25.02 25.02 25.02 25.02 25.02 25.52 25.52 25.52 25.52 25.52 25.01 23.50 22.21 21.81 21.29 20.81 21.16 20.19 20.38 19.84 20.57 21.06 21.66 21.16 20.77 20.93 21.09 21.01 20.73 20.75 20.62 20.90 20.81 20.63 21.18 21.75 22.20 22.63 22.85 23.73 24.15 25.39 26.40 26.93 27.38 27.21 27.07 27.14 26.88 27.30 27.17 27.32 27.22 27.09 27.08 27.39 27.21 27.00 27.14 27.22 27.60 27.38 27.16 26.93 27.08
99999.90 99999.90 99999.90 99999.90 99999.90 24.60 25.02 25.02 25.02 25.02 25.02 25.02 25.02 25.02 25.02 25.02 25.52 25.52 25.52 25.52 25.52 25.01 25.01 24.62 24.10 21.83 21.52 21.52 21.06 19.98 19.53 18.86 19.41 19.98 20.80 20.60 20.35 20.38 20.34 20.56 20.86 20.85 20.71 20.56 20.02 20.35 20.78 21.50 22.00 22.00 22.33 22.62 22.98 23.79 24.64 25.71 26.48 26.66 26.68 26.84 26.80 26.79 26.53 26.91 26.88 26.84 26.67 27.10 26.86 26.81 26.92 26.98 27.45 27.23 27.35 26.94 26.65
99999.90 99999.90 99999.90 99999.90 99999.90 99999.90 25.02 25.02 25.02 25.02 25.02 25.02 25.02 25.02 25.02 25.52 25.52 25.52 25.52 25.52 25.01 25.01 24.62 24.62 25.52 23.75 22.68 22.33 21.15 19.55 18.76 18.81 18.54 19.41 19.97 19.81 19.68 20.10 20.72 20.32 20.93 20.23 20.59 20.37 19.73 20.14 20.26 21.16 21.75 21.72 21.70 21.90 22.23 22.95 23.56 24.40 25.39 25.87 26.05 26.55 26.59 26.61 26.53 26.65 26.61 26.76 26.83 26.92 26.78 26.74 26.83 26.74 27.01 27.17 26.99 26.87 26.74
99999.90 99999.90 99999.90 99999.90 99999.90 99999.90 25.02 25.02 25.02 25.02 25.02 25.02 25.02 25.02 25.52 25.52 25.52 25.52 25.52 25.01 25.01 24.62 24.62 25.52 25.52 25.46 24.09 24.37 22.05 19.61 18.51 19.06 19.66 20.18 20.54 20.09 20.05 20.25 19.95 20.26 20.40 20.39 20.00 20.41 19.82 20.13 19.99 20.44 21.14 21.16 21.07 21.54 21.81 22.12 22.73 23.29 24.25 25.25 25.90 26.40 26.45 26.33 26.57 26.34 26.07 26.27 26.59 26.58 26.34 26.29 26.33 26.32 26.37 26.56 26.70 26.73 26.73
99999.90 99999.90 99999.90 99999.90 99999.90 99999.90 25.02 25.02 25.02 25.02 25.02 25.02 25.02 25.52 25.52 25.52 25.52 25.52 25.01 25.01 24.62 24.62 25.52 25.52 25.46 25.46 25.89 26.53 23.57 20.21 18.96 19.03 20.00 20.18 20.30 20.18 20.20 19.72 19.74 20.01 19.78 19.73 19.90 20.37 19.52 19.71 19.60 20.31 20.96 20.63 20.31 20.93 20.92 21.36 21.75 22.18 23.14 24.36 25.26 25.47 26.25 26.21 25.98 26.58 25.84 26.20 26.23 26.37 26.30 25.99 25.88 25.92 26.28 26.35 26.44 26.43 26.11
99999.90 99999.90 99999.90 99999.90 99999.90 99999.90 25.02 25.02 25.02 25.02 25.02 25.02 25.02 25.52 25.52 25.52 25.52 25.01 25.01 24.62 24.62 25.52 25.52 25.46 26.19 26.19 26.19 26.00 24.83 20.43 18.80 19.19 20.15 20.94 20.55 20.35 20.45 20.02 20.56 20.24 19.61 18.72 19.68 19.35 19.28 19.33 19.23 20.21 19.88 20.48 20.05 20.35 20.23 20.78 20.57 21.43 22.09 22.98 23.89 24.80 25.63 25.55 25.80 25.93 26.05 26.28 26.18 26.30 26.32 26.07 25.80 26.03 25.95 26.07 26.06 26.08 25.97
99999.90 99999.90 99999.90 99999.90 99999.90 99999.90 99999.90 99999.90 99999.90 22.97 22.97 25.52 25.52 25.52 25.52 25.52 25.01 25.01 24.62 24.62 25.52 25.52 26.19 26.19 26.19 26.19 26.19 25.21 22.36 19.93 18.52 19.28 19.23 20.80 20.53 20.16 20.00 19.78 18.98 19.83 19.08 19.01 19.25 19.01 18.72 18.85 18.60 19.52 19.07 19.50 19.23 19.19 19.27 19.52 19.50 19.52 20.16 21.41 21.84 23.26 24.10 24.14 24.67 24.95 25.43 25.72 25.85 26.02 25.92 25.56 25.46 25.60 25.63 25.63 25.90 25.41 25.62
99999.90 99999.90 99999.90 99999.90 99999.90 99999.90 99999.90 99999.90 99999.90 99999.90 24.77 25.52 25.52 25.52 25.52 25.01 25.01 24.62 24.62 25.52 26.19 26.19 26.19 26.19 26.19 26.19 25.21 25.21 21.19 19.00 19.30 18.91 18.43 18.99 19.67 19.59 19.63 19.92 18.62 18.08 17.84 18.07 19.39 18.26 18.11 19.27 17.97 19.33 18.45 18.06 18.41 18.46 17.56 17.90 18.20 17.91 18.88 19.33 19.71 20.10 21.54 22.48 22.70 23.05 23.65 24.60 25.25 25.23 25.48 25.20 24.98 25.42 25.38 25.76 25.28 25.02 25.04
99999.90 99999.90 99999.90 99999.90 99999.90 99999.90 99999.90 99999.90 99999.90 99999.90 99999.90 25.52 25.52 25.52 25.01 25.01 24.62 24.62 25.52 26.19 26.19 26.19 26.19 26.19 26.19 25.21 22.40 22.40 22.40 22.19 20.42 18.73 18.77 19.23 18.31 18.51 18.98 19.97 17.64 17.28 17.31 16.95 18.15 18.18 18.66 18.53 19.14 18.58 17.95 17.30 17.94 17.89 17.10 16.88 17.14 17.54 17.75 18.48 17.51 18.28 19.28 19.23 19.89 20.19 21.50 23.04 24.40 24.53 24.20 24.06 24.05 23.85 24.73 25.13 24.74 24.37 24.85
99999.90 99999.90 99999.90 99999.90 99999.90 99999.90 99999.90 99999.90 99999.90 99999.90 99999.90 25.52 25.52 25.01 25.01 24.62 24.62 26.19 26.19 26.19 26.19 26.19 26.19 26.19 22.40 22.40 22.40 22.40 22.40 22.19 22.41 19.71 19.66 19.45 18.07 18.68 18.22 17.27 17.23 17.95 16.80 17.08 17.45 17.51 18.12 19.33 19.57 19.43 18.83 17.75 17.95 17.65 16.57 16.23 16.65 16.89 16.45 17.40 17.10 16.36 16.56 17.40 16.56 17.55 19.22 21.24 21.93 22.19 22.32 22.29 22.00 21.96 23.03 23.41 23.59 23.58 23.77
99999.90 99999.90 99999.90 99999.90 99999.90 99999.90 99999.90 99999.90 99999.90 99999.90 99999.90 99999.90 25.01 25.01 24.62 24.62 26.19 26.19 26.19 26.19 26.19 26.19 22.40 22.40 22.40 22.40 22.40 22.40 22.40 22.41 22.41 19.71 19.89 19.64 18.46 19.68 19.40 19.09 17.00 17.64 17.64 16.57 17.52 17.32 16.72 18.60 20.00 19.27 18.58 18.63 18.39 16.94 16.17 14.74 15.14 16.47 16.53 16.83 16.14 15.64 15.73 15.16 15.16 16.83 17.63 19.01 19.57 19.37 19.67 19.29 19.58 20.35 21.12 21.42 21.87 21.85 22.06
99999.90 99999.90 99999.90 99999.90 99999.90 99999.90 99999.90 99999.90 99999.90 99999.90 99999.90 99999.90 99999.90 24.62 24.62 25.52 26.19 26.19 26.19 26.19 26.19 22.40 22.40 22.40 22.40 22.40 22.40 22.40 22.41 22.41 22.41 19.89 19.89 19.64 21.10 21.94 22.02 19.09 20.02 20.76 20.86 20.26 18.12 16.69 15.64 17.91 18.19 17.25 17.71 17.75 18.16 17.09 15.57 14.62 14.61 16.19 17.08 16.03 15.54 15.58 15.39 14.11 14.50 15.63 17.54 17.96 17.94 17.75 17.70 17.82 17.75 19.16 19.29 19.70 19.68 20.44 20.15
99999.90 99999.90 99999.90 99999.90 99999.90 99999.90 99999.90 99999.90 99999.90 99999.90 99999.90 99999.90 99999.90 99999.90 25.52 25.52 26.19 26.19 26.19 22.40 22.40 22.40 22.40 22.40 22.40 22.40 22.40 22.40 22.41 22.41 19.89 19.89 19.89 21.10 21.10 21.94 22.02 22.02 20.02 20.76 20.86 20.26 21.33 19.57 17.43 16.21 17.14 16.61 17.48 16.39 17.75 16.67 15.32 14.75 14.39 15.62 16.40 15.46 15.16 14.45 14.80 14.64 15.37 15.62 17.20 17.49 16.61 16.64 16.83 16.37 17.38 18.28 18.56 19.02 18.81 18.72 18.86
99999.90 99999.90 99999.90 99999.90 99999.90 99999.90 99999.90 99999.90 99999.90 99999.90 99999.90 99999.90 99999.90 99999.90 99999.90 25.46 26.19 26.19 22.40 22.40 22.40 22.40 22.40 22.40 22.40 22.40 22.40 22.41 22.41 22.41 19.89 19.89 21.10 21.10 21.10 21.94 22.02 22.02 20.02 20.76 20.86 21.33 21.33 19.57 20.04 18.36 17.48 16.86 17.12 16.64 16.46 15.86 15.40 15.23 15.16 16.60 16.43 15.87 15.91 14.93 15.96 16.25 16.30 16.09 16.62 16.42 15.84 15.79 16.36 16.06 16.43 16.93 17.50 17.88 18.21 18.10 17.91
99999.90 99999.90 99999.90 99999.90 99999.90 99999.90 99999.90 99999.90 99999.90 99999.90 99999.90 99999.90 99999.90 99999.90 99999.90 99999.90 26.19 26.19 22.40 22.40 22.40 22.40 22.40 22.40 22.40 22.40 22.40 22.41 22.41 19.89 19.89 19.89 21.10 21.10 21.10 21.94 22.02 22.02 20.02 20.76 21.33 21.33 21.33 20.04 20.04 18.36 19.82 16.98 16.71 16.31 15.56 13.55 14.81 15.29 14.57 16.09 16.40 16.63 16.73 16.52 17.54 16.17 15.15 15.89 16.02 15.47 15.73 15.45 16.38 16.40 16.72 16.82 16.05 15.95 16.44 16.66 16.95
99999.90 99999.90 99999.90 99999.90 99999.90 99999.90 99999.90 99999.90 99999.90 99999.90 99999.90 99999.90 99999.90 99999.90 99999.90 99999.90 26.19 26.19 22.40 22.40 22.40 22.40 22.40 22.40 22.40 22.40 22.41 22.41 22.41 19.89 19.89 21.10 21.10 21.10 21.10 21.94 22.02 22.02 20.02 20.76 21.33 21.33 20.04 20.04 20.04 19.82 19.82 19.92 18.27 17.10 15.15 14.04 14.92 14.16 14.84 16.58 18.53 19.69 20.95 20.51 19.46 18.80 18.28 18.10 16.87 15.62 15.56 14.93 15.86 17.46 17.14 17.23 16.54 16.03 15.64 15.88 15.49
99999.90 99999.90 99999.90 99999.90 99999.90 99999.90 99999.90 99999.90 99999.90 99999.90 99999.90 99999.90 99999.90 99999.90 99999.90 99999.90 99999.90 25.21 22.40 22.40 22.40 22.40 22.40 22.40 22.40 22.40 22.41 22.41 19.89 19.89 19.89 21.10 21.10 21.10 21.10 21.94 22.02 22.02 20.02 20.76 21.33 21.33 20.04 20.04 19.82 19.82 19.92 19.92 20.16 17.27 16.22 15.77 16.05 14.16 14.84 16.58 18.53 19.69 20.95 20.51 22.41 21.87 20.92 17.80 16.70 15.88 16.62 17.87 18.52 18.33 17.85 16.81 16.66 16.76 16.58 16.68 15.81
99999.90 99999.90 99999.90 99999.90 99999.90 99999.90 99999.90 99999.90 99999.90 99999.90 99999.90 99999.90 99999.90 99999.90 99999.90 99999.90 99999.90 99999.90 22.40 22.40 22.40 22.40 22.40 22.40 22.40 22.41 22.41 22.41 19.89 19.89 21.10 21.10 21.10 21.10 21.10 21.94 22.02 22.02 20.02 21.33 21.33 20.04 20.04 20.04 19.82 19.92 19.92 20.16 20.16 16.65 18.71 19.32 16.05 16.05 14.84 16.58 18.53 19.69 20.95 22.41 22.41 21.87 20.50 19.72 19.21 18.23 20.37 22.23 20.78 20.15 18.06 17.29 18.48 17.57 16.89 16.12 15.67
99999.90 99999.90 99999.90 99999.90 99999.90 99999.90 99999.90 99999.90 99999.90 99999.90 99999.90 99999.90 99999.90 99999.90 99999.90 99999.90 99999.90 99999.90 22.40 22.40 22.40 22.40 22.40 22.40 22.40 22.41 22.41 19.89 19.89 19.89 21.10 21.10 21.10 21.10 21.10 21.94 22.02 22.02 20.02 21.33 21.33 20.04 20.04 19.82 19.92 19.92 20.16 20.16 16.65 16.65 18.71 19.76 19.76 19.76 16.05 16.58 18.53 19.69 22.41 22.41 22.41 20.50 20.50 19.72 19.21 18.23 20.37 22.23 20.78 20.15 18.06 19.64 19.54 18.65 17.84 17.35 15.25
99999.90 99999.90 99999.90 99999.90 99999.90 99999.90 99999.90 99999.90 99999.90 99999.90 99999.90 99999.90 99999.90 99999.90 99999.90 99999.90 99999.90 99999.90 99999.90 99999.90 22.41 22.41 22.41 22.41 22.41 22.41 22.41 19.89 19.89 21.10 21.10 21.10 21.10 21.10 21.10 21.94 22.02 22.02 20.02 21.33 20.04 20.04 20.04 19.92 19.92 20.16 20.16 16.65 16.65 16.65 19.76 19.76 19.76 19.76 19.76 16.58 18.53 19.69 22.41 22.41 20.50 20.50 20.50 19.72 19.21 18.23 20.37 22.23 20.78 20.15 19.64 19.64 19.54 19.61 18.52 17.21 16.18
99999.90 99999.90 99999.90 99999.90 99999.90 99999.90 99999.90 99999.90 99999.90 99999.90 99999.90 99999.90 99999.90 99999.90 99999.90 99999.90 99999.90 99999.90 99999.90 99999.90 99999.90 99999.90 19.89 19.89 19.89 19.89 19.89 19.89 19.89 21.10 21.10 21.10 21.10 21.10 21.10 21.94 22.02 22.02 21.33 21.33 20.04 20.04 19.92 19.92 20.16 20.16 16.65 16.65 16.65 19.76 19.76 19.76 19.76 19.76 19.76 19.76 18.53 19.69 22.41 22.41 20.50 20.50 20.50 19.72 19.21 18.23 20.37 22.23 20.78 19.64 19.64 19.64 19.61 19.61 18.52 17.32 16.04
99999.90 99999.90 99999.90 99999.90 99999.90 99999.90 99999.90 99999.90 99999.90 99999.90 99999.90 99999.90 99999.90 99999.90 99999.90 99999.90 99999.90 99999.90 99999.90 99999.90 99999.90 99999.90 99999.90 99999.90 21.10 21.10 21.10 21.10 21.10 21.10 21.10 21.10 21.10 21.10 21.10 21.94 22.02 22.02 21.33 20.04 20.04 19.92 19.92 20.16 20.16 16.65 16.65 16.65 16.65 19.76 19.76 19.76 19.76 19.76 19.76 19.76 19.76 22.41 22.41 20.50 20.50 20.50 20.50 19.72 19.21 18.23 20.37 22.23 20.78 19.64 19.64 19.61 19.61 19.61 17.32 17.32 18.36
99999.90 99999.90 99999.90 99999.90 99999.90 99999.90 99999.90 99999.90 99999.90 99999.90 99999.90 99999.90 99999.90 99999.90 99999.90 99999.90 99999.90 99999.90 99999.90 99999.90 99999.90 99999.90 99999.90 99999.90 99999.90 99999.90 99999.90 99999.90 99999.90 99999.90 99999.90 99999.90 21.33 21.33 21.33 21.33 21.33 21.33 21.33 20.04 20.04 19.92 20.16 20.16 16.65 16.65 16.65 16.65 19.76 19.76 19.76 19.76 19.76 19.76 19.76 19.76 19.76 22.41 22.41 20.50 20.50 20.50 20.50 19.72 19.21 18.23 20.37 22.23 20.78 19.64 19.64 19.61 19.61 17.32 17.32 18.36 18.36
99999.90 99999.90 99999.90 99999.90 99999.90 99999.90 99999.90 99999.90 99999.90 99999.90 99999.90 99999.90 99999.90 99999.90 99999.90 99999.90 99999.90 99999.90 99999.90 99999.90 99999.90 99999.90 99999.90 99999.90 99999.90 99999.90 99999.90 99999.90 99999.90 99999.90 99999.90 99999.90 99999.90 99999.90 20.04 20.04 20.04 20.04 20.04 20.04 19.92 20.16 20.16 16.65 16.65 16.65 16.65 16.65 19.76 19.76 19.76 19.76 19.76 19.76 19.76 19.76 19.76 22.41 20.50 20.50 20.50 20.50 20.50 19.72 19.21 18.23 20.37 22.23 19.64 19.64 19.61 19.61 19.61 17.32 18.36 18.36 18.36
99999.90 99999.90 99999.90 99999.90 99999.90 99999.90 99999.90 99999.90 99999.90 99999.90 99999.90 99999.90 99999.90 99999.90 99999.90 99999.90 99999.90 99999.90 99999.90 99999.90 99999.90 99999.90 99999.90 99999.90 99999.90 99999.90 99999.90 99999.90 99999.90 99999.90 99999.90 99999.90 99999.90 99999.90 99999.90 99999.90 19.82 19.82 19.92 19.92 20.16 20.16 16.65 16.65 16.65 16.65 16.65 19.76 19.76 19.76 19.76 19.76 19.76 19.76 19.76 19.76 19.76 19.76 20.50 20.50 20.50 20.50 20.50 19.72 19.21 18.23 20.37 22.23 19.64 19.64 19.61 19.61 17.32 18.36 18.36 18.36 18.36
99999.90 99999.90 99999.90 99999.90 99999.90 99999.90 99999.90 99999.90 99999.90 99999.90 99999.90 99999.90 99999.90 99999.90 99999.90 99999.90 99999.90 99999.90 99999.90 99999.90 99999.90 99999.90 99999.90 99999.90 99999.90 99999.90 99999.90 99999.90 99999.90 99999.90 99999.90 99999.90 99999.90 99999.90 99999.90 99999.90 99999.90 19.92 19.92 20.16 20.16 16.65 16.65 16.65 16.65 16.65 16.65 19.76 19.76 19.76 19.76 19.76 19.76 19.76 19.76 19.76 19.76 19.76 20.50 20.50 20.50 20.50 20.50 19.72 19.21 18.23 20.37 22.23 19.64 19.61 19.61 19.61 18.36 18.36 18.36 18.36 18.36
99999.90 99999.90 99999.90 99999.90 99999.90 99999.90 99999.90 99999.90 99999.90 99999.90 99999.90 99999.90 99999.90 99999.90 99999.90 99999.90 99999.90 99999.90 99999.90 99999.90 99999.90 99999.90 99999.90 99999.90 99999.90 99999.90 99999.90 99999.90 99999.90 99999.90 99999.90 99999.90 99999.90 99999.90 99999.90 99999.90 99999.90 99999.90 20.16 20.16 16.65 16.65 16.65 16.65 16.65 16.65 19.76 19.76 19.76 19.76 19.76 19.76 19.76 19.76 19.76 19.76 19.76 19.76 20.50 20.50 20.50 20.50 20.50 19.72 19.21 18.23 20.37 19.64 19.64 19.61 19.61 18.36 18.36 18.36 18.36 18.36 18.36
99999.90 99999.90 99999.90 99999.90 99999.90 99999.90 99999.90 99999.90 99999.90 99999.90 99999.90 99999.90 99999.90 99999.90 99999.90 99999.90 99999.90 99999.90 99999.90 99999.90 99999.90 99999.90 99999.90 99999.90 99999.90 99999.90 99999.90 99999.90 99999.90 99999.90 99999.90 99999.90 99999.90 99999.90 99999.90 99999.90 99999.90 99999.90 99999.90 16.65 16.65 16.65 16.65 16.65 16.65 16.65 19.76 19.76 19.76 19.76 19.76 19.76 19.76 19.76 19.76 19.76 19.76 19.76 20.50 20.50 20.50 20.50 20.50 19.72 19.21 18.23 20.37 19.64 19.61 19.61 18.36 18.36 18.36 18.36 18.36 18.36 17.99
99999.90 99999.90 99999.90 99999.90 99999.90 99999.90 99999.90 99999.90 99999.90 99999.90 99999.90 99999.90 99999.90 99999.90 99999.90 99999.90 99999.90 99999.90 99999.90 99999.90 99999.90 99999.90 99999.90 99999.90 99999.90 99999.90 99999.90 99999.90 99999.90 99999.90 99999.90 99999.90 99999.90 99999.90 99999.90 99999.90 99999.90 99999.90 99999.90 99999.90 99999.90 19.76 19.76 19.76 19.76 19.76 19.76 19.76 19.76 19.76 19.76 19.76 19.76 19.76 19.76 19.76 19.76 19.76 19.76 19.76 19.76 19.76 19.64 19.64 19.64 19.64 19.64 19.64 19.61 19.61 18.36 18.36 18.36 18.36 18.36 18.36 17.99
