main/data/irradiance/06.03.2023.grid
ncols 839
nrows 679
xllcenter 112.0500
yllcenter -43.9500
cellsize 0.0500
nodata_value 99999.90
[rows 204 to 237 of 679, columns 231 to 307 of 839]
21.75 20.02 18.93 18.54 18.41 19.20 19.02 17.85 18.41 20.07 23.10 21.79 24.02 24.72 22.66 23.81 22.95 25.05 24.22 24.17 24.58 24.71 24.45 24.45 25.28 25.23 24.36 24.26 24.48 24.70 24.71 24.54 25.44 25.64 25.65 25.44 24.58 24.06 24.72 23.39 25.04 25.33 24.61 23.03 25.44 25.56 25.61 23.97 22.87 23.47 24.14 25.36 25.25 25.85 24.89 25.50 24.86 23.66 23.29 23.97 23.82 23.46 23.99 24.21 24.84 25.48 23.65 23.07 23.00 24.20 24.49 25.49 25.59 24.53 25.69 26.16 25.49
22.34 20.59 20.20 20.04 20.07 19.31 18.89 17.97 19.17 21.71 23.11 22.44 22.63 23.94 22.41 21.64 21.77 24.13 24.69 25.40 24.23 24.76 24.34 25.31 24.76 24.69 24.81 24.90 24.85 24.81 25.22 24.97 25.65 25.94 25.68 25.40 25.44 24.83 23.86 23.60 24.76 23.85 21.96 22.77 25.27 24.66 25.16 24.50 25.02 25.06 25.34 25.75 25.80 25.83 24.87 25.28 25.06 23.72 23.26 24.19 23.94 23.67 23.65 23.69 24.42 24.53 23.08 22.45 23.35 23.26 25.00 24.73 25.25 24.98 24.92 25.67 24.71
21.60 20.65 20.34 20.90 21.30 20.88 18.71 17.32 18.76 20.90 22.07 22.15 21.89 23.41 21.54 21.89 23.66 23.68 25.00 23.63 24.67 25.42 24.85 24.37 24.03 24.05 24.90 25.23 25.17 25.22 24.81 23.99 25.19 25.82 25.63 25.17 25.03 24.55 24.22 25.08 24.76 23.77 20.54 22.19 24.66 24.70 24.76 22.70 25.34 25.98 25.85 25.89 25.92 24.43 25.45 24.69 25.78 25.36 23.84 24.10 22.77 23.85 22.94 23.74 24.69 25.61 23.65 24.03 26.08 25.79 24.42 24.39 25.17 25.26 25.21 25.30 25.75
20.30 21.16 20.71 21.41 21.74 22.00 19.52 19.04 21.79 21.13 22.05 22.07 22.67 22.23 23.16 23.06 23.89 22.80 24.10 23.40 25.45 25.40 25.38 24.90 23.94 23.95 24.95 25.30 25.54 25.30 24.69 24.10 25.26 25.66 24.24 24.68 24.66 22.55 24.95 25.24 24.56 23.87 23.03 23.78 22.50 24.69 23.96 22.65 24.15 25.69 24.35 24.73 24.24 25.05 25.37 25.20 25.52 24.64 24.09 22.93 22.48 22.84 22.71 24.30 24.75 25.70 25.78 25.93 25.49 25.95 24.61 23.91 24.44 26.26 25.16 25.63 26.24
20.86 21.25 21.13 21.85 21.46 22.10 20.92 18.33 20.63 20.67 20.18 22.95 23.43 23.76 22.92 22.70 23.16 23.02 23.89 24.88 25.57 25.77 25.34 24.60 23.84 24.02 24.60 24.72 25.11 25.23 25.04 25.31 25.32 25.45 25.09 25.57 25.32 24.78 24.49 25.24 24.29 25.59 24.67 22.98 24.10 24.06 22.03 21.14 23.39 25.23 24.16 25.14 25.01 25.15 23.61 25.58 23.74 23.43 23.93 22.16 22.55 23.11 21.97 23.91 25.22 25.47 25.57 25.30 24.60 25.03 24.31 24.34 25.09 26.36 25.16 26.10 26.36
23.17 22.31 21.45 22.20 20.98 20.81 20.12 18.89 20.06 20.81 20.57 22.99 22.34 22.50 23.59 24.16 23.72 23.52 23.01 24.29 25.53 26.04 25.74 24.49 24.58 24.06 24.27 25.52 25.17 25.40 25.53 24.89 24.73 25.16 24.77 25.52 25.21 26.25 25.36 25.12 24.53 23.50 24.44 22.94 24.79 23.24 24.41 21.99 23.25 25.02 23.20 25.77 25.90 25.21 23.67 24.49 23.26 23.86 24.54 22.80 22.35 22.29 22.39 24.41 25.35 24.44 24.27 25.35 24.24 23.82 25.52 25.38 25.16 24.73 25.70 25.89 25.88
23.85 22.79 22.53 22.99 22.64 22.69 22.73 21.84 24.23 21.73 23.13 23.19 21.88 21.98 24.66 24.61 23.36 23.78 22.60 25.07 25.60 25.90 25.18 25.44 24.75 24.16 24.58 25.34 25.76 25.56 24.94 24.21 25.51 25.55 25.35 25.37 25.73 25.38 25.13 25.12 24.10 25.26 24.79 24.32 24.99 24.48 24.76 23.50 22.59 23.63 22.73 25.55 25.60 23.12 25.02 24.36 24.81 24.08 23.84 24.37 22.59 22.60 22.90 22.97 23.29 22.82 23.03 24.29 24.89 25.61 25.10 24.74 24.90 22.87 24.39 25.65 25.79
24.11 23.99 23.60 23.05 23.16 23.32 23.62 23.03 24.40 23.38 24.13 24.61 23.56 23.53 23.79 24.08 23.92 23.85 24.46 24.62 24.94 24.15 23.40 24.14 24.29 24.41 25.71 25.22 24.67 24.37 25.18 25.33 25.38 25.17 25.56 25.45 25.09 25.83 25.20 25.38 23.66 25.28 24.87 25.13 22.63 22.98 24.92 24.35 22.08 23.78 23.11 24.85 25.73 24.51 25.72 23.95 23.80 24.29 24.56 23.56 22.96 22.67 23.60 22.95 24.39 23.53 23.28 23.87 25.24 24.83 25.01 24.38 23.45 22.80 24.66 26.37 25.98
25.01 24.43 24.11 23.84 24.82 25.44 25.59 25.02 25.18 24.42 24.45 24.63 23.81 22.98 23.41 23.08 23.21 24.54 23.72 25.13 24.81 24.22 23.76 22.84 23.30 24.66 25.89 24.53 25.76 25.11 25.20 24.86 25.43 25.51 25.86 25.64 25.29 26.00 25.96 25.25 24.83 26.11 26.20 25.10 22.98 25.12 25.00 25.57 23.17 24.10 22.92 23.25 24.50 24.05 25.19 22.78 22.29 23.89 24.40 22.05 23.53 22.82 23.21 24.67 24.09 23.43 23.71 24.34 25.38 24.71 25.32 22.67 22.06 24.34 25.54 25.98 26.21
25.36 25.16 24.09 25.05 25.76 25.90 25.54 24.91 24.70 24.86 24.50 24.18 23.40 23.80 23.61 23.55 23.50 25.13 23.07 24.40 24.12 24.85 25.21 24.76 24.27 24.06 25.01 24.88 25.62 24.55 25.38 24.34 25.33 25.87 25.71 25.30 25.51 25.58 25.70 25.77 24.91 25.43 25.97 25.82 25.20 23.93 24.50 26.57 24.74 24.41 23.31 22.78 24.21 24.59 24.42 23.22 22.97 22.85 24.22 22.04 23.25 23.62 23.17 25.57 25.16 23.28 24.38 23.50 24.21 24.16 24.87 23.50 23.89 25.03 25.98 25.02 26.19
25.09 25.07 24.76 25.04 25.62 26.05 25.59 24.95 24.82 24.85 25.13 25.31 24.68 24.42 24.12 24.81 24.54 24.96 24.02 23.45 23.74 24.29 24.90 25.44 25.91 25.37 25.63 24.16 25.95 25.64 25.12 25.29 25.53 25.64 25.39 25.86 25.15 25.66 25.60 25.88 25.10 25.27 24.44 25.45 25.25 24.76 23.99 26.21 25.47 25.18 23.11 23.91 24.27 23.01 24.96 25.04 23.74 22.75 22.91 21.82 22.64 22.13 23.55 24.02 23.49 23.33 22.00 24.58 23.89 25.74 24.79 25.30 25.78 25.33 25.18 25.51 25.54
24.79 24.77 24.95 25.45 25.66 25.72 25.75 24.93 24.84 24.91 25.56 25.57 25.38 25.48 25.45 24.88 25.27 25.62 24.87 24.63 24.00 22.86 23.33 25.09 25.32 25.30 25.48 25.05 25.04 25.46 25.38 25.53 25.64 26.15 24.74 25.64 26.04 24.59 25.35 25.75 25.42 23.70 25.08 25.14 26.33 24.85 24.26 26.15 26.20 25.96 25.47 24.01 25.05 22.63 23.39 23.37 23.18 22.83 22.61 19.83 20.91 20.55 22.97 23.37 24.38 23.40 21.86 22.12 25.68 26.03 25.65 25.41 25.48 25.33 24.82 25.34 25.41
24.66 24.96 25.48 25.41 25.43 25.57 25.56 25.63 25.04 25.15 25.75 26.04 26.06 25.57 25.05 25.57 25.78 25.96 25.34 24.52 24.43 24.22 25.26 25.37 25.55 26.29 26.01 25.61 25.55 25.13 24.98 26.15 25.99 25.39 25.66 25.23 25.95 25.35 26.04 25.56 25.15 24.97 24.92 26.45 25.86 26.18 25.37 25.98 26.00 26.55 25.38 25.49 25.93 25.43 24.75 24.47 22.46 24.32 24.37 23.16 19.97 20.07 22.84 22.74 24.13 22.93 21.07 21.95 23.60 24.18 26.16 26.14 24.63 24.05 25.93 25.87 26.09
23.51 24.42 25.32 25.55 25.04 25.27 25.57 26.00 25.73 25.33 25.52 25.96 26.17 25.79 25.06 25.90 25.56 26.05 25.74 25.73 25.38 24.92 25.03 25.28 25.39 25.95 25.82 25.55 24.75 25.16 25.70 26.17 24.92 25.89 24.65 25.53 25.60 25.93 24.98 25.73 25.95 24.83 24.53 26.01 26.70 26.19 25.48 26.00 25.90 26.42 26.27 25.84 25.52 25.72 24.63 25.39 24.55 25.49 24.53 23.63 22.68 22.62 23.42 23.11 23.32 21.64 21.86 22.69 24.64 23.99 25.48 25.77 25.81 25.53 25.16 26.07 25.27
23.69 24.24 25.40 25.54 25.60 25.27 25.46 25.61 25.74 25.25 24.79 25.13 25.66 26.03 25.35 25.77 25.85 25.89 26.07 25.70 25.93 25.86 25.34 24.77 24.39 25.62 25.91 25.37 25.01 25.33 26.19 25.87 25.86 25.91 25.29 26.05 25.59 24.75 25.29 26.12 25.79 24.24 24.72 26.07 26.62 26.42 25.63 26.23 26.19 26.00 26.45 25.85 25.84 25.41 24.60 25.49 26.00 25.64 25.63 23.53 23.87 24.03 22.94 23.82 22.98 22.59 24.24 22.68 23.64 24.96 25.35 25.83 26.00 26.27 25.98 25.70 25.78
23.57 23.94 24.93 25.39 25.75 25.63 25.48 25.19 25.48 25.38 25.26 25.33 24.94 25.73 25.95 26.12 25.97 26.09 25.87 25.95 26.05 26.25 25.75 25.41 25.40 25.86 26.02 26.04 25.47 26.03 25.58 25.58 25.98 25.52 24.90 25.82 25.45 24.71 25.82 26.30 25.74 24.81 25.29 26.17 26.43 26.49 25.23 25.97 26.29 26.34 26.35 25.86 25.64 25.94 25.65 25.76 25.81 26.01 24.70 23.89 25.60 23.07 21.37 23.26 22.67 24.35 25.00 24.18 24.70 25.47 26.09 25.87 25.48 25.98 25.86 25.92 25.60
23.04 23.84 24.15 24.18 24.96 25.01 25.22 25.31 25.08 25.17 24.86 25.40 25.25 25.18 25.87 25.80 26.29 26.03 25.82 25.83 26.01 26.05 26.04 25.85 25.50 25.50 25.85 26.23 26.06 24.83 24.84 25.40 25.91 25.76 25.48 25.30 25.02 25.69 25.54 26.33 26.22 25.76 25.25 26.34 26.51 26.64 25.97 26.29 26.63 26.44 26.35 25.82 25.32 25.30 25.00 25.62 26.23 25.98 26.40 26.41 25.55 23.28 22.69 24.70 24.14 24.22 24.05 24.78 25.69 25.34 26.23 24.66 26.18 25.61 26.30 26.06 25.66
23.00 24.50 24.58 24.30 24.24 24.71 24.80 24.96 24.69 24.69 24.64 25.16 25.16 25.53 25.58 25.73 25.99 26.16 25.96 25.85 26.25 26.04 25.86 26.13 25.78 25.42 26.07 25.97 25.89 24.82 25.53 25.19 25.49 25.91 25.82 25.02 25.57 25.65 25.24 26.33 26.33 24.75 25.38 25.32 25.45 26.60 25.99 26.47 26.44 26.36 26.50 26.03 25.20 25.08 25.23 25.82 26.15 26.22 26.44 26.13 25.81 24.42 24.17 25.14 23.79 24.45 24.30 24.37 23.72 24.82 25.07 25.72 25.85 25.60 26.05 25.89 26.15
22.93 24.05 24.46 24.12 23.99 24.58 25.00 24.93 24.40 24.60 24.86 25.37 25.38 25.08 25.48 25.54 25.93 25.87 25.85 26.03 26.13 26.14 25.79 25.83 25.68 25.33 25.56 25.96 25.43 25.31 25.47 25.65 26.27 25.83 25.67 25.19 26.07 25.99 26.23 26.09 26.39 25.88 25.97 25.25 25.64 26.27 26.48 26.36 26.31 26.31 26.10 25.85 25.40 25.61 25.65 26.05 26.30 26.53 25.95 25.93 26.13 25.21 24.79 24.90 25.39 25.21 25.56 25.65 24.23 24.34 25.15 25.31 25.83 25.54 25.73 26.04 26.31
21.32 23.30 23.99 23.72 23.34 24.09 24.16 24.28 23.99 25.02 25.24 25.65 25.80 25.65 25.75 25.53 26.11 25.95 25.86 26.06 26.34 26.06 25.70 25.77 25.60 25.75 25.75 25.72 25.89 25.60 25.64 25.77 25.94 26.30 25.61 25.59 26.09 26.11 26.06 25.36 26.31 24.78 25.91 25.36 26.02 25.94 26.40 26.31 26.29 26.25 26.14 25.87 25.54 25.72 25.93 25.99 26.34 26.28 25.84 26.28 26.25 26.12 25.43 26.28 25.72 25.95 25.68 25.69 24.81 24.32 25.60 25.52 25.84 25.99 25.34 25.43 25.84
21.10 22.60 23.10 23.13 22.71 23.19 23.80 24.17 23.83 24.24 25.11 25.57 25.88 25.85 25.58 25.66 26.00 26.13 26.08 26.19 26.17 26.38 26.35 26.18 26.02 26.01 26.09 25.92 25.88 25.21 25.50 25.72 26.10 26.30 25.96 26.10 26.00 26.32 25.92 25.63 25.69 25.28 26.26 25.71 25.67 26.25 26.30 26.44 26.12 26.10 26.13 26.18 25.97 26.22 26.06 26.30 26.27 25.80 26.11 26.05 26.07 26.06 25.80 26.30 26.27 25.87 26.20 25.57 25.19 24.77 25.85 25.93 26.13 25.63 25.52 25.58 25.26
20.90 21.70 22.36 21.87 22.72 23.38 22.78 23.47 23.31 24.15 24.64 25.30 25.48 25.86 25.79 25.93 26.35 26.23 26.35 26.10 26.15 26.08 26.35 26.17 24.84 26.16 26.36 26.17 25.61 25.62 25.23 26.14 26.11 26.48 25.99 25.95 26.05 25.87 25.96 25.92 25.56 25.91 25.38 25.71 25.81 26.17 25.70 26.23 25.88 26.08 26.23 26.20 26.22 25.88 26.34 26.38 26.08 26.23 26.33 25.94 25.93 25.96 25.72 25.88 26.15 25.36 26.14 25.26 25.40 25.10 25.73 25.34 25.65 26.02 26.06 25.91 25.94
21.09 22.17 22.25 22.24 22.28 21.90 21.54 22.67 23.64 24.22 24.60 25.23 25.65 25.81 25.80 26.07 26.15 26.12 26.12 26.06 26.12 24.36 23.56 22.19 23.56 25.02 25.76 25.97 25.66 25.34 25.61 25.96 26.16 26.24 26.04 25.94 26.16 25.84 25.86 26.00 25.88 25.90 25.71 25.79 26.07 26.19 26.12 26.15 26.19 25.75 25.72 25.84 25.94 26.09 25.96 26.07 26.23 26.09 26.04 26.12 25.79 25.76 25.58 26.26 26.15 25.39 26.03 26.11 24.62 25.16 24.10 25.88 26.17 25.38 25.94 26.31 25.82
22.24 23.18 22.42 22.10 22.30 22.53 23.07 22.33 22.53 23.25 23.96 24.54 25.05 25.64 25.77 25.51 25.73 26.32 26.00 25.53 23.38 22.27 24.49 25.24 26.19 25.94 25.76 25.33 25.50 25.61 25.29 25.94 26.08 26.07 26.14 26.07 26.21 26.12 26.01 26.09 25.87 25.75 26.26 25.98 26.29 26.35 26.35 26.27 26.19 26.21 26.12 25.76 25.82 26.09 26.27 26.37 26.19 26.17 25.91 26.36 26.29 26.20 25.27 26.27 26.16 25.85 26.11 26.22 25.69 24.32 25.26 25.77 24.71 23.86 25.49 25.99 25.90
22.06 22.54 21.87 22.50 22.82 23.74 22.86 21.97 21.58 22.75 24.21 24.62 24.96 25.43 25.48 25.91 25.94 25.26 23.15 21.41 23.71 25.23 25.59 26.09 26.11 26.11 25.77 25.81 26.10 24.96 24.90 25.43 25.88 23.71 25.22 26.06 26.34 26.13 26.14 26.20 26.18 26.06 26.03 26.13 26.36 26.55 26.44 26.45 26.24 26.34 26.38 25.94 25.98 25.78 25.86 26.18 25.98 26.25 26.24 26.17 26.21 26.31 25.90 26.12 25.44 26.26 26.22 26.40 25.12 25.39 25.60 25.12 24.78 24.94 24.61 24.98 25.13
20.60 22.69 23.18 21.84 20.79 21.63 22.09 22.41 22.09 22.75 23.52 24.42 25.15 25.40 25.22 25.68 25.45 25.42 25.15 24.99 25.03 25.19 24.96 25.41 25.97 25.97 25.85 25.86 26.13 25.88 25.99 25.46 25.48 25.69 25.47 25.73 26.28 26.07 26.34 26.34 26.19 25.88 26.17 26.28 26.33 26.46 26.46 26.46 26.48 26.22 26.46 26.31 26.14 26.09 25.77 25.62 26.27 26.43 26.46 26.26 26.05 26.45 25.71 25.91 26.10 25.39 26.07 26.28 25.94 26.20 24.54 25.43 25.23 25.18 24.82 24.69 24.94
22.02 22.03 21.22 21.00 21.51 21.08 20.63 20.97 21.86 23.23 23.98 24.05 25.01 25.37 25.41 25.39 25.33 25.32 25.25 25.38 24.71 24.51 24.77 25.23 25.73 25.62 25.43 25.78 25.70 25.84 26.02 25.83 25.83 25.87 26.00 26.12 25.77 26.00 26.45 26.19 26.20 26.22 26.08 26.40 26.36 26.25 26.24 26.36 26.46 26.49 26.34 26.15 26.28 26.34 26.08 25.68 26.25 26.10 26.35 26.33 25.89 26.26 26.00 26.03 26.35 25.89 26.21 25.67 25.54 25.31 25.19 26.13 24.87 25.41 24.96 25.03 25.67
20.39 21.30 21.05 20.84 21.34 21.32 21.84 22.33 21.84 22.15 23.49 23.53 24.52 25.15 25.58 25.38 25.12 25.46 25.45 25.09 25.41 25.09 25.16 25.12 25.30 25.18 25.12 25.31 25.60 26.02 26.16 26.00 26.05 25.87 26.11 26.23 26.29 26.18 26.21 26.30 26.25 26.26 26.37 26.30 26.37 26.31 26.19 26.36 26.42 26.38 26.27 26.11 26.30 26.17 26.01 25.77 25.78 26.26 26.45 26.39 26.43 26.40 26.26 25.96 26.07 26.16 26.23 26.33 25.59 25.12 25.83 25.77 25.87 25.82 25.13 25.12 25.35
19.09 19.14 19.28 19.80 20.41 21.33 22.51 22.61 23.25 22.98 23.19 23.10 23.73 24.97 25.51 25.47 25.66 25.37 25.24 25.37 25.52 25.71 25.40 25.25 25.35 25.70 25.36 25.36 25.34 25.78 26.19 26.21 26.04 25.89 25.89 26.20 26.23 26.02 26.19 25.45 26.11 26.29 26.24 26.40 26.42 26.31 26.31 26.28 26.30 26.36 26.33 26.15 26.21 26.16 26.05 25.98 25.54 26.08 26.41 26.41 26.35 26.36 26.13 26.33 26.19 26.37 26.40 26.22 25.63 25.86 25.17 25.09 26.09 25.42 26.08 25.76 26.05
18.76 19.93 19.76 19.96 22.22 22.49 22.46 22.86 22.57 22.30 23.57 23.32 23.31 24.04 24.86 25.24 25.42 25.41 25.36 25.94 25.63 25.55 25.51 25.41 25.76 25.55 25.80 25.83 25.65 25.80 25.92 25.79 25.66 25.67 25.84 26.13 26.06 26.09 26.21 26.18 25.87 25.59 26.19 26.03 26.42 26.37 26.33 26.12 26.09 26.24 26.29 26.22 26.10 26.16 26.11 25.89 25.82 25.89 26.29 26.38 26.37 26.25 26.23 26.05 26.44 26.33 26.31 26.28 26.26 26.06 25.88 25.62 24.38 25.44 25.35 25.04 25.37
20.22 20.58 21.79 21.51 22.02 22.76 22.58 23.04 23.36 23.14 23.85 23.97 23.36 23.62 24.48 24.88 24.96 25.39 25.78 26.05 25.45 25.66 25.65 25.49 25.45 25.76 25.98 25.80 25.83 25.71 25.72 25.89 25.97 25.80 25.88 26.07 26.21 26.31 26.38 26.32 26.31 26.11 26.12 26.02 26.36 26.35 26.32 26.15 26.19 26.17 26.44 26.37 26.16 26.12 26.07 26.27 26.25 25.91 26.09 26.23 26.36 26.33 26.34 26.32 26.39 26.36 26.30 26.40 26.30 26.21 26.09 25.39 25.92 25.95 25.81 24.77 26.07
20.05 21.39 22.46 22.89 22.69 23.01 23.48 23.74 23.33 23.65 23.77 23.67 23.82 23.43 23.78 24.25 24.88 25.19 25.51 25.82 25.38 25.79 26.03 25.83 25.38 25.54 25.85 25.66 25.36 25.57 25.68 25.85 26.08 25.67 25.98 26.26 26.22 26.35 26.32 26.34 26.31 26.33 26.27 26.34 26.11 26.18 26.29 26.35 26.36 26.41 26.29 26.34 26.22 26.16 26.27 26.25 26.32 26.09 26.11 26.25 26.26 26.28 26.28 26.34 26.35 26.37 26.35 26.32 26.21 26.29 25.97 26.05 26.25 25.58 25.88 25.51 26.23
21.47 21.85 22.90 23.33 23.46 23.64 23.96 23.98 23.60 23.29 24.17 23.77 23.40 22.96 23.95 24.23 24.98 25.15 24.87 25.54 25.79 25.44 25.41 25.45 25.58 25.33 25.35 25.31 25.47 25.80 25.95 26.08 26.25 26.16 25.90 26.11 26.26 26.39 26.35 26.33 26.46 26.31 26.33 26.25 26.37 26.45 26.29 26.23 26.31 26.36 26.36 25.96 26.03 26.20 26.35 26.19 26.26 26.18 26.19 26.25 26.21 26.26 26.35 26.35 26.38 26.40 26.38 26.30 26.13 26.31 26.05 25.80 26.26 25.68 26.08 25.70 25.94
21.29 21.22 23.02 22.87 22.83 24.19 24.18 23.76 23.15 23.77 24.14 23.88 24.00 23.28 24.18 24.51 24.72 25.13 25.10 25.29 25.78 25.84 25.78 25.87 25.58 25.59 25.23 25.52 25.78 26.01 26.04 26.44 26.28 26.08 25.83 25.96 26.01 26.13 26.28 26.31 26.57 26.46 26.45 26.42 26.39 26.37 26.36 26.15 26.10 25.96 26.25 25.90 26.04 26.25 26.24 26.23 26.13 26.28 26.22 26.20 26.03 26.23 26.27 26.35 26.37 26.33 26.36 26.39 26.20 26.29 26.26 26.08 25.98 26.31 25.93 25.62 26.26
