main/data/irradiance/06.08.2023.grid
ncols 839
nrows 679
xllcenter 112.0500
yllcenter -43.9500
cellsize 0.0500
nodata_value 99999.90
[rows 374 to 407 of 679, columns 539 to 615 of 839]
16.12 16.21 16.18 16.19 16.26 16.30 16.27 16.30 16.29 16.28 16.29 16.29 16.29 16.29 16.28 16.29 16.28 16.27 16.27 16.27 16.27 16.27 16.26 16.27 16.26 16.26 16.24 16.25 16.25 16.25 16.27 16.26 16.29 16.27 16.25 16.24 16.23 16.16 16.25 16.21 16.19 16.23 16.23 16.25 16.25 16.27 16.26 16.22 16.21 16.23 16.23 16.22 16.22 16.22 16.20 16.17 16.17 16.13 16.16 16.15 16.09 16.07 16.09 16.04 16.01 16.14 16.12 15.97 16.11 16.08 15.96 16.09 16.05 16.09 16.14 16.11 16.05
15.97 16.20 16.19 16.22 16.26 16.28 16.28 16.27 16.29 16.29 16.29 16.27 16.27 16.27 16.28 16.27 16.27 16.26 16.25 16.26 16.25 16.26 16.25 16.23 16.25 16.24 16.22 16.22 16.23 16.23 16.24 16.24 16.23 16.24 16.24 16.24 16.22 16.19 16.19 16.20 16.20 16.22 16.22 16.22 16.21 16.22 16.20 16.18 16.17 16.20 16.19 16.18 16.19 16.19 16.19 16.14 16.17 16.11 16.15 16.10 16.05 16.12 16.11 16.08 16.04 16.12 16.11 16.03 15.91 15.98 16.02 16.00 16.03 16.05 16.08 16.06 16.13
16.07 16.19 16.26 16.25 16.22 16.26 16.26 16.26 16.26 16.26 16.27 16.27 16.27 16.25 16.26 16.24 16.21 16.23 16.19 16.24 16.26 16.25 16.24 16.20 16.23 16.21 16.21 16.21 16.22 16.22 16.22 16.23 16.22 16.22 16.23 16.21 16.18 16.16 16.19 16.18 16.18 16.16 16.16 16.20 16.19 16.15 16.17 16.17 16.16 16.17 16.17 16.17 16.16 16.18 16.17 16.18 16.15 16.14 16.14 16.08 16.03 16.13 16.09 16.02 16.05 15.92 16.09 15.93 15.74 15.94 15.99 15.99 16.02 16.02 16.13 16.25 16.21
15.37 15.51 16.23 16.24 16.24 16.24 16.25 16.25 16.26 16.09 16.26 16.26 16.24 16.20 16.24 16.22 16.21 16.21 16.22 16.19 16.19 16.22 16.21 16.21 16.21 16.20 16.20 16.19 16.20 16.20 16.20 16.20 16.20 16.19 16.20 16.19 16.18 16.19 16.17 16.17 16.16 16.16 16.14 16.16 16.16 16.15 16.17 16.16 16.16 16.18 16.14 16.12 16.14 16.17 16.18 16.19 16.19 16.17 16.15 16.06 16.08 16.12 16.07 15.98 15.77 15.75 15.67 15.74 15.54 15.76 15.85 15.92 15.99 15.99 16.12 16.23 16.23
15.96 16.04 16.06 16.19 16.21 16.22 16.22 16.24 16.23 16.24 16.24 16.11 16.18 16.10 16.18 16.19 16.20 16.18 16.18 16.16 16.17 16.15 16.09 16.18 16.20 16.19 16.18 16.17 16.18 16.19 16.19 16.18 16.17 16.15 16.16 16.17 16.17 16.13 16.19 16.16 16.14 16.14 16.13 16.12 16.14 16.14 16.15 16.15 16.15 16.14 16.11 16.13 16.16 16.16 16.15 16.14 16.12 16.14 16.10 16.04 16.15 16.13 16.09 16.03 16.00 15.94 15.83 15.55 15.48 15.50 15.83 15.91 15.94 15.95 16.02 16.15 16.13
15.87 15.96 16.03 16.04 16.19 16.20 16.07 16.17 16.15 16.13 16.21 16.09 15.97 16.11 16.14 16.17 16.16 16.13 16.17 16.16 16.10 16.08 16.08 16.11 16.08 16.16 16.16 16.17 16.15 16.15 16.18 16.18 16.16 16.14 16.15 16.15 16.14 16.16 16.17 16.15 16.13 16.12 16.09 16.11 16.12 16.12 16.12 16.12 16.12 16.13 16.11 16.12 16.14 16.13 16.10 16.11 16.11 16.11 16.13 16.12 16.12 16.12 16.09 16.08 16.01 15.97 15.86 15.38 15.18 15.29 15.58 16.02 15.93 15.95 16.01 16.03 15.98
16.04 16.03 16.05 16.09 16.05 15.82 16.08 16.10 16.14 16.12 16.15 16.17 16.12 16.06 15.98 16.09 16.12 16.04 16.07 16.14 16.10 16.04 16.00 16.06 16.02 16.08 16.11 16.14 16.13 16.15 16.16 16.15 16.13 16.11 16.11 16.13 16.15 16.15 16.12 16.14 16.12 16.10 16.09 16.08 16.07 16.07 16.08 16.09 16.07 16.08 16.07 16.09 16.13 16.11 16.07 16.10 16.10 16.10 16.11 16.11 16.12 16.11 16.10 16.08 16.05 15.98 15.90 15.53 15.32 15.27 15.31 15.91 15.99 15.90 15.94 15.71 15.98
16.00 16.03 16.05 16.02 16.07 15.97 16.14 16.11 15.96 16.03 16.08 16.11 16.14 16.12 16.00 16.02 16.02 16.01 16.03 16.04 16.09 16.06 16.03 16.03 16.06 16.06 16.05 16.05 16.03 16.08 16.13 16.12 16.09 16.06 16.09 16.11 16.15 16.13 16.10 16.09 16.09 16.09 16.09 16.05 16.06 16.07 16.07 16.06 16.05 16.05 16.03 16.02 16.06 16.04 16.06 16.10 16.09 16.09 16.08 16.05 16.06 16.05 16.05 16.03 16.00 15.97 15.92 15.93 15.34 15.31 15.28 15.75 15.93 15.93 15.91 15.72 15.96
15.98 15.98 15.97 16.06 16.07 16.05 16.07 16.02 15.96 15.96 16.11 16.11 16.10 16.17 16.15 16.07 15.95 15.94 15.98 16.01 16.04 16.03 16.02 16.02 16.02 16.06 16.05 15.99 15.99 16.02 16.06 16.06 15.94 16.00 16.05 16.06 16.05 16.06 16.05 16.05 16.05 16.05 16.04 16.03 16.04 16.04 16.03 16.03 16.01 16.01 16.00 15.99 15.99 16.02 16.03 16.05 16.03 15.98 16.01 15.99 15.98 15.99 15.96 15.96 15.94 15.94 15.88 15.91 15.71 15.40 15.68 15.90 15.91 15.97 15.91 15.78 15.81
15.97 15.95 15.95 16.01 16.02 16.00 15.99 16.04 15.99 15.95 15.82 16.05 16.01 16.04 16.05 16.11 16.04 15.94 15.92 15.99 16.01 15.99 15.95 15.98 16.03 16.02 16.05 16.02 15.93 15.98 16.04 16.00 15.91 15.99 16.05 16.04 16.02 16.03 16.02 16.00 16.01 15.99 16.01 16.01 15.99 16.02 16.02 16.02 16.01 16.01 16.03 16.02 16.00 16.01 16.02 16.01 16.00 15.95 15.92 15.88 15.92 15.88 15.90 15.92 15.93 15.95 15.92 15.91 15.94 15.82 15.83 15.82 15.91 15.88 15.87 15.91 15.75
15.94 15.94 15.94 15.98 16.00 15.99 15.98 16.01 16.02 15.98 16.04 16.08 16.08 15.99 15.99 16.02 16.12 15.97 15.88 15.92 16.01 15.99 15.89 15.86 15.94 15.99 16.03 16.02 15.99 15.96 15.87 15.85 15.80 15.94 16.05 16.04 16.06 16.01 15.98 16.00 15.94 15.91 15.95 15.96 15.94 15.95 15.99 15.97 15.95 15.96 15.98 15.95 16.00 16.01 16.00 15.96 15.90 15.90 15.88 15.83 15.84 15.80 15.86 15.86 15.89 15.92 15.90 15.88 15.92 15.91 15.90 15.78 15.81 15.88 15.88 15.82 15.84
15.93 15.96 15.95 15.96 15.98 15.93 15.95 16.00 16.01 15.96 15.95 15.98 16.05 16.07 15.98 15.95 16.01 15.63 15.93 15.94 16.03 15.94 15.93 15.82 15.90 15.96 16.03 16.03 16.03 16.01 15.89 15.71 15.88 15.90 15.95 15.97 16.01 16.01 16.03 15.99 15.96 15.96 15.94 15.97 15.95 15.93 15.95 15.92 15.95 15.96 15.94 15.97 15.95 15.95 15.99 16.00 15.98 15.97 15.96 15.92 15.92 15.88 15.83 15.85 15.89 15.90 15.87 15.86 15.87 15.91 15.85 15.80 15.82 15.87 15.76 15.73 15.64
15.89 15.92 15.93 15.90 15.88 15.89 15.91 15.94 15.95 15.94 15.91 15.91 15.98 15.90 16.02 15.83 15.99 16.04 15.94 15.92 15.94 15.87 15.81 15.77 15.82 15.85 15.95 16.00 16.02 15.99 15.98 15.81 15.73 15.91 15.87 15.96 15.96 15.95 15.97 15.99 15.92 15.90 15.97 15.97 15.96 15.93 15.92 15.95 15.93 15.94 15.95 15.96 15.96 15.95 15.95 15.95 15.97 15.96 15.97 15.92 15.89 15.85 15.85 15.85 15.86 15.86 15.81 15.76 15.74 15.75 15.78 15.79 15.82 15.84 15.70 15.54 15.49
15.90 15.87 15.91 15.87 15.89 15.91 15.91 15.90 15.90 15.89 15.88 15.91 15.95 15.96 15.96 15.98 15.98 16.00 15.97 15.97 15.88 15.84 15.78 15.76 15.85 15.86 15.90 16.00 16.01 15.99 15.96 15.92 15.85 15.78 15.94 15.97 15.97 15.94 15.91 15.97 15.93 15.90 15.94 15.92 15.90 15.91 15.92 15.94 15.94 15.95 15.95 15.97 15.97 15.97 15.97 15.94 15.99 15.98 15.97 15.89 15.87 15.87 15.81 15.82 15.82 15.81 15.76 15.67 15.78 15.80 15.82 15.83 15.70 15.59 15.38 15.32 15.40
15.91 15.91 15.87 15.86 15.85 15.94 15.94 15.87 15.87 15.88 15.90 15.89 15.93 15.92 15.93 15.93 15.93 16.02 16.01 15.98 15.86 15.85 15.81 15.76 15.85 15.93 15.95 15.98 15.98 15.97 15.96 15.93 15.95 15.90 15.76 15.93 15.95 15.92 15.94 15.93 15.92 15.92 15.94 15.94 15.88 15.84 15.88 15.91 15.92 15.93 15.95 15.96 15.96 15.97 15.93 15.97 15.94 15.93 15.93 15.91 15.93 15.91 15.81 15.81 15.82 15.78 15.67 15.70 15.80 15.79 15.79 15.80 15.66 15.33 15.43 15.43 15.33
15.88 15.85 15.84 15.83 15.83 15.85 15.88 15.85 15.85 15.84 15.83 15.88 15.85 15.85 15.84 15.84 15.84 15.85 15.89 15.85 15.87 15.83 15.78 15.70 15.88 15.93 15.96 15.95 15.95 15.94 15.95 15.91 15.92 15.94 15.91 15.91 15.91 15.93 15.83 15.92 15.89 15.90 15.89 15.91 15.90 15.86 15.85 15.84 15.83 15.86 15.89 15.94 15.94 15.95 15.92 15.92 15.91 15.84 15.89 15.88 15.92 15.86 15.83 15.82 15.79 15.70 15.75 15.81 15.77 15.73 15.80 15.76 15.60 15.52 15.50 15.58 15.40
15.85 15.86 15.84 15.82 15.81 15.82 15.84 15.86 15.78 15.83 15.81 15.84 15.87 15.84 15.84 15.86 15.79 15.75 15.75 15.84 15.78 15.80 15.81 15.76 15.83 15.68 15.92 15.92 15.92 15.92 15.90 15.91 15.93 15.92 15.91 15.85 15.89 15.91 15.90 15.84 15.81 15.84 15.88 15.89 15.86 15.87 15.89 15.89 15.84 15.80 15.83 15.85 15.89 15.91 15.90 15.86 15.82 15.80 15.86 15.85 15.89 15.84 15.83 15.77 15.82 15.67 15.74 15.81 15.75 15.72 15.76 15.75 15.59 15.47 15.43 15.50 15.64
15.84 15.84 15.82 15.84 15.84 15.81 15.82 15.82 15.82 15.82 15.80 15.83 15.85 15.86 15.81 15.80 15.78 15.71 15.64 15.54 14.75 14.67 15.16 15.54 15.70 15.84 15.90 15.88 15.86 15.87 15.88 15.90 15.91 15.91 15.89 15.86 15.88 15.89 15.90 15.86 15.81 15.79 15.84 15.82 15.82 15.82 15.79 15.74 15.81 15.82 15.78 15.80 15.85 15.88 15.86 15.87 15.82 15.78 15.77 15.80 15.82 15.82 15.78 15.76 15.78 15.71 15.76 15.75 15.75 15.74 15.75 15.72 15.61 15.40 15.38 15.58 15.86
15.77 15.79 15.82 15.81 15.79 15.81 15.80 15.78 15.76 15.73 15.74 15.82 15.78 15.84 15.76 15.76 15.73 15.73 15.69 15.57 13.24 13.62 15.10 15.66 15.84 15.88 15.88 15.87 15.86 15.85 15.86 15.87 15.89 15.89 15.87 15.85 15.87 15.86 15.87 15.84 15.78 15.76 15.80 15.81 15.81 15.82 15.81 15.80 15.79 15.77 15.77 15.87 15.80 15.87 15.80 15.82 15.77 15.81 15.75 15.76 15.78 15.80 15.75 15.69 15.71 15.66 15.70 15.70 15.71 15.74 15.71 15.81 15.72 15.65 15.69 15.76 15.92
15.75 15.78 15.80 15.77 15.76 15.78 15.79 15.77 15.70 15.73 15.76 15.75 15.76 15.74 15.78 15.73 15.73 15.73 15.68 15.57 13.41 14.33 15.11 15.63 15.81 15.85 15.86 15.86 15.85 15.83 15.84 15.85 15.87 15.86 15.84 15.84 15.84 15.83 15.83 15.82 15.78 15.75 15.78 15.77 15.76 15.73 15.72 15.77 15.76 15.74 15.74 15.74 15.76 15.83 15.78 15.82 15.78 15.80 15.79 15.76 15.76 15.75 15.74 15.69 15.58 15.57 15.66 15.67 15.68 15.71 15.68 15.70 15.71 15.66 15.72 15.84 15.81
15.73 15.78 15.78 15.74 15.76 15.75 15.73 15.71 15.70 15.72 15.76 15.75 15.72 15.72 15.71 15.71 15.71 15.70 15.66 15.60 14.35 13.44 14.92 15.17 15.83 15.80 15.84 15.83 15.83 15.83 15.84 15.84 15.85 15.83 15.81 15.82 15.82 15.82 15.81 15.80 15.77 15.73 15.74 15.74 15.76 15.76 15.79 15.80 15.78 15.77 15.73 15.72 15.72 15.72 15.77 15.79 15.76 15.83 15.71 15.85 15.81 15.71 15.63 15.63 15.67 15.66 15.65 15.67 15.66 15.63 15.66 15.68 15.69 15.66 15.63 15.62 15.74
15.69 15.74 15.75 15.73 15.73 15.75 15.71 15.68 15.70 15.66 15.71 15.71 15.73 15.70 15.70 15.69 15.72 15.68 15.70 15.64 15.58 14.87 15.11 14.55 15.45 15.78 15.77 15.77 15.82 15.82 15.80 15.79 15.81 15.80 15.80 15.80 15.80 15.80 15.78 15.77 15.75 15.71 15.73 15.72 15.75 15.73 15.79 15.78 15.77 15.74 15.71 15.71 15.72 15.70 15.71 15.72 15.79 15.78 15.71 15.69 15.72 15.66 15.57 15.54 15.60 15.59 15.63 15.63 15.65 15.63 15.62 15.66 15.69 15.66 15.65 15.59 15.71
15.68 15.71 15.71 15.73 15.70 15.67 15.70 15.67 15.69 15.70 15.72 15.69 15.70 15.72 15.72 15.71 15.71 15.71 15.70 15.68 15.64 15.60 15.58 14.83 15.61 15.75 15.77 15.79 15.81 15.79 15.79 15.79 15.77 15.78 15.77 15.79 15.78 15.77 15.77 15.76 15.74 15.71 15.71 15.72 15.71 15.73 15.71 15.75 15.72 15.75 15.75 15.71 15.72 15.73 15.73 15.74 15.76 15.76 15.74 15.57 15.63 15.58 15.55 15.56 15.65 15.65 15.64 15.65 15.67 15.67 15.64 15.64 15.67 15.62 15.61 15.60 15.66
15.64 15.70 15.70 15.71 15.68 15.67 15.66 15.67 15.67 15.67 15.68 15.67 15.69 15.67 15.64 15.65 15.66 15.67 15.68 15.68 15.67 15.61 15.61 15.48 15.75 15.74 15.76 15.79 15.79 15.78 15.77 15.73 15.72 15.75 15.75 15.75 15.75 15.75 15.74 15.73 15.73 15.70 15.70 15.69 15.71 15.71 15.69 15.68 15.74 15.69 15.74 15.69 15.71 15.67 15.69 15.75 15.71 15.66 15.73 15.62 15.55 15.56 15.58 15.61 15.57 15.68 15.72 15.61 15.60 15.63 15.64 15.61 15.63 15.62 15.59 15.60 15.62
15.59 15.61 15.65 15.67 15.66 15.65 15.64 15.62 15.62 15.62 15.65 15.64 15.64 15.66 15.64 15.64 15.61 15.59 15.62 15.64 15.64 15.64 15.56 15.32 15.76 15.75 15.74 15.79 15.79 15.77 15.75 15.75 15.74 15.73 15.71 15.73 15.76 15.72 15.72 15.71 15.70 15.65 15.69 15.69 15.69 15.69 15.69 15.66 15.65 15.72 15.72 15.71 15.71 15.72 15.66 15.68 15.70 15.65 15.63 15.67 15.58 15.58 15.63 15.61 15.60 15.64 15.68 15.65 15.59 15.64 15.67 15.59 15.58 15.57 15.57 15.59 15.61
15.53 15.59 15.58 15.62 15.61 15.62 15.57 15.57 15.59 15.60 15.58 15.60 15.60 15.60 15.57 15.59 15.62 15.63 15.63 15.66 15.61 15.55 15.50 15.28 15.74 15.72 15.69 15.69 15.75 15.74 15.73 15.69 15.72 15.72 15.71 15.71 15.70 15.69 15.68 15.68 15.66 15.65 15.64 15.61 15.64 15.65 15.60 15.62 15.63 15.63 15.66 15.62 15.65 15.60 15.62 15.65 15.66 15.64 15.65 15.55 15.57 15.57 15.62 15.61 15.62 15.60 15.60 15.60 15.58 15.65 15.64 15.57 15.53 15.56 15.62 15.60 15.56
15.43 15.50 15.51 15.55 15.58 15.58 15.50 15.48 15.52 15.59 15.59 15.59 15.58 15.57 15.56 15.56 15.57 15.61 15.65 15.65 15.61 15.59 15.42 15.46 15.71 15.68 15.74 15.74 15.72 15.72 15.71 15.69 15.70 15.71 15.69 15.68 15.68 15.68 15.67 15.66 15.63 15.63 15.61 15.58 15.61 15.63 15.57 15.59 15.57 15.58 15.61 15.60 15.59 15.65 15.66 15.66 15.61 15.58 15.59 15.53 15.52 15.59 15.60 15.49 15.65 15.63 15.59 15.60 15.57 15.53 15.55 15.52 15.52 15.56 15.65 15.57 15.62
15.46 15.48 15.50 15.51 15.53 15.52 15.49 15.47 15.48 15.54 15.53 15.51 15.49 15.53 15.53 15.55 15.61 15.65 15.64 15.62 15.61 15.65 15.41 15.68 15.70 15.71 15.73 15.73 15.72 15.70 15.69 15.67 15.67 15.68 15.65 15.61 15.64 15.65 15.65 15.65 15.60 15.62 15.61 15.61 15.61 15.58 15.50 15.53 15.46 15.41 15.49 15.50 15.60 15.58 15.58 15.62 15.63 15.62 15.56 15.53 15.55 15.57 15.37 15.19 15.54 15.57 15.59 15.55 15.58 15.59 15.55 15.49 15.49 15.50 15.63 15.60 15.58
15.45 15.50 15.52 15.53 15.54 15.51 15.46 15.44 15.38 15.43 15.45 15.45 15.50 15.50 15.53 15.57 15.58 15.55 15.56 15.56 15.56 15.64 15.66 15.65 15.67 15.70 15.71 15.69 15.67 15.65 15.66 15.65 15.62 15.63 15.63 15.61 15.64 15.63 15.61 15.60 15.50 15.57 15.61 15.58 15.59 15.53 15.54 15.56 15.51 15.47 15.53 15.54 15.58 15.56 15.56 15.59 15.59 15.61 15.55 15.56 15.52 15.54 15.46 15.31 15.47 15.50 15.54 15.54 15.53 15.55 15.53 15.50 15.48 15.46 15.53 15.58 15.57
15.47 15.53 15.51 15.52 15.52 15.49 15.40 15.38 15.40 15.39 15.42 15.46 15.47 15.50 15.56 15.58 15.56 15.58 15.54 15.53 15.50 15.66 15.65 15.62 15.57 15.65 15.65 15.64 15.63 15.63 15.63 15.63 15.63 15.63 15.62 15.61 15.62 15.60 15.59 15.59 15.54 15.56 15.56 15.53 15.49 15.48 15.52 15.56 15.52 15.52 15.53 15.52 15.57 15.51 15.53 15.51 15.53 15.56 15.50 15.54 15.53 15.54 15.49 15.48 15.43 15.43 15.46 15.46 15.48 15.49 15.50 15.49 15.46 15.45 15.49 15.54 15.55
15.41 15.48 15.48 15.47 15.47 15.37 15.23 15.22 15.27 15.34 15.40 15.43 15.41 15.53 15.48 15.48 15.49 15.52 15.51 15.52 15.54 15.63 15.63 15.57 15.64 15.63 15.62 15.61 15.61 15.60 15.60 15.61 15.61 15.61 15.62 15.60 15.59 15.58 15.57 15.55 15.51 15.52 15.50 15.47 15.48 15.48 15.49 15.52 15.50 15.50 15.51 15.49 15.45 15.51 15.49 15.52 15.50 15.49 15.48 15.53 15.49 15.45 15.51 15.50 15.41 15.44 15.40 15.41 15.49 15.50 15.45 15.45 15.44 15.43 15.43 15.47 15.46
15.40 15.45 15.45 15.47 15.40 15.34 15.27 15.27 15.25 15.30 15.39 15.43 15.45 15.50 15.51 15.51 15.51 15.53 15.52 15.30 15.63 15.63 15.65 15.65 15.63 15.63 15.59 15.58 15.58 15.59 15.59 15.58 15.58 15.58 15.58 15.58 15.57 15.57 15.57 15.55 15.52 15.50 15.46 15.48 15.45 15.49 15.42 15.44 15.46 15.46 15.45 15.43 15.42 15.40 15.50 15.51 15.54 15.52 15.52 15.52 15.52 15.48 15.46 15.49 15.40 15.48 15.42 15.43 15.43 15.50 15.42 15.43 15.39 15.41 15.42 15.41 15.40
15.37 15.42 15.44 15.46 15.43 15.35 15.28 15.29 15.30 15.34 15.38 15.43 15.42 15.46 15.47 15.45 15.46 15.49 15.49 15.29 15.28 15.58 15.60 15.58 15.57 15.57 15.57 15.56 15.55 15.55 15.55 15.55 15.54 15.55 15.55 15.56 15.55 15.55 15.55 15.54 15.52 15.48 15.46 15.43 15.45 15.43 15.44 15.42 15.45 15.40 15.44 15.44 15.39 15.43 15.42 15.47 15.49 15.47 15.50 15.49 15.49 15.46 15.44 15.49 15.43 15.50 15.43 15.43 15.41 15.44 15.40 15.41 15.40 15.40 15.40 15.39 15.37
15.36 15.40 15.36 15.37 15.33 15.15 15.22 15.24 15.26 15.33 15.37 15.43 15.43 15.41 15.41 15.43 15.44 15.41 15.36 15.09 14.62 15.35 15.55 15.48 15.54 15.53 15.49 15.54 15.53 15.52 15.53 15.53 15.53 15.54 15.53 15.54 15.54 15.53 15.52 15.52 15.54 15.51 15.48 15.45 15.45 15.42 15.42 15.41 15.37 15.35 15.34 15.37 15.43 15.47 15.47 15.44 15.47 15.45 15.50 15.47 15.48 15.45 15.39 15.45 15.47 15.44 15.44 15.43 15.39 15.42 15.43 15.45 15.45 15.38 15.40 15.36 15.40
