main/data/irradiance/06.03.2023.grid
ncols 839
nrows 679
xllcenter 112.0500
yllcenter -43.9500
cellsize 0.0500
nodata_value 99999.90
[rows 408 to 441 of 679, columns 462 to 538 of 839]
23.99 23.77 23.97 24.19 23.41 22.90 22.15 21.96 23.15 22.79 22.18 21.41 21.76 22.65 23.59 23.30 23.39 22.58 23.18 23.84 23.67 23.65 22.55 21.90 22.98 23.70 23.92 24.19 24.11 24.02 23.98 23.23 23.05 23.25 23.32 23.17 22.70 23.04 23.29 23.42 23.28 23.49 23.41 23.21 21.55 21.19 20.86 18.72 20.07 20.97 20.75 20.96 22.30 22.37 22.64 22.35 22.71 23.41 23.82 23.33 22.47 22.98 22.29 22.99 23.42 23.56 23.67 23.69 23.79 24.12 23.75 24.01 24.20 23.92 24.43 24.19 23.73
24.54 24.58 23.78 23.59 23.86 24.03 23.82 23.06 22.85 22.03 22.43 22.46 21.39 22.10 23.28 23.61 23.54 23.29 23.19 23.46 23.49 23.86 23.99 23.40 23.77 23.88 23.50 23.84 24.08 24.06 24.21 24.19 24.25 23.88 23.56 23.66 23.25 23.65 23.53 23.05 23.18 23.13 23.54 23.52 22.50 19.26 19.89 18.70 17.30 19.16 17.76 18.78 20.41 20.90 21.59 22.00 22.95 23.61 23.52 23.37 23.23 23.37 23.19 22.57 21.95 22.62 22.40 22.97 24.07 23.80 23.45 23.89 24.04 24.17 24.12 23.47 23.13
24.48 24.54 24.54 24.56 24.35 24.03 23.96 23.99 23.91 23.70 23.31 23.06 22.40 22.09 22.64 22.45 23.01 23.57 23.70 24.00 23.40 23.15 23.85 23.34 23.68 23.97 23.74 23.44 23.96 23.96 24.01 24.30 24.30 24.18 23.84 23.53 23.42 23.41 23.80 23.73 23.46 23.23 23.62 23.61 22.86 22.57 18.81 21.08 18.16 18.56 16.65 16.20 16.68 20.54 21.79 22.33 22.17 23.06 22.40 22.75 23.34 23.59 23.82 23.34 22.09 21.83 22.31 23.03 23.85 23.54 23.35 23.86 23.51 23.45 23.58 23.52 21.60
24.46 24.47 24.54 24.52 24.49 24.48 24.45 24.43 24.26 24.11 23.82 23.47 23.39 23.58 23.50 22.75 21.90 22.73 24.00 24.19 24.20 23.62 24.14 24.08 23.75 23.30 23.50 23.61 23.47 24.08 23.96 24.16 24.31 24.22 24.15 23.89 23.50 23.46 23.32 23.28 23.00 22.45 22.43 22.40 22.61 22.57 21.83 20.22 18.42 17.83 16.78 16.07 15.87 17.90 20.92 21.37 22.00 22.26 21.83 22.34 23.20 23.69 23.83 23.12 23.15 22.30 22.08 23.00 23.20 22.56 23.00 23.76 23.50 23.42 23.32 22.76 21.57
24.36 24.17 24.40 24.44 24.56 24.56 24.50 24.16 23.99 24.45 24.37 24.26 24.17 24.04 23.92 23.66 23.03 22.61 22.58 23.26 23.82 24.24 24.26 24.36 24.17 23.77 23.23 23.48 24.21 24.10 24.07 23.95 24.20 24.19 24.32 23.93 23.95 24.06 23.26 22.83 23.03 22.88 23.07 23.55 23.35 24.06 22.59 18.17 17.70 18.86 19.86 16.33 14.46 16.51 19.52 21.92 22.16 21.77 22.24 22.47 23.56 23.26 23.40 23.57 23.59 22.79 23.29 22.89 23.21 23.54 23.35 23.40 24.25 23.65 23.56 22.82 22.34
24.42 24.49 24.60 24.51 24.58 24.56 24.45 24.33 24.40 24.46 24.41 24.38 24.35 24.39 24.38 24.22 24.02 23.64 23.77 22.68 22.29 23.57 24.24 24.32 24.36 24.31 23.97 23.46 23.38 23.95 23.67 23.43 23.47 23.00 23.72 24.27 23.89 24.10 23.90 23.74 23.60 23.81 23.61 23.41 22.91 23.46 22.31 21.68 19.74 19.21 19.02 17.70 16.51 15.58 17.74 20.07 21.86 21.80 22.24 22.58 23.39 23.24 23.54 22.83 22.98 23.04 23.77 22.77 22.90 22.95 22.93 22.99 23.69 23.79 23.58 22.57 22.45
24.41 24.35 24.46 24.50 24.42 24.37 24.42 24.34 24.49 24.53 24.45 24.42 24.38 24.43 24.35 24.36 24.30 24.17 23.96 23.85 23.59 23.18 23.07 23.98 24.48 24.27 24.18 24.12 24.03 24.22 23.65 23.21 22.84 22.11 22.85 23.94 24.27 24.04 24.09 23.98 23.76 23.92 23.66 23.86 23.86 24.12 22.97 23.13 22.18 18.72 20.26 18.89 17.72 16.10 16.68 18.33 20.23 22.01 21.32 21.92 22.89 23.11 22.66 21.38 22.28 22.72 22.29 22.80 23.03 22.77 22.80 22.26 23.28 23.74 23.36 21.93 21.32
24.37 24.26 24.45 24.48 24.42 24.36 24.33 24.30 24.27 24.43 24.44 24.44 24.44 24.43 24.39 24.12 24.05 24.30 24.26 23.58 23.01 24.26 24.23 23.98 23.98 24.04 23.98 24.18 24.15 24.34 24.25 24.24 23.97 23.43 23.14 23.85 24.24 24.37 24.28 24.17 24.12 24.15 24.09 23.95 24.21 24.15 23.59 24.18 23.86 22.21 19.76 19.00 18.84 17.47 17.08 17.32 18.99 21.64 21.62 21.87 21.57 22.29 23.30 23.25 23.22 23.29 22.87 23.03 22.72 23.20 22.35 22.16 22.87 23.45 22.79 21.85 21.82
24.33 24.33 24.36 24.44 24.41 24.00 24.19 24.25 24.24 24.28 24.42 24.39 24.43 24.35 24.17 24.13 24.31 23.85 23.24 23.55 24.28 24.40 24.35 24.34 24.33 24.31 24.30 24.26 24.16 24.15 24.21 24.25 24.26 24.25 23.60 24.00 24.14 24.35 24.51 24.28 24.06 24.03 24.12 23.88 24.20 24.21 24.00 24.08 22.04 23.49 20.70 20.55 20.10 15.94 16.12 20.11 19.46 20.77 20.88 20.80 21.57 21.91 22.79 23.52 23.76 23.78 23.29 23.11 22.32 22.57 23.02 23.18 23.51 23.10 22.75 21.84 22.36
24.37 24.42 24.31 24.18 24.25 24.40 24.24 24.16 24.15 24.15 24.24 24.02 24.26 24.31 24.36 24.40 24.45 24.24 23.92 24.06 24.27 24.37 24.38 24.31 24.24 24.32 24.29 24.32 24.39 24.30 24.17 24.17 24.16 24.07 24.25 24.34 24.30 24.14 24.45 24.40 24.26 24.08 24.12 24.09 24.06 24.06 24.09 24.04 23.92 20.81 23.15 19.41 20.87 17.44 17.17 18.63 21.23 21.41 21.49 21.20 21.83 22.37 22.84 24.11 23.63 23.50 23.84 23.67 23.01 22.39 23.73 24.01 23.43 22.70 23.51 23.11 22.33
24.28 24.24 24.28 24.16 24.24 24.38 24.37 24.22 24.24 24.22 24.21 24.29 24.34 24.41 24.32 24.30 24.36 24.36 24.30 24.31 24.33 24.36 23.23 24.21 24.34 24.18 24.28 24.35 24.31 24.22 24.30 24.27 24.09 24.36 24.34 24.30 24.31 24.38 24.27 24.27 24.33 24.20 24.06 24.33 24.08 24.13 24.25 24.05 24.04 22.04 20.13 20.02 20.71 18.23 18.73 19.51 20.47 22.07 22.40 22.36 22.41 22.65 23.51 23.05 23.17 23.49 23.54 24.28 23.71 23.75 23.95 24.37 24.04 23.68 23.66 23.87 23.05
24.11 18.26 20.72 21.37 23.07 24.28 24.11 24.21 24.13 24.27 24.28 24.23 24.34 24.38 24.35 24.28 24.17 24.33 24.39 24.34 24.31 24.37 22.85 24.22 24.38 24.35 24.33 24.34 24.30 24.38 24.40 24.31 24.30 24.34 24.31 24.24 24.32 24.35 24.29 24.20 24.29 24.10 23.75 23.95 24.28 24.24 24.23 24.24 24.11 23.82 21.89 20.93 19.32 20.10 19.22 18.83 19.33 21.07 23.17 23.00 23.05 23.15 23.57 23.81 23.40 24.01 23.44 23.73 23.76 23.94 24.16 24.38 24.27 23.87 23.83 23.87 23.35
24.37 22.02 18.87 21.08 23.83 23.79 23.56 24.07 24.23 24.32 24.29 24.24 24.31 24.32 24.27 24.29 24.19 24.33 24.37 24.39 24.28 24.20 22.41 24.09 24.08 23.62 24.35 24.38 24.35 24.34 24.35 24.29 24.30 24.32 24.30 24.27 24.28 24.25 24.20 24.23 24.33 24.31 24.29 24.17 24.18 24.21 24.28 24.20 24.05 24.06 23.84 21.09 20.24 20.79 20.16 19.79 20.34 21.17 23.13 23.59 23.44 23.23 22.76 22.95 23.64 23.70 24.23 24.42 24.22 24.19 24.42 24.12 24.34 23.97 24.12 23.77 23.81
23.58 23.39 24.61 24.37 24.51 22.96 17.23 21.16 24.15 24.32 24.30 24.36 24.38 24.40 24.41 24.32 24.32 24.37 24.38 24.31 24.32 24.06 24.10 24.15 22.47 17.82 22.23 24.32 24.36 24.35 24.36 24.28 24.30 24.26 24.29 24.31 24.32 24.20 24.28 24.37 24.34 24.29 24.22 23.86 24.16 24.17 23.40 22.75 22.08 22.49 24.14 22.50 21.52 21.85 20.69 19.38 20.91 19.89 21.78 23.21 23.57 23.41 22.51 22.64 23.24 23.99 24.27 24.47 24.33 24.44 24.37 24.29 24.08 24.07 24.27 24.17 24.07
24.35 24.86 24.35 24.49 24.39 23.06 19.19 20.45 24.10 24.26 24.10 24.30 24.32 24.41 24.43 24.40 24.30 24.35 24.25 24.14 24.35 24.24 24.21 24.27 23.33 18.49 23.73 24.33 24.34 24.30 24.27 24.26 24.31 24.28 24.29 24.24 24.29 24.35 24.37 24.33 24.36 24.25 24.15 24.30 24.19 24.14 23.59 22.75 20.37 20.39 21.30 21.15 20.55 20.82 21.10 20.63 20.11 20.57 20.44 21.71 23.45 23.81 23.44 22.80 22.68 23.38 23.78 24.44 24.49 24.31 24.45 24.34 24.37 24.29 24.07 24.20 24.30
24.76 24.34 24.28 24.26 24.13 22.91 17.91 19.68 23.71 23.80 24.02 23.98 24.28 24.36 24.35 23.76 23.90 24.32 24.24 24.30 24.32 24.15 24.14 24.30 23.67 18.42 24.06 24.08 24.40 24.29 24.28 24.25 24.34 24.28 24.30 24.27 24.25 24.29 24.30 24.30 24.36 24.23 24.33 24.27 24.18 24.16 24.18 24.21 24.24 23.01 21.04 20.77 20.52 20.46 19.98 20.43 19.35 19.77 20.05 21.45 23.69 23.60 23.08 22.88 23.09 23.27 23.58 24.39 24.48 24.42 24.36 24.37 24.37 24.37 24.37 24.15 24.29
24.62 24.13 24.19 24.22 24.11 23.99 21.00 19.21 17.19 17.86 19.18 21.21 22.37 22.32 21.44 17.99 19.93 22.46 22.54 24.20 24.38 23.32 24.00 24.16 24.14 23.94 22.95 24.05 24.34 24.29 24.26 24.21 24.23 24.21 24.21 24.24 24.23 24.31 24.33 24.03 23.13 24.22 24.39 24.06 24.16 24.26 24.22 24.24 24.19 24.22 22.57 21.03 20.91 20.78 20.82 20.39 19.49 19.98 19.60 21.99 23.72 23.50 23.83 23.66 23.26 23.63 23.59 24.32 24.44 24.46 24.39 24.40 24.39 24.30 24.30 24.31 24.28
24.45 24.37 24.27 24.25 24.18 23.95 23.94 23.84 22.45 21.17 16.95 19.28 22.51 23.65 23.56 21.93 20.26 20.09 21.23 24.56 24.31 24.33 24.24 24.09 24.16 24.25 22.39 22.09 22.90 20.81 23.51 24.15 24.23 24.10 24.17 24.23 24.27 24.29 24.07 20.69 22.60 24.21 24.32 24.31 24.31 24.25 24.16 24.12 24.22 24.21 23.71 23.86 23.24 21.13 21.29 21.26 20.77 19.26 19.47 19.61 23.69 24.02 23.81 24.12 23.68 23.81 23.93 24.31 24.39 24.44 24.35 24.37 24.30 24.25 24.30 24.25 24.26
24.02 24.31 24.45 24.22 24.19 24.20 24.20 23.99 23.28 21.11 23.96 23.75 24.39 23.35 23.67 23.24 21.55 22.37 22.40 24.28 24.36 24.34 24.33 24.26 24.25 24.25 24.23 24.45 20.45 17.35 17.16 19.52 21.94 24.03 24.19 24.22 24.23 24.27 24.06 22.39 24.10 24.20 23.79 24.29 24.21 24.27 24.26 24.22 24.19 24.20 24.21 24.23 21.89 21.04 20.68 21.88 20.88 20.00 19.43 18.71 23.92 24.04 24.12 24.19 23.87 24.04 24.22 24.20 24.35 24.41 24.33 24.34 24.29 24.31 24.26 24.29 24.10
21.29 24.34 24.03 23.64 23.97 24.22 24.28 24.24 24.19 24.39 24.05 23.97 22.31 22.04 22.59 23.21 24.45 24.96 24.39 24.37 24.19 24.13 24.20 24.18 24.31 24.22 23.99 23.32 22.55 22.24 18.80 22.38 21.29 18.74 23.41 22.19 23.49 24.13 22.72 23.34 24.17 23.62 20.00 24.20 24.27 24.26 24.23 24.23 24.19 24.21 24.20 24.10 21.10 20.01 20.50 20.50 20.45 19.66 18.97 21.62 24.04 24.20 24.19 24.05 23.93 24.18 24.24 24.33 24.42 24.36 24.33 24.33 24.37 24.40 24.31 24.27 24.25
23.92 23.20 24.44 22.40 23.94 24.23 24.20 24.23 24.27 23.87 20.48 20.11 20.33 20.90 23.45 22.03 23.28 20.47 18.06 23.50 24.16 23.92 24.07 24.21 24.30 24.27 24.17 23.74 23.48 18.85 16.94 18.38 17.28 19.52 23.45 22.45 23.76 24.13 24.34 24.22 24.13 21.44 20.72 24.27 24.10 24.21 24.23 24.21 24.22 24.20 24.17 23.87 21.17 20.72 20.61 20.31 20.20 19.32 19.64 23.86 24.27 24.22 24.15 24.12 24.15 24.23 24.08 24.25 24.44 24.40 24.31 24.22 24.27 24.31 24.26 24.20 24.13
24.10 23.45 24.47 24.69 24.72 24.19 24.20 24.13 24.05 21.42 20.08 20.15 20.79 20.63 20.29 18.45 19.17 19.67 18.91 21.94 24.29 24.32 24.04 24.38 24.39 24.38 24.31 24.01 23.00 21.65 19.07 19.36 16.87 23.59 24.07 24.00 23.78 24.18 24.27 24.19 24.15 22.32 21.27 24.13 24.23 24.34 24.23 24.21 24.19 24.20 24.17 24.11 21.63 20.41 20.46 19.83 18.46 19.35 23.57 24.03 23.97 24.02 24.12 24.22 24.34 24.14 24.27 24.35 24.43 24.42 24.36 24.16 24.23 24.25 24.16 24.16 24.14
24.05 23.91 24.19 23.73 24.18 24.24 24.24 24.09 24.11 21.72 16.75 23.93 21.20 17.42 17.48 15.31 15.95 17.15 18.11 18.52 24.15 24.12 24.18 24.28 24.41 24.34 24.22 24.18 24.62 24.49 24.15 21.94 18.62 23.94 23.85 23.88 24.10 24.19 24.11 24.15 24.17 21.70 21.63 24.24 24.34 24.21 24.20 24.24 24.26 24.21 24.15 22.74 20.48 20.43 18.96 18.21 20.95 23.46 23.97 23.97 23.99 24.05 24.09 24.09 24.25 24.19 24.33 24.42 24.44 24.37 24.40 24.33 24.29 24.27 24.25 24.24 24.22
23.70 23.70 23.89 23.78 23.57 24.27 24.13 24.17 24.16 22.94 19.49 24.35 23.84 21.12 16.46 16.99 16.97 19.24 15.93 16.84 21.69 23.77 24.17 24.28 24.24 24.22 24.23 24.15 24.33 24.19 24.05 21.78 20.44 23.92 23.78 23.77 23.96 24.19 24.13 24.10 24.16 23.45 22.52 23.84 24.07 24.15 24.18 24.19 24.24 24.19 23.90 22.08 20.60 20.87 18.36 22.17 23.90 23.94 23.96 23.96 23.89 23.99 24.00 24.20 24.16 24.03 24.28 24.32 24.42 24.47 24.42 24.39 24.31 24.27 24.20 24.25 24.25
23.49 23.43 24.17 23.73 23.77 23.49 23.66 23.98 23.97 24.04 24.03 24.03 24.10 21.76 16.70 20.16 18.72 17.92 17.52 16.31 19.53 23.42 24.38 24.27 24.06 24.13 24.23 24.20 23.84 24.19 24.10 24.10 22.70 23.93 23.96 23.88 23.97 24.12 24.09 24.06 24.09 24.11 21.32 23.12 24.14 24.22 24.19 24.13 24.21 24.16 23.99 21.47 20.57 21.03 20.39 23.77 23.99 23.97 23.88 23.81 23.85 23.90 24.02 24.23 24.00 23.99 24.31 24.34 24.31 24.29 24.28 24.35 24.24 24.18 24.27 24.39 24.36
23.40 23.64 23.72 23.03 23.49 23.73 23.71 23.79 23.86 23.92 23.90 24.00 23.88 20.49 18.48 19.72 20.11 18.96 18.14 18.15 18.21 23.26 24.24 24.18 23.94 24.01 24.05 24.14 23.95 23.81 24.05 24.10 23.87 23.94 23.51 23.51 23.62 24.00 24.12 24.13 24.10 23.82 23.97 24.26 24.13 24.13 24.21 24.18 24.17 24.15 24.12 22.93 20.82 20.16 23.42 23.95 23.93 23.93 23.88 23.85 23.87 23.89 24.05 23.93 23.88 23.91 24.28 24.28 24.21 24.25 24.30 24.26 24.26 24.24 24.27 24.21 24.21
22.92 23.15 23.63 23.68 23.93 23.77 23.72 23.63 23.78 23.79 23.85 23.83 23.90 23.88 21.24 19.05 18.84 19.90 23.04 20.41 17.85 22.19 24.02 24.17 24.02 23.93 24.11 24.00 24.13 21.36 23.65 24.08 23.99 23.50 21.52 22.99 22.61 22.94 23.50 24.00 23.43 23.88 24.18 24.19 24.15 24.04 24.11 24.04 24.21 24.17 24.07 22.04 21.01 22.07 23.99 24.06 24.01 23.98 23.94 23.95 23.92 23.92 23.99 24.00 24.00 24.11 24.21 24.10 24.12 24.15 24.24 24.32 24.18 24.07 24.10 24.16 24.20
23.20 23.57 23.58 23.54 23.64 23.83 23.82 23.75 23.74 23.62 23.72 23.54 23.79 23.94 24.06 23.69 21.28 21.25 20.36 18.43 18.52 20.49 23.98 24.08 24.05 24.06 24.03 24.10 24.02 23.42 24.71 24.28 24.05 23.94 23.85 23.74 23.83 23.77 23.98 21.51 23.02 24.18 24.25 24.19 24.19 24.02 24.12 23.92 23.65 22.51 22.52 22.62 22.34 24.11 24.23 24.10 24.05 23.97 23.93 23.92 23.87 23.96 23.95 24.00 24.02 24.08 23.98 23.84 23.97 24.19 24.25 24.33 24.32 24.33 24.31 24.25 24.20
23.22 23.44 23.67 23.77 24.19 23.88 23.75 23.81 23.65 23.54 23.58 23.61 23.76 23.88 23.94 23.96 24.27 23.98 20.70 17.38 17.52 18.12 24.01 23.96 23.93 24.00 23.89 24.03 23.93 23.60 22.83 23.96 23.97 23.88 23.81 23.70 23.61 23.95 24.00 23.99 23.94 24.14 24.31 24.10 24.09 24.03 24.20 24.22 24.17 23.98 21.25 20.28 22.70 24.07 24.07 24.02 24.05 23.92 23.84 23.94 23.97 23.96 23.91 24.06 24.10 23.99 23.95 23.82 24.00 24.02 24.28 24.26 24.20 24.22 24.24 24.23 24.28
23.30 23.70 23.46 23.61 23.58 23.83 23.52 23.32 23.75 23.91 23.76 23.72 23.93 23.69 23.76 23.86 23.95 23.95 22.09 17.56 19.31 15.19 23.02 23.36 24.14 24.09 23.85 23.95 23.97 24.00 23.56 24.37 23.93 22.66 23.90 24.07 24.01 24.03 23.98 24.07 23.99 24.14 24.10 23.86 24.04 23.96 24.17 24.01 23.97 24.07 23.97 22.98 21.44 23.97 23.98 23.84 23.95 23.91 23.84 24.06 23.93 23.94 24.06 24.12 24.04 23.93 23.89 23.87 23.95 24.06 24.30 24.07 24.13 24.23 24.16 24.23 24.23
22.86 23.04 23.28 23.58 22.62 21.51 22.58 23.63 23.82 23.74 23.65 23.66 23.83 23.95 23.82 23.88 23.82 23.66 23.14 19.03 21.86 23.42 23.88 23.71 24.13 24.09 24.00 23.95 24.01 23.85 23.47 24.45 24.77 24.47 24.41 24.16 24.17 24.17 24.10 24.10 24.00 24.08 24.00 24.03 24.01 23.99 24.04 23.99 24.12 24.02 24.01 23.91 23.43 23.97 23.99 24.02 24.03 23.84 23.94 24.09 23.85 23.94 24.12 23.95 23.96 23.93 23.93 23.87 23.95 24.05 24.14 24.04 24.21 24.22 24.23 24.21 24.16
22.94 22.60 23.28 23.28 23.15 23.55 23.57 23.21 23.39 23.99 23.94 23.86 24.03 23.91 23.83 23.82 23.81 22.39 19.50 21.51 24.87 24.96 24.93 24.75 23.82 23.87 23.46 23.91 24.04 23.88 23.64 24.48 24.74 24.57 24.13 24.00 24.05 24.09 24.12 24.10 24.12 23.97 24.03 24.11 23.97 24.05 23.93 23.59 24.06 24.00 24.02 23.93 23.88 24.00 24.02 23.94 23.86 23.99 24.02 23.93 23.91 23.91 23.92 23.78 23.85 23.87 23.79 23.84 23.95 24.02 24.02 24.03 24.14 24.18 24.20 24.11 24.12
23.25 22.60 22.86 23.17 22.98 23.46 23.29 23.31 23.47 23.83 23.99 23.97 23.88 23.64 23.80 24.05 23.38 20.95 16.72 20.55 22.48 21.63 23.98 24.33 24.19 23.93 23.94 23.91 24.07 23.68 23.83 24.05 24.50 24.32 24.08 24.06 24.06 24.19 24.00 24.06 23.90 23.92 24.02 23.98 23.96 23.88 23.81 23.79 24.07 24.01 23.97 23.83 23.53 23.96 23.91 23.72 24.01 24.14 23.96 23.92 23.80 23.89 24.03 23.87 24.06 23.87 23.81 23.89 23.99 23.99 23.99 24.08 24.13 24.19 24.15 24.06 24.08
22.94 22.84 22.81 22.68 23.04 23.16 22.67 22.86 23.02 23.12 23.47 23.69 23.87 23.85 23.64 23.24 19.14 18.38 18.97 18.49 18.84 20.20 24.20 24.18 24.12 24.11 23.96 23.90 24.00 24.09 24.03 24.13 24.14 24.13 24.11 23.98 24.09 23.92 23.81 23.92 23.92 23.96 23.93 24.00 23.79 23.69 23.68 23.97 24.12 24.00 23.99 23.82 24.02 23.97 23.87 23.79 24.11 24.02 23.97 23.78 23.76 23.77 23.90 24.01 23.95 23.95 23.92 23.91 23.97 23.96 23.95 24.08 24.11 24.21 24.12 23.99 23.95
