main/data/irradiance/06.03.2023.grid
ncols 839
nrows 679
xllcenter 112.0500
yllcenter -43.9500
cellsize 0.0500
nodata_value 99999.90
[rows 374 to 407 of 679, columns 539 to 615 of 839]
24.54 24.84 24.79 24.77 24.76 24.69 24.72 24.62 24.30 24.59 24.63 24.75 24.66 24.78 24.86 24.83 24.83 24.80 24.75 24.80 24.71 24.69 24.77 24.70 24.73 24.64 24.72 24.89 24.93 24.87 24.79 24.79 24.82 24.93 24.91 24.93 24.92 24.76 24.95 24.88 24.84 24.87 24.83 24.86 24.75 24.80 24.83 24.94 24.88 24.91 24.98 25.06 25.08 25.08 24.93 24.89 24.72 24.86 24.96 24.93 24.87 24.67 24.67 24.55 24.63 24.57 24.03 24.16 24.57 24.78 24.67 24.84 24.82 24.59 24.69 24.73 24.68
24.50 24.80 24.75 24.78 24.75 24.64 24.70 24.74 24.67 24.81 24.52 24.20 24.80 24.58 24.77 24.91 24.87 24.78 24.72 24.70 24.67 24.67 24.69 24.71 24.66 24.73 24.79 24.79 24.93 24.97 24.84 24.81 25.01 24.93 24.89 24.86 24.86 24.81 24.85 24.85 24.79 24.81 24.80 24.82 24.99 25.01 24.92 24.91 24.84 24.92 24.96 25.00 25.10 25.01 24.99 24.65 24.63 24.84 25.02 24.94 24.88 24.57 24.66 24.67 24.45 23.78 23.43 24.03 24.46 24.61 24.49 24.35 24.56 24.56 24.66 24.75 24.57
23.30 23.65 24.75 24.70 24.70 24.70 24.74 24.69 24.38 24.39 24.69 24.68 24.87 24.91 24.85 24.85 24.86 24.90 24.78 24.73 24.69 24.68 24.71 24.64 24.74 24.84 24.82 24.89 24.92 24.89 24.92 24.94 24.87 24.93 24.98 24.96 24.84 24.84 25.01 24.88 24.85 24.85 24.87 24.86 24.94 24.96 24.92 24.87 24.73 24.78 24.80 24.87 25.01 24.92 24.89 24.81 24.78 24.87 24.93 24.98 24.82 24.78 24.79 24.71 24.46 23.89 22.83 23.27 24.17 24.58 24.51 24.19 24.04 24.53 24.69 24.64 24.59
22.28 21.31 24.92 24.73 24.61 24.61 24.58 24.59 24.76 23.87 24.74 24.72 24.87 24.86 24.82 24.49 24.40 24.81 24.71 24.68 24.73 24.75 24.72 24.70 24.80 24.76 24.73 24.88 24.85 24.81 24.87 24.89 24.86 24.91 24.93 24.86 24.81 24.72 24.82 24.84 24.86 24.91 24.89 24.82 24.89 24.86 24.88 24.84 24.78 24.79 24.88 24.84 24.81 24.75 24.80 24.84 24.95 24.86 24.68 24.52 24.84 24.74 24.76 24.60 24.52 24.35 24.17 23.72 24.01 24.56 24.43 24.37 24.11 24.18 24.67 24.62 24.51
23.01 23.62 24.07 24.36 24.64 24.55 24.52 24.48 24.67 24.71 24.70 24.15 24.78 24.86 24.56 24.40 24.74 24.74 24.72 24.68 24.68 24.74 24.74 24.74 24.82 24.85 24.87 24.87 24.82 24.79 24.84 24.77 24.77 24.86 24.87 24.81 24.71 24.57 24.84 24.85 24.88 24.83 24.83 24.86 24.89 24.92 24.95 24.84 24.74 24.76 24.72 24.79 24.70 24.76 24.83 24.95 25.00 24.86 24.81 24.32 24.61 24.66 24.76 24.70 24.73 24.73 24.75 24.27 23.67 24.25 24.49 24.24 24.30 24.26 24.47 24.42 24.47
22.53 22.62 24.76 24.44 24.34 24.64 24.27 24.56 24.59 24.49 24.63 24.42 24.60 24.76 24.83 24.88 24.79 24.74 24.77 24.69 24.70 24.73 24.73 24.80 24.88 24.86 24.82 24.81 24.85 24.84 24.74 24.76 24.85 24.81 24.80 24.78 24.75 24.80 24.83 24.85 24.87 24.84 24.90 24.86 24.89 24.80 24.81 24.75 24.73 24.71 24.81 24.72 24.69 24.75 24.87 24.87 24.87 24.92 24.81 24.41 24.49 24.71 24.76 24.74 24.80 24.79 24.77 24.00 23.72 23.55 24.02 24.18 24.23 24.50 24.61 24.34 24.27
24.66 25.00 24.98 24.99 23.75 22.48 24.09 24.54 23.55 23.40 24.65 24.64 24.61 24.63 24.68 24.76 24.67 24.67 24.69 24.66 24.74 24.77 24.80 24.77 24.83 24.90 24.87 24.87 24.83 24.71 24.77 24.79 24.85 24.83 24.83 24.72 24.76 24.82 24.84 24.82 24.81 24.84 24.72 24.87 24.91 24.88 24.77 24.70 24.73 24.76 24.91 24.82 24.79 24.77 24.86 24.88 24.79 24.87 24.85 24.59 24.48 24.67 24.80 24.79 24.70 24.78 24.65 24.35 23.72 23.41 23.58 24.34 24.21 23.80 24.49 24.51 24.31
24.83 24.76 24.91 24.90 24.80 23.97 24.64 24.23 23.74 24.00 24.73 24.51 24.44 24.71 24.82 24.85 24.86 24.71 24.76 24.85 24.88 24.87 24.86 24.86 24.90 24.94 24.96 25.05 24.97 24.96 24.97 24.98 24.90 24.89 24.82 24.77 24.84 24.86 24.85 24.76 24.76 24.81 24.77 24.82 24.89 24.95 24.64 24.52 24.69 24.80 24.89 24.89 24.84 24.80 24.75 24.81 24.80 24.79 24.81 24.74 24.47 24.47 24.58 24.74 24.75 24.69 24.52 24.50 23.61 23.47 23.89 24.20 24.35 24.08 24.45 24.56 24.37
24.75 24.79 24.70 24.67 24.68 24.73 24.80 24.66 24.33 24.23 24.13 23.61 23.18 23.30 24.90 24.99 24.96 24.88 24.96 25.10 25.06 24.98 24.94 25.08 24.99 24.97 25.02 25.01 25.10 25.15 25.14 25.07 24.95 24.88 24.89 24.94 24.93 24.78 24.82 24.78 24.75 24.68 24.79 24.84 24.90 24.78 24.50 24.60 24.66 24.87 24.89 24.90 24.88 24.88 24.81 24.77 24.79 24.70 24.79 24.73 24.59 24.42 24.20 24.68 24.73 24.68 24.62 24.68 24.23 23.71 24.49 24.40 24.50 24.55 24.56 24.58 24.36
24.72 24.79 24.74 24.62 24.69 24.73 24.73 24.67 24.52 24.22 23.87 23.76 24.11 23.81 23.53 24.64 24.86 24.81 25.05 25.08 25.11 25.04 25.10 25.16 25.20 25.14 25.18 25.10 25.12 25.12 25.07 25.11 25.08 24.97 24.89 24.86 24.96 24.87 24.83 24.79 24.81 24.85 24.67 24.76 24.75 24.71 24.50 24.64 24.79 24.85 24.92 24.89 24.89 24.86 24.83 24.77 24.70 24.63 24.78 24.68 24.67 24.52 24.23 24.61 24.65 24.65 24.72 24.79 24.73 24.48 24.51 24.42 24.55 24.56 24.72 24.64 24.54
24.78 24.84 24.86 24.70 24.63 24.75 24.67 24.68 24.57 24.43 24.28 23.57 23.04 23.75 23.71 24.34 24.50 24.67 24.93 24.97 25.04 24.93 25.04 25.15 25.22 25.21 25.30 25.22 25.14 25.05 25.27 25.14 25.11 25.09 24.99 24.91 24.78 24.86 24.77 24.72 24.85 24.80 24.65 24.75 24.75 24.66 24.67 24.72 24.82 24.87 24.89 24.88 24.85 24.84 24.83 24.81 24.73 24.73 24.65 24.57 24.67 24.58 24.49 24.36 24.65 24.65 24.78 24.79 24.75 24.73 24.61 24.52 24.62 24.68 24.62 24.71 24.29
24.68 24.72 24.82 24.70 24.75 24.68 24.85 24.61 24.48 24.63 24.76 24.73 23.94 23.56 23.86 23.98 23.79 22.88 24.61 24.92 25.19 25.06 25.01 24.98 25.06 25.10 25.22 25.24 25.09 25.20 25.17 25.16 25.05 25.06 24.99 24.99 24.94 24.72 24.65 24.84 24.78 24.78 24.77 24.75 24.75 24.66 24.74 24.81 24.80 24.77 24.80 24.79 24.77 24.82 24.66 24.66 24.63 24.65 24.73 24.70 24.76 24.72 24.65 24.32 24.44 24.70 24.73 24.52 24.62 24.61 24.41 24.56 24.44 24.64 24.35 24.59 24.35
24.69 24.56 24.70 24.79 24.57 24.61 24.66 24.52 24.32 24.57 24.69 24.76 24.80 24.36 23.85 24.15 24.72 25.00 24.82 24.79 24.85 24.83 24.91 24.94 24.95 25.10 25.12 25.24 25.29 25.22 25.18 25.20 24.99 24.99 24.96 24.92 24.89 24.80 24.79 24.75 24.63 24.66 24.61 24.64 24.68 24.56 24.57 24.79 24.77 24.73 24.68 24.77 24.72 24.64 24.71 24.55 24.62 24.69 24.79 24.89 24.88 24.80 24.69 24.66 24.48 24.67 24.59 24.38 24.35 24.38 24.52 24.41 24.66 24.53 24.50 24.44 24.52
24.72 24.54 24.50 24.63 24.51 24.62 24.69 24.57 24.52 24.66 24.66 24.54 24.58 24.65 24.57 24.14 24.47 24.61 24.76 24.80 24.80 24.54 24.38 24.85 24.87 24.89 24.87 24.87 25.02 25.18 25.28 25.25 25.18 25.06 25.04 24.84 24.84 24.76 24.74 24.72 24.65 24.68 24.61 24.65 24.61 24.51 24.42 24.73 24.67 24.66 24.70 24.62 24.61 24.54 24.50 24.66 24.67 24.62 24.87 24.97 24.91 24.79 24.70 24.66 24.49 24.64 24.59 24.33 24.50 24.74 24.71 24.64 24.51 24.28 24.16 24.05 24.19
24.65 24.64 24.34 24.34 24.50 24.37 24.53 24.59 24.48 24.71 24.60 24.48 24.61 24.64 24.63 24.58 24.50 24.52 24.70 24.72 24.67 24.41 24.62 24.65 24.67 24.66 24.67 24.67 24.76 24.79 24.69 24.80 25.01 25.02 25.04 25.01 24.82 24.69 24.67 24.74 24.62 24.60 24.56 24.73 24.48 24.56 24.43 24.70 24.61 24.58 24.58 24.65 24.69 24.40 24.23 24.69 24.88 24.91 24.83 24.84 24.77 24.72 24.63 24.73 24.53 24.63 24.47 24.59 24.78 24.74 24.63 24.51 24.12 23.65 23.95 24.16 24.16
24.67 24.59 24.57 24.54 24.40 24.51 24.59 24.63 24.63 24.67 24.58 24.49 24.56 24.61 24.64 24.59 24.35 24.48 24.75 24.63 24.60 24.23 24.63 24.67 24.58 24.58 24.62 24.76 24.77 24.70 24.75 24.86 24.88 24.92 24.95 24.78 24.81 24.68 24.54 24.71 24.75 24.61 24.66 24.57 24.36 24.56 24.71 24.69 24.82 24.69 24.48 24.66 24.63 24.54 24.45 24.49 24.89 24.87 24.77 24.74 24.78 24.75 24.77 24.79 24.70 24.26 24.45 24.79 24.80 24.83 24.75 24.64 24.25 23.98 23.69 23.68 23.90
24.64 24.66 24.66 24.54 24.62 24.56 24.63 24.54 24.67 24.78 24.66 24.50 24.50 24.59 24.49 24.60 24.72 24.74 24.76 24.47 24.53 24.61 24.62 24.60 24.48 23.87 24.69 24.74 24.74 24.75 24.77 24.80 24.86 24.83 24.75 24.80 24.59 24.65 24.61 24.61 24.72 24.67 24.68 24.75 24.62 24.61 24.67 24.67 24.70 24.66 24.62 24.62 24.76 24.73 24.70 24.64 24.98 24.93 24.64 24.67 24.74 24.76 24.77 24.68 24.73 24.51 24.40 24.59 24.79 24.79 24.66 24.46 24.49 24.35 24.03 24.17 24.23
24.63 24.73 24.71 24.59 24.52 24.56 24.64 24.65 24.30 24.52 24.42 24.51 24.46 24.40 24.62 24.60 24.43 24.74 24.69 24.43 21.52 20.72 21.48 23.65 24.01 24.42 24.67 24.68 24.67 24.68 24.69 24.70 24.70 24.76 24.71 24.71 24.62 24.74 24.65 24.63 24.60 24.61 24.57 24.63 24.64 24.68 24.66 24.60 24.70 24.62 24.57 24.67 24.67 24.74 24.66 24.74 24.88 24.87 24.74 24.75 24.72 24.79 24.73 24.66 24.59 24.52 24.62 24.55 24.55 24.70 24.69 24.56 24.48 24.40 24.26 24.09 24.42
24.56 24.69 24.74 24.75 24.62 24.65 24.70 24.69 24.77 24.50 24.39 24.35 24.59 24.70 24.57 24.63 24.53 24.62 24.62 24.24 21.92 21.17 21.19 23.72 24.62 24.57 24.59 24.62 24.64 24.61 24.61 24.60 24.60 24.74 24.78 24.73 24.70 24.65 24.62 24.59 24.61 24.61 24.62 24.56 24.62 24.68 24.67 24.62 24.57 24.65 24.54 24.43 24.47 24.61 24.59 24.63 24.65 24.59 24.68 24.67 24.70 24.69 24.71 24.55 24.54 24.68 24.64 24.62 24.53 24.64 23.50 24.41 24.51 24.39 24.21 24.16 24.46
24.66 24.69 24.70 24.75 24.74 24.64 24.62 24.66 24.79 24.67 24.40 24.24 24.45 24.61 24.49 24.64 24.43 24.50 24.65 24.22 23.06 22.91 22.16 23.76 24.55 24.54 24.60 24.51 24.54 24.64 24.60 24.21 24.18 24.59 24.68 24.66 24.60 24.62 24.56 24.54 24.62 24.62 24.52 24.47 24.45 24.56 24.60 24.59 24.68 24.61 24.65 24.64 24.47 24.62 24.50 24.60 24.69 24.63 24.32 24.67 24.70 24.63 24.60 24.63 24.61 24.52 24.69 24.68 24.58 24.62 24.32 24.65 24.54 24.26 24.33 24.34 24.55
24.69 24.71 24.67 24.70 24.66 24.61 24.66 24.68 24.72 24.57 24.51 24.50 24.49 24.40 24.39 24.27 24.52 24.41 24.51 24.52 23.14 22.53 21.18 22.87 24.55 24.56 24.52 24.44 24.54 24.65 24.56 24.33 23.86 24.24 24.60 24.52 24.50 24.51 24.57 24.48 24.51 24.53 24.63 24.58 24.41 24.19 24.15 24.54 24.65 24.72 24.63 24.68 24.62 24.62 24.55 24.42 24.74 24.60 24.33 24.43 24.57 24.49 24.59 24.58 24.62 24.68 24.61 24.65 24.70 24.69 24.70 24.68 24.69 24.53 24.48 24.40 24.51
24.69 24.64 24.66 24.72 24.62 24.46 24.67 24.71 24.76 24.71 24.75 24.57 24.46 24.37 24.46 24.34 24.28 24.50 24.56 24.66 24.48 23.76 22.92 22.26 23.89 24.61 24.57 24.52 24.26 24.67 24.42 24.13 23.88 24.42 24.67 24.53 24.34 24.59 24.63 24.52 24.53 24.54 24.52 24.66 24.52 24.28 24.18 24.44 24.60 24.59 24.62 24.58 24.58 24.63 24.57 24.51 24.55 24.64 24.65 24.45 24.47 24.48 24.31 24.42 24.61 24.67 24.41 24.63 24.57 24.59 24.73 24.73 24.69 24.59 24.45 24.35 24.66
24.59 24.63 24.64 24.65 24.80 24.73 24.84 24.71 24.67 24.65 24.70 24.69 24.75 24.71 24.62 24.53 24.52 24.40 24.73 24.66 24.59 24.61 24.68 23.19 24.47 24.58 24.48 24.57 24.43 24.46 23.64 23.73 23.73 24.19 24.68 24.62 24.41 24.64 24.63 24.48 24.54 24.49 24.53 24.69 24.66 24.53 24.35 24.42 24.61 24.58 24.55 24.51 24.56 24.56 24.37 24.32 24.58 24.54 24.56 24.23 24.03 24.31 24.44 24.43 24.54 24.55 24.54 24.63 24.53 24.62 24.69 24.75 24.59 24.57 24.66 24.43 24.69
24.49 24.68 24.46 24.50 24.79 24.77 24.70 24.52 24.58 24.55 24.65 24.68 24.65 24.70 24.61 24.55 24.70 24.78 24.63 24.38 24.60 24.72 24.50 24.31 24.53 24.51 24.45 24.66 24.50 24.10 23.64 23.90 23.27 24.44 24.67 24.51 24.50 24.55 24.47 24.42 24.47 24.51 24.63 24.62 24.56 24.51 24.39 24.33 24.38 24.46 24.50 24.59 24.59 24.58 24.54 24.50 24.31 24.52 24.51 24.36 24.25 24.19 24.47 24.39 24.57 24.49 24.34 24.55 24.68 24.70 24.61 24.67 24.50 24.55 24.75 24.67 24.59
24.33 24.57 24.62 24.47 24.65 24.68 24.63 24.60 24.59 24.46 24.48 24.71 24.70 24.70 24.63 24.51 24.69 24.53 24.44 23.44 23.85 24.69 24.38 24.13 24.43 24.39 24.39 24.62 24.08 23.74 23.98 23.84 23.52 24.45 24.36 24.28 24.46 24.44 24.42 24.52 24.53 24.43 24.60 24.61 24.54 24.51 24.48 24.45 24.39 24.50 24.49 24.48 24.52 24.50 24.55 24.50 24.48 24.51 24.31 24.41 24.35 24.38 24.51 24.66 24.59 24.61 24.03 24.35 24.57 24.57 24.61 24.65 24.56 24.64 24.66 24.61 24.60
24.22 24.22 24.41 24.52 24.60 24.61 24.63 24.53 24.59 24.38 24.32 24.61 24.71 24.71 24.70 24.80 24.56 24.37 24.11 22.70 23.33 24.59 24.17 24.10 23.94 24.27 24.60 24.38 24.34 24.45 23.93 24.15 24.10 23.91 24.40 24.12 24.02 23.88 24.34 24.60 24.49 24.46 24.57 24.60 24.50 24.43 24.44 24.36 24.50 24.53 24.29 24.40 24.51 24.60 24.44 24.38 24.42 24.50 24.25 24.15 24.33 24.26 24.62 24.61 24.61 24.57 24.44 24.46 24.54 24.50 24.59 24.61 24.67 24.68 24.56 24.62 24.54
24.19 23.66 24.29 24.42 24.50 24.47 24.42 24.42 24.43 24.51 24.21 24.41 24.65 24.62 24.74 24.69 24.58 24.46 24.05 23.39 23.39 24.22 24.30 24.13 23.04 23.80 24.43 24.22 24.68 24.24 23.47 24.10 24.21 24.29 24.39 24.22 23.93 24.30 24.56 24.53 24.38 24.45 24.53 24.46 24.46 24.44 24.49 24.55 24.59 24.48 24.39 24.45 24.59 24.49 24.36 24.36 24.38 24.24 24.52 24.45 24.46 24.50 24.19 23.51 24.46 24.52 24.54 24.59 24.61 24.64 24.67 24.66 24.72 24.61 24.57 24.50 24.58
23.79 23.45 24.03 24.07 24.41 24.34 24.58 24.54 24.60 24.39 24.36 24.51 24.57 24.75 24.75 24.65 24.53 24.40 24.07 24.19 23.38 23.17 23.29 23.71 23.70 24.41 24.44 24.48 24.62 24.31 23.67 24.17 24.17 24.12 24.21 24.59 24.42 24.51 24.61 24.51 24.39 24.51 24.50 24.54 24.53 24.50 24.55 24.59 24.60 24.53 24.59 24.46 24.69 24.60 24.47 24.48 24.42 24.46 24.55 24.57 24.47 24.42 22.64 22.38 24.49 24.55 24.54 24.63 24.70 24.65 24.70 24.77 24.76 24.68 24.59 24.39 24.48
23.32 23.29 23.70 24.24 24.08 24.44 24.49 24.40 24.31 24.42 24.45 24.53 24.64 24.69 24.71 24.57 24.50 24.46 24.22 23.79 22.84 23.40 23.66 24.22 24.56 24.40 24.66 24.51 24.49 24.27 24.27 24.59 24.29 24.27 24.44 24.41 24.44 24.55 24.67 24.60 24.44 24.48 24.58 24.54 24.53 24.57 24.59 24.54 24.57 24.53 24.50 24.51 24.60 24.55 24.52 24.39 24.39 24.33 24.52 24.50 24.27 24.30 24.07 23.79 24.59 24.64 24.34 24.59 24.52 24.59 24.57 24.67 24.75 24.76 24.66 24.59 24.51
23.96 23.65 24.18 23.47 23.73 24.45 24.58 24.13 24.21 24.42 24.61 24.63 24.58 24.70 24.71 24.60 24.57 24.38 24.34 23.86 22.99 23.99 23.95 24.26 24.18 24.28 24.51 24.50 24.30 24.37 24.26 24.60 24.56 24.23 24.55 23.97 24.13 24.56 24.51 24.56 24.52 24.41 24.28 24.28 24.36 24.61 24.58 24.57 24.53 24.57 24.59 24.54 24.60 24.61 24.53 24.24 24.38 24.43 24.44 24.56 24.30 24.44 24.60 24.29 24.49 24.64 24.65 24.64 24.60 24.58 24.49 24.50 24.74 24.76 24.70 24.61 24.58
24.08 24.20 23.93 23.36 23.68 23.88 24.45 24.30 24.38 24.63 24.67 24.70 24.67 24.63 24.60 24.56 24.51 24.43 24.27 23.72 22.55 23.90 23.57 23.80 24.41 24.12 24.22 24.21 23.97 23.99 23.98 24.23 24.04 23.83 24.20 24.19 24.19 24.40 24.08 24.39 24.26 24.04 24.19 24.40 24.09 24.37 24.60 24.46 24.50 24.59 24.62 24.59 24.50 24.55 24.53 24.42 24.42 24.44 24.45 24.51 24.30 24.32 24.48 24.36 24.16 24.54 24.44 24.38 24.43 24.42 24.49 24.54 24.66 24.73 24.66 24.59 24.57
24.04 24.25 24.14 23.58 23.50 23.88 23.84 24.18 24.33 24.60 24.62 24.70 24.58 24.58 24.52 24.51 24.44 24.36 24.02 22.90 23.05 23.77 23.76 23.57 24.35 23.84 24.14 23.78 23.91 24.30 24.37 24.37 24.23 24.21 24.32 24.24 24.35 24.41 24.08 24.26 24.15 24.26 24.13 24.63 24.48 24.40 24.47 24.50 24.54 24.50 24.54 24.56 24.64 24.52 24.38 24.44 24.38 24.49 24.55 24.39 24.49 24.44 24.25 24.03 24.11 24.45 24.42 24.34 24.32 24.36 24.32 24.34 24.49 24.56 24.63 24.65 24.58
23.84 24.22 23.98 23.90 23.70 23.92 23.94 24.11 24.45 24.61 24.55 24.55 24.56 24.53 24.51 24.51 24.47 24.40 22.27 19.89 20.85 23.14 23.77 22.77 24.11 24.17 23.73 23.65 23.96 24.25 24.38 24.05 24.14 24.34 24.28 23.93 24.53 24.63 24.59 24.48 24.38 24.57 24.69 24.67 24.53 24.35 24.33 24.54 24.46 24.14 24.30 24.54 24.60 24.45 24.49 24.49 24.39 24.38 24.46 24.31 24.47 24.34 24.29 24.28 24.11 24.31 24.16 24.22 24.39 24.48 24.37 24.26 24.13 24.29 24.54 24.45 24.59
23.82 23.91 24.00 24.22 23.79 23.66 23.93 24.00 24.25 24.57 24.64 24.56 24.51 24.45 24.49 24.44 24.37 24.13 20.70 18.15 18.84 22.60 23.54 22.82 23.75 23.38 23.75 23.66 23.95 24.26 24.26 24.36 24.48 24.35 24.00 24.13 24.32 24.36 24.49 24.40 24.37 24.54 24.63 24.51 24.45 24.31 24.34 24.49 24.49 24.26 24.45 24.25 24.05 24.30 24.33 24.47 24.44 24.44 24.41 24.44 24.42 24.24 24.15 24.42 24.60 24.24 24.39 24.41 24.41 24.45 24.30 24.19 24.17 24.42 24.52 24.45 24.52
