main/data/irradiance/06.01.2023.grid
ncols 839
nrows 679
xllcenter 112.0500
yllcenter -43.9500
cellsize 0.0500
nodata_value 99999.90
[rows 68 to 101 of 679, columns 308 to 384 of 839]
25.35 25.35 25.35 25.35 25.35 25.35 25.35 25.35 25.35 99999.90 99999.90 99999.90 99999.90 99999.90 99999.90 99999.90 99999.90 99999.90 99999.90 99999.90 99999.90 99999.90 99999.90 99999.90 99999.90 99999.90 99999.90 99999.90 99999.90 99999.90 99999.90 99999.90 99999.90 99999.90 99999.90 99999.90 22.40 19.43 19.08 19.08 19.08 19.08 19.08 19.08 19.08 19.08 19.08 19.08 19.08 18.01 17.75 17.78 17.68 17.68 16.87 16.87 16.81 17.39 15.89 14.88 14.87 14.44 14.30 13.69 13.47 13.30 12.94 12.61 12.38 12.19 11.39 10.78 10.02 9.30 10.21 11.53 12.08
25.35 25.35 25.35 25.35 25.35 25.35 25.35 25.35 25.35 24.68 99999.90 99999.90 99999.90 99999.90 99999.90 99999.90 99999.90 99999.90 99999.90 99999.90 99999.90 99999.90 99999.90 99999.90 99999.90 99999.90 99999.90 99999.90 99999.90 99999.90 99999.90 99999.90 99999.90 99999.90 99999.90 99999.90 22.40 19.43 19.43 19.43 19.08 19.08 19.08 19.08 19.08 19.08 19.08 19.08 19.08 18.01 17.75 17.78 17.68 17.68 17.17 16.57 16.49 16.11 15.54 15.84 14.85 14.67 14.24 14.42 13.58 13.81 13.70 13.06 12.69 12.21 11.85 11.76 10.98 10.83 11.54 11.78 12.83
25.35 25.35 25.35 25.35 25.35 25.35 25.35 25.35 24.68 24.68 99999.90 99999.90 99999.90 99999.90 99999.90 99999.90 99999.90 99999.90 99999.90 99999.90 99999.90 99999.90 99999.90 99999.90 99999.90 99999.90 99999.90 99999.90 99999.90 99999.90 99999.90 99999.90 99999.90 99999.90 99999.90 23.87 22.40 19.43 19.43 19.43 19.43 19.43 19.43 19.08 19.08 19.08 19.08 19.08 19.08 18.01 17.75 17.78 18.17 18.00 17.28 17.18 17.50 16.87 16.34 14.67 14.40 14.78 14.96 14.80 14.03 14.25 13.77 13.36 13.54 13.19 11.97 12.09 11.93 12.56 12.75 12.96 13.44
25.35 25.35 25.35 25.35 25.35 25.35 25.35 24.68 24.68 24.68 24.67 24.67 99999.90 99999.90 99999.90 99999.90 99999.90 99999.90 99999.90 99999.90 99999.90 99999.90 99999.90 99999.90 99999.90 99999.90 99999.90 99999.90 99999.90 99999.90 99999.90 99999.90 22.84 22.84 22.84 22.84 22.40 19.43 19.43 19.43 19.43 19.43 19.43 19.43 19.43 19.43 18.50 18.50 18.50 18.37 17.80 17.38 17.63 18.09 17.79 17.59 16.64 16.07 15.76 15.85 16.38 17.26 16.89 16.73 16.56 15.80 15.54 14.53 14.40 14.54 14.62 14.66 14.43 14.84 14.83 14.60 14.43
25.35 25.35 25.35 25.35 25.35 25.35 24.68 24.68 24.68 24.67 24.67 24.67 26.48 99999.90 99999.90 99999.90 99999.90 99999.90 99999.90 99999.90 99999.90 99999.90 99999.90 99999.90 99999.90 99999.90 99999.90 99999.90 99999.90 99999.90 99999.90 99999.90 22.84 22.84 22.84 22.84 22.40 22.40 22.40 19.43 19.43 19.43 19.43 19.43 19.43 19.43 19.43 19.10 19.10 19.15 18.53 17.68 17.70 18.10 18.12 18.08 17.05 16.45 15.75 16.19 16.16 16.78 17.48 17.73 17.70 17.58 16.71 15.76 16.28 16.57 16.58 16.10 15.74 15.29 15.66 15.54 16.07
25.35 25.35 25.35 25.35 25.35 24.68 24.68 24.68 24.67 26.35 26.35 26.35 26.35 26.35 26.35 99999.90 99999.90 99999.90 99999.90 99999.90 99999.90 99999.90 99999.90 99999.90 99999.90 99999.90 99999.90 99999.90 99999.90 99999.90 99999.90 25.31 22.84 22.84 22.84 22.84 22.84 22.84 22.40 22.40 22.40 22.40 19.43 19.43 19.43 19.43 19.43 19.43 18.68 18.54 17.99 18.17 18.15 18.54 18.65 18.31 18.13 17.10 17.29 16.76 17.11 17.60 17.55 17.25 17.48 17.41 17.45 17.50 17.03 15.73 15.66 15.92 16.16 16.27 16.26 16.39 16.74
25.35 25.35 25.35 25.35 24.68 24.68 24.68 24.67 26.35 26.35 26.35 26.35 26.35 26.35 26.35 99999.90 99999.90 99999.90 99999.90 99999.90 99999.90 99999.90 99999.90 99999.90 99999.90 99999.90 99999.90 99999.90 99999.90 99999.90 26.89 25.31 22.84 22.84 22.84 22.84 22.84 22.84 22.84 22.40 22.40 22.40 22.40 22.40 22.40 21.02 21.02 21.02 20.23 20.03 19.15 19.00 19.50 18.70 19.07 18.79 18.76 17.39 17.81 17.63 17.81 18.33 18.03 16.74 16.87 16.98 16.95 17.19 16.97 16.17 16.30 16.44 16.57 16.68 16.43 16.74 16.68
25.35 25.35 25.35 24.68 24.68 24.68 24.67 24.67 26.35 26.35 26.35 26.35 26.35 26.35 26.35 26.78 99999.90 99999.90 99999.90 99999.90 99999.90 99999.90 99999.90 99999.90 99999.90 99999.90 99999.90 99999.90 99999.90 99999.90 26.89 26.89 22.84 22.84 22.84 22.84 22.84 22.84 22.84 22.84 22.40 22.40 22.40 22.40 22.40 22.40 22.40 21.02 21.21 20.80 20.25 20.23 19.49 18.91 19.67 19.41 19.42 18.42 18.05 18.41 17.75 18.29 17.43 16.60 16.53 16.47 16.62 16.98 16.88 16.57 17.34 17.28 17.38 17.46 17.03 16.00 15.68
25.35 25.35 24.68 24.68 24.68 24.67 24.67 26.35 26.35 26.35 26.35 26.35 26.35 26.35 26.35 26.78 25.19 99999.90 99999.90 99999.90 99999.90 99999.90 99999.90 99999.90 99999.90 99999.90 99999.90 99999.90 99999.90 26.43 26.89 26.89 22.84 22.84 22.84 22.84 22.84 22.84 22.84 22.84 22.84 22.40 22.40 22.40 22.40 22.40 22.40 21.91 20.86 20.49 21.13 20.60 19.06 19.04 20.72 19.97 20.09 18.98 19.77 19.97 19.22 18.44 18.28 18.50 17.07 16.86 15.33 16.47 17.75 17.94 18.50 17.91 17.41 17.27 17.13 17.43 16.29
25.35 24.68 24.68 24.68 24.67 24.67 26.35 26.35 26.35 26.35 26.35 26.35 26.35 26.35 26.35 25.19 25.19 25.02 99999.90 99999.90 99999.90 99999.90 99999.90 99999.90 99999.90 99999.90 99999.90 99999.90 99999.90 26.43 26.89 26.89 26.89 22.84 22.84 22.84 22.84 22.84 22.84 22.84 22.84 22.84 23.06 23.06 23.06 23.06 23.06 22.10 21.44 21.07 21.57 20.98 20.23 20.41 21.95 21.35 20.46 21.70 21.09 20.48 20.60 19.17 18.67 18.22 17.11 18.20 17.29 17.36 17.65 17.95 18.06 19.06 18.87 18.14 18.18 17.68 17.46
24.68 24.68 24.68 24.67 24.67 24.67 26.35 26.35 26.35 26.35 26.35 26.35 26.35 26.35 26.35 25.19 25.02 25.02 99999.90 99999.90 99999.90 99999.90 99999.90 99999.90 99999.90 99999.90 99999.90 99999.90 99999.90 26.43 26.89 26.89 26.89 26.89 26.89 22.84 22.84 22.84 22.84 22.84 22.84 22.84 22.84 23.87 23.06 23.06 23.06 22.87 21.30 21.43 21.12 21.23 21.66 22.14 22.64 21.98 21.04 20.92 20.79 20.22 19.74 20.55 19.79 18.21 17.31 17.10 16.30 16.56 17.08 18.42 19.04 19.11 18.71 18.29 17.81 17.91 18.25
24.68 24.68 24.67 24.67 24.67 26.35 26.35 26.35 26.35 26.35 26.35 26.35 26.35 26.35 25.19 25.02 25.02 25.02 24.86 99999.90 99999.90 99999.90 99999.90 99999.90 99999.90 99999.90 99999.90 99999.90 99999.90 26.43 26.89 26.89 26.89 26.89 26.89 26.89 22.84 22.84 22.84 22.84 22.84 22.84 22.84 24.79 23.87 23.82 23.82 23.66 22.96 21.96 20.72 21.22 20.89 21.51 22.12 21.48 22.37 22.28 22.23 20.23 20.31 19.87 19.53 19.26 18.30 17.57 16.71 17.61 18.66 19.49 18.52 19.10 19.06 18.95 18.81 18.09 18.65
24.73 24.67 24.67 24.67 26.48 26.35 26.35 26.35 26.35 26.35 26.35 26.35 25.19 25.19 25.02 25.02 25.02 25.02 24.86 25.86 99999.90 99999.90 99999.90 99999.90 99999.90 99999.90 99999.90 99999.90 99999.90 26.43 26.89 26.89 26.89 26.89 26.89 26.89 26.89 25.31 22.84 22.84 22.84 22.84 22.84 24.79 23.87 23.87 23.76 23.89 22.56 22.84 21.64 22.07 21.36 21.00 20.92 20.89 20.51 20.92 21.84 20.98 20.69 20.02 19.66 17.98 16.83 17.73 18.45 20.26 20.82 22.36 21.37 20.19 19.23 19.51 20.29 19.17 19.27
24.65 24.67 24.67 26.48 26.35 26.35 26.35 26.35 26.35 26.35 26.35 25.19 25.19 25.02 25.02 25.02 25.02 25.02 24.50 24.50 24.50 24.50 99999.90 99999.90 99999.90 99999.90 99999.90 99999.90 99999.90 26.43 26.43 26.43 26.89 26.89 26.89 26.89 26.89 26.89 25.31 25.31 22.84 22.84 22.84 24.79 24.80 23.22 22.77 23.75 25.14 23.82 23.56 23.62 23.16 21.25 21.42 22.20 20.76 20.26 21.16 21.72 21.56 19.93 19.43 19.11 17.38 18.92 19.07 21.13 21.12 21.23 21.51 21.24 20.68 21.13 20.69 19.81 19.51
23.63 25.34 26.48 26.48 26.35 26.35 26.35 26.35 26.35 26.78 25.19 25.19 25.02 25.02 25.02 25.02 25.02 24.50 24.50 24.50 24.50 24.50 23.81 99999.90 99999.90 99999.90 99999.90 99999.90 99999.90 26.43 26.43 26.43 26.43 26.43 26.89 26.89 26.89 26.89 26.89 25.31 25.31 23.96 23.96 24.27 24.02 23.64 21.55 21.39 22.75 23.99 23.57 23.63 24.26 24.57 23.45 22.00 21.66 21.87 20.45 21.92 22.37 21.56 21.14 17.88 17.16 18.80 19.72 20.40 18.91 19.70 19.02 20.22 18.80 18.90 17.66 17.32 18.25
21.62 22.61 25.27 25.77 26.35 26.35 26.35 26.78 26.78 25.19 25.19 25.02 25.02 25.02 25.02 25.02 24.50 24.50 24.50 24.50 24.50 23.81 23.81 23.82 99999.90 99999.90 99999.90 99999.90 99999.90 26.43 26.43 26.43 26.43 26.43 26.43 26.43 26.89 26.89 26.89 26.89 25.31 25.31 25.74 25.14 24.38 24.16 22.89 21.40 22.27 22.90 23.47 23.11 24.58 24.62 23.70 23.65 23.94 23.23 20.33 19.61 19.23 18.72 18.16 18.35 19.59 20.60 21.75 21.34 20.74 18.08 16.99 17.00 18.65 17.68 17.09 17.34 18.40
23.89 24.01 25.79 26.32 26.55 26.55 26.78 26.78 25.19 25.19 25.02 25.02 25.02 25.02 25.02 24.50 24.50 24.50 24.50 24.50 23.81 23.81 23.82 23.82 22.51 99999.90 99999.90 99999.90 99999.90 26.43 26.43 26.43 26.43 26.43 26.43 26.43 26.43 26.43 26.89 26.89 26.89 26.43 26.13 24.42 23.16 24.64 23.61 23.27 23.53 23.54 23.57 22.45 21.36 21.53 21.46 23.44 24.59 24.20 22.29 20.97 19.72 18.79 18.41 18.47 19.26 18.91 18.70 19.87 17.93 15.39 16.33 18.73 19.98 18.29 19.58 19.61 19.73
25.81 25.44 25.68 25.68 25.92 26.78 26.78 25.19 25.19 25.02 25.02 25.02 25.02 25.02 24.50 24.50 24.50 24.50 24.50 23.81 26.93 26.93 26.60 25.94 25.94 25.94 25.94 25.94 25.94 26.43 26.43 26.43 26.43 26.43 26.43 26.43 26.43 26.43 26.43 27.16 27.16 25.96 24.81 24.43 23.06 23.55 23.81 23.78 23.57 23.03 22.36 22.64 21.39 19.54 21.29 21.91 21.79 23.00 23.06 22.48 20.64 20.02 18.70 17.86 17.84 17.65 18.66 17.35 16.63 17.37 18.27 19.39 20.31 20.61 18.14 16.56 16.50
24.59 25.12 25.20 25.07 25.66 25.72 25.19 25.19 25.02 25.02 25.02 25.02 24.86 24.50 24.50 24.50 24.50 24.50 23.81 23.81 26.93 26.93 26.60 25.94 25.94 25.94 25.94 25.94 27.54 26.43 26.43 26.43 26.43 26.43 26.43 26.43 26.43 26.43 26.43 26.43 26.25 25.06 24.30 24.54 25.13 25.52 24.32 23.68 23.42 23.07 23.94 23.21 22.12 19.64 20.91 22.74 22.37 20.93 22.85 23.55 22.16 20.86 21.47 21.33 19.32 18.60 18.65 17.21 15.87 16.00 18.65 19.16 20.48 19.36 17.48 15.77 15.96
24.30 25.47 24.06 24.64 23.20 24.93 24.57 25.02 25.02 25.02 24.86 24.86 24.50 24.50 24.50 24.50 24.50 23.81 23.81 26.93 26.93 26.93 26.60 25.94 25.94 25.94 25.94 25.94 27.54 27.54 25.71 25.71 25.71 25.71 25.71 25.71 25.71 25.71 25.71 25.71 25.49 24.21 24.83 24.98 24.29 25.17 24.83 24.67 23.83 23.32 23.22 23.24 22.30 22.05 21.53 22.88 24.76 24.26 25.00 24.36 22.96 23.15 23.51 22.26 20.75 18.64 18.87 17.87 18.63 18.44 18.42 18.56 17.86 16.38 16.43 16.02 16.40
25.91 25.04 23.79 23.28 22.08 23.13 23.13 25.27 25.27 24.86 24.86 25.86 24.50 24.50 24.50 24.50 23.81 23.81 23.82 26.93 26.93 26.93 26.60 25.94 25.94 25.94 25.94 25.94 27.54 27.54 27.54 25.71 25.71 25.71 25.71 25.71 25.71 25.71 25.71 25.71 26.11 25.33 24.43 25.09 24.12 24.48 24.88 24.36 24.83 23.68 22.30 20.84 20.00 18.79 20.56 22.54 23.93 24.83 24.32 25.24 23.85 23.57 24.22 23.72 22.61 21.33 21.41 21.34 20.41 19.69 19.31 17.25 15.46 16.16 17.81 17.17 18.39
25.92 25.32 24.48 25.43 24.20 23.30 23.89 24.46 24.86 24.86 25.86 24.50 24.50 24.50 24.50 23.81 23.81 23.82 23.82 26.93 26.93 26.93 26.60 25.94 25.94 25.94 25.94 27.54 27.54 27.54 28.38 27.71 25.71 25.71 25.71 25.71 25.71 25.71 25.71 26.11 26.11 25.44 25.85 26.18 26.33 26.06 26.38 24.41 23.98 24.11 23.73 22.64 22.19 22.69 22.35 22.10 22.84 22.80 22.86 22.12 22.00 21.08 21.45 22.52 22.49 22.12 21.81 21.83 19.34 19.01 18.73 18.44 17.25 16.91 17.67 18.46 18.61
26.02 25.46 25.92 25.16 24.30 22.68 23.12 24.78 25.33 25.86 25.86 24.50 24.50 24.50 23.81 23.81 23.82 23.82 22.51 26.93 26.93 26.93 26.60 25.94 25.94 25.94 25.94 27.54 27.54 27.54 28.38 27.71 27.71 25.71 25.71 25.71 25.71 25.71 26.11 26.11 25.44 25.44 25.85 26.13 26.30 26.62 26.38 26.13 24.36 22.05 23.42 23.00 23.18 23.95 24.31 24.62 24.81 24.53 23.11 21.39 20.78 21.32 21.75 21.96 20.88 20.94 21.47 21.38 20.05 19.96 20.66 21.08 20.96 17.98 16.62 18.79 18.86
25.11 24.83 25.48 24.04 24.65 22.86 23.73 23.35 25.42 26.17 24.72 24.50 24.50 23.81 23.81 23.82 23.82 22.51 22.51 26.93 26.93 26.93 26.60 25.94 25.94 25.94 25.94 27.54 27.54 27.54 28.38 27.71 27.71 27.71 27.51 25.71 25.71 26.11 26.11 25.44 25.44 25.44 26.13 26.13 26.30 26.62 24.79 24.46 22.64 23.93 23.97 23.27 24.45 25.09 23.02 25.19 24.96 24.21 22.94 21.60 20.98 22.79 23.18 22.48 20.73 20.25 21.92 22.27 20.03 19.31 19.02 19.88 19.87 18.62 19.18 18.44 17.15
24.32 24.88 26.09 26.53 24.65 23.87 24.08 23.93 25.09 26.29 25.65 24.72 23.81 23.81 23.82 23.82 22.51 22.51 26.93 26.93 26.93 26.93 26.60 25.94 25.94 25.94 27.54 27.54 27.54 27.54 28.38 27.71 27.71 27.71 27.51 27.51 27.51 26.11 25.44 25.44 27.36 27.36 27.36 27.36 27.16 26.81 27.36 27.44 25.69 24.11 24.06 24.44 24.54 23.73 24.25 24.57 26.05 25.33 24.59 24.97 20.99 20.01 22.27 22.17 22.60 22.82 22.62 21.60 19.43 19.32 18.61 18.90 18.59 18.67 18.57 17.18 16.93
24.25 25.63 26.01 25.54 24.98 23.58 24.36 24.51 23.63 23.35 24.64 24.81 25.34 23.82 23.82 22.51 22.51 22.51 26.93 26.93 26.93 26.93 26.60 25.94 25.94 25.94 27.54 27.54 27.54 28.42 28.38 27.71 27.71 27.71 27.51 27.51 27.51 26.75 26.75 27.36 27.36 27.36 27.36 27.36 26.68 26.51 26.27 26.88 25.71 25.59 25.29 26.43 25.63 24.99 22.90 24.64 24.80 24.33 22.77 22.41 19.69 19.27 22.50 22.35 22.48 23.71 22.73 20.73 17.58 16.93 18.66 19.26 18.92 19.19 19.11 17.98 18.61
25.44 25.89 24.41 24.30 23.10 23.35 24.33 26.18 26.10 25.70 25.54 24.53 24.94 23.67 22.51 22.51 22.51 22.51 26.91 26.93 26.93 26.93 26.60 25.94 25.94 27.74 27.54 27.54 27.54 28.42 28.38 27.71 27.71 27.71 27.51 27.51 27.51 26.75 26.75 26.75 27.36 27.36 27.36 26.68 26.68 26.64 26.45 26.57 25.73 25.51 25.88 25.59 25.38 25.58 23.59 24.17 22.23 24.55 23.56 21.74 21.63 19.72 21.42 23.87 23.17 21.34 21.28 20.21 18.47 17.68 17.70 19.32 19.52 19.25 18.36 18.84 18.98
26.37 25.64 24.21 24.08 23.45 24.28 26.12 25.29 27.06 27.01 26.38 25.60 25.58 24.04 22.61 22.61 22.61 22.61 26.91 26.91 26.93 26.93 26.60 25.94 25.94 27.74 27.54 27.54 27.51 28.42 28.38 27.71 27.71 27.71 27.51 27.51 27.51 26.75 26.75 26.75 25.78 25.78 26.68 26.68 26.64 26.64 26.45 26.30 25.73 25.51 25.88 25.09 25.91 26.07 25.30 24.97 25.44 24.70 24.34 23.55 22.80 22.93 22.72 23.36 24.41 23.76 24.18 23.46 20.26 19.25 19.08 20.34 20.11 20.20 20.13 20.77 20.23
26.97 25.71 24.43 23.95 25.02 25.17 26.44 25.13 23.51 26.00 26.93 27.18 24.91 25.10 22.61 22.61 22.61 24.26 26.91 26.91 26.91 27.02 26.88 26.52 26.85 27.74 27.54 27.54 27.51 28.42 28.38 27.71 27.71 27.71 27.51 27.51 27.51 26.75 26.75 26.08 25.78 25.78 24.88 24.88 24.88 24.85 26.30 26.30 25.24 25.24 24.92 24.40 24.24 25.59 26.32 26.07 26.24 26.22 24.43 23.24 22.55 23.07 22.87 22.86 23.47 24.60 23.79 24.02 21.02 18.52 18.13 20.06 20.55 20.71 21.75 21.95 20.88
26.51 25.91 24.73 24.50 24.17 25.60 27.10 25.61 24.80 25.90 25.01 26.24 25.20 25.50 25.50 25.50 24.26 24.26 24.26 26.43 26.43 26.31 25.14 25.37 25.38 27.13 27.13 27.03 27.51 28.42 28.38 27.71 27.71 27.84 27.51 27.51 27.51 26.75 26.75 26.08 25.78 25.78 24.88 24.88 24.88 24.85 26.30 26.94 26.44 25.19 24.02 24.39 24.77 24.46 25.05 24.51 25.17 24.86 23.50 24.88 24.91 24.07 22.20 23.60 24.35 23.73 23.90 22.86 22.00 17.77 19.60 22.03 21.01 21.49 21.60 21.77 21.99
25.25 26.16 25.86 25.61 24.49 25.13 25.78 24.85 23.82 24.94 25.56 26.26 26.22 25.50 25.50 24.26 24.26 24.26 24.26 25.35 27.08 26.98 26.76 25.95 25.51 25.42 25.40 27.39 27.18 27.20 28.10 27.83 27.84 27.84 27.65 27.52 27.52 27.43 26.45 26.08 25.78 25.78 25.78 24.88 24.88 24.21 24.71 24.82 25.35 24.24 24.43 24.93 23.75 24.82 25.35 25.03 24.47 24.16 22.96 24.51 24.33 23.84 24.22 23.31 24.66 24.67 24.87 23.42 21.71 20.20 21.54 22.50 23.22 23.17 22.40 21.91 21.65
27.54 26.95 25.69 24.52 22.93 24.60 24.45 26.15 25.79 26.38 25.69 27.71 26.86 26.86 26.86 22.59 24.73 24.73 24.73 25.35 27.04 27.02 27.35 27.38 26.68 25.81 24.47 25.57 26.96 26.71 27.70 27.58 27.96 27.58 27.65 27.65 27.73 27.10 26.03 25.26 25.05 25.05 24.97 26.03 26.03 23.99 22.41 24.38 24.89 24.88 25.60 26.66 26.78 26.04 24.89 25.97 26.28 24.36 24.19 25.22 24.23 23.58 24.11 23.77 23.71 23.98 25.11 25.08 23.98 23.43 22.81 22.28 22.81 23.60 23.20 23.09 22.70
25.51 26.37 27.24 24.76 22.43 24.00 24.71 26.04 25.99 24.42 24.94 26.80 27.49 27.49 27.49 22.59 22.59 24.04 24.82 25.52 26.57 27.08 27.50 27.27 26.04 25.67 25.13 25.40 24.06 25.02 26.49 27.00 27.39 27.16 27.52 27.52 27.73 27.74 27.28 26.42 25.68 24.97 24.97 25.75 25.75 22.94 22.95 24.11 25.53 25.24 26.25 25.17 26.48 24.74 25.30 25.97 26.63 24.40 23.29 24.32 23.69 23.69 24.24 25.44 24.73 25.10 25.96 24.98 25.65 25.56 24.05 23.40 21.96 23.41 23.34 22.21 21.72
26.90 27.19 26.92 24.12 22.72 23.39 25.31 24.66 25.63 24.27 23.93 24.78 26.89 26.89 22.79 22.63 22.63 22.51 24.65 24.85 26.11 26.81 26.67 25.63 26.21 26.51 26.97 25.84 23.46 24.15 25.61 26.31 26.65 27.54 27.57 27.57 27.49 27.49 27.23 27.03 27.16 26.10 25.92 25.92 25.75 24.76 25.20 25.24 24.94 25.55 24.58 24.38 25.42 24.60 25.40 24.99 25.09 24.21 24.48 23.80 22.21 23.09 24.41 26.40 26.11 25.50 26.45 25.41 25.46 24.31 24.53 24.31 23.04 22.93 24.28 23.32 21.95
