main/data/irradiance/06.09.2023.grid
ncols 839
nrows 679
xllcenter 112.0500
yllcenter -43.9500
cellsize 0.0500
nodata_value 99999.90
[rows 102 to 135 of 679, columns 539 to 615 of 839]
99999.90 99999.90 99999.90 99999.90 99999.90 99999.90 99999.90 99999.90 99999.90 99999.90 99999.90 99999.90 99999.90 99999.90 99999.90 99999.90 99999.90 99999.90 99999.90 99999.90 99999.90 99999.90 99999.90 99999.90 99999.90 99999.90 99999.90 99999.90 99999.90 99999.90 99999.90 99999.90 99999.90 99999.90 99999.90 99999.90 99999.90 99999.90 99999.90 24.10 24.22 24.15 24.12 24.12 24.12 24.12 24.12 24.12 24.12 24.12 24.12 24.14 24.14 24.14 24.09 24.07 24.01 24.09 24.08 24.16 24.33 24.36 23.88 23.86 23.88 23.94 23.95 23.96 23.99 23.98 23.92 23.94 23.89 23.90 23.86 23.92 23.88
99999.90 99999.90 99999.90 99999.90 99999.90 99999.90 99999.90 99999.90 99999.90 99999.90 99999.90 99999.90 99999.90 99999.90 99999.90 99999.90 99999.90 99999.90 99999.90 99999.90 99999.90 99999.90 99999.90 99999.90 99999.90 99999.90 99999.90 99999.90 99999.90 99999.90 99999.90 99999.90 99999.90 99999.90 99999.90 99999.90 99999.90 99999.90 99999.90 24.10 24.22 24.15 24.15 24.15 24.12 24.12 24.12 24.12 24.12 24.12 24.12 24.12 24.12 24.12 24.07 23.92 23.97 24.20 24.26 24.22 24.11 23.93 23.81 23.81 23.80 23.88 23.92 23.92 23.92 23.93 23.93 23.89 23.92 23.90 23.90 23.91 23.88
99999.90 99999.90 99999.90 99999.90 99999.90 99999.90 99999.90 99999.90 99999.90 99999.90 99999.90 99999.90 99999.90 99999.90 99999.90 99999.90 99999.90 99999.90 99999.90 99999.90 99999.90 99999.90 99999.90 99999.90 99999.90 99999.90 99999.90 99999.90 99999.90 99999.90 99999.90 99999.90 99999.90 99999.90 99999.90 99999.90 99999.90 99999.90 99999.90 24.10 24.22 24.22 24.22 24.15 24.15 24.15 24.15 24.12 24.12 24.12 24.12 24.12 24.12 24.13 23.96 23.85 23.91 23.89 24.22 24.17 23.84 23.82 23.79 23.84 23.84 23.91 23.90 23.87 23.90 23.94 23.93 23.95 23.91 23.90 23.86 23.96 23.92
99999.90 99999.90 99999.90 99999.90 99999.90 99999.90 99999.90 99999.90 99999.90 99999.90 99999.90 99999.90 99999.90 99999.90 99999.90 99999.90 99999.90 99999.90 99999.90 99999.90 99999.90 99999.90 99999.90 99999.90 99999.90 99999.90 99999.90 99999.90 99999.90 99999.90 99999.90 99999.90 99999.90 99999.90 99999.90 99999.90 99999.90 99999.90 99999.90 24.10 24.22 24.22 24.22 24.22 24.22 24.15 24.15 24.15 24.15 24.15 24.22 24.22 24.22 24.22 23.99 24.03 23.89 23.77 23.81 23.80 23.81 23.79 23.83 23.86 23.85 23.84 23.86 23.89 23.91 23.92 23.85 23.88 23.87 23.87 23.89 23.86 23.89
99999.90 99999.90 99999.90 99999.90 99999.90 99999.90 99999.90 99999.90 99999.90 99999.90 99999.90 99999.90 99999.90 99999.90 99999.90 99999.90 99999.90 99999.90 99999.90 99999.90 99999.90 99999.90 99999.90 99999.90 99999.90 99999.90 99999.90 99999.90 99999.90 99999.90 99999.90 99999.90 99999.90 99999.90 99999.90 99999.90 99999.90 99999.90 99999.90 24.10 24.22 24.22 24.22 24.22 24.22 24.22 24.22 24.15 24.15 24.15 24.15 24.19 24.19 24.09 23.97 23.97 23.85 23.80 23.93 23.79 23.74 23.80 23.91 23.88 23.90 23.88 23.87 23.89 23.86 23.81 23.88 23.86 23.93 23.89 23.88 23.84 23.90
99999.90 99999.90 99999.90 99999.90 99999.90 99999.90 99999.90 99999.90 99999.90 99999.90 99999.90 99999.90 99999.90 99999.90 99999.90 99999.90 99999.90 99999.90 99999.90 99999.90 99999.90 99999.90 99999.90 99999.90 99999.90 99999.90 99999.90 99999.90 99999.90 99999.90 99999.90 99999.90 99999.90 99999.90 99999.90 99999.90 99999.90 99999.90 99999.90 24.10 24.22 24.22 24.22 24.22 24.22 24.22 24.22 24.22 24.22 24.15 24.15 24.15 24.08 24.00 23.95 23.95 23.92 24.00 23.92 23.78 23.81 23.78 23.77 23.79 23.83 23.87 23.88 23.89 23.84 23.86 23.86 23.87 23.88 23.88 23.84 23.83 23.89
99999.90 99999.90 99999.90 99999.90 99999.90 99999.90 99999.90 99999.90 99999.90 99999.90 99999.90 99999.90 99999.90 99999.90 99999.90 99999.90 99999.90 99999.90 99999.90 99999.90 99999.90 99999.90 99999.90 99999.90 99999.90 99999.90 99999.90 99999.90 99999.90 99999.90 99999.90 99999.90 99999.90 99999.90 99999.90 99999.90 99999.90 99999.90 23.96 24.10 24.10 24.10 24.22 24.22 24.22 24.22 24.22 24.22 24.22 24.22 23.98 23.98 23.99 23.98 23.86 23.89 23.88 23.83 23.81 23.72 23.80 23.77 23.77 23.72 23.74 23.75 23.82 23.83 23.83 23.83 23.79 23.79 23.78 23.86 23.84 23.79 23.82
99999.90 99999.90 99999.90 99999.90 99999.90 99999.90 99999.90 99999.90 99999.90 99999.90 99999.90 99999.90 99999.90 99999.90 99999.90 99999.90 99999.90 99999.90 99999.90 99999.90 99999.90 99999.90 99999.90 99999.90 99999.90 99999.90 99999.90 99999.90 99999.90 99999.90 99999.90 99999.90 99999.90 99999.90 99999.90 99999.90 99999.90 99999.90 23.96 24.10 24.10 24.10 24.10 24.10 24.10 24.22 24.22 24.22 24.22 24.22 24.22 24.29 24.08 23.91 23.79 23.87 23.95 23.77 23.82 23.78 23.76 23.77 23.78 23.73 23.71 23.74 23.78 23.80 23.79 23.76 23.72 23.72 23.77 23.76 23.75 23.86 23.89
99999.90 99999.90 99999.90 99999.90 99999.90 99999.90 99999.90 99999.90 99999.90 99999.90 99999.90 99999.90 99999.90 99999.90 99999.90 99999.90 99999.90 99999.90 99999.90 99999.90 99999.90 99999.90 99999.90 99999.90 99999.90 99999.90 99999.90 99999.90 99999.90 99999.90 99999.90 99999.90 99999.90 99999.90 99999.90 99999.90 99999.90 99999.90 23.96 24.10 24.10 24.10 24.10 24.10 24.10 24.10 24.10 24.10 24.03 24.03 24.03 24.08 24.08 24.16 24.22 23.80 24.00 23.91 23.68 23.80 23.86 23.79 23.72 24.04 23.87 23.75 23.74 23.68 23.67 23.67 23.63 23.65 23.66 23.76 23.88 23.88 23.86
99999.90 99999.90 99999.90 99999.90 99999.90 99999.90 99999.90 99999.90 99999.90 99999.90 99999.90 99999.90 99999.90 99999.90 99999.90 99999.90 99999.90 99999.90 99999.90 99999.90 99999.90 99999.90 99999.90 99999.90 99999.90 99999.90 99999.90 99999.90 99999.90 99999.90 99999.90 99999.90 99999.90 99999.90 99999.90 99999.90 99999.90 99999.90 23.96 24.10 24.10 24.10 24.10 24.10 24.10 24.10 24.10 24.10 24.10 24.12 24.12 23.98 23.90 23.96 23.92 23.80 23.75 23.80 23.74 23.75 23.81 23.77 23.64 24.04 24.26 23.70 23.72 23.72 23.67 23.70 23.69 23.71 23.71 23.78 23.79 23.82 23.84
99999.90 99999.90 99999.90 99999.90 99999.90 99999.90 99999.90 99999.90 99999.90 99999.90 99999.90 99999.90 99999.90 99999.90 99999.90 99999.90 99999.90 99999.90 99999.90 99999.90 99999.90 99999.90 99999.90 99999.90 99999.90 99999.90 99999.90 99999.90 99999.90 99999.90 99999.90 99999.90 99999.90 99999.90 99999.90 99999.90 99999.90 99999.90 23.96 24.10 24.10 24.10 24.10 24.10 24.10 24.10 24.10 24.10 24.10 24.10 24.08 24.00 23.93 23.84 23.76 23.73 23.79 23.75 23.73 23.72 23.68 23.72 23.72 23.63 24.05 23.67 23.65 23.59 23.60 23.67 23.70 23.70 23.70 23.73 23.72 23.80 23.84
99999.90 99999.90 99999.90 99999.90 99999.90 99999.90 99999.90 99999.90 99999.90 99999.90 99999.90 99999.90 99999.90 99999.90 99999.90 99999.90 99999.90 99999.90 99999.90 99999.90 99999.90 99999.90 99999.90 99999.90 99999.90 99999.90 99999.90 99999.90 99999.90 99999.90 99999.90 99999.90 99999.90 99999.90 99999.90 99999.90 99999.90 99999.90 23.96 24.10 24.10 24.10 24.10 24.10 24.10 24.10 24.10 24.10 24.10 24.10 24.15 23.88 23.81 23.69 23.62 23.62 23.64 23.61 23.63 23.66 23.70 23.57 23.63 23.66 23.62 23.68 23.63 23.57 23.61 23.65 23.63 23.65 23.63 23.63 23.63 23.70 23.71
99999.90 99999.90 99999.90 99999.90 99999.90 99999.90 99999.90 99999.90 99999.90 99999.90 99999.90 99999.90 99999.90 99999.90 99999.90 99999.90 99999.90 99999.90 99999.90 99999.90 99999.90 99999.90 99999.90 99999.90 99999.90 99999.90 99999.90 99999.90 99999.90 99999.90 99999.90 99999.90 99999.90 99999.90 99999.90 99999.90 99999.90 99999.90 23.96 23.96 23.96 24.00 24.00 24.00 24.00 24.00 24.00 24.00 24.00 24.00 24.11 23.83 23.75 23.64 23.73 23.68 23.61 23.60 23.62 23.54 23.56 23.58 23.62 23.65 23.59 23.66 23.60 23.59 23.59 23.61 23.64 23.61 23.65 23.63 23.64 23.68 23.68
99999.90 99999.90 99999.90 99999.90 99999.90 99999.90 99999.90 99999.90 99999.90 99999.90 99999.90 99999.90 99999.90 99999.90 99999.90 99999.90 99999.90 99999.90 99999.90 99999.90 99999.90 99999.90 99999.90 99999.90 99999.90 99999.90 99999.90 99999.90 99999.90 99999.90 99999.90 99999.90 99999.90 99999.90 99999.90 99999.90 99999.90 23.78 23.96 23.96 23.96 23.96 23.96 23.96 24.04 24.04 24.04 24.04 24.04 24.04 23.99 23.90 23.70 23.79 23.87 23.86 23.76 23.78 23.81 23.76 23.62 23.62 23.59 23.62 23.52 23.56 23.62 23.65 23.65 23.57 23.59 23.59 23.60 23.60 23.58 23.60 23.68
99999.90 99999.90 99999.90 99999.90 99999.90 99999.90 99999.90 99999.90 99999.90 99999.90 99999.90 99999.90 99999.90 99999.90 99999.90 99999.90 99999.90 99999.90 99999.90 99999.90 99999.90 99999.90 99999.90 99999.90 99999.90 99999.90 99999.90 99999.90 99999.90 99999.90 99999.90 99999.90 99999.90 99999.90 99999.90 99999.90 99999.90 23.78 23.96 23.96 23.96 23.96 23.96 23.96 23.96 23.96 23.96 24.02 24.02 24.02 24.01 23.91 23.84 23.87 23.85 23.84 23.82 23.79 23.78 23.75 23.71 23.63 23.59 23.55 23.51 23.51 23.60 23.61 23.61 23.60 23.60 23.57 23.58 23.55 23.60 23.55 23.59
99999.90 99999.90 99999.90 99999.90 99999.90 99999.90 99999.90 99999.90 99999.90 99999.90 99999.90 99999.90 99999.90 99999.90 99999.90 99999.90 99999.90 99999.90 99999.90 99999.90 99999.90 99999.90 99999.90 99999.90 99999.90 99999.90 99999.90 99999.90 99999.90 99999.90 99999.90 99999.90 99999.90 99999.90 99999.90 99999.90 99999.90 23.78 23.96 23.96 23.96 23.96 23.96 23.96 23.96 23.96 23.96 23.96 24.00 24.00 23.94 23.99 23.84 23.74 23.74 23.81 23.78 23.79 23.71 23.65 23.61 23.60 23.64 23.54 23.45 23.51 23.46 23.46 23.54 23.53 23.60 23.58 23.58 23.60 23.67 23.66 23.62
23.55 23.55 23.55 23.55 23.55 23.55 23.55 23.55 23.55 23.55 23.55 23.59 23.56 23.56 23.56 23.56 23.56 23.56 23.56 23.56 23.56 23.56 23.56 99999.90 99999.90 99999.90 99999.90 99999.90 99999.90 99999.90 99999.90 99999.90 99999.90 99999.90 99999.90 99999.90 99999.90 23.78 23.96 23.96 23.96 23.96 23.96 23.96 23.96 23.96 23.96 23.96 23.96 24.02 23.86 23.89 23.82 23.72 23.77 23.88 23.94 24.05 23.91 23.72 23.71 23.61 23.50 23.38 23.41 23.41 23.42 23.57 23.43 23.52 23.50 23.53 23.56 23.52 23.56 23.65 23.64
23.46 23.46 23.46 23.46 23.46 23.46 23.55 23.55 23.55 23.55 23.55 23.59 23.56 23.56 23.56 23.56 23.56 23.56 23.56 23.56 23.56 23.56 23.56 23.57 99999.90 99999.90 99999.90 99999.90 99999.90 99999.90 99999.90 99999.90 99999.90 99999.90 99999.90 99999.90 23.64 23.78 23.96 23.96 23.96 23.96 23.96 23.96 23.96 23.96 23.96 23.96 23.96 23.83 23.90 23.74 23.63 23.60 23.61 23.62 23.64 23.71 23.70 23.67 23.63 23.60 23.56 23.46 23.40 23.44 23.41 23.34 23.45 23.44 23.55 23.59 23.51 23.53 23.52 23.57 23.62
23.46 23.46 23.46 23.46 23.46 23.46 23.55 23.55 23.55 23.55 23.55 23.59 23.56 23.56 23.56 23.56 23.56 23.56 23.56 23.56 23.56 23.56 23.57 23.57 99999.90 99999.90 99999.90 99999.90 99999.90 99999.90 99999.90 99999.90 99999.90 99999.90 99999.90 99999.90 23.64 23.78 23.96 23.96 23.96 23.96 23.96 23.96 23.96 23.96 23.96 23.77 23.77 23.77 23.84 23.70 23.53 23.57 23.60 23.47 23.52 23.55 23.56 23.55 23.50 23.52 23.54 23.57 23.54 23.49 23.49 23.42 23.44 23.50 23.48 23.47 23.48 23.51 23.52 23.54 23.56
23.46 23.46 23.46 23.46 23.46 23.46 23.46 23.55 23.55 23.55 23.55 23.59 23.56 23.56 23.56 23.56 23.56 23.56 23.56 23.56 23.56 23.57 23.57 23.57 99999.90 99999.90 99999.90 99999.90 99999.90 99999.90 99999.90 99999.90 99999.90 99999.90 99999.90 23.81 23.64 23.78 23.78 23.78 23.78 23.78 23.78 23.78 23.78 23.78 23.78 23.58 23.58 23.58 23.79 23.63 23.53 23.51 23.49 23.43 23.39 23.46 23.49 23.41 23.39 23.45 23.55 23.56 23.51 23.46 23.46 23.40 23.42 23.48 23.49 23.45 23.42 23.44 23.53 23.44 23.45
23.46 23.46 23.46 23.46 23.46 23.46 23.46 23.55 23.55 23.55 23.55 23.59 23.56 23.56 23.56 23.56 23.56 23.56 23.56 23.56 23.57 23.57 23.57 23.57 99999.90 99999.90 99999.90 99999.90 99999.90 99999.90 99999.90 99999.90 99999.90 99999.90 99999.90 23.81 23.64 23.78 23.78 23.78 23.78 23.78 23.78 23.78 23.78 23.78 23.78 23.78 23.74 23.74 23.66 23.62 23.50 23.47 23.50 23.49 23.32 23.37 23.41 23.30 23.30 23.33 23.37 23.41 23.46 23.43 23.43 23.46 23.49 23.49 23.52 23.54 23.51 23.53 23.54 23.53 23.45
23.46 23.46 23.46 23.46 23.46 23.46 23.46 23.55 23.55 23.55 23.55 23.59 23.56 23.56 23.56 23.56 23.56 23.56 23.56 23.57 23.57 23.57 23.57 23.57 99999.90 99999.90 99999.90 99999.90 99999.90 99999.90 99999.90 99999.90 99999.90 99999.90 99999.90 23.81 23.64 23.78 23.78 23.78 23.78 23.78 23.78 23.78 23.78 23.78 23.78 23.78 23.78 23.78 23.63 23.56 23.46 23.28 23.35 23.36 23.33 23.36 23.32 23.21 23.19 23.28 23.28 23.26 23.29 23.45 23.47 23.46 23.50 23.48 23.51 23.52 23.52 23.51 23.55 23.53 23.54
23.46 23.46 23.46 23.46 23.46 23.46 23.46 23.55 23.55 23.55 23.55 23.59 23.56 23.56 23.56 23.56 23.56 23.56 23.57 23.57 23.57 23.57 23.57 23.57 99999.90 99999.90 99999.90 99999.90 99999.90 99999.90 99999.90 99999.90 99999.90 99999.90 23.74 23.81 23.64 23.78 23.78 23.78 23.78 23.78 23.78 23.78 23.78 23.78 23.78 23.83 23.83 23.85 23.78 23.70 23.49 23.36 23.44 23.38 23.38 23.28 23.26 23.25 23.25 23.24 23.28 23.21 23.14 23.26 23.50 23.57 23.51 23.48 23.52 23.51 23.54 23.55 23.56 23.54 23.49
22.70 23.46 23.46 23.46 23.46 23.46 23.46 23.47 23.55 23.55 23.55 23.59 23.56 23.56 23.56 23.56 23.56 23.57 23.57 23.57 23.57 23.57 23.57 23.57 99999.90 99999.90 99999.90 99999.90 99999.90 99999.90 99999.90 99999.90 99999.90 23.80 23.74 23.81 23.64 23.64 23.64 23.78 23.78 23.78 23.78 23.78 23.78 23.78 23.78 23.78 23.84 23.81 23.76 23.62 23.55 23.50 23.48 23.46 23.39 23.37 23.35 23.25 23.25 23.23 23.32 23.25 23.09 23.17 23.31 23.51 23.58 23.54 23.55 23.58 23.55 23.57 23.59 23.50 23.46
22.70 22.70 23.46 23.46 23.46 23.46 23.46 23.47 23.55 23.55 23.55 23.59 23.56 23.56 23.56 23.56 23.57 23.57 23.57 23.57 23.57 23.57 23.57 23.57 99999.90 99999.90 99999.90 99999.90 99999.90 99999.90 99999.90 99999.90 23.73 23.80 23.80 23.81 23.81 23.81 23.64 23.64 23.64 23.64 23.90 23.90 23.90 23.90 23.90 23.90 23.76 23.86 23.76 23.63 23.63 23.57 23.55 23.55 23.50 23.46 23.45 23.40 23.31 23.24 23.24 23.28 23.06 23.14 23.36 23.43 23.54 23.58 23.54 23.56 23.56 23.53 23.55 23.53 23.54
22.29 22.70 22.70 23.46 23.46 23.46 23.46 23.47 22.99 23.55 23.55 23.59 23.56 23.56 23.56 23.57 23.57 23.57 23.57 23.57 23.57 23.57 23.57 23.57 99999.90 99999.90 99999.90 99999.90 99999.90 99999.90 99999.90 99999.90 23.73 23.73 23.80 23.81 23.81 23.81 23.81 23.81 23.64 23.64 23.64 23.64 23.64 23.91 23.91 23.91 23.79 23.73 23.68 23.64 23.65 23.63 23.59 23.59 23.54 23.49 23.46 23.55 23.62 23.33 23.31 23.25 23.08 23.28 23.54 23.55 23.69 23.54 23.63 23.54 23.55 23.57 23.60 23.57 23.53
22.29 22.29 22.70 22.70 23.46 23.46 23.46 23.47 22.99 23.55 23.55 23.59 23.56 23.56 23.57 23.57 23.57 23.57 23.57 23.57 23.57 23.57 23.57 23.57 99999.90 99999.90 99999.90 99999.90 99999.90 99999.90 99999.90 23.76 23.73 23.73 23.73 23.81 23.81 23.81 23.81 23.81 23.81 23.81 23.64 23.64 23.64 23.64 23.89 23.89 23.80 23.64 23.53 23.58 23.61 23.58 23.51 23.48 23.48 23.46 23.52 23.55 23.47 23.42 23.42 23.37 23.36 23.33 23.61 23.93 24.14 24.15 24.06 23.77 23.60 23.55 23.55 23.50 23.52
22.29 22.29 22.29 22.70 22.70 23.46 23.46 23.47 22.99 23.02 23.44 23.59 23.49 23.57 23.57 23.57 23.57 23.57 23.57 23.57 23.57 23.57 23.57 23.57 99999.90 99999.90 99999.90 99999.90 99999.90 99999.90 23.75 23.76 23.73 23.73 23.73 23.73 23.81 23.81 23.81 23.81 23.81 23.81 23.81 23.81 23.64 23.64 23.64 23.85 23.88 23.85 23.54 23.45 23.43 23.54 23.52 23.49 23.39 23.45 23.43 23.43 23.40 23.44 23.51 23.53 23.52 23.53 23.72 23.95 24.12 24.12 24.13 24.13 24.13 23.55 23.49 23.48 23.51
22.29 22.29 22.29 22.29 22.70 22.70 22.91 22.80 22.43 23.38 23.44 23.44 23.49 23.57 23.57 23.57 23.57 23.57 23.57 23.57 23.57 23.57 23.57 23.57 99999.90 99999.90 99999.90 99999.90 99999.90 99999.90 23.75 23.75 23.73 23.73 23.73 23.73 23.73 23.80 23.81 23.81 23.81 23.81 23.81 23.81 23.81 23.81 23.81 23.82 23.93 23.77 23.45 23.27 23.31 23.44 23.46 23.44 23.40 23.58 23.59 23.49 23.46 23.43 23.47 23.42 23.46 23.43 23.46 23.71 23.91 24.07 24.07 24.09 24.09 23.55 23.42 23.46 23.45
22.29 22.29 22.29 22.29 22.29 21.62 21.61 22.03 23.01 23.43 23.43 23.43 23.49 23.57 23.57 23.57 23.57 23.57 23.57 23.57 23.57 23.57 23.57 23.57 99999.90 99999.90 99999.90 99999.90 99999.90 99999.90 23.75 23.75 23.73 23.73 23.73 23.73 23.73 23.73 23.80 23.80 23.81 23.81 23.81 23.81 23.81 23.81 23.77 23.78 23.63 23.74 23.72 23.35 23.32 23.53 23.46 23.45 23.43 23.49 23.47 23.52 23.66 23.49 23.40 23.37 23.39 23.37 23.36 23.39 23.36 23.41 23.43 23.44 23.44 23.41 23.40 23.43 23.41
22.20 22.20 22.20 22.20 22.20 21.57 22.02 22.82 23.01 23.43 23.43 23.43 23.49 23.57 23.57 23.57 23.57 23.57 23.57 23.57 23.57 23.57 23.57 23.57 99999.90 99999.90 99999.90 99999.90 99999.90 99999.90 23.75 23.75 23.75 23.73 23.73 23.73 23.73 23.73 23.73 23.80 23.80 23.74 23.74 23.71 23.71 23.71 23.74 23.84 23.75 23.66 23.67 23.55 23.50 23.42 23.54 23.42 23.43 23.44 23.44 23.42 23.39 23.35 23.39 23.36 23.37 23.37 23.38 23.35 23.36 23.34 23.39 23.44 23.44 23.39 23.42 23.42 23.40
22.20 22.20 22.20 22.20 22.20 22.61 23.03 22.82 22.82 23.43 23.43 23.43 23.43 23.57 23.57 23.57 23.57 23.57 23.57 23.57 23.57 23.57 23.57 23.57 99999.90 99999.90 99999.90 99999.90 99999.90 23.73 23.75 23.75 23.75 23.75 23.75 23.73 23.73 23.73 23.73 23.73 23.80 23.80 23.74 23.74 23.77 23.77 23.75 23.74 23.78 23.57 23.51 23.57 23.57 23.58 23.49 23.40 23.45 23.41 23.41 23.38 23.37 23.38 23.33 23.35 23.32 23.30 23.30 23.38 23.36 23.35 23.37 23.39 23.40 23.38 23.41 23.39 23.42
23.95 22.20 22.20 22.20 22.61 22.61 23.03 23.03 22.82 22.82 23.43 23.43 23.43 23.57 23.57 23.57 23.57 23.57 23.57 23.57 23.57 23.57 23.57 23.57 99999.90 99999.90 99999.90 99999.90 99999.90 23.73 23.75 23.75 23.75 23.75 23.75 23.75 23.73 23.73 23.73 23.73 23.73 23.80 23.80 23.74 23.74 23.77 23.60 23.71 23.79 23.77 23.63 23.60 23.55 23.50 23.50 23.46 23.37 23.47 23.39 23.39 23.35 23.35 23.31 23.37 23.33 23.29 23.29 23.33 23.40 23.41 23.40 23.39 23.35 23.39 23.38 23.40 23.46
23.95 23.95 22.20 22.61 22.61 22.61 23.03 23.03 23.03 22.82 23.43 23.43 23.43 23.43 23.57 23.57 23.57 23.57 23.57 23.57 23.57 23.57 23.57 23.57 99999.90 99999.90 99999.90 99999.90 99999.90 23.73 23.75 23.75 23.75 23.75 23.75 23.75 23.75 23.76 23.73 23.73 23.73 23.73 23.80 23.80 23.88 23.68 23.54 23.51 23.55 23.79 23.76 23.61 23.54 23.48 23.47 23.42 23.44 23.40 23.46 23.41 23.39 23.37 23.50 23.58 23.32 23.34 23.37 23.34 23.33 23.35 23.36 23.37 23.38 23.37 23.36 23.40 23.43
