main/data/irradiance/06.08.2023.grid
ncols 839
nrows 679
xllcenter 112.0500
yllcenter -43.9500
cellsize 0.0500
nodata_value 99999.90
[rows 612 to 645 of 679, columns 616 to 692 of 839]
99999.90 99999.90 99999.90 99999.90 99999.90 99999.90 99999.90 99999.90 99999.90 99999.90 99999.90 99999.90 99999.90 99999.90 99999.90 99999.90 99999.90 99999.90 99999.90 99999.90 99999.90 99999.90 99999.90 99999.90 99999.90 99999.90 10.36 10.39 10.39 10.39 10.39 10.39 10.39 10.39 10.39 10.39 10.39 10.39 10.39 10.24 10.20 10.20 10.20 10.20 10.20 9.96 9.67 8.81 9.63 10.13 10.13 10.13 10.13 9.25 9.25 9.25 9.25 9.88 9.88 9.88 9.85 9.85 10.23 10.23 10.21 10.21 10.21 10.21 10.21 10.11 10.11 10.24 10.24 10.36 10.36 10.36 10.36
99999.90 99999.90 99999.90 99999.90 99999.90 99999.90 99999.90 99999.90 99999.90 99999.90 99999.90 99999.90 99999.90 99999.90 99999.90 99999.90 99999.90 99999.90 99999.90 99999.90 99999.90 99999.90 99999.90 99999.90 99999.90 99999.90 10.36 10.39 10.39 10.39 10.39 10.39 10.39 10.39 10.39 10.39 10.39 10.39 10.39 10.24 10.20 10.20 10.20 10.20 9.96 9.96 9.67 8.81 9.63 10.13 10.13 10.13 9.52 9.25 9.25 9.25 9.25 9.88 9.88 9.85 9.85 9.85 10.23 10.21 10.21 10.21 10.21 10.21 10.21 10.11 10.37 10.34 10.24 10.36 10.36 10.36 10.36
99999.90 99999.90 99999.90 99999.90 99999.90 99999.90 99999.90 99999.90 99999.90 99999.90 99999.90 99999.90 99999.90 99999.90 99999.90 99999.90 99999.90 99999.90 99999.90 99999.90 99999.90 99999.90 99999.90 99999.90 99999.90 99999.90 10.36 10.36 10.36 10.39 10.39 10.39 10.39 10.39 10.39 10.39 10.39 10.39 9.78 10.24 10.24 10.20 9.56 9.96 9.96 9.38 9.67 8.81 9.63 10.13 10.13 10.13 9.52 9.25 9.25 9.25 9.88 9.88 9.88 9.85 9.85 10.23 10.23 10.21 10.21 10.21 10.21 10.21 10.11 10.11 10.37 10.34 10.24 10.24 10.36 10.36 10.36
99999.90 99999.90 99999.90 99999.90 99999.90 99999.90 99999.90 99999.90 99999.90 99999.90 99999.90 99999.90 99999.90 99999.90 99999.90 99999.90 99999.90 99999.90 99999.90 99999.90 99999.90 99999.90 99999.90 99999.90 99999.90 99999.90 10.36 10.36 10.36 10.36 10.36 10.36 10.36 10.36 10.39 10.39 10.46 10.46 10.46 10.01 10.01 9.35 9.56 9.96 9.96 9.38 9.67 8.81 9.63 10.13 10.13 10.12 9.52 9.25 9.25 9.25 9.88 9.88 9.85 9.85 9.85 10.23 10.23 10.21 10.21 10.21 10.21 10.21 10.11 10.39 10.37 10.34 10.38 10.24 10.36 10.36 10.36
99999.90 99999.90 99999.90 99999.90 99999.90 99999.90 99999.90 99999.90 99999.90 99999.90 99999.90 99999.90 99999.90 99999.90 99999.90 99999.90 99999.90 99999.90 99999.90 99999.90 99999.90 99999.90 99999.90 99999.90 99999.90 99999.90 10.36 10.36 10.36 10.36 10.36 10.36 10.36 10.36 10.36 10.36 10.72 10.72 10.72 10.19 9.63 9.96 9.91 10.32 9.92 9.38 9.67 8.81 9.63 10.13 10.13 10.12 9.52 9.25 9.25 9.88 9.88 9.88 9.85 9.85 10.23 10.23 10.23 10.21 10.21 10.21 10.21 10.11 10.11 10.39 10.37 10.34 10.38 10.24 10.24 10.36 10.36
99999.90 99999.90 99999.90 99999.90 99999.90 99999.90 99999.90 99999.90 99999.90 99999.90 99999.90 99999.90 99999.90 99999.90 99999.90 99999.90 99999.90 99999.90 99999.90 99999.90 99999.90 99999.90 99999.90 99999.90 99999.90 99999.90 10.36 10.36 10.36 10.36 10.36 10.36 10.36 10.36 10.36 10.36 10.36 9.52 9.52 9.25 9.69 9.85 9.80 10.33 10.46 9.86 10.36 9.81 9.59 9.85 9.76 10.12 9.52 9.25 9.25 9.88 9.88 9.85 9.85 9.85 10.23 10.23 10.23 10.21 10.21 10.21 10.21 10.11 10.11 10.39 10.37 10.34 10.38 10.24 10.24 10.36 10.36
99999.90 99999.90 99999.90 99999.90 99999.90 99999.90 99999.90 99999.90 99999.90 99999.90 99999.90 99999.90 99999.90 99999.90 99999.90 99999.90 99999.90 99999.90 99999.90 99999.90 99999.90 99999.90 99999.90 99999.90 99999.90 99999.90 10.36 10.36 10.36 10.36 10.36 10.36 10.36 10.36 10.36 10.36 10.36 10.08 9.42 9.48 10.10 10.10 10.53 10.21 10.11 9.93 10.41 9.82 9.66 10.42 10.02 9.75 9.93 9.44 10.21 9.88 9.88 9.85 9.85 10.23 10.23 10.23 10.23 10.21 10.21 10.21 10.11 10.11 10.11 10.39 10.37 10.34 10.38 10.24 10.24 10.24 10.36
99999.90 99999.90 99999.90 99999.90 99999.90 99999.90 99999.90 99999.90 99999.90 99999.90 99999.90 99999.90 99999.90 99999.90 99999.90 99999.90 99999.90 99999.90 99999.90 99999.90 99999.90 99999.90 99999.90 99999.90 99999.90 99999.90 10.02 10.02 10.02 10.02 10.02 10.02 10.02 10.02 10.02 10.02 10.02 9.75 9.70 10.05 10.06 9.71 9.00 9.00 9.91 9.80 9.99 9.60 9.59 9.63 9.89 10.07 10.33 9.61 9.93 10.47 10.34 9.85 9.85 10.23 10.23 10.14 10.23 10.21 10.21 10.21 10.11 10.11 10.34 10.39 10.37 10.34 10.38 10.35 10.24 10.24 10.36
99999.90 99999.90 99999.90 99999.90 99999.90 99999.90 99999.90 99999.90 99999.90 99999.90 99999.90 99999.90 99999.90 99999.90 99999.90 99999.90 99999.90 99999.90 99999.90 99999.90 99999.90 99999.90 99999.90 99999.90 99999.90 99999.90 10.02 10.02 10.02 10.02 10.02 10.02 10.02 10.02 10.02 10.02 10.02 9.41 9.25 9.17 9.94 10.10 9.80 10.35 9.96 9.15 9.41 9.32 9.84 9.87 9.51 9.94 10.12 9.83 10.28 9.86 9.80 10.11 9.92 10.23 10.23 10.14 10.23 10.21 10.21 10.11 10.11 10.11 10.34 10.39 10.37 10.34 10.38 10.35 10.24 10.24 10.24
99999.90 99999.90 99999.90 99999.90 99999.90 99999.90 99999.90 99999.90 99999.90 99999.90 99999.90 99999.90 99999.90 99999.90 99999.90 99999.90 99999.90 99999.90 99999.90 99999.90 99999.90 99999.90 99999.90 99999.90 99999.90 99999.90 10.02 10.02 10.02 10.02 10.02 10.02 10.02 10.02 10.02 10.28 10.28 10.28 10.09 10.35 9.63 9.77 9.51 9.51 9.83 9.39 9.43 9.26 9.40 10.23 9.56 9.55 10.05 10.19 10.03 8.90 9.53 9.94 10.04 9.76 9.94 10.14 10.23 10.21 10.21 10.11 10.11 10.04 10.34 10.39 10.37 10.34 10.38 10.35 10.30 10.24 10.24
99999.90 99999.90 99999.90 99999.90 99999.90 99999.90 99999.90 99999.90 99999.90 99999.90 99999.90 99999.90 99999.90 99999.90 99999.90 99999.90 99999.90 99999.90 99999.90 99999.90 99999.90 99999.90 99999.90 99999.90 99999.90 99999.90 10.02 10.02 10.02 10.02 10.02 10.02 10.02 9.89 9.89 9.89 9.89 9.89 9.36 9.39 9.12 9.54 9.93 10.01 10.23 9.98 9.85 9.62 9.61 10.15 9.92 9.59 10.27 9.99 10.02 9.65 9.72 9.93 9.89 10.29 9.82 9.99 9.26 9.70 9.99 10.11 10.11 10.04 10.34 10.39 10.37 10.34 10.38 10.35 10.30 10.24 10.24
99999.90 99999.90 99999.90 99999.90 99999.90 99999.90 99999.90 99999.90 99999.90 99999.90 99999.90 99999.90 99999.90 99999.90 99999.90 99999.90 99999.90 99999.90 99999.90 99999.90 99999.90 99999.90 99999.90 99999.90 99999.90 99999.90 10.02 10.02 10.02 10.23 10.23 10.23 10.23 10.23 10.23 10.23 10.23 10.23 10.04 9.55 9.89 9.77 9.55 10.00 10.24 9.82 9.83 10.00 10.13 10.33 9.87 10.28 10.09 9.89 9.59 10.40 10.05 10.33 9.76 9.55 9.64 9.70 9.50 9.85 10.35 10.48 10.44 10.04 10.34 10.39 10.37 10.34 10.38 10.35 10.30 10.29 10.33
99999.90 99999.90 99999.90 99999.90 99999.90 99999.90 99999.90 99999.90 99999.90 99999.90 99999.90 99999.90 99999.90 99999.90 99999.90 99999.90 99999.90 99999.90 99999.90 99999.90 99999.90 99999.90 99999.90 99999.90 99999.90 99999.90 10.02 10.23 10.23 10.23 10.23 10.23 10.23 10.23 10.23 10.23 10.23 10.23 9.97 9.77 9.20 9.55 9.01 9.58 10.24 8.90 9.02 10.15 10.37 10.11 10.18 10.54 10.05 9.95 10.11 10.11 9.58 9.56 10.16 10.22 10.02 9.64 9.62 9.72 10.16 10.37 10.06 9.42 10.09 9.95 10.38 10.45 10.38 10.24 10.21 10.15 10.15
99999.90 99999.90 99999.90 99999.90 99999.90 99999.90 99999.90 99999.90 99999.90 99999.90 99999.90 99999.90 99999.90 99999.90 99999.90 99999.90 99999.90 99999.90 99999.90 99999.90 99999.90 99999.90 99999.90 99999.90 99999.90 99999.90 10.02 10.23 10.23 10.23 10.23 10.23 10.23 10.23 10.23 10.23 9.49 9.49 9.49 9.28 9.55 9.36 9.43 9.68 10.13 9.46 9.97 9.41 9.86 9.95 10.15 10.29 10.07 10.06 10.10 10.12 9.70 9.96 10.04 9.93 9.77 9.60 9.22 9.80 10.12 10.08 9.44 9.63 9.11 9.84 10.21 10.30 10.30 10.36 10.24 10.05 10.02
99999.90 99999.90 99999.90 99999.90 99999.90 99999.90 99999.90 99999.90 99999.90 99999.90 99999.90 99999.90 99999.90 99999.90 99999.90 99999.90 99999.90 99999.90 99999.90 99999.90 99999.90 99999.90 99999.90 99999.90 99999.90 99999.90 10.02 10.23 10.23 10.23 10.23 10.23 10.23 10.23 9.49 9.49 9.49 9.49 9.49 9.75 9.23 9.36 9.65 10.33 9.40 9.26 9.31 9.72 9.83 9.47 9.35 9.50 9.56 9.99 10.17 9.99 9.13 9.93 10.41 10.29 9.92 9.67 9.63 9.96 9.87 9.52 10.01 9.55 9.72 9.96 10.08 10.14 10.18 10.22 10.16 9.98 9.79
99999.90 99999.90 99999.90 99999.90 99999.90 99999.90 99999.90 99999.90 99999.90 99999.90 99999.90 99999.90 99999.90 99999.90 99999.90 99999.90 99999.90 99999.90 99999.90 99999.90 99999.90 99999.90 99999.90 99999.90 99999.90 99999.90 10.02 10.23 10.23 10.23 10.23 10.23 9.49 9.49 9.49 9.49 9.49 9.38 9.38 9.38 9.41 9.06 9.70 9.85 9.58 10.00 9.83 9.36 8.84 9.38 9.65 9.54 9.92 10.28 10.00 9.50 9.13 9.78 10.26 10.09 10.08 9.86 9.91 10.00 9.74 9.79 9.29 9.74 9.80 9.85 9.79 9.92 9.98 10.05 10.07 10.05 9.96
99999.90 99999.90 99999.90 99999.90 99999.90 99999.90 99999.90 99999.90 99999.90 99999.90 99999.90 99999.90 99999.90 99999.90 99999.90 99999.90 99999.90 99999.90 99999.90 99999.90 99999.90 99999.90 99999.90 99999.90 99999.90 99999.90 10.02 10.23 10.23 10.23 9.49 9.49 9.49 9.49 9.49 9.38 9.38 9.38 9.38 9.38 8.73 8.47 7.80 9.59 9.69 8.76 8.72 8.68 9.26 9.62 8.53 9.83 9.84 9.58 9.53 10.04 10.10 10.26 9.59 9.81 9.64 10.04 10.23 10.19 10.18 9.76 8.76 9.23 9.59 9.49 9.88 9.84 9.84 9.93 10.00 9.99 9.91
99999.90 99999.90 99999.90 99999.90 99999.90 99999.90 99999.90 99999.90 99999.90 99999.90 99999.90 99999.90 99999.90 99999.90 99999.90 99999.90 99999.90 99999.90 99999.90 99999.90 99999.90 99999.90 99999.90 99999.90 99999.90 99999.90 10.02 10.23 9.49 9.49 9.49 9.49 9.49 9.38 9.38 9.38 9.38 9.38 9.33 9.33 9.33 9.35 8.61 8.81 9.58 9.68 9.02 9.27 9.42 9.67 8.62 9.65 9.90 9.85 9.76 10.01 9.96 10.01 9.65 9.38 9.61 10.00 9.96 9.76 9.75 9.21 9.25 9.31 9.76 9.82 9.90 9.79 9.68 9.82 10.05 10.09 10.09
99999.90 99999.90 99999.90 99999.90 99999.90 99999.90 99999.90 99999.90 99999.90 99999.90 99999.90 99999.90 99999.90 99999.90 99999.90 99999.90 99999.90 99999.90 99999.90 99999.90 99999.90 99999.90 99999.90 99999.90 99999.90 99999.90 99999.90 10.23 9.49 9.49 9.49 9.38 9.38 9.38 9.38 9.38 9.33 9.33 9.33 9.33 9.33 9.55 8.93 8.82 9.86 9.12 9.28 9.62 9.49 10.00 9.63 9.21 8.99 8.76 9.27 9.02 8.82 9.14 8.89 9.21 9.65 9.84 9.81 9.48 9.40 9.20 9.02 9.72 9.86 9.32 9.92 9.81 9.56 9.68 9.91 9.91 9.93
99999.90 99999.90 99999.90 99999.90 99999.90 99999.90 99999.90 99999.90 99999.90 99999.90 99999.90 99999.90 99999.90 99999.90 99999.90 99999.90 99999.90 99999.90 99999.90 99999.90 99999.90 99999.90 99999.90 99999.90 99999.90 99999.90 99999.90 10.23 9.49 9.38 9.38 9.38 9.38 9.38 9.33 9.33 9.33 9.33 9.33 9.35 9.35 9.35 9.36 8.61 9.37 9.31 8.77 8.24 8.90 9.68 9.72 9.14 9.06 9.12 9.06 8.47 8.35 9.05 8.60 9.09 9.27 9.35 9.69 9.06 9.38 9.31 9.34 9.69 9.22 9.67 9.68 9.80 9.89 9.91 9.97 10.01 9.93
99999.90 99999.90 99999.90 99999.90 99999.90 99999.90 99999.90 99999.90 99999.90 99999.90 99999.90 99999.90 99999.90 99999.90 99999.90 99999.90 99999.90 99999.90 99999.90 99999.90 99999.90 99999.90 99999.90 99999.90 99999.90 99999.90 99999.90 10.23 9.49 9.38 9.38 9.38 9.33 9.33 9.33 9.33 9.33 9.35 9.35 9.35 9.35 9.35 9.89 9.52 8.51 9.66 8.84 8.64 8.90 9.63 10.18 9.83 9.32 9.40 9.14 8.92 9.41 9.85 9.39 8.72 9.48 9.82 9.67 9.60 9.37 8.93 9.18 8.72 8.92 10.00 9.62 9.01 9.42 9.83 9.43 9.46 9.91
99999.90 99999.90 99999.90 99999.90 99999.90 99999.90 99999.90 99999.90 99999.90 99999.90 99999.90 99999.90 99999.90 99999.90 99999.90 99999.90 99999.90 99999.90 99999.90 99999.90 99999.90 99999.90 99999.90 99999.90 99999.90 99999.90 99999.90 10.23 9.49 9.38 9.33 9.33 9.33 9.33 9.33 9.35 9.35 9.35 9.35 9.35 9.46 9.46 9.46 9.21 9.97 9.35 8.27 8.61 7.70 8.29 9.22 9.52 8.65 7.99 8.94 8.82 9.25 9.15 8.79 9.30 9.29 9.74 10.04 9.66 8.98 9.05 8.98 8.71 8.56 9.07 9.55 9.36 8.82 9.12 8.59 9.59 9.76
99999.90 99999.90 99999.90 99999.90 99999.90 99999.90 99999.90 99999.90 99999.90 99999.90 99999.90 99999.90 99999.90 99999.90 99999.90 99999.90 99999.90 99999.90 99999.90 99999.90 99999.90 99999.90 99999.90 99999.90 99999.90 99999.90 99999.90 99999.90 9.49 9.38 9.33 9.33 9.33 9.35 9.35 9.35 9.35 9.35 9.46 9.46 9.46 9.46 9.46 9.36 8.95 9.11 9.51 8.92 8.74 8.87 9.70 8.56 8.30 8.65 9.21 9.67 9.12 7.52 8.30 9.40 10.02 10.02 9.83 8.89 8.83 9.43 9.06 8.51 9.33 9.36 9.53 9.22 9.56 9.65 9.55 9.71 9.92
99999.90 99999.90 99999.90 99999.90 99999.90 99999.90 99999.90 99999.90 99999.90 99999.90 99999.90 99999.90 99999.90 99999.90 99999.90 99999.90 99999.90 99999.90 99999.90 99999.90 99999.90 99999.90 99999.90 99999.90 99999.90 99999.90 99999.90 99999.90 9.49 9.38 9.33 9.35 9.35 9.35 9.35 9.35 9.46 9.46 9.46 9.46 9.46 9.46 9.36 9.36 9.12 9.16 9.34 9.65 9.01 9.43 9.68 8.79 9.46 9.48 9.57 9.63 8.77 8.97 9.55 9.12 8.65 8.73 9.88 9.49 8.70 9.18 8.69 8.59 9.38 9.38 9.62 9.34 9.21 9.14 9.38 9.48 9.21
99999.90 99999.90 99999.90 99999.90 99999.90 99999.90 99999.90 99999.90 99999.90 99999.90 99999.90 99999.90 99999.90 99999.90 99999.90 99999.90 99999.90 99999.90 99999.90 99999.90 99999.90 99999.90 99999.90 99999.90 99999.90 99999.90 99999.90 99999.90 99999.90 9.38 9.33 9.35 9.35 9.35 9.46 9.46 9.46 9.46 9.46 9.46 9.46 9.36 9.36 9.12 9.12 8.71 8.03 9.31 9.63 9.48 9.13 8.85 9.56 9.78 10.16 10.15 10.09 9.69 8.88 8.76 9.04 9.12 9.56 9.53 9.69 9.22 8.72 9.11 9.01 9.80 9.39 8.95 8.90 8.71 8.60 8.68 8.70
99999.90 99999.90 99999.90 99999.90 99999.90 99999.90 99999.90 99999.90 99999.90 99999.90 99999.90 99999.90 99999.90 99999.90 99999.90 99999.90 99999.90 99999.90 99999.90 99999.90 99999.90 99999.90 99999.90 99999.90 99999.90 99999.90 99999.90 99999.90 99999.90 9.38 9.33 9.35 9.46 9.46 9.46 9.46 9.46 9.46 9.46 9.46 9.36 9.36 9.12 9.12 8.71 8.71 8.17 7.32 8.79 8.43 9.39 8.44 7.80 9.44 8.83 9.54 9.82 9.63 9.51 9.28 9.56 8.03 9.26 9.34 9.66 9.37 8.75 9.22 9.24 8.95 8.71 8.77 8.88 8.87 8.15 8.17 8.39
99999.90 99999.90 99999.90 99999.90 99999.90 99999.90 99999.90 99999.90 99999.90 99999.90 99999.90 99999.90 99999.90 99999.90 99999.90 99999.90 99999.90 99999.90 99999.90 99999.90 99999.90 99999.90 99999.90 99999.90 99999.90 99999.90 99999.90 99999.90 99999.90 99999.90 9.33 9.35 9.46 9.46 9.46 9.46 9.46 9.46 9.46 9.36 9.36 9.12 9.12 8.71 8.71 8.17 8.17 8.57 8.00 8.13 8.96 8.32 7.88 7.75 8.10 8.66 9.20 8.53 9.33 9.48 9.29 8.64 9.62 9.59 9.24 8.61 9.07 8.56 8.94 8.52 8.65 8.45 8.51 8.75 8.67 8.20 8.07
99999.90 99999.90 99999.90 99999.90 99999.90 99999.90 99999.90 99999.90 99999.90 99999.90 99999.90 99999.90 99999.90 99999.90 99999.90 99999.90 99999.90 99999.90 99999.90 99999.90 99999.90 99999.90 99999.90 99999.90 99999.90 99999.90 99999.90 99999.90 99999.90 99999.90 9.33 9.35 9.46 9.46 9.46 9.46 9.46 9.46 9.36 9.36 9.12 9.12 8.71 8.71 8.17 8.17 8.57 8.57 8.28 9.28 9.04 9.36 8.84 8.40 8.08 9.50 9.17 8.25 8.81 9.39 9.34 9.49 9.63 9.13 9.06 8.61 7.75 7.66 7.77 7.41 8.02 7.56 8.23 8.70 8.54 7.96 7.59
99999.90 99999.90 99999.90 99999.90 99999.90 99999.90 99999.90 99999.90 99999.90 99999.90 99999.90 99999.90 99999.90 99999.90 99999.90 99999.90 99999.90 99999.90 99999.90 99999.90 99999.90 99999.90 99999.90 99999.90 99999.90 99999.90 99999.90 99999.90 99999.90 99999.90 99999.90 9.35 9.46 9.46 9.46 9.46 9.46 9.36 9.36 9.12 9.12 8.71 8.71 8.17 8.17 8.57 8.57 8.28 8.28 9.40 8.19 8.40 8.15 7.97 6.61 6.67 7.88 7.83 8.42 8.01 8.62 8.56 8.99 8.89 9.02 8.28 7.75 7.66 7.41 7.33 7.53 7.84 7.83 8.01 7.36 7.61 7.46
99999.90 99999.90 99999.90 99999.90 99999.90 99999.90 99999.90 99999.90 99999.90 99999.90 99999.90 99999.90 99999.90 99999.90 99999.90 99999.90 99999.90 99999.90 99999.90 99999.90 99999.90 99999.90 99999.90 99999.90 99999.90 99999.90 99999.90 99999.90 99999.90 99999.90 99999.90 9.35 9.46 9.46 9.46 9.46 9.36 9.36 9.12 9.12 8.71 8.71 8.17 8.17 8.57 8.57 8.28 9.66 9.66 9.66 8.72 9.42 8.88 7.64 6.28 7.93 8.17 7.49 8.55 8.97 8.79 8.37 8.40 8.79 9.25 8.36 7.86 7.86 6.88 6.65 7.20 7.54 7.73 7.76 7.55 8.16 7.77
99999.90 99999.90 99999.90 99999.90 99999.90 99999.90 99999.90 99999.90 99999.90 99999.90 99999.90 99999.90 99999.90 99999.90 99999.90 99999.90 99999.90 99999.90 99999.90 99999.90 99999.90 99999.90 99999.90 99999.90 99999.90 99999.90 99999.90 99999.90 99999.90 99999.90 99999.90 99999.90 9.46 9.46 9.46 9.36 9.36 9.12 9.12 8.71 8.71 8.17 9.81 9.81 9.81 9.81 9.81 9.81 9.81 9.66 9.16 8.04 7.07 8.01 7.70 8.95 8.73 8.35 8.88 9.53 8.60 7.78 7.33 7.93 8.39 8.03 7.44 7.00 6.97 6.88 6.76 6.86 8.01 8.48 8.19 7.74 6.96
99999.90 99999.90 99999.90 99999.90 99999.90 99999.90 99999.90 99999.90 99999.90 99999.90 99999.90 99999.90 99999.90 99999.90 99999.90 99999.90 99999.90 99999.90 99999.90 99999.90 99999.90 99999.90 99999.90 99999.90 99999.90 99999.90 99999.90 99999.90 99999.90 99999.90 99999.90 99999.90 9.46 9.46 9.36 9.36 9.12 9.12 8.71 9.81 9.81 9.81 9.81 9.81 9.81 9.81 9.81 9.81 9.81 9.81 9.16 9.33 8.40 8.79 7.92 7.77 8.32 9.05 9.01 8.75 8.07 8.27 8.22 8.43 8.30 7.72 7.16 7.20 6.97 6.78 6.96 7.15 6.93 7.90 7.47 7.39 7.22
99999.90 99999.90 99999.90 99999.90 99999.90 99999.90 99999.90 99999.90 99999.90 99999.90 99999.90 99999.90 99999.90 99999.90 99999.90 99999.90 99999.90 99999.90 99999.90 99999.90 99999.90 99999.90 99999.90 99999.90 99999.90 99999.90 99999.90 99999.90 99999.90 99999.90 99999.90 99999.90 99999.90 9.36 9.36 9.12 9.12 8.71 9.81 9.81 9.81 9.81 9.81 9.81 9.81 9.81 9.81 9.81 9.81 9.81 9.48 9.48 8.09 7.35 8.34 8.10 7.60 8.97 8.61 8.51 8.55 8.86 8.90 8.84 7.53 7.35 7.58 7.20 6.80 6.80 6.90 6.91 6.36 6.70 6.83 7.01 7.27
99999.90 99999.90 99999.90 99999.90 99999.90 99999.90 99999.90 99999.90 99999.90 99999.90 99999.90 99999.90 99999.90 99999.90 99999.90 99999.90 99999.90 99999.90 99999.90 99999.90 99999.90 99999.90 99999.90 99999.90 99999.90 99999.90 99999.90 99999.90 99999.90 99999.90 99999.90 99999.90 99999.90 99999.90 9.12 9.12 8.71 8.71 9.74 9.74 9.74 9.74 9.74 9.74 9.74 9.74 9.74 9.74 9.74 9.74 9.48 9.48 8.71 7.78 8.23 8.64 8.70 9.28 9.45 8.34 8.96 8.55 8.05 8.87 8.97 8.27 7.25 7.11 6.70 6.48 6.19 6.03 5.78 6.50 6.70 6.54 6.44
