main/data/irradiance/06.09.2023.grid
ncols 839
nrows 679
xllcenter 112.0500
yllcenter -43.9500
cellsize 0.0500
nodata_value 99999.90
[rows 272 to 305 of 679, columns 462 to 538 of 839]
20.58 19.44 20.39 20.67 21.06 20.78 20.21 20.40 19.77 19.86 20.92 20.81 21.10 21.54 21.24 20.98 20.62 21.11 20.89 20.63 20.60 20.57 20.56 19.47 20.34 18.75 17.95 16.96 18.04 19.82 20.41 20.19 18.79 18.63 17.41 18.02 18.55 19.61 21.03 20.58 20.07 19.50 18.36 18.91 17.27 17.68 19.33 19.41 19.34 18.52 18.40 18.52 19.10 19.75 19.40 18.69 18.72 19.17 19.04 19.31 19.06 19.85 20.09 19.72 19.21 19.46 19.60 19.37 19.93 19.85 20.31 20.33 20.60 21.46 21.59 21.70 21.97
21.29 20.75 20.72 21.23 20.76 20.09 21.06 20.50 19.76 20.07 20.31 20.61 20.77 21.10 21.17 20.83 20.27 20.69 20.04 20.71 21.13 20.96 21.30 20.23 20.30 20.03 19.14 18.35 17.94 19.51 20.12 20.02 19.34 18.18 18.81 19.36 20.03 19.76 19.55 19.04 18.89 18.43 18.47 19.06 18.02 18.29 19.35 19.10 19.39 17.74 19.40 19.62 19.49 19.02 20.00 19.99 18.34 18.40 19.07 19.24 18.43 18.82 19.48 19.29 18.77 18.99 19.55 19.72 19.82 19.85 19.98 19.59 19.96 20.65 21.69 21.68 21.84
21.28 20.03 20.22 21.18 19.92 20.49 21.47 21.09 19.88 19.67 20.14 19.96 20.95 20.49 20.19 20.46 19.71 20.60 20.73 20.80 20.90 21.24 21.24 21.09 20.70 19.52 19.01 20.67 19.62 17.54 19.49 20.32 19.42 18.16 19.40 19.82 20.24 20.12 20.00 19.52 18.93 20.14 18.86 19.03 19.49 19.69 20.06 18.83 19.27 19.50 18.57 19.02 19.29 18.66 20.02 19.67 18.93 19.09 19.45 19.62 19.50 19.77 18.91 19.15 18.82 19.00 18.99 19.45 19.70 19.46 19.49 20.38 20.17 20.13 20.43 21.18 21.92
20.74 19.99 19.78 20.38 21.02 20.26 21.46 21.27 21.15 20.72 21.21 20.83 20.51 20.06 19.87 20.74 20.73 20.63 20.28 20.79 20.98 21.25 21.07 20.53 20.14 20.79 21.04 20.82 21.26 20.83 19.88 19.91 19.03 18.00 17.00 18.36 19.71 21.03 20.89 19.55 19.56 19.90 20.24 18.96 19.25 18.69 18.67 19.19 19.05 17.98 17.69 18.39 17.52 18.53 19.47 19.43 19.43 19.14 19.63 19.21 20.40 20.41 19.66 19.82 19.98 19.50 19.22 19.52 19.95 20.21 20.46 19.68 19.77 20.66 20.83 20.43 21.18
20.23 20.21 20.29 20.59 21.32 20.73 21.26 20.58 20.51 20.88 21.02 20.90 20.57 20.01 20.79 20.20 20.53 20.89 20.76 20.63 21.26 21.32 20.93 20.56 21.17 20.83 21.31 21.52 21.45 21.56 21.51 20.76 19.94 18.79 18.32 17.58 18.09 20.91 21.02 20.22 19.15 19.73 20.78 19.15 18.91 19.10 19.88 19.61 19.85 19.82 18.16 19.42 18.02 18.92 18.92 19.24 20.12 19.28 19.30 18.86 18.85 19.74 20.46 19.93 19.56 19.17 19.29 19.30 19.65 19.94 20.44 19.90 20.42 20.62 21.18 21.37 20.93
20.54 20.52 20.17 21.17 21.18 20.84 20.12 19.97 20.93 20.44 20.35 21.22 20.25 19.61 21.06 20.45 20.28 21.05 20.73 20.29 19.78 21.16 20.66 20.85 21.05 21.03 21.06 21.74 21.53 21.26 21.24 21.04 19.64 20.00 20.61 19.18 19.27 20.52 21.04 20.25 19.66 20.52 20.65 21.07 20.75 19.52 20.47 19.44 19.22 20.85 20.87 20.18 20.09 20.15 20.52 19.90 18.37 19.79 20.00 18.60 19.18 19.18 19.53 20.34 20.01 19.77 19.33 19.30 19.40 19.69 20.31 20.44 20.60 20.39 20.79 21.27 20.79
20.31 20.30 20.13 21.06 21.07 20.34 20.28 20.65 21.50 20.83 21.34 21.49 21.01 20.15 21.07 21.06 20.86 21.68 21.43 20.98 21.09 20.92 21.20 20.59 21.42 21.05 21.45 21.55 21.35 21.40 20.54 21.32 20.93 20.46 21.34 20.48 20.20 19.68 20.34 19.04 18.11 17.46 18.92 19.99 21.04 21.30 20.50 20.26 19.04 20.01 19.05 19.12 20.31 19.10 19.97 19.47 19.37 19.73 19.62 19.54 19.98 19.69 19.92 20.36 20.37 20.46 20.16 19.61 19.25 19.48 20.76 20.77 20.40 20.69 20.60 21.33 21.43
20.57 20.90 20.92 21.21 21.00 21.10 20.75 21.26 21.34 21.32 21.49 21.36 21.60 20.92 20.48 20.75 20.58 21.80 21.46 21.16 21.46 21.36 21.39 21.28 21.65 21.39 21.43 21.62 21.28 20.56 20.69 20.40 21.14 21.13 21.20 21.18 19.90 20.44 19.29 19.44 18.65 18.14 19.34 19.26 20.45 21.26 20.86 20.46 20.48 20.14 19.98 18.28 18.61 19.05 19.02 18.90 20.48 21.00 20.85 20.94 20.15 20.18 20.46 20.67 21.00 20.91 20.43 20.21 20.31 20.39 20.15 20.81 20.69 20.81 20.33 20.89 21.21
19.91 20.63 20.88 21.25 21.10 19.93 19.63 20.05 20.76 20.93 21.13 21.32 21.50 21.25 20.94 20.98 21.46 21.45 21.40 21.30 20.64 21.74 21.61 21.30 21.16 21.39 21.49 21.38 20.76 21.51 21.36 21.07 21.58 21.40 21.35 21.55 21.33 21.14 19.79 19.37 19.28 19.79 19.69 20.13 19.50 20.66 20.72 19.40 19.69 19.45 20.57 20.64 19.44 19.80 19.33 20.19 19.95 20.08 21.21 20.83 20.42 20.62 20.41 20.79 21.20 21.11 20.57 20.53 20.91 21.13 21.31 21.06 21.12 21.50 21.12 21.14 21.05
20.59 20.90 20.85 21.36 21.38 20.82 20.49 20.92 21.17 20.63 20.99 21.52 21.55 21.29 21.13 21.26 21.07 21.24 21.34 21.11 21.39 21.42 21.85 21.48 21.42 21.40 21.28 21.26 21.15 21.63 21.70 21.42 21.06 21.61 21.44 21.48 21.58 21.30 21.29 21.14 21.09 21.06 21.01 20.29 19.33 19.19 20.00 18.76 18.44 17.73 18.82 19.85 20.51 20.49 20.66 20.57 21.05 20.60 20.89 20.83 20.42 20.54 20.98 20.90 20.68 20.96 21.27 21.44 21.11 21.33 21.31 21.42 20.99 21.12 21.78 21.41 20.73
19.80 19.34 21.06 20.72 20.96 21.13 20.31 21.03 21.55 21.17 21.17 21.28 21.38 21.50 21.48 21.42 20.88 21.02 21.42 21.06 21.42 21.38 21.55 21.59 21.59 21.64 21.61 21.35 20.77 21.67 21.66 21.51 21.52 21.71 21.60 21.44 21.62 21.58 21.63 21.58 20.99 21.44 21.35 20.68 20.26 19.61 19.39 19.81 19.03 18.55 18.65 19.03 20.37 20.32 21.15 20.06 20.41 19.95 20.33 19.82 19.24 19.89 20.10 20.05 20.94 20.97 21.56 21.44 21.02 21.09 21.44 21.30 21.12 21.06 20.93 21.54 21.48
19.77 20.02 20.10 20.52 21.07 20.72 20.56 21.14 21.09 20.71 20.56 21.37 21.47 21.57 21.47 21.39 21.15 20.99 21.29 21.34 21.41 21.23 21.76 21.43 21.29 21.61 21.51 21.65 21.36 21.78 21.62 21.57 21.49 21.62 21.52 21.57 21.55 21.60 21.45 21.62 21.47 21.51 21.22 20.28 20.62 20.89 19.93 20.12 19.55 20.01 19.97 20.25 19.93 20.06 20.68 20.42 19.84 19.94 19.84 20.96 21.27 20.67 20.30 20.60 21.34 20.68 21.43 21.51 21.13 21.10 21.38 21.24 21.22 21.34 21.36 20.98 21.59
19.96 19.52 20.60 21.07 21.09 20.99 20.49 20.77 20.90 20.08 20.57 21.34 21.49 21.50 21.56 20.89 21.68 21.30 21.37 21.42 21.22 21.58 21.43 21.38 21.38 21.65 21.50 21.75 21.63 21.70 21.50 21.52 21.40 21.29 21.61 21.67 21.49 21.58 21.68 21.59 21.67 21.38 21.38 21.12 21.47 21.37 20.84 21.07 20.10 20.73 21.09 20.79 20.62 20.68 20.07 20.77 20.01 19.42 19.83 21.05 21.66 21.16 21.05 21.46 21.35 20.94 21.20 21.54 20.67 20.42 20.44 21.37 21.20 21.26 21.43 21.55 21.17
20.39 20.18 21.08 21.07 20.40 20.53 20.60 20.28 20.25 19.99 20.91 21.41 21.52 21.46 21.55 21.45 21.56 21.29 21.17 21.30 21.46 21.59 21.45 21.34 21.44 21.57 21.63 21.57 21.67 21.66 21.57 21.59 21.58 21.44 21.69 21.57 21.59 21.51 21.59 21.65 21.61 21.28 21.58 21.72 21.72 21.69 21.49 21.18 20.80 21.35 21.34 20.73 20.59 20.26 20.72 20.77 20.18 20.13 20.79 20.72 20.91 21.05 21.61 21.34 21.67 21.33 21.09 21.51 21.13 21.26 20.17 20.76 21.34 21.27 21.59 21.54 21.70
21.27 21.20 21.19 20.73 20.53 20.89 20.21 20.58 20.51 21.00 20.84 21.37 21.34 21.53 21.51 21.44 21.57 21.44 20.99 21.34 21.43 21.51 21.49 21.36 21.20 21.10 21.48 21.57 21.54 21.73 21.61 21.57 21.56 21.58 21.64 21.55 21.55 21.57 21.53 21.64 21.48 21.41 21.62 21.68 21.68 21.71 21.59 20.87 20.98 21.21 21.43 20.86 21.02 21.31 21.46 20.72 20.79 20.97 20.62 21.03 21.45 21.47 21.59 21.42 21.52 21.61 21.59 21.50 21.48 21.66 21.62 21.58 21.33 21.39 21.62 21.66 21.67
20.49 19.85 19.71 20.33 20.46 21.17 21.04 21.13 20.76 21.02 21.19 21.39 20.89 21.26 21.36 21.41 21.27 21.39 21.20 21.40 21.50 21.56 21.42 21.41 21.37 21.12 21.53 21.51 21.36 21.44 21.48 21.55 21.58 21.57 21.58 21.57 21.57 21.59 21.54 21.66 21.57 21.71 21.66 21.63 21.64 21.71 21.57 21.38 21.40 21.47 21.52 21.45 21.58 21.61 21.42 21.43 21.13 20.86 21.57 21.36 21.63 21.49 21.68 21.32 21.37 21.29 21.09 21.54 21.70 21.64 21.66 21.54 21.44 21.53 21.58 21.63 21.58
19.78 19.82 20.20 20.88 20.73 21.20 21.04 21.15 21.11 21.00 20.49 21.16 21.10 21.18 21.09 21.25 21.40 21.42 21.38 21.32 21.52 21.53 21.36 21.57 21.29 21.15 21.55 21.47 21.48 21.32 21.43 21.51 21.51 21.49 21.52 21.58 21.55 21.43 21.39 21.46 21.48 21.66 21.65 21.58 21.54 21.65 21.60 21.54 21.32 21.52 21.60 21.62 21.63 21.67 21.57 21.47 20.77 21.19 21.77 21.34 21.05 21.74 21.62 21.46 21.37 21.15 20.80 21.36 21.78 21.66 21.66 21.61 21.66 21.58 21.61 21.50 21.59
20.55 20.28 20.56 21.32 21.14 21.25 21.40 21.03 20.98 21.05 20.47 20.98 21.20 21.29 21.35 21.35 21.33 21.49 21.37 21.44 21.32 21.43 21.26 21.32 21.32 21.32 21.45 21.48 21.44 21.41 21.45 21.16 21.26 21.44 21.30 21.41 21.33 21.11 21.25 21.38 21.43 21.49 21.55 21.54 21.55 21.62 21.53 21.51 21.40 21.55 21.62 21.65 21.71 21.63 21.73 21.53 21.27 21.55 21.66 21.81 21.59 21.75 21.58 21.50 21.55 21.07 20.82 21.35 21.63 21.88 21.88 21.83 21.46 21.40 21.72 21.65 21.55
20.65 20.23 20.90 21.30 21.12 20.73 20.48 20.87 21.18 20.84 21.14 20.90 21.41 21.34 21.41 21.47 21.35 21.36 21.41 21.30 21.36 21.34 21.13 21.28 21.22 21.40 21.48 21.52 21.28 21.26 21.38 21.23 21.15 21.23 21.35 21.25 20.99 21.22 21.37 21.48 21.40 21.42 21.50 21.52 21.46 21.55 21.54 21.44 21.44 21.47 21.58 21.62 21.62 21.58 21.66 21.54 21.53 21.61 21.67 21.75 21.74 21.71 21.62 21.67 21.72 21.05 21.03 21.40 21.61 21.54 21.76 21.65 21.54 21.58 21.54 21.44 21.63
20.91 20.19 20.47 21.23 21.14 20.72 21.11 20.95 21.35 21.19 21.36 20.96 21.08 21.20 21.41 21.30 21.39 21.24 21.23 21.36 21.38 21.26 21.00 21.20 21.27 21.44 21.39 21.40 21.39 21.15 21.38 20.52 20.85 21.22 21.34 21.23 21.10 21.29 21.39 21.44 21.44 21.35 21.48 21.50 21.43 21.44 21.46 21.41 21.52 21.57 21.53 21.45 21.48 21.47 21.55 21.52 21.45 21.44 21.54 21.58 21.58 21.61 21.63 21.66 21.68 21.46 21.45 21.46 21.68 21.68 21.65 21.45 21.52 21.43 21.21 21.35 21.69
21.22 19.06 20.09 20.44 21.05 21.33 21.06 20.78 21.08 21.22 21.33 21.32 21.31 21.30 21.34 21.33 21.30 21.20 21.34 21.29 21.37 21.26 21.12 21.14 21.21 21.30 21.34 21.30 21.31 21.11 21.19 20.49 20.86 21.33 21.35 21.30 21.24 21.23 21.25 21.42 21.45 21.40 21.43 21.46 21.30 21.25 21.40 21.36 21.40 21.53 21.44 21.48 21.45 21.48 21.51 21.53 21.47 21.45 21.46 21.51 21.51 21.50 21.52 21.56 21.65 21.57 21.61 21.63 21.66 21.56 21.40 21.48 21.53 21.43 21.18 21.28 21.29
21.40 19.79 19.96 20.58 21.16 21.35 21.23 20.75 21.23 21.31 21.32 21.30 21.29 21.42 21.24 21.37 21.37 21.32 21.35 21.38 21.31 21.34 21.11 21.00 21.11 21.22 21.23 21.17 21.21 21.09 20.87 20.82 20.71 21.21 21.20 21.12 21.16 21.28 21.34 21.29 21.33 21.21 21.17 21.23 21.42 21.37 21.45 21.44 21.46 21.54 21.41 21.38 21.39 21.42 21.41 21.54 21.48 21.46 21.48 21.49 21.50 21.50 21.50 21.50 21.59 21.60 21.66 21.66 21.58 21.65 21.24 21.22 21.44 21.32 21.38 21.00 20.98
21.36 21.20 20.73 21.01 21.16 21.36 21.19 21.03 21.11 21.29 21.27 21.14 21.16 21.34 21.26 21.19 21.27 21.30 21.38 21.32 21.35 21.27 21.27 21.11 21.03 21.28 21.04 21.10 21.03 21.19 21.07 20.78 21.01 21.01 21.07 21.21 20.53 21.14 21.23 21.18 21.33 21.33 21.35 21.26 21.38 21.49 21.52 21.54 21.52 21.49 21.44 21.44 21.42 21.42 21.45 21.46 21.48 21.46 21.48 21.43 21.51 21.45 21.44 21.52 21.50 21.53 21.52 21.55 21.56 21.67 21.20 20.95 21.08 21.28 20.92 20.91 20.66
21.34 21.27 21.03 21.12 21.15 21.18 21.23 21.25 21.24 21.28 21.22 21.14 21.22 21.23 20.99 21.22 21.33 21.37 21.38 21.29 21.33 21.36 21.29 21.29 21.04 21.27 21.16 21.25 21.07 20.98 21.03 20.97 20.82 20.66 20.97 21.25 21.02 20.92 20.78 20.99 21.02 21.26 21.35 21.42 21.40 21.40 21.43 21.50 21.53 21.49 21.49 21.47 21.47 21.49 21.40 21.44 21.45 21.41 21.43 21.46 21.42 21.41 21.37 21.43 21.48 21.51 21.54 21.52 21.61 21.60 21.37 21.27 21.01 20.77 20.75 20.70 20.63
21.19 21.23 21.13 21.32 21.32 21.36 21.24 21.28 21.32 21.25 21.23 21.20 21.21 21.31 21.14 21.28 21.33 21.37 21.38 21.31 21.22 21.33 21.15 21.25 21.24 21.24 21.23 21.16 21.25 21.12 20.95 20.88 20.93 21.05 21.05 21.00 21.09 21.12 20.82 20.75 20.90 21.30 21.40 21.40 21.32 21.20 21.23 21.45 21.46 21.46 21.51 21.53 21.56 21.50 21.47 21.47 21.40 21.51 21.52 21.46 21.47 21.43 21.36 21.43 21.46 21.53 21.56 21.59 21.75 21.70 21.58 21.16 20.96 20.89 20.80 20.75 20.64
21.17 21.12 21.18 21.34 21.36 21.31 21.25 21.20 21.20 21.27 21.31 21.23 21.20 21.03 21.21 21.28 21.33 21.35 21.38 21.28 21.13 21.13 21.28 21.15 21.15 21.14 21.22 21.02 21.14 21.21 21.08 21.03 21.08 21.00 21.03 21.05 21.09 21.07 20.98 20.75 21.03 21.29 21.33 21.38 20.72 20.83 21.21 21.38 21.31 21.40 21.43 21.47 21.50 21.51 21.51 21.39 21.49 21.51 21.45 21.52 21.56 21.45 21.41 21.49 21.49 21.51 21.56 21.62 21.49 21.72 21.58 21.58 21.47 21.52 21.02 20.80 21.01
20.84 21.24 21.21 21.29 21.33 21.31 21.27 21.21 21.26 21.24 21.27 21.26 21.10 21.09 21.13 21.27 21.25 21.30 21.34 21.27 21.21 21.06 21.15 21.14 20.90 21.00 21.10 21.03 21.02 21.18 20.99 21.11 21.09 20.95 20.99 21.13 21.15 20.91 20.95 21.12 21.13 21.17 21.23 21.33 20.72 21.08 21.21 21.28 21.31 21.34 21.29 21.42 21.45 21.49 21.52 21.56 21.58 21.51 21.48 21.47 21.47 21.51 21.51 21.46 21.48 21.55 21.56 21.43 21.14 21.34 21.14 21.07 21.08 21.12 21.23 21.35 21.55
20.78 21.19 21.25 21.28 21.25 21.40 21.35 21.30 21.16 21.13 21.24 21.19 20.97 21.01 21.07 21.21 21.24 21.26 21.27 21.27 21.25 21.18 21.14 21.11 21.10 20.84 21.06 20.99 21.07 21.11 20.86 21.10 21.23 21.00 20.85 21.13 20.84 21.20 20.89 21.03 20.92 21.20 21.30 21.16 20.74 20.87 20.96 21.26 21.32 21.34 21.34 21.29 21.43 21.44 21.38 21.45 21.52 21.44 21.46 21.50 21.43 21.41 21.45 21.48 21.43 21.56 21.61 21.33 21.17 20.94 20.81 21.09 21.13 21.04 21.24 21.68 21.47
21.13 21.17 21.20 21.31 21.36 21.31 21.06 21.40 21.06 20.85 21.15 21.13 21.14 21.08 21.09 21.21 21.25 21.30 21.25 21.21 21.19 21.22 21.18 21.14 21.07 21.11 21.11 21.04 21.15 21.10 21.19 21.05 21.17 21.13 20.66 20.93 21.06 21.09 21.14 21.00 21.07 21.22 21.26 21.12 21.21 21.18 21.01 21.18 21.39 21.28 21.32 21.30 21.35 21.39 21.49 21.45 21.47 21.41 21.43 21.42 21.49 21.37 21.34 21.40 21.46 21.47 21.49 21.40 21.12 20.98 20.77 20.89 21.06 21.15 21.81 21.64 21.44
21.10 21.26 21.25 21.32 21.22 21.36 21.17 21.36 21.41 21.11 21.22 20.94 21.17 21.19 21.17 21.23 21.24 21.26 21.31 21.23 21.14 21.12 21.09 21.12 21.13 21.10 21.08 21.13 21.17 21.10 21.17 21.10 21.17 20.86 20.82 20.85 20.81 21.09 21.03 21.20 21.10 21.24 21.24 20.97 21.31 21.31 21.32 21.28 21.25 21.39 21.39 21.31 21.34 21.35 21.41 21.37 21.40 21.33 21.38 21.43 21.46 21.35 21.25 21.31 21.38 21.59 21.33 21.49 21.29 21.11 21.46 21.35 21.11 21.09 21.78 21.63 21.54
21.13 21.23 21.25 21.24 21.30 21.37 21.39 21.32 21.27 21.33 21.28 21.17 21.13 21.16 21.21 21.25 21.24 21.21 21.21 21.21 21.13 21.13 21.08 21.08 21.06 21.01 20.99 21.17 21.19 21.14 21.12 21.10 21.16 21.17 21.00 21.05 21.15 20.93 20.99 21.03 21.08 21.11 21.26 21.22 21.24 21.32 21.30 21.28 21.32 21.49 21.45 21.40 21.34 21.31 21.27 21.34 21.39 21.31 21.40 21.38 21.36 21.31 21.25 21.37 21.52 21.31 21.60 21.22 21.09 21.00 21.09 21.55 21.16 21.44 21.62 21.62 21.64
21.14 21.16 21.12 21.18 21.26 21.34 21.33 21.23 21.26 21.20 21.13 21.19 21.14 21.14 21.17 21.27 21.27 21.21 21.23 21.23 21.22 21.13 21.08 21.05 20.98 21.04 21.12 21.09 21.15 21.15 21.12 21.13 21.12 21.17 21.22 21.12 21.10 20.94 20.86 20.63 21.10 21.22 21.18 21.25 21.22 21.28 21.35 21.34 21.38 21.39 21.35 21.39 21.47 21.35 21.34 21.36 21.35 21.31 21.30 21.35 21.32 21.32 21.26 21.30 21.63 21.31 21.24 21.24 20.97 21.18 21.18 21.14 21.62 21.68 21.50 21.59 21.49
21.15 21.12 21.11 21.12 21.15 21.26 21.24 21.21 21.21 21.16 21.12 21.08 21.13 21.17 21.17 21.27 21.28 21.20 21.23 21.19 21.15 21.12 21.09 20.99 21.09 21.10 21.08 21.10 21.10 21.05 21.19 21.17 21.10 21.15 21.21 21.13 20.95 21.11 21.05 20.95 20.98 21.18 21.23 21.25 21.19 21.32 21.33 21.30 21.33 21.30 21.37 21.43 21.40 21.50 21.44 21.39 21.35 21.31 21.22 21.36 21.39 21.38 21.32 21.25 21.25 21.20 21.27 21.28 21.12 21.22 21.54 21.59 21.75 21.63 21.53 21.58 21.44
21.08 21.14 21.16 21.18 21.13 21.12 21.20 21.20 21.14 21.16 21.17 21.12 21.13 21.11 21.20 21.26 21.25 21.21 21.18 21.18 21.16 21.15 21.10 21.13 21.08 21.13 21.13 21.08 21.10 21.03 21.17 21.14 21.12 21.08 21.07 21.01 20.96 21.00 21.06 21.01 21.12 21.13 21.11 21.10 21.18 21.16 21.23 21.27 21.26 21.28 21.39 21.36 21.29 21.38 21.29 21.31 21.36 21.25 21.26 21.25 21.30 21.35 21.28 21.31 21.27 21.17 21.14 21.25 21.19 21.19 21.50 21.52 21.58 21.59 21.48 21.48 21.47
