main/data/irradiance/06.01.2023.grid
ncols 839
nrows 679
xllcenter 112.0500
yllcenter -43.9500
cellsize 0.0500
nodata_value 99999.90
[rows 136 to 169 of 679, columns 385 to 461 of 839]
26.46 25.76 25.97 26.28 24.92 24.99 24.78 24.69 24.81 24.83 24.37 25.04 23.37 23.96 22.83 24.35 24.66 24.67 24.77 24.60 23.19 23.81 24.12 24.03 23.81 24.42 25.65 25.76 23.92 24.72 24.76 24.49 23.98 23.62 23.28 24.29 24.65 24.68 24.60 23.69 24.49 24.48 23.45 22.86 23.68 23.80 23.51 21.95 21.97 21.01 21.57 21.00 21.38 22.08 22.64 21.73 21.10 20.82 20.52 18.90 18.75 19.38 20.17 18.75 17.33 18.23 18.79 16.83 17.74 18.56 19.24 19.83 19.63 21.67 21.45 22.35 20.14
26.84 26.94 25.80 25.15 24.96 24.89 25.22 24.30 23.61 24.80 23.99 22.97 22.86 22.92 24.38 23.71 23.23 25.31 25.00 24.77 24.07 24.22 24.32 25.64 23.46 23.65 24.47 24.24 24.22 23.43 24.78 24.29 24.09 24.18 24.94 25.42 25.38 25.60 25.48 24.81 25.16 25.09 24.26 24.22 24.78 24.25 22.48 21.70 21.24 21.52 21.44 21.52 22.42 22.16 23.10 22.63 22.52 21.34 20.26 18.30 17.22 17.01 19.11 18.05 18.24 18.09 19.79 20.04 17.87 19.47 19.54 20.14 19.34 20.74 20.84 20.73 20.53
25.92 26.87 26.53 26.43 25.33 25.25 24.21 24.83 24.18 23.99 24.65 23.20 23.87 24.81 25.06 23.87 24.17 24.11 22.91 22.66 23.07 24.09 23.54 24.44 24.60 23.50 23.90 24.05 23.94 24.85 23.65 24.53 24.85 24.89 24.93 25.56 26.39 26.09 25.56 25.18 25.51 24.59 24.56 23.42 23.64 22.82 21.50 22.54 21.37 21.99 23.01 23.08 22.80 22.84 22.34 21.68 21.06 19.83 19.17 19.79 20.79 21.40 21.14 21.09 19.26 18.02 19.86 20.40 20.66 20.03 20.55 20.29 20.42 21.58 21.34 20.75 20.46
25.90 26.05 26.68 26.44 25.54 25.30 25.51 25.42 25.00 25.09 24.30 23.98 24.77 25.31 25.00 23.59 25.14 22.35 22.07 21.72 22.98 24.53 24.23 23.53 23.87 23.41 23.91 23.99 25.02 24.83 24.97 24.16 24.99 24.87 25.63 24.49 25.24 26.17 25.34 25.84 25.40 25.31 25.06 23.67 24.03 23.96 23.00 23.74 23.23 23.65 23.21 22.41 22.95 22.39 21.13 21.05 20.54 20.56 19.78 19.12 21.95 21.29 21.17 20.95 18.93 19.69 20.80 20.91 20.34 21.73 20.93 20.43 21.51 22.76 21.68 20.49 20.01
25.94 25.07 26.77 25.67 24.52 25.01 25.82 26.21 25.58 24.25 25.68 25.49 24.01 24.35 24.85 24.68 24.44 24.49 22.82 23.67 23.88 23.02 23.08 24.35 23.49 24.16 24.47 24.92 24.20 24.69 25.22 25.51 24.78 24.40 24.05 24.72 24.31 24.44 24.23 25.45 25.23 25.88 25.65 24.48 24.47 24.24 22.67 22.14 21.46 22.53 21.63 21.15 20.69 20.86 21.33 21.33 20.75 19.53 18.89 18.19 18.93 20.75 19.96 19.27 19.00 20.19 21.02 21.28 21.54 22.93 22.18 19.55 20.81 22.29 20.68 19.96 17.05
26.30 26.30 25.85 26.19 25.05 24.70 25.77 25.17 25.35 24.69 24.71 25.16 25.84 24.93 25.18 24.26 23.59 24.51 24.84 23.67 24.26 23.48 23.94 23.71 24.07 23.45 22.49 24.63 24.59 23.71 23.72 24.15 24.96 24.94 23.90 22.76 23.31 24.01 23.83 25.03 25.57 25.23 25.60 25.21 23.98 23.68 23.33 22.71 21.62 21.97 21.33 21.10 21.51 21.29 22.34 23.09 22.75 21.04 20.74 18.88 19.64 19.32 20.24 20.52 20.60 22.66 22.39 21.11 21.04 23.43 19.57 20.61 19.68 21.23 20.92 19.10 18.89
25.85 26.26 26.64 25.76 24.89 23.71 24.90 25.22 26.33 25.81 26.59 24.78 24.91 24.29 23.20 23.45 23.11 24.11 24.01 24.54 23.70 24.25 23.80 23.80 23.88 24.25 25.65 25.34 25.10 25.74 24.31 24.57 25.37 24.52 22.81 22.11 22.48 23.38 23.71 24.50 23.59 24.39 24.72 25.19 24.02 23.59 22.93 22.80 20.76 22.07 24.20 23.72 23.50 22.96 23.15 22.02 22.25 21.42 21.31 20.65 21.27 21.52 21.66 21.01 20.56 21.47 21.66 20.81 22.12 21.99 20.08 19.80 19.18 18.99 19.56 16.93 17.95
25.67 25.48 25.48 26.52 25.71 25.06 24.53 25.62 26.21 25.34 24.92 24.91 24.36 24.50 22.87 22.69 22.97 23.11 23.71 24.67 22.47 23.96 25.71 24.52 24.80 25.30 25.57 25.40 25.22 26.11 25.13 23.10 24.07 24.19 24.66 23.53 22.20 23.79 22.18 23.15 22.01 22.37 24.27 24.47 22.59 24.03 24.46 23.20 22.71 22.57 24.29 23.49 23.14 22.39 21.94 20.59 20.59 19.61 19.98 22.23 22.30 21.05 21.25 21.39 22.10 21.17 21.42 22.17 21.58 21.67 19.63 17.83 16.92 18.59 16.80 17.05 14.27
26.57 25.90 25.86 25.48 25.84 25.82 24.41 24.40 25.48 26.21 24.97 24.39 24.68 24.63 23.64 22.65 23.39 23.98 24.49 25.29 25.09 25.20 25.05 23.62 23.73 23.09 23.54 24.93 25.36 25.06 24.78 24.42 24.28 24.15 22.32 23.30 21.84 23.10 22.35 22.44 20.56 20.40 21.21 20.96 23.28 23.06 23.54 23.01 22.78 22.67 22.50 22.27 21.63 20.60 20.01 20.14 19.22 19.05 18.93 20.90 22.13 21.26 21.38 21.14 21.55 21.05 20.35 21.23 21.01 20.57 19.44 19.88 18.05 17.79 16.21 17.21 15.65
26.65 25.73 26.29 25.92 26.05 25.91 25.70 25.19 25.84 26.00 24.70 24.66 23.70 23.41 23.54 23.69 24.43 24.72 25.11 24.71 25.67 24.33 23.08 21.75 23.51 24.82 23.51 23.53 24.15 22.97 25.40 24.99 25.17 24.41 23.00 22.93 22.91 22.72 23.93 23.44 24.16 23.20 22.73 21.66 21.57 21.21 21.12 20.54 20.99 21.95 20.64 21.08 21.21 22.63 22.03 19.64 18.40 17.33 18.39 19.53 19.86 21.96 21.28 21.40 21.10 20.77 19.78 18.84 19.85 20.10 21.39 21.98 20.53 17.24 17.15 17.20 16.97
25.91 24.95 24.98 26.78 25.94 25.60 24.61 24.62 26.36 25.67 24.79 23.57 24.08 22.80 24.26 24.35 23.98 24.38 24.15 24.72 24.37 23.61 24.10 24.05 25.50 25.27 24.35 24.34 24.68 25.24 25.89 25.14 24.76 23.65 22.03 22.13 21.85 22.28 23.02 24.39 24.78 24.12 24.24 23.10 21.03 20.07 20.74 21.30 20.47 22.17 20.11 21.11 24.62 22.01 21.95 21.83 21.40 20.63 20.62 20.59 19.45 20.59 19.52 21.26 21.77 20.35 19.69 18.60 18.38 19.59 19.91 20.90 21.54 20.80 19.96 21.38 19.40
25.42 24.98 24.56 25.58 25.28 25.83 26.02 24.74 24.83 25.29 24.17 24.48 23.90 23.99 25.11 25.03 23.50 24.13 24.42 25.20 25.82 22.76 23.67 24.69 24.98 24.76 25.37 24.68 24.05 23.55 23.37 22.63 24.68 24.43 22.74 22.12 22.20 23.02 23.55 23.13 23.27 22.02 22.09 21.32 20.99 19.08 19.30 19.84 19.14 19.91 18.87 19.42 21.21 22.12 22.28 22.77 23.66 23.69 23.10 22.04 20.19 18.50 18.64 20.54 21.70 21.40 20.73 18.68 17.59 18.92 19.36 18.48 19.76 20.60 19.99 20.63 18.96
25.64 24.73 23.75 24.71 25.99 25.76 24.53 24.80 24.48 23.26 24.31 24.08 24.48 25.27 25.37 24.52 25.04 25.28 26.03 24.62 24.95 23.40 24.18 25.59 25.06 25.39 24.79 23.65 22.95 23.12 24.56 24.69 25.40 25.59 24.67 23.21 22.54 22.63 23.55 22.32 20.77 18.68 19.40 18.39 19.43 20.35 19.81 20.06 19.96 19.85 18.13 18.67 21.26 19.55 20.47 21.32 22.35 22.22 23.48 22.01 20.33 19.58 18.91 20.70 21.19 20.86 20.67 19.20 19.40 19.26 17.55 16.63 17.34 17.80 17.29 15.36 15.67
26.02 24.72 24.20 24.68 26.55 25.21 24.58 24.09 23.98 22.65 23.33 23.82 23.80 24.71 25.53 25.01 25.83 24.75 23.96 24.80 24.35 23.69 23.95 24.27 23.56 24.20 24.02 23.45 23.24 23.92 24.92 25.11 25.66 24.43 25.67 24.95 23.34 21.83 22.67 20.42 19.25 17.70 18.48 18.61 19.99 21.02 19.82 20.36 19.60 19.92 19.77 19.80 19.48 18.73 18.73 18.61 19.67 20.56 22.91 22.01 19.53 20.00 20.24 21.19 19.83 21.26 20.21 19.34 19.36 19.53 17.43 17.40 16.58 16.29 15.26 13.26 13.52
25.62 25.44 23.99 25.99 25.11 25.05 24.73 23.83 23.19 21.96 21.29 23.76 22.69 22.13 24.76 24.55 24.20 24.13 25.02 23.84 23.79 21.95 21.95 22.73 21.56 22.37 23.73 24.48 24.81 24.23 24.67 23.89 24.54 24.37 24.13 23.02 21.99 21.67 21.96 20.89 18.48 18.69 20.46 18.99 20.09 20.99 20.05 19.42 18.18 18.51 19.50 19.60 18.56 18.27 18.77 21.91 21.28 21.09 22.26 22.55 19.62 18.68 19.04 19.89 18.79 17.73 19.73 18.80 19.52 18.24 17.29 17.58 16.21 15.05 15.24 13.60 13.83
25.04 24.67 24.32 25.06 23.83 25.43 24.34 23.52 22.62 22.60 21.81 23.11 21.19 22.41 22.44 22.48 25.03 23.26 23.75 21.57 22.08 20.83 20.92 22.27 21.95 22.18 23.83 24.71 24.77 24.60 23.37 22.98 22.10 22.64 21.82 22.97 22.65 21.04 19.95 21.03 20.40 19.22 21.19 21.58 20.95 20.63 18.85 17.54 16.95 17.69 20.87 21.33 20.71 19.61 18.82 21.11 20.93 19.15 19.43 19.93 20.21 18.89 18.81 18.15 17.28 17.31 18.01 17.59 18.53 17.88 17.77 17.48 16.12 14.30 15.44 15.71 16.08
24.62 25.32 23.62 24.95 24.13 24.76 24.28 22.40 23.70 22.33 22.93 22.33 21.75 21.51 21.40 21.93 23.39 22.37 21.91 20.02 21.87 22.04 20.57 21.67 22.60 23.45 23.69 24.30 23.44 23.04 22.11 21.62 20.89 22.23 22.70 22.28 21.21 19.23 18.02 20.48 20.09 19.22 20.46 20.74 19.48 20.63 17.13 16.52 17.30 19.40 20.92 20.59 20.73 18.72 17.57 17.36 17.28 18.18 19.63 20.35 21.63 18.84 17.98 16.85 17.59 17.00 15.47 17.20 18.28 17.22 17.61 17.32 15.42 14.65 15.71 17.89 18.93
23.86 22.64 22.91 24.13 24.02 24.30 23.26 22.81 22.44 20.65 20.45 21.20 19.88 20.51 21.65 22.76 23.82 22.45 20.97 19.03 19.46 21.01 21.20 22.69 22.44 22.55 22.54 23.35 23.11 22.63 21.10 20.27 20.85 22.01 21.90 21.33 20.09 18.98 17.92 19.12 19.12 19.18 19.84 20.74 19.48 17.08 17.08 15.60 16.20 16.92 18.86 17.71 17.12 16.43 17.51 17.73 19.02 19.37 21.23 20.44 20.22 18.29 17.51 16.74 16.50 15.29 15.14 16.20 16.10 16.16 17.26 16.05 14.98 14.62 15.70 18.03 18.42
22.82 21.49 21.71 22.54 22.28 24.13 24.75 23.78 22.14 22.79 22.39 21.03 20.31 21.55 21.95 22.20 22.73 21.03 20.04 18.88 18.16 20.07 21.99 21.98 21.18 21.25 19.42 21.02 21.48 19.89 19.69 19.90 20.79 19.65 20.39 20.42 20.80 19.42 19.46 18.51 18.86 19.18 19.84 19.84 19.48 15.79 15.79 14.77 15.20 16.09 16.64 17.63 17.37 17.28 17.20 16.36 16.44 17.57 18.83 19.26 18.55 18.37 18.30 18.17 17.30 17.40 17.17 17.66 18.61 18.36 18.50 17.40 16.49 15.28 15.20 14.84 16.62
23.77 22.68 23.58 22.77 22.33 23.19 23.77 23.52 22.00 22.60 21.87 22.18 21.98 23.43 21.82 21.82 22.22 21.28 19.72 18.97 20.27 20.70 22.23 22.68 19.40 19.29 18.88 19.84 21.34 21.43 20.33 19.90 18.66 17.16 18.37 20.29 19.83 19.39 19.85 19.87 19.78 19.04 19.04 18.19 14.77 14.77 14.77 13.27 14.89 16.39 16.29 17.14 16.36 15.13 15.46 16.19 16.17 16.89 16.10 17.42 17.66 17.42 17.64 18.61 18.63 18.22 18.38 18.33 18.66 19.25 20.21 19.24 17.98 16.99 15.88 15.74 16.72
26.35 24.64 25.40 25.13 23.06 22.86 22.66 22.70 23.60 21.85 21.77 20.71 22.08 22.13 21.21 23.78 22.66 22.04 21.25 20.45 21.16 21.90 22.70 20.80 18.75 19.23 19.33 20.39 21.23 21.04 20.43 19.56 18.94 17.64 17.02 18.31 18.59 18.21 19.35 19.53 19.10 17.87 18.19 18.19 18.19 14.77 14.77 14.06 13.50 15.25 15.03 14.94 16.24 15.38 15.73 15.04 15.96 16.14 16.29 16.61 16.70 17.40 17.83 18.83 19.76 20.59 21.31 19.60 20.02 20.79 20.41 19.56 19.17 17.67 15.89 15.85 16.73
25.89 24.17 25.24 25.66 23.92 24.31 22.76 22.54 22.57 21.78 22.49 22.37 23.30 22.94 24.08 23.08 22.59 21.77 22.38 21.92 21.21 21.70 21.46 19.69 18.94 20.03 20.52 21.07 20.74 19.23 17.88 16.67 17.48 16.61 17.33 17.49 17.75 17.71 18.83 18.36 18.71 17.52 17.71 17.71 17.71 16.75 16.75 15.03 14.14 14.33 14.01 14.18 16.01 15.56 14.96 14.87 14.81 15.03 16.13 17.24 17.80 18.18 18.22 19.04 20.16 21.20 21.08 20.52 21.83 22.26 20.22 19.56 18.80 15.89 14.61 15.76 17.95
25.13 23.27 24.79 25.82 25.22 25.79 24.50 22.72 22.43 21.80 22.86 22.69 22.50 24.02 23.39 21.42 20.58 22.07 20.99 21.52 21.89 21.59 21.30 19.10 18.43 19.15 19.77 20.31 20.20 16.98 17.21 16.09 17.42 18.39 17.33 17.11 17.38 18.08 17.44 18.43 18.73 17.98 17.11 17.11 17.10 17.06 17.06 14.90 14.92 15.06 14.58 14.18 15.40 14.16 14.21 14.87 14.76 14.69 15.58 17.07 17.68 17.24 18.12 19.19 21.20 22.24 20.54 19.49 21.00 21.91 20.65 20.44 18.49 16.73 16.16 16.83 18.51
24.07 25.95 22.77 25.29 25.44 25.34 25.35 25.02 23.07 21.70 22.70 21.78 22.00 23.80 22.70 21.41 19.98 20.45 19.59 20.67 21.38 20.96 20.91 20.23 19.54 19.56 19.63 19.69 18.91 16.33 16.16 17.26 17.79 19.07 17.49 17.19 17.25 17.87 15.51 15.83 17.45 16.90 16.52 16.61 17.10 17.33 16.75 14.99 15.57 15.65 15.16 13.94 14.60 13.91 13.34 15.00 14.67 14.01 14.90 16.86 16.50 15.37 17.51 20.38 21.05 22.14 20.71 20.79 21.45 21.64 22.13 22.38 20.71 19.48 18.31 17.35 19.09
24.24 25.66 25.40 24.69 25.47 24.86 24.52 25.23 23.55 22.71 21.78 22.65 21.07 21.32 21.84 20.83 20.32 21.20 19.99 19.99 20.50 19.83 20.45 20.69 20.51 19.40 18.42 19.04 18.20 16.55 17.34 18.18 18.12 18.82 17.12 15.43 15.85 16.43 15.79 16.11 16.32 16.23 15.73 15.36 15.42 16.19 16.26 15.26 15.59 15.53 14.78 15.10 14.59 13.49 13.52 13.64 14.75 14.39 14.84 15.56 15.23 15.00 16.43 19.54 22.01 22.10 22.48 22.24 21.73 21.64 22.13 23.13 22.19 21.00 19.82 17.64 19.00
25.15 25.38 24.97 23.65 24.00 25.44 24.52 23.95 22.74 21.60 21.54 22.76 19.16 20.72 22.01 20.61 19.63 20.75 21.72 21.22 20.56 20.45 20.97 19.81 19.55 18.05 17.42 16.05 16.75 16.18 17.54 17.89 17.87 17.42 16.81 15.07 15.50 15.45 13.30 13.71 15.12 15.66 15.52 14.73 14.03 15.31 15.62 14.48 14.60 14.43 13.73 13.30 14.36 14.46 14.39 13.66 13.57 13.91 13.83 14.12 14.05 14.54 15.22 18.89 22.23 22.62 22.66 22.39 22.06 20.32 21.47 23.11 22.16 20.51 19.80 18.09 18.06
25.02 24.95 23.70 22.68 23.48 23.48 23.73 22.06 22.88 24.28 22.99 24.39 21.87 20.75 21.59 21.10 21.29 21.78 21.21 21.18 20.27 20.93 21.57 19.04 18.28 17.74 16.69 15.71 17.63 16.58 17.91 18.87 18.39 16.63 17.01 15.86 15.41 15.59 12.97 12.77 13.91 14.78 14.72 14.74 13.42 13.55 14.56 14.27 14.56 14.18 12.49 12.14 12.73 14.99 14.60 13.43 13.57 13.52 13.32 13.91 14.66 14.46 15.61 17.70 21.64 21.82 22.16 22.96 22.09 22.08 23.16 23.67 23.99 21.41 20.74 18.79 18.14
25.04 24.46 22.74 21.46 22.94 22.12 23.33 23.87 22.60 23.48 22.30 23.54 22.88 20.60 20.44 22.10 21.50 21.96 22.19 21.33 20.43 20.99 21.35 19.18 18.85 18.61 17.33 15.81 17.94 17.24 17.80 17.26 16.79 15.00 15.19 15.04 16.34 16.02 13.88 12.85 12.60 12.73 13.37 13.72 12.98 13.43 13.46 13.19 13.82 13.43 12.09 11.92 13.22 14.76 14.80 14.01 13.74 13.54 13.99 15.85 15.54 15.15 16.63 17.76 19.81 20.18 20.62 22.30 22.06 22.49 23.74 23.77 23.83 22.62 20.93 19.20 18.31
23.42 23.72 22.75 22.11 23.21 22.45 23.58 23.34 21.49 22.19 23.58 22.56 19.96 19.28 20.28 19.52 19.46 19.68 21.13 19.77 19.55 19.90 20.26 18.74 18.08 18.07 16.61 17.23 16.15 16.08 16.10 16.78 17.04 14.91 14.87 14.93 15.59 15.65 14.65 12.81 11.91 12.48 13.24 13.24 12.29 13.05 12.24 11.94 12.76 12.05 12.05 11.56 12.32 14.87 14.39 13.65 13.32 13.95 13.75 16.48 15.67 16.21 15.89 18.07 18.38 18.67 19.16 21.97 23.03 22.47 23.90 25.71 24.32 23.12 20.14 19.48 20.12
23.03 22.70 21.77 22.64 24.95 24.66 22.78 22.07 21.89 22.76 22.81 21.80 19.91 19.27 20.07 20.09 20.17 19.08 20.07 19.15 18.34 18.98 18.08 18.01 18.06 17.84 17.71 17.02 16.88 15.74 15.61 16.71 18.36 16.83 16.33 14.89 14.58 15.03 13.99 12.66 12.91 12.79 13.47 13.35 12.62 11.98 12.39 12.03 12.41 11.98 11.82 11.63 12.96 14.96 14.72 14.62 15.86 15.77 15.73 17.72 15.84 16.32 16.81 17.20 17.67 20.26 19.19 22.15 22.17 21.73 21.80 23.74 23.79 23.68 21.03 18.91 20.99
23.42 23.68 23.06 22.88 24.04 24.45 24.08 22.81 21.59 22.30 22.09 22.41 21.60 20.23 21.37 21.08 19.17 18.79 19.40 17.52 17.30 18.13 18.15 17.25 17.90 19.08 17.57 16.05 17.14 16.52 15.93 15.93 16.94 15.83 16.28 15.45 15.37 14.83 13.84 13.06 12.99 13.24 13.64 13.66 12.91 11.50 12.12 12.93 13.01 12.63 11.24 12.56 14.00 16.18 15.17 14.83 16.23 15.63 17.38 18.13 15.85 16.06 18.17 18.72 18.01 19.86 19.61 21.61 22.89 21.92 21.09 22.56 23.12 23.38 21.85 19.85 19.87
24.12 23.79 23.39 22.68 21.82 22.51 22.04 20.86 20.60 21.48 21.87 21.29 20.78 20.91 20.61 20.16 19.37 17.85 19.83 20.10 18.92 18.27 16.06 15.99 17.33 18.41 16.73 15.66 15.14 15.27 14.44 15.55 15.36 14.54 15.33 14.63 14.19 13.24 12.22 12.34 13.00 14.04 13.68 13.44 13.22 12.00 12.58 14.25 13.69 11.85 11.75 13.25 14.61 15.27 15.14 15.65 16.16 16.18 17.74 18.19 16.98 16.21 18.13 19.62 19.43 20.39 19.99 20.55 21.17 19.93 20.06 21.29 22.64 22.65 22.33 20.42 20.07
22.30 22.54 21.11 22.46 20.42 19.89 20.35 19.34 19.18 20.25 20.61 20.62 20.62 20.32 21.62 20.87 19.86 19.80 19.53 19.35 17.99 17.33 15.61 14.25 15.69 16.60 15.85 15.22 15.25 14.66 13.15 14.59 13.76 13.04 12.89 12.46 11.81 11.83 11.39 12.89 12.88 13.47 13.78 12.73 13.08 12.63 12.87 13.86 13.07 11.79 11.47 13.04 13.80 13.15 14.97 15.96 16.74 17.46 17.04 17.89 18.27 17.35 17.56 19.07 19.30 20.60 20.49 20.64 20.79 20.67 20.78 22.72 23.12 22.68 22.98 22.55 21.10
23.31 22.39 21.52 19.44 19.85 19.82 21.69 20.64 19.62 20.55 20.89 20.50 20.00 20.43 21.63 20.58 19.79 19.74 19.72 19.26 17.86 17.23 17.21 15.44 15.15 15.80 15.05 14.39 15.37 15.30 13.24 13.49 13.44 12.18 12.91 13.02 11.48 12.07 11.91 12.87 13.38 12.99 13.52 13.22 12.34 12.49 12.49 13.34 12.95 12.11 12.09 12.79 12.70 12.67 13.49 15.29 16.00 16.07 15.18 16.22 17.29 16.88 16.99 17.44 17.71 19.53 20.97 21.01 20.81 20.60 20.71 22.05 23.51 23.41 24.05 23.50 22.13
