main/data/irradiance/06.02.2023.grid
ncols 839
nrows 679
xllcenter 112.0500
yllcenter -43.9500
cellsize 0.0500
nodata_value 99999.90
[rows 204 to 237 of 679, columns 693 to 769 of 839]
18.11 19.59 19.69 19.91 20.78 20.91 20.60 21.66 22.00 21.22 21.19 20.42 21.42 22.71 23.21 22.94 23.14 22.25 22.59 23.58 23.48 22.76 20.14 19.49 19.20 20.14 20.98 19.07 18.69 18.45 16.28 17.40 19.44 22.65 22.40 21.66 21.69 21.41 22.21 23.56 23.56 22.13 22.13 24.70 24.70 21.92 21.92 21.92 21.92 21.92 21.92 21.92 21.92 21.92 21.92 21.92 21.92 99999.90 99999.90 99999.90 99999.90 99999.90 99999.90 99999.90 99999.90 99999.90 99999.90 99999.90 99999.90 99999.90 99999.90 99999.90 99999.90 99999.90 99999.90 99999.90 99999.90
19.77 20.40 19.84 20.38 21.90 20.68 20.51 22.59 21.30 20.33 22.19 20.57 21.59 22.35 22.17 21.57 23.09 22.96 22.29 23.08 22.69 21.28 20.92 19.38 18.89 21.63 21.72 19.29 17.95 17.22 17.06 17.09 17.50 19.63 20.09 19.92 19.02 19.32 19.94 21.38 22.38 22.13 22.13 19.01 21.92 21.92 21.92 21.92 21.92 21.92 21.92 21.92 21.92 21.92 21.92 21.92 21.92 99999.90 99999.90 99999.90 99999.90 99999.90 99999.90 99999.90 99999.90 99999.90 99999.90 99999.90 99999.90 99999.90 99999.90 99999.90 99999.90 99999.90 99999.90 99999.90 99999.90
19.21 18.64 19.26 20.68 21.50 21.36 21.11 22.48 21.31 20.17 21.69 21.26 21.01 21.73 21.47 21.52 22.39 22.00 21.22 22.04 21.47 20.98 21.00 20.46 19.73 21.43 20.14 18.23 15.83 15.82 15.66 16.41 18.55 17.91 18.13 19.92 18.20 18.75 20.81 22.63 20.67 19.44 19.01 19.01 19.01 21.92 21.92 21.92 21.92 21.92 21.92 21.92 21.92 21.92 21.92 21.92 21.92 99999.90 99999.90 99999.90 99999.90 99999.90 99999.90 99999.90 99999.90 99999.90 99999.90 99999.90 99999.90 99999.90 99999.90 99999.90 99999.90 99999.90 99999.90 99999.90 99999.90
19.88 21.15 20.72 20.12 20.96 21.42 20.97 22.16 21.38 20.07 21.23 21.59 20.95 21.78 20.81 20.74 21.41 21.80 21.75 22.16 21.65 21.62 21.50 20.43 19.68 19.41 18.57 16.78 14.85 14.17 15.44 17.40 18.38 18.44 19.18 20.01 19.58 20.53 19.81 20.19 20.80 19.83 18.84 18.84 18.84 21.92 21.92 21.92 21.92 21.92 21.92 21.92 21.92 21.92 21.92 21.92 21.92 99999.90 99999.90 99999.90 99999.90 99999.90 99999.90 99999.90 99999.90 99999.90 99999.90 99999.90 99999.90 99999.90 99999.90 99999.90 99999.90 99999.90 99999.90 99999.90 99999.90
20.21 21.84 20.70 19.65 20.25 21.14 21.43 21.78 21.14 21.02 21.27 20.69 20.82 20.37 20.99 20.70 21.30 22.21 22.77 23.23 23.61 22.41 21.52 18.94 18.63 18.40 18.30 16.89 15.56 14.86 16.40 17.38 16.10 15.75 15.57 17.04 17.74 19.21 19.99 18.16 20.80 17.11 18.84 18.84 18.84 21.92 21.92 21.92 21.92 21.92 21.92 21.92 21.92 21.92 21.92 21.92 21.92 99999.90 99999.90 99999.90 99999.90 99999.90 99999.90 99999.90 99999.90 99999.90 99999.90 99999.90 99999.90 99999.90 99999.90 99999.90 99999.90 99999.90 99999.90 99999.90 99999.90
19.70 20.88 20.50 20.28 21.17 21.08 22.20 22.12 22.16 21.94 22.04 21.35 21.18 20.47 20.80 20.43 21.32 22.52 21.92 21.51 21.94 21.33 20.25 20.29 22.54 21.03 20.14 18.61 16.86 14.82 16.13 13.25 13.06 15.67 15.67 17.40 18.38 19.07 19.53 19.35 18.89 17.11 17.11 18.84 18.84 18.84 21.92 21.92 21.92 21.92 21.92 21.92 21.92 21.92 21.92 21.92 21.92 20.24 99999.90 99999.90 99999.90 99999.90 99999.90 99999.90 99999.90 99999.90 99999.90 99999.90 99999.90 99999.90 99999.90 99999.90 99999.90 99999.90 99999.90 99999.90 99999.90
21.84 21.39 20.61 20.23 21.53 22.06 22.09 21.91 22.29 22.32 22.60 22.48 21.80 20.55 19.66 20.45 22.00 21.14 20.40 21.21 20.58 20.55 22.16 22.61 23.23 22.32 20.31 20.46 19.19 15.27 15.40 14.87 13.97 14.84 15.50 17.61 20.15 20.67 20.92 20.69 18.89 18.89 17.11 17.11 18.84 18.84 21.92 21.92 21.92 21.92 21.92 21.92 21.92 21.92 21.92 21.92 21.92 21.44 21.44 21.44 99999.90 99999.90 99999.90 99999.90 99999.90 99999.90 99999.90 99999.90 99999.90 99999.90 99999.90 99999.90 99999.90 99999.90 99999.90 99999.90 99999.90
21.58 21.31 20.88 20.47 19.91 21.93 23.24 22.58 21.19 22.01 23.03 23.29 21.77 21.05 20.06 21.54 22.23 22.42 21.59 21.65 20.66 21.28 23.56 23.03 23.59 22.89 20.53 19.32 18.68 17.64 16.98 17.13 14.97 13.83 15.09 16.44 17.36 17.96 19.04 20.02 20.02 20.02 18.89 17.11 17.11 18.84 18.84 21.92 21.92 21.92 21.92 21.92 21.92 21.92 21.92 21.92 21.44 21.44 21.44 21.44 22.04 99999.90 99999.90 99999.90 99999.90 99999.90 99999.90 99999.90 99999.90 99999.90 99999.90 99999.90 99999.90 99999.90 99999.90 99999.90 99999.90
21.20 21.27 21.11 19.98 19.84 22.71 24.78 24.57 23.70 22.69 22.87 23.26 22.68 20.96 19.73 21.40 22.26 21.35 21.64 21.38 21.33 21.46 22.25 22.50 22.65 21.60 19.75 19.39 18.14 18.26 19.34 19.27 17.42 14.14 13.95 15.90 15.71 17.88 19.68 18.40 18.40 18.22 18.22 18.22 19.45 19.45 19.45 18.66 18.66 18.66 18.66 18.66 18.66 21.44 21.44 21.44 21.44 21.44 21.44 22.04 22.04 99999.90 99999.90 99999.90 99999.90 99999.90 99999.90 99999.90 99999.90 99999.90 99999.90 99999.90 99999.90 99999.90 99999.90 99999.90 99999.90
22.44 22.25 21.20 19.22 19.56 22.46 23.64 22.72 24.12 22.56 23.54 23.63 23.11 21.06 20.53 21.23 21.48 20.58 20.68 21.28 22.71 21.82 22.09 22.55 22.98 22.09 19.11 19.70 20.70 21.33 21.57 18.89 16.43 15.14 12.47 13.28 11.99 15.43 16.93 18.30 18.22 18.22 18.22 19.45 19.45 19.45 18.66 18.66 18.66 18.66 18.66 18.66 21.44 21.44 21.44 21.44 21.44 21.44 22.04 22.04 22.04 99999.90 99999.90 99999.90 99999.90 99999.90 99999.90 99999.90 99999.90 99999.90 99999.90 99999.90 99999.90 99999.90 99999.90 99999.90 99999.90
22.78 21.96 19.78 19.87 19.01 20.54 19.85 20.43 22.37 22.65 23.18 23.56 22.98 22.14 21.90 21.78 21.32 20.95 20.70 21.54 22.17 22.55 22.45 22.09 22.24 22.82 20.97 19.60 21.40 22.57 23.21 20.79 16.45 14.48 14.49 13.40 13.30 13.74 14.99 15.12 18.40 18.40 19.45 19.45 19.45 18.66 18.66 18.66 18.66 18.66 18.66 21.44 21.44 21.44 21.44 21.44 21.44 22.04 22.04 22.04 22.04 99999.90 99999.90 99999.90 99999.90 99999.90 99999.90 99999.90 99999.90 99999.90 99999.90 99999.90 99999.90 99999.90 99999.90 99999.90 99999.90
23.21 21.71 20.44 19.77 18.45 18.84 19.37 21.49 21.93 22.90 23.34 24.77 23.80 22.45 21.59 21.54 21.03 21.11 22.26 22.52 22.43 22.78 23.04 23.14 23.40 23.36 23.48 22.38 20.72 20.92 22.28 20.51 17.56 17.39 16.10 14.33 14.20 14.24 11.89 11.42 14.26 19.29 19.45 19.45 19.45 18.66 18.66 18.66 18.66 18.66 18.66 21.44 21.44 21.44 21.44 21.44 22.04 22.04 22.04 22.04 22.04 24.87 99999.90 99999.90 99999.90 99999.90 99999.90 99999.90 99999.90 99999.90 99999.90 99999.90 99999.90 99999.90 99999.90 99999.90 99999.90
23.52 21.70 20.39 20.18 18.61 18.10 19.57 21.50 22.32 23.03 23.64 25.36 25.11 23.51 22.74 21.78 21.10 20.87 20.90 21.72 23.05 22.47 22.97 21.99 21.96 23.31 25.30 24.05 21.33 21.94 23.00 21.06 20.30 19.89 20.21 19.01 15.55 12.69 9.23 12.12 14.17 15.44 17.04 17.04 17.09 18.66 18.66 18.66 18.66 18.66 21.44 21.44 21.44 21.44 21.44 22.04 22.04 22.04 22.04 22.04 22.04 24.87 99999.90 99999.90 99999.90 99999.90 99999.90 99999.90 99999.90 99999.90 99999.90 99999.90 99999.90 99999.90 99999.90 99999.90 99999.90
21.52 20.46 21.13 21.05 19.50 19.17 19.34 20.84 22.28 22.35 23.54 24.93 23.63 24.47 23.57 22.25 20.48 20.94 21.28 21.02 20.70 20.85 19.96 19.83 22.06 24.12 25.46 24.21 22.18 22.28 22.79 21.87 21.50 20.51 20.64 20.02 17.60 11.86 10.88 11.11 12.84 15.46 16.09 16.47 17.09 18.66 18.66 18.66 18.66 20.24 21.44 21.44 21.44 21.44 22.04 22.04 22.04 22.04 22.04 22.04 22.04 24.87 99999.90 99999.90 99999.90 99999.90 99999.90 99999.90 99999.90 99999.90 99999.90 99999.90 99999.90 99999.90 99999.90 99999.90 99999.90
22.68 21.17 21.42 20.15 20.25 19.73 19.98 20.26 20.62 21.80 22.53 24.34 23.42 23.80 22.78 21.62 21.37 20.87 21.70 21.34 20.84 21.23 19.98 20.63 20.71 23.24 24.21 22.11 21.14 23.59 22.23 21.38 23.09 21.60 21.23 19.78 17.10 12.88 11.37 12.43 15.51 17.06 15.41 13.21 17.20 18.56 18.66 18.66 20.24 21.44 21.44 21.44 21.44 22.04 22.04 22.04 22.04 22.04 22.04 22.04 22.04 24.87 99999.90 99999.90 99999.90 99999.90 99999.90 99999.90 99999.90 99999.90 99999.90 99999.90 99999.90 99999.90 99999.90 99999.90 99999.90
23.02 21.22 21.45 19.96 20.02 19.24 20.32 19.82 19.53 20.66 22.84 23.02 22.44 24.20 22.98 22.49 21.50 21.47 21.72 21.61 22.14 21.27 20.47 20.25 18.69 19.75 20.83 18.00 18.63 20.43 22.39 23.19 22.77 20.29 19.48 17.82 16.34 15.29 12.66 12.45 16.37 18.07 15.54 15.42 17.56 16.67 16.25 20.24 20.24 21.44 21.44 21.44 22.04 22.04 22.04 22.04 22.04 22.04 22.04 22.04 22.04 24.87 99999.90 99999.90 99999.90 99999.90 99999.90 99999.90 99999.90 99999.90 99999.90 99999.90 99999.90 99999.90 99999.90 99999.90 99999.90
23.37 23.28 21.31 19.69 20.56 20.40 19.66 20.06 19.38 19.97 21.89 21.77 22.81 23.53 22.89 21.21 21.25 20.58 20.74 21.10 22.67 20.57 20.33 21.59 20.11 19.28 20.28 21.00 19.51 20.45 22.84 22.00 20.68 22.13 20.77 19.00 16.92 15.91 13.76 14.33 16.78 17.51 16.15 18.48 18.74 17.43 17.29 19.53 19.71 21.44 21.44 22.04 22.04 22.04 22.04 22.04 22.04 22.04 22.04 22.04 22.04 24.87 22.37 22.37 99999.90 99999.90 99999.90 99999.90 99999.90 99999.90 99999.90 99999.90 99999.90 99999.90 99999.90 99999.90 99999.90
25.46 23.33 21.37 20.29 20.81 20.18 19.07 19.04 19.02 19.32 19.72 20.36 21.10 22.27 22.74 19.53 20.27 19.77 19.83 20.48 21.38 22.02 19.53 20.92 20.76 21.39 22.60 23.23 22.23 21.51 23.01 23.57 23.00 21.56 21.37 19.47 17.31 13.88 14.36 15.34 18.12 19.90 20.76 20.68 20.79 21.15 20.16 19.58 19.04 20.22 22.04 22.04 22.04 22.04 22.04 22.04 22.04 22.04 22.04 24.87 24.87 24.87 22.37 22.37 23.77 99999.90 99999.90 99999.90 99999.90 99999.90 99999.90 99999.90 99999.90 99999.90 99999.90 99999.90 99999.90
25.36 23.73 22.64 21.84 20.08 18.93 18.13 18.07 18.67 18.45 19.48 19.98 20.96 22.56 22.28 20.29 19.98 19.20 18.78 19.39 18.52 20.45 19.83 20.77 20.94 21.31 22.80 22.55 23.02 22.66 22.96 23.42 23.48 22.88 21.31 18.71 14.04 15.01 18.66 17.03 19.50 21.68 22.71 22.20 22.61 22.24 21.18 20.27 20.30 22.15 22.04 22.04 22.04 22.04 22.04 24.87 24.87 24.87 24.87 24.87 24.87 24.87 22.37 23.77 23.77 99999.90 99999.90 99999.90 99999.90 99999.90 99999.90 99999.90 99999.90 99999.90 99999.90 99999.90 99999.90
24.88 24.12 24.29 22.49 19.11 18.61 18.63 18.36 17.81 18.24 19.30 20.66 21.38 21.64 21.31 22.11 21.83 19.92 18.92 20.40 19.57 18.22 19.68 21.51 21.61 21.10 23.38 23.11 22.07 23.34 24.24 23.34 22.38 24.58 24.53 20.92 15.78 15.67 17.28 19.46 21.16 24.04 23.32 23.61 23.99 24.08 22.20 21.26 21.64 21.54 21.54 21.54 24.87 24.87 24.87 24.87 24.87 24.87 24.87 24.87 24.87 24.87 23.77 23.77 23.77 99999.90 99999.90 99999.90 99999.90 99999.90 99999.90 99999.90 99999.90 99999.90 99999.90 99999.90 99999.90
24.81 24.71 24.42 23.29 21.40 18.64 18.37 18.35 17.56 18.03 19.75 20.12 21.24 22.64 22.00 23.20 22.46 22.42 20.50 19.40 19.36 19.83 20.93 21.64 21.08 21.32 22.26 23.24 22.79 22.56 23.59 22.83 22.33 23.67 24.74 22.54 18.90 15.71 17.77 19.69 21.31 23.58 23.35 23.84 23.24 23.71 24.02 23.24 21.13 20.26 20.26 24.87 24.87 24.87 24.87 24.87 24.87 24.87 24.87 24.87 24.87 23.77 23.77 23.77 23.77 99999.90 99999.90 99999.90 99999.90 99999.90 99999.90 99999.90 99999.90 99999.90 99999.90 99999.90 99999.90
24.69 24.66 24.22 24.58 23.23 19.62 18.22 19.23 18.48 17.52 18.85 19.98 21.25 22.15 22.70 23.55 23.70 22.91 20.60 18.15 19.42 21.43 22.91 22.94 21.79 22.26 23.02 23.23 23.79 22.92 22.96 24.21 23.84 23.50 23.97 21.53 20.64 18.18 18.76 18.55 20.09 19.91 22.10 23.57 23.80 23.40 25.25 24.39 22.25 22.39 25.20 24.87 24.87 24.87 24.87 24.87 24.87 24.87 24.87 22.37 23.77 23.77 23.77 23.77 23.77 99999.90 99999.90 99999.90 99999.90 99999.90 99999.90 99999.90 99999.90 99999.90 99999.90 99999.90 99999.90
24.01 25.41 25.28 25.38 22.97 20.15 18.71 18.22 18.15 17.60 18.59 19.60 20.54 21.31 22.11 24.21 23.94 23.17 20.79 18.69 20.27 21.09 22.54 23.87 23.92 23.66 21.74 21.68 23.77 24.08 21.44 21.80 22.45 23.41 22.45 22.95 21.35 20.18 17.84 19.05 20.72 20.75 21.58 22.63 21.44 22.35 22.73 21.62 23.84 25.08 25.13 23.28 23.28 23.28 23.28 23.28 23.28 22.37 22.37 23.77 23.77 23.77 23.77 23.77 23.77 99999.90 99999.90 99999.90 99999.90 99999.90 99999.90 99999.90 99999.90 99999.90 99999.90 99999.90 99999.90
23.98 24.64 25.27 25.74 24.32 22.08 19.30 17.76 17.92 17.68 17.69 18.16 19.57 20.84 21.57 23.18 23.29 21.72 21.13 20.10 19.26 21.05 22.36 22.42 22.81 23.77 23.42 22.15 22.25 20.48 21.83 22.73 21.81 20.32 19.42 20.39 21.86 21.80 18.76 20.09 17.69 18.49 22.00 22.68 24.19 23.46 21.14 21.65 21.20 24.24 24.56 23.76 23.76 23.76 23.76 22.37 22.37 22.37 23.77 23.77 23.77 23.77 23.77 23.77 23.77 22.38 99999.90 99999.90 99999.90 99999.90 99999.90 99999.90 99999.90 99999.90 99999.90 99999.90 99999.90
24.46 24.39 25.13 25.25 23.92 22.44 20.90 17.40 17.55 17.74 17.16 16.66 18.16 19.33 21.00 22.18 22.21 21.34 21.70 21.32 19.57 21.19 23.58 23.36 23.80 24.63 24.11 23.14 22.32 20.75 21.53 23.77 22.30 21.61 21.57 20.99 23.66 23.37 21.45 21.39 18.04 16.98 22.15 23.49 24.39 22.30 23.13 20.36 19.62 21.61 22.42 24.35 24.35 24.35 22.37 22.37 22.37 23.77 23.77 23.77 23.77 23.77 23.77 23.77 23.77 22.38 99999.90 99999.90 99999.90 99999.90 99999.90 99999.90 99999.90 99999.90 99999.90 99999.90 99999.90
25.18 23.89 24.55 24.36 23.99 22.47 21.32 18.72 17.00 18.71 17.62 15.91 16.55 18.12 19.70 21.90 22.44 22.09 21.17 21.39 21.20 23.14 23.24 23.72 23.47 23.26 23.49 23.85 22.98 22.59 22.81 21.96 20.97 21.21 23.08 22.01 24.28 22.53 20.21 21.35 20.72 19.95 21.33 23.65 24.35 22.57 22.46 20.42 18.69 21.16 19.04 19.92 19.92 22.37 22.37 22.37 23.77 23.77 23.77 23.77 23.77 23.77 23.77 23.77 23.77 22.38 99999.90 99999.90 99999.90 99999.90 99999.90 99999.90 99999.90 99999.90 99999.90 99999.90 99999.90
24.16 23.35 24.82 24.02 23.87 23.43 21.98 20.34 18.03 18.50 17.58 16.20 16.29 17.89 19.09 20.54 21.41 21.00 20.90 20.39 21.09 22.21 22.05 22.71 22.64 22.35 22.56 22.96 23.26 23.18 23.10 21.64 20.41 21.97 22.50 21.97 22.97 22.10 21.17 20.13 19.57 20.27 21.31 23.06 21.40 20.69 22.68 21.52 20.04 20.33 18.15 21.04 22.73 22.37 22.37 23.77 23.77 23.77 23.77 23.77 23.77 23.77 23.77 23.77 23.77 22.38 19.29 99999.90 99999.90 99999.90 99999.90 99999.90 99999.90 99999.90 99999.90 99999.90 99999.90
24.73 24.81 24.50 23.96 22.87 23.41 21.87 20.56 19.35 18.95 17.85 16.84 16.83 17.58 18.75 20.21 21.18 21.11 20.17 19.26 20.36 21.23 20.94 21.96 22.30 21.34 20.51 20.02 22.21 23.20 23.17 21.16 19.90 20.70 21.71 22.73 21.67 21.31 21.22 20.14 20.22 20.58 22.66 22.95 20.72 18.68 19.84 21.91 24.69 20.28 17.66 22.54 23.42 23.13 23.77 23.77 23.77 23.77 23.77 23.77 23.77 23.77 23.77 23.77 23.77 22.38 19.29 99999.90 99999.90 99999.90 99999.90 99999.90 99999.90 99999.90 99999.90 99999.90 99999.90
25.43 24.91 24.76 24.51 24.51 24.43 22.47 20.81 20.63 20.21 17.35 16.88 16.77 17.07 18.05 19.93 22.11 21.70 20.63 18.23 19.29 20.26 20.24 21.40 21.08 20.55 20.47 20.88 21.70 22.44 22.00 19.88 17.52 18.69 20.43 20.54 22.11 21.50 20.78 20.29 21.84 21.65 23.41 23.22 23.18 20.63 18.16 23.34 24.40 22.19 21.06 22.08 22.42 23.39 23.75 23.75 23.75 23.75 23.75 23.75 23.75 23.75 23.75 23.75 23.75 23.24 23.24 23.24 23.24 23.24 23.24 23.24 23.24 23.24 23.24 99999.90 99999.90
24.54 24.63 25.00 25.03 24.18 23.22 22.07 22.15 21.92 21.13 17.77 17.49 17.39 18.65 17.94 20.20 22.47 22.45 21.67 19.64 18.97 19.77 19.49 19.94 19.59 19.77 20.99 21.20 22.46 21.11 22.53 20.82 18.74 18.30 20.40 21.30 20.83 20.90 20.88 21.44 22.16 22.52 22.81 22.47 22.73 19.86 17.88 21.94 22.88 22.04 21.95 22.14 22.35 23.63 23.16 23.16 23.16 23.16 23.16 23.16 23.16 23.16 23.16 22.38 23.24 23.24 23.24 23.24 23.24 23.00 23.00 23.00 23.00 23.00 23.00 23.00 23.00
23.22 24.15 23.52 23.43 22.96 22.22 21.52 22.86 22.12 20.14 19.22 18.77 18.65 20.82 20.08 20.16 21.65 22.72 21.83 19.17 17.73 18.98 19.34 20.96 19.83 19.22 19.23 20.60 21.42 21.22 21.49 20.83 17.61 18.08 19.07 20.18 20.36 20.99 21.02 21.48 21.64 21.24 19.66 20.42 21.84 20.14 21.83 22.22 22.71 21.87 22.02 20.62 21.99 23.65 23.33 23.33 23.33 23.33 23.33 23.33 22.38 22.38 22.38 23.24 23.24 23.24 23.24 23.24 23.24 23.00 23.00 23.00 23.00 23.00 23.00 23.00 23.00
23.64 24.10 24.34 23.37 23.27 23.07 23.06 22.61 21.86 20.68 20.13 19.89 20.94 20.99 20.48 19.77 21.42 22.30 21.00 19.59 18.00 18.47 18.89 19.74 18.07 16.87 17.23 19.93 21.29 22.08 20.90 19.63 19.36 17.78 17.14 19.10 19.93 20.82 19.65 20.05 20.23 19.74 20.24 18.97 20.71 23.58 22.47 21.65 21.18 19.97 21.49 21.69 19.57 20.42 21.58 21.58 21.58 22.38 22.38 22.38 22.38 22.38 22.38 23.24 23.24 23.24 23.24 23.24 23.24 23.00 23.00 23.00 23.00 23.00 22.21 22.21 22.21
25.72 24.28 23.30 23.13 24.13 24.44 24.27 23.85 23.32 21.33 20.33 20.03 22.34 21.79 19.98 19.95 21.84 22.32 21.44 19.02 17.75 17.73 17.49 18.33 16.31 15.54 14.47 17.92 20.45 21.56 19.57 19.73 17.73 16.84 18.23 19.43 19.64 19.28 20.27 21.36 21.07 20.64 20.09 20.13 23.36 23.04 22.82 22.80 21.32 22.38 21.80 22.35 17.67 18.84 22.67 22.67 22.38 22.38 22.38 22.38 22.38 22.38 23.24 23.24 23.24 23.24 23.24 23.24 23.00 23.00 23.00 23.00 23.00 23.00 22.21 22.21 22.21
24.24 23.76 23.49 24.23 24.84 25.52 25.25 24.47 22.60 22.01 21.00 19.34 20.25 20.69 20.94 21.35 22.44 21.22 20.74 18.77 18.17 17.72 16.65 15.81 14.93 13.92 14.28 15.60 19.89 21.89 21.73 20.73 18.47 17.17 17.28 18.67 18.14 18.76 18.87 19.30 19.47 20.69 21.20 18.09 19.01 20.61 20.61 21.88 20.13 22.43 21.78 20.77 19.10 18.71 21.72 22.38 22.38 22.38 22.38 22.38 22.38 19.29 23.24 23.24 23.24 23.24 23.24 23.24 23.00 23.00 23.00 23.00 23.00 23.00 22.21 22.21 22.21
