main/data/irradiance/06.02.2023.grid
ncols 839
nrows 679
xllcenter 112.0500
yllcenter -43.9500
cellsize 0.0500
nodata_value 99999.90
[rows 68 to 101 of 679, columns 462 to 538 of 839]
24.93 26.32 25.63 26.17 27.42 26.79 27.98 28.11 28.53 28.61 28.59 28.39 28.38 28.31 28.42 28.34 28.34 28.34 26.90 26.90 26.90 26.90 26.90 26.90 26.90 28.28 28.31 28.31 28.31 28.52 28.52 28.52 28.52 28.52 28.52 28.52 28.52 27.57 27.57 27.57 27.57 27.57 27.57 27.57 27.57 99999.90 99999.90 99999.90 99999.90 99999.90 99999.90 99999.90 99999.90 99999.90 99999.90 99999.90 99999.90 99999.90 99999.90 99999.90 99999.90 99999.90 99999.90 99999.90 99999.90 99999.90 99999.90 99999.90 99999.90 99999.90 99999.90 99999.90 99999.90 99999.90 99999.90 99999.90 99999.90
26.13 26.68 26.09 26.19 25.82 26.48 27.86 27.65 28.34 28.54 28.55 28.55 28.50 28.30 28.30 28.34 28.34 28.34 26.90 26.90 26.90 26.90 26.90 26.90 26.90 26.90 28.11 28.11 28.52 28.52 28.52 28.52 28.52 28.52 28.52 28.52 27.57 27.57 27.57 27.57 27.57 27.57 27.57 27.57 27.57 99999.90 99999.90 99999.90 99999.90 99999.90 99999.90 99999.90 99999.90 99999.90 99999.90 99999.90 99999.90 99999.90 99999.90 99999.90 99999.90 99999.90 99999.90 99999.90 99999.90 99999.90 99999.90 99999.90 99999.90 99999.90 99999.90 99999.90 99999.90 99999.90 99999.90 99999.90 99999.90
25.80 26.70 27.05 27.18 27.49 27.16 26.88 26.32 27.20 28.29 28.35 28.54 28.48 28.34 28.34 28.34 28.62 28.34 26.90 26.90 26.90 26.90 26.90 26.90 27.64 28.11 28.11 28.11 28.11 28.52 28.52 28.52 28.52 28.52 28.52 28.52 27.57 27.57 27.57 27.57 27.57 27.57 27.57 27.57 27.57 99999.90 99999.90 99999.90 99999.90 99999.90 99999.90 99999.90 99999.90 99999.90 99999.90 99999.90 99999.90 99999.90 99999.90 99999.90 99999.90 99999.90 99999.90 99999.90 99999.90 99999.90 99999.90 99999.90 99999.90 99999.90 99999.90 99999.90 99999.90 99999.90 99999.90 99999.90 99999.90
26.83 26.53 27.14 27.70 27.50 27.31 26.41 26.43 26.78 27.11 28.12 28.46 28.52 28.58 28.58 28.62 28.62 28.23 28.23 27.64 27.64 27.64 27.64 27.64 27.64 28.11 28.11 28.11 28.11 28.52 28.52 28.52 28.52 28.52 28.52 27.57 27.57 27.57 27.57 27.57 27.57 27.57 27.57 27.57 27.57 99999.90 99999.90 99999.90 99999.90 99999.90 99999.90 99999.90 99999.90 99999.90 99999.90 99999.90 99999.90 99999.90 99999.90 99999.90 99999.90 99999.90 99999.90 99999.90 99999.90 99999.90 99999.90 99999.90 99999.90 99999.90 99999.90 99999.90 99999.90 99999.90 99999.90 99999.90 99999.90
26.22 25.91 26.81 27.53 27.70 27.27 27.16 27.37 26.94 25.52 27.09 28.07 28.41 28.46 28.62 28.62 28.62 28.23 28.23 27.64 27.64 27.64 27.64 27.64 27.64 28.11 28.11 28.11 28.11 28.52 28.52 28.52 28.52 28.52 27.57 27.57 27.57 27.57 27.57 27.57 27.57 27.57 27.57 27.57 27.57 99999.90 99999.90 99999.90 99999.90 99999.90 99999.90 99999.90 99999.90 99999.90 99999.90 99999.90 99999.90 99999.90 99999.90 99999.90 99999.90 99999.90 99999.90 99999.90 99999.90 99999.90 99999.90 99999.90 99999.90 99999.90 99999.90 99999.90 99999.90 99999.90 99999.90 99999.90 99999.90
27.81 27.82 27.14 26.96 27.87 27.90 27.84 27.67 27.49 26.35 25.86 28.29 28.26 28.50 28.55 28.55 28.23 28.23 28.23 27.64 27.64 27.64 27.64 27.64 27.64 28.11 28.11 28.11 28.11 27.78 28.52 28.52 28.52 28.52 27.57 27.57 27.57 27.57 27.57 27.57 27.57 27.57 27.57 27.57 27.57 99999.90 99999.90 99999.90 99999.90 99999.90 99999.90 99999.90 99999.90 99999.90 99999.90 99999.90 99999.90 99999.90 99999.90 99999.90 99999.90 99999.90 99999.90 99999.90 99999.90 99999.90 99999.90 99999.90 99999.90 99999.90 99999.90 99999.90 99999.90 99999.90 99999.90 99999.90 99999.90
28.27 28.32 27.94 27.79 26.64 27.70 28.26 28.55 28.48 28.31 28.01 28.26 28.23 28.36 28.55 28.55 28.23 28.23 28.23 28.23 26.63 26.63 26.63 26.63 26.63 28.11 28.11 28.11 28.11 27.78 27.78 28.52 28.52 27.57 27.57 27.57 27.57 27.57 27.57 27.57 27.57 27.57 27.57 27.57 27.57 28.48 99999.90 99999.90 99999.90 99999.90 99999.90 99999.90 99999.90 99999.90 99999.90 99999.90 99999.90 99999.90 99999.90 99999.90 99999.90 99999.90 99999.90 99999.90 99999.90 99999.90 99999.90 99999.90 99999.90 99999.90 99999.90 99999.90 99999.90 99999.90 99999.90 99999.90 99999.90
26.79 26.94 26.97 27.86 28.14 27.72 27.66 27.92 28.62 28.62 28.58 28.59 28.46 28.19 28.46 28.50 28.25 28.23 28.23 28.23 26.63 26.63 26.63 26.63 26.26 28.11 28.11 28.11 28.44 27.73 27.73 27.73 28.35 27.57 27.57 27.57 27.57 27.57 27.57 27.57 27.57 27.57 27.57 27.57 27.57 28.48 99999.90 99999.90 99999.90 99999.90 99999.90 99999.90 99999.90 99999.90 99999.90 99999.90 99999.90 99999.90 99999.90 99999.90 99999.90 99999.90 99999.90 99999.90 99999.90 99999.90 99999.90 99999.90 99999.90 99999.90 99999.90 99999.90 99999.90 99999.90 99999.90 99999.90 99999.90
25.51 26.95 26.99 26.83 27.83 26.97 25.80 25.62 27.54 28.35 28.51 28.53 28.42 28.32 28.15 28.43 28.49 28.49 28.49 28.23 26.63 26.63 26.63 26.63 26.26 26.26 28.45 28.45 28.44 27.57 27.67 28.35 28.35 27.61 27.61 27.61 27.61 27.61 27.61 27.61 27.61 27.61 27.61 27.61 27.61 28.48 99999.90 99999.90 99999.90 99999.90 99999.90 99999.90 99999.90 99999.90 99999.90 99999.90 99999.90 99999.90 99999.90 99999.90 99999.90 99999.90 99999.90 99999.90 99999.90 99999.90 99999.90 99999.90 99999.90 99999.90 99999.90 99999.90 99999.90 99999.90 99999.90 99999.90 99999.90
26.56 27.14 27.48 27.76 27.48 26.98 26.38 25.66 26.67 27.57 28.57 28.52 28.52 28.51 28.56 28.52 28.52 28.52 28.52 28.52 26.63 26.63 26.63 26.26 26.26 26.26 26.26 27.34 27.61 27.60 28.16 27.55 27.59 27.59 27.61 27.61 27.61 27.61 27.61 27.61 27.61 27.61 27.61 27.61 27.61 28.48 99999.90 99999.90 99999.90 99999.90 99999.90 99999.90 99999.90 99999.90 99999.90 99999.90 99999.90 99999.90 99999.90 99999.90 99999.90 99999.90 99999.90 99999.90 99999.90 99999.90 99999.90 99999.90 99999.90 99999.90 99999.90 99999.90 99999.90 99999.90 99999.90 99999.90 99999.90
27.45 27.96 27.00 26.89 27.20 27.95 26.62 26.11 26.17 26.35 28.47 28.50 28.46 28.56 28.56 28.55 28.52 28.52 28.52 28.52 26.63 26.63 27.15 27.15 27.15 27.15 27.15 26.47 26.83 28.19 28.21 28.30 27.59 27.59 27.59 27.61 27.61 27.61 27.61 27.61 27.61 27.61 27.61 27.61 27.61 28.48 99999.90 99999.90 99999.90 99999.90 99999.90 99999.90 99999.90 99999.90 99999.90 99999.90 99999.90 99999.90 99999.90 99999.90 99999.90 99999.90 99999.90 99999.90 99999.90 99999.90 99999.90 99999.90 99999.90 99999.90 99999.90 99999.90 99999.90 99999.90 99999.90 99999.90 99999.90
27.33 27.68 26.66 27.00 27.76 27.21 27.12 26.50 27.31 27.41 28.58 28.56 28.59 28.56 28.51 28.55 28.55 28.52 28.52 28.52 28.52 26.63 27.79 27.79 27.79 27.79 27.79 26.62 25.79 27.75 28.45 28.22 28.22 27.59 27.59 27.59 27.61 27.61 27.61 27.61 27.61 27.61 27.61 28.48 28.48 28.48 99999.90 99999.90 99999.90 99999.90 99999.90 99999.90 99999.90 99999.90 99999.90 99999.90 99999.90 99999.90 99999.90 99999.90 99999.90 99999.90 99999.90 99999.90 99999.90 99999.90 99999.90 99999.90 99999.90 99999.90 99999.90 99999.90 99999.90 99999.90 99999.90 99999.90 99999.90
26.51 27.35 27.86 27.69 28.19 27.58 27.12 27.14 28.03 28.59 28.57 28.60 28.58 28.57 28.58 28.58 28.58 28.55 28.52 28.52 28.52 28.40 28.40 28.40 28.40 28.40 28.40 27.26 25.14 27.17 28.12 28.17 28.17 28.17 28.17 27.59 28.48 28.48 28.48 28.48 28.48 28.48 28.48 28.48 28.48 28.48 99999.90 99999.90 99999.90 99999.90 99999.90 99999.90 99999.90 99999.90 99999.90 99999.90 99999.90 99999.90 99999.90 99999.90 99999.90 99999.90 99999.90 99999.90 99999.90 99999.90 99999.90 99999.90 99999.90 99999.90 99999.90 99999.90 99999.90 99999.90 99999.90 99999.90 99999.90
26.03 26.26 26.80 26.88 27.72 27.91 27.45 27.78 28.35 28.59 28.63 28.57 28.62 28.55 28.60 28.60 28.60 28.60 28.60 28.52 28.52 28.50 28.50 28.50 28.50 28.50 28.50 27.22 25.90 27.04 28.19 28.17 28.17 28.61 28.61 28.61 28.48 28.48 28.48 28.48 28.48 28.48 28.48 28.48 28.48 28.48 99999.90 99999.90 99999.90 99999.90 99999.90 99999.90 99999.90 99999.90 99999.90 99999.90 99999.90 99999.90 99999.90 99999.90 99999.90 99999.90 99999.90 99999.90 99999.90 99999.90 99999.90 99999.90 99999.90 99999.90 99999.90 99999.90 99999.90 99999.90 99999.90 99999.90 99999.90
26.77 25.62 26.53 27.03 27.41 27.18 28.01 28.34 28.55 28.61 28.65 28.64 28.62 28.55 28.61 28.61 28.61 28.61 28.61 28.61 28.61 28.59 28.59 28.59 28.59 28.59 28.59 28.21 27.87 27.86 27.77 27.77 27.96 28.61 28.61 28.48 28.48 28.48 28.48 28.48 28.48 28.48 28.48 28.48 28.48 28.48 99999.90 99999.90 99999.90 99999.90 99999.90 99999.90 99999.90 99999.90 99999.90 99999.90 99999.90 99999.90 99999.90 99999.90 99999.90 99999.90 99999.90 99999.90 99999.90 99999.90 99999.90 99999.90 99999.90 99999.90 99999.90 99999.90 99999.90 99999.90 99999.90 99999.90 99999.90
26.64 26.44 26.03 26.66 26.24 28.10 28.37 28.36 28.64 28.66 28.65 28.66 28.63 28.67 28.61 28.61 28.61 28.61 28.61 28.61 28.48 28.48 28.48 28.48 28.48 28.48 28.48 28.04 28.13 28.64 28.40 27.96 27.96 28.61 28.61 28.48 28.48 28.48 28.48 28.48 28.48 28.48 28.48 28.48 28.48 28.48 99999.90 99999.90 99999.90 99999.90 99999.90 99999.90 99999.90 99999.90 99999.90 99999.90 99999.90 99999.90 99999.90 99999.90 99999.90 99999.90 99999.90 99999.90 99999.90 99999.90 99999.90 99999.90 99999.90 99999.90 99999.90 99999.90 99999.90 99999.90 99999.90 99999.90 99999.90
26.08 26.61 26.26 26.98 27.52 27.91 28.17 28.39 28.65 28.64 28.65 28.68 28.63 28.67 28.67 28.61 28.61 28.61 28.61 28.61 28.48 28.48 28.48 28.48 28.48 28.48 28.48 28.04 28.13 28.65 28.61 28.60 28.10 27.97 28.56 28.48 28.48 28.48 28.48 28.48 28.48 28.48 28.48 28.48 28.48 28.48 99999.90 99999.90 99999.90 99999.90 99999.90 99999.90 99999.90 99999.90 99999.90 99999.90 99999.90 99999.90 99999.90 99999.90 99999.90 99999.90 99999.90 99999.90 99999.90 99999.90 99999.90 99999.90 99999.90 99999.90 99999.90 99999.90 99999.90 99999.90 99999.90 99999.90 99999.90
26.67 26.74 26.94 27.45 27.57 28.18 28.49 28.66 28.65 28.63 28.65 28.68 28.68 28.67 28.67 28.67 28.61 28.61 28.61 28.61 28.48 28.48 28.48 28.48 28.48 28.48 28.48 28.04 28.65 28.65 28.61 28.60 28.10 27.97 28.56 28.48 28.48 28.48 28.48 28.48 28.48 28.48 28.48 28.48 28.48 28.48 99999.90 99999.90 99999.90 99999.90 99999.90 99999.90 99999.90 99999.90 99999.90 99999.90 99999.90 99999.90 99999.90 99999.90 99999.90 99999.90 99999.90 99999.90 99999.90 99999.90 99999.90 99999.90 99999.90 99999.90 99999.90 99999.90 99999.90 99999.90 99999.90 99999.90 99999.90
27.58 26.78 26.41 27.14 28.05 28.06 28.38 28.69 28.67 28.64 28.63 28.68 28.68 28.68 28.67 28.67 28.67 28.61 28.61 28.61 28.48 28.48 28.48 28.48 28.48 28.48 28.48 28.65 28.65 28.65 28.61 28.60 28.10 27.97 28.56 28.48 28.48 28.48 28.48 28.48 28.48 28.48 28.48 28.48 28.48 28.48 99999.90 99999.90 99999.90 99999.90 99999.90 99999.90 99999.90 99999.90 99999.90 99999.90 99999.90 99999.90 99999.90 99999.90 99999.90 99999.90 99999.90 99999.90 99999.90 99999.90 99999.90 99999.90 99999.90 99999.90 99999.90 99999.90 99999.90 99999.90 99999.90 99999.90 99999.90
28.53 28.22 27.89 27.80 27.70 28.50 28.70 28.70 28.69 28.66 28.67 28.67 28.67 28.68 28.68 28.67 28.67 28.67 28.61 28.61 28.48 28.48 28.48 28.48 28.48 28.48 28.48 28.65 28.65 28.65 28.61 28.60 28.10 27.97 28.56 28.48 28.48 28.48 28.48 28.48 28.48 28.48 28.48 28.48 28.48 28.48 99999.90 99999.90 99999.90 99999.90 99999.90 99999.90 99999.90 99999.90 99999.90 99999.90 99999.90 99999.90 99999.90 99999.90 99999.90 99999.90 99999.90 99999.90 99999.90 99999.90 99999.90 99999.90 99999.90 99999.90 99999.90 99999.90 99999.90 99999.90 99999.90 99999.90 99999.90
28.72 28.74 28.53 28.47 27.69 28.22 28.51 28.71 28.69 28.66 28.67 28.67 28.67 28.67 28.67 28.68 28.67 28.67 28.67 28.61 28.48 28.48 28.48 28.48 28.48 28.48 28.48 28.65 28.65 28.65 28.61 28.60 28.10 27.97 28.56 28.48 28.48 28.48 28.48 28.48 28.48 28.48 28.48 28.48 28.48 28.48 99999.90 99999.90 99999.90 99999.90 99999.90 99999.90 99999.90 99999.90 99999.90 99999.90 99999.90 99999.90 99999.90 99999.90 99999.90 99999.90 99999.90 99999.90 99999.90 99999.90 99999.90 99999.90 99999.90 99999.90 99999.90 99999.90 99999.90 99999.90 99999.90 99999.90 99999.90
28.73 28.70 28.72 28.65 28.16 28.20 28.69 28.71 28.77 28.77 28.67 28.67 28.67 28.67 28.67 28.67 28.67 28.67 28.67 28.67 28.48 28.48 28.48 28.48 28.48 28.48 28.65 28.65 28.65 28.65 28.61 28.60 28.10 27.97 28.56 28.48 28.48 28.48 28.48 28.48 28.48 28.48 28.48 28.48 28.48 28.48 99999.90 99999.90 99999.90 99999.90 99999.90 99999.90 99999.90 99999.90 99999.90 99999.90 99999.90 99999.90 99999.90 99999.90 99999.90 99999.90 99999.90 99999.90 99999.90 99999.90 99999.90 99999.90 99999.90 99999.90 99999.90 99999.90 99999.90 99999.90 99999.90 99999.90 99999.90
28.78 28.73 28.79 28.75 28.72 28.50 28.70 28.71 28.77 28.77 28.77 28.67 28.67 28.67 28.67 28.67 28.67 28.67 28.67 28.67 28.48 28.48 28.48 28.48 28.48 28.48 28.65 28.65 28.65 28.65 28.61 28.60 28.10 27.97 28.56 28.48 28.48 28.48 28.48 28.48 28.48 28.48 28.48 28.48 28.48 28.48 99999.90 99999.90 99999.90 99999.90 99999.90 99999.90 99999.90 99999.90 99999.90 99999.90 99999.90 99999.90 99999.90 99999.90 99999.90 99999.90 99999.90 99999.90 99999.90 99999.90 99999.90 99999.90 99999.90 99999.90 99999.90 99999.90 99999.90 99999.90 99999.90 99999.90 99999.90
28.77 28.79 28.81 28.78 28.74 28.73 28.72 28.71 28.71 28.71 28.77 28.77 28.67 28.67 28.67 28.67 28.67 28.67 28.67 28.67 28.48 28.48 28.48 28.48 28.48 28.48 28.65 28.65 28.65 28.65 28.61 28.60 28.10 27.97 28.56 28.48 28.48 28.48 28.48 28.48 28.48 28.48 28.48 28.48 28.48 28.48 99999.90 99999.90 99999.90 99999.90 99999.90 99999.90 99999.90 99999.90 99999.90 99999.90 99999.90 99999.90 99999.90 99999.90 99999.90 99999.90 99999.90 99999.90 99999.90 99999.90 99999.90 99999.90 99999.90 99999.90 99999.90 99999.90 99999.90 99999.90 99999.90 99999.90 99999.90
28.81 28.89 28.81 28.81 28.76 28.80 28.78 28.74 28.74 28.74 28.74 28.74 28.77 28.67 28.67 28.67 28.67 28.67 28.67 28.67 28.48 28.48 28.48 28.48 28.48 28.65 28.65 28.65 28.65 28.65 28.61 28.60 28.10 27.97 28.56 28.48 28.48 28.48 28.48 28.48 28.48 28.48 28.48 28.48 28.48 28.48 99999.90 99999.90 99999.90 99999.90 99999.90 99999.90 99999.90 99999.90 99999.90 99999.90 99999.90 99999.90 99999.90 99999.90 99999.90 99999.90 99999.90 99999.90 99999.90 99999.90 99999.90 99999.90 99999.90 99999.90 99999.90 99999.90 99999.90 99999.90 99999.90 99999.90 99999.90
28.84 28.90 28.78 28.71 28.72 28.74 28.78 28.74 28.74 28.74 28.74 28.74 28.74 28.74 28.74 28.67 28.67 28.67 28.67 28.67 28.48 28.48 28.48 28.48 28.48 28.65 28.65 28.65 28.65 28.65 28.61 28.60 28.10 27.97 28.56 28.48 28.48 28.48 28.48 28.48 28.48 28.48 28.48 28.48 28.48 28.48 99999.90 99999.90 99999.90 99999.90 99999.90 99999.90 99999.90 99999.90 99999.90 99999.90 99999.90 99999.90 99999.90 99999.90 99999.90 99999.90 99999.90 99999.90 99999.90 99999.90 99999.90 99999.90 99999.90 99999.90 99999.90 99999.90 99999.90 99999.90 99999.90 99999.90 99999.90
28.79 28.82 28.74 28.72 28.75 28.74 28.74 28.74 28.74 28.74 28.74 28.74 28.74 28.74 28.74 28.74 28.79 28.79 28.79 28.79 28.79 28.79 28.65 28.65 28.65 28.65 28.65 28.65 28.65 28.65 28.61 28.60 28.10 27.97 28.56 28.48 28.48 28.48 28.48 28.48 28.48 28.48 28.48 28.48 28.48 28.48 99999.90 99999.90 99999.90 99999.90 99999.90 99999.90 99999.90 99999.90 99999.90 99999.90 99999.90 99999.90 99999.90 99999.90 99999.90 99999.90 99999.90 99999.90 99999.90 99999.90 99999.90 99999.90 99999.90 99999.90 99999.90 99999.90 99999.90 99999.90 99999.90 99999.90 99999.90
28.76 28.69 28.69 28.73 28.72 28.72 28.72 28.74 28.74 28.74 28.74 28.74 28.74 28.74 28.78 28.79 28.79 28.79 28.79 28.79 28.79 28.79 28.79 28.79 28.79 28.79 28.79 99999.90 99999.90 99999.90 99999.90 99999.90 99999.90 99999.90 99999.90 99999.90 99999.90 99999.90 99999.90 99999.90 99999.90 99999.90 99999.90 99999.90 99999.90 99999.90 99999.90 99999.90 99999.90 99999.90 99999.90 99999.90 99999.90 99999.90 99999.90 99999.90 99999.90 99999.90 99999.90 99999.90 99999.90 99999.90 99999.90 99999.90 99999.90 99999.90 99999.90 99999.90 99999.90 99999.90 99999.90 99999.90 99999.90 99999.90 99999.90 99999.90 99999.90
28.73 28.71 28.69 28.76 28.72 28.72 28.73 28.73 28.73 28.73 28.77 28.77 28.78 28.78 28.79 28.79 28.79 28.79 28.79 28.79 28.79 28.79 28.79 28.82 28.82 28.82 28.82 28.82 28.82 99999.90 99999.90 99999.90 99999.90 99999.90 99999.90 99999.90 99999.90 99999.90 99999.90 99999.90 99999.90 99999.90 99999.90 99999.90 99999.90 99999.90 99999.90 99999.90 99999.90 99999.90 99999.90 99999.90 99999.90 99999.90 99999.90 99999.90 99999.90 99999.90 99999.90 99999.90 99999.90 99999.90 99999.90 99999.90 99999.90 99999.90 99999.90 99999.90 99999.90 99999.90 99999.90 99999.90 99999.90 99999.90 99999.90 99999.90 99999.90
28.74 28.73 28.71 28.75 28.80 28.73 28.73 28.73 28.80 28.77 28.77 28.78 28.78 28.78 28.79 28.79 28.79 28.79 28.79 28.79 28.79 28.79 28.82 28.82 28.82 28.82 28.82 28.82 28.82 28.76 99999.90 99999.90 99999.90 99999.90 99999.90 99999.90 99999.90 99999.90 99999.90 99999.90 99999.90 99999.90 99999.90 99999.90 99999.90 99999.90 99999.90 99999.90 99999.90 99999.90 99999.90 99999.90 99999.90 99999.90 99999.90 99999.90 99999.90 99999.90 99999.90 99999.90 99999.90 99999.90 99999.90 99999.90 99999.90 99999.90 99999.90 99999.90 99999.90 99999.90 99999.90 99999.90 99999.90 99999.90 99999.90 99999.90 99999.90
28.71 28.72 28.70 28.75 28.83 28.77 28.77 28.80 28.77 28.77 28.77 28.78 28.78 28.79 28.79 28.79 28.79 28.79 28.79 28.79 28.79 28.79 28.82 28.82 28.82 28.82 28.83 28.83 28.83 28.83 28.83 28.83 99999.90 99999.90 99999.90 99999.90 99999.90 99999.90 99999.90 99999.90 99999.90 99999.90 99999.90 99999.90 99999.90 99999.90 99999.90 99999.90 99999.90 99999.90 99999.90 99999.90 99999.90 99999.90 99999.90 99999.90 99999.90 99999.90 99999.90 99999.90 99999.90 99999.90 99999.90 99999.90 99999.90 99999.90 99999.90 99999.90 99999.90 99999.90 99999.90 99999.90 99999.90 99999.90 99999.90 99999.90 99999.90
28.66 28.70 28.71 28.75 28.80 28.75 28.80 28.80 28.77 28.77 28.78 28.78 28.78 28.79 28.79 28.79 28.79 28.79 28.79 28.79 28.79 28.82 28.82 28.82 28.82 28.83 28.83 28.83 28.83 28.83 28.83 28.83 99999.90 99999.90 99999.90 99999.90 99999.90 99999.90 99999.90 99999.90 99999.90 99999.90 99999.90 99999.90 99999.90 99999.90 99999.90 99999.90 99999.90 99999.90 99999.90 99999.90 99999.90 99999.90 99999.90 99999.90 99999.90 99999.90 99999.90 99999.90 99999.90 99999.90 99999.90 99999.90 99999.90 99999.90 99999.90 99999.90 99999.90 99999.90 99999.90 99999.90 99999.90 99999.90 99999.90 99999.90 99999.90
28.73 28.73 28.74 28.71 28.69 28.72 28.76 28.79 28.77 28.77 28.78 28.78 28.79 28.79 28.79 28.79 28.79 28.79 28.79 28.79 28.82 28.82 28.82 28.82 28.82 28.83 28.83 28.83 28.83 28.83 28.83 28.83 99999.90 99999.90 99999.90 99999.90 99999.90 99999.90 99999.90 99999.90 99999.90 99999.90 99999.90 99999.90 99999.90 99999.90 99999.90 99999.90 99999.90 99999.90 99999.90 99999.90 99999.90 99999.90 99999.90 99999.90 99999.90 99999.90 99999.90 99999.90 99999.90 99999.90 99999.90 99999.90 99999.90 99999.90 99999.90 99999.90 99999.90 99999.90 99999.90 99999.90 99999.90 99999.90 99999.90 99999.90 99999.90
28.77 28.72 28.77 28.72 28.72 28.74 28.73 28.75 28.77 28.76 28.78 28.78 28.79 28.79 28.79 28.73 28.79 28.79 28.79 28.79 28.82 28.82 28.82 28.82 28.83 28.83 28.83 28.83 28.83 28.77 28.77 28.77 28.75 28.75 28.75 28.75 28.75 28.75 28.75 28.75 28.75 28.75 28.75 28.75 28.75 99999.90 99999.90 99999.90 99999.90 99999.90 99999.90 99999.90 99999.90 99999.90 99999.90 99999.90 99999.90 99999.90 99999.90 99999.90 99999.90 99999.90 99999.90 99999.90 99999.90 99999.90 99999.90 99999.90 99999.90 99999.90 99999.90 99999.90 99999.90 99999.90 99999.90 99999.90 99999.90
