main/data/irradiance/06.09.2023.grid
ncols 839
nrows 679
xllcenter 112.0500
yllcenter -43.9500
cellsize 0.0500
nodata_value 99999.90
[rows 306 to 339 of 679, columns 308 to 384 of 839]
21.26 21.25 21.18 21.28 21.27 21.29 21.25 21.21 21.18 21.11 21.09 21.15 21.21 21.27 21.24 21.18 21.17 21.17 21.22 21.28 21.32 21.35 21.33 21.28 21.25 21.32 21.26 21.23 21.25 21.19 21.19 21.23 21.20 21.31 21.34 21.37 21.37 21.39 21.35 21.40 21.44 21.48 21.45 21.42 21.43 21.46 21.41 21.39 21.35 21.40 21.41 21.49 21.53 21.47 21.44 21.45 21.37 21.35 21.38 21.37 21.42 21.46 21.46 21.41 21.41 21.38 21.39 21.37 21.37 21.34 21.38 21.42 21.41 21.43 21.50 21.50 21.44
21.27 21.25 21.20 21.20 21.22 21.24 21.22 21.17 21.16 21.18 21.20 21.15 21.17 21.27 21.20 21.16 21.16 21.25 21.21 21.30 21.29 21.29 21.27 21.30 21.19 21.08 21.15 21.12 21.14 21.11 21.18 21.19 21.22 21.34 21.36 21.44 21.34 21.36 21.36 21.37 21.40 21.38 21.34 21.32 21.37 21.46 21.32 21.33 21.38 21.40 21.46 21.44 21.43 21.44 21.39 21.32 21.35 21.33 21.39 21.36 21.39 21.42 21.51 21.44 21.46 21.41 21.41 21.37 21.36 21.34 21.36 21.34 21.39 21.41 21.43 21.52 21.48
21.17 21.17 21.18 21.16 21.17 21.20 21.15 21.15 21.16 21.14 21.14 21.10 21.11 21.13 21.13 21.14 21.13 21.26 21.28 21.30 21.21 21.26 21.29 21.24 20.68 20.85 21.12 21.11 21.08 21.12 21.18 21.27 21.22 21.30 21.36 21.39 21.41 21.36 21.36 21.38 21.38 21.35 21.35 21.37 21.39 21.41 21.38 21.41 21.36 21.44 21.41 21.36 21.38 21.41 21.36 21.30 21.32 21.39 21.42 21.34 21.37 21.45 21.42 21.39 21.40 21.46 21.47 21.44 21.33 21.33 21.33 21.33 21.36 21.35 21.33 21.43 21.45
21.22 21.19 21.20 21.14 21.16 21.16 21.16 21.16 21.17 21.18 21.17 21.14 21.18 21.19 21.12 21.14 21.11 21.15 21.22 21.25 21.16 21.14 21.21 21.18 21.14 21.22 21.17 21.10 21.13 21.10 21.12 21.20 21.22 21.25 21.31 21.37 21.35 21.36 21.36 21.35 21.34 21.32 21.34 21.36 21.39 21.41 21.40 21.41 21.38 21.43 21.40 21.36 21.38 21.38 21.40 21.46 21.42 21.42 21.33 21.33 21.35 21.27 21.35 21.43 21.49 21.51 21.42 21.37 21.38 21.36 21.33 21.37 21.37 21.38 21.40 21.42 21.43
21.17 21.20 21.16 21.13 21.17 21.24 21.23 21.20 21.22 21.17 21.19 21.11 21.15 21.20 21.14 21.20 21.16 21.17 21.13 21.08 21.09 21.08 21.09 21.12 21.19 21.23 21.26 21.25 21.16 21.14 21.22 21.20 21.22 21.23 21.18 21.28 21.27 21.26 21.24 21.27 21.29 21.32 21.34 21.36 21.40 21.40 21.38 21.41 21.36 21.33 21.36 21.35 21.31 21.33 21.37 21.41 21.36 21.35 21.38 21.34 21.31 21.28 21.34 21.33 21.46 21.51 21.47 21.38 21.32 21.28 21.31 21.33 21.32 21.35 21.36 21.41 21.39
21.18 21.20 21.20 21.17 21.13 21.20 21.20 21.12 21.13 21.13 21.12 21.16 21.07 21.07 21.09 21.22 21.16 21.16 21.17 21.14 21.12 21.09 21.10 21.18 21.20 21.18 21.22 21.15 21.08 21.22 21.20 21.19 21.13 21.10 21.17 21.20 21.22 21.17 21.18 21.22 21.22 21.28 21.31 21.30 21.36 21.37 21.35 21.40 21.36 21.38 21.28 21.31 21.37 21.37 21.32 21.43 21.34 21.35 21.37 21.34 21.31 21.26 21.35 21.30 21.41 21.38 21.42 21.38 21.39 21.38 21.32 21.29 21.28 21.29 21.32 21.37 21.37
21.19 21.19 21.18 21.16 21.16 21.14 21.15 21.15 21.14 21.11 21.11 21.08 21.04 21.02 21.03 21.07 21.12 21.08 21.09 21.13 21.09 21.08 21.17 21.21 21.20 21.19 21.12 21.12 21.09 21.17 21.19 21.17 21.16 21.14 21.20 21.18 21.21 21.18 21.19 21.23 21.24 21.29 21.29 21.30 21.30 21.31 21.35 21.33 21.34 21.35 21.27 21.21 21.29 21.30 21.35 21.39 21.26 21.35 21.35 21.36 21.35 21.34 21.31 21.33 21.35 21.30 21.42 21.39 21.32 21.32 21.31 21.31 21.28 21.28 21.27 21.27 21.31
21.16 21.16 21.21 21.19 21.17 21.15 21.14 21.15 21.16 21.09 21.10 21.05 21.04 21.08 21.00 21.04 21.06 21.03 21.04 21.05 21.04 21.08 21.13 21.11 21.14 21.10 21.14 21.19 21.09 21.18 21.13 21.14 21.12 21.13 21.18 21.18 21.21 21.24 21.27 21.24 21.26 21.26 21.27 21.27 21.24 21.25 21.29 21.29 21.30 21.29 21.19 21.20 21.21 21.25 21.26 21.28 21.28 21.30 21.32 21.34 21.34 21.31 21.24 21.25 21.27 21.29 21.33 21.35 21.32 21.30 21.27 21.29 21.27 21.28 21.32 21.29 21.27
21.18 21.17 21.16 21.17 21.17 21.15 21.18 21.20 21.23 21.18 21.08 21.02 21.04 21.06 21.05 21.13 21.09 21.08 21.11 21.01 21.02 21.13 21.21 21.09 21.07 21.12 21.17 21.21 21.21 21.20 21.18 21.19 21.15 21.13 21.17 21.18 21.19 21.21 21.29 21.31 21.26 21.25 21.22 21.21 21.22 21.22 21.22 21.21 21.23 21.23 21.21 21.20 21.20 21.21 21.18 21.23 21.23 21.26 21.31 21.34 21.39 21.34 21.38 21.30 21.27 21.29 21.31 21.32 21.25 21.23 21.27 21.27 21.25 21.26 21.26 21.29 21.26
21.23 21.26 21.23 21.14 21.19 21.13 21.14 21.10 21.16 21.14 21.13 21.12 21.04 21.04 21.07 21.22 21.20 21.11 21.01 21.02 20.98 21.11 21.10 21.11 21.17 21.21 21.18 21.18 21.20 21.16 21.15 21.16 21.20 21.19 21.24 21.23 21.33 21.31 21.28 21.27 21.32 21.29 21.20 21.16 21.21 21.23 21.21 21.16 21.23 21.25 21.24 21.24 21.19 21.21 21.17 21.24 21.24 21.27 21.29 21.24 21.24 21.26 21.36 21.29 21.26 21.30 21.32 21.30 21.27 21.27 21.25 21.28 21.22 21.26 21.23 21.27 21.24
21.20 21.22 21.20 21.17 21.13 21.15 21.11 21.11 21.11 21.12 21.09 21.09 21.07 21.09 21.10 21.18 21.20 21.13 21.08 21.01 20.95 21.05 21.12 21.16 21.17 21.13 21.14 21.13 21.16 21.12 21.10 21.14 21.26 21.30 21.27 21.27 21.28 21.26 21.20 21.19 21.20 21.22 21.20 21.15 21.17 21.22 21.23 21.20 21.22 21.22 21.22 21.25 21.25 21.21 21.18 21.18 21.21 21.24 21.19 21.15 21.18 21.20 21.30 21.29 21.29 21.30 21.26 21.31 21.32 21.28 21.24 21.28 21.31 21.28 21.25 21.26 21.26
21.15 21.19 21.20 21.19 21.13 21.15 21.13 21.12 21.12 21.12 21.10 21.12 21.12 21.13 21.12 21.13 21.07 21.01 20.99 20.98 21.01 20.97 21.06 21.11 21.08 21.12 21.15 21.16 21.18 21.15 21.14 21.11 21.12 21.23 21.26 21.25 21.16 21.20 21.20 21.18 21.19 21.18 21.15 21.14 21.17 21.14 21.15 21.22 21.23 21.23 21.24 21.23 21.27 21.24 21.16 21.15 21.14 21.15 21.15 21.12 21.13 21.13 21.20 21.24 21.20 21.21 21.26 21.29 21.28 21.23 21.24 21.31 21.25 21.25 21.26 21.24 21.25
21.10 21.14 21.18 21.22 21.13 21.11 21.10 21.11 21.13 21.12 21.13 21.14 21.15 21.13 21.09 21.04 21.02 21.00 20.96 20.96 21.01 21.01 21.04 20.97 20.93 21.02 21.07 21.13 21.10 21.11 21.18 21.19 21.17 21.20 21.19 21.25 21.23 21.17 21.15 21.16 21.17 21.16 21.12 21.17 21.14 21.12 21.16 21.18 21.19 21.17 21.18 21.18 21.19 21.26 21.21 21.18 21.13 21.12 21.13 21.13 21.10 21.13 21.15 21.16 21.18 21.24 21.28 21.31 21.27 21.28 21.28 21.31 21.27 21.25 21.23 21.21 21.18
21.05 21.11 21.15 21.16 21.12 21.10 21.11 21.12 21.08 21.12 21.13 21.15 21.17 21.11 21.05 21.05 21.07 21.03 20.99 20.97 21.00 20.90 20.93 20.96 20.92 21.03 21.06 21.06 21.04 21.06 21.09 21.15 21.17 21.27 21.23 21.21 21.24 21.18 21.13 21.12 21.16 21.12 21.14 21.08 21.16 21.16 21.15 21.14 21.15 21.18 21.15 21.17 21.17 21.24 21.23 21.20 21.17 21.14 21.12 21.13 21.15 21.14 21.12 21.10 21.12 21.18 21.28 21.30 21.28 21.30 21.29 21.32 21.27 21.23 21.20 21.17 21.15
21.05 21.08 21.13 21.11 21.10 21.06 21.09 21.07 21.07 21.11 21.08 21.06 21.05 21.01 20.99 20.96 20.97 20.97 20.97 20.98 21.00 20.99 20.93 20.91 20.92 20.96 21.03 21.00 20.96 20.96 20.95 21.05 21.20 21.13 21.14 21.16 21.17 21.18 21.17 21.16 21.06 21.09 21.09 21.05 21.06 21.04 21.07 21.08 21.14 21.15 21.16 21.19 21.20 21.16 21.15 21.18 21.23 21.17 21.13 21.13 21.12 21.12 21.10 21.11 21.11 21.15 21.23 21.26 21.30 21.29 21.31 21.30 21.27 21.19 21.18 21.16 21.18
21.02 21.04 21.09 21.10 21.07 21.00 21.10 21.08 21.08 21.08 21.06 21.02 21.03 21.03 21.04 21.05 21.01 20.98 20.97 20.94 20.99 21.05 21.00 20.94 20.96 20.93 20.90 20.95 20.94 20.97 21.00 21.02 21.14 21.15 21.11 21.03 21.12 21.13 21.17 21.17 21.12 21.14 21.13 21.09 21.00 21.10 21.05 21.07 21.08 21.05 21.08 21.11 21.07 21.06 21.07 21.16 21.16 21.18 21.12 21.20 21.13 21.07 21.07 21.10 21.11 21.15 21.22 21.25 21.30 21.26 21.25 21.23 21.18 21.13 21.13 21.14 21.20
21.00 21.01 21.02 21.05 21.08 21.09 21.04 21.02 21.03 21.03 21.04 21.01 21.02 21.04 21.03 21.00 20.98 20.95 20.93 20.95 20.94 20.98 20.93 20.94 21.00 20.96 20.93 20.91 20.91 20.92 20.93 20.94 21.04 21.13 21.04 21.11 21.01 20.98 20.99 20.98 21.01 21.02 21.06 21.08 20.99 20.97 21.07 21.07 21.07 21.08 21.08 21.05 21.06 21.05 21.03 21.03 21.03 21.03 21.04 21.12 21.12 21.06 21.07 21.08 21.08 21.15 21.24 21.22 21.24 21.23 21.20 21.18 21.11 21.12 21.15 21.20 21.20
20.99 21.01 21.05 21.08 21.04 21.04 20.99 20.97 20.98 20.98 20.98 21.00 21.02 21.00 21.01 21.01 21.02 20.99 20.93 20.89 20.94 20.96 20.92 20.88 20.89 20.97 20.96 20.95 20.94 20.94 20.95 20.93 21.02 21.05 21.07 21.07 21.08 21.03 21.00 21.04 20.95 20.96 21.02 21.04 21.03 21.02 21.05 21.02 21.06 21.03 21.05 21.04 21.01 21.02 21.02 21.03 21.00 21.02 21.02 21.06 21.04 21.04 21.10 21.08 21.10 21.16 21.18 21.18 21.13 21.14 21.21 21.16 21.10 21.08 21.13 21.11 21.13
20.95 20.99 21.04 21.10 21.06 20.98 20.97 20.99 21.00 20.99 21.00 20.97 20.99 20.93 20.91 20.91 20.97 21.05 21.00 20.98 20.93 20.91 20.90 20.83 20.83 20.87 20.93 20.89 20.93 20.89 20.93 21.03 21.03 20.98 21.02 21.00 20.97 20.91 20.95 20.99 21.02 20.95 20.94 20.96 21.00 21.05 21.05 21.00 21.01 21.01 21.03 21.01 21.02 21.02 20.99 20.97 20.97 20.99 21.00 21.00 20.99 21.00 21.06 21.08 21.14 21.20 21.18 21.13 21.09 21.15 21.13 21.08 21.12 21.12 21.13 21.09 21.05
20.95 20.95 21.04 21.06 20.99 20.95 20.91 20.90 20.96 20.99 20.98 20.99 21.00 20.94 20.92 20.90 20.91 20.92 20.97 20.97 20.95 20.98 20.90 20.89 20.83 20.86 20.87 20.88 20.87 20.93 20.87 20.89 20.93 20.94 21.00 21.04 21.05 21.06 21.04 20.99 21.00 20.95 20.95 20.91 20.95 21.00 21.01 21.02 20.98 20.96 21.00 20.96 20.94 20.96 20.98 20.99 21.01 21.02 21.04 21.02 21.02 21.01 21.02 21.04 21.08 21.14 21.17 21.14 21.13 21.11 21.11 21.10 21.12 21.12 21.12 21.08 21.06
20.96 20.90 20.98 20.96 20.91 20.97 20.97 20.89 20.92 20.88 20.90 20.94 20.95 20.94 20.94 20.90 20.92 20.94 20.93 20.89 20.95 20.94 20.94 20.91 20.92 20.85 20.82 20.84 20.86 20.86 20.86 20.89 20.90 20.92 20.91 20.95 20.95 20.99 21.02 20.99 21.03 20.99 20.98 20.93 20.97 21.01 21.01 21.06 20.99 20.96 20.97 20.96 20.94 20.90 20.91 20.93 21.00 21.01 20.99 20.97 21.02 20.99 21.01 21.03 21.04 21.05 21.10 21.07 21.05 21.08 21.10 21.07 21.09 21.12 21.07 21.08 21.07
20.93 20.91 20.92 20.93 20.89 20.92 20.96 20.95 20.97 20.95 20.93 20.91 20.87 20.89 20.92 20.98 20.91 20.95 20.95 20.88 20.87 20.90 20.92 20.91 20.90 20.89 20.84 20.79 20.79 20.83 20.84 20.87 20.89 20.91 20.89 20.90 20.92 20.96 20.98 21.00 20.94 20.93 20.95 20.98 21.02 21.04 21.01 21.01 20.95 20.91 20.92 20.88 20.95 20.89 20.87 20.92 20.96 20.97 20.97 20.94 20.95 20.93 21.00 21.01 21.02 20.97 21.00 21.03 21.00 21.01 21.03 21.05 21.05 21.06 21.09 21.08 21.07
20.94 20.93 20.92 20.91 20.88 20.89 20.92 20.94 20.96 20.95 20.95 20.90 20.88 20.91 20.91 20.94 20.90 20.94 20.90 20.84 20.82 20.84 20.90 20.89 20.87 20.87 20.88 20.83 20.79 20.82 20.93 20.90 20.90 20.91 20.89 20.91 20.92 20.90 20.94 20.91 20.88 20.88 20.85 20.86 20.89 20.91 20.97 20.98 20.95 20.96 20.99 20.92 20.87 20.93 20.90 20.92 20.88 20.93 20.93 20.90 20.94 20.94 20.97 21.00 20.95 20.93 20.95 20.98 20.94 20.97 20.97 20.98 20.98 21.03 21.11 21.05 21.03
20.90 20.93 20.94 20.87 20.89 20.90 20.88 20.91 20.92 20.93 20.91 20.88 20.87 20.88 20.93 20.93 20.93 20.92 20.86 20.82 20.83 20.82 20.90 20.90 20.90 20.88 20.87 20.85 20.82 20.82 20.92 20.92 20.90 20.90 20.96 20.92 20.91 20.89 20.86 20.85 20.88 20.83 20.83 20.84 20.87 20.85 20.88 20.89 20.87 20.81 20.88 20.85 20.80 20.88 20.87 20.88 20.84 20.87 20.86 20.91 20.99 20.99 21.01 20.99 20.96 20.97 20.98 21.00 20.97 20.95 20.99 20.96 20.93 20.95 21.01 21.05 21.02
20.82 20.85 20.85 20.82 20.84 20.88 20.87 20.87 20.84 20.83 20.87 20.86 20.83 20.86 20.89 20.89 20.90 20.83 20.85 20.83 20.82 20.85 20.84 20.82 20.85 20.85 20.84 20.86 20.83 20.82 20.90 20.93 20.91 20.91 20.98 20.94 20.86 20.85 20.85 20.82 20.84 20.85 20.85 20.87 20.85 20.88 20.85 20.81 20.82 20.85 20.87 20.84 20.85 20.86 20.87 20.89 20.96 20.87 20.83 20.90 20.86 20.92 21.01 20.96 20.92 20.92 20.93 20.95 20.96 20.93 20.94 20.94 20.91 20.84 20.96 21.00 21.01
20.76 20.80 20.85 20.85 20.87 20.84 20.83 20.83 20.79 20.79 20.86 20.84 20.82 20.80 20.85 20.81 20.83 20.78 20.81 20.78 20.77 20.80 20.78 20.80 20.82 20.84 20.82 20.85 20.81 20.79 20.90 20.93 20.96 20.92 20.91 20.92 20.87 20.85 20.81 20.80 20.81 20.83 20.83 20.87 20.88 20.88 20.85 20.78 20.73 20.83 20.82 20.78 20.82 20.85 20.85 20.86 20.89 20.92 20.87 20.84 20.82 20.78 20.90 20.88 20.88 20.88 20.91 20.93 20.96 20.95 20.92 20.94 20.93 20.90 20.97 21.00 20.99
20.73 20.74 20.77 20.77 20.79 20.79 20.77 20.77 20.79 20.78 20.83 20.82 20.77 20.80 20.80 20.81 20.78 20.78 20.76 20.77 20.77 20.83 20.83 20.82 20.80 20.80 20.78 20.75 20.74 20.85 20.85 20.83 20.85 20.83 20.92 20.86 20.79 20.79 20.79 20.80 20.82 20.81 20.80 20.84 20.84 20.86 20.87 20.79 20.79 20.84 20.82 20.81 20.87 20.86 20.83 20.87 20.86 20.85 20.93 20.88 20.83 20.82 20.86 20.95 20.91 20.88 20.87 20.83 20.86 20.95 20.93 20.94 20.94 20.88 20.90 20.94 20.94
20.76 20.70 20.71 20.73 20.74 20.74 20.73 20.75 20.74 20.77 20.77 20.76 20.78 20.75 20.76 20.80 20.76 20.77 20.79 20.78 20.79 20.78 20.78 20.79 20.79 20.79 20.77 20.73 20.73 20.83 20.82 20.83 20.84 20.80 20.88 20.84 20.83 20.80 20.78 20.74 20.78 20.78 20.82 20.84 20.83 20.82 20.85 20.81 20.78 20.76 20.83 20.83 20.86 20.87 20.83 20.83 20.86 20.89 20.87 20.84 20.85 20.81 20.81 20.84 20.84 20.89 20.88 20.83 20.78 20.87 20.86 20.87 20.88 20.86 20.88 20.90 20.92
20.76 20.74 20.72 20.72 20.72 20.73 20.72 20.73 20.74 20.73 20.73 20.75 20.70 20.70 20.73 20.78 20.78 20.77 20.77 20.77 20.74 20.81 20.78 20.76 20.76 20.79 20.77 20.76 20.74 20.76 20.81 20.80 20.82 20.81 20.78 20.75 20.69 20.78 20.75 20.75 20.72 20.73 20.75 20.77 20.74 20.78 20.78 20.80 20.80 20.77 20.80 20.82 20.83 20.84 20.72 20.71 20.78 20.81 20.84 20.82 20.82 20.86 20.84 20.84 20.78 20.82 20.86 20.87 20.87 20.87 20.87 20.87 20.84 20.87 20.85 20.86 20.87
20.75 20.74 20.74 20.72 20.70 20.70 20.70 20.70 20.72 20.74 20.74 20.71 20.66 20.64 20.67 20.67 20.72 20.72 20.75 20.69 20.71 20.78 20.79 20.76 20.74 20.73 20.77 20.77 20.76 20.80 20.81 20.83 20.76 20.78 20.73 20.75 20.68 20.72 20.69 20.68 20.68 20.68 20.65 20.69 20.72 20.77 20.78 20.74 20.74 20.82 20.81 20.77 20.75 20.77 20.73 20.70 20.76 20.80 20.81 20.80 20.85 20.84 20.84 20.87 20.87 20.86 20.88 20.83 20.83 20.83 20.86 20.84 20.85 20.86 20.86 20.89 20.85
20.71 20.72 20.74 20.72 20.73 20.73 20.69 20.67 20.70 20.72 20.72 20.69 20.70 20.65 20.61 20.61 20.63 20.66 20.70 20.75 20.82 20.76 20.76 20.72 20.72 20.73 20.73 20.74 20.73 20.77 20.77 20.76 20.75 20.73 20.75 20.76 20.73 20.71 20.68 20.71 20.63 20.60 20.62 20.63 20.62 20.69 20.72 20.72 20.69 20.79 20.82 20.80 20.77 20.76 20.73 20.70 20.72 20.72 20.76 20.81 20.81 20.81 20.81 20.79 20.85 20.84 20.83 20.85 20.82 20.82 20.84 20.84 20.83 20.84 20.84 20.83 20.85
20.71 20.74 20.74 20.72 20.70 20.73 20.72 20.69 20.69 20.71 20.72 20.68 20.67 20.63 20.63 20.61 20.62 20.67 20.68 20.76 20.72 20.78 20.76 20.73 20.70 20.71 20.71 20.71 20.76 20.74 20.72 20.75 20.69 20.70 20.77 20.76 20.74 20.66 20.65 20.65 20.59 20.59 20.63 20.67 20.64 20.67 20.65 20.71 20.80 20.81 20.78 20.79 20.76 20.73 20.68 20.62 20.61 20.64 20.61 20.68 20.80 20.80 20.78 20.81 20.75 20.72 20.72 20.83 20.80 20.78 20.78 20.80 20.74 20.77 20.82 20.79 20.80
20.72 20.78 20.72 20.70 20.70 20.66 20.69 20.68 20.68 20.70 20.70 20.67 20.67 20.64 20.66 20.76 20.70 20.70 20.76 20.73 20.74 20.75 20.71 20.68 20.67 20.69 20.71 20.68 20.71 20.74 20.77 20.75 20.71 20.70 20.69 20.66 20.66 20.62 20.65 20.60 20.62 20.59 20.61 20.65 20.59 20.64 20.71 20.66 20.71 20.77 20.78 20.78 20.73 20.71 20.72 20.66 20.62 20.61 20.59 20.65 20.76 20.79 20.76 20.77 20.75 20.69 20.71 20.86 20.79 20.79 20.78 20.77 20.76 20.75 20.74 20.74 20.75
20.84 20.78 20.80 20.89 20.72 20.72 20.69 20.67 20.65 20.66 20.70 20.64 20.71 20.72 20.71 20.79 20.82 20.80 20.76 20.69 20.69 20.78 20.67 20.70 20.72 20.68 20.65 20.67 20.74 20.74 20.72 20.72 20.72 20.72 20.70 20.66 20.62 20.62 20.62 20.64 20.63 20.70 20.64 20.64 20.60 20.61 20.65 20.65 20.70 20.69 20.69 20.73 20.72 20.73 20.73 20.65 20.59 20.63 20.62 20.64 20.78 20.73 20.71 20.69 20.73 20.73 20.70 20.84 20.78 20.77 20.71 20.70 20.76 20.75 20.73 20.73 20.67
