main/data/irradiance/06.10.2023.grid
ncols 839
nrows 679
xllcenter 112.0500
yllcenter -43.9500
cellsize 0.0500
nodata_value 99999.90
[rows 306 to 339 of 679, columns 693 to 769 of 839]
25.26 25.19 25.21 25.22 25.20 25.23 25.20 25.15 25.14 25.19 25.24 25.26 25.26 25.26 25.29 25.32 25.34 25.35 25.46 25.40 25.36 25.36 25.33 25.26 25.29 25.31 25.29 25.31 25.28 25.35 25.26 25.23 25.27 25.41 25.37 25.37 25.40 25.35 25.36 25.31 25.30 25.41 25.33 25.31 25.37 25.46 25.44 25.44 25.44 25.45 25.46 25.45 25.42 25.42 25.43 25.41 25.43 25.44 25.39 25.41 25.37 25.39 25.43 25.42 25.43 25.40 25.37 25.40 25.47 25.45 25.44 25.43 25.47 25.46 25.44 25.47 25.48
25.25 25.18 25.19 25.25 25.24 25.20 25.15 25.08 25.15 25.20 25.19 25.25 25.25 25.21 25.25 25.27 25.30 25.29 25.34 25.33 25.34 25.36 25.33 25.29 25.31 25.27 25.29 25.29 25.25 25.21 25.24 25.16 25.21 25.23 25.42 25.33 25.32 25.30 25.34 25.31 25.33 25.35 25.28 25.21 25.26 25.40 25.41 25.39 25.42 25.42 25.42 25.44 25.43 25.41 25.30 25.38 25.33 25.36 25.39 25.38 25.31 25.37 25.42 25.40 25.40 25.36 25.41 25.39 25.41 25.45 25.45 25.38 25.39 25.46 25.42 25.46 25.48
25.27 25.26 25.23 25.22 25.26 25.27 25.16 25.16 25.12 25.17 25.12 25.23 25.28 25.22 25.28 25.26 25.26 25.30 25.25 25.29 25.25 25.28 25.27 25.25 25.26 25.29 25.29 25.22 25.23 25.03 25.08 25.18 25.24 25.30 25.33 25.31 25.29 25.25 25.32 25.33 25.34 25.33 25.37 25.15 25.27 25.38 25.38 25.35 25.39 25.38 25.39 25.39 25.39 25.35 25.40 25.40 25.30 25.35 25.38 25.34 25.34 25.32 25.35 25.42 25.37 25.27 25.40 25.37 25.42 25.45 25.40 25.42 25.44 25.41 25.43 25.47 25.47
25.26 25.24 25.20 25.27 25.32 25.32 25.21 25.22 25.24 25.18 25.13 25.20 25.23 25.28 25.30 25.31 25.29 25.36 25.32 25.27 25.26 25.26 25.27 25.33 25.26 25.29 25.22 25.21 25.24 25.08 25.14 25.23 25.24 25.30 25.28 25.31 25.30 25.33 25.36 25.35 25.36 25.39 25.41 25.39 25.39 25.39 25.36 25.33 25.35 25.41 25.39 25.38 25.37 25.36 25.43 25.39 25.30 25.38 25.37 25.21 25.27 25.25 25.38 25.40 25.35 25.32 25.48 25.39 25.47 25.47 25.44 25.40 25.41 25.41 25.42 25.40 25.40
25.26 25.19 25.22 25.27 25.27 25.21 25.23 25.22 25.24 25.14 25.18 25.21 25.20 25.23 25.09 25.25 25.30 25.31 25.33 25.26 25.28 25.30 25.29 25.36 25.34 25.35 25.27 25.17 25.28 25.25 25.24 25.27 25.32 25.36 25.33 25.32 25.31 25.31 25.33 25.34 25.31 25.33 25.35 25.42 25.42 25.38 25.37 25.36 25.39 25.38 25.38 25.33 25.39 25.42 25.37 25.29 25.41 25.41 25.41 25.44 25.40 25.38 25.43 25.33 25.29 25.36 25.38 25.39 25.45 25.53 25.58 25.53 25.48 25.44 25.43 25.48 25.43
25.17 25.16 25.17 25.20 25.22 25.17 25.14 25.20 25.15 25.13 25.16 25.24 25.27 25.28 25.20 25.28 25.29 25.30 25.28 25.27 25.30 25.28 25.29 25.27 25.27 25.30 25.28 25.19 25.30 25.25 25.25 25.32 25.32 25.36 25.31 25.34 25.31 25.33 25.29 25.28 25.30 25.33 25.32 25.38 25.37 25.37 25.35 25.35 25.38 25.41 25.38 25.37 25.36 25.40 25.19 25.19 25.13 25.30 25.29 25.30 25.37 25.42 25.39 25.24 25.34 25.39 25.41 25.37 25.48 25.52 25.53 25.49 25.51 25.50 25.50 25.46 25.45
25.10 25.22 25.31 25.29 25.22 25.26 25.16 25.05 25.14 25.22 25.18 25.14 25.29 25.30 25.30 25.27 25.30 25.27 25.28 25.28 25.29 25.26 25.25 25.25 25.21 25.26 25.22 25.19 25.20 25.22 25.09 25.25 25.24 25.29 25.28 25.29 25.22 25.26 25.23 25.34 25.34 25.33 25.31 25.32 25.36 25.33 25.36 25.40 25.37 25.32 25.30 25.39 25.41 25.45 25.21 25.21 25.24 25.25 25.15 25.32 25.36 25.40 25.46 25.41 25.38 25.36 25.34 25.39 25.50 25.46 25.49 25.49 25.49 25.49 25.47 25.47 25.49
25.23 25.28 25.29 25.27 25.27 25.26 25.15 25.10 25.15 25.19 25.22 25.12 25.18 25.18 25.26 25.26 25.27 25.29 25.28 25.26 25.24 25.24 25.26 25.29 25.25 25.22 25.21 25.26 25.21 25.11 25.15 25.15 25.18 25.16 25.07 25.10 25.25 25.20 25.27 25.20 25.27 25.12 25.24 25.26 25.33 25.34 25.37 25.41 25.40 25.18 25.27 25.44 25.46 25.25 25.26 25.32 25.27 25.31 25.31 25.31 25.27 25.34 25.41 25.40 25.38 25.37 25.34 25.34 25.41 25.43 25.46 25.55 25.51 25.47 25.49 25.47 25.49
25.26 25.27 25.32 25.35 25.29 25.18 25.14 24.92 25.10 25.19 25.20 25.25 25.12 25.14 25.20 25.24 25.23 25.24 25.24 25.24 25.21 25.21 25.20 25.26 25.19 25.21 25.25 25.23 25.12 25.20 25.12 25.29 25.30 25.15 25.05 25.13 25.05 25.08 25.19 25.23 25.19 25.21 25.22 25.06 25.18 25.30 25.34 25.41 25.30 25.25 25.33 25.41 25.32 25.25 25.18 25.29 25.30 25.31 25.35 25.29 25.20 25.22 25.29 25.34 25.36 25.38 25.33 25.31 25.38 25.34 25.46 25.45 25.46 25.42 25.46 25.50 25.51
25.26 25.30 25.29 25.30 25.28 25.19 25.12 25.12 25.18 25.21 25.22 25.31 25.14 25.09 25.12 25.21 25.23 25.22 25.22 25.24 25.23 25.21 25.18 25.23 25.24 25.18 25.22 25.15 25.12 25.09 25.17 25.29 25.18 25.07 25.00 24.95 24.95 25.00 25.07 25.11 25.11 25.06 25.18 25.18 25.13 25.25 25.31 25.33 25.33 25.31 25.29 25.27 25.21 25.27 25.24 25.27 25.14 25.22 25.30 25.25 25.27 25.31 25.32 25.41 25.37 25.43 25.44 25.37 25.40 25.33 25.40 25.45 25.43 25.42 25.42 25.46 25.52
25.28 25.26 25.22 25.20 25.22 25.17 25.11 25.10 25.11 25.14 25.13 25.19 25.05 25.01 25.15 25.17 25.21 25.17 25.18 25.20 25.22 25.17 25.05 25.03 25.03 25.20 25.21 25.17 25.13 25.18 25.20 25.33 25.29 25.29 25.07 25.05 25.07 25.13 25.08 25.11 25.09 25.03 25.05 24.99 25.06 25.25 25.33 25.26 25.29 25.25 25.21 25.31 25.19 25.23 25.24 25.28 25.30 25.34 25.15 25.27 25.22 25.29 25.33 25.44 25.48 25.46 25.40 25.43 25.43 25.46 25.39 25.43 25.42 25.46 25.47 25.49 25.48
25.32 25.31 25.31 25.22 25.17 25.16 25.15 25.13 24.96 25.07 25.18 25.24 25.14 25.01 25.08 25.12 25.06 25.05 25.12 25.14 25.18 25.16 25.13 25.09 25.07 25.11 25.09 25.06 25.12 25.12 25.20 25.29 25.30 25.16 25.13 25.01 25.14 25.13 25.10 25.10 25.16 25.18 25.16 25.08 25.10 25.27 25.30 25.27 25.26 25.25 25.34 25.37 25.18 25.19 25.01 24.96 24.92 25.09 25.06 25.26 25.24 25.31 25.29 25.37 25.44 25.42 25.44 25.46 25.41 25.42 25.40 25.42 25.41 25.47 25.49 25.46 25.46
25.30 25.30 25.28 25.25 25.24 25.18 25.12 25.12 24.99 25.01 25.15 25.24 25.08 25.07 25.11 25.07 25.12 25.14 25.19 25.20 25.13 25.11 25.10 25.13 25.10 25.03 24.96 24.92 24.90 24.97 24.98 25.23 25.20 24.99 25.11 25.10 25.11 25.14 25.09 25.12 25.19 25.20 25.15 25.10 25.10 25.22 25.17 25.12 25.25 25.38 25.37 25.26 25.16 25.05 25.05 25.09 25.22 24.96 24.92 25.21 25.09 25.28 25.30 25.34 25.36 25.34 25.35 25.46 25.46 25.41 25.38 25.41 25.41 25.39 25.39 25.39 25.40
25.27 25.29 25.30 25.27 25.16 25.13 25.12 25.14 25.07 25.03 25.14 25.22 25.05 25.06 25.13 25.13 25.23 25.21 25.25 25.19 25.18 25.20 25.28 25.22 25.13 25.13 25.10 25.07 25.19 25.19 25.12 25.24 25.08 25.04 25.08 25.06 25.08 25.15 25.12 25.10 25.17 25.18 25.15 25.11 25.16 25.16 25.09 25.05 25.29 25.32 25.24 25.23 25.20 25.05 25.21 25.19 25.23 25.24 25.22 25.23 25.12 25.27 25.30 25.33 25.36 25.36 25.39 25.40 25.38 25.53 25.48 25.41 25.37 25.36 25.40 25.43 25.37
25.30 25.26 25.24 25.20 25.18 25.11 25.08 25.10 25.15 25.10 25.13 25.22 25.12 25.06 25.09 25.14 25.21 25.19 25.14 25.22 25.23 25.18 25.20 25.18 25.14 25.11 25.15 25.17 25.22 25.21 25.19 25.31 25.16 25.04 25.13 25.16 25.16 25.13 25.12 25.05 25.14 25.21 25.18 25.18 25.19 25.26 25.22 25.13 25.33 25.26 25.20 25.33 25.30 25.18 25.26 25.19 25.23 25.26 25.29 25.26 25.28 25.36 25.34 25.39 25.34 25.33 25.38 25.39 25.34 25.28 25.34 25.37 25.40 25.38 25.39 25.41 25.45
25.27 25.18 25.18 25.15 25.19 25.11 25.13 25.17 25.17 25.15 25.18 25.23 25.22 25.19 25.16 25.25 25.20 25.21 25.16 25.20 25.25 25.20 25.20 25.17 25.18 25.14 25.09 25.22 25.22 25.23 25.23 25.23 25.21 25.16 25.15 25.11 25.08 25.04 25.06 25.08 25.04 25.09 25.14 25.12 25.16 25.19 25.13 25.19 25.23 25.30 25.24 25.29 25.20 25.16 25.24 25.35 25.36 25.34 25.28 25.34 25.38 25.37 25.33 25.24 25.32 25.35 25.35 25.31 25.38 25.34 25.36 25.38 25.36 25.38 25.35 25.35 25.41
25.24 25.14 25.12 25.18 25.20 25.06 25.05 25.04 25.07 25.18 25.15 25.23 25.21 25.20 25.22 25.23 25.21 25.21 25.20 25.16 25.25 25.22 25.21 25.17 25.10 25.13 25.10 25.20 25.22 25.16 25.21 25.18 25.18 25.10 25.01 25.05 25.03 25.06 25.16 25.11 25.10 25.10 25.07 25.12 25.15 25.17 25.20 25.21 25.28 25.24 25.20 25.17 25.11 25.25 25.18 25.29 25.30 25.31 25.39 25.31 25.34 25.28 25.25 25.27 25.33 25.33 25.33 25.37 25.36 25.37 25.42 25.44 25.37 25.38 25.39 25.39 25.38
25.19 25.12 25.14 25.22 25.12 25.06 25.03 25.16 25.13 25.15 25.14 25.19 25.18 25.19 25.23 25.22 25.21 25.21 25.23 25.16 25.22 25.22 25.16 25.18 25.12 25.11 25.09 25.21 25.20 25.15 25.16 25.19 25.24 25.03 25.04 25.04 25.12 25.23 25.12 25.04 25.03 25.10 25.08 25.14 25.19 24.72 25.11 25.18 25.13 25.22 25.22 25.22 25.19 25.19 25.23 25.25 25.29 25.24 25.31 25.24 25.28 25.27 25.26 25.19 25.27 25.38 25.32 25.32 25.37 25.35 25.41 25.40 25.35 25.37 25.38 25.37 25.38
25.16 25.10 25.14 25.22 25.15 25.10 25.16 25.19 25.16 25.14 25.06 25.16 25.13 25.19 25.21 25.20 25.18 25.18 25.19 25.19 25.17 25.17 25.16 25.21 25.10 25.08 25.18 25.19 25.20 25.24 25.19 25.22 25.19 25.05 25.12 25.14 25.15 25.11 25.10 25.08 25.10 25.17 25.22 25.21 25.13 24.38 25.29 25.15 25.17 25.16 25.24 25.22 25.24 25.17 25.27 25.28 25.29 25.30 25.38 25.38 25.34 25.31 25.34 25.20 25.32 25.36 25.38 25.33 25.31 25.35 25.31 25.28 25.27 25.34 25.37 25.38 25.38
25.15 25.08 25.12 25.14 25.12 25.05 25.21 25.14 25.09 25.15 25.13 25.18 25.16 25.14 25.19 25.13 24.98 25.06 25.07 25.12 25.17 25.19 25.17 25.24 25.18 25.15 25.21 24.95 25.09 25.27 25.16 25.20 25.02 24.99 25.04 25.12 25.04 25.14 25.12 25.12 25.16 25.18 25.15 25.18 24.49 25.02 25.34 25.19 25.26 25.17 25.28 25.29 25.19 25.12 24.88 25.11 25.29 25.25 25.32 25.36 25.26 25.29 25.31 25.33 25.32 25.28 25.29 25.30 25.23 25.31 25.32 25.26 25.28 25.33 25.35 25.36 25.35
25.08 25.11 25.11 25.04 25.05 25.10 25.10 25.13 25.18 25.23 25.13 25.16 25.20 25.14 25.14 25.13 25.05 24.97 25.11 25.16 25.18 25.18 25.17 25.20 25.14 25.16 25.15 24.89 25.03 25.16 25.09 25.04 24.90 24.96 24.92 24.92 24.81 25.01 25.10 25.16 25.12 25.18 25.18 24.92 25.03 25.21 25.12 25.21 25.24 25.20 25.21 25.19 25.16 25.23 25.19 25.28 25.30 25.29 25.30 25.28 25.28 25.29 25.30 25.28 25.28 25.27 25.30 25.25 25.29 25.27 25.29 25.30 25.32 25.33 25.34 25.34 25.36
25.10 25.08 25.08 25.04 25.03 25.04 25.11 25.15 25.13 25.08 25.05 25.07 25.11 25.04 25.11 25.06 25.13 25.13 25.09 25.04 25.09 25.20 25.18 25.09 25.01 25.05 25.02 25.03 25.13 25.17 25.18 25.12 25.11 25.12 25.01 25.03 25.00 25.00 25.00 24.99 24.93 25.05 25.12 25.05 25.19 25.04 25.13 25.12 25.13 25.23 25.18 25.17 25.25 25.23 25.24 25.25 25.29 25.35 25.29 25.29 25.27 25.29 25.29 25.26 25.26 25.26 25.30 25.25 25.24 25.27 25.31 25.30 25.31 25.32 25.31 25.33 25.33
25.04 25.05 25.12 25.02 25.03 25.07 25.06 25.05 25.05 25.02 25.07 25.10 25.12 25.02 25.05 25.13 25.12 25.06 25.12 25.05 25.03 25.16 25.13 25.06 24.99 24.99 24.89 24.94 25.04 25.11 25.19 25.12 25.20 25.15 24.99 25.05 25.06 24.99 24.98 25.00 24.97 25.02 25.04 25.03 25.06 24.90 24.84 25.11 25.10 25.12 25.17 25.20 25.21 25.17 25.20 25.19 24.89 24.86 25.29 25.27 25.28 25.24 25.27 25.29 25.26 25.25 25.23 25.26 25.25 25.25 25.29 25.29 25.28 25.31 25.29 25.29 25.30
25.04 25.04 25.03 25.02 25.04 25.05 25.06 25.08 25.05 25.05 25.03 25.09 25.07 25.01 25.08 25.06 25.07 25.17 25.20 25.18 25.09 25.07 25.07 24.96 25.05 25.08 25.04 25.03 25.18 25.18 25.05 25.14 25.14 25.18 25.12 25.08 25.09 25.04 25.07 25.11 25.13 25.17 25.04 25.04 24.99 24.68 25.06 25.06 25.01 25.09 25.13 25.05 24.92 24.86 25.05 24.93 24.12 25.20 25.25 25.18 25.25 25.31 25.27 25.12 25.35 25.24 25.27 25.26 25.31 25.21 25.23 25.27 25.25 25.29 25.31 25.29 25.28
25.02 25.04 25.01 25.03 25.09 25.06 25.10 25.08 25.06 25.02 25.05 25.11 25.04 24.98 25.04 25.07 25.07 25.13 25.18 25.18 25.24 25.16 25.14 25.04 25.07 25.12 24.93 25.10 25.18 25.14 25.07 25.42 25.26 25.19 25.08 24.85 25.11 24.77 24.62 25.10 25.06 25.14 24.90 24.77 24.68 24.87 25.05 25.01 25.05 25.09 25.09 25.16 25.10 24.90 25.09 24.99 24.93 25.21 25.23 25.31 25.34 25.31 25.26 25.36 25.31 25.19 25.11 25.25 25.24 25.26 25.27 25.25 25.25 25.30 25.30 25.35 25.35
25.02 25.00 25.00 25.00 25.02 25.02 25.03 25.04 25.05 25.09 25.02 25.04 24.99 25.05 25.11 25.07 25.08 25.11 25.15 25.16 25.17 25.17 25.21 25.18 25.15 25.15 25.08 25.04 25.12 25.10 25.03 25.16 25.19 25.18 24.88 24.22 24.97 24.58 24.44 24.65 25.16 25.06 24.68 24.98 25.07 25.03 25.03 25.00 25.12 25.10 25.10 25.18 25.19 25.12 25.10 25.17 25.27 25.25 25.25 25.23 25.02 24.84 25.17 25.28 25.13 25.06 25.24 25.25 25.24 25.24 25.25 25.28 25.25 25.29 25.36 25.40 25.31
25.04 25.04 25.03 25.03 25.01 25.06 25.03 25.04 25.06 25.04 24.98 25.10 25.03 25.06 25.09 25.07 25.07 25.08 25.11 25.13 25.14 25.03 25.11 25.08 25.09 25.14 25.03 25.08 25.10 25.17 25.07 25.11 25.15 24.94 24.86 25.19 25.14 24.79 25.03 24.99 25.23 25.14 24.98 25.06 25.09 25.13 25.02 24.77 25.06 25.08 24.95 24.05 25.05 25.20 25.04 25.24 25.26 25.22 25.18 25.21 24.72 24.84 24.45 23.81 23.39 23.82 25.14 25.26 25.27 25.27 25.30 25.28 25.30 25.34 25.34 25.06 25.30
25.00 24.99 25.05 25.02 25.06 25.03 25.03 25.00 25.01 24.99 24.93 25.05 25.04 25.01 25.05 25.07 25.03 25.08 25.09 25.10 25.12 25.08 25.02 25.07 25.08 25.09 25.09 25.06 25.04 25.08 25.12 25.10 25.08 25.02 24.94 25.20 24.96 25.13 25.01 25.07 25.11 25.14 25.06 25.09 25.08 25.03 24.65 23.65 24.27 24.71 24.89 24.03 25.12 25.18 25.17 25.19 25.23 25.20 25.19 25.17 24.53 24.00 23.93 24.72 24.85 25.12 24.96 25.15 25.25 25.23 25.27 25.27 25.30 25.30 25.39 25.39 25.29
25.02 25.02 25.05 24.99 25.03 25.08 25.04 25.08 25.08 25.09 25.05 25.11 25.06 25.02 25.05 25.07 25.06 25.10 25.10 25.06 25.09 25.12 25.10 25.04 25.07 25.04 25.02 25.03 25.04 25.16 25.14 25.13 25.04 24.84 25.01 25.07 24.94 24.87 25.06 25.12 24.94 25.13 25.06 24.93 25.00 24.97 24.84 24.02 23.75 24.86 24.97 23.63 24.84 25.17 25.23 25.14 25.20 25.21 25.13 25.06 25.11 25.11 25.13 25.12 25.15 25.17 25.15 25.17 25.25 25.23 25.27 25.24 25.22 25.34 25.36 25.29 25.02
25.03 25.01 25.00 25.00 25.02 25.01 24.97 24.99 25.00 25.07 25.12 25.15 25.13 25.10 25.07 25.05 25.05 25.03 25.07 25.08 25.06 25.03 25.07 25.07 25.06 25.07 25.04 25.01 25.13 25.19 25.11 25.06 25.04 24.93 25.04 25.09 24.67 24.44 24.77 24.90 24.54 24.40 24.54 24.56 24.98 24.99 25.01 24.78 24.18 23.82 25.04 25.11 25.09 25.09 25.04 25.11 25.16 25.21 25.18 25.19 24.90 25.21 25.19 25.19 25.23 24.95 25.16 25.23 25.21 25.24 25.22 25.00 24.79 24.48 25.05 25.25 25.20
25.00 25.01 24.99 24.99 24.99 24.99 24.96 24.99 25.04 24.96 24.96 25.07 25.09 25.13 25.13 25.10 25.09 25.06 25.05 25.08 25.02 25.02 25.01 25.06 25.06 25.03 25.03 24.93 25.05 25.07 25.14 25.11 25.05 24.99 25.00 25.11 25.05 24.89 24.96 24.96 25.10 25.10 24.97 24.98 24.94 24.95 25.05 25.00 24.92 25.02 25.07 25.09 25.10 25.08 25.08 25.17 25.17 25.08 24.93 25.22 24.70 25.09 25.18 25.19 24.98 24.62 25.13 24.62 24.93 25.21 25.26 25.07 25.16 24.53 24.82 25.16 24.94
25.03 25.03 25.02 25.01 25.00 25.00 24.96 24.97 25.00 25.01 24.96 25.08 25.05 25.09 25.16 25.15 25.11 25.11 25.06 25.02 25.01 25.00 24.98 25.03 25.03 25.00 25.05 24.90 24.98 25.05 25.08 25.11 25.07 25.02 25.00 25.11 25.03 25.04 24.97 25.00 25.02 25.05 25.02 25.06 24.99 24.78 24.97 24.98 24.56 25.00 25.09 25.01 25.05 25.09 25.06 25.14 25.19 24.95 24.31 24.81 25.13 24.83 25.09 24.76 24.71 25.05 25.19 24.54 24.50 25.12 25.22 25.25 25.21 25.21 24.52 25.11 25.27
24.97 25.00 25.02 25.00 25.02 25.01 25.00 24.98 24.95 24.99 24.98 25.06 25.03 25.04 25.06 25.09 25.10 25.07 25.03 25.03 25.01 25.06 24.92 25.00 24.96 24.95 25.03 24.95 25.03 25.08 25.02 25.04 25.01 24.96 24.98 25.07 25.10 25.07 25.07 25.10 25.12 25.13 25.08 25.01 25.02 24.78 24.72 24.98 25.01 24.84 24.82 24.82 24.81 25.07 24.95 25.08 25.11 25.09 24.00 23.99 24.91 25.10 25.02 24.10 23.98 24.31 24.70 24.46 23.91 25.15 25.21 25.20 25.20 25.19 25.28 25.31 25.32
24.98 25.02 25.00 24.99 25.02 25.02 25.02 24.97 24.95 24.93 24.92 25.03 24.97 24.98 24.95 25.07 25.05 25.03 25.03 24.98 25.01 25.03 25.00 25.04 24.99 24.95 25.00 24.92 25.04 25.02 25.01 25.02 25.02 25.04 24.98 25.03 25.07 25.09 25.11 25.06 25.16 25.02 25.04 24.96 24.97 23.51 24.18 24.88 24.81 24.83 24.78 24.33 23.67 24.79 24.89 24.95 24.92 25.00 25.01 24.57 24.48 24.92 23.95 23.62 23.73 25.04 25.36 24.89 24.91 24.61 24.95 25.24 25.16 25.16 25.19 25.23 25.24
