main/data/irradiance/06.11.2023.grid
ncols 839
nrows 679
xllcenter 112.0500
yllcenter -43.9500
cellsize 0.0500
nodata_value 99999.90
[rows 204 to 237 of 679, columns 77 to 153 of 839]
28.64 99999.90 99999.90 99999.90 99999.90 26.09 27.38 27.38 28.61 28.61 28.61 28.61 28.61 28.61 28.61 28.61 28.61 28.61 28.61 28.61 28.61 28.33 28.33 28.33 28.33 28.33 28.33 28.33 28.33 28.49 28.85 28.85 28.85 28.85 28.72 28.73 29.01 29.01 28.53 28.53 28.53 28.53 28.53 28.47 28.47 28.47 28.49 28.62 28.92 29.05 29.03 28.07 28.07 28.07 28.10 28.82 29.05 28.89 29.10 29.00 29.00 28.62 29.06 28.92 28.52 27.88 27.74 28.71 28.69 28.17 27.56 28.09 27.72 28.35 27.93 28.20 28.86
28.64 99999.90 99999.90 22.10 22.10 22.10 22.10 22.10 22.10 28.61 28.61 28.61 28.61 28.61 28.61 28.61 28.61 28.61 28.61 28.61 28.61 28.33 28.33 28.33 28.33 28.33 28.33 28.33 28.49 28.49 28.85 28.85 28.85 28.85 28.85 28.72 28.73 29.01 29.01 28.53 28.53 28.53 28.53 28.47 28.47 28.47 28.49 28.62 28.92 29.05 29.03 28.69 28.07 28.07 28.10 28.82 29.05 28.89 29.10 29.10 29.04 28.40 28.06 28.84 28.61 26.99 27.34 28.28 27.84 27.86 28.26 28.52 28.91 28.94 28.92 28.99 28.96
28.64 23.83 23.83 23.83 23.83 23.83 23.83 23.83 23.83 22.10 28.61 28.61 28.61 28.61 28.61 28.61 28.61 28.61 28.61 28.61 28.61 28.33 28.33 28.33 28.33 28.33 28.33 28.33 28.49 28.49 28.77 28.85 28.85 28.85 28.85 28.72 28.72 28.73 29.01 29.01 28.53 28.53 28.53 28.53 28.47 28.47 28.49 28.62 28.92 29.05 29.03 28.69 28.07 28.07 28.10 28.82 29.05 28.89 29.12 29.02 28.73 29.03 28.71 27.67 28.61 27.61 28.33 28.30 28.26 28.84 28.55 28.82 28.92 28.78 28.89 29.04 28.14
25.50 25.50 25.50 25.50 25.50 25.50 23.83 23.83 23.83 22.10 27.38 28.61 28.61 28.61 28.61 28.61 28.61 28.61 28.61 28.61 28.61 28.33 28.33 28.33 28.33 28.33 28.33 28.49 28.49 28.68 28.77 28.85 28.85 28.85 28.85 28.72 28.72 28.73 28.73 29.01 29.01 28.53 28.53 28.53 28.47 28.47 28.49 28.62 28.92 29.05 29.03 28.69 28.46 28.26 28.66 28.56 27.95 27.87 28.04 28.59 28.41 28.69 28.21 27.87 28.33 28.84 28.15 27.25 27.18 27.27 27.85 28.75 28.65 28.94 28.97 28.76 28.43
25.50 25.50 25.50 25.50 25.50 25.50 23.83 23.83 23.83 22.10 22.10 27.38 28.61 28.61 28.61 28.61 28.61 28.61 28.61 28.61 28.61 28.33 28.33 28.33 28.33 28.33 28.33 28.49 28.49 28.68 28.77 28.85 28.85 28.85 28.85 28.72 28.72 28.72 28.73 28.73 29.01 29.01 28.53 28.53 28.88 28.82 29.07 28.87 28.99 29.08 29.01 28.70 28.27 28.42 28.18 28.25 27.98 27.34 27.00 27.63 28.78 28.39 28.05 28.33 28.79 28.48 28.19 26.07 26.87 26.99 26.91 27.51 28.20 28.14 28.43 28.05 28.05
25.50 25.50 25.50 25.50 25.50 25.50 25.50 23.83 23.83 23.83 22.10 22.10 27.38 28.61 28.61 28.61 28.61 28.61 28.61 28.61 28.23 28.33 28.33 28.33 28.33 28.33 28.49 28.49 28.49 28.68 28.77 28.85 28.85 28.85 28.85 28.85 28.72 28.72 28.93 28.73 28.73 29.01 29.01 29.11 29.06 28.97 28.96 28.83 29.01 29.04 28.36 28.34 28.49 28.66 27.94 28.34 28.02 27.90 27.84 28.48 28.21 28.79 28.40 28.01 28.40 28.52 27.96 27.15 27.89 27.09 27.45 27.54 28.43 28.00 28.09 28.58 28.66
25.50 25.50 25.50 25.50 25.50 25.50 25.50 23.83 23.83 23.83 22.10 22.10 27.38 27.38 28.61 28.61 28.61 28.61 28.61 28.61 28.23 28.33 28.33 28.33 28.33 28.33 28.49 28.49 28.68 28.68 28.77 28.85 28.85 28.85 28.85 28.85 28.72 28.72 28.72 28.93 28.73 28.73 29.10 29.08 28.98 28.91 28.89 28.86 28.68 28.80 28.51 28.21 28.40 27.74 28.64 28.04 27.72 27.40 28.38 28.80 27.41 28.48 27.48 28.63 28.91 28.95 28.72 28.34 28.00 27.08 27.14 26.75 27.79 28.22 28.30 28.66 28.78
25.50 25.50 25.50 25.50 25.50 25.50 25.50 23.83 23.83 23.83 22.10 22.10 22.10 27.38 27.38 28.61 28.61 28.61 28.61 28.61 28.23 28.23 28.33 28.33 28.33 28.49 28.49 28.49 28.68 28.68 28.77 28.85 28.85 28.85 28.85 28.85 28.93 28.72 28.72 28.93 28.93 28.91 28.98 29.03 29.03 28.92 28.90 28.91 27.62 28.35 28.46 27.80 27.57 27.78 28.41 28.43 27.66 26.91 28.06 28.04 27.88 27.42 27.52 27.80 28.29 28.83 28.92 28.40 27.16 26.98 26.89 26.49 26.74 26.91 27.41 28.11 28.39
25.50 25.50 25.50 25.50 25.50 25.50 25.50 23.83 23.83 23.83 23.83 22.10 22.10 26.09 27.38 27.38 28.61 28.61 28.61 28.61 28.23 28.23 28.33 28.33 28.33 28.49 28.49 28.71 28.68 28.68 28.77 28.85 28.95 28.85 28.85 28.85 28.93 28.72 28.72 29.07 29.09 28.95 28.38 28.79 29.07 28.59 28.89 28.99 28.12 28.27 27.87 28.26 26.97 27.30 27.75 28.65 28.01 27.83 27.44 27.70 27.50 28.46 28.74 28.29 28.26 28.46 28.91 28.47 27.61 27.85 27.52 26.65 26.16 26.85 27.22 27.21 27.01
25.50 25.50 25.50 25.50 25.50 25.50 25.50 24.44 23.83 23.83 23.83 22.10 22.10 22.10 26.09 27.38 27.38 27.88 27.88 28.04 28.23 28.23 28.14 28.28 28.29 28.49 28.49 28.71 28.68 28.68 28.77 28.85 28.95 28.85 28.85 28.85 28.93 28.73 28.89 29.15 28.91 29.05 26.40 28.50 29.07 28.93 29.07 28.97 28.89 28.01 28.41 28.20 27.47 27.12 28.51 28.42 28.59 28.55 27.94 28.08 28.14 28.15 28.41 28.72 28.81 28.73 29.03 28.46 28.49 28.74 28.76 27.93 26.93 27.61 27.96 27.07 26.78
25.50 25.50 25.50 25.50 25.50 25.50 25.50 24.44 23.83 23.83 23.83 23.83 22.10 22.10 26.09 26.09 27.64 27.71 27.71 28.04 28.31 28.55 28.21 28.19 28.23 28.56 28.72 28.71 28.68 28.68 28.77 28.85 28.95 29.05 29.02 28.96 28.97 28.56 28.31 29.11 28.98 29.13 27.52 27.74 27.03 27.63 27.36 26.49 28.08 28.47 27.54 25.52 26.53 27.07 27.92 27.36 27.81 28.63 28.63 27.93 28.54 28.04 28.22 28.63 28.87 28.93 28.82 28.06 28.78 28.36 28.17 27.59 27.67 27.83 28.19 28.20 27.46
27.56 25.50 25.50 25.50 25.50 25.50 25.50 24.44 24.52 23.83 23.83 23.83 22.10 22.10 23.53 24.47 26.52 27.30 28.31 28.60 28.26 28.25 27.67 28.02 28.32 28.67 28.56 28.48 28.74 28.81 28.90 28.83 28.86 28.92 28.92 28.96 28.79 28.24 27.11 29.12 29.11 28.85 28.07 28.43 28.53 27.21 27.52 26.75 25.44 27.61 26.91 25.16 25.42 25.63 26.24 27.72 27.56 27.81 28.51 28.47 28.29 28.00 28.24 28.16 28.63 28.93 28.67 28.84 28.81 28.12 27.31 27.42 27.20 27.35 27.45 27.81 27.90
27.56 27.56 25.50 25.50 25.50 25.50 25.50 24.44 24.52 23.83 23.83 23.83 22.26 21.99 22.62 21.89 23.70 24.36 27.39 28.10 28.13 28.28 28.06 28.05 28.00 28.37 28.55 28.93 28.96 28.76 28.78 28.79 28.78 28.68 28.72 28.86 28.83 28.69 28.20 28.85 29.01 28.16 28.40 28.19 28.13 28.48 28.30 27.26 27.33 27.88 27.42 26.06 25.48 26.15 26.04 27.16 27.24 27.10 27.74 28.17 27.99 27.80 27.15 28.40 28.60 28.43 28.48 28.10 28.07 27.99 27.91 28.25 27.60 27.15 27.33 27.98 28.01
27.35 27.56 27.56 26.74 25.50 25.50 25.50 24.44 24.52 23.15 22.73 24.17 23.98 24.31 24.65 24.38 24.86 24.75 25.83 26.86 28.51 28.14 27.74 27.63 28.13 28.25 28.47 28.82 28.86 28.81 28.67 28.67 28.64 28.69 28.62 27.02 28.03 28.46 28.51 28.71 28.93 28.95 28.52 28.78 28.69 27.84 28.54 27.57 27.35 28.12 27.78 25.99 26.48 26.75 26.65 27.36 27.71 28.04 27.30 27.06 27.04 26.36 27.33 27.86 28.46 28.48 28.58 28.66 27.98 28.41 28.40 28.26 28.04 27.91 27.99 28.15 27.78
27.35 27.56 27.56 27.56 26.74 24.93 24.93 26.22 25.24 22.51 24.25 24.13 24.60 26.16 25.02 26.22 26.22 26.67 28.07 28.30 28.55 28.40 27.87 27.00 27.72 28.20 28.22 28.83 28.17 28.22 28.66 28.72 28.35 28.21 28.45 27.10 27.14 27.35 28.53 28.63 27.96 28.81 28.68 27.86 28.35 27.92 28.06 26.32 26.15 27.65 27.25 26.92 26.99 27.66 27.64 26.88 28.08 26.94 26.95 26.41 26.01 25.88 25.49 27.13 27.71 28.21 28.33 28.29 28.11 28.11 28.14 27.75 27.87 28.30 28.38 28.35 28.61
27.35 27.35 27.56 27.56 26.74 26.74 25.25 26.81 27.10 23.65 25.17 24.77 25.05 24.98 25.70 27.18 27.69 28.17 28.15 28.49 28.38 28.50 28.05 27.18 27.51 27.60 27.85 28.27 27.43 27.90 28.65 27.98 28.17 28.15 28.38 27.93 28.11 27.97 28.11 28.52 28.30 28.89 28.06 27.70 27.77 27.64 27.86 27.56 27.32 26.97 26.92 26.21 26.38 27.73 27.45 26.54 27.90 27.32 26.75 26.79 25.79 25.23 26.32 26.13 26.87 28.11 28.35 27.97 27.92 28.27 28.17 28.10 28.39 28.11 28.19 28.17 28.58
27.35 27.35 27.56 27.56 27.76 28.08 28.42 28.45 27.97 26.62 27.46 26.44 26.16 25.71 26.79 26.72 27.18 28.19 28.18 28.17 28.33 28.20 27.77 27.41 26.81 26.78 27.35 27.39 26.26 26.93 27.66 28.34 28.19 27.97 28.00 27.44 28.56 28.50 28.35 28.42 28.61 28.81 28.56 28.35 28.61 28.65 28.33 28.16 28.37 28.00 28.03 26.58 26.48 26.97 26.79 28.09 27.52 28.11 27.04 27.12 26.56 25.70 25.21 26.12 26.66 27.19 27.61 27.16 27.58 27.83 28.21 27.84 28.22 27.91 28.14 28.08 28.04
27.35 27.35 27.19 27.92 28.23 28.66 28.64 28.45 28.55 28.82 28.89 28.41 28.69 28.29 28.19 27.96 28.02 27.58 27.49 27.43 28.07 27.44 27.34 27.36 27.27 26.32 26.79 26.11 26.77 27.33 27.74 26.78 27.33 27.70 27.85 28.00 28.50 28.46 27.54 28.16 28.51 28.81 28.55 27.55 28.18 28.67 28.55 27.91 28.05 27.76 27.84 27.27 27.37 27.72 27.00 27.40 26.38 27.17 27.61 27.21 27.11 25.86 25.52 24.95 25.10 26.41 26.63 27.25 27.81 28.10 27.66 28.04 27.79 27.75 28.05 28.36 28.27
26.43 27.01 27.45 28.02 28.15 28.34 28.31 28.32 28.39 28.57 28.79 28.49 28.72 28.72 27.84 27.81 26.65 26.38 26.73 26.16 26.83 26.63 26.28 26.14 26.81 26.65 27.60 27.03 26.07 27.02 28.27 27.76 28.02 27.97 27.81 27.36 28.05 28.45 27.93 27.98 28.49 28.58 28.57 28.40 28.30 28.16 28.62 28.61 28.15 27.79 27.76 26.93 26.73 27.40 25.88 26.52 25.72 27.13 26.80 26.18 27.30 26.44 25.42 25.21 25.77 26.07 26.48 27.06 27.25 27.73 27.94 27.96 28.35 28.67 28.79 28.55 28.15
26.61 27.29 27.75 27.94 28.06 28.15 27.90 28.08 28.31 28.45 28.42 28.12 28.43 27.62 27.33 26.05 25.37 25.22 25.88 25.37 25.35 25.88 26.12 25.93 25.69 26.35 27.14 27.13 26.31 26.67 26.69 27.68 27.90 28.02 27.35 27.46 27.83 27.50 27.56 28.18 27.67 28.13 28.27 28.50 28.49 28.15 28.48 27.98 28.14 27.56 28.00 27.92 27.67 26.57 26.55 26.82 26.65 26.63 25.91 26.33 25.95 26.50 25.17 24.41 24.86 26.05 26.64 27.00 27.26 27.38 28.00 28.15 28.27 28.07 28.44 28.43 28.73
27.03 27.45 27.56 27.91 27.84 28.06 28.07 27.73 27.62 28.39 27.91 27.63 26.93 26.50 26.27 25.35 25.52 25.20 26.00 25.64 24.36 24.55 25.24 26.10 25.93 26.45 26.67 27.31 27.45 27.71 27.00 26.70 27.71 27.91 27.96 28.13 28.13 27.45 27.85 27.74 27.87 28.05 27.61 28.10 28.01 28.61 28.59 28.63 28.66 28.16 28.07 27.96 27.84 28.38 26.75 27.04 27.54 27.20 25.99 26.45 26.56 25.63 25.40 24.07 25.95 27.17 27.00 27.22 27.44 27.91 27.80 28.40 28.12 28.08 27.96 28.19 28.53
26.25 26.71 27.39 27.44 27.83 27.00 27.02 27.37 27.47 27.50 27.33 25.95 25.35 26.26 24.74 24.29 24.86 23.69 25.10 25.57 24.38 23.39 24.12 24.51 25.96 26.29 25.20 26.09 25.98 26.62 27.55 27.47 27.59 27.56 27.79 28.14 27.68 27.27 27.63 27.92 28.13 27.36 27.81 27.42 27.44 27.85 27.77 28.77 28.33 28.76 28.84 28.42 28.56 28.51 28.08 27.84 26.98 27.54 25.80 26.18 25.76 25.77 25.07 25.22 25.69 26.89 26.78 27.09 26.90 27.32 26.79 27.81 28.32 28.48 28.63 28.43 28.64
26.51 26.56 26.69 26.84 27.16 27.12 26.02 26.80 26.63 27.02 25.75 25.85 24.67 25.78 24.79 24.42 24.63 23.46 24.28 25.36 25.28 24.38 24.36 24.01 25.62 25.93 26.18 26.07 26.28 26.03 26.29 26.78 27.13 27.56 27.47 27.78 28.02 27.82 27.92 28.29 27.96 27.46 27.35 27.31 27.81 27.94 28.31 28.55 28.68 28.22 28.45 29.01 28.84 28.76 28.30 27.86 28.74 27.56 26.31 25.84 25.27 24.59 25.87 25.95 26.75 26.75 27.23 27.06 27.66 27.28 26.76 28.33 28.01 27.92 27.77 28.29 28.39
26.56 26.42 25.42 26.01 25.84 25.84 25.09 26.12 25.34 25.53 24.54 25.60 26.56 26.19 25.97 25.32 25.42 25.33 24.92 24.75 24.29 25.04 25.73 25.14 25.54 25.72 25.27 25.51 26.03 25.92 26.45 26.34 26.19 26.26 27.37 27.60 26.96 27.66 27.47 27.74 27.65 27.62 26.61 26.88 27.56 28.03 27.49 28.44 28.59 28.08 28.85 28.86 28.92 28.85 28.65 28.59 27.74 27.58 26.73 25.87 26.46 25.75 26.04 26.35 26.83 26.44 26.50 26.47 26.70 27.12 28.15 27.85 27.92 28.07 28.19 28.48 27.90
26.02 25.84 25.33 25.53 25.26 23.57 24.03 25.23 24.94 24.95 24.51 25.88 26.61 25.80 24.71 24.39 24.58 24.26 24.49 23.22 22.65 23.65 24.84 24.06 25.02 25.49 24.54 25.36 25.61 25.97 26.24 26.43 26.52 27.49 27.39 26.58 26.46 26.90 26.91 27.42 27.53 26.55 25.93 25.84 26.33 27.34 27.56 27.85 28.23 28.53 28.38 28.43 28.75 28.93 28.49 27.72 27.18 26.94 26.25 25.91 26.22 27.33 27.57 26.81 27.02 27.30 26.32 26.21 26.42 26.82 27.23 26.85 28.01 28.38 28.19 28.29 28.41
25.26 24.71 25.71 25.59 24.78 23.17 23.96 24.60 25.08 25.00 24.94 25.65 25.69 25.51 25.18 25.27 25.00 25.08 24.53 22.91 22.99 23.02 23.58 25.05 25.60 25.68 24.93 24.74 26.33 25.83 26.65 26.67 27.33 26.49 26.95 27.21 27.67 27.19 26.90 27.38 27.27 27.28 26.16 26.67 26.86 26.86 27.42 27.16 28.06 27.73 28.35 28.43 28.75 29.14 28.80 27.03 26.01 25.32 27.52 26.73 27.13 27.35 26.56 26.35 25.92 26.58 26.94 26.70 27.44 27.65 26.77 26.60 27.43 28.32 28.79 27.95 28.16
26.17 26.12 25.67 24.89 25.07 23.54 23.93 24.46 24.34 24.36 24.82 24.96 25.61 26.40 26.02 26.43 26.31 26.59 26.16 24.06 23.98 25.06 25.37 24.03 24.28 25.17 25.73 26.96 26.83 26.63 26.48 26.63 27.32 26.24 26.81 27.06 27.42 27.44 25.65 26.95 27.81 27.29 26.78 25.90 26.07 26.42 26.82 26.93 26.26 26.00 27.74 28.70 28.70 29.05 27.80 27.32 27.59 26.75 26.90 26.76 26.76 26.56 26.25 25.90 25.23 26.15 26.72 26.84 26.57 26.81 26.89 27.23 27.18 26.66 26.98 27.37 27.44
26.99 26.95 26.21 25.48 25.08 24.89 24.52 24.54 24.43 24.73 24.50 24.40 26.45 25.24 24.34 25.40 24.64 26.91 25.32 24.88 24.56 25.17 24.61 24.83 23.19 24.13 24.09 25.76 26.41 27.07 26.95 26.56 27.27 26.41 26.49 27.02 27.40 27.14 25.98 26.66 27.12 26.16 25.88 25.68 26.57 26.16 25.38 26.63 26.83 27.14 27.05 28.02 27.98 28.59 27.88 28.44 28.45 28.38 27.30 27.46 27.81 26.52 25.91 26.72 26.78 27.02 27.10 26.75 26.53 27.12 26.93 27.49 26.25 27.07 25.77 27.16 27.68
26.81 27.43 27.52 25.83 25.10 25.98 24.41 23.98 23.95 24.07 24.72 23.10 25.29 25.55 24.57 23.70 25.31 27.71 27.19 26.40 26.50 25.38 24.31 24.74 24.41 24.19 24.90 24.46 24.85 26.47 25.81 25.96 25.09 26.93 26.88 27.30 27.16 27.25 26.75 27.10 27.53 26.67 26.37 26.96 26.82 26.14 26.23 26.41 27.45 26.22 26.79 27.33 27.53 27.89 28.10 27.82 28.22 27.65 27.92 27.42 27.91 26.57 26.71 26.34 27.04 27.43 27.12 27.63 26.91 26.73 26.40 27.00 26.91 26.45 27.01 26.42 27.58
26.42 26.88 27.30 25.98 24.66 26.34 25.74 24.40 23.96 23.72 24.79 24.00 24.84 24.71 24.35 24.86 26.82 27.27 26.79 27.14 27.50 26.56 25.19 25.49 26.20 25.96 25.54 25.72 26.47 26.87 25.90 25.37 23.88 24.16 26.27 26.63 26.79 26.44 26.75 26.44 25.61 26.10 25.12 25.42 26.10 26.08 26.70 26.67 25.49 25.91 26.80 27.45 27.71 28.20 28.49 27.93 26.85 24.41 27.05 26.58 26.92 27.68 26.49 26.26 26.43 25.61 27.25 25.98 26.91 27.48 27.49 26.08 26.08 25.71 26.62 26.35 26.18
24.16 24.23 26.08 25.24 23.87 26.40 26.38 25.56 24.21 24.61 24.21 23.03 24.84 25.04 23.59 25.09 26.38 25.97 25.33 26.42 27.70 27.96 25.81 25.97 25.77 25.26 25.40 24.65 24.77 25.44 25.87 25.71 25.67 25.00 25.15 25.93 26.72 26.50 25.79 25.67 25.63 25.94 25.85 25.45 24.95 25.17 26.30 27.30 26.08 26.34 24.99 25.57 25.95 26.06 26.21 27.16 27.54 26.91 27.42 26.84 26.96 27.53 26.88 26.11 26.44 26.14 25.95 26.28 27.27 26.08 26.52 26.94 26.63 25.82 25.38 26.31 26.75
25.36 24.81 24.87 23.76 23.66 24.61 26.02 25.95 25.24 25.33 25.05 24.29 24.40 24.62 23.68 24.95 25.61 25.07 25.65 26.14 26.14 27.47 25.88 26.01 25.39 25.11 24.92 24.22 24.16 24.60 25.17 24.65 25.61 25.67 26.15 25.44 25.74 25.72 26.25 26.31 25.44 24.87 25.44 25.36 24.76 24.25 25.10 26.59 26.80 27.23 25.46 25.51 26.07 25.34 25.04 26.45 25.93 27.16 27.07 26.66 26.54 26.49 26.98 25.87 27.11 27.15 26.97 26.70 26.60 26.67 26.79 26.87 26.45 26.78 25.90 25.34 26.02
23.22 24.25 25.92 24.47 24.28 24.77 25.77 26.56 26.07 25.60 24.51 24.63 25.10 24.60 25.02 24.85 25.26 24.50 25.21 24.65 24.21 24.94 25.88 25.69 25.07 24.84 24.70 24.87 24.35 24.43 23.44 24.05 24.57 24.78 25.14 25.64 26.22 26.16 26.08 25.65 25.37 26.10 26.23 26.12 25.50 25.92 26.06 26.19 27.01 25.86 26.21 26.18 25.70 25.46 25.63 25.47 25.90 26.28 26.32 26.41 27.33 27.73 26.88 27.28 27.58 27.46 27.42 26.28 25.18 25.72 26.94 26.57 26.09 25.67 25.56 25.74 25.84
23.40 22.98 22.49 23.50 24.30 24.20 25.12 24.42 24.64 24.14 24.19 23.34 23.52 23.94 24.71 23.96 23.59 22.51 23.15 22.90 24.55 24.84 23.30 23.74 23.87 24.50 23.34 22.43 24.24 24.48 24.04 22.96 23.93 23.65 23.97 23.48 24.70 25.15 26.06 25.78 25.29 25.67 25.65 25.65 25.42 25.55 26.83 25.02 25.20 26.20 26.82 27.39 26.93 26.28 25.60 25.35 25.41 25.78 26.28 27.31 27.28 27.78 26.58 26.01 26.62 27.53 26.91 27.39 26.76 26.60 26.99 27.09 26.54 25.95 24.76 26.31 25.83
