main/data/irradiance/06.11.2023.grid
ncols 839
nrows 679
xllcenter 112.0500
yllcenter -43.9500
cellsize 0.0500
nodata_value 99999.90
[rows 442 to 475 of 679, columns 231 to 307 of 839]
27.09 25.93 24.56 23.57 22.52 22.81 24.07 25.07 25.32 25.07 24.86 24.24 24.40 24.35 22.94 22.38 23.71 24.06 23.83 23.36 23.26 24.90 25.69 25.69 25.40 23.98 24.12 24.42 24.77 23.23 24.05 24.74 26.32 26.67 26.02 25.80 26.00 27.06 25.99 25.19 25.61 25.39 25.40 26.29 26.32 26.86 27.28 27.61 27.06 23.74 24.34 26.53 27.06 26.51 26.21 26.08 25.91 26.74 27.40 26.18 25.95 26.24 26.18 27.35 26.87 25.58 25.62 27.09 27.10 27.12 26.93 27.11 27.39 27.74 27.44 27.29 26.93
23.86 23.52 23.42 21.52 21.76 22.04 22.86 23.46 23.92 22.98 22.80 21.84 21.83 22.22 22.81 23.79 23.53 22.94 23.42 23.53 24.59 25.95 26.04 24.73 24.36 23.97 24.30 23.27 24.19 23.47 24.15 23.46 25.09 26.36 25.27 25.31 25.85 24.74 24.10 24.82 22.79 22.94 24.07 25.01 25.23 25.63 25.79 26.39 25.51 24.20 24.63 25.39 26.27 27.07 26.70 26.76 26.91 26.42 26.13 26.40 26.62 25.62 26.01 27.25 27.39 27.00 27.00 27.07 26.19 26.19 26.56 27.02 27.35 27.17 26.49 26.66 26.21
24.24 23.08 21.88 21.32 22.04 22.45 23.61 24.00 24.27 23.70 22.48 21.76 22.12 23.08 23.21 23.70 21.67 24.23 24.61 24.70 26.20 26.64 25.10 23.81 22.45 23.68 23.70 23.91 22.85 22.96 23.56 23.36 24.69 25.49 26.26 26.41 26.20 24.32 25.36 24.89 22.60 23.69 25.18 24.56 24.72 25.18 25.43 24.70 23.16 24.71 24.53 25.39 26.27 27.07 26.57 26.76 26.57 24.99 25.29 25.93 25.87 25.88 26.43 26.44 26.45 26.66 27.00 26.63 25.90 26.19 26.38 26.63 27.01 26.46 26.45 26.40 26.21
25.11 24.02 23.71 23.73 24.30 24.78 24.89 24.82 23.83 23.65 22.83 22.95 23.01 23.44 22.77 22.49 22.53 25.17 25.32 26.34 25.44 24.88 24.02 23.13 24.06 25.07 24.97 24.00 23.23 24.90 25.23 25.74 25.60 25.53 25.40 24.62 24.29 25.16 24.33 24.42 23.64 25.09 26.64 26.33 25.51 24.65 25.43 24.70 23.16 24.71 24.53 24.53 26.27 26.57 26.57 26.76 26.57 24.99 25.29 25.93 27.24 27.17 27.25 26.44 26.45 26.66 27.00 26.63 25.90 26.19 26.38 26.63 27.01 26.46 26.45 26.40 26.40
24.99 24.40 25.04 26.04 26.17 26.45 24.91 23.70 23.20 24.13 23.16 24.35 24.88 23.60 24.10 24.69 25.37 25.89 25.68 25.57 23.74 23.27 23.16 23.18 24.34 24.48 23.85 23.77 24.00 25.80 25.62 25.28 25.12 23.91 24.25 22.43 24.14 25.21 24.75 24.35 22.33 25.37 25.67 24.81 25.51 24.65 24.65 24.70 23.16 24.71 24.53 24.53 24.53 26.57 26.57 26.76 26.57 24.99 25.29 27.24 27.24 27.17 27.25 27.25 26.45 26.66 27.00 26.63 25.90 26.19 26.38 26.63 27.01 26.46 26.45 26.40 26.40
25.08 25.26 25.79 26.94 26.51 25.95 25.43 24.56 23.87 23.77 24.37 23.92 24.00 24.90 24.90 25.28 25.71 25.68 25.36 24.47 23.51 23.25 23.85 24.45 25.14 24.43 24.41 25.24 25.38 24.96 24.34 24.18 23.85 24.05 24.64 23.80 25.26 23.89 24.97 23.35 23.04 24.18 23.21 24.81 24.81 24.65 24.65 24.65 23.16 24.71 24.53 24.53 24.53 26.57 26.57 26.76 26.57 24.99 27.24 27.24 27.24 27.17 27.25 27.25 27.25 26.66 27.00 26.63 25.90 26.19 26.38 26.63 27.01 26.46 26.45 26.40 26.40
25.71 25.66 24.99 24.90 25.58 26.51 25.10 23.52 23.84 24.40 25.63 25.58 25.70 26.08 25.71 26.11 26.55 25.60 25.15 24.69 24.09 23.73 24.55 25.83 25.72 25.25 25.13 24.62 24.22 23.92 23.57 23.21 23.58 24.94 25.14 25.60 25.55 25.04 24.06 23.23 22.98 24.18 23.21 23.21 24.81 24.81 24.65 24.65 23.16 24.71 24.53 24.53 24.53 26.57 26.57 26.76 26.57 24.99 27.24 27.24 27.24 27.17 27.25 27.25 27.25 26.66 27.00 26.63 25.90 26.19 26.38 26.63 27.01 26.46 26.45 26.40 26.40
26.16 25.22 24.19 25.32 26.92 25.99 25.18 23.21 23.74 24.14 24.29 25.90 25.54 25.27 25.75 25.99 26.44 25.63 23.91 24.04 24.63 23.40 23.34 24.24 25.88 25.88 24.42 23.69 23.13 23.62 23.81 24.25 25.02 25.00 24.10 24.98 24.57 23.62 22.55 22.68 22.98 22.98 23.21 23.21 23.21 24.81 24.65 24.65 23.16 24.71 24.53 24.53 24.53 26.57 26.57 26.76 26.57 24.99 27.24 27.24 27.24 27.17 27.25 27.25 27.25 26.66 27.00 26.63 25.90 26.19 26.38 26.63 27.01 26.46 26.45 26.40 26.40
26.36 25.55 25.27 25.16 25.19 25.67 25.70 24.88 24.03 23.73 23.47 24.61 25.53 25.42 25.72 24.44 23.91 22.58 23.02 23.50 24.71 23.08 22.45 23.61 23.84 24.61 23.88 23.15 22.62 22.98 23.69 24.37 25.18 25.25 25.20 25.28 24.18 23.31 22.55 22.68 22.68 22.98 22.98 23.21 23.21 23.21 24.81 24.65 24.65 24.71 24.53 24.53 24.53 26.57 26.57 26.76 26.57 27.24 27.24 27.24 27.24 27.17 27.25 27.25 27.25 27.25 27.00 26.63 25.90 26.19 26.38 26.63 27.01 26.46 26.45 26.40 26.40
25.24 25.86 24.58 24.48 24.96 25.06 26.45 26.38 26.28 25.02 25.34 25.55 25.19 25.42 27.45 25.70 23.16 22.16 23.01 23.16 23.74 25.34 25.08 24.24 23.07 22.13 22.46 23.49 23.05 23.15 24.35 24.29 23.85 24.13 25.20 25.28 24.18 23.31 23.31 22.68 22.68 22.68 22.98 23.21 23.21 23.21 23.21 24.65 24.65 24.71 24.53 24.53 24.53 26.57 26.57 26.76 26.57 27.24 27.24 27.24 27.24 27.17 27.25 27.25 27.25 27.25 27.00 26.63 25.90 26.19 26.38 26.63 27.01 26.46 26.45 26.40 26.40
25.63 24.80 24.21 24.11 25.13 25.90 27.37 26.79 25.79 26.73 27.40 27.07 27.13 27.18 26.85 25.86 24.98 25.87 25.64 25.07 25.65 26.89 26.96 27.24 24.80 21.94 22.44 23.18 23.18 22.61 22.36 23.09 23.85 24.13 24.13 25.28 24.18 23.31 23.31 23.31 22.68 22.68 22.68 22.98 23.21 23.21 23.21 23.21 24.65 24.71 24.53 24.53 24.53 26.57 26.57 26.76 26.57 27.24 27.24 27.24 27.24 27.17 27.25 27.25 27.25 27.25 27.00 26.63 25.90 26.19 26.38 26.63 27.01 26.46 26.45 26.40 26.40
26.34 24.41 23.55 23.19 25.32 27.16 28.21 27.89 26.56 27.13 27.56 27.01 26.09 26.77 25.35 24.96 23.89 26.27 26.41 27.23 27.77 27.10 27.43 26.76 25.75 22.19 22.02 22.87 24.66 24.12 22.36 23.09 23.09 24.13 24.13 24.13 24.18 23.31 23.31 23.31 22.68 22.68 22.68 22.68 23.21 23.21 23.21 23.21 23.21 24.65 24.53 24.53 24.53 26.57 26.57 26.76 27.24 27.24 27.24 27.24 27.24 27.17 27.25 27.25 27.25 27.25 27.25 26.63 25.90 26.19 26.38 26.63 27.01 26.46 26.45 26.40 26.40
26.89 26.26 25.00 25.40 26.23 26.63 27.46 27.99 26.64 26.08 26.25 25.52 24.56 24.70 23.90 22.77 24.43 25.18 26.96 27.41 27.28 27.28 27.51 26.66 26.08 23.88 22.40 23.31 24.66 24.12 24.12 23.09 23.09 23.09 24.13 24.13 24.18 23.31 23.31 23.31 23.31 22.68 22.68 22.68 22.68 23.21 23.21 23.21 23.21 24.65 24.53 24.53 24.53 26.57 26.57 26.76 27.24 27.24 27.24 27.24 27.24 27.17 27.25 27.25 27.25 27.25 27.25 26.63 25.90 26.19 26.38 26.63 27.01 26.46 26.45 26.40 26.40
27.14 26.66 26.44 27.19 26.83 27.26 27.85 27.65 26.88 25.35 23.82 23.91 24.57 23.73 23.99 24.36 25.76 26.33 27.45 27.73 26.56 25.52 24.60 23.49 22.55 22.58 22.40 23.31 23.31 24.12 24.12 24.12 23.09 23.09 24.13 24.13 24.18 23.31 23.31 23.31 23.31 22.68 22.68 22.68 22.68 22.68 23.21 23.21 23.21 23.21 24.65 24.65 24.65 27.24 27.24 27.24 27.24 27.24 27.24 27.24 27.24 27.17 27.25 27.25 27.25 27.25 27.25 27.25 27.25 27.25 27.25 27.25 27.25 99999.90 99999.90 99999.90 99999.90
26.30 26.52 27.71 28.15 27.94 28.01 28.18 27.60 27.50 26.96 23.36 25.51 25.93 25.52 24.58 26.71 26.12 26.23 25.93 25.18 25.38 23.76 21.89 22.26 20.94 22.58 22.58 23.31 23.31 23.31 24.12 24.12 23.09 23.09 23.09 24.13 24.13 23.31 23.31 23.31 23.31 23.31 22.68 22.68 22.68 22.68 23.21 23.21 23.21 23.21 23.21 23.21 24.81 24.81 99999.90 99999.90 99999.90 99999.90 99999.90 99999.90 99999.90 99999.90 99999.90 99999.90 99999.90 99999.90 99999.90 99999.90 99999.90 99999.90 99999.90 99999.90 99999.90 99999.90 99999.90 99999.90 99999.90
26.56 27.03 28.05 28.27 27.55 27.51 27.91 27.96 27.66 26.46 26.17 25.70 24.88 24.49 25.25 26.61 26.28 25.55 25.94 26.13 25.41 21.53 19.27 22.26 20.94 20.94 22.58 22.58 23.31 23.31 24.12 24.12 24.12 23.09 23.09 24.13 24.13 23.31 23.31 23.31 23.31 23.31 22.68 22.68 22.68 22.68 22.68 23.21 23.21 23.21 23.21 23.21 23.21 99999.90 99999.90 99999.90 99999.90 99999.90 99999.90 99999.90 99999.90 99999.90 99999.90 99999.90 99999.90 99999.90 99999.90 99999.90 99999.90 99999.90 99999.90 99999.90 99999.90 99999.90 99999.90 99999.90 99999.90
27.48 27.71 27.95 27.70 27.25 27.05 26.83 26.90 25.04 24.49 25.06 23.88 22.67 23.50 25.69 26.61 26.28 25.55 25.94 26.13 25.41 21.53 19.27 19.27 20.94 20.94 20.94 22.58 23.31 23.31 23.31 24.12 24.12 23.09 23.09 23.09 24.13 23.31 23.31 23.31 23.31 23.31 23.31 22.68 22.68 22.68 22.68 22.68 22.68 22.98 22.98 99999.90 99999.90 99999.90 99999.90 99999.90 99999.90 99999.90 99999.90 99999.90 99999.90 99999.90 99999.90 99999.90 99999.90 99999.90 99999.90 99999.90 99999.90 99999.90 99999.90 99999.90 99999.90 99999.90 99999.90 99999.90 99999.90
26.85 27.56 27.12 26.92 26.74 26.59 26.17 26.37 25.35 23.88 24.12 23.24 23.43 23.50 25.69 25.69 26.28 25.55 25.94 26.13 25.41 21.53 19.27 19.27 19.27 20.94 20.94 20.94 22.58 23.31 23.31 24.12 24.12 24.12 23.09 23.09 24.13 24.13 23.31 23.31 23.31 23.31 23.31 22.68 22.68 22.68 22.68 22.68 22.68 22.68 99999.90 99999.90 99999.90 99999.90 99999.90 99999.90 99999.90 99999.90 99999.90 99999.90 99999.90 99999.90 99999.90 99999.90 99999.90 99999.90 99999.90 99999.90 99999.90 99999.90 99999.90 99999.90 99999.90 99999.90 99999.90 99999.90 99999.90
27.23 27.62 27.42 27.48 27.26 26.87 26.31 25.79 25.71 26.20 26.31 25.14 23.43 23.43 25.69 25.69 25.69 25.55 25.94 26.13 25.41 21.53 19.27 19.27 19.27 20.94 20.94 20.94 20.94 23.31 23.31 23.31 24.12 24.12 23.09 23.09 23.09 24.13 23.31 23.31 23.31 23.31 23.31 23.31 23.31 23.31 23.31 23.31 99999.90 99999.90 99999.90 99999.90 99999.90 99999.90 99999.90 99999.90 99999.90 99999.90 99999.90 99999.90 99999.90 99999.90 99999.90 99999.90 99999.90 99999.90 99999.90 99999.90 99999.90 99999.90 99999.90 99999.90 99999.90 99999.90 99999.90 99999.90 99999.90
27.40 27.43 27.37 26.74 27.32 27.45 27.03 26.59 26.29 26.79 26.59 25.14 25.14 23.43 23.43 25.69 25.69 25.55 25.94 26.13 25.41 21.53 19.27 19.27 19.27 19.27 20.94 20.94 20.94 20.94 23.31 23.31 24.12 24.12 24.12 23.09 23.09 24.13 24.13 24.13 24.13 24.13 24.13 24.13 99999.90 99999.90 99999.90 99999.90 99999.90 99999.90 99999.90 99999.90 99999.90 99999.90 99999.90 99999.90 99999.90 99999.90 99999.90 99999.90 99999.90 99999.90 99999.90 99999.90 99999.90 99999.90 99999.90 99999.90 99999.90 99999.90 99999.90 99999.90 99999.90 99999.90 99999.90 99999.90 99999.90
27.41 27.20 26.77 26.83 27.24 26.14 25.86 27.15 27.32 26.38 26.59 26.59 25.14 25.14 23.43 25.69 25.69 25.55 25.94 26.13 25.41 21.53 19.27 19.27 19.27 19.27 20.94 20.94 20.94 20.94 20.94 23.31 23.31 24.12 24.12 23.09 23.09 23.09 23.09 23.09 23.09 23.09 99999.90 99999.90 99999.90 99999.90 99999.90 99999.90 99999.90 99999.90 99999.90 99999.90 99999.90 99999.90 99999.90 99999.90 99999.90 99999.90 99999.90 99999.90 99999.90 99999.90 99999.90 99999.90 99999.90 99999.90 99999.90 99999.90 99999.90 99999.90 99999.90 99999.90 99999.90 99999.90 99999.90 99999.90 99999.90
27.94 27.43 26.16 27.45 26.88 25.73 25.04 26.65 25.67 25.78 25.78 25.78 26.59 25.14 25.14 23.43 25.69 25.69 25.94 26.13 25.41 21.53 19.27 19.27 19.27 19.27 19.27 20.94 20.94 20.94 20.94 23.31 23.31 24.12 24.12 24.12 24.12 24.12 24.12 24.12 99999.90 99999.90 99999.90 99999.90 99999.90 99999.90 99999.90 99999.90 99999.90 99999.90 99999.90 99999.90 99999.90 99999.90 99999.90 99999.90 99999.90 99999.90 99999.90 99999.90 99999.90 99999.90 99999.90 99999.90 99999.90 99999.90 99999.90 99999.90 99999.90 99999.90 99999.90 99999.90 99999.90 99999.90 99999.90 99999.90 99999.90
27.03 26.18 25.85 26.35 25.93 25.75 26.27 26.95 27.07 25.78 25.78 25.78 25.78 25.78 25.14 25.14 25.69 25.69 25.94 26.13 25.41 21.53 19.27 19.27 19.27 19.27 19.27 20.94 20.94 20.94 20.94 20.94 23.31 23.31 23.31 23.31 23.31 23.31 99999.90 99999.90 99999.90 99999.90 99999.90 99999.90 99999.90 99999.90 99999.90 99999.90 99999.90 99999.90 99999.90 99999.90 99999.90 99999.90 99999.90 99999.90 99999.90 99999.90 99999.90 99999.90 99999.90 99999.90 99999.90 99999.90 99999.90 99999.90 99999.90 99999.90 99999.90 99999.90 99999.90 99999.90 99999.90 99999.90 99999.90 99999.90 99999.90
27.75 27.42 25.90 25.85 25.82 27.20 27.95 28.09 27.79 27.79 27.79 25.78 25.78 25.78 25.78 25.78 25.14 25.69 25.94 26.13 25.41 21.53 19.27 19.27 19.27 19.27 19.27 19.27 20.94 20.94 20.94 20.94 20.94 20.94 22.58 22.58 99999.90 99999.90 99999.90 99999.90 99999.90 99999.90 99999.90 99999.90 99999.90 99999.90 99999.90 99999.90 99999.90 99999.90 99999.90 99999.90 99999.90 99999.90 99999.90 99999.90 99999.90 99999.90 99999.90 99999.90 99999.90 99999.90 99999.90 99999.90 99999.90 99999.90 99999.90 99999.90 99999.90 99999.90 99999.90 99999.90 99999.90 99999.90 99999.90 99999.90 99999.90
26.91 27.25 25.84 26.52 26.85 27.91 27.80 27.48 27.79 27.79 27.79 27.79 27.79 25.78 25.78 25.78 25.78 25.14 25.69 26.13 25.41 21.53 19.27 19.27 19.27 19.27 19.27 19.27 20.94 20.94 20.94 20.94 20.94 20.94 20.94 99999.90 99999.90 99999.90 99999.90 99999.90 99999.90 99999.90 99999.90 99999.90 99999.90 99999.90 99999.90 99999.90 99999.90 99999.90 99999.90 99999.90 99999.90 99999.90 99999.90 99999.90 99999.90 99999.90 99999.90 99999.90 99999.90 99999.90 99999.90 99999.90 99999.90 99999.90 99999.90 99999.90 99999.90 99999.90 99999.90 99999.90 99999.90 99999.90 99999.90 99999.90 99999.90
26.86 27.42 26.08 27.21 27.13 27.30 26.79 26.78 26.78 26.78 27.79 27.79 27.79 27.79 27.79 25.78 25.78 25.78 25.69 26.13 25.41 21.53 19.27 19.27 19.27 19.27 19.27 19.27 19.27 19.27 19.27 19.27 19.27 99999.90 99999.90 99999.90 99999.90 99999.90 99999.90 99999.90 99999.90 99999.90 99999.90 99999.90 99999.90 99999.90 99999.90 99999.90 99999.90 99999.90 99999.90 99999.90 99999.90 99999.90 99999.90 99999.90 99999.90 99999.90 99999.90 99999.90 99999.90 99999.90 99999.90 99999.90 99999.90 99999.90 99999.90 99999.90 99999.90 99999.90 99999.90 99999.90 99999.90 99999.90 99999.90 99999.90 99999.90
26.21 26.36 27.52 28.35 28.17 27.65 27.22 26.12 26.12 26.12 26.12 26.12 27.79 27.79 27.79 27.79 27.79 25.78 25.78 25.69 25.69 25.69 25.69 25.69 25.69 99999.90 99999.90 99999.90 99999.90 99999.90 99999.90 99999.90 99999.90 99999.90 99999.90 99999.90 99999.90 99999.90 99999.90 99999.90 99999.90 99999.90 99999.90 99999.90 99999.90 99999.90 99999.90 99999.90 99999.90 99999.90 99999.90 99999.90 99999.90 99999.90 99999.90 99999.90 99999.90 99999.90 99999.90 99999.90 99999.90 99999.90 99999.90 99999.90 99999.90 99999.90 99999.90 99999.90 99999.90 99999.90 99999.90 99999.90 99999.90 99999.90 99999.90 99999.90 99999.90
27.00 27.34 28.38 28.30 27.87 27.49 27.34 26.12 26.12 26.12 26.12 26.12 26.12 26.12 26.12 27.79 27.79 27.79 27.79 25.78 25.14 23.43 23.43 99999.90 99999.90 99999.90 99999.90 99999.90 99999.90 99999.90 99999.90 99999.90 99999.90 99999.90 99999.90 99999.90 99999.90 99999.90 99999.90 99999.90 99999.90 99999.90 99999.90 99999.90 99999.90 99999.90 99999.90 99999.90 99999.90 99999.90 99999.90 99999.90 99999.90 99999.90 99999.90 99999.90 99999.90 99999.90 99999.90 99999.90 99999.90 99999.90 99999.90 99999.90 99999.90 99999.90 99999.90 99999.90 99999.90 99999.90 99999.90 99999.90 99999.90 99999.90 99999.90 99999.90 99999.90
28.17 27.88 28.04 28.11 28.15 27.41 26.38 26.38 26.38 26.12 26.12 26.12 26.12 26.12 26.12 26.12 26.12 26.12 27.79 25.78 25.14 25.14 99999.90 99999.90 99999.90 99999.90 99999.90 99999.90 99999.90 99999.90 99999.90 99999.90 99999.90 99999.90 99999.90 99999.90 99999.90 99999.90 99999.90 99999.90 99999.90 99999.90 99999.90 99999.90 99999.90 99999.90 99999.90 99999.90 99999.90 99999.90 99999.90 99999.90 99999.90 99999.90 99999.90 99999.90 99999.90 99999.90 99999.90 99999.90 99999.90 99999.90 99999.90 99999.90 99999.90 99999.90 99999.90 99999.90 99999.90 99999.90 99999.90 99999.90 99999.90 99999.90 99999.90 99999.90 99999.90
25.95 26.93 27.33 27.98 27.71 27.07 26.38 26.38 26.38 26.38 26.38 26.12 26.12 26.12 26.12 26.12 26.12 26.12 27.79 25.78 26.59 99999.90 99999.90 99999.90 99999.90 99999.90 99999.90 99999.90 99999.90 99999.90 99999.90 99999.90 99999.90 99999.90 99999.90 99999.90 99999.90 99999.90 99999.90 99999.90 99999.90 99999.90 99999.90 99999.90 99999.90 99999.90 99999.90 99999.90 99999.90 99999.90 99999.90 99999.90 99999.90 99999.90 99999.90 99999.90 99999.90 99999.90 99999.90 99999.90 99999.90 99999.90 99999.90 99999.90 99999.90 99999.90 99999.90 99999.90 99999.90 99999.90 99999.90 99999.90 99999.90 99999.90 99999.90 99999.90 99999.90
26.44 27.93 27.99 27.00 25.30 27.07 27.07 26.38 26.38 26.38 26.38 26.38 26.38 26.12 26.12 26.12 26.12 26.12 27.79 25.78 99999.90 99999.90 99999.90 99999.90 99999.90 99999.90 99999.90 99999.90 99999.90 99999.90 99999.90 99999.90 99999.90 99999.90 99999.90 99999.90 99999.90 99999.90 99999.90 99999.90 99999.90 99999.90 99999.90 99999.90 99999.90 99999.90 99999.90 99999.90 99999.90 99999.90 99999.90 99999.90 99999.90 99999.90 99999.90 99999.90 99999.90 99999.90 99999.90 99999.90 99999.90 99999.90 99999.90 99999.90 99999.90 99999.90 99999.90 99999.90 99999.90 99999.90 99999.90 99999.90 99999.90 99999.90 99999.90 99999.90 99999.90
25.87 26.99 26.88 27.00 25.30 25.30 27.07 27.07 26.38 26.38 26.38 26.38 26.38 26.38 26.38 26.12 26.12 26.12 27.79 25.78 99999.90 99999.90 99999.90 99999.90 99999.90 99999.90 99999.90 99999.90 99999.90 99999.90 99999.90 99999.90 99999.90 99999.90 99999.90 99999.90 99999.90 99999.90 99999.90 99999.90 99999.90 99999.90 99999.90 99999.90 99999.90 99999.90 99999.90 99999.90 99999.90 99999.90 99999.90 99999.90 99999.90 99999.90 99999.90 99999.90 99999.90 99999.90 99999.90 99999.90 99999.90 99999.90 99999.90 99999.90 99999.90 99999.90 99999.90 99999.90 99999.90 99999.90 99999.90 99999.90 99999.90 99999.90 99999.90 99999.90 99999.90
24.87 25.10 25.84 25.84 25.30 25.30 25.30 27.07 27.07 26.38 26.38 26.38 26.38 26.38 26.38 26.38 26.38 26.12 27.79 99999.90 99999.90 99999.90 99999.90 99999.90 99999.90 99999.90 99999.90 99999.90 99999.90 99999.90 99999.90 99999.90 99999.90 99999.90 99999.90 99999.90 99999.90 99999.90 99999.90 99999.90 99999.90 99999.90 99999.90 99999.90 99999.90 99999.90 99999.90 99999.90 99999.90 99999.90 99999.90 99999.90 99999.90 99999.90 99999.90 99999.90 99999.90 99999.90 99999.90 99999.90 99999.90 99999.90 99999.90 99999.90 99999.90 99999.90 99999.90 99999.90 99999.90 99999.90 99999.90 99999.90 99999.90 99999.90 99999.90 99999.90 99999.90
24.43 24.21 24.98 24.98 24.98 24.98 25.30 25.30 27.07 27.07 26.38 26.38 26.38 26.38 26.38 26.38 26.38 26.12 27.79 99999.90 99999.90 99999.90 99999.90 99999.90 99999.90 99999.90 99999.90 99999.90 99999.90 99999.90 99999.90 99999.90 99999.90 99999.90 99999.90 99999.90 99999.90 99999.90 99999.90 99999.90 99999.90 99999.90 99999.90 99999.90 99999.90 99999.90 99999.90 99999.90 99999.90 99999.90 99999.90 99999.90 99999.90 99999.90 99999.90 99999.90 99999.90 99999.90 99999.90 99999.90 99999.90 99999.90 99999.90 99999.90 99999.90 99999.90 99999.90 99999.90 99999.90 99999.90 99999.90 99999.90 99999.90 99999.90 99999.90 99999.90 99999.90
