main/data/irradiance/06.10.2023.grid
ncols 839
nrows 679
xllcenter 112.0500
yllcenter -43.9500
cellsize 0.0500
nodata_value 99999.90
[rows 476 to 509 of 679, columns 462 to 538 of 839]
15.86 14.89 14.76 15.94 16.36 16.06 16.94 16.24 16.04 15.85 16.08 14.49 14.51 14.35 14.68 15.54 15.21 15.18 15.18 15.49 15.85 15.18 15.50 16.36 16.61 16.94 16.84 17.43 18.69 19.05 19.45 20.02 18.61 19.33 19.33 19.37 19.37 21.87 22.03 21.82 21.82 21.82 21.76 21.76 21.76 14.13 12.77 12.77 12.77 12.77 11.63 11.63 13.06 12.98 13.27 13.84 14.09 13.67 14.89 15.30 13.38 13.22 15.40 16.02 14.44 13.81 13.00 14.46 15.55 16.34 15.94 16.74 16.33 16.47 15.97 16.66 15.58
15.86 15.52 14.29 16.09 17.22 16.20 15.61 15.89 15.79 14.98 15.34 14.41 14.55 14.65 14.70 15.08 14.34 14.28 14.28 15.11 15.93 15.46 15.91 16.17 17.25 17.15 16.85 17.73 19.54 20.20 19.45 20.02 20.02 19.33 19.33 19.33 19.37 21.87 22.03 21.82 21.82 21.82 21.82 21.76 14.13 14.13 14.13 14.13 12.77 12.77 12.77 12.54 13.79 13.58 14.43 14.23 13.88 13.84 14.40 13.28 13.32 14.52 14.85 16.36 16.70 15.80 15.41 15.63 17.74 17.05 16.90 16.42 15.50 16.66 16.73 16.93 16.15
15.52 15.52 15.26 16.06 16.73 15.96 15.73 15.40 15.36 14.79 14.94 14.56 14.02 14.71 14.40 14.50 13.86 13.14 13.21 15.12 14.81 13.99 15.72 17.23 17.44 17.62 17.81 18.20 19.11 20.20 20.20 20.02 20.02 20.02 19.33 19.33 19.33 21.87 22.03 21.82 21.82 21.82 21.82 14.13 14.13 14.13 14.13 14.13 14.13 14.89 14.89 15.12 15.25 14.99 14.35 14.81 15.38 15.52 15.64 14.30 13.07 14.65 15.33 15.32 16.22 15.78 16.11 17.07 17.81 17.32 16.62 16.39 15.69 17.06 17.34 17.37 16.89
15.52 15.26 15.26 16.11 16.17 17.15 16.54 16.34 15.14 14.84 13.98 13.83 14.08 14.42 15.00 15.06 14.93 14.14 14.06 15.16 14.07 14.55 16.43 17.10 17.60 17.78 18.43 18.20 19.11 19.11 20.20 20.20 20.02 20.02 19.33 19.33 19.33 19.33 22.03 21.82 21.82 21.82 17.70 17.70 14.13 14.13 14.13 14.13 14.13 14.13 14.74 15.96 15.37 15.66 15.28 14.61 16.73 15.63 15.52 15.63 15.06 13.75 14.94 14.00 14.74 15.13 15.39 16.67 17.29 16.27 16.15 15.37 14.90 15.74 16.34 16.56 16.84
15.26 16.57 16.57 16.57 16.64 17.16 15.86 15.76 14.94 14.50 14.55 14.70 15.08 14.75 15.40 15.24 15.36 15.22 15.78 16.02 16.21 16.98 17.55 18.51 18.79 17.78 18.43 18.43 19.11 19.11 19.11 20.20 20.02 20.02 20.02 19.33 19.33 19.33 22.03 21.82 21.82 17.70 17.70 17.70 17.70 14.12 14.12 14.90 14.90 14.90 14.87 15.48 16.18 15.95 15.92 16.01 16.48 15.79 14.70 13.08 13.54 13.15 13.22 14.09 14.54 15.05 15.47 14.94 16.03 16.21 15.57 15.81 15.72 15.27 16.86 16.07 16.79
16.09 16.09 16.09 16.09 16.49 16.37 15.55 15.63 14.47 14.63 15.13 15.14 15.65 16.26 15.96 16.77 16.75 16.85 17.12 16.55 17.15 17.35 17.58 18.48 18.79 18.79 18.43 18.43 18.43 19.11 19.11 19.11 20.20 20.02 20.02 19.33 19.33 19.33 19.33 21.82 17.70 17.70 17.70 17.70 17.70 17.70 14.12 14.12 13.76 13.76 14.18 15.98 17.84 18.21 17.37 16.52 15.51 15.49 15.80 14.31 14.56 14.62 14.15 14.87 14.83 14.40 15.15 16.09 16.23 15.68 16.25 16.21 15.95 16.37 16.94 16.39 16.29
15.96 15.96 15.96 15.96 16.24 16.26 16.27 16.08 15.63 15.25 15.28 15.34 16.10 16.05 17.07 17.77 17.65 17.52 17.16 17.29 17.66 18.06 18.10 19.37 19.37 19.37 18.79 18.43 18.43 19.11 19.11 19.11 19.11 20.02 20.02 20.02 19.33 19.33 19.33 17.70 17.70 17.70 17.70 17.70 17.70 17.70 17.70 14.12 14.12 13.78 16.28 17.50 18.39 18.98 17.45 16.47 16.27 16.55 15.80 14.31 16.92 16.31 15.58 15.74 15.28 16.51 16.19 15.40 16.74 16.90 17.11 17.25 16.65 17.74 16.41 16.75 17.02
15.96 15.96 15.96 15.96 15.83 15.63 16.28 16.59 15.78 15.53 15.39 15.58 14.97 15.47 16.33 17.42 16.88 17.00 17.16 17.65 17.42 17.88 19.11 19.37 19.37 19.37 19.37 18.43 18.43 18.43 19.11 19.11 19.11 19.11 20.02 20.02 19.33 19.33 17.70 17.70 17.70 17.70 17.70 17.70 17.70 17.70 17.70 17.70 15.03 15.94 16.92 16.40 17.40 18.01 16.19 14.71 13.42 15.12 15.12 16.92 16.92 16.32 15.79 16.10 15.78 15.69 16.05 15.71 15.91 17.01 17.16 17.06 16.69 17.75 16.96 17.08 17.31
15.96 15.96 15.52 15.52 15.52 15.74 15.36 15.91 15.91 16.10 16.66 16.87 16.20 16.20 16.98 17.92 17.74 18.21 18.08 18.17 18.01 18.84 19.63 19.63 19.63 19.37 19.37 19.37 18.43 18.43 19.11 19.11 19.11 19.11 19.11 20.02 20.02 19.33 16.35 16.35 16.35 16.35 16.35 16.35 16.35 16.35 16.35 16.35 14.76 16.92 18.52 18.22 17.96 17.70 15.96 14.86 15.12 15.12 15.12 16.73 16.73 16.73 15.67 15.58 15.42 15.29 15.08 15.18 16.85 17.08 17.22 17.17 16.98 17.78 16.84 17.42 18.26
15.52 15.52 15.52 15.52 15.52 15.11 15.49 15.29 16.25 16.78 17.20 17.41 17.70 17.71 18.76 18.57 18.77 18.93 18.67 18.10 18.59 19.59 19.63 19.63 19.63 19.63 19.63 19.37 19.37 18.43 18.43 19.11 19.11 19.11 19.11 20.02 20.02 16.35 16.35 16.35 16.35 16.35 16.35 16.35 16.35 16.35 16.35 16.35 15.94 18.09 19.58 19.92 18.65 17.13 15.14 15.65 16.11 17.87 17.87 17.87 16.73 16.73 16.79 15.71 16.08 15.31 14.80 15.84 16.06 17.13 17.24 16.97 17.12 18.50 17.39 17.36 17.83
19.33 15.52 15.52 15.48 15.48 15.48 15.69 15.92 16.67 17.02 17.65 17.95 18.18 18.70 18.98 19.17 18.89 18.27 17.94 19.14 18.59 19.59 19.59 19.63 19.63 19.63 19.63 19.63 19.63 19.37 18.43 19.11 19.11 19.11 19.11 19.11 20.02 16.14 16.14 16.14 16.14 16.14 16.14 16.14 16.14 16.14 16.14 16.14 16.39 17.54 19.68 19.59 18.85 17.78 16.16 16.52 15.32 17.87 17.87 17.87 17.59 17.59 17.59 15.46 14.30 15.11 15.49 14.64 14.98 16.67 17.07 17.41 17.30 17.93 18.08 17.56 18.16
19.33 19.42 15.78 15.78 15.78 15.78 16.60 17.00 16.92 16.50 17.12 17.91 18.17 19.20 19.31 19.55 18.88 17.12 17.70 19.51 19.51 19.59 19.59 19.59 19.63 19.63 19.63 19.63 19.63 19.63 19.63 18.43 19.11 19.11 19.11 19.11 19.11 16.02 16.02 16.02 16.02 16.02 16.02 16.02 16.02 16.02 16.02 16.02 15.61 17.52 19.52 19.43 18.45 17.61 17.26 17.16 15.32 15.32 17.87 17.87 17.59 17.59 17.59 16.42 15.30 14.96 15.16 16.11 15.23 16.54 17.15 17.93 17.98 18.49 18.11 18.02 18.76
19.33 19.42 19.17 16.91 16.91 16.91 17.45 16.27 16.46 16.58 17.39 18.25 18.85 19.08 19.15 18.91 17.69 17.88 17.72 19.51 19.51 19.51 19.59 19.59 19.59 19.63 19.63 19.63 19.63 19.63 19.63 19.63 19.11 19.11 21.25 21.25 21.25 15.90 15.90 15.90 15.90 15.90 15.90 15.90 15.90 15.90 15.90 15.90 15.99 18.39 19.21 19.28 19.19 17.77 17.48 17.16 17.16 15.32 15.32 17.87 17.59 17.26 17.26 17.26 16.96 15.67 15.96 14.86 15.37 16.43 16.29 16.71 17.61 18.12 18.94 19.17 18.91
19.33 19.42 19.17 19.17 16.91 16.91 16.57 15.53 15.65 16.35 17.63 18.74 19.20 19.05 18.78 18.74 18.48 18.86 17.72 19.57 19.57 19.57 19.57 19.57 19.59 19.59 19.63 19.63 19.63 19.63 19.63 19.63 21.25 21.25 21.25 21.25 21.25 21.25 17.07 17.07 17.07 17.07 17.07 17.07 17.07 17.07 17.07 17.07 17.78 18.55 18.46 18.68 17.96 17.36 16.27 16.27 16.27 17.16 15.32 17.26 17.26 17.26 17.26 17.26 18.15 16.02 16.71 14.74 15.39 15.90 17.18 17.95 17.96 18.89 18.80 19.61 20.04
19.33 19.42 19.17 19.17 17.29 17.29 16.17 16.24 16.62 17.33 17.91 19.15 19.16 18.39 19.08 18.68 18.48 18.86 18.86 19.57 19.57 19.57 19.57 19.57 19.57 19.57 19.59 19.63 19.63 19.63 19.63 21.25 21.25 21.25 21.25 21.25 21.25 21.25 21.25 18.96 18.96 18.96 18.96 18.96 18.96 18.96 18.96 18.96 16.92 17.85 18.52 17.80 17.64 16.34 16.93 16.93 16.93 16.93 16.93 17.26 17.26 17.26 17.26 18.15 18.15 17.38 15.58 15.16 15.42 17.09 17.35 18.67 19.48 20.23 19.86 19.51 20.62
19.33 19.42 19.17 19.04 19.04 17.29 16.17 16.50 17.34 17.89 19.36 19.55 19.35 18.67 18.63 18.99 18.99 18.86 18.86 19.57 19.57 19.57 19.57 19.57 19.57 19.57 19.57 19.57 19.63 19.63 19.63 21.25 21.25 21.25 21.25 21.25 21.25 21.25 21.25 21.40 21.16 18.96 18.96 18.96 18.96 18.96 18.96 18.96 17.74 17.98 19.07 19.11 18.91 18.32 17.09 17.09 17.09 17.09 17.09 17.26 17.26 17.26 18.15 20.23 20.23 20.23 17.90 16.93 16.71 17.78 18.70 19.20 19.74 19.92 19.95 20.14 21.26
19.33 19.42 19.04 19.04 18.51 18.51 17.15 17.49 17.34 17.32 18.19 18.54 18.22 18.48 19.28 18.99 18.99 18.99 18.86 19.57 19.57 19.57 19.57 19.57 19.57 19.57 19.57 19.57 19.57 19.57 21.46 21.25 21.25 21.25 21.25 21.25 21.25 21.25 21.25 21.40 21.16 20.72 20.67 20.67 20.67 20.67 20.67 18.40 18.40 18.76 18.33 18.69 18.81 18.05 18.81 18.81 18.81 18.81 18.81 18.81 17.26 20.23 20.23 20.23 20.23 20.23 20.84 19.42 19.11 19.03 19.44 19.87 19.81 20.05 20.24 20.62 21.17
19.33 19.04 19.04 18.51 18.51 18.20 18.20 20.01 17.42 16.82 17.38 17.37 17.30 18.32 19.28 19.28 19.83 19.83 19.83 19.83 19.57 19.57 19.57 19.57 19.57 19.57 19.57 19.57 19.57 21.46 21.46 21.46 21.25 21.25 21.25 21.25 21.25 21.25 21.25 21.40 21.16 20.72 20.67 20.67 20.67 20.67 20.67 20.67 19.92 19.73 19.55 19.13 18.47 19.09 19.68 19.68 19.68 19.68 19.68 19.68 20.23 20.23 20.23 20.23 20.23 20.84 20.84 21.43 19.33 17.79 19.42 20.15 20.68 21.10 21.35 21.77 21.75
19.33 19.04 18.51 18.51 18.51 18.20 18.20 18.91 17.39 17.46 17.43 18.21 17.36 18.05 18.06 18.06 19.83 19.83 19.83 19.83 19.83 19.83 19.57 19.57 19.57 19.57 19.57 19.57 19.57 21.46 21.46 21.46 21.46 21.25 21.25 21.25 21.25 21.25 21.25 21.40 21.16 20.72 20.40 21.16 21.16 21.16 21.16 21.16 21.06 20.53 20.30 20.22 18.99 18.77 20.15 20.15 20.15 20.15 20.15 20.15 20.23 20.23 20.23 20.23 20.84 20.84 21.43 21.43 19.49 18.62 19.84 20.55 21.18 21.47 21.33 21.52 20.90
19.33 18.51 18.51 18.51 18.20 18.20 18.91 18.91 19.43 20.03 19.62 19.02 17.52 18.05 18.06 19.83 19.83 19.83 19.83 19.83 19.83 19.83 19.83 19.83 19.57 19.57 19.57 19.57 21.46 21.46 21.46 21.46 21.46 21.46 21.25 21.25 21.25 21.25 21.25 21.40 21.16 20.72 20.40 20.40 20.58 20.58 20.58 20.58 21.22 20.35 20.35 19.92 18.62 19.26 20.15 20.15 20.15 20.15 20.15 20.15 20.15 20.23 20.23 19.23 19.23 19.23 19.23 19.23 18.51 19.85 20.49 21.17 21.88 21.42 21.23 21.04 20.84
18.51 18.51 18.51 18.51 18.20 18.91 18.91 19.43 19.43 21.20 21.17 20.03 17.52 18.72 18.37 18.80 20.11 20.11 20.11 20.11 20.11 20.11 20.11 20.11 20.11 20.11 19.57 21.46 21.46 21.46 21.46 21.46 21.46 21.46 21.46 21.25 21.25 21.25 21.25 21.40 21.16 20.72 20.40 20.40 20.40 19.93 19.93 19.93 20.40 20.07 19.59 19.77 18.78 19.89 19.89 19.89 20.15 20.15 20.15 20.15 20.15 19.32 19.32 19.32 19.32 19.32 19.32 19.32 19.57 19.77 20.82 22.01 22.20 21.33 21.37 20.79 20.32
18.51 18.51 18.51 18.20 18.91 18.91 19.43 19.43 21.20 21.20 21.95 20.03 20.03 18.72 18.37 19.23 20.39 20.39 20.39 20.39 20.39 20.39 20.39 20.39 20.39 20.39 20.39 22.25 21.46 21.46 21.46 21.46 21.46 21.46 21.46 21.46 21.25 21.25 21.25 21.40 21.16 20.72 20.40 20.40 20.06 19.94 20.17 20.17 19.97 19.77 18.98 18.64 19.08 19.89 19.89 19.89 19.89 19.89 20.15 20.15 20.15 21.13 21.13 21.13 21.13 21.13 21.13 21.13 21.30 21.32 21.79 22.32 21.62 21.15 20.70 20.99 20.33
18.51 18.51 18.51 18.91 18.91 19.43 19.43 21.20 21.20 21.95 21.95 21.95 20.03 18.72 19.23 19.23 21.27 21.27 21.27 21.27 21.27 21.27 21.27 21.27 21.27 21.27 21.27 22.25 22.25 22.25 21.46 21.46 21.46 21.46 21.46 21.46 21.46 21.25 21.25 21.40 21.16 20.72 20.40 20.40 20.06 19.94 19.94 19.20 19.73 19.82 19.73 19.80 20.70 20.70 20.70 19.89 19.89 19.89 19.89 19.89 21.13 21.13 21.13 21.13 21.13 21.13 21.13 21.13 21.59 21.36 21.98 21.94 20.61 19.88 20.18 20.55 20.17
18.51 18.51 18.91 18.91 19.43 19.43 21.20 21.20 21.95 21.95 21.95 21.95 21.95 19.23 19.23 21.27 21.27 21.27 21.27 21.27 21.27 21.27 21.27 21.27 21.27 21.27 22.25 22.25 22.25 22.25 22.25 22.25 21.46 21.46 21.46 21.46 21.46 21.46 21.20 20.71 21.23 20.40 20.73 20.70 20.06 19.42 19.87 19.54 19.36 19.75 19.19 19.78 20.89 20.89 20.89 20.89 20.89 19.89 19.89 19.89 21.13 21.13 21.13 21.13 21.13 21.13 21.59 21.59 21.59 21.85 22.10 20.72 19.68 20.04 20.18 20.03 19.99
18.51 18.91 18.91 19.43 19.43 21.20 21.20 21.95 21.95 21.95 21.95 21.95 21.95 19.23 21.27 21.27 21.27 21.27 21.27 21.27 21.27 21.27 21.27 21.27 21.27 21.27 22.25 22.25 22.25 22.25 22.25 22.25 22.25 20.89 20.89 21.32 21.32 21.32 20.39 19.99 19.36 19.46 19.57 20.04 20.96 19.77 19.49 18.64 18.57 18.77 18.85 19.63 20.89 20.89 20.89 20.89 20.89 20.89 20.89 20.89 20.06 20.06 20.06 20.06 20.06 20.06 20.06 21.57 21.57 21.11 20.48 19.30 19.60 20.41 20.30 20.21 20.39
18.51 18.91 19.43 19.43 21.20 21.20 21.95 21.95 21.95 21.95 21.95 21.95 21.95 21.27 21.27 21.27 21.27 21.27 21.27 21.27 21.27 21.27 21.27 21.27 21.27 21.27 22.25 22.25 22.25 22.25 22.25 22.25 22.25 22.25 20.89 20.89 21.04 21.04 20.68 20.62 19.38 18.39 18.60 19.24 19.52 20.32 20.21 19.79 18.57 18.48 18.23 19.58 19.58 19.58 20.89 20.89 20.89 20.89 20.89 20.89 20.06 20.06 20.06 20.06 20.06 20.06 20.06 20.06 20.34 20.50 20.48 19.96 19.95 20.22 20.29 20.01 20.38
18.91 19.43 19.43 21.20 21.20 21.95 21.95 21.95 21.95 21.95 21.95 21.95 21.95 21.27 21.27 21.27 21.27 21.27 21.27 21.27 21.27 21.27 21.27 21.27 21.27 21.27 22.25 22.25 22.25 22.25 22.25 22.25 22.25 22.25 22.25 20.89 20.89 20.68 20.46 19.76 20.54 20.87 20.17 20.58 19.52 20.32 20.21 19.79 18.57 18.48 20.15 19.58 19.58 19.58 19.58 19.58 20.89 20.89 20.89 20.89 20.66 20.66 19.76 19.76 19.76 19.76 19.76 19.76 19.91 20.75 20.65 19.87 19.62 20.15 20.35 20.40 20.46
19.43 19.43 21.20 21.20 21.95 21.95 21.95 21.95 21.95 21.95 21.95 21.95 21.95 21.27 21.27 21.27 21.27 21.27 21.27 21.27 21.27 21.27 21.27 21.27 21.27 22.25 22.25 22.25 22.25 22.25 22.25 22.25 22.25 22.25 22.25 22.25 22.08 21.05 20.50 20.51 21.53 20.87 20.17 20.58 20.58 20.32 20.21 19.79 18.57 20.15 20.15 20.15 19.58 19.58 19.58 19.58 19.58 19.58 20.89 18.37 20.66 20.66 20.66 20.66 20.66 20.22 20.22 20.22 20.51 20.58 20.41 19.77 19.76 19.64 19.47 19.98 19.93
19.43 21.20 21.20 21.95 21.95 21.95 21.95 21.95 21.95 21.95 21.95 21.95 21.27 21.27 21.27 21.27 21.27 21.27 21.27 21.27 21.27 21.27 21.27 21.27 21.27 21.99 21.99 21.99 21.99 21.99 21.99 21.99 21.99 21.99 21.99 21.99 22.18 21.05 20.50 20.51 21.53 21.53 20.17 20.58 20.58 20.58 20.21 19.79 20.15 20.15 20.15 20.15 20.15 19.58 19.58 19.58 19.58 19.58 16.76 16.76 18.37 18.67 20.66 20.66 20.66 20.66 20.84 20.84 21.33 20.82 19.79 19.91 19.92 19.63 19.57 19.88 19.84
21.20 21.20 21.95 21.95 21.95 21.95 21.95 21.95 21.95 21.95 21.95 21.95 21.27 21.27 21.27 21.27 21.27 21.27 21.27 21.27 21.27 21.27 21.27 21.27 21.27 21.99 21.99 21.99 21.99 21.99 21.99 21.99 21.99 21.99 21.99 21.99 22.18 22.18 20.50 20.51 21.53 21.53 21.53 20.58 20.58 20.58 20.21 19.79 20.15 20.15 20.15 20.15 20.15 20.15 19.58 19.58 19.58 16.76 16.76 16.76 18.37 18.37 18.67 18.67 20.66 20.66 20.66 21.19 20.45 20.04 19.91 19.33 19.82 19.69 19.50 19.77 20.02
21.20 21.95 21.95 21.95 21.95 21.95 21.95 21.95 21.95 21.95 21.95 21.95 21.27 21.27 21.27 21.27 21.27 21.27 21.27 21.27 21.27 21.27 21.27 21.27 16.66 16.66 21.99 21.99 21.99 21.99 21.99 21.99 21.99 21.99 21.99 21.99 22.18 22.18 22.18 20.51 21.53 21.53 21.53 20.58 20.58 20.58 20.21 19.79 20.15 20.15 20.15 20.15 20.15 20.15 20.15 19.58 16.76 16.76 16.76 16.76 16.76 18.37 18.37 18.67 18.67 20.22 20.22 19.66 19.64 19.60 19.45 19.37 19.30 19.09 18.92 19.40 19.91
21.95 21.95 21.95 21.95 21.95 21.95 21.95 21.95 21.95 21.95 21.95 21.95 21.27 21.27 21.27 21.27 21.27 21.27 21.27 21.27 21.27 21.27 16.66 16.66 16.66 16.66 16.66 16.66 21.99 21.99 21.99 21.99 21.99 21.99 21.99 21.99 22.18 22.18 22.18 20.51 21.53 21.53 21.53 20.58 17.83 16.70 15.52 15.97 17.04 20.15 20.15 20.15 20.15 20.15 20.15 15.45 15.45 16.76 16.76 16.76 16.76 17.74 18.37 18.37 18.67 18.67 18.86 19.01 19.60 19.07 19.24 19.25 19.66 19.19 18.94 19.17 19.67
99999.90 99999.90 99999.90 99999.90 99999.90 99999.90 21.27 21.27 21.27 21.27 21.27 21.27 21.27 21.27 21.27 21.27 21.27 21.27 21.27 21.27 21.27 16.66 16.66 16.66 16.66 16.66 16.66 16.66 16.66 16.66 21.99 21.99 21.99 21.99 21.99 21.99 22.18 22.18 22.18 20.51 17.31 17.31 17.31 17.65 17.83 16.70 15.52 15.97 17.04 17.04 17.04 17.04 17.04 17.04 15.45 15.45 15.45 15.45 16.76 16.76 16.76 16.76 17.74 18.37 18.37 18.28 18.97 19.01 19.27 19.28 19.08 19.07 19.15 19.30 19.43 19.45 19.67
99999.90 99999.90 99999.90 99999.90 99999.90 99999.90 99999.90 99999.90 99999.90 99999.90 99999.90 99999.90 99999.90 99999.90 99999.90 99999.90 99999.90 99999.90 17.07 16.66 16.66 16.66 16.66 16.66 16.66 16.66 16.66 16.66 16.66 16.66 16.42 16.42 16.42 16.42 16.51 16.51 16.51 16.51 16.76 17.56 17.31 17.31 17.31 17.65 17.83 16.70 15.52 15.97 17.04 17.04 17.04 17.04 17.04 17.04 14.92 15.45 15.45 15.45 15.45 16.76 16.76 16.76 17.74 17.74 18.33 18.42 19.21 19.51 18.55 18.63 18.73 19.32 19.83 19.30 19.43 19.45 19.45
