main/data/irradiance/06.10.2023.grid
ncols 839
nrows 679
xllcenter 112.0500
yllcenter -43.9500
cellsize 0.0500
nodata_value 99999.90
[rows 238 to 271 of 679, columns 0 to 76 of 839]
99999.90 99999.90 99999.90 99999.90 99999.90 99999.90 99999.90 99999.90 99999.90 99999.90 99999.90 99999.90 99999.90 99999.90 99999.90 99999.90 99999.90 99999.90 99999.90 99999.90 99999.90 99999.90 99999.90 99999.90 25.80 26.01 25.72 24.80 24.80 24.80 24.80 24.80 24.80 24.80 24.24 24.24 24.24 24.24 24.66 24.66 25.30 25.77 25.77 25.77 25.77 25.77 25.77 23.12 23.12 23.12 23.12 24.21 24.21 24.23 24.36 25.22 24.08 23.94 24.53 24.58 23.98 24.69 22.18 22.70 23.59 22.85 23.17 23.64 24.46 21.67 21.71 21.95 22.41 21.74 20.92 22.03 20.53
99999.90 99999.90 99999.90 99999.90 99999.90 99999.90 99999.90 99999.90 99999.90 99999.90 99999.90 99999.90 99999.90 99999.90 99999.90 99999.90 99999.90 99999.90 99999.90 99999.90 99999.90 99999.90 99999.90 99999.90 25.80 25.80 25.72 24.80 24.80 24.80 24.80 24.80 24.80 24.80 24.80 24.80 24.24 24.24 24.24 24.46 25.26 25.55 25.55 25.55 25.55 25.55 23.18 23.18 23.18 23.12 23.12 23.12 23.00 24.04 24.25 24.44 23.31 23.00 23.02 24.36 23.74 23.40 22.09 21.54 22.43 20.74 23.26 24.40 23.21 20.36 18.79 23.59 21.72 21.56 22.37 21.13 18.94
99999.90 99999.90 99999.90 99999.90 99999.90 99999.90 99999.90 99999.90 99999.90 99999.90 99999.90 99999.90 99999.90 99999.90 99999.90 99999.90 99999.90 99999.90 99999.90 99999.90 99999.90 99999.90 99999.90 25.99 25.80 25.80 25.72 25.72 25.72 24.80 24.80 24.80 24.80 24.80 24.80 24.80 24.80 24.54 24.54 24.83 24.92 25.55 25.55 25.55 25.55 25.55 23.18 23.18 23.18 23.18 24.20 24.20 22.95 23.28 24.39 24.61 23.40 22.98 22.75 23.16 23.53 23.01 20.29 20.06 19.43 21.42 23.75 24.04 23.00 21.46 19.36 21.62 20.84 22.85 22.70 21.77 20.77
99999.90 99999.90 99999.90 99999.90 99999.90 99999.90 99999.90 99999.90 99999.90 99999.90 99999.90 99999.90 99999.90 99999.90 99999.90 99999.90 99999.90 99999.90 99999.90 99999.90 99999.90 99999.90 99999.90 25.99 25.80 25.80 25.72 25.72 25.72 25.72 25.72 25.72 24.80 24.80 24.80 24.80 24.80 24.80 24.40 24.72 25.48 25.48 25.48 25.55 25.55 25.55 23.64 23.64 23.18 23.18 23.18 23.90 22.99 23.00 24.81 24.28 22.85 22.79 23.36 23.35 23.73 24.59 21.80 19.49 21.78 22.29 22.51 23.32 23.04 20.65 19.35 20.40 22.20 21.08 21.92 23.22 20.73
99999.90 99999.90 99999.90 99999.90 99999.90 99999.90 99999.90 99999.90 99999.90 99999.90 99999.90 99999.90 99999.90 99999.90 99999.90 99999.90 99999.90 99999.90 99999.90 99999.90 99999.90 99999.90 99999.90 25.99 25.80 25.80 25.80 25.72 25.72 25.72 25.72 25.72 25.72 25.72 25.72 24.90 24.90 24.90 24.63 24.43 25.24 25.24 25.24 25.24 25.24 23.64 23.64 23.64 23.64 22.69 22.69 24.06 23.54 23.64 24.20 24.18 23.00 21.71 22.07 22.47 23.05 23.73 21.29 19.89 20.56 21.25 21.66 22.20 23.67 22.56 19.29 20.72 22.82 23.62 22.95 22.93 21.95
99999.90 99999.90 99999.90 99999.90 99999.90 99999.90 99999.90 99999.90 99999.90 99999.90 99999.90 99999.90 99999.90 99999.90 99999.90 99999.90 99999.90 99999.90 99999.90 99999.90 99999.90 99999.90 99999.90 25.99 25.80 25.80 25.80 25.80 25.80 25.72 25.72 25.72 25.72 25.72 25.72 25.72 25.10 25.10 25.39 25.24 25.09 25.09 25.09 25.09 25.09 23.90 23.90 23.64 23.64 23.64 22.97 23.07 23.24 23.74 24.64 24.38 24.13 22.97 22.26 22.05 23.09 23.20 21.62 21.80 20.36 21.55 21.58 21.56 23.37 23.27 21.72 21.54 21.68 23.10 23.94 22.48 22.81
99999.90 99999.90 99999.90 99999.90 99999.90 99999.90 99999.90 99999.90 99999.90 99999.90 99999.90 99999.90 99999.90 99999.90 99999.90 99999.90 99999.90 99999.90 99999.90 99999.90 99999.90 99999.90 99999.90 25.99 25.80 25.80 25.80 25.80 25.80 25.80 25.80 25.72 25.72 25.72 25.72 25.72 25.72 25.90 25.87 25.74 25.56 25.56 25.56 25.20 25.20 23.90 23.90 23.90 23.69 23.69 24.60 23.11 24.13 24.71 25.13 25.10 24.30 22.52 23.17 22.24 23.79 23.44 23.29 22.86 22.32 20.66 22.49 22.90 22.46 22.47 22.46 23.79 22.57 20.76 22.23 24.20 21.97
99999.90 99999.90 99999.90 99999.90 99999.90 99999.90 99999.90 99999.90 99999.90 99999.90 99999.90 99999.90 99999.90 99999.90 99999.90 99999.90 99999.90 99999.90 99999.90 99999.90 99999.90 99999.90 99999.90 25.99 25.99 25.99 25.80 25.80 25.80 25.80 25.80 25.80 26.01 26.01 25.72 25.72 25.72 26.00 25.50 25.38 24.63 24.63 25.20 25.20 25.20 23.68 23.90 23.90 23.90 24.99 24.82 23.70 25.20 25.43 25.26 25.05 23.32 21.93 22.45 24.51 24.71 23.03 22.54 21.05 22.12 21.17 23.13 22.62 22.63 22.66 22.61 22.73 22.00 22.65 23.67 23.04 23.98
99999.90 99999.90 99999.90 99999.90 99999.90 99999.90 99999.90 99999.90 99999.90 99999.90 99999.90 99999.90 99999.90 99999.90 99999.90 99999.90 99999.90 99999.90 99999.90 99999.90 99999.90 99999.90 99999.90 25.99 25.99 25.99 25.99 25.99 25.80 25.80 25.80 25.80 25.80 26.01 26.01 25.91 25.91 26.01 25.43 24.74 23.83 25.20 25.20 25.20 25.20 23.68 23.68 24.17 24.17 25.13 24.47 24.69 25.77 25.47 24.62 25.13 24.13 23.57 22.27 24.34 24.53 24.52 22.04 21.20 21.09 20.89 23.10 23.69 22.68 23.05 22.59 22.05 20.79 22.56 23.28 24.27 23.81
99999.90 99999.90 99999.90 99999.90 99999.90 99999.90 99999.90 99999.90 99999.90 99999.90 99999.90 99999.90 99999.90 99999.90 99999.90 99999.90 99999.90 99999.90 99999.90 99999.90 99999.90 99999.90 99999.90 25.99 25.99 25.99 25.99 25.99 25.99 25.99 25.80 25.80 25.80 25.80 26.01 26.01 26.08 26.01 25.52 25.08 24.13 25.49 25.49 25.49 24.70 23.68 23.68 23.68 24.96 25.48 24.48 24.67 24.95 23.81 23.16 23.67 22.48 23.53 21.33 22.57 23.05 24.26 22.98 22.37 19.99 21.14 22.33 23.30 23.99 23.70 23.34 21.26 20.60 21.37 22.81 22.98 23.45
99999.90 99999.90 99999.90 99999.90 99999.90 99999.90 99999.90 99999.90 99999.90 99999.90 99999.90 99999.90 99999.90 99999.90 99999.90 99999.90 99999.90 99999.90 99999.90 99999.90 99999.90 99999.90 99999.90 25.99 25.99 25.99 25.99 25.99 25.99 25.99 25.99 25.99 25.80 25.80 25.80 26.03 26.11 26.10 25.67 25.19 24.61 25.49 25.49 24.70 24.70 24.70 23.95 23.95 25.46 25.46 25.03 25.42 22.54 22.42 23.64 23.09 23.03 21.67 21.76 22.08 21.78 23.91 23.14 21.79 21.70 21.94 21.88 23.66 23.09 22.35 23.13 21.92 20.93 20.90 22.15 23.41 23.48
99999.90 99999.90 99999.90 99999.90 99999.90 99999.90 99999.90 99999.90 99999.90 99999.90 99999.90 99999.90 99999.90 99999.90 99999.90 99999.90 99999.90 99999.90 99999.90 99999.90 99999.90 99999.90 99999.90 25.99 25.99 25.99 25.99 25.99 25.99 25.99 25.99 25.99 25.99 25.90 25.90 26.05 26.06 26.04 25.88 25.36 25.17 25.17 25.46 24.70 24.70 24.70 24.02 24.02 26.01 25.66 25.39 24.44 22.23 23.07 23.32 24.26 23.90 22.90 21.51 20.81 22.56 23.65 24.26 22.55 22.70 22.07 21.96 22.31 23.32 22.09 21.41 21.64 20.50 20.53 22.48 22.49 22.70
99999.90 99999.90 99999.90 99999.90 99999.90 99999.90 99999.90 99999.90 99999.90 99999.90 99999.90 99999.90 99999.90 99999.90 99999.90 99999.90 99999.90 99999.90 99999.90 99999.90 99999.90 99999.90 99999.90 25.99 25.99 25.99 25.99 25.99 25.99 25.99 25.99 25.99 25.99 25.99 25.79 25.61 26.07 26.13 25.89 25.97 25.55 25.44 25.46 24.54 24.52 25.58 25.04 24.34 25.59 25.56 25.16 23.83 22.80 22.98 23.65 24.02 23.33 23.91 22.50 22.97 22.93 23.18 23.06 24.17 23.61 23.64 22.73 21.77 23.82 23.76 21.82 21.86 20.94 20.80 23.27 22.97 23.43
99999.90 99999.90 99999.90 99999.90 99999.90 99999.90 99999.90 99999.90 99999.90 99999.90 99999.90 99999.90 99999.90 99999.90 99999.90 99999.90 99999.90 99999.90 99999.90 99999.90 99999.90 99999.90 99999.90 26.02 26.02 26.02 26.02 26.02 26.02 26.02 26.02 26.02 26.02 26.02 26.08 25.47 25.55 25.97 25.80 26.00 25.32 25.70 25.51 24.87 24.78 25.45 25.31 24.73 25.14 25.82 25.06 24.41 23.28 22.64 22.51 23.30 23.36 23.38 22.91 22.66 22.55 23.01 22.55 22.85 22.70 21.93 22.73 23.75 23.02 22.92 22.79 23.02 21.83 20.97 23.61 23.43 23.55
99999.90 99999.90 99999.90 99999.90 99999.90 99999.90 99999.90 99999.90 99999.90 99999.90 99999.90 99999.90 99999.90 99999.90 99999.90 99999.90 99999.90 99999.90 99999.90 99999.90 99999.90 99999.90 99999.90 26.02 26.02 26.02 26.02 26.02 26.02 26.02 26.02 26.02 26.02 26.02 26.14 25.93 25.81 25.86 26.07 26.01 25.18 25.71 25.67 25.28 25.15 25.14 23.70 25.26 25.12 23.94 24.28 24.56 24.07 22.05 22.13 23.54 23.49 23.82 22.61 22.76 22.20 22.75 23.59 23.27 22.11 22.60 22.99 23.39 24.08 22.53 22.61 22.68 22.75 21.93 21.96 23.73 23.68
99999.90 99999.90 99999.90 99999.90 99999.90 99999.90 99999.90 99999.90 99999.90 99999.90 99999.90 99999.90 99999.90 99999.90 99999.90 99999.90 99999.90 99999.90 99999.90 99999.90 99999.90 99999.90 99999.90 25.97 25.97 25.97 25.97 25.97 25.97 25.97 25.97 25.97 25.97 25.97 25.65 25.89 25.66 25.93 25.78 25.77 25.41 25.20 25.46 25.31 23.62 24.60 23.73 24.69 24.52 23.91 23.97 23.18 23.02 23.03 23.52 23.96 23.38 24.32 23.56 22.48 22.06 23.70 24.52 24.00 22.99 23.44 23.35 21.73 23.62 22.46 22.73 21.08 21.96 22.44 22.47 23.22 23.22
99999.90 99999.90 99999.90 99999.90 99999.90 99999.90 99999.90 99999.90 99999.90 99999.90 99999.90 99999.90 99999.90 99999.90 99999.90 99999.90 99999.90 99999.90 99999.90 99999.90 99999.90 99999.90 99999.90 25.97 25.97 25.97 25.97 25.97 25.97 25.97 25.97 25.97 25.97 25.97 25.59 26.03 25.54 25.76 25.61 25.39 24.89 25.10 24.61 24.80 25.00 24.80 24.36 23.45 24.10 24.14 23.14 22.17 21.36 21.90 23.11 23.97 23.38 22.84 23.05 21.49 21.74 24.04 25.27 24.37 23.92 23.35 22.68 22.48 23.03 23.32 22.44 19.41 20.87 21.66 23.06 22.78 22.36
99999.90 99999.90 99999.90 99999.90 99999.90 99999.90 99999.90 99999.90 99999.90 99999.90 99999.90 99999.90 99999.90 99999.90 99999.90 99999.90 99999.90 99999.90 99999.90 99999.90 99999.90 99999.90 99999.90 25.97 25.97 25.97 25.97 25.97 25.97 25.97 25.97 25.97 25.97 25.59 25.59 25.94 25.85 25.70 25.27 25.55 24.65 25.40 25.17 24.80 24.62 24.19 24.59 23.49 22.97 23.82 22.73 22.25 22.78 22.57 22.51 22.58 21.61 22.80 20.82 21.43 22.49 23.76 24.43 23.83 22.08 23.06 22.73 21.93 22.64 23.52 21.69 20.25 20.43 21.80 22.26 22.69 22.29
99999.90 99999.90 99999.90 99999.90 99999.90 99999.90 99999.90 99999.90 99999.90 99999.90 99999.90 99999.90 99999.90 99999.90 99999.90 99999.90 99999.90 99999.90 99999.90 99999.90 99999.90 99999.90 99999.90 25.97 25.97 25.97 25.97 25.97 25.97 25.97 25.97 25.97 25.59 25.25 25.25 25.25 25.67 25.49 25.68 25.71 25.69 25.49 24.86 24.38 24.09 23.34 24.00 22.47 22.40 23.89 23.97 23.26 22.55 21.72 22.33 22.97 20.57 22.77 22.64 23.22 22.51 23.10 23.46 23.24 22.50 23.00 22.11 22.17 23.54 23.44 21.89 21.41 22.07 22.19 23.07 22.91 21.64
99999.90 99999.90 99999.90 99999.90 99999.90 99999.90 99999.90 99999.90 99999.90 99999.90 99999.90 99999.90 99999.90 99999.90 99999.90 99999.90 99999.90 99999.90 99999.90 99999.90 99999.90 99999.90 99999.90 25.97 25.97 25.97 25.97 25.97 25.97 25.97 25.97 25.25 25.25 25.25 25.25 25.25 24.90 25.36 25.47 24.96 25.86 25.93 25.73 24.29 24.54 22.81 21.95 21.49 22.41 22.98 23.95 23.86 23.24 23.49 23.31 22.67 21.53 22.78 23.67 22.64 23.48 22.70 23.13 22.51 22.86 22.34 23.31 23.19 23.07 22.80 22.45 22.76 23.24 23.13 24.41 22.73 21.80
99999.90 99999.90 99999.90 99999.90 99999.90 99999.90 99999.90 99999.90 99999.90 99999.90 99999.90 99999.90 99999.90 99999.90 99999.90 99999.90 99999.90 99999.90 99999.90 99999.90 99999.90 99999.90 99999.90 25.97 25.97 25.97 25.97 25.97 25.97 25.25 25.25 25.25 25.25 25.25 25.13 25.13 25.13 25.12 25.50 25.56 25.43 25.41 25.12 24.19 24.21 23.31 21.46 21.72 21.50 22.76 24.25 23.06 21.68 21.11 22.94 22.86 22.78 22.69 22.73 23.02 24.52 23.08 22.99 22.14 23.28 21.81 22.82 24.21 23.78 24.03 24.01 22.52 23.37 23.49 24.38 24.63 23.90
99999.90 99999.90 99999.90 99999.90 99999.90 99999.90 99999.90 99999.90 99999.90 99999.90 99999.90 99999.90 99999.90 99999.90 99999.90 99999.90 99999.90 99999.90 99999.90 99999.90 99999.90 99999.90 99999.90 25.97 25.97 25.97 25.97 25.97 25.25 25.25 25.25 25.25 25.21 25.21 25.21 25.21 25.21 25.40 25.60 25.37 25.03 25.20 25.19 24.20 24.72 24.14 22.34 23.11 22.94 21.52 23.46 22.99 22.31 22.16 22.34 22.34 22.66 21.30 22.24 21.97 22.63 22.72 22.41 23.34 21.99 22.72 22.63 23.23 24.81 23.62 23.38 22.73 22.84 23.91 24.62 24.27 23.78
99999.90 99999.90 99999.90 99999.90 99999.90 99999.90 99999.90 99999.90 99999.90 99999.90 99999.90 99999.90 99999.90 99999.90 99999.90 99999.90 99999.90 99999.90 99999.90 99999.90 99999.90 99999.90 99999.90 25.97 25.97 24.74 24.74 24.74 24.74 24.74 24.74 24.74 24.74 24.74 24.66 24.66 24.66 25.40 25.56 25.40 24.49 25.68 25.08 24.12 24.38 24.72 22.53 23.62 22.98 22.44 22.83 22.78 22.62 21.85 21.62 21.47 22.49 20.91 20.74 21.52 21.83 22.61 21.80 23.40 22.20 22.11 22.50 23.04 23.58 23.18 24.30 22.46 23.93 25.27 23.56 23.68 23.22
99999.90 99999.90 99999.90 99999.90 99999.90 99999.90 99999.90 99999.90 99999.90 99999.90 99999.90 99999.90 99999.90 99999.90 99999.90 99999.90 99999.90 99999.90 99999.90 99999.90 99999.90 99999.90 99999.90 25.97 25.97 24.74 24.74 24.74 24.74 24.74 24.74 24.74 24.74 24.74 24.74 24.70 24.70 24.06 24.95 25.19 25.40 25.21 25.80 24.35 24.59 24.07 23.14 23.59 22.72 23.21 24.54 21.53 21.73 22.31 22.00 23.03 21.72 21.77 20.83 21.14 21.94 22.95 22.50 22.07 22.64 21.98 21.73 21.44 23.53 23.32 23.95 22.81 23.68 24.16 24.01 23.33 23.23
99999.90 99999.90 99999.90 99999.90 99999.90 99999.90 99999.90 99999.90 99999.90 99999.90 99999.90 99999.90 99999.90 99999.90 99999.90 99999.90 99999.90 99999.90 99999.90 99999.90 99999.90 99999.90 25.84 25.97 25.97 24.74 24.74 24.74 24.74 24.74 24.74 24.74 24.74 24.74 24.74 24.74 25.06 24.88 25.03 25.24 25.47 25.28 25.76 24.49 24.59 24.78 24.90 24.08 22.70 23.05 24.78 23.53 21.49 21.38 22.38 23.44 22.12 22.62 20.68 21.15 22.42 22.76 22.03 21.90 22.03 21.87 22.50 22.35 23.55 23.82 24.39 24.41 25.12 24.51 23.67 23.88 24.14
99999.90 99999.90 99999.90 99999.90 99999.90 99999.90 99999.90 99999.90 99999.90 99999.90 99999.90 99999.90 99999.90 99999.90 99999.90 99999.90 99999.90 99999.90 99999.90 99999.90 99999.90 25.79 25.84 25.84 25.58 25.17 25.17 25.17 25.17 25.17 25.17 25.17 25.17 25.17 25.17 25.17 24.27 25.03 25.24 25.08 25.54 25.90 24.81 23.26 24.26 25.43 23.83 24.88 23.82 22.63 23.87 22.84 21.48 21.83 22.64 23.22 20.93 22.21 21.18 22.17 22.78 22.84 22.32 22.31 22.46 22.62 22.92 21.49 22.66 23.13 24.17 24.53 24.08 23.65 23.26 23.78 23.68
99999.90 99999.90 99999.90 99999.90 99999.90 99999.90 99999.90 99999.90 99999.90 99999.90 99999.90 99999.90 99999.90 99999.90 99999.90 99999.90 99999.90 99999.90 99999.90 99999.90 99999.90 25.79 25.79 25.84 25.84 25.40 25.40 25.40 25.40 25.40 25.40 25.40 25.40 25.40 25.40 25.40 25.20 25.06 25.56 25.54 25.92 25.65 24.47 24.27 24.96 24.63 23.95 23.84 23.75 22.55 23.35 22.60 22.57 23.03 23.37 22.74 22.07 21.27 22.58 23.55 23.14 22.04 22.85 22.87 23.07 22.90 22.86 22.21 22.72 23.32 23.84 24.28 24.27 24.61 24.34 23.91 23.37
99999.90 99999.90 99999.90 99999.90 99999.90 99999.90 99999.90 99999.90 99999.90 99999.90 99999.90 99999.90 99999.90 99999.90 99999.90 99999.90 99999.90 99999.90 99999.90 99999.90 25.82 25.79 25.79 25.79 25.84 25.84 25.51 25.51 25.51 25.51 25.51 25.51 25.51 25.51 25.51 25.51 25.33 25.56 25.46 25.56 25.79 24.92 24.51 24.40 25.78 24.91 24.38 24.32 22.66 23.44 22.24 23.36 22.89 22.56 22.55 22.45 22.40 21.29 22.45 22.95 22.37 22.51 22.68 23.47 23.12 23.76 22.71 22.71 24.15 23.23 23.17 23.96 24.33 23.82 25.12 24.26 22.62
99999.90 99999.90 99999.90 99999.90 99999.90 99999.90 99999.90 99999.90 99999.90 99999.90 99999.90 99999.90 99999.90 99999.90 99999.90 99999.90 99999.90 99999.90 99999.90 99999.90 25.82 25.79 25.79 25.79 25.79 25.84 25.84 25.58 25.73 25.73 25.73 25.73 25.73 25.73 25.73 25.73 25.93 25.77 25.73 25.50 25.51 25.24 24.75 24.21 25.21 24.69 25.35 24.29 23.97 23.96 23.78 22.13 23.05 23.75 23.65 22.41 22.12 23.24 23.04 22.28 23.31 23.00 23.17 23.77 24.18 23.53 22.96 23.17 22.98 23.15 24.10 24.30 24.12 22.54 23.62 23.62 21.92
99999.90 99999.90 99999.90 99999.90 99999.90 99999.90 99999.90 99999.90 99999.90 99999.90 99999.90 99999.90 99999.90 99999.90 99999.90 99999.90 99999.90 99999.90 99999.90 25.87 25.82 25.79 25.79 25.79 25.79 25.79 25.84 25.84 25.58 25.58 25.86 25.86 25.86 25.86 25.86 25.86 25.52 25.90 25.51 25.50 25.47 25.77 24.62 23.97 24.02 24.54 24.95 24.50 23.46 23.87 23.92 22.52 22.61 23.20 22.92 22.98 21.77 22.13 23.51 21.77 22.54 23.75 21.47 22.66 25.15 24.01 23.54 23.46 21.63 22.15 24.10 23.32 23.47 22.69 24.23 23.08 21.98
99999.90 99999.90 99999.90 99999.90 99999.90 99999.90 99999.90 99999.90 99999.90 99999.90 99999.90 99999.90 99999.90 99999.90 99999.90 99999.90 99999.90 99999.90 99999.90 25.87 25.82 25.79 25.79 25.79 25.79 25.79 25.79 25.84 25.84 25.58 25.58 25.64 25.64 25.95 25.95 25.95 25.82 25.81 25.81 25.31 25.30 25.95 24.68 24.66 24.25 24.74 25.16 25.00 23.70 22.54 23.54 23.24 23.21 23.11 22.84 23.36 22.37 20.83 22.11 22.03 23.46 23.56 21.95 22.55 24.34 24.03 22.16 23.19 22.43 22.55 23.44 23.25 22.55 20.95 21.82 22.69 22.45
99999.90 99999.90 99999.90 99999.90 99999.90 99999.90 99999.90 99999.90 99999.90 99999.90 99999.90 99999.90 99999.90 99999.90 99999.90 99999.90 99999.90 99999.90 99999.90 25.87 25.82 25.79 25.79 25.79 25.79 25.79 25.79 25.79 25.84 25.84 25.58 25.58 25.64 25.64 25.63 25.63 25.47 25.79 26.02 25.41 25.05 24.38 24.44 25.12 24.82 25.02 25.17 24.56 23.56 23.46 24.52 24.24 24.50 23.57 22.40 23.41 23.15 21.99 22.35 21.84 22.20 22.53 23.54 22.93 24.00 23.51 22.67 23.02 21.75 23.57 23.47 23.24 21.86 23.53 22.00 22.27 21.37
99999.90 99999.90 99999.90 99999.90 99999.90 99999.90 99999.90 99999.90 99999.90 99999.90 99999.90 99999.90 99999.90 99999.90 99999.90 99999.90 99999.90 99999.90 25.72 25.87 25.82 25.82 25.82 25.79 25.79 25.79 25.79 25.79 25.79 25.84 25.84 25.58 25.58 25.64 25.64 25.51 25.55 25.90 25.91 25.75 25.63 25.37 25.00 25.38 24.53 24.77 25.25 24.82 23.48 23.81 24.62 24.29 24.65 23.72 23.82 22.88 23.64 21.23 22.80 21.90 22.02 23.09 23.80 23.39 23.30 23.65 22.01 22.58 22.70 23.35 23.66 21.87 23.50 22.16 22.94 22.52 21.87
99999.90 99999.90 99999.90 99999.90 99999.90 99999.90 99999.90 99999.90 99999.90 99999.90 99999.90 99999.90 99999.90 99999.90 99999.90 99999.90 99999.90 99999.90 25.72 25.87 25.82 25.82 25.82 25.82 25.82 25.79 25.79 25.79 25.79 25.79 25.84 25.84 25.58 25.58 25.68 25.72 25.55 25.98 25.55 25.79 25.15 25.48 25.39 24.58 23.93 24.33 24.49 24.63 24.62 24.03 24.61 24.02 23.03 23.86 23.28 21.47 23.42 22.35 21.95 21.66 24.21 23.38 23.07 23.10 23.58 23.70 22.22 22.50 23.25 24.25 23.71 21.91 21.80 21.21 22.17 22.78 21.62
