main/data/irradiance/07.09.2023.grid
ncols 839
nrows 679
xllcenter 112.0500
yllcenter -43.9500
cellsize 0.0500
nodata_value 99999.90
[rows 170 to 203 of 679, columns 385 to 461 of 839]
22.53 22.70 23.13 22.94 22.84 22.89 23.06 22.79 22.98 22.93 22.62 22.52 22.88 22.81 22.71 22.07 21.88 21.38 21.84 21.68 20.67 20.78 20.21 20.81 19.73 19.99 20.32 20.75 21.08 21.69 21.70 21.73 20.75 21.85 21.81 21.65 21.69 21.71 21.55 21.50 21.71 22.30 22.45 22.33 22.14 21.47 20.99 20.98 21.37 21.87 21.52 22.10 21.90 22.29 21.71 22.22 22.38 22.76 22.86 22.95 23.04 23.06 23.09 23.27 23.18 23.23 23.24 23.36 23.04 22.85 22.95 22.92 23.06 23.35 23.45 23.36 23.19
22.85 22.28 22.83 22.90 23.14 23.10 23.24 23.09 22.79 22.77 22.89 22.82 22.58 22.58 22.38 22.43 22.08 21.78 21.04 21.81 21.00 20.91 20.58 20.52 20.53 20.32 19.96 21.75 22.02 22.25 21.83 21.25 21.61 22.16 22.22 21.76 21.85 21.79 21.89 22.06 21.71 21.48 21.40 21.62 22.05 21.33 21.26 21.36 21.19 21.52 21.62 21.51 21.05 21.51 21.58 22.05 21.59 22.41 22.76 23.19 23.08 22.92 23.01 23.12 23.19 23.26 23.24 23.30 23.33 22.81 22.90 22.73 22.86 22.93 23.06 23.22 23.37
22.77 22.09 22.44 23.19 23.23 23.27 23.01 23.03 22.99 23.02 22.63 22.74 22.78 22.29 22.17 22.61 22.42 22.52 22.23 21.82 21.75 21.16 20.98 19.87 20.08 19.21 19.87 20.64 21.74 22.00 21.68 21.97 21.33 22.40 21.72 21.75 21.89 21.88 21.57 21.84 21.65 21.81 21.20 21.53 22.28 21.23 20.95 20.55 21.27 21.64 21.55 21.79 21.47 21.54 21.00 20.93 21.07 21.61 22.37 23.13 23.07 23.01 22.88 22.91 23.17 23.18 23.31 23.31 23.21 23.15 23.04 23.18 23.35 23.14 22.86 22.96 23.03
22.31 22.64 22.61 23.13 23.09 22.83 22.96 22.87 22.93 22.92 22.67 22.25 22.26 22.19 22.21 22.03 21.98 22.48 21.99 22.17 21.57 21.47 21.22 20.50 18.21 18.38 19.72 20.76 21.54 22.06 21.54 22.01 22.44 22.12 21.63 21.82 21.96 21.83 21.74 21.44 21.24 21.59 21.43 21.68 22.41 22.51 21.60 20.70 20.92 21.01 21.20 21.27 21.55 21.68 21.34 21.10 21.02 21.27 22.43 22.65 23.07 22.89 22.92 22.91 22.87 23.02 23.16 23.21 23.28 23.30 23.25 23.26 23.31 23.28 23.16 23.15 23.04
22.67 23.06 22.99 22.92 22.87 23.08 22.83 22.74 22.61 22.60 22.80 22.44 21.87 22.06 21.66 21.84 21.26 22.57 22.01 21.41 20.36 20.78 21.04 19.82 20.01 18.83 19.61 20.02 21.15 21.53 22.02 22.13 22.15 21.63 21.72 21.07 21.40 21.66 21.79 21.68 21.29 21.03 21.17 21.42 21.44 21.70 21.66 21.14 20.81 20.04 20.77 20.50 21.22 21.13 21.65 21.20 20.74 21.22 22.49 22.55 22.97 22.97 22.91 22.53 22.45 22.71 22.93 23.09 23.21 23.26 23.28 23.21 23.22 23.30 23.18 23.17 23.22
22.97 23.01 23.00 22.59 22.62 22.93 22.39 22.74 22.68 22.50 22.45 22.42 22.17 21.92 21.70 21.81 21.78 22.52 21.79 21.67 20.13 20.73 20.69 19.82 19.68 19.27 19.62 19.74 20.66 21.77 22.02 21.61 21.39 21.54 21.67 21.27 21.69 21.74 21.63 21.44 20.89 20.88 21.07 20.81 21.31 21.85 20.73 21.12 19.93 20.02 20.79 20.08 20.94 20.23 21.10 20.77 21.06 21.90 21.82 22.62 22.64 22.76 22.76 22.60 22.36 22.30 22.80 22.92 23.02 23.12 23.18 23.25 23.11 23.22 23.32 23.20 23.22
22.95 23.12 22.84 21.83 22.65 22.41 22.13 22.47 22.64 22.28 22.20 22.17 22.18 22.22 22.26 22.12 22.26 22.38 21.67 21.10 20.62 20.96 20.50 19.31 19.09 18.87 19.34 19.73 20.35 21.17 21.83 21.01 20.86 21.52 21.49 21.04 21.23 21.49 20.86 21.17 21.72 20.54 20.18 20.43 21.36 21.32 20.81 20.58 20.35 19.77 20.59 21.06 20.87 20.75 21.19 21.87 21.60 21.80 22.06 22.32 22.60 22.82 22.44 22.62 22.65 22.95 22.98 23.20 23.17 23.05 23.12 23.28 22.90 23.00 23.05 23.07 23.13
22.75 23.14 22.78 22.92 22.97 22.65 22.16 22.51 22.37 22.08 22.39 22.02 22.31 22.08 22.28 21.54 22.62 22.49 22.20 20.44 20.69 20.64 20.51 20.29 19.62 18.14 18.35 19.63 21.07 21.75 21.31 20.93 20.72 21.07 22.26 20.91 22.02 21.47 21.66 21.66 21.77 21.33 21.31 20.82 21.02 21.72 21.37 20.96 21.25 20.82 20.76 20.20 21.03 20.78 19.83 21.38 21.66 21.50 21.70 21.61 22.46 22.87 22.74 23.00 22.87 23.03 23.09 23.07 23.17 23.04 23.22 23.31 22.91 22.99 23.04 23.09 23.07
22.50 22.91 22.97 22.89 22.92 22.36 22.60 22.25 22.13 22.09 22.43 22.58 22.67 22.13 21.74 22.22 22.51 22.15 21.66 20.91 21.16 21.07 21.23 20.73 20.09 18.83 18.41 19.84 21.07 21.01 21.54 21.40 21.26 21.38 21.54 21.33 21.85 21.25 21.95 21.63 21.79 21.41 21.77 21.23 21.42 21.82 20.86 21.12 21.04 21.58 21.66 20.56 19.59 19.43 20.16 20.18 21.70 22.00 21.59 21.49 22.52 22.20 22.29 22.66 23.00 23.01 23.01 23.10 22.95 23.01 23.24 23.18 23.05 23.05 23.10 23.14 23.15
22.13 22.86 23.20 22.34 22.76 22.55 22.28 21.55 21.70 22.68 22.24 22.80 22.71 22.12 21.09 21.61 21.99 21.26 21.30 20.73 20.74 21.08 20.90 20.97 21.18 18.58 17.90 19.71 21.03 21.51 21.86 22.18 22.06 21.44 22.22 21.81 21.33 20.69 21.17 21.65 22.31 22.36 22.11 21.63 22.02 21.84 21.10 20.28 20.55 21.48 20.58 20.35 19.08 20.18 21.03 20.62 21.04 21.75 21.39 22.10 22.29 22.61 22.51 22.65 22.89 23.01 22.94 23.14 23.05 22.90 23.04 23.08 22.96 23.07 23.15 23.05 22.96
22.65 22.65 22.94 21.76 22.75 22.37 21.60 21.73 21.78 22.78 22.52 22.81 22.52 21.92 21.92 22.06 22.34 21.07 21.65 21.49 21.90 21.05 20.65 20.69 19.97 18.86 18.56 19.94 20.77 20.11 21.35 22.11 21.82 21.82 21.79 22.14 21.78 20.37 22.14 21.95 22.13 21.92 21.78 21.08 21.15 22.05 21.78 20.51 20.86 20.77 20.97 20.21 20.12 20.21 20.76 21.38 21.57 21.80 21.49 20.89 21.16 21.96 22.32 21.91 22.54 22.68 22.64 22.82 22.83 22.95 23.12 23.08 23.09 22.97 22.98 23.03 23.02
22.61 22.90 22.95 21.83 22.32 21.33 21.38 21.58 22.11 22.71 22.60 22.39 21.97 20.90 21.89 22.42 22.27 21.40 21.37 21.44 21.69 20.66 21.18 20.98 19.71 18.04 19.12 20.32 20.91 20.57 21.09 21.66 21.60 21.55 21.53 22.21 21.92 21.35 22.18 21.65 21.82 21.61 21.78 22.29 21.90 21.95 22.04 21.84 21.57 21.56 20.90 20.98 20.58 20.71 20.49 21.19 21.02 20.95 21.76 21.77 21.84 21.45 21.34 21.28 21.82 22.54 22.11 22.51 22.70 22.98 23.01 22.80 22.99 22.94 22.87 22.92 22.98
22.07 22.87 22.60 21.53 22.00 21.58 22.00 22.16 22.40 22.76 22.49 22.09 22.23 21.47 21.90 22.32 22.14 21.89 21.84 21.61 21.58 20.91 21.91 21.62 20.44 19.75 19.55 20.02 20.18 21.20 21.57 22.32 22.05 21.13 20.43 21.88 22.15 21.66 22.18 22.17 21.64 21.78 22.03 21.85 21.83 21.39 21.99 21.75 21.11 20.41 20.58 20.13 19.78 20.17 20.33 21.01 21.00 21.44 21.45 21.98 22.41 22.12 21.60 21.81 21.95 22.53 22.29 22.78 22.79 22.80 22.77 22.76 22.90 22.84 22.74 22.76 22.66
22.11 22.25 22.08 21.29 21.44 22.52 22.17 22.57 22.44 22.79 22.66 21.69 21.55 21.78 22.32 22.02 22.19 22.32 22.00 21.41 21.43 21.16 21.14 20.45 20.86 20.77 20.06 20.53 21.19 21.57 22.09 22.38 22.28 22.03 20.80 21.93 22.33 21.73 21.97 22.11 21.25 21.94 21.75 21.98 21.19 21.44 21.60 20.84 20.62 20.26 21.12 20.70 20.82 20.83 19.47 19.74 19.54 20.87 21.16 21.51 22.36 22.28 21.93 21.97 22.40 22.10 22.19 22.15 22.60 22.93 22.90 22.91 22.84 22.60 22.61 22.41 22.16
21.79 21.78 21.84 20.92 21.40 21.20 22.33 22.31 22.28 22.87 22.21 21.47 20.75 21.81 22.52 22.08 21.28 21.84 21.99 21.51 22.32 21.78 20.47 21.01 20.74 20.81 20.35 20.56 20.59 21.42 21.18 21.97 22.42 22.28 21.41 22.09 21.99 21.94 21.86 22.07 21.67 21.13 21.55 21.63 21.39 20.41 20.41 20.07 19.64 20.54 20.70 20.16 20.20 19.91 19.81 20.31 19.67 20.10 20.83 20.14 21.18 22.34 21.78 21.01 21.61 21.84 22.01 22.10 22.65 22.83 22.54 22.62 22.84 22.64 22.40 22.51 22.32
22.07 21.30 21.23 21.54 21.52 22.10 22.37 22.18 22.39 22.52 21.53 21.49 20.87 22.24 22.56 22.41 22.13 21.59 21.67 21.90 21.92 21.53 21.49 21.78 21.44 21.22 20.53 20.41 19.94 20.64 20.57 21.67 22.33 21.70 20.76 22.09 22.31 22.11 21.83 21.47 21.79 20.85 21.17 21.38 21.81 21.61 20.04 20.43 19.74 20.09 19.58 19.71 19.86 19.28 18.33 19.55 19.77 19.44 19.95 19.98 20.29 21.29 21.51 20.73 21.70 21.92 21.61 22.07 22.46 22.52 22.59 22.31 22.60 22.52 22.30 22.26 21.80
22.02 20.63 21.51 21.59 21.12 21.59 21.55 21.18 22.01 22.16 21.76 21.44 20.54 21.92 21.73 22.11 22.17 21.51 21.94 21.81 21.53 21.32 21.91 21.56 21.60 21.10 21.38 21.09 19.76 18.65 19.90 21.72 21.85 21.68 20.21 21.54 21.99 22.17 21.56 21.44 21.64 21.54 21.21 21.55 21.66 21.12 20.69 20.93 19.11 20.35 21.22 20.27 19.69 18.55 19.67 19.19 18.59 19.00 18.87 18.78 20.50 21.42 21.49 21.77 21.85 22.06 22.01 21.94 21.95 22.61 22.55 22.68 22.36 22.72 22.07 21.43 20.49
21.85 20.73 21.22 21.01 21.05 20.85 21.46 21.86 21.65 21.81 21.11 20.39 20.68 20.83 22.32 22.17 22.17 22.13 21.81 21.82 21.98 21.43 21.65 21.94 21.88 21.22 21.66 20.62 18.94 17.20 18.40 20.99 21.77 21.93 21.40 22.08 22.17 21.65 21.20 21.30 20.92 21.70 21.58 21.44 21.64 21.72 20.61 20.35 20.61 21.57 21.39 20.50 19.67 18.83 19.62 19.93 19.05 18.94 19.94 19.56 20.50 20.84 20.62 21.07 21.32 21.65 21.59 21.63 21.75 22.16 22.55 22.78 22.61 22.29 22.19 22.09 22.31
21.23 20.61 20.59 21.21 20.66 21.38 21.23 21.83 21.62 21.15 20.40 20.85 21.28 20.86 21.59 22.19 21.79 21.91 21.55 21.69 21.81 21.19 21.98 22.41 21.61 21.54 20.29 19.02 18.77 16.47 18.53 20.83 21.36 21.40 21.12 21.48 22.55 22.49 22.28 21.23 19.79 20.24 21.11 21.63 21.29 21.54 21.29 20.02 20.32 20.99 21.14 20.70 19.49 18.93 19.03 20.06 20.27 19.64 19.49 20.07 19.69 20.30 21.41 21.11 21.14 20.61 21.58 22.04 21.78 21.94 22.47 22.44 22.66 21.85 22.21 22.82 22.98
20.80 20.71 21.00 21.45 21.64 21.24 20.94 20.90 21.32 21.45 21.92 21.95 21.23 21.53 21.17 21.48 22.01 22.31 22.26 22.04 22.31 21.60 21.82 21.93 20.83 20.70 19.90 19.31 18.23 17.91 17.64 19.84 21.03 21.27 21.70 21.91 22.50 21.80 22.40 21.50 20.48 20.32 20.55 21.14 21.00 21.37 21.44 20.11 19.47 20.82 19.68 19.46 19.37 18.85 18.21 19.27 20.14 20.09 19.33 19.85 19.63 19.67 21.08 21.27 21.17 21.49 21.55 21.80 22.30 22.31 22.53 22.33 22.64 22.00 22.87 23.17 22.62
21.30 21.74 21.90 21.39 21.64 20.82 20.61 20.98 21.57 21.11 22.30 21.88 21.31 21.14 21.34 21.92 22.23 22.61 22.45 22.33 22.58 21.54 21.54 21.44 20.33 19.53 19.14 19.06 18.36 17.21 17.92 18.33 20.93 21.36 21.71 22.06 22.48 21.65 22.63 22.42 21.21 20.73 21.08 20.89 21.15 21.58 21.94 20.61 19.91 18.88 19.21 18.43 18.74 19.52 18.76 19.08 18.25 19.84 20.43 20.83 20.22 19.85 20.93 21.93 22.11 22.29 22.13 22.13 22.22 22.34 22.33 21.96 22.17 22.43 21.99 23.02 23.00
21.93 21.70 21.32 21.41 22.03 22.27 22.07 22.01 21.88 21.77 20.89 21.05 21.62 21.47 22.23 22.74 22.49 22.63 22.19 22.11 21.77 21.91 20.63 20.38 20.70 20.28 19.28 18.45 18.85 19.22 18.53 19.15 21.35 22.25 22.25 22.65 22.77 22.46 22.35 22.61 21.18 21.11 21.14 20.72 21.04 21.23 21.82 20.18 19.81 18.77 17.49 18.37 20.21 20.00 18.26 19.00 18.42 19.05 20.57 19.88 20.00 20.24 20.85 21.43 21.79 22.27 22.39 22.49 22.39 22.08 22.03 22.62 22.29 22.69 21.95 22.85 23.19
22.78 22.09 22.04 22.35 21.74 22.13 22.45 22.27 22.35 21.97 20.76 20.97 21.62 22.10 22.92 22.96 23.02 21.69 21.98 21.69 20.99 21.41 20.44 20.59 20.46 20.36 19.51 19.66 19.79 19.79 19.48 20.32 22.09 22.45 22.29 22.34 22.66 22.58 22.67 21.98 21.41 21.08 21.27 20.69 21.29 21.72 21.59 21.26 19.70 18.03 17.24 19.79 20.56 19.84 19.31 18.21 16.99 18.14 19.63 19.47 20.60 21.26 21.11 20.87 21.80 22.41 22.66 22.58 22.28 22.15 22.48 22.08 22.15 22.35 22.32 23.08 23.20
22.63 22.23 22.08 22.46 22.65 22.75 22.42 22.86 22.71 22.50 21.25 21.47 22.00 22.60 22.87 21.96 21.70 21.49 21.83 21.71 21.05 20.62 20.12 20.38 19.90 20.01 19.67 19.39 19.79 20.85 20.59 21.30 22.20 22.52 22.59 22.25 22.59 22.22 21.64 21.10 21.06 20.91 21.39 21.03 21.65 22.11 21.70 21.17 20.45 19.89 19.81 20.16 20.13 19.86 19.48 19.37 17.62 17.10 17.69 18.18 19.99 21.05 20.02 21.25 22.25 22.15 22.42 22.62 22.56 22.39 22.72 22.46 22.34 22.61 22.77 23.19 23.17
22.59 22.76 22.45 22.56 22.47 22.81 22.70 22.76 22.86 22.53 22.19 21.79 22.58 22.07 22.03 22.15 22.50 22.40 22.39 21.95 21.26 21.85 20.88 20.67 20.38 19.63 18.86 20.36 20.49 21.64 21.34 21.77 22.39 22.34 22.43 22.26 22.65 22.53 22.04 20.89 21.18 21.28 21.40 21.61 21.45 21.35 20.92 20.74 20.49 20.42 21.14 19.84 20.51 20.41 20.14 19.94 17.34 15.77 16.36 17.58 18.11 18.51 19.05 21.23 21.87 21.63 22.32 22.58 22.70 22.58 22.58 21.92 22.36 22.88 23.26 23.36 23.20
22.80 22.68 22.89 22.65 22.76 22.73 22.65 22.93 22.75 22.71 22.42 22.17 22.01 22.49 22.54 22.39 22.74 21.97 22.05 22.00 21.42 21.40 20.43 21.13 20.48 19.89 19.94 21.51 21.16 20.81 21.74 21.23 21.60 21.26 21.64 21.99 22.25 22.41 21.81 21.76 21.80 21.42 21.34 21.66 21.43 20.52 20.00 20.04 20.36 20.91 20.66 19.72 20.18 20.68 20.88 20.70 19.34 18.04 18.89 17.84 17.89 18.19 19.79 20.90 21.84 22.00 22.05 22.61 22.77 22.55 22.23 22.16 22.33 22.81 23.15 23.21 23.18
22.44 22.60 23.04 22.76 22.44 22.71 22.61 22.96 22.80 22.31 22.63 22.30 22.76 22.22 22.00 22.13 21.58 21.54 21.40 21.89 21.17 20.67 20.46 19.90 20.34 19.71 20.28 20.01 20.92 21.20 21.36 21.17 21.49 21.35 21.64 21.75 22.54 22.46 22.07 21.67 22.07 21.85 21.83 22.04 21.57 21.28 20.70 20.03 19.74 19.43 19.12 19.23 19.36 20.76 21.16 20.37 20.22 19.80 19.21 18.03 18.87 19.99 19.84 20.68 21.65 22.07 22.54 22.28 22.48 22.38 22.44 22.23 22.33 23.07 23.23 23.17 23.07
22.46 22.64 22.69 23.03 22.47 22.59 21.73 22.26 22.93 22.94 22.56 22.88 22.46 22.30 21.68 22.14 22.01 21.52 22.14 22.14 22.09 21.14 21.09 19.98 20.37 20.29 19.25 20.42 20.77 21.76 21.94 21.55 21.63 21.73 21.48 22.26 22.42 22.42 22.20 21.96 22.10 22.36 22.11 21.92 21.50 21.66 21.15 20.93 20.69 20.70 20.32 21.21 21.04 21.41 19.90 19.39 19.50 20.30 20.44 20.18 19.60 18.66 19.69 20.61 20.81 21.46 22.01 22.24 22.88 22.53 22.60 22.36 22.50 23.04 23.22 23.15 23.07
22.13 22.75 22.91 22.56 22.81 22.56 22.50 22.40 22.84 22.14 22.69 22.94 22.95 22.53 21.92 22.35 22.23 21.87 22.37 22.50 21.75 21.27 20.71 20.04 20.88 20.56 19.27 20.30 20.98 21.67 22.10 22.06 22.19 21.81 22.30 22.42 22.61 22.18 22.27 22.03 22.08 22.55 22.55 21.76 21.80 21.92 21.18 20.69 20.84 21.02 20.52 21.38 21.84 21.44 19.04 20.46 20.80 20.38 20.06 20.45 19.70 19.29 19.05 20.70 21.55 21.07 21.55 22.74 22.34 22.62 22.60 22.62 22.80 22.97 23.00 22.82 22.68
22.66 22.53 22.67 22.81 22.56 22.63 22.47 22.55 22.68 22.30 22.61 22.89 22.59 22.63 21.84 22.40 22.11 22.52 22.60 22.43 21.89 20.74 20.77 20.92 20.32 21.13 19.81 20.65 21.49 21.94 22.27 21.83 21.94 21.98 22.19 22.34 22.31 22.22 22.04 22.19 21.78 22.18 21.92 22.32 22.29 21.46 20.83 21.49 21.21 21.33 21.04 20.47 20.74 20.99 20.11 20.59 20.85 20.87 20.93 21.32 21.04 21.17 20.56 19.78 20.37 21.26 21.89 22.26 21.73 22.11 22.44 22.59 22.67 22.70 22.78 22.94 22.68
22.38 21.96 22.46 22.55 22.77 22.27 22.38 22.51 22.14 22.90 22.82 22.89 22.75 22.51 21.82 21.85 22.18 22.78 22.19 22.09 21.46 20.77 21.55 20.74 19.43 20.39 20.22 20.92 21.87 21.72 22.29 21.94 22.33 22.11 22.74 21.98 22.38 22.42 22.27 22.38 22.16 22.40 22.28 22.46 22.22 21.95 21.75 21.63 21.51 21.12 20.76 20.34 20.33 20.69 20.36 19.27 19.53 20.83 20.92 21.57 21.49 21.48 21.29 20.71 21.19 21.67 21.47 21.02 21.40 22.26 22.54 22.37 22.46 22.58 22.88 22.76 22.73
22.62 22.10 22.57 22.55 22.79 22.75 22.22 22.52 22.42 22.72 22.88 22.84 22.79 22.29 21.86 22.20 22.10 22.63 22.15 20.79 21.14 21.40 21.68 21.43 20.38 20.30 21.26 21.17 22.33 21.68 22.04 21.68 22.20 22.33 22.62 22.19 21.97 22.21 22.36 22.09 22.39 22.44 22.35 22.42 22.15 22.14 21.76 21.60 21.39 20.67 20.03 20.39 20.35 20.49 20.18 18.40 18.88 20.21 21.01 21.81 21.52 21.30 21.84 22.10 21.67 21.49 21.59 21.63 21.32 21.56 21.56 22.03 21.99 21.97 22.56 22.87 22.82
22.80 22.33 22.27 22.29 22.20 22.50 22.34 22.16 22.39 21.80 22.90 22.98 22.61 22.99 22.92 22.17 22.07 22.36 22.43 21.91 21.47 21.42 21.14 21.78 21.48 20.93 21.31 21.81 21.71 21.37 21.45 21.26 22.07 22.52 22.36 22.65 21.93 21.63 22.23 22.55 22.26 21.83 22.32 22.27 22.44 22.38 21.53 21.31 21.52 21.30 20.41 20.18 20.75 20.32 20.20 19.14 19.42 20.13 21.42 21.38 21.44 21.78 21.68 21.54 22.15 21.37 21.36 21.82 21.08 21.33 21.27 21.43 21.60 21.35 21.90 22.30 22.43
22.55 22.10 22.33 22.31 22.46 22.08 21.34 21.43 22.51 22.73 22.45 22.71 22.96 23.22 23.10 21.73 21.87 22.84 22.65 21.79 22.39 21.84 21.83 21.38 21.74 21.37 21.91 21.36 21.70 21.71 20.92 22.02 22.08 22.44 22.21 22.49 22.29 22.14 22.41 22.21 22.50 22.59 22.63 22.23 22.47 22.60 22.32 21.88 21.92 21.17 21.19 20.42 20.56 20.30 20.08 19.76 19.84 20.52 20.87 20.76 21.92 22.10 21.54 21.51 22.04 22.02 21.42 21.44 21.50 21.66 20.99 21.18 21.94 20.99 20.86 21.72 22.04
