main/data/irradiance/07.01.2023.grid
ncols 839
nrows 679
xllcenter 112.0500
yllcenter -43.9500
cellsize 0.0500
nodata_value 99999.90
[rows 238 to 271 of 679, columns 231 to 307 of 839]
28.00 28.04 28.20 28.22 27.68 27.34 28.36 28.92 29.17 29.60 30.11 29.78 29.85 29.69 29.59 30.41 30.42 30.35 30.04 30.15 29.95 30.03 30.08 30.06 30.58 30.52 30.43 30.24 30.21 29.96 30.16 30.44 30.40 30.28 30.20 30.28 30.20 30.14 30.13 30.13 29.95 29.94 29.71 29.24 29.18 28.08 26.48 25.06 26.04 25.68 24.42 23.87 23.61 22.13 21.25 20.92 20.16 18.92 17.63 16.35 15.07 13.65 14.77 15.53 15.15 15.28 15.70 16.55 15.28 14.05 12.30 11.69 11.70 12.13 12.97 11.62 9.58
27.90 27.49 27.89 28.53 28.77 28.86 29.00 29.00 29.30 29.33 29.10 29.65 29.90 29.39 29.64 30.14 30.14 30.21 30.19 30.15 29.79 29.88 30.16 30.36 30.57 30.55 30.32 30.29 30.24 30.11 30.15 30.47 30.46 30.33 30.29 30.22 30.10 28.86 28.49 29.23 28.89 29.79 29.65 28.82 28.12 27.43 26.74 26.95 26.70 25.98 25.61 24.76 24.63 22.43 22.24 20.50 19.45 18.99 18.19 17.49 15.13 15.15 15.84 16.88 16.86 16.22 15.08 15.86 15.13 13.85 12.09 11.58 12.00 11.92 11.76 11.48 10.62
28.05 27.80 28.46 28.65 28.97 28.56 29.19 29.31 29.41 29.21 29.26 29.70 29.78 29.23 30.26 30.33 30.03 30.19 30.06 30.05 29.70 29.82 30.22 30.32 30.42 30.47 30.34 30.40 30.29 30.24 30.25 30.48 30.50 30.38 30.40 30.23 30.07 29.21 28.46 29.36 28.19 28.05 28.14 27.33 27.50 27.53 27.12 27.16 26.50 26.63 26.36 25.68 24.38 22.60 22.71 20.43 19.47 19.04 18.81 17.77 16.41 17.21 18.16 19.52 19.58 17.24 15.18 15.53 14.56 14.04 12.95 12.48 12.92 12.07 11.81 12.18 12.67
28.64 27.99 27.91 28.51 28.49 28.88 29.26 29.33 29.63 29.16 29.17 29.25 29.10 29.40 30.24 30.25 30.15 30.30 30.31 29.96 29.65 29.79 30.09 30.39 30.37 30.41 30.40 30.35 30.34 30.46 30.41 30.63 30.60 30.42 30.42 30.42 30.16 30.10 29.98 29.16 28.83 28.96 28.80 28.09 27.78 28.09 26.95 26.63 26.39 27.14 26.68 25.80 25.18 23.70 22.81 21.21 21.49 20.12 18.34 18.10 18.24 18.52 19.75 20.27 19.97 17.74 16.49 15.97 15.21 14.84 14.50 13.97 13.91 12.61 12.78 13.51 13.56
28.85 28.14 27.45 28.65 28.62 28.76 29.04 28.91 28.95 29.13 28.06 28.10 27.94 28.35 29.26 29.68 30.33 30.49 30.16 30.08 29.66 29.73 29.94 30.36 30.40 30.31 30.35 30.27 30.30 30.57 30.49 30.66 30.60 30.47 30.21 30.39 30.26 30.21 30.15 30.16 30.12 29.53 29.21 28.30 27.87 27.75 27.00 26.19 26.93 27.30 26.56 25.89 25.41 23.73 22.78 23.22 23.29 22.76 20.56 19.30 19.14 19.98 20.71 20.78 19.96 18.29 17.72 17.16 15.41 14.83 15.33 14.99 14.11 12.88 13.14 13.03 13.12
28.66 28.65 27.99 28.36 28.73 28.75 28.86 28.98 28.73 28.30 27.55 27.35 28.38 28.76 29.18 29.51 30.31 30.42 30.30 30.05 29.74 29.88 29.78 30.30 30.44 30.25 30.30 30.24 30.34 30.40 30.49 30.64 30.62 30.57 30.26 30.30 30.31 30.33 30.30 30.42 30.30 29.60 28.74 28.95 28.72 28.52 28.04 28.09 28.04 27.80 27.00 26.16 24.87 23.72 23.34 23.52 23.08 22.94 22.41 19.65 19.23 20.77 20.52 21.21 20.87 19.70 18.77 19.29 16.82 15.77 16.59 15.69 13.79 14.01 13.11 12.86 13.39
29.16 28.69 28.33 28.66 27.61 28.68 29.32 29.16 29.66 29.03 28.70 28.73 28.98 29.07 29.14 29.71 30.31 30.43 30.47 29.96 29.64 29.93 29.90 30.39 30.36 30.24 30.23 30.12 30.19 30.48 30.47 30.62 30.58 30.47 30.37 30.26 30.37 30.43 30.51 30.51 30.43 30.00 29.14 29.70 29.75 28.95 28.46 29.24 28.35 27.54 26.93 26.49 25.42 24.59 24.57 24.18 23.32 22.65 21.08 18.99 19.61 20.91 20.14 21.11 22.30 20.66 18.64 18.81 17.34 16.32 16.79 16.27 14.88 13.84 13.44 13.37 13.19
29.32 28.24 28.34 28.38 29.91 29.38 28.28 29.03 29.48 28.75 28.54 29.16 29.10 29.10 29.08 29.93 29.99 30.10 30.35 29.82 29.53 29.81 30.00 30.40 30.39 30.38 30.29 30.06 30.08 30.27 30.22 30.33 30.54 30.48 30.40 30.27 30.34 30.31 30.46 30.44 30.43 30.11 29.66 29.67 29.39 28.96 29.11 28.94 28.78 27.65 27.06 27.36 26.65 25.75 24.94 24.23 23.32 20.80 19.52 19.56 20.44 20.52 19.55 19.73 20.48 19.70 18.40 18.64 18.00 15.87 15.77 16.02 14.49 14.06 13.37 13.21 13.84
29.23 28.65 29.05 28.32 28.43 29.55 28.57 28.95 28.98 28.84 29.12 29.68 29.41 28.88 29.60 29.95 29.88 29.71 29.67 29.46 29.68 30.13 30.19 30.51 30.51 30.36 30.39 30.05 29.94 30.21 30.20 30.34 30.46 30.45 30.43 30.35 30.46 30.45 30.37 30.23 30.24 30.02 29.94 29.23 29.18 29.51 29.30 29.73 29.26 28.38 27.08 27.66 26.96 25.77 24.29 23.83 22.74 21.06 20.46 20.86 20.41 21.17 21.26 21.01 21.21 20.57 18.95 17.87 17.52 16.27 16.59 16.50 15.05 15.09 13.97 13.79 14.51
28.67 28.75 28.51 28.21 28.47 28.54 28.89 28.92 28.96 29.08 29.49 29.60 29.44 29.22 29.73 29.93 29.77 28.93 29.33 29.43 29.32 29.68 30.40 30.46 30.47 30.45 30.38 30.04 29.89 30.30 30.31 30.32 30.43 30.43 30.42 30.48 30.47 30.46 30.40 30.34 30.08 30.08 29.79 28.94 29.20 29.53 29.27 29.80 29.18 28.18 27.64 27.64 26.74 25.72 24.74 23.50 21.96 22.36 21.94 22.30 21.68 22.24 21.85 20.50 20.24 20.38 19.45 18.01 17.08 17.00 17.29 16.59 15.56 14.33 14.16 13.92 14.56
28.34 28.45 27.97 27.75 28.61 29.20 29.26 28.63 28.60 28.58 29.61 29.87 29.77 30.00 29.62 29.82 29.04 28.58 29.02 28.89 28.82 29.88 30.13 30.03 30.44 30.46 30.43 30.13 30.02 30.45 30.36 30.20 30.44 30.43 30.46 30.50 30.54 30.43 30.37 30.41 30.33 30.13 30.17 29.48 29.53 29.65 29.34 29.39 28.69 28.35 28.02 28.09 26.98 25.54 24.38 23.45 22.20 23.75 23.52 23.26 22.21 21.56 20.47 19.31 19.46 18.95 18.99 17.61 17.27 18.05 17.35 16.70 15.08 13.70 14.87 14.60 14.54
28.18 28.12 27.38 27.89 28.93 29.29 29.39 29.09 29.18 28.80 29.05 29.46 29.54 30.00 29.45 29.55 29.01 28.47 28.91 28.58 29.24 29.44 29.98 30.04 30.46 30.56 30.53 30.27 30.06 30.55 30.40 30.21 30.37 30.40 30.41 30.56 30.47 30.46 30.43 30.54 30.53 30.33 30.26 29.77 30.27 29.93 29.94 29.50 29.17 29.01 28.75 28.26 27.12 26.15 24.51 24.43 22.87 24.35 22.95 23.20 21.19 21.61 20.16 19.94 20.60 19.40 18.56 17.94 17.85 18.32 17.27 18.04 15.84 15.34 15.05 14.80 13.40
28.48 28.30 27.99 28.28 28.30 28.42 28.97 29.33 29.19 28.93 29.19 29.51 29.86 30.12 29.66 29.75 29.33 28.94 29.38 29.42 29.68 29.76 29.75 30.03 30.53 30.51 30.54 30.14 30.08 30.44 30.51 30.40 30.27 30.21 30.34 30.42 30.41 30.54 30.42 30.35 30.34 30.33 29.72 30.01 30.14 30.01 29.99 29.85 29.51 29.52 28.88 28.48 27.71 27.00 24.99 25.30 23.58 23.74 23.97 23.26 22.38 21.20 19.94 21.64 21.52 19.88 18.39 18.72 19.05 18.25 17.05 18.27 17.63 15.28 14.74 14.68 13.00
28.44 28.70 28.73 27.81 28.10 28.04 28.70 29.09 29.19 28.92 29.25 28.89 29.60 29.82 30.24 30.04 29.55 29.45 29.52 29.43 29.64 29.69 29.55 30.13 30.26 30.36 30.49 29.90 29.85 30.30 30.13 30.39 30.40 30.10 30.34 30.35 30.47 30.54 30.48 30.35 30.33 30.17 29.78 30.24 30.14 30.01 29.76 29.86 29.69 29.77 29.30 29.05 27.99 26.74 26.08 25.76 25.04 23.82 23.84 22.77 22.77 21.54 18.83 20.39 20.11 19.29 18.67 19.07 20.08 19.49 18.06 16.81 16.30 15.83 15.30 14.68 13.99
28.59 28.67 28.43 27.64 28.50 28.69 29.36 29.17 29.25 29.18 29.19 28.86 28.86 29.73 30.14 29.58 29.62 29.92 29.70 29.81 29.91 29.77 30.07 30.29 29.85 29.66 30.20 29.54 29.88 30.24 30.11 30.40 30.39 30.04 30.15 30.20 30.47 30.55 30.45 30.34 30.40 30.21 29.99 30.27 30.05 29.96 29.37 29.88 30.05 30.17 30.19 29.35 28.34 27.85 27.13 25.91 25.54 23.59 23.30 22.60 23.18 20.90 18.13 20.13 19.35 19.46 19.17 18.89 19.99 19.94 18.56 17.01 17.08 18.10 16.56 15.48 15.19
28.15 28.23 28.67 28.09 28.51 29.31 29.16 29.48 29.25 28.73 28.95 28.86 28.75 29.68 30.06 29.46 29.73 29.96 30.21 30.42 30.31 30.11 29.91 30.00 29.30 29.28 29.61 29.58 29.83 30.16 30.35 30.62 30.33 30.35 30.11 30.24 30.49 30.57 30.47 30.33 30.38 30.52 30.25 30.46 30.05 29.99 29.97 30.15 30.34 30.26 29.98 29.22 28.05 27.71 27.88 26.23 26.31 24.12 23.42 23.31 22.86 20.83 19.33 19.67 18.56 19.84 20.13 19.48 19.22 19.15 20.08 20.15 19.34 18.99 16.70 15.93 16.49
28.14 28.17 28.84 28.80 29.17 29.47 29.61 29.50 29.09 28.69 29.00 28.85 29.20 29.43 29.63 29.59 29.81 30.28 30.40 30.36 30.27 30.17 29.94 29.99 29.73 29.71 29.51 29.58 29.77 30.19 30.18 30.55 30.39 30.47 30.26 30.28 30.42 30.39 30.37 30.32 30.53 30.35 30.53 30.64 30.35 30.11 30.21 30.09 30.09 29.96 29.22 28.63 28.20 28.42 28.57 27.41 26.57 25.80 23.69 23.45 22.63 21.22 20.81 19.89 18.68 19.84 21.06 20.75 18.92 18.82 20.66 20.62 19.90 18.79 16.66 18.09 18.31
28.66 28.84 28.75 29.08 29.22 29.38 29.26 29.07 28.80 28.89 29.57 29.43 29.53 29.45 29.41 29.52 29.79 30.19 30.27 30.24 30.21 30.43 30.45 29.85 30.08 29.83 29.69 29.90 29.88 30.13 30.06 30.52 30.49 30.60 30.36 30.34 30.59 30.48 30.50 30.40 30.45 30.10 30.50 30.54 30.51 30.25 30.36 30.23 30.08 29.95 29.38 29.43 29.37 29.37 28.83 27.97 27.09 26.36 24.69 23.05 22.29 22.17 21.72 20.49 19.43 20.93 20.92 21.68 19.30 19.25 20.78 20.91 20.35 19.45 19.12 19.46 18.75
28.99 29.19 29.08 29.45 29.67 29.48 29.27 28.50 28.48 28.81 29.52 29.67 29.46 29.06 29.50 29.27 29.71 30.08 30.21 30.18 30.28 30.44 30.34 30.23 30.20 29.97 29.87 29.96 30.06 30.18 30.14 30.50 30.58 30.62 30.24 30.40 30.48 30.46 30.50 30.51 30.37 30.18 30.36 30.59 30.56 30.46 30.34 30.16 29.81 30.17 30.44 29.70 29.65 29.68 29.27 28.59 27.59 26.20 25.11 23.47 22.67 22.49 22.15 22.87 21.14 22.53 21.54 21.04 18.00 18.27 19.60 20.36 20.22 20.94 21.19 19.24 17.27
29.01 29.08 29.27 29.64 29.45 29.56 29.36 28.61 28.84 28.84 29.24 29.65 29.21 29.00 29.25 29.37 30.05 30.03 30.23 30.41 30.33 30.34 30.27 30.18 30.30 30.06 30.09 30.02 30.22 30.13 29.99 30.38 30.68 30.50 30.12 30.31 30.43 30.60 30.53 30.56 30.50 30.18 30.37 30.47 30.44 30.33 30.27 30.15 30.21 30.49 30.38 30.03 29.92 29.71 29.35 28.87 27.69 25.90 25.60 24.93 23.36 23.64 23.82 24.38 23.40 23.12 20.27 19.24 17.68 18.45 19.84 19.86 20.08 20.62 21.03 19.05 17.51
29.14 29.22 29.38 29.64 29.50 29.45 29.15 28.86 28.98 28.55 28.94 29.34 29.33 29.16 29.37 29.62 29.77 29.89 30.11 30.28 30.22 30.34 30.30 30.41 30.32 30.31 30.25 30.24 30.33 30.16 30.01 30.12 30.32 30.40 30.22 30.43 30.50 30.51 30.57 30.50 30.50 30.18 30.35 30.57 30.57 30.46 30.40 30.24 29.96 29.93 30.07 30.46 30.07 29.92 29.40 28.88 27.45 26.92 26.29 26.78 24.81 25.38 25.76 24.42 23.71 22.94 20.41 19.80 18.44 18.64 19.71 19.92 20.32 20.29 19.49 18.33 18.21
29.40 29.50 29.42 29.81 29.28 29.52 29.30 28.95 28.71 28.72 29.07 29.18 29.29 29.49 29.75 29.66 29.78 29.93 30.03 30.23 30.16 30.29 30.40 30.56 30.35 30.33 30.38 30.41 30.40 30.27 29.79 29.79 29.86 30.15 30.22 30.59 30.60 30.58 30.53 30.41 30.25 30.26 30.46 30.60 30.57 30.51 30.48 30.36 30.22 29.65 29.90 30.10 30.19 30.00 28.82 27.95 27.66 27.92 27.20 26.52 26.74 26.96 26.86 25.45 24.43 23.15 20.94 19.39 18.57 18.87 19.72 20.22 20.18 19.16 17.36 17.42 19.03
29.58 29.85 29.52 29.72 29.42 29.46 29.26 29.06 29.13 29.63 29.75 29.29 29.46 29.63 29.66 29.35 29.82 30.02 29.64 29.96 30.13 29.83 30.33 30.54 30.51 30.67 30.64 30.44 30.23 30.23 30.27 30.10 29.96 30.07 30.24 30.46 30.60 30.56 30.43 30.40 30.21 30.31 30.33 30.58 30.65 30.62 30.57 30.44 30.24 29.71 29.83 29.48 29.47 29.53 29.16 28.59 28.02 28.32 27.65 27.00 27.93 27.73 26.94 25.82 24.65 23.48 20.82 18.93 18.72 19.82 20.73 21.11 19.90 17.40 17.22 18.79 20.42
30.03 29.87 29.63 29.51 29.46 29.40 29.27 29.17 29.47 29.78 29.82 29.97 29.76 29.55 29.61 29.27 29.81 29.73 29.55 29.72 29.64 29.66 30.18 30.40 30.57 30.69 30.63 30.45 30.36 30.50 30.54 30.36 30.31 30.34 30.51 30.50 30.55 30.51 30.39 30.32 30.19 30.21 30.16 30.50 30.56 30.64 30.62 30.36 30.17 30.32 30.10 30.10 30.19 29.78 29.26 29.10 28.89 28.04 27.27 27.56 28.05 26.96 26.72 25.69 24.78 23.57 21.36 19.94 19.85 20.83 22.07 22.72 21.38 18.70 18.42 19.98 19.92
30.09 30.00 29.91 29.95 29.62 29.22 29.60 29.58 29.80 29.90 29.83 29.87 29.56 29.28 29.33 29.43 29.69 29.90 29.72 29.69 29.71 29.83 30.02 30.17 30.33 30.49 30.54 30.48 30.49 30.61 30.60 30.42 30.35 30.30 30.40 30.45 30.36 30.55 30.50 30.39 30.21 30.10 30.23 30.50 30.57 30.55 30.56 30.54 30.26 29.93 30.13 30.07 30.29 30.23 29.85 29.22 28.89 28.42 27.70 27.60 27.15 26.74 26.97 26.08 25.58 24.07 22.17 21.38 21.34 22.33 23.18 23.68 21.98 19.96 18.97 20.19 20.63
30.48 30.35 29.60 30.04 29.83 29.53 29.84 29.88 30.03 30.14 30.18 29.92 29.60 29.21 29.16 29.48 29.73 29.94 29.83 29.55 29.65 30.03 29.94 29.96 30.20 30.41 30.52 30.47 30.53 30.62 30.55 30.58 30.58 30.41 30.44 30.41 30.47 30.51 30.59 30.50 30.41 30.37 30.39 30.61 30.54 30.53 30.65 30.69 30.47 30.42 30.48 30.19 30.01 30.10 30.13 30.00 29.15 28.59 28.32 28.16 27.96 27.16 27.69 27.85 26.88 25.40 23.21 21.60 22.27 23.04 22.36 23.39 22.60 20.75 19.90 20.36 21.26
30.50 30.45 30.17 30.18 29.90 29.85 30.05 29.93 30.02 30.16 30.22 30.11 29.82 29.41 29.27 29.73 29.87 29.96 29.61 29.71 29.97 30.08 30.09 30.13 30.28 30.44 30.56 30.51 30.45 30.40 30.50 30.64 30.63 30.43 30.49 30.45 30.39 30.39 30.39 30.48 30.57 30.48 30.59 30.54 30.53 30.59 30.66 30.73 30.68 30.41 30.34 30.18 30.09 29.95 29.94 30.02 29.71 28.57 28.26 28.34 28.02 27.74 27.88 27.83 27.21 25.98 23.50 22.59 24.12 23.83 23.51 23.09 22.76 21.47 21.65 21.19 21.31
30.12 30.25 29.96 30.44 30.37 30.28 30.23 30.16 29.98 30.24 30.30 30.07 29.92 29.80 29.63 29.85 29.90 29.68 29.62 29.68 29.82 30.10 30.16 30.13 30.21 30.34 30.55 30.42 30.32 30.38 30.50 30.63 30.57 30.46 30.53 30.46 30.26 29.96 30.06 30.29 30.52 30.54 30.53 30.36 30.55 30.60 30.62 30.69 30.56 30.36 30.34 29.85 30.10 29.94 29.70 29.81 29.60 29.17 28.08 27.67 27.70 28.20 28.06 28.03 27.67 25.84 23.24 22.17 23.54 23.92 24.64 23.49 22.76 22.23 23.15 22.55 20.80
30.42 30.40 30.32 30.69 30.28 30.32 30.38 30.44 30.38 30.20 30.28 30.13 30.06 30.13 30.03 30.04 30.18 29.89 29.41 29.56 29.88 30.05 30.14 30.27 30.32 30.28 30.34 30.18 30.28 30.38 30.58 30.63 30.49 30.55 30.56 30.38 30.23 29.98 30.07 30.28 30.48 30.57 30.54 30.44 30.41 30.65 30.62 30.27 30.54 30.55 30.09 29.70 29.31 29.41 29.03 29.88 29.77 29.09 28.12 28.23 28.70 27.97 28.27 28.28 27.53 26.08 24.01 21.68 23.52 24.26 24.08 23.82 23.67 23.30 23.11 22.05 20.32
30.51 30.54 30.20 30.62 30.68 30.65 30.16 30.66 30.59 30.35 30.06 30.16 30.22 30.41 30.40 30.36 30.32 30.04 29.57 29.57 29.73 29.97 30.14 30.31 30.37 30.27 30.17 29.93 30.25 30.37 30.47 30.58 30.52 30.52 30.56 30.52 30.30 30.41 30.42 30.38 30.47 30.58 30.63 30.46 30.43 30.61 30.55 30.18 30.46 30.55 30.22 30.07 29.49 29.58 29.56 30.00 29.78 29.20 28.73 28.42 28.36 28.63 28.60 28.22 26.92 26.33 24.80 21.80 22.75 24.40 23.95 23.67 24.18 23.38 22.95 21.68 20.06
30.78 30.65 30.54 30.45 30.75 30.59 30.48 30.63 30.57 30.56 30.31 30.35 30.43 30.55 30.50 30.36 30.32 30.31 30.09 29.63 29.86 30.04 30.17 30.29 30.24 30.06 29.90 30.04 30.07 30.27 30.46 30.53 30.53 30.59 30.61 30.56 30.49 30.62 30.64 30.55 30.62 30.62 30.68 30.55 30.50 30.59 30.38 30.36 30.39 30.46 30.43 30.44 30.31 30.20 30.13 29.75 30.17 29.81 29.85 28.75 29.00 28.98 28.68 28.14 27.03 26.26 25.90 23.16 22.86 23.27 23.67 24.23 24.07 23.31 23.75 22.58 19.88
30.54 30.70 30.61 30.59 30.86 30.80 30.62 30.71 30.58 30.52 30.45 30.48 30.51 30.51 30.53 30.50 30.63 30.48 30.31 30.01 29.99 30.07 30.18 30.16 30.07 29.94 29.95 30.16 30.00 30.26 30.40 30.54 30.58 30.57 30.57 30.58 30.65 30.64 30.67 30.63 30.72 30.62 30.63 30.63 30.55 30.58 30.31 30.29 30.50 30.61 30.60 30.49 30.17 30.16 30.79 30.52 30.52 30.35 29.99 29.25 29.15 28.71 28.56 27.96 28.30 26.60 26.22 24.10 22.45 22.99 23.11 24.25 23.57 23.15 23.84 22.85 21.46
30.77 30.56 30.56 30.41 30.71 30.79 30.49 30.70 30.61 30.55 30.21 30.70 30.67 30.54 30.67 30.78 30.63 30.48 30.33 30.23 30.28 30.21 30.21 30.12 30.07 30.04 29.99 29.98 29.94 30.20 30.31 30.50 30.50 30.46 30.50 30.52 30.63 30.66 30.59 30.69 30.74 30.69 30.64 30.64 30.63 30.31 30.41 30.42 30.25 30.41 30.54 30.42 30.21 30.20 30.38 30.36 30.37 29.97 29.62 29.18 29.07 29.02 28.49 27.29 27.31 27.49 26.63 25.72 23.34 22.33 23.28 23.62 24.17 23.29 23.34 22.85 22.23
30.40 30.47 30.43 30.14 30.61 30.74 30.34 30.69 30.71 30.62 30.57 30.64 30.70 30.63 30.69 30.71 30.65 30.68 30.48 30.56 30.46 30.47 30.35 30.14 30.14 29.98 29.94 29.85 29.97 30.20 30.35 30.37 30.39 30.31 30.34 30.34 30.45 30.59 30.61 30.60 30.69 30.69 30.66 30.61 30.49 30.21 30.47 30.28 30.30 30.12 30.35 30.26 30.31 30.08 30.12 30.16 29.64 29.26 29.49 29.32 28.15 28.72 28.43 27.28 26.50 26.74 26.93 26.65 24.47 22.87 22.73 22.48 22.94 22.75 23.48 22.83 22.92
