main/data/irradiance/07.01.2023.grid
ncols 839
nrows 679
xllcenter 112.0500
yllcenter -43.9500
cellsize 0.0500
nodata_value 99999.90
[rows 476 to 509 of 679, columns 539 to 615 of 839]
30.56 30.86 31.17 31.19 31.15 31.25 30.88 30.63 30.78 30.95 30.93 31.02 31.05 31.20 31.19 30.81 31.03 31.01 31.13 31.44 31.37 30.90 31.48 31.37 31.28 31.38 31.49 31.34 31.36 31.29 31.40 31.55 31.57 31.55 31.57 31.56 31.48 31.49 31.49 31.51 31.56 31.52 31.46 31.20 30.98 30.87 30.79 30.97 30.97 30.86 31.00 30.92 31.29 31.12 31.13 31.10 30.89 31.18 31.18 31.36 31.51 31.40 31.42 31.19 31.17 31.22 31.35 31.40 31.24 31.36 31.44 31.32 31.13 31.23 31.00 31.00 31.01
29.45 30.84 30.76 30.74 30.76 30.89 31.07 30.97 31.08 30.95 30.72 30.48 30.99 31.07 31.24 31.31 31.12 31.03 30.75 31.12 31.12 31.37 31.37 31.29 31.55 31.43 31.30 31.44 31.46 31.45 31.44 31.55 31.50 31.45 31.53 31.53 31.42 31.36 31.39 31.25 31.01 31.42 31.59 31.23 30.96 30.85 30.79 31.03 30.95 31.01 31.05 30.84 31.28 30.85 31.15 31.15 30.86 31.12 31.27 31.61 31.24 31.11 31.13 31.37 31.06 31.27 31.26 31.03 31.41 30.97 31.26 31.20 31.18 31.21 30.76 31.38 31.01
29.80 30.38 30.72 30.58 30.57 30.99 31.43 31.26 31.14 31.12 31.21 31.10 31.08 31.00 31.16 31.31 30.75 31.01 31.33 31.12 30.73 31.22 31.29 30.93 31.41 31.55 31.44 31.34 31.57 31.51 31.55 31.61 31.58 31.54 31.58 31.55 31.52 31.41 31.31 31.23 31.10 31.04 31.52 31.37 31.09 30.85 30.79 30.76 30.74 30.90 31.00 30.81 31.20 30.95 30.96 31.06 31.15 31.21 31.09 31.29 31.03 31.09 30.90 31.16 31.20 31.18 31.13 30.98 31.01 31.14 31.31 30.91 31.33 31.08 31.00 31.24 30.96
29.71 29.73 30.30 30.66 30.57 30.67 31.49 31.13 31.50 31.29 31.28 31.44 31.22 31.16 31.25 31.16 30.53 30.62 31.02 30.99 31.05 31.28 31.37 31.26 31.60 31.51 31.51 31.65 31.55 31.57 31.68 31.69 31.63 31.65 31.71 31.79 31.64 31.34 31.30 31.41 31.16 30.93 31.37 31.29 31.09 31.09 30.76 30.76 30.73 30.86 30.67 30.66 30.96 30.85 31.05 31.04 31.25 31.33 31.66 31.12 31.03 30.83 31.21 31.39 31.20 31.33 31.29 31.23 31.27 31.18 31.02 31.08 31.20 31.02 30.81 31.19 30.73
29.41 30.01 30.40 30.55 30.68 30.77 31.27 31.01 31.38 31.14 31.43 31.56 31.33 31.37 31.48 31.62 31.54 31.34 31.13 30.97 31.12 30.77 31.36 31.49 31.41 31.50 31.42 31.59 31.52 31.56 31.68 31.71 31.62 31.47 31.58 31.56 31.38 31.24 31.10 31.07 31.38 31.17 31.19 31.08 31.10 31.10 31.27 31.27 30.79 30.91 30.52 30.73 30.76 30.90 31.18 31.10 31.18 31.31 31.43 31.08 31.32 31.15 31.17 31.06 31.00 30.79 31.09 30.70 30.95 31.00 30.06 30.98 30.26 30.72 31.03 30.99 30.69
29.24 29.96 30.25 30.60 30.89 30.69 31.06 31.05 31.18 31.06 31.40 31.35 31.32 31.40 31.10 30.78 31.08 31.51 31.40 31.26 30.88 31.22 30.88 31.11 31.30 31.66 31.23 31.25 31.52 31.58 31.68 31.67 31.64 31.53 31.50 31.36 31.40 31.35 30.96 30.81 31.28 31.23 31.13 31.18 31.21 31.20 31.10 31.13 31.15 30.94 31.06 30.76 31.07 30.96 31.13 31.19 30.94 30.97 31.56 31.24 30.98 31.28 31.27 30.56 31.26 30.91 30.80 30.83 30.82 30.96 30.63 30.84 30.96 30.67 30.67 30.75 30.94
29.19 29.61 29.44 30.29 30.62 30.70 30.84 31.08 30.98 31.22 31.32 31.26 31.33 31.41 30.85 30.94 30.87 31.11 31.25 31.49 31.25 31.29 31.37 31.14 31.34 31.22 31.27 31.37 31.43 31.57 31.60 31.56 31.60 31.61 31.46 31.38 31.32 30.88 31.04 31.05 31.29 31.17 31.21 31.16 31.04 31.19 31.30 31.21 31.22 31.39 31.08 31.20 31.14 30.92 30.78 30.81 30.98 30.92 31.17 30.93 31.19 30.85 30.86 30.83 31.16 30.98 31.14 31.14 29.87 30.74 30.91 30.83 30.86 30.62 30.55 30.90 30.89
28.87 29.13 30.21 29.91 30.52 30.83 30.99 30.98 31.16 31.57 31.60 31.24 30.98 31.32 31.05 31.08 31.18 30.98 31.15 31.42 31.32 31.24 31.24 31.35 30.95 31.16 31.37 31.54 31.71 31.27 31.20 30.97 31.39 31.49 31.39 31.45 31.28 30.73 30.76 30.40 31.28 31.28 31.04 31.30 31.28 31.26 31.28 31.20 31.12 31.14 31.12 31.08 31.38 30.91 31.00 31.32 31.32 31.14 31.06 30.76 31.28 31.33 31.31 31.46 31.31 31.34 31.00 31.06 30.31 30.69 30.97 30.67 30.66 31.09 30.48 30.92 30.91
29.47 30.19 30.29 30.30 30.36 30.89 31.09 31.10 31.25 31.58 31.61 31.47 31.25 31.13 30.79 30.96 31.37 30.99 30.96 30.75 30.74 30.91 30.83 31.16 31.18 31.07 31.19 31.52 31.59 31.41 31.37 31.46 31.42 31.51 31.46 31.28 31.44 31.13 30.97 30.87 31.23 31.23 30.97 31.03 31.09 31.16 31.27 31.12 31.29 31.12 31.18 31.18 31.23 30.83 30.65 30.77 30.85 30.85 30.96 30.46 31.11 31.35 31.28 31.30 31.63 30.66 30.89 30.66 30.63 30.65 30.89 31.03 30.64 30.48 31.03 31.08 31.02
29.80 30.56 30.42 30.43 30.41 30.78 31.20 30.95 31.10 31.46 31.62 31.45 31.30 31.29 31.12 31.27 31.34 31.20 31.07 30.98 30.84 30.50 30.34 30.56 31.04 30.77 30.79 31.54 31.55 31.47 31.48 31.52 31.51 31.45 31.31 31.34 30.85 31.02 30.94 31.43 31.12 31.02 30.62 29.99 30.45 30.69 30.83 30.82 31.12 31.01 30.96 30.89 31.00 31.41 30.79 30.42 30.48 30.86 30.61 30.68 30.90 31.33 31.34 31.39 31.45 30.73 30.52 30.58 30.94 30.88 30.90 30.84 30.92 31.19 31.23 30.98 31.19
29.95 30.32 30.09 30.38 30.94 30.91 31.11 31.15 31.25 31.45 31.48 31.41 31.37 31.03 31.07 31.05 30.97 31.22 30.96 30.91 31.23 31.13 31.10 30.99 31.03 30.57 30.57 31.03 31.45 31.33 31.59 31.45 31.47 31.14 30.78 30.34 30.62 30.82 30.73 31.05 31.03 31.11 30.77 30.44 30.56 30.78 30.89 30.67 30.41 30.81 30.15 30.03 30.93 30.80 30.77 30.71 30.94 30.32 30.58 30.73 31.00 31.07 30.94 31.37 31.41 31.47 31.00 30.66 30.30 30.77 30.93 31.03 31.35 31.24 31.23 30.90 31.16
30.31 30.28 29.91 30.27 30.71 30.66 30.84 30.96 30.92 31.57 31.38 31.21 31.31 30.94 30.94 30.70 30.40 30.87 30.73 30.91 31.27 31.20 31.16 31.18 30.87 31.01 30.64 30.52 31.24 31.51 31.48 31.46 31.31 31.12 30.83 30.70 30.33 30.23 30.72 31.03 31.07 30.91 31.01 30.90 30.86 31.23 31.23 30.86 31.04 30.64 30.87 30.79 31.04 31.01 30.84 31.15 31.10 30.88 30.80 30.91 30.49 31.03 30.58 30.79 30.81 31.07 31.37 31.20 30.69 31.11 31.12 31.39 31.22 31.21 31.19 30.88 30.53
30.62 30.47 29.65 30.52 30.84 30.99 30.93 31.06 31.08 31.51 31.45 31.10 31.34 30.96 30.80 30.52 30.66 30.60 30.89 30.69 30.94 31.04 31.28 30.98 30.74 31.02 31.03 30.51 31.02 31.37 31.56 31.42 31.46 31.12 31.17 30.82 30.34 30.86 30.94 31.25 31.01 30.83 30.92 31.13 30.98 31.11 31.27 30.95 31.26 31.08 30.80 30.85 30.64 30.37 30.37 30.31 31.04 31.42 30.79 30.74 30.60 30.50 30.84 30.81 30.86 30.84 31.38 31.18 30.12 30.23 31.14 30.71 31.07 31.02 31.06 31.02 31.04
30.98 30.75 30.55 30.80 30.95 30.65 30.90 30.83 31.24 31.50 31.56 31.34 31.29 30.53 31.12 31.18 30.37 29.81 31.00 30.97 31.07 30.84 31.17 31.07 30.69 30.37 31.11 30.46 30.66 30.95 30.94 30.49 30.79 31.14 30.53 30.95 30.66 30.76 30.84 30.75 31.05 30.87 30.95 31.39 31.20 30.73 31.18 31.00 30.65 30.92 30.53 30.90 31.10 30.66 30.24 30.64 30.91 30.87 30.80 31.00 31.00 31.20 30.62 30.20 30.06 30.66 31.34 31.49 30.84 29.90 31.00 30.91 31.15 31.27 31.23 31.20 30.98
30.92 30.56 30.36 30.52 30.95 30.74 30.96 30.95 30.92 31.35 31.47 31.29 31.48 30.87 30.90 30.85 30.58 30.05 30.18 30.88 30.86 31.04 30.92 31.06 30.99 30.77 30.60 30.60 30.59 30.08 30.33 30.60 30.77 31.09 30.84 30.88 30.80 30.78 30.76 30.95 31.14 31.22 31.24 31.46 31.64 31.37 31.54 31.48 31.26 31.03 31.01 31.14 31.10 31.19 31.03 30.84 31.06 30.96 31.07 31.15 31.19 31.34 30.68 30.80 30.42 29.95 31.34 31.54 31.23 30.27 30.60 30.82 31.49 31.08 31.03 31.23 30.55
30.69 30.87 30.05 30.67 30.96 30.81 30.93 30.93 31.16 31.43 31.56 31.51 31.46 30.91 30.91 30.76 29.52 30.06 30.85 31.17 30.98 30.90 31.35 31.50 31.07 31.06 30.96 30.84 30.72 30.71 30.69 30.45 30.80 30.63 31.07 30.96 30.82 31.10 30.87 30.98 31.55 31.63 31.61 31.65 31.73 31.71 31.68 31.55 31.65 31.65 31.46 31.54 31.51 31.63 31.33 31.25 31.24 31.28 31.44 30.38 30.49 30.94 30.40 30.41 29.88 31.15 31.52 31.73 31.47 30.38 30.12 30.87 31.51 31.31 30.86 31.12 31.08
30.45 30.71 29.89 29.95 31.03 30.76 30.88 31.25 30.52 31.06 31.57 31.44 31.35 31.38 30.90 30.49 30.29 30.31 30.30 30.93 30.88 30.94 30.80 31.20 30.93 31.05 30.86 30.65 30.72 30.75 30.52 30.77 30.92 30.74 30.81 30.55 30.78 31.09 31.17 31.22 31.45 31.36 31.63 31.59 31.68 31.63 31.42 31.37 31.46 31.16 31.37 31.12 31.14 30.84 31.07 31.10 31.08 31.54 31.19 30.65 30.52 30.49 30.08 29.45 30.58 31.24 31.44 31.59 31.42 31.23 30.37 31.42 31.52 30.84 30.91 30.78 30.73
30.96 30.67 30.11 30.11 30.88 30.48 30.83 31.17 31.09 30.42 31.31 31.37 31.20 30.97 30.77 30.66 30.56 29.99 30.69 30.74 30.81 30.87 30.69 31.03 30.90 31.24 30.77 30.82 31.10 30.62 30.36 31.17 31.15 30.74 30.60 30.29 31.07 31.09 31.19 31.02 31.53 31.61 31.70 31.62 31.39 31.55 31.13 31.14 31.39 31.20 30.79 30.81 30.57 31.10 30.92 31.27 31.29 31.33 31.23 31.37 30.47 30.02 30.09 28.20 29.96 31.24 31.43 31.57 31.41 31.27 31.14 30.97 30.72 30.21 31.03 31.41 31.15
31.04 30.58 29.73 29.09 30.64 30.87 31.05 30.97 31.02 30.98 31.13 31.43 30.95 31.04 31.38 30.97 30.46 30.01 30.31 29.18 30.56 30.30 30.63 31.00 30.96 30.55 30.73 30.79 30.68 31.07 31.05 30.88 30.85 30.80 30.58 30.86 30.87 31.01 30.56 30.91 31.66 31.59 31.56 31.63 31.58 31.51 31.23 31.19 30.94 30.98 30.86 30.91 30.65 31.28 31.15 30.94 31.28 31.54 31.60 31.62 31.30 30.34 30.21 30.07 30.99 31.31 31.70 31.66 31.50 31.32 30.98 30.39 30.37 30.96 31.02 31.18 31.10
29.59 29.72 30.06 29.93 30.18 30.70 30.91 30.79 30.58 31.29 31.25 31.46 31.17 31.24 31.11 31.03 30.79 30.28 30.09 30.54 31.10 31.13 30.66 30.84 30.91 30.88 31.13 31.10 31.07 31.06 30.65 30.91 31.26 30.99 31.01 31.32 31.36 31.23 30.87 31.19 31.58 31.46 31.54 31.57 31.37 31.15 30.83 31.02 30.41 31.05 30.55 30.75 30.80 31.23 31.26 31.12 31.07 31.27 31.32 31.52 31.60 31.25 30.53 31.01 31.65 31.73 31.73 31.38 31.29 31.59 31.49 31.27 31.00 31.16 31.27 30.88 30.11
29.57 27.71 28.97 30.93 30.68 30.88 30.87 30.87 31.28 31.24 31.39 31.16 31.29 31.39 31.48 31.53 31.10 31.38 30.95 30.83 30.87 30.53 30.74 30.47 31.13 30.95 31.27 31.13 31.46 31.47 31.37 31.03 31.43 30.90 31.09 31.28 31.56 31.46 30.91 30.85 31.40 31.40 31.44 31.55 31.40 31.23 30.71 30.60 30.57 30.57 30.58 31.00 30.85 31.01 31.11 31.23 30.77 31.58 31.55 31.54 31.35 31.16 31.05 31.09 31.49 31.09 30.95 31.13 31.68 31.66 31.70 31.69 31.58 31.47 31.46 30.95 31.01
30.11 28.75 28.08 30.49 29.95 30.55 31.25 31.18 31.18 31.08 30.94 31.37 31.41 31.15 31.11 31.04 30.49 31.03 31.02 30.16 30.94 30.95 31.27 31.08 31.37 31.35 31.63 31.30 31.47 31.65 31.77 31.82 31.79 31.84 31.51 31.25 31.14 31.09 31.09 31.04 31.50 30.94 31.19 31.28 31.21 31.08 31.03 30.57 30.66 30.56 30.17 30.93 30.75 30.97 30.88 31.34 31.22 31.42 31.50 30.86 31.30 30.40 30.16 30.67 30.83 31.45 31.20 31.21 31.60 31.64 31.72 31.71 31.68 31.46 30.44 30.81 30.71
30.38 28.46 25.53 29.09 30.16 31.32 31.69 30.67 31.21 30.88 31.31 31.05 30.93 30.45 31.01 30.77 30.75 31.23 31.26 30.92 30.89 30.87 31.31 31.20 31.42 31.57 31.74 31.71 31.46 31.59 31.74 31.80 31.74 31.79 31.65 31.58 30.95 31.25 31.31 31.09 31.07 30.84 31.15 31.39 31.47 30.82 30.47 30.87 30.54 30.34 30.61 30.81 30.68 31.13 31.06 31.17 31.43 31.29 30.91 30.97 30.18 29.81 29.73 30.82 30.75 30.61 30.55 30.39 30.26 30.88 31.07 31.47 31.09 30.68 30.43 30.68 30.05
30.48 30.20 28.46 29.80 30.80 30.99 31.31 31.39 31.17 31.46 31.54 31.31 31.23 31.37 31.11 30.72 30.93 31.28 31.40 31.31 30.87 30.90 31.29 31.37 31.60 31.57 31.73 31.71 31.47 31.65 31.72 31.56 31.76 31.63 31.53 31.44 31.44 31.26 31.36 31.60 31.34 30.92 30.87 31.20 30.94 30.85 30.02 30.46 29.93 30.43 30.77 31.12 30.72 30.69 30.81 31.16 31.29 30.61 30.70 30.03 30.50 30.56 30.74 30.49 30.50 30.35 30.15 30.56 30.59 29.95 29.81 30.21 30.16 30.18 30.15 30.83 30.73
30.74 30.14 28.96 29.24 30.72 30.77 31.26 31.34 31.09 31.33 31.33 31.31 31.05 30.91 31.40 31.21 31.00 31.40 31.57 31.54 31.43 31.42 31.31 31.36 31.58 31.55 31.73 31.70 31.38 31.35 31.43 31.58 31.69 31.48 31.29 30.83 30.84 31.01 31.34 30.63 30.53 30.95 31.26 30.75 30.12 29.90 30.44 30.60 30.34 30.51 30.50 30.72 30.43 31.13 30.30 30.40 30.90 30.50 29.94 30.13 29.99 30.73 30.63 30.32 30.20 30.81 30.52 30.34 29.87 30.20 29.90 30.31 30.45 30.20 30.34 30.14 29.99
30.39 29.00 27.72 29.32 30.47 30.67 31.54 31.05 31.28 31.40 31.38 31.27 31.21 30.91 30.84 31.00 30.97 31.22 31.45 31.57 31.67 31.53 31.08 31.77 31.57 31.59 31.45 31.49 31.51 31.56 31.15 30.84 31.41 31.05 31.31 30.22 30.24 30.81 30.80 30.45 31.05 30.65 30.50 30.29 30.50 29.42 29.92 29.34 29.86 30.13 29.81 30.46 29.81 30.35 30.91 30.68 30.08 30.34 29.85 30.60 30.02 30.63 30.35 30.34 30.83 30.82 30.74 30.27 30.40 29.81 30.23 30.55 30.22 30.52 30.57 30.28 30.21
30.32 29.24 28.56 29.59 30.35 30.69 31.53 31.32 30.98 31.40 31.46 31.41 31.51 30.82 30.59 31.05 31.20 31.33 31.28 31.51 31.47 31.47 31.01 31.80 31.72 31.58 31.42 31.04 30.78 31.18 31.48 30.81 30.75 30.91 30.90 30.79 30.79 30.00 30.22 29.80 29.57 30.46 30.12 30.37 30.18 30.37 29.56 30.46 30.50 29.61 30.66 30.07 30.42 30.50 30.41 30.86 30.64 30.45 30.59 31.12 30.54 30.43 30.39 30.88 30.81 30.41 30.92 30.48 30.09 30.60 30.08 30.52 30.79 30.44 30.59 30.65 30.10
29.74 29.07 29.99 30.23 29.93 30.96 31.25 31.23 30.67 31.08 31.45 31.39 31.24 31.27 31.16 31.03 30.56 31.10 30.95 31.48 31.43 31.59 31.36 31.22 31.27 30.79 30.52 30.40 30.52 30.82 30.62 31.00 30.57 30.26 30.56 30.26 29.92 29.59 29.98 29.91 29.41 30.15 29.99 29.93 30.43 30.43 30.33 31.11 30.90 29.80 30.01 30.16 30.25 30.82 30.26 30.46 30.89 30.49 30.56 30.48 30.86 30.42 30.60 31.04 30.28 29.67 30.90 31.07 30.42 30.30 30.72 30.87 30.75 30.65 29.82 29.84 29.90
29.79 29.59 29.93 30.70 30.88 31.42 31.59 31.47 31.21 31.25 31.22 31.37 31.42 31.09 31.08 31.17 31.23 31.11 31.00 31.25 31.49 31.53 31.28 30.94 31.16 31.02 30.90 30.09 30.32 30.80 30.81 30.09 29.62 30.29 30.60 30.24 30.38 30.40 29.70 30.18 29.94 29.75 29.63 30.00 30.55 30.70 30.42 30.63 30.69 30.62 30.59 30.50 30.29 30.37 30.65 29.54 29.69 30.30 30.23 30.35 30.70 30.60 30.79 31.30 30.64 31.25 31.26 31.57 31.40 31.00 30.55 30.49 30.62 30.47 30.12 30.36 27.19
30.71 29.78 30.86 30.86 31.31 31.23 31.21 31.35 31.27 31.25 31.32 31.12 31.18 31.28 31.26 31.06 31.02 31.25 31.03 31.05 31.55 31.27 31.15 31.31 31.43 31.36 31.21 30.74 30.20 30.54 30.54 30.34 30.62 30.04 29.50 30.49 29.97 29.78 29.54 29.84 30.30 30.01 29.88 30.17 30.37 29.56 30.40 30.53 30.56 30.49 30.19 30.50 30.84 31.10 31.40 31.38 31.21 31.20 31.35 31.53 31.42 31.41 31.33 31.15 30.09 30.44 29.72 30.25 30.59 31.03 30.64 30.14 30.23 29.63 30.46 30.58 27.99
31.03 30.88 31.22 30.86 31.31 31.23 31.48 31.55 31.47 31.17 31.10 31.11 31.14 31.16 31.34 31.23 31.10 31.18 31.10 31.08 31.16 31.10 31.13 31.03 31.09 30.96 31.41 30.74 30.14 30.15 30.03 30.74 30.45 30.78 30.56 29.88 29.92 30.25 30.04 29.81 30.53 30.52 30.23 30.70 30.93 31.52 31.15 31.14 31.48 31.62 31.66 31.49 31.57 31.60 31.72 31.29 31.61 31.14 30.75 31.19 30.62 30.17 30.39 30.42 29.87 29.89 28.88 30.04 30.30 30.36 30.75 30.13 29.73 30.18 30.33 29.86 23.65
31.03 30.88 31.22 31.22 31.31 31.48 31.48 31.55 31.06 30.71 30.62 31.25 30.90 30.84 30.92 30.84 31.08 30.90 30.68 30.88 30.69 30.80 31.00 30.90 30.98 30.88 30.79 30.48 30.29 30.36 30.45 30.46 30.98 31.11 31.13 30.63 30.66 30.66 31.02 31.13 31.48 31.50 31.58 31.48 31.43 31.63 31.54 31.59 31.35 31.33 31.55 31.40 31.44 31.60 31.30 31.40 31.31 30.89 30.85 30.47 29.45 30.87 30.33 29.90 29.96 28.91 29.34 29.92 30.32 29.90 29.68 29.98 29.89 29.82 30.22 29.91 24.79
31.12 30.88 31.22 30.45 30.45 31.48 31.48 31.34 31.34 31.68 31.30 31.17 30.54 30.47 30.71 30.63 30.82 30.84 31.14 30.72 31.13 31.02 30.57 30.60 31.04 31.13 30.89 30.88 30.54 30.67 30.93 31.14 31.13 31.13 31.05 30.76 31.36 31.21 31.68 31.62 31.64 31.44 31.35 31.42 31.45 31.14 31.46 31.44 31.67 31.33 31.35 31.46 31.20 31.49 31.10 31.58 31.13 31.06 30.71 30.74 30.38 31.31 30.80 29.95 29.80 30.16 30.72 30.35 29.58 29.37 29.82 30.15 30.86 30.58 29.98 29.93 29.47
31.12 30.85 30.85 30.45 30.45 30.45 30.97 31.43 31.43 31.30 30.86 30.82 31.06 30.77 30.74 30.43 30.56 30.86 30.47 30.86 31.00 31.08 31.24 31.11 31.04 30.76 31.04 31.31 31.12 31.29 31.22 31.29 30.99 30.92 30.74 31.01 31.22 31.52 31.36 31.33 31.37 31.70 31.50 31.16 31.24 31.48 31.59 31.59 31.51 31.49 31.46 31.57 31.45 31.33 31.27 31.36 31.15 31.54 31.03 30.57 31.26 30.96 30.90 31.14 31.00 30.86 30.92 30.74 31.01 29.79 30.76 30.70 30.84 30.61 30.76 30.34 29.70
