main/data/irradiance/07.02.2023.grid
ncols 839
nrows 679
xllcenter 112.0500
yllcenter -43.9500
cellsize 0.0500
nodata_value 99999.90
[rows 544 to 577 of 679, columns 693 to 769 of 839]
28.05 27.77 27.58 27.58 27.34 27.57 26.76 26.91 27.43 27.99 27.91 27.20 27.30 27.30 27.91 28.01 27.43 26.56 26.37 25.91 26.14 26.49 26.17 25.83 27.50 27.78 27.13 26.41 25.09 25.20 25.04 24.33 23.61 23.75 23.40 23.20 23.09 23.55 24.49 23.23 22.37 22.03 22.14 23.08 24.98 26.36 25.95 25.54 23.13 22.75 23.50 24.02 24.84 24.82 24.51 25.49 25.53 25.05 25.29 25.56 26.22 26.63 26.43 26.85 27.08 27.44 27.44 27.44 27.44 27.44 27.44 27.44 27.44 27.44 27.44 27.44 99999.90
28.05 27.76 27.92 27.39 26.90 27.00 26.30 26.38 27.17 27.84 27.57 26.81 26.77 26.83 26.69 26.69 27.27 26.14 26.65 26.30 25.59 25.91 26.06 26.27 26.30 26.26 25.23 24.98 25.03 25.03 24.62 24.06 23.78 23.10 23.26 23.03 22.90 23.27 23.12 22.49 21.58 21.06 21.46 23.99 26.23 26.51 26.64 24.03 23.77 23.35 23.33 23.87 24.72 25.48 25.85 25.87 25.21 25.41 25.93 26.02 26.89 27.19 27.44 27.26 27.24 27.44 27.44 27.44 27.44 27.44 27.44 27.44 27.44 27.44 27.44 27.44 99999.90
28.05 28.19 27.97 27.28 26.31 26.35 26.00 26.16 26.45 27.28 27.58 26.29 26.14 25.82 25.94 26.01 26.72 26.49 25.71 25.66 25.53 25.39 25.45 25.64 25.77 25.04 24.99 24.73 24.70 25.04 24.30 24.44 24.42 22.21 22.74 22.68 22.26 22.35 22.21 21.64 21.57 21.44 21.48 23.51 24.70 25.30 25.27 23.61 24.01 23.70 24.08 24.62 24.81 25.13 25.24 25.20 25.57 26.01 26.38 26.27 26.95 27.30 27.27 27.10 26.79 26.79 26.79 27.44 27.44 27.44 27.44 27.44 27.44 27.44 27.44 27.44 99999.90
27.89 28.23 28.10 27.61 26.97 26.27 25.99 26.10 26.41 26.73 26.55 25.80 25.64 24.79 25.51 25.96 25.98 26.69 26.11 25.71 25.75 24.83 24.73 25.02 25.05 24.66 24.51 24.22 23.81 23.80 23.01 22.76 22.23 21.98 22.35 21.55 21.55 21.24 20.89 20.64 20.43 21.44 23.82 24.73 24.24 24.23 24.09 23.99 24.02 24.09 23.78 23.89 24.52 24.83 25.33 25.29 25.29 25.49 25.90 26.32 26.37 26.21 26.87 27.49 27.14 27.14 27.14 25.45 25.45 25.45 25.45 25.45 25.45 25.45 25.45 25.45 99999.90
27.94 28.18 28.21 27.97 27.84 27.74 27.57 26.20 26.06 26.33 25.79 25.73 25.24 24.31 25.04 25.43 25.40 25.15 24.89 25.18 25.01 24.78 24.58 24.56 24.67 24.40 23.29 23.26 23.33 22.57 22.75 22.02 21.71 22.32 22.16 21.73 21.16 20.38 20.10 19.77 19.42 20.35 22.43 22.71 23.92 23.72 24.64 23.81 23.53 23.75 23.80 23.89 24.40 24.92 25.64 25.76 25.82 25.78 26.17 26.27 25.96 25.60 25.64 26.65 27.32 27.32 25.45 25.45 25.45 25.45 25.45 25.45 25.45 25.45 25.45 25.45 99999.90
27.63 27.39 28.08 28.21 28.16 28.05 28.09 27.25 25.47 26.00 25.66 25.41 24.98 24.29 24.53 24.75 24.83 24.66 24.79 24.66 24.46 24.41 24.17 24.03 24.03 22.87 22.66 22.85 22.59 22.54 22.04 22.36 22.06 21.94 21.45 20.69 20.55 20.69 20.43 20.22 20.20 19.69 21.20 22.01 22.32 22.69 22.98 23.04 22.64 23.32 23.16 23.00 24.18 24.98 25.84 25.52 25.15 25.31 25.57 25.99 25.65 25.53 25.56 25.05 25.58 25.45 25.45 25.45 25.45 25.45 25.45 25.45 25.45 25.45 25.45 25.45 99999.90
25.77 26.09 27.85 27.13 26.79 26.81 26.94 26.31 25.61 25.77 25.96 25.74 25.27 25.05 24.87 25.10 24.61 24.30 24.03 24.06 23.67 23.51 23.22 22.68 21.87 21.85 21.79 21.47 21.90 21.09 21.44 20.98 20.80 20.33 19.92 19.86 19.82 19.49 19.79 20.18 19.97 20.99 22.69 22.34 21.92 22.36 22.17 22.52 22.94 23.58 24.05 23.46 23.86 24.01 24.58 24.99 25.01 24.58 24.99 25.54 24.82 25.53 25.56 25.05 25.58 25.45 25.45 25.45 25.45 25.45 25.45 25.45 25.45 25.45 25.45 25.45 99999.90
25.45 25.75 26.90 25.48 25.68 25.81 26.01 25.64 25.43 25.23 24.72 24.75 24.77 24.59 24.27 24.19 24.26 23.84 23.99 23.36 23.37 22.43 22.06 20.80 21.34 21.46 21.17 20.14 20.43 20.35 20.06 19.68 19.33 19.65 19.36 17.93 18.64 19.28 19.25 19.33 19.22 20.92 21.37 21.53 21.99 22.35 22.50 22.30 22.53 23.44 23.35 23.14 22.92 22.98 23.19 23.35 23.73 23.97 24.39 24.34 24.13 24.13 25.56 25.05 25.58 25.45 25.45 25.45 25.45 25.45 25.45 25.45 25.45 25.45 25.45 25.45 99999.90
25.58 25.71 26.51 25.04 25.34 25.08 25.40 25.06 24.39 24.30 23.96 23.94 23.65 23.23 23.16 22.45 23.06 23.34 22.96 22.44 21.94 22.42 22.43 21.38 21.49 21.70 21.87 20.64 20.45 20.20 20.10 19.99 18.43 19.42 19.13 18.14 18.65 19.15 19.12 19.17 18.88 19.58 19.68 19.93 20.12 20.00 20.60 21.13 21.91 22.44 23.29 22.72 22.30 22.53 22.93 22.77 22.83 22.76 22.94 23.16 24.13 24.13 24.13 25.05 25.58 25.45 25.45 25.45 25.45 25.45 25.45 25.45 25.45 25.45 25.45 25.45 99999.90
25.46 25.53 25.56 24.21 24.54 23.79 23.69 23.61 23.90 23.99 23.71 23.42 23.36 23.34 23.04 22.85 22.60 21.38 22.16 22.32 21.75 21.99 21.63 21.85 22.15 22.01 21.90 21.50 21.30 20.87 20.54 19.86 19.45 20.21 20.07 18.92 19.63 19.17 19.15 19.17 19.55 19.39 19.24 19.51 20.58 20.45 20.81 21.40 21.05 21.50 21.49 20.98 21.73 22.40 22.28 22.63 22.78 22.44 22.63 23.16 23.16 24.13 24.13 24.13 25.58 25.45 25.45 25.45 25.45 25.45 25.45 25.45 25.45 25.45 25.45 25.45 99999.90
25.30 24.93 24.72 24.57 24.62 23.18 23.75 23.02 22.70 22.63 22.14 22.39 22.44 22.68 22.54 22.45 22.62 21.53 21.67 21.60 22.63 22.72 22.27 21.56 22.11 22.24 21.57 21.19 19.79 20.19 19.48 20.04 19.36 20.29 20.88 20.69 20.68 20.71 19.80 19.91 20.33 20.36 20.12 20.91 21.35 22.10 22.03 21.79 21.80 21.79 22.10 21.35 21.32 22.15 21.76 22.23 22.63 22.44 22.63 22.63 23.16 23.16 24.13 24.13 25.58 25.45 25.45 25.45 25.45 25.45 25.45 25.45 25.45 25.45 25.45 25.45 99999.90
25.43 24.50 23.80 23.47 23.88 23.50 23.40 22.99 22.89 22.56 22.32 22.20 22.04 22.15 21.77 21.95 21.80 21.47 22.08 22.09 22.73 22.61 22.98 22.21 21.64 20.94 20.79 20.03 20.17 19.79 19.83 20.61 20.99 22.09 21.82 22.31 22.65 22.55 22.50 22.64 22.55 22.67 20.12 20.91 21.35 22.10 22.03 21.79 21.80 21.79 22.10 21.35 21.32 22.15 21.76 22.23 22.63 22.63 22.63 22.63 22.63 23.16 23.16 24.13 24.13 25.45 25.45 25.45 25.45 25.45 25.45 25.45 25.45 25.45 25.45 25.45 99999.90
24.89 24.63 24.10 24.37 24.06 23.61 23.33 22.46 22.86 22.69 22.38 22.02 22.10 22.20 22.37 22.39 22.31 22.41 22.81 22.06 22.41 23.24 22.45 22.32 21.67 20.85 20.32 20.09 20.13 19.79 19.83 20.61 20.99 22.09 21.82 22.31 22.65 22.55 22.50 22.64 22.55 22.67 22.67 20.91 21.35 22.10 22.03 21.79 21.80 21.79 22.10 21.35 21.32 22.15 21.76 22.23 22.63 22.63 22.63 22.63 22.63 22.63 23.16 23.16 24.13 25.45 25.45 25.45 25.45 25.45 25.45 25.45 25.45 25.45 25.45 25.45 99999.90
24.28 24.26 23.80 23.54 23.35 23.25 22.94 22.77 22.40 22.46 23.08 22.85 22.63 22.91 22.28 21.76 22.98 23.12 22.32 21.91 22.22 22.27 21.02 21.18 21.09 20.85 20.32 20.09 20.13 20.13 19.83 20.61 20.99 22.09 21.82 22.31 22.65 22.55 22.50 22.64 22.55 22.67 22.67 22.67 21.35 22.10 22.03 21.79 21.80 21.79 22.10 21.35 21.32 22.15 21.76 22.23 22.63 22.63 22.63 22.63 22.63 22.63 22.63 23.16 23.16 24.13 25.45 25.45 25.45 25.45 25.45 25.45 25.45 25.45 25.45 25.45 99999.90
22.74 23.00 23.28 23.15 23.17 22.29 22.32 22.23 22.44 22.44 22.25 23.04 22.82 23.03 22.58 22.46 23.25 23.78 22.56 22.36 21.86 22.55 21.92 21.18 21.09 21.09 20.32 20.09 20.13 20.13 20.13 20.61 20.99 22.09 21.82 22.31 22.65 22.55 22.50 22.64 22.55 22.67 22.67 22.67 21.35 22.10 22.03 21.79 21.80 21.79 22.10 21.35 21.32 22.15 21.76 22.23 22.63 22.63 22.63 22.63 22.63 22.63 22.63 22.63 23.16 23.16 25.45 25.45 25.45 25.45 25.45 25.45 25.45 25.45 25.45 25.45 99999.90
22.97 23.41 22.36 23.11 22.58 22.02 21.99 21.52 21.45 21.87 21.02 22.49 22.60 22.14 21.71 22.30 22.18 22.38 22.62 23.47 23.11 22.55 21.92 21.92 21.09 21.09 21.09 20.09 20.13 20.13 20.13 20.61 20.99 22.09 21.82 22.31 22.65 22.55 22.50 22.64 22.55 22.67 22.67 22.67 21.35 22.10 22.03 21.79 21.80 21.79 22.10 21.35 21.32 22.15 21.76 22.23 22.63 22.63 22.63 22.63 22.63 22.63 22.63 22.63 22.63 23.16 23.16 25.45 25.45 25.45 25.45 25.45 25.45 25.45 25.45 25.45 99999.90
23.18 23.15 22.06 21.59 21.69 21.70 21.53 20.94 21.76 21.80 21.32 22.49 22.60 22.14 21.71 23.35 23.28 22.51 22.67 23.47 23.11 23.11 21.92 21.92 21.92 21.09 21.09 20.09 20.13 20.13 20.13 20.61 20.99 22.09 21.82 22.31 22.65 22.55 22.50 22.64 22.55 22.67 22.67 22.67 22.67 22.10 22.03 21.79 21.80 21.79 22.10 21.35 21.32 22.15 21.76 22.23 22.63 22.63 22.63 22.63 22.63 22.63 22.63 22.63 22.63 22.63 23.16 23.16 24.13 24.13 24.13 99999.90 99999.90 99999.90 99999.90 99999.90 99999.90
21.59 21.67 21.58 21.17 22.08 22.36 21.63 21.54 21.96 22.33 21.39 21.39 22.60 19.87 20.87 20.87 20.76 22.51 22.67 22.67 23.11 23.11 23.11 21.92 21.92 21.09 21.09 20.09 20.13 20.13 20.13 20.13 20.99 22.09 21.82 22.31 22.65 22.55 22.50 22.64 22.55 22.67 22.67 22.67 22.67 22.10 22.03 21.79 21.80 21.79 22.10 21.35 21.32 22.15 21.76 22.23 22.63 22.63 22.63 22.63 22.63 22.63 22.63 22.63 22.63 22.63 22.63 23.16 23.16 24.13 24.13 99999.90 99999.90 99999.90 99999.90 99999.90 99999.90
21.75 21.21 21.04 21.74 22.28 22.30 21.96 22.87 22.42 23.02 23.05 23.05 20.89 19.87 19.87 19.62 20.76 20.76 22.67 22.67 22.67 23.11 23.11 21.92 21.92 21.92 21.09 21.09 20.13 20.13 20.13 20.13 20.99 22.09 21.82 22.31 22.65 22.55 22.50 22.64 22.55 22.67 22.67 22.67 22.67 22.10 22.03 21.79 21.80 21.79 22.10 21.35 21.32 22.15 21.76 22.23 22.63 22.63 22.63 22.63 22.63 22.63 22.63 22.63 22.63 22.63 22.63 22.63 23.16 23.16 99999.90 99999.90 99999.90 99999.90 99999.90 99999.90 99999.90
20.54 21.42 21.13 21.59 22.22 22.40 22.54 21.89 21.78 22.20 21.62 21.15 20.89 20.52 20.72 19.62 19.62 20.76 20.76 22.67 22.67 23.11 23.11 23.11 21.92 21.92 21.09 21.09 20.13 20.13 20.13 20.13 20.99 22.09 21.82 22.31 22.65 22.55 22.50 22.64 22.55 22.67 22.67 22.67 22.67 22.67 22.03 21.79 21.80 21.79 22.10 21.35 21.32 22.15 21.76 22.23 22.63 22.63 22.63 22.63 22.63 22.63 22.63 22.63 22.63 22.63 22.63 22.63 22.63 99999.90 99999.90 99999.90 99999.90 99999.90 99999.90 99999.90 99999.90
21.40 21.69 21.29 21.99 22.11 22.01 22.36 22.64 22.54 21.87 21.65 21.92 21.79 20.52 20.72 20.72 19.62 19.62 20.76 22.67 22.67 22.67 23.11 23.11 21.92 21.92 21.92 21.09 20.13 20.13 20.13 20.13 20.13 22.09 21.82 22.31 22.65 22.55 22.50 22.64 22.55 22.67 22.67 22.67 22.67 22.67 22.03 21.79 21.80 21.79 22.10 21.35 21.32 22.15 21.76 22.23 22.63 22.63 22.63 22.63 22.63 22.63 22.63 22.63 22.63 22.63 22.63 99999.90 99999.90 99999.90 99999.90 99999.90 99999.90 99999.90 99999.90 99999.90 99999.90
21.24 21.68 20.85 21.15 21.50 21.97 21.99 22.16 21.90 22.14 21.39 22.10 21.79 21.79 20.72 20.72 20.72 19.62 19.62 20.76 22.67 22.67 23.11 23.11 23.11 21.92 21.92 21.09 21.09 20.13 20.13 20.13 20.13 22.09 21.82 22.31 22.65 22.55 22.50 22.64 22.55 22.67 22.67 22.67 22.67 22.67 22.67 22.67 22.67 22.67 22.67 22.67 99999.90 99999.90 99999.90 99999.90 99999.90 99999.90 99999.90 99999.90 99999.90 99999.90 99999.90 99999.90 99999.90 99999.90 99999.90 99999.90 99999.90 99999.90 99999.90 99999.90 99999.90 99999.90 99999.90 99999.90 99999.90
20.72 20.99 22.46 22.64 22.64 22.24 22.87 22.90 22.81 22.14 21.99 22.10 22.10 21.79 21.79 20.72 20.72 20.72 19.62 19.62 22.67 22.67 22.67 23.11 23.11 21.92 21.92 21.92 21.09 20.13 20.13 20.13 20.13 20.13 20.13 20.13 20.13 20.13 20.13 99999.90 99999.90 99999.90 99999.90 99999.90 99999.90 99999.90 99999.90 99999.90 99999.90 99999.90 99999.90 99999.90 99999.90 99999.90 99999.90 99999.90 99999.90 99999.90 99999.90 99999.90 99999.90 99999.90 99999.90 99999.90 99999.90 99999.90 99999.90 99999.90 99999.90 99999.90 99999.90 99999.90 99999.90 99999.90 99999.90 99999.90 99999.90
22.05 23.58 23.25 23.34 23.52 23.13 22.25 23.40 22.35 22.79 21.99 21.99 22.10 22.10 21.79 20.72 20.72 20.72 20.72 19.62 19.62 22.67 22.67 23.11 23.11 23.11 21.92 21.92 21.09 21.09 21.09 21.09 21.09 21.09 21.09 99999.90 99999.90 99999.90 99999.90 99999.90 99999.90 99999.90 99999.90 99999.90 99999.90 99999.90 99999.90 99999.90 99999.90 99999.90 99999.90 99999.90 99999.90 99999.90 99999.90 99999.90 99999.90 99999.90 99999.90 99999.90 99999.90 99999.90 99999.90 99999.90 99999.90 99999.90 99999.90 99999.90 99999.90 99999.90 99999.90 99999.90 99999.90 99999.90 99999.90 99999.90 99999.90
23.18 23.87 23.73 23.20 22.81 23.07 22.42 22.58 22.35 22.79 22.79 21.99 21.99 22.10 22.10 21.79 20.72 20.72 20.72 20.72 19.62 19.62 22.67 22.67 23.11 23.11 21.92 21.92 21.92 21.92 21.92 21.92 21.92 99999.90 99999.90 99999.90 99999.90 99999.90 99999.90 99999.90 99999.90 99999.90 99999.90 99999.90 99999.90 99999.90 99999.90 99999.90 99999.90 99999.90 99999.90 99999.90 99999.90 99999.90 99999.90 99999.90 99999.90 99999.90 99999.90 99999.90 99999.90 99999.90 99999.90 99999.90 99999.90 99999.90 99999.90 99999.90 99999.90 99999.90 99999.90 99999.90 99999.90 99999.90 99999.90 99999.90 99999.90
23.23 23.25 23.05 22.86 22.89 22.57 22.31 22.58 22.58 22.79 22.79 22.79 21.99 21.99 22.10 22.10 20.72 20.72 20.72 20.72 20.72 19.62 22.67 22.67 23.11 23.11 23.11 23.11 23.11 23.11 23.11 99999.90 99999.90 99999.90 99999.90 99999.90 99999.90 99999.90 99999.90 99999.90 99999.90 99999.90 99999.90 99999.90 99999.90 99999.90 99999.90 99999.90 99999.90 99999.90 99999.90 99999.90 99999.90 99999.90 99999.90 99999.90 99999.90 99999.90 99999.90 99999.90 99999.90 99999.90 99999.90 99999.90 99999.90 99999.90 99999.90 99999.90 99999.90 99999.90 99999.90 99999.90 99999.90 99999.90 99999.90 99999.90 99999.90
22.58 23.19 23.03 23.04 22.95 22.83 22.31 22.31 22.58 22.58 22.79 22.79 22.79 21.99 21.99 22.10 22.10 20.72 20.72 20.72 20.72 20.72 19.62 22.67 22.67 22.67 22.67 22.67 22.67 99999.90 99999.90 99999.90 99999.90 99999.90 99999.90 99999.90 99999.90 99999.90 99999.90 99999.90 99999.90 99999.90 99999.90 99999.90 99999.90 99999.90 99999.90 99999.90 99999.90 99999.90 99999.90 99999.90 99999.90 99999.90 99999.90 99999.90 99999.90 99999.90 99999.90 99999.90 99999.90 99999.90 99999.90 99999.90 99999.90 99999.90 99999.90 99999.90 99999.90 99999.90 99999.90 99999.90 99999.90 99999.90 99999.90 99999.90 99999.90
22.74 22.71 22.58 22.86 22.85 22.83 22.83 22.31 22.31 22.58 22.79 22.79 22.79 22.79 21.99 21.99 22.10 22.10 20.72 20.72 20.72 20.72 20.72 19.62 19.62 20.76 20.76 99999.90 99999.90 99999.90 99999.90 99999.90 99999.90 99999.90 99999.90 99999.90 99999.90 99999.90 99999.90 99999.90 99999.90 99999.90 99999.90 99999.90 99999.90 99999.90 99999.90 99999.90 99999.90 99999.90 99999.90 99999.90 99999.90 99999.90 99999.90 99999.90 99999.90 99999.90 99999.90 99999.90 99999.90 99999.90 99999.90 99999.90 99999.90 99999.90 99999.90 99999.90 99999.90 99999.90 99999.90 99999.90 99999.90 99999.90 99999.90 99999.90 99999.90
22.82 22.81 22.76 22.95 22.85 22.85 22.83 22.83 22.31 22.31 22.58 22.79 22.79 22.79 22.79 21.99 21.99 22.10 20.72 20.72 20.72 20.72 20.72 20.72 19.62 19.62 99999.90 99999.90 99999.90 99999.90 99999.90 99999.90 99999.90 99999.90 99999.90 99999.90 99999.90 99999.90 99999.90 99999.90 99999.90 99999.90 99999.90 99999.90 99999.90 99999.90 99999.90 99999.90 99999.90 99999.90 99999.90 99999.90 99999.90 99999.90 99999.90 99999.90 99999.90 99999.90 99999.90 99999.90 99999.90 99999.90 99999.90 99999.90 99999.90 99999.90 99999.90 99999.90 99999.90 99999.90 99999.90 99999.90 99999.90 99999.90 99999.90 99999.90 99999.90
22.82 22.81 22.76 22.95 22.95 22.85 22.85 22.83 22.83 22.31 22.31 22.79 22.79 22.79 22.79 22.79 21.99 21.99 22.10 20.72 20.72 20.72 20.72 20.72 20.72 99999.90 99999.90 99999.90 99999.90 99999.90 99999.90 99999.90 99999.90 99999.90 99999.90 99999.90 99999.90 99999.90 99999.90 99999.90 99999.90 99999.90 99999.90 99999.90 99999.90 99999.90 99999.90 99999.90 99999.90 99999.90 99999.90 99999.90 99999.90 99999.90 99999.90 99999.90 99999.90 99999.90 99999.90 99999.90 99999.90 99999.90 99999.90 99999.90 99999.90 99999.90 99999.90 99999.90 99999.90 99999.90 99999.90 99999.90 99999.90 99999.90 99999.90 99999.90 99999.90
22.82 22.81 22.76 22.95 22.95 22.95 22.85 22.85 22.83 22.83 22.31 22.31 22.79 22.79 22.79 22.79 22.79 21.99 21.99 22.10 22.10 21.79 21.79 99999.90 99999.90 99999.90 99999.90 99999.90 99999.90 99999.90 99999.90 99999.90 99999.90 99999.90 99999.90 99999.90 99999.90 99999.90 99999.90 99999.90 99999.90 99999.90 99999.90 99999.90 99999.90 99999.90 99999.90 99999.90 99999.90 99999.90 99999.90 99999.90 99999.90 99999.90 99999.90 99999.90 99999.90 99999.90 99999.90 99999.90 99999.90 99999.90 99999.90 99999.90 99999.90 99999.90 99999.90 99999.90 99999.90 99999.90 99999.90 99999.90 99999.90 99999.90 99999.90 99999.90 99999.90
22.82 22.81 22.76 22.95 22.95 22.95 22.95 22.85 22.85 22.83 22.83 22.31 22.31 22.79 22.79 22.79 22.79 22.79 21.99 21.99 22.10 22.10 99999.90 99999.90 99999.90 99999.90 99999.90 99999.90 99999.90 99999.90 99999.90 99999.90 99999.90 99999.90 99999.90 99999.90 99999.90 99999.90 99999.90 99999.90 99999.90 99999.90 99999.90 99999.90 99999.90 99999.90 99999.90 99999.90 99999.90 99999.90 99999.90 99999.90 99999.90 99999.90 99999.90 99999.90 99999.90 99999.90 99999.90 99999.90 99999.90 99999.90 99999.90 99999.90 99999.90 99999.90 99999.90 99999.90 99999.90 99999.90 99999.90 99999.90 99999.90 99999.90 99999.90 99999.90 99999.90
22.82 22.81 22.76 22.95 22.95 22.95 22.95 22.95 22.85 22.85 22.83 22.83 22.31 22.79 22.79 22.79 22.79 22.79 22.79 21.99 21.99 99999.90 99999.90 99999.90 99999.90 99999.90 99999.90 99999.90 99999.90 99999.90 99999.90 99999.90 99999.90 99999.90 99999.90 99999.90 99999.90 99999.90 99999.90 99999.90 99999.90 99999.90 99999.90 99999.90 99999.90 99999.90 99999.90 99999.90 99999.90 99999.90 99999.90 99999.90 99999.90 99999.90 99999.90 99999.90 99999.90 99999.90 99999.90 99999.90 99999.90 99999.90 99999.90 99999.90 99999.90 99999.90 99999.90 99999.90 99999.90 99999.90 99999.90 99999.90 99999.90 99999.90 99999.90 99999.90 99999.90
22.82 22.81 22.76 22.95 22.95 22.95 22.95 22.95 22.95 22.85 22.85 22.83 22.83 22.31 22.79 22.79 22.79 22.79 22.79 22.79 99999.90 99999.90 99999.90 99999.90 99999.90 99999.90 99999.90 99999.90 99999.90 99999.90 99999.90 99999.90 99999.90 99999.90 99999.90 99999.90 99999.90 99999.90 99999.90 99999.90 99999.90 99999.90 99999.90 99999.90 99999.90 99999.90 99999.90 99999.90 99999.90 99999.90 99999.90 99999.90 99999.90 99999.90 99999.90 99999.90 99999.90 99999.90 99999.90 99999.90 99999.90 99999.90 99999.90 99999.90 99999.90 99999.90 99999.90 99999.90 99999.90 99999.90 99999.90 99999.90 99999.90 99999.90 99999.90 99999.90 99999.90
