main/data/irradiance/07.02.2023.grid
ncols 839
nrows 679
xllcenter 112.0500
yllcenter -43.9500
cellsize 0.0500
nodata_value 99999.90
[rows 374 to 407 of 679, columns 154 to 230 of 839]
28.92 28.96 28.88 28.87 28.82 28.84 28.76 28.72 28.79 28.78 28.81 28.84 28.85 28.85 28.89 28.91 28.93 29.00 28.96 28.89 28.87 28.95 28.81 28.63 28.65 28.92 28.78 28.72 28.64 28.91 28.83 28.76 28.86 28.83 28.70 28.68 28.21 28.56 28.42 27.51 28.00 27.40 28.23 27.86 28.18 28.53 27.85 28.54 27.42 27.50 27.61 26.55 27.19 28.33 26.26 26.22 25.29 26.41 25.54 25.01 25.73 27.98 27.86 27.35 27.30 27.76 26.90 28.18 27.03 27.53 28.04 28.05 28.26 28.24 28.48 27.96 27.01
28.83 28.89 28.93 28.84 28.78 28.79 28.78 28.80 28.83 28.82 28.82 28.81 28.83 28.72 28.80 28.84 28.86 28.87 28.84 28.72 28.66 28.80 27.51 27.15 27.74 28.55 28.82 28.85 28.81 28.86 28.89 28.87 28.87 28.86 28.52 28.40 28.77 28.76 28.67 28.55 28.38 28.00 27.74 27.51 28.09 27.95 27.49 28.61 28.42 28.55 26.76 26.38 27.17 26.65 27.14 26.68 26.81 26.85 24.84 26.94 26.54 26.46 27.28 27.06 27.60 27.66 27.44 27.11 27.89 28.04 27.98 27.59 28.23 27.86 28.61 28.25 28.58
28.81 28.86 28.81 28.80 28.84 28.70 28.80 28.80 28.86 28.81 28.82 28.83 28.85 28.83 28.83 28.76 28.81 28.83 28.90 28.80 28.46 28.73 28.69 28.63 28.66 28.47 28.61 28.66 28.78 28.90 28.86 28.87 28.92 28.90 28.75 28.85 28.81 28.18 28.62 28.39 28.63 28.17 27.81 27.25 27.56 27.91 27.70 28.49 28.26 28.24 26.87 26.94 26.81 27.24 25.72 27.12 27.51 27.33 26.05 25.94 27.47 26.47 25.32 27.49 26.46 26.82 27.28 26.21 27.12 27.47 27.70 27.91 28.39 27.93 28.22 28.67 28.72
27.53 28.81 28.87 28.57 28.67 28.66 28.71 28.80 28.84 28.83 28.84 28.78 28.78 28.84 28.87 28.82 28.85 28.83 28.81 28.87 28.86 28.88 28.88 28.91 28.78 28.82 28.83 28.82 28.84 28.73 28.71 28.86 28.90 28.88 28.83 28.81 28.92 28.83 28.90 28.62 28.78 28.78 28.43 27.86 28.47 27.79 28.21 27.33 25.42 27.41 27.86 27.11 26.90 27.51 26.35 26.50 26.81 26.87 26.99 27.94 26.49 25.76 25.08 26.13 24.82 25.79 26.75 26.95 27.97 28.05 28.35 28.31 28.62 27.58 28.19 27.35 28.35
28.02 27.34 28.69 29.00 28.91 28.76 28.79 28.76 28.78 28.80 28.82 28.80 28.79 28.78 28.84 28.82 28.82 28.70 28.80 28.86 28.87 28.86 28.86 28.77 28.80 28.82 28.79 28.74 28.62 28.67 28.72 28.65 28.76 28.91 28.90 28.78 28.84 28.65 28.82 28.54 28.28 28.42 28.04 28.44 28.25 28.33 27.85 27.57 28.24 27.03 27.81 28.43 28.46 28.14 27.76 26.50 26.55 25.91 28.13 26.81 27.71 27.70 25.77 25.87 24.89 25.26 26.93 26.64 27.64 26.42 27.84 26.69 27.31 27.24 28.18 27.38 27.32
28.26 28.37 28.76 28.84 28.16 28.85 28.77 28.80 28.80 28.80 28.82 28.83 28.79 28.84 28.82 28.81 28.82 28.82 28.82 28.85 28.82 28.73 28.80 28.82 28.77 28.79 28.85 28.83 28.79 28.68 28.83 28.55 28.23 28.95 28.80 28.75 28.83 28.47 28.31 28.63 28.61 28.69 28.13 28.23 28.82 27.81 27.94 28.28 27.34 27.90 27.43 27.83 27.92 27.99 28.58 26.43 27.18 26.06 27.39 26.78 26.29 28.12 26.50 26.80 24.41 25.55 26.64 26.43 27.73 27.72 27.16 26.65 27.15 28.19 27.68 26.69 28.42
28.52 28.77 28.85 29.02 28.36 28.85 28.81 28.82 28.82 28.83 28.83 28.81 28.82 28.83 28.80 28.78 28.82 28.81 28.84 28.86 28.85 28.75 28.73 28.74 28.64 28.75 28.78 28.79 28.60 28.73 28.67 28.46 28.00 28.67 28.58 28.58 28.69 28.65 28.50 28.79 28.07 28.82 28.57 28.66 28.40 28.44 28.15 28.28 27.51 28.71 27.59 27.54 25.87 27.70 28.77 28.37 27.98 28.19 26.18 26.38 26.94 28.07 28.02 27.30 26.19 24.38 26.58 25.73 26.99 26.43 25.87 26.49 27.17 28.82 26.54 27.06 28.21
28.90 28.90 28.87 28.83 28.79 28.86 28.84 28.82 28.83 28.83 28.83 28.82 28.82 28.79 28.72 28.77 28.77 28.81 28.83 28.88 28.84 28.78 28.69 28.76 28.78 28.81 28.73 28.76 28.48 28.78 28.70 28.10 27.91 28.68 28.71 28.15 28.32 28.23 28.29 28.70 27.83 28.66 28.44 27.71 28.78 28.73 28.18 28.02 27.30 27.81 27.27 26.53 26.52 28.16 28.57 28.28 28.14 27.89 27.79 27.67 26.88 26.04 28.36 27.52 27.66 27.49 25.69 26.88 25.77 26.95 25.94 26.30 27.45 27.77 26.73 26.54 27.97
28.89 28.91 28.87 28.83 28.86 28.86 28.83 28.81 28.82 28.84 28.84 28.86 28.84 28.81 28.72 28.79 28.78 28.81 28.82 28.86 28.82 28.78 28.68 28.69 28.73 28.72 28.77 28.78 28.74 28.54 28.63 28.38 27.72 28.33 28.30 28.03 28.27 28.00 27.84 28.40 28.50 28.30 28.12 28.41 28.34 28.65 28.64 28.43 28.02 27.33 27.31 26.17 26.86 27.08 28.59 28.72 27.97 28.55 28.23 28.25 27.32 26.43 27.72 26.12 27.85 28.01 27.90 27.07 26.68 26.88 26.14 26.33 27.30 28.02 27.67 27.77 26.77
28.88 28.83 28.83 28.83 28.85 28.84 28.84 28.82 28.81 28.82 28.81 28.78 28.79 28.80 28.78 28.79 28.77 28.79 28.84 28.86 28.83 28.81 28.75 28.76 28.65 28.40 28.69 28.73 28.57 28.65 28.49 28.01 27.66 28.40 27.69 28.08 28.10 27.23 28.56 28.16 27.74 28.43 28.18 27.81 28.00 27.24 28.13 28.54 28.41 27.67 27.55 27.08 26.62 26.96 27.20 28.86 28.04 28.45 27.96 28.37 28.28 28.45 26.59 26.73 27.65 27.55 27.17 27.12 26.80 27.46 26.17 25.27 27.16 27.09 26.54 27.57 26.83
29.13 28.85 28.83 28.82 28.83 28.81 28.81 28.81 28.81 28.89 28.83 28.79 28.80 28.80 28.77 28.82 28.76 28.77 28.77 28.84 28.83 28.81 28.80 28.81 28.77 28.57 28.64 28.69 28.68 28.43 28.50 28.24 28.45 27.89 27.75 27.99 27.92 27.65 26.57 27.73 27.04 28.09 27.42 27.91 28.35 28.20 28.57 28.05 28.23 28.08 28.21 28.17 27.28 27.55 26.45 27.06 28.73 28.64 28.38 28.72 28.28 28.04 28.05 27.51 27.35 27.28 27.13 28.19 26.83 27.32 26.42 25.64 27.74 26.81 27.61 27.42 27.14
29.19 28.84 28.81 28.79 28.80 28.80 28.81 28.83 28.76 28.87 28.91 28.83 28.83 28.81 28.77 28.83 28.76 28.84 28.83 28.83 28.81 28.79 28.77 28.82 28.81 28.75 28.77 28.75 28.60 28.65 28.59 28.57 28.65 28.65 28.21 28.11 28.06 27.85 28.04 27.63 27.07 27.73 27.49 27.58 27.98 28.14 28.72 27.53 27.79 28.26 27.98 28.67 27.93 28.09 27.19 27.54 28.64 28.19 28.80 28.73 28.51 28.20 28.17 27.33 26.09 26.13 28.24 28.24 27.58 28.10 27.69 25.12 28.25 27.35 26.60 26.79 27.78
29.25 28.86 28.82 28.82 28.81 28.79 28.80 28.80 28.79 28.81 28.87 28.88 28.91 28.85 28.82 28.82 28.79 28.48 28.66 28.24 28.73 28.87 28.80 28.81 28.79 28.86 28.83 28.82 28.81 28.80 28.67 28.61 28.64 28.74 28.63 28.33 28.03 27.28 27.80 27.41 28.05 26.90 26.68 28.39 27.74 27.42 28.34 27.69 27.74 28.49 27.67 28.50 27.98 27.74 27.63 27.00 28.16 28.98 28.20 28.55 28.34 28.57 27.25 28.19 27.99 27.15 26.66 26.20 27.60 28.34 28.04 27.93 27.94 26.80 25.75 26.45 27.63
29.20 29.05 28.86 28.82 28.81 28.80 28.82 28.82 28.81 28.82 28.85 28.87 28.81 28.84 28.86 28.84 28.87 28.07 27.55 28.65 29.01 28.66 28.06 28.26 28.55 28.85 28.83 28.82 28.79 28.79 28.77 28.75 28.78 28.76 28.76 28.73 28.71 28.59 28.19 28.39 28.21 28.36 27.75 28.89 28.77 27.86 27.68 27.42 28.47 28.38 28.40 28.49 28.46 27.98 27.94 27.75 27.91 27.33 28.09 27.24 28.15 28.61 27.57 28.80 28.31 28.62 27.73 28.17 27.14 27.67 26.79 27.34 28.37 27.96 26.70 28.09 27.08
28.46 29.10 28.81 28.84 28.83 28.76 28.80 28.81 28.80 28.81 28.87 28.77 28.85 28.83 28.83 28.78 28.80 28.88 28.69 28.23 28.22 28.54 28.53 28.25 28.45 28.72 28.88 28.83 28.84 28.81 28.82 28.79 28.81 28.76 28.79 28.78 28.72 28.74 28.19 28.52 28.70 28.64 28.52 28.32 28.81 28.47 28.51 28.10 26.72 27.35 28.13 27.68 28.44 28.62 28.37 27.15 27.71 27.83 27.39 28.15 28.79 28.88 28.49 28.06 28.18 28.64 27.32 27.65 27.30 26.39 27.48 27.34 27.97 28.60 28.00 27.92 27.96
28.75 28.81 28.85 28.84 28.87 28.83 28.81 28.82 28.80 28.81 28.81 28.99 28.87 28.84 28.83 28.83 28.84 28.80 28.77 28.75 28.56 28.68 28.81 28.64 28.22 28.31 28.75 28.97 29.09 28.80 28.87 28.80 28.80 28.84 28.85 28.85 28.75 28.80 28.70 28.84 28.52 27.94 28.70 28.52 27.86 29.01 28.17 28.38 27.91 27.80 27.86 28.17 27.03 27.56 28.30 28.39 27.93 28.58 27.31 28.38 27.98 27.75 28.47 27.59 28.00 27.41 26.67 27.97 27.45 28.21 26.58 27.22 28.37 27.49 27.46 26.99 28.06
29.18 29.13 28.87 28.83 28.88 28.85 28.79 28.83 28.79 28.77 28.77 28.76 28.85 28.82 28.80 28.83 28.86 28.84 28.84 28.82 28.80 28.83 28.80 28.72 28.89 28.71 28.34 28.18 28.23 28.40 28.79 28.82 28.84 28.83 28.82 28.84 28.83 28.80 28.57 28.73 28.69 28.56 28.62 27.97 27.54 28.73 27.89 28.03 28.57 27.53 28.48 28.61 28.00 28.12 27.09 28.10 27.88 28.65 27.91 27.54 27.48 26.93 28.65 28.84 28.72 27.94 27.28 27.48 25.83 26.23 26.20 28.21 27.25 26.51 27.58 28.23 25.82
29.09 28.86 28.90 28.84 28.83 28.81 28.82 28.79 28.82 28.81 28.78 28.36 28.80 28.85 28.82 28.79 28.75 28.80 28.79 28.81 28.81 28.79 28.79 28.74 28.71 28.81 28.79 28.78 28.61 28.80 28.78 28.80 28.25 27.48 28.72 28.83 28.83 28.83 28.82 28.76 28.54 28.58 28.20 28.33 27.79 27.26 27.90 27.98 28.61 28.53 28.59 28.34 27.98 28.34 28.17 28.50 28.15 27.97 27.96 27.75 28.41 27.73 28.48 27.89 28.38 28.54 28.45 28.07 28.17 26.57 25.97 27.23 27.76 27.60 27.41 27.58 26.84
29.10 28.91 28.87 28.85 28.80 28.80 28.81 28.81 28.82 28.80 28.55 28.78 28.83 28.86 28.83 28.82 28.75 28.76 28.77 28.78 28.76 28.77 28.33 28.41 28.73 28.81 28.80 28.79 28.80 28.79 28.77 28.54 28.66 26.91 28.06 28.57 28.92 28.85 28.81 28.82 28.81 28.49 28.74 28.16 28.11 27.49 28.32 27.33 28.11 28.27 28.70 27.20 27.76 28.02 28.42 28.32 28.37 27.14 28.09 28.16 27.33 28.63 28.13 27.28 28.28 27.71 28.22 28.46 28.21 28.34 28.31 26.88 27.13 28.37 27.70 27.55 27.30
29.24 28.98 28.87 28.81 28.78 28.83 28.83 28.83 28.82 28.79 28.55 28.66 28.88 28.86 28.86 28.85 28.80 28.75 28.75 28.74 28.79 28.71 28.67 28.81 28.77 28.75 28.75 28.75 28.78 28.76 28.74 28.77 28.70 27.49 24.86 26.99 27.54 28.77 28.86 28.84 28.81 28.83 28.76 28.73 28.13 28.52 28.34 27.76 27.49 28.56 28.13 27.39 28.53 28.49 27.96 28.50 28.72 28.21 27.97 27.04 26.99 27.48 27.49 28.75 27.42 28.58 28.22 27.39 27.93 28.32 28.92 28.92 28.47 28.45 28.27 27.80 26.58
29.19 29.06 28.88 28.82 28.80 28.82 28.83 28.84 28.79 28.79 28.52 28.67 28.79 28.79 28.79 28.78 28.76 28.73 28.74 28.75 28.73 28.78 28.76 28.74 28.79 28.81 28.80 28.80 28.83 28.84 28.78 28.78 28.75 28.66 28.06 27.85 27.16 28.70 28.71 28.86 28.80 28.82 28.81 28.79 28.60 28.76 28.45 28.02 27.82 28.24 27.52 26.54 28.26 27.68 27.56 27.60 28.32 27.26 27.78 27.98 27.71 27.92 27.01 27.70 27.77 27.91 27.91 27.15 27.51 28.22 27.88 28.14 27.82 28.59 28.36 28.85 28.68
28.70 28.86 28.83 28.81 28.78 28.78 28.81 28.79 28.80 28.76 28.66 28.68 28.77 28.76 28.76 28.77 28.77 28.77 28.77 28.76 28.77 28.73 28.75 28.72 28.73 28.80 28.83 28.81 28.85 28.80 28.80 28.78 28.77 28.66 28.02 28.30 28.48 28.43 28.56 28.69 28.69 28.77 28.81 28.80 28.62 28.74 28.48 28.52 28.15 28.08 26.84 27.09 28.40 26.75 27.27 27.93 27.83 27.70 28.20 28.26 27.58 27.71 27.52 27.02 27.63 27.22 28.29 26.59 27.20 28.10 28.13 27.66 28.18 27.62 27.13 27.96 28.19
28.82 29.03 28.86 28.83 28.81 28.76 28.78 28.79 28.80 28.79 28.79 28.63 28.81 28.81 28.76 28.74 28.77 28.76 28.76 28.75 28.70 28.71 28.76 28.74 28.75 28.77 28.82 28.78 28.76 28.85 28.86 28.82 28.77 28.75 28.09 28.68 28.73 28.71 28.76 28.77 28.61 28.72 28.83 28.83 28.80 28.63 28.04 28.34 28.08 28.55 28.44 27.47 27.22 27.95 27.20 27.87 27.36 26.91 28.33 28.49 28.33 27.61 28.41 28.01 27.79 26.91 26.68 27.16 28.31 27.36 28.78 27.61 28.69 28.61 27.63 27.73 27.55
28.83 28.89 29.00 28.84 28.82 28.79 28.79 28.82 28.85 28.80 28.81 28.80 28.82 28.74 28.76 28.75 28.74 28.77 28.76 28.76 28.74 28.76 28.76 28.67 28.63 28.79 28.79 28.76 28.75 28.78 28.75 28.58 28.78 28.61 28.45 28.73 28.76 28.76 28.75 28.79 28.51 28.50 28.39 28.61 28.41 28.23 28.79 28.48 28.55 28.71 28.81 28.64 28.13 28.25 27.56 28.01 27.57 27.40 27.88 27.59 27.71 28.34 28.35 27.88 27.78 28.68 27.16 26.36 26.52 27.72 28.01 27.65 28.78 27.63 27.19 28.40 27.28
28.90 28.87 29.14 28.98 28.82 28.81 28.78 28.80 28.81 28.78 28.80 28.82 28.74 28.75 28.79 28.78 28.74 28.75 28.75 28.74 28.77 28.74 28.71 28.73 28.72 28.77 28.79 28.73 26.22 27.67 28.55 28.58 28.60 28.70 28.76 28.75 28.76 28.74 28.72 28.67 28.72 28.61 28.54 28.71 28.53 28.69 28.75 28.62 28.23 28.57 28.70 28.91 28.67 28.15 27.78 27.26 28.08 27.87 28.05 26.95 27.29 27.71 27.87 27.66 27.85 28.35 28.05 27.62 26.27 27.59 27.02 27.46 28.53 27.69 27.58 28.00 27.28
28.86 28.92 28.97 28.90 28.84 28.82 28.81 28.80 28.79 28.75 28.76 28.73 28.76 28.79 28.79 28.79 28.77 28.73 28.71 28.68 28.74 28.74 28.68 28.74 28.72 28.71 28.72 28.62 27.73 27.54 28.25 28.80 28.79 28.81 28.78 28.77 28.74 28.75 28.74 28.73 28.53 28.43 28.46 28.67 28.62 28.36 28.58 28.52 28.59 27.65 28.55 28.51 28.83 28.76 27.82 27.37 27.77 28.08 28.19 27.89 28.17 27.99 28.16 28.15 27.85 28.08 28.46 27.14 27.93 27.94 27.38 26.96 27.73 28.18 27.39 28.50 26.77
29.02 28.92 28.85 28.86 28.85 28.83 28.84 28.80 28.82 28.78 28.72 28.69 28.72 28.80 28.76 28.78 28.77 28.77 28.74 28.71 28.68 28.72 28.80 28.72 28.72 28.70 28.41 28.77 28.58 26.44 28.26 28.74 28.75 28.79 28.78 28.79 28.76 28.75 28.72 28.77 28.73 28.71 28.75 28.76 28.66 28.56 28.57 28.42 28.60 28.23 28.14 28.81 28.31 29.27 28.79 28.50 27.77 26.54 27.92 28.49 28.10 27.61 28.08 28.13 28.27 28.27 27.58 27.72 28.21 27.09 26.45 27.71 27.29 27.80 28.02 27.09 27.54
28.84 28.89 28.83 28.83 28.85 28.84 28.81 28.81 28.85 28.76 28.73 28.74 28.70 28.79 28.77 28.80 28.76 28.76 28.79 28.73 28.72 28.73 28.74 28.73 28.74 28.70 28.63 28.35 28.75 28.57 28.66 28.76 28.74 28.73 28.72 28.69 28.73 28.74 28.66 28.75 28.73 28.75 28.73 28.74 28.74 28.66 28.77 27.96 28.52 28.06 27.44 27.76 27.02 28.07 28.35 28.76 28.43 28.51 27.25 27.32 26.59 27.80 27.82 27.00 27.46 27.87 28.30 27.27 28.07 28.17 25.40 27.13 28.02 26.48 26.87 28.08 28.20
28.73 28.85 28.85 28.84 28.80 28.84 28.82 28.78 28.85 28.87 28.84 28.81 28.80 28.79 28.77 28.80 28.79 28.80 28.81 28.76 28.75 28.72 28.79 28.80 28.70 28.64 27.67 28.63 28.76 28.76 28.72 28.73 28.76 28.72 28.73 28.73 28.74 28.71 28.70 28.69 28.75 28.72 28.71 28.79 28.74 28.64 28.66 28.53 27.66 28.05 28.77 27.18 27.15 27.55 28.19 28.94 27.72 28.76 28.43 27.86 27.45 27.94 27.45 27.20 27.60 27.49 27.28 27.80 28.02 28.22 28.40 27.55 28.08 26.58 26.76 27.96 28.56
28.67 28.78 28.80 28.82 28.82 28.82 28.79 28.79 28.77 28.79 28.87 28.78 28.76 28.73 28.75 28.84 28.81 28.80 28.83 28.77 28.76 28.74 28.74 28.79 28.77 28.71 28.72 28.83 28.81 28.62 28.57 28.61 28.75 28.72 28.68 28.66 28.72 28.69 28.66 28.65 28.63 28.70 28.71 28.73 28.70 28.75 28.54 28.44 28.44 28.23 28.53 28.33 27.37 27.86 27.38 27.12 28.81 28.87 28.67 28.52 28.18 28.45 27.62 27.67 27.32 27.21 25.43 28.12 27.25 26.38 28.44 27.81 28.05 27.37 27.02 26.91 27.32
28.63 28.68 28.79 28.79 28.80 28.78 28.73 28.72 28.76 28.74 28.74 28.73 28.72 28.75 28.69 28.75 28.79 28.87 28.72 28.75 28.77 28.78 28.80 28.79 28.74 28.77 28.74 28.68 28.71 28.69 28.64 28.54 28.75 28.72 28.70 28.70 28.73 28.72 28.71 28.66 28.62 28.68 28.73 28.75 28.61 28.72 28.53 28.38 28.23 28.41 27.91 27.99 27.88 27.38 28.43 27.83 26.61 27.81 28.21 27.65 28.66 28.58 28.52 27.43 27.28 27.25 25.80 27.47 26.77 26.55 27.77 28.18 27.69 27.05 28.34 28.11 26.45
28.64 28.61 28.84 28.75 28.77 28.80 28.78 28.74 28.74 28.74 28.78 28.75 28.75 28.78 28.75 28.76 28.77 28.84 28.79 28.73 28.79 28.81 28.78 28.75 28.73 28.78 28.74 28.72 28.73 28.73 28.73 28.57 28.65 28.74 28.69 28.73 28.74 28.74 28.71 28.70 28.62 28.55 28.68 28.71 28.62 28.71 28.62 28.58 28.44 28.66 28.66 28.17 27.04 28.25 27.20 27.53 27.91 27.84 27.63 27.77 27.78 28.64 28.94 28.04 28.47 27.97 27.75 27.40 27.08 27.59 26.10 27.78 28.56 28.14 28.21 27.08 27.99
28.76 28.76 28.76 28.74 28.73 28.72 28.76 28.76 28.78 28.70 28.80 28.79 28.75 28.63 28.74 28.77 28.75 28.77 28.77 28.74 28.72 28.77 28.76 28.76 28.75 28.76 28.78 28.77 28.71 28.76 28.75 28.73 28.63 28.69 28.77 28.73 28.76 28.74 28.75 28.74 28.68 28.71 28.73 28.69 28.64 28.27 28.35 28.26 28.73 28.29 27.55 28.13 27.95 28.22 28.32 27.22 25.90 27.63 27.60 28.23 28.16 28.43 28.82 28.24 27.95 28.30 27.39 26.72 24.90 26.51 26.76 26.81 26.86 28.06 27.52 28.91 28.32
28.76 28.77 28.76 28.76 28.76 28.75 28.74 28.69 28.71 28.70 28.82 28.84 28.76 28.69 28.68 28.74 28.72 28.64 28.70 28.74 28.69 28.73 28.76 28.71 28.66 28.78 28.73 28.68 28.61 28.72 28.76 28.77 28.73 28.63 28.74 28.71 28.74 28.74 28.75 28.74 28.66 28.64 28.72 28.72 28.64 28.70 28.65 28.63 28.61 28.57 28.54 28.08 28.02 28.07 27.49 27.53 27.68 26.53 26.47 27.94 28.06 27.91 28.17 28.14 28.06 28.64 28.73 28.36 27.41 27.24 27.44 27.30 25.44 27.63 27.88 28.30 27.19
