main/data/irradiance/07.02.2023.grid
ncols 839
nrows 679
xllcenter 112.0500
yllcenter -43.9500
cellsize 0.0500
nodata_value 99999.90
[rows 272 to 305 of 679, columns 154 to 230 of 839]
25.95 25.49 27.85 27.15 28.18 27.47 27.00 25.47 26.65 27.69 27.33 26.88 26.32 27.42 26.53 24.59 26.56 26.41 27.60 27.51 26.79 26.24 27.53 27.29 28.72 27.12 28.39 28.02 27.24 27.83 28.77 28.41 28.76 28.67 28.37 28.65 28.78 28.92 28.76 29.01 28.89 28.56 29.00 28.60 29.09 28.77 29.09 29.09 29.11 29.23 29.19 29.21 29.21 29.17 29.17 29.20 29.12 29.18 29.16 28.97 28.29 26.32 25.89 28.41 29.03 28.82 29.26 29.21 28.95 29.25 29.24 29.27 29.25 29.25 29.25 29.26 29.25
26.94 25.68 26.25 27.73 27.53 26.90 25.47 26.28 25.57 27.31 26.82 27.21 25.75 27.23 25.52 25.72 26.90 26.60 26.87 27.21 26.59 27.21 26.38 27.86 27.73 27.75 28.39 27.66 27.25 28.57 28.27 28.64 28.67 28.84 28.63 29.01 28.92 28.98 29.03 29.11 29.09 29.04 29.07 29.01 28.77 29.05 29.08 28.96 29.18 29.21 29.26 29.24 29.18 29.19 29.19 29.16 29.14 29.09 29.10 29.15 28.97 27.92 28.79 29.22 29.17 29.18 29.09 29.18 29.23 29.26 29.31 29.26 29.24 29.26 29.25 29.24 29.25
26.25 27.61 26.59 27.86 26.89 25.78 27.32 26.65 26.58 26.36 27.50 27.43 26.52 26.90 25.59 26.24 27.44 26.60 26.52 27.15 26.54 27.85 27.18 27.50 27.56 28.06 28.01 27.28 28.28 27.86 28.24 28.25 28.72 28.85 28.71 28.77 28.98 29.00 29.06 29.14 29.15 29.19 29.15 29.13 29.13 29.07 29.17 29.03 29.06 29.15 29.19 29.22 29.22 29.21 29.13 29.15 29.12 29.10 29.14 29.11 29.00 29.04 29.07 29.13 29.19 29.12 28.90 29.26 29.24 29.25 29.25 29.24 29.24 29.23 29.24 29.21 29.27
26.03 26.32 27.01 27.46 26.45 27.16 26.77 26.84 25.50 26.34 26.89 27.16 26.96 26.55 26.18 25.28 27.29 28.15 26.76 26.98 25.98 27.70 27.47 27.86 28.23 28.00 28.37 27.94 28.43 28.53 28.36 28.74 28.93 28.69 29.17 28.99 28.92 29.05 29.01 29.04 29.01 29.05 28.81 29.06 29.01 28.96 29.07 29.05 28.99 29.11 29.02 29.14 29.21 29.21 29.12 29.11 29.09 29.14 29.11 29.03 29.02 28.95 29.05 29.03 29.09 28.79 29.01 29.12 29.25 29.26 29.24 29.24 29.22 29.22 29.19 29.22 29.25
25.40 25.42 25.71 26.77 25.70 27.66 27.13 27.44 25.09 26.59 26.33 26.54 26.49 26.06 25.58 24.06 25.77 27.40 26.39 27.06 27.02 27.70 27.43 28.18 28.34 28.43 27.91 28.51 28.82 28.79 28.61 29.02 28.87 28.99 28.93 28.80 29.04 28.85 28.96 28.78 28.64 28.89 28.93 28.66 29.00 28.96 28.87 28.86 28.91 28.79 28.98 29.15 29.13 29.19 29.15 29.15 29.02 29.00 29.05 28.99 29.01 29.01 28.93 28.99 28.99 28.71 28.76 29.15 29.27 29.24 29.25 29.26 29.25 29.25 29.25 29.24 29.24
24.91 25.78 26.50 27.33 27.94 27.20 25.99 27.55 26.03 25.66 25.19 27.01 28.07 26.06 26.26 26.32 26.40 27.36 26.10 27.01 26.32 27.50 27.67 27.80 27.42 28.29 27.82 27.15 28.22 27.99 28.37 28.70 28.73 28.81 29.02 29.03 28.78 28.46 28.98 28.60 28.86 28.68 29.01 28.80 29.08 29.02 28.93 28.86 28.92 28.89 28.78 28.97 29.09 29.14 29.12 29.12 28.97 28.99 29.05 29.05 29.01 28.97 28.99 29.01 29.07 28.83 28.80 29.14 29.23 29.22 29.27 29.24 29.21 29.21 29.23 29.26 29.24
25.38 25.71 26.11 24.00 27.62 26.63 26.52 26.48 26.11 25.31 26.10 26.87 27.50 26.59 27.55 27.41 26.64 26.55 27.15 27.73 26.10 27.37 27.42 27.22 28.04 27.45 27.46 28.06 28.35 28.20 27.93 28.45 28.81 28.83 29.09 28.46 28.77 28.86 29.00 29.00 29.05 28.94 29.03 28.92 29.06 28.89 28.85 29.04 29.00 28.90 29.04 29.07 29.10 29.03 29.09 29.07 28.97 28.97 28.98 29.04 28.95 28.94 28.94 29.06 29.12 28.98 28.96 29.14 29.22 29.25 29.21 29.17 29.17 29.14 29.22 29.26 29.21
25.63 25.29 25.94 24.98 26.29 27.25 24.71 25.00 25.10 25.42 25.95 25.19 26.44 25.37 24.95 25.33 24.78 26.61 27.51 26.87 27.26 26.47 26.64 27.18 27.68 27.02 27.36 28.08 27.96 27.21 27.56 27.99 27.56 28.30 28.39 28.68 27.89 28.86 28.45 28.76 28.63 28.87 28.57 29.04 28.95 29.04 29.01 29.02 28.92 28.91 28.94 28.99 29.02 28.97 28.98 29.05 29.12 29.03 29.00 29.04 29.02 29.06 29.02 29.13 29.22 29.02 29.13 29.26 29.23 29.15 29.18 29.08 29.05 29.17 29.07 29.18 29.15
27.18 26.09 25.48 25.46 26.09 26.63 25.24 26.60 25.74 25.17 25.82 25.37 27.50 26.91 26.29 26.29 26.22 26.17 27.59 26.37 27.68 27.93 27.75 27.92 28.27 28.20 27.68 27.00 28.41 28.49 27.51 28.25 27.88 28.18 27.89 27.76 28.26 28.35 28.36 28.87 28.75 28.74 28.83 28.77 28.99 29.00 29.04 29.06 29.07 28.89 28.92 28.99 29.00 29.01 28.92 29.05 29.06 29.08 29.13 29.14 29.22 29.16 29.19 29.16 29.20 29.12 29.16 29.20 29.12 29.12 29.14 29.15 29.17 29.16 29.13 28.87 28.98
26.45 26.20 25.93 25.99 25.42 26.90 24.92 23.58 26.61 25.93 25.42 23.91 26.34 27.67 26.53 26.36 27.63 27.66 26.95 25.66 27.37 27.39 27.87 27.29 26.73 28.02 28.06 27.81 28.26 27.43 28.45 28.44 28.46 28.33 28.74 28.66 28.50 28.87 28.39 28.89 28.91 28.53 29.03 29.06 28.93 29.04 28.96 28.99 28.89 28.95 28.88 28.95 29.00 28.91 28.95 28.98 29.06 29.10 29.11 29.14 29.10 29.10 29.08 29.09 29.13 29.11 29.15 29.15 29.10 29.09 29.20 29.12 29.08 29.04 29.11 29.16 29.13
27.36 24.91 24.26 26.33 25.43 25.55 26.27 24.86 27.25 25.49 25.87 24.19 26.20 27.59 26.88 26.70 26.79 27.17 27.32 27.44 26.66 27.39 27.83 27.05 26.35 27.99 28.07 27.59 27.69 28.08 28.66 28.52 28.64 28.69 28.66 28.40 28.57 28.64 28.52 28.24 27.94 28.34 28.68 28.38 28.67 28.99 28.56 28.94 28.96 28.99 28.96 28.93 28.89 28.80 28.85 28.96 28.96 29.03 29.01 29.01 29.06 29.04 29.09 29.08 29.09 29.18 29.14 29.13 29.11 29.14 29.06 29.05 28.98 29.05 29.07 29.10 29.12
26.71 24.99 25.11 25.28 26.31 25.30 24.60 25.00 26.63 26.84 26.24 24.75 25.92 26.07 27.58 24.96 25.33 27.02 27.51 25.79 25.09 25.96 26.51 27.62 27.58 26.94 28.68 27.34 27.64 28.10 28.53 28.53 28.58 28.90 28.69 28.77 28.97 28.76 28.94 28.64 28.91 28.61 28.70 28.33 28.49 28.55 28.95 28.62 28.84 28.88 28.73 28.90 28.80 28.85 28.83 28.84 28.93 28.89 28.86 28.91 29.02 29.03 29.00 29.01 29.01 29.13 29.10 29.03 29.04 28.97 28.95 28.95 29.01 29.06 29.08 29.12 29.10
26.44 25.85 26.32 25.04 25.30 24.56 25.70 26.24 25.26 26.33 25.15 24.46 26.55 26.62 25.80 25.99 24.56 27.22 26.19 26.12 25.28 27.01 27.17 27.88 27.91 27.18 27.82 27.21 27.83 28.23 27.35 27.85 28.63 27.82 28.37 27.86 28.88 28.28 28.44 28.27 28.67 28.46 28.12 28.46 28.58 28.68 28.87 28.64 28.57 28.51 28.80 28.83 28.91 28.91 28.88 28.86 28.90 28.85 28.85 28.79 28.88 28.94 28.94 28.93 29.00 28.95 28.96 28.96 28.96 28.88 28.96 29.00 29.07 29.11 29.11 29.14 29.09
26.84 24.11 24.42 25.12 25.71 24.30 24.11 25.01 26.19 26.18 26.12 25.97 24.44 25.23 26.07 26.58 25.79 26.01 25.07 27.36 26.94 27.31 25.51 27.53 25.92 27.18 27.59 28.02 27.74 28.22 27.34 28.30 28.44 28.17 28.39 28.09 28.24 28.49 28.04 28.14 27.94 28.15 28.83 28.51 27.89 28.53 28.71 28.87 28.84 28.94 28.85 28.88 28.86 28.91 28.83 28.83 28.76 28.83 28.84 28.75 28.73 28.82 28.85 28.97 28.94 28.94 28.93 28.96 28.91 28.93 28.97 29.03 29.09 29.10 29.09 29.09 29.13
25.15 24.49 25.24 25.36 25.06 24.98 25.50 25.67 25.92 24.93 25.24 25.39 24.60 25.50 25.03 25.75 26.33 26.09 24.32 27.11 26.07 27.28 26.26 27.78 27.37 27.12 27.66 27.88 28.15 27.44 28.42 27.97 28.71 27.84 27.95 28.44 28.04 27.91 28.73 27.89 27.67 27.66 28.68 28.40 28.62 28.82 28.08 28.84 28.68 28.92 28.83 28.87 28.94 28.93 28.85 28.82 28.92 28.86 28.87 28.78 28.78 28.89 28.92 28.86 28.85 28.90 28.92 28.88 28.90 28.92 29.01 29.07 29.11 29.15 29.09 29.07 29.06
23.72 25.31 25.62 24.27 25.13 25.15 25.41 25.59 25.05 25.91 25.91 26.15 24.81 26.64 26.54 25.24 25.77 26.47 26.58 26.99 26.65 27.05 26.70 27.91 26.74 26.58 27.62 26.81 27.45 26.78 28.37 27.42 27.99 28.18 27.90 28.34 28.37 28.52 28.04 28.41 28.39 28.26 28.57 28.48 28.50 28.88 28.69 29.12 28.43 29.03 28.84 28.88 28.98 28.94 28.92 28.98 28.97 28.94 28.85 28.75 28.68 28.86 28.82 28.80 28.80 28.85 28.98 28.91 28.94 29.00 29.03 29.08 29.09 29.12 29.10 29.08 29.07
25.22 24.87 26.09 23.01 24.02 25.74 25.91 24.22 24.00 25.71 26.11 26.92 25.58 27.05 26.56 25.42 24.40 25.98 25.47 25.57 26.33 27.67 26.27 27.24 27.37 27.14 26.82 27.31 27.37 27.69 27.28 26.48 27.87 27.30 27.67 28.41 27.63 28.70 28.65 28.09 28.63 28.84 28.47 28.20 28.64 28.17 28.76 28.75 28.89 28.73 28.89 28.56 28.69 28.87 29.10 29.10 29.01 28.90 28.76 28.76 28.74 28.75 28.78 28.76 28.82 28.81 28.95 29.00 29.04 29.06 29.05 29.06 29.07 29.11 29.06 29.06 29.02
24.08 22.90 24.84 25.08 25.44 26.07 23.99 24.43 25.19 25.81 25.15 24.92 25.26 26.87 25.14 25.21 26.18 26.22 26.38 25.75 25.54 27.33 27.28 26.16 26.59 27.23 26.35 26.90 27.76 27.18 26.17 27.23 27.87 27.13 27.65 27.94 27.62 28.52 28.25 28.57 28.74 28.43 28.65 28.24 28.69 28.37 28.59 28.67 28.81 28.71 28.81 28.69 28.88 28.96 29.04 28.88 28.93 28.93 28.80 28.74 28.71 28.80 28.79 28.79 28.82 28.84 28.84 29.02 29.02 29.02 29.06 29.10 29.05 29.04 29.05 29.01 29.05
25.08 23.03 25.03 24.44 25.42 26.35 23.32 23.23 24.67 24.27 24.19 24.23 26.22 25.44 25.35 25.95 26.94 26.59 24.96 25.26 25.56 27.40 25.85 26.06 25.29 27.08 27.21 27.02 27.74 27.32 28.03 27.64 27.54 27.71 27.62 27.70 27.98 27.91 28.08 28.16 28.60 27.04 28.58 28.29 28.69 28.68 28.71 28.58 28.65 28.88 28.72 28.90 28.94 28.95 28.84 28.79 28.95 28.92 28.89 28.85 28.81 28.81 28.91 28.85 28.87 28.84 28.81 28.93 28.99 29.04 29.04 29.07 29.07 29.03 29.04 29.01 28.99
25.00 24.66 24.99 24.20 22.83 26.30 24.43 24.09 26.36 24.54 24.43 23.98 26.37 24.33 27.22 24.87 26.79 26.63 23.15 26.03 25.94 26.36 26.20 26.29 26.25 27.15 26.57 27.93 27.18 27.87 27.88 27.99 27.80 27.49 28.01 27.77 28.18 28.64 28.08 28.24 27.86 28.45 28.48 28.45 27.83 28.47 27.84 28.35 28.36 28.51 28.82 28.89 28.62 28.58 28.70 28.91 28.76 28.91 28.92 28.96 28.91 28.90 28.92 28.87 28.94 28.92 28.89 28.93 29.03 29.02 29.07 29.08 29.06 29.07 29.00 28.98 29.00
24.14 23.73 22.76 23.48 25.37 25.98 27.03 26.16 26.71 24.67 23.99 24.56 25.37 25.89 25.53 25.42 25.61 26.69 25.50 26.71 25.93 26.69 25.52 26.56 25.96 26.41 26.74 27.88 27.64 27.61 26.45 27.57 27.13 27.92 27.62 27.58 28.58 28.70 28.21 28.71 28.62 27.43 27.44 27.43 28.19 28.33 28.76 28.81 28.59 28.23 28.19 28.73 28.41 28.58 28.22 28.93 28.93 28.84 28.77 29.00 28.95 28.92 28.86 28.97 29.02 29.15 28.98 28.99 29.08 29.04 29.06 29.11 29.05 29.03 28.98 28.90 28.93
23.63 23.38 23.08 23.81 23.25 24.94 25.96 25.37 25.64 25.71 23.75 24.17 25.05 25.93 24.60 25.60 25.16 26.81 25.91 25.48 26.20 26.02 25.33 24.34 27.48 25.60 25.94 27.79 26.29 27.80 27.91 28.11 27.13 26.84 27.76 28.46 28.48 27.70 27.46 27.98 28.68 28.33 28.73 28.48 28.23 28.62 27.92 28.03 28.58 28.34 28.25 28.73 28.38 28.70 28.67 28.52 28.60 28.92 28.92 28.90 28.98 28.90 28.69 28.95 29.02 29.06 29.09 29.02 29.09 29.04 29.08 29.10 29.10 29.01 29.00 28.94 28.94
25.95 24.23 23.64 22.20 23.71 24.71 25.66 25.07 25.38 25.10 24.63 25.89 25.24 26.87 25.29 25.03 24.49 26.58 25.96 23.92 26.70 25.68 25.81 25.27 26.20 25.15 26.14 27.16 26.91 28.26 28.08 26.82 27.80 27.32 27.58 28.07 27.38 27.89 28.37 28.21 28.36 28.26 28.36 27.82 28.28 27.66 28.20 28.25 28.08 28.00 28.49 28.53 28.49 28.58 28.33 28.84 28.55 28.71 28.93 28.84 28.97 28.99 29.01 29.04 29.00 29.00 29.05 29.07 29.12 29.07 29.08 29.07 29.04 29.09 29.03 29.00 28.96
24.12 26.96 24.50 24.47 22.94 25.60 25.87 25.34 25.07 24.74 25.47 24.88 26.56 22.77 25.58 25.86 26.06 26.43 25.36 26.75 25.69 26.35 25.79 27.40 26.62 24.97 26.32 27.95 25.15 27.12 27.06 26.65 27.07 25.90 26.30 27.26 25.79 27.44 28.20 27.18 28.06 27.86 28.46 27.38 28.00 27.95 28.32 28.76 28.11 27.89 28.34 27.83 28.19 28.54 28.16 28.87 28.68 28.83 28.95 28.97 28.92 28.97 29.03 29.02 29.04 29.07 29.10 29.10 29.12 29.11 29.14 29.11 29.08 29.12 29.06 29.00 28.99
23.69 24.25 25.41 25.16 23.04 25.13 26.49 24.79 23.96 24.95 25.49 26.10 25.55 24.21 24.32 25.78 25.58 26.15 25.67 25.36 26.14 26.53 25.60 27.28 27.19 25.01 25.45 27.63 25.94 26.45 25.99 27.32 27.30 26.20 26.32 26.78 26.93 27.62 28.07 27.85 27.73 28.17 27.82 28.33 27.60 28.50 27.86 28.77 28.29 28.51 28.43 28.78 28.30 28.21 28.53 28.69 28.62 28.95 28.91 28.94 28.93 28.86 28.86 28.97 29.03 29.03 29.14 29.10 29.11 29.14 29.15 29.12 29.12 29.11 29.10 29.03 29.03
24.75 24.61 25.27 23.93 25.19 26.01 26.08 25.43 24.15 23.42 24.62 24.91 25.41 26.12 25.92 24.06 25.74 25.33 26.52 24.62 25.66 25.51 24.98 27.35 24.85 26.22 26.07 26.23 25.59 25.21 25.16 26.92 26.12 25.99 26.24 27.20 27.59 27.27 28.03 28.06 27.97 28.43 28.49 28.79 28.14 28.43 28.84 27.72 27.80 28.52 28.41 28.40 28.71 28.20 28.65 28.25 28.80 28.85 28.83 28.99 28.92 28.97 28.92 28.95 29.03 29.01 29.02 29.10 29.11 29.10 29.16 29.17 29.14 29.11 29.05 29.03 29.01
25.09 24.40 25.75 25.90 25.18 27.48 25.38 23.61 24.54 24.51 23.80 25.03 22.44 22.55 26.66 23.44 23.41 25.81 23.72 25.85 25.01 26.87 25.91 27.06 25.45 26.12 27.86 24.69 26.67 26.60 27.48 26.11 27.38 26.60 27.42 25.95 26.76 27.63 28.23 28.60 27.54 28.19 28.67 28.02 27.47 28.35 28.37 28.86 29.01 28.84 28.58 28.90 28.60 27.96 28.90 28.11 28.48 28.61 28.75 28.97 28.97 29.02 29.04 29.02 29.03 29.00 29.04 29.07 29.09 29.13 29.12 29.12 29.09 29.09 29.05 29.07 29.04
24.29 24.96 25.34 26.15 25.06 25.24 23.79 25.44 24.22 23.88 24.34 24.41 24.79 24.26 25.55 25.18 25.03 26.07 24.54 25.02 24.56 25.44 25.59 25.30 25.45 25.46 27.23 25.64 28.21 26.47 27.57 27.18 25.98 25.43 26.89 24.94 26.09 28.17 26.73 28.53 28.10 27.89 28.27 27.67 27.05 27.60 27.56 28.46 28.29 28.90 28.75 28.87 28.77 28.43 28.76 27.69 28.41 28.60 28.89 28.90 28.99 29.08 29.08 29.07 29.01 29.03 29.03 29.06 29.06 29.09 29.02 29.09 29.05 29.00 29.00 29.02 29.00
23.66 23.44 24.89 24.00 25.81 25.48 23.52 25.90 25.19 22.72 24.39 25.86 24.70 23.26 25.42 24.51 24.77 26.11 26.40 24.60 24.08 25.89 26.12 26.76 26.09 25.83 26.90 26.73 26.21 25.97 26.78 25.31 26.70 26.63 27.37 26.53 26.02 27.92 27.07 28.24 27.64 28.61 27.75 27.83 27.57 27.58 27.81 28.08 28.36 28.48 28.33 28.60 28.18 28.89 28.87 28.32 28.66 28.59 28.81 28.98 28.84 28.87 29.03 28.97 28.91 28.81 28.85 28.91 29.03 29.04 29.05 29.01 28.97 29.01 28.99 28.97 29.02
25.86 25.54 25.77 24.61 23.81 25.41 23.86 24.77 24.89 24.30 23.51 26.66 25.62 22.62 24.80 22.61 23.75 25.16 25.60 24.19 25.13 24.02 25.32 26.29 26.85 25.40 28.13 26.81 26.98 28.00 27.05 26.52 26.47 26.80 26.12 26.39 27.46 27.57 26.54 27.12 28.16 27.70 28.25 27.64 27.78 27.76 27.20 27.80 28.24 27.83 28.27 28.45 28.50 28.35 28.26 28.16 28.59 28.65 28.65 28.81 28.83 28.88 28.93 28.85 28.81 28.93 28.89 28.89 28.97 29.01 28.99 28.95 28.96 28.96 28.94 28.94 28.97
25.52 23.98 26.72 25.60 23.13 25.06 25.29 24.39 24.19 24.93 23.98 24.40 25.39 22.63 24.24 26.17 23.70 25.83 25.74 23.33 25.51 24.52 25.73 26.34 26.55 26.58 27.09 27.00 26.29 26.70 25.83 26.50 26.42 27.64 26.13 26.34 26.08 27.12 26.71 27.45 26.75 28.09 27.72 27.57 26.68 26.97 27.27 27.14 28.07 27.82 28.05 28.62 28.88 28.59 28.65 28.06 28.59 28.38 28.70 28.90 28.83 28.95 28.92 28.87 28.85 28.85 28.91 28.96 28.93 29.01 28.96 28.98 28.96 29.00 28.99 29.02 28.94
25.07 24.90 26.19 25.73 24.44 25.28 23.72 24.10 25.80 24.21 25.72 25.05 24.32 24.67 22.32 24.94 24.37 26.15 24.44 23.38 24.58 26.37 24.23 25.75 26.12 26.26 26.15 26.65 26.32 26.67 25.35 25.06 26.39 26.86 25.45 26.38 27.54 28.08 26.86 26.80 26.65 27.24 27.91 26.98 27.21 27.52 27.52 27.76 28.30 27.66 27.68 27.80 28.34 28.56 28.43 28.11 28.45 28.47 28.80 28.71 28.73 28.86 28.80 28.75 28.94 28.96 28.91 28.91 29.00 29.01 28.96 28.99 28.99 29.03 28.92 28.92 28.90
27.42 25.36 26.79 25.50 25.99 25.83 24.77 25.12 24.96 22.88 24.21 25.43 24.90 24.91 23.55 24.52 24.94 26.71 24.46 23.78 24.36 24.32 23.87 24.38 26.59 26.56 27.67 27.61 26.11 26.07 25.94 27.41 27.16 26.40 25.78 27.69 27.61 27.74 27.49 27.06 27.60 27.47 27.71 27.74 27.88 28.13 28.41 27.11 27.47 27.16 28.09 28.74 28.42 28.50 28.51 28.51 28.56 28.60 28.69 28.70 28.92 28.78 28.85 28.37 26.03 27.63 28.83 29.08 29.02 28.96 28.95 28.95 28.98 29.05 28.94 28.92 28.95
26.31 26.04 25.79 25.43 24.18 25.34 23.99 24.19 24.06 24.14 24.86 24.94 23.53 25.46 25.14 23.24 25.77 24.43 26.15 24.05 23.88 24.82 23.60 24.65 27.27 26.55 25.02 26.50 26.66 26.47 24.17 25.47 26.36 26.42 26.57 26.73 26.88 27.50 26.42 26.31 27.65 27.01 27.23 27.38 28.07 27.76 28.33 28.29 28.10 26.89 27.69 27.46 28.33 27.67 28.83 28.29 28.69 28.39 28.25 28.75 28.71 28.92 28.85 27.88 26.07 26.93 28.17 29.03 29.02 28.90 28.89 28.93 28.95 28.96 28.92 28.96 28.99
