main/data/irradiance/07.07.2023.grid
ncols 839
nrows 679
xllcenter 112.0500
yllcenter -43.9500
cellsize 0.0500
nodata_value 99999.90
[rows 238 to 271 of 679, columns 0 to 76 of 839]
99999.90 99999.90 99999.90 99999.90 99999.90 99999.90 99999.90 99999.90 99999.90 99999.90 99999.90 99999.90 99999.90 99999.90 99999.90 99999.90 99999.90 99999.90 99999.90 99999.90 99999.90 99999.90 99999.90 99999.90 16.39 16.52 16.52 16.54 16.54 16.54 16.54 16.54 16.54 16.54 16.65 16.65 16.65 16.65 16.72 16.72 16.72 16.73 16.73 16.73 16.73 16.73 16.73 16.56 16.56 16.56 16.56 16.54 16.54 14.54 16.55 16.75 16.71 16.68 16.66 16.70 16.70 16.71 16.70 16.67 16.68 16.69 16.69 16.68 16.66 16.68 16.67 16.66 16.68 16.69 16.67 16.71 16.70
99999.90 99999.90 99999.90 99999.90 99999.90 99999.90 99999.90 99999.90 99999.90 99999.90 99999.90 99999.90 99999.90 99999.90 99999.90 99999.90 99999.90 99999.90 99999.90 99999.90 99999.90 99999.90 99999.90 99999.90 16.39 16.39 16.52 16.54 16.54 16.54 16.54 16.54 16.54 16.54 16.54 16.54 16.65 16.65 16.65 16.71 16.70 16.70 16.70 16.70 16.70 16.70 16.03 16.03 16.03 16.56 16.56 16.56 16.11 14.98 16.80 16.73 16.69 16.70 16.67 16.65 16.68 16.67 16.66 16.65 16.64 16.63 16.66 16.66 16.66 16.62 16.64 16.65 16.64 16.65 16.68 16.66 16.65
99999.90 99999.90 99999.90 99999.90 99999.90 99999.90 99999.90 99999.90 99999.90 99999.90 99999.90 99999.90 99999.90 99999.90 99999.90 99999.90 99999.90 99999.90 99999.90 99999.90 99999.90 99999.90 99999.90 16.42 16.39 16.39 16.52 16.52 16.52 16.54 16.54 16.54 16.54 16.54 16.54 16.54 16.54 16.68 16.68 16.69 16.67 16.70 16.70 16.70 16.70 16.70 16.03 16.03 16.03 16.03 15.95 15.95 15.81 16.74 16.71 16.67 16.66 16.64 16.64 16.63 16.60 16.57 16.58 16.57 16.62 16.62 16.65 16.64 16.63 16.59 16.60 16.61 16.60 16.60 16.58 16.61 16.63
99999.90 99999.90 99999.90 99999.90 99999.90 99999.90 99999.90 99999.90 99999.90 99999.90 99999.90 99999.90 99999.90 99999.90 99999.90 99999.90 99999.90 99999.90 99999.90 99999.90 99999.90 99999.90 99999.90 16.42 16.39 16.39 16.52 16.52 16.52 16.52 16.52 16.52 16.54 16.54 16.54 16.54 16.54 16.54 16.65 16.66 16.60 16.60 16.60 16.70 16.70 16.70 16.37 16.37 16.03 16.03 16.03 14.05 15.26 16.69 16.67 16.65 16.65 16.62 16.62 16.60 16.60 16.55 16.50 16.56 16.58 16.60 16.61 16.58 16.57 16.56 16.59 16.59 16.59 16.56 16.61 16.60 16.60
99999.90 99999.90 99999.90 99999.90 99999.90 99999.90 99999.90 99999.90 99999.90 99999.90 99999.90 99999.90 99999.90 99999.90 99999.90 99999.90 99999.90 99999.90 99999.90 99999.90 99999.90 99999.90 99999.90 16.42 16.39 16.39 16.39 16.52 16.52 16.52 16.52 16.52 16.52 16.52 16.52 16.61 16.61 16.61 16.62 16.62 16.62 16.62 16.62 16.62 16.62 16.37 16.37 16.37 16.37 15.98 15.98 15.62 16.64 16.63 16.65 16.62 16.60 16.60 16.59 16.55 16.59 16.57 16.47 16.54 16.58 16.58 16.57 16.56 16.57 16.55 16.56 16.57 16.58 16.56 16.55 16.54 16.59
99999.90 99999.90 99999.90 99999.90 99999.90 99999.90 99999.90 99999.90 99999.90 99999.90 99999.90 99999.90 99999.90 99999.90 99999.90 99999.90 99999.90 99999.90 99999.90 99999.90 99999.90 99999.90 99999.90 16.42 16.39 16.39 16.39 16.39 16.39 16.52 16.52 16.52 16.52 16.52 16.52 16.52 16.61 16.61 16.61 16.60 16.61 16.61 16.61 16.61 16.61 16.39 16.39 16.37 16.37 16.37 15.65 16.70 16.65 16.65 16.64 16.62 16.60 16.60 16.60 16.56 16.56 16.54 16.54 16.56 16.56 16.57 16.58 16.57 16.56 16.52 16.53 16.53 16.56 16.53 16.55 16.56 16.56
99999.90 99999.90 99999.90 99999.90 99999.90 99999.90 99999.90 99999.90 99999.90 99999.90 99999.90 99999.90 99999.90 99999.90 99999.90 99999.90 99999.90 99999.90 99999.90 99999.90 99999.90 99999.90 99999.90 16.42 16.39 16.39 16.39 16.39 16.39 16.39 16.39 16.52 16.52 16.52 16.52 16.52 16.52 16.60 16.60 16.59 16.59 16.59 16.59 16.53 16.53 16.39 16.39 16.39 16.46 16.46 15.40 16.63 16.62 16.61 16.61 16.61 16.62 16.61 16.60 16.59 16.57 16.54 16.57 16.57 16.55 16.56 16.55 16.54 16.52 16.52 16.53 16.52 16.52 16.53 16.52 16.57 16.53
99999.90 99999.90 99999.90 99999.90 99999.90 99999.90 99999.90 99999.90 99999.90 99999.90 99999.90 99999.90 99999.90 99999.90 99999.90 99999.90 99999.90 99999.90 99999.90 99999.90 99999.90 99999.90 99999.90 16.42 16.42 16.42 16.39 16.39 16.39 16.39 16.39 16.39 16.52 16.52 16.53 16.53 16.53 16.57 16.58 16.58 16.57 16.57 16.53 16.53 16.53 16.35 16.39 16.39 16.39 15.85 16.61 16.60 16.60 16.61 16.59 16.58 16.61 16.59 16.59 16.55 16.55 16.53 16.55 16.54 16.55 16.51 16.51 16.53 16.52 16.49 16.50 16.50 16.50 16.49 16.50 16.52 16.51
99999.90 99999.90 99999.90 99999.90 99999.90 99999.90 99999.90 99999.90 99999.90 99999.90 99999.90 99999.90 99999.90 99999.90 99999.90 99999.90 99999.90 99999.90 99999.90 99999.90 99999.90 99999.90 99999.90 16.42 16.42 16.42 16.42 16.42 16.39 16.39 16.39 16.39 16.39 16.52 16.52 16.55 16.55 16.56 16.56 16.55 16.55 16.53 16.53 16.53 16.53 16.35 16.35 16.32 16.32 15.96 16.57 16.55 16.57 16.57 16.56 16.55 16.56 16.55 16.55 16.55 16.56 16.56 16.54 16.54 16.52 16.50 16.46 16.45 16.51 16.49 16.47 16.48 16.47 16.49 16.51 16.50 16.49
99999.90 99999.90 99999.90 99999.90 99999.90 99999.90 99999.90 99999.90 99999.90 99999.90 99999.90 99999.90 99999.90 99999.90 99999.90 99999.90 99999.90 99999.90 99999.90 99999.90 99999.90 99999.90 99999.90 16.42 16.42 16.42 16.42 16.42 16.42 16.42 16.39 16.39 16.39 16.39 16.52 16.52 16.53 16.52 16.53 16.53 16.54 16.57 16.57 16.57 16.45 16.35 16.35 16.35 15.24 15.43 16.55 16.52 16.52 16.54 16.55 16.53 16.52 16.53 16.52 16.51 16.53 16.51 16.49 16.52 16.51 16.49 16.42 16.48 16.47 16.46 16.45 16.45 16.47 16.47 16.48 16.46 16.44
99999.90 99999.90 99999.90 99999.90 99999.90 99999.90 99999.90 99999.90 99999.90 99999.90 99999.90 99999.90 99999.90 99999.90 99999.90 99999.90 99999.90 99999.90 99999.90 99999.90 99999.90 99999.90 99999.90 16.42 16.42 16.42 16.42 16.42 16.42 16.42 16.42 16.42 16.39 16.39 16.39 16.49 16.50 16.51 16.52 16.52 16.49 16.57 16.57 16.45 16.45 16.45 16.27 16.27 15.42 16.56 16.53 16.52 16.50 16.46 16.51 16.53 16.52 16.51 16.50 16.49 16.50 16.49 16.52 16.51 16.50 16.47 16.44 16.45 16.41 16.42 16.42 16.43 16.46 16.47 16.45 16.45 16.47
99999.90 99999.90 99999.90 99999.90 99999.90 99999.90 99999.90 99999.90 99999.90 99999.90 99999.90 99999.90 99999.90 99999.90 99999.90 99999.90 99999.90 99999.90 99999.90 99999.90 99999.90 99999.90 99999.90 16.42 16.42 16.42 16.42 16.42 16.42 16.42 16.42 16.42 16.42 16.48 16.48 16.48 16.48 16.50 16.49 16.52 16.51 16.51 16.39 16.45 16.45 16.45 16.12 16.12 15.94 16.53 16.51 16.50 16.50 16.48 16.44 16.50 16.52 16.51 16.50 16.49 16.50 16.45 16.47 16.49 16.48 16.47 16.42 16.45 16.44 16.39 16.39 16.41 16.43 16.43 16.45 16.44 16.45
99999.90 99999.90 99999.90 99999.90 99999.90 99999.90 99999.90 99999.90 99999.90 99999.90 99999.90 99999.90 99999.90 99999.90 99999.90 99999.90 99999.90 99999.90 99999.90 99999.90 99999.90 99999.90 99999.90 16.42 16.42 16.42 16.42 16.42 16.42 16.42 16.42 16.42 16.42 16.42 16.47 16.46 16.48 16.45 16.49 16.50 16.51 16.48 16.39 16.46 16.47 16.37 15.75 15.93 16.51 16.48 16.48 16.49 16.47 16.48 16.49 16.49 16.42 16.48 16.48 16.48 16.46 16.45 16.44 16.43 16.46 16.46 16.46 16.45 16.45 16.42 16.41 16.42 16.39 16.36 16.40 16.45 16.41
99999.90 99999.90 99999.90 99999.90 99999.90 99999.90 99999.90 99999.90 99999.90 99999.90 99999.90 99999.90 99999.90 99999.90 99999.90 99999.90 99999.90 99999.90 99999.90 99999.90 99999.90 99999.90 99999.90 16.49 16.49 16.49 16.49 16.49 16.49 16.49 16.49 16.49 16.49 16.49 16.47 16.47 16.41 16.47 16.39 16.45 16.48 16.44 16.45 16.45 16.44 16.45 16.44 16.45 16.47 16.46 16.47 16.47 16.48 16.47 16.47 16.46 16.46 16.46 16.45 16.45 16.45 16.47 16.46 16.47 16.43 16.41 16.39 16.42 16.37 16.37 16.41 16.44 16.40 16.38 16.41 16.45 16.44
99999.90 99999.90 99999.90 99999.90 99999.90 99999.90 99999.90 99999.90 99999.90 99999.90 99999.90 99999.90 99999.90 99999.90 99999.90 99999.90 99999.90 99999.90 99999.90 99999.90 99999.90 99999.90 99999.90 16.42 16.42 16.42 16.42 16.42 16.42 16.42 16.42 16.42 16.42 16.42 16.41 16.45 16.38 16.37 16.42 16.41 16.41 16.47 16.45 16.43 16.47 16.44 16.44 16.43 16.43 16.44 16.46 16.45 16.44 16.44 16.43 16.47 16.46 16.44 16.45 16.43 16.42 16.43 16.45 16.45 16.44 16.39 16.39 16.37 16.37 16.37 16.35 16.40 16.39 16.39 16.39 16.42 16.38
99999.90 99999.90 99999.90 99999.90 99999.90 99999.90 99999.90 99999.90 99999.90 99999.90 99999.90 99999.90 99999.90 99999.90 99999.90 99999.90 99999.90 99999.90 99999.90 99999.90 99999.90 99999.90 99999.90 16.41 16.41 16.41 16.41 16.41 16.41 16.41 16.41 16.41 16.41 16.41 16.37 16.40 16.36 16.36 16.38 16.39 16.41 16.44 16.42 16.37 16.45 16.42 16.42 16.39 16.42 16.43 16.43 16.43 16.43 16.43 16.41 16.43 16.41 16.42 16.41 16.41 16.40 16.42 16.40 16.40 16.40 16.38 16.38 16.36 16.33 16.34 16.31 16.35 16.36 16.37 16.37 16.32 16.36
99999.90 99999.90 99999.90 99999.90 99999.90 99999.90 99999.90 99999.90 99999.90 99999.90 99999.90 99999.90 99999.90 99999.90 99999.90 99999.90 99999.90 99999.90 99999.90 99999.90 99999.90 99999.90 99999.90 16.41 16.41 16.41 16.41 16.41 16.41 16.41 16.41 16.41 16.41 16.41 16.22 16.36 16.34 16.39 16.35 16.38 16.39 16.39 16.39 16.37 16.42 16.39 16.40 16.38 16.40 16.41 16.40 16.40 16.40 16.39 16.38 16.37 16.41 16.41 16.41 16.40 16.39 16.39 16.38 16.38 16.37 16.38 16.32 16.34 16.35 16.33 16.32 16.32 16.28 16.34 16.33 16.30 16.32
99999.90 99999.90 99999.90 99999.90 99999.90 99999.90 99999.90 99999.90 99999.90 99999.90 99999.90 99999.90 99999.90 99999.90 99999.90 99999.90 99999.90 99999.90 99999.90 99999.90 99999.90 99999.90 99999.90 16.41 16.41 16.41 16.41 16.41 16.41 16.41 16.41 16.41 16.41 16.22 16.22 16.32 16.30 16.32 16.34 16.37 16.37 16.38 16.37 16.41 16.40 16.39 16.37 16.37 16.37 16.37 16.38 16.38 16.38 16.38 16.37 16.38 16.38 16.38 16.38 16.38 16.36 16.37 16.38 16.36 16.36 16.33 16.34 16.33 16.34 16.33 16.30 16.23 16.25 16.32 16.30 16.28 16.27
99999.90 99999.90 99999.90 99999.90 99999.90 99999.90 99999.90 99999.90 99999.90 99999.90 99999.90 99999.90 99999.90 99999.90 99999.90 99999.90 99999.90 99999.90 99999.90 99999.90 99999.90 99999.90 99999.90 16.41 16.41 16.41 16.41 16.41 16.41 16.41 16.41 16.41 16.22 16.21 16.21 16.21 16.30 16.31 16.31 16.37 16.34 16.37 16.36 16.38 16.34 16.38 16.35 16.35 16.35 16.36 16.36 16.37 16.37 16.36 16.35 16.31 16.34 16.37 16.36 16.35 16.34 16.35 16.36 16.33 16.34 16.31 16.33 16.29 16.28 16.29 16.26 16.22 16.25 16.23 16.30 16.28 16.27
99999.90 99999.90 99999.90 99999.90 99999.90 99999.90 99999.90 99999.90 99999.90 99999.90 99999.90 99999.90 99999.90 99999.90 99999.90 99999.90 99999.90 99999.90 99999.90 99999.90 99999.90 99999.90 99999.90 16.41 16.41 16.41 16.41 16.41 16.41 16.41 16.41 16.21 16.21 16.21 16.21 16.21 16.27 16.28 16.28 16.28 16.32 16.36 16.38 16.32 16.32 16.35 16.33 16.33 16.33 16.32 16.32 16.32 16.31 16.26 16.26 16.30 16.34 16.34 16.34 16.33 16.32 16.32 16.31 16.27 16.29 16.30 16.29 16.32 16.28 16.30 16.28 16.26 16.24 16.23 16.20 16.28 16.25
99999.90 99999.90 99999.90 99999.90 99999.90 99999.90 99999.90 99999.90 99999.90 99999.90 99999.90 99999.90 99999.90 99999.90 99999.90 99999.90 99999.90 99999.90 99999.90 99999.90 99999.90 99999.90 99999.90 16.41 16.41 16.41 16.41 16.41 16.41 16.21 16.21 16.21 16.21 16.21 16.24 16.24 16.24 16.27 16.28 16.28 16.28 16.29 16.38 16.31 16.32 16.30 16.30 16.30 16.30 16.30 16.29 16.31 16.29 16.27 16.26 16.27 16.30 16.31 16.30 16.30 16.30 16.30 16.30 16.26 16.29 16.27 16.28 16.25 16.27 16.24 16.24 16.24 16.23 16.21 16.19 16.22 16.26
99999.90 99999.90 99999.90 99999.90 99999.90 99999.90 99999.90 99999.90 99999.90 99999.90 99999.90 99999.90 99999.90 99999.90 99999.90 99999.90 99999.90 99999.90 99999.90 99999.90 99999.90 99999.90 99999.90 16.41 16.41 16.41 16.41 16.41 16.21 16.21 16.21 16.21 16.23 16.23 16.23 16.23 16.23 16.24 16.23 16.26 16.26 16.31 16.32 16.30 16.28 16.28 16.29 16.28 16.29 16.29 16.29 16.27 16.26 16.28 16.28 16.28 16.25 16.28 16.28 16.27 16.28 16.28 16.25 16.26 16.27 16.26 16.24 16.24 16.26 16.21 16.24 16.20 16.20 16.19 16.18 16.18 16.20
99999.90 99999.90 99999.90 99999.90 99999.90 99999.90 99999.90 99999.90 99999.90 99999.90 99999.90 99999.90 99999.90 99999.90 99999.90 99999.90 99999.90 99999.90 99999.90 99999.90 99999.90 99999.90 99999.90 16.41 16.41 16.22 16.22 16.22 16.22 16.22 16.22 16.22 16.22 16.22 16.19 16.19 16.19 16.20 16.21 16.24 16.25 16.28 16.24 16.28 16.25 16.27 16.22 16.27 16.26 16.26 16.25 16.26 16.24 16.29 16.26 16.26 16.25 16.26 16.24 16.26 16.24 16.26 16.27 16.21 16.25 16.24 16.25 16.23 16.22 16.19 16.18 16.19 16.12 16.18 16.14 16.15 16.17
99999.90 99999.90 99999.90 99999.90 99999.90 99999.90 99999.90 99999.90 99999.90 99999.90 99999.90 99999.90 99999.90 99999.90 99999.90 99999.90 99999.90 99999.90 99999.90 99999.90 99999.90 99999.90 99999.90 16.41 16.41 16.22 16.22 16.22 16.22 16.22 16.22 16.22 16.22 16.22 16.22 16.20 16.20 16.19 16.20 16.22 16.23 16.24 16.22 16.25 16.22 16.23 16.24 16.26 16.27 16.24 16.24 16.24 16.27 16.25 16.24 16.24 16.23 16.23 16.23 16.22 16.21 16.23 16.23 16.23 16.23 16.22 16.22 16.22 16.17 16.20 16.16 16.18 16.12 16.15 16.13 16.14 16.15
99999.90 99999.90 99999.90 99999.90 99999.90 99999.90 99999.90 99999.90 99999.90 99999.90 99999.90 99999.90 99999.90 99999.90 99999.90 99999.90 99999.90 99999.90 99999.90 99999.90 99999.90 99999.90 15.98 16.41 16.41 16.22 16.22 16.22 16.22 16.22 16.22 16.22 16.22 16.22 16.22 16.22 16.19 16.16 16.17 16.20 16.21 16.26 16.27 16.22 16.19 16.22 16.24 16.23 16.15 16.20 16.19 16.22 16.22 16.22 16.21 16.22 16.21 16.22 16.21 16.21 16.20 16.17 16.19 16.18 16.15 16.18 16.19 16.21 16.18 16.17 16.14 16.15 16.14 16.12 16.12 16.09 16.12
99999.90 99999.90 99999.90 99999.90 99999.90 99999.90 99999.90 99999.90 99999.90 99999.90 99999.90 99999.90 99999.90 99999.90 99999.90 99999.90 99999.90 99999.90 99999.90 99999.90 99999.90 15.86 15.98 15.98 15.97 16.18 16.18 16.18 16.18 16.18 16.18 16.18 16.18 16.18 16.18 16.18 16.17 16.15 16.16 16.17 16.18 16.21 16.26 16.21 16.18 16.17 16.23 16.18 16.18 16.17 16.14 16.18 16.16 16.15 16.22 16.20 16.18 16.19 16.15 16.20 16.20 16.17 16.17 16.15 16.14 16.13 16.18 16.20 16.20 16.15 16.16 16.11 16.12 16.12 16.11 16.11 16.09
99999.90 99999.90 99999.90 99999.90 99999.90 99999.90 99999.90 99999.90 99999.90 99999.90 99999.90 99999.90 99999.90 99999.90 99999.90 99999.90 99999.90 99999.90 99999.90 99999.90 99999.90 15.86 15.86 15.98 15.98 16.09 16.09 16.09 16.09 16.09 16.09 16.09 16.09 16.09 16.09 16.09 16.14 16.14 16.15 16.15 16.15 16.24 16.20 16.19 16.19 16.22 16.19 16.16 16.16 16.16 16.17 16.15 16.15 16.15 16.14 16.18 16.15 16.17 16.13 16.18 16.18 16.17 16.17 16.15 16.14 16.16 16.15 16.17 16.15 16.14 16.09 16.12 16.09 16.07 16.06 16.11 16.06
99999.90 99999.90 99999.90 99999.90 99999.90 99999.90 99999.90 99999.90 99999.90 99999.90 99999.90 99999.90 99999.90 99999.90 99999.90 99999.90 99999.90 99999.90 99999.90 99999.90 15.92 15.86 15.86 15.86 15.98 15.98 15.99 15.99 15.99 15.99 15.99 15.99 15.99 15.99 15.99 15.99 16.13 16.14 16.12 16.12 16.14 16.18 16.15 16.15 16.20 16.18 16.13 16.13 16.14 16.09 16.15 16.13 16.13 16.15 16.12 16.13 16.13 16.11 16.12 16.13 16.16 16.17 16.15 16.14 16.13 16.12 16.14 16.13 16.14 16.09 16.10 16.09 16.02 16.04 16.02 16.07 16.06
99999.90 99999.90 99999.90 99999.90 99999.90 99999.90 99999.90 99999.90 99999.90 99999.90 99999.90 99999.90 99999.90 99999.90 99999.90 99999.90 99999.90 99999.90 99999.90 99999.90 15.92 15.86 15.86 15.86 15.86 15.98 15.98 15.97 16.01 16.01 16.01 16.01 16.01 16.01 16.01 16.01 16.12 16.14 16.11 16.11 16.13 16.13 16.13 16.13 16.14 16.11 16.10 16.10 16.09 16.08 16.14 16.12 16.09 16.13 16.12 16.11 16.12 16.10 16.04 16.11 16.11 16.11 16.12 16.09 16.08 16.10 16.08 16.07 16.04 16.04 16.05 16.06 16.03 16.00 15.98 16.01 16.05
99999.90 99999.90 99999.90 99999.90 99999.90 99999.90 99999.90 99999.90 99999.90 99999.90 99999.90 99999.90 99999.90 99999.90 99999.90 99999.90 99999.90 99999.90 99999.90 15.86 15.92 15.86 15.86 15.86 15.86 15.86 15.98 15.98 15.97 15.97 16.07 16.07 16.07 16.07 16.07 16.07 16.10 16.12 16.11 16.09 16.12 16.17 16.13 16.11 16.10 16.09 16.08 16.09 16.06 16.06 16.10 16.10 16.09 16.09 16.08 16.09 16.10 16.11 16.09 16.06 16.11 16.07 16.08 16.07 16.06 16.07 16.03 16.06 16.06 16.03 16.04 16.07 16.07 16.03 15.99 15.97 16.00
99999.90 99999.90 99999.90 99999.90 99999.90 99999.90 99999.90 99999.90 99999.90 99999.90 99999.90 99999.90 99999.90 99999.90 99999.90 99999.90 99999.90 99999.90 99999.90 15.86 15.92 15.86 15.86 15.86 15.86 15.86 15.86 15.98 15.98 15.97 15.97 15.99 15.99 16.06 16.06 16.06 16.08 16.10 16.11 16.09 16.08 16.16 16.10 16.10 16.10 16.08 16.08 16.09 16.08 16.07 16.04 16.08 16.08 16.09 16.08 16.04 16.08 16.04 16.10 16.02 16.08 16.08 16.06 16.07 16.07 16.06 16.02 16.00 16.04 16.04 16.03 16.01 16.03 16.02 15.99 16.03 15.98
99999.90 99999.90 99999.90 99999.90 99999.90 99999.90 99999.90 99999.90 99999.90 99999.90 99999.90 99999.90 99999.90 99999.90 99999.90 99999.90 99999.90 99999.90 99999.90 15.86 15.92 15.86 15.86 15.86 15.86 15.86 15.86 15.86 15.98 15.98 15.97 15.97 15.99 15.99 16.04 16.04 16.04 16.09 16.12 16.07 16.08 16.09 16.09 16.09 16.08 16.06 16.05 16.07 16.07 16.06 16.00 16.04 16.09 16.06 16.06 16.02 16.08 16.07 16.07 16.06 16.04 16.07 16.06 16.04 16.03 16.05 16.02 16.03 16.00 15.96 15.99 16.00 16.00 16.01 15.98 16.02 16.01
99999.90 99999.90 99999.90 99999.90 99999.90 99999.90 99999.90 99999.90 99999.90 99999.90 99999.90 99999.90 99999.90 99999.90 99999.90 99999.90 99999.90 99999.90 15.78 15.86 15.92 15.92 15.92 15.86 15.86 15.86 15.86 15.86 15.86 15.98 15.98 15.97 15.97 15.99 15.99 15.98 16.00 16.07 16.07 16.03 16.07 16.06 16.05 16.03 16.05 16.03 16.03 16.01 16.02 16.01 16.01 16.00 16.01 16.05 16.05 16.02 16.00 16.04 16.03 16.03 16.00 16.00 16.04 16.02 16.02 16.02 16.01 16.00 16.01 15.96 15.98 15.95 15.98 15.94 15.99 15.99 15.99
99999.90 99999.90 99999.90 99999.90 99999.90 99999.90 99999.90 99999.90 99999.90 99999.90 99999.90 99999.90 99999.90 99999.90 99999.90 99999.90 99999.90 99999.90 15.78 15.86 15.92 15.92 15.92 15.92 15.92 15.86 15.86 15.86 15.86 15.86 15.98 15.98 15.97 15.97 15.96 15.96 15.96 16.08 16.03 16.05 16.03 16.02 16.03 15.97 16.01 16.01 16.00 16.01 15.98 16.00 16.01 16.02 15.97 16.00 16.01 16.01 15.95 16.00 16.01 16.01 15.96 16.02 15.99 16.01 16.03 16.02 15.99 15.96 15.98 15.98 15.95 15.97 15.94 15.96 15.88 15.96 15.96
