main/data/irradiance/07.09.2023.grid
ncols 839
nrows 679
xllcenter 112.0500
yllcenter -43.9500
cellsize 0.0500
nodata_value 99999.90
[rows 612 to 645 of 679, columns 616 to 692 of 839]
99999.90 99999.90 99999.90 99999.90 99999.90 99999.90 99999.90 99999.90 99999.90 99999.90 99999.90 99999.90 99999.90 99999.90 99999.90 99999.90 99999.90 99999.90 99999.90 99999.90 99999.90 99999.90 99999.90 99999.90 99999.90 99999.90 4.40 5.65 5.65 5.65 5.65 5.65 5.65 5.65 5.65 5.65 5.65 5.65 5.65 6.62 6.46 6.46 6.46 6.46 6.46 6.12 4.58 4.82 5.17 5.30 5.30 5.30 5.30 7.00 7.00 7.00 7.00 8.77 8.77 8.77 9.75 9.75 10.56 10.56 9.86 9.86 9.86 9.86 9.86 9.87 9.87 12.08 12.08 11.53 11.53 11.53 11.53
99999.90 99999.90 99999.90 99999.90 99999.90 99999.90 99999.90 99999.90 99999.90 99999.90 99999.90 99999.90 99999.90 99999.90 99999.90 99999.90 99999.90 99999.90 99999.90 99999.90 99999.90 99999.90 99999.90 99999.90 99999.90 99999.90 4.40 5.65 5.65 5.65 5.65 5.65 5.65 5.65 5.65 5.65 5.65 5.65 5.65 6.62 6.46 6.46 6.46 6.46 6.12 6.12 4.58 4.82 5.17 5.30 5.30 5.30 6.85 7.00 7.00 7.00 7.00 8.77 8.77 9.75 9.75 9.75 10.56 9.86 9.86 9.86 9.86 9.86 9.86 9.87 11.29 11.50 12.08 11.53 11.53 11.53 11.53
99999.90 99999.90 99999.90 99999.90 99999.90 99999.90 99999.90 99999.90 99999.90 99999.90 99999.90 99999.90 99999.90 99999.90 99999.90 99999.90 99999.90 99999.90 99999.90 99999.90 99999.90 99999.90 99999.90 99999.90 99999.90 99999.90 4.40 4.40 4.40 5.65 5.65 5.65 5.65 5.65 5.65 5.65 5.65 5.65 5.54 6.62 6.62 6.46 6.33 6.12 6.12 5.11 4.58 4.82 5.17 5.30 5.30 5.30 6.85 7.00 7.00 7.00 8.77 8.77 8.77 9.75 9.75 10.56 10.56 9.86 9.86 9.86 9.86 9.86 9.87 9.87 11.29 11.50 12.08 12.08 11.53 11.53 11.53
99999.90 99999.90 99999.90 99999.90 99999.90 99999.90 99999.90 99999.90 99999.90 99999.90 99999.90 99999.90 99999.90 99999.90 99999.90 99999.90 99999.90 99999.90 99999.90 99999.90 99999.90 99999.90 99999.90 99999.90 99999.90 99999.90 4.40 4.40 4.40 4.40 4.40 4.40 4.40 4.40 5.65 5.65 5.45 5.45 5.45 6.16 6.67 6.33 6.33 6.12 6.12 5.11 4.58 4.82 5.17 5.30 5.30 6.35 6.85 7.00 7.00 7.00 8.77 8.77 9.75 9.75 9.75 10.56 10.56 9.86 9.86 9.86 9.86 9.86 9.87 10.67 11.29 11.50 12.05 12.08 11.53 11.53 11.53
99999.90 99999.90 99999.90 99999.90 99999.90 99999.90 99999.90 99999.90 99999.90 99999.90 99999.90 99999.90 99999.90 99999.90 99999.90 99999.90 99999.90 99999.90 99999.90 99999.90 99999.90 99999.90 99999.90 99999.90 99999.90 99999.90 4.40 4.40 4.40 4.40 4.40 4.40 4.40 4.40 4.40 4.40 5.00 5.00 5.00 5.75 6.44 6.81 6.58 5.96 5.06 5.11 4.58 4.82 5.17 5.30 5.30 6.35 6.85 7.00 7.00 8.77 8.77 8.77 9.75 9.75 10.56 10.56 10.56 9.86 9.86 9.86 9.86 9.87 9.87 10.67 11.29 11.50 12.05 12.08 12.08 11.53 11.53
99999.90 99999.90 99999.90 99999.90 99999.90 99999.90 99999.90 99999.90 99999.90 99999.90 99999.90 99999.90 99999.90 99999.90 99999.90 99999.90 99999.90 99999.90 99999.90 99999.90 99999.90 99999.90 99999.90 99999.90 99999.90 99999.90 4.40 4.40 4.40 4.40 4.40 4.40 4.40 4.40 4.40 4.40 4.40 5.14 5.14 5.75 6.34 6.37 6.15 5.86 5.70 5.38 5.34 5.66 6.01 5.60 6.17 6.35 6.85 7.00 7.00 8.77 8.77 9.75 9.75 9.75 10.56 10.56 10.15 9.86 9.86 9.86 9.86 9.87 9.87 10.67 11.29 11.50 12.05 12.08 12.08 11.53 11.53
99999.90 99999.90 99999.90 99999.90 99999.90 99999.90 99999.90 99999.90 99999.90 99999.90 99999.90 99999.90 99999.90 99999.90 99999.90 99999.90 99999.90 99999.90 99999.90 99999.90 99999.90 99999.90 99999.90 99999.90 99999.90 99999.90 4.40 4.40 4.40 4.40 4.40 4.40 4.40 4.40 4.40 4.40 4.40 4.29 5.01 6.04 6.52 6.20 6.19 6.47 6.43 6.21 6.21 6.38 6.50 6.33 6.53 6.78 7.28 7.87 8.30 8.77 8.77 9.75 9.75 10.56 10.56 10.56 10.15 9.86 9.86 9.86 9.87 9.87 9.87 10.67 11.29 11.50 12.05 12.08 12.08 12.08 11.53
99999.90 99999.90 99999.90 99999.90 99999.90 99999.90 99999.90 99999.90 99999.90 99999.90 99999.90 99999.90 99999.90 99999.90 99999.90 99999.90 99999.90 99999.90 99999.90 99999.90 99999.90 99999.90 99999.90 99999.90 99999.90 99999.90 4.54 4.54 4.54 4.54 4.54 4.54 4.54 4.54 4.54 4.54 4.54 4.77 5.27 6.12 6.80 6.62 6.92 7.16 7.09 7.21 7.25 7.01 6.91 7.14 7.19 7.76 8.26 8.85 9.12 9.45 9.49 9.75 9.75 10.56 10.56 10.22 10.15 9.86 9.86 9.86 9.87 9.87 10.18 10.67 11.29 11.50 12.05 12.32 12.08 12.08 11.53
99999.90 99999.90 99999.90 99999.90 99999.90 99999.90 99999.90 99999.90 99999.90 99999.90 99999.90 99999.90 99999.90 99999.90 99999.90 99999.90 99999.90 99999.90 99999.90 99999.90 99999.90 99999.90 99999.90 99999.90 99999.90 99999.90 4.54 4.54 4.54 4.54 4.54 4.54 4.54 4.54 4.54 4.54 4.54 5.81 6.53 6.93 6.91 7.45 7.97 7.71 7.84 7.99 7.86 7.73 7.67 7.85 7.56 8.02 8.97 9.87 10.31 10.55 10.48 10.50 10.59 10.56 10.56 10.22 10.15 9.86 9.86 9.87 9.87 9.87 10.18 10.67 11.29 11.50 12.05 12.32 12.08 12.08 12.08
99999.90 99999.90 99999.90 99999.90 99999.90 99999.90 99999.90 99999.90 99999.90 99999.90 99999.90 99999.90 99999.90 99999.90 99999.90 99999.90 99999.90 99999.90 99999.90 99999.90 99999.90 99999.90 99999.90 99999.90 99999.90 99999.90 4.54 4.54 4.54 4.54 4.54 4.54 4.54 4.54 4.54 6.62 6.62 6.62 7.04 7.16 7.41 8.09 8.32 8.16 8.65 8.85 8.79 8.72 8.53 8.63 9.06 9.39 9.84 10.52 11.00 11.50 11.26 10.91 10.50 10.32 10.03 10.22 10.15 9.86 9.86 9.87 9.87 10.07 10.18 10.67 11.29 11.50 12.05 12.32 12.56 12.08 12.08
99999.90 99999.90 99999.90 99999.90 99999.90 99999.90 99999.90 99999.90 99999.90 99999.90 99999.90 99999.90 99999.90 99999.90 99999.90 99999.90 99999.90 99999.90 99999.90 99999.90 99999.90 99999.90 99999.90 99999.90 99999.90 99999.90 4.54 4.54 4.54 4.54 4.54 4.54 4.54 7.34 7.34 7.34 7.34 7.34 7.87 8.20 8.01 8.32 8.76 8.87 9.21 9.70 9.98 9.80 9.85 9.43 9.71 10.57 11.43 12.02 11.50 11.02 11.60 11.67 10.93 10.35 10.27 10.26 10.05 9.77 9.49 9.87 9.87 10.07 10.18 10.67 11.29 11.50 12.05 12.32 12.56 12.08 12.08
99999.90 99999.90 99999.90 99999.90 99999.90 99999.90 99999.90 99999.90 99999.90 99999.90 99999.90 99999.90 99999.90 99999.90 99999.90 99999.90 99999.90 99999.90 99999.90 99999.90 99999.90 99999.90 99999.90 99999.90 99999.90 99999.90 4.54 4.54 4.54 7.75 7.75 7.75 7.75 7.75 7.75 7.75 7.75 7.75 8.46 9.11 9.28 9.64 9.48 9.48 9.53 9.89 9.81 10.51 11.13 11.20 10.98 10.73 11.84 12.61 12.32 11.60 11.74 11.98 11.46 10.58 10.53 10.41 10.40 10.45 9.68 9.67 9.99 10.07 10.18 10.67 11.29 11.50 12.05 12.32 12.56 12.48 12.40
99999.90 99999.90 99999.90 99999.90 99999.90 99999.90 99999.90 99999.90 99999.90 99999.90 99999.90 99999.90 99999.90 99999.90 99999.90 99999.90 99999.90 99999.90 99999.90 99999.90 99999.90 99999.90 99999.90 99999.90 99999.90 99999.90 4.54 7.75 7.75 7.75 7.75 7.75 7.75 7.75 7.75 7.75 7.75 7.75 7.80 8.64 9.47 10.05 9.75 9.88 10.12 10.01 10.69 11.14 11.74 12.08 12.04 11.80 11.58 12.17 12.63 12.17 12.53 12.68 12.64 12.05 11.65 11.58 11.05 10.94 10.48 10.72 11.08 10.26 10.11 10.59 11.00 11.05 11.48 11.60 12.01 12.36 12.09
99999.90 99999.90 99999.90 99999.90 99999.90 99999.90 99999.90 99999.90 99999.90 99999.90 99999.90 99999.90 99999.90 99999.90 99999.90 99999.90 99999.90 99999.90 99999.90 99999.90 99999.90 99999.90 99999.90 99999.90 99999.90 99999.90 4.54 7.75 7.75 7.75 7.75 7.75 7.75 7.75 7.75 7.75 7.32 7.32 7.32 8.29 8.87 8.95 9.30 9.67 9.50 10.50 11.27 11.93 11.61 11.70 12.31 12.49 12.54 12.61 12.66 12.93 13.15 13.00 13.19 13.06 12.44 12.10 11.79 11.27 11.15 10.92 11.09 11.01 10.77 10.44 10.61 11.36 11.59 11.56 11.34 11.16 12.06
99999.90 99999.90 99999.90 99999.90 99999.90 99999.90 99999.90 99999.90 99999.90 99999.90 99999.90 99999.90 99999.90 99999.90 99999.90 99999.90 99999.90 99999.90 99999.90 99999.90 99999.90 99999.90 99999.90 99999.90 99999.90 99999.90 4.54 7.75 7.75 7.75 7.75 7.75 7.75 7.75 7.32 7.32 7.32 7.32 7.32 7.63 8.36 8.77 9.06 9.03 9.54 10.92 12.31 13.34 13.20 12.83 11.99 13.29 13.17 12.90 13.23 13.69 13.81 13.64 13.71 13.59 13.06 12.57 12.04 11.32 11.59 11.28 11.83 12.02 11.26 10.29 10.59 11.31 11.27 11.81 11.83 11.44 11.68
99999.90 99999.90 99999.90 99999.90 99999.90 99999.90 99999.90 99999.90 99999.90 99999.90 99999.90 99999.90 99999.90 99999.90 99999.90 99999.90 99999.90 99999.90 99999.90 99999.90 99999.90 99999.90 99999.90 99999.90 99999.90 99999.90 4.54 7.75 7.75 7.75 7.75 7.75 7.32 7.32 7.32 7.32 7.32 7.35 7.35 7.35 8.60 9.42 9.29 9.26 10.60 12.11 12.61 13.34 13.81 13.53 12.88 12.89 13.56 13.34 13.76 14.04 13.66 13.84 13.90 13.83 13.64 13.32 12.53 11.43 11.55 11.97 12.06 11.64 11.68 11.28 10.90 11.03 11.40 12.23 12.09 12.22 12.16
99999.90 99999.90 99999.90 99999.90 99999.90 99999.90 99999.90 99999.90 99999.90 99999.90 99999.90 99999.90 99999.90 99999.90 99999.90 99999.90 99999.90 99999.90 99999.90 99999.90 99999.90 99999.90 99999.90 99999.90 99999.90 99999.90 4.54 7.75 7.75 7.75 7.32 7.32 7.32 7.32 7.32 7.35 7.35 7.35 7.35 7.35 8.72 9.25 10.73 11.18 11.73 12.08 12.65 13.25 13.54 13.24 13.04 13.47 13.24 12.80 13.58 14.10 14.16 13.97 13.89 13.75 13.35 13.52 13.02 12.07 11.66 11.70 11.87 12.17 11.30 11.51 11.47 10.87 11.24 12.48 12.88 12.75 12.77
99999.90 99999.90 99999.90 99999.90 99999.90 99999.90 99999.90 99999.90 99999.90 99999.90 99999.90 99999.90 99999.90 99999.90 99999.90 99999.90 99999.90 99999.90 99999.90 99999.90 99999.90 99999.90 99999.90 99999.90 99999.90 99999.90 4.54 7.75 7.32 7.32 7.32 7.32 7.32 7.35 7.35 7.35 7.35 7.35 8.60 8.60 8.60 8.92 10.72 11.78 12.22 11.99 12.55 13.05 13.25 12.94 13.23 13.22 12.97 13.07 13.52 13.92 14.10 14.27 13.91 14.02 14.10 14.03 14.03 12.91 12.14 11.49 11.38 12.24 12.02 11.13 11.22 11.24 11.47 12.25 12.56 12.94 12.82
99999.90 99999.90 99999.90 99999.90 99999.90 99999.90 99999.90 99999.90 99999.90 99999.90 99999.90 99999.90 99999.90 99999.90 99999.90 99999.90 99999.90 99999.90 99999.90 99999.90 99999.90 99999.90 99999.90 99999.90 99999.90 99999.90 99999.90 7.75 7.32 7.32 7.32 7.35 7.35 7.35 7.35 7.35 8.60 8.60 8.60 8.60 8.60 9.05 10.07 11.54 11.88 11.80 12.24 12.45 13.05 13.30 12.35 12.09 12.78 13.66 13.85 14.04 14.27 14.66 14.47 14.36 14.43 14.16 13.92 13.11 12.13 11.73 12.33 11.54 11.10 11.70 11.40 11.57 11.17 11.63 12.39 12.41 12.61
99999.90 99999.90 99999.90 99999.90 99999.90 99999.90 99999.90 99999.90 99999.90 99999.90 99999.90 99999.90 99999.90 99999.90 99999.90 99999.90 99999.90 99999.90 99999.90 99999.90 99999.90 99999.90 99999.90 99999.90 99999.90 99999.90 99999.90 7.75 7.32 7.35 7.35 7.35 7.35 7.35 8.60 8.60 8.60 8.60 8.60 8.68 8.68 8.68 9.63 10.69 11.04 11.17 11.75 12.27 12.61 12.74 11.91 11.80 13.01 12.78 13.11 13.57 14.30 14.70 14.69 14.32 14.31 14.10 13.44 12.56 12.20 11.88 12.16 11.68 11.58 10.93 10.63 11.03 11.46 11.64 11.98 12.38 12.14
99999.90 99999.90 99999.90 99999.90 99999.90 99999.90 99999.90 99999.90 99999.90 99999.90 99999.90 99999.90 99999.90 99999.90 99999.90 99999.90 99999.90 99999.90 99999.90 99999.90 99999.90 99999.90 99999.90 99999.90 99999.90 99999.90 99999.90 7.75 7.32 7.35 7.35 7.35 8.60 8.60 8.60 8.60 8.60 8.68 8.68 8.68 8.68 8.68 9.37 10.21 10.11 10.37 11.25 11.95 12.81 13.24 12.87 12.22 11.56 11.75 12.43 12.72 13.76 13.71 14.28 14.60 14.09 13.85 13.67 13.28 12.47 11.86 12.10 12.40 12.83 12.67 10.46 10.88 10.81 11.35 11.99 11.97 12.15
99999.90 99999.90 99999.90 99999.90 99999.90 99999.90 99999.90 99999.90 99999.90 99999.90 99999.90 99999.90 99999.90 99999.90 99999.90 99999.90 99999.90 99999.90 99999.90 99999.90 99999.90 99999.90 99999.90 99999.90 99999.90 99999.90 99999.90 7.75 7.32 7.35 8.60 8.60 8.60 8.60 8.60 8.68 8.68 8.68 8.68 8.68 9.20 9.20 9.20 10.22 10.56 10.56 10.72 11.24 12.03 12.58 12.18 10.97 10.98 11.10 11.12 11.52 12.93 13.74 13.56 12.95 13.76 14.03 14.40 13.84 13.33 12.29 12.65 12.13 12.64 12.89 11.71 10.10 9.46 9.06 9.86 11.00 11.32
99999.90 99999.90 99999.90 99999.90 99999.90 99999.90 99999.90 99999.90 99999.90 99999.90 99999.90 99999.90 99999.90 99999.90 99999.90 99999.90 99999.90 99999.90 99999.90 99999.90 99999.90 99999.90 99999.90 99999.90 99999.90 99999.90 99999.90 99999.90 7.32 7.35 8.60 8.60 8.60 8.68 8.68 8.68 8.68 8.68 9.20 9.20 9.20 9.20 9.20 10.44 10.90 10.95 11.01 11.09 11.27 11.28 10.80 10.39 10.30 10.67 11.05 11.08 12.12 13.12 13.09 13.87 13.46 13.87 14.49 14.33 13.81 13.98 12.90 12.81 12.25 12.14 12.44 11.56 11.06 9.79 8.66 9.18 9.72
99999.90 99999.90 99999.90 99999.90 99999.90 99999.90 99999.90 99999.90 99999.90 99999.90 99999.90 99999.90 99999.90 99999.90 99999.90 99999.90 99999.90 99999.90 99999.90 99999.90 99999.90 99999.90 99999.90 99999.90 99999.90 99999.90 99999.90 99999.90 7.32 7.35 8.60 8.68 8.68 8.68 8.68 8.68 9.20 9.20 9.20 9.20 9.20 9.20 10.44 10.44 10.11 10.58 10.96 11.13 11.31 10.90 10.55 10.42 10.11 10.25 10.84 10.90 11.46 12.20 12.77 13.34 13.37 13.68 14.13 14.11 14.12 14.24 13.64 13.18 13.47 13.22 13.27 13.38 13.15 11.84 7.91 7.41 8.97
99999.90 99999.90 99999.90 99999.90 99999.90 99999.90 99999.90 99999.90 99999.90 99999.90 99999.90 99999.90 99999.90 99999.90 99999.90 99999.90 99999.90 99999.90 99999.90 99999.90 99999.90 99999.90 99999.90 99999.90 99999.90 99999.90 99999.90 99999.90 99999.90 7.35 8.60 8.68 8.68 8.68 9.20 9.20 9.20 9.20 9.20 9.20 9.20 10.44 10.44 10.11 10.11 9.65 10.62 10.75 10.86 11.01 10.42 10.80 10.95 11.10 11.30 11.79 11.86 12.46 13.06 13.05 12.67 13.44 14.26 13.68 13.83 14.54 14.36 13.52 13.74 14.44 13.82 13.86 13.66 13.20 12.09 10.59 9.62
99999.90 99999.90 99999.90 99999.90 99999.90 99999.90 99999.90 99999.90 99999.90 99999.90 99999.90 99999.90 99999.90 99999.90 99999.90 99999.90 99999.90 99999.90 99999.90 99999.90 99999.90 99999.90 99999.90 99999.90 99999.90 99999.90 99999.90 99999.90 99999.90 7.35 8.60 8.68 9.20 9.20 9.20 9.20 9.20 9.20 9.20 9.20 10.44 10.44 10.11 10.11 9.65 9.65 10.02 10.88 10.66 10.95 11.13 11.43 11.58 12.30 12.24 12.55 12.73 12.59 12.32 11.66 10.72 11.60 13.48 14.31 14.76 14.80 14.97 14.10 13.12 14.33 14.02 14.19 13.62 13.78 13.75 12.92 10.73
99999.90 99999.90 99999.90 99999.90 99999.90 99999.90 99999.90 99999.90 99999.90 99999.90 99999.90 99999.90 99999.90 99999.90 99999.90 99999.90 99999.90 99999.90 99999.90 99999.90 99999.90 99999.90 99999.90 99999.90 99999.90 99999.90 99999.90 99999.90 99999.90 99999.90 8.60 8.68 9.20 9.20 9.20 9.20 9.20 9.20 9.20 10.44 10.44 10.11 10.11 9.65 9.65 10.02 10.02 10.13 10.59 11.30 11.16 11.35 11.91 12.71 12.36 12.23 11.39 11.38 11.53 11.05 10.77 11.43 13.66 14.47 15.13 15.10 15.23 14.40 12.98 14.27 14.32 14.28 14.36 13.47 13.75 13.69 13.71
99999.90 99999.90 99999.90 99999.90 99999.90 99999.90 99999.90 99999.90 99999.90 99999.90 99999.90 99999.90 99999.90 99999.90 99999.90 99999.90 99999.90 99999.90 99999.90 99999.90 99999.90 99999.90 99999.90 99999.90 99999.90 99999.90 99999.90 99999.90 99999.90 99999.90 8.60 8.68 9.20 9.20 9.20 9.20 9.20 9.20 10.44 10.44 10.11 10.11 9.65 9.65 10.02 10.02 10.13 10.13 9.77 9.98 10.41 10.75 11.74 11.56 11.09 10.52 11.20 12.73 12.63 12.43 13.25 13.55 14.25 14.75 15.04 15.10 15.25 14.84 14.19 13.75 14.45 14.07 14.20 13.86 12.48 13.74 13.83
99999.90 99999.90 99999.90 99999.90 99999.90 99999.90 99999.90 99999.90 99999.90 99999.90 99999.90 99999.90 99999.90 99999.90 99999.90 99999.90 99999.90 99999.90 99999.90 99999.90 99999.90 99999.90 99999.90 99999.90 99999.90 99999.90 99999.90 99999.90 99999.90 99999.90 99999.90 8.68 9.20 9.20 9.20 9.20 9.20 10.44 10.44 10.11 10.11 9.65 9.65 10.02 10.02 10.13 10.13 9.77 9.77 9.40 10.73 11.33 11.17 10.38 10.26 10.68 12.06 12.72 12.98 13.80 14.39 14.34 14.43 14.96 14.67 14.99 15.25 14.84 14.23 13.65 14.20 13.89 13.36 13.92 13.47 13.73 13.43
99999.90 99999.90 99999.90 99999.90 99999.90 99999.90 99999.90 99999.90 99999.90 99999.90 99999.90 99999.90 99999.90 99999.90 99999.90 99999.90 99999.90 99999.90 99999.90 99999.90 99999.90 99999.90 99999.90 99999.90 99999.90 99999.90 99999.90 99999.90 99999.90 99999.90 99999.90 8.68 9.20 9.20 9.20 9.20 10.44 10.44 10.11 10.11 9.65 9.65 10.02 10.02 10.13 10.13 9.77 9.42 9.42 9.42 10.05 10.47 10.73 10.18 10.68 11.58 11.12 11.15 11.56 11.79 12.76 13.56 14.53 14.83 15.05 15.11 14.74 14.74 14.44 14.48 14.19 13.64 13.52 13.44 14.24 14.29 13.61
99999.90 99999.90 99999.90 99999.90 99999.90 99999.90 99999.90 99999.90 99999.90 99999.90 99999.90 99999.90 99999.90 99999.90 99999.90 99999.90 99999.90 99999.90 99999.90 99999.90 99999.90 99999.90 99999.90 99999.90 99999.90 99999.90 99999.90 99999.90 99999.90 99999.90 99999.90 99999.90 9.20 9.20 9.20 10.44 10.44 10.11 10.11 9.65 9.65 10.02 9.56 9.56 9.56 9.56 9.56 9.56 9.56 9.42 8.79 9.23 9.87 10.24 10.79 11.21 10.83 10.31 11.02 12.36 13.23 14.25 14.78 15.11 14.99 14.64 14.26 14.16 14.44 14.22 14.10 13.70 13.66 13.88 13.44 13.71 13.34
99999.90 99999.90 99999.90 99999.90 99999.90 99999.90 99999.90 99999.90 99999.90 99999.90 99999.90 99999.90 99999.90 99999.90 99999.90 99999.90 99999.90 99999.90 99999.90 99999.90 99999.90 99999.90 99999.90 99999.90 99999.90 99999.90 99999.90 99999.90 99999.90 99999.90 99999.90 99999.90 9.20 9.20 10.44 10.44 10.11 10.11 9.65 9.56 9.56 9.56 9.56 9.56 9.56 9.56 9.56 9.56 9.56 9.56 8.79 9.10 8.98 10.53 10.99 11.39 11.40 11.44 12.71 13.93 14.02 13.93 14.40 14.26 15.00 14.67 14.12 14.11 14.44 14.27 14.11 13.77 12.95 13.29 13.55 13.76 13.18
99999.90 99999.90 99999.90 99999.90 99999.90 99999.90 99999.90 99999.90 99999.90 99999.90 99999.90 99999.90 99999.90 99999.90 99999.90 99999.90 99999.90 99999.90 99999.90 99999.90 99999.90 99999.90 99999.90 99999.90 99999.90 99999.90 99999.90 99999.90 99999.90 99999.90 99999.90 99999.90 99999.90 10.44 10.44 10.11 10.11 9.65 9.56 9.56 9.56 9.56 9.56 9.56 9.56 9.56 9.56 9.56 9.56 9.56 9.18 9.18 9.70 10.65 11.00 12.04 11.82 12.11 12.76 13.34 12.51 12.40 13.54 14.30 14.68 14.95 14.71 14.11 13.40 13.40 14.15 13.79 13.04 12.68 13.24 13.44 13.35
99999.90 99999.90 99999.90 99999.90 99999.90 99999.90 99999.90 99999.90 99999.90 99999.90 99999.90 99999.90 99999.90 99999.90 99999.90 99999.90 99999.90 99999.90 99999.90 99999.90 99999.90 99999.90 99999.90 99999.90 99999.90 99999.90 99999.90 99999.90 99999.90 99999.90 99999.90 99999.90 99999.90 99999.90 10.11 10.11 9.65 9.65 10.22 10.22 10.22 10.22 10.22 10.22 10.22 10.22 10.22 10.22 10.22 10.22 9.18 9.18 9.80 10.95 12.40 12.55 11.82 11.85 11.95 11.33 11.35 11.78 13.52 13.66 14.07 13.23 14.65 13.95 14.19 14.24 14.19 13.37 13.74 13.00 13.02 13.61 13.76
