main/data/irradiance/07.09.2023.grid
ncols 839
nrows 679
xllcenter 112.0500
yllcenter -43.9500
cellsize 0.0500
nodata_value 99999.90
[rows 204 to 237 of 679, columns 231 to 307 of 839]
23.38 23.32 23.29 23.35 23.37 23.39 23.38 23.35 23.26 23.12 23.21 23.23 23.23 23.20 23.17 23.07 23.38 23.20 23.13 23.25 23.32 23.35 23.38 23.21 23.15 23.05 22.96 23.06 22.99 22.93 22.91 22.93 23.04 23.05 23.03 23.03 22.94 22.90 22.91 22.90 22.92 22.83 22.88 22.92 22.92 22.91 22.93 22.92 22.97 22.94 22.91 22.98 22.94 22.97 22.91 22.94 22.99 23.26 23.27 23.29 23.26 23.27 23.23 23.04 23.02 22.99 23.06 23.06 23.00 23.01 23.00 23.00 22.99 22.98 22.90 22.76 22.89
23.32 23.33 23.28 23.34 23.33 23.36 23.30 23.25 23.21 23.08 23.21 23.29 23.31 23.22 23.15 23.26 23.36 23.30 23.21 23.18 23.27 23.31 23.28 23.16 23.07 23.06 23.09 23.08 23.07 23.05 23.01 22.95 22.90 22.95 22.97 22.95 23.03 22.93 22.90 22.88 22.87 22.82 22.89 22.92 22.88 22.89 22.90 22.86 22.86 22.86 22.89 22.95 22.92 22.90 22.85 22.86 22.93 23.10 23.25 23.26 23.08 23.25 23.24 23.18 23.16 23.00 23.01 23.00 22.98 22.99 23.02 23.00 23.02 23.09 23.00 22.75 22.67
23.26 23.27 23.30 23.27 23.28 23.29 23.29 23.33 23.24 23.15 23.09 23.11 23.21 23.15 23.20 23.36 23.36 23.32 23.21 23.17 23.08 23.10 23.13 23.17 23.17 23.03 23.08 23.02 23.04 22.89 22.97 22.96 22.97 22.94 22.96 22.95 22.93 22.88 22.85 22.79 22.84 22.82 22.83 22.86 22.79 22.79 22.80 22.79 22.85 22.82 22.87 22.94 22.86 22.86 22.87 22.90 22.98 23.02 23.15 23.26 23.26 23.25 23.25 23.24 23.24 23.10 23.24 23.25 23.13 22.95 23.00 23.01 23.09 23.09 23.04 23.03 22.98
23.23 23.29 23.29 23.25 23.30 23.33 23.28 23.28 23.22 23.14 23.07 23.09 23.21 23.06 23.27 23.28 23.28 23.30 23.24 23.21 23.15 23.14 23.14 23.13 23.16 23.12 23.11 23.10 23.09 22.99 22.94 23.09 23.04 23.02 22.95 22.83 22.91 22.86 22.87 22.89 22.92 22.94 22.96 22.94 22.94 22.88 22.82 22.93 22.90 22.86 22.86 22.90 22.86 22.84 22.83 22.84 22.84 22.88 22.91 23.13 23.24 23.24 23.23 23.23 23.23 23.18 23.22 23.23 23.23 23.01 23.04 23.05 23.15 23.12 23.11 23.14 23.13
23.18 23.10 23.14 23.08 23.07 23.16 23.27 23.23 23.18 23.23 23.23 23.16 23.23 23.05 23.12 22.99 22.99 23.11 23.10 23.09 23.11 23.15 23.10 23.10 23.08 23.09 23.08 23.09 23.09 23.03 22.94 22.96 23.05 22.96 22.94 22.87 22.88 22.83 22.86 22.83 22.98 22.91 22.91 22.82 22.84 22.81 22.81 22.74 22.75 22.83 22.78 22.80 22.89 22.85 22.89 22.87 22.83 22.88 22.86 23.02 23.23 23.22 23.21 23.21 23.20 23.22 23.18 23.02 22.87 22.94 22.96 23.00 23.10 22.96 23.06 23.14 23.14
23.17 23.24 23.06 23.10 22.97 23.13 23.18 23.11 23.25 23.30 23.36 23.29 23.31 23.29 23.30 23.23 23.21 23.22 23.20 23.17 23.18 23.05 23.01 22.97 22.97 22.96 22.97 22.96 23.00 23.09 23.06 22.92 22.87 22.99 22.94 22.86 22.87 22.85 22.81 22.83 22.87 22.87 22.81 22.72 22.67 22.76 22.83 22.77 22.70 22.75 22.82 22.80 22.82 22.84 22.84 22.83 22.85 22.81 22.83 22.93 22.91 22.95 23.16 23.20 23.11 22.99 23.04 22.93 22.90 22.98 23.00 22.84 22.96 23.03 23.00 22.97 23.06
23.08 23.15 23.21 23.09 23.07 23.19 23.11 23.14 23.31 23.32 23.34 23.32 23.28 23.19 23.28 23.25 23.20 23.21 23.16 23.26 23.25 23.22 23.14 22.99 22.86 22.86 22.82 22.93 22.99 23.05 23.06 23.21 23.12 23.01 22.94 22.87 22.86 22.86 22.83 22.85 22.86 22.88 22.80 22.85 22.94 22.75 22.79 22.84 22.81 22.71 22.81 22.79 22.81 22.85 22.81 22.87 22.91 22.73 22.76 22.83 22.83 22.87 22.89 22.93 22.95 23.05 23.07 22.96 22.95 22.97 23.01 23.05 22.94 22.87 22.83 22.84 22.97
22.88 22.97 23.07 23.11 23.16 23.24 23.18 23.27 23.32 23.34 23.33 23.31 23.23 23.14 23.11 23.05 23.20 23.24 23.15 23.15 23.20 23.06 23.06 23.12 23.08 23.05 23.03 22.95 23.01 23.06 23.09 23.17 23.18 23.14 23.10 23.04 22.92 22.85 22.84 22.84 22.87 22.88 22.88 22.95 22.88 22.82 22.78 22.86 22.82 22.75 22.70 22.71 22.76 22.83 22.84 22.85 22.87 22.82 22.75 22.80 22.78 22.80 22.90 22.89 22.91 22.95 22.91 22.87 22.93 22.96 22.97 22.99 22.93 22.93 22.95 22.99 22.92
22.81 22.87 22.86 22.92 22.99 23.07 23.14 23.24 23.27 23.26 23.31 23.31 23.30 23.12 23.03 23.02 23.19 23.19 23.21 23.13 23.17 23.12 22.89 22.92 23.00 23.06 23.07 23.03 23.01 22.99 23.05 23.06 23.10 22.99 22.92 22.95 22.91 22.90 22.82 22.81 22.84 22.86 22.84 22.88 22.89 22.84 22.81 22.87 22.85 22.76 22.71 22.72 22.76 22.76 22.76 22.79 22.82 22.76 22.76 22.78 22.83 22.85 22.89 22.84 22.86 22.86 22.85 22.89 22.92 22.90 22.94 22.92 22.92 22.86 22.94 22.95 22.91
22.81 22.83 22.86 22.95 22.97 22.98 23.04 23.09 23.20 23.20 23.21 23.21 23.19 23.06 22.97 23.12 23.24 23.23 23.18 23.03 23.12 23.09 22.93 22.93 22.94 22.87 22.95 23.01 23.01 22.95 22.87 22.99 23.02 23.04 22.98 22.84 22.81 22.77 22.85 22.78 22.80 22.80 22.81 22.87 22.86 22.86 22.80 22.80 22.80 22.73 22.75 22.77 22.69 22.63 22.77 22.80 22.79 22.76 22.71 22.74 22.78 22.80 22.78 22.79 22.84 22.83 22.74 22.79 22.87 22.91 22.93 22.93 22.98 22.94 22.95 22.94 22.90
22.84 22.87 22.85 22.89 23.03 22.91 23.01 23.12 23.04 23.18 23.12 22.80 23.15 23.13 22.99 23.00 23.18 23.18 23.10 23.08 23.02 22.92 22.90 22.88 22.88 22.94 23.01 23.01 23.04 23.06 23.00 22.77 22.94 23.03 23.01 22.94 22.89 22.85 22.87 22.86 22.87 22.85 22.88 22.91 22.89 22.90 22.82 22.78 22.75 22.76 22.74 22.71 22.70 22.71 22.74 22.76 22.77 22.78 22.81 22.79 22.77 22.78 22.78 22.82 22.84 22.84 22.80 22.84 22.86 22.81 22.82 22.86 22.83 22.87 22.86 22.87 22.91
22.87 22.89 22.89 22.93 22.97 23.07 23.12 23.15 23.03 23.11 23.17 22.76 22.79 23.13 23.05 22.93 23.06 23.06 23.00 23.14 23.06 22.94 22.89 22.87 22.89 22.84 22.94 22.89 22.98 22.99 23.01 22.98 22.91 22.97 23.02 22.93 22.86 22.83 22.85 22.85 22.86 22.89 22.88 22.89 22.88 22.82 22.78 22.72 22.69 22.73 22.75 22.82 22.76 22.73 22.74 22.75 22.77 22.76 22.77 22.76 22.77 22.76 22.80 22.82 22.87 22.79 22.76 22.83 22.84 22.84 22.78 22.81 22.81 22.73 22.76 22.80 22.87
22.81 22.80 22.80 22.85 22.98 23.12 23.14 23.17 23.15 23.02 23.12 23.09 22.91 22.98 23.06 22.89 22.87 22.89 23.01 23.10 23.06 23.06 23.04 22.97 22.87 22.84 22.96 22.88 22.80 22.87 22.96 23.03 22.95 22.96 22.94 22.88 22.78 22.76 22.76 22.79 22.81 22.85 22.88 22.89 22.88 22.87 22.83 22.71 22.66 22.71 22.81 22.79 22.78 22.71 22.79 22.83 22.75 22.75 22.76 22.75 22.77 22.72 22.82 22.81 22.82 22.78 22.80 22.78 22.75 22.75 22.77 22.79 22.78 22.74 22.73 22.82 22.87
22.74 22.76 22.79 22.80 22.84 22.98 23.04 23.12 23.07 23.06 23.03 23.10 23.11 23.01 22.82 22.91 22.87 22.84 22.93 22.99 22.96 22.96 23.01 23.04 22.90 22.89 22.84 22.79 22.76 22.86 22.86 22.90 22.98 22.99 22.95 22.88 22.84 22.82 22.84 22.82 22.81 22.82 22.84 22.88 22.88 22.80 22.70 22.69 22.67 22.71 22.77 22.79 22.79 22.75 22.71 22.78 22.76 22.71 22.78 22.75 22.77 22.82 22.79 22.79 22.77 22.77 22.61 22.63 22.64 22.75 22.84 22.80 22.64 22.84 22.79 22.85 22.89
22.81 22.81 22.80 22.80 22.74 22.69 23.06 23.07 23.07 23.08 23.06 23.09 23.02 22.96 22.98 22.96 22.94 22.91 22.89 22.85 22.96 22.97 22.96 22.85 22.94 22.79 22.81 22.87 22.86 22.87 22.76 22.88 22.93 22.88 22.93 22.86 22.83 22.80 22.79 22.79 22.82 22.81 22.78 22.85 22.76 22.74 22.76 22.78 22.81 22.78 22.78 22.76 22.78 22.79 22.71 22.78 22.75 22.67 22.66 22.67 22.71 22.74 22.77 22.78 22.79 22.76 22.76 22.81 22.81 22.75 22.83 22.81 22.61 22.83 22.83 22.85 22.85
22.84 22.82 22.83 22.85 22.86 22.77 22.97 22.95 22.92 22.96 23.10 23.09 22.90 22.96 23.00 23.03 22.94 22.92 22.92 22.95 22.96 22.83 22.89 22.89 22.73 22.87 22.79 22.78 22.80 22.83 22.77 22.74 22.78 22.82 22.83 22.77 22.82 22.80 22.77 22.80 22.82 22.81 22.75 22.84 22.83 22.81 22.79 22.81 22.83 22.85 22.82 22.77 22.78 22.77 22.80 22.77 22.80 22.80 22.76 22.72 22.68 22.68 22.75 22.73 22.75 22.59 22.63 22.69 22.81 22.81 22.77 22.84 22.79 22.85 22.82 22.85 22.81
22.79 22.78 22.80 22.78 22.81 22.70 22.77 22.74 22.79 22.78 22.86 22.91 23.02 22.85 22.86 22.93 22.84 22.79 22.77 22.83 22.88 22.85 22.85 22.86 22.80 22.82 22.82 22.80 22.80 22.79 22.76 22.73 22.76 22.79 22.85 22.78 22.80 22.84 22.88 22.85 22.84 22.83 22.83 22.85 22.83 22.81 22.79 22.78 22.77 22.83 22.86 22.85 22.78 22.78 22.82 22.79 22.77 22.83 22.82 22.77 22.75 22.72 22.74 22.71 22.74 22.75 22.69 22.77 22.80 22.78 22.79 22.85 22.84 22.81 22.80 22.81 22.80
22.71 22.73 22.75 22.77 22.81 22.78 22.90 22.90 22.83 22.79 22.82 22.85 22.87 22.96 22.99 22.97 22.80 22.70 22.75 22.83 22.85 22.87 22.86 22.84 22.82 22.77 22.78 22.75 22.75 22.81 22.78 22.77 22.80 22.83 22.82 22.76 22.78 22.85 22.81 22.79 22.77 22.77 22.82 22.80 22.78 22.77 22.80 22.80 22.79 22.85 22.85 22.84 22.85 22.84 22.83 22.84 22.81 22.78 22.81 22.77 22.75 22.70 22.70 22.71 22.71 22.70 22.67 22.70 22.70 22.74 22.79 22.66 22.65 22.76 22.82 22.71 22.75
22.75 22.71 22.75 22.72 22.73 22.71 22.82 22.80 22.72 22.71 22.70 22.72 22.76 22.80 22.86 22.97 22.85 22.58 22.58 22.80 22.81 22.83 22.85 22.83 22.82 22.80 22.80 22.78 22.75 22.77 22.76 22.77 22.80 22.81 22.77 22.79 22.78 22.81 22.83 22.79 22.79 22.78 22.81 22.79 22.77 22.79 22.80 22.82 22.84 22.86 22.87 22.86 22.86 22.85 22.82 22.79 22.77 22.73 22.77 22.75 22.74 22.75 22.75 22.67 22.66 22.68 22.71 22.71 22.70 22.68 22.67 22.71 22.70 22.78 22.78 22.76 22.71
22.70 22.69 22.70 22.69 22.68 22.69 22.69 22.70 22.71 22.73 22.72 22.70 22.70 22.69 22.70 22.81 22.93 22.80 22.58 21.71 22.81 22.83 22.81 22.78 22.76 22.80 22.84 22.80 22.76 22.77 22.79 22.78 22.77 22.77 22.76 22.78 22.81 22.82 22.80 22.79 22.82 22.83 22.76 22.78 22.82 22.84 22.83 22.78 22.77 22.85 22.89 22.85 22.80 22.73 22.77 22.73 22.73 22.74 22.70 22.74 22.74 22.68 22.73 22.67 22.68 22.70 22.69 22.66 22.66 22.69 22.65 22.73 22.78 22.81 22.69 22.70 22.59
22.64 22.63 22.65 22.66 22.63 22.66 22.65 22.67 22.70 22.70 22.68 22.69 22.69 22.68 22.69 22.69 22.71 22.74 22.72 22.13 21.96 22.86 22.74 22.75 22.75 22.76 22.76 22.77 22.74 22.76 22.78 22.78 22.78 22.79 22.78 22.78 22.79 22.78 22.78 22.77 22.75 22.78 22.79 22.82 22.81 22.79 22.77 22.72 22.78 22.84 22.85 22.85 22.77 22.73 22.74 22.75 22.74 22.76 22.75 22.73 22.71 22.72 22.71 22.70 22.68 22.69 22.71 22.69 22.65 22.65 22.69 22.80 22.81 22.78 22.75 22.71 22.49
22.65 22.64 22.65 22.66 22.64 22.64 22.63 22.63 22.78 22.80 22.77 22.69 22.70 22.71 22.69 22.67 22.69 22.69 22.72 22.61 22.15 22.78 22.72 22.54 21.34 22.63 22.69 22.72 22.72 22.71 22.74 22.74 22.75 22.77 22.74 22.75 22.75 22.73 22.72 22.76 22.74 22.72 22.77 22.83 22.81 22.75 22.56 22.83 22.80 22.80 22.77 22.72 22.76 22.74 22.75 22.69 22.69 22.72 22.74 22.70 22.70 22.73 22.67 22.68 22.70 22.58 22.66 22.67 22.63 22.65 22.68 22.69 22.74 22.76 22.73 22.72 22.71
22.65 22.65 22.68 22.66 22.62 22.65 22.63 22.66 22.73 22.82 22.90 22.88 22.87 22.77 22.72 22.70 22.69 22.64 22.63 22.68 22.69 20.98 21.03 19.30 19.15 20.89 22.34 21.19 21.48 22.07 22.69 22.69 22.69 22.73 22.72 22.73 22.72 22.66 22.72 22.73 22.73 22.74 22.74 22.81 22.79 22.72 22.78 22.84 22.83 22.74 22.66 22.71 22.73 22.68 22.73 22.66 22.63 22.68 22.69 22.65 22.62 22.68 22.71 22.70 22.67 22.62 22.65 22.63 22.65 22.69 22.68 22.66 22.68 22.70 22.71 22.69 22.73
22.66 22.66 22.68 22.65 22.63 22.62 22.61 22.65 22.65 22.61 22.59 22.67 22.78 22.69 22.68 22.64 22.65 22.68 22.69 22.48 20.81 18.64 21.20 22.32 22.64 22.61 22.41 21.13 21.13 21.89 22.04 20.57 21.77 22.64 22.65 22.68 22.66 22.68 22.70 22.68 22.67 22.68 22.66 22.71 22.74 22.73 22.76 22.77 22.75 22.74 22.72 22.77 22.71 22.70 22.71 22.65 22.68 22.73 22.75 22.70 22.67 22.73 22.74 22.67 22.63 22.58 22.63 22.61 22.63 22.65 22.73 22.71 22.70 22.71 22.71 22.70 22.72
22.65 22.65 22.65 22.64 22.61 22.60 22.61 22.63 22.64 22.60 22.58 22.60 22.62 22.66 22.63 22.56 22.47 21.85 21.05 20.58 22.05 22.59 22.71 22.70 22.73 22.72 22.70 22.64 22.46 21.13 22.27 22.57 22.26 20.12 20.71 22.33 22.68 22.66 22.68 22.70 22.70 22.67 22.68 22.74 22.73 22.71 22.68 22.70 22.70 22.69 22.69 22.66 22.70 22.64 22.68 22.69 22.69 22.74 22.77 22.72 22.70 22.72 22.74 22.69 22.63 22.61 22.61 22.59 22.62 22.63 22.69 22.72 22.71 22.68 22.68 22.71 22.70
22.65 22.65 22.67 22.61 22.60 22.63 22.63 22.58 22.59 22.58 22.61 22.69 22.65 22.64 22.23 20.76 21.06 22.43 22.82 22.71 22.70 22.70 22.70 22.64 22.62 22.64 22.65 22.62 22.64 22.64 22.61 22.62 22.61 22.28 20.84 21.18 22.59 22.59 22.74 22.68 22.66 22.66 22.63 22.69 22.70 22.65 22.67 22.67 22.65 22.70 22.63 22.58 22.63 22.63 22.64 22.70 22.73 22.72 22.72 22.72 22.66 22.68 22.68 22.69 22.66 22.61 22.64 22.62 22.64 22.61 22.63 22.68 22.69 22.66 22.62 22.65 22.66
22.64 22.62 22.61 22.56 22.59 22.57 22.52 22.53 22.56 22.60 22.62 22.63 22.60 22.57 22.70 22.75 22.79 22.87 22.83 22.69 22.70 22.74 22.69 22.62 22.60 22.65 22.64 22.64 22.64 22.65 22.65 22.65 22.64 22.62 22.59 22.50 22.37 22.48 22.79 22.71 22.68 22.66 22.65 22.68 22.71 22.66 22.70 22.72 22.67 22.65 22.61 22.59 22.57 22.59 22.62 22.63 22.64 22.64 22.64 22.66 22.69 22.66 22.65 22.65 22.65 22.61 22.67 22.68 22.60 22.64 22.64 22.64 22.69 22.64 22.64 22.65 22.66
22.59 22.61 22.59 22.47 22.54 22.57 22.53 22.50 22.46 22.58 22.58 22.55 22.63 22.64 22.70 22.64 22.63 22.64 22.64 22.61 22.61 22.64 22.66 22.60 22.60 22.63 22.61 22.67 22.63 22.65 22.65 22.63 22.64 22.67 22.62 22.63 22.58 22.53 22.56 22.61 22.61 22.61 22.62 22.65 22.64 22.66 22.72 22.72 22.64 22.61 22.58 22.55 22.56 22.56 22.59 22.65 22.67 22.64 22.63 22.63 22.63 22.62 22.58 22.57 22.62 22.62 22.61 22.60 22.59 22.62 22.61 22.59 22.60 22.60 22.59 22.63 22.68
22.64 22.60 22.57 22.45 22.55 22.60 22.56 22.59 22.57 22.50 22.49 22.56 22.63 22.63 22.59 22.60 22.60 22.59 22.63 22.64 22.65 22.63 22.59 22.60 22.59 22.60 22.59 22.64 22.73 22.70 22.71 22.67 22.67 22.64 22.55 22.58 22.56 22.55 22.49 22.20 22.47 22.56 22.60 22.61 22.60 22.64 22.70 22.69 22.63 22.62 22.59 22.59 22.57 22.57 22.62 22.61 22.62 22.69 22.70 22.63 22.59 22.55 22.56 22.58 22.56 22.56 22.62 22.63 22.64 22.61 22.65 22.58 22.55 22.58 22.60 22.61 22.64
22.59 22.55 22.47 22.55 22.60 22.64 22.61 22.62 22.59 22.58 22.55 22.55 22.56 22.56 22.54 22.56 22.58 22.56 22.60 22.65 22.66 22.60 22.61 22.58 22.58 22.60 22.66 22.70 22.72 22.86 22.82 22.77 22.78 22.70 22.64 22.59 22.55 22.60 22.62 22.56 22.35 22.15 22.51 22.33 22.62 22.65 22.65 22.64 22.64 22.61 22.58 22.58 22.60 22.58 22.60 22.62 22.62 22.65 22.69 22.67 22.60 22.59 22.61 22.59 22.57 22.60 22.61 22.62 22.66 22.59 22.61 22.56 22.61 22.59 22.58 22.59 22.59
22.49 22.49 22.39 22.60 22.67 22.65 22.68 22.62 22.58 22.52 22.52 22.51 22.52 22.55 22.57 22.58 22.60 22.55 22.59 22.59 22.58 22.61 22.60 22.64 22.58 22.58 22.64 22.63 22.71 22.69 22.77 22.76 22.69 22.59 22.61 22.57 22.51 22.58 22.60 22.58 22.57 22.51 22.45 22.39 22.58 22.61 22.62 22.63 22.63 22.60 22.58 22.55 22.60 22.60 22.60 22.58 22.61 22.64 22.65 22.66 22.63 22.63 22.61 22.61 22.60 22.62 22.62 22.62 22.60 22.58 22.56 22.59 22.57 22.51 22.51 22.59 22.61
22.53 22.49 22.46 22.51 22.53 22.57 22.53 22.53 22.52 22.54 22.52 22.52 22.51 22.52 22.56 22.56 22.60 22.62 22.60 22.57 22.52 22.54 22.59 22.54 22.58 22.57 22.57 22.64 22.75 22.71 22.64 22.63 22.63 22.43 22.51 22.59 22.54 22.48 22.55 22.54 22.57 22.57 22.54 22.50 22.37 22.51 22.58 22.62 22.60 22.59 22.56 22.55 22.56 22.56 22.60 22.57 22.57 22.56 22.61 22.62 22.62 22.58 22.61 22.62 22.60 22.62 22.67 22.65 22.58 22.55 22.52 22.49 22.48 22.50 22.50 22.47 22.57
22.50 22.49 22.43 22.42 22.50 22.55 22.55 22.52 22.53 22.49 22.51 22.52 22.50 22.52 22.54 22.54 22.58 22.61 22.55 22.54 22.52 22.50 22.57 22.57 22.57 22.57 22.59 22.73 22.74 22.62 22.61 22.60 22.48 22.52 22.59 22.55 22.52 22.56 22.56 22.56 22.58 22.59 22.61 22.58 22.52 22.49 22.44 22.52 22.58 22.59 22.61 22.58 22.56 22.54 22.50 22.52 22.60 22.60 22.58 22.58 22.59 22.60 22.61 22.60 22.58 22.61 22.59 22.57 22.57 22.55 22.52 22.49 22.48 22.51 22.56 22.52 22.48
22.49 22.43 22.44 22.35 22.42 22.41 22.49 22.50 22.48 22.47 22.51 22.51 22.48 22.49 22.51 22.48 22.51 22.52 22.49 22.50 22.49 22.51 22.51 22.56 22.57 22.53 22.53 22.56 22.59 22.57 22.57 22.63 22.54 22.56 22.57 22.48 22.48 22.46 22.56 22.59 22.59 22.59 22.56 22.58 22.61 22.56 22.51 22.33 22.38 22.38 22.49 22.58 22.57 22.51 22.50 22.52 22.57 22.55 22.55 22.53 22.56 22.57 22.56 22.56 22.55 22.58 22.59 22.59 22.59 22.54 22.50 22.48 22.53 22.58 22.50 22.48 22.52
