main/data/irradiance/07.10.2023.grid
ncols 839
nrows 679
xllcenter 112.0500
yllcenter -43.9500
cellsize 0.0500
nodata_value 99999.90
[rows 442 to 475 of 679, columns 616 to 692 of 839]
23.48 23.52 23.45 23.35 23.43 23.61 23.54 23.69 23.58 23.78 23.77 23.79 23.81 23.69 23.73 23.72 23.77 23.85 23.76 23.60 23.89 23.92 23.84 23.72 23.58 23.57 23.62 23.67 23.85 24.01 24.13 24.10 24.06 24.06 23.99 24.02 24.04 24.14 24.18 24.15 24.16 24.10 24.06 24.05 23.63 23.96 24.10 24.14 24.10 23.80 23.76 23.96 23.98 23.99 23.89 23.83 23.99 23.84 23.86 23.97 23.91 23.80 23.82 23.68 23.54 23.27 23.04 23.17 23.08 23.28 23.25 23.12 23.16 23.35 23.29 23.40 23.30
23.46 23.31 23.53 23.76 23.62 23.51 23.63 23.52 23.54 23.57 23.54 23.77 23.82 23.80 23.82 23.63 23.73 24.00 23.84 23.79 23.79 23.98 23.97 23.83 23.64 23.66 23.59 23.68 23.64 23.83 23.88 23.89 24.08 24.02 24.12 24.15 24.17 24.17 24.19 24.17 24.16 24.16 24.12 24.11 23.79 23.92 24.11 24.11 24.09 23.88 23.87 23.66 23.78 23.81 23.35 23.52 23.84 23.82 23.82 23.82 23.90 23.83 23.68 23.46 23.19 23.24 23.33 22.99 23.26 23.20 23.40 23.14 23.25 23.36 23.39 23.30 23.38
23.62 23.57 23.58 23.68 23.60 23.75 23.76 23.71 23.53 23.76 23.77 23.76 23.74 23.78 23.97 23.81 23.81 23.87 23.95 23.77 23.77 23.86 23.93 23.83 23.71 23.66 23.81 23.76 23.95 24.09 24.14 24.05 24.05 24.04 24.15 24.16 24.15 24.12 24.14 24.12 24.13 24.14 24.12 24.14 24.04 23.91 24.08 24.12 24.04 24.05 23.99 23.71 23.67 23.70 23.19 23.65 23.62 23.54 23.56 23.59 23.55 23.56 23.54 23.44 23.34 23.33 23.14 23.19 23.10 23.06 23.33 23.44 23.52 23.58 23.30 23.30 23.35
23.61 23.64 23.65 23.56 23.61 23.58 23.49 23.53 23.64 23.68 23.56 23.69 23.65 23.73 23.96 23.93 24.00 23.98 23.91 24.01 23.88 23.69 23.62 23.65 23.69 23.65 23.73 23.84 23.91 24.04 24.15 24.16 24.09 23.96 24.11 24.11 24.11 24.13 24.14 24.11 24.11 24.12 24.13 24.13 23.87 24.02 24.08 24.03 23.80 24.01 23.98 23.73 23.54 23.59 23.60 23.61 23.75 23.57 23.65 23.44 23.30 23.46 23.46 23.36 23.49 23.52 23.59 23.34 23.33 23.47 23.61 23.55 23.53 23.36 23.40 23.41 23.14
23.70 23.65 23.82 23.64 23.69 23.61 23.74 23.62 23.65 23.74 23.75 23.77 23.90 23.92 23.78 23.90 23.96 23.97 23.92 24.01 24.00 23.82 23.68 23.76 23.64 23.67 23.67 23.90 24.08 24.17 24.17 24.16 24.14 24.11 24.15 24.13 24.10 24.05 24.06 24.09 24.13 24.13 24.13 24.10 24.04 24.09 24.07 24.13 24.13 24.09 24.02 23.99 23.74 23.70 23.52 23.49 23.39 23.66 23.56 23.55 23.54 23.38 23.38 23.42 23.53 23.54 23.59 23.52 23.51 23.36 23.41 23.31 23.29 23.18 23.29 23.04 23.40
23.67 23.80 23.76 23.81 23.74 23.83 23.94 23.74 23.79 23.64 23.75 23.82 23.92 23.83 23.79 23.90 23.87 23.87 23.91 23.89 23.85 23.89 23.75 23.79 23.68 23.61 23.56 23.69 23.92 24.12 24.11 24.14 24.13 24.14 24.10 24.12 24.09 23.97 23.99 24.05 24.14 24.18 24.15 24.10 24.12 24.12 24.11 24.11 24.08 24.07 24.04 23.88 23.67 23.45 23.35 23.33 23.22 23.54 23.55 23.63 23.43 23.27 23.27 23.31 23.24 23.53 23.49 23.56 23.31 23.23 23.26 23.32 23.39 23.03 23.12 23.39 23.38
23.69 23.60 23.61 23.73 23.83 23.79 23.78 23.79 23.78 23.67 23.56 23.57 23.74 23.74 23.91 23.86 23.65 23.83 23.88 23.82 23.86 23.80 23.68 23.78 23.81 23.70 23.50 23.66 23.71 23.94 24.06 24.10 24.07 24.04 23.95 23.95 24.01 23.95 24.02 24.03 24.11 24.14 24.11 24.13 24.11 23.96 24.00 24.07 24.04 24.07 24.08 23.87 23.78 23.56 23.33 23.02 23.02 23.35 22.91 23.21 23.28 23.34 23.51 23.14 23.37 23.35 23.39 23.38 23.35 23.41 23.42 23.41 23.34 23.22 23.25 23.45 23.40
23.90 23.91 23.75 23.87 23.82 23.76 23.71 23.86 23.78 23.81 23.46 23.50 23.59 23.68 23.88 23.78 23.71 23.67 23.68 23.57 23.70 23.72 23.73 23.66 23.71 23.64 23.53 23.70 23.79 23.94 24.00 24.00 23.98 24.02 24.06 24.03 24.03 24.01 24.07 24.13 24.11 24.14 24.14 24.16 24.18 24.06 24.09 24.08 23.97 23.93 24.02 23.96 23.77 23.60 23.42 23.08 22.97 22.92 22.99 23.04 22.94 23.16 23.32 23.41 23.19 22.87 23.22 23.11 23.13 23.49 23.50 23.39 23.32 23.42 23.26 22.99 23.31
24.10 24.05 23.85 23.81 23.76 23.63 23.58 23.72 23.52 23.62 23.59 23.61 23.67 23.74 23.55 23.66 23.52 23.58 23.51 23.57 23.70 23.88 23.96 23.87 23.79 23.64 23.49 23.76 23.86 24.02 23.97 23.99 24.02 24.06 24.03 24.01 23.98 23.99 24.03 24.01 24.06 24.08 24.07 24.05 24.11 24.12 24.08 24.08 24.05 24.08 24.09 24.06 23.94 23.71 23.51 23.38 23.11 23.05 22.85 22.73 23.13 22.97 23.14 23.22 23.22 22.99 23.01 23.32 23.46 23.33 23.33 23.50 23.32 23.20 23.26 23.14 22.98
24.06 24.03 24.01 23.86 23.61 23.57 23.48 23.41 23.63 23.73 23.49 23.51 23.58 23.40 23.48 23.69 23.58 23.65 23.74 23.85 23.78 23.86 23.82 23.97 23.92 23.57 23.46 23.77 23.85 23.94 24.01 23.98 24.01 24.00 23.97 24.04 23.99 23.98 24.02 24.06 24.06 24.07 24.07 24.01 24.04 24.09 24.08 24.08 24.00 24.06 24.08 24.05 23.94 23.94 23.69 23.55 23.43 23.34 23.10 23.04 23.03 22.95 23.28 23.25 23.07 22.56 23.11 23.30 23.35 23.37 23.17 23.50 23.23 23.14 23.41 23.06 22.82
24.05 24.05 24.00 23.91 23.64 23.56 23.51 23.29 23.48 23.68 23.66 23.65 23.54 23.55 23.70 23.69 23.35 23.62 23.71 23.82 23.80 23.92 23.84 23.92 23.94 23.87 23.70 23.78 23.71 23.80 23.93 24.00 24.00 23.95 23.89 24.04 24.01 23.99 23.99 24.02 24.07 24.11 24.08 24.02 24.07 24.05 24.08 24.09 24.07 24.08 24.08 24.06 24.03 23.97 23.87 23.83 23.74 23.56 23.34 23.35 23.31 23.16 23.10 22.89 22.68 22.58 23.19 23.27 23.14 22.85 22.87 23.18 23.38 23.60 23.39 23.36 23.19
24.05 23.97 24.03 24.00 23.80 23.62 23.51 23.44 23.60 23.54 23.52 23.61 23.53 23.62 23.75 23.80 23.71 23.74 23.57 23.77 23.79 23.92 23.79 23.78 23.85 23.92 23.92 23.89 23.86 23.85 23.94 24.03 24.00 23.98 23.92 23.99 24.00 24.00 24.02 23.94 24.03 24.04 24.05 24.06 24.07 24.05 24.07 24.06 24.07 24.07 24.06 24.06 24.03 23.95 23.79 23.93 23.81 23.78 23.55 23.50 23.21 23.27 23.35 22.74 22.73 23.12 23.36 22.87 23.17 22.31 22.85 23.15 23.51 23.20 23.09 23.26 23.05
24.03 24.01 24.01 24.01 23.95 23.73 23.71 23.69 23.76 23.56 23.46 23.48 23.72 23.81 23.82 23.73 23.84 23.70 23.75 23.81 23.83 23.81 23.82 23.85 23.70 23.76 23.83 23.86 23.86 23.82 23.92 23.95 24.01 23.98 23.97 23.98 24.00 23.99 24.00 23.94 23.93 23.99 23.98 24.06 24.07 24.08 24.07 24.03 24.08 24.08 24.06 24.03 23.97 23.86 23.80 23.84 23.81 23.75 23.67 23.37 23.38 23.38 23.25 22.76 22.61 22.99 22.57 22.42 23.01 22.86 22.88 22.96 22.86 22.63 23.22 23.29 22.66
24.01 24.00 24.01 24.03 23.98 23.82 23.87 23.93 23.81 23.81 23.47 23.43 23.63 23.78 23.72 23.72 23.83 23.83 23.84 23.86 23.79 23.69 23.88 23.85 23.73 23.87 23.94 23.85 23.90 23.85 23.81 23.86 23.93 23.88 23.89 23.83 23.95 23.96 23.99 23.82 23.96 23.95 23.98 24.01 23.99 24.05 24.03 23.96 24.01 24.03 23.99 23.95 23.87 23.93 23.91 23.86 23.90 23.70 23.58 23.57 23.36 23.02 22.65 22.62 23.12 22.60 22.93 22.73 22.70 22.56 22.52 22.48 22.32 22.88 22.72 22.63 22.99
23.97 23.98 23.89 23.83 23.64 23.56 23.69 23.66 23.74 23.81 23.86 23.68 23.69 23.63 23.55 23.57 23.74 23.77 23.90 23.85 23.79 23.85 23.85 23.83 23.75 23.82 23.89 23.92 23.90 23.93 23.92 23.73 23.65 23.76 23.83 23.82 23.73 23.68 23.71 23.61 23.91 23.94 23.95 23.94 24.02 24.04 24.06 24.02 24.00 24.00 23.95 23.97 23.94 23.91 23.94 23.83 23.87 23.94 23.66 23.50 23.29 22.80 22.77 22.97 22.51 22.70 22.78 22.16 23.08 22.99 22.24 22.71 22.90 23.07 22.95 22.52 23.23
23.95 23.91 23.95 23.74 23.49 23.36 23.53 23.52 23.66 23.62 23.83 23.82 23.70 23.70 23.59 23.57 23.70 23.60 23.52 23.63 23.72 23.87 23.83 23.76 23.78 23.86 23.89 23.88 23.93 23.89 23.85 23.69 23.53 23.52 23.52 23.70 23.67 23.54 23.70 23.67 23.73 23.76 23.79 23.88 23.93 24.00 24.04 24.05 24.02 24.01 23.98 24.00 23.99 23.98 23.90 23.86 23.86 23.86 23.78 23.64 23.36 23.20 22.89 23.32 22.30 22.67 22.80 22.57 23.16 22.55 22.31 22.87 23.26 22.43 22.87 22.84 23.03
23.87 23.94 23.87 23.90 23.67 23.34 23.38 23.43 23.54 23.60 23.70 23.82 23.79 23.72 23.70 23.59 23.68 23.40 23.27 23.55 23.58 23.78 23.77 23.73 23.79 23.73 23.85 23.88 23.81 23.66 23.78 23.63 23.61 23.55 23.18 23.50 23.65 23.63 23.73 23.40 23.43 23.63 23.66 23.72 23.88 23.96 23.99 24.00 23.98 23.98 23.97 23.96 23.95 23.93 23.94 23.94 23.89 23.84 23.84 23.73 23.58 23.57 23.31 22.99 22.86 22.61 22.50 23.06 22.27 22.59 22.65 22.58 22.63 23.01 23.06 23.09 22.67
23.95 23.97 23.96 23.90 23.79 23.62 23.65 23.68 23.63 23.72 23.81 23.84 23.84 23.78 23.75 23.57 23.54 23.46 23.27 23.38 23.54 23.52 23.67 23.78 23.89 23.80 23.74 23.90 23.70 23.71 23.69 23.58 23.68 23.60 23.55 23.46 23.64 23.60 23.51 23.46 23.48 23.52 23.64 23.70 23.76 23.86 23.92 23.92 23.96 23.95 23.91 23.81 23.84 23.76 23.99 24.00 23.95 23.89 23.82 23.75 23.63 23.62 23.19 23.25 23.09 22.82 22.96 22.98 22.95 23.10 23.06 22.42 22.91 22.70 22.85 22.77 22.75
23.94 23.99 23.94 23.93 23.93 23.81 23.78 23.83 23.77 23.83 23.84 23.86 23.79 23.72 23.70 23.63 23.19 23.33 23.33 23.46 23.32 23.35 23.39 23.59 23.85 23.67 23.50 23.91 23.87 23.79 23.67 23.45 23.44 23.49 23.70 23.59 23.41 23.44 23.24 23.29 23.42 23.39 23.46 23.50 23.58 23.65 23.73 23.66 23.85 23.73 23.82 23.87 23.82 23.97 24.00 23.99 23.97 23.92 23.87 23.87 23.70 23.39 23.30 22.92 22.94 22.54 22.98 23.08 23.56 23.03 23.43 22.73 23.16 22.83 23.20 22.61 23.05
23.96 23.99 23.94 23.93 23.90 23.80 23.78 23.93 23.91 23.86 23.87 23.85 23.72 23.67 23.73 23.60 23.56 23.62 23.52 23.46 23.31 23.59 23.73 23.67 23.84 23.76 23.92 23.66 23.59 23.51 23.71 23.59 23.79 23.81 23.46 23.29 23.32 23.21 23.20 23.41 23.29 23.22 23.22 23.53 23.44 23.36 23.48 23.57 23.76 23.85 23.84 23.92 23.95 23.96 23.95 23.95 23.95 23.89 23.82 23.76 23.75 23.45 23.19 23.12 22.97 22.77 23.06 23.04 22.87 23.11 23.27 22.70 22.77 23.04 22.90 23.02 23.00
23.92 23.97 23.90 23.88 23.80 23.73 23.80 23.94 23.87 23.82 23.78 23.84 23.89 23.91 23.88 23.81 23.86 23.76 23.35 23.11 23.20 23.25 23.55 23.68 23.40 23.31 23.46 23.57 23.45 23.57 23.65 23.64 23.65 23.66 23.61 23.55 23.31 23.37 23.23 23.08 23.09 23.09 23.17 23.27 23.28 23.47 23.36 23.42 23.63 23.89 23.74 23.71 23.78 23.83 23.74 23.93 23.87 23.80 23.83 23.72 23.57 23.41 23.40 23.47 23.15 23.15 23.16 23.21 22.89 23.06 22.77 22.81 22.72 22.17 22.54 22.89 22.74
23.88 23.90 23.90 23.87 23.81 23.69 23.86 23.91 23.82 23.58 23.42 23.61 23.89 23.91 23.86 23.85 23.79 23.54 23.08 23.37 23.62 23.69 23.76 23.74 23.67 23.75 23.46 23.54 23.58 23.62 23.35 23.48 23.63 23.50 23.62 23.58 23.40 23.33 23.25 23.18 23.19 23.22 23.27 23.40 23.42 23.50 23.47 23.39 23.42 23.74 23.58 23.51 23.63 23.38 23.40 23.54 23.65 23.76 23.70 23.74 23.64 23.45 23.42 23.42 22.98 23.06 22.75 23.04 22.67 22.81 22.69 22.94 22.95 21.87 22.46 22.61 22.76
23.89 23.92 23.89 23.93 23.88 23.89 23.88 23.78 23.65 23.47 23.36 23.48 23.86 23.87 23.84 23.64 23.57 23.47 23.16 23.61 23.79 23.83 23.87 23.84 23.84 23.79 23.74 23.62 23.57 23.61 23.29 23.47 23.51 23.64 23.47 23.48 23.45 23.38 23.30 23.19 23.21 23.29 23.47 23.60 23.55 23.52 23.34 23.28 23.42 23.61 23.46 23.57 23.75 23.80 23.42 23.47 23.46 23.62 23.67 23.74 23.53 23.39 23.59 23.35 23.47 23.08 22.78 22.61 22.90 22.75 22.79 22.82 22.69 21.51 22.52 22.58 22.47
23.87 23.94 23.89 23.91 23.88 23.77 23.67 23.42 23.48 23.33 23.48 23.42 23.82 23.77 23.62 23.59 23.42 23.45 23.47 23.63 23.74 23.87 23.80 23.76 23.85 23.81 23.77 23.78 23.68 23.41 23.39 23.65 23.56 23.58 23.45 23.42 23.33 23.19 23.17 23.25 23.15 23.12 23.47 23.45 23.43 23.41 23.29 23.42 23.43 23.62 23.57 23.49 23.53 23.42 23.38 23.33 23.42 23.49 23.55 23.58 23.74 23.22 23.03 23.33 23.36 22.79 22.58 22.45 22.33 22.73 22.98 23.27 22.53 21.79 22.29 21.76 21.48
23.89 23.90 23.89 23.88 23.82 23.64 23.55 23.60 23.69 23.55 23.62 23.63 23.40 23.50 23.66 23.72 23.64 23.63 23.74 23.65 23.84 23.73 23.80 23.77 23.75 23.76 23.83 23.76 23.56 23.36 23.48 23.36 23.28 23.42 23.60 23.34 23.37 23.20 23.18 23.16 23.12 23.18 23.30 23.33 23.40 23.34 23.37 23.39 23.42 23.42 23.29 23.41 23.60 23.62 23.81 23.67 23.62 23.27 23.57 23.43 23.42 23.27 23.46 23.31 22.88 22.82 22.40 22.85 22.38 22.71 23.17 22.78 22.33 22.36 21.79 21.65 22.49
23.94 23.90 23.87 23.81 23.44 23.32 23.26 23.53 23.54 23.70 23.83 23.78 23.74 23.56 23.87 23.81 23.83 23.84 23.83 23.82 23.80 23.70 23.47 23.57 23.81 23.78 23.81 23.75 23.39 23.41 23.17 23.15 22.84 23.07 23.30 23.37 23.35 23.48 23.41 22.99 22.93 23.11 23.16 23.62 23.65 23.27 23.26 23.40 23.52 23.48 23.56 23.67 23.85 23.53 23.74 23.71 23.76 23.56 23.32 23.13 23.33 23.42 23.47 23.20 22.89 22.31 22.29 22.84 22.33 22.35 22.38 22.07 21.96 21.83 21.55 21.75 22.40
23.90 23.91 23.87 23.80 23.33 23.29 23.26 23.43 23.52 23.46 23.82 23.87 23.86 23.87 23.88 23.88 23.86 23.86 23.83 23.84 23.76 23.68 23.43 23.35 23.66 23.63 23.68 23.52 23.40 23.28 23.43 23.39 23.05 22.92 22.88 23.04 23.47 23.48 23.28 23.20 23.40 23.01 23.04 23.15 23.46 23.29 23.14 23.18 23.35 23.51 23.55 23.68 23.91 23.63 23.75 23.74 23.61 23.23 23.32 22.78 22.68 23.15 23.33 22.99 22.46 22.27 21.19 21.84 22.42 22.57 21.96 21.70 21.73 21.62 21.96 21.89 21.53
23.87 23.87 23.85 23.71 23.29 23.60 23.41 23.43 23.26 23.22 23.71 23.83 23.84 23.81 23.81 23.77 23.77 23.77 23.66 23.64 23.51 23.49 23.68 23.47 23.42 23.39 23.43 23.30 23.26 23.35 23.34 23.36 23.32 23.12 23.07 23.05 23.14 23.23 23.28 23.35 23.01 23.17 23.27 23.38 23.28 23.07 23.13 23.16 23.59 23.87 23.85 23.93 23.80 23.79 23.43 23.19 23.46 23.25 21.93 22.14 22.67 23.08 23.54 23.10 21.80 20.89 21.71 22.06 22.36 22.41 22.09 21.99 22.01 22.07 22.09 21.66 21.36
23.86 23.86 23.77 23.32 23.32 23.57 23.66 23.31 23.13 23.35 23.77 23.80 23.79 23.72 23.78 23.73 23.71 23.64 23.51 23.65 23.51 23.61 23.66 23.70 23.62 23.42 23.28 23.20 23.21 23.39 23.38 23.34 23.26 23.03 23.18 23.25 23.29 23.31 23.35 23.26 23.13 23.07 23.17 23.16 23.29 23.39 23.49 23.80 23.79 23.80 23.76 23.72 23.85 23.54 23.12 22.61 23.24 22.51 22.29 22.26 22.75 23.74 23.52 22.95 22.02 22.06 22.31 22.60 21.60 21.79 22.20 22.29 21.83 22.01 21.79 21.58 21.56
23.86 23.86 23.77 23.42 23.30 23.29 23.59 23.65 23.46 23.71 23.77 23.77 23.75 23.74 23.69 23.67 23.68 23.75 23.69 23.56 23.48 23.59 23.55 23.68 23.59 23.40 23.19 23.29 23.36 23.18 23.12 23.19 22.99 23.01 23.28 23.22 23.20 23.13 23.02 22.99 23.06 22.98 23.16 23.25 23.28 23.27 23.21 23.69 24.02 23.64 23.78 23.53 23.33 22.98 22.60 23.00 22.70 22.81 22.94 22.78 22.61 23.59 22.94 22.92 22.66 22.10 22.21 21.75 21.76 21.83 22.18 22.01 21.90 21.75 20.67 21.52 21.71
23.79 23.72 23.55 23.43 23.46 23.12 23.44 23.66 23.68 23.73 23.77 23.79 23.78 23.73 23.63 23.54 23.65 23.66 23.66 23.67 23.52 23.44 23.42 23.45 23.44 23.32 23.37 23.46 23.40 23.28 23.14 23.27 23.25 23.22 23.24 23.14 23.15 23.25 23.08 22.89 22.99 22.89 23.20 23.32 22.97 23.28 23.35 23.41 23.71 23.70 23.66 23.01 22.88 22.78 23.11 23.42 22.97 22.51 22.86 22.59 22.22 22.57 22.91 22.85 22.47 22.95 22.70 22.43 22.74 22.72 22.30 21.70 21.72 21.55 21.39 21.65 21.41
23.65 23.61 23.67 23.53 23.55 23.66 23.68 23.76 23.76 23.79 23.77 23.76 23.77 23.77 23.71 23.66 23.60 23.66 23.66 23.59 23.35 23.36 23.40 23.25 23.33 23.20 23.31 23.45 23.43 23.39 23.31 23.32 23.22 23.20 23.11 22.98 23.07 23.17 23.20 23.28 23.15 23.01 23.18 23.27 23.39 23.53 23.62 23.57 23.29 23.31 23.29 22.82 23.08 23.16 22.86 22.94 23.01 22.80 23.09 22.89 22.85 22.17 22.47 23.18 22.61 23.10 23.22 22.97 23.11 22.90 22.24 21.89 22.12 21.75 21.92 21.71 22.01
23.79 23.68 23.72 23.64 23.37 23.51 23.59 23.77 23.78 23.78 23.74 23.76 23.78 23.73 23.48 23.40 23.67 23.66 23.58 23.53 23.43 23.34 23.25 23.28 23.26 23.43 23.45 23.47 23.41 23.41 23.34 23.25 23.07 23.03 23.11 22.84 22.92 22.82 23.32 23.36 23.43 23.63 23.54 23.47 23.53 23.76 23.40 23.42 23.26 23.40 23.51 23.43 22.73 22.89 22.51 22.50 22.53 22.56 23.09 22.32 22.28 22.35 22.43 22.79 22.96 23.20 22.92 22.77 22.73 22.84 22.44 21.62 21.73 21.89 21.90 21.76 22.02
23.74 23.48 23.43 23.53 23.59 23.67 23.67 23.78 23.76 23.76 23.71 23.75 23.73 23.51 23.44 23.53 23.58 23.52 23.46 23.51 23.45 23.35 23.32 23.31 23.40 23.45 23.41 23.38 23.26 23.29 23.00 23.13 23.09 22.98 22.93 22.93 22.85 23.25 23.42 23.70 23.80 23.68 23.25 23.39 23.49 23.36 23.18 23.26 23.30 23.33 23.34 22.94 22.96 22.71 22.53 22.14 22.85 22.91 22.72 22.74 22.43 23.14 22.54 22.86 23.07 23.35 23.34 22.96 22.69 23.14 22.87 22.22 22.13 22.06 22.17 21.77 21.64
