main/data/irradiance/07.10.2023.grid
ncols 839
nrows 679
xllcenter 112.0500
yllcenter -43.9500
cellsize 0.0500
nodata_value 99999.90
[rows 306 to 339 of 679, columns 462 to 538 of 839]
23.57 23.77 24.41 24.09 24.20 24.58 24.74 24.82 24.83 24.48 24.83 24.74 24.50 24.37 24.06 23.33 23.85 24.63 24.64 24.45 24.19 24.43 24.66 24.68 24.66 24.48 24.37 24.29 24.75 24.30 25.00 24.98 24.75 24.78 24.78 24.32 24.44 25.01 24.95 24.59 25.25 25.19 25.31 24.81 24.31 24.74 24.70 24.56 25.14 25.24 25.54 25.47 25.68 25.19 25.74 25.83 24.95 24.90 25.12 24.06 23.44 23.47 23.76 23.77 23.88 23.62 24.00 23.91 22.95 23.04 24.18 23.89 24.28 24.88 25.51 25.93 25.98
24.07 23.93 23.40 23.64 24.29 24.38 24.94 24.83 24.76 24.84 24.55 24.82 24.40 24.52 24.41 24.55 24.10 23.90 24.69 24.68 24.64 24.69 24.50 24.76 24.88 24.64 24.89 24.71 24.39 24.15 24.51 25.09 25.31 25.20 25.06 25.00 24.83 24.64 25.15 24.97 24.63 24.93 24.89 24.69 24.68 24.48 24.57 24.08 24.25 24.94 25.44 25.06 25.06 25.32 25.19 25.76 25.48 25.36 24.97 24.11 23.45 23.32 23.48 23.27 23.03 23.58 23.91 24.03 23.97 22.84 23.83 23.95 24.01 24.51 24.68 25.61 25.96
24.01 23.73 23.58 23.75 23.77 24.12 24.82 25.25 24.54 24.56 24.44 24.42 24.37 24.36 24.75 24.80 24.80 24.56 24.25 24.63 25.02 24.57 24.67 24.81 25.04 24.70 24.64 24.84 24.66 24.62 24.32 25.02 24.87 25.17 25.27 24.96 25.06 25.00 24.92 25.16 25.12 24.76 25.08 25.09 25.45 25.00 23.78 24.01 24.26 24.58 25.15 25.25 25.16 25.23 25.63 25.53 25.06 24.86 24.92 24.87 23.51 23.30 23.07 22.84 22.64 23.28 23.90 23.59 23.47 23.87 23.83 24.41 23.79 24.74 24.80 24.43 25.09
24.34 24.49 23.92 23.91 23.99 24.48 24.21 24.22 23.97 24.65 24.38 24.53 24.28 24.33 24.48 24.47 24.50 24.47 24.34 24.34 24.52 25.02 24.96 24.63 24.70 24.97 24.64 24.21 24.59 25.11 24.47 24.95 24.90 25.07 25.22 25.13 25.24 24.94 25.08 24.91 25.18 25.26 25.10 25.16 24.87 25.26 24.72 24.23 24.22 24.60 25.06 24.80 24.71 25.08 24.96 25.75 25.48 24.79 24.42 24.56 24.39 23.91 23.14 22.98 22.74 23.21 24.02 24.47 23.63 24.22 23.95 25.47 24.39 24.90 24.60 25.08 25.34
24.31 24.20 24.41 24.52 24.15 24.40 24.61 24.21 23.67 24.00 24.59 24.82 24.68 24.18 23.85 23.95 24.31 24.73 24.87 24.54 24.32 24.31 25.04 24.87 24.19 24.88 24.77 24.74 24.38 24.59 24.55 24.67 24.69 25.11 25.12 24.99 25.04 25.32 25.00 25.17 25.03 25.05 25.23 24.84 25.21 24.82 24.61 25.08 24.65 24.37 24.84 25.07 24.93 25.46 24.98 25.35 25.64 25.48 25.00 24.44 24.41 24.71 24.32 24.45 23.89 23.98 24.29 24.95 24.47 24.19 24.79 25.26 25.27 25.14 25.69 25.32 26.15
24.40 23.76 23.99 24.39 24.43 24.01 24.29 24.40 24.28 23.72 24.09 24.00 24.33 24.56 23.65 23.94 23.46 23.78 24.31 24.42 24.45 24.71 24.84 24.99 24.39 24.51 24.86 25.20 24.91 24.20 24.40 24.75 24.65 24.66 25.23 25.09 25.13 25.00 25.15 25.16 25.13 24.97 24.72 24.83 24.84 24.81 25.04 25.02 25.32 24.68 24.53 24.51 24.85 25.12 24.78 24.88 24.71 24.32 25.05 24.89 24.00 24.81 24.77 24.43 24.21 24.25 24.77 25.07 25.54 24.66 25.16 24.55 24.84 25.00 25.58 25.77 25.69
24.11 24.33 23.89 23.88 24.14 24.16 24.36 24.11 24.41 24.35 24.44 23.98 23.64 24.16 24.14 24.08 24.31 23.92 23.50 23.17 23.64 24.50 25.19 25.16 24.84 24.29 24.42 24.69 24.71 24.84 24.47 24.60 24.39 24.21 24.85 24.63 24.97 24.83 25.05 25.20 25.19 24.98 24.95 24.55 24.88 24.56 25.02 24.83 25.36 25.27 24.59 24.74 24.77 25.06 25.02 24.71 24.92 24.09 24.08 25.13 24.78 24.41 24.25 24.89 24.00 23.80 24.50 24.67 25.09 25.25 25.66 25.31 24.33 25.42 25.65 25.78 25.67
24.47 24.44 24.37 24.04 24.08 24.20 24.23 24.02 24.23 24.28 24.17 24.26 23.96 23.80 23.89 24.00 24.20 24.70 24.49 23.77 23.52 23.67 24.77 25.29 25.12 24.90 24.66 24.98 24.79 24.72 24.78 24.51 24.17 23.84 23.80 24.15 25.15 25.08 25.05 25.27 25.05 24.50 24.34 25.07 24.71 24.95 24.75 24.79 25.08 25.33 25.36 25.11 24.88 24.92 25.03 24.65 25.11 24.68 24.61 24.79 24.85 24.60 24.39 24.61 24.89 25.05 24.87 24.86 24.81 24.81 25.42 25.50 24.72 24.90 25.32 25.44 25.45
24.84 24.83 24.43 24.19 24.41 24.35 24.46 24.69 24.23 24.30 24.06 24.09 24.36 24.72 24.26 23.59 24.14 24.42 24.47 24.25 23.93 23.88 24.18 24.79 25.21 24.95 24.78 24.65 24.83 24.78 24.84 24.80 24.36 24.08 23.64 23.45 24.24 25.15 25.11 24.86 25.15 24.66 24.44 24.59 24.92 24.51 25.22 24.89 25.03 24.71 25.12 24.97 25.30 24.89 24.91 24.73 24.89 24.66 24.62 25.13 24.82 25.00 24.88 24.64 24.15 24.60 24.77 24.94 24.10 24.06 24.60 25.26 25.02 25.24 25.14 25.31 25.81
24.70 24.74 24.78 24.59 24.56 24.19 24.37 24.34 24.23 24.42 24.30 24.28 23.96 24.52 24.29 24.30 24.26 24.13 23.85 23.93 24.25 24.38 24.20 24.14 24.39 24.45 25.00 24.97 25.03 25.35 24.92 24.95 24.88 24.37 24.00 23.91 23.91 24.40 24.68 24.88 24.80 24.92 24.87 24.94 25.06 24.91 24.77 25.53 24.70 24.52 24.82 25.22 25.04 24.90 25.30 24.82 25.19 25.23 24.89 25.16 24.98 25.38 25.39 25.49 24.91 24.78 25.11 25.00 24.59 24.65 24.07 23.92 24.06 24.46 24.88 25.48 25.25
25.06 24.76 24.65 24.75 24.78 24.48 24.52 24.46 24.25 24.30 24.22 24.43 24.32 24.58 24.56 24.44 24.17 24.22 23.98 23.49 23.90 24.41 24.48 24.04 23.81 24.47 24.14 24.44 24.76 25.38 25.33 25.05 24.88 24.27 24.17 24.14 24.18 24.15 24.25 24.99 24.95 24.75 24.88 25.07 24.98 25.32 25.02 24.90 25.03 24.72 24.62 25.22 25.10 25.06 25.19 25.06 25.02 25.30 24.94 24.78 24.83 24.76 25.06 25.69 25.31 25.20 24.44 24.13 24.41 25.10 24.75 24.27 23.76 24.13 24.94 25.29 25.64
24.74 24.99 25.21 24.62 24.67 25.06 24.61 24.56 24.51 24.51 24.25 24.33 24.32 24.63 24.38 23.68 23.55 23.95 24.38 24.06 24.09 23.82 23.73 23.78 23.27 23.27 23.75 24.38 24.30 24.78 25.24 25.06 24.90 24.62 24.34 24.05 24.51 24.52 23.94 23.94 24.57 24.94 24.88 25.30 25.15 25.03 24.86 25.06 24.87 24.89 24.83 24.86 25.18 24.78 25.34 25.31 25.00 25.21 25.56 24.78 24.22 24.91 25.02 25.24 25.50 25.12 24.95 24.25 24.50 25.18 24.21 24.89 24.04 23.98 24.66 25.57 25.05
25.26 25.28 25.32 25.21 24.64 24.88 25.04 24.98 24.63 24.88 24.24 24.01 23.81 24.09 24.72 24.34 23.78 24.02 24.27 24.29 23.86 23.95 23.68 23.38 23.28 22.66 22.74 23.45 24.42 24.43 24.80 24.98 24.79 25.07 25.12 24.34 24.52 24.58 24.43 23.98 24.21 24.49 24.65 25.29 25.40 25.24 25.01 24.86 25.06 25.47 24.89 25.37 24.80 24.44 24.79 25.35 25.31 25.42 25.05 25.13 24.61 24.68 24.85 24.91 24.55 24.90 25.39 24.93 25.12 24.94 24.41 25.14 24.29 23.30 24.36 25.74 25.89
25.40 25.38 25.00 24.99 24.76 24.69 25.09 25.31 24.97 24.71 24.65 24.20 23.72 24.04 24.10 24.23 24.31 24.51 24.36 23.90 23.71 23.67 23.76 23.68 23.54 23.22 23.22 23.20 23.70 24.21 24.46 24.54 24.35 24.59 24.87 25.06 24.98 24.69 24.55 24.51 24.62 24.61 24.34 24.20 24.84 25.36 24.86 24.89 25.32 25.08 25.09 25.05 24.28 24.18 24.51 24.98 25.37 25.42 25.72 24.59 24.95 25.21 25.06 24.99 25.29 24.56 24.73 24.99 25.51 25.55 25.21 25.22 25.17 24.12 24.49 24.79 25.74
25.40 25.19 24.86 24.80 24.55 24.57 24.56 24.63 25.18 24.65 24.58 24.93 24.19 24.15 24.54 24.18 24.11 24.24 24.41 24.42 23.85 23.40 23.90 23.53 23.54 23.53 23.93 23.72 23.89 23.85 23.59 23.88 24.28 24.58 24.40 24.49 24.48 24.59 24.67 24.50 24.43 23.98 24.37 24.33 24.41 24.65 24.67 24.79 24.88 25.43 25.07 24.89 25.20 24.64 25.18 25.23 25.92 25.63 25.37 25.14 24.56 24.47 24.09 24.94 25.13 25.39 24.61 24.92 24.96 25.47 25.57 25.54 25.54 24.61 24.54 25.10 25.61
25.64 25.53 25.11 24.68 24.67 24.45 24.57 25.31 24.93 24.92 24.85 25.02 25.08 24.70 24.74 24.36 24.40 24.01 24.39 24.52 24.66 24.07 24.02 23.75 23.38 23.55 23.91 23.57 23.43 23.97 23.54 23.26 23.35 24.07 24.41 24.47 24.33 24.36 24.23 24.20 24.24 24.24 23.79 23.85 23.63 23.98 24.04 24.38 24.75 24.96 24.93 24.63 25.75 25.12 24.75 24.71 25.17 25.43 24.95 25.20 24.96 24.31 24.49 24.33 24.62 25.28 24.89 24.67 25.26 25.42 25.18 25.54 25.68 25.05 25.03 25.34 25.07
25.76 25.81 25.49 25.50 25.26 25.20 25.13 25.08 25.24 24.86 25.05 25.26 25.23 25.01 24.60 24.32 24.20 24.43 24.07 24.27 24.62 24.67 24.19 23.68 23.47 23.45 23.51 23.78 23.98 23.42 23.73 23.77 23.59 22.74 23.01 23.72 23.59 23.98 24.25 24.22 24.31 24.06 23.32 23.84 23.94 23.87 23.87 24.01 24.30 24.79 24.90 24.97 25.06 25.09 24.63 24.61 24.89 24.82 25.39 25.38 25.27 25.05 24.60 24.33 24.51 24.49 24.93 24.85 25.12 25.20 25.14 25.37 25.69 25.68 25.79 25.66 24.62
25.64 25.77 25.65 25.59 25.54 25.44 25.38 25.06 25.22 25.20 25.26 25.19 25.23 25.13 25.04 24.68 23.94 24.65 24.45 24.25 24.42 24.53 24.06 23.87 23.45 23.25 23.91 23.99 24.28 24.52 24.14 23.86 24.13 23.87 23.12 22.53 22.63 22.86 23.80 24.32 24.17 24.06 24.03 23.26 23.67 24.28 24.37 24.45 24.15 24.47 24.94 24.92 25.40 24.82 24.90 25.23 24.59 24.63 24.99 25.31 25.14 25.15 25.19 24.53 24.64 24.81 24.40 24.46 25.33 25.48 24.91 25.05 25.24 25.42 25.48 25.55 25.41
25.65 25.40 25.64 25.64 25.55 25.54 25.44 25.37 25.19 25.06 25.22 25.29 25.38 25.00 24.46 24.51 24.41 24.57 24.61 24.66 24.56 24.35 24.34 23.89 23.77 23.28 23.42 23.71 23.90 24.45 24.41 23.80 23.68 23.90 23.95 23.35 23.13 22.73 23.16 23.98 24.54 24.35 24.02 23.76 23.79 24.16 24.58 24.66 24.42 24.22 24.88 25.13 25.20 24.57 25.27 25.15 24.82 24.66 24.85 24.60 24.99 25.34 25.33 25.02 24.79 24.71 24.82 24.59 25.02 25.10 24.99 25.51 25.38 25.38 25.16 25.03 25.28
25.49 25.49 25.65 25.62 25.56 25.55 25.66 25.60 25.34 25.25 25.37 25.09 25.13 25.15 24.58 24.17 24.29 24.61 24.44 24.95 24.87 24.40 24.63 24.54 24.23 24.01 24.14 23.76 24.34 24.40 24.22 23.90 24.04 23.83 23.57 23.39 23.56 23.36 23.39 23.75 24.20 24.20 24.35 24.40 23.91 23.92 24.28 24.34 24.41 25.44 24.95 25.01 24.62 25.41 24.24 24.63 25.17 25.28 24.82 24.81 24.78 25.07 25.32 25.36 25.16 24.62 24.99 25.01 24.67 25.23 24.32 25.34 25.06 25.49 25.20 25.23 25.38
25.51 25.44 25.49 25.59 25.60 25.67 25.68 25.46 25.36 25.39 25.36 25.15 25.05 25.06 24.73 24.54 24.65 24.64 24.54 24.46 24.95 24.91 24.95 24.99 24.41 24.44 24.17 24.19 24.44 24.30 24.30 23.58 24.23 24.17 24.22 24.01 23.94 23.95 23.81 23.66 23.56 23.77 23.95 24.07 23.56 24.05 24.40 24.48 23.94 24.60 24.73 25.17 25.00 25.26 24.20 23.83 24.49 24.70 24.90 24.87 24.93 25.10 25.25 25.18 25.42 25.40 25.08 24.98 24.63 24.93 25.08 25.10 25.03 25.13 25.28 25.32 25.42
25.58 25.62 25.47 25.55 25.60 25.72 25.75 25.85 25.87 25.48 25.58 25.13 25.42 25.14 25.01 25.02 24.47 24.48 24.52 24.54 24.65 25.11 25.10 25.13 24.83 24.72 24.56 23.98 24.45 24.41 24.42 24.09 24.26 24.28 24.27 24.17 24.07 24.24 24.53 24.42 23.61 23.72 23.65 23.92 23.37 23.35 23.96 24.20 24.25 23.89 24.19 24.59 24.59 24.32 24.25 23.89 24.72 24.96 24.98 25.17 25.54 25.25 25.08 24.92 25.14 25.64 25.37 25.19 25.03 25.14 25.42 25.43 25.43 24.62 24.97 25.57 25.26
25.45 25.47 25.51 25.51 25.69 25.62 25.77 25.86 25.87 25.66 25.57 25.65 25.69 25.45 25.40 25.52 24.99 24.67 24.58 24.38 24.72 24.81 24.93 24.82 25.10 25.07 24.95 24.57 24.27 24.35 24.76 24.81 24.54 24.51 24.72 23.97 23.60 23.82 24.07 24.38 24.21 24.39 24.39 24.58 24.20 24.13 24.00 25.11 24.47 24.80 24.78 24.70 24.17 24.37 24.78 24.56 24.74 25.04 25.05 25.47 25.10 25.32 25.24 25.27 25.62 24.96 25.29 25.30 25.20 25.07 25.27 25.33 25.42 25.29 25.17 25.15 24.25
25.57 25.44 25.52 25.58 25.66 25.70 25.79 25.83 25.77 25.70 25.72 25.75 25.63 25.65 25.47 25.35 25.33 24.78 24.89 24.68 24.70 24.95 24.78 24.58 24.80 25.04 25.08 25.00 24.79 24.75 24.55 24.66 24.99 24.80 24.60 25.03 24.39 24.03 23.71 24.28 24.79 24.47 24.39 24.44 24.39 24.51 24.76 25.62 24.50 25.05 24.80 24.67 24.40 24.00 23.95 24.74 25.19 25.20 25.53 25.40 25.29 25.49 25.89 25.42 25.59 25.08 24.83 24.84 25.25 25.00 25.19 25.04 25.51 25.42 25.01 25.15 24.36
25.64 25.51 25.55 25.53 25.64 25.68 25.69 25.73 25.76 25.74 25.79 25.72 25.72 25.78 25.60 25.44 25.32 25.10 25.04 25.15 24.82 24.83 24.99 24.72 24.94 24.81 25.03 25.26 25.23 25.17 25.01 24.81 25.13 25.13 24.84 24.87 24.71 24.84 24.17 24.06 24.66 24.37 24.40 24.53 24.14 24.62 24.95 24.75 25.65 25.29 24.49 24.74 24.55 24.71 25.32 24.50 25.13 25.25 25.30 25.09 25.37 25.62 25.23 25.28 25.63 25.50 25.77 25.14 24.91 25.17 24.95 25.02 25.03 25.29 24.98 24.70 24.76
25.48 25.51 25.54 25.63 25.63 25.64 25.63 25.70 25.64 25.71 25.75 25.67 25.70 25.75 25.71 25.60 25.41 25.25 25.40 25.26 25.04 24.79 24.78 24.94 24.92 24.73 24.98 25.14 25.21 25.28 25.22 25.09 25.22 25.31 25.02 24.99 24.78 24.89 24.88 24.53 24.83 24.71 24.76 24.80 24.44 24.32 25.02 24.83 25.04 24.48 24.90 25.01 24.81 24.91 24.91 24.61 24.73 25.40 25.02 25.34 25.44 25.76 25.68 25.34 25.37 25.50 25.48 25.43 24.81 25.06 25.23 24.86 25.09 25.24 25.40 25.40 25.30
25.53 25.47 25.55 25.60 25.56 25.59 25.53 25.53 25.56 25.66 25.71 25.68 25.66 25.66 25.71 25.55 25.47 25.32 25.43 25.36 25.26 25.10 25.18 25.00 25.27 25.17 25.12 25.17 25.11 25.12 25.29 25.31 25.02 25.23 25.05 25.11 24.90 25.23 25.12 25.12 24.93 24.89 24.80 25.38 25.43 25.11 24.61 24.76 24.83 24.48 24.21 24.44 25.47 25.61 25.18 25.37 25.39 24.92 24.69 25.51 25.56 25.77 26.05 25.54 25.19 25.12 24.94 25.01 24.89 25.18 25.18 25.00 25.00 24.78 25.22 25.24 25.09
25.55 25.51 25.53 25.48 25.46 25.52 25.50 25.53 25.43 25.61 25.69 25.73 25.70 25.66 25.71 25.67 25.33 25.36 25.43 25.45 25.37 25.37 25.35 25.27 25.13 25.32 25.37 25.24 25.23 25.25 25.31 25.33 25.38 24.96 25.17 25.17 24.99 25.13 24.97 25.16 25.09 24.82 25.66 25.54 25.22 25.09 24.77 24.86 24.41 25.08 23.57 23.65 23.59 24.22 25.59 25.70 25.56 25.36 25.48 25.46 25.80 25.35 25.83 25.91 25.35 24.90 24.60 24.56 24.76 25.18 24.96 24.66 24.76 24.64 24.92 24.76 24.69
25.54 25.51 25.47 25.47 25.45 25.47 25.51 25.55 25.53 25.62 25.68 25.70 25.67 25.64 25.66 25.51 25.22 25.33 25.39 25.36 25.51 25.37 25.42 25.36 25.31 25.19 25.30 25.46 25.25 25.18 25.12 25.26 25.25 25.53 25.21 25.51 25.45 24.95 24.90 25.09 25.43 25.00 25.55 25.74 25.45 25.38 25.08 25.16 24.92 25.15 24.41 24.44 25.02 25.34 24.93 25.73 25.52 24.89 25.61 25.55 25.59 25.52 25.30 25.33 25.75 25.82 24.84 24.67 24.59 24.71 24.90 24.73 24.12 24.49 25.02 24.48 24.42
25.41 25.46 25.51 25.49 25.48 25.41 25.51 25.59 25.70 25.68 25.64 25.68 25.64 25.70 25.52 24.87 25.33 25.40 25.31 25.40 25.43 25.38 25.40 25.38 25.40 25.34 25.42 25.35 25.34 25.27 25.20 25.26 25.28 25.42 25.49 25.37 25.44 25.41 25.26 25.08 25.29 26.00 25.02 25.53 25.67 25.03 24.54 25.20 25.43 24.81 25.21 25.19 25.28 25.32 25.61 25.44 25.54 25.34 25.61 25.52 25.85 25.98 25.68 25.48 25.52 25.38 25.29 25.29 25.07 24.83 24.73 24.69 23.84 23.64 24.62 24.35 24.13
25.26 25.39 25.53 25.51 25.51 25.42 25.32 25.54 25.69 25.72 25.60 25.64 25.62 25.55 24.91 25.27 25.32 25.35 25.33 25.33 25.33 25.27 25.38 25.44 25.39 25.46 25.44 25.34 25.28 25.28 25.36 25.31 25.36 25.33 25.25 25.41 25.40 25.41 25.43 25.60 25.31 25.57 25.41 25.25 25.46 25.34 24.62 25.58 25.59 25.52 25.19 25.35 25.44 25.61 25.46 25.62 25.09 24.73 25.34 25.26 25.08 25.60 25.70 25.62 25.48 25.71 25.68 25.47 25.11 25.32 25.04 24.56 24.07 23.88 23.83 23.61 23.80
25.31 25.47 25.54 25.57 25.46 25.51 25.50 25.38 25.62 25.67 25.56 25.57 25.53 25.52 24.90 25.39 25.36 25.36 25.36 25.35 25.31 25.34 25.30 25.39 25.41 25.40 25.37 25.44 25.27 25.23 25.36 25.49 25.42 25.35 25.43 25.46 25.38 25.35 25.37 25.26 25.44 25.53 26.01 25.85 25.61 25.68 25.51 25.56 25.68 25.23 23.28 23.62 25.63 25.44 25.65 25.69 25.92 25.77 25.89 25.68 25.40 25.31 25.41 25.53 25.59 25.82 25.54 25.51 25.15 24.77 24.69 24.96 24.82 23.72 23.04 23.54 24.59
25.26 25.41 25.52 25.54 25.59 25.51 25.55 25.52 25.55 25.46 25.57 25.57 25.55 25.46 25.03 25.39 25.39 25.28 25.28 25.29 25.28 25.30 25.26 25.29 25.23 25.26 25.36 25.41 25.39 25.43 25.46 25.45 25.52 25.58 25.55 25.49 25.32 25.26 25.33 25.43 25.44 25.47 26.01 26.03 26.02 25.79 25.56 25.51 25.66 25.88 25.60 25.16 25.84 25.51 25.91 25.61 25.42 26.01 26.05 25.92 25.08 25.86 25.97 25.85 25.61 25.73 25.69 25.47 25.23 24.87 24.72 24.41 24.10 23.57 22.94 23.98 24.63
25.27 25.42 25.52 25.49 25.53 25.49 25.53 25.51 25.47 25.45 25.57 25.65 25.61 25.32 25.27 25.42 25.48 25.35 25.27 25.22 25.25 25.21 25.13 25.26 25.20 25.13 25.19 25.28 25.44 25.48 25.44 25.37 25.39 25.47 25.50 25.58 25.40 25.29 25.40 25.50 25.42 25.65 25.52 25.91 25.81 25.68 25.45 25.46 25.69 25.32 25.70 25.65 25.80 25.93 25.81 25.62 25.26 25.83 25.50 25.57 25.72 25.89 25.82 25.49 25.35 25.50 25.66 25.67 25.42 25.30 25.15 24.73 24.41 23.75 24.07 24.43 24.50
