main/data/irradiance/07.10.2023.grid
ncols 839
nrows 679
xllcenter 112.0500
yllcenter -43.9500
cellsize 0.0500
nodata_value 99999.90
[rows 238 to 271 of 679, columns 0 to 76 of 839]
99999.90 99999.90 99999.90 99999.90 99999.90 99999.90 99999.90 99999.90 99999.90 99999.90 99999.90 99999.90 99999.90 99999.90 99999.90 99999.90 99999.90 99999.90 99999.90 99999.90 99999.90 99999.90 99999.90 99999.90 25.59 26.07 26.37 26.36 26.36 26.36 26.36 26.36 26.36 26.36 26.43 26.43 26.43 26.43 26.46 26.46 26.46 26.48 26.48 26.48 26.48 26.48 26.48 26.20 26.20 26.20 26.20 26.21 26.21 25.60 26.36 26.51 26.50 26.50 26.48 26.50 26.53 26.51 26.47 26.47 26.47 26.43 26.48 26.45 26.48 26.48 26.41 26.42 26.42 26.46 26.45 26.48 26.44
99999.90 99999.90 99999.90 99999.90 99999.90 99999.90 99999.90 99999.90 99999.90 99999.90 99999.90 99999.90 99999.90 99999.90 99999.90 99999.90 99999.90 99999.90 99999.90 99999.90 99999.90 99999.90 99999.90 99999.90 25.59 25.59 26.37 26.36 26.36 26.36 26.36 26.36 26.36 26.36 26.36 26.36 26.43 26.43 26.43 26.46 26.47 26.45 26.45 26.45 26.45 26.45 26.33 26.33 26.33 26.20 26.20 26.20 26.00 26.22 26.50 26.50 26.52 26.49 26.47 26.48 26.47 26.49 26.48 26.46 26.45 26.47 26.48 26.48 26.47 26.48 26.46 26.44 26.45 26.49 26.48 26.45 26.37
99999.90 99999.90 99999.90 99999.90 99999.90 99999.90 99999.90 99999.90 99999.90 99999.90 99999.90 99999.90 99999.90 99999.90 99999.90 99999.90 99999.90 99999.90 99999.90 99999.90 99999.90 99999.90 99999.90 26.00 25.59 25.59 26.37 26.37 26.37 26.36 26.36 26.36 26.36 26.36 26.36 26.36 26.36 26.45 26.45 26.46 26.50 26.45 26.45 26.45 26.45 26.45 26.33 26.33 26.33 26.33 26.14 26.14 26.24 26.47 26.48 26.49 26.49 26.49 26.48 26.46 26.44 26.43 26.43 26.44 26.41 26.44 26.46 26.46 26.48 26.48 26.48 26.44 26.46 26.45 26.43 26.44 26.43
99999.90 99999.90 99999.90 99999.90 99999.90 99999.90 99999.90 99999.90 99999.90 99999.90 99999.90 99999.90 99999.90 99999.90 99999.90 99999.90 99999.90 99999.90 99999.90 99999.90 99999.90 99999.90 99999.90 26.00 25.59 25.59 26.37 26.37 26.37 26.37 26.37 26.37 26.36 26.36 26.36 26.36 26.36 26.36 26.44 26.49 26.53 26.53 26.53 26.45 26.45 26.45 26.19 26.19 26.33 26.33 26.33 26.29 26.27 26.49 26.50 26.48 26.48 26.48 26.46 26.47 26.46 26.45 26.38 26.41 26.41 26.44 26.45 26.46 26.46 26.49 26.33 26.36 26.40 26.40 26.45 26.34 26.41
99999.90 99999.90 99999.90 99999.90 99999.90 99999.90 99999.90 99999.90 99999.90 99999.90 99999.90 99999.90 99999.90 99999.90 99999.90 99999.90 99999.90 99999.90 99999.90 99999.90 99999.90 99999.90 99999.90 26.00 25.59 25.59 25.59 26.37 26.37 26.37 26.37 26.37 26.37 26.37 26.37 26.41 26.41 26.41 26.41 26.41 26.42 26.42 26.42 26.42 26.42 26.19 26.19 26.19 26.19 26.26 26.26 26.11 26.38 26.49 26.49 26.44 26.46 26.48 26.46 26.45 26.44 26.47 26.44 26.43 26.42 26.39 26.43 26.46 26.44 26.46 26.41 26.13 26.20 26.34 26.43 26.41 26.33
99999.90 99999.90 99999.90 99999.90 99999.90 99999.90 99999.90 99999.90 99999.90 99999.90 99999.90 99999.90 99999.90 99999.90 99999.90 99999.90 99999.90 99999.90 99999.90 99999.90 99999.90 99999.90 99999.90 26.00 25.59 25.59 25.59 25.59 25.59 26.37 26.37 26.37 26.37 26.37 26.37 26.37 26.39 26.39 26.43 26.41 26.41 26.41 26.41 26.41 26.41 26.15 26.15 26.19 26.19 26.19 26.19 26.45 26.50 26.47 26.47 26.44 26.44 26.47 26.46 26.45 26.45 26.43 26.45 26.44 26.43 26.40 26.42 26.44 26.42 26.47 26.43 26.31 26.02 26.09 26.20 26.06 26.40
99999.90 99999.90 99999.90 99999.90 99999.90 99999.90 99999.90 99999.90 99999.90 99999.90 99999.90 99999.90 99999.90 99999.90 99999.90 99999.90 99999.90 99999.90 99999.90 99999.90 99999.90 99999.90 99999.90 26.00 25.59 25.59 25.59 25.59 25.59 25.59 25.59 26.37 26.37 26.37 26.37 26.37 26.37 26.41 26.42 26.40 26.41 26.41 26.41 26.37 26.37 26.15 26.15 26.15 26.21 26.21 26.20 26.49 26.46 26.48 26.46 26.46 26.46 26.46 26.45 26.46 26.42 26.37 26.43 26.46 26.41 26.40 26.35 26.24 26.37 26.09 26.16 26.12 26.14 26.19 25.78 26.12 26.37
99999.90 99999.90 99999.90 99999.90 99999.90 99999.90 99999.90 99999.90 99999.90 99999.90 99999.90 99999.90 99999.90 99999.90 99999.90 99999.90 99999.90 99999.90 99999.90 99999.90 99999.90 99999.90 99999.90 26.00 26.00 26.00 25.59 25.59 25.59 25.59 25.59 25.59 26.07 26.07 26.36 26.36 26.36 26.39 26.39 26.41 26.40 26.40 26.37 26.37 26.37 26.05 26.15 26.15 26.15 26.20 26.45 26.46 26.45 26.46 26.46 26.41 26.46 26.43 26.31 26.39 26.44 26.42 26.38 26.42 26.38 26.15 26.27 26.17 26.39 26.28 26.17 25.82 25.95 26.23 26.06 25.90 26.26
99999.90 99999.90 99999.90 99999.90 99999.90 99999.90 99999.90 99999.90 99999.90 99999.90 99999.90 99999.90 99999.90 99999.90 99999.90 99999.90 99999.90 99999.90 99999.90 99999.90 99999.90 99999.90 99999.90 26.00 26.00 26.00 26.00 26.00 25.59 25.59 25.59 25.59 25.59 26.07 26.07 26.39 26.39 26.41 26.40 26.37 26.40 26.37 26.37 26.37 26.37 26.05 26.05 26.14 26.14 26.30 26.44 26.43 26.41 26.44 26.43 26.40 26.46 26.29 25.95 26.25 26.43 26.41 26.41 26.39 26.39 26.08 25.89 25.96 26.14 26.30 26.20 26.13 25.71 26.10 26.21 25.79 25.91
99999.90 99999.90 99999.90 99999.90 99999.90 99999.90 99999.90 99999.90 99999.90 99999.90 99999.90 99999.90 99999.90 99999.90 99999.90 99999.90 99999.90 99999.90 99999.90 99999.90 99999.90 99999.90 99999.90 26.00 26.00 26.00 26.00 26.00 26.00 26.00 25.59 25.59 25.59 25.59 26.07 26.07 26.39 26.36 26.39 26.34 26.45 26.49 26.49 26.49 26.35 26.05 26.05 26.05 26.07 26.40 26.37 26.38 26.41 26.39 26.21 26.37 26.43 26.28 26.23 26.40 26.38 26.33 26.28 26.18 26.30 26.39 26.18 25.90 26.20 26.07 26.37 26.37 25.91 25.83 25.71 26.03 26.10
99999.90 99999.90 99999.90 99999.90 99999.90 99999.90 99999.90 99999.90 99999.90 99999.90 99999.90 99999.90 99999.90 99999.90 99999.90 99999.90 99999.90 99999.90 99999.90 99999.90 99999.90 99999.90 99999.90 26.00 26.00 26.00 26.00 26.00 26.00 26.00 26.00 26.00 25.59 25.59 25.59 26.07 26.27 26.33 26.37 26.23 26.45 26.49 26.49 26.35 26.35 26.35 26.01 26.01 26.14 26.47 26.43 26.42 26.35 26.28 26.44 26.37 26.38 26.32 26.08 26.30 26.36 26.08 26.07 26.25 26.41 26.33 26.03 26.12 25.93 25.87 26.02 26.09 26.39 25.90 25.67 26.17 26.10
99999.90 99999.90 99999.90 99999.90 99999.90 99999.90 99999.90 99999.90 99999.90 99999.90 99999.90 99999.90 99999.90 99999.90 99999.90 99999.90 99999.90 99999.90 99999.90 99999.90 99999.90 99999.90 99999.90 26.00 26.00 26.00 26.00 26.00 26.00 26.00 26.00 26.00 26.00 25.24 25.24 25.35 25.81 26.26 26.42 26.03 26.38 26.38 26.12 26.35 26.35 26.35 26.04 26.04 26.47 26.46 26.43 26.41 26.20 26.22 26.39 26.42 26.37 26.18 26.16 26.14 26.19 26.09 25.92 26.16 26.34 26.27 26.29 26.13 25.51 25.94 25.94 26.04 26.29 25.94 26.18 26.37 26.09
99999.90 99999.90 99999.90 99999.90 99999.90 99999.90 99999.90 99999.90 99999.90 99999.90 99999.90 99999.90 99999.90 99999.90 99999.90 99999.90 99999.90 99999.90 99999.90 99999.90 99999.90 99999.90 99999.90 26.00 26.00 26.00 26.00 26.00 26.00 26.00 26.00 26.00 26.00 26.00 25.71 25.04 25.62 26.05 26.42 26.24 26.37 26.21 26.12 26.28 26.38 26.41 26.09 26.40 26.46 26.43 26.42 26.39 26.16 26.42 26.43 26.37 26.22 26.33 26.25 26.15 26.17 26.27 26.32 26.39 26.37 26.31 26.20 26.17 26.23 26.09 26.21 26.06 26.25 25.92 26.34 26.35 26.30
99999.90 99999.90 99999.90 99999.90 99999.90 99999.90 99999.90 99999.90 99999.90 99999.90 99999.90 99999.90 99999.90 99999.90 99999.90 99999.90 99999.90 99999.90 99999.90 99999.90 99999.90 99999.90 99999.90 26.40 26.40 26.40 26.40 26.40 26.40 26.40 26.40 26.40 26.40 26.40 26.01 25.28 24.73 25.54 26.10 26.09 26.15 25.76 25.70 26.13 26.37 26.39 26.41 26.45 26.43 26.41 26.39 26.03 26.42 26.39 26.43 26.42 26.22 26.45 26.34 26.32 25.89 26.05 26.17 26.32 26.23 26.27 26.28 26.27 26.24 26.04 26.07 26.07 25.96 26.34 26.34 26.43 26.38
99999.90 99999.90 99999.90 99999.90 99999.90 99999.90 99999.90 99999.90 99999.90 99999.90 99999.90 99999.90 99999.90 99999.90 99999.90 99999.90 99999.90 99999.90 99999.90 99999.90 99999.90 99999.90 99999.90 26.18 26.18 26.18 26.18 26.18 26.18 26.18 26.18 26.18 26.18 26.18 26.20 26.02 25.35 24.59 25.66 25.64 25.97 26.03 26.08 25.53 26.30 26.25 26.37 26.33 26.39 26.29 26.43 26.42 26.40 26.38 26.45 26.24 26.42 26.26 26.37 26.32 26.09 26.07 26.29 26.23 25.99 26.07 25.79 26.23 26.03 26.07 26.15 26.34 26.32 26.29 26.27 26.38 26.36
99999.90 99999.90 99999.90 99999.90 99999.90 99999.90 99999.90 99999.90 99999.90 99999.90 99999.90 99999.90 99999.90 99999.90 99999.90 99999.90 99999.90 99999.90 99999.90 99999.90 99999.90 99999.90 99999.90 26.34 26.34 26.34 26.34 26.34 26.34 26.34 26.34 26.34 26.34 26.34 26.12 25.92 25.79 25.63 25.42 25.56 26.24 25.54 26.08 26.00 26.05 26.10 26.20 26.38 26.40 26.32 26.41 26.41 26.40 26.40 26.23 26.27 26.36 26.19 26.09 25.87 26.10 26.27 26.10 26.02 26.00 26.24 26.28 26.36 25.88 26.07 26.20 25.81 26.11 25.71 26.25 25.99 26.25
99999.90 99999.90 99999.90 99999.90 99999.90 99999.90 99999.90 99999.90 99999.90 99999.90 99999.90 99999.90 99999.90 99999.90 99999.90 99999.90 99999.90 99999.90 99999.90 99999.90 99999.90 99999.90 99999.90 26.34 26.34 26.34 26.34 26.34 26.34 26.34 26.34 26.34 26.34 26.34 26.17 26.23 26.15 25.79 25.36 25.00 25.92 25.69 24.89 25.69 26.03 26.15 25.92 26.05 26.33 26.36 26.37 26.38 26.13 26.24 26.38 26.26 26.28 26.18 25.89 26.06 26.08 26.02 25.94 26.05 25.94 25.92 26.07 26.04 26.31 26.39 26.25 25.94 25.84 25.06 25.80 25.67 26.00
99999.90 99999.90 99999.90 99999.90 99999.90 99999.90 99999.90 99999.90 99999.90 99999.90 99999.90 99999.90 99999.90 99999.90 99999.90 99999.90 99999.90 99999.90 99999.90 99999.90 99999.90 99999.90 99999.90 26.34 26.34 26.34 26.34 26.34 26.34 26.34 26.34 26.34 26.34 26.17 26.17 26.11 26.23 26.15 25.60 25.57 25.96 25.78 24.94 26.17 26.06 25.55 26.17 25.79 26.18 26.29 26.38 26.34 25.98 26.04 26.37 26.31 26.07 25.84 26.07 26.13 26.14 25.77 25.72 26.31 25.74 25.51 26.27 26.02 25.50 26.25 25.76 26.04 26.05 25.81 26.06 26.10 24.91
99999.90 99999.90 99999.90 99999.90 99999.90 99999.90 99999.90 99999.90 99999.90 99999.90 99999.90 99999.90 99999.90 99999.90 99999.90 99999.90 99999.90 99999.90 99999.90 99999.90 99999.90 99999.90 99999.90 26.34 26.34 26.34 26.34 26.34 26.34 26.34 26.34 26.34 26.17 26.08 26.08 26.08 26.05 25.90 25.81 25.25 25.22 25.78 25.79 25.86 25.40 25.55 26.18 26.23 26.15 26.07 26.30 26.16 26.29 26.35 26.37 26.36 26.21 25.97 26.14 26.01 26.16 25.78 26.04 26.08 25.76 26.06 26.30 26.05 24.91 25.76 26.08 25.62 25.64 25.95 25.73 25.71 25.74
99999.90 99999.90 99999.90 99999.90 99999.90 99999.90 99999.90 99999.90 99999.90 99999.90 99999.90 99999.90 99999.90 99999.90 99999.90 99999.90 99999.90 99999.90 99999.90 99999.90 99999.90 99999.90 99999.90 26.34 26.34 26.34 26.34 26.34 26.34 26.34 26.34 26.08 26.08 26.08 26.08 26.08 25.67 25.60 25.54 24.92 25.41 25.86 25.64 25.82 25.69 25.58 25.41 25.77 25.61 26.23 26.18 26.22 26.29 26.27 26.36 26.36 26.13 26.07 26.14 26.04 26.11 25.95 26.20 25.55 25.90 26.25 25.45 25.95 25.84 25.39 26.26 25.86 25.81 26.02 26.32 26.00 25.74
99999.90 99999.90 99999.90 99999.90 99999.90 99999.90 99999.90 99999.90 99999.90 99999.90 99999.90 99999.90 99999.90 99999.90 99999.90 99999.90 99999.90 99999.90 99999.90 99999.90 99999.90 99999.90 99999.90 26.34 26.34 26.34 26.34 26.34 26.34 26.08 26.08 26.08 26.08 26.08 25.72 25.72 25.72 25.45 25.55 25.65 25.22 25.51 25.41 25.75 25.57 25.70 25.18 25.66 25.18 26.05 26.09 26.24 26.14 26.18 26.16 26.05 26.17 26.24 26.04 25.87 26.30 26.15 26.31 25.30 26.27 25.95 26.19 25.84 26.01 25.69 25.92 26.22 26.08 25.62 26.14 26.06 25.95
99999.90 99999.90 99999.90 99999.90 99999.90 99999.90 99999.90 99999.90 99999.90 99999.90 99999.90 99999.90 99999.90 99999.90 99999.90 99999.90 99999.90 99999.90 99999.90 99999.90 99999.90 99999.90 99999.90 26.34 26.34 26.34 26.34 26.34 26.08 26.08 26.08 26.08 25.89 25.89 25.89 25.89 25.89 25.83 25.73 25.42 25.30 25.35 25.65 25.38 25.74 25.52 24.85 25.22 25.84 25.61 25.39 25.85 26.08 26.19 26.29 26.33 26.04 25.97 26.11 26.04 26.16 26.27 26.21 26.31 26.12 25.73 26.19 25.45 25.23 26.06 25.33 26.37 26.32 26.25 25.62 25.64 25.91
99999.90 99999.90 99999.90 99999.90 99999.90 99999.90 99999.90 99999.90 99999.90 99999.90 99999.90 99999.90 99999.90 99999.90 99999.90 99999.90 99999.90 99999.90 99999.90 99999.90 99999.90 99999.90 99999.90 26.34 26.34 26.22 26.22 26.22 26.22 26.22 26.22 26.22 26.22 26.22 25.84 25.84 25.84 25.83 25.66 25.22 25.32 25.38 25.53 25.45 25.89 25.31 25.56 25.54 25.25 25.42 25.78 25.42 26.06 26.29 25.83 26.01 25.92 26.35 26.26 26.08 26.32 25.95 26.31 26.38 25.83 26.14 26.32 25.81 26.21 25.91 25.96 26.32 25.90 26.21 26.17 25.07 25.69
99999.90 99999.90 99999.90 99999.90 99999.90 99999.90 99999.90 99999.90 99999.90 99999.90 99999.90 99999.90 99999.90 99999.90 99999.90 99999.90 99999.90 99999.90 99999.90 99999.90 99999.90 99999.90 99999.90 26.34 26.34 26.22 26.22 26.22 26.22 26.22 26.22 26.22 26.22 26.22 26.22 26.02 26.02 25.96 25.55 25.28 25.59 25.39 25.32 25.53 25.64 25.28 25.61 25.55 25.86 25.31 25.41 25.66 25.41 25.35 26.03 25.75 26.22 25.79 26.38 26.10 26.32 25.89 26.38 26.31 26.00 26.34 26.19 25.97 26.30 25.98 26.24 26.29 26.25 25.96 25.67 25.68 25.90
99999.90 99999.90 99999.90 99999.90 99999.90 99999.90 99999.90 99999.90 99999.90 99999.90 99999.90 99999.90 99999.90 99999.90 99999.90 99999.90 99999.90 99999.90 99999.90 99999.90 99999.90 99999.90 26.15 26.34 26.34 26.22 26.22 26.22 26.22 26.22 26.22 26.22 26.22 26.22 26.22 26.22 26.19 26.05 26.08 25.80 25.42 26.15 25.96 25.57 25.89 25.38 25.86 25.76 25.96 26.02 25.15 25.55 24.99 25.58 26.07 25.99 25.78 25.97 26.21 26.37 26.30 26.17 26.22 26.06 26.22 26.30 26.29 26.30 26.31 26.27 26.24 26.31 26.34 25.94 25.89 25.99 25.64
99999.90 99999.90 99999.90 99999.90 99999.90 99999.90 99999.90 99999.90 99999.90 99999.90 99999.90 99999.90 99999.90 99999.90 99999.90 99999.90 99999.90 99999.90 99999.90 99999.90 99999.90 26.11 26.15 26.15 26.02 26.22 26.22 26.22 26.22 26.22 26.22 26.22 26.22 26.22 26.22 26.22 26.15 26.12 25.96 25.70 25.79 26.05 25.44 25.70 25.91 26.08 26.02 25.34 25.78 25.58 25.46 25.65 25.13 24.65 25.24 25.76 25.75 26.00 26.21 25.95 25.87 26.29 25.72 26.19 25.80 26.17 26.19 26.00 26.20 26.33 26.18 26.33 26.36 25.94 25.66 25.54 25.56
99999.90 99999.90 99999.90 99999.90 99999.90 99999.90 99999.90 99999.90 99999.90 99999.90 99999.90 99999.90 99999.90 99999.90 99999.90 99999.90 99999.90 99999.90 99999.90 99999.90 99999.90 26.11 26.11 26.15 26.15 26.19 26.19 26.19 26.19 26.19 26.19 26.19 26.19 26.19 26.19 26.19 26.15 26.12 25.98 25.85 25.64 26.05 25.26 25.82 25.61 25.33 25.84 25.87 25.50 25.21 25.61 25.78 25.82 25.41 25.45 25.84 25.16 25.59 26.00 25.37 25.73 25.93 25.63 26.05 26.20 26.13 26.12 25.56 26.04 25.39 25.94 26.29 26.33 26.27 26.00 25.65 25.00
99999.90 99999.90 99999.90 99999.90 99999.90 99999.90 99999.90 99999.90 99999.90 99999.90 99999.90 99999.90 99999.90 99999.90 99999.90 99999.90 99999.90 99999.90 99999.90 99999.90 26.18 26.11 26.11 26.11 26.15 26.15 26.08 26.08 26.08 26.08 26.08 26.08 26.08 26.08 26.08 26.08 26.17 26.15 25.86 25.81 25.78 25.51 25.75 25.94 25.85 25.67 26.15 25.54 25.68 25.69 25.47 25.23 25.85 25.92 25.17 25.85 25.99 25.18 25.73 25.46 24.75 25.37 25.64 25.58 25.82 26.02 26.16 25.48 25.98 25.84 25.48 25.87 25.87 25.68 25.81 25.72 25.42
99999.90 99999.90 99999.90 99999.90 99999.90 99999.90 99999.90 99999.90 99999.90 99999.90 99999.90 99999.90 99999.90 99999.90 99999.90 99999.90 99999.90 99999.90 99999.90 99999.90 26.18 26.11 26.11 26.11 26.11 26.15 26.15 26.02 26.11 26.11 26.11 26.11 26.11 26.11 26.11 26.11 26.18 26.23 26.11 26.04 25.68 25.58 25.73 25.98 25.85 25.66 25.75 25.81 25.91 25.69 25.68 25.43 25.93 25.87 25.65 25.42 25.83 25.61 25.41 25.19 25.00 25.88 24.74 25.37 25.67 25.95 25.33 25.38 25.33 26.27 25.89 24.79 24.42 25.15 25.68 25.92 25.08
99999.90 99999.90 99999.90 99999.90 99999.90 99999.90 99999.90 99999.90 99999.90 99999.90 99999.90 99999.90 99999.90 99999.90 99999.90 99999.90 99999.90 99999.90 99999.90 26.21 26.18 26.11 26.11 26.11 26.11 26.11 26.15 26.15 26.02 26.02 26.15 26.15 26.15 26.15 26.15 26.15 26.16 26.22 26.19 25.95 26.00 25.84 25.44 25.66 25.63 26.18 25.85 25.30 26.18 26.23 25.60 25.82 25.92 25.81 25.21 25.83 25.69 25.06 25.63 24.90 25.68 25.58 25.43 26.07 25.95 25.05 25.33 26.22 25.95 26.16 25.39 24.63 25.00 24.68 25.60 25.83 25.37
99999.90 99999.90 99999.90 99999.90 99999.90 99999.90 99999.90 99999.90 99999.90 99999.90 99999.90 99999.90 99999.90 99999.90 99999.90 99999.90 99999.90 99999.90 99999.90 26.21 26.18 26.11 26.11 26.11 26.11 26.11 26.11 26.15 26.15 26.02 26.02 26.02 26.02 26.14 26.14 26.14 26.15 26.21 26.13 26.12 26.03 26.07 25.75 25.57 25.80 26.03 26.24 26.21 25.90 25.87 26.01 26.16 26.08 25.77 25.69 26.02 25.64 25.73 25.66 25.69 25.66 25.31 25.33 25.91 25.47 25.28 25.99 25.46 25.54 26.00 25.57 25.31 25.16 24.55 24.87 25.92 25.42
99999.90 99999.90 99999.90 99999.90 99999.90 99999.90 99999.90 99999.90 99999.90 99999.90 99999.90 99999.90 99999.90 99999.90 99999.90 99999.90 99999.90 99999.90 99999.90 26.21 26.18 26.11 26.11 26.11 26.11 26.11 26.11 26.11 26.15 26.15 26.02 26.02 26.02 26.02 26.08 26.08 26.06 26.22 25.90 25.86 25.98 26.06 25.78 25.85 25.53 25.93 25.94 26.12 26.13 26.27 26.17 26.21 25.50 26.10 26.14 25.93 25.55 26.05 25.29 25.73 26.03 25.40 25.69 25.59 25.88 25.64 26.25 25.48 25.66 25.98 24.95 24.63 25.04 25.91 24.92 24.75 25.09
99999.90 99999.90 99999.90 99999.90 99999.90 99999.90 99999.90 99999.90 99999.90 99999.90 99999.90 99999.90 99999.90 99999.90 99999.90 99999.90 99999.90 99999.90 26.17 26.21 26.18 26.18 26.18 26.11 26.11 26.11 26.11 26.11 26.11 26.15 26.15 26.02 26.02 26.02 26.02 26.02 26.01 26.19 26.07 26.01 26.16 25.81 25.90 25.83 25.07 25.72 25.26 26.12 26.07 26.24 26.07 25.83 25.56 25.99 25.91 25.84 26.03 25.69 25.81 25.27 25.97 26.01 25.96 25.48 25.72 26.00 26.07 25.57 25.76 25.70 25.03 25.23 25.67 25.61 26.01 25.59 24.89
99999.90 99999.90 99999.90 99999.90 99999.90 99999.90 99999.90 99999.90 99999.90 99999.90 99999.90 99999.90 99999.90 99999.90 99999.90 99999.90 99999.90 99999.90 26.17 26.21 26.18 26.18 26.18 26.18 26.18 26.11 26.11 26.11 26.11 26.11 26.15 26.15 26.02 26.02 26.00 26.00 26.10 26.22 26.16 26.14 25.79 25.76 25.87 26.02 25.55 26.00 25.95 26.06 25.53 26.14 26.15 25.84 25.23 26.10 25.87 26.06 25.86 25.50 26.07 26.07 26.26 26.28 26.03 26.13 25.46 25.68 26.03 26.02 25.39 25.63 25.58 25.27 25.74 24.90 25.62 25.50 25.24
