main/data/irradiance/08.05.2023.grid
ncols 839
nrows 679
xllcenter 112.0500
yllcenter -43.9500
cellsize 0.0500
nodata_value 99999.90
[rows 408 to 441 of 679, columns 231 to 307 of 839]
15.13 15.13 15.04 15.08 15.09 15.06 15.06 15.06 15.06 15.05 15.05 15.03 15.06 15.04 15.02 15.02 15.02 15.01 15.03 15.04 15.05 15.07 15.07 15.06 15.05 15.06 15.07 15.07 15.08 15.06 15.07 15.09 15.10 15.11 15.08 15.10 15.10 15.10 15.12 15.11 15.09 15.10 15.11 15.14 15.14 15.14 15.16 15.09 15.14 15.06 15.11 15.09 15.04 15.12 15.14 15.13 15.14 15.07 15.06 15.07 15.10 15.07 14.98 15.02 15.06 15.07 15.04 15.02 15.05 15.02 15.05 15.05 15.08 15.05 15.03 15.03 15.05
15.09 15.06 15.08 15.05 15.05 15.03 15.00 15.02 15.04 15.03 15.01 14.99 15.02 15.07 15.02 15.00 15.01 15.00 15.00 15.02 15.04 15.03 15.03 15.03 15.04 15.04 15.03 15.04 15.03 15.04 15.07 15.10 15.10 15.09 15.11 15.13 15.08 15.11 15.11 15.12 15.05 15.07 15.10 15.12 15.13 15.15 15.17 15.12 15.09 15.11 15.07 15.01 15.06 15.12 15.11 15.07 15.10 15.11 15.09 15.10 15.09 15.09 15.04 14.97 14.99 15.06 15.08 15.05 14.98 14.98 15.02 15.01 14.99 15.03 15.06 15.08 15.04
15.03 15.03 15.00 14.99 15.02 15.00 14.98 14.98 14.99 14.99 14.99 14.98 15.00 15.01 15.03 15.02 14.99 14.99 14.99 15.01 14.99 15.00 15.03 15.00 15.01 15.01 15.01 15.02 15.02 15.05 15.06 15.05 15.13 15.13 15.13 15.11 15.11 15.08 15.01 15.05 15.02 14.98 15.07 15.10 15.12 15.12 15.15 15.14 15.10 15.06 15.08 15.05 15.08 15.15 15.11 15.10 15.01 15.05 15.11 15.09 15.11 15.10 15.07 15.06 15.06 15.04 15.03 15.02 14.94 14.88 14.89 14.99 14.96 14.95 14.99 15.02 15.00
14.97 14.97 14.97 14.97 14.99 14.99 14.95 14.95 14.94 14.95 14.96 14.96 14.97 14.96 14.97 14.99 14.97 14.98 14.99 14.98 15.00 14.98 14.99 15.00 15.00 15.00 14.99 14.98 15.00 15.03 15.04 15.06 15.06 15.06 15.08 15.07 15.07 14.98 14.90 14.97 14.96 14.98 15.03 15.09 15.12 15.08 15.09 15.10 15.03 15.05 15.09 15.09 15.05 15.08 15.10 15.12 15.12 15.10 15.07 15.03 15.03 15.06 15.08 15.05 15.03 15.06 15.04 15.01 14.94 14.87 14.81 14.79 14.80 14.86 14.90 14.89 14.93
14.94 14.96 14.98 14.96 14.96 14.97 14.94 14.94 14.93 14.97 14.96 14.96 14.95 14.95 14.94 14.96 14.94 14.95 14.98 14.96 14.98 14.99 15.00 14.99 15.00 14.99 14.98 14.98 14.99 15.03 15.03 14.99 15.00 15.02 14.97 14.96 14.96 14.98 14.94 14.93 14.96 14.92 14.98 15.07 15.07 14.99 14.98 15.01 15.05 15.02 15.06 15.03 15.03 15.05 15.03 15.08 15.07 15.07 15.05 15.02 14.99 15.03 15.09 15.04 15.02 15.02 14.99 14.97 14.95 14.95 14.89 14.86 14.79 14.90 14.92 14.83 14.89
14.95 14.95 14.97 14.95 14.92 14.95 14.96 14.96 14.96 14.97 14.97 14.95 14.91 14.91 14.91 14.89 14.89 14.92 14.94 14.94 14.96 14.97 14.98 14.97 14.99 14.98 14.98 14.97 14.98 14.99 14.97 14.99 14.98 15.01 15.01 14.98 14.93 14.92 14.92 14.88 14.87 14.89 14.94 15.00 15.01 15.00 15.02 15.04 15.04 15.02 15.04 15.01 15.03 14.93 14.97 14.99 15.03 15.00 15.00 14.99 14.97 14.98 15.00 14.98 15.00 15.00 15.01 14.95 14.94 14.93 14.93 14.89 14.86 14.88 14.94 14.87 14.84
14.93 14.93 14.92 14.91 14.92 14.91 14.94 14.95 14.94 14.93 14.94 14.91 14.88 14.88 14.87 14.88 14.91 14.90 14.91 14.93 14.94 14.94 14.95 14.96 14.98 14.95 14.96 14.96 14.94 14.94 14.97 14.96 14.98 14.98 14.94 14.97 14.91 14.87 14.90 14.91 14.89 14.88 14.92 14.95 14.92 14.90 14.94 14.96 14.96 14.96 14.98 14.90 14.99 15.01 15.00 14.95 14.89 14.92 14.98 14.99 14.94 14.95 14.98 14.97 14.98 14.99 14.99 14.92 14.90 14.91 14.93 14.94 14.88 14.87 14.90 14.92 14.93
14.91 14.91 14.92 14.91 14.92 14.92 14.90 14.92 14.91 14.88 14.91 14.91 14.88 14.87 14.87 14.89 14.92 14.92 14.92 14.92 14.94 14.94 14.95 14.95 14.96 14.95 14.94 14.96 14.93 14.93 14.91 14.93 14.96 14.90 14.92 14.90 14.93 14.92 14.87 14.92 14.89 14.85 14.87 14.90 14.93 14.90 14.93 14.92 14.93 14.96 14.94 14.99 14.99 15.00 14.91 14.94 14.85 14.88 14.86 14.92 14.97 14.94 14.95 14.95 14.97 14.97 14.97 14.97 14.92 14.91 14.94 14.96 14.95 14.94 14.93 14.92 14.93
14.89 14.89 14.88 14.88 14.91 14.91 14.89 14.84 14.84 14.87 14.89 14.91 14.88 14.86 14.86 14.88 14.90 14.91 14.91 14.92 14.94 14.94 14.93 14.94 14.93 14.89 14.97 14.91 14.93 14.95 14.94 14.90 14.83 14.88 14.94 14.95 14.93 14.92 14.89 14.89 14.88 14.85 14.88 14.90 14.92 14.94 14.89 14.88 14.88 14.91 14.94 14.95 14.97 14.94 14.93 14.87 14.86 14.81 14.84 14.88 14.95 14.91 14.86 14.88 14.90 14.90 14.93 14.94 14.92 14.91 14.93 14.92 14.91 14.87 14.89 14.86 14.88
14.86 14.86 14.86 14.86 14.87 14.87 14.86 14.83 14.82 14.84 14.88 14.88 14.82 14.84 14.85 14.86 14.87 14.90 14.93 14.92 14.91 14.93 14.94 14.94 14.93 14.91 14.92 14.87 14.85 14.83 14.86 14.82 14.79 14.75 14.77 14.87 14.87 14.85 14.86 14.88 14.88 14.88 14.86 14.87 14.90 14.88 14.95 14.94 14.91 14.85 14.90 14.85 14.93 14.92 14.92 14.94 14.91 14.90 14.85 14.84 14.87 14.90 14.93 14.90 14.87 14.85 14.88 14.92 14.94 14.91 14.91 14.91 14.90 14.88 14.89 14.89 14.85
14.84 14.86 14.86 14.85 14.85 14.85 14.82 14.80 14.82 14.83 14.86 14.82 14.80 14.82 14.84 14.84 14.86 14.88 14.86 14.91 14.92 14.90 14.88 14.91 14.93 14.92 14.87 14.87 14.80 14.77 14.84 14.83 14.79 14.76 14.80 14.78 14.81 14.88 14.87 14.90 14.87 14.88 14.87 14.85 14.89 14.90 14.93 14.95 14.93 14.90 14.89 14.91 14.88 14.91 14.91 14.94 14.94 14.92 14.88 14.87 14.84 14.84 14.88 14.89 14.88 14.86 14.82 14.87 14.89 14.90 14.92 14.91 14.91 14.90 14.88 14.88 14.86
14.78 14.84 14.85 14.84 14.85 14.86 14.81 14.81 14.82 14.78 14.81 14.77 14.78 14.79 14.84 14.83 14.84 14.85 14.86 14.88 14.88 14.90 14.88 14.90 14.90 14.90 14.87 14.82 14.79 14.83 14.82 14.81 14.80 14.80 14.84 14.82 14.82 14.83 14.85 14.89 14.89 14.90 14.90 14.90 14.88 14.86 14.88 14.88 14.94 14.91 14.92 14.91 14.90 14.90 14.91 14.89 14.86 14.87 14.89 14.87 14.79 14.83 14.81 14.83 14.82 14.87 14.85 14.84 14.90 14.92 14.91 14.88 14.91 14.89 14.88 14.88 14.84
14.77 14.77 14.79 14.81 14.81 14.82 14.81 14.78 14.79 14.81 14.82 14.79 14.78 14.78 14.81 14.82 14.82 14.81 14.84 14.82 14.87 14.88 14.84 14.86 14.87 14.82 14.82 14.80 14.81 14.78 14.81 14.82 14.83 14.83 14.81 14.81 14.83 14.85 14.86 14.88 14.90 14.91 14.88 14.85 14.83 14.85 14.87 14.88 14.88 14.88 14.87 14.88 14.86 14.89 14.87 14.86 14.85 14.83 14.81 14.73 14.76 14.71 14.75 14.76 14.79 14.82 14.84 14.85 14.86 14.89 14.91 14.86 14.85 14.85 14.85 14.88 14.86
14.76 14.78 14.78 14.75 14.73 14.76 14.77 14.75 14.74 14.76 14.78 14.80 14.77 14.79 14.77 14.80 14.78 14.77 14.76 14.77 14.80 14.83 14.84 14.79 14.79 14.77 14.75 14.77 14.79 14.78 14.80 14.81 14.82 14.82 14.81 14.84 14.83 14.83 14.85 14.85 14.85 14.88 14.86 14.82 14.80 14.84 14.86 14.86 14.83 14.84 14.86 14.84 14.84 14.86 14.84 14.83 14.82 14.79 14.77 14.80 14.78 14.77 14.71 14.76 14.80 14.79 14.81 14.82 14.82 14.85 14.86 14.85 14.83 14.83 14.82 14.84 14.83
14.74 14.76 14.75 14.72 14.71 14.71 14.73 14.73 14.74 14.74 14.79 14.79 14.73 14.73 14.73 14.77 14.72 14.75 14.73 14.74 14.74 14.80 14.78 14.74 14.78 14.81 14.79 14.81 14.81 14.79 14.78 14.78 14.78 14.79 14.80 14.81 14.81 14.81 14.80 14.80 14.82 14.82 14.84 14.80 14.80 14.80 14.79 14.80 14.81 14.84 14.82 14.84 14.84 14.84 14.83 14.83 14.80 14.80 14.79 14.81 14.82 14.82 14.82 14.78 14.77 14.76 14.78 14.78 14.80 14.82 14.82 14.81 14.78 14.79 14.81 14.80 14.80
14.74 14.73 14.70 14.68 14.69 14.70 14.69 14.67 14.68 14.73 14.75 14.75 14.72 14.71 14.75 14.74 14.75 14.75 14.71 14.73 14.75 14.78 14.78 14.73 14.75 14.78 14.80 14.78 14.77 14.77 14.77 14.78 14.76 14.75 14.76 14.76 14.72 14.75 14.79 14.80 14.79 14.77 14.80 14.78 14.80 14.80 14.78 14.75 14.78 14.81 14.80 14.82 14.80 14.81 14.82 14.79 14.81 14.79 14.77 14.73 14.78 14.79 14.78 14.77 14.77 14.75 14.76 14.73 14.76 14.79 14.79 14.72 14.74 14.71 14.78 14.80 14.78
14.71 14.69 14.65 14.66 14.68 14.68 14.67 14.66 14.69 14.72 14.74 14.71 14.67 14.70 14.76 14.72 14.72 14.75 14.73 14.71 14.72 14.75 14.76 14.70 14.71 14.71 14.72 14.75 14.76 14.75 14.76 14.76 14.74 14.73 14.74 14.75 14.74 14.75 14.77 14.78 14.78 14.80 14.79 14.80 14.80 14.79 14.80 14.74 14.76 14.79 14.76 14.78 14.79 14.79 14.79 14.79 14.79 14.78 14.76 14.76 14.78 14.76 14.75 14.73 14.74 14.75 14.72 14.74 14.77 14.75 14.76 14.72 14.70 14.69 14.71 14.73 14.75
14.67 14.66 14.64 14.65 14.66 14.65 14.66 14.69 14.65 14.68 14.67 14.70 14.66 14.68 14.74 14.77 14.72 14.68 14.68 14.70 14.72 14.74 14.74 14.70 14.67 14.69 14.68 14.69 14.70 14.74 14.70 14.72 14.74 14.75 14.75 14.74 14.73 14.73 14.74 14.74 14.75 14.77 14.77 14.78 14.78 14.73 14.75 14.77 14.77 14.75 14.74 14.72 14.74 14.77 14.76 14.75 14.77 14.75 14.75 14.76 14.74 14.73 14.73 14.73 14.71 14.69 14.69 14.74 14.71 14.73 14.74 14.72 14.73 14.67 14.70 14.70 14.73
14.62 14.61 14.62 14.65 14.65 14.66 14.67 14.69 14.67 14.64 14.60 14.64 14.64 14.65 14.68 14.70 14.73 14.72 14.68 14.66 14.65 14.68 14.66 14.66 14.66 14.67 14.68 14.68 14.67 14.69 14.67 14.69 14.68 14.72 14.70 14.70 14.72 14.71 14.70 14.70 14.68 14.69 14.73 14.74 14.74 14.73 14.73 14.72 14.75 14.74 14.74 14.74 14.74 14.73 14.75 14.75 14.74 14.74 14.74 14.74 14.73 14.72 14.71 14.70 14.70 14.70 14.72 14.71 14.71 14.69 14.70 14.71 14.72 14.71 14.70 14.67 14.69
14.59 14.60 14.62 14.62 14.62 14.64 14.64 14.68 14.67 14.63 14.59 14.62 14.63 14.61 14.62 14.64 14.66 14.66 14.63 14.63 14.62 14.66 14.64 14.64 14.65 14.63 14.65 14.66 14.70 14.68 14.70 14.66 14.64 14.68 14.69 14.70 14.69 14.68 14.68 14.70 14.71 14.71 14.71 14.71 14.70 14.71 14.71 14.71 14.72 14.72 14.73 14.73 14.71 14.72 14.72 14.73 14.73 14.73 14.72 14.71 14.71 14.72 14.71 14.70 14.69 14.71 14.71 14.70 14.70 14.69 14.69 14.71 14.70 14.69 14.67 14.66 14.65
14.55 14.58 14.60 14.60 14.59 14.60 14.62 14.61 14.64 14.65 14.61 14.58 14.59 14.59 14.58 14.60 14.63 14.60 14.61 14.63 14.61 14.64 14.66 14.63 14.64 14.64 14.62 14.62 14.65 14.67 14.65 14.65 14.61 14.61 14.64 14.68 14.68 14.61 14.63 14.67 14.69 14.69 14.69 14.68 14.69 14.70 14.70 14.68 14.68 14.70 14.71 14.71 14.68 14.69 14.70 14.70 14.70 14.68 14.70 14.69 14.70 14.69 14.68 14.68 14.69 14.69 14.69 14.69 14.69 14.68 14.68 14.68 14.67 14.66 14.65 14.66 14.59
14.53 14.55 14.54 14.55 14.55 14.53 14.56 14.59 14.57 14.60 14.60 14.59 14.55 14.55 14.58 14.59 14.59 14.58 14.59 14.64 14.63 14.65 14.65 14.60 14.62 14.64 14.61 14.61 14.63 14.66 14.63 14.64 14.60 14.61 14.61 14.59 14.61 14.61 14.60 14.65 14.65 14.63 14.64 14.66 14.67 14.67 14.67 14.66 14.65 14.65 14.67 14.68 14.68 14.65 14.66 14.66 14.67 14.67 14.68 14.68 14.68 14.67 14.67 14.66 14.68 14.68 14.67 14.67 14.64 14.66 14.65 14.66 14.65 14.61 14.62 14.65 14.64
14.51 14.52 14.53 14.52 14.54 14.53 14.54 14.53 14.58 14.60 14.55 14.52 14.53 14.55 14.56 14.55 14.56 14.56 14.58 14.56 14.61 14.64 14.64 14.63 14.64 14.63 14.62 14.62 14.63 14.62 14.56 14.54 14.57 14.61 14.61 14.55 14.59 14.63 14.64 14.63 14.62 14.61 14.61 14.60 14.62 14.63 14.64 14.63 14.63 14.63 14.64 14.64 14.63 14.63 14.62 14.63 14.64 14.66 14.65 14.66 14.66 14.65 14.66 14.63 14.66 14.65 14.65 14.63 14.64 14.63 14.64 14.62 14.62 14.66 14.66 14.64 14.63
14.49 14.48 14.50 14.53 14.53 14.52 14.51 14.53 14.56 14.54 14.54 14.52 14.51 14.52 14.54 14.52 14.53 14.56 14.58 14.58 14.56 14.56 14.59 14.61 14.61 14.59 14.59 14.58 14.59 14.60 14.60 14.54 14.58 14.58 14.59 14.56 14.56 14.60 14.60 14.63 14.61 14.60 14.59 14.60 14.62 14.61 14.61 14.61 14.59 14.58 14.60 14.62 14.60 14.60 14.62 14.61 14.61 14.63 14.64 14.64 14.64 14.64 14.64 14.64 14.62 14.62 14.58 14.58 14.58 14.62 14.52 14.62 14.63 14.64 14.64 14.61 14.60
14.45 14.45 14.46 14.47 14.47 14.48 14.48 14.50 14.50 14.52 14.51 14.49 14.50 14.49 14.50 14.51 14.52 14.55 14.56 14.59 14.54 14.57 14.57 14.56 14.57 14.57 14.56 14.57 14.57 14.57 14.58 14.56 14.50 14.49 14.56 14.56 14.57 14.57 14.59 14.57 14.58 14.59 14.56 14.57 14.59 14.59 14.60 14.58 14.57 14.54 14.57 14.59 14.58 14.59 14.61 14.60 14.58 14.60 14.60 14.61 14.61 14.62 14.61 14.60 14.58 14.58 14.59 14.60 14.52 14.52 14.55 14.62 14.59 14.59 14.53 14.52 14.58
14.42 14.43 14.43 14.43 14.44 14.46 14.46 14.45 14.46 14.50 14.48 14.45 14.46 14.47 14.49 14.48 14.49 14.52 14.55 14.55 14.52 14.53 14.52 14.54 14.57 14.58 14.57 14.55 14.55 14.54 14.53 14.54 14.56 14.51 14.50 14.56 14.53 14.54 14.56 14.55 14.56 14.56 14.53 14.55 14.56 14.57 14.58 14.57 14.54 14.53 14.55 14.53 14.57 14.56 14.58 14.58 14.58 14.59 14.59 14.60 14.59 14.58 14.58 14.59 14.59 14.57 14.56 14.54 14.51 14.53 14.50 14.46 14.53 14.54 14.53 14.51 14.50
14.41 14.42 14.41 14.41 14.42 14.44 14.44 14.44 14.45 14.44 14.45 14.46 14.47 14.45 14.46 14.46 14.49 14.51 14.51 14.53 14.51 14.50 14.51 14.51 14.52 14.56 14.55 14.54 14.54 14.53 14.52 14.54 14.54 14.51 14.50 14.54 14.53 14.52 14.54 14.55 14.53 14.54 14.53 14.55 14.54 14.55 14.55 14.53 14.54 14.52 14.52 14.51 14.50 14.48 14.54 14.52 14.53 14.54 14.55 14.55 14.55 14.54 14.52 14.54 14.52 14.52 14.55 14.53 14.54 14.56 14.50 14.55 14.47 14.36 14.37 14.47 14.44
14.40 14.41 14.39 14.39 14.41 14.42 14.42 14.41 14.42 14.42 14.41 14.44 14.44 14.45 14.45 14.48 14.53 14.48 14.46 14.50 14.47 14.48 14.48 14.50 14.51 14.52 14.50 14.53 14.52 14.50 14.51 14.52 14.53 14.54 14.54 14.54 14.54 14.55 14.51 14.51 14.49 14.52 14.52 14.53 14.52 14.52 14.54 14.55 14.54 14.55 14.54 14.53 14.53 14.50 14.50 14.51 14.51 14.50 14.52 14.52 14.50 14.53 14.52 14.42 14.45 14.42 14.50 14.49 14.50 14.52 14.50 14.46 14.30 14.33 14.22 14.17 14.21
14.39 14.40 14.38 14.37 14.40 14.39 14.39 14.41 14.40 14.40 14.41 14.42 14.42 14.43 14.44 14.46 14.48 14.47 14.47 14.49 14.45 14.44 14.46 14.48 14.48 14.47 14.46 14.48 14.47 14.48 14.50 14.50 14.50 14.51 14.53 14.52 14.50 14.52 14.52 14.52 14.51 14.52 14.50 14.50 14.50 14.51 14.51 14.51 14.52 14.53 14.53 14.52 14.50 14.48 14.50 14.51 14.49 14.49 14.47 14.46 14.47 14.45 14.49 14.44 14.36 14.19 14.24 14.36 14.39 14.35 14.17 14.11 14.18 14.14 14.00 13.95 13.91
14.38 14.38 14.35 14.33 14.35 14.38 14.38 14.38 14.37 14.37 14.38 14.40 14.41 14.40 14.40 14.41 14.43 14.42 14.43 14.44 14.45 14.44 14.44 14.44 14.45 14.48 14.45 14.48 14.47 14.46 14.46 14.47 14.48 14.49 14.50 14.49 14.49 14.49 14.50 14.50 14.49 14.49 14.49 14.50 14.50 14.48 14.49 14.49 14.47 14.50 14.49 14.47 14.44 14.45 14.46 14.47 14.45 14.44 14.41 14.42 14.32 14.30 14.21 14.35 14.28 14.22 14.31 14.08 14.10 14.00 14.10 14.10 14.08 13.91 13.81 13.85 13.29
14.35 14.34 14.32 14.32 14.32 14.34 14.36 14.38 14.37 14.36 14.37 14.37 14.38 14.38 14.38 14.36 14.37 14.39 14.39 14.39 14.40 14.39 14.41 14.41 14.40 14.40 14.43 14.46 14.44 14.43 14.43 14.44 14.45 14.47 14.46 14.48 14.48 14.48 14.48 14.48 14.44 14.45 14.47 14.49 14.47 14.45 14.44 14.43 14.45 14.46 14.43 14.45 14.43 14.44 14.40 14.36 14.34 14.34 14.31 14.31 14.28 14.04 13.90 14.14 14.26 14.09 14.05 14.11 14.10 14.12 14.12 13.98 13.80 13.74 13.69 13.49 13.09
14.32 14.30 14.29 14.31 14.32 14.31 14.33 14.36 14.35 14.34 14.34 14.35 14.36 14.35 14.34 14.34 14.33 14.37 14.38 14.36 14.36 14.36 14.37 14.39 14.38 14.38 14.39 14.39 14.38 14.38 14.38 14.41 14.42 14.44 14.47 14.45 14.47 14.46 14.46 14.45 14.45 14.44 14.44 14.45 14.44 14.42 14.40 14.40 14.40 14.42 14.43 14.38 14.33 14.23 14.32 14.36 14.32 14.25 14.21 13.89 13.83 13.69 13.72 13.92 13.89 13.93 13.81 14.00 14.03 14.09 13.91 13.86 13.65 13.40 13.47 13.46 13.28
14.27 14.27 14.27 14.28 14.29 14.31 14.32 14.33 14.35 14.35 14.35 14.33 14.35 14.36 14.35 14.33 14.33 14.35 14.35 14.37 14.35 14.34 14.35 14.37 14.36 14.37 14.37 14.35 14.36 14.38 14.39 14.40 14.40 14.41 14.43 14.43 14.44 14.43 14.42 14.41 14.41 14.41 14.41 14.39 14.38 14.38 14.37 14.37 14.34 14.26 14.18 14.15 14.23 14.22 14.24 14.07 13.94 13.81 13.81 13.70 13.51 13.68 13.66 13.47 13.54 13.41 13.59 13.58 13.80 13.47 13.41 13.34 13.46 13.30 12.94 12.80 12.51
14.25 14.25 14.26 14.28 14.28 14.29 14.30 14.34 14.36 14.32 14.33 14.33 14.32 14.35 14.31 14.29 14.31 14.31 14.31 14.31 14.33 14.37 14.36 14.36 14.35 14.35 14.36 14.35 14.35 14.36 14.35 14.37 14.39 14.39 14.40 14.41 14.41 14.40 14.39 14.38 14.38 14.36 14.36 14.36 14.34 14.31 14.23 14.25 14.23 14.00 13.92 14.12 14.03 14.11 13.97 13.93 13.78 13.49 13.21 13.10 13.24 13.23 12.94 12.86 13.01 13.14 13.20 13.35 13.20 13.01 13.07 12.50 12.82 12.57 12.60 12.64 12.52
