main/data/irradiance/08.01.2023.grid
ncols 839
nrows 679
xllcenter 112.0500
yllcenter -43.9500
cellsize 0.0500
nodata_value 99999.90
[rows 136 to 169 of 679, columns 616 to 692 of 839]
26.26 25.30 27.46 25.92 25.90 25.01 26.36 25.92 26.02 25.36 25.93 25.74 24.36 25.29 25.71 25.80 24.54 23.69 23.53 23.70 24.12 25.43 26.67 26.93 26.37 26.39 25.50 25.87 25.56 24.65 24.81 23.41 21.40 20.48 22.52 23.70 22.35 21.17 21.37 19.39 17.39 20.73 20.00 17.15 18.46 17.74 17.66 18.49 18.37 18.27 18.93 19.92 19.50 19.35 20.53 18.89 19.37 18.48 18.48 18.48 18.14 18.92 18.92 18.92 18.92 18.92 18.92 18.92 18.92 18.92 18.92 18.92 16.82 18.13 99999.90 99999.90 99999.90
26.80 26.70 27.46 26.31 25.70 24.98 25.43 25.71 26.14 27.20 27.40 26.73 25.13 25.11 25.69 25.05 24.62 24.70 24.34 24.93 24.36 26.43 26.13 27.11 27.45 27.21 26.19 25.03 23.85 24.92 23.20 22.69 22.24 22.20 22.17 21.17 19.19 19.60 17.48 17.17 16.06 19.02 20.39 19.61 17.64 17.27 17.81 18.52 18.95 16.26 16.15 17.70 18.65 18.86 18.52 17.39 19.54 18.96 18.96 19.12 18.14 18.92 18.92 18.92 18.92 18.92 18.92 18.92 18.92 18.92 18.92 18.92 16.82 18.13 19.71 99999.90 99999.90
26.25 25.60 26.50 25.61 25.45 26.08 25.46 25.89 26.63 26.82 27.25 27.34 25.81 26.03 25.18 25.04 26.57 24.69 25.13 25.31 26.06 26.77 26.56 25.74 26.52 27.33 27.22 26.00 25.04 25.09 24.20 23.05 21.50 21.28 20.19 21.13 21.59 19.25 19.33 19.12 18.56 20.51 19.69 19.42 19.42 18.98 18.65 17.52 17.92 17.55 16.26 18.48 18.84 17.64 17.94 16.43 17.13 17.34 17.34 19.12 18.14 18.92 18.92 18.92 18.92 18.92 18.92 18.92 18.92 18.92 18.92 18.92 16.82 19.71 19.71 99999.90 99999.90
25.42 25.82 24.95 25.69 26.46 26.44 26.68 26.52 26.30 26.81 26.31 26.15 25.02 25.32 26.51 26.35 26.46 23.66 24.02 24.72 26.09 26.19 27.08 25.77 25.48 26.15 26.60 25.59 24.62 24.77 24.86 24.53 24.39 22.74 22.68 23.13 21.11 20.68 19.33 19.20 20.41 19.16 17.74 18.14 18.96 19.07 18.91 15.79 15.77 17.95 17.95 18.28 17.82 17.23 16.20 16.68 15.98 16.22 15.07 17.00 19.96 18.92 18.92 18.92 18.92 18.92 18.92 18.92 18.92 18.92 18.92 18.92 16.82 19.71 19.71 99999.90 99999.90
25.25 25.53 24.88 25.23 26.61 26.70 26.92 27.86 26.88 26.94 25.38 24.10 25.58 25.27 26.40 26.23 24.54 22.09 22.75 25.18 24.93 24.52 26.07 25.63 25.81 26.02 25.92 25.83 25.16 24.75 24.13 24.85 25.41 24.98 24.25 23.27 21.81 21.18 22.46 21.99 18.43 19.62 19.30 18.03 18.03 18.13 20.30 18.64 18.13 18.10 19.13 18.67 18.57 17.28 15.14 14.93 14.82 13.58 15.04 18.04 20.41 20.41 20.41 18.92 18.92 18.92 18.92 18.92 16.82 16.82 16.82 16.82 19.71 19.71 19.71 99999.90 99999.90
26.37 24.93 25.24 25.67 25.36 26.56 27.20 28.37 28.30 27.38 25.83 25.79 25.47 26.13 26.26 24.66 24.71 25.15 24.08 25.15 24.79 24.77 25.81 25.56 25.25 26.07 25.41 25.82 25.01 24.05 24.54 23.96 24.08 23.73 23.69 23.94 23.53 23.07 22.90 20.35 18.75 19.06 16.94 16.98 20.06 18.60 18.58 20.53 20.91 20.32 20.55 17.78 18.88 16.24 13.65 13.30 13.71 14.84 16.71 19.30 20.76 20.76 20.48 20.48 20.48 20.48 16.82 16.82 16.82 16.82 19.71 19.71 19.71 19.71 19.71 99999.90 99999.90
26.87 25.41 26.28 25.96 26.22 26.40 27.43 28.40 28.91 27.71 27.24 27.18 26.67 25.66 25.17 25.33 25.51 26.36 23.83 22.99 24.34 24.65 24.48 24.24 25.44 25.60 24.62 25.27 24.34 23.82 24.40 24.78 23.85 23.69 23.58 21.82 22.53 22.10 21.05 19.78 20.57 19.39 17.78 19.33 20.85 20.25 19.80 21.91 20.05 19.59 18.89 17.66 18.99 17.26 16.85 13.65 15.36 17.42 18.25 18.99 20.25 20.48 20.48 20.48 16.82 16.82 16.82 16.82 16.82 19.71 19.71 19.71 19.71 19.71 19.71 20.31 99999.90
26.93 25.91 24.96 25.95 27.81 27.27 27.49 28.38 28.02 27.74 27.23 27.71 27.53 25.78 25.06 25.59 25.52 24.82 24.31 26.20 27.47 25.28 25.49 23.00 25.44 25.81 25.17 24.59 24.47 24.10 23.61 23.99 24.35 23.80 22.35 20.64 21.65 20.88 20.02 20.61 21.29 19.66 19.30 18.98 19.35 18.63 18.46 17.89 17.14 17.83 19.28 18.39 16.63 16.16 15.16 16.75 17.68 17.31 19.10 19.35 17.59 17.32 17.32 16.82 16.82 16.82 16.82 18.13 19.71 19.71 19.71 19.71 19.71 19.71 19.71 20.31 99999.90
26.89 26.46 24.96 25.88 28.01 28.50 27.91 28.29 27.49 27.12 27.50 27.57 26.97 26.44 26.54 27.79 25.83 24.32 24.88 27.36 28.12 26.06 24.45 23.98 25.82 25.70 25.01 23.93 23.37 23.26 22.37 21.67 21.93 22.30 22.11 21.12 20.63 21.23 19.38 19.21 17.63 16.61 18.69 20.33 18.23 16.23 18.39 17.92 17.34 16.59 19.67 16.60 14.18 14.22 16.59 17.77 18.73 19.37 18.58 17.08 16.29 15.46 16.82 16.82 16.82 18.13 18.13 19.71 19.71 19.71 19.71 19.71 19.71 19.71 19.71 20.31 99999.90
26.66 26.36 27.30 26.76 27.94 28.56 26.44 26.48 26.73 27.90 26.73 26.93 24.92 26.40 26.58 27.08 27.66 25.32 25.46 26.73 26.31 26.80 24.87 24.06 23.37 25.20 24.25 24.31 21.72 22.00 22.75 22.59 22.29 21.14 21.59 21.11 19.93 19.39 20.01 18.44 16.45 17.85 19.53 18.24 17.46 17.03 18.83 17.77 18.45 19.44 18.11 15.53 12.47 14.04 13.84 15.45 16.17 15.60 15.06 13.61 14.29 14.71 16.69 16.69 18.13 18.13 19.71 19.71 19.71 19.71 19.71 19.71 19.71 19.71 19.71 20.31 99999.90
26.31 26.47 26.63 27.19 27.34 27.48 25.56 26.25 27.62 27.82 28.16 27.15 28.02 27.67 25.74 23.44 27.41 27.37 24.37 26.13 25.64 27.09 26.21 25.92 26.10 26.25 25.67 24.91 21.75 21.69 22.31 21.30 21.27 19.15 20.08 19.53 19.36 20.35 22.10 21.42 20.12 19.79 19.49 16.14 16.65 18.00 19.31 19.40 19.31 18.66 17.41 12.76 12.39 11.26 10.81 11.53 13.41 12.64 11.55 12.73 14.22 14.99 17.72 18.13 18.13 19.71 19.71 19.71 19.71 19.71 19.71 19.71 19.71 19.71 19.71 20.31 99999.90
27.48 27.64 25.59 26.57 27.15 26.59 27.03 27.62 27.78 28.00 26.18 27.94 27.59 27.18 26.07 24.75 25.20 27.05 25.47 26.42 26.09 26.17 25.42 24.14 25.04 24.20 24.50 22.52 22.38 22.45 23.23 21.06 20.03 21.39 21.82 21.18 21.05 20.72 21.92 21.05 20.34 19.68 19.15 17.76 17.64 17.36 18.38 17.75 17.24 17.42 14.48 12.71 10.27 10.18 9.54 9.36 13.07 13.40 12.46 13.31 12.53 14.87 18.64 18.55 19.71 19.71 19.71 19.71 19.71 19.71 19.71 19.71 19.71 19.71 19.71 20.31 99999.90
28.26 28.19 28.37 27.66 27.92 26.49 27.82 27.77 27.40 25.96 26.01 28.35 27.58 25.97 26.33 24.02 25.29 25.52 24.62 26.32 26.90 24.86 25.76 23.95 26.06 23.95 21.72 23.91 22.27 23.79 22.16 20.90 22.15 22.98 23.38 24.02 24.35 22.95 21.58 19.89 21.29 19.52 17.65 16.38 16.27 16.43 16.31 15.80 16.85 16.85 15.17 13.21 10.09 9.52 10.13 11.58 12.87 13.36 14.35 14.90 16.33 18.72 17.70 19.30 19.71 19.71 19.71 19.71 19.71 19.71 19.71 19.71 19.71 20.31 20.31 20.31 99999.90
27.79 28.73 28.89 28.70 27.86 28.10 27.76 26.49 26.20 26.82 27.32 27.64 28.01 25.90 25.22 25.04 24.87 24.15 24.11 26.13 25.52 25.39 25.77 24.63 25.29 23.47 21.01 24.23 23.12 21.74 22.65 21.91 21.90 22.22 23.09 23.89 23.40 23.17 22.62 20.93 17.55 18.47 15.18 15.19 14.52 15.50 16.28 15.54 17.24 15.62 12.96 12.99 10.31 11.10 11.49 13.90 13.90 14.17 15.59 14.90 17.51 18.89 19.46 20.65 20.45 20.45 20.45 20.45 20.45 20.45 20.31 20.31 20.31 20.31 20.31 20.31 99999.90
27.94 28.27 28.41 28.57 28.21 27.69 27.29 26.22 26.65 27.63 27.45 26.35 25.09 27.07 24.46 24.66 25.59 24.55 25.40 25.42 25.04 23.90 25.09 25.71 25.21 22.90 24.13 23.52 23.39 24.92 23.12 22.96 23.94 22.96 22.43 21.77 20.42 22.58 21.51 21.94 15.52 16.87 16.72 15.22 15.04 14.28 15.07 14.59 15.57 13.70 14.96 15.03 13.93 14.57 13.39 14.36 15.86 15.79 16.67 16.97 18.31 19.44 20.62 20.17 19.75 19.75 19.75 20.31 20.31 20.31 20.31 20.31 20.31 20.31 20.31 20.31 99999.90
28.07 27.55 26.91 26.92 27.87 28.56 27.92 26.98 26.55 28.39 26.96 25.42 24.37 25.05 24.78 24.47 25.37 25.18 25.57 25.60 23.12 22.16 23.22 22.77 23.27 22.77 25.20 24.47 21.92 23.73 23.09 22.82 23.84 22.16 21.41 21.59 20.59 20.05 18.32 18.19 16.65 17.26 15.17 17.64 16.57 16.06 14.00 16.62 17.81 15.14 16.45 17.00 15.74 16.16 14.76 14.94 15.39 13.95 16.34 18.66 19.01 19.56 20.25 19.46 19.94 19.94 20.31 20.31 20.31 20.31 20.31 20.31 20.31 20.31 20.31 20.31 99999.90
27.89 27.70 27.41 27.84 28.41 28.71 28.58 28.50 27.33 28.21 28.03 27.90 26.99 22.95 23.49 24.80 25.17 25.29 25.71 24.63 22.56 24.15 22.37 22.62 22.68 23.18 23.93 24.38 24.17 23.28 22.85 22.50 22.82 21.66 20.42 20.07 19.06 17.99 16.99 16.66 16.52 16.31 16.33 15.21 16.65 17.36 16.81 16.00 15.81 16.23 17.20 16.91 16.85 14.84 14.63 15.46 15.26 14.49 15.87 17.25 18.43 20.34 20.42 19.27 19.94 20.31 20.31 20.31 20.31 20.31 20.31 20.31 20.31 20.31 20.31 20.31 99999.90
26.80 27.63 27.54 27.39 28.08 28.34 28.14 28.92 28.47 27.19 27.28 26.44 28.22 26.68 24.00 24.91 25.04 26.08 24.91 22.57 21.87 21.62 23.49 22.78 19.75 22.09 23.88 23.85 24.92 23.55 23.10 21.56 22.24 23.14 21.51 18.77 17.43 18.52 16.48 15.89 15.78 16.02 15.80 16.36 16.10 16.27 15.00 13.55 15.02 15.28 15.77 15.54 16.08 15.14 14.04 15.97 15.26 13.61 14.36 17.11 19.79 21.38 21.01 19.58 19.93 20.31 20.31 20.31 20.31 20.31 20.31 20.31 20.31 20.31 20.31 20.31 99999.90
26.90 27.36 27.02 27.06 27.74 27.16 27.49 27.66 29.06 28.02 27.40 26.73 26.00 26.43 26.79 26.28 24.56 25.84 24.39 22.72 24.48 21.02 22.14 21.66 20.88 21.72 21.48 22.27 22.21 22.35 23.80 22.51 20.37 21.16 18.43 17.75 16.96 15.62 17.05 16.79 15.75 15.52 16.01 16.07 14.85 15.74 15.73 15.62 14.85 14.81 15.22 14.98 15.75 15.92 15.69 17.15 17.52 14.70 15.15 18.52 20.24 21.39 22.23 21.89 21.62 21.62 21.62 20.31 20.31 20.31 20.31 20.31 20.31 20.31 20.31 20.31 99999.90
26.82 27.61 28.18 27.80 27.60 27.54 28.40 28.77 28.34 27.66 27.13 26.59 24.56 25.08 26.52 26.63 25.74 24.14 23.72 25.89 25.02 23.67 21.97 22.79 20.21 22.52 21.50 22.81 21.34 20.31 22.02 22.14 21.95 18.90 16.97 16.63 14.82 13.77 15.83 15.06 14.46 16.74 17.39 15.83 13.82 14.38 14.15 13.83 13.76 16.08 15.77 17.58 17.10 15.75 17.29 17.33 18.93 17.76 17.35 19.83 18.85 21.61 22.35 20.16 21.82 21.82 21.82 21.82 21.82 20.31 20.31 20.31 20.31 20.31 20.31 20.31 22.76
26.36 26.70 27.80 28.16 27.95 26.97 28.83 28.17 27.88 27.57 26.79 26.54 25.70 24.68 24.83 24.51 25.79 25.95 25.06 25.41 24.35 23.51 23.41 24.29 21.90 22.05 19.80 21.55 21.73 22.76 21.06 19.23 19.82 17.84 16.23 15.25 14.83 15.08 16.57 14.74 15.62 17.20 15.23 14.11 13.20 13.48 12.73 12.97 14.74 16.04 17.98 17.29 16.66 15.75 16.22 18.29 19.69 20.81 20.88 21.78 21.55 20.84 19.40 20.76 20.21 20.21 20.21 20.21 20.21 20.21 20.21 20.21 20.21 20.31 20.31 20.31 22.76
25.83 27.06 28.14 28.06 28.08 27.64 27.21 28.04 26.89 26.76 26.41 28.01 25.70 24.91 23.66 25.54 24.35 25.47 26.22 25.87 25.43 23.02 23.49 21.59 20.71 21.92 21.73 20.35 21.97 21.54 19.00 19.18 19.76 18.02 16.81 16.42 15.66 16.26 15.91 14.82 16.47 15.45 13.12 11.62 12.05 14.68 16.92 17.17 16.96 18.20 18.30 16.74 15.52 16.52 17.71 18.94 21.26 22.09 23.23 24.07 23.23 22.21 22.49 23.11 19.79 19.79 19.79 19.79 19.79 19.79 19.79 19.79 19.79 19.79 19.79 22.76 22.76
26.82 27.71 28.03 26.95 27.61 28.01 26.95 27.26 27.66 27.59 27.45 26.94 27.28 25.47 24.65 26.77 26.56 26.19 25.45 24.14 23.43 23.15 24.21 22.74 20.78 20.56 20.04 18.42 21.11 19.60 18.92 18.28 17.13 18.30 17.84 16.85 15.81 15.87 15.00 16.56 17.32 16.20 13.95 13.33 13.57 15.32 17.16 18.41 19.61 19.22 19.03 18.75 17.54 15.87 17.21 19.75 21.66 21.49 23.79 24.15 23.81 22.74 22.47 21.61 19.98 19.98 19.98 19.98 19.98 19.98 19.98 19.98 19.98 22.76 22.76 22.76 22.76
27.77 27.90 28.04 27.28 27.92 27.51 27.43 26.55 28.12 27.33 26.69 27.52 25.94 26.11 25.15 26.95 24.62 24.11 24.01 23.61 23.57 23.26 24.53 24.20 21.35 20.70 17.99 18.41 20.00 18.80 19.62 19.48 19.55 21.03 19.19 15.64 15.34 14.83 16.29 16.36 16.85 17.44 16.02 15.46 16.39 15.19 17.96 18.51 19.83 19.35 17.59 18.14 18.43 18.11 18.34 19.89 19.26 20.40 21.68 23.43 24.69 24.18 22.76 21.87 19.98 19.98 19.98 19.98 19.98 19.98 19.98 22.76 22.76 22.76 22.76 22.76 22.76
28.23 27.76 27.77 28.03 28.30 26.70 26.71 27.33 27.17 26.58 25.73 24.58 26.54 26.52 26.09 25.90 25.63 25.81 24.95 23.95 22.87 22.45 22.33 23.51 22.50 20.82 18.58 19.15 19.60 19.48 19.45 19.46 19.70 19.23 17.77 16.98 14.20 15.56 14.39 14.56 16.73 16.29 16.38 17.90 17.16 17.36 19.61 18.53 20.36 19.16 18.81 19.85 20.58 20.75 21.33 20.57 17.44 20.52 21.93 23.67 23.72 23.13 22.59 22.38 22.38 22.38 19.98 19.98 19.98 22.76 22.76 22.76 22.76 22.76 22.76 22.76 22.76
27.03 26.85 27.45 28.06 27.10 25.68 26.08 26.61 27.21 27.42 23.76 25.69 26.03 25.79 25.98 25.63 26.14 24.27 24.48 23.21 21.91 21.55 23.32 23.55 21.45 19.87 20.50 19.39 19.39 19.99 20.90 21.73 18.57 18.66 16.81 17.29 14.67 15.36 15.01 14.52 15.38 17.73 17.03 17.65 17.01 19.10 18.35 18.67 20.79 19.99 20.31 21.36 20.97 21.73 21.40 21.25 20.21 19.73 20.70 23.61 22.96 23.82 23.30 24.19 24.19 24.19 24.19 24.19 22.76 22.76 22.76 22.76 22.76 22.76 22.76 22.76 22.76
27.86 28.12 28.36 27.82 27.57 27.69 26.77 26.60 27.62 28.30 25.68 25.23 25.26 24.62 24.66 24.93 26.53 24.74 22.88 22.70 22.06 22.96 23.00 23.11 20.52 20.24 21.11 19.54 18.59 20.44 21.15 22.96 20.34 18.16 15.08 17.00 17.89 14.00 14.85 14.42 14.36 17.92 17.77 15.74 16.25 17.94 18.02 18.21 19.45 21.91 21.42 22.00 21.07 20.50 21.72 21.62 21.96 21.66 21.58 22.11 22.82 23.64 24.74 24.19 24.19 24.19 18.13 18.13 22.76 22.76 22.76 22.76 22.76 22.76 22.76 22.76 22.76
28.73 28.74 28.34 28.06 28.57 27.91 26.89 25.63 26.82 25.70 26.72 27.00 25.10 24.03 25.29 25.06 25.94 23.37 20.78 22.07 23.44 23.94 23.76 22.34 20.38 20.21 20.48 18.70 19.14 20.56 22.09 22.66 20.41 19.32 16.95 16.92 17.54 13.66 12.83 14.08 15.97 16.81 16.94 16.58 17.51 19.02 19.00 18.80 19.99 21.50 22.97 22.86 21.66 22.02 21.37 21.64 22.41 22.28 22.25 20.70 21.33 24.58 25.16 25.16 25.16 18.13 18.13 18.13 22.76 22.76 22.76 22.76 22.76 22.76 22.76 22.01 22.01
27.69 28.43 27.90 27.09 26.53 27.62 25.42 24.28 25.43 26.30 26.06 26.74 25.98 26.78 25.54 24.89 24.87 21.57 20.90 22.37 23.21 23.21 22.52 22.22 21.23 19.51 19.44 18.28 18.31 19.77 20.53 22.65 20.53 19.52 18.72 17.25 17.83 15.54 14.62 14.44 15.43 16.85 15.88 16.34 19.19 20.39 20.12 17.52 20.39 21.83 22.45 21.78 22.00 22.74 21.90 21.15 20.24 22.11 22.31 22.04 23.66 24.55 24.56 24.56 22.45 18.13 18.13 18.13 22.76 22.76 22.76 22.76 22.76 22.01 22.01 22.01 22.01
28.48 27.90 28.14 26.92 27.63 27.25 26.69 23.82 25.87 26.23 26.90 26.79 25.11 25.70 23.37 23.34 23.41 23.58 22.07 22.51 22.84 22.33 20.68 20.65 20.65 22.05 18.38 18.46 18.43 18.54 17.82 20.99 19.81 18.26 17.61 17.30 18.02 16.37 14.68 13.76 15.77 18.03 18.32 19.19 21.41 21.88 20.80 19.43 21.15 23.16 21.77 22.35 22.25 22.19 24.05 23.13 19.48 19.32 21.91 24.14 22.17 21.14 21.77 22.45 22.45 18.13 18.13 18.13 22.76 22.76 22.76 22.01 22.01 22.01 22.01 22.01 22.01
27.94 27.81 28.47 27.85 28.31 26.99 27.24 26.61 24.69 23.58 26.39 24.94 25.22 25.77 25.72 24.41 23.62 23.23 21.68 21.09 20.81 21.76 19.48 20.22 20.65 22.14 22.68 20.71 20.58 17.06 16.88 18.15 17.65 17.20 17.38 16.47 16.46 17.39 18.11 16.11 17.50 19.33 20.88 20.99 21.84 21.07 19.27 20.33 20.45 21.62 19.66 21.37 21.82 20.88 22.94 23.15 21.73 21.99 21.82 21.89 19.27 16.67 20.19 21.33 23.57 23.57 18.13 19.04 20.97 20.97 22.01 22.01 22.01 22.01 22.01 22.01 22.01
28.07 27.49 27.99 28.57 27.99 27.16 25.70 26.00 24.82 26.59 26.92 24.98 25.14 26.55 24.91 24.67 23.88 24.06 23.24 21.90 20.28 19.45 18.59 20.36 18.66 21.89 21.82 19.93 19.10 18.53 17.63 17.14 16.58 16.84 16.59 15.37 16.14 18.46 19.76 18.14 16.83 18.58 19.85 20.61 20.28 17.98 19.26 21.60 18.80 19.00 20.22 21.26 22.53 20.63 21.61 22.75 21.86 24.34 23.46 19.32 17.94 14.35 17.22 20.01 20.28 20.47 20.89 19.04 17.85 22.01 22.01 22.01 22.01 22.01 22.01 22.01 22.01
27.98 27.12 27.55 28.41 27.26 26.38 25.42 26.51 25.23 25.13 26.75 25.18 25.16 25.22 25.57 26.19 24.53 24.22 23.17 21.90 20.76 19.25 19.57 19.91 18.52 18.55 19.20 18.05 17.07 19.21 19.17 17.49 16.41 17.33 16.95 16.68 16.85 18.15 19.60 18.81 18.84 18.26 18.41 19.13 18.92 19.59 20.97 20.12 17.67 19.47 22.02 22.66 21.80 20.52 22.35 23.89 24.42 24.55 24.59 21.05 19.58 19.91 21.13 21.17 20.19 19.51 23.12 23.12 17.59 21.72 21.72 21.72 21.72 21.72 21.72 21.72 21.72
27.28 27.50 27.72 27.67 27.15 27.30 24.35 24.83 25.46 26.54 26.86 24.82 25.52 24.95 25.36 25.98 25.44 24.24 23.73 20.59 17.96 17.69 18.71 19.10 17.82 16.38 18.79 18.78 18.08 19.08 18.48 17.50 17.46 18.84 17.83 17.44 17.31 17.71 18.65 18.26 18.36 20.08 19.39 19.76 20.63 22.15 21.74 20.45 21.40 22.31 22.08 21.49 20.89 22.76 23.50 24.97 25.34 22.96 22.51 20.75 20.39 22.06 22.17 21.71 19.87 18.67 20.82 20.82 17.59 21.72 21.72 21.72 21.72 21.72 21.72 21.72 21.72
