main/data/irradiance/08.05.2023.grid
ncols 839
nrows 679
xllcenter 112.0500
yllcenter -43.9500
cellsize 0.0500
nodata_value 99999.90
[rows 238 to 271 of 679, columns 693 to 769 of 839]
18.24 18.13 17.85 17.64 17.87 18.22 18.09 17.87 17.86 17.83 18.30 17.82 17.45 17.97 17.64 17.35 17.02 17.11 17.26 17.99 18.10 18.11 18.25 18.22 18.33 18.37 18.37 18.13 18.15 18.13 17.97 18.19 18.20 18.26 18.38 18.29 18.28 18.21 18.19 18.12 17.88 18.03 18.07 18.15 18.24 18.20 18.19 18.12 18.11 18.14 18.16 18.14 18.03 17.96 17.87 17.97 17.97 17.97 17.99 17.99 17.99 17.63 17.63 17.63 17.63 17.63 17.63 17.63 17.73 17.73 17.73 17.73 17.73 17.88 17.88 17.88 17.88
17.73 17.80 17.72 17.85 18.25 18.14 17.69 17.63 17.86 18.30 17.92 17.92 18.24 18.36 17.56 17.07 17.41 17.44 17.54 17.95 18.25 18.19 18.03 18.18 18.33 18.38 18.37 18.10 17.94 17.82 17.92 18.16 18.17 18.37 18.36 18.23 18.12 18.18 18.21 18.20 17.93 17.85 17.86 18.02 18.15 18.06 18.01 18.11 18.19 18.24 18.34 18.28 18.19 18.07 17.99 17.88 17.88 17.99 17.99 17.99 17.99 17.63 17.63 17.63 17.63 17.63 17.63 17.73 17.73 17.73 17.73 17.73 17.73 17.88 17.88 17.88 17.88
17.19 17.16 17.69 18.16 18.19 17.88 17.73 17.00 17.68 17.82 17.73 18.16 18.45 18.42 17.94 17.66 17.87 18.18 17.93 18.15 18.15 18.24 17.93 17.97 17.97 17.85 17.95 17.89 18.04 18.23 18.35 18.13 18.32 18.51 18.18 18.07 18.13 18.15 18.28 18.09 17.63 17.66 17.72 17.88 18.10 18.08 18.06 18.16 18.19 18.18 18.30 18.31 18.30 18.32 18.18 18.09 17.99 17.99 17.99 17.99 17.99 17.63 17.63 17.63 17.63 17.63 17.63 17.73 17.73 17.73 17.73 17.73 17.73 17.88 17.88 17.88 17.88
18.04 18.05 18.11 17.97 18.06 18.01 18.01 17.88 17.98 18.05 18.13 18.35 18.46 18.34 18.21 17.85 18.10 18.24 18.23 18.31 18.19 17.98 17.84 17.75 17.66 17.74 17.93 17.94 18.07 18.26 18.17 18.25 18.47 17.96 17.98 18.10 18.07 18.17 18.32 18.05 17.55 17.53 17.67 17.85 17.96 17.97 18.09 18.23 18.24 18.22 18.24 18.21 18.24 18.29 18.29 18.23 18.16 18.16 18.16 18.16 18.16 17.63 17.63 17.63 17.63 17.63 17.71 17.73 17.73 17.73 17.73 17.73 17.73 17.88 17.88 17.88 17.88
18.13 18.12 17.98 18.11 18.11 17.88 17.83 17.81 18.12 18.22 18.25 18.20 18.32 18.40 18.39 18.20 18.30 17.92 18.22 18.30 17.89 17.61 17.81 18.07 18.10 18.00 17.94 17.78 18.00 18.05 17.90 18.00 17.90 17.90 18.35 18.19 18.14 18.21 18.07 17.72 17.51 17.65 17.91 17.96 18.12 18.09 18.14 18.29 18.27 18.26 18.27 18.26 18.24 18.21 18.19 18.22 18.18 18.18 18.18 18.19 18.19 17.63 17.63 17.63 17.63 17.63 17.71 17.73 17.73 17.73 17.73 17.73 17.81 17.88 17.88 17.88 17.88
17.91 17.88 18.02 18.03 18.00 17.80 17.88 17.82 18.11 18.22 18.28 18.31 18.37 18.40 18.45 18.38 18.30 18.29 18.34 18.10 18.02 18.00 17.91 18.12 18.01 17.86 17.75 17.89 18.13 17.96 17.72 18.09 17.99 17.84 17.94 18.25 18.33 18.39 18.25 17.85 17.64 17.91 18.07 18.17 18.23 18.35 18.37 18.36 18.34 18.32 18.32 18.28 18.25 18.13 18.13 18.16 18.14 18.14 18.19 18.19 18.19 17.53 17.53 17.53 17.53 17.53 17.71 17.73 17.73 17.73 17.81 17.81 17.83 17.88 17.88 17.88 17.88
17.84 17.95 17.95 17.88 17.88 18.09 17.75 17.91 18.11 18.17 18.05 18.22 18.31 18.32 18.38 18.36 18.38 18.34 18.35 18.27 18.14 18.21 18.03 17.93 17.88 18.03 18.05 18.14 18.29 18.30 18.31 18.25 18.27 18.05 17.91 18.22 18.36 18.33 18.28 18.05 18.02 18.10 18.16 18.23 18.29 18.38 18.27 18.34 18.30 18.26 18.28 18.23 18.16 17.99 18.00 18.16 18.08 18.19 18.19 18.19 18.26 17.53 17.53 17.53 17.53 17.87 17.87 17.87 17.87 17.81 17.81 17.83 17.83 17.88 17.88 17.88 17.88
17.91 17.82 17.78 17.91 17.99 18.02 17.87 17.80 17.97 17.89 17.95 18.19 18.37 18.23 18.11 18.30 18.42 18.29 18.33 18.34 18.09 18.13 18.08 18.03 18.08 18.18 18.22 18.32 18.36 18.32 18.37 18.36 18.34 18.29 18.21 18.30 18.31 18.28 18.30 18.12 18.06 18.14 18.15 18.25 18.32 18.30 18.17 18.33 18.19 17.93 18.19 18.21 18.17 18.11 18.10 18.16 18.14 18.30 18.30 18.26 18.33 18.33 17.53 17.80 17.80 17.80 17.76 17.84 17.81 17.81 17.83 17.83 18.10 17.88 17.88 17.88 17.88
17.86 17.87 17.88 17.91 17.92 18.00 18.03 17.86 18.07 17.87 17.77 18.01 18.15 18.09 18.12 18.21 18.33 18.35 18.33 18.30 18.07 18.16 18.28 18.23 18.25 18.33 18.32 18.35 18.36 18.35 18.40 18.44 18.39 18.37 18.34 18.31 18.29 18.23 18.17 18.14 18.01 17.97 18.18 18.16 18.06 18.06 18.13 18.20 18.18 18.19 18.24 18.29 18.27 18.33 18.21 18.02 18.04 18.23 18.26 18.26 18.33 18.33 18.19 17.93 17.93 17.93 17.88 17.84 17.87 17.83 17.83 17.83 18.10 18.10 17.88 17.88 17.88
18.02 17.92 17.87 17.92 17.97 18.17 18.16 18.21 18.07 17.61 17.71 17.78 18.12 18.06 18.09 18.20 18.29 18.41 18.18 18.05 18.26 18.34 18.31 18.29 18.37 18.34 18.38 18.39 18.39 18.37 18.39 18.40 18.43 18.40 18.36 18.31 18.29 18.20 18.15 18.15 18.02 18.19 18.19 18.27 18.02 17.96 18.13 18.15 18.23 18.25 18.27 18.26 18.27 18.32 18.25 17.98 17.93 18.18 18.34 18.34 18.33 18.33 18.19 18.19 17.93 17.93 18.05 18.07 18.07 17.99 17.99 18.10 18.10 18.10 18.10 18.04 18.04
18.07 17.97 17.94 18.03 18.13 18.14 18.22 18.16 17.72 17.51 17.79 18.07 18.18 18.00 18.04 18.22 18.26 18.27 18.16 18.25 18.25 18.36 18.32 18.28 18.39 18.19 18.33 18.35 18.37 18.35 18.30 18.34 18.41 18.38 18.41 18.33 18.28 18.26 18.23 18.14 18.08 18.23 18.27 18.30 18.11 18.11 18.12 18.15 18.22 18.29 18.33 18.31 18.32 18.33 18.34 18.29 18.18 18.25 18.23 18.32 18.33 18.19 18.19 18.19 18.20 18.14 18.14 18.17 18.18 18.12 18.11 18.10 18.10 18.10 18.21 18.20 18.20
18.19 18.15 18.06 17.96 17.94 18.00 18.03 18.06 17.93 17.73 18.04 18.19 18.18 17.97 17.88 17.96 18.15 18.30 18.31 18.31 18.30 18.28 18.19 18.29 18.28 18.26 18.25 18.32 18.36 18.35 18.25 18.32 18.36 18.37 18.28 18.25 18.30 18.28 18.29 18.24 18.30 18.34 18.30 18.29 18.22 18.14 18.14 18.17 18.28 18.28 18.22 18.26 18.29 18.33 18.34 18.33 18.29 18.23 18.33 18.31 18.31 18.20 18.10 18.20 18.20 18.14 18.14 18.22 18.21 18.22 18.23 18.22 18.20 18.21 18.21 18.28 18.20
18.12 18.13 18.00 17.89 17.99 17.96 18.08 18.15 17.84 17.73 17.98 18.17 18.07 17.91 17.97 17.84 17.86 18.00 18.16 18.18 18.20 18.20 18.16 18.22 18.26 18.28 18.25 18.22 18.30 18.23 18.23 18.28 18.32 18.29 18.24 18.21 18.28 18.32 18.34 18.28 18.28 18.29 18.31 18.28 18.23 18.28 18.29 18.14 18.09 18.12 18.18 18.23 18.24 18.30 18.31 18.32 18.30 18.27 18.31 18.28 18.27 18.25 18.22 18.24 18.26 18.26 18.26 18.26 18.26 18.24 18.25 18.26 18.29 18.25 18.25 18.28 18.28
18.12 18.08 17.98 17.89 17.95 18.23 18.18 18.09 17.88 17.82 18.04 18.13 18.04 17.94 18.09 18.03 17.96 17.89 18.09 18.17 18.24 18.16 18.14 18.16 18.20 18.21 18.17 18.12 18.12 18.27 18.27 18.28 18.28 18.15 18.16 18.21 18.27 18.30 18.25 18.24 18.27 18.24 18.23 18.22 18.24 18.24 18.26 18.16 18.09 18.14 18.24 18.26 18.27 18.28 18.30 18.29 18.25 18.22 18.24 18.24 18.29 18.27 18.25 18.25 18.28 18.17 18.17 18.23 18.30 18.27 18.27 18.28 18.28 18.26 18.24 18.25 18.26
18.15 18.13 18.06 18.05 18.15 18.15 18.11 17.94 17.86 17.88 17.85 17.87 17.99 17.93 18.17 18.18 18.14 17.91 18.07 18.06 18.19 18.21 18.19 18.09 18.19 18.17 18.13 18.19 18.24 18.26 18.20 18.23 18.16 18.10 18.10 18.16 18.26 18.23 18.21 18.21 18.22 18.20 18.25 18.22 18.21 18.20 18.22 18.21 18.19 18.13 18.15 18.18 18.21 18.24 18.27 18.27 18.18 18.12 18.23 18.25 18.30 18.28 18.26 18.24 18.27 18.18 18.19 18.23 18.28 18.30 18.30 18.29 18.28 18.27 18.27 18.25 18.25
18.13 18.17 18.11 18.02 18.11 18.06 17.93 17.89 17.90 18.00 17.89 18.00 18.10 17.96 17.98 18.08 18.23 18.23 18.14 18.11 18.21 18.09 18.27 18.23 18.22 18.23 18.21 18.25 18.27 18.21 18.17 18.19 18.16 18.06 18.07 18.11 18.20 18.18 18.20 18.21 18.20 18.17 18.14 18.20 18.23 18.15 18.21 18.16 18.18 18.16 18.19 18.12 18.12 18.17 18.23 18.25 18.20 18.18 18.23 18.20 18.23 18.26 18.23 18.24 18.24 18.22 18.20 18.20 18.23 18.27 18.28 18.27 18.28 18.28 18.28 18.26 18.25
17.91 17.80 17.81 17.92 18.00 18.00 18.01 17.96 18.01 17.96 17.89 18.01 18.08 18.07 17.94 17.99 18.15 18.19 18.09 18.06 18.13 18.22 18.23 18.22 18.24 18.20 18.18 18.25 18.22 18.20 18.22 18.20 18.17 18.07 18.16 18.15 18.18 18.10 18.11 18.11 18.15 18.17 18.05 18.21 18.13 18.18 18.23 18.23 18.10 18.15 18.16 18.15 18.15 18.09 18.18 18.23 18.20 18.15 18.22 18.24 18.22 18.24 18.24 18.23 18.24 18.24 18.23 18.22 18.19 18.24 18.25 18.25 18.26 18.26 18.25 18.25 18.23
17.53 17.62 17.74 17.85 17.89 17.94 17.95 17.96 17.92 17.95 17.91 17.93 18.05 18.14 18.08 18.01 18.08 18.21 18.13 18.05 17.99 18.14 18.21 18.19 18.20 18.13 18.15 18.23 18.22 18.21 18.23 18.22 18.14 18.09 18.18 18.20 18.18 18.09 18.06 18.02 18.14 18.11 18.10 18.19 18.10 18.20 18.22 18.20 18.17 18.17 18.16 18.17 18.20 17.98 18.13 18.19 18.18 18.22 18.18 18.20 18.19 18.21 18.22 18.21 18.20 18.19 18.20 18.19 18.18 18.19 18.23 18.23 18.24 18.24 18.23 18.22 18.22
17.47 17.54 17.80 17.63 17.73 18.01 17.98 17.85 17.91 17.89 17.86 17.95 17.97 18.07 18.06 18.00 18.07 18.10 18.12 18.03 17.99 18.05 18.21 18.22 18.21 18.18 18.19 18.19 18.21 18.16 18.20 18.20 18.14 18.15 18.13 18.15 18.17 18.12 18.13 18.20 18.12 18.12 18.14 18.12 18.04 18.18 18.19 18.20 18.16 18.12 18.15 18.16 18.19 18.00 17.93 18.17 18.19 18.21 18.13 18.13 18.13 18.18 18.17 18.16 18.16 18.17 18.20 18.19 18.16 18.15 18.20 18.21 18.22 18.20 18.20 18.19 18.19
17.85 17.79 17.73 17.89 18.03 18.16 18.12 18.00 17.95 17.96 17.85 17.83 17.85 17.87 17.93 18.04 18.05 17.89 18.00 18.11 18.06 18.10 18.17 18.16 18.21 18.20 18.15 18.16 18.14 18.11 18.13 18.15 18.09 18.14 18.12 18.11 18.11 18.00 18.09 18.14 18.03 18.05 18.06 18.07 17.98 18.14 18.16 18.18 18.16 18.15 18.14 18.14 18.10 18.14 17.99 18.07 18.16 18.14 18.09 18.09 18.11 18.08 18.10 18.15 18.17 18.18 18.18 18.17 18.19 18.19 18.19 18.18 18.19 18.18 18.18 18.18 18.17
18.07 17.88 17.55 17.86 18.09 18.16 18.16 18.07 17.95 17.95 17.92 17.90 17.94 18.04 18.11 18.04 17.99 17.97 17.94 18.06 18.13 18.16 18.10 18.16 18.19 18.19 18.13 18.08 18.13 18.08 18.05 17.98 18.05 18.10 18.12 18.09 18.07 18.05 18.04 18.11 18.03 17.91 17.91 17.94 17.89 18.05 18.10 18.11 18.12 18.10 18.08 18.09 18.11 18.04 17.97 17.99 18.08 18.04 18.06 18.07 18.10 18.10 18.13 18.15 18.15 18.15 18.16 18.15 18.14 18.16 18.18 18.18 18.17 18.16 18.14 18.15 18.16
17.96 17.92 17.85 17.90 18.00 18.08 18.13 18.04 17.89 17.93 17.97 17.93 17.91 18.08 18.12 18.14 18.12 18.12 18.10 18.13 18.12 18.14 18.11 18.17 18.17 18.14 18.11 18.10 18.00 18.06 18.00 18.04 18.08 18.13 18.12 18.08 18.07 18.03 17.94 18.03 18.07 17.87 17.91 17.95 17.93 18.02 18.02 18.06 18.08 18.10 18.09 18.08 18.01 18.10 18.08 17.99 17.96 18.04 18.07 18.07 18.11 18.13 18.13 18.13 18.12 18.13 18.14 18.11 18.14 18.14 18.15 18.15 18.15 18.15 18.15 18.15 18.15
17.99 17.89 17.98 17.97 17.95 18.04 17.95 17.94 17.90 17.93 17.90 17.86 17.93 18.06 18.10 18.04 18.07 18.08 18.10 18.12 18.12 18.14 18.14 18.09 18.11 18.10 18.09 18.03 18.03 18.07 18.06 18.01 18.08 18.08 18.02 18.04 18.06 18.03 17.97 17.96 17.94 18.04 17.93 17.89 17.94 17.98 17.92 17.93 17.93 18.01 18.00 18.00 18.05 18.09 18.08 18.08 18.11 18.06 18.07 18.10 18.10 18.11 18.11 18.11 18.08 18.09 18.05 18.07 18.10 18.10 18.10 18.09 18.11 18.14 18.13 18.13 18.12
17.92 17.91 17.96 17.97 17.86 17.89 17.96 17.88 17.74 17.63 17.57 17.66 17.94 17.99 17.95 17.97 18.07 18.12 18.09 18.09 18.09 18.11 18.12 18.10 18.11 18.10 17.99 17.93 17.94 18.01 18.01 17.96 17.99 18.01 18.00 18.06 18.01 18.02 18.01 18.01 17.87 17.74 17.76 17.80 17.83 17.89 17.87 17.78 17.83 17.96 17.93 17.98 18.04 18.04 18.06 18.04 18.12 18.08 18.07 18.08 18.09 18.06 18.05 18.02 17.99 18.03 18.04 18.09 18.09 18.03 18.06 18.07 18.08 18.08 18.02 18.02 18.06
17.76 17.75 17.89 17.82 17.66 17.70 17.81 17.87 17.84 17.76 17.61 17.58 17.84 17.91 17.97 18.03 18.08 18.08 18.11 18.06 18.01 18.01 17.99 18.03 18.06 18.06 17.94 17.94 17.92 18.01 18.08 18.04 17.86 18.01 18.02 17.98 18.04 18.04 17.96 17.92 17.90 17.80 17.80 17.85 17.92 17.89 17.90 17.84 17.83 17.87 17.89 17.99 18.02 18.03 18.05 18.09 18.05 18.05 17.99 18.02 18.07 18.06 18.06 18.05 18.01 18.02 18.04 18.03 18.02 17.97 17.97 18.02 17.95 17.97 18.03 18.07 18.03
17.59 17.65 17.71 17.76 17.72 17.77 17.73 17.74 17.85 17.88 17.89 17.92 17.98 17.97 18.01 18.03 18.04 18.06 18.08 18.07 17.97 17.96 17.98 17.97 18.00 18.04 18.00 17.97 17.76 17.95 18.02 18.05 17.98 18.08 18.03 18.00 17.99 18.00 17.91 17.89 17.86 17.88 17.89 17.86 17.91 17.88 17.84 17.80 17.83 17.92 17.85 17.95 18.01 17.96 17.94 17.94 17.95 17.96 17.96 17.99 18.04 18.05 18.05 18.05 18.03 18.02 17.98 17.95 17.94 17.89 17.92 17.96 17.96 17.92 18.05 18.04 18.05
17.55 17.64 17.65 17.65 17.73 17.69 17.77 17.73 17.78 17.81 17.84 17.95 17.90 17.97 17.97 17.92 17.97 18.03 18.04 18.03 18.02 17.95 17.96 17.98 18.01 17.97 18.03 17.96 17.98 17.78 17.88 17.91 17.96 17.94 17.95 17.96 17.96 17.96 17.94 17.97 17.97 17.95 17.97 17.97 17.97 17.90 17.87 17.84 17.81 17.80 17.78 17.83 17.94 17.96 17.97 17.94 17.91 17.96 17.97 17.99 18.01 18.01 18.02 18.01 17.91 17.92 17.97 18.01 17.93 17.90 17.91 17.92 17.93 17.97 17.97 17.96 17.99
17.80 17.81 17.78 17.83 17.79 17.77 17.81 17.77 17.67 17.82 17.86 17.84 17.87 17.96 17.92 17.91 17.89 17.95 17.96 17.98 17.96 17.96 17.92 17.90 17.95 18.00 18.00 17.97 18.02 17.96 17.93 17.90 17.88 17.85 17.86 17.84 17.91 17.92 17.88 17.94 17.94 17.97 17.97 18.01 17.97 17.86 17.90 17.89 17.74 17.79 17.82 17.77 17.89 17.95 17.97 17.94 17.92 17.91 17.93 17.98 17.99 17.99 17.99 17.94 17.92 17.97 17.98 18.00 17.98 17.95 17.84 17.88 17.93 17.95 17.84 17.89 17.93
17.92 17.95 17.90 17.90 17.86 17.83 17.83 17.78 17.74 17.75 17.76 17.81 17.88 17.94 17.98 17.93 17.84 17.85 17.90 17.88 17.86 17.85 17.84 17.86 17.90 17.95 17.99 17.98 18.01 18.00 17.99 17.99 17.92 17.89 17.85 17.83 17.89 17.88 17.85 17.88 17.87 17.88 17.90 17.96 17.95 17.89 17.88 17.89 17.80 17.82 17.85 17.88 17.85 17.95 17.98 17.95 17.77 17.86 17.90 17.94 17.96 17.96 17.99 17.95 17.89 17.97 17.91 17.94 17.93 17.96 17.88 17.79 17.85 17.90 17.93 17.91 18.01
17.87 17.94 17.93 17.82 17.73 17.81 17.77 17.74 17.79 17.78 17.77 17.79 17.79 17.88 17.94 17.94 17.78 17.70 17.78 17.88 17.86 17.84 17.81 17.78 17.78 17.77 17.82 17.88 17.90 17.89 17.88 17.89 17.92 17.86 17.83 17.80 17.91 17.91 17.84 17.85 17.82 17.88 17.85 17.85 17.85 17.98 17.88 17.90 17.86 17.83 17.85 17.89 17.83 17.88 17.93 17.91 17.86 17.82 17.83 17.91 17.96 17.93 17.96 17.95 17.93 17.87 17.91 17.89 17.83 17.79 17.90 17.84 17.89 17.86 17.83 17.89 18.00
17.90 17.92 17.93 17.89 17.85 17.85 17.90 17.86 17.81 17.84 17.79 17.79 17.77 17.74 17.86 17.92 17.92 17.83 17.74 17.81 17.88 17.83 17.69 17.77 17.76 17.86 17.91 17.87 17.85 17.85 17.93 17.96 17.94 17.80 17.92 17.92 17.91 17.89 17.86 17.82 17.87 17.84 17.83 17.87 17.87 17.86 17.89 17.79 17.81 17.78 17.85 17.86 17.81 17.84 17.91 17.91 17.88 17.87 17.79 17.84 17.91 17.92 17.92 17.91 17.93 17.85 17.85 17.88 17.83 17.86 17.88 17.88 17.86 17.86 17.84 17.88 17.87
17.90 17.84 17.79 17.80 17.78 17.85 17.84 17.81 17.76 17.72 17.78 17.82 17.81 17.80 17.83 17.89 17.93 17.91 17.87 17.84 17.84 17.85 17.85 17.82 17.73 17.80 17.83 17.80 17.75 17.81 17.79 17.79 17.82 17.81 17.84 17.69 17.78 17.83 17.85 17.88 17.83 17.74 17.81 17.89 17.89 17.77 17.78 17.78 17.76 17.80 17.90 17.87 17.82 17.78 17.77 17.88 17.81 17.86 17.88 17.88 17.93 17.90 17.85 17.86 17.88 17.83 17.83 17.90 17.82 17.81 17.82 17.79 17.87 17.87 17.79 17.83 17.83
17.80 17.81 17.83 17.89 17.91 17.86 17.91 17.82 17.78 17.75 17.69 17.73 17.81 17.82 17.79 17.80 17.82 17.87 17.88 17.89 17.85 17.87 17.88 17.88 17.86 17.85 17.82 17.84 17.81 17.92 17.79 17.78 17.84 17.85 17.84 17.83 17.66 17.76 17.83 17.88 17.85 17.81 17.77 17.79 17.76 17.74 17.76 17.81 17.81 17.82 17.89 17.86 17.75 17.72 17.70 17.84 17.88 17.90 17.90 17.86 17.89 17.86 17.88 17.81 17.80 17.78 17.77 17.80 17.86 17.84 17.85 17.84 17.88 17.88 17.83 17.80 17.80
17.72 17.68 17.75 17.84 17.84 17.84 17.88 17.87 17.87 17.89 17.81 17.79 17.81 17.83 17.82 17.81 17.76 17.78 17.84 17.86 17.82 17.78 17.82 17.89 17.89 17.86 17.84 17.83 17.84 17.88 17.86 17.86 17.83 17.84 17.86 17.80 17.58 17.76 17.76 17.81 17.85 17.82 17.83 17.80 17.78 17.74 17.82 17.86 17.83 17.80 17.85 17.84 17.70 17.69 17.73 17.76 17.68 17.87 17.89 17.89 17.84 17.86 17.87 17.81 17.76 17.82 17.78 17.82 17.85 17.84 17.85 17.80 17.85 17.87 17.87 17.85 17.88
