main/data/irradiance/08.09.2023.grid
ncols 839
nrows 679
xllcenter 112.0500
yllcenter -43.9500
cellsize 0.0500
nodata_value 99999.90
[rows 170 to 203 of 679, columns 154 to 230 of 839]
99999.90 99999.90 99999.90 99999.90 99999.90 99999.90 99999.90 99999.90 99999.90 99999.90 99999.90 99999.90 99999.90 99999.90 99999.90 99999.90 99999.90 99999.90 99999.90 99999.90 99999.90 99999.90 99999.90 99999.90 99999.90 99999.90 23.46 23.60 23.63 23.63 23.63 23.63 23.63 23.63 23.63 23.63 23.63 23.66 23.66 23.66 23.66 23.66 23.54 23.52 23.48 23.51 23.45 23.44 23.43 23.39 23.42 23.42 23.49 23.41 23.40 23.34 23.26 23.20 23.29 23.22 23.13 23.32 23.16 23.08 23.11 23.29 22.98 23.11 23.33 23.25 23.25 23.12 23.00 22.89 22.92 22.89 22.90
99999.90 99999.90 99999.90 99999.90 99999.90 99999.90 99999.90 99999.90 99999.90 99999.90 99999.90 99999.90 99999.90 99999.90 99999.90 99999.90 99999.90 99999.90 99999.90 99999.90 99999.90 99999.90 99999.90 99999.90 99999.90 99999.90 23.46 23.60 23.63 23.63 23.63 23.63 23.63 23.63 23.63 23.63 23.63 23.63 23.66 23.73 23.73 23.73 23.41 23.32 23.54 23.54 23.39 23.40 23.38 23.44 23.53 23.40 23.43 23.45 23.38 23.40 23.30 23.23 23.28 23.31 23.29 23.13 23.00 23.22 23.22 23.26 23.30 23.34 23.25 23.15 23.20 22.88 23.12 23.16 23.03 22.98 23.00
99999.90 99999.90 99999.90 99999.90 99999.90 99999.90 99999.90 99999.90 99999.90 99999.90 99999.90 99999.90 99999.90 99999.90 99999.90 99999.90 99999.90 99999.90 99999.90 99999.90 99999.90 99999.90 99999.90 99999.90 99999.90 23.41 23.46 23.60 23.63 23.63 23.63 23.63 23.63 23.63 23.63 23.63 23.63 23.63 23.63 23.66 23.75 23.75 23.37 23.51 23.62 23.59 23.47 23.55 23.39 23.36 23.36 23.34 23.34 23.38 23.39 23.38 23.32 23.38 23.33 23.30 23.30 23.20 23.15 23.00 23.19 23.27 23.30 23.17 23.26 23.28 23.16 23.07 23.25 22.91 23.07 23.31 23.10
99999.90 99999.90 99999.90 99999.90 99999.90 99999.90 99999.90 99999.90 99999.90 99999.90 99999.90 99999.90 99999.90 99999.90 99999.90 99999.90 99999.90 99999.90 99999.90 99999.90 99999.90 99999.90 99999.90 99999.90 22.88 23.41 23.46 23.60 23.63 23.63 23.63 23.63 23.63 23.63 23.63 23.63 23.63 23.63 23.63 23.66 23.66 23.65 23.61 23.54 23.49 23.57 23.58 23.55 23.48 23.40 23.34 23.35 23.37 23.44 23.39 23.37 23.39 23.37 23.38 23.28 23.23 23.18 23.13 23.16 23.20 23.33 23.31 23.04 23.13 23.00 22.88 23.12 23.11 23.18 23.12 22.52 22.27
99999.90 99999.90 99999.90 99999.90 99999.90 99999.90 99999.90 99999.90 99999.90 99999.90 99999.90 99999.90 99999.90 99999.90 99999.90 99999.90 99999.90 99999.90 99999.90 99999.90 99999.90 99999.90 99999.90 99999.90 22.88 22.88 23.46 23.60 23.60 23.60 23.63 23.63 23.63 23.63 23.63 23.63 23.63 23.63 23.63 23.73 23.67 23.64 23.47 23.40 23.49 23.48 23.45 23.36 23.47 23.47 23.46 23.48 23.54 23.43 23.45 23.44 23.40 23.42 23.42 23.34 23.26 23.19 23.18 23.30 23.29 23.12 23.12 23.20 23.04 23.01 23.14 23.12 23.07 22.80 22.18 22.23 22.79
99999.90 99999.90 99999.90 99999.90 99999.90 99999.90 99999.90 99999.90 99999.90 99999.90 99999.90 99999.90 99999.90 99999.90 99999.90 99999.90 99999.90 99999.90 99999.90 99999.90 99999.90 99999.90 99999.90 23.41 22.88 22.88 23.46 23.46 23.46 23.60 23.60 23.60 23.60 23.60 23.63 23.63 23.63 23.63 23.63 23.63 23.66 23.55 23.40 23.14 23.13 23.25 23.29 23.34 23.46 23.47 23.49 23.54 23.62 23.59 23.64 23.52 23.44 23.38 23.41 23.43 23.40 23.44 23.18 23.22 23.16 23.25 22.79 22.81 22.85 22.53 22.72 22.33 22.73 22.19 22.92 22.87 22.51
99999.90 99999.90 99999.90 99999.90 99999.90 99999.90 99999.90 99999.90 99999.90 99999.90 99999.90 99999.90 99999.90 99999.90 99999.90 99999.90 99999.90 99999.90 99999.90 99999.90 99999.90 99999.90 23.28 23.41 22.88 22.88 22.88 23.46 23.46 23.46 23.46 23.60 23.60 23.60 23.60 23.60 23.68 23.68 23.68 23.48 23.36 23.29 23.25 23.18 23.51 23.43 23.44 23.50 23.46 23.46 23.51 23.47 23.50 23.54 23.63 23.52 23.45 23.41 23.38 23.42 23.36 23.39 23.23 23.23 23.15 22.92 22.85 22.73 22.67 22.63 22.18 22.46 22.74 22.70 22.66 22.41 22.70
99999.90 99999.90 99999.90 99999.90 99999.90 99999.90 99999.90 99999.90 99999.90 99999.90 99999.90 99999.90 99999.90 99999.90 99999.90 99999.90 99999.90 99999.90 99999.90 99999.90 99999.90 23.14 23.28 23.28 22.88 22.88 22.88 22.88 22.88 23.46 23.46 23.46 23.46 23.60 23.60 23.60 23.60 23.60 23.60 23.56 23.24 23.06 23.13 23.22 23.32 23.60 23.60 23.52 23.58 23.58 23.53 23.55 23.54 23.52 23.51 23.42 23.41 23.36 23.28 23.33 23.36 23.43 23.33 23.14 23.24 23.10 22.98 23.05 23.01 22.68 22.15 22.96 22.85 22.32 22.40 22.45 22.61
99999.90 99999.90 99999.90 99999.90 99999.90 99999.90 99999.90 99999.90 99999.90 99999.90 99999.90 99999.90 99999.90 99999.90 99999.90 99999.90 99999.90 99999.90 99999.90 99999.90 23.02 23.14 23.14 23.28 22.88 22.88 22.88 22.88 22.88 22.88 23.46 23.46 23.46 23.46 23.46 23.60 23.60 23.60 23.57 23.52 23.15 23.05 23.14 23.22 23.25 23.57 23.59 23.43 23.48 23.53 23.53 23.50 23.44 23.38 23.40 23.42 23.42 23.39 23.36 23.42 23.44 23.34 23.33 23.22 23.35 23.41 23.30 23.22 23.07 22.91 22.93 22.95 22.46 22.68 22.04 21.69 21.99
99999.90 99999.90 99999.90 99999.90 99999.90 99999.90 99999.90 99999.90 99999.90 99999.90 99999.90 99999.90 99999.90 99999.90 99999.90 99999.90 99999.90 99999.90 99999.90 23.25 23.02 23.02 23.14 23.14 23.28 22.88 22.88 22.88 22.88 22.88 22.88 23.41 23.46 23.46 23.46 23.46 23.51 23.51 23.51 23.60 23.48 23.23 23.10 23.29 23.35 23.43 23.41 23.44 23.41 23.44 23.49 23.47 23.48 23.53 23.52 23.47 23.42 23.41 23.44 23.40 23.40 23.33 23.26 23.36 23.34 23.38 23.41 23.29 23.11 23.25 23.18 22.75 22.75 22.21 22.27 22.14 22.60
99999.90 99999.90 99999.90 99999.90 99999.90 99999.90 99999.90 99999.90 99999.90 99999.90 99999.90 99999.90 99999.90 99999.90 99999.90 99999.90 99999.90 99999.90 23.25 23.25 23.25 23.02 23.02 23.14 23.14 23.28 23.28 22.88 22.88 22.88 22.88 22.88 23.41 23.41 23.46 23.46 23.46 23.53 23.51 23.48 23.46 23.43 23.38 23.41 23.46 23.43 23.52 23.47 23.40 23.45 23.48 23.44 23.43 23.48 23.46 23.51 23.47 23.43 23.42 23.39 23.36 23.22 23.35 23.35 23.32 23.27 23.35 23.47 23.18 23.14 23.11 22.88 22.54 22.84 22.69 22.74 22.81
99999.90 99999.90 99999.90 99999.90 99999.90 99999.90 99999.90 99999.90 99999.90 99999.90 99999.90 99999.90 99999.90 99999.90 99999.90 99999.90 23.11 23.11 23.11 23.11 23.11 23.11 23.02 23.02 23.14 23.14 23.28 23.28 22.88 22.88 22.88 22.88 22.88 23.41 23.41 23.39 23.39 23.47 23.44 23.38 23.43 23.43 23.35 23.44 23.48 23.54 23.49 23.46 23.50 23.43 23.46 23.43 23.43 23.37 23.40 23.43 23.42 23.46 23.46 23.44 23.43 23.19 23.29 23.27 23.45 23.16 23.22 23.44 23.33 23.26 23.37 23.09 22.91 23.12 23.09 22.95 23.03
99999.90 99999.90 99999.90 99999.90 99999.90 99999.90 99999.90 99999.90 99999.90 99999.90 99999.90 99999.90 99999.90 99999.90 22.80 22.80 22.80 22.80 22.80 22.80 22.80 23.11 23.11 23.02 23.02 23.14 23.14 23.28 23.28 23.41 22.88 22.88 22.88 22.88 23.41 23.41 23.37 23.40 23.38 23.37 23.40 23.39 23.30 23.44 23.43 23.42 23.42 23.42 23.50 23.41 23.42 23.41 23.37 23.35 23.44 23.34 23.34 23.37 23.41 23.41 23.33 23.30 23.23 23.29 23.26 23.35 23.27 23.38 23.17 23.30 23.08 23.01 22.81 22.93 23.02 23.02 23.13
99999.90 99999.90 99999.90 99999.90 99999.90 99999.90 99999.90 99999.90 99999.90 99999.90 99999.90 99999.90 23.11 23.11 23.11 23.11 23.11 23.11 23.11 22.80 22.80 23.11 23.11 23.25 23.02 23.02 23.14 23.14 23.28 23.28 23.41 23.41 22.88 22.88 22.88 23.35 23.41 23.49 23.45 23.44 23.42 23.40 23.45 23.48 23.35 23.38 23.43 23.37 23.40 23.38 23.38 23.37 23.29 23.31 23.33 23.31 23.31 23.39 23.29 23.31 23.27 23.29 23.33 23.36 23.32 23.30 23.25 22.85 23.06 23.15 23.24 23.06 22.99 22.97 22.99 22.78 22.84
99999.90 99999.90 99999.90 99999.90 99999.90 99999.90 99999.90 99999.90 99999.90 99999.90 23.20 23.20 23.20 23.20 23.20 23.20 23.20 23.11 23.11 22.80 22.80 22.80 23.11 23.11 23.25 23.02 23.02 23.14 23.14 23.28 23.28 23.41 23.41 23.50 23.50 23.40 23.42 23.45 23.37 23.40 23.34 23.43 23.42 23.42 23.35 23.43 23.40 23.44 23.41 23.39 23.42 23.49 23.36 23.38 23.38 23.34 23.38 23.35 23.34 23.34 23.27 23.32 23.37 23.36 23.30 23.29 23.31 23.17 23.16 23.20 23.24 23.13 23.10 23.10 22.94 23.03 23.04
99999.90 99999.90 99999.90 99999.90 99999.90 99999.90 99999.90 23.07 23.07 23.07 23.07 23.07 23.07 23.07 23.07 23.07 23.20 23.11 23.11 23.11 22.80 22.80 23.11 23.11 23.11 23.25 23.02 23.02 23.14 23.14 23.28 23.28 23.41 23.41 23.40 23.25 23.33 23.31 23.36 23.43 23.32 23.34 23.44 23.41 23.40 23.39 23.35 23.42 23.44 23.40 23.35 23.37 23.41 23.42 23.38 23.34 23.37 23.37 23.36 23.31 23.34 23.35 23.30 23.33 23.30 23.31 23.41 23.39 23.33 23.39 23.36 23.19 23.20 22.92 23.06 22.98 23.02
99999.90 99999.90 99999.90 99999.90 23.01 23.01 23.01 23.01 23.01 23.01 23.01 23.01 23.01 23.07 23.07 23.07 23.20 23.20 23.11 23.11 22.80 22.80 22.80 23.11 23.11 23.25 23.25 23.02 23.02 23.14 23.14 23.28 23.28 23.47 23.30 23.16 23.28 23.29 23.29 23.38 23.34 23.36 23.36 23.34 23.39 23.43 23.32 23.43 23.41 23.39 23.42 23.38 23.45 23.49 23.46 23.39 23.36 23.35 23.40 23.28 23.43 23.42 23.31 23.29 23.24 23.33 23.39 23.52 23.50 23.29 23.33 23.30 23.26 23.25 23.13 23.10 22.83
99999.90 99999.90 23.33 23.33 23.33 23.33 23.33 23.33 23.33 23.01 23.01 23.01 23.01 23.07 23.07 23.07 23.20 23.20 23.11 23.11 23.11 22.80 22.80 23.11 23.11 23.11 23.25 23.25 23.02 23.02 23.14 23.14 23.38 23.32 23.34 23.27 23.28 23.34 23.39 23.35 23.38 23.36 23.36 23.34 23.37 23.43 23.35 23.23 23.37 23.27 23.23 23.40 23.36 23.38 23.40 23.42 23.43 23.37 23.41 23.41 23.48 23.41 23.49 23.30 23.29 23.39 23.49 23.47 23.37 23.36 23.47 23.50 23.41 23.34 23.37 23.13 22.76
23.05 23.05 23.05 23.05 23.05 23.05 23.05 23.40 23.33 23.01 23.01 23.01 23.01 23.07 23.07 23.07 23.07 23.20 23.20 23.11 23.11 22.80 22.80 22.80 23.11 23.11 23.25 23.25 23.25 23.02 23.02 23.35 23.31 23.32 23.31 23.27 23.32 23.36 23.33 23.33 23.36 23.32 23.29 23.29 23.30 23.33 23.38 23.38 23.29 23.29 23.30 23.29 23.33 23.38 23.35 23.32 23.33 23.01 23.24 23.36 23.34 23.45 23.52 23.39 23.31 23.26 23.31 23.35 23.33 23.29 23.40 23.49 23.49 23.28 23.29 23.14 22.79
22.95 23.45 23.05 23.05 23.05 23.05 23.05 23.40 23.33 23.33 23.01 23.01 23.01 23.01 23.07 23.07 23.07 23.20 23.20 23.11 23.11 23.11 22.80 22.80 23.11 23.11 23.11 23.25 23.25 23.25 23.25 23.27 23.28 23.30 23.27 23.32 23.33 23.37 23.33 23.29 23.33 23.30 23.32 23.31 23.32 23.31 23.33 23.33 23.25 23.31 23.29 23.26 23.28 23.29 23.32 23.32 23.30 23.28 23.30 23.27 23.22 23.26 23.33 23.47 23.54 23.27 23.26 23.27 23.23 23.21 23.30 23.36 23.38 23.31 23.13 23.10 22.53
22.95 23.45 23.05 23.05 23.05 23.05 23.05 23.40 23.39 23.33 23.01 23.01 23.01 23.01 23.07 23.07 23.07 23.20 23.20 23.20 23.11 23.11 22.80 22.80 22.80 23.11 23.11 23.25 23.25 23.17 23.14 23.15 23.24 23.34 23.29 23.28 23.32 23.34 23.24 23.34 23.32 23.32 23.32 23.30 23.30 23.32 23.31 23.33 23.26 23.31 23.28 23.27 23.31 23.30 23.40 23.34 23.35 23.35 23.44 23.34 23.20 23.25 23.26 23.44 23.46 23.39 23.24 23.09 23.22 23.15 23.21 23.20 23.20 23.22 22.98 23.13 23.22
22.95 23.45 23.40 23.05 23.05 23.05 23.05 23.40 23.39 23.33 23.33 23.01 23.01 23.01 23.07 23.07 23.07 23.07 23.20 23.20 23.11 23.11 23.11 22.80 22.80 23.11 23.11 23.20 23.04 23.01 22.99 23.22 23.18 23.26 23.33 23.35 23.31 23.30 23.37 23.34 23.32 23.29 23.32 23.30 23.26 23.29 23.30 23.29 23.30 23.31 23.32 23.30 23.29 23.31 23.33 23.35 23.34 23.39 23.47 23.53 23.44 23.30 23.28 23.29 23.31 23.33 23.26 23.24 23.22 23.20 23.15 23.20 23.30 23.16 23.13 23.18 23.11
22.95 23.45 23.40 23.05 23.05 23.05 23.05 23.40 23.39 23.33 23.33 23.01 23.01 23.01 23.01 23.07 23.07 23.07 23.20 23.20 23.20 23.11 23.11 22.80 22.80 23.32 23.10 23.06 23.07 23.08 23.21 23.17 23.26 23.39 23.34 23.31 23.28 23.34 23.34 23.33 23.34 23.33 23.29 23.29 23.27 23.33 23.29 23.28 23.33 23.29 23.31 23.32 23.34 23.30 23.30 23.30 23.33 23.37 23.40 23.42 23.50 23.37 23.25 23.25 23.27 23.29 23.30 23.27 23.33 23.32 23.25 23.27 23.24 23.25 23.11 22.73 22.71
22.95 23.45 23.40 23.05 23.05 23.05 23.05 23.40 23.39 23.33 23.33 23.33 23.01 23.01 23.01 23.07 23.07 23.07 23.37 23.20 23.20 23.11 23.11 23.33 23.22 23.05 22.97 22.98 23.01 22.94 23.07 23.21 23.41 23.43 23.27 23.27 23.13 23.19 23.28 23.26 23.25 23.33 23.35 23.30 23.26 23.29 23.30 23.31 23.26 23.26 23.24 23.32 23.32 23.32 23.29 23.28 23.29 23.29 23.30 23.32 23.30 23.28 23.27 23.26 23.26 23.29 23.27 23.26 23.29 23.33 23.32 23.35 23.22 23.20 23.20 22.60 23.06
22.95 23.45 23.40 23.05 23.05 23.05 23.05 23.40 23.39 23.35 23.33 23.33 23.01 23.01 23.01 23.36 23.07 23.07 23.37 23.20 23.20 23.27 23.25 23.17 23.17 23.15 23.17 23.14 23.02 22.58 21.65 22.72 22.11 22.60 23.05 23.08 22.75 22.72 22.82 22.97 23.16 23.24 23.31 23.26 23.30 23.33 23.34 23.34 23.30 23.31 23.28 23.26 23.30 23.27 23.28 23.25 23.28 23.27 23.27 23.19 23.26 23.31 23.29 23.27 23.24 23.26 23.22 23.23 23.20 23.29 23.34 23.38 23.27 23.24 23.27 22.82 23.15
22.95 23.45 23.40 23.38 23.05 23.05 23.05 23.40 23.39 23.35 23.33 23.33 23.33 23.01 23.01 23.36 23.07 23.07 23.37 23.46 23.46 23.46 23.45 23.27 23.37 23.33 23.39 23.37 23.26 23.13 22.58 23.08 23.15 23.16 23.21 23.16 23.16 23.07 23.09 23.04 23.12 23.27 23.34 23.29 23.27 23.27 23.34 23.33 23.37 23.35 23.34 23.30 23.36 23.28 23.28 23.26 23.28 23.33 23.28 23.30 23.31 23.28 23.27 23.25 23.27 23.25 23.17 23.35 23.33 23.31 23.37 23.31 23.29 23.21 23.18 23.01 23.01
22.95 23.45 23.40 23.38 23.05 23.05 23.05 23.40 23.39 23.35 23.33 23.33 23.33 23.01 23.01 23.36 23.27 23.33 23.43 23.48 23.49 23.44 23.46 23.37 23.34 23.35 23.36 23.36 23.28 23.27 23.23 23.23 23.26 23.26 23.31 23.36 23.37 23.27 23.28 23.29 23.04 23.19 23.32 23.27 23.11 23.16 23.26 23.38 23.45 23.46 23.44 23.40 23.38 23.26 23.21 23.26 23.19 23.23 23.31 23.30 23.21 23.29 23.24 23.25 23.32 23.27 23.31 23.47 23.28 23.30 23.29 23.24 23.31 23.22 23.07 22.92 23.06
22.95 23.45 23.40 23.38 23.36 23.05 23.05 23.40 23.39 23.35 23.33 23.33 23.33 23.32 23.30 23.31 23.34 23.39 23.36 23.41 23.40 23.37 23.36 23.25 23.21 23.28 23.27 23.23 23.20 23.23 23.25 23.29 23.25 23.23 23.18 23.20 23.26 23.28 23.26 23.31 23.27 23.27 23.37 23.40 23.42 23.27 23.23 23.19 23.32 23.42 23.39 23.42 23.45 23.42 23.42 23.25 23.32 23.27 23.23 23.28 23.36 23.32 23.28 23.45 23.42 23.46 23.40 23.37 23.22 23.22 23.30 23.26 23.18 23.15 23.12 22.92 22.92
22.95 23.45 23.40 23.38 23.36 23.05 23.05 23.40 23.39 23.35 23.33 23.31 23.35 23.33 23.27 23.29 23.33 23.34 23.33 23.38 23.36 23.34 23.26 23.19 23.17 23.22 23.20 23.17 23.21 23.16 23.21 23.21 23.20 23.18 23.16 23.14 23.11 23.21 23.24 23.22 23.20 23.26 23.31 23.39 23.41 23.41 23.38 23.37 23.42 23.43 23.40 23.49 23.51 23.40 23.38 23.45 23.42 23.39 23.37 23.39 23.37 23.35 23.42 23.47 23.43 23.34 23.23 23.30 23.31 23.32 23.28 23.30 23.17 23.21 23.14 23.06 22.95
22.95 23.45 23.40 23.38 23.36 23.44 23.40 23.40 23.43 23.42 23.40 23.37 23.35 23.36 23.37 23.33 23.26 23.22 23.26 23.25 23.30 23.34 23.32 23.22 23.17 23.15 23.20 23.23 23.23 23.22 23.19 23.16 23.22 23.18 23.16 23.11 23.14 23.17 23.22 23.28 23.23 23.22 23.26 23.35 23.40 23.42 23.44 23.39 23.38 23.42 23.45 23.49 23.47 23.45 23.32 23.41 23.43 23.42 23.43 23.44 23.42 23.33 23.41 23.42 23.25 23.28 23.27 23.43 23.49 23.51 23.32 23.22 23.11 23.03 23.03 23.14 22.91
23.38 23.30 23.37 23.42 23.46 23.43 23.42 23.43 23.30 23.32 23.33 23.31 23.27 23.29 23.29 23.33 23.28 23.11 23.14 23.23 23.29 23.31 23.29 23.22 23.20 23.19 23.22 23.18 23.21 23.24 23.15 23.14 23.18 23.17 23.12 23.09 23.08 23.12 23.14 23.19 23.21 23.19 23.19 23.26 23.33 23.37 23.40 23.37 23.36 23.33 23.41 23.46 23.40 23.32 23.29 23.34 23.49 23.49 23.40 23.41 23.36 23.30 23.36 23.41 23.38 23.33 23.35 23.52 23.46 23.30 23.30 23.20 23.10 22.98 22.88 22.87 22.77
23.33 23.38 23.37 23.41 23.39 23.43 23.40 23.32 23.23 23.26 23.30 23.25 23.25 23.21 23.17 23.18 23.16 23.11 23.16 23.21 23.24 23.28 23.24 23.23 23.20 23.14 23.20 23.14 23.18 23.19 23.13 23.12 23.12 23.16 23.17 23.13 23.10 23.11 23.16 23.17 23.17 23.21 23.22 23.30 23.29 23.32 23.36 23.37 23.28 23.25 23.25 23.32 23.37 23.38 23.34 23.39 23.47 23.42 23.41 23.34 23.28 23.35 23.34 23.31 23.30 23.31 23.27 23.31 23.34 23.19 23.28 23.36 23.21 23.08 22.67 23.02 22.75
23.31 23.35 23.34 23.38 23.40 23.38 23.36 23.31 23.31 23.29 23.29 23.26 23.20 23.16 23.15 23.10 23.13 23.16 23.18 23.26 23.28 23.25 23.21 23.24 23.22 23.22 23.13 23.06 23.06 23.15 23.11 23.12 23.14 23.19 23.20 23.17 23.19 23.16 23.20 23.20 23.15 23.19 23.22 23.29 23.26 23.27 23.30 23.27 23.31 23.28 23.24 23.30 23.29 23.37 23.38 23.37 23.42 23.37 23.35 23.18 23.27 23.39 23.40 23.23 23.23 23.35 23.35 23.12 23.16 23.09 23.18 23.39 23.23 23.06 22.94 22.91 22.72
23.31 23.27 23.28 23.32 23.34 23.35 23.34 23.33 23.33 23.27 23.26 23.23 23.24 23.19 23.17 23.15 23.06 23.09 23.22 23.23 23.26 23.23 23.24 23.22 23.24 23.19 23.12 23.12 23.21 23.26 23.21 23.12 23.10 23.13 23.14 23.14 23.13 23.15 23.19 23.20 23.21 23.24 23.24 23.25 23.25 23.28 23.27 23.26 23.25 23.22 23.31 23.28 23.24 23.21 23.28 23.35 23.37 23.32 23.28 23.22 23.41 23.38 23.35 23.28 23.27 23.23 23.19 23.23 23.08 23.13 23.36 23.43 23.39 23.16 23.01 23.11 23.13
