main/data/irradiance/08.09.2023.grid
ncols 839
nrows 679
xllcenter 112.0500
yllcenter -43.9500
cellsize 0.0500
nodata_value 99999.90
[rows 374 to 407 of 679, columns 154 to 230 of 839]
20.49 20.43 20.45 20.49 20.45 20.44 20.44 20.48 20.42 20.40 20.41 20.41 20.40 20.45 20.49 20.47 20.46 20.52 20.50 20.49 20.49 20.60 20.62 20.55 20.52 20.54 20.55 20.51 20.57 20.59 20.50 20.49 20.48 20.49 20.55 20.58 20.48 20.52 20.56 20.56 20.49 20.47 20.48 19.89 20.35 20.47 20.51 20.51 20.49 20.46 20.47 20.45 20.41 20.42 20.49 20.42 20.39 20.40 20.40 20.39 20.33 20.40 20.42 20.50 20.51 20.51 20.50 20.46 20.47 20.48 20.51 20.48 20.51 20.48 20.53 20.48 20.47
20.47 20.47 20.47 20.52 20.41 20.43 20.43 20.42 20.41 20.43 20.43 20.40 20.43 20.40 20.46 20.47 20.51 20.50 20.58 20.48 20.49 20.63 20.43 20.54 20.36 20.46 20.45 20.50 20.57 20.59 20.53 20.54 20.60 20.53 20.52 20.52 20.49 20.54 20.56 20.56 20.47 20.48 20.47 20.26 20.38 20.38 20.49 20.47 20.47 20.29 20.35 20.37 20.39 20.39 20.45 20.43 20.35 20.38 20.45 20.43 20.36 20.30 20.34 20.38 20.47 20.40 20.43 20.49 20.54 20.44 20.43 20.46 20.44 20.45 20.43 20.46 20.48
20.45 20.46 20.46 20.47 20.44 20.44 20.45 20.44 20.51 20.47 20.48 20.44 20.41 20.42 20.47 20.54 20.54 20.54 20.59 20.56 20.52 20.50 20.46 20.51 20.50 20.50 20.51 20.51 20.53 20.48 20.43 20.54 20.57 20.54 20.47 20.50 20.47 20.50 20.47 20.45 20.48 20.45 20.45 20.43 20.42 20.46 20.37 20.38 20.07 19.89 18.96 20.11 20.32 20.24 20.40 20.37 20.35 20.36 20.44 20.36 20.35 20.33 20.34 20.33 20.44 20.48 20.56 20.51 20.50 20.51 20.44 20.49 20.50 20.43 20.41 20.40 20.45
20.44 20.46 20.40 20.50 20.42 20.50 20.46 20.40 20.41 20.40 20.41 20.45 20.49 20.46 20.39 20.44 20.46 20.56 20.52 20.46 20.52 20.46 20.42 20.53 20.45 20.43 20.41 20.55 20.53 20.55 20.44 20.48 20.54 20.47 20.48 20.52 20.39 20.40 20.45 20.41 20.43 20.44 20.42 20.43 20.42 20.43 20.46 20.26 19.23 19.05 18.61 19.84 17.78 20.25 20.36 20.32 20.37 20.39 20.45 20.42 20.42 20.37 20.35 20.37 20.53 20.50 20.53 20.52 20.55 20.54 20.44 20.51 20.41 20.34 20.38 20.45 20.39
20.35 20.37 20.48 20.55 20.52 20.46 20.42 20.44 20.38 20.35 20.35 20.40 20.46 20.45 20.38 20.35 20.45 20.45 20.45 20.40 20.39 20.42 20.41 20.48 20.53 20.41 20.37 20.44 20.57 20.54 20.41 20.32 20.38 20.44 20.47 20.46 20.35 20.33 20.25 20.40 20.42 20.45 20.46 20.40 20.38 20.38 20.37 19.97 20.19 20.02 19.35 19.91 17.63 20.02 20.27 20.30 20.39 20.39 20.29 20.32 20.41 20.41 20.50 20.42 20.50 20.53 20.45 20.34 20.42 20.40 20.38 20.41 20.34 20.32 20.43 20.40 20.39
20.18 20.31 20.39 20.42 20.25 20.45 20.48 20.36 20.35 20.32 20.32 20.33 20.39 20.39 20.38 20.40 20.38 20.35 20.34 20.35 20.35 20.45 20.47 20.47 20.50 20.39 20.36 20.37 20.46 20.35 20.37 20.35 20.39 20.43 20.18 20.38 20.36 20.35 20.25 20.40 20.42 20.43 20.40 20.37 20.36 20.36 20.36 20.39 20.27 19.74 19.65 19.62 18.27 19.60 20.29 20.33 20.36 20.34 20.24 20.29 20.35 20.36 20.43 20.41 20.56 20.39 20.41 20.49 20.43 20.42 20.44 20.46 20.47 20.47 20.42 20.40 20.43
20.27 20.33 20.32 20.35 20.17 20.33 20.33 20.27 20.30 20.29 20.32 20.37 20.37 20.38 20.45 20.45 20.43 20.34 20.33 20.32 20.33 20.40 20.46 20.44 20.37 20.32 20.40 20.34 20.39 20.35 20.39 20.34 20.34 20.37 20.46 20.39 20.41 20.41 20.36 20.34 20.39 20.38 20.37 20.39 20.38 20.30 20.28 20.34 20.38 20.05 19.69 19.49 18.80 19.90 20.27 20.37 20.35 20.33 20.26 20.39 20.33 20.34 20.37 20.54 20.50 20.35 20.39 20.49 20.53 20.57 20.45 20.49 20.50 20.43 20.38 20.38 20.39
20.32 20.33 20.30 20.34 20.39 20.33 20.30 20.29 20.26 20.28 20.29 20.32 20.34 20.35 20.43 20.40 20.34 20.30 20.32 20.32 20.30 20.30 20.38 20.36 20.35 20.37 20.38 20.31 20.30 20.32 20.32 20.31 20.38 20.45 20.47 20.43 20.41 20.39 20.41 20.31 20.34 20.33 20.32 20.48 20.42 20.37 20.38 20.36 20.40 20.30 19.88 19.63 18.68 19.22 20.05 20.29 20.32 20.28 20.33 20.45 20.38 20.37 20.42 20.44 20.37 20.32 20.33 20.36 20.35 20.48 20.42 20.44 20.35 20.33 20.30 20.33 20.36
20.29 20.31 20.28 20.30 20.27 20.29 20.29 20.27 20.26 20.29 20.27 20.25 20.29 20.31 20.29 20.34 20.32 20.29 20.25 20.28 20.32 20.31 20.29 20.30 20.30 20.33 20.26 20.33 20.30 20.27 20.36 20.32 20.36 20.49 20.42 20.41 20.44 20.45 20.38 20.39 20.37 20.29 20.25 20.39 20.35 20.42 20.36 20.32 20.36 20.33 20.17 19.86 19.14 18.90 20.04 20.26 20.23 20.25 20.22 20.33 20.33 20.40 20.45 20.41 20.34 20.32 20.28 20.39 20.53 20.48 20.38 20.48 20.25 19.76 20.30 20.34 20.35
20.26 20.24 20.26 20.29 20.29 20.26 20.28 20.25 20.23 20.25 20.22 20.20 20.21 20.27 20.30 20.29 20.29 20.28 20.23 20.23 20.22 20.28 20.27 20.27 20.27 20.27 20.28 20.34 20.33 20.29 20.33 20.34 20.29 20.38 20.39 20.33 20.30 20.32 20.36 20.37 20.31 20.24 20.24 20.29 20.30 20.34 20.30 20.33 20.31 20.29 20.30 20.21 19.69 19.59 19.61 20.27 20.26 20.34 20.36 20.39 20.27 20.28 20.33 20.33 20.35 20.32 20.38 20.53 20.54 20.57 20.55 20.54 20.24 20.24 20.25 20.30 20.34
20.27 20.26 20.26 20.25 20.26 20.25 20.28 20.28 20.26 20.26 20.23 20.22 20.24 20.25 20.29 20.30 20.33 20.32 20.25 20.21 20.20 20.23 20.24 20.23 20.23 20.22 20.28 20.30 20.26 20.36 20.36 20.31 20.31 20.29 20.34 20.34 20.28 20.32 20.37 20.36 20.36 20.23 20.20 20.22 20.33 20.27 20.23 20.36 20.34 20.30 20.35 20.35 20.23 20.14 19.34 19.77 20.27 20.35 20.30 20.32 20.31 20.24 20.30 20.28 20.30 20.30 20.35 20.34 20.42 20.42 20.36 20.31 20.21 20.36 20.34 20.34 20.28
20.27 20.26 20.25 20.25 20.20 20.21 20.25 20.24 20.29 20.37 20.25 20.21 20.24 20.26 20.34 20.31 20.29 20.34 20.26 20.21 20.18 20.17 20.21 20.21 20.20 20.21 20.19 20.21 20.25 20.30 20.33 20.30 20.25 20.26 20.32 20.31 20.32 20.39 20.33 20.32 20.43 20.24 20.23 20.23 20.24 20.26 20.29 20.37 20.37 20.36 20.43 20.36 20.36 20.28 20.15 19.93 19.96 20.27 20.31 20.25 20.27 20.26 20.37 20.37 20.33 20.14 20.35 20.25 20.31 20.29 20.30 20.35 20.33 20.41 20.40 20.31 20.28
20.14 20.22 20.21 20.21 20.19 20.21 20.22 20.26 20.26 20.28 20.34 20.30 20.31 20.24 20.25 20.27 20.27 20.29 20.11 19.94 20.23 20.20 20.21 20.24 20.18 20.17 20.16 20.20 20.19 20.21 20.29 20.34 20.28 20.26 20.27 20.32 20.29 20.29 20.40 20.44 20.43 20.33 20.21 20.25 20.23 20.20 20.21 20.26 20.40 20.40 20.42 20.42 20.41 20.32 20.38 20.34 19.97 19.43 19.95 20.09 20.23 20.25 20.30 20.40 20.26 19.99 19.82 20.11 20.22 20.23 20.19 20.25 20.27 20.30 20.38 20.36 20.37
20.15 20.14 20.19 20.18 20.18 20.19 20.22 20.24 20.22 20.22 20.24 20.13 20.24 20.25 20.24 20.25 20.27 20.03 19.80 20.03 20.07 20.22 20.33 20.22 20.19 20.18 20.17 20.18 20.18 20.19 20.23 20.34 20.34 20.32 20.28 20.23 20.29 20.30 20.29 20.33 20.29 20.23 20.33 20.23 20.27 20.25 20.18 20.22 20.29 20.41 20.38 20.36 20.39 20.23 20.23 20.19 20.19 19.97 19.97 19.63 19.89 20.16 20.27 20.35 20.29 20.20 20.13 19.84 20.15 20.18 19.77 20.13 20.22 20.27 20.30 20.39 20.39
20.17 20.14 20.19 20.17 20.18 20.17 20.16 20.20 20.20 20.19 20.21 20.16 20.20 20.19 20.20 20.23 20.28 20.13 20.09 20.12 20.18 20.19 20.17 20.02 19.95 20.18 20.21 20.22 20.19 20.18 20.22 20.25 20.27 20.20 20.18 20.14 20.21 20.22 20.23 20.20 20.23 20.32 20.33 20.32 20.14 20.18 20.23 20.20 20.27 20.39 20.27 20.26 20.35 20.21 20.20 20.23 20.18 20.22 20.21 20.17 20.17 20.19 20.28 20.32 20.32 20.20 20.10 20.15 20.16 20.17 19.96 19.48 20.16 20.26 20.16 20.25 20.42
20.19 20.20 20.15 20.12 20.13 20.13 20.12 20.18 20.20 20.17 20.17 20.17 20.18 20.16 20.17 20.18 20.20 20.27 20.30 20.27 20.22 20.17 20.22 20.29 20.13 19.94 19.88 19.91 20.00 20.10 20.22 20.18 20.20 20.15 20.13 20.12 20.10 20.13 20.21 20.18 20.23 20.33 20.27 20.33 20.23 20.21 20.16 20.19 20.12 20.11 20.21 20.19 20.28 20.23 20.13 20.17 20.16 20.17 20.16 20.13 20.13 20.17 19.88 19.76 20.02 19.89 19.55 20.10 20.11 20.07 20.18 20.13 20.15 20.13 19.94 20.12 20.32
20.08 20.20 20.16 20.13 20.13 20.15 20.13 20.19 20.19 20.16 20.16 20.26 20.16 20.15 20.16 20.18 20.19 20.20 20.21 20.20 20.22 20.20 20.20 20.25 20.12 20.14 20.24 20.14 20.12 20.20 20.26 20.21 20.16 20.15 20.09 20.09 20.08 20.10 20.17 20.28 20.27 20.27 20.22 20.18 20.14 20.23 20.34 20.27 20.14 20.18 20.00 19.42 19.99 20.23 20.14 20.11 20.16 20.13 20.15 20.18 20.20 20.17 20.16 20.18 20.18 19.84 19.67 19.92 19.86 19.76 20.11 20.07 20.09 20.12 20.08 20.02 20.08
20.14 20.16 20.13 20.10 20.09 20.08 20.11 20.15 20.17 20.14 20.15 20.25 20.15 20.11 20.12 20.19 20.24 20.18 20.17 20.13 20.15 20.15 20.15 20.17 20.18 20.15 20.18 20.21 20.23 20.17 20.20 20.19 20.22 20.06 20.10 20.11 20.07 20.07 20.14 20.12 20.07 20.23 20.13 20.09 20.12 20.16 20.32 20.27 20.34 20.33 20.24 20.21 20.17 19.96 20.13 20.08 20.08 20.07 20.08 20.11 20.15 20.12 20.23 20.19 20.12 20.02 19.81 20.10 20.02 19.55 19.60 19.88 20.12 20.15 20.17 20.23 20.23
20.19 20.15 20.12 20.10 20.08 20.07 20.07 20.13 20.16 20.13 20.17 20.10 20.10 20.11 20.11 20.11 20.16 20.13 20.10 20.08 20.09 20.12 20.10 20.15 20.12 20.13 20.12 20.17 20.16 20.15 20.12 20.10 20.19 19.97 20.07 20.18 20.11 20.07 20.07 20.09 20.08 20.16 20.13 20.12 20.12 20.12 20.19 20.22 20.30 20.26 20.26 20.21 20.19 20.14 20.14 20.11 20.02 20.02 20.02 20.05 20.11 20.07 20.04 20.05 20.08 20.04 20.05 20.08 20.04 19.69 19.83 19.67 19.76 20.13 20.17 20.21 20.26
20.13 20.10 20.13 20.11 20.05 20.05 20.09 20.11 20.13 20.12 20.14 20.08 20.10 20.09 20.11 20.08 20.11 20.11 20.13 20.12 20.10 20.13 20.17 20.11 20.14 20.16 20.18 20.16 20.15 20.14 20.13 20.09 20.12 20.13 19.84 19.90 19.98 20.15 20.08 20.09 20.08 20.05 20.05 20.08 20.16 20.11 20.12 20.27 20.28 20.23 20.29 20.17 20.22 20.11 20.10 20.17 20.03 20.00 20.00 20.00 20.03 20.05 20.03 20.03 20.07 20.04 20.03 20.03 20.01 19.99 20.07 20.07 20.03 20.04 20.08 20.11 20.11
20.11 20.13 20.14 20.15 20.08 20.08 20.08 20.09 20.11 20.12 20.17 20.14 20.10 20.09 20.09 20.07 20.13 20.12 20.09 20.07 20.09 20.11 20.10 20.08 20.07 20.07 20.13 20.12 20.11 20.04 20.08 20.09 20.07 20.12 20.06 20.06 20.28 20.20 20.12 20.05 20.05 20.02 20.00 20.04 20.07 20.05 20.03 20.17 20.23 20.20 20.22 20.23 20.17 20.12 20.10 20.15 20.08 20.01 20.00 19.99 19.99 19.98 20.01 19.98 20.01 19.99 20.00 20.01 20.06 20.04 20.04 20.02 20.07 20.02 20.01 20.01 20.03
20.10 20.10 20.10 20.12 20.12 20.10 20.10 20.13 20.10 20.08 20.10 20.11 20.09 20.08 20.09 20.08 20.11 20.10 20.06 20.05 20.06 20.08 20.08 20.04 20.08 20.07 20.10 20.09 20.15 20.08 20.02 20.03 20.03 20.13 20.04 20.11 20.17 20.11 20.10 20.07 20.06 19.97 19.97 20.04 20.01 20.03 20.05 20.08 20.14 20.12 20.10 20.24 20.17 20.14 20.13 20.16 20.12 20.00 19.99 20.00 19.99 19.96 19.98 19.98 20.01 20.00 20.00 19.96 20.00 20.00 19.96 19.98 19.99 19.96 19.97 19.97 19.96
20.09 20.14 20.07 20.09 20.10 20.08 20.07 20.08 20.09 20.08 20.08 20.11 20.08 20.08 20.09 20.10 20.08 20.09 20.07 20.06 20.04 20.04 20.02 20.01 20.04 20.10 20.05 20.05 20.09 20.11 20.04 20.02 20.01 20.09 20.05 20.04 19.99 19.98 19.97 19.98 20.06 20.10 20.02 20.04 20.08 20.10 19.85 19.61 19.73 20.09 20.09 20.20 20.08 20.06 20.03 20.03 20.07 20.06 20.00 20.01 20.04 20.01 19.96 19.94 19.96 19.95 19.98 19.96 19.97 19.99 19.97 19.97 20.02 19.94 19.94 19.93 19.90
20.01 20.06 20.09 20.06 20.08 20.08 20.06 20.06 20.10 20.09 20.07 20.06 20.09 20.12 20.09 20.07 20.04 20.03 20.05 20.04 20.04 20.05 20.04 20.10 20.10 20.10 20.07 20.01 20.01 20.13 20.10 20.04 20.04 20.14 20.11 19.99 19.96 19.96 19.97 19.97 19.98 20.04 19.75 20.01 20.02 19.97 20.01 20.13 19.60 20.09 20.04 20.15 20.03 20.00 19.98 19.95 19.97 20.06 19.91 19.90 20.00 20.09 20.05 20.12 20.07 20.09 20.05 19.92 19.92 19.95 19.96 20.00 19.97 19.91 19.93 19.93 19.92
20.01 20.03 20.19 20.04 20.04 20.06 20.05 20.04 20.10 20.06 20.07 20.08 20.09 20.09 20.06 20.04 20.04 20.02 20.04 20.03 20.02 20.04 20.09 20.11 20.04 20.07 20.07 20.02 20.02 19.99 20.10 20.03 20.05 20.03 20.03 19.97 19.95 19.96 19.97 19.97 19.95 19.94 20.00 19.95 19.95 19.96 20.02 20.05 19.70 20.01 19.87 20.09 20.02 19.96 19.95 19.94 19.98 20.10 20.05 20.02 19.92 19.93 20.03 20.05 20.16 20.16 20.04 20.00 20.00 19.94 19.95 19.99 19.92 19.94 20.01 19.96 19.92
19.99 20.00 20.08 20.04 20.01 20.03 20.03 20.03 20.04 20.02 20.03 20.04 20.03 20.04 20.05 20.06 20.03 20.03 20.03 20.03 20.03 20.03 20.11 20.03 20.02 19.97 20.04 20.03 20.01 19.91 20.03 19.98 19.98 19.98 19.97 19.96 19.98 19.94 19.96 19.98 19.96 19.97 19.96 20.02 20.01 19.96 20.00 20.05 19.97 20.06 20.10 19.57 19.96 19.97 19.94 19.96 19.96 19.94 20.03 20.07 20.00 19.99 19.95 20.01 19.96 19.94 19.93 19.91 19.92 19.88 19.88 19.97 20.02 20.05 20.02 19.93 19.92
20.00 19.99 19.96 19.99 20.00 20.01 19.99 20.02 20.02 20.00 19.99 20.01 20.03 20.05 20.05 20.02 20.01 20.01 20.07 20.00 19.99 19.98 20.11 20.06 19.98 19.95 20.05 19.95 20.04 19.79 19.98 19.95 19.95 19.96 19.95 19.92 19.90 19.92 20.04 20.02 19.96 19.95 19.97 19.97 19.96 19.94 19.95 19.94 19.95 19.94 19.99 20.02 19.58 18.77 19.84 19.93 19.92 19.89 19.99 20.09 20.06 19.95 19.93 19.99 19.94 19.92 19.93 19.88 19.88 19.87 19.89 19.84 20.01 20.06 19.97 19.88 19.87
19.95 19.95 19.95 19.98 19.98 19.97 19.98 19.97 19.98 19.98 19.97 19.99 20.02 20.01 19.99 19.96 19.96 19.99 20.01 19.99 19.97 20.02 20.07 20.01 20.00 19.95 19.96 20.02 20.02 20.07 19.98 19.96 19.94 19.93 19.93 19.97 19.92 19.93 20.00 20.07 20.00 19.94 19.93 19.97 19.95 19.92 19.91 19.92 19.91 19.90 19.93 20.01 19.90 19.74 19.83 19.88 19.89 19.90 19.95 20.02 20.01 19.94 19.90 19.90 19.91 19.92 20.01 19.97 20.03 20.01 20.07 19.91 20.01 19.96 19.87 19.82 19.87
19.87 19.93 19.94 19.93 19.95 19.96 19.96 19.95 19.97 19.95 19.95 19.97 19.97 19.99 19.98 19.99 19.99 20.00 19.99 19.95 19.95 19.98 19.99 19.96 19.98 19.97 19.88 20.00 19.97 19.98 19.97 19.96 19.93 19.90 19.91 19.92 19.88 19.90 19.98 20.02 19.99 20.01 19.99 19.93 19.94 19.94 19.91 19.89 19.92 19.97 19.94 19.90 19.90 19.92 19.92 19.13 19.40 18.50 19.69 19.90 19.87 19.88 19.87 19.88 19.88 19.88 19.90 19.95 20.03 19.88 20.03 20.09 20.24 19.98 19.80 19.84 19.90
19.84 19.91 19.93 19.94 19.93 19.94 19.93 19.95 19.97 20.05 20.01 19.95 19.94 19.94 19.95 20.02 19.97 19.97 19.95 19.92 19.90 19.92 19.96 19.94 19.97 19.96 19.95 20.09 20.02 19.99 20.02 19.97 19.92 19.91 19.95 19.97 19.90 19.91 19.95 20.01 19.99 19.93 19.92 19.93 19.92 19.89 19.93 19.98 20.01 19.93 19.91 19.89 19.90 19.97 19.91 19.89 19.57 19.80 19.89 19.68 19.84 19.83 19.83 19.86 19.87 19.89 19.89 19.98 19.98 20.00 20.03 20.07 20.17 20.26 20.05 20.04 20.11
20.02 19.91 19.90 19.91 19.89 19.90 19.89 19.92 19.91 19.93 19.96 19.92 19.89 19.92 19.94 19.93 19.96 19.96 19.94 19.97 19.92 19.91 19.91 19.96 19.97 19.96 20.00 20.03 20.00 19.96 19.97 20.00 19.89 19.90 19.93 19.94 19.87 19.88 19.89 19.88 19.90 19.97 19.91 19.89 19.85 19.82 19.85 19.84 19.85 19.86 19.86 19.86 19.86 19.87 19.59 19.82 19.51 19.32 19.54 19.39 19.78 19.79 19.81 19.81 19.82 19.81 19.81 19.84 19.85 19.95 19.92 19.94 20.04 20.12 20.09 20.01 20.16
19.97 19.96 19.91 19.92 19.91 19.92 19.92 19.89 19.90 19.94 19.93 19.90 19.94 19.95 19.92 19.90 19.97 20.04 19.93 19.93 19.89 19.87 19.90 19.94 19.93 19.96 19.98 19.93 19.94 19.91 19.94 19.96 19.95 19.89 19.94 19.93 19.91 19.85 19.88 19.91 19.92 19.93 19.91 19.90 19.86 19.85 19.85 19.85 19.86 19.85 19.85 19.84 19.84 19.86 19.79 19.81 19.78 19.72 19.70 19.80 19.79 19.61 19.53 19.79 19.79 19.79 19.80 19.81 19.81 19.83 19.87 19.86 19.97 19.98 20.03 20.09 20.15
19.87 19.86 19.88 19.90 19.91 19.88 19.90 19.86 19.87 19.98 19.92 19.90 19.92 20.07 19.95 19.89 19.93 20.05 19.91 19.92 19.97 19.90 19.90 19.92 19.90 19.91 19.92 19.93 19.95 19.92 19.94 19.95 19.92 19.91 19.90 19.95 19.92 19.85 19.85 19.85 19.93 19.88 19.95 19.87 19.86 19.85 19.84 19.82 19.82 19.82 19.84 19.82 19.80 19.82 19.81 19.83 19.81 19.85 19.84 19.81 19.82 19.82 19.38 19.32 19.71 19.78 19.75 19.76 19.76 19.77 19.78 19.77 19.91 19.95 20.07 20.01 20.07
19.87 19.87 19.86 19.87 19.88 19.86 19.87 19.86 19.81 19.87 19.89 19.90 19.84 19.86 19.90 19.84 19.86 19.98 19.94 19.91 19.97 19.98 19.96 19.96 19.92 19.89 19.92 19.92 19.91 19.85 19.88 19.89 19.89 19.90 19.85 19.96 19.87 19.84 19.88 19.83 19.83 19.87 19.88 19.86 19.88 19.86 19.81 19.79 19.78 19.81 19.82 19.78 19.82 19.80 19.80 19.83 19.82 19.83 19.84 19.84 19.80 19.84 19.77 19.63 19.46 19.72 19.76 19.78 19.81 19.79 19.83 19.82 19.84 19.84 20.03 20.07 20.08
