main/data/irradiance/08.01.2023.grid
ncols 839
nrows 679
xllcenter 112.0500
yllcenter -43.9500
cellsize 0.0500
nodata_value 99999.90
[rows 102 to 135 of 679, columns 308 to 384 of 839]
28.88 28.87 28.64 28.37 26.93 26.73 27.35 26.16 27.22 27.37 26.20 24.72 26.26 26.26 26.06 26.06 28.21 27.73 27.93 27.69 27.80 27.89 27.90 27.53 27.97 28.50 28.66 28.12 28.36 28.67 28.41 28.86 29.03 28.94 29.08 29.08 29.16 29.17 29.16 29.15 29.15 28.87 29.08 29.08 29.02 29.02 29.02 28.85 28.89 29.06 29.10 29.09 29.15 29.09 29.11 29.12 29.01 28.95 28.49 28.33 28.70 28.94 28.92 29.07 28.81 28.58 28.41 28.15 27.87 26.80 27.03 28.80 28.22 28.10 27.87 27.68 27.27
28.40 28.69 28.93 28.33 27.89 27.82 28.09 28.01 26.89 27.59 26.98 24.38 25.28 25.28 26.06 28.07 28.07 27.81 27.34 27.77 27.90 27.70 27.54 27.33 27.37 28.65 28.73 28.28 28.34 28.23 28.71 28.82 28.95 28.99 29.11 29.17 29.18 29.15 29.15 29.00 29.17 28.81 29.12 29.11 29.11 29.03 29.03 29.07 28.58 29.04 29.07 29.12 29.14 29.13 29.15 29.09 29.14 28.87 29.08 28.83 29.14 29.18 29.16 29.19 29.08 28.61 27.49 26.87 27.60 27.57 28.13 28.36 28.10 27.72 28.17 28.15 28.01
28.68 28.51 28.49 28.51 28.00 27.61 26.36 27.36 26.42 26.71 25.31 24.41 24.76 24.76 26.86 26.86 28.07 27.35 27.01 27.57 28.02 27.77 27.58 27.21 27.14 27.70 29.00 28.95 28.87 28.56 28.28 28.64 28.57 28.99 29.06 28.84 29.15 28.98 29.18 29.15 29.18 29.07 28.83 28.83 28.91 28.80 28.95 28.97 28.79 29.03 28.89 28.98 29.12 29.01 29.18 29.16 28.98 29.15 29.16 29.17 29.17 29.20 29.20 29.15 28.83 28.19 27.91 27.34 28.18 26.78 27.00 27.20 27.73 27.75 27.57 27.64 27.76
28.56 28.72 28.45 28.45 27.53 27.70 26.36 26.23 25.51 25.49 23.90 24.74 24.76 28.34 28.34 28.24 28.24 27.79 26.91 27.15 27.49 27.36 27.21 26.99 27.41 27.53 28.06 28.97 28.98 28.83 28.78 28.49 28.53 28.53 28.30 28.80 29.02 29.16 29.21 29.22 29.17 29.02 28.73 28.75 28.53 28.96 29.04 28.94 29.00 28.89 29.15 29.16 29.12 29.06 29.14 28.90 29.19 29.10 29.21 29.22 29.14 29.23 29.15 29.06 29.11 27.73 28.00 27.93 28.09 26.42 27.31 26.73 27.73 28.35 27.87 27.24 27.36
28.34 28.33 27.55 27.50 27.13 28.09 26.14 25.46 25.47 26.35 26.32 25.07 25.07 27.65 27.65 27.81 27.81 27.79 27.15 26.63 26.57 27.45 27.65 26.83 27.71 27.12 27.39 28.44 28.32 28.35 28.39 28.34 28.53 28.27 28.22 28.34 28.58 28.95 29.26 29.18 29.14 28.66 28.43 28.60 28.88 29.14 29.17 29.13 28.96 28.96 29.16 29.20 29.23 29.20 28.89 28.03 29.06 29.22 28.63 28.97 28.95 28.51 29.27 29.13 29.02 28.86 28.59 27.73 28.11 26.93 27.79 26.74 27.28 27.52 27.01 27.85 27.42
27.43 28.18 27.07 25.98 27.12 27.27 26.98 26.97 26.83 27.73 28.36 27.63 26.92 26.92 28.02 28.38 27.95 27.27 28.24 27.95 27.49 27.38 28.04 28.43 28.54 27.88 28.16 28.42 28.93 29.00 28.54 28.74 28.82 28.49 27.41 28.11 28.07 28.46 29.28 29.04 29.04 28.81 28.59 28.36 28.78 29.15 29.10 29.21 29.25 29.26 29.18 29.15 29.05 29.09 28.77 28.74 29.02 28.80 28.48 28.11 28.90 28.40 28.74 29.03 28.74 28.38 28.51 28.40 28.33 28.13 28.01 27.03 26.50 26.83 25.90 26.87 27.41
28.16 27.79 27.58 27.25 27.71 28.00 28.28 28.41 27.69 28.78 29.02 29.07 26.92 29.31 29.31 29.32 29.15 28.83 29.04 29.03 28.64 28.86 28.60 28.92 28.74 28.60 28.62 28.03 28.61 28.44 28.50 28.86 28.95 28.99 28.70 27.60 28.39 28.67 29.07 28.98 29.03 28.87 28.98 28.82 28.32 29.02 28.93 29.24 29.27 29.20 29.28 29.00 28.40 29.03 29.09 28.77 28.68 28.40 28.84 28.74 28.41 28.76 28.87 27.83 27.92 28.50 28.29 27.25 28.43 26.79 27.31 26.97 27.50 27.67 27.11 26.48 27.67
27.91 28.17 28.26 28.26 28.45 28.94 28.92 28.98 28.84 28.90 29.26 29.36 29.15 29.24 29.32 29.34 29.34 29.25 29.26 29.27 29.29 29.25 29.27 29.24 28.98 28.75 29.15 29.11 28.83 28.57 28.95 29.22 29.20 28.96 29.08 29.22 28.85 28.88 28.22 28.30 28.70 28.63 28.82 28.92 28.88 29.10 28.38 28.82 29.06 29.12 28.80 28.99 29.02 29.15 29.01 29.23 28.86 28.49 28.93 28.97 28.63 28.71 28.80 28.49 28.14 27.92 27.84 27.73 28.34 27.02 28.79 28.00 27.41 26.81 26.02 26.60 26.05
28.74 28.38 28.46 28.36 28.71 29.00 29.11 29.20 29.34 28.67 28.42 29.33 29.38 29.33 29.38 29.38 29.37 29.28 29.26 29.27 29.30 29.30 29.14 29.35 29.20 28.87 29.14 28.91 28.64 28.98 29.10 29.26 29.24 28.91 29.03 28.95 28.49 28.37 28.85 28.77 28.51 28.47 28.61 28.28 28.93 28.86 28.60 27.78 28.61 29.06 28.54 29.19 29.21 29.20 29.11 28.53 29.18 29.17 29.04 29.24 29.21 29.14 28.79 28.60 28.45 27.65 28.33 27.94 27.75 28.61 28.77 27.93 27.33 26.83 26.09 25.44 26.11
28.47 28.97 29.02 29.17 29.19 29.03 29.19 29.22 29.18 29.05 29.24 29.24 29.45 29.38 29.39 29.38 29.33 29.32 29.29 28.56 29.08 29.30 29.33 29.16 29.32 28.76 29.11 29.27 29.29 29.24 28.97 29.21 29.23 29.23 28.96 28.66 28.47 28.86 29.09 28.65 28.47 28.41 28.57 29.11 29.15 29.22 28.86 28.13 28.36 29.00 28.38 28.36 28.29 29.28 28.82 28.67 28.45 29.22 29.29 29.26 29.15 28.81 28.04 27.48 28.10 28.33 28.45 27.33 27.95 28.37 27.62 27.57 27.53 26.42 27.24 27.33 26.96
28.12 28.32 29.13 29.18 29.29 29.23 29.34 29.36 29.35 29.39 29.38 29.36 29.37 29.39 29.41 29.30 29.37 29.23 29.38 28.64 29.32 29.34 29.37 29.15 29.07 28.97 28.97 28.98 29.13 28.79 29.22 29.26 29.30 29.11 28.73 27.84 28.48 28.72 29.09 28.69 28.38 28.23 27.69 27.89 28.60 29.01 29.04 29.25 29.10 29.28 28.65 28.57 28.30 29.17 29.10 28.40 28.45 28.91 28.93 29.10 28.40 28.63 27.33 27.19 27.31 28.28 28.45 28.08 27.80 26.97 27.60 27.72 26.80 27.07 27.71 27.36 28.01
28.86 28.89 29.20 29.34 29.39 29.39 29.40 29.39 29.35 29.40 29.36 29.34 29.37 29.32 29.42 29.43 29.25 29.34 29.05 29.10 29.11 28.81 28.90 29.04 28.74 28.89 29.02 28.83 28.61 29.29 29.17 29.19 29.28 29.14 28.04 28.54 28.71 29.17 28.95 28.51 28.82 28.57 28.22 27.79 28.62 28.45 29.00 29.29 28.88 29.15 28.98 29.32 28.68 28.96 29.12 28.83 28.52 28.30 26.89 26.58 27.34 28.73 27.86 27.45 28.12 28.60 28.87 28.96 28.79 28.67 27.53 26.92 27.81 27.68 27.13 27.91 28.34
28.54 28.94 29.21 29.20 29.21 29.41 29.40 29.40 29.38 29.41 29.33 29.33 29.37 29.19 29.29 29.13 29.10 28.87 29.11 28.40 28.93 28.59 28.60 28.92 28.78 28.86 29.00 28.83 28.95 29.31 29.23 28.87 29.27 29.14 29.26 28.66 28.28 29.11 28.91 29.07 28.91 28.87 28.54 28.72 29.04 29.07 28.79 28.62 28.99 29.14 29.16 29.24 28.81 28.81 28.57 28.55 28.39 28.04 27.27 27.59 28.14 27.59 28.14 28.62 28.23 28.33 27.89 28.67 28.44 28.32 27.82 27.48 28.09 28.37 28.53 28.25 27.77
28.98 29.10 29.19 29.30 29.42 29.41 29.40 29.41 29.14 28.88 29.34 29.33 29.35 29.23 29.39 29.36 29.16 29.24 29.32 29.10 29.29 29.22 29.06 29.33 28.69 28.68 29.22 29.07 28.56 28.84 28.55 27.64 28.81 28.88 28.74 28.83 29.01 28.92 28.31 28.78 29.15 29.18 28.92 29.21 29.12 29.09 29.15 29.18 29.24 29.31 29.39 29.39 29.33 29.23 29.18 28.73 29.01 27.83 28.02 27.80 28.17 28.14 28.56 28.25 28.40 27.80 28.29 27.62 27.75 27.80 28.34 28.49 28.26 27.90 28.31 28.41 28.69
29.22 29.42 29.38 29.30 29.33 29.37 29.41 29.39 28.20 28.65 29.20 29.27 29.21 29.18 29.26 29.28 28.38 29.12 28.73 28.62 29.10 29.14 28.73 29.20 29.21 29.11 29.05 29.18 29.11 28.51 28.49 28.37 28.26 27.91 28.32 27.71 29.05 28.60 28.46 28.93 29.20 29.29 29.27 29.26 29.37 29.39 29.37 29.25 29.31 29.36 29.23 29.28 29.19 29.18 29.25 29.03 29.05 28.78 28.81 28.48 28.60 28.22 28.90 28.40 28.47 28.33 28.41 27.21 28.01 27.59 27.96 27.70 27.25 27.46 27.31 28.64 28.81
29.46 29.45 29.42 29.43 29.41 29.41 29.33 29.26 28.86 28.72 29.31 29.40 29.22 29.34 29.14 29.33 28.64 29.11 28.90 29.06 28.71 29.30 28.89 29.03 29.06 29.03 29.25 29.18 28.87 28.23 28.50 27.60 28.21 28.19 28.37 28.08 28.22 28.81 29.02 29.31 29.16 29.26 29.35 29.39 29.39 29.40 29.39 29.29 29.35 29.24 29.26 29.40 29.38 29.34 29.14 28.60 29.16 29.29 29.10 28.76 29.21 28.67 28.35 28.01 28.44 28.27 28.19 28.60 28.36 28.81 28.25 27.51 27.19 27.64 27.81 27.95 28.96
29.41 29.45 29.37 29.32 29.41 29.26 29.26 28.65 28.66 29.09 29.32 29.18 28.66 29.08 28.80 28.72 28.08 29.03 29.27 28.54 28.87 28.20 28.20 29.09 29.14 29.22 28.64 28.99 28.59 27.67 27.90 27.84 27.78 27.67 27.69 28.14 28.29 28.76 29.25 29.32 29.39 29.41 29.36 29.37 29.39 29.41 29.31 29.33 29.30 29.03 29.21 29.40 29.34 28.52 28.65 28.25 29.17 28.96 28.61 28.40 28.56 28.66 28.69 28.16 28.45 28.49 28.56 28.67 28.87 28.13 27.92 27.71 27.43 27.92 28.08 26.68 27.32
29.37 29.42 29.22 29.32 29.14 29.26 28.96 28.32 28.11 29.00 29.23 28.87 29.33 29.01 28.94 29.08 29.10 29.40 28.82 28.34 29.23 28.33 28.64 28.65 28.87 29.07 29.38 29.02 27.09 27.43 28.07 28.80 27.50 28.13 28.22 28.44 28.30 28.77 29.24 29.40 29.30 29.20 29.09 29.38 29.19 29.36 29.31 29.32 29.35 29.33 29.10 28.83 29.20 28.23 28.35 27.84 28.15 28.49 28.34 28.13 28.67 28.03 27.92 28.91 28.43 28.34 28.56 28.90 28.31 28.00 28.66 28.21 28.07 27.92 28.62 28.87 29.29
29.39 29.21 29.09 29.16 29.22 29.27 28.82 28.57 28.20 29.26 29.25 28.24 28.71 29.41 29.06 28.59 29.35 28.89 29.15 28.91 29.01 29.19 28.69 28.52 28.76 28.95 29.13 28.19 27.20 27.27 27.56 27.71 28.28 28.33 28.28 28.63 28.66 29.08 29.38 29.36 29.31 29.28 29.35 29.28 29.35 29.30 29.25 29.37 29.27 29.03 28.60 28.53 28.52 28.53 28.32 27.89 28.02 28.38 28.20 28.28 28.60 28.59 28.86 28.70 28.09 28.35 28.63 28.51 29.07 28.01 28.91 27.85 28.33 29.03 28.98 29.11 28.94
29.34 29.42 29.01 28.28 29.12 28.69 28.91 29.27 28.27 29.34 29.28 28.44 27.98 28.36 28.90 29.39 28.49 28.83 29.29 28.95 29.06 29.26 28.73 28.90 28.27 28.08 29.13 28.19 27.47 27.96 27.66 28.85 29.16 28.79 28.71 28.84 28.66 29.16 29.43 29.37 29.30 29.39 29.39 29.26 28.99 28.93 29.13 29.44 29.50 28.99 28.56 28.28 27.95 28.16 28.42 28.55 28.77 28.43 29.01 28.27 27.24 28.91 28.11 28.13 28.14 28.73 28.24 28.86 28.57 28.35 28.53 27.93 28.33 29.32 28.59 28.16 28.91
29.41 29.30 29.30 28.72 29.07 29.05 28.64 29.08 29.07 29.32 29.11 28.77 28.79 28.15 28.71 29.48 29.21 29.38 29.00 28.79 29.09 29.13 28.84 28.82 28.27 28.08 29.39 29.39 29.37 27.96 27.66 28.85 29.36 29.15 29.02 29.06 28.91 29.27 29.37 29.42 29.12 29.18 29.33 28.86 29.13 28.81 29.03 29.41 29.51 28.34 28.96 27.90 28.48 28.77 28.49 28.28 27.61 28.03 29.13 28.63 28.40 28.02 28.19 28.61 28.22 28.01 28.80 28.46 28.83 28.30 28.19 26.97 28.05 28.57 28.78 28.50 29.30
28.74 28.93 29.20 29.37 28.87 28.84 28.65 28.41 29.33 29.31 28.73 29.41 29.18 28.93 28.99 29.23 29.12 28.74 28.64 28.69 29.26 28.57 29.02 28.18 28.18 28.08 29.39 29.39 29.37 29.37 29.29 29.41 29.41 29.23 29.33 29.33 29.11 29.14 29.38 29.12 28.64 28.20 29.16 29.37 28.39 29.30 29.27 29.48 29.21 28.57 28.05 28.11 28.37 28.20 28.43 28.52 28.55 28.04 27.19 28.38 28.74 28.59 28.64 27.18 28.42 28.34 28.98 29.09 28.76 27.69 27.73 27.67 27.87 27.57 27.98 28.57 28.26
28.95 28.74 28.77 28.94 29.02 28.92 28.70 27.43 28.51 29.35 28.76 28.78 28.89 28.44 28.94 29.43 29.44 29.20 28.21 28.59 28.45 28.49 29.06 28.49 28.49 28.49 29.39 29.39 29.37 29.29 29.29 29.29 29.44 29.36 29.26 28.80 29.07 29.19 29.18 29.09 29.04 28.52 28.95 28.81 28.37 28.89 28.67 28.91 28.81 28.44 27.73 28.12 28.52 28.54 28.43 28.75 28.64 27.89 27.83 28.95 28.20 28.87 28.75 27.79 27.70 28.57 28.98 28.72 29.13 27.37 28.21 28.14 27.30 28.28 27.56 27.93 28.01
29.10 28.98 29.09 29.16 28.90 27.81 28.45 29.03 28.85 28.93 28.86 27.80 28.69 29.03 28.78 29.13 29.14 28.50 28.47 28.96 28.95 28.97 28.38 28.48 28.48 28.48 28.48 29.39 29.47 29.40 29.40 29.40 29.45 29.36 28.95 28.83 28.76 28.77 29.09 29.21 29.41 29.20 28.44 28.58 28.51 29.38 29.13 29.09 28.06 28.45 28.57 28.08 28.52 28.75 28.42 28.33 28.54 28.43 27.66 28.77 28.29 28.45 28.76 28.19 28.21 28.32 29.19 28.54 29.13 28.15 27.87 27.64 27.70 27.53 27.50 27.64 28.11
28.81 28.91 29.26 29.33 29.29 28.52 28.39 28.80 28.82 29.29 28.83 29.10 28.86 29.31 29.12 29.33 28.55 28.73 28.11 29.14 29.42 28.35 28.73 28.69 28.69 28.69 28.69 29.46 29.47 29.47 29.45 29.45 29.14 29.41 28.99 28.59 28.42 28.41 28.72 29.10 28.94 29.24 28.81 28.56 29.19 28.46 29.06 28.71 29.00 28.88 27.45 28.61 28.31 27.97 28.89 29.17 28.64 28.09 27.39 28.81 28.38 28.46 27.33 28.22 28.48 27.42 28.86 28.48 28.62 28.51 28.57 27.74 28.10 27.75 27.48 27.82 28.36
28.37 29.19 29.25 29.28 29.20 28.97 27.81 28.91 28.75 29.23 28.84 29.15 29.09 29.05 29.20 29.49 28.53 28.58 28.57 29.19 29.20 28.54 28.82 28.69 28.69 28.69 29.26 29.46 29.46 29.47 29.47 29.43 29.48 29.27 28.46 29.22 29.23 28.61 28.39 28.96 28.83 28.82 29.20 29.05 28.86 28.98 27.89 29.13 28.76 28.78 26.33 26.70 27.44 27.49 28.06 28.69 28.97 28.20 27.16 28.06 28.12 28.15 28.73 27.75 28.94 27.89 28.43 27.99 28.76 29.12 28.89 28.39 27.55 27.86 27.94 28.17 27.35
28.98 29.40 28.94 29.32 28.42 28.31 27.97 28.04 29.32 29.17 28.85 29.17 28.75 29.35 29.14 28.57 28.57 27.96 28.62 29.26 27.33 28.24 28.82 28.82 28.69 28.69 29.26 29.26 29.46 29.46 28.65 28.94 29.00 29.44 29.41 29.22 29.16 29.31 29.19 28.88 28.57 28.51 28.42 28.07 28.41 28.06 28.72 28.37 27.98 27.70 27.28 26.73 27.15 26.84 27.94 28.70 28.22 27.97 26.85 27.56 26.75 27.64 28.70 28.59 28.64 28.35 29.01 28.70 28.75 28.69 29.20 28.24 27.46 28.21 26.71 27.23 27.50
29.30 28.97 28.37 28.07 28.26 28.12 28.69 28.66 29.08 28.95 29.31 28.88 29.30 29.19 29.24 28.77 27.53 28.52 29.10 29.21 28.53 27.96 27.96 27.96 28.82 29.47 29.47 29.26 29.26 29.14 28.72 28.20 29.28 29.24 29.15 29.45 29.25 29.25 29.04 28.80 28.54 27.95 28.05 27.81 27.30 26.55 28.44 27.56 28.59 27.83 27.82 26.25 27.48 27.54 28.30 28.96 28.37 27.67 27.43 27.29 26.54 27.10 27.43 27.86 28.41 29.07 29.38 28.66 29.09 29.08 28.59 27.86 28.14 28.20 28.26 27.50 28.28
28.76 28.30 28.20 28.10 28.18 27.10 28.78 27.72 28.60 28.44 28.79 28.59 29.10 29.02 29.23 28.97 29.00 28.79 29.25 29.41 28.54 27.96 28.20 28.20 28.20 29.47 29.47 29.47 29.43 28.87 28.57 28.24 29.12 28.70 28.81 29.49 29.06 28.65 28.63 28.95 28.64 28.57 27.79 28.48 28.56 27.01 28.13 27.24 27.77 28.93 28.77 27.26 27.75 27.56 28.16 28.86 27.82 27.90 27.15 27.70 27.58 27.24 28.21 27.87 28.50 29.20 28.08 27.88 28.87 28.41 29.28 28.69 27.56 27.76 27.78 27.63 28.19
29.32 28.32 27.83 27.11 28.06 28.24 28.81 29.09 28.88 28.45 28.93 28.89 29.00 28.99 28.39 29.48 28.79 28.33 27.99 29.26 29.24 28.79 28.20 28.20 28.20 29.47 29.47 29.47 28.88 28.88 29.33 29.32 27.91 28.71 29.23 29.05 29.30 28.62 28.06 28.74 28.24 28.64 28.85 27.77 26.91 26.80 27.75 27.52 26.86 29.09 28.59 27.23 26.46 26.65 27.73 28.44 28.25 28.33 27.72 27.29 27.35 28.25 27.75 27.37 27.71 28.30 27.71 28.55 28.60 28.76 29.03 28.34 28.06 27.17 28.09 28.32 28.26
29.24 28.76 28.52 27.77 28.40 29.18 27.97 28.35 28.79 29.25 28.88 28.86 28.79 29.20 27.86 29.28 28.74 28.01 28.26 28.29 28.97 28.61 28.34 28.34 28.95 28.17 28.59 29.31 29.31 29.31 29.30 29.07 28.51 27.95 28.80 29.33 28.36 26.90 28.30 28.23 27.92 26.69 27.19 27.02 26.55 27.02 26.45 28.69 27.99 28.28 28.49 27.91 27.02 27.21 27.39 27.55 28.49 28.08 27.88 27.83 28.24 28.24 28.53 28.21 27.48 28.34 27.78 28.68 28.09 29.33 28.13 28.77 28.10 28.18 27.79 28.18 27.66
29.07 29.07 28.05 28.92 28.69 29.34 27.52 27.18 29.06 29.28 28.24 28.99 29.18 28.74 27.66 28.08 28.89 27.92 28.86 28.58 28.32 28.43 28.38 28.95 28.95 28.17 28.59 28.59 29.00 28.55 29.11 28.57 29.07 28.27 28.52 28.73 29.15 28.22 26.80 27.98 27.76 28.65 28.89 27.98 28.64 28.82 27.50 29.10 28.22 28.40 28.49 27.32 27.28 27.10 28.15 28.43 28.09 27.70 28.27 28.04 27.97 26.93 27.26 27.30 27.55 27.70 28.74 27.76 28.49 29.00 28.11 28.64 28.43 28.60 28.57 28.73 27.54
29.05 29.30 27.98 28.16 28.80 28.79 28.05 28.38 29.21 29.18 29.06 28.87 28.59 27.96 28.59 28.50 27.25 28.46 29.10 28.46 28.06 28.55 28.18 29.47 28.76 28.17 28.17 28.67 28.53 29.15 28.46 28.86 28.45 29.21 28.51 27.94 27.82 28.79 27.98 26.86 28.40 28.14 28.89 28.04 27.54 28.67 28.57 27.43 29.12 28.49 29.12 28.53 27.34 28.08 28.46 28.84 28.68 28.66 28.99 28.25 27.70 27.80 26.16 26.89 28.67 28.07 28.58 28.94 28.11 28.47 28.01 28.15 27.76 27.80 28.59 28.40 28.95
28.07 28.42 29.03 28.09 29.18 28.70 29.09 29.25 29.12 28.81 29.27 28.57 28.44 27.94 29.28 28.57 27.11 28.46 29.16 29.09 28.96 29.16 29.03 29.31 29.37 28.99 26.80 28.70 27.92 26.78 28.30 28.37 28.34 27.90 28.37 28.45 28.31 26.90 27.98 26.81 27.92 28.17 27.47 28.56 27.66 28.48 28.93 28.47 27.39 27.71 29.00 28.51 27.30 27.09 28.51 28.01 28.32 28.29 28.65 26.38 28.10 28.36 27.49 27.56 27.54 28.19 28.13 28.42 27.81 28.23 26.58 27.24 27.37 28.47 27.63 28.32 28.69
