main/data/irradiance/08.05.2023.grid
ncols 839
nrows 679
xllcenter 112.0500
yllcenter -43.9500
cellsize 0.0500
nodata_value 99999.90
[rows 442 to 475 of 679, columns 462 to 538 of 839]
10.90 10.32 10.32 10.12 9.99 9.61 9.67 9.31 9.23 9.56 9.16 9.20 10.04 10.39 10.45 10.60 10.61 9.79 8.94 10.09 10.53 11.21 9.92 9.57 10.33 9.64 9.44 9.70 9.89 9.49 9.76 10.36 10.41 10.92 10.65 10.77 10.60 10.74 11.03 10.79 9.99 9.99 11.21 11.87 11.47 10.17 11.73 12.37 11.82 12.29 13.14 13.21 14.10 13.97 14.01 13.56 11.64 11.91 13.08 12.74 12.78 13.40 13.23 13.05 13.02 13.17 13.08 13.36 13.22 13.71 13.54 13.39 13.17 13.06 13.37 13.61 13.89
10.82 10.37 9.82 10.06 10.05 9.39 9.00 9.35 9.25 9.04 9.07 9.68 10.18 10.60 10.51 9.17 9.52 9.32 9.72 10.02 10.69 10.48 10.32 10.16 11.35 10.71 10.27 9.93 9.93 9.83 9.43 9.86 10.08 9.73 10.28 10.34 9.99 9.98 10.69 10.34 9.93 10.55 11.30 11.07 11.20 10.61 11.30 11.45 11.69 12.71 13.39 13.40 13.91 14.08 14.04 13.07 11.10 11.27 11.99 12.22 12.42 12.75 12.63 12.73 12.57 12.39 12.90 12.88 12.89 13.34 13.38 13.44 13.41 13.06 13.18 13.51 13.59
11.18 10.15 10.17 9.60 9.68 9.58 9.42 9.81 9.75 9.94 9.74 9.60 9.23 10.04 10.21 10.21 9.25 9.37 10.04 9.77 9.37 9.27 9.93 10.45 11.01 11.06 10.78 9.96 10.49 9.95 9.60 10.67 9.67 9.56 8.99 9.32 9.59 10.32 10.47 9.93 9.63 9.75 10.40 10.95 10.43 10.69 10.93 10.82 12.66 12.31 11.91 13.37 14.14 14.09 13.79 13.14 10.68 10.85 11.23 11.82 12.06 12.51 12.30 12.72 11.96 11.77 12.34 12.78 12.82 12.84 12.99 13.03 13.42 13.09 13.11 13.40 13.23
11.37 10.62 10.24 10.11 9.78 10.09 9.53 9.52 9.44 9.28 9.40 9.16 9.04 9.46 9.55 10.26 10.36 10.35 10.01 9.17 9.07 9.79 9.80 10.40 10.24 10.54 9.33 10.04 10.84 10.20 10.39 11.37 10.75 9.95 10.20 9.50 10.13 10.23 9.95 8.90 9.10 9.96 9.73 10.28 10.71 11.17 11.10 9.67 11.48 12.53 12.02 13.16 14.20 14.16 13.65 12.87 11.54 10.82 10.60 11.41 12.29 12.18 12.16 12.35 11.89 11.71 11.74 12.34 12.53 12.45 12.84 12.86 12.98 12.81 13.20 13.56 13.39
11.70 11.39 10.70 10.22 9.54 9.30 9.73 9.30 9.29 9.14 9.30 9.17 9.64 9.22 9.46 10.22 10.62 9.96 9.56 10.12 9.64 9.98 10.18 10.31 10.33 9.88 10.38 10.36 10.50 10.99 11.04 11.32 10.49 10.17 10.16 9.88 10.32 10.48 10.58 10.51 9.97 10.47 10.40 10.60 11.29 11.82 11.48 11.29 11.01 12.12 11.36 13.26 14.19 13.98 13.08 12.51 10.88 10.41 10.80 11.63 12.36 11.65 12.67 12.12 11.27 11.58 11.43 11.65 11.99 12.08 12.49 12.62 12.54 12.50 12.99 13.48 13.58
12.11 11.26 10.67 9.74 9.26 9.22 9.67 9.63 9.02 9.43 9.32 9.80 9.64 9.60 10.18 9.46 9.70 9.83 9.51 9.22 10.13 9.46 9.52 9.82 9.45 9.46 10.31 10.01 10.05 10.65 10.94 11.30 9.98 9.72 9.37 10.23 9.89 10.25 10.43 11.01 11.09 10.47 10.62 11.46 11.30 11.12 11.73 11.77 11.43 11.58 11.50 13.28 14.11 13.95 13.65 12.42 11.59 10.08 10.23 11.57 11.59 11.78 12.39 11.95 11.43 10.96 11.05 11.25 11.45 11.45 12.47 12.59 12.56 12.57 12.89 13.01 13.39
11.89 11.46 10.66 10.09 10.06 9.72 9.20 9.93 9.69 9.51 9.14 9.38 9.13 9.70 9.36 9.21 9.30 9.46 9.78 9.98 10.14 9.06 8.25 9.68 10.12 10.17 11.32 11.37 11.21 10.83 10.17 10.54 10.75 10.09 9.08 9.89 9.36 9.70 10.12 10.37 10.79 9.91 10.69 11.66 10.91 10.64 10.94 11.04 11.65 12.27 10.99 12.99 14.01 13.92 13.87 12.94 11.94 10.10 10.44 10.80 11.81 11.61 12.18 11.81 11.59 10.69 10.45 11.07 10.92 11.41 11.86 12.36 12.25 12.16 12.40 12.73 13.37
12.06 11.73 11.22 10.67 10.20 10.17 9.74 9.00 9.00 9.03 9.16 9.00 8.92 9.36 9.15 9.01 8.93 8.78 10.55 11.11 10.46 9.33 9.50 9.94 9.92 10.27 10.51 11.05 11.32 11.51 10.42 11.23 11.22 10.57 10.42 10.25 9.67 9.62 10.26 10.37 9.78 9.89 10.24 10.61 10.75 10.74 11.41 11.24 11.52 12.24 10.94 12.59 14.01 13.95 13.89 13.12 11.89 9.80 8.86 10.28 11.10 11.22 11.58 11.54 11.66 11.05 10.69 10.30 10.94 11.22 11.84 12.46 12.37 12.07 12.47 12.48 13.15
13.86 12.89 11.93 10.99 10.84 10.34 9.18 9.13 9.95 9.72 9.62 9.80 9.64 9.87 9.75 9.60 9.62 9.62 9.72 10.52 8.89 9.47 9.81 9.33 8.93 9.25 8.83 9.11 10.28 10.32 10.62 11.08 11.46 10.91 10.41 9.77 9.85 9.98 10.38 9.93 9.69 11.27 11.36 10.72 10.12 10.53 11.22 11.38 12.39 12.20 11.05 12.76 14.01 13.95 13.64 13.04 11.88 10.48 9.65 9.90 10.72 11.42 11.26 10.79 11.03 11.10 10.77 10.72 10.87 11.45 11.44 12.22 12.02 11.85 12.12 12.58 12.62
12.34 13.24 12.46 11.31 11.34 10.45 10.29 10.23 10.00 10.15 10.36 10.84 10.61 10.25 9.87 9.52 8.97 9.03 9.68 9.65 8.92 8.54 9.19 9.06 9.14 8.25 8.54 9.82 9.38 9.99 10.49 10.49 10.67 10.88 9.95 9.96 10.21 10.05 10.60 10.72 10.64 12.01 12.60 11.96 10.80 10.66 11.45 12.77 12.57 13.07 12.15 12.28 12.28 13.50 13.50 13.08 11.70 10.98 10.03 10.59 10.69 10.72 10.31 10.65 10.53 9.65 10.82 10.46 10.18 10.27 10.83 11.28 11.56 11.31 11.82 11.86 12.37
13.20 12.93 12.51 11.58 11.74 10.90 11.14 10.53 10.06 10.23 10.36 10.55 10.04 9.98 9.64 9.71 8.69 7.82 8.60 8.71 8.75 9.00 9.25 8.45 9.41 9.84 10.32 11.38 10.91 10.71 10.57 10.70 10.76 10.72 9.59 10.31 10.99 10.36 9.99 9.56 10.23 10.60 12.02 11.96 11.18 10.87 11.84 11.90 12.24 13.02 12.53 12.02 12.02 13.50 13.50 13.29 11.64 10.76 10.10 10.31 10.13 10.57 10.19 10.54 10.54 9.78 10.03 10.22 9.85 9.70 10.59 11.12 10.85 10.88 11.68 11.62 11.98
13.13 12.88 12.84 11.86 11.59 11.73 11.29 10.64 10.67 9.86 9.68 10.21 10.12 9.68 9.15 9.10 8.83 8.55 9.46 8.69 8.61 9.31 9.77 9.97 9.86 9.47 9.60 10.15 11.01 11.62 11.32 10.45 10.16 10.49 10.56 11.09 10.59 9.92 9.39 9.02 9.31 9.72 10.19 10.80 11.33 11.34 11.62 11.35 11.40 12.99 13.11 13.04 13.04 13.26 13.17 13.17 10.77 10.36 9.82 9.95 9.97 10.19 11.23 11.21 10.56 9.93 9.85 10.05 9.56 9.50 10.22 10.36 10.71 10.62 10.91 11.54 11.86
11.86 12.52 12.31 12.48 12.34 11.66 11.19 10.20 10.19 9.97 9.57 9.83 9.76 10.21 10.49 10.31 9.73 9.25 9.59 9.30 9.15 9.37 9.65 9.21 9.16 8.59 8.90 10.02 10.03 9.84 10.54 10.77 10.49 10.70 11.13 11.02 10.03 10.11 9.14 8.93 9.66 9.37 9.80 11.02 12.07 11.23 11.33 10.80 11.66 12.91 13.16 12.62 13.26 13.26 13.17 13.17 10.95 9.55 9.02 8.86 9.43 10.05 11.36 11.53 10.56 10.56 10.13 9.78 9.29 9.28 10.27 10.03 10.52 11.15 11.18 11.08 11.54
12.53 12.39 12.63 12.92 12.17 11.76 11.82 11.25 10.16 9.52 9.66 10.55 10.48 11.17 11.01 10.01 10.07 8.95 9.35 8.84 9.14 9.25 9.18 8.74 9.70 9.38 8.80 10.41 9.87 9.03 9.06 9.89 9.57 10.18 10.82 10.96 9.98 10.25 9.65 9.89 10.33 9.77 10.89 10.65 11.86 11.48 11.40 10.57 11.68 13.29 13.46 13.19 13.68 13.68 13.68 11.52 11.52 9.95 10.60 9.47 10.00 10.32 11.11 10.93 10.93 10.15 9.96 9.83 9.51 9.79 10.20 10.25 10.63 11.20 11.05 10.80 10.83
12.86 12.34 12.38 12.20 12.56 11.95 11.13 11.63 11.60 11.63 10.30 9.62 10.21 10.72 10.40 9.98 9.70 9.49 9.60 8.99 9.13 9.13 8.49 7.68 8.53 9.41 9.54 10.78 10.50 9.88 10.21 10.03 9.69 9.13 9.94 10.38 9.93 10.93 11.04 10.81 10.24 10.52 11.46 11.43 10.99 11.32 11.28 11.80 12.41 13.23 13.66 13.59 13.69 13.69 13.69 12.27 12.27 11.53 10.81 9.41 9.66 10.32 11.07 11.06 10.13 9.66 10.48 10.05 9.59 9.41 9.65 9.79 10.01 10.24 10.27 10.61 10.50
12.58 12.66 12.59 12.61 12.59 12.40 12.13 11.77 11.98 11.12 10.95 10.33 10.44 10.48 10.48 10.02 9.83 9.95 10.10 10.31 9.33 9.24 8.77 9.27 9.51 9.65 9.70 10.09 9.96 9.84 10.62 10.56 9.37 9.02 8.74 9.70 9.86 10.62 10.64 10.66 9.92 9.17 9.91 10.30 10.59 11.36 11.76 11.99 11.71 12.81 13.72 13.81 13.73 13.73 13.73 11.94 11.94 10.43 10.08 9.68 9.81 10.59 10.21 10.16 9.90 9.22 9.91 9.88 9.41 9.38 9.80 9.47 9.86 10.03 9.89 10.41 10.37
12.00 12.51 12.55 12.59 12.09 12.03 12.23 12.35 11.49 11.90 11.74 10.52 10.95 10.70 11.12 10.72 10.40 10.64 10.33 9.91 9.13 9.42 9.20 9.41 10.01 9.84 9.63 9.21 9.88 10.08 9.66 9.79 9.83 9.65 9.68 10.63 10.41 10.31 9.67 9.74 9.87 10.10 10.11 10.41 11.12 11.74 11.73 11.77 11.56 13.13 13.72 13.85 13.73 13.73 13.73 11.94 11.94 10.69 10.22 9.54 9.06 10.00 9.92 9.97 10.42 9.37 9.32 9.62 9.91 9.10 9.50 9.28 9.84 9.93 9.66 10.02 10.39
11.94 11.83 12.19 11.70 12.26 12.02 12.32 12.14 11.69 11.33 10.94 11.12 10.82 11.01 11.21 11.27 10.45 10.54 9.66 8.67 9.11 10.20 10.34 9.69 9.10 9.50 10.03 9.38 9.24 10.15 9.97 9.13 10.62 10.43 10.18 9.98 10.49 9.58 9.88 9.46 9.49 10.63 10.79 10.58 11.10 11.93 11.36 11.58 12.34 13.13 13.13 13.85 13.85 13.73 13.73 10.93 10.93 10.93 9.78 9.79 10.16 10.25 10.16 10.42 9.75 9.26 9.80 9.44 8.93 9.30 9.53 9.14 9.71 9.73 9.75 9.95 10.19
12.26 12.35 12.29 11.90 11.57 11.59 12.36 12.34 11.97 12.66 11.45 10.38 10.70 10.24 10.21 10.44 10.37 10.12 9.87 9.80 9.99 10.15 10.34 9.22 8.71 8.15 8.56 8.86 9.53 8.73 9.61 9.54 10.11 10.52 9.75 9.72 9.94 9.24 9.47 8.64 9.52 10.07 10.74 11.71 11.43 11.89 11.26 11.75 12.73 12.73 12.73 13.85 13.85 13.85 10.93 10.93 10.93 10.93 10.28 10.29 10.04 10.17 10.35 10.96 10.35 10.63 9.47 9.01 8.71 9.96 9.88 9.96 9.79 10.00 9.77 9.90 9.81
11.77 12.00 12.65 12.21 12.17 11.98 12.10 12.11 11.48 11.82 11.78 11.45 11.92 10.47 10.34 10.37 10.33 10.14 9.98 10.34 10.28 9.71 9.14 8.72 8.94 9.00 9.03 9.44 10.50 9.99 9.35 9.20 10.13 9.79 9.18 8.52 9.48 9.13 9.70 9.13 10.79 9.98 10.27 11.08 11.65 11.98 12.03 12.01 12.73 12.73 12.73 13.85 13.85 11.34 11.34 11.34 9.81 9.81 9.81 10.65 10.43 10.32 10.38 11.09 10.32 10.33 9.51 9.58 9.28 10.28 9.86 9.62 9.55 9.87 9.31 9.36 9.60
11.43 11.24 11.77 11.29 11.38 11.65 11.90 11.46 10.96 11.70 11.59 11.79 11.30 11.39 11.79 11.44 10.69 10.53 10.07 9.15 8.87 9.21 8.54 8.91 9.21 9.68 10.09 10.19 9.98 10.30 10.05 9.14 9.23 9.40 9.66 9.59 8.92 8.03 8.63 8.91 9.78 9.59 10.43 10.27 11.70 12.04 12.03 12.01 12.01 12.73 12.73 12.73 12.64 11.34 11.34 11.34 10.48 9.20 9.20 10.18 9.82 9.77 9.81 10.44 9.62 9.31 9.80 9.63 9.68 10.34 9.71 9.38 9.16 9.41 9.33 9.60 8.99
10.95 10.84 10.71 11.13 11.04 10.44 11.09 10.78 11.73 11.42 11.30 11.63 11.52 11.02 11.75 11.56 11.12 11.48 10.74 9.98 8.99 8.50 8.31 9.19 9.40 9.56 9.91 9.64 8.41 8.84 8.49 8.90 9.56 9.84 10.69 9.52 8.86 8.69 8.79 9.16 9.33 9.64 10.42 10.78 11.56 12.00 12.00 12.01 12.01 12.01 12.73 12.64 12.64 12.64 11.34 11.34 10.48 9.64 9.74 10.85 10.58 9.50 9.30 10.12 8.92 9.86 9.43 10.28 9.93 9.54 9.29 9.08 9.21 9.13 8.69 9.18 8.66
11.18 10.62 10.91 10.99 11.51 11.03 10.80 10.71 11.16 11.60 11.66 12.14 11.24 11.34 11.15 10.49 10.10 10.81 10.12 10.28 10.02 9.20 9.76 9.98 9.37 10.06 9.24 8.89 9.17 9.24 9.16 8.25 7.91 9.11 10.26 9.43 8.92 8.86 8.79 9.15 9.17 9.51 10.87 10.97 12.31 12.17 12.17 12.17 12.17 12.01 12.64 12.64 12.64 12.64 12.64 12.11 10.35 9.48 9.79 10.42 10.45 10.22 10.16 10.02 8.72 9.32 9.86 10.08 9.37 9.30 9.41 9.05 8.90 9.03 8.87 8.99 9.04
11.32 10.01 9.72 10.29 10.01 10.12 10.89 11.12 10.76 10.68 10.46 11.52 11.75 11.58 11.51 11.05 10.87 11.05 10.72 10.45 10.22 10.41 10.24 9.82 9.32 9.38 9.88 9.12 9.82 9.50 9.00 9.48 8.75 8.73 8.60 9.23 9.14 9.77 8.96 9.18 9.60 9.47 10.78 11.34 12.00 12.17 12.17 12.17 12.17 12.17 12.57 12.57 12.57 12.57 12.57 12.25 11.00 9.24 10.01 10.46 10.14 10.96 10.73 10.07 10.27 10.67 10.46 9.35 9.39 9.47 9.22 9.57 8.99 9.26 9.33 8.72 8.75
11.31 9.62 9.44 9.82 10.13 9.33 9.83 10.32 10.30 10.89 10.70 10.66 11.06 11.18 10.84 10.57 10.90 10.72 10.88 10.22 10.18 10.35 10.14 8.76 8.62 9.14 8.94 9.40 9.80 10.01 9.03 9.23 8.89 8.48 8.88 9.13 9.70 9.09 8.77 8.57 9.30 9.94 9.52 11.15 11.66 11.66 11.66 12.17 12.17 12.17 12.57 12.57 12.57 12.57 12.57 11.39 11.34 10.32 10.01 9.65 10.56 10.91 11.13 11.18 11.15 11.23 10.22 9.42 9.70 9.62 9.67 9.78 9.52 9.76 9.41 8.71 8.45
10.73 10.43 9.91 9.45 9.93 10.03 10.17 10.32 10.41 10.92 10.96 10.92 10.97 10.34 10.26 10.08 9.93 10.35 10.73 10.32 9.81 9.88 9.31 8.42 8.70 9.60 9.37 9.07 8.54 8.80 8.72 8.40 8.66 8.46 9.35 9.13 9.06 9.82 9.27 8.75 9.47 10.25 10.63 11.85 11.89 11.89 11.89 11.89 11.89 12.17 12.57 12.57 12.57 10.92 10.92 10.92 11.05 10.23 9.64 9.77 10.93 11.32 11.40 11.18 11.76 10.59 10.60 10.68 10.18 9.94 10.08 9.98 9.59 9.31 9.18 9.05 8.50
10.72 11.06 10.65 10.00 9.98 10.45 10.80 10.40 10.60 11.12 10.54 10.70 10.87 10.76 10.21 9.72 9.54 9.79 10.32 10.21 9.56 9.50 8.80 8.77 9.27 9.72 9.51 9.18 8.46 8.61 8.34 8.00 8.63 8.10 8.58 8.67 9.50 8.79 7.97 9.48 9.12 9.39 11.00 12.48 11.89 11.89 11.89 11.89 11.89 11.89 12.57 10.92 10.92 10.92 10.92 10.92 11.19 9.91 9.74 10.67 10.93 11.29 11.69 11.28 10.78 9.94 10.49 10.19 9.94 9.19 9.60 9.44 8.94 9.07 8.70 8.41 8.65
10.96 11.28 11.03 10.21 10.15 9.95 9.54 9.86 9.83 9.62 9.92 10.57 10.62 11.30 11.05 10.53 10.28 9.95 10.34 10.04 9.82 9.42 9.56 9.89 10.16 9.66 9.65 9.24 8.77 9.07 8.96 8.34 8.21 7.74 7.46 7.60 8.95 8.80 8.46 9.79 9.88 10.10 11.56 12.48 12.48 11.89 11.89 11.89 11.89 11.89 10.92 10.92 10.92 10.92 11.19 11.19 11.19 9.48 9.74 10.20 10.35 11.41 11.73 10.95 9.22 9.21 10.20 10.45 9.61 8.95 9.04 9.17 9.19 9.34 8.54 8.52 8.67
10.67 10.77 10.40 10.04 10.12 9.77 9.87 9.41 9.53 10.02 10.00 10.43 10.98 10.33 10.46 10.36 10.71 10.62 10.24 9.99 9.53 9.45 9.65 10.04 9.86 9.57 9.42 9.27 8.30 8.58 8.74 8.70 8.61 8.53 7.45 6.93 8.25 9.97 9.84 9.90 9.76 10.60 11.95 11.95 11.95 12.48 11.89 11.89 11.89 11.57 11.57 11.57 10.41 10.41 11.19 11.19 11.19 10.55 10.33 9.91 9.75 11.16 11.24 10.38 9.96 9.99 10.45 9.86 9.04 8.65 8.76 9.05 8.84 8.63 8.43 8.72 9.03
9.63 10.32 9.57 9.37 9.51 9.26 9.40 9.35 9.18 9.84 10.12 10.11 10.22 10.69 10.31 10.15 9.59 9.62 9.57 9.58 9.42 8.87 8.87 9.31 9.08 8.40 8.33 9.44 8.72 8.30 8.56 8.35 8.03 8.14 8.23 7.91 8.15 9.62 10.27 9.79 10.40 11.35 11.95 11.95 11.95 11.95 11.95 11.89 11.57 11.57 11.57 11.57 11.40 10.41 10.41 10.16 10.16 10.63 10.85 10.08 10.24 11.04 10.94 10.84 9.94 10.15 9.44 9.30 9.60 8.82 8.83 8.91 9.38 8.52 8.70 8.25 8.31
9.31 9.45 9.72 9.94 9.49 9.54 9.51 9.45 9.52 9.70 9.94 10.21 9.78 9.91 9.65 9.54 9.65 9.25 9.44 9.23 9.45 8.91 8.68 8.85 8.44 8.25 8.60 9.65 9.12 8.55 9.41 9.07 8.05 7.87 8.69 8.24 8.18 9.12 9.51 9.68 10.63 11.36 11.36 11.36 11.95 11.95 11.95 11.95 11.57 11.57 11.57 11.57 11.57 11.40 10.41 10.41 10.56 10.53 10.44 11.19 11.60 11.56 10.84 10.10 10.55 10.36 10.18 9.96 9.81 9.33 8.97 9.15 8.74 8.32 8.54 8.40 8.13
9.87 10.02 9.82 9.58 9.30 9.49 9.47 9.46 9.57 9.33 9.56 9.32 9.15 9.41 9.45 9.68 9.87 9.83 9.43 9.04 9.14 9.01 8.83 8.97 9.09 8.79 8.42 8.74 9.16 8.72 9.26 9.07 8.47 7.73 7.89 7.32 8.18 9.00 9.16 9.84 10.63 11.36 11.36 11.36 11.36 11.36 11.95 11.14 11.57 11.57 11.57 11.57 11.57 11.40 11.40 10.97 10.49 10.43 9.97 10.44 10.99 11.02 10.77 10.27 10.34 9.48 9.87 10.08 9.78 9.57 9.67 8.88 8.45 8.32 8.20 8.33 8.64
10.01 10.26 9.93 9.72 9.66 9.56 9.31 9.19 8.78 8.45 9.31 9.43 9.15 9.37 9.45 9.54 9.31 8.89 8.75 8.51 8.37 8.65 8.54 8.74 9.01 8.81 8.47 8.29 8.81 9.08 8.96 8.75 8.68 7.67 7.36 7.32 7.32 9.00 9.16 9.84 9.84 11.36 11.36 11.36 11.36 11.36 11.53 11.53 11.14 11.14 11.57 11.57 11.57 11.78 11.65 10.90 11.10 10.52 10.13 10.03 10.57 10.76 10.50 9.92 10.16 10.03 10.69 10.20 9.34 8.68 8.83 9.02 8.60 8.68 8.42 8.21 8.58
9.93 9.97 10.25 9.98 10.10 9.55 9.79 9.94 9.27 8.42 8.98 9.49 9.53 9.49 9.27 9.17 8.80 8.88 8.95 8.18 7.52 8.20 8.15 8.47 8.40 8.78 8.57 7.70 7.94 8.23 8.70 8.70 8.80 8.17 7.36 7.36 7.32 9.00 9.16 9.84 9.84 9.84 11.36 11.36 11.36 11.36 11.53 11.53 11.53 11.14 11.14 11.10 11.10 10.98 11.27 10.72 10.81 10.93 10.75 10.42 10.60 10.75 10.67 9.92 9.58 10.49 10.60 9.92 9.00 8.63 9.11 9.31 9.19 8.97 9.14 8.51 8.76
