main/data/irradiance/08.03.2023.grid
ncols 839
nrows 679
xllcenter 112.0500
yllcenter -43.9500
cellsize 0.0500
nodata_value 99999.90
[rows 170 to 203 of 679, columns 308 to 384 of 839]
26.87 26.87 26.88 26.86 26.86 26.87 26.85 26.87 26.74 26.79 26.53 26.77 26.70 26.64 26.61 26.20 26.20 26.25 26.33 25.93 25.43 25.97 25.50 26.37 25.70 26.13 24.96 25.10 24.76 26.08 26.15 25.82 26.15 26.30 25.84 25.83 25.62 25.18 25.47 25.63 25.59 26.38 26.58 26.63 26.51 26.27 26.37 26.58 26.30 26.04 25.74 25.65 25.88 26.12 26.23 26.24 26.25 26.08 26.00 25.95 25.99 25.96 25.44 25.22 24.22 23.80 22.91 21.21 20.43 20.96 19.21 18.66 20.10 19.64 17.15 17.31 18.03
26.87 26.83 26.84 26.82 26.75 26.83 26.85 26.77 26.81 26.69 26.73 26.54 26.38 26.64 26.42 26.22 26.32 26.07 26.28 25.71 25.37 26.15 26.32 26.13 25.45 25.70 25.53 24.35 24.21 25.59 24.56 26.18 25.56 25.11 24.62 24.03 23.54 24.50 24.12 23.93 24.58 25.80 26.49 26.24 26.34 26.09 26.19 25.93 25.78 25.55 25.47 25.62 25.99 25.93 25.63 25.87 26.09 26.16 26.15 26.13 26.26 25.82 25.63 24.75 24.16 23.46 23.52 21.61 19.73 19.94 19.31 20.32 19.36 18.90 17.24 18.20 18.54
26.84 26.81 26.80 26.73 26.68 26.77 26.80 26.80 26.82 26.54 26.78 26.75 26.59 26.66 26.71 26.52 26.40 26.15 26.38 26.19 25.88 26.12 26.17 25.94 25.05 25.20 25.36 24.36 24.36 23.37 23.39 25.60 25.64 23.86 23.63 24.42 24.35 24.36 24.52 24.78 24.24 25.84 26.40 25.93 25.36 25.47 25.71 25.91 25.51 25.36 25.50 25.59 25.88 26.26 26.57 26.21 26.39 26.28 26.42 26.06 26.16 25.90 25.38 24.32 23.51 23.02 22.79 22.22 21.19 20.60 18.15 19.81 19.27 18.26 17.72 18.47 18.78
26.78 26.79 26.67 26.50 26.63 26.64 26.72 26.76 26.76 26.71 26.70 26.67 26.58 26.54 26.20 26.27 26.53 26.38 26.13 26.48 25.92 26.28 26.32 25.93 25.49 25.68 25.37 23.99 24.22 24.19 25.10 25.37 24.93 25.13 24.46 24.91 25.44 24.86 24.53 25.04 25.48 26.05 26.19 26.17 26.00 25.21 25.04 25.36 25.32 25.83 26.08 26.22 26.56 26.54 26.33 26.67 26.72 26.51 26.41 26.23 25.83 25.46 24.46 23.93 23.83 23.27 23.03 22.76 21.93 21.66 19.37 20.00 19.43 18.27 19.01 18.98 19.38
26.77 26.69 26.67 26.59 26.51 26.72 26.66 26.73 26.70 26.58 26.61 26.59 26.46 26.52 26.17 26.59 26.56 26.34 25.90 25.95 25.76 26.07 25.78 26.52 25.96 25.95 26.14 25.17 25.29 23.98 24.86 25.06 25.57 26.46 25.50 25.86 25.15 24.76 25.25 25.63 25.92 26.04 25.11 26.14 26.05 25.45 25.03 25.33 25.72 26.31 26.39 26.39 26.42 26.33 26.42 26.47 26.70 26.50 26.45 26.14 26.06 25.45 24.60 23.99 24.39 24.65 23.92 22.91 20.59 20.63 20.24 19.73 18.66 19.04 19.13 19.61 19.52
26.76 26.75 26.69 26.56 26.66 26.70 26.63 26.62 26.70 26.63 26.54 26.55 26.58 26.39 26.11 26.58 26.56 26.48 26.18 26.02 25.59 25.90 25.91 26.40 26.35 26.15 26.34 25.61 25.74 25.64 24.42 25.53 25.27 25.41 25.80 25.70 25.66 24.91 25.48 26.33 26.10 26.20 26.40 26.44 26.11 25.68 25.51 25.84 26.46 26.79 26.65 26.48 26.00 26.16 26.69 26.82 26.64 26.46 26.22 26.04 26.27 25.49 25.34 24.40 24.31 24.24 24.05 21.89 21.27 20.76 19.70 19.01 18.04 19.67 20.09 19.69 19.14
26.73 26.76 26.67 26.67 26.65 26.66 26.70 26.66 26.66 26.53 26.46 26.40 26.53 26.62 26.12 26.48 26.54 26.22 26.34 25.53 26.15 26.18 25.48 26.52 25.56 26.62 25.89 25.13 25.35 26.03 25.20 25.12 25.00 25.15 24.21 24.59 25.57 25.74 25.76 26.42 26.58 26.53 26.47 25.92 25.88 25.77 26.25 26.45 26.49 26.71 26.77 26.55 26.50 26.67 26.77 26.83 26.54 26.18 25.97 25.90 25.99 25.81 25.57 24.65 24.68 24.25 23.03 22.46 20.94 19.40 18.94 18.23 19.00 19.65 19.63 20.41 19.86
26.63 26.58 26.72 26.71 26.76 26.70 26.63 26.58 26.56 26.63 26.69 26.58 26.62 26.71 26.10 26.44 26.45 26.61 25.64 25.79 26.64 26.16 25.88 26.57 26.34 26.48 25.89 25.82 25.07 24.68 24.84 25.33 25.00 24.90 23.00 23.24 24.50 24.93 25.24 25.98 26.56 26.42 26.61 25.95 25.91 26.17 26.47 26.39 26.44 26.58 26.49 26.70 26.75 26.84 26.71 26.60 26.48 26.24 26.30 26.08 26.02 25.94 25.67 25.32 24.31 23.87 22.86 21.89 21.14 19.47 17.67 19.11 20.04 20.57 21.13 20.05 20.86
26.61 26.58 26.68 26.71 26.76 26.77 26.73 26.70 26.69 26.69 26.71 26.76 26.59 26.71 26.12 26.14 26.21 26.46 25.91 26.63 26.09 26.55 25.96 26.22 26.11 26.11 25.69 25.80 24.94 24.48 25.03 25.38 24.72 25.31 24.18 24.36 23.70 23.82 24.25 25.03 25.71 25.90 25.75 26.23 26.15 25.83 26.42 26.58 26.31 26.25 26.34 26.71 26.73 26.71 26.50 26.42 26.58 26.07 26.08 25.91 25.81 25.71 25.65 25.37 23.97 22.48 21.92 20.77 20.14 20.05 19.33 19.58 19.70 19.82 21.53 21.60 21.31
26.52 26.65 26.67 26.69 26.73 26.72 26.73 26.69 26.71 26.73 26.75 26.76 26.75 26.74 26.56 26.07 26.63 25.90 26.20 26.21 26.06 26.39 26.38 26.41 25.65 25.45 26.39 26.24 25.76 24.31 25.43 25.08 25.19 25.82 25.48 24.26 24.61 23.65 23.44 25.15 25.03 24.54 25.55 26.28 26.38 25.98 25.99 26.28 26.26 26.09 26.09 25.91 26.49 26.29 26.42 26.55 26.37 26.02 26.42 25.86 25.66 25.46 25.37 24.64 23.91 23.63 22.03 21.03 20.06 20.04 20.55 21.22 20.72 22.32 19.94 21.24 22.03
26.49 26.58 26.53 26.66 26.68 26.67 26.74 26.73 26.75 26.78 26.79 26.73 26.77 26.60 26.57 26.48 26.00 25.67 25.87 25.65 26.53 26.53 26.54 26.47 26.04 25.42 25.18 25.04 25.54 25.53 24.42 24.71 25.21 25.34 25.17 24.24 23.97 24.72 24.57 24.73 25.10 24.48 25.96 26.33 26.09 25.98 26.31 26.59 26.51 25.90 25.97 25.39 25.65 26.29 26.11 26.67 26.74 26.53 26.42 25.97 25.73 25.68 25.49 24.68 23.41 22.77 21.71 22.03 20.74 21.46 20.62 21.67 21.84 21.19 20.10 22.60 22.81
26.43 26.58 26.46 26.53 26.61 26.62 26.70 26.65 26.76 26.64 26.73 26.70 26.66 26.61 26.51 26.39 26.03 26.34 25.54 26.02 25.95 26.65 26.34 26.22 26.07 25.61 25.44 25.83 24.82 24.39 22.72 24.66 23.99 24.97 24.98 23.81 24.61 24.18 23.63 23.96 25.06 25.64 26.24 26.64 26.23 25.75 25.51 25.72 25.93 25.55 25.92 25.97 25.43 25.65 25.76 26.63 26.76 26.60 26.47 26.12 25.97 25.90 25.80 25.59 24.46 23.79 22.20 20.68 20.78 20.38 21.17 21.12 22.60 21.63 21.76 23.53 22.99
26.56 26.75 26.66 26.59 26.63 26.71 26.75 26.74 26.68 26.62 26.66 26.60 26.67 26.66 26.49 25.93 26.39 26.24 25.52 26.04 26.01 26.17 26.38 26.30 25.50 26.28 25.66 25.34 24.57 24.99 23.76 25.89 23.78 23.91 22.08 22.67 24.52 25.77 23.51 23.43 25.15 25.71 25.59 26.29 26.20 25.46 24.78 24.96 25.30 25.53 25.40 25.58 25.75 26.09 26.19 26.64 26.64 26.64 26.18 26.13 26.01 26.05 25.97 25.51 24.60 23.61 22.18 21.17 21.77 21.97 22.23 21.80 22.96 22.70 23.10 23.54 23.67
26.59 26.66 26.64 26.59 26.63 26.64 26.70 26.58 26.56 26.66 26.59 26.44 26.54 26.56 26.54 26.67 26.61 26.29 26.32 26.32 26.47 26.10 26.33 26.59 26.27 26.54 26.15 24.69 24.19 23.85 24.74 24.65 22.49 23.85 22.83 23.00 23.68 24.64 25.27 24.12 24.95 24.63 25.37 25.92 25.98 25.81 25.51 25.77 25.79 25.92 25.77 25.88 25.94 25.91 26.43 26.48 26.31 26.35 25.92 26.35 26.25 26.23 26.05 25.91 25.30 24.13 22.89 21.62 22.68 23.66 23.75 23.55 23.65 24.36 24.20 24.33 23.52
26.60 26.55 26.41 26.37 26.60 26.62 26.62 26.53 26.59 26.62 26.59 26.58 26.67 26.44 26.50 26.20 26.48 26.27 26.43 25.97 26.21 26.48 26.09 26.51 26.49 26.49 26.07 25.53 24.31 24.66 25.25 24.64 22.53 24.97 24.29 24.10 24.42 25.08 24.29 24.27 24.63 25.78 25.75 26.08 26.23 26.05 25.98 25.94 25.63 26.04 25.95 26.23 26.28 26.33 26.49 26.42 26.45 26.41 26.34 26.46 26.47 26.44 26.21 25.90 25.48 25.04 24.42 23.03 23.99 24.17 23.57 22.70 22.57 24.33 25.44 24.60 23.89
26.48 26.45 26.48 26.43 26.50 26.60 26.67 26.53 26.64 26.57 26.37 26.53 26.58 26.40 26.21 26.24 26.09 26.42 26.02 26.11 26.01 26.34 25.93 26.16 25.59 26.27 26.09 26.02 24.40 24.32 23.24 24.06 23.65 25.18 23.80 24.38 24.64 23.60 25.04 25.61 24.96 26.07 26.59 26.61 26.21 25.64 25.68 25.49 26.01 26.01 25.96 26.22 26.52 26.66 26.35 26.27 26.39 26.47 26.70 26.67 26.68 26.60 26.43 25.51 24.65 24.79 24.14 23.98 24.45 24.59 23.93 23.71 24.35 25.22 24.15 23.82 23.86
26.51 26.45 26.49 26.50 26.56 26.57 26.54 26.72 26.74 26.41 26.36 26.45 26.44 26.41 26.41 26.14 26.36 26.17 26.03 25.46 25.89 26.04 25.90 25.16 25.78 26.50 26.45 26.61 24.04 23.58 24.57 24.38 24.76 23.29 22.22 24.63 23.43 23.13 25.74 25.13 25.36 25.64 25.99 26.56 26.43 26.21 26.34 26.05 25.90 26.02 26.14 26.10 26.39 26.71 26.73 26.36 26.06 26.10 26.70 26.77 26.42 26.25 26.14 25.42 23.90 22.85 23.17 23.70 24.33 24.11 23.88 24.74 25.34 24.99 24.82 24.16 23.39
26.43 26.41 26.49 26.53 26.58 26.51 26.35 26.37 26.36 26.38 26.32 26.39 26.43 26.35 26.37 26.23 26.24 26.03 26.28 26.29 25.74 25.92 26.19 25.77 26.47 26.34 26.60 26.73 26.25 25.82 24.99 24.48 24.45 22.95 24.01 24.91 23.65 23.30 24.92 25.38 26.22 26.27 26.29 26.35 26.30 26.16 26.17 25.89 26.17 25.81 26.03 26.34 26.63 26.65 26.55 26.10 25.94 25.83 26.25 26.61 26.20 26.06 25.27 24.69 23.96 22.74 22.66 23.39 24.75 24.81 24.72 25.04 25.62 25.37 24.70 24.34 24.34
26.56 26.54 26.53 26.53 26.42 26.50 26.38 26.32 26.39 26.32 26.28 26.33 26.37 26.44 26.51 26.29 26.06 25.54 26.29 26.40 25.77 26.07 25.37 26.32 26.32 26.22 26.42 26.75 26.55 25.74 24.56 24.75 24.92 24.95 25.27 25.02 25.02 25.02 25.00 25.98 26.28 26.56 26.57 26.36 26.58 26.56 26.35 26.02 26.31 26.26 26.37 26.36 26.45 26.64 26.34 26.10 26.00 25.57 25.79 25.42 25.24 25.35 25.05 24.68 24.04 24.02 22.95 23.81 24.26 24.03 24.57 24.87 25.42 25.82 25.38 25.17 24.80
26.58 26.57 26.44 26.37 26.39 26.42 26.37 26.49 26.52 26.40 26.32 26.43 26.57 26.57 26.56 26.56 26.40 26.34 26.13 26.29 26.22 26.30 25.29 25.89 26.20 25.93 26.54 26.25 25.94 25.37 24.32 25.26 25.27 24.99 24.88 23.66 25.77 24.68 25.66 26.08 26.28 26.46 26.41 26.33 26.63 26.54 26.47 26.07 26.33 26.47 26.49 26.41 26.48 26.58 26.28 25.68 25.11 25.78 25.65 25.76 25.06 24.92 24.16 24.99 24.48 24.56 24.57 24.04 22.96 23.64 23.99 24.16 24.53 24.60 24.97 25.76 25.34
26.56 26.56 26.48 26.54 26.46 26.54 26.47 26.55 26.55 26.45 26.54 26.48 26.55 26.46 26.49 26.57 26.41 26.40 26.09 26.34 26.29 25.82 25.57 25.71 25.94 26.61 26.51 25.45 25.84 25.22 25.71 25.45 25.61 25.02 24.58 25.17 25.11 25.36 25.85 26.16 26.47 26.21 26.35 26.24 26.29 26.11 26.33 26.32 26.58 26.54 26.66 26.48 26.51 26.40 26.02 25.94 25.51 26.10 25.81 25.22 24.42 24.21 24.98 25.48 25.35 25.23 25.18 24.63 24.87 24.18 23.93 24.26 24.32 24.50 24.53 25.75 25.61
26.48 26.50 26.50 26.46 26.40 26.47 26.44 26.26 26.14 26.26 26.41 26.53 26.52 26.53 26.55 26.55 26.39 26.38 26.37 26.35 25.84 26.10 25.21 25.87 25.64 25.37 25.24 24.77 26.27 26.36 25.82 25.94 25.96 25.97 26.04 25.47 25.82 25.86 26.22 26.40 26.33 26.49 26.36 25.83 26.17 26.16 26.35 26.32 26.55 26.56 26.54 26.42 26.45 26.29 26.10 26.39 25.85 26.04 26.08 25.12 24.92 24.40 24.66 25.23 24.81 24.96 24.59 24.95 24.70 24.43 25.08 24.36 23.40 23.69 24.22 24.94 25.11
26.45 26.49 26.47 26.39 26.41 26.42 26.33 26.40 26.34 26.39 26.38 26.42 26.57 26.63 26.58 26.43 26.36 26.39 26.44 26.30 26.13 26.26 25.00 25.03 26.09 25.41 24.78 25.09 25.57 26.02 26.09 25.81 26.21 26.09 26.42 26.19 26.27 26.59 26.42 26.56 26.47 26.15 26.15 25.97 25.83 26.35 26.42 26.40 26.02 26.41 26.08 26.35 26.19 26.28 26.24 26.21 26.22 25.99 26.18 25.93 25.59 25.20 25.74 25.04 25.20 24.83 24.44 25.32 24.82 24.67 25.04 24.58 24.51 24.30 24.03 24.01 24.92
26.43 26.32 26.64 26.45 26.38 26.47 26.52 26.47 26.25 26.45 26.53 26.52 26.60 26.68 26.57 26.62 26.48 26.22 26.41 26.33 26.07 26.38 25.53 25.10 24.62 25.96 25.37 24.47 25.09 25.00 25.53 25.97 26.23 26.22 25.85 26.20 26.43 26.19 26.48 26.45 26.32 25.92 25.90 25.77 25.11 25.43 26.17 26.18 25.92 26.42 26.39 26.27 26.01 25.99 26.17 25.75 25.95 25.85 25.91 25.38 26.06 25.72 25.71 25.53 25.47 25.80 25.40 25.01 24.31 24.16 23.93 24.39 24.78 24.81 24.34 23.64 24.39
26.14 26.48 26.39 26.30 26.30 26.53 26.56 26.54 26.53 26.50 26.51 26.62 26.58 26.57 26.53 26.63 26.48 26.27 26.37 26.36 26.17 26.20 26.15 24.95 24.95 25.79 25.28 25.40 24.76 25.14 25.87 25.99 25.98 25.65 25.65 26.16 26.34 26.23 26.37 26.30 26.41 26.45 26.45 26.29 25.73 25.64 25.59 25.98 25.75 25.98 26.43 26.50 25.58 25.61 25.52 25.27 25.77 25.41 25.51 26.51 26.47 26.11 26.11 25.78 25.65 25.84 25.79 25.49 25.19 24.02 23.93 24.38 24.71 24.69 23.83 23.60 24.08
26.37 26.61 26.44 26.54 26.61 26.62 26.61 26.54 26.55 26.61 26.52 26.53 26.47 26.52 26.50 26.48 26.50 26.48 26.42 26.34 26.19 25.91 26.25 25.86 24.04 25.45 24.61 24.82 26.01 25.95 25.05 25.49 25.90 25.15 25.76 25.76 26.06 26.33 26.12 26.14 26.52 26.58 26.15 26.29 26.44 25.95 25.15 25.42 25.57 26.21 26.20 26.11 25.55 25.24 25.42 25.51 25.46 26.21 26.50 26.43 26.31 25.35 25.70 25.53 24.92 25.34 25.46 25.49 26.02 25.98 25.42 24.69 24.52 24.48 23.93 23.30 23.87
26.45 26.59 26.50 26.65 26.69 26.58 26.44 26.49 26.52 26.47 26.39 26.31 26.36 26.32 26.39 26.38 26.38 26.50 26.34 26.23 25.94 25.74 25.25 25.73 25.62 25.55 25.18 25.99 25.49 25.41 25.58 25.83 26.15 25.92 25.81 25.75 26.01 25.88 26.03 25.96 26.50 26.36 26.22 25.98 26.22 26.13 25.90 24.60 24.95 25.92 26.08 26.40 25.60 25.60 25.74 25.34 25.96 26.39 26.23 26.42 26.01 26.10 25.75 25.42 25.95 25.80 25.96 25.73 26.14 25.45 24.72 24.78 24.94 24.94 25.18 25.26 23.22
26.47 26.50 26.58 26.62 26.53 26.47 26.54 26.51 26.58 26.45 26.44 26.26 26.39 26.45 26.50 26.36 26.31 26.47 26.54 26.22 26.11 25.78 26.08 25.47 25.78 25.18 25.49 25.94 25.60 25.46 25.32 25.86 26.41 25.47 26.09 26.11 25.92 25.66 25.93 26.14 25.79 25.97 26.26 25.84 26.24 26.17 26.09 26.45 25.94 25.93 25.84 25.61 26.16 26.05 25.90 26.38 26.43 26.24 26.40 26.37 26.33 26.12 25.99 26.09 25.41 25.47 25.04 25.95 25.30 24.62 24.48 25.07 25.30 25.17 25.71 25.93 25.87
26.39 26.45 26.52 26.53 26.40 26.46 26.35 26.33 26.26 26.51 26.53 26.46 26.47 26.36 26.43 26.35 26.25 26.40 26.35 26.45 26.30 25.90 25.42 25.87 26.07 25.57 25.87 25.89 24.84 24.53 25.67 25.50 24.68 24.72 25.28 26.12 26.42 25.77 26.30 26.25 26.26 26.18 25.77 26.15 26.24 26.30 26.41 26.54 26.15 25.64 25.23 25.13 25.99 26.17 26.39 26.33 26.46 26.11 25.63 26.18 26.02 26.36 26.02 24.95 24.82 25.16 24.54 24.43 24.16 24.41 25.04 24.15 24.33 24.78 25.23 25.54 25.41
26.37 26.41 26.38 26.26 26.26 26.30 26.37 26.28 26.14 26.31 26.62 26.60 26.53 26.40 26.38 26.44 26.45 26.44 26.28 26.22 26.30 26.37 26.06 25.40 25.66 24.88 25.72 25.51 25.29 25.48 25.87 25.27 24.97 25.73 25.50 25.86 26.13 25.94 26.19 26.25 25.82 26.27 26.43 26.39 26.10 26.28 26.31 26.47 26.33 25.46 25.16 25.31 25.11 25.27 25.17 25.88 25.66 25.75 25.79 25.61 26.04 25.29 25.81 24.69 24.86 25.84 24.44 25.34 25.59 25.39 25.66 25.13 24.21 23.80 24.74 25.70 25.80
26.39 26.26 26.30 26.39 26.40 26.37 26.26 26.27 26.46 26.47 26.52 26.56 26.52 26.45 26.29 26.32 26.34 26.49 26.48 26.34 26.29 26.34 26.10 26.11 25.35 25.91 25.40 25.04 25.52 25.62 25.54 24.88 25.86 25.23 25.31 25.43 26.00 26.18 26.19 26.06 26.07 25.90 26.23 26.12 25.81 25.71 25.87 26.40 26.47 25.93 25.54 25.53 24.94 25.03 25.45 25.56 25.26 25.38 25.98 26.16 25.78 25.65 24.79 23.79 24.90 24.70 25.31 25.26 24.87 25.38 25.67 25.12 24.85 23.65 23.93 25.77 25.72
26.10 25.91 25.99 26.33 26.34 26.40 26.43 26.24 26.27 26.19 26.43 26.42 26.51 26.49 26.28 26.18 26.10 26.17 26.28 26.23 25.90 26.27 26.17 25.89 26.04 25.74 25.75 25.06 25.48 24.58 24.35 25.20 24.92 24.56 24.90 25.66 25.26 26.01 26.28 25.89 25.84 25.84 25.45 25.36 25.11 25.76 26.20 26.29 26.19 26.05 26.00 25.79 25.40 25.02 25.36 25.73 25.02 25.34 25.08 25.20 25.14 25.27 24.43 24.29 25.27 25.07 24.89 24.25 24.46 25.32 25.85 25.80 25.87 25.86 25.60 25.04 25.42
26.25 26.30 26.26 26.32 26.28 26.15 26.31 26.23 25.90 25.78 26.28 26.46 26.38 26.33 26.27 26.30 26.01 26.08 26.22 26.15 26.05 26.01 26.17 25.78 25.84 25.81 25.91 25.66 25.79 25.58 25.12 25.39 25.11 24.93 25.86 25.52 25.03 25.44 25.96 26.08 25.99 25.48 25.90 25.91 25.99 26.12 25.95 26.12 26.22 25.94 26.08 25.66 25.67 25.15 25.00 24.76 25.35 25.51 25.50 25.18 25.66 25.04 24.54 24.01 24.15 23.32 23.94 23.25 23.88 24.83 25.99 25.43 24.87 25.84 26.16 25.53 24.52
26.64 26.49 26.32 26.33 26.29 26.29 26.28 26.14 26.11 26.06 26.02 26.28 26.37 26.24 26.43 26.34 26.08 26.05 26.24 26.23 26.24 25.97 26.12 26.23 26.04 26.16 25.94 25.67 25.73 25.68 25.71 25.47 25.57 25.06 24.55 24.90 25.47 25.12 25.21 25.92 25.87 25.86 26.01 25.59 25.95 26.03 25.66 25.77 26.13 25.91 25.89 25.26 25.38 24.96 24.46 24.84 25.31 25.21 25.64 25.09 25.33 24.96 24.84 24.86 24.52 23.60 24.40 23.50 24.80 25.18 25.20 24.95 24.67 25.07 24.93 24.55 24.93
