main/data/irradiance/08.09.2023.grid
ncols 839
nrows 679
xllcenter 112.0500
yllcenter -43.9500
cellsize 0.0500
nodata_value 99999.90
[rows 238 to 271 of 679, columns 0 to 76 of 839]
99999.90 99999.90 99999.90 99999.90 99999.90 99999.90 99999.90 99999.90 99999.90 99999.90 99999.90 99999.90 99999.90 99999.90 99999.90 99999.90 99999.90 99999.90 99999.90 99999.90 99999.90 99999.90 99999.90 99999.90 20.55 19.51 21.45 20.76 20.76 20.76 20.76 20.76 20.76 20.76 20.54 20.54 20.54 20.54 19.64 19.64 19.74 21.43 21.43 21.43 21.43 21.43 21.43 22.48 22.48 22.48 22.48 22.16 22.16 21.68 22.68 22.81 22.74 22.55 22.69 22.63 22.58 22.68 22.79 22.86 22.89 22.85 22.91 22.92 22.86 22.82 22.75 22.75 22.72 22.78 22.81 22.85 22.85
99999.90 99999.90 99999.90 99999.90 99999.90 99999.90 99999.90 99999.90 99999.90 99999.90 99999.90 99999.90 99999.90 99999.90 99999.90 99999.90 99999.90 99999.90 99999.90 99999.90 99999.90 99999.90 99999.90 99999.90 20.55 20.55 21.45 20.76 20.76 20.76 20.76 20.76 20.76 20.76 20.76 20.76 20.54 20.54 20.54 19.02 19.92 21.23 21.23 21.23 21.23 21.23 22.27 22.27 22.27 22.48 22.48 22.48 22.21 22.21 22.90 22.80 22.70 22.59 22.69 22.71 22.62 22.69 22.78 22.83 22.84 22.87 22.89 22.87 22.84 22.84 22.78 22.77 22.76 22.82 22.82 22.82 22.84
99999.90 99999.90 99999.90 99999.90 99999.90 99999.90 99999.90 99999.90 99999.90 99999.90 99999.90 99999.90 99999.90 99999.90 99999.90 99999.90 99999.90 99999.90 99999.90 99999.90 99999.90 99999.90 99999.90 20.19 20.55 20.55 21.45 21.45 21.45 20.76 20.76 20.76 20.76 20.76 20.76 20.76 20.76 20.41 20.41 18.27 19.85 21.23 21.23 21.23 21.23 21.23 22.27 22.27 22.27 22.27 22.19 22.19 22.54 22.78 22.75 22.72 22.69 22.63 22.73 22.66 22.67 22.66 22.73 22.74 22.77 22.82 22.86 22.82 22.83 22.82 22.80 22.76 22.76 22.77 22.76 22.81 22.81
99999.90 99999.90 99999.90 99999.90 99999.90 99999.90 99999.90 99999.90 99999.90 99999.90 99999.90 99999.90 99999.90 99999.90 99999.90 99999.90 99999.90 99999.90 99999.90 99999.90 99999.90 99999.90 99999.90 20.19 20.55 20.55 21.45 21.45 21.45 21.45 21.45 21.45 20.76 20.76 20.76 20.76 20.76 20.76 20.44 17.73 20.28 20.28 20.28 21.23 21.23 21.23 21.99 21.99 22.27 22.27 22.27 22.14 22.31 22.73 22.68 22.71 22.68 22.73 22.71 22.69 22.67 22.72 22.67 22.72 22.77 22.83 22.85 22.84 22.80 22.83 22.80 22.75 22.77 22.77 22.76 22.75 22.75
99999.90 99999.90 99999.90 99999.90 99999.90 99999.90 99999.90 99999.90 99999.90 99999.90 99999.90 99999.90 99999.90 99999.90 99999.90 99999.90 99999.90 99999.90 99999.90 99999.90 99999.90 99999.90 99999.90 20.19 20.55 20.55 20.55 21.45 21.45 21.45 21.45 21.45 21.45 21.45 21.45 20.98 20.98 20.98 19.97 17.52 20.54 20.54 20.54 20.54 20.54 21.99 21.99 21.99 21.99 22.07 22.07 22.04 22.53 22.73 22.71 22.67 22.55 22.73 22.69 22.68 22.66 22.70 22.65 22.75 22.80 22.80 22.82 22.82 22.83 22.82 22.81 22.79 22.74 22.77 22.80 22.79 22.77
99999.90 99999.90 99999.90 99999.90 99999.90 99999.90 99999.90 99999.90 99999.90 99999.90 99999.90 99999.90 99999.90 99999.90 99999.90 99999.90 99999.90 99999.90 99999.90 99999.90 99999.90 99999.90 99999.90 20.19 20.55 20.55 20.55 20.55 20.55 21.45 21.45 21.45 21.45 21.45 21.45 21.45 21.35 21.35 19.84 18.91 20.98 20.98 20.98 20.98 20.98 21.47 21.47 21.99 21.99 21.99 21.99 22.62 22.77 22.77 22.68 22.62 22.64 22.69 22.70 22.64 22.66 22.69 22.70 22.78 22.79 22.82 22.83 22.86 22.85 22.86 22.84 22.81 22.75 22.74 22.77 22.75 22.77
99999.90 99999.90 99999.90 99999.90 99999.90 99999.90 99999.90 99999.90 99999.90 99999.90 99999.90 99999.90 99999.90 99999.90 99999.90 99999.90 99999.90 99999.90 99999.90 99999.90 99999.90 99999.90 99999.90 20.19 20.55 20.55 20.55 20.55 20.55 20.55 20.55 21.45 21.45 21.45 21.45 21.45 21.45 21.56 19.24 20.34 20.94 20.94 20.94 22.42 22.42 21.47 21.47 21.47 21.79 21.79 22.00 22.53 22.67 22.74 22.67 22.61 22.65 22.66 22.63 22.65 22.61 22.64 22.67 22.75 22.78 22.82 22.82 22.79 22.83 22.84 22.84 22.77 22.77 22.78 22.83 22.76 22.72
99999.90 99999.90 99999.90 99999.90 99999.90 99999.90 99999.90 99999.90 99999.90 99999.90 99999.90 99999.90 99999.90 99999.90 99999.90 99999.90 99999.90 99999.90 99999.90 99999.90 99999.90 99999.90 99999.90 20.19 20.19 20.19 20.55 20.55 20.55 20.55 20.55 20.55 19.51 19.51 21.25 21.25 21.25 20.27 19.61 20.39 20.99 20.99 22.42 22.42 22.42 21.54 21.47 21.47 21.47 22.17 22.38 22.41 22.71 22.73 22.64 22.64 22.64 22.65 22.65 22.63 22.69 22.71 22.65 22.70 22.78 22.83 22.84 22.84 22.83 22.80 22.81 22.76 22.75 22.75 22.74 22.75 22.76
99999.90 99999.90 99999.90 99999.90 99999.90 99999.90 99999.90 99999.90 99999.90 99999.90 99999.90 99999.90 99999.90 99999.90 99999.90 99999.90 99999.90 99999.90 99999.90 99999.90 99999.90 99999.90 99999.90 20.19 20.19 20.19 20.19 20.19 20.55 20.55 20.55 20.55 20.55 19.51 19.51 21.05 21.05 20.04 19.69 21.08 21.61 22.42 22.42 22.42 22.42 21.54 21.54 21.77 21.77 22.22 22.34 22.58 22.55 22.63 22.65 22.64 22.64 22.62 22.68 22.66 22.62 22.66 22.67 22.68 22.78 22.81 22.77 22.80 22.79 22.76 22.77 22.72 22.76 22.79 22.74 22.74 22.76
99999.90 99999.90 99999.90 99999.90 99999.90 99999.90 99999.90 99999.90 99999.90 99999.90 99999.90 99999.90 99999.90 99999.90 99999.90 99999.90 99999.90 99999.90 99999.90 99999.90 99999.90 99999.90 99999.90 20.19 20.19 20.19 20.19 20.19 20.19 20.19 20.55 20.55 20.55 20.55 19.51 19.51 20.78 19.28 20.35 21.31 21.60 22.51 22.51 22.51 21.88 21.54 21.54 21.54 21.92 21.81 22.25 22.39 22.45 22.55 22.58 22.59 22.60 22.54 22.59 22.57 22.61 22.62 22.72 22.72 22.70 22.74 22.70 22.75 22.78 22.75 22.74 22.73 22.76 22.75 22.73 22.77 22.78
99999.90 99999.90 99999.90 99999.90 99999.90 99999.90 99999.90 99999.90 99999.90 99999.90 99999.90 99999.90 99999.90 99999.90 99999.90 99999.90 99999.90 99999.90 99999.90 99999.90 99999.90 99999.90 99999.90 20.19 20.19 20.19 20.19 20.19 20.19 20.19 20.19 20.19 20.55 20.55 20.55 20.16 19.32 19.42 20.51 21.77 22.25 22.51 22.51 21.88 21.88 21.88 21.65 21.65 21.78 22.18 22.56 22.56 22.47 22.44 22.61 22.61 22.53 22.55 22.56 22.55 22.61 22.60 22.70 22.70 22.76 22.74 22.73 22.73 22.75 22.69 22.71 22.72 22.72 22.72 22.75 22.78 22.76
99999.90 99999.90 99999.90 99999.90 99999.90 99999.90 99999.90 99999.90 99999.90 99999.90 99999.90 99999.90 99999.90 99999.90 99999.90 99999.90 99999.90 99999.90 99999.90 99999.90 99999.90 99999.90 99999.90 20.19 20.19 20.19 20.19 20.19 20.19 20.19 20.19 20.19 20.19 20.34 20.34 20.98 19.25 20.59 21.04 21.99 22.16 22.16 21.68 21.88 21.88 21.88 21.95 21.95 21.95 22.20 22.55 22.66 22.67 22.57 22.51 22.58 22.64 22.56 22.58 22.52 22.55 22.61 22.68 22.69 22.72 22.71 22.67 22.71 22.65 22.62 22.67 22.70 22.68 22.71 22.73 22.74 22.75
99999.90 99999.90 99999.90 99999.90 99999.90 99999.90 99999.90 99999.90 99999.90 99999.90 99999.90 99999.90 99999.90 99999.90 99999.90 99999.90 99999.90 99999.90 99999.90 99999.90 99999.90 99999.90 99999.90 20.19 20.19 20.19 20.19 20.19 20.19 20.19 20.19 20.19 20.19 20.19 20.93 20.63 18.99 20.72 21.42 21.92 22.01 21.41 21.68 22.18 21.85 22.35 22.14 22.08 21.93 22.31 22.57 22.66 22.67 22.69 22.68 22.63 22.56 22.68 22.56 22.51 22.53 22.55 22.62 22.65 22.68 22.67 22.66 22.66 22.67 22.62 22.57 22.63 22.64 22.67 22.72 22.71 22.72
99999.90 99999.90 99999.90 99999.90 99999.90 99999.90 99999.90 99999.90 99999.90 99999.90 99999.90 99999.90 99999.90 99999.90 99999.90 99999.90 99999.90 99999.90 99999.90 99999.90 99999.90 99999.90 99999.90 20.94 20.94 20.94 20.94 20.94 20.94 20.94 20.94 20.94 20.94 20.94 21.15 20.66 19.94 21.21 21.48 21.66 21.65 21.45 21.87 21.94 21.85 22.04 22.18 22.04 21.88 22.34 22.56 22.59 22.66 22.68 22.71 22.70 22.60 22.65 22.51 22.63 22.57 22.63 22.60 22.65 22.63 22.58 22.63 22.67 22.68 22.69 22.63 22.59 22.64 22.64 22.66 22.64 22.58
99999.90 99999.90 99999.90 99999.90 99999.90 99999.90 99999.90 99999.90 99999.90 99999.90 99999.90 99999.90 99999.90 99999.90 99999.90 99999.90 99999.90 99999.90 99999.90 99999.90 99999.90 99999.90 99999.90 20.89 20.89 20.89 20.89 20.89 20.89 20.89 20.89 20.89 20.89 20.89 21.40 20.65 21.06 21.33 21.27 21.61 21.22 21.41 21.79 21.97 21.85 21.85 22.23 22.15 22.24 22.36 22.55 22.59 22.62 22.64 22.73 22.71 22.65 22.64 22.54 22.64 22.62 22.69 22.66 22.70 22.63 22.64 22.58 22.63 22.67 22.65 22.64 22.66 22.59 22.59 22.63 22.62 22.64
99999.90 99999.90 99999.90 99999.90 99999.90 99999.90 99999.90 99999.90 99999.90 99999.90 99999.90 99999.90 99999.90 99999.90 99999.90 99999.90 99999.90 99999.90 99999.90 99999.90 99999.90 99999.90 99999.90 20.89 20.89 20.89 20.89 20.89 20.89 20.89 20.89 20.89 20.89 20.89 20.98 20.69 21.29 21.27 21.49 21.25 21.59 21.69 22.11 22.03 22.22 22.32 22.33 22.25 22.34 22.28 22.49 22.51 22.62 22.67 22.65 22.71 22.64 22.61 22.58 22.52 22.56 22.67 22.64 22.64 22.65 22.63 22.65 22.58 22.60 22.61 22.62 22.63 22.60 22.61 22.61 22.58 22.62
99999.90 99999.90 99999.90 99999.90 99999.90 99999.90 99999.90 99999.90 99999.90 99999.90 99999.90 99999.90 99999.90 99999.90 99999.90 99999.90 99999.90 99999.90 99999.90 99999.90 99999.90 99999.90 99999.90 20.89 20.89 20.89 20.89 20.89 20.89 20.89 20.89 20.89 20.89 20.89 21.00 20.55 21.30 21.45 21.81 21.41 21.78 21.86 22.23 22.31 22.33 22.45 22.27 22.29 22.41 22.37 22.44 22.46 22.59 22.61 22.63 22.66 22.68 22.60 22.57 22.56 22.51 22.54 22.62 22.59 22.62 22.63 22.61 22.62 22.60 22.62 22.63 22.64 22.60 22.59 22.58 22.58 22.61
99999.90 99999.90 99999.90 99999.90 99999.90 99999.90 99999.90 99999.90 99999.90 99999.90 99999.90 99999.90 99999.90 99999.90 99999.90 99999.90 99999.90 99999.90 99999.90 99999.90 99999.90 99999.90 99999.90 20.89 20.89 20.89 20.89 20.89 20.89 20.89 20.89 20.89 20.89 21.00 21.00 20.94 21.10 21.24 21.96 22.06 22.07 22.13 22.24 22.43 22.32 22.41 22.12 22.30 22.35 22.33 22.49 22.50 22.59 22.61 22.60 22.62 22.65 22.53 22.59 22.57 22.54 22.59 22.62 22.53 22.53 22.58 22.58 22.57 22.58 22.60 22.57 22.60 22.57 22.58 22.58 22.61 22.61
99999.90 99999.90 99999.90 99999.90 99999.90 99999.90 99999.90 99999.90 99999.90 99999.90 99999.90 99999.90 99999.90 99999.90 99999.90 99999.90 99999.90 99999.90 99999.90 99999.90 99999.90 99999.90 99999.90 20.89 20.89 20.89 20.89 20.89 20.89 20.89 20.89 20.89 21.00 20.22 20.22 20.22 21.09 21.52 22.02 22.30 22.39 22.22 22.29 22.35 22.40 22.37 22.38 22.37 22.39 22.47 22.48 22.56 22.61 22.60 22.55 22.58 22.60 22.55 22.58 22.56 22.53 22.54 22.60 22.55 22.56 22.53 22.57 22.54 22.53 22.57 22.53 22.55 22.55 22.51 22.57 22.56 22.59
99999.90 99999.90 99999.90 99999.90 99999.90 99999.90 99999.90 99999.90 99999.90 99999.90 99999.90 99999.90 99999.90 99999.90 99999.90 99999.90 99999.90 99999.90 99999.90 99999.90 99999.90 99999.90 99999.90 20.89 20.89 20.89 20.89 20.89 20.89 20.89 20.89 20.22 20.22 20.22 20.22 20.22 21.37 21.73 22.19 22.31 22.27 22.06 22.24 22.29 22.35 22.40 22.49 22.42 22.51 22.53 22.47 22.56 22.54 22.56 22.57 22.61 22.57 22.52 22.55 22.57 22.55 22.49 22.46 22.54 22.63 22.53 22.54 22.52 22.51 22.52 22.50 22.48 22.53 22.48 22.58 22.56 22.51
99999.90 99999.90 99999.90 99999.90 99999.90 99999.90 99999.90 99999.90 99999.90 99999.90 99999.90 99999.90 99999.90 99999.90 99999.90 99999.90 99999.90 99999.90 99999.90 99999.90 99999.90 99999.90 99999.90 20.89 20.89 20.89 20.89 20.89 20.89 20.22 20.22 20.22 20.22 20.22 21.16 21.16 21.16 21.91 22.08 22.01 22.32 22.18 22.13 22.21 22.34 22.36 22.13 22.29 22.50 22.42 22.48 22.54 22.55 22.52 22.54 22.54 22.55 22.52 22.53 22.52 22.48 22.47 22.45 22.54 22.59 22.54 22.51 22.54 22.56 22.53 22.55 22.49 22.50 22.50 22.52 22.55 22.52
99999.90 99999.90 99999.90 99999.90 99999.90 99999.90 99999.90 99999.90 99999.90 99999.90 99999.90 99999.90 99999.90 99999.90 99999.90 99999.90 99999.90 99999.90 99999.90 99999.90 99999.90 99999.90 99999.90 20.89 20.89 20.89 20.89 20.89 20.22 20.22 20.22 20.22 21.37 21.37 21.37 21.37 21.37 21.88 21.98 22.05 22.09 22.12 22.09 22.25 22.12 22.24 22.38 22.53 22.45 22.40 22.47 22.51 22.52 22.52 22.52 22.52 22.49 22.47 22.50 22.45 22.54 22.49 22.44 22.58 22.57 22.52 22.51 22.52 22.52 22.51 22.54 22.53 22.56 22.50 22.48 22.49 22.50
99999.90 99999.90 99999.90 99999.90 99999.90 99999.90 99999.90 99999.90 99999.90 99999.90 99999.90 99999.90 99999.90 99999.90 99999.90 99999.90 99999.90 99999.90 99999.90 99999.90 99999.90 99999.90 99999.90 20.89 20.89 21.80 21.80 21.80 21.80 21.80 21.80 21.80 21.80 21.80 21.64 21.64 21.64 21.81 21.95 21.81 21.76 22.02 22.23 21.67 21.78 22.26 22.41 22.50 22.45 22.05 22.45 22.49 22.49 22.53 22.51 22.49 22.43 22.45 22.52 22.51 22.47 22.49 22.53 22.54 22.49 22.51 22.51 22.49 22.48 22.51 22.51 22.45 22.51 22.48 22.42 22.46 22.51
99999.90 99999.90 99999.90 99999.90 99999.90 99999.90 99999.90 99999.90 99999.90 99999.90 99999.90 99999.90 99999.90 99999.90 99999.90 99999.90 99999.90 99999.90 99999.90 99999.90 99999.90 99999.90 99999.90 20.89 20.89 21.80 21.80 21.80 21.80 21.80 21.80 21.80 21.80 21.80 21.80 21.72 21.72 22.09 21.89 21.74 21.85 21.92 22.37 21.72 21.67 22.14 22.38 22.40 22.41 22.40 22.42 22.47 22.48 22.46 22.48 22.46 22.46 22.37 22.47 22.30 22.40 22.50 22.52 22.50 22.48 22.55 22.54 22.45 22.48 22.47 22.49 22.50 22.46 22.48 22.43 22.49 22.48
99999.90 99999.90 99999.90 99999.90 99999.90 99999.90 99999.90 99999.90 99999.90 99999.90 99999.90 99999.90 99999.90 99999.90 99999.90 99999.90 99999.90 99999.90 99999.90 99999.90 99999.90 99999.90 22.08 20.89 20.89 21.80 21.80 21.80 21.80 21.80 21.80 21.80 21.80 21.80 21.80 21.80 21.95 22.11 21.96 21.67 21.94 22.08 22.07 21.78 21.70 22.32 22.47 22.20 22.26 22.41 22.41 22.50 22.47 22.40 22.34 22.46 22.46 22.45 22.51 22.49 22.44 22.46 22.48 22.46 22.48 22.53 22.50 22.47 22.46 22.51 22.50 22.53 22.48 22.42 22.41 22.44 22.45
99999.90 99999.90 99999.90 99999.90 99999.90 99999.90 99999.90 99999.90 99999.90 99999.90 99999.90 99999.90 99999.90 99999.90 99999.90 99999.90 99999.90 99999.90 99999.90 99999.90 99999.90 21.99 22.08 22.08 21.99 21.91 21.91 21.91 21.91 21.91 21.91 21.91 21.91 21.91 21.91 21.91 21.90 21.82 21.85 21.95 21.81 22.00 21.91 22.11 21.99 22.03 22.41 22.38 22.37 22.33 22.29 22.39 22.38 22.36 22.37 22.46 22.44 22.48 22.46 22.48 22.50 22.44 22.36 22.31 22.43 22.47 22.54 22.54 22.52 22.47 22.52 22.46 22.50 22.45 22.39 22.36 22.42
99999.90 99999.90 99999.90 99999.90 99999.90 99999.90 99999.90 99999.90 99999.90 99999.90 99999.90 99999.90 99999.90 99999.90 99999.90 99999.90 99999.90 99999.90 99999.90 99999.90 99999.90 21.99 21.99 22.08 22.08 21.85 21.85 21.85 21.85 21.85 21.85 21.85 21.85 21.85 21.85 21.85 21.86 21.79 21.84 21.71 21.70 21.85 22.08 22.04 22.04 21.78 22.38 22.36 22.32 22.01 22.29 22.35 22.30 22.26 22.38 22.41 22.39 22.42 22.52 22.57 22.46 22.40 22.41 22.42 22.47 22.49 22.51 22.48 22.52 22.44 22.47 22.45 22.48 22.48 22.46 22.40 22.40
99999.90 99999.90 99999.90 99999.90 99999.90 99999.90 99999.90 99999.90 99999.90 99999.90 99999.90 99999.90 99999.90 99999.90 99999.90 99999.90 99999.90 99999.90 99999.90 99999.90 22.12 21.99 21.99 21.99 22.08 22.08 21.67 21.67 21.67 21.67 21.67 21.67 21.67 21.67 21.67 21.67 21.97 21.79 21.86 21.05 21.75 21.82 21.89 21.73 22.09 22.30 22.35 22.32 22.33 22.36 22.41 22.35 22.34 22.35 22.33 22.34 22.37 22.43 22.44 22.49 22.43 22.22 22.22 22.46 22.45 22.39 22.42 22.45 22.42 22.40 22.46 22.41 22.43 22.46 22.40 22.39 22.35
99999.90 99999.90 99999.90 99999.90 99999.90 99999.90 99999.90 99999.90 99999.90 99999.90 99999.90 99999.90 99999.90 99999.90 99999.90 99999.90 99999.90 99999.90 99999.90 99999.90 22.12 21.99 21.99 21.99 21.99 22.08 22.08 21.99 21.73 21.73 21.73 21.73 21.73 21.73 21.73 21.73 22.02 21.88 21.44 21.40 21.81 21.64 21.61 21.36 22.11 22.33 22.32 22.33 22.06 22.09 22.42 22.29 22.29 22.35 22.36 22.38 22.41 22.30 22.27 22.34 22.25 22.42 22.40 22.45 22.50 22.44 22.38 22.40 22.34 22.36 22.41 22.41 22.37 22.38 22.34 22.39 22.32
99999.90 99999.90 99999.90 99999.90 99999.90 99999.90 99999.90 99999.90 99999.90 99999.90 99999.90 99999.90 99999.90 99999.90 99999.90 99999.90 99999.90 99999.90 99999.90 22.13 22.12 21.99 21.99 21.99 21.99 21.99 22.08 22.08 21.99 21.99 21.82 21.82 21.82 21.82 21.82 21.82 21.83 21.68 21.32 21.53 21.90 21.65 21.70 21.91 22.28 22.30 22.24 22.15 22.17 22.28 22.36 22.25 22.14 22.32 22.28 22.32 22.35 22.45 22.29 22.30 22.28 22.36 22.44 22.41 22.40 22.40 22.37 22.47 22.38 22.44 22.44 22.43 22.39 22.32 22.34 22.34 22.39
99999.90 99999.90 99999.90 99999.90 99999.90 99999.90 99999.90 99999.90 99999.90 99999.90 99999.90 99999.90 99999.90 99999.90 99999.90 99999.90 99999.90 99999.90 99999.90 22.13 22.12 21.99 21.99 21.99 21.99 21.99 21.99 22.08 22.08 21.99 21.99 21.95 21.95 21.73 21.73 21.73 21.83 21.73 20.91 21.23 21.75 21.75 21.81 21.97 22.29 22.18 22.17 22.34 22.27 22.30 22.32 22.31 22.39 22.33 22.12 22.08 22.40 22.32 22.34 22.12 22.32 22.43 22.34 22.39 22.38 22.35 22.34 22.43 22.44 22.46 22.45 22.45 22.37 22.35 22.40 22.32 22.33
99999.90 99999.90 99999.90 99999.90 99999.90 99999.90 99999.90 99999.90 99999.90 99999.90 99999.90 99999.90 99999.90 99999.90 99999.90 99999.90 99999.90 99999.90 99999.90 22.13 22.12 21.99 21.99 21.99 21.99 21.99 21.99 21.99 22.08 22.08 21.99 21.99 21.95 21.95 21.84 21.84 21.70 21.63 21.55 21.05 21.66 21.72 22.02 22.16 22.22 22.11 21.97 22.30 22.30 22.31 22.32 22.45 22.46 22.26 22.03 22.23 22.43 22.33 22.35 22.00 22.19 22.44 22.40 22.24 22.33 22.34 22.30 22.37 22.36 22.47 22.42 22.40 22.32 22.39 22.38 22.38 22.28
99999.90 99999.90 99999.90 99999.90 99999.90 99999.90 99999.90 99999.90 99999.90 99999.90 99999.90 99999.90 99999.90 99999.90 99999.90 99999.90 99999.90 99999.90 22.07 22.13 22.12 22.12 22.12 21.99 21.99 21.99 21.99 21.99 21.99 22.08 22.08 21.99 21.99 21.95 21.95 21.47 21.43 21.60 21.48 21.02 21.64 21.91 21.84 22.14 21.87 22.17 22.08 22.16 22.14 22.16 22.22 22.34 22.41 22.11 22.21 22.28 22.44 22.24 22.31 22.07 22.20 22.36 22.44 22.35 22.35 22.36 22.35 22.37 22.33 22.39 22.38 22.37 22.39 22.39 22.43 22.41 22.38
99999.90 99999.90 99999.90 99999.90 99999.90 99999.90 99999.90 99999.90 99999.90 99999.90 99999.90 99999.90 99999.90 99999.90 99999.90 99999.90 99999.90 99999.90 22.07 22.13 22.12 22.12 22.12 22.12 22.12 21.99 21.99 21.99 21.99 21.99 22.08 22.08 21.99 21.99 21.75 21.76 21.57 21.67 21.40 21.11 21.85 22.12 21.79 21.97 21.94 22.15 22.04 22.05 22.00 22.18 22.16 22.27 22.15 21.90 22.23 22.30 22.45 22.43 22.29 22.26 22.38 22.33 22.39 22.40 22.41 22.40 22.34 22.34 22.34 22.25 22.30 22.33 22.36 22.36 22.24 22.40 22.33
