main/data/irradiance/08.03.2023.grid
ncols 839
nrows 679
xllcenter 112.0500
yllcenter -43.9500
cellsize 0.0500
nodata_value 99999.90
[rows 510 to 543 of 679, columns 539 to 615 of 839]
14.83 13.77 13.77 12.61 12.61 13.44 13.63 13.63 13.73 13.60 12.61 12.19 12.00 14.18 14.90 15.19 15.38 14.27 13.21 13.93 14.33 14.58 14.06 13.57 11.73 11.83 13.58 12.54 13.26 12.89 13.50 13.35 13.52 12.59 12.89 13.74 13.95 13.73 13.25 11.78 12.79 12.83 13.07 14.27 15.01 14.91 14.75 15.69 16.55 17.85 17.28 18.02 17.35 16.02 15.18 14.62 15.87 16.78 17.06 16.26 15.48 16.15 15.86 15.96 15.95 16.54 17.08 16.77 15.22 15.05 16.28 17.55 17.54 17.26 17.47 16.98 16.40
14.83 14.83 15.14 14.30 13.44 13.44 13.63 13.63 13.29 12.08 11.76 10.78 10.55 10.55 12.25 13.30 14.31 15.20 13.39 13.11 12.95 13.33 13.68 12.02 11.67 11.63 11.35 11.78 12.71 13.68 13.06 13.96 14.04 13.54 11.59 12.23 13.04 13.26 12.19 12.31 12.39 12.41 11.97 12.91 13.57 14.26 14.92 15.53 16.38 16.92 17.27 16.70 16.03 15.88 16.29 16.06 15.34 16.24 16.72 16.50 15.79 15.25 16.30 15.77 17.23 17.46 17.88 18.42 17.67 17.25 17.23 16.85 16.81 16.63 16.87 18.30 18.49
14.83 14.83 15.14 16.17 15.74 15.74 13.73 13.73 13.11 12.01 10.79 10.28 10.15 9.80 11.00 13.03 13.43 14.66 13.37 14.13 13.07 12.72 12.96 12.60 11.75 11.09 11.02 10.43 11.15 12.10 12.62 13.64 13.85 12.87 12.84 11.53 11.40 11.25 11.46 11.05 12.40 13.28 13.20 13.15 12.98 12.39 12.25 14.26 15.23 15.08 15.23 15.97 15.73 14.80 15.03 15.42 14.94 14.76 15.15 15.07 15.81 15.50 15.87 15.77 17.59 17.94 17.74 18.41 18.60 18.20 16.93 16.72 16.11 16.42 17.50 18.38 18.94
14.83 14.83 16.17 16.17 15.74 15.74 14.68 14.68 13.76 12.44 11.89 11.49 10.68 10.38 10.33 11.86 13.51 13.85 13.72 12.80 13.28 13.18 12.50 13.10 12.86 11.89 10.92 10.63 10.80 10.48 10.36 11.65 12.05 12.80 12.87 13.05 12.49 11.80 11.19 11.60 13.20 13.58 12.79 13.27 12.71 12.62 13.03 13.74 14.24 14.32 15.71 15.59 15.85 16.03 15.74 15.17 15.48 15.14 15.26 15.16 15.84 15.14 16.35 17.45 17.82 17.79 17.53 17.55 17.98 17.90 16.99 16.74 16.82 17.58 17.81 18.22 18.66
14.83 16.17 16.17 16.17 15.74 14.85 14.85 14.75 15.02 13.63 12.41 11.62 11.49 11.36 11.85 12.07 12.15 13.43 12.35 13.06 13.94 14.32 13.90 13.05 12.53 12.67 11.86 11.31 11.38 11.74 11.29 10.88 11.28 12.37 12.15 11.87 12.05 11.74 11.49 12.73 12.82 13.57 13.21 12.57 12.81 13.36 12.75 13.26 13.97 14.80 15.69 15.67 17.09 16.73 17.36 17.08 16.85 16.04 15.96 15.97 16.04 15.21 16.06 16.89 17.34 18.01 18.10 16.41 16.52 16.06 16.10 16.43 17.14 17.79 18.05 18.51 19.14
14.83 16.17 16.17 16.17 14.85 14.85 14.85 14.43 14.26 13.06 13.11 12.85 12.48 10.99 10.77 11.78 11.86 11.57 12.29 13.13 12.47 13.49 14.75 14.62 13.66 13.08 13.07 11.94 12.64 11.97 12.44 12.85 12.44 11.70 12.26 11.40 11.02 10.59 10.31 11.54 11.97 12.64 13.05 12.59 12.10 12.72 12.47 13.26 14.23 14.25 14.29 14.37 15.67 15.99 15.86 16.41 15.87 16.96 16.86 16.29 16.31 15.94 15.59 15.70 15.79 16.20 16.08 15.94 15.41 15.47 16.74 17.03 16.91 17.21 17.63 17.70 18.34
16.17 16.17 16.17 14.85 14.85 14.85 14.43 14.43 14.26 13.28 13.17 12.87 12.34 12.16 11.73 12.58 12.11 10.63 10.69 10.41 10.55 10.71 11.94 13.49 14.91 15.33 13.82 12.34 13.46 11.97 11.94 12.62 12.86 12.21 12.39 12.64 12.32 11.60 11.50 12.54 12.41 11.83 12.59 12.44 12.23 12.92 12.36 12.55 13.21 13.31 14.34 14.07 14.45 15.09 14.49 15.71 16.53 16.04 16.96 16.06 16.19 15.86 16.93 16.12 15.23 16.05 15.90 16.68 17.31 17.44 17.17 17.32 16.70 16.99 17.01 16.78 18.39
16.17 16.17 14.85 14.85 14.85 14.43 14.43 14.43 13.28 13.28 14.14 13.60 12.76 13.13 12.91 12.78 13.68 12.16 11.23 11.30 10.98 11.55 12.83 12.12 11.29 12.21 13.50 13.50 13.68 13.66 13.52 12.74 11.98 11.71 12.19 12.88 13.52 12.15 13.26 13.33 13.24 13.17 13.01 13.62 13.91 13.10 12.44 12.87 13.29 13.09 12.91 13.49 13.64 13.15 14.43 15.09 16.42 16.65 16.64 15.92 15.67 15.98 17.04 16.22 15.73 16.16 16.51 16.59 17.10 17.27 17.30 17.34 17.49 16.55 16.26 15.90 17.84
16.17 16.17 14.85 14.85 14.43 14.43 14.43 13.28 13.28 14.14 14.14 14.65 13.94 13.46 13.22 13.20 13.47 12.94 11.31 10.72 11.23 12.05 13.60 13.27 12.68 12.44 12.01 11.24 12.04 12.73 13.45 13.10 12.68 13.36 13.68 13.45 13.69 13.99 12.49 11.93 12.66 13.42 13.38 13.01 12.86 12.52 12.77 12.44 12.31 12.02 12.38 12.43 12.67 12.97 13.00 12.45 12.93 13.37 14.77 15.40 15.80 16.52 16.08 15.17 14.66 14.80 15.53 16.10 15.66 16.23 16.68 16.51 16.35 16.90 16.51 16.49 17.58
16.17 14.85 14.85 14.43 14.43 14.43 14.43 13.28 14.14 14.14 14.65 14.65 14.06 13.67 12.96 12.61 12.22 13.07 13.31 12.35 12.62 12.85 12.88 12.42 13.11 13.10 12.78 13.42 11.82 11.29 10.55 11.11 12.15 13.09 13.17 13.28 13.51 12.70 13.61 12.71 13.09 12.76 13.30 13.86 13.18 13.18 13.54 13.39 14.23 13.69 13.27 13.02 13.83 14.79 14.84 14.73 15.12 13.37 14.77 14.10 16.35 16.27 15.11 15.33 14.77 14.61 15.45 16.41 15.39 16.30 15.52 14.85 14.94 15.48 16.25 16.36 16.58
14.85 14.85 14.43 14.43 14.43 14.43 13.28 14.14 14.14 14.65 14.65 14.06 14.06 13.64 13.55 12.75 12.29 12.13 13.42 13.54 13.12 12.89 11.38 11.37 11.46 12.87 13.52 13.87 13.86 13.34 13.46 13.78 13.64 14.30 12.90 12.56 11.84 12.75 13.57 12.90 12.97 12.65 12.73 13.61 13.24 13.35 14.16 12.93 13.40 13.63 13.44 14.88 14.76 14.68 15.48 15.16 15.81 15.51 15.51 14.10 14.32 14.93 15.97 15.83 16.31 15.58 15.11 14.09 13.48 15.42 14.96 15.05 14.88 15.26 15.29 15.58 15.46
14.85 14.43 14.43 14.43 14.43 14.43 14.14 14.14 14.65 14.65 14.06 13.60 13.60 13.60 14.22 14.07 13.92 14.03 13.58 13.78 13.50 12.98 13.04 12.25 11.38 12.59 13.59 13.51 13.66 14.31 14.87 14.32 13.91 14.58 14.02 12.69 11.78 12.92 12.43 12.79 13.32 12.56 13.21 12.87 12.96 12.76 11.67 12.35 12.95 14.14 14.10 14.02 14.03 15.30 14.69 14.91 14.81 15.93 15.93 14.80 14.80 14.59 14.32 15.48 15.93 15.75 16.29 16.07 15.04 14.76 15.27 15.21 15.03 14.95 14.84 15.48 15.67
14.43 14.43 14.43 14.43 14.43 14.14 14.14 14.65 14.65 13.60 13.60 13.60 13.60 13.60 13.87 14.54 13.19 13.48 12.47 13.26 13.31 12.23 12.04 12.24 12.12 12.55 13.72 14.90 14.50 13.59 13.38 15.25 15.34 14.80 13.92 13.44 13.59 13.63 14.43 13.60 14.13 13.27 13.41 12.64 12.92 13.81 13.43 12.57 11.96 12.60 12.57 15.06 14.29 14.32 14.05 15.58 14.48 14.92 14.79 14.79 14.44 15.18 14.91 15.46 15.89 15.12 15.74 16.41 15.26 15.35 14.95 14.77 15.03 16.07 14.36 13.59 14.94
14.43 14.43 14.43 14.43 14.14 14.14 14.65 13.60 13.60 13.60 13.60 13.60 14.43 14.43 14.43 14.55 14.49 14.22 13.50 12.93 12.73 12.16 12.43 13.10 11.97 12.45 12.72 13.12 13.09 13.26 12.23 13.00 14.03 14.68 14.93 14.58 14.22 13.38 13.77 13.93 13.96 14.89 14.15 14.15 15.13 14.92 13.26 13.59 13.56 13.79 12.85 13.79 15.51 16.19 15.92 14.90 14.47 14.85 15.68 16.35 16.24 14.95 14.92 15.17 14.86 14.63 14.41 14.20 14.85 14.51 15.30 15.41 15.40 15.08 13.56 12.85 13.88
14.43 14.43 14.43 14.43 14.14 14.65 13.60 13.60 13.60 13.60 14.73 14.73 14.73 14.73 14.73 14.40 14.52 14.16 14.08 13.25 12.42 12.53 13.22 12.87 13.02 12.50 12.35 12.46 12.49 11.98 11.19 11.55 13.08 13.22 14.55 14.36 13.90 14.18 14.66 14.75 13.96 13.58 14.25 14.95 15.18 14.61 14.22 13.85 14.35 14.13 14.42 13.45 14.41 16.69 16.44 14.92 14.34 14.36 15.62 16.32 15.65 16.24 16.64 15.76 16.40 16.45 15.25 14.73 14.97 15.55 14.97 15.41 14.67 14.47 14.50 14.27 14.58
14.43 14.43 14.43 14.14 13.60 13.60 13.60 14.73 14.73 14.73 14.73 14.73 14.73 14.73 14.73 14.43 14.59 14.90 13.75 13.61 12.95 12.19 12.91 12.97 14.27 13.58 13.70 13.48 14.16 13.27 12.35 12.47 11.84 11.88 11.61 12.71 11.80 12.38 13.61 13.99 14.34 15.34 15.20 14.45 14.66 15.37 15.29 14.41 14.85 14.29 14.99 15.34 13.98 14.83 15.36 15.46 15.93 16.80 15.89 15.49 14.63 14.18 14.71 15.66 14.93 14.32 13.34 13.86 13.45 14.81 14.33 14.35 13.94 13.33 13.96 14.91 15.71
13.28 14.14 14.14 13.60 14.73 14.73 14.73 14.73 14.73 14.73 14.73 14.73 14.73 14.73 14.73 14.73 14.83 14.80 15.01 14.23 14.51 14.91 14.61 14.23 13.84 14.57 15.16 14.35 14.02 13.49 13.52 13.17 12.44 12.63 12.50 12.58 12.26 12.60 13.39 13.36 13.96 13.63 14.66 14.97 15.27 14.60 15.99 15.15 14.77 15.48 15.36 15.57 15.16 15.26 14.82 15.36 15.81 16.14 15.06 16.19 15.66 14.30 14.97 13.94 14.56 14.33 15.36 15.20 14.66 13.45 13.59 13.28 13.10 12.97 13.62 14.14 14.29
14.14 14.14 14.65 13.60 14.73 14.73 14.73 14.73 14.73 14.73 14.73 14.67 14.67 14.67 14.67 14.67 15.00 14.93 15.32 15.08 15.68 15.26 15.69 15.63 14.46 13.69 15.47 14.74 13.38 13.76 13.81 14.43 14.01 13.15 13.38 13.52 12.85 13.16 12.41 13.05 13.61 13.53 14.14 15.74 15.17 15.13 14.00 13.53 12.32 12.29 13.91 13.70 14.86 14.90 14.37 13.42 14.37 14.81 15.20 14.54 14.24 14.86 14.05 14.06 15.49 14.75 15.59 14.27 15.12 14.76 13.88 13.19 13.26 14.63 14.30 14.51 14.90
99999.90 14.65 14.65 13.60 14.73 14.73 14.73 14.73 14.67 14.67 14.67 14.67 14.67 14.67 14.67 14.67 16.31 16.19 15.91 15.31 14.06 13.95 14.14 14.63 14.42 14.85 14.44 14.49 13.83 12.83 13.60 13.66 15.57 15.94 15.45 14.19 14.50 13.64 13.64 14.50 14.41 13.13 13.09 13.02 13.49 13.56 13.55 12.80 13.62 13.26 11.88 12.65 13.36 14.73 14.47 14.22 13.71 13.18 15.11 14.20 13.44 15.15 15.76 14.68 14.93 14.57 14.60 14.08 14.60 14.63 15.75 15.62 14.69 14.34 14.55 14.77 13.97
99999.90 99999.90 14.06 13.60 14.73 14.67 14.67 14.67 14.67 14.67 14.67 14.67 14.67 14.67 14.67 16.31 16.31 16.50 15.94 14.92 14.93 14.59 14.33 14.00 14.09 14.03 13.82 13.16 13.46 14.30 14.19 14.00 13.27 15.38 15.30 16.08 15.36 16.23 14.30 14.33 14.72 14.37 14.69 14.12 13.96 14.11 13.77 12.50 11.82 12.50 12.36 11.98 12.73 12.75 13.02 13.49 13.90 13.41 13.89 14.34 12.97 14.04 15.33 15.36 17.12 15.63 15.29 15.77 15.30 14.55 14.75 15.25 15.40 16.31 14.70 15.10 15.04
99999.90 99999.90 99999.90 13.60 14.73 14.67 14.67 14.67 14.67 14.67 14.67 14.67 14.67 14.67 16.31 15.59 15.59 15.59 15.45 15.09 14.23 14.62 14.80 14.03 13.44 13.97 13.31 13.26 11.87 12.81 13.59 12.36 11.06 12.36 14.20 15.45 14.73 14.12 14.37 15.08 13.29 13.66 14.41 14.14 13.75 13.11 12.56 13.22 13.32 13.61 13.32 13.87 14.53 14.15 12.49 12.42 13.24 13.26 12.28 12.36 14.05 14.43 14.98 14.08 14.60 14.77 15.52 15.94 16.31 14.86 15.35 14.62 14.76 15.07 15.49 15.96 16.26
99999.90 99999.90 99999.90 13.60 14.73 14.67 14.67 14.67 14.67 14.67 14.67 14.67 14.67 15.30 15.30 15.30 15.30 15.30 15.18 15.01 13.96 13.87 13.70 13.67 15.32 15.10 13.97 12.63 12.47 12.83 12.64 11.82 12.89 13.50 13.56 12.95 13.84 14.25 13.34 13.72 13.85 14.09 14.40 13.92 13.64 13.41 12.54 12.78 14.08 13.84 13.48 13.28 12.79 12.83 13.52 12.72 14.53 15.57 14.29 13.10 13.05 13.88 15.47 15.33 15.99 15.38 14.88 15.44 15.22 14.52 15.27 15.77 16.08 16.20 16.19 16.08 16.34
99999.90 99999.90 99999.90 99999.90 14.73 14.67 14.67 14.67 14.67 14.67 14.67 15.30 15.30 15.30 15.30 15.30 15.30 15.30 16.01 15.59 14.69 15.35 15.04 14.39 15.38 16.82 15.26 13.95 13.65 14.47 14.02 13.64 13.73 14.02 14.44 14.76 13.83 13.75 14.97 14.03 12.03 13.79 14.69 13.92 14.18 13.87 14.16 14.12 13.22 13.03 16.08 15.38 15.14 14.11 15.57 14.40 15.05 15.20 15.03 14.28 14.52 13.58 14.58 13.71 13.72 14.21 16.11 16.09 15.85 14.24 14.24 16.64 16.81 16.46 16.38 15.67 15.80
99999.90 99999.90 99999.90 99999.90 14.73 17.97 17.97 17.97 17.97 17.97 17.97 15.30 15.30 15.30 15.30 15.30 15.16 15.16 15.16 15.42 15.66 15.74 15.35 15.74 15.67 16.04 14.30 15.44 14.73 14.36 14.46 14.85 14.00 12.78 13.32 15.41 15.00 15.64 15.93 16.45 15.37 13.97 14.11 14.67 14.70 14.57 13.76 15.38 15.91 13.62 14.12 15.07 15.08 15.40 14.83 15.41 15.49 16.18 15.78 15.44 14.55 14.19 14.82 15.30 14.61 13.69 15.00 17.26 16.10 15.07 15.28 17.51 18.13 18.17 17.92 17.59 17.22
99999.90 99999.90 99999.90 99999.90 14.73 17.97 17.97 17.97 17.97 17.97 17.97 17.97 17.97 17.97 15.14 15.14 15.14 15.14 15.14 15.59 16.12 16.48 15.85 15.23 15.36 14.59 15.27 13.60 14.19 13.62 14.63 13.25 14.64 14.74 13.94 12.85 15.11 14.91 15.73 15.93 16.38 16.13 17.19 16.78 15.21 15.16 13.31 13.84 14.91 14.10 14.07 14.25 14.34 13.81 13.75 16.02 15.62 15.34 15.83 15.94 14.71 15.06 14.24 13.87 14.18 15.66 16.20 16.28 16.65 14.87 15.04 16.10 17.95 18.29 17.76 17.61 18.10
99999.90 99999.90 99999.90 99999.90 99999.90 17.97 17.97 17.97 17.97 17.97 17.97 17.97 17.97 17.97 17.97 14.55 15.91 15.91 15.91 16.02 15.03 14.88 13.71 13.85 15.12 15.07 15.78 16.41 15.87 14.92 15.21 16.28 15.81 15.56 13.97 14.84 16.58 15.64 15.45 14.77 14.50 15.50 15.07 16.69 16.84 16.00 13.97 14.33 15.97 15.38 14.47 14.07 13.88 13.75 13.12 13.37 13.85 14.34 14.17 15.71 15.60 15.11 14.15 14.70 15.25 15.09 14.81 15.54 16.34 16.78 15.10 14.48 15.12 14.82 16.39 15.46 17.18
99999.90 99999.90 99999.90 99999.90 99999.90 17.97 17.97 17.97 17.97 17.97 17.97 17.97 17.97 17.97 17.97 17.97 14.55 15.39 15.39 16.19 16.02 14.91 15.33 14.01 15.85 15.94 15.53 15.72 15.98 16.45 15.99 17.08 14.86 14.73 14.36 13.82 14.10 14.66 15.50 15.94 13.74 13.41 14.55 15.51 16.85 17.30 16.37 14.09 14.11 16.40 15.41 13.69 13.05 13.57 13.81 13.46 14.00 16.26 15.27 15.48 16.79 15.82 16.69 16.01 15.72 15.92 14.81 14.54 14.37 13.78 14.96 14.73 16.18 16.26 16.23 16.51 16.56
99999.90 99999.90 99999.90 99999.90 99999.90 17.97 17.97 17.97 17.97 17.97 17.97 17.97 17.97 17.97 17.97 17.97 14.55 14.55 14.42 14.33 15.37 16.15 16.38 15.21 14.90 15.23 15.74 15.67 15.35 15.97 15.41 13.85 14.75 13.98 15.72 14.53 14.49 14.52 14.77 14.22 12.58 12.33 12.95 14.11 15.11 15.39 15.48 14.78 15.22 15.52 15.05 14.90 14.23 14.34 14.61 15.40 14.84 15.37 13.96 15.55 14.88 14.71 15.02 14.92 15.30 15.37 15.10 14.41 15.33 14.63 15.56 15.03 14.71 15.83 15.24 16.39 17.00
99999.90 99999.90 99999.90 99999.90 99999.90 17.97 17.97 17.97 17.97 17.97 17.97 17.97 17.97 17.97 17.97 17.97 16.19 14.55 14.83 14.22 15.43 14.78 14.78 14.14 13.71 13.69 13.78 13.42 13.35 12.88 14.25 12.56 13.77 15.05 15.91 15.84 14.84 14.53 13.36 14.51 14.05 13.31 13.34 14.07 14.59 14.76 13.89 12.99 14.20 15.14 14.85 15.71 15.17 16.00 15.97 16.08 15.89 15.39 16.17 16.79 16.77 16.31 15.87 16.78 16.99 16.19 15.00 13.47 12.77 14.61 14.93 16.80 15.85 16.12 16.22 16.15 16.94
99999.90 99999.90 99999.90 99999.90 99999.90 16.34 16.34 16.34 16.34 16.34 16.34 16.34 16.34 16.34 16.34 16.34 15.25 13.91 12.92 13.50 15.39 16.27 14.79 14.18 13.88 11.93 13.30 12.28 11.56 12.69 13.57 13.27 14.07 14.28 15.12 16.12 15.38 16.10 16.87 16.37 15.31 13.62 13.24 13.21 14.63 15.13 15.55 13.60 13.97 12.72 14.33 14.35 15.10 16.90 17.29 16.27 16.22 15.79 15.73 15.58 16.28 16.70 17.41 16.24 15.89 14.94 13.56 14.39 13.10 14.44 15.63 15.47 16.34 15.84 17.69 17.48 18.11
99999.90 99999.90 99999.90 99999.90 99999.90 14.55 14.55 14.55 14.55 14.55 14.55 14.55 14.55 14.55 14.55 14.55 14.75 13.42 13.32 13.73 14.47 15.22 15.55 14.66 13.32 12.89 13.11 13.79 11.83 12.12 11.96 11.38 13.53 15.87 16.88 16.07 15.00 13.74 14.60 13.20 14.50 15.50 16.06 15.30 14.77 14.39 14.67 14.27 14.19 14.25 14.75 15.44 15.85 14.88 16.14 16.06 15.14 14.74 15.40 16.53 15.66 15.49 15.83 15.15 15.82 15.60 13.84 13.01 12.37 14.32 14.60 12.92 13.93 14.25 17.98 17.84 17.61
99999.90 99999.90 99999.90 99999.90 99999.90 14.55 14.55 14.55 14.55 14.55 14.55 14.55 14.55 14.55 14.55 14.55 14.26 14.33 14.29 14.94 14.90 13.41 12.87 15.13 13.88 15.09 14.38 15.27 14.35 13.85 13.26 12.81 13.38 14.62 13.87 13.52 13.78 14.35 15.31 14.62 14.51 15.03 14.66 14.10 13.86 14.66 14.22 14.93 15.52 15.26 14.61 15.88 16.82 15.60 14.82 15.38 14.86 15.04 15.70 14.33 15.99 16.25 16.12 16.49 14.97 15.24 14.33 13.74 13.76 15.69 15.59 14.13 12.62 15.97 16.90 18.09 17.12
99999.90 99999.90 99999.90 99999.90 99999.90 14.55 14.55 14.55 14.55 14.55 14.55 14.55 14.55 14.55 14.26 14.26 14.26 15.57 14.42 13.74 13.68 14.65 15.68 15.60 15.62 14.37 13.47 15.10 15.08 15.78 14.18 14.76 14.83 13.57 14.87 14.69 15.01 15.11 15.43 15.33 14.80 14.65 14.04 12.92 12.88 13.41 15.03 15.31 15.27 16.00 15.74 15.56 16.25 16.17 14.40 15.40 14.76 15.22 13.87 15.98 15.12 13.94 14.13 14.21 14.67 14.29 13.34 13.64 14.22 15.50 16.91 16.42 14.81 16.11 17.72 16.87 17.46
99999.90 99999.90 99999.90 99999.90 99999.90 14.55 14.55 14.55 14.55 14.55 14.55 14.55 15.97 15.97 15.97 15.97 15.97 15.85 14.42 12.79 14.37 15.32 14.95 14.33 14.35 15.97 15.77 16.09 15.48 14.70 14.12 15.46 13.73 14.46 14.19 15.27 16.45 15.23 15.46 16.38 16.62 15.61 15.04 15.73 15.09 15.54 17.27 16.11 16.02 16.08 17.01 16.68 16.45 16.36 15.39 16.08 15.99 15.79 15.72 15.21 15.78 13.67 13.68 12.14 13.48 15.22 15.88 13.49 14.71 15.23 16.23 14.34 13.18 14.61 17.83 16.19 17.20
