main/data/irradiance/08.03.2023.grid
ncols 839
nrows 679
xllcenter 112.0500
yllcenter -43.9500
cellsize 0.0500
nodata_value 99999.90
[rows 204 to 237 of 679, columns 385 to 461 of 839]
24.69 25.94 25.32 24.81 25.40 24.81 24.52 25.31 25.86 26.26 26.22 25.49 26.21 26.18 26.21 26.33 26.64 26.45 26.09 26.61 26.31 26.07 26.39 26.40 26.36 26.32 26.16 26.06 25.75 25.31 24.21 22.95 23.72 24.47 24.89 24.18 24.22 25.31 25.99 26.14 26.12 26.15 25.94 25.91 25.91 25.97 26.19 26.15 26.06 26.07 25.80 25.79 25.86 25.75 25.57 25.65 25.54 25.48 25.50 25.53 25.40 25.39 25.30 25.11 25.00 25.32 25.22 25.36 25.25 24.96 25.33 25.03 25.18 24.19 23.93 24.26 24.60
25.37 25.85 25.65 25.17 25.36 24.82 23.68 24.81 25.58 26.22 26.33 26.58 26.42 26.36 26.24 26.37 26.54 26.51 26.11 26.20 26.45 26.16 26.43 26.24 26.18 26.19 25.97 25.95 25.71 25.51 23.80 22.34 23.39 24.59 24.73 24.84 24.44 25.29 26.15 26.18 26.29 26.16 25.94 25.78 25.86 25.90 25.95 25.97 26.11 26.10 25.80 25.80 25.74 25.52 25.55 25.44 25.41 25.41 25.55 25.51 25.29 25.27 25.29 25.13 25.28 25.56 25.10 24.94 24.96 24.77 24.83 25.00 25.03 23.37 23.52 23.93 24.66
25.35 25.67 25.41 25.68 25.35 24.24 24.25 24.94 25.53 25.96 26.41 26.47 26.53 26.53 26.45 26.46 26.50 26.46 26.41 26.50 26.56 26.30 26.47 26.29 26.22 26.24 26.03 25.79 25.66 25.38 23.84 23.46 23.69 24.16 24.49 24.57 24.75 25.73 25.91 26.02 26.12 26.03 25.98 25.99 26.03 26.00 25.88 26.14 26.22 26.17 25.99 25.92 25.74 25.47 25.45 25.45 25.31 25.07 25.40 25.39 25.19 25.22 25.37 25.13 25.03 25.16 24.76 24.75 24.79 24.66 24.74 24.95 24.68 23.78 23.79 24.60 25.36
24.53 25.22 25.65 25.85 25.34 25.10 24.51 24.98 24.97 25.19 25.85 26.12 26.39 26.22 26.27 26.40 26.51 26.58 26.48 26.47 26.41 26.46 26.45 26.05 26.00 25.89 25.85 25.83 25.77 25.32 24.66 24.60 24.04 23.63 23.76 24.58 25.04 25.72 26.04 25.98 25.91 25.98 25.94 26.11 26.12 26.01 26.08 26.08 26.01 25.98 25.94 25.85 25.67 25.38 25.52 25.53 25.33 25.29 25.32 25.46 25.32 25.11 25.24 25.31 24.79 24.99 24.90 24.43 24.28 24.61 24.57 24.31 24.24 24.06 24.41 25.35 25.30
24.25 25.62 25.68 25.89 25.41 25.39 24.91 24.97 24.94 24.55 24.87 25.28 25.77 26.26 26.39 26.45 26.62 26.63 26.51 26.42 26.33 26.53 26.62 26.16 25.91 25.77 25.63 26.00 25.77 25.26 25.54 24.73 23.93 23.77 24.26 25.15 25.44 25.45 25.84 26.02 25.99 25.87 25.90 26.02 26.19 25.91 26.02 26.06 26.14 26.00 26.12 25.91 25.61 25.37 25.51 25.44 25.21 25.21 25.45 25.52 25.58 25.28 24.93 24.91 24.58 24.78 24.86 24.69 24.55 24.19 23.86 24.17 24.64 24.97 25.65 25.91 25.30
24.78 25.74 25.74 25.57 25.41 25.01 25.44 25.67 25.47 25.71 25.75 25.85 25.00 25.89 26.34 26.31 26.39 26.52 26.52 26.41 26.29 26.44 26.43 26.09 25.91 25.84 25.73 26.03 25.72 25.47 25.66 25.52 24.20 23.53 24.43 25.21 25.45 25.33 25.58 25.94 26.06 25.84 26.15 26.02 26.10 25.84 26.00 26.09 26.08 26.02 26.12 25.98 25.60 25.40 25.53 25.50 25.13 25.32 25.57 25.48 25.57 25.16 24.47 24.44 24.71 24.76 25.11 24.72 24.29 23.74 23.90 24.72 25.31 25.45 25.80 25.51 24.42
25.51 25.44 24.80 25.01 25.39 25.61 25.30 25.40 25.91 26.15 26.19 26.20 26.05 25.72 25.82 26.32 25.94 25.98 26.34 26.37 26.29 26.24 26.37 26.11 25.87 25.82 26.05 25.96 25.34 25.55 25.66 25.11 24.54 23.88 24.11 24.87 25.65 25.42 25.50 25.86 26.12 25.81 25.93 26.01 25.99 25.86 25.94 26.05 25.85 25.93 26.03 25.91 25.65 25.50 25.61 25.41 25.26 25.22 25.46 25.27 25.20 24.84 24.45 24.34 24.68 24.96 24.66 24.38 24.64 24.39 24.69 24.97 25.35 25.33 25.18 25.33 24.72
24.99 24.92 23.67 25.12 25.33 25.53 25.52 25.41 25.72 26.11 26.21 26.10 25.88 25.49 26.07 25.68 25.70 26.02 26.23 26.13 25.95 26.03 26.04 25.95 25.82 25.68 25.76 25.85 25.60 25.49 25.24 25.07 24.71 24.16 24.32 24.69 25.38 25.57 25.62 25.85 26.13 25.95 25.89 26.02 26.06 25.90 25.83 25.87 26.05 26.06 26.10 26.10 25.89 25.76 25.61 25.48 25.35 25.15 25.38 25.42 25.03 24.84 24.68 24.38 24.56 24.66 24.57 24.87 24.86 24.69 25.09 25.32 24.98 24.67 24.99 25.46 24.87
24.32 24.64 24.18 25.25 24.65 25.42 25.71 25.71 25.70 26.14 25.84 26.09 26.16 26.03 26.17 26.20 26.18 26.09 26.05 25.83 25.70 25.61 25.72 25.77 25.61 25.55 25.46 25.48 25.99 25.39 25.12 25.53 25.19 24.48 24.41 25.02 25.54 25.49 25.63 25.72 26.01 26.09 25.85 25.96 26.00 25.95 25.91 26.05 26.13 26.12 26.15 26.16 25.96 25.56 25.44 25.37 25.42 25.32 25.24 25.24 24.86 24.76 24.48 24.30 24.33 24.28 24.41 24.99 24.85 24.80 25.33 25.28 25.02 24.70 24.70 24.82 24.68
24.29 25.08 25.08 25.51 24.32 24.81 25.32 25.62 25.85 26.10 26.09 26.08 26.23 26.23 26.26 26.02 25.98 25.96 25.86 25.67 25.53 25.42 25.61 25.50 25.39 25.51 25.27 25.43 25.52 25.12 25.05 25.66 25.54 24.96 24.62 25.21 25.43 25.44 25.60 25.74 25.95 26.05 25.99 25.83 25.76 25.90 26.06 26.00 26.11 26.10 26.10 26.04 26.03 25.39 25.38 25.23 24.93 25.13 24.94 25.01 24.58 24.20 24.30 24.60 24.32 24.34 24.54 24.70 24.64 25.27 25.45 24.92 24.52 24.14 24.65 24.32 24.50
25.20 25.79 25.35 25.58 25.19 24.87 24.87 25.46 25.13 25.88 26.12 26.12 26.18 26.10 26.20 26.04 25.84 25.66 25.73 25.65 25.69 25.74 25.57 25.44 25.43 25.55 25.25 25.57 24.90 24.83 25.03 25.36 25.18 24.81 24.65 25.07 25.20 25.43 25.56 25.53 25.71 25.98 26.13 25.88 25.70 25.91 26.08 26.25 26.23 26.13 26.12 26.09 25.89 25.54 25.37 25.07 25.17 24.92 24.81 24.86 24.49 24.23 24.23 24.40 24.36 24.47 24.80 24.73 24.98 25.15 25.02 25.21 24.72 24.34 24.65 23.74 24.43
24.87 25.43 25.64 25.62 25.18 25.03 25.56 25.16 25.46 25.55 25.87 25.87 25.72 25.90 25.94 25.74 25.57 25.65 25.76 25.76 25.78 25.77 25.61 25.20 25.10 25.48 25.41 25.30 24.59 24.68 25.11 25.25 24.92 24.67 24.77 25.19 25.35 25.34 25.47 25.73 25.64 25.84 25.83 25.72 25.72 26.04 26.28 26.38 26.31 26.11 26.19 26.08 25.66 25.42 25.29 25.17 25.42 25.08 24.84 24.74 24.56 24.30 24.43 24.72 24.74 24.55 24.77 24.73 24.57 24.68 25.12 25.36 24.73 24.68 24.49 24.12 24.56
24.19 25.27 25.47 25.35 25.52 26.08 25.34 25.81 25.98 25.95 25.78 26.11 25.96 25.93 26.05 25.76 25.58 25.65 25.69 25.71 25.65 25.59 25.46 25.32 24.85 25.29 25.51 25.15 24.56 24.51 25.03 25.28 24.69 24.44 25.02 25.22 25.37 24.92 25.02 25.82 25.89 25.77 25.84 25.82 25.85 26.23 26.26 26.02 26.17 26.19 26.00 25.88 25.64 25.27 25.11 25.40 25.31 24.88 24.73 24.76 24.70 24.35 24.41 24.86 25.04 24.81 24.77 24.75 24.56 24.77 25.51 24.94 24.50 25.07 24.49 24.14 24.55
24.96 24.30 24.92 24.97 25.70 26.03 25.72 25.78 25.23 25.59 25.92 26.11 25.63 25.88 25.97 26.00 25.86 25.54 25.34 25.52 25.51 25.48 25.42 25.36 25.03 25.18 25.14 24.96 24.52 24.79 25.05 24.55 24.74 24.61 25.14 25.22 25.36 24.83 24.88 25.63 25.78 25.60 25.88 26.04 26.17 26.07 25.77 25.65 25.94 26.04 26.01 25.39 25.46 25.11 24.87 25.16 25.08 24.81 24.77 24.99 24.81 24.18 24.18 24.44 24.68 24.92 24.94 24.65 24.62 24.66 25.00 24.69 24.54 24.53 24.48 24.56 25.10
24.89 24.28 23.92 24.58 24.64 25.04 25.86 25.89 25.92 25.80 25.92 26.02 26.03 25.91 25.89 25.89 25.86 25.58 25.49 25.31 25.58 25.40 25.39 25.52 25.38 25.12 25.10 24.56 24.52 24.59 24.35 24.50 24.88 24.88 25.12 25.27 25.30 24.84 25.08 25.69 25.88 25.68 25.98 26.17 25.87 25.56 25.35 25.66 25.86 26.04 25.68 25.22 25.32 24.39 24.67 24.93 24.87 24.74 24.63 24.93 24.83 24.41 23.90 23.86 24.27 24.80 25.03 24.79 24.63 24.84 24.99 24.25 23.80 24.27 24.40 24.31 26.00
25.38 24.88 24.41 24.63 23.79 25.07 25.51 25.52 25.98 26.00 26.08 26.12 25.77 25.90 26.01 25.92 25.92 25.79 25.83 25.73 25.71 25.56 25.47 25.40 25.51 25.32 24.84 24.68 24.46 23.73 23.94 24.34 24.80 25.15 24.96 24.86 24.87 24.46 25.22 25.40 25.55 25.82 25.89 26.07 25.52 25.40 25.55 25.75 25.97 25.84 25.09 24.97 24.36 24.20 24.73 24.93 24.84 24.69 24.71 24.71 24.75 24.41 24.24 24.36 24.57 24.83 24.45 24.33 24.32 25.00 24.70 23.47 23.63 24.11 24.28 25.35 26.05
25.01 25.00 24.41 24.83 25.24 25.10 25.38 25.75 25.78 25.87 26.15 25.94 25.91 25.80 25.67 25.63 25.88 25.91 25.81 25.76 25.58 25.03 25.35 25.37 25.36 25.04 24.68 24.54 24.38 24.20 24.06 24.49 24.63 24.98 24.92 24.64 24.66 24.51 25.07 25.17 25.53 25.88 25.93 25.81 25.64 25.55 25.68 25.93 25.91 25.13 24.56 24.37 24.14 24.50 24.81 24.82 24.91 24.83 24.93 24.77 24.72 24.52 24.23 24.32 24.40 24.37 24.10 24.21 24.27 24.76 24.45 23.59 23.33 24.04 24.51 25.76 25.89
24.55 24.99 25.10 25.00 24.70 25.10 25.13 25.39 25.28 25.57 25.98 25.99 25.91 25.81 25.70 25.21 25.72 25.75 25.67 25.65 25.49 25.19 24.58 25.18 25.05 24.90 24.79 24.63 24.15 24.21 24.35 24.44 24.62 24.86 25.17 24.37 24.59 24.46 24.60 25.31 25.40 25.96 25.96 25.78 25.58 25.74 25.76 26.01 25.36 24.65 24.13 23.76 23.91 24.27 24.61 24.72 24.77 25.06 24.93 24.81 24.69 24.80 24.32 24.33 24.44 24.20 24.03 24.21 24.20 24.47 24.33 23.93 24.26 24.65 24.98 25.62 25.66
25.13 24.99 25.28 25.26 24.98 25.20 25.51 24.80 25.05 25.64 25.40 25.35 25.79 25.76 25.84 25.51 25.50 25.27 25.61 25.67 25.55 25.53 24.84 24.93 25.02 24.92 24.91 24.80 24.16 24.28 24.12 24.48 24.75 24.73 24.42 24.16 24.37 24.75 25.14 25.43 25.75 26.10 26.04 25.56 25.56 25.84 25.88 25.73 25.24 24.38 23.72 23.83 24.22 24.29 24.37 24.87 24.85 25.10 25.07 24.85 24.64 24.48 24.15 24.43 24.80 24.84 24.47 24.35 24.36 24.29 24.15 24.26 24.43 24.63 25.34 25.50 25.72
25.09 24.15 25.00 25.33 25.38 25.56 25.96 25.79 25.84 25.56 25.48 25.41 25.48 25.66 25.67 25.65 25.00 25.52 25.52 25.74 25.60 25.47 24.97 25.31 24.84 25.12 24.81 24.26 24.11 24.03 24.24 24.31 24.57 24.83 24.38 24.44 24.27 24.43 25.09 25.64 26.02 25.94 25.83 25.41 25.44 25.89 25.69 25.63 25.15 24.41 23.63 23.64 24.60 24.56 24.53 24.62 24.80 24.85 24.85 24.86 24.44 24.16 24.09 24.33 24.78 24.76 24.19 24.32 24.26 24.18 23.87 23.98 24.27 24.59 25.12 25.62 25.78
25.39 25.15 25.21 25.59 25.79 25.71 25.85 25.54 25.49 25.67 25.79 25.36 25.37 25.41 25.54 25.60 24.92 25.68 25.38 25.68 25.58 25.07 24.71 25.01 24.53 24.58 24.54 24.27 24.44 23.98 24.29 24.40 24.55 24.60 24.28 24.37 23.81 24.01 24.87 25.31 25.54 25.81 25.70 25.60 25.75 25.59 25.43 25.44 24.98 24.33 23.81 23.57 24.12 24.43 24.41 24.35 24.65 24.78 24.75 24.43 24.37 24.37 24.09 24.15 24.72 24.60 23.79 23.85 24.08 24.07 23.68 23.90 24.05 24.53 25.14 25.63 25.83
25.56 25.47 25.48 25.42 25.63 25.33 25.92 25.87 25.95 25.83 25.62 25.39 25.85 25.93 25.90 25.72 25.51 25.62 25.67 25.58 25.55 25.17 25.01 25.15 24.64 24.92 24.67 24.51 24.42 24.14 24.35 24.42 24.45 24.33 23.89 24.44 23.99 24.26 25.09 25.55 25.67 25.78 25.50 25.70 25.87 25.50 25.12 25.22 24.80 23.72 23.25 23.25 23.52 24.41 24.26 24.03 24.40 24.69 24.83 24.28 24.20 24.31 24.38 24.18 24.79 24.77 23.66 23.69 23.75 23.80 23.64 23.78 24.23 24.78 25.36 25.42 25.17
25.56 25.54 25.57 25.69 24.96 25.59 25.77 25.54 25.82 25.64 25.66 25.60 25.90 25.72 25.68 25.32 25.24 25.14 25.60 25.45 25.66 25.11 25.07 25.13 25.05 25.15 24.72 24.31 24.45 24.48 24.09 24.33 24.32 24.02 24.16 24.52 24.13 24.26 24.79 25.62 25.92 25.41 25.30 25.43 25.54 25.48 25.23 25.03 24.32 23.41 23.20 23.04 23.77 24.13 24.18 23.82 24.15 24.53 24.63 24.60 24.15 24.17 24.56 24.60 24.92 24.74 23.87 23.73 23.61 23.42 23.60 24.06 24.68 25.43 25.62 25.22 24.96
25.74 25.32 24.93 25.79 25.76 25.74 25.70 25.63 25.72 25.92 25.13 25.95 25.85 25.81 25.74 25.51 25.41 24.99 25.34 25.49 25.58 25.13 25.31 25.22 25.19 25.11 24.79 24.68 24.40 24.13 24.24 23.91 24.06 23.94 24.03 24.19 24.44 24.40 24.77 25.09 25.28 25.32 25.37 25.28 25.40 25.24 24.95 24.81 23.55 23.13 23.52 23.30 23.17 23.62 24.09 23.69 23.91 24.11 24.48 24.56 23.89 23.84 24.45 24.65 24.84 24.17 23.78 23.64 23.41 23.71 24.06 24.50 25.39 25.64 25.42 24.97 25.02
25.80 25.59 25.71 25.68 25.83 25.73 25.72 25.91 25.81 25.78 25.59 25.92 25.55 25.85 25.78 25.64 25.27 25.32 25.51 25.48 25.41 25.44 25.43 25.01 25.23 25.15 25.02 24.82 24.58 24.21 24.26 24.18 24.02 24.19 24.06 24.28 24.38 24.20 24.41 24.70 24.92 24.97 25.39 25.27 25.28 25.19 24.60 24.18 23.57 23.07 23.31 23.26 22.74 23.16 23.76 23.58 23.44 23.88 24.39 24.42 24.21 24.36 24.48 24.64 24.33 23.85 23.90 23.91 23.40 23.76 23.93 24.48 25.32 25.40 25.31 25.31 25.26
25.52 25.30 25.82 25.53 25.55 25.79 25.72 25.88 25.93 25.86 25.83 25.97 25.95 25.85 25.78 25.77 25.53 25.56 25.65 25.56 25.62 25.65 25.42 25.32 25.10 25.10 24.66 24.69 24.73 24.62 24.46 24.40 24.41 24.13 24.13 24.10 24.33 24.47 24.29 24.48 24.86 25.19 25.18 24.99 25.09 24.90 24.45 23.78 23.37 23.40 23.26 23.05 22.33 22.69 23.19 23.51 23.46 23.49 24.00 24.33 24.59 24.79 24.38 24.47 23.91 23.71 24.05 24.05 23.44 23.76 23.61 24.34 25.09 25.18 25.33 25.21 25.28
25.70 25.33 25.50 25.71 25.63 26.06 26.00 26.05 25.94 26.06 25.98 26.07 26.05 26.00 25.82 25.86 25.81 25.70 25.77 25.76 25.61 25.75 25.40 25.58 25.36 25.02 24.64 24.49 24.57 25.03 24.87 24.75 24.51 23.92 24.35 24.16 24.16 24.62 24.34 24.58 25.26 25.17 24.87 24.64 24.79 24.64 24.18 23.58 23.48 23.45 23.10 22.92 22.79 23.16 23.18 23.36 23.89 23.84 23.94 24.22 24.81 24.55 24.35 24.42 24.40 24.31 24.40 23.67 23.84 23.45 23.77 23.95 24.59 24.81 24.87 25.02 25.08
25.70 25.91 25.72 25.88 26.02 26.01 25.98 26.14 25.95 25.91 26.06 26.11 26.09 26.03 26.01 25.95 26.00 25.69 25.79 25.68 25.60 25.71 25.71 25.66 25.49 25.09 24.69 24.43 24.79 24.98 24.84 24.85 24.48 23.94 24.14 24.10 24.53 24.63 24.38 24.68 24.96 25.26 25.18 24.57 24.59 24.63 24.19 23.85 23.68 23.11 23.13 22.95 23.27 23.36 23.75 23.42 23.48 23.76 24.02 23.95 24.77 24.54 24.51 24.54 24.59 24.73 24.57 23.79 23.62 23.54 23.95 23.93 24.62 24.60 24.59 24.70 24.74
25.86 26.10 25.93 25.93 26.11 26.15 26.08 26.09 25.97 26.01 25.88 26.08 25.94 26.05 26.15 26.01 25.91 25.75 25.80 25.82 25.74 25.58 25.77 25.92 25.67 25.52 25.20 24.51 24.64 25.28 25.08 24.84 24.41 24.15 24.15 24.18 24.58 24.29 24.63 24.37 24.37 24.59 24.92 24.59 24.63 24.75 24.19 23.93 23.69 23.31 23.25 23.35 23.44 23.17 23.82 23.85 23.43 23.45 24.00 24.03 24.48 24.89 24.50 24.54 24.67 24.53 24.02 23.61 23.07 23.48 23.82 24.23 24.44 24.22 24.64 24.84 24.63
26.04 25.95 25.98 26.05 26.06 26.03 26.04 26.04 26.02 26.02 25.90 25.99 26.01 26.01 26.04 25.90 25.93 25.79 25.94 25.88 25.77 25.52 25.73 25.77 25.64 25.56 25.37 24.76 24.68 25.10 25.20 24.89 24.53 24.13 24.27 24.28 24.45 24.66 24.46 24.67 24.72 24.96 25.11 24.85 24.96 24.83 24.49 24.03 23.67 23.36 23.36 23.81 23.66 23.33 23.33 23.52 23.31 23.42 23.71 24.01 24.50 24.73 24.86 24.85 24.42 24.14 23.72 23.50 23.37 23.81 23.94 24.00 24.10 24.39 24.94 25.08 24.92
25.93 25.75 25.96 26.00 25.98 25.99 26.04 26.03 26.01 26.07 26.03 25.96 25.98 25.85 25.78 25.90 25.98 26.02 26.07 25.89 25.72 25.71 25.81 25.85 25.67 25.57 25.35 24.85 24.93 24.83 24.91 25.04 24.68 24.21 24.46 24.04 24.17 24.77 24.80 24.90 25.05 25.21 25.32 25.02 24.92 24.78 24.64 23.99 23.75 23.44 23.78 23.69 23.74 23.44 23.00 23.09 23.49 23.92 23.77 23.26 23.81 24.38 24.65 24.26 24.30 23.74 23.76 24.19 23.55 23.37 23.70 23.96 24.21 24.55 24.89 24.52 24.32
26.05 25.95 25.67 25.98 25.93 26.08 26.11 26.08 26.10 26.11 26.00 25.98 26.03 25.91 25.67 25.91 26.12 26.08 26.11 25.98 25.79 25.83 25.95 25.70 25.70 25.49 25.35 25.01 24.71 24.99 25.00 25.31 24.57 24.42 24.43 24.17 24.12 24.50 24.93 25.12 25.30 25.37 25.34 25.18 25.13 24.92 24.48 24.19 24.05 23.91 23.80 23.56 23.37 23.41 22.94 22.81 23.25 24.08 23.97 23.10 23.13 23.65 23.95 24.11 24.18 24.32 24.01 24.06 23.81 23.40 23.72 24.42 24.38 24.54 24.61 24.17 24.13
26.06 26.05 25.61 25.77 26.12 26.08 26.10 26.10 26.14 26.10 26.08 26.11 26.06 25.94 25.81 25.83 25.95 26.07 26.09 25.92 25.88 25.80 25.84 25.74 25.36 25.14 24.94 25.10 24.90 24.85 24.87 24.85 24.69 24.54 24.58 24.34 24.48 24.68 24.87 25.20 25.16 24.95 25.17 25.09 25.27 24.98 24.48 24.56 24.79 24.33 24.08 23.79 23.29 23.23 23.47 23.50 23.63 23.82 23.97 23.33 23.25 23.21 23.90 23.75 24.41 24.90 24.30 23.62 23.73 23.60 23.26 23.66 24.17 24.17 23.56 23.58 23.95
25.99 25.87 25.71 25.66 26.04 25.93 26.04 26.10 26.10 26.06 26.02 26.13 26.15 25.95 25.78 25.82 25.88 25.96 25.97 25.78 25.81 25.77 25.70 25.62 25.41 25.30 25.04 24.91 24.86 24.95 25.07 24.92 24.95 25.05 24.91 24.52 24.53 24.73 24.70 24.82 24.88 24.94 25.18 25.21 25.15 24.87 24.78 24.90 24.98 24.63 24.29 23.98 23.48 23.26 23.45 23.58 23.39 23.46 23.46 23.41 23.57 23.77 23.97 24.26 24.41 24.68 23.93 23.76 24.07 24.09 23.61 23.31 23.74 23.65 23.37 23.38 23.71
