main/data/irradiance/08.12.2023.grid
ncols 839
nrows 679
xllcenter 112.0500
yllcenter -43.9500
cellsize 0.0500
nodata_value 99999.90
[rows 340 to 373 of 679, columns 231 to 307 of 839]
28.89 28.35 28.41 27.14 25.05 21.97 24.06 21.47 19.49 17.60 19.19 20.07 19.84 20.42 21.05 20.13 20.08 21.54 21.31 20.94 18.85 19.99 19.82 20.31 19.97 16.94 18.06 15.54 16.71 17.77 17.51 14.25 14.36 13.57 16.78 16.37 14.63 13.91 11.03 11.56 9.71 8.08 7.82 6.14 5.82 7.47 10.71 10.92 9.77 10.36 9.93 9.17 9.02 9.36 9.41 9.56 9.97 8.57 9.28 8.73 9.54 10.54 11.99 10.94 9.76 11.14 13.13 13.33 12.93 12.81 13.52 14.75 14.24 15.66 16.61 16.33 14.10
29.27 28.78 27.90 27.59 27.68 25.28 24.28 21.59 19.70 18.96 21.69 20.18 19.84 17.78 20.83 20.77 20.26 18.66 19.02 19.36 18.88 20.03 20.46 20.69 18.62 17.88 17.09 15.32 14.97 16.51 16.64 15.91 15.53 17.80 18.45 16.65 13.46 11.48 9.32 9.27 8.57 11.12 9.85 7.91 7.09 8.15 10.54 10.95 11.05 10.28 9.56 9.21 8.67 9.98 9.91 9.30 8.73 7.72 9.69 8.13 8.82 10.33 10.55 11.33 10.55 10.08 10.44 10.16 10.98 12.68 13.11 14.13 14.00 16.22 16.74 16.26 15.26
28.72 29.09 27.84 27.85 28.94 26.26 26.41 23.83 21.18 21.22 21.33 19.78 19.10 16.01 19.63 20.73 19.98 19.27 21.15 18.03 17.47 19.14 19.38 19.25 17.22 18.28 17.82 16.85 14.45 15.36 14.51 16.40 17.29 17.90 18.98 16.45 14.11 12.27 11.83 11.52 11.01 11.38 11.01 10.79 9.40 10.86 10.89 11.46 9.99 9.36 9.69 9.25 9.16 9.93 10.62 10.08 9.86 10.06 10.05 9.45 8.59 10.01 10.49 11.16 11.18 9.96 10.24 9.02 10.70 12.34 13.46 14.50 15.35 15.41 16.17 15.87 15.10
29.63 28.99 29.32 29.82 29.44 28.61 29.70 26.87 24.60 22.27 21.07 19.24 19.65 17.53 19.74 17.63 17.58 20.13 19.44 17.93 16.93 19.86 19.19 17.92 18.90 18.60 18.36 15.24 14.31 16.71 17.41 17.42 16.79 16.96 17.83 13.92 14.39 12.75 12.59 12.46 12.58 11.45 12.54 12.47 12.05 13.11 12.17 11.40 9.35 8.79 11.30 10.47 10.45 11.12 10.98 10.06 9.62 10.84 9.98 10.46 9.17 8.58 11.04 11.25 11.08 9.80 9.67 9.31 11.12 11.16 11.73 14.37 14.49 14.09 14.58 14.99 13.48
28.80 28.35 27.71 28.16 29.07 28.38 28.20 28.43 26.73 23.00 21.45 20.80 22.01 20.35 20.35 20.66 20.05 18.29 18.25 16.71 16.63 17.41 18.11 17.69 18.91 18.92 19.86 18.31 16.47 17.39 15.82 16.56 18.05 16.37 17.59 14.97 14.51 13.94 13.14 13.29 14.13 14.32 13.82 14.27 13.63 14.56 13.80 12.44 11.42 11.47 13.54 12.00 11.01 11.75 12.19 11.68 11.26 10.94 10.83 10.56 8.80 8.57 10.08 10.98 10.22 11.21 10.74 10.03 11.43 11.61 12.32 12.92 12.88 13.51 15.32 13.90 14.22
29.39 28.92 27.21 28.11 28.46 29.14 28.61 27.99 26.97 25.89 22.50 22.33 21.95 21.84 22.99 23.16 18.88 17.49 17.18 17.78 17.03 17.10 14.85 16.17 17.13 18.87 19.93 20.92 18.86 17.38 17.90 17.50 16.05 16.77 17.22 15.75 14.92 13.95 14.50 14.91 15.26 14.75 14.52 13.94 14.64 15.69 13.99 12.78 14.14 14.16 15.01 13.63 12.50 13.76 13.41 12.07 11.42 10.78 10.89 9.91 10.75 9.84 9.13 10.72 10.46 8.91 9.75 11.33 11.61 12.77 12.30 13.16 12.88 12.83 14.55 14.55 13.49
28.23 28.26 26.88 27.72 27.14 26.96 27.74 27.75 27.87 26.89 25.07 25.34 24.15 22.56 23.59 21.64 18.91 17.89 16.60 17.95 18.31 16.94 16.36 17.00 17.32 18.35 20.70 22.36 20.10 18.12 18.72 17.33 16.76 17.04 16.52 17.23 15.96 13.88 14.40 14.51 16.09 16.21 15.61 15.48 14.45 14.68 14.35 14.56 14.84 15.51 15.61 14.37 12.97 13.87 13.79 11.53 12.40 11.38 11.49 10.83 10.30 11.07 10.94 11.35 8.84 8.55 9.56 12.13 12.79 12.29 11.56 12.29 12.68 13.34 12.67 12.94 13.25
27.99 28.46 27.22 26.95 27.02 26.00 27.31 27.82 28.04 27.22 25.41 25.87 25.78 24.60 22.70 20.01 20.09 17.19 17.16 18.46 16.91 18.01 16.74 17.31 17.52 19.04 20.89 21.90 19.99 19.29 19.51 19.38 19.23 18.02 16.43 17.09 15.81 15.49 17.43 17.94 15.93 16.74 17.22 16.54 15.98 15.51 15.35 14.67 14.57 14.82 14.40 13.55 13.42 14.46 14.63 14.25 13.38 11.86 11.91 12.00 10.50 10.90 11.76 11.40 9.91 9.17 10.70 11.54 11.02 11.02 10.69 12.50 12.20 12.36 11.49 11.52 11.94
27.91 27.78 28.65 28.13 26.34 25.28 27.86 27.74 27.05 27.19 25.89 26.08 25.89 25.53 24.62 21.38 20.67 18.41 17.89 17.10 17.33 18.07 17.58 15.92 16.20 18.08 18.54 20.26 19.90 20.05 20.00 20.08 18.96 18.43 16.84 15.68 14.71 15.54 15.65 16.51 15.40 15.01 15.91 16.43 17.12 16.56 15.59 16.05 16.39 13.67 14.67 13.60 14.40 14.91 15.10 15.00 13.16 12.88 12.93 13.11 12.58 11.66 12.30 11.69 10.97 11.06 10.96 10.77 11.46 10.57 10.51 12.26 10.97 11.31 10.43 11.63 11.79
28.09 28.37 28.28 28.77 26.99 26.00 26.02 25.74 25.70 27.09 26.70 26.96 27.60 28.12 28.28 25.92 23.67 22.48 19.91 19.22 17.11 17.64 17.71 16.98 18.40 19.41 19.76 19.54 20.05 20.74 19.73 18.21 16.62 16.08 16.86 15.94 14.56 14.83 14.01 13.12 14.08 14.57 14.54 15.34 14.89 14.13 14.58 15.06 16.52 12.72 12.98 14.66 15.70 15.23 15.49 14.63 14.10 13.59 12.35 13.12 13.93 13.34 13.09 11.62 10.86 11.11 11.17 10.68 11.83 10.99 9.96 12.03 12.22 12.21 11.05 12.08 13.02
29.10 29.05 27.42 28.20 27.42 27.76 26.38 26.19 24.98 27.36 27.29 28.16 28.04 27.94 28.07 26.94 26.63 23.97 22.90 20.03 16.79 17.36 18.23 18.15 17.45 18.26 18.49 18.51 19.01 20.75 18.06 17.02 16.90 16.53 17.33 17.63 16.44 16.74 16.93 15.55 13.18 11.82 14.71 15.13 13.61 13.43 13.42 14.87 17.03 13.48 14.13 13.15 16.72 18.20 17.30 15.32 14.66 14.71 12.90 13.30 13.79 13.33 12.77 11.37 10.82 11.22 11.87 10.86 11.30 11.93 11.08 12.64 13.32 13.10 11.61 12.04 13.42
29.31 28.75 28.30 27.68 27.67 28.05 26.88 26.92 27.41 27.52 27.60 27.86 27.36 26.53 26.12 27.40 27.11 25.43 24.30 20.86 18.23 17.57 18.04 18.98 19.05 17.50 18.56 18.93 18.83 20.41 18.15 16.28 16.25 14.85 16.95 19.43 17.64 17.41 19.12 17.17 15.53 14.16 14.60 15.25 14.65 15.77 14.54 14.80 15.71 14.06 13.25 14.87 16.55 16.82 17.27 15.02 15.57 16.00 14.39 13.96 13.69 13.01 12.87 11.50 12.50 12.28 11.65 10.38 10.51 10.18 12.33 13.18 12.90 13.42 13.06 11.72 12.43
29.58 29.23 29.65 29.79 28.65 27.60 27.57 27.86 26.91 27.41 26.48 26.67 25.68 25.81 25.71 24.90 24.87 25.54 25.90 23.47 21.46 20.62 19.94 18.97 20.94 20.78 21.01 19.76 19.81 19.67 17.90 16.56 17.44 15.91 17.73 18.58 19.39 18.22 16.59 16.52 16.58 15.87 14.67 15.71 16.92 15.39 15.40 16.39 15.64 14.23 13.36 15.72 16.48 15.66 15.98 16.81 15.69 13.78 15.24 13.64 13.64 14.99 13.95 12.55 13.68 13.99 12.42 10.94 9.72 10.59 11.24 10.99 12.79 12.78 12.45 12.26 11.91
29.59 29.10 29.75 28.99 29.56 27.88 28.25 27.05 26.12 24.46 22.73 24.36 23.23 24.08 25.39 26.23 25.31 24.28 26.70 25.37 25.10 24.01 22.54 22.27 23.52 23.34 21.30 19.37 19.48 19.58 18.64 19.51 19.93 17.85 21.11 19.83 19.87 19.81 18.28 18.85 17.18 16.49 16.53 16.46 15.35 13.36 14.83 16.88 16.69 15.50 14.83 17.35 17.43 15.52 15.74 15.86 14.98 12.73 13.94 15.04 14.38 14.70 14.83 14.09 14.13 15.69 14.62 12.81 10.43 11.69 11.62 11.37 11.30 11.34 12.29 13.10 12.68
30.49 28.64 29.72 30.57 30.70 29.84 28.88 28.36 25.12 22.01 20.55 20.75 22.13 23.13 25.83 26.04 24.87 23.89 25.27 24.54 25.73 25.47 25.38 24.45 23.72 23.80 22.49 20.62 20.32 19.98 20.27 20.56 21.02 21.79 21.57 19.34 19.38 18.05 18.59 18.65 18.02 17.42 17.48 17.42 16.30 14.94 15.58 16.58 17.04 13.94 17.24 18.76 16.05 15.87 17.39 16.34 15.07 14.46 14.16 14.44 13.04 13.61 14.72 14.56 14.93 16.16 16.83 15.42 13.34 10.64 11.36 12.74 12.29 11.28 11.99 12.80 13.43
29.77 29.36 29.69 30.49 30.61 30.10 28.89 27.59 25.83 22.85 22.17 24.13 25.26 24.91 25.23 24.71 25.03 25.85 23.91 23.99 23.59 25.03 25.85 25.56 23.74 22.54 23.23 21.36 20.15 19.52 19.82 19.92 19.11 21.34 21.41 18.26 17.95 16.99 16.23 17.04 19.37 18.35 18.49 18.15 17.20 16.54 19.02 17.71 17.78 15.62 16.43 18.78 17.12 17.34 16.90 16.26 15.72 15.38 15.70 15.53 13.51 14.56 13.93 14.23 13.97 14.94 16.28 14.43 12.60 11.10 10.94 12.85 12.21 10.95 11.93 12.65 12.84
29.42 30.26 30.40 30.29 30.47 29.42 28.97 28.77 27.04 25.91 24.76 25.00 26.50 25.33 23.89 25.12 25.74 27.24 26.05 24.80 23.56 23.97 24.32 24.73 23.61 21.72 21.75 21.30 18.45 18.80 18.65 18.42 18.57 18.03 18.94 19.30 17.51 16.43 17.19 19.82 19.21 18.85 18.79 19.92 19.14 19.83 20.56 19.98 19.70 17.57 16.05 18.51 18.37 15.94 15.63 16.79 17.40 16.44 16.81 16.32 13.61 14.46 13.26 14.56 13.92 14.14 14.11 14.62 12.43 12.18 11.61 11.65 11.86 11.28 10.96 14.17 12.42
29.34 29.17 29.67 30.30 30.62 30.17 28.34 27.77 27.63 28.15 26.53 26.01 26.65 25.65 24.64 26.41 25.96 26.21 26.42 24.76 25.04 26.91 24.04 24.39 22.94 22.10 22.73 22.48 18.63 18.38 19.38 16.25 17.03 18.07 18.26 18.03 18.22 18.48 20.28 21.37 19.32 18.44 18.59 20.07 20.25 18.01 19.23 20.81 19.98 19.18 17.98 15.55 16.12 16.44 16.41 16.63 16.71 15.24 15.07 15.43 14.33 14.26 13.70 14.61 14.26 14.66 14.51 14.85 13.41 12.56 12.46 11.81 11.47 11.38 12.23 13.58 12.46
29.54 29.58 28.85 29.82 30.64 30.53 28.83 27.82 28.19 27.65 27.80 26.99 27.20 26.14 25.93 26.09 25.36 25.37 26.55 25.27 23.01 25.13 23.50 21.24 21.87 22.44 22.08 22.21 20.33 20.11 18.38 18.40 19.48 19.44 18.73 19.63 19.71 20.26 20.80 20.30 21.40 19.26 18.23 17.91 18.54 18.28 18.70 19.83 17.68 17.62 19.40 15.98 15.66 16.83 18.71 15.45 14.92 14.61 14.96 15.26 13.78 14.12 12.47 14.11 14.07 15.81 15.28 13.59 12.55 13.27 11.66 13.50 12.27 11.73 10.56 11.23 13.28
29.03 29.75 30.63 29.98 29.89 30.21 28.56 28.14 27.83 26.86 28.65 28.93 28.60 27.34 26.49 26.61 25.53 26.37 28.30 27.57 25.56 25.46 23.03 21.11 19.35 22.31 21.62 21.54 22.59 21.93 20.98 20.43 20.92 20.00 19.66 19.47 18.34 19.87 20.89 21.55 20.88 17.12 18.90 18.87 18.54 17.92 17.08 17.37 15.46 14.83 17.06 16.95 15.95 17.90 17.13 15.57 15.18 15.12 15.10 14.71 14.50 14.16 13.56 14.42 14.74 14.66 15.10 13.80 12.11 12.15 11.85 14.06 12.67 11.45 11.90 12.20 13.76
29.62 28.96 30.65 29.52 28.53 29.70 28.21 27.86 28.26 27.12 27.81 28.26 28.06 27.03 26.85 27.08 26.07 26.24 27.66 28.42 26.77 24.58 21.49 22.07 22.35 25.21 25.42 23.75 22.44 21.58 22.85 22.44 20.35 18.90 17.72 20.20 19.86 19.28 16.46 15.64 16.54 16.13 17.50 18.61 18.35 16.15 16.99 17.51 14.59 13.17 14.27 16.83 16.79 17.94 17.93 16.28 15.47 16.43 15.03 14.77 14.50 14.05 15.51 15.51 14.56 13.23 13.89 13.28 11.95 12.71 12.40 13.54 13.20 13.52 14.23 13.74 14.85
29.37 28.82 29.28 28.75 27.70 27.16 28.36 28.58 28.27 28.12 28.03 28.50 28.61 27.76 27.55 26.95 26.40 25.49 26.58 27.53 26.46 24.74 21.72 23.59 25.21 25.38 27.21 26.50 22.41 22.62 23.80 22.76 21.18 21.00 19.55 21.27 18.37 17.44 17.13 15.64 15.17 16.23 16.75 17.18 17.48 17.90 17.41 15.85 12.94 12.77 13.91 15.43 16.52 17.53 16.52 14.92 14.46 15.00 15.06 14.28 14.95 13.69 14.52 13.93 14.28 13.95 13.06 12.74 12.28 13.16 13.54 13.58 13.71 15.49 15.47 15.64 16.75
28.88 28.34 28.49 27.79 27.42 25.69 26.99 28.26 29.09 27.65 27.49 27.73 29.33 29.22 28.80 27.63 26.07 25.43 25.58 25.64 25.52 24.73 24.48 24.08 26.39 26.36 27.76 24.42 20.98 23.48 24.76 24.80 23.80 22.86 20.20 21.55 19.96 17.25 18.67 18.06 17.92 17.57 16.14 15.42 17.59 20.14 19.43 17.42 15.42 15.84 14.39 14.44 16.97 17.75 15.82 14.61 14.32 13.75 14.47 15.36 15.54 14.33 13.87 14.46 15.12 14.63 14.96 13.81 13.73 14.17 14.26 13.08 14.21 15.21 15.38 15.56 14.42
28.97 28.84 28.22 27.41 27.12 26.73 26.51 26.04 27.39 26.81 26.77 26.85 28.54 29.21 28.53 27.73 26.06 25.37 25.40 24.32 24.39 25.22 26.35 24.85 26.03 26.62 26.42 25.51 23.43 26.23 27.18 25.91 27.79 24.37 21.12 21.16 19.69 19.43 18.17 16.31 17.77 18.98 16.69 17.64 18.94 19.06 18.63 15.69 17.68 17.18 15.91 14.06 16.08 19.14 16.91 16.04 14.05 13.47 14.49 14.31 13.78 13.35 14.60 14.85 14.44 15.42 16.59 16.04 15.53 13.82 11.74 12.06 12.45 13.88 15.61 13.99 11.02
27.94 28.06 28.10 27.71 28.12 26.90 26.98 24.72 24.21 25.59 25.56 25.83 27.68 27.84 27.62 27.39 27.10 25.51 25.07 25.52 24.83 24.40 26.94 26.40 27.33 27.63 26.70 26.58 25.49 27.28 28.47 28.50 27.56 26.96 24.55 22.58 20.31 20.64 18.71 20.02 20.78 18.68 17.69 18.71 19.00 18.96 17.77 15.71 16.23 15.46 14.85 12.79 14.39 15.88 16.91 17.02 13.95 14.59 13.14 11.52 11.42 12.22 12.90 14.06 14.35 14.31 16.13 14.21 14.06 12.87 10.70 11.83 12.50 11.42 13.27 13.17 12.18
26.77 27.09 26.58 26.70 26.07 26.12 25.84 24.52 23.76 24.78 23.82 23.76 26.11 26.75 25.76 25.49 26.10 26.48 26.28 25.27 25.91 26.15 25.55 26.62 25.97 26.30 26.08 25.39 26.57 27.45 27.81 27.89 27.82 27.89 26.53 23.87 21.99 22.97 23.81 24.26 22.53 20.14 19.90 20.21 20.37 19.18 18.98 15.94 15.16 13.20 13.29 12.70 15.28 16.16 15.96 14.85 13.92 12.76 11.16 10.76 10.76 12.21 13.22 14.68 13.88 13.79 14.02 13.97 12.55 11.61 10.21 12.74 11.13 10.87 12.75 13.04 11.49
25.04 25.65 25.27 25.82 25.47 24.94 24.93 25.04 24.75 23.18 23.27 22.88 23.41 24.90 24.46 24.59 25.45 25.46 26.53 25.18 24.93 26.24 25.51 23.52 24.33 25.24 25.12 25.13 25.06 24.88 27.56 28.44 28.10 28.12 26.77 23.88 23.66 22.55 25.83 25.63 24.21 21.80 21.27 20.10 21.34 20.84 19.31 17.09 16.93 16.15 14.65 15.32 17.12 16.85 16.28 17.13 15.83 13.97 11.90 12.96 12.34 12.31 10.54 11.62 13.33 13.02 11.32 10.84 12.09 11.22 9.81 14.04 12.42 11.59 12.66 11.68 10.00
23.90 24.72 24.00 24.71 25.08 24.80 24.33 23.76 23.86 22.81 22.63 22.73 22.22 23.43 24.34 25.06 25.35 25.18 23.95 24.25 25.15 25.53 25.65 23.43 23.79 24.33 24.13 24.43 24.65 24.21 25.65 27.17 27.12 26.59 25.56 24.92 24.25 24.46 25.75 25.91 25.46 24.57 23.74 22.52 22.70 20.07 18.64 18.33 18.86 18.40 16.88 15.12 15.43 15.18 14.53 18.04 18.71 15.91 15.81 14.24 12.87 13.68 11.00 11.42 12.71 11.28 9.87 11.08 13.07 11.11 9.96 13.77 11.78 11.67 11.57 11.33 10.84
23.37 23.62 21.96 22.51 22.83 23.88 23.92 22.82 23.98 23.65 22.92 21.78 21.34 21.76 23.29 23.68 24.41 23.66 23.58 23.28 23.19 25.57 24.13 23.41 23.07 22.68 22.89 23.86 24.80 24.96 24.96 25.24 26.24 25.15 25.10 24.53 25.23 24.95 26.09 25.89 26.01 26.04 24.40 22.92 22.84 22.44 20.87 20.35 20.34 19.93 17.56 16.68 17.08 16.98 16.37 17.19 18.50 18.47 16.55 15.66 15.02 14.57 14.57 14.59 13.98 10.66 10.25 12.27 13.92 10.55 9.79 12.58 11.97 10.40 10.99 9.50 9.60
22.37 21.58 20.09 20.83 21.98 21.94 21.45 21.79 22.97 23.42 22.82 21.92 20.93 21.03 22.62 23.27 23.91 22.87 23.23 23.50 22.88 23.58 23.32 23.19 23.56 22.12 21.54 22.12 23.53 24.77 25.47 25.13 25.04 24.44 24.90 24.56 24.91 24.28 25.63 26.09 26.09 24.51 24.55 24.47 24.85 23.43 23.07 21.52 21.80 22.55 18.59 17.76 18.41 19.37 19.68 17.96 18.51 19.68 17.53 15.52 15.92 17.67 18.90 17.03 14.43 11.57 11.05 12.37 12.60 10.57 9.50 11.92 12.15 11.02 9.40 8.84 9.40
21.57 20.78 19.76 19.96 20.72 20.81 20.53 20.95 22.86 21.48 21.58 21.52 20.56 20.94 20.49 22.10 23.27 21.83 21.52 22.54 21.73 22.14 22.94 22.30 22.96 21.94 21.58 22.78 22.02 23.64 25.16 25.60 25.02 23.60 23.15 24.26 24.30 24.44 24.21 24.52 23.81 23.90 23.59 24.81 25.67 24.67 24.82 24.48 23.11 21.60 20.10 19.21 18.51 20.51 20.64 18.53 20.61 20.28 19.25 18.79 18.40 19.52 21.60 18.33 14.47 12.02 10.56 11.19 12.29 12.70 11.57 12.80 11.50 10.64 9.56 9.33 10.38
19.58 20.19 19.07 18.68 18.57 19.16 21.48 21.11 20.46 19.82 19.75 19.20 19.91 20.68 19.96 19.96 20.37 21.00 20.25 21.72 20.86 19.93 21.92 22.11 21.51 21.39 21.58 21.96 22.13 23.15 24.21 24.13 24.68 24.59 23.74 23.68 24.07 24.33 24.26 23.34 23.54 24.37 23.00 24.51 24.93 24.89 26.14 25.66 24.72 22.04 21.51 22.99 22.32 21.46 19.01 20.16 21.22 20.82 20.57 20.27 19.29 19.63 21.04 19.80 16.88 15.11 12.83 11.76 12.05 12.92 13.27 12.72 11.37 11.55 11.84 11.42 11.13
18.45 18.24 17.74 17.39 17.10 17.62 18.52 20.23 19.26 18.57 17.69 17.97 19.89 20.75 20.02 19.62 19.23 19.89 20.08 19.36 19.79 19.96 21.02 21.12 20.82 21.42 21.39 21.02 21.92 21.51 21.26 22.18 23.38 24.39 24.59 23.42 23.20 23.40 24.72 23.28 23.26 23.20 23.09 24.68 24.73 24.32 25.48 25.03 24.53 21.90 22.16 23.84 24.22 23.80 22.97 20.68 20.94 20.53 23.05 21.67 20.83 20.97 21.90 21.93 19.15 15.11 13.85 13.35 13.62 14.07 13.51 13.66 13.57 14.31 15.29 14.58 13.76
17.53 16.91 16.56 16.45 16.55 16.36 17.03 18.03 18.99 19.17 18.37 19.94 20.76 21.34 21.76 21.69 19.23 18.55 19.35 19.92 19.79 19.92 19.98 19.34 20.56 20.38 20.88 20.35 20.71 20.47 20.34 20.85 21.28 22.28 23.53 23.78 22.29 22.60 24.14 24.91 24.28 24.17 24.53 25.10 24.19 24.51 25.78 25.14 24.70 23.13 22.17 22.46 24.40 24.28 23.06 20.83 19.78 21.98 23.66 22.28 22.02 22.02 21.62 20.72 18.44 16.89 17.10 15.92 14.50 14.53 13.82 15.27 17.12 17.37 18.45 16.85 15.92
