main/data/irradiance/08.12.2023.grid
ncols 839
nrows 679
xllcenter 112.0500
yllcenter -43.9500
cellsize 0.0500
nodata_value 99999.90
[rows 306 to 339 of 679, columns 0 to 76 of 839]
99999.90 99999.90 99999.90 99999.90 99999.90 99999.90 99999.90 99999.90 28.58 28.58 28.58 28.58 28.58 28.58 28.58 28.58 28.58 28.58 28.58 28.58 28.58 28.58 28.58 28.58 29.68 29.68 29.68 29.68 29.68 29.68 29.68 29.97 30.33 30.33 30.33 30.51 30.51 30.51 30.77 30.84 30.83 30.80 30.78 30.78 30.81 30.86 30.90 30.89 30.88 30.92 30.93 30.91 30.91 30.90 30.90 30.91 30.96 30.95 30.84 30.90 30.90 30.79 30.81 30.88 30.88 30.84 30.74 30.72 30.67 30.67 30.60 30.71 30.76 30.88 30.89 30.80 30.89
99999.90 99999.90 99999.90 99999.90 99999.90 99999.90 99999.90 99999.90 28.58 28.58 28.58 28.58 28.58 28.58 28.58 28.58 28.58 28.58 28.58 28.58 28.58 28.58 28.58 28.58 29.68 29.68 29.68 29.68 29.68 29.68 29.68 29.68 30.33 30.51 30.51 30.51 30.51 30.51 30.78 30.79 30.81 30.81 30.89 30.87 30.83 30.85 30.87 30.92 30.91 30.94 30.95 30.88 30.89 30.89 30.93 30.90 30.95 30.96 30.95 30.90 30.87 30.88 30.91 30.82 30.84 30.86 30.82 30.78 30.73 30.61 30.67 30.69 30.74 30.90 30.91 30.87 30.88
99999.90 99999.90 99999.90 99999.90 99999.90 99999.90 99999.90 99999.90 28.58 28.58 28.58 28.58 28.58 28.58 28.58 28.58 28.58 28.58 28.58 28.58 28.58 28.58 28.58 28.58 29.68 29.68 29.68 29.68 29.68 29.68 29.68 29.68 29.68 30.51 30.51 30.51 30.59 30.59 30.59 30.76 30.81 30.83 30.87 30.90 30.88 30.86 30.90 30.92 30.94 30.95 30.97 30.93 30.92 30.92 30.98 30.91 30.89 30.93 30.96 30.95 30.93 30.95 30.93 30.86 30.89 30.91 30.92 30.83 30.70 30.75 30.78 30.78 30.76 30.82 30.91 30.96 30.93
99999.90 99999.90 99999.90 99999.90 99999.90 99999.90 99999.90 99999.90 28.58 28.58 28.58 28.58 28.58 28.58 28.58 28.58 28.58 28.58 28.58 28.58 28.58 28.58 28.58 28.73 29.68 29.68 29.68 29.68 29.68 29.68 29.68 29.68 30.71 30.51 30.59 30.59 30.59 30.59 30.59 30.79 30.78 30.85 30.89 30.92 30.90 30.87 30.88 30.94 30.96 30.92 30.92 30.93 30.97 30.99 30.98 30.97 30.85 30.89 30.95 30.97 30.91 30.90 30.93 30.90 30.91 30.89 30.91 30.91 30.77 30.77 30.87 30.91 30.89 30.81 30.81 30.95 30.90
99999.90 99999.90 99999.90 99999.90 99999.90 99999.90 99999.90 99999.90 28.58 28.58 28.58 28.58 28.58 28.58 28.58 28.58 28.58 28.58 28.58 28.58 28.58 28.73 28.73 28.73 29.68 29.68 29.68 29.68 29.68 29.68 29.68 30.71 30.71 30.67 30.59 30.59 30.59 30.59 30.79 30.79 30.81 30.80 30.89 30.92 30.90 30.88 30.89 30.94 30.98 30.92 30.96 30.94 30.97 31.00 30.94 30.95 30.92 30.89 30.97 30.98 30.95 30.95 30.92 30.92 30.92 30.92 30.95 30.93 30.87 30.83 30.82 30.95 30.93 30.89 30.86 30.93 30.85
99999.90 99999.90 99999.90 99999.90 99999.90 99999.90 99999.90 99999.90 29.39 29.39 29.39 29.39 29.39 29.39 29.39 29.39 29.39 29.39 29.39 29.39 28.73 28.73 28.73 28.73 29.68 29.68 29.68 29.68 29.68 29.68 30.71 30.71 30.67 30.67 30.69 30.59 30.59 30.79 30.82 30.82 30.82 30.76 30.85 30.88 30.89 30.78 30.89 30.89 30.87 30.97 30.97 30.84 30.79 30.85 30.97 30.92 30.90 30.94 30.97 30.96 30.95 30.93 30.92 30.91 30.91 30.94 30.89 30.89 30.86 30.80 30.81 30.93 30.91 30.87 30.92 30.92 30.98
99999.90 99999.90 99999.90 99999.90 99999.90 99999.90 99999.90 99999.90 29.44 29.44 29.44 29.44 29.44 29.44 29.44 29.44 29.44 29.44 29.44 28.73 28.73 28.73 28.73 28.73 30.47 30.47 30.47 30.47 30.47 30.71 30.71 30.67 30.67 30.69 30.69 29.74 29.74 30.82 30.82 30.82 30.82 30.82 30.78 30.75 30.72 30.65 30.68 30.84 30.77 30.82 30.84 30.81 30.79 30.82 31.01 30.87 30.90 30.90 30.94 30.88 30.97 30.93 30.93 30.94 30.95 30.94 30.96 30.92 30.86 30.80 30.87 30.91 30.87 30.91 30.97 30.97 30.92
99999.90 99999.90 99999.90 99999.90 99999.90 99999.90 99999.90 99999.90 29.35 29.35 29.35 29.35 29.35 29.35 29.35 29.35 29.35 29.35 29.35 28.46 28.46 28.46 28.53 28.53 30.42 30.42 30.42 30.42 30.42 30.77 30.67 30.67 30.69 30.69 30.72 29.74 29.74 29.74 30.82 30.82 30.82 30.82 30.81 30.62 30.61 30.77 30.90 30.99 30.83 30.86 30.90 30.97 30.84 30.82 30.88 30.89 30.97 30.89 30.93 30.94 30.96 30.97 30.95 30.94 30.93 30.93 30.93 30.92 30.86 30.85 30.96 30.92 30.87 30.90 30.74 30.75 30.77
99999.90 99999.90 99999.90 99999.90 99999.90 99999.90 99999.90 99999.90 29.35 29.35 29.35 29.35 29.35 29.35 29.35 29.35 29.35 29.35 29.35 28.80 28.80 28.53 28.53 28.53 29.91 29.91 29.91 29.91 29.91 30.49 30.68 30.69 30.69 30.72 30.72 29.74 29.74 29.74 29.74 30.82 30.56 30.56 30.56 30.48 30.57 30.79 30.89 30.82 30.88 30.98 30.97 30.95 30.91 30.75 30.88 30.91 31.04 31.02 30.95 30.98 30.86 30.91 30.93 30.93 30.88 30.89 30.89 30.89 30.86 30.93 31.02 30.91 30.85 30.86 30.70 30.74 30.87
99999.90 99999.90 99999.90 99999.90 99999.90 99999.90 99999.90 99999.90 29.35 29.35 29.35 29.35 29.35 29.35 29.35 29.35 29.35 29.74 29.74 29.74 28.53 28.53 28.53 29.16 29.16 29.91 29.91 29.91 29.91 30.61 30.63 30.79 30.72 30.72 30.72 29.74 29.74 29.74 29.74 30.56 30.56 30.56 30.56 30.66 30.83 30.90 30.94 30.75 30.93 30.99 30.97 30.95 31.00 30.91 30.84 31.04 31.04 30.99 31.00 30.99 30.95 30.94 30.93 30.89 30.88 30.93 30.97 30.91 30.82 30.94 30.92 30.79 30.81 30.76 30.82 30.87 30.93
99999.90 99999.90 99999.90 99999.90 99999.90 99999.90 99999.90 99999.90 29.35 29.35 29.35 29.35 29.35 29.35 29.35 29.74 29.74 29.74 29.74 29.74 29.39 29.39 29.16 29.16 29.16 29.91 29.91 29.91 29.91 29.91 30.65 30.77 30.63 30.63 30.82 29.74 29.74 29.74 29.74 29.74 30.56 30.56 30.66 30.66 30.83 30.86 31.01 30.85 30.85 31.02 30.97 30.97 30.94 31.00 31.03 31.05 31.04 31.02 31.02 31.02 30.98 30.97 30.93 30.93 30.95 30.93 30.96 30.79 30.81 30.85 30.81 30.69 30.75 30.87 30.89 30.86 30.93
99999.90 99999.90 99999.90 99999.90 99999.90 99999.90 99999.90 99999.90 29.35 29.35 29.35 29.35 29.35 29.74 29.74 29.74 29.74 29.74 29.69 29.69 29.69 29.16 29.16 29.16 29.16 29.16 29.91 29.91 29.91 29.91 30.76 30.59 30.58 30.82 30.82 29.74 29.74 29.74 29.74 29.74 30.56 30.66 30.66 29.99 30.80 30.80 31.02 30.94 30.95 31.04 30.98 30.96 30.94 30.99 31.04 31.04 31.07 31.05 31.05 31.02 31.01 31.00 30.97 30.97 30.98 30.96 31.01 31.00 30.83 30.86 30.81 30.52 30.72 30.94 30.98 30.94 30.97
99999.90 99999.90 99999.90 99999.90 99999.90 99999.90 99999.90 99999.90 29.35 29.35 29.35 29.74 29.74 29.74 29.74 29.74 29.69 29.69 29.69 29.69 29.69 29.16 29.16 29.16 29.94 29.94 29.91 29.91 30.18 30.18 30.18 30.62 30.45 30.82 30.82 29.74 29.74 29.74 29.74 29.74 29.99 29.99 29.99 29.99 29.99 30.63 31.06 30.95 31.01 31.02 30.96 30.90 30.95 31.04 31.07 31.07 31.03 31.04 31.06 31.03 31.00 30.99 30.97 30.97 30.99 31.01 31.00 31.00 30.96 30.83 30.84 30.76 30.84 30.91 30.95 31.03 30.93
99999.90 99999.90 99999.90 99999.90 99999.90 99999.90 99999.90 99999.90 29.35 29.74 29.74 29.74 29.74 29.74 29.69 29.69 29.69 29.69 29.69 29.69 29.69 29.94 29.94 29.94 29.94 29.56 29.56 29.65 29.65 29.65 29.65 30.61 30.53 30.53 30.53 30.82 29.74 29.74 29.74 29.74 29.99 29.99 29.99 29.99 29.99 30.59 30.94 31.04 31.03 31.03 30.96 30.91 30.95 31.05 31.07 31.05 31.08 31.02 31.01 31.00 31.02 31.02 31.00 30.93 30.95 31.01 30.99 31.02 31.02 30.89 30.63 30.80 30.94 30.97 31.05 30.97 30.96
99999.90 99999.90 99999.90 99999.90 99999.90 99999.90 99999.90 99999.90 29.35 29.74 29.74 29.74 29.69 29.69 29.69 29.69 29.69 29.69 29.69 29.94 29.94 29.94 29.94 29.94 29.56 29.56 29.56 29.69 29.65 29.65 29.65 30.56 30.46 30.46 30.46 30.52 30.52 30.52 30.52 30.52 29.34 29.34 30.92 30.92 30.92 30.51 30.69 30.96 31.08 31.03 31.02 30.95 30.93 31.04 31.06 31.03 31.07 31.03 31.02 31.01 31.02 31.02 31.00 30.97 31.02 31.02 31.00 30.98 30.96 30.84 30.92 30.89 30.96 31.04 30.86 30.89 30.97
99999.90 99999.90 99999.90 99999.90 99999.90 99999.90 99999.90 99999.90 29.35 29.74 29.69 29.69 29.69 29.69 29.69 29.69 29.69 29.69 29.94 29.94 29.94 29.94 29.94 29.56 29.56 29.56 29.69 29.69 29.69 29.65 30.56 30.56 30.63 30.63 30.63 30.52 30.52 30.52 30.52 30.98 29.34 29.34 29.34 30.21 30.21 30.71 30.63 30.96 31.03 31.08 31.03 30.91 30.95 31.04 31.07 31.01 31.06 31.04 31.01 30.99 31.00 31.01 30.99 30.97 31.01 31.03 31.00 31.03 30.96 30.82 30.96 31.00 31.03 30.92 30.87 30.87 30.98
99999.90 99999.90 99999.90 99999.90 99999.90 99999.90 99999.90 99999.90 29.35 29.74 29.69 29.69 29.69 29.69 29.69 29.69 29.94 29.94 29.94 29.94 29.94 29.94 29.56 29.56 29.56 29.56 29.69 29.69 29.69 29.69 30.07 30.07 30.07 30.07 30.27 30.52 30.52 30.52 30.98 30.98 29.34 29.34 29.34 29.34 29.98 30.73 30.69 30.92 30.93 31.03 31.09 30.96 30.92 30.95 30.98 31.04 31.05 31.03 31.01 31.00 30.97 31.02 31.04 31.04 31.06 31.02 31.05 31.08 31.02 30.99 31.00 30.94 30.95 30.90 30.98 30.99 30.97
99999.90 99999.90 99999.90 99999.90 99999.90 99999.90 99999.90 99999.90 29.35 29.74 29.69 29.69 29.69 29.69 29.69 29.94 29.94 29.94 29.94 29.18 29.18 29.18 29.18 29.18 29.18 28.92 29.69 29.69 29.69 29.69 30.07 30.07 30.07 30.07 30.27 30.27 30.95 30.98 30.98 30.98 30.98 30.39 30.39 30.39 30.78 30.81 30.82 30.99 30.99 30.97 31.08 31.04 30.98 30.97 30.92 31.05 31.04 31.04 31.06 31.02 31.01 31.03 31.05 31.02 31.04 31.05 31.07 31.04 31.03 31.02 30.96 30.97 30.78 30.90 30.92 30.97 30.94
99999.90 99999.90 99999.90 99999.90 99999.90 99999.90 99999.90 99999.90 99999.90 29.74 29.69 29.69 29.69 29.94 29.94 29.94 29.18 29.18 29.18 29.18 29.18 29.18 29.18 29.18 28.92 28.92 29.44 29.44 29.44 29.44 30.07 30.07 30.07 30.40 30.40 30.40 30.92 30.80 30.80 30.80 30.89 30.31 30.31 30.31 30.80 30.82 30.96 30.98 31.07 31.05 31.06 31.04 30.95 30.98 31.05 31.01 30.99 30.90 30.94 30.97 31.03 31.02 31.01 31.01 31.02 31.04 31.07 31.04 31.04 31.05 30.96 30.94 30.83 30.73 30.92 31.00 30.99
99999.90 99999.90 99999.90 99999.90 99999.90 99999.90 99999.90 99999.90 99999.90 29.74 29.69 29.69 29.94 29.18 29.18 29.18 29.18 29.18 29.18 29.18 29.18 29.18 29.18 28.92 28.92 28.56 28.56 29.47 29.47 29.81 29.81 29.54 30.07 30.40 30.40 30.40 30.31 30.86 30.86 30.89 30.89 30.31 30.31 30.31 30.38 30.90 30.89 30.96 31.02 30.97 31.09 31.04 30.98 30.99 31.03 30.99 31.01 30.89 30.79 30.80 30.91 31.01 31.01 31.05 31.07 31.07 31.08 31.05 31.04 31.04 30.96 30.84 30.89 30.96 30.96 31.02 31.05
99999.90 99999.90 99999.90 99999.90 99999.90 99999.90 99999.90 99999.90 99999.90 99999.90 29.69 29.69 29.94 29.18 29.18 29.18 29.18 29.18 29.18 29.18 29.18 29.18 28.92 28.88 28.88 28.88 28.41 29.11 29.81 29.81 29.54 29.54 29.54 30.40 30.40 30.31 30.31 30.56 30.89 30.89 30.90 30.10 30.10 30.92 30.92 31.04 31.02 30.90 31.01 31.08 31.05 31.08 30.99 31.01 31.04 31.05 31.04 30.96 30.89 30.81 30.75 30.84 30.90 30.96 31.07 31.07 31.05 30.99 31.00 31.07 31.01 30.86 30.93 30.97 31.04 31.02 31.06
99999.90 99999.90 99999.90 99999.90 99999.90 99999.90 99999.90 99999.90 99999.90 99999.90 29.69 29.69 29.94 29.18 29.18 29.18 29.18 29.18 29.18 29.18 29.18 29.54 29.54 29.54 29.54 29.54 29.45 28.91 29.71 29.54 29.54 29.54 29.54 30.40 30.31 30.75 30.75 30.75 30.92 30.90 30.90 30.10 30.10 30.74 31.02 31.01 30.96 30.99 30.91 31.11 31.12 31.10 31.05 31.06 31.06 31.08 31.03 31.03 30.99 30.88 30.90 30.93 30.79 30.88 30.85 31.04 31.07 31.02 31.00 31.06 31.00 30.83 31.01 31.03 31.07 31.04 30.99
99999.90 99999.90 99999.90 99999.90 99999.90 99999.90 99999.90 99999.90 99999.90 99999.90 99999.90 99999.90 29.94 29.18 29.18 29.18 29.18 29.18 29.18 29.54 29.54 29.54 29.54 29.54 29.54 29.54 29.45 29.28 29.54 29.38 29.38 29.38 29.38 30.35 30.35 30.57 30.57 30.57 30.85 30.98 30.98 30.36 30.83 30.99 31.03 30.95 31.02 31.01 30.92 31.05 31.09 31.07 31.09 31.08 31.07 31.07 31.03 31.04 31.03 31.04 30.99 30.94 30.89 30.91 30.90 30.97 30.95 30.98 31.06 31.07 30.95 30.88 30.97 31.03 31.09 30.96 30.89
99999.90 99999.90 99999.90 99999.90 99999.90 99999.90 99999.90 99999.90 99999.90 99999.90 99999.90 99999.90 29.94 29.18 29.18 29.18 29.18 29.54 29.54 29.54 29.54 29.54 29.54 29.54 29.54 29.54 28.80 28.80 29.79 29.67 29.67 29.67 30.21 30.21 30.35 30.35 30.58 30.58 30.94 30.98 31.00 30.77 31.01 30.95 30.92 30.93 30.96 30.95 31.01 31.07 31.12 31.05 31.01 31.03 31.06 31.05 31.05 31.04 31.03 31.03 30.99 31.01 30.99 30.95 31.00 30.95 30.94 30.91 30.79 31.09 31.04 30.91 30.99 31.04 31.09 30.89 30.98
99999.90 99999.90 99999.90 99999.90 99999.90 99999.90 99999.90 99999.90 99999.90 99999.90 99999.90 99999.90 29.94 29.18 29.18 29.54 29.54 29.54 29.54 29.54 29.54 29.54 29.54 29.54 29.54 28.80 28.80 28.80 29.79 30.20 30.20 30.21 30.21 29.84 30.35 30.35 30.35 30.97 30.99 31.01 31.02 30.82 31.04 30.94 30.83 30.93 31.02 30.96 30.99 30.96 31.10 31.08 31.03 31.01 30.87 31.00 31.00 31.00 30.99 30.98 30.95 31.04 31.04 30.99 31.03 30.99 30.95 30.91 30.81 30.92 30.99 31.00 30.97 31.06 31.12 31.03 31.03
99999.90 99999.90 99999.90 99999.90 99999.90 99999.90 99999.90 99999.90 99999.90 99999.90 99999.90 99999.90 99999.90 29.18 29.18 29.54 29.54 29.54 29.54 29.54 29.54 29.54 29.54 29.54 28.80 28.80 28.80 28.80 30.20 30.20 30.21 30.21 30.21 29.84 30.76 30.89 30.89 31.00 31.01 31.00 31.01 31.01 31.07 30.88 30.87 30.94 30.93 31.04 31.02 31.01 31.02 31.02 30.98 31.01 31.01 30.93 31.04 31.03 30.97 30.99 31.00 31.01 31.10 31.09 31.08 31.02 30.96 30.77 30.89 31.02 30.97 30.80 30.84 31.08 31.13 31.10 31.02
99999.90 99999.90 99999.90 99999.90 99999.90 99999.90 99999.90 99999.90 99999.90 99999.90 99999.90 99999.90 99999.90 29.18 29.18 29.54 29.54 29.54 29.54 29.54 29.54 29.54 29.54 28.80 28.80 28.80 28.80 30.20 30.20 30.20 30.38 30.38 30.38 29.84 30.76 30.77 30.79 30.95 31.06 31.01 31.04 31.04 31.05 30.83 30.73 31.03 31.04 30.93 30.83 31.00 31.06 31.04 30.94 30.83 31.03 31.03 31.04 31.04 31.03 31.04 31.00 31.00 31.05 31.10 31.11 31.10 31.04 30.77 30.82 31.08 31.08 31.00 30.86 30.97 31.00 30.94 31.01
99999.90 99999.90 99999.90 99999.90 99999.90 99999.90 99999.90 99999.90 99999.90 99999.90 99999.90 99999.90 99999.90 29.18 29.18 29.54 29.54 29.54 29.54 29.54 29.54 29.54 28.80 28.80 28.80 28.80 28.80 30.20 30.20 30.38 30.38 30.38 30.31 30.48 30.19 30.59 30.75 30.94 31.02 31.02 31.05 31.08 31.06 31.05 31.04 31.00 30.95 30.89 30.87 30.90 30.99 30.97 31.00 31.00 31.03 30.79 30.98 31.01 31.06 31.07 30.98 31.04 31.11 31.08 31.03 31.01 30.91 30.94 30.93 31.09 31.08 30.96 30.96 30.99 31.03 31.10 31.09
99999.90 99999.90 99999.90 99999.90 99999.90 99999.90 99999.90 99999.90 99999.90 99999.90 99999.90 99999.90 99999.90 99999.90 28.92 29.54 29.54 29.54 29.54 29.54 29.54 28.80 28.80 28.80 28.80 28.80 30.20 30.20 30.38 30.38 30.00 30.00 30.00 30.32 30.25 30.36 30.68 30.90 31.07 30.95 31.06 31.12 31.03 30.97 31.04 31.04 30.74 30.71 30.83 30.84 30.97 30.91 31.06 31.02 31.08 30.80 30.96 30.95 30.93 31.07 31.02 31.02 30.93 31.10 31.03 31.04 30.89 30.83 30.85 31.09 31.08 31.05 31.03 31.10 31.07 31.09 31.14
99999.90 99999.90 99999.90 99999.90 99999.90 99999.90 99999.90 99999.90 99999.90 99999.90 99999.90 99999.90 99999.90 99999.90 99999.90 29.54 29.54 29.54 29.54 29.54 28.80 28.80 28.80 28.80 28.80 28.80 30.20 30.38 30.00 30.00 30.00 30.00 30.00 30.09 30.72 30.64 30.67 30.85 31.06 30.97 31.04 31.06 30.99 30.99 31.05 31.11 31.02 30.80 30.76 31.02 30.83 30.69 30.98 30.96 31.04 30.97 31.06 31.06 30.97 30.99 31.06 31.07 31.10 31.01 30.90 31.00 31.08 30.95 30.84 30.81 31.01 31.05 31.10 31.14 31.08 31.09 31.04
99999.90 99999.90 99999.90 99999.90 99999.90 99999.90 99999.90 99999.90 99999.90 99999.90 99999.90 99999.90 99999.90 99999.90 99999.90 29.54 29.54 29.54 29.54 28.80 28.80 28.80 28.80 28.80 28.80 30.20 30.00 30.00 30.00 30.00 30.00 30.00 30.09 30.09 30.78 30.78 30.67 30.79 30.93 31.00 30.95 31.02 31.02 31.03 31.04 31.10 31.07 31.01 31.01 31.01 30.56 30.68 30.89 30.87 31.02 31.02 30.91 30.63 30.65 30.97 31.09 31.10 31.12 31.14 30.83 31.05 31.00 30.96 30.98 30.83 30.91 31.15 31.13 31.20 31.14 31.13 31.07
99999.90 99999.90 99999.90 99999.90 99999.90 99999.90 99999.90 99999.90 99999.90 99999.90 99999.90 99999.90 99999.90 99999.90 99999.90 29.54 29.54 29.54 28.80 28.80 28.80 28.80 28.80 28.80 28.80 30.00 30.00 30.00 30.00 30.00 30.00 30.09 30.09 30.78 30.78 30.55 30.47 30.72 30.87 31.04 31.02 30.93 31.02 31.07 31.11 31.06 31.11 31.10 31.07 31.02 30.59 30.70 30.82 30.80 31.02 30.77 31.03 30.78 30.63 30.39 31.11 31.12 31.09 30.68 30.65 30.91 30.62 30.45 30.91 31.19 31.07 30.83 31.04 31.07 30.90 31.06 31.04
99999.90 99999.90 99999.90 99999.90 99999.90 99999.90 99999.90 99999.90 99999.90 99999.90 99999.90 99999.90 99999.90 99999.90 99999.90 99999.90 99999.90 28.80 28.80 28.80 28.80 28.80 28.80 28.80 30.00 30.00 30.00 30.00 30.00 30.00 30.09 30.09 30.78 30.01 30.01 30.01 30.59 30.65 30.78 30.94 31.07 31.04 31.06 31.09 31.12 31.06 31.16 31.09 31.04 31.10 30.94 30.86 30.92 30.87 30.94 30.63 30.88 31.01 31.04 30.62 30.98 30.65 30.80 30.86 30.74 30.67 30.86 30.52 30.58 30.71 30.61 31.14 31.01 30.92 30.81 30.78 30.44
99999.90 99999.90 99999.90 99999.90 99999.90 99999.90 99999.90 99999.90 99999.90 99999.90 99999.90 99999.90 99999.90 99999.90 99999.90 99999.90 99999.90 28.80 28.80 28.80 28.80 28.80 28.80 30.00 30.00 30.00 30.00 30.00 30.00 30.09 30.09 30.01 30.01 30.01 30.01 30.01 30.76 30.71 30.66 30.73 31.06 31.03 30.94 31.12 31.13 31.02 31.05 31.09 31.05 31.09 31.05 30.95 31.03 31.01 30.91 30.80 30.98 30.69 30.88 31.03 30.84 30.32 30.30 30.58 30.63 30.90 30.40 30.43 30.88 30.66 30.84 31.19 30.75 30.95 30.81 30.92 30.74
