main/data/irradiance/08.12.2023.grid
ncols 839
nrows 679
xllcenter 112.0500
yllcenter -43.9500
cellsize 0.0500
nodata_value 99999.90
[rows 510 to 543 of 679, columns 616 to 692 of 839]
14.28 14.94 13.05 12.41 13.28 14.50 12.86 13.26 13.32 12.56 13.08 14.89 14.80 14.52 13.24 12.91 12.02 11.27 11.01 13.50 14.47 14.00 13.48 12.44 13.23 12.79 12.36 12.55 12.27 13.71 13.24 14.99 15.16 13.95 11.83 12.40 12.40 13.95 13.07 13.24 14.81 14.21 13.95 13.74 13.29 12.73 10.98 9.83 10.15 11.17 12.31 11.70 10.76 11.45 12.85 13.30 14.27 13.27 12.74 10.63 11.76 13.69 12.49 11.06 12.34 12.05 12.95 11.91 9.97 9.15 8.77 11.53 12.58 12.61 12.39 12.69 12.42
15.81 15.28 13.23 12.53 13.38 14.18 13.21 12.34 12.24 13.20 13.85 13.83 14.03 14.22 13.89 12.49 12.58 11.63 11.25 13.34 13.19 13.71 11.71 13.33 12.19 12.81 11.42 10.92 10.37 11.75 11.93 14.33 17.44 15.84 13.75 12.99 13.80 13.34 11.88 12.16 15.35 14.17 13.38 12.53 12.36 12.07 11.69 10.98 10.09 10.19 11.94 11.17 9.80 9.91 10.39 11.68 12.11 13.14 13.34 13.01 12.73 13.04 12.84 12.62 12.91 14.37 15.51 14.07 11.64 8.98 8.51 10.46 12.18 12.58 11.21 11.52 10.43
14.43 14.83 14.76 15.31 14.33 13.18 12.49 11.58 12.60 14.80 15.51 13.84 13.63 14.49 13.89 13.71 12.84 13.10 11.78 12.95 13.96 13.58 13.43 12.85 12.45 12.73 11.57 11.19 10.28 11.35 12.80 13.20 15.19 16.63 15.91 14.40 13.85 12.72 11.15 12.46 14.18 16.08 13.85 13.41 13.33 11.30 11.68 10.39 9.94 10.32 10.86 10.08 10.42 9.95 10.14 11.15 11.84 13.05 13.44 14.22 13.20 11.95 12.50 12.24 13.42 13.95 14.60 15.05 13.86 10.68 9.33 9.06 10.48 11.87 12.01 11.14 10.85
14.21 14.90 15.76 16.68 15.28 12.37 12.80 12.78 13.59 14.61 14.78 13.90 13.55 13.99 14.10 13.11 12.69 12.79 13.49 13.52 13.55 12.57 11.24 11.07 10.40 11.18 10.80 12.55 12.67 11.10 10.52 11.00 13.37 16.54 16.54 16.41 15.98 14.00 11.57 14.48 14.23 14.78 14.02 14.87 13.27 11.35 10.20 10.31 9.53 11.85 12.15 11.94 11.25 10.72 9.88 10.47 11.41 12.24 13.37 14.46 12.83 13.80 13.36 11.71 11.16 13.79 14.81 13.13 13.05 12.16 10.72 9.59 9.29 10.87 11.28 11.12 9.74
14.88 15.49 16.24 14.62 12.34 11.96 12.41 12.83 14.32 14.61 14.38 14.74 14.14 13.73 13.28 12.61 11.31 12.88 13.18 11.62 10.81 10.32 9.96 10.51 9.68 10.87 11.71 10.99 12.95 12.09 10.42 9.40 12.38 15.27 17.67 16.64 18.03 15.45 14.41 13.38 13.28 14.01 13.69 14.15 12.89 12.32 10.86 10.17 10.65 11.44 12.37 11.68 10.12 9.91 10.24 10.47 10.77 10.74 12.16 11.92 11.12 12.68 11.82 10.42 11.89 12.37 12.57 12.44 12.93 12.07 12.46 10.85 9.48 10.59 11.70 10.77 8.73
14.32 14.78 15.30 13.06 13.37 12.61 12.58 12.93 15.06 14.12 14.71 15.98 13.45 11.77 12.90 12.26 12.96 13.15 11.97 12.26 11.17 11.01 11.20 9.99 11.16 11.62 11.60 11.52 11.63 12.23 11.87 11.67 12.16 12.99 15.05 16.64 19.12 17.39 14.33 11.52 12.69 11.20 11.51 13.28 12.50 11.20 11.47 11.24 11.71 12.85 13.09 11.00 9.93 10.37 11.10 10.87 10.79 9.32 10.61 11.88 13.20 12.52 12.28 11.86 12.07 11.48 11.92 11.67 11.90 11.71 11.99 10.90 10.50 9.96 10.84 11.07 9.35
14.79 13.33 13.67 11.93 10.27 10.97 12.33 12.05 11.62 12.62 14.24 15.04 14.06 11.66 13.27 12.90 14.45 14.08 12.36 12.76 9.63 9.97 11.19 10.76 11.02 12.52 12.19 11.92 13.54 13.05 12.03 14.08 14.59 14.00 14.81 15.35 16.52 17.70 14.98 11.70 11.31 10.33 10.71 11.25 12.40 11.19 11.18 10.73 12.84 14.05 12.59 11.51 10.17 10.86 10.27 9.69 11.11 10.24 11.27 13.93 12.48 12.78 12.18 9.98 9.19 8.95 9.31 10.36 11.44 11.64 12.17 10.05 9.34 9.60 10.07 10.71 10.34
14.32 12.01 13.43 13.68 11.64 11.82 13.25 12.60 12.11 12.40 14.34 15.47 14.77 14.30 14.27 14.24 16.16 15.15 12.22 11.40 10.28 9.95 11.08 12.55 13.39 13.61 13.23 12.86 12.53 13.16 13.81 15.18 14.66 13.90 15.14 15.36 15.77 16.15 14.39 11.64 12.34 10.97 11.12 11.67 10.92 11.02 10.31 11.77 12.63 13.34 12.65 12.47 12.96 10.79 10.92 10.57 11.35 11.67 11.53 11.43 10.31 11.16 10.08 7.45 7.86 8.18 9.90 9.64 10.72 10.15 9.52 9.47 8.89 9.34 10.20 9.79 8.51
13.57 11.87 12.11 12.87 15.14 12.65 12.71 13.01 13.22 13.80 15.04 15.80 15.20 14.66 14.48 16.06 16.57 14.23 13.69 9.94 10.61 10.80 12.18 12.14 12.55 13.56 14.00 13.79 14.06 13.47 13.65 15.41 14.71 12.95 13.09 12.30 14.45 12.22 12.39 13.03 12.31 11.76 9.52 9.96 10.40 11.54 12.39 13.14 12.47 12.08 11.94 11.07 12.16 11.28 10.87 11.26 11.18 11.86 11.57 9.35 10.57 10.31 9.63 8.09 8.99 9.14 8.95 10.49 9.32 9.08 9.72 9.77 8.75 8.35 9.50 8.72 7.85
13.52 13.12 12.51 12.41 14.87 14.52 13.39 12.96 14.44 13.80 15.49 16.16 15.63 14.63 14.37 14.63 14.60 13.56 13.83 11.65 11.89 11.97 12.12 11.82 12.92 13.77 13.20 13.87 14.99 14.82 15.64 15.58 14.63 12.66 12.13 12.10 12.88 11.50 11.13 12.14 11.56 11.23 9.52 10.19 10.56 11.44 11.88 11.39 10.12 10.48 11.28 12.81 12.17 11.84 12.63 9.60 9.97 10.43 10.46 10.11 11.50 11.08 10.65 8.09 8.99 9.14 8.95 11.12 11.40 10.01 10.54 10.66 9.83 9.52 9.81 9.98 9.43
14.66 16.59 14.15 13.27 13.95 15.04 14.74 12.21 12.44 14.15 13.62 14.02 13.71 15.25 14.42 13.12 14.13 13.83 13.22 13.70 14.33 12.23 12.15 11.13 12.58 13.71 13.98 13.09 14.07 14.55 14.21 15.00 14.31 11.39 10.16 11.04 10.78 12.33 12.63 11.71 11.28 10.81 11.64 11.65 11.64 11.86 10.99 10.67 11.02 11.79 10.76 13.32 13.08 12.84 12.57 11.00 10.05 9.78 11.09 11.90 11.25 9.49 9.58 8.45 10.08 10.08 12.17 12.17 12.76 12.05 11.62 9.88 9.80 9.38 10.35 10.82 10.02
15.84 16.94 16.79 16.42 15.67 15.22 16.11 13.81 13.15 14.61 14.35 13.82 13.88 13.36 14.27 13.39 12.52 13.72 12.77 12.87 13.61 10.76 10.49 9.14 10.55 12.41 13.42 14.06 14.80 14.32 13.77 13.78 14.38 11.57 11.05 10.33 9.97 11.45 12.53 12.81 12.24 11.64 12.33 12.20 12.63 13.12 12.44 10.65 11.89 10.77 10.98 12.47 12.86 13.70 13.57 13.23 12.44 11.61 11.42 11.01 11.14 10.04 9.74 9.83 9.16 10.54 13.06 13.73 12.77 13.21 12.37 11.33 11.45 10.97 10.20 10.72 10.46
16.29 16.53 17.72 17.57 16.62 16.17 15.08 13.32 13.11 14.12 14.15 14.07 13.50 13.22 14.03 14.47 13.24 13.72 13.76 14.38 12.55 12.92 12.57 10.98 11.29 11.92 13.54 13.57 14.01 15.24 15.50 14.76 14.04 11.91 9.59 10.34 11.40 10.84 11.48 13.72 14.01 12.12 12.04 11.70 13.17 13.91 13.00 13.22 13.93 11.94 11.11 12.16 13.75 13.26 12.85 13.91 13.76 12.59 12.90 11.76 12.96 12.11 12.17 12.11 11.79 12.82 13.29 13.43 12.79 13.37 12.19 12.42 12.70 13.41 11.97 11.78 10.66
16.32 16.50 15.38 16.56 15.68 15.15 13.58 13.77 13.22 14.17 13.91 13.82 13.50 13.71 14.89 13.62 13.54 14.55 14.40 13.99 13.08 13.25 13.28 11.39 10.92 11.65 12.56 12.24 13.66 13.81 14.54 13.47 13.18 11.63 11.32 11.02 11.32 11.42 11.95 12.91 13.34 11.85 11.80 12.20 12.79 14.22 14.40 16.11 15.64 12.99 11.90 12.95 12.95 12.51 12.10 12.42 14.38 13.72 13.27 12.92 12.28 12.99 13.09 13.70 14.38 15.52 14.25 13.51 13.16 12.69 12.89 13.56 13.44 14.03 11.90 12.83 11.45
15.86 16.77 14.06 13.59 14.46 14.60 13.61 13.68 13.33 14.15 14.14 15.17 14.53 14.97 14.84 13.42 14.24 13.33 14.42 12.97 12.35 12.93 13.54 12.93 11.79 12.35 12.39 12.64 13.85 13.44 13.46 11.59 12.56 13.20 13.82 12.66 10.85 11.88 11.36 11.89 13.33 12.81 11.40 13.22 14.73 13.68 14.22 16.14 16.39 14.78 13.17 13.20 13.58 12.00 12.14 13.85 15.05 15.27 13.52 13.74 14.18 14.22 14.99 16.54 16.57 16.07 14.16 14.63 14.51 14.94 15.19 14.46 13.72 12.90 12.47 12.29 11.78
14.12 14.80 13.66 13.72 13.30 14.07 13.88 13.08 14.06 13.81 13.00 15.67 16.25 15.93 14.90 12.05 12.27 12.54 13.20 12.05 12.64 13.90 14.93 13.99 13.90 12.77 13.62 14.77 13.97 14.36 12.99 12.90 12.35 14.31 14.46 15.25 14.02 13.19 11.62 12.99 12.46 12.83 12.29 11.34 13.56 12.95 13.10 15.66 16.88 15.89 13.45 12.94 12.86 13.62 13.82 14.31 14.69 14.65 14.86 13.30 13.84 14.92 15.51 17.11 17.88 17.14 16.24 15.97 15.26 14.95 14.89 16.36 14.59 13.44 12.17 11.66 10.92
12.39 13.87 13.95 13.82 13.40 13.89 12.26 13.09 13.34 11.98 13.44 15.16 16.38 15.97 15.11 13.00 12.88 14.88 14.25 13.39 13.80 13.87 14.24 13.63 14.37 14.10 13.91 13.38 14.48 15.33 14.12 13.93 13.69 15.05 16.19 15.09 16.22 13.59 12.42 12.10 13.22 15.01 13.58 11.33 12.79 13.68 15.05 16.89 17.51 16.20 14.11 13.76 12.80 14.33 15.33 14.69 14.48 15.86 15.36 15.36 13.16 14.12 15.54 17.74 18.09 17.03 17.47 16.98 16.25 16.27 15.87 17.98 15.70 13.65 11.39 10.93 12.08
13.38 14.02 14.33 13.59 13.70 13.18 12.19 13.83 14.11 12.92 13.58 14.44 15.27 15.44 16.68 16.08 15.54 16.49 16.48 15.16 14.54 13.89 14.87 14.24 13.00 13.72 12.43 12.67 14.62 15.79 15.57 15.35 16.48 18.94 19.19 16.16 16.77 13.64 11.15 13.08 13.59 14.28 14.12 12.50 12.86 13.22 14.93 16.39 17.84 16.12 14.59 14.20 14.32 15.06 14.94 15.21 16.02 15.75 14.18 15.49 14.73 14.59 16.00 16.93 16.73 16.12 16.54 17.68 16.37 16.77 16.63 15.73 14.54 13.35 13.11 12.29 14.36
13.74 13.65 14.71 14.82 13.35 13.08 13.25 15.04 14.00 12.92 12.80 13.61 15.75 15.97 16.84 17.02 17.23 16.74 15.94 15.41 15.26 14.35 14.51 15.24 13.89 13.44 13.85 13.73 15.24 15.51 16.02 16.38 16.73 17.19 16.28 16.60 16.77 13.04 12.30 13.40 13.07 12.50 13.14 12.79 13.59 14.21 13.80 15.32 16.31 14.04 14.28 14.08 14.74 14.37 14.50 14.93 15.53 15.75 13.49 14.05 14.74 14.05 16.26 18.21 17.06 17.28 17.37 16.77 15.06 14.47 14.64 14.51 14.49 14.22 13.32 12.71 12.08
13.70 14.34 14.33 15.03 13.47 13.47 14.42 14.38 13.55 12.75 12.38 14.49 16.35 17.55 16.66 17.36 16.53 15.68 15.02 16.28 16.24 16.53 14.84 16.11 14.86 13.27 13.62 14.81 16.39 16.23 16.45 16.95 17.00 15.82 15.54 17.63 16.51 14.87 13.17 13.89 12.96 11.53 12.15 12.31 13.75 14.03 14.29 14.78 14.90 14.38 14.38 14.00 13.62 13.66 14.02 15.34 15.58 15.05 14.04 13.19 15.04 14.95 17.05 17.95 18.04 18.19 16.82 16.71 15.24 15.00 16.02 15.83 13.30 13.14 14.04 14.02 13.95
14.51 15.85 15.45 15.90 15.27 14.07 15.17 15.60 15.01 14.23 12.57 15.30 16.24 16.01 16.37 16.44 14.77 13.89 14.93 15.72 13.52 15.58 14.04 14.30 16.47 15.65 14.59 14.28 16.56 16.50 16.56 17.26 16.08 17.25 16.80 18.15 18.59 15.81 13.33 14.55 13.42 12.74 12.85 13.22 14.76 14.85 14.48 15.39 15.79 16.00 15.30 15.59 14.29 13.67 12.95 14.11 14.56 14.07 14.87 13.40 12.96 14.24 16.17 18.03 17.24 17.07 15.58 15.74 15.69 15.58 16.18 16.39 12.60 12.77 14.05 14.58 14.30
15.64 15.82 15.24 16.27 16.56 15.53 15.10 15.61 16.22 14.64 13.75 14.84 14.77 15.47 16.31 16.20 14.84 14.29 15.12 14.71 14.53 13.67 14.59 16.17 16.89 16.67 14.93 16.22 17.11 16.56 17.91 19.05 17.23 18.78 18.57 18.99 18.82 16.20 15.92 15.02 14.75 15.94 14.27 13.76 14.81 15.64 15.05 15.52 16.63 15.73 16.92 16.21 14.38 12.82 12.01 12.36 13.06 12.70 13.04 12.27 12.84 14.23 15.55 16.08 16.48 14.85 15.67 16.43 16.49 17.37 16.93 17.23 15.22 14.71 15.62 16.19 17.69
15.77 16.09 14.86 15.21 15.59 15.38 14.83 14.55 14.54 13.91 14.61 14.87 13.82 14.09 15.25 14.87 15.19 15.54 15.36 16.76 16.10 14.13 15.41 16.67 17.34 15.58 15.18 16.10 16.80 18.03 19.91 19.53 18.56 18.58 17.21 19.20 17.84 17.21 15.66 15.10 14.72 15.19 15.54 13.80 13.46 14.71 14.56 14.62 16.07 16.01 16.47 17.49 15.77 14.83 12.94 12.90 11.72 12.30 13.81 12.55 11.76 12.35 14.20 15.68 16.08 14.98 14.18 16.49 16.81 17.39 17.48 16.94 16.48 16.05 16.60 18.13 19.55
16.67 15.07 14.78 14.36 15.15 15.12 14.59 14.53 14.98 14.96 14.15 14.65 14.93 15.89 15.50 15.57 15.17 15.73 17.45 17.57 15.04 15.08 15.31 14.04 15.16 15.56 14.28 16.16 17.79 19.02 19.51 18.16 15.92 15.84 17.27 18.08 16.76 15.52 14.50 13.85 13.42 12.88 13.99 13.93 13.14 13.56 13.58 13.09 15.24 15.04 15.52 14.85 13.84 15.63 15.06 13.42 13.50 13.74 14.24 14.33 12.45 11.57 13.69 14.99 15.39 14.66 13.48 14.92 17.28 16.52 16.15 17.43 17.49 18.44 18.26 20.37 22.12
15.48 14.45 15.39 16.25 16.24 16.14 15.68 15.04 14.38 14.54 14.80 15.70 16.05 16.32 15.16 16.19 17.39 18.61 18.82 17.73 15.08 16.37 15.20 14.25 13.97 15.40 14.43 15.79 17.59 18.53 17.12 17.22 14.91 14.71 17.15 18.79 16.53 15.87 14.70 13.47 13.27 12.51 12.70 14.28 13.72 12.54 12.56 11.81 13.38 15.10 15.55 14.76 14.10 13.87 15.05 14.18 13.20 13.90 13.10 14.54 14.29 13.34 14.58 14.72 14.59 14.40 14.80 15.24 15.69 15.18 14.79 15.92 17.56 18.26 20.14 23.08 24.07
15.65 14.22 14.76 17.20 17.81 18.04 17.18 15.75 14.68 14.82 15.49 15.09 15.03 15.12 15.21 16.93 17.74 18.82 17.70 16.11 15.62 14.93 14.55 15.37 13.70 14.47 15.57 14.61 16.54 17.29 17.88 17.81 16.48 16.23 17.04 18.70 18.34 16.68 15.41 13.32 13.14 13.11 13.16 14.24 14.04 13.17 14.00 13.18 14.03 14.83 14.96 14.89 14.58 14.15 15.00 13.19 12.25 11.81 12.87 14.58 15.02 15.37 15.39 14.74 13.46 14.59 16.20 17.37 16.62 15.56 16.29 15.74 17.31 18.75 19.36 21.96 23.74
17.36 16.16 15.92 16.58 17.25 16.76 15.21 14.12 14.85 14.39 14.74 15.98 16.49 15.20 16.06 17.86 18.20 17.99 17.11 15.63 16.18 14.85 15.73 15.37 15.05 14.95 14.63 14.35 14.92 16.55 18.19 17.40 15.74 15.77 16.75 17.60 17.27 16.79 16.40 14.92 12.72 13.20 13.72 14.26 13.41 13.90 13.80 12.33 13.67 13.48 14.00 13.33 13.20 14.19 14.54 13.03 11.43 10.71 13.08 15.57 15.21 14.81 15.04 14.42 14.31 16.42 17.12 16.73 16.67 16.67 16.36 17.48 18.48 18.35 19.59 22.87 22.74
16.95 16.84 16.22 16.07 16.40 17.16 14.42 13.05 13.86 14.44 16.11 17.06 16.03 15.26 18.00 18.22 18.97 18.47 17.21 16.69 18.83 18.89 18.13 16.68 16.71 16.00 14.20 14.75 15.02 16.32 18.28 18.10 16.20 16.47 17.12 17.67 16.84 16.90 17.03 16.31 14.78 14.34 13.51 14.14 14.78 14.67 12.61 12.35 13.24 13.13 13.56 13.59 13.15 14.06 14.48 14.35 12.13 13.23 15.84 16.12 15.24 14.52 14.57 16.68 16.23 15.93 16.13 15.07 16.07 17.01 16.66 16.79 16.95 18.05 19.43 22.12 22.15
17.02 15.85 16.78 17.54 17.91 17.99 13.94 12.56 13.90 15.73 17.73 17.67 16.08 15.01 16.69 19.80 19.46 19.10 18.22 18.35 19.71 19.73 18.92 17.50 15.65 14.18 13.80 14.54 16.13 15.38 17.51 18.92 17.34 17.01 17.53 18.21 18.33 16.77 16.30 16.15 15.69 14.70 13.89 14.32 16.21 15.54 14.64 14.01 12.24 12.40 14.59 14.97 15.34 15.45 15.56 12.84 12.47 15.13 16.60 16.55 15.30 16.30 15.72 17.15 16.85 17.52 17.16 17.40 16.28 17.17 16.46 15.64 16.19 17.93 20.01 21.25 20.40
16.24 16.89 16.22 15.78 18.10 18.10 14.97 15.11 15.87 16.62 17.50 17.15 15.10 14.24 16.04 19.00 19.95 19.22 18.10 18.95 19.78 19.30 17.96 18.77 15.55 14.61 15.15 15.41 17.12 15.52 16.50 17.99 16.68 16.29 16.92 16.62 16.61 16.22 15.35 15.51 16.13 15.44 13.12 13.88 15.33 15.67 15.15 14.10 13.34 14.02 13.85 13.40 15.53 17.11 15.34 13.41 14.42 15.38 16.30 15.66 15.36 16.49 15.24 14.70 15.13 15.77 16.77 17.20 15.30 14.90 16.31 15.14 16.00 18.08 19.18 18.72 17.19
17.25 17.31 16.22 14.86 15.96 16.02 15.08 15.17 17.06 17.74 17.20 17.59 16.60 15.87 15.72 17.29 18.39 18.38 18.64 18.58 19.00 18.75 19.32 19.40 16.70 15.88 18.09 18.08 18.65 15.62 15.53 16.91 16.43 15.98 15.14 15.77 16.89 15.79 14.48 14.48 15.46 15.48 15.12 14.61 14.53 14.10 14.23 12.87 12.74 14.80 15.13 14.39 15.01 16.00 15.59 15.31 14.69 13.88 13.59 13.11 13.28 14.12 12.40 11.30 11.79 12.38 13.33 14.20 14.59 15.08 14.34 13.23 14.01 17.19 16.54 15.14 15.99
18.40 17.05 16.76 16.43 15.62 17.32 16.05 16.25 17.20 17.64 17.30 18.06 18.64 17.10 17.79 17.77 17.61 18.24 17.71 18.74 18.59 18.29 19.46 19.95 18.43 19.10 19.89 20.33 19.22 15.90 15.24 16.01 15.84 14.19 14.48 15.55 16.39 15.60 15.63 15.42 15.16 15.29 15.99 14.21 14.15 12.68 13.18 12.25 11.91 14.38 15.53 15.25 16.23 17.31 16.90 16.17 13.14 12.20 11.91 12.47 13.85 14.50 13.15 11.99 11.77 12.34 13.85 13.14 13.36 15.04 14.53 14.35 14.42 15.88 16.03 16.35 17.71
19.57 19.40 18.67 18.99 18.30 17.97 18.32 18.20 18.81 18.90 18.68 18.63 19.76 20.25 20.36 19.67 19.13 18.55 18.58 18.99 17.98 17.99 18.68 19.83 20.12 20.09 19.09 19.50 19.47 18.49 15.71 14.98 14.81 14.49 15.04 15.75 15.81 15.21 15.89 15.70 15.08 13.33 14.64 15.19 14.67 13.13 12.72 11.26 12.67 15.08 16.89 18.14 18.32 17.96 17.81 17.75 15.84 13.59 13.66 13.21 13.73 14.44 13.41 12.33 14.06 13.94 13.42 13.32 13.04 13.05 12.42 12.68 13.87 13.59 15.79 16.60 17.42
19.00 19.36 20.83 18.80 19.43 18.57 19.29 19.14 19.97 19.04 19.73 19.11 19.59 19.14 19.19 19.13 19.60 20.61 20.29 18.40 16.51 17.48 19.38 18.91 17.49 18.37 19.22 19.13 17.50 17.39 16.89 16.21 15.83 15.70 16.06 17.85 17.61 15.18 16.12 16.96 16.86 14.20 14.04 15.35 15.59 15.54 15.78 13.80 16.50 18.31 18.55 18.56 18.38 16.90 16.06 15.34 15.20 15.51 14.30 13.35 14.03 14.02 12.86 12.50 14.35 14.04 14.21 14.30 12.90 13.14 13.85 15.31 15.85 16.17 17.24 16.32 17.60
