main/data/irradiance/09.01.2023.grid
ncols 839
nrows 679
xllcenter 112.0500
yllcenter -43.9500
cellsize 0.0500
nodata_value 99999.90
[rows 612 to 645 of 679, columns 616 to 692 of 839]
99999.90 99999.90 99999.90 99999.90 99999.90 99999.90 99999.90 99999.90 99999.90 99999.90 99999.90 99999.90 99999.90 99999.90 99999.90 99999.90 99999.90 99999.90 99999.90 99999.90 99999.90 99999.90 99999.90 99999.90 99999.90 99999.90 28.50 28.79 28.79 28.79 28.79 28.79 28.79 28.79 28.79 28.79 28.79 28.79 28.79 28.65 29.46 29.46 29.46 29.46 29.46 29.82 31.22 30.72 30.27 30.56 30.56 30.56 30.56 29.97 29.97 29.97 29.97 30.22 30.22 30.22 30.07 30.07 29.76 29.76 29.94 29.94 29.94 29.94 29.94 30.24 30.24 30.46 30.46 30.46 30.46 30.46 30.46
99999.90 99999.90 99999.90 99999.90 99999.90 99999.90 99999.90 99999.90 99999.90 99999.90 99999.90 99999.90 99999.90 99999.90 99999.90 99999.90 99999.90 99999.90 99999.90 99999.90 99999.90 99999.90 99999.90 99999.90 99999.90 99999.90 28.50 28.79 28.79 28.79 28.79 28.79 28.79 28.79 28.79 28.79 28.79 28.79 28.79 28.65 29.46 29.46 29.46 29.46 29.82 29.82 31.22 30.72 30.27 30.56 30.56 30.56 29.82 29.97 29.97 29.97 29.97 30.22 30.22 30.07 30.07 30.07 29.76 29.94 29.94 29.94 29.94 29.94 29.94 30.24 30.58 30.07 30.46 30.46 30.46 30.46 30.46
99999.90 99999.90 99999.90 99999.90 99999.90 99999.90 99999.90 99999.90 99999.90 99999.90 99999.90 99999.90 99999.90 99999.90 99999.90 99999.90 99999.90 99999.90 99999.90 99999.90 99999.90 99999.90 99999.90 99999.90 99999.90 99999.90 28.50 28.50 28.50 28.79 28.79 28.79 28.79 28.79 28.79 28.79 28.79 28.79 29.12 28.65 28.65 29.46 30.28 29.82 29.82 31.09 31.22 30.72 30.27 30.56 30.56 30.56 29.82 29.97 29.97 29.97 30.22 30.22 30.22 30.07 30.07 29.76 29.76 29.94 29.94 29.94 29.94 29.94 30.24 30.24 30.58 30.07 30.46 30.46 30.46 30.46 30.46
99999.90 99999.90 99999.90 99999.90 99999.90 99999.90 99999.90 99999.90 99999.90 99999.90 99999.90 99999.90 99999.90 99999.90 99999.90 99999.90 99999.90 99999.90 99999.90 99999.90 99999.90 99999.90 99999.90 99999.90 99999.90 99999.90 28.50 28.50 28.50 28.50 28.50 28.50 28.50 28.50 28.79 28.79 28.87 28.87 28.87 28.78 29.19 30.15 30.28 29.82 29.82 31.09 31.22 30.72 30.27 30.56 30.56 29.89 29.82 29.97 29.97 29.97 30.22 30.22 30.07 30.07 30.07 29.76 29.76 29.94 29.94 29.94 29.94 29.94 30.24 30.14 30.58 30.07 30.08 30.46 30.46 30.46 30.46
99999.90 99999.90 99999.90 99999.90 99999.90 99999.90 99999.90 99999.90 99999.90 99999.90 99999.90 99999.90 99999.90 99999.90 99999.90 99999.90 99999.90 99999.90 99999.90 99999.90 99999.90 99999.90 99999.90 99999.90 99999.90 99999.90 28.50 28.50 28.50 28.50 28.50 28.50 28.50 28.50 28.50 28.50 28.76 28.76 28.76 29.52 29.69 30.21 30.42 30.42 30.58 31.09 31.22 30.72 30.27 30.56 30.56 29.89 29.82 29.97 29.97 30.22 30.22 30.22 30.07 30.07 29.76 29.76 29.76 29.94 29.94 29.94 29.94 30.24 30.24 30.14 30.58 30.07 30.08 30.46 30.46 30.46 30.46
99999.90 99999.90 99999.90 99999.90 99999.90 99999.90 99999.90 99999.90 99999.90 99999.90 99999.90 99999.90 99999.90 99999.90 99999.90 99999.90 99999.90 99999.90 99999.90 99999.90 99999.90 99999.90 99999.90 99999.90 99999.90 99999.90 28.50 28.50 28.50 28.50 28.50 28.50 28.50 28.50 28.50 28.50 28.50 29.30 29.30 29.62 30.63 30.80 30.99 30.79 30.91 30.90 30.85 30.95 30.67 30.44 30.30 29.89 29.82 29.97 29.97 30.22 30.22 30.07 30.07 30.07 29.76 29.76 30.13 29.94 29.94 29.94 29.94 30.24 30.24 30.14 30.58 30.07 30.08 30.46 30.46 30.46 30.46
99999.90 99999.90 99999.90 99999.90 99999.90 99999.90 99999.90 99999.90 99999.90 99999.90 99999.90 99999.90 99999.90 99999.90 99999.90 99999.90 99999.90 99999.90 99999.90 99999.90 99999.90 99999.90 99999.90 99999.90 99999.90 99999.90 28.50 28.50 28.50 28.50 28.50 28.50 28.50 28.50 28.50 28.50 28.50 27.91 27.61 28.61 29.35 30.57 30.99 31.10 30.92 30.86 30.28 30.70 30.72 30.55 30.38 30.41 29.75 29.28 29.96 30.22 30.22 30.07 30.07 29.76 29.76 29.76 30.13 29.94 29.94 29.94 30.24 30.24 30.24 30.14 30.58 30.07 30.08 30.46 30.46 30.46 30.46
99999.90 99999.90 99999.90 99999.90 99999.90 99999.90 99999.90 99999.90 99999.90 99999.90 99999.90 99999.90 99999.90 99999.90 99999.90 99999.90 99999.90 99999.90 99999.90 99999.90 99999.90 99999.90 99999.90 99999.90 99999.90 99999.90 28.70 28.70 28.70 28.70 28.70 28.70 28.70 28.70 28.70 28.70 28.70 28.28 26.85 27.94 29.16 29.97 30.46 31.07 30.93 30.77 30.65 30.66 30.75 30.33 30.40 30.48 30.55 30.45 30.00 30.19 29.90 30.07 30.07 29.76 29.76 30.10 30.13 29.94 29.94 29.94 30.24 30.24 30.22 30.14 30.58 30.07 30.08 29.87 30.46 30.46 30.46
99999.90 99999.90 99999.90 99999.90 99999.90 99999.90 99999.90 99999.90 99999.90 99999.90 99999.90 99999.90 99999.90 99999.90 99999.90 99999.90 99999.90 99999.90 99999.90 99999.90 99999.90 99999.90 99999.90 99999.90 99999.90 99999.90 28.70 28.70 28.70 28.70 28.70 28.70 28.70 28.70 28.70 28.70 28.70 28.73 27.56 28.28 28.41 29.63 30.38 31.10 31.29 31.19 30.91 30.90 30.67 30.49 30.55 30.62 30.72 30.68 30.45 30.37 30.22 30.27 29.81 29.76 29.76 30.10 30.13 29.94 29.94 30.24 30.24 30.24 30.22 30.14 30.58 30.07 30.08 29.87 30.46 30.46 30.46
99999.90 99999.90 99999.90 99999.90 99999.90 99999.90 99999.90 99999.90 99999.90 99999.90 99999.90 99999.90 99999.90 99999.90 99999.90 99999.90 99999.90 99999.90 99999.90 99999.90 99999.90 99999.90 99999.90 99999.90 99999.90 99999.90 28.70 28.70 28.70 28.70 28.70 28.70 28.70 28.70 28.70 28.68 28.68 28.68 26.62 27.82 28.75 29.84 30.45 30.97 30.44 30.67 30.50 31.12 30.95 30.66 30.41 30.85 30.61 30.46 30.80 30.74 30.13 30.00 30.11 29.93 29.85 30.10 30.13 29.94 29.94 30.24 30.24 29.87 30.22 30.14 30.58 30.07 30.08 29.87 30.34 30.46 30.46
99999.90 99999.90 99999.90 99999.90 99999.90 99999.90 99999.90 99999.90 99999.90 99999.90 99999.90 99999.90 99999.90 99999.90 99999.90 99999.90 99999.90 99999.90 99999.90 99999.90 99999.90 99999.90 99999.90 99999.90 99999.90 99999.90 28.70 28.70 28.70 28.70 28.70 28.70 28.70 27.88 27.88 27.88 27.88 27.88 25.66 27.60 28.09 29.86 30.70 30.69 30.57 30.66 30.42 30.88 30.66 30.42 30.61 30.50 30.69 30.74 30.72 30.70 30.11 30.24 30.28 29.88 29.98 30.09 30.47 30.24 29.91 30.24 30.24 29.87 30.22 30.14 30.58 30.07 30.08 29.87 30.34 30.46 30.46
99999.90 99999.90 99999.90 99999.90 99999.90 99999.90 99999.90 99999.90 99999.90 99999.90 99999.90 99999.90 99999.90 99999.90 99999.90 99999.90 99999.90 99999.90 99999.90 99999.90 99999.90 99999.90 99999.90 99999.90 99999.90 99999.90 28.70 28.70 28.70 27.48 27.48 27.48 27.48 27.48 27.48 27.48 27.48 27.48 25.63 26.44 28.27 29.10 30.45 31.00 30.94 30.90 30.97 30.76 30.67 30.86 30.66 30.58 30.60 30.70 30.69 30.70 30.24 30.48 30.26 30.03 29.75 30.23 30.49 30.42 30.17 29.93 30.10 29.87 30.22 30.14 30.58 30.07 30.08 29.87 30.34 30.46 30.70
99999.90 99999.90 99999.90 99999.90 99999.90 99999.90 99999.90 99999.90 99999.90 99999.90 99999.90 99999.90 99999.90 99999.90 99999.90 99999.90 99999.90 99999.90 99999.90 99999.90 99999.90 99999.90 99999.90 99999.90 99999.90 99999.90 28.70 27.48 27.48 27.48 27.48 27.48 27.48 27.48 27.48 27.48 27.48 27.48 25.57 25.72 28.02 29.12 30.58 31.05 30.99 31.10 31.14 30.65 30.54 30.28 30.34 30.96 30.44 30.26 30.38 30.29 30.74 30.72 30.35 30.08 30.10 30.15 30.50 30.61 30.32 29.86 30.16 29.85 29.88 30.06 30.24 30.25 29.95 29.75 30.18 30.51 30.58
99999.90 99999.90 99999.90 99999.90 99999.90 99999.90 99999.90 99999.90 99999.90 99999.90 99999.90 99999.90 99999.90 99999.90 99999.90 99999.90 99999.90 99999.90 99999.90 99999.90 99999.90 99999.90 99999.90 99999.90 99999.90 99999.90 28.70 27.48 27.48 27.48 27.48 27.48 27.48 27.48 27.48 27.48 27.51 27.51 27.51 24.62 24.80 28.90 30.44 30.78 31.06 31.13 31.24 31.20 30.99 30.79 30.51 30.37 30.40 30.28 30.34 29.98 30.05 30.62 30.81 30.61 30.29 29.92 30.10 30.63 30.55 30.45 30.20 29.78 29.92 29.79 29.68 29.98 30.10 29.94 29.86 30.29 30.57
99999.90 99999.90 99999.90 99999.90 99999.90 99999.90 99999.90 99999.90 99999.90 99999.90 99999.90 99999.90 99999.90 99999.90 99999.90 99999.90 99999.90 99999.90 99999.90 99999.90 99999.90 99999.90 99999.90 99999.90 99999.90 99999.90 28.70 27.48 27.48 27.48 27.48 27.48 27.48 27.48 27.51 27.51 27.51 27.51 27.51 24.51 23.01 25.79 29.75 30.35 30.92 31.09 31.08 31.15 31.31 30.99 30.43 30.25 30.11 30.00 29.97 29.88 29.77 30.20 30.30 30.58 30.55 30.01 30.28 30.63 30.78 30.91 30.57 30.51 29.64 29.97 29.50 29.99 30.19 30.01 30.05 29.92 30.20
99999.90 99999.90 99999.90 99999.90 99999.90 99999.90 99999.90 99999.90 99999.90 99999.90 99999.90 99999.90 99999.90 99999.90 99999.90 99999.90 99999.90 99999.90 99999.90 99999.90 99999.90 99999.90 99999.90 99999.90 99999.90 99999.90 28.70 27.48 27.48 27.48 27.48 27.48 27.51 27.51 27.51 27.51 27.51 25.59 25.59 25.59 22.85 21.70 26.88 29.89 30.48 31.29 31.29 31.23 31.31 30.83 30.70 30.54 30.33 30.16 30.00 29.98 30.20 30.08 29.75 29.60 30.21 30.33 30.43 30.52 30.38 30.79 30.51 30.63 30.14 29.86 29.42 29.78 29.91 30.19 30.04 29.93 30.18
99999.90 99999.90 99999.90 99999.90 99999.90 99999.90 99999.90 99999.90 99999.90 99999.90 99999.90 99999.90 99999.90 99999.90 99999.90 99999.90 99999.90 99999.90 99999.90 99999.90 99999.90 99999.90 99999.90 99999.90 99999.90 99999.90 28.70 27.48 27.48 27.48 27.51 27.51 27.51 27.51 27.51 25.59 25.59 25.59 25.59 25.59 24.43 21.69 19.96 27.45 28.77 30.09 30.77 31.09 31.23 31.16 30.73 30.81 30.82 30.06 30.24 29.71 30.35 30.07 29.84 29.85 29.93 29.72 29.89 30.33 30.12 30.11 30.20 30.88 30.90 29.95 29.69 29.48 29.64 29.58 30.17 30.37 29.99
99999.90 99999.90 99999.90 99999.90 99999.90 99999.90 99999.90 99999.90 99999.90 99999.90 99999.90 99999.90 99999.90 99999.90 99999.90 99999.90 99999.90 99999.90 99999.90 99999.90 99999.90 99999.90 99999.90 99999.90 99999.90 99999.90 28.70 27.48 27.51 27.51 27.51 27.51 27.51 25.59 25.59 25.59 25.59 25.59 26.63 26.63 26.63 23.50 20.46 20.84 25.35 27.83 29.18 30.29 31.20 31.04 30.89 30.87 30.97 30.35 30.40 29.91 30.12 30.12 30.05 29.91 29.88 29.64 29.74 29.35 29.90 30.03 30.32 30.93 30.85 30.63 30.37 29.73 29.65 29.48 29.82 30.54 30.76
99999.90 99999.90 99999.90 99999.90 99999.90 99999.90 99999.90 99999.90 99999.90 99999.90 99999.90 99999.90 99999.90 99999.90 99999.90 99999.90 99999.90 99999.90 99999.90 99999.90 99999.90 99999.90 99999.90 99999.90 99999.90 99999.90 99999.90 27.48 27.51 27.51 27.51 25.59 25.59 25.59 25.59 25.59 26.63 26.63 26.63 26.63 26.63 24.98 22.21 21.98 24.03 25.22 27.81 28.71 30.88 30.85 30.97 30.94 30.86 30.89 30.76 29.86 29.57 30.07 29.89 29.90 29.96 29.91 29.17 29.03 29.24 29.87 30.43 30.82 30.59 30.56 30.31 30.04 29.69 29.79 29.59 30.02 30.24
99999.90 99999.90 99999.90 99999.90 99999.90 99999.90 99999.90 99999.90 99999.90 99999.90 99999.90 99999.90 99999.90 99999.90 99999.90 99999.90 99999.90 99999.90 99999.90 99999.90 99999.90 99999.90 99999.90 99999.90 99999.90 99999.90 99999.90 27.48 27.51 25.59 25.59 25.59 25.59 25.59 26.63 26.63 26.63 26.63 26.63 25.10 25.10 25.10 22.72 23.75 23.78 24.26 26.71 27.95 28.25 30.29 30.67 30.75 30.85 30.95 30.91 30.24 29.71 30.26 30.08 29.80 29.72 30.06 29.80 29.41 28.91 29.31 30.22 30.58 30.62 30.36 30.47 30.21 30.05 29.94 29.76 30.13 30.04
99999.90 99999.90 99999.90 99999.90 99999.90 99999.90 99999.90 99999.90 99999.90 99999.90 99999.90 99999.90 99999.90 99999.90 99999.90 99999.90 99999.90 99999.90 99999.90 99999.90 99999.90 99999.90 99999.90 99999.90 99999.90 99999.90 99999.90 27.48 27.51 25.59 25.59 25.59 26.63 26.63 26.63 26.63 26.63 25.10 25.10 25.10 25.10 25.10 23.39 24.27 24.26 23.51 26.35 27.45 26.95 28.72 29.86 30.19 30.54 30.72 30.43 30.56 30.71 30.40 30.23 30.04 30.20 30.15 30.11 29.84 29.43 29.05 29.80 30.49 30.80 30.71 30.71 30.18 30.39 29.74 29.95 30.42 30.26
99999.90 99999.90 99999.90 99999.90 99999.90 99999.90 99999.90 99999.90 99999.90 99999.90 99999.90 99999.90 99999.90 99999.90 99999.90 99999.90 99999.90 99999.90 99999.90 99999.90 99999.90 99999.90 99999.90 99999.90 99999.90 99999.90 99999.90 27.48 27.51 25.59 26.63 26.63 26.63 26.63 26.63 25.10 25.10 25.10 25.10 25.10 24.50 24.50 24.50 25.16 25.06 25.18 26.20 26.26 25.78 25.14 28.47 29.74 29.65 30.80 30.81 30.42 30.80 30.85 29.92 30.09 30.09 30.01 30.35 30.01 29.62 29.25 29.19 30.09 30.66 30.64 30.65 30.59 29.85 29.13 29.89 30.37 30.60
99999.90 99999.90 99999.90 99999.90 99999.90 99999.90 99999.90 99999.90 99999.90 99999.90 99999.90 99999.90 99999.90 99999.90 99999.90 99999.90 99999.90 99999.90 99999.90 99999.90 99999.90 99999.90 99999.90 99999.90 99999.90 99999.90 99999.90 99999.90 27.51 25.59 26.63 26.63 26.63 25.10 25.10 25.10 25.10 25.10 24.50 24.50 24.50 24.50 24.50 24.89 25.28 26.76 27.52 26.90 24.63 26.49 27.69 29.60 29.15 30.68 30.69 30.28 30.35 30.63 30.13 30.05 30.38 30.17 30.11 30.24 29.74 29.55 29.47 29.65 30.58 30.34 30.08 30.22 29.98 28.63 28.31 29.32 30.00
99999.90 99999.90 99999.90 99999.90 99999.90 99999.90 99999.90 99999.90 99999.90 99999.90 99999.90 99999.90 99999.90 99999.90 99999.90 99999.90 99999.90 99999.90 99999.90 99999.90 99999.90 99999.90 99999.90 99999.90 99999.90 99999.90 99999.90 99999.90 27.51 25.59 26.63 25.10 25.10 25.10 25.10 25.10 24.50 24.50 24.50 24.50 24.50 24.50 24.89 24.89 22.68 25.24 28.27 27.86 24.31 26.02 27.18 29.18 30.52 30.88 30.45 30.30 30.43 29.91 30.34 30.03 30.17 30.10 30.09 30.39 30.29 29.96 29.66 29.87 30.26 29.57 29.34 29.87 28.67 27.10 27.83 28.71 29.12
99999.90 99999.90 99999.90 99999.90 99999.90 99999.90 99999.90 99999.90 99999.90 99999.90 99999.90 99999.90 99999.90 99999.90 99999.90 99999.90 99999.90 99999.90 99999.90 99999.90 99999.90 99999.90 99999.90 99999.90 99999.90 99999.90 99999.90 99999.90 99999.90 25.59 26.63 25.10 25.10 25.10 24.50 24.50 24.50 24.50 24.50 24.50 24.50 24.89 24.89 22.68 22.68 21.31 23.39 26.35 27.29 28.19 27.92 28.24 30.14 30.66 29.97 29.92 30.22 30.31 30.07 30.17 30.23 30.03 30.12 30.24 30.29 30.10 29.84 29.88 29.87 29.35 29.62 29.69 28.56 29.35 28.57 26.49 27.20
99999.90 99999.90 99999.90 99999.90 99999.90 99999.90 99999.90 99999.90 99999.90 99999.90 99999.90 99999.90 99999.90 99999.90 99999.90 99999.90 99999.90 99999.90 99999.90 99999.90 99999.90 99999.90 99999.90 99999.90 99999.90 99999.90 99999.90 99999.90 99999.90 25.59 26.63 25.10 24.50 24.50 24.50 24.50 24.50 24.50 24.50 24.50 24.89 24.89 22.68 22.68 21.31 21.31 15.82 15.83 25.28 27.33 27.58 25.01 24.48 28.03 29.08 30.13 30.62 30.22 29.42 30.26 30.15 30.05 30.09 30.31 30.06 29.65 30.17 30.14 29.85 29.77 29.85 30.06 29.83 28.48 28.78 27.87 28.15
99999.90 99999.90 99999.90 99999.90 99999.90 99999.90 99999.90 99999.90 99999.90 99999.90 99999.90 99999.90 99999.90 99999.90 99999.90 99999.90 99999.90 99999.90 99999.90 99999.90 99999.90 99999.90 99999.90 99999.90 99999.90 99999.90 99999.90 99999.90 99999.90 99999.90 26.63 25.10 24.50 24.50 24.50 24.50 24.50 24.50 24.50 24.89 24.89 22.68 22.68 21.31 21.31 15.82 15.82 18.28 22.16 22.54 25.67 24.85 20.91 23.37 27.30 29.71 29.87 29.87 29.73 29.80 30.14 30.31 30.05 30.07 29.89 29.72 30.10 30.21 30.22 29.52 30.12 29.90 29.93 29.58 29.40 28.21 27.47
99999.90 99999.90 99999.90 99999.90 99999.90 99999.90 99999.90 99999.90 99999.90 99999.90 99999.90 99999.90 99999.90 99999.90 99999.90 99999.90 99999.90 99999.90 99999.90 99999.90 99999.90 99999.90 99999.90 99999.90 99999.90 99999.90 99999.90 99999.90 99999.90 99999.90 26.63 25.10 24.50 24.50 24.50 24.50 24.50 24.50 24.89 24.89 22.68 22.68 21.31 21.31 15.82 15.82 18.28 18.28 24.88 26.13 25.12 25.39 23.92 23.28 24.24 28.15 29.66 30.08 29.28 29.95 30.23 30.55 30.19 29.81 29.91 29.72 30.06 30.35 30.08 29.75 30.24 29.80 29.23 29.48 29.04 26.98 26.87
99999.90 99999.90 99999.90 99999.90 99999.90 99999.90 99999.90 99999.90 99999.90 99999.90 99999.90 99999.90 99999.90 99999.90 99999.90 99999.90 99999.90 99999.90 99999.90 99999.90 99999.90 99999.90 99999.90 99999.90 99999.90 99999.90 99999.90 99999.90 99999.90 99999.90 99999.90 25.10 24.50 24.50 24.50 24.50 24.50 24.89 24.89 22.68 22.68 21.31 21.31 15.82 15.82 18.28 18.28 24.88 24.88 26.53 23.46 24.38 23.54 23.54 22.57 25.30 28.20 29.48 28.71 29.06 30.32 30.16 30.11 30.36 29.69 29.59 30.06 30.35 30.41 30.48 30.64 30.10 29.91 28.23 27.29 28.07 28.18
99999.90 99999.90 99999.90 99999.90 99999.90 99999.90 99999.90 99999.90 99999.90 99999.90 99999.90 99999.90 99999.90 99999.90 99999.90 99999.90 99999.90 99999.90 99999.90 99999.90 99999.90 99999.90 99999.90 99999.90 99999.90 99999.90 99999.90 99999.90 99999.90 99999.90 99999.90 25.10 24.50 24.50 24.50 24.50 24.89 24.89 22.68 22.68 21.31 21.31 15.82 15.82 18.28 18.28 24.88 24.99 24.99 24.99 23.98 25.28 24.30 24.36 24.32 25.51 25.31 26.73 27.82 28.07 29.23 29.31 29.20 30.44 30.05 29.92 30.36 30.36 30.52 30.64 30.84 30.36 30.01 29.27 28.47 26.85 28.22
99999.90 99999.90 99999.90 99999.90 99999.90 99999.90 99999.90 99999.90 99999.90 99999.90 99999.90 99999.90 99999.90 99999.90 99999.90 99999.90 99999.90 99999.90 99999.90 99999.90 99999.90 99999.90 99999.90 99999.90 99999.90 99999.90 99999.90 99999.90 99999.90 99999.90 99999.90 99999.90 24.50 24.50 24.50 24.89 24.89 22.68 22.68 21.31 21.31 15.82 24.14 24.14 24.14 24.14 24.14 24.14 24.14 24.99 25.23 25.03 24.50 24.88 25.07 23.63 25.40 25.75 26.11 28.11 28.11 28.65 28.51 29.55 30.14 29.96 29.59 29.73 30.14 30.74 30.83 30.36 30.12 29.53 29.25 26.80 26.92
99999.90 99999.90 99999.90 99999.90 99999.90 99999.90 99999.90 99999.90 99999.90 99999.90 99999.90 99999.90 99999.90 99999.90 99999.90 99999.90 99999.90 99999.90 99999.90 99999.90 99999.90 99999.90 99999.90 99999.90 99999.90 99999.90 99999.90 99999.90 99999.90 99999.90 99999.90 99999.90 24.50 24.50 24.89 24.89 22.68 22.68 21.31 24.14 24.14 24.14 24.14 24.14 24.14 24.14 24.14 24.14 24.14 24.14 25.23 22.67 22.89 25.49 25.70 23.10 26.72 26.15 24.89 25.67 29.29 28.41 28.03 26.87 27.92 29.68 29.83 29.92 30.14 30.69 30.53 30.45 30.16 29.43 29.10 28.17 26.54
99999.90 99999.90 99999.90 99999.90 99999.90 99999.90 99999.90 99999.90 99999.90 99999.90 99999.90 99999.90 99999.90 99999.90 99999.90 99999.90 99999.90 99999.90 99999.90 99999.90 99999.90 99999.90 99999.90 99999.90 99999.90 99999.90 99999.90 99999.90 99999.90 99999.90 99999.90 99999.90 99999.90 24.89 24.89 22.68 22.68 21.31 24.14 24.14 24.14 24.14 24.14 24.14 24.14 24.14 24.14 24.14 24.14 24.14 21.86 21.86 21.44 24.22 24.15 23.83 24.87 24.73 26.03 26.22 28.04 28.22 27.59 27.51 29.09 28.69 29.77 29.92 30.49 30.49 30.68 30.29 30.08 29.73 29.16 28.79 25.27
99999.90 99999.90 99999.90 99999.90 99999.90 99999.90 99999.90 99999.90 99999.90 99999.90 99999.90 99999.90 99999.90 99999.90 99999.90 99999.90 99999.90 99999.90 99999.90 99999.90 99999.90 99999.90 99999.90 99999.90 99999.90 99999.90 99999.90 99999.90 99999.90 99999.90 99999.90 99999.90 99999.90 99999.90 22.68 22.68 21.31 21.31 24.29 24.29 24.29 24.29 24.29 24.29 24.29 24.29 24.29 24.29 24.29 24.29 21.86 21.86 17.98 18.49 20.38 24.22 24.29 24.97 25.53 24.47 25.04 22.99 25.88 27.08 28.08 27.22 29.47 29.96 30.43 30.44 30.34 30.10 30.04 29.90 29.28 28.96 26.03
