main/data/irradiance/09.02.2023.grid
ncols 839
nrows 679
xllcenter 112.0500
yllcenter -43.9500
cellsize 0.0500
nodata_value 99999.90
[rows 136 to 169 of 679, columns 308 to 384 of 839]
19.31 20.40 20.62 21.83 21.88 21.92 21.71 22.01 21.44 23.88 25.02 24.92 23.95 23.26 23.35 24.30 22.29 22.56 24.19 23.22 22.02 22.81 23.95 23.85 23.93 25.33 26.50 26.38 26.23 27.58 26.11 25.08 25.36 25.51 26.10 26.56 26.41 25.73 26.60 26.89 27.28 26.57 26.42 26.29 27.32 27.16 25.54 25.41 25.62 25.87 25.20 24.37 24.12 25.39 25.43 25.84 26.85 26.18 25.79 25.32 25.58 26.55 27.39 27.11 27.25 27.48 27.33 27.75 27.68 27.79 27.96 27.42 27.38 27.10 27.81 27.97 27.75
20.30 21.52 20.34 19.91 21.40 22.07 22.05 21.86 22.53 22.35 23.57 25.25 24.11 23.81 23.15 24.26 23.56 23.16 23.69 22.98 21.07 21.34 21.79 23.12 24.45 25.54 27.05 27.56 26.98 27.13 25.92 25.49 24.75 25.78 26.46 26.07 26.03 25.92 26.78 26.99 26.41 27.01 27.35 26.94 27.28 26.11 26.59 27.21 26.02 25.36 24.98 24.58 25.24 26.20 25.11 24.45 24.96 25.44 25.63 26.47 26.45 27.06 27.14 27.23 27.27 27.17 27.77 27.82 27.91 27.64 27.92 27.49 27.05 26.85 27.55 28.02 27.22
20.89 21.89 20.56 19.69 22.17 21.90 21.55 22.05 24.41 24.58 24.06 25.57 23.82 23.49 24.28 23.76 24.77 25.05 22.90 23.29 21.66 22.69 21.02 22.07 24.22 24.21 25.92 27.61 27.99 27.47 26.38 26.15 25.48 26.91 25.15 25.70 25.56 26.16 25.64 26.29 25.19 26.13 27.39 27.26 26.74 25.86 26.78 27.15 25.80 25.52 25.93 25.40 25.64 25.54 24.74 24.85 24.54 24.81 25.43 26.57 27.12 27.43 27.57 27.60 27.21 26.89 27.39 27.24 27.74 27.85 27.06 26.80 27.01 26.41 26.91 27.50 27.60
22.40 22.68 20.39 21.68 23.94 22.38 22.02 23.08 22.94 22.40 22.78 24.40 23.66 23.63 22.01 21.77 22.53 23.51 24.40 24.46 22.80 22.92 22.77 22.55 23.92 24.79 26.41 27.14 27.67 27.70 26.10 25.99 25.48 26.39 25.72 26.02 26.49 26.32 25.56 26.04 25.05 25.09 26.15 27.03 26.48 25.58 25.93 25.42 25.32 25.34 25.83 26.84 25.89 25.09 25.20 25.17 25.01 24.54 24.76 26.07 26.88 26.87 27.64 27.64 26.56 26.42 26.99 27.44 27.09 27.45 27.25 26.93 26.65 26.26 26.83 27.57 27.79
24.38 23.72 22.82 24.28 23.94 21.80 22.50 23.07 23.21 23.26 22.44 22.98 24.32 24.31 23.13 23.75 23.17 22.99 23.52 23.79 23.08 23.41 24.02 23.92 24.38 24.50 26.98 26.80 27.58 28.21 26.08 26.26 25.84 25.45 25.65 26.13 26.91 26.34 26.16 26.16 26.21 26.87 27.03 26.87 26.59 26.14 25.79 24.68 26.18 25.98 25.78 26.68 25.64 24.98 25.41 24.54 24.45 24.67 24.41 24.84 26.42 26.92 27.08 27.53 27.10 26.56 27.15 27.57 27.49 27.40 26.65 26.74 26.84 26.37 25.97 27.81 27.71
24.01 22.94 25.36 24.39 24.12 23.15 22.20 22.13 23.68 23.20 22.88 23.13 23.56 24.20 24.25 23.75 23.02 23.41 23.83 24.05 25.31 25.45 24.29 23.76 24.53 25.39 25.81 26.54 25.31 28.18 26.84 27.04 26.91 25.61 25.72 26.39 26.97 26.60 26.96 26.30 26.39 27.44 27.53 26.82 27.17 26.41 26.12 26.06 26.70 26.21 25.89 25.83 25.20 24.84 24.06 24.34 24.59 24.93 24.91 26.03 26.09 26.36 26.72 27.12 27.29 26.80 27.40 27.78 27.75 27.62 26.54 26.85 26.33 26.30 25.73 27.09 28.06
24.12 25.68 25.61 23.98 23.45 24.40 23.81 23.22 22.50 21.95 22.20 22.31 23.16 23.27 23.22 23.41 23.53 23.09 23.25 23.62 23.75 22.88 22.13 23.16 22.66 24.37 25.92 26.51 25.44 26.17 27.01 27.80 26.97 25.53 26.03 26.47 26.62 26.86 27.10 25.59 25.82 27.40 27.53 26.79 27.32 26.49 26.10 26.48 27.00 26.53 26.37 26.25 25.09 25.06 24.78 24.70 24.79 25.91 26.15 25.84 26.07 26.39 26.04 27.07 27.11 26.97 26.86 28.13 27.76 27.43 26.79 27.16 26.54 26.29 26.47 27.20 28.21
24.91 26.23 25.75 23.71 22.21 25.49 24.21 22.34 23.45 21.19 20.84 21.63 22.01 21.67 22.56 22.75 22.68 23.46 22.41 22.43 22.15 23.15 21.95 23.82 22.48 24.02 25.84 27.00 26.83 26.06 27.04 27.58 26.82 25.68 26.22 26.81 27.05 27.01 26.85 26.06 25.07 26.28 27.42 26.87 26.50 27.29 26.51 26.57 27.42 26.58 25.96 26.35 26.32 25.74 25.00 25.12 25.65 26.36 26.99 26.99 26.21 26.77 26.32 26.38 26.53 26.88 27.04 27.34 28.08 27.12 27.17 26.94 26.63 26.54 26.47 26.97 27.32
25.94 27.01 25.78 24.96 24.26 24.75 26.54 23.80 23.98 22.98 23.12 23.11 22.48 22.31 23.15 23.95 23.39 23.22 23.42 23.38 23.16 22.26 22.80 24.09 24.29 23.43 24.36 26.79 26.62 26.62 26.57 27.61 26.61 26.67 26.44 27.29 27.30 26.98 26.29 25.47 25.82 25.93 26.22 26.74 27.13 27.22 27.93 27.81 26.78 26.16 25.43 25.86 25.69 25.61 26.15 25.97 26.30 26.70 27.19 27.96 27.53 27.38 27.21 26.57 26.62 27.10 27.33 27.29 27.87 27.94 27.13 27.00 26.93 26.22 25.96 25.99 26.27
25.98 27.18 25.30 25.99 26.60 25.61 25.38 26.01 25.00 22.77 22.50 21.08 20.97 21.20 21.90 21.99 22.11 21.09 23.20 23.52 23.86 23.71 24.08 25.01 25.56 23.52 24.49 25.42 25.57 26.37 26.73 26.26 25.71 27.28 27.54 27.02 27.52 27.34 26.14 24.88 26.24 26.80 26.14 26.20 25.92 27.09 28.31 27.82 26.24 25.78 26.28 25.93 25.92 26.45 26.82 26.80 26.95 26.97 27.23 27.91 28.01 28.13 27.52 27.66 27.65 27.25 26.94 27.05 27.53 27.97 27.53 27.18 27.19 26.65 26.29 25.99 25.76
26.19 26.88 25.35 25.24 26.75 27.16 26.77 26.50 25.24 22.68 23.38 21.69 20.95 21.65 21.38 21.83 23.50 22.44 22.86 24.34 24.66 24.84 25.08 25.78 25.16 24.95 23.26 24.81 24.38 25.11 26.51 26.97 26.17 26.56 27.27 27.16 27.08 26.82 25.43 25.72 26.39 26.06 25.40 25.54 25.69 26.19 27.00 26.53 25.87 26.11 26.13 25.74 26.60 26.61 26.02 25.80 26.86 26.67 27.21 27.47 28.06 28.10 27.72 27.28 26.99 27.20 27.47 27.57 27.16 27.55 27.53 27.30 27.19 27.04 26.28 26.36 25.68
25.45 26.11 24.45 24.62 25.40 25.26 26.80 27.24 26.28 25.31 24.09 23.99 23.04 21.86 23.08 21.95 24.56 24.89 23.31 23.78 25.36 25.99 25.74 25.77 25.56 25.98 24.30 25.66 24.65 24.17 26.36 26.80 25.68 25.06 26.41 27.18 27.44 26.92 26.06 26.69 26.56 25.63 25.55 25.69 25.09 26.18 26.48 26.11 25.40 25.68 26.26 26.07 26.45 25.76 25.94 25.68 26.62 27.15 27.14 26.62 27.32 27.45 27.92 27.58 27.04 27.16 28.25 27.45 27.12 27.61 27.83 27.59 27.01 26.84 26.26 26.54 25.89
24.26 24.90 23.96 25.09 25.58 25.38 25.72 26.49 26.97 26.28 25.28 22.70 23.13 22.14 22.73 22.72 25.21 25.48 24.17 24.16 26.15 26.63 25.44 25.97 25.96 26.52 27.41 26.01 25.50 23.77 24.07 25.81 25.96 25.46 25.49 26.87 26.79 26.13 26.31 26.85 26.51 25.61 25.57 25.44 25.44 26.15 27.09 26.67 27.10 26.44 26.66 26.54 26.34 25.93 26.20 25.86 26.49 26.83 27.10 26.62 27.63 28.20 27.97 27.67 27.16 26.97 27.42 28.03 27.87 27.49 27.61 27.94 27.36 27.04 26.04 26.35 26.59
23.31 23.90 23.97 24.95 25.80 25.33 25.61 26.77 27.33 27.40 26.49 24.76 23.12 24.34 23.09 24.86 25.34 26.05 25.36 24.85 25.98 26.80 25.77 25.75 26.56 27.52 27.27 26.28 25.34 25.52 23.40 25.21 25.53 26.04 26.01 25.46 26.06 26.76 26.46 25.93 27.24 25.94 25.70 25.35 25.65 26.27 25.95 27.22 27.97 27.45 26.67 26.27 26.68 26.38 25.72 26.75 26.92 27.05 28.10 27.84 27.69 27.52 27.48 27.15 27.53 27.68 27.77 27.75 27.73 27.10 27.48 27.71 27.66 27.14 26.72 27.45 27.06
22.23 22.13 22.40 23.45 25.00 25.08 25.19 25.89 26.31 26.51 27.09 26.15 25.58 25.52 25.17 24.95 25.23 25.45 25.75 25.35 25.84 27.15 26.46 25.42 26.87 26.80 26.43 26.55 26.30 26.11 24.86 23.83 25.71 25.82 25.90 25.41 25.50 26.16 27.10 26.48 27.20 27.04 25.89 26.19 26.19 26.51 26.37 26.84 27.62 26.88 27.76 26.78 25.79 25.36 25.92 26.67 27.26 27.17 27.55 27.48 27.06 27.25 26.86 26.94 27.22 27.35 27.67 27.37 27.44 27.45 27.32 27.50 27.68 27.46 26.81 27.27 27.39
22.23 21.83 21.77 22.42 24.31 25.23 25.26 25.47 25.12 24.98 25.77 27.21 25.94 25.60 25.47 24.41 24.03 24.90 26.40 26.05 25.53 26.58 26.97 25.35 25.94 27.42 27.20 26.94 25.85 26.20 25.76 25.05 24.78 25.73 26.00 25.77 26.11 25.45 26.99 27.55 27.15 27.37 26.59 27.13 27.28 27.51 27.03 27.16 27.29 26.78 28.08 27.57 26.78 25.47 26.52 26.66 25.81 26.81 27.48 26.91 27.11 27.18 26.61 26.67 27.24 27.42 27.61 27.78 27.74 27.31 27.43 27.94 28.02 27.95 27.41 27.51 27.28
22.39 22.59 21.04 21.79 22.27 22.22 22.15 23.54 24.12 24.60 24.22 24.49 26.11 24.96 24.95 25.67 23.53 23.77 25.41 26.48 25.85 25.83 26.27 25.12 25.65 26.45 27.31 26.31 26.76 26.28 25.70 25.43 26.24 26.42 27.10 26.19 26.07 26.54 26.81 27.26 27.11 27.32 27.13 27.01 27.27 27.37 27.10 27.19 27.55 27.45 27.67 28.01 27.17 26.41 26.98 26.95 26.98 27.18 27.26 27.29 27.31 26.97 27.17 27.47 27.56 28.08 27.95 28.30 28.47 27.79 28.02 28.24 28.18 27.88 27.76 27.65 27.42
22.24 21.74 21.49 21.26 20.41 20.67 21.69 22.34 22.60 22.48 22.44 23.87 26.63 26.60 26.06 26.06 25.41 24.13 24.67 25.69 25.39 25.74 25.63 25.39 26.15 26.16 26.48 27.33 26.90 25.57 25.38 26.02 25.05 25.68 25.64 27.04 26.60 26.01 26.69 26.64 27.15 27.43 27.45 27.31 26.85 27.18 27.60 27.71 27.90 27.39 27.18 27.67 27.10 27.42 27.68 26.88 26.55 27.09 27.39 27.24 26.91 26.91 27.19 27.58 27.36 27.73 27.93 27.91 28.01 28.27 27.93 28.16 28.61 28.33 28.18 27.86 27.27
22.10 23.02 23.44 22.25 21.24 19.81 21.56 22.12 20.75 21.00 21.79 23.69 26.65 27.09 25.98 26.12 25.69 25.53 26.10 26.02 26.06 24.42 25.29 25.28 26.28 26.35 26.98 27.07 27.09 26.36 27.33 26.68 26.15 25.07 26.90 26.68 26.09 26.57 26.61 27.18 27.19 27.28 27.28 27.59 27.01 27.29 27.80 27.98 27.77 26.77 27.05 27.33 27.48 27.65 27.18 26.31 26.51 27.05 27.38 26.20 25.98 26.60 27.09 27.16 27.93 28.47 28.15 27.66 28.00 28.01 28.20 28.05 28.34 28.46 28.59 28.19 27.65
23.23 23.71 22.76 22.36 20.78 20.55 22.09 21.65 21.84 20.64 22.05 23.31 23.95 25.37 25.65 26.58 26.64 25.43 25.74 26.17 26.20 25.48 24.30 25.18 26.21 25.76 26.64 27.46 26.83 26.51 27.20 26.89 26.29 25.82 27.45 26.61 26.36 26.67 26.65 27.46 27.65 27.42 27.73 27.21 27.22 27.23 27.90 27.99 27.58 26.25 26.41 27.20 27.51 28.03 28.10 27.65 26.70 26.99 27.15 26.93 25.66 26.86 27.30 27.11 28.41 28.48 28.41 27.73 27.49 27.75 28.00 28.08 28.22 28.44 28.49 28.21 28.25
23.82 24.84 22.27 22.35 22.87 22.02 22.00 21.61 21.97 21.67 21.72 22.48 23.00 24.21 25.67 25.49 25.81 26.09 25.61 27.05 23.96 24.17 25.54 25.28 26.34 26.89 26.40 27.36 27.10 26.01 27.82 27.41 27.02 25.99 27.78 27.15 27.43 26.81 26.30 26.41 27.24 26.97 27.37 27.76 27.43 27.46 27.75 28.01 27.46 26.43 26.17 27.27 27.58 28.11 28.02 28.13 26.89 27.32 27.89 27.26 26.65 27.34 27.40 27.64 28.18 28.41 28.54 28.28 27.81 27.36 28.14 28.36 28.27 28.18 28.15 27.94 28.31
25.04 24.81 24.52 24.30 23.45 23.04 22.33 23.29 22.52 22.52 21.71 21.71 22.01 24.00 24.00 23.96 24.44 26.33 26.40 27.15 25.29 23.69 25.18 26.26 26.55 26.98 26.61 26.91 27.21 26.73 28.32 27.47 28.04 27.20 27.12 27.38 27.36 26.52 26.96 25.64 26.50 27.32 27.79 27.61 27.59 27.16 27.16 27.87 27.45 27.27 26.62 26.84 27.34 27.91 28.04 27.87 27.49 27.71 28.04 27.59 27.33 27.54 27.45 27.79 28.07 28.13 28.19 28.16 28.14 27.44 27.95 28.35 28.25 28.14 28.30 28.26 28.19
26.37 26.64 25.68 25.72 25.96 25.27 23.81 23.16 22.55 22.30 23.02 23.00 22.39 23.03 23.83 24.39 25.08 26.71 26.16 26.50 26.32 23.33 24.89 26.40 27.07 26.04 26.48 26.75 26.64 27.30 28.08 27.72 28.50 27.40 27.18 27.25 27.30 27.19 27.21 27.05 26.57 26.58 27.85 27.98 27.43 27.73 27.11 27.71 28.12 27.94 27.57 27.14 27.57 27.95 28.47 28.22 28.03 28.06 27.85 27.40 27.35 26.99 27.40 27.77 27.98 28.20 28.45 28.49 28.07 27.64 27.37 27.14 28.23 28.29 28.38 28.36 28.48
26.10 26.84 26.00 26.42 26.37 26.42 25.95 24.18 23.67 23.09 23.64 23.74 23.16 24.05 24.38 25.20 25.65 25.40 25.23 25.78 25.37 23.90 23.21 25.32 26.77 26.24 28.11 26.34 26.42 27.31 28.07 28.17 28.69 27.05 26.56 28.11 27.66 27.32 27.60 27.40 27.48 27.07 27.66 27.64 28.07 28.23 27.95 28.08 28.16 27.96 27.91 27.66 28.01 28.05 28.66 28.49 28.15 27.72 27.57 27.46 27.00 27.52 27.52 28.04 27.61 27.52 28.04 28.54 28.31 27.39 27.31 27.02 28.05 28.20 28.51 28.75 28.76
24.27 26.44 26.79 26.08 25.51 25.97 24.90 23.92 24.48 23.77 24.00 23.58 24.18 23.83 24.24 24.61 26.28 26.67 25.23 24.68 25.44 25.32 23.77 24.20 26.45 27.49 27.72 26.86 25.75 27.62 28.14 27.81 28.07 28.15 26.77 27.81 28.15 28.22 27.47 27.69 28.09 28.17 28.03 27.95 28.20 28.33 27.87 28.19 27.94 27.83 27.66 27.81 28.39 28.54 28.22 28.31 27.98 27.84 27.26 27.07 27.74 27.71 27.75 27.84 27.71 27.76 27.03 28.14 28.09 27.87 27.62 27.88 28.11 28.21 28.48 28.66 28.89
24.15 24.32 26.63 25.59 25.52 26.03 24.60 24.01 24.17 24.98 24.63 25.23 25.17 24.72 24.43 24.86 26.28 26.49 26.76 26.07 25.10 25.73 26.97 25.77 26.74 26.97 27.67 27.00 26.80 27.57 28.14 28.19 27.97 28.19 27.75 26.51 27.92 28.82 28.66 28.00 27.41 27.52 27.97 27.50 27.84 28.32 27.97 27.62 27.51 27.70 27.61 27.98 28.57 28.49 28.58 28.23 28.23 28.26 27.98 27.97 28.19 28.16 27.72 27.52 28.13 28.10 27.33 27.83 28.08 27.91 28.11 28.22 28.42 28.39 28.43 28.60 28.74
23.77 25.31 25.88 26.34 25.84 25.53 24.87 24.13 23.61 24.56 24.85 26.13 26.42 25.55 24.30 24.70 25.65 26.47 26.65 25.99 25.18 25.83 27.18 26.79 24.94 26.75 27.31 26.78 27.44 27.97 27.55 27.59 27.52 27.44 28.13 27.87 27.57 28.09 28.54 28.24 26.97 27.14 27.88 27.65 27.64 28.11 28.21 27.53 27.44 27.29 27.95 28.07 28.40 28.71 28.82 28.25 28.60 28.10 28.07 27.68 27.68 27.79 27.79 27.40 27.86 28.19 27.72 28.03 27.96 28.07 28.05 28.21 28.48 28.63 28.55 28.78 28.70
23.47 25.00 24.15 25.54 24.40 25.04 25.00 25.05 22.97 22.77 24.03 25.31 26.36 25.65 25.34 25.04 25.09 24.66 25.09 25.04 24.72 26.00 26.80 26.33 25.88 26.05 27.30 26.53 27.35 27.58 27.52 28.03 28.25 28.04 27.86 27.71 27.59 27.54 27.93 28.29 27.76 27.43 26.84 27.39 27.42 28.12 28.15 27.53 27.88 28.05 27.50 27.81 28.23 28.64 28.68 28.83 28.71 28.70 28.08 27.95 27.94 27.61 27.65 26.69 27.54 27.79 27.96 27.81 28.19 28.08 28.02 28.16 28.60 28.88 28.81 28.34 28.14
23.74 24.45 24.30 25.58 25.36 25.64 25.29 23.92 24.29 24.05 25.03 25.62 25.75 25.74 25.04 24.94 25.07 24.70 24.83 24.56 24.77 26.08 27.80 27.55 27.10 27.00 26.38 27.25 28.28 27.32 28.11 27.31 28.13 28.44 27.93 27.95 28.16 27.67 27.59 28.23 27.90 28.01 27.87 27.57 27.59 28.04 28.08 28.35 28.29 27.82 27.91 27.52 27.36 28.74 28.65 28.94 28.76 28.86 28.04 27.98 27.73 27.73 26.97 26.66 27.85 27.89 27.99 27.83 28.14 28.33 27.68 28.67 28.81 28.87 28.88 28.72 28.58
24.90 25.93 25.23 24.80 26.19 25.52 26.47 25.34 25.60 26.03 25.37 26.33 26.06 25.48 25.03 24.92 24.50 25.08 25.10 24.17 24.94 26.88 27.22 27.85 27.80 26.59 25.90 25.82 28.19 27.38 27.73 27.83 28.26 28.59 28.56 28.47 28.09 28.28 28.25 27.55 27.93 28.20 27.62 27.82 27.84 28.38 28.45 28.73 28.47 28.52 28.72 28.11 28.33 28.65 28.68 28.92 28.82 28.21 27.93 28.17 28.05 27.83 27.34 27.16 27.84 27.73 28.03 27.85 27.78 27.90 28.47 28.19 28.77 28.95 28.74 28.67 28.91
26.14 26.44 26.18 25.81 25.50 26.45 27.16 26.10 25.06 25.81 25.34 25.65 25.92 25.65 23.68 23.32 24.01 25.09 24.85 24.60 25.66 27.02 26.55 26.89 28.05 26.64 27.02 25.69 27.59 27.79 28.18 27.71 28.21 28.33 28.83 28.63 28.58 28.60 28.53 27.68 27.42 27.64 27.66 27.52 27.58 27.97 28.39 28.79 28.67 28.57 28.51 28.34 28.24 28.69 28.80 28.82 28.83 28.51 28.33 28.52 27.97 27.99 27.89 27.61 27.23 27.88 28.21 27.99 27.56 28.14 28.35 28.39 28.75 28.75 28.44 28.88 28.95
26.01 26.51 26.16 26.49 27.01 26.65 26.27 25.61 24.71 24.77 24.29 25.21 25.48 25.61 24.76 24.05 24.17 25.01 24.91 25.01 25.52 26.91 27.62 27.26 27.63 26.48 27.07 27.77 27.37 27.67 28.34 28.41 28.35 28.45 28.72 28.50 28.48 28.76 28.48 28.15 27.80 27.58 27.47 27.09 27.16 28.10 28.26 28.88 28.75 28.68 28.42 28.22 28.57 28.68 28.56 28.46 28.09 28.38 28.46 28.47 27.97 28.28 28.42 28.04 27.98 28.27 28.45 28.37 27.30 28.20 28.40 28.37 28.46 28.69 28.74 28.80 28.89
25.58 25.82 26.03 26.44 26.99 27.15 27.15 25.94 25.39 25.89 25.79 25.46 25.55 25.89 25.12 24.78 24.66 24.43 24.80 25.37 26.11 26.49 27.16 27.22 27.43 26.66 26.63 27.94 27.99 27.12 28.23 28.49 28.71 28.35 28.64 28.54 27.68 28.43 28.75 28.77 28.32 28.06 27.64 27.49 27.21 28.01 28.64 28.73 28.71 28.88 28.65 28.64 28.38 28.86 28.24 28.09 28.25 28.59 28.57 28.46 27.94 28.21 27.71 28.16 28.32 28.20 28.41 28.60 28.54 28.39 28.29 28.43 28.48 28.51 28.58 28.61 28.83
25.87 26.36 26.78 25.65 26.62 27.17 26.91 26.44 26.34 27.03 27.14 26.41 26.61 26.28 26.18 25.14 25.37 24.51 24.96 25.04 25.50 26.84 26.37 26.42 27.25 26.61 26.60 27.61 28.27 27.60 28.13 28.34 28.30 28.67 28.11 28.11 28.31 28.14 28.80 28.77 28.80 28.75 27.71 27.66 27.53 28.00 28.43 28.68 28.90 28.74 28.89 28.84 28.62 28.54 28.89 28.55 28.53 27.91 28.05 28.66 28.58 28.26 28.25 27.51 28.29 28.11 28.64 28.37 28.25 28.22 28.55 28.46 27.80 28.14 28.82 28.28 28.51
