main/data/irradiance/09.09.2023.grid
ncols 839
nrows 679
xllcenter 112.0500
yllcenter -43.9500
cellsize 0.0500
nodata_value 99999.90
[rows 272 to 305 of 679, columns 539 to 615 of 839]
22.04 22.04 22.06 22.12 22.17 22.11 22.15 22.11 22.10 22.21 22.19 22.09 22.11 21.41 21.36 21.30 21.34 21.78 21.85 21.94 21.98 22.00 21.97 22.05 22.07 22.06 22.04 22.03 22.05 22.03 22.00 21.98 22.02 21.95 21.98 21.90 21.98 21.89 21.87 21.93 21.99 21.90 21.91 21.76 21.76 21.86 22.03 22.11 21.94 21.86 21.85 21.83 21.99 22.01 22.00 22.00 22.06 22.02 22.00 21.98 21.95 21.98 21.91 22.00 21.98 21.98 21.98 22.00 22.08 22.10 22.06 22.03 22.06 22.03 22.04 22.04 22.01
22.13 22.03 22.09 22.21 22.14 22.12 22.13 22.15 22.20 22.20 22.17 22.13 22.11 21.58 21.55 21.24 21.45 21.69 21.93 21.93 21.97 22.03 22.09 22.09 22.09 22.14 22.10 22.07 22.08 22.03 22.01 21.89 21.90 21.82 21.84 21.89 21.83 21.85 21.93 21.94 21.94 21.77 21.90 21.91 21.74 21.79 21.89 22.05 22.10 22.14 22.11 22.12 22.08 22.02 22.10 22.14 22.14 22.11 22.09 21.94 22.05 22.17 22.03 22.05 22.06 21.99 22.00 22.02 22.03 22.06 22.03 22.02 22.03 22.01 22.03 22.01 22.00
22.17 22.16 22.15 22.11 22.02 22.01 21.98 22.10 22.17 22.18 22.15 22.18 22.08 21.67 21.29 21.27 21.40 21.44 21.82 21.86 21.82 21.96 21.98 21.99 22.05 22.11 22.10 22.08 22.07 22.04 22.00 21.90 21.80 21.79 21.78 21.87 21.96 21.92 21.88 21.83 21.85 21.84 21.78 21.82 21.77 21.64 21.77 21.99 22.09 22.08 22.10 22.08 22.08 22.12 22.10 22.08 22.08 22.08 21.92 22.07 22.05 22.12 22.07 22.07 22.04 22.03 22.05 22.03 21.98 21.93 22.01 22.02 22.01 22.00 22.05 21.99 21.97
22.10 22.07 22.07 22.11 22.14 22.11 21.98 22.04 22.03 22.02 21.98 22.08 22.12 21.65 21.24 21.27 21.44 21.46 21.53 21.89 21.89 21.91 21.99 22.00 22.05 22.11 22.09 22.04 22.04 22.01 22.01 21.91 21.75 21.76 21.86 21.90 22.02 21.94 21.80 21.74 21.82 21.76 21.76 21.80 21.77 21.71 21.98 22.01 22.10 22.06 22.12 22.06 22.04 22.04 22.04 22.03 22.06 22.01 22.02 22.03 22.03 22.08 22.07 22.02 22.04 22.03 22.03 21.99 21.81 21.78 21.88 21.98 22.01 22.00 22.00 21.96 21.94
22.18 22.14 22.06 22.08 22.13 22.18 22.14 22.16 22.12 22.05 21.98 21.92 22.15 21.42 21.42 21.53 21.32 21.31 21.31 22.00 21.93 21.92 21.94 21.95 22.00 22.01 22.01 21.98 21.97 21.94 21.88 21.83 21.79 21.78 21.89 21.96 21.94 21.90 21.79 21.77 21.81 21.80 21.76 21.92 21.88 21.80 22.00 22.05 22.07 22.07 22.06 22.07 22.07 22.06 22.05 22.06 22.07 22.08 22.05 22.06 22.05 22.03 22.00 21.99 21.98 21.91 21.88 21.80 21.79 21.76 21.84 21.95 21.97 21.92 21.98 21.97 21.96
22.20 22.19 22.07 22.04 22.13 22.09 22.14 22.14 22.06 22.08 22.10 21.95 21.85 21.29 21.25 21.38 21.16 21.31 21.10 21.77 21.92 21.99 21.94 21.97 22.01 21.99 21.96 21.96 21.91 21.87 21.83 21.80 21.83 21.82 21.81 21.85 21.91 21.78 21.73 21.70 21.80 21.82 21.74 21.79 21.80 21.82 22.07 22.07 22.09 22.11 22.09 22.05 22.06 22.04 22.05 22.05 22.05 22.07 22.04 22.02 21.99 21.97 21.98 21.94 21.93 21.88 21.83 21.86 21.82 21.81 21.85 21.89 21.94 21.96 21.95 21.89 21.90
22.14 22.10 22.03 22.06 22.03 21.99 22.09 22.15 22.11 22.08 22.06 21.93 21.47 21.35 21.37 21.20 21.09 21.19 21.21 21.41 21.93 22.01 21.95 21.98 21.94 21.96 21.94 21.94 21.88 21.86 21.87 21.82 21.78 21.76 21.82 21.87 21.95 21.75 21.77 21.72 21.90 21.81 21.70 21.74 21.77 21.76 21.95 22.07 22.09 22.09 22.07 22.04 22.03 22.03 22.05 22.05 22.03 22.03 22.01 22.03 22.03 22.01 21.96 21.99 21.91 21.87 21.88 21.81 21.75 21.75 21.82 21.86 21.94 21.93 21.91 21.85 21.83
22.07 22.11 22.12 21.96 22.07 22.05 21.95 22.08 22.07 22.10 22.04 21.84 21.30 21.26 21.61 21.39 21.18 21.13 21.08 21.22 21.86 21.92 21.92 21.92 21.93 21.92 21.95 21.89 21.87 21.91 21.94 21.87 21.75 21.71 21.70 21.73 21.89 21.83 21.75 21.79 21.82 21.85 21.68 21.73 21.86 21.97 21.98 21.95 22.04 22.09 22.06 22.02 22.01 22.01 21.98 22.01 22.01 21.99 21.97 22.02 21.98 21.97 21.98 21.98 21.93 21.87 21.82 21.81 21.82 21.81 21.80 21.82 21.85 21.85 21.86 21.84 21.83
22.20 22.17 22.19 22.06 22.07 22.13 22.11 22.04 22.09 22.02 22.04 21.87 21.32 21.56 21.48 21.78 21.31 21.30 21.17 21.41 21.95 22.07 22.07 22.06 21.99 21.93 21.96 21.94 21.96 22.01 21.95 21.85 21.78 21.73 21.71 21.70 21.75 21.82 21.82 21.82 21.84 21.85 21.69 21.71 21.79 21.93 22.01 21.97 22.01 21.96 21.98 21.97 22.04 21.99 21.96 21.98 21.95 21.88 21.86 21.94 21.93 21.95 21.94 21.93 21.95 21.94 21.93 21.89 21.91 21.82 21.85 21.85 21.84 21.85 21.85 21.84 21.81
22.11 22.10 22.12 22.13 22.12 22.17 22.15 22.11 22.15 22.17 22.09 21.79 21.35 21.45 21.46 21.52 21.52 21.08 21.18 21.29 21.92 21.97 21.95 22.01 21.96 21.92 21.93 21.89 21.93 21.94 21.89 21.82 21.78 21.82 21.82 21.81 21.76 21.84 21.81 21.84 21.88 21.77 21.67 21.75 21.72 21.81 21.82 21.97 21.97 21.94 22.00 22.03 22.00 21.97 21.92 21.94 21.95 21.88 21.84 21.94 21.89 21.94 21.91 21.89 21.86 21.88 21.89 21.86 21.86 21.84 21.85 21.85 21.86 21.79 21.81 21.81 21.74
22.08 22.09 22.10 22.13 22.11 22.12 22.14 22.13 22.11 22.05 21.99 21.34 21.29 21.50 21.57 21.41 21.27 21.19 21.24 21.27 21.85 21.96 22.00 21.95 21.93 21.91 21.92 21.89 21.94 21.88 21.79 21.77 21.78 21.83 21.85 21.83 21.81 21.80 21.81 21.87 21.90 21.78 21.68 21.69 21.72 21.74 21.81 21.91 22.02 22.00 21.88 21.94 21.90 21.90 21.91 21.93 21.90 21.81 21.81 21.84 21.81 21.93 21.92 21.82 21.82 21.82 21.80 21.67 21.69 21.79 21.83 21.90 21.84 21.79 21.77 21.70 21.58
22.17 22.10 22.03 22.06 22.12 22.11 22.18 22.11 22.10 21.95 21.35 21.41 21.55 21.53 21.54 21.39 21.22 21.18 21.20 20.99 21.90 21.87 21.91 21.91 21.92 21.88 21.86 21.87 21.93 21.86 21.82 21.80 21.82 21.84 21.81 21.85 21.78 21.56 21.60 21.77 21.80 21.60 21.63 21.74 21.75 21.74 21.86 21.94 21.92 21.98 21.93 21.84 21.89 21.88 21.91 21.93 21.82 21.83 21.83 21.82 21.78 21.75 21.83 21.76 21.75 21.70 21.65 21.70 21.79 21.75 21.87 21.82 21.74 21.70 21.69 21.66 21.66
22.20 22.12 22.02 22.03 22.06 22.05 22.13 22.16 22.04 21.60 21.33 21.60 21.40 21.48 21.61 21.53 21.06 21.30 21.20 21.55 21.91 21.93 21.91 21.86 21.87 21.87 21.82 21.86 21.92 21.86 21.82 21.71 21.75 21.79 21.82 21.80 21.80 21.67 21.50 21.60 21.65 21.60 21.66 21.77 21.80 21.86 21.85 21.88 21.87 21.91 21.89 21.90 21.89 21.90 21.90 21.88 21.84 21.86 21.88 21.85 21.84 21.80 21.78 21.71 21.63 21.60 21.56 21.62 21.65 21.76 21.75 21.68 21.63 21.72 21.72 21.64 21.67
22.14 22.18 22.15 22.07 22.05 21.99 22.03 22.09 21.81 21.20 21.30 21.53 21.60 21.54 21.60 21.33 21.21 21.30 21.29 21.82 21.89 21.89 21.85 21.83 21.83 21.90 21.93 21.92 21.87 21.81 21.78 21.72 21.74 21.79 21.84 21.81 21.56 21.70 21.64 21.61 21.63 21.53 21.70 21.78 21.75 21.78 21.75 21.77 21.85 21.88 21.88 21.90 21.89 21.87 21.85 21.88 21.84 21.85 21.85 21.85 21.82 21.81 21.79 21.71 21.65 21.56 21.54 21.65 21.71 21.72 21.61 21.57 21.57 21.69 21.64 21.65 21.63
22.00 22.09 22.07 22.09 22.04 22.05 22.14 22.07 21.60 21.32 21.34 21.47 21.44 21.52 21.60 21.52 21.37 21.31 21.73 21.86 21.87 21.83 21.84 21.80 21.86 21.85 21.79 21.86 21.85 21.84 21.79 21.83 21.79 21.77 21.81 21.59 21.52 21.79 21.57 21.59 21.51 21.51 21.60 21.67 21.64 21.66 21.72 21.76 21.80 21.86 21.87 21.85 21.86 21.83 21.81 21.86 21.85 21.82 21.80 21.81 21.80 21.78 21.72 21.57 21.56 21.62 21.65 21.79 21.77 21.52 21.57 21.52 21.57 21.65 21.62 21.60 21.57
21.87 21.84 21.98 22.07 22.06 21.98 21.93 21.86 21.70 21.49 21.54 21.44 21.20 21.30 21.40 21.33 21.59 21.80 21.83 21.81 21.82 21.81 21.80 21.80 21.84 21.83 21.80 21.83 21.83 21.84 21.83 21.80 21.77 21.78 21.76 21.63 21.76 21.62 21.44 21.50 21.48 21.60 21.40 21.55 21.57 21.58 21.58 21.68 21.69 21.72 21.77 21.82 21.77 21.84 21.80 21.82 21.79 21.78 21.75 21.73 21.74 21.66 21.60 21.55 21.56 21.56 21.79 21.82 21.56 21.41 21.57 21.69 21.64 21.63 21.60 21.52 21.54
21.80 21.83 21.89 21.92 21.97 21.90 21.64 21.33 21.30 21.36 21.38 21.07 21.18 21.20 21.64 22.26 22.20 22.02 21.81 21.78 21.79 21.82 21.78 21.74 21.84 21.89 21.86 21.84 21.84 21.82 21.84 21.83 21.80 21.76 21.77 21.78 21.59 21.46 21.38 21.52 21.64 21.65 21.68 21.69 21.60 21.55 21.56 21.71 21.75 21.67 21.71 21.77 21.77 21.77 21.71 21.80 21.80 21.78 21.76 21.73 21.79 21.70 21.64 21.63 21.75 21.71 21.77 21.65 21.47 21.44 21.40 21.51 21.54 21.58 21.59 21.67 21.60
21.92 21.87 21.87 21.91 21.89 21.85 21.73 21.49 21.61 21.31 21.01 20.95 21.26 21.79 22.00 22.10 22.07 22.07 21.93 21.83 21.91 21.92 21.74 21.78 21.77 21.79 21.82 21.86 21.86 21.79 21.79 21.78 21.75 21.76 21.59 21.49 21.37 21.22 21.33 21.50 21.63 21.68 21.71 21.58 21.54 21.48 21.59 21.62 21.62 21.65 21.66 21.69 21.76 21.69 21.83 21.82 21.74 21.75 21.75 21.73 21.68 21.71 21.70 21.71 21.74 21.69 21.70 21.49 21.46 21.46 21.47 21.52 21.55 21.50 21.49 21.60 21.54
21.85 21.81 21.87 21.85 21.84 21.90 21.63 21.62 21.69 21.32 20.95 21.15 21.27 21.62 22.06 21.95 21.87 21.80 21.83 21.79 21.82 21.85 21.87 21.78 21.74 21.71 21.70 21.74 21.78 21.80 21.78 21.76 21.75 21.68 21.36 21.39 21.27 21.20 21.37 21.61 21.71 21.71 21.70 21.67 21.51 21.49 21.58 21.61 21.51 21.63 21.68 21.77 21.71 21.82 21.79 21.77 21.73 21.74 21.67 21.66 21.73 21.69 21.70 21.76 21.72 21.67 21.69 21.58 21.53 21.48 21.55 21.61 21.56 21.52 21.48 21.48 21.47
22.00 21.85 21.81 21.86 21.89 21.93 21.77 21.70 21.80 21.78 21.20 21.26 21.43 21.72 21.90 21.91 21.79 21.80 21.78 21.80 22.01 21.93 22.08 22.04 21.97 21.81 21.77 21.70 21.71 21.75 21.78 21.73 21.61 21.39 21.34 21.27 21.21 21.15 21.52 21.65 21.65 21.65 21.66 21.68 21.66 21.59 21.61 21.65 21.65 21.67 21.82 21.83 21.80 21.82 21.77 21.75 21.72 21.68 21.74 21.69 21.71 21.70 21.69 21.68 21.69 21.68 21.65 21.56 21.61 21.54 21.51 21.49 21.53 21.51 21.54 21.50 21.43
21.72 21.91 21.95 21.89 21.87 21.80 21.76 21.82 21.81 21.46 21.35 21.83 21.55 21.84 21.90 21.92 21.90 21.81 21.76 21.91 21.90 21.88 21.87 21.95 21.85 21.87 21.90 21.80 21.78 21.80 21.80 21.73 21.40 21.44 21.30 21.16 21.16 21.45 21.76 21.64 21.58 21.57 21.63 21.69 21.67 21.69 21.63 21.66 21.72 21.81 21.83 21.82 21.63 21.66 21.61 21.60 21.76 21.82 21.77 21.71 21.72 21.69 21.64 21.65 21.67 21.63 21.57 21.54 21.54 21.49 21.43 21.39 21.41 21.45 21.46 21.38 21.36
21.45 21.50 21.66 22.12 22.09 21.68 21.83 21.89 21.80 21.48 21.33 21.26 21.50 21.81 21.88 21.90 21.97 21.91 21.96 21.97 21.83 21.80 21.78 21.77 21.68 21.60 21.59 21.70 21.76 21.83 21.76 21.57 21.41 21.40 21.15 21.06 21.21 21.40 21.44 21.49 21.42 21.45 21.52 21.52 21.54 21.48 21.60 21.72 21.78 21.78 21.77 21.69 21.54 21.74 21.77 21.78 21.65 21.68 21.69 21.75 21.65 21.65 21.63 21.64 21.62 21.58 21.60 21.56 21.47 21.37 21.42 21.40 21.39 21.39 21.48 21.46 21.53
21.05 21.05 20.92 21.09 21.25 21.29 21.38 21.91 21.75 21.43 21.44 21.15 21.49 21.63 21.74 21.49 21.63 21.88 21.86 21.94 21.85 21.76 21.77 21.78 21.72 21.66 21.55 21.61 21.67 21.84 21.68 21.41 21.35 21.15 21.06 21.33 21.52 21.51 21.34 21.34 21.35 21.33 21.39 21.39 21.38 21.53 21.75 21.69 21.71 21.75 21.68 21.58 21.64 21.79 21.80 21.73 21.69 21.64 21.69 21.69 21.69 21.68 21.66 21.62 21.59 21.61 21.60 21.52 21.41 21.34 21.37 21.36 21.42 21.44 21.52 21.53 21.60
21.07 21.04 21.05 21.13 21.45 21.22 21.13 21.64 21.50 21.41 21.40 21.30 21.35 21.36 21.05 20.78 20.67 20.72 21.77 21.85 21.79 21.78 21.81 21.79 21.72 21.77 21.68 21.62 21.66 21.78 21.85 21.68 21.39 21.23 21.53 21.55 21.47 21.43 21.33 21.33 21.29 21.32 21.36 21.33 21.36 21.59 21.70 21.59 21.55 21.60 21.57 21.47 21.69 21.78 21.73 21.58 21.57 21.66 21.66 21.65 21.63 21.61 21.60 21.60 21.63 21.57 21.54 21.54 21.39 21.32 21.37 21.32 21.43 21.58 21.62 21.64 21.63
21.12 21.20 21.88 21.90 22.04 21.86 21.56 21.69 21.59 21.68 21.46 21.19 20.94 21.21 21.14 20.84 20.74 21.50 21.80 21.80 21.84 21.84 21.86 21.86 21.71 21.67 21.71 21.72 21.72 21.66 21.58 21.34 21.18 21.60 21.84 21.87 21.87 21.67 21.47 21.34 21.39 21.40 21.45 21.42 21.54 21.64 21.57 21.53 21.48 21.48 21.64 21.74 21.76 21.69 21.59 21.57 21.61 21.67 21.63 21.57 21.60 21.61 21.57 21.56 21.59 21.53 21.49 21.54 21.47 21.33 21.37 21.53 21.65 21.64 21.61 21.65 21.62
21.54 21.92 21.94 21.86 22.09 22.00 21.76 21.51 21.61 21.77 21.71 21.52 21.28 21.42 21.81 21.60 21.80 21.87 21.76 21.74 21.77 21.76 21.77 21.73 21.70 21.65 21.59 21.52 21.58 21.41 21.18 21.07 20.97 21.45 21.67 21.69 21.55 21.54 21.46 21.39 21.47 21.42 21.37 21.45 21.68 21.58 21.53 21.50 21.49 21.52 21.72 21.74 21.68 21.58 21.54 21.45 21.44 21.56 21.60 21.62 21.60 21.57 21.57 21.56 21.50 21.48 21.49 21.41 21.39 21.42 21.49 21.60 21.58 21.54 21.53 21.59 21.53
21.76 21.84 21.67 21.84 21.87 21.83 21.86 21.56 21.53 21.59 21.69 21.82 21.80 21.80 21.99 21.94 21.92 21.88 21.89 21.55 21.40 21.69 21.78 21.74 21.67 21.67 21.58 21.47 21.41 21.14 21.05 20.96 21.21 21.22 21.50 21.54 21.66 21.52 21.49 21.67 21.49 21.45 21.52 21.60 21.58 21.56 21.47 21.35 21.37 21.49 21.60 21.73 21.61 21.51 21.49 21.45 21.47 21.55 21.61 21.55 21.56 21.58 21.55 21.54 21.49 21.49 21.44 21.38 21.43 21.49 21.51 21.56 21.52 21.52 21.52 21.53 21.52
21.71 21.78 21.69 21.73 21.76 21.73 21.85 21.85 21.80 21.76 21.88 21.71 21.85 21.95 21.91 21.91 21.86 21.99 21.97 20.83 20.74 20.87 21.36 21.74 21.46 21.49 21.47 21.28 21.19 20.94 20.97 20.99 21.11 21.10 21.37 21.33 21.42 21.50 21.71 21.62 21.59 21.62 21.67 21.67 21.60 21.53 21.36 21.30 21.35 21.42 21.50 21.69 21.56 21.49 21.54 21.55 21.57 21.59 21.61 21.59 21.60 21.58 21.53 21.51 21.48 21.46 21.41 21.53 21.52 21.51 21.52 21.49 21.51 21.50 21.52 21.50 21.45
21.62 21.69 21.70 21.84 21.73 21.69 21.71 21.73 21.86 21.75 21.88 21.69 21.69 21.89 21.79 21.75 21.80 21.36 20.93 20.72 20.85 20.85 21.25 21.58 21.65 21.55 21.52 21.25 21.19 21.11 21.05 21.06 20.99 21.13 21.45 21.41 21.39 21.59 21.60 21.67 21.68 21.67 21.65 21.67 21.56 21.52 21.27 21.37 21.38 21.38 21.43 21.60 21.44 21.43 21.49 21.61 21.65 21.61 21.61 21.57 21.56 21.54 21.48 21.48 21.48 21.41 21.36 21.40 21.48 21.41 21.44 21.50 21.50 21.52 21.49 21.51 21.35
21.65 21.68 21.77 21.72 21.70 21.63 21.58 21.64 21.72 21.68 21.78 21.77 21.90 21.85 21.78 21.82 21.40 20.48 20.65 21.20 21.05 21.66 21.70 21.56 21.50 21.62 21.84 21.43 21.26 21.05 21.10 21.04 20.90 21.05 21.47 21.38 21.40 21.47 21.56 21.61 21.75 21.65 21.63 21.54 21.48 21.45 21.30 21.39 21.45 21.45 21.44 21.45 21.52 21.48 21.62 21.58 21.63 21.60 21.58 21.52 21.52 21.52 21.48 21.41 21.46 21.47 21.38 21.30 21.46 21.41 21.50 21.55 21.51 21.51 21.49 21.44 21.36
21.73 21.67 21.63 21.72 21.70 21.75 21.65 21.69 21.71 21.65 21.63 21.73 21.74 21.71 21.75 21.56 21.28 21.26 21.67 21.60 21.53 21.74 21.63 21.54 21.60 21.59 21.51 21.35 21.29 21.10 21.12 20.88 20.89 21.01 21.23 21.35 21.35 21.54 21.54 21.55 21.59 21.55 21.59 21.65 21.47 21.33 21.22 21.28 21.51 21.41 21.37 21.40 21.49 21.49 21.56 21.56 21.57 21.57 21.53 21.53 21.49 21.48 21.47 21.49 21.40 21.44 21.36 21.29 21.35 21.47 21.51 21.53 21.51 21.47 21.48 21.39 21.31
21.68 21.69 21.60 21.71 21.72 21.72 21.77 21.72 21.71 21.62 21.62 21.72 21.67 21.69 21.92 21.55 21.39 21.57 21.66 21.65 21.58 21.65 21.60 21.13 21.47 21.48 21.23 21.20 21.23 21.13 21.24 20.97 20.91 21.00 21.03 21.33 21.41 21.52 21.65 21.64 21.60 21.47 21.64 21.47 21.40 21.30 21.24 21.32 21.48 21.39 21.45 21.50 21.55 21.49 21.34 21.36 21.42 21.53 21.51 21.51 21.48 21.35 21.48 21.43 21.43 21.38 21.35 21.30 21.33 21.48 21.48 21.50 21.53 21.45 21.37 21.31 21.27
21.58 21.54 21.55 21.56 21.77 21.73 21.80 21.77 21.65 21.57 21.59 21.50 21.56 21.64 21.76 21.76 21.73 21.72 21.70 21.66 21.61 21.64 21.57 21.26 21.46 21.24 21.13 21.22 21.19 21.15 21.10 20.90 20.96 20.77 20.91 21.40 21.48 21.43 21.54 21.63 21.44 21.49 21.61 21.48 21.34 21.27 21.29 21.47 21.32 21.41 21.51 21.54 21.51 21.35 21.15 21.27 21.34 21.48 21.46 21.46 21.41 21.40 21.36 21.39 21.49 21.37 21.34 21.23 21.22 21.54 21.50 21.52 21.49 21.45 21.28 21.23 21.23
21.56 21.56 21.72 21.74 21.66 21.66 21.67 21.62 21.62 21.62 21.56 21.61 21.51 21.69 21.74 21.70 21.66 21.65 21.66 21.62 21.55 21.58 21.49 21.47 21.19 21.07 21.14 21.11 21.04 21.08 20.94 20.83 20.82 21.12 21.36 21.74 21.54 21.56 21.50 21.55 21.57 21.62 21.58 21.47 21.42 21.35 21.40 21.42 21.31 21.57 21.60 21.51 21.37 21.26 21.23 21.28 21.37 21.49 21.46 21.46 21.40 21.45 21.36 21.38 21.45 21.29 21.22 21.16 21.10 21.31 21.51 21.47 21.48 21.43 21.30 21.24 21.22
