main/data/irradiance/09.07.2023.grid
ncols 839
nrows 679
xllcenter 112.0500
yllcenter -43.9500
cellsize 0.0500
nodata_value 99999.90
[rows 204 to 237 of 679, columns 154 to 230 of 839]
17.54 17.53 17.52 17.48 17.44 17.45 17.45 17.46 17.46 17.46 17.49 17.49 17.52 17.52 17.52 17.51 17.52 17.51 17.45 17.44 17.46 17.42 17.40 17.43 17.43 17.43 17.44 17.44 17.45 17.49 17.52 17.53 17.52 17.53 17.54 17.53 17.52 17.53 17.50 17.53 17.52 17.52 17.51 17.51 17.50 17.49 17.49 17.51 17.50 17.50 17.48 17.52 17.49 17.51 17.51 17.52 17.55 17.55 17.53 17.51 17.53 17.53 17.53 17.52 17.52 17.51 17.49 17.50 17.54 17.51 17.48 17.47 17.47 17.54 17.53 17.50 17.53
17.49 17.48 17.45 17.43 17.44 17.44 17.43 17.46 17.48 17.46 17.50 17.50 17.51 17.51 17.51 17.48 17.50 17.49 17.44 17.44 17.47 17.43 17.40 17.44 17.44 17.41 17.40 17.42 17.46 17.49 17.49 17.50 17.50 17.51 17.50 17.51 17.49 17.51 17.49 17.49 17.50 17.50 17.52 17.52 17.49 17.49 17.51 17.49 17.49 17.51 17.50 17.48 17.47 17.50 17.51 17.52 17.51 17.49 17.50 17.49 17.51 17.50 17.50 17.50 17.51 17.50 17.48 17.50 17.50 17.47 17.44 17.43 17.42 17.48 17.50 17.51 17.49
17.47 17.44 17.44 17.46 17.44 17.45 17.46 17.48 17.48 17.44 17.44 17.46 17.49 17.48 17.48 17.46 17.49 17.48 17.46 17.45 17.45 17.45 17.40 17.41 17.40 17.38 17.39 17.41 17.43 17.46 17.47 17.47 17.45 17.45 17.45 17.46 17.48 17.50 17.47 17.49 17.48 17.44 17.50 17.48 17.47 17.46 17.47 17.48 17.46 17.49 17.50 17.47 17.47 17.49 17.50 17.49 17.48 17.47 17.48 17.45 17.49 17.47 17.47 17.45 17.47 17.50 17.45 17.43 17.44 17.47 17.45 17.42 17.43 17.47 17.46 17.48 17.42
17.38 17.39 17.38 17.43 17.44 17.42 17.46 17.46 17.43 17.44 17.47 17.42 17.45 17.47 17.45 17.43 17.46 17.47 17.45 17.43 17.43 17.43 17.38 17.37 17.40 17.41 17.42 17.41 17.42 17.44 17.46 17.48 17.44 17.43 17.41 17.43 17.46 17.45 17.43 17.40 17.47 17.44 17.48 17.47 17.48 17.49 17.46 17.44 17.45 17.45 17.47 17.46 17.43 17.44 17.47 17.45 17.44 17.43 17.47 17.45 17.47 17.46 17.43 17.44 17.44 17.44 17.46 17.43 17.43 17.45 17.45 17.40 17.38 17.43 17.43 17.44 17.43
17.34 17.32 17.33 17.37 17.40 17.40 17.38 17.40 17.44 17.44 17.44 17.42 17.42 17.43 17.45 17.45 17.45 17.45 17.44 17.42 17.42 17.41 17.38 17.37 17.40 17.40 17.38 17.40 17.38 17.41 17.43 17.47 17.42 17.42 17.42 17.43 17.44 17.44 17.43 17.43 17.42 17.42 17.44 17.43 17.41 17.46 17.44 17.45 17.42 17.44 17.43 17.43 17.42 17.41 17.42 17.44 17.45 17.43 17.44 17.45 17.42 17.43 17.43 17.44 17.43 17.40 17.43 17.41 17.44 17.42 17.44 17.42 17.39 17.43 17.45 17.40 17.38
17.34 17.28 17.31 17.33 17.39 17.36 17.40 17.39 17.38 17.42 17.42 17.42 17.42 17.42 17.44 17.45 17.44 17.42 17.42 17.40 17.40 17.40 17.37 17.39 17.39 17.39 17.39 17.39 17.38 17.40 17.40 17.44 17.41 17.41 17.41 17.41 17.43 17.42 17.41 17.40 17.45 17.43 17.41 17.42 17.41 17.44 17.43 17.41 17.40 17.42 17.44 17.42 17.40 17.40 17.40 17.44 17.43 17.45 17.42 17.42 17.40 17.41 17.41 17.42 17.42 17.42 17.41 17.41 17.40 17.39 17.39 17.41 17.37 17.39 17.41 17.42 17.35
17.25 17.28 17.31 17.39 17.40 17.41 17.40 17.35 17.36 17.35 17.35 17.36 17.34 17.41 17.41 17.42 17.41 17.42 17.42 17.41 17.42 17.41 17.40 17.36 17.36 17.37 17.36 17.38 17.35 17.37 17.37 17.36 17.38 17.37 17.36 17.38 17.40 17.40 17.40 17.38 17.37 17.37 17.39 17.40 17.39 17.34 17.41 17.40 17.39 17.39 17.39 17.39 17.38 17.39 17.40 17.39 17.41 17.41 17.38 17.37 17.35 17.36 17.38 17.36 17.39 17.39 17.38 17.39 17.39 17.38 17.39 17.38 17.41 17.39 17.37 17.40 17.39
17.29 17.26 17.26 17.23 17.28 17.28 17.33 17.34 17.28 17.30 17.30 17.32 17.34 17.39 17.40 17.40 17.41 17.41 17.39 17.40 17.39 17.40 17.39 17.38 17.36 17.38 17.35 17.34 17.34 17.37 17.34 17.35 17.36 17.34 17.35 17.34 17.35 17.32 17.36 17.34 17.39 17.38 17.36 17.40 17.37 17.34 17.39 17.39 17.35 17.35 17.37 17.39 17.38 17.38 17.37 17.39 17.38 17.35 17.36 17.36 17.35 17.36 17.36 17.35 17.34 17.36 17.36 17.36 17.37 17.38 17.37 17.38 17.36 17.36 17.36 17.35 17.37
17.25 17.27 17.27 17.24 17.24 17.22 17.22 17.24 17.22 17.24 17.27 17.30 17.32 17.36 17.37 17.37 17.37 17.35 17.37 17.38 17.39 17.39 17.39 17.38 17.37 17.36 17.33 17.32 17.35 17.36 17.35 17.35 17.35 17.34 17.32 17.34 17.35 17.34 17.32 17.34 17.36 17.39 17.28 17.34 17.35 17.31 17.34 17.36 17.33 17.37 17.35 17.36 17.36 17.39 17.38 17.39 17.38 17.35 17.36 17.35 17.34 17.33 17.33 17.32 17.33 17.34 17.34 17.33 17.34 17.34 17.37 17.36 17.35 17.35 17.33 17.35 17.33
17.23 17.24 17.28 17.26 17.27 17.25 17.22 17.22 17.22 17.21 17.25 17.28 17.28 17.28 17.28 17.27 17.28 17.32 17.29 17.32 17.34 17.35 17.36 17.35 17.34 17.33 17.34 17.34 17.35 17.33 17.33 17.33 17.33 17.32 17.32 17.31 17.33 17.33 17.34 17.33 17.33 17.34 17.32 17.32 17.34 17.31 17.29 17.29 17.30 17.31 17.33 17.31 17.32 17.35 17.36 17.33 17.36 17.35 17.34 17.34 17.33 17.33 17.32 17.33 17.33 17.31 17.31 17.31 17.32 17.32 17.35 17.32 17.33 17.32 17.32 17.32 17.33
17.23 17.22 17.23 17.24 17.26 17.24 17.19 17.20 17.23 17.24 17.27 17.23 17.25 17.26 17.23 17.24 17.26 17.27 17.26 17.21 17.23 17.29 17.31 17.30 17.32 17.32 17.32 17.32 17.32 17.28 17.29 17.29 17.29 17.29 17.30 17.29 17.29 17.29 17.33 17.32 17.32 17.33 17.32 17.31 17.32 17.30 17.31 17.30 17.31 17.30 17.34 17.30 17.29 17.30 17.34 17.33 17.31 17.33 17.34 17.36 17.32 17.31 17.30 17.30 17.29 17.29 17.30 17.31 17.32 17.31 17.31 17.30 17.30 17.30 17.31 17.30 17.29
17.22 17.25 17.23 17.23 17.24 17.22 17.22 17.18 17.20 17.23 17.18 17.22 17.19 17.24 17.21 17.24 17.26 17.27 17.21 17.13 17.14 17.25 17.28 17.24 17.25 17.28 17.29 17.30 17.29 17.29 17.27 17.27 17.29 17.28 17.28 17.28 17.26 17.26 17.26 17.26 17.30 17.30 17.31 17.30 17.30 17.29 17.30 17.30 17.31 17.30 17.30 17.32 17.31 17.27 17.29 17.30 17.27 17.29 17.33 17.30 17.29 17.28 17.28 17.28 17.31 17.31 17.31 17.27 17.28 17.29 17.29 17.28 17.28 17.29 17.30 17.30 17.27
17.19 17.13 17.19 17.20 17.18 17.19 17.19 17.13 17.16 17.20 17.18 17.19 17.15 17.17 17.15 17.15 17.20 17.19 17.21 17.18 17.13 17.18 17.20 17.22 17.22 17.23 17.23 17.25 17.29 17.28 17.28 17.26 17.27 17.26 17.25 17.24 17.25 17.27 17.27 17.27 17.25 17.29 17.28 17.31 17.30 17.29 17.29 17.27 17.28 17.28 17.30 17.29 17.29 17.27 17.27 17.27 17.27 17.28 17.29 17.29 17.28 17.28 17.28 17.27 17.27 17.28 17.28 17.25 17.25 17.25 17.26 17.26 17.26 17.28 17.28 17.27 17.27
17.17 17.14 17.13 17.10 17.10 17.11 17.13 17.15 17.15 17.14 17.16 17.19 17.17 17.15 17.14 17.14 17.15 17.16 17.17 17.19 17.13 17.19 17.20 17.16 17.18 17.19 17.21 17.23 17.25 17.25 17.25 17.26 17.27 17.25 17.24 17.20 17.23 17.24 17.24 17.25 17.23 17.25 17.26 17.26 17.27 17.27 17.26 17.26 17.27 17.26 17.22 17.24 17.27 17.26 17.27 17.25 17.27 17.25 17.25 17.27 17.27 17.25 17.26 17.24 17.25 17.25 17.26 17.25 17.25 17.25 17.26 17.26 17.27 17.25 17.25 17.24 17.24
17.13 17.15 17.14 17.14 17.15 17.16 17.16 17.17 17.17 17.14 17.14 17.18 17.16 17.16 17.14 17.10 17.07 17.15 17.14 17.12 17.17 17.16 17.22 17.17 17.16 17.17 17.14 17.21 17.25 17.23 17.23 17.23 17.24 17.23 17.24 17.24 17.18 17.17 17.21 17.20 17.21 17.21 17.22 17.23 17.24 17.24 17.24 17.24 17.22 17.23 17.21 17.25 17.23 17.21 17.24 17.22 17.25 17.24 17.25 17.23 17.26 17.24 17.21 17.21 17.21 17.20 17.21 17.20 17.21 17.22 17.23 17.24 17.24 17.24 17.24 17.24 17.25
17.13 17.12 17.11 17.13 17.13 17.15 17.12 17.12 17.16 17.15 17.13 17.13 17.16 17.15 17.14 17.11 17.14 17.15 17.14 17.13 17.12 17.12 17.14 17.16 17.16 17.17 17.14 17.12 17.24 17.23 17.22 17.21 17.21 17.22 17.23 17.21 17.20 17.20 17.20 17.21 17.20 17.20 17.23 17.22 17.22 17.22 17.24 17.24 17.21 17.20 17.23 17.22 17.24 17.23 17.24 17.25 17.23 17.23 17.22 17.23 17.23 17.20 17.19 17.18 17.18 17.18 17.17 17.15 17.19 17.20 17.20 17.20 17.21 17.20 17.19 17.20 17.21
17.11 17.07 17.08 17.12 17.11 17.09 17.10 17.11 17.11 17.10 17.10 17.12 17.12 17.14 17.14 17.12 17.14 17.11 17.13 17.12 17.14 17.11 17.09 17.13 17.10 17.13 17.13 17.11 17.20 17.22 17.20 17.18 17.19 17.20 17.21 17.19 17.18 17.18 17.19 17.21 17.20 17.20 17.21 17.20 17.20 17.21 17.21 17.20 17.20 17.22 17.19 17.19 17.19 17.22 17.24 17.23 17.22 17.22 17.22 17.22 17.21 17.17 17.15 17.17 17.17 17.15 17.15 17.14 17.15 17.14 17.14 17.18 17.16 17.15 17.15 17.15 17.14
17.09 17.06 17.04 17.08 17.06 17.08 17.08 17.11 17.08 17.08 17.09 17.06 17.10 17.09 17.11 17.11 17.11 17.11 17.10 17.12 17.11 17.09 17.11 17.09 17.10 17.12 17.12 17.11 17.19 17.19 17.17 17.16 17.18 17.19 17.18 17.18 17.17 17.19 17.19 17.19 17.17 17.18 17.17 17.18 17.17 17.16 17.17 17.17 17.16 17.17 17.14 17.18 17.17 17.17 17.17 17.19 17.21 17.22 17.21 17.19 17.18 17.17 17.15 17.16 17.15 17.13 17.13 17.13 17.13 17.10 17.13 17.13 17.14 17.15 17.14 17.13 17.13
17.06 17.05 16.99 17.04 17.05 17.05 17.01 17.04 17.06 17.07 17.06 17.05 17.10 17.07 17.06 17.08 17.08 17.08 17.07 17.09 17.08 17.12 17.10 17.08 17.01 17.09 17.11 17.10 17.15 17.15 17.15 17.14 17.16 17.15 17.15 17.15 17.14 17.17 17.17 17.17 17.18 17.17 17.17 17.17 17.15 17.14 17.15 17.16 17.17 17.17 17.13 17.15 17.17 17.15 17.16 17.15 17.15 17.18 17.18 17.17 17.17 17.16 17.17 17.17 17.14 17.13 17.12 17.12 17.10 17.08 17.09 17.12 17.09 17.08 17.10 17.12 17.11
17.01 17.00 17.00 16.98 17.02 17.02 17.01 17.00 17.00 17.00 17.03 17.01 17.03 17.00 17.01 17.03 17.05 17.05 17.04 17.05 17.06 17.09 17.07 17.05 17.07 17.07 17.09 17.06 17.07 17.12 17.12 17.12 17.13 17.14 17.13 17.15 17.15 17.15 17.15 17.13 17.14 17.16 17.16 17.16 17.14 17.11 17.13 17.15 17.15 17.16 17.16 17.15 17.15 17.09 17.15 17.13 17.13 17.13 17.13 16.94 17.10 17.12 17.13 17.12 17.12 17.12 17.12 17.13 17.10 17.09 17.07 17.08 17.08 17.08 17.07 17.05 17.06
17.00 16.99 16.96 16.96 16.94 16.98 17.00 16.91 16.96 16.96 16.98 16.99 16.98 17.01 17.00 16.99 17.01 17.00 17.01 17.02 17.02 17.03 17.02 17.03 17.04 16.99 17.05 17.04 17.03 17.08 17.10 17.11 17.12 17.13 17.11 17.12 17.14 17.13 17.11 17.10 17.11 17.14 17.16 17.17 17.18 17.14 17.13 17.13 17.14 17.12 17.08 17.11 17.11 17.12 17.11 17.11 17.12 17.12 17.11 17.04 17.03 17.10 17.12 17.11 17.10 17.10 17.10 17.09 17.09 17.07 17.06 17.07 17.07 17.06 17.06 17.05 17.02
16.98 16.98 16.95 16.92 16.93 16.93 16.95 16.95 16.96 16.97 17.00 16.98 16.96 16.97 16.98 16.99 16.99 16.99 17.00 17.00 17.00 17.03 17.00 17.00 17.03 16.98 17.02 17.02 17.03 17.02 17.06 17.10 17.10 17.10 17.09 17.10 17.10 17.10 17.09 17.12 17.12 17.14 17.16 17.14 17.17 17.14 17.10 17.08 17.08 17.09 17.06 17.07 17.08 17.10 17.09 17.09 17.09 17.10 17.07 17.06 17.06 17.08 17.09 17.09 17.08 17.09 17.08 17.08 17.06 17.03 17.04 17.05 17.04 17.05 17.05 17.05 17.02
16.91 16.92 16.95 16.94 16.88 16.91 16.88 16.87 16.86 16.89 16.94 16.96 16.96 16.94 16.94 16.98 16.97 16.98 16.98 16.97 16.96 16.97 17.00 16.98 17.00 16.99 17.00 17.01 16.99 16.96 16.99 17.07 17.09 17.07 17.08 17.10 17.08 17.07 17.06 17.10 17.09 17.10 17.09 17.10 17.11 17.09 17.07 17.06 17.04 17.04 17.04 17.06 17.04 17.04 17.04 17.06 17.06 17.05 17.04 17.04 17.04 17.07 17.05 17.06 17.06 17.07 17.05 17.02 17.03 17.02 17.02 17.01 17.03 16.98 17.02 17.01 17.02
16.90 16.90 16.91 16.91 16.94 16.86 16.87 16.87 16.87 16.89 16.95 16.94 16.92 16.92 16.92 16.92 16.94 16.97 16.98 16.96 16.92 16.93 16.97 16.95 16.95 16.95 16.91 16.95 16.93 16.95 16.95 17.00 17.05 17.04 17.05 17.07 17.07 17.06 17.06 17.06 17.07 17.07 17.08 17.08 17.06 17.05 17.06 17.05 17.04 17.06 17.05 17.06 17.01 17.02 17.01 17.03 17.00 17.03 17.04 17.03 17.05 17.04 17.03 17.05 17.04 17.04 17.04 17.01 17.00 16.99 17.00 17.00 16.99 16.97 17.01 17.00 17.00
16.86 16.85 16.85 16.85 16.88 16.89 16.86 16.85 16.85 16.88 16.90 16.91 16.91 16.91 16.90 16.94 16.93 16.95 16.98 16.97 16.93 16.93 16.94 16.93 16.92 16.93 16.88 16.92 16.96 16.95 16.93 16.95 17.03 17.02 17.03 17.03 17.04 17.03 17.03 17.03 17.04 17.04 17.03 17.05 17.05 17.05 17.05 17.04 17.02 17.01 17.04 17.04 17.04 17.04 17.02 17.03 16.99 16.97 16.96 16.95 16.94 17.02 17.02 17.04 17.03 17.02 17.00 17.00 16.98 16.99 16.98 16.98 16.94 16.93 16.96 16.99 16.98
16.81 16.80 16.84 16.85 16.83 16.88 16.84 16.85 16.84 16.85 16.85 16.84 16.88 16.86 16.87 16.91 16.88 16.91 16.95 16.97 16.94 16.92 16.91 16.92 16.89 16.91 16.92 16.87 16.88 16.94 16.92 16.94 17.01 17.02 17.02 17.02 17.02 17.02 17.02 17.02 17.02 17.03 17.01 17.00 17.03 17.04 17.02 17.01 17.01 16.97 16.97 17.03 17.02 17.03 17.03 17.00 16.99 16.91 16.99 16.95 16.92 17.01 17.00 17.01 17.01 17.00 16.97 16.97 16.95 16.96 16.97 16.96 16.95 16.94 16.94 16.97 16.95
16.80 16.80 16.86 16.87 16.81 16.81 16.82 16.83 16.82 16.82 16.79 16.81 16.82 16.92 16.91 16.86 16.86 16.88 16.91 16.93 16.92 16.91 16.89 16.90 16.89 16.87 16.89 16.90 16.87 16.93 16.91 16.87 16.98 16.99 16.99 16.99 17.01 17.00 17.00 16.99 17.00 17.00 16.99 16.99 16.98 16.99 16.98 17.00 16.98 16.98 16.99 16.96 16.99 17.00 16.98 16.97 16.99 16.99 16.98 16.96 16.99 16.99 16.97 16.98 17.00 16.99 16.97 16.96 16.94 16.92 16.94 16.92 16.95 16.91 16.90 16.92 16.91
16.82 16.84 16.83 16.84 16.78 16.79 16.79 16.83 16.82 16.82 16.80 16.80 16.81 16.88 16.88 16.80 16.80 16.83 16.84 16.83 16.85 16.84 16.85 16.85 16.84 16.83 16.85 16.86 16.88 16.89 16.91 16.83 16.94 16.96 16.96 16.96 16.96 16.99 16.99 17.00 16.99 17.00 16.99 16.98 16.98 16.96 16.93 16.97 16.95 16.95 16.95 16.95 16.96 16.96 16.94 16.96 16.97 16.98 16.97 16.97 16.97 16.97 16.97 16.97 16.98 16.95 16.94 16.93 16.94 16.93 16.94 16.92 16.94 16.91 16.89 16.92 16.92
16.86 16.84 16.86 16.83 16.81 16.80 16.80 16.80 16.80 16.80 16.79 16.79 16.82 16.81 16.81 16.82 16.79 16.79 16.81 16.79 16.83 16.84 16.83 16.79 16.80 16.82 16.85 16.81 16.88 16.89 16.88 16.84 16.93 16.93 16.93 16.94 16.94 16.95 16.96 16.97 16.95 16.97 16.98 16.97 16.97 16.94 16.91 16.88 16.91 16.92 16.93 16.91 16.90 16.93 16.93 16.94 16.94 16.95 16.92 16.96 16.94 16.94 16.94 16.94 16.97 16.96 16.95 16.94 16.92 16.93 16.92 16.93 16.92 16.92 16.91 16.89 16.91
16.82 16.83 16.80 16.80 16.81 16.78 16.77 16.81 16.79 16.79 16.80 16.82 16.81 16.81 16.79 16.84 16.81 16.81 16.80 16.77 16.78 16.77 16.75 16.74 16.78 16.80 16.81 16.84 16.86 16.81 16.82 16.82 16.88 16.89 16.86 16.90 16.89 16.93 16.92 16.90 16.92 16.90 16.94 16.95 16.93 16.92 16.85 16.84 16.84 16.91 16.89 16.91 16.80 16.87 16.91 16.92 16.94 16.93 16.92 16.91 16.90 16.90 16.92 16.92 16.92 16.92 16.92 16.89 16.91 16.90 16.90 16.91 16.90 16.89 16.88 16.90 16.91
16.80 16.82 16.81 16.82 16.80 16.81 16.81 16.77 16.79 16.81 16.76 16.77 16.75 16.79 16.81 16.83 16.83 16.85 16.83 16.78 16.72 16.71 16.76 16.72 16.76 16.80 16.78 16.80 16.82 16.81 16.79 16.77 16.86 16.85 16.86 16.88 16.88 16.92 16.91 16.92 16.91 16.88 16.86 16.89 16.90 16.89 16.88 16.84 16.83 16.86 16.85 16.84 16.83 16.84 16.84 16.90 16.94 16.90 16.88 16.86 16.88 16.87 16.90 16.87 16.87 16.89 16.88 16.89 16.88 16.89 16.90 16.91 16.91 16.88 16.86 16.88 16.87
16.75 16.78 16.79 16.82 16.80 16.82 16.81 16.79 16.79 16.81 16.81 16.79 16.76 16.75 16.75 16.78 16.78 16.82 16.80 16.77 16.69 16.69 16.71 16.71 16.76 16.76 16.75 16.76 16.74 16.76 16.76 16.77 16.76 16.86 16.85 16.87 16.84 16.85 16.88 16.88 16.87 16.87 16.83 16.82 16.86 16.84 16.81 16.84 16.84 16.85 16.85 16.83 16.83 16.83 16.85 16.86 16.86 16.91 16.87 16.87 16.88 16.86 16.85 16.86 16.88 16.88 16.89 16.89 16.88 16.87 16.87 16.87 16.87 16.85 16.83 16.87 16.88
16.77 16.75 16.79 16.77 16.82 16.81 16.79 16.79 16.78 16.82 16.78 16.80 16.80 16.78 16.75 16.71 16.71 16.75 16.75 16.76 16.69 16.69 16.70 16.70 16.72 16.73 16.73 16.77 16.71 16.73 16.74 16.71 16.73 16.75 16.74 16.84 16.82 16.81 16.87 16.87 16.85 16.86 16.85 16.81 16.76 16.81 16.78 16.80 16.78 16.82 16.81 16.80 16.82 16.82 16.83 16.84 16.84 16.81 16.86 16.86 16.87 16.84 16.81 16.84 16.84 16.86 16.83 16.85 16.86 16.86 16.85 16.84 16.83 16.84 16.83 16.85 16.85
16.75 16.74 16.76 16.75 16.79 16.78 16.78 16.78 16.81 16.81 16.78 16.81 16.77 16.74 16.72 16.71 16.67 16.73 16.70 16.68 16.69 16.68 16.69 16.72 16.72 16.71 16.69 16.75 16.72 16.74 16.75 16.69 16.71 16.71 16.70 16.76 16.80 16.78 16.82 16.83 16.82 16.81 16.81 16.81 16.74 16.75 16.73 16.74 16.81 16.81 16.80 16.78 16.77 16.81 16.81 16.83 16.81 16.79 16.80 16.81 16.83 16.84 16.84 16.82 16.82 16.84 16.81 16.82 16.78 16.80 16.83 16.82 16.81 16.81 16.81 16.82 16.83
