main/data/irradiance/09.08.2023.grid
ncols 839
nrows 679
xllcenter 112.0500
yllcenter -43.9500
cellsize 0.0500
nodata_value 99999.90
[rows 272 to 305 of 679, columns 231 to 307 of 839]
18.47 18.47 18.47 18.49 18.45 18.46 18.47 18.49 18.50 18.50 18.51 18.48 18.50 18.49 18.48 18.48 18.52 18.52 18.49 18.47 18.45 18.45 18.46 18.45 18.46 18.45 18.46 18.46 18.47 18.47 18.49 18.49 18.49 18.48 18.50 18.50 18.49 18.50 18.52 18.50 18.48 18.48 18.48 18.48 18.48 18.47 18.47 18.44 18.44 18.44 18.46 18.45 18.46 18.46 18.48 18.52 18.49 18.46 18.49 18.51 18.49 18.51 18.57 18.55 18.57 18.53 18.48 18.53 18.57 18.55 18.53 18.52 18.58 18.57 18.49 18.45 18.38
18.46 18.46 18.48 18.49 18.49 18.50 18.49 18.47 18.47 18.47 18.47 18.47 18.50 18.48 18.47 18.47 18.46 18.48 18.49 18.45 18.45 18.42 18.43 18.43 18.43 18.43 18.43 18.41 18.41 18.43 18.44 18.44 18.43 18.44 18.46 18.45 18.46 18.46 18.48 18.49 18.49 18.47 18.46 18.46 18.46 18.46 18.44 18.45 18.44 18.41 18.40 18.39 18.39 18.41 18.44 18.46 18.40 18.42 18.50 18.47 18.46 18.46 18.54 18.57 18.59 18.52 18.46 18.50 18.53 18.54 18.55 18.51 18.48 18.50 18.44 18.46 18.42
18.48 18.48 18.49 18.48 18.49 18.47 18.47 18.47 18.48 18.48 18.45 18.46 18.49 18.47 18.47 18.49 18.45 18.44 18.42 18.45 18.44 18.41 18.42 18.43 18.42 18.42 18.42 18.41 18.41 18.42 18.41 18.41 18.42 18.42 18.43 18.43 18.43 18.44 18.47 18.47 18.47 18.43 18.46 18.44 18.45 18.43 18.44 18.41 18.43 18.40 18.37 18.38 18.37 18.40 18.38 18.41 18.40 18.49 18.49 18.41 18.41 18.43 18.52 18.46 18.53 18.44 18.42 18.46 18.43 18.46 18.50 18.47 18.41 18.43 18.46 18.41 18.41
18.45 18.44 18.43 18.43 18.45 18.45 18.44 18.45 18.47 18.46 18.46 18.44 18.42 18.45 18.44 18.44 18.39 18.43 18.40 18.39 18.38 18.38 18.43 18.40 18.40 18.42 18.40 18.41 18.41 18.40 18.40 18.40 18.39 18.41 18.41 18.41 18.42 18.41 18.44 18.45 18.42 18.37 18.43 18.45 18.43 18.44 18.43 18.41 18.43 18.42 18.40 18.39 18.38 18.39 18.38 18.35 18.37 18.41 18.45 18.45 18.43 18.49 18.46 18.45 18.51 18.50 18.41 18.46 18.42 18.41 18.43 18.48 18.47 18.41 18.36 18.40 18.35
18.44 18.45 18.45 18.43 18.44 18.45 18.43 18.44 18.44 18.42 18.44 18.42 18.45 18.42 18.40 18.39 18.38 18.39 18.39 18.38 18.38 18.35 18.40 18.40 18.40 18.38 18.38 18.39 18.38 18.39 18.38 18.37 18.38 18.40 18.39 18.39 18.40 18.41 18.42 18.42 18.43 18.40 18.41 18.42 18.42 18.41 18.41 18.41 18.40 18.39 18.40 18.38 18.38 18.38 18.36 18.36 18.37 18.33 18.37 18.41 18.44 18.48 18.43 18.40 18.44 18.46 18.37 18.41 18.40 18.38 18.43 18.47 18.42 18.39 18.37 18.33 18.35
18.41 18.41 18.41 18.41 18.41 18.42 18.42 18.40 18.41 18.41 18.39 18.39 18.40 18.39 18.38 18.39 18.38 18.39 18.37 18.36 18.36 18.35 18.36 18.37 18.37 18.36 18.35 18.36 18.36 18.37 18.36 18.36 18.36 18.37 18.38 18.38 18.37 18.38 18.37 18.35 18.38 18.40 18.40 18.40 18.38 18.39 18.39 18.38 18.37 18.37 18.37 18.36 18.35 18.36 18.33 18.34 18.32 18.36 18.38 18.40 18.41 18.44 18.48 18.41 18.32 18.36 18.37 18.39 18.39 18.28 18.36 18.41 18.38 18.41 18.41 18.38 18.35
18.40 18.39 18.39 18.39 18.40 18.39 18.39 18.40 18.38 18.38 18.37 18.35 18.35 18.37 18.36 18.35 18.36 18.36 18.36 18.37 18.35 18.35 18.36 18.35 18.34 18.34 18.35 18.35 18.35 18.35 18.35 18.35 18.35 18.37 18.36 18.36 18.37 18.36 18.37 18.34 18.37 18.39 18.38 18.40 18.39 18.37 18.38 18.37 18.35 18.35 18.35 18.35 18.33 18.34 18.33 18.30 18.31 18.31 18.36 18.37 18.43 18.38 18.41 18.35 18.31 18.37 18.44 18.37 18.30 18.29 18.34 18.44 18.40 18.35 18.37 18.35 18.27
18.35 18.36 18.37 18.36 18.38 18.38 18.39 18.37 18.35 18.34 18.35 18.37 18.37 18.34 18.34 18.33 18.33 18.34 18.33 18.32 18.31 18.31 18.32 18.31 18.30 18.29 18.32 18.31 18.31 18.31 18.31 18.33 18.33 18.34 18.34 18.34 18.34 18.32 18.32 18.34 18.35 18.36 18.35 18.35 18.36 18.35 18.35 18.33 18.32 18.33 18.33 18.33 18.32 18.31 18.30 18.27 18.31 18.33 18.32 18.32 18.38 18.32 18.39 18.34 18.33 18.38 18.40 18.41 18.37 18.33 18.38 18.41 18.44 18.41 18.37 18.29 18.26
18.31 18.31 18.30 18.31 18.29 18.34 18.38 18.36 18.33 18.33 18.33 18.33 18.35 18.33 18.36 18.31 18.31 18.32 18.31 18.31 18.33 18.31 18.31 18.32 18.29 18.30 18.31 18.31 18.31 18.29 18.32 18.33 18.33 18.31 18.32 18.32 18.31 18.32 18.29 18.29 18.31 18.31 18.32 18.35 18.37 18.33 18.33 18.32 18.33 18.33 18.33 18.31 18.29 18.29 18.30 18.26 18.31 18.29 18.30 18.34 18.33 18.35 18.37 18.37 18.36 18.36 18.37 18.34 18.31 18.33 18.35 18.35 18.40 18.42 18.40 18.30 18.29
18.27 18.27 18.31 18.33 18.32 18.32 18.35 18.35 18.32 18.30 18.31 18.30 18.32 18.35 18.32 18.29 18.30 18.31 18.30 18.30 18.30 18.30 18.30 18.29 18.29 18.30 18.27 18.24 18.27 18.27 18.28 18.29 18.29 18.28 18.29 18.29 18.29 18.27 18.28 18.27 18.28 18.29 18.28 18.28 18.31 18.30 18.28 18.28 18.27 18.28 18.29 18.28 18.25 18.22 18.24 18.21 18.25 18.27 18.30 18.33 18.34 18.33 18.32 18.32 18.34 18.27 18.36 18.34 18.33 18.33 18.29 18.36 18.36 18.40 18.36 18.30 18.34
18.26 18.25 18.28 18.31 18.27 18.27 18.28 18.31 18.26 18.28 18.29 18.27 18.28 18.27 18.28 18.26 18.27 18.27 18.29 18.27 18.27 18.29 18.29 18.27 18.25 18.25 18.26 18.27 18.27 18.26 18.27 18.26 18.25 18.25 18.27 18.27 18.27 18.27 18.27 18.27 18.25 18.24 18.26 18.26 18.27 18.26 18.26 18.25 18.26 18.24 18.26 18.25 18.26 18.25 18.22 18.27 18.23 18.26 18.32 18.33 18.31 18.31 18.32 18.32 18.35 18.27 18.34 18.33 18.34 18.34 18.32 18.37 18.37 18.40 18.36 18.35 18.34
18.26 18.27 18.26 18.27 18.25 18.23 18.27 18.30 18.30 18.29 18.28 18.25 18.25 18.25 18.25 18.25 18.23 18.25 18.26 18.25 18.27 18.25 18.24 18.21 18.21 18.23 18.25 18.25 18.26 18.25 18.25 18.23 18.22 18.22 18.24 18.24 18.24 18.24 18.24 18.24 18.23 18.22 18.22 18.23 18.23 18.24 18.25 18.23 18.25 18.21 18.21 18.20 18.17 18.17 18.23 18.26 18.22 18.21 18.25 18.29 18.32 18.28 18.27 18.29 18.31 18.32 18.31 18.32 18.27 18.30 18.33 18.34 18.36 18.35 18.35 18.35 18.34
18.20 18.20 18.18 18.19 18.20 18.22 18.22 18.24 18.24 18.25 18.22 18.18 18.17 18.19 18.21 18.21 18.20 18.21 18.22 18.23 18.22 18.20 18.22 18.21 18.20 18.19 18.20 18.21 18.22 18.22 18.22 18.22 18.20 18.21 18.22 18.22 18.22 18.21 18.22 18.22 18.23 18.21 18.21 18.20 18.19 18.20 18.20 18.19 18.22 18.21 18.22 18.22 18.17 18.20 18.26 18.25 18.23 18.24 18.25 18.28 18.30 18.27 18.25 18.25 18.27 18.29 18.29 18.30 18.35 18.35 18.32 18.31 18.30 18.33 18.37 18.33 18.31
18.18 18.17 18.17 18.17 18.16 18.17 18.19 18.19 18.18 18.20 18.21 18.18 18.17 18.15 18.20 18.22 18.20 18.19 18.21 18.21 18.18 18.17 18.16 18.16 18.18 18.19 18.18 18.19 18.20 18.19 18.21 18.20 18.20 18.20 18.21 18.20 18.21 18.20 18.18 18.18 18.18 18.18 18.16 18.16 18.16 18.19 18.20 18.20 18.20 18.20 18.20 18.22 18.20 18.15 18.19 18.15 18.19 18.25 18.26 18.26 18.28 18.27 18.25 18.21 18.24 18.28 18.30 18.32 18.31 18.34 18.31 18.28 18.28 18.29 18.33 18.33 18.27
18.15 18.17 18.14 18.14 18.15 18.17 18.19 18.18 18.20 18.23 18.22 18.18 18.18 18.17 18.18 18.19 18.21 18.20 18.19 18.19 18.16 18.14 18.13 18.14 18.17 18.17 18.17 18.15 18.14 18.14 18.15 18.16 18.16 18.16 18.17 18.19 18.18 18.18 18.17 18.15 18.15 18.17 18.17 18.15 18.15 18.18 18.18 18.19 18.18 18.20 18.18 18.17 18.18 18.15 18.17 18.17 18.21 18.19 18.22 18.24 18.24 18.25 18.24 18.23 18.22 18.23 18.25 18.28 18.29 18.29 18.27 18.24 18.20 18.25 18.31 18.32 18.34
18.13 18.15 18.15 18.12 18.16 18.16 18.14 18.16 18.15 18.15 18.15 18.15 18.16 18.15 18.14 18.18 18.17 18.16 18.14 18.14 18.14 18.13 18.12 18.14 18.13 18.14 18.15 18.14 18.13 18.11 18.14 18.12 18.11 18.12 18.14 18.15 18.16 18.13 18.17 18.13 18.14 18.13 18.16 18.15 18.14 18.15 18.16 18.16 18.12 18.11 18.15 18.15 18.14 18.12 18.16 18.15 18.18 18.20 18.18 18.19 18.19 18.20 18.21 18.19 18.20 18.18 18.21 18.20 18.18 18.23 18.20 18.19 18.24 18.23 18.26 18.32 18.32
18.10 18.12 18.15 18.11 18.13 18.13 18.15 18.18 18.19 18.17 18.17 18.13 18.09 18.11 18.13 18.12 18.14 18.13 18.10 18.10 18.10 18.11 18.11 18.12 18.10 18.09 18.12 18.14 18.12 18.12 18.11 18.11 18.09 18.11 18.10 18.11 18.13 18.13 18.13 18.14 18.14 18.13 18.14 18.13 18.12 18.12 18.15 18.13 18.13 18.12 18.14 18.16 18.11 18.12 18.15 18.13 18.16 18.14 18.16 18.17 18.16 18.14 18.17 18.17 18.17 18.17 18.16 18.18 18.17 18.19 18.18 18.19 18.23 18.23 18.24 18.26 18.29
18.08 18.11 18.11 18.09 18.07 18.07 18.07 18.10 18.12 18.13 18.14 18.13 18.11 18.09 18.12 18.12 18.09 18.11 18.11 18.09 18.07 18.07 18.11 18.09 18.09 18.08 18.10 18.11 18.11 18.11 18.08 18.10 18.10 18.09 18.09 18.09 18.08 18.10 18.11 18.12 18.12 18.08 18.11 18.11 18.09 18.10 18.11 18.09 18.11 18.12 18.12 18.09 18.06 18.09 18.08 18.12 18.12 18.09 18.10 18.11 18.13 18.12 18.13 18.12 18.11 18.12 18.11 18.10 18.10 18.22 18.25 18.25 18.26 18.21 18.18 18.19 18.21
18.09 18.01 18.05 18.04 18.04 18.02 18.05 18.05 18.05 18.05 18.01 18.03 18.04 18.04 18.04 18.04 18.02 18.05 18.03 18.04 18.03 18.02 18.03 18.03 18.03 18.03 18.05 18.08 18.07 18.06 18.04 18.06 18.06 18.08 18.08 18.06 18.05 18.05 18.07 18.07 18.07 18.07 18.08 18.09 18.09 18.09 18.09 18.06 18.08 18.07 18.08 18.08 18.06 18.07 18.06 18.09 18.10 18.10 18.09 18.10 18.10 18.11 18.12 18.11 18.10 18.11 18.10 18.08 18.11 18.12 18.20 18.17 18.21 18.19 18.17 18.15 18.17
18.08 18.08 18.04 18.01 18.01 18.02 18.03 18.03 18.05 18.04 18.00 18.02 18.01 18.03 17.99 18.03 18.03 18.02 18.02 18.02 18.00 17.99 18.00 18.03 18.02 17.98 18.00 18.04 18.04 18.04 18.02 18.01 18.03 18.01 18.01 18.02 18.01 18.04 18.03 18.05 18.05 18.05 18.05 18.06 18.07 18.07 18.05 18.05 18.02 18.03 18.05 18.03 18.06 18.00 18.07 18.07 18.07 18.06 18.08 18.08 18.06 18.09 18.10 18.10 18.10 18.11 18.08 18.12 18.11 18.12 18.14 18.10 18.02 18.07 18.08 18.12 18.12
18.02 18.05 18.02 17.99 17.99 17.99 17.99 18.00 18.01 18.01 18.00 17.99 18.01 18.00 18.04 18.04 18.02 18.02 18.01 18.02 18.00 17.98 17.98 17.98 17.97 17.96 17.98 17.98 17.99 17.99 17.97 17.98 18.02 18.00 17.99 17.98 17.99 18.02 18.01 18.01 18.01 18.02 18.04 18.01 18.02 18.04 18.04 18.05 18.04 18.03 18.06 18.01 17.99 18.00 18.05 18.06 18.06 18.09 18.12 18.07 18.04 18.07 18.06 18.09 18.10 18.08 18.07 18.06 18.10 18.10 18.11 18.09 18.05 18.08 18.12 18.10 18.11
17.97 17.97 17.98 17.95 17.96 17.98 17.98 17.99 17.96 17.96 17.98 18.00 18.00 17.99 18.00 17.93 17.97 17.92 17.97 17.96 17.95 17.97 17.97 18.00 17.96 17.97 17.92 17.94 17.96 17.96 17.97 17.98 17.96 17.95 17.98 17.97 17.97 17.98 17.98 17.99 18.02 18.00 18.04 17.99 17.98 17.97 18.00 18.01 18.01 17.98 18.00 17.97 18.00 18.03 18.01 18.04 18.02 18.01 18.04 18.05 18.01 18.01 18.04 18.06 18.04 18.04 18.05 18.03 18.04 18.06 18.07 18.08 18.06 18.08 18.07 18.09 18.09
17.96 17.96 17.94 17.93 17.93 17.95 17.98 18.02 17.96 17.95 17.93 17.94 17.96 17.97 17.94 17.92 17.91 17.86 17.88 17.91 17.94 17.93 17.95 17.96 17.94 17.94 17.93 17.92 17.89 17.93 17.94 17.92 17.92 17.93 17.92 17.93 17.92 17.93 17.95 17.97 17.97 17.95 17.97 17.98 17.97 17.95 17.95 17.95 17.97 17.96 17.93 17.88 17.96 17.98 17.99 18.03 18.03 18.00 17.98 17.99 17.97 17.96 17.97 18.02 18.02 18.01 18.01 18.00 17.99 18.01 18.05 18.05 18.09 18.09 18.10 18.09 18.05
17.99 17.96 17.93 17.95 17.92 17.95 17.96 17.98 18.01 17.98 17.92 17.92 17.92 17.96 17.93 17.92 17.93 17.92 17.87 17.90 17.91 17.91 17.92 17.91 17.93 17.94 17.94 17.91 17.89 17.89 17.92 17.91 17.89 17.92 17.93 17.93 17.93 17.91 17.93 17.93 17.90 17.91 17.93 17.91 17.92 17.91 17.91 17.91 17.93 17.93 17.94 17.95 17.94 17.98 17.97 17.98 18.00 18.00 17.98 17.96 17.94 17.93 17.95 17.97 17.97 17.97 17.94 17.97 17.98 17.99 18.01 18.01 18.05 18.03 18.07 18.05 18.01
17.97 17.94 17.94 17.93 17.95 17.92 17.93 17.94 17.99 17.95 17.92 17.93 17.90 17.90 17.94 17.92 17.91 17.92 17.92 17.91 17.94 17.93 17.94 17.91 17.89 17.92 17.90 17.90 17.90 17.89 17.90 17.88 17.89 17.86 17.87 17.87 17.89 17.89 17.89 17.92 17.90 17.91 17.95 17.94 17.94 17.91 17.93 17.92 17.91 17.90 17.92 17.93 17.94 17.99 17.98 17.98 17.98 17.98 17.97 17.98 17.96 17.94 17.94 17.96 17.97 17.99 17.98 17.97 18.00 17.99 18.01 18.01 17.96 17.98 18.02 17.96 18.00
17.93 17.92 17.90 17.87 17.91 17.90 17.92 17.86 17.96 17.93 17.93 17.91 17.92 17.95 17.93 17.94 17.92 17.90 17.90 17.91 17.91 17.90 17.92 17.91 17.91 17.89 17.91 17.90 17.88 17.86 17.87 17.87 17.85 17.84 17.86 17.85 17.85 17.87 17.88 17.87 17.87 17.89 17.90 17.90 17.90 17.88 17.88 17.91 17.90 17.89 17.91 17.93 17.93 17.94 17.94 17.95 17.97 17.94 17.94 17.95 17.93 17.91 17.92 17.94 17.92 17.95 17.93 17.91 17.92 17.95 18.00 18.00 17.96 17.96 17.97 17.96 18.00
17.90 17.89 17.85 17.85 17.86 17.81 17.84 17.89 17.90 17.91 17.93 17.92 17.89 17.89 17.88 17.88 17.88 17.88 17.86 17.89 17.89 17.88 17.87 17.87 17.89 17.88 17.90 17.85 17.86 17.84 17.86 17.84 17.86 17.84 17.84 17.83 17.87 17.86 17.84 17.84 17.83 17.85 17.86 17.89 17.88 17.88 17.87 17.88 17.91 17.92 17.92 17.92 17.93 17.96 17.93 17.91 17.94 17.95 17.95 17.94 17.93 17.91 17.91 17.90 17.91 17.91 17.92 17.94 17.91 17.95 17.95 17.97 17.98 17.98 17.98 17.99 18.01
17.88 17.90 17.90 17.88 17.90 17.81 17.84 17.88 17.88 17.88 17.89 17.90 17.87 17.87 17.86 17.85 17.88 17.86 17.87 17.89 17.88 17.88 17.88 17.87 17.86 17.87 17.85 17.82 17.81 17.84 17.85 17.83 17.82 17.82 17.81 17.82 17.79 17.81 17.82 17.84 17.83 17.85 17.83 17.84 17.87 17.90 17.88 17.91 17.92 17.90 17.89 17.92 17.93 17.94 17.92 17.89 17.88 17.91 17.90 17.90 17.90 17.92 17.93 17.91 17.93 17.92 17.91 17.91 17.91 17.91 17.92 17.94 17.94 17.94 17.95 17.97 17.96
17.87 17.86 17.85 17.88 17.86 17.90 17.85 17.84 17.84 17.84 17.86 17.85 17.86 17.88 17.87 17.88 17.90 17.89 17.88 17.87 17.88 17.88 17.87 17.86 17.86 17.86 17.85 17.86 17.84 17.82 17.82 17.81 17.79 17.84 17.81 17.78 17.79 17.79 17.81 17.79 17.82 17.83 17.83 17.82 17.85 17.87 17.89 17.88 17.90 17.89 17.93 17.90 17.94 17.96 17.92 17.91 17.87 17.90 17.92 17.92 17.92 17.90 17.89 17.90 17.91 17.91 17.92 17.89 17.87 17.92 17.93 17.96 17.95 17.94 17.93 17.96 17.97
17.86 17.84 17.88 17.86 17.82 17.85 17.85 17.83 17.82 17.79 17.79 17.83 17.84 17.87 17.88 17.88 17.87 17.87 17.87 17.88 17.88 17.87 17.88 17.84 17.83 17.85 17.85 17.86 17.82 17.81 17.84 17.83 17.81 17.81 17.82 17.79 17.79 17.81 17.81 17.81 17.81 17.82 17.80 17.80 17.82 17.83 17.84 17.84 17.82 17.83 17.90 17.89 17.94 17.95 17.91 17.89 17.88 17.88 17.89 17.89 17.88 17.88 17.88 17.87 17.90 17.89 17.90 17.88 17.89 17.89 17.88 17.90 17.95 17.94 17.93 17.91 17.90
17.83 17.82 17.80 17.81 17.79 17.82 17.81 17.82 17.79 17.79 17.83 17.80 17.79 17.81 17.81 17.81 17.84 17.83 17.85 17.87 17.88 17.86 17.84 17.83 17.83 17.86 17.84 17.81 17.77 17.80 17.81 17.79 17.78 17.79 17.81 17.79 17.79 17.80 17.81 17.79 17.79 17.79 17.81 17.81 17.81 17.79 17.82 17.83 17.83 17.85 17.88 17.85 17.91 17.91 17.91 17.91 17.91 17.91 17.90 17.86 17.86 17.88 17.86 17.87 17.90 17.89 17.89 17.87 17.87 17.90 17.90 17.89 17.87 17.90 17.90 17.89 17.91
17.81 17.81 17.80 17.81 17.82 17.81 17.82 17.83 17.83 17.84 17.79 17.84 17.81 17.80 17.78 17.81 17.80 17.84 17.82 17.81 17.86 17.85 17.85 17.85 17.84 17.84 17.83 17.82 17.80 17.78 17.76 17.77 17.76 17.79 17.80 17.80 17.81 17.81 17.77 17.78 17.78 17.77 17.76 17.77 17.79 17.79 17.79 17.81 17.80 17.82 17.80 17.86 17.88 17.88 17.89 17.91 17.90 17.88 17.89 17.88 17.85 17.86 17.81 17.81 17.84 17.85 17.85 17.86 17.86 17.86 17.87 17.87 17.84 17.76 17.84 17.83 17.84
17.81 17.79 17.78 17.77 17.77 17.77 17.76 17.79 17.79 17.79 17.80 17.80 17.80 17.79 17.82 17.79 17.79 17.78 17.80 17.80 17.81 17.81 17.83 17.81 17.78 17.80 17.78 17.78 17.79 17.74 17.75 17.76 17.79 17.78 17.78 17.77 17.78 17.77 17.78 17.73 17.76 17.75 17.76 17.76 17.76 17.77 17.78 17.77 17.82 17.82 17.81 17.84 17.85 17.86 17.88 17.89 17.87 17.85 17.86 17.88 17.87 17.84 17.84 17.88 17.87 17.87 17.84 17.86 17.88 17.86 17.85 17.87 17.86 17.86 17.84 17.79 17.79
17.79 17.81 17.76 17.74 17.79 17.81 17.77 17.72 17.75 17.75 17.75 17.77 17.77 17.78 17.77 17.80 17.81 17.79 17.80 17.79 17.81 17.83 17.83 17.82 17.80 17.79 17.79 17.75 17.76 17.78 17.76 17.78 17.79 17.77 17.77 17.77 17.77 17.76 17.74 17.71 17.73 17.74 17.74 17.73 17.75 17.75 17.77 17.75 17.79 17.83 17.78 17.80 17.81 17.83 17.86 17.87 17.87 17.88 17.85 17.81 17.85 17.84 17.82 17.88 17.87 17.84 17.84 17.86 17.83 17.82 17.81 17.78 17.80 17.82 17.82 17.81 17.81
