main/data/irradiance/09.01.2023.grid
ncols 839
nrows 679
xllcenter 112.0500
yllcenter -43.9500
cellsize 0.0500
nodata_value 99999.90
[rows 408 to 441 of 679, columns 539 to 615 of 839]
13.07 11.96 11.26 10.62 12.31 13.13 11.40 11.00 10.08 9.90 11.14 12.26 11.64 11.63 11.85 11.93 13.55 14.71 14.55 14.51 15.19 14.72 14.88 15.35 15.85 15.93 16.00 15.40 13.21 12.80 13.13 14.49 14.10 12.38 13.82 14.05 14.05 16.27 17.26 17.76 18.40 18.40 18.22 17.87 18.06 17.49 16.76 16.53 16.75 16.67 16.16 15.32 16.25 15.22 15.02 15.73 15.88 14.83 16.54 17.84 18.00 17.84 17.45 18.18 16.76 15.95 16.37 17.27 18.34 18.46 19.38 19.37 19.98 19.86 19.31 19.22 19.67
13.15 12.15 10.28 10.99 11.45 11.50 12.15 11.44 10.73 10.24 11.31 11.96 11.26 11.68 11.75 12.36 13.91 15.01 13.64 14.18 14.96 13.05 12.69 14.53 14.85 15.46 16.00 14.89 14.93 13.14 13.29 14.27 13.43 13.02 14.17 14.20 13.69 15.03 16.15 16.64 18.08 18.28 18.07 17.62 16.06 16.11 16.55 16.20 15.99 15.77 16.89 16.85 15.90 15.11 14.42 14.38 14.97 15.05 15.43 16.65 17.09 16.02 16.49 17.06 17.48 17.12 16.01 17.41 19.22 18.78 19.38 20.43 20.07 19.82 19.19 19.46 19.11
13.30 12.38 10.31 10.16 10.78 10.61 11.30 11.03 9.73 10.55 11.32 12.76 12.36 12.15 12.76 13.10 13.68 14.24 14.49 14.23 13.67 12.05 12.22 12.38 13.40 15.12 15.50 14.63 14.79 14.01 15.22 15.97 15.61 14.33 14.14 13.72 14.95 15.48 15.12 15.58 16.79 17.95 17.52 16.85 16.06 16.01 15.04 14.55 15.01 15.60 16.69 17.67 14.94 14.19 13.00 13.57 14.47 14.89 14.57 16.64 18.39 18.29 17.96 18.95 18.72 18.93 18.22 19.01 19.46 19.91 19.86 19.85 20.88 20.21 19.17 19.77 20.21
12.18 11.84 10.46 9.88 11.22 11.62 11.06 11.29 10.72 10.51 11.26 13.73 13.63 13.26 14.63 12.45 12.23 13.27 13.76 13.98 13.14 12.45 12.49 11.16 12.69 14.64 15.37 14.71 14.71 14.67 15.94 15.91 15.23 15.39 14.38 14.01 14.78 14.87 15.09 16.63 16.96 17.86 16.29 16.52 17.25 16.14 14.77 14.16 14.40 14.93 14.93 15.08 14.35 13.34 12.84 13.17 14.02 14.35 15.19 16.98 17.93 18.45 19.86 19.82 19.48 19.61 19.55 20.34 20.20 20.81 20.12 20.03 21.24 22.09 20.90 20.43 20.77
11.08 11.24 11.01 10.21 11.63 12.00 12.31 12.38 11.20 11.75 12.08 13.42 13.64 14.92 13.11 12.26 12.33 14.36 15.23 14.02 13.33 13.35 12.55 12.68 12.96 13.58 13.19 13.18 13.31 14.28 14.76 15.28 15.61 15.60 14.89 14.04 14.89 16.43 17.54 17.34 17.62 17.88 16.65 16.87 17.45 17.58 15.85 14.61 15.07 14.75 13.84 13.92 13.86 13.35 13.04 14.25 14.77 15.09 15.61 16.35 17.82 19.33 19.92 20.79 20.62 20.67 20.22 20.91 20.39 20.61 20.76 20.86 21.44 23.36 22.40 22.83 22.14
10.99 11.09 10.72 11.31 12.09 12.95 13.61 13.03 11.31 11.27 10.95 10.76 13.30 12.86 14.86 16.09 16.21 16.49 13.54 13.03 12.88 12.27 13.30 14.11 13.78 14.62 13.33 12.86 12.71 13.28 13.76 14.74 15.76 15.53 14.86 13.54 15.09 17.59 17.79 17.49 16.75 16.79 16.32 16.83 18.21 17.47 15.29 14.51 15.11 15.04 14.27 13.90 13.69 13.80 14.09 14.96 15.40 15.92 16.16 16.85 18.34 19.45 20.62 21.47 21.61 20.62 19.79 20.87 22.51 21.80 21.97 21.77 21.00 22.07 23.18 23.68 23.23
11.75 11.75 12.70 12.77 12.84 14.11 13.50 12.10 11.19 9.98 10.22 11.48 13.64 14.49 15.90 15.67 14.46 15.03 13.91 13.64 13.22 11.22 14.12 15.11 15.24 15.49 14.21 14.45 13.74 11.89 12.33 13.10 15.20 14.11 13.80 13.00 14.20 15.82 17.92 17.42 16.46 15.44 15.18 15.71 16.05 15.65 14.87 15.01 15.14 15.91 15.63 14.96 14.59 15.13 14.75 15.14 16.45 17.39 17.28 17.75 18.69 20.05 21.13 19.97 20.98 20.92 20.74 21.99 22.91 22.33 21.33 22.38 21.72 21.73 22.82 23.08 23.28
13.71 13.83 14.47 13.55 12.64 13.02 12.63 11.93 11.11 10.12 10.59 13.95 14.01 16.85 15.12 13.18 11.84 12.46 12.76 13.84 12.85 11.54 14.72 15.36 15.30 16.03 15.36 15.18 14.45 13.56 12.34 12.29 13.82 13.59 13.74 14.55 15.09 15.71 15.41 16.16 16.11 14.85 14.47 14.26 14.87 15.06 14.78 16.11 15.99 15.77 16.66 16.78 16.93 16.33 16.55 15.91 16.34 18.30 18.38 17.79 18.42 19.18 19.57 19.79 19.89 20.98 22.69 23.09 23.69 22.59 21.31 21.97 22.43 22.56 22.38 22.37 23.69
13.64 13.92 13.61 12.98 11.86 12.41 12.47 12.08 10.90 10.59 11.64 15.34 14.05 15.09 13.47 13.31 11.62 11.57 12.25 13.05 12.71 12.45 14.64 15.56 15.67 17.27 16.94 15.68 15.03 15.22 14.10 13.32 13.49 13.75 13.06 14.33 13.82 13.71 13.88 15.28 15.20 14.64 15.97 15.15 15.06 15.79 16.69 17.60 16.97 16.42 16.43 17.28 16.87 16.02 16.12 17.44 18.62 19.23 18.70 18.87 18.90 18.99 19.54 20.03 21.13 22.70 23.58 23.88 24.05 23.16 22.58 23.06 23.03 23.36 22.70 22.87 24.20
14.00 13.75 13.23 13.01 12.36 12.49 12.23 11.91 12.96 12.83 12.84 15.03 15.32 17.10 15.58 14.29 12.58 13.31 14.28 13.46 11.48 13.32 14.77 14.36 14.54 15.55 14.46 14.89 14.25 13.27 12.92 12.69 13.63 13.03 13.09 14.32 14.33 13.32 14.00 14.65 14.55 14.25 15.43 15.93 16.77 18.16 17.57 18.80 19.46 18.75 18.15 18.71 18.27 17.42 17.09 16.95 18.68 17.69 18.02 19.21 18.97 20.48 20.75 20.94 21.86 23.41 23.91 24.10 23.75 23.23 22.71 23.09 23.65 23.34 22.69 24.21 24.89
14.66 14.12 14.08 14.26 13.33 12.65 12.90 14.36 14.40 13.74 13.40 13.69 14.47 15.07 16.21 16.55 15.64 14.67 15.98 15.03 12.82 14.67 15.04 15.27 15.17 15.07 13.45 14.97 15.05 13.96 13.79 13.21 14.01 14.13 15.04 17.00 17.60 15.91 15.88 15.93 15.29 14.84 15.83 16.89 18.15 19.15 19.28 18.47 19.06 19.89 19.11 19.13 19.26 19.31 18.03 17.99 16.92 18.23 19.28 19.76 20.33 21.15 22.60 22.38 22.81 24.23 24.35 24.62 25.07 24.47 23.86 24.13 24.02 23.63 22.44 24.11 25.73
16.06 14.28 14.82 15.03 14.73 13.64 14.41 15.53 14.84 15.42 14.56 13.13 13.23 15.67 15.62 16.96 17.62 15.88 15.79 15.59 15.66 14.88 15.42 15.89 16.82 16.21 15.99 17.63 17.95 16.46 17.57 17.12 15.51 16.90 17.96 18.74 18.77 17.34 16.79 18.02 16.58 16.30 15.74 16.86 18.26 18.59 18.70 18.73 19.15 19.09 20.26 20.32 20.17 18.96 19.61 20.20 18.74 19.19 20.68 21.13 20.40 20.97 22.42 24.29 23.72 24.74 25.26 25.69 25.59 25.08 24.48 24.39 24.67 24.19 23.87 25.04 25.80
17.17 15.53 16.05 16.62 15.07 14.86 16.68 16.86 16.21 16.33 15.68 14.89 14.05 13.76 14.86 13.66 14.26 15.15 15.59 16.39 17.19 15.76 16.05 16.44 17.95 17.59 18.35 17.94 18.68 19.19 19.37 17.64 16.90 18.39 20.12 20.46 20.40 20.25 19.94 20.32 19.48 19.22 18.28 18.36 19.03 19.42 19.74 21.28 21.58 21.98 23.08 22.55 21.70 20.55 20.93 20.93 19.64 21.18 22.19 22.43 22.44 22.23 22.67 24.01 24.45 25.44 24.72 24.45 25.31 24.95 24.85 24.28 24.51 25.77 25.44 26.13 25.72
18.57 17.12 17.37 18.47 17.57 17.53 18.41 18.56 19.83 20.21 19.01 18.34 17.14 16.22 15.82 14.28 14.54 15.95 17.22 16.87 17.65 17.06 15.73 16.01 16.48 16.70 17.83 18.42 19.12 19.82 20.06 19.21 18.41 19.53 19.75 20.88 21.07 20.85 20.41 20.34 20.17 20.80 20.66 20.26 20.97 20.88 21.40 21.63 22.46 22.26 23.46 23.34 23.25 22.94 22.52 21.24 20.79 21.48 21.42 20.49 21.46 22.50 23.33 23.57 24.19 25.13 25.31 25.27 25.20 25.37 25.25 25.21 25.57 26.24 26.70 27.06 26.61
19.97 19.37 18.80 20.26 20.70 20.49 19.73 19.66 20.48 21.01 20.51 20.21 19.79 19.18 18.58 18.56 17.95 17.90 18.90 18.24 18.17 19.23 17.80 17.93 17.72 16.46 17.09 17.87 19.80 21.24 20.97 19.56 18.46 19.35 19.70 20.36 20.29 21.32 20.95 20.45 19.60 20.49 21.53 22.10 21.33 22.42 22.18 21.98 22.93 22.41 23.57 22.89 23.44 24.18 24.58 23.47 22.47 23.21 21.83 21.17 22.64 24.13 25.11 24.92 23.83 24.28 24.34 25.04 25.44 25.19 25.15 26.16 25.98 25.61 25.82 26.00 26.19
21.28 20.55 21.20 20.67 20.57 21.28 20.61 20.89 21.58 22.72 22.38 21.06 20.16 20.68 20.57 19.60 19.90 18.74 19.34 19.31 18.61 19.84 19.35 18.51 16.84 17.79 19.11 19.67 19.32 20.67 20.64 19.22 18.94 19.36 19.77 19.95 20.57 22.04 22.18 20.35 19.76 20.14 20.66 21.58 22.66 22.72 23.17 22.25 22.78 22.38 22.24 22.60 23.99 25.03 24.71 24.00 24.32 23.86 22.43 22.38 23.73 25.56 25.96 25.90 25.11 24.40 23.65 24.21 25.00 24.98 24.75 26.12 25.88 25.36 25.31 25.54 26.18
23.94 23.44 22.51 22.71 21.73 21.26 21.63 21.78 21.93 23.36 23.41 22.28 21.85 22.42 22.29 21.03 21.01 19.66 19.94 19.91 20.01 19.79 19.80 18.89 18.20 18.60 20.00 20.75 20.49 20.69 19.96 19.92 19.30 20.28 21.11 20.27 20.60 21.62 22.74 21.56 20.46 20.06 20.03 21.75 22.72 24.27 24.44 23.42 22.95 22.68 22.92 22.43 23.17 23.98 25.67 26.03 25.26 24.63 22.54 23.47 23.68 24.70 25.87 25.08 25.35 25.25 24.52 23.97 24.70 24.94 24.62 24.70 25.29 25.32 25.13 25.15 25.37
24.16 24.38 23.64 23.03 22.80 21.64 20.92 22.47 23.34 24.05 24.37 25.19 22.98 23.37 23.73 23.47 21.97 22.12 21.78 21.18 20.70 21.10 20.82 20.93 20.91 20.13 20.36 20.51 21.05 21.53 22.06 22.46 20.88 20.76 22.02 22.35 21.97 22.83 22.91 22.71 21.94 20.85 21.10 22.76 23.54 24.65 24.73 24.15 23.88 23.87 23.45 21.92 22.64 25.00 25.80 25.66 25.83 25.12 24.05 23.93 24.03 24.82 25.47 25.49 26.23 26.21 25.70 25.11 25.70 26.09 26.26 25.83 25.91 26.55 25.48 25.88 25.68
24.19 23.28 24.02 23.65 22.48 23.07 20.84 22.60 23.23 24.90 24.93 25.93 25.03 24.84 24.58 24.50 24.26 23.69 23.11 23.02 22.21 23.29 23.25 23.45 21.92 21.75 20.67 19.80 21.07 21.02 21.57 22.98 21.72 21.56 22.73 21.68 20.88 21.36 21.00 23.34 22.28 21.98 22.69 22.60 23.11 24.40 24.47 23.66 24.28 23.56 23.22 22.65 23.72 24.47 25.05 24.90 25.60 26.38 26.28 24.92 25.33 25.31 25.89 26.80 27.08 26.35 25.96 26.00 25.61 27.03 27.53 26.29 26.07 27.18 27.24 27.72 27.45
24.81 23.77 24.10 24.50 22.37 23.12 23.19 23.75 23.77 25.17 25.98 25.94 26.25 25.93 25.32 25.58 26.02 24.42 23.95 23.01 23.08 22.79 23.11 23.14 22.52 21.64 21.37 20.67 21.64 22.30 23.58 22.34 20.36 21.30 20.39 19.98 19.65 21.22 21.07 23.11 24.48 23.06 23.87 22.82 23.55 24.69 23.96 22.71 22.81 23.48 23.34 22.36 23.64 25.21 25.08 25.11 25.17 25.96 26.55 26.28 25.82 24.12 25.55 26.99 27.38 26.25 26.22 26.77 26.98 27.04 27.48 27.12 26.07 26.79 26.85 27.95 28.28
24.06 23.92 25.14 26.04 23.28 23.36 23.31 24.95 26.63 24.71 25.63 25.69 26.21 25.35 24.67 26.72 27.26 26.53 24.87 23.15 22.17 21.99 23.22 22.72 22.23 21.93 22.03 21.67 21.30 22.00 22.99 22.28 22.03 21.57 21.70 21.29 21.05 22.51 23.18 23.37 24.07 23.45 23.35 23.35 23.20 24.26 24.40 23.29 22.56 23.41 25.10 23.92 25.01 25.11 24.49 23.95 24.35 25.08 26.20 26.85 26.76 25.19 25.83 27.61 27.53 27.49 26.63 26.31 27.05 26.58 26.46 26.77 26.20 26.29 26.45 26.99 27.52
22.50 25.43 26.89 25.44 24.13 25.15 25.40 25.38 26.73 25.76 25.14 26.45 25.89 25.57 25.40 26.28 26.87 27.14 25.27 25.73 22.36 23.32 22.83 22.28 22.32 21.88 21.73 22.43 21.87 22.94 23.48 23.44 23.55 23.04 22.08 21.62 22.88 24.79 25.68 25.04 24.32 24.02 23.87 24.94 24.98 25.01 25.02 24.38 23.57 24.24 25.65 24.01 24.48 25.06 25.56 25.87 24.94 25.05 26.16 25.33 25.18 25.40 26.08 27.33 27.90 27.64 26.83 26.93 27.20 26.99 25.57 25.91 26.59 26.87 26.71 26.84 26.76
24.09 24.86 26.04 26.58 23.68 24.32 25.38 24.76 26.13 27.37 26.19 26.44 27.33 26.31 26.03 25.13 25.57 25.59 24.92 26.54 25.12 24.62 24.10 23.28 23.14 23.35 22.27 20.89 21.24 22.05 22.61 23.10 23.45 23.45 23.26 23.90 25.51 26.89 26.89 26.90 26.66 25.84 25.17 25.10 26.32 25.73 25.35 24.85 24.00 24.64 25.50 25.05 24.57 25.53 25.47 26.11 25.36 24.63 25.32 25.12 24.84 24.22 25.71 27.37 27.99 28.29 27.12 27.49 27.37 27.07 25.91 25.83 26.09 26.75 27.20 27.39 27.30
26.13 24.95 25.22 25.03 24.53 25.33 24.27 25.11 25.86 26.72 27.43 26.61 26.74 26.48 25.01 24.37 24.29 22.85 23.15 22.40 25.46 25.42 24.29 23.39 23.39 23.88 22.44 21.30 20.82 21.76 22.64 23.49 23.98 23.79 24.39 24.59 25.75 26.05 26.58 26.96 27.50 27.20 25.78 25.25 24.63 25.33 25.18 25.04 24.01 24.41 24.88 25.48 25.87 25.82 25.42 25.61 24.88 24.92 26.08 26.03 24.93 25.30 25.75 26.49 27.39 27.25 27.69 28.05 27.68 27.70 25.94 26.51 27.20 27.20 27.35 27.10 27.52
25.17 25.11 22.92 24.21 24.36 24.64 24.52 25.34 25.46 26.19 27.20 26.12 26.42 25.51 25.74 24.45 23.39 23.47 22.26 21.50 24.80 26.90 25.20 24.54 24.16 24.12 23.39 22.74 21.97 21.43 21.85 22.57 23.46 23.46 24.31 23.67 24.31 24.36 25.61 25.50 26.09 26.73 26.90 26.62 26.05 26.12 25.07 24.37 24.40 24.67 25.20 25.94 26.13 25.33 24.08 24.54 25.37 25.37 26.12 27.06 25.56 25.86 25.11 25.21 26.15 27.52 27.06 27.44 26.84 26.57 25.32 26.21 26.93 26.93 27.05 27.06 27.35
25.75 25.71 23.40 25.27 24.99 24.17 23.87 25.47 24.31 25.17 25.36 26.49 26.56 24.13 24.39 24.24 23.02 24.55 23.88 23.42 24.58 26.41 25.82 24.58 24.69 24.38 24.41 24.39 23.16 21.13 20.65 22.10 21.07 23.73 25.52 25.92 25.47 26.05 26.85 26.49 25.71 25.92 25.98 25.73 25.67 25.83 25.51 25.27 25.92 25.90 26.28 25.34 25.58 25.38 24.13 24.47 25.22 26.02 26.18 26.09 26.12 26.01 25.62 25.61 25.96 26.61 27.21 26.77 26.79 25.73 25.99 26.09 26.12 25.83 26.61 26.49 26.07
26.18 27.20 23.99 24.76 24.25 24.44 25.00 25.12 24.57 24.19 24.73 25.73 26.11 25.09 24.86 24.47 24.45 23.92 25.63 24.81 25.07 24.42 25.58 24.62 25.04 24.37 23.65 23.36 23.43 23.03 21.79 20.94 19.96 22.14 24.84 26.82 26.76 27.07 26.88 27.83 26.30 25.72 26.00 26.11 26.38 25.67 26.40 26.04 26.59 26.63 26.29 26.97 26.41 25.78 24.57 23.76 24.60 25.83 25.68 25.17 26.42 25.00 24.91 24.58 24.48 25.95 26.24 26.61 26.51 26.44 26.53 25.93 25.72 26.47 26.68 27.02 26.81
26.85 26.78 25.32 24.10 24.66 25.26 24.38 23.31 24.63 25.34 25.65 26.48 27.34 26.64 25.22 26.08 25.99 25.24 24.93 26.02 25.34 24.32 25.41 26.43 25.07 24.67 24.58 24.14 22.99 23.68 23.17 21.10 21.02 20.18 22.85 24.38 26.71 27.13 25.87 26.96 26.17 26.55 26.81 25.57 26.29 25.65 25.75 25.44 26.54 27.05 26.32 26.76 25.92 25.00 24.93 23.13 22.94 23.60 24.20 25.42 25.03 24.65 23.83 24.03 24.16 25.97 25.50 27.12 25.48 26.00 26.90 27.21 27.11 27.57 27.57 26.63 25.72
25.18 24.82 25.21 24.41 24.39 23.80 24.51 23.31 23.67 26.04 26.36 25.92 26.71 26.37 26.22 26.57 26.38 25.28 25.18 26.17 26.76 26.97 26.59 26.49 26.40 26.17 25.39 24.77 24.49 23.27 22.76 21.93 22.13 21.77 22.39 22.60 24.91 26.08 25.59 26.88 26.16 25.02 24.95 25.76 25.35 25.94 25.52 25.31 27.65 28.77 27.88 27.33 27.02 25.40 22.63 22.05 21.45 22.66 22.97 23.93 24.63 23.96 23.25 24.22 26.22 26.18 26.57 28.40 27.65 27.03 27.74 28.46 27.83 27.40 27.33 27.35 27.06
24.93 25.86 25.09 24.03 24.14 23.68 24.47 24.40 24.70 26.71 26.23 26.96 27.23 25.64 26.13 27.13 26.77 25.65 25.75 27.35 27.33 27.13 27.07 26.89 27.25 26.11 26.19 25.27 24.93 23.79 23.02 23.11 23.51 23.94 24.13 24.08 23.86 25.08 25.52 24.85 27.03 25.55 26.06 26.88 27.24 26.89 26.91 26.41 26.77 28.19 27.33 26.51 27.74 26.33 23.57 21.77 20.85 22.01 23.75 24.10 24.49 23.20 22.94 23.48 24.78 26.14 26.76 27.96 28.63 28.49 28.00 28.19 28.11 27.57 26.68 26.70 27.60
24.91 26.98 26.14 24.56 24.17 24.96 25.55 25.73 25.52 26.10 26.05 26.31 27.24 26.81 27.39 26.13 26.14 25.65 26.08 27.36 25.41 27.17 28.12 27.31 27.15 26.08 25.56 24.79 24.10 23.76 23.77 24.48 24.60 25.45 24.64 25.85 26.08 24.64 26.62 26.07 26.64 25.95 25.08 25.22 26.25 26.79 26.80 26.56 26.75 26.46 26.80 26.39 27.17 27.80 26.22 24.33 22.77 22.88 24.62 26.13 25.01 22.48 23.37 23.76 24.83 26.36 26.95 27.46 28.23 27.77 26.67 26.74 27.84 27.86 27.18 26.89 27.04
26.57 24.97 26.84 25.65 25.09 24.71 25.40 24.73 25.58 27.37 25.08 25.74 26.87 27.31 27.45 26.77 25.76 24.95 25.63 27.27 26.72 25.72 27.27 26.97 26.90 26.01 24.38 24.06 24.53 25.20 25.83 25.33 24.10 26.06 25.67 26.26 26.64 26.90 26.46 25.75 26.22 25.29 24.50 24.67 24.57 24.96 25.49 24.04 25.09 27.60 27.21 27.03 27.88 28.60 27.76 25.39 24.92 24.79 25.57 26.11 25.21 23.85 24.35 25.89 26.12 26.15 27.57 28.08 28.22 28.11 27.12 26.80 27.95 27.76 28.10 28.59 28.09
25.23 23.99 25.49 26.60 26.91 26.20 26.20 26.64 26.07 27.20 25.69 24.85 25.81 26.28 26.36 26.16 25.66 25.09 24.40 26.70 27.18 27.95 25.50 24.68 26.35 25.37 24.13 24.29 23.82 25.70 25.58 25.59 24.82 25.57 26.64 27.04 26.13 25.66 26.55 27.18 27.00 25.17 25.79 24.76 25.39 25.20 25.15 25.58 25.04 25.85 26.94 27.35 27.33 27.57 26.81 25.00 24.59 25.71 25.25 25.13 24.27 24.08 25.27 25.67 26.76 26.18 27.69 27.91 27.70 27.98 27.08 27.27 27.34 26.61 27.69 28.58 28.31
25.62 24.67 25.46 25.43 27.04 27.06 26.08 25.79 25.91 26.71 27.21 25.63 25.81 26.23 26.09 26.25 25.86 25.51 25.32 24.97 25.69 27.03 26.57 25.61 27.31 24.83 24.03 24.25 23.73 24.47 25.34 24.93 24.08 24.14 25.37 25.65 25.80 24.88 25.27 26.27 25.93 25.50 24.84 25.52 25.93 26.31 25.74 25.78 24.17 26.14 26.75 27.06 27.20 27.67 27.81 26.21 25.34 26.13 25.70 25.52 25.40 24.99 25.04 24.73 26.50 26.59 26.68 27.79 28.21 28.84 28.95 28.92 28.49 24.54 25.87 28.62 29.13
