main/data/irradiance/09.06.2023.grid
ncols 839
nrows 679
xllcenter 112.0500
yllcenter -43.9500
cellsize 0.0500
nodata_value 99999.90
[rows 272 to 305 of 679, columns 308 to 384 of 839]
15.77 15.76 15.77 15.76 15.76 15.79 15.79 15.78 15.76 15.77 15.78 15.77 15.77 15.78 15.78 15.79 15.79 15.79 15.76 15.76 15.75 15.76 15.76 15.76 15.75 15.76 15.72 15.72 15.74 15.74 15.76 15.74 15.75 15.78 15.81 15.80 15.79 15.78 15.78 15.79 15.78 15.76 15.73 15.74 15.74 15.74 15.75 15.76 15.76 15.78 15.78 15.76 15.75 15.74 15.75 15.76 15.78 15.77 15.77 15.77 15.76 15.76 15.77 15.78 15.77 15.78 15.77 15.75 15.75 15.74 15.74 15.75 15.75 15.76 15.74 15.73 15.73
15.75 15.75 15.76 15.75 15.75 15.75 15.74 15.74 15.73 15.73 15.73 15.74 15.72 15.74 15.74 15.75 15.75 15.74 15.73 15.73 15.72 15.73 15.71 15.71 15.72 15.72 15.72 15.72 15.73 15.74 15.73 15.74 15.72 15.71 15.76 15.77 15.77 15.76 15.74 15.76 15.76 15.75 15.75 15.73 15.71 15.71 15.71 15.73 15.74 15.74 15.75 15.75 15.74 15.73 15.74 15.73 15.74 15.75 15.75 15.75 15.76 15.77 15.74 15.70 15.70 15.69 15.73 15.75 15.74 15.73 15.72 15.72 15.71 15.72 15.72 15.72 15.70
15.73 15.72 15.74 15.73 15.72 15.72 15.69 15.68 15.69 15.70 15.72 15.70 15.69 15.69 15.71 15.71 15.71 15.71 15.72 15.71 15.72 15.72 15.72 15.71 15.71 15.71 15.71 15.72 15.71 15.71 15.71 15.71 15.71 15.72 15.73 15.74 15.76 15.72 15.72 15.73 15.73 15.73 15.73 15.68 15.67 15.68 15.68 15.71 15.73 15.71 15.71 15.71 15.70 15.70 15.70 15.70 15.69 15.70 15.70 15.71 15.73 15.73 15.74 15.71 15.69 15.71 15.70 15.70 15.71 15.73 15.70 15.69 15.70 15.71 15.71 15.70 15.71
15.70 15.69 15.70 15.71 15.71 15.71 15.70 15.70 15.70 15.71 15.70 15.68 15.69 15.70 15.67 15.70 15.67 15.67 15.68 15.70 15.68 15.69 15.72 15.71 15.70 15.70 15.69 15.69 15.70 15.70 15.71 15.70 15.70 15.70 15.73 15.74 15.75 15.74 15.74 15.73 15.73 15.71 15.71 15.68 15.65 15.65 15.65 15.67 15.70 15.69 15.67 15.70 15.70 15.67 15.69 15.70 15.70 15.70 15.70 15.70 15.73 15.73 15.73 15.73 15.72 15.72 15.70 15.69 15.69 15.68 15.69 15.68 15.69 15.69 15.68 15.69 15.68
15.67 15.68 15.66 15.68 15.70 15.70 15.69 15.68 15.66 15.66 15.67 15.68 15.67 15.66 15.67 15.66 15.65 15.66 15.65 15.66 15.67 15.67 15.67 15.69 15.68 15.68 15.67 15.67 15.67 15.69 15.69 15.68 15.69 15.69 15.71 15.72 15.71 15.72 15.71 15.71 15.73 15.71 15.71 15.70 15.68 15.63 15.63 15.66 15.69 15.67 15.68 15.68 15.69 15.71 15.70 15.68 15.68 15.66 15.67 15.69 15.67 15.68 15.69 15.69 15.70 15.72 15.68 15.67 15.68 15.69 15.65 15.64 15.67 15.69 15.67 15.68 15.67
15.65 15.66 15.65 15.64 15.65 15.65 15.64 15.65 15.65 15.64 15.63 15.63 15.64 15.65 15.65 15.64 15.62 15.63 15.63 15.63 15.64 15.65 15.64 15.65 15.63 15.64 15.64 15.63 15.64 15.66 15.66 15.66 15.67 15.68 15.69 15.68 15.67 15.68 15.68 15.69 15.70 15.69 15.70 15.69 15.68 15.64 15.62 15.63 15.64 15.66 15.68 15.69 15.70 15.69 15.70 15.68 15.68 15.66 15.65 15.64 15.64 15.65 15.66 15.67 15.68 15.69 15.67 15.67 15.68 15.66 15.66 15.65 15.63 15.66 15.66 15.66 15.66
15.62 15.63 15.65 15.64 15.64 15.65 15.64 15.63 15.63 15.65 15.65 15.65 15.57 15.60 15.61 15.61 15.60 15.60 15.61 15.60 15.62 15.62 15.63 15.62 15.61 15.62 15.63 15.62 15.63 15.62 15.65 15.64 15.66 15.65 15.65 15.66 15.66 15.69 15.66 15.65 15.68 15.68 15.67 15.66 15.65 15.66 15.65 15.62 15.61 15.62 15.65 15.64 15.67 15.66 15.67 15.66 15.66 15.64 15.62 15.63 15.62 15.64 15.63 15.62 15.63 15.63 15.63 15.63 15.65 15.66 15.64 15.60 15.61 15.65 15.66 15.65 15.66
15.60 15.60 15.61 15.63 15.62 15.61 15.62 15.61 15.61 15.62 15.64 15.62 15.47 15.58 15.60 15.58 15.58 15.57 15.59 15.59 15.59 15.59 15.59 15.59 15.60 15.60 15.62 15.62 15.61 15.62 15.62 15.63 15.64 15.64 15.63 15.64 15.66 15.68 15.68 15.66 15.66 15.66 15.63 15.62 15.62 15.66 15.64 15.63 15.61 15.59 15.60 15.61 15.63 15.64 15.64 15.63 15.64 15.63 15.61 15.62 15.62 15.63 15.61 15.61 15.60 15.60 15.59 15.61 15.62 15.60 15.63 15.62 15.60 15.61 15.63 15.66 15.66
15.58 15.59 15.59 15.60 15.60 15.60 15.61 15.60 15.59 15.59 15.59 15.59 15.58 15.58 15.56 15.56 15.56 15.57 15.55 15.56 15.56 15.57 15.57 15.57 15.58 15.60 15.61 15.60 15.62 15.62 15.61 15.62 15.64 15.64 15.63 15.62 15.64 15.63 15.62 15.60 15.60 15.61 15.60 15.59 15.59 15.63 15.63 15.61 15.60 15.60 15.58 15.57 15.60 15.62 15.63 15.63 15.62 15.60 15.60 15.59 15.59 15.60 15.59 15.58 15.57 15.59 15.60 15.60 15.61 15.61 15.60 15.62 15.62 15.60 15.61 15.62 15.63
15.58 15.60 15.60 15.59 15.58 15.57 15.56 15.55 15.57 15.56 15.55 15.55 15.53 15.53 15.52 15.52 15.52 15.53 15.52 15.54 15.53 15.53 15.55 15.55 15.56 15.57 15.57 15.58 15.59 15.45 15.59 15.59 15.58 15.58 15.56 15.57 15.56 15.56 15.56 15.56 15.57 15.58 15.59 15.58 15.57 15.62 15.59 15.61 15.60 15.60 15.60 15.59 15.57 15.60 15.60 15.60 15.60 15.57 15.57 15.58 15.57 15.57 15.57 15.56 15.54 15.55 15.56 15.58 15.58 15.59 15.57 15.56 15.60 15.59 15.60 15.61 15.61
15.54 15.57 15.58 15.58 15.58 15.57 15.55 15.54 15.55 15.54 15.53 15.52 15.52 15.51 15.50 15.52 15.51 15.53 15.54 15.54 15.53 15.53 15.51 15.53 15.53 15.54 15.53 15.49 15.56 15.53 15.55 15.59 15.58 15.57 15.53 15.52 15.53 15.54 15.56 15.55 15.55 15.58 15.57 15.54 15.56 15.58 15.59 15.57 15.55 15.52 15.55 15.55 15.56 15.57 15.56 15.56 15.58 15.57 15.56 15.54 15.54 15.54 15.55 15.56 15.54 15.54 15.53 15.53 15.56 15.57 15.56 15.58 15.56 15.51 15.53 15.54 15.58
15.53 15.53 15.56 15.56 15.53 15.54 15.53 15.55 15.53 15.51 15.51 15.50 15.49 15.48 15.49 15.49 15.47 15.49 15.50 15.50 15.50 15.50 15.50 15.51 15.51 15.38 14.75 14.73 14.69 14.92 15.52 15.55 15.57 15.56 15.54 15.52 15.51 15.42 15.49 15.52 15.54 15.55 15.53 15.53 15.54 15.55 15.56 15.58 15.56 15.53 15.53 15.56 15.55 15.55 15.56 15.54 15.53 15.53 15.53 15.53 15.52 15.52 15.54 15.54 15.54 15.52 15.51 15.51 15.52 15.52 15.54 15.54 15.53 15.53 15.53 15.52 15.55
15.49 15.49 15.49 15.51 15.50 15.49 15.48 15.50 15.49 15.46 15.48 15.47 15.46 15.47 15.46 15.46 15.48 15.47 15.47 15.48 15.51 15.50 15.50 15.51 14.88 14.55 14.33 13.62 14.04 14.39 15.50 15.51 15.50 15.52 15.52 15.50 15.49 15.49 15.49 15.47 15.37 15.50 15.50 15.52 15.51 15.53 15.55 15.57 15.58 15.54 15.53 15.53 15.53 15.53 15.51 15.51 15.50 15.49 15.49 15.50 15.51 15.51 15.53 15.52 15.51 15.50 15.52 15.51 15.50 15.50 15.51 15.51 15.51 15.52 15.51 15.51 15.49
15.46 15.45 15.47 15.47 15.46 15.46 15.47 15.47 15.46 15.45 15.45 15.46 15.46 15.46 15.45 15.46 15.47 15.47 15.46 15.46 15.49 15.49 15.48 15.43 15.17 15.05 15.31 14.32 15.36 15.45 15.42 15.43 15.46 15.48 15.49 15.49 15.48 15.47 15.46 15.44 15.46 15.47 15.48 15.45 15.48 15.48 15.51 15.52 15.56 14.98 15.33 15.52 15.50 15.48 15.48 15.48 15.47 15.47 15.48 15.49 15.50 15.50 15.51 15.51 15.49 15.50 15.50 15.52 15.51 15.50 15.47 15.47 15.47 15.48 15.48 15.47 15.46
15.42 15.40 15.45 15.46 15.45 15.45 15.44 15.45 15.44 15.43 15.44 15.48 15.44 15.42 15.42 15.43 15.42 15.43 15.43 15.43 15.45 15.46 15.44 15.43 15.39 15.43 15.42 15.43 15.43 15.43 15.43 15.42 15.41 15.44 15.43 15.44 15.45 15.45 15.44 15.42 15.44 15.43 15.38 15.40 15.38 15.43 15.47 15.48 15.49 15.48 15.13 15.29 15.46 15.48 15.45 15.45 15.45 15.45 15.46 15.46 15.46 15.47 15.47 15.47 15.47 15.47 15.47 15.47 15.47 15.48 15.48 15.48 15.46 15.46 15.46 15.46 15.46
15.42 15.42 15.39 15.43 15.42 15.43 15.44 15.44 15.42 15.42 15.45 15.44 15.43 15.41 15.40 15.40 15.41 15.41 15.41 15.41 15.42 15.44 15.42 15.40 15.38 15.39 15.39 15.41 15.42 15.40 15.40 15.39 15.37 15.37 15.38 15.38 15.39 15.41 15.43 15.43 15.42 15.42 15.41 15.42 15.41 15.42 15.44 15.44 15.44 15.43 15.45 15.45 15.34 15.47 15.50 15.46 15.43 15.42 15.44 15.43 15.43 15.44 15.44 15.45 15.46 15.46 15.46 15.47 15.46 15.47 15.45 15.45 15.43 15.43 15.43 15.42 15.43
15.38 15.40 15.42 15.42 15.43 15.42 15.42 15.44 15.42 15.41 15.41 15.42 15.41 15.40 15.40 15.39 15.39 15.39 15.39 15.40 15.41 15.40 15.40 15.39 15.39 15.39 15.40 15.38 15.38 15.39 15.39 15.38 15.40 15.36 15.35 15.36 15.38 15.41 15.43 15.41 15.40 15.41 15.40 15.40 15.40 15.40 15.41 15.43 15.43 15.42 15.42 15.42 15.42 15.43 15.44 15.43 15.46 15.41 15.41 15.41 15.40 15.41 15.41 15.41 15.43 15.41 15.41 15.39 15.42 15.42 15.42 15.41 15.41 15.42 15.39 15.39 15.41
15.33 15.35 15.41 15.40 15.38 15.39 15.39 15.38 15.40 15.39 15.39 15.39 15.40 15.39 15.38 15.35 15.35 15.37 15.38 15.38 15.37 15.36 15.37 15.37 15.38 15.38 15.39 15.38 15.37 15.37 15.34 15.33 15.37 15.37 15.34 15.30 15.36 15.35 15.39 15.39 15.38 15.39 15.37 15.37 15.39 15.40 15.41 15.42 15.41 15.41 15.41 15.40 15.36 15.36 15.39 15.39 15.40 15.38 15.38 15.38 15.37 15.37 15.38 15.39 15.40 15.39 15.39 15.38 15.38 15.39 15.37 15.34 15.37 15.38 15.38 15.37 15.37
15.32 15.34 15.33 15.35 15.35 15.36 15.36 15.36 15.36 15.35 15.36 15.35 15.35 15.36 15.34 15.32 15.34 15.35 15.35 15.35 15.34 15.32 15.33 15.34 15.35 15.34 15.35 15.33 15.34 15.33 15.33 15.34 15.34 15.35 15.36 15.34 15.34 15.36 15.37 15.36 15.37 15.39 15.37 15.36 15.35 15.36 15.38 15.38 15.39 15.38 15.36 15.35 15.34 15.34 15.35 15.36 15.38 15.37 15.37 15.38 15.26 15.35 15.35 15.37 15.36 15.37 15.37 15.35 15.34 15.34 15.34 15.37 15.36 15.35 15.35 15.37 15.36
15.33 15.32 15.30 15.33 15.32 15.33 15.34 15.33 15.33 15.33 15.33 15.34 15.33 15.31 15.30 15.32 15.32 15.32 15.31 15.32 15.32 15.32 15.33 15.34 15.33 15.32 15.31 15.31 15.29 15.31 15.32 15.31 15.33 15.34 15.33 15.33 15.31 15.34 15.37 15.34 15.33 15.34 15.36 15.34 15.33 15.30 15.34 15.33 15.34 15.37 15.35 15.33 15.32 15.31 15.34 15.34 15.36 15.35 15.34 15.34 15.33 15.05 15.01 15.07 15.06 15.31 15.33 15.32 15.32 15.33 15.33 15.34 15.34 15.32 15.33 15.34 15.33
15.32 15.33 15.30 15.31 15.31 15.33 15.31 15.28 15.28 15.31 15.30 15.30 15.30 15.31 15.28 15.30 15.29 15.30 15.28 15.29 15.30 15.30 15.29 15.30 15.30 15.34 15.31 15.28 15.23 15.28 15.31 15.32 15.32 15.31 15.30 15.30 15.30 15.33 15.32 15.30 15.31 15.31 15.31 15.31 15.31 15.30 15.30 15.31 15.31 15.32 15.33 15.30 15.31 15.33 15.31 15.32 15.33 15.33 15.31 15.31 15.32 15.33 15.01 13.53 12.27 13.13 14.67 15.20 15.17 15.18 15.33 15.32 15.31 15.31 15.31 15.31 15.31
15.30 15.29 15.28 15.27 15.27 15.31 15.29 15.27 15.27 15.28 15.27 15.28 15.29 15.28 15.27 15.27 15.28 15.28 15.26 15.26 15.26 15.26 15.27 15.25 15.26 15.28 15.29 15.24 15.25 15.23 15.26 15.28 15.30 15.28 15.27 15.29 15.27 15.28 15.28 15.26 15.29 15.29 15.29 15.30 15.29 15.29 15.28 15.24 15.30 15.29 15.30 15.30 15.30 15.31 15.32 15.29 15.30 15.28 15.30 15.29 15.31 15.30 15.32 15.32 15.07 13.67 13.46 13.28 12.33 12.93 15.13 15.28 15.28 15.28 15.29 15.30 15.28
15.25 15.21 15.25 15.23 15.24 15.26 15.27 15.26 15.25 15.26 15.26 15.25 15.25 15.25 15.26 15.26 15.25 15.25 15.24 15.24 15.25 15.25 15.24 15.23 15.25 15.28 15.26 15.22 15.23 15.24 15.26 15.22 15.26 15.27 15.26 15.24 15.25 15.24 15.27 15.25 15.25 15.27 15.27 15.27 15.27 15.28 15.27 15.27 15.28 15.28 15.27 15.27 15.28 15.29 15.31 15.30 15.29 15.28 15.27 15.28 15.29 15.30 15.30 15.29 15.27 15.24 15.01 13.51 12.70 13.18 13.81 14.87 15.17 15.26 15.28 15.25 15.25
15.25 15.22 15.23 15.23 15.23 15.24 15.26 15.24 15.22 15.22 15.25 15.23 15.24 15.25 15.24 15.23 15.25 15.26 15.24 15.24 15.24 15.23 15.24 15.23 15.25 15.23 15.24 15.21 15.18 15.21 15.23 15.23 15.21 15.23 15.26 15.25 15.23 15.23 15.24 15.24 15.24 15.25 15.25 15.25 15.24 15.26 15.25 15.24 15.25 15.24 15.24 15.23 15.25 15.27 15.27 15.29 15.26 15.26 15.26 15.28 15.28 15.29 15.28 15.26 15.25 15.24 15.25 15.19 13.54 12.16 13.51 13.82 14.68 15.05 15.25 15.23 15.24
15.23 15.23 15.23 15.22 15.21 15.20 15.22 15.22 15.22 15.23 15.22 15.21 15.19 15.22 15.20 15.19 15.21 15.24 15.21 15.20 15.20 15.20 15.21 15.20 15.21 15.22 15.22 15.22 15.16 15.22 15.21 15.22 15.22 15.21 15.21 15.21 15.22 15.24 15.21 15.22 15.21 15.21 15.22 15.23 15.22 15.23 15.23 15.23 15.23 15.24 15.22 15.22 15.23 15.23 15.25 15.26 15.24 15.23 15.25 15.26 15.27 15.28 15.26 15.22 15.23 15.21 15.20 15.21 15.23 14.77 13.60 12.63 13.43 13.84 15.23 15.23 15.21
15.22 15.22 15.21 15.21 15.20 15.19 15.19 15.20 15.21 15.20 15.18 15.18 15.17 15.18 15.18 15.15 15.17 15.19 15.18 15.19 15.18 15.19 15.18 15.18 15.17 15.18 15.19 15.20 15.14 15.19 15.17 15.20 15.19 15.13 15.14 15.16 15.18 15.18 15.19 15.17 15.19 15.19 15.18 15.21 15.21 15.21 15.21 15.21 15.21 15.21 15.20 15.20 15.21 15.23 15.24 15.24 15.24 15.22 15.23 15.23 15.23 15.23 15.22 15.21 15.21 15.21 15.19 15.19 15.18 15.19 14.92 12.04 12.24 14.05 14.50 14.83 15.10
15.19 15.20 15.19 15.20 15.20 15.18 15.17 15.17 15.17 15.18 15.18 15.15 15.14 15.16 15.15 15.13 15.14 15.14 15.18 15.17 15.17 15.15 15.18 15.12 15.15 15.13 15.13 15.09 15.14 15.16 15.19 15.19 15.15 15.05 15.09 15.14 15.15 15.20 15.18 15.19 15.18 15.17 15.17 15.17 15.19 15.19 15.18 15.18 15.18 15.19 15.18 15.19 15.19 15.19 15.21 15.22 15.22 15.20 15.20 15.20 15.21 15.17 15.18 15.20 15.19 15.19 15.17 15.18 15.17 15.17 15.17 15.04 14.44 14.48 13.80 14.49 14.68
15.17 15.17 15.16 15.17 15.17 15.17 15.15 15.16 15.16 15.17 15.15 15.16 15.11 15.11 15.14 15.13 15.12 15.11 15.16 15.15 15.14 15.13 15.14 15.13 15.13 15.11 15.11 15.08 15.07 15.12 15.17 15.10 15.07 15.12 15.08 15.14 15.11 15.13 15.14 15.14 15.16 15.15 15.14 15.15 15.14 15.16 15.15 15.16 15.16 15.17 15.16 15.17 15.17 15.18 15.19 15.19 15.19 15.19 15.18 15.19 15.18 15.15 15.13 15.15 15.16 15.15 15.15 15.16 15.14 15.14 15.14 15.15 15.14 15.14 15.14 15.15 15.14
15.15 15.15 15.14 15.14 15.15 15.14 15.14 15.15 15.15 15.14 15.14 15.15 15.16 15.12 15.12 15.12 15.12 15.09 15.08 15.11 15.12 15.12 15.13 15.13 15.12 15.13 15.12 15.10 15.04 15.10 15.12 15.07 15.08 15.09 15.05 15.07 15.09 15.10 15.10 15.11 15.13 15.15 15.15 15.15 15.13 15.14 15.14 15.14 15.14 15.16 15.14 15.15 15.14 15.16 15.17 15.17 15.16 15.17 15.18 15.16 15.16 15.12 15.09 15.11 15.14 15.14 15.13 15.13 15.14 15.13 15.12 15.11 15.11 15.10 15.11 15.12 15.14
15.11 15.11 15.11 15.11 15.11 15.13 15.13 15.13 15.13 15.13 15.13 15.14 15.15 15.13 15.11 15.11 15.10 15.09 15.09 15.09 15.09 15.09 15.10 15.10 15.09 15.11 15.09 15.08 15.06 15.09 15.07 15.08 15.07 15.08 15.05 15.06 15.06 15.09 15.11 15.09 15.08 15.11 15.12 15.11 15.11 15.11 15.11 15.11 15.11 15.12 15.12 15.12 15.12 15.12 15.13 15.15 15.16 15.16 15.16 15.12 15.14 15.13 15.10 15.11 15.12 15.11 15.09 15.10 15.11 15.09 15.09 15.08 15.08 15.09 15.09 15.10 15.11
15.08 15.10 15.09 15.09 15.09 15.12 15.12 15.10 15.10 15.10 15.10 15.08 15.07 15.08 15.08 15.08 15.07 15.07 15.07 15.08 15.06 15.06 15.08 15.11 15.10 15.07 15.08 15.07 15.06 15.08 15.07 15.05 15.04 15.06 15.04 15.04 15.04 15.05 15.06 15.08 15.07 15.06 15.09 15.09 15.08 15.09 15.10 15.11 15.08 15.08 15.08 15.09 15.09 15.09 15.09 15.10 15.11 15.13 15.12 15.11 15.11 15.11 15.07 15.07 15.07 15.06 15.08 15.08 15.08 15.08 15.07 15.06 15.06 15.06 15.07 15.07 15.07
15.08 15.07 15.09 15.08 15.07 15.06 15.09 15.09 15.07 15.08 15.08 15.06 15.06 15.07 15.06 15.06 15.06 15.06 15.06 15.06 15.05 15.07 15.08 15.07 15.07 15.04 15.01 15.02 15.01 15.05 15.05 15.04 15.04 15.08 15.06 15.02 15.03 15.04 15.02 15.03 15.04 15.06 15.06 15.07 15.07 15.07 15.08 15.07 15.07 15.06 15.04 15.06 15.07 15.07 15.05 15.06 15.06 15.09 15.08 15.08 15.10 15.09 15.05 15.04 15.05 15.05 15.06 15.06 15.06 15.04 15.05 15.05 15.06 15.06 15.06 15.06 15.05
15.05 15.06 15.06 15.06 15.05 15.03 15.04 15.06 15.05 15.05 15.05 15.03 15.03 15.04 15.04 15.05 15.05 15.03 15.02 15.05 15.05 15.05 15.05 15.03 15.03 15.04 15.02 15.01 15.00 15.03 15.04 15.04 15.03 15.05 15.04 15.02 15.02 15.01 15.03 15.01 15.02 15.02 15.05 15.02 15.04 15.05 15.04 15.03 15.04 15.04 15.05 15.05 15.05 15.05 15.04 15.06 15.06 15.06 15.05 15.05 15.08 15.07 15.04 15.04 15.05 15.04 15.05 15.02 15.02 15.01 15.02 15.03 15.04 15.03 15.04 15.03 15.02
14.98 15.01 15.04 15.06 15.04 15.04 15.04 15.03 15.02 15.01 15.01 15.01 15.01 15.01 15.01 15.01 15.00 15.00 15.01 15.03 15.03 15.03 15.04 15.02 15.01 15.02 15.01 15.01 15.01 15.01 15.02 15.02 15.01 15.01 15.01 15.01 15.00 15.02 15.00 14.99 14.99 15.00 15.01 15.01 15.02 15.03 15.03 15.02 15.03 15.03 15.04 15.05 15.04 15.04 15.03 15.04 15.05 15.03 15.03 15.03 15.05 15.06 15.04 15.01 15.01 15.00 15.00 15.00 15.00 15.02 15.02 15.02 15.02 15.01 15.02 15.01 15.01
