main/data/irradiance/09.02.2023.grid
ncols 839
nrows 679
xllcenter 112.0500
yllcenter -43.9500
cellsize 0.0500
nodata_value 99999.90
[rows 238 to 271 of 679, columns 0 to 76 of 839]
99999.90 99999.90 99999.90 99999.90 99999.90 99999.90 99999.90 99999.90 99999.90 99999.90 99999.90 99999.90 99999.90 99999.90 99999.90 99999.90 99999.90 99999.90 99999.90 99999.90 99999.90 99999.90 99999.90 99999.90 28.65 28.37 28.91 28.93 28.93 28.93 28.93 28.93 28.93 28.93 28.76 28.76 28.76 28.76 28.51 28.51 28.45 28.23 28.23 28.23 28.23 28.23 28.23 28.98 28.98 28.98 28.98 29.04 29.04 27.12 27.13 29.14 29.14 29.14 29.19 29.21 29.18 29.17 29.15 29.16 29.16 29.11 29.08 29.03 29.08 29.13 29.07 29.06 29.10 29.14 29.15 29.13 29.09
99999.90 99999.90 99999.90 99999.90 99999.90 99999.90 99999.90 99999.90 99999.90 99999.90 99999.90 99999.90 99999.90 99999.90 99999.90 99999.90 99999.90 99999.90 99999.90 99999.90 99999.90 99999.90 99999.90 99999.90 28.65 28.65 28.91 28.93 28.93 28.93 28.93 28.93 28.93 28.93 28.93 28.93 28.76 28.76 28.76 28.37 28.34 28.28 28.28 28.28 28.28 28.28 28.74 28.74 28.74 28.98 28.98 28.98 27.52 25.57 28.02 29.10 29.12 29.14 29.17 29.20 29.20 29.16 29.17 29.16 29.16 29.16 29.11 29.08 29.10 29.14 29.13 29.08 29.08 29.17 29.17 29.14 29.12
99999.90 99999.90 99999.90 99999.90 99999.90 99999.90 99999.90 99999.90 99999.90 99999.90 99999.90 99999.90 99999.90 99999.90 99999.90 99999.90 99999.90 99999.90 99999.90 99999.90 99999.90 99999.90 99999.90 28.78 28.65 28.65 28.91 28.91 28.91 28.93 28.93 28.93 28.93 28.93 28.93 28.93 28.93 28.59 28.59 28.38 28.31 28.28 28.28 28.28 28.28 28.28 28.74 28.74 28.74 28.74 28.55 28.55 24.61 27.03 29.15 29.13 29.08 29.07 29.16 29.19 29.19 29.17 29.17 29.14 29.14 29.15 29.15 29.13 29.17 29.16 29.13 29.07 29.10 29.13 29.17 29.13 29.10
99999.90 99999.90 99999.90 99999.90 99999.90 99999.90 99999.90 99999.90 99999.90 99999.90 99999.90 99999.90 99999.90 99999.90 99999.90 99999.90 99999.90 99999.90 99999.90 99999.90 99999.90 99999.90 99999.90 28.78 28.65 28.65 28.91 28.91 28.91 28.91 28.91 28.91 28.93 28.93 28.93 28.93 28.93 28.93 28.60 28.64 28.58 28.58 28.58 28.28 28.28 28.28 28.97 28.97 28.74 28.74 28.74 26.21 28.26 28.82 29.19 29.10 29.08 29.11 29.14 29.17 29.19 29.18 29.17 29.16 29.15 29.17 29.15 29.14 29.16 29.18 29.16 29.11 29.14 29.17 29.16 29.06 28.97
99999.90 99999.90 99999.90 99999.90 99999.90 99999.90 99999.90 99999.90 99999.90 99999.90 99999.90 99999.90 99999.90 99999.90 99999.90 99999.90 99999.90 99999.90 99999.90 99999.90 99999.90 99999.90 99999.90 28.78 28.65 28.65 28.65 28.91 28.91 28.91 28.91 28.91 28.91 28.91 28.91 28.75 28.75 28.75 28.60 28.57 28.48 28.48 28.48 28.48 28.48 28.97 28.97 28.97 28.97 29.10 29.10 29.30 28.92 29.13 29.15 29.03 29.14 29.16 29.17 29.16 29.17 29.20 29.19 29.16 29.16 29.14 29.16 29.17 29.17 29.17 29.15 29.19 28.85 29.18 29.12 29.08 28.90
99999.90 99999.90 99999.90 99999.90 99999.90 99999.90 99999.90 99999.90 99999.90 99999.90 99999.90 99999.90 99999.90 99999.90 99999.90 99999.90 99999.90 99999.90 99999.90 99999.90 99999.90 99999.90 99999.90 28.78 28.65 28.65 28.65 28.65 28.65 28.91 28.91 28.91 28.91 28.91 28.91 28.91 28.71 28.71 28.53 28.48 28.23 28.23 28.23 28.23 28.23 28.57 28.57 28.97 28.97 28.97 27.67 28.43 29.00 29.16 29.08 28.99 29.16 29.19 29.18 29.17 29.17 29.18 29.19 29.15 29.15 29.16 29.18 29.18 29.17 29.17 29.04 29.16 29.11 28.96 29.01 29.01 29.07
99999.90 99999.90 99999.90 99999.90 99999.90 99999.90 99999.90 99999.90 99999.90 99999.90 99999.90 99999.90 99999.90 99999.90 99999.90 99999.90 99999.90 99999.90 99999.90 99999.90 99999.90 99999.90 99999.90 28.78 28.65 28.65 28.65 28.65 28.65 28.65 28.65 28.91 28.91 28.91 28.91 28.91 28.91 28.69 28.33 28.36 28.33 28.33 28.33 28.00 28.00 28.57 28.57 28.57 28.46 28.46 28.50 29.10 29.13 29.16 29.10 29.10 29.18 29.17 29.17 29.19 29.17 29.15 29.19 29.18 29.16 29.17 29.19 29.17 29.17 28.72 28.70 29.04 29.14 28.56 28.58 28.88 28.90
99999.90 99999.90 99999.90 99999.90 99999.90 99999.90 99999.90 99999.90 99999.90 99999.90 99999.90 99999.90 99999.90 99999.90 99999.90 99999.90 99999.90 99999.90 99999.90 99999.90 99999.90 99999.90 99999.90 28.78 28.78 28.78 28.65 28.65 28.65 28.65 28.65 28.65 28.37 28.37 28.64 28.64 28.64 28.41 28.22 28.01 28.16 28.16 28.00 28.00 28.00 28.36 28.57 28.57 28.57 25.46 29.00 29.04 29.11 29.13 29.12 29.02 29.11 28.97 29.17 29.18 29.18 29.16 29.13 29.18 29.14 29.19 29.19 29.19 29.17 29.17 29.09 28.99 28.99 28.86 28.45 28.44 28.81
99999.90 99999.90 99999.90 99999.90 99999.90 99999.90 99999.90 99999.90 99999.90 99999.90 99999.90 99999.90 99999.90 99999.90 99999.90 99999.90 99999.90 99999.90 99999.90 99999.90 99999.90 99999.90 99999.90 28.78 28.78 28.78 28.78 28.78 28.65 28.65 28.65 28.65 28.65 28.37 28.37 28.35 28.35 28.26 28.21 28.03 27.99 28.00 28.00 28.00 28.00 28.36 28.36 28.58 28.58 28.25 28.75 28.92 29.03 29.11 29.06 28.87 28.98 29.12 29.20 29.19 29.18 29.18 29.09 29.14 29.14 29.18 29.19 29.20 29.16 29.09 29.11 28.75 28.17 28.71 28.69 28.61 28.96
99999.90 99999.90 99999.90 99999.90 99999.90 99999.90 99999.90 99999.90 99999.90 99999.90 99999.90 99999.90 99999.90 99999.90 99999.90 99999.90 99999.90 99999.90 99999.90 99999.90 99999.90 99999.90 99999.90 28.78 28.78 28.78 28.78 28.78 28.78 28.78 28.65 28.65 28.65 28.65 28.37 28.37 28.34 28.29 28.13 27.76 27.81 27.97 27.97 27.97 28.79 28.36 28.36 28.36 27.76 29.34 28.80 28.77 28.88 28.94 28.95 28.95 28.97 29.04 29.12 29.13 29.15 29.17 29.19 29.19 29.16 29.17 29.10 29.09 29.11 29.11 28.96 28.50 28.79 28.78 28.71 28.85 29.17
99999.90 99999.90 99999.90 99999.90 99999.90 99999.90 99999.90 99999.90 99999.90 99999.90 99999.90 99999.90 99999.90 99999.90 99999.90 99999.90 99999.90 99999.90 99999.90 99999.90 99999.90 99999.90 99999.90 28.78 28.78 28.78 28.78 28.78 28.78 28.78 28.78 28.78 28.65 28.65 28.65 28.45 28.40 28.41 28.00 27.76 28.22 27.97 27.97 28.79 28.79 28.79 28.46 28.46 28.71 29.05 28.89 28.74 28.89 29.10 28.77 29.05 29.08 29.12 29.10 29.13 29.15 29.16 29.20 29.21 29.18 29.15 28.69 29.13 29.14 29.16 29.17 28.93 28.82 28.84 29.13 29.14 29.17
99999.90 99999.90 99999.90 99999.90 99999.90 99999.90 99999.90 99999.90 99999.90 99999.90 99999.90 99999.90 99999.90 99999.90 99999.90 99999.90 99999.90 99999.90 99999.90 99999.90 99999.90 99999.90 99999.90 28.78 28.78 28.78 28.78 28.78 28.78 28.78 28.78 28.78 28.78 28.76 28.76 28.63 28.68 28.55 28.07 27.89 28.18 28.18 28.90 28.79 28.79 28.79 28.35 28.35 29.19 29.09 28.87 28.91 28.89 29.00 29.08 29.05 29.01 29.11 29.13 29.14 29.11 29.18 29.20 29.21 29.20 29.16 29.02 29.08 29.12 29.15 29.18 29.12 28.88 29.09 29.13 29.15 29.17
99999.90 99999.90 99999.90 99999.90 99999.90 99999.90 99999.90 99999.90 99999.90 99999.90 99999.90 99999.90 99999.90 99999.90 99999.90 99999.90 99999.90 99999.90 99999.90 99999.90 99999.90 99999.90 99999.90 28.78 28.78 28.78 28.78 28.78 28.78 28.78 28.78 28.78 28.78 28.78 28.62 28.60 28.70 28.37 28.16 27.99 28.02 28.67 28.90 28.91 28.66 28.63 28.92 29.26 29.03 28.77 28.82 28.90 29.05 28.94 28.85 28.93 29.14 29.18 29.11 29.16 29.16 29.18 29.19 29.19 29.20 29.20 29.19 29.19 29.21 29.19 29.13 29.08 29.07 29.04 29.04 29.12 29.16
99999.90 99999.90 99999.90 99999.90 99999.90 99999.90 99999.90 99999.90 99999.90 99999.90 99999.90 99999.90 99999.90 99999.90 99999.90 99999.90 99999.90 99999.90 99999.90 99999.90 99999.90 99999.90 99999.90 28.97 28.97 28.97 28.97 28.97 28.97 28.97 28.97 28.97 28.97 28.97 28.64 28.44 28.57 28.41 28.32 28.32 28.26 28.64 28.65 28.67 28.69 28.67 28.81 28.57 28.64 28.78 29.06 28.92 28.97 28.86 28.79 28.71 29.11 29.22 29.15 29.18 29.17 29.17 29.17 29.17 29.17 29.14 29.15 29.17 29.19 29.20 29.19 28.84 29.09 29.04 29.08 29.12 29.16
99999.90 99999.90 99999.90 99999.90 99999.90 99999.90 99999.90 99999.90 99999.90 99999.90 99999.90 99999.90 99999.90 99999.90 99999.90 99999.90 99999.90 99999.90 99999.90 99999.90 99999.90 99999.90 99999.90 28.98 28.98 28.98 28.98 28.98 28.98 28.98 28.98 28.98 28.98 28.98 28.67 28.47 28.55 28.44 28.64 28.73 28.62 28.53 28.60 28.70 28.99 28.96 28.83 28.73 28.63 28.81 29.05 28.82 28.98 28.84 28.72 28.60 29.10 29.22 29.19 29.18 29.18 29.11 29.20 29.20 29.18 29.16 28.89 29.16 29.21 29.15 29.12 28.55 28.38 28.74 29.18 29.17 29.14
99999.90 99999.90 99999.90 99999.90 99999.90 99999.90 99999.90 99999.90 99999.90 99999.90 99999.90 99999.90 99999.90 99999.90 99999.90 99999.90 99999.90 99999.90 99999.90 99999.90 99999.90 99999.90 99999.90 29.02 29.02 29.02 29.02 29.02 29.02 29.02 29.02 29.02 29.02 29.02 28.81 28.32 28.61 28.59 28.61 28.86 28.75 28.80 28.72 28.74 28.84 29.09 28.94 28.86 28.79 28.80 28.92 28.98 29.00 28.97 29.12 28.86 29.16 29.21 29.17 29.17 29.20 29.13 29.19 29.20 29.19 29.16 28.97 29.15 29.17 29.10 29.14 28.57 28.22 28.39 28.60 29.05 29.06
99999.90 99999.90 99999.90 99999.90 99999.90 99999.90 99999.90 99999.90 99999.90 99999.90 99999.90 99999.90 99999.90 99999.90 99999.90 99999.90 99999.90 99999.90 99999.90 99999.90 99999.90 99999.90 99999.90 29.02 29.02 29.02 29.02 29.02 29.02 29.02 29.02 29.02 29.02 29.02 28.82 28.31 28.56 28.68 28.86 28.82 28.85 28.71 28.83 28.77 28.78 28.82 28.80 28.85 28.81 28.85 28.93 29.02 29.07 29.01 29.03 28.98 29.00 29.20 29.19 29.16 29.17 29.09 29.18 29.17 29.17 29.15 29.16 29.16 29.15 29.06 29.01 28.82 28.37 28.41 28.43 28.93 29.06
99999.90 99999.90 99999.90 99999.90 99999.90 99999.90 99999.90 99999.90 99999.90 99999.90 99999.90 99999.90 99999.90 99999.90 99999.90 99999.90 99999.90 99999.90 99999.90 99999.90 99999.90 99999.90 99999.90 29.02 29.02 29.02 29.02 29.02 29.02 29.02 29.02 29.02 29.02 28.82 28.82 28.69 28.65 28.76 28.87 28.83 28.63 28.36 28.74 28.81 28.85 28.74 28.84 28.81 28.75 28.75 28.81 28.94 28.95 28.92 28.89 29.00 28.98 29.14 29.18 29.17 29.17 29.11 29.17 29.12 29.09 29.11 29.10 29.00 29.11 28.85 28.70 28.95 28.86 28.61 28.70 28.82 29.02
99999.90 99999.90 99999.90 99999.90 99999.90 99999.90 99999.90 99999.90 99999.90 99999.90 99999.90 99999.90 99999.90 99999.90 99999.90 99999.90 99999.90 99999.90 99999.90 99999.90 99999.90 99999.90 99999.90 29.02 29.02 29.02 29.02 29.02 29.02 29.02 29.02 29.02 28.82 28.71 28.71 28.71 28.67 28.66 28.26 28.15 28.05 27.85 28.63 28.75 28.91 28.66 28.61 28.66 28.62 28.73 28.73 28.79 28.83 28.83 28.76 29.07 29.13 29.20 29.18 29.16 29.17 29.00 29.14 28.95 28.94 29.01 28.94 28.67 28.41 28.20 27.97 28.75 28.69 28.29 28.85 28.55 28.85
99999.90 99999.90 99999.90 99999.90 99999.90 99999.90 99999.90 99999.90 99999.90 99999.90 99999.90 99999.90 99999.90 99999.90 99999.90 99999.90 99999.90 99999.90 99999.90 99999.90 99999.90 99999.90 99999.90 29.02 29.02 29.02 29.02 29.02 29.02 29.02 29.02 28.71 28.71 28.71 28.71 28.71 28.66 28.17 28.37 27.71 27.63 28.14 28.68 28.77 28.80 28.46 28.50 28.54 28.64 28.62 28.52 28.76 28.74 28.93 29.01 29.10 29.12 29.07 29.09 29.19 29.20 29.11 28.84 28.95 29.02 29.00 28.68 28.35 27.85 27.84 28.18 28.80 28.65 27.85 28.73 28.34 28.77
99999.90 99999.90 99999.90 99999.90 99999.90 99999.90 99999.90 99999.90 99999.90 99999.90 99999.90 99999.90 99999.90 99999.90 99999.90 99999.90 99999.90 99999.90 99999.90 99999.90 99999.90 99999.90 99999.90 29.02 29.02 29.02 29.02 29.02 29.02 28.71 28.71 28.71 28.71 28.71 28.81 28.81 28.81 28.52 28.34 28.44 28.22 28.67 28.67 28.89 28.85 28.57 28.54 28.59 28.69 28.72 28.81 28.87 28.65 28.56 28.84 29.01 29.19 29.13 28.85 29.03 29.13 29.09 29.07 28.76 28.82 28.85 28.39 27.90 28.52 28.67 28.63 28.96 28.72 27.59 27.99 28.50 28.92
99999.90 99999.90 99999.90 99999.90 99999.90 99999.90 99999.90 99999.90 99999.90 99999.90 99999.90 99999.90 99999.90 99999.90 99999.90 99999.90 99999.90 99999.90 99999.90 99999.90 99999.90 99999.90 99999.90 29.02 29.02 29.02 29.02 29.02 28.71 28.71 28.71 28.71 28.87 28.87 28.87 28.87 28.87 28.74 28.69 28.64 28.60 28.68 28.76 28.59 29.06 28.86 28.80 28.38 28.43 28.54 28.85 28.90 28.62 28.85 28.90 29.03 28.91 28.94 28.93 28.95 29.06 29.13 28.86 28.72 29.02 28.83 28.62 28.42 28.64 28.63 28.83 28.97 28.58 27.89 27.81 27.76 28.37
99999.90 99999.90 99999.90 99999.90 99999.90 99999.90 99999.90 99999.90 99999.90 99999.90 99999.90 99999.90 99999.90 99999.90 99999.90 99999.90 99999.90 99999.90 99999.90 99999.90 99999.90 99999.90 99999.90 29.02 29.02 28.15 28.15 28.15 28.15 28.15 28.15 28.15 28.15 28.15 28.79 28.79 28.79 28.77 28.69 28.72 28.62 28.62 28.47 28.49 28.85 28.70 28.32 28.32 28.03 28.82 29.01 28.62 28.46 28.64 28.89 28.63 28.69 28.83 28.66 28.38 28.53 29.15 29.12 28.84 28.51 28.51 28.84 28.67 28.99 28.98 28.84 28.11 28.47 27.69 26.72 27.22 28.00
99999.90 99999.90 99999.90 99999.90 99999.90 99999.90 99999.90 99999.90 99999.90 99999.90 99999.90 99999.90 99999.90 99999.90 99999.90 99999.90 99999.90 99999.90 99999.90 99999.90 99999.90 99999.90 99999.90 29.02 29.02 28.15 28.15 28.15 28.15 28.15 28.15 28.15 28.15 28.15 28.15 28.71 28.71 28.72 28.64 28.62 28.52 28.39 28.40 28.39 28.84 28.90 28.89 28.75 28.39 28.71 28.68 28.11 28.70 28.79 28.69 28.40 28.51 28.47 28.98 28.81 28.39 28.19 28.39 28.87 28.88 28.46 28.56 28.25 28.81 28.04 28.51 28.05 27.90 28.01 28.18 27.79 27.87
99999.90 99999.90 99999.90 99999.90 99999.90 99999.90 99999.90 99999.90 99999.90 99999.90 99999.90 99999.90 99999.90 99999.90 99999.90 99999.90 99999.90 99999.90 99999.90 99999.90 99999.90 99999.90 26.60 29.02 29.02 28.15 28.15 28.15 28.15 28.15 28.15 28.15 28.15 28.15 28.15 28.15 28.52 28.52 28.56 28.68 28.35 28.24 27.94 28.43 28.48 28.85 28.73 28.13 28.30 28.68 28.73 28.69 28.24 28.20 28.25 28.73 28.62 28.78 28.22 28.59 28.21 26.00 25.46 25.29 25.40 25.98 25.86 26.76 28.38 28.48 28.49 28.56 28.60 28.56 28.78 28.74 28.36
99999.90 99999.90 99999.90 99999.90 99999.90 99999.90 99999.90 99999.90 99999.90 99999.90 99999.90 99999.90 99999.90 99999.90 99999.90 99999.90 99999.90 99999.90 99999.90 99999.90 99999.90 27.36 26.60 26.60 27.00 28.01 28.01 28.01 28.01 28.01 28.01 28.01 28.01 28.01 28.01 28.01 28.64 28.75 28.73 28.70 28.51 28.04 28.05 28.55 28.59 28.57 28.57 28.72 28.62 28.03 28.47 28.68 28.39 28.53 28.52 28.51 28.23 27.97 27.86 27.72 27.60 27.03 26.48 26.61 25.70 25.75 26.79 27.61 28.05 28.30 28.75 28.67 29.13 29.09 29.08 28.83 28.82
99999.90 99999.90 99999.90 99999.90 99999.90 99999.90 99999.90 99999.90 99999.90 99999.90 99999.90 99999.90 99999.90 99999.90 99999.90 99999.90 99999.90 99999.90 99999.90 99999.90 99999.90 27.36 27.36 26.60 26.60 28.50 28.50 28.50 28.50 28.50 28.50 28.50 28.50 28.50 28.50 28.50 28.74 28.67 28.45 28.51 28.36 28.16 28.18 28.20 28.34 28.51 28.13 28.16 28.26 28.08 28.43 28.39 28.28 28.72 28.03 28.00 28.23 27.97 27.77 27.55 27.58 28.37 27.64 27.67 27.07 27.36 27.96 28.28 28.72 28.56 28.50 29.06 29.14 29.13 29.14 29.09 28.87
99999.90 99999.90 99999.90 99999.90 99999.90 99999.90 99999.90 99999.90 99999.90 99999.90 99999.90 99999.90 99999.90 99999.90 99999.90 99999.90 99999.90 99999.90 99999.90 99999.90 27.51 27.36 27.36 27.36 26.60 26.60 28.21 28.21 28.21 28.21 28.21 28.21 28.21 28.21 28.21 28.21 28.68 28.70 28.79 28.72 28.40 28.52 28.17 27.91 27.93 27.87 27.60 27.55 27.81 27.81 28.03 28.35 27.79 28.40 27.84 27.53 27.39 27.83 27.92 28.24 27.85 27.65 27.50 27.96 28.10 28.39 28.58 28.84 28.82 28.58 28.61 28.92 29.12 29.15 29.12 29.01 28.97
99999.90 99999.90 99999.90 99999.90 99999.90 99999.90 99999.90 99999.90 99999.90 99999.90 99999.90 99999.90 99999.90 99999.90 99999.90 99999.90 99999.90 99999.90 99999.90 99999.90 27.51 27.36 27.36 27.36 27.36 26.60 26.60 27.00 28.44 28.44 28.44 28.44 28.44 28.44 28.44 28.44 28.12 28.51 28.57 28.51 28.41 28.34 28.39 28.07 27.51 27.94 27.95 27.70 28.15 28.13 28.18 28.01 27.97 28.28 27.95 27.75 27.70 27.43 27.69 27.85 27.81 28.09 28.22 28.17 28.73 28.81 28.65 28.85 28.66 28.55 28.91 28.94 29.12 29.13 29.04 28.85 28.88
99999.90 99999.90 99999.90 99999.90 99999.90 99999.90 99999.90 99999.90 99999.90 99999.90 99999.90 99999.90 99999.90 99999.90 99999.90 99999.90 99999.90 99999.90 99999.90 28.35 27.51 27.36 27.36 27.36 27.36 27.36 26.60 26.60 27.00 27.00 28.32 28.32 28.32 28.32 28.32 28.32 28.12 28.31 28.60 28.57 28.46 28.26 28.16 27.94 28.23 28.23 28.23 27.51 28.20 28.27 27.96 27.96 28.47 28.41 28.38 28.52 28.28 28.06 28.12 28.45 28.48 28.28 28.58 28.78 28.81 28.72 28.62 28.72 28.62 28.60 28.94 29.10 29.07 29.08 28.90 28.82 28.92
99999.90 99999.90 99999.90 99999.90 99999.90 99999.90 99999.90 99999.90 99999.90 99999.90 99999.90 99999.90 99999.90 99999.90 99999.90 99999.90 99999.90 99999.90 99999.90 28.35 27.51 27.36 27.36 27.36 27.36 27.36 27.36 26.60 26.60 27.00 27.00 27.73 27.73 28.30 28.30 28.30 28.12 28.21 27.79 27.92 28.06 27.37 27.65 27.82 28.05 27.95 27.97 27.79 28.27 27.97 27.06 26.87 26.69 27.86 27.95 28.41 28.20 28.35 28.65 28.78 28.72 28.88 28.78 28.96 28.70 28.73 28.73 28.71 28.67 28.77 29.08 29.07 28.90 28.99 28.83 28.88 28.94
99999.90 99999.90 99999.90 99999.90 99999.90 99999.90 99999.90 99999.90 99999.90 99999.90 99999.90 99999.90 99999.90 99999.90 99999.90 99999.90 99999.90 99999.90 99999.90 28.35 27.51 27.36 27.36 27.36 27.36 27.36 27.36 27.36 26.60 26.60 27.00 27.00 27.73 27.73 28.07 28.07 28.22 28.29 28.42 27.54 27.98 27.87 28.03 28.27 28.06 27.73 27.82 27.32 26.93 27.47 26.17 25.98 26.63 27.57 28.24 28.53 28.66 28.66 28.56 28.76 29.04 28.83 28.78 28.82 28.67 28.69 28.73 28.90 28.74 28.90 29.10 29.08 29.06 28.75 28.37 28.71 28.84
99999.90 99999.90 99999.90 99999.90 99999.90 99999.90 99999.90 99999.90 99999.90 99999.90 99999.90 99999.90 99999.90 99999.90 99999.90 99999.90 99999.90 99999.90 28.19 28.35 27.51 27.51 27.51 27.36 27.36 27.36 27.36 27.36 27.36 26.60 26.60 27.00 27.00 27.73 27.73 27.48 27.20 27.62 27.95 27.36 27.80 27.89 28.36 27.58 27.11 27.17 27.48 27.68 27.38 27.50 27.53 27.33 27.10 26.97 27.63 28.66 28.71 28.45 28.43 28.40 28.80 28.75 28.91 28.89 28.92 29.03 28.89 28.80 28.76 28.92 29.08 29.10 29.13 28.98 28.98 28.91 28.90
99999.90 99999.90 99999.90 99999.90 99999.90 99999.90 99999.90 99999.90 99999.90 99999.90 99999.90 99999.90 99999.90 99999.90 99999.90 99999.90 99999.90 99999.90 28.19 28.35 27.51 27.51 27.51 27.51 27.51 27.36 27.36 27.36 27.36 27.36 26.60 26.60 27.00 27.00 26.62 26.89 27.87 28.35 27.47 27.68 28.05 27.70 27.85 27.12 27.41 27.53 27.40 27.44 27.10 26.64 27.67 28.22 28.28 28.38 28.09 28.57 28.78 28.48 28.63 28.89 28.94 28.76 28.85 29.08 29.06 29.10 29.02 28.90 28.92 28.99 29.04 29.00 29.09 28.97 28.90 28.71 28.77
