main/data/irradiance/09.07.2023.grid
ncols 839
nrows 679
xllcenter 112.0500
yllcenter -43.9500
cellsize 0.0500
nodata_value 99999.90
[rows 306 to 339 of 679, columns 462 to 538 of 839]
14.04 13.90 13.90 14.02 14.06 14.03 13.87 14.00 14.07 13.97 14.02 14.25 14.16 14.05 14.05 14.19 14.02 14.03 14.00 14.16 14.19 14.16 14.17 14.14 14.13 13.70 13.65 13.98 14.14 14.33 14.35 14.24 14.12 14.52 14.58 14.47 14.31 14.19 14.31 14.38 14.22 14.36 14.39 14.37 14.27 14.10 13.98 13.98 13.98 14.00 14.04 14.06 13.93 13.82 13.79 13.81 13.84 13.88 14.04 14.09 13.92 13.72 13.84 13.48 13.36 13.06 13.36 13.28 13.17 12.82 13.02 12.54 12.55 12.74 12.96 13.51 13.27
14.34 14.10 14.14 14.05 14.13 14.05 14.03 14.15 14.11 14.09 13.91 13.97 14.01 13.88 13.96 14.07 14.11 14.12 13.80 13.75 13.95 14.01 13.94 14.12 14.03 14.04 13.78 13.75 13.73 13.76 13.85 14.13 14.21 14.17 14.55 14.45 14.33 14.33 14.24 14.20 14.12 14.13 14.24 14.33 14.37 14.41 14.21 14.02 13.95 14.07 14.11 14.26 14.20 14.06 14.14 13.96 13.94 13.91 14.02 14.04 14.20 14.23 14.18 14.09 13.98 13.70 13.38 13.27 13.11 13.21 13.19 12.84 12.59 12.95 12.91 13.30 13.70
14.57 14.64 14.32 14.42 14.43 14.26 14.12 14.05 13.82 13.91 13.81 13.80 13.59 13.60 13.68 13.90 13.92 13.99 13.93 13.95 14.01 13.86 13.83 13.70 13.78 13.85 13.67 13.52 13.72 13.69 13.66 13.62 13.74 13.94 13.85 14.15 14.26 14.35 14.35 14.41 14.33 14.21 14.01 14.20 14.46 14.35 14.23 14.31 14.21 14.17 14.20 14.33 14.36 14.22 14.03 13.94 14.03 14.00 13.98 13.95 13.98 14.33 14.29 14.31 14.19 14.08 14.05 14.04 13.60 13.31 13.47 12.96 12.61 12.57 12.84 12.97 13.26
14.59 14.59 14.48 14.58 14.51 14.38 14.37 14.07 13.78 13.70 13.83 13.89 13.74 13.69 13.49 13.66 13.72 14.07 14.03 14.10 14.05 13.95 13.91 13.73 13.60 13.75 13.68 13.67 13.63 13.65 13.82 13.62 13.49 13.49 13.60 13.65 13.83 14.00 14.13 14.03 14.19 14.33 14.09 14.03 14.32 14.24 14.09 14.27 14.25 14.19 14.06 14.09 14.40 14.40 14.25 14.04 13.85 13.91 14.06 13.93 13.67 13.72 13.96 14.05 14.08 14.11 14.12 14.22 14.10 13.80 13.47 13.60 13.30 12.99 12.89 13.01 12.99
14.66 14.55 14.66 14.60 14.63 14.57 14.52 14.26 14.14 14.07 13.94 13.86 13.81 13.90 13.72 13.78 14.08 14.06 14.11 14.11 14.10 14.15 13.99 13.95 13.85 13.88 13.81 13.88 13.85 13.98 13.82 13.76 13.55 13.48 13.55 13.67 13.78 13.79 13.87 13.87 13.94 13.87 13.92 13.73 14.18 13.95 13.89 14.05 14.02 14.10 14.01 13.86 14.35 14.43 14.49 14.42 14.41 13.99 14.02 14.00 13.91 13.81 13.66 14.01 13.84 14.01 14.11 14.36 14.21 14.16 14.13 14.13 13.96 13.65 13.77 13.72 13.52
14.72 14.52 14.63 14.68 14.59 14.55 14.40 14.31 14.21 14.22 14.13 14.00 13.87 13.90 13.95 13.74 13.88 13.99 14.11 13.97 14.08 14.08 14.17 14.01 13.90 13.99 13.98 13.98 14.03 13.98 14.23 13.94 13.89 13.90 13.53 13.43 13.57 13.69 13.71 13.83 13.67 13.63 13.94 13.86 13.67 13.74 13.62 14.09 14.23 13.81 14.03 14.12 13.94 14.24 14.04 14.29 14.27 14.40 14.25 14.17 14.15 14.22 13.95 13.75 13.78 13.95 14.12 14.33 14.33 14.34 14.29 14.28 14.28 13.95 13.94 13.81 13.73
14.77 14.77 14.69 14.55 14.40 14.47 14.38 14.25 14.24 14.23 14.07 13.93 13.97 13.93 13.97 13.80 13.84 13.77 13.80 13.71 13.78 13.66 13.65 13.73 13.76 13.77 13.79 13.93 13.91 14.10 14.09 14.25 13.83 13.97 14.16 13.98 14.01 13.57 13.90 14.05 14.01 13.83 13.78 13.88 13.74 13.91 13.70 14.07 14.38 14.24 14.20 14.29 13.93 13.93 14.22 14.14 14.08 14.09 14.09 14.37 14.51 14.39 14.33 14.30 14.01 14.03 13.99 14.10 14.14 14.33 14.47 14.13 14.05 14.07 14.02 14.04 13.58
14.86 14.81 14.74 14.73 14.68 14.59 14.51 14.40 14.31 14.19 14.17 14.01 14.01 14.02 13.91 13.80 13.83 13.76 13.66 13.62 13.70 13.71 13.60 13.63 13.66 13.62 13.73 13.87 13.94 14.03 14.26 14.17 14.27 14.27 14.39 14.15 14.17 14.00 13.92 13.95 14.07 14.02 14.19 13.99 14.05 13.99 14.01 14.07 14.63 14.59 14.56 14.71 14.53 14.35 14.15 14.37 14.56 14.50 14.59 14.14 14.20 14.45 14.43 14.52 14.43 14.24 14.16 14.14 14.20 13.97 14.37 14.30 14.19 14.15 13.87 13.93 14.00
14.84 14.89 14.88 14.84 14.85 14.77 14.72 14.75 14.75 14.51 14.43 14.32 14.35 14.13 14.06 13.83 13.94 13.82 13.75 13.65 13.57 13.72 13.66 13.55 13.61 13.57 13.71 13.73 13.81 13.94 14.18 14.30 14.32 14.46 14.55 14.58 14.60 14.42 14.11 14.14 14.23 14.17 14.17 14.30 14.37 14.18 14.36 14.50 14.68 14.80 14.86 14.66 14.77 14.58 14.49 14.48 14.60 14.80 14.85 14.63 14.32 14.22 14.60 14.86 14.65 14.46 14.41 14.30 14.36 14.37 14.28 14.21 14.25 14.21 14.08 14.08 14.37
14.83 14.83 14.83 14.86 14.90 14.83 14.88 14.78 14.73 14.74 14.70 14.48 14.42 14.40 14.29 14.11 14.16 14.12 13.96 13.91 14.12 14.09 13.75 13.82 13.61 13.72 13.85 13.78 13.84 13.86 14.11 14.26 14.25 14.27 14.52 14.61 14.65 14.73 14.66 14.28 14.34 14.15 14.32 14.31 14.34 14.49 14.65 14.77 14.79 14.85 14.78 14.70 14.81 14.78 14.79 14.55 14.43 14.54 14.43 14.50 14.60 14.73 14.39 14.58 14.87 14.61 14.70 14.38 14.44 14.46 14.47 13.88 13.83 13.86 14.03 14.07 14.28
14.85 14.78 14.78 14.82 14.84 14.90 14.91 14.91 14.86 14.83 14.84 14.77 14.77 14.66 14.69 14.54 14.41 14.32 14.29 14.17 14.21 14.12 14.13 14.13 14.06 14.07 13.96 14.04 14.00 14.19 14.29 14.18 14.31 14.36 14.58 14.75 14.63 14.61 14.68 14.63 14.40 14.34 14.41 14.36 14.46 14.53 14.43 14.86 14.70 14.75 14.68 14.86 14.65 14.72 14.76 14.89 14.80 14.87 14.69 14.48 14.36 14.56 14.60 14.62 14.55 14.66 14.71 14.71 14.77 14.67 14.77 14.32 13.87 13.81 14.01 14.21 14.06
14.79 14.81 14.86 14.84 14.85 14.87 14.90 14.90 14.83 14.83 14.82 14.79 14.84 14.84 14.72 14.60 14.50 14.39 14.41 14.40 14.27 14.26 14.36 14.38 14.25 14.20 14.18 13.97 14.05 14.21 14.40 14.33 14.37 14.34 14.48 14.68 14.67 14.63 14.66 14.72 14.71 14.72 14.61 14.55 14.69 14.54 14.42 14.45 14.69 14.61 14.57 14.48 14.56 14.77 14.76 14.70 14.63 14.92 14.85 14.85 14.51 14.46 14.34 14.34 14.67 14.38 14.56 14.71 14.76 14.88 14.88 14.92 14.61 14.40 14.08 14.28 14.12
14.92 14.94 14.92 14.89 14.84 14.80 14.83 14.86 14.83 14.77 14.77 14.75 14.74 14.82 14.83 14.78 14.52 14.57 14.57 14.52 14.57 14.31 14.27 14.43 14.41 14.44 14.33 14.19 14.29 14.22 14.37 14.35 14.33 14.36 14.42 14.55 14.69 14.66 14.68 14.64 14.73 14.57 14.34 14.33 14.60 14.54 14.49 14.46 14.63 14.55 14.54 14.68 14.45 14.51 14.48 14.31 14.38 14.77 14.69 14.64 14.52 14.55 14.39 14.28 14.27 13.95 14.07 14.29 14.37 14.48 14.84 14.73 14.76 14.38 14.45 14.16 14.46
14.97 14.96 14.89 14.82 14.81 14.78 14.79 14.81 14.80 14.77 14.74 14.70 14.65 14.67 14.72 14.79 14.79 14.75 14.66 14.61 14.69 14.59 14.45 14.46 14.61 14.59 14.52 14.45 14.31 14.29 14.33 14.38 14.33 14.41 14.52 14.68 14.61 14.65 14.68 14.57 14.57 14.47 14.34 14.21 14.46 14.37 14.42 14.43 14.45 14.35 14.30 14.49 14.64 14.37 14.63 14.38 14.15 14.23 14.34 14.33 14.42 14.68 14.63 14.43 14.24 14.31 14.27 14.20 14.17 13.90 14.21 14.45 14.58 14.55 14.36 13.92 14.21
14.92 14.89 14.90 14.85 14.77 14.75 14.77 14.78 14.80 14.74 14.67 14.72 14.68 14.68 14.65 14.71 14.71 14.75 14.77 14.78 14.74 14.67 14.70 14.53 14.46 14.48 14.76 14.71 14.71 14.62 14.65 14.63 14.51 14.46 14.50 14.65 14.73 14.71 14.81 14.72 14.53 14.50 14.58 14.32 14.46 14.41 14.39 14.40 14.38 14.50 14.11 14.06 14.40 14.48 14.64 14.56 14.60 14.28 14.23 14.29 14.32 14.15 14.47 14.68 14.43 14.33 14.20 14.41 14.29 14.31 14.17 13.93 14.13 14.12 13.97 14.25 14.09
14.92 14.91 14.88 14.86 14.84 14.83 14.81 14.85 14.86 14.84 14.69 14.70 14.68 14.75 14.75 14.64 14.76 14.66 14.76 14.73 14.59 14.73 14.80 14.76 14.62 14.56 14.65 14.72 14.78 14.72 14.64 14.66 14.50 14.51 14.48 14.51 14.60 14.67 14.76 14.79 14.69 14.69 14.60 14.57 14.58 14.59 14.58 14.52 14.36 14.38 14.39 14.28 14.84 14.56 14.17 14.15 14.68 14.45 14.28 14.32 14.38 14.17 14.19 14.31 14.25 14.42 14.15 14.03 14.23 14.28 14.43 14.34 14.34 13.93 13.59 13.96 13.88
14.94 14.93 14.88 14.89 14.86 14.83 14.83 14.83 14.83 14.81 14.80 14.74 14.72 14.70 14.63 14.64 14.60 14.60 14.60 14.70 14.74 14.71 14.61 14.60 14.62 14.85 14.89 14.88 14.81 14.71 14.67 14.55 14.38 14.45 14.51 14.53 14.53 14.62 14.62 14.73 14.77 14.70 14.71 14.72 14.69 14.77 14.63 14.62 14.63 14.59 14.50 14.69 14.85 14.84 14.24 14.00 14.19 14.18 14.20 14.31 14.24 14.28 14.24 14.34 14.24 14.21 14.33 14.21 14.23 14.38 14.48 14.37 14.53 14.49 13.72 13.72 13.48
14.97 14.92 14.87 14.87 14.87 14.84 14.82 14.82 14.83 14.78 14.80 14.79 14.79 14.78 14.75 14.72 14.54 14.64 14.53 14.62 14.60 14.63 14.65 14.56 14.70 14.70 14.71 14.91 14.88 14.89 14.83 14.80 14.70 14.58 14.54 14.56 14.57 14.57 14.57 14.43 14.51 14.48 14.69 14.76 14.73 14.79 14.83 14.75 14.65 14.78 14.77 14.84 14.96 14.77 14.55 14.65 14.41 14.36 14.27 14.20 14.18 14.31 14.33 14.18 14.18 14.29 14.27 14.43 14.55 14.82 14.67 14.57 14.51 14.61 14.34 14.38 13.91
14.97 14.93 14.93 14.92 14.89 14.88 14.88 14.83 14.82 14.81 14.79 14.79 14.77 14.78 14.77 14.68 14.71 14.66 14.53 14.61 14.58 14.59 14.64 14.65 14.63 14.62 14.56 14.71 14.69 14.74 14.78 14.83 14.91 14.89 14.85 14.85 14.85 14.77 14.79 14.69 14.63 14.65 14.69 14.75 14.73 14.87 14.92 14.94 14.89 14.89 14.91 14.92 14.98 14.90 14.84 14.78 14.67 14.52 14.44 14.15 14.09 14.28 14.50 14.46 14.32 14.41 14.31 14.49 14.67 14.74 14.81 14.87 14.78 14.50 14.28 14.03 14.16
14.94 14.92 14.93 14.92 14.92 14.93 14.94 14.92 14.87 14.84 14.84 14.81 14.78 14.74 14.77 14.73 14.67 14.68 14.68 14.60 14.59 14.54 14.53 14.59 14.56 14.52 14.64 14.61 14.70 14.64 14.72 14.67 14.72 14.84 14.85 14.95 14.97 14.97 14.97 14.92 14.93 14.91 14.92 14.91 14.78 14.84 14.90 14.87 14.78 14.93 14.88 14.94 15.03 15.08 14.82 14.79 14.86 14.89 14.75 14.58 14.35 14.54 14.60 14.69 14.53 14.60 14.66 14.84 14.77 14.70 14.64 14.65 14.81 14.62 14.23 14.14 14.49
14.93 14.91 14.89 14.89 14.89 14.90 14.90 14.91 14.92 14.91 14.91 14.87 14.84 14.77 14.72 14.75 14.78 14.71 14.70 14.73 14.69 14.70 14.58 14.68 14.51 14.68 14.47 14.54 14.68 14.72 14.75 14.74 14.71 14.72 14.81 14.91 14.95 14.95 14.92 14.90 14.92 14.89 14.83 14.92 14.87 14.83 14.76 14.73 14.75 14.71 14.76 14.79 14.82 14.87 14.86 14.76 14.69 14.74 14.71 14.62 14.56 14.57 14.69 14.81 14.85 14.73 14.80 14.89 14.86 14.80 14.88 14.83 14.78 14.60 14.32 14.31 14.39
14.90 14.89 14.86 14.88 14.87 14.87 14.89 14.92 14.96 14.90 14.90 14.91 14.90 14.89 14.83 14.76 14.68 14.70 14.68 14.70 14.66 14.74 14.68 14.73 14.73 14.63 14.60 14.52 14.54 14.63 14.65 14.59 14.67 14.70 14.68 14.76 14.81 14.82 14.90 14.93 14.92 14.90 14.76 14.65 14.66 14.79 14.81 14.76 14.64 14.57 14.60 14.54 14.52 14.54 14.56 14.68 14.76 14.74 14.76 14.68 14.49 14.52 14.54 14.57 14.81 14.73 14.77 14.82 14.88 14.85 14.87 14.77 14.80 14.76 14.63 14.68 14.08
14.87 14.86 14.86 14.86 14.86 14.85 14.87 14.90 14.91 14.86 14.85 14.86 14.87 14.87 14.86 14.86 14.82 14.74 14.67 14.69 14.71 14.76 14.68 14.68 14.66 14.79 14.68 14.53 14.63 14.56 14.72 14.62 14.63 14.63 14.63 14.64 14.70 14.67 14.80 14.81 14.91 14.90 14.91 14.73 14.67 14.69 14.78 14.77 14.73 14.78 14.77 14.71 14.78 14.66 14.51 14.66 14.72 14.64 14.64 14.60 14.56 14.55 14.62 14.71 14.59 14.68 14.80 14.77 14.77 14.62 14.64 14.66 14.71 14.54 14.77 14.66 14.43
14.84 14.83 14.83 14.83 14.84 14.84 14.86 14.89 14.86 14.83 14.82 14.84 14.84 14.84 14.85 14.84 14.85 14.81 14.80 14.72 14.70 14.71 14.68 14.77 14.71 14.68 14.76 14.84 14.69 14.78 14.65 14.73 14.73 14.81 14.63 14.56 14.67 14.63 14.72 14.75 14.81 14.86 14.85 14.80 14.87 14.80 14.80 14.47 14.74 14.84 14.71 14.74 14.86 14.75 14.68 14.73 14.73 14.69 14.67 14.64 14.73 14.59 14.56 14.75 14.62 14.67 14.73 14.64 14.60 14.69 14.58 14.62 14.59 14.64 14.35 14.32 14.15
14.83 14.81 14.81 14.80 14.82 14.83 14.82 14.84 14.83 14.81 14.81 14.81 14.82 14.82 14.82 14.81 14.81 14.80 14.81 14.81 14.80 14.77 14.76 14.63 14.78 14.67 14.71 14.73 14.83 14.76 14.79 14.77 14.71 14.81 14.73 14.68 14.81 14.51 14.63 14.72 14.74 14.74 14.82 14.71 14.79 14.74 14.83 14.82 14.72 14.75 14.73 14.70 14.83 14.72 14.72 14.63 14.74 14.71 14.74 14.69 14.71 14.72 14.72 14.74 14.71 14.57 14.63 14.61 14.58 14.52 14.51 14.56 14.58 14.57 14.60 14.29 14.22
14.79 14.79 14.79 14.80 14.80 14.80 14.80 14.79 14.80 14.80 14.80 14.79 14.80 14.81 14.80 14.79 14.80 14.78 14.79 14.83 14.82 14.79 14.80 14.79 14.75 14.76 14.76 14.67 14.72 14.73 14.78 14.77 14.77 14.86 14.83 14.76 14.79 14.73 14.67 14.67 14.81 14.81 14.80 14.87 14.85 14.85 14.84 14.80 14.87 14.76 14.89 14.88 14.86 14.72 14.78 14.55 14.65 14.40 14.16 14.44 14.76 14.76 14.72 14.76 14.67 14.56 14.56 14.57 14.53 14.48 14.49 14.53 14.54 14.59 14.62 14.49 14.57
14.78 14.76 14.77 14.77 14.76 14.76 14.76 14.76 14.77 14.77 14.76 14.77 14.76 14.77 14.78 14.77 14.79 14.78 14.77 14.81 14.81 14.78 14.79 14.78 14.80 14.81 14.82 14.78 14.70 14.71 14.77 14.74 14.78 14.78 14.84 14.79 14.84 14.86 14.80 14.76 14.76 14.83 14.82 14.87 14.87 14.71 14.83 14.89 14.92 14.87 14.84 14.89 14.91 14.94 14.87 14.66 14.63 14.46 14.45 14.23 14.50 14.77 14.43 14.75 14.72 14.39 14.60 14.44 14.59 14.55 14.52 14.52 14.61 14.74 14.65 14.42 14.51
14.73 14.71 14.71 14.71 14.73 14.73 14.73 14.74 14.76 14.74 14.74 14.75 14.75 14.75 14.75 14.76 14.73 14.75 14.79 14.78 14.78 14.77 14.77 14.76 14.76 14.78 14.79 14.79 14.76 14.74 14.71 14.76 14.71 14.78 14.74 14.74 14.82 14.84 14.84 14.80 14.82 14.79 14.83 14.86 14.86 14.83 14.74 14.84 14.79 14.83 14.79 14.03 14.77 14.81 14.79 14.45 14.80 14.39 14.60 14.18 13.96 14.57 14.63 14.26 14.60 14.81 14.82 14.65 14.57 14.56 14.60 14.59 14.61 14.71 14.78 14.54 14.27
14.68 14.68 14.68 14.71 14.70 14.71 14.72 14.72 14.73 14.72 14.73 14.74 14.74 14.74 14.75 14.74 14.68 14.75 14.75 14.76 14.75 14.75 14.75 14.74 14.74 14.74 14.75 14.75 14.75 14.75 14.75 14.76 14.76 14.77 14.78 14.78 14.77 14.80 14.80 14.84 14.85 14.83 14.80 14.85 14.82 14.83 14.85 14.86 14.82 14.53 14.73 14.75 14.82 14.80 14.58 14.86 14.76 14.33 14.71 14.45 14.39 14.32 14.42 14.46 14.38 14.42 14.61 14.70 14.76 14.68 14.62 14.46 14.53 14.51 14.74 14.66 14.62
14.66 14.66 14.67 14.68 14.69 14.68 14.68 14.69 14.70 14.70 14.70 14.70 14.71 14.72 14.72 14.68 14.71 14.72 14.71 14.74 14.74 14.74 14.74 14.73 14.72 14.73 14.73 14.74 14.73 14.74 14.74 14.74 14.75 14.76 14.76 14.76 14.77 14.77 14.79 14.82 14.82 14.86 14.82 14.80 14.83 14.83 14.82 14.80 14.83 14.85 14.84 14.84 14.85 14.87 14.75 14.59 14.82 14.67 14.80 14.64 14.63 14.62 14.58 14.72 14.56 14.48 14.33 14.25 14.55 14.62 14.69 14.62 14.56 14.50 14.51 14.32 14.49
14.63 14.65 14.67 14.67 14.68 14.66 14.65 14.68 14.69 14.68 14.67 14.68 14.68 14.69 14.71 14.67 14.70 14.71 14.71 14.71 14.72 14.72 14.73 14.72 14.72 14.72 14.72 14.72 14.72 14.72 14.73 14.74 14.75 14.75 14.75 14.75 14.75 14.77 14.79 14.81 14.80 14.81 14.79 14.80 14.81 14.82 14.79 14.80 14.82 14.81 14.85 14.76 14.83 14.84 14.67 14.61 14.20 14.28 14.62 14.67 14.63 14.78 14.83 14.83 14.74 14.75 14.59 14.60 14.49 14.39 14.34 14.37 14.64 14.74 14.65 14.60 14.40
14.62 14.64 14.65 14.65 14.65 14.64 14.64 14.65 14.66 14.66 14.66 14.65 14.65 14.66 14.68 14.65 14.69 14.69 14.68 14.70 14.68 14.68 14.69 14.69 14.69 14.69 14.68 14.69 14.69 14.69 14.70 14.72 14.73 14.74 14.74 14.73 14.73 14.73 14.75 14.75 14.77 14.78 14.77 14.79 14.81 14.78 14.80 14.80 14.81 14.81 14.25 14.03 13.86 14.47 14.78 14.67 14.79 14.63 14.80 14.52 14.74 14.64 14.76 14.76 14.79 14.82 14.81 14.79 14.74 14.74 14.60 14.47 14.36 14.56 14.55 14.48 14.40
14.61 14.61 14.63 14.63 14.64 14.63 14.62 14.63 14.61 14.62 14.63 14.63 14.63 14.63 14.64 14.66 14.66 14.65 14.66 14.66 14.66 14.66 14.67 14.66 14.66 14.66 14.67 14.68 14.68 14.68 14.69 14.69 14.71 14.71 14.72 14.72 14.72 14.71 14.71 14.72 14.73 14.75 14.76 14.73 14.75 14.78 14.77 14.77 14.78 14.82 14.80 14.78 14.59 14.23 14.80 14.69 14.65 14.71 14.74 14.57 14.26 14.63 14.72 14.76 14.76 14.82 14.77 14.77 14.75 14.70 14.73 14.72 14.52 14.43 14.19 14.28 14.52
14.58 14.59 14.59 14.59 14.61 14.61 14.59 14.60 14.59 14.60 14.61 14.61 14.61 14.62 14.65 14.64 14.66 14.64 14.65 14.65 14.65 14.64 14.63 14.64 14.63 14.64 14.65 14.65 14.67 14.67 14.67 14.67 14.67 14.69 14.69 14.70 14.70 14.70 14.70 14.70 14.70 14.74 14.75 14.70 14.72 14.75 14.73 14.73 14.76 14.73 14.70 14.75 14.77 14.78 14.50 14.66 14.38 14.66 14.64 14.57 14.46 14.71 14.73 14.79 14.78 14.79 14.70 14.75 14.73 14.64 14.47 14.48 14.29 14.51 14.46 14.60 14.51
