main/data/irradiance/09.07.2023.grid
ncols 839
nrows 679
xllcenter 112.0500
yllcenter -43.9500
cellsize 0.0500
nodata_value 99999.90
[rows 136 to 169 of 679, columns 385 to 461 of 839]
18.69 18.77 18.76 18.82 18.80 18.86 18.84 18.84 18.81 18.79 18.83 18.79 18.87 18.83 18.81 18.81 18.82 18.83 18.85 18.75 18.77 18.82 18.82 18.83 18.83 18.81 18.84 18.84 18.80 18.79 18.83 18.83 18.77 18.79 18.84 18.74 18.74 18.65 18.37 18.04 18.03 17.57 17.23 17.43 17.74 18.16 18.36 18.35 18.08 18.15 17.85 18.00 18.62 18.80 18.82 18.78 18.75 18.72 18.78 18.70 18.59 18.60 18.60 18.30 18.09 17.50 17.88 18.03 17.70 17.64 17.55 17.49 17.44 17.75 17.45 17.49 17.72
18.84 18.73 18.74 18.77 18.77 18.82 18.80 18.76 18.77 18.80 18.82 18.84 18.84 18.81 18.81 18.82 18.81 18.79 18.79 18.78 18.75 18.78 18.74 18.76 18.80 18.79 18.81 18.80 18.74 18.74 18.79 18.79 18.75 18.73 18.80 18.72 18.47 18.51 18.49 18.11 18.00 17.70 17.42 17.31 17.17 17.66 17.81 18.06 17.65 17.62 17.50 17.75 18.44 18.75 18.68 18.76 18.66 18.67 18.69 18.32 18.18 18.52 18.59 18.62 18.38 17.89 17.67 17.61 17.91 17.79 17.30 17.47 17.32 17.73 17.81 17.28 17.60
18.83 18.81 18.83 18.74 18.75 18.79 18.78 18.78 18.78 18.78 18.81 18.77 18.80 18.81 18.82 18.81 18.79 18.78 18.79 18.77 18.78 18.69 18.69 18.67 18.73 18.74 18.73 18.76 18.77 18.68 18.67 18.74 18.75 18.75 18.77 18.65 18.19 18.22 18.27 18.28 18.25 18.14 17.83 17.56 17.22 17.42 17.69 17.65 17.23 16.97 16.73 17.30 18.23 18.54 18.66 18.72 18.50 18.63 18.71 18.40 18.09 18.26 18.34 18.59 18.56 18.28 17.80 17.68 17.85 18.05 17.65 17.63 17.43 17.82 17.98 17.67 17.76
18.77 18.80 18.73 18.75 18.80 18.80 18.78 18.80 18.80 18.78 18.80 18.76 18.79 18.80 18.80 18.77 18.74 18.76 18.72 18.69 18.74 18.65 18.69 18.67 18.70 18.74 18.71 18.75 18.74 18.62 18.51 18.60 18.66 18.71 18.70 18.59 18.41 18.36 18.51 18.36 18.22 18.33 18.06 17.93 17.78 17.45 17.59 17.28 17.41 16.78 16.26 16.95 17.95 18.28 18.46 18.52 18.55 18.49 18.55 18.41 18.34 18.30 18.09 18.24 18.46 18.40 18.06 17.50 17.67 17.95 17.77 17.75 17.47 17.70 18.13 17.93 17.70
18.73 18.76 18.82 18.79 18.78 18.79 18.78 18.78 18.78 18.79 18.79 18.78 18.78 18.78 18.76 18.76 18.77 18.75 18.72 18.71 18.73 18.64 18.63 18.65 18.70 18.73 18.72 18.73 18.74 18.63 18.62 18.68 18.50 18.62 18.64 18.58 18.67 18.44 18.61 18.51 18.01 17.91 17.94 17.72 17.64 17.47 17.58 17.30 17.66 17.00 16.50 16.63 17.49 17.87 18.16 18.03 18.17 18.53 18.44 18.49 18.28 18.41 18.22 18.07 18.18 18.46 18.49 17.86 17.62 17.99 17.58 17.91 17.65 17.78 17.82 18.12 17.88
18.63 18.76 18.82 18.75 18.74 18.73 18.75 18.77 18.75 18.77 18.77 18.78 18.76 18.73 18.71 18.72 18.69 18.70 18.70 18.68 18.69 18.64 18.62 18.67 18.66 18.69 18.62 18.59 18.69 18.72 18.70 18.65 18.68 18.49 18.64 18.52 18.35 18.26 18.16 18.34 18.14 17.50 17.63 17.70 17.51 17.42 17.47 17.11 17.69 17.17 16.90 16.53 17.03 17.33 17.49 17.91 17.96 18.23 18.16 18.47 18.34 18.33 18.31 18.34 18.21 18.34 18.32 18.20 18.17 18.18 17.79 17.88 17.83 17.68 17.85 17.91 18.01
18.61 18.69 18.72 18.73 18.70 18.71 18.75 18.75 18.74 18.75 18.76 18.76 18.74 18.69 18.70 18.67 18.64 18.66 18.65 18.67 18.66 18.70 18.71 18.68 18.68 18.70 18.67 18.66 18.61 18.70 18.67 18.55 18.63 18.45 18.46 18.45 18.23 18.14 18.11 17.84 18.13 18.09 17.88 17.48 17.64 17.69 17.88 17.36 17.69 17.46 17.16 16.87 16.72 16.92 17.00 17.29 17.76 18.02 17.79 17.96 18.05 18.16 18.33 18.20 18.28 17.96 18.17 18.17 18.17 18.27 17.90 17.99 17.76 17.82 17.85 18.03 17.91
18.56 18.59 18.67 18.64 18.67 18.72 18.74 18.70 18.70 18.73 18.75 18.75 18.72 18.71 18.69 18.63 18.66 18.63 18.66 18.65 18.66 18.66 18.68 18.60 18.65 18.67 18.60 18.68 18.63 18.61 18.59 18.53 18.58 18.59 18.43 18.36 18.19 18.17 17.93 17.67 17.98 17.98 18.01 17.78 17.50 17.75 17.90 17.80 17.57 17.64 17.65 17.45 16.65 16.41 16.79 16.80 17.24 17.60 17.75 17.72 17.63 17.86 18.11 18.10 17.97 17.55 17.57 17.90 17.80 17.95 17.73 18.06 17.84 17.90 17.77 17.87 17.67
18.53 18.59 18.62 18.62 18.67 18.73 18.73 18.72 18.71 18.72 18.73 18.72 18.69 18.69 18.70 18.68 18.62 18.66 18.71 18.67 18.64 18.65 18.64 18.63 18.66 18.62 18.63 18.60 18.60 18.59 18.50 18.39 18.48 18.53 18.58 18.37 18.05 18.08 17.91 17.42 17.90 17.32 17.50 17.51 17.59 17.41 18.10 18.21 17.49 17.60 17.71 17.81 17.44 16.53 16.54 16.47 16.85 17.59 17.68 17.60 17.49 17.69 17.75 17.59 17.77 17.81 17.60 17.71 17.64 18.17 17.39 17.69 17.85 17.79 17.91 17.89 17.71
18.54 18.57 18.59 18.63 18.64 18.71 18.72 18.72 18.72 18.71 18.70 18.70 18.69 18.69 18.68 18.69 18.63 18.63 18.67 18.65 18.67 18.63 18.60 18.61 18.63 18.61 18.49 18.58 18.62 18.59 18.53 18.39 18.38 18.39 18.48 18.20 17.96 17.93 17.77 17.89 17.86 17.63 17.03 16.82 17.15 17.53 18.22 18.24 17.76 17.52 17.89 17.88 17.76 17.36 17.10 16.53 16.71 17.22 17.32 17.31 17.34 17.47 17.41 17.09 17.60 18.12 17.89 17.76 17.73 18.10 17.65 17.18 17.52 17.76 17.68 17.96 18.00
18.54 18.58 18.64 18.62 18.62 18.66 18.69 18.71 18.71 18.68 18.67 18.68 18.69 18.69 18.69 18.66 18.68 18.66 18.69 18.67 18.65 18.65 18.63 18.64 18.65 18.53 18.40 18.45 18.59 18.63 18.58 18.50 18.50 18.37 18.49 18.18 17.93 17.65 17.55 17.59 18.16 18.13 17.36 16.71 16.63 17.48 18.22 18.09 17.78 17.72 18.08 18.18 17.56 17.30 17.33 17.22 16.84 17.05 17.24 17.34 17.11 17.05 16.90 17.37 17.47 18.09 17.93 18.15 18.08 17.93 17.69 17.43 17.06 17.60 17.39 17.64 17.58
18.52 18.52 18.64 18.54 18.58 18.66 18.68 18.70 18.68 18.66 18.65 18.67 18.66 18.67 18.66 18.65 18.65 18.65 18.67 18.68 18.63 18.61 18.65 18.65 18.68 18.58 18.51 18.44 18.63 18.59 18.55 18.55 18.48 18.44 18.61 18.49 18.25 17.98 17.49 17.56 17.93 18.24 18.31 17.95 17.36 16.84 18.00 18.10 17.85 17.94 18.20 18.44 18.06 17.69 17.93 17.84 17.60 17.25 17.27 17.17 17.01 17.14 17.03 17.59 17.79 18.18 17.81 17.61 17.87 17.97 17.89 17.63 17.32 17.42 17.27 17.54 17.52
18.54 18.50 18.49 18.59 18.65 18.67 18.68 18.68 18.67 18.66 18.66 18.65 18.64 18.65 18.64 18.64 18.63 18.64 18.65 18.64 18.62 18.63 18.63 18.61 18.64 18.59 18.55 18.53 18.62 18.58 18.56 18.59 18.47 18.37 18.61 18.55 18.55 18.42 18.05 17.86 17.77 18.02 18.18 18.46 18.27 17.33 17.61 17.89 17.86 17.95 18.45 18.57 18.41 18.15 18.02 17.94 17.68 17.89 17.41 17.29 17.48 17.57 17.42 17.40 17.60 17.66 17.82 17.76 17.65 17.76 17.73 17.89 17.41 17.45 17.46 17.49 17.83
18.55 18.55 18.52 18.52 18.64 18.66 18.65 18.66 18.65 18.61 18.64 18.62 18.62 18.63 18.65 18.64 18.63 18.65 18.65 18.64 18.64 18.63 18.62 18.61 18.64 18.63 18.61 18.61 18.56 18.56 18.59 18.51 18.31 18.32 18.33 18.53 18.50 18.51 18.25 17.93 17.95 18.28 18.16 18.48 18.31 17.83 17.81 17.67 17.99 18.13 18.33 18.45 18.41 18.32 18.09 18.08 17.96 18.10 17.76 17.81 17.69 17.71 17.37 17.42 17.51 17.21 17.66 18.14 17.97 17.95 18.02 18.15 17.79 17.43 17.17 17.41 17.88
18.52 18.59 18.45 18.32 18.55 18.63 18.61 18.62 18.62 18.61 18.61 18.61 18.60 18.60 18.62 18.61 18.61 18.61 18.61 18.60 18.61 18.59 18.57 18.57 18.60 18.60 18.58 18.55 18.44 18.46 18.47 18.11 18.07 18.19 18.07 18.23 17.98 18.23 18.19 18.23 17.92 18.29 18.47 18.54 18.38 17.89 17.79 17.83 18.05 18.32 17.97 18.22 18.30 18.34 18.34 18.24 18.28 18.38 18.01 17.87 18.05 17.97 17.80 17.69 17.47 17.36 17.19 17.86 17.85 17.91 17.96 17.76 17.88 17.93 17.65 17.53 17.88
18.59 18.60 18.48 18.43 18.49 18.60 18.59 18.60 18.60 18.59 18.60 18.60 18.59 18.59 18.60 18.60 18.60 18.59 18.58 18.57 18.58 18.57 18.54 18.53 18.52 18.53 18.52 18.47 18.44 18.30 18.21 17.95 17.92 18.08 17.96 17.84 17.64 17.38 17.33 17.36 17.58 18.18 18.46 18.50 18.51 18.09 17.68 17.83 18.09 18.34 18.06 18.22 18.24 18.39 18.29 18.34 18.38 18.39 18.10 18.64 18.48 18.04 18.20 17.97 17.98 17.80 17.39 17.57 17.71 17.43 17.72 17.73 17.75 18.03 17.88 17.57 17.57
18.58 18.58 18.49 18.46 18.60 18.57 18.57 18.58 18.58 18.58 18.58 18.58 18.58 18.57 18.57 18.57 18.57 18.56 18.56 18.55 18.55 18.54 18.51 18.45 18.45 18.46 18.39 18.43 18.40 18.29 18.17 18.02 18.01 17.95 17.85 17.84 17.57 17.31 17.19 16.82 16.50 17.11 18.14 18.31 18.38 18.09 17.69 17.72 17.77 18.06 18.12 18.26 18.20 18.39 18.38 18.41 18.38 18.30 18.40 18.58 18.57 18.30 18.31 18.45 18.30 18.00 17.73 17.75 17.62 17.52 17.33 17.42 17.50 17.92 17.96 18.06 18.06
18.56 18.56 18.55 18.50 18.54 18.55 18.56 18.56 18.56 18.56 18.56 18.56 18.56 18.56 18.56 18.55 18.55 18.54 18.54 18.53 18.53 18.53 18.51 18.51 18.49 18.42 18.42 18.40 18.32 18.19 18.05 18.10 18.06 18.07 17.78 17.83 17.65 17.43 17.22 16.63 16.28 16.42 16.91 18.31 18.38 18.06 18.06 17.84 17.94 17.85 17.83 18.13 18.41 18.31 18.24 17.98 18.18 18.22 18.43 18.41 18.46 18.50 18.46 18.48 18.46 18.32 18.12 18.06 18.09 17.80 17.38 17.48 17.20 17.72 17.74 17.66 18.14
18.53 18.53 18.53 18.54 18.53 18.54 18.54 18.56 18.55 18.54 18.54 18.54 18.54 18.54 18.54 18.53 18.52 18.52 18.53 18.53 18.52 18.52 18.52 18.53 18.50 18.38 18.39 18.39 18.32 18.23 18.11 18.13 18.16 17.96 18.05 18.05 17.72 17.49 17.35 17.10 16.53 16.37 16.91 16.91 18.38 17.39 17.39 18.19 18.22 17.99 17.98 17.78 18.11 18.26 18.08 17.97 17.61 17.82 18.21 18.33 18.34 18.47 18.45 18.46 18.44 18.33 18.29 18.35 18.30 18.01 17.50 17.41 17.29 17.41 17.65 17.81 18.10
18.52 18.52 18.53 18.52 18.52 18.52 18.53 18.53 18.53 18.52 18.52 18.52 18.53 18.53 18.52 18.52 18.51 18.51 18.51 18.51 18.52 18.50 18.51 18.51 18.51 18.44 18.39 18.36 18.40 18.37 18.29 18.26 18.21 18.04 17.90 17.98 17.83 17.62 17.62 17.37 17.07 16.67 16.67 17.02 16.82 16.82 16.82 17.22 17.78 17.83 17.84 17.81 17.86 18.03 17.78 17.75 17.96 18.05 18.19 18.24 18.31 18.43 18.46 18.47 18.47 18.39 18.26 18.27 18.41 18.32 17.92 17.78 17.47 17.56 17.77 17.86 17.96
18.49 18.51 18.51 18.51 18.51 18.50 18.50 18.51 18.51 18.50 18.51 18.51 18.51 18.50 18.49 18.50 18.49 18.50 18.50 18.50 18.49 18.51 18.50 18.51 18.50 18.49 18.42 18.37 18.44 18.41 18.35 18.47 18.41 18.36 18.12 17.98 17.61 17.79 17.85 17.47 17.20 17.11 17.02 17.02 17.02 16.82 16.82 16.93 17.16 16.90 17.08 17.49 17.78 17.70 17.36 17.56 17.75 17.65 17.94 18.29 18.23 18.33 18.38 18.45 18.33 18.34 18.21 18.31 18.31 18.41 18.18 18.08 17.68 17.57 17.70 17.92 17.94
18.47 18.48 18.49 18.49 18.49 18.49 18.49 18.48 18.49 18.49 18.49 18.49 18.48 18.48 18.48 18.47 18.47 18.47 18.47 18.47 18.48 18.49 18.48 18.48 18.48 18.48 18.45 18.46 18.44 18.37 18.40 18.44 18.40 18.36 18.31 17.92 17.94 17.98 17.89 17.65 17.36 17.25 17.16 17.16 17.16 16.81 16.81 16.91 17.12 16.40 16.39 16.80 17.13 17.29 16.75 17.29 17.27 17.10 17.35 17.48 17.63 17.91 18.21 18.29 18.37 18.28 18.22 18.23 18.12 18.28 18.22 18.19 18.21 17.95 17.51 17.78 17.97
18.45 18.47 18.47 18.47 18.47 18.47 18.47 18.46 18.47 18.47 18.47 18.48 18.45 18.45 18.45 18.45 18.44 18.45 18.45 18.46 18.47 18.46 18.47 18.47 18.44 18.45 18.44 18.44 18.45 18.40 18.40 18.40 18.40 18.25 18.27 18.23 18.08 17.93 17.95 17.93 17.44 17.25 17.16 17.16 17.85 16.71 16.71 17.25 17.40 16.97 16.03 15.90 16.50 16.99 17.23 17.01 16.58 16.43 16.82 16.85 17.10 17.24 17.53 18.23 18.28 18.32 18.12 18.13 18.21 18.23 18.29 18.29 18.22 17.77 17.62 17.91 17.89
18.43 18.44 18.45 18.45 18.45 18.46 18.46 18.46 18.45 18.45 18.46 18.46 18.45 18.45 18.44 18.36 18.42 18.42 18.41 18.42 18.43 18.43 18.45 18.45 18.43 18.42 18.41 18.39 18.42 18.42 18.33 18.35 18.37 18.29 18.18 18.25 17.92 18.15 18.03 18.01 17.49 17.28 17.00 17.24 17.85 17.64 17.11 17.03 17.38 17.34 16.87 16.00 15.77 16.41 16.29 16.56 16.47 15.95 16.52 16.66 16.47 16.59 16.89 17.54 18.01 18.04 18.03 18.06 18.12 18.31 18.19 18.28 18.20 17.93 17.70 17.84 18.03
18.42 18.42 18.43 18.42 18.43 18.44 18.45 18.45 18.43 18.44 18.45 18.45 18.45 18.44 18.43 18.38 18.40 18.42 18.42 18.41 18.41 18.42 18.42 18.41 18.41 18.40 18.37 18.30 18.38 18.41 18.37 18.35 18.41 18.26 18.18 18.18 18.00 18.01 18.04 18.17 17.78 17.74 17.55 17.72 18.01 17.73 17.37 16.92 17.32 17.23 17.41 16.98 16.41 16.07 16.42 16.33 16.21 16.25 16.17 16.41 16.61 16.14 16.34 16.71 17.10 17.47 17.87 17.95 18.20 18.39 18.37 18.22 18.19 18.16 17.94 17.95 18.06
18.40 18.40 18.41 18.40 18.41 18.40 18.42 18.42 18.40 18.42 18.43 18.42 18.42 18.42 18.38 18.40 18.39 18.40 18.39 18.39 18.39 18.39 18.40 18.40 18.39 18.38 18.36 18.29 18.34 18.36 18.39 18.31 18.39 18.33 18.28 18.27 18.15 17.97 17.85 17.79 18.09 18.07 17.89 17.56 17.81 17.90 17.53 17.54 17.76 17.42 17.36 17.30 16.62 16.43 16.91 16.89 16.30 15.96 16.25 15.90 16.12 16.05 15.92 16.13 16.64 16.66 17.34 17.43 17.84 18.05 18.23 17.96 18.15 18.13 18.03 17.97 18.05
18.38 18.37 18.39 18.39 18.39 18.39 18.39 18.40 18.40 18.40 18.40 18.40 18.39 18.38 18.39 18.39 18.39 18.39 18.39 18.39 18.38 18.37 18.39 18.38 18.38 18.37 18.35 18.33 18.26 18.37 18.37 18.34 18.36 18.37 18.38 18.37 18.27 18.21 17.85 17.82 17.86 18.06 18.13 17.76 17.83 17.66 17.70 17.82 17.91 17.75 17.41 17.61 17.20 16.43 16.65 16.62 16.79 16.79 16.58 16.17 16.06 15.72 16.10 16.30 16.20 16.51 16.43 16.49 16.83 17.22 17.70 17.68 18.00 18.03 17.75 17.74 17.91
18.36 18.34 18.36 18.37 18.37 18.37 18.37 18.36 18.37 18.38 18.37 18.38 18.37 18.37 18.36 18.36 18.35 18.36 18.37 18.36 18.36 18.34 18.35 18.36 18.36 18.35 18.33 18.33 18.29 18.32 18.37 18.29 18.32 18.36 18.36 18.28 18.22 18.26 18.02 17.97 18.10 17.92 17.87 18.00 17.95 17.81 17.68 17.66 18.07 18.13 17.58 17.89 17.41 16.91 16.67 16.68 16.66 17.11 16.98 16.89 16.49 16.30 16.30 15.97 15.97 16.33 16.16 15.97 16.38 16.27 16.59 16.84 17.63 17.96 17.66 17.79 18.18
18.33 18.32 18.33 18.35 18.35 18.35 18.34 18.34 18.36 18.37 18.36 18.35 18.34 18.34 18.34 18.34 18.34 18.35 18.35 18.34 18.32 18.32 18.32 18.34 18.34 18.33 18.32 18.29 18.27 18.29 18.32 18.32 18.26 18.29 18.32 18.30 18.27 18.23 18.02 18.05 18.09 18.04 17.99 17.97 18.00 17.69 17.48 17.74 17.71 18.07 17.78 17.78 17.65 17.30 17.19 16.87 16.70 16.68 16.80 17.15 17.38 16.69 16.39 16.24 16.21 16.10 16.28 15.82 15.83 15.23 14.84 15.63 16.41 17.37 17.43 17.44 17.53
18.31 18.30 18.31 18.32 18.33 18.32 18.32 18.32 18.33 18.35 18.34 18.32 18.32 18.32 18.33 18.32 18.31 18.31 18.32 18.32 18.31 18.30 18.31 18.33 18.32 18.31 18.30 18.28 18.25 18.26 18.25 18.27 18.26 18.26 18.27 18.31 18.27 18.19 18.15 18.11 18.18 18.03 17.91 17.93 18.07 17.96 17.55 17.87 17.37 17.68 17.77 17.70 17.80 17.62 17.55 17.15 17.05 16.67 16.36 16.90 17.46 17.02 16.90 16.26 16.34 16.13 16.20 16.19 15.84 15.08 14.35 14.38 14.99 16.47 16.99 16.78 16.87
18.29 18.29 18.29 18.30 18.30 18.30 18.31 18.31 18.30 18.32 18.30 18.31 18.31 18.31 18.30 18.30 18.29 18.29 18.28 18.28 18.27 18.27 18.28 18.28 18.29 18.29 18.29 18.27 18.26 18.24 18.27 18.17 18.20 18.20 18.22 18.26 18.24 18.26 18.17 18.06 18.07 17.95 18.05 18.03 18.01 17.99 17.89 17.82 17.70 17.56 17.55 17.66 17.97 17.75 17.69 17.32 17.47 17.04 16.48 16.64 16.90 16.74 17.01 16.69 16.44 16.48 16.59 16.08 15.59 15.64 14.99 14.11 14.47 15.50 16.56 16.53 15.92
18.23 18.23 18.27 18.28 18.28 18.28 18.30 18.30 18.28 18.28 18.28 18.29 18.29 18.28 18.28 18.27 18.25 18.27 18.25 18.26 18.27 18.27 18.27 18.27 18.27 18.26 18.27 18.26 18.27 18.24 18.22 18.14 18.15 18.20 18.22 18.21 18.24 18.15 18.15 18.04 18.08 18.06 17.89 18.08 17.93 17.86 17.90 18.06 17.95 17.91 17.63 17.47 17.60 17.60 17.65 17.62 17.55 17.17 16.65 16.59 16.62 16.70 16.58 16.66 16.80 16.54 16.74 16.51 15.92 15.89 15.49 15.23 14.97 15.14 15.82 16.22 15.62
18.26 18.25 18.22 18.24 18.27 18.26 18.27 18.27 18.24 18.25 18.26 18.28 18.27 18.27 18.27 18.26 18.26 18.23 18.25 18.25 18.25 18.26 18.25 18.25 18.25 18.26 18.25 18.25 18.25 18.22 18.10 18.14 18.14 18.15 18.16 18.15 18.18 18.11 18.08 18.07 18.10 18.08 18.00 18.00 17.84 17.82 17.85 17.95 17.93 18.03 17.85 17.69 17.44 17.53 17.51 17.75 17.54 17.01 16.94 16.95 16.96 16.94 16.69 16.78 16.65 16.62 16.76 16.64 16.67 16.62 15.75 15.64 15.75 15.82 15.72 15.86 15.56
18.24 18.23 18.23 18.24 18.19 18.21 18.23 18.24 18.21 18.23 18.25 18.24 18.24 18.25 18.26 18.24 18.24 18.22 18.23 18.24 18.21 18.26 18.24 18.23 18.24 18.25 18.25 18.24 18.24 18.18 18.19 18.17 18.08 18.12 18.11 18.09 18.12 18.05 18.04 18.07 18.07 18.12 18.07 18.16 17.89 17.83 17.81 17.84 17.98 17.91 18.00 17.66 17.48 17.42 17.46 17.55 17.51 17.08 17.49 17.04 17.20 17.40 17.47 16.77 16.98 16.61 16.69 16.49 16.59 16.81 16.27 16.10 16.02 15.78 16.06 16.10 16.09
