main/data/irradiance/09.09.2023.grid
ncols 839
nrows 679
xllcenter 112.0500
yllcenter -43.9500
cellsize 0.0500
nodata_value 99999.90
[rows 612 to 645 of 679, columns 616 to 692 of 839]
99999.90 99999.90 99999.90 99999.90 99999.90 99999.90 99999.90 99999.90 99999.90 99999.90 99999.90 99999.90 99999.90 99999.90 99999.90 99999.90 99999.90 99999.90 99999.90 99999.90 99999.90 99999.90 99999.90 99999.90 99999.90 99999.90 13.43 13.19 13.19 13.19 13.19 13.19 13.19 13.19 13.19 13.19 13.19 13.19 13.19 11.89 13.39 13.39 13.39 13.39 13.39 13.77 12.64 14.68 15.13 15.23 15.23 15.23 15.23 15.98 15.98 15.98 15.98 14.33 14.33 14.33 14.42 14.42 15.45 15.45 16.02 16.02 16.02 16.02 16.02 16.01 16.01 15.96 15.96 15.84 15.84 15.84 15.84
99999.90 99999.90 99999.90 99999.90 99999.90 99999.90 99999.90 99999.90 99999.90 99999.90 99999.90 99999.90 99999.90 99999.90 99999.90 99999.90 99999.90 99999.90 99999.90 99999.90 99999.90 99999.90 99999.90 99999.90 99999.90 99999.90 13.43 13.19 13.19 13.19 13.19 13.19 13.19 13.19 13.19 13.19 13.19 13.19 13.19 11.89 13.39 13.39 13.39 13.39 13.77 13.77 12.64 14.68 15.13 15.23 15.23 15.23 16.01 15.98 15.98 15.98 15.98 14.33 14.33 14.42 14.42 14.42 15.45 16.02 16.02 16.02 16.02 16.02 16.02 16.01 15.85 15.62 15.96 15.84 15.84 15.84 15.84
99999.90 99999.90 99999.90 99999.90 99999.90 99999.90 99999.90 99999.90 99999.90 99999.90 99999.90 99999.90 99999.90 99999.90 99999.90 99999.90 99999.90 99999.90 99999.90 99999.90 99999.90 99999.90 99999.90 99999.90 99999.90 99999.90 13.43 13.43 13.43 13.19 13.19 13.19 13.19 13.19 13.19 13.19 13.19 13.19 12.81 11.89 11.89 13.39 14.76 13.77 13.77 12.55 12.64 14.68 15.13 15.23 15.23 15.23 16.01 15.98 15.98 15.98 14.33 14.33 14.33 14.42 14.42 15.45 15.45 16.02 16.02 16.02 16.02 16.02 16.01 16.01 15.85 15.62 15.96 15.96 15.84 15.84 15.84
99999.90 99999.90 99999.90 99999.90 99999.90 99999.90 99999.90 99999.90 99999.90 99999.90 99999.90 99999.90 99999.90 99999.90 99999.90 99999.90 99999.90 99999.90 99999.90 99999.90 99999.90 99999.90 99999.90 99999.90 99999.90 99999.90 13.43 13.43 13.43 13.43 13.43 13.43 13.43 13.43 13.19 13.19 14.41 14.41 14.41 14.22 13.57 14.32 14.76 13.77 13.77 12.55 12.64 14.68 15.13 15.23 15.23 15.68 16.01 15.98 15.98 15.98 14.33 14.33 14.42 14.42 14.42 15.45 15.45 16.02 16.02 16.02 16.02 16.02 16.01 15.98 15.85 15.62 15.82 15.96 15.84 15.84 15.84
99999.90 99999.90 99999.90 99999.90 99999.90 99999.90 99999.90 99999.90 99999.90 99999.90 99999.90 99999.90 99999.90 99999.90 99999.90 99999.90 99999.90 99999.90 99999.90 99999.90 99999.90 99999.90 99999.90 99999.90 99999.90 99999.90 13.43 13.43 13.43 13.43 13.43 13.43 13.43 13.43 13.43 13.43 14.98 14.98 14.98 14.80 14.46 14.58 14.02 11.89 11.21 12.55 12.64 14.68 15.13 15.23 15.23 15.68 16.01 15.98 15.98 14.33 14.33 14.33 14.42 14.42 15.45 15.45 15.45 16.02 16.02 16.02 16.02 16.01 16.01 15.98 15.85 15.62 15.82 15.96 15.96 15.84 15.84
99999.90 99999.90 99999.90 99999.90 99999.90 99999.90 99999.90 99999.90 99999.90 99999.90 99999.90 99999.90 99999.90 99999.90 99999.90 99999.90 99999.90 99999.90 99999.90 99999.90 99999.90 99999.90 99999.90 99999.90 99999.90 99999.90 13.43 13.43 13.43 13.43 13.43 13.43 13.43 13.43 13.43 13.43 13.43 14.79 14.79 13.79 14.24 14.35 14.40 13.95 12.59 11.58 13.29 14.05 13.29 12.97 14.72 15.68 16.01 15.98 15.98 14.33 14.33 14.42 14.42 14.42 15.45 15.45 15.92 16.02 16.02 16.02 16.02 16.01 16.01 15.98 15.85 15.62 15.82 15.96 15.96 15.84 15.84
99999.90 99999.90 99999.90 99999.90 99999.90 99999.90 99999.90 99999.90 99999.90 99999.90 99999.90 99999.90 99999.90 99999.90 99999.90 99999.90 99999.90 99999.90 99999.90 99999.90 99999.90 99999.90 99999.90 99999.90 99999.90 99999.90 13.43 13.43 13.43 13.43 13.43 13.43 13.43 13.43 13.43 13.43 13.43 13.74 14.15 13.34 14.48 14.69 13.63 15.48 13.72 12.67 14.12 14.35 13.91 13.50 14.41 15.28 15.53 14.64 13.91 14.33 14.33 14.42 14.42 15.45 15.45 15.45 15.92 16.02 16.02 16.02 16.01 16.01 16.01 15.98 15.85 15.62 15.82 15.96 15.96 15.96 15.84
99999.90 99999.90 99999.90 99999.90 99999.90 99999.90 99999.90 99999.90 99999.90 99999.90 99999.90 99999.90 99999.90 99999.90 99999.90 99999.90 99999.90 99999.90 99999.90 99999.90 99999.90 99999.90 99999.90 99999.90 99999.90 99999.90 12.31 12.31 12.31 12.31 12.31 12.31 12.31 12.31 12.31 12.31 12.31 12.82 13.79 13.92 14.63 14.28 13.64 13.44 12.37 13.42 14.37 13.19 12.98 13.91 14.10 14.03 14.62 16.18 16.13 15.67 15.31 14.42 14.42 15.45 15.45 15.49 15.92 16.02 16.02 16.02 16.01 16.01 15.97 15.98 15.85 15.62 15.82 15.93 15.96 15.96 15.84
99999.90 99999.90 99999.90 99999.90 99999.90 99999.90 99999.90 99999.90 99999.90 99999.90 99999.90 99999.90 99999.90 99999.90 99999.90 99999.90 99999.90 99999.90 99999.90 99999.90 99999.90 99999.90 99999.90 99999.90 99999.90 99999.90 12.31 12.31 12.31 12.31 12.31 12.31 12.31 12.31 12.31 12.31 12.31 14.57 13.02 12.59 13.63 13.58 13.59 12.16 12.58 13.45 13.06 12.60 13.83 14.05 13.51 14.79 14.33 15.85 15.80 15.36 15.61 15.72 14.76 15.45 15.45 15.49 15.92 16.02 16.02 16.01 16.01 16.01 15.97 15.98 15.85 15.62 15.82 15.93 15.96 15.96 15.96
99999.90 99999.90 99999.90 99999.90 99999.90 99999.90 99999.90 99999.90 99999.90 99999.90 99999.90 99999.90 99999.90 99999.90 99999.90 99999.90 99999.90 99999.90 99999.90 99999.90 99999.90 99999.90 99999.90 99999.90 99999.90 99999.90 12.31 12.31 12.31 12.31 12.31 12.31 12.31 12.31 12.31 14.73 14.73 14.73 13.97 12.87 14.39 13.00 11.95 12.88 13.13 13.31 13.62 12.93 13.15 13.25 13.22 14.28 15.13 14.82 14.10 14.15 13.99 14.26 15.41 15.40 15.33 15.49 15.92 16.02 16.02 16.01 16.01 15.77 15.97 15.98 15.85 15.62 15.82 15.93 15.79 15.96 15.96
99999.90 99999.90 99999.90 99999.90 99999.90 99999.90 99999.90 99999.90 99999.90 99999.90 99999.90 99999.90 99999.90 99999.90 99999.90 99999.90 99999.90 99999.90 99999.90 99999.90 99999.90 99999.90 99999.90 99999.90 99999.90 99999.90 12.31 12.31 12.31 12.31 12.31 12.31 12.31 14.18 14.18 14.18 14.18 14.18 12.87 12.57 11.46 11.89 13.21 13.30 13.81 13.91 13.19 12.17 12.22 12.93 13.52 14.14 13.87 15.12 15.00 13.90 12.41 12.81 14.14 15.29 14.99 15.80 15.78 15.99 16.01 16.01 16.01 15.77 15.97 15.98 15.85 15.62 15.82 15.93 15.79 15.96 15.96
99999.90 99999.90 99999.90 99999.90 99999.90 99999.90 99999.90 99999.90 99999.90 99999.90 99999.90 99999.90 99999.90 99999.90 99999.90 99999.90 99999.90 99999.90 99999.90 99999.90 99999.90 99999.90 99999.90 99999.90 99999.90 99999.90 12.31 12.31 12.31 13.04 13.04 13.04 13.04 13.04 13.04 13.04 13.04 13.04 12.34 12.23 13.41 13.90 13.97 12.61 12.58 14.07 14.21 14.11 12.97 12.91 13.68 13.93 13.92 14.61 14.24 13.11 12.79 13.35 14.37 15.31 15.64 15.65 15.41 15.83 16.00 16.01 15.69 15.77 15.97 15.98 15.85 15.62 15.82 15.93 15.79 15.75 15.97
99999.90 99999.90 99999.90 99999.90 99999.90 99999.90 99999.90 99999.90 99999.90 99999.90 99999.90 99999.90 99999.90 99999.90 99999.90 99999.90 99999.90 99999.90 99999.90 99999.90 99999.90 99999.90 99999.90 99999.90 99999.90 99999.90 12.31 13.04 13.04 13.04 13.04 13.04 13.04 13.04 13.04 13.04 13.04 13.04 12.72 11.80 12.57 13.28 12.46 13.99 14.61 14.31 13.22 13.44 14.41 14.74 15.96 16.03 15.42 14.65 13.95 12.32 12.81 12.61 12.93 14.91 15.69 15.29 15.85 15.75 15.98 15.97 15.99 15.99 15.98 15.95 15.93 15.88 15.92 15.99 15.93 15.92 15.93
99999.90 99999.90 99999.90 99999.90 99999.90 99999.90 99999.90 99999.90 99999.90 99999.90 99999.90 99999.90 99999.90 99999.90 99999.90 99999.90 99999.90 99999.90 99999.90 99999.90 99999.90 99999.90 99999.90 99999.90 99999.90 99999.90 12.31 13.04 13.04 13.04 13.04 13.04 13.04 13.04 13.04 13.04 13.41 13.41 13.41 12.06 12.94 12.77 12.94 14.68 14.01 13.16 12.39 13.71 15.29 15.23 15.94 15.32 15.34 14.88 12.78 12.96 13.72 13.20 13.54 14.88 15.83 15.29 15.14 15.86 15.95 15.92 15.81 15.62 15.89 15.91 15.94 15.94 15.93 15.98 15.97 15.95 15.92
99999.90 99999.90 99999.90 99999.90 99999.90 99999.90 99999.90 99999.90 99999.90 99999.90 99999.90 99999.90 99999.90 99999.90 99999.90 99999.90 99999.90 99999.90 99999.90 99999.90 99999.90 99999.90 99999.90 99999.90 99999.90 99999.90 12.31 13.04 13.04 13.04 13.04 13.04 13.04 13.04 13.41 13.41 13.41 13.41 13.41 12.72 12.31 12.22 13.64 13.77 14.27 12.22 11.10 11.75 14.43 16.01 15.51 15.13 14.56 14.27 11.97 11.04 11.57 9.84 10.26 13.33 14.68 14.76 14.97 15.90 15.87 15.69 15.20 15.66 15.81 15.88 15.94 15.90 15.66 15.53 15.78 15.90 15.92
99999.90 99999.90 99999.90 99999.90 99999.90 99999.90 99999.90 99999.90 99999.90 99999.90 99999.90 99999.90 99999.90 99999.90 99999.90 99999.90 99999.90 99999.90 99999.90 99999.90 99999.90 99999.90 99999.90 99999.90 99999.90 99999.90 12.31 13.04 13.04 13.04 13.04 13.04 13.41 13.41 13.41 13.41 13.41 11.74 11.74 11.74 13.43 12.89 13.41 14.80 13.75 13.36 12.99 14.22 15.69 14.26 14.18 13.18 11.50 12.01 10.55 10.54 9.79 8.55 11.54 13.94 14.49 13.32 12.98 13.54 14.78 14.97 14.62 14.88 15.34 15.22 15.70 15.74 15.38 15.64 15.83 15.89 15.90
99999.90 99999.90 99999.90 99999.90 99999.90 99999.90 99999.90 99999.90 99999.90 99999.90 99999.90 99999.90 99999.90 99999.90 99999.90 99999.90 99999.90 99999.90 99999.90 99999.90 99999.90 99999.90 99999.90 99999.90 99999.90 99999.90 12.31 13.04 13.04 13.04 13.41 13.41 13.41 13.41 13.41 11.74 11.74 11.74 11.74 11.74 14.02 14.00 12.83 12.33 12.92 13.16 13.12 14.05 13.63 13.44 12.18 13.92 14.49 14.93 14.64 13.64 11.58 11.38 13.69 13.55 12.42 12.33 13.12 14.43 14.12 13.49 13.77 14.41 15.04 15.14 15.47 15.35 15.35 15.88 15.89 15.88 15.82
99999.90 99999.90 99999.90 99999.90 99999.90 99999.90 99999.90 99999.90 99999.90 99999.90 99999.90 99999.90 99999.90 99999.90 99999.90 99999.90 99999.90 99999.90 99999.90 99999.90 99999.90 99999.90 99999.90 99999.90 99999.90 99999.90 12.31 13.04 13.41 13.41 13.41 13.41 13.41 11.74 11.74 11.74 11.74 11.74 14.47 14.47 14.47 14.38 12.31 11.06 10.71 11.62 13.05 11.46 12.40 13.07 13.24 13.79 15.00 14.90 13.84 13.88 13.69 12.75 12.90 13.16 13.78 10.74 10.98 12.61 13.23 13.22 13.68 14.62 14.40 14.75 15.65 15.55 15.40 15.60 15.72 15.84 15.85
99999.90 99999.90 99999.90 99999.90 99999.90 99999.90 99999.90 99999.90 99999.90 99999.90 99999.90 99999.90 99999.90 99999.90 99999.90 99999.90 99999.90 99999.90 99999.90 99999.90 99999.90 99999.90 99999.90 99999.90 99999.90 99999.90 99999.90 13.04 13.41 13.41 13.41 11.74 11.74 11.74 11.74 11.74 14.47 14.47 14.47 14.47 14.47 13.98 12.23 13.51 13.13 12.08 12.98 11.98 11.89 12.04 13.26 12.50 12.24 13.52 13.95 13.82 14.17 13.64 12.66 13.93 12.72 10.84 11.75 12.69 13.28 14.35 14.25 14.22 14.54 15.10 15.09 14.63 15.66 15.82 15.56 15.78 15.81
99999.90 99999.90 99999.90 99999.90 99999.90 99999.90 99999.90 99999.90 99999.90 99999.90 99999.90 99999.90 99999.90 99999.90 99999.90 99999.90 99999.90 99999.90 99999.90 99999.90 99999.90 99999.90 99999.90 99999.90 99999.90 99999.90 99999.90 13.04 13.41 11.74 11.74 11.74 11.74 11.74 14.47 14.47 14.47 14.47 14.47 13.02 13.02 13.02 10.88 11.19 11.90 12.40 12.60 13.15 13.09 12.84 13.02 13.80 11.87 12.52 14.36 14.30 14.95 14.45 11.65 11.89 11.04 10.97 12.30 12.62 14.16 13.88 12.86 13.56 13.90 13.47 14.79 13.69 13.60 15.59 15.80 15.80 15.77
99999.90 99999.90 99999.90 99999.90 99999.90 99999.90 99999.90 99999.90 99999.90 99999.90 99999.90 99999.90 99999.90 99999.90 99999.90 99999.90 99999.90 99999.90 99999.90 99999.90 99999.90 99999.90 99999.90 99999.90 99999.90 99999.90 99999.90 13.04 13.41 11.74 11.74 11.74 14.47 14.47 14.47 14.47 14.47 13.02 13.02 13.02 13.02 13.02 11.96 11.80 11.13 10.35 13.27 13.16 13.28 13.03 12.78 12.93 12.61 13.80 14.30 14.56 14.71 14.44 12.41 12.40 10.29 8.83 10.07 11.04 12.89 13.06 13.06 13.75 14.49 10.13 12.90 15.00 14.93 15.05 15.13 15.50 15.48
99999.90 99999.90 99999.90 99999.90 99999.90 99999.90 99999.90 99999.90 99999.90 99999.90 99999.90 99999.90 99999.90 99999.90 99999.90 99999.90 99999.90 99999.90 99999.90 99999.90 99999.90 99999.90 99999.90 99999.90 99999.90 99999.90 99999.90 13.04 13.41 11.74 14.47 14.47 14.47 14.47 14.47 13.02 13.02 13.02 13.02 13.02 11.56 11.56 11.56 9.92 10.36 10.25 11.17 12.50 13.45 12.96 12.42 13.23 13.40 12.12 13.21 14.07 13.41 12.91 12.30 12.24 10.71 8.63 7.91 9.22 10.89 11.88 14.27 14.89 15.06 13.40 12.38 14.05 15.08 15.63 15.44 14.57 15.48
99999.90 99999.90 99999.90 99999.90 99999.90 99999.90 99999.90 99999.90 99999.90 99999.90 99999.90 99999.90 99999.90 99999.90 99999.90 99999.90 99999.90 99999.90 99999.90 99999.90 99999.90 99999.90 99999.90 99999.90 99999.90 99999.90 99999.90 99999.90 13.41 11.74 14.47 14.47 14.47 13.02 13.02 13.02 13.02 13.02 11.56 11.56 11.56 11.56 11.56 12.34 10.69 10.73 11.23 12.14 12.98 13.14 13.75 13.98 11.80 10.90 12.16 13.16 13.30 12.30 11.21 10.52 8.43 9.23 8.70 9.48 10.51 10.82 14.39 14.69 13.44 13.81 13.05 14.10 14.06 14.35 15.26 15.29 14.63
99999.90 99999.90 99999.90 99999.90 99999.90 99999.90 99999.90 99999.90 99999.90 99999.90 99999.90 99999.90 99999.90 99999.90 99999.90 99999.90 99999.90 99999.90 99999.90 99999.90 99999.90 99999.90 99999.90 99999.90 99999.90 99999.90 99999.90 99999.90 13.41 11.74 14.47 13.02 13.02 13.02 13.02 13.02 11.56 11.56 11.56 11.56 11.56 11.56 12.34 12.34 11.79 11.31 11.93 11.44 12.08 11.66 12.50 12.29 11.54 11.37 11.02 12.91 14.71 12.73 10.79 10.44 9.66 8.00 7.33 9.74 10.21 10.06 13.27 14.35 12.80 11.88 12.78 14.08 14.13 13.86 14.59 14.66 15.01
99999.90 99999.90 99999.90 99999.90 99999.90 99999.90 99999.90 99999.90 99999.90 99999.90 99999.90 99999.90 99999.90 99999.90 99999.90 99999.90 99999.90 99999.90 99999.90 99999.90 99999.90 99999.90 99999.90 99999.90 99999.90 99999.90 99999.90 99999.90 99999.90 11.74 14.47 13.02 13.02 13.02 11.56 11.56 11.56 11.56 11.56 11.56 11.56 12.34 12.34 11.79 11.79 12.39 13.48 12.88 13.38 12.98 12.56 11.76 9.92 10.45 11.29 11.97 13.14 13.66 10.55 9.53 10.07 9.57 8.36 10.96 12.17 12.90 11.26 12.51 13.22 12.23 13.12 14.20 14.06 14.73 14.01 14.33 14.94
99999.90 99999.90 99999.90 99999.90 99999.90 99999.90 99999.90 99999.90 99999.90 99999.90 99999.90 99999.90 99999.90 99999.90 99999.90 99999.90 99999.90 99999.90 99999.90 99999.90 99999.90 99999.90 99999.90 99999.90 99999.90 99999.90 99999.90 99999.90 99999.90 11.74 14.47 13.02 11.56 11.56 11.56 11.56 11.56 11.56 11.56 11.56 12.34 12.34 11.79 11.79 12.39 12.39 12.21 11.01 12.17 13.11 13.64 10.76 8.29 10.99 11.60 11.25 11.17 11.95 11.48 10.73 10.34 10.37 9.59 10.24 9.10 13.78 11.70 12.95 12.75 12.96 13.75 12.85 13.80 13.78 12.62 13.63 14.45
99999.90 99999.90 99999.90 99999.90 99999.90 99999.90 99999.90 99999.90 99999.90 99999.90 99999.90 99999.90 99999.90 99999.90 99999.90 99999.90 99999.90 99999.90 99999.90 99999.90 99999.90 99999.90 99999.90 99999.90 99999.90 99999.90 99999.90 99999.90 99999.90 99999.90 14.47 13.02 11.56 11.56 11.56 11.56 11.56 11.56 11.56 12.34 12.34 11.79 11.79 12.39 12.39 12.21 12.21 10.86 12.23 12.46 11.64 10.26 9.97 9.75 9.68 9.46 11.25 10.54 10.92 11.00 9.50 10.70 10.42 9.93 9.09 10.58 10.73 10.92 10.58 12.31 13.24 12.61 11.76 10.64 11.83 12.71 12.96
99999.90 99999.90 99999.90 99999.90 99999.90 99999.90 99999.90 99999.90 99999.90 99999.90 99999.90 99999.90 99999.90 99999.90 99999.90 99999.90 99999.90 99999.90 99999.90 99999.90 99999.90 99999.90 99999.90 99999.90 99999.90 99999.90 99999.90 99999.90 99999.90 99999.90 14.47 13.02 11.56 11.56 11.56 11.56 11.56 11.56 12.34 12.34 11.79 11.79 12.39 12.39 12.21 12.21 10.86 10.86 12.09 11.66 11.47 11.90 11.21 8.83 8.87 11.31 11.41 11.58 10.45 8.45 8.65 10.54 10.72 9.64 8.19 10.58 8.04 8.46 8.87 9.92 10.58 11.20 12.19 10.69 11.80 11.14 11.10
99999.90 99999.90 99999.90 99999.90 99999.90 99999.90 99999.90 99999.90 99999.90 99999.90 99999.90 99999.90 99999.90 99999.90 99999.90 99999.90 99999.90 99999.90 99999.90 99999.90 99999.90 99999.90 99999.90 99999.90 99999.90 99999.90 99999.90 99999.90 99999.90 99999.90 99999.90 13.02 11.56 11.56 11.56 11.56 11.56 12.34 12.34 11.79 11.79 12.39 12.39 12.21 12.21 10.86 10.86 12.09 12.09 12.11 11.99 11.42 10.38 10.34 12.65 12.86 13.15 12.37 11.20 8.99 9.27 10.78 11.73 9.01 8.05 7.77 8.04 8.46 8.83 9.36 10.32 11.28 11.19 10.39 10.00 9.71 11.06
99999.90 99999.90 99999.90 99999.90 99999.90 99999.90 99999.90 99999.90 99999.90 99999.90 99999.90 99999.90 99999.90 99999.90 99999.90 99999.90 99999.90 99999.90 99999.90 99999.90 99999.90 99999.90 99999.90 99999.90 99999.90 99999.90 99999.90 99999.90 99999.90 99999.90 99999.90 13.02 11.56 11.56 11.56 11.56 12.34 12.34 11.79 11.79 12.39 12.39 12.21 12.21 10.86 10.86 12.09 12.52 12.52 12.52 12.21 10.49 11.70 12.04 11.65 11.64 13.02 11.22 12.91 12.66 10.64 10.10 9.49 8.89 8.33 8.68 9.92 9.92 9.94 9.18 10.77 10.97 11.78 11.64 9.77 8.87 10.77
99999.90 99999.90 99999.90 99999.90 99999.90 99999.90 99999.90 99999.90 99999.90 99999.90 99999.90 99999.90 99999.90 99999.90 99999.90 99999.90 99999.90 99999.90 99999.90 99999.90 99999.90 99999.90 99999.90 99999.90 99999.90 99999.90 99999.90 99999.90 99999.90 99999.90 99999.90 99999.90 11.56 11.56 11.56 12.34 12.34 11.79 11.79 12.39 12.39 12.21 12.81 12.81 12.81 12.81 12.81 12.81 12.81 12.52 11.88 11.86 13.81 12.23 10.46 10.32 12.45 11.64 11.48 10.55 12.05 11.71 12.05 9.67 8.00 9.56 11.46 12.93 12.24 11.18 11.70 11.20 11.47 12.11 10.28 10.35 11.46
99999.90 99999.90 99999.90 99999.90 99999.90 99999.90 99999.90 99999.90 99999.90 99999.90 99999.90 99999.90 99999.90 99999.90 99999.90 99999.90 99999.90 99999.90 99999.90 99999.90 99999.90 99999.90 99999.90 99999.90 99999.90 99999.90 99999.90 99999.90 99999.90 99999.90 99999.90 99999.90 11.56 11.56 12.34 12.34 11.79 11.79 12.39 12.81 12.81 12.81 12.81 12.81 12.81 12.81 12.81 12.81 12.81 12.81 11.88 11.22 12.51 13.20 11.84 11.56 11.91 11.71 11.58 10.50 10.36 11.57 12.42 10.99 9.84 9.77 10.02 10.74 12.24 10.76 11.58 11.87 10.77 10.11 10.23 10.03 12.27
99999.90 99999.90 99999.90 99999.90 99999.90 99999.90 99999.90 99999.90 99999.90 99999.90 99999.90 99999.90 99999.90 99999.90 99999.90 99999.90 99999.90 99999.90 99999.90 99999.90 99999.90 99999.90 99999.90 99999.90 99999.90 99999.90 99999.90 99999.90 99999.90 99999.90 99999.90 99999.90 99999.90 12.34 12.34 11.79 11.79 12.39 12.81 12.81 12.81 12.81 12.81 12.81 12.81 12.81 12.81 12.81 12.81 12.81 10.42 10.42 12.19 12.29 11.85 11.51 11.25 12.37 10.15 9.21 9.81 11.21 11.64 10.20 9.52 9.31 8.65 10.74 10.06 10.06 8.63 11.46 11.18 9.49 9.75 11.00 11.70
99999.90 99999.90 99999.90 99999.90 99999.90 99999.90 99999.90 99999.90 99999.90 99999.90 99999.90 99999.90 99999.90 99999.90 99999.90 99999.90 99999.90 99999.90 99999.90 99999.90 99999.90 99999.90 99999.90 99999.90 99999.90 99999.90 99999.90 99999.90 99999.90 99999.90 99999.90 99999.90 99999.90 99999.90 11.79 11.79 12.39 12.39 12.89 12.89 12.89 12.89 12.89 12.89 12.89 12.89 12.89 12.89 12.89 12.89 10.42 10.42 11.15 10.86 8.68 10.79 10.88 9.63 10.21 8.51 7.61 10.11 11.64 10.90 10.39 7.89 8.00 9.82 10.33 11.92 11.34 11.46 11.45 10.64 10.42 10.51 11.14
