main/data/irradiance/09.03.2023.grid
ncols 839
nrows 679
xllcenter 112.0500
yllcenter -43.9500
cellsize 0.0500
nodata_value 99999.90
[rows 210 to 244 of 679, columns 0 to 77 of 839]
99999.90 99999.90 99999.90 99999.90 99999.90 99999.90 99999.90 99999.90 99999.90 99999.90 99999.90 99999.90 99999.90 99999.90 99999.90 99999.90 99999.90 99999.90 99999.90 99999.90 99999.90 99999.90 99999.90 99999.90 99999.90 99999.90 99999.90 99999.90 99999.90 99999.90 99999.90 99999.90 99999.90 99999.90 99999.90 99999.90 99999.90 99999.90 99999.90 99999.90 99999.90 99999.90 99999.90 99999.90 99999.90 99999.90 99999.90 99999.90 99999.90 99999.90 99999.90 99999.90 99999.90 99999.90 99999.90 99999.90 26.33 26.33 26.33 26.33 26.33 26.33 26.30 26.30 26.30 26.30 26.30 26.30 26.30 26.30 26.30 26.30 26.30 26.30 26.30 26.30 26.30 26.40
99999.90 99999.90 99999.90 99999.90 99999.90 99999.90 99999.90 99999.90 99999.90 99999.90 99999.90 99999.90 99999.90 99999.90 99999.90 99999.90 99999.90 99999.90 99999.90 99999.90 99999.90 99999.90 99999.90 99999.90 99999.90 99999.90 99999.90 99999.90 99999.90 99999.90 99999.90 99999.90 99999.90 99999.90 99999.90 99999.90 99999.90 99999.90 99999.90 99999.90 99999.90 99999.90 99999.90 99999.90 99999.90 99999.90 99999.90 99999.90 99999.90 99999.90 99999.90 99999.90 99999.90 99999.90 99999.90 99999.90 26.33 26.33 26.33 26.33 26.33 26.33 26.33 26.30 26.30 26.30 26.30 26.30 26.30 26.30 26.30 26.30 26.30 26.30 26.30 26.30 26.40 26.40
99999.90 99999.90 99999.90 99999.90 99999.90 99999.90 99999.90 99999.90 99999.90 99999.90 99999.90 99999.90 99999.90 99999.90 99999.90 99999.90 99999.90 99999.90 99999.90 99999.90 99999.90 99999.90 99999.90 99999.90 99999.90 99999.90 99999.90 99999.90 99999.90 99999.90 99999.90 99999.90 99999.90 99999.90 99999.90 99999.90 99999.90 99999.90 99999.90 99999.90 99999.90 99999.90 99999.90 99999.90 99999.90 99999.90 99999.90 99999.90 99999.90 99999.90 99999.90 99999.90 99999.90 99999.90 99999.90 99999.90 26.33 26.33 26.33 26.33 26.33 26.33 26.33 26.33 26.30 26.30 26.30 26.30 26.30 26.30 26.30 26.30 26.30 26.30 26.30 26.30 26.40 26.40
99999.90 99999.90 99999.90 99999.90 99999.90 99999.90 99999.90 99999.90 99999.90 99999.90 99999.90 99999.90 99999.90 99999.90 99999.90 99999.90 99999.90 99999.90 99999.90 99999.90 99999.90 99999.90 99999.90 99999.90 99999.90 99999.90 99999.90 99999.90 99999.90 99999.90 99999.90 99999.90 99999.90 99999.90 99999.90 99999.90 99999.90 99999.90 99999.90 99999.90 99999.90 99999.90 99999.90 99999.90 99999.90 99999.90 99999.90 99999.90 99999.90 99999.90 99999.90 99999.90 99999.90 99999.90 99999.90 99999.90 26.33 26.33 26.33 26.33 26.33 26.33 26.33 26.33 26.33 26.30 26.30 26.30 26.30 26.30 26.30 26.30 26.30 26.30 26.30 26.30 26.40 26.40
99999.90 99999.90 99999.90 99999.90 99999.90 99999.90 99999.90 99999.90 99999.90 99999.90 99999.90 99999.90 99999.90 99999.90 99999.90 99999.90 99999.90 99999.90 99999.90 99999.90 99999.90 99999.90 99999.90 99999.90 99999.90 99999.90 99999.90 99999.90 99999.90 99999.90 99999.90 99999.90 99999.90 99999.90 99999.90 99999.90 99999.90 99999.90 99999.90 99999.90 99999.90 99999.90 99999.90 99999.90 99999.90 99999.90 99999.90 99999.90 99999.90 99999.90 99999.90 99999.90 99999.90 99999.90 99999.90 99999.90 26.33 26.33 26.33 26.33 26.33 26.33 26.33 26.33 26.33 26.33 26.30 26.30 26.30 26.30 26.30 26.30 26.30 26.30 26.30 26.43 26.42 26.40
99999.90 99999.90 99999.90 99999.90 99999.90 99999.90 99999.90 99999.90 99999.90 99999.90 99999.90 99999.90 99999.90 99999.90 99999.90 99999.90 99999.90 99999.90 99999.90 99999.90 99999.90 99999.90 99999.90 99999.90 99999.90 99999.90 99999.90 99999.90 99999.90 99999.90 99999.90 99999.90 99999.90 99999.90 99999.90 99999.90 99999.90 99999.90 99999.90 99999.90 99999.90 99999.90 99999.90 99999.90 99999.90 99999.90 99999.90 99999.90 99999.90 99999.90 99999.90 99999.90 99999.90 99999.90 99999.90 99999.90 26.33 26.33 26.33 26.33 26.33 26.33 26.33 26.33 26.33 26.33 26.33 26.15 26.15 26.15 26.15 26.15 26.15 26.15 26.15 26.43 26.43 26.42
99999.90 99999.90 99999.90 99999.90 99999.90 99999.90 99999.90 99999.90 99999.90 99999.90 99999.90 99999.90 99999.90 99999.90 99999.90 99999.90 99999.90 99999.90 99999.90 99999.90 99999.90 99999.90 99999.90 99999.90 99999.90 99999.90 99999.90 99999.90 99999.90 99999.90 99999.90 99999.90 99999.90 99999.90 99999.90 99999.90 99999.90 99999.90 99999.90 99999.90 99999.90 99999.90 99999.90 99999.90 99999.90 99999.90 99999.90 99999.90 99999.90 99999.90 99999.90 99999.90 99999.90 99999.90 99999.90 99999.90 26.20 26.20 26.20 26.20 26.20 26.20 26.20 26.20 26.20 26.20 26.20 26.15 26.15 26.15 26.15 26.15 26.15 26.15 26.43 26.43 26.43 26.42
99999.90 99999.90 99999.90 99999.90 99999.90 99999.90 99999.90 99999.90 99999.90 99999.90 99999.90 99999.90 99999.90 99999.90 99999.90 99999.90 99999.90 99999.90 99999.90 99999.90 99999.90 99999.90 99999.90 99999.90 99999.90 99999.90 99999.90 99999.90 99999.90 99999.90 99999.90 99999.90 99999.90 99999.90 99999.90 99999.90 99999.90 99999.90 99999.90 99999.90 99999.90 99999.90 99999.90 99999.90 99999.90 99999.90 99999.90 99999.90 99999.90 99999.90 99999.90 99999.90 99999.90 99999.90 99999.90 99999.90 26.20 26.20 26.20 26.20 26.20 26.20 26.20 26.20 26.20 26.20 26.20 26.20 26.15 26.15 26.15 26.15 26.15 26.15 26.43 26.43 26.43 26.43
99999.90 99999.90 99999.90 99999.90 99999.90 99999.90 99999.90 99999.90 99999.90 99999.90 99999.90 99999.90 99999.90 99999.90 99999.90 99999.90 99999.90 99999.90 99999.90 99999.90 99999.90 99999.90 99999.90 99999.90 99999.90 99999.90 99999.90 99999.90 99999.90 99999.90 99999.90 99999.90 99999.90 99999.90 99999.90 99999.90 99999.90 99999.90 99999.90 99999.90 99999.90 99999.90 99999.90 99999.90 99999.90 99999.90 99999.90 99999.90 99999.90 99999.90 99999.90 99999.90 99999.90 99999.90 99999.90 99999.90 26.20 26.20 26.20 26.20 26.20 26.20 26.20 26.20 26.20 26.20 26.20 26.20 26.20 26.15 26.15 26.15 26.15 26.39 26.43 26.43 26.43 26.43
99999.90 99999.90 99999.90 99999.90 99999.90 99999.90 99999.90 99999.90 99999.90 99999.90 99999.90 99999.90 99999.90 99999.90 99999.90 99999.90 99999.90 99999.90 99999.90 99999.90 99999.90 99999.90 99999.90 99999.90 99999.90 99999.90 99999.90 99999.90 99999.90 99999.90 99999.90 99999.90 99999.90 99999.90 99999.90 99999.90 99999.90 99999.90 99999.90 99999.90 99999.90 99999.90 99999.90 99999.90 99999.90 99999.90 99999.90 99999.90 99999.90 99999.90 99999.90 99999.90 99999.90 99999.90 99999.90 99999.90 26.20 26.20 26.20 26.20 26.20 26.20 26.20 26.20 26.20 26.20 26.20 26.20 26.20 26.20 26.15 26.15 26.33 26.39 26.39 26.43 26.43 26.43
99999.90 99999.90 99999.90 99999.90 99999.90 99999.90 99999.90 99999.90 99999.90 99999.90 99999.90 99999.90 99999.90 99999.90 99999.90 99999.90 99999.90 99999.90 99999.90 99999.90 99999.90 99999.90 99999.90 99999.90 99999.90 99999.90 99999.90 99999.90 99999.90 99999.90 99999.90 99999.90 99999.90 99999.90 99999.90 99999.90 99999.90 99999.90 99999.90 99999.90 99999.90 99999.90 99999.90 99999.90 99999.90 99999.90 99999.90 99999.90 99999.90 99999.90 99999.90 99999.90 99999.90 99999.90 99999.90 99999.90 26.20 26.20 26.20 26.20 26.20 26.20 26.20 26.20 26.20 26.20 26.20 26.20 26.20 26.20 26.20 26.33 26.33 26.33 26.39 26.39 26.43 26.43
99999.90 99999.90 99999.90 99999.90 99999.90 99999.90 99999.90 99999.90 99999.90 99999.90 99999.90 99999.90 99999.90 99999.90 99999.90 99999.90 99999.90 99999.90 99999.90 99999.90 99999.90 99999.90 99999.90 99999.90 99999.90 99999.90 99999.90 99999.90 99999.90 99999.90 99999.90 99999.90 99999.90 99999.90 99999.90 99999.90 99999.90 99999.90 99999.90 99999.90 99999.90 99999.90 99999.90 99999.90 99999.90 99999.90 99999.90 99999.90 99999.90 99999.90 99999.90 99999.90 99999.90 99999.90 99999.90 26.08 26.20 26.20 26.20 26.20 26.20 26.20 26.20 26.20 26.20 26.20 26.20 26.20 26.20 26.20 26.34 26.36 26.33 26.33 26.33 26.39 26.39 26.43
99999.90 99999.90 99999.90 99999.90 99999.90 99999.90 99999.90 99999.90 99999.90 99999.90 99999.90 99999.90 99999.90 99999.90 99999.90 99999.90 99999.90 99999.90 99999.90 99999.90 99999.90 99999.90 99999.90 99999.90 99999.90 99999.90 99999.90 99999.90 99999.90 99999.90 99999.90 99999.90 99999.90 99999.90 99999.90 99999.90 99999.90 99999.90 99999.90 99999.90 99999.90 99999.90 99999.90 99999.90 99999.90 99999.90 99999.90 99999.90 99999.90 99999.90 99999.90 99999.90 99999.90 26.24 26.24 26.24 26.20 26.20 26.20 26.20 26.20 26.20 26.20 26.20 26.20 26.20 26.20 26.20 26.34 26.34 26.34 26.34 26.36 26.33 26.33 26.33 26.39 26.39
99999.90 99999.90 99999.90 99999.90 99999.90 99999.90 99999.90 99999.90 99999.90 99999.90 99999.90 99999.90 99999.90 99999.90 99999.90 99999.90 99999.90 99999.90 99999.90 99999.90 99999.90 99999.90 99999.90 99999.90 99999.90 99999.90 99999.90 99999.90 99999.90 99999.90 99999.90 99999.90 99999.90 99999.90 99999.90 99999.90 99999.90 99999.90 99999.90 99999.90 99999.90 99999.90 99999.90 99999.90 99999.90 99999.90 99999.90 99999.90 99999.90 99999.90 26.42 26.42 26.42 26.42 26.42 26.42 26.42 26.42 26.42 26.24 26.20 26.20 26.20 26.20 26.20 26.20 26.32 26.32 26.34 26.34 26.34 26.34 26.36 26.36 26.33 26.33 26.33 26.43
99999.90 99999.90 99999.90 99999.90 99999.90 99999.90 99999.90 99999.90 99999.90 99999.90 99999.90 99999.90 99999.90 99999.90 99999.90 99999.90 99999.90 99999.90 99999.90 99999.90 99999.90 99999.90 99999.90 99999.90 99999.90 99999.90 99999.90 99999.90 99999.90 99999.90 99999.90 99999.90 99999.90 99999.90 99999.90 99999.90 99999.90 99999.90 99999.90 99999.90 99999.90 99999.90 99999.90 99999.90 99999.90 99999.90 99999.90 26.35 26.35 26.35 26.35 26.35 26.35 26.35 26.35 26.35 26.42 26.42 26.42 26.24 26.24 26.08 26.08 26.08 26.16 26.07 26.07 26.32 26.32 26.34 26.34 26.34 26.34 26.36 26.36 26.39 26.39 26.45
99999.90 99999.90 99999.90 99999.90 99999.90 99999.90 99999.90 99999.90 99999.90 99999.90 99999.90 99999.90 99999.90 99999.90 99999.90 99999.90 99999.90 99999.90 99999.90 99999.90 99999.90 99999.90 99999.90 99999.90 99999.90 99999.90 99999.90 99999.90 99999.90 99999.90 99999.90 99999.90 99999.90 99999.90 99999.90 99999.90 99999.90 99999.90 99999.90 99999.90 99999.90 99999.90 99999.90 99999.90 99999.90 26.35 26.35 26.35 26.35 26.35 26.35 26.35 26.35 26.35 26.35 26.35 26.42 26.42 26.42 26.24 26.24 26.08 26.08 26.08 26.08 26.16 26.07 26.07 26.32 26.32 26.34 26.34 26.34 26.36 26.36 26.39 26.39 26.38
99999.90 99999.90 99999.90 99999.90 99999.90 99999.90 99999.90 99999.90 99999.90 99999.90 99999.90 99999.90 99999.90 99999.90 99999.90 99999.90 99999.90 99999.90 99999.90 99999.90 99999.90 99999.90 99999.90 99999.90 99999.90 99999.90 99999.90 99999.90 99999.90 99999.90 26.24 26.24 26.24 26.24 26.24 26.24 26.24 26.24 26.24 26.24 26.24 26.11 26.11 26.11 26.11 26.11 26.11 26.11 25.85 25.85 26.35 26.35 26.35 26.35 26.35 26.35 26.42 26.42 26.42 26.42 26.24 26.24 26.08 26.08 26.08 26.16 26.16 26.07 26.07 26.32 26.32 26.34 26.34 26.35 26.36 26.38 26.39 26.41
99999.90 99999.90 99999.90 99999.90 99999.90 99999.90 99999.90 99999.90 99999.90 99999.90 99999.90 99999.90 99999.90 99999.90 99999.90 99999.90 99999.90 99999.90 99999.90 99999.90 99999.90 99999.90 99999.90 99999.90 99999.90 99999.90 99999.90 99999.90 99999.90 26.26 26.24 26.24 26.24 26.24 26.24 26.24 26.24 26.24 26.24 26.24 26.24 26.11 26.11 26.11 26.11 26.11 26.11 26.11 25.85 25.85 26.35 26.35 26.35 26.35 26.35 26.35 26.35 26.42 26.42 26.42 26.24 26.24 26.08 26.08 26.08 26.08 26.16 26.16 26.07 26.07 26.32 26.32 26.35 26.37 26.35 26.36 26.38 26.39
99999.90 99999.90 99999.90 99999.90 99999.90 99999.90 99999.90 99999.90 99999.90 99999.90 99999.90 99999.90 99999.90 99999.90 99999.90 99999.90 99999.90 99999.90 99999.90 99999.90 99999.90 99999.90 99999.90 99999.90 99999.90 99999.90 99999.90 99999.90 99999.90 26.26 26.26 26.24 26.24 26.24 26.24 26.24 26.24 26.24 26.24 26.24 26.24 26.11 26.11 26.11 26.11 26.11 26.11 26.11 25.85 25.85 25.85 26.35 26.35 26.35 26.35 26.35 26.35 26.42 26.42 26.42 26.24 26.24 26.24 26.08 26.08 26.08 26.02 26.16 26.16 26.07 26.07 26.37 26.39 26.38 26.36 26.35 26.35 26.37
99999.90 99999.90 99999.90 99999.90 99999.90 99999.90 99999.90 99999.90 99999.90 99999.90 99999.90 99999.90 99999.90 99999.90 99999.90 99999.90 99999.90 99999.90 99999.90 99999.90 99999.90 99999.90 99999.90 99999.90 99999.90 99999.90 99999.90 99999.90 26.26 26.26 26.26 26.26 26.24 26.24 26.24 26.24 26.24 26.24 26.24 26.24 26.24 26.11 26.11 26.11 26.11 26.11 26.11 26.11 25.85 25.85 25.85 26.35 26.35 26.35 26.35 26.35 26.35 26.42 26.42 26.42 26.42 26.24 26.24 26.08 26.08 26.08 26.25 26.02 26.16 26.16 26.00 26.39 26.39 26.35 26.35 26.34 26.33 26.31
99999.90 99999.90 99999.90 99999.90 99999.90 99999.90 99999.90 99999.90 99999.90 99999.90 99999.90 99999.90 99999.90 99999.90 99999.90 99999.90 99999.90 99999.90 99999.90 99999.90 99999.90 99999.90 99999.90 99999.90 99999.90 99999.90 99999.90 99999.90 26.26 26.26 26.26 26.26 26.26 26.24 26.24 26.24 26.24 26.24 26.24 26.24 26.24 26.11 26.11 26.11 26.11 26.11 26.11 26.11 25.85 25.85 25.85 25.85 26.35 26.35 26.35 26.35 26.35 26.35 26.42 26.42 26.42 26.24 26.24 26.24 26.08 26.08 26.25 26.02 26.02 26.14 26.34 26.38 26.38 26.34 26.33 26.35 26.33 26.33
99999.90 99999.90 99999.90 99999.90 99999.90 99999.90 99999.90 99999.90 99999.90 99999.90 99999.90 99999.90 99999.90 99999.90 99999.90 99999.90 99999.90 99999.90 99999.90 99999.90 99999.90 99999.90 99999.90 99999.90 99999.90 99999.90 99999.90 26.21 26.26 26.26 26.26 26.26 26.26 26.26 26.24 26.24 26.24 26.24 26.24 26.24 26.24 26.11 26.11 26.11 26.11 26.11 26.11 26.11 25.85 25.85 25.85 25.85 26.35 26.35 26.35 26.35 26.35 26.35 26.42 26.42 26.42 26.38 26.24 26.24 26.08 26.08 26.25 26.39 26.23 26.25 26.26 26.34 26.36 26.35 26.32 26.33 26.32 26.31
99999.90 99999.90 99999.90 99999.90 99999.90 99999.90 99999.90 99999.90 99999.90 99999.90 99999.90 99999.90 99999.90 99999.90 99999.90 99999.90 99999.90 99999.90 99999.90 99999.90 99999.90 99999.90 99999.90 99999.90 99999.90 99999.90 99999.90 26.21 26.26 26.26 26.26 26.26 26.26 26.26 26.26 26.24 26.24 26.24 26.24 26.24 26.24 26.11 26.11 26.11 26.11 26.11 26.11 26.11 25.85 25.85 25.85 25.85 25.85 26.35 26.35 26.35 26.35 26.35 26.37 26.42 26.42 26.38 26.24 26.24 26.39 26.41 26.41 26.38 26.36 26.34 26.34 26.34 26.32 26.32 26.29 26.22 26.16 26.22
99999.90 99999.90 99999.90 99999.90 99999.90 99999.90 99999.90 99999.90 99999.90 99999.90 99999.90 99999.90 99999.90 99999.90 99999.90 99999.90 99999.90 99999.90 99999.90 99999.90 99999.90 99999.90 99999.90 99999.90 99999.90 99999.90 99999.90 26.21 26.26 26.26 26.26 26.26 26.26 26.26 26.26 26.26 26.24 26.24 26.24 26.24 26.24 26.11 26.11 26.11 26.11 26.11 26.11 26.11 26.11 25.85 25.85 25.85 25.85 26.35 26.35 26.35 26.35 26.35 26.37 26.42 26.42 26.38 26.29 26.35 26.40 26.37 26.40 26.40 26.33 26.33 26.32 26.34 26.31 26.25 26.30 26.20 26.16 26.29
99999.90 99999.90 99999.90 99999.90 99999.90 99999.90 99999.90 99999.90 99999.90 99999.90 99999.90 99999.90 99999.90 99999.90 99999.90 99999.90 99999.90 99999.90 99999.90 99999.90 99999.90 99999.90 99999.90 99999.90 99999.90 99999.90 26.22 26.21 26.26 26.26 26.26 26.26 26.26 26.26 26.26 26.26 26.26 26.24 26.24 26.24 26.24 26.11 26.11 26.11 26.11 26.11 26.11 26.11 26.11 26.11 25.85 25.85 25.85 25.85 26.35 26.35 26.35 26.35 26.37 26.39 26.42 26.44 26.43 26.40 26.37 26.40 26.34 26.37 26.35 26.34 26.31 26.33 26.32 26.23 26.26 26.29 26.24 26.25
99999.90 99999.90 99999.90 99999.90 99999.90 99999.90 99999.90 99999.90 99999.90 99999.90 99999.90 99999.90 99999.90 99999.90 99999.90 99999.90 99999.90 99999.90 99999.90 99999.90 99999.90 99999.90 99999.90 99999.90 99999.90 99999.90 26.22 26.21 26.26 26.26 26.26 26.26 26.26 26.26 26.26 26.26 26.26 26.26 26.24 26.24 26.24 26.11 26.11 26.11 26.11 26.11 26.11 26.11 26.11 26.11 26.11 25.85 25.85 25.85 26.35 26.35 26.37 26.38 26.36 26.38 26.36 26.36 26.37 26.35 26.33 26.35 26.35 26.35 26.35 26.33 26.32 26.33 26.35 26.27 26.27 26.31 26.28 26.29
99999.90 99999.90 99999.90 99999.90 99999.90 99999.90 99999.90 99999.90 99999.90 99999.90 99999.90 99999.90 99999.90 99999.90 99999.90 99999.90 99999.90 99999.90 99999.90 99999.90 99999.90 99999.90 99999.90 99999.90 99999.90 99999.90 26.22 26.21 26.21 26.21 26.26 26.26 26.26 26.26 26.26 26.26 26.26 26.26 26.26 26.24 26.24 26.11 26.11 26.11 26.11 26.11 26.11 26.23 26.11 26.11 26.11 26.11 25.85 25.85 26.27 26.42 26.38 26.38 26.40 26.41 26.37 26.34 26.32 26.32 26.34 26.34 26.33 26.33 26.33 26.32 26.31 26.29 26.25 26.25 26.29 26.28 26.31 26.26
99999.90 99999.90 99999.90 99999.90 99999.90 99999.90 99999.90 99999.90 99999.90 99999.90 99999.90 99999.90 99999.90 99999.90 99999.90 99999.90 99999.90 99999.90 99999.90 99999.90 99999.90 99999.90 99999.90 99999.90 99999.90 26.19 26.22 26.21 26.21 26.21 26.21 26.21 26.26 26.26 26.26 26.26 26.26 26.26 26.26 26.26 26.10 26.20 26.20 26.20 26.20 26.20 26.20 26.23 26.23 26.23 26.11 26.11 26.11 26.39 26.53 26.43 26.36 26.36 26.36 26.38 26.41 26.36 26.31 26.32 26.33 26.34 26.33 26.32 26.32 26.30 26.29 26.29 26.26 26.24 26.30 26.29 26.28 26.31
99999.90 99999.90 99999.90 99999.90 99999.90 99999.90 99999.90 99999.90 99999.90 99999.90 99999.90 99999.90 99999.90 99999.90 99999.90 99999.90 99999.90 99999.90 99999.90 99999.90 99999.90 99999.90 99999.90 99999.90 26.15 26.19 26.22 26.21 26.21 26.21 26.21 26.21 26.21 26.21 26.26 26.26 26.26 26.26 26.17 26.17 26.06 26.06 26.06 26.06 26.06 26.06 26.06 26.23 26.23 26.23 26.23 25.73 25.73 26.15 26.51 26.40 26.36 26.35 26.35 26.37 26.38 26.37 26.33 26.31 26.31 26.34 26.34 26.33 26.33 26.33 26.25 26.28 26.28 26.23 26.29 26.26 26.30 26.36
99999.90 99999.90 99999.90 99999.90 99999.90 99999.90 99999.90 99999.90 99999.90 99999.90 99999.90 99999.90 99999.90 99999.90 99999.90 99999.90 99999.90 99999.90 99999.90 99999.90 99999.90 99999.90 99999.90 99999.90 26.15 26.15 26.22 26.21 26.21 26.21 26.21 26.21 26.21 26.21 26.21 26.21 26.26 26.26 26.26 25.99 25.99 26.02 26.02 26.02 26.02 26.02 25.65 25.65 25.65 26.23 26.23 26.23 25.23 26.49 26.23 26.29 26.38 26.36 26.35 26.37 26.36 26.34 26.33 26.30 26.16 26.28 26.34 26.34 26.32 26.32 26.28 26.27 26.30 26.34 26.29 26.26 26.20 26.23
99999.90 99999.90 99999.90 99999.90 99999.90 99999.90 99999.90 99999.90 99999.90 99999.90 99999.90 99999.90 99999.90 99999.90 99999.90 99999.90 99999.90 99999.90 99999.90 99999.90 99999.90 99999.90 99999.90 26.18 26.15 26.15 26.22 26.22 26.22 26.21 26.21 26.21 26.21 26.21 26.21 26.21 26.21 26.07 26.07 26.05 25.98 26.02 26.02 26.02 26.02 26.02 25.65 25.65 25.65 25.65 25.65 25.65 26.28 25.09 26.36 26.35 26.35 26.35 26.34 26.34 26.34 26.32 26.30 26.24 26.09 26.16 26.30 26.31 26.32 26.32 26.32 26.28 26.27 26.30 26.29 26.24 26.16 25.99
99999.90 99999.90 99999.90 99999.90 99999.90 99999.90 99999.90 99999.90 99999.90 99999.90 99999.90 99999.90 99999.90 99999.90 99999.90 99999.90 99999.90 99999.90 99999.90 99999.90 99999.90 99999.90 99999.90 26.18 26.15 26.15 26.22 26.22 26.22 26.22 26.22 26.22 26.21 26.21 26.21 26.21 26.21 26.21 26.03 26.06 25.90 25.90 25.90 26.02 26.02 26.02 26.02 26.02 25.65 25.65 25.65 26.27 26.46 26.24 26.36 26.33 26.32 26.33 26.31 26.30 26.34 26.33 26.30 26.29 26.27 26.17 26.25 26.30 26.30 26.32 26.16 26.25 26.21 26.23 26.22 26.16 26.12 26.15
99999.90 99999.90 99999.90 99999.90 99999.90 99999.90 99999.90 99999.90 99999.90 99999.90 99999.90 99999.90 99999.90 99999.90 99999.90 99999.90 99999.90 99999.90 99999.90 99999.90 99999.90 99999.90 99999.90 26.18 26.15 26.15 26.15 26.22 26.22 26.22 26.22 26.22 26.22 26.22 26.22 26.19 26.19 26.19 25.99 26.05 26.04 26.04 26.04 26.04 26.04 26.02 26.02 26.02 26.02 25.26 25.26 24.21 26.05 26.35 26.37 26.33 26.32 26.30 26.28 26.29 26.30 26.32 26.31 26.29 26.29 26.27 26.26 26.27 26.29 26.25 26.28 26.27 26.17 26.21 26.23 26.21 26.18 26.19
99999.90 99999.90 99999.90 99999.90 99999.90 99999.90 99999.90 99999.90 99999.90 99999.90 99999.90 99999.90 99999.90 99999.90 99999.90 99999.90 99999.90 99999.90 99999.90 99999.90 99999.90 99999.90 99999.90 26.18 26.15 26.15 26.15 26.15 26.15 26.22 26.22 26.22 26.22 26.22 26.22 26.22 26.12 26.12 25.95 26.00 26.07 26.07 26.07 26.07 26.07 25.90 25.90 26.02 26.02 26.02 26.42 25.76 26.18 26.35 26.35 26.32 26.31 26.29 26.25 26.28 26.29 26.29 26.31 26.28 26.28 26.28 26.30 26.28 26.23 26.28 26.30 26.31 26.19 26.04 26.25 26.20 26.05 26.05
99999.90 99999.90 99999.90 99999.90 99999.90 99999.90 99999.90 99999.90 99999.90 99999.90 99999.90 99999.90 99999.90 99999.90 99999.90 99999.90 99999.90 99999.90 99999.90 99999.90 99999.90 99999.90 99999.90 26.18 26.15 26.15 26.15 26.15 26.15 26.15 26.15 26.22 26.22 26.22 26.22 26.22 26.22 26.19 26.12 26.09 26.11 26.11 26.11 26.19 26.19 25.90 25.90 25.90 26.02 26.02 26.39 26.21 26.30 26.33 26.32 26.28 26.28 26.28 26.29 26.29 26.28 26.26 26.30 26.30 26.28 26.28 26.29 26.23 26.17 26.30 26.32 26.29 26.27 26.30 26.31 26.20 26.11 26.14
