main/data/irradiance/09.02.2023.grid
ncols 839
nrows 679
xllcenter 112.0500
yllcenter -43.9500
cellsize 0.0500
nodata_value 99999.90
[rows 102 to 135 of 679, columns 616 to 692 of 839]
22.97 23.29 21.49 23.60 24.62 24.63 24.33 25.52 25.10 25.89 25.71 25.39 24.83 23.77 25.46 24.56 25.49 25.99 26.85 27.33 26.18 26.34 25.71 25.68 26.01 25.82 27.13 26.75 27.28 26.97 26.48 27.21 26.28 23.99 23.17 23.52 24.70 25.45 25.68 24.87 24.98 26.89 26.18 24.82 25.13 23.95 23.10 23.05 23.05 23.05 25.53 25.53 25.53 25.53 25.53 25.53 25.53 25.53 25.53 99999.90 99999.90 99999.90 99999.90 99999.90 99999.90 99999.90 99999.90 99999.90 99999.90 99999.90 99999.90 99999.90 99999.90 99999.90 99999.90 99999.90 99999.90
23.48 22.32 23.01 24.25 25.53 24.90 22.46 24.10 24.38 25.55 25.80 26.15 24.11 24.99 24.66 23.78 24.76 24.50 26.11 26.01 27.64 27.51 25.06 26.04 25.88 25.78 27.05 27.59 27.72 27.08 27.22 26.67 25.26 25.70 24.91 24.32 25.34 24.33 25.34 25.55 24.63 27.43 25.46 25.24 26.38 23.05 20.01 19.82 19.82 19.82 23.41 23.41 23.41 23.41 23.41 23.41 23.41 23.41 23.41 23.83 99999.90 99999.90 99999.90 99999.90 99999.90 99999.90 99999.90 99999.90 99999.90 99999.90 99999.90 99999.90 99999.90 99999.90 99999.90 99999.90 99999.90
23.23 22.89 22.76 25.07 25.55 24.67 24.40 23.41 24.98 26.68 26.96 26.29 25.64 25.49 24.91 23.77 24.61 23.78 25.85 26.78 26.79 26.60 23.38 26.57 25.85 25.09 27.66 27.72 26.05 27.58 26.06 24.91 24.79 26.39 25.09 24.17 24.09 24.68 26.17 25.38 25.51 26.41 23.83 25.27 26.48 23.52 23.93 23.19 23.19 23.41 23.41 23.41 23.41 23.41 23.41 23.41 23.41 23.41 23.41 23.83 99999.90 99999.90 99999.90 99999.90 99999.90 99999.90 99999.90 99999.90 99999.90 99999.90 99999.90 99999.90 99999.90 99999.90 99999.90 99999.90 99999.90
24.02 23.55 24.60 22.94 26.19 25.20 24.86 25.02 25.58 27.08 28.04 26.46 26.26 26.24 24.88 23.09 25.57 25.23 25.44 25.97 25.34 26.70 25.34 26.49 26.39 25.80 27.25 27.99 26.07 25.47 26.09 24.88 25.36 25.48 23.77 23.43 24.83 26.57 26.33 24.70 25.14 23.77 23.47 25.50 25.18 23.54 24.65 23.19 23.41 23.41 23.41 23.41 23.41 23.41 23.41 23.41 23.41 23.41 23.41 23.83 99999.90 99999.90 99999.90 99999.90 99999.90 99999.90 99999.90 99999.90 99999.90 99999.90 99999.90 99999.90 99999.90 99999.90 99999.90 99999.90 99999.90
24.76 24.12 24.20 25.13 25.68 26.46 27.45 25.64 24.78 27.60 27.11 26.48 26.47 26.39 24.91 22.85 25.50 25.75 25.10 25.82 25.31 27.12 25.22 24.98 26.25 26.19 27.27 27.59 26.84 26.09 26.65 25.63 25.32 26.28 24.49 22.73 24.81 24.91 25.91 24.39 24.90 23.79 23.63 23.99 22.27 20.85 23.20 19.92 20.26 20.26 20.26 20.26 20.26 20.26 20.26 20.26 20.26 20.26 20.26 23.83 23.89 99999.90 99999.90 99999.90 99999.90 99999.90 99999.90 99999.90 99999.90 99999.90 99999.90 99999.90 99999.90 99999.90 99999.90 99999.90 99999.90
23.93 24.82 24.24 23.90 24.71 24.49 25.56 24.54 25.47 25.40 25.21 26.07 26.76 27.02 26.62 23.10 25.44 25.06 24.39 24.49 26.41 26.67 23.81 26.84 27.41 27.09 27.27 27.18 26.98 26.20 26.62 25.89 26.13 25.96 24.08 24.05 23.75 23.87 24.52 22.73 24.28 24.71 23.62 22.65 21.50 22.08 21.37 19.83 20.26 20.26 20.26 20.26 20.26 20.26 20.26 20.26 20.26 20.26 20.26 23.83 23.89 99999.90 99999.90 99999.90 99999.90 99999.90 99999.90 99999.90 99999.90 99999.90 99999.90 99999.90 99999.90 99999.90 99999.90 99999.90 99999.90
25.62 25.71 24.99 24.71 24.05 24.64 24.80 24.16 24.04 24.31 23.23 24.89 25.36 26.86 24.67 24.63 25.29 23.96 24.60 24.95 26.47 26.60 25.34 27.14 26.66 24.85 26.38 25.65 26.32 26.29 25.60 25.78 26.11 25.49 24.07 23.18 23.95 24.62 23.89 23.25 25.07 24.90 23.55 22.13 21.27 22.38 21.96 20.94 20.94 21.96 21.96 21.96 21.96 21.96 21.96 21.96 21.96 21.96 21.96 23.83 23.89 99999.90 99999.90 99999.90 99999.90 99999.90 99999.90 99999.90 99999.90 99999.90 99999.90 99999.90 99999.90 99999.90 99999.90 99999.90 99999.90
26.20 26.43 25.07 23.81 24.73 24.06 23.75 24.30 23.33 24.45 22.77 22.00 23.73 26.42 23.98 23.83 25.11 24.41 22.67 23.91 26.81 26.14 25.93 26.36 25.48 26.72 26.08 26.23 27.78 26.45 26.13 26.90 25.88 24.82 24.35 24.02 25.19 23.50 23.03 23.24 24.81 23.44 22.59 21.08 22.24 22.45 22.37 23.33 21.96 21.96 21.96 21.96 21.96 21.96 21.96 21.96 21.96 23.83 23.83 23.83 23.89 24.66 99999.90 99999.90 99999.90 99999.90 99999.90 99999.90 99999.90 99999.90 99999.90 99999.90 99999.90 99999.90 99999.90 99999.90 99999.90
26.66 26.08 22.77 23.25 24.27 24.16 23.31 24.18 25.14 24.04 23.48 22.31 23.43 23.87 24.13 23.64 25.39 23.98 23.23 24.81 25.90 25.15 24.27 24.54 26.28 26.85 25.36 26.25 27.65 26.06 26.50 26.17 25.28 23.47 23.85 23.47 24.07 23.92 24.55 23.75 24.54 25.10 23.98 22.42 22.60 23.13 23.64 23.84 23.85 23.85 23.85 23.85 23.85 23.85 23.83 23.83 23.83 23.83 23.83 23.83 23.89 24.66 99999.90 99999.90 99999.90 99999.90 99999.90 99999.90 99999.90 99999.90 99999.90 99999.90 99999.90 99999.90 99999.90 99999.90 99999.90
26.06 24.58 23.23 21.95 22.40 23.54 23.04 21.75 23.30 23.12 22.73 22.72 22.79 23.01 24.63 24.82 23.58 23.43 23.94 25.43 25.42 25.57 24.83 26.19 26.58 27.78 26.19 25.82 27.35 26.45 26.23 25.62 24.79 27.03 23.73 23.82 22.80 22.90 24.00 23.11 23.30 24.85 26.15 25.10 23.19 24.19 23.22 25.14 25.47 25.47 25.47 23.83 23.83 23.83 23.83 23.83 23.83 23.83 23.83 23.83 23.89 24.66 99999.90 99999.90 99999.90 99999.90 99999.90 99999.90 99999.90 99999.90 99999.90 99999.90 99999.90 99999.90 99999.90 99999.90 99999.90
25.61 22.02 22.27 22.22 21.85 21.63 22.78 23.58 23.41 22.78 21.13 20.31 21.85 22.84 24.00 23.40 21.34 22.33 23.69 24.31 25.35 25.44 24.08 27.15 26.96 26.43 26.69 24.19 25.94 25.27 24.73 24.81 24.70 25.89 25.47 24.36 23.63 25.11 24.34 23.28 23.80 22.46 26.78 25.56 25.19 25.50 24.45 25.72 25.50 25.50 23.83 23.83 23.83 23.83 23.83 23.83 23.83 23.83 23.89 23.89 23.89 24.66 99999.90 99999.90 99999.90 99999.90 99999.90 99999.90 99999.90 99999.90 99999.90 99999.90 99999.90 99999.90 99999.90 99999.90 99999.90
23.36 21.14 19.38 19.73 22.13 21.00 21.15 22.84 23.95 22.49 22.43 21.74 19.07 20.15 22.56 21.08 21.88 23.16 24.56 22.98 21.24 23.36 25.54 25.58 24.84 24.61 25.33 25.41 26.03 24.83 26.39 24.78 23.60 23.64 24.46 25.71 24.74 25.58 25.03 24.92 23.69 23.75 24.60 24.72 24.54 25.97 25.32 24.69 24.40 23.83 23.83 23.83 23.83 23.83 23.83 23.89 23.89 23.89 23.89 23.89 23.89 24.66 99999.90 99999.90 99999.90 99999.90 99999.90 99999.90 99999.90 99999.90 99999.90 99999.90 99999.90 99999.90 99999.90 99999.90 99999.90
22.58 20.76 19.64 20.37 22.36 21.69 22.08 24.56 25.50 23.87 23.82 22.11 20.98 21.04 22.86 20.67 20.74 23.08 21.96 22.84 22.74 22.91 23.33 22.87 23.63 24.10 25.32 25.14 25.71 24.05 26.11 25.00 25.91 24.95 24.26 24.73 26.00 26.90 26.28 23.63 24.27 24.22 26.04 25.57 23.71 25.18 25.38 22.66 23.02 22.48 22.48 22.48 23.89 23.89 23.89 23.89 23.89 23.89 23.89 23.89 23.89 24.66 99999.90 99999.90 99999.90 99999.90 99999.90 99999.90 99999.90 99999.90 99999.90 99999.90 99999.90 99999.90 99999.90 99999.90 99999.90
20.71 20.10 19.93 20.00 21.52 23.55 23.94 23.54 23.99 23.51 20.63 19.66 20.60 20.61 20.18 20.02 21.54 20.41 21.48 23.58 23.03 23.44 22.31 21.52 22.00 23.77 24.76 24.88 25.16 25.66 26.98 25.00 26.10 24.47 25.07 24.24 24.52 26.04 26.35 24.89 23.97 23.27 22.56 23.51 23.86 24.21 25.05 23.61 23.51 21.24 21.24 23.89 23.89 23.89 23.89 23.89 23.89 23.89 23.89 24.66 24.66 24.66 99999.90 99999.90 99999.90 99999.90 99999.90 99999.90 99999.90 99999.90 99999.90 99999.90 99999.90 99999.90 99999.90 99999.90 99999.90
20.50 20.06 20.36 20.60 21.84 22.99 23.72 23.71 23.20 22.67 21.99 19.99 19.54 19.80 18.12 19.55 18.81 20.32 20.98 22.40 22.13 22.08 23.14 20.65 21.28 23.84 24.14 25.19 25.93 24.43 25.52 24.34 23.17 22.79 24.63 24.86 23.93 24.28 26.79 23.86 24.88 24.13 24.43 23.58 23.15 22.12 24.12 24.97 24.56 21.76 23.89 23.89 23.89 23.89 23.89 23.89 24.66 24.66 24.66 24.66 24.66 24.66 99999.90 99999.90 99999.90 99999.90 99999.90 99999.90 99999.90 99999.90 99999.90 99999.90 99999.90 99999.90 99999.90 99999.90 99999.90
20.23 20.55 21.52 21.81 19.84 21.18 23.76 24.54 23.81 22.82 22.45 21.85 19.53 19.90 18.22 18.63 19.46 20.68 20.64 21.64 21.44 20.46 19.71 20.83 22.16 22.30 23.88 25.66 26.19 24.29 24.38 24.79 24.08 23.78 25.30 23.42 22.62 23.50 24.13 23.72 24.24 23.45 23.99 23.43 24.86 24.06 25.64 24.48 24.27 23.13 23.89 23.89 23.89 24.66 24.66 24.66 24.66 24.66 24.66 24.66 24.66 24.66 99999.90 99999.90 99999.90 99999.90 99999.90 99999.90 99999.90 99999.90 99999.90 99999.90 99999.90 99999.90 99999.90 99999.90 99999.90
21.19 21.74 22.34 21.65 20.56 23.23 24.85 24.05 24.42 22.18 21.18 22.18 21.54 19.79 19.45 19.32 18.68 18.28 18.97 20.71 21.82 22.58 21.28 22.06 21.24 22.88 22.57 24.64 24.05 23.20 23.24 24.50 24.18 25.85 24.49 23.88 24.65 24.86 23.46 25.75 23.28 25.31 25.89 24.50 24.23 26.14 25.20 24.11 24.57 26.52 26.47 26.47 24.66 24.66 24.66 24.66 24.66 24.66 24.66 24.66 24.66 24.66 99999.90 99999.90 99999.90 99999.90 99999.90 99999.90 99999.90 99999.90 99999.90 99999.90 99999.90 99999.90 99999.90 99999.90 99999.90
20.76 20.14 22.29 21.05 21.51 24.10 23.87 24.25 24.74 24.01 23.54 22.61 22.13 20.96 18.18 19.26 18.93 18.41 19.13 19.71 23.42 24.09 22.32 21.10 21.43 22.15 23.98 22.72 23.18 22.95 25.11 26.29 24.18 23.55 23.58 22.33 22.41 23.74 23.46 23.80 24.05 24.68 24.10 23.00 23.99 25.78 23.48 25.53 25.81 26.29 24.76 24.66 24.66 24.66 24.66 24.66 24.66 24.66 24.66 24.66 24.66 24.66 99999.90 99999.90 99999.90 99999.90 99999.90 99999.90 99999.90 99999.90 99999.90 99999.90 99999.90 99999.90 99999.90 99999.90 99999.90
18.93 17.81 18.84 20.59 23.26 24.53 23.80 23.08 23.61 24.22 24.35 24.15 23.73 21.28 19.11 18.80 18.48 19.08 19.77 20.57 21.14 22.00 22.46 21.71 21.31 21.95 23.09 22.28 23.73 24.10 24.82 24.25 23.23 23.30 23.03 23.12 21.89 21.84 22.11 23.10 22.82 22.93 23.17 24.17 24.86 25.43 24.45 22.85 24.28 23.80 24.02 24.28 24.28 24.28 24.28 24.28 24.28 24.28 24.28 24.28 24.28 24.28 24.86 99999.90 99999.90 99999.90 99999.90 99999.90 99999.90 99999.90 99999.90 99999.90 99999.90 99999.90 99999.90 99999.90 99999.90
17.12 17.14 18.22 20.65 22.12 23.74 23.54 23.03 22.78 23.65 23.63 23.70 23.46 22.50 20.47 17.72 19.14 18.44 21.50 21.62 20.44 22.41 23.79 22.92 22.25 22.66 21.19 23.05 23.27 21.56 22.84 21.99 23.53 21.90 21.73 20.99 20.31 19.58 23.48 22.67 23.50 24.11 24.46 21.97 22.10 23.39 22.98 22.48 22.92 23.98 24.02 22.62 22.62 22.62 22.62 22.62 22.62 22.62 22.62 22.62 22.62 22.62 24.86 24.99 99999.90 99999.90 99999.90 99999.90 99999.90 99999.90 99999.90 99999.90 99999.90 99999.90 99999.90 99999.90 99999.90
16.45 18.79 19.30 21.68 20.86 22.52 23.28 23.93 22.52 22.74 23.19 23.84 22.72 22.99 22.07 19.29 20.94 20.38 20.66 21.74 22.66 24.29 23.28 22.99 23.20 22.91 20.97 22.82 21.75 20.97 23.69 22.44 22.67 21.06 20.48 18.63 21.15 21.30 22.49 25.14 24.66 24.58 22.07 20.04 20.05 21.09 22.31 23.00 21.80 24.09 25.21 23.30 23.30 23.30 23.30 23.30 23.30 23.30 23.30 23.30 23.30 23.30 24.99 24.99 99999.90 99999.90 99999.90 99999.90 99999.90 99999.90 99999.90 99999.90 99999.90 99999.90 99999.90 99999.90 99999.90
19.00 20.03 21.48 21.74 19.95 22.55 23.49 24.70 24.60 24.22 24.73 24.47 24.12 24.72 23.65 20.36 19.48 19.36 20.64 20.72 22.86 23.58 22.54 24.33 23.13 22.74 22.04 21.73 22.91 22.60 22.50 23.08 21.85 20.70 19.89 19.71 20.28 21.95 24.16 23.89 23.02 21.88 19.88 18.03 19.67 19.73 22.28 23.97 21.71 22.79 24.96 24.41 24.41 24.41 24.41 24.41 24.41 24.41 24.41 24.41 24.41 24.41 24.99 24.99 24.79 99999.90 99999.90 99999.90 99999.90 99999.90 99999.90 99999.90 99999.90 99999.90 99999.90 99999.90 99999.90
20.30 21.25 21.68 22.34 21.78 23.34 23.29 24.85 24.05 22.52 23.03 23.24 23.38 24.85 23.51 20.56 18.44 20.12 20.84 20.68 22.18 23.66 24.06 23.77 22.75 23.42 22.86 22.79 23.11 23.33 22.69 23.11 23.24 21.23 20.69 19.30 21.04 22.52 22.81 21.12 20.13 21.21 19.27 17.73 18.04 20.19 23.16 21.02 21.26 21.88 24.09 24.43 24.43 24.43 24.43 24.43 24.43 24.43 24.43 24.43 24.43 24.43 24.99 24.99 24.79 23.48 99999.90 99999.90 99999.90 99999.90 99999.90 99999.90 99999.90 99999.90 99999.90 99999.90 99999.90
20.94 21.48 19.64 21.27 23.30 23.54 23.67 23.80 23.84 23.61 22.56 23.43 23.96 24.77 23.16 21.52 21.20 19.63 20.13 20.93 21.53 21.61 23.19 23.64 23.03 24.76 24.30 22.39 24.74 23.81 22.67 23.77 21.71 22.29 22.70 22.92 22.29 23.48 22.37 19.81 19.81 21.12 20.49 18.92 20.35 20.80 22.63 21.81 20.09 21.17 21.67 25.22 25.22 25.22 25.22 25.22 25.22 25.22 25.22 25.22 25.22 25.22 24.99 24.99 23.48 23.48 24.40 99999.90 99999.90 99999.90 99999.90 99999.90 99999.90 99999.90 99999.90 99999.90 99999.90
20.20 22.48 19.24 22.01 23.52 23.84 23.50 23.26 24.79 24.46 23.03 22.33 21.34 23.19 23.46 21.74 21.26 19.69 20.39 20.64 21.25 22.99 23.30 22.28 23.36 23.95 24.40 23.07 25.40 23.04 22.29 23.84 22.18 22.21 23.68 23.06 23.75 24.84 22.68 20.11 22.56 21.77 21.95 20.56 23.09 24.52 23.91 22.93 18.27 20.08 20.45 25.22 25.22 25.22 25.22 25.22 25.22 25.22 25.22 24.99 24.99 24.99 24.99 24.99 23.48 24.40 24.40 22.62 99999.90 99999.90 99999.90 99999.90 99999.90 99999.90 99999.90 99999.90 99999.90
22.38 23.62 21.90 21.85 22.52 23.85 23.35 24.71 24.29 22.66 22.04 21.24 20.60 22.29 21.90 21.66 21.39 21.75 20.57 22.17 23.74 23.61 22.84 22.12 22.94 23.80 23.37 22.75 24.55 22.01 23.38 23.25 21.36 20.24 22.29 23.71 25.52 24.89 24.63 24.19 23.37 23.87 22.96 22.94 24.91 24.70 23.73 20.42 18.62 18.83 20.30 20.30 20.30 25.22 25.22 24.86 24.86 24.99 24.99 24.99 24.99 24.99 24.99 23.48 24.40 24.40 22.62 22.62 99999.90 99999.90 99999.90 99999.90 99999.90 99999.90 99999.90 99999.90 99999.90
23.59 22.93 23.73 24.36 24.83 25.29 25.22 24.77 23.52 21.06 19.46 19.51 19.80 20.34 21.14 22.05 21.55 22.59 21.08 21.25 22.96 23.48 21.51 21.32 23.47 23.07 24.20 25.79 25.14 23.51 23.79 23.04 24.19 23.49 23.59 24.81 24.44 23.67 23.24 24.15 24.68 24.72 24.02 25.17 25.91 24.42 23.34 20.91 20.02 20.61 21.35 21.35 24.36 24.36 24.86 24.86 24.99 24.99 24.99 24.99 24.99 23.48 23.48 24.40 21.28 21.28 21.28 21.28 21.28 21.28 21.28 21.28 99999.90 99999.90 99999.90 99999.90 99999.90
24.31 23.64 24.58 24.78 25.28 25.20 25.55 23.52 21.46 19.99 19.14 17.73 18.86 20.15 20.09 20.89 22.90 23.15 22.63 22.91 23.63 23.22 21.56 22.35 24.06 23.33 23.38 25.62 24.99 25.01 24.06 24.79 24.28 25.44 24.67 26.20 23.61 23.79 23.37 24.87 25.43 25.71 25.73 26.27 25.76 24.60 23.29 22.97 22.65 19.78 19.65 24.36 24.36 24.86 24.86 24.99 24.99 24.99 24.99 24.99 23.48 23.48 24.40 24.40 21.28 21.28 21.28 21.28 21.28 21.28 21.28 21.28 99999.90 99999.90 99999.90 99999.90 99999.90
24.75 25.08 25.42 25.13 25.79 25.80 25.13 24.24 24.20 21.03 18.81 17.60 18.65 19.89 19.61 22.40 22.92 22.54 22.70 24.19 24.19 23.13 22.05 24.34 22.82 22.48 23.99 24.60 25.68 24.74 23.87 24.33 25.39 26.46 26.04 26.00 26.18 26.56 26.27 26.03 25.99 25.50 25.67 25.87 24.87 24.73 25.30 25.66 25.08 22.27 22.52 24.51 24.86 24.86 24.99 24.99 24.99 24.99 24.79 23.48 23.48 24.40 24.40 21.28 21.28 21.28 21.28 21.28 21.28 21.28 21.28 21.28 99999.90 99999.90 99999.90 99999.90 99999.90
24.02 24.72 25.42 25.52 24.89 23.31 23.79 23.79 24.05 21.56 19.92 19.48 20.25 19.60 20.55 21.54 22.83 21.85 22.55 24.75 24.52 24.03 24.15 21.84 22.34 21.46 23.67 24.36 25.67 25.70 24.89 23.70 24.20 26.30 26.97 26.94 26.86 26.55 26.46 26.67 26.04 25.20 25.27 24.83 24.61 23.84 24.14 25.69 26.00 24.56 24.02 25.93 24.97 24.99 24.99 24.99 24.79 24.79 23.48 23.48 24.40 24.40 22.62 21.28 21.28 21.28 21.28 21.28 21.28 21.28 21.28 21.28 99999.90 99999.90 99999.90 99999.90 99999.90
21.25 22.79 23.20 23.84 22.08 21.83 22.40 22.17 22.31 20.49 19.93 20.65 19.05 21.08 21.67 21.20 21.50 20.54 22.54 23.70 24.45 21.98 22.92 22.56 22.74 22.63 22.87 24.06 24.69 24.73 24.11 23.39 24.96 25.90 26.35 26.32 26.27 26.34 26.52 26.40 25.78 25.91 26.16 24.62 23.97 22.69 23.92 23.37 25.23 24.65 25.79 25.56 23.89 23.47 23.47 24.79 24.79 23.48 23.48 24.40 24.40 22.62 21.28 21.28 21.28 21.28 21.28 21.28 21.28 21.28 21.28 21.28 99999.90 99999.90 99999.90 99999.90 99999.90
21.47 21.93 21.24 22.01 21.72 20.24 20.26 21.16 20.92 20.76 20.61 19.71 18.91 19.76 21.18 22.48 21.87 21.66 22.22 23.69 23.24 22.92 22.11 23.82 24.02 21.97 21.93 22.79 24.38 24.15 24.83 25.45 25.25 26.20 26.41 26.05 25.69 26.34 26.95 25.80 25.93 25.90 24.93 25.08 24.67 22.24 23.42 24.58 24.75 24.69 25.01 24.43 22.22 23.50 24.79 24.79 23.48 23.48 24.40 24.40 22.62 22.62 21.28 21.28 21.28 21.28 21.28 21.28 21.28 21.28 21.28 21.28 99999.90 99999.90 99999.90 99999.90 99999.90
19.62 18.12 17.88 19.49 20.58 18.35 20.07 20.46 20.11 20.80 19.23 18.25 17.98 15.11 17.88 21.48 20.06 21.69 22.16 23.54 23.22 22.90 21.99 22.51 23.65 20.99 19.76 21.06 22.25 24.19 25.04 25.30 25.78 25.54 24.90 24.77 25.54 24.92 25.84 25.32 24.42 25.49 24.88 25.99 25.69 22.70 23.32 24.15 26.23 24.43 24.71 23.49 23.94 23.60 24.21 23.48 23.48 24.40 24.40 22.62 22.62 21.28 21.28 21.28 21.28 21.28 21.28 21.28 21.28 21.28 21.28 21.28 23.27 99999.90 99999.90 99999.90 99999.90
17.82 16.81 15.31 16.54 17.80 17.39 18.54 19.95 20.20 19.59 18.52 17.98 17.88 17.00 18.63 19.00 20.73 21.79 21.44 21.82 23.66 23.70 23.35 23.14 21.80 19.27 19.18 20.44 22.46 23.27 22.96 23.14 24.57 23.93 24.38 24.82 25.93 25.28 25.05 23.08 23.28 25.52 26.11 25.59 25.32 22.21 23.96 22.62 25.33 22.83 22.02 23.54 22.79 23.25 23.78 24.67 24.40 24.40 22.62 22.62 20.34 21.28 21.28 21.28 21.28 21.28 21.28 21.28 21.28 21.28 21.28 21.28 23.27 99999.90 99999.90 99999.90 99999.90
