main/data/irradiance/09.08.2023.grid
ncols 839
nrows 679
xllcenter 112.0500
yllcenter -43.9500
cellsize 0.0500
nodata_value 99999.90
[rows 306 to 339 of 679, columns 231 to 307 of 839]
17.77 17.78 17.76 17.76 17.76 17.78 17.74 17.78 17.73 17.73 17.73 17.72 17.72 17.74 17.75 17.78 17.78 17.81 17.79 17.78 17.78 17.78 17.77 17.80 17.80 17.80 17.78 17.74 17.77 17.77 17.77 17.75 17.76 17.74 17.74 17.74 17.74 17.77 17.75 17.74 17.72 17.72 17.72 17.73 17.72 17.71 17.73 17.73 17.78 17.79 17.79 17.77 17.77 17.80 17.82 17.85 17.83 17.82 17.83 17.82 17.80 17.80 17.78 17.83 17.86 17.86 17.83 17.79 17.80 17.83 17.82 17.80 17.80 17.81 17.82 17.77 17.81
17.73 17.72 17.73 17.75 17.77 17.75 17.74 17.72 17.74 17.76 17.77 17.77 17.76 17.74 17.73 17.71 17.72 17.74 17.77 17.79 17.80 17.80 17.81 17.81 17.81 17.81 17.79 17.77 17.76 17.77 17.74 17.78 17.77 17.78 17.76 17.75 17.73 17.74 17.73 17.72 17.70 17.72 17.70 17.70 17.71 17.70 17.68 17.75 17.77 17.78 17.77 17.75 17.75 17.77 17.78 17.81 17.82 17.79 17.80 17.78 17.80 17.77 17.75 17.75 17.81 17.83 17.81 17.79 17.79 17.77 17.78 17.76 17.76 17.72 17.74 17.74 17.76
17.72 17.73 17.70 17.72 17.73 17.69 17.67 17.66 17.69 17.72 17.73 17.70 17.67 17.71 17.69 17.71 17.71 17.71 17.74 17.73 17.76 17.75 17.75 17.78 17.80 17.79 17.77 17.73 17.72 17.70 17.70 17.72 17.72 17.71 17.70 17.73 17.72 17.69 17.72 17.68 17.66 17.67 17.67 17.68 17.68 17.66 17.68 17.72 17.73 17.74 17.74 17.72 17.74 17.74 17.77 17.79 17.79 17.78 17.76 17.77 17.78 17.79 17.73 17.74 17.79 17.80 17.82 17.80 17.76 17.77 17.73 17.75 17.74 17.74 17.72 17.70 17.71
17.67 17.69 17.68 17.68 17.67 17.69 17.69 17.64 17.57 17.63 17.68 17.62 17.64 17.71 17.70 17.68 17.69 17.71 17.72 17.74 17.76 17.77 17.72 17.77 17.79 17.79 17.77 17.75 17.75 17.74 17.70 17.71 17.72 17.72 17.74 17.75 17.74 17.68 17.65 17.60 17.68 17.68 17.65 17.63 17.66 17.65 17.70 17.66 17.69 17.68 17.71 17.71 17.72 17.73 17.75 17.75 17.76 17.76 17.71 17.74 17.76 17.77 17.77 17.74 17.71 17.74 17.75 17.76 17.75 17.72 17.72 17.71 17.70 17.73 17.71 17.72 17.72
17.68 17.67 17.68 17.67 17.67 17.68 17.71 17.70 17.68 17.66 17.62 17.68 17.70 17.69 17.73 17.69 17.68 17.70 17.73 17.72 17.73 17.72 17.71 17.74 17.76 17.75 17.75 17.72 17.70 17.70 17.70 17.70 17.72 17.72 17.69 17.70 17.69 17.71 17.68 17.61 17.57 17.57 17.64 17.62 17.63 17.64 17.67 17.67 17.65 17.66 17.64 17.66 17.66 17.66 17.68 17.70 17.72 17.71 17.70 17.71 17.74 17.72 17.71 17.73 17.72 17.76 17.71 17.75 17.74 17.75 17.69 17.67 17.72 17.71 17.72 17.71 17.69
17.65 17.65 17.64 17.64 17.66 17.64 17.64 17.66 17.67 17.66 17.64 17.60 17.66 17.69 17.68 17.64 17.66 17.67 17.70 17.69 17.72 17.71 17.61 17.68 17.69 17.71 17.72 17.70 17.72 17.67 17.72 17.72 17.70 17.70 17.69 17.68 17.66 17.64 17.67 17.67 17.65 17.60 17.64 17.57 17.64 17.66 17.67 17.67 17.65 17.65 17.65 17.66 17.67 17.68 17.69 17.68 17.71 17.71 17.71 17.69 17.72 17.73 17.72 17.73 17.70 17.69 17.70 17.74 17.72 17.71 17.74 17.69 17.67 17.70 17.73 17.73 17.70
17.59 17.60 17.63 17.57 17.57 17.56 17.59 17.59 17.59 17.64 17.61 17.66 17.65 17.70 17.69 17.67 17.69 17.67 17.68 17.65 17.64 17.64 17.61 17.55 17.67 17.68 17.72 17.69 17.70 17.67 17.69 17.65 17.61 17.65 17.66 17.68 17.67 17.68 17.67 17.63 17.64 17.56 17.63 17.63 17.61 17.62 17.60 17.63 17.64 17.66 17.64 17.67 17.65 17.71 17.71 17.73 17.74 17.73 17.73 17.66 17.69 17.68 17.69 17.69 17.67 17.72 17.71 17.76 17.74 17.69 17.72 17.73 17.70 17.69 17.69 17.70 17.69
17.57 17.50 17.57 17.55 17.59 17.59 17.56 17.63 17.59 17.61 17.58 17.63 17.63 17.62 17.61 17.65 17.61 17.60 17.63 17.62 17.63 17.62 17.64 17.63 17.55 17.64 17.65 17.64 17.61 17.62 17.61 17.64 17.64 17.63 17.63 17.62 17.64 17.65 17.66 17.64 17.61 17.58 17.59 17.66 17.69 17.66 17.64 17.65 17.64 17.65 17.64 17.63 17.65 17.67 17.69 17.71 17.72 17.72 17.72 17.70 17.70 17.70 17.69 17.67 17.69 17.67 17.64 17.68 17.72 17.70 17.67 17.68 17.66 17.69 17.67 17.69 17.67
17.56 17.49 17.59 17.55 17.60 17.62 17.57 17.59 17.62 17.62 17.57 17.55 17.55 17.56 17.57 17.56 17.58 17.57 17.59 17.60 17.58 17.60 17.63 17.62 17.61 17.60 17.62 17.59 17.58 17.62 17.61 17.63 17.64 17.64 17.63 17.61 17.62 17.59 17.60 17.61 17.60 17.59 17.62 17.62 17.65 17.64 17.62 17.64 17.62 17.61 17.60 17.61 17.62 17.64 17.65 17.69 17.69 17.69 17.70 17.69 17.69 17.66 17.64 17.63 17.64 17.66 17.62 17.65 17.65 17.65 17.64 17.63 17.64 17.66 17.69 17.69 17.66
17.54 17.46 17.54 17.45 17.60 17.51 17.56 17.59 17.59 17.57 17.53 17.54 17.57 17.53 17.54 17.52 17.52 17.52 17.56 17.55 17.55 17.56 17.58 17.55 17.63 17.65 17.65 17.66 17.62 17.60 17.63 17.65 17.65 17.63 17.62 17.63 17.60 17.63 17.60 17.63 17.72 17.63 17.67 17.68 17.67 17.65 17.64 17.61 17.63 17.63 17.63 17.63 17.63 17.62 17.62 17.64 17.64 17.64 17.63 17.63 17.64 17.65 17.61 17.64 17.65 17.65 17.64 17.63 17.64 17.63 17.63 17.62 17.61 17.62 17.63 17.62 17.64
17.44 17.54 17.51 17.52 17.48 17.53 17.56 17.49 17.59 17.50 17.53 17.49 17.51 17.52 17.49 17.49 17.51 17.47 17.53 17.54 17.55 17.59 17.62 17.63 17.64 17.65 17.61 17.62 17.62 17.56 17.58 17.59 17.62 17.61 17.60 17.63 17.58 17.61 17.61 17.65 17.63 17.63 17.61 17.63 17.63 17.64 17.62 17.62 17.61 17.60 17.62 17.60 17.60 17.58 17.62 17.62 17.62 17.64 17.63 17.64 17.63 17.60 17.60 17.58 17.61 17.64 17.65 17.64 17.62 17.63 17.62 17.61 17.61 17.61 17.61 17.63 17.61
17.46 17.38 17.51 17.43 17.35 17.50 17.50 17.53 17.57 17.45 17.55 17.46 17.47 17.50 17.51 17.49 17.50 17.54 17.56 17.56 17.53 17.56 17.61 17.62 17.63 17.62 17.63 17.60 17.60 17.54 17.51 17.54 17.55 17.57 17.58 17.61 17.59 17.62 17.61 17.61 17.61 17.60 17.61 17.63 17.60 17.60 17.61 17.61 17.60 17.59 17.63 17.63 17.64 17.60 17.59 17.59 17.60 17.63 17.61 17.60 17.61 17.60 17.57 17.59 17.58 17.60 17.60 17.59 17.59 17.59 17.62 17.62 17.59 17.59 17.58 17.59 17.60
17.51 17.51 17.29 17.48 17.21 17.46 17.40 17.50 17.47 17.49 17.47 17.43 17.50 17.47 17.43 17.47 17.48 17.53 17.55 17.53 17.55 17.56 17.58 17.60 17.59 17.58 17.57 17.53 17.61 17.54 17.49 17.49 17.51 17.52 17.54 17.62 17.61 17.58 17.57 17.58 17.59 17.57 17.57 17.57 17.61 17.63 17.60 17.59 17.60 17.58 17.61 17.62 17.62 17.61 17.60 17.57 17.59 17.57 17.56 17.53 17.53 17.53 17.56 17.56 17.53 17.54 17.56 17.54 17.53 17.57 17.56 17.56 17.57 17.55 17.56 17.55 17.54
17.51 17.50 17.44 17.40 17.54 17.62 17.44 17.33 17.27 17.20 17.39 17.49 17.51 17.35 17.31 17.36 17.38 17.45 17.49 17.49 17.52 17.49 17.51 17.49 17.52 17.52 17.52 17.51 17.50 17.63 17.59 17.52 17.54 17.54 17.58 17.54 17.57 17.60 17.58 17.54 17.53 17.55 17.57 17.60 17.59 17.60 17.61 17.62 17.63 17.63 17.59 17.58 17.60 17.64 17.64 17.60 17.58 17.55 17.57 17.58 17.57 17.54 17.52 17.53 17.54 17.58 17.59 17.58 17.57 17.56 17.54 17.53 17.55 17.53 17.53 17.50 17.50
17.45 17.55 17.53 17.56 17.59 17.60 17.52 17.44 17.33 17.19 17.40 17.36 17.41 17.27 17.34 17.30 17.39 17.45 17.49 17.48 17.46 17.46 17.47 17.54 17.50 17.52 17.54 17.55 17.64 17.71 17.61 17.44 17.46 17.52 17.59 17.56 17.55 17.53 17.55 17.53 17.52 17.58 17.59 17.59 17.58 17.56 17.59 17.57 17.58 17.60 17.62 17.59 17.53 17.55 17.61 17.61 17.58 17.57 17.57 17.55 17.55 17.53 17.51 17.53 17.52 17.54 17.53 17.53 17.52 17.53 17.55 17.52 17.52 17.50 17.49 17.49 17.47
17.14 17.27 17.46 17.47 17.49 17.55 17.52 17.50 17.48 17.34 17.40 17.25 17.21 17.27 17.08 17.24 17.40 17.38 17.46 17.40 17.41 17.44 17.35 17.41 17.50 17.47 17.59 17.66 17.60 17.51 17.49 17.52 17.50 17.47 17.47 17.50 17.52 17.52 17.54 17.52 17.52 17.55 17.57 17.59 17.59 17.57 17.57 17.57 17.58 17.58 17.59 17.61 17.62 17.56 17.54 17.57 17.58 17.54 17.54 17.54 17.53 17.52 17.54 17.52 17.54 17.53 17.49 17.49 17.52 17.54 17.53 17.50 17.51 17.48 17.50 17.52 17.51
16.93 17.13 17.27 17.44 17.52 17.51 17.57 17.52 17.48 17.45 17.28 17.16 17.23 17.33 17.25 17.11 17.28 17.25 17.32 17.36 17.39 17.41 17.40 17.37 17.30 17.53 17.40 17.37 17.41 17.45 17.47 17.45 17.46 17.43 17.43 17.43 17.46 17.47 17.49 17.50 17.54 17.54 17.56 17.55 17.55 17.56 17.56 17.53 17.54 17.54 17.56 17.56 17.56 17.57 17.58 17.58 17.55 17.54 17.51 17.48 17.55 17.47 17.48 17.52 17.48 17.49 17.48 17.45 17.48 17.47 17.45 17.49 17.48 17.45 17.52 17.51 17.50
17.30 17.42 17.03 17.37 17.21 17.29 17.54 17.56 17.53 17.44 17.45 17.41 17.30 17.22 17.02 16.89 17.21 17.21 17.28 17.20 17.55 17.29 17.44 17.50 17.39 17.39 17.31 17.40 17.43 17.44 17.43 17.50 17.47 17.47 17.46 17.42 17.42 17.44 17.47 17.49 17.52 17.54 17.55 17.53 17.53 17.54 17.53 17.53 17.52 17.53 17.53 17.55 17.53 17.54 17.55 17.54 17.53 17.57 17.51 17.46 17.46 17.49 17.45 17.48 17.51 17.47 17.49 17.44 17.45 17.45 17.44 17.46 17.44 17.44 17.48 17.44 17.44
17.51 17.50 17.43 17.44 16.93 17.27 17.01 17.36 17.48 17.54 17.52 17.45 17.45 17.37 17.13 17.24 17.27 16.71 17.36 17.39 17.59 17.31 17.35 17.21 17.29 17.30 17.34 17.27 17.27 17.33 17.40 17.45 17.47 17.45 17.42 17.41 17.43 17.43 17.43 17.47 17.47 17.48 17.49 17.46 17.48 17.48 17.49 17.48 17.49 17.47 17.47 17.48 17.50 17.52 17.53 17.50 17.48 17.49 17.47 17.49 17.45 17.43 17.45 17.46 17.46 17.45 17.45 17.45 17.45 17.43 17.44 17.43 17.41 17.42 17.45 17.47 17.44
17.48 17.49 17.44 17.45 17.15 17.29 16.89 17.35 17.47 17.43 17.41 17.43 17.43 17.37 17.37 17.38 17.24 17.28 17.36 17.17 17.27 17.19 17.10 17.20 17.20 17.25 17.12 17.21 17.32 17.28 17.37 17.39 17.40 17.37 17.40 17.40 17.42 17.42 17.43 17.45 17.42 17.43 17.45 17.44 17.45 17.46 17.47 17.47 17.48 17.46 17.43 17.44 17.44 17.43 17.45 17.49 17.50 17.47 17.43 17.47 17.47 17.41 17.38 17.38 17.46 17.46 17.43 17.41 17.38 17.39 17.40 17.39 17.36 17.36 17.37 17.40 17.38
17.44 17.45 17.47 17.44 17.43 17.53 17.12 17.32 17.41 17.40 17.36 17.40 17.38 17.40 17.43 17.38 17.35 17.39 17.27 17.20 17.03 17.21 17.19 17.13 17.14 17.19 17.02 17.03 17.09 17.14 17.29 17.27 17.28 17.29 17.35 17.39 17.37 17.37 17.43 17.43 17.43 17.40 17.43 17.45 17.41 17.40 17.42 17.42 17.45 17.47 17.40 17.41 17.45 17.49 17.50 17.51 17.49 17.49 17.46 17.46 17.43 17.44 17.50 17.48 17.44 17.47 17.47 17.44 17.43 17.43 17.43 17.42 17.42 17.44 17.43 17.42 17.41
17.35 17.42 17.41 17.40 17.50 17.44 16.95 17.08 17.41 17.21 17.37 17.40 17.43 17.41 17.41 17.41 17.47 17.36 17.32 17.33 17.32 17.31 17.20 17.21 17.29 17.18 17.06 17.15 17.01 17.09 17.27 17.28 17.25 17.24 17.31 17.34 17.28 17.35 17.34 17.40 17.40 17.42 17.45 17.45 17.46 17.47 17.43 17.42 17.43 17.45 17.46 17.39 17.41 17.42 17.45 17.45 17.45 17.45 17.45 17.46 17.42 17.40 17.44 17.44 17.45 17.42 17.45 17.49 17.47 17.45 17.43 17.43 17.41 17.41 17.43 17.42 17.38
17.34 17.34 17.38 17.40 17.39 17.32 16.96 17.31 17.42 17.41 17.42 17.41 17.44 17.47 17.43 17.44 17.52 17.29 17.27 17.28 17.28 17.24 17.15 17.26 17.29 17.28 17.28 17.24 17.04 16.90 17.30 17.27 17.07 17.21 17.20 17.21 17.27 17.31 17.31 17.37 17.37 17.39 17.36 17.41 17.45 17.46 17.47 17.42 17.41 17.42 17.42 17.44 17.37 17.37 17.39 17.42 17.42 17.41 17.42 17.43 17.41 17.34 17.42 17.41 17.42 17.41 17.39 17.39 17.47 17.43 17.41 17.42 17.38 17.38 17.41 17.44 17.45
17.37 17.35 17.39 17.39 17.34 17.34 17.33 17.24 17.34 17.40 17.40 17.40 17.36 17.39 17.37 17.33 17.31 17.23 17.21 17.23 17.21 17.27 17.30 17.33 17.26 17.25 17.24 17.18 17.23 17.12 17.20 17.25 17.10 17.14 17.13 17.23 17.27 17.32 17.25 17.30 17.37 17.36 17.40 17.40 17.41 17.40 17.44 17.42 17.38 17.39 17.41 17.45 17.46 17.49 17.44 17.41 17.39 17.38 17.39 17.38 17.36 17.39 17.38 17.36 17.39 17.31 17.32 17.34 17.38 17.42 17.36 17.36 17.37 17.38 17.41 17.42 17.38
17.30 17.35 17.31 17.31 17.28 17.24 17.09 17.19 17.25 17.38 17.41 17.37 17.33 17.30 17.27 17.24 17.18 17.04 17.18 17.18 17.08 17.21 17.23 17.25 17.27 17.24 17.24 17.22 17.15 17.09 17.10 17.14 17.11 17.09 17.03 17.17 17.19 17.27 17.24 17.30 17.29 17.32 17.32 17.34 17.35 17.38 17.40 17.45 17.40 17.34 17.35 17.36 17.40 17.41 17.43 17.39 17.38 17.37 17.38 17.36 17.35 17.40 17.44 17.40 17.37 17.37 17.37 17.36 17.39 17.40 17.40 17.36 17.35 17.36 17.36 17.36 17.33
17.37 17.33 17.28 17.28 17.29 17.25 17.27 17.27 17.22 17.31 17.34 17.27 17.35 17.30 17.29 17.29 17.28 17.26 17.20 16.99 17.11 17.25 17.16 17.11 17.28 17.27 17.29 17.31 17.29 17.30 17.21 17.30 17.27 17.20 17.08 17.18 17.18 17.22 17.18 17.24 17.27 17.23 17.26 17.38 17.35 17.33 17.36 17.41 17.42 17.39 17.36 17.33 17.35 17.35 17.41 17.43 17.33 17.35 17.32 17.33 17.35 17.35 17.36 17.39 17.35 17.37 17.41 17.42 17.38 17.39 17.38 17.37 17.35 17.34 17.33 17.31 17.27
17.30 17.29 17.31 17.35 17.29 17.26 17.31 17.33 17.28 17.30 17.34 17.28 17.31 17.27 17.25 17.26 17.26 17.24 17.21 17.23 17.17 17.12 17.19 17.14 17.17 17.14 17.18 17.19 17.09 17.09 17.08 17.29 17.22 17.17 17.16 17.12 17.20 17.18 17.20 17.20 17.16 17.12 17.25 17.27 17.32 17.32 17.31 17.32 17.41 17.40 17.40 17.40 17.42 17.46 17.42 17.46 17.41 17.30 17.31 17.31 17.32 17.38 17.35 17.35 17.40 17.42 17.40 17.35 17.43 17.36 17.39 17.33 17.28 17.29 17.30 17.32 17.28
17.19 17.28 17.37 17.34 17.32 17.28 17.29 17.28 17.27 17.28 17.32 17.26 17.29 17.29 17.19 17.28 17.26 17.26 17.25 17.27 17.31 17.25 17.21 17.05 17.21 17.14 17.07 17.28 17.22 17.22 17.23 17.24 17.27 17.19 17.21 17.22 17.20 17.25 17.13 17.14 17.22 17.26 17.15 17.26 17.22 17.23 17.30 17.34 17.34 17.30 17.31 17.35 17.36 17.37 17.40 17.42 17.36 17.27 17.31 17.36 17.34 17.35 17.38 17.38 17.39 17.36 17.37 17.43 17.42 17.41 17.39 17.37 17.31 17.30 17.33 17.30 17.29
17.24 17.25 17.24 17.23 17.23 17.23 17.27 17.27 17.28 17.27 17.28 17.27 17.26 17.31 17.22 17.25 17.24 17.24 17.28 17.25 17.29 17.25 17.25 17.18 17.15 17.10 17.13 17.24 17.24 17.21 17.08 17.16 17.12 17.21 16.99 16.85 17.08 17.16 17.12 17.14 17.17 17.14 17.12 17.23 17.25 17.25 17.22 17.26 17.24 17.51 17.49 17.31 17.28 17.33 17.35 17.35 17.30 17.27 17.30 17.34 17.35 17.31 17.33 17.34 17.34 17.36 17.34 17.32 17.38 17.29 17.31 17.34 17.29 17.24 17.24 17.23 17.24
17.12 17.10 17.16 17.30 17.33 17.30 17.29 17.29 17.32 17.30 17.24 17.21 17.21 17.22 17.20 17.20 17.16 17.14 17.20 17.24 17.27 17.27 17.24 17.24 17.26 17.21 17.16 17.25 17.16 17.19 17.18 17.05 17.06 16.91 16.79 17.04 17.19 16.81 17.06 17.16 17.08 16.98 16.91 17.10 17.20 17.24 17.26 17.21 17.41 17.52 17.47 17.42 17.30 17.32 17.31 17.29 17.29 17.30 17.29 17.30 17.35 17.30 17.30 17.33 17.33 17.37 17.39 17.32 17.29 17.32 17.31 17.28 17.32 17.30 17.31 17.26 17.31
17.14 17.22 17.19 17.30 17.27 17.30 17.32 17.28 17.23 17.21 17.20 17.20 17.20 17.20 17.20 17.17 17.17 17.15 17.16 17.16 17.25 17.24 17.26 17.20 17.22 17.27 17.23 17.18 17.22 17.20 17.05 16.97 17.01 16.99 17.08 16.74 17.13 16.91 16.92 16.95 17.01 17.02 17.18 17.07 17.09 17.19 17.23 17.19 17.27 17.41 17.31 17.17 17.17 17.20 17.21 17.22 17.24 17.26 17.26 17.29 17.33 17.34 17.36 17.32 17.29 17.30 17.30 17.27 17.26 17.28 17.27 17.25 17.25 17.23 17.24 17.25 17.22
17.04 16.92 16.95 17.07 17.08 17.20 17.27 17.17 17.15 17.17 17.02 17.11 17.12 17.20 17.23 17.17 17.17 17.16 17.11 17.11 17.16 17.22 17.16 17.12 17.12 17.12 17.21 17.21 17.19 17.11 17.16 16.99 16.88 17.08 17.02 16.87 16.90 17.01 17.10 17.13 16.76 17.07 16.98 16.98 17.18 17.14 17.13 17.15 17.14 17.14 17.17 17.17 17.18 17.16 17.29 17.15 17.21 17.23 17.15 17.22 17.28 17.34 17.33 17.29 17.27 17.24 17.27 17.25 17.27 17.31 17.29 17.27 17.21 17.21 17.19 17.17 17.16
16.79 16.55 16.69 16.85 17.13 17.13 16.98 16.97 17.03 16.98 17.10 17.14 17.10 17.13 17.17 17.16 17.09 17.11 17.08 17.08 17.17 17.18 17.21 17.19 17.18 17.15 17.12 17.19 17.17 17.15 17.17 17.14 17.06 16.98 16.67 16.78 16.86 17.01 16.77 16.91 16.85 16.84 16.96 16.87 16.86 17.00 16.86 16.92 17.16 17.22 17.17 17.06 17.20 17.21 17.10 17.07 17.15 17.15 17.10 17.21 17.24 17.25 17.27 17.27 17.26 17.24 17.26 17.26 17.20 17.21 17.24 17.24 17.23 17.20 17.21 17.19 17.18
16.91 16.90 17.03 17.12 17.05 17.14 17.17 17.17 17.13 16.98 16.94 16.99 17.04 16.90 16.90 16.92 16.89 16.82 17.04 17.08 17.09 17.09 17.18 17.18 17.15 17.17 17.16 17.12 17.13 17.13 17.13 17.17 17.18 17.01 16.91 16.95 16.90 16.99 17.03 17.12 17.05 16.88 16.96 17.02 16.90 17.10 17.05 17.05 17.08 17.10 17.02 16.93 17.21 17.15 17.12 17.15 17.06 17.07 17.04 17.03 17.17 17.27 17.30 17.25 17.22 17.22 17.24 17.26 17.22 17.20 17.23 17.24 17.23 17.18 17.19 17.18 17.20
