main/data/irradiance/09.08.2023.grid
ncols 839
nrows 679
xllcenter 112.0500
yllcenter -43.9500
cellsize 0.0500
nodata_value 99999.90
[rows 272 to 305 of 679, columns 462 to 538 of 839]
18.47 18.48 18.51 18.50 18.50 18.53 18.59 18.59 18.58 18.59 18.53 18.52 18.50 18.49 18.49 18.51 18.49 18.50 18.52 18.54 18.53 18.49 18.50 18.50 18.51 18.51 18.50 18.51 18.52 18.58 18.54 18.52 18.50 18.48 18.50 18.51 18.52 18.51 18.54 18.53 18.54 18.59 18.56 18.55 18.56 18.57 18.55 18.54 18.57 18.60 18.57 18.55 18.53 18.53 18.57 18.54 18.56 18.59 18.56 18.56 18.54 18.52 18.53 18.55 18.53 18.57 18.60 18.56 18.62 18.59 18.61 18.52 18.47 18.47 18.52 18.51 18.44
18.44 18.46 18.45 18.47 18.46 18.46 18.46 18.52 18.48 18.51 18.50 18.50 18.50 18.47 18.45 18.45 18.46 18.47 18.51 18.51 18.51 18.50 18.50 18.50 18.49 18.50 18.50 18.47 18.50 18.53 18.57 18.54 18.48 18.47 18.47 18.48 18.49 18.49 18.52 18.53 18.52 18.62 18.61 18.55 18.53 18.54 18.54 18.54 18.55 18.55 18.56 18.55 18.52 18.48 18.50 18.50 18.51 18.54 18.55 18.55 18.52 18.51 18.51 18.53 18.51 18.53 18.51 18.53 18.56 18.56 18.45 18.48 18.42 18.45 18.47 18.49 18.39
18.41 18.40 18.40 18.43 18.46 18.49 18.49 18.45 18.47 18.52 18.50 18.46 18.44 18.47 18.46 18.44 18.44 18.44 18.45 18.46 18.47 18.50 18.49 18.48 18.49 18.48 18.47 18.47 18.50 18.52 18.55 18.53 18.47 18.47 18.45 18.46 18.47 18.49 18.53 18.51 18.51 18.58 18.63 18.54 18.50 18.51 18.52 18.52 18.51 18.54 18.55 18.55 18.53 18.52 18.48 18.48 18.50 18.49 18.49 18.52 18.49 18.48 18.49 18.49 18.49 18.51 18.51 18.53 18.55 18.56 18.45 18.47 18.44 18.36 18.31 18.35 18.46
18.40 18.39 18.39 18.41 18.39 18.42 18.44 18.45 18.48 18.50 18.48 18.49 18.48 18.45 18.45 18.45 18.45 18.45 18.46 18.46 18.44 18.46 18.48 18.46 18.47 18.49 18.49 18.47 18.48 18.50 18.54 18.56 18.47 18.46 18.45 18.44 18.47 18.48 18.48 18.48 18.51 18.57 18.60 18.54 18.51 18.49 18.50 18.51 18.49 18.52 18.53 18.54 18.53 18.51 18.49 18.46 18.48 18.47 18.48 18.49 18.47 18.46 18.48 18.48 18.48 18.48 18.46 18.53 18.58 18.54 18.51 18.47 18.32 18.27 18.38 18.49 18.43
18.36 18.35 18.38 18.37 18.34 18.32 18.40 18.43 18.42 18.44 18.43 18.44 18.46 18.44 18.43 18.40 18.40 18.41 18.40 18.41 18.42 18.41 18.41 18.41 18.42 18.43 18.46 18.44 18.43 18.45 18.48 18.53 18.52 18.46 18.44 18.42 18.42 18.41 18.42 18.44 18.51 18.46 18.54 18.51 18.48 18.47 18.46 18.46 18.47 18.49 18.48 18.49 18.49 18.47 18.45 18.45 18.45 18.44 18.43 18.41 18.43 18.43 18.45 18.46 18.46 18.46 18.45 18.47 18.47 18.43 18.43 18.35 18.36 18.35 18.55 18.49 18.46
18.34 18.36 18.34 18.36 18.36 18.33 18.37 18.39 18.37 18.40 18.42 18.41 18.39 18.44 18.41 18.41 18.40 18.40 18.41 18.40 18.38 18.39 18.40 18.42 18.41 18.41 18.44 18.45 18.44 18.42 18.45 18.50 18.46 18.47 18.46 18.43 18.40 18.42 18.41 18.42 18.45 18.43 18.50 18.53 18.47 18.45 18.45 18.46 18.47 18.48 18.45 18.48 18.47 18.44 18.44 18.42 18.42 18.44 18.45 18.42 18.44 18.43 18.43 18.43 18.43 18.43 18.42 18.43 18.46 18.40 18.40 18.30 18.32 18.45 18.53 18.55 18.36
18.36 18.35 18.34 18.34 18.34 18.31 18.32 18.34 18.37 18.41 18.36 18.38 18.37 18.39 18.39 18.39 18.40 18.39 18.42 18.39 18.39 18.39 18.39 18.38 18.39 18.40 18.41 18.41 18.41 18.41 18.42 18.43 18.44 18.41 18.44 18.43 18.41 18.40 18.39 18.38 18.44 18.41 18.38 18.41 18.42 18.41 18.44 18.42 18.42 18.45 18.44 18.45 18.43 18.41 18.41 18.41 18.39 18.40 18.40 18.39 18.42 18.42 18.41 18.41 18.41 18.41 18.41 18.40 18.42 18.39 18.43 18.42 18.18 18.42 18.54 18.57 18.36
18.28 18.33 18.32 18.32 18.32 18.30 18.28 18.32 18.35 18.34 18.32 18.35 18.35 18.35 18.35 18.36 18.37 18.37 18.37 18.37 18.39 18.37 18.37 18.37 18.39 18.39 18.40 18.38 18.39 18.39 18.37 18.37 18.37 18.37 18.37 18.37 18.40 18.41 18.40 18.41 18.41 18.39 18.38 18.40 18.40 18.39 18.41 18.40 18.42 18.42 18.40 18.41 18.42 18.40 18.41 18.41 18.39 18.38 18.38 18.39 18.40 18.40 18.39 18.39 18.41 18.40 18.39 18.36 18.37 18.35 18.41 18.38 18.33 18.41 18.46 18.40 18.48
18.27 18.27 18.29 18.29 18.32 18.33 18.31 18.33 18.35 18.31 18.32 18.31 18.33 18.31 18.33 18.34 18.35 18.34 18.35 18.35 18.35 18.37 18.36 18.36 18.37 18.36 18.38 18.38 18.38 18.39 18.36 18.35 18.35 18.32 18.31 18.31 18.33 18.37 18.40 18.39 18.39 18.36 18.37 18.36 18.37 18.37 18.38 18.37 18.37 18.38 18.40 18.39 18.39 18.41 18.42 18.41 18.40 18.39 18.40 18.38 18.39 18.39 18.37 18.35 18.35 18.37 18.38 18.35 18.34 18.33 18.35 18.36 18.21 18.45 18.36 18.36 18.43
18.27 18.25 18.27 18.30 18.34 18.34 18.34 18.33 18.31 18.31 18.37 18.29 18.25 18.29 18.30 18.31 18.30 18.32 18.32 18.32 18.34 18.35 18.35 18.33 18.31 18.32 18.33 18.32 18.32 18.34 18.31 18.30 18.30 18.29 18.27 18.27 18.30 18.31 18.34 18.36 18.38 18.35 18.34 18.34 18.36 18.37 18.39 18.37 18.36 18.36 18.38 18.40 18.38 18.38 18.39 18.40 18.39 18.38 18.38 18.38 18.38 18.39 18.37 18.35 18.33 18.32 18.34 18.35 18.33 18.30 18.32 18.38 18.16 18.36 18.39 18.41 18.39
18.23 18.23 18.22 18.24 18.25 18.30 18.31 18.32 18.30 18.31 18.32 18.30 18.27 18.24 18.27 18.27 18.28 18.28 18.29 18.31 18.31 18.31 18.31 18.31 18.30 18.27 18.28 18.30 18.26 18.32 18.02 18.22 18.30 18.29 18.30 18.27 18.28 18.29 18.31 18.33 18.34 18.34 18.34 18.35 18.33 18.36 18.34 18.36 18.35 18.37 18.36 18.37 18.36 18.36 18.36 18.37 18.36 18.36 18.38 18.38 18.41 18.41 18.39 18.35 18.34 18.33 18.32 18.31 18.30 18.28 18.29 18.33 18.35 18.33 18.33 18.36 18.36
18.19 18.21 18.22 18.21 18.22 18.24 18.27 18.28 18.31 18.29 18.31 18.28 18.29 18.27 18.25 18.26 18.25 18.25 18.26 18.28 18.29 18.29 18.29 18.29 18.30 18.26 18.26 18.29 18.28 18.25 18.24 18.33 18.28 18.29 18.29 18.25 18.27 18.27 18.28 18.29 18.32 18.36 18.36 18.32 18.32 18.31 18.30 18.32 18.32 18.34 18.32 18.35 18.34 18.34 18.34 18.33 18.33 18.36 18.37 18.38 18.35 18.39 18.39 18.34 18.34 18.32 18.30 18.30 18.27 18.21 18.26 18.27 18.31 18.35 18.36 18.34 18.40
18.17 18.16 18.19 18.19 18.18 18.20 18.22 18.22 18.25 18.29 18.29 18.29 18.25 18.26 18.24 18.21 18.20 18.19 18.21 18.22 18.25 18.24 18.23 18.25 18.27 18.27 18.27 18.28 18.30 18.30 18.25 18.28 18.28 18.25 18.26 18.26 18.24 18.26 18.25 18.25 18.29 18.33 18.35 18.36 18.37 18.29 18.29 18.30 18.30 18.30 18.31 18.33 18.33 18.31 18.32 18.30 18.32 18.34 18.34 18.36 18.37 18.38 18.38 18.42 18.36 18.32 18.29 18.27 17.97 17.62 17.64 18.21 18.28 18.34 18.36 18.40 18.38
18.17 18.17 18.18 18.20 18.18 18.18 18.17 18.20 18.20 18.25 18.21 18.20 18.24 18.22 18.26 18.25 18.23 18.18 18.17 18.19 18.23 18.22 18.19 18.19 18.20 18.22 18.24 18.24 18.26 18.30 18.24 18.26 18.24 18.24 18.23 18.23 18.22 18.22 18.23 18.24 18.25 18.29 18.30 18.32 18.33 18.33 18.28 18.30 18.28 18.27 18.26 18.27 18.31 18.30 18.32 18.30 18.30 18.32 18.31 18.33 18.34 18.32 18.32 18.37 18.36 18.35 18.28 18.27 18.21 18.20 17.53 17.57 18.24 18.29 18.32 18.33 18.25
18.25 18.17 18.12 18.16 18.19 18.16 18.14 18.16 18.19 18.20 18.16 18.17 18.19 18.23 18.25 18.23 18.23 18.19 18.16 18.15 18.16 18.19 18.21 18.19 18.18 18.17 18.19 18.22 18.21 18.17 18.21 18.21 18.23 18.21 18.19 18.21 18.22 18.21 18.20 18.21 18.21 18.22 18.23 18.23 18.25 18.28 18.24 18.25 18.24 18.23 18.23 18.23 18.25 18.28 18.28 18.25 18.25 18.28 18.27 18.29 18.29 18.28 18.28 18.30 18.32 18.30 18.31 18.28 18.25 18.28 18.26 18.19 18.20 18.23 18.26 18.25 18.05
18.19 18.15 18.13 18.10 18.10 18.09 18.11 18.11 18.14 18.15 18.12 18.12 18.14 18.17 18.15 18.17 18.18 18.16 18.16 18.15 18.15 18.15 18.19 18.18 18.17 18.17 18.17 18.17 18.14 18.16 18.20 18.18 18.20 18.21 18.19 18.18 18.18 18.21 18.20 18.20 18.22 18.23 18.19 18.23 18.23 18.23 18.23 18.22 18.22 18.19 18.19 18.20 18.20 18.23 18.24 18.24 18.23 18.24 18.24 18.26 18.30 18.31 18.28 18.26 18.28 18.26 18.27 18.28 18.27 18.28 18.25 18.21 18.16 18.08 18.07 18.16 18.05
18.10 18.11 18.11 18.10 18.09 18.08 18.08 18.10 18.08 18.10 18.09 18.10 18.08 18.13 18.11 18.13 18.15 18.14 18.14 18.12 18.14 18.15 18.14 18.13 18.13 18.12 18.13 18.13 18.14 17.98 18.14 18.16 18.18 18.18 18.18 18.17 18.16 18.16 18.15 18.16 18.17 18.19 18.16 18.18 18.16 18.18 18.19 18.17 18.19 18.18 18.16 18.16 18.18 18.21 18.21 18.19 18.19 18.20 18.21 18.22 18.26 18.26 18.26 18.26 18.26 18.22 18.23 18.24 18.30 18.24 18.17 18.17 18.19 18.12 18.08 18.02 18.13
18.09 18.07 18.09 18.09 18.07 18.06 18.05 18.07 18.06 18.04 18.05 18.10 18.10 18.12 18.12 18.13 18.13 18.11 18.11 18.12 18.10 18.13 18.10 18.10 18.12 18.10 18.11 18.11 18.12 18.12 18.13 18.15 18.14 18.15 18.14 18.15 18.15 18.12 18.11 18.11 18.14 18.13 18.14 18.15 18.15 18.17 18.16 18.14 18.16 18.18 18.20 18.17 18.19 18.21 18.19 18.19 18.22 18.20 18.19 18.22 18.23 18.23 18.25 18.25 18.24 18.24 18.24 18.23 18.23 18.33 18.39 18.40 18.22 18.15 18.24 18.13 18.14
18.08 18.06 18.07 18.07 18.09 18.06 18.03 18.02 18.05 18.03 18.04 18.07 18.10 18.09 18.10 18.09 18.10 18.08 18.11 18.12 18.10 18.09 18.08 18.08 18.07 18.08 18.09 18.10 18.10 18.10 18.10 18.11 18.11 18.12 18.14 18.12 18.06 18.09 18.11 18.12 18.09 18.09 18.11 18.12 18.11 18.15 18.15 18.11 18.11 18.16 18.19 18.20 18.17 18.17 18.16 18.15 18.14 18.14 18.17 18.20 18.23 18.22 18.21 18.22 18.25 18.25 18.22 18.21 18.18 18.32 18.28 18.15 18.22 18.12 18.21 18.19 18.11
18.04 18.06 18.07 18.05 18.07 18.06 18.03 18.01 18.02 18.03 18.01 18.04 18.05 18.08 18.07 18.06 18.08 18.04 18.06 18.10 18.11 18.07 18.06 18.05 18.05 18.07 18.05 18.07 18.08 18.07 18.07 18.08 18.10 18.10 18.09 18.09 18.10 18.08 18.08 18.08 18.07 18.06 18.08 18.07 18.07 18.09 18.11 18.11 18.12 18.13 18.14 18.14 18.14 18.13 18.13 18.13 18.12 18.10 18.11 18.14 18.15 18.17 18.20 18.21 18.22 18.22 18.21 18.20 18.18 18.19 18.22 18.12 18.13 18.11 18.30 18.11 18.20
18.02 18.03 18.04 18.02 18.02 18.01 17.99 17.98 17.97 17.98 17.99 17.99 18.02 18.03 18.01 18.03 18.05 18.02 18.04 18.07 18.08 18.09 18.06 18.07 18.05 18.07 18.05 18.05 18.08 18.09 18.05 18.06 18.07 18.07 18.07 18.06 18.07 18.05 18.06 18.07 18.07 18.08 18.08 18.08 18.07 18.06 18.09 18.10 18.11 18.11 18.11 18.11 18.11 18.11 18.09 18.10 18.09 18.09 18.09 18.11 18.12 18.13 18.15 18.16 18.16 18.18 18.19 18.19 18.16 18.12 18.13 18.11 18.08 18.09 18.09 18.13 18.11
18.02 18.00 18.02 18.00 18.00 17.99 17.97 17.98 17.94 17.94 17.98 17.97 17.98 18.00 18.00 18.00 18.01 18.01 18.01 18.04 18.04 18.06 18.05 18.06 18.05 18.05 18.02 18.02 18.03 18.03 18.02 18.03 18.04 18.04 18.02 18.02 18.03 18.03 18.03 18.03 18.06 18.02 18.02 18.05 18.07 18.06 18.09 18.09 18.10 18.10 18.06 18.06 18.08 18.11 18.09 18.07 18.07 18.07 18.09 18.10 18.10 18.10 18.11 18.09 18.10 18.13 18.16 18.15 18.15 18.21 18.02 18.03 18.06 17.95 18.07 17.99 18.11
18.00 17.98 17.99 18.01 17.97 17.97 17.96 17.98 17.94 17.93 17.92 17.91 17.93 17.93 17.95 17.97 17.96 17.95 17.98 17.97 17.99 17.99 18.00 18.02 18.04 18.05 18.03 18.02 18.02 18.03 18.01 18.00 18.00 18.00 18.01 18.01 18.00 18.00 17.99 17.98 18.01 17.99 17.99 17.99 18.01 18.04 18.06 18.07 18.06 18.07 18.05 18.04 18.04 18.05 18.06 18.04 18.04 18.05 18.05 18.07 18.08 18.06 18.06 18.07 18.03 18.05 18.07 18.09 18.09 18.16 18.02 17.92 18.04 18.06 17.97 18.01 17.89
17.94 17.93 17.96 17.97 17.97 17.93 17.92 17.92 17.90 17.91 17.89 17.89 17.89 17.91 17.89 17.91 17.92 17.94 17.96 17.95 17.97 17.97 18.00 18.00 18.02 18.03 18.05 18.03 18.03 18.02 18.03 18.01 18.00 17.99 17.98 17.99 18.00 18.01 18.01 18.00 18.01 18.01 17.99 18.00 17.99 18.00 18.03 18.05 18.04 18.04 18.03 18.03 18.03 18.05 18.03 18.02 18.02 18.03 18.04 18.04 18.05 18.05 18.03 18.03 18.04 18.03 18.04 18.04 18.08 18.14 18.12 18.01 17.99 17.87 17.90 17.84 17.84
17.94 17.91 17.92 17.93 17.96 17.97 17.93 17.89 17.92 17.89 17.89 17.93 17.92 17.90 17.88 17.90 17.91 17.91 17.93 17.95 17.94 17.95 17.96 17.97 18.00 18.03 18.03 18.04 18.01 18.00 17.99 17.98 17.99 17.97 17.96 17.96 17.97 17.98 17.98 17.98 17.96 17.98 17.99 17.97 17.94 17.95 17.95 17.96 17.97 18.00 18.01 18.03 18.03 18.02 18.03 18.00 18.01 18.02 18.02 18.02 18.03 18.01 18.00 17.99 17.99 18.00 17.99 18.00 17.97 18.06 18.12 17.92 17.92 17.92 17.87 17.88 17.86
17.89 17.89 17.89 17.90 17.93 17.92 17.92 17.88 17.88 17.89 17.94 17.92 17.88 17.86 17.87 17.87 17.88 17.88 17.88 17.91 17.92 17.93 17.94 17.94 17.96 17.98 18.00 18.01 18.01 18.00 17.99 17.98 17.97 17.97 17.96 17.97 17.95 17.96 17.95 17.97 17.97 17.93 17.95 17.96 17.96 17.96 17.94 17.92 17.92 17.93 17.97 17.99 17.99 18.02 18.01 18.01 17.98 17.98 18.00 18.03 18.03 17.99 18.00 18.02 18.02 18.00 17.99 18.05 17.90 17.98 18.06 18.07 18.05 17.96 17.94 17.87 17.86
17.86 17.87 17.87 17.90 17.88 17.91 17.86 17.85 17.93 17.90 17.91 17.87 17.85 17.83 17.82 17.85 17.86 17.89 17.89 17.89 17.91 17.92 17.94 17.94 17.94 17.95 17.96 17.99 17.98 17.98 17.98 17.96 17.97 17.96 17.96 17.95 17.96 17.97 17.94 17.95 17.96 17.95 17.94 17.93 17.91 17.92 17.89 17.90 17.89 17.87 17.86 17.95 17.98 17.97 17.97 17.99 18.00 17.95 17.95 17.99 17.99 17.99 18.00 17.99 17.96 17.99 17.93 18.05 17.97 17.99 17.85 17.88 17.96 17.99 18.02 17.90 17.96
17.83 17.82 17.87 17.86 17.80 17.90 17.91 17.88 17.86 17.90 17.88 17.83 17.80 17.81 17.82 17.81 17.82 17.81 17.85 17.85 17.86 17.88 17.90 17.91 17.91 17.93 17.93 17.92 17.94 17.94 17.93 17.94 17.92 17.92 17.92 17.93 17.93 17.93 17.91 17.91 17.92 17.93 17.93 17.91 17.91 17.89 17.89 17.88 17.87 17.87 17.87 17.89 17.94 17.96 17.94 17.96 17.96 17.93 17.93 17.95 17.93 17.93 17.95 17.97 17.94 17.93 17.99 17.89 17.89 17.72 17.70 17.86 17.96 17.95 17.87 17.93 17.92
17.81 17.81 17.87 17.89 17.86 17.89 17.92 17.92 17.91 17.85 17.86 17.82 17.80 17.84 17.83 17.84 17.85 17.84 17.84 17.85 17.85 17.87 17.85 17.88 17.90 17.92 17.91 17.90 17.92 17.94 17.94 17.92 17.92 17.92 17.91 17.92 17.93 17.92 17.92 17.92 17.91 17.90 17.90 17.91 17.89 17.88 17.87 17.85 17.88 17.85 17.84 17.85 17.88 17.92 17.92 17.89 17.90 17.89 17.90 17.91 17.89 17.85 17.88 17.93 17.93 17.91 17.96 17.85 17.88 17.74 17.46 17.65 17.89 17.80 17.96 17.93 17.91
17.80 17.83 17.88 17.88 17.81 17.79 17.87 17.90 17.96 17.83 17.79 17.78 17.80 17.82 17.80 17.82 17.84 17.83 17.84 17.83 17.85 17.86 17.84 17.84 17.87 17.87 17.88 17.87 17.90 17.91 17.92 17.91 17.90 17.91 17.91 17.90 17.91 17.89 17.88 17.90 17.90 17.87 17.86 17.87 17.87 17.88 17.86 17.83 17.85 17.85 17.85 17.83 17.84 17.90 17.88 17.84 17.85 17.84 17.85 17.88 17.88 17.83 17.82 17.84 17.86 17.92 17.95 17.85 17.80 17.85 17.89 17.77 17.66 17.67 17.94 17.93 17.92
17.79 17.82 17.84 17.84 17.85 17.84 17.90 17.89 17.86 17.89 17.83 17.78 17.76 17.79 17.81 17.81 17.80 17.78 17.80 17.83 17.81 17.80 17.83 17.83 17.81 17.84 17.86 17.86 17.85 17.88 17.88 17.90 17.91 17.90 17.89 17.89 17.89 17.87 17.85 17.86 17.86 17.87 17.87 17.84 17.85 17.86 17.84 17.84 17.85 17.85 17.86 17.85 17.84 17.85 17.85 17.86 17.86 17.83 17.84 17.85 17.87 17.83 17.81 17.83 17.83 17.79 17.90 17.99 17.79 17.80 17.79 17.84 17.63 17.82 17.95 17.93 17.94
17.76 17.78 17.76 17.79 17.81 17.87 17.84 17.79 17.83 17.81 17.80 17.78 17.73 17.76 17.80 17.82 17.81 17.80 17.78 17.78 17.81 17.78 17.78 17.80 17.80 17.81 17.83 17.84 17.83 17.85 17.85 17.87 17.87 17.88 17.86 17.86 17.85 17.84 17.84 17.85 17.85 17.84 17.85 17.85 17.85 17.85 17.83 17.83 17.86 17.85 17.84 17.86 17.88 17.85 17.83 17.83 17.83 17.83 17.83 17.84 17.83 17.83 17.80 17.82 17.90 17.73 17.70 17.77 17.71 17.76 17.58 17.27 17.79 17.92 17.89 17.96 17.89
17.76 17.77 17.78 17.76 17.77 17.82 17.81 17.81 17.82 17.83 17.80 17.76 17.76 17.79 17.80 17.84 17.83 17.79 17.82 17.79 17.79 17.80 17.80 17.80 17.81 17.82 17.83 17.83 17.82 17.82 17.84 17.85 17.86 17.87 17.87 17.84 17.83 17.83 17.82 17.82 17.82 17.83 17.84 17.83 17.82 17.83 17.83 17.81 17.81 17.82 17.83 17.86 17.85 17.86 17.84 17.82 17.83 17.81 17.80 17.85 17.84 17.81 17.80 17.78 17.74 17.68 17.68 17.69 17.72 17.88 17.61 17.79 17.97 17.88 17.86 17.89 17.86
17.73 17.71 17.77 17.77 17.71 17.72 17.77 17.73 17.75 17.79 17.79 17.74 17.77 17.74 17.78 17.82 17.79 17.76 17.75 17.77 17.76 17.78 17.78 17.80 17.77 17.77 17.76 17.78 17.80 17.80 17.81 17.81 17.82 17.84 17.83 17.81 17.79 17.79 17.80 17.80 17.81 17.81 17.79 17.78 17.76 17.77 17.77 17.78 17.79 17.79 17.81 17.81 17.79 17.81 17.78 17.81 17.81 17.82 17.79 17.81 17.82 17.80 17.77 17.80 17.77 17.69 17.60 17.63 17.75 17.76 17.83 17.94 17.93 17.94 17.89 17.88 17.90
