main/data/irradiance/09.09.2023.grid
ncols 839
nrows 679
xllcenter 112.0500
yllcenter -43.9500
cellsize 0.0500
nodata_value 99999.90
[rows 204 to 237 of 679, columns 539 to 615 of 839]
22.73 22.76 22.69 22.91 22.91 22.93 22.91 22.82 22.76 22.81 22.87 22.91 22.96 22.98 22.90 22.83 22.86 22.89 22.90 22.96 22.93 22.86 22.83 22.92 22.83 22.79 22.81 22.76 22.80 22.75 22.74 22.76 22.70 22.68 22.77 22.83 22.82 22.83 22.82 22.87 22.87 22.90 22.84 22.70 22.70 22.78 22.86 23.01 22.99 22.97 22.86 22.87 22.92 22.79 22.77 22.78 22.77 22.75 22.75 22.76 22.62 22.64 22.70 22.78 22.75 22.71 22.79 22.75 22.72 22.73 22.69 22.62 22.70 22.71 22.78 22.79 22.78
22.85 22.84 22.88 22.97 22.97 22.85 22.91 22.83 22.75 22.86 22.78 22.81 22.80 22.87 22.92 22.82 22.81 22.85 22.85 22.92 22.90 22.86 22.84 22.84 22.83 22.80 22.80 22.78 22.75 22.72 22.70 22.76 22.75 22.73 22.72 22.72 22.82 22.79 22.81 22.83 22.86 22.87 22.79 22.78 22.70 22.75 22.77 22.84 22.87 23.02 22.98 22.89 22.94 22.86 22.89 22.77 22.71 22.71 22.78 22.80 22.71 22.68 22.71 22.78 22.76 22.68 22.75 22.77 22.78 22.74 22.73 22.68 22.65 22.67 22.75 22.77 22.75
22.85 22.85 22.70 22.72 22.65 22.81 22.70 22.88 22.86 22.69 22.74 22.82 22.80 22.72 22.88 22.81 22.81 22.81 22.84 22.89 22.91 22.86 22.80 22.83 22.83 22.80 22.75 22.72 22.70 22.72 22.76 22.80 22.81 22.68 22.74 22.67 22.74 22.77 22.82 22.79 22.80 22.80 22.76 22.70 22.63 22.66 22.68 22.68 22.87 22.93 22.95 22.88 22.89 22.83 22.93 22.78 22.76 22.75 22.75 22.73 22.76 22.73 22.71 22.81 22.81 22.68 22.63 22.69 22.73 22.73 22.75 22.74 22.79 22.69 22.71 22.71 22.64
22.80 22.83 22.76 22.85 22.69 22.52 22.86 22.76 22.86 22.79 22.84 22.87 22.87 22.90 22.92 22.83 22.82 22.85 22.83 22.88 22.86 22.84 22.78 22.81 22.80 22.78 22.73 22.66 22.67 22.73 22.76 22.70 22.68 22.73 22.71 22.68 22.74 22.80 22.86 22.78 22.80 22.78 22.77 22.67 22.59 22.58 22.67 22.79 22.83 22.88 22.88 22.92 22.93 22.98 22.84 22.77 22.67 22.66 22.72 22.69 22.77 22.73 22.77 22.82 22.79 22.61 22.68 22.77 22.80 22.73 22.72 22.68 22.73 22.83 22.71 22.66 22.63
22.74 22.74 22.73 22.81 22.87 22.72 22.88 22.89 22.84 22.85 22.88 22.85 22.86 22.84 22.89 22.82 22.77 22.83 22.85 22.86 22.82 22.79 22.78 22.79 22.72 22.76 22.72 22.69 22.65 22.63 22.77 22.81 22.68 22.77 22.92 22.69 22.67 22.77 22.79 22.82 22.73 22.74 22.67 22.66 22.70 22.61 22.64 22.77 22.70 22.76 22.79 22.85 23.07 22.92 22.82 22.86 22.64 22.65 22.69 22.66 22.68 22.67 22.80 22.87 22.73 22.70 22.69 22.59 22.74 22.77 22.76 22.77 22.90 22.89 22.76 22.69 22.66
22.65 22.64 22.78 22.81 22.63 22.80 22.90 22.87 22.93 22.85 22.88 22.84 22.86 22.87 22.87 22.72 22.79 22.80 22.80 22.79 22.77 22.77 22.80 22.78 22.78 22.73 22.65 22.71 22.61 22.62 22.69 22.78 22.69 22.76 22.67 22.65 22.76 22.80 22.74 22.76 22.70 22.70 22.64 22.62 22.74 22.76 22.77 22.60 22.65 22.69 22.77 22.90 23.02 22.90 22.86 22.90 22.77 22.68 22.58 22.61 22.65 22.65 22.68 22.79 22.67 22.73 22.55 22.59 22.41 22.67 22.52 22.67 22.78 22.69 22.78 22.81 22.71
22.53 22.68 22.73 22.85 22.69 22.85 22.86 22.82 23.01 22.89 22.87 22.87 22.85 22.82 22.79 22.78 22.78 22.78 22.79 22.78 22.78 22.77 22.73 22.74 22.77 22.69 22.62 22.70 22.74 22.74 22.76 22.74 22.75 22.77 22.69 22.62 22.56 22.76 22.67 22.66 22.71 22.73 22.63 22.60 22.67 22.76 22.76 22.70 22.66 22.66 22.74 22.87 22.87 22.83 22.83 22.83 22.79 22.63 22.53 22.64 22.68 22.69 22.68 22.68 22.63 22.64 22.57 22.47 22.54 22.63 22.65 22.61 22.41 22.50 22.76 22.68 22.62
22.57 22.64 22.64 22.56 22.80 22.70 22.67 22.75 22.83 22.89 22.86 22.80 22.89 22.81 22.76 22.75 22.75 22.75 22.77 22.78 22.75 22.76 22.73 22.70 22.76 22.69 22.70 22.71 22.74 22.78 22.74 22.73 22.72 22.72 22.72 22.59 22.45 22.47 22.56 22.53 22.63 22.64 22.59 22.58 22.60 22.61 22.63 22.63 22.69 22.82 22.83 22.80 22.84 22.81 22.83 22.77 22.77 22.66 22.61 22.67 22.69 22.69 22.69 22.63 22.52 22.64 22.67 22.56 22.43 22.25 22.33 22.17 22.33 22.69 22.63 22.55 22.65
22.42 22.50 22.51 22.52 22.41 22.51 22.70 22.84 22.64 22.82 22.84 22.86 22.86 22.86 22.81 22.79 22.80 22.78 22.76 22.80 22.74 22.79 22.73 22.67 22.76 22.76 22.71 22.72 22.76 22.74 22.69 22.65 22.68 22.76 22.78 22.56 22.52 22.45 22.47 22.52 22.55 22.61 22.63 22.63 22.53 22.56 22.66 22.66 22.84 22.78 22.68 22.65 22.72 22.66 22.72 22.71 22.69 22.69 22.65 22.72 22.75 22.70 22.70 22.67 22.68 22.79 22.60 22.65 22.69 22.44 22.33 22.54 22.20 22.62 22.14 22.59 22.59
22.38 22.46 22.30 22.28 22.42 22.65 22.72 22.81 22.81 22.94 22.85 22.85 22.84 22.76 22.83 22.83 22.80 22.78 22.81 22.81 22.76 22.79 22.72 22.70 22.73 22.77 22.71 22.76 22.76 22.75 22.68 22.69 22.73 22.75 22.78 22.67 22.63 22.53 22.53 22.52 22.53 22.66 22.63 22.68 22.54 22.60 22.57 22.72 22.67 22.83 22.74 22.52 22.55 22.69 22.79 22.77 22.81 22.70 22.72 22.81 22.72 22.74 22.82 22.73 22.80 22.54 22.53 22.49 22.53 22.54 22.74 22.19 22.46 22.59 22.34 22.48 22.69
22.43 22.58 22.56 22.33 22.36 22.48 22.67 22.71 22.89 22.85 22.77 22.56 22.85 22.80 22.86 22.85 22.86 22.83 22.76 22.80 22.79 22.86 22.73 22.73 22.76 22.76 22.74 22.77 22.74 22.70 22.68 22.66 22.75 22.75 22.77 22.73 22.70 22.65 22.61 22.53 22.61 22.57 22.58 22.60 22.58 22.48 22.51 22.69 22.68 22.66 22.57 22.37 22.62 22.54 22.67 22.74 22.79 22.85 22.75 22.66 22.71 22.77 22.76 22.74 22.72 22.74 22.55 22.74 22.67 22.56 22.51 22.56 22.58 22.10 22.25 22.59 22.67
22.39 22.51 22.50 22.42 22.63 22.82 22.78 22.79 22.83 22.75 22.79 22.82 22.85 22.85 22.89 22.86 22.81 22.89 22.86 22.83 22.76 22.83 22.79 22.80 22.81 22.83 22.82 22.80 22.74 22.75 22.68 22.72 22.76 22.76 22.76 22.72 22.72 22.72 22.66 22.50 22.50 22.57 22.52 22.59 22.55 22.49 22.70 22.63 22.56 22.52 22.55 22.51 22.57 22.61 22.46 22.64 22.70 22.79 22.64 22.60 22.72 22.78 22.80 22.78 22.69 22.75 22.65 22.15 22.35 22.41 22.27 22.24 22.67 22.63 22.37 22.02 22.32
22.38 22.56 22.64 22.63 22.64 22.76 22.78 22.70 22.84 22.84 22.79 22.79 22.84 22.87 22.86 22.84 22.86 22.85 22.81 22.78 22.75 22.76 22.75 22.78 22.80 22.80 22.75 22.75 22.71 22.73 22.72 22.73 22.76 22.75 22.77 22.75 22.73 22.70 22.62 22.60 22.52 22.63 22.56 22.56 22.50 22.38 22.58 22.49 22.55 22.55 22.48 22.52 22.70 22.48 22.52 22.58 22.64 22.55 22.65 22.64 22.77 22.86 22.87 22.67 22.79 22.63 22.63 22.78 22.54 22.14 22.40 22.44 21.95 22.47 22.31 22.42 22.55
22.56 22.53 22.62 22.61 22.57 22.74 22.76 22.72 22.84 22.79 22.76 22.74 22.81 22.86 22.88 22.88 22.83 22.84 22.86 22.80 22.75 22.76 22.71 22.76 22.78 22.79 22.78 22.75 22.69 22.71 22.73 22.76 22.74 22.74 22.76 22.78 22.74 22.64 22.57 22.56 22.55 22.59 22.61 22.59 22.51 22.40 22.42 22.51 22.53 22.44 22.48 22.56 22.50 22.50 22.46 22.64 22.61 22.27 22.59 22.77 22.76 22.74 22.79 22.75 22.60 22.65 22.66 22.77 22.67 22.63 22.49 22.34 22.09 22.37 22.03 22.57 22.50
22.60 22.59 22.68 22.65 22.66 22.69 22.70 22.76 22.80 22.76 22.76 22.75 22.74 22.80 22.87 22.84 22.86 22.87 22.87 22.82 22.80 22.72 22.68 22.70 22.69 22.73 22.73 22.74 22.72 22.74 22.72 22.78 22.75 22.77 22.74 22.72 22.70 22.66 22.65 22.64 22.58 22.60 22.57 22.60 22.60 22.51 22.54 22.66 22.57 22.41 22.47 22.61 22.54 22.54 22.53 22.57 22.54 22.64 22.67 22.61 22.70 22.65 22.72 22.79 22.62 22.58 22.60 22.55 22.55 22.67 22.59 22.36 22.31 22.27 22.15 22.37 22.27
22.57 22.63 22.70 22.69 22.69 22.71 22.65 22.75 22.74 22.72 22.75 22.73 22.70 22.75 22.81 22.81 22.82 22.84 22.87 22.80 22.75 22.68 22.75 22.72 22.68 22.69 22.68 22.78 22.75 22.69 22.69 22.73 22.74 22.79 22.78 22.67 22.74 22.71 22.66 22.63 22.58 22.59 22.48 22.54 22.57 22.47 22.55 22.74 22.61 22.47 22.47 22.54 22.50 22.45 22.51 22.63 22.45 22.57 22.41 22.49 22.72 22.63 22.63 22.73 22.68 22.61 22.53 22.56 22.35 22.54 22.59 22.51 22.39 21.99 22.02 22.34 22.36
22.61 22.62 22.58 22.65 22.63 22.62 22.61 22.65 22.68 22.72 22.80 22.73 22.69 22.75 22.81 22.83 22.83 22.79 22.85 22.89 22.79 22.71 22.69 22.66 22.62 22.70 22.69 22.75 22.78 22.69 22.75 22.76 22.74 22.73 22.76 22.73 22.81 22.73 22.51 22.52 22.61 22.57 22.54 22.57 22.62 22.68 22.56 22.60 22.59 22.53 22.57 22.69 22.60 22.51 22.50 22.51 22.54 22.58 22.55 22.45 22.56 22.65 22.56 22.78 22.71 22.51 22.63 22.56 22.36 22.40 22.35 22.48 22.41 21.98 22.17 22.07 22.21
22.56 22.55 22.59 22.62 22.60 22.57 22.56 22.64 22.73 22.78 22.82 22.73 22.71 22.74 22.78 22.79 22.77 22.79 22.85 22.86 22.80 22.75 22.64 22.59 22.62 22.65 22.67 22.73 22.75 22.72 22.72 22.66 22.68 22.73 22.72 22.71 22.75 22.61 22.62 22.58 22.65 22.68 22.59 22.60 22.58 22.70 22.59 22.55 22.59 22.53 22.62 22.58 22.61 22.43 22.50 22.60 22.58 22.62 22.51 22.39 22.68 22.61 22.69 22.71 22.74 22.46 22.65 22.36 22.41 22.49 22.53 22.34 22.43 22.51 22.29 22.41 22.02
22.51 22.75 22.69 22.57 22.51 22.60 22.61 22.67 22.70 22.76 22.75 22.70 22.70 22.69 22.73 22.75 22.74 22.74 22.77 22.72 22.71 22.72 22.54 22.53 22.55 22.58 22.65 22.69 22.77 22.73 22.70 22.66 22.67 22.72 22.74 22.68 22.75 22.64 22.63 22.61 22.55 22.53 22.55 22.57 22.49 22.59 22.48 22.73 22.61 22.57 22.61 22.57 22.56 22.55 22.69 22.56 22.65 22.70 22.67 22.58 22.60 22.53 22.48 22.58 22.25 22.70 22.32 22.54 22.56 22.46 22.45 22.60 22.47 22.65 22.70 22.51 22.22
22.58 22.58 22.66 22.59 22.56 22.60 22.66 22.71 22.70 22.71 22.73 22.70 22.66 22.65 22.67 22.73 22.72 22.72 22.69 22.72 22.63 22.59 22.56 22.63 22.61 22.57 22.61 22.66 22.72 22.69 22.68 22.68 22.65 22.68 22.66 22.65 22.70 22.65 22.61 22.60 22.58 22.59 22.57 22.50 22.40 22.35 22.43 22.60 22.62 22.54 22.55 22.63 22.64 22.62 22.57 22.51 22.53 22.63 22.53 22.36 22.48 22.56 22.69 22.29 22.53 22.33 22.28 22.39 22.22 22.40 22.51 22.42 22.55 22.61 22.48 22.35 22.23
22.61 22.57 22.60 22.66 22.62 22.59 22.64 22.72 22.73 22.76 22.76 22.73 22.67 22.62 22.61 22.71 22.72 22.72 22.72 22.64 22.65 22.60 22.67 22.67 22.55 22.52 22.62 22.70 22.75 22.66 22.67 22.68 22.67 22.69 22.70 22.65 22.71 22.65 22.63 22.59 22.54 22.59 22.53 22.55 22.46 22.45 22.45 22.51 22.53 22.61 22.60 22.59 22.67 22.59 22.58 22.48 22.35 22.50 22.49 22.47 22.59 22.79 22.34 22.54 22.38 22.37 22.42 22.53 22.42 22.49 22.34 22.27 22.49 22.70 22.59 22.57 22.06
22.67 22.65 22.61 22.69 22.73 22.65 22.63 22.70 22.75 22.77 22.72 22.69 22.67 22.61 22.60 22.63 22.70 22.67 22.66 22.64 22.60 22.63 22.67 22.69 22.63 22.55 22.61 22.64 22.72 22.64 22.65 22.69 22.72 22.67 22.67 22.66 22.68 22.66 22.66 22.56 22.54 22.54 22.50 22.51 22.47 22.40 22.46 22.52 22.47 22.56 22.60 22.56 22.52 22.54 22.57 22.44 22.33 22.42 22.49 22.51 22.28 22.63 22.60 22.55 22.53 22.43 22.48 22.36 22.46 22.04 22.37 22.56 22.61 22.51 22.43 22.29 22.46
22.52 22.61 22.61 22.67 22.64 22.62 22.63 22.78 22.78 22.71 22.75 22.68 22.65 22.62 22.60 22.57 22.62 22.61 22.60 22.57 22.55 22.50 22.63 22.60 22.59 22.56 22.60 22.64 22.59 22.58 22.61 22.57 22.70 22.68 22.62 22.63 22.65 22.69 22.66 22.56 22.49 22.51 22.43 22.47 22.44 22.41 22.44 22.42 22.42 22.45 22.45 22.46 22.43 22.46 22.49 22.45 22.34 22.32 22.47 22.43 22.58 22.63 22.56 22.62 22.61 22.64 22.40 22.37 22.28 22.25 22.44 22.29 22.19 22.40 22.55 22.46 22.56
22.56 22.60 22.51 22.55 22.58 22.65 22.68 22.73 22.74 22.73 22.77 22.71 22.63 22.62 22.64 22.61 22.60 22.67 22.65 22.61 22.59 22.60 22.66 22.58 22.57 22.62 22.60 22.64 22.62 22.59 22.57 22.58 22.63 22.65 22.64 22.63 22.64 22.71 22.77 22.62 22.64 22.64 22.57 22.42 22.40 22.41 22.48 22.33 22.34 22.35 22.39 22.44 22.43 22.37 22.38 22.50 22.50 22.36 22.43 22.44 22.38 22.44 22.51 22.50 22.56 22.48 22.27 22.20 22.50 22.38 22.42 22.46 22.47 22.39 22.30 22.68 22.54
22.61 22.61 22.59 22.62 22.67 22.69 22.73 22.71 22.73 22.72 22.75 22.72 22.65 22.65 22.57 22.55 22.59 22.59 22.64 22.66 22.73 22.63 22.53 22.55 22.55 22.62 22.62 22.72 22.67 22.54 22.51 22.57 22.58 22.55 22.62 22.63 22.62 22.68 22.72 22.62 22.48 22.47 22.47 22.39 22.44 22.44 22.43 22.37 22.33 22.31 22.42 22.37 22.45 22.37 22.28 22.39 22.45 22.31 22.41 22.42 22.26 22.40 22.41 22.41 22.39 22.40 22.53 22.49 22.52 22.45 22.34 22.63 22.48 22.49 22.49 22.58 22.49
22.53 22.57 22.67 22.66 22.73 22.79 22.73 22.71 22.70 22.77 22.76 22.71 22.72 22.68 22.61 22.55 22.66 22.56 22.55 22.59 22.68 22.73 22.61 22.51 22.54 22.57 22.60 22.75 22.68 22.64 22.65 22.68 22.63 22.59 22.62 22.63 22.62 22.64 22.72 22.62 22.51 22.42 22.45 22.33 22.37 22.43 22.39 22.39 22.37 22.42 22.38 22.32 22.43 22.49 22.33 22.33 22.40 22.32 22.27 22.25 22.23 22.38 22.50 22.49 22.43 22.43 22.47 22.43 22.51 22.60 22.54 22.51 22.51 22.48 22.42 22.41 22.35
22.62 22.61 22.86 22.77 22.65 22.67 22.71 22.72 22.72 22.70 22.70 22.74 22.71 22.71 22.63 22.54 22.66 22.67 22.59 22.59 22.61 22.61 22.53 22.52 22.55 22.58 22.62 22.68 22.66 22.70 22.69 22.67 22.64 22.68 22.63 22.56 22.65 22.65 22.67 22.61 22.52 22.41 22.43 22.37 22.42 22.46 22.37 22.38 22.39 22.43 22.33 22.35 22.54 22.57 22.52 22.49 22.28 22.29 22.20 22.28 22.34 22.44 22.50 22.49 22.49 22.52 22.44 22.37 22.50 22.57 22.52 22.45 22.56 22.54 22.48 22.51 22.40
22.67 22.63 22.64 22.65 22.65 22.63 22.67 22.69 22.66 22.64 22.65 22.72 22.67 22.65 22.56 22.61 22.60 22.57 22.52 22.67 22.59 22.53 22.49 22.61 22.65 22.58 22.63 22.61 22.68 22.62 22.66 22.71 22.66 22.61 22.61 22.59 22.65 22.65 22.63 22.65 22.48 22.43 22.47 22.35 22.35 22.40 22.46 22.39 22.49 22.49 22.39 22.39 22.51 22.44 22.40 22.37 22.34 22.29 22.28 22.26 22.34 22.38 22.39 22.51 22.53 22.51 22.47 22.37 22.39 22.45 22.42 22.47 22.56 22.58 22.69 22.54 22.35
22.70 22.69 22.71 22.65 22.60 22.62 22.65 22.66 22.66 22.67 22.67 22.68 22.61 22.55 22.56 22.68 22.66 22.62 22.49 22.58 22.55 22.52 22.52 22.65 22.68 22.65 22.60 22.54 22.55 22.63 22.67 22.58 22.58 22.63 22.62 22.63 22.62 22.67 22.62 22.56 22.47 22.53 22.50 22.52 22.37 22.49 22.56 22.54 22.55 22.55 22.46 22.41 22.50 22.42 22.30 22.43 22.40 22.42 22.39 22.34 22.44 22.41 22.40 22.33 22.47 22.56 22.56 22.48 22.36 22.52 22.41 22.47 22.58 22.57 22.58 22.48 22.40
22.72 22.74 22.70 22.72 22.70 22.63 22.68 22.70 22.64 22.67 22.63 22.63 22.61 22.59 22.54 22.69 22.71 22.55 22.61 22.53 22.52 22.58 22.48 22.53 22.63 22.67 22.59 22.57 22.55 22.64 22.59 22.48 22.62 22.60 22.60 22.60 22.61 22.61 22.65 22.53 22.51 22.60 22.54 22.53 22.52 22.53 22.58 22.56 22.48 22.53 22.51 22.47 22.36 22.36 22.32 22.40 22.49 22.53 22.37 22.38 22.40 22.43 22.47 22.48 22.37 22.48 22.52 22.41 22.39 22.38 22.37 22.44 22.44 22.62 22.64 22.52 22.38
22.67 22.68 22.71 22.68 22.67 22.67 22.68 22.73 22.65 22.64 22.66 22.62 22.63 22.56 22.63 22.75 22.76 22.60 22.61 22.64 22.56 22.52 22.50 22.46 22.59 22.66 22.57 22.61 22.60 22.65 22.57 22.50 22.61 22.60 22.62 22.60 22.53 22.61 22.59 22.51 22.54 22.60 22.62 22.58 22.56 22.59 22.61 22.54 22.54 22.46 22.46 22.41 22.46 22.43 22.32 22.35 22.46 22.40 22.34 22.41 22.37 22.41 22.40 22.47 22.47 22.37 22.37 22.40 22.42 22.44 22.41 22.52 22.49 22.57 22.61 22.60 22.40
22.65 22.63 22.61 22.66 22.67 22.71 22.71 22.73 22.61 22.62 22.64 22.62 22.68 22.65 22.64 22.68 22.73 22.62 22.65 22.69 22.59 22.50 22.48 22.46 22.57 22.55 22.60 22.57 22.69 22.63 22.58 22.59 22.59 22.55 22.59 22.51 22.56 22.60 22.51 22.57 22.56 22.58 22.55 22.52 22.57 22.58 22.54 22.55 22.50 22.46 22.56 22.49 22.53 22.39 22.34 22.46 22.50 22.40 22.42 22.40 22.38 22.34 22.44 22.52 22.52 22.54 22.34 22.44 22.53 22.58 22.53 22.53 22.48 22.52 22.50 22.51 22.46
22.59 22.56 22.54 22.68 22.68 22.72 22.69 22.66 22.62 22.62 22.63 22.64 22.59 22.63 22.59 22.71 22.71 22.66 22.61 22.63 22.60 22.63 22.67 22.51 22.56 22.50 22.57 22.60 22.52 22.61 22.55 22.47 22.50 22.50 22.52 22.46 22.58 22.49 22.47 22.44 22.44 22.45 22.52 22.50 22.57 22.56 22.55 22.45 22.47 22.50 22.51 22.47 22.50 22.46 22.40 22.52 22.54 22.52 22.51 22.40 22.40 22.32 22.46 22.44 22.44 22.48 22.41 22.35 22.61 22.46 22.50 22.47 22.44 22.50 22.44 22.47 22.51
22.61 22.57 22.51 22.64 22.66 22.70 22.64 22.67 22.57 22.61 22.64 22.62 22.62 22.65 22.61 22.60 22.63 22.75 22.69 22.73 22.56 22.54 22.60 22.51 22.52 22.56 22.60 22.54 22.53 22.61 22.57 22.42 22.43 22.45 22.46 22.45 22.59 22.51 22.41 22.48 22.46 22.50 22.51 22.43 22.54 22.55 22.51 22.47 22.52 22.49 22.50 22.52 22.51 22.46 22.46 22.49 22.53 22.53 22.49 22.43 22.42 22.43 22.54 22.44 22.37 22.41 22.42 22.30 22.35 22.46 22.46 22.39 22.49 22.52 22.44 22.51 22.58
