main/data/irradiance/09.03.2023.grid
ncols 839
nrows 679
xllcenter 112.0500
yllcenter -43.9500
cellsize 0.0500
nodata_value 99999.90
[rows 210 to 244 of 679, columns 390 to 467 of 839]
26.48 26.42 26.40 26.39 26.41 26.51 26.58 26.58 26.50 26.49 26.35 26.33 26.41 26.41 26.33 26.31 26.49 26.48 26.34 26.25 26.21 26.07 26.03 25.90 25.74 25.62 25.74 26.02 26.10 26.01 26.09 26.21 26.14 26.25 26.44 26.22 25.56 25.19 25.01 25.46 25.81 25.99 25.86 25.96 25.97 25.74 25.76 25.48 25.63 25.68 25.70 25.67 25.45 25.44 25.06 25.46 25.80 26.20 26.02 26.09 26.20 25.94 25.78 25.71 25.91 26.21 26.27 26.16 26.04 25.74 25.40 25.32 25.21 25.59 25.84 25.99 26.27 26.44
26.43 26.36 26.40 26.41 26.47 26.50 26.43 26.46 26.46 26.47 26.47 26.35 26.32 26.36 26.23 26.23 26.41 26.34 26.28 26.18 26.18 26.14 26.07 25.96 25.78 25.78 25.87 25.87 26.13 26.16 26.20 26.38 26.32 26.27 26.27 26.34 25.86 25.29 24.73 25.35 25.73 26.04 26.04 26.05 26.04 25.89 25.74 25.82 25.64 25.48 25.64 25.63 25.41 25.39 25.55 25.44 25.42 26.19 25.99 25.92 26.16 26.11 26.02 25.74 25.82 26.23 26.46 26.08 25.78 25.19 25.24 25.10 25.16 25.29 25.59 25.96 26.03 26.41
26.34 26.31 26.33 26.41 26.46 26.40 26.38 26.38 26.44 26.46 26.44 26.45 26.30 26.31 26.18 26.21 26.29 26.27 26.26 26.14 26.19 26.15 26.06 26.04 25.78 26.00 26.06 25.99 26.15 26.15 26.20 26.37 26.39 26.20 26.27 26.36 26.28 25.60 24.66 25.09 25.54 25.90 25.97 26.17 26.11 26.10 25.95 25.95 25.79 25.76 25.40 25.26 25.14 25.37 25.70 25.41 25.66 26.19 26.10 25.87 25.93 26.02 26.06 25.86 26.04 26.35 26.38 26.28 25.75 25.62 25.50 25.18 25.19 25.04 25.45 25.73 25.97 26.25
26.35 26.37 26.32 26.34 26.42 26.45 26.35 26.34 26.43 26.44 26.41 26.43 26.46 26.38 26.24 26.27 26.23 26.26 26.21 26.22 26.21 26.18 26.04 25.98 25.89 26.06 26.13 26.15 26.16 26.25 26.23 26.19 26.33 26.29 26.36 26.39 26.31 25.80 24.82 24.19 25.22 25.63 25.87 26.14 26.18 26.17 26.09 26.15 25.78 25.60 25.45 25.30 25.09 25.20 25.64 25.63 25.40 26.01 26.14 25.63 26.03 26.10 26.16 25.89 26.17 26.31 26.06 25.91 25.67 25.93 25.57 25.41 24.96 25.01 25.51 25.81 26.04 26.10
26.27 26.38 26.35 26.44 26.43 26.37 26.34 26.32 26.35 26.38 26.41 26.37 26.41 26.39 26.36 26.33 26.28 26.17 26.23 26.21 26.17 26.15 26.02 25.95 25.95 25.99 25.98 26.15 26.20 26.14 26.30 26.30 26.31 26.34 26.38 26.44 26.31 26.11 25.65 24.46 24.73 25.67 25.96 26.09 26.21 26.17 26.06 26.01 26.02 25.70 25.64 25.56 25.29 25.30 25.22 25.57 25.69 25.72 25.91 25.88 25.98 26.05 26.17 25.97 26.08 26.14 26.05 25.94 25.65 26.22 25.09 25.27 24.78 25.07 25.21 25.74 26.07 26.12
26.15 26.22 26.26 26.30 26.26 26.32 26.27 26.29 26.26 26.29 26.40 26.36 26.35 26.32 26.38 26.34 26.35 26.31 26.14 26.16 26.14 26.11 25.99 25.99 25.97 25.95 25.88 26.16 26.29 26.22 26.27 26.38 26.29 26.31 26.37 26.23 26.18 26.12 25.60 25.07 25.03 25.63 25.87 26.04 26.13 26.08 26.11 26.09 26.01 25.96 25.77 25.69 25.33 25.28 25.36 25.58 25.83 25.68 25.86 25.93 25.94 26.12 26.07 25.80 26.06 26.12 26.05 25.77 25.46 25.66 25.07 25.07 25.10 25.04 25.32 25.64 25.88 26.04
26.16 26.22 26.19 26.22 26.14 26.24 26.26 26.22 26.24 26.26 26.31 26.29 26.30 26.27 26.32 26.35 26.31 26.30 26.30 26.17 26.23 26.17 26.03 25.98 25.97 25.96 25.97 26.18 26.22 26.15 26.19 26.26 26.23 26.17 26.21 26.05 26.12 26.09 25.65 25.26 25.09 25.65 25.53 25.96 25.98 26.24 26.27 26.17 26.16 25.97 25.81 25.86 25.48 25.36 25.69 25.71 25.51 25.50 25.80 26.17 26.31 26.06 25.93 25.94 26.05 26.01 25.89 25.93 25.68 25.71 25.09 24.92 25.00 25.04 25.13 25.35 25.56 25.72
26.17 26.18 26.16 26.16 26.20 26.23 26.20 26.24 26.20 26.25 26.27 26.28 26.27 26.24 26.31 26.27 26.23 26.23 26.31 26.19 26.27 26.18 26.08 26.06 25.97 25.91 26.00 26.20 26.20 26.17 26.07 26.16 26.16 26.09 26.12 26.08 25.99 26.05 25.49 25.11 24.69 25.28 25.62 25.46 25.45 26.08 26.03 26.25 26.39 26.02 25.88 25.91 25.82 25.60 25.54 25.48 25.28 25.53 25.73 26.02 26.10 26.14 26.10 26.04 25.93 25.82 25.63 25.59 25.61 25.20 25.38 25.15 25.31 24.94 25.15 25.07 25.41 25.62
26.02 26.19 26.18 26.20 26.26 26.24 26.25 26.24 26.19 26.25 26.23 26.27 26.29 26.29 26.28 26.30 26.30 26.29 26.37 26.27 26.17 26.19 26.19 26.10 25.97 25.87 25.96 26.13 26.17 26.15 26.06 26.14 26.17 26.16 26.16 26.08 25.97 25.98 25.76 25.34 24.89 25.13 25.27 25.46 25.42 25.53 25.67 26.08 26.38 26.11 26.00 25.95 25.89 25.79 25.56 25.62 25.60 25.56 25.72 25.95 26.15 26.28 26.14 26.05 25.77 25.68 25.38 24.96 25.28 24.75 25.15 25.53 25.21 24.95 24.99 24.78 24.66 25.49
26.07 26.15 26.11 26.15 26.20 26.21 26.26 26.21 26.25 26.23 26.19 26.27 26.21 26.20 26.18 26.21 26.25 26.28 26.29 26.23 26.15 26.13 26.15 26.10 26.02 25.95 25.84 26.16 26.20 26.10 26.09 26.18 26.24 26.11 26.01 26.06 25.81 25.82 25.48 24.98 24.73 24.94 24.96 25.34 25.45 25.28 25.61 25.79 26.00 26.21 26.11 26.09 26.10 26.01 25.74 25.81 25.58 25.46 25.34 25.84 26.18 26.22 26.02 25.68 25.67 25.79 25.47 25.27 24.97 24.71 25.22 25.64 25.39 24.75 24.73 24.24 24.23 25.14
25.96 26.02 26.08 26.11 26.20 26.18 26.13 26.17 26.18 26.16 26.12 26.21 26.17 26.19 26.15 26.14 26.25 26.29 26.29 26.20 26.13 26.13 26.00 25.93 25.96 25.99 26.08 26.16 26.23 26.18 26.23 26.29 26.25 26.11 25.96 25.85 25.87 25.70 25.33 25.32 25.17 25.09 25.11 25.09 25.32 25.29 25.54 25.68 25.79 25.89 26.09 26.05 26.13 26.08 25.96 25.92 25.78 25.59 25.45 25.79 26.01 26.08 26.13 26.03 25.86 25.67 25.35 25.22 25.01 24.32 24.74 25.30 25.12 24.98 24.47 24.18 24.31 25.14
25.94 25.86 25.98 26.06 26.10 26.07 26.08 26.13 26.09 26.02 26.09 26.10 26.13 26.14 26.17 26.18 26.26 26.21 26.20 26.17 26.03 26.04 26.04 25.82 25.88 25.99 26.07 26.17 26.25 26.22 26.29 26.31 26.24 26.12 26.06 25.71 25.57 25.48 25.43 25.36 25.24 25.34 25.11 24.85 25.12 25.38 25.45 25.46 25.53 25.72 25.76 26.14 26.18 26.12 25.97 25.95 25.95 25.85 25.97 25.96 26.02 26.15 26.17 25.85 25.76 25.65 25.42 24.88 24.78 23.92 24.34 25.05 25.19 24.82 24.42 24.30 24.38 24.77
25.93 25.98 26.00 25.92 26.00 25.92 25.98 26.09 26.04 26.06 26.07 26.16 26.14 26.17 26.20 26.22 26.26 26.20 26.19 26.15 26.01 25.99 25.97 25.63 25.84 25.94 25.97 26.07 26.14 26.17 26.24 26.24 26.15 26.13 25.99 25.76 25.67 25.57 25.35 25.33 25.23 25.19 24.75 24.78 25.22 25.25 25.34 25.30 25.47 25.56 26.01 26.18 26.04 26.12 26.18 26.12 26.05 26.07 26.07 26.00 26.15 26.08 26.12 25.74 25.53 25.56 25.50 25.30 24.81 24.21 24.16 24.83 24.90 24.28 24.23 24.46 24.33 24.34
26.00 26.13 26.08 26.14 26.12 26.00 26.01 25.97 25.92 26.06 26.06 26.14 26.12 26.16 26.25 26.30 26.23 26.30 26.25 26.12 26.09 26.01 25.83 25.63 25.67 25.71 25.76 25.91 26.11 26.18 26.15 26.18 26.25 26.23 26.02 25.75 25.64 25.47 25.31 25.15 25.38 25.16 24.95 24.71 24.98 25.13 25.13 25.42 25.33 25.48 25.84 26.11 25.86 26.07 26.15 26.24 26.14 26.15 26.07 26.14 26.10 26.12 26.17 25.74 25.49 25.37 25.40 25.07 24.68 24.30 24.03 24.49 24.82 23.76 23.58 24.18 24.02 23.89
26.04 26.10 26.10 26.08 26.14 26.03 25.96 25.96 25.93 25.90 26.10 26.09 26.16 26.18 26.20 26.18 26.16 26.28 26.23 25.98 25.80 25.74 25.77 25.83 25.77 25.83 25.87 25.93 26.04 26.13 26.20 26.21 26.29 26.20 25.88 25.86 25.65 25.42 25.46 25.35 25.49 25.08 25.02 25.01 24.84 24.93 25.27 25.36 25.34 25.28 25.34 25.86 26.01 26.05 26.13 26.17 26.17 26.19 26.25 26.25 26.22 26.21 26.20 26.14 25.61 25.38 25.12 25.11 24.55 24.34 24.11 24.22 24.93 23.59 23.72 23.83 23.71 24.10
26.05 26.12 26.16 26.12 26.14 26.16 26.15 26.12 26.12 26.06 26.07 26.15 26.13 26.11 26.09 26.09 26.12 26.03 25.99 25.82 25.88 25.84 25.88 25.99 25.87 25.93 25.97 26.04 26.03 26.14 26.15 26.21 26.23 26.09 25.97 25.86 25.76 25.50 25.61 25.47 25.46 25.43 25.23 24.93 24.67 24.75 24.92 25.39 25.44 25.31 25.35 25.62 26.07 26.06 25.97 26.05 26.17 26.30 26.24 26.20 26.22 26.24 26.13 26.07 25.77 25.22 25.05 25.30 24.90 24.23 23.97 24.13 24.52 23.51 23.56 22.98 23.70 23.70
26.11 26.04 26.11 26.16 26.12 26.17 26.22 26.16 26.22 26.13 26.09 25.94 26.02 25.92 26.01 26.16 26.06 26.02 25.94 25.75 25.99 25.83 25.86 26.03 25.95 25.82 26.03 26.11 26.10 26.13 26.17 26.17 26.18 26.13 26.11 25.95 25.88 25.68 25.83 25.54 25.55 25.58 25.12 24.95 24.84 24.88 24.84 25.31 25.46 25.46 25.14 25.30 26.00 26.05 25.99 26.10 26.20 26.31 26.32 26.23 26.26 26.13 26.06 26.00 25.89 25.44 25.16 25.47 25.30 24.69 24.24 24.26 24.22 23.79 23.44 23.16 23.35 23.96
26.03 26.04 26.09 26.10 26.11 26.16 26.27 26.29 26.24 26.19 26.07 25.97 25.88 25.86 26.01 26.15 26.15 26.22 26.07 26.00 26.04 25.94 26.02 26.01 25.92 25.96 25.83 26.02 26.15 26.06 26.04 26.01 26.06 26.10 26.15 26.04 25.92 25.76 25.91 25.65 25.64 25.53 25.22 25.08 24.77 25.08 24.98 24.83 25.03 25.42 25.30 25.16 25.77 26.12 26.09 26.07 26.20 26.26 26.30 26.27 26.28 26.22 26.08 26.07 26.08 25.69 25.32 25.47 25.20 24.72 24.34 23.97 24.43 24.23 23.04 22.71 23.07 23.84
26.03 26.03 26.08 26.03 26.04 26.02 26.05 26.07 26.06 26.05 26.00 26.05 25.99 26.00 25.97 25.93 26.06 26.03 25.84 26.18 26.08 26.00 26.09 26.14 26.11 25.97 26.01 26.11 26.07 25.95 26.01 26.02 25.95 26.04 26.06 26.05 25.94 25.94 25.88 25.69 25.77 25.69 25.29 25.01 24.82 24.68 24.85 24.85 24.71 25.04 25.07 25.44 25.48 25.63 25.70 25.98 26.18 26.24 26.27 26.23 26.25 26.20 26.18 26.17 26.09 26.01 25.59 25.36 24.98 24.73 24.47 24.05 24.33 23.94 22.84 22.44 22.49 23.50
25.92 26.02 26.06 26.03 26.01 26.02 26.01 25.99 25.94 25.95 26.00 25.97 25.98 26.06 26.11 26.09 26.06 25.97 25.98 26.08 26.17 26.02 26.07 26.23 26.17 26.07 26.08 26.10 26.00 26.09 26.15 26.05 26.11 26.12 26.08 26.01 25.94 25.84 25.95 25.82 25.87 25.91 25.46 25.03 24.74 24.62 24.88 25.15 24.90 24.96 25.13 25.19 25.36 25.33 25.52 26.02 26.22 26.20 26.13 26.12 26.22 26.25 26.27 26.23 26.21 26.07 25.84 25.50 25.33 25.00 25.04 24.71 24.46 24.50 22.99 22.84 22.63 22.90
25.99 26.00 26.02 25.95 26.03 26.02 26.00 26.07 26.01 25.96 25.99 25.98 25.95 26.07 26.09 26.02 26.09 25.81 26.02 25.95 26.05 26.08 26.09 26.22 26.23 26.21 26.33 26.18 26.07 26.17 26.10 26.12 26.25 26.21 26.12 26.19 25.90 25.82 25.88 25.72 25.92 25.90 25.66 25.72 25.15 24.92 24.84 24.91 24.97 24.98 24.92 24.87 25.04 25.36 25.29 25.86 26.00 26.12 26.17 26.15 26.18 26.13 26.22 26.29 26.22 26.09 25.81 25.43 25.23 24.99 25.26 24.73 24.38 24.59 23.95 23.23 22.79 22.89
25.92 25.97 26.04 25.91 25.91 25.99 26.08 26.01 25.96 25.95 25.96 26.06 26.00 26.14 26.00 25.95 26.08 25.92 26.00 26.01 25.96 26.08 26.16 26.19 26.25 26.29 26.35 26.14 25.82 25.95 25.93 25.94 26.12 26.18 26.13 26.06 26.17 26.09 26.02 25.84 25.91 25.96 26.03 25.84 25.42 24.95 24.84 24.78 25.04 24.73 24.95 24.92 24.76 24.80 25.55 25.93 25.92 26.12 26.19 26.15 26.27 26.12 26.08 26.26 26.23 26.13 26.06 25.86 25.47 25.17 25.26 24.92 24.41 24.55 24.16 23.24 22.72 22.22
26.01 25.99 26.01 25.95 25.96 25.82 26.00 25.83 26.02 26.05 26.06 26.15 26.01 26.10 26.00 26.03 26.05 26.07 26.18 26.10 26.02 26.07 26.18 26.19 26.37 26.35 26.23 26.06 25.92 25.84 25.80 25.79 25.93 26.14 26.20 26.01 25.86 25.92 25.91 25.87 25.92 25.84 25.80 25.68 25.41 25.25 24.81 24.89 25.21 25.03 25.17 24.82 25.06 24.78 25.18 25.48 25.74 25.52 25.94 26.20 26.22 26.25 26.11 26.15 26.15 26.25 26.15 25.96 25.67 25.41 25.35 25.21 24.56 24.47 24.48 23.81 23.16 22.75
25.99 25.90 25.95 26.00 25.94 25.80 25.88 25.94 25.97 26.00 25.97 26.03 25.96 26.04 26.02 26.02 25.88 26.07 26.11 26.17 26.08 26.06 26.03 26.17 26.36 26.31 26.07 25.97 25.92 26.05 25.99 25.87 25.94 26.03 26.09 26.00 26.03 26.03 25.94 25.91 25.97 25.94 25.95 25.82 25.59 25.28 25.46 24.99 25.02 25.01 24.56 24.77 24.82 24.87 25.25 25.52 25.62 25.41 25.44 25.73 25.91 26.21 26.27 26.06 26.07 26.09 26.14 26.02 25.88 25.72 25.47 25.16 24.95 24.82 24.75 24.22 23.81 23.39
25.95 25.89 25.89 25.92 25.93 25.93 25.92 25.91 25.83 25.87 25.93 25.99 26.06 26.10 26.07 25.98 25.91 26.08 26.22 26.16 26.04 25.93 25.72 26.16 26.10 26.14 26.14 26.01 25.97 26.07 25.89 25.96 25.79 25.91 26.09 26.05 26.02 26.15 26.05 26.05 25.93 25.88 25.85 25.87 25.70 25.43 25.43 25.13 24.95 24.68 24.41 24.78 24.99 24.94 25.16 25.00 25.18 25.31 25.43 25.70 25.73 26.09 26.30 26.12 26.00 26.05 26.13 26.06 26.07 25.92 25.56 25.27 25.04 25.20 25.00 24.88 24.10 23.56
25.96 25.95 25.92 25.94 25.96 25.90 25.93 25.89 25.82 25.80 25.85 26.07 26.07 26.09 26.07 25.90 25.95 26.11 25.97 26.05 25.92 25.94 25.76 25.69 25.95 26.05 26.17 25.95 26.07 26.01 25.97 25.80 25.75 25.94 25.96 25.83 25.98 26.15 26.13 26.07 26.04 25.86 25.87 25.66 25.75 25.46 25.24 25.14 24.70 24.46 24.36 24.49 24.85 24.90 24.90 24.91 24.59 24.94 25.43 25.74 25.62 25.76 26.14 25.89 25.82 25.97 26.12 26.12 26.14 26.07 25.76 25.50 25.38 25.38 25.20 24.91 24.33 23.75
25.94 25.97 25.93 25.98 25.97 25.95 25.96 25.98 25.85 25.76 25.79 25.92 26.03 26.07 25.96 25.90 25.94 25.96 25.96 25.68 25.52 25.58 25.88 25.80 25.84 25.86 25.96 25.96 26.10 26.17 26.19 26.00 25.70 25.79 25.88 25.93 25.89 26.03 26.12 26.10 25.99 25.73 25.92 26.02 25.90 25.62 25.27 25.18 24.91 25.01 24.53 24.62 24.65 24.96 24.71 24.96 24.88 25.38 25.44 25.62 25.56 25.67 25.74 25.78 25.84 25.87 26.00 25.93 26.03 25.98 25.97 25.85 25.66 25.62 25.28 25.10 24.91 24.44
25.76 25.92 25.93 25.94 25.92 25.87 25.98 25.95 25.87 25.70 25.78 25.84 25.94 25.90 25.84 25.84 25.87 25.80 25.77 25.73 25.66 25.66 25.65 25.60 25.67 25.87 25.82 26.10 26.31 26.30 26.24 26.12 25.98 25.73 25.81 25.98 25.88 25.98 26.05 25.88 25.76 25.87 25.92 25.89 25.95 25.72 25.46 25.30 25.21 25.08 24.64 24.35 24.24 24.60 24.47 24.60 25.08 25.10 25.31 25.37 25.52 25.61 25.62 25.98 26.04 25.84 25.84 25.95 25.85 25.91 25.97 25.98 25.83 25.58 25.47 25.27 25.16 24.76
25.92 25.50 25.86 25.88 25.82 25.84 26.00 25.87 25.87 25.84 25.94 25.90 25.96 25.82 25.62 25.69 25.71 25.91 25.72 25.47 25.80 25.79 25.68 25.59 25.59 25.71 25.70 25.88 26.03 26.17 26.14 26.08 25.96 25.74 25.75 25.66 25.77 25.91 25.82 25.79 25.83 26.03 26.05 25.96 25.84 25.85 25.71 25.54 25.49 25.23 25.20 24.20 23.96 24.25 24.31 24.56 24.73 24.58 25.25 25.38 25.12 25.14 25.45 25.79 25.86 25.79 25.74 25.87 25.82 25.78 25.83 25.95 25.90 25.66 25.56 25.45 25.35 25.10
25.74 25.53 25.69 25.87 25.84 25.64 25.72 25.88 25.90 25.82 25.88 25.99 25.97 25.84 25.55 25.70 25.68 25.85 25.90 25.67 25.79 25.95 25.99 25.79 25.80 25.74 25.83 25.65 25.84 26.02 26.00 26.13 26.12 25.89 25.92 25.89 25.74 25.80 25.52 25.82 25.88 25.83 25.85 25.80 25.75 25.80 25.75 25.54 25.39 25.30 25.40 24.63 24.23 24.76 24.53 24.62 24.38 24.52 24.56 24.77 24.98 25.16 25.36 25.73 25.76 25.59 25.68 25.82 25.72 25.77 25.76 25.93 25.93 25.77 25.73 25.63 25.60 25.52
25.82 25.66 25.48 25.67 25.78 25.78 25.80 25.85 25.86 25.78 25.77 25.87 25.82 25.83 25.66 25.76 25.55 25.72 25.76 25.66 25.70 25.70 25.96 25.80 25.81 25.83 25.93 25.73 25.62 25.82 25.88 25.87 25.91 25.93 25.90 25.94 25.91 25.67 25.80 26.00 25.98 25.73 25.88 25.74 25.74 25.94 25.83 25.69 25.41 25.05 25.28 25.05 24.37 24.79 24.44 24.53 24.52 24.70 24.69 24.58 24.83 25.34 25.60 25.55 25.82 25.58 25.60 25.84 25.86 25.85 25.88 25.89 25.87 25.81 25.72 25.72 25.59 25.60
25.56 25.70 25.80 25.65 25.61 25.73 25.83 25.71 25.66 25.77 25.63 25.81 25.65 25.50 25.46 25.55 25.52 25.72 25.66 25.49 25.61 25.72 25.76 25.72 25.70 25.76 25.64 25.66 25.38 25.38 25.40 25.75 25.86 25.76 25.70 25.61 25.39 25.50 25.82 25.90 25.66 25.63 25.75 25.79 25.83 25.89 25.84 25.66 25.54 25.36 25.35 24.93 24.87 24.84 24.32 24.45 24.33 24.53 24.57 24.45 24.57 24.58 25.26 25.54 25.68 25.37 25.53 25.70 25.74 25.79 25.78 25.77 25.86 25.87 25.79 25.81 25.82 25.73
25.61 25.49 25.64 25.81 25.74 25.60 25.68 25.63 25.54 25.57 25.43 25.40 25.46 25.38 25.42 25.48 25.44 25.72 25.71 25.62 25.50 25.75 25.86 25.75 25.74 25.63 25.70 25.48 25.51 25.47 25.36 25.65 25.85 25.86 25.82 25.84 25.69 25.54 25.66 25.76 25.67 25.54 25.72 25.73 25.69 25.70 25.78 25.69 25.52 25.63 25.29 25.32 25.28 25.17 24.53 24.65 24.49 24.42 24.48 24.73 24.33 24.47 24.76 24.89 25.15 25.35 25.59 25.49 25.60 25.65 25.79 25.66 25.70 25.84 25.81 25.90 25.94 25.72
25.62 25.69 25.67 25.45 25.52 25.70 25.80 25.66 25.70 25.47 25.29 25.28 25.35 25.30 25.35 25.38 25.45 25.41 25.55 25.58 25.44 25.58 25.73 25.87 25.80 25.67 25.71 25.57 25.44 25.29 25.36 25.58 25.66 25.61 26.02 26.03 25.86 25.67 26.02 25.90 25.67 25.74 25.75 25.86 25.71 25.62 25.67 25.70 25.64 25.73 25.51 25.20 25.32 25.19 24.85 24.73 24.55 24.35 24.34 24.94 24.67 24.47 24.46 24.79 25.14 25.53 25.56 25.54 25.67 25.80 25.78 25.70 25.72 25.77 25.83 25.92 25.89 25.87
25.67 25.70 25.45 25.38 25.48 25.66 25.87 25.86 25.88 25.72 25.36 25.35 25.47 25.37 25.32 25.34 25.38 25.38 25.45 25.36 25.36 25.40 25.36 25.40 25.79 25.78 25.48 25.53 25.79 25.68 25.39 25.75 25.72 25.85 25.99 25.94 25.69 25.60 26.00 26.12 25.85 25.74 25.67 25.67 25.74 25.71 25.65 25.66 25.69 25.75 25.60 25.35 25.53 25.38 25.17 24.68 24.71 24.51 24.31 24.81 24.91 24.66 24.36 24.51 24.73 25.00 25.47 25.60 25.67 25.58 25.57 25.83 25.84 25.85 25.76 25.82 25.78 25.83
