main/data/irradiance/09.12.2023.grid
ncols 839
nrows 679
xllcenter 112.0500
yllcenter -43.9500
cellsize 0.0500
nodata_value 99999.90
[rows 140 to 174 of 679, columns 385 to 461 of 839]
16.55 18.38 19.28 20.30 20.29 19.64 19.95 19.77 19.81 19.30 18.22 18.13 17.72 16.79 17.00 17.94 18.21 19.01 20.72 22.10 22.14 21.73 20.98 20.94 21.84 21.17 21.69 21.95 20.58 20.41 20.40 24.29 26.59 27.46 26.76 27.40 28.19 27.74 27.15 28.64 27.72 28.26 26.92 26.52 28.46 27.87 28.71 28.49 28.29 28.18 27.60 26.69 26.98 27.52 27.71 28.14 28.46 27.78 27.99 27.58 28.48 28.17 28.82 28.84 28.74 28.14 28.42 26.70 27.19 27.95 26.72 27.34 26.73 26.32 27.77 28.49 27.32
15.98 18.24 19.54 20.87 21.56 21.11 20.22 18.87 21.00 20.58 18.97 19.33 19.10 17.31 16.84 17.97 18.01 19.15 20.32 21.25 21.16 22.16 20.22 19.27 20.84 19.83 19.48 19.86 19.39 20.98 20.39 23.50 23.92 25.63 24.84 27.09 28.09 28.37 26.85 28.31 27.93 28.03 28.54 26.55 27.41 28.29 27.71 28.56 28.36 27.39 26.83 25.57 26.30 27.64 28.39 28.47 28.49 29.06 27.86 27.84 28.86 29.25 29.03 29.10 28.73 28.84 28.50 28.57 28.47 27.61 28.59 26.90 28.32 27.40 28.71 28.82 28.07
14.14 16.71 16.98 19.31 19.74 19.77 21.73 20.68 20.66 22.38 21.90 19.98 19.69 18.73 18.83 18.52 18.30 19.50 19.48 19.65 20.01 21.21 20.38 20.16 19.59 20.29 20.91 20.08 20.43 20.78 22.19 23.09 22.52 24.35 24.60 25.37 27.43 27.94 26.77 28.23 28.28 28.70 29.44 28.80 27.62 28.53 27.57 28.66 28.32 27.85 28.48 27.32 26.61 27.13 27.16 26.04 27.93 29.45 28.09 28.57 29.46 29.49 29.40 29.02 29.06 29.21 28.48 28.59 29.14 28.90 28.81 28.97 29.13 29.14 28.96 29.15 29.17
12.81 15.29 15.72 15.56 16.97 17.51 18.98 19.25 19.66 21.25 21.75 21.31 20.33 20.70 21.21 20.39 19.51 19.21 18.66 19.39 20.57 20.75 20.55 18.91 18.32 18.55 19.42 21.51 21.39 20.62 21.41 22.47 22.73 23.55 26.06 26.20 25.13 27.26 26.12 27.84 28.93 28.87 29.03 28.73 28.27 28.59 28.41 28.83 27.56 27.67 28.55 28.13 28.49 26.18 26.54 27.29 27.50 29.03 29.35 27.97 29.63 29.35 29.11 29.46 29.58 29.00 29.02 29.19 29.00 28.74 29.20 28.88 28.68 29.04 29.28 29.06 29.16
13.32 13.50 13.99 14.26 15.23 15.37 15.69 17.27 18.72 20.75 21.45 21.84 22.84 22.64 21.92 22.08 20.96 20.16 20.98 20.65 21.56 22.38 21.31 19.48 18.25 18.35 18.93 20.71 19.13 19.57 19.86 19.73 23.09 24.16 24.49 26.39 26.53 26.57 26.90 27.47 27.92 28.60 29.10 27.30 28.59 28.30 29.04 29.08 28.91 28.41 27.44 27.11 28.99 27.57 27.24 27.57 27.86 27.35 29.16 29.26 29.56 29.38 29.40 29.55 29.66 29.28 28.82 29.20 29.15 29.48 28.79 29.11 28.62 29.15 29.19 29.05 29.30
12.70 11.73 11.09 12.96 13.67 13.46 12.49 15.04 18.20 20.50 22.35 21.87 22.21 22.53 22.43 20.91 20.05 19.70 19.75 20.29 21.36 21.40 21.86 20.98 19.31 18.92 18.66 17.92 17.83 20.26 19.85 21.18 22.60 22.69 24.48 24.60 26.45 26.74 27.61 27.49 28.26 28.76 28.32 28.62 26.83 27.20 28.35 27.26 28.43 28.77 27.96 27.15 28.40 28.81 27.61 28.63 28.66 27.55 28.69 29.22 29.57 29.59 29.69 29.72 29.66 29.57 29.23 29.10 29.52 29.56 29.18 29.42 29.02 29.20 29.50 28.36 28.67
11.07 12.00 9.71 11.55 12.27 12.52 12.72 13.72 16.06 19.12 20.25 21.44 21.60 23.45 24.03 22.40 19.33 19.67 19.68 20.00 21.00 21.97 23.54 22.90 22.15 19.87 19.61 18.78 17.69 18.82 20.32 19.94 20.91 21.39 23.77 24.70 25.51 26.80 27.04 26.98 28.81 28.27 28.55 27.75 27.55 27.44 28.67 28.20 27.75 28.29 28.70 29.14 29.42 29.75 28.02 27.01 28.19 27.77 28.55 28.91 28.56 29.62 29.74 29.75 29.69 29.36 29.03 29.12 29.35 29.04 28.77 29.45 29.36 29.09 29.27 28.61 28.81
12.07 12.32 11.90 11.21 12.64 12.35 13.60 14.10 14.44 17.08 18.04 21.07 21.69 20.60 21.11 21.74 21.63 20.24 19.26 19.00 19.63 20.45 22.58 23.97 23.73 21.98 22.97 22.26 21.45 20.28 22.65 22.17 22.47 21.25 20.05 23.29 25.17 24.40 26.90 27.47 28.19 28.08 28.26 28.96 28.68 27.50 28.19 29.17 27.73 27.79 28.19 28.91 29.54 29.57 29.24 29.10 28.71 27.22 27.99 28.45 29.25 29.65 29.76 29.57 29.71 29.48 27.96 28.71 29.10 27.78 28.75 28.72 28.61 29.33 29.25 29.08 29.11
14.93 14.13 13.75 12.07 11.80 11.86 12.60 13.77 15.44 18.03 18.29 21.63 21.35 21.08 19.74 19.93 21.39 20.76 19.50 19.67 19.81 20.27 21.16 23.09 23.38 24.63 24.97 23.34 22.22 22.61 23.62 21.96 21.36 21.73 20.41 23.40 24.87 24.85 26.32 27.00 27.01 26.76 27.74 28.26 27.09 25.41 26.28 28.08 28.28 28.24 28.76 28.13 28.75 29.67 29.35 29.38 29.25 28.86 28.29 28.27 28.87 29.60 29.77 29.58 29.03 29.05 28.95 28.70 29.02 28.76 28.79 27.52 28.27 28.09 28.74 28.86 29.49
18.32 16.84 15.59 15.99 16.36 13.16 12.36 13.19 15.53 17.24 18.02 20.54 21.72 18.95 18.90 18.88 19.56 20.42 20.09 19.38 18.90 19.52 21.61 22.97 23.68 22.95 24.17 24.36 22.94 24.26 24.44 22.28 20.75 21.32 20.44 21.36 21.66 22.38 25.10 27.70 26.98 28.02 27.85 27.64 27.70 26.94 27.73 27.25 29.06 28.83 29.13 28.01 28.03 29.73 29.79 29.61 29.74 28.85 28.17 27.52 29.13 29.62 29.34 28.54 28.48 28.33 28.92 28.37 28.78 28.82 28.25 27.32 26.91 27.87 26.81 27.76 29.11
17.78 18.90 18.99 19.43 18.75 17.04 16.41 16.32 16.81 17.39 16.86 17.76 18.38 18.30 18.54 17.13 17.54 19.19 20.01 19.13 19.22 21.24 21.87 22.74 23.08 23.84 24.43 24.83 22.19 21.29 22.13 20.50 20.11 19.49 20.61 18.72 19.43 23.49 26.08 26.14 26.14 28.30 27.84 27.60 27.85 28.50 28.53 27.66 28.39 28.56 29.81 29.79 29.34 29.74 29.70 29.82 29.80 29.09 27.93 28.40 28.63 29.53 29.17 28.45 28.41 28.93 28.77 28.76 27.89 27.78 28.57 28.45 26.12 28.35 27.52 28.17 27.69
18.22 17.99 20.50 20.62 20.91 21.35 20.07 19.03 19.73 17.86 18.30 16.53 16.49 18.44 18.26 16.66 17.61 18.80 19.58 19.96 20.77 21.48 21.31 22.79 22.70 21.78 23.92 23.80 23.06 20.49 20.35 21.34 21.83 21.75 21.11 19.00 19.07 22.13 25.02 26.85 27.03 28.41 28.25 25.89 27.62 27.98 28.69 28.76 28.71 29.42 29.29 29.70 28.82 29.26 29.47 29.26 29.46 29.62 28.18 27.68 27.64 29.08 29.63 29.48 28.44 28.93 28.94 28.11 26.65 27.64 27.83 28.25 27.58 27.97 25.81 27.52 26.14
20.79 20.28 20.12 21.24 20.97 21.57 21.60 20.43 20.34 18.26 16.82 15.35 15.69 14.56 15.65 17.08 17.27 18.42 19.24 21.33 21.53 21.77 22.93 22.02 19.71 19.77 22.24 21.52 21.63 22.69 20.32 22.13 22.70 22.73 21.79 20.15 19.39 20.17 24.19 27.62 26.09 27.90 27.29 27.10 26.66 27.98 28.11 28.37 29.28 29.62 29.40 29.56 28.28 27.77 28.71 28.69 28.26 29.31 28.79 27.94 28.21 28.64 29.40 29.40 29.38 29.05 29.34 29.06 26.66 29.54 27.36 28.22 27.52 28.79 27.34 28.20 27.28
24.23 24.35 22.87 22.72 23.61 23.47 22.51 19.25 19.14 19.84 17.24 16.35 15.74 14.54 14.88 15.77 17.42 20.18 20.36 21.96 21.81 21.84 21.51 22.54 23.09 23.47 22.83 22.93 22.88 22.85 19.58 20.15 21.70 21.00 20.83 19.11 18.51 17.92 23.43 26.34 25.87 26.63 25.83 27.10 26.66 28.09 28.09 29.13 29.38 29.25 29.58 28.65 29.26 27.52 27.72 27.13 28.53 27.62 27.27 28.26 28.97 28.48 29.54 29.05 29.06 28.77 27.80 28.02 28.75 28.72 28.49 28.65 28.26 29.32 29.35 28.76 27.38
25.32 24.65 25.66 25.17 24.80 23.54 21.53 18.98 18.47 18.36 17.65 16.72 16.34 16.02 16.04 17.70 18.95 21.79 23.48 22.43 22.30 23.76 21.90 21.70 22.60 21.60 21.80 22.71 23.64 23.93 21.52 19.70 18.42 19.89 18.40 19.47 19.49 17.16 21.76 24.71 23.93 27.77 25.83 25.83 26.66 26.62 26.62 27.98 29.32 28.68 28.78 27.30 28.10 28.68 27.50 27.51 27.83 27.52 26.41 28.26 28.74 27.92 28.32 28.93 28.72 28.74 28.14 28.69 29.34 28.48 26.74 27.57 28.65 29.14 29.24 28.58 27.36
24.63 23.17 25.40 25.79 26.33 23.96 21.67 21.17 18.82 17.37 17.85 17.85 16.74 17.17 18.35 20.35 21.48 21.73 24.73 24.70 23.26 24.39 23.64 22.04 19.82 18.84 23.29 23.13 24.66 23.33 22.82 21.02 19.24 19.90 19.94 19.67 19.99 20.73 21.77 25.33 26.09 27.60 27.60 28.18 26.75 26.75 26.75 28.31 29.30 28.66 29.31 27.93 27.51 29.21 27.05 26.97 29.05 29.04 28.26 27.74 28.27 25.91 27.17 28.73 29.22 28.54 29.30 29.50 29.46 29.36 26.82 29.39 29.01 28.81 29.75 27.87 27.20
24.79 24.16 24.28 24.83 26.13 26.01 24.58 23.58 21.53 18.51 20.87 19.99 17.92 19.91 21.62 23.78 24.53 23.89 26.33 26.05 26.25 25.45 25.54 23.63 20.36 20.59 23.25 25.40 24.62 23.66 23.53 20.67 18.80 19.50 20.44 20.30 20.36 20.42 23.09 24.80 25.36 28.54 28.18 28.18 28.18 26.75 26.75 27.35 28.66 28.99 29.35 29.10 28.73 28.99 28.30 28.12 29.26 28.85 29.18 28.99 29.03 28.10 29.14 28.31 29.20 29.75 29.78 29.80 29.57 29.45 29.14 28.99 28.61 29.54 29.14 29.37 29.06
23.21 23.89 23.60 25.28 24.86 24.98 25.76 25.56 23.90 21.81 21.81 22.03 19.49 21.52 22.67 26.07 27.21 25.27 26.40 27.02 25.63 24.24 25.27 25.82 24.56 23.49 23.30 24.14 24.22 24.85 25.62 23.51 20.19 21.26 20.63 21.80 23.42 23.11 24.64 25.75 23.95 25.75 27.70 27.70 27.70 28.20 28.20 27.00 26.38 28.96 29.51 29.47 28.77 28.55 28.74 28.10 28.13 27.67 29.12 29.55 29.58 27.96 28.35 29.27 29.58 29.69 29.63 29.87 29.88 29.78 29.47 29.08 29.35 29.45 29.41 29.70 29.86
24.14 24.23 23.14 24.14 25.13 25.36 24.11 24.98 24.03 22.61 22.88 22.24 20.45 22.72 24.02 26.75 26.93 25.58 26.73 27.28 26.83 25.93 24.27 25.16 25.90 23.22 22.29 23.31 24.07 24.61 24.60 23.74 22.58 22.14 22.52 22.75 24.27 24.63 22.17 23.37 22.35 23.03 26.01 26.01 28.03 27.06 27.06 27.99 26.88 28.68 29.69 29.57 29.80 28.46 28.42 29.00 27.68 29.23 29.55 29.35 29.77 29.10 29.04 27.55 28.78 29.80 29.88 29.89 29.89 29.78 29.77 29.10 28.77 28.83 29.43 29.69 29.74
24.92 24.82 23.70 24.67 25.02 25.85 24.44 23.51 24.25 23.91 23.14 23.78 21.80 20.22 24.30 25.74 25.80 24.54 25.86 27.26 27.30 26.15 26.56 26.31 25.23 24.65 22.51 21.89 25.21 25.25 25.06 24.02 24.17 23.21 23.81 23.28 22.42 23.53 24.48 22.13 21.64 21.86 24.73 26.43 28.03 28.01 28.11 28.49 27.17 27.45 29.26 29.80 29.82 29.45 28.51 28.13 29.28 29.53 29.70 29.09 28.84 29.49 29.39 29.64 28.59 29.66 29.50 29.72 29.75 29.54 29.74 29.67 29.36 29.39 29.75 29.66 29.07
23.15 23.75 24.54 24.62 24.83 24.36 23.95 24.91 24.34 24.90 23.27 24.20 24.25 23.02 25.32 23.61 23.93 25.26 25.45 26.07 27.12 25.39 25.21 24.74 25.25 25.26 22.73 23.11 22.72 24.51 24.78 25.33 26.38 24.25 24.48 23.54 21.46 22.63 22.13 20.08 21.79 23.72 25.40 25.11 27.08 28.30 28.47 28.72 27.11 27.97 28.70 29.83 29.77 29.66 29.56 28.30 28.83 28.66 29.08 27.93 28.52 29.38 28.50 27.43 28.08 29.69 29.20 28.96 29.21 28.77 28.67 29.29 28.81 28.95 28.51 29.49 27.87
24.87 25.49 24.34 23.94 24.64 25.06 24.74 24.75 24.43 25.43 26.40 26.93 26.77 24.23 24.55 23.66 25.88 25.31 25.66 24.52 25.74 27.08 25.25 22.93 23.03 23.88 24.24 23.74 23.33 25.03 25.28 25.76 25.12 25.45 25.04 22.67 22.43 22.31 21.25 19.92 22.32 22.88 22.44 25.54 26.54 28.24 28.52 29.04 29.38 28.59 28.89 29.28 29.80 29.88 29.78 29.09 26.59 26.83 28.27 27.17 25.76 29.66 28.31 25.61 28.21 28.35 29.28 28.28 29.04 28.53 29.09 29.26 28.43 28.10 25.81 27.95 27.47
24.63 23.83 25.36 24.54 22.25 23.59 23.14 23.08 23.71 25.08 25.60 24.62 25.25 23.31 25.71 24.31 25.98 24.47 25.17 25.23 26.91 26.76 26.10 24.41 23.58 22.34 21.96 22.77 23.00 23.24 24.36 24.26 24.12 25.25 23.49 23.51 23.61 21.55 22.38 23.32 23.84 24.23 24.31 25.28 25.94 27.88 28.85 28.16 28.58 29.07 29.00 28.57 29.77 29.08 29.54 29.61 27.98 27.77 28.27 29.30 28.17 29.09 28.29 25.55 28.27 27.35 28.90 28.69 29.36 28.97 29.28 28.74 29.37 28.79 27.43 27.92 27.33
23.40 23.28 24.49 25.09 21.57 22.36 23.15 25.47 25.41 25.68 24.67 23.75 24.80 22.76 22.76 24.74 25.92 24.80 24.49 24.07 25.90 26.75 26.97 25.97 24.59 21.76 21.50 22.22 23.54 23.82 23.75 23.06 22.62 23.11 23.22 24.03 23.35 21.92 23.66 25.76 25.41 24.62 23.53 25.21 25.93 27.03 28.22 29.48 29.02 28.97 29.52 29.33 29.29 29.33 29.16 29.06 28.67 28.35 27.83 28.69 28.97 28.10 28.10 29.67 28.62 28.65 28.71 28.78 29.41 29.55 28.14 27.96 29.09 29.65 28.18 27.01 26.18
23.77 23.68 23.46 22.49 23.35 22.22 22.79 24.66 25.32 23.19 24.51 25.02 24.32 23.41 21.73 24.57 26.08 25.42 25.02 24.60 25.04 26.46 26.09 27.60 24.27 22.02 21.45 21.02 22.86 24.59 24.35 22.59 21.53 21.70 22.71 22.73 22.31 22.24 23.36 24.66 24.70 24.84 23.89 25.14 26.85 27.76 27.10 28.40 29.51 29.36 29.18 28.55 28.52 29.86 29.91 28.75 28.59 28.47 28.00 26.38 27.35 29.50 26.65 28.57 27.81 28.50 29.24 29.47 28.35 28.72 28.94 27.59 27.70 28.66 28.49 28.22 27.55
24.92 25.22 24.71 23.04 24.33 24.31 24.29 23.35 25.79 24.80 27.35 25.36 25.75 26.18 23.38 23.87 25.31 24.95 26.06 25.03 25.19 27.10 27.18 27.01 22.98 20.28 20.12 20.99 20.41 21.73 22.26 21.91 21.97 21.25 22.79 21.88 22.83 23.55 22.79 24.41 24.84 23.10 22.16 24.11 25.88 27.51 27.74 28.54 28.59 29.18 29.76 29.59 29.10 28.29 29.90 29.94 28.88 28.50 28.72 27.85 26.58 27.55 27.45 28.99 27.97 27.29 28.83 29.68 29.09 28.93 29.40 29.53 29.49 27.71 29.27 29.30 28.64
24.71 25.79 25.98 25.21 25.90 26.05 24.86 23.45 24.30 24.87 26.96 27.44 27.01 25.72 23.90 22.21 23.57 24.18 24.60 25.09 26.36 26.10 26.63 26.01 24.60 21.94 21.53 22.40 23.30 22.33 21.23 21.88 22.22 21.34 21.27 21.48 21.65 23.33 23.97 24.70 25.48 22.34 22.01 24.80 26.12 26.96 27.97 27.26 28.40 28.37 29.41 29.53 29.07 29.04 29.29 29.65 28.84 29.04 29.28 27.90 27.44 26.58 25.82 27.22 28.47 26.76 28.58 29.11 29.81 29.08 29.17 29.74 29.73 29.59 29.34 29.28 28.38
24.73 24.60 25.86 26.06 26.71 26.84 27.63 25.90 24.55 27.05 26.06 26.80 26.29 27.52 26.04 21.45 22.10 23.18 23.41 25.14 26.00 25.05 25.06 25.90 23.14 22.19 20.56 20.32 20.64 20.15 19.33 22.42 22.08 21.67 22.04 21.10 21.43 23.30 24.56 25.10 23.49 23.01 23.64 25.97 25.47 27.54 26.75 26.27 28.01 27.37 28.63 28.99 28.27 27.02 28.51 28.84 28.33 28.38 29.43 27.47 27.08 28.03 26.86 27.60 28.52 27.87 28.45 29.07 29.85 29.18 29.73 29.68 29.26 29.74 29.44 29.45 29.13
25.07 23.84 26.26 25.48 25.33 25.74 27.40 27.33 27.23 25.64 25.37 26.38 24.44 24.78 24.42 22.76 21.41 23.20 22.77 23.59 25.28 25.05 26.31 24.64 21.19 22.18 20.01 21.13 20.96 19.78 19.33 21.28 23.83 22.12 21.23 22.09 21.63 23.33 23.11 23.34 24.27 24.27 24.66 25.59 27.37 27.67 27.66 27.15 27.21 27.62 28.30 28.22 28.72 27.82 27.66 28.21 28.48 28.54 29.70 29.06 27.66 28.81 27.36 27.31 26.80 26.99 27.79 28.95 29.54 29.19 29.50 29.64 29.83 29.79 29.78 29.34 29.91
25.55 23.79 25.28 24.47 24.24 24.63 25.28 26.95 27.52 26.94 26.17 26.71 26.08 24.72 21.81 22.62 21.68 21.99 22.79 25.21 26.15 24.66 25.14 25.58 22.75 22.71 21.65 20.97 21.42 20.24 18.72 20.64 22.27 22.50 21.22 22.04 22.03 22.37 23.84 24.60 24.68 24.91 23.65 25.37 27.18 26.77 28.28 28.18 28.07 26.97 27.84 28.76 28.70 28.45 27.09 27.49 28.18 29.15 28.38 28.63 27.71 28.28 27.96 27.14 26.46 27.06 28.71 28.69 29.16 29.14 28.85 28.94 29.77 29.48 29.61 29.73 30.01
25.18 26.55 25.36 25.79 23.47 23.67 24.74 26.20 25.96 27.16 27.09 26.25 21.93 24.75 23.46 21.05 20.88 21.39 23.07 23.15 24.27 25.73 26.19 24.08 21.23 20.09 20.45 20.04 19.69 18.77 19.23 21.45 22.33 23.35 23.26 23.16 22.13 20.61 22.26 24.67 25.84 26.36 25.60 26.54 28.16 28.48 27.97 25.36 27.96 26.96 26.74 27.12 27.57 26.63 27.81 27.33 26.41 28.02 28.31 28.47 28.57 29.24 29.42 26.05 24.00 26.06 27.98 27.34 29.78 29.32 28.97 29.10 29.40 29.55 29.86 29.87 29.91
25.71 25.21 24.83 25.76 24.32 24.15 23.68 24.28 26.19 25.48 26.17 24.87 23.10 21.07 21.73 20.99 21.68 21.63 21.85 21.90 22.46 24.14 26.51 24.36 22.51 20.51 19.81 21.68 20.33 19.03 20.06 21.84 22.87 23.34 22.79 23.37 21.47 21.22 20.55 23.47 24.34 25.62 26.38 26.36 27.91 28.98 28.40 28.56 27.36 25.57 26.68 25.45 26.53 25.46 24.57 26.73 27.42 27.54 27.31 27.69 27.92 29.22 29.69 28.21 27.60 27.13 27.47 27.95 29.54 29.66 29.81 29.85 29.74 29.79 29.74 29.58 29.87
24.73 25.35 25.09 24.49 23.36 25.37 24.76 23.02 25.13 22.78 22.96 23.77 22.45 21.65 20.93 22.59 23.77 22.79 21.25 22.96 23.87 25.22 25.24 23.14 23.80 23.08 20.61 21.36 21.18 21.11 21.74 22.37 22.67 23.75 24.08 24.30 22.70 21.46 21.45 23.18 23.85 25.35 27.14 26.77 27.18 28.04 27.12 26.42 27.46 27.30 25.85 26.79 23.75 25.68 23.95 24.13 27.34 27.51 26.89 28.48 27.39 27.84 28.13 28.31 27.73 27.45 26.43 27.12 28.71 29.98 30.03 29.94 29.75 30.02 29.80 29.95 29.92
23.92 26.09 26.70 26.13 24.22 24.64 24.61 24.26 24.20 21.72 21.84 21.72 20.92 23.15 26.84 23.95 21.80 23.79 24.69 25.01 23.89 23.16 22.94 23.84 22.67 23.14 21.80 22.31 21.64 21.22 21.89 22.38 23.45 25.12 24.09 23.48 22.26 20.92 21.40 22.63 24.46 25.84 27.04 26.71 27.35 28.19 26.25 27.84 26.93 26.38 26.77 26.79 25.11 23.44 24.44 25.67 25.06 26.86 24.65 27.66 26.86 28.24 28.66 29.64 28.27 26.75 28.00 27.71 27.36 29.92 30.02 30.01 30.01 30.02 30.01 29.94 30.02
26.59 26.40 26.80 27.38 25.93 24.49 24.42 24.16 23.40 22.48 21.99 20.79 20.57 21.03 25.96 25.00 24.20 24.23 23.69 24.46 23.87 23.08 20.37 23.88 22.35 21.95 22.74 23.76 22.30 22.89 22.73 26.51 26.34 26.04 23.66 22.98 22.39 20.66 20.38 21.43 22.08 24.97 25.87 25.53 27.29 26.99 26.92 28.50 27.49 27.39 25.59 25.98 26.18 24.66 22.70 25.23 25.46 27.44 25.62 27.30 27.50 27.21 28.59 28.56 29.26 28.73 28.70 29.01 27.50 29.43 30.04 30.08 30.07 30.06 30.09 29.97 30.00
