main/data/irradiance/09.10.2023.grid
ncols 839
nrows 679
xllcenter 112.0500
yllcenter -43.9500
cellsize 0.0500
nodata_value 99999.90
[rows 340 to 373 of 679, columns 154 to 230 of 839]
25.79 25.75 25.70 25.78 25.86 25.82 25.83 25.81 25.71 25.83 25.81 25.80 25.91 25.95 25.90 25.84 25.82 25.79 25.80 25.77 25.84 25.81 25.75 25.75 25.79 25.84 25.81 25.74 25.87 25.87 25.74 25.77 25.73 25.82 25.80 25.81 25.81 25.85 25.80 25.83 25.88 25.86 25.87 25.84 25.81 25.84 25.88 25.88 25.82 25.81 25.75 25.76 25.66 25.78 25.78 25.84 25.84 25.86 25.85 25.85 25.76 25.76 25.79 25.86 25.86 25.85 25.84 25.82 25.81 25.79 25.77 25.77 25.74 25.77 25.82 25.86 25.87
25.70 25.64 25.67 25.72 25.84 25.85 25.86 25.77 25.81 25.80 25.77 25.81 25.83 25.92 25.90 25.91 25.84 25.75 25.73 25.75 25.78 25.78 25.77 25.75 25.77 25.74 25.74 25.79 25.87 25.83 25.81 25.80 25.85 25.85 25.88 25.81 25.79 25.79 25.83 25.80 25.84 25.88 25.88 25.89 25.84 25.86 25.89 25.88 25.84 25.83 25.77 25.75 25.79 25.79 25.82 25.86 25.81 25.84 25.80 25.81 25.78 25.77 25.75 25.81 25.84 25.85 25.84 25.81 25.77 25.81 25.79 25.75 25.79 25.63 25.73 25.79 25.84
25.81 25.73 25.71 25.70 25.79 25.77 25.78 25.74 25.87 25.92 25.79 25.85 25.84 25.82 25.82 25.87 25.88 25.88 25.74 25.81 25.89 25.84 25.86 25.78 25.79 25.78 25.84 25.76 25.82 25.84 25.91 25.82 25.86 25.77 25.74 25.79 25.80 25.83 25.82 25.82 25.84 25.86 25.86 25.81 25.78 25.85 25.81 25.88 25.81 25.76 25.74 25.75 25.75 25.79 25.84 25.86 25.85 25.82 25.81 25.82 25.85 25.77 25.77 25.75 25.79 25.78 25.79 25.82 25.82 25.84 25.81 25.76 25.70 25.48 25.52 25.75 25.83
25.67 25.22 25.68 25.81 25.77 25.80 25.80 25.78 25.81 25.81 25.67 25.75 25.84 25.88 25.73 25.80 25.88 25.95 25.85 25.84 25.87 25.80 25.87 25.88 25.80 25.82 25.81 25.68 25.84 25.76 25.90 25.78 25.74 25.73 25.83 25.82 25.77 25.79 25.81 25.83 25.87 25.82 25.83 25.83 25.80 25.86 25.84 25.83 25.80 25.80 25.82 25.78 25.80 25.79 25.80 25.79 25.78 25.82 25.76 25.85 25.83 25.76 25.78 25.77 25.78 25.76 25.75 25.80 25.87 25.87 25.84 25.80 25.65 25.58 25.68 25.77 25.80
25.69 25.56 25.82 25.74 25.67 25.77 25.77 25.76 25.80 25.74 25.70 25.67 25.63 25.82 25.77 25.83 25.89 24.81 25.73 25.70 25.76 25.74 25.82 25.84 25.86 25.93 25.82 25.68 25.79 25.82 25.79 25.83 25.74 25.80 25.82 25.83 25.79 25.73 25.84 25.83 25.82 25.87 25.82 25.79 25.78 25.80 25.80 25.85 25.82 25.82 25.82 25.82 25.82 25.75 25.77 25.77 25.77 25.75 25.80 25.82 25.78 25.84 25.87 25.85 25.82 25.73 25.54 25.73 25.77 25.83 25.78 25.77 25.75 25.72 25.77 25.80 25.79
25.20 25.63 25.81 25.65 25.55 25.70 25.71 25.70 25.76 25.75 25.71 25.70 25.78 25.81 25.94 25.88 25.78 25.55 25.78 25.71 25.74 25.74 25.76 25.86 25.76 25.73 25.65 25.73 25.63 25.79 25.74 25.74 25.71 25.78 25.79 25.80 25.80 25.80 25.89 25.84 25.80 25.82 25.85 25.85 25.83 25.83 25.82 25.83 25.82 25.75 25.81 25.79 25.75 25.76 25.76 25.75 25.76 25.79 25.83 25.83 25.82 25.84 25.83 25.87 25.82 25.76 25.77 25.72 25.80 25.79 25.81 25.79 25.79 25.87 25.84 25.85 25.84
25.07 25.64 25.58 25.40 25.64 25.39 25.51 25.68 25.77 25.76 25.81 25.76 25.80 25.82 25.94 25.88 25.74 25.88 25.76 25.64 25.79 25.82 25.84 25.75 25.74 25.76 25.74 25.77 25.73 25.72 25.71 25.76 25.68 25.73 25.75 25.76 25.83 25.86 25.82 25.83 25.83 25.77 25.82 25.80 25.82 25.83 25.80 25.81 25.82 25.86 25.85 25.79 25.73 25.72 25.76 25.78 25.80 25.84 25.83 25.83 25.85 25.83 25.83 25.81 25.81 25.80 25.80 25.78 25.77 25.76 25.81 25.84 25.85 25.87 25.87 25.87 25.87
25.53 25.66 25.39 25.07 25.59 25.30 25.35 25.62 25.69 25.33 25.64 25.81 25.73 25.76 25.71 25.91 25.85 25.76 25.65 25.68 25.71 25.81 25.82 25.78 25.70 25.75 25.77 25.81 25.80 25.71 25.78 25.79 25.81 25.69 25.81 25.81 25.92 25.90 25.83 25.84 25.86 25.77 25.74 25.76 25.82 25.79 25.82 25.79 25.87 25.82 25.79 25.77 25.72 25.70 25.72 25.76 25.79 25.77 25.84 25.85 25.78 25.81 25.82 25.85 25.81 25.80 25.80 25.76 25.82 25.78 25.80 25.83 25.83 25.86 25.88 25.95 25.89
25.45 25.77 24.77 25.54 25.70 25.47 25.37 25.79 25.45 24.97 25.69 25.75 25.90 25.79 25.83 25.80 25.76 25.83 25.77 25.73 25.76 25.74 25.79 25.79 25.75 25.71 25.72 25.77 25.82 25.72 25.75 25.76 25.74 25.70 25.74 25.76 25.89 25.85 25.85 25.84 25.90 25.85 25.72 25.82 25.79 25.77 25.80 25.83 25.82 25.76 25.76 25.72 25.71 25.75 25.79 25.76 25.73 25.76 25.78 25.79 25.75 25.76 25.80 25.82 25.83 25.79 25.80 25.83 25.78 25.79 25.79 25.82 25.85 25.82 25.85 25.89 25.89
25.18 25.44 25.18 25.60 25.59 24.93 25.46 25.74 25.28 24.47 25.72 25.77 25.76 25.71 25.74 25.73 25.48 25.79 25.76 25.73 25.85 25.76 25.67 25.75 25.72 25.80 25.75 25.75 25.77 25.86 25.83 25.80 25.69 25.68 25.76 25.71 25.74 25.71 25.72 25.85 25.87 25.75 25.70 25.83 25.76 25.79 25.81 25.74 25.74 25.71 25.75 25.73 25.72 25.79 25.81 25.75 25.73 25.80 25.85 25.84 25.78 25.78 25.81 25.81 25.84 25.82 25.83 25.76 25.81 25.83 25.79 25.77 25.79 25.79 25.83 25.83 25.87
24.90 25.04 25.65 25.23 25.66 25.16 25.05 25.71 25.45 24.74 25.53 25.76 25.70 25.65 25.74 25.68 25.75 25.77 25.72 25.72 25.82 25.72 25.74 25.79 25.76 25.76 25.80 25.78 25.77 25.83 25.84 25.79 25.77 25.74 25.73 25.66 25.76 25.78 25.75 25.76 25.82 25.81 25.77 25.84 25.79 25.78 25.81 25.76 25.74 25.74 25.73 25.67 25.63 25.66 25.81 25.83 25.84 25.85 25.91 25.84 25.75 25.75 25.77 25.79 25.83 25.74 25.78 25.80 25.83 25.84 25.79 25.83 25.81 25.81 25.84 25.83 25.88
24.78 25.46 25.13 24.99 25.68 25.37 25.70 25.78 25.24 24.48 25.59 25.84 25.62 25.64 25.69 25.58 25.71 25.77 25.70 25.78 25.73 25.61 25.80 25.82 25.82 25.75 25.79 25.75 25.79 25.82 25.85 25.89 25.84 25.72 25.70 25.71 25.73 25.79 25.83 25.73 25.77 25.76 25.81 25.77 25.75 25.76 25.79 25.81 25.80 25.81 25.75 25.70 25.71 25.69 25.72 25.81 25.83 25.89 25.88 25.74 25.74 25.79 25.76 25.77 25.82 25.84 25.79 25.82 25.83 25.82 25.78 25.81 25.77 25.78 25.82 25.81 25.86
24.06 25.33 25.05 25.76 25.29 25.70 25.77 25.81 25.40 25.20 25.64 25.79 25.75 25.71 25.80 25.82 25.72 25.76 25.71 25.79 25.81 25.81 25.84 25.82 25.73 25.73 25.75 25.55 25.70 25.81 25.71 25.77 25.78 25.74 25.74 25.76 25.83 25.81 25.75 25.66 25.72 25.75 25.83 25.80 25.77 25.74 25.67 25.71 25.75 25.74 25.78 25.71 25.69 25.65 25.64 25.69 25.80 25.82 25.84 25.79 25.77 25.83 25.77 25.80 25.77 25.77 25.77 25.80 25.83 25.83 25.80 25.79 25.77 25.78 25.82 25.82 25.83
24.85 24.83 25.54 25.79 25.45 25.55 25.72 25.02 25.12 25.66 25.68 25.80 25.79 25.83 25.75 25.75 25.84 25.65 25.72 25.68 25.80 25.77 25.85 25.82 25.76 25.73 25.73 25.50 25.74 25.79 25.78 25.75 25.74 25.76 25.78 25.80 25.81 25.77 25.70 25.71 25.83 25.85 25.85 25.87 25.83 25.74 25.71 25.68 25.72 25.74 25.74 25.70 25.70 25.64 25.64 25.64 25.67 25.84 25.89 25.86 25.78 25.75 25.73 25.77 25.79 25.79 25.78 25.79 25.80 25.82 25.80 25.79 25.74 25.78 25.80 25.72 25.76
24.39 25.25 25.58 25.42 25.45 25.81 25.57 25.04 25.51 25.77 25.70 25.47 25.72 25.72 25.67 25.53 25.60 25.61 25.70 25.66 25.70 25.66 25.74 25.79 25.69 25.71 25.49 25.74 25.70 25.89 25.57 25.71 25.60 25.71 25.74 24.73 25.66 25.72 25.77 25.77 25.76 25.81 25.82 25.86 25.86 25.76 25.63 25.65 25.71 25.74 25.70 25.69 25.71 25.69 25.60 25.51 25.68 25.83 25.82 25.81 25.80 25.74 25.73 25.81 25.78 25.79 25.79 25.78 25.78 25.78 25.78 25.69 25.72 25.76 25.77 25.78 25.74
25.41 24.63 24.79 24.79 25.42 25.75 25.58 25.59 25.70 25.77 25.72 25.60 25.70 25.64 25.50 25.60 25.65 25.70 25.69 25.68 25.65 25.75 25.67 25.66 25.63 25.71 25.56 25.27 25.12 24.63 25.73 25.73 25.71 25.77 25.79 25.60 24.87 25.11 25.71 25.69 25.64 25.67 25.74 25.81 25.85 25.73 25.66 25.64 25.66 25.69 25.74 25.68 25.67 25.67 25.61 25.59 25.70 25.73 25.83 25.81 25.75 25.79 25.80 25.77 25.74 25.78 25.84 25.80 25.78 25.80 25.81 25.73 25.73 25.73 25.76 25.76 25.75
25.46 25.44 24.81 24.60 25.10 25.71 25.63 25.58 25.75 25.80 25.84 25.78 25.55 25.60 25.59 25.57 25.64 25.72 25.73 25.74 25.71 25.65 25.63 25.58 25.64 25.66 25.61 25.73 25.68 25.67 25.62 25.53 25.83 25.77 25.73 25.67 25.68 25.70 25.72 25.64 25.61 25.69 25.80 25.81 25.82 25.76 25.76 25.72 25.62 25.67 25.71 25.76 25.68 25.68 25.67 25.69 25.70 25.72 25.71 25.76 25.86 25.88 25.74 25.69 25.72 25.76 25.80 25.79 25.77 25.79 25.80 25.76 25.74 25.74 25.72 25.75 25.71
25.28 25.62 24.91 24.88 25.05 25.72 25.70 25.66 25.73 25.75 25.86 25.67 25.58 25.64 25.71 25.66 25.67 25.67 25.61 25.68 25.71 25.45 25.60 25.62 25.67 25.62 25.66 25.71 25.77 25.71 25.70 25.64 25.74 25.81 25.75 25.77 25.79 25.80 25.73 25.69 25.67 25.77 25.74 25.77 25.77 25.79 25.72 25.73 25.68 25.69 25.68 25.75 25.74 25.73 25.69 25.66 25.64 25.72 25.60 25.76 25.86 25.75 25.75 25.71 25.71 25.77 25.77 25.77 25.75 25.80 25.82 25.80 25.75 25.73 25.69 25.71 25.75
25.27 24.59 24.94 25.39 25.11 25.59 25.69 25.76 25.77 25.80 25.86 25.69 25.74 25.74 25.61 25.71 25.67 25.59 25.63 25.74 25.65 25.47 25.68 25.65 25.66 25.64 25.67 25.72 25.82 25.77 25.67 25.74 25.81 25.86 25.85 25.78 25.82 25.79 25.73 25.59 25.67 25.69 25.74 25.68 25.69 25.68 25.64 25.66 25.72 25.70 25.73 25.74 25.74 25.71 25.65 25.61 25.64 25.73 25.69 25.67 25.66 25.82 25.70 25.65 25.69 25.67 25.70 25.78 25.77 25.76 25.83 25.84 25.76 25.74 25.72 25.73 25.71
24.03 25.10 25.54 24.81 24.99 25.53 25.43 25.75 25.72 25.79 25.86 25.83 25.77 25.75 25.77 25.72 25.67 25.68 25.66 25.63 25.58 25.56 25.66 25.68 25.67 25.64 25.64 25.67 25.74 25.68 25.67 25.67 25.72 25.74 25.74 25.77 25.76 25.22 23.96 25.27 25.58 25.64 25.71 25.65 25.65 25.68 25.67 25.72 25.72 25.75 25.74 25.77 25.69 25.67 25.65 25.66 25.64 25.71 25.72 25.70 25.67 25.72 25.72 25.65 25.63 25.71 25.71 25.72 25.79 25.77 25.70 25.73 25.74 25.70 25.72 25.71 25.71
24.86 25.38 25.38 24.95 25.58 25.21 25.36 25.66 25.71 25.70 25.71 25.69 25.65 25.61 25.74 25.72 25.67 25.68 25.65 25.65 25.48 25.63 25.62 25.67 25.61 25.62 25.60 25.56 25.62 25.60 25.55 25.61 25.62 25.67 25.73 25.70 25.67 25.73 25.49 25.37 25.63 25.61 25.60 25.65 25.73 25.70 25.73 25.69 25.67 25.78 25.75 25.77 25.67 25.65 25.63 25.63 25.64 25.69 25.72 25.66 25.73 25.67 25.65 25.66 25.73 25.73 25.75 25.71 25.74 25.75 25.77 25.73 25.74 25.71 25.77 25.73 25.68
25.50 25.47 25.25 25.34 25.43 25.47 25.69 25.65 25.65 25.74 25.70 25.64 25.56 25.44 25.68 25.71 25.65 25.64 25.67 25.70 25.63 25.72 25.63 25.64 25.65 25.63 25.63 25.63 25.59 25.60 25.72 25.64 25.63 25.63 25.68 25.61 25.75 25.70 25.68 25.70 25.62 25.59 25.60 25.65 25.73 25.66 25.70 25.64 25.59 25.71 25.78 25.68 25.66 25.61 25.63 25.67 25.66 25.67 25.67 25.67 25.66 25.70 25.73 25.68 25.66 25.60 25.70 25.71 25.69 25.69 25.74 25.77 25.72 25.74 25.75 25.73 25.69
25.54 25.41 25.43 25.65 25.55 25.58 25.50 25.50 25.65 25.70 25.70 25.68 25.59 25.53 25.65 25.75 25.75 25.65 25.62 25.65 25.64 25.68 25.65 25.61 25.62 25.64 25.67 25.66 25.54 25.62 25.75 25.71 25.62 25.59 25.61 25.57 25.71 25.72 25.75 25.77 25.78 25.42 25.42 25.61 25.66 25.68 25.63 25.62 25.64 25.64 25.67 25.66 25.65 25.60 25.57 25.63 25.66 25.62 25.67 25.73 25.68 25.64 25.75 25.76 25.66 25.68 25.77 25.73 25.73 25.76 25.77 25.79 25.73 25.74 25.70 25.65 25.65
25.74 25.78 25.78 25.79 25.67 25.49 25.50 25.54 25.69 25.64 25.61 25.59 25.52 25.59 25.67 25.74 25.72 25.75 25.64 25.67 25.68 25.68 25.62 25.59 25.63 25.59 25.68 25.66 25.65 25.61 25.70 25.75 25.65 25.59 25.60 25.59 25.63 25.68 25.77 25.74 25.72 25.71 25.49 25.20 25.60 25.63 25.62 25.63 25.56 25.50 25.60 25.69 25.65 25.58 25.62 25.66 25.66 25.71 25.67 25.66 25.68 25.69 25.69 25.77 25.69 25.66 25.77 25.67 25.68 25.77 25.77 25.69 25.67 25.71 25.68 25.66 25.70
25.69 25.73 25.66 25.66 25.74 25.65 25.54 25.66 25.70 25.63 25.56 25.57 25.51 25.52 25.55 25.57 25.63 25.69 25.72 25.71 25.76 25.66 25.59 25.61 25.60 25.57 25.69 25.70 25.65 25.67 25.63 25.62 25.60 25.58 25.59 25.64 25.74 25.78 25.78 25.68 25.65 25.66 25.70 25.66 25.59 25.70 25.71 25.62 25.57 25.50 25.55 25.65 25.68 25.59 25.61 25.64 25.62 25.73 25.60 25.58 25.62 25.67 25.68 25.75 25.71 25.68 25.71 25.70 25.67 25.67 25.69 25.68 25.65 25.72 25.65 25.62 25.68
25.67 25.63 25.28 25.54 25.62 25.56 25.60 25.60 25.60 25.69 25.65 25.63 25.38 25.55 25.57 25.54 25.62 25.69 25.64 25.64 25.73 25.71 25.65 25.54 25.62 25.57 25.62 25.70 25.69 25.69 25.63 25.60 25.49 25.58 25.63 25.63 25.69 25.75 25.73 25.66 25.62 25.66 25.55 25.65 25.65 25.65 25.61 25.58 25.57 25.52 25.57 25.52 25.62 25.62 25.61 25.61 25.61 25.68 25.65 25.62 25.60 25.62 25.68 25.66 25.69 25.67 25.68 25.70 25.69 25.62 25.63 25.66 25.68 25.69 25.65 25.64 25.68
25.61 25.49 25.53 25.65 25.62 25.60 25.66 25.63 25.67 25.61 25.55 25.54 25.61 25.64 25.65 25.35 25.51 25.60 25.52 25.51 25.63 25.65 25.63 25.60 25.62 25.55 25.53 25.63 25.67 25.63 25.65 25.66 25.63 25.64 25.64 25.67 25.59 25.67 25.73 25.61 25.56 25.65 25.70 25.64 25.66 25.47 25.59 25.62 25.61 25.52 25.55 25.55 25.56 25.59 25.56 25.60 25.58 25.66 25.68 25.65 25.60 25.58 25.69 25.63 25.64 25.73 25.71 25.70 25.66 25.60 25.58 25.66 25.69 25.67 25.68 25.69 25.66
25.52 25.45 25.30 25.62 25.52 25.34 25.42 25.67 25.66 25.63 25.59 25.54 25.60 25.53 25.48 25.30 25.28 25.54 25.50 25.46 25.46 25.49 25.56 25.59 25.61 25.58 25.55 25.55 25.64 25.68 25.59 25.64 25.64 25.67 25.65 25.63 25.58 25.61 25.63 25.61 25.61 25.63 25.69 25.58 25.57 25.57 25.61 25.64 25.58 25.53 25.58 25.59 25.58 25.59 25.61 25.61 25.64 25.59 25.54 25.54 25.58 25.52 25.60 25.60 25.60 25.66 25.62 25.66 25.69 25.60 25.61 25.58 25.64 25.70 25.65 25.64 25.63
25.57 25.50 25.49 25.49 25.40 25.27 25.32 25.57 25.62 25.65 25.60 25.48 25.44 25.45 25.30 25.45 25.49 25.50 25.48 25.46 25.46 25.45 25.53 25.58 25.58 25.55 25.51 25.45 25.53 25.55 25.54 25.56 25.56 25.59 25.62 25.57 25.55 25.57 25.56 25.52 25.64 25.55 25.54 25.53 25.56 25.62 25.60 25.57 25.55 25.50 25.58 25.58 25.54 25.59 25.59 25.54 25.58 25.61 25.61 25.58 25.54 25.55 25.54 25.55 25.57 25.69 25.70 25.71 25.69 25.69 25.62 25.57 25.62 25.61 25.59 25.59 25.62
25.51 25.46 25.52 25.46 25.18 24.65 25.43 25.65 25.64 25.42 25.15 25.54 25.57 25.60 25.44 25.56 25.60 25.47 25.43 25.44 25.47 25.46 25.52 25.59 25.62 25.58 25.57 25.51 25.51 25.51 25.55 25.51 25.54 25.53 25.59 25.53 25.51 25.48 25.52 25.58 25.52 25.52 25.55 25.53 25.46 25.53 25.58 25.60 25.57 25.55 25.58 25.60 25.55 25.59 25.56 25.52 25.48 25.53 25.57 25.57 25.57 25.52 25.57 25.63 25.62 25.56 25.64 25.67 25.65 25.68 25.67 25.56 25.61 25.58 25.59 25.56 25.62
25.31 25.35 25.43 25.35 24.62 24.89 25.39 25.59 25.13 25.03 25.52 25.64 25.68 25.63 25.61 25.67 25.61 25.57 25.67 25.64 25.56 25.52 25.51 25.57 25.64 25.53 25.55 25.51 25.51 25.48 25.53 25.57 25.45 25.51 25.57 25.52 25.51 25.57 25.56 25.54 25.50 25.53 25.55 25.57 25.54 25.53 25.51 25.58 25.62 25.53 25.59 25.61 25.58 25.58 25.58 25.51 25.52 25.50 25.48 25.51 25.58 25.51 25.52 25.64 25.54 25.52 25.54 25.52 25.57 25.57 25.64 25.58 25.58 25.56 25.62 25.63 25.54
24.92 25.52 25.46 24.77 25.18 25.56 25.49 24.99 25.16 25.43 25.61 25.58 25.58 25.62 25.67 25.59 25.54 25.56 25.63 25.55 25.55 25.53 25.53 25.55 25.53 25.52 25.55 25.52 25.53 25.54 25.59 25.56 25.50 25.54 25.49 25.50 25.56 25.54 25.57 25.60 25.59 25.62 25.54 25.50 25.52 25.52 25.51 25.54 25.59 25.47 25.53 25.55 25.54 25.55 25.52 25.54 25.51 25.46 25.46 25.49 25.52 25.51 25.48 25.49 25.48 25.46 25.49 25.48 25.53 25.57 25.55 25.56 25.56 25.54 25.54 25.64 25.66
25.47 25.56 25.13 25.22 25.59 25.44 25.02 24.91 25.30 25.58 25.58 25.55 25.46 25.40 25.34 25.58 25.54 25.58 25.62 25.64 25.62 25.46 25.43 25.48 25.55 25.58 25.55 25.56 25.54 25.53 25.55 25.57 25.60 25.53 25.49 25.50 25.52 25.52 25.52 25.57 25.57 25.50 25.52 25.49 25.49 25.50 25.45 25.50 25.54 25.48 25.52 25.55 25.54 25.56 25.53 25.55 25.50 25.45 25.45 25.47 25.50 25.54 25.56 25.57 25.57 25.50 25.50 25.52 25.59 25.53 25.54 25.55 25.55 25.52 25.51 25.51 25.55
25.30 25.46 25.35 25.44 25.37 25.00 24.87 25.46 25.45 25.32 25.51 25.37 25.42 25.12 25.12 25.40 25.40 25.46 25.47 25.29 25.51 25.59 25.51 25.51 25.54 25.58 25.56 25.53 25.55 25.50 25.51 25.55 25.50 25.48 25.49 25.50 25.50 25.51 25.51 25.58 25.54 25.53 25.51 25.49 25.48 25.52 25.48 25.44 25.47 25.46 25.53 25.50 25.50 25.53 25.54 25.48 25.46 25.46 25.44 25.45 25.49 25.49 25.54 25.56 25.55 25.51 25.50 25.49 25.57 25.56 25.55 25.56 25.58 25.63 25.52 25.46 25.47
