main/data/irradiance/09.11.2023.grid
ncols 839
nrows 679
xllcenter 112.0500
yllcenter -43.9500
cellsize 0.0500
nodata_value 99999.90
[rows 272 to 305 of 679, columns 693 to 769 of 839]
25.72 25.42 24.99 24.56 23.92 24.06 23.28 23.16 23.00 22.26 21.42 22.06 22.56 22.82 22.59 23.61 24.53 24.26 23.85 23.37 24.22 26.19 25.68 27.13 26.72 27.82 27.84 26.94 26.49 26.53 26.41 26.09 25.58 26.38 26.04 26.73 26.87 25.25 24.53 24.06 25.53 26.62 28.05 26.65 27.58 27.60 25.52 27.49 27.48 28.38 28.16 28.07 28.44 28.60 28.44 28.22 28.01 27.46 28.12 28.24 27.79 27.07 25.94 26.41 27.77 27.96 27.73 26.52 24.94 25.94 24.89 25.41 24.84 24.85 26.59 27.72 28.36
26.25 25.52 25.27 24.52 23.96 22.98 23.19 22.70 22.46 21.09 22.03 23.01 22.63 23.09 22.63 24.08 24.10 24.55 24.68 24.50 25.12 26.25 26.22 27.43 28.04 28.49 29.18 29.19 27.46 26.95 26.26 25.89 26.93 25.70 26.11 26.05 25.60 25.48 23.94 23.92 24.87 25.78 26.60 26.27 27.24 26.11 25.28 26.62 27.39 28.18 28.34 28.04 28.11 27.73 28.11 28.34 28.51 27.68 27.79 28.35 28.38 27.41 26.40 25.73 26.24 28.06 28.40 27.20 25.80 27.51 26.15 25.47 24.28 25.08 24.17 25.86 27.75
26.31 25.37 24.89 23.58 23.22 23.15 22.67 22.50 21.30 20.98 22.50 23.54 22.88 23.31 22.96 23.31 24.13 23.78 24.03 24.98 25.95 25.85 26.83 27.48 27.97 28.83 29.32 29.32 28.27 27.95 26.77 26.29 26.38 26.29 26.48 26.41 26.19 25.25 24.74 24.48 24.50 23.84 25.78 26.72 26.41 26.00 25.46 24.29 24.81 28.03 28.52 28.07 27.60 27.42 27.69 27.94 28.56 28.39 27.91 27.94 28.51 28.74 28.41 26.99 27.40 26.02 27.33 27.91 26.83 27.39 27.16 26.08 26.56 26.29 24.97 25.22 26.73
25.83 24.66 24.37 23.36 24.04 23.64 23.02 22.46 21.79 21.79 23.16 22.93 22.59 23.26 22.71 23.24 23.22 23.79 24.17 24.59 25.88 26.12 26.45 27.43 27.65 28.57 28.40 28.19 28.76 27.67 27.88 27.44 26.62 26.14 26.80 27.37 25.80 24.87 24.20 26.03 25.23 24.14 25.10 26.34 26.90 25.94 22.89 22.49 24.42 25.84 27.25 26.96 27.04 26.98 27.60 27.39 27.94 27.99 28.19 28.12 28.11 28.55 28.32 28.71 27.86 26.13 27.50 27.65 27.24 27.05 26.36 26.92 27.00 25.20 24.53 25.38 25.41
24.90 24.66 24.52 24.33 24.57 23.90 22.89 21.87 22.06 22.37 23.88 21.63 23.41 23.07 23.61 23.76 23.62 23.49 24.89 25.28 25.38 25.85 26.91 27.92 27.94 28.38 28.35 28.43 28.21 27.78 28.11 28.23 27.66 26.88 27.28 26.69 25.87 25.05 25.60 25.84 25.44 25.47 24.82 25.93 26.07 26.17 21.84 21.80 24.56 26.49 25.13 23.81 26.10 24.81 26.48 27.44 27.57 27.40 28.23 28.20 28.21 28.75 28.86 29.05 28.86 26.89 26.34 27.20 27.76 27.12 27.08 27.23 26.89 26.60 26.93 25.81 25.78
24.63 24.37 24.71 24.74 24.13 23.38 22.75 22.28 22.88 23.03 23.47 21.98 23.25 23.12 23.90 23.94 23.82 24.10 25.54 26.12 26.23 26.78 27.02 27.55 28.19 28.08 28.09 27.49 27.39 27.82 27.85 28.10 27.93 28.12 27.63 26.65 27.15 25.68 26.38 26.54 26.82 25.86 25.97 25.76 24.24 27.03 24.55 23.82 23.67 26.50 27.53 25.86 25.27 26.09 25.23 27.06 27.55 27.95 27.37 28.34 28.48 28.79 29.09 28.95 28.09 28.33 26.84 27.06 27.94 27.61 27.22 27.27 27.07 26.81 26.06 25.77 26.67
24.70 24.10 24.25 24.57 23.53 22.27 21.99 22.04 22.80 23.18 23.13 22.35 23.09 23.88 24.53 24.45 24.39 25.16 25.54 26.61 27.00 27.33 27.51 28.65 28.19 27.17 27.29 27.23 27.92 28.05 27.21 28.36 27.47 28.51 28.23 27.64 27.38 26.03 26.87 26.90 26.60 26.25 26.08 26.10 24.91 26.00 25.82 24.45 27.06 27.66 27.80 27.38 26.90 27.70 26.97 26.78 27.92 27.96 27.84 28.10 28.71 29.01 28.99 28.85 28.85 28.38 28.30 28.18 28.47 28.12 26.81 27.51 27.86 27.16 27.44 26.67 26.49
23.95 24.21 24.03 23.99 22.43 21.55 22.48 22.47 22.15 22.61 22.94 23.16 23.26 23.60 24.11 24.86 25.11 25.69 25.64 26.12 26.11 27.32 28.11 28.29 26.46 27.04 27.50 27.46 27.01 26.36 26.36 26.51 27.48 27.92 27.89 27.41 27.44 26.58 26.73 26.34 26.11 26.00 26.21 24.57 24.42 25.77 26.03 25.03 26.57 27.46 27.60 27.01 28.18 28.34 27.61 26.69 27.53 28.12 28.26 28.36 28.21 28.89 28.54 28.81 28.82 28.75 28.54 28.58 28.35 28.34 27.79 27.56 27.94 27.76 27.15 27.15 27.26
24.12 24.75 24.36 23.55 22.66 22.44 22.76 22.07 22.62 23.11 23.15 22.74 22.85 23.18 24.10 25.15 25.94 25.70 25.43 26.41 27.09 27.52 27.85 27.55 26.65 26.61 26.57 26.73 26.83 26.58 26.65 26.53 26.68 27.43 27.03 26.55 26.76 26.01 27.18 26.52 26.09 25.84 25.73 25.73 25.99 26.34 25.16 25.73 27.40 27.29 26.73 26.97 28.20 28.03 28.27 27.52 27.56 27.84 28.31 28.47 28.23 28.51 28.54 28.25 28.80 28.74 28.46 28.19 28.50 28.28 27.61 28.01 27.66 27.51 27.97 27.03 26.31
24.77 24.63 24.17 23.18 22.86 22.83 22.06 22.02 22.56 23.18 23.15 22.72 22.73 22.97 23.93 25.25 26.56 25.15 25.98 26.62 27.77 27.96 27.56 26.88 26.73 26.58 26.28 26.81 27.55 26.33 26.42 26.03 26.67 27.81 26.98 27.05 25.60 26.03 26.70 26.72 25.95 26.31 25.47 26.44 25.91 25.19 25.65 26.50 27.17 26.62 26.60 27.01 27.44 28.44 28.07 27.38 27.90 27.74 28.06 28.50 28.29 27.75 28.28 27.91 27.57 29.01 28.36 27.89 28.28 28.52 28.73 28.63 28.61 27.96 27.92 28.22 26.52
24.87 24.90 24.00 22.97 22.61 22.64 22.42 22.11 22.73 23.41 23.40 22.34 22.53 23.37 24.71 25.44 25.65 24.92 26.78 27.43 27.59 28.44 27.76 26.16 27.14 26.81 26.08 27.08 26.94 26.45 26.36 26.08 27.92 28.08 26.84 26.39 25.66 25.50 25.91 26.72 26.37 26.62 26.74 26.97 25.60 25.91 25.04 26.71 27.66 27.27 26.32 26.42 27.13 28.16 27.72 27.75 27.68 27.52 27.75 28.35 28.58 28.10 27.47 27.92 27.73 27.83 27.41 27.61 27.83 28.47 28.74 28.94 28.98 28.48 28.18 26.58 26.74
24.81 24.62 23.46 22.61 22.07 21.70 21.47 22.87 22.76 23.54 23.20 21.98 22.86 23.37 24.32 25.20 25.20 25.39 26.46 27.82 27.75 27.86 26.83 26.32 26.79 26.03 25.84 26.87 25.79 26.02 25.92 26.56 26.95 28.26 26.94 26.39 26.05 25.14 25.38 25.97 27.01 26.98 27.40 26.70 26.21 24.59 25.35 26.02 27.69 26.75 27.10 27.13 27.36 27.95 27.25 27.58 27.59 27.54 27.53 27.74 28.35 28.02 28.12 27.35 26.61 26.99 26.82 26.99 27.50 28.08 27.97 28.46 29.35 29.09 28.96 28.07 26.57
23.37 23.71 23.33 22.57 21.80 21.13 20.83 21.89 22.69 22.67 22.77 21.93 23.01 24.11 24.96 25.08 25.31 27.22 27.14 27.75 28.00 27.82 27.04 25.83 26.52 26.26 26.64 26.51 26.01 25.74 24.99 26.14 26.41 27.40 26.49 25.87 24.88 25.19 25.36 25.64 25.88 26.30 26.69 26.71 24.79 23.44 24.32 25.65 26.90 25.90 26.48 27.39 27.76 27.76 27.37 27.60 27.10 27.70 27.73 27.28 28.47 28.32 28.42 27.82 27.50 27.09 27.29 26.94 27.25 27.64 28.26 28.50 28.62 29.19 29.40 28.91 28.67
23.10 22.79 23.13 22.62 21.84 21.04 21.35 21.39 21.98 22.83 22.82 22.24 22.73 22.81 24.54 24.86 25.50 27.16 27.41 27.20 27.21 27.11 26.80 26.02 26.73 26.07 26.61 25.73 24.83 26.06 26.39 26.55 26.10 26.19 25.40 25.91 25.97 25.76 25.94 25.58 25.37 26.63 26.06 25.90 25.96 24.33 24.11 24.82 26.82 26.52 27.24 28.03 28.01 28.21 28.11 27.94 27.80 27.69 28.10 27.41 28.23 28.62 28.59 28.12 27.91 27.58 27.39 28.47 28.08 26.73 27.56 28.49 28.60 28.59 28.59 29.33 29.21
23.10 22.71 22.62 21.93 21.32 21.50 21.39 21.87 22.65 22.68 22.53 22.18 22.48 23.26 23.70 24.80 26.10 26.25 26.13 26.93 26.51 26.86 25.85 26.28 26.09 26.42 26.06 25.15 25.67 25.82 25.91 25.58 25.37 25.52 25.74 25.90 24.73 25.21 25.28 24.96 24.46 25.30 26.29 25.59 24.04 23.14 23.53 26.75 26.53 26.75 28.00 28.25 28.27 27.99 28.04 28.13 28.09 28.05 27.86 27.84 27.75 28.22 28.75 28.23 28.43 28.26 28.27 28.63 28.50 27.26 27.13 28.18 28.65 29.20 28.93 28.91 29.31
23.29 22.92 22.43 21.87 22.07 22.09 21.77 21.88 22.09 22.64 22.86 22.99 22.31 23.36 22.79 24.75 25.29 25.80 26.25 27.13 27.18 26.14 25.65 26.77 26.44 26.85 25.76 25.18 25.69 25.54 24.90 25.09 24.81 24.87 24.90 25.28 25.71 25.37 25.18 25.51 24.68 24.40 25.38 25.92 25.27 25.10 24.47 27.36 26.87 28.01 27.83 28.23 28.33 28.45 28.11 28.09 28.06 28.45 28.50 28.54 28.73 28.55 28.63 28.09 28.51 28.67 28.51 29.09 29.07 28.85 27.53 27.18 28.60 28.73 28.84 29.04 28.78
23.48 23.08 22.44 22.22 21.75 22.01 21.95 22.48 22.67 23.22 23.01 23.35 22.89 23.74 23.58 25.79 25.79 26.39 26.36 26.35 26.48 26.33 26.09 27.34 26.69 26.98 26.27 25.83 25.10 24.35 24.14 23.56 24.44 24.40 25.27 25.38 25.50 26.45 25.64 24.95 24.33 24.75 24.99 25.91 25.51 25.40 26.46 27.33 27.32 27.97 28.44 28.63 28.52 28.66 28.16 28.23 27.93 28.26 28.64 28.80 28.76 28.74 28.96 28.87 28.75 28.49 28.46 29.05 28.92 29.00 28.81 29.10 28.13 29.00 28.83 29.29 29.32
23.66 23.24 22.62 21.61 21.52 21.94 22.39 22.39 22.60 22.96 22.82 23.35 23.96 23.87 24.84 26.91 27.02 26.30 26.88 26.99 26.46 26.57 26.12 26.09 26.19 26.85 26.08 25.77 24.00 24.01 23.63 23.91 23.86 23.80 25.70 26.12 24.39 25.84 25.77 24.74 24.64 25.06 25.01 25.00 24.77 25.24 26.55 27.39 27.51 27.75 28.38 28.55 28.45 28.65 28.05 28.06 28.58 28.50 28.63 28.57 28.90 28.85 29.03 29.05 28.78 28.72 29.13 29.04 28.90 29.12 28.37 28.84 28.93 29.17 29.23 29.14 29.43
23.92 23.15 22.32 21.58 21.68 21.59 22.34 22.91 23.09 22.96 22.56 23.58 23.89 24.85 25.32 26.46 26.90 26.45 27.18 26.72 25.99 26.83 26.87 25.76 26.04 24.69 24.26 24.16 23.03 22.86 23.12 24.19 24.40 24.50 24.24 25.16 25.52 25.85 26.01 25.37 25.40 25.02 24.20 24.85 24.72 25.11 25.96 27.27 27.32 28.11 28.20 28.72 28.72 28.54 28.09 28.29 28.76 28.56 28.84 28.75 28.78 28.83 29.00 28.85 28.83 28.90 29.17 29.23 29.44 29.26 28.93 28.64 28.49 29.23 29.37 29.32 29.06
24.85 23.67 23.29 22.65 21.67 21.89 22.43 22.33 22.69 23.15 23.77 23.81 24.37 25.76 25.79 27.17 26.87 26.67 27.52 26.46 27.15 25.93 25.45 25.59 24.25 23.90 23.65 23.07 22.46 22.70 23.73 23.73 23.94 24.62 23.96 24.30 24.61 23.73 24.95 26.07 26.17 25.96 23.60 24.48 25.59 25.39 26.79 27.39 27.81 27.99 28.23 28.66 28.73 28.15 28.46 28.22 28.56 28.69 28.87 29.02 28.94 28.98 28.53 28.86 28.73 29.25 29.26 29.25 29.14 29.13 28.96 29.16 28.71 29.04 29.40 29.43 29.36
25.04 24.47 24.28 23.16 22.35 22.29 22.38 22.26 22.47 22.48 23.26 23.44 24.61 24.99 25.30 26.59 27.24 26.86 27.10 26.26 25.96 25.46 25.20 24.24 22.94 23.89 23.99 22.99 23.28 23.38 23.13 23.31 24.00 23.80 23.82 24.76 23.21 24.47 24.03 26.44 27.46 26.67 24.68 25.07 25.52 25.49 26.00 27.14 28.12 28.20 28.26 28.58 28.57 28.34 28.51 28.22 28.70 28.61 28.58 28.94 29.01 28.93 28.80 29.02 29.40 29.20 29.26 29.31 29.38 29.37 29.24 29.15 29.24 29.25 29.38 29.46 29.35
25.77 25.54 24.70 23.92 23.86 23.08 22.19 22.24 22.41 22.01 23.06 23.98 24.12 24.77 25.78 26.53 26.84 26.99 26.81 25.39 24.76 24.82 24.01 23.65 21.21 22.74 23.17 23.09 23.30 22.89 23.20 22.93 23.49 23.39 24.27 24.84 23.46 25.52 23.32 25.94 27.04 25.89 25.47 24.93 24.65 24.94 26.11 27.60 28.31 28.14 28.32 28.41 28.20 28.85 28.37 28.33 28.66 28.85 28.81 29.09 28.65 28.70 29.00 29.21 29.30 29.36 29.16 29.38 29.47 29.30 29.31 29.33 29.16 29.44 29.35 29.43 29.43
26.60 25.76 24.97 24.67 24.19 23.81 23.05 22.97 22.73 22.21 22.91 23.95 24.13 24.75 26.61 26.91 26.81 26.69 25.40 25.11 25.21 24.44 23.36 22.94 22.50 22.10 22.56 22.77 21.70 21.79 22.97 22.42 23.30 24.30 24.05 23.96 24.29 25.32 23.47 24.69 25.71 25.19 25.38 26.52 26.09 25.89 26.25 27.81 28.52 28.50 28.40 28.50 28.72 28.52 28.36 28.85 28.65 28.91 29.05 28.74 28.85 28.66 29.03 28.93 29.34 29.32 29.10 29.13 29.41 29.26 29.38 29.43 29.47 29.26 29.37 29.45 29.43
27.20 26.39 25.60 25.13 24.87 24.37 24.19 23.62 23.27 23.12 24.10 24.29 24.89 26.42 27.16 27.52 26.52 26.55 26.18 26.21 26.15 25.90 25.20 22.91 22.37 22.72 22.44 21.80 21.76 22.60 23.07 23.77 22.96 24.23 23.36 23.83 24.86 24.16 23.37 24.09 24.72 25.24 25.49 26.29 25.99 25.76 26.33 27.68 28.86 28.39 28.31 28.63 28.45 28.40 28.38 28.40 28.90 28.84 29.02 28.86 28.86 29.15 29.09 29.16 29.33 29.19 29.18 29.28 29.29 29.35 29.41 29.34 29.19 29.45 29.35 29.41 29.42
27.95 27.10 26.64 25.97 25.38 24.89 24.70 24.03 24.57 24.62 25.29 25.51 26.27 26.86 27.68 27.83 27.57 27.15 27.23 26.19 25.87 25.64 26.14 25.23 25.04 22.99 22.68 22.01 22.18 22.26 22.51 22.76 22.37 23.67 23.40 23.74 23.58 24.26 23.03 23.48 23.62 25.30 25.75 26.33 26.05 23.91 27.20 28.03 28.56 28.42 28.37 28.30 28.78 28.29 28.42 28.36 28.77 28.59 28.66 28.77 28.61 28.97 29.25 29.38 29.31 29.24 29.36 29.49 29.49 29.26 29.46 29.47 29.40 29.46 29.44 29.40 29.43
28.25 28.10 27.66 27.24 26.20 25.40 24.61 24.89 25.23 25.81 26.40 26.33 27.05 27.59 27.91 28.12 27.72 28.00 27.72 26.43 26.54 26.42 26.45 25.85 24.59 24.23 22.65 21.77 21.44 21.34 20.66 22.14 23.73 23.69 23.77 23.44 23.50 24.73 24.19 23.37 24.38 25.43 25.84 26.34 25.14 25.39 27.42 28.23 28.58 28.43 28.15 28.43 28.56 27.41 27.83 27.90 28.10 27.97 28.07 28.56 28.60 29.01 29.37 29.37 29.16 29.48 29.48 29.47 29.47 29.45 29.44 29.48 29.45 29.33 29.44 29.42 29.41
28.96 28.84 28.52 27.75 27.12 26.40 25.88 25.91 26.62 27.09 27.33 27.08 28.04 28.14 28.54 28.30 28.05 27.94 27.40 27.28 26.96 26.27 26.38 25.29 25.03 25.29 25.57 24.04 22.34 21.62 22.75 22.23 23.77 25.13 24.50 24.48 24.28 24.92 24.33 23.21 24.78 25.94 26.58 26.08 26.58 25.51 27.29 28.64 28.51 28.42 28.11 28.25 27.69 26.99 27.43 27.93 28.02 28.45 28.42 28.61 28.76 28.98 29.21 29.27 29.33 29.45 29.47 29.46 29.42 29.22 29.06 29.21 29.31 29.48 29.44 29.39 29.33
29.25 29.11 29.12 28.71 27.96 27.52 27.31 27.66 27.79 28.28 28.00 27.89 28.19 28.34 28.49 28.31 28.18 27.73 27.62 26.82 27.52 26.48 26.77 26.01 25.93 25.67 25.71 25.65 24.72 23.30 22.54 22.50 24.40 25.19 24.42 24.52 23.62 24.42 24.68 23.96 24.39 26.25 26.96 25.66 26.22 26.28 27.63 28.57 28.35 27.81 27.43 27.07 26.54 27.37 27.71 27.92 27.61 27.71 28.38 27.98 28.63 29.23 29.23 29.41 29.40 29.43 29.47 29.46 29.48 29.51 29.44 29.43 29.40 29.28 29.40 29.38 29.37
29.08 29.22 29.34 29.13 28.85 28.75 28.54 28.55 28.56 28.70 28.57 28.83 28.08 28.61 28.14 28.22 27.66 28.21 27.68 27.31 27.12 27.76 26.67 25.70 26.77 26.26 26.32 25.62 24.29 23.57 23.19 23.73 23.39 24.38 23.88 23.90 22.91 24.14 24.25 25.10 25.06 25.96 26.31 25.34 25.18 26.18 27.58 28.53 28.07 26.80 26.32 26.66 26.01 26.79 27.91 28.07 27.57 27.92 28.28 27.88 28.27 28.78 29.05 29.38 29.31 29.35 29.43 29.46 29.47 29.32 29.45 29.45 29.44 29.41 29.38 29.44 29.38
29.28 28.93 29.21 28.99 28.90 28.86 28.94 28.89 28.80 28.26 28.31 28.85 28.05 28.22 28.28 28.53 28.23 27.94 27.70 27.06 27.03 27.03 27.59 26.01 27.06 26.27 25.82 25.95 25.80 26.20 24.88 23.63 23.17 23.09 22.87 23.67 22.95 24.22 23.97 24.97 25.65 26.11 26.85 24.81 25.44 25.83 28.06 28.55 27.97 26.28 26.03 26.54 26.72 27.41 27.26 27.47 27.74 28.49 28.56 28.18 28.55 28.88 28.84 29.05 29.36 29.44 29.46 29.47 29.46 29.41 29.29 29.37 29.45 29.45 29.41 29.46 29.36
29.33 29.14 28.87 29.25 29.28 28.98 29.15 28.84 28.98 28.71 28.43 28.15 28.29 28.62 28.41 27.77 27.93 27.96 28.05 27.84 26.66 26.88 27.58 27.29 27.65 26.64 26.36 25.26 25.02 26.55 26.57 25.54 23.41 23.04 22.70 23.54 22.79 24.55 24.73 25.52 26.11 27.06 28.07 25.30 25.54 25.85 27.43 28.22 27.02 26.45 26.82 26.88 27.06 27.22 27.44 27.49 28.17 28.86 28.86 28.41 28.32 28.87 28.98 29.21 29.26 29.34 29.47 29.45 29.46 29.45 29.37 29.45 29.40 29.39 29.46 29.43 29.28
29.17 29.22 28.93 29.06 29.05 29.20 29.25 29.06 29.12 28.90 27.98 28.54 28.00 28.37 28.10 27.66 26.98 27.91 27.95 27.77 26.80 26.32 26.81 27.78 27.69 27.22 26.77 25.97 26.14 27.16 27.41 27.52 25.67 23.41 23.90 24.01 23.77 24.81 25.04 25.39 25.87 27.19 27.85 26.48 25.14 26.15 27.50 27.60 27.17 27.09 26.95 26.92 27.45 27.46 28.16 28.53 28.69 29.06 28.82 28.92 28.83 28.78 28.66 28.93 29.10 29.26 29.24 29.39 29.43 29.43 29.39 29.15 29.27 29.43 29.42 29.40 29.26
29.09 29.27 29.10 29.12 29.13 29.34 29.25 29.16 28.99 29.26 28.61 28.91 28.78 28.60 28.16 28.05 26.74 27.77 28.09 26.67 26.11 27.22 27.56 27.20 26.73 26.72 27.20 26.43 27.06 27.46 28.42 28.17 28.07 27.19 25.65 25.51 24.95 25.82 25.77 25.54 26.71 27.45 28.49 27.26 25.36 26.06 27.80 28.08 26.87 26.62 26.93 27.25 26.67 28.00 28.04 28.70 29.03 29.11 28.99 29.13 29.33 28.67 28.74 28.43 29.03 29.33 29.27 29.35 29.39 29.38 29.44 29.28 29.36 29.07 29.33 29.31 29.24
28.95 28.83 28.71 28.82 28.74 29.11 29.10 29.25 28.97 29.21 28.93 28.32 28.87 28.47 27.97 27.89 27.76 26.94 27.31 26.77 26.29 26.31 27.37 27.39 27.50 26.91 26.86 27.20 26.87 28.03 28.63 28.51 28.58 28.27 28.32 27.69 26.96 27.04 27.17 26.53 27.45 27.98 28.51 27.85 26.10 25.88 27.73 27.94 27.07 26.40 26.29 26.98 26.70 27.62 28.04 28.49 28.97 29.05 29.21 29.31 29.31 29.19 28.59 28.94 29.09 29.07 29.37 29.20 29.34 29.23 29.24 29.18 29.33 29.23 29.24 29.24 29.07
