main/data/irradiance/09.10.2023.grid
ncols 839
nrows 679
xllcenter 112.0500
yllcenter -43.9500
cellsize 0.0500
nodata_value 99999.90
[rows 68 to 101 of 679, columns 616 to 692 of 839]
19.96 20.67 20.67 19.42 21.17 21.80 19.48 19.01 14.99 14.84 14.14 15.44 16.44 16.34 18.36 18.36 18.36 18.36 18.36 18.36 18.36 18.36 18.36 18.36 18.36 99999.90 99999.90 99999.90 99999.90 99999.90 99999.90 99999.90 99999.90 99999.90 99999.90 99999.90 99999.90 99999.90 99999.90 99999.90 99999.90 99999.90 99999.90 99999.90 99999.90 99999.90 99999.90 99999.90 99999.90 99999.90 99999.90 99999.90 99999.90 99999.90 99999.90 99999.90 99999.90 99999.90 99999.90 99999.90 99999.90 99999.90 99999.90 99999.90 99999.90 99999.90 99999.90 99999.90 99999.90 99999.90 99999.90 99999.90 99999.90 99999.90 99999.90 99999.90 99999.90
20.86 20.69 20.20 20.43 21.23 20.85 18.91 17.32 15.09 13.35 14.28 14.35 17.52 18.28 19.11 19.11 19.11 19.11 19.11 19.11 19.11 19.11 19.11 19.11 19.11 25.13 99999.90 99999.90 99999.90 99999.90 99999.90 99999.90 99999.90 99999.90 99999.90 99999.90 99999.90 99999.90 99999.90 99999.90 99999.90 99999.90 99999.90 99999.90 99999.90 99999.90 99999.90 99999.90 99999.90 99999.90 99999.90 99999.90 99999.90 99999.90 99999.90 99999.90 99999.90 99999.90 99999.90 99999.90 99999.90 99999.90 99999.90 99999.90 99999.90 99999.90 99999.90 99999.90 99999.90 99999.90 99999.90 99999.90 99999.90 99999.90 99999.90 99999.90 99999.90
21.46 20.57 19.82 20.09 22.01 20.73 19.78 20.01 18.07 15.65 15.38 13.57 16.98 18.35 19.96 19.96 19.96 19.96 19.96 19.96 19.96 19.96 19.96 19.96 19.96 25.13 26.41 99999.90 99999.90 99999.90 99999.90 99999.90 99999.90 99999.90 99999.90 99999.90 99999.90 99999.90 99999.90 99999.90 99999.90 99999.90 99999.90 99999.90 99999.90 99999.90 99999.90 99999.90 99999.90 99999.90 99999.90 99999.90 99999.90 99999.90 99999.90 99999.90 99999.90 99999.90 99999.90 99999.90 99999.90 99999.90 99999.90 99999.90 99999.90 99999.90 99999.90 99999.90 99999.90 99999.90 99999.90 99999.90 99999.90 99999.90 99999.90 99999.90 99999.90
20.79 20.52 20.42 20.63 20.90 21.74 21.51 21.46 18.53 14.47 14.30 13.90 18.02 19.41 19.96 19.96 19.96 19.96 19.96 19.96 19.96 19.96 19.96 19.96 19.96 26.41 26.41 99999.90 99999.90 99999.90 99999.90 99999.90 99999.90 99999.90 99999.90 99999.90 99999.90 99999.90 99999.90 99999.90 99999.90 99999.90 99999.90 99999.90 99999.90 99999.90 99999.90 99999.90 99999.90 99999.90 99999.90 99999.90 99999.90 99999.90 99999.90 99999.90 99999.90 99999.90 99999.90 99999.90 99999.90 99999.90 99999.90 99999.90 99999.90 99999.90 99999.90 99999.90 99999.90 99999.90 99999.90 99999.90 99999.90 99999.90 99999.90 99999.90 99999.90
21.26 20.37 18.63 19.06 20.04 21.27 21.37 21.33 19.68 17.38 15.75 14.71 15.50 18.24 18.24 18.24 19.96 19.96 19.96 19.96 19.96 19.96 19.96 19.96 19.96 26.41 26.41 99999.90 99999.90 99999.90 99999.90 99999.90 99999.90 99999.90 99999.90 99999.90 99999.90 99999.90 99999.90 99999.90 99999.90 99999.90 99999.90 99999.90 99999.90 99999.90 99999.90 99999.90 99999.90 99999.90 99999.90 99999.90 99999.90 99999.90 99999.90 99999.90 99999.90 99999.90 99999.90 99999.90 99999.90 99999.90 99999.90 99999.90 99999.90 99999.90 99999.90 99999.90 99999.90 99999.90 99999.90 99999.90 99999.90 99999.90 99999.90 99999.90 99999.90
22.10 22.19 19.74 19.46 20.37 23.51 22.71 21.75 20.93 18.86 15.94 14.32 14.25 16.96 16.96 16.96 16.96 16.96 19.96 19.96 19.96 19.96 19.96 19.96 19.96 26.41 26.41 25.34 25.34 25.34 25.34 25.34 25.34 25.34 25.34 25.34 25.34 25.34 25.34 25.34 25.34 25.34 25.34 25.34 99999.90 99999.90 99999.90 99999.90 99999.90 99999.90 99999.90 99999.90 99999.90 99999.90 99999.90 99999.90 99999.90 99999.90 99999.90 99999.90 99999.90 99999.90 99999.90 99999.90 99999.90 99999.90 99999.90 99999.90 99999.90 99999.90 99999.90 99999.90 99999.90 99999.90 99999.90 99999.90 99999.90
19.79 21.48 19.53 19.14 19.01 21.28 20.78 20.98 20.90 17.60 15.47 13.22 14.86 17.75 17.75 17.75 17.75 17.75 17.75 22.59 22.59 22.59 26.41 26.41 26.41 26.41 25.34 25.34 25.34 25.34 25.34 25.34 25.34 25.34 25.34 25.34 25.34 25.34 25.34 25.34 25.34 25.34 25.34 25.34 99999.90 99999.90 99999.90 99999.90 99999.90 99999.90 99999.90 99999.90 99999.90 99999.90 99999.90 99999.90 99999.90 99999.90 99999.90 99999.90 99999.90 99999.90 99999.90 99999.90 99999.90 99999.90 99999.90 99999.90 99999.90 99999.90 99999.90 99999.90 99999.90 99999.90 99999.90 99999.90 99999.90
20.94 22.38 21.23 20.06 19.16 19.46 20.18 20.92 17.78 16.59 14.97 13.47 17.32 19.27 19.27 19.27 22.59 22.59 22.59 22.59 22.59 26.41 26.41 26.41 26.41 25.83 25.83 25.34 25.34 25.34 25.34 25.34 25.34 25.34 25.34 25.34 25.34 25.34 25.34 25.34 25.34 25.34 25.34 25.34 25.46 99999.90 99999.90 99999.90 99999.90 99999.90 99999.90 99999.90 99999.90 99999.90 99999.90 99999.90 99999.90 99999.90 99999.90 99999.90 99999.90 99999.90 99999.90 99999.90 99999.90 99999.90 99999.90 99999.90 99999.90 99999.90 99999.90 99999.90 99999.90 99999.90 99999.90 99999.90 99999.90
21.65 21.41 21.89 20.73 21.44 18.99 19.11 17.91 17.56 15.06 13.43 16.72 16.93 19.37 19.37 22.59 22.59 22.59 22.59 25.13 26.41 26.41 26.41 26.41 26.41 25.83 25.83 25.83 25.34 25.34 25.34 25.34 25.34 25.34 25.34 25.34 25.34 25.34 25.34 25.34 25.34 25.34 25.34 25.34 25.46 99999.90 99999.90 99999.90 99999.90 99999.90 99999.90 99999.90 99999.90 99999.90 99999.90 99999.90 99999.90 99999.90 99999.90 99999.90 99999.90 99999.90 99999.90 99999.90 99999.90 99999.90 99999.90 99999.90 99999.90 99999.90 99999.90 99999.90 99999.90 99999.90 99999.90 99999.90 99999.90
20.55 20.66 21.49 21.75 20.30 19.02 17.36 17.70 17.33 14.84 14.18 17.39 20.10 21.35 22.59 22.59 22.59 25.13 25.13 26.41 26.41 26.41 26.41 26.41 26.41 25.83 25.83 25.83 25.34 25.34 25.34 25.34 25.34 25.34 25.34 25.34 25.34 25.34 25.34 25.34 25.34 25.34 25.34 25.34 25.46 26.26 99999.90 99999.90 99999.90 99999.90 99999.90 99999.90 99999.90 99999.90 99999.90 99999.90 99999.90 99999.90 99999.90 99999.90 99999.90 99999.90 99999.90 99999.90 99999.90 99999.90 99999.90 99999.90 99999.90 99999.90 99999.90 99999.90 99999.90 99999.90 99999.90 99999.90 99999.90
20.91 21.29 21.26 20.70 20.05 18.68 16.63 18.07 17.01 16.08 14.75 20.15 22.92 23.04 24.51 24.51 25.13 25.13 26.41 26.41 26.41 26.41 26.41 26.41 25.83 25.83 25.83 25.83 25.34 25.34 25.34 25.34 25.34 25.34 25.34 25.34 25.34 25.34 25.34 25.34 25.34 25.34 25.34 25.34 25.46 26.26 99999.90 99999.90 99999.90 99999.90 99999.90 99999.90 99999.90 99999.90 99999.90 99999.90 99999.90 99999.90 99999.90 99999.90 99999.90 99999.90 99999.90 99999.90 99999.90 99999.90 99999.90 99999.90 99999.90 99999.90 99999.90 99999.90 99999.90 99999.90 99999.90 99999.90 99999.90
21.99 21.21 20.35 20.44 18.36 18.78 17.79 16.63 18.06 17.95 18.68 20.78 22.59 22.88 23.81 25.13 25.13 26.41 26.41 26.41 26.41 26.41 26.41 26.41 25.83 25.83 25.83 25.83 25.83 25.34 25.34 25.34 25.34 25.34 25.34 25.34 25.34 25.34 25.34 25.34 25.34 25.34 25.34 25.34 25.46 26.26 99999.90 99999.90 99999.90 99999.90 99999.90 99999.90 99999.90 99999.90 99999.90 99999.90 99999.90 99999.90 99999.90 99999.90 99999.90 99999.90 99999.90 99999.90 99999.90 99999.90 99999.90 99999.90 99999.90 99999.90 99999.90 99999.90 99999.90 99999.90 99999.90 99999.90 99999.90
21.27 20.48 20.09 19.88 19.57 18.55 18.38 17.08 18.91 20.04 20.36 20.73 22.80 23.55 24.07 25.27 26.41 26.41 26.41 26.41 26.41 26.41 26.41 25.83 25.83 25.83 25.83 25.83 25.83 25.34 25.34 25.34 25.34 25.34 25.34 25.34 25.34 25.34 25.34 25.34 25.34 25.34 25.46 25.46 25.46 26.26 99999.90 99999.90 99999.90 99999.90 99999.90 99999.90 99999.90 99999.90 99999.90 99999.90 99999.90 99999.90 99999.90 99999.90 99999.90 99999.90 99999.90 99999.90 99999.90 99999.90 99999.90 99999.90 99999.90 99999.90 99999.90 99999.90 99999.90 99999.90 99999.90 99999.90 99999.90
21.97 21.23 20.70 20.75 19.95 20.02 19.78 19.48 19.23 19.99 20.26 20.88 22.57 24.40 24.86 25.09 26.25 26.25 26.25 26.25 26.25 26.25 26.25 25.83 25.83 25.83 25.83 25.83 25.83 25.34 25.34 25.34 25.34 25.34 25.34 25.34 25.34 25.34 25.34 25.34 25.46 25.46 25.46 25.46 25.46 26.26 25.04 25.04 25.04 99999.90 99999.90 99999.90 99999.90 99999.90 99999.90 99999.90 99999.90 99999.90 99999.90 99999.90 99999.90 99999.90 99999.90 99999.90 99999.90 99999.90 99999.90 99999.90 99999.90 99999.90 99999.90 99999.90 99999.90 99999.90 99999.90 99999.90 99999.90
23.68 21.23 19.22 20.23 20.97 21.42 21.61 21.37 19.87 20.07 22.20 22.34 23.46 24.57 25.32 25.57 26.32 26.32 26.32 26.32 26.32 26.32 26.59 25.83 25.83 25.83 25.83 25.83 25.83 25.83 25.34 25.34 25.34 25.34 25.34 25.34 25.34 25.34 25.46 25.46 25.46 25.46 25.46 26.26 26.26 26.26 25.79 25.79 25.79 25.79 25.79 99999.90 99999.90 99999.90 99999.90 99999.90 99999.90 99999.90 99999.90 99999.90 99999.90 99999.90 99999.90 99999.90 99999.90 99999.90 99999.90 99999.90 99999.90 99999.90 99999.90 99999.90 99999.90 99999.90 99999.90 99999.90 99999.90
23.71 21.50 20.32 20.93 22.15 22.15 22.57 22.26 22.03 22.01 23.20 23.45 24.10 24.84 25.71 25.89 26.55 26.55 26.55 26.59 26.59 26.59 26.59 25.83 25.83 25.83 25.83 25.83 25.83 25.83 24.92 25.34 25.34 25.34 25.34 25.34 25.46 25.46 25.46 25.46 25.46 26.26 26.26 26.26 26.26 25.79 25.79 25.79 25.79 25.79 25.79 25.91 99999.90 99999.90 99999.90 99999.90 99999.90 99999.90 99999.90 99999.90 99999.90 99999.90 99999.90 99999.90 99999.90 99999.90 99999.90 99999.90 99999.90 99999.90 99999.90 99999.90 99999.90 99999.90 99999.90 99999.90 99999.90
23.64 22.14 20.89 21.36 22.42 22.26 22.47 23.42 22.98 22.94 23.87 24.46 25.10 25.32 25.87 26.20 26.50 26.50 26.59 26.59 26.59 26.59 26.57 25.83 25.83 25.83 25.83 25.83 25.83 26.02 24.92 24.92 24.65 24.65 24.65 25.46 25.46 25.46 25.46 26.26 26.26 26.26 26.26 26.26 25.79 25.79 25.79 25.79 25.79 25.79 25.91 25.91 99999.90 99999.90 99999.90 99999.90 99999.90 99999.90 99999.90 99999.90 99999.90 99999.90 99999.90 99999.90 99999.90 99999.90 99999.90 99999.90 99999.90 99999.90 99999.90 99999.90 99999.90 99999.90 99999.90 99999.90 99999.90
23.27 23.43 22.51 20.79 22.24 22.59 24.10 23.47 22.13 22.77 23.42 24.41 25.10 25.74 26.27 26.53 26.58 26.59 26.59 26.59 26.57 26.57 26.57 25.83 25.83 25.83 25.83 25.83 25.83 26.02 24.92 24.92 23.06 23.74 25.46 25.46 25.46 26.26 26.26 26.26 26.26 26.26 25.04 25.79 25.79 25.79 25.79 25.79 25.79 25.91 25.91 25.91 23.15 99999.90 99999.90 99999.90 99999.90 99999.90 99999.90 99999.90 99999.90 99999.90 99999.90 99999.90 99999.90 99999.90 99999.90 99999.90 99999.90 99999.90 99999.90 99999.90 99999.90 99999.90 99999.90 99999.90 99999.90
24.13 24.32 22.18 21.72 21.84 22.77 23.04 23.67 23.70 24.11 23.29 23.96 25.31 25.86 26.34 26.57 26.65 26.67 26.67 26.57 26.57 26.57 22.85 21.28 21.35 25.58 25.58 25.58 26.28 26.02 25.75 25.40 25.70 25.44 25.66 25.66 26.26 26.26 26.26 26.26 26.26 25.04 25.79 25.79 25.79 25.79 25.79 25.79 25.91 25.91 21.80 21.80 21.80 21.80 21.80 21.80 99999.90 99999.90 99999.90 99999.90 99999.90 99999.90 99999.90 99999.90 99999.90 99999.90 99999.90 99999.90 99999.90 99999.90 99999.90 99999.90 99999.90 99999.90 99999.90 99999.90 99999.90
23.73 24.02 23.52 22.65 21.59 22.45 23.86 23.54 24.61 24.18 24.16 22.69 25.13 26.00 26.44 26.51 26.55 26.68 26.57 26.57 26.57 22.85 22.85 21.28 21.28 21.35 22.62 22.62 24.58 25.47 26.04 26.33 26.43 26.33 26.31 26.26 26.26 26.26 26.26 26.26 25.04 25.04 25.79 25.79 25.79 25.79 25.79 25.91 25.91 21.80 21.80 21.80 21.80 21.80 21.80 21.80 22.84 99999.90 99999.90 99999.90 99999.90 99999.90 99999.90 99999.90 99999.90 99999.90 99999.90 99999.90 99999.90 99999.90 99999.90 99999.90 99999.90 99999.90 99999.90 99999.90 99999.90
23.41 24.70 24.08 23.11 23.17 21.82 22.08 23.66 24.16 23.27 23.38 23.25 23.38 24.54 24.94 25.53 25.72 26.34 25.87 25.87 22.85 22.85 21.33 21.28 21.28 21.35 21.35 21.78 19.82 20.56 23.43 25.04 26.10 25.99 26.35 26.26 26.26 26.26 25.04 25.04 25.04 25.79 25.79 25.79 25.79 25.79 25.91 25.91 21.80 21.80 21.80 21.80 21.80 21.80 21.80 22.84 22.84 22.72 99999.90 99999.90 99999.90 99999.90 99999.90 99999.90 99999.90 99999.90 99999.90 99999.90 99999.90 99999.90 99999.90 99999.90 99999.90 99999.90 99999.90 99999.90 99999.90
22.11 23.60 23.66 24.08 23.31 22.59 23.98 23.16 24.32 22.45 23.53 23.73 24.44 22.88 22.90 23.55 22.68 23.38 24.26 23.63 22.85 22.85 21.33 21.28 21.28 21.21 21.42 21.06 19.41 19.90 19.39 19.04 22.17 21.88 24.71 26.17 26.17 26.17 25.04 25.04 25.04 25.79 25.79 25.79 25.79 25.91 25.91 25.91 21.80 21.80 21.80 21.80 21.80 21.80 22.84 22.84 22.72 22.72 25.40 99999.90 99999.90 99999.90 99999.90 99999.90 99999.90 99999.90 99999.90 99999.90 99999.90 99999.90 99999.90 99999.90 99999.90 99999.90 99999.90 99999.90 99999.90
24.41 24.07 24.48 25.05 23.46 23.81 24.21 24.53 24.06 24.50 24.10 23.49 24.18 21.74 23.31 21.96 21.32 21.11 21.96 21.32 20.96 22.56 21.33 22.05 22.21 21.63 22.16 21.28 21.00 21.31 20.58 19.16 20.59 18.69 22.01 24.49 24.49 23.62 25.04 25.04 25.79 25.79 25.79 25.79 25.91 25.91 25.91 21.80 21.80 21.80 21.80 21.80 21.80 22.84 22.84 22.72 22.72 25.40 25.40 99999.90 99999.90 99999.90 99999.90 99999.90 99999.90 99999.90 99999.90 99999.90 99999.90 99999.90 99999.90 99999.90 99999.90 99999.90 99999.90 99999.90 99999.90
24.32 25.05 24.78 24.87 23.72 24.04 24.47 24.07 24.40 24.69 24.42 24.20 23.81 22.77 23.32 22.57 22.00 21.04 21.27 22.24 22.09 21.84 21.43 21.66 21.78 20.71 21.54 21.35 21.20 20.02 19.97 17.90 18.14 18.14 19.48 20.54 20.60 23.62 25.04 25.04 25.79 25.79 25.79 25.91 25.91 25.91 21.80 21.80 21.80 21.80 21.80 21.80 22.84 22.84 22.72 22.72 25.40 25.40 25.40 99999.90 99999.90 99999.90 99999.90 99999.90 99999.90 99999.90 99999.90 99999.90 99999.90 99999.90 99999.90 99999.90 99999.90 99999.90 99999.90 99999.90 99999.90
23.85 23.54 23.32 24.92 24.78 24.11 23.95 24.16 24.52 25.12 25.37 24.39 23.45 23.46 23.41 23.22 22.25 21.86 21.71 22.01 22.30 21.50 20.45 20.79 21.44 21.33 21.36 20.58 21.29 20.54 20.45 18.88 19.63 18.88 18.51 18.88 18.83 20.27 22.25 25.04 25.79 25.79 25.91 25.91 25.91 21.80 21.80 21.80 21.80 21.80 21.80 22.84 22.84 22.72 22.72 25.40 25.40 25.40 25.40 99999.90 99999.90 99999.90 99999.90 99999.90 99999.90 99999.90 99999.90 99999.90 99999.90 99999.90 99999.90 99999.90 99999.90 99999.90 99999.90 99999.90 99999.90
24.85 23.99 25.11 25.04 25.12 24.79 23.32 24.09 24.16 24.75 24.71 25.21 24.18 24.43 24.35 23.29 22.48 22.15 22.38 22.51 21.82 21.87 20.84 20.81 21.70 22.49 21.63 21.18 20.40 19.42 18.99 20.32 20.41 19.79 18.94 19.27 18.70 19.55 20.04 22.10 23.78 25.91 25.91 25.91 23.15 21.80 21.80 21.80 21.80 21.80 22.84 22.84 22.72 22.72 25.40 25.40 25.40 25.40 25.40 99999.90 99999.90 99999.90 99999.90 99999.90 99999.90 99999.90 99999.90 99999.90 99999.90 99999.90 99999.90 99999.90 99999.90 99999.90 99999.90 99999.90 99999.90
25.34 24.77 24.97 25.35 24.12 24.10 24.73 24.68 24.74 24.99 25.17 25.13 25.05 25.11 25.49 24.42 22.64 22.55 22.51 22.91 22.28 22.10 21.40 21.81 21.44 21.38 21.59 20.76 19.59 18.39 17.95 19.14 19.82 20.02 19.18 19.01 20.07 20.24 20.48 18.27 19.76 23.26 23.26 23.15 22.41 21.80 21.80 21.80 21.80 22.84 22.84 22.72 22.72 25.40 25.40 25.40 25.40 25.40 25.40 99999.90 99999.90 99999.90 99999.90 99999.90 99999.90 99999.90 99999.90 99999.90 99999.90 99999.90 99999.90 99999.90 99999.90 99999.90 99999.90 99999.90 99999.90
24.51 25.10 24.90 25.05 24.44 24.32 25.05 24.96 25.42 25.37 25.46 25.20 24.62 24.90 24.46 25.56 23.67 24.15 22.96 21.98 22.63 22.29 21.58 21.10 21.01 20.90 21.90 20.11 18.74 18.08 19.18 20.21 19.71 20.02 21.71 21.43 20.68 19.24 20.28 19.10 20.57 21.74 23.15 23.15 22.41 21.80 21.80 21.80 22.84 22.84 22.72 22.72 25.40 25.40 25.40 25.40 25.40 25.40 25.40 99999.90 99999.90 99999.90 99999.90 99999.90 99999.90 99999.90 99999.90 99999.90 99999.90 99999.90 99999.90 99999.90 99999.90 99999.90 99999.90 99999.90 99999.90
25.35 25.72 25.57 24.87 24.77 24.69 24.98 24.35 25.13 24.13 24.37 24.80 24.60 25.56 25.14 25.21 24.87 23.56 23.79 23.00 22.97 22.01 21.51 20.98 20.45 20.56 21.08 19.72 19.43 18.37 18.25 20.41 19.18 20.11 21.69 22.41 22.08 20.39 20.48 19.92 21.30 20.00 21.31 22.18 22.41 21.80 21.80 22.84 22.84 22.72 22.72 25.40 25.40 25.40 25.40 25.40 25.40 25.40 25.40 99999.90 99999.90 99999.90 99999.90 99999.90 99999.90 99999.90 99999.90 99999.90 99999.90 99999.90 99999.90 99999.90 99999.90 99999.90 99999.90 99999.90 99999.90
25.44 25.13 25.22 25.67 24.57 24.99 24.62 24.61 25.22 25.50 24.03 24.98 25.29 25.15 25.15 25.25 25.85 24.47 24.93 23.62 23.25 22.87 21.50 20.44 20.54 19.64 19.31 19.62 20.55 19.30 19.04 19.97 19.95 21.74 22.91 22.96 22.43 21.25 21.80 21.45 20.75 21.54 21.01 20.08 20.72 22.06 22.84 22.84 22.72 22.72 25.40 25.40 25.40 25.40 25.40 25.40 25.40 25.40 25.40 99999.90 99999.90 99999.90 99999.90 99999.90 99999.90 99999.90 99999.90 99999.90 99999.90 99999.90 99999.90 99999.90 99999.90 99999.90 99999.90 99999.90 99999.90
25.61 25.18 25.36 25.34 25.08 25.63 25.22 24.83 25.40 25.53 24.87 25.45 24.60 25.60 25.65 25.33 25.51 24.74 24.37 24.54 24.20 22.90 21.92 21.59 20.16 20.33 20.87 20.26 19.83 20.01 20.66 20.20 20.63 20.75 22.79 23.27 23.20 23.28 22.03 21.75 20.56 20.18 20.98 20.19 20.21 20.59 22.59 22.72 22.72 25.40 25.40 25.40 25.40 25.40 25.40 25.40 25.40 25.40 25.40 99999.90 99999.90 99999.90 99999.90 99999.90 99999.90 99999.90 99999.90 99999.90 99999.90 99999.90 99999.90 99999.90 99999.90 99999.90 99999.90 99999.90 99999.90
25.47 25.56 25.81 26.00 25.73 25.07 25.05 23.97 25.25 25.56 24.83 24.52 24.99 25.70 25.31 25.05 24.93 24.98 24.79 24.75 24.10 22.88 21.99 21.89 20.01 19.92 20.74 21.04 20.19 20.17 20.42 21.27 22.22 22.34 23.77 23.09 23.58 23.45 22.82 21.18 21.04 20.40 19.40 19.68 20.33 19.75 22.13 23.86 25.40 25.40 25.40 25.40 25.40 25.40 25.40 25.40 25.40 25.40 25.40 99999.90 99999.90 99999.90 99999.90 99999.90 99999.90 99999.90 99999.90 99999.90 99999.90 99999.90 99999.90 99999.90 99999.90 99999.90 99999.90 99999.90 99999.90
25.50 25.79 25.41 26.09 25.29 25.47 24.99 24.41 25.10 25.88 25.51 25.33 25.14 25.13 25.34 25.58 25.45 25.38 25.16 24.71 24.18 22.80 22.95 21.86 22.01 21.23 20.68 21.49 22.16 20.82 20.87 21.02 21.61 22.63 24.23 22.99 23.79 23.38 22.88 21.72 20.69 19.28 18.53 18.41 19.29 19.71 21.59 24.13 25.08 25.08 25.08 25.08 25.08 25.08 25.08 25.08 25.08 25.08 25.08 99999.90 99999.90 99999.90 99999.90 99999.90 99999.90 99999.90 99999.90 99999.90 99999.90 99999.90 99999.90 99999.90 99999.90 99999.90 99999.90 99999.90 99999.90
25.89 26.45 25.15 25.90 25.62 25.47 25.85 25.71 25.36 25.55 25.38 25.73 25.37 25.24 25.34 25.25 25.06 24.50 25.04 25.24 24.83 24.02 23.72 22.39 22.55 21.53 22.21 22.47 21.30 21.35 22.33 21.95 21.63 22.85 23.89 23.09 23.88 24.00 22.70 20.84 19.37 17.83 16.72 18.65 17.97 19.96 21.45 23.28 25.08 25.08 25.08 25.08 25.08 25.08 25.08 25.08 25.08 25.08 25.08 99999.90 99999.90 99999.90 99999.90 99999.90 99999.90 99999.90 99999.90 99999.90 99999.90 99999.90 99999.90 99999.90 99999.90 99999.90 99999.90 99999.90 99999.90
