main/data/irradiance/09.11.2023.grid
ncols 839
nrows 679
xllcenter 112.0500
yllcenter -43.9500
cellsize 0.0500
nodata_value 99999.90
[rows 374 to 407 of 679, columns 539 to 615 of 839]
23.34 25.01 25.71 25.19 25.22 25.18 23.52 23.66 23.55 22.28 22.75 21.82 21.47 21.74 20.51 20.93 22.50 20.28 20.08 18.96 18.89 18.74 18.32 17.28 18.21 18.48 18.64 19.67 18.06 16.94 18.36 18.61 19.03 18.88 18.14 17.74 16.49 18.30 18.40 18.01 17.86 18.81 18.68 16.15 15.69 15.99 16.45 16.34 16.18 17.48 16.73 17.45 17.05 18.61 18.79 19.00 20.28 20.05 19.61 19.47 20.09 20.11 19.24 21.53 22.23 22.48 21.98 22.78 23.50 23.27 22.02 21.20 20.94 21.54 21.42 19.28 20.35
25.08 25.47 25.40 25.55 26.04 25.01 23.33 23.19 22.93 22.00 21.48 22.75 22.31 21.58 20.21 20.74 20.85 20.73 20.48 19.26 17.10 17.72 17.09 16.33 17.25 18.14 17.30 17.78 17.09 16.72 18.02 19.13 19.53 19.73 18.61 17.87 16.56 16.86 17.92 18.05 17.66 17.49 17.87 15.33 14.27 15.02 15.66 15.47 16.28 16.48 15.02 15.13 15.75 16.66 17.85 18.78 19.57 19.32 19.03 20.00 20.44 21.52 20.85 20.59 21.24 21.20 20.34 21.02 21.73 23.29 21.26 22.13 21.66 22.47 22.85 21.53 21.02
25.57 25.23 24.95 25.21 25.97 25.50 24.43 23.89 23.11 22.65 21.65 21.93 21.31 20.99 20.10 21.06 21.55 21.44 20.28 18.86 19.11 19.67 18.67 19.06 18.95 18.56 17.93 17.74 17.03 17.83 18.48 18.57 19.36 18.72 18.39 17.56 16.78 18.73 18.86 16.97 16.84 16.55 15.89 13.49 14.20 15.26 15.93 16.13 16.76 16.79 15.31 15.44 16.75 18.03 18.20 18.60 19.33 19.71 19.08 21.07 21.35 21.36 22.42 22.17 22.20 21.14 21.09 21.98 21.82 22.15 21.80 21.96 21.72 21.85 23.44 24.15 24.13
25.46 24.54 24.47 25.72 26.88 24.86 24.47 24.09 23.72 23.80 22.61 22.42 20.93 20.49 20.35 21.25 22.24 21.95 19.77 18.19 19.90 20.94 18.86 18.68 19.53 19.97 18.41 17.71 19.26 19.98 19.13 18.89 19.12 18.89 18.79 17.27 17.66 20.12 19.90 17.93 17.14 16.49 15.94 14.68 14.36 14.87 15.81 17.07 18.01 17.73 16.83 16.28 18.21 18.51 18.50 18.96 20.89 20.28 20.51 20.75 21.76 21.20 20.82 22.98 23.44 22.11 22.31 22.44 23.04 23.21 22.81 21.91 21.62 22.36 24.32 25.46 24.85
25.58 24.66 24.90 26.44 26.34 24.38 24.19 24.56 24.18 24.08 23.94 22.92 21.05 21.07 21.01 21.20 22.06 21.96 19.94 18.44 19.00 19.73 18.12 18.38 20.20 19.67 18.66 18.23 18.89 18.55 19.89 19.60 18.65 18.56 17.51 17.37 17.48 19.91 20.04 18.78 17.26 16.61 16.15 15.78 14.27 14.45 15.64 16.53 17.47 17.42 16.76 17.25 18.41 18.45 18.25 19.46 20.28 21.10 20.27 19.40 21.39 21.82 21.57 22.07 22.80 21.24 21.83 21.69 22.26 23.62 24.28 22.42 22.62 23.44 24.66 25.34 25.20
25.45 25.10 25.56 25.19 25.27 24.41 24.48 24.18 23.91 23.87 24.78 23.01 22.69 23.50 22.46 21.71 22.01 21.58 20.74 18.87 18.22 18.48 17.47 18.65 19.08 17.23 16.70 17.31 17.69 17.80 19.75 20.74 18.99 18.87 16.66 16.74 17.50 18.65 19.30 18.87 17.89 17.83 18.27 17.74 16.08 15.40 15.06 17.57 17.88 17.72 17.18 18.01 17.32 19.42 20.22 20.66 21.01 21.29 21.88 21.29 21.95 22.09 22.68 22.10 21.95 21.89 21.65 21.87 22.32 22.30 23.58 23.93 24.69 24.99 24.82 24.16 23.45
24.97 25.85 24.42 24.14 24.62 25.81 25.14 24.78 24.08 23.93 24.83 24.35 24.01 24.65 23.32 22.24 21.39 21.14 21.31 19.98 18.40 18.17 17.53 18.15 18.24 16.94 16.69 17.91 18.12 18.39 19.26 19.95 19.25 17.41 15.81 17.62 18.29 18.28 18.38 18.33 17.77 18.07 17.78 17.26 17.36 16.00 16.13 18.93 18.02 17.73 15.63 17.98 18.16 19.45 20.22 20.29 20.77 21.43 21.38 20.09 21.65 22.65 23.62 23.33 22.50 22.09 22.85 20.71 22.27 23.77 23.56 23.99 24.35 24.38 23.67 23.78 23.25
23.99 25.27 25.40 23.63 25.16 26.51 26.37 26.08 26.18 25.56 24.98 24.00 24.41 24.03 22.69 22.24 22.01 22.09 20.55 20.56 20.54 19.45 18.10 17.99 17.90 16.65 17.45 18.20 18.37 18.81 19.47 19.86 18.04 15.80 16.42 18.33 19.54 19.06 17.28 16.49 16.14 17.17 16.59 16.87 18.13 17.69 17.67 18.34 16.74 16.43 16.20 17.27 18.01 18.53 19.02 19.08 19.94 19.25 19.58 20.07 20.98 23.19 23.52 23.54 22.86 21.47 23.16 23.29 23.09 24.23 24.44 23.24 23.75 23.21 22.98 22.79 23.84
23.38 25.28 25.99 25.34 26.72 27.21 27.30 26.93 27.38 26.90 26.64 24.56 23.68 23.41 23.36 22.79 21.88 22.97 22.29 22.26 20.96 19.11 18.18 17.84 18.22 17.83 17.45 17.67 18.40 16.95 17.89 18.83 18.73 17.36 16.35 17.92 17.66 16.56 14.30 14.64 16.15 16.11 16.61 15.81 18.56 18.60 19.15 17.52 15.88 16.94 17.34 17.58 18.50 17.77 17.95 19.12 18.92 18.47 18.44 19.50 21.40 22.67 21.88 22.73 22.86 22.79 22.96 23.51 23.61 25.33 23.41 23.53 22.72 22.18 22.00 22.94 24.25
21.64 22.96 23.54 24.26 26.45 27.30 27.33 27.40 27.78 27.03 26.83 24.97 24.60 23.71 23.07 23.54 23.17 23.61 23.17 22.42 21.31 19.78 18.64 18.18 18.33 17.73 17.08 16.39 16.07 16.46 17.66 18.04 17.66 16.91 15.51 14.98 14.87 13.49 12.73 14.84 15.45 15.29 14.93 15.19 16.22 16.63 16.74 14.85 15.92 18.32 17.62 17.27 18.06 17.21 17.59 18.69 18.88 19.64 18.78 20.75 20.72 21.11 20.97 22.82 23.07 23.35 22.70 23.26 23.71 24.06 23.61 24.29 23.85 22.39 22.91 23.31 24.19
22.88 24.13 25.75 25.81 26.52 27.61 27.46 26.73 27.08 26.25 26.49 26.11 25.58 24.48 23.05 24.24 24.05 24.26 24.32 23.44 20.56 20.87 20.16 19.67 19.39 19.24 18.37 17.64 16.66 17.87 18.01 18.19 17.14 16.84 16.21 16.02 16.64 14.27 14.18 16.14 15.35 14.57 14.21 15.12 16.19 17.07 16.88 15.70 17.87 17.92 17.43 17.66 17.95 16.98 17.77 18.03 18.91 19.77 19.72 20.99 21.89 22.65 22.98 22.37 22.40 22.87 21.29 21.12 23.45 23.82 24.00 24.09 23.01 23.20 24.63 24.42 23.16
23.23 25.75 25.61 25.03 25.91 26.28 26.03 26.00 26.72 26.94 26.41 25.97 26.67 25.80 25.58 24.82 23.98 24.37 24.00 23.99 22.66 21.01 20.89 20.23 19.78 19.78 18.67 18.38 18.94 18.78 18.26 17.96 18.23 17.89 17.45 17.50 16.70 15.51 15.87 18.00 17.52 17.42 15.46 15.34 16.85 17.69 18.25 17.37 18.18 17.23 16.79 17.67 18.83 18.45 17.50 19.07 19.24 19.88 21.87 22.55 22.30 20.49 20.60 21.85 22.69 22.20 22.27 23.61 24.17 24.40 24.61 24.73 23.95 23.28 24.91 24.13 23.60
25.04 23.92 22.74 24.94 26.31 26.87 26.45 26.28 27.14 26.74 26.56 26.44 26.69 26.02 25.13 25.57 25.00 24.95 23.90 23.76 23.34 22.26 20.52 21.01 20.48 19.22 17.32 17.45 16.86 15.94 16.14 16.66 17.55 18.64 18.05 17.70 17.08 15.91 16.13 18.61 18.43 17.17 16.44 17.60 19.51 20.00 19.74 18.90 17.49 17.53 17.20 17.49 18.06 17.18 17.34 20.00 19.21 20.02 22.70 22.29 21.09 20.68 21.79 21.63 20.53 22.94 22.95 24.29 24.95 25.47 24.88 24.53 25.89 23.43 21.77 23.22 23.43
26.98 25.15 26.12 26.17 26.44 27.14 26.00 26.45 26.03 25.58 25.25 25.60 26.14 25.44 24.08 24.10 25.17 25.15 24.57 24.24 23.95 22.26 21.63 21.59 21.29 19.87 18.48 18.51 18.87 18.56 18.11 17.95 16.41 16.75 16.58 17.02 15.94 14.67 15.81 17.12 18.20 18.25 18.44 19.13 20.03 19.84 19.63 20.20 19.81 19.81 20.42 20.40 21.30 21.15 21.64 21.62 21.01 21.92 23.33 21.81 20.58 19.66 21.94 23.48 22.56 22.94 24.20 24.90 24.42 24.35 22.53 23.28 22.55 21.62 19.73 22.32 23.37
26.61 26.41 25.54 25.65 25.96 25.44 25.11 26.81 25.59 25.21 25.21 26.66 25.26 24.23 23.62 23.81 23.27 24.50 23.42 24.11 24.19 24.26 24.69 23.65 22.00 20.94 19.83 19.95 19.77 20.62 20.67 19.06 16.98 16.24 16.79 16.27 16.16 16.39 18.05 19.01 19.94 20.64 20.64 20.01 19.57 20.12 21.02 20.64 21.45 21.82 21.96 20.74 20.57 21.14 23.16 22.59 22.51 21.93 22.85 22.28 21.59 20.69 22.70 23.94 23.73 24.85 25.26 25.39 25.02 22.60 21.43 20.88 19.69 19.99 21.11 23.69 23.91
25.83 26.67 25.96 25.26 27.64 26.87 26.16 26.71 26.10 26.69 25.65 25.19 24.63 24.65 23.58 22.58 22.26 22.12 22.69 23.60 24.22 24.34 23.73 23.53 22.98 23.06 22.66 22.66 21.58 20.89 20.09 18.42 18.77 18.90 19.35 19.10 17.85 17.03 18.28 19.34 20.78 20.30 20.18 19.80 20.04 20.22 20.33 21.70 21.58 21.33 19.34 20.39 20.39 21.09 22.19 22.34 21.65 21.06 21.41 21.46 20.92 21.66 23.33 25.19 24.21 24.50 24.45 23.63 21.62 19.87 18.83 18.93 19.61 20.22 21.23 21.74 21.38
28.21 27.11 25.48 27.83 27.77 27.66 27.77 25.28 24.75 26.80 26.82 25.55 25.77 25.62 23.97 22.62 22.90 24.01 23.78 23.80 22.05 22.36 23.32 22.96 22.74 23.15 22.84 22.01 20.77 20.02 19.99 20.88 20.73 19.78 20.72 19.18 18.89 19.17 19.56 19.28 20.49 20.04 19.74 19.01 19.05 19.72 20.40 21.55 21.15 18.74 19.23 22.66 21.81 20.69 21.66 22.39 21.40 22.20 23.42 22.77 21.91 22.25 24.25 24.74 22.15 22.92 23.86 22.81 21.32 20.10 21.25 21.96 21.95 21.90 23.92 23.48 24.13
28.59 27.74 27.46 27.42 27.05 26.47 25.85 26.10 26.01 26.53 26.24 26.01 25.61 25.62 24.63 23.56 24.14 23.27 21.20 21.61 21.76 22.10 23.68 23.41 22.35 22.19 21.71 20.57 20.09 20.88 21.43 20.89 20.60 20.06 21.29 20.28 20.06 20.49 20.20 20.26 20.72 19.72 19.06 19.07 19.06 19.63 20.40 20.78 19.55 19.93 21.98 24.32 23.79 23.95 23.83 23.50 22.67 23.61 22.13 22.35 22.69 22.43 22.35 21.26 20.39 20.18 20.69 22.42 23.18 22.79 23.19 22.58 22.12 22.87 24.30 23.90 24.72
28.83 27.98 27.45 26.77 26.62 26.66 27.12 27.83 26.45 26.88 26.93 26.10 26.57 25.63 25.09 24.43 24.82 24.39 23.69 21.71 23.88 24.24 23.15 22.45 21.53 21.28 21.32 20.49 20.92 21.37 21.65 21.89 20.74 21.45 21.67 21.91 20.80 21.28 19.42 20.36 22.03 21.25 20.71 20.83 20.11 20.45 20.83 21.69 21.24 21.33 23.75 24.45 23.19 22.55 23.18 23.65 23.90 24.81 25.15 24.82 23.46 21.78 21.67 20.49 19.76 20.15 22.09 22.58 24.35 23.35 22.74 22.09 21.94 23.17 23.76 24.67 24.87
28.59 28.18 27.30 25.98 27.08 27.01 27.04 28.16 26.48 26.47 26.61 26.96 27.11 26.26 25.97 25.26 25.37 26.76 25.59 24.33 25.88 24.38 24.43 23.59 24.32 24.39 24.22 23.15 23.38 22.64 21.93 21.90 21.07 21.52 22.26 22.71 23.49 24.15 22.83 23.37 24.59 24.24 22.21 22.29 22.23 22.11 21.64 22.08 21.85 23.24 23.58 22.95 22.46 21.59 22.69 23.24 24.92 25.23 26.17 25.75 24.09 22.28 22.12 22.82 23.02 24.14 23.37 23.84 23.64 23.02 23.22 21.96 22.44 22.93 23.89 24.53 24.18
27.27 27.67 28.63 28.33 28.61 28.39 28.25 28.04 26.67 27.59 27.85 27.75 27.23 26.95 27.73 26.71 26.51 26.56 26.71 26.33 26.26 26.10 25.16 25.60 25.58 26.32 26.71 26.86 26.89 25.44 24.26 23.38 23.34 23.77 24.61 25.51 25.44 26.15 24.98 24.94 25.33 24.63 23.31 23.02 24.00 24.67 24.66 24.29 24.37 25.28 25.77 23.84 21.92 23.63 24.46 24.94 26.01 26.60 25.12 25.20 25.10 22.84 23.01 22.19 23.80 23.82 22.07 22.66 24.98 25.07 25.55 24.77 24.14 24.24 24.92 24.48 23.34
27.59 27.78 29.01 28.42 28.16 27.97 28.55 28.46 28.39 28.40 28.73 28.60 28.04 27.86 28.44 27.69 27.42 26.26 25.51 26.63 27.08 26.72 26.71 27.65 27.68 27.49 27.56 26.86 26.44 26.07 26.01 26.68 26.24 26.44 26.55 25.92 26.57 27.03 26.80 26.58 26.60 27.32 26.29 26.98 26.64 26.80 26.67 25.94 25.99 27.21 27.74 26.70 26.38 26.02 25.95 26.66 25.98 26.11 24.65 25.42 25.35 24.81 25.05 24.96 24.76 25.23 25.51 25.88 24.97 26.11 25.32 24.54 24.66 24.54 26.53 26.18 25.93
28.66 27.71 28.14 28.06 28.20 28.71 27.87 28.65 28.10 28.16 28.26 28.12 28.47 29.11 28.53 28.45 28.23 27.55 27.23 27.65 27.56 26.79 27.87 28.54 28.45 28.37 28.27 27.76 27.24 26.68 27.24 28.04 27.79 27.17 26.95 27.06 27.90 27.91 27.97 28.27 28.35 27.61 27.48 28.28 27.89 26.99 26.96 26.87 26.89 27.27 27.88 27.18 26.82 25.95 26.09 25.60 26.22 26.72 25.36 25.10 26.04 26.24 25.48 26.81 26.96 26.32 26.60 25.32 26.59 26.29 25.48 24.85 24.17 23.93 24.43 23.89 21.89
28.51 28.02 26.89 28.79 28.18 28.36 28.78 27.83 27.58 28.12 27.41 27.88 28.60 28.71 28.70 28.19 28.40 28.77 27.99 27.96 27.76 28.46 28.73 28.53 27.89 27.99 28.11 27.49 26.49 27.15 27.86 27.84 28.16 28.34 28.67 28.91 28.80 28.22 28.52 28.79 28.96 29.04 28.65 28.73 27.73 27.17 26.93 28.01 28.48 28.44 28.30 27.58 26.29 25.87 27.08 27.52 27.91 27.04 26.76 25.90 27.08 27.09 27.75 27.46 26.91 27.04 26.84 24.98 22.90 24.05 25.11 25.46 24.93 24.27 23.55 23.28 21.85
28.74 27.82 28.06 28.18 28.40 28.72 28.42 28.83 28.64 27.61 28.30 28.88 28.76 28.43 28.12 28.32 28.40 28.94 28.14 27.90 28.38 28.57 28.11 28.23 28.07 28.53 28.32 27.92 27.82 28.30 28.55 28.70 28.89 28.85 28.62 28.90 28.77 28.28 28.68 29.09 28.82 29.08 28.75 28.60 28.46 28.29 28.66 28.74 28.95 28.54 28.53 27.97 27.26 27.72 27.87 27.60 27.68 27.71 27.11 27.96 27.22 26.21 26.80 26.91 26.15 25.31 25.83 24.84 23.31 25.28 24.91 26.65 25.82 22.67 22.62 24.11 24.30
28.72 28.91 28.70 28.18 28.03 27.79 28.52 29.05 28.87 28.26 29.23 29.23 29.13 28.82 28.13 28.67 28.99 29.01 28.51 28.21 29.05 29.22 29.39 29.42 29.12 29.05 28.88 28.75 28.79 28.97 29.12 28.87 28.58 28.83 28.86 28.86 28.88 28.49 28.81 28.95 28.56 28.46 28.29 28.40 28.80 28.49 28.95 28.98 28.37 28.10 27.59 27.42 27.88 28.50 28.02 28.10 27.66 27.05 26.81 26.48 28.00 28.03 28.34 27.06 24.26 22.85 21.82 22.69 23.72 23.87 23.46 25.56 26.25 22.45 21.84 23.82 21.28
27.42 28.90 28.56 27.35 28.68 28.73 28.44 28.98 28.94 28.85 28.84 28.56 28.85 29.10 29.06 29.16 29.47 29.35 29.12 28.89 29.17 29.29 29.53 29.53 29.05 29.11 29.17 29.13 29.19 29.04 28.79 28.06 28.31 28.48 29.17 28.99 28.80 28.45 28.26 28.42 27.88 27.57 28.16 28.57 28.76 29.16 28.33 28.29 26.96 26.83 27.45 28.14 28.92 28.49 28.10 27.53 27.00 28.12 26.81 25.79 27.55 26.96 26.84 23.93 21.43 22.99 22.62 20.92 23.48 25.81 25.35 23.89 25.49 23.33 20.22 20.61 19.93
28.30 28.14 28.60 27.97 29.24 29.27 28.71 29.18 29.22 28.50 28.67 28.65 28.13 28.20 28.80 29.26 29.39 29.47 29.36 29.18 29.09 29.16 29.33 29.33 29.07 29.04 29.00 28.93 28.94 28.67 28.65 28.20 28.64 28.54 28.28 28.82 28.43 28.40 27.63 28.50 28.56 28.39 28.50 28.37 28.75 28.95 28.86 28.09 28.13 28.56 27.58 26.88 27.79 28.13 28.17 28.42 26.37 25.82 25.84 24.55 26.45 24.72 26.06 24.18 21.85 23.71 21.97 21.33 23.74 24.94 26.36 24.78 25.10 21.44 18.18 19.78 18.95
28.63 28.30 28.71 28.24 28.86 28.90 28.38 28.33 28.33 27.71 28.18 27.97 28.70 29.29 29.39 29.46 29.47 29.43 29.46 29.40 29.28 29.44 29.24 28.97 29.06 28.81 28.89 28.84 28.84 28.81 29.04 28.82 28.06 28.20 27.75 28.70 27.28 26.55 27.59 27.59 27.57 27.54 28.39 28.09 28.61 28.68 28.71 28.39 27.96 28.63 28.19 26.54 27.03 27.93 26.01 26.86 26.51 26.82 26.80 24.72 26.30 24.64 22.87 25.93 26.39 24.80 24.74 24.44 23.27 23.07 26.41 24.91 22.84 20.67 19.06 18.09 19.86
28.28 28.26 28.58 28.48 28.42 28.25 27.89 26.84 27.83 27.12 28.56 28.93 28.94 29.23 29.50 29.44 29.43 29.39 29.49 29.50 29.36 29.51 29.41 29.23 29.16 29.11 28.94 28.86 28.74 28.68 28.54 28.67 29.01 28.69 27.40 28.68 28.62 27.90 28.04 28.24 27.80 28.25 27.91 28.13 27.85 27.45 27.60 28.44 28.36 27.86 28.01 27.21 27.57 26.74 25.33 26.42 25.68 24.46 26.56 24.38 23.88 24.57 22.46 24.57 25.69 24.36 25.07 24.60 21.54 22.52 21.98 21.42 21.91 19.73 19.17 19.84 22.15
28.85 28.61 28.13 27.48 27.59 27.00 27.56 26.65 27.83 28.53 29.36 29.40 29.09 29.19 29.45 29.42 29.39 29.41 29.46 29.47 29.52 29.50 29.43 29.40 29.40 29.46 29.19 29.04 28.75 28.72 28.89 28.82 28.81 28.49 27.86 28.49 28.33 28.30 28.46 28.61 28.56 28.65 28.20 28.56 27.97 25.91 27.39 28.26 27.76 28.67 27.23 28.67 27.19 26.76 24.37 27.64 26.80 25.95 25.12 25.47 21.28 20.44 21.98 22.83 24.63 23.32 24.17 21.47 17.49 16.69 19.36 22.08 23.14 21.54 20.37 21.52 22.99
28.08 27.88 27.34 27.06 26.37 25.61 24.62 27.17 28.51 29.17 29.32 29.41 29.11 29.30 29.42 29.43 29.41 29.50 29.45 29.02 29.40 29.48 29.49 29.41 29.32 29.30 29.33 29.14 28.95 28.76 29.05 28.81 28.72 28.82 28.87 28.58 28.72 27.93 28.19 28.77 28.19 28.57 28.83 28.80 28.39 27.22 27.88 27.79 26.99 27.86 27.72 27.62 27.43 28.13 26.66 26.72 26.17 25.85 24.76 23.94 22.40 21.96 21.36 21.46 21.54 21.09 22.01 20.50 19.91 17.19 15.19 18.36 22.21 22.09 23.22 24.03 24.65
27.49 27.40 26.83 27.26 26.85 25.15 27.04 28.29 29.30 29.29 29.33 28.87 29.08 29.42 29.41 29.37 29.41 29.42 29.08 28.23 28.87 29.41 29.43 29.41 29.44 29.45 29.44 29.29 29.38 29.28 28.96 29.07 29.06 28.74 28.64 28.61 28.90 28.73 28.47 29.22 28.66 28.07 28.29 28.42 28.53 27.94 28.40 29.10 28.20 27.89 25.87 27.24 28.07 28.21 27.26 24.66 23.16 22.55 23.19 23.52 23.29 21.46 23.12 21.94 22.14 21.99 23.14 21.43 19.89 19.14 21.28 18.85 20.36 22.38 23.97 23.96 24.32
27.11 26.36 26.06 24.62 25.18 25.32 28.63 29.25 29.23 29.33 29.38 28.73 28.90 29.03 29.37 29.42 29.42 29.32 28.10 27.83 27.28 28.81 29.36 29.40 29.51 29.48 29.30 29.39 29.44 29.43 29.13 29.22 29.21 28.99 28.70 28.57 29.23 28.12 27.94 29.12 28.37 28.36 29.29 28.38 28.34 28.53 27.72 27.32 27.23 28.20 27.50 26.24 26.20 26.34 25.65 26.06 25.63 23.68 21.23 21.10 18.90 19.39 21.12 22.42 22.23 20.24 21.18 23.02 21.13 19.70 20.47 22.41 24.87 24.11 25.04 23.91 22.42
