main/data/irradiance/09.12.2023.grid
ncols 839
nrows 679
xllcenter 112.0500
yllcenter -43.9500
cellsize 0.0500
nodata_value 99999.90
[rows 630 to 664 of 679, columns 693 to 769 of 839]
15.44 15.24 14.73 12.92 11.58 11.68 12.51 12.49 12.29 12.42 12.92 13.02 12.70 11.58 10.92 11.02 10.72 9.93 9.26 9.62 8.81 8.18 8.13 7.84 8.17 7.85 7.44 7.09 7.07 6.99 5.51 5.53 5.53 5.53 5.53 5.53 5.53 5.53 5.53 5.53 5.53 5.53 99999.90 99999.90 99999.90 99999.90 99999.90 99999.90 99999.90 99999.90 99999.90 99999.90 99999.90 99999.90 99999.90 99999.90 99999.90 99999.90 99999.90 99999.90 99999.90 99999.90 99999.90 99999.90 99999.90 99999.90 99999.90 99999.90 99999.90 99999.90 99999.90 99999.90 99999.90 99999.90 99999.90 99999.90 99999.90
14.58 14.23 14.15 13.45 12.76 12.29 13.12 13.18 12.52 12.82 12.51 12.52 13.05 12.78 11.88 10.71 10.06 9.63 9.08 8.64 7.89 7.45 6.97 7.33 8.08 8.30 8.21 7.58 7.12 7.11 6.50 6.10 6.10 6.10 6.10 6.10 6.10 6.10 6.10 6.10 6.10 6.10 8.97 99999.90 99999.90 99999.90 99999.90 99999.90 99999.90 99999.90 99999.90 99999.90 99999.90 99999.90 99999.90 99999.90 99999.90 99999.90 99999.90 99999.90 99999.90 99999.90 99999.90 99999.90 99999.90 99999.90 99999.90 99999.90 99999.90 99999.90 99999.90 99999.90 99999.90 99999.90 99999.90 99999.90 99999.90
15.43 15.01 14.29 13.52 12.37 12.43 12.97 13.22 13.22 12.24 11.96 11.97 12.54 12.33 11.57 10.26 10.04 9.54 8.90 7.65 7.06 7.28 7.06 6.91 7.17 7.78 7.66 7.38 7.35 6.88 6.81 6.45 6.45 6.45 6.45 6.45 6.45 6.45 6.45 6.45 6.45 6.45 8.97 99999.90 99999.90 99999.90 99999.90 99999.90 99999.90 99999.90 99999.90 99999.90 99999.90 99999.90 99999.90 99999.90 99999.90 99999.90 99999.90 99999.90 99999.90 99999.90 99999.90 99999.90 99999.90 99999.90 99999.90 99999.90 99999.90 99999.90 99999.90 99999.90 99999.90 99999.90 99999.90 99999.90 99999.90
16.06 15.50 14.62 14.19 13.62 13.13 12.70 13.00 13.25 12.44 11.77 12.01 12.24 12.01 11.59 10.97 10.31 9.85 9.14 7.92 7.19 6.97 6.76 6.67 6.77 6.64 7.29 7.71 7.22 6.44 6.08 5.91 5.91 5.91 5.91 5.91 5.91 5.91 5.91 5.91 5.91 5.91 8.97 99999.90 99999.90 99999.90 99999.90 99999.90 99999.90 99999.90 99999.90 99999.90 99999.90 99999.90 99999.90 99999.90 99999.90 99999.90 99999.90 99999.90 99999.90 99999.90 99999.90 99999.90 99999.90 99999.90 99999.90 99999.90 99999.90 99999.90 99999.90 99999.90 99999.90 99999.90 99999.90 99999.90 99999.90
15.96 15.54 15.45 15.26 15.34 14.75 13.85 13.15 13.43 12.71 12.74 12.37 11.88 11.55 11.80 11.35 10.76 10.02 9.76 8.82 7.63 6.94 6.42 6.71 6.49 6.84 7.35 7.03 6.27 5.56 5.48 5.81 5.81 5.81 5.81 5.81 5.81 5.81 5.81 5.81 5.81 5.81 8.97 99999.90 99999.90 99999.90 99999.90 99999.90 99999.90 99999.90 99999.90 99999.90 99999.90 99999.90 99999.90 99999.90 99999.90 99999.90 99999.90 99999.90 99999.90 99999.90 99999.90 99999.90 99999.90 99999.90 99999.90 99999.90 99999.90 99999.90 99999.90 99999.90 99999.90 99999.90 99999.90 99999.90 99999.90
15.96 14.67 14.91 15.83 15.77 15.38 14.70 14.05 13.85 13.87 13.15 12.87 12.52 11.48 12.42 11.84 11.36 10.80 10.36 9.68 8.66 7.69 6.82 7.36 7.23 7.24 6.97 6.05 5.09 4.83 5.03 5.81 5.81 5.81 5.81 5.81 5.81 5.81 5.81 5.81 5.81 5.81 8.97 99999.90 99999.90 99999.90 99999.90 99999.90 99999.90 99999.90 99999.90 99999.90 99999.90 99999.90 99999.90 99999.90 99999.90 99999.90 99999.90 99999.90 99999.90 99999.90 99999.90 99999.90 99999.90 99999.90 99999.90 99999.90 99999.90 99999.90 99999.90 99999.90 99999.90 99999.90 99999.90 99999.90 99999.90
13.72 14.67 14.91 14.94 15.96 15.15 15.16 15.03 14.68 14.21 13.18 13.05 12.25 11.95 12.51 12.26 11.42 10.91 10.79 10.08 8.94 8.54 8.04 8.04 7.15 7.24 6.97 6.05 4.93 4.15 4.70 4.98 4.98 4.98 4.98 4.98 4.98 4.98 4.98 4.98 4.98 4.98 8.97 99999.90 99999.90 99999.90 99999.90 99999.90 99999.90 99999.90 99999.90 99999.90 99999.90 99999.90 99999.90 99999.90 99999.90 99999.90 99999.90 99999.90 99999.90 99999.90 99999.90 99999.90 99999.90 99999.90 99999.90 99999.90 99999.90 99999.90 99999.90 99999.90 99999.90 99999.90 99999.90 99999.90 99999.90
14.21 14.31 14.31 14.83 15.25 15.14 15.10 15.66 15.86 15.80 13.78 12.66 12.52 12.27 13.21 12.97 12.28 11.77 10.82 10.03 8.96 8.67 9.02 8.28 7.32 7.24 7.39 6.84 5.46 4.81 4.82 5.34 5.34 5.34 5.34 5.34 5.34 5.34 5.34 5.34 8.97 8.97 8.97 99999.90 99999.90 99999.90 99999.90 99999.90 99999.90 99999.90 99999.90 99999.90 99999.90 99999.90 99999.90 99999.90 99999.90 99999.90 99999.90 99999.90 99999.90 99999.90 99999.90 99999.90 99999.90 99999.90 99999.90 99999.90 99999.90 99999.90 99999.90 99999.90 99999.90 99999.90 99999.90 99999.90 99999.90
15.15 13.36 13.36 13.56 15.25 15.14 14.14 14.31 15.50 16.12 15.51 13.47 12.83 12.43 13.27 13.45 13.48 13.31 12.50 11.78 11.65 11.09 10.25 9.64 8.57 7.42 7.42 6.94 6.37 5.93 4.82 5.76 5.76 5.76 5.76 5.76 5.76 8.97 8.97 8.97 8.97 8.97 8.97 99999.90 99999.90 99999.90 99999.90 99999.90 99999.90 99999.90 99999.90 99999.90 99999.90 99999.90 99999.90 99999.90 99999.90 99999.90 99999.90 99999.90 99999.90 99999.90 99999.90 99999.90 99999.90 99999.90 99999.90 99999.90 99999.90 99999.90 99999.90 99999.90 99999.90 99999.90 99999.90 99999.90 99999.90
13.88 14.29 13.25 13.56 12.68 13.01 13.01 14.28 14.96 15.93 15.56 15.16 14.04 13.09 13.51 14.02 15.04 14.72 13.66 13.89 13.02 12.56 10.90 9.93 9.08 8.18 7.71 7.59 7.20 5.93 6.33 6.33 6.33 6.33 8.97 8.97 8.97 8.97 8.97 8.97 8.97 8.97 8.97 99999.90 99999.90 99999.90 99999.90 99999.90 99999.90 99999.90 99999.90 99999.90 99999.90 99999.90 99999.90 99999.90 99999.90 99999.90 99999.90 99999.90 99999.90 99999.90 99999.90 99999.90 99999.90 99999.90 99999.90 99999.90 99999.90 99999.90 99999.90 99999.90 99999.90 99999.90 99999.90 99999.90 99999.90
14.57 13.78 13.53 13.52 12.68 12.26 12.67 14.47 14.52 15.18 16.29 15.78 13.79 13.23 13.47 14.11 14.83 15.05 14.16 13.87 13.90 14.07 12.16 10.25 9.61 8.87 8.25 8.57 7.76 7.76 7.39 7.39 7.39 8.97 8.97 8.97 8.97 8.97 8.97 8.97 8.97 8.97 8.97 99999.90 99999.90 99999.90 99999.90 99999.90 99999.90 99999.90 99999.90 99999.90 99999.90 99999.90 99999.90 99999.90 99999.90 99999.90 99999.90 99999.90 99999.90 99999.90 99999.90 99999.90 99999.90 99999.90 99999.90 99999.90 99999.90 99999.90 99999.90 99999.90 99999.90 99999.90 99999.90 99999.90 99999.90
13.81 13.36 13.70 13.61 13.69 13.11 12.77 13.36 14.52 15.18 16.29 14.75 13.78 13.53 13.89 14.01 13.51 13.77 14.17 14.84 14.74 14.38 13.64 11.24 10.72 9.50 8.84 9.45 7.76 7.76 7.39 7.39 8.97 8.97 8.97 8.97 8.97 8.97 8.97 8.97 8.97 8.97 8.97 99999.90 99999.90 99999.90 99999.90 99999.90 99999.90 99999.90 99999.90 99999.90 99999.90 99999.90 99999.90 99999.90 99999.90 99999.90 99999.90 99999.90 99999.90 99999.90 99999.90 99999.90 99999.90 99999.90 99999.90 99999.90 99999.90 99999.90 99999.90 99999.90 99999.90 99999.90 99999.90 99999.90 99999.90
12.35 12.24 11.49 12.42 13.02 13.13 13.30 13.94 14.86 14.86 15.70 15.63 14.53 14.07 14.50 14.72 13.93 14.02 14.43 14.55 14.28 14.03 14.25 13.04 12.70 11.22 10.13 10.05 10.05 10.05 7.39 8.97 8.97 8.97 8.97 8.97 8.97 8.97 8.97 8.97 8.97 8.97 8.97 99999.90 99999.90 99999.90 99999.90 99999.90 99999.90 99999.90 99999.90 99999.90 99999.90 99999.90 99999.90 99999.90 99999.90 99999.90 99999.90 99999.90 99999.90 99999.90 99999.90 99999.90 99999.90 99999.90 99999.90 99999.90 99999.90 99999.90 99999.90 99999.90 99999.90 99999.90 99999.90 99999.90 99999.90
12.18 12.45 12.07 12.01 12.12 12.37 12.53 13.59 13.88 13.88 15.27 16.55 15.71 13.76 13.76 15.08 14.77 14.54 15.04 15.04 14.41 14.16 13.98 13.72 13.94 12.80 11.55 10.66 10.66 10.66 12.40 12.40 12.40 12.40 12.40 12.40 12.40 12.40 12.40 12.40 12.40 12.40 12.40 99999.90 99999.90 99999.90 99999.90 99999.90 99999.90 99999.90 99999.90 99999.90 99999.90 99999.90 99999.90 99999.90 99999.90 99999.90 99999.90 99999.90 99999.90 99999.90 99999.90 99999.90 99999.90 99999.90 99999.90 99999.90 99999.90 99999.90 99999.90 99999.90 99999.90 99999.90 99999.90 99999.90 99999.90
13.39 12.39 13.14 13.17 12.77 11.86 11.56 12.68 13.18 12.82 14.05 15.47 16.04 14.05 13.94 14.34 14.54 14.53 14.70 15.03 14.71 13.61 13.10 13.11 12.97 12.79 11.30 10.66 10.66 10.66 12.40 12.40 12.40 12.40 12.40 12.40 12.40 12.40 12.40 12.40 12.40 12.40 12.40 99999.90 99999.90 99999.90 99999.90 99999.90 99999.90 99999.90 99999.90 99999.90 99999.90 99999.90 99999.90 99999.90 99999.90 99999.90 99999.90 99999.90 99999.90 99999.90 99999.90 99999.90 99999.90 99999.90 99999.90 99999.90 99999.90 99999.90 99999.90 99999.90 99999.90 99999.90 99999.90 99999.90 99999.90
15.68 13.55 13.68 14.22 12.82 12.05 11.79 11.96 12.76 12.92 13.09 14.01 14.35 14.99 14.70 14.24 14.91 14.41 14.60 15.64 15.04 13.44 13.20 13.72 13.63 13.18 11.30 11.30 10.66 10.66 12.40 12.40 12.40 12.40 12.40 12.40 12.40 12.40 12.40 12.40 12.40 12.40 12.40 99999.90 99999.90 99999.90 99999.90 99999.90 99999.90 99999.90 99999.90 99999.90 99999.90 99999.90 99999.90 99999.90 99999.90 99999.90 99999.90 99999.90 99999.90 99999.90 99999.90 99999.90 99999.90 99999.90 99999.90 99999.90 99999.90 99999.90 99999.90 99999.90 99999.90 99999.90 99999.90 99999.90 99999.90
16.50 15.50 14.02 13.16 12.92 12.52 11.84 11.94 12.17 12.06 12.44 13.21 14.25 14.77 14.59 14.02 14.17 14.65 14.79 14.38 13.84 13.88 14.26 13.74 13.59 13.95 13.97 13.97 13.97 13.97 12.40 12.40 12.40 12.40 12.40 12.40 12.40 12.40 12.40 12.40 12.40 12.40 12.40 99999.90 99999.90 99999.90 99999.90 99999.90 99999.90 99999.90 99999.90 99999.90 99999.90 99999.90 99999.90 99999.90 99999.90 99999.90 99999.90 99999.90 99999.90 99999.90 99999.90 99999.90 99999.90 99999.90 99999.90 99999.90 99999.90 99999.90 99999.90 99999.90 99999.90 99999.90 99999.90 99999.90 99999.90
17.00 16.07 15.23 14.74 13.99 13.42 12.41 11.71 12.01 12.59 12.43 11.58 13.26 13.89 13.18 13.10 13.44 13.76 14.42 13.95 13.80 14.26 15.48 14.71 14.11 13.73 13.97 13.97 13.97 13.97 12.40 12.40 12.40 12.40 12.40 12.40 12.40 12.40 12.40 12.40 12.40 12.40 12.40 99999.90 99999.90 99999.90 99999.90 99999.90 99999.90 99999.90 99999.90 99999.90 99999.90 99999.90 99999.90 99999.90 99999.90 99999.90 99999.90 99999.90 99999.90 99999.90 99999.90 99999.90 99999.90 99999.90 99999.90 99999.90 99999.90 99999.90 99999.90 99999.90 99999.90 99999.90 99999.90 99999.90 99999.90
18.12 17.50 16.33 15.41 14.74 13.97 13.58 11.89 12.09 12.94 12.97 11.18 12.37 13.00 12.73 12.91 12.95 13.13 13.44 13.53 14.07 14.63 14.84 15.39 16.34 15.24 15.24 15.24 13.97 13.97 12.40 12.40 12.40 12.40 12.40 12.40 12.40 12.40 12.40 12.40 12.40 12.40 12.40 99999.90 99999.90 99999.90 99999.90 99999.90 99999.90 99999.90 99999.90 99999.90 99999.90 99999.90 99999.90 99999.90 99999.90 99999.90 99999.90 99999.90 99999.90 99999.90 99999.90 99999.90 99999.90 99999.90 99999.90 99999.90 99999.90 99999.90 99999.90 99999.90 99999.90 99999.90 99999.90 99999.90 99999.90
18.45 17.69 18.13 15.69 14.65 13.91 13.62 12.29 12.48 13.43 12.22 11.63 12.86 13.08 12.61 12.51 11.95 12.38 13.15 13.67 13.91 13.67 13.90 14.63 16.53 16.11 16.11 16.11 16.11 14.68 14.68 14.68 12.40 12.40 12.40 12.40 12.40 12.40 12.40 12.40 12.40 12.40 12.40 99999.90 99999.90 99999.90 99999.90 99999.90 99999.90 99999.90 99999.90 99999.90 99999.90 99999.90 99999.90 99999.90 99999.90 99999.90 99999.90 99999.90 99999.90 99999.90 99999.90 99999.90 99999.90 99999.90 99999.90 99999.90 99999.90 99999.90 99999.90 99999.90 99999.90 99999.90 99999.90 99999.90 99999.90
19.02 17.36 17.48 16.28 15.28 15.26 14.59 13.53 12.89 12.95 13.00 11.56 12.30 13.21 13.05 12.61 12.32 12.47 13.15 13.67 13.52 13.06 13.21 14.22 16.53 16.11 16.11 14.34 14.68 14.68 14.68 14.68 14.68 14.68 12.40 12.40 12.40 12.40 12.40 12.40 12.40 12.40 12.40 99999.90 99999.90 99999.90 99999.90 99999.90 99999.90 99999.90 99999.90 99999.90 99999.90 99999.90 99999.90 99999.90 99999.90 99999.90 99999.90 99999.90 99999.90 99999.90 99999.90 99999.90 99999.90 99999.90 99999.90 99999.90 99999.90 99999.90 99999.90 99999.90 99999.90 99999.90 99999.90 99999.90 99999.90
19.85 18.40 16.20 17.24 17.72 17.81 15.93 15.22 14.70 13.61 12.62 11.42 11.97 12.95 12.57 12.28 11.93 11.78 12.99 13.61 13.76 14.15 13.77 13.90 13.89 13.89 14.34 14.34 14.68 14.68 14.68 14.68 14.68 14.68 14.68 14.68 12.40 12.40 12.40 12.40 12.40 12.40 12.40 99999.90 99999.90 99999.90 99999.90 99999.90 99999.90 99999.90 99999.90 99999.90 99999.90 99999.90 99999.90 99999.90 99999.90 99999.90 99999.90 99999.90 99999.90 99999.90 99999.90 99999.90 99999.90 99999.90 99999.90 99999.90 99999.90 99999.90 99999.90 99999.90 99999.90 99999.90 99999.90 99999.90 99999.90
21.16 20.63 20.34 18.63 18.59 18.37 15.91 16.71 17.02 14.57 14.04 12.52 12.68 13.19 12.23 12.20 11.18 11.71 12.14 12.87 13.15 13.76 13.98 14.76 14.02 14.02 14.34 14.34 14.68 14.68 14.68 14.68 14.68 14.68 14.68 14.68 14.68 14.68 12.40 12.40 12.40 12.40 12.40 99999.90 99999.90 99999.90 99999.90 99999.90 99999.90 99999.90 99999.90 99999.90 99999.90 99999.90 99999.90 99999.90 99999.90 99999.90 99999.90 99999.90 99999.90 99999.90 99999.90 99999.90 99999.90 99999.90 99999.90 99999.90 99999.90 99999.90 99999.90 99999.90 99999.90 99999.90 99999.90 99999.90 99999.90
22.62 21.52 21.66 20.18 18.84 17.53 15.11 16.44 17.62 15.36 14.97 14.45 14.26 13.85 12.60 13.37 12.20 11.33 11.75 12.50 12.54 13.25 12.61 14.86 14.82 14.82 14.34 14.34 14.68 14.68 14.68 14.68 14.68 14.68 14.68 14.68 14.68 14.68 14.68 12.40 12.40 12.40 12.40 99999.90 99999.90 99999.90 99999.90 99999.90 99999.90 99999.90 99999.90 99999.90 99999.90 99999.90 99999.90 99999.90 99999.90 99999.90 99999.90 99999.90 99999.90 99999.90 99999.90 99999.90 99999.90 99999.90 99999.90 99999.90 99999.90 99999.90 99999.90 99999.90 99999.90 99999.90 99999.90 99999.90 99999.90
20.21 21.14 22.45 20.30 20.96 16.60 15.15 15.49 15.82 17.12 15.17 15.36 15.33 15.38 13.63 14.55 12.33 11.82 11.27 11.62 11.97 12.15 12.10 13.66 14.82 14.82 14.34 14.34 14.68 14.68 14.68 14.68 14.68 14.68 14.68 14.68 14.68 14.68 14.68 12.40 12.40 12.40 12.40 99999.90 99999.90 99999.90 99999.90 99999.90 99999.90 99999.90 99999.90 99999.90 99999.90 99999.90 99999.90 99999.90 99999.90 99999.90 99999.90 99999.90 99999.90 99999.90 99999.90 99999.90 99999.90 99999.90 99999.90 99999.90 99999.90 99999.90 99999.90 99999.90 99999.90 99999.90 99999.90 99999.90 99999.90
20.39 21.03 20.96 19.06 20.90 21.47 19.34 16.28 16.19 17.18 16.97 16.60 15.33 13.93 14.86 14.58 12.56 12.45 12.17 12.86 11.85 11.75 12.22 12.93 12.93 12.93 15.57 15.57 14.68 14.68 14.68 14.68 14.68 14.68 14.68 14.68 14.68 14.68 14.68 99999.90 99999.90 99999.90 99999.90 99999.90 99999.90 99999.90 99999.90 99999.90 99999.90 99999.90 99999.90 99999.90 99999.90 99999.90 99999.90 99999.90 99999.90 99999.90 99999.90 99999.90 99999.90 99999.90 99999.90 99999.90 99999.90 99999.90 99999.90 99999.90 99999.90 99999.90 99999.90 99999.90 99999.90 99999.90 99999.90 99999.90 99999.90
21.67 17.18 18.41 20.85 23.75 23.67 21.60 17.84 17.87 18.35 17.88 17.70 17.70 13.93 15.41 16.81 12.56 12.45 12.17 13.89 13.61 13.14 13.31 12.93 15.50 15.57 15.57 15.57 15.57 14.68 14.68 14.68 14.68 14.68 14.68 14.68 14.68 14.68 14.68 99999.90 99999.90 99999.90 99999.90 99999.90 99999.90 99999.90 99999.90 99999.90 99999.90 99999.90 99999.90 99999.90 99999.90 99999.90 99999.90 99999.90 99999.90 99999.90 99999.90 99999.90 99999.90 99999.90 99999.90 99999.90 99999.90 99999.90 99999.90 99999.90 99999.90 99999.90 99999.90 99999.90 99999.90 99999.90 99999.90 99999.90 99999.90
24.10 17.87 17.71 20.13 22.54 23.16 23.40 21.26 19.49 18.29 18.91 19.33 17.44 17.44 15.41 16.93 16.93 17.45 13.89 13.89 13.61 13.14 13.31 15.50 15.50 15.57 15.57 15.57 15.57 15.57 15.57 14.68 14.68 14.68 14.68 14.68 14.68 14.68 14.68 99999.90 99999.90 99999.90 99999.90 99999.90 99999.90 99999.90 99999.90 99999.90 99999.90 99999.90 99999.90 99999.90 99999.90 99999.90 99999.90 99999.90 99999.90 99999.90 99999.90 99999.90 99999.90 99999.90 99999.90 99999.90 99999.90 99999.90 99999.90 99999.90 99999.90 99999.90 99999.90 99999.90 99999.90 99999.90 99999.90 99999.90 99999.90
21.87 16.35 16.08 18.09 19.00 20.88 22.23 21.67 19.78 17.72 15.41 18.63 20.33 20.33 16.93 16.93 17.45 17.45 17.45 19.51 19.51 19.51 16.38 16.38 17.60 17.42 17.42 17.42 17.42 17.42 17.42 17.42 17.42 14.68 14.68 14.68 14.68 14.68 14.68 99999.90 99999.90 99999.90 99999.90 99999.90 99999.90 99999.90 99999.90 99999.90 99999.90 99999.90 99999.90 99999.90 99999.90 99999.90 99999.90 99999.90 99999.90 99999.90 99999.90 99999.90 99999.90 99999.90 99999.90 99999.90 99999.90 99999.90 99999.90 99999.90 99999.90 99999.90 99999.90 99999.90 99999.90 99999.90 99999.90 99999.90 99999.90
17.85 19.21 18.55 19.19 17.39 19.80 20.96 21.25 19.47 19.91 17.72 15.03 18.19 18.19 18.19 19.11 19.11 19.11 19.44 19.51 19.51 19.51 16.38 16.38 17.51 17.42 17.42 17.42 17.42 17.42 17.42 17.42 17.42 17.42 17.42 14.68 14.68 14.68 14.68 99999.90 99999.90 99999.90 99999.90 99999.90 99999.90 99999.90 99999.90 99999.90 99999.90 99999.90 99999.90 99999.90 99999.90 99999.90 99999.90 99999.90 99999.90 99999.90 99999.90 99999.90 99999.90 99999.90 99999.90 99999.90 99999.90 99999.90 99999.90 99999.90 99999.90 99999.90 99999.90 99999.90 99999.90 99999.90 99999.90 99999.90 99999.90
19.19 19.73 19.56 20.27 21.56 18.85 17.71 17.58 19.26 19.27 20.70 15.03 18.19 18.19 18.19 19.11 19.11 19.11 19.44 19.44 20.81 20.81 20.77 16.93 16.93 16.93 16.93 17.42 17.42 17.42 17.42 17.42 17.42 17.42 17.42 17.42 14.68 14.68 14.68 99999.90 99999.90 99999.90 99999.90 99999.90 99999.90 99999.90 99999.90 99999.90 99999.90 99999.90 99999.90 99999.90 99999.90 99999.90 99999.90 99999.90 99999.90 99999.90 99999.90 99999.90 99999.90 99999.90 99999.90 99999.90 99999.90 99999.90 99999.90 99999.90 99999.90 99999.90 99999.90 99999.90 99999.90 99999.90 99999.90 99999.90 99999.90
24.73 21.43 20.39 18.36 20.33 20.02 19.09 18.83 18.95 21.23 22.92 20.21 20.21 23.23 23.23 19.11 19.11 19.11 19.44 19.44 20.81 20.58 20.77 19.62 17.00 17.00 20.06 20.06 20.06 20.06 20.06 20.06 20.06 20.06 20.06 20.06 14.68 14.68 14.68 99999.90 99999.90 99999.90 99999.90 99999.90 99999.90 99999.90 99999.90 99999.90 99999.90 99999.90 99999.90 99999.90 99999.90 99999.90 99999.90 99999.90 99999.90 99999.90 99999.90 99999.90 99999.90 99999.90 99999.90 99999.90 99999.90 99999.90 99999.90 99999.90 99999.90 99999.90 99999.90 99999.90 99999.90 99999.90 99999.90 99999.90 99999.90
22.47 21.67 21.53 20.67 20.65 20.02 19.09 19.27 17.76 20.77 22.19 20.21 23.23 23.23 23.23 23.23 19.11 19.44 19.44 19.44 19.23 19.23 19.64 19.62 17.00 20.06 20.06 20.06 20.06 20.06 20.06 20.06 20.06 20.06 20.06 20.06 14.68 14.68 14.68 99999.90 99999.90 99999.90 99999.90 99999.90 99999.90 99999.90 99999.90 99999.90 99999.90 99999.90 99999.90 99999.90 99999.90 99999.90 99999.90 99999.90 99999.90 99999.90 99999.90 99999.90 99999.90 99999.90 99999.90 99999.90 99999.90 99999.90 99999.90 99999.90 99999.90 99999.90 99999.90 99999.90 99999.90 99999.90 99999.90 99999.90 99999.90
19.53 21.21 24.30 21.64 22.51 22.51 22.34 19.27 17.76 20.11 22.71 22.71 23.23 23.23 23.23 23.23 23.23 19.44 19.44 19.23 19.23 19.23 21.13 21.13 18.15 18.15 18.15 18.15 18.15 18.15 18.15 18.15 18.15 18.15 18.15 18.15 99999.90 99999.90 99999.90 99999.90 99999.90 99999.90 99999.90 99999.90 99999.90 99999.90 99999.90 99999.90 99999.90 99999.90 99999.90 99999.90 99999.90 99999.90 99999.90 99999.90 99999.90 99999.90 99999.90 99999.90 99999.90 99999.90 99999.90 99999.90 99999.90 99999.90 99999.90 99999.90 99999.90 99999.90 99999.90 99999.90 99999.90 99999.90 99999.90 99999.90 99999.90
20.32 20.27 22.94 22.36 24.80 22.85 22.34 22.34 20.11 20.11 21.73 21.73 21.73 23.23 23.23 23.23 23.23 19.44 19.23 19.23 19.23 21.13 21.13 21.13 18.15 18.15 18.15 18.15 18.15 18.15 18.15 18.15 18.15 18.15 18.15 18.15 99999.90 99999.90 99999.90 99999.90 99999.90 99999.90 99999.90 99999.90 99999.90 99999.90 99999.90 99999.90 99999.90 99999.90 99999.90 99999.90 99999.90 99999.90 99999.90 99999.90 99999.90 99999.90 99999.90 99999.90 99999.90 99999.90 99999.90 99999.90 99999.90 99999.90 99999.90 99999.90 99999.90 99999.90 99999.90 99999.90 99999.90 99999.90 99999.90 99999.90 99999.90
