main/data/irradiance/09.11.2023.grid
ncols 839
nrows 679
xllcenter 112.0500
yllcenter -43.9500
cellsize 0.0500
nodata_value 99999.90
[rows 578 to 611 of 679, columns 616 to 692 of 839]
21.97 21.97 21.55 21.55 20.37 20.37 20.37 20.37 20.37 19.85 18.75 20.43 20.43 20.43 20.13 19.14 19.14 19.14 19.14 20.34 22.38 22.38 23.42 23.42 23.42 23.42 23.42 25.24 25.24 25.57 27.36 27.36 27.36 27.36 18.29 18.29 18.29 18.29 18.29 18.29 18.29 18.29 17.01 16.07 16.07 16.07 16.07 16.07 17.46 17.58 17.58 17.58 17.58 17.58 17.58 17.58 16.52 16.52 16.52 16.52 17.05 17.05 17.05 17.05 17.05 15.54 15.54 17.51 17.51 18.49 18.57 20.47 18.99 18.99 18.99 18.99 18.99
21.97 21.97 21.55 20.37 20.37 20.37 20.37 20.37 20.37 19.85 18.75 20.43 20.43 20.43 20.13 19.14 19.14 19.14 19.14 19.14 22.38 22.38 22.38 23.42 23.42 23.42 23.42 23.42 25.24 25.24 25.57 25.57 26.36 26.36 99999.90 99999.90 99999.90 16.07 16.07 16.07 16.07 16.07 16.07 16.07 16.07 16.07 16.07 16.07 17.58 17.58 17.58 17.58 17.58 17.58 17.58 17.58 16.52 16.52 16.52 17.05 17.05 17.05 17.05 17.05 17.05 15.54 17.51 18.75 18.75 18.75 18.18 20.90 20.90 21.93 21.93 21.93 21.93
21.97 21.55 20.37 20.37 20.37 20.37 20.37 20.37 20.37 19.85 20.43 20.43 20.43 20.43 20.13 19.14 19.14 19.14 19.14 19.14 19.14 22.38 22.38 23.42 23.42 23.42 23.42 23.42 23.42 25.24 25.24 25.57 25.57 99999.90 99999.90 99999.90 99999.90 99999.90 99999.90 99999.90 99999.90 99999.90 99999.90 18.41 18.41 18.51 18.51 17.58 17.58 17.58 17.58 17.58 17.58 17.58 17.58 16.52 16.52 16.52 17.05 17.05 17.05 17.05 17.05 17.05 17.05 18.75 18.75 18.75 18.75 18.75 19.56 21.27 21.93 21.93 21.93 21.93 21.93
21.97 21.55 20.37 20.37 20.37 20.37 20.37 20.37 20.37 19.85 20.43 20.43 20.43 20.43 20.13 19.14 19.14 19.14 19.14 19.14 19.14 19.14 22.38 22.38 23.42 23.42 23.42 23.42 23.42 23.42 25.24 25.24 99999.90 99999.90 99999.90 99999.90 99999.90 99999.90 99999.90 99999.90 99999.90 99999.90 99999.90 99999.90 18.51 18.51 17.58 17.58 17.58 17.58 17.58 17.58 17.58 17.58 17.58 16.52 16.52 17.05 17.05 17.05 17.05 17.05 17.05 17.05 17.05 18.75 18.75 18.75 20.38 20.38 20.38 21.34 21.93 21.93 21.93 21.93 21.93
21.55 20.37 20.37 20.37 20.37 20.37 20.37 20.37 20.37 19.85 20.43 20.43 20.43 20.43 20.13 19.14 19.14 19.14 19.14 19.14 19.14 19.14 22.38 16.14 17.62 17.62 17.62 17.62 17.62 17.62 17.62 17.62 17.62 17.62 17.62 99999.90 99999.90 99999.90 99999.90 99999.90 99999.90 99999.90 99999.90 99999.90 99999.90 17.58 17.58 17.58 17.58 17.58 17.58 17.58 17.58 17.58 16.52 16.52 17.05 17.05 17.05 17.05 17.05 17.05 17.05 17.05 18.75 18.75 20.38 20.38 20.38 20.38 20.38 21.34 21.34 21.93 21.93 21.93 21.93
20.37 20.37 20.37 20.37 20.37 20.37 20.37 20.37 20.37 20.43 20.43 20.43 20.43 20.43 20.13 19.14 19.14 19.14 19.14 19.14 19.14 16.14 16.14 16.14 17.62 17.62 17.62 17.62 17.62 17.62 17.62 17.62 17.62 17.62 17.62 99999.90 99999.90 99999.90 99999.90 99999.90 99999.90 99999.90 99999.90 99999.90 99999.90 99999.90 99999.90 99999.90 99999.90 99999.90 15.32 16.52 16.52 16.52 16.52 17.05 17.05 17.05 17.05 17.05 17.05 17.05 17.05 17.05 20.38 20.38 20.38 20.38 20.38 20.38 20.38 21.34 21.34 21.34 21.93 21.93 21.93
20.37 20.37 20.37 20.37 20.37 20.37 20.37 20.37 20.37 20.43 20.43 20.43 20.43 20.43 20.13 19.14 19.14 19.14 16.14 16.14 16.14 16.14 16.14 16.14 17.62 17.62 17.62 17.62 17.62 17.62 17.62 17.62 17.62 17.62 17.62 99999.90 99999.90 99999.90 99999.90 99999.90 99999.90 99999.90 99999.90 99999.90 99999.90 99999.90 99999.90 99999.90 99999.90 99999.90 99999.90 16.52 16.52 16.52 17.05 17.05 17.05 17.05 17.05 17.05 17.05 17.05 17.05 20.38 20.38 20.38 20.38 20.38 20.38 20.38 20.38 21.34 21.34 21.34 21.34 21.93 21.93
99999.90 99999.90 99999.90 20.43 20.43 20.43 20.43 20.43 20.43 20.43 20.43 20.43 20.43 20.43 20.13 19.14 16.14 16.14 16.14 16.14 16.14 16.14 16.14 16.14 17.62 17.62 17.62 17.62 17.62 17.62 17.62 17.62 17.62 17.62 17.62 99999.90 99999.90 99999.90 99999.90 99999.90 99999.90 99999.90 99999.90 99999.90 99999.90 99999.90 99999.90 99999.90 99999.90 99999.90 99999.90 16.52 16.52 17.05 17.05 17.05 17.05 17.05 17.05 17.05 17.05 17.05 20.38 20.38 20.38 20.38 20.38 20.38 20.38 20.38 20.38 21.34 21.34 21.34 21.34 21.34 21.93
99999.90 99999.90 99999.90 99999.90 99999.90 99999.90 99999.90 99999.90 99999.90 99999.90 99999.90 19.69 19.69 19.69 18.92 18.92 16.14 16.14 16.14 16.14 16.14 16.14 16.14 16.14 17.62 17.62 17.62 17.62 17.62 17.62 17.62 17.62 17.62 17.62 17.62 99999.90 99999.90 99999.90 99999.90 99999.90 99999.90 99999.90 99999.90 99999.90 99999.90 99999.90 99999.90 99999.90 99999.90 99999.90 99999.90 99999.90 17.05 17.05 17.05 17.05 17.05 17.05 17.05 17.05 17.05 17.05 20.38 20.38 20.38 20.38 20.38 20.38 20.38 20.38 20.38 21.34 21.34 21.34 21.34 21.34 21.34
99999.90 99999.90 99999.90 99999.90 99999.90 99999.90 99999.90 99999.90 99999.90 99999.90 24.60 19.69 19.69 19.69 19.69 18.92 18.92 16.14 16.14 16.14 16.14 16.14 16.14 16.14 17.62 17.62 17.62 17.62 17.62 17.62 17.62 17.62 17.62 17.62 17.62 99999.90 99999.90 99999.90 99999.90 99999.90 99999.90 99999.90 99999.90 99999.90 99999.90 99999.90 99999.90 99999.90 99999.90 99999.90 99999.90 99999.90 99999.90 99999.90 99999.90 99999.90 99999.90 99999.90 17.51 18.75 20.38 20.38 20.38 20.38 20.38 20.38 20.38 20.38 20.38 20.38 20.38 21.34 21.34 21.34 21.34 21.34 21.34
99999.90 99999.90 99999.90 99999.90 99999.90 99999.90 99999.90 99999.90 99999.90 99999.90 24.60 19.69 19.69 19.69 19.69 19.69 18.92 18.92 16.14 16.14 16.14 16.14 16.14 16.14 17.62 17.62 17.62 17.62 17.62 17.62 17.62 17.62 17.62 17.62 17.62 19.20 99999.90 99999.90 99999.90 99999.90 99999.90 99999.90 99999.90 99999.90 99999.90 99999.90 99999.90 99999.90 99999.90 99999.90 99999.90 99999.90 99999.90 99999.90 99999.90 99999.90 99999.90 99999.90 99999.90 18.75 20.38 20.38 20.38 20.38 20.38 20.38 20.38 20.38 20.38 20.38 20.38 21.34 21.34 21.34 21.34 21.34 21.34
99999.90 99999.90 99999.90 99999.90 99999.90 99999.90 99999.90 99999.90 99999.90 99999.90 24.60 19.69 19.69 19.69 19.69 19.69 19.69 18.92 18.92 16.14 16.14 16.14 16.14 16.14 17.62 17.62 17.62 17.62 17.62 17.62 17.62 17.62 17.62 17.62 17.62 19.20 99999.90 99999.90 99999.90 99999.90 99999.90 99999.90 99999.90 99999.90 99999.90 99999.90 99999.90 99999.90 99999.90 99999.90 99999.90 99999.90 99999.90 99999.90 99999.90 99999.90 99999.90 99999.90 99999.90 18.75 20.38 20.38 20.38 20.38 20.38 20.38 20.38 20.38 20.38 20.38 20.38 21.34 21.34 21.34 21.34 21.34 21.34
99999.90 99999.90 99999.90 99999.90 99999.90 99999.90 99999.90 99999.90 99999.90 99999.90 24.60 19.69 19.69 19.69 19.69 19.69 19.69 19.69 18.92 18.92 16.14 16.14 16.14 16.14 17.62 17.62 17.62 17.62 17.62 17.62 17.62 17.62 17.62 17.62 17.62 19.20 99999.90 99999.90 99999.90 99999.90 99999.90 99999.90 99999.90 99999.90 99999.90 99999.90 99999.90 99999.90 99999.90 99999.90 99999.90 99999.90 99999.90 99999.90 99999.90 99999.90 99999.90 99999.90 99999.90 99999.90 20.38 20.38 20.38 20.38 20.38 20.38 20.38 20.38 20.38 20.38 20.38 21.34 21.34 21.34 21.34 21.34 21.34
99999.90 99999.90 99999.90 99999.90 99999.90 99999.90 99999.90 99999.90 99999.90 99999.90 24.60 19.69 19.69 19.69 19.69 19.69 19.69 19.69 19.69 18.92 18.92 16.14 16.14 16.14 17.62 17.62 17.62 17.62 17.62 17.62 17.62 17.62 17.62 17.62 17.62 19.20 99999.90 99999.90 99999.90 99999.90 99999.90 99999.90 99999.90 99999.90 99999.90 99999.90 99999.90 99999.90 99999.90 99999.90 99999.90 99999.90 99999.90 99999.90 99999.90 99999.90 99999.90 99999.90 99999.90 99999.90 20.38 20.38 20.38 20.38 20.38 20.38 20.38 20.38 20.38 20.38 20.38 21.34 21.34 21.34 21.34 21.34 21.34
99999.90 99999.90 99999.90 99999.90 99999.90 99999.90 99999.90 99999.90 99999.90 99999.90 24.60 19.69 19.69 19.69 19.69 19.69 19.69 19.69 19.69 19.69 18.92 18.92 16.14 16.14 17.62 17.62 17.62 17.62 17.62 17.62 17.62 17.62 17.62 17.62 17.62 19.20 99999.90 99999.90 99999.90 99999.90 99999.90 99999.90 99999.90 99999.90 99999.90 99999.90 99999.90 99999.90 99999.90 99999.90 99999.90 99999.90 99999.90 99999.90 99999.90 99999.90 99999.90 99999.90 99999.90 99999.90 99999.90 99999.90 99999.90 99999.90 99999.90 99999.90 99999.90 99999.90 99999.90 99999.90 99999.90 99999.90 99999.90 99999.90 99999.90 99999.90 99999.90
99999.90 99999.90 99999.90 99999.90 99999.90 99999.90 99999.90 99999.90 99999.90 99999.90 24.60 24.60 24.60 19.69 19.69 19.69 19.69 19.69 19.69 19.69 19.69 18.92 18.92 17.61 16.93 16.93 16.93 16.93 16.93 16.93 16.93 16.93 16.93 16.93 16.93 19.20 99999.90 99999.90 99999.90 99999.90 99999.90 99999.90 99999.90 99999.90 99999.90 99999.90 99999.90 99999.90 99999.90 99999.90 99999.90 99999.90 99999.90 99999.90 99999.90 99999.90 99999.90 99999.90 99999.90 99999.90 99999.90 99999.90 99999.90 99999.90 99999.90 99999.90 99999.90 99999.90 99999.90 99999.90 99999.90 99999.90 99999.90 99999.90 99999.90 99999.90 99999.90
99999.90 99999.90 99999.90 99999.90 99999.90 99999.90 99999.90 99999.90 99999.90 99999.90 24.60 24.60 24.60 24.60 24.60 24.60 19.69 19.69 19.69 19.69 19.69 19.69 18.06 18.03 17.59 17.59 17.59 17.59 17.59 17.59 17.59 17.59 17.59 19.20 19.20 19.20 99999.90 99999.90 99999.90 99999.90 99999.90 99999.90 99999.90 99999.90 99999.90 99999.90 99999.90 99999.90 99999.90 99999.90 99999.90 99999.90 99999.90 99999.90 99999.90 99999.90 99999.90 99999.90 99999.90 99999.90 99999.90 99999.90 99999.90 99999.90 99999.90 99999.90 99999.90 99999.90 99999.90 99999.90 99999.90 99999.90 99999.90 99999.90 99999.90 99999.90 99999.90
99999.90 99999.90 99999.90 99999.90 99999.90 99999.90 99999.90 99999.90 99999.90 99999.90 24.60 24.60 24.60 24.60 24.60 24.60 24.60 24.60 24.60 21.69 21.69 21.69 19.58 18.58 18.00 18.00 18.00 18.00 18.00 18.00 19.20 19.20 19.20 19.20 19.20 19.20 99999.90 99999.90 99999.90 99999.90 99999.90 99999.90 99999.90 99999.90 99999.90 99999.90 99999.90 99999.90 99999.90 99999.90 99999.90 99999.90 99999.90 99999.90 99999.90 99999.90 99999.90 99999.90 99999.90 99999.90 99999.90 99999.90 99999.90 99999.90 99999.90 99999.90 99999.90 99999.90 99999.90 99999.90 99999.90 99999.90 99999.90 99999.90 99999.90 99999.90 99999.90
99999.90 99999.90 99999.90 99999.90 99999.90 99999.90 99999.90 99999.90 99999.90 99999.90 24.60 24.60 24.60 24.60 24.60 24.60 24.60 24.60 24.60 24.60 22.36 22.36 20.01 18.33 16.68 16.68 16.68 19.20 19.20 19.20 19.20 19.20 19.20 19.20 19.20 19.20 99999.90 99999.90 99999.90 99999.90 99999.90 99999.90 99999.90 99999.90 99999.90 99999.90 99999.90 99999.90 99999.90 99999.90 99999.90 99999.90 99999.90 99999.90 99999.90 99999.90 99999.90 99999.90 99999.90 99999.90 99999.90 99999.90 99999.90 99999.90 99999.90 99999.90 99999.90 99999.90 99999.90 99999.90 99999.90 99999.90 99999.90 99999.90 99999.90 99999.90 99999.90
99999.90 99999.90 99999.90 99999.90 99999.90 99999.90 99999.90 99999.90 99999.90 99999.90 24.60 24.60 24.60 24.60 24.60 24.60 24.60 24.60 24.60 24.60 24.60 20.90 18.98 17.49 17.41 17.41 19.20 19.20 19.20 19.20 19.20 19.20 19.20 19.20 19.20 19.20 99999.90 99999.90 99999.90 99999.90 99999.90 99999.90 99999.90 99999.90 99999.90 99999.90 99999.90 99999.90 99999.90 99999.90 99999.90 99999.90 99999.90 99999.90 99999.90 99999.90 99999.90 99999.90 99999.90 99999.90 99999.90 99999.90 99999.90 99999.90 99999.90 99999.90 99999.90 99999.90 99999.90 99999.90 99999.90 99999.90 99999.90 99999.90 99999.90 99999.90 99999.90
99999.90 99999.90 99999.90 99999.90 99999.90 99999.90 99999.90 99999.90 99999.90 99999.90 24.60 24.60 24.60 24.60 24.60 24.60 24.60 24.60 24.60 24.60 24.60 19.67 17.80 16.59 16.57 19.20 19.20 19.20 19.20 19.20 19.20 19.20 19.20 19.20 19.20 19.20 19.93 19.93 19.93 19.93 19.93 19.93 19.93 19.93 19.93 19.93 19.93 19.93 19.93 19.93 19.93 19.93 99999.90 99999.90 99999.90 99999.90 99999.90 99999.90 99999.90 99999.90 99999.90 99999.90 99999.90 99999.90 99999.90 99999.90 99999.90 99999.90 99999.90 99999.90 99999.90 99999.90 99999.90 99999.90 99999.90 99999.90 99999.90
99999.90 99999.90 99999.90 99999.90 99999.90 99999.90 99999.90 99999.90 99999.90 99999.90 24.60 24.60 24.60 24.60 24.60 24.60 24.60 24.60 24.60 20.20 20.20 20.20 16.87 15.77 17.07 20.93 20.93 20.93 20.93 20.93 20.93 20.93 20.93 20.93 20.93 20.93 19.40 19.93 19.93 19.93 19.93 19.93 19.93 19.93 19.93 19.93 19.93 19.93 19.93 19.93 19.93 19.93 99999.90 99999.90 99999.90 99999.90 99999.90 99999.90 99999.90 99999.90 99999.90 99999.90 99999.90 99999.90 99999.90 99999.90 99999.90 99999.90 99999.90 99999.90 99999.90 99999.90 99999.90 99999.90 99999.90 99999.90 99999.90
99999.90 99999.90 99999.90 99999.90 99999.90 99999.90 99999.90 99999.90 99999.90 99999.90 24.60 24.60 24.60 24.60 24.60 24.60 24.60 19.21 19.21 19.21 19.21 19.21 15.55 14.43 17.07 20.93 20.93 20.93 20.93 20.93 20.93 20.93 20.93 20.93 20.93 19.40 19.40 19.93 19.93 19.93 19.93 19.93 19.93 19.93 19.93 19.93 19.93 19.93 19.93 19.93 19.93 19.93 99999.90 99999.90 99999.90 99999.90 99999.90 99999.90 99999.90 99999.90 99999.90 99999.90 99999.90 99999.90 99999.90 99999.90 99999.90 99999.90 99999.90 99999.90 99999.90 99999.90 99999.90 99999.90 99999.90 99999.90 99999.90
99999.90 99999.90 99999.90 99999.90 99999.90 99999.90 99999.90 99999.90 99999.90 99999.90 24.60 24.60 24.60 17.03 17.03 17.03 17.03 17.03 17.03 17.03 17.03 17.03 14.98 14.43 14.43 20.93 20.93 20.93 20.93 20.93 20.93 20.93 20.93 20.93 19.40 19.40 19.40 19.93 19.93 19.93 19.93 19.93 19.93 19.93 19.93 19.93 19.93 19.93 19.93 19.93 19.93 19.93 99999.90 99999.90 99999.90 99999.90 99999.90 99999.90 99999.90 99999.90 99999.90 99999.90 99999.90 99999.90 99999.90 99999.90 99999.90 99999.90 99999.90 99999.90 99999.90 99999.90 99999.90 99999.90 99999.90 99999.90 99999.90
99999.90 99999.90 99999.90 99999.90 99999.90 99999.90 99999.90 99999.90 99999.90 99999.90 24.60 17.03 17.03 17.03 17.03 17.03 17.03 17.03 17.03 17.03 17.03 17.03 14.98 14.98 14.43 14.43 20.93 20.93 20.93 20.93 20.93 20.93 20.93 20.93 19.40 19.40 19.40 19.40 19.93 19.93 19.93 19.93 19.93 19.93 19.93 19.93 19.93 19.93 19.93 19.93 19.93 19.93 99999.90 99999.90 99999.90 99999.90 99999.90 99999.90 99999.90 99999.90 99999.90 99999.90 99999.90 99999.90 99999.90 99999.90 99999.90 99999.90 99999.90 99999.90 99999.90 99999.90 99999.90 99999.90 99999.90 99999.90 99999.90
99999.90 99999.90 99999.90 99999.90 99999.90 99999.90 99999.90 99999.90 99999.90 99999.90 24.60 17.03 17.03 17.03 17.03 17.03 17.03 17.03 17.03 17.03 17.03 17.03 14.98 14.98 14.98 14.43 20.93 20.93 20.93 20.93 20.93 20.93 20.93 19.40 19.40 19.40 19.40 19.40 19.93 19.93 19.93 19.93 19.93 19.93 19.93 19.93 19.93 19.93 19.93 19.93 19.93 19.93 99999.90 99999.90 99999.90 99999.90 99999.90 99999.90 99999.90 99999.90 99999.90 99999.90 99999.90 99999.90 99999.90 99999.90 99999.90 99999.90 99999.90 99999.90 99999.90 99999.90 99999.90 99999.90 99999.90 99999.90 99999.90
99999.90 99999.90 99999.90 99999.90 99999.90 99999.90 99999.90 99999.90 99999.90 99999.90 24.60 17.03 17.03 17.03 17.03 17.03 17.03 17.03 17.03 17.03 17.03 17.03 14.98 14.98 14.98 14.98 14.43 20.93 20.93 20.93 20.93 20.93 19.40 19.40 19.40 19.40 19.40 19.40 19.93 19.93 19.93 19.93 19.93 19.93 19.93 19.93 19.93 19.93 19.93 19.93 19.93 19.93 99999.90 99999.90 99999.90 99999.90 99999.90 99999.90 99999.90 99999.90 99999.90 99999.90 99999.90 99999.90 99999.90 99999.90 99999.90 99999.90 99999.90 99999.90 99999.90 99999.90 99999.90 99999.90 99999.90 99999.90 99999.90
99999.90 99999.90 99999.90 99999.90 99999.90 99999.90 99999.90 99999.90 99999.90 99999.90 24.60 17.03 17.03 17.03 17.03 17.03 17.03 17.03 17.03 17.03 17.03 17.03 14.98 14.98 14.98 14.98 14.98 20.93 20.93 20.93 20.93 19.40 19.40 19.40 19.40 19.40 19.40 19.40 19.40 19.93 19.93 19.93 19.93 19.93 19.93 19.93 19.93 19.93 19.93 19.93 19.93 19.93 19.16 19.16 99999.90 99999.90 99999.90 99999.90 99999.90 99999.90 99999.90 99999.90 99999.90 99999.90 99999.90 99999.90 99999.90 99999.90 99999.90 99999.90 99999.90 99999.90 99999.90 99999.90 99999.90 99999.90 99999.90
99999.90 99999.90 99999.90 99999.90 99999.90 99999.90 99999.90 99999.90 99999.90 99999.90 24.60 17.03 17.03 17.03 17.03 17.03 17.03 17.03 17.03 17.03 17.03 17.03 14.98 14.98 14.98 14.98 14.98 14.98 20.93 20.93 19.40 19.40 19.40 19.40 19.40 19.40 19.40 19.40 19.40 19.93 19.93 19.93 19.93 19.93 19.93 19.93 19.93 19.93 19.93 19.93 19.93 19.93 21.52 21.52 21.52 21.52 21.52 21.52 21.52 21.52 99999.90 99999.90 99999.90 99999.90 99999.90 99999.90 99999.90 99999.90 99999.90 99999.90 99999.90 99999.90 99999.90 99999.90 99999.90 99999.90 99999.90
99999.90 99999.90 99999.90 99999.90 99999.90 99999.90 99999.90 99999.90 99999.90 99999.90 24.60 17.03 17.03 17.03 17.03 17.03 17.03 17.03 17.03 17.03 17.03 17.03 14.98 14.98 14.98 14.98 14.98 14.98 14.98 20.93 19.40 19.40 19.40 19.40 19.40 19.40 19.40 19.40 19.40 19.93 19.93 19.93 19.93 19.93 19.93 19.93 19.93 19.93 19.93 19.93 19.93 21.52 21.52 21.52 19.47 19.47 19.47 19.47 19.47 19.47 19.47 19.47 19.47 19.47 99999.90 99999.90 99999.90 99999.90 99999.90 99999.90 99999.90 99999.90 99999.90 99999.90 99999.90 99999.90 99999.90
99999.90 99999.90 99999.90 99999.90 99999.90 99999.90 99999.90 99999.90 99999.90 99999.90 99999.90 17.03 17.03 17.03 17.03 17.03 17.03 17.03 17.03 17.03 17.03 17.03 14.98 14.98 14.98 14.98 14.98 14.98 14.98 19.40 19.40 19.40 19.40 19.40 19.40 19.40 19.40 19.40 19.40 19.40 19.93 19.93 19.93 19.93 19.93 19.93 19.93 19.93 19.93 19.93 21.52 21.52 21.52 21.52 19.47 19.47 19.47 19.47 19.47 18.18 18.18 18.18 18.18 18.18 18.18 18.18 99999.90 99999.90 99999.90 99999.90 99999.90 99999.90 99999.90 99999.90 99999.90 99999.90 99999.90
99999.90 99999.90 99999.90 99999.90 99999.90 99999.90 99999.90 99999.90 99999.90 99999.90 99999.90 17.03 17.03 17.03 17.03 17.03 17.03 17.03 17.03 17.03 17.03 17.03 14.98 14.98 14.98 14.98 14.98 14.98 17.90 17.90 19.40 19.40 19.40 19.40 19.40 19.40 19.40 19.40 19.40 19.40 19.93 19.93 19.93 19.93 19.93 19.93 19.93 19.93 21.35 21.52 21.52 21.52 21.52 19.47 19.47 19.47 19.47 19.47 19.47 18.18 18.18 17.17 17.17 17.17 17.17 17.17 17.17 17.17 99999.90 99999.90 99999.90 99999.90 99999.90 99999.90 99999.90 99999.90 99999.90
99999.90 99999.90 99999.90 99999.90 99999.90 99999.90 99999.90 99999.90 99999.90 99999.90 99999.90 17.03 17.03 17.03 17.03 17.03 17.03 17.03 17.03 17.03 17.03 17.03 14.98 14.98 14.98 14.98 14.98 14.98 17.90 17.90 17.90 17.90 17.90 17.90 19.40 19.40 19.40 19.40 19.40 19.40 19.93 19.93 19.93 19.93 19.93 19.93 19.93 21.33 21.35 21.52 21.52 21.52 21.52 19.47 19.47 19.47 19.47 19.47 18.18 18.18 18.18 17.17 17.17 16.23 16.23 16.23 16.23 16.23 16.23 16.23 99999.90 24.03 24.03 24.03 24.03 24.03 24.03
99999.90 99999.90 99999.90 99999.90 99999.90 99999.90 99999.90 99999.90 99999.90 99999.90 99999.90 17.03 17.03 17.03 17.03 17.03 17.03 17.03 17.03 17.03 17.03 17.03 14.98 14.98 14.98 14.98 14.98 17.90 17.90 17.90 17.90 17.90 17.90 17.90 17.90 17.90 17.90 17.90 19.40 19.40 17.37 17.37 17.37 17.37 17.37 17.37 19.16 21.33 21.35 21.52 21.52 21.52 21.52 19.47 19.47 19.47 19.47 19.47 18.18 18.18 17.17 17.17 17.17 16.23 18.18 18.18 18.18 18.18 18.18 18.18 18.18 22.51 22.51 22.51 22.51 22.51 22.51
