main/data/irradiance/10.09.2023.grid
ncols 839
nrows 679
xllcenter 112.0500
yllcenter -43.9500
cellsize 0.0500
nodata_value 99999.90
[rows 340 to 373 of 679, columns 616 to 692 of 839]
20.96 21.05 20.87 20.71 20.86 21.06 21.10 21.17 21.11 21.00 20.79 20.80 21.02 21.09 21.09 21.02 20.95 21.01 21.05 21.11 21.12 21.09 21.06 21.06 20.92 20.96 21.04 21.05 20.95 20.90 20.90 20.95 20.95 20.97 21.02 21.02 21.04 21.00 21.03 21.05 21.09 21.03 20.98 20.93 20.96 20.97 21.04 21.03 21.06 21.00 21.02 21.03 21.06 21.06 21.00 21.04 21.01 20.95 20.89 20.88 20.91 20.87 20.91 20.92 20.97 20.98 20.99 21.00 21.01 21.01 21.01 21.02 21.02 21.03 21.03 21.02 21.02
21.11 21.13 21.00 20.77 20.63 20.78 20.95 21.08 21.09 21.09 20.96 20.89 21.06 21.03 21.03 21.02 20.87 21.04 21.05 21.05 21.03 21.04 21.02 21.03 21.06 21.00 21.04 21.08 21.03 20.93 20.83 20.99 21.07 21.04 21.00 21.08 21.05 21.00 21.03 21.07 21.09 21.04 21.02 21.05 21.00 20.99 21.05 21.03 21.01 20.99 21.04 21.06 21.07 21.03 21.04 21.03 21.00 20.97 20.95 20.93 20.94 20.86 20.83 20.92 20.93 20.94 20.97 20.96 20.99 20.99 21.00 21.02 21.02 21.01 21.01 20.98 20.98
21.05 21.04 21.00 20.87 20.72 20.63 20.93 21.05 21.09 21.06 21.06 21.08 20.96 20.97 20.99 21.05 20.91 20.99 21.04 20.99 20.96 21.00 20.99 20.99 20.98 20.97 21.00 20.97 20.94 20.91 20.86 21.07 21.13 21.08 21.08 21.09 21.00 21.05 21.00 20.94 21.04 21.04 21.03 20.99 20.99 20.99 21.03 20.96 21.00 21.00 21.01 20.98 20.99 21.01 21.03 21.02 21.00 20.98 20.94 20.94 20.92 20.83 20.81 20.91 20.91 20.91 20.93 20.94 20.96 20.96 20.99 20.96 21.00 20.99 20.99 21.00 20.97
21.02 21.02 21.01 20.87 20.82 20.64 20.78 20.96 21.00 21.00 21.03 21.02 20.98 20.97 20.90 20.93 20.92 20.87 21.01 20.96 20.94 20.97 20.96 20.96 20.96 20.86 21.01 20.96 20.97 20.88 20.87 21.06 21.11 21.11 21.14 21.04 21.01 20.97 20.92 20.90 20.94 20.98 20.99 21.02 21.00 20.93 20.97 20.90 20.88 20.97 20.92 20.97 20.95 21.00 21.00 21.01 20.94 20.93 20.92 20.89 20.87 20.85 20.83 20.91 20.91 20.95 20.92 20.93 20.93 20.95 20.96 20.95 20.95 20.94 20.94 20.95 20.91
21.02 20.95 21.04 21.00 20.82 20.81 20.95 20.91 20.98 20.97 20.97 20.96 20.95 20.96 21.04 20.96 20.81 20.84 20.97 20.96 20.90 20.91 20.95 20.97 20.96 20.79 20.93 20.93 20.94 20.84 20.84 20.96 21.02 21.10 21.05 20.99 21.01 21.03 20.94 20.87 20.85 20.93 20.99 20.95 20.91 20.88 20.91 20.89 20.91 20.88 20.91 20.92 20.93 20.95 20.96 20.96 20.89 20.87 20.90 20.92 20.92 20.91 20.80 20.89 20.88 20.89 20.91 20.93 20.92 20.94 20.93 20.92 20.93 20.92 20.91 20.92 20.90
20.93 20.87 20.90 20.86 20.78 20.79 20.98 21.03 20.97 20.96 20.89 20.87 20.85 20.91 20.97 21.01 20.93 20.79 20.90 20.94 20.86 20.85 20.93 20.91 20.83 20.74 20.78 20.80 20.78 20.94 20.81 20.87 21.01 21.12 20.98 21.03 21.00 20.97 20.96 20.95 20.89 20.85 20.95 20.94 20.83 20.84 20.90 20.90 20.89 20.87 20.85 20.88 20.95 20.93 20.94 20.89 20.80 20.81 20.83 20.84 20.86 20.84 20.81 20.85 20.87 20.87 20.87 20.88 20.90 20.93 20.92 20.90 20.90 20.91 20.90 20.89 20.89
20.81 20.78 20.90 20.78 20.84 20.99 20.94 20.97 20.97 20.94 20.89 20.81 20.82 20.85 20.85 20.87 20.88 20.71 20.82 20.93 20.94 20.82 20.95 20.83 20.85 20.74 20.72 20.86 20.87 20.86 20.94 20.96 21.07 21.09 20.97 21.01 20.97 20.92 20.94 20.94 20.92 20.88 20.85 20.89 20.93 20.92 20.90 20.88 20.88 20.91 20.85 20.90 20.92 20.92 20.89 20.89 20.82 20.73 20.78 20.76 20.82 20.81 20.82 20.87 20.88 20.87 20.87 20.88 20.88 20.89 20.91 20.88 20.85 20.86 20.88 20.92 20.90
20.72 20.73 20.68 20.56 20.72 20.96 20.94 20.92 20.88 20.92 20.87 20.86 20.75 20.77 20.84 20.86 20.89 20.75 20.61 20.89 20.95 20.83 20.87 20.77 20.73 20.74 20.73 20.77 20.94 20.91 20.87 20.96 21.02 21.10 20.98 21.05 21.01 20.95 20.92 20.91 20.89 20.90 20.95 20.95 20.98 20.96 20.94 20.84 20.83 20.86 20.87 20.90 20.92 20.94 20.89 20.78 20.82 20.79 20.75 20.71 20.72 20.78 20.86 20.87 20.88 20.87 20.87 20.85 20.85 20.87 20.87 20.86 20.87 20.86 20.85 20.88 20.89
20.66 20.72 20.31 20.26 20.68 20.92 20.82 20.85 20.79 20.86 20.88 20.85 20.81 20.81 20.84 20.79 20.75 20.64 20.76 20.73 20.86 20.88 20.78 20.90 20.76 20.79 20.73 20.86 20.91 20.90 20.92 20.98 21.02 21.06 21.01 21.07 21.02 20.95 20.92 20.93 20.94 20.91 20.92 20.93 20.92 20.92 20.91 20.85 20.86 20.88 20.84 20.85 20.88 20.91 20.87 20.88 20.89 20.89 20.79 20.68 20.73 20.74 20.85 20.84 20.84 20.83 20.86 20.84 20.85 20.87 20.86 20.83 20.85 20.85 20.87 20.87 20.85
20.69 20.55 20.46 20.53 20.62 20.88 20.81 20.78 20.86 20.87 20.84 20.82 20.81 20.83 20.81 20.76 20.73 20.82 20.87 20.77 20.67 20.85 20.69 20.88 20.85 20.78 20.76 20.80 20.81 20.74 20.81 20.93 20.96 21.00 21.04 21.01 20.96 20.97 20.97 20.92 20.90 20.96 20.93 20.89 20.89 20.91 20.87 20.82 20.81 20.83 20.85 20.87 20.87 20.86 20.88 20.92 20.92 20.87 20.78 20.69 20.64 20.59 20.70 20.81 20.83 20.81 20.84 20.84 20.85 20.87 20.82 20.81 20.85 20.84 20.84 20.88 20.83
20.71 20.54 20.40 20.56 20.82 20.69 20.66 20.69 20.85 20.81 20.83 20.82 20.80 20.83 20.84 20.78 20.81 20.77 20.81 20.74 20.67 20.84 20.69 20.66 20.60 20.77 20.69 20.89 20.94 20.94 20.83 20.84 20.87 20.87 20.96 20.94 20.91 20.94 20.92 20.93 20.90 20.82 20.85 20.87 20.89 20.88 20.93 20.84 20.77 20.83 20.83 20.84 20.84 20.89 20.84 20.87 20.90 20.87 20.84 20.73 20.59 20.54 20.71 20.80 20.81 20.81 20.81 20.79 20.80 20.83 20.83 20.83 20.85 20.83 20.83 20.82 20.82
20.66 20.61 20.62 20.75 20.84 20.62 20.56 20.58 20.78 20.70 20.79 20.73 20.80 20.81 20.78 20.81 20.81 20.80 20.65 20.68 20.64 20.87 20.70 20.72 20.63 20.57 20.69 20.87 20.89 20.92 20.94 20.95 20.92 20.90 20.88 20.95 20.89 20.95 20.93 20.84 20.75 20.89 20.88 20.80 20.82 20.83 20.84 20.80 20.79 20.85 20.88 20.82 20.81 20.85 20.81 20.84 20.82 20.83 20.81 20.78 20.69 20.66 20.69 20.78 20.78 20.83 20.78 20.76 20.77 20.80 20.82 20.83 20.83 20.82 20.83 20.84 20.81
20.55 20.59 20.62 20.75 20.86 20.69 20.57 20.50 20.69 20.75 20.62 20.58 20.78 20.80 20.78 20.78 20.79 20.78 20.64 20.58 20.60 20.80 20.80 20.72 20.52 20.56 20.80 20.93 20.87 20.90 20.93 20.83 20.84 20.92 20.86 20.85 20.85 20.93 20.93 20.93 20.84 20.74 20.70 20.75 20.82 20.78 20.78 20.74 20.79 20.83 20.88 20.86 20.82 20.77 20.79 20.81 20.78 20.76 20.78 20.73 20.68 20.72 20.70 20.76 20.76 20.78 20.76 20.69 20.78 20.79 20.76 20.80 20.81 20.83 20.83 20.82 20.79
20.67 20.72 20.90 20.88 20.89 20.76 20.66 20.57 20.59 20.71 20.72 20.46 20.51 20.73 20.80 20.74 20.78 20.75 20.67 20.56 20.57 20.84 20.71 20.63 20.52 20.53 20.68 20.78 20.83 20.84 20.78 20.80 20.86 20.93 20.92 20.86 20.81 20.92 20.94 20.94 20.82 20.74 20.68 20.74 20.85 20.80 20.75 20.74 20.80 20.83 20.81 20.76 20.78 20.71 20.78 20.73 20.76 20.72 20.74 20.66 20.59 20.61 20.66 20.72 20.75 20.74 20.77 20.76 20.74 20.75 20.76 20.79 20.81 20.80 20.79 20.78 20.79
20.72 20.76 20.79 20.79 20.82 20.77 20.76 20.69 20.60 20.66 20.77 20.46 20.41 20.50 20.62 20.75 20.78 20.80 20.76 20.56 20.58 20.73 20.69 20.60 20.48 20.57 20.59 20.79 20.81 20.83 20.73 20.80 20.83 20.84 20.90 20.90 20.81 20.82 20.90 20.85 20.80 20.68 20.67 20.70 20.84 20.77 20.71 20.66 20.76 20.79 20.79 20.77 20.76 20.66 20.75 20.65 20.65 20.65 20.55 20.55 20.54 20.55 20.62 20.67 20.68 20.67 20.72 20.73 20.75 20.73 20.73 20.76 20.80 20.78 20.80 20.77 20.74
20.69 20.73 20.79 20.74 20.75 20.73 20.73 20.74 20.71 20.65 20.71 20.53 20.48 20.47 20.51 20.66 20.72 20.78 20.79 20.65 20.59 20.62 20.71 20.70 20.76 20.62 20.60 20.70 20.73 20.73 20.65 20.75 20.76 20.88 20.89 20.84 20.80 20.68 20.80 20.70 20.57 20.63 20.62 20.71 20.80 20.81 20.68 20.62 20.65 20.84 20.79 20.79 20.75 20.71 20.66 20.64 20.65 20.54 20.51 20.49 20.50 20.57 20.62 20.63 20.65 20.67 20.71 20.69 20.71 20.72 20.73 20.76 20.74 20.77 20.79 20.76 20.76
20.88 20.81 20.56 20.68 20.70 20.73 20.67 20.68 20.77 20.81 20.77 20.58 20.46 20.47 20.60 20.46 20.62 20.80 20.72 20.57 20.63 20.76 20.73 20.74 20.70 20.67 20.72 20.71 20.75 20.70 20.67 20.77 20.89 20.90 20.82 20.82 20.82 20.73 20.72 20.51 20.58 20.68 20.72 20.77 20.82 20.82 20.67 20.62 20.68 20.80 20.77 20.80 20.77 20.74 20.76 20.71 20.66 20.59 20.51 20.50 20.44 20.48 20.60 20.63 20.68 20.69 20.66 20.64 20.68 20.69 20.70 20.72 20.74 20.74 20.76 20.75 20.77
20.77 20.59 20.52 20.67 20.70 20.68 20.65 20.65 20.70 20.67 20.70 20.60 20.43 20.46 20.69 20.97 20.60 20.75 20.63 20.54 20.53 20.69 20.72 20.65 20.66 20.68 20.68 20.69 20.72 20.64 20.60 20.75 20.75 20.84 20.83 20.79 20.76 20.71 20.59 20.47 20.43 20.61 20.72 20.77 20.77 20.71 20.60 20.62 20.69 20.79 20.72 20.75 20.76 20.77 20.72 20.67 20.63 20.57 20.57 20.54 20.46 20.44 20.56 20.64 20.65 20.64 20.67 20.69 20.68 20.68 20.69 20.68 20.75 20.76 20.77 20.71 20.71
20.61 20.58 20.49 20.53 20.62 20.66 20.60 20.61 20.66 20.67 20.67 20.57 20.57 20.55 20.61 20.66 20.77 20.62 20.55 20.71 20.54 20.70 20.70 20.64 20.62 20.71 20.72 20.65 20.66 20.63 20.72 20.77 20.69 20.70 20.81 20.80 20.77 20.73 20.63 20.47 20.35 20.63 20.77 20.72 20.71 20.70 20.54 20.54 20.73 20.74 20.68 20.68 20.69 20.73 20.72 20.62 20.60 20.54 20.71 20.66 20.64 20.60 20.57 20.62 20.67 20.66 20.65 20.64 20.66 20.65 20.65 20.68 20.74 20.71 20.76 20.74 20.73
20.65 20.60 20.44 20.45 20.48 20.65 20.60 20.62 20.60 20.66 20.65 20.53 20.47 20.51 20.56 20.59 20.58 20.49 20.51 20.59 20.60 20.72 20.78 20.80 20.72 20.78 20.74 20.65 20.67 20.70 20.79 20.75 20.69 20.65 20.67 20.66 20.66 20.66 20.68 20.50 20.48 20.63 20.72 20.71 20.60 20.57 20.52 20.62 20.74 20.75 20.71 20.62 20.61 20.60 20.62 20.55 20.56 20.57 20.64 20.64 20.62 20.64 20.57 20.62 20.68 20.63 20.58 20.61 20.63 20.62 20.62 20.68 20.70 20.68 20.70 20.71 20.70
20.67 20.53 20.45 20.43 20.57 20.63 20.65 20.62 20.58 20.65 20.52 20.51 20.41 20.45 20.45 20.56 20.51 20.56 20.61 20.70 20.63 20.71 20.79 20.79 20.78 20.79 20.64 20.55 20.68 20.70 20.72 20.60 20.72 20.69 20.68 20.74 20.68 20.62 20.68 20.50 20.55 20.62 20.66 20.66 20.59 20.53 20.54 20.65 20.70 20.68 20.68 20.63 20.65 20.58 20.53 20.53 20.55 20.62 20.66 20.63 20.59 20.62 20.60 20.59 20.62 20.55 20.50 20.56 20.62 20.64 20.66 20.68 20.68 20.65 20.69 20.71 20.71
20.56 20.56 20.51 20.53 20.48 20.59 20.61 20.56 20.53 20.56 20.31 20.55 20.47 20.36 20.49 20.70 20.56 20.60 20.77 20.69 20.67 20.64 20.72 20.73 20.72 20.74 20.62 20.68 20.62 20.60 20.57 20.62 20.71 20.66 20.61 20.73 20.67 20.71 20.67 20.54 20.46 20.58 20.64 20.56 20.58 20.54 20.54 20.63 20.65 20.60 20.62 20.59 20.57 20.51 20.43 20.50 20.57 20.56 20.61 20.69 20.67 20.70 20.66 20.65 20.56 20.60 20.54 20.46 20.54 20.61 20.64 20.66 20.67 20.63 20.69 20.68 20.69
20.50 20.50 20.48 20.61 20.58 20.47 20.45 20.55 20.37 20.40 20.40 20.50 20.49 20.35 20.44 20.67 20.65 20.63 20.56 20.54 20.61 20.68 20.77 20.73 20.79 20.84 20.87 20.89 20.67 20.72 20.72 20.81 20.77 20.68 20.70 20.71 20.63 20.62 20.65 20.63 20.46 20.58 20.62 20.55 20.58 20.58 20.60 20.58 20.58 20.61 20.53 20.45 20.45 20.51 20.51 20.62 20.61 20.60 20.63 20.64 20.67 20.65 20.66 20.65 20.68 20.65 20.60 20.52 20.53 20.55 20.59 20.63 20.61 20.61 20.67 20.66 20.66
20.54 20.44 20.48 20.51 20.50 20.30 20.48 20.40 20.36 20.48 20.37 20.46 20.37 20.37 20.53 20.68 20.66 20.59 20.42 20.48 20.63 20.73 20.76 20.74 20.78 20.79 20.75 20.78 20.71 20.65 20.74 20.75 20.73 20.70 20.68 20.70 20.63 20.57 20.59 20.64 20.49 20.53 20.62 20.55 20.59 20.60 20.62 20.61 20.60 20.56 20.48 20.45 20.41 20.56 20.51 20.62 20.65 20.65 20.61 20.60 20.68 20.64 20.64 20.65 20.63 20.64 20.63 20.61 20.51 20.49 20.56 20.56 20.59 20.60 20.62 20.64 20.63
20.40 20.24 20.41 20.29 20.34 20.14 20.26 20.40 20.42 20.46 20.55 20.57 20.62 20.62 20.61 20.61 20.59 20.59 20.37 20.47 20.54 20.70 20.70 20.66 20.69 20.76 20.76 20.71 20.61 20.60 20.65 20.76 20.68 20.69 20.65 20.64 20.59 20.58 20.55 20.53 20.47 20.53 20.58 20.56 20.59 20.59 20.60 20.64 20.60 20.48 20.52 20.51 20.53 20.60 20.52 20.58 20.61 20.67 20.63 20.62 20.65 20.66 20.69 20.66 20.62 20.60 20.64 20.59 20.56 20.49 20.50 20.49 20.51 20.55 20.56 20.62 20.61
19.98 20.09 20.10 20.37 20.28 20.26 20.32 20.40 20.38 20.42 20.47 20.63 20.46 20.37 20.49 20.57 20.56 20.55 20.49 20.59 20.46 20.64 20.61 20.62 20.74 20.70 20.70 20.69 20.52 20.57 20.67 20.61 20.70 20.72 20.67 20.61 20.59 20.54 20.58 20.60 20.54 20.51 20.51 20.55 20.57 20.52 20.49 20.56 20.52 20.47 20.52 20.55 20.63 20.55 20.49 20.52 20.63 20.67 20.59 20.57 20.58 20.61 20.66 20.69 20.61 20.60 20.58 20.59 20.55 20.50 20.51 20.51 20.49 20.54 20.54 20.56 20.56
19.92 20.09 20.09 20.31 20.19 20.48 20.47 20.43 20.38 20.33 20.45 20.62 20.49 20.24 20.42 20.56 20.49 20.43 20.55 20.60 20.55 20.59 20.62 20.63 20.69 20.65 20.62 20.60 20.56 20.57 20.58 20.48 20.62 20.64 20.69 20.66 20.52 20.50 20.53 20.58 20.53 20.48 20.51 20.53 20.53 20.51 20.46 20.47 20.52 20.55 20.57 20.58 20.60 20.61 20.61 20.53 20.56 20.69 20.56 20.57 20.55 20.57 20.60 20.66 20.59 20.57 20.56 20.56 20.56 20.50 20.48 20.50 20.51 20.53 20.51 20.53 20.53
20.05 20.06 20.00 20.12 20.27 20.42 20.48 20.39 20.41 20.35 20.31 20.49 20.45 20.30 20.44 20.58 20.54 20.53 20.61 20.65 20.54 20.50 20.63 20.72 20.72 20.71 20.68 20.62 20.58 20.55 20.40 20.64 20.70 20.66 20.67 20.61 20.55 20.49 20.54 20.58 20.49 20.50 20.53 20.54 20.54 20.52 20.51 20.50 20.48 20.53 20.56 20.59 20.57 20.54 20.51 20.50 20.53 20.52 20.53 20.52 20.52 20.54 20.57 20.67 20.65 20.56 20.55 20.54 20.53 20.48 20.46 20.46 20.50 20.50 20.48 20.48 20.50
20.16 20.14 20.02 20.12 20.24 20.36 20.34 20.26 20.26 20.27 20.29 20.41 20.32 20.34 20.38 20.37 20.37 20.54 20.56 20.53 20.49 20.48 20.62 20.70 20.65 20.65 20.56 20.60 20.55 20.48 20.43 20.57 20.58 20.56 20.57 20.55 20.57 20.56 20.40 20.53 20.47 20.53 20.54 20.57 20.59 20.51 20.50 20.36 20.44 20.55 20.61 20.64 20.60 20.61 20.59 20.52 20.51 20.44 20.40 20.41 20.54 20.52 20.53 20.60 20.57 20.54 20.49 20.48 20.48 20.46 20.41 20.38 20.44 20.43 20.48 20.46 20.41
20.13 20.02 20.04 20.08 20.22 20.26 20.31 20.27 20.22 20.38 20.36 20.34 20.29 20.33 20.28 20.26 20.42 20.53 20.54 20.54 20.32 20.46 20.60 20.65 20.65 20.63 20.63 20.64 20.54 20.52 20.52 20.63 20.49 20.57 20.56 20.47 20.49 20.57 20.50 20.46 20.48 20.51 20.62 20.57 20.52 20.49 20.44 20.48 20.51 20.53 20.56 20.59 20.55 20.58 20.59 20.51 20.50 20.38 20.38 20.44 20.52 20.48 20.49 20.56 20.55 20.52 20.47 20.50 20.46 20.48 20.40 20.41 20.44 20.44 20.45 20.42 20.35
20.14 20.24 20.12 20.02 19.98 20.24 20.17 20.11 20.21 20.37 20.22 20.23 20.23 20.13 20.17 20.39 20.48 20.48 20.54 20.49 20.43 20.46 20.49 20.56 20.58 20.54 20.54 20.53 20.50 20.52 20.55 20.57 20.51 20.59 20.52 20.46 20.46 20.49 20.50 20.47 20.45 20.45 20.45 20.52 20.44 20.49 20.47 20.49 20.48 20.48 20.53 20.56 20.54 20.52 20.50 20.51 20.50 20.53 20.41 20.47 20.45 20.48 20.48 20.49 20.50 20.48 20.51 20.47 20.47 20.46 20.45 20.46 20.46 20.41 20.39 20.40 20.41
19.92 19.95 19.82 19.91 20.07 20.09 20.14 20.21 20.23 20.17 20.03 20.10 20.10 20.07 20.19 20.36 20.41 20.44 20.52 20.53 20.53 20.45 20.44 20.64 20.59 20.58 20.58 20.50 20.47 20.52 20.59 20.53 20.54 20.56 20.51 20.47 20.42 20.45 20.44 20.45 20.47 20.47 20.43 20.42 20.49 20.50 20.45 20.46 20.49 20.50 20.51 20.53 20.53 20.50 20.45 20.49 20.53 20.48 20.37 20.35 20.46 20.42 20.50 20.44 20.41 20.43 20.54 20.48 20.43 20.47 20.44 20.50 20.43 20.39 20.39 20.39 20.44
19.85 19.81 19.78 19.97 20.00 19.90 19.89 20.00 19.96 19.95 19.96 20.06 20.06 20.01 20.03 20.24 20.25 20.27 20.40 20.47 20.47 20.38 20.44 20.54 20.61 20.53 20.51 20.49 20.47 20.49 20.50 20.50 20.57 20.53 20.51 20.46 20.45 20.44 20.48 20.41 20.45 20.47 20.49 20.51 20.47 20.48 20.45 20.46 20.46 20.49 20.52 20.56 20.55 20.53 20.44 20.46 20.44 20.45 20.33 20.32 20.41 20.45 20.45 20.38 20.39 20.39 20.47 20.49 20.47 20.43 20.39 20.45 20.44 20.39 20.37 20.34 20.33
20.00 19.83 19.91 20.03 19.96 20.10 20.04 20.08 20.08 20.08 20.05 20.09 20.03 20.07 20.05 20.07 20.11 20.24 20.34 20.42 20.39 20.33 20.43 20.43 20.50 20.50 20.53 20.51 20.39 20.42 20.44 20.49 20.53 20.50 20.45 20.45 20.43 20.45 20.43 20.42 20.47 20.44 20.47 20.51 20.46 20.45 20.44 20.44 20.48 20.47 20.48 20.48 20.51 20.48 20.44 20.42 20.33 20.36 20.41 20.34 20.38 20.44 20.45 20.34 20.35 20.41 20.46 20.39 20.49 20.50 20.45 20.39 20.40 20.37 20.37 20.34 20.35
