main/data/irradiance/10.03.2023.grid
ncols 839
nrows 679
xllcenter 112.0500
yllcenter -43.9500
cellsize 0.0500
nodata_value 99999.90
[rows 340 to 373 of 679, columns 0 to 76 of 839]
99999.90 99999.90 99999.90 99999.90 99999.90 99999.90 99999.90 99999.90 99999.90 99999.90 99999.90 99999.90 99999.90 99999.90 99999.90 99999.90 99999.90 99999.90 99999.90 24.44 24.44 24.44 24.57 24.57 24.57 24.57 24.57 24.57 24.48 25.00 25.00 25.00 25.00 25.00 24.93 24.93 24.93 24.88 24.85 24.89 24.98 24.93 24.90 24.87 24.90 24.84 24.80 24.89 24.86 24.84 24.78 24.78 24.74 24.79 24.83 24.81 24.80 24.82 24.84 24.83 24.86 24.81 24.81 24.83 24.81 24.76 24.69 24.67 24.76 24.63 24.65 24.68 24.73 24.67 24.66 24.66 24.57
99999.90 99999.90 99999.90 99999.90 99999.90 99999.90 99999.90 99999.90 99999.90 99999.90 99999.90 99999.90 99999.90 99999.90 99999.90 99999.90 99999.90 99999.90 99999.90 99999.90 99999.90 24.45 24.57 24.57 24.57 24.57 24.57 24.48 25.00 25.00 25.00 25.00 24.93 24.93 24.93 24.93 24.93 24.98 24.89 24.85 24.87 24.88 24.83 24.83 24.81 24.83 24.83 24.87 24.88 24.80 24.78 24.81 24.87 24.83 24.85 24.84 24.83 24.78 24.82 24.80 24.80 24.81 24.79 24.76 24.74 24.73 24.54 24.61 24.64 24.58 24.59 24.63 24.62 24.62 24.69 24.65 24.54
99999.90 99999.90 99999.90 99999.90 99999.90 99999.90 99999.90 99999.90 99999.90 99999.90 99999.90 99999.90 99999.90 99999.90 99999.90 99999.90 99999.90 99999.90 99999.90 99999.90 99999.90 24.45 24.57 24.57 24.57 24.57 25.00 25.00 25.00 25.00 24.93 24.93 24.93 24.93 24.93 24.93 24.98 24.98 24.88 24.84 24.84 24.84 24.83 24.79 24.76 24.79 24.80 24.79 24.83 24.79 24.71 24.76 24.82 24.88 24.84 24.86 24.86 24.84 24.83 24.80 24.78 24.81 24.80 24.78 24.76 24.73 24.57 24.61 24.42 24.62 24.65 24.61 24.62 24.62 24.63 24.59 24.48
99999.90 99999.90 99999.90 99999.90 99999.90 99999.90 99999.90 99999.90 99999.90 99999.90 99999.90 99999.90 99999.90 99999.90 99999.90 99999.90 99999.90 99999.90 99999.90 99999.90 99999.90 99999.90 24.57 24.57 24.57 25.00 25.00 25.00 24.93 24.93 24.93 24.93 24.93 24.93 24.93 24.98 24.90 24.90 24.90 24.87 24.84 24.82 24.81 24.79 24.76 24.78 24.79 24.80 24.79 24.80 24.76 24.76 24.79 24.79 24.84 24.88 24.90 24.84 24.85 24.78 24.79 24.83 24.83 24.81 24.74 24.69 24.59 24.64 24.61 24.59 24.56 24.60 24.57 24.48 24.58 24.57 24.52
99999.90 99999.90 99999.90 99999.90 99999.90 99999.90 99999.90 99999.90 99999.90 99999.90 99999.90 99999.90 99999.90 99999.90 99999.90 99999.90 99999.90 99999.90 99999.90 99999.90 99999.90 99999.90 24.57 24.57 24.48 25.00 24.93 24.93 24.93 24.93 24.93 24.93 24.93 24.93 24.90 24.90 24.90 24.90 24.90 24.83 24.79 24.81 24.80 24.78 24.76 24.73 24.77 24.76 24.75 24.76 24.78 24.76 24.79 24.78 24.79 24.81 24.82 24.82 24.85 24.79 24.80 24.85 24.84 24.82 24.77 24.62 24.61 24.56 24.58 24.55 24.56 24.48 24.45 24.50 24.48 24.50 24.58
99999.90 99999.90 99999.90 99999.90 99999.90 99999.90 99999.90 99999.90 99999.90 99999.90 99999.90 99999.90 99999.90 99999.90 99999.90 99999.90 99999.90 99999.90 99999.90 99999.90 99999.90 99999.90 99999.90 24.48 24.48 25.00 24.93 24.93 24.93 24.93 24.93 24.93 24.90 24.90 24.90 24.90 24.90 24.90 24.83 24.83 24.76 24.78 24.75 24.73 24.70 24.72 24.74 24.65 24.72 24.73 24.85 24.85 24.83 24.79 24.76 24.79 24.76 24.78 24.82 24.78 24.79 24.82 24.78 24.73 24.62 24.49 24.45 24.50 24.53 24.56 24.48 24.46 24.52 24.52 24.40 24.43 24.47
99999.90 99999.90 99999.90 99999.90 99999.90 99999.90 99999.90 99999.90 99999.90 99999.90 99999.90 99999.90 99999.90 99999.90 99999.90 99999.90 99999.90 99999.90 99999.90 99999.90 99999.90 99999.90 99999.90 99999.90 24.86 25.00 24.93 24.93 24.93 24.93 24.93 24.90 24.90 24.90 24.90 24.90 24.90 24.83 24.82 24.82 24.82 24.71 24.74 24.68 24.65 24.68 24.65 24.59 24.68 24.71 24.82 24.79 24.83 24.83 24.75 24.74 24.79 24.77 24.77 24.75 24.75 24.75 24.78 24.76 24.65 24.51 24.52 24.46 24.46 24.51 24.48 24.52 24.48 24.43 24.35 24.45 24.42
99999.90 99999.90 99999.90 99999.90 99999.90 99999.90 99999.90 99999.90 99999.90 99999.90 99999.90 99999.90 99999.90 99999.90 99999.90 99999.90 99999.90 99999.90 99999.90 99999.90 99999.90 99999.90 99999.90 99999.90 99999.90 25.00 24.93 24.93 24.93 24.90 24.90 24.90 24.90 24.90 24.90 24.90 24.82 24.82 24.82 24.82 24.82 24.73 24.69 24.67 24.67 24.67 24.53 24.58 24.72 24.77 24.82 24.80 24.79 24.79 24.75 24.77 24.80 24.78 24.74 24.74 24.72 24.74 24.75 24.78 24.71 24.56 24.53 24.55 24.58 24.54 24.47 24.50 24.54 24.52 24.58 24.56 24.43
99999.90 99999.90 99999.90 99999.90 99999.90 99999.90 99999.90 99999.90 99999.90 99999.90 99999.90 99999.90 99999.90 99999.90 99999.90 99999.90 99999.90 99999.90 99999.90 99999.90 99999.90 99999.90 99999.90 99999.90 99999.90 25.00 24.93 24.93 24.90 24.90 24.90 24.90 24.90 24.90 24.82 24.82 24.82 24.82 24.82 24.73 24.73 24.73 24.72 24.67 24.66 24.64 24.54 24.65 24.71 24.76 24.77 24.71 24.69 24.72 24.71 24.75 24.75 24.77 24.76 24.74 24.71 24.69 24.72 24.74 24.67 24.53 24.50 24.53 24.53 24.50 24.53 24.47 24.52 24.50 24.54 24.42 24.47
99999.90 99999.90 99999.90 99999.90 99999.90 99999.90 99999.90 99999.90 99999.90 99999.90 99999.90 99999.90 99999.90 99999.90 99999.90 99999.90 99999.90 99999.90 99999.90 99999.90 99999.90 99999.90 99999.90 99999.90 99999.90 99999.90 24.93 24.93 24.90 24.90 24.90 24.90 24.90 24.82 24.82 24.82 24.82 24.73 24.73 24.73 24.73 24.73 24.67 24.65 24.60 24.52 24.56 24.60 24.69 24.74 24.75 24.68 24.60 24.66 24.67 24.75 24.73 24.76 24.79 24.71 24.67 24.66 24.69 24.70 24.50 24.51 24.44 24.45 24.44 24.46 24.55 24.50 24.47 24.44 24.53 24.44 24.42
99999.90 99999.90 99999.90 99999.90 99999.90 99999.90 99999.90 99999.90 99999.90 99999.90 99999.90 99999.90 99999.90 99999.90 99999.90 99999.90 99999.90 99999.90 99999.90 99999.90 99999.90 99999.90 99999.90 99999.90 99999.90 99999.90 24.93 24.93 24.90 24.90 24.90 24.82 24.82 24.82 24.82 24.73 24.73 24.73 24.73 24.73 24.62 24.62 24.62 24.49 24.46 24.44 24.65 24.67 24.60 24.74 24.76 24.72 24.66 24.62 24.74 24.75 24.75 24.73 24.73 24.67 24.66 24.59 24.61 24.59 24.53 24.51 24.50 24.42 24.43 24.44 24.46 24.47 24.53 24.54 24.47 24.32 24.37
99999.90 99999.90 99999.90 99999.90 99999.90 99999.90 99999.90 99999.90 99999.90 99999.90 99999.90 99999.90 99999.90 99999.90 99999.90 99999.90 99999.90 99999.90 99999.90 99999.90 99999.90 99999.90 99999.90 99999.90 99999.90 99999.90 99999.90 24.98 24.90 24.90 24.82 24.82 24.82 24.73 24.73 24.73 24.73 24.73 24.71 24.71 24.71 24.71 24.71 24.14 24.30 24.61 24.69 24.86 24.72 24.74 24.73 24.77 24.72 24.72 24.69 24.72 24.77 24.72 24.63 24.63 24.68 24.55 24.38 24.34 24.49 24.52 24.45 24.44 24.46 24.51 24.50 24.52 24.48 24.42 24.40 24.38 24.31
99999.90 99999.90 99999.90 99999.90 99999.90 99999.90 99999.90 99999.90 99999.90 99999.90 99999.90 99999.90 99999.90 99999.90 99999.90 99999.90 99999.90 99999.90 99999.90 99999.90 99999.90 99999.90 99999.90 99999.90 99999.90 99999.90 99999.90 99999.90 24.90 24.90 24.82 24.73 24.73 24.73 24.60 24.60 24.60 24.60 24.60 24.60 24.60 24.60 24.60 24.20 24.59 24.65 24.71 24.77 24.72 24.76 24.69 24.78 24.79 24.74 24.68 24.73 24.71 24.65 24.63 24.60 24.57 24.46 23.91 24.02 24.17 24.27 24.43 24.49 24.39 24.42 24.52 24.54 24.54 24.44 24.43 24.12 24.15
99999.90 99999.90 99999.90 99999.90 99999.90 99999.90 99999.90 99999.90 99999.90 99999.90 99999.90 99999.90 99999.90 99999.90 99999.90 99999.90 99999.90 99999.90 99999.90 99999.90 99999.90 99999.90 99999.90 99999.90 99999.90 99999.90 99999.90 99999.90 24.90 24.90 24.82 24.73 24.44 24.44 24.44 24.44 24.44 24.44 24.44 24.44 24.44 24.44 24.44 24.22 24.58 24.63 24.65 24.74 24.76 24.84 24.80 24.78 24.70 24.64 24.62 24.70 24.70 24.58 24.66 24.59 24.36 24.27 23.98 23.79 24.17 24.19 24.30 24.40 24.41 24.46 24.55 24.51 24.48 24.42 24.19 24.17 24.27
99999.90 99999.90 99999.90 99999.90 99999.90 99999.90 99999.90 99999.90 99999.90 99999.90 99999.90 99999.90 99999.90 99999.90 99999.90 99999.90 99999.90 99999.90 99999.90 99999.90 99999.90 99999.90 99999.90 99999.90 99999.90 99999.90 99999.90 99999.90 99999.90 24.83 24.82 24.73 24.35 24.35 24.35 24.35 24.35 24.35 24.35 24.35 24.35 24.35 24.35 24.41 24.45 24.59 24.56 24.59 24.68 24.78 24.79 24.70 24.55 24.64 24.61 24.59 24.55 24.61 24.56 24.48 24.33 24.25 23.99 23.76 24.06 24.17 24.21 24.11 24.22 24.30 24.42 24.38 24.24 24.10 24.07 24.24 24.32
99999.90 99999.90 99999.90 99999.90 99999.90 99999.90 99999.90 99999.90 99999.90 99999.90 99999.90 99999.90 99999.90 99999.90 99999.90 99999.90 99999.90 99999.90 99999.90 99999.90 99999.90 99999.90 99999.90 99999.90 99999.90 99999.90 99999.90 99999.90 99999.90 99999.90 24.82 24.73 24.03 24.03 24.03 24.03 24.03 24.03 24.03 24.03 24.03 24.03 24.03 24.20 24.26 24.32 24.44 24.45 24.44 24.60 24.64 24.66 24.61 24.55 24.64 24.53 24.55 24.57 24.60 24.62 24.56 24.24 23.74 24.06 23.98 24.02 24.03 23.96 23.91 24.00 24.11 24.04 24.02 23.97 24.04 24.22 24.26
99999.90 99999.90 99999.90 99999.90 99999.90 99999.90 99999.90 99999.90 99999.90 99999.90 99999.90 99999.90 99999.90 99999.90 99999.90 99999.90 99999.90 99999.90 99999.90 99999.90 99999.90 99999.90 99999.90 99999.90 99999.90 99999.90 99999.90 99999.90 99999.90 99999.90 24.82 24.73 24.13 24.13 24.13 24.13 24.13 24.13 24.13 24.13 24.13 24.13 24.13 24.16 24.27 24.39 24.45 24.52 24.50 24.44 24.56 24.54 24.62 24.67 24.73 24.36 24.46 24.47 24.55 24.58 24.51 24.01 23.77 24.03 24.06 24.09 24.20 24.00 23.89 23.96 24.02 23.97 24.00 24.07 24.03 24.20 24.15
99999.90 99999.90 99999.90 99999.90 99999.90 99999.90 99999.90 99999.90 99999.90 99999.90 99999.90 99999.90 99999.90 99999.90 99999.90 99999.90 99999.90 99999.90 99999.90 99999.90 99999.90 99999.90 99999.90 99999.90 99999.90 99999.90 99999.90 99999.90 99999.90 99999.90 99999.90 24.73 24.21 24.21 24.21 24.21 24.21 24.21 24.21 24.21 24.21 24.21 24.21 24.28 24.06 24.50 24.61 24.63 24.59 24.55 24.56 24.58 24.69 24.66 24.50 24.52 24.64 24.55 24.59 24.47 24.36 24.04 23.85 23.89 24.21 24.11 24.06 23.99 23.96 24.06 24.14 24.16 24.18 24.30 24.16 24.17 24.18
99999.90 99999.90 99999.90 99999.90 99999.90 99999.90 99999.90 99999.90 99999.90 99999.90 99999.90 99999.90 99999.90 99999.90 99999.90 99999.90 99999.90 99999.90 99999.90 99999.90 99999.90 99999.90 99999.90 99999.90 99999.90 99999.90 99999.90 99999.90 99999.90 99999.90 99999.90 24.73 23.91 23.91 23.91 23.91 23.91 23.91 23.91 23.91 23.91 23.91 23.91 24.18 24.14 24.41 24.62 24.68 24.68 24.55 24.66 24.70 24.65 24.54 24.51 24.53 24.63 24.62 24.70 24.50 24.28 24.13 23.94 24.09 24.10 23.96 23.98 24.00 24.08 24.12 24.21 24.28 24.29 24.41 24.26 24.25 24.13
99999.90 99999.90 99999.90 99999.90 99999.90 99999.90 99999.90 99999.90 99999.90 99999.90 99999.90 99999.90 99999.90 99999.90 99999.90 99999.90 99999.90 99999.90 99999.90 99999.90 99999.90 99999.90 99999.90 99999.90 99999.90 99999.90 99999.90 99999.90 99999.90 99999.90 99999.90 99999.90 23.95 23.95 23.95 23.95 23.95 23.95 23.95 23.95 23.95 23.95 23.95 24.00 24.28 24.35 24.46 24.54 24.73 24.67 24.75 24.76 24.79 24.48 24.54 24.44 24.70 24.75 24.85 24.66 24.54 24.08 23.92 23.99 23.98 24.04 24.05 24.17 24.18 24.19 24.19 24.35 24.35 24.41 24.25 24.16 24.06
99999.90 99999.90 99999.90 99999.90 99999.90 99999.90 99999.90 99999.90 99999.90 99999.90 99999.90 99999.90 99999.90 99999.90 99999.90 99999.90 99999.90 99999.90 99999.90 99999.90 99999.90 99999.90 99999.90 99999.90 99999.90 99999.90 99999.90 99999.90 99999.90 99999.90 99999.90 99999.90 23.95 23.95 23.95 23.95 23.95 23.95 23.95 23.95 23.95 23.95 23.95 23.62 24.16 24.27 24.47 24.58 24.53 24.60 24.49 24.56 24.60 24.60 24.53 24.47 24.62 24.69 24.61 24.47 24.19 24.31 24.00 23.66 23.86 23.97 24.22 24.37 24.27 24.42 24.40 24.48 24.44 24.27 24.15 24.06 24.04
99999.90 99999.90 99999.90 99999.90 99999.90 99999.90 99999.90 99999.90 99999.90 99999.90 99999.90 99999.90 99999.90 99999.90 99999.90 99999.90 99999.90 99999.90 99999.90 99999.90 99999.90 99999.90 99999.90 99999.90 99999.90 99999.90 99999.90 99999.90 99999.90 99999.90 99999.90 99999.90 23.95 23.95 23.95 23.95 23.95 23.95 23.95 23.95 23.95 23.34 23.34 23.34 23.51 23.78 23.85 24.29 24.26 24.45 24.55 24.48 24.49 24.43 24.45 24.41 24.35 24.43 24.46 24.13 23.85 23.75 23.71 23.18 23.49 23.67 24.18 24.45 24.49 24.44 24.43 24.46 24.47 24.44 24.29 24.06 24.13
99999.90 99999.90 99999.90 99999.90 99999.90 99999.90 99999.90 99999.90 99999.90 99999.90 99999.90 99999.90 99999.90 99999.90 99999.90 99999.90 99999.90 99999.90 99999.90 99999.90 99999.90 99999.90 99999.90 99999.90 99999.90 99999.90 99999.90 99999.90 99999.90 99999.90 99999.90 99999.90 23.95 23.95 23.95 23.95 23.95 23.95 23.95 23.34 23.34 23.34 23.34 23.34 22.71 23.77 23.60 23.87 24.16 24.10 24.63 24.58 24.54 24.50 24.51 24.43 24.34 24.19 24.39 24.31 23.95 23.42 23.37 23.32 23.54 23.77 24.04 24.30 24.34 24.37 24.39 24.44 24.45 24.30 24.22 24.23 24.24
99999.90 99999.90 99999.90 99999.90 99999.90 99999.90 99999.90 99999.90 99999.90 99999.90 99999.90 99999.90 99999.90 99999.90 99999.90 99999.90 99999.90 99999.90 99999.90 99999.90 99999.90 99999.90 99999.90 99999.90 99999.90 99999.90 99999.90 99999.90 99999.90 99999.90 99999.90 99999.90 23.95 23.95 23.95 23.95 23.95 23.34 23.34 23.34 23.34 23.34 23.34 22.71 22.71 23.88 23.63 23.97 23.96 24.13 24.44 24.61 24.60 24.47 24.41 24.44 24.41 24.22 24.22 24.23 23.81 23.64 23.65 23.54 23.78 24.10 24.24 24.42 24.41 24.36 24.40 24.37 24.32 24.30 24.32 24.31 24.32
99999.90 99999.90 99999.90 99999.90 99999.90 99999.90 99999.90 99999.90 99999.90 99999.90 99999.90 99999.90 99999.90 99999.90 99999.90 99999.90 99999.90 99999.90 99999.90 99999.90 99999.90 99999.90 99999.90 99999.90 99999.90 99999.90 99999.90 99999.90 99999.90 99999.90 99999.90 99999.90 23.95 23.95 23.95 23.34 23.34 23.34 23.34 23.34 23.34 23.34 22.71 22.71 23.88 23.88 24.05 23.94 23.84 24.11 24.31 24.50 24.33 24.45 24.46 24.41 24.25 23.97 24.16 24.48 24.40 23.94 23.71 23.50 23.67 24.16 24.37 24.38 24.34 24.30 24.33 24.37 24.41 24.39 24.35 24.31 24.36
99999.90 99999.90 99999.90 99999.90 99999.90 99999.90 99999.90 99999.90 99999.90 99999.90 99999.90 99999.90 99999.90 99999.90 99999.90 99999.90 99999.90 99999.90 99999.90 99999.90 99999.90 99999.90 99999.90 99999.90 99999.90 99999.90 99999.90 99999.90 99999.90 99999.90 99999.90 99999.90 23.95 23.34 23.34 23.34 23.34 23.34 23.34 23.34 23.34 22.71 22.71 23.88 23.88 24.05 24.05 24.14 23.77 23.64 24.04 24.35 24.24 24.24 24.14 24.13 24.11 24.35 24.37 24.39 24.52 24.22 24.03 23.83 23.89 23.89 24.34 24.32 24.21 24.23 24.20 24.23 24.28 24.24 24.44 24.32 24.32
99999.90 99999.90 99999.90 99999.90 99999.90 99999.90 99999.90 99999.90 99999.90 99999.90 99999.90 99999.90 99999.90 99999.90 99999.90 99999.90 99999.90 99999.90 99999.90 99999.90 99999.90 99999.90 99999.90 99999.90 99999.90 99999.90 99999.90 99999.90 99999.90 99999.90 99999.90 99999.90 23.95 23.34 23.34 23.34 23.34 23.34 23.34 23.34 22.71 22.71 23.88 23.88 24.05 24.41 24.41 24.41 23.73 23.40 23.54 23.97 24.06 24.17 24.07 24.06 24.18 24.26 24.35 24.08 24.31 24.33 24.49 24.07 23.94 23.77 23.82 24.02 24.10 24.05 24.07 24.16 24.16 24.23 24.41 24.38 24.39
99999.90 99999.90 99999.90 99999.90 99999.90 99999.90 99999.90 99999.90 99999.90 99999.90 99999.90 99999.90 99999.90 99999.90 99999.90 99999.90 99999.90 99999.90 99999.90 99999.90 99999.90 99999.90 99999.90 99999.90 99999.90 99999.90 99999.90 99999.90 99999.90 99999.90 99999.90 99999.90 23.95 23.34 23.34 23.34 23.34 23.34 23.34 22.71 22.71 23.88 23.88 24.41 24.41 24.41 24.41 24.41 24.29 23.85 23.52 23.67 24.17 24.15 24.39 24.22 24.08 23.97 24.10 24.40 24.21 24.05 24.35 23.81 24.18 24.05 23.61 23.72 23.64 23.83 23.92 24.14 24.04 24.39 24.45 24.43 24.38
99999.90 99999.90 99999.90 99999.90 99999.90 99999.90 99999.90 99999.90 99999.90 99999.90 99999.90 99999.90 99999.90 99999.90 99999.90 99999.90 99999.90 99999.90 99999.90 99999.90 99999.90 99999.90 99999.90 99999.90 99999.90 99999.90 99999.90 99999.90 99999.90 99999.90 99999.90 99999.90 23.95 23.34 23.34 23.34 23.34 23.34 22.71 22.71 23.88 24.41 24.41 24.41 24.41 24.41 24.41 24.29 24.29 24.11 23.21 23.75 24.20 24.11 24.45 24.29 24.28 23.94 24.26 24.43 24.24 23.48 24.05 23.78 23.66 23.72 23.46 23.58 23.69 23.68 23.95 24.08 24.25 24.10 24.09 24.24 24.30
99999.90 99999.90 99999.90 99999.90 99999.90 99999.90 99999.90 99999.90 99999.90 99999.90 99999.90 99999.90 99999.90 99999.90 99999.90 99999.90 99999.90 99999.90 99999.90 99999.90 99999.90 99999.90 99999.90 99999.90 99999.90 99999.90 99999.90 99999.90 99999.90 99999.90 99999.90 99999.90 23.95 23.34 23.34 23.34 23.34 22.71 22.71 23.88 24.41 24.41 24.41 24.41 24.41 24.41 24.29 24.29 24.11 24.11 23.47 23.30 23.94 23.86 24.16 24.22 24.18 23.93 24.49 24.37 24.14 23.51 23.72 23.57 23.31 23.23 23.75 23.85 23.77 23.85 23.95 24.19 24.13 24.29 24.17 24.04 24.29
99999.90 99999.90 99999.90 99999.90 99999.90 99999.90 99999.90 99999.90 99999.90 99999.90 99999.90 99999.90 99999.90 99999.90 99999.90 99999.90 99999.90 99999.90 99999.90 99999.90 99999.90 99999.90 99999.90 99999.90 99999.90 99999.90 99999.90 99999.90 99999.90 99999.90 99999.90 99999.90 99999.90 23.34 23.34 23.34 22.71 22.71 24.41 24.41 24.41 24.41 24.41 24.41 24.41 24.29 24.29 24.11 23.86 23.86 23.86 23.53 23.56 23.68 23.99 24.14 24.22 24.07 24.25 24.14 23.62 23.33 23.50 23.08 23.30 23.31 23.39 23.69 23.72 23.88 24.09 24.18 24.19 24.09 23.92 23.88 23.99
99999.90 99999.90 99999.90 99999.90 99999.90 99999.90 99999.90 99999.90 99999.90 99999.90 99999.90 99999.90 99999.90 99999.90 99999.90 99999.90 99999.90 99999.90 99999.90 99999.90 99999.90 99999.90 99999.90 99999.90 99999.90 99999.90 99999.90 99999.90 99999.90 99999.90 99999.90 99999.90 99999.90 23.34 23.34 22.71 22.71 24.41 24.41 24.41 24.41 24.41 24.41 24.41 24.29 24.29 23.86 23.86 23.86 23.86 23.86 23.58 23.23 23.35 23.91 24.05 24.01 24.29 24.23 23.92 23.75 23.85 23.71 23.55 23.45 23.23 23.44 23.80 23.55 23.68 24.07 24.06 23.98 24.08 23.86 23.70 24.08
99999.90 99999.90 99999.90 99999.90 99999.90 99999.90 99999.90 99999.90 99999.90 99999.90 99999.90 99999.90 99999.90 99999.90 99999.90 99999.90 99999.90 99999.90 99999.90 99999.90 99999.90 99999.90 99999.90 99999.90 99999.90 99999.90 99999.90 99999.90 99999.90 99999.90 99999.90 99999.90 99999.90 99999.90 22.71 22.71 23.88 24.41 24.41 24.41 24.41 24.41 24.41 24.29 23.86 23.86 23.86 23.86 23.86 23.44 23.44 23.44 22.81 23.22 23.31 23.82 24.04 24.24 23.93 24.00 23.63 23.58 23.43 23.52 23.76 23.63 23.56 23.77 23.65 23.57 23.80 23.96 23.95 23.99 24.20 24.20 23.99
99999.90 99999.90 99999.90 99999.90 99999.90 99999.90 99999.90 99999.90 99999.90 99999.90 99999.90 99999.90 99999.90 99999.90 99999.90 99999.90 99999.90 99999.90 99999.90 99999.90 99999.90 99999.90 99999.90 99999.90 99999.90 99999.90 99999.90 99999.90 99999.90 99999.90 99999.90 99999.90 99999.90 99999.90 99999.90 23.88 23.88 24.41 24.41 24.41 24.41 24.41 24.29 23.86 23.86 23.86 23.86 23.44 23.44 23.44 23.44 23.44 21.91 22.54 22.74 23.46 23.72 23.89 23.73 23.90 23.34 23.26 23.26 23.46 23.70 23.54 23.18 23.25 23.59 23.47 23.84 24.05 24.00 23.96 24.26 24.02 24.18
