main/data/irradiance/10.02.2023.grid
ncols 839
nrows 679
xllcenter 112.0500
yllcenter -43.9500
cellsize 0.0500
nodata_value 99999.90
[rows 340 to 373 of 679, columns 539 to 615 of 839]
28.58 28.70 28.78 28.62 28.69 28.58 28.40 28.28 28.61 28.46 28.53 28.58 28.57 28.63 28.27 28.39 28.13 27.94 27.97 27.94 28.13 28.36 28.18 28.18 28.20 28.21 28.41 28.82 28.56 28.31 28.43 28.42 28.48 28.50 28.56 28.54 28.49 28.55 28.52 28.47 28.47 28.51 28.51 28.57 28.54 28.44 28.44 28.39 28.82 29.03 29.03 29.04 29.06 29.02 28.81 28.71 28.83 28.72 28.82 28.82 28.48 28.69 28.80 28.77 28.76 28.75 28.97 28.93 28.92 28.99 28.96 29.01 29.07 29.03 29.01 29.03 29.03
28.66 28.52 28.74 28.45 28.56 28.50 28.50 28.44 28.49 28.42 28.41 28.43 28.51 28.52 28.38 28.45 28.42 28.29 28.14 28.11 28.22 28.05 28.21 28.35 28.54 28.12 28.22 28.23 28.67 28.32 28.19 28.26 28.42 28.34 28.40 28.48 28.41 28.35 28.33 28.40 28.37 28.46 28.56 28.52 28.60 28.61 28.58 28.57 28.76 28.93 29.03 29.05 29.02 28.97 28.81 28.81 28.72 28.78 28.77 28.68 28.45 28.60 28.64 28.78 28.82 28.84 28.96 28.98 28.97 29.01 29.00 29.01 29.02 29.03 28.94 28.98 29.02
28.57 28.41 28.68 28.56 28.47 28.77 28.58 28.50 28.45 28.34 28.28 28.32 28.38 28.47 28.52 28.52 28.37 28.39 28.20 28.30 28.08 28.02 28.10 28.29 28.63 28.47 28.39 28.37 28.31 28.23 28.06 28.17 28.49 28.50 28.45 28.41 28.57 28.53 28.29 28.31 28.30 28.37 28.59 28.56 28.55 28.57 28.58 28.72 28.70 28.80 29.01 28.99 29.03 29.01 28.93 28.85 28.91 28.86 28.72 28.61 28.52 28.42 28.58 28.86 28.73 28.72 28.70 28.73 28.78 28.81 28.93 28.91 28.99 29.03 29.03 28.98 28.94
28.58 28.40 28.69 28.70 28.63 28.67 28.57 28.61 28.28 28.43 28.36 28.24 28.37 28.31 28.59 28.54 28.61 28.64 28.52 28.40 28.09 28.11 28.47 28.27 28.60 28.29 28.08 28.01 28.38 28.28 28.37 28.28 28.47 28.60 28.53 28.36 28.24 28.32 28.29 28.22 28.39 28.39 28.36 28.52 28.55 28.52 28.60 28.55 28.55 28.73 29.03 29.03 29.02 29.03 28.93 28.79 28.73 28.59 28.63 28.62 28.42 28.25 28.10 28.44 28.63 28.70 28.78 28.75 28.82 28.94 28.95 28.99 29.00 29.00 29.00 29.02 29.00
28.68 28.73 28.46 28.65 28.70 28.83 28.57 28.50 28.44 28.54 28.62 28.42 28.36 28.34 28.74 28.64 28.72 28.57 28.53 28.39 28.32 28.27 28.36 28.34 28.13 28.11 28.16 27.98 28.10 28.21 28.15 28.28 28.32 28.27 28.53 28.23 28.13 28.38 28.34 28.41 28.41 28.46 28.35 28.50 28.48 28.48 28.52 28.45 28.65 28.79 29.12 29.07 29.04 28.96 28.80 28.73 28.68 28.73 28.84 28.55 28.53 28.55 28.20 28.71 28.70 28.82 28.81 28.83 28.93 28.96 28.95 28.99 28.98 28.96 28.99 29.05 28.94
28.65 28.60 28.66 28.66 28.66 28.72 28.58 28.73 28.83 28.35 28.48 28.87 28.50 28.45 28.39 28.36 28.51 28.71 28.70 28.56 28.41 28.16 28.23 28.14 28.12 28.24 28.22 28.15 28.18 28.21 28.37 28.42 28.12 28.43 28.14 28.00 28.20 28.31 28.34 28.53 28.53 28.48 28.54 28.56 28.63 28.65 28.77 28.91 28.97 29.00 29.09 29.07 29.02 28.87 28.75 28.70 28.67 28.76 28.72 28.70 28.57 28.64 28.58 28.77 28.71 28.96 29.02 28.98 28.90 28.91 29.02 29.10 29.00 29.00 29.03 29.02 28.91
28.50 28.43 28.67 28.56 28.53 28.75 28.69 28.49 28.63 28.36 27.94 28.22 28.49 28.52 28.15 28.25 28.19 28.59 28.70 28.60 28.66 28.43 28.35 27.89 28.42 28.21 28.21 28.45 28.42 28.27 28.27 28.47 28.30 28.32 28.21 28.13 28.46 28.51 28.55 28.48 28.42 28.51 28.67 28.62 28.57 28.69 28.70 28.69 28.73 28.69 28.74 28.99 28.96 28.99 28.74 28.66 28.88 28.77 28.71 28.75 28.65 28.59 28.69 28.62 28.83 28.89 29.04 29.01 28.99 28.94 28.95 29.10 29.03 28.94 28.98 28.89 28.85
28.45 28.45 28.52 28.36 28.35 28.47 28.58 28.45 28.38 28.14 27.94 27.94 28.37 28.70 28.69 28.40 28.33 28.35 28.75 28.63 28.75 28.53 28.66 28.48 28.20 28.18 28.33 28.32 28.39 28.24 28.12 28.43 28.35 28.37 28.49 28.53 28.58 28.57 28.60 28.61 28.58 28.64 28.67 28.70 28.60 28.55 28.61 28.56 28.64 28.73 28.75 28.82 28.94 29.00 28.95 28.79 28.76 28.79 28.84 28.74 28.54 28.53 29.14 29.09 28.98 28.84 28.91 28.92 28.89 29.01 28.97 29.04 28.99 28.95 28.96 28.93 28.95
28.34 28.53 28.38 28.46 28.41 28.46 28.61 28.56 28.35 28.16 28.18 28.13 28.30 28.48 28.50 28.35 28.25 28.17 28.62 28.57 28.61 28.66 28.54 28.53 28.19 28.35 28.30 28.41 28.40 28.31 28.25 28.35 28.47 28.60 28.42 28.42 28.51 28.65 28.69 28.72 28.68 28.67 28.67 28.61 28.66 28.62 28.75 28.67 28.54 28.69 28.84 28.76 28.78 28.88 28.95 28.81 28.81 28.91 28.88 28.54 28.83 28.85 29.07 29.04 28.93 28.91 28.80 28.80 28.95 28.89 28.92 29.01 29.00 28.93 28.94 28.91 28.91
28.49 28.58 28.39 28.28 28.37 28.41 28.20 28.25 28.30 28.11 28.47 28.23 28.45 28.30 28.51 28.53 28.50 28.76 28.20 28.43 28.49 28.61 28.63 28.60 28.54 28.34 28.37 28.42 28.37 28.14 28.21 28.49 28.68 28.50 28.56 28.55 28.49 28.63 28.62 28.63 28.62 28.58 28.65 28.81 28.74 28.83 28.72 28.65 28.54 28.74 28.94 28.86 28.75 28.88 28.95 28.92 28.87 28.97 29.03 28.81 28.86 28.84 29.09 29.00 28.91 28.95 28.83 28.91 28.94 28.90 28.91 28.96 28.92 28.93 28.89 28.91 28.98
28.52 28.43 28.44 28.39 28.36 28.24 28.34 28.30 27.94 27.91 27.94 28.12 28.25 28.39 28.35 28.47 28.57 28.56 28.41 28.51 28.52 28.45 28.62 28.54 28.22 28.43 28.15 28.34 28.30 28.10 28.39 28.54 28.56 28.53 28.48 28.51 28.44 28.50 28.61 28.60 28.50 28.56 28.68 28.65 28.52 28.63 28.60 28.49 28.72 28.48 28.43 28.62 28.56 28.59 29.05 29.06 29.03 28.92 28.71 28.89 28.71 28.91 29.06 29.11 28.88 28.89 28.80 28.82 28.92 28.86 28.90 28.96 28.94 28.99 29.01 28.86 29.01
28.29 28.48 28.39 28.34 28.39 28.15 28.16 28.21 27.88 27.76 27.89 28.24 28.23 28.35 28.55 28.57 28.19 28.49 28.45 28.46 28.57 28.38 28.45 27.97 28.56 28.06 28.33 28.18 28.27 28.23 28.19 28.42 28.71 28.66 28.56 28.41 28.48 28.61 28.62 28.48 28.65 28.58 28.65 28.67 28.56 28.40 28.62 28.55 28.73 28.74 28.75 28.49 28.59 28.53 28.15 28.12 28.58 28.78 28.89 28.73 28.81 28.58 28.89 29.09 28.95 28.96 28.85 28.79 28.89 28.96 28.87 28.99 28.94 28.92 28.88 28.84 28.88
28.78 28.69 28.30 28.24 28.41 28.25 28.00 27.91 28.09 28.06 28.25 28.09 27.61 28.12 28.52 28.48 28.49 28.66 28.80 28.60 28.52 28.23 28.37 28.18 28.49 28.60 28.39 28.50 28.23 28.44 28.41 28.29 28.29 28.50 28.50 28.57 28.56 28.54 28.57 28.66 28.69 28.60 28.52 28.61 28.58 28.57 28.56 28.68 28.49 28.82 28.72 28.76 28.47 28.46 28.55 28.58 28.76 28.83 28.89 28.41 28.51 28.68 28.48 28.86 28.90 28.94 28.94 28.90 28.74 28.75 28.87 28.93 28.85 28.86 28.87 29.06 28.65
28.73 28.64 28.35 28.42 28.49 28.12 27.95 27.91 27.68 28.12 28.14 27.94 27.85 28.14 28.39 28.42 28.40 28.41 28.58 28.65 28.66 28.33 28.66 28.49 28.55 28.22 28.52 28.10 28.62 28.38 28.53 28.51 28.45 28.46 28.65 28.74 28.71 28.75 28.61 28.77 28.74 28.66 28.49 28.39 28.49 28.46 28.49 28.59 28.52 28.50 28.78 28.59 28.51 28.69 28.79 28.75 28.93 28.96 28.82 27.54 28.31 28.72 28.53 28.48 28.74 28.81 28.88 28.96 28.88 28.83 28.89 29.04 28.92 28.87 28.77 28.87 28.61
28.80 28.42 28.28 28.37 28.41 28.35 28.35 27.98 27.86 28.43 27.88 27.68 28.06 28.07 27.99 28.14 28.20 28.24 28.46 28.69 28.69 28.78 28.43 28.57 28.47 28.56 28.42 28.17 28.44 28.67 28.63 28.56 28.57 28.12 28.41 28.62 28.44 28.56 28.69 28.57 28.48 28.56 28.57 28.35 28.33 28.35 28.50 28.53 28.50 28.54 28.53 28.89 28.78 28.71 28.87 28.96 29.02 29.03 28.71 28.26 28.57 28.62 28.31 28.83 28.69 28.44 28.70 28.76 28.91 28.84 28.90 28.85 28.91 28.74 28.98 28.92 28.91
28.62 28.56 28.30 28.28 28.27 28.24 28.01 27.72 27.19 28.17 28.00 27.87 28.10 28.13 27.96 27.99 28.14 28.29 28.42 28.39 28.29 28.64 28.72 28.53 28.63 28.74 28.65 28.42 28.31 28.57 28.54 28.58 28.58 28.57 28.46 28.67 28.60 28.54 28.50 28.59 28.52 28.54 28.54 28.45 28.49 28.42 28.48 28.51 28.54 28.44 28.24 28.35 28.60 28.44 28.68 28.62 28.82 28.96 28.62 28.60 28.66 28.40 28.21 28.61 28.52 28.15 28.13 28.36 28.06 28.53 28.74 28.84 28.84 28.78 28.87 28.74 28.98
28.60 28.54 28.35 28.31 28.07 28.15 27.87 27.94 27.92 28.17 27.91 27.78 28.19 28.14 28.16 28.11 28.15 28.24 28.21 28.26 28.15 28.34 28.85 28.56 28.56 28.52 28.57 28.76 28.73 28.47 28.13 28.23 28.41 28.28 28.41 28.43 28.46 28.46 28.31 28.38 28.39 28.48 28.55 28.51 28.52 28.53 28.55 28.47 28.43 28.31 28.38 28.53 28.43 28.62 28.71 28.74 28.52 28.80 28.81 28.76 28.73 28.39 28.59 28.86 28.35 28.28 28.43 28.38 28.50 28.38 28.79 29.00 29.01 28.80 28.70 28.75 28.68
28.41 28.60 28.37 28.38 28.33 28.19 28.14 28.03 28.13 28.30 28.23 28.00 28.21 28.23 28.21 28.16 28.12 28.34 28.15 28.21 28.16 28.19 28.71 28.44 28.58 28.67 28.45 28.59 28.72 28.54 28.23 28.21 28.23 28.15 28.26 28.34 28.47 28.28 28.12 28.33 28.30 28.42 28.59 28.48 28.49 28.44 28.37 28.20 28.30 28.36 28.48 28.57 28.50 28.71 28.60 28.49 28.31 28.39 28.50 28.89 28.69 28.69 29.11 28.96 28.63 28.31 28.51 28.59 28.67 28.61 28.94 28.93 28.72 28.88 28.77 28.76 28.72
28.22 28.47 28.47 28.37 28.36 28.21 28.26 28.42 28.36 28.24 28.16 28.28 28.31 28.33 28.35 28.21 28.26 28.21 28.15 28.17 28.37 28.68 28.52 28.56 28.78 28.76 28.65 28.65 28.54 28.38 28.38 28.27 28.30 28.28 28.31 28.34 28.44 28.41 28.50 28.31 28.28 28.45 28.53 28.54 28.50 28.43 28.46 28.39 28.50 28.45 28.44 28.45 28.50 28.53 28.55 28.52 28.47 28.55 28.53 28.44 28.50 28.82 29.05 29.07 29.09 28.96 28.86 28.77 28.43 28.69 28.73 28.80 28.75 28.72 28.76 28.59 28.66
28.17 28.42 28.32 28.31 28.28 28.09 28.18 28.33 28.29 28.31 28.29 28.28 28.29 28.24 28.23 28.16 28.13 28.22 28.18 28.11 28.51 28.77 28.53 28.41 28.64 28.69 28.23 28.43 28.46 28.47 28.31 28.61 28.30 28.40 28.37 28.26 28.47 28.56 28.49 28.33 28.19 28.44 28.52 28.47 28.61 28.56 28.48 28.54 28.64 28.55 28.58 28.35 28.51 28.56 28.46 28.45 28.25 28.58 28.59 28.66 28.69 28.61 28.77 28.91 29.03 28.99 28.46 28.56 28.70 28.73 28.76 28.79 28.75 28.85 28.65 28.56 28.59
28.40 28.18 28.07 28.21 28.26 28.13 28.22 28.27 28.15 28.35 28.33 28.35 28.37 28.45 28.32 28.26 28.11 28.22 28.23 28.01 28.04 28.26 28.28 28.24 28.40 28.34 28.13 28.38 28.77 28.57 28.40 28.46 28.50 28.37 28.36 28.32 28.35 28.45 28.50 28.41 28.36 28.46 28.61 28.51 28.53 28.77 28.74 28.50 28.57 28.67 28.70 28.60 28.56 28.53 28.48 28.67 28.60 28.50 28.54 28.43 28.54 28.65 28.75 28.81 28.71 28.96 28.86 28.81 28.67 28.61 28.72 28.75 28.78 28.78 28.72 28.61 28.63
28.42 27.98 27.94 28.14 28.15 28.07 28.27 28.25 28.36 28.42 28.29 28.08 28.39 28.42 28.43 28.37 28.24 28.16 28.04 27.92 28.01 28.09 28.09 28.20 28.19 28.39 27.98 28.19 28.46 28.61 28.41 28.47 28.33 28.44 28.53 28.39 28.37 28.35 28.33 28.49 28.39 28.47 28.54 28.56 28.43 28.87 28.65 28.52 28.67 28.69 28.64 28.58 28.51 28.60 28.46 28.46 28.54 28.57 28.46 28.46 28.40 28.45 28.76 28.60 28.68 28.66 28.73 28.74 28.73 28.67 28.64 28.80 28.72 28.68 28.69 28.65 28.59
29.08 28.59 28.12 28.22 28.29 28.14 28.29 28.19 28.28 28.39 28.39 28.06 28.59 28.41 28.47 28.30 28.32 28.26 28.11 28.12 28.07 27.94 28.14 28.16 27.99 27.71 27.88 28.04 28.23 28.68 28.64 28.73 28.38 28.49 28.47 28.34 28.34 28.26 28.32 28.34 28.41 28.46 28.44 28.57 28.47 28.36 28.45 28.39 28.44 28.56 28.50 28.44 28.54 28.65 28.68 28.59 28.65 28.68 28.63 28.58 28.26 28.44 28.56 28.57 28.58 28.64 28.66 28.77 28.64 28.74 28.80 28.99 28.72 28.67 28.71 28.74 28.74
29.00 28.92 28.98 28.71 28.38 28.54 27.94 28.06 28.22 28.13 28.06 28.15 28.34 28.44 28.68 28.50 28.50 28.51 28.44 28.25 28.30 28.02 28.00 28.10 28.09 28.11 27.89 27.98 28.02 28.32 28.60 28.50 28.32 28.34 28.31 28.48 28.35 28.30 28.40 28.33 28.46 28.48 28.52 28.57 28.62 28.51 28.42 28.39 28.48 28.37 28.45 28.52 28.64 28.57 28.66 28.72 28.67 28.58 28.62 28.61 28.49 28.61 28.51 28.58 28.53 28.63 28.68 28.65 28.70 28.47 28.67 28.78 28.67 28.62 28.66 28.71 28.67
28.45 28.72 28.76 28.59 28.49 28.68 28.77 28.32 28.27 28.21 28.18 28.20 28.27 28.50 28.66 28.69 28.71 28.69 28.51 28.34 28.09 28.30 28.08 27.72 27.70 27.99 27.87 27.92 27.95 28.09 28.19 28.26 28.28 28.17 28.38 28.50 28.48 28.44 28.40 28.41 28.42 28.49 28.62 28.62 28.50 28.53 28.57 28.49 28.49 28.43 28.41 28.32 28.50 28.54 28.55 28.47 28.57 28.49 28.67 28.60 28.37 28.46 28.61 28.51 28.66 28.61 28.60 28.82 28.80 28.71 28.69 28.83 28.82 28.72 28.71 28.65 28.70
28.22 28.38 28.51 28.12 28.53 28.54 28.58 28.47 28.67 28.54 28.44 28.49 28.38 28.49 28.52 28.77 28.92 28.79 28.59 28.40 28.25 28.33 28.30 27.86 28.16 28.36 27.99 28.21 27.88 27.98 28.14 28.24 28.28 28.25 28.52 28.55 28.50 28.49 28.44 28.43 28.47 28.54 28.53 28.50 28.57 28.62 28.52 28.58 28.51 28.49 28.54 28.42 28.39 28.53 28.47 28.51 28.60 28.27 28.26 28.62 28.56 28.47 28.48 28.58 28.61 28.57 28.71 28.74 28.73 28.72 28.60 28.60 28.78 28.73 28.70 28.76 28.70
28.21 28.25 28.38 28.27 28.30 28.19 28.39 28.49 28.56 28.67 28.80 28.73 28.81 28.76 28.82 28.95 28.91 28.78 28.70 28.74 28.51 28.14 27.98 28.44 28.40 28.26 28.15 28.08 28.32 28.08 28.34 28.40 28.23 28.23 28.38 28.52 28.52 28.54 28.54 28.45 28.61 28.50 28.44 28.57 28.56 28.57 28.57 28.63 28.56 28.58 28.47 28.47 28.56 28.47 28.53 28.52 28.54 28.59 28.25 28.37 28.53 28.50 28.48 28.49 28.50 28.51 28.62 28.56 28.65 28.66 28.58 28.67 28.56 28.75 28.26 28.74 28.69
27.75 28.18 28.21 28.36 27.96 27.84 27.77 28.18 28.33 28.36 28.53 28.77 29.07 28.89 28.98 28.72 28.86 28.75 28.58 28.49 28.56 28.53 28.63 28.71 28.84 28.49 28.45 28.42 28.17 28.18 28.48 28.48 28.48 28.43 28.28 28.26 28.40 28.42 28.36 28.35 28.56 28.50 28.46 28.50 28.54 28.51 28.56 28.45 28.45 28.61 28.55 28.55 28.56 28.56 28.46 28.45 28.52 28.51 28.65 28.45 28.38 28.40 28.46 28.52 28.56 28.51 28.56 28.57 28.50 28.47 28.37 28.26 28.39 28.83 28.66 28.76 28.46
28.33 28.32 28.24 28.32 28.31 28.25 28.17 28.24 28.35 28.39 28.39 28.49 28.86 28.87 28.83 28.82 28.82 28.78 28.75 28.65 28.38 28.84 28.91 28.76 28.80 28.57 28.55 28.50 28.14 28.66 28.52 28.29 28.41 28.62 28.37 28.24 28.34 28.42 28.47 28.45 28.44 28.39 28.40 28.40 28.50 28.48 28.49 28.47 28.41 28.61 28.52 28.54 28.50 28.36 28.53 28.51 28.52 28.40 28.40 28.47 28.50 28.48 28.48 28.64 28.45 28.50 28.49 28.53 28.42 28.38 28.24 28.23 28.51 28.76 28.61 28.40 28.51
28.29 28.38 28.28 28.20 28.31 28.25 28.21 28.28 28.41 28.46 28.53 28.50 28.45 28.66 28.86 28.83 28.73 28.66 28.49 28.61 28.72 28.97 28.79 28.72 28.89 28.46 28.39 28.71 28.47 28.68 28.70 28.63 28.41 28.43 28.32 28.51 28.32 28.44 28.53 28.61 28.43 28.31 28.28 28.31 28.42 28.48 28.50 28.49 28.53 28.53 28.51 28.53 28.49 28.52 28.50 28.53 28.52 28.49 28.48 28.38 28.47 28.59 28.46 28.39 28.45 28.45 28.50 28.52 28.54 28.37 27.96 28.27 28.51 28.49 28.53 28.52 28.48
28.26 28.18 28.15 28.13 28.42 28.35 28.41 28.52 28.50 28.58 28.51 28.23 28.55 28.64 28.60 28.78 28.86 28.67 28.66 28.49 28.36 28.74 28.72 28.66 28.75 28.40 28.45 28.49 28.63 28.67 28.38 28.54 28.50 28.48 28.45 28.33 28.39 28.42 28.48 28.41 28.39 28.44 28.44 28.37 28.44 28.34 28.34 28.53 28.35 28.43 28.49 28.59 28.50 28.53 28.60 28.51 28.50 28.53 28.53 28.57 28.53 28.43 28.29 28.46 28.40 28.35 28.42 28.38 28.43 28.30 28.31 28.37 28.49 28.58 28.81 28.75 28.76
28.08 28.29 28.23 28.38 28.41 28.30 28.22 28.34 28.44 28.46 28.55 28.54 28.40 28.39 28.52 28.50 28.55 28.61 28.69 28.55 28.58 28.37 28.72 28.78 28.72 28.42 28.56 28.58 28.74 28.72 28.62 28.71 28.58 28.47 28.49 28.57 28.46 28.54 28.46 28.32 28.48 28.47 28.51 28.55 28.49 28.45 28.54 28.63 28.44 28.51 28.53 28.58 28.48 28.56 28.53 28.52 28.56 28.55 28.57 28.48 28.40 28.52 28.55 28.41 28.36 28.41 28.44 28.47 28.36 28.27 28.46 28.30 28.19 28.30 28.62 28.71 28.50
28.27 28.24 28.36 28.45 28.39 28.46 28.34 28.17 28.16 28.25 28.33 28.45 28.38 28.25 28.29 28.52 28.47 28.48 28.52 28.46 28.80 28.62 28.71 28.77 28.77 28.57 28.81 28.84 28.75 28.70 28.73 28.70 28.60 28.47 28.62 28.53 28.67 28.58 28.54 28.44 28.44 28.47 28.30 28.29 28.32 28.49 28.23 28.48 28.41 28.44 28.54 28.54 28.55 28.55 28.50 28.50 28.47 28.50 28.49 28.60 28.53 28.32 28.31 28.38 28.52 28.57 28.59 28.46 28.04 28.06 27.84 28.33 28.45 28.70 28.46 28.58 28.62
28.11 28.29 28.21 28.28 28.32 28.38 28.18 28.16 28.19 28.07 27.95 28.34 28.38 28.33 28.25 28.20 28.49 28.64 28.51 28.55 28.42 28.66 28.79 28.70 28.62 28.74 28.85 28.89 28.71 28.69 28.75 28.69 28.62 28.79 28.72 28.67 28.52 28.51 28.66 28.44 28.35 28.38 28.35 28.38 28.42 28.32 28.56 28.66 28.56 28.56 28.57 28.47 28.56 28.63 28.63 28.50 28.50 28.49 28.59 28.66 28.55 28.48 28.48 28.44 28.33 28.47 28.25 28.18 27.79 27.93 28.25 28.32 28.47 28.03 28.35 28.51 28.49
