main/data/irradiance/10.04.2023.grid
ncols 839
nrows 679
xllcenter 112.0500
yllcenter -43.9500
cellsize 0.0500
nodata_value 99999.90
[rows 204 to 237 of 679, columns 462 to 538 of 839]
22.45 22.50 22.41 22.36 22.43 22.35 22.23 22.37 22.35 22.34 22.30 22.38 22.48 22.45 22.47 22.51 22.47 22.43 22.46 22.45 22.47 22.48 22.49 22.53 22.41 22.38 22.45 22.50 22.53 22.53 22.56 22.55 22.55 22.53 22.52 22.46 22.49 22.50 22.47 22.29 22.31 22.17 22.37 22.12 22.17 22.03 22.26 22.32 22.31 22.21 22.14 22.30 22.19 22.07 22.30 22.54 22.40 22.59 22.59 22.38 22.45 22.45 22.50 22.56 22.58 22.57 22.50 22.46 22.47 22.55 22.57 22.55 22.50 22.52 22.54 22.52 22.52
22.47 22.33 22.27 22.46 22.35 22.24 22.13 22.25 22.37 22.35 22.32 22.32 22.40 22.30 22.43 22.46 22.40 22.43 22.44 22.40 22.42 22.45 22.44 22.46 22.44 22.38 22.38 22.37 22.41 22.47 22.51 22.54 22.50 22.44 22.49 22.47 22.41 22.44 22.43 22.30 22.35 22.31 22.33 22.33 22.02 21.92 22.17 22.11 22.19 22.26 22.27 22.36 22.26 22.21 22.51 22.53 22.50 22.52 22.56 22.49 22.43 22.47 22.53 22.55 22.49 22.47 22.47 22.48 22.55 22.57 22.56 22.50 22.45 22.46 22.53 22.54 22.54
22.18 22.44 22.47 22.47 22.35 22.15 22.19 22.37 22.23 22.35 22.30 22.31 22.30 22.32 22.32 22.32 22.39 22.42 22.39 22.36 22.46 22.40 22.40 22.42 22.41 22.41 22.40 22.34 22.39 22.42 22.40 22.51 22.42 22.38 22.47 22.47 22.42 22.40 22.45 22.37 22.37 22.28 22.30 22.29 22.09 22.05 22.26 22.30 22.23 22.25 22.37 22.43 22.45 22.51 22.52 22.53 22.53 22.53 22.52 22.48 22.49 22.52 22.56 22.55 22.48 22.48 22.49 22.49 22.54 22.52 22.44 22.47 22.47 22.44 22.51 22.53 22.52
22.32 22.38 22.47 22.40 22.25 22.21 22.33 22.27 22.27 22.34 22.30 22.33 22.37 22.31 22.30 22.32 22.32 22.35 22.33 22.46 22.43 22.44 22.41 22.42 22.45 22.45 22.48 22.41 22.42 22.43 22.37 22.37 22.36 22.36 22.33 22.39 22.41 22.42 22.47 22.40 22.29 22.40 22.31 22.24 22.26 22.40 22.21 22.25 22.34 22.40 22.37 22.45 22.43 22.50 22.51 22.52 22.49 22.48 22.40 22.42 22.39 22.23 22.40 22.47 22.43 22.48 22.44 22.39 22.47 22.51 22.51 22.51 22.49 22.50 22.49 22.49 22.52
22.28 22.40 22.39 22.42 22.37 22.33 22.28 22.23 22.22 22.33 22.28 22.31 22.30 22.28 22.29 22.38 22.31 22.36 22.38 22.32 22.32 22.42 22.40 22.33 22.38 22.43 22.42 22.40 22.44 22.46 22.42 22.42 22.33 22.44 22.37 22.31 22.45 22.50 22.49 22.44 22.38 22.37 22.36 22.35 22.31 22.46 22.46 22.36 22.20 22.31 22.20 22.15 22.37 22.38 22.48 22.49 22.48 22.45 22.45 22.43 22.31 22.26 22.31 22.37 22.46 22.47 22.39 22.45 22.42 22.49 22.49 22.47 22.49 22.47 22.49 22.46 22.43
22.29 22.32 22.34 22.31 22.35 22.39 22.19 22.18 22.25 22.33 22.39 22.37 22.19 22.25 22.29 22.35 22.37 22.34 22.42 22.37 22.32 22.39 22.41 22.31 22.40 22.38 22.40 22.37 22.38 22.39 22.38 22.37 22.34 22.50 22.52 22.54 22.52 22.45 22.45 22.44 22.42 22.39 22.30 22.29 22.31 22.34 22.41 22.36 22.27 22.12 22.14 22.23 22.36 22.44 22.44 22.45 22.45 22.41 22.39 22.19 22.03 22.20 22.16 22.30 22.43 22.45 22.44 22.31 22.46 22.47 22.49 22.47 22.47 22.49 22.49 22.48 22.46
22.15 22.26 22.22 22.20 22.29 22.42 22.38 22.34 22.30 22.27 22.35 22.31 22.25 22.25 22.22 22.30 22.29 22.35 22.35 22.39 22.32 22.32 22.37 22.32 22.35 22.35 22.39 22.36 22.36 22.39 22.47 22.36 22.33 22.39 22.43 22.44 22.44 22.44 22.44 22.37 22.39 22.40 22.41 22.35 22.33 22.37 22.45 22.52 22.28 22.21 22.09 22.21 22.26 22.41 22.42 22.39 22.41 22.33 22.26 22.25 22.03 22.06 22.18 22.19 22.16 22.20 22.41 22.36 22.41 22.46 22.44 22.45 22.49 22.43 22.41 22.44 22.38
22.10 22.19 22.11 22.23 22.34 22.32 22.46 22.44 22.33 22.29 22.30 22.34 22.29 22.22 22.18 22.29 22.25 22.32 22.34 22.38 22.36 22.31 22.34 22.33 22.33 22.34 22.35 22.34 22.31 22.38 22.47 22.45 22.43 22.33 22.31 22.35 22.40 22.39 22.42 22.40 22.30 22.38 22.37 22.32 22.35 22.50 22.55 22.50 22.25 22.27 22.13 22.15 22.35 22.34 22.36 22.32 22.31 22.15 22.30 22.33 22.12 22.27 22.13 22.17 22.24 22.09 22.26 22.36 22.40 22.36 22.33 22.42 22.43 22.46 22.43 22.43 22.42
22.06 22.14 22.08 22.17 22.33 22.42 22.34 22.30 22.35 22.38 22.29 22.26 22.29 22.26 22.26 22.28 22.30 22.35 22.29 22.31 22.20 22.31 22.37 22.31 22.41 22.35 22.40 22.35 22.29 22.33 22.41 22.43 22.44 22.33 22.30 22.33 22.40 22.38 22.34 22.35 22.32 22.32 22.35 22.36 22.36 22.42 22.43 22.48 22.31 22.25 22.17 22.23 22.22 22.29 22.29 22.23 22.22 22.11 22.24 22.26 22.22 22.22 22.15 22.10 22.22 22.20 22.01 22.22 22.30 22.32 22.24 22.19 22.36 22.24 22.03 22.23 22.39
22.13 22.13 22.06 22.08 22.12 22.23 22.32 22.37 22.32 22.36 22.29 22.20 22.10 22.20 22.23 22.26 22.40 22.40 22.44 22.36 22.26 22.35 22.31 22.23 22.38 22.37 22.47 22.29 22.27 22.36 22.45 22.42 22.44 22.33 22.28 22.32 22.33 22.35 22.37 22.36 22.34 22.29 22.34 22.40 22.37 22.36 22.38 22.45 22.36 22.17 22.13 22.02 22.23 22.25 22.11 22.16 22.25 22.09 22.07 22.15 21.91 21.90 22.08 22.00 21.99 22.20 22.05 22.32 22.34 22.30 22.18 22.04 22.34 22.18 22.16 22.31 22.36
22.18 22.08 22.08 22.08 22.04 22.13 22.30 22.34 22.28 22.27 22.21 22.18 22.10 22.17 22.22 22.28 22.39 22.36 22.42 22.40 22.32 22.26 22.29 22.23 22.28 22.26 22.38 22.26 22.34 22.25 22.29 22.41 22.38 22.37 22.36 22.35 22.33 22.36 22.40 22.36 22.33 22.31 22.33 22.39 22.38 22.37 22.37 22.35 22.35 22.19 22.05 21.99 22.13 22.16 22.16 22.19 22.19 22.06 21.83 21.80 21.87 21.80 21.93 22.20 22.26 22.26 22.25 22.30 22.35 22.29 22.04 22.22 22.40 22.32 22.27 22.23 22.33
22.17 22.08 22.06 22.03 22.08 22.16 22.18 22.25 22.21 22.16 22.13 22.07 22.17 22.17 22.33 22.39 22.37 22.35 22.40 22.37 22.33 22.25 22.32 22.28 22.27 22.27 22.26 22.35 22.41 22.35 22.22 22.31 22.30 22.35 22.36 22.33 22.21 22.28 22.30 22.29 22.27 22.31 22.29 22.33 22.38 22.38 22.37 22.30 22.33 22.34 22.27 22.14 22.06 22.04 21.97 22.15 21.95 22.03 21.76 21.68 21.92 21.85 21.78 21.99 22.16 22.30 22.25 22.29 22.29 22.23 22.15 22.42 22.47 22.42 22.37 22.34 22.38
22.05 22.05 22.09 22.03 22.13 22.17 22.15 22.17 22.16 22.14 22.19 22.20 22.23 22.28 22.30 22.37 22.29 22.32 22.30 22.22 22.32 22.20 22.18 22.26 22.21 22.20 22.26 22.23 22.26 22.24 22.19 22.23 22.29 22.37 22.34 22.31 22.25 22.22 22.29 22.30 22.29 22.31 22.28 22.30 22.34 22.31 22.32 22.31 22.32 22.34 22.25 22.15 22.02 22.14 22.08 22.00 21.93 22.00 21.85 21.75 21.87 22.00 21.93 21.94 22.05 22.26 22.35 22.25 22.28 22.32 22.45 22.46 22.45 22.42 22.40 22.39 22.33
22.05 22.08 22.19 22.14 22.11 22.13 22.12 22.06 22.09 22.09 22.19 22.21 22.19 22.24 22.20 22.21 22.10 22.19 22.24 22.30 22.24 22.12 22.16 22.23 22.24 22.17 22.18 22.11 22.11 22.09 22.14 22.25 22.22 22.24 22.26 22.25 22.25 22.19 22.29 22.25 22.30 22.33 22.29 22.27 22.23 22.24 22.33 22.31 22.33 22.33 22.32 22.13 22.05 22.20 22.11 22.09 21.93 21.93 21.85 21.77 21.88 21.93 21.87 22.00 22.18 22.06 22.25 22.18 22.26 22.42 22.44 22.39 22.44 22.41 22.36 22.28 22.29
22.08 22.06 22.21 22.10 22.11 22.04 22.08 22.07 22.05 22.09 22.10 22.05 22.15 22.06 22.25 22.09 22.08 22.18 22.18 22.22 22.22 22.24 22.18 22.19 22.22 22.11 22.10 22.12 22.13 22.08 22.07 22.25 22.22 22.23 22.23 22.25 22.24 22.29 22.27 22.29 22.33 22.25 22.23 22.21 22.22 22.09 22.30 22.29 22.29 22.35 22.34 22.23 22.22 22.27 22.18 22.16 22.00 21.91 21.82 21.76 21.75 21.73 21.80 22.03 22.14 22.08 22.25 22.30 22.40 22.37 22.38 22.40 22.37 22.40 22.40 22.33 22.31
22.15 22.07 22.16 22.14 22.06 22.02 21.98 22.01 22.07 22.12 22.12 22.11 22.16 22.04 22.09 22.06 21.99 22.16 22.25 22.22 22.14 22.11 22.19 22.26 22.15 22.13 22.18 22.11 22.05 22.06 22.15 22.17 22.18 22.19 22.27 22.26 22.18 22.24 22.19 22.24 22.20 22.10 22.21 22.18 22.15 22.29 22.25 22.21 22.24 22.32 22.33 22.30 22.19 22.24 22.17 22.18 22.02 22.01 21.81 21.70 21.60 21.65 21.63 21.86 22.19 22.13 22.28 22.29 22.22 22.25 22.25 22.26 22.21 22.24 22.32 22.28 22.25
22.18 22.21 22.12 22.15 22.10 22.14 22.11 22.07 22.00 22.01 22.10 22.09 22.04 22.06 22.07 22.05 22.00 22.11 22.12 22.14 22.11 22.06 21.98 22.10 22.16 22.17 22.26 22.19 22.16 22.17 22.17 22.19 22.19 22.18 22.20 22.19 22.15 22.21 22.18 21.79 21.72 21.95 22.07 22.04 22.16 22.17 22.11 22.20 22.23 22.23 22.22 22.26 22.19 22.03 22.05 21.97 21.94 21.89 21.72 21.61 21.56 21.72 21.78 21.81 21.84 22.22 22.15 22.13 22.24 22.22 22.23 22.21 22.19 22.18 22.22 22.23 22.21
22.17 22.23 22.18 22.13 22.14 22.21 22.18 22.16 22.02 21.99 22.06 22.06 22.06 22.05 22.02 22.06 22.13 22.15 22.11 22.08 22.08 22.13 22.05 22.11 22.10 22.15 22.13 21.79 22.14 22.19 22.04 22.09 22.16 22.22 22.24 22.18 22.08 22.17 21.91 21.55 21.68 21.71 21.78 21.82 21.93 21.99 21.81 22.00 21.97 21.96 22.01 22.04 22.03 21.92 22.01 22.05 22.07 22.02 21.81 21.59 21.73 21.66 21.65 21.70 21.98 21.87 21.93 22.04 22.01 21.99 22.13 22.18 22.19 22.20 22.19 22.23 22.22
22.07 22.08 22.08 21.99 22.02 22.09 22.12 22.04 22.07 22.07 21.86 21.80 21.89 22.32 22.23 22.14 22.19 22.18 22.11 22.05 22.10 22.08 21.98 22.08 22.04 22.14 21.67 21.07 22.15 22.18 22.09 22.06 22.13 22.16 22.22 22.14 22.19 22.15 21.88 21.66 21.53 21.54 21.72 21.51 21.49 21.65 21.82 21.86 21.97 21.90 21.96 21.87 21.85 21.82 21.74 21.91 22.06 21.92 21.94 22.00 21.89 21.84 21.74 21.97 21.62 21.64 21.70 21.76 21.86 21.81 22.04 22.18 22.21 22.13 22.16 22.18 22.14
22.03 21.91 22.04 21.91 21.92 22.05 21.92 21.96 22.01 22.04 22.04 21.95 21.90 22.27 22.15 21.87 21.80 21.80 21.94 21.99 22.11 22.09 22.02 21.69 22.10 22.12 22.00 21.49 22.08 22.22 22.09 22.10 22.19 22.11 22.17 22.17 22.11 21.66 21.37 21.35 21.51 21.41 21.56 21.33 21.39 21.53 21.60 21.59 21.68 21.64 21.77 21.76 21.62 21.61 21.56 21.64 21.82 21.78 21.68 21.85 21.88 21.85 22.06 21.50 21.44 21.42 21.42 21.79 21.71 21.49 21.93 22.17 22.22 22.19 22.02 22.11 22.12
21.99 21.91 22.00 21.99 21.80 21.99 21.79 21.89 21.92 21.95 22.14 22.27 22.14 22.13 22.17 22.22 22.22 22.14 22.09 22.01 22.26 22.15 22.06 21.67 22.07 22.11 21.89 22.03 22.09 22.23 22.15 22.15 21.99 21.88 21.68 22.09 21.61 21.56 21.27 21.61 21.58 21.76 21.47 21.31 21.40 21.42 21.44 21.31 21.29 21.33 21.47 21.32 21.33 21.31 21.25 21.47 21.69 21.66 21.51 21.49 21.96 21.69 21.91 21.31 21.36 21.32 21.42 21.73 21.26 21.27 22.00 22.18 22.18 22.18 22.15 22.14 22.16
21.97 21.90 21.99 21.86 21.75 21.80 21.90 21.78 21.88 21.96 22.14 22.21 22.15 22.18 22.16 22.15 22.20 22.22 22.17 22.17 22.24 22.22 22.16 22.02 22.11 22.15 22.21 22.17 22.16 22.16 22.11 22.10 22.06 22.12 21.73 21.81 21.37 21.69 21.72 21.49 21.79 21.88 21.65 21.63 21.52 21.48 21.34 21.23 21.46 21.58 21.60 21.29 21.26 21.25 21.31 21.43 21.55 21.54 21.43 21.32 21.62 21.68 21.47 21.22 21.16 21.25 21.33 21.15 21.43 21.64 22.18 22.20 22.18 22.12 22.12 22.14 22.15
21.76 21.89 21.90 21.98 21.92 21.88 21.87 21.90 21.87 21.99 22.12 22.17 22.02 21.90 21.95 22.15 22.23 22.21 22.24 22.15 22.05 22.23 21.99 22.15 22.13 22.13 22.16 22.20 22.15 22.09 22.12 22.07 22.13 22.18 21.99 21.87 21.78 21.83 22.03 21.64 21.38 21.89 21.94 21.74 21.54 21.46 21.26 21.05 21.16 21.33 21.21 21.46 21.68 21.32 21.16 21.31 21.52 21.50 21.35 21.20 21.13 21.38 21.54 21.56 21.39 21.30 21.19 20.96 21.57 22.12 22.17 22.17 22.19 22.14 22.04 21.90 21.93
21.86 21.82 21.77 21.84 21.74 21.64 21.78 21.84 21.95 21.97 22.02 22.13 22.10 22.05 22.10 22.14 22.14 22.15 22.16 22.23 22.14 22.11 22.13 22.10 22.17 22.20 22.18 22.18 22.15 22.08 22.10 22.12 22.16 22.17 21.98 21.70 21.75 21.94 21.75 21.57 21.28 21.98 22.05 21.93 21.65 21.57 21.42 21.08 20.93 21.18 21.35 21.48 21.42 21.24 21.38 21.33 21.48 21.51 21.43 21.35 21.17 21.11 21.52 21.77 21.47 21.23 21.22 21.26 21.63 22.03 22.01 22.06 22.02 22.15 22.12 21.90 21.80
21.78 21.83 21.78 21.83 21.70 21.55 21.86 21.88 21.92 21.98 21.95 21.99 22.13 22.03 22.08 22.03 22.09 21.98 22.07 22.13 22.09 22.02 22.06 22.08 22.18 22.20 22.19 22.14 22.15 22.12 22.10 22.07 22.12 22.07 21.57 21.46 21.56 21.38 21.03 21.40 21.60 21.91 21.64 21.47 21.04 21.20 21.45 21.46 21.64 21.53 21.34 21.42 21.37 21.19 21.38 21.42 21.49 21.63 21.57 21.64 21.44 21.29 21.60 21.83 21.52 21.33 21.19 21.25 21.52 21.54 21.54 21.68 21.98 22.13 22.02 21.63 21.84
21.39 21.65 21.70 21.73 21.62 21.63 21.76 21.86 21.92 21.97 22.08 21.88 21.99 22.08 22.12 22.08 22.06 21.94 21.87 22.05 22.04 21.97 22.02 22.10 22.15 22.17 22.16 22.14 22.13 22.08 22.09 22.07 22.03 21.69 21.43 21.73 21.46 21.22 21.17 21.15 21.25 21.42 21.42 21.14 21.06 21.33 21.08 21.30 21.35 21.28 21.02 21.12 21.28 21.18 21.09 21.16 21.37 21.35 21.54 21.54 21.58 21.29 21.68 21.53 21.42 21.22 21.23 21.27 21.40 21.87 21.97 22.01 21.99 21.85 21.71 21.75 21.70
21.70 21.58 21.60 21.50 21.56 21.87 21.94 21.89 21.87 21.95 22.07 21.88 22.03 22.03 22.06 22.06 22.07 22.00 21.97 21.88 22.03 22.13 22.11 22.10 22.12 22.12 22.13 22.11 22.12 22.11 22.07 21.96 21.61 21.63 21.61 21.53 21.22 21.42 21.43 21.17 21.04 21.07 21.19 21.20 21.36 21.35 21.26 21.31 21.40 21.44 20.95 20.96 20.90 20.76 20.90 21.03 21.22 21.28 21.40 21.47 21.43 21.55 21.71 21.41 21.46 21.60 21.48 21.22 21.43 21.94 21.79 21.41 21.62 21.39 21.46 21.53 21.40
21.83 21.77 21.74 21.67 21.52 21.51 21.83 21.90 21.91 22.03 22.05 21.98 22.04 21.96 21.97 22.09 22.12 22.06 22.05 22.06 22.11 22.17 22.13 22.10 22.10 22.14 22.13 22.14 22.07 22.08 22.00 21.88 21.47 21.53 21.48 21.53 21.53 21.42 21.31 20.98 20.92 20.97 21.21 21.15 21.38 21.41 21.52 21.58 21.43 21.54 21.33 21.12 20.72 20.89 21.07 21.16 21.32 21.21 21.29 21.46 21.45 21.40 21.67 21.82 21.57 21.34 21.38 21.49 21.51 21.61 21.20 21.38 21.28 21.24 21.25 21.27 21.25
21.79 21.88 21.91 21.95 21.92 21.67 21.80 21.84 21.86 21.98 21.97 21.95 21.93 21.99 22.00 22.02 22.08 22.03 22.05 22.08 22.17 22.17 22.10 22.06 22.16 22.15 22.05 22.02 22.03 21.87 21.74 21.72 21.39 21.37 21.46 21.58 21.42 21.36 21.33 21.26 20.61 20.87 20.91 20.95 21.05 21.24 21.36 21.53 21.62 21.66 21.71 21.52 21.18 21.11 21.05 21.27 21.42 21.34 21.18 21.50 21.47 21.40 21.42 21.73 21.95 21.36 21.12 21.51 21.35 21.02 20.85 21.14 20.99 21.01 20.95 21.10 21.33
21.99 21.87 21.90 22.02 21.97 21.79 21.84 22.01 22.02 22.04 21.97 21.98 21.95 21.98 21.96 21.97 22.06 22.10 22.04 22.03 22.08 22.12 22.11 22.08 22.13 21.96 21.95 21.96 21.83 21.73 21.77 21.80 21.44 21.47 21.46 21.36 21.39 21.34 21.40 21.32 21.15 20.92 21.22 21.16 21.00 21.19 21.40 21.52 21.59 21.72 21.68 21.55 21.50 21.53 21.19 21.15 21.01 20.95 21.09 21.31 21.37 21.46 21.86 21.90 21.68 21.61 21.36 21.21 21.53 21.13 21.09 21.02 20.81 20.95 21.03 20.97 21.17
22.01 21.83 21.55 21.60 21.43 21.53 21.76 21.95 21.98 21.93 21.87 21.95 22.00 21.95 21.98 22.03 22.06 22.08 22.03 22.07 22.02 22.00 22.08 22.11 21.96 21.68 21.83 21.74 21.79 21.80 21.80 21.74 21.60 21.49 21.42 21.52 21.43 21.22 20.98 21.44 21.43 20.93 21.06 21.16 20.99 21.14 20.99 21.38 21.55 21.56 21.52 21.52 21.62 21.67 21.54 21.35 21.06 20.97 21.22 21.27 21.25 21.29 21.74 21.75 21.74 21.63 21.42 20.95 21.16 20.92 21.20 21.14 20.97 21.02 20.99 21.03 21.17
21.68 21.55 21.46 21.45 21.58 21.57 21.70 22.00 21.96 21.95 21.95 21.82 21.81 21.78 21.85 21.98 22.01 22.02 21.96 21.95 22.06 21.97 21.89 21.79 21.50 21.65 21.81 21.66 21.71 21.74 21.79 21.69 21.74 21.55 21.59 21.65 21.50 21.34 21.33 21.35 21.09 20.90 21.21 21.15 21.24 21.20 21.07 21.19 21.46 21.47 21.45 21.47 21.53 21.58 21.61 21.52 21.39 21.38 21.09 21.22 21.14 21.20 21.32 21.55 21.51 21.54 21.27 20.90 21.00 20.92 21.29 21.22 21.04 20.98 20.89 21.01 21.28
21.77 21.83 21.89 21.89 21.97 21.94 21.89 21.78 22.00 21.95 21.97 21.95 21.94 21.92 21.98 21.92 21.87 21.95 21.89 21.81 21.69 21.62 21.51 21.45 21.47 21.72 21.73 21.61 21.67 21.73 21.70 21.61 21.55 21.51 21.60 21.80 21.82 21.65 21.60 21.46 21.41 21.45 21.42 21.35 21.19 21.07 21.20 21.17 21.27 21.53 21.43 21.32 21.26 21.36 21.50 21.37 21.19 21.32 21.20 21.07 20.83 20.97 21.06 21.40 21.37 21.38 21.41 20.87 20.91 21.02 21.28 21.29 21.25 20.94 21.26 21.18 21.29
21.94 21.90 21.96 21.97 21.93 21.57 21.71 21.88 21.93 21.96 21.96 21.99 22.01 21.99 22.04 22.00 21.89 21.82 21.72 21.48 21.58 21.41 21.45 21.64 21.69 21.75 21.57 21.63 21.60 21.62 21.70 21.70 21.53 21.55 21.72 21.85 21.89 21.74 21.70 21.62 21.61 21.60 21.57 21.31 21.30 21.27 21.17 21.11 21.15 21.26 21.19 21.17 21.15 21.17 21.15 21.18 21.06 21.18 21.25 21.17 21.03 20.83 20.71 20.82 21.09 21.17 21.49 20.92 20.83 21.40 21.28 21.34 21.06 21.01 21.20 21.31 21.36
