main/data/irradiance/10.02.2023.grid
ncols 839
nrows 679
xllcenter 112.0500
yllcenter -43.9500
cellsize 0.0500
nodata_value 99999.90
[rows 374 to 407 of 679, columns 231 to 307 of 839]
20.98 20.46 18.77 18.88 18.81 18.52 19.33 19.93 20.87 22.56 23.56 22.96 23.62 24.18 22.96 24.26 24.94 24.36 23.99 24.55 25.00 25.06 23.91 23.21 23.12 22.35 23.82 25.23 22.53 23.39 24.05 23.11 20.77 19.77 19.56 18.04 19.28 18.01 17.39 18.08 16.94 17.32 16.50 17.34 17.11 20.71 22.05 20.84 22.17 22.71 23.40 23.91 23.12 24.14 23.87 24.37 24.16 24.92 26.10 26.89 28.14 28.22 28.35 28.06 28.42 28.23 28.20 28.31 27.94 27.16 27.91 28.13 28.75 28.74 28.67 28.62 28.61
20.31 19.09 18.47 19.34 17.33 16.73 17.05 18.01 21.17 22.39 21.30 19.44 19.60 21.21 22.25 24.21 24.27 22.24 22.87 23.16 21.93 23.43 23.54 23.10 22.58 22.28 22.71 22.13 19.21 20.44 21.51 19.31 17.59 19.07 18.91 16.43 16.22 17.24 18.64 17.43 16.73 17.03 17.44 17.09 15.39 19.01 20.61 21.27 22.11 23.14 23.09 23.36 24.25 24.89 24.25 24.57 24.35 25.23 25.59 26.35 26.99 27.54 27.99 27.64 28.46 28.32 28.37 28.31 28.26 28.03 27.87 27.62 27.99 28.27 28.68 28.78 28.67
17.86 17.61 17.88 17.31 17.90 16.88 16.06 18.15 19.27 19.73 19.69 18.37 17.37 18.99 19.81 21.24 24.03 22.13 20.68 19.46 20.24 23.08 22.14 21.77 21.20 20.39 19.92 18.36 17.27 17.88 18.26 15.11 15.10 15.06 15.04 13.96 13.80 15.57 17.09 18.16 17.74 16.90 17.13 17.71 17.92 19.42 20.13 21.31 21.71 22.00 21.74 23.00 24.20 25.36 25.91 24.57 25.16 25.11 26.87 26.29 26.43 27.59 27.25 26.22 28.24 28.44 28.41 28.05 28.47 28.41 28.19 27.58 27.68 27.51 27.21 28.20 28.68
17.73 17.46 17.16 17.98 18.69 17.73 15.43 17.87 19.40 17.89 17.16 17.89 16.28 17.40 18.62 20.74 22.35 21.33 19.44 18.79 18.12 18.97 18.17 19.89 19.62 16.04 15.49 16.03 16.32 15.50 17.12 15.74 15.57 14.20 12.69 11.95 12.92 14.13 15.52 16.37 17.56 16.38 16.90 18.92 19.60 20.38 20.48 21.18 21.50 21.61 22.03 21.64 22.48 24.31 26.55 25.63 25.40 25.53 25.89 26.03 25.71 26.38 26.30 26.17 27.21 28.46 28.24 28.01 28.15 27.99 27.81 27.64 27.88 27.62 27.76 27.14 27.81
15.58 14.77 15.73 14.94 16.60 15.24 15.59 16.48 16.71 16.79 17.12 16.49 15.74 16.75 16.66 16.64 17.56 19.56 19.84 16.41 14.94 15.78 15.62 17.32 16.70 12.89 14.11 14.45 14.72 15.07 16.43 15.97 16.76 14.33 13.88 13.69 13.32 14.02 17.04 16.67 18.06 16.81 17.55 19.02 20.53 19.42 20.32 22.45 22.14 22.43 21.78 22.46 21.78 24.90 25.61 26.30 26.37 26.24 26.59 26.23 25.45 25.58 26.22 26.43 26.40 26.23 27.92 28.25 27.74 28.28 28.13 27.67 27.97 28.05 27.85 27.76 27.49
13.06 13.10 13.96 13.76 14.66 15.01 14.90 15.06 14.38 13.43 13.79 12.69 13.76 14.37 14.13 14.96 15.05 14.75 15.19 16.51 15.95 14.24 15.89 16.03 14.69 12.11 13.52 13.69 14.54 16.60 16.79 16.03 17.08 17.36 17.09 16.74 15.61 15.41 17.26 17.49 17.56 17.58 18.50 18.16 20.87 20.94 21.08 22.34 22.69 23.55 23.66 22.95 21.66 23.43 24.81 26.32 27.11 27.32 26.77 26.86 26.11 27.03 26.42 26.83 26.86 26.66 26.02 27.41 28.29 27.93 28.05 28.04 26.95 27.31 27.70 27.95 27.55
13.77 11.93 13.60 14.18 15.02 14.59 14.06 12.14 10.70 9.38 10.32 10.94 13.61 14.28 12.29 13.50 14.02 13.35 12.70 15.01 15.38 13.98 16.15 16.61 15.56 13.29 13.15 14.64 15.78 16.31 14.44 16.82 17.87 17.42 17.56 19.25 17.82 19.13 18.06 18.02 17.49 18.19 19.53 19.49 21.68 21.65 21.92 23.54 24.14 25.01 26.07 25.10 22.57 23.02 23.69 25.79 26.95 26.54 26.71 26.86 27.13 27.01 26.96 27.48 26.30 25.96 25.65 26.43 28.32 28.21 27.09 27.48 26.26 25.73 26.44 27.30 27.21
13.98 13.87 13.36 14.25 14.05 14.21 13.44 12.21 10.97 11.04 11.70 11.89 12.64 13.57 13.06 12.93 13.82 13.76 14.01 14.39 14.46 15.02 15.75 16.30 17.03 14.75 13.83 16.14 16.94 15.68 15.37 16.75 18.19 19.58 18.78 20.26 21.21 20.66 19.72 19.55 18.97 19.18 21.64 20.76 21.79 21.76 22.26 23.63 24.55 25.01 25.94 25.57 23.95 23.66 23.42 25.15 25.23 25.21 26.92 26.96 25.82 26.94 27.27 26.97 25.64 26.16 26.04 24.88 25.80 27.92 26.83 27.06 25.90 24.98 25.19 25.91 25.97
12.45 14.08 16.09 15.65 15.87 14.89 12.45 12.63 12.16 12.73 12.77 13.04 12.28 13.33 12.86 12.63 13.53 13.59 13.28 14.27 15.82 15.86 14.99 17.13 18.88 16.93 14.14 16.47 17.84 16.83 17.19 19.36 18.18 19.72 20.19 20.85 22.79 20.71 20.84 21.29 20.91 21.41 22.18 21.94 22.13 22.41 23.91 24.65 24.98 23.98 24.66 25.59 24.49 24.75 25.66 25.42 25.60 24.59 26.77 27.21 26.18 26.65 27.07 26.26 25.88 25.67 25.20 24.18 25.12 27.83 27.57 26.74 27.40 26.47 25.76 25.72 24.96
12.34 14.04 15.53 17.37 16.85 14.52 12.97 13.06 13.53 14.89 15.85 16.16 14.70 14.98 14.17 14.35 15.23 14.18 14.51 15.63 15.70 16.83 16.57 18.79 21.42 17.98 15.58 16.96 18.47 18.62 18.38 20.50 19.41 19.42 19.84 21.23 23.17 21.87 21.60 21.94 21.24 21.73 22.70 23.61 22.87 22.47 23.34 24.69 24.35 25.10 24.48 24.83 24.62 25.76 24.93 25.97 24.69 23.93 26.38 27.22 26.75 26.39 27.12 27.20 25.62 25.73 24.34 24.73 24.96 27.35 27.84 26.60 26.09 25.98 26.13 25.51 24.80
14.12 13.60 15.26 17.27 17.50 16.67 14.96 15.05 15.57 15.99 17.39 17.43 15.67 15.52 14.84 15.28 16.66 17.15 16.97 17.76 16.38 17.29 17.32 19.46 21.70 18.79 17.84 18.54 19.19 18.73 19.27 21.07 20.56 19.95 19.07 20.35 23.01 23.44 21.56 21.50 20.61 21.97 22.59 23.73 22.68 21.99 22.92 24.26 25.02 25.19 24.16 24.62 25.60 24.64 23.51 24.76 24.41 23.65 25.39 25.53 24.22 23.52 25.45 25.94 24.97 25.97 24.30 24.00 24.26 24.42 26.80 25.87 25.70 24.82 25.37 25.81 24.51
15.35 15.70 17.08 17.76 17.31 17.94 17.20 17.01 17.34 16.53 17.57 17.46 17.34 17.31 17.62 17.70 17.87 19.74 19.34 17.82 17.30 17.58 18.64 20.21 21.25 20.38 18.97 18.69 19.68 20.85 18.51 20.08 20.46 20.24 19.47 20.46 22.10 22.22 22.33 21.68 21.08 23.42 21.55 22.16 21.83 21.57 22.53 24.96 24.82 24.70 25.22 24.13 25.02 24.60 23.53 23.86 24.65 24.07 23.47 24.34 24.62 24.80 23.26 24.56 24.71 24.86 24.36 23.37 23.54 23.70 25.28 25.05 25.13 24.83 24.77 24.75 24.82
18.26 18.18 18.42 17.48 18.29 18.05 18.26 18.30 17.60 18.16 16.94 17.74 17.84 16.51 19.14 20.01 20.28 20.73 20.15 18.94 20.09 19.34 20.00 21.60 20.00 20.50 19.58 20.04 21.55 21.85 19.86 18.76 19.97 20.19 20.91 22.21 22.46 22.13 23.32 21.75 21.27 22.44 22.22 21.71 21.33 22.90 22.91 23.60 24.00 23.81 23.89 23.27 23.76 23.70 23.60 22.99 23.07 23.65 22.03 22.05 23.79 24.18 22.98 24.52 25.74 25.80 25.48 24.95 23.94 24.70 25.20 24.95 25.23 25.49 25.73 25.94 26.41
20.97 20.66 20.21 17.68 17.92 19.45 19.75 20.17 18.62 19.09 18.36 18.36 19.17 18.47 19.52 20.85 20.89 21.25 20.42 20.49 20.99 19.58 19.78 22.36 20.28 20.42 20.93 21.03 21.93 21.76 20.83 20.36 20.65 21.24 22.37 22.10 21.80 21.77 22.39 22.40 20.63 20.85 21.21 20.97 21.76 22.50 22.25 23.20 23.47 22.98 23.70 23.58 22.56 21.37 22.54 22.83 21.58 22.49 22.94 22.89 22.53 22.94 23.13 23.88 25.24 26.15 24.91 25.03 24.43 23.36 23.52 24.53 25.43 25.69 25.53 26.68 27.43
22.15 22.41 20.55 18.99 19.23 20.54 21.42 22.54 21.24 19.71 17.99 17.61 19.51 18.80 20.36 20.48 20.16 21.26 20.78 19.29 20.61 20.75 21.13 22.91 22.68 21.27 21.63 22.69 21.81 21.76 20.34 20.86 21.17 20.36 21.62 21.49 20.29 21.57 21.83 20.60 20.09 19.86 20.15 20.65 20.73 20.04 21.05 21.64 22.60 20.73 20.18 19.48 20.94 21.66 23.17 23.71 22.00 21.71 22.04 22.44 21.82 22.24 23.19 23.00 23.63 24.26 24.31 24.03 24.90 24.25 23.71 23.13 23.45 24.95 25.98 26.67 27.44
22.26 20.80 19.64 20.04 20.55 20.72 22.99 23.54 21.03 19.80 18.03 17.19 19.93 19.85 20.02 20.02 20.64 21.08 22.18 20.21 19.83 20.60 21.60 22.90 23.14 21.97 21.91 22.60 22.48 21.78 19.49 19.18 20.93 20.45 20.13 20.33 19.77 21.85 22.03 19.89 19.77 20.38 19.90 21.07 20.52 20.45 19.62 20.84 20.80 20.41 19.73 18.15 20.34 22.21 23.11 23.63 22.10 22.68 21.59 21.31 21.71 21.79 23.08 23.56 24.36 25.13 25.87 24.58 25.09 24.84 25.64 25.49 24.90 25.64 26.18 25.80 26.96
21.22 20.11 20.31 21.73 20.77 21.04 22.65 23.06 21.10 20.85 19.96 18.75 20.50 20.63 20.37 20.92 21.23 21.82 22.43 21.46 21.65 20.55 21.25 21.98 23.95 21.81 21.79 20.50 21.13 20.90 18.80 19.07 20.40 19.42 19.22 20.47 19.15 19.79 19.87 17.96 19.11 20.47 19.93 20.48 20.55 19.76 18.76 20.07 20.44 19.80 19.71 18.16 19.15 21.03 22.05 21.54 22.02 22.05 21.95 20.15 21.20 21.33 20.26 23.26 23.92 24.94 25.98 25.49 26.23 25.41 25.10 25.14 25.61 26.67 26.61 25.20 25.88
21.13 20.39 19.84 21.91 20.98 21.29 21.05 22.05 22.09 22.73 21.33 20.08 21.06 21.39 21.02 20.19 21.36 21.10 21.35 20.33 21.73 21.25 20.31 22.35 22.71 22.95 21.87 19.28 20.16 20.62 20.19 20.32 20.35 19.79 19.11 20.14 18.47 19.22 19.17 18.52 18.41 19.13 19.50 19.61 20.26 19.51 19.15 19.46 19.14 19.95 19.65 19.20 17.85 19.24 21.10 21.84 22.12 22.26 22.59 20.86 20.78 20.48 20.99 21.61 22.49 23.15 24.21 25.62 25.15 25.50 25.31 26.16 25.54 26.26 25.17 25.07 24.92
20.64 20.02 21.45 21.73 20.71 21.33 22.67 23.88 23.01 23.31 22.13 21.20 21.56 23.29 20.68 20.68 20.10 21.48 20.36 19.55 22.64 21.19 20.32 22.50 22.69 22.39 20.66 19.72 20.76 20.78 21.48 21.46 20.25 20.20 19.89 19.60 18.74 17.67 19.30 19.54 19.50 18.69 20.06 19.57 19.30 19.13 19.77 19.49 19.22 19.49 19.26 18.29 18.24 19.07 19.79 22.29 22.17 22.11 22.12 21.54 21.53 21.45 20.99 21.65 21.88 22.22 23.06 25.05 24.39 24.99 25.76 26.34 25.61 24.20 24.29 24.49 25.25
20.56 20.65 21.64 22.41 23.09 23.25 22.84 25.91 23.93 23.54 23.63 23.44 23.44 23.80 22.59 21.91 21.66 20.93 20.12 20.52 21.70 20.78 20.48 20.52 21.89 21.58 21.15 20.83 21.49 21.35 21.30 21.35 20.23 20.03 20.74 21.00 20.18 18.25 20.07 20.45 20.65 19.33 19.71 18.92 19.21 19.26 20.69 20.11 20.07 20.09 19.47 19.12 18.59 19.22 19.47 21.07 22.44 22.24 22.90 22.51 22.69 22.97 21.90 21.93 22.02 22.21 23.43 24.45 24.91 25.21 25.18 25.51 25.17 24.64 24.85 25.33 25.54
22.06 22.88 23.88 25.05 24.71 22.39 22.51 23.62 24.12 23.32 24.31 22.96 22.95 22.83 21.53 22.40 22.22 21.32 19.51 19.63 20.65 21.13 20.83 20.95 22.39 21.67 21.98 21.19 21.02 21.07 19.99 20.38 20.58 19.73 20.12 21.19 20.89 19.27 20.86 22.48 20.68 19.46 18.86 19.57 19.96 19.64 19.95 19.75 20.98 21.52 21.49 20.68 20.10 20.44 20.33 20.76 22.48 22.54 22.66 22.75 23.57 23.10 22.63 23.70 23.69 23.80 24.22 24.70 24.95 25.66 25.68 25.58 25.29 26.27 26.76 26.27 26.00
22.47 24.35 25.09 25.99 25.10 22.12 22.64 23.25 22.75 21.71 23.24 23.82 23.55 22.84 23.12 24.03 23.78 22.81 21.67 21.65 20.98 21.81 21.51 21.55 22.74 21.95 22.04 20.67 20.93 22.39 21.24 20.61 20.49 21.14 21.50 21.73 20.94 20.99 23.36 22.63 22.45 21.40 20.25 21.01 21.32 20.67 20.06 21.68 21.81 23.17 24.94 23.82 22.73 22.19 21.17 21.39 22.36 23.92 23.29 24.72 25.37 24.92 23.56 25.18 26.22 24.66 24.16 24.81 25.31 25.95 26.14 26.40 26.13 26.82 27.39 27.26 26.70
20.09 22.67 23.63 24.65 24.77 22.67 23.15 23.44 22.91 21.93 22.82 23.43 24.32 23.64 23.60 24.52 24.44 23.37 23.75 23.21 22.52 21.88 21.00 21.22 22.62 21.85 21.98 21.89 21.97 23.04 21.19 21.17 20.12 21.19 21.42 22.76 21.65 21.69 22.98 23.19 24.47 23.64 22.97 23.09 22.27 22.08 21.58 23.20 22.55 23.80 25.50 25.93 24.94 25.09 22.99 21.81 22.69 23.22 23.68 25.27 25.85 25.89 26.06 26.69 26.83 25.12 24.41 24.78 26.24 26.51 26.62 26.99 26.77 27.27 27.90 27.48 27.45
18.79 19.03 20.89 22.95 23.11 23.42 23.18 22.29 22.73 22.50 22.17 22.68 24.25 22.99 24.09 24.80 23.73 24.22 24.69 24.25 22.42 21.77 22.15 22.78 23.16 21.51 21.60 23.27 21.73 22.53 21.93 22.57 21.79 21.82 22.08 22.23 21.60 22.19 22.66 22.92 24.82 25.37 25.58 24.79 23.38 23.11 22.68 23.54 24.66 25.92 26.71 26.49 25.75 26.48 24.71 23.59 23.26 23.86 25.01 26.02 26.06 26.47 27.20 27.21 27.24 26.13 25.01 25.51 26.08 26.78 26.68 27.10 27.04 27.56 27.83 27.74 27.50
18.12 19.32 21.12 22.26 23.19 23.47 22.38 23.19 22.92 22.71 22.76 22.46 25.89 25.51 24.96 24.62 24.28 25.00 24.89 24.50 23.05 21.86 21.84 23.12 23.36 22.48 23.21 21.82 21.82 23.38 23.25 23.66 24.30 23.16 23.40 21.65 22.49 21.55 21.61 23.98 24.59 25.31 25.36 25.00 24.76 22.59 23.05 22.63 24.63 26.04 26.66 25.73 25.93 26.51 26.18 25.38 24.11 24.93 25.37 25.73 25.47 27.32 26.98 27.43 27.61 27.50 26.60 25.50 26.31 26.64 26.85 27.64 27.57 27.69 27.75 27.96 27.56
17.17 19.17 21.47 22.74 23.30 23.72 23.54 23.60 23.80 24.61 23.33 24.52 26.35 26.17 25.84 25.45 25.66 24.98 24.93 24.39 23.32 22.76 22.80 22.60 24.41 24.41 22.70 21.88 22.83 24.90 25.30 26.12 26.02 23.98 23.44 21.76 20.99 21.68 22.72 25.28 24.79 25.13 25.17 23.45 24.68 23.03 22.35 22.23 23.96 26.12 27.12 26.12 25.96 26.80 26.23 25.78 25.62 25.82 26.05 25.95 25.93 26.82 27.43 27.35 27.32 26.89 26.73 26.32 27.06 26.32 26.28 27.20 27.91 27.80 27.58 27.97 27.90
18.35 17.91 18.48 21.72 22.73 22.35 22.23 22.90 24.14 22.70 22.11 24.29 25.52 25.21 25.06 26.06 25.80 25.41 25.58 25.11 24.84 23.70 23.10 22.60 23.13 24.28 23.31 22.88 23.54 23.97 24.18 25.22 26.10 24.03 24.38 23.39 21.80 22.71 23.55 24.93 25.20 24.60 23.80 23.51 24.72 24.61 23.33 23.30 25.01 26.85 26.28 25.70 26.38 26.42 25.50 26.04 25.56 25.50 25.24 26.49 26.01 26.15 26.34 27.22 27.26 26.82 26.78 27.31 26.86 25.50 25.54 27.09 27.61 27.69 27.72 27.84 27.70
19.09 17.93 17.51 18.73 21.12 22.11 20.78 22.51 23.00 21.98 23.07 24.67 25.02 25.11 24.30 25.89 25.89 25.41 25.37 25.40 24.46 22.97 22.95 24.32 24.59 24.20 24.58 23.91 24.20 25.40 24.41 24.76 23.60 23.62 22.94 22.89 22.53 23.98 24.11 24.70 25.63 24.99 23.76 25.24 25.04 25.41 23.55 22.92 24.12 24.88 25.73 25.29 26.02 26.44 24.99 24.30 24.38 24.72 24.02 24.36 25.06 26.07 25.74 26.55 26.66 25.48 26.23 26.90 26.33 25.79 25.71 25.77 26.30 27.45 27.80 27.39 27.16
19.88 18.20 16.05 18.59 20.33 20.52 22.54 22.69 21.84 22.55 23.20 24.79 25.16 24.44 22.31 23.12 24.34 23.88 25.15 24.85 24.59 24.28 23.64 24.73 25.21 23.36 24.11 24.26 25.19 26.17 25.10 24.07 24.04 24.19 23.39 20.95 20.48 21.95 23.03 24.73 25.48 23.95 22.67 24.07 24.98 23.90 22.77 22.46 23.06 24.81 25.62 24.98 24.06 24.69 24.27 23.79 23.93 24.09 23.64 24.35 23.71 24.49 25.58 25.74 25.75 25.31 25.61 26.56 26.14 26.01 26.35 25.68 25.48 26.23 27.36 27.74 27.25
17.84 17.31 16.15 16.71 18.49 20.93 22.22 22.33 22.11 21.23 23.77 24.82 24.79 24.26 22.68 22.87 22.92 25.32 24.42 24.86 24.99 24.52 24.31 23.81 24.00 23.07 23.10 22.71 25.44 25.93 25.06 24.65 24.03 23.80 23.34 21.05 19.24 20.79 23.06 24.10 25.73 24.17 21.89 22.02 22.29 23.30 23.64 23.82 23.46 23.74 24.08 24.46 24.35 24.50 24.26 23.75 23.74 23.83 24.99 24.36 24.11 24.25 25.13 25.56 25.56 25.56 25.49 25.80 26.05 25.91 26.10 26.52 26.74 26.29 26.65 27.17 27.52
16.58 16.18 18.09 16.39 17.85 19.13 22.34 21.75 21.60 22.86 23.43 22.66 24.71 23.85 22.48 22.57 23.04 25.26 25.03 25.15 25.72 24.98 24.72 23.76 21.27 21.54 21.14 22.11 25.15 25.50 25.25 23.28 22.27 21.75 20.60 20.54 20.01 20.90 21.92 22.65 24.08 22.62 22.31 22.69 22.42 22.79 24.34 23.55 23.01 23.56 24.15 25.05 25.33 24.96 24.47 23.69 23.76 24.37 24.52 24.50 24.59 24.80 24.78 25.27 26.05 25.69 25.54 25.46 25.96 26.01 26.35 26.80 26.66 26.29 26.08 27.10 27.37
14.20 15.16 16.85 17.63 20.34 20.05 21.51 21.27 21.70 22.33 21.48 21.61 22.76 20.39 21.54 22.26 22.99 25.62 24.60 25.21 25.06 25.31 23.55 22.74 20.39 18.66 18.35 20.66 23.75 25.16 25.88 23.09 21.49 21.26 21.28 21.34 20.82 20.68 22.30 22.38 23.50 22.93 23.28 23.16 22.31 23.19 23.81 23.15 23.03 23.00 23.61 23.86 24.45 23.94 24.72 24.17 24.29 24.75 24.55 24.54 24.31 24.94 25.16 24.83 25.73 25.50 25.87 25.66 25.85 26.08 26.38 26.67 26.64 26.63 26.31 26.01 26.99
12.75 14.97 17.04 17.32 17.90 17.57 18.20 21.88 22.71 23.08 23.32 23.41 23.11 21.50 20.95 21.34 22.04 24.27 24.41 25.14 25.95 25.64 22.86 21.91 21.83 19.97 18.23 20.56 23.42 24.93 24.57 24.51 22.39 21.98 21.38 20.86 22.99 21.34 20.52 21.99 23.24 22.58 23.02 22.96 23.26 23.44 23.02 22.66 22.80 23.55 23.61 25.17 23.51 22.98 23.82 24.33 23.78 24.74 24.86 25.14 24.55 25.04 25.47 25.46 25.60 25.56 26.04 25.86 26.31 26.43 26.25 26.47 26.69 26.79 26.76 26.65 26.56
11.76 14.37 13.70 13.83 14.66 16.55 16.77 19.15 20.22 21.51 22.94 21.94 22.88 22.11 21.36 20.72 22.78 24.78 25.71 25.62 25.32 23.94 23.44 23.00 22.74 21.81 19.79 21.65 23.91 23.94 23.57 24.67 23.45 21.45 21.47 22.33 22.02 22.21 20.49 21.14 21.78 21.83 22.11 23.36 23.16 22.91 23.27 23.46 22.60 23.54 23.65 25.07 25.10 24.91 24.31 24.89 24.98 24.49 25.13 25.65 25.27 25.34 25.63 25.98 25.88 26.17 26.15 26.48 26.46 26.84 26.51 26.60 26.90 27.21 26.79 27.15 26.84
