main/data/irradiance/10.03.2023.grid
ncols 839
nrows 679
xllcenter 112.0500
yllcenter -43.9500
cellsize 0.0500
nodata_value 99999.90
[rows 102 to 135 of 679, columns 231 to 307 of 839]
99999.90 99999.90 99999.90 99999.90 99999.90 99999.90 99999.90 23.64 24.94 24.94 24.94 24.94 24.94 24.94 24.94 24.94 24.94 24.94 24.94 25.14 26.95 26.95 26.95 25.15 25.15 25.15 25.15 26.27 25.44 25.48 26.23 26.23 27.03 27.01 27.01 27.05 25.24 25.65 24.63 23.43 23.90 25.69 26.46 25.62 26.03 26.63 26.05 26.72 25.71 25.51 23.61 22.15 22.16 23.64 25.17 25.58 24.28 23.93 24.10 21.69 21.87 22.41 24.38 24.62 25.28 25.33 25.73 24.75 25.23 24.81 24.97 25.46 24.92 25.50 25.41 25.07 25.95
99999.90 99999.90 99999.90 99999.90 99999.90 99999.90 24.74 23.64 24.94 24.94 24.94 24.94 24.94 24.94 24.94 24.94 24.94 24.94 24.94 25.14 26.95 26.95 26.95 26.95 24.80 24.80 24.80 26.27 25.44 25.00 25.43 26.42 27.09 27.10 27.07 27.05 26.85 26.78 24.99 23.46 23.91 25.26 24.85 25.19 25.60 25.27 25.48 26.37 25.24 24.35 26.12 23.11 22.95 22.14 23.91 21.93 23.67 23.05 23.28 22.99 22.78 24.77 24.74 25.39 25.50 26.04 26.34 26.14 25.83 24.84 24.62 24.92 25.64 26.28 25.72 25.54 25.98
99999.90 99999.90 99999.90 99999.90 99999.90 99999.90 24.74 23.64 24.94 24.94 24.94 24.94 24.94 24.94 24.94 24.94 24.94 24.94 24.94 25.14 26.95 26.95 26.95 26.95 27.06 24.80 24.80 25.78 26.33 26.01 25.28 25.51 26.48 27.10 27.11 27.09 26.58 26.71 26.65 25.19 23.94 25.33 24.33 25.67 25.32 25.32 25.54 27.06 25.42 24.76 26.17 24.53 22.87 22.82 24.28 23.70 24.89 25.68 25.05 25.20 24.72 24.23 25.84 25.38 25.67 25.92 26.44 26.41 26.28 25.55 24.92 25.15 24.84 25.80 25.95 25.91 25.89
99999.90 99999.90 99999.90 99999.90 99999.90 99999.90 24.74 23.64 24.94 24.94 24.94 24.94 24.94 24.94 24.94 24.94 24.94 24.94 24.94 25.14 25.14 26.95 26.95 26.95 27.06 26.03 26.03 26.69 26.33 26.01 25.28 24.69 24.65 26.31 26.56 25.85 25.52 24.90 26.85 26.86 25.44 24.71 25.16 24.44 23.82 24.07 24.99 26.20 24.58 24.43 25.50 22.67 23.22 23.21 25.58 23.64 24.49 25.20 24.28 25.45 25.54 25.59 23.62 23.56 23.70 26.16 26.34 26.08 25.97 25.92 24.93 25.55 25.63 25.54 26.00 26.10 26.51
99999.90 99999.90 99999.90 99999.90 99999.90 99999.90 24.74 23.64 23.64 23.64 24.94 24.94 24.94 24.94 24.94 24.94 24.94 24.94 24.94 25.14 25.14 26.95 26.95 26.96 27.06 27.06 26.03 26.69 26.69 25.84 25.25 25.25 24.35 25.48 26.53 26.03 25.57 23.93 25.83 26.33 25.96 25.10 25.68 23.59 23.12 26.21 25.39 25.25 24.57 24.96 25.42 24.71 24.18 24.24 26.14 25.73 25.47 25.54 25.10 26.11 25.59 25.49 24.98 25.79 24.39 25.64 26.03 26.39 25.54 25.35 26.02 25.71 26.35 26.38 26.39 26.07 26.35
99999.90 99999.90 99999.90 99999.90 99999.90 99999.90 24.74 23.64 23.64 23.64 23.64 23.64 23.64 23.64 24.94 24.94 24.94 24.94 24.94 25.14 25.19 25.19 25.22 26.46 26.79 26.79 27.04 27.04 26.95 25.84 25.84 25.21 25.98 24.27 24.53 25.72 26.89 26.71 25.60 25.25 26.03 26.97 25.64 26.18 25.12 25.82 25.24 23.98 24.91 25.71 25.42 25.79 25.03 25.92 26.15 26.17 25.72 25.97 25.57 25.98 26.05 25.81 25.81 25.51 25.07 24.73 26.00 26.25 26.57 26.29 26.23 26.40 26.44 26.33 26.51 26.46 26.91
99999.90 99999.90 99999.90 99999.90 99999.90 99999.90 24.74 23.64 23.64 23.64 23.64 23.64 23.64 23.64 23.64 23.64 24.82 24.82 24.82 25.19 25.19 24.47 24.47 25.77 26.75 26.58 26.86 26.95 26.95 26.33 26.33 26.05 26.60 25.89 26.29 26.09 26.89 26.82 26.86 24.24 24.91 26.82 26.23 26.12 24.79 25.64 26.66 25.20 26.11 25.66 26.36 26.26 26.59 26.37 26.39 26.61 26.53 26.55 26.16 25.56 26.34 25.53 26.40 25.75 25.71 25.58 26.15 26.22 26.17 26.51 26.22 26.61 26.62 26.53 26.84 26.43 26.77
99999.90 99999.90 99999.90 99999.90 99999.90 99999.90 24.74 24.74 24.74 23.64 23.64 23.64 23.64 23.64 23.64 23.64 23.64 24.82 24.82 24.82 25.11 25.11 25.34 25.51 26.83 26.87 27.03 26.13 26.39 26.39 26.33 25.78 25.83 26.25 25.94 24.96 25.07 25.01 26.91 26.49 24.89 26.29 26.45 26.58 26.41 26.37 26.74 26.61 25.91 26.16 26.64 26.77 26.62 25.59 25.81 26.41 26.61 26.58 26.37 26.57 26.41 26.18 26.69 26.00 25.84 25.38 25.87 26.58 26.50 26.59 26.48 26.21 26.66 26.66 26.61 26.92 26.95
99999.90 99999.90 99999.90 99999.90 99999.90 99999.90 24.74 24.74 24.74 24.74 24.74 24.74 23.64 23.64 23.64 23.64 23.64 23.64 23.04 24.27 24.59 25.50 26.09 26.01 25.90 26.27 26.91 26.59 26.95 26.44 27.03 26.94 25.49 26.12 26.64 25.99 26.43 26.61 26.49 27.04 26.97 25.58 26.71 26.65 26.56 26.65 26.90 26.61 26.54 25.49 26.85 26.52 25.39 25.73 25.24 26.58 26.64 26.75 26.48 26.00 26.35 26.14 26.85 26.19 26.07 26.30 26.06 26.23 26.53 26.81 26.84 26.71 26.74 26.65 26.71 26.95 26.76
99999.90 99999.90 99999.90 99999.90 99999.90 99999.90 24.74 24.74 24.74 24.74 24.74 24.74 24.74 24.74 24.74 23.39 23.39 23.39 22.04 23.90 24.71 25.30 25.15 25.50 25.27 24.55 25.27 24.35 24.46 25.74 26.45 26.70 27.05 26.56 25.97 25.97 26.27 26.68 25.93 26.12 26.83 26.27 26.87 26.47 26.02 26.57 26.97 27.02 26.93 26.38 26.15 26.28 25.95 25.97 26.09 26.24 26.25 26.40 26.75 26.07 26.25 26.24 26.61 26.27 26.51 26.59 26.74 26.61 26.74 26.66 26.39 26.71 26.67 26.52 26.75 26.68 26.98
99999.90 99999.90 99999.90 99999.90 99999.90 99999.90 24.74 24.74 24.74 24.74 24.74 24.74 24.74 24.74 24.74 24.74 25.02 25.02 23.40 24.95 24.52 26.06 25.90 24.77 24.50 24.54 25.28 26.45 25.65 26.61 26.20 26.13 26.92 26.66 26.59 25.95 26.48 26.82 26.19 26.39 26.74 26.88 26.43 27.03 26.28 26.61 26.54 26.92 26.87 26.70 25.95 26.49 26.79 26.33 26.84 26.36 26.17 26.29 26.67 26.73 26.80 26.89 26.87 27.00 26.50 26.72 26.86 26.97 26.84 26.97 26.72 26.92 26.97 26.80 26.38 26.64 26.49
26.91 26.94 26.94 26.94 26.94 26.94 24.74 24.74 24.74 24.74 24.74 24.74 24.74 24.74 24.74 24.74 24.74 24.49 25.13 25.54 24.39 25.52 25.54 24.62 24.37 24.81 25.81 25.57 26.46 25.62 25.79 25.72 25.82 26.55 27.05 27.06 26.15 26.67 26.28 26.34 26.69 26.61 26.71 26.52 26.82 26.82 26.71 26.55 26.67 26.84 26.77 26.89 26.87 26.53 26.66 26.29 25.86 26.05 26.26 26.87 26.90 26.93 26.94 26.96 26.77 26.74 26.96 26.91 26.88 27.02 26.91 26.92 26.78 26.75 26.61 26.72 26.97
26.91 26.94 26.94 26.94 26.94 26.94 26.94 24.74 24.74 24.74 24.74 24.74 24.74 24.74 24.74 24.74 24.74 24.57 26.08 25.43 24.50 24.74 26.35 25.28 25.17 25.98 26.23 24.63 24.42 24.01 23.28 24.97 26.38 26.32 26.04 26.55 26.82 26.50 26.36 26.09 25.69 25.89 26.17 25.99 26.51 26.78 26.98 26.13 26.72 26.79 26.68 26.57 26.60 26.69 26.74 26.36 26.65 26.46 26.40 26.87 26.71 26.70 26.86 26.91 26.61 26.52 26.72 26.96 26.92 26.99 26.99 27.02 27.02 26.98 26.85 27.00 26.78
26.91 26.94 26.94 26.94 26.94 26.94 26.94 26.94 24.74 24.74 24.74 24.74 24.74 24.74 24.74 24.74 24.74 25.78 26.18 25.65 24.50 24.74 26.35 25.70 25.70 25.53 25.71 25.65 23.62 24.54 25.53 25.74 25.64 26.91 26.68 26.24 26.65 26.92 26.89 27.01 26.65 26.23 26.00 26.44 26.32 26.59 26.96 26.78 26.79 26.59 26.98 26.65 26.97 26.64 26.68 26.64 26.68 26.86 26.83 26.94 26.99 26.99 26.91 26.95 26.91 26.68 26.73 26.60 26.79 26.84 26.96 26.86 26.89 26.84 27.00 26.71 26.73
26.91 26.94 26.94 26.94 26.94 26.94 26.94 26.94 24.74 24.74 24.74 24.74 24.74 24.74 24.74 26.59 26.59 26.59 26.04 26.84 26.84 24.97 24.97 23.64 23.92 25.12 25.14 23.93 24.47 24.90 25.31 25.65 24.81 26.19 25.90 25.92 25.40 26.49 26.56 26.99 26.80 26.67 26.77 26.52 26.56 26.45 25.65 26.75 26.55 26.59 26.79 26.72 26.50 26.96 26.86 26.68 26.89 26.95 26.88 26.93 26.99 26.98 26.96 26.98 26.96 26.98 26.86 26.80 26.90 26.78 26.95 26.99 27.01 26.98 26.93 26.96 26.85
26.91 26.94 26.94 26.94 26.94 26.94 26.94 26.94 26.94 24.74 24.74 24.74 24.74 26.59 26.59 26.59 26.59 26.59 26.86 26.84 25.63 25.63 25.33 24.49 24.46 24.10 25.54 25.53 23.54 24.06 25.20 25.99 25.36 25.09 25.80 23.82 25.48 26.59 26.14 26.52 26.97 27.01 26.68 26.63 26.52 26.41 26.44 26.93 26.80 26.73 26.55 26.37 26.82 26.71 26.56 26.79 26.85 26.84 26.85 26.82 26.94 27.00 26.98 26.76 26.97 26.98 26.87 26.71 26.96 26.91 26.96 26.86 26.95 26.98 26.94 27.01 27.02
26.91 26.94 26.94 26.94 26.94 26.94 26.94 26.94 26.90 26.90 26.90 26.59 26.59 26.59 26.59 26.59 26.95 26.95 26.95 26.95 24.15 24.15 25.32 26.02 25.45 24.45 24.37 25.99 26.10 24.23 25.03 26.74 26.12 25.98 26.18 24.03 25.24 26.20 25.72 25.59 26.44 26.96 27.00 26.89 27.00 26.37 26.74 26.87 26.15 26.80 26.66 26.75 26.74 26.70 26.94 26.72 26.55 26.75 26.84 26.84 26.76 26.94 26.84 26.97 27.00 26.84 26.95 27.00 26.97 26.94 26.96 26.90 26.95 27.00 27.03 27.01 27.00
26.91 26.94 26.94 26.94 26.94 26.94 26.94 26.94 26.90 26.90 26.90 26.90 26.92 26.92 26.92 26.92 26.95 26.95 26.95 26.67 26.67 25.77 26.26 26.48 25.23 26.21 25.49 26.17 26.01 24.79 25.02 25.21 25.30 26.38 26.04 26.18 25.91 24.62 25.46 25.85 25.69 26.63 27.00 25.65 25.98 24.78 26.12 26.02 26.15 26.09 26.46 26.68 26.80 26.93 26.89 26.85 26.96 26.74 26.98 26.99 26.98 26.96 26.79 26.98 26.98 26.98 26.90 26.65 26.96 26.96 26.98 26.96 26.94 26.97 27.00 26.76 27.02
26.91 26.94 26.94 26.94 26.94 26.94 26.94 26.94 26.90 26.90 26.90 26.90 26.91 26.92 26.92 26.92 26.92 26.92 26.92 26.46 26.46 26.62 26.82 26.81 26.83 26.63 26.09 26.62 25.59 26.11 26.56 26.27 25.27 25.41 26.68 26.25 24.86 24.15 25.72 26.15 25.03 24.42 26.69 26.94 26.14 26.19 25.80 26.45 26.05 26.31 26.45 26.69 26.94 26.95 26.96 26.83 26.96 26.96 26.95 26.97 26.98 26.97 26.98 26.99 26.96 26.98 26.97 26.98 26.96 26.94 26.92 26.93 26.94 26.97 27.01 27.01 26.98
26.91 26.94 26.94 26.94 26.94 26.94 26.94 26.90 26.90 26.90 26.90 26.90 26.91 26.91 26.91 26.92 26.92 26.92 26.92 26.80 26.80 26.59 26.92 26.79 26.79 26.71 26.42 25.64 25.80 26.25 26.04 26.06 25.83 26.89 26.90 26.58 26.79 24.91 26.05 25.52 25.18 23.88 25.53 26.51 26.59 26.23 26.46 25.65 26.24 26.55 25.83 26.50 26.87 26.72 26.83 26.95 26.94 26.97 26.96 26.95 26.97 26.96 26.97 26.75 26.96 26.97 26.97 26.98 26.98 26.99 26.95 26.94 26.95 26.96 26.97 26.93 26.96
26.91 26.94 26.94 26.94 26.94 26.94 26.94 26.90 26.90 26.90 26.90 26.90 26.90 26.91 26.91 26.91 26.95 26.95 26.95 26.76 26.36 26.45 26.95 26.79 26.77 26.95 25.86 26.07 26.45 25.80 25.70 25.92 26.51 26.80 26.71 26.98 26.85 26.04 25.19 24.71 25.73 24.51 25.50 25.76 26.93 26.00 26.61 26.15 26.40 26.40 25.79 26.34 26.75 26.83 26.88 26.96 26.95 26.93 26.93 26.94 26.95 26.94 26.94 26.94 26.95 26.97 26.99 26.98 26.97 26.97 26.94 26.93 26.94 26.94 26.95 26.91 26.89
26.91 26.94 26.94 26.94 26.94 26.94 26.90 26.90 26.90 26.90 26.90 26.90 26.90 26.91 26.91 26.91 26.91 26.92 26.89 26.42 25.90 26.41 26.75 26.87 26.93 26.78 26.58 26.94 26.96 26.92 26.56 25.98 26.77 26.29 26.14 26.53 26.99 26.79 26.27 25.96 25.74 26.52 25.44 25.82 26.57 26.68 26.70 26.93 26.65 26.79 26.85 26.60 26.65 26.82 26.90 26.90 26.94 26.94 26.95 26.96 26.94 26.94 26.93 26.94 26.94 26.96 26.96 26.96 26.94 26.96 26.96 26.96 26.94 26.94 26.97 26.90 26.84
26.92 26.90 26.95 26.94 26.94 26.94 26.90 26.90 26.90 26.90 26.90 26.90 26.90 26.90 26.87 26.87 26.87 26.41 26.54 26.73 25.65 26.56 26.93 26.94 26.97 26.95 26.75 26.88 26.03 26.43 26.38 25.37 26.38 25.94 26.42 26.30 26.37 26.83 26.71 25.94 25.67 26.18 26.34 26.03 26.30 26.33 26.51 26.54 26.23 26.86 26.87 26.25 26.61 26.67 26.91 26.81 26.93 26.92 26.94 26.97 26.95 26.94 26.92 26.93 26.97 26.94 26.94 26.94 26.94 26.94 26.94 26.93 26.94 26.95 26.95 26.93 26.85
26.90 26.82 26.89 26.93 26.93 26.94 26.90 26.90 26.90 26.90 26.90 26.90 26.90 26.90 26.79 26.79 26.79 26.75 26.92 26.92 26.92 26.56 26.94 26.96 26.95 26.94 26.23 26.51 25.54 25.68 25.43 25.97 26.17 26.78 26.28 25.91 26.61 26.51 26.65 26.95 26.85 26.62 26.63 26.79 26.25 26.48 26.65 26.57 26.78 26.81 26.87 26.70 26.85 26.94 26.82 26.94 26.91 26.85 26.91 26.94 26.95 26.95 26.92 26.91 26.96 26.94 26.95 26.94 26.93 26.94 26.93 26.91 26.92 26.95 26.95 26.95 26.88
26.90 26.82 26.89 26.93 26.94 26.94 26.91 26.75 26.75 26.93 26.91 26.90 26.90 26.90 26.86 26.79 26.79 26.75 26.92 26.92 26.92 26.56 26.94 26.81 26.54 26.73 26.04 25.96 26.46 26.50 26.50 24.52 25.45 26.75 26.38 26.45 26.86 26.90 26.76 26.74 26.80 26.95 26.95 26.87 26.66 26.86 26.72 26.75 26.78 26.93 26.83 26.86 26.91 26.91 26.93 26.80 26.88 26.65 26.91 26.92 26.94 26.95 26.94 26.93 26.94 26.93 26.94 26.94 26.93 26.95 26.90 26.91 26.92 26.92 26.94 26.93 26.91
26.89 26.87 26.87 26.94 26.93 26.93 26.91 26.91 26.90 26.89 26.89 26.92 26.92 26.87 26.86 26.87 26.87 26.87 26.46 26.24 26.40 26.51 26.71 26.71 26.54 26.73 25.48 26.82 26.48 26.41 26.49 26.23 25.96 26.40 26.66 25.54 25.15 26.93 26.49 26.12 26.95 26.69 26.95 26.39 26.55 26.56 26.54 26.93 26.48 26.82 26.55 26.88 26.89 26.77 26.95 26.93 26.92 26.85 26.91 26.91 26.92 26.94 26.94 26.93 26.93 26.93 26.91 26.94 26.93 26.91 26.87 26.89 26.92 26.92 26.92 26.93 26.91
26.89 26.89 26.63 26.33 26.95 26.75 26.38 26.94 26.53 26.92 26.84 26.90 26.84 26.87 26.86 26.88 26.73 25.81 26.46 26.24 26.40 26.51 26.41 26.53 26.60 26.42 25.82 26.06 26.78 26.42 26.69 26.44 26.79 26.39 25.69 25.65 25.68 26.16 26.80 26.11 26.90 26.56 26.94 26.90 26.93 26.60 26.64 26.75 26.60 26.62 26.92 26.83 26.67 26.63 26.60 26.88 26.93 26.93 26.92 26.91 26.92 26.94 26.94 26.93 26.92 26.90 26.92 26.94 26.94 26.93 26.91 26.90 26.93 26.92 26.92 26.91 26.90
26.89 26.90 26.40 26.00 26.56 26.79 25.72 26.58 26.44 26.46 26.12 26.03 26.52 26.78 26.89 26.63 26.63 26.83 26.26 26.25 26.75 26.70 26.89 26.84 26.90 26.32 25.33 25.36 26.34 25.43 26.32 26.79 26.81 26.59 26.52 26.80 26.60 26.42 26.26 26.68 26.63 26.52 26.77 26.83 26.77 26.84 26.78 26.51 26.55 26.68 26.88 26.81 26.74 26.92 26.68 26.91 26.92 26.91 26.92 26.91 26.91 26.95 26.92 26.94 26.94 26.92 26.93 26.94 26.93 26.92 26.90 26.91 26.91 26.91 26.93 26.91 26.90
26.49 26.49 26.62 26.70 26.64 26.76 26.50 26.41 26.63 26.63 26.45 26.65 26.83 26.82 26.84 26.90 26.80 26.85 26.66 26.89 26.90 26.90 26.90 26.90 26.82 26.93 26.85 26.03 25.86 26.86 26.26 26.83 26.83 26.81 26.66 26.49 26.45 26.69 26.55 26.84 26.82 26.93 26.90 26.64 26.88 26.84 26.71 26.92 26.91 26.92 26.90 26.90 26.89 26.90 26.91 26.90 26.93 26.92 26.92 26.90 26.92 26.93 26.94 26.92 26.90 26.92 26.89 26.92 26.93 26.93 26.91 26.89 26.90 26.93 26.90 26.91 26.91
26.88 26.60 26.66 26.58 26.39 26.92 26.58 26.90 26.78 26.55 26.87 26.89 26.51 26.45 26.58 26.75 26.86 26.82 26.13 26.00 26.35 26.56 26.91 26.90 26.90 26.91 26.91 26.91 26.12 26.29 26.85 26.91 26.54 26.87 26.87 26.83 26.72 26.01 26.60 26.80 26.51 26.80 26.64 26.78 26.88 26.79 26.86 26.44 26.86 26.73 26.89 26.90 26.91 26.92 26.94 26.93 26.92 26.91 26.91 26.91 26.92 26.92 26.92 26.92 26.91 26.90 26.91 26.94 26.92 26.93 26.93 26.91 26.90 26.91 26.88 26.90 26.90
26.72 26.75 26.76 26.24 26.58 26.74 26.88 26.51 26.66 26.72 26.86 26.41 26.50 26.70 26.32 26.65 26.85 26.80 26.63 26.78 26.90 26.67 26.43 26.90 26.89 26.90 26.91 26.74 26.00 26.58 26.36 26.25 26.91 26.90 26.64 26.79 26.89 26.82 26.84 26.90 26.91 26.91 26.92 26.87 26.88 26.92 26.92 26.85 26.76 26.90 26.91 26.91 26.92 26.91 26.90 26.90 26.91 26.91 26.88 26.90 26.91 26.92 26.92 26.93 26.91 26.91 26.91 26.91 26.91 26.92 26.90 26.91 26.90 26.89 26.88 26.90 26.90
26.72 26.89 26.86 26.83 26.83 26.67 26.81 26.79 26.81 26.81 26.63 26.76 26.32 26.48 26.53 26.86 26.83 26.88 26.87 26.72 26.90 26.89 26.90 26.90 26.90 26.89 26.90 26.42 26.59 26.70 26.76 26.46 26.62 26.66 26.88 26.51 26.62 26.76 26.81 26.89 26.92 26.91 26.88 26.76 26.81 26.90 26.88 26.78 26.88 26.89 26.91 26.88 26.90 26.89 26.89 26.89 26.91 26.87 26.87 26.90 26.89 26.91 26.91 26.90 26.90 26.92 26.91 26.91 26.90 26.90 26.90 26.90 26.89 26.88 26.87 26.88 26.90
26.89 26.89 26.86 26.81 26.78 26.87 26.67 26.82 26.69 26.83 26.74 26.71 25.94 26.05 26.72 26.86 26.82 26.76 26.56 26.86 26.88 26.88 26.89 26.75 26.89 26.89 26.89 26.90 26.85 26.63 26.69 26.38 26.43 26.85 26.83 26.73 26.60 26.38 26.65 26.81 26.91 26.91 26.91 26.90 26.78 26.79 26.83 26.79 26.83 26.90 26.90 26.90 26.88 26.88 26.89 26.88 26.88 26.88 26.89 26.90 26.88 26.89 26.89 26.89 26.90 26.91 26.91 26.90 26.89 26.89 26.89 26.90 26.89 26.89 26.90 26.87 26.86
26.89 26.89 26.90 26.90 26.83 26.77 26.62 26.52 26.32 26.80 26.70 26.86 26.41 25.87 26.76 26.51 26.79 26.84 26.80 26.87 26.85 26.87 26.87 26.88 26.88 26.88 26.89 26.89 26.88 26.89 26.89 26.74 26.59 26.67 26.65 26.87 26.59 26.68 26.85 26.82 26.67 26.77 26.77 26.92 26.90 26.84 26.82 26.86 26.89 26.90 26.88 26.89 26.89 26.90 26.88 26.88 26.87 26.87 26.89 26.90 26.89 26.87 26.88 26.89 26.90 26.88 26.88 26.87 26.87 26.88 26.88 26.88 26.88 26.89 26.92 26.90 26.86
