main/data/irradiance/10.07.2023.grid
ncols 839
nrows 679
xllcenter 112.0500
yllcenter -43.9500
cellsize 0.0500
nodata_value 99999.90
[rows 170 to 203 of 679, columns 154 to 230 of 839]
99999.90 99999.90 99999.90 99999.90 99999.90 99999.90 99999.90 99999.90 99999.90 99999.90 99999.90 99999.90 99999.90 99999.90 99999.90 99999.90 99999.90 99999.90 99999.90 99999.90 99999.90 99999.90 99999.90 99999.90 99999.90 99999.90 17.95 17.95 18.08 18.08 18.08 18.08 18.08 18.08 18.08 18.08 18.08 18.23 18.23 18.23 18.23 18.23 18.23 18.23 18.24 18.23 18.21 18.21 18.18 18.14 17.96 18.15 18.10 17.94 17.93 18.23 18.22 18.24 18.16 17.79 17.92 17.87 18.10 18.14 17.78 18.19 18.23 18.25 18.26 18.25 18.15 18.10 18.11 18.25 18.25 18.25 18.25
99999.90 99999.90 99999.90 99999.90 99999.90 99999.90 99999.90 99999.90 99999.90 99999.90 99999.90 99999.90 99999.90 99999.90 99999.90 99999.90 99999.90 99999.90 99999.90 99999.90 99999.90 99999.90 99999.90 99999.90 99999.90 99999.90 17.95 17.95 18.08 18.08 18.08 18.08 18.08 18.08 18.08 18.08 18.08 18.08 17.98 18.22 18.22 18.22 18.22 18.21 18.22 18.20 18.19 18.19 18.19 18.20 18.22 18.21 18.21 18.10 17.94 17.97 18.20 18.14 18.14 17.81 17.81 18.07 18.21 17.99 17.74 17.88 18.09 18.24 18.24 18.23 18.22 18.23 18.22 18.21 18.24 18.23 18.21
99999.90 99999.90 99999.90 99999.90 99999.90 99999.90 99999.90 99999.90 99999.90 99999.90 99999.90 99999.90 99999.90 99999.90 99999.90 99999.90 99999.90 99999.90 99999.90 99999.90 99999.90 99999.90 99999.90 99999.90 99999.90 17.80 17.95 17.95 18.08 18.08 18.08 18.08 18.08 18.08 18.08 18.08 18.08 18.08 18.08 17.98 18.17 18.17 18.22 18.19 18.21 18.20 18.18 18.18 18.17 18.16 18.17 18.17 18.18 18.17 17.96 17.99 18.16 17.97 18.05 18.18 18.18 18.10 18.19 17.98 17.87 18.04 18.11 18.21 18.21 18.22 18.22 18.22 18.23 18.24 18.22 18.23 18.24
99999.90 99999.90 99999.90 99999.90 99999.90 99999.90 99999.90 99999.90 99999.90 99999.90 99999.90 99999.90 99999.90 99999.90 99999.90 99999.90 99999.90 99999.90 99999.90 99999.90 99999.90 99999.90 99999.90 99999.90 17.48 17.80 17.95 17.95 18.08 18.08 18.08 18.08 18.08 18.08 18.08 18.08 18.08 18.08 18.08 17.98 17.98 18.19 18.19 18.18 18.17 18.18 18.18 18.17 18.15 18.13 18.14 18.14 18.09 18.14 18.11 18.08 18.06 17.94 17.79 18.12 18.17 18.17 18.17 17.91 18.04 18.12 18.19 18.18 18.19 18.20 18.19 18.19 18.20 18.21 18.20 18.19 18.18
99999.90 99999.90 99999.90 99999.90 99999.90 99999.90 99999.90 99999.90 99999.90 99999.90 99999.90 99999.90 99999.90 99999.90 99999.90 99999.90 99999.90 99999.90 99999.90 99999.90 99999.90 99999.90 99999.90 99999.90 17.48 17.48 17.95 17.95 17.95 17.95 18.08 18.08 18.08 18.08 18.08 18.08 18.08 18.08 18.08 18.17 18.16 18.17 18.15 18.14 18.12 18.14 18.14 18.14 18.15 18.15 18.12 18.13 17.61 17.80 17.79 17.82 17.88 17.79 17.79 18.00 18.13 18.15 18.10 17.89 17.91 17.91 18.16 18.15 18.15 18.18 18.19 18.18 18.20 18.20 18.19 18.19 18.17
99999.90 99999.90 99999.90 99999.90 99999.90 99999.90 99999.90 99999.90 99999.90 99999.90 99999.90 99999.90 99999.90 99999.90 99999.90 99999.90 99999.90 99999.90 99999.90 99999.90 99999.90 99999.90 99999.90 17.85 17.48 17.48 17.95 17.95 17.95 17.95 17.95 17.95 17.95 17.95 18.08 18.08 18.08 18.08 18.08 18.12 18.14 18.11 18.09 18.11 18.11 18.11 18.11 18.12 18.14 18.13 18.14 18.13 17.79 17.61 17.52 17.70 17.72 17.82 17.74 17.81 17.74 17.70 18.03 18.08 18.04 18.13 18.16 18.15 18.13 18.14 18.15 18.15 18.19 18.18 18.17 18.18 18.15
99999.90 99999.90 99999.90 99999.90 99999.90 99999.90 99999.90 99999.90 99999.90 99999.90 99999.90 99999.90 99999.90 99999.90 99999.90 99999.90 99999.90 99999.90 99999.90 99999.90 99999.90 99999.90 17.81 17.85 17.48 17.48 17.48 17.95 17.95 17.95 17.95 17.95 17.95 17.95 17.95 17.95 18.08 18.08 18.08 17.99 18.11 18.10 18.10 18.09 18.08 18.10 18.10 18.08 18.12 18.12 18.14 18.13 18.12 17.89 17.50 17.60 17.63 17.73 17.84 17.64 17.89 17.89 18.07 18.11 18.12 18.12 18.14 18.14 18.13 18.12 18.12 18.16 18.17 18.16 18.16 18.15 18.12
99999.90 99999.90 99999.90 99999.90 99999.90 99999.90 99999.90 99999.90 99999.90 99999.90 99999.90 99999.90 99999.90 99999.90 99999.90 99999.90 99999.90 99999.90 99999.90 99999.90 99999.90 17.68 17.81 17.81 17.48 17.48 17.48 17.48 17.48 17.95 17.95 17.95 17.95 17.95 17.95 17.95 17.95 18.09 18.09 18.09 18.09 18.08 18.09 18.08 18.08 18.07 18.11 18.11 18.11 18.12 18.10 18.11 18.12 18.01 17.89 17.75 17.59 17.72 18.09 17.96 17.65 17.50 18.00 18.10 18.11 18.13 18.12 18.13 18.12 18.12 18.11 18.11 18.11 18.14 18.15 18.18 18.16
99999.90 99999.90 99999.90 99999.90 99999.90 99999.90 99999.90 99999.90 99999.90 99999.90 99999.90 99999.90 99999.90 99999.90 99999.90 99999.90 99999.90 99999.90 99999.90 99999.90 17.57 17.68 17.68 17.81 17.48 17.48 17.48 17.48 17.48 17.48 17.95 17.95 17.95 17.95 17.95 17.95 17.95 17.95 18.03 18.07 18.05 18.05 18.05 18.06 18.06 18.06 18.09 18.06 18.07 18.08 18.09 18.08 18.05 18.04 18.08 18.09 17.98 17.95 17.91 17.75 17.65 17.94 18.10 18.08 18.10 18.13 18.08 18.08 18.09 18.10 18.09 18.10 18.09 18.10 18.10 18.12 18.13
99999.90 99999.90 99999.90 99999.90 99999.90 99999.90 99999.90 99999.90 99999.90 99999.90 99999.90 99999.90 99999.90 99999.90 99999.90 99999.90 99999.90 99999.90 99999.90 17.74 17.57 17.57 17.68 17.68 17.81 17.48 17.48 17.48 17.48 17.48 17.48 17.80 17.95 17.95 17.95 17.95 18.05 18.05 18.05 18.05 18.05 18.04 18.04 18.05 18.05 18.06 18.06 18.05 18.04 18.05 18.04 18.03 18.01 18.05 18.08 18.06 18.06 18.07 17.96 17.90 17.74 17.72 18.07 18.07 18.10 18.09 18.08 18.07 18.07 18.07 18.08 18.07 18.07 18.08 18.08 18.09 18.09
99999.90 99999.90 99999.90 99999.90 99999.90 99999.90 99999.90 99999.90 99999.90 99999.90 99999.90 99999.90 99999.90 99999.90 99999.90 99999.90 99999.90 99999.90 17.82 17.74 17.74 17.57 17.57 17.68 17.68 17.81 17.81 17.48 17.48 17.48 17.48 17.48 17.80 17.80 17.95 17.95 17.95 18.03 18.02 18.01 18.02 18.01 18.02 17.98 17.89 17.84 17.66 17.84 18.03 18.03 18.02 18.02 18.02 18.05 18.04 18.07 18.06 18.04 18.03 18.06 18.03 17.96 18.07 18.06 18.05 18.06 18.07 18.07 18.06 18.08 18.05 18.06 18.07 18.06 18.07 18.08 18.07
99999.90 99999.90 99999.90 99999.90 99999.90 99999.90 99999.90 99999.90 99999.90 99999.90 99999.90 99999.90 99999.90 99999.90 99999.90 99999.90 17.52 17.52 17.52 17.52 17.52 17.52 17.57 17.57 17.68 17.68 17.81 17.81 17.48 17.48 17.48 17.48 17.48 17.80 17.80 17.98 17.98 18.01 18.00 17.99 17.87 17.82 17.85 17.90 17.81 17.64 17.75 17.67 17.80 18.01 18.01 18.01 18.00 18.00 18.01 18.02 18.02 18.03 18.04 18.05 18.06 18.07 18.06 18.07 18.07 18.03 18.02 18.05 18.07 18.06 18.08 18.05 18.04 18.07 18.07 18.06 18.04
99999.90 99999.90 99999.90 99999.90 99999.90 99999.90 99999.90 99999.90 99999.90 99999.90 99999.90 99999.90 99999.90 99999.90 17.26 17.26 17.26 17.26 17.26 17.26 17.26 17.52 17.52 17.57 17.57 17.68 17.68 17.81 17.81 17.85 17.48 17.48 17.48 17.48 17.80 17.80 17.90 17.91 17.94 17.93 17.93 17.75 17.69 17.51 17.74 17.97 17.92 17.76 17.48 17.96 17.99 18.00 18.00 17.99 18.02 18.00 17.99 18.00 18.02 18.03 18.01 18.02 18.01 18.02 18.02 18.02 18.02 18.05 18.06 18.04 18.04 18.06 18.03 18.04 18.04 18.06 18.05
99999.90 99999.90 99999.90 99999.90 99999.90 99999.90 99999.90 99999.90 99999.90 99999.90 99999.90 99999.90 17.58 17.58 17.58 17.58 17.58 17.58 17.58 17.26 17.26 17.52 17.52 17.74 17.57 17.57 17.68 17.68 17.81 17.81 17.85 17.85 17.48 17.48 17.48 17.90 17.94 17.98 17.94 17.94 17.91 17.89 17.92 17.84 17.44 17.47 17.51 17.73 17.52 17.84 17.96 17.96 17.96 17.97 17.99 17.98 17.98 18.01 17.99 18.00 17.99 17.98 17.99 18.00 18.01 18.00 17.99 18.00 18.00 17.99 18.01 18.01 18.01 18.01 18.01 18.02 18.01
99999.90 99999.90 99999.90 99999.90 99999.90 99999.90 99999.90 99999.90 99999.90 99999.90 17.75 17.75 17.75 17.75 17.75 17.75 17.75 17.58 17.58 17.26 17.26 17.26 17.52 17.52 17.74 17.57 17.57 17.68 17.68 17.81 17.81 17.85 17.85 17.87 17.87 17.94 17.91 17.88 17.85 17.86 17.87 17.82 17.88 17.87 17.68 17.88 17.89 17.91 17.66 17.75 17.71 17.52 17.92 17.99 17.99 17.97 17.98 17.96 17.96 17.97 17.96 17.97 17.98 17.99 17.98 17.99 17.98 17.99 17.97 17.98 18.00 17.99 17.98 17.99 18.01 17.99 17.98
99999.90 99999.90 99999.90 99999.90 99999.90 99999.90 99999.90 17.46 17.46 17.46 17.46 17.46 17.46 17.46 17.46 17.46 17.75 17.58 17.58 17.58 17.26 17.26 17.52 17.52 17.52 17.74 17.57 17.57 17.68 17.68 17.81 17.81 17.85 17.85 17.88 17.86 17.90 17.89 17.72 17.76 17.84 17.83 17.86 17.91 17.91 17.89 17.86 17.89 17.92 17.93 17.95 17.95 17.95 18.00 17.97 17.97 17.97 17.96 17.95 17.95 17.97 17.97 17.96 17.98 17.99 17.99 18.00 18.00 18.00 18.01 17.99 17.97 17.97 17.95 17.95 17.97 17.97
99999.90 99999.90 99999.90 99999.90 17.41 17.41 17.41 17.41 17.41 17.41 17.41 17.41 17.41 17.46 17.46 17.46 17.75 17.75 17.58 17.58 17.26 17.26 17.26 17.52 17.52 17.74 17.74 17.57 17.57 17.68 17.68 17.81 17.81 17.93 17.85 17.83 17.89 17.88 17.88 17.84 17.83 17.82 17.85 17.88 17.89 17.84 17.88 17.88 17.89 17.89 17.89 17.91 17.96 17.99 17.99 17.96 17.95 17.94 17.93 17.93 17.92 17.92 17.95 17.95 17.95 17.97 17.98 17.94 17.96 17.97 17.96 17.95 17.91 17.93 17.95 17.95 17.97
99999.90 99999.90 17.67 17.67 17.67 17.67 17.67 17.67 17.67 17.41 17.41 17.41 17.41 17.46 17.46 17.46 17.75 17.75 17.58 17.58 17.58 17.26 17.26 17.52 17.52 17.52 17.74 17.74 17.57 17.57 17.68 17.68 17.91 17.88 17.81 17.82 17.87 17.85 17.88 17.86 17.86 17.86 17.86 17.85 17.86 17.85 17.80 17.83 17.88 17.86 17.90 17.93 17.92 17.93 17.94 17.94 17.95 17.95 17.93 17.94 17.95 17.91 17.92 17.93 17.94 17.95 17.96 17.96 17.94 17.94 17.89 17.88 17.92 17.95 17.97 17.96 17.95
17.41 17.41 17.41 17.41 17.41 17.41 17.41 17.65 17.67 17.41 17.41 17.41 17.41 17.46 17.46 17.46 17.46 17.75 17.75 17.58 17.58 17.26 17.26 17.26 17.52 17.52 17.82 17.74 17.74 17.57 17.57 17.88 17.86 17.87 17.83 17.80 17.84 17.83 17.80 17.83 17.83 17.82 17.84 17.83 17.81 17.85 17.85 17.87 17.87 17.89 17.85 17.89 17.91 17.90 17.88 17.90 17.90 17.89 17.91 17.90 17.90 17.92 17.93 17.90 17.90 17.91 17.92 17.93 17.91 17.91 17.92 17.88 17.88 17.90 17.93 17.90 17.92
17.25 17.65 17.41 17.41 17.41 17.41 17.41 17.65 17.67 17.67 17.41 17.41 17.41 17.41 17.46 17.46 17.46 17.75 17.75 17.58 17.58 17.58 17.26 17.26 17.52 17.52 17.52 17.82 17.74 17.74 17.83 17.81 17.84 17.83 17.79 17.79 17.82 17.83 17.84 17.84 17.83 17.81 17.80 17.82 17.81 17.83 17.84 17.83 17.82 17.84 17.84 17.82 17.85 17.85 17.86 17.86 17.85 17.87 17.85 17.86 17.88 17.88 17.90 17.84 17.84 17.87 17.88 17.90 17.88 17.88 17.88 17.90 17.91 17.92 17.91 17.91 17.88
17.25 17.65 17.41 17.41 17.41 17.41 17.41 17.65 17.66 17.67 17.41 17.41 17.41 17.41 17.46 17.46 17.46 17.75 17.75 17.75 17.58 17.58 17.26 17.26 17.26 17.52 17.52 17.82 17.82 17.77 17.77 17.81 17.81 17.80 17.77 17.77 17.81 17.81 17.78 17.78 17.77 17.78 17.80 17.79 17.77 17.79 17.81 17.83 17.83 17.84 17.84 17.81 17.82 17.81 17.82 17.83 17.82 17.82 17.82 17.81 17.83 17.85 17.84 17.86 17.83 17.82 17.86 17.86 17.86 17.85 17.86 17.87 17.88 17.88 17.87 17.87 17.87
17.25 17.65 17.70 17.41 17.41 17.41 17.41 17.65 17.66 17.67 17.67 17.41 17.41 17.41 17.46 17.46 17.46 17.46 17.75 17.75 17.58 17.58 17.58 17.26 17.26 17.52 17.52 17.80 17.73 17.65 17.74 17.79 17.78 17.81 17.79 17.78 17.79 17.78 17.77 17.79 17.79 17.78 17.75 17.76 17.76 17.77 17.81 17.79 17.82 17.84 17.83 17.83 17.82 17.83 17.81 17.78 17.78 17.78 17.78 17.76 17.73 17.77 17.82 17.82 17.85 17.84 17.83 17.84 17.84 17.83 17.84 17.85 17.87 17.85 17.85 17.86 17.86
17.25 17.65 17.70 17.41 17.41 17.41 17.41 17.65 17.66 17.67 17.67 17.41 17.41 17.41 17.41 17.46 17.46 17.46 17.75 17.75 17.75 17.58 17.58 17.26 17.26 17.77 17.72 17.68 17.70 17.67 17.79 17.78 17.75 17.76 17.80 17.79 17.80 17.79 17.77 17.80 17.77 17.76 17.76 17.76 17.75 17.76 17.79 17.79 17.80 17.80 17.81 17.82 17.80 17.78 17.79 17.81 17.79 17.80 17.78 17.80 17.79 17.80 17.80 17.81 17.81 17.80 17.81 17.81 17.82 17.84 17.84 17.84 17.84 17.84 17.84 17.83 17.83
17.25 17.65 17.70 17.41 17.41 17.41 17.41 17.65 17.66 17.67 17.67 17.67 17.41 17.41 17.41 17.46 17.46 17.46 17.74 17.75 17.75 17.58 17.58 17.76 17.67 17.69 17.67 17.71 17.76 17.74 17.71 17.76 17.77 17.78 17.78 17.77 17.77 17.77 17.78 17.78 17.78 17.77 17.75 17.78 17.74 17.77 17.80 17.81 17.79 17.80 17.79 17.81 17.81 17.79 17.77 17.80 17.78 17.77 17.78 17.78 17.77 17.77 17.79 17.80 17.81 17.81 17.80 17.80 17.80 17.80 17.81 17.82 17.80 17.78 17.80 17.80 17.80
17.25 17.65 17.70 17.41 17.41 17.41 17.41 17.65 17.66 17.65 17.67 17.67 17.41 17.41 17.41 17.71 17.46 17.46 17.74 17.75 17.75 17.78 17.78 17.77 17.76 17.77 17.76 17.77 17.75 17.70 17.49 17.53 17.40 17.80 17.74 17.75 17.80 17.79 17.77 17.77 17.74 17.74 17.76 17.75 17.76 17.76 17.77 17.77 17.74 17.75 17.76 17.78 17.79 17.77 17.78 17.77 17.78 17.78 17.76 17.77 17.74 17.74 17.75 17.79 17.78 17.78 17.78 17.78 17.77 17.80 17.80 17.80 17.79 17.80 17.80 17.78 17.79
17.25 17.65 17.70 17.68 17.41 17.41 17.41 17.65 17.66 17.65 17.67 17.67 17.67 17.41 17.41 17.71 17.46 17.46 17.74 17.71 17.72 17.75 17.72 17.68 17.71 17.70 17.67 17.70 17.72 17.69 17.44 17.64 17.75 17.71 17.71 17.66 17.71 17.74 17.73 17.74 17.74 17.72 17.73 17.74 17.76 17.76 17.77 17.74 17.74 17.73 17.75 17.76 17.75 17.76 17.76 17.77 17.77 17.75 17.73 17.70 17.75 17.76 17.77 17.76 17.77 17.77 17.75 17.76 17.77 17.77 17.77 17.77 17.77 17.78 17.78 17.74 17.74
17.25 17.65 17.70 17.68 17.41 17.41 17.41 17.65 17.66 17.65 17.66 17.67 17.67 17.41 17.41 17.71 17.68 17.71 17.66 17.68 17.66 17.72 17.68 17.72 17.73 17.71 17.71 17.64 17.68 17.67 17.68 17.69 17.68 17.66 17.68 17.68 17.65 17.67 17.66 17.69 17.72 17.68 17.67 17.69 17.71 17.73 17.74 17.71 17.68 17.67 17.65 17.71 17.76 17.73 17.74 17.76 17.73 17.74 17.75 17.75 17.74 17.75 17.73 17.70 17.72 17.72 17.69 17.75 17.75 17.74 17.74 17.73 17.75 17.76 17.74 17.73 17.73
17.25 17.65 17.70 17.68 17.64 17.41 17.41 17.65 17.66 17.65 17.66 17.67 17.67 17.66 17.64 17.63 17.66 17.61 17.63 17.63 17.64 17.66 17.67 17.68 17.67 17.70 17.69 17.68 17.67 17.68 17.65 17.65 17.68 17.67 17.69 17.68 17.70 17.68 17.69 17.68 17.67 17.69 17.65 17.67 17.64 17.67 17.68 17.69 17.63 17.44 17.61 17.47 17.56 17.60 17.69 17.70 17.72 17.73 17.73 17.73 17.72 17.73 17.70 17.71 17.72 17.69 17.74 17.73 17.69 17.71 17.72 17.73 17.74 17.71 17.71 17.68 17.70
17.25 17.65 17.70 17.68 17.64 17.41 17.41 17.65 17.66 17.65 17.66 17.63 17.59 17.58 17.60 17.61 17.64 17.60 17.61 17.62 17.60 17.63 17.67 17.67 17.64 17.63 17.66 17.64 17.62 17.63 17.64 17.65 17.64 17.64 17.62 17.65 17.64 17.62 17.63 17.66 17.64 17.67 17.65 17.63 17.65 17.60 17.56 17.49 17.16 17.30 17.11 16.93 16.93 17.18 17.34 17.42 17.63 17.71 17.70 17.70 17.68 17.70 17.71 17.73 17.72 17.72 17.70 17.71 17.67 17.60 17.70 17.72 17.71 17.69 17.70 17.69 17.69
17.25 17.65 17.70 17.68 17.64 17.64 17.67 17.66 17.61 17.60 17.59 17.62 17.58 17.57 17.63 17.58 17.62 17.63 17.60 17.60 17.61 17.65 17.66 17.68 17.66 17.64 17.65 17.63 17.62 17.65 17.65 17.63 17.61 17.63 17.62 17.62 17.61 17.63 17.61 17.60 17.65 17.65 17.65 17.61 17.61 17.58 17.47 17.55 17.50 17.29 17.19 17.04 17.13 17.12 17.10 17.08 17.08 17.24 17.65 17.65 17.67 17.67 17.62 17.64 17.67 17.65 17.63 17.56 17.62 17.66 17.67 17.69 17.68 17.68 17.68 17.68 17.68
17.49 17.66 17.67 17.63 17.60 17.60 17.63 17.64 17.66 17.66 17.63 17.63 17.60 17.58 17.59 17.55 17.58 17.59 17.58 17.57 17.61 17.63 17.60 17.58 17.59 17.62 17.61 17.60 17.61 17.63 17.61 17.61 17.60 17.59 17.56 17.56 17.58 17.60 17.60 17.62 17.61 17.63 17.62 17.59 17.60 17.60 17.59 17.61 17.61 17.61 17.44 17.15 17.47 17.64 17.55 17.40 17.52 16.94 17.19 17.69 17.69 17.67 17.68 17.68 17.64 17.63 17.62 17.65 17.62 17.69 17.67 17.67 17.65 17.65 17.65 17.65 17.64
17.61 17.63 17.62 17.64 17.63 17.63 17.66 17.66 17.65 17.65 17.65 17.63 17.62 17.58 17.57 17.56 17.55 17.56 17.51 17.52 17.53 17.57 17.55 17.55 17.57 17.57 17.57 17.56 17.58 17.58 17.58 17.54 17.53 17.54 17.55 17.54 17.52 17.59 17.58 17.60 17.57 17.56 17.58 17.55 17.56 17.58 17.59 17.56 17.60 17.58 17.61 17.55 17.18 17.16 17.49 17.35 17.61 17.56 17.46 17.40 17.60 17.62 17.61 17.62 17.62 17.60 17.58 17.62 17.64 17.62 17.63 17.59 17.63 17.62 17.62 17.61 17.62
17.60 17.58 17.58 17.59 17.60 17.61 17.59 17.60 17.62 17.63 17.64 17.59 17.59 17.57 17.54 17.55 17.55 17.54 17.50 17.50 17.53 17.53 17.53 17.52 17.51 17.52 17.56 17.56 17.55 17.58 17.58 17.57 17.57 17.54 17.53 17.54 17.57 17.57 17.59 17.56 17.53 17.56 17.55 17.53 17.54 17.55 17.57 17.59 17.56 17.54 17.56 17.59 17.57 17.41 17.39 17.51 17.63 17.59 17.59 17.59 17.60 17.61 17.59 17.62 17.59 17.57 17.53 17.57 17.58 17.59 17.60 17.57 17.58 17.61 17.58 17.55 17.58
17.60 17.60 17.58 17.56 17.53 17.56 17.49 17.50 17.56 17.60 17.61 17.61 17.60 17.57 17.55 17.54 17.56 17.56 17.50 17.51 17.48 17.49 17.46 17.51 17.50 17.49 17.52 17.52 17.53 17.55 17.56 17.55 17.56 17.55 17.55 17.52 17.54 17.57 17.59 17.58 17.57 17.53 17.54 17.53 17.52 17.51 17.54 17.55 17.55 17.55 17.51 17.55 17.54 17.54 17.59 17.61 17.62 17.60 17.55 17.57 17.54 17.57 17.60 17.57 17.54 17.55 17.53 17.51 17.58 17.57 17.51 17.48 17.51 17.50 17.54 17.54 17.53
