main/data/irradiance/10.07.2023.grid
ncols 839
nrows 679
xllcenter 112.0500
yllcenter -43.9500
cellsize 0.0500
nodata_value 99999.90
[rows 170 to 203 of 679, columns 308 to 384 of 839]
18.31 18.30 18.30 18.29 18.29 18.29 18.29 18.29 18.30 18.30 18.30 18.31 18.27 18.27 18.28 18.30 18.29 18.30 18.30 18.31 18.30 18.31 18.30 18.30 18.26 18.25 18.27 18.30 18.29 18.25 18.24 18.24 18.25 18.26 18.24 18.23 18.25 18.24 18.24 18.25 18.25 18.25 18.25 18.24 18.26 18.24 18.24 18.25 18.27 18.26 18.26 18.26 18.25 18.25 18.20 18.22 18.25 18.25 18.24 18.24 18.26 18.27 18.26 18.25 18.24 18.24 18.21 18.06 17.90 17.79 17.89 18.12 18.01 17.94 17.80 17.88 17.80
18.29 18.28 18.27 18.27 18.28 18.28 18.27 18.25 18.27 18.27 18.27 18.26 18.25 18.23 18.24 18.27 18.25 18.26 18.28 18.27 18.28 18.28 18.27 18.27 18.19 18.20 18.19 18.29 18.28 18.24 18.23 18.23 18.23 18.24 18.23 18.22 18.23 18.23 18.22 18.24 18.23 18.22 18.21 18.22 18.23 18.22 18.22 18.23 18.24 18.25 18.24 18.23 18.24 18.23 18.22 18.23 18.24 18.23 18.23 18.24 18.24 18.23 18.25 18.21 18.23 18.19 18.15 18.10 18.11 17.96 17.87 17.92 17.94 17.98 17.84 17.76 17.73
18.27 18.26 18.25 18.25 18.25 18.26 18.24 18.23 18.23 18.23 18.23 18.24 18.23 18.21 18.22 18.23 18.24 18.23 18.25 18.25 18.26 18.25 18.24 18.21 18.23 18.22 18.22 18.22 18.21 18.22 18.21 18.20 18.21 18.20 18.21 18.21 18.21 18.21 18.21 18.22 18.22 18.21 18.21 18.22 18.22 18.21 18.21 18.22 18.22 18.23 18.23 18.22 18.21 18.21 18.21 18.20 18.20 18.22 18.22 18.22 18.22 18.21 18.17 18.15 18.17 18.08 18.08 18.01 17.96 17.96 17.80 17.93 17.83 17.81 17.59 17.38 17.47
18.25 18.24 18.22 18.24 18.23 18.22 18.22 18.22 18.20 18.20 18.21 18.21 18.22 18.22 18.20 18.21 18.21 18.20 18.22 18.23 18.23 18.19 18.18 18.21 18.21 18.20 18.19 18.18 18.20 18.19 18.19 18.18 18.19 18.18 18.17 18.17 18.18 18.19 18.18 18.19 18.19 18.18 18.18 18.19 18.18 18.19 18.18 18.19 18.20 18.20 18.20 18.21 18.20 18.18 18.18 18.18 18.19 18.19 18.20 18.20 18.19 18.18 18.17 18.17 18.10 18.00 17.99 17.94 17.90 17.89 17.83 17.70 17.76 17.66 17.48 17.40 17.54
18.23 18.22 18.20 18.21 18.21 18.20 18.21 18.20 18.21 18.19 18.20 18.20 18.21 18.21 18.20 18.20 18.18 18.18 18.17 18.17 18.16 18.17 18.18 18.18 18.20 18.18 18.18 18.17 18.17 18.17 18.17 18.17 18.17 18.16 18.16 18.16 18.17 18.17 18.16 18.15 18.17 18.16 18.17 18.17 18.16 18.16 18.17 18.17 18.16 18.17 18.17 18.17 18.16 18.16 18.17 18.16 18.17 18.16 18.17 18.16 18.16 18.17 18.16 18.16 18.08 18.11 17.97 17.96 17.95 18.01 17.96 17.76 17.62 17.84 17.88 17.75 17.66
18.20 18.21 18.20 18.20 18.19 18.17 18.18 18.17 18.17 18.16 18.18 18.19 18.20 18.20 18.20 18.18 18.16 18.15 18.13 18.15 18.16 18.17 18.16 18.17 18.16 18.16 18.17 18.17 18.17 18.16 18.17 18.15 18.15 18.15 18.16 18.15 18.15 18.15 18.15 18.14 18.14 18.13 18.14 18.14 18.14 18.15 18.15 18.15 18.16 18.15 18.15 18.15 18.16 18.16 18.16 18.16 18.16 18.15 18.16 18.16 18.15 18.16 18.14 18.07 18.00 18.04 17.94 17.84 17.88 17.94 18.05 17.75 17.46 17.81 17.78 17.71 17.74
18.17 18.18 18.18 18.18 18.17 18.18 18.17 18.17 18.16 18.17 18.16 18.17 18.17 18.16 18.19 18.16 18.14 18.12 18.13 18.14 18.13 18.14 18.15 18.15 18.15 18.15 18.16 18.16 18.15 18.15 18.15 18.14 18.14 18.13 18.14 18.13 18.13 18.12 18.13 18.13 18.12 18.12 18.13 18.12 18.13 18.13 18.11 18.11 18.13 18.15 18.14 18.14 18.14 18.13 18.14 18.13 18.15 18.14 18.14 18.14 18.13 18.13 18.12 18.06 17.97 18.01 17.93 17.84 17.74 17.81 17.96 17.76 17.64 17.83 17.67 17.69 17.75
18.16 18.16 18.16 18.16 18.14 18.15 18.14 18.15 18.14 18.14 18.15 18.16 18.14 18.13 18.14 18.15 18.11 18.12 18.12 18.12 18.13 18.12 18.13 18.14 18.14 18.14 18.14 18.14 18.14 18.14 18.13 18.11 18.12 18.11 18.11 18.11 18.11 18.12 18.12 18.11 18.10 18.10 18.10 18.10 18.12 18.12 18.11 18.11 18.11 18.12 18.13 18.13 18.11 18.11 18.12 18.11 18.12 18.14 18.13 18.13 18.11 18.10 18.11 18.07 17.97 17.99 17.94 17.80 17.70 17.70 17.76 17.70 17.63 17.76 17.66 17.69 17.66
18.12 18.12 18.12 18.12 18.12 18.13 18.12 18.13 18.12 18.12 18.14 18.13 18.11 18.10 18.13 18.13 18.10 18.09 18.09 18.10 18.10 18.10 18.11 18.10 18.11 18.11 18.12 18.12 18.11 18.10 18.10 18.10 18.10 18.09 18.09 18.10 18.09 18.10 18.10 18.08 18.08 18.08 18.08 18.07 18.07 18.07 18.08 18.08 18.09 18.09 18.09 18.08 18.08 18.09 18.08 18.08 18.10 18.09 18.09 18.08 18.07 18.09 18.11 18.09 17.94 17.96 17.96 17.91 17.77 17.56 17.59 17.70 17.70 17.66 17.54 17.54 17.62
18.09 18.09 18.10 18.10 18.09 18.08 18.11 18.10 18.10 18.11 18.11 18.08 18.10 18.09 18.09 18.12 18.11 18.08 18.08 18.09 18.10 18.09 18.08 18.08 18.08 18.08 18.08 18.09 18.10 18.08 18.08 18.07 18.08 18.07 18.07 18.08 18.06 18.06 18.06 18.07 18.06 18.04 18.05 18.04 18.05 18.05 18.05 18.06 18.06 18.07 18.07 18.06 18.07 18.06 18.06 18.06 18.09 18.08 18.07 18.06 18.06 18.08 18.07 18.06 17.95 17.94 17.98 17.93 17.76 17.59 17.46 17.51 17.64 17.59 17.45 17.49 17.50
18.07 18.08 18.07 18.06 18.09 18.07 18.08 18.09 18.10 18.10 18.07 18.08 18.07 18.08 18.07 18.10 18.11 18.07 18.06 18.07 18.08 18.07 18.07 18.07 18.08 18.07 18.08 18.09 18.08 18.07 18.07 18.08 18.07 18.06 18.06 18.06 18.06 18.05 18.05 18.05 18.04 18.03 18.03 18.03 18.03 18.03 18.03 18.03 18.03 18.04 18.05 18.05 18.05 18.04 18.04 18.04 18.05 18.05 18.05 18.06 18.06 18.06 18.05 18.04 17.99 17.97 17.96 17.83 17.73 17.60 17.37 17.43 17.50 17.49 17.37 17.38 17.39
18.05 18.05 18.04 18.05 18.05 18.05 18.05 18.08 18.08 18.05 18.05 18.04 18.04 18.05 18.06 18.07 18.08 18.05 18.03 18.06 18.06 18.07 18.06 18.06 18.06 18.06 18.05 18.05 18.06 18.03 18.02 18.03 18.04 18.03 18.03 18.03 18.03 18.03 18.03 18.00 18.00 18.01 18.01 18.01 18.02 18.02 18.02 18.02 18.01 18.02 18.05 18.03 18.03 18.02 18.03 18.01 18.02 18.03 18.04 18.04 18.02 18.01 18.00 18.01 17.99 17.85 17.77 17.71 17.62 17.60 17.44 17.37 17.42 17.40 17.30 17.20 17.41
18.05 18.05 18.04 18.05 18.04 18.02 18.03 18.07 18.04 18.03 18.04 18.02 18.03 18.03 18.05 18.04 18.05 18.04 18.03 18.03 18.04 18.04 18.03 18.04 18.04 18.03 18.02 18.03 18.03 18.01 18.00 18.01 18.02 18.01 18.00 18.00 18.01 18.01 18.02 18.01 18.00 18.00 17.99 17.99 18.00 17.99 18.00 18.00 17.99 18.02 18.01 18.00 18.00 18.01 17.99 18.00 18.00 18.00 18.01 18.01 18.00 18.00 17.98 17.86 17.89 17.80 17.61 17.51 17.57 17.58 17.46 17.46 17.39 17.16 17.04 17.18 17.35
18.01 18.01 18.01 18.02 18.00 17.99 18.00 18.02 18.01 18.01 18.01 18.01 18.01 18.02 18.02 18.01 18.02 18.02 18.02 18.01 18.02 18.02 18.01 18.02 18.02 18.01 18.00 18.01 18.01 17.99 17.98 17.99 17.99 17.98 17.99 17.99 17.98 17.98 18.00 18.00 17.99 17.97 17.97 17.98 17.98 17.98 17.97 17.97 17.97 17.99 17.99 17.98 17.99 17.97 17.97 17.98 17.99 17.97 17.96 17.94 17.99 17.99 17.91 17.49 17.55 17.61 17.38 17.27 17.35 17.46 17.27 17.23 17.16 17.03 16.92 17.17 17.39
17.99 17.99 18.01 18.00 18.00 17.98 17.99 18.00 18.00 18.00 18.00 17.99 17.97 18.00 18.00 18.00 17.99 18.00 18.00 17.99 17.99 17.98 17.98 17.99 17.99 17.98 17.99 17.99 17.98 17.98 17.97 17.97 17.97 17.97 17.97 17.97 17.97 17.97 17.97 17.97 17.96 17.96 17.95 17.94 17.96 17.95 17.95 17.95 17.96 17.95 17.96 17.96 17.96 17.95 17.94 17.95 17.95 17.94 17.94 17.94 17.96 17.80 17.77 17.23 16.93 17.08 17.15 17.08 17.10 17.12 17.18 17.06 17.06 17.09 17.07 17.16 17.33
17.98 17.98 17.99 17.98 17.97 17.97 17.97 17.97 17.97 17.99 18.00 17.98 17.97 17.99 18.01 18.00 17.98 17.98 17.98 17.98 17.97 17.95 17.96 17.97 17.97 17.96 17.96 17.96 17.96 17.95 17.95 17.93 17.93 17.93 17.95 17.95 17.95 17.96 17.95 17.94 17.95 17.94 17.93 17.96 17.94 17.94 17.94 17.94 17.93 17.94 17.95 17.93 17.93 17.94 17.93 17.92 17.94 17.93 17.88 17.70 17.81 17.59 17.55 17.49 17.17 16.82 16.92 16.93 16.94 16.96 17.00 16.89 16.74 16.77 16.88 17.23 17.47
17.99 17.97 17.97 17.97 17.95 17.95 17.95 17.94 17.94 18.01 18.00 17.98 17.98 17.97 17.97 17.96 17.96 17.96 17.96 17.96 17.96 17.94 17.95 17.94 17.95 17.94 17.95 17.94 17.93 17.94 17.93 17.93 17.93 17.92 17.92 17.94 17.93 17.94 17.94 17.92 17.91 17.90 17.91 17.93 17.91 17.91 17.90 17.91 17.91 17.91 17.92 17.90 17.90 17.91 17.91 17.91 17.92 17.92 17.77 17.46 17.52 17.47 17.44 17.51 17.35 17.14 16.80 16.59 16.66 16.69 16.81 16.77 16.64 16.75 16.91 17.19 17.47
17.96 17.96 17.96 17.94 17.93 17.93 17.96 17.97 17.99 17.99 17.98 17.97 17.96 17.96 17.96 17.95 17.96 17.96 17.96 17.96 17.95 17.93 17.92 17.94 17.93 17.93 17.93 17.93 17.92 17.93 17.92 17.92 17.92 17.90 17.89 17.91 17.90 17.90 17.90 17.91 17.91 17.89 17.91 17.89 17.89 17.91 17.87 17.89 17.89 17.89 17.89 17.90 17.89 17.88 17.88 17.89 17.89 17.90 17.72 17.48 17.42 17.46 17.35 17.33 17.29 17.23 17.04 16.71 16.57 16.41 16.60 16.54 16.53 16.56 16.78 17.31 17.34
17.95 17.93 17.92 17.92 17.93 17.93 17.95 17.97 17.98 17.99 17.98 17.95 17.94 17.94 17.93 17.92 17.93 17.93 17.93 17.93 17.93 17.92 17.92 17.92 17.92 17.93 17.91 17.91 17.91 17.92 17.90 17.90 17.90 17.89 17.89 17.89 17.87 17.88 17.87 17.89 17.88 17.87 17.87 17.87 17.87 17.86 17.86 17.86 17.86 17.86 17.87 17.87 17.88 17.87 17.87 17.87 17.87 17.86 17.75 17.57 17.36 17.52 17.51 17.29 17.22 17.13 17.05 16.88 16.80 16.52 16.38 16.39 16.61 16.67 16.68 17.01 17.13
17.94 17.93 17.91 17.92 17.92 17.90 17.93 17.96 17.97 17.94 17.93 17.93 17.93 17.91 17.90 17.90 17.91 17.91 17.92 17.92 17.91 17.92 17.90 17.92 17.91 17.91 17.92 17.88 17.87 17.89 17.88 17.88 17.88 17.88 17.87 17.87 17.88 17.86 17.86 17.87 17.87 17.86 17.85 17.85 17.85 17.84 17.84 17.84 17.85 17.84 17.85 17.86 17.86 17.85 17.85 17.85 17.85 17.85 17.76 17.53 17.43 17.47 17.46 17.40 17.21 16.96 16.96 16.87 16.64 16.69 16.61 16.52 16.71 16.76 16.73 16.73 17.01
17.90 17.89 17.89 17.90 17.89 17.88 17.91 17.91 17.90 17.90 17.90 17.91 17.88 17.88 17.88 17.89 17.89 17.90 17.89 17.89 17.89 17.88 17.86 17.88 17.90 17.89 17.89 17.86 17.86 17.86 17.86 17.86 17.88 17.86 17.86 17.87 17.87 17.85 17.85 17.82 17.82 17.83 17.84 17.83 17.86 17.82 17.81 17.81 17.82 17.82 17.82 17.82 17.83 17.82 17.82 17.83 17.83 17.82 17.76 17.51 17.55 17.42 17.34 17.32 17.24 17.04 16.90 16.78 16.59 16.49 16.49 16.74 16.74 16.69 16.57 16.71 16.78
17.89 17.88 17.86 17.87 17.86 17.86 17.88 17.89 17.88 17.87 17.88 17.88 17.86 17.87 17.87 17.88 17.89 17.89 17.88 17.88 17.88 17.87 17.88 17.85 17.85 17.85 17.85 17.84 17.84 17.83 17.83 17.84 17.85 17.83 17.83 17.82 17.85 17.84 17.84 17.81 17.83 17.83 17.82 17.81 17.82 17.81 17.81 17.81 17.82 17.81 17.81 17.81 17.80 17.80 17.80 17.81 17.80 17.80 17.78 17.61 17.49 17.50 17.43 17.37 17.27 17.21 17.02 16.91 17.04 16.78 16.53 16.68 17.01 16.72 16.55 16.56 16.51
17.89 17.87 17.86 17.86 17.86 17.86 17.87 17.88 17.88 17.89 17.87 17.86 17.85 17.84 17.85 17.85 17.86 17.86 17.85 17.85 17.86 17.86 17.86 17.85 17.85 17.83 17.82 17.82 17.83 17.82 17.83 17.84 17.84 17.82 17.82 17.81 17.83 17.83 17.82 17.82 17.82 17.80 17.80 17.80 17.80 17.79 17.79 17.79 17.80 17.79 17.80 17.80 17.79 17.79 17.79 17.78 17.79 17.79 17.77 17.69 17.59 17.48 17.50 17.41 17.37 17.51 17.36 17.29 17.37 17.20 16.90 16.82 17.20 17.09 17.03 17.17 17.00
17.82 17.83 17.81 17.83 17.84 17.86 17.85 17.85 17.87 17.85 17.85 17.85 17.83 17.82 17.83 17.83 17.83 17.83 17.84 17.83 17.83 17.83 17.83 17.82 17.80 17.79 17.79 17.79 17.79 17.78 17.80 17.82 17.80 17.80 17.80 17.81 17.80 17.80 17.80 17.79 17.79 17.78 17.79 17.79 17.79 17.76 17.79 17.78 17.79 17.78 17.78 17.77 17.76 17.75 17.76 17.76 17.77 17.77 17.76 17.69 17.66 17.65 17.66 17.59 17.44 17.41 17.45 17.58 17.62 17.48 17.23 17.04 17.07 17.36 17.33 17.30 17.17
17.82 17.82 17.83 17.85 17.86 17.85 17.85 17.83 17.84 17.82 17.82 17.83 17.82 17.82 17.80 17.82 17.82 17.82 17.81 17.81 17.81 17.80 17.82 17.80 17.77 17.77 17.77 17.77 17.77 17.76 17.78 17.79 17.79 17.78 17.77 17.78 17.77 17.77 17.77 17.76 17.77 17.76 17.76 17.77 17.77 17.75 17.76 17.76 17.76 17.75 17.75 17.75 17.75 17.75 17.75 17.75 17.75 17.75 17.76 17.75 17.76 17.74 17.68 17.69 17.55 17.12 17.46 17.58 17.58 17.60 17.50 17.17 17.08 17.39 17.43 17.26 17.17
17.81 17.79 17.84 17.84 17.83 17.83 17.81 17.80 17.82 17.79 17.81 17.82 17.82 17.81 17.79 17.80 17.79 17.79 17.79 17.79 17.79 17.79 17.79 17.78 17.79 17.75 17.75 17.76 17.76 17.75 17.74 17.74 17.76 17.76 17.75 17.74 17.75 17.74 17.75 17.75 17.74 17.75 17.75 17.74 17.73 17.74 17.73 17.74 17.74 17.74 17.74 17.74 17.73 17.73 17.73 17.73 17.72 17.72 17.73 17.70 17.72 17.72 17.69 17.53 17.47 17.16 17.06 17.35 17.57 17.64 17.49 17.28 17.33 17.52 17.51 17.41 17.48
17.78 17.78 17.81 17.82 17.82 17.81 17.81 17.81 17.81 17.77 17.79 17.81 17.81 17.79 17.76 17.77 17.77 17.76 17.76 17.76 17.77 17.76 17.77 17.78 17.77 17.72 17.74 17.74 17.74 17.72 17.73 17.73 17.75 17.74 17.73 17.73 17.70 17.70 17.71 17.73 17.72 17.71 17.72 17.71 17.71 17.72 17.73 17.72 17.71 17.71 17.72 17.71 17.72 17.72 17.71 17.70 17.70 17.70 17.65 17.63 17.65 17.57 17.62 17.64 17.57 17.48 16.83 17.09 17.48 17.48 17.37 17.51 17.38 17.57 17.56 17.57 17.42
17.75 17.74 17.75 17.75 17.76 17.78 17.76 17.75 17.76 17.75 17.74 17.78 17.79 17.76 17.75 17.76 17.76 17.74 17.74 17.75 17.74 17.74 17.74 17.73 17.73 17.71 17.71 17.71 17.71 17.71 17.70 17.71 17.72 17.70 17.69 17.70 17.69 17.68 17.68 17.68 17.69 17.69 17.69 17.69 17.70 17.71 17.69 17.70 17.69 17.69 17.68 17.69 17.70 17.69 17.68 17.67 17.66 17.57 17.46 17.56 17.35 17.38 17.40 17.37 17.11 17.10 16.87 17.43 17.54 17.16 17.33 17.42 17.52 17.59 17.52 17.57 17.51
17.73 17.72 17.71 17.72 17.73 17.73 17.73 17.72 17.72 17.73 17.71 17.73 17.74 17.74 17.73 17.74 17.75 17.72 17.71 17.72 17.71 17.71 17.70 17.71 17.70 17.71 17.69 17.68 17.68 17.68 17.68 17.70 17.69 17.67 17.68 17.68 17.68 17.67 17.65 17.65 17.66 17.66 17.67 17.68 17.68 17.67 17.66 17.66 17.66 17.67 17.68 17.69 17.64 17.66 17.66 17.66 17.61 17.49 17.49 17.56 17.60 17.46 17.04 17.06 17.01 17.17 17.34 17.53 17.61 17.45 17.46 17.46 17.56 17.70 17.65 17.67 17.64
17.72 17.70 17.70 17.70 17.71 17.71 17.70 17.69 17.69 17.70 17.70 17.69 17.69 17.70 17.70 17.71 17.72 17.70 17.70 17.70 17.70 17.69 17.69 17.70 17.69 17.69 17.69 17.67 17.67 17.66 17.66 17.67 17.66 17.64 17.66 17.66 17.67 17.66 17.65 17.65 17.65 17.65 17.66 17.66 17.66 17.65 17.64 17.64 17.64 17.65 17.65 17.66 17.60 17.56 17.62 17.62 17.56 17.53 17.50 17.37 17.44 17.42 17.17 16.98 16.83 16.96 17.46 17.42 17.50 17.43 17.40 17.59 17.68 17.67 17.68 17.67 17.68
17.69 17.68 17.66 17.68 17.68 17.69 17.69 17.69 17.68 17.68 17.67 17.68 17.67 17.68 17.67 17.69 17.68 17.67 17.68 17.67 17.67 17.69 17.69 17.69 17.69 17.68 17.68 17.66 17.65 17.65 17.64 17.64 17.64 17.64 17.65 17.65 17.64 17.63 17.63 17.63 17.63 17.63 17.63 17.64 17.63 17.61 17.61 17.62 17.63 17.62 17.62 17.63 17.54 17.54 17.59 17.51 17.52 17.36 17.22 17.40 17.19 17.12 17.14 17.02 17.10 17.35 17.34 17.43 17.43 17.41 17.41 17.58 17.65 17.63 17.61 17.63 17.67
17.68 17.67 17.65 17.66 17.66 17.65 17.65 17.66 17.65 17.64 17.65 17.66 17.66 17.67 17.68 17.67 17.67 17.66 17.65 17.66 17.66 17.66 17.66 17.67 17.66 17.65 17.65 17.64 17.61 17.62 17.62 17.61 17.61 17.61 17.61 17.62 17.62 17.60 17.62 17.62 17.61 17.60 17.59 17.62 17.60 17.60 17.60 17.60 17.60 17.59 17.56 17.58 17.45 17.50 17.59 17.58 17.55 17.45 17.30 17.12 16.92 16.86 17.17 16.93 17.26 17.37 17.38 17.35 17.40 17.32 17.36 17.58 17.62 17.61 17.62 17.62 17.66
17.67 17.63 17.65 17.65 17.65 17.65 17.64 17.64 17.63 17.62 17.63 17.63 17.64 17.64 17.66 17.66 17.65 17.65 17.63 17.64 17.64 17.63 17.63 17.64 17.65 17.64 17.63 17.64 17.61 17.60 17.60 17.60 17.60 17.59 17.59 17.60 17.59 17.59 17.58 17.59 17.59 17.61 17.60 17.59 17.60 17.58 17.55 17.56 17.58 17.57 17.53 17.52 17.39 17.52 17.51 17.52 17.51 17.52 17.29 17.25 17.06 17.08 16.68 17.20 17.21 17.43 17.44 17.40 17.36 17.49 17.52 17.50 17.61 17.61 17.59 17.63 17.64
17.53 17.55 17.63 17.63 17.62 17.62 17.63 17.61 17.61 17.60 17.61 17.61 17.62 17.63 17.62 17.63 17.63 17.63 17.61 17.61 17.62 17.63 17.63 17.61 17.62 17.61 17.61 17.61 17.60 17.58 17.58 17.58 17.57 17.56 17.58 17.57 17.58 17.57 17.57 17.57 17.56 17.58 17.58 17.58 17.57 17.56 17.52 17.47 17.46 17.46 17.44 17.43 17.40 17.46 17.47 17.37 17.42 17.41 17.08 17.16 17.16 16.88 17.43 17.34 17.25 17.44 17.33 17.14 17.33 17.45 17.39 17.44 17.57 17.59 17.59 17.61 17.61
