main/data/irradiance/10.04.2023.grid
ncols 839
nrows 679
xllcenter 112.0500
yllcenter -43.9500
cellsize 0.0500
nodata_value 99999.90
[rows 612 to 645 of 679, columns 616 to 692 of 839]
99999.90 99999.90 99999.90 99999.90 99999.90 99999.90 99999.90 99999.90 99999.90 99999.90 99999.90 99999.90 99999.90 99999.90 99999.90 99999.90 99999.90 99999.90 99999.90 99999.90 99999.90 99999.90 99999.90 99999.90 99999.90 99999.90 10.23 12.46 12.46 12.46 12.46 12.46 12.46 12.46 12.46 12.46 12.46 12.46 12.46 12.05 13.87 13.87 13.87 13.87 13.87 14.18 14.55 14.57 14.56 14.53 14.53 14.53 14.53 14.47 14.47 14.47 14.47 14.45 14.45 14.45 14.39 14.39 14.39 14.39 14.35 14.35 14.35 14.35 14.35 14.03 14.03 12.90 12.90 13.26 13.26 13.26 13.26
99999.90 99999.90 99999.90 99999.90 99999.90 99999.90 99999.90 99999.90 99999.90 99999.90 99999.90 99999.90 99999.90 99999.90 99999.90 99999.90 99999.90 99999.90 99999.90 99999.90 99999.90 99999.90 99999.90 99999.90 99999.90 99999.90 10.23 12.46 12.46 12.46 12.46 12.46 12.46 12.46 12.46 12.46 12.46 12.46 12.46 12.05 13.87 13.87 13.87 13.87 14.18 14.18 14.55 14.57 14.56 14.53 14.53 14.53 14.51 14.47 14.47 14.47 14.47 14.45 14.45 14.39 14.39 14.39 14.39 14.35 14.35 14.35 14.35 14.35 14.35 14.03 13.91 13.90 12.90 13.26 13.26 13.26 13.26
99999.90 99999.90 99999.90 99999.90 99999.90 99999.90 99999.90 99999.90 99999.90 99999.90 99999.90 99999.90 99999.90 99999.90 99999.90 99999.90 99999.90 99999.90 99999.90 99999.90 99999.90 99999.90 99999.90 99999.90 99999.90 99999.90 10.23 10.23 10.23 12.46 12.46 12.46 12.46 12.46 12.46 12.46 12.46 12.46 11.95 12.05 12.05 13.87 13.85 14.18 14.18 14.49 14.55 14.57 14.56 14.53 14.53 14.53 14.51 14.47 14.47 14.47 14.45 14.45 14.45 14.39 14.39 14.39 14.39 14.35 14.35 14.35 14.35 14.35 14.03 14.03 13.91 13.90 12.90 12.90 13.26 13.26 13.26
99999.90 99999.90 99999.90 99999.90 99999.90 99999.90 99999.90 99999.90 99999.90 99999.90 99999.90 99999.90 99999.90 99999.90 99999.90 99999.90 99999.90 99999.90 99999.90 99999.90 99999.90 99999.90 99999.90 99999.90 99999.90 99999.90 10.23 10.23 10.23 10.23 10.23 10.23 10.23 10.23 12.46 12.46 10.99 10.99 10.99 11.08 13.35 13.80 13.85 14.18 14.18 14.49 14.55 14.57 14.56 14.53 14.53 14.48 14.51 14.47 14.47 14.47 14.45 14.45 14.39 14.39 14.39 14.39 14.39 14.35 14.35 14.35 14.35 14.35 14.03 14.22 13.91 13.90 13.84 12.90 13.26 13.26 13.26
99999.90 99999.90 99999.90 99999.90 99999.90 99999.90 99999.90 99999.90 99999.90 99999.90 99999.90 99999.90 99999.90 99999.90 99999.90 99999.90 99999.90 99999.90 99999.90 99999.90 99999.90 99999.90 99999.90 99999.90 99999.90 99999.90 10.23 10.23 10.23 10.23 10.23 10.23 10.23 10.23 10.23 10.23 11.31 11.31 11.31 11.46 13.11 13.40 13.38 13.78 14.23 14.49 14.55 14.57 14.56 14.53 14.53 14.48 14.51 14.47 14.47 14.45 14.45 14.45 14.39 14.39 14.39 14.39 14.39 14.35 14.35 14.35 14.35 14.03 14.03 14.22 13.91 13.90 13.84 12.90 12.90 13.26 13.26
99999.90 99999.90 99999.90 99999.90 99999.90 99999.90 99999.90 99999.90 99999.90 99999.90 99999.90 99999.90 99999.90 99999.90 99999.90 99999.90 99999.90 99999.90 99999.90 99999.90 99999.90 99999.90 99999.90 99999.90 99999.90 99999.90 10.23 10.23 10.23 10.23 10.23 10.23 10.23 10.23 10.23 10.23 10.23 10.94 10.94 11.17 13.01 13.67 13.53 14.05 14.28 14.53 14.54 14.52 14.53 14.49 14.50 14.48 14.51 14.47 14.47 14.45 14.45 14.39 14.39 14.39 14.39 14.39 14.33 14.35 14.35 14.35 14.35 14.03 14.03 14.22 13.91 13.90 13.84 12.90 12.90 13.26 13.26
99999.90 99999.90 99999.90 99999.90 99999.90 99999.90 99999.90 99999.90 99999.90 99999.90 99999.90 99999.90 99999.90 99999.90 99999.90 99999.90 99999.90 99999.90 99999.90 99999.90 99999.90 99999.90 99999.90 99999.90 99999.90 99999.90 10.23 10.23 10.23 10.23 10.23 10.23 10.23 10.23 10.23 10.23 10.23 10.30 11.51 10.95 12.68 13.24 13.60 13.97 14.26 14.47 14.49 14.51 14.47 14.48 14.49 14.47 14.48 14.49 14.42 14.45 14.45 14.39 14.39 14.39 14.39 14.39 14.33 14.35 14.35 14.35 14.03 14.03 14.03 14.22 13.91 13.90 13.84 12.90 12.90 12.90 13.26
99999.90 99999.90 99999.90 99999.90 99999.90 99999.90 99999.90 99999.90 99999.90 99999.90 99999.90 99999.90 99999.90 99999.90 99999.90 99999.90 99999.90 99999.90 99999.90 99999.90 99999.90 99999.90 99999.90 99999.90 99999.90 99999.90 10.50 10.50 10.50 10.50 10.50 10.50 10.50 10.50 10.50 10.50 10.50 11.52 12.19 11.64 12.48 13.10 13.55 13.64 14.01 14.32 14.32 14.47 14.47 14.46 14.45 14.46 14.45 14.44 14.46 14.43 14.39 14.39 14.39 14.39 14.39 14.35 14.33 14.35 14.35 14.35 14.03 14.03 13.86 14.22 13.91 13.90 13.84 13.90 12.90 12.90 13.26
99999.90 99999.90 99999.90 99999.90 99999.90 99999.90 99999.90 99999.90 99999.90 99999.90 99999.90 99999.90 99999.90 99999.90 99999.90 99999.90 99999.90 99999.90 99999.90 99999.90 99999.90 99999.90 99999.90 99999.90 99999.90 99999.90 10.50 10.50 10.50 10.50 10.50 10.50 10.50 10.50 10.50 10.50 10.50 10.86 11.25 11.26 11.79 12.36 13.06 13.65 13.87 14.13 14.23 14.42 14.43 14.44 14.43 14.44 14.42 14.44 14.41 14.39 14.40 14.35 14.34 14.39 14.39 14.35 14.33 14.35 14.35 14.03 14.03 14.03 13.86 14.22 13.91 13.90 13.84 13.90 12.90 12.90 12.90
99999.90 99999.90 99999.90 99999.90 99999.90 99999.90 99999.90 99999.90 99999.90 99999.90 99999.90 99999.90 99999.90 99999.90 99999.90 99999.90 99999.90 99999.90 99999.90 99999.90 99999.90 99999.90 99999.90 99999.90 99999.90 99999.90 10.50 10.50 10.50 10.50 10.50 10.50 10.50 10.50 10.50 11.30 11.30 11.30 11.68 11.86 11.78 12.17 13.22 13.54 13.33 13.22 13.75 14.31 14.40 14.40 14.40 14.41 14.40 14.40 14.39 14.34 14.37 14.37 14.36 14.36 14.35 14.35 14.33 14.35 14.35 14.03 14.03 13.92 13.86 14.22 13.91 13.90 13.84 13.90 13.51 12.90 12.90
99999.90 99999.90 99999.90 99999.90 99999.90 99999.90 99999.90 99999.90 99999.90 99999.90 99999.90 99999.90 99999.90 99999.90 99999.90 99999.90 99999.90 99999.90 99999.90 99999.90 99999.90 99999.90 99999.90 99999.90 99999.90 99999.90 10.50 10.50 10.50 10.50 10.50 10.50 10.50 11.00 11.00 11.00 11.00 11.00 11.43 11.16 11.18 11.56 12.90 12.91 12.84 13.20 13.32 13.57 13.98 14.20 14.39 14.39 14.38 14.37 14.36 14.30 14.37 14.37 14.36 14.35 14.34 14.33 14.32 14.34 14.33 14.03 14.03 13.92 13.86 14.22 13.91 13.90 13.84 13.90 13.51 12.90 12.90
99999.90 99999.90 99999.90 99999.90 99999.90 99999.90 99999.90 99999.90 99999.90 99999.90 99999.90 99999.90 99999.90 99999.90 99999.90 99999.90 99999.90 99999.90 99999.90 99999.90 99999.90 99999.90 99999.90 99999.90 99999.90 99999.90 10.50 10.50 10.50 10.90 10.90 10.90 10.90 10.90 10.90 10.90 10.90 10.90 11.85 11.52 11.24 12.16 12.66 13.57 13.61 13.40 13.12 13.87 14.04 14.27 14.38 14.37 14.37 14.36 14.28 14.20 14.30 14.35 14.34 14.32 14.30 14.28 14.31 14.33 14.31 14.29 14.04 13.92 13.86 14.22 13.91 13.90 13.84 13.90 13.51 12.62 12.43
99999.90 99999.90 99999.90 99999.90 99999.90 99999.90 99999.90 99999.90 99999.90 99999.90 99999.90 99999.90 99999.90 99999.90 99999.90 99999.90 99999.90 99999.90 99999.90 99999.90 99999.90 99999.90 99999.90 99999.90 99999.90 99999.90 10.50 10.90 10.90 10.90 10.90 10.90 10.90 10.90 10.90 10.90 10.90 10.90 12.10 12.05 12.36 11.83 12.69 13.03 12.90 13.69 13.70 13.92 14.21 14.35 14.35 14.35 14.34 14.34 14.33 14.33 14.33 14.33 14.31 14.32 14.28 14.23 14.26 14.25 14.19 14.21 13.97 13.91 13.99 13.81 13.92 14.09 14.12 13.83 13.37 12.52 12.47
99999.90 99999.90 99999.90 99999.90 99999.90 99999.90 99999.90 99999.90 99999.90 99999.90 99999.90 99999.90 99999.90 99999.90 99999.90 99999.90 99999.90 99999.90 99999.90 99999.90 99999.90 99999.90 99999.90 99999.90 99999.90 99999.90 10.50 10.90 10.90 10.90 10.90 10.90 10.90 10.90 10.90 10.90 12.04 12.04 12.04 11.83 11.51 11.68 12.88 13.53 13.82 14.04 13.87 14.21 14.23 14.33 14.32 14.32 14.32 14.31 14.30 14.33 14.31 14.32 14.30 14.25 14.23 14.27 14.23 14.25 14.25 14.21 13.76 13.51 13.55 13.84 13.72 13.60 13.70 13.82 13.69 12.96 12.82
99999.90 99999.90 99999.90 99999.90 99999.90 99999.90 99999.90 99999.90 99999.90 99999.90 99999.90 99999.90 99999.90 99999.90 99999.90 99999.90 99999.90 99999.90 99999.90 99999.90 99999.90 99999.90 99999.90 99999.90 99999.90 99999.90 10.50 10.90 10.90 10.90 10.90 10.90 10.90 10.90 12.04 12.04 12.04 12.04 12.04 11.44 10.79 11.77 12.87 13.27 13.90 14.20 14.26 14.22 14.13 14.27 14.17 14.14 14.29 14.29 14.29 14.30 14.29 14.29 14.28 14.26 14.25 14.19 14.15 14.09 14.23 13.97 13.83 13.84 13.66 13.61 13.30 13.39 13.53 13.73 13.64 12.78 12.63
99999.90 99999.90 99999.90 99999.90 99999.90 99999.90 99999.90 99999.90 99999.90 99999.90 99999.90 99999.90 99999.90 99999.90 99999.90 99999.90 99999.90 99999.90 99999.90 99999.90 99999.90 99999.90 99999.90 99999.90 99999.90 99999.90 10.50 10.90 10.90 10.90 10.90 10.90 12.04 12.04 12.04 12.04 12.04 11.19 11.19 11.19 11.34 11.66 12.80 13.03 13.34 13.33 13.73 13.43 13.47 13.46 13.66 14.10 14.30 14.28 14.27 14.27 14.25 14.20 14.13 14.11 14.03 13.95 13.85 14.03 14.07 14.02 13.85 13.66 13.47 13.42 13.13 13.11 13.71 13.76 13.46 12.95 12.64
99999.90 99999.90 99999.90 99999.90 99999.90 99999.90 99999.90 99999.90 99999.90 99999.90 99999.90 99999.90 99999.90 99999.90 99999.90 99999.90 99999.90 99999.90 99999.90 99999.90 99999.90 99999.90 99999.90 99999.90 99999.90 99999.90 10.50 10.90 10.90 10.90 12.04 12.04 12.04 12.04 12.04 11.19 11.19 11.19 11.19 11.19 11.22 11.64 11.33 11.55 12.18 11.96 12.68 13.09 13.65 13.78 13.99 14.22 14.23 14.25 14.24 14.22 14.21 14.06 14.17 14.03 13.95 13.61 13.58 13.45 13.93 13.70 13.56 13.48 13.36 13.39 13.24 13.43 13.29 13.18 13.38 12.83 12.59
99999.90 99999.90 99999.90 99999.90 99999.90 99999.90 99999.90 99999.90 99999.90 99999.90 99999.90 99999.90 99999.90 99999.90 99999.90 99999.90 99999.90 99999.90 99999.90 99999.90 99999.90 99999.90 99999.90 99999.90 99999.90 99999.90 10.50 10.90 12.04 12.04 12.04 12.04 12.04 11.19 11.19 11.19 11.19 11.19 10.54 10.54 10.54 10.44 10.18 9.49 9.42 10.29 11.44 12.88 13.07 12.54 13.64 14.13 14.21 14.18 14.14 14.00 14.12 14.05 14.08 14.04 13.92 13.56 13.46 13.38 13.67 13.67 13.19 12.93 13.61 13.40 12.75 12.54 12.40 12.40 12.75 12.77 12.64
99999.90 99999.90 99999.90 99999.90 99999.90 99999.90 99999.90 99999.90 99999.90 99999.90 99999.90 99999.90 99999.90 99999.90 99999.90 99999.90 99999.90 99999.90 99999.90 99999.90 99999.90 99999.90 99999.90 99999.90 99999.90 99999.90 99999.90 10.90 12.04 12.04 12.04 11.19 11.19 11.19 11.19 11.19 10.54 10.54 10.54 10.54 10.54 10.13 9.56 9.66 9.45 10.14 10.32 12.68 13.15 13.48 13.70 12.80 13.76 14.07 13.87 13.78 13.88 13.49 13.90 14.11 13.84 13.69 13.62 13.82 13.83 13.95 13.68 13.33 13.13 13.09 13.44 13.42 12.60 11.90 12.59 12.69 12.88
99999.90 99999.90 99999.90 99999.90 99999.90 99999.90 99999.90 99999.90 99999.90 99999.90 99999.90 99999.90 99999.90 99999.90 99999.90 99999.90 99999.90 99999.90 99999.90 99999.90 99999.90 99999.90 99999.90 99999.90 99999.90 99999.90 99999.90 10.90 12.04 11.19 11.19 11.19 11.19 11.19 10.54 10.54 10.54 10.54 10.54 10.66 10.66 10.66 10.35 9.98 10.12 10.28 10.86 11.49 11.46 11.41 12.53 13.28 13.71 13.63 13.15 12.74 12.97 13.36 12.90 13.25 13.56 13.78 13.79 13.73 13.86 13.54 13.55 12.98 12.49 12.67 12.95 13.11 11.88 10.77 10.41 11.76 12.33
99999.90 99999.90 99999.90 99999.90 99999.90 99999.90 99999.90 99999.90 99999.90 99999.90 99999.90 99999.90 99999.90 99999.90 99999.90 99999.90 99999.90 99999.90 99999.90 99999.90 99999.90 99999.90 99999.90 99999.90 99999.90 99999.90 99999.90 10.90 12.04 11.19 11.19 11.19 10.54 10.54 10.54 10.54 10.54 10.66 10.66 10.66 10.66 10.66 10.52 10.00 9.62 10.17 11.31 11.45 11.72 10.89 11.46 12.12 12.57 13.29 13.78 13.71 13.54 13.22 13.19 13.40 13.33 13.50 13.75 13.67 13.78 13.64 13.66 13.40 12.90 13.25 13.34 12.21 12.21 11.01 10.60 10.42 11.80
99999.90 99999.90 99999.90 99999.90 99999.90 99999.90 99999.90 99999.90 99999.90 99999.90 99999.90 99999.90 99999.90 99999.90 99999.90 99999.90 99999.90 99999.90 99999.90 99999.90 99999.90 99999.90 99999.90 99999.90 99999.90 99999.90 99999.90 10.90 12.04 11.19 10.54 10.54 10.54 10.54 10.54 10.66 10.66 10.66 10.66 10.66 10.00 10.00 10.00 10.37 10.45 10.82 11.44 10.93 10.53 10.04 11.25 11.09 12.53 13.03 13.14 13.17 12.80 12.76 12.72 13.02 12.69 12.03 12.30 13.39 13.13 13.12 13.36 13.30 12.46 12.29 11.94 12.18 11.35 10.88 10.78 11.32 10.19
99999.90 99999.90 99999.90 99999.90 99999.90 99999.90 99999.90 99999.90 99999.90 99999.90 99999.90 99999.90 99999.90 99999.90 99999.90 99999.90 99999.90 99999.90 99999.90 99999.90 99999.90 99999.90 99999.90 99999.90 99999.90 99999.90 99999.90 99999.90 12.04 11.19 10.54 10.54 10.54 10.66 10.66 10.66 10.66 10.66 10.00 10.00 10.00 10.00 10.00 10.65 10.41 10.52 10.41 11.44 11.71 11.73 11.86 12.09 11.97 12.87 13.45 13.12 12.53 12.65 12.68 12.65 12.44 12.34 12.37 13.07 13.04 12.92 13.04 13.00 12.37 12.20 11.88 12.43 12.51 11.56 9.93 9.26 9.38
99999.90 99999.90 99999.90 99999.90 99999.90 99999.90 99999.90 99999.90 99999.90 99999.90 99999.90 99999.90 99999.90 99999.90 99999.90 99999.90 99999.90 99999.90 99999.90 99999.90 99999.90 99999.90 99999.90 99999.90 99999.90 99999.90 99999.90 99999.90 12.04 11.19 10.54 10.66 10.66 10.66 10.66 10.66 10.00 10.00 10.00 10.00 10.00 10.00 10.65 10.65 10.63 11.32 11.35 11.73 12.13 12.35 12.42 12.53 12.40 11.62 12.09 12.87 13.35 13.15 12.48 12.54 12.63 12.27 12.21 13.00 13.18 13.08 13.08 12.78 11.66 11.86 12.59 12.14 12.29 11.25 10.45 11.21 11.73
99999.90 99999.90 99999.90 99999.90 99999.90 99999.90 99999.90 99999.90 99999.90 99999.90 99999.90 99999.90 99999.90 99999.90 99999.90 99999.90 99999.90 99999.90 99999.90 99999.90 99999.90 99999.90 99999.90 99999.90 99999.90 99999.90 99999.90 99999.90 99999.90 11.19 10.54 10.66 10.66 10.66 10.00 10.00 10.00 10.00 10.00 10.00 10.00 10.65 10.65 10.63 10.63 11.04 11.02 11.58 11.57 11.22 11.26 12.00 12.51 12.97 12.90 12.01 11.59 11.85 11.85 12.29 11.82 11.20 12.16 12.53 12.83 12.93 12.71 12.46 11.91 10.53 11.26 11.52 11.43 11.41 10.65 10.43 10.96
99999.90 99999.90 99999.90 99999.90 99999.90 99999.90 99999.90 99999.90 99999.90 99999.90 99999.90 99999.90 99999.90 99999.90 99999.90 99999.90 99999.90 99999.90 99999.90 99999.90 99999.90 99999.90 99999.90 99999.90 99999.90 99999.90 99999.90 99999.90 99999.90 11.19 10.54 10.66 10.00 10.00 10.00 10.00 10.00 10.00 10.00 10.00 10.65 10.65 10.63 10.63 11.04 11.04 11.39 10.17 10.77 10.40 11.08 11.52 11.42 11.87 11.36 11.88 11.66 12.44 12.29 12.46 12.15 11.49 10.57 10.25 11.47 12.17 12.29 12.09 11.46 10.02 10.64 11.50 10.86 10.99 10.95 10.49 10.34
99999.90 99999.90 99999.90 99999.90 99999.90 99999.90 99999.90 99999.90 99999.90 99999.90 99999.90 99999.90 99999.90 99999.90 99999.90 99999.90 99999.90 99999.90 99999.90 99999.90 99999.90 99999.90 99999.90 99999.90 99999.90 99999.90 99999.90 99999.90 99999.90 99999.90 10.54 10.66 10.00 10.00 10.00 10.00 10.00 10.00 10.00 10.65 10.65 10.63 10.63 11.04 11.04 11.39 11.39 10.64 10.19 9.57 10.58 11.24 10.33 10.82 11.33 11.43 11.26 10.36 11.00 11.96 12.41 11.33 11.09 10.66 9.72 10.68 11.07 10.99 10.42 10.17 10.35 9.99 10.05 10.14 10.11 9.73 9.73
99999.90 99999.90 99999.90 99999.90 99999.90 99999.90 99999.90 99999.90 99999.90 99999.90 99999.90 99999.90 99999.90 99999.90 99999.90 99999.90 99999.90 99999.90 99999.90 99999.90 99999.90 99999.90 99999.90 99999.90 99999.90 99999.90 99999.90 99999.90 99999.90 99999.90 10.54 10.66 10.00 10.00 10.00 10.00 10.00 10.00 10.65 10.65 10.63 10.63 11.04 11.04 11.39 11.39 10.64 10.64 10.50 10.35 11.12 10.55 10.78 10.87 11.18 11.00 11.43 10.75 9.86 11.12 10.87 10.75 10.05 10.08 9.17 10.68 9.58 9.77 10.62 10.30 9.84 9.83 9.54 9.42 9.43 9.39 9.63
99999.90 99999.90 99999.90 99999.90 99999.90 99999.90 99999.90 99999.90 99999.90 99999.90 99999.90 99999.90 99999.90 99999.90 99999.90 99999.90 99999.90 99999.90 99999.90 99999.90 99999.90 99999.90 99999.90 99999.90 99999.90 99999.90 99999.90 99999.90 99999.90 99999.90 99999.90 10.66 10.00 10.00 10.00 10.00 10.00 10.65 10.65 10.63 10.63 11.04 11.04 11.39 11.39 10.64 10.64 10.50 10.50 10.40 10.98 11.31 10.40 9.89 10.39 9.75 10.50 10.94 10.24 11.86 11.48 10.41 9.93 10.68 9.28 10.01 9.58 9.77 10.35 9.76 9.65 9.46 8.83 8.51 8.57 9.35 9.09
99999.90 99999.90 99999.90 99999.90 99999.90 99999.90 99999.90 99999.90 99999.90 99999.90 99999.90 99999.90 99999.90 99999.90 99999.90 99999.90 99999.90 99999.90 99999.90 99999.90 99999.90 99999.90 99999.90 99999.90 99999.90 99999.90 99999.90 99999.90 99999.90 99999.90 99999.90 10.66 10.00 10.00 10.00 10.00 10.65 10.65 10.63 10.63 11.04 11.04 11.39 11.39 10.64 10.64 10.50 9.86 9.86 9.86 10.62 11.09 10.34 10.56 10.96 10.91 11.00 11.36 10.68 11.84 11.57 10.17 8.51 7.97 8.74 9.62 10.39 10.39 9.56 9.99 9.79 10.64 9.65 8.64 8.91 9.46 9.59
99999.90 99999.90 99999.90 99999.90 99999.90 99999.90 99999.90 99999.90 99999.90 99999.90 99999.90 99999.90 99999.90 99999.90 99999.90 99999.90 99999.90 99999.90 99999.90 99999.90 99999.90 99999.90 99999.90 99999.90 99999.90 99999.90 99999.90 99999.90 99999.90 99999.90 99999.90 99999.90 10.00 10.00 10.00 10.65 10.65 10.63 10.63 11.04 11.04 11.39 9.34 9.34 9.34 9.34 9.34 9.34 9.34 9.86 10.81 10.87 11.00 9.83 10.23 10.91 11.41 11.08 10.15 11.23 11.65 11.63 9.44 9.07 8.76 8.20 9.93 10.28 9.54 9.44 10.19 9.17 9.54 8.67 7.77 8.11 8.51
99999.90 99999.90 99999.90 99999.90 99999.90 99999.90 99999.90 99999.90 99999.90 99999.90 99999.90 99999.90 99999.90 99999.90 99999.90 99999.90 99999.90 99999.90 99999.90 99999.90 99999.90 99999.90 99999.90 99999.90 99999.90 99999.90 99999.90 99999.90 99999.90 99999.90 99999.90 99999.90 10.00 10.00 10.65 10.65 10.63 10.63 11.04 9.34 9.34 9.34 9.34 9.34 9.34 9.34 9.34 9.34 9.34 9.34 10.81 10.74 10.45 9.98 10.15 9.50 10.08 11.32 11.18 11.62 11.28 11.86 10.60 9.72 9.78 9.28 10.29 10.31 9.54 10.42 10.24 9.86 9.52 9.48 8.99 9.37 9.25
99999.90 99999.90 99999.90 99999.90 99999.90 99999.90 99999.90 99999.90 99999.90 99999.90 99999.90 99999.90 99999.90 99999.90 99999.90 99999.90 99999.90 99999.90 99999.90 99999.90 99999.90 99999.90 99999.90 99999.90 99999.90 99999.90 99999.90 99999.90 99999.90 99999.90 99999.90 99999.90 99999.90 10.65 10.65 10.63 10.63 11.04 9.34 9.34 9.34 9.34 9.34 9.34 9.34 9.34 9.34 9.34 9.34 9.34 10.07 10.07 9.59 9.39 10.40 10.43 9.56 11.33 10.26 10.12 9.85 10.71 10.38 10.67 9.81 9.48 11.14 10.31 10.49 10.49 10.80 9.88 9.60 10.01 9.42 8.69 9.41
99999.90 99999.90 99999.90 99999.90 99999.90 99999.90 99999.90 99999.90 99999.90 99999.90 99999.90 99999.90 99999.90 99999.90 99999.90 99999.90 99999.90 99999.90 99999.90 99999.90 99999.90 99999.90 99999.90 99999.90 99999.90 99999.90 99999.90 99999.90 99999.90 99999.90 99999.90 99999.90 99999.90 99999.90 10.63 10.63 11.04 11.04 10.23 10.23 10.23 10.23 10.23 10.23 10.23 10.23 10.23 10.23 10.23 10.23 10.07 10.07 8.88 9.03 10.62 11.32 10.26 11.55 10.49 10.17 10.29 11.08 9.30 11.13 9.93 9.56 10.22 11.34 9.58 10.05 10.60 10.37 9.79 9.71 9.98 8.86 8.71
