main/data/irradiance/10.07.2023.grid
ncols 839
nrows 679
xllcenter 112.0500
yllcenter -43.9500
cellsize 0.0500
nodata_value 99999.90
[rows 102 to 135 of 679, columns 462 to 538 of 839]
18.79 18.86 18.50 18.46 18.86 19.19 19.45 19.48 19.43 19.32 19.36 19.40 19.34 19.34 19.25 19.31 19.31 19.31 19.31 19.09 19.09 19.09 19.09 19.31 19.31 19.31 19.31 19.31 19.43 19.43 19.43 19.43 19.34 19.34 19.34 19.34 19.34 19.34 19.34 19.35 19.35 19.35 19.35 19.35 19.35 19.35 19.35 19.35 99999.90 99999.90 99999.90 99999.90 99999.90 99999.90 99999.90 99999.90 99999.90 99999.90 99999.90 99999.90 99999.90 99999.90 99999.90 99999.90 99999.90 99999.90 99999.90 99999.90 99999.90 99999.90 99999.90 99999.90 99999.90 99999.90 99999.90 99999.90 99999.90
18.80 19.11 18.92 18.86 19.11 19.43 19.23 19.21 19.19 19.19 19.24 19.56 19.35 19.25 19.25 19.31 19.31 19.31 19.35 19.09 19.09 19.09 19.09 19.31 19.31 19.31 19.31 19.31 19.43 19.43 19.43 19.43 19.34 19.34 19.34 19.34 19.34 19.34 19.34 19.35 19.35 19.35 19.35 19.35 19.35 19.35 19.35 19.35 19.35 99999.90 99999.90 99999.90 99999.90 99999.90 99999.90 99999.90 99999.90 99999.90 99999.90 99999.90 99999.90 99999.90 99999.90 99999.90 99999.90 99999.90 99999.90 99999.90 99999.90 99999.90 99999.90 99999.90 99999.90 99999.90 99999.90 99999.90 99999.90
18.97 18.99 19.01 19.05 19.21 19.46 19.25 19.15 19.10 19.21 19.21 19.44 19.50 19.42 19.36 19.31 19.31 19.35 19.09 19.09 19.09 19.09 19.31 19.31 19.31 19.31 19.31 19.43 19.43 19.43 19.43 19.43 19.34 19.34 19.34 19.34 19.34 19.34 19.34 19.35 19.35 19.35 19.35 19.35 19.35 19.35 19.35 19.35 19.35 99999.90 99999.90 99999.90 99999.90 99999.90 99999.90 99999.90 99999.90 99999.90 99999.90 99999.90 99999.90 99999.90 99999.90 99999.90 99999.90 99999.90 99999.90 99999.90 99999.90 99999.90 99999.90 99999.90 99999.90 99999.90 99999.90 99999.90 99999.90
19.02 18.96 18.89 19.12 19.36 19.18 19.18 19.10 19.16 19.36 19.32 19.49 19.43 19.30 19.25 19.30 19.35 19.35 19.09 19.09 19.09 19.05 19.31 19.31 19.31 19.31 19.31 19.43 19.43 19.43 19.43 19.43 19.34 19.34 19.34 19.34 19.34 19.34 19.35 19.35 19.35 19.35 19.35 19.35 19.35 19.35 19.35 19.35 19.35 99999.90 99999.90 99999.90 99999.90 99999.90 99999.90 99999.90 99999.90 99999.90 99999.90 99999.90 99999.90 99999.90 99999.90 99999.90 99999.90 99999.90 99999.90 99999.90 99999.90 99999.90 99999.90 99999.90 99999.90 99999.90 99999.90 99999.90 99999.90
18.99 19.12 19.05 19.16 19.01 18.85 18.95 19.06 19.24 19.37 19.41 19.53 19.47 19.40 19.31 19.25 19.31 19.27 19.09 19.09 19.05 19.31 19.31 19.31 19.31 19.31 19.31 19.43 19.43 19.43 19.43 19.43 19.34 19.34 19.34 19.34 19.34 19.34 19.35 19.35 19.35 19.35 19.35 19.35 19.35 19.35 19.35 19.35 19.35 99999.90 99999.90 99999.90 99999.90 99999.90 99999.90 99999.90 99999.90 99999.90 99999.90 99999.90 99999.90 99999.90 99999.90 99999.90 99999.90 99999.90 99999.90 99999.90 99999.90 99999.90 99999.90 99999.90 99999.90 99999.90 99999.90 99999.90 99999.90
18.95 19.13 19.10 18.92 18.56 18.62 19.05 19.07 19.07 19.21 19.43 19.48 19.45 19.45 19.31 19.16 19.20 19.23 19.11 19.05 19.05 19.31 19.31 19.31 19.31 19.31 19.43 19.43 19.43 19.43 19.43 19.43 19.34 19.34 19.34 19.34 19.34 19.34 19.35 19.35 19.35 19.35 19.35 19.35 19.35 19.35 19.35 19.35 19.35 99999.90 99999.90 99999.90 99999.90 99999.90 99999.90 99999.90 99999.90 99999.90 99999.90 99999.90 99999.90 99999.90 99999.90 99999.90 99999.90 99999.90 99999.90 99999.90 99999.90 99999.90 99999.90 99999.90 99999.90 99999.90 99999.90 99999.90 99999.90
19.08 18.98 18.87 18.68 18.40 18.85 18.98 19.07 18.99 19.34 19.41 19.49 19.38 19.41 19.38 19.30 19.26 19.27 19.29 19.30 19.22 19.31 19.31 19.31 19.31 19.31 19.43 19.43 19.43 19.43 19.43 19.43 19.34 19.34 19.34 19.34 19.34 19.35 19.35 19.35 19.35 19.35 19.35 19.35 19.35 19.35 19.35 19.35 19.35 99999.90 99999.90 99999.90 99999.90 99999.90 99999.90 99999.90 99999.90 99999.90 99999.90 99999.90 99999.90 99999.90 99999.90 99999.90 99999.90 99999.90 99999.90 99999.90 99999.90 99999.90 99999.90 99999.90 99999.90 99999.90 99999.90 99999.90 99999.90
18.64 18.73 18.54 18.62 18.75 18.76 18.94 18.89 19.18 19.42 19.40 19.44 19.38 19.43 19.41 19.39 19.40 19.42 19.45 19.42 19.36 19.34 19.34 19.34 19.23 19.33 19.43 19.43 19.43 19.43 19.43 19.43 19.34 19.34 19.34 19.34 19.34 19.35 19.35 19.35 19.35 19.35 19.35 19.35 19.35 19.35 19.35 19.35 19.35 19.20 19.20 99999.90 99999.90 99999.90 99999.90 99999.90 99999.90 99999.90 99999.90 99999.90 99999.90 99999.90 99999.90 99999.90 99999.90 99999.90 99999.90 99999.90 99999.90 99999.90 99999.90 99999.90 99999.90 99999.90 99999.90 99999.90 99999.90
18.20 18.31 18.56 18.45 18.54 18.52 18.94 18.98 18.93 19.27 19.30 19.36 19.38 19.43 19.32 19.36 19.42 19.41 19.43 19.42 19.38 19.32 19.32 19.23 19.32 19.33 19.43 19.43 19.43 19.43 19.43 19.43 19.34 19.34 19.34 19.34 19.34 19.35 19.35 19.35 19.35 19.35 19.35 19.35 19.35 19.35 19.35 19.35 19.35 19.20 19.20 19.24 99999.90 99999.90 99999.90 99999.90 99999.90 99999.90 99999.90 99999.90 99999.90 99999.90 99999.90 99999.90 99999.90 99999.90 99999.90 99999.90 99999.90 99999.90 99999.90 99999.90 99999.90 99999.90 99999.90 99999.90 99999.90
18.31 18.61 18.65 18.26 18.59 18.72 18.69 19.05 18.95 19.24 19.33 19.40 19.42 19.42 19.36 19.39 19.42 19.41 19.40 19.42 19.41 19.37 19.23 19.23 19.32 19.33 19.33 19.43 19.43 19.43 19.43 19.32 19.34 19.34 19.34 19.34 19.35 19.35 19.35 19.35 19.35 19.35 19.35 19.35 19.35 19.35 19.35 19.35 19.35 19.20 19.24 19.24 19.21 99999.90 99999.90 99999.90 99999.90 99999.90 99999.90 99999.90 99999.90 99999.90 99999.90 99999.90 99999.90 99999.90 99999.90 99999.90 99999.90 99999.90 99999.90 99999.90 99999.90 99999.90 99999.90 99999.90 99999.90
18.72 18.78 18.70 18.39 18.70 18.61 18.61 19.21 19.19 19.31 19.40 19.38 19.39 19.42 19.37 19.24 19.32 19.38 19.38 19.39 19.39 19.36 19.29 19.26 19.32 19.33 19.33 19.43 19.43 19.43 19.32 19.32 19.31 19.34 19.34 19.34 19.35 19.35 19.35 19.35 19.35 19.35 19.35 19.35 19.35 19.35 19.35 19.35 19.35 19.22 19.22 19.22 19.22 19.22 19.22 99999.90 99999.90 99999.90 99999.90 99999.90 99999.90 99999.90 99999.90 99999.90 99999.90 99999.90 99999.90 99999.90 99999.90 99999.90 99999.90 99999.90 99999.90 99999.90 99999.90 99999.90 99999.90
18.88 18.79 18.72 18.84 18.78 18.59 18.69 19.29 19.17 19.33 19.32 19.34 19.37 19.39 19.36 19.28 19.25 19.26 19.33 19.34 19.32 19.22 19.21 19.33 19.36 19.41 19.42 19.42 19.30 19.32 19.32 19.32 19.31 19.31 19.34 19.33 19.33 19.36 19.35 19.35 19.35 19.35 19.35 19.35 19.35 19.35 19.35 19.35 19.22 19.16 19.16 19.16 19.16 19.16 19.16 19.16 19.16 19.16 19.16 99999.90 99999.90 99999.90 99999.90 99999.90 99999.90 99999.90 99999.90 99999.90 99999.90 99999.90 99999.90 99999.90 99999.90 99999.90 99999.90 99999.90 99999.90
18.84 18.97 18.84 18.93 18.87 18.90 18.95 19.36 19.37 19.22 19.23 19.26 19.35 19.34 19.35 19.36 19.35 19.34 19.32 19.35 19.34 19.34 19.35 19.35 19.35 19.37 19.37 19.43 19.30 19.30 19.35 19.35 19.31 19.31 19.31 19.33 19.33 19.35 19.36 19.36 19.36 19.36 19.36 19.36 19.36 19.36 19.20 19.24 19.22 19.16 19.16 19.16 19.16 19.16 19.22 19.22 19.22 19.22 19.22 19.22 19.22 99999.90 99999.90 99999.90 99999.90 99999.90 99999.90 99999.90 99999.90 99999.90 99999.90 99999.90 99999.90 99999.90 99999.90 99999.90 99999.90
18.98 19.00 19.08 19.02 19.04 18.76 19.15 19.24 19.25 19.11 19.15 19.12 19.27 19.33 19.33 19.32 19.32 19.34 19.33 19.34 19.34 19.34 19.34 19.33 19.34 19.34 19.35 19.37 19.42 19.36 19.35 19.35 19.31 19.31 19.31 19.33 19.35 19.35 19.33 19.33 19.33 19.33 19.33 19.33 19.20 19.20 19.24 19.22 19.16 19.16 19.16 19.16 19.16 19.16 19.22 19.22 19.22 19.22 19.22 19.22 19.22 19.14 99999.90 99999.90 99999.90 99999.90 99999.90 99999.90 99999.90 99999.90 99999.90 99999.90 99999.90 99999.90 99999.90 99999.90 99999.90
19.31 19.38 19.28 19.23 19.13 19.12 19.08 18.96 18.86 18.86 19.16 19.28 19.31 19.32 19.34 19.32 19.33 19.30 19.32 19.33 19.32 19.32 19.30 19.32 19.33 19.34 19.32 19.32 19.36 19.36 19.29 19.29 19.29 19.35 19.34 19.34 19.32 19.33 19.33 19.33 19.33 19.33 19.20 19.20 19.20 19.24 19.22 19.22 19.16 19.16 19.16 19.16 19.16 19.22 19.22 19.22 19.22 19.22 19.22 19.22 19.14 19.14 19.09 99999.90 99999.90 99999.90 99999.90 99999.90 99999.90 99999.90 99999.90 99999.90 99999.90 99999.90 99999.90 99999.90 99999.90
19.34 19.35 19.37 19.37 19.32 19.26 19.11 18.94 18.94 19.19 19.26 19.30 19.30 19.30 19.29 19.27 19.32 19.32 19.31 19.29 19.28 19.30 19.29 19.30 19.31 19.32 19.28 19.28 19.27 19.34 19.37 19.37 19.27 19.35 19.34 19.34 19.32 19.30 19.17 19.17 19.20 19.20 19.20 19.20 19.24 19.24 19.22 19.22 19.16 19.16 19.16 19.16 19.16 19.22 19.22 19.22 19.22 19.22 19.22 19.14 19.14 19.09 19.09 19.18 99999.90 99999.90 99999.90 99999.90 99999.90 99999.90 99999.90 99999.90 99999.90 99999.90 99999.90 99999.90 99999.90
19.34 19.32 19.32 19.33 19.28 19.32 19.25 19.24 19.21 19.32 19.32 19.30 19.28 19.27 19.25 19.26 19.29 19.30 19.30 19.30 19.27 19.26 19.26 19.27 19.28 19.26 19.28 19.23 19.25 19.30 19.36 19.36 19.27 19.35 19.34 19.34 19.32 19.30 19.17 19.17 19.20 19.20 19.20 19.24 19.24 19.22 19.22 19.22 19.16 19.16 19.16 19.16 19.22 19.22 19.22 19.22 19.22 19.22 19.14 19.14 19.09 19.09 19.18 19.18 99999.90 99999.90 99999.90 99999.90 99999.90 99999.90 99999.90 99999.90 99999.90 99999.90 99999.90 99999.90 99999.90
19.32 19.28 19.29 19.30 19.19 19.25 19.27 19.29 19.30 19.31 19.30 19.29 19.28 19.28 19.26 19.26 19.27 19.29 19.30 19.28 19.27 19.28 19.25 19.22 19.28 19.28 19.27 19.28 19.28 19.29 19.31 19.27 19.34 19.33 19.32 19.35 19.32 19.33 19.26 19.23 19.20 19.20 19.24 19.24 19.21 19.22 19.22 19.25 19.16 19.16 19.16 19.16 19.22 19.22 19.22 19.22 19.22 19.14 19.14 19.09 19.09 19.18 19.18 19.18 19.06 19.06 99999.90 99999.90 99999.90 99999.90 99999.90 99999.90 99999.90 19.04 19.04 19.04 19.04
19.28 19.29 19.29 19.28 19.22 19.22 19.25 19.25 19.28 19.28 19.28 19.27 19.27 19.27 19.25 19.27 19.23 19.27 19.27 19.25 19.26 19.26 19.26 19.26 19.26 19.26 19.26 19.25 19.24 19.24 19.24 19.24 19.25 19.24 19.25 19.26 19.27 19.23 19.23 19.27 19.25 19.24 19.24 19.21 19.22 19.22 19.22 19.25 19.16 19.16 19.16 19.22 19.22 19.22 19.22 19.22 19.14 19.14 19.09 19.09 19.18 19.18 19.18 19.06 19.06 19.06 19.03 99999.90 99999.90 99999.90 99999.90 99999.90 18.99 19.04 19.04 19.04 19.04
19.22 19.23 19.21 19.21 19.25 19.19 19.20 19.24 19.25 19.25 19.27 19.25 19.25 19.25 19.25 19.25 19.25 19.25 19.24 19.21 19.18 19.26 19.24 19.26 19.25 19.24 19.23 19.23 19.23 19.23 19.22 19.21 19.21 19.21 19.22 19.22 19.23 19.20 19.21 19.23 19.23 19.22 19.21 19.21 19.22 19.22 19.30 19.25 19.16 19.16 19.16 19.22 19.22 19.22 19.22 19.14 19.14 19.09 19.09 19.18 19.18 19.18 19.06 19.06 19.06 19.03 19.03 19.04 99999.90 99999.90 99999.90 18.97 18.99 18.99 19.04 19.04 19.04
19.22 19.16 19.16 19.15 19.20 19.21 19.14 19.17 19.21 19.20 19.22 19.22 19.23 19.24 19.23 19.24 19.24 19.24 19.23 19.23 19.23 19.18 19.18 19.22 19.22 19.23 19.22 19.21 19.22 19.21 19.21 19.20 19.20 19.20 19.20 19.21 19.21 19.21 19.22 19.22 19.21 19.22 19.21 19.20 19.22 19.22 19.30 19.25 19.16 19.16 19.22 19.22 19.22 19.22 19.14 19.14 19.09 19.09 19.18 19.18 19.18 19.06 19.06 19.06 19.03 19.03 19.04 19.04 19.07 99999.90 99999.90 18.97 18.97 18.99 18.99 19.04 19.04
19.18 19.15 19.10 19.05 19.12 19.20 19.16 19.16 19.17 19.21 19.22 19.20 19.20 19.21 19.22 19.19 19.18 19.21 19.09 19.21 19.22 19.20 19.19 19.17 19.19 19.19 19.19 19.20 19.20 19.19 19.18 19.18 19.18 19.19 19.18 19.19 19.19 19.18 19.19 19.20 19.19 19.18 19.17 19.18 19.18 19.22 19.30 19.25 19.16 19.16 19.22 19.22 19.22 19.14 19.14 19.09 19.09 19.18 19.18 19.18 19.06 19.06 19.06 19.03 19.03 19.04 19.04 19.07 19.07 19.03 99999.90 18.97 18.97 18.97 18.99 18.99 19.04
19.12 19.12 19.04 19.05 19.07 19.15 19.16 19.16 19.17 19.18 19.18 19.19 19.17 19.17 19.18 19.19 19.19 19.20 19.18 19.20 19.20 19.19 19.13 19.14 19.14 19.18 19.18 19.19 19.19 19.17 19.17 19.17 19.17 19.17 19.17 19.15 19.15 19.17 19.17 19.18 19.18 19.16 19.16 19.11 19.14 19.14 19.17 19.16 19.24 19.24 19.22 19.22 19.14 19.14 19.09 19.09 19.18 19.18 19.18 19.06 19.06 19.06 19.03 19.03 19.04 19.00 19.00 19.00 19.00 19.00 19.00 18.97 18.97 18.97 18.97 18.99 18.99
19.10 19.05 19.06 19.12 19.14 19.10 19.10 19.12 19.15 19.17 19.16 19.16 19.14 19.11 19.13 19.15 19.18 19.17 19.17 19.17 19.17 19.16 19.16 19.16 19.14 19.18 19.18 19.16 19.17 19.13 19.17 19.16 19.16 19.15 19.15 19.14 19.15 19.15 19.15 19.15 19.15 19.16 19.16 18.99 19.09 19.15 19.13 19.13 19.12 19.14 19.13 19.14 19.14 19.09 19.09 19.18 19.18 19.18 19.06 19.06 19.06 19.03 19.03 19.04 19.04 19.00 19.00 19.01 19.01 19.01 19.01 18.97 18.97 18.97 18.97 18.97 18.99
19.05 19.08 19.06 19.10 19.09 19.08 19.09 19.09 19.14 19.14 19.12 19.13 19.12 19.10 19.12 19.14 19.16 19.15 19.14 19.15 19.15 19.14 19.15 19.17 19.16 19.16 19.16 19.15 19.15 19.14 19.15 19.14 19.11 19.14 19.12 19.12 19.11 19.12 19.13 19.13 19.13 19.13 19.13 19.05 19.11 19.12 19.12 19.11 19.10 19.10 19.07 19.09 19.09 19.09 19.18 19.18 19.18 19.06 19.06 19.06 19.03 19.03 19.04 19.04 19.00 19.00 19.00 19.01 19.01 19.01 18.97 18.98 18.98 18.97 18.97 18.97 18.97
19.04 19.06 19.11 19.08 19.05 19.02 19.05 19.11 19.10 19.08 19.10 19.12 19.12 19.10 19.09 19.12 19.12 19.12 19.12 19.13 19.13 19.12 19.13 19.16 19.14 19.13 19.13 19.13 19.13 19.12 19.12 19.05 19.06 19.08 19.10 19.10 19.10 19.11 19.11 19.12 19.11 19.10 19.09 19.10 19.09 19.08 19.12 19.12 19.12 19.11 19.09 19.08 19.10 19.18 19.18 19.18 19.06 19.06 19.06 19.03 19.03 19.04 19.04 19.07 19.00 19.00 19.00 19.01 19.01 19.01 18.97 18.98 18.98 18.97 18.97 18.97 18.97
19.05 19.05 19.08 19.08 19.08 19.04 19.07 19.11 19.11 19.10 19.11 19.12 19.11 19.09 19.06 19.08 19.09 19.09 19.10 19.11 19.13 19.13 19.12 19.14 19.13 19.11 19.10 19.10 19.11 19.09 19.08 19.06 19.10 19.08 19.09 19.09 19.08 19.09 19.09 19.10 19.10 19.08 19.07 19.05 19.05 19.08 19.09 19.09 19.10 19.09 19.08 19.06 19.07 19.07 19.07 19.06 19.06 19.06 19.03 19.03 19.04 19.04 19.07 19.00 19.00 19.00 19.01 19.01 19.01 18.96 18.97 18.98 18.98 18.98 18.97 18.97 18.97
19.02 19.00 18.97 19.02 19.08 19.03 19.05 19.07 19.10 19.10 19.09 19.08 19.08 19.07 19.04 19.03 19.07 19.05 19.09 19.09 19.11 19.11 19.11 19.12 19.12 19.12 19.10 19.08 19.08 19.05 19.08 19.07 19.09 19.08 19.03 19.06 19.06 19.09 19.07 19.08 19.08 19.04 19.05 19.04 19.03 19.07 19.08 19.09 19.08 19.07 19.07 19.06 19.06 19.05 19.05 19.06 19.06 19.03 19.03 19.04 19.04 19.07 19.07 19.00 19.00 19.00 19.01 19.01 19.01 18.96 18.97 18.98 18.98 18.98 18.97 18.97 18.97
19.04 18.98 18.99 18.98 19.01 19.03 19.03 19.05 19.02 19.05 19.07 19.06 19.07 19.05 19.05 19.03 19.01 19.00 19.06 19.07 19.06 19.09 19.08 19.08 19.08 19.10 19.09 19.07 19.06 19.06 19.06 19.06 19.06 19.04 19.04 19.04 19.05 19.05 18.97 19.05 19.05 19.00 18.98 19.02 19.05 19.05 19.05 19.06 19.07 19.06 19.06 19.05 19.04 19.03 19.00 19.02 19.03 19.03 19.04 19.04 19.07 19.07 19.00 19.00 19.00 19.00 19.01 19.01 19.01 18.96 18.97 18.98 18.98 18.98 18.98 18.97 18.97
18.89 18.78 18.78 18.90 18.97 19.01 19.04 19.02 18.99 18.99 19.02 19.03 19.03 19.01 19.03 19.04 18.99 19.00 19.04 19.05 19.05 19.07 19.08 19.07 19.08 19.06 19.08 19.05 19.03 19.03 19.05 19.06 19.04 19.04 19.05 19.03 19.04 19.04 18.98 19.03 19.02 19.02 18.99 19.01 19.03 19.02 19.02 19.02 19.04 19.06 19.03 19.02 19.02 19.01 19.00 19.01 19.00 19.04 19.04 19.07 19.07 19.03 19.00 19.00 19.00 19.01 19.01 19.01 19.01 18.96 18.97 18.98 18.98 18.98 18.98 18.97 18.97
18.88 18.86 18.86 18.78 18.89 18.97 19.01 19.03 19.03 19.00 19.02 19.00 18.98 18.97 18.97 19.00 19.00 19.01 18.99 19.00 19.02 19.06 19.08 19.04 19.06 19.07 19.06 19.02 19.01 19.03 19.03 19.02 19.02 19.02 19.02 19.01 19.03 19.02 19.01 19.01 19.02 19.00 18.96 18.99 19.03 19.02 19.01 19.01 19.01 19.04 19.05 19.03 19.02 19.01 18.99 18.99 18.99 18.99 19.07 19.07 19.03 18.95 19.00 19.00 19.00 19.01 19.01 19.01 18.94 18.96 18.97 18.98 18.98 18.98 18.98 18.98 18.96
18.91 18.92 18.94 18.96 18.97 18.99 19.00 19.00 19.02 19.02 19.01 19.00 18.97 18.98 18.98 18.95 18.99 18.99 19.01 19.03 19.02 19.04 19.05 19.05 19.04 19.04 19.03 18.95 18.94 19.00 18.99 18.97 19.00 18.99 19.00 18.99 19.00 19.00 18.95 18.98 18.99 18.98 18.95 18.99 19.00 19.00 18.99 18.99 18.99 18.99 19.02 19.00 18.99 18.98 18.97 18.95 18.96 18.93 18.92 19.03 19.03 18.95 19.00 19.00 19.01 19.01 19.01 19.01 18.94 18.96 18.97 18.98 18.98 18.98 18.98 18.98 18.98
18.93 18.93 18.91 18.90 18.92 18.94 18.97 18.97 18.99 18.97 18.95 18.97 18.97 18.97 18.96 18.96 18.98 18.97 19.01 19.03 19.03 19.02 19.02 19.02 19.02 19.02 19.00 18.99 18.98 18.98 18.98 18.91 18.98 18.96 18.91 18.98 18.98 18.98 18.95 18.94 18.97 18.90 18.97 18.98 19.00 18.99 18.97 18.98 18.98 18.97 18.99 18.99 18.97 18.97 18.97 18.95 18.93 18.92 18.92 18.95 18.96 18.95 19.00 19.00 19.01 19.01 19.01 18.96 18.94 18.96 18.97 18.98 18.98 18.98 18.98 18.98 18.98
18.93 18.96 18.94 18.92 18.90 18.91 18.92 18.89 18.96 18.95 18.95 18.95 18.95 18.95 18.91 18.91 18.96 18.95 18.98 19.01 19.01 19.00 19.00 19.01 18.99 18.98 18.96 18.97 18.96 18.94 18.95 18.85 18.93 18.87 18.91 18.96 18.96 18.97 18.95 18.91 18.93 18.90 18.93 18.95 18.96 18.97 18.96 18.95 18.95 18.96 18.96 18.96 18.96 18.95 18.95 18.94 18.93 18.91 18.89 18.88 18.91 18.92 18.92 19.03 19.01 19.01 19.01 18.96 18.94 18.96 18.97 18.98 18.98 18.93 18.98 18.98 18.98
