main/data/irradiance/10.03.2023.grid
ncols 839
nrows 679
xllcenter 112.0500
yllcenter -43.9500
cellsize 0.0500
nodata_value 99999.90
[rows 374 to 407 of 679, columns 385 to 461 of 839]
24.48 24.48 24.47 24.47 24.47 24.48 24.46 24.48 24.47 24.42 24.48 24.49 24.46 24.54 24.55 24.51 24.49 24.46 24.39 24.35 24.36 24.37 24.41 24.43 24.43 24.45 24.47 24.52 24.51 24.56 24.54 24.53 24.53 24.54 24.54 24.53 24.50 24.52 24.47 24.44 24.50 24.53 24.47 24.48 24.50 24.52 24.55 24.55 24.49 24.52 24.52 24.52 24.52 24.50 24.49 24.46 24.42 24.30 24.24 24.27 24.20 24.24 24.27 24.24 24.21 24.28 24.17 24.19 24.03 24.00 23.99 23.63 23.41 23.39 23.13 23.29 23.52
24.51 24.48 24.46 24.45 24.47 24.48 24.49 24.48 24.48 24.48 24.50 24.52 24.54 24.51 24.55 24.56 24.53 24.51 24.47 24.45 24.41 24.45 24.44 24.46 24.43 24.44 24.47 24.49 24.49 24.51 24.48 24.52 24.52 24.53 24.52 24.49 24.49 24.51 24.47 24.45 24.50 24.50 24.51 24.50 24.49 24.52 24.54 24.52 24.47 24.49 24.50 24.51 24.52 24.51 24.49 24.45 24.42 24.33 24.21 24.21 24.18 24.20 24.16 24.17 24.26 24.19 24.08 24.10 24.14 24.07 23.86 23.55 23.48 23.38 23.15 23.21 23.36
24.52 24.50 24.50 24.45 24.48 24.47 24.48 24.48 24.47 24.49 24.52 24.57 24.55 24.52 24.53 24.53 24.52 24.51 24.50 24.54 24.51 24.50 24.47 24.49 24.48 24.45 24.45 24.48 24.48 24.47 24.46 24.46 24.49 24.48 24.48 24.51 24.50 24.50 24.48 24.45 24.44 24.46 24.47 24.46 24.48 24.52 24.52 24.52 24.46 24.48 24.47 24.49 24.50 24.48 24.42 24.38 24.39 24.38 24.24 24.19 24.16 24.18 24.12 24.11 24.14 24.08 24.00 23.89 24.08 23.98 23.87 23.43 23.40 23.50 23.28 23.40 23.39
24.38 24.44 24.46 24.48 24.49 24.44 24.44 24.46 24.47 24.47 24.51 24.51 24.52 24.51 24.53 24.42 24.40 24.47 24.47 24.48 24.53 24.49 24.51 24.49 24.46 24.44 24.43 24.43 24.44 24.44 24.43 24.43 24.45 24.47 24.47 24.47 24.49 24.50 24.50 24.47 24.46 24.43 24.46 24.44 24.48 24.51 24.52 24.48 24.46 24.46 24.50 24.49 24.44 24.47 24.41 24.39 24.39 24.39 24.37 24.25 24.17 24.21 24.22 24.14 24.07 24.07 24.09 24.01 24.06 23.93 23.93 23.98 24.14 23.97 23.41 23.43 23.58
24.29 24.35 24.39 24.45 24.46 24.46 24.43 24.41 24.41 24.44 24.46 24.48 24.48 24.51 24.35 24.35 24.35 24.39 24.40 24.39 24.43 24.49 24.56 24.56 24.49 24.50 24.46 24.44 24.39 24.39 24.42 24.40 24.42 24.46 24.46 24.46 24.45 24.45 24.47 24.47 24.44 24.44 24.43 24.44 24.45 24.47 24.47 24.47 24.41 24.43 24.46 24.46 24.46 24.43 24.42 24.39 24.36 24.34 24.33 24.34 24.24 24.19 24.21 24.12 24.07 24.05 24.08 24.11 23.86 23.93 24.04 24.03 24.13 24.18 23.87 23.82 23.77
24.25 24.33 24.35 24.34 24.36 24.42 24.42 24.42 24.42 24.42 24.45 24.45 24.46 24.47 24.37 24.38 24.38 24.42 24.38 24.42 24.43 24.48 24.51 24.54 24.58 24.55 24.51 24.45 24.42 24.46 24.46 24.40 24.43 24.43 24.43 24.44 24.44 24.42 24.45 24.46 24.46 24.42 24.42 24.43 24.42 24.46 24.44 24.45 24.41 24.44 24.46 24.43 24.42 24.42 24.42 24.36 24.40 24.35 24.33 24.25 24.24 24.17 24.14 24.09 24.07 24.03 24.08 23.98 23.91 23.80 23.89 23.85 24.06 23.99 24.00 23.82 23.59
24.28 24.28 24.30 24.33 24.31 24.36 24.28 24.41 24.43 24.42 24.44 24.45 24.46 24.49 24.48 24.47 24.47 24.43 24.42 24.40 24.41 24.41 24.46 24.47 24.50 24.50 24.46 24.46 24.43 24.46 24.47 24.40 24.38 24.41 24.41 24.42 24.42 24.43 24.43 24.43 24.41 24.40 24.40 24.39 24.40 24.44 24.41 24.44 24.41 24.41 24.39 24.40 24.43 24.42 24.41 24.41 24.37 24.39 24.39 24.29 24.30 24.16 24.12 24.08 24.10 24.07 23.98 23.89 23.84 23.73 23.82 24.05 23.99 24.06 23.97 23.88 23.75
24.25 24.21 24.25 24.31 24.30 24.26 24.28 24.34 24.42 24.43 24.42 24.46 24.45 24.50 24.45 24.46 24.48 24.43 24.41 24.41 24.39 24.38 24.42 24.42 24.45 24.45 24.48 24.46 24.40 24.39 24.42 24.41 24.39 24.36 24.38 24.40 24.39 24.40 24.38 24.41 24.42 24.39 24.38 24.38 24.38 24.43 24.43 24.37 24.40 24.37 24.35 24.34 24.37 24.37 24.37 24.36 24.37 24.35 24.35 24.31 24.37 24.34 24.25 24.16 24.11 24.08 24.04 24.04 23.96 23.97 24.06 24.10 24.01 23.88 23.95 23.94 24.01
24.29 24.24 24.24 24.24 24.25 24.26 24.25 24.22 24.32 24.29 24.37 24.41 24.42 24.42 24.44 24.45 24.46 24.46 24.38 24.25 24.30 24.38 24.39 24.34 24.37 24.37 24.42 24.45 24.42 24.42 24.41 24.43 24.42 24.38 24.38 24.38 24.40 24.41 24.39 24.40 24.36 24.35 24.37 24.35 24.35 24.33 24.43 24.40 24.41 24.37 24.35 24.31 24.32 24.38 24.36 24.30 24.35 24.34 24.31 24.27 24.31 24.22 24.15 24.11 24.12 24.06 24.03 24.02 24.07 24.06 24.14 24.08 24.05 23.97 23.89 23.98 23.99
24.30 24.29 24.24 24.23 24.18 24.19 24.21 24.16 24.20 24.20 24.25 24.29 24.38 24.36 24.37 24.37 24.39 24.36 24.17 24.03 24.11 24.23 24.36 24.38 24.37 24.29 24.37 24.36 24.39 24.39 24.37 24.33 24.31 24.34 24.33 24.34 24.35 24.37 24.39 24.35 24.27 24.29 24.33 24.35 24.37 24.36 24.35 24.33 24.28 24.27 24.27 24.28 24.32 24.32 24.32 24.31 24.28 24.30 24.31 24.27 24.33 24.30 24.19 24.12 24.06 24.09 24.05 24.04 24.11 24.10 24.19 24.12 24.10 24.04 23.98 23.93 23.74
24.32 24.28 24.26 24.28 24.24 24.23 24.20 24.20 24.20 24.22 24.19 24.21 24.30 24.34 24.33 24.27 24.31 24.31 24.20 24.18 24.09 24.17 24.23 24.33 24.38 24.20 24.22 24.28 24.35 24.39 24.36 24.27 24.24 24.28 24.30 24.29 24.36 24.38 24.31 24.33 24.32 24.31 24.31 24.35 24.34 24.34 24.35 24.36 24.27 24.23 24.24 24.22 24.28 24.29 24.32 24.34 24.30 24.31 24.31 24.31 24.28 24.27 24.19 24.13 24.10 24.04 23.99 23.98 24.06 24.15 24.25 24.16 24.11 24.06 23.92 24.01 23.80
24.27 24.31 24.31 24.27 24.26 24.24 24.22 24.21 24.21 24.23 24.24 24.18 24.24 24.29 24.30 24.32 24.33 24.32 24.25 24.25 24.19 24.09 24.09 24.17 24.22 24.30 24.27 24.30 24.35 24.34 24.29 24.32 24.30 24.28 24.31 24.31 24.29 24.33 24.24 24.29 24.27 24.29 24.31 24.31 24.33 24.34 24.32 24.32 24.29 24.25 24.23 24.23 24.25 24.30 24.21 24.26 24.28 24.26 24.26 24.29 24.29 24.26 24.22 24.21 24.09 24.16 24.07 24.08 24.16 24.17 24.20 24.15 24.12 24.09 24.01 24.10 23.89
24.30 24.25 24.23 24.22 24.19 24.19 24.16 24.15 24.17 24.23 24.20 24.23 24.24 24.26 24.28 24.29 24.29 24.29 24.24 24.27 24.23 24.22 24.12 24.11 24.20 24.20 24.33 24.33 24.27 24.25 24.29 24.24 24.28 24.18 24.26 24.29 24.23 24.20 24.23 24.26 24.31 24.31 24.32 24.28 24.26 24.29 24.31 24.23 24.24 24.22 24.14 24.19 24.20 24.22 24.19 24.18 24.17 24.22 24.23 24.26 24.31 24.19 24.23 24.25 24.19 24.08 24.08 24.07 24.12 24.14 24.17 24.18 24.17 24.19 24.01 24.12 24.10
24.17 24.17 24.16 24.17 24.14 24.11 24.10 24.11 24.15 24.18 24.28 24.32 24.28 24.31 24.29 24.29 24.32 24.29 24.26 24.28 24.36 24.30 24.19 24.19 24.24 24.24 24.30 24.26 24.22 24.30 24.30 24.19 24.10 24.21 24.20 24.23 24.21 24.15 24.22 24.20 24.26 24.28 24.28 24.24 24.23 24.26 24.27 24.20 24.19 24.14 24.12 24.14 24.19 24.21 24.13 24.11 24.12 24.11 24.22 24.24 24.22 24.17 24.21 24.21 24.19 24.21 24.23 24.23 24.17 24.19 24.14 24.11 24.07 24.16 24.06 24.00 24.14
24.12 24.14 24.10 24.08 24.11 24.12 24.13 24.11 24.17 24.23 24.29 24.27 24.27 24.30 24.31 24.28 24.33 24.32 24.29 24.28 24.33 24.32 24.20 24.10 24.13 24.10 24.08 24.15 24.19 24.26 24.18 24.16 24.09 24.24 24.25 24.21 24.15 24.10 24.19 24.19 24.24 24.25 24.22 24.25 24.22 24.24 24.24 24.20 24.19 24.17 24.16 24.11 24.15 24.21 24.12 24.07 24.08 24.07 24.15 24.17 24.20 24.09 24.14 23.88 24.04 24.17 24.18 24.21 24.23 24.22 24.23 24.24 24.19 24.14 24.12 23.89 24.05
24.15 24.12 24.10 24.09 24.11 24.14 24.18 24.11 24.15 24.20 24.22 24.26 24.24 24.25 24.31 24.30 24.31 24.30 24.29 24.16 24.21 24.17 24.15 24.11 24.07 24.06 24.10 24.11 24.13 24.15 24.21 24.20 24.17 24.22 24.20 24.19 24.12 24.14 24.09 24.16 24.20 24.21 24.20 24.23 24.27 24.25 24.21 24.14 24.14 24.15 24.10 24.22 23.90 24.07 24.17 24.14 24.12 24.08 24.16 24.12 24.13 24.01 24.08 23.86 24.04 24.20 24.16 24.13 24.17 24.19 24.18 24.21 24.15 24.13 24.11 24.02 24.05
24.18 24.17 24.13 24.11 24.11 24.18 24.24 24.17 24.15 24.23 24.19 24.14 24.14 24.14 24.22 24.29 24.29 24.27 24.23 24.17 24.18 24.19 24.16 24.11 24.15 24.16 24.17 24.15 24.12 24.12 24.21 24.19 24.22 24.21 24.28 24.23 24.16 24.17 24.20 24.18 24.19 24.25 24.20 24.22 24.23 24.23 24.09 24.07 24.13 24.14 24.00 24.13 24.06 24.19 24.24 24.20 24.19 24.06 23.99 24.03 24.10 24.01 24.00 24.03 24.06 24.15 24.17 24.14 24.17 24.18 24.17 24.19 24.13 24.15 24.12 24.00 23.97
24.24 24.21 24.17 24.19 24.07 24.21 24.25 24.14 24.13 24.12 24.16 24.05 24.11 24.12 24.15 24.20 24.25 24.25 24.21 24.18 24.22 24.25 24.22 24.23 24.24 24.21 24.18 23.09 23.28 23.98 24.14 24.16 24.21 24.26 24.25 24.22 24.15 24.23 24.23 24.18 24.13 24.12 24.13 24.15 24.24 24.20 24.09 24.06 24.07 23.94 24.05 24.11 24.13 24.17 24.17 24.10 24.05 24.06 24.01 23.99 24.12 24.03 24.03 24.02 24.14 24.13 23.74 24.05 24.10 24.12 24.04 24.18 24.18 24.20 24.19 24.02 23.79
24.23 24.21 24.24 24.20 24.21 24.25 24.24 24.18 24.07 24.09 24.15 24.06 24.01 24.10 24.05 24.17 24.16 24.15 24.19 24.27 24.28 24.25 24.26 24.21 23.64 24.23 24.20 24.23 23.91 23.77 23.79 24.13 24.20 24.19 24.23 24.19 24.19 24.18 24.17 24.22 24.18 24.13 24.05 24.12 24.18 24.12 24.09 24.09 24.11 24.17 24.14 24.11 24.19 24.20 24.09 24.01 24.07 24.07 24.06 23.97 24.04 24.01 24.08 24.05 24.03 24.08 24.06 24.04 24.03 24.09 24.18 24.13 24.14 24.17 24.07 24.03 24.06
24.21 24.22 24.23 24.18 24.21 24.24 24.16 24.14 24.20 24.09 24.12 24.10 24.21 24.21 24.18 24.23 24.25 24.24 24.20 24.25 24.23 24.25 24.13 24.06 23.00 23.85 24.17 24.16 24.14 24.12 24.10 24.08 24.14 24.14 24.18 24.22 24.20 24.19 24.18 24.15 24.14 24.16 24.15 24.13 23.98 24.05 24.12 23.93 24.12 24.20 24.20 24.18 24.16 24.13 24.08 24.13 24.20 24.19 24.13 23.99 24.05 24.09 24.02 24.02 24.02 24.02 24.06 24.10 24.06 24.12 24.15 24.17 24.16 24.14 24.16 24.14 24.12
24.25 24.23 24.19 24.22 24.24 24.23 24.18 24.14 24.18 24.14 24.21 24.13 24.10 24.21 24.28 24.25 24.23 24.25 24.25 24.20 24.22 24.20 24.15 24.14 24.09 24.09 24.12 24.12 24.17 24.17 24.17 24.12 24.16 24.19 24.21 24.21 24.21 24.20 24.20 24.17 24.15 24.15 24.14 24.12 24.08 24.05 24.04 24.07 24.15 24.17 24.14 24.15 24.16 24.15 24.05 24.13 24.14 24.16 24.20 24.13 24.13 24.14 24.11 24.06 24.00 23.98 24.02 24.06 24.01 23.97 24.04 24.09 24.09 24.11 24.08 24.10 24.09
24.25 24.22 24.16 24.22 24.23 24.25 24.21 24.11 24.15 24.12 24.10 24.08 24.13 24.20 24.24 24.19 24.20 24.25 24.28 24.25 24.20 24.20 24.21 24.20 24.22 24.20 24.09 24.11 24.20 24.16 24.15 24.16 24.02 24.14 24.20 24.17 24.17 24.18 24.15 24.11 24.13 24.12 24.11 24.10 24.17 24.19 24.12 24.09 24.15 24.12 24.13 24.11 24.16 24.14 24.06 24.07 24.09 24.11 24.18 24.15 24.14 24.11 24.08 24.06 24.03 23.96 23.97 24.05 24.09 24.07 24.06 24.01 24.06 24.13 24.08 24.08 24.05
24.28 24.26 24.22 24.19 24.19 24.18 24.14 24.10 24.13 24.14 24.11 24.02 24.04 24.18 24.19 24.19 24.20 24.24 24.23 24.24 24.19 24.20 24.24 24.21 24.22 24.22 24.10 24.11 24.10 24.15 24.16 23.94 23.95 24.12 24.14 24.12 24.12 24.14 24.14 24.16 24.12 24.10 24.13 24.17 24.13 24.15 24.15 24.11 24.13 24.09 24.07 24.07 24.12 24.12 24.08 24.10 24.12 24.13 24.16 24.11 24.08 24.07 24.00 24.05 24.02 23.96 24.04 24.10 24.06 24.05 24.08 24.04 24.05 24.07 24.08 24.06 24.07
24.21 24.19 24.15 24.10 24.04 24.05 23.99 23.96 24.03 24.05 24.06 24.01 24.02 24.15 24.19 24.19 24.20 24.23 24.23 24.22 24.23 24.20 24.23 24.24 24.20 24.19 24.09 24.07 24.09 24.10 24.15 24.16 24.17 24.11 24.16 24.11 24.13 24.16 24.20 24.19 24.16 24.20 24.15 24.11 24.08 24.09 24.07 24.10 24.09 24.09 24.05 24.11 24.06 23.98 23.99 24.07 24.12 24.08 24.06 24.09 24.05 24.06 24.01 24.03 23.99 23.99 23.98 23.99 23.98 23.97 24.01 24.04 24.04 24.09 24.06 24.00 24.03
24.09 24.15 24.03 24.10 24.13 24.08 23.96 23.92 23.97 23.98 24.03 24.08 24.15 24.21 24.22 24.22 24.21 24.22 24.22 24.08 24.18 24.21 24.21 24.22 24.22 24.17 24.04 24.07 24.08 24.04 24.02 24.03 24.11 24.01 24.12 24.13 24.15 24.16 24.24 24.10 23.79 23.86 23.96 24.13 24.12 24.10 24.14 24.09 24.07 24.08 24.07 24.03 24.04 24.00 24.02 24.06 24.07 24.00 24.06 24.07 24.02 24.00 24.03 24.05 23.93 23.97 24.02 23.98 23.98 24.00 23.99 23.98 24.02 24.03 24.01 24.04 24.11
24.07 24.10 24.05 24.05 24.07 24.03 24.04 23.98 23.96 23.95 23.91 24.16 24.19 24.22 24.22 24.21 24.21 24.20 24.16 24.05 24.21 24.21 24.19 24.20 24.22 24.23 24.15 24.15 24.18 24.13 24.12 24.14 24.12 24.12 24.15 24.14 24.15 24.16 24.19 23.72 23.64 23.41 23.74 24.17 24.18 24.18 24.15 24.07 24.05 24.08 24.04 24.02 23.99 23.98 23.99 23.98 24.02 23.99 24.02 24.01 24.07 23.96 23.99 23.96 23.93 23.91 23.91 23.99 23.98 23.99 23.94 23.94 24.01 24.01 23.96 24.03 24.08
24.14 24.15 24.18 24.17 24.13 24.11 24.09 24.08 24.10 24.09 24.17 24.19 24.21 24.24 24.24 24.24 24.16 24.03 23.81 24.14 24.22 24.20 24.23 24.21 24.19 24.18 24.15 24.15 24.17 24.11 24.17 24.16 24.15 24.15 24.14 24.15 24.12 23.96 24.08 24.17 24.13 24.16 24.10 24.04 24.14 24.15 24.16 24.10 24.08 24.04 24.04 24.02 24.01 24.01 23.99 23.97 23.98 24.03 23.99 23.94 23.97 23.95 23.96 23.91 23.87 23.86 23.82 23.90 23.94 23.91 23.93 23.92 23.97 23.90 23.97 24.07 24.05
24.19 24.21 24.19 24.19 24.19 24.19 24.19 24.19 24.22 24.19 24.22 24.21 24.23 24.24 24.23 24.21 24.16 24.15 24.20 24.14 24.20 24.23 24.21 24.19 24.18 24.17 24.17 24.13 24.17 24.17 24.10 24.18 24.19 24.21 24.21 24.11 23.82 24.16 24.10 24.07 24.21 24.20 24.16 24.17 24.14 24.15 24.09 24.08 24.10 24.08 24.08 24.04 24.03 24.03 23.99 24.01 23.99 24.05 24.04 24.07 24.05 24.02 24.01 23.99 23.88 23.84 23.81 23.91 23.89 23.88 23.89 23.90 23.95 24.01 23.94 24.02 24.12
24.21 24.20 24.19 24.22 24.19 24.21 24.20 24.19 24.22 24.23 24.23 24.22 24.23 24.23 24.22 24.19 24.18 24.13 23.98 24.09 23.81 24.16 24.20 24.14 24.16 24.14 24.12 24.13 24.20 24.19 24.19 24.23 24.22 24.21 24.20 24.07 24.09 24.14 24.16 24.11 24.16 24.16 24.14 24.09 24.09 24.16 24.06 24.03 24.06 24.00 24.04 24.04 24.05 24.00 24.00 23.98 23.99 24.00 24.05 24.07 24.04 23.99 24.03 23.96 23.94 23.86 23.84 23.82 23.91 23.92 23.95 23.96 23.98 23.96 23.91 23.91 24.03
24.09 24.09 24.19 24.17 24.20 24.19 24.18 24.16 24.18 24.18 24.20 24.21 24.21 24.19 24.19 24.17 24.14 24.14 24.13 24.14 24.18 24.17 24.18 24.16 24.14 24.11 24.14 24.16 24.20 24.18 24.20 24.21 24.22 24.19 24.18 24.17 24.14 24.13 24.13 24.10 24.08 24.02 24.12 24.10 24.11 24.12 24.13 24.09 24.02 23.96 23.87 23.93 23.91 23.94 23.90 23.97 23.99 23.93 23.96 24.01 24.00 23.95 24.00 23.99 23.98 23.92 23.88 23.84 23.86 23.92 23.96 23.94 23.91 23.87 23.93 23.92 23.92
23.76 23.83 23.96 24.09 24.12 24.17 24.17 24.16 24.18 24.19 24.17 24.18 24.19 24.20 24.17 24.14 24.14 24.15 24.16 24.16 24.18 24.16 24.18 24.18 24.17 24.15 24.12 24.17 24.19 24.20 24.18 24.18 24.19 24.01 23.85 24.16 24.20 24.18 24.15 24.13 24.05 24.02 24.04 24.00 24.05 24.06 23.99 24.07 24.08 23.98 23.92 23.94 23.97 23.95 23.91 23.95 23.93 23.94 23.92 23.93 23.94 23.89 23.91 23.99 23.98 23.96 23.96 23.99 23.91 23.88 23.88 23.92 23.97 23.90 23.90 23.93 23.91
23.71 23.75 23.75 23.74 23.43 23.76 24.15 24.18 24.18 24.18 24.18 24.15 24.17 24.18 24.17 24.12 24.13 24.12 24.16 24.15 24.16 24.16 24.17 24.15 24.15 24.15 24.16 24.15 24.18 24.19 24.18 24.18 24.17 24.10 24.16 24.17 24.17 24.18 24.14 24.12 24.04 24.01 24.04 24.04 24.08 24.04 24.01 23.97 23.98 23.95 23.93 24.00 23.96 23.93 23.92 23.94 23.93 23.94 23.84 23.88 23.97 23.86 23.90 23.94 23.94 23.88 23.92 23.93 23.92 23.87 23.83 23.83 23.93 23.97 23.94 23.96 24.00
23.69 23.72 23.70 23.70 23.70 23.86 24.10 24.18 24.16 24.16 24.17 24.15 24.16 24.15 24.16 24.16 24.15 24.15 24.17 24.16 24.16 24.17 24.17 24.16 24.16 24.15 24.17 24.14 24.16 24.17 24.18 24.20 24.16 24.13 24.16 24.18 24.16 24.14 24.17 24.16 24.11 24.05 24.06 24.15 24.10 24.03 23.98 23.96 23.96 23.92 23.89 24.02 24.01 23.96 24.01 23.97 23.95 23.96 23.93 23.86 23.89 23.90 23.87 23.88 23.89 23.85 23.87 23.86 23.89 23.87 23.86 23.82 23.82 23.86 23.95 24.01 24.01
23.63 23.70 23.69 23.72 23.74 23.71 23.76 23.90 24.02 24.15 24.13 24.14 24.16 24.16 24.14 24.14 24.14 24.14 24.16 24.15 24.17 24.16 24.14 24.13 24.14 24.14 24.13 24.13 24.14 24.15 24.16 24.19 24.18 24.17 24.13 24.15 24.16 24.16 24.15 24.15 24.14 24.12 24.11 24.10 24.13 24.13 24.07 24.04 24.00 23.99 23.95 24.03 23.99 24.02 24.06 24.06 24.06 24.04 24.05 23.97 23.91 23.87 23.84 23.82 23.87 23.86 23.88 23.87 23.87 23.87 23.91 23.88 23.76 23.72 23.88 23.98 23.98
