main/data/irradiance/10.08.2023.grid
ncols 839
nrows 679
xllcenter 112.0500
yllcenter -43.9500
cellsize 0.0500
nodata_value 99999.90
[rows 442 to 475 of 679, columns 462 to 538 of 839]
13.93 13.63 13.36 13.34 13.52 13.28 13.62 13.66 13.12 13.06 13.31 13.26 13.47 13.33 13.56 12.78 13.22 12.96 12.98 12.94 12.19 12.00 12.46 12.77 12.76 12.58 12.71 13.15 13.03 12.80 12.95 12.93 13.00 13.14 13.42 13.90 13.95 14.34 14.35 14.34 14.42 14.44 14.50 14.34 14.68 14.74 14.77 14.66 14.85 14.77 14.85 14.81 14.50 14.83 14.91 14.92 15.01 14.94 14.88 15.01 14.99 14.98 14.97 14.93 14.89 14.98 15.00 15.03 15.09 15.13 15.04 15.08 15.06 14.98 14.99 15.00 15.01
13.68 13.66 13.25 13.35 13.11 13.70 13.64 13.47 13.17 12.56 13.27 13.51 13.32 13.70 13.63 13.62 13.40 13.21 13.31 12.89 12.84 12.85 12.72 12.76 12.73 12.40 12.45 12.86 12.64 12.73 12.42 12.55 12.77 12.89 13.11 13.53 13.75 14.03 14.11 14.12 14.24 14.47 14.35 14.43 14.59 14.53 14.55 14.79 14.74 14.67 14.65 14.57 14.48 14.71 14.82 14.86 14.94 14.89 14.83 14.91 15.07 15.10 15.00 14.91 14.94 14.91 14.95 14.94 15.00 15.03 14.98 14.99 15.04 15.00 15.01 14.98 14.98
13.65 13.40 13.26 13.65 13.25 13.27 13.16 13.16 13.03 13.00 13.16 13.54 13.53 13.57 13.11 13.39 13.47 13.22 12.84 12.82 12.71 12.85 12.73 12.66 12.48 12.18 12.61 12.63 12.73 12.72 12.80 12.74 12.82 12.53 12.75 13.10 13.31 13.81 14.10 14.17 14.16 14.36 14.46 14.45 14.46 14.44 14.26 14.84 14.76 14.63 14.50 14.30 14.63 14.65 14.61 14.82 14.93 14.82 14.73 14.78 14.89 14.93 14.90 14.91 14.88 14.83 14.79 14.86 14.91 14.88 14.83 14.94 14.98 14.96 14.96 14.92 14.89
13.88 13.29 13.23 13.24 13.26 13.25 12.99 12.65 12.19 12.79 13.44 13.24 12.98 13.11 13.21 13.10 13.33 13.13 12.75 12.84 13.06 13.20 13.02 12.65 12.23 11.93 12.46 12.61 12.67 12.57 12.77 12.65 12.73 12.63 12.62 12.87 13.18 13.70 13.86 14.16 14.20 14.37 14.31 14.31 14.33 14.54 14.42 14.81 14.76 14.75 14.66 14.07 14.29 14.43 14.38 14.78 14.97 14.77 14.63 14.68 14.91 14.93 14.91 14.94 14.92 14.89 14.88 14.88 14.86 14.87 14.83 14.93 14.93 14.91 14.92 14.89 14.87
13.51 13.05 13.09 13.09 12.96 12.75 12.88 12.70 12.65 12.80 13.22 12.96 12.88 13.22 13.26 13.12 12.76 12.48 12.16 12.46 12.82 12.52 12.76 12.37 12.13 11.94 12.39 12.45 12.62 12.65 12.82 13.01 12.58 12.51 12.61 12.85 13.20 13.60 13.71 13.93 14.12 14.29 14.36 14.27 14.52 14.50 14.54 14.83 14.71 14.50 14.38 13.82 14.14 14.55 14.13 14.75 14.80 14.88 14.39 14.63 14.88 14.96 14.95 14.90 14.90 14.91 14.80 14.79 14.80 14.77 14.80 14.82 14.80 14.81 14.88 14.82 14.74
13.05 13.12 13.40 13.11 13.41 12.47 12.35 12.10 12.40 12.80 12.79 12.54 12.97 12.53 12.82 12.66 12.28 11.96 12.21 12.58 12.53 12.24 12.35 12.18 11.73 12.06 12.19 12.42 12.40 12.45 12.65 12.73 12.90 12.74 13.03 13.06 13.31 13.48 13.85 14.03 13.97 14.20 14.17 14.29 14.43 14.46 14.67 14.78 14.77 14.47 14.37 13.78 14.38 14.33 14.17 14.37 14.51 14.83 14.76 14.79 14.85 14.88 14.89 14.91 14.87 14.88 14.89 14.80 14.81 14.81 14.78 14.68 14.79 14.76 14.66 14.64 14.58
12.73 13.15 12.75 12.63 12.57 13.51 12.67 12.14 12.21 12.67 12.67 12.38 12.54 12.44 12.21 11.99 11.87 11.64 11.98 12.40 12.50 12.27 11.94 12.22 11.92 11.97 12.26 12.45 12.62 12.65 13.00 13.12 12.66 12.89 13.06 13.25 13.46 13.55 13.62 13.94 14.11 14.08 14.30 14.29 14.48 14.55 14.60 14.55 14.72 14.71 14.46 13.80 14.30 14.41 13.88 14.03 14.38 14.72 14.63 14.63 14.83 14.87 14.93 14.89 14.81 14.82 14.76 14.79 14.82 14.72 14.66 14.58 14.62 14.49 14.51 14.62 14.57
12.78 12.77 12.93 12.62 12.14 12.89 12.29 12.15 12.34 12.38 12.30 12.32 12.08 12.28 11.75 11.89 11.52 12.17 12.03 12.16 11.97 11.97 11.81 11.72 11.93 12.08 11.97 12.47 12.49 12.56 12.71 12.75 13.06 12.98 13.18 13.51 13.76 13.78 13.76 13.95 14.07 14.23 14.34 14.13 14.43 14.55 14.42 14.72 14.67 14.68 14.43 13.57 13.96 14.56 14.06 13.98 14.23 14.41 14.51 14.49 14.77 14.83 14.79 14.62 14.69 14.61 14.58 14.65 14.52 14.42 14.50 14.50 14.47 14.39 14.61 14.54 14.61
12.15 12.57 11.82 12.25 12.30 12.67 12.34 11.91 12.11 12.10 12.09 12.33 11.65 11.93 11.48 11.44 11.57 12.05 12.42 12.21 11.78 11.49 11.56 11.63 11.89 11.88 11.89 12.10 12.38 12.66 13.04 12.94 13.18 13.20 13.38 13.57 13.65 13.81 13.95 13.99 14.14 14.20 14.17 14.14 14.39 14.58 14.58 14.69 14.52 14.67 14.47 14.06 13.96 14.56 14.35 13.95 13.74 13.44 14.14 14.21 14.54 14.71 14.72 14.49 14.39 14.48 14.26 14.46 14.38 14.35 14.34 14.32 14.34 14.54 14.56 14.59 14.55
11.70 12.25 11.66 11.77 11.95 12.23 12.32 11.77 12.08 12.28 12.27 11.99 11.42 11.39 11.58 11.27 11.83 11.98 12.03 11.78 11.51 11.52 11.34 11.68 11.68 11.59 11.96 12.19 12.39 12.53 12.99 13.10 13.18 13.35 13.43 13.70 13.71 13.82 14.05 14.14 14.10 14.08 14.21 14.29 14.43 14.53 14.59 14.48 14.72 14.68 14.52 14.28 14.28 14.37 14.37 14.18 13.34 13.13 14.04 14.36 13.93 14.41 14.51 13.90 14.13 13.96 13.78 14.09 14.39 14.28 14.33 14.35 14.34 14.29 14.46 14.48 14.66
11.68 11.72 12.01 11.65 12.25 12.05 11.98 12.10 12.27 12.08 11.93 11.65 11.99 11.64 11.74 11.55 11.70 11.84 11.69 11.73 11.51 11.35 11.82 11.74 11.49 11.44 11.62 11.93 12.15 12.62 12.88 12.77 12.93 13.08 13.33 13.60 13.76 13.95 14.11 14.31 14.28 14.31 14.20 14.16 14.52 14.53 14.65 14.50 14.69 14.70 14.15 13.93 13.93 14.37 14.37 14.37 12.87 12.70 12.92 13.10 13.43 14.21 14.33 14.12 13.61 13.63 13.37 13.92 13.95 14.03 13.99 14.26 14.40 14.36 14.33 14.48 14.61
12.73 11.76 11.86 11.84 11.93 11.96 12.28 12.33 12.06 12.27 11.94 11.59 11.39 11.46 11.74 11.51 11.14 11.29 11.60 11.35 11.39 11.28 11.44 11.34 11.61 11.51 11.41 11.83 12.26 12.28 12.68 12.72 12.82 12.95 13.16 13.44 13.49 13.81 13.97 14.09 14.23 14.33 14.33 14.28 14.47 14.45 14.56 14.53 14.63 14.65 14.52 13.69 13.69 14.08 14.40 14.40 12.23 11.72 12.45 12.63 12.92 13.61 13.64 13.07 13.23 12.83 13.03 13.26 13.69 13.62 13.81 13.92 14.03 14.31 14.28 14.41 14.47
12.50 11.83 11.75 11.36 11.44 11.42 11.58 12.04 11.95 11.43 12.02 12.20 11.81 11.54 11.26 11.53 11.43 11.36 11.24 11.09 11.31 11.35 11.39 11.02 10.96 11.41 11.42 11.49 12.16 12.38 12.48 12.80 13.04 13.00 13.16 13.48 13.79 13.85 13.78 13.92 14.10 14.23 14.34 14.46 14.53 14.55 14.60 14.61 14.64 14.38 14.21 14.21 14.08 14.08 14.40 14.40 11.55 10.81 10.76 12.11 12.22 13.59 13.62 12.45 11.56 11.98 11.74 12.22 13.37 13.40 13.39 13.85 14.08 14.19 14.29 14.28 14.49
12.24 11.93 11.22 11.38 11.58 11.36 11.51 11.67 11.59 11.30 11.56 11.51 11.59 11.69 11.29 10.85 10.69 10.73 10.87 11.12 10.78 10.61 10.88 10.97 11.08 10.92 11.37 11.47 11.65 12.38 12.66 12.35 12.62 12.76 13.20 13.43 13.81 13.87 13.74 13.91 13.99 14.26 14.19 14.38 14.51 14.51 14.58 14.62 14.57 14.41 14.26 14.40 14.24 14.24 14.24 12.61 12.61 10.49 10.47 9.80 11.59 12.65 12.55 11.81 11.08 11.82 11.71 11.54 12.60 13.35 13.22 13.67 13.49 13.84 14.12 14.21 14.36
12.13 11.34 11.73 11.33 11.70 11.66 11.92 11.32 11.40 11.43 11.71 11.13 11.25 11.33 11.41 11.20 10.44 10.24 10.31 10.50 10.95 11.17 11.13 11.22 11.40 10.97 11.06 11.50 11.87 11.85 12.18 12.56 12.35 13.10 13.36 13.70 13.58 13.57 13.64 13.83 14.10 14.17 14.14 14.30 14.47 14.53 14.59 14.66 14.60 14.46 14.58 14.56 14.13 14.13 14.13 13.01 13.01 10.11 10.18 9.93 10.19 11.40 10.98 10.92 10.95 11.49 11.64 11.90 11.90 13.00 12.91 13.42 13.49 13.40 13.70 14.16 14.23
11.86 11.56 11.13 11.36 11.68 11.62 11.53 11.29 11.13 11.24 11.55 11.04 11.14 10.59 10.23 9.74 9.77 10.11 10.57 10.27 10.45 10.76 11.15 11.18 11.26 11.31 11.30 11.21 11.74 11.82 11.95 12.39 12.45 13.11 13.40 13.51 13.59 13.44 13.80 14.01 14.14 14.08 14.14 14.29 14.39 14.55 14.61 14.61 14.63 14.46 14.61 14.63 14.58 14.58 14.58 13.94 13.94 11.59 9.58 9.62 9.84 10.13 10.39 10.32 11.06 11.56 11.09 11.72 11.64 12.67 12.65 12.89 13.12 12.99 13.45 13.93 13.94
11.28 11.69 11.01 11.27 11.75 11.35 10.97 10.80 10.27 10.49 10.70 9.97 10.26 10.27 9.84 9.63 9.60 9.79 10.50 10.13 10.49 10.91 11.13 11.11 11.23 10.86 10.79 10.88 11.31 11.80 12.47 12.42 12.57 13.02 13.39 13.55 13.22 13.21 13.80 14.22 14.12 14.18 14.26 14.30 14.40 14.54 14.62 14.59 14.58 14.58 14.61 14.64 14.58 14.58 14.58 13.94 13.94 12.24 10.81 10.32 10.53 10.32 10.44 9.99 10.61 11.19 11.28 10.87 11.21 11.74 12.48 12.61 12.52 12.73 13.24 13.33 13.74
11.71 11.82 11.95 11.90 11.89 10.99 10.79 10.67 10.33 10.11 10.29 10.39 9.95 9.75 9.83 9.68 9.57 9.92 9.98 10.18 10.35 10.91 10.59 10.66 10.68 10.59 10.59 11.07 11.61 11.83 12.09 12.36 12.61 12.89 13.26 13.43 13.34 13.45 13.79 13.96 14.10 14.18 14.18 14.27 14.46 14.51 14.49 14.52 14.58 14.58 14.58 14.64 14.64 14.58 14.58 13.17 13.17 13.17 11.65 9.98 9.84 10.40 10.15 10.05 10.90 11.18 10.72 10.87 10.89 11.63 12.13 12.23 12.02 12.79 13.35 13.65 13.56
11.75 11.53 12.05 11.30 11.19 10.96 10.78 10.57 10.42 10.52 10.63 10.43 10.46 9.51 9.66 9.58 9.51 9.38 9.68 9.61 10.24 11.21 10.39 10.27 10.00 10.61 10.64 11.11 11.16 11.38 11.71 12.11 12.57 12.75 12.74 13.25 13.20 13.68 13.94 14.07 13.92 14.17 14.27 14.37 14.48 14.46 14.51 14.57 14.66 14.66 14.66 14.64 14.64 14.64 13.17 13.17 13.17 13.17 12.02 11.02 9.58 10.41 10.33 10.26 10.62 10.77 10.77 10.41 10.10 10.99 12.23 11.61 11.57 12.66 12.99 13.03 12.95
11.08 11.04 11.03 10.89 10.93 11.20 10.79 10.99 10.71 10.75 10.57 10.26 10.28 9.55 9.09 9.24 9.56 9.47 9.32 9.50 10.25 10.87 10.19 9.82 10.00 10.51 10.70 10.75 11.15 11.52 11.20 11.45 12.48 12.42 12.51 12.97 13.25 13.61 14.07 14.16 13.99 14.13 14.09 14.31 14.32 14.48 14.48 14.62 14.66 14.66 14.66 14.64 14.64 12.95 12.95 12.95 10.91 10.91 10.91 10.30 9.43 10.08 10.13 10.56 10.71 11.13 10.21 10.83 10.87 10.52 11.84 11.62 11.77 12.16 13.11 12.78 13.08
11.23 10.99 11.27 11.12 11.36 11.11 10.69 10.86 10.46 10.43 10.46 9.70 9.75 9.56 9.33 9.52 9.43 9.28 9.63 10.18 10.58 10.91 10.21 9.70 10.15 10.06 10.23 10.74 10.49 11.01 11.11 11.61 11.72 11.75 12.40 13.30 13.52 13.41 13.73 14.01 13.85 14.04 14.23 14.26 14.33 14.40 14.48 14.62 14.62 14.66 14.66 14.66 14.47 12.95 12.95 12.95 12.15 10.46 10.46 10.09 10.04 10.31 9.85 10.74 10.99 11.47 10.79 10.56 10.70 11.53 10.48 10.34 11.44 11.91 12.13 11.90 12.71
11.03 11.08 11.09 10.92 11.25 11.28 11.18 11.10 10.93 10.63 10.48 9.83 9.43 9.18 8.89 9.08 8.76 9.20 9.83 11.13 10.65 10.48 9.85 10.00 10.44 9.85 10.00 9.84 10.12 10.96 11.59 11.56 10.90 11.24 12.38 12.65 12.89 13.73 13.86 13.87 14.03 13.82 13.92 14.19 14.32 14.25 14.25 14.62 14.62 14.62 14.66 14.47 14.47 14.47 12.95 12.95 12.15 11.62 10.37 9.78 9.01 9.13 10.05 10.40 10.40 10.66 10.67 10.34 11.31 11.59 10.42 11.07 11.31 11.84 11.17 11.20 11.56
11.42 11.02 10.90 10.86 11.09 11.02 10.36 10.56 10.63 10.69 9.86 9.38 9.44 9.29 8.86 9.37 9.29 9.72 10.59 10.85 9.98 9.87 9.87 10.22 10.03 10.46 10.04 9.88 9.95 10.93 11.69 11.26 11.21 11.66 12.64 12.79 12.66 13.44 13.46 13.48 13.73 14.03 14.06 13.89 14.21 14.19 14.19 14.19 14.19 14.62 14.47 14.47 14.47 14.47 14.47 13.89 13.25 11.87 11.35 11.43 10.93 10.32 10.76 11.27 10.71 10.45 11.17 10.88 10.49 10.67 11.58 11.19 11.69 11.56 11.11 10.93 11.38
11.61 11.09 10.79 10.89 10.57 10.76 10.50 10.29 10.67 10.21 9.97 9.63 9.58 9.28 9.11 9.25 9.64 10.34 10.88 10.03 9.70 10.04 10.48 10.34 10.28 9.59 9.57 9.62 10.00 10.49 10.53 10.94 11.41 11.66 12.03 12.29 12.83 13.38 13.54 13.31 13.59 13.72 13.89 13.99 14.10 14.19 14.19 14.19 14.19 14.19 14.27 14.27 14.27 14.27 14.27 14.34 13.27 11.93 11.63 11.70 11.40 11.06 10.76 11.16 10.94 10.12 10.57 11.30 10.69 10.76 10.80 10.85 10.97 10.68 10.84 10.60 11.30
11.20 11.02 10.49 10.73 10.08 10.03 10.10 10.63 10.32 9.34 9.38 8.75 9.48 9.07 9.32 9.21 9.66 10.03 10.20 10.37 10.20 10.37 10.02 10.04 9.71 9.64 9.62 9.82 10.61 10.26 10.33 11.00 11.97 12.24 12.14 12.02 12.72 13.19 12.75 13.02 13.59 13.45 13.59 13.81 13.95 13.95 13.95 14.19 14.19 14.19 14.27 14.27 14.27 14.27 14.27 14.16 12.94 12.48 12.13 12.44 11.63 11.61 11.43 11.33 11.34 11.11 10.75 10.22 10.57 10.40 11.38 11.23 10.48 9.84 10.12 10.76 11.20
10.39 10.37 10.21 9.92 9.54 9.60 9.85 9.92 9.56 9.85 9.51 8.46 9.06 8.88 9.09 9.58 9.95 9.44 9.88 9.82 10.33 10.74 10.47 9.67 9.65 9.78 10.12 9.91 9.91 10.41 10.69 11.19 11.47 11.74 12.14 11.88 12.52 12.90 12.42 13.12 13.39 13.81 13.55 13.43 13.95 13.95 13.95 13.95 13.95 14.19 14.27 14.27 14.27 14.00 14.00 14.00 13.82 13.78 13.04 12.65 11.27 11.43 10.67 10.31 11.05 12.04 10.70 10.62 10.24 9.88 10.70 10.37 10.30 9.83 10.97 10.24 11.03
10.32 10.20 9.72 9.61 9.26 10.44 9.96 9.49 9.53 9.66 9.43 8.73 9.00 9.50 9.45 9.96 9.89 10.01 10.24 10.32 10.29 10.51 9.94 10.08 9.87 9.96 10.26 9.78 10.24 10.42 10.43 10.62 12.01 11.56 11.60 11.85 12.23 12.04 12.72 12.62 12.78 12.95 13.16 13.36 13.95 13.95 13.95 13.95 13.95 13.95 14.27 14.00 14.00 14.00 14.00 14.00 13.98 13.64 13.18 12.57 11.53 12.19 11.93 11.15 11.44 11.47 12.04 10.88 11.08 11.16 10.50 10.34 10.41 10.34 10.79 11.31 11.20
10.50 10.18 10.11 9.97 9.90 10.05 9.73 9.40 9.07 8.89 9.22 9.51 9.48 9.58 9.85 9.94 9.83 9.90 10.39 10.29 9.74 9.70 10.13 9.74 9.53 9.81 9.38 9.60 10.36 10.74 10.91 11.03 11.03 11.25 11.38 11.31 11.42 11.86 12.02 12.37 12.71 12.78 12.98 13.36 13.36 13.95 13.95 13.95 13.95 13.95 14.00 14.00 14.00 14.00 13.99 13.99 13.99 13.77 12.62 11.61 10.75 10.70 11.43 11.77 11.48 11.24 11.24 10.94 11.04 11.51 10.53 10.96 11.07 10.88 11.11 11.30 11.09
10.21 9.57 9.50 10.21 9.90 9.99 10.37 10.06 8.85 9.57 9.62 9.43 9.07 9.32 9.45 9.41 9.28 9.80 9.93 9.78 10.17 10.36 10.17 9.79 9.66 9.72 9.75 9.56 10.01 10.57 10.18 10.43 10.65 10.48 10.88 10.96 11.65 11.74 11.86 12.27 12.34 12.56 12.83 12.83 12.83 13.36 13.95 13.95 13.95 12.85 12.85 12.85 11.76 11.76 13.99 13.99 13.99 13.02 11.32 10.91 11.15 11.30 11.20 11.70 11.98 11.48 11.46 11.09 10.90 10.74 10.79 10.96 10.95 11.10 11.06 11.58 11.61
9.37 9.85 9.63 9.91 10.05 9.85 9.65 10.10 9.40 9.48 9.68 9.76 9.72 9.80 9.77 9.74 9.89 9.68 10.14 10.06 10.41 10.06 10.27 10.40 10.10 10.07 10.17 10.17 9.97 10.15 9.80 10.00 9.85 9.98 10.30 10.83 10.70 10.87 11.68 12.21 12.15 12.34 12.83 12.83 12.83 12.83 12.83 13.95 12.85 12.85 12.85 12.85 11.79 11.76 11.76 12.50 12.50 11.17 9.98 10.88 11.42 11.65 11.68 11.70 11.25 11.59 11.77 11.81 11.23 11.01 11.06 11.70 11.67 11.73 11.49 11.62 11.29
9.02 9.29 9.52 10.23 10.43 9.92 9.28 9.78 9.80 10.11 9.92 9.56 10.21 9.79 9.68 9.74 9.69 9.98 10.06 9.91 10.15 10.28 10.12 9.57 9.63 10.10 10.16 9.84 9.89 10.21 10.51 10.14 10.03 10.20 10.56 10.70 11.27 11.44 11.56 12.04 12.47 12.85 12.85 12.85 12.83 12.83 12.83 12.83 12.85 12.85 12.85 12.85 12.85 11.79 11.76 11.76 11.63 10.62 10.48 11.30 11.40 11.25 11.45 11.71 11.61 11.50 10.74 11.20 11.71 10.79 10.55 10.92 11.41 10.95 10.87 10.66 10.92
9.55 10.00 9.78 9.98 9.94 10.31 10.00 9.91 9.68 9.94 10.02 9.75 9.95 9.95 10.37 9.93 9.99 10.26 10.19 9.65 9.78 9.81 10.17 9.95 10.10 10.23 9.93 10.18 10.41 10.30 10.36 10.28 10.33 10.67 10.75 10.73 11.27 11.58 11.94 12.50 12.47 12.85 12.85 12.85 12.85 12.85 12.83 12.18 12.85 12.85 12.85 12.85 12.85 11.79 11.79 9.93 9.96 11.02 11.98 11.58 12.05 11.93 11.26 11.04 12.25 11.49 10.84 10.68 10.62 10.26 11.03 11.24 11.26 11.25 10.91 10.51 10.52
9.68 10.30 10.41 11.04 10.53 10.21 9.91 10.38 10.11 10.33 10.16 10.05 9.72 9.80 9.96 10.03 9.85 9.62 9.70 9.86 9.79 9.90 10.18 10.27 10.62 9.92 10.43 10.89 10.17 10.40 10.35 10.40 10.46 10.84 10.83 10.73 10.73 11.58 11.94 12.50 12.50 12.85 12.85 12.85 12.85 12.85 13.28 13.28 12.18 12.18 12.85 12.85 12.85 12.13 10.89 9.87 10.90 11.24 11.63 11.59 11.33 10.99 11.07 10.44 11.56 12.57 11.36 10.98 10.09 10.90 10.56 10.04 10.11 10.41 10.31 10.17 9.65
10.03 10.74 10.92 10.88 10.72 10.80 11.21 10.86 10.28 9.95 10.02 9.73 9.28 9.85 9.96 9.61 9.47 9.07 9.11 9.93 10.02 10.54 10.70 10.30 10.40 10.59 10.52 10.65 10.62 11.07 11.25 10.96 10.83 11.08 10.83 10.83 10.73 11.58 11.94 12.50 12.50 12.50 12.85 12.85 12.85 12.85 13.28 13.28 13.28 12.18 12.18 12.32 12.32 11.93 10.37 10.74 11.30 11.29 11.24 11.46 10.85 11.25 11.46 11.45 11.79 10.50 11.12 10.61 10.85 10.39 10.09 9.98 9.79 9.92 9.97 9.78 8.94
