main/data/irradiance/10.09.2023.grid
ncols 839
nrows 679
xllcenter 112.0500
yllcenter -43.9500
cellsize 0.0500
nodata_value 99999.90
[rows 204 to 237 of 679, columns 539 to 615 of 839]
22.92 23.00 22.95 22.98 22.99 22.99 22.96 22.98 22.91 22.89 22.91 22.97 23.00 23.02 22.94 22.89 22.90 22.90 22.92 22.96 22.93 22.87 22.85 22.94 22.86 22.81 22.83 22.80 22.85 22.78 22.77 22.78 22.73 22.70 22.81 22.85 22.82 22.85 22.84 22.91 22.91 22.92 22.86 22.71 22.74 22.81 22.89 23.03 23.02 23.00 22.88 22.90 22.96 22.83 22.83 22.84 22.82 22.82 22.81 22.84 22.71 22.73 22.82 22.83 22.79 22.80 22.88 22.81 22.66 22.87 22.72 22.70 22.74 22.69 22.51 22.79 22.34
23.00 23.00 23.01 23.03 23.05 23.01 22.94 22.93 22.90 22.98 22.84 22.89 22.90 22.95 23.01 22.90 22.87 22.90 22.87 22.94 22.90 22.86 22.85 22.86 22.85 22.82 22.81 22.80 22.77 22.76 22.74 22.77 22.78 22.74 22.75 22.74 22.80 22.80 22.82 22.85 22.88 22.88 22.81 22.80 22.70 22.77 22.79 22.85 22.87 23.03 23.00 22.90 22.96 22.89 22.92 22.81 22.76 22.76 22.81 22.84 22.77 22.78 22.77 22.86 22.85 22.77 22.82 22.68 22.84 22.83 22.76 22.66 22.68 22.67 22.76 22.71 22.62
23.00 22.97 22.97 23.00 23.00 22.96 22.93 22.92 22.87 22.91 22.89 22.89 22.86 22.97 23.02 22.87 22.86 22.85 22.86 22.93 22.92 22.87 22.81 22.85 22.85 22.82 22.78 22.74 22.71 22.73 22.79 22.83 22.82 22.68 22.76 22.69 22.72 22.76 22.82 22.82 22.82 22.81 22.78 22.70 22.64 22.69 22.70 22.69 22.88 22.93 22.98 22.90 22.91 22.88 22.95 22.82 22.77 22.75 22.80 22.80 22.82 22.77 22.78 22.89 22.87 22.80 22.68 22.70 22.71 22.83 22.70 22.84 22.75 22.69 22.68 22.61 22.42
22.96 22.95 22.99 22.99 23.00 22.97 22.94 22.94 22.93 22.88 22.90 22.94 22.91 22.94 22.95 22.86 22.85 22.87 22.86 22.91 22.88 22.84 22.78 22.82 22.81 22.80 22.77 22.70 22.69 22.77 22.80 22.78 22.73 22.75 22.71 22.69 22.74 22.80 22.85 22.78 22.80 22.78 22.79 22.67 22.60 22.61 22.68 22.80 22.84 22.89 22.90 22.95 22.94 23.01 22.90 22.78 22.69 22.70 22.75 22.72 22.79 22.77 22.80 22.91 22.77 22.66 22.77 22.79 22.83 22.73 22.66 22.70 22.78 22.84 22.63 22.62 22.39
22.94 22.94 22.92 22.95 22.98 23.00 23.00 22.97 22.95 22.90 22.91 22.93 22.91 22.87 22.91 22.85 22.79 22.84 22.89 22.90 22.85 22.81 22.78 22.79 22.72 22.77 22.73 22.72 22.69 22.69 22.82 22.85 22.72 22.81 22.93 22.74 22.70 22.77 22.81 22.83 22.75 22.74 22.70 22.65 22.71 22.65 22.64 22.81 22.74 22.77 22.81 22.86 23.09 22.93 22.83 22.87 22.66 22.66 22.71 22.65 22.69 22.68 22.81 22.89 22.66 22.86 22.64 22.67 22.76 22.72 22.74 22.75 22.99 22.80 22.69 22.66 22.55
22.91 22.89 22.93 22.96 22.95 23.00 23.01 22.97 23.04 22.95 22.90 22.92 22.92 22.91 22.88 22.82 22.80 22.82 22.82 22.82 22.80 22.81 22.82 22.80 22.80 22.73 22.66 22.72 22.65 22.66 22.73 22.77 22.71 22.79 22.73 22.74 22.80 22.82 22.74 22.78 22.71 22.72 22.68 22.64 22.73 22.76 22.76 22.62 22.67 22.71 22.81 22.92 23.08 22.89 22.87 22.90 22.79 22.71 22.58 22.61 22.62 22.67 22.68 22.80 22.74 22.78 22.67 22.65 22.65 22.49 22.69 22.56 22.77 22.57 22.62 22.74 22.69
22.86 22.90 22.93 23.00 23.02 23.03 22.98 22.95 23.14 23.04 22.93 22.91 22.88 22.88 22.84 22.79 22.76 22.73 22.80 22.78 22.80 22.79 22.75 22.75 22.80 22.71 22.64 22.71 22.75 22.77 22.79 22.77 22.75 22.79 22.74 22.74 22.73 22.87 22.71 22.70 22.74 22.76 22.66 22.62 22.69 22.77 22.80 22.74 22.66 22.67 22.77 22.89 22.89 22.87 22.88 22.83 22.79 22.65 22.54 22.67 22.68 22.69 22.69 22.70 22.67 22.62 22.50 22.43 22.67 22.60 22.69 22.57 22.31 22.54 22.34 22.72 22.61
22.85 22.87 22.92 22.95 23.07 22.99 22.92 22.99 22.92 22.98 22.94 22.87 22.93 22.89 22.85 22.81 22.78 22.73 22.78 22.77 22.71 22.62 22.68 22.56 22.76 22.73 22.72 22.74 22.75 22.80 22.77 22.77 22.74 22.73 22.73 22.66 22.65 22.69 22.68 22.57 22.69 22.67 22.61 22.60 22.64 22.65 22.66 22.64 22.74 22.86 22.81 22.81 22.87 22.85 22.85 22.81 22.79 22.68 22.64 22.71 22.74 22.72 22.63 22.52 22.64 22.61 22.50 22.46 22.35 22.59 22.27 22.28 22.43 22.46 22.59 22.30 22.68
22.90 22.89 22.87 22.88 22.89 22.88 22.94 23.01 22.96 22.98 22.91 22.95 22.96 22.92 22.89 22.86 22.85 22.78 22.81 22.85 22.73 22.79 22.73 22.57 22.66 22.63 22.65 22.70 22.80 22.78 22.71 22.68 22.69 22.76 22.78 22.68 22.66 22.63 22.67 22.62 22.62 22.67 22.66 22.65 22.56 22.61 22.72 22.67 22.88 22.84 22.70 22.66 22.74 22.74 22.74 22.76 22.72 22.74 22.69 22.75 22.78 22.76 22.70 22.68 22.68 22.75 22.66 22.61 22.61 22.60 22.32 22.46 22.13 22.21 22.35 22.43 22.41
22.80 22.84 22.82 22.83 22.91 23.04 22.98 22.95 22.96 23.08 22.97 22.93 22.95 22.84 22.90 22.90 22.86 22.82 22.86 22.87 22.79 22.80 22.73 22.72 22.74 22.81 22.66 22.65 22.62 22.70 22.67 22.72 22.75 22.77 22.80 22.71 22.68 22.64 22.71 22.69 22.64 22.72 22.66 22.71 22.58 22.66 22.65 22.73 22.69 22.92 22.77 22.60 22.74 22.72 22.82 22.86 22.83 22.75 22.78 22.84 22.76 22.78 22.91 22.75 22.81 22.64 22.65 22.65 22.69 22.65 22.34 22.46 22.77 22.33 22.53 21.84 22.71
22.80 22.86 22.89 22.85 22.89 23.04 22.96 22.88 23.00 23.00 22.97 22.94 22.95 22.89 22.94 22.92 22.92 22.89 22.81 22.87 22.85 22.90 22.79 22.78 22.77 22.79 22.80 22.77 22.71 22.55 22.56 22.66 22.76 22.77 22.81 22.77 22.72 22.71 22.73 22.64 22.69 22.64 22.62 22.64 22.62 22.55 22.60 22.74 22.70 22.77 22.63 22.53 22.67 22.71 22.76 22.79 22.84 22.87 22.78 22.70 22.75 22.83 22.85 22.83 22.80 22.86 22.65 22.51 22.78 22.39 22.53 22.60 22.65 22.39 22.20 22.61 22.63
22.82 22.80 22.79 22.73 22.83 22.97 22.93 22.88 22.97 22.83 22.90 22.93 22.94 22.94 22.96 22.94 22.89 22.96 22.93 22.89 22.83 22.88 22.86 22.85 22.85 22.87 22.89 22.84 22.68 22.75 22.69 22.77 22.77 22.77 22.78 22.75 22.75 22.76 22.71 22.58 22.57 22.64 22.57 22.61 22.57 22.53 22.76 22.68 22.64 22.60 22.62 22.60 22.63 22.70 22.71 22.70 22.74 22.80 22.63 22.66 22.77 22.78 22.93 22.97 22.78 22.82 22.73 22.16 22.82 22.26 22.47 22.65 22.63 22.67 22.53 21.76 22.43
22.72 22.75 22.80 22.79 22.79 22.89 22.89 22.92 22.93 22.93 22.88 22.87 22.90 22.95 22.94 22.92 22.94 22.92 22.89 22.86 22.82 22.80 22.82 22.83 22.84 22.84 22.82 22.82 22.77 22.78 22.76 22.76 22.82 22.80 22.84 22.82 22.79 22.76 22.68 22.67 22.59 22.70 22.64 22.63 22.54 22.37 22.64 22.54 22.64 22.62 22.57 22.60 22.77 22.58 22.65 22.67 22.69 22.70 22.68 22.69 22.80 22.90 22.92 22.88 22.81 22.74 22.76 22.67 22.77 22.34 22.44 22.65 22.67 22.59 22.45 22.36 22.02
22.79 22.69 22.76 22.77 22.80 22.88 22.88 22.91 22.93 22.88 22.84 22.82 22.88 22.95 22.96 22.97 22.92 22.92 22.95 22.88 22.82 22.83 22.79 22.82 22.83 22.83 22.84 22.81 22.75 22.78 22.78 22.80 22.82 22.80 22.81 22.84 22.80 22.71 22.64 22.65 22.63 22.62 22.67 22.68 22.57 22.43 22.47 22.56 22.61 22.53 22.57 22.68 22.76 22.56 22.62 22.71 22.71 22.71 22.80 22.83 22.79 22.85 22.82 22.81 22.72 22.67 22.73 22.75 22.60 22.60 22.44 22.62 22.56 22.43 22.57 22.30 22.13
22.71 22.70 22.81 22.83 22.78 22.81 22.78 22.87 22.90 22.87 22.85 22.83 22.82 22.90 22.94 22.92 22.94 22.95 22.97 22.90 22.89 22.81 22.77 22.79 22.75 22.78 22.79 22.79 22.79 22.82 22.77 22.85 22.81 22.81 22.81 22.79 22.75 22.78 22.75 22.70 22.63 22.64 22.62 22.67 22.70 22.60 22.64 22.72 22.61 22.50 22.57 22.68 22.65 22.61 22.64 22.72 22.69 22.84 22.84 22.77 22.77 22.75 22.79 22.83 22.65 22.64 22.67 22.56 22.56 22.55 22.63 22.51 22.11 22.48 22.40 22.33 21.95
22.67 22.70 22.79 22.79 22.79 22.80 22.72 22.82 22.84 22.81 22.84 22.83 22.80 22.83 22.89 22.89 22.91 22.92 22.95 22.87 22.84 22.77 22.85 22.81 22.74 22.76 22.75 22.84 22.80 22.76 22.74 22.79 22.80 22.86 22.84 22.72 22.78 22.77 22.75 22.70 22.66 22.66 22.57 22.62 22.64 22.50 22.61 22.80 22.65 22.51 22.54 22.63 22.59 22.61 22.57 22.70 22.68 22.73 22.76 22.74 22.78 22.79 22.81 22.80 22.70 22.66 22.66 22.66 22.60 22.65 22.66 22.57 22.21 22.33 22.27 22.23 22.06
22.69 22.70 22.66 22.74 22.73 22.72 22.71 22.74 22.77 22.80 22.87 22.82 22.80 22.85 22.89 22.90 22.92 22.88 22.94 22.99 22.90 22.80 22.78 22.76 22.70 22.78 22.77 22.82 22.84 22.76 22.82 22.81 22.80 22.82 22.83 22.77 22.85 22.77 22.70 22.65 22.66 22.64 22.59 22.61 22.67 22.73 22.62 22.64 22.66 22.57 22.65 22.74 22.71 22.60 22.55 22.59 22.65 22.69 22.76 22.68 22.80 22.82 22.73 22.92 22.84 22.75 22.68 22.66 22.49 22.46 22.32 22.52 22.47 22.42 22.50 22.35 22.17
22.64 22.62 22.69 22.70 22.70 22.66 22.67 22.73 22.80 22.86 22.90 22.82 22.79 22.84 22.88 22.89 22.85 22.88 22.93 22.94 22.88 22.82 22.78 22.70 22.72 22.74 22.76 22.81 22.84 22.79 22.80 22.74 22.75 22.80 22.79 22.77 22.81 22.67 22.68 22.69 22.72 22.73 22.64 22.66 22.63 22.74 22.63 22.60 22.65 22.57 22.71 22.69 22.67 22.52 22.56 22.67 22.69 22.72 22.66 22.69 22.85 22.90 22.86 22.91 23.00 22.80 22.74 22.65 22.55 22.50 22.51 22.57 22.35 22.21 22.40 22.35 22.00
22.59 22.80 22.75 22.66 22.59 22.69 22.69 22.77 22.78 22.84 22.84 22.79 22.77 22.77 22.83 22.85 22.82 22.83 22.87 22.81 22.80 22.81 22.68 22.69 22.67 22.67 22.74 22.76 22.85 22.80 22.79 22.75 22.75 22.80 22.80 22.74 22.82 22.72 22.71 22.68 22.61 22.58 22.61 22.63 22.55 22.63 22.52 22.77 22.66 22.62 22.67 22.66 22.59 22.63 22.76 22.73 22.72 22.80 22.77 22.70 22.90 22.85 22.87 22.89 22.86 22.76 22.64 22.64 22.68 22.52 22.49 22.65 22.41 22.43 22.67 22.43 21.70
22.66 22.68 22.74 22.68 22.64 22.68 22.74 22.80 22.78 22.80 22.82 22.79 22.75 22.73 22.77 22.82 22.81 22.81 22.79 22.82 22.74 22.75 22.67 22.74 22.72 22.65 22.72 22.75 22.80 22.78 22.77 22.75 22.73 22.75 22.74 22.73 22.78 22.74 22.68 22.69 22.64 22.65 22.62 22.56 22.44 22.39 22.48 22.65 22.65 22.58 22.61 22.70 22.70 22.67 22.65 22.60 22.65 22.70 22.65 22.59 22.72 22.72 22.79 22.73 22.62 22.59 22.69 22.56 22.58 22.52 22.61 22.52 22.58 22.44 22.65 22.39 22.29
22.69 22.62 22.67 22.75 22.71 22.67 22.73 22.80 22.80 22.84 22.85 22.82 22.76 22.70 22.70 22.80 22.81 22.81 22.81 22.73 22.77 22.73 22.78 22.76 22.64 22.61 22.72 22.79 22.83 22.75 22.76 22.75 22.75 22.76 22.77 22.72 22.78 22.72 22.71 22.68 22.60 22.65 22.60 22.63 22.52 22.50 22.52 22.55 22.57 22.67 22.66 22.66 22.74 22.63 22.64 22.52 22.52 22.62 22.60 22.50 22.75 22.90 22.73 22.68 22.57 22.54 22.53 22.72 22.73 22.63 22.64 22.63 22.62 22.57 22.53 22.38 22.11
22.74 22.73 22.69 22.75 22.82 22.73 22.72 22.78 22.83 22.86 22.82 22.79 22.78 22.71 22.69 22.72 22.80 22.75 22.76 22.73 22.70 22.73 22.78 22.78 22.72 22.63 22.70 22.73 22.81 22.74 22.75 22.78 22.80 22.73 22.75 22.73 22.76 22.74 22.73 22.64 22.61 22.61 22.57 22.58 22.54 22.45 22.53 22.58 22.52 22.63 22.67 22.64 22.60 22.59 22.64 22.48 22.37 22.48 22.55 22.55 22.53 22.72 22.70 22.70 22.60 22.62 22.59 22.59 22.58 22.58 22.65 22.79 22.66 22.63 22.45 22.38 22.23
22.60 22.64 22.67 22.77 22.74 22.72 22.72 22.86 22.86 22.80 22.84 22.78 22.75 22.73 22.70 22.68 22.75 22.70 22.69 22.67 22.64 22.60 22.73 22.71 22.68 22.68 22.71 22.76 22.69 22.69 22.71 22.66 22.79 22.75 22.71 22.71 22.72 22.78 22.74 22.65 22.59 22.59 22.51 22.55 22.51 22.49 22.50 22.48 22.47 22.52 22.52 22.54 22.52 22.52 22.55 22.50 22.39 22.38 22.53 22.53 22.62 22.69 22.69 22.71 22.69 22.70 22.48 22.47 22.49 22.41 22.60 22.63 22.58 22.60 22.58 22.54 22.39
22.63 22.67 22.60 22.64 22.68 22.73 22.76 22.82 22.81 22.82 22.86 22.80 22.72 22.71 22.75 22.73 22.71 22.79 22.76 22.71 22.69 22.68 22.76 22.72 22.69 22.73 22.71 22.78 22.78 22.73 22.67 22.67 22.73 22.73 22.71 22.71 22.72 22.80 22.86 22.71 22.73 22.73 22.64 22.49 22.48 22.48 22.55 22.41 22.41 22.40 22.46 22.52 22.52 22.45 22.45 22.54 22.55 22.42 22.49 22.49 22.43 22.51 22.58 22.59 22.64 22.57 22.35 22.40 22.55 22.49 22.59 22.72 22.61 22.55 22.60 22.51 22.41
22.70 22.71 22.68 22.70 22.74 22.77 22.80 22.80 22.82 22.81 22.85 22.82 22.75 22.76 22.67 22.69 22.71 22.71 22.77 22.79 22.84 22.74 22.64 22.65 22.66 22.73 22.70 22.80 22.78 22.70 22.67 22.71 22.72 22.68 22.70 22.72 22.71 22.77 22.79 22.72 22.56 22.56 22.56 22.47 22.52 22.51 22.51 22.45 22.42 22.38 22.50 22.44 22.54 22.44 22.36 22.45 22.51 22.38 22.47 22.47 22.31 22.47 22.48 22.48 22.47 22.47 22.63 22.58 22.62 22.56 22.59 22.68 22.64 22.61 22.66 22.50 22.50
22.64 22.66 22.76 22.71 22.80 22.86 22.81 22.80 22.80 22.87 22.85 22.80 22.82 22.80 22.72 22.64 22.77 22.66 22.67 22.70 22.81 22.83 22.72 22.62 22.64 22.68 22.69 22.85 22.75 22.74 22.77 22.77 22.73 22.73 22.74 22.73 22.71 22.74 22.82 22.71 22.58 22.50 22.51 22.41 22.44 22.50 22.46 22.46 22.44 22.49 22.44 22.39 22.52 22.56 22.40 22.41 22.45 22.39 22.34 22.31 22.28 22.43 22.58 22.56 22.50 22.50 22.54 22.48 22.57 22.65 22.61 22.59 22.53 22.57 22.52 22.48 22.37
22.70 22.72 22.90 22.81 22.73 22.74 22.80 22.80 22.80 22.79 22.78 22.84 22.81 22.81 22.73 22.64 22.75 22.78 22.69 22.68 22.72 22.72 22.64 22.62 22.66 22.69 22.72 22.77 22.75 22.78 22.79 22.78 22.75 22.79 22.73 22.68 22.75 22.74 22.77 22.70 22.59 22.47 22.50 22.44 22.49 22.53 22.45 22.46 22.46 22.50 22.40 22.42 22.61 22.65 22.62 22.57 22.36 22.37 22.28 22.35 22.39 22.51 22.57 22.58 22.57 22.58 22.50 22.42 22.55 22.61 22.57 22.51 22.63 22.64 22.59 22.52 22.42
22.75 22.71 22.71 22.71 22.71 22.69 22.74 22.77 22.75 22.74 22.74 22.81 22.75 22.74 22.64 22.71 22.70 22.67 22.61 22.77 22.69 22.62 22.58 22.72 22.75 22.69 22.74 22.71 22.79 22.71 22.76 22.81 22.76 22.73 22.73 22.72 22.77 22.74 22.72 22.74 22.56 22.49 22.54 22.43 22.40 22.46 22.54 22.47 22.55 22.58 22.46 22.46 22.57 22.52 22.47 22.45 22.42 22.37 22.36 22.33 22.42 22.45 22.47 22.59 22.62 22.60 22.54 22.43 22.44 22.50 22.46 22.51 22.60 22.69 22.74 22.60 22.47
22.76 22.75 22.77 22.71 22.67 22.70 22.74 22.74 22.73 22.76 22.76 22.77 22.70 22.63 22.65 22.77 22.76 22.71 22.58 22.68 22.65 22.60 22.61 22.75 22.78 22.76 22.71 22.64 22.64 22.75 22.78 22.69 22.68 22.73 22.72 22.74 22.72 22.75 22.70 22.66 22.55 22.61 22.58 22.59 22.44 22.55 22.63 22.63 22.63 22.62 22.54 22.50 22.56 22.49 22.37 22.51 22.48 22.50 22.46 22.41 22.52 22.49 22.48 22.42 22.58 22.65 22.65 22.56 22.44 22.59 22.47 22.52 22.62 22.61 22.62 22.53 22.46
22.79 22.80 22.78 22.80 22.78 22.72 22.77 22.77 22.71 22.75 22.73 22.72 22.71 22.66 22.65 22.79 22.80 22.64 22.72 22.63 22.62 22.66 22.57 22.61 22.71 22.78 22.70 22.68 22.64 22.74 22.70 22.58 22.73 22.71 22.71 22.71 22.71 22.70 22.74 22.62 22.59 22.68 22.63 22.63 22.59 22.61 22.66 22.65 22.55 22.62 22.58 22.54 22.43 22.43 22.38 22.48 22.57 22.61 22.45 22.46 22.46 22.51 22.55 22.59 22.46 22.58 22.62 22.49 22.49 22.45 22.45 22.52 22.52 22.68 22.69 22.56 22.42
22.73 22.76 22.79 22.77 22.77 22.78 22.76 22.82 22.74 22.73 22.76 22.72 22.72 22.64 22.73 22.85 22.87 22.69 22.71 22.73 22.65 22.58 22.57 22.55 22.66 22.76 22.67 22.72 22.71 22.74 22.67 22.61 22.71 22.70 22.72 22.72 22.65 22.71 22.70 22.59 22.61 22.69 22.71 22.67 22.64 22.68 22.69 22.63 22.61 22.54 22.53 22.48 22.52 22.51 22.39 22.41 22.54 22.47 22.41 22.48 22.44 22.48 22.49 22.58 22.58 22.47 22.47 22.49 22.51 22.52 22.49 22.60 22.56 22.62 22.66 22.65 22.44
22.71 22.70 22.70 22.73 22.76 22.82 22.80 22.80 22.70 22.71 22.74 22.71 22.75 22.73 22.75 22.79 22.82 22.70 22.73 22.78 22.67 22.58 22.54 22.55 22.64 22.62 22.69 22.68 22.79 22.73 22.68 22.68 22.69 22.67 22.70 22.62 22.67 22.71 22.62 22.67 22.63 22.67 22.65 22.60 22.65 22.66 22.62 22.63 22.59 22.53 22.64 22.57 22.60 22.47 22.42 22.53 22.58 22.47 22.49 22.49 22.45 22.41 22.53 22.60 22.61 22.63 22.44 22.53 22.62 22.67 22.60 22.60 22.55 22.57 22.54 22.56 22.50
22.68 22.64 22.62 22.77 22.77 22.82 22.78 22.77 22.70 22.70 22.73 22.74 22.68 22.73 22.68 22.82 22.81 22.75 22.71 22.72 22.66 22.71 22.74 22.59 22.62 22.58 22.67 22.70 22.61 22.71 22.63 22.56 22.59 22.60 22.62 22.56 22.68 22.59 22.57 22.54 22.54 22.54 22.61 22.59 22.65 22.65 22.64 22.54 22.56 22.60 22.60 22.56 22.58 22.54 22.48 22.59 22.62 22.59 22.59 22.48 22.47 22.41 22.53 22.52 22.53 22.56 22.51 22.43 22.71 22.55 22.57 22.55 22.51 22.55 22.50 22.53 22.55
22.69 22.66 22.60 22.73 22.76 22.79 22.73 22.78 22.67 22.71 22.75 22.74 22.73 22.74 22.70 22.70 22.75 22.84 22.79 22.82 22.65 22.62 22.68 22.59 22.59 22.63 22.69 22.63 22.63 22.72 22.65 22.52 22.53 22.54 22.56 22.54 22.68 22.60 22.47 22.56 22.54 22.58 22.62 22.53 22.63 22.64 22.61 22.55 22.60 22.58 22.60 22.61 22.60 22.54 22.54 22.58 22.62 22.62 22.58 22.52 22.49 22.51 22.62 22.54 22.44 22.51 22.50 22.38 22.45 22.55 22.54 22.49 22.59 22.60 22.51 22.58 22.62
