main/data/irradiance/10.04.2023.grid
ncols 839
nrows 679
xllcenter 112.0500
yllcenter -43.9500
cellsize 0.0500
nodata_value 99999.90
[rows 374 to 407 of 679, columns 77 to 153 of 839]
18.73 18.56 18.98 19.15 19.13 18.78 19.12 19.20 18.53 18.99 19.28 18.27 18.61 18.97 19.07 18.86 19.07 19.07 19.09 19.42 19.18 19.06 19.17 19.06 19.14 19.42 19.34 19.32 19.48 19.58 19.23 19.38 19.16 19.28 19.30 19.05 19.27 19.41 19.29 19.18 19.53 19.53 19.33 19.44 19.57 19.54 19.56 19.45 19.57 19.48 19.56 19.53 19.49 19.49 19.46 19.56 19.48 19.54 19.53 19.54 19.57 19.56 19.57 19.57 19.58 19.58 19.58 19.56 19.67 19.54 19.58 19.57 19.51 19.53 19.53 19.48 19.52
18.52 19.09 18.91 19.29 19.19 19.03 18.88 18.43 18.85 19.20 18.80 18.65 18.68 18.31 18.43 19.13 19.17 19.28 18.94 19.04 19.43 19.12 18.82 19.28 19.08 19.45 19.09 19.39 19.34 19.53 19.34 19.14 19.43 19.27 19.20 19.37 19.27 19.50 19.26 19.40 19.41 19.09 19.15 19.45 19.47 19.41 19.50 19.48 19.50 19.53 19.57 19.53 19.53 19.48 19.51 19.55 19.50 19.49 19.47 19.51 19.56 19.57 19.58 19.62 19.60 19.58 19.49 19.47 19.56 19.55 19.58 19.58 19.56 19.53 19.55 19.46 19.53
18.86 19.40 18.81 18.70 18.90 18.48 19.10 18.44 18.71 18.83 18.33 18.82 18.47 18.52 18.53 18.56 18.19 18.75 18.76 19.22 18.82 19.09 19.06 18.88 19.01 19.15 18.97 19.25 19.33 19.44 19.28 19.37 19.37 18.86 19.35 19.39 19.36 19.44 19.21 19.09 19.41 19.38 19.32 19.41 19.47 19.27 19.48 19.51 19.49 19.37 19.53 19.52 19.52 19.52 19.48 19.51 19.51 19.53 19.47 19.52 19.52 19.59 19.58 19.59 19.59 19.55 19.54 19.55 19.54 19.54 19.54 19.54 19.55 19.55 19.55 19.44 19.49
18.30 18.49 18.61 18.68 19.21 19.07 18.64 18.26 18.82 18.55 18.52 18.46 18.64 18.64 18.21 17.98 18.64 18.94 18.93 19.05 19.04 19.00 19.18 19.15 19.12 19.34 19.12 19.03 19.10 19.29 19.32 19.02 19.18 19.27 19.24 19.14 19.19 19.22 19.23 19.38 19.47 19.37 19.29 19.33 19.44 19.32 19.42 19.46 19.48 19.43 19.38 19.50 19.49 19.50 19.51 19.49 19.49 19.50 19.51 19.48 19.48 19.58 19.58 19.54 19.54 19.53 19.54 19.53 19.52 19.56 19.55 19.51 19.53 19.47 19.56 19.48 19.46
18.50 18.13 18.82 18.94 18.42 19.04 18.56 18.65 18.64 18.57 18.63 18.82 18.52 18.64 18.39 18.67 18.46 18.77 19.04 19.07 18.95 19.02 18.92 18.97 19.20 18.99 19.21 18.79 18.97 18.92 19.17 19.30 19.13 19.08 19.10 18.74 18.87 18.89 19.38 19.26 19.34 19.44 19.33 19.26 19.12 19.32 19.30 19.22 19.37 19.41 19.44 19.43 19.46 19.49 19.49 19.51 19.48 19.52 19.52 19.51 19.52 19.50 19.52 19.52 19.52 19.54 19.51 19.44 19.55 19.50 19.54 19.50 19.53 19.47 19.54 19.43 19.53
18.69 18.37 18.58 18.57 18.42 18.49 18.76 19.10 18.77 18.75 18.70 18.80 18.59 18.80 18.94 18.55 18.73 18.44 18.64 18.90 19.16 19.35 19.26 19.09 19.13 19.08 18.74 18.70 18.85 18.65 18.70 18.72 19.19 19.24 19.34 18.92 19.20 19.04 19.32 19.36 19.21 19.35 19.33 19.35 19.41 19.34 19.13 19.34 19.32 19.29 19.42 19.36 19.44 19.42 19.45 19.48 19.49 19.49 19.48 19.45 19.45 19.51 19.50 19.49 19.33 19.53 19.48 19.50 19.47 19.57 19.57 19.49 19.46 19.46 19.49 19.46 19.60
18.26 18.97 17.96 18.12 18.66 18.39 18.43 19.28 18.84 18.77 18.35 18.23 18.62 18.79 18.46 18.59 18.47 18.37 18.90 18.64 19.00 19.28 19.26 19.28 18.93 19.08 19.10 18.79 18.98 18.86 18.84 18.56 18.70 19.20 19.19 19.09 18.87 19.25 19.11 19.28 19.27 19.12 19.11 19.35 19.25 19.37 19.39 19.12 19.29 19.04 19.34 19.42 19.42 19.41 19.42 19.42 19.48 19.46 19.46 19.44 19.42 19.45 19.49 19.48 19.47 19.48 19.47 19.44 19.52 19.65 19.65 19.59 19.48 19.47 19.49 19.58 19.72
18.60 18.71 18.31 18.23 18.37 19.05 18.72 19.15 18.84 18.56 18.62 18.86 18.66 18.90 18.79 18.63 18.85 18.53 18.54 18.83 18.90 19.11 19.15 19.31 19.24 19.10 19.09 18.84 18.87 19.01 18.72 18.93 18.67 18.85 18.95 19.05 18.98 19.04 19.04 19.36 19.04 19.19 18.89 18.92 19.11 19.38 19.34 19.21 19.30 19.26 19.41 19.34 19.40 19.42 19.40 19.41 19.42 19.45 19.44 19.45 19.43 19.45 19.43 19.45 19.47 19.63 19.59 19.55 19.62 19.66 19.59 19.46 19.49 19.25 19.12 19.53 19.52
18.07 19.15 18.15 18.13 18.45 18.34 18.66 18.91 19.02 18.55 18.75 18.80 18.19 18.55 18.95 18.90 18.68 18.50 18.59 18.44 18.50 18.59 18.80 18.92 19.16 19.32 19.14 19.07 18.88 18.85 18.96 18.62 19.07 18.56 18.92 19.00 18.84 19.22 19.00 19.01 19.07 19.31 19.16 19.06 19.04 19.17 19.23 19.24 19.23 19.31 19.25 19.36 19.38 19.37 19.16 19.30 19.40 19.40 19.39 19.43 19.31 19.40 19.47 19.44 19.60 19.62 19.57 19.65 19.62 19.31 19.23 19.53 19.46 19.48 17.98 19.06 19.42
19.19 18.59 18.65 18.39 18.33 18.18 18.28 18.55 18.59 18.49 19.03 19.02 18.67 18.58 18.80 18.87 18.81 18.62 18.28 18.30 18.86 18.77 18.69 18.61 18.64 18.77 19.19 19.25 18.94 18.97 19.10 18.98 18.87 19.23 18.96 18.69 19.08 19.01 19.03 18.71 19.06 19.05 19.16 18.68 19.25 19.26 19.29 19.14 19.01 19.12 19.30 19.32 19.35 19.37 19.37 19.38 19.35 19.38 19.38 19.37 19.33 19.34 19.37 19.37 19.33 19.39 19.37 19.64 19.30 19.10 19.32 19.30 19.43 19.43 19.04 18.76 18.73
18.83 18.73 18.48 18.27 18.92 18.13 18.19 18.68 18.61 18.77 18.33 19.12 18.49 18.53 18.76 19.00 19.10 18.86 19.03 18.84 18.57 18.76 18.66 18.86 18.61 18.95 18.56 19.19 18.80 18.87 18.93 19.07 19.00 19.04 18.89 19.10 18.88 19.03 19.18 18.77 18.61 18.87 18.78 18.83 19.09 19.16 19.22 19.27 19.24 19.15 19.28 19.17 19.34 19.29 19.35 19.33 19.33 19.23 19.37 19.30 19.41 19.36 19.33 19.34 19.36 19.29 19.57 19.55 19.63 19.23 19.33 19.57 19.20 19.37 19.36 18.73 18.20
18.99 18.92 18.39 18.79 18.40 18.75 18.39 18.89 18.29 18.41 18.83 18.47 18.42 18.43 18.04 18.70 18.90 18.86 19.13 18.94 18.52 18.93 18.84 18.63 18.94 18.42 18.73 19.11 19.07 18.81 18.84 18.96 18.84 19.04 19.19 18.97 19.19 18.99 19.10 19.03 19.11 18.72 19.00 18.85 18.96 19.08 19.10 19.04 19.19 19.23 19.06 19.25 19.32 19.17 19.26 19.28 19.35 19.33 19.31 19.28 19.37 19.32 19.32 19.32 19.31 19.20 19.45 19.40 19.31 19.36 19.26 19.56 19.61 19.45 19.31 18.82 19.04
18.80 18.81 18.87 18.47 18.68 18.63 18.53 18.65 18.60 18.02 18.91 18.99 18.84 18.03 18.38 18.51 18.71 18.94 18.84 18.98 18.70 18.86 18.95 19.06 18.85 19.04 18.85 18.31 18.72 18.81 18.94 18.89 18.67 18.75 19.06 18.89 19.08 19.18 19.07 18.93 19.01 18.89 18.68 18.96 18.91 18.98 19.14 19.26 19.16 19.27 19.14 19.24 19.29 19.25 19.16 19.24 19.19 19.30 19.33 19.32 19.32 19.33 19.30 19.31 19.27 19.18 19.08 19.29 19.31 19.33 19.27 19.55 19.55 19.38 19.32 18.75 18.61
18.91 18.94 18.71 17.97 18.65 18.72 18.98 18.90 18.44 18.54 18.72 19.12 18.80 19.04 19.12 18.46 18.89 18.92 19.05 18.89 19.19 19.00 18.75 19.07 18.97 18.83 18.48 18.18 18.23 18.71 19.08 18.61 18.85 18.38 19.05 19.07 19.08 19.48 19.50 19.28 18.95 19.04 18.84 18.92 18.63 18.96 18.97 19.05 19.17 19.21 19.13 19.26 19.24 19.29 19.24 19.29 19.22 19.28 19.30 19.28 19.30 19.30 19.30 19.32 19.29 19.26 19.18 19.30 19.32 19.31 19.42 19.50 19.19 19.34 19.26 19.05 19.21
19.28 18.51 18.02 17.94 18.50 18.55 19.06 18.52 18.42 18.26 18.06 18.99 18.94 19.17 18.95 19.25 19.16 18.92 19.08 19.08 19.04 18.67 18.43 19.03 18.89 18.96 18.88 18.80 18.65 18.26 18.96 18.98 18.65 18.67 18.73 19.05 19.19 19.45 18.81 19.33 19.24 19.02 19.06 18.74 18.80 18.92 19.16 19.12 19.22 19.12 19.16 19.28 19.09 19.23 19.26 19.24 19.25 19.28 19.25 19.26 19.20 19.26 19.28 19.27 19.27 19.26 19.22 19.22 19.29 19.29 19.25 19.24 19.15 19.33 19.29 19.32 19.30
18.84 18.83 18.52 18.27 18.56 18.22 18.61 18.51 18.35 18.28 18.77 18.68 18.59 19.16 18.96 18.67 18.85 19.19 19.03 18.91 18.85 18.95 18.69 18.60 18.65 18.84 18.81 18.85 18.91 18.63 19.08 19.21 19.49 18.70 18.77 18.86 19.42 18.92 19.09 18.93 19.09 19.24 19.13 18.93 19.12 19.06 19.25 19.18 18.93 19.07 19.16 19.15 19.08 19.17 19.26 19.24 19.23 19.24 19.22 19.27 19.15 19.25 19.27 19.24 19.25 19.23 19.24 19.22 19.23 19.23 19.17 19.00 19.16 19.24 19.27 19.29 19.32
18.54 17.83 18.80 17.86 17.89 18.48 18.25 18.75 18.82 18.37 18.12 18.56 18.58 19.21 19.26 19.14 19.28 19.00 18.78 18.89 19.07 19.12 19.05 18.90 18.89 18.84 18.82 18.61 18.73 18.81 18.64 18.44 19.43 19.53 19.51 18.99 18.94 18.87 19.00 18.81 18.84 19.18 19.35 19.28 19.30 18.90 19.07 19.20 19.11 19.15 19.13 19.11 19.06 19.16 19.23 19.21 19.23 19.27 19.27 19.25 19.22 19.24 19.26 19.25 19.22 19.22 19.23 19.23 19.12 19.28 19.12 18.88 19.20 19.24 19.21 19.15 19.30
18.19 18.07 17.82 17.93 18.12 18.56 18.67 18.47 18.86 18.24 17.90 18.19 18.78 18.69 18.69 18.80 19.13 18.72 18.59 19.00 18.83 18.89 18.70 18.91 18.58 18.78 18.88 18.93 18.90 18.94 18.81 18.79 18.84 19.46 19.44 19.53 19.11 19.00 18.99 18.88 19.16 19.08 19.06 19.01 19.03 19.02 19.11 19.13 19.08 19.04 19.03 19.03 19.11 19.14 19.05 19.10 19.13 19.16 19.23 19.21 19.24 19.24 19.23 19.22 19.19 19.18 19.17 19.19 19.17 19.18 19.17 19.19 19.16 19.14 19.18 19.22 19.17
17.97 18.17 18.00 18.20 18.31 18.50 18.75 18.54 18.64 18.55 17.84 18.62 18.84 18.66 18.69 18.82 18.74 18.66 17.94 18.66 18.92 18.93 18.74 18.54 18.57 18.67 18.86 18.56 18.95 19.08 18.74 18.92 19.16 18.59 18.94 19.25 19.45 18.98 18.84 19.15 18.99 19.00 19.02 18.96 18.62 19.26 19.16 18.99 19.16 19.09 19.05 19.12 19.07 19.11 19.18 19.16 19.20 19.18 19.20 19.17 19.19 19.20 19.22 19.22 19.20 19.19 19.16 19.15 19.17 19.14 19.13 19.11 19.09 19.17 19.15 19.16 19.10
17.67 17.96 18.19 18.25 18.48 18.53 18.50 18.66 18.74 19.00 17.93 17.81 18.68 18.37 18.34 18.94 18.76 19.38 18.34 18.64 18.63 18.95 19.04 18.44 18.62 18.77 18.61 18.96 18.91 18.92 19.02 18.56 19.14 19.04 18.59 18.65 19.19 18.96 19.04 19.04 19.29 19.15 19.04 19.11 19.17 19.02 18.68 19.03 18.91 18.66 18.30 18.98 18.99 18.86 19.07 19.23 19.19 19.15 19.18 19.14 19.19 19.18 19.20 19.16 19.19 19.18 19.13 19.14 19.13 19.13 19.13 19.10 19.08 19.14 19.12 19.14 19.26
18.63 18.89 18.57 18.73 18.57 18.47 18.24 18.54 18.56 18.71 18.68 17.74 18.12 17.95 18.40 18.83 18.84 19.40 18.88 18.38 18.70 18.83 18.66 18.70 18.64 18.12 18.88 19.06 18.99 19.01 18.96 18.88 19.20 18.91 18.77 18.73 18.46 18.63 18.75 19.20 19.08 19.28 19.11 19.15 19.31 19.10 18.93 18.64 18.63 19.04 18.98 19.14 19.03 19.01 19.10 19.14 19.04 19.10 19.13 19.14 19.17 19.16 19.17 19.18 19.17 19.16 19.17 19.14 19.12 19.12 19.11 19.14 19.09 19.13 19.14 19.12 19.10
17.10 17.79 18.45 18.62 18.27 18.98 18.55 18.28 17.86 17.89 18.06 18.05 18.37 18.50 18.53 18.66 18.86 18.61 19.01 18.57 18.90 18.88 18.53 18.80 18.75 18.38 18.56 18.74 18.89 19.06 18.93 19.01 18.74 18.57 18.63 18.76 18.62 18.51 18.68 18.38 18.66 18.92 18.87 18.87 18.99 19.03 19.15 19.00 18.97 18.94 18.96 18.94 19.12 18.95 19.11 19.00 19.17 19.14 19.13 19.12 19.15 19.16 19.16 19.16 19.16 19.14 19.12 19.11 19.09 19.10 19.13 19.12 19.13 19.16 19.14 19.13 19.14
16.42 17.01 17.85 18.26 17.97 18.90 18.71 18.35 18.03 18.23 17.19 18.33 18.40 18.43 18.41 18.66 18.28 18.88 18.82 18.77 18.65 18.76 18.78 18.80 18.92 18.56 18.59 18.77 18.73 18.50 18.90 19.27 18.76 18.72 18.59 18.85 18.86 18.42 18.30 18.67 18.14 18.53 18.42 18.75 18.83 19.05 18.86 18.93 18.95 18.68 19.04 18.92 19.04 18.85 19.09 19.12 19.14 19.14 19.14 19.14 19.14 19.13 19.14 19.15 19.13 19.13 19.13 19.08 19.09 19.09 19.09 19.08 19.13 19.15 19.13 19.07 19.10
15.72 16.47 16.80 17.48 18.06 18.67 18.46 18.16 17.87 17.83 17.97 18.47 18.39 18.02 18.94 18.36 18.94 18.34 19.12 19.02 18.98 18.76 18.60 18.87 18.75 18.48 18.55 18.81 18.69 18.67 19.02 18.88 18.98 19.06 18.81 18.92 18.83 18.74 18.81 18.49 18.48 18.50 18.34 18.49 18.73 19.06 19.05 19.06 19.04 18.85 19.00 18.93 18.91 18.88 19.12 19.12 19.07 18.99 19.11 19.13 19.12 19.10 19.10 19.11 19.10 19.05 19.10 19.08 19.10 19.06 19.07 19.10 19.12 19.14 19.13 19.11 19.14
16.00 16.43 16.53 16.73 17.86 18.44 18.64 18.72 18.62 18.45 17.73 17.72 18.89 18.92 18.36 18.60 18.61 18.27 19.17 18.83 19.15 19.16 18.68 19.12 18.84 18.71 18.84 18.49 18.85 18.90 18.77 18.68 19.13 18.52 18.41 18.33 18.69 18.43 19.04 18.62 18.78 18.31 18.70 18.57 18.71 18.77 18.65 18.78 18.74 18.65 18.93 19.01 19.04 19.03 19.10 19.10 19.04 19.09 19.13 19.11 19.10 19.09 19.11 19.11 19.07 19.05 19.06 19.07 19.08 19.05 19.05 19.08 19.12 19.13 19.08 19.04 19.10
15.99 16.12 16.38 16.68 17.58 18.08 18.11 17.89 17.82 17.81 18.04 18.52 18.81 18.46 17.42 18.01 18.19 18.68 18.46 18.80 19.19 19.03 19.34 19.34 19.22 19.06 18.58 18.98 18.74 18.89 18.84 19.19 19.18 18.61 18.26 18.16 18.66 18.52 19.06 18.89 18.71 18.60 18.41 18.43 18.65 18.64 18.72 18.79 18.81 18.73 18.78 18.92 18.97 18.85 19.00 19.05 18.96 19.04 19.03 19.06 19.09 19.07 19.06 19.07 19.04 19.02 19.04 19.03 19.03 19.01 19.03 19.03 19.07 19.10 19.08 19.01 19.07
14.97 15.32 16.76 16.08 17.79 18.16 18.37 17.69 18.45 18.31 18.35 18.49 18.24 18.31 17.97 17.75 17.80 18.55 18.43 18.66 18.61 18.70 19.17 19.31 19.31 18.93 18.76 18.70 18.56 19.17 19.17 19.05 19.10 18.63 18.38 18.64 18.49 18.60 18.48 18.69 18.58 18.87 18.81 18.54 18.63 18.98 18.84 18.79 18.83 18.98 18.80 18.84 19.01 18.98 19.02 19.01 19.01 19.05 19.06 19.05 19.04 19.05 19.04 19.04 19.01 18.99 18.99 18.98 18.98 19.00 19.04 19.07 19.05 19.05 19.07 19.08 19.04
15.53 15.40 15.96 17.03 17.67 18.66 18.64 18.67 18.52 17.82 18.41 18.74 18.56 18.62 17.37 17.67 18.31 18.17 18.42 18.91 18.53 18.44 18.71 19.10 19.17 19.14 19.19 19.21 18.73 19.09 19.19 19.04 18.90 18.18 18.71 18.37 18.67 19.00 18.38 18.92 18.36 18.31 18.87 18.60 19.01 18.84 18.99 18.91 18.86 18.82 18.97 18.99 18.71 18.73 19.01 18.96 19.00 19.03 19.03 19.02 19.03 19.02 19.05 19.00 18.97 18.96 18.99 18.96 18.96 18.98 19.03 19.07 19.00 18.99 19.03 19.04 19.03
14.66 15.29 15.95 16.51 17.70 17.45 18.23 18.73 18.97 18.03 18.11 18.12 18.38 17.90 17.94 17.78 18.11 17.85 18.80 18.98 18.48 18.45 18.92 18.98 18.88 18.84 19.04 19.10 18.72 19.10 19.20 19.15 18.84 18.62 18.67 18.37 18.73 18.64 18.59 18.74 18.98 18.63 18.71 18.86 18.84 18.95 18.90 19.00 18.97 18.76 18.86 18.88 18.92 18.73 18.92 18.89 18.99 19.01 19.01 19.00 19.02 19.02 19.02 18.99 18.91 18.91 18.91 18.92 18.93 18.93 19.00 19.03 19.03 18.95 18.96 19.02 19.01
14.62 14.85 16.34 16.51 16.70 17.91 17.03 18.20 18.09 18.05 17.83 18.24 18.19 18.08 18.45 17.06 17.09 17.79 18.09 18.49 18.34 18.77 18.86 18.95 19.01 19.16 19.21 18.80 18.99 18.82 18.82 19.08 18.83 18.94 18.97 18.59 18.31 18.43 18.49 18.52 18.52 18.81 18.54 18.66 18.84 18.91 18.88 18.85 18.93 18.97 18.85 18.83 18.71 18.86 18.89 18.91 19.00 19.00 19.00 18.90 19.00 19.06 19.06 18.99 18.95 18.88 18.85 18.86 18.89 18.92 18.95 18.96 18.96 18.96 18.92 18.99 19.00
14.12 15.17 14.85 16.83 16.85 17.10 17.22 17.31 17.44 17.71 17.75 18.08 18.10 18.50 18.08 17.54 16.99 17.34 17.72 18.55 18.60 18.74 18.74 18.54 19.20 18.58 18.91 18.78 18.90 19.08 19.00 19.12 19.19 18.84 18.85 18.57 18.91 18.36 18.69 18.13 18.93 18.77 18.84 18.70 18.92 18.89 18.96 18.92 18.93 18.95 18.95 18.91 18.86 18.96 18.92 18.69 18.91 18.95 18.97 18.97 18.97 18.94 19.10 19.03 18.93 18.86 18.89 18.91 18.92 18.91 18.90 18.92 18.95 18.97 18.94 18.93 18.98
15.07 14.56 14.43 15.70 16.53 16.10 17.23 17.12 17.52 17.10 17.83 17.84 17.83 18.47 18.02 17.54 17.39 16.98 17.23 17.97 18.26 18.72 19.14 18.84 19.05 18.80 18.56 19.03 18.99 18.99 18.87 19.02 19.07 18.52 18.76 18.86 18.88 18.78 18.78 18.46 18.41 18.31 19.00 19.06 18.97 18.92 18.96 19.05 19.00 18.88 18.93 18.95 18.92 18.94 18.87 18.76 18.78 18.88 18.92 18.95 18.96 18.92 18.96 19.02 18.92 18.88 18.91 18.91 18.90 18.91 18.91 18.92 18.92 18.91 18.91 18.91 18.92
15.32 14.19 15.21 16.76 15.68 16.78 16.14 17.23 17.66 17.77 17.19 17.47 17.35 17.68 17.39 17.55 17.72 17.67 17.49 16.92 17.48 18.46 18.43 18.30 18.78 18.86 18.65 18.98 18.95 19.15 18.92 18.99 18.97 18.71 18.94 18.75 18.68 18.90 18.61 18.27 18.45 18.83 18.33 18.80 18.94 19.08 19.01 18.84 18.94 18.91 18.94 18.93 18.79 18.93 18.90 18.87 18.83 18.92 18.88 18.93 18.92 18.93 19.02 18.99 18.92 18.90 18.91 18.90 18.89 18.90 18.90 18.91 18.91 18.90 18.89 18.88 18.88
15.04 14.94 15.38 15.80 16.20 16.24 15.95 15.62 17.46 17.75 17.40 17.24 17.65 17.57 17.40 17.78 17.19 17.49 17.45 16.77 17.49 18.26 18.44 17.89 18.61 18.74 18.51 19.04 18.94 18.69 19.07 18.76 18.92 18.67 18.90 18.85 18.53 18.51 18.58 18.55 18.52 18.66 18.32 18.59 18.87 18.59 18.89 18.92 18.81 18.81 18.91 18.88 18.93 18.90 18.85 18.86 18.91 18.89 18.89 18.91 18.94 19.06 18.97 18.91 18.90 18.88 18.91 18.91 18.90 18.90 18.91 18.91 18.90 18.89 18.87 18.86 18.86
