main/data/irradiance/10.11.2023.grid
ncols 839
nrows 679
xllcenter 112.0500
yllcenter -43.9500
cellsize 0.0500
nodata_value 99999.90
[rows 408 to 441 of 679, columns 539 to 615 of 839]
28.00 27.53 28.52 28.52 27.49 28.57 28.50 28.27 27.30 27.05 27.98 28.90 27.83 25.22 28.44 28.71 27.99 28.36 26.45 26.38 26.94 27.54 29.20 29.00 28.61 29.46 29.52 29.57 29.38 29.20 29.03 28.09 29.25 28.53 29.07 29.44 29.17 29.50 29.36 29.44 29.33 29.32 29.19 29.43 29.28 29.17 29.26 29.35 29.21 28.99 29.29 29.31 29.53 29.45 28.60 28.94 29.53 28.24 28.04 29.12 29.54 29.09 29.25 28.22 29.00 29.00 29.00 29.27 27.94 28.38 28.07 29.21 29.06 28.98 28.72 29.01 28.99
28.76 29.04 29.17 28.24 28.47 27.94 28.57 29.07 27.53 26.57 27.87 28.23 27.93 27.91 28.19 28.96 28.29 25.46 23.80 26.47 26.54 28.27 29.45 29.33 28.51 29.16 29.69 29.63 29.57 29.38 28.96 28.43 29.13 28.27 29.17 29.46 29.20 29.40 29.36 29.55 29.36 29.36 28.52 28.76 29.42 29.35 29.06 29.13 29.19 29.18 28.73 28.90 28.81 29.46 29.06 29.05 29.08 28.48 28.41 28.91 28.73 29.36 28.90 29.56 28.86 29.21 29.26 29.37 29.45 28.73 29.12 28.86 29.16 29.24 28.86 28.36 28.75
28.38 29.36 28.74 28.94 28.14 27.84 27.76 29.25 28.84 27.47 28.00 29.30 29.11 28.91 27.57 27.15 26.03 25.02 24.84 25.84 26.16 29.38 29.44 29.36 29.46 27.67 29.40 29.47 29.62 29.08 29.29 28.87 28.75 28.21 29.07 29.44 29.39 29.55 29.17 29.00 29.36 29.49 29.45 29.30 29.29 29.23 28.84 28.95 29.19 29.13 28.35 28.88 28.86 28.99 28.53 29.02 29.17 29.13 27.76 28.19 28.65 28.88 29.18 29.31 29.20 29.39 29.43 29.21 29.21 29.24 29.12 29.64 29.46 29.32 29.22 29.05 28.91
27.39 29.15 28.25 26.53 27.35 27.64 28.77 28.31 28.82 28.28 28.06 28.95 28.97 27.92 25.44 24.31 26.61 27.18 26.88 26.05 27.91 29.64 29.20 28.34 29.25 28.89 29.41 28.80 29.56 29.44 29.53 29.24 28.97 27.67 28.85 28.95 28.87 29.43 29.32 28.43 28.93 29.36 29.47 29.30 29.47 29.40 28.88 29.33 29.45 29.08 29.12 28.64 28.60 29.43 28.87 28.83 28.67 29.16 28.70 28.49 29.05 28.81 29.05 29.09 28.46 29.31 28.96 28.76 29.35 29.23 29.32 29.57 29.29 29.37 29.32 29.02 28.74
27.48 28.91 28.89 27.74 27.80 28.37 28.87 28.98 28.94 29.25 29.10 28.92 27.72 25.83 26.41 27.55 26.58 26.08 26.32 26.91 29.16 29.54 28.99 29.30 28.16 29.52 29.58 29.21 29.00 29.55 29.52 29.46 28.35 29.31 29.29 29.24 29.25 28.67 29.28 28.44 28.47 29.50 29.38 28.93 29.40 29.29 28.96 28.89 28.87 29.40 29.39 28.73 28.61 29.23 29.55 29.31 29.03 28.93 29.15 29.06 28.81 28.98 28.50 29.21 28.90 29.56 29.29 29.39 29.02 29.55 28.64 29.47 29.02 29.36 28.83 29.15 28.63
28.12 26.65 27.48 28.47 28.75 29.14 29.27 29.25 28.12 28.64 28.46 28.61 26.57 26.73 27.70 28.11 26.52 26.64 27.15 27.25 29.49 29.43 28.79 28.64 28.61 29.11 29.06 29.35 28.17 28.58 29.33 29.57 29.39 29.14 28.96 29.00 28.48 28.22 28.74 28.59 29.47 29.50 29.39 29.25 29.43 29.19 29.13 29.06 28.96 28.76 29.36 29.42 29.41 28.62 28.52 29.14 28.68 29.06 29.24 29.15 28.98 28.91 29.02 29.14 28.25 29.35 29.12 29.45 29.48 29.11 29.02 28.86 28.99 29.04 28.40 28.81 28.95
28.52 28.14 26.65 28.05 29.15 29.07 27.79 28.43 29.58 27.38 27.54 27.72 27.27 27.02 29.38 28.07 28.27 28.72 26.57 26.50 29.61 29.46 29.10 28.58 29.10 29.63 29.45 29.40 29.11 27.49 28.32 29.39 29.09 28.88 29.09 28.97 28.47 27.07 28.41 28.79 28.87 29.53 29.48 29.05 29.24 29.21 29.21 29.18 28.68 29.53 29.23 29.11 29.60 28.74 28.80 29.42 29.31 28.71 28.31 29.27 28.58 28.70 28.85 29.26 28.47 29.15 28.66 28.75 29.45 29.18 28.95 29.47 29.16 29.41 29.23 28.59 27.41
27.83 28.47 28.40 28.82 29.10 29.23 29.17 27.63 28.04 29.36 27.89 25.79 27.44 28.84 28.18 28.27 27.74 27.76 26.00 27.17 29.43 29.53 29.29 28.92 28.73 29.50 29.34 29.26 28.87 27.92 28.48 29.45 28.59 29.12 28.83 27.99 28.57 28.47 29.08 29.27 28.72 29.17 28.91 29.13 28.91 29.29 29.12 29.28 28.64 29.20 29.37 28.98 28.97 29.35 29.59 29.36 28.98 29.03 28.83 29.19 28.02 28.83 28.97 28.03 28.33 28.58 28.35 28.87 29.44 28.35 28.82 29.49 29.62 29.39 28.48 29.44 28.84
27.68 29.13 28.35 27.93 28.68 27.39 29.07 28.96 28.46 29.14 27.65 24.76 27.82 26.74 27.96 27.22 25.13 24.91 26.57 26.30 29.51 29.31 29.53 29.36 29.15 28.77 29.23 28.60 28.62 28.71 28.75 29.03 29.10 28.85 28.41 29.09 28.83 29.11 28.98 29.13 28.90 28.97 29.20 28.80 28.96 29.33 29.36 29.12 29.07 28.92 28.96 29.18 28.98 28.49 29.18 29.32 29.26 29.18 29.11 28.91 29.24 29.12 29.00 28.97 28.13 28.62 29.23 28.44 28.96 28.89 29.20 29.24 28.73 29.34 28.85 29.00 29.06
28.02 28.26 28.28 29.40 29.12 28.80 28.67 29.51 28.60 28.80 27.10 26.78 27.54 23.31 27.07 27.20 26.28 26.28 26.48 26.20 29.52 29.35 29.19 29.31 29.45 28.89 27.92 28.60 28.17 28.66 28.89 29.16 28.67 28.93 28.80 28.86 29.28 28.71 28.93 28.76 29.07 28.28 28.89 28.42 28.80 29.30 29.34 29.27 29.36 29.18 28.91 28.56 29.30 28.55 29.41 28.91 29.03 29.19 29.11 29.28 28.88 28.68 29.06 29.00 28.43 28.95 29.11 28.37 28.75 28.49 28.61 29.05 28.79 29.02 28.81 28.18 29.27
26.51 27.18 26.98 29.12 28.59 28.79 29.19 29.04 28.90 29.26 28.62 28.82 28.60 25.74 21.88 25.88 26.98 26.38 25.25 27.42 29.41 29.30 29.45 29.14 29.43 29.52 28.64 28.31 29.16 28.75 29.10 29.42 28.57 28.42 28.50 28.53 28.78 28.84 27.64 29.09 28.75 28.55 28.41 28.62 28.70 29.01 29.45 29.36 29.49 29.18 28.77 28.95 28.95 29.13 29.15 29.39 28.86 28.79 29.03 28.83 28.63 28.51 28.89 29.12 28.83 29.09 28.54 28.56 28.17 28.85 28.90 28.81 29.26 28.62 28.85 28.92 29.15
26.24 27.38 28.42 28.69 29.10 28.34 28.69 28.23 27.70 28.79 26.68 28.38 28.85 25.94 27.17 27.82 26.96 27.50 27.94 29.42 29.08 29.47 29.49 28.57 29.43 29.37 28.98 29.15 28.91 29.28 29.00 28.91 28.67 28.33 28.28 28.25 28.51 28.28 27.79 28.72 28.66 28.95 28.58 28.93 28.84 29.10 29.52 29.15 29.23 28.96 28.88 28.77 28.66 29.30 29.08 29.28 28.85 28.68 28.65 28.57 28.90 28.90 28.95 28.41 28.47 28.81 28.03 28.13 28.68 28.83 28.10 28.94 29.23 29.11 28.27 28.87 28.52
28.20 26.98 27.85 26.92 27.80 27.99 28.94 29.44 28.33 28.60 27.90 27.41 28.73 28.83 29.07 29.40 28.13 28.85 29.32 27.69 28.30 29.41 29.33 28.87 29.09 29.47 29.47 28.98 27.98 28.16 29.11 27.73 28.62 28.86 27.46 28.98 28.61 28.28 29.33 28.61 28.65 27.88 27.72 28.69 29.15 29.05 29.27 29.14 28.84 29.21 29.02 29.18 28.96 28.54 29.15 29.55 28.51 28.38 27.53 29.41 29.01 28.53 28.53 28.95 28.46 27.97 28.48 27.29 28.34 28.72 28.94 28.73 28.66 28.26 29.00 29.12 29.41
28.11 28.23 26.69 27.81 28.09 27.37 28.70 29.47 28.89 27.39 28.29 27.83 28.28 29.56 29.59 29.48 28.66 28.31 29.43 29.43 29.54 29.48 29.15 29.25 29.19 29.40 29.53 29.42 29.26 28.51 28.38 28.42 28.68 29.08 28.33 28.85 29.05 28.61 29.28 28.90 28.22 28.03 28.12 28.33 29.34 29.35 29.10 29.16 28.50 28.77 28.92 28.56 28.48 28.88 28.98 29.38 29.03 28.54 28.40 29.00 28.56 28.62 27.68 28.57 28.86 27.94 27.67 27.85 28.04 28.51 28.78 28.55 28.14 28.75 28.70 29.00 28.88
28.44 27.59 28.75 25.27 25.01 25.57 27.89 28.81 27.85 27.85 28.42 28.23 26.58 28.79 28.82 29.48 29.12 29.53 29.48 29.48 29.51 29.46 28.94 29.22 29.20 29.34 29.39 29.46 29.42 28.66 27.53 29.20 29.19 28.93 29.36 29.27 29.17 28.70 28.77 28.60 28.71 27.12 28.33 28.46 29.16 29.51 29.06 28.92 28.86 28.96 28.71 27.90 28.40 28.34 29.22 29.28 28.64 29.35 29.10 28.56 27.62 28.18 27.81 28.43 28.57 28.14 28.41 26.77 28.56 28.26 28.99 28.32 28.08 28.37 28.39 28.81 28.96
29.06 28.10 28.51 27.36 23.66 25.68 27.75 28.83 27.52 27.26 28.54 26.72 24.65 26.78 28.46 28.85 29.55 29.59 29.39 29.33 29.40 29.51 29.35 29.51 29.14 29.30 29.40 29.50 29.52 29.37 28.17 28.68 28.60 29.30 29.43 28.97 28.66 28.88 28.79 27.31 28.52 27.58 28.46 27.95 28.91 29.32 29.18 28.23 28.85 29.31 28.86 27.88 28.17 27.75 29.02 29.41 28.80 29.15 28.89 28.59 28.33 28.52 28.43 28.26 28.98 27.43 27.90 27.75 28.70 28.69 27.55 27.83 28.18 28.75 28.89 28.51 28.46
28.48 28.39 28.46 28.37 27.23 28.06 27.40 27.18 27.17 27.52 26.27 27.67 27.22 27.09 29.11 28.54 29.09 29.60 29.47 29.28 29.22 29.17 29.49 29.52 29.55 29.62 29.39 29.49 29.51 29.27 29.20 28.76 28.73 28.67 29.24 28.08 27.93 28.80 28.56 27.73 27.10 28.12 28.68 27.98 28.78 29.46 28.38 28.65 27.85 28.93 29.11 29.11 27.65 29.11 28.81 28.63 28.51 29.07 29.19 28.49 27.88 28.74 28.81 28.27 28.77 28.11 28.36 29.21 28.67 28.60 27.55 28.41 28.85 28.26 27.90 28.95 28.53
28.37 29.17 28.19 29.16 28.56 27.98 27.88 27.32 28.37 27.13 26.95 27.13 27.37 27.01 27.46 28.20 28.59 28.88 29.34 29.35 28.93 28.75 29.44 29.22 29.43 29.51 29.47 29.40 29.24 29.40 29.10 29.32 28.69 28.21 28.83 27.35 27.29 28.53 28.99 28.58 27.82 28.22 29.18 28.94 28.83 29.08 28.94 27.58 28.35 28.65 28.30 29.29 29.08 28.67 28.99 28.77 28.64 29.15 28.33 26.44 26.67 28.01 29.41 28.80 27.82 27.37 28.33 29.30 28.84 27.33 28.41 28.07 29.22 29.28 28.70 28.81 28.45
27.97 27.87 27.31 28.60 27.37 26.53 26.44 27.86 27.88 27.44 27.27 26.75 25.82 25.83 25.95 26.97 27.05 27.82 28.58 28.75 28.30 28.38 28.77 28.78 29.38 29.43 29.46 29.45 29.37 29.02 29.07 28.79 29.12 29.03 27.38 28.13 28.33 27.90 28.70 28.86 27.36 27.11 28.44 28.22 29.06 28.96 28.62 28.15 27.97 28.97 28.58 27.21 27.98 28.24 29.26 29.32 29.32 28.79 28.16 27.19 28.26 28.14 28.59 28.13 28.07 28.31 28.54 28.86 28.21 27.27 28.47 27.92 28.52 27.52 28.34 28.19 28.12
28.13 28.93 27.31 27.10 28.03 27.85 26.97 27.48 27.79 25.48 25.88 24.98 26.68 26.21 26.26 28.02 28.02 27.51 27.79 28.18 28.24 28.42 28.61 28.39 29.06 29.30 29.41 29.19 29.43 29.32 29.04 29.20 29.07 28.90 28.50 28.59 28.11 28.27 28.48 28.16 28.19 28.01 28.34 27.66 28.58 28.16 28.91 28.96 28.46 27.88 27.99 27.41 27.54 28.25 28.60 29.30 29.33 28.35 26.49 28.09 29.13 28.47 27.16 27.09 27.94 27.85 28.33 28.04 28.12 28.90 28.44 28.57 29.18 29.06 27.90 28.41 28.20
28.65 28.48 28.07 27.43 28.07 26.52 22.55 25.75 27.85 25.90 25.33 24.68 27.49 26.03 24.35 26.65 26.45 27.71 26.63 27.58 27.97 28.01 28.69 28.89 29.03 28.98 29.35 29.18 29.34 29.34 29.30 29.14 29.12 28.73 28.14 28.51 29.05 28.56 28.81 27.38 28.54 28.09 28.00 28.36 27.65 27.65 28.63 28.10 27.27 27.32 27.83 28.49 27.81 29.05 28.75 28.81 28.13 28.94 27.63 27.76 28.63 28.68 27.85 28.48 28.89 28.33 27.54 28.45 27.59 29.19 28.82 28.97 28.41 28.00 27.38 27.45 27.75
27.79 29.09 28.66 27.55 28.60 27.43 25.15 25.83 27.67 27.64 25.95 25.47 25.47 26.18 25.82 25.65 27.05 27.42 27.77 27.82 27.85 28.69 28.94 28.78 28.75 28.81 29.10 29.52 29.19 29.21 29.17 29.10 29.30 29.31 28.30 28.84 28.61 28.93 28.35 26.98 28.23 27.54 27.67 29.16 28.79 28.60 28.60 27.51 26.85 27.17 27.89 29.11 28.73 27.91 27.64 28.88 28.01 27.70 28.65 27.41 28.36 28.18 28.77 26.05 27.85 28.77 27.63 28.50 27.80 27.58 28.91 28.30 27.69 28.03 28.12 28.55 27.55
28.31 27.26 28.62 28.24 27.76 27.28 27.18 27.88 26.67 25.24 25.74 27.23 25.67 25.86 27.33 27.67 27.50 28.17 27.55 27.33 28.04 28.69 28.46 29.03 28.75 29.00 29.33 29.40 29.05 29.28 28.70 29.00 28.99 29.34 29.07 28.99 28.36 27.70 27.75 28.25 28.79 28.64 28.52 28.57 27.63 27.31 27.35 27.02 28.26 27.40 27.74 27.70 27.70 27.64 28.31 28.29 28.24 27.59 26.98 27.35 29.02 27.52 28.60 28.10 27.94 28.52 26.39 27.28 27.79 28.21 28.53 28.88 27.83 27.30 26.96 28.01 27.93
27.48 29.01 29.04 27.62 27.97 28.44 28.33 26.63 25.73 24.72 23.50 25.96 25.65 24.67 26.42 27.62 26.35 27.21 26.72 27.64 27.65 28.34 28.71 28.52 28.69 28.94 29.29 29.35 29.07 29.31 29.20 29.23 28.41 28.56 28.82 28.81 28.88 29.09 28.75 28.61 28.33 28.28 27.32 27.72 28.31 27.97 27.72 27.40 28.23 28.75 28.36 27.73 28.44 28.37 28.44 28.27 28.42 28.34 28.19 28.14 28.36 27.72 28.24 28.72 27.93 27.83 28.24 28.57 28.40 28.73 28.91 29.12 28.22 27.88 26.78 26.41 28.42
27.75 27.82 29.03 28.22 28.43 28.18 28.51 28.13 26.83 26.95 27.43 28.03 26.35 24.95 26.71 27.83 26.98 26.83 26.97 27.34 27.95 28.83 28.88 28.02 28.72 29.08 29.29 29.32 29.17 29.09 29.23 29.25 29.16 29.13 28.74 28.64 28.60 28.85 28.46 28.65 28.58 28.78 28.51 28.19 28.16 28.60 28.29 28.34 28.14 28.76 28.46 27.82 28.38 28.82 28.83 28.97 28.57 28.48 29.01 28.90 28.44 28.47 28.34 28.82 27.92 26.23 26.06 27.21 28.09 28.70 28.68 27.93 28.74 28.47 26.35 26.57 28.55
28.11 29.18 28.76 27.56 28.47 28.32 28.21 28.33 27.83 28.60 26.73 27.67 27.99 27.39 27.75 28.44 28.54 28.58 28.56 28.19 28.73 29.02 28.75 29.13 28.85 28.89 28.92 29.40 29.29 29.01 29.17 29.19 29.27 29.18 28.09 29.12 28.20 29.07 28.48 29.01 28.47 29.06 27.94 29.04 28.11 27.11 28.24 28.62 28.70 27.79 28.85 28.94 29.06 29.16 28.03 28.94 28.28 28.05 28.33 28.14 28.25 28.05 28.42 28.62 27.51 26.86 27.09 28.31 27.79 28.70 28.43 27.42 26.99 27.10 25.34 26.22 28.16
28.56 29.26 29.10 28.00 28.69 27.98 26.85 28.62 27.82 28.91 27.82 27.31 28.41 28.45 27.63 27.28 28.42 27.77 27.26 28.58 28.70 28.36 28.75 28.98 29.04 29.36 29.12 29.06 28.89 29.11 28.87 28.77 28.90 28.82 28.93 28.85 28.85 28.91 28.95 29.10 28.71 28.91 27.67 28.81 27.55 27.32 28.32 27.07 28.79 28.24 28.95 28.77 28.91 28.66 29.30 28.59 28.99 28.44 28.11 27.62 28.26 28.55 28.92 27.18 26.16 27.20 26.90 27.08 27.67 28.42 27.59 27.74 26.77 26.65 26.57 26.56 27.27
29.15 28.60 29.33 29.00 28.99 28.05 28.32 27.91 28.50 27.07 28.46 27.31 26.11 27.54 27.44 27.04 27.91 26.93 28.02 28.61 28.46 28.73 28.50 28.38 28.97 29.31 29.21 29.32 28.76 28.62 28.90 29.12 28.06 28.87 28.40 28.81 28.73 28.74 28.30 28.88 28.29 28.15 27.69 28.99 28.00 28.78 28.73 28.40 29.02 29.03 28.86 27.61 28.39 28.48 29.30 28.80 28.57 28.93 27.63 28.41 27.94 28.86 28.28 28.02 26.40 27.89 28.43 27.66 27.74 28.19 27.16 27.11 26.30 26.12 27.68 28.70 28.48
28.14 28.78 28.74 28.51 27.24 27.69 27.80 28.69 27.39 26.46 28.18 26.25 26.80 27.14 27.34 27.45 27.51 27.29 27.68 28.15 28.16 28.38 28.64 28.35 28.82 29.18 28.68 29.46 28.76 28.69 29.02 28.95 28.29 28.76 28.10 28.75 28.75 27.72 28.10 28.79 28.87 28.02 27.87 28.99 28.70 29.21 28.59 29.04 27.72 28.67 28.44 28.64 28.94 28.52 28.72 28.68 28.96 28.50 28.56 28.61 28.35 27.96 26.93 27.25 27.93 27.50 28.03 28.79 27.09 24.86 25.50 25.86 25.52 26.48 28.35 28.87 27.75
27.18 28.06 29.09 28.97 28.06 28.24 25.66 27.89 27.52 27.88 28.18 28.27 27.57 27.85 28.34 28.44 27.90 27.90 27.97 28.56 28.35 28.80 28.60 28.90 29.01 29.18 29.38 29.26 29.32 28.82 28.75 28.88 28.60 28.53 28.13 28.10 28.23 27.85 28.24 28.68 28.85 28.67 28.75 28.57 27.20 29.00 28.66 27.86 28.72 28.80 28.73 28.85 28.57 28.23 28.17 27.47 28.74 28.77 28.23 27.98 27.06 26.78 27.60 28.36 27.50 26.23 28.48 28.15 26.95 26.36 25.18 26.36 28.11 28.38 28.13 27.93 28.93
25.33 26.41 28.91 29.34 29.09 29.06 27.54 27.82 26.43 25.39 26.22 26.17 27.17 27.14 28.32 28.42 27.78 28.26 27.81 28.30 28.68 29.01 29.08 29.27 29.15 28.82 29.30 29.01 29.16 28.39 29.23 27.97 28.35 28.24 28.20 28.14 28.76 27.53 27.58 28.55 28.40 27.41 28.04 28.86 27.69 28.62 28.15 28.34 28.72 29.12 28.54 28.16 28.23 28.72 27.75 27.29 28.19 27.84 27.81 28.49 28.24 26.60 26.86 28.12 28.24 28.62 28.32 26.11 26.66 25.72 26.12 27.76 28.92 28.87 28.21 28.02 28.35
28.86 26.03 27.38 29.00 28.77 28.89 28.37 27.64 26.95 25.33 25.94 25.19 25.30 26.79 27.66 27.84 27.30 27.80 28.39 29.15 28.65 28.74 29.14 29.28 29.16 28.85 29.02 29.17 28.45 28.76 28.74 28.86 29.04 28.57 27.70 27.41 27.82 28.03 27.19 28.36 28.83 27.80 28.16 28.54 28.46 28.55 29.03 28.95 28.71 28.27 28.98 27.89 27.35 28.16 28.53 28.27 28.28 28.14 27.79 27.25 28.18 27.87 28.65 28.67 26.42 27.74 28.13 26.31 27.04 26.67 25.78 27.27 27.80 28.51 29.11 28.84 28.49
29.23 28.33 26.84 26.86 28.58 28.61 29.39 28.62 28.63 27.89 27.05 25.64 26.02 26.75 27.79 28.22 28.02 27.88 28.39 28.62 28.75 28.61 28.94 29.07 29.11 28.84 29.14 29.09 28.55 28.78 28.98 28.57 28.69 29.07 28.47 28.57 27.54 28.13 27.56 28.77 29.00 28.77 28.31 28.12 28.70 28.81 29.02 28.74 29.14 27.77 28.08 28.66 28.05 28.83 28.87 28.80 27.80 28.20 28.53 27.41 28.09 27.78 27.77 27.19 27.85 25.83 27.62 28.10 26.76 26.86 28.19 28.67 28.02 27.36 28.30 29.27 29.04
29.07 29.12 27.56 26.85 27.47 27.99 26.53 28.95 28.50 28.92 25.93 25.71 27.68 26.05 26.44 28.55 27.75 27.75 28.43 28.81 29.05 28.43 28.72 28.75 28.90 29.23 28.63 28.97 28.64 28.69 29.03 28.83 28.64 28.19 27.69 27.53 28.11 27.11 26.82 27.97 28.73 27.71 27.39 27.51 28.35 28.55 28.34 28.16 29.17 27.61 27.61 28.62 28.71 28.92 28.50 28.69 27.26 27.30 28.70 28.07 28.66 28.02 28.34 26.15 27.20 27.64 27.73 28.40 28.63 27.33 28.49 28.84 27.84 27.31 28.01 29.34 29.19
