main/data/irradiance/10.11.2023.grid
ncols 839
nrows 679
xllcenter 112.0500
yllcenter -43.9500
cellsize 0.0500
nodata_value 99999.90
[rows 272 to 305 of 679, columns 462 to 538 of 839]
17.07 18.53 17.93 17.54 18.84 19.65 20.54 20.87 20.47 19.73 18.61 18.13 18.35 19.92 21.16 21.11 21.28 22.03 20.18 21.98 23.55 20.49 21.08 21.20 19.99 20.00 22.40 23.29 26.52 24.25 23.64 23.94 25.71 25.24 24.68 25.22 24.45 24.62 25.24 24.67 24.70 26.81 27.14 27.08 28.36 28.40 28.20 26.98 28.26 28.67 28.94 27.35 27.80 27.20 28.68 27.61 27.06 26.71 26.75 26.67 26.72 27.14 27.53 27.54 27.76 27.40 26.81 27.34 27.90 26.84 27.29 27.62 28.68 28.54 28.23 27.97 27.93
15.81 17.39 18.79 17.71 18.84 20.95 22.96 22.33 20.98 19.14 17.65 17.01 15.54 17.28 19.05 18.66 19.27 19.99 20.17 20.84 21.66 20.55 22.61 23.60 23.50 22.24 23.59 25.09 26.10 25.90 24.19 23.34 24.30 24.86 25.04 25.07 25.71 25.51 23.93 24.64 24.71 24.91 26.14 26.98 27.97 28.19 28.21 28.22 27.78 29.38 28.77 29.05 28.14 27.66 28.73 28.41 27.22 25.80 24.87 27.15 26.02 27.47 27.43 27.92 27.84 28.04 27.31 27.18 26.56 26.93 27.89 27.60 28.75 28.67 28.28 27.90 28.11
16.11 16.00 17.04 16.92 17.34 18.53 21.08 22.85 22.97 21.68 18.32 19.44 19.44 17.59 18.80 19.48 19.95 19.42 18.84 20.77 21.04 23.42 23.96 24.82 25.57 24.02 23.18 23.69 23.83 25.55 25.93 27.40 27.09 24.36 24.36 25.38 26.28 24.62 24.11 23.73 23.50 25.60 26.73 26.62 27.13 27.77 28.53 28.41 27.64 28.64 28.86 29.00 29.08 28.17 28.89 28.42 28.41 26.44 26.21 25.71 26.19 27.21 26.57 27.27 27.14 28.02 27.58 26.87 27.03 26.78 27.57 27.54 28.33 28.57 28.68 28.61 28.50
16.58 16.37 17.93 19.06 18.60 18.76 21.21 19.49 19.70 19.91 18.92 19.08 20.29 18.42 17.97 18.41 19.97 19.43 19.07 19.85 20.04 21.02 21.26 22.59 23.97 24.42 22.41 22.21 22.39 23.77 25.57 25.72 26.52 24.83 23.19 24.09 24.94 24.25 24.93 23.30 23.45 23.18 24.89 26.48 27.11 27.57 27.89 27.80 27.73 28.23 28.60 28.68 28.39 27.67 28.31 28.08 28.27 28.29 26.86 25.99 25.92 26.94 26.49 26.43 27.29 26.35 27.34 27.85 27.40 27.58 28.17 27.45 27.54 28.60 29.53 29.28 28.93
16.96 18.30 18.80 18.62 17.70 17.92 19.06 18.26 19.97 20.53 18.95 18.74 18.41 19.09 18.45 19.61 20.10 20.22 20.50 18.51 17.20 18.86 18.14 20.15 22.76 22.93 22.92 23.73 23.55 24.73 25.41 24.87 25.05 24.88 24.22 24.48 24.77 23.83 23.86 23.92 23.88 24.60 25.17 26.04 26.09 26.88 26.75 27.12 28.04 27.97 28.05 28.16 27.43 26.84 27.97 28.34 28.86 28.09 27.17 27.34 27.09 27.59 26.40 26.38 27.49 27.46 27.47 27.63 28.18 28.15 28.32 27.99 28.39 28.32 28.27 29.20 29.42
18.64 20.17 18.74 17.24 18.42 20.21 20.33 17.76 18.09 18.88 19.22 19.28 19.07 19.43 19.53 20.09 20.70 20.62 20.95 19.01 18.37 16.82 18.21 19.11 21.33 22.70 23.54 24.15 25.16 25.23 25.55 25.84 24.92 26.43 25.55 24.34 24.31 23.42 23.11 23.26 23.28 23.93 24.86 26.16 26.24 26.55 26.25 26.97 27.30 27.52 27.53 27.52 27.80 26.96 26.72 27.07 27.67 27.79 28.62 28.76 28.32 27.56 27.29 27.33 27.36 27.25 27.40 28.26 28.84 27.97 28.10 28.43 28.49 28.25 27.62 28.20 28.37
18.04 18.72 17.50 19.76 19.85 20.66 22.38 20.23 19.00 17.24 18.75 18.20 18.00 20.14 21.44 20.52 20.21 21.63 21.35 22.61 20.62 18.16 17.92 20.62 22.32 23.11 24.65 25.18 24.81 23.97 23.90 25.35 24.37 25.79 25.78 25.00 25.38 23.36 23.25 24.01 23.58 23.93 25.04 25.24 26.40 26.43 26.57 27.09 27.68 27.38 27.20 26.47 27.51 26.90 27.01 28.09 28.13 27.11 28.18 28.37 28.61 28.29 27.39 27.46 27.72 27.57 27.09 27.82 28.27 28.34 28.49 28.18 28.73 28.49 27.79 27.86 28.22
17.00 18.64 19.87 22.55 21.24 21.43 23.41 21.61 19.62 19.96 19.68 18.91 19.55 20.97 20.81 20.88 21.20 23.37 23.73 25.39 23.67 19.29 19.36 21.47 21.83 23.28 25.31 25.12 25.41 23.70 23.55 25.08 25.81 25.01 26.27 26.26 25.35 24.36 23.65 24.60 24.54 24.20 23.74 25.37 25.67 25.62 25.96 27.08 26.99 25.93 25.46 25.07 26.79 26.78 28.12 27.17 27.49 26.35 26.91 27.97 27.99 27.77 27.74 27.17 27.63 28.28 27.66 27.66 27.82 28.31 28.27 27.94 28.31 28.11 27.94 27.80 28.37
17.31 17.82 17.93 21.81 21.76 19.88 22.37 20.25 20.89 21.82 21.66 19.19 18.92 21.19 21.40 22.38 23.31 23.35 22.56 25.11 23.72 22.57 21.56 20.70 22.42 22.85 25.07 25.18 25.97 23.33 23.26 24.01 24.43 24.52 25.47 25.19 25.69 24.83 24.97 23.88 25.15 24.69 24.09 25.18 25.38 26.05 26.25 26.59 26.54 25.82 25.27 26.02 27.08 28.16 28.24 27.95 27.32 27.97 27.66 27.58 28.28 26.51 27.50 27.55 27.29 27.38 28.19 27.82 27.96 27.74 27.98 28.46 28.87 28.40 28.69 28.17 28.60
17.18 16.30 17.42 20.37 21.82 22.19 22.39 21.81 22.86 21.46 21.50 20.33 18.57 21.08 22.91 23.49 22.96 22.74 23.55 25.80 24.35 24.17 24.49 23.22 24.39 22.53 24.63 25.99 26.29 22.33 22.62 23.17 24.67 24.36 25.23 25.02 26.23 23.79 23.93 22.83 22.60 23.31 25.35 25.71 26.29 27.12 27.20 27.05 26.53 24.98 26.20 27.21 27.67 28.33 27.94 27.83 27.64 27.78 28.21 26.74 27.58 27.19 28.36 28.26 28.17 27.65 28.18 28.10 28.26 27.98 28.16 28.27 29.21 28.76 29.14 28.54 28.64
17.93 18.82 17.72 18.46 19.34 21.35 24.47 24.65 22.83 21.65 21.79 22.18 20.27 22.48 24.03 23.01 21.96 22.41 23.43 23.96 24.87 24.87 25.41 24.47 25.50 22.79 23.90 25.76 25.01 24.04 23.93 23.66 25.38 24.96 25.22 24.33 24.91 24.75 22.49 22.90 22.93 23.52 25.23 25.65 25.09 26.02 26.26 26.38 26.21 25.78 26.82 27.56 27.98 28.46 28.96 28.80 28.71 28.71 28.68 27.98 28.13 29.15 29.09 28.64 28.89 27.95 28.40 28.00 28.59 28.34 28.65 28.64 29.04 28.39 29.11 28.60 28.67
18.24 16.46 16.21 16.52 18.07 19.60 21.34 25.33 23.98 22.46 22.48 24.00 22.14 22.97 24.60 22.22 22.07 23.11 21.95 21.86 24.60 24.76 23.59 23.56 26.44 26.19 25.32 26.38 24.47 24.14 22.69 23.28 23.43 22.28 23.40 24.09 23.51 23.30 24.32 23.39 23.90 24.47 25.42 25.63 24.93 25.67 27.55 26.84 26.81 26.97 27.90 28.11 27.87 27.88 28.93 29.11 29.01 28.79 28.58 28.68 28.99 29.03 28.95 29.04 28.73 28.05 28.58 28.56 28.95 28.63 28.95 28.72 28.79 28.55 29.06 28.83 28.83
17.51 14.57 15.12 17.02 15.96 17.41 19.06 23.38 23.64 21.90 21.36 21.84 23.27 24.07 24.17 23.20 23.56 23.59 22.73 22.57 24.48 23.91 23.02 21.18 24.55 24.55 24.18 24.35 25.25 23.93 23.60 24.02 25.24 23.73 20.82 20.83 22.17 21.69 22.61 25.51 25.24 25.22 25.46 25.64 25.73 26.59 27.36 27.34 27.20 27.18 27.12 28.07 28.30 29.00 28.42 27.53 28.17 28.17 28.81 28.25 28.34 29.21 29.15 29.15 29.02 28.68 28.45 28.88 28.84 29.12 28.94 28.07 28.81 28.94 28.34 28.22 28.02
16.66 15.89 15.21 15.23 14.39 15.79 16.89 18.38 19.02 19.74 19.73 19.46 24.25 24.33 24.08 23.97 22.38 22.24 22.41 23.63 23.57 23.39 25.27 24.60 24.50 24.75 23.79 23.12 23.95 24.49 25.45 25.15 25.23 25.18 24.06 21.65 21.24 21.52 21.62 23.80 23.36 24.66 25.06 22.98 24.17 25.53 24.96 24.86 26.52 27.77 27.40 27.45 27.78 28.17 28.22 28.24 27.70 27.55 28.77 28.10 28.87 28.76 29.12 28.86 28.93 28.52 28.68 28.97 29.40 29.27 28.36 28.68 28.69 29.01 28.69 28.92 28.25
18.20 17.96 17.11 15.92 15.74 15.27 14.63 14.83 16.98 18.97 20.33 20.08 20.79 23.98 22.98 24.10 24.41 24.36 22.67 22.82 23.05 22.24 22.35 23.26 24.67 23.75 22.98 21.97 22.56 23.74 26.24 25.71 25.99 24.51 25.17 24.25 23.80 23.51 23.55 23.61 23.13 24.69 24.89 25.12 25.17 25.16 24.90 24.75 25.91 26.60 27.66 27.48 28.16 27.86 28.14 27.78 27.80 27.51 27.69 27.47 28.46 28.02 28.20 28.37 28.88 28.90 28.86 28.94 29.23 29.19 28.89 29.02 29.08 29.27 29.05 29.16 29.15
18.37 20.26 18.22 16.08 16.35 15.94 15.48 16.25 17.02 17.38 18.10 19.51 19.80 21.24 22.60 23.21 23.41 23.91 23.81 20.85 20.92 23.08 20.95 20.38 21.40 21.70 23.10 23.64 23.28 22.83 24.65 24.45 25.55 25.67 24.89 24.26 24.47 24.12 23.84 24.34 23.65 24.32 24.48 24.64 24.51 25.58 25.32 25.61 26.03 26.71 28.12 26.93 27.20 28.20 28.50 28.25 27.97 27.65 27.90 27.85 28.21 27.90 28.11 28.17 28.52 28.90 29.15 29.10 29.02 29.25 28.86 28.53 29.05 29.55 29.36 29.39 29.53
20.05 20.11 19.01 17.06 17.47 16.83 17.17 16.86 17.46 17.19 17.30 19.10 18.63 19.89 22.09 23.93 22.56 23.36 23.88 21.72 21.64 21.79 21.40 20.72 21.30 21.41 20.93 20.11 20.46 21.12 21.33 23.27 23.60 24.49 24.96 24.14 23.93 24.57 23.30 23.06 22.96 22.85 22.78 23.02 23.77 24.46 25.12 25.83 26.54 27.17 27.52 27.12 27.82 28.44 28.31 28.46 27.90 27.93 27.82 27.97 28.22 28.14 28.43 28.61 28.62 29.06 29.21 29.12 28.99 28.86 28.52 28.69 28.76 29.43 29.45 29.33 29.37
20.21 19.24 18.59 19.39 19.78 18.73 17.44 16.87 17.02 18.14 18.14 17.47 19.21 20.35 22.85 23.65 23.58 25.33 24.63 22.80 22.51 22.83 22.38 22.06 22.82 22.84 20.97 20.31 20.21 19.57 19.12 19.11 20.51 21.56 21.78 22.04 20.50 20.77 21.76 21.99 21.90 22.09 21.98 21.60 22.39 24.30 24.60 24.93 24.84 26.23 26.25 27.49 28.13 28.31 28.03 27.85 28.24 27.95 27.52 28.27 28.57 28.30 28.47 28.32 28.69 28.85 29.17 29.08 28.88 29.08 26.78 28.24 29.21 29.18 29.70 29.47 29.54
21.32 19.46 20.15 20.64 19.69 18.64 16.56 18.04 17.90 18.49 18.31 16.49 16.83 18.63 22.31 22.78 21.95 23.94 24.11 22.95 21.47 23.85 25.26 24.61 23.40 24.26 21.63 20.75 21.78 20.66 18.52 18.19 19.37 18.33 16.35 16.61 17.62 17.78 19.49 19.20 18.36 19.67 20.60 20.91 23.11 24.96 25.95 25.60 24.76 25.77 26.75 27.65 27.79 27.88 28.28 28.10 27.82 27.75 28.47 28.42 28.30 28.30 28.58 28.83 29.31 29.10 29.14 29.18 29.50 29.66 29.12 29.52 28.68 29.50 29.28 29.56 29.24
23.71 21.54 20.89 20.24 20.05 19.38 18.32 18.43 18.30 18.48 18.28 18.77 17.83 17.54 20.73 21.98 21.48 22.85 23.32 23.44 23.65 24.09 24.08 24.80 22.87 23.18 21.94 21.65 20.26 19.73 18.82 18.82 19.63 18.73 18.14 18.27 17.87 18.32 20.68 20.64 19.69 21.09 23.45 23.57 24.08 25.62 25.54 24.37 25.21 25.70 26.16 26.46 26.10 25.64 27.24 27.18 26.92 26.92 27.76 28.77 28.77 28.75 28.73 29.23 29.03 29.00 29.14 29.13 29.47 29.69 28.84 29.41 29.43 29.32 29.24 29.34 28.98
25.11 23.99 21.10 21.55 21.89 19.38 18.64 19.98 19.17 17.70 17.30 19.06 18.02 17.39 18.64 19.92 21.34 22.73 23.27 23.02 24.56 25.40 25.47 24.58 23.93 24.37 22.69 22.40 21.75 21.83 20.35 20.47 20.13 19.91 21.53 22.42 22.18 23.04 23.81 22.58 23.12 22.46 23.34 24.03 23.91 23.94 24.78 24.34 24.09 25.59 25.75 25.45 25.00 26.21 26.85 26.65 27.36 28.34 27.46 28.21 29.11 29.42 29.13 29.35 29.11 29.16 29.55 29.54 29.65 29.66 29.23 29.40 29.26 29.16 28.87 28.57 28.77
25.95 24.92 23.39 22.21 22.89 22.57 21.08 20.13 19.05 19.04 18.94 18.58 18.25 17.37 17.09 19.40 20.15 21.16 22.84 23.62 23.40 23.57 25.07 25.72 25.72 25.19 24.91 24.49 24.18 22.73 22.82 23.69 23.49 23.85 24.58 24.55 24.31 23.43 24.38 23.98 22.89 21.40 22.21 22.62 24.23 22.66 23.36 24.20 23.31 24.13 25.56 26.18 24.83 25.38 25.92 27.22 27.74 28.39 28.18 28.76 29.17 28.75 29.33 29.49 29.54 29.49 29.22 29.67 29.37 29.75 29.07 29.51 29.57 29.53 28.95 28.34 29.01
25.68 25.43 24.02 24.02 24.23 23.27 24.13 21.55 19.67 20.94 20.51 18.75 18.21 17.69 17.96 17.99 17.35 18.02 21.75 22.97 23.52 24.27 22.46 24.42 25.59 25.71 25.41 25.66 24.72 24.76 24.60 25.48 25.80 26.89 26.87 26.58 26.27 25.60 25.48 24.59 24.74 24.74 23.42 23.30 21.53 21.97 22.58 23.50 23.61 24.54 26.48 27.03 27.15 26.58 26.25 27.42 28.28 28.26 28.95 29.08 29.26 29.08 29.19 29.49 29.28 29.50 29.70 29.59 29.29 29.84 28.98 28.99 29.02 28.37 28.24 28.24 28.67
27.21 26.41 24.05 24.71 23.74 22.70 24.01 22.99 19.76 21.58 21.40 19.62 17.35 17.55 17.23 17.33 15.26 14.93 16.68 19.78 22.25 22.93 22.19 22.84 23.77 24.64 25.77 26.27 25.09 25.20 25.66 26.49 27.05 27.31 27.55 28.14 27.51 26.46 27.15 26.80 26.08 25.88 25.07 23.68 22.17 22.71 21.44 21.75 22.35 22.92 24.93 25.23 26.95 26.85 27.35 27.37 27.84 29.01 28.74 28.56 29.23 29.35 29.24 29.40 29.30 29.00 29.71 29.71 29.55 29.16 29.53 29.13 28.16 28.21 27.85 28.45 28.55
27.66 26.81 25.37 25.27 25.01 23.45 24.04 22.98 21.37 22.92 22.83 21.58 19.86 19.58 17.14 16.38 15.40 15.10 15.09 17.54 19.18 21.61 21.84 21.89 22.91 23.44 24.34 25.38 25.31 25.25 26.47 26.98 27.50 27.33 27.86 28.05 27.96 27.07 26.78 27.28 27.08 26.59 25.88 24.90 24.14 23.57 22.65 23.27 21.99 21.04 24.55 26.13 27.02 27.95 28.29 27.81 28.57 28.68 28.51 28.65 28.76 28.84 29.17 29.21 29.28 29.34 29.40 29.65 29.60 29.10 29.34 28.98 28.14 27.81 28.37 28.71 28.51
28.66 27.19 26.42 27.24 25.83 24.56 25.77 22.73 20.90 23.40 23.26 21.48 21.44 23.39 20.64 17.07 15.26 15.55 16.18 14.93 14.02 15.71 19.17 20.50 21.69 22.11 22.02 23.98 23.90 25.14 26.41 25.69 26.81 27.67 27.87 28.49 28.16 27.68 26.33 26.34 26.99 26.93 27.02 26.06 24.74 24.97 23.62 21.99 21.45 23.67 25.71 27.70 28.47 28.86 29.16 28.78 28.99 28.45 28.74 29.11 29.18 29.13 28.94 28.96 28.97 29.56 29.69 29.47 29.43 29.32 29.19 28.66 28.80 29.46 28.16 28.79 29.53
28.83 27.98 26.85 26.45 25.48 25.77 26.19 26.02 24.28 24.33 23.38 22.30 24.09 23.51 22.23 20.88 19.16 18.79 19.85 18.51 15.17 15.03 14.51 16.17 17.84 18.35 19.70 21.46 22.46 23.99 24.67 24.48 25.95 26.77 27.46 27.91 27.56 27.87 27.61 26.84 26.99 27.88 28.87 28.67 28.14 26.65 25.22 23.24 24.72 25.30 26.83 28.20 29.25 28.83 29.35 29.15 29.21 28.95 28.55 28.94 29.27 29.29 29.50 29.44 29.22 29.37 29.89 28.93 28.61 29.08 28.39 28.48 28.04 28.28 28.32 29.43 29.82
28.63 28.52 28.19 26.49 25.95 26.96 26.55 27.01 26.20 25.88 25.53 24.91 25.77 23.96 23.57 23.61 21.93 23.15 22.62 22.31 19.10 16.51 15.42 14.70 16.18 17.12 19.31 19.66 21.84 24.03 23.58 24.70 26.52 26.55 27.48 27.23 26.73 27.64 28.41 28.31 27.19 27.37 28.02 28.12 28.48 27.64 26.83 26.16 25.37 26.86 28.10 28.49 28.67 28.39 29.35 29.32 29.40 28.65 29.17 29.21 29.51 29.06 29.63 29.51 29.72 29.78 29.88 29.30 28.98 28.17 28.24 28.05 27.76 28.04 29.31 29.85 29.84
29.14 28.22 28.63 27.59 26.72 26.90 26.19 25.93 27.61 27.25 27.39 26.33 26.43 27.04 26.56 26.12 26.67 26.19 25.24 25.16 23.59 22.70 20.53 17.53 15.27 15.71 17.19 17.32 18.93 20.57 21.57 23.67 25.45 26.52 26.68 27.38 27.60 28.08 28.17 27.63 27.46 27.96 27.67 27.92 28.04 27.86 26.85 26.09 26.69 27.83 28.62 28.35 28.34 29.24 29.76 29.54 29.61 29.14 28.58 29.41 29.68 29.61 29.58 29.70 29.75 29.67 29.67 29.73 28.95 28.56 28.14 27.89 28.18 29.04 29.59 29.84 29.82
29.43 28.77 29.16 28.42 28.08 28.42 26.84 26.55 27.03 27.73 28.45 25.50 26.00 28.06 27.93 27.43 28.15 27.75 27.52 27.19 26.08 25.92 25.11 21.09 19.60 18.39 16.90 16.27 17.99 18.58 18.75 20.26 21.07 23.15 24.41 24.95 25.69 25.81 26.06 26.53 26.68 27.94 28.05 28.00 27.88 28.90 27.64 26.80 27.02 28.33 29.28 29.14 28.85 29.42 29.76 29.66 29.69 29.49 29.23 29.38 29.53 29.59 29.28 29.68 29.63 29.84 29.85 29.62 29.75 29.19 29.52 29.43 28.48 29.30 29.85 29.82 29.85
29.26 29.23 29.17 28.87 28.81 28.85 28.65 27.66 27.46 28.15 27.72 27.03 27.29 28.51 26.52 27.19 27.75 28.21 28.87 28.28 28.16 28.49 26.72 24.51 23.95 23.45 20.36 19.83 19.41 18.72 19.39 18.93 19.48 19.84 21.52 23.76 25.44 25.52 26.50 27.32 27.35 27.76 27.98 28.13 28.36 28.21 28.10 28.03 27.92 28.67 29.19 29.22 29.21 29.01 29.45 29.49 29.39 29.56 29.48 29.41 29.74 29.51 29.68 29.73 29.86 29.88 29.87 29.69 29.73 28.86 29.58 29.88 29.81 29.84 29.83 29.85 29.88
29.45 29.45 29.28 29.22 28.68 28.43 28.51 27.74 27.95 29.11 28.09 27.76 28.24 28.37 28.49 28.99 28.46 29.14 29.53 29.30 29.08 29.19 28.71 28.72 27.22 27.00 25.14 24.59 23.12 22.54 21.75 21.74 21.16 20.24 21.33 23.78 23.99 24.74 26.46 27.42 27.39 27.52 27.68 28.01 28.09 27.92 28.00 28.38 28.85 29.24 29.03 29.08 29.16 29.16 29.30 29.55 29.32 29.32 29.64 29.50 29.42 29.81 29.62 29.86 29.90 29.89 29.86 29.73 29.69 29.54 29.12 29.89 29.93 29.88 29.81 29.85 29.84
29.54 29.29 29.53 29.52 29.15 28.93 28.54 28.41 28.51 28.80 29.35 29.35 28.96 28.56 28.39 28.93 29.18 29.05 29.40 29.54 29.61 29.49 29.51 29.55 28.71 28.76 28.56 27.18 26.43 27.04 26.93 26.81 26.60 25.75 25.46 25.63 26.12 25.53 25.82 26.52 27.63 27.77 27.79 28.11 28.29 28.20 27.84 29.14 29.01 29.09 29.08 28.75 29.22 29.19 29.34 29.52 29.40 29.61 29.67 29.48 29.59 29.80 29.85 29.86 29.84 29.86 29.77 29.84 29.84 29.76 29.42 29.86 29.85 29.87 29.85 29.87 29.84
29.47 29.64 29.71 29.52 29.39 28.97 28.36 28.16 28.01 28.63 28.74 29.48 29.44 29.31 29.07 29.03 29.23 29.61 29.53 29.60 29.66 29.56 29.57 29.44 29.35 29.26 29.25 28.82 28.90 28.25 28.17 28.63 28.63 27.93 27.64 27.34 28.30 27.84 27.72 27.32 27.70 28.22 28.44 28.37 28.20 28.21 27.99 29.13 29.29 29.39 29.42 29.24 28.85 29.28 29.59 29.36 29.53 29.66 29.69 29.47 29.77 29.83 29.82 29.86 29.83 29.68 29.92 29.89 29.84 29.85 29.88 29.85 29.76 29.85 29.83 29.85 29.85
