main/data/irradiance/10.10.2023.grid
ncols 839
nrows 679
xllcenter 112.0500
yllcenter -43.9500
cellsize 0.0500
nodata_value 99999.90
[rows 340 to 373 of 679, columns 385 to 461 of 839]
25.48 25.57 25.65 25.58 25.53 25.49 25.43 25.40 25.40 25.41 25.47 25.48 25.47 25.48 25.44 25.53 25.52 25.46 25.41 25.43 25.45 25.50 25.45 25.61 25.68 25.51 25.48 25.54 25.51 25.52 25.53 25.63 25.54 25.58 25.59 25.61 25.57 25.66 25.72 25.66 25.65 25.68 25.68 25.77 25.83 25.76 25.72 25.77 25.76 25.81 25.61 25.67 25.79 25.71 25.63 25.61 25.57 25.73 25.67 25.60 25.56 25.50 25.47 25.52 25.53 25.57 25.57 25.54 25.54 25.45 25.40 25.36 25.49 25.49 25.55 25.54 25.52
25.59 25.54 25.55 25.53 25.47 25.45 25.42 25.43 25.41 25.50 25.54 25.50 25.48 25.50 25.46 25.53 25.49 25.40 25.27 25.09 25.51 25.49 25.49 25.48 25.46 25.57 25.55 25.52 25.45 25.51 25.52 25.52 25.52 25.56 25.63 25.67 25.72 25.57 25.55 25.63 25.68 25.65 25.73 25.70 25.69 25.73 25.67 25.77 25.74 25.63 25.56 25.49 25.52 25.65 25.73 25.72 25.64 25.60 25.63 25.68 25.49 25.50 25.40 25.48 25.53 25.53 25.58 25.46 25.50 25.46 25.44 25.43 25.47 25.52 25.54 25.58 25.59
25.60 25.50 25.43 25.40 25.41 25.39 25.35 25.44 25.50 25.49 25.52 25.55 25.44 25.39 25.48 25.47 25.49 25.42 25.40 25.41 25.34 25.37 25.59 25.55 25.48 25.36 25.45 25.36 25.43 25.54 25.58 25.57 25.52 25.55 25.55 25.52 25.71 25.63 25.50 25.52 25.60 25.64 25.75 25.73 25.64 25.67 25.74 25.85 25.83 25.63 25.72 25.52 25.59 25.67 25.74 25.75 25.81 25.69 25.62 25.59 25.54 25.62 25.59 25.46 25.62 25.60 25.59 25.56 25.46 25.41 25.38 25.49 25.54 25.54 25.55 25.74 25.84
25.58 25.38 25.31 25.29 25.35 25.36 25.41 25.50 25.42 25.39 25.43 25.47 25.40 25.38 25.46 25.51 25.51 25.46 25.42 25.42 25.44 25.35 25.42 25.43 25.45 25.41 25.36 25.40 25.52 25.55 25.59 25.60 25.59 25.56 25.57 25.57 25.53 25.58 25.48 25.46 25.55 25.60 25.64 25.75 25.78 25.78 25.80 25.84 25.81 25.85 25.78 25.68 25.73 25.74 25.74 25.70 25.67 25.69 25.68 25.62 25.57 25.56 25.57 25.73 25.77 25.73 25.81 25.71 25.76 25.63 25.48 25.49 25.48 25.53 25.55 25.76 25.84
25.61 25.52 25.42 25.43 25.44 25.48 25.57 25.58 25.49 25.42 25.41 25.38 25.39 25.43 25.47 25.52 25.51 25.48 25.47 25.50 25.48 25.44 25.41 25.41 25.41 25.42 25.44 25.40 25.46 25.48 25.53 25.57 25.64 25.59 25.57 25.57 25.57 25.57 25.57 25.57 25.54 25.53 25.58 25.67 25.72 25.73 25.79 25.84 25.84 25.80 25.62 25.63 25.58 25.78 25.67 25.66 25.69 25.64 25.63 25.69 25.58 25.59 25.67 25.71 25.63 25.77 25.75 25.77 25.79 25.76 25.62 25.65 25.63 25.58 25.47 25.67 25.66
25.64 25.55 25.51 25.39 25.37 25.41 25.46 25.50 25.49 25.45 25.42 25.38 25.39 25.46 25.50 25.50 25.54 25.51 25.49 25.51 25.56 25.54 25.52 25.48 25.45 25.39 25.32 25.38 25.41 25.49 25.46 25.50 25.55 25.61 25.54 25.49 25.51 25.53 25.55 25.71 25.60 25.57 25.57 25.62 25.68 25.65 25.79 25.88 25.84 25.81 25.59 25.67 25.79 25.68 25.57 25.61 25.70 25.71 25.76 25.78 25.70 25.74 25.74 25.77 25.74 25.80 25.77 25.77 25.81 25.86 25.88 25.92 25.76 25.79 25.81 25.75 25.68
25.53 25.54 25.45 25.39 25.40 25.42 25.40 25.42 25.43 25.46 25.41 25.42 25.44 25.45 25.51 25.52 25.53 25.53 25.52 25.54 25.55 25.57 25.56 25.53 25.51 25.44 25.31 25.31 25.34 25.38 25.43 25.47 25.43 25.49 25.54 25.52 25.52 25.55 25.57 25.58 25.62 25.58 25.60 25.55 25.56 25.72 25.81 25.85 25.90 25.81 25.80 25.75 25.68 25.56 25.61 25.61 25.70 25.87 25.90 25.91 25.83 25.85 25.87 25.90 25.80 25.94 25.87 25.88 25.95 25.97 25.91 25.85 25.83 25.83 25.88 25.76 25.80
25.48 25.47 25.48 25.43 25.44 25.42 25.43 25.47 25.46 25.42 25.40 25.38 25.44 25.47 25.47 25.48 25.45 25.47 25.49 25.53 25.50 25.52 25.54 25.56 25.54 25.47 25.44 25.45 25.39 25.31 25.34 25.43 25.41 25.38 25.53 25.51 25.57 25.61 25.57 25.55 25.53 25.58 25.62 25.56 25.50 25.52 25.55 25.72 25.81 25.90 25.87 25.71 25.77 25.68 25.66 25.60 25.69 25.77 25.73 25.82 25.96 25.91 25.91 25.86 25.84 25.86 25.84 25.96 25.89 25.96 25.94 25.87 25.87 25.88 25.91 25.85 25.86
25.42 25.41 25.38 25.39 25.42 25.43 25.43 25.45 25.46 25.51 25.51 25.42 25.45 25.46 25.50 25.46 25.44 25.41 25.41 25.43 25.47 25.48 25.50 25.54 25.52 25.54 25.54 25.55 25.50 25.53 25.45 25.45 25.49 25.47 25.55 25.50 25.55 25.60 25.68 25.66 25.64 25.65 25.72 25.73 25.62 25.54 25.60 25.68 25.71 25.70 25.73 25.72 25.75 25.71 25.70 25.67 25.68 25.79 25.77 25.69 25.74 25.81 25.80 25.71 25.85 25.98 25.94 25.97 25.95 25.90 25.83 25.90 25.91 25.86 25.90 25.92 25.87
25.46 25.42 25.39 25.39 25.40 25.41 25.42 25.45 25.52 25.48 25.49 25.48 25.42 25.42 25.44 25.41 25.36 25.30 25.31 25.34 25.41 25.44 25.48 25.51 25.50 25.52 25.56 25.59 25.57 25.63 25.56 25.43 25.56 25.46 25.59 25.61 25.54 25.55 25.60 25.63 25.68 25.65 25.68 25.65 25.63 25.56 25.58 25.62 25.61 25.69 25.80 25.75 25.77 25.72 25.72 25.61 25.59 25.69 25.75 25.74 25.86 25.91 25.90 25.91 25.91 25.94 25.96 25.96 25.95 25.90 25.89 25.89 26.00 26.03 26.03 26.01 25.83
25.54 25.51 25.52 25.45 25.48 25.45 25.41 25.41 25.45 25.49 25.46 25.44 25.46 25.50 25.51 25.42 25.40 25.36 25.32 25.35 25.38 25.38 25.42 25.52 25.49 25.50 25.56 25.57 25.53 25.58 25.63 25.47 25.57 25.64 25.59 25.59 25.59 25.62 25.59 25.59 25.62 25.70 25.68 25.64 25.60 25.56 25.58 25.60 25.61 25.70 25.73 25.70 25.77 25.85 25.80 25.63 25.55 25.64 25.71 25.71 25.71 25.85 25.93 25.97 25.97 25.92 25.90 25.89 25.90 25.94 25.92 25.93 25.99 26.04 25.98 25.99 25.99
25.55 25.58 25.57 25.53 25.49 25.45 25.47 25.44 25.42 25.44 25.44 25.44 25.43 25.48 25.50 25.49 25.48 25.46 25.48 25.44 25.42 25.31 25.49 25.50 25.49 25.54 25.53 25.52 25.51 25.56 25.66 25.60 25.62 25.69 25.64 25.60 25.60 25.63 25.61 25.58 25.59 25.63 25.67 25.69 25.57 25.54 25.54 25.51 25.57 25.62 25.71 25.74 25.75 25.77 25.74 25.65 25.61 25.63 25.69 25.79 25.73 25.72 25.94 25.97 25.93 25.94 25.91 25.93 25.95 25.92 25.92 25.87 25.83 25.85 26.00 26.04 25.97
25.56 25.54 25.55 25.52 25.53 25.51 25.49 25.48 25.45 25.47 25.50 25.51 25.53 25.56 25.56 25.58 25.57 25.56 25.57 25.57 25.42 25.45 25.43 25.41 25.49 25.50 25.49 25.47 25.55 25.59 25.61 25.62 25.60 25.49 25.51 25.55 25.57 25.59 25.56 25.57 25.59 25.60 25.60 25.57 25.60 25.55 25.53 25.51 25.56 25.64 25.72 25.76 25.64 25.81 25.83 25.81 25.65 25.67 25.71 25.77 25.79 25.82 25.86 25.79 25.89 25.93 25.96 25.90 25.98 25.99 25.95 25.88 25.90 25.89 25.89 25.91 25.93
25.57 25.55 25.53 25.51 25.52 25.54 25.52 25.44 25.42 25.46 25.50 25.51 25.55 25.52 25.53 25.51 25.52 25.53 25.55 25.47 25.42 25.48 25.55 25.46 25.42 25.44 25.46 25.50 25.55 25.52 25.52 25.35 25.37 25.47 25.54 25.54 25.58 25.54 25.56 25.51 25.57 25.57 25.56 25.58 25.59 25.60 25.59 25.56 25.55 25.62 25.63 25.66 25.66 25.66 25.66 25.76 25.78 25.73 25.74 25.78 25.78 25.84 25.83 25.87 25.90 25.85 25.87 25.93 25.92 25.88 25.83 25.87 25.97 25.97 25.94 25.93 25.92
25.58 25.57 25.53 25.54 25.55 25.54 25.50 25.45 25.46 25.42 25.43 25.47 25.45 25.42 25.45 25.43 25.42 25.42 25.41 25.45 25.48 25.52 25.51 25.54 25.52 25.47 25.45 25.53 25.56 25.56 25.57 25.55 25.49 25.48 25.60 25.55 25.54 25.54 25.51 25.50 25.50 25.47 25.49 25.56 25.61 25.60 25.61 25.52 25.53 25.56 25.61 25.61 25.68 25.63 25.61 25.77 25.82 25.82 25.88 25.86 25.78 25.87 25.88 25.86 25.80 25.78 25.79 25.90 25.90 25.91 25.93 25.66 25.95 25.95 25.84 25.79 25.90
25.54 25.52 25.54 25.51 25.49 25.49 25.50 25.49 25.49 25.47 25.43 25.46 25.44 25.47 25.48 25.53 25.49 25.45 25.45 25.45 25.41 25.42 25.49 25.53 25.52 25.54 25.55 25.49 25.51 25.51 25.60 25.59 25.62 25.64 25.65 25.62 25.59 25.58 25.56 25.56 25.56 25.54 25.49 25.51 25.58 25.55 25.61 25.59 25.54 25.55 25.62 25.65 25.66 25.72 25.65 25.75 25.70 25.83 25.87 25.89 25.90 25.90 25.87 25.76 25.81 25.74 25.70 25.83 25.80 25.83 25.87 25.64 25.84 25.83 25.72 25.70 25.77
25.51 25.51 25.54 25.54 25.54 25.52 25.51 25.48 25.50 25.51 25.45 25.47 25.44 25.43 25.45 25.49 25.51 25.51 25.53 25.51 25.49 25.47 25.45 25.46 25.47 25.51 25.52 25.51 25.55 25.49 25.56 25.61 25.62 25.62 25.64 25.61 25.59 25.56 25.55 25.57 25.57 25.57 25.56 25.55 25.59 25.59 25.61 25.62 25.56 25.58 25.57 25.58 25.58 25.59 25.62 25.65 25.74 25.75 25.81 25.84 25.97 25.95 25.91 25.89 25.86 25.85 25.78 25.78 25.74 25.88 25.89 25.89 25.95 25.82 25.80 25.79 25.75
25.52 25.48 25.53 25.50 25.51 25.57 25.55 25.52 25.51 25.49 25.49 25.51 25.48 25.45 25.46 25.46 25.46 25.47 25.48 25.51 25.46 25.48 25.51 25.47 25.45 25.50 25.55 25.54 25.56 25.52 25.59 25.60 25.55 25.56 25.63 25.59 25.59 25.59 25.55 25.55 25.55 25.61 25.64 25.65 25.61 25.60 25.62 25.60 25.58 25.58 25.58 25.58 25.56 25.57 25.65 25.70 25.67 25.76 25.76 25.81 25.85 25.92 25.89 25.88 25.81 25.83 25.79 25.74 25.75 25.77 25.88 25.85 25.86 25.88 25.86 25.80 25.84
25.48 25.46 25.49 25.52 25.49 25.50 25.52 25.53 25.54 25.54 25.51 25.49 25.50 25.51 25.52 25.51 25.49 25.47 25.50 25.50 25.55 25.49 25.49 25.59 25.54 25.56 25.53 25.54 25.52 25.48 25.50 25.48 25.48 25.49 25.53 25.55 25.56 25.60 25.57 25.60 25.58 25.61 25.64 25.63 25.66 25.66 25.65 25.63 25.61 25.56 25.58 25.57 25.55 25.56 25.65 25.62 25.68 25.73 25.79 25.82 25.86 25.88 25.84 25.83 25.79 25.85 25.85 25.78 25.76 25.76 25.81 25.65 25.80 25.81 25.83 25.85 25.84
25.51 25.45 25.45 25.47 25.47 25.49 25.50 25.49 25.51 25.53 25.50 25.54 25.55 25.50 25.51 25.51 25.52 25.49 25.45 25.46 25.44 25.48 25.52 25.52 25.52 25.53 25.53 25.52 25.49 25.46 25.49 25.43 25.38 25.41 25.43 25.49 25.51 25.53 25.55 25.59 25.56 25.58 25.62 25.62 25.64 25.62 25.60 25.63 25.62 25.58 25.55 25.58 25.57 25.56 25.59 25.64 25.60 25.73 25.76 25.88 25.88 25.92 25.84 25.76 25.75 25.76 25.81 25.72 25.68 25.70 25.78 25.74 25.60 25.64 25.74 25.82 25.76
25.53 25.50 25.46 25.47 25.51 25.51 25.50 25.46 25.50 25.51 25.49 25.51 25.52 25.52 25.53 25.54 25.53 25.52 25.47 25.47 25.47 25.50 25.54 25.49 25.50 25.48 25.44 25.46 25.49 25.47 25.47 25.48 25.42 25.42 25.46 25.44 25.44 25.48 25.55 25.58 25.58 25.57 25.61 25.60 25.60 25.58 25.60 25.61 25.64 25.61 25.58 25.59 25.58 25.57 25.61 25.65 25.57 25.57 25.75 25.84 25.88 25.91 25.84 25.76 25.81 25.65 25.76 25.76 25.69 25.57 25.70 25.75 25.74 25.63 25.53 25.64 25.72
25.53 25.51 25.50 25.52 25.54 25.51 25.50 25.50 25.51 25.50 25.47 25.50 25.50 25.50 25.52 25.53 25.55 25.52 25.50 25.52 25.55 25.54 25.61 25.51 25.46 25.48 25.46 25.49 25.47 25.45 25.49 25.55 25.54 25.50 25.41 25.38 25.42 25.46 25.52 25.56 25.59 25.53 25.55 25.61 25.62 25.62 25.64 25.60 25.62 25.58 25.59 25.58 25.56 25.55 25.62 25.65 25.61 25.51 25.49 25.82 25.79 25.85 25.80 25.65 25.57 25.61 25.68 25.68 25.70 25.69 25.69 25.71 25.76 25.79 25.76 25.61 25.57
25.48 25.48 25.52 25.48 25.52 25.54 25.51 25.50 25.50 25.46 25.46 25.49 25.48 25.46 25.46 25.49 25.48 25.50 25.50 25.52 25.52 25.51 25.52 25.51 25.47 25.44 25.45 25.46 25.44 25.43 25.49 25.47 25.47 25.47 25.44 25.41 25.42 25.46 25.48 25.51 25.52 25.50 25.53 25.55 25.59 25.60 25.62 25.63 25.62 25.59 25.60 25.60 25.62 25.61 25.55 25.58 25.63 25.69 25.55 25.77 25.80 25.86 25.88 25.82 25.69 25.72 25.68 25.71 25.65 25.70 25.66 25.68 25.71 25.73 25.76 25.80 25.75
25.48 25.45 25.48 25.47 25.50 25.50 25.50 25.51 25.48 25.52 25.49 25.47 25.46 25.45 25.46 25.45 25.46 25.50 25.47 25.52 25.51 25.53 25.53 25.51 25.51 25.50 25.47 25.45 25.46 25.46 25.52 25.51 25.49 25.52 25.56 25.45 25.38 25.39 25.44 25.49 25.47 25.48 25.52 25.56 25.57 25.59 25.61 25.63 25.61 25.63 25.64 25.62 25.59 25.63 25.64 25.58 25.55 25.61 25.61 25.74 25.76 25.86 25.93 25.78 25.80 25.73 25.76 25.71 25.54 25.69 25.58 25.59 25.65 25.68 25.66 25.70 25.70
25.44 25.46 25.44 25.47 25.45 25.47 25.47 25.51 25.47 25.51 25.52 25.47 25.43 25.39 25.42 25.44 25.48 25.45 25.45 25.47 25.49 25.49 25.51 25.52 25.51 25.48 25.47 25.47 25.46 25.47 25.50 25.50 25.49 25.48 25.49 25.43 25.39 25.39 25.47 25.51 25.48 25.48 25.47 25.51 25.59 25.60 25.57 25.54 25.55 25.55 25.56 25.57 25.59 25.61 25.61 25.62 25.55 25.59 25.70 25.79 25.86 25.88 25.94 25.79 25.73 25.63 25.69 25.73 25.55 25.63 25.64 25.58 25.60 25.64 25.65 25.63 25.64
25.47 25.46 25.46 25.46 25.44 25.47 25.45 25.47 25.48 25.48 25.48 25.46 25.48 25.43 25.42 25.44 25.45 25.47 25.48 25.48 25.48 25.50 25.49 25.48 25.48 25.50 25.46 25.44 25.47 25.47 25.47 25.54 25.52 25.48 25.43 25.40 25.44 25.43 25.46 25.50 25.52 25.48 25.46 25.50 25.51 25.57 25.55 25.55 25.56 25.52 25.52 25.53 25.53 25.53 25.55 25.50 25.56 25.57 25.62 25.67 25.75 25.76 25.84 26.00 25.77 25.69 25.66 25.61 25.59 25.51 25.60 25.59 25.55 25.61 25.68 25.67 25.64
25.48 25.47 25.45 25.43 25.45 25.45 25.45 25.45 25.49 25.51 25.46 25.46 25.45 25.45 25.43 25.45 25.44 25.46 25.47 25.49 25.51 25.49 25.48 25.47 25.48 25.50 25.50 25.50 25.51 25.49 25.53 25.51 25.51 25.49 25.45 25.41 25.40 25.44 25.41 25.41 25.45 25.48 25.49 25.50 25.47 25.48 25.52 25.57 25.57 25.56 25.58 25.57 25.56 25.50 25.48 25.50 25.54 25.61 25.62 25.70 25.73 25.74 25.81 25.94 25.80 25.74 25.68 25.73 25.53 25.40 25.56 25.49 25.49 25.36 25.50 25.52 25.53
25.43 25.45 25.44 25.45 25.45 25.44 25.47 25.46 25.49 25.47 25.48 25.47 25.49 25.49 25.44 25.44 25.45 25.45 25.48 25.51 25.55 25.55 25.53 25.49 25.51 25.50 25.51 25.50 25.50 25.52 25.54 25.49 25.50 25.48 25.46 25.44 25.35 25.38 25.40 25.42 25.46 25.50 25.52 25.53 25.52 25.47 25.50 25.53 25.54 25.56 25.59 25.61 25.60 25.57 25.53 25.48 25.54 25.59 25.68 25.71 25.76 25.75 25.79 25.90 25.78 25.60 25.68 25.68 25.54 25.43 25.46 25.52 25.43 25.49 25.55 25.56 25.52
25.42 25.41 25.44 25.45 25.42 25.43 25.44 25.46 25.48 25.49 25.45 25.44 25.46 25.47 25.47 25.48 25.46 25.48 25.48 25.52 25.47 25.49 25.51 25.51 25.51 25.49 25.48 25.46 25.47 25.49 25.48 25.49 25.49 25.51 25.49 25.49 25.47 25.45 25.44 25.44 25.45 25.49 25.51 25.51 25.53 25.47 25.44 25.50 25.52 25.55 25.55 25.57 25.58 25.57 25.55 25.56 25.61 25.54 25.69 25.71 25.69 25.74 25.80 25.76 25.66 25.75 25.70 25.52 25.56 25.43 25.39 25.40 25.50 25.50 25.54 25.47 25.47
25.43 25.44 25.41 25.39 25.44 25.46 25.47 25.43 25.44 25.43 25.44 25.43 25.45 25.46 25.48 25.48 25.51 25.54 25.39 25.43 25.46 25.47 25.47 25.45 25.47 25.46 25.48 25.44 25.47 25.46 25.47 25.49 25.45 25.46 25.48 25.51 25.50 25.48 25.46 25.44 25.42 25.46 25.48 25.48 25.46 25.43 25.44 25.46 25.48 25.52 25.54 25.53 25.51 25.52 25.56 25.56 25.65 25.56 25.66 25.66 25.73 25.75 25.80 25.86 25.88 25.87 25.69 25.40 25.46 25.46 25.43 25.38 25.40 25.42 25.52 25.55 25.55
25.46 25.46 25.45 25.45 25.43 25.46 25.49 25.49 25.44 25.45 25.46 25.45 25.48 25.46 25.46 25.49 25.44 25.48 25.45 25.43 25.43 25.45 25.43 25.43 25.43 25.41 25.43 25.45 25.49 25.49 25.50 25.54 25.53 25.51 25.46 25.47 25.50 25.48 25.44 25.43 25.42 25.44 25.40 25.43 25.42 25.42 25.45 25.47 25.46 25.49 25.53 25.55 25.55 25.53 25.51 25.54 25.58 25.61 25.56 25.60 25.70 25.76 25.74 25.79 25.87 25.71 25.56 25.48 25.49 25.42 25.33 25.44 25.47 25.42 25.49 25.48 25.55
25.46 25.46 25.43 25.45 25.36 25.40 25.42 25.46 25.46 25.44 25.43 25.43 25.43 25.44 25.47 25.45 25.46 25.47 25.43 25.42 25.42 25.41 25.37 25.39 25.38 25.38 25.40 25.42 25.46 25.45 25.44 25.51 25.51 25.50 25.50 25.50 25.46 25.48 25.48 25.41 25.41 25.44 25.45 25.42 25.42 25.47 25.45 25.45 25.48 25.49 25.50 25.48 25.54 25.56 25.55 25.57 25.59 25.59 25.60 25.60 25.58 25.68 25.72 25.74 25.71 25.45 25.46 25.40 25.26 25.35 25.42 25.36 25.27 25.36 25.47 25.53 25.53
25.44 25.43 25.41 25.45 25.39 25.41 25.42 25.46 25.46 25.46 25.47 25.44 25.46 25.48 25.45 25.48 25.47 25.47 25.46 25.42 25.39 25.39 25.37 25.37 25.39 25.42 25.39 25.38 25.43 25.44 25.43 25.46 25.47 25.47 25.50 25.51 25.51 25.50 25.49 25.43 25.38 25.41 25.42 25.42 25.42 25.46 25.43 25.44 25.45 25.51 25.50 25.54 25.53 25.56 25.56 25.55 25.52 25.59 25.64 25.57 25.60 25.63 25.68 25.71 25.70 25.42 25.35 25.24 25.15 25.26 25.27 25.44 25.65 25.60 25.62 25.51 25.46
25.47 25.46 25.44 25.43 25.42 25.43 25.49 25.55 25.50 25.46 25.45 25.47 25.48 25.51 25.45 25.44 25.44 25.43 25.44 25.43 25.44 25.40 25.33 25.35 25.37 25.38 25.40 25.42 25.39 25.41 25.42 25.47 25.45 25.45 25.47 25.46 25.48 25.53 25.53 25.50 25.48 25.44 25.41 25.43 25.45 25.45 25.42 25.44 25.49 25.50 25.53 25.51 25.54 25.53 25.56 25.53 25.50 25.55 25.58 25.51 25.55 25.58 25.59 25.59 25.66 25.37 25.22 25.22 25.11 25.20 25.39 25.54 25.66 25.66 25.69 25.59 25.57
