main/data/irradiance/10.10.2023.grid
ncols 839
nrows 679
xllcenter 112.0500
yllcenter -43.9500
cellsize 0.0500
nodata_value 99999.90
[rows 204 to 237 of 679, columns 154 to 230 of 839]
27.02 27.03 27.02 27.03 27.06 27.07 27.05 27.04 27.02 27.04 26.99 26.99 27.01 26.97 27.02 27.02 27.01 27.00 27.01 26.97 26.98 26.98 27.00 26.98 26.99 26.98 26.94 26.89 26.94 26.96 26.95 26.92 26.93 26.91 26.87 26.86 26.85 26.86 26.92 26.92 26.93 26.86 26.87 26.85 26.86 26.86 26.85 26.75 26.75 26.80 26.83 26.77 26.80 26.80 26.85 26.85 26.84 26.79 26.78 26.83 26.86 26.82 26.83 26.82 26.79 26.80 26.83 26.76 26.77 26.85 26.78 26.80 26.76 26.74 26.75 26.83 26.71
27.04 27.05 27.03 27.04 27.01 27.03 27.02 27.01 27.01 27.05 26.95 26.97 26.95 26.95 26.97 27.00 26.99 26.95 26.99 26.95 26.87 26.90 26.99 26.94 26.96 26.98 26.97 26.96 26.97 26.97 26.96 26.94 26.89 26.92 26.91 26.88 26.87 26.79 26.87 26.90 26.95 26.90 26.86 26.86 26.84 26.86 26.84 26.84 26.80 26.75 26.77 26.79 26.77 26.78 26.84 26.84 26.81 26.82 26.75 26.79 26.85 26.83 26.82 26.78 26.77 26.83 26.84 26.77 26.80 26.81 26.79 26.78 26.73 26.70 26.74 26.76 26.76
27.04 27.05 27.02 26.99 26.98 27.01 26.98 26.94 26.97 27.01 27.02 26.97 26.98 26.94 26.97 26.99 26.96 26.88 26.94 26.91 26.89 26.88 26.93 26.94 26.92 26.95 26.96 26.94 26.94 26.96 26.95 26.91 26.89 26.89 26.88 26.92 26.87 26.83 26.85 26.79 26.90 26.91 26.82 26.85 26.83 26.86 26.81 26.81 26.81 26.84 26.79 26.84 26.79 26.79 26.79 26.79 26.83 26.78 26.75 26.78 26.75 26.78 26.81 26.80 26.76 26.69 26.79 26.80 26.81 26.78 26.83 26.84 26.78 26.73 26.77 26.78 26.81
27.05 27.05 27.07 27.01 27.00 26.95 26.99 26.96 26.96 26.99 26.98 26.95 26.93 26.93 26.97 26.97 26.96 26.97 26.93 26.88 26.91 26.91 26.94 26.96 26.93 26.95 26.94 26.94 26.93 26.95 26.94 26.86 26.88 26.88 26.89 26.92 26.90 26.90 26.84 26.89 26.86 26.92 26.79 26.87 26.85 26.82 26.84 26.86 26.79 26.84 26.84 26.85 26.87 26.80 26.70 26.78 26.76 26.68 26.70 26.75 26.72 26.77 26.83 26.77 26.73 26.77 26.66 26.82 26.74 26.76 26.78 26.85 26.79 26.73 26.68 26.77 26.77
27.00 27.03 27.02 27.06 26.95 26.95 26.98 26.98 26.95 26.95 26.94 26.93 26.91 26.92 26.94 26.94 26.90 26.89 26.92 26.89 26.86 26.87 26.93 26.95 26.93 26.88 26.91 26.93 26.92 26.95 26.93 26.87 26.90 26.91 26.87 26.91 26.90 26.88 26.87 26.84 26.89 26.90 26.79 26.81 26.77 26.83 26.89 26.88 26.84 26.84 26.82 26.85 26.85 26.87 26.78 26.75 26.76 26.72 26.70 26.73 26.76 26.75 26.78 26.75 26.71 26.73 26.70 26.79 26.73 26.78 26.74 26.79 26.80 26.71 26.70 26.73 26.77
26.95 26.99 26.99 27.01 26.94 27.00 26.91 26.93 26.96 26.94 26.96 26.97 26.93 26.93 26.96 26.97 26.95 26.89 26.90 26.87 26.86 26.81 26.90 26.94 26.92 26.90 26.87 26.91 26.94 26.93 26.93 26.93 26.92 26.88 26.88 26.92 26.91 26.91 26.91 26.90 26.82 26.87 26.88 26.78 26.84 26.83 26.89 26.87 26.86 26.81 26.85 26.85 26.88 26.90 26.87 26.76 26.81 26.73 26.78 26.75 26.78 26.76 26.75 26.73 26.76 26.68 26.71 26.71 26.73 26.73 26.72 26.71 26.81 26.71 26.71 26.70 26.75
26.98 27.00 26.97 26.93 26.97 26.94 26.95 26.94 26.91 26.94 26.95 26.95 26.98 26.89 26.92 26.95 26.87 26.94 26.94 26.85 26.82 26.81 26.85 26.90 26.90 26.87 26.90 26.91 26.93 26.92 26.86 26.93 26.92 26.87 26.89 26.91 26.94 26.94 26.91 26.91 26.85 26.75 26.83 26.87 26.83 26.85 26.79 26.84 26.74 26.79 26.80 26.82 26.85 26.84 26.83 26.83 26.79 26.71 26.77 26.82 26.81 26.81 26.77 26.83 26.77 26.72 26.72 26.74 26.72 26.80 26.70 26.72 26.68 26.73 26.75 26.72 26.74
26.96 26.96 26.95 26.95 26.94 26.96 26.93 26.89 26.90 26.89 26.94 26.89 26.94 26.89 26.90 26.90 26.93 26.89 26.89 26.91 26.91 26.93 26.93 26.91 26.91 26.87 26.91 26.94 26.89 26.85 26.88 26.89 26.88 26.89 26.88 26.89 26.89 26.89 26.88 26.90 26.88 26.92 26.89 26.91 26.91 26.86 26.79 26.89 26.82 26.78 26.77 26.76 26.80 26.78 26.79 26.77 26.71 26.75 26.78 26.78 26.76 26.75 26.76 26.82 26.83 26.78 26.76 26.77 26.76 26.75 26.76 26.70 26.70 26.76 26.74 26.79 26.76
26.98 26.98 26.96 26.94 26.97 26.95 26.93 26.86 26.90 26.88 26.92 26.92 26.83 26.89 26.88 26.92 26.88 26.89 26.88 26.93 26.93 26.94 26.95 26.92 26.92 26.92 26.88 26.89 26.92 26.86 26.88 26.87 26.83 26.84 26.87 26.90 26.86 26.87 26.90 26.89 26.89 26.91 26.91 26.79 26.86 26.91 26.90 26.90 26.88 26.81 26.86 26.82 26.77 26.71 26.73 26.73 26.72 26.75 26.70 26.72 26.74 26.74 26.76 26.85 26.80 26.74 26.78 26.78 26.75 26.76 26.72 26.71 26.72 26.73 26.75 26.74 26.79
26.95 26.96 26.93 26.92 26.92 26.88 26.93 26.90 26.88 26.87 26.89 26.86 26.87 26.85 26.84 26.88 26.86 26.87 26.90 26.85 26.91 26.92 26.90 26.96 26.91 26.89 26.91 26.88 26.91 26.87 26.89 26.86 26.86 26.84 26.86 26.86 26.83 26.83 26.85 26.87 26.87 26.85 26.88 26.90 26.84 26.87 26.86 26.87 26.88 26.83 26.80 26.81 26.81 26.75 26.77 26.81 26.77 26.68 26.70 26.69 26.67 26.65 26.72 26.75 26.70 26.77 26.76 26.78 26.78 26.81 26.68 26.71 26.71 26.74 26.71 26.75 26.79
26.94 26.94 26.96 26.93 26.93 26.92 26.95 26.89 26.92 26.94 26.90 26.90 26.85 26.80 26.80 26.80 26.83 26.84 26.81 26.83 26.83 26.84 26.89 26.91 26.79 26.85 26.89 26.87 26.89 26.85 26.88 26.86 26.87 26.85 26.85 26.88 26.85 26.84 26.74 26.83 26.90 26.82 26.79 26.87 26.82 26.82 26.75 26.88 26.84 26.85 26.74 26.90 26.84 26.78 26.78 26.79 26.78 26.68 26.71 26.72 26.67 26.75 26.75 26.77 26.77 26.79 26.79 26.74 26.77 26.79 26.78 26.73 26.76 26.76 26.77 26.77 26.74
26.95 26.94 26.93 26.92 26.94 26.96 26.92 26.89 26.88 26.87 26.91 26.88 26.87 26.84 26.79 26.80 26.79 26.83 26.84 26.80 26.81 26.80 26.87 26.85 26.84 26.86 26.86 26.86 26.86 26.81 26.85 26.86 26.86 26.83 26.83 26.86 26.86 26.84 26.80 26.82 26.83 26.81 26.81 26.81 26.83 26.82 26.82 26.82 26.79 26.85 26.83 26.80 26.81 26.82 26.77 26.82 26.83 26.75 26.72 26.72 26.76 26.75 26.74 26.72 26.77 26.82 26.74 26.84 26.82 26.83 26.79 26.75 26.75 26.74 26.76 26.78 26.75
26.92 26.92 26.90 26.90 26.92 26.95 26.86 26.85 26.83 26.86 26.85 26.87 26.86 26.81 26.79 26.83 26.74 26.79 26.83 26.83 26.81 26.74 26.84 26.80 26.86 26.88 26.89 26.86 26.88 26.86 26.83 26.84 26.80 26.83 26.85 26.84 26.85 26.78 26.79 26.77 26.79 26.79 26.83 26.79 26.84 26.80 26.81 26.87 26.85 26.83 26.83 26.84 26.84 26.82 26.81 26.84 26.87 26.83 26.76 26.78 26.77 26.83 26.80 26.78 26.84 26.83 26.81 26.82 26.82 26.82 26.79 26.75 26.74 26.78 26.76 26.77 26.78
26.92 26.91 26.89 26.89 26.86 26.87 26.89 26.85 26.85 26.87 26.85 26.82 26.83 26.86 26.81 26.79 26.81 26.77 26.86 26.81 26.77 26.83 26.80 26.86 26.85 26.90 26.89 26.88 26.85 26.82 26.80 26.77 26.77 26.81 26.84 26.89 26.86 26.81 26.79 26.77 26.78 26.79 26.80 26.76 26.82 26.81 26.81 26.78 26.80 26.81 26.83 26.77 26.77 26.83 26.78 26.84 26.86 26.83 26.79 26.77 26.80 26.85 26.77 26.80 26.75 26.79 26.77 26.79 26.73 26.75 26.70 26.69 26.71 26.74 26.72 26.75 26.77
26.87 26.84 26.87 26.84 26.85 26.86 26.86 26.80 26.77 26.79 26.86 26.80 26.81 26.83 26.83 26.81 26.82 26.82 26.82 26.81 26.75 26.85 26.73 26.82 26.84 26.85 26.91 26.84 26.82 26.82 26.82 26.81 26.84 26.81 26.85 26.83 26.86 26.84 26.79 26.80 26.80 26.79 26.78 26.75 26.76 26.77 26.82 26.79 26.79 26.79 26.81 26.79 26.78 26.82 26.80 26.78 26.80 26.86 26.80 26.83 26.78 26.85 26.85 26.84 26.78 26.76 26.75 26.82 26.80 26.79 26.75 26.75 26.70 26.73 26.72 26.77 26.76
26.87 26.87 26.89 26.83 26.84 26.85 26.85 26.84 26.82 26.73 26.74 26.92 26.81 26.80 26.81 26.80 26.80 26.79 26.79 26.78 26.77 26.78 26.77 26.77 26.78 26.83 26.87 26.87 26.79 26.79 26.80 26.79 26.81 26.84 26.80 26.79 26.79 26.77 26.78 26.77 26.83 26.77 26.73 26.68 26.69 26.78 26.82 26.78 26.80 26.77 26.78 26.82 26.77 26.80 26.79 26.78 26.78 26.78 26.83 26.86 26.79 26.81 26.84 26.83 26.79 26.75 26.80 26.81 26.79 26.78 26.74 26.78 26.78 26.80 26.79 26.77 26.74
26.84 26.89 26.88 26.78 26.80 26.85 26.79 26.81 26.80 26.73 26.69 26.86 26.84 26.77 26.76 26.77 26.73 26.66 26.78 26.77 26.72 26.74 26.80 26.69 26.76 26.80 26.84 26.83 26.78 26.75 26.78 26.82 26.80 26.81 26.81 26.82 26.77 26.77 26.77 26.73 26.79 26.73 26.72 26.74 26.71 26.69 26.76 26.79 26.76 26.74 26.78 26.73 26.76 26.79 26.81 26.80 26.78 26.83 26.81 26.77 26.78 26.85 26.83 26.82 26.83 26.81 26.80 26.81 26.83 26.83 26.82 26.76 26.79 26.83 26.83 26.82 26.82
26.89 26.90 26.88 26.85 26.89 26.82 26.81 26.78 26.77 26.74 26.70 26.71 26.70 26.79 26.78 26.79 26.77 26.68 26.78 26.74 26.76 26.75 26.72 26.76 26.68 26.76 26.80 26.84 26.77 26.76 26.77 26.79 26.78 26.78 26.81 26.83 26.79 26.76 26.75 26.78 26.79 26.75 26.75 26.73 26.72 26.72 26.71 26.77 26.77 26.77 26.76 26.70 26.73 26.77 26.80 26.82 26.78 26.82 26.76 26.84 26.80 26.81 26.83 26.81 26.79 26.82 26.79 26.83 26.84 26.82 26.82 26.81 26.80 26.76 26.76 26.81 26.81
26.90 26.87 26.88 26.88 26.82 26.86 26.83 26.80 26.79 26.71 26.73 26.74 26.61 26.75 26.79 26.74 26.69 26.74 26.73 26.68 26.73 26.69 26.68 26.73 26.65 26.71 26.75 26.80 26.77 26.77 26.76 26.79 26.77 26.77 26.81 26.82 26.81 26.74 26.75 26.73 26.75 26.67 26.75 26.70 26.68 26.73 26.71 26.76 26.78 26.76 26.76 26.71 26.67 26.77 26.80 26.77 26.73 26.79 26.79 26.78 26.81 26.80 26.83 26.77 26.80 26.82 26.78 26.80 26.82 26.82 26.81 26.81 26.82 26.81 26.80 26.79 26.82
26.89 26.87 26.88 26.87 26.85 26.83 26.83 26.81 26.78 26.76 26.71 26.73 26.70 26.77 26.78 26.77 26.77 26.76 26.73 26.71 26.77 26.73 26.71 26.70 26.73 26.65 26.68 26.73 26.78 26.68 26.70 26.74 26.74 26.67 26.75 26.79 26.75 26.74 26.77 26.78 26.65 26.69 26.63 26.70 26.68 26.77 26.72 26.75 26.76 26.78 26.75 26.67 26.68 26.77 26.76 26.75 26.76 26.75 26.77 26.76 26.77 26.83 26.82 26.81 26.83 26.83 26.81 26.77 26.81 26.82 26.81 26.81 26.81 26.81 26.81 26.80 26.78
26.87 26.89 26.88 26.84 26.89 26.83 26.75 26.73 26.76 26.74 26.72 26.65 26.82 26.81 26.77 26.77 26.80 26.79 26.75 26.72 26.78 26.78 26.76 26.71 26.74 26.78 26.68 26.69 26.77 26.69 26.69 26.72 26.75 26.73 26.75 26.78 26.72 26.76 26.74 26.71 26.79 26.76 26.67 26.69 26.56 26.65 26.75 26.74 26.71 26.77 26.75 26.72 26.71 26.70 26.71 26.78 26.75 26.76 26.76 26.83 26.80 26.82 26.81 26.83 26.82 26.81 26.81 26.83 26.81 26.80 26.81 26.80 26.80 26.79 26.80 26.78 26.77
26.87 26.85 26.89 26.89 26.83 26.81 26.80 26.83 26.77 26.73 26.70 26.74 26.83 26.79 26.73 26.78 26.81 26.80 26.77 26.73 26.77 26.71 26.81 26.78 26.71 26.80 26.70 26.65 26.74 26.74 26.73 26.65 26.70 26.73 26.71 26.73 26.77 26.73 26.74 26.72 26.74 26.70 26.32 25.71 26.24 26.53 26.74 26.75 26.78 26.75 26.66 26.70 26.67 26.64 26.72 26.68 26.74 26.72 26.80 26.81 26.78 26.79 26.81 26.80 26.82 26.80 26.82 26.82 26.77 26.80 26.83 26.82 26.79 26.77 26.76 26.79 26.78
26.87 26.88 26.85 26.85 26.84 26.81 26.82 26.81 26.83 26.80 26.71 26.80 26.79 26.80 26.78 26.77 26.80 26.81 26.82 26.82 26.80 26.77 26.80 26.78 26.76 26.77 26.70 26.69 26.70 26.77 26.79 26.67 26.69 26.69 26.75 26.71 26.73 26.73 26.78 26.65 26.44 26.65 26.72 26.58 26.63 26.63 26.77 26.75 26.74 26.76 26.74 26.67 26.70 26.72 26.74 26.76 26.76 26.80 26.75 26.77 26.80 26.76 26.79 26.80 26.82 26.83 26.82 26.79 26.79 26.79 26.81 26.80 26.76 26.79 26.68 26.80 26.80
26.86 26.87 26.85 26.86 26.79 26.86 26.85 26.84 26.84 26.78 26.82 26.82 26.81 26.78 26.78 26.77 26.79 26.70 26.76 26.80 26.78 26.79 26.80 26.79 26.78 26.70 26.78 26.72 26.72 26.76 26.77 26.75 26.72 26.71 26.74 26.72 26.69 26.74 26.72 26.74 26.71 26.74 26.69 26.72 26.69 26.73 26.77 26.72 26.79 26.67 26.68 26.60 26.69 26.74 26.78 26.81 26.79 26.73 26.76 26.76 26.78 26.81 26.79 26.79 26.80 26.80 26.77 26.77 26.78 26.76 26.77 26.75 26.73 26.78 26.75 26.79 26.79
26.82 26.84 26.84 26.86 26.85 26.81 26.82 26.83 26.82 26.83 26.84 26.82 26.80 26.79 26.79 26.78 26.81 26.70 26.76 26.78 26.81 26.76 26.78 26.81 26.79 26.62 26.77 26.73 26.67 26.74 26.80 26.77 26.72 26.71 26.72 26.73 26.76 26.69 26.69 26.70 26.73 26.71 26.70 26.68 26.65 26.66 26.64 26.71 26.78 26.76 26.72 26.68 26.72 26.75 26.79 26.79 26.79 26.78 26.80 26.75 26.80 26.73 26.80 26.78 26.77 26.79 26.79 26.75 26.75 26.72 26.71 26.71 26.77 26.75 26.75 26.77 26.76
26.83 26.81 26.81 26.86 26.85 26.81 26.79 26.80 26.82 26.82 26.84 26.83 26.82 26.82 26.82 26.78 26.80 26.72 26.75 26.72 26.74 26.73 26.80 26.79 26.77 26.73 26.76 26.76 26.67 26.72 26.79 26.75 26.71 26.73 26.68 26.71 26.68 26.73 26.67 26.68 26.68 26.66 26.65 26.68 26.56 26.58 26.63 26.69 26.73 26.76 26.79 26.75 26.71 26.77 26.78 26.76 26.79 26.81 26.83 26.82 26.76 26.71 26.75 26.80 26.79 26.78 26.84 26.79 26.77 26.72 26.70 26.73 26.77 26.77 26.78 26.75 26.78
26.86 26.86 26.85 26.80 26.82 26.81 26.76 26.79 26.80 26.80 26.84 26.82 26.83 26.76 26.81 26.78 26.80 26.82 26.79 26.76 26.75 26.66 26.79 26.79 26.80 26.79 26.76 26.75 26.77 26.66 26.77 26.77 26.68 26.69 26.67 26.73 26.69 26.67 26.70 26.63 26.68 26.65 26.68 26.68 26.69 26.58 26.64 26.68 26.71 26.72 26.74 26.73 26.73 26.71 26.77 26.67 26.71 26.79 26.80 26.80 26.75 26.71 26.69 26.77 26.78 26.79 26.84 26.77 26.73 26.76 26.72 26.75 26.74 26.78 26.79 26.78 26.78
26.84 26.83 26.86 26.83 26.79 26.75 26.79 26.76 26.81 26.79 26.79 26.80 26.80 26.79 26.80 26.80 26.77 26.81 26.81 26.80 26.81 26.81 26.80 26.79 26.80 26.79 26.76 26.78 26.72 26.74 26.77 26.80 26.70 26.70 26.71 26.74 26.75 26.69 26.70 26.70 26.70 26.65 26.64 26.63 26.61 26.61 26.67 26.60 26.65 26.68 26.70 26.72 26.75 26.71 26.68 26.72 26.79 26.78 26.74 26.77 26.74 26.71 26.71 26.80 26.79 26.82 26.83 26.82 26.74 26.76 26.76 26.78 26.77 26.76 26.77 26.75 26.74
26.81 26.85 26.82 26.84 26.83 26.80 26.79 26.79 26.80 26.81 26.81 26.82 26.77 26.82 26.83 26.80 26.81 26.82 26.81 26.82 26.82 26.82 26.80 26.80 26.81 26.80 26.77 26.82 26.68 26.73 26.82 26.82 26.77 26.69 26.70 26.71 26.67 26.74 26.69 26.69 26.69 26.64 26.62 26.61 26.62 26.63 26.69 26.63 26.58 26.63 26.66 26.70 26.69 26.65 26.69 26.68 26.72 26.72 26.78 26.74 26.67 26.69 26.71 26.79 26.81 26.79 26.83 26.79 26.79 26.74 26.79 26.77 26.79 26.76 26.78 26.78 26.77
26.82 26.79 26.82 26.85 26.83 26.82 26.82 26.78 26.81 26.81 26.80 26.80 26.82 26.81 26.85 26.77 26.78 26.81 26.83 26.82 26.82 26.82 26.81 26.81 26.81 26.80 26.78 26.76 26.76 26.81 26.78 26.77 26.77 26.68 26.75 26.67 26.69 26.63 26.66 26.69 26.67 26.67 26.61 26.56 26.59 26.61 26.64 26.65 26.70 26.44 26.63 26.71 26.70 26.69 26.66 26.65 26.57 26.65 26.67 26.65 26.67 26.71 26.64 26.76 26.77 26.78 26.78 26.78 26.80 26.75 26.78 26.78 26.79 26.77 26.77 26.77 26.78
26.81 26.79 26.86 26.80 26.84 26.81 26.80 26.83 26.85 26.82 26.83 26.82 26.83 26.84 26.80 26.84 26.82 26.81 26.83 26.80 26.82 26.81 26.80 26.81 26.80 26.77 26.79 26.76 26.76 26.79 26.77 26.80 26.74 26.72 26.71 26.65 26.69 26.68 26.64 26.61 26.66 26.63 26.61 26.57 26.60 26.65 26.62 26.62 26.63 26.64 26.48 26.75 26.67 26.67 26.72 26.60 26.59 26.64 26.65 26.64 26.63 26.66 26.58 26.69 26.69 26.71 26.72 26.74 26.77 26.79 26.78 26.78 26.78 26.79 26.77 26.75 26.75
26.82 26.84 26.84 26.83 26.82 26.80 26.81 26.83 26.84 26.83 26.83 26.83 26.80 26.81 26.81 26.81 26.84 26.82 26.81 26.78 26.79 26.79 26.79 26.80 26.80 26.80 26.79 26.72 26.79 26.79 26.80 26.80 26.79 26.73 26.72 26.64 26.72 26.73 26.62 26.60 26.65 26.63 26.65 26.53 26.53 26.67 26.66 26.56 26.60 26.64 26.55 26.59 26.57 26.62 26.63 26.66 26.69 26.63 26.63 26.64 26.64 26.62 26.58 26.62 26.59 26.65 26.73 26.74 26.72 26.78 26.78 26.77 26.78 26.77 26.77 26.69 26.70
26.80 26.83 26.82 26.83 26.78 26.82 26.80 26.79 26.81 26.81 26.84 26.83 26.83 26.81 26.81 26.78 26.82 26.81 26.83 26.73 26.77 26.77 26.78 26.79 26.76 26.76 26.78 26.73 26.79 26.79 26.79 26.81 26.81 26.78 26.74 26.67 26.73 26.75 26.61 26.61 26.69 26.67 26.60 26.65 26.60 26.65 26.62 26.60 26.54 26.59 26.58 26.64 26.61 26.64 26.62 26.63 26.61 26.65 26.56 26.66 26.64 26.65 26.60 26.60 26.56 26.62 26.71 26.68 26.70 26.69 26.76 26.77 26.75 26.74 26.74 26.66 26.65
26.80 26.83 26.81 26.82 26.82 26.81 26.79 26.80 26.84 26.74 26.79 26.83 26.84 26.81 26.78 26.79 26.81 26.79 26.76 26.76 26.77 26.77 26.79 26.78 26.76 26.76 26.78 26.73 26.75 26.78 26.74 26.80 26.81 26.78 26.75 26.70 26.65 26.71 26.67 26.66 26.73 26.63 26.64 26.67 26.67 26.59 26.58 26.59 26.60 26.60 26.60 26.61 26.66 26.63 26.68 26.59 26.60 26.63 26.64 26.60 26.56 26.57 26.58 26.62 26.61 26.60 26.65 26.59 26.65 26.69 26.68 26.73 26.75 26.75 26.70 26.71 26.64
