main/data/irradiance/10.11.2023.grid
ncols 839
nrows 679
xllcenter 112.0500
yllcenter -43.9500
cellsize 0.0500
nodata_value 99999.90
[rows 238 to 271 of 679, columns 616 to 692 of 839]
24.42 24.63 24.73 25.22 25.19 25.25 24.59 24.99 25.14 25.90 26.02 25.73 25.46 25.69 25.53 25.43 25.77 26.04 25.76 25.37 25.20 24.98 25.25 25.66 26.02 25.79 26.20 26.96 27.49 27.68 27.81 27.88 27.91 27.82 27.98 28.04 28.41 28.32 28.11 28.01 27.37 27.19 27.35 27.44 27.69 28.26 28.52 28.57 28.59 28.27 28.14 28.02 28.42 28.35 28.54 28.22 27.98 28.02 28.38 28.84 28.94 28.85 28.54 28.33 28.21 28.06 28.43 28.46 28.45 28.68 28.86 28.70 29.04 29.00 29.06 29.18 28.91
24.07 24.92 24.74 24.83 25.28 25.49 25.30 25.68 25.40 25.67 25.95 25.64 25.44 26.08 25.72 25.59 25.25 25.26 24.89 25.11 25.12 24.93 25.07 25.58 25.52 25.68 26.39 27.04 27.64 28.03 28.06 27.95 27.99 27.79 27.66 28.01 28.54 28.61 28.21 28.27 27.69 26.77 27.50 27.49 27.53 27.74 28.17 28.56 28.73 28.84 28.60 28.36 28.48 28.47 28.44 28.16 28.07 27.92 27.98 28.43 28.76 28.89 28.66 28.62 28.42 28.10 28.22 28.36 28.24 28.43 28.65 28.67 28.98 28.57 28.62 28.84 28.68
24.53 25.30 24.94 24.58 24.77 25.07 25.17 25.42 25.05 25.47 25.76 25.60 25.36 25.80 25.52 25.72 25.59 25.46 25.45 25.44 25.61 25.20 25.31 25.64 25.83 26.17 26.22 27.02 27.50 27.65 27.76 27.90 27.93 27.67 27.33 27.32 27.52 27.81 27.51 27.72 26.88 26.88 27.71 27.47 27.90 28.22 28.43 28.48 28.73 28.88 28.87 28.65 28.57 28.45 28.20 28.43 28.52 27.67 27.54 28.03 28.65 28.91 28.93 28.61 28.11 28.00 28.13 28.24 28.26 28.73 29.03 28.77 28.96 28.95 28.93 28.96 28.85
24.81 25.40 25.59 25.19 24.60 24.60 24.67 24.89 25.03 25.24 25.87 25.67 25.49 26.04 25.98 25.35 25.60 25.59 25.88 25.98 25.97 25.48 25.52 26.03 25.58 26.21 26.53 26.88 26.97 27.12 27.23 27.74 27.78 27.78 27.88 27.86 27.48 27.47 27.89 27.80 27.28 27.45 27.69 27.40 28.11 28.40 28.50 28.35 28.57 28.91 28.79 28.93 28.79 28.34 28.50 28.12 28.22 27.97 28.07 27.73 28.26 28.88 28.99 28.83 28.42 28.02 27.76 27.95 28.59 28.58 28.75 28.77 28.88 28.93 29.18 29.06 29.16
24.90 25.01 25.34 25.37 25.26 25.33 25.49 25.02 25.23 25.69 26.30 25.86 24.88 25.27 25.79 25.53 25.36 25.72 25.56 25.61 25.77 26.05 26.15 26.30 26.29 26.27 26.80 27.38 27.24 27.47 27.36 27.66 27.16 27.64 28.21 28.18 27.66 27.58 27.80 27.55 27.63 27.84 27.99 28.19 28.28 28.40 28.43 28.59 28.75 28.83 28.85 29.07 28.77 28.64 28.79 28.73 28.08 28.27 28.54 28.21 28.19 28.70 28.83 28.72 28.42 28.24 27.86 27.90 28.36 28.51 28.67 28.76 28.81 28.92 29.00 29.17 29.21
24.94 24.89 24.83 25.06 25.00 25.55 26.07 25.72 25.54 25.94 26.04 25.94 25.61 25.33 25.62 25.59 25.77 25.86 25.92 26.14 25.83 26.01 25.85 26.20 26.88 26.91 26.70 27.22 27.33 27.70 27.90 27.63 27.48 27.87 28.24 28.19 27.96 28.05 27.86 27.43 27.19 27.47 27.66 28.15 28.22 28.22 28.42 28.82 28.62 28.39 28.52 29.05 28.89 28.72 28.74 28.04 28.08 28.56 28.64 28.16 28.57 28.78 28.52 28.28 28.35 28.28 28.23 28.21 28.31 28.47 28.79 28.80 28.88 28.53 28.97 28.98 28.86
24.23 24.34 24.67 25.08 25.60 25.56 25.40 25.72 25.61 25.53 25.72 25.40 25.31 24.84 25.60 26.12 26.23 26.46 26.89 26.91 26.82 26.50 25.90 26.03 26.77 27.36 26.97 27.02 27.09 27.44 27.78 27.21 26.79 27.57 27.73 27.60 27.48 27.46 27.45 27.55 27.55 27.37 26.98 26.97 27.57 27.80 28.18 28.60 28.34 28.19 28.67 28.61 28.49 28.58 28.43 27.94 28.52 28.62 28.46 28.33 28.81 28.83 28.45 28.43 28.59 28.60 28.43 28.25 28.54 28.30 28.38 28.89 28.81 28.47 28.57 28.65 28.85
24.68 25.07 25.35 25.12 24.74 24.71 25.29 25.77 24.82 25.23 25.58 25.32 25.10 24.80 25.15 26.08 26.24 25.96 26.80 26.91 26.75 26.63 26.39 26.11 26.36 26.83 26.84 26.78 27.13 27.30 27.48 27.26 27.32 27.82 27.81 27.49 27.22 27.34 27.23 27.56 27.69 27.80 27.36 27.08 27.45 27.66 27.86 27.49 27.71 27.96 28.45 28.61 28.30 28.49 28.29 28.19 28.54 28.61 28.65 28.62 29.42 29.22 28.69 28.50 28.55 28.79 28.62 28.70 28.75 28.27 28.22 28.62 28.83 28.85 28.65 28.78 29.03
25.22 25.29 25.20 25.02 24.88 24.67 24.57 24.98 25.46 24.83 24.53 24.85 25.51 25.88 24.94 25.46 26.15 26.23 26.20 26.22 26.04 26.40 26.93 26.65 26.62 26.88 26.71 26.54 26.55 26.76 27.11 27.56 28.04 27.77 27.72 27.62 27.30 27.48 27.66 27.42 27.37 27.42 27.48 27.51 27.62 27.66 27.87 27.90 28.12 28.24 28.30 28.57 28.55 28.47 28.54 28.45 28.65 28.56 28.96 29.46 29.18 29.07 29.03 28.70 28.49 28.32 28.24 28.53 28.74 28.62 28.59 28.87 28.99 29.09 28.89 28.55 28.78
25.43 25.23 25.22 25.48 24.76 24.20 24.86 24.78 24.89 24.62 24.37 24.39 25.33 25.55 25.33 25.22 25.78 25.82 26.32 26.49 26.00 26.42 26.79 27.02 27.26 27.03 27.12 27.08 26.83 26.63 26.60 26.95 27.41 27.36 27.15 27.23 27.32 27.54 27.65 27.24 27.22 27.07 27.19 27.34 27.63 27.79 27.76 27.93 27.96 28.23 28.14 28.29 28.76 28.72 28.86 28.80 28.80 29.24 29.40 29.45 28.73 29.01 29.03 28.85 28.88 28.65 28.53 28.52 28.58 29.06 29.11 28.96 28.97 29.07 29.07 28.81 28.76
25.86 26.24 26.19 26.00 24.78 24.87 25.01 25.01 24.86 24.37 24.16 24.77 25.24 25.24 25.17 25.19 26.42 26.22 26.22 26.50 26.69 26.67 26.98 26.88 27.25 27.25 27.34 27.33 27.36 27.30 27.26 27.12 26.96 26.77 26.87 27.11 27.31 27.41 27.54 27.23 27.20 26.57 26.87 27.34 27.55 27.70 27.87 28.12 27.89 28.41 28.48 28.43 28.89 28.81 28.90 28.88 28.88 29.20 29.18 29.11 28.82 28.96 29.06 29.09 29.05 28.72 28.66 28.64 28.83 28.97 28.81 28.84 29.06 29.10 29.10 28.94 29.11
25.77 26.51 26.06 25.38 24.17 24.58 25.35 25.49 25.17 24.98 25.09 25.24 25.18 25.41 25.20 25.55 26.45 26.13 26.27 26.55 26.93 27.25 27.22 26.81 27.04 27.22 27.21 27.23 27.58 27.73 27.44 27.55 27.67 27.07 27.11 26.95 27.43 27.48 27.30 27.13 27.19 27.32 27.85 28.08 28.05 28.14 28.34 28.10 28.40 28.54 28.62 28.23 28.38 28.43 28.82 28.74 28.68 29.01 29.23 29.21 29.25 29.22 29.18 29.19 29.23 29.06 28.89 28.95 28.83 28.73 28.97 29.08 29.07 28.84 28.88 28.66 28.94
25.35 26.57 26.97 25.52 24.75 25.09 25.27 25.87 25.91 25.53 25.52 25.86 25.91 25.85 25.77 25.44 25.73 25.99 26.40 26.65 26.55 27.19 27.18 26.73 26.83 26.98 27.19 27.41 27.52 27.66 27.79 27.80 27.78 27.71 27.28 27.62 27.39 27.19 27.03 27.16 27.00 27.52 27.97 28.04 28.18 28.24 28.67 28.74 28.46 28.65 28.68 28.71 28.39 28.06 28.83 28.79 28.55 29.03 28.88 29.18 29.26 29.35 29.23 29.32 29.23 29.19 29.16 29.09 29.12 28.80 28.96 28.98 28.95 28.80 28.72 28.50 28.73
25.47 25.88 25.65 24.62 24.57 25.27 25.23 25.33 26.24 25.87 25.69 25.90 26.07 26.41 26.25 26.08 25.85 25.99 25.98 26.30 26.20 26.26 26.56 26.66 26.96 27.16 27.42 27.67 27.65 27.54 27.77 28.03 27.81 27.60 27.38 27.61 27.42 27.38 27.18 27.09 27.59 27.63 27.69 28.26 28.31 28.30 28.77 28.92 28.78 28.62 28.68 28.83 28.35 28.44 28.96 28.83 29.04 29.12 28.96 29.18 29.21 29.37 29.25 29.30 29.27 29.32 29.32 29.08 29.04 28.74 28.75 28.73 28.85 28.88 28.65 27.98 28.30
24.86 24.98 25.05 24.50 24.51 24.83 24.49 24.61 25.20 26.08 26.11 26.34 26.26 26.28 26.01 25.74 25.87 25.99 25.72 25.79 26.18 25.73 26.52 27.01 27.30 27.36 27.54 27.75 28.04 27.89 27.94 28.25 28.26 27.76 27.55 27.74 27.99 28.03 28.07 27.96 27.92 27.35 27.27 27.77 28.09 28.39 28.57 28.96 28.91 28.72 28.78 28.83 28.59 28.97 28.89 28.53 28.87 28.89 29.30 29.15 29.19 29.25 29.29 29.38 29.28 29.03 29.05 29.00 28.63 28.66 28.72 28.84 28.89 28.87 28.44 28.03 28.10
25.30 25.47 24.94 24.23 23.75 24.49 25.12 24.92 24.86 25.37 25.60 25.85 26.26 26.03 25.69 26.03 26.00 26.34 26.01 25.72 25.75 26.72 26.82 27.08 27.45 27.39 27.42 27.06 27.58 27.46 27.67 28.19 28.21 28.00 27.66 27.65 27.74 28.05 27.71 27.44 27.87 27.69 27.92 28.04 28.22 28.63 28.87 28.65 28.92 28.59 28.80 28.89 28.91 29.08 28.67 28.19 28.51 28.74 28.88 29.05 29.11 29.12 29.29 29.43 29.23 29.02 28.99 28.67 28.62 28.50 28.40 28.72 29.01 28.84 28.64 28.61 28.51
25.86 26.07 25.25 24.43 23.88 24.84 24.81 24.63 24.50 24.95 25.31 25.47 25.80 25.97 26.24 26.25 26.06 26.25 25.84 26.15 25.83 26.08 26.89 27.35 27.54 27.32 27.01 27.08 27.59 28.15 27.75 28.01 27.94 27.98 27.95 27.64 27.79 28.02 27.30 27.49 28.00 28.01 28.20 27.91 28.28 28.53 28.79 28.49 28.61 28.59 28.56 28.78 28.87 29.16 28.96 28.91 29.00 29.11 29.07 29.06 29.01 29.15 29.31 29.34 29.16 29.01 28.88 28.82 28.38 28.21 28.40 28.91 29.14 28.83 28.86 28.79 28.83
26.27 25.81 25.41 25.06 24.49 24.80 25.02 24.55 24.22 24.89 25.54 25.45 25.97 26.30 26.27 25.82 25.82 25.85 26.42 25.89 25.96 26.05 26.04 26.60 27.01 27.34 27.03 26.96 26.77 27.29 27.89 27.57 27.55 27.64 28.12 28.06 27.57 27.53 28.14 27.96 27.87 27.59 28.18 28.21 28.68 28.82 28.92 28.46 28.12 28.13 27.84 28.71 29.25 28.80 28.92 29.09 29.07 28.80 29.02 28.85 28.64 29.01 29.07 29.14 29.07 28.66 28.66 28.32 28.54 28.55 28.73 28.99 29.07 29.09 28.96 28.95 28.77
26.34 25.68 25.16 25.13 25.52 25.22 24.57 24.41 23.78 24.37 25.22 25.52 25.78 26.55 25.87 25.65 25.64 25.90 26.48 26.16 26.55 27.01 27.11 27.09 27.26 27.34 27.08 26.84 26.63 26.99 27.32 27.57 27.33 27.93 28.06 27.73 27.41 27.33 27.30 27.45 27.58 27.65 27.66 27.81 28.66 28.94 28.66 28.18 28.07 27.50 27.97 28.72 29.27 29.13 29.13 28.92 28.71 28.58 28.99 28.84 28.86 29.08 29.23 29.16 28.62 28.32 28.41 28.60 28.74 28.67 29.01 29.20 29.28 29.13 29.07 29.20 29.03
26.23 26.35 26.02 25.48 25.87 25.75 24.97 24.71 24.54 24.76 24.94 25.38 26.17 26.52 25.53 25.46 25.93 25.78 26.16 26.31 26.61 26.77 27.03 27.05 27.55 27.61 27.33 27.22 27.14 27.27 26.92 27.47 27.64 28.17 28.51 27.89 27.71 27.09 27.34 27.21 27.59 27.19 27.79 27.79 27.98 28.44 28.44 28.24 28.31 28.37 27.95 28.57 28.89 28.98 28.97 28.83 28.80 28.61 28.66 28.60 28.63 28.93 29.05 28.80 28.87 28.50 28.57 28.98 28.83 28.72 28.94 29.09 29.34 29.27 29.17 29.16 29.00
26.24 25.90 26.22 25.16 25.44 26.10 26.08 25.99 25.74 25.41 25.55 25.86 26.17 26.33 25.87 25.31 26.14 26.23 26.25 26.77 26.40 26.26 26.72 26.44 26.77 27.48 27.67 27.26 27.03 27.56 27.52 27.28 27.40 27.98 28.31 27.99 27.65 27.52 27.31 27.19 28.01 28.15 27.78 28.05 28.17 28.03 27.88 27.98 28.07 27.99 27.79 28.52 28.71 28.91 28.78 28.73 28.72 28.59 28.37 28.30 28.38 28.73 28.85 28.59 28.73 28.51 28.63 28.38 28.81 28.74 28.65 28.98 29.25 29.22 29.29 29.12 29.12
26.21 26.06 26.30 25.88 25.74 26.06 26.32 25.91 25.63 26.09 26.36 26.27 26.25 26.75 26.22 25.68 26.22 26.45 26.23 26.42 26.57 26.40 26.20 26.83 26.94 26.35 26.86 27.30 27.56 27.39 27.50 27.55 27.60 27.35 27.59 27.41 27.04 27.70 27.43 27.21 27.76 28.31 27.91 27.84 27.69 27.55 27.78 27.96 28.08 28.01 27.65 27.65 28.33 28.19 28.12 28.27 28.51 28.40 28.26 28.39 28.35 28.21 28.50 28.53 28.48 28.45 28.36 27.94 28.32 28.58 28.54 28.96 29.07 29.17 29.22 29.13 29.05
26.18 25.92 25.92 25.98 25.96 26.18 26.47 26.39 26.52 26.69 26.59 26.38 26.34 26.19 26.87 26.47 26.49 26.50 26.54 26.90 26.66 26.68 26.53 26.27 26.94 26.90 26.63 26.86 27.52 27.38 27.50 27.18 26.58 27.08 27.08 26.68 26.63 27.14 27.61 27.50 27.50 27.93 27.77 27.86 27.51 27.41 27.41 27.58 27.61 27.82 27.65 27.75 28.12 28.24 28.23 28.01 28.13 28.13 28.38 28.66 28.27 28.09 28.24 28.32 28.43 28.47 28.26 28.58 28.32 28.65 29.00 29.09 29.16 29.08 28.91 28.88 28.92
26.17 26.11 25.97 26.45 25.93 26.39 26.51 26.35 26.32 26.62 26.12 26.47 26.33 26.65 26.74 26.92 26.34 26.35 26.92 27.16 26.84 26.64 27.07 26.92 26.74 27.47 27.23 27.05 26.83 27.67 27.65 27.11 27.42 27.32 27.08 26.45 26.78 27.35 27.62 27.69 27.51 27.76 27.66 27.08 27.39 27.26 27.51 28.02 28.12 28.03 27.55 28.32 28.67 28.64 27.87 27.74 27.99 28.07 28.14 28.28 28.39 28.36 28.03 28.26 28.23 28.30 28.50 28.56 28.82 29.09 29.07 29.24 29.24 28.95 29.00 29.05 29.23
25.92 26.47 25.99 26.56 26.66 25.95 25.94 26.11 25.90 26.17 26.60 26.82 26.70 26.47 26.46 26.72 25.77 26.38 27.04 27.28 26.67 26.93 27.78 27.78 27.31 27.27 27.39 26.95 27.10 27.35 27.28 27.24 27.67 27.68 27.39 27.09 27.05 27.16 27.48 27.42 27.27 27.37 27.19 26.65 27.03 27.60 27.12 27.41 27.85 27.87 27.79 27.93 28.36 28.54 28.42 28.04 28.09 28.04 27.98 28.26 28.53 28.55 28.37 28.43 28.45 28.37 28.60 28.39 28.52 28.90 29.12 29.25 29.18 29.17 29.16 29.33 29.28
26.05 25.94 25.58 26.56 26.41 25.93 26.11 25.93 25.47 25.89 26.84 27.06 26.92 26.65 26.58 26.76 26.42 26.46 26.92 27.19 27.11 27.50 27.71 27.72 27.51 27.40 27.85 27.40 27.81 27.61 27.37 27.14 27.18 27.42 27.78 27.93 27.36 26.18 27.06 26.70 26.70 26.29 26.67 27.03 26.96 27.23 27.16 26.61 27.14 27.30 26.99 27.40 27.69 28.19 28.40 28.37 28.30 28.12 27.88 27.96 28.53 28.64 28.69 28.63 28.72 28.68 28.66 28.74 28.68 28.44 28.82 29.11 29.22 29.27 29.16 29.31 29.36
25.88 26.08 25.57 26.73 26.26 26.30 26.34 26.19 25.71 25.84 26.57 27.06 27.13 26.78 26.74 26.82 26.95 26.69 26.05 26.46 27.33 27.60 27.82 27.85 27.54 27.45 27.49 27.12 27.74 27.47 27.57 27.42 26.81 27.23 27.68 27.69 27.50 27.05 26.84 27.07 26.37 25.62 26.18 25.94 26.07 26.02 26.96 27.19 27.48 27.57 27.23 26.89 27.27 28.03 28.06 28.31 28.58 28.47 28.65 28.45 28.68 28.71 28.74 28.79 28.82 28.58 28.52 28.79 28.99 28.93 28.80 29.01 29.32 29.23 29.07 29.09 29.29
26.00 25.87 25.90 26.94 26.75 26.84 26.70 26.71 26.22 26.44 26.09 26.57 26.98 26.70 26.32 26.73 26.66 26.35 26.34 26.22 27.21 27.32 27.28 27.36 27.01 27.22 27.31 27.08 27.54 27.63 27.14 27.29 27.26 27.47 27.67 28.04 28.20 28.12 28.46 28.48 27.94 27.27 27.15 26.40 26.36 26.29 26.83 27.11 27.76 28.03 27.68 27.04 26.70 27.21 27.01 26.97 27.37 28.06 28.26 28.24 28.79 28.42 28.19 28.47 28.02 28.12 28.48 28.32 28.64 28.79 28.87 28.96 29.12 29.12 29.11 29.17 28.98
26.76 25.47 25.33 25.99 25.68 26.52 26.57 26.65 26.38 26.83 26.48 26.93 27.31 27.15 26.88 27.38 26.85 26.96 27.21 26.76 25.82 26.80 27.26 27.13 27.09 27.30 26.83 27.12 27.01 26.86 27.11 27.09 27.32 27.30 27.84 27.37 27.72 28.32 28.49 28.50 28.11 27.91 27.55 26.88 26.44 26.76 26.96 26.73 26.67 27.33 27.57 27.52 27.55 27.68 27.60 27.51 27.44 27.53 27.71 28.01 28.73 28.60 27.88 27.86 27.94 27.74 28.51 28.33 28.09 28.68 28.98 28.82 28.81 29.14 28.76 28.97 28.79
26.24 25.47 26.15 25.70 26.07 26.09 25.86 26.00 26.18 27.05 26.81 26.58 27.11 26.39 26.25 27.19 26.85 26.85 26.90 27.18 26.52 26.88 27.31 27.18 26.95 27.14 26.13 26.57 26.58 26.70 26.72 26.83 27.14 27.24 27.30 26.76 27.38 27.76 27.80 27.86 27.67 27.69 27.29 26.58 26.70 26.71 26.52 26.89 26.81 27.18 27.26 27.78 27.58 27.78 27.85 27.59 27.66 27.80 27.59 27.92 28.25 28.56 28.31 28.44 28.49 27.92 28.26 28.28 28.14 28.45 28.67 28.34 28.45 28.79 28.83 28.60 28.34
25.75 25.23 26.43 26.30 26.25 26.19 25.85 26.24 25.88 26.49 26.63 26.21 27.10 26.59 26.46 26.95 26.49 26.59 27.20 27.06 26.22 26.51 27.22 27.27 27.14 27.09 25.75 25.44 26.47 26.57 26.39 26.40 26.48 26.91 26.82 26.97 27.04 27.18 27.27 27.55 27.61 27.48 27.01 26.72 26.72 26.49 26.49 27.17 27.21 26.79 27.05 27.12 27.57 27.47 27.57 27.49 27.75 27.54 27.61 27.87 28.07 28.44 28.47 28.84 28.74 28.15 28.02 28.21 27.65 27.77 27.71 27.19 27.07 27.34 27.79 28.09 27.87
25.75 26.16 26.69 26.55 26.46 26.10 25.54 26.11 25.94 26.23 25.83 25.36 27.30 27.21 27.15 27.28 26.94 26.98 26.78 26.66 26.99 27.45 27.32 27.19 27.20 27.13 26.66 26.39 26.77 26.67 26.39 26.39 26.56 26.57 27.02 27.39 27.18 26.89 27.10 27.39 27.64 27.44 27.29 27.17 27.17 27.52 27.48 27.41 26.36 26.62 26.95 26.60 26.76 26.94 26.61 27.28 27.34 27.20 27.39 27.51 27.53 27.62 28.06 28.31 28.62 28.26 27.71 28.08 27.95 27.88 27.71 27.41 27.11 26.61 27.21 27.77 28.11
26.34 27.16 26.11 26.22 26.42 26.23 26.09 26.44 26.77 26.26 26.27 26.28 27.39 27.67 27.45 27.61 26.85 27.42 26.67 26.36 27.16 27.67 26.70 26.65 26.86 27.33 26.76 26.89 26.20 26.36 27.02 26.29 26.59 26.52 26.15 26.85 26.84 26.57 27.13 27.14 27.31 27.17 27.66 27.84 27.47 27.57 27.46 27.40 26.33 26.44 26.33 26.45 26.84 27.40 26.44 26.39 26.21 26.89 27.04 26.74 26.78 27.26 27.36 28.40 28.42 28.20 27.98 28.23 27.95 28.45 28.18 27.73 27.25 27.08 27.28 27.07 28.01
26.40 27.32 26.35 26.12 26.49 26.17 26.61 26.86 27.31 26.41 27.05 26.81 27.26 27.63 27.65 27.18 27.59 27.09 27.08 26.88 27.56 26.70 25.99 27.33 27.38 27.37 27.43 27.07 26.47 26.90 26.37 25.57 26.68 26.89 26.26 26.80 27.00 27.11 27.32 27.07 27.10 27.29 27.71 27.51 27.43 27.51 27.82 27.49 27.08 27.05 26.72 26.29 26.45 26.81 27.39 27.51 26.78 26.28 26.74 26.85 27.50 27.42 26.88 27.63 28.06 27.92 28.23 28.45 27.73 28.59 28.35 27.40 27.18 27.64 27.24 27.01 27.64
