main/data/irradiance/10.10.2023.grid
ncols 839
nrows 679
xllcenter 112.0500
yllcenter -43.9500
cellsize 0.0500
nodata_value 99999.90
[rows 442 to 475 of 679, columns 616 to 692 of 839]
22.48 22.20 21.67 21.49 22.12 21.81 22.45 21.97 20.06 21.31 21.97 21.51 23.71 22.79 22.79 23.41 22.33 22.51 22.19 22.04 22.04 23.08 23.19 22.98 22.77 22.63 22.46 22.60 22.41 22.23 21.79 21.59 20.56 19.56 19.84 18.97 19.27 18.32 18.11 17.96 17.80 17.90 18.68 18.03 17.94 18.61 18.26 17.86 17.40 16.20 16.36 17.27 17.69 17.31 16.91 16.26 15.74 16.76 16.58 16.70 17.57 18.03 17.31 17.84 17.39 17.56 18.35 18.48 18.70 19.54 20.57 20.16 19.35 18.99 19.57 20.29 20.41
22.92 22.16 21.51 21.81 22.86 21.62 21.00 22.93 21.73 20.22 21.31 21.10 22.03 22.92 23.40 21.86 21.63 22.70 21.96 21.02 22.08 21.66 22.44 22.82 22.16 21.53 22.29 22.35 22.45 22.26 21.82 22.24 22.09 21.01 20.70 20.21 19.52 18.36 18.73 18.24 17.96 18.36 18.95 19.32 17.94 18.33 18.67 18.79 17.61 17.10 17.50 17.28 18.61 17.50 17.11 16.34 15.44 15.59 15.95 17.13 17.08 18.01 18.44 17.99 18.64 17.87 18.81 18.56 18.19 19.06 19.67 20.52 20.77 20.65 20.56 20.55 21.01
23.13 22.35 22.70 23.14 22.97 22.81 21.48 22.60 22.74 21.84 22.00 22.52 21.26 22.34 22.79 22.53 22.94 23.16 22.19 20.57 21.98 20.61 21.11 21.82 22.44 22.19 22.34 21.76 22.40 21.74 22.00 22.11 21.88 21.54 21.32 20.92 20.15 19.35 18.79 19.63 18.20 17.79 18.54 19.31 18.50 17.77 17.44 18.95 18.77 18.48 18.94 18.21 18.95 19.41 18.13 17.91 17.31 16.36 16.15 17.04 17.93 18.19 17.75 17.86 18.91 18.50 19.65 19.07 18.98 18.53 18.59 19.15 19.81 19.41 19.03 19.12 19.84
22.96 23.27 22.38 23.44 23.14 22.69 22.92 22.30 20.66 22.68 21.70 20.21 20.85 21.77 21.83 21.76 22.46 22.74 22.04 22.90 21.33 21.11 21.06 20.98 21.66 21.71 22.22 21.22 21.86 20.86 21.56 21.35 21.79 21.83 21.95 20.73 20.46 21.47 20.26 19.89 19.41 17.85 17.23 18.50 18.97 18.51 16.82 18.01 17.98 18.78 18.81 18.91 17.75 19.10 19.48 18.31 17.72 17.73 17.73 17.95 18.95 18.84 16.93 17.02 17.48 17.45 18.24 18.70 18.43 18.40 18.67 18.49 18.64 18.79 18.25 18.54 18.06
23.41 23.40 23.14 22.71 23.06 23.05 23.12 22.83 22.50 21.78 21.38 21.17 21.50 21.39 21.86 20.80 21.80 22.81 22.23 23.32 22.57 21.63 21.67 20.71 21.01 21.38 21.69 21.81 22.71 21.65 21.40 20.12 20.44 21.27 22.82 22.20 21.31 21.33 20.92 20.17 20.64 19.33 18.58 19.06 19.66 18.51 16.82 18.12 17.39 18.49 18.80 18.69 17.68 16.75 17.96 18.79 18.28 18.01 18.74 19.56 19.32 19.55 18.46 17.15 17.01 17.37 17.95 17.83 17.70 18.01 17.70 18.22 17.47 18.11 18.62 18.42 17.86
23.57 23.26 22.68 23.64 23.07 23.41 23.39 23.06 23.28 22.61 21.82 22.45 21.84 21.12 20.87 21.24 21.74 21.27 22.80 23.26 22.75 22.81 22.67 22.11 21.42 21.66 21.56 19.87 21.62 20.13 20.92 20.63 21.17 19.91 21.41 21.58 21.89 21.50 22.22 22.14 21.00 21.19 20.69 19.46 19.82 18.95 16.86 17.64 18.46 19.23 18.98 18.74 18.52 17.54 17.29 18.37 18.59 18.09 18.36 19.41 19.57 19.69 19.01 18.53 19.18 18.11 18.30 19.14 18.50 18.64 18.67 17.72 18.31 18.38 18.89 18.31 18.66
23.64 23.84 23.30 23.23 23.82 23.13 23.68 23.75 23.28 23.28 22.43 22.22 22.46 21.74 22.00 20.99 21.76 21.22 21.19 21.41 22.07 23.26 23.20 22.58 21.96 22.21 22.32 21.72 20.73 21.19 21.73 21.89 21.16 21.82 20.46 21.05 20.83 21.66 22.01 21.83 21.24 21.48 21.76 20.28 20.87 19.63 17.17 18.02 18.26 19.14 19.41 18.34 18.52 19.03 18.27 18.74 18.11 17.68 18.64 19.00 19.51 20.11 20.07 19.93 19.83 19.34 19.19 19.60 19.64 19.53 19.56 19.71 19.19 18.62 18.37 18.87 19.17
23.99 23.97 23.37 23.59 23.70 23.43 22.67 23.58 23.58 23.25 22.92 21.96 22.28 22.53 22.30 22.34 22.36 21.82 21.17 21.79 21.44 22.34 23.31 23.29 22.67 22.73 22.58 22.03 23.16 22.67 22.81 21.31 22.05 21.26 21.60 21.56 20.95 20.79 21.00 22.21 21.61 22.42 21.72 21.19 21.86 20.99 19.24 18.30 17.44 18.94 19.79 18.57 17.22 18.17 18.94 19.66 19.69 19.62 20.17 19.10 18.92 19.38 20.10 19.91 19.93 19.39 18.77 18.91 19.51 19.80 20.86 21.69 20.92 19.71 18.87 19.20 19.36
24.20 23.92 23.88 23.89 23.61 23.43 23.51 23.07 23.34 23.39 23.12 22.73 22.63 22.59 22.37 22.95 22.11 22.35 22.14 22.18 22.08 22.26 22.89 23.02 23.26 23.13 22.13 22.66 23.55 22.70 22.95 22.17 22.52 22.70 22.87 22.87 22.25 20.94 21.29 21.84 21.38 22.08 21.66 21.57 21.46 21.35 20.59 21.06 19.29 19.97 20.60 19.62 17.66 16.95 17.96 18.25 19.10 20.48 19.79 19.51 19.41 19.29 18.65 18.67 19.49 19.17 18.65 18.92 19.00 19.88 20.36 20.68 20.51 20.70 20.69 19.12 18.75
23.81 23.70 24.33 24.02 23.19 23.69 23.37 22.87 23.16 23.08 23.05 22.42 22.78 22.69 22.50 23.19 22.63 22.63 22.96 22.35 22.75 21.90 22.63 22.27 22.81 23.36 22.72 22.79 23.43 23.41 23.72 23.09 22.87 23.18 23.38 22.80 23.34 22.74 22.63 23.02 22.25 21.56 22.36 21.66 21.45 21.75 21.49 21.43 20.66 20.97 20.66 20.48 20.16 18.23 18.31 17.54 18.75 20.71 20.40 19.39 19.49 19.26 19.32 19.01 20.20 19.45 18.84 19.03 19.39 20.13 19.57 20.14 19.89 20.06 21.29 20.52 18.97
23.52 23.53 23.50 24.06 23.68 23.30 23.43 22.50 23.41 23.47 22.85 22.80 22.25 22.38 23.03 23.30 22.06 22.58 22.80 22.88 22.90 23.00 22.28 23.46 22.50 23.55 23.25 22.26 22.91 23.11 23.18 23.49 23.08 23.31 23.22 23.47 22.69 23.33 22.77 23.28 22.81 22.06 22.14 22.62 21.43 21.78 21.19 21.85 21.23 21.90 21.40 21.49 21.27 19.39 19.14 18.34 19.40 20.65 20.38 19.29 19.85 19.52 20.30 19.54 19.30 19.53 19.85 20.41 19.86 20.01 19.96 20.16 19.73 20.26 20.39 21.35 19.67
23.44 23.56 23.54 23.82 23.98 23.81 23.78 23.04 23.19 23.36 23.31 23.12 22.97 22.87 22.85 23.26 22.90 23.10 22.74 22.62 22.91 22.82 22.58 23.18 22.77 22.88 23.74 23.19 23.64 23.07 23.32 23.20 22.83 23.52 23.72 23.37 22.70 23.51 23.62 23.36 23.25 22.81 22.86 23.29 22.37 21.94 21.82 22.36 21.95 21.56 22.36 22.64 21.68 22.05 20.59 20.72 20.26 20.57 19.62 20.36 18.99 18.78 19.57 20.19 19.87 19.39 20.05 20.32 20.43 20.74 20.94 20.62 20.42 20.29 20.09 20.93 21.19
23.52 23.73 23.83 23.75 23.90 24.01 23.93 23.99 23.69 23.42 23.37 23.52 23.11 22.84 22.86 23.28 22.85 23.23 22.33 22.86 23.21 22.98 22.73 23.68 23.06 22.87 23.28 23.22 23.49 23.27 23.69 23.92 23.72 23.93 23.82 23.47 23.59 23.90 23.83 23.68 23.68 23.30 23.46 23.27 23.39 23.09 22.56 22.92 23.29 22.49 22.02 23.35 22.97 22.89 21.56 21.80 21.67 20.90 20.43 20.43 21.08 19.70 19.41 20.39 20.54 20.59 20.72 20.07 20.89 21.06 20.80 20.62 20.28 20.41 19.73 20.51 21.48
23.70 23.97 24.01 24.11 24.19 24.02 24.13 24.27 23.94 24.12 23.52 23.71 23.28 23.65 23.53 23.07 23.29 23.14 22.61 22.90 22.91 22.97 22.93 23.27 23.27 23.19 23.21 23.17 23.46 23.62 23.52 23.94 23.78 23.97 23.98 23.63 23.74 23.92 23.69 23.96 23.83 23.48 23.73 23.69 23.81 23.64 22.85 23.23 23.37 22.77 22.91 23.08 23.05 22.51 22.61 22.70 22.77 22.49 22.59 21.38 21.68 20.89 20.28 20.41 20.07 20.42 21.56 20.41 20.45 20.70 20.64 20.12 19.66 20.88 20.90 21.25 21.41
24.07 24.16 23.91 24.10 23.88 23.85 24.11 24.02 24.17 24.22 24.29 24.04 23.84 23.74 23.57 23.49 23.66 23.44 22.94 23.04 22.92 23.10 23.46 23.25 23.08 23.57 23.35 23.59 23.51 23.45 23.68 23.74 23.49 23.83 23.69 23.40 23.76 23.58 23.49 23.86 23.92 23.97 23.85 23.72 23.85 23.84 23.51 23.18 23.51 23.46 23.38 23.14 23.00 22.77 22.81 23.32 23.06 22.92 22.97 22.89 22.75 22.16 21.17 20.66 21.32 20.36 21.57 21.33 20.25 20.19 20.45 20.70 19.89 21.62 21.66 21.47 21.50
24.14 24.05 24.24 23.99 23.78 23.67 23.96 23.87 24.08 24.04 24.26 24.26 24.07 24.04 23.83 23.53 23.86 23.44 23.33 23.26 22.91 23.23 23.55 23.66 23.23 23.35 23.42 23.40 23.45 23.77 23.70 23.49 23.36 23.54 23.21 23.46 23.69 23.41 23.61 23.68 23.79 23.90 23.71 23.81 23.76 23.77 23.79 23.49 23.72 23.85 23.74 23.73 23.42 23.25 23.07 23.17 23.41 23.24 23.13 23.62 23.41 23.20 22.75 22.07 21.96 22.10 21.66 21.64 21.58 21.63 21.28 20.64 20.80 21.04 21.52 21.50 21.03
23.94 23.93 24.08 24.19 23.87 23.66 23.75 23.62 23.90 24.03 24.00 24.23 24.00 24.14 24.01 23.76 23.85 23.62 23.30 23.61 23.07 23.35 23.62 23.71 23.55 23.02 23.26 23.37 23.57 23.31 23.66 23.32 23.45 23.47 22.88 23.35 23.65 23.25 23.63 23.27 23.34 23.54 23.54 23.47 23.79 23.54 23.82 23.72 23.93 24.08 23.83 23.86 23.89 23.78 23.70 23.18 23.55 23.66 23.62 23.49 23.19 23.43 23.53 23.26 22.96 23.03 22.86 22.65 21.46 21.56 21.94 21.29 21.22 21.85 20.87 21.01 20.76
23.92 24.13 24.24 24.21 23.99 23.94 23.87 23.90 23.85 24.02 23.85 23.85 23.85 24.10 23.71 23.60 23.63 23.32 23.27 23.44 23.51 23.45 23.53 23.77 23.62 23.22 23.07 23.21 22.92 23.28 23.44 23.26 23.43 23.64 23.27 23.21 23.31 23.21 23.30 23.33 23.28 23.22 23.24 23.22 23.61 23.62 23.45 23.79 24.08 23.90 24.02 23.93 23.77 23.83 23.75 23.70 23.32 23.58 23.69 23.46 23.49 23.43 23.27 23.37 23.27 23.05 23.50 23.66 23.51 22.82 22.56 22.12 22.20 22.53 22.14 21.89 21.49
24.17 24.13 24.06 23.89 23.84 23.85 23.84 23.88 23.64 23.81 23.95 23.87 23.54 23.90 23.50 23.73 23.32 23.30 23.35 23.61 23.28 23.41 23.52 23.72 23.72 23.37 23.28 23.38 23.06 23.09 23.00 22.80 22.92 23.15 23.41 23.48 23.08 23.17 23.23 23.10 23.18 23.20 23.01 23.20 23.23 23.36 23.54 23.64 23.87 23.93 24.01 24.10 23.96 23.84 23.86 23.67 23.67 23.54 23.81 23.66 23.54 23.49 23.47 23.20 23.01 23.01 23.09 23.58 23.51 23.77 23.55 22.89 22.95 22.84 22.85 22.76 22.04
24.04 24.13 23.97 23.79 23.69 23.84 23.65 23.74 23.82 23.45 23.54 23.77 23.88 23.49 23.72 23.48 23.52 23.64 23.77 23.78 23.54 23.64 23.76 23.83 24.01 23.66 23.65 23.21 22.77 22.90 23.07 23.12 23.16 23.04 23.00 22.94 23.26 23.04 23.06 23.38 23.16 23.22 23.11 23.48 23.32 23.25 23.41 23.50 23.83 24.05 23.98 24.08 24.08 24.08 23.99 23.81 23.87 23.80 23.81 23.71 23.53 23.40 23.40 23.53 23.15 23.00 23.50 23.62 23.08 23.69 23.76 23.61 23.36 23.14 23.25 23.12 22.93
24.02 23.94 23.90 23.91 23.72 23.87 23.92 24.17 24.11 23.87 23.94 23.97 23.98 24.07 24.04 23.68 23.79 23.81 23.57 23.43 23.52 23.52 23.48 23.77 23.41 23.25 23.06 23.05 22.96 23.13 23.09 23.14 23.07 23.00 22.97 23.10 23.16 23.34 23.28 23.08 22.95 23.04 23.10 23.19 23.24 23.49 23.29 23.43 23.73 24.06 23.88 23.70 23.84 23.94 23.89 23.95 24.09 23.94 23.90 23.85 23.84 23.70 23.51 23.57 23.38 23.13 23.07 23.45 22.84 23.24 23.25 23.59 23.39 22.78 22.83 23.23 23.23
23.96 23.69 23.60 23.68 23.69 23.59 23.85 24.05 23.97 23.79 23.74 23.80 24.04 24.02 23.96 23.82 24.00 23.85 23.09 23.51 23.92 23.81 23.94 23.93 23.69 23.53 23.29 23.20 22.93 23.05 22.80 22.89 23.03 23.08 23.18 23.16 23.06 23.24 23.15 23.06 22.77 22.88 23.06 23.22 23.20 23.57 23.54 23.39 23.45 23.90 23.71 23.53 23.67 23.42 23.45 23.64 23.83 23.94 24.03 24.08 24.05 23.76 23.61 23.47 23.28 23.26 23.04 23.55 23.30 23.43 23.39 23.39 23.13 22.06 22.62 22.85 23.16
23.92 23.82 23.66 23.74 23.78 23.85 23.54 23.60 23.55 23.51 23.44 23.56 23.96 23.92 24.09 23.72 23.76 23.70 23.16 23.44 23.64 23.72 23.76 23.71 23.88 23.65 23.32 23.04 22.88 22.89 22.64 22.95 22.90 22.99 22.93 23.01 23.04 23.06 22.98 22.97 22.88 22.88 23.14 23.26 23.38 23.41 23.32 23.10 23.11 23.43 23.31 23.50 23.69 23.72 23.41 23.53 23.49 23.83 23.95 24.01 23.91 23.87 23.86 23.73 23.84 23.51 23.32 23.20 23.66 23.61 23.34 23.63 23.26 22.13 22.82 22.95 22.97
23.84 23.96 23.78 23.86 23.61 23.44 23.34 23.20 23.13 23.25 23.40 23.41 23.91 23.83 23.93 23.77 23.55 23.49 23.37 23.57 23.59 23.94 23.97 23.83 23.86 23.88 23.89 23.66 23.56 23.10 22.84 23.19 23.29 23.13 22.93 22.92 22.95 22.68 22.54 22.79 22.76 22.89 23.34 23.10 22.99 23.20 23.03 23.28 23.03 22.92 23.00 23.37 23.49 23.32 23.22 23.21 23.38 23.65 23.69 23.75 23.95 23.56 23.25 23.39 23.47 23.21 23.06 22.98 23.30 23.63 23.78 23.82 23.34 22.65 23.12 22.67 22.55
23.96 24.07 23.93 23.88 23.79 23.32 23.28 23.54 23.66 23.46 23.48 23.68 23.51 23.34 23.47 23.51 23.64 23.54 23.75 23.71 23.90 23.71 23.99 23.88 23.80 23.87 23.93 23.91 23.78 23.52 23.46 23.23 23.06 23.33 23.35 23.07 23.13 22.83 22.66 22.44 22.38 22.43 22.75 22.85 22.99 22.72 22.96 23.04 23.05 23.05 22.91 22.97 23.20 23.27 23.52 23.36 23.38 23.21 23.57 23.47 23.59 23.51 23.68 23.48 23.13 23.33 22.84 23.42 22.96 23.53 23.75 23.50 23.51 23.32 23.14 22.83 23.00
24.11 24.18 24.15 24.17 23.64 23.32 23.04 23.36 23.34 23.48 23.64 23.54 23.52 23.52 23.82 23.46 23.62 23.86 23.72 23.60 23.52 23.13 23.06 23.31 23.56 23.73 23.90 23.80 23.34 23.46 23.10 23.33 23.09 23.04 23.15 23.16 23.17 23.38 23.23 22.66 22.43 22.48 22.52 22.88 23.04 22.68 22.66 23.00 23.19 23.11 23.13 23.00 23.42 23.20 23.26 22.91 23.21 23.29 23.15 23.08 23.29 23.58 23.57 23.28 23.11 22.66 22.84 23.72 23.05 22.89 23.17 23.16 23.19 23.00 23.17 22.69 23.33
24.21 24.28 24.27 24.25 23.64 23.51 23.63 23.70 23.69 23.60 23.71 23.92 23.69 23.74 23.81 23.79 23.84 24.00 23.99 24.01 23.90 23.46 23.41 23.41 23.65 23.55 23.72 23.54 23.42 23.25 23.39 23.37 23.15 23.18 22.97 22.97 23.44 23.39 23.17 23.20 23.22 22.81 22.75 22.69 22.63 22.62 22.48 22.74 22.86 23.05 23.13 23.26 23.39 23.26 23.22 23.11 22.98 22.78 23.06 22.43 22.65 23.22 23.49 23.07 22.41 22.79 22.48 22.12 22.83 23.22 22.82 22.68 23.01 22.78 23.11 23.12 23.19
24.08 24.03 24.22 24.13 23.71 23.98 23.78 23.82 23.59 23.59 23.99 24.14 24.08 24.05 24.09 24.01 23.93 24.09 24.04 24.06 23.85 23.76 23.84 23.69 23.69 23.49 23.40 23.34 23.34 23.51 23.48 23.53 23.31 23.03 23.29 23.33 23.37 23.39 23.27 23.44 23.08 23.17 23.18 23.42 23.11 22.71 22.55 22.54 22.98 23.23 23.23 23.45 23.42 23.34 23.08 22.73 22.90 22.48 21.30 21.75 22.41 22.85 23.44 23.03 21.91 21.40 22.13 22.13 22.82 23.44 22.91 22.81 22.88 23.20 23.14 22.88 23.01
23.97 24.02 23.96 23.58 23.61 23.95 24.05 23.66 23.48 23.71 24.19 24.19 24.20 24.11 24.19 24.13 24.12 24.02 23.89 24.08 23.94 23.97 24.05 24.12 24.06 23.85 23.50 23.55 23.53 23.71 23.70 23.67 23.64 23.21 23.33 23.43 23.48 23.60 23.65 23.47 23.22 23.20 23.36 23.27 23.51 23.47 23.41 23.50 23.43 23.11 23.15 23.31 23.49 23.09 22.71 22.08 22.72 21.97 21.66 21.69 22.24 23.33 23.25 22.67 21.90 22.37 22.00 22.54 21.78 21.87 22.59 22.89 22.75 23.26 22.52 22.85 23.03
23.96 23.93 23.93 23.58 23.36 23.64 23.94 23.93 23.84 24.06 24.13 24.11 24.18 24.07 23.98 24.03 24.12 24.13 24.06 23.91 23.85 23.91 23.89 24.05 23.97 23.78 23.49 23.58 23.69 23.46 23.38 23.49 23.30 23.34 23.68 23.55 23.52 23.35 23.27 23.35 23.39 23.23 23.40 23.45 23.43 23.53 23.43 23.79 23.96 23.37 23.24 23.06 23.01 22.64 22.26 22.59 22.34 22.31 22.32 22.28 22.20 22.97 22.28 22.54 22.39 21.91 21.63 21.43 21.56 21.62 22.22 22.47 22.51 22.70 21.94 23.06 23.49
24.14 24.10 23.89 23.72 23.69 23.29 23.75 23.85 24.02 24.16 24.16 24.09 24.13 24.07 23.98 23.89 24.01 24.06 24.09 24.04 23.89 23.84 23.80 23.77 23.75 23.62 23.70 23.85 23.76 23.63 23.53 23.65 23.66 23.63 23.69 23.55 23.54 23.64 23.51 23.33 23.44 23.33 23.51 23.53 23.22 23.49 23.57 23.72 23.79 23.84 23.68 22.84 22.52 22.40 22.70 22.99 22.60 22.07 22.40 21.96 21.65 21.88 22.42 22.32 21.99 22.69 22.25 21.93 22.35 22.75 22.48 22.10 22.07 22.06 22.21 22.45 22.67
24.01 23.99 23.93 23.85 23.95 23.99 24.10 24.13 24.13 24.16 24.19 24.14 24.15 24.05 24.08 24.00 23.95 24.02 24.01 24.03 23.71 23.71 23.82 23.67 23.74 23.62 23.76 23.86 23.84 23.81 23.72 23.75 23.64 23.62 23.54 23.40 23.45 23.60 23.64 23.75 23.59 23.39 23.57 23.69 23.73 23.84 23.81 23.81 23.36 23.43 23.40 22.91 23.10 22.98 22.61 22.72 22.72 22.41 22.70 22.43 22.38 21.46 22.00 22.82 22.23 22.62 22.78 22.71 22.98 23.23 22.22 22.19 22.31 22.43 22.22 22.19 22.63
24.23 24.02 24.09 24.06 23.73 23.88 23.93 24.21 24.19 24.15 24.19 24.20 24.22 24.16 23.96 23.83 24.11 24.07 24.01 23.94 23.84 23.76 23.66 23.69 23.65 23.86 23.89 23.88 23.84 23.85 23.80 23.66 23.49 23.45 23.55 23.23 23.34 23.25 23.77 23.83 23.86 24.07 23.98 23.85 23.94 24.18 23.79 23.75 23.46 23.45 23.69 23.58 22.73 22.82 22.35 22.29 22.51 22.57 23.09 22.09 22.03 22.25 22.25 22.51 22.76 22.95 22.61 22.88 23.06 23.03 22.69 21.97 22.10 22.36 22.08 22.04 22.58
24.21 23.94 23.85 23.97 24.02 24.08 24.10 24.23 24.23 24.22 24.17 24.20 24.17 23.98 23.90 24.01 24.06 24.00 23.91 23.96 23.90 23.79 23.75 23.73 23.83 23.90 23.82 23.82 23.73 23.74 23.43 23.56 23.52 23.39 23.35 23.39 23.31 23.71 23.90 24.10 24.22 24.18 23.69 23.82 23.85 23.72 23.53 23.60 23.67 23.68 23.64 23.20 23.16 22.76 22.54 22.21 22.84 23.09 22.83 22.80 22.34 23.21 22.73 22.98 23.18 23.67 23.60 23.60 23.49 23.26 22.82 22.45 22.68 23.23 22.97 22.21 22.26
