main/data/irradiance/11.02.2023.grid
ncols 839
nrows 679
xllcenter 112.0500
yllcenter -43.9500
cellsize 0.0500
nodata_value 99999.90
[rows 272 to 305 of 679, columns 154 to 230 of 839]
21.89 23.70 23.03 23.85 26.18 24.95 26.93 27.56 26.17 26.00 25.96 26.70 26.90 26.48 26.79 27.10 27.94 27.34 26.29 26.28 25.55 24.47 25.87 25.22 23.46 24.42 22.83 24.01 22.42 23.86 24.60 26.60 25.01 23.86 24.81 26.86 26.20 27.87 27.85 27.87 27.23 27.76 27.40 26.81 26.83 27.49 26.58 28.32 28.58 28.58 28.75 28.83 28.79 28.64 28.28 28.69 28.73 28.69 28.66 28.56 27.45 25.84 25.32 27.83 28.54 28.26 28.80 28.72 28.42 28.85 28.80 28.83 28.85 28.80 28.82 28.80 28.78
20.79 22.36 23.19 24.14 25.73 24.30 24.66 26.31 26.11 26.16 25.24 25.75 25.55 26.41 27.68 27.40 27.33 27.51 26.55 25.83 25.55 25.09 26.22 25.71 24.31 24.08 23.83 23.38 23.43 24.18 25.05 25.52 23.22 23.76 24.71 26.40 27.19 27.17 27.52 27.17 27.28 28.01 27.91 27.00 25.37 27.65 27.52 27.74 28.40 28.63 28.73 28.60 28.45 28.75 28.09 28.61 28.69 28.62 28.58 28.66 28.47 27.35 28.26 28.72 28.62 28.69 28.51 28.73 28.78 28.82 28.87 28.85 28.83 28.80 28.78 28.76 28.77
18.92 22.91 24.24 24.95 25.38 25.32 24.96 26.36 26.40 26.55 26.06 26.66 26.27 26.21 27.02 27.31 27.42 26.88 26.29 26.10 25.82 25.64 26.25 25.98 25.09 23.88 22.46 21.45 22.83 24.93 25.22 25.42 24.30 23.86 23.97 24.84 26.83 27.70 27.43 27.51 27.82 27.66 27.09 27.24 27.40 27.25 26.98 27.72 28.38 28.46 28.38 28.09 28.36 28.63 28.46 28.62 28.62 28.62 28.64 28.59 28.47 28.51 28.53 28.62 28.66 28.54 28.34 28.77 28.79 28.80 28.84 28.80 28.79 28.80 28.78 28.78 28.82
18.02 22.09 25.29 25.42 26.52 24.75 25.20 26.78 27.98 27.17 26.34 27.29 26.32 24.92 26.22 26.02 25.58 25.97 26.14 25.53 25.32 25.39 25.08 25.85 24.30 25.08 23.39 23.48 22.99 23.93 25.21 27.08 26.77 23.73 23.01 24.85 27.08 26.81 26.63 25.58 26.39 26.83 27.23 26.76 27.30 27.79 27.65 27.60 28.00 28.02 27.59 27.88 28.08 28.35 28.50 28.38 28.61 28.68 28.60 28.54 28.55 28.52 28.50 28.50 28.56 28.20 28.45 28.58 28.80 28.82 28.79 28.81 28.75 28.72 28.68 28.72 28.78
16.81 20.77 24.66 25.40 26.13 25.34 26.18 26.65 27.41 28.23 26.59 26.65 26.71 26.04 26.47 26.05 25.10 25.67 25.59 26.01 25.95 24.58 24.93 24.76 24.85 24.92 23.70 22.94 23.95 22.68 24.84 27.58 27.42 23.97 23.89 24.32 25.97 26.53 26.54 25.43 26.39 27.42 26.62 25.96 27.67 27.48 26.93 27.57 28.53 28.17 27.48 28.07 27.64 28.34 28.52 28.65 28.52 28.57 28.62 28.56 28.57 28.53 28.48 28.50 28.48 28.19 28.27 28.66 28.76 28.76 28.83 28.83 28.77 28.69 28.62 28.58 28.76
15.01 19.31 22.88 24.92 25.84 26.49 26.29 26.76 27.22 26.96 27.29 25.94 26.48 26.28 26.58 25.67 25.05 26.24 25.35 25.81 25.43 24.83 24.79 24.71 25.21 24.58 24.78 24.37 24.89 23.84 24.52 25.97 25.46 22.85 22.76 23.94 25.75 25.68 25.34 25.34 26.58 26.53 27.19 26.98 27.03 27.80 26.55 27.55 28.11 28.07 28.35 27.82 27.44 28.57 28.64 28.57 28.45 28.55 28.57 28.60 28.54 28.48 28.51 28.48 28.58 28.31 28.33 28.59 28.77 28.75 28.76 28.74 28.71 28.72 28.45 28.29 28.72
13.52 15.82 18.36 20.63 23.97 24.73 26.59 26.11 27.37 26.22 26.51 25.88 25.65 25.72 25.63 26.08 25.75 26.33 25.70 25.49 24.70 24.12 24.03 25.96 25.20 23.01 25.16 24.53 24.59 23.56 22.74 24.81 23.67 22.92 22.58 21.96 25.30 25.32 24.91 24.86 25.53 26.99 27.79 25.57 25.70 28.27 28.14 27.78 27.22 28.09 28.56 27.34 28.24 28.54 28.59 28.64 28.60 28.54 28.53 28.58 28.50 28.45 28.43 28.54 28.61 28.49 28.47 28.65 28.74 28.78 28.72 28.67 28.67 28.55 28.12 28.51 28.68
13.27 12.60 15.68 17.17 22.97 24.80 24.39 24.06 25.53 26.04 26.03 24.98 25.16 24.81 25.00 26.04 26.20 25.85 25.33 26.31 24.44 23.02 23.29 25.49 25.46 24.06 25.84 25.15 23.91 24.85 23.12 24.29 23.08 23.56 22.14 20.51 22.92 24.96 24.65 24.45 25.15 27.15 28.10 27.64 26.58 27.09 28.17 27.92 27.45 28.17 28.25 28.38 28.18 28.36 28.52 28.62 28.46 28.58 28.61 28.63 28.56 28.59 28.63 28.65 28.69 28.50 28.65 28.81 28.78 28.67 28.72 28.66 28.58 28.58 28.01 28.04 28.53
11.39 14.23 16.50 16.32 21.21 23.59 23.78 22.91 24.56 24.24 24.99 24.54 24.97 25.18 25.19 25.40 26.47 24.96 25.01 24.69 22.27 21.79 24.03 25.13 25.60 25.35 26.20 26.63 26.30 25.64 25.41 24.61 22.92 22.58 23.35 22.27 23.38 24.83 25.40 24.47 25.37 26.24 27.47 27.98 26.63 26.00 27.23 27.19 27.34 27.74 28.08 27.92 27.56 28.00 28.56 28.24 27.98 28.48 28.73 28.72 28.78 28.74 28.77 28.75 28.74 28.65 28.65 28.66 28.66 28.65 28.67 28.70 28.70 28.69 28.37 27.80 28.27
11.11 13.75 19.25 19.39 19.77 22.92 23.63 24.35 24.10 22.06 23.23 23.35 24.24 23.77 24.09 25.52 26.15 25.18 25.12 23.28 21.14 23.71 25.10 25.48 26.04 25.20 25.63 25.45 27.07 24.70 23.57 24.79 24.16 23.59 23.80 22.91 23.01 26.03 26.08 23.36 24.43 25.57 26.10 26.94 27.86 27.25 27.17 27.33 27.39 27.56 27.70 27.84 27.78 28.01 28.45 27.71 28.10 28.68 28.69 28.75 28.68 28.65 28.66 28.70 28.71 28.63 28.68 28.68 28.63 28.62 28.72 28.71 28.61 28.55 28.41 28.08 28.47
13.63 13.77 16.31 18.41 19.56 21.43 22.80 23.86 22.92 20.17 22.60 23.13 22.63 22.92 22.74 24.51 25.28 24.82 23.31 22.10 22.80 23.77 25.58 25.80 26.19 26.56 25.94 26.39 25.19 22.96 23.40 24.06 26.30 24.25 24.17 22.71 23.46 25.81 25.88 23.79 25.03 25.70 25.68 27.64 27.79 26.44 26.49 27.16 27.46 27.45 27.50 27.60 27.97 27.65 27.98 28.40 28.48 28.50 28.43 28.52 28.60 28.56 28.62 28.63 28.65 28.74 28.65 28.64 28.60 28.62 28.55 28.56 28.53 28.57 28.46 28.01 28.09
17.89 13.96 13.58 17.64 18.52 18.84 20.26 22.53 20.56 19.38 22.39 23.09 21.19 21.68 23.78 24.43 24.02 22.18 22.10 22.45 23.86 23.04 25.54 26.18 26.47 25.91 26.21 26.08 23.80 21.66 20.74 23.94 26.12 25.22 23.91 23.27 22.44 23.71 25.90 23.67 24.81 23.88 25.58 27.93 27.66 26.47 26.67 27.30 26.87 26.52 27.46 27.15 28.09 27.45 27.67 28.28 28.39 28.31 28.14 28.34 28.55 28.57 28.52 28.55 28.56 28.70 28.66 28.55 28.52 28.47 28.44 28.46 28.50 28.57 28.42 28.04 27.98
19.67 18.54 16.13 18.34 17.57 18.63 18.88 21.00 19.67 18.58 21.79 21.34 20.89 21.04 22.58 22.52 20.52 20.41 20.61 22.61 23.02 24.16 25.82 24.94 26.06 26.27 26.35 25.28 23.02 22.40 20.54 21.88 23.27 25.07 24.15 24.55 23.63 24.56 24.14 23.34 24.63 24.50 25.17 27.14 26.77 27.01 25.91 27.00 26.73 25.26 26.32 27.44 27.57 27.34 28.16 28.09 27.52 28.13 27.78 28.26 28.47 28.39 28.44 28.41 28.54 28.48 28.46 28.48 28.45 28.40 28.46 28.53 28.57 28.60 28.55 28.06 28.00
20.53 19.02 18.04 17.38 16.87 16.81 19.38 19.21 19.47 20.73 24.22 22.72 21.72 22.40 23.32 21.79 20.09 21.38 21.97 22.56 22.13 23.43 25.63 25.51 25.61 26.17 25.83 25.46 24.77 21.83 21.64 22.20 22.75 22.54 23.67 24.03 23.01 22.65 24.98 24.65 25.06 24.13 26.57 26.85 27.34 27.39 27.08 26.81 26.74 26.32 25.73 26.87 27.01 28.10 27.85 26.92 27.84 28.06 27.69 28.15 28.38 28.32 28.40 28.49 28.48 28.48 28.45 28.46 28.44 28.45 28.46 28.52 28.56 28.59 28.59 28.27 28.01
19.45 20.53 20.39 18.31 18.34 17.94 19.68 17.67 17.42 21.47 23.99 25.60 24.65 24.53 23.98 24.57 22.35 22.74 22.52 21.02 21.10 22.32 25.00 25.60 25.22 25.48 26.55 25.86 25.77 22.67 21.57 21.49 22.16 20.99 21.70 23.82 24.44 25.22 24.07 23.66 23.82 24.41 27.18 27.96 27.36 26.92 27.05 27.30 27.59 27.54 25.30 26.95 28.20 27.66 26.75 27.01 27.70 27.34 27.46 27.91 28.31 28.40 28.25 28.37 28.35 28.47 28.48 28.40 28.38 28.40 28.50 28.55 28.60 28.52 28.67 28.56 28.11
20.56 20.20 20.36 20.36 19.24 18.26 18.26 17.92 18.05 20.82 23.33 25.63 25.08 25.55 25.16 25.37 23.86 24.19 21.70 21.29 21.98 23.14 24.73 25.48 25.22 26.23 26.40 26.22 25.16 23.78 22.50 19.48 21.03 19.78 20.72 22.89 24.15 24.60 24.37 23.72 23.26 24.53 26.26 27.87 26.07 26.49 25.97 27.21 26.86 27.54 26.12 26.92 27.79 26.64 27.19 28.34 27.71 26.81 27.26 28.15 27.98 27.90 27.90 27.97 28.19 28.38 28.50 28.41 28.40 28.48 28.51 28.52 28.53 28.58 28.60 28.52 28.42
22.43 22.24 22.26 21.44 19.98 19.08 18.87 18.49 18.33 22.01 24.29 25.57 25.18 24.88 25.89 25.29 24.33 25.70 23.93 23.03 23.51 23.44 24.62 24.41 24.69 25.90 25.77 26.37 25.92 25.08 22.34 20.14 20.40 20.82 21.50 22.23 22.62 24.45 24.01 23.25 22.67 23.52 25.30 26.54 25.81 26.14 26.10 25.65 27.10 27.45 26.68 26.84 26.76 27.47 27.82 28.26 26.81 26.86 27.10 27.54 27.42 27.34 26.78 27.28 27.66 28.45 28.47 28.43 28.57 28.55 28.46 28.49 28.46 28.53 28.48 28.38 27.94
22.51 22.60 22.31 22.99 21.00 20.01 19.55 19.33 19.15 21.29 22.76 24.84 24.75 25.32 24.03 23.22 23.39 23.01 22.26 23.44 24.36 24.34 24.75 24.37 24.52 24.35 25.59 24.01 24.25 23.56 22.68 21.76 23.73 21.47 21.27 22.52 22.55 24.47 22.68 21.93 22.66 23.95 25.87 27.13 27.26 26.14 25.20 25.80 25.86 28.44 27.45 26.30 26.57 27.92 27.87 27.37 26.08 26.98 27.63 27.74 27.30 27.16 26.52 27.11 27.32 28.33 28.39 28.07 28.41 28.53 28.52 28.44 28.20 28.53 28.44 28.35 27.96
21.82 21.55 21.94 23.80 22.49 21.05 20.84 20.08 19.45 21.09 22.71 22.61 24.64 23.99 24.31 21.96 22.38 22.64 21.82 23.51 24.64 24.01 24.21 22.98 23.88 22.34 23.55 23.94 23.30 21.50 22.16 21.41 24.75 22.37 21.31 23.20 23.00 22.62 22.55 22.29 22.77 22.43 26.33 27.32 28.07 27.07 25.40 27.23 24.71 27.82 27.57 27.71 27.15 27.70 26.79 26.85 26.21 27.26 27.33 27.42 26.77 26.99 26.63 26.95 26.58 28.25 28.39 27.87 27.40 28.59 28.46 28.14 27.50 28.20 28.37 28.06 28.48
21.24 21.61 22.40 22.98 22.60 21.04 20.69 20.66 20.10 22.54 22.77 20.77 21.28 22.70 23.01 22.86 21.00 20.25 21.55 22.21 23.88 23.11 22.28 20.26 22.12 22.48 22.03 24.51 22.21 21.27 20.96 22.03 23.82 22.22 23.41 23.47 21.75 21.64 22.74 21.99 22.90 23.10 26.23 26.86 27.07 27.46 26.76 27.02 25.37 26.98 25.99 27.33 27.17 26.81 26.13 25.59 26.08 27.49 27.18 26.20 26.76 28.02 26.22 25.82 26.66 28.39 28.31 28.33 27.98 27.39 28.54 27.85 27.26 27.59 28.25 28.01 27.95
20.42 21.88 22.68 22.91 22.06 20.10 20.91 20.63 21.64 22.06 22.96 20.09 20.95 21.57 21.70 21.40 20.51 20.94 21.44 21.57 22.39 22.05 20.41 20.11 20.62 22.10 21.60 24.51 21.97 21.95 20.94 21.96 23.74 23.17 25.14 23.49 21.84 23.01 22.63 22.43 23.61 24.18 23.58 24.96 26.16 27.73 27.48 27.79 26.41 26.80 27.43 26.73 27.50 26.59 27.05 26.95 26.72 27.19 26.69 27.16 27.71 28.21 26.77 27.22 27.25 28.34 28.33 28.39 28.51 27.92 27.91 27.60 26.59 27.11 26.77 26.56 27.74
20.81 21.30 22.01 22.77 21.19 20.08 20.60 21.30 21.15 21.22 22.46 20.97 21.17 20.98 20.87 20.79 19.50 20.38 22.90 22.21 22.24 21.37 21.61 21.50 19.38 21.80 19.77 23.13 23.29 23.18 20.98 21.17 21.66 23.82 24.79 24.12 22.49 22.17 23.90 23.04 24.73 25.16 24.09 23.96 24.83 25.55 26.00 27.39 27.43 25.53 26.06 25.43 26.27 26.42 26.87 27.26 27.08 25.69 24.59 27.77 27.96 27.89 27.56 27.76 27.42 28.00 28.38 28.45 28.56 27.58 28.08 27.12 27.67 26.57 25.67 24.56 27.14
21.38 21.04 20.92 21.36 21.10 20.88 22.61 21.82 20.69 20.88 21.68 20.97 20.79 19.95 20.52 19.91 18.99 19.85 21.72 22.06 23.08 22.54 22.31 21.82 22.03 22.25 20.83 23.23 22.93 22.00 19.61 21.67 22.07 23.16 24.26 25.04 22.77 21.11 23.46 22.77 25.34 25.71 23.92 25.22 25.70 23.38 24.35 26.97 27.55 26.80 25.62 23.91 26.13 26.70 26.52 26.91 27.56 25.85 25.19 27.64 26.54 27.46 27.24 27.48 27.34 28.05 28.29 28.44 28.38 27.32 27.89 27.41 27.39 24.98 23.50 24.12 25.39
21.32 22.21 22.88 23.82 21.60 21.41 23.08 22.03 20.53 21.81 21.76 20.70 20.67 20.97 20.33 19.39 18.58 20.41 21.25 21.47 22.92 23.95 22.37 21.96 22.73 22.72 22.66 24.38 22.55 21.91 20.19 21.93 22.92 22.01 22.72 25.49 24.07 23.69 22.47 23.26 24.54 24.67 23.40 24.99 26.60 25.27 23.78 27.22 27.68 24.82 24.95 24.97 26.16 26.52 25.80 27.38 27.70 25.44 26.19 27.50 26.49 27.01 27.27 27.83 27.73 28.12 28.19 27.70 27.39 27.35 27.56 26.98 26.30 24.75 22.39 22.97 23.75
22.41 22.81 24.40 23.80 23.07 22.10 22.01 22.11 22.40 21.70 19.37 19.95 21.52 20.55 20.59 19.47 19.81 20.85 22.69 23.03 23.99 23.16 22.52 22.50 23.71 23.13 23.32 24.07 23.42 21.96 22.12 22.72 22.83 21.35 23.19 24.82 26.09 23.77 22.72 23.74 24.60 24.82 23.72 24.55 27.25 26.84 25.75 26.44 27.69 25.94 24.17 25.56 26.63 26.22 25.96 27.41 26.86 25.97 26.81 25.97 26.26 27.18 27.41 27.14 27.27 27.91 27.99 26.87 26.10 27.04 27.44 26.38 25.45 25.83 24.37 22.38 22.62
21.98 23.34 23.33 22.00 22.84 22.09 22.30 21.51 21.57 20.54 19.06 20.11 19.41 18.95 19.53 19.44 20.82 21.81 23.10 25.02 25.17 24.06 23.74 22.09 22.21 22.50 22.19 23.11 22.83 22.86 24.55 24.84 21.58 22.53 21.89 24.79 26.65 24.29 24.17 23.94 23.16 24.81 25.69 25.05 27.79 26.79 27.69 26.23 27.05 27.11 25.19 24.56 27.50 26.31 26.76 27.20 27.44 26.97 26.43 25.18 26.26 26.97 26.88 27.08 27.11 27.58 27.98 27.72 26.36 26.65 26.43 26.18 25.79 26.36 24.93 22.45 21.18
22.51 21.98 21.80 20.32 21.59 21.44 20.92 20.86 21.44 19.64 18.84 20.16 20.99 21.36 20.04 20.49 23.14 24.61 25.05 24.47 22.97 22.79 23.69 22.02 22.53 23.46 23.06 22.50 23.25 24.31 24.63 26.72 22.51 22.65 23.51 24.50 26.04 25.64 25.28 23.10 22.33 24.29 26.45 26.52 25.70 25.39 26.64 25.92 25.96 26.85 26.71 25.41 26.70 27.28 26.75 25.91 27.91 27.27 26.16 26.40 27.07 27.81 27.48 26.85 27.36 27.68 27.72 28.06 26.58 27.34 26.23 25.75 25.32 25.12 24.14 22.39 21.41
20.70 21.04 19.37 19.20 20.87 20.60 20.68 21.58 20.48 19.01 20.57 22.13 21.41 19.85 21.69 21.95 23.05 24.05 25.64 25.04 24.76 25.19 23.57 22.11 20.31 21.41 23.30 23.50 23.75 25.64 21.86 25.13 22.30 21.89 22.98 22.55 25.42 25.56 26.07 24.98 24.36 25.17 26.40 27.30 24.13 25.87 26.23 26.14 27.20 26.95 27.30 26.71 24.49 25.46 25.68 25.46 26.56 25.99 25.52 26.37 27.18 27.75 27.96 26.64 27.02 27.54 27.66 27.84 27.00 26.71 26.40 26.02 25.05 24.45 24.05 20.68 22.04
17.66 19.06 19.45 19.52 21.13 22.25 22.19 20.31 20.19 19.96 20.07 19.60 19.68 19.29 21.03 23.21 22.70 24.02 25.00 26.28 26.28 25.98 24.94 23.94 21.92 20.37 22.23 23.59 24.54 24.41 21.52 23.69 23.35 21.63 20.94 21.88 26.10 26.95 25.97 24.87 24.46 25.73 27.01 27.41 26.01 25.62 26.38 26.73 25.76 25.26 26.33 27.96 24.80 25.58 26.65 25.67 25.10 25.15 24.67 25.05 26.89 28.17 27.14 25.56 26.80 27.10 27.23 26.86 26.94 26.17 26.21 26.58 24.66 23.63 23.76 21.23 20.33
14.85 16.49 18.27 19.51 20.95 22.77 21.62 20.20 19.23 18.12 19.21 20.02 20.55 20.02 23.20 22.97 23.56 23.96 23.61 25.19 25.55 25.65 26.56 24.97 22.49 22.17 21.75 23.58 25.71 25.01 20.87 23.00 23.05 21.93 22.39 21.52 25.79 26.47 27.34 26.27 24.39 26.46 25.56 26.57 26.60 24.59 25.35 26.32 26.13 25.23 26.19 27.46 26.71 25.40 26.59 27.21 25.77 24.01 24.91 25.62 26.61 28.18 27.50 26.53 26.93 27.08 26.68 26.78 26.80 26.11 25.11 26.06 25.23 22.62 21.68 22.02 21.63
14.48 14.94 18.32 17.31 17.32 20.14 19.89 17.85 17.80 17.21 19.66 20.20 20.08 21.38 23.52 20.96 21.52 22.94 23.76 24.70 23.84 24.09 25.86 23.77 23.91 22.62 20.98 21.94 25.59 25.70 22.05 22.67 23.33 20.20 22.76 20.95 24.82 27.09 27.37 27.05 26.12 25.59 26.45 26.73 26.51 26.42 26.02 24.65 26.41 24.11 24.70 26.94 24.42 25.40 25.68 27.38 25.87 24.39 24.16 25.27 27.55 27.80 27.81 26.71 27.02 26.27 26.86 26.23 26.03 26.02 24.65 25.19 25.63 22.97 20.22 22.68 23.01
12.69 12.50 15.24 15.22 15.72 17.10 18.27 17.49 17.47 19.56 19.81 19.68 20.34 21.13 22.37 22.51 21.98 22.30 23.33 22.99 24.31 23.77 23.64 22.90 23.05 22.11 21.20 21.06 24.03 25.46 23.23 21.83 22.15 20.65 22.39 21.45 23.84 23.83 25.30 27.11 26.70 26.23 26.92 26.61 25.58 26.69 26.07 25.79 24.72 25.42 24.85 25.44 24.87 24.73 25.62 26.32 26.29 25.16 23.76 24.37 26.50 27.51 27.57 27.61 26.82 26.20 26.48 25.89 25.75 25.62 24.28 24.40 25.23 23.45 21.26 22.58 22.05
12.41 13.76 14.25 14.47 15.53 16.64 17.98 17.29 17.87 19.80 20.55 22.13 21.63 22.40 22.54 22.36 23.43 23.25 22.07 22.72 24.65 24.29 24.72 24.50 22.83 22.95 21.65 21.83 22.16 23.74 24.60 22.11 21.02 19.96 20.93 22.02 24.06 23.90 23.84 25.37 27.25 27.17 27.31 27.77 26.45 26.62 27.05 26.79 25.68 25.01 25.00 24.09 25.54 23.97 25.22 25.05 25.83 25.27 24.12 23.71 25.16 26.91 27.64 27.39 24.92 24.50 26.05 25.27 25.26 24.78 23.76 24.31 24.21 25.24 22.16 21.92 21.81
12.85 14.11 14.74 15.88 15.82 16.12 17.55 18.78 22.04 20.33 22.36 22.87 22.88 24.08 23.68 22.35 22.50 22.91 22.85 24.65 25.29 25.44 24.98 25.68 22.95 21.26 20.27 21.23 21.05 23.40 24.73 23.71 22.93 20.38 22.37 23.31 25.44 23.80 23.22 24.77 26.29 27.73 27.60 27.47 27.52 27.27 27.31 27.12 26.99 25.47 24.67 23.89 25.07 24.74 24.83 24.68 26.07 25.00 24.35 24.70 24.84 24.58 25.13 26.62 25.02 25.12 25.81 25.13 24.67 23.76 23.37 23.85 22.69 24.16 24.19 24.29 22.34
