main/data/irradiance/11.07.2023.grid
ncols 839
nrows 679
xllcenter 112.0500
yllcenter -43.9500
cellsize 0.0500
nodata_value 99999.90
[rows 68 to 101 of 679, columns 231 to 307 of 839]
99999.90 99999.90 99999.90 99999.90 99999.90 99999.90 99999.90 99999.90 99999.90 99999.90 99999.90 99999.90 99999.90 99999.90 99999.90 99999.90 99999.90 99999.90 99999.90 99999.90 99999.90 99999.90 99999.90 99999.90 99999.90 99999.90 99999.90 99999.90 99999.90 99999.90 99999.90 99999.90 99999.90 99999.90 99999.90 99999.90 99999.90 99999.90 99999.90 99999.90 19.98 19.98 19.98 19.98 19.98 19.98 19.98 19.98 19.98 19.98 19.98 19.98 19.98 19.98 19.98 19.98 19.98 19.98 19.98 19.98 19.98 19.98 19.98 19.98 19.98 19.98 20.04 20.03 20.03 20.03 20.03 20.03 20.03 20.03 20.03 20.00 20.00
99999.90 99999.90 99999.90 99999.90 99999.90 99999.90 99999.90 99999.90 99999.90 99999.90 99999.90 99999.90 99999.90 99999.90 99999.90 99999.90 99999.90 99999.90 99999.90 99999.90 99999.90 99999.90 99999.90 99999.90 99999.90 99999.90 99999.90 99999.90 99999.90 99999.90 99999.90 99999.90 99999.90 99999.90 99999.90 99999.90 99999.90 99999.90 99999.90 99999.90 19.98 19.98 19.98 19.98 19.98 19.98 19.98 19.98 19.98 19.98 19.98 19.98 19.98 19.98 19.98 19.98 19.98 19.98 19.98 19.98 19.98 19.98 19.98 19.98 19.98 19.98 20.04 20.03 20.03 20.03 20.03 20.03 20.03 20.03 19.96 20.00 20.00
99999.90 99999.90 99999.90 99999.90 99999.90 99999.90 99999.90 99999.90 99999.90 99999.90 99999.90 99999.90 99999.90 99999.90 99999.90 99999.90 99999.90 99999.90 99999.90 99999.90 99999.90 99999.90 99999.90 99999.90 99999.90 99999.90 99999.90 99999.90 99999.90 99999.90 99999.90 99999.90 99999.90 99999.90 99999.90 99999.90 99999.90 99999.90 19.88 19.88 19.98 19.98 19.98 19.98 19.98 19.98 19.98 19.98 19.98 19.98 19.98 19.98 19.98 19.98 19.98 19.98 19.98 19.98 19.98 19.98 19.98 19.98 19.98 19.98 19.98 19.98 20.04 20.03 20.03 20.03 20.03 20.03 20.03 20.03 19.96 20.00 20.00
99999.90 99999.90 99999.90 99999.90 99999.90 99999.90 99999.90 99999.90 99999.90 99999.90 99999.90 99999.90 99999.90 99999.90 99999.90 99999.90 99999.90 99999.90 99999.90 99999.90 99999.90 99999.90 99999.90 99999.90 99999.90 99999.90 99999.90 99999.90 99999.90 99999.90 99999.90 99999.90 99999.90 99999.90 99999.90 99999.90 99999.90 99999.90 19.88 19.88 19.88 19.98 19.98 19.98 19.98 19.98 19.98 19.98 19.98 19.98 19.98 19.98 19.98 19.98 19.98 19.98 19.98 19.98 19.98 19.98 19.98 19.98 19.98 19.98 19.98 19.98 20.04 20.03 20.03 20.03 20.03 20.03 20.03 19.96 19.96 20.00 20.00
99999.90 99999.90 99999.90 99999.90 99999.90 99999.90 99999.90 99999.90 99999.90 99999.90 99999.90 99999.90 99999.90 99999.90 99999.90 99999.90 99999.90 99999.90 99999.90 99999.90 99999.90 99999.90 99999.90 99999.90 99999.90 99999.90 99999.90 99999.90 99999.90 99999.90 99999.90 99999.90 99999.90 99999.90 99999.90 99999.90 99999.90 99999.90 19.88 19.88 19.88 19.88 19.98 19.98 19.98 19.98 19.98 19.98 19.98 19.98 19.98 19.98 19.98 19.98 19.98 19.98 19.94 19.98 19.98 19.98 19.98 19.98 19.98 19.98 19.98 19.98 20.04 20.03 20.03 20.03 20.03 20.03 20.01 19.96 19.96 20.00 20.00
99999.90 99999.90 99999.90 99999.90 99999.90 99999.90 99999.90 99999.90 99999.90 99999.90 99999.90 99999.90 99999.90 99999.90 99999.90 99999.90 99999.90 99999.90 99999.90 99999.90 99999.90 99999.90 99999.90 99999.90 99999.90 99999.90 99999.90 99999.90 99999.90 99999.90 99999.90 99999.90 99999.90 99999.90 99999.90 99999.90 99999.90 99999.90 19.88 19.88 19.88 19.88 19.88 19.98 19.98 19.98 19.98 19.98 19.98 19.98 19.98 19.98 19.98 19.98 19.98 19.98 19.94 20.00 19.98 19.98 19.98 19.98 19.98 19.98 19.98 19.98 20.04 20.03 20.03 20.03 20.03 20.01 20.01 19.96 19.96 20.00 20.00
99999.90 99999.90 99999.90 99999.90 99999.90 99999.90 99999.90 99999.90 99999.90 99999.90 99999.90 99999.90 99999.90 99999.90 99999.90 99999.90 99999.90 99999.90 99999.90 99999.90 99999.90 99999.90 99999.90 99999.90 99999.90 99999.90 99999.90 99999.90 99999.90 99999.90 99999.90 99999.90 99999.90 99999.90 99999.90 99999.90 99999.90 99999.90 19.88 19.88 19.88 19.88 19.88 19.88 19.98 19.98 19.98 19.98 19.98 19.98 19.98 19.98 19.98 19.98 19.98 19.94 19.94 20.00 19.98 19.98 19.98 19.98 19.98 19.98 19.98 19.98 20.04 20.03 20.03 20.03 20.01 20.01 19.96 19.96 19.96 20.00 20.00
99999.90 99999.90 99999.90 99999.90 99999.90 99999.90 99999.90 99999.90 99999.90 99999.90 99999.90 99999.90 99999.90 99999.90 99999.90 99999.90 99999.90 99999.90 99999.90 99999.90 99999.90 99999.90 99999.90 99999.90 99999.90 99999.90 99999.90 99999.90 99999.90 99999.90 19.96 19.96 19.96 19.96 19.96 19.96 19.96 19.96 19.96 19.96 19.88 19.88 19.88 19.88 19.88 19.98 19.98 19.98 19.98 19.98 19.98 19.98 19.98 19.98 19.98 19.94 19.94 20.00 20.00 19.98 19.98 19.98 19.98 19.98 19.98 19.98 20.04 20.03 20.03 20.01 20.01 20.00 19.96 19.96 19.96 20.00 20.00
99999.90 99999.90 99999.90 99999.90 99999.90 99999.90 99999.90 99999.90 99999.90 99999.90 99999.90 99999.90 99999.90 99999.90 99999.90 99999.90 99999.90 99999.90 99999.90 99999.90 99999.90 99999.90 99999.90 99999.90 99999.90 99999.90 99999.90 99999.90 99999.90 99999.90 19.96 19.96 19.96 19.96 19.96 19.96 19.96 19.96 19.96 19.96 19.88 19.88 19.88 19.88 19.88 19.88 19.98 19.98 19.98 19.98 19.98 19.98 19.98 19.98 19.98 19.94 19.94 20.00 20.00 20.00 20.02 20.02 20.02 20.02 20.02 20.03 20.03 20.01 20.01 20.01 20.00 20.00 19.96 19.96 19.96 20.00 20.00
99999.90 99999.90 99999.90 99999.90 99999.90 99999.90 99999.90 99999.90 99999.90 99999.90 99999.90 99999.90 99999.90 99999.90 99999.90 99999.90 99999.90 99999.90 99999.90 99999.90 99999.90 99999.90 99999.90 99999.90 99999.90 99999.90 99999.90 99999.90 99999.90 99999.90 19.96 19.96 19.96 19.96 19.96 19.96 19.96 19.96 19.96 19.96 19.96 19.88 19.88 19.88 19.88 19.88 19.88 19.98 19.98 19.98 19.98 19.98 19.98 19.98 19.94 19.94 19.94 20.00 20.00 20.00 20.02 20.02 20.02 20.02 20.02 20.01 19.99 19.97 19.97 20.00 20.00 20.00 19.96 19.96 19.96 20.00 20.00
99999.90 99999.90 99999.90 99999.90 99999.90 99999.90 99999.90 99999.90 99999.90 99999.90 99999.90 99999.90 99999.90 99999.90 99999.90 99999.90 99999.90 99999.90 99999.90 99999.90 99999.90 99999.90 99999.90 99999.90 99999.90 99999.90 99999.90 99999.90 99999.90 99999.90 19.96 19.96 19.96 19.96 19.96 19.96 19.96 19.96 19.96 19.96 19.96 19.99 19.88 19.88 19.88 19.88 19.88 19.88 19.98 19.98 19.98 19.98 19.98 19.98 19.94 19.94 19.94 20.00 20.00 20.00 20.00 19.82 19.86 19.86 19.91 19.91 20.06 20.02 19.98 20.00 20.00 19.94 19.96 19.96 19.96 20.00 20.00
99999.90 99999.90 99999.90 99999.90 99999.90 99999.90 99999.90 99999.90 99999.90 99999.90 99999.90 99999.90 99999.90 99999.90 99999.90 99999.90 99999.90 99999.90 99999.90 99999.90 99999.90 19.79 19.79 19.79 19.79 19.79 19.79 19.79 19.79 19.79 19.79 19.79 19.96 19.96 19.96 19.96 19.96 19.96 19.96 19.96 19.96 19.99 19.88 19.88 19.88 19.88 19.88 19.88 19.88 19.90 19.98 19.98 19.98 19.98 19.94 19.94 19.94 20.00 20.00 20.00 20.00 19.82 19.82 19.86 19.86 19.91 19.94 19.92 19.94 19.94 19.96 19.94 19.94 19.90 19.97 19.96 20.01
99999.90 99999.90 99999.90 99999.90 99999.90 99999.90 99999.90 99999.90 99999.90 99999.90 99999.90 99999.90 99999.90 99999.90 99999.90 99999.90 99999.90 99999.90 99999.90 99999.90 99999.90 19.79 19.79 19.79 19.79 19.79 19.79 19.79 19.79 19.79 19.79 19.79 19.79 19.96 19.96 19.96 19.96 19.96 19.96 19.96 19.96 19.99 19.99 19.88 19.88 19.88 19.88 19.88 19.88 19.90 19.89 19.98 19.98 19.98 19.85 19.94 19.94 20.00 20.00 20.00 19.74 19.82 19.82 19.82 19.96 19.93 19.95 19.92 19.90 19.85 19.92 19.90 19.88 19.87 19.91 19.98 19.96
99999.90 99999.90 99999.90 99999.90 99999.90 99999.90 99999.90 99999.90 99999.90 99999.90 99999.90 99999.90 99999.90 99999.90 99999.90 99999.90 99999.90 99999.90 99999.90 99999.90 19.82 19.79 19.79 19.79 19.79 19.79 19.79 19.79 19.79 19.79 19.79 19.79 19.79 19.96 19.96 19.96 19.96 19.96 19.96 19.96 19.96 19.99 19.99 19.99 19.88 19.88 19.88 19.88 19.88 19.90 19.89 19.90 19.90 19.90 19.85 19.85 19.95 19.85 19.85 19.85 19.74 19.74 19.90 19.90 19.89 19.87 19.86 19.94 19.90 19.84 19.82 19.86 19.88 19.90 19.91 19.86 19.88
99999.90 99999.90 99999.90 99999.90 99999.90 99999.90 99999.90 99999.90 99999.90 99999.90 99999.90 99999.90 99999.90 99999.90 99999.90 99999.90 99999.90 99999.90 99999.90 99999.90 19.82 19.79 19.79 19.79 19.79 19.79 19.79 19.79 19.79 19.79 19.79 19.79 19.79 19.79 19.96 19.96 19.96 19.96 19.96 19.96 19.96 19.99 19.99 19.99 19.99 19.88 19.88 19.88 19.88 19.90 19.90 19.90 19.91 19.91 19.94 19.94 19.94 19.89 19.89 19.88 19.83 19.74 19.74 19.88 19.84 19.82 19.81 19.91 19.87 19.85 19.78 19.83 19.85 19.83 19.88 19.84 19.85
99999.90 99999.90 99999.90 99999.90 99999.90 99999.90 99999.90 99999.90 99999.90 99999.90 99999.90 99999.90 99999.90 99999.90 99999.90 99999.90 99999.90 99999.90 99999.90 99999.90 19.82 19.79 19.79 19.79 19.79 19.79 19.79 19.79 19.79 19.79 19.79 19.79 19.79 19.79 19.96 19.96 19.96 19.96 19.96 19.96 19.96 19.99 19.99 19.99 19.99 19.88 19.88 19.88 19.79 19.79 19.83 19.83 19.91 19.91 19.80 19.80 19.92 19.91 19.88 19.88 19.83 19.83 19.84 19.85 19.83 19.77 19.79 19.86 19.83 19.77 19.78 19.83 19.82 19.85 19.84 19.81 19.80
99999.90 99999.90 99999.90 99999.90 99999.90 99999.90 99999.90 99999.90 99999.90 99999.90 99999.90 99999.90 99999.90 99999.90 99999.90 99999.90 99999.90 99999.90 99999.90 99999.90 19.82 19.79 19.79 19.79 19.79 19.79 19.79 19.79 19.79 19.79 19.79 19.79 19.79 19.79 19.79 19.96 19.96 19.96 19.96 19.96 19.96 19.99 19.99 19.99 19.99 19.99 19.75 19.79 19.79 19.79 19.79 19.91 19.88 19.81 19.82 19.86 19.84 19.80 19.81 19.82 19.81 19.86 19.85 19.86 19.81 19.83 19.85 19.79 19.80 19.77 19.82 19.79 19.80 19.81 19.84 19.83 19.80
99999.90 99999.90 99999.90 99999.90 99999.90 99999.90 99999.90 99999.90 99999.90 99999.90 99999.90 99999.90 99999.90 99999.90 99999.90 99999.90 99999.90 99999.90 99999.90 99999.90 19.82 19.79 19.79 19.79 19.79 19.79 19.79 19.79 19.79 19.79 19.79 19.79 19.79 19.79 19.79 19.96 19.96 19.96 19.96 19.96 19.96 19.99 19.99 19.99 19.99 19.75 19.75 19.75 19.94 19.94 19.94 19.92 19.94 19.88 19.85 19.81 19.83 19.78 19.76 19.77 19.84 19.87 19.83 19.79 19.79 19.83 19.79 19.84 19.82 19.80 19.80 19.80 19.80 19.84 19.85 19.89 19.85
99999.90 99999.90 99999.90 99999.90 99999.90 99999.90 99999.90 99999.90 99999.90 99999.90 99999.90 99999.90 99999.90 99999.90 99999.90 99999.90 99999.90 99999.90 99999.90 99999.90 19.82 19.82 19.82 19.79 19.79 19.79 19.79 19.79 19.79 19.79 19.79 19.79 19.79 19.79 19.79 19.92 19.92 19.92 19.92 19.92 19.92 19.99 19.99 19.99 19.83 19.75 19.75 19.75 19.75 19.83 19.83 19.86 19.86 19.88 19.85 19.81 19.77 19.77 19.79 19.76 19.83 19.83 19.82 19.77 19.79 19.78 19.73 19.78 19.78 19.82 19.79 19.80 19.82 19.88 19.90 19.91 19.88
99999.90 99999.90 99999.90 99999.90 99999.90 99999.90 99999.90 99999.90 99999.90 99999.90 99999.90 99999.90 99999.90 99999.90 99999.90 99999.90 99999.90 99999.90 99999.90 99999.90 19.82 19.82 19.82 19.82 19.82 19.79 19.79 19.79 19.79 19.79 19.79 19.79 19.79 19.79 19.79 19.84 19.87 19.92 19.92 19.92 19.92 19.94 19.94 19.85 19.83 19.83 19.75 19.75 19.75 19.89 19.90 19.88 19.86 19.86 19.87 19.85 19.80 19.78 19.80 19.78 19.77 19.80 19.85 19.85 19.81 19.79 19.73 19.73 19.74 19.72 19.80 19.79 19.81 19.83 19.87 19.88 19.84
99999.90 99999.90 99999.90 99999.90 99999.90 99999.90 99999.90 99999.90 99999.90 99999.90 99999.90 99999.90 99999.90 99999.90 99999.90 99999.90 99999.90 99999.90 99999.90 99999.90 19.82 19.82 19.82 19.82 19.82 19.82 19.82 19.79 19.79 19.79 19.79 19.79 19.79 19.79 19.82 19.84 19.87 19.87 19.87 19.94 19.94 19.94 19.94 19.85 19.83 19.83 19.75 19.75 19.75 19.89 19.87 19.85 19.84 19.85 19.86 19.81 19.78 19.77 19.81 19.83 19.83 19.75 19.83 19.83 19.76 19.76 19.78 19.74 19.71 19.70 19.70 19.75 19.70 19.82 19.86 19.85 19.84
99999.90 99999.90 99999.90 99999.90 99999.90 99999.90 99999.90 99999.90 99999.90 99999.90 99999.90 99999.90 99999.90 99999.90 99999.90 99999.90 99999.90 99999.90 99999.90 99999.90 19.82 19.82 19.82 19.82 19.82 19.82 19.82 19.82 19.82 19.79 19.79 19.79 19.79 19.79 19.82 19.84 19.87 19.87 19.87 19.87 19.96 19.96 19.96 19.85 19.83 19.83 19.78 19.78 19.77 19.77 19.84 19.85 19.84 19.83 19.81 19.81 19.83 19.81 19.82 19.78 19.79 19.77 19.74 19.74 19.74 19.76 19.77 19.72 19.71 19.71 19.71 19.63 19.72 19.79 19.84 19.79 19.77
99999.90 99999.90 99999.90 99999.90 99999.90 99999.90 99999.90 99999.90 99999.90 99999.90 99999.90 99999.90 99999.90 99999.90 99999.90 99999.90 99999.90 99999.90 99999.90 19.61 19.82 19.82 19.82 19.82 19.82 19.82 19.82 19.82 19.82 19.82 19.79 19.79 19.79 19.82 19.82 19.84 19.84 19.87 19.87 19.87 19.86 19.93 19.88 19.92 19.85 19.85 19.78 19.78 19.78 19.77 19.85 19.82 19.80 19.83 19.80 19.82 19.79 19.77 19.79 19.78 19.75 19.77 19.80 19.73 19.74 19.76 19.74 19.74 19.70 19.65 19.68 19.67 19.72 19.73 19.74 19.71 19.76
99999.90 99999.90 99999.90 99999.90 99999.90 99999.90 99999.90 99999.90 99999.90 99999.90 99999.90 99999.90 99999.90 99999.90 99999.90 99999.90 99999.90 99999.90 99999.90 19.61 19.82 19.82 19.82 19.82 19.82 19.82 19.82 19.82 19.82 19.82 19.82 19.90 19.90 19.82 19.82 19.84 19.84 19.92 19.92 19.92 19.92 19.93 19.89 19.89 19.88 19.88 19.88 19.88 19.88 19.86 19.87 19.80 19.81 19.81 19.78 19.75 19.78 19.77 19.74 19.72 19.80 19.75 19.81 19.80 19.79 19.76 19.72 19.74 19.72 19.67 19.70 19.73 19.67 19.71 19.65 19.73 19.74
99999.90 99999.90 99999.90 99999.90 99999.90 99999.90 99999.90 99999.90 99999.90 99999.90 99999.90 99999.90 99999.90 99999.90 99999.90 99999.90 19.65 19.65 19.65 19.65 19.82 19.82 19.82 19.82 19.82 19.82 19.82 19.82 19.82 19.82 19.82 19.90 19.90 19.76 19.76 19.73 19.84 19.84 19.88 19.87 19.88 19.87 19.90 19.87 19.85 19.83 19.83 19.84 19.84 19.83 19.84 19.83 19.79 19.77 19.75 19.74 19.70 19.69 19.73 19.71 19.78 19.78 19.77 19.75 19.76 19.71 19.64 19.68 19.69 19.69 19.70 19.62 19.65 19.61 19.66 19.73 19.71
99999.90 99999.90 99999.90 99999.90 99999.90 99999.90 99999.90 99999.90 99999.90 99999.90 99999.90 99999.90 99999.90 99999.90 99999.90 99999.90 19.65 19.65 19.65 19.65 19.82 19.82 19.82 19.82 19.82 19.82 19.82 19.82 19.82 19.82 19.75 19.75 19.78 19.78 19.85 19.82 19.83 19.86 19.86 19.86 19.86 19.85 19.85 19.84 19.83 19.82 19.82 19.79 19.83 19.81 19.81 19.77 19.71 19.71 19.68 19.74 19.76 19.72 19.71 19.70 19.74 19.71 19.67 19.72 19.67 19.70 19.70 19.73 19.72 19.71 19.69 19.51 19.68 19.67 19.70 19.70 19.69
99999.90 99999.90 99999.90 99999.90 99999.90 99999.90 99999.90 99999.90 99999.90 99999.90 99999.90 99999.90 99999.90 99999.90 99999.90 99999.90 19.65 19.65 19.65 19.65 19.65 19.65 19.82 19.82 19.82 19.82 19.82 19.75 19.75 19.75 19.75 19.75 19.78 19.79 19.81 19.83 19.83 19.83 19.84 19.83 19.84 19.83 19.84 19.82 19.81 19.81 19.81 19.74 19.81 19.80 19.79 19.80 19.80 19.73 19.73 19.73 19.73 19.72 19.69 19.67 19.66 19.68 19.61 19.71 19.70 19.71 19.71 19.73 19.71 19.69 19.61 19.60 19.65 19.65 19.56 19.64 19.68
99999.90 99999.90 99999.90 99999.90 99999.90 99999.90 99999.90 99999.90 99999.90 99999.90 99999.90 99999.90 19.54 19.54 19.54 19.54 19.54 19.54 19.65 19.65 19.65 19.65 19.65 19.65 19.75 19.75 19.75 19.75 19.75 19.75 19.75 19.75 19.77 19.75 19.81 19.81 19.80 19.82 19.82 19.81 19.80 19.80 19.81 19.80 19.79 19.79 19.80 19.81 19.80 19.78 19.77 19.77 19.77 19.72 19.73 19.71 19.69 19.69 19.67 19.69 19.71 19.68 19.65 19.69 19.68 19.66 19.65 19.64 19.65 19.64 19.58 19.69 19.65 19.55 19.33 19.59 19.62
99999.90 99999.90 99999.90 99999.90 99999.90 99999.90 99999.90 99999.90 19.55 19.55 19.55 19.55 19.55 19.55 19.55 19.55 19.55 19.55 19.54 19.65 19.65 19.65 19.65 19.65 19.65 19.61 19.61 19.75 19.75 19.75 19.75 19.77 19.77 19.75 19.78 19.79 19.75 19.80 19.81 19.79 19.79 19.80 19.80 19.78 19.77 19.78 19.77 19.78 19.78 19.77 19.74 19.75 19.75 19.74 19.72 19.70 19.69 19.66 19.63 19.65 19.69 19.72 19.66 19.69 19.61 19.67 19.69 19.67 19.66 19.48 19.55 19.67 19.68 19.56 19.55 19.69 19.71
99999.90 99999.90 99999.90 99999.90 99999.90 99999.90 99999.90 99999.90 19.55 19.55 19.55 19.55 19.55 19.55 19.55 19.55 19.55 19.55 19.54 19.54 19.65 19.65 19.65 19.65 19.65 19.61 19.61 19.61 19.61 19.61 19.77 19.77 19.57 19.57 19.78 19.75 19.76 19.77 19.76 19.76 19.77 19.77 19.77 19.77 19.75 19.75 19.75 19.75 19.76 19.74 19.74 19.73 19.74 19.72 19.70 19.69 19.64 19.62 19.68 19.62 19.62 19.62 19.64 19.63 19.61 19.64 19.59 19.61 19.57 19.35 19.57 19.64 19.60 19.60 19.62 19.65 19.69
99999.90 99999.90 99999.90 99999.90 99999.90 99999.90 99999.90 99999.90 19.55 19.55 19.55 19.55 19.55 19.55 19.55 19.55 19.55 19.55 19.55 19.54 19.65 19.65 19.65 19.65 19.65 19.65 19.61 19.61 19.61 19.61 19.61 19.57 19.57 19.57 19.63 19.76 19.75 19.75 19.74 19.71 19.74 19.75 19.76 19.74 19.73 19.73 19.73 19.72 19.71 19.72 19.71 19.71 19.72 19.71 19.68 19.68 19.67 19.64 19.65 19.63 19.55 19.57 19.64 19.61 19.59 19.63 19.61 19.63 19.60 19.46 19.60 19.58 19.60 19.59 19.55 19.66 19.69
99999.90 99999.90 99999.90 99999.90 99999.90 99999.90 99999.90 99999.90 19.55 19.55 19.55 19.55 19.55 19.55 19.55 19.55 19.55 19.55 19.55 19.54 19.54 19.65 19.65 19.65 19.65 19.65 19.65 19.61 19.61 19.61 19.61 19.57 19.57 19.57 19.63 19.76 19.70 19.71 19.72 19.71 19.73 19.72 19.69 19.72 19.71 19.71 19.71 19.71 19.70 19.71 19.71 19.70 19.70 19.70 19.69 19.63 19.63 19.63 19.55 19.61 19.61 19.57 19.61 19.61 19.59 19.61 19.62 19.63 19.60 19.57 19.59 19.59 19.62 19.62 19.60 19.42 19.60
99999.90 99999.90 99999.90 99999.90 99999.90 99999.90 99999.90 19.47 19.55 19.55 19.55 19.55 19.55 19.55 19.55 19.55 19.55 19.55 19.55 19.54 19.54 19.54 19.65 19.65 19.65 19.65 19.65 19.61 19.61 19.61 19.61 19.64 19.63 19.63 19.63 19.70 19.70 19.71 19.71 19.69 19.69 19.70 19.70 19.70 19.70 19.69 19.69 19.69 19.68 19.68 19.68 19.69 19.68 19.68 19.66 19.64 19.55 19.62 19.56 19.53 19.60 19.59 19.60 19.62 19.56 19.59 19.59 19.53 19.56 19.56 19.56 19.60 19.59 19.59 19.59 19.51 19.47
99999.90 99999.90 99999.90 99999.90 99999.90 99999.90 99999.90 19.47 19.55 19.55 19.55 19.55 19.55 19.55 19.55 19.55 19.55 19.55 19.55 19.54 19.54 19.54 19.54 19.65 19.65 19.65 19.65 19.60 19.60 19.60 19.64 19.64 19.63 19.63 19.66 19.58 19.58 19.68 19.67 19.67 19.68 19.67 19.69 19.68 19.68 19.67 19.66 19.66 19.67 19.66 19.61 19.66 19.67 19.66 19.67 19.65 19.57 19.59 19.60 19.58 19.58 19.56 19.58 19.60 19.59 19.57 19.58 19.50 19.44 19.56 19.57 19.59 19.57 19.59 19.57 19.48 19.41
