main/data/irradiance/11.07.2023.grid
ncols 839
nrows 679
xllcenter 112.0500
yllcenter -43.9500
cellsize 0.0500
nodata_value 99999.90
[rows 204 to 237 of 679, columns 231 to 307 of 839]
17.60 17.56 17.55 17.58 17.59 17.57 17.57 17.50 17.55 17.60 17.57 17.47 17.61 17.65 17.67 17.66 17.56 17.65 17.65 17.63 17.59 17.61 17.51 17.10 16.89 17.04 17.12 17.17 17.25 17.28 17.08 17.22 17.63 17.66 17.67 17.68 17.67 17.67 17.67 17.67 17.67 17.66 17.65 17.65 17.65 17.66 17.67 17.66 17.65 17.65 17.65 17.66 17.67 17.67 17.65 17.64 17.65 17.66 17.66 17.67 17.65 17.65 17.65 17.64 17.64 17.64 17.66 17.66 17.66 17.67 17.66 17.66 17.65 17.68 17.67 17.57 17.65
17.61 17.58 17.61 17.60 17.62 17.62 17.61 17.59 17.58 17.58 17.53 17.55 17.57 17.60 17.61 17.51 17.53 17.52 17.56 17.61 17.62 17.61 17.63 17.44 17.01 17.05 17.22 17.00 17.05 17.44 17.31 17.20 17.32 17.56 17.57 17.63 17.64 17.60 17.64 17.64 17.65 17.64 17.64 17.64 17.64 17.64 17.64 17.64 17.64 17.63 17.63 17.64 17.63 17.63 17.62 17.63 17.63 17.64 17.64 17.64 17.63 17.63 17.62 17.62 17.63 17.63 17.63 17.64 17.65 17.66 17.66 17.65 17.65 17.67 17.68 17.66 17.61
17.54 17.52 17.52 17.58 17.56 17.54 17.56 17.54 17.55 17.55 17.59 17.62 17.53 17.55 17.44 17.38 17.43 17.45 17.50 17.52 17.58 17.58 17.60 17.57 17.57 17.46 17.46 17.26 17.19 17.17 17.37 17.10 17.30 17.36 17.60 17.50 17.63 17.62 17.61 17.61 17.64 17.61 17.61 17.61 17.62 17.62 17.62 17.63 17.63 17.62 17.62 17.61 17.60 17.61 17.61 17.61 17.62 17.62 17.62 17.62 17.62 17.61 17.61 17.60 17.60 17.60 17.61 17.61 17.62 17.62 17.63 17.63 17.64 17.64 17.64 17.64 17.63
17.57 17.57 17.54 17.58 17.60 17.57 17.56 17.56 17.57 17.55 17.58 17.58 17.54 17.57 17.56 17.62 17.60 17.57 17.58 17.50 17.46 17.57 17.57 17.57 17.58 17.58 17.56 17.56 17.55 17.46 17.43 17.27 17.11 17.23 17.34 17.48 17.58 17.58 17.59 17.60 17.61 17.60 17.60 17.60 17.61 17.61 17.60 17.61 17.60 17.61 17.60 17.59 17.58 17.58 17.58 17.58 17.58 17.58 17.58 17.59 17.59 17.59 17.58 17.59 17.58 17.58 17.58 17.58 17.60 17.62 17.62 17.62 17.63 17.62 17.62 17.61 17.61
17.39 17.43 17.55 17.55 17.54 17.54 17.47 17.54 17.54 17.55 17.42 17.45 17.45 17.39 17.47 17.48 17.51 17.47 17.47 17.52 17.52 17.55 17.54 17.54 17.54 17.55 17.55 17.54 17.55 17.59 17.59 17.59 17.61 17.59 17.58 17.58 17.57 17.57 17.58 17.58 17.60 17.59 17.58 17.57 17.58 17.58 17.58 17.57 17.57 17.57 17.56 17.56 17.56 17.56 17.57 17.57 17.57 17.57 17.57 17.58 17.58 17.57 17.56 17.56 17.55 17.56 17.57 17.58 17.57 17.58 17.59 17.58 17.59 17.58 17.58 17.60 17.60
17.47 17.46 17.52 17.48 17.49 17.42 17.45 17.45 17.40 17.42 17.43 17.38 17.41 17.42 17.43 17.47 17.46 17.50 17.45 17.36 17.44 17.45 17.51 17.51 17.49 17.52 17.52 17.52 17.54 17.59 17.59 17.55 17.56 17.57 17.56 17.55 17.56 17.56 17.54 17.56 17.57 17.57 17.56 17.54 17.55 17.56 17.57 17.55 17.56 17.56 17.56 17.55 17.55 17.54 17.54 17.54 17.54 17.54 17.57 17.56 17.55 17.55 17.55 17.54 17.54 17.56 17.57 17.56 17.58 17.59 17.56 17.57 17.56 17.56 17.55 17.56 17.56
17.53 17.53 17.44 17.45 17.43 17.42 17.44 17.48 17.44 17.47 17.47 17.49 17.49 17.50 17.50 17.44 17.44 17.47 17.46 17.45 17.47 17.42 17.01 17.07 17.29 17.29 17.38 17.49 17.55 17.55 17.54 17.49 17.49 17.48 17.51 17.53 17.53 17.53 17.53 17.54 17.54 17.55 17.53 17.54 17.54 17.53 17.54 17.54 17.53 17.52 17.52 17.52 17.52 17.51 17.51 17.53 17.53 17.52 17.54 17.54 17.53 17.52 17.53 17.54 17.53 17.55 17.55 17.53 17.54 17.54 17.54 17.55 17.53 17.54 17.53 17.54 17.52
17.43 17.46 17.47 17.49 17.45 17.48 17.46 17.48 17.44 17.41 17.41 17.39 17.41 17.46 17.44 17.45 17.43 17.43 17.44 17.48 17.41 17.23 16.96 17.08 17.09 16.78 17.01 17.40 17.54 17.55 17.55 17.51 17.44 17.48 17.51 17.45 17.50 17.50 17.50 17.50 17.51 17.52 17.50 17.52 17.51 17.52 17.51 17.51 17.51 17.51 17.51 17.50 17.49 17.51 17.50 17.50 17.51 17.51 17.50 17.51 17.51 17.51 17.52 17.52 17.52 17.53 17.51 17.51 17.52 17.52 17.52 17.53 17.51 17.53 17.53 17.52 17.51
17.41 17.44 17.44 17.38 17.40 17.46 17.48 17.48 17.50 17.49 17.45 17.44 17.42 17.44 17.46 17.46 17.37 17.37 17.41 17.46 17.40 17.29 16.90 16.92 17.12 17.14 17.21 17.13 17.26 17.43 17.52 17.53 17.46 17.38 17.51 17.51 17.51 17.51 17.47 17.48 17.50 17.50 17.51 17.50 17.49 17.50 17.49 17.50 17.49 17.48 17.48 17.48 17.47 17.47 17.47 17.46 17.46 17.47 17.48 17.49 17.50 17.49 17.51 17.50 17.50 17.49 17.49 17.50 17.50 17.49 17.50 17.49 17.48 17.48 17.48 17.48 17.48
17.42 17.41 17.43 17.42 17.43 17.45 17.42 17.45 17.45 17.45 17.46 17.46 17.45 17.42 17.41 17.38 17.34 17.33 17.35 17.37 17.42 17.42 17.24 17.16 17.14 17.02 17.10 17.08 16.97 17.44 17.49 17.33 17.30 17.45 17.49 17.46 17.46 17.45 17.48 17.47 17.46 17.46 17.46 17.47 17.47 17.47 17.46 17.46 17.46 17.47 17.46 17.45 17.44 17.45 17.44 17.44 17.43 17.44 17.44 17.44 17.45 17.47 17.46 17.47 17.47 17.47 17.46 17.47 17.48 17.48 17.48 17.48 17.47 17.48 17.47 17.47 17.46
17.42 17.43 17.40 17.36 17.39 17.40 17.44 17.45 17.42 17.39 17.37 17.38 17.38 17.38 17.41 17.38 17.36 17.39 17.40 17.33 17.37 17.40 17.40 17.30 17.29 17.09 17.12 17.20 17.16 17.47 17.47 17.47 17.46 17.48 17.43 17.45 17.46 17.46 17.47 17.46 17.46 17.45 17.45 17.46 17.44 17.46 17.45 17.44 17.44 17.45 17.43 17.43 17.42 17.43 17.44 17.43 17.42 17.42 17.42 17.42 17.43 17.44 17.45 17.45 17.45 17.45 17.45 17.45 17.45 17.45 17.45 17.45 17.44 17.44 17.44 17.44 17.45
17.39 17.36 17.40 17.38 17.37 17.34 17.38 17.41 17.40 17.41 17.41 17.39 17.40 17.38 17.37 17.36 17.34 17.32 17.28 17.29 17.35 17.31 17.27 17.11 17.36 17.31 17.26 17.09 17.15 17.31 17.40 17.44 17.43 17.46 17.42 17.44 17.42 17.43 17.43 17.42 17.43 17.43 17.43 17.43 17.42 17.42 17.42 17.42 17.42 17.43 17.41 17.41 17.41 17.40 17.41 17.41 17.41 17.41 17.41 17.40 17.41 17.41 17.41 17.42 17.42 17.43 17.44 17.44 17.43 17.44 17.44 17.44 17.42 17.41 17.42 17.43 17.44
17.35 17.37 17.37 17.36 17.37 17.34 17.32 17.39 17.40 17.36 17.39 17.36 17.35 17.34 17.35 17.33 17.39 17.37 17.29 17.28 17.31 17.28 17.20 17.09 17.11 17.17 17.34 17.19 17.09 17.29 17.18 17.38 17.43 17.44 17.43 17.42 17.41 17.42 17.40 17.40 17.42 17.42 17.42 17.41 17.42 17.41 17.40 17.40 17.40 17.40 17.39 17.38 17.39 17.39 17.40 17.40 17.40 17.40 17.40 17.39 17.39 17.39 17.40 17.40 17.40 17.41 17.41 17.40 17.39 17.39 17.39 17.40 17.40 17.40 17.40 17.42 17.41
17.35 17.34 17.34 17.32 17.30 17.35 17.39 17.35 17.35 17.31 17.33 17.35 17.33 17.27 17.35 17.37 17.34 17.32 17.29 17.36 17.34 17.31 17.33 17.28 17.20 17.15 17.19 17.14 17.10 17.05 16.98 17.26 17.36 17.40 17.40 17.38 17.38 17.39 17.38 17.38 17.39 17.39 17.39 17.40 17.40 17.37 17.37 17.38 17.37 17.38 17.37 17.37 17.37 17.37 17.37 17.39 17.38 17.37 17.38 17.37 17.37 17.38 17.37 17.37 17.37 17.37 17.37 17.36 17.36 17.37 17.38 17.38 17.38 17.40 17.39 17.39 17.39
17.34 17.33 17.34 17.30 17.34 17.34 17.34 17.34 17.28 17.27 17.30 17.30 17.31 17.31 17.22 17.18 17.23 17.22 17.26 17.30 17.25 17.30 17.30 17.34 17.33 17.19 17.07 17.20 17.20 17.19 17.13 17.35 17.38 17.38 17.38 17.37 17.34 17.35 17.36 17.37 17.37 17.37 17.36 17.37 17.36 17.36 17.35 17.36 17.36 17.38 17.38 17.36 17.35 17.35 17.34 17.37 17.37 17.36 17.37 17.35 17.36 17.37 17.37 17.37 17.37 17.36 17.35 17.36 17.35 17.36 17.36 17.36 17.37 17.37 17.37 17.38 17.37
17.30 17.32 17.31 17.33 17.31 17.29 17.29 17.29 17.31 17.26 17.18 17.16 17.21 17.24 17.27 17.29 17.32 17.32 17.32 17.30 17.31 17.31 17.31 17.35 17.37 17.28 17.23 17.17 17.05 17.36 17.35 17.34 17.35 17.36 17.35 17.36 17.37 17.35 17.34 17.34 17.35 17.34 17.31 17.32 17.34 17.34 17.35 17.35 17.37 17.37 17.37 17.34 17.34 17.34 17.34 17.34 17.35 17.36 17.35 17.35 17.34 17.33 17.33 17.34 17.36 17.34 17.34 17.33 17.34 17.34 17.35 17.35 17.34 17.34 17.34 17.35 17.34
17.30 17.30 17.30 17.25 17.25 17.26 17.23 17.24 17.26 17.22 17.24 17.27 17.23 17.26 17.28 17.29 17.29 17.30 17.30 17.29 17.28 17.28 17.32 17.32 17.31 17.32 17.30 17.31 17.30 17.31 17.28 17.30 17.32 17.32 17.34 17.33 17.34 17.34 17.33 17.34 17.34 17.33 17.34 17.35 17.35 17.34 17.33 17.33 17.34 17.34 17.34 17.34 17.32 17.33 17.34 17.32 17.32 17.34 17.34 17.32 17.32 17.33 17.32 17.33 17.34 17.33 17.31 17.32 17.32 17.32 17.32 17.31 17.31 17.31 17.31 17.31 17.32
17.24 17.24 17.26 17.26 17.25 17.23 17.24 17.23 17.20 17.21 17.24 17.26 17.26 17.23 17.23 17.23 17.28 17.30 17.27 17.25 17.26 17.27 17.32 17.31 17.31 17.29 17.27 17.27 17.28 17.30 17.28 17.25 17.26 17.30 17.31 17.30 17.32 17.32 17.30 17.29 17.30 17.30 17.31 17.31 17.32 17.31 17.30 17.30 17.32 17.33 17.33 17.32 17.31 17.33 17.31 17.32 17.31 17.31 17.31 17.32 17.31 17.31 17.32 17.31 17.31 17.31 17.30 17.30 17.29 17.30 17.30 17.30 17.30 17.30 17.30 17.30 17.30
17.20 17.21 17.20 17.22 17.22 17.22 17.20 17.19 17.20 17.19 17.17 17.21 17.22 17.24 17.25 17.20 17.20 17.28 17.26 17.25 17.23 17.29 17.29 17.28 17.28 17.29 17.27 17.25 17.27 17.26 17.23 17.24 17.27 17.27 17.27 17.27 17.27 17.28 17.28 17.28 17.29 17.29 17.29 17.28 17.30 17.29 17.28 17.28 17.29 17.30 17.31 17.31 17.30 17.31 17.30 17.29 17.27 17.27 17.29 17.29 17.29 17.30 17.30 17.29 17.29 17.30 17.29 17.28 17.27 17.27 17.27 17.27 17.28 17.28 17.28 17.27 17.27
17.15 17.16 17.18 17.18 17.20 17.20 17.19 17.19 17.18 17.19 17.18 17.18 17.20 17.19 17.21 17.23 17.23 17.24 17.23 17.24 17.25 17.25 17.26 17.26 17.25 17.22 17.26 17.26 17.24 17.25 17.23 17.23 17.21 17.24 17.23 17.21 17.23 17.24 17.26 17.26 17.27 17.26 17.25 17.26 17.27 17.27 17.26 17.25 17.26 17.29 17.30 17.29 17.28 17.29 17.28 17.28 17.27 17.27 17.26 17.27 17.28 17.27 17.27 17.27 17.27 17.26 17.27 17.25 17.25 17.25 17.26 17.26 17.27 17.27 17.25 17.25 17.25
17.13 17.17 17.15 17.16 17.17 17.17 17.16 17.17 17.18 17.19 17.17 17.18 17.17 17.17 17.18 17.16 17.18 17.20 17.22 17.25 17.30 17.21 17.24 17.24 17.25 17.24 17.21 17.23 17.22 17.21 17.20 17.22 17.21 17.20 17.22 17.22 17.25 17.24 17.23 17.24 17.23 17.25 17.25 17.25 17.25 17.24 17.24 17.23 17.26 17.27 17.26 17.26 17.24 17.25 17.26 17.25 17.26 17.25 17.24 17.25 17.25 17.25 17.24 17.24 17.23 17.23 17.25 17.25 17.23 17.23 17.24 17.26 17.25 17.24 17.23 17.23 17.25
17.10 17.11 17.11 17.12 17.14 17.13 17.14 17.15 17.10 17.03 17.10 17.14 17.12 17.15 17.12 17.10 17.15 17.16 17.19 17.21 17.27 17.25 17.22 17.24 17.32 17.22 17.22 17.23 17.22 17.22 17.21 17.21 17.21 17.23 17.21 17.20 17.23 17.22 17.22 17.23 17.22 17.21 17.22 17.24 17.24 17.22 17.23 17.24 17.23 17.24 17.24 17.24 17.24 17.24 17.24 17.23 17.23 17.24 17.23 17.23 17.23 17.23 17.21 17.22 17.21 17.21 17.22 17.21 17.21 17.21 17.21 17.22 17.22 17.22 17.21 17.21 17.22
17.09 17.08 17.11 17.10 17.08 17.11 17.13 17.12 17.16 17.19 17.21 17.14 17.12 17.17 17.15 17.15 17.13 17.13 17.15 17.19 17.19 17.31 17.32 17.39 17.29 17.40 17.22 17.24 17.20 17.21 17.20 17.19 17.19 17.20 17.19 17.20 17.20 17.18 17.20 17.20 17.19 17.20 17.20 17.21 17.21 17.20 17.22 17.22 17.23 17.21 17.21 17.22 17.21 17.21 17.21 17.20 17.19 17.20 17.20 17.19 17.19 17.20 17.20 17.20 17.20 17.19 17.18 17.19 17.21 17.20 17.18 17.18 17.18 17.19 17.19 17.19 17.19
17.07 17.06 17.08 17.09 17.06 17.07 17.09 17.06 17.09 17.12 17.12 17.14 17.17 17.15 17.13 17.08 17.10 17.08 17.15 17.21 17.30 17.39 17.33 17.22 17.17 17.18 17.19 17.21 17.19 17.22 17.20 17.22 17.19 17.17 17.18 17.18 17.17 17.17 17.18 17.17 17.19 17.19 17.17 17.18 17.18 17.18 17.18 17.18 17.19 17.19 17.19 17.20 17.19 17.20 17.19 17.19 17.19 17.19 17.19 17.18 17.19 17.18 17.19 17.18 17.17 17.17 17.17 17.16 17.16 17.16 17.17 17.15 17.16 17.17 17.17 17.17 17.17
17.02 17.03 17.03 17.07 17.04 17.05 17.05 17.09 17.08 17.09 17.09 17.09 17.10 17.09 17.08 17.13 17.11 17.13 17.22 17.30 17.22 17.18 17.17 17.15 17.17 17.12 17.14 17.12 17.16 17.19 17.16 17.15 17.18 17.24 17.20 17.16 17.16 17.15 17.16 17.16 17.16 17.16 17.16 17.16 17.16 17.15 17.15 17.16 17.17 17.17 17.17 17.16 17.16 17.15 17.16 17.17 17.17 17.17 17.18 17.16 17.16 17.17 17.17 17.17 17.16 17.15 17.15 17.14 17.14 17.14 17.15 17.15 17.15 17.15 17.15 17.16 17.15
17.05 17.06 17.07 17.06 17.04 17.04 17.06 17.09 17.04 17.03 17.04 17.07 17.10 17.12 17.15 17.21 17.20 17.19 17.15 17.11 17.14 17.15 17.15 17.15 17.15 17.14 17.14 17.13 17.11 17.10 17.11 17.11 17.12 17.14 17.21 17.17 17.13 17.13 17.08 17.13 17.14 17.14 17.14 17.14 17.13 17.13 17.13 17.13 17.13 17.13 17.14 17.12 17.13 17.13 17.14 17.15 17.17 17.16 17.15 17.15 17.16 17.15 17.14 17.15 17.14 17.14 17.13 17.12 17.12 17.12 17.12 17.12 17.12 17.12 17.12 17.12 17.13
17.03 17.01 17.01 17.05 17.01 17.09 17.08 17.07 17.05 17.02 17.04 17.08 17.09 17.08 17.03 17.05 17.06 17.09 17.10 17.11 17.09 17.10 17.09 17.09 17.09 17.12 17.12 17.09 17.11 17.12 17.10 17.10 17.08 17.06 17.10 17.09 17.10 17.13 17.13 17.11 17.11 17.11 17.11 17.12 17.11 17.10 17.11 17.11 17.11 17.11 17.12 17.11 17.11 17.11 17.11 17.11 17.11 17.11 17.11 17.12 17.13 17.12 17.11 17.11 17.11 17.11 17.12 17.11 17.10 17.11 17.10 17.11 17.11 17.10 17.10 17.11 17.11
16.99 17.00 17.02 17.01 17.08 17.05 17.00 17.03 17.05 17.05 17.05 17.04 17.02 16.98 17.07 17.05 17.07 17.08 17.07 17.06 17.08 17.07 17.06 17.07 17.07 17.09 17.08 17.06 17.07 17.04 17.04 17.07 17.08 17.07 17.05 17.06 17.07 17.08 17.09 17.09 17.08 17.08 17.09 17.10 17.09 17.09 17.09 17.10 17.09 17.09 17.08 17.08 17.07 17.07 17.08 17.09 17.11 17.10 17.10 17.10 17.10 17.09 17.09 17.09 17.10 17.09 17.09 17.08 17.07 17.08 17.07 17.07 17.07 17.08 17.07 17.09 17.11
17.02 17.01 17.00 17.06 17.02 16.98 17.00 17.00 16.97 16.97 16.97 16.99 17.02 17.04 17.02 17.05 17.03 17.05 17.03 17.02 17.02 17.04 17.04 17.04 17.04 17.05 17.05 17.04 17.05 17.01 17.00 17.03 17.04 16.81 16.65 16.91 16.90 17.04 17.06 17.07 17.06 17.05 17.07 17.07 17.06 17.07 17.08 17.08 17.07 17.06 17.06 17.07 17.06 17.07 17.07 17.07 17.07 17.08 17.09 17.07 17.06 17.06 17.05 17.06 17.07 17.07 17.06 17.07 17.08 17.06 17.06 17.05 17.06 17.06 17.07 17.07 17.07
16.99 17.01 17.00 17.02 16.96 16.96 16.96 17.01 16.98 16.96 16.97 16.95 16.97 16.95 16.97 16.98 16.99 17.01 17.03 17.04 17.02 17.00 17.00 17.01 17.03 17.00 17.00 17.01 17.00 17.04 17.02 17.02 17.03 16.95 16.72 16.76 16.87 16.96 17.03 17.04 17.06 17.06 17.05 17.06 17.05 17.05 17.05 17.06 17.05 17.04 17.04 17.04 17.04 17.04 17.04 17.05 17.04 17.05 17.06 17.06 17.04 17.04 17.04 17.04 17.04 17.04 17.05 17.05 17.05 17.03 17.03 17.03 17.04 17.04 17.04 17.04 17.04
17.00 17.01 17.03 16.99 16.99 16.99 17.00 16.98 16.95 16.96 16.98 16.97 16.97 16.97 16.99 17.00 16.99 17.00 17.00 17.00 17.02 17.00 16.99 16.99 17.00 17.01 17.02 17.02 17.00 17.02 17.04 17.01 16.99 16.97 17.01 17.01 16.82 16.92 17.02 17.01 17.01 17.02 17.02 17.02 17.02 17.02 17.03 17.04 17.03 17.03 17.03 17.02 17.03 17.03 17.03 17.02 17.04 17.04 17.04 17.04 17.02 17.03 17.03 17.02 17.02 17.03 17.03 17.03 17.02 17.01 17.01 17.02 17.02 17.01 17.01 17.03 17.03
16.97 16.97 17.01 16.97 16.96 16.94 16.92 16.93 16.90 16.93 16.94 16.93 16.95 16.93 16.99 16.99 16.98 16.99 16.99 16.99 16.96 16.98 17.00 17.01 16.96 16.97 16.98 16.94 16.95 16.96 17.00 17.00 16.95 16.76 16.82 16.96 16.87 16.73 16.89 16.95 17.00 16.98 16.98 16.99 17.01 17.00 17.01 17.03 17.01 17.01 17.00 17.00 17.00 17.01 17.01 17.02 17.01 17.01 17.02 17.02 17.01 17.01 17.01 17.01 17.00 17.02 17.02 17.02 17.01 17.00 16.99 16.99 16.98 16.99 16.99 16.94 17.00
16.94 16.93 16.93 16.96 16.93 16.91 16.92 16.90 16.92 16.94 16.94 16.92 16.92 16.96 16.95 16.95 16.94 16.96 16.96 16.94 16.96 16.95 16.95 16.96 16.98 16.98 16.98 16.99 17.00 16.99 16.98 16.95 16.74 16.79 16.78 16.75 16.68 16.94 16.98 16.98 17.00 16.98 16.98 16.97 16.97 16.97 16.98 16.99 17.00 16.99 16.99 16.98 16.99 16.99 16.98 16.99 17.00 17.01 17.00 16.99 17.00 17.00 16.99 16.98 16.98 16.98 16.98 16.98 16.99 16.98 16.97 16.97 16.98 16.98 16.99 16.98 16.77
16.91 16.92 16.92 16.94 16.91 16.92 16.92 16.91 16.90 16.90 16.91 16.92 16.92 16.96 16.95 16.94 16.94 16.95 16.93 16.94 16.94 16.95 16.95 16.93 16.92 16.91 16.94 16.95 16.95 16.96 16.96 16.97 16.87 16.87 16.95 16.66 16.64 16.71 16.95 16.96 16.95 16.79 16.84 16.92 16.96 16.95 16.96 16.95 16.96 16.95 16.95 16.96 16.95 16.94 16.94 16.96 16.97 16.97 16.96 16.96 16.97 16.96 16.96 16.96 16.96 16.97 16.97 16.96 16.95 16.96 16.94 16.95 16.97 16.97 16.95 16.94 16.95
