main/data/irradiance/11.02.2023.grid
ncols 839
nrows 679
xllcenter 112.0500
yllcenter -43.9500
cellsize 0.0500
nodata_value 99999.90
[rows 238 to 271 of 679, columns 308 to 384 of 839]
28.65 28.64 28.55 28.60 28.35 28.74 28.86 28.86 28.86 28.74 28.98 28.93 28.94 28.82 28.92 28.90 28.83 28.61 28.56 28.73 28.65 28.99 28.96 28.92 28.95 28.86 28.81 28.97 28.99 29.01 28.86 28.87 29.02 28.83 28.84 29.05 28.75 28.99 28.94 28.95 29.07 29.05 28.87 29.10 28.96 29.07 29.07 29.07 29.05 29.07 29.07 29.08 29.08 29.08 29.07 29.07 29.08 29.06 29.06 29.07 29.01 28.98 29.03 29.01 29.04 29.04 29.06 29.07 29.07 29.06 29.03 29.03 29.02 28.96 28.90 28.89 28.93
28.93 28.75 28.61 28.73 28.43 28.36 28.70 28.91 28.67 28.84 29.00 28.92 28.78 28.72 28.79 28.96 28.87 28.87 28.87 28.90 28.66 28.69 29.02 28.93 28.78 28.73 28.93 28.96 28.93 28.77 29.05 29.02 29.05 29.02 28.97 28.98 29.01 28.76 28.95 29.01 28.90 29.05 29.08 29.09 28.91 29.08 29.04 29.05 29.06 29.06 29.07 29.06 29.07 29.06 29.05 29.02 29.01 29.07 29.09 29.06 29.05 29.03 29.03 29.00 29.04 29.02 29.03 29.02 29.03 29.04 29.01 29.00 28.97 28.95 28.90 28.90 28.90
28.59 28.84 28.79 28.82 28.59 28.43 28.76 28.70 28.91 28.80 28.75 28.89 28.94 28.98 29.05 29.01 28.96 28.75 29.00 28.99 29.03 29.04 28.89 28.97 28.88 28.89 28.94 28.88 28.93 28.86 28.98 29.01 29.05 29.03 29.01 29.02 29.04 28.94 29.01 28.95 28.99 28.86 29.09 29.06 28.86 28.93 29.07 29.07 29.00 29.07 29.06 29.05 29.04 29.05 29.02 29.01 29.02 29.06 29.07 29.06 29.02 29.01 29.02 28.99 28.98 28.98 29.01 29.00 29.02 28.99 28.98 28.97 28.92 28.90 28.91 28.91 28.92
29.01 28.75 28.71 28.77 28.87 28.63 28.50 28.86 28.92 28.97 28.76 28.91 28.77 28.98 28.99 28.97 29.01 28.95 28.96 28.96 29.02 28.99 28.93 28.98 28.99 29.00 29.03 28.96 28.92 28.68 28.11 28.83 28.76 28.78 29.00 28.96 29.04 28.88 28.85 28.80 28.68 29.07 28.92 29.02 29.09 28.80 28.86 29.02 28.92 29.05 29.05 28.96 29.06 29.04 29.05 29.05 29.06 29.07 29.06 29.03 28.99 28.98 28.99 29.00 28.97 28.98 28.99 28.99 28.99 28.95 28.97 28.95 28.89 28.89 28.90 28.89 28.90
28.45 28.98 28.73 28.90 28.94 28.82 28.73 28.91 28.82 29.02 28.97 29.01 28.97 29.01 28.85 29.00 28.95 28.92 29.01 29.03 29.01 28.91 28.96 28.84 28.66 28.87 28.97 28.81 28.99 27.61 28.61 28.91 28.94 28.85 28.83 28.90 28.92 29.03 28.67 28.94 29.06 29.03 28.88 28.93 29.11 29.10 29.07 29.06 29.03 28.99 28.94 29.07 29.06 29.06 29.07 29.05 29.06 29.06 29.04 29.01 29.02 29.00 28.99 28.99 28.99 28.97 28.99 29.00 29.01 28.97 29.01 28.97 28.90 28.90 28.92 28.89 28.92
28.96 28.81 28.19 28.68 28.98 28.70 28.84 28.87 28.97 29.02 28.58 29.00 29.02 28.97 29.01 29.00 29.00 28.99 28.98 28.92 29.01 28.94 28.90 29.01 28.93 28.88 28.85 28.97 25.63 27.46 28.99 28.89 28.90 28.79 28.92 28.89 28.59 28.96 28.99 28.87 28.88 28.87 29.01 28.84 29.11 29.07 28.99 29.06 29.05 29.06 28.75 28.88 29.04 28.99 29.02 29.05 29.06 29.06 29.04 29.04 29.04 29.02 29.00 29.02 29.02 29.01 29.02 29.00 28.99 28.97 28.99 28.93 28.92 28.96 28.95 28.99 28.93
28.93 28.98 28.89 28.88 28.87 28.96 28.90 28.95 28.97 29.03 28.91 28.98 29.02 29.01 28.95 29.00 29.00 28.98 28.90 28.98 28.98 29.01 28.97 29.01 28.97 28.94 28.85 25.41 25.94 28.68 28.45 28.50 28.92 28.94 28.94 28.70 28.97 28.96 28.76 29.02 29.05 28.84 28.70 28.46 28.87 29.09 29.01 28.86 28.48 29.06 29.06 28.54 28.94 28.89 29.01 29.03 29.03 29.03 29.01 29.04 29.03 29.03 29.04 29.02 29.04 29.03 29.01 28.99 28.97 29.02 29.01 28.94 28.94 28.93 28.95 28.96 28.94
28.88 28.71 28.93 29.01 28.28 28.67 28.83 28.86 28.97 28.73 28.75 28.92 28.97 29.00 29.02 29.01 29.01 28.96 28.98 28.90 28.91 28.95 29.01 28.98 28.81 27.19 25.10 27.27 28.86 28.96 28.80 28.87 28.53 28.50 29.02 29.02 28.81 28.92 28.80 28.80 28.77 28.68 29.00 29.03 29.00 28.64 28.93 29.05 29.00 29.07 29.07 29.04 29.04 29.05 28.89 29.01 29.03 28.98 28.99 28.96 29.01 29.05 29.03 29.02 29.05 29.04 29.01 29.02 29.00 28.99 29.00 28.95 28.94 28.92 28.91 28.97 28.96
29.03 28.91 28.94 28.73 28.98 28.77 28.82 28.60 28.78 29.02 28.89 28.88 28.70 28.99 29.01 29.00 28.98 29.00 29.01 29.04 28.49 26.67 24.32 24.32 23.00 24.12 28.00 28.95 29.00 28.95 28.98 28.97 28.98 28.96 28.90 29.02 28.99 29.04 29.04 28.94 29.06 29.08 28.94 28.75 28.90 28.98 28.97 29.05 28.89 28.92 28.81 29.03 29.00 29.06 29.06 28.98 29.00 29.02 28.99 28.96 29.01 29.04 29.03 29.02 29.03 29.05 29.02 29.00 29.01 29.02 29.06 29.02 29.00 29.01 28.99 29.00 28.99
28.92 29.01 29.04 29.09 28.98 28.92 28.37 28.93 28.90 29.03 28.91 28.97 28.95 29.01 28.95 29.01 28.76 28.95 28.97 29.02 28.23 25.09 21.87 22.58 23.60 26.29 28.65 28.86 28.93 28.99 28.96 28.96 28.82 28.97 28.95 29.01 28.83 28.68 29.08 28.74 28.85 28.61 28.98 29.03 29.05 29.00 29.01 28.66 28.94 28.96 28.98 28.76 29.00 28.74 29.02 29.01 29.00 28.96 28.98 29.04 29.00 29.03 29.02 29.03 29.04 29.02 29.06 29.05 29.03 29.02 29.01 29.04 29.05 29.05 29.03 29.02 28.98
28.90 29.06 28.94 28.83 28.71 28.76 28.86 28.94 28.95 28.93 28.90 29.04 28.95 28.98 29.01 29.03 29.00 27.91 28.41 28.98 28.17 22.79 22.48 22.03 24.31 28.10 28.82 28.97 28.98 28.98 28.96 28.95 28.97 28.94 28.96 29.02 29.03 29.03 29.01 29.03 28.90 29.06 28.86 28.91 29.01 29.11 29.09 29.09 29.01 29.05 29.04 29.05 29.08 28.95 28.69 28.98 29.00 29.00 29.03 29.03 28.99 29.02 29.02 29.02 29.02 29.07 29.10 29.09 29.09 29.08 29.04 29.04 29.07 29.05 29.03 29.01 28.97
29.04 28.99 28.83 28.98 29.01 28.82 28.92 28.97 28.45 28.91 28.62 28.86 29.03 29.00 29.00 29.06 29.01 28.82 26.75 26.53 24.06 21.16 23.66 22.23 25.40 28.71 28.95 28.98 28.97 28.96 28.97 28.84 28.86 28.53 29.00 29.01 28.85 29.00 28.96 29.01 28.74 28.86 29.06 28.92 28.92 29.04 28.99 29.07 29.06 29.07 29.07 28.95 29.03 29.03 28.97 28.98 29.04 29.03 29.00 29.03 29.00 29.05 29.03 29.03 29.11 29.10 29.09 29.11 29.10 29.11 29.04 29.04 29.07 29.05 29.04 29.02 29.01
28.83 29.03 29.06 28.36 29.03 28.84 29.03 29.04 28.91 28.96 28.94 28.97 28.88 29.00 28.56 28.85 28.97 28.84 25.47 21.54 19.97 20.37 25.05 24.59 24.38 28.88 28.96 28.97 28.96 28.96 29.00 28.98 28.97 28.70 29.01 28.97 28.94 29.03 29.01 29.01 29.03 28.94 28.91 28.90 29.01 29.04 29.05 29.07 29.08 29.07 29.06 29.05 29.02 29.03 29.04 29.02 29.05 29.08 29.07 29.07 29.04 29.06 29.07 28.99 29.10 29.12 29.11 29.10 29.11 29.13 29.06 29.05 29.05 29.03 29.02 29.05 29.05
28.80 29.04 29.08 29.03 28.88 28.90 28.96 28.98 28.72 28.99 29.03 28.92 28.96 28.96 28.96 28.95 28.96 28.94 27.21 23.96 25.14 23.02 23.47 25.27 22.64 28.40 28.93 28.95 28.95 28.97 29.00 28.97 28.63 28.88 28.99 28.97 29.00 28.85 29.00 28.98 28.99 29.04 29.03 28.89 28.97 29.05 29.06 29.08 29.00 29.06 29.08 29.05 29.05 29.06 29.06 29.04 29.06 29.09 29.14 29.12 29.07 29.07 29.08 29.05 29.05 29.12 29.12 29.09 29.08 29.04 29.06 29.05 29.06 29.04 29.02 29.03 29.05
29.06 29.01 29.06 28.79 28.98 28.89 28.68 29.00 28.99 28.88 29.00 28.97 28.97 28.96 28.96 29.02 29.04 29.01 28.92 28.88 28.78 28.07 26.31 26.44 26.09 28.83 28.93 28.95 28.98 29.00 28.98 28.77 28.22 28.90 28.98 28.94 28.99 29.02 29.02 29.00 29.02 29.04 29.04 29.04 29.02 29.05 29.05 29.05 29.05 29.03 29.03 29.05 29.07 29.03 29.05 29.05 29.04 29.10 29.15 29.16 29.09 29.05 29.04 29.08 29.10 29.13 29.07 29.04 29.05 29.00 29.00 29.02 29.04 29.03 29.02 29.03 29.02
29.04 29.02 29.04 28.82 28.87 28.98 28.79 28.81 28.55 28.85 28.96 29.01 29.03 28.95 28.99 29.03 29.07 29.05 29.03 28.99 28.98 28.94 28.95 29.02 29.01 29.05 29.01 28.99 29.00 29.03 28.98 28.93 28.39 28.86 29.00 28.93 28.99 28.96 29.02 29.03 29.03 29.03 29.02 29.03 28.93 29.01 29.01 29.01 29.01 29.02 29.01 29.00 29.06 29.05 29.08 29.08 29.05 29.05 29.09 29.09 29.06 29.02 29.03 29.04 29.04 29.06 29.04 29.02 29.01 28.97 28.99 29.00 29.01 29.01 29.02 28.98 29.00
29.06 29.03 29.00 29.04 29.05 28.90 29.04 28.98 29.03 29.01 29.03 28.95 29.02 28.99 29.02 29.02 29.05 29.04 29.04 29.02 29.02 28.98 28.98 29.00 29.01 29.01 29.03 29.02 29.01 29.03 29.04 28.91 28.92 28.93 28.96 28.92 28.98 29.03 29.04 29.01 29.03 29.01 29.02 29.00 28.97 28.98 29.00 28.99 29.00 29.02 29.02 29.01 29.04 29.06 29.07 29.04 29.05 29.07 29.04 29.03 29.04 29.03 29.04 29.03 29.03 29.03 29.05 29.03 28.95 28.94 28.95 28.95 28.95 28.97 28.94 28.96 28.96
29.01 29.01 28.96 28.90 28.74 29.02 28.99 28.96 29.02 28.98 29.03 28.87 29.02 28.84 29.03 29.04 29.03 29.03 29.03 29.04 29.03 29.03 29.00 29.02 28.98 29.00 28.99 29.01 28.94 29.02 28.96 28.23 28.41 29.03 28.99 28.94 28.96 29.00 29.02 29.04 29.03 28.94 28.87 28.96 28.96 29.03 29.02 29.03 29.02 29.02 29.02 29.00 29.01 29.00 29.02 29.01 29.01 29.04 29.04 29.04 29.02 29.00 29.00 28.99 28.97 29.00 29.03 29.01 28.94 28.92 28.97 28.37 29.01 28.96 28.96 29.00 28.98
28.95 28.96 28.96 29.02 28.86 29.01 28.88 29.04 29.02 29.03 29.01 29.03 28.99 29.04 29.01 29.02 29.04 29.03 29.04 29.05 29.05 29.03 28.82 28.99 29.03 29.02 28.94 29.04 28.95 28.90 28.75 28.51 28.69 28.95 28.98 28.96 28.89 29.00 29.02 29.02 29.02 28.95 28.95 28.98 29.03 29.05 29.05 29.06 29.06 29.05 29.06 29.04 29.03 29.02 28.99 29.01 29.00 29.01 29.01 29.03 29.01 28.99 28.99 29.01 29.01 29.02 28.99 28.99 28.94 28.92 28.94 28.98 29.07 28.95 28.96 29.03 29.04
28.59 29.02 29.03 29.04 28.99 29.04 29.04 29.06 29.04 29.04 28.99 29.04 29.05 29.00 29.02 29.04 29.02 29.05 29.03 29.05 29.05 29.05 29.05 29.00 29.02 28.94 28.97 29.03 28.61 29.00 28.75 28.62 28.74 29.02 29.01 29.03 29.03 29.03 28.99 29.00 28.99 29.03 29.02 29.04 29.05 29.08 29.05 29.04 29.07 29.06 29.06 29.08 29.03 29.03 29.01 29.02 29.01 29.01 29.03 29.04 29.05 29.04 29.00 28.99 28.98 28.98 28.97 28.96 28.94 28.92 28.94 28.81 28.96 28.90 28.89 28.94 28.94
28.90 28.98 28.90 29.05 29.02 29.04 29.04 29.08 29.06 29.05 29.04 29.03 29.03 29.02 29.02 29.01 29.03 29.04 29.01 29.02 29.02 29.03 29.03 28.92 29.01 29.01 28.99 29.02 28.98 28.95 27.96 28.42 29.05 28.85 29.01 29.02 29.05 29.05 29.03 29.04 29.01 28.97 28.98 29.03 29.04 29.02 29.03 29.05 29.06 29.06 29.05 29.04 29.03 29.03 29.02 29.01 29.02 29.02 29.02 29.00 29.00 28.99 28.98 28.99 28.97 28.96 28.92 28.93 28.96 28.94 28.95 28.96 28.95 28.92 28.91 28.93 28.92
29.00 29.05 28.92 29.03 28.86 29.00 28.91 28.98 29.04 29.02 29.03 28.99 29.00 29.02 29.03 29.03 29.05 29.03 29.02 29.03 29.00 29.04 28.94 28.96 28.94 29.02 29.03 28.99 29.03 28.98 28.85 28.67 28.97 29.06 29.04 29.00 29.03 29.03 29.01 29.01 29.00 28.98 28.98 29.03 29.03 29.03 29.05 29.04 29.00 29.01 29.04 29.04 29.05 29.05 28.97 29.01 29.00 29.02 29.01 29.04 29.02 28.97 28.97 28.98 28.98 28.97 28.97 28.94 29.01 28.96 28.99 28.99 29.04 29.03 29.02 28.99 29.01
28.94 28.74 28.98 29.02 29.01 29.00 29.05 29.07 29.06 29.04 29.02 29.00 29.02 29.01 28.99 29.02 29.03 29.05 29.02 28.94 29.03 28.99 29.02 28.87 28.89 28.98 29.01 29.00 28.61 28.96 28.97 28.81 29.01 28.98 29.06 29.02 28.96 29.05 29.04 29.05 29.03 29.00 29.00 29.04 29.01 29.04 29.02 29.02 28.97 28.98 29.02 29.02 28.99 29.06 29.03 28.99 29.01 29.01 29.03 29.06 29.06 29.02 29.00 28.96 28.96 28.97 28.99 28.95 28.96 28.95 28.98 29.01 29.03 29.03 29.04 29.08 29.06
28.89 29.05 28.78 29.03 29.08 29.03 29.02 29.10 29.04 29.10 29.11 29.07 29.05 29.05 29.06 29.06 29.02 29.00 29.04 28.95 29.08 28.93 28.95 28.97 28.92 28.91 28.93 28.91 28.85 28.40 29.05 28.96 28.84 28.98 28.94 29.03 28.99 29.09 29.09 29.07 29.03 29.02 29.00 28.91 28.99 28.96 29.02 29.00 29.02 29.03 29.05 29.03 28.99 29.03 29.04 29.00 28.99 28.98 29.00 29.05 29.07 29.06 29.04 29.01 29.01 29.01 29.01 29.01 28.99 28.96 28.97 28.99 29.01 29.01 29.00 29.06 29.09
28.95 29.06 29.07 29.07 29.12 28.90 29.05 29.11 29.09 29.03 28.93 29.08 29.06 29.07 29.07 29.07 29.07 29.05 29.03 28.97 28.95 29.03 28.99 28.96 28.96 28.80 28.59 28.56 28.32 28.66 28.73 28.41 28.78 28.88 28.96 28.95 29.01 29.07 28.95 29.08 29.06 29.03 29.05 29.00 28.97 28.98 28.94 29.01 29.04 29.04 29.02 29.03 28.99 29.02 29.02 28.92 28.98 28.97 28.98 29.01 29.01 29.01 29.03 29.04 29.05 29.00 28.93 28.97 28.98 28.95 29.00 28.98 29.01 28.99 28.99 28.98 29.06
28.92 28.98 28.92 29.05 28.98 29.09 29.12 29.10 29.11 29.03 29.08 29.06 29.07 29.07 29.07 29.08 29.08 29.06 29.05 29.03 28.95 29.02 29.01 28.96 28.91 29.04 28.95 28.74 28.08 28.77 28.90 28.80 28.60 28.78 28.95 28.88 29.00 29.01 28.94 29.06 29.07 29.06 29.06 29.05 29.03 29.05 29.03 29.04 29.01 29.02 29.02 29.05 29.07 29.01 28.99 28.97 28.98 29.00 28.98 28.98 29.00 29.00 29.02 29.03 29.02 28.99 28.93 28.93 28.94 28.92 28.96 28.94 28.96 28.97 28.97 28.95 29.04
28.98 28.82 29.07 28.99 29.01 29.07 29.09 29.11 29.10 29.08 29.07 29.07 29.07 29.08 29.09 29.05 29.08 29.07 29.05 29.02 29.02 29.04 29.01 28.99 28.98 28.94 28.94 28.84 28.82 29.01 29.02 28.99 29.00 28.94 29.03 28.91 29.04 28.97 28.98 29.05 29.03 29.04 29.04 29.05 29.03 29.03 29.07 29.06 29.05 29.06 29.02 29.02 29.02 28.90 28.97 28.99 28.98 29.00 28.93 28.96 29.00 29.04 29.04 29.05 29.03 29.04 28.95 28.92 28.92 28.91 28.97 29.00 28.99 28.99 28.94 28.99 29.01
28.99 28.90 28.80 29.10 28.91 29.09 29.09 28.99 29.05 29.06 29.05 29.05 29.04 29.05 29.07 29.07 29.07 29.08 29.05 29.04 29.04 28.99 28.92 28.98 28.99 28.99 29.00 28.81 29.01 29.03 29.05 29.04 29.05 29.04 28.93 28.96 29.02 29.00 28.99 28.99 28.99 29.02 29.01 29.00 29.02 29.02 29.01 28.99 29.01 28.98 29.01 28.96 28.97 28.98 28.97 29.00 28.96 28.91 28.96 28.94 28.99 29.02 29.01 29.03 29.00 28.97 28.99 28.94 28.96 28.97 28.99 28.96 28.99 29.01 28.93 28.95 29.01
28.82 28.97 29.04 28.97 29.01 28.95 28.94 29.04 28.98 29.04 29.06 29.06 29.04 29.05 29.05 29.08 29.07 29.06 29.08 29.07 29.06 29.02 29.02 28.98 29.00 28.86 28.88 28.98 28.99 29.02 29.02 29.02 29.03 29.02 29.02 29.03 29.04 29.02 28.97 29.00 29.03 29.02 28.99 28.99 29.01 29.01 28.99 28.96 29.01 29.02 29.01 29.01 28.94 28.95 29.00 29.00 28.96 28.70 28.89 28.96 29.01 29.00 28.99 29.02 29.02 28.95 28.97 28.94 28.97 29.00 29.00 28.96 28.97 28.98 28.96 28.97 28.97
28.69 28.49 28.77 28.83 28.91 28.99 28.57 29.02 28.90 28.98 29.03 29.05 29.04 29.10 29.06 29.05 29.06 29.08 29.08 29.06 29.06 29.03 29.02 28.98 28.96 28.82 28.80 28.90 28.74 28.21 27.30 27.05 28.33 28.86 29.03 29.04 29.08 29.05 28.92 29.05 29.05 29.03 29.00 28.97 28.98 28.93 28.99 29.01 29.02 29.05 29.02 29.02 28.98 28.97 29.00 29.02 29.05 29.00 28.98 28.99 29.02 28.99 28.96 28.99 29.01 28.98 29.00 28.96 28.95 28.91 28.96 28.98 28.98 28.97 28.97 28.98 28.98
28.02 28.91 28.90 28.80 28.85 28.90 29.01 28.97 28.83 28.88 29.05 29.09 29.04 29.08 29.06 29.03 29.04 29.06 29.05 29.06 28.96 29.05 28.96 28.95 28.60 28.66 28.43 28.74 28.17 26.50 25.49 23.87 27.85 28.86 29.02 29.04 29.04 29.02 29.03 29.05 29.03 28.98 28.95 28.97 28.96 28.91 29.01 28.99 29.03 29.08 29.05 29.04 29.02 29.00 28.98 28.98 29.01 29.05 29.02 29.03 29.02 29.01 29.01 28.98 28.98 28.98 29.00 28.98 28.94 28.93 28.92 28.96 29.00 29.00 28.98 29.01 28.98
28.86 28.74 28.06 28.65 28.87 28.17 29.01 28.95 29.06 29.07 29.06 29.12 29.12 29.05 29.06 29.02 28.99 28.92 29.01 29.00 29.00 29.03 28.96 28.94 28.90 28.87 28.88 28.36 27.76 27.01 24.50 19.93 28.69 29.05 28.91 29.09 29.09 29.07 28.95 28.96 28.97 28.92 28.84 28.99 28.98 28.95 29.03 29.02 29.05 29.07 29.06 29.06 29.05 29.03 29.03 28.92 28.99 28.74 28.93 29.05 29.06 28.99 29.01 28.93 28.98 28.94 28.92 28.93 28.94 28.93 28.96 28.98 29.01 29.02 29.01 29.03 28.99
28.83 28.80 28.58 28.74 28.78 28.82 28.93 28.63 28.67 28.94 29.02 28.95 28.99 29.09 29.09 29.08 28.99 29.03 28.98 29.01 29.00 29.03 29.01 28.97 28.99 28.99 28.98 28.99 28.99 28.14 22.74 21.49 28.69 28.98 29.02 29.11 29.12 29.09 29.06 28.97 29.01 29.03 29.03 29.02 28.99 29.00 29.03 29.01 29.04 29.07 29.06 29.06 29.05 29.05 29.03 29.03 29.04 29.01 28.90 28.95 29.03 29.00 28.80 28.86 28.99 28.95 28.90 28.96 28.95 28.94 28.96 28.95 28.98 29.03 29.04 29.01 28.95
28.66 28.81 28.69 28.67 28.79 28.98 28.83 28.86 28.79 28.81 28.97 28.88 29.09 29.04 29.09 29.05 28.97 29.02 29.04 28.89 29.01 28.98 28.96 28.94 29.00 28.90 28.98 28.96 28.99 28.94 28.87 28.88 28.74 29.00 28.99 29.05 29.07 29.10 28.90 29.02 29.02 29.04 29.02 29.03 29.05 29.02 29.01 28.92 29.04 29.08 29.04 29.05 29.04 29.01 29.00 29.04 29.06 29.03 28.96 28.92 28.94 28.98 28.54 28.79 28.86 29.00 28.99 29.01 29.01 29.00 28.96 28.93 28.97 28.95 28.97 28.96 28.98
