main/data/irradiance/11.09.2023.grid
ncols 839
nrows 679
xllcenter 112.0500
yllcenter -43.9500
cellsize 0.0500
nodata_value 99999.90
[rows 544 to 577 of 679, columns 539 to 615 of 839]
99999.90 99999.90 99999.90 99999.90 99999.90 17.88 17.88 17.88 17.94 17.94 17.94 17.94 17.94 17.94 17.94 17.94 17.94 17.97 17.98 17.92 17.93 17.94 17.94 17.94 17.88 17.92 17.96 17.95 17.91 17.80 17.89 17.91 17.80 17.79 17.68 17.64 17.81 17.94 17.85 17.76 17.91 17.85 17.94 17.90 17.84 17.81 17.82 17.86 17.88 17.80 17.91 17.79 17.84 17.78 17.87 17.81 17.84 17.73 17.74 17.77 17.78 17.85 17.93 17.95 17.96 17.93 18.01 17.99 17.91 17.96 18.06 18.02 17.75 17.67 17.48 16.78 16.84
99999.90 99999.90 99999.90 99999.90 99999.90 17.88 17.94 17.94 17.94 17.94 17.94 17.94 17.94 17.94 17.94 17.94 17.94 17.94 17.98 17.94 17.94 17.94 17.90 17.93 17.92 17.91 17.88 17.90 17.82 17.75 17.93 17.74 17.51 17.77 17.63 17.70 17.81 17.88 17.82 17.82 17.86 17.94 17.93 17.80 17.86 17.86 17.85 17.80 17.78 17.81 17.89 17.85 17.86 17.84 17.81 17.85 17.77 17.78 17.78 17.82 17.80 17.86 17.89 17.84 17.92 17.94 17.99 18.01 17.95 17.77 17.99 17.99 17.82 16.98 17.27 17.21 17.41
99999.90 99999.90 99999.90 99999.90 99999.90 17.88 17.94 17.94 17.94 17.94 17.94 17.94 17.94 17.94 17.94 17.94 17.94 17.94 17.94 17.94 17.93 17.91 17.92 17.92 17.93 17.87 17.87 17.92 17.72 17.64 17.69 17.79 17.64 17.80 17.75 17.61 17.77 17.77 17.73 17.74 17.80 17.88 17.90 17.90 17.85 17.87 17.83 17.83 17.81 17.85 17.85 17.78 17.77 17.73 17.73 17.67 17.65 17.69 17.70 17.82 17.78 17.74 17.83 17.89 17.95 18.01 18.01 17.98 17.92 17.97 17.96 17.99 17.99 17.30 17.47 17.68 17.64
99999.90 99999.90 99999.90 99999.90 99999.90 17.88 17.94 17.94 17.94 17.94 17.94 17.94 17.94 17.94 17.94 17.94 17.94 17.94 17.94 17.93 17.93 17.91 17.89 17.87 17.87 17.90 17.87 17.89 17.74 17.70 17.54 17.62 17.84 17.77 17.79 17.72 17.67 17.87 17.80 17.81 17.79 17.82 17.87 17.90 17.81 17.90 17.87 17.83 17.84 17.84 17.85 17.87 17.78 17.81 17.75 17.71 17.67 17.65 17.58 17.72 17.79 17.75 17.84 17.80 17.93 17.93 17.89 17.90 17.96 17.96 17.90 17.81 17.82 17.80 17.77 17.63 17.54
99999.90 99999.90 99999.90 99999.90 99999.90 17.88 17.94 17.94 17.94 17.94 17.94 17.94 17.94 17.94 17.94 17.94 17.94 17.94 17.93 17.86 17.86 17.86 17.84 17.78 17.84 17.84 17.81 17.78 17.65 17.63 17.58 17.79 17.79 17.70 17.83 17.75 17.60 17.86 17.72 17.66 17.77 17.79 17.83 17.89 17.89 17.84 17.90 17.89 17.85 17.84 17.80 17.68 17.71 17.83 17.86 17.79 17.68 17.57 17.62 17.83 17.71 17.79 17.84 17.80 17.90 17.89 17.88 17.91 17.92 17.92 17.89 17.80 17.83 17.82 17.80 17.36 17.31
99999.90 99999.90 99999.90 99999.90 99999.90 17.88 17.94 17.94 17.94 17.94 17.94 17.94 17.94 17.94 17.94 17.94 17.94 17.86 17.86 17.86 17.86 17.86 17.85 17.82 17.87 17.78 17.79 17.76 17.72 17.55 17.66 17.66 17.77 17.72 17.81 17.75 17.67 17.77 17.59 17.62 17.71 17.79 17.83 17.81 17.87 17.83 17.86 17.88 17.88 17.86 17.81 17.79 17.80 17.87 17.88 17.81 17.77 17.83 17.68 17.71 17.79 17.81 17.74 17.74 17.84 17.89 17.86 17.83 17.93 17.88 17.88 17.90 17.92 17.86 17.78 17.62 17.60
99999.90 99999.90 99999.90 99999.90 99999.90 17.88 17.94 17.94 17.94 17.94 17.94 17.94 17.94 17.94 17.94 17.94 17.86 17.86 17.86 17.86 17.86 17.85 17.85 17.84 17.83 17.77 17.80 17.76 17.76 17.67 17.42 17.60 17.79 17.77 17.77 17.67 17.63 17.58 17.60 17.75 17.71 17.67 17.84 17.77 17.79 17.81 17.83 17.83 17.85 17.85 17.79 17.77 17.82 17.86 17.85 17.79 17.83 17.80 17.77 17.74 17.78 17.86 17.77 17.85 17.89 17.87 17.90 17.85 17.80 17.76 17.89 17.87 17.79 17.56 17.69 17.57 17.51
99999.90 99999.90 99999.90 99999.90 99999.90 99999.90 17.94 17.94 17.94 17.94 17.94 17.94 17.94 17.94 17.94 17.86 17.86 17.86 17.86 17.86 17.85 17.85 17.84 17.84 17.72 17.75 17.82 17.83 17.84 17.79 17.59 17.55 17.69 17.60 17.69 17.65 17.57 17.52 17.75 17.64 17.69 17.67 17.79 17.74 17.74 17.81 17.82 17.83 17.65 17.69 17.75 17.74 17.73 17.80 17.83 17.83 17.79 17.81 17.76 17.72 17.79 17.80 17.86 17.86 17.87 17.87 17.85 17.86 17.75 17.67 17.73 17.66 17.57 17.50 17.22 17.27 17.31
99999.90 99999.90 99999.90 99999.90 99999.90 99999.90 17.94 17.94 17.94 17.94 17.94 17.94 17.94 17.94 17.86 17.86 17.86 17.86 17.86 17.85 17.85 17.84 17.84 17.72 17.72 17.62 17.71 17.79 17.81 17.78 17.67 17.67 17.61 17.53 17.61 17.53 17.53 17.69 17.65 17.63 17.62 17.63 17.55 17.45 17.72 17.75 17.76 17.80 17.69 17.57 17.56 17.74 17.73 17.73 17.81 17.78 17.76 17.75 17.74 17.75 17.76 17.80 17.72 17.86 17.86 17.86 17.81 17.80 17.76 17.67 17.66 17.72 17.73 17.57 17.65 17.54 17.56
99999.90 99999.90 99999.90 99999.90 99999.90 99999.90 17.94 17.94 17.94 17.94 17.94 17.94 17.94 17.86 17.86 17.86 17.86 17.86 17.85 17.85 17.84 17.84 17.72 17.72 17.62 17.62 17.75 17.66 17.55 17.78 17.63 17.69 17.70 17.61 17.49 17.52 17.49 17.59 17.68 17.67 17.62 17.68 17.55 17.63 17.70 17.64 17.66 17.69 17.78 17.70 17.69 17.72 17.74 17.66 17.56 17.72 17.70 17.72 17.73 17.73 17.78 17.62 17.72 17.86 17.86 17.85 17.84 17.83 17.79 17.67 17.71 17.81 17.68 17.59 17.49 17.47 16.85
99999.90 99999.90 99999.90 99999.90 99999.90 99999.90 17.94 17.94 17.94 17.94 17.94 17.94 17.94 17.86 17.86 17.86 17.86 17.85 17.85 17.84 17.84 17.72 17.72 17.62 17.79 17.79 17.79 17.65 17.47 17.66 17.65 17.64 17.53 17.61 17.58 17.49 17.38 17.60 17.61 17.66 17.66 17.55 17.58 17.57 17.64 17.58 17.52 17.71 17.72 17.64 17.67 17.69 17.73 17.70 17.62 17.58 17.61 17.58 17.72 17.77 17.83 17.70 17.71 17.84 17.84 17.84 17.83 17.78 17.78 17.65 17.64 17.75 17.49 17.45 17.23 17.24 17.18
99999.90 99999.90 99999.90 99999.90 99999.90 99999.90 99999.90 99999.90 99999.90 17.94 17.94 17.86 17.86 17.86 17.86 17.86 17.85 17.85 17.84 17.84 17.72 17.72 17.79 17.79 17.79 17.79 17.79 17.70 17.71 17.59 17.64 17.57 17.64 17.47 17.63 17.64 17.51 17.50 17.55 17.51 17.58 17.48 17.59 17.65 17.67 17.56 17.60 17.65 17.66 17.62 17.66 17.70 17.67 17.67 17.68 17.65 17.53 17.54 17.68 17.79 17.79 17.77 17.74 17.78 17.79 17.76 17.68 17.68 17.68 17.70 17.59 17.69 17.52 17.32 17.12 17.17 17.32
99999.90 99999.90 99999.90 99999.90 99999.90 99999.90 99999.90 99999.90 99999.90 99999.90 17.93 17.86 17.86 17.86 17.86 17.85 17.85 17.84 17.84 17.72 17.79 17.79 17.79 17.79 17.79 17.79 17.70 17.70 17.63 17.66 17.56 17.55 17.48 17.70 17.64 17.64 17.64 17.69 17.61 17.52 17.52 17.45 17.58 17.63 17.62 17.58 17.59 17.61 17.57 17.60 17.68 17.67 17.61 17.61 17.62 17.67 17.61 17.55 17.73 17.78 17.77 17.76 17.70 17.65 17.69 17.66 17.72 17.76 17.72 17.69 17.50 17.59 17.47 17.29 17.24 17.36 17.19
99999.90 99999.90 99999.90 99999.90 99999.90 99999.90 99999.90 99999.90 99999.90 99999.90 99999.90 17.86 17.86 17.86 17.85 17.85 17.84 17.84 17.72 17.79 17.79 17.79 17.79 17.79 17.79 17.70 17.53 17.53 17.53 17.47 17.35 17.46 17.50 17.63 17.69 17.59 17.53 17.58 17.59 17.49 17.38 17.40 17.51 17.57 17.57 17.53 17.58 17.54 17.53 17.51 17.62 17.63 17.53 17.51 17.51 17.61 17.56 17.57 17.75 17.78 17.72 17.70 17.64 17.64 17.65 17.65 17.75 17.70 17.65 17.59 17.42 17.39 17.30 17.44 17.37 17.43 17.26
99999.90 99999.90 99999.90 99999.90 99999.90 99999.90 99999.90 99999.90 99999.90 99999.90 99999.90 17.86 17.86 17.85 17.85 17.84 17.84 17.79 17.79 17.79 17.79 17.79 17.79 17.79 17.53 17.53 17.53 17.53 17.53 17.47 17.30 17.24 17.43 17.49 17.60 17.56 17.54 17.63 17.55 17.55 17.48 17.40 17.41 17.49 17.55 17.54 17.47 17.51 17.50 17.47 17.56 17.54 17.41 17.39 17.47 17.55 17.54 17.55 17.69 17.66 17.68 17.60 17.57 17.62 17.59 17.57 17.66 17.64 17.59 17.41 17.38 17.21 17.23 17.48 17.50 17.21 17.15
99999.90 99999.90 99999.90 99999.90 99999.90 99999.90 99999.90 99999.90 99999.90 99999.90 99999.90 99999.90 17.85 17.85 17.84 17.84 17.79 17.79 17.79 17.79 17.79 17.79 17.53 17.53 17.53 17.53 17.53 17.53 17.53 17.30 17.30 17.24 17.24 17.52 17.60 17.59 17.53 17.53 17.54 17.54 17.56 17.44 17.32 17.30 17.45 17.45 17.46 17.42 17.43 17.43 17.46 17.53 17.51 17.41 17.48 17.52 17.32 17.52 17.66 17.69 17.67 17.52 17.48 17.57 17.53 17.57 17.59 17.52 17.61 17.42 17.26 17.18 17.06 17.46 17.34 17.43 17.15
99999.90 99999.90 99999.90 99999.90 99999.90 99999.90 99999.90 99999.90 99999.90 99999.90 99999.90 99999.90 99999.90 17.84 17.84 17.72 17.79 17.79 17.79 17.79 17.79 17.53 17.53 17.53 17.53 17.53 17.53 17.53 17.30 17.30 17.30 17.24 17.24 17.52 17.61 17.59 17.56 17.53 17.45 17.45 17.52 17.54 17.43 17.27 17.29 17.38 17.40 17.37 17.34 17.34 17.47 17.55 17.44 17.32 17.31 17.33 17.34 17.59 17.68 17.71 17.65 17.58 17.57 17.50 17.43 17.45 17.47 17.42 17.50 17.35 17.26 17.21 17.28 17.43 17.13 17.11 17.02
99999.90 99999.90 99999.90 99999.90 99999.90 99999.90 99999.90 99999.90 99999.90 99999.90 99999.90 99999.90 99999.90 99999.90 17.72 17.72 17.79 17.79 17.79 17.53 17.53 17.53 17.53 17.53 17.53 17.53 17.53 17.53 17.30 17.30 17.24 17.24 17.24 17.61 17.61 17.59 17.56 17.56 17.45 17.45 17.52 17.54 17.57 17.45 17.25 17.27 17.26 17.30 17.31 17.11 17.38 17.45 17.26 17.11 17.23 17.18 17.31 17.59 17.57 17.60 17.61 17.59 17.52 17.48 17.36 17.39 17.40 17.32 17.38 17.38 17.32 17.23 17.35 17.46 17.08 17.15 16.91
99999.90 99999.90 99999.90 99999.90 99999.90 99999.90 99999.90 99999.90 99999.90 99999.90 99999.90 99999.90 99999.90 99999.90 99999.90 17.62 17.79 17.79 17.53 17.53 17.53 17.53 17.53 17.53 17.53 17.53 17.53 17.30 17.30 17.30 17.24 17.24 17.61 17.61 17.61 17.59 17.56 17.56 17.45 17.45 17.52 17.57 17.57 17.45 17.15 17.07 17.25 17.37 17.36 17.12 17.14 17.26 17.20 16.99 17.12 17.25 17.21 17.42 17.51 17.45 17.54 17.57 17.57 17.50 17.36 17.49 17.46 17.40 17.39 17.40 17.39 17.10 17.20 17.19 16.88 16.93 16.66
99999.90 99999.90 99999.90 99999.90 99999.90 99999.90 99999.90 99999.90 99999.90 99999.90 99999.90 99999.90 99999.90 99999.90 99999.90 99999.90 17.79 17.79 17.53 17.53 17.53 17.53 17.53 17.53 17.53 17.53 17.53 17.30 17.30 17.24 17.24 17.24 17.61 17.61 17.61 17.59 17.56 17.56 17.45 17.45 17.57 17.57 17.57 17.15 17.15 17.07 17.10 17.23 17.12 17.06 17.11 17.03 16.94 16.88 17.08 17.30 17.29 17.35 17.44 17.41 17.41 17.52 17.55 17.42 17.43 17.43 17.45 17.51 17.41 17.25 17.13 17.12 17.03 17.03 16.85 16.56 16.79
99999.90 99999.90 99999.90 99999.90 99999.90 99999.90 99999.90 99999.90 99999.90 99999.90 99999.90 99999.90 99999.90 99999.90 99999.90 99999.90 17.79 17.79 17.53 17.53 17.53 17.53 17.53 17.53 17.53 17.53 17.30 17.30 17.30 17.24 17.24 17.61 17.61 17.61 17.61 17.59 17.56 17.56 17.45 17.45 17.57 17.57 17.15 17.15 17.15 17.10 17.10 17.26 17.04 17.14 16.96 16.92 16.82 16.92 17.06 17.11 17.20 17.41 17.43 17.35 17.36 17.43 17.44 17.19 17.09 17.32 17.31 17.38 17.18 17.02 17.11 16.81 16.63 16.60 16.75 16.63 16.63
99999.90 99999.90 99999.90 99999.90 99999.90 99999.90 99999.90 99999.90 99999.90 99999.90 99999.90 99999.90 99999.90 99999.90 99999.90 99999.90 99999.90 17.70 17.53 17.53 17.53 17.53 17.53 17.53 17.53 17.53 17.30 17.30 17.24 17.24 17.24 17.61 17.61 17.61 17.61 17.59 17.56 17.56 17.45 17.45 17.57 17.57 17.15 17.15 17.10 17.10 17.26 17.26 17.09 16.97 16.83 16.89 16.79 16.92 17.06 17.11 17.20 17.41 17.43 17.35 17.37 17.32 17.47 17.21 17.12 16.99 17.16 17.31 17.17 17.03 16.92 16.79 16.45 16.19 16.26 16.61 16.50
99999.90 99999.90 99999.90 99999.90 99999.90 99999.90 99999.90 99999.90 99999.90 99999.90 99999.90 99999.90 99999.90 99999.90 99999.90 99999.90 99999.90 99999.90 17.53 17.53 17.53 17.53 17.53 17.53 17.53 17.30 17.30 17.30 17.24 17.24 17.61 17.61 17.61 17.61 17.61 17.59 17.56 17.56 17.45 17.57 17.57 17.15 17.15 17.15 17.10 17.26 17.26 17.09 17.09 16.79 16.83 16.93 16.79 16.79 17.06 17.11 17.20 17.41 17.43 17.37 17.37 17.32 17.27 17.02 16.97 16.91 16.93 16.99 17.00 16.83 16.60 16.87 16.56 16.58 15.94 16.18 16.41
99999.90 99999.90 99999.90 99999.90 99999.90 99999.90 99999.90 99999.90 99999.90 99999.90 99999.90 99999.90 99999.90 99999.90 99999.90 99999.90 99999.90 99999.90 17.53 17.53 17.53 17.53 17.53 17.53 17.53 17.30 17.30 17.24 17.24 17.24 17.61 17.61 17.61 17.61 17.61 17.59 17.56 17.56 17.45 17.57 17.57 17.15 17.15 17.10 17.26 17.26 17.09 17.09 16.79 16.79 16.83 16.94 16.94 16.94 16.79 17.11 17.20 17.41 17.37 17.37 17.37 17.27 17.27 17.02 16.97 16.91 16.93 16.99 17.00 16.83 16.60 16.54 16.66 16.42 16.31 16.39 16.32
99999.90 99999.90 99999.90 99999.90 99999.90 99999.90 99999.90 99999.90 99999.90 99999.90 99999.90 99999.90 99999.90 99999.90 99999.90 99999.90 99999.90 99999.90 99999.90 99999.90 17.30 17.30 17.30 17.30 17.30 17.30 17.30 17.24 17.24 17.61 17.61 17.61 17.61 17.61 17.61 17.59 17.56 17.56 17.45 17.57 17.15 17.15 17.15 17.26 17.26 17.09 17.09 16.79 16.79 16.79 16.94 16.94 16.94 16.94 16.94 17.11 17.20 17.41 17.37 17.37 17.27 17.27 17.27 17.02 16.97 16.91 16.93 16.99 17.00 16.83 16.54 16.54 16.66 16.60 16.17 15.66 15.48
99999.90 99999.90 99999.90 99999.90 99999.90 99999.90 99999.90 99999.90 99999.90 99999.90 99999.90 99999.90 99999.90 99999.90 99999.90 99999.90 99999.90 99999.90 99999.90 99999.90 99999.90 99999.90 17.24 17.24 17.24 17.24 17.24 17.24 17.24 17.61 17.61 17.61 17.61 17.61 17.61 17.59 17.56 17.56 17.57 17.57 17.15 17.15 17.26 17.26 17.09 17.09 16.79 16.79 16.79 16.94 16.94 16.94 16.94 16.94 16.94 16.94 17.20 17.41 17.37 17.37 17.27 17.27 17.27 17.02 16.97 16.91 16.93 16.99 17.00 16.54 16.54 16.54 16.60 16.60 16.17 15.22 14.78
99999.90 99999.90 99999.90 99999.90 99999.90 99999.90 99999.90 99999.90 99999.90 99999.90 99999.90 99999.90 99999.90 99999.90 99999.90 99999.90 99999.90 99999.90 99999.90 99999.90 99999.90 99999.90 99999.90 99999.90 17.61 17.61 17.61 17.61 17.61 17.61 17.61 17.61 17.61 17.61 17.61 17.59 17.56 17.56 17.57 17.15 17.15 17.26 17.26 17.09 17.09 16.79 16.79 16.79 16.79 16.94 16.94 16.94 16.94 16.94 16.94 16.94 16.94 17.37 17.37 17.27 17.27 17.27 17.27 17.02 16.97 16.91 16.93 16.99 17.00 16.54 16.54 16.60 16.60 16.60 15.22 15.22 14.49
99999.90 99999.90 99999.90 99999.90 99999.90 99999.90 99999.90 99999.90 99999.90 99999.90 99999.90 99999.90 99999.90 99999.90 99999.90 99999.90 99999.90 99999.90 99999.90 99999.90 99999.90 99999.90 99999.90 99999.90 99999.90 99999.90 99999.90 99999.90 99999.90 99999.90 99999.90 99999.90 17.57 17.57 17.57 17.57 17.57 17.57 17.57 17.15 17.15 17.26 17.09 17.09 16.79 16.79 16.79 16.79 16.94 16.94 16.94 16.94 16.94 16.94 16.94 16.94 16.94 17.37 17.37 17.27 17.27 17.27 17.27 17.02 16.97 16.91 16.93 16.99 17.00 16.54 16.54 16.60 16.60 15.22 15.22 14.49 14.49
99999.90 99999.90 99999.90 99999.90 99999.90 99999.90 99999.90 99999.90 99999.90 99999.90 99999.90 99999.90 99999.90 99999.90 99999.90 99999.90 99999.90 99999.90 99999.90 99999.90 99999.90 99999.90 99999.90 99999.90 99999.90 99999.90 99999.90 99999.90 99999.90 99999.90 99999.90 99999.90 99999.90 99999.90 17.15 17.15 17.15 17.15 17.15 17.15 17.26 17.09 17.09 16.79 16.79 16.79 16.79 16.79 16.94 16.94 16.94 16.94 16.94 16.94 16.94 16.94 16.94 17.37 17.27 17.27 17.27 17.27 17.27 17.02 16.97 16.91 16.93 16.99 16.54 16.54 16.60 16.60 16.60 15.22 14.49 14.49 14.49
99999.90 99999.90 99999.90 99999.90 99999.90 99999.90 99999.90 99999.90 99999.90 99999.90 99999.90 99999.90 99999.90 99999.90 99999.90 99999.90 99999.90 99999.90 99999.90 99999.90 99999.90 99999.90 99999.90 99999.90 99999.90 99999.90 99999.90 99999.90 99999.90 99999.90 99999.90 99999.90 99999.90 99999.90 99999.90 99999.90 17.10 17.10 17.26 17.26 17.09 17.09 16.79 16.79 16.79 16.79 16.79 16.94 16.94 16.94 16.94 16.94 16.94 16.94 16.94 16.94 16.94 16.94 17.27 17.27 17.27 17.27 17.27 17.02 16.97 16.91 16.93 16.99 16.54 16.54 16.60 16.60 15.22 14.49 14.49 14.49 14.49
99999.90 99999.90 99999.90 99999.90 99999.90 99999.90 99999.90 99999.90 99999.90 99999.90 99999.90 99999.90 99999.90 99999.90 99999.90 99999.90 99999.90 99999.90 99999.90 99999.90 99999.90 99999.90 99999.90 99999.90 99999.90 99999.90 99999.90 99999.90 99999.90 99999.90 99999.90 99999.90 99999.90 99999.90 99999.90 99999.90 99999.90 17.26 17.26 17.09 17.09 16.79 16.79 16.79 16.79 16.79 16.79 16.94 16.94 16.94 16.94 16.94 16.94 16.94 16.94 16.94 16.94 16.94 17.27 17.27 17.27 17.27 17.27 17.02 16.97 16.91 16.93 16.99 16.54 16.60 16.60 16.60 14.49 14.49 14.49 14.49 14.49
99999.90 99999.90 99999.90 99999.90 99999.90 99999.90 99999.90 99999.90 99999.90 99999.90 99999.90 99999.90 99999.90 99999.90 99999.90 99999.90 99999.90 99999.90 99999.90 99999.90 99999.90 99999.90 99999.90 99999.90 99999.90 99999.90 99999.90 99999.90 99999.90 99999.90 99999.90 99999.90 99999.90 99999.90 99999.90 99999.90 99999.90 99999.90 17.09 17.09 16.79 16.79 16.79 16.79 16.79 16.79 16.94 16.94 16.94 16.94 16.94 16.94 16.94 16.94 16.94 16.94 16.94 16.94 17.27 17.27 17.27 17.27 17.27 17.02 16.97 16.91 16.93 16.54 16.54 16.60 16.60 14.49 14.49 14.49 14.49 14.49 14.49
99999.90 99999.90 99999.90 99999.90 99999.90 99999.90 99999.90 99999.90 99999.90 99999.90 99999.90 99999.90 99999.90 99999.90 99999.90 99999.90 99999.90 99999.90 99999.90 99999.90 99999.90 99999.90 99999.90 99999.90 99999.90 99999.90 99999.90 99999.90 99999.90 99999.90 99999.90 99999.90 99999.90 99999.90 99999.90 99999.90 99999.90 99999.90 99999.90 16.79 16.79 16.79 16.79 16.79 16.79 16.79 16.94 16.94 16.94 16.94 16.94 16.94 16.94 16.94 16.94 16.94 16.94 16.94 17.27 17.27 17.27 17.27 17.27 17.02 16.97 16.91 16.93 16.54 16.60 16.60 14.49 14.49 14.49 14.49 14.49 14.49 14.57
99999.90 99999.90 99999.90 99999.90 99999.90 99999.90 99999.90 99999.90 99999.90 99999.90 99999.90 99999.90 99999.90 99999.90 99999.90 99999.90 99999.90 99999.90 99999.90 99999.90 99999.90 99999.90 99999.90 99999.90 99999.90 99999.90 99999.90 99999.90 99999.90 99999.90 99999.90 99999.90 99999.90 99999.90 99999.90 99999.90 99999.90 99999.90 99999.90 99999.90 99999.90 16.94 16.94 16.94 16.94 16.94 16.94 16.94 16.94 16.94 16.94 16.94 16.94 16.94 16.94 16.94 16.94 16.94 16.94 16.94 16.94 16.94 16.54 16.54 16.54 16.54 16.54 16.54 16.60 16.60 14.49 14.49 14.49 14.49 14.49 14.49 14.57
