main/data/irradiance/11.08.2023.grid
ncols 839
nrows 679
xllcenter 112.0500
yllcenter -43.9500
cellsize 0.0500
nodata_value 99999.90
[rows 340 to 373 of 679, columns 385 to 461 of 839]
17.20 17.25 17.27 17.27 17.26 17.29 17.32 17.26 17.25 17.29 17.29 17.24 17.26 17.27 17.28 17.29 17.29 17.29 17.35 17.32 17.24 17.21 17.24 17.27 17.24 17.23 17.24 17.26 17.29 17.26 17.28 17.29 17.30 17.28 17.34 17.37 17.38 17.33 17.30 17.32 17.33 17.32 17.30 17.26 17.31 17.37 17.36 17.37 17.35 17.44 17.42 17.44 17.43 17.45 17.44 17.44 17.45 17.44 17.44 17.43 17.42 17.40 17.35 17.36 17.38 17.37 17.37 17.35 17.34 17.34 17.35 17.38 17.42 17.43 17.43 17.43 17.44
17.17 17.23 17.20 17.16 17.19 17.25 17.26 17.22 17.19 17.17 17.16 17.09 17.21 17.13 17.25 17.23 17.19 17.30 17.26 17.29 17.23 17.20 17.18 17.14 17.22 17.23 17.22 17.24 17.19 17.22 17.23 17.27 17.25 17.26 17.32 17.30 17.27 17.33 17.34 17.31 17.32 17.30 17.31 17.31 17.29 17.34 17.34 17.30 17.36 17.44 17.41 17.41 17.38 17.36 17.40 17.41 17.45 17.44 17.44 17.44 17.39 17.37 17.34 17.32 17.32 17.33 17.32 17.31 17.31 17.30 17.30 17.32 17.36 17.38 17.38 17.39 17.40
17.16 17.19 17.20 16.99 17.19 17.18 17.22 17.18 17.18 17.10 17.19 17.19 17.18 17.13 17.17 17.19 17.14 17.16 17.14 17.20 17.14 17.20 17.12 17.15 17.14 17.16 17.19 17.16 17.23 17.26 17.24 17.24 17.24 17.24 17.27 17.29 17.27 17.29 17.31 17.31 17.30 17.29 17.34 17.33 17.32 17.29 17.29 17.33 17.38 17.40 17.40 17.41 17.40 17.37 17.37 17.40 17.39 17.41 17.43 17.43 17.41 17.38 17.38 17.33 17.30 17.27 17.30 17.29 17.28 17.27 17.26 17.30 17.31 17.35 17.41 17.33 17.32
17.07 17.11 17.06 17.06 17.13 17.17 17.12 17.16 17.17 17.18 17.12 17.14 17.07 17.11 17.20 17.17 17.12 17.19 17.17 17.16 17.15 17.15 17.02 17.08 17.12 17.13 17.14 17.11 17.07 17.19 17.17 17.22 17.25 17.25 17.28 17.29 17.28 17.28 17.30 17.30 17.26 17.27 17.23 17.25 17.29 17.27 17.28 17.32 17.35 17.33 17.38 17.38 17.35 17.36 17.37 17.35 17.35 17.36 17.37 17.38 17.36 17.40 17.38 17.37 17.34 17.37 17.37 17.38 17.39 17.34 17.31 17.33 17.31 17.31 17.31 17.28 17.28
17.08 17.05 17.05 17.05 17.04 16.98 17.07 17.06 17.08 16.99 17.00 17.09 17.12 17.15 17.13 17.09 17.10 17.12 17.08 17.07 17.14 17.10 17.04 17.11 17.12 17.17 17.13 17.13 17.01 17.15 17.07 17.20 17.23 17.25 17.27 17.26 17.28 17.24 17.25 17.26 17.25 17.25 17.23 17.23 17.29 17.27 17.26 17.27 17.31 17.26 17.32 17.32 17.30 17.28 17.35 17.33 17.31 17.35 17.34 17.33 17.35 17.33 17.33 17.30 17.34 17.35 17.37 17.36 17.35 17.38 17.39 17.35 17.29 17.16 17.21 17.31 17.35
16.91 16.94 16.98 16.97 17.05 16.89 16.96 17.00 17.02 16.90 17.04 16.90 16.97 16.99 17.08 17.03 17.10 17.07 17.09 17.05 16.97 17.09 17.10 17.15 17.11 17.11 17.11 17.14 17.09 17.18 17.17 17.19 17.20 17.23 17.22 17.27 17.24 17.22 17.21 17.15 17.14 17.19 17.19 17.19 17.21 17.20 17.19 17.23 17.32 17.26 17.20 17.23 17.32 17.35 17.36 17.32 17.31 17.30 17.24 17.29 17.31 17.29 17.29 17.31 17.25 17.33 17.35 17.36 17.34 17.36 17.37 17.34 17.37 17.31 17.28 17.33 17.36
16.94 16.93 16.95 16.88 16.80 16.80 16.83 16.80 16.76 16.89 16.96 16.88 16.90 16.94 17.01 17.03 17.07 17.04 17.06 17.03 17.00 17.10 17.00 17.00 17.07 17.11 17.15 17.13 17.10 17.08 17.12 17.15 17.20 17.22 17.21 17.23 17.24 17.21 17.21 17.19 17.21 17.16 17.16 17.16 17.19 17.18 17.21 17.23 17.29 17.19 17.20 17.28 17.33 17.31 17.34 17.33 17.33 17.30 17.31 17.33 17.33 17.32 17.32 17.30 17.33 17.32 17.28 17.29 17.27 17.28 17.35 17.34 17.35 17.33 17.32 17.31 17.35
16.81 16.78 16.86 16.85 16.76 16.65 16.85 16.67 16.73 16.76 16.80 16.73 16.93 16.93 16.89 16.99 17.02 17.00 16.85 17.03 16.93 17.02 17.02 16.93 17.05 17.09 17.09 17.10 17.08 17.16 17.14 17.11 17.14 17.19 17.20 17.21 17.24 17.24 17.21 17.20 17.18 17.14 17.14 17.16 17.15 17.16 17.18 17.17 17.19 17.21 17.24 17.22 17.26 17.28 17.30 17.32 17.30 17.30 17.28 17.27 17.33 17.33 17.32 17.32 17.30 17.28 17.29 17.31 17.27 17.27 17.32 17.33 17.33 17.31 17.29 17.29 17.29
16.75 16.87 16.60 16.76 16.79 16.68 16.87 16.70 16.72 16.92 16.85 16.82 16.64 16.99 16.83 16.83 17.02 16.97 16.98 17.02 16.98 17.02 16.94 17.02 16.92 17.09 16.99 17.06 17.12 17.14 17.15 17.16 17.16 17.18 17.19 17.18 17.19 17.22 17.23 17.23 17.16 17.14 17.15 17.16 17.12 17.11 17.13 17.13 17.12 17.11 17.11 17.16 17.22 17.25 17.27 17.28 17.30 17.27 17.29 17.25 17.28 17.29 17.27 17.26 17.23 17.27 17.23 17.27 17.26 17.22 17.26 17.25 17.26 17.30 17.29 17.29 17.30
16.58 16.70 16.56 16.56 16.60 16.64 16.54 16.75 16.71 16.79 16.69 16.81 16.76 16.77 16.69 16.78 16.63 16.83 16.62 16.77 16.91 16.91 16.93 16.94 17.08 17.03 17.04 17.05 17.05 17.12 17.10 17.12 17.13 17.17 17.17 17.15 17.10 17.13 17.17 17.16 17.14 17.14 17.13 17.12 17.11 17.07 17.09 17.10 17.11 17.07 17.13 17.13 17.17 17.24 17.23 17.27 17.26 17.26 17.23 17.24 17.26 17.24 17.23 17.22 17.22 17.24 17.20 17.21 17.17 17.22 17.26 17.22 17.21 17.22 17.25 17.25 17.24
16.18 16.29 16.59 16.53 16.49 16.44 16.38 16.55 16.89 16.48 16.83 16.90 16.86 16.74 16.82 16.81 16.73 16.54 16.72 17.05 16.93 16.90 16.77 16.93 17.05 16.97 16.95 17.03 17.04 17.08 17.06 17.10 17.07 17.09 17.11 17.10 17.09 17.06 17.12 17.12 17.14 17.14 17.13 17.11 17.10 17.07 17.06 17.05 17.07 17.05 17.10 17.08 17.13 17.21 17.20 17.21 17.20 17.21 17.21 17.21 17.19 17.19 17.15 17.21 17.24 17.19 17.24 17.22 17.22 17.24 17.19 17.20 17.19 17.18 17.13 17.13 17.22
16.45 15.93 16.31 16.26 16.43 16.45 16.39 16.64 16.78 16.69 16.54 16.77 16.64 16.55 16.65 16.74 16.69 16.68 16.96 16.73 16.78 16.94 16.91 16.99 16.95 16.91 17.03 17.03 16.98 17.03 17.07 17.07 17.06 17.08 17.09 17.07 17.07 17.08 17.06 17.07 17.11 17.12 17.09 17.08 17.07 17.07 17.04 17.05 17.04 17.06 17.07 17.11 17.12 17.16 17.15 17.13 17.15 17.17 17.13 17.11 17.17 17.20 17.16 17.21 17.20 17.17 17.16 17.18 17.21 17.17 17.16 17.18 17.16 17.13 17.14 17.14 17.23
15.70 15.84 16.28 16.50 16.18 16.31 16.58 16.37 16.49 16.24 16.54 16.89 16.56 16.57 16.38 16.78 16.99 16.68 16.81 16.70 16.87 16.82 17.02 16.99 16.94 16.97 16.92 16.92 16.99 17.03 17.06 17.07 17.03 17.06 17.04 17.03 17.04 17.06 17.06 17.05 17.07 17.06 17.05 17.04 17.04 17.04 17.05 17.04 17.05 17.05 17.05 17.11 17.09 17.09 17.14 17.17 17.13 17.14 17.11 17.11 17.14 17.11 17.21 17.19 17.15 17.16 17.13 17.14 17.14 17.11 17.17 17.15 17.11 17.15 17.14 17.14 17.13
16.02 15.94 16.01 16.11 16.09 16.41 16.59 16.43 16.47 16.20 16.72 16.63 16.38 16.69 16.40 16.69 16.72 16.69 16.84 16.80 16.84 16.92 16.99 16.90 16.82 16.90 16.99 16.89 16.94 16.97 16.99 17.06 17.04 17.02 17.00 17.00 17.04 17.04 17.03 17.02 17.02 17.02 17.02 17.01 17.00 16.97 16.99 17.01 17.01 17.02 17.02 17.02 17.07 17.11 17.08 17.10 17.10 17.10 17.07 17.05 17.07 17.06 17.08 17.08 17.03 17.08 17.05 17.06 17.11 17.14 17.10 17.14 17.09 17.11 16.93 17.01 17.11
16.00 16.20 16.23 16.19 15.81 16.01 16.21 16.17 15.90 16.58 16.45 16.56 16.62 16.53 16.78 16.76 16.76 16.71 16.76 16.75 16.93 16.89 16.97 16.91 16.92 16.95 16.99 16.96 16.96 16.98 16.99 17.00 17.00 17.01 17.00 17.01 17.01 17.00 17.02 17.01 16.99 17.01 17.02 17.00 16.97 16.99 16.97 16.98 16.99 16.97 16.98 16.98 17.01 17.04 17.07 17.11 17.10 17.08 17.09 17.07 17.07 17.09 17.12 17.12 17.11 17.08 17.04 17.10 17.10 17.09 17.11 17.13 17.11 17.15 17.07 17.13 16.96
15.67 16.34 16.31 16.37 15.93 15.84 16.46 16.29 16.23 16.52 16.43 16.61 16.49 16.68 16.74 16.52 16.71 16.69 16.91 16.91 16.88 16.89 16.70 16.71 16.88 16.87 16.93 16.93 16.92 16.93 16.97 16.96 16.96 16.97 16.98 16.98 16.98 17.00 17.00 16.99 17.00 16.98 16.99 17.00 17.01 16.99 16.97 16.96 16.96 16.96 16.96 16.95 16.96 17.03 17.03 17.07 17.07 17.04 17.02 17.04 17.04 17.09 17.11 17.09 17.05 17.09 17.13 16.96 17.05 17.03 17.05 17.08 17.04 17.13 17.10 17.16 17.10
15.97 16.26 16.15 15.96 15.83 16.03 16.25 16.32 15.99 15.99 16.53 16.35 16.23 16.75 16.45 16.71 16.50 16.56 16.77 16.77 16.86 16.86 16.82 16.83 16.81 16.78 16.79 16.85 16.88 16.93 16.91 16.89 16.92 16.93 16.95 16.94 16.94 16.97 16.99 16.99 16.97 16.98 16.98 16.96 16.99 16.97 16.97 16.96 16.96 16.91 16.94 16.94 16.94 16.96 16.99 16.99 16.99 17.01 17.04 17.04 17.06 17.08 17.07 17.04 17.03 17.04 17.09 17.01 16.97 17.03 17.00 17.04 17.06 17.08 17.07 17.09 17.07
15.83 15.84 15.61 16.01 15.91 16.26 16.05 15.45 15.79 16.05 16.15 16.46 16.45 16.49 16.61 16.26 16.33 16.66 16.82 16.78 16.82 16.73 16.75 16.74 16.84 16.86 16.71 16.87 16.88 16.88 16.88 16.88 16.93 16.88 16.92 16.93 16.94 16.95 16.97 16.98 16.93 16.94 16.94 16.95 16.95 16.95 16.93 16.97 16.97 16.95 16.94 16.94 16.94 16.93 16.94 16.95 16.96 16.99 17.02 16.98 17.00 17.04 17.02 17.03 17.02 17.03 17.04 17.07 17.04 16.94 17.03 17.00 17.01 17.01 17.08 17.06 17.03
15.89 16.33 16.29 16.08 16.12 16.72 16.14 16.58 16.33 16.55 16.46 16.43 16.55 16.66 16.82 16.66 16.45 16.59 16.49 16.67 16.73 16.57 16.72 16.82 16.83 16.86 16.81 16.86 16.86 16.83 16.87 16.87 16.87 16.89 16.89 16.91 16.91 16.89 16.95 16.96 16.94 16.91 16.88 16.92 16.87 16.89 16.86 16.91 16.91 16.91 16.91 16.91 16.92 16.92 16.93 16.96 16.94 16.97 16.94 16.95 16.98 17.03 17.06 17.09 17.06 17.02 17.01 17.07 17.07 16.99 16.98 16.90 16.83 16.83 16.91 16.89 16.88
15.85 15.98 16.02 15.79 15.46 16.36 16.25 16.17 15.91 16.47 16.80 16.21 16.18 16.40 16.54 16.56 16.72 16.63 16.41 16.71 16.78 16.78 16.73 16.62 16.71 16.77 16.84 16.85 16.81 16.84 16.82 16.82 16.87 16.84 16.88 16.89 16.87 16.87 16.90 16.90 16.90 16.88 16.86 16.85 16.75 16.84 16.83 16.87 16.90 16.90 16.91 16.90 16.89 16.89 16.91 16.91 16.92 16.94 16.98 16.96 16.96 17.00 17.05 17.09 17.06 17.03 17.02 17.03 17.09 17.04 17.01 16.94 16.85 16.82 16.84 16.88 16.87
16.14 16.15 16.21 16.32 16.23 16.42 16.40 16.32 16.12 16.36 16.63 16.25 16.18 16.59 16.76 16.60 16.65 16.58 16.24 16.62 16.78 16.85 16.77 16.75 16.79 16.80 16.82 16.78 16.82 16.76 16.83 16.80 16.80 16.82 16.85 16.85 16.83 16.84 16.81 16.91 16.86 16.90 16.81 16.86 16.83 16.83 16.79 16.86 16.81 16.91 16.90 16.86 16.86 16.87 16.87 16.89 16.89 16.95 16.96 17.01 17.03 17.02 17.06 17.03 17.04 16.99 17.00 17.01 17.03 17.06 17.04 17.03 17.00 16.93 16.87 16.83 16.89
16.00 16.11 16.11 16.08 16.60 16.18 16.18 16.27 16.53 16.29 16.24 16.43 16.45 16.54 16.53 16.42 16.66 16.76 16.65 16.64 16.75 16.79 16.75 16.84 16.78 16.81 16.79 16.76 16.81 16.70 16.71 16.83 16.73 16.69 16.68 16.76 16.85 16.79 16.72 16.88 16.70 16.90 16.88 16.81 16.77 16.82 16.76 16.57 16.72 16.81 16.86 16.85 16.86 16.84 16.84 16.88 16.91 16.92 16.92 16.95 16.94 16.92 17.04 17.04 17.07 17.03 17.01 16.99 17.02 17.02 17.04 17.04 17.03 17.01 16.99 16.87 16.86
15.83 16.33 16.32 15.97 16.56 16.03 16.28 16.58 16.74 16.47 16.50 16.52 16.45 16.40 16.33 16.59 16.69 16.74 16.74 16.65 16.73 16.77 16.77 16.76 16.80 16.79 16.76 16.80 16.78 16.75 16.79 16.66 16.79 16.58 16.71 16.80 16.64 16.58 16.68 16.79 16.85 16.71 16.78 16.74 16.72 16.76 16.76 16.83 16.70 16.78 16.86 16.84 16.84 16.84 16.82 16.86 16.87 16.90 16.92 16.88 16.91 16.82 16.91 16.99 17.02 16.98 16.95 16.97 17.00 16.98 16.98 16.98 16.98 16.98 16.96 16.93 16.90
16.02 16.07 16.29 16.02 16.32 16.33 16.35 16.19 16.45 16.30 16.51 16.30 16.24 16.43 16.43 16.48 16.45 16.71 16.67 16.65 16.66 16.73 16.77 16.77 16.70 16.75 16.71 16.66 16.72 16.71 16.74 16.64 16.72 16.74 16.74 16.47 16.54 16.68 16.75 16.73 16.73 16.80 16.63 16.72 16.75 16.74 16.79 16.79 16.63 16.76 16.79 16.78 16.81 16.82 16.82 16.83 16.84 16.84 16.86 16.85 16.82 16.79 16.93 16.95 16.90 16.97 16.96 16.94 16.98 16.95 16.96 16.95 16.96 16.95 16.94 16.91 16.93
16.21 15.98 16.22 16.20 16.10 16.45 16.49 16.37 16.44 16.38 16.58 16.33 16.28 16.71 16.48 16.41 16.44 16.63 16.59 16.61 16.74 16.56 16.56 16.76 16.69 16.68 16.70 16.49 16.56 16.57 16.60 16.71 16.48 16.69 16.66 16.60 16.65 16.34 16.72 16.43 16.64 16.78 16.78 16.70 16.77 16.71 16.77 16.82 16.69 16.79 16.80 16.80 16.80 16.81 16.81 16.81 16.80 16.80 16.82 16.80 16.80 16.88 16.90 16.91 16.85 16.84 16.87 16.90 16.89 16.94 16.92 16.95 16.96 16.94 16.93 16.95 16.98
16.05 15.96 16.30 16.11 16.40 16.20 16.37 16.05 16.27 16.44 16.56 16.42 16.49 16.55 16.62 16.42 16.44 16.46 16.65 16.60 16.74 16.55 16.62 16.74 16.76 16.51 16.75 16.44 16.73 16.45 16.70 16.43 16.73 16.69 16.59 16.66 16.43 16.66 16.76 16.52 16.74 16.78 16.76 16.71 16.70 16.58 16.74 16.79 16.77 16.79 16.79 16.78 16.78 16.78 16.80 16.79 16.79 16.78 16.78 16.77 16.76 16.84 16.80 16.90 16.90 16.88 16.93 16.92 16.87 16.90 16.89 16.88 16.86 16.90 16.91 16.91 16.93
16.47 16.13 16.13 16.32 16.06 16.14 16.47 16.56 16.37 16.26 16.49 16.49 16.36 16.38 16.33 16.21 16.49 16.38 16.65 16.55 16.48 16.54 16.54 16.61 16.61 16.51 16.75 16.49 16.60 16.60 16.58 16.43 16.50 16.70 16.39 16.66 16.39 16.59 16.57 16.63 16.61 16.68 16.70 16.70 16.72 16.69 16.76 16.75 16.76 16.77 16.76 16.77 16.76 16.76 16.77 16.77 16.77 16.76 16.77 16.76 16.78 16.76 16.74 16.81 16.94 16.90 16.90 16.86 16.91 16.93 16.90 16.92 16.93 16.86 16.87 16.82 16.86
16.52 16.20 16.61 16.57 16.29 16.44 16.51 16.47 16.35 16.35 16.50 16.44 16.47 16.23 16.29 16.57 16.43 16.63 16.59 16.45 16.34 16.54 16.28 16.54 16.63 16.36 16.61 16.57 16.62 16.38 16.61 16.43 16.34 16.42 16.27 16.48 16.66 16.35 16.60 16.61 16.64 16.62 16.63 16.70 16.62 16.71 16.73 16.68 16.74 16.74 16.74 16.74 16.74 16.75 16.75 16.76 16.74 16.77 16.71 16.74 16.73 16.75 16.73 16.79 16.82 16.78 16.80 16.87 16.91 16.91 16.91 16.91 16.90 16.91 16.90 16.89 16.89
16.53 16.60 16.53 16.55 16.49 16.45 16.44 16.54 16.37 16.39 16.50 16.49 16.57 16.48 16.54 16.31 16.50 16.57 16.33 16.55 16.32 16.59 16.48 16.56 16.43 16.43 16.46 16.51 16.62 16.32 16.36 16.41 16.45 16.20 16.39 16.47 16.37 16.25 16.70 16.67 16.66 16.68 16.71 16.44 16.69 16.72 16.72 16.72 16.73 16.73 16.75 16.74 16.74 16.74 16.75 16.73 16.76 16.78 16.74 16.71 16.75 16.76 16.72 16.78 16.76 16.79 16.82 16.85 16.86 16.90 16.90 16.92 16.90 16.90 16.88 16.90 16.88
16.53 16.48 16.47 16.50 16.54 16.51 16.51 16.40 16.56 16.31 16.47 16.36 16.50 16.54 16.42 16.08 16.37 16.45 16.39 16.39 16.30 16.55 16.26 16.45 16.16 16.13 16.45 16.37 16.52 16.55 16.23 16.53 16.29 16.04 16.06 16.41 16.35 16.51 16.65 16.64 16.64 16.57 16.66 16.67 16.51 16.65 16.70 16.70 16.71 16.71 16.71 16.72 16.71 16.71 16.71 16.72 16.72 16.77 16.72 16.76 16.72 16.75 16.75 16.75 16.66 16.75 16.85 16.85 16.84 16.85 16.87 16.89 16.90 16.89 16.87 16.85 16.89
16.45 16.50 16.49 16.44 16.33 16.51 16.32 16.48 16.55 16.55 16.52 16.45 16.31 16.46 16.35 16.43 16.30 16.26 16.44 16.55 16.31 16.51 16.47 16.05 16.43 16.30 16.42 16.48 16.49 16.50 16.10 16.35 16.23 16.20 16.06 16.03 16.31 16.67 16.50 16.52 16.67 16.60 16.56 16.65 16.62 16.65 16.66 16.67 16.69 16.68 16.67 16.69 16.69 16.69 16.68 16.68 16.73 16.75 16.74 16.73 16.73 16.72 16.71 16.74 16.69 16.80 16.83 16.84 16.80 16.79 16.86 16.88 16.87 16.90 16.88 16.88 16.86
16.52 16.46 16.51 16.43 16.55 16.58 16.51 16.52 16.39 16.47 16.51 16.12 16.06 16.23 16.25 16.49 16.17 16.22 16.39 16.36 16.41 15.76 16.26 16.26 16.29 16.15 16.48 16.18 16.10 16.23 16.24 16.42 16.12 16.05 16.17 16.18 16.23 16.51 16.55 16.62 16.65 16.66 16.65 16.65 16.64 16.64 16.64 16.65 16.65 16.68 16.68 16.65 16.67 16.66 16.65 16.66 16.68 16.74 16.74 16.75 16.75 16.69 16.71 16.73 16.79 16.82 16.77 16.81 16.80 16.77 16.74 16.75 16.85 16.85 16.81 16.79 16.81
16.46 16.58 16.52 16.38 16.56 16.16 16.56 16.30 16.31 16.46 16.24 16.26 16.14 16.23 16.26 16.02 15.73 16.35 16.07 16.22 16.08 16.26 16.05 15.76 15.98 16.03 16.13 16.36 15.96 16.05 16.21 16.01 16.10 16.12 15.88 16.30 16.44 16.54 16.56 16.64 16.65 16.65 16.63 16.63 16.61 16.60 16.61 16.63 16.63 16.65 16.67 16.66 16.65 16.66 16.69 16.70 16.66 16.68 16.73 16.73 16.71 16.71 16.69 16.70 16.71 16.78 16.79 16.74 16.73 16.75 16.70 16.61 16.56 16.60 16.64 16.65 16.77
16.42 16.51 16.40 16.38 16.35 16.44 16.50 16.37 16.30 16.45 16.46 16.52 16.06 16.13 16.04 15.96 15.75 16.26 16.51 16.09 15.72 15.90 15.56 15.97 15.91 16.15 16.24 15.80 16.08 15.89 16.16 16.15 16.17 16.10 16.03 16.42 16.22 16.42 16.58 16.58 16.64 16.65 16.65 16.64 16.65 16.63 16.62 16.61 16.62 16.62 16.63 16.64 16.64 16.63 16.65 16.70 16.66 16.66 16.69 16.70 16.68 16.70 16.70 16.69 16.70 16.72 16.69 16.69 16.72 16.68 16.58 16.57 16.53 16.54 16.50 16.59 16.50
