main/data/irradiance/11.09.2023.grid
ncols 839
nrows 679
xllcenter 112.0500
yllcenter -43.9500
cellsize 0.0500
nodata_value 99999.90
[rows 136 to 169 of 679, columns 231 to 307 of 839]
24.20 24.39 24.39 24.39 24.06 24.53 23.80 23.82 23.72 23.67 23.73 23.88 24.00 24.34 24.44 24.22 23.88 23.87 23.92 24.01 24.05 23.95 24.14 24.17 24.10 24.13 23.99 24.01 24.07 24.11 24.07 24.13 23.96 23.96 24.04 24.16 24.23 23.98 24.03 23.99 23.94 23.92 24.00 24.22 24.24 24.27 24.40 24.32 24.14 24.02 24.12 24.17 24.19 24.17 24.18 24.20 24.08 24.17 24.24 24.22 24.21 24.21 24.28 24.25 24.18 24.05 24.06 24.10 24.07 24.19 24.15 24.16 24.17 24.22 24.21 24.15 24.25
24.43 24.39 24.39 24.06 24.06 24.53 24.37 24.37 23.86 23.76 23.79 23.76 23.89 24.14 24.17 24.06 23.85 23.97 24.02 24.08 24.11 24.08 24.15 24.18 24.12 24.11 23.98 24.02 24.08 24.15 24.06 24.14 24.10 23.94 24.03 24.12 24.10 23.95 24.01 23.94 23.91 23.94 23.98 24.09 24.30 24.37 24.36 24.40 24.41 24.33 24.22 24.15 24.16 24.15 24.16 24.17 24.11 24.14 24.20 24.14 24.13 24.20 24.19 24.13 24.14 24.15 24.11 24.16 24.09 24.17 24.22 24.13 24.12 24.17 24.20 24.18 24.18
24.43 24.38 24.38 24.06 24.06 24.71 24.71 24.33 23.81 23.80 23.95 23.90 23.94 23.93 23.94 23.84 23.85 23.87 23.89 23.92 23.98 23.98 24.03 24.08 24.18 24.16 23.96 23.92 24.01 24.01 24.17 24.21 24.21 24.14 23.91 24.12 24.19 23.98 23.94 23.89 23.84 23.93 23.97 24.00 24.51 24.42 24.37 24.35 24.30 24.22 24.15 24.26 24.22 24.23 24.22 24.24 24.06 24.13 24.16 24.15 24.16 24.16 24.11 24.14 24.11 24.09 24.16 24.11 24.10 24.16 24.20 24.11 24.08 24.14 24.12 24.16 24.17
24.43 24.38 24.38 24.38 24.69 24.73 24.73 24.65 23.87 23.94 24.11 24.01 23.92 23.94 23.90 23.85 23.84 23.83 23.92 23.92 23.83 23.90 24.01 24.06 24.14 24.19 24.12 23.96 24.00 24.00 24.01 24.13 24.15 24.19 24.27 24.22 24.16 23.86 23.87 23.82 23.84 23.89 23.96 24.01 24.37 24.49 24.44 24.35 24.08 23.99 24.06 24.04 24.04 24.05 24.10 24.09 24.10 24.10 24.14 24.17 24.18 24.15 24.18 24.11 23.95 24.13 24.17 24.15 24.16 24.13 24.21 24.13 24.10 24.08 24.12 24.17 24.20
24.43 24.38 24.38 24.49 24.69 24.69 24.68 24.75 23.99 23.89 23.93 23.94 23.91 23.88 23.85 23.85 23.89 23.87 23.86 24.16 24.26 23.98 23.96 24.04 24.03 24.02 24.07 24.05 23.98 24.12 24.10 24.06 24.14 23.98 24.09 24.22 24.23 23.91 23.87 23.86 23.85 23.88 23.93 24.07 24.09 24.25 24.05 24.09 23.95 23.92 23.95 24.00 24.07 24.15 24.16 24.13 24.15 24.10 24.14 24.24 24.13 24.03 24.06 24.16 24.00 24.06 24.22 24.21 24.21 24.22 24.19 24.17 24.10 24.11 24.15 24.15 24.18
24.41 24.03 24.49 24.49 24.60 24.60 24.59 24.66 24.62 23.91 23.84 23.85 23.90 23.86 23.80 23.78 23.82 23.87 23.97 24.21 24.47 24.39 23.99 24.00 24.05 23.94 23.97 24.05 24.05 24.13 24.16 24.13 24.03 24.21 24.03 24.01 24.17 24.14 23.96 23.85 23.93 23.91 23.88 24.09 24.09 23.92 23.96 24.10 24.10 24.00 23.90 23.91 23.99 24.07 24.16 24.19 24.13 24.11 24.19 24.22 24.15 24.15 24.26 24.27 24.12 24.05 24.19 24.26 24.18 24.19 24.13 24.14 24.08 24.11 24.15 24.14 24.18
24.41 24.13 24.28 24.58 24.58 24.63 24.48 24.15 24.26 23.85 23.78 23.84 23.83 23.87 23.80 23.79 23.79 23.81 23.92 24.45 24.48 24.46 24.19 24.23 23.95 24.07 24.00 24.00 24.00 24.14 24.09 24.15 24.11 24.07 24.22 23.98 24.01 24.10 24.02 24.09 24.15 23.99 23.88 24.01 23.97 23.90 24.05 24.00 24.05 24.13 23.97 23.93 23.93 24.02 24.11 24.08 24.15 24.19 24.23 24.10 24.05 24.17 24.19 24.10 24.15 24.01 24.03 24.02 24.11 24.15 24.08 24.02 24.02 24.10 24.13 24.12 24.17
24.53 24.53 24.29 24.50 24.45 24.63 24.48 23.94 23.80 23.81 23.85 23.79 23.77 23.80 23.81 23.76 23.75 23.75 23.72 23.82 24.33 24.47 24.39 24.22 23.94 23.95 23.94 24.02 24.09 24.10 24.05 24.16 24.11 24.00 24.08 24.21 24.00 24.16 24.20 24.20 24.21 24.13 24.07 24.10 23.88 23.91 23.91 23.93 24.01 24.07 24.01 23.90 23.93 23.93 24.04 24.10 24.18 24.16 24.03 24.09 24.16 24.11 24.09 24.12 24.12 24.09 24.00 23.96 23.95 24.10 24.10 24.01 24.10 24.13 24.05 24.10 24.22
24.54 24.54 24.52 23.90 23.88 23.93 24.07 23.94 23.79 23.76 23.78 23.82 23.88 23.80 23.79 23.79 23.75 23.79 23.79 23.83 23.96 24.42 24.41 24.00 24.02 23.98 23.93 23.90 24.00 24.13 24.08 24.18 24.19 24.15 24.00 23.98 24.14 24.08 24.10 24.12 24.18 24.08 24.08 24.14 24.12 23.88 24.12 24.18 24.11 24.10 24.04 24.05 23.94 23.96 24.22 24.25 24.26 24.18 24.00 24.12 24.13 24.11 23.95 24.02 24.13 24.04 24.04 23.96 24.07 24.06 24.10 24.10 24.11 24.09 24.09 24.08 24.17
24.55 24.55 24.59 23.83 23.71 23.90 23.93 23.94 23.91 23.76 23.78 23.81 23.80 23.84 23.69 23.69 23.68 23.79 23.78 23.78 23.80 23.95 23.89 23.82 23.88 23.87 23.85 23.77 23.87 24.00 24.15 24.07 24.11 24.14 24.09 23.97 24.00 24.09 24.13 24.13 24.03 24.11 24.15 24.23 24.00 23.89 24.10 24.07 24.14 24.02 23.95 23.97 23.91 23.92 24.02 24.13 24.26 24.16 24.01 24.19 24.11 24.14 24.14 24.05 24.13 23.95 23.90 23.92 24.06 24.12 24.15 24.16 24.10 24.13 23.95 24.11 24.10
24.56 24.24 24.26 23.88 23.67 23.76 23.92 23.92 23.89 23.93 23.92 23.86 23.88 23.82 23.77 23.69 23.67 23.71 23.70 23.73 23.73 23.75 23.71 23.75 23.78 23.85 23.87 23.79 23.87 23.85 23.97 23.96 23.93 24.09 24.11 24.09 24.10 24.24 24.17 24.09 24.11 24.03 24.12 24.19 24.27 23.96 23.95 24.13 24.13 24.10 23.95 23.92 23.90 23.88 23.91 23.95 24.24 24.22 24.01 24.10 24.12 24.13 24.08 24.14 24.17 24.15 24.06 23.95 24.07 24.17 23.96 24.07 24.05 24.04 24.01 24.14 23.95
24.61 24.36 24.00 23.86 23.76 23.71 23.73 23.83 23.83 23.84 23.93 23.95 23.87 23.80 23.68 23.83 23.78 23.76 23.77 23.75 23.79 23.80 23.77 23.86 23.81 23.82 23.86 23.91 23.83 23.91 23.89 23.96 23.93 24.00 24.05 24.05 24.15 24.33 24.34 24.06 24.05 24.03 24.03 24.14 24.26 24.27 23.98 24.13 24.08 24.04 24.00 24.03 23.89 23.93 23.89 23.95 24.10 24.17 24.01 24.14 24.11 24.21 24.01 24.09 24.09 24.01 24.00 23.98 24.13 24.05 23.98 24.16 24.23 24.21 24.06 23.90 23.99
24.49 24.61 24.18 23.76 23.75 23.74 23.79 23.84 23.92 23.80 23.77 23.78 23.77 23.75 23.75 23.77 23.81 23.78 23.73 23.74 23.75 23.79 23.87 23.88 23.83 23.87 23.87 23.66 23.84 23.94 23.98 23.93 23.92 23.98 24.10 24.14 24.16 24.30 24.25 24.17 24.07 24.01 24.05 23.93 24.04 24.16 24.30 24.12 23.93 23.98 23.99 23.94 23.89 24.11 24.08 24.12 24.16 24.08 24.15 24.14 24.10 24.11 24.02 24.12 24.08 24.07 24.15 24.15 24.10 23.99 24.16 24.14 24.09 23.95 23.92 23.95 24.20
24.37 24.54 23.94 23.77 23.79 23.83 23.87 23.88 23.91 23.89 23.79 23.75 23.75 23.83 23.84 23.87 23.92 23.84 23.71 23.70 23.73 23.79 23.84 23.91 23.94 23.84 23.85 23.76 23.69 23.93 23.97 23.92 23.94 24.27 24.41 24.41 24.30 24.38 24.36 24.24 24.12 24.11 24.13 24.21 24.03 24.18 24.12 24.23 24.26 24.04 23.98 23.95 24.14 24.29 24.13 24.11 24.16 24.25 24.14 24.21 24.13 24.14 24.15 24.13 24.12 24.21 24.27 24.25 24.19 24.15 24.23 24.15 23.99 23.93 23.89 24.11 24.04
24.23 23.92 23.76 23.84 23.88 23.94 23.85 23.88 23.84 23.88 23.87 23.78 23.84 23.89 23.87 23.93 23.92 23.87 23.77 23.73 23.68 23.72 23.78 23.87 23.97 23.86 23.82 23.74 23.85 23.83 23.86 23.93 23.98 24.13 24.39 24.33 24.29 24.19 24.22 24.12 24.16 24.21 24.21 24.16 24.07 24.14 24.25 24.11 24.13 24.26 23.95 23.87 24.22 24.15 24.21 24.21 24.18 24.21 24.13 24.11 24.20 24.33 24.26 24.13 24.25 24.23 24.14 24.06 23.98 24.05 24.04 24.02 23.98 23.95 24.00 23.99 24.05
23.84 23.88 23.77 23.90 23.94 23.97 23.90 23.86 23.82 23.80 23.87 23.86 23.84 23.89 23.87 23.91 23.96 23.87 23.76 23.74 23.70 23.75 23.76 23.84 23.91 23.98 23.84 23.79 23.77 23.85 23.88 24.03 24.09 24.10 24.05 23.94 23.95 23.95 23.99 23.94 23.93 24.00 24.12 24.19 24.08 24.04 24.05 24.19 24.08 24.06 24.13 24.19 24.15 24.21 24.20 24.22 24.08 24.09 24.19 24.18 24.08 24.16 24.23 24.09 24.13 24.06 24.01 23.97 23.99 24.06 24.02 23.92 23.98 23.98 24.12 23.96 23.90
23.74 23.78 23.79 23.82 23.81 23.85 23.86 23.87 23.93 23.82 23.81 23.81 23.85 23.89 23.81 23.80 23.89 23.93 23.92 23.77 23.72 23.80 23.81 23.74 23.87 23.98 24.01 24.00 24.00 23.88 23.80 23.81 24.02 24.09 24.03 24.00 23.92 24.07 24.04 24.06 24.12 23.99 23.88 24.01 24.19 24.06 24.04 24.05 24.15 24.19 24.21 24.11 23.83 23.98 24.20 24.10 24.08 24.10 24.22 24.13 24.06 24.05 24.16 24.07 23.92 23.92 24.00 23.95 23.96 23.94 23.93 23.91 23.96 23.95 23.98 23.92 23.97
23.78 23.82 23.93 23.99 23.95 23.89 23.86 23.85 23.91 23.86 23.82 23.85 23.80 23.87 23.87 23.80 23.78 23.76 23.85 23.65 23.69 23.78 23.80 23.72 23.77 23.87 23.94 23.92 24.08 24.13 24.10 24.02 24.03 24.01 24.03 23.93 23.96 24.01 24.08 24.13 24.05 24.10 24.06 23.92 24.00 24.13 24.07 24.10 24.11 24.13 24.16 24.06 23.88 23.95 24.13 24.09 24.13 24.17 24.14 24.15 24.19 24.18 24.20 24.19 24.00 24.03 24.03 23.99 24.00 23.93 23.93 23.96 24.03 23.94 23.84 23.93 23.95
23.75 23.71 23.78 23.83 23.87 23.85 23.80 23.81 23.84 23.84 23.79 23.75 23.73 23.73 23.87 23.84 23.68 23.68 23.67 23.58 23.69 23.72 23.76 23.71 23.65 23.76 23.76 23.81 23.88 24.05 24.04 24.08 24.17 24.02 23.96 23.89 23.93 24.01 24.05 24.15 24.05 24.05 24.18 24.20 23.98 24.18 24.17 23.97 24.11 24.18 24.10 24.21 23.98 23.83 23.93 24.15 24.20 24.15 24.14 24.10 24.13 24.10 24.02 24.02 24.07 24.02 24.02 23.97 24.00 24.06 24.02 23.99 24.02 23.91 23.93 23.99 23.97
23.82 23.71 23.74 23.70 23.83 23.80 23.84 23.72 23.79 23.81 23.77 23.75 23.66 23.67 23.79 23.82 23.72 23.70 23.61 23.68 23.72 23.75 23.86 23.84 23.74 23.75 23.76 23.81 23.81 23.81 23.92 24.01 24.02 23.93 23.87 23.94 23.89 23.92 23.96 24.13 24.18 23.86 23.84 24.12 24.16 23.97 24.00 23.96 24.03 24.06 24.07 24.06 24.11 24.16 24.08 24.22 24.23 24.05 24.08 24.01 23.96 24.04 24.03 24.00 23.99 23.90 23.91 23.94 24.00 24.03 24.04 23.92 24.02 23.98 24.04 23.98 23.81
23.80 23.81 23.71 23.73 23.81 23.87 23.76 23.78 23.84 23.76 23.72 23.68 23.66 23.75 23.80 23.84 23.86 23.65 23.74 23.89 23.78 23.88 23.90 23.83 23.75 23.72 23.75 23.77 23.79 23.85 23.78 23.76 23.94 23.97 23.91 23.93 23.75 24.05 23.97 23.91 24.00 23.91 23.94 23.84 23.80 23.71 23.75 24.04 24.03 23.96 23.99 24.01 23.95 23.99 24.05 24.04 24.05 24.13 24.13 23.94 23.99 24.07 23.95 23.95 24.04 23.98 23.92 23.99 24.03 23.99 24.10 24.08 23.97 23.99 23.94 23.80 23.75
23.75 23.78 23.82 23.72 23.70 23.75 23.74 23.70 23.73 23.86 23.78 23.67 23.61 23.61 23.70 23.92 24.07 23.83 24.08 23.89 23.84 23.91 23.87 23.80 23.79 23.71 23.74 23.80 23.77 23.84 23.81 23.67 23.84 23.94 23.89 23.98 24.14 23.89 24.03 24.01 23.89 23.83 23.90 23.80 23.75 23.68 23.68 23.94 23.97 24.05 24.01 23.96 23.95 23.98 24.04 23.97 24.00 24.06 24.04 23.97 24.01 24.02 23.97 24.01 24.14 24.06 24.05 23.98 24.02 24.14 24.08 24.03 24.01 23.99 23.80 23.78 23.86
23.92 23.79 23.78 23.68 23.71 23.72 23.66 23.71 23.79 23.71 23.69 23.64 23.63 23.54 23.46 23.42 23.74 24.24 23.92 23.94 23.90 24.02 24.17 23.97 23.81 23.81 23.86 23.78 23.72 23.80 23.84 23.76 23.80 23.81 23.95 24.13 24.16 24.02 24.00 24.05 24.05 23.98 23.86 23.65 23.63 23.60 23.72 23.89 23.90 23.99 23.97 23.99 23.98 23.91 23.98 24.03 24.10 24.15 24.07 23.91 24.06 24.03 24.04 24.13 24.18 24.07 24.08 24.07 24.11 24.19 24.08 24.04 24.06 23.97 23.81 23.87 23.84
23.87 23.87 23.69 23.67 23.68 23.72 23.59 23.70 23.67 23.82 23.89 23.89 23.77 23.59 23.63 23.90 23.69 23.84 23.92 23.81 23.92 23.95 23.98 23.96 23.86 23.77 23.81 23.79 23.75 23.79 23.87 23.94 23.84 23.82 23.79 23.84 24.05 24.24 24.22 24.22 24.15 24.21 24.11 24.07 23.90 23.89 23.78 23.76 23.78 23.80 23.93 23.97 24.06 24.00 24.01 24.02 24.04 24.00 23.99 24.02 23.95 23.95 24.01 24.03 24.14 24.20 24.18 24.17 24.19 24.10 24.12 24.03 24.01 23.90 23.82 23.84 23.84
24.02 23.92 23.78 23.80 23.78 23.73 23.58 23.69 23.80 23.81 24.02 23.97 24.09 24.11 23.96 23.81 23.80 23.83 23.79 23.84 23.75 23.79 23.84 23.84 23.79 23.71 23.71 23.88 23.88 23.81 23.87 23.95 23.86 23.88 23.96 23.80 23.79 23.98 24.11 23.85 23.81 24.19 23.97 24.16 24.05 23.74 23.76 23.77 23.84 23.83 23.83 23.98 23.90 23.82 23.93 24.03 24.08 24.10 24.15 24.08 24.01 23.90 24.04 24.14 24.09 24.15 24.14 24.14 24.09 24.12 24.02 23.90 23.94 23.97 23.83 23.83 23.78
23.90 23.82 23.84 23.78 23.76 23.65 23.63 23.60 23.61 23.72 23.66 23.79 23.97 23.78 23.76 23.65 23.66 23.74 23.87 23.81 23.72 23.73 23.87 23.82 23.71 23.78 23.86 24.01 23.88 23.81 23.86 23.84 23.98 23.94 23.90 23.88 23.83 23.83 23.85 23.77 23.71 24.12 24.18 24.18 24.00 23.75 23.75 23.83 23.76 23.73 23.80 24.01 23.86 23.94 23.99 23.98 24.03 24.08 24.11 24.19 24.06 24.13 24.08 24.09 24.15 24.13 24.12 24.06 23.96 23.99 23.95 23.97 23.93 23.80 23.82 23.79 23.82
23.85 23.91 23.92 23.82 23.84 23.65 23.82 23.70 23.58 23.63 23.65 23.66 23.79 23.86 23.72 23.69 23.73 23.72 24.18 23.83 23.65 23.75 23.80 23.75 23.84 24.01 24.05 24.10 23.93 23.98 23.80 23.98 23.82 23.87 23.75 23.91 23.85 23.87 23.86 23.70 23.65 23.80 23.65 23.96 23.67 23.56 23.74 23.74 23.71 23.76 23.95 24.06 23.98 23.83 23.99 23.90 23.95 24.02 24.09 24.20 24.16 24.15 24.08 24.10 24.07 24.07 24.07 24.00 24.01 24.02 23.90 23.85 23.80 23.89 23.88 23.91 23.81
23.91 23.93 23.95 23.89 23.75 23.75 23.73 23.67 23.64 23.76 23.63 23.65 23.77 23.77 23.73 23.62 23.79 23.71 23.75 23.79 23.73 23.72 23.78 23.96 23.99 24.00 23.90 23.92 23.91 23.82 23.69 23.80 23.80 23.75 23.75 23.78 23.85 23.87 23.82 23.90 23.53 23.59 23.65 23.64 23.59 23.61 23.68 23.70 23.71 24.05 24.07 24.14 24.08 23.88 23.91 23.92 24.01 24.06 23.99 23.98 24.09 24.09 24.11 24.14 24.05 24.01 24.02 23.97 23.96 23.91 23.88 23.93 23.89 23.67 23.74 23.75 23.80
23.95 24.06 24.00 23.84 24.00 23.83 23.76 23.76 23.73 23.76 23.61 23.66 23.73 23.75 23.73 23.71 23.79 23.78 23.70 23.72 23.66 23.62 23.74 23.85 23.87 24.11 23.79 23.82 23.79 23.75 23.72 23.75 23.75 23.72 23.80 23.73 23.83 23.78 23.87 23.69 23.52 23.74 23.77 23.76 23.76 23.72 23.57 23.65 23.71 23.83 23.84 24.01 23.86 23.78 23.91 23.93 23.96 24.07 24.07 24.03 24.04 24.03 23.80 23.86 23.97 24.03 24.02 23.95 23.93 23.88 23.87 23.83 23.77 23.70 23.77 23.84 23.89
23.90 23.96 23.91 23.81 24.13 24.03 23.83 23.80 23.79 23.76 23.62 23.63 23.61 23.67 23.74 23.68 23.71 23.85 23.67 23.70 23.69 23.77 23.84 23.88 23.91 23.97 23.90 23.80 23.67 23.74 23.73 23.83 23.72 23.71 23.79 23.68 23.68 23.67 23.70 23.68 23.96 23.72 23.81 23.91 23.90 23.77 23.57 23.50 23.57 23.59 23.82 23.89 23.69 23.80 24.08 24.10 24.12 23.95 23.91 24.06 23.94 23.84 23.92 23.92 24.17 24.06 23.96 23.89 23.85 23.87 23.87 23.74 23.78 23.85 23.94 23.90 23.85
24.00 23.95 23.90 24.06 24.03 24.01 23.92 23.95 23.84 23.78 23.87 23.62 23.63 23.60 23.69 23.70 23.70 23.73 23.70 23.67 23.79 23.78 23.94 23.96 23.77 23.72 23.79 23.92 23.78 23.81 23.80 23.82 23.73 23.69 23.68 23.69 23.76 23.74 23.65 23.83 23.92 23.84 23.83 23.94 24.01 23.96 23.77 23.59 23.50 23.51 23.60 23.52 23.66 23.96 24.00 24.09 24.09 23.97 23.65 23.71 23.77 23.88 23.97 23.98 23.97 23.88 23.83 23.85 23.86 23.88 23.88 23.86 23.81 23.83 23.75 23.75 23.78
23.95 24.09 24.02 24.00 24.10 24.15 24.16 23.92 23.91 23.87 23.84 23.84 23.82 23.72 23.74 23.74 23.74 23.81 23.91 23.68 23.73 23.76 23.82 23.76 23.67 23.63 23.71 23.69 23.68 23.91 23.75 23.73 23.74 23.73 23.65 23.59 23.63 23.68 23.70 23.82 23.85 23.76 23.84 23.95 24.00 23.97 23.93 23.77 23.70 23.84 23.79 23.73 23.84 23.95 24.08 24.07 24.06 24.06 23.96 23.96 23.98 23.99 23.91 23.86 23.86 23.83 23.87 23.82 23.90 23.91 23.84 23.81 23.80 23.65 23.70 23.80 23.82
23.95 23.95 23.75 23.83 24.04 23.95 24.00 24.15 24.09 23.96 23.86 23.79 23.89 23.91 23.81 23.91 23.77 23.80 23.98 23.96 23.76 23.75 23.81 23.79 23.76 23.87 23.71 23.71 23.71 23.82 23.82 23.79 23.70 23.80 23.66 23.59 23.70 23.80 23.68 23.71 23.83 23.89 23.97 23.97 24.01 24.04 23.98 23.83 23.70 23.89 23.84 23.85 23.79 23.90 24.05 24.05 24.06 23.95 23.96 23.94 23.95 23.91 23.86 23.82 23.81 23.81 23.85 23.97 23.95 23.89 23.82 23.71 23.81 23.72 23.79 23.85 23.74
24.06 24.00 23.71 23.83 23.88 23.97 23.83 24.14 24.22 24.21 24.01 24.00 23.87 23.86 23.81 23.84 23.98 23.95 23.87 23.90 23.97 23.73 23.65 23.64 23.64 23.82 23.65 23.69 23.75 23.68 23.65 23.70 23.70 23.70 23.78 23.72 23.81 23.76 23.84 23.75 23.92 23.88 23.78 23.72 23.84 23.92 24.04 23.81 23.63 23.76 23.85 23.82 23.81 23.86 23.94 23.98 24.05 24.00 23.96 23.85 23.93 23.83 23.89 23.81 23.77 23.73 23.82 23.89 23.91 23.83 23.85 23.75 23.85 23.93 23.81 23.83 23.80
