main/data/irradiance/11.08.2023.grid
ncols 839
nrows 679
xllcenter 112.0500
yllcenter -43.9500
cellsize 0.0500
nodata_value 99999.90
[rows 408 to 441 of 679, columns 231 to 307 of 839]
13.83 13.83 13.39 13.51 13.83 13.71 14.00 14.02 13.94 13.34 12.71 12.87 13.02 12.89 12.84 13.17 13.65 13.30 12.61 12.47 12.30 12.14 12.15 12.49 12.54 12.48 12.71 12.68 12.70 13.12 12.98 13.09 13.00 13.55 13.18 13.49 13.28 13.86 13.96 14.26 14.02 14.30 13.82 14.08 14.32 14.99 14.40 14.35 13.67 14.51 14.40 14.37 14.35 14.25 13.25 12.01 12.61 12.81 13.46 13.53 12.66 12.59 12.38 12.18 13.40 12.92 13.05 13.63 13.99 13.73 13.65 13.75 13.21 13.35 13.94 14.42 14.63
13.94 13.36 12.96 13.38 13.51 14.02 13.79 13.51 13.26 12.81 12.17 11.89 12.49 12.83 12.61 13.40 13.54 12.99 12.73 12.79 12.81 12.47 12.09 12.48 12.67 13.05 12.84 12.24 12.33 13.18 12.68 13.07 13.25 13.37 12.93 13.55 13.34 13.63 13.74 14.29 14.51 14.41 13.85 13.92 14.49 14.17 14.41 13.34 13.03 13.68 13.28 13.69 14.49 14.20 13.19 12.91 12.73 12.75 13.98 12.87 11.92 11.88 12.89 13.12 13.60 13.66 13.16 12.71 13.17 13.49 13.60 13.63 13.09 13.60 14.07 13.81 14.47
13.91 13.34 12.37 12.01 13.25 13.41 13.31 13.52 13.46 12.90 12.20 12.03 12.49 12.67 13.43 13.43 12.98 13.32 12.86 12.70 12.84 12.31 12.85 12.30 12.44 12.94 12.76 12.51 12.42 12.77 12.86 13.25 13.61 13.24 13.00 13.00 13.04 13.44 13.97 13.84 14.60 14.27 13.69 14.10 14.42 14.11 13.99 13.74 13.62 12.94 13.47 13.27 14.19 14.37 13.08 13.57 12.91 12.82 12.98 12.05 12.09 12.20 12.32 12.74 13.00 13.09 12.87 12.77 13.23 13.64 14.05 14.10 13.80 13.39 13.95 14.37 13.70
13.18 12.80 12.33 11.86 12.56 13.49 13.55 13.59 13.22 12.28 12.51 12.60 12.31 12.38 12.76 13.18 12.99 13.44 13.02 12.74 12.74 12.27 12.77 12.51 12.49 12.67 12.88 12.55 12.43 12.61 12.74 13.14 13.70 12.86 12.82 12.99 12.90 13.32 13.65 13.50 13.81 13.89 13.84 13.89 14.24 14.52 13.83 14.12 13.88 13.30 13.88 13.55 14.01 14.76 13.48 13.56 13.56 13.01 12.85 12.06 11.83 12.97 12.79 12.18 11.46 12.37 12.32 12.66 13.56 13.84 13.84 12.92 13.11 13.11 12.99 13.65 13.35
12.60 12.40 12.71 11.75 12.50 13.24 13.34 13.16 12.93 12.75 12.70 12.81 12.52 11.91 12.43 12.84 12.75 13.15 13.54 12.81 12.54 12.00 12.46 12.71 12.56 12.74 12.14 12.38 12.25 12.30 12.19 12.60 13.35 13.21 12.71 13.06 12.97 13.02 13.32 13.70 13.82 13.24 13.84 13.81 13.41 14.31 14.08 13.84 14.17 13.82 13.87 14.01 13.75 14.16 14.35 13.61 14.12 13.38 12.58 12.17 11.85 12.24 13.16 12.48 12.23 11.94 11.74 12.40 12.68 13.07 12.86 13.37 13.36 12.69 12.72 13.63 13.32
13.02 12.70 13.11 12.57 12.27 12.91 13.22 12.87 12.70 12.93 12.56 12.24 11.81 11.59 12.11 12.12 12.37 12.94 12.85 12.81 12.96 12.23 12.33 12.50 12.64 12.39 12.02 11.86 12.45 12.41 11.97 12.25 12.28 12.95 12.95 13.02 12.30 12.82 12.96 13.22 13.32 12.80 13.21 13.38 13.22 13.21 14.15 13.66 14.25 14.12 14.17 14.13 13.74 13.81 13.74 13.21 13.44 12.72 12.07 11.78 12.60 11.99 12.46 12.96 12.63 11.83 11.93 12.26 12.44 12.94 12.43 12.21 12.26 12.60 12.85 13.51 13.82
12.22 12.05 12.67 12.28 12.30 12.11 12.61 12.92 12.47 12.71 12.44 12.07 11.28 11.69 11.92 11.68 12.00 12.24 12.35 12.35 12.72 12.50 12.26 12.19 12.56 11.91 12.00 11.52 12.03 11.85 11.99 12.90 12.00 12.27 13.05 12.72 12.29 12.99 12.83 12.92 13.02 12.85 12.69 12.65 12.88 13.18 13.16 13.42 14.24 14.03 13.99 13.77 14.02 13.05 13.04 12.75 13.33 12.74 11.30 11.36 12.30 12.43 12.26 12.30 12.07 12.03 11.76 12.22 12.99 12.84 12.32 12.36 12.02 12.66 12.94 13.16 13.30
11.95 11.56 12.49 12.30 12.48 12.67 12.58 12.88 12.79 12.03 12.45 12.53 11.79 12.17 12.52 12.47 12.67 12.63 12.21 11.91 11.79 12.48 12.12 12.30 12.46 12.11 12.28 12.09 12.20 12.23 12.63 12.94 12.24 12.24 12.43 12.93 12.18 12.57 12.44 12.68 12.71 12.71 12.43 12.11 12.60 12.48 12.57 12.94 13.78 14.02 13.36 13.74 14.20 13.73 12.96 13.09 13.04 12.14 11.25 11.01 11.24 11.69 12.19 12.34 11.86 12.38 12.33 12.68 12.90 13.16 12.72 12.27 12.59 13.06 12.70 12.63 12.87
12.19 11.63 11.82 12.59 12.54 12.47 12.90 12.41 12.58 12.10 12.54 12.58 11.75 12.24 12.20 12.47 13.05 12.97 12.11 11.68 11.84 12.29 12.18 12.43 12.84 12.38 13.02 13.06 12.96 12.87 12.78 13.16 12.88 12.47 12.33 12.45 12.63 12.29 12.25 12.25 12.08 12.53 12.20 11.85 12.33 12.57 12.64 12.72 12.98 13.24 13.10 12.84 13.48 13.85 13.70 12.97 13.40 13.02 12.46 11.54 10.87 11.54 11.75 12.41 12.09 11.91 12.12 13.01 13.23 12.90 12.56 12.63 13.05 13.35 13.53 12.81 13.00
12.01 11.31 11.50 12.47 11.83 12.25 12.64 12.17 12.09 12.24 12.48 11.69 11.54 11.90 11.78 12.18 13.00 13.40 13.13 12.94 11.94 12.22 12.80 13.08 13.05 13.05 12.84 12.35 13.14 13.14 12.90 13.37 12.96 12.67 12.60 12.70 12.91 12.42 12.20 12.18 11.78 12.27 11.75 12.01 12.00 12.35 12.09 12.32 12.63 13.17 13.15 12.63 12.84 13.55 13.12 12.62 13.58 12.95 12.62 12.11 11.09 10.88 11.57 12.16 11.56 11.44 11.69 12.04 12.02 12.74 12.60 12.81 13.26 12.55 12.80 13.28 13.30
12.50 11.46 11.69 12.07 11.84 12.36 12.13 12.20 11.70 11.39 11.37 11.01 11.35 11.98 11.90 11.83 13.04 13.35 12.95 12.53 12.50 12.29 12.13 12.71 13.03 13.17 12.25 12.23 12.81 13.43 13.20 13.30 12.64 12.62 12.65 12.82 13.00 12.58 11.83 12.01 11.62 11.83 11.82 11.40 11.83 11.47 11.62 12.03 12.71 13.19 12.96 12.29 13.58 13.54 12.83 12.10 12.64 12.59 12.69 12.03 11.05 10.42 10.91 11.45 10.93 11.00 11.09 11.76 12.08 11.67 12.51 12.63 12.49 12.80 12.84 12.71 12.54
11.40 11.54 11.68 11.29 11.29 11.73 11.36 11.77 11.19 10.58 11.43 11.45 11.68 11.79 12.01 12.14 12.27 12.32 12.32 12.28 11.91 12.38 12.73 12.87 12.77 12.82 11.93 12.01 12.09 12.54 12.89 13.27 12.80 13.05 12.97 12.61 12.60 12.43 12.02 11.85 11.84 11.87 11.93 11.09 11.47 11.01 11.47 11.77 11.72 12.71 12.06 11.83 12.65 13.44 12.81 12.53 12.37 12.14 12.49 12.61 11.36 10.88 10.54 10.89 10.10 10.72 10.16 10.99 11.34 11.20 11.54 11.94 11.92 12.29 12.40 12.32 12.40
12.10 11.39 11.11 11.02 11.09 10.98 10.98 11.43 11.20 11.57 12.24 12.17 12.49 12.37 12.30 12.21 12.80 12.74 12.29 12.11 11.41 11.67 12.50 12.50 12.30 11.56 11.69 11.55 11.61 11.96 12.61 13.15 13.03 13.09 13.06 12.43 12.09 11.90 11.78 12.46 12.33 11.76 12.43 11.61 11.52 10.89 11.09 11.30 11.24 11.42 11.70 11.88 12.17 12.38 12.69 12.01 11.86 12.58 11.93 12.15 11.12 10.65 10.61 10.80 9.29 9.83 10.00 9.95 10.39 11.24 11.41 11.81 11.32 11.60 11.72 11.93 11.71
12.54 11.87 11.34 10.85 10.57 10.74 11.42 11.02 11.02 11.91 12.47 12.89 12.83 13.12 12.41 12.16 12.28 12.37 12.06 11.60 11.44 11.50 12.10 11.68 11.54 11.14 11.63 11.76 11.90 11.70 11.70 12.51 12.66 12.46 12.64 12.47 11.91 10.82 11.62 11.72 11.73 11.88 12.07 11.33 11.43 10.99 10.72 11.48 11.57 11.25 11.59 11.75 11.48 11.43 11.55 12.02 11.49 12.00 12.00 11.92 10.87 10.26 10.45 10.97 10.09 9.45 9.71 9.78 9.85 10.27 10.87 10.83 10.72 11.55 11.23 12.36 11.85
12.40 11.57 10.82 10.20 10.61 10.55 11.14 11.31 11.25 11.74 12.34 12.97 12.68 12.76 12.10 12.16 11.36 11.90 11.54 11.24 11.76 11.49 11.23 11.08 11.74 12.17 11.86 12.12 12.01 11.60 11.19 11.44 12.14 12.48 12.21 12.42 11.87 11.53 11.93 11.79 11.76 11.99 12.10 11.68 11.08 10.84 10.20 11.23 11.81 11.37 11.02 11.05 11.66 11.52 10.79 11.52 11.46 11.57 11.14 11.34 11.15 10.42 10.23 10.64 10.52 9.97 8.97 9.12 9.63 8.83 9.70 10.03 10.23 10.70 11.03 12.16 12.42
12.34 12.23 10.92 9.97 9.77 10.24 11.05 10.64 10.93 11.39 11.61 12.45 12.83 12.29 12.33 12.75 11.61 11.83 11.05 11.11 11.80 11.39 11.02 11.22 11.54 12.30 12.13 12.49 12.36 11.64 11.15 10.80 11.47 11.91 11.84 12.11 11.70 11.79 11.54 11.61 11.99 12.12 12.56 12.04 11.08 10.98 10.46 10.99 11.86 11.46 10.70 10.37 10.61 11.16 10.50 10.53 10.95 11.33 10.57 10.68 11.61 10.75 10.15 10.12 10.16 9.73 9.00 8.56 8.80 8.69 8.32 8.86 9.81 10.25 10.67 11.02 11.54
11.63 11.65 11.40 10.85 10.19 10.65 10.54 10.50 11.27 11.54 11.55 11.67 11.47 11.30 12.15 11.85 11.08 10.81 10.03 11.02 11.53 10.85 11.16 10.98 11.26 11.35 11.72 11.80 11.85 11.51 11.08 10.91 11.51 12.09 11.56 11.89 11.56 11.01 11.37 11.59 12.02 12.19 12.31 11.86 10.96 10.53 10.93 10.82 11.24 11.31 10.97 10.46 9.58 10.43 10.23 10.20 10.43 10.53 10.32 9.70 10.09 10.05 10.34 9.76 9.77 9.03 8.84 8.43 8.38 8.09 8.38 8.43 9.13 9.46 9.34 10.00 10.66
11.13 11.53 11.76 11.29 10.90 10.10 10.63 11.03 10.94 11.37 10.90 11.41 11.51 11.25 11.92 11.88 11.24 10.11 10.40 10.68 11.60 11.10 11.44 11.00 11.03 10.86 11.34 11.88 12.10 11.36 11.22 11.52 11.88 12.39 12.26 11.95 11.83 10.69 11.30 11.36 11.76 11.93 11.66 11.71 11.23 10.75 11.03 10.32 10.65 10.88 10.67 10.73 9.67 9.44 10.30 10.23 10.25 10.58 9.99 9.32 9.42 9.79 9.86 9.63 9.33 8.86 8.37 8.28 7.81 7.72 7.82 7.62 7.83 8.89 8.96 9.37 9.42
11.45 11.47 11.27 11.13 10.82 10.04 11.08 11.25 10.96 10.95 11.10 11.58 11.67 10.81 10.77 10.84 11.03 10.84 10.53 10.39 10.57 10.69 10.73 10.71 10.39 11.04 11.04 11.54 11.70 11.11 10.86 11.04 11.17 11.78 12.22 12.03 11.57 11.11 11.20 11.31 11.68 12.03 11.79 11.18 11.43 11.52 11.35 10.20 10.49 10.61 10.44 10.64 10.18 9.14 9.57 10.01 10.13 10.86 9.91 9.86 10.04 9.70 10.14 9.90 8.45 8.05 8.38 7.92 7.80 7.86 7.11 7.30 7.53 8.07 8.56 9.13 8.90
10.15 11.03 11.19 10.63 10.62 10.25 10.82 11.33 11.43 11.45 11.47 11.19 11.61 11.37 10.71 10.77 11.12 10.72 10.08 10.12 10.59 10.46 10.78 10.28 10.20 10.34 10.46 11.28 11.76 10.85 10.59 10.83 10.72 11.08 11.77 11.91 11.22 11.43 10.86 11.00 11.40 11.55 11.48 11.10 11.46 11.72 11.41 10.54 10.21 10.61 10.44 10.44 10.31 9.34 8.77 9.58 9.95 10.31 9.76 9.31 9.21 9.08 8.99 9.41 8.34 8.17 8.13 7.81 7.69 7.44 7.02 6.60 6.97 7.37 7.73 8.15 8.51
9.59 10.63 10.97 10.82 10.64 10.80 11.03 11.20 11.33 11.74 11.55 11.45 12.28 11.99 11.31 10.82 11.18 10.82 10.37 11.02 11.08 11.64 11.82 10.98 11.06 10.69 10.35 10.48 11.07 10.24 9.84 10.06 10.66 10.62 11.81 11.51 11.11 11.00 10.25 10.63 11.03 11.18 11.01 11.32 11.74 11.37 11.48 10.95 9.92 10.47 10.59 10.16 10.08 9.14 8.84 9.53 9.60 9.77 9.79 9.56 9.08 8.84 8.20 9.17 8.58 8.49 8.40 7.95 7.90 7.94 7.30 6.41 6.67 6.19 6.76 7.27 8.10
9.41 9.86 10.68 11.11 10.31 10.71 10.52 10.80 11.01 11.58 11.67 12.16 12.23 12.26 11.81 11.10 10.61 10.73 10.44 11.12 10.91 11.66 11.55 10.87 11.33 11.11 10.15 10.25 10.30 10.70 10.79 10.64 10.29 10.60 11.26 11.56 10.81 10.81 10.86 10.99 11.12 10.85 10.66 11.36 11.07 11.06 11.83 11.70 10.77 10.42 10.25 10.22 10.11 9.99 9.13 8.86 8.66 9.07 9.66 10.13 9.56 8.67 8.02 8.87 9.07 8.39 8.33 8.01 7.94 8.22 7.18 6.78 6.25 6.14 6.48 6.74 7.24
9.32 9.54 10.15 10.72 10.51 10.85 10.84 11.13 11.62 11.34 11.11 11.20 11.71 11.97 11.67 10.75 10.76 10.72 11.25 10.33 10.88 11.93 11.57 10.94 11.60 11.28 10.72 10.24 10.41 10.80 11.16 11.04 10.50 10.74 10.89 11.41 11.23 11.08 10.95 11.06 11.18 10.44 10.42 11.41 11.19 11.04 11.50 11.88 10.96 10.57 10.06 10.54 10.75 10.26 9.30 8.62 9.49 9.26 9.34 10.00 9.56 8.65 7.86 8.14 9.05 8.64 8.00 8.07 8.27 8.14 7.23 6.90 6.09 5.97 5.92 6.20 6.42
9.19 9.59 10.26 11.02 10.98 11.19 11.12 11.31 11.17 10.61 10.77 10.87 11.01 11.17 11.43 11.21 10.71 10.62 10.94 11.20 10.58 10.89 11.38 11.11 11.45 10.87 10.48 10.55 10.72 10.63 10.93 10.26 9.87 10.16 9.79 10.51 10.65 10.86 10.88 10.94 10.76 10.19 11.42 11.58 10.91 10.75 11.49 11.11 11.00 10.79 10.76 10.44 11.15 10.76 9.56 8.44 9.40 9.80 9.33 9.92 9.30 9.16 8.07 7.48 8.42 8.73 7.73 7.75 8.11 7.99 7.77 7.35 6.84 6.20 6.01 6.06 5.91
8.56 8.76 9.75 10.05 10.26 10.47 10.38 10.98 11.00 10.60 10.53 10.30 10.45 10.80 10.81 11.12 10.61 10.61 10.53 11.11 11.19 11.23 11.32 11.06 10.93 10.90 10.61 10.28 10.28 10.34 10.13 10.24 10.51 10.49 10.05 9.96 10.86 11.06 11.00 10.51 9.96 9.93 11.26 11.15 10.74 10.79 11.48 10.96 10.83 10.71 10.51 10.46 10.92 10.71 9.79 9.45 9.59 9.58 8.92 9.72 9.87 9.37 8.23 7.37 7.73 8.10 7.84 7.54 7.57 7.87 7.67 7.31 7.08 6.29 5.85 6.11 5.81
8.84 8.51 8.36 9.22 9.73 10.00 10.54 10.36 10.33 10.78 10.72 9.83 10.28 10.96 10.87 10.51 10.60 10.99 10.85 10.97 11.02 11.52 11.37 11.56 11.22 11.20 11.18 10.60 10.46 9.73 9.59 10.32 10.22 9.58 10.10 9.89 10.91 10.98 10.94 10.79 10.41 10.04 10.99 10.87 10.74 10.96 10.81 9.94 10.47 10.81 10.73 11.02 10.38 10.12 9.51 9.78 9.27 9.55 9.34 9.71 9.60 9.25 8.76 8.36 7.76 8.01 7.76 7.29 7.27 7.32 7.18 7.34 6.98 6.56 5.84 5.69 6.28
10.08 9.01 7.76 8.93 10.16 10.44 10.56 10.54 9.89 10.05 10.61 10.02 9.78 10.18 10.75 10.66 10.66 11.12 11.12 11.21 11.00 11.60 11.45 11.77 11.52 10.68 10.56 10.69 10.34 10.27 9.69 10.35 9.89 9.47 10.37 9.69 10.99 10.84 10.81 10.60 10.19 9.80 10.38 10.80 10.74 10.59 10.52 10.09 10.06 10.76 10.82 10.97 10.32 9.67 10.05 10.25 10.27 10.29 9.46 9.74 9.68 9.62 8.98 7.75 7.88 8.11 8.22 7.76 7.01 7.28 6.72 6.99 7.05 7.25 6.42 5.99 6.41
10.39 9.14 7.80 8.35 9.92 10.43 11.28 11.38 10.45 10.36 10.58 10.92 10.33 9.62 9.92 10.63 11.85 11.09 11.02 11.22 10.82 11.28 10.80 11.36 11.65 10.97 10.55 11.25 10.65 10.68 10.50 10.19 10.04 9.46 9.93 9.96 10.38 10.36 10.77 10.83 10.89 9.99 10.38 10.50 10.21 9.97 9.82 9.65 10.14 10.59 10.12 10.46 9.77 9.53 10.15 9.93 10.45 10.75 9.45 9.12 9.31 9.61 8.59 8.07 7.63 7.81 7.76 7.81 6.81 7.34 6.89 6.85 7.36 7.42 6.09 6.00 6.22
10.03 9.43 8.32 7.90 9.72 10.44 9.86 10.12 10.37 10.74 10.18 10.57 10.58 8.98 8.90 10.25 11.58 10.95 11.02 10.88 10.51 10.54 10.63 10.76 11.13 10.89 10.57 10.79 10.56 10.76 10.54 10.24 9.90 10.09 10.06 9.82 9.94 10.54 10.70 10.77 10.80 10.20 10.16 9.88 9.80 9.43 9.19 9.93 10.33 10.32 9.47 9.98 9.71 9.82 9.84 9.67 9.73 9.99 9.66 9.23 8.68 8.69 8.59 8.56 8.17 7.59 7.47 7.33 7.60 6.99 6.73 6.72 6.96 7.19 6.75 6.27 5.98
8.59 8.79 8.10 8.23 8.94 9.53 9.08 9.29 10.10 9.66 9.97 10.20 10.59 9.48 8.69 9.45 10.85 11.13 11.17 10.78 11.11 10.18 10.74 11.10 11.05 11.14 10.70 10.50 10.63 10.31 9.66 9.89 10.20 10.32 9.97 10.18 10.98 10.92 10.28 10.37 10.15 9.67 9.31 9.21 9.95 9.66 9.17 8.76 10.38 10.72 9.68 9.53 9.67 9.73 9.61 9.04 8.90 9.23 9.18 9.29 8.98 8.60 8.16 8.35 8.51 7.73 6.94 7.01 7.75 7.49 7.53 7.35 6.57 6.75 7.39 6.84 6.73
7.28 7.61 8.15 8.38 8.96 8.95 8.51 9.59 10.00 9.17 9.81 10.02 10.09 9.83 9.52 9.47 9.83 10.48 10.74 10.92 11.19 10.39 10.71 10.86 11.26 10.60 10.84 10.55 9.98 10.32 10.20 10.38 11.13 10.91 11.04 10.67 11.00 11.37 10.06 9.92 9.78 9.37 8.93 9.27 9.89 9.27 8.85 8.52 8.98 10.01 9.43 9.40 9.44 9.60 9.58 8.95 8.75 9.23 8.77 8.89 8.76 8.67 8.44 8.49 8.36 7.78 6.84 7.08 7.30 7.95 7.63 7.47 7.38 6.87 7.38 6.81 6.76
6.82 8.33 8.27 8.17 9.15 8.84 8.34 9.42 9.51 8.99 8.93 9.68 10.26 9.84 9.11 9.14 9.49 9.26 10.16 10.70 11.43 10.44 10.69 10.71 10.25 9.77 10.07 10.43 9.88 10.79 10.58 10.13 9.92 10.67 11.40 10.90 10.23 10.56 9.57 9.53 9.86 9.31 8.78 8.92 8.84 8.94 8.66 8.55 8.60 10.29 10.07 8.77 8.63 9.45 9.37 8.44 8.31 8.91 8.85 8.58 8.32 8.10 7.57 8.12 7.91 7.48 7.45 7.34 7.04 7.39 7.64 7.28 6.93 6.83 6.75 6.41 6.69
7.12 7.16 7.12 7.70 8.24 8.27 8.34 9.46 9.76 9.50 9.64 9.62 10.06 9.73 8.71 9.46 9.30 9.28 9.91 10.49 10.98 9.91 10.48 10.53 9.84 9.54 9.53 10.23 10.12 11.22 10.58 10.54 10.31 9.97 10.28 10.26 9.97 9.88 9.64 9.07 9.19 9.59 9.06 8.31 7.58 8.21 8.81 8.71 9.23 9.77 9.50 8.27 8.57 8.69 8.85 8.32 8.39 8.33 8.70 8.44 8.24 8.01 7.56 7.72 8.18 7.96 7.58 7.35 6.93 6.50 6.90 7.29 6.71 6.43 6.35 6.05 6.07
6.44 6.56 6.81 8.35 8.17 8.06 8.88 9.45 10.19 9.63 9.35 9.67 9.24 10.16 9.83 9.98 9.14 8.71 9.33 9.92 10.31 10.18 9.90 10.01 9.96 9.13 9.60 9.54 9.72 11.12 10.97 10.60 10.63 10.18 10.14 10.13 9.53 9.63 9.89 9.62 8.94 8.99 8.59 8.25 7.44 7.52 8.57 9.24 8.82 8.85 8.48 8.76 9.01 8.75 8.77 8.10 8.25 7.74 8.04 8.60 8.42 7.77 7.26 7.56 7.47 8.23 8.32 8.00 7.15 6.83 6.98 7.01 6.42 6.49 6.16 6.09 6.02
