main/data/irradiance/11.08.2023.grid
ncols 839
nrows 679
xllcenter 112.0500
yllcenter -43.9500
cellsize 0.0500
nodata_value 99999.90
[rows 204 to 237 of 679, columns 462 to 538 of 839]
19.98 20.00 19.96 19.95 19.99 19.99 19.98 20.02 20.00 19.99 19.97 19.99 20.00 20.00 19.99 19.97 19.99 19.98 19.98 19.96 19.96 19.97 19.99 19.98 19.95 19.94 19.97 19.97 19.98 19.98 19.95 19.95 19.97 19.95 19.95 19.96 19.97 19.95 19.83 19.80 19.82 19.82 19.81 19.81 19.82 19.79 19.81 19.86 19.85 19.87 19.90 19.91 19.96 19.96 19.97 20.00 19.94 19.82 19.86 19.94 19.93 19.95 19.91 19.97 19.99 20.01 19.99 19.93 19.99 20.01 20.01 20.01 19.99 20.02 20.01 19.97 20.00
19.95 19.93 19.94 19.97 19.95 19.94 19.93 19.92 19.99 19.97 20.00 20.00 19.99 19.98 19.99 19.97 19.95 19.95 19.96 19.94 19.94 19.95 19.96 19.96 19.92 19.93 19.93 19.92 19.95 19.95 19.95 19.95 19.94 19.94 19.97 19.96 19.94 19.96 19.91 19.78 19.77 19.79 19.80 19.78 19.79 19.81 19.80 19.81 19.86 19.86 19.84 19.89 19.91 19.94 19.86 19.78 19.78 19.72 19.67 19.82 19.94 19.86 19.87 19.85 19.87 19.94 19.98 19.95 19.96 20.01 20.01 19.99 20.00 20.02 20.01 20.01 19.99
19.93 19.94 19.94 19.95 19.96 19.89 19.93 19.98 19.98 19.99 19.99 20.00 19.99 19.96 19.96 19.97 19.95 19.93 19.95 19.93 19.94 19.92 19.92 19.94 19.93 19.90 19.90 19.90 19.94 19.96 19.95 19.95 19.91 19.95 19.98 19.98 19.92 19.94 19.93 19.80 19.74 19.82 19.81 19.76 19.78 19.80 19.80 19.78 19.83 19.84 19.84 19.85 19.85 19.85 19.82 19.63 19.60 19.52 19.71 19.81 19.84 19.91 19.92 19.91 19.92 19.95 19.99 19.98 20.01 19.98 19.98 19.98 20.00 19.98 20.00 20.02 20.00
19.92 19.73 19.88 19.94 19.92 19.95 19.95 19.95 19.96 19.97 19.96 19.98 19.97 19.95 19.95 19.95 19.94 19.93 19.92 19.93 19.93 19.96 19.94 19.94 19.90 19.91 19.90 19.91 19.93 19.94 19.91 19.91 19.90 19.89 19.92 19.93 19.91 19.94 19.95 19.89 19.79 19.80 19.79 19.82 19.77 19.78 19.77 19.77 19.74 19.70 19.75 19.63 19.78 19.63 19.63 19.62 19.62 19.65 19.73 19.87 19.87 19.97 19.98 19.99 19.96 19.95 19.90 19.95 19.98 20.00 19.97 19.95 19.96 19.93 19.96 19.97 19.98
19.94 19.82 19.85 19.94 19.95 19.95 19.95 19.94 19.95 19.95 19.95 19.95 19.96 19.96 19.93 19.92 19.93 19.93 19.92 19.92 19.92 19.94 19.94 19.92 19.92 19.90 19.89 19.90 19.93 19.92 19.90 19.91 19.91 19.90 19.90 19.92 19.94 19.95 19.96 19.96 19.88 19.80 19.78 19.74 19.73 19.68 19.65 19.72 19.59 19.62 19.79 19.81 19.75 19.53 19.42 19.56 19.61 19.70 19.83 19.84 19.91 20.03 20.00 20.01 19.95 19.90 19.94 20.08 20.00 19.94 19.97 19.96 19.94 19.94 19.91 19.97 19.97
19.92 19.87 19.92 19.91 19.92 19.95 19.92 19.95 19.95 19.98 19.94 19.93 19.93 19.93 19.91 19.94 19.93 19.90 19.92 19.91 19.91 19.91 19.93 19.88 19.92 19.91 19.88 19.88 19.89 19.90 19.92 19.91 19.89 19.93 19.94 19.95 19.97 19.98 19.95 19.97 19.96 19.89 19.85 19.80 19.74 19.64 19.68 19.67 19.70 19.70 19.77 19.77 19.71 19.70 19.58 19.52 19.62 19.69 19.77 19.82 19.87 19.95 19.87 19.95 19.96 19.92 19.90 19.99 19.93 19.89 19.91 19.90 19.90 19.95 19.91 19.90 19.92
19.88 19.88 19.87 19.87 19.86 19.85 19.89 19.90 19.92 19.92 19.91 19.91 19.92 19.91 19.88 19.89 19.91 19.89 19.88 19.90 19.88 19.89 19.91 19.86 19.91 19.89 19.89 19.86 19.86 19.87 19.96 19.97 19.91 19.86 19.92 19.93 19.96 19.95 19.96 19.91 19.89 19.90 19.86 19.89 19.88 19.80 19.91 19.63 19.67 19.69 19.70 19.71 19.60 19.54 19.59 19.73 19.67 19.66 19.80 19.83 19.83 19.85 19.84 19.85 19.90 19.93 19.89 19.90 19.87 19.88 19.85 19.85 19.84 19.89 19.91 19.90 19.85
19.86 19.88 19.84 19.89 19.88 19.84 19.89 19.90 19.90 19.92 19.90 19.90 19.89 19.89 19.88 19.87 19.89 19.88 19.88 19.88 19.87 19.89 19.90 19.90 19.88 19.88 19.88 19.88 19.89 19.92 19.95 19.97 19.94 19.86 19.84 19.87 19.92 19.94 19.89 19.89 19.88 19.88 19.85 19.88 19.89 19.89 19.95 19.70 19.67 19.69 19.70 19.67 19.68 19.51 19.61 19.70 19.72 19.76 19.73 19.75 19.84 19.82 19.83 19.84 19.81 19.85 19.85 19.84 19.83 19.87 19.87 19.81 19.83 19.89 19.86 19.88 19.86
19.85 19.85 19.84 19.87 19.86 19.87 19.89 19.88 19.90 19.89 19.89 19.89 19.88 19.87 19.86 19.84 19.86 19.87 19.87 19.87 19.86 19.88 19.90 19.89 19.87 19.84 19.87 19.87 19.86 19.86 19.91 19.94 19.95 19.85 19.84 19.88 19.92 19.92 19.86 19.86 19.86 19.86 19.87 19.90 19.89 19.83 19.82 19.76 19.62 19.70 19.70 19.67 19.68 19.66 19.75 19.67 19.72 19.70 19.70 19.71 19.76 19.75 19.77 19.77 19.76 19.76 19.87 19.88 19.85 19.82 19.84 19.79 19.83 19.77 19.82 19.88 19.86
19.85 19.85 19.86 19.84 19.85 19.86 19.86 19.86 19.87 19.87 19.87 19.86 19.86 19.89 19.89 19.84 19.86 19.85 19.85 19.84 19.86 19.89 19.90 19.85 19.86 19.85 19.88 19.85 19.83 19.88 19.90 19.91 19.91 19.88 19.84 19.89 19.90 19.87 19.87 19.87 19.84 19.83 19.87 19.88 19.87 19.85 19.84 19.82 19.74 19.65 19.68 19.63 19.67 19.66 19.67 19.66 19.63 19.67 19.67 19.63 19.70 19.73 19.71 19.77 19.77 19.77 19.85 19.85 19.78 19.78 19.81 19.80 19.75 19.69 19.76 19.78 19.84
19.83 19.84 19.85 19.83 19.81 19.84 19.84 19.84 19.83 19.83 19.81 19.83 19.84 19.84 19.82 19.80 19.81 19.80 19.83 19.83 19.83 19.83 19.82 19.81 19.81 19.81 19.86 19.85 19.87 19.86 19.88 19.90 19.89 19.88 19.86 19.85 19.84 19.85 19.87 19.85 19.82 19.82 19.83 19.84 19.85 19.84 19.81 19.80 19.77 19.69 19.62 19.59 19.62 19.62 19.64 19.63 19.62 19.67 19.68 19.67 19.68 19.70 19.69 19.69 19.68 19.71 19.75 19.80 19.80 19.82 19.80 19.77 19.68 19.68 19.73 19.75 19.76
19.85 19.82 19.82 19.80 19.80 19.81 19.82 19.82 19.80 19.79 19.81 19.82 19.78 19.78 19.80 19.81 19.81 19.81 19.80 19.82 19.83 19.83 19.80 19.80 19.79 19.79 19.82 19.87 19.89 19.90 19.84 19.85 19.87 19.85 19.87 19.84 19.80 19.82 19.80 19.81 19.80 19.82 19.81 19.82 19.83 19.82 19.81 19.77 19.78 19.76 19.66 19.62 19.58 19.63 19.64 19.56 19.63 19.67 19.66 19.67 19.65 19.69 19.66 19.67 19.67 19.62 19.67 19.71 19.81 19.81 19.75 19.77 19.73 19.70 19.66 19.67 19.81
19.80 19.82 19.81 19.82 19.82 19.82 19.82 19.80 19.80 19.79 19.78 19.81 19.78 19.76 19.77 19.76 19.80 19.79 19.78 19.79 19.81 19.82 19.80 19.77 19.78 19.78 19.75 19.82 19.85 19.85 19.82 19.85 19.87 19.87 19.86 19.83 19.81 19.78 19.79 19.80 19.81 19.80 19.80 19.82 19.80 19.80 19.81 19.79 19.79 19.78 19.69 19.65 19.61 19.59 19.62 19.64 19.64 19.63 19.65 19.67 19.66 19.64 19.64 19.66 19.65 19.67 19.67 19.72 19.77 19.88 19.89 19.80 19.78 19.82 19.75 19.74 19.72
19.82 19.83 19.82 19.81 19.79 19.78 19.77 19.75 19.77 19.77 19.76 19.77 19.74 19.74 19.74 19.75 19.75 19.76 19.76 19.77 19.75 19.74 19.76 19.76 19.77 19.77 19.74 19.76 19.78 19.78 19.77 19.83 19.84 19.83 19.79 19.77 19.78 19.77 19.76 19.75 19.75 19.77 19.79 19.81 19.77 19.74 19.78 19.77 19.78 19.76 19.72 19.65 19.65 19.62 19.60 19.67 19.61 19.62 19.61 19.59 19.62 19.64 19.61 19.64 19.63 19.66 19.65 19.64 19.64 19.62 19.86 19.89 19.77 19.69 19.70 19.70 19.69
19.84 19.80 19.78 19.78 19.79 19.81 19.77 19.75 19.73 19.74 19.77 19.75 19.74 19.74 19.78 19.74 19.75 19.75 19.75 19.74 19.73 19.74 19.74 19.74 19.76 19.75 19.74 19.73 19.77 19.76 19.75 19.76 19.76 19.76 19.76 19.77 19.76 19.77 19.75 19.75 19.75 19.72 19.74 19.75 19.76 19.77 19.76 19.75 19.76 19.74 19.72 19.68 19.67 19.71 19.64 19.62 19.58 19.58 19.59 19.58 19.58 19.57 19.57 19.55 19.56 19.61 19.63 19.58 19.53 19.62 19.72 19.81 19.85 19.79 19.73 19.67 19.74
19.81 19.80 19.78 19.78 19.78 19.78 19.73 19.71 19.70 19.73 19.74 19.73 19.72 19.73 19.74 19.74 19.71 19.72 19.73 19.73 19.72 19.74 19.74 19.73 19.72 19.73 19.75 19.72 19.73 19.74 19.74 19.73 19.72 19.73 19.76 19.74 19.75 19.75 19.71 19.60 19.64 19.69 19.67 19.72 19.70 19.65 19.71 19.71 19.72 19.72 19.72 19.71 19.59 19.64 19.59 19.55 19.59 19.54 19.54 19.53 19.57 19.59 19.59 19.57 19.53 19.57 19.58 19.57 19.56 19.57 19.60 19.69 19.75 19.74 19.71 19.70 19.68
19.78 19.77 19.74 19.74 19.72 19.74 19.74 19.71 19.70 19.69 19.72 19.72 19.69 19.71 19.73 19.71 19.69 19.70 19.70 19.71 19.70 19.71 19.69 19.70 19.70 19.70 19.72 19.71 19.71 19.71 19.72 19.71 19.71 19.70 19.70 19.70 19.71 19.73 19.64 19.62 19.60 19.56 19.53 19.50 19.48 19.49 19.55 19.58 19.58 19.65 19.65 19.69 19.58 19.53 19.53 19.53 19.57 19.53 19.53 19.54 19.56 19.56 19.54 19.55 19.56 19.55 19.58 19.64 19.55 19.55 19.53 19.58 19.60 19.66 19.74 19.69 19.66
19.75 19.76 19.72 19.72 19.73 19.72 19.70 19.71 19.61 19.67 19.68 19.70 19.71 19.69 19.70 19.70 19.69 19.69 19.66 19.67 19.68 19.71 19.73 19.70 19.71 19.71 19.66 19.74 19.71 19.70 19.71 19.70 19.71 19.72 19.72 19.71 19.72 19.72 19.63 19.64 19.61 19.58 19.59 19.60 19.58 19.59 19.59 19.59 19.63 19.60 19.56 19.60 19.59 19.50 19.51 19.55 19.59 19.55 19.50 19.48 19.54 19.55 19.53 19.53 19.53 19.54 19.58 19.65 19.57 19.54 19.55 19.56 19.58 19.60 19.59 19.59 19.67
19.72 19.71 19.73 19.73 19.70 19.69 19.69 19.67 19.68 19.71 19.67 19.68 19.68 19.65 19.67 19.69 19.68 19.68 19.68 19.70 19.67 19.66 19.63 19.68 19.70 19.66 19.67 19.68 19.73 19.71 19.68 19.69 19.69 19.70 19.72 19.72 19.71 19.70 19.62 19.61 19.63 19.61 19.63 19.64 19.65 19.63 19.59 19.62 19.62 19.63 19.64 19.60 19.51 19.50 19.47 19.51 19.57 19.51 19.50 19.48 19.50 19.57 19.53 19.54 19.58 19.57 19.53 19.58 19.59 19.51 19.51 19.55 19.55 19.51 19.55 19.64 19.65
19.68 19.68 19.71 19.67 19.68 19.68 19.68 19.68 19.67 19.68 19.68 19.66 19.65 19.65 19.66 19.66 19.66 19.65 19.75 19.69 19.66 19.65 19.67 19.62 19.67 19.67 19.67 19.70 19.70 19.70 19.66 19.65 19.69 19.69 19.70 19.70 19.66 19.60 19.66 19.67 19.64 19.60 19.62 19.64 19.62 19.62 19.59 19.57 19.60 19.59 19.66 19.60 19.55 19.53 19.53 19.53 19.57 19.49 19.45 19.46 19.46 19.52 19.52 19.49 19.51 19.51 19.53 19.49 19.49 19.51 19.52 19.55 19.56 19.56 19.51 19.53 19.54
19.68 19.69 19.71 19.72 19.66 19.67 19.67 19.66 19.66 19.68 19.68 19.68 19.66 19.66 19.68 19.67 19.65 19.63 19.65 19.63 19.61 19.62 19.60 19.55 19.65 19.65 19.66 19.69 19.67 19.68 19.65 19.65 19.65 19.65 19.66 19.67 19.67 19.69 19.69 19.62 19.57 19.53 19.56 19.60 19.61 19.62 19.56 19.59 19.61 19.63 19.59 19.67 19.58 19.57 19.56 19.58 19.60 19.60 19.54 19.51 19.47 19.46 19.47 19.46 19.49 19.52 19.51 19.48 19.49 19.50 19.52 19.55 19.54 19.52 19.53 19.50 19.51
19.65 19.66 19.69 19.64 19.59 19.60 19.65 19.64 19.66 19.65 19.65 19.67 19.66 19.66 19.64 19.63 19.64 19.65 19.60 19.59 19.63 19.65 19.65 19.64 19.64 19.63 19.63 19.64 19.66 19.66 19.65 19.63 19.62 19.64 19.63 19.58 19.58 19.62 19.54 19.62 19.58 19.55 19.54 19.55 19.57 19.54 19.53 19.58 19.59 19.56 19.56 19.64 19.63 19.56 19.53 19.51 19.54 19.54 19.50 19.54 19.51 19.45 19.43 19.41 19.43 19.41 19.44 19.47 19.49 19.52 19.52 19.55 19.53 19.49 19.49 19.49 19.44
19.59 19.60 19.61 19.65 19.64 19.63 19.60 19.65 19.67 19.64 19.67 19.65 19.64 19.64 19.59 19.62 19.64 19.63 19.64 19.62 19.60 19.62 19.62 19.63 19.61 19.62 19.61 19.61 19.62 19.63 19.62 19.64 19.63 19.64 19.60 19.54 19.54 19.56 19.60 19.63 19.63 19.58 19.56 19.53 19.56 19.59 19.60 19.67 19.63 19.56 19.63 19.58 19.56 19.54 19.55 19.53 19.53 19.52 19.56 19.52 19.55 19.49 19.42 19.43 19.38 19.42 19.45 19.49 19.51 19.50 19.52 19.55 19.54 19.51 19.46 19.43 19.43
19.56 19.57 19.56 19.56 19.55 19.52 19.56 19.62 19.62 19.60 19.58 19.60 19.61 19.61 19.59 19.60 19.59 19.62 19.61 19.61 19.60 19.60 19.59 19.58 19.61 19.60 19.59 19.59 19.59 19.59 19.60 19.60 19.59 19.60 19.54 19.51 19.51 19.55 19.58 19.58 19.65 19.57 19.56 19.50 19.51 19.52 19.55 19.60 19.59 19.57 19.54 19.52 19.57 19.61 19.49 19.48 19.49 19.47 19.50 19.54 19.49 19.47 19.41 19.37 19.40 19.45 19.43 19.49 19.45 19.49 19.49 19.48 19.45 19.50 19.46 19.40 19.39
19.55 19.53 19.53 19.54 19.53 19.53 19.59 19.59 19.57 19.59 19.59 19.60 19.58 19.57 19.59 19.58 19.58 19.56 19.57 19.60 19.59 19.59 19.59 19.60 19.62 19.60 19.59 19.58 19.58 19.58 19.57 19.57 19.57 19.54 19.50 19.53 19.50 19.54 19.64 19.56 19.63 19.54 19.49 19.50 19.61 19.57 19.56 19.54 19.52 19.56 19.55 19.53 19.59 19.60 19.49 19.48 19.47 19.47 19.49 19.47 19.50 19.49 19.41 19.38 19.37 19.44 19.46 19.44 19.42 19.42 19.40 19.41 19.43 19.46 19.43 19.35 19.42
19.49 19.52 19.52 19.53 19.53 19.53 19.56 19.56 19.56 19.56 19.58 19.58 19.55 19.57 19.56 19.57 19.57 19.55 19.55 19.55 19.55 19.53 19.55 19.57 19.58 19.57 19.57 19.57 19.57 19.57 19.56 19.55 19.51 19.49 19.50 19.54 19.49 19.51 19.53 19.57 19.63 19.62 19.69 19.64 19.62 19.51 19.55 19.53 19.48 19.50 19.50 19.47 19.50 19.59 19.57 19.47 19.46 19.40 19.42 19.39 19.42 19.51 19.41 19.46 19.39 19.42 19.40 19.42 19.40 19.41 19.41 19.40 19.39 19.38 19.35 19.39 19.37
19.48 19.47 19.44 19.45 19.46 19.48 19.52 19.52 19.54 19.57 19.57 19.55 19.55 19.52 19.53 19.53 19.53 19.52 19.52 19.53 19.53 19.53 19.52 19.55 19.54 19.55 19.53 19.53 19.54 19.53 19.51 19.52 19.46 19.43 19.43 19.47 19.48 19.49 19.48 19.54 19.63 19.67 19.70 19.65 19.55 19.46 19.43 19.42 19.41 19.43 19.47 19.57 19.58 19.63 19.64 19.59 19.44 19.40 19.35 19.36 19.36 19.40 19.37 19.41 19.43 19.44 19.39 19.43 19.40 19.42 19.39 19.39 19.39 19.37 19.38 19.40 19.42
19.46 19.46 19.46 19.45 19.45 19.43 19.48 19.49 19.49 19.53 19.54 19.53 19.53 19.50 19.53 19.51 19.52 19.52 19.51 19.50 19.53 19.53 19.52 19.51 19.53 19.53 19.53 19.53 19.52 19.44 19.45 19.49 19.45 19.43 19.46 19.46 19.49 19.47 19.47 19.53 19.59 19.63 19.63 19.57 19.48 19.45 19.40 19.38 19.40 19.36 19.39 19.48 19.57 19.58 19.58 19.53 19.44 19.40 19.36 19.36 19.34 19.37 19.34 19.36 19.44 19.47 19.41 19.38 19.39 19.34 19.34 19.36 19.35 19.34 19.37 19.37 19.37
19.45 19.45 19.45 19.45 19.43 19.42 19.45 19.46 19.47 19.49 19.49 19.50 19.51 19.49 19.49 19.49 19.50 19.49 19.49 19.50 19.52 19.55 19.49 19.48 19.55 19.55 19.50 19.46 19.42 19.35 19.38 19.41 19.45 19.47 19.49 19.44 19.43 19.43 19.46 19.40 19.58 19.58 19.58 19.52 19.45 19.43 19.39 19.35 19.33 19.33 19.36 19.35 19.45 19.46 19.51 19.47 19.38 19.37 19.37 19.32 19.32 19.33 19.34 19.34 19.35 19.42 19.46 19.36 19.35 19.35 19.37 19.32 19.31 19.32 19.34 19.33 19.38
19.46 19.44 19.44 19.44 19.45 19.45 19.43 19.42 19.40 19.42 19.44 19.47 19.47 19.48 19.46 19.46 19.48 19.49 19.48 19.47 19.48 19.48 19.49 19.49 19.54 19.50 19.44 19.42 19.39 19.39 19.43 19.44 19.43 19.42 19.44 19.44 19.41 19.42 19.40 19.42 19.46 19.54 19.42 19.46 19.43 19.51 19.35 19.34 19.33 19.35 19.34 19.32 19.33 19.37 19.48 19.46 19.46 19.48 19.44 19.35 19.32 19.33 19.34 19.33 19.33 19.32 19.36 19.33 19.34 19.40 19.31 19.32 19.31 19.32 19.32 19.35 19.32
19.44 19.46 19.45 19.45 19.43 19.44 19.43 19.44 19.43 19.42 19.40 19.41 19.43 19.43 19.46 19.46 19.47 19.47 19.44 19.44 19.44 19.48 19.52 19.51 19.52 19.44 19.41 19.39 19.39 19.40 19.39 19.41 19.42 19.39 19.39 19.40 19.39 19.42 19.46 19.43 19.39 19.47 19.42 19.38 19.41 19.42 19.52 19.43 19.33 19.31 19.31 19.31 19.31 19.31 19.32 19.35 19.41 19.37 19.36 19.32 19.32 19.34 19.32 19.32 19.30 19.35 19.34 19.36 19.31 19.35 19.36 19.37 19.36 19.31 19.30 19.31 19.31
19.44 19.43 19.43 19.45 19.43 19.42 19.40 19.40 19.40 19.40 19.43 19.43 19.42 19.44 19.45 19.44 19.43 19.45 19.45 19.45 19.46 19.47 19.47 19.46 19.43 19.41 19.42 19.40 19.41 19.40 19.39 19.38 19.40 19.39 19.37 19.37 19.40 19.42 19.40 19.41 19.42 19.41 19.36 19.39 19.37 19.39 19.49 19.40 19.30 19.32 19.30 19.31 19.29 19.29 19.30 19.30 19.34 19.33 19.32 19.31 19.37 19.34 19.32 19.35 19.30 19.28 19.31 19.32 19.33 19.32 19.30 19.39 19.39 19.32 19.25 19.28 19.33
19.45 19.43 19.43 19.40 19.39 19.39 19.36 19.35 19.39 19.39 19.41 19.43 19.44 19.44 19.44 19.43 19.42 19.43 19.42 19.43 19.45 19.45 19.45 19.44 19.43 19.40 19.41 19.40 19.39 19.39 19.39 19.40 19.38 19.37 19.40 19.36 19.36 19.36 19.39 19.40 19.39 19.38 19.35 19.35 19.37 19.46 19.42 19.33 19.31 19.28 19.26 19.28 19.28 19.30 19.28 19.29 19.31 19.32 19.30 19.33 19.36 19.37 19.35 19.30 19.32 19.31 19.30 19.33 19.34 19.32 19.31 19.39 19.36 19.29 19.33 19.29 19.35
19.39 19.38 19.39 19.37 19.38 19.34 19.34 19.37 19.36 19.37 19.38 19.42 19.40 19.40 19.42 19.39 19.40 19.39 19.40 19.41 19.43 19.41 19.39 19.39 19.40 19.38 19.37 19.38 19.37 19.37 19.37 19.37 19.36 19.37 19.37 19.36 19.37 19.36 19.36 19.37 19.35 19.36 19.34 19.34 19.37 19.42 19.36 19.32 19.32 19.29 19.26 19.26 19.27 19.27 19.25 19.24 19.29 19.29 19.31 19.30 19.29 19.40 19.41 19.38 19.34 19.33 19.24 19.27 19.31 19.32 19.34 19.34 19.28 19.26 19.29 19.29 19.30
