main/data/irradiance/11.02.2023.grid
ncols 839
nrows 679
xllcenter 112.0500
yllcenter -43.9500
cellsize 0.0500
nodata_value 99999.90
[rows 136 to 169 of 679, columns 308 to 384 of 839]
24.77 24.48 24.69 23.08 21.74 22.97 22.22 22.04 22.25 20.49 19.41 22.52 20.30 19.41 20.52 21.01 21.39 19.61 19.83 17.96 20.73 22.22 21.11 21.31 20.17 20.61 20.50 19.87 20.09 19.16 18.78 19.98 20.18 18.20 17.68 18.45 17.60 18.17 17.77 18.38 18.52 19.78 20.25 21.00 19.37 20.44 22.03 20.43 19.80 17.86 20.77 21.92 22.95 23.08 22.33 23.54 23.16 24.16 23.66 23.42 22.44 21.68 21.82 21.24 20.43 19.75 19.10 19.27 19.49 21.07 21.09 21.04 21.74 22.15 21.30 18.03 17.38
25.32 24.12 23.87 24.55 22.16 23.30 21.80 20.93 21.85 21.13 21.96 23.03 21.09 20.00 19.63 19.71 19.83 20.25 20.08 18.98 21.49 21.59 20.65 20.14 20.22 20.23 20.35 20.37 19.78 19.83 20.67 21.42 19.52 17.75 17.83 17.02 16.75 16.52 18.57 18.13 18.35 18.81 19.51 21.09 21.05 20.21 18.20 18.75 20.35 17.84 20.31 22.55 22.99 23.04 22.40 23.15 23.47 23.58 24.10 24.61 23.39 22.50 21.91 21.59 20.65 20.47 19.30 19.75 21.03 21.59 21.42 21.93 21.50 22.87 21.83 19.08 17.56
25.60 24.82 23.55 24.22 23.23 23.19 22.86 21.28 21.46 20.96 21.02 22.62 21.56 21.96 19.10 18.17 19.31 19.06 18.00 20.57 23.39 20.80 20.49 19.64 18.89 19.96 19.62 19.27 18.75 19.93 21.05 21.19 18.10 18.06 18.75 17.25 17.27 17.71 19.45 18.81 18.74 19.45 18.04 20.72 21.72 20.48 19.94 19.01 21.72 19.95 21.05 23.41 23.03 22.63 21.70 22.69 22.62 24.17 24.89 24.72 23.92 23.76 23.30 22.04 21.41 20.88 20.83 20.60 21.42 22.01 21.65 21.48 21.87 21.31 20.50 18.73 18.87
24.94 25.37 24.55 23.51 23.90 22.44 22.38 21.52 22.87 21.92 22.00 22.03 20.61 20.63 18.76 18.90 19.13 18.45 17.72 21.71 22.88 21.09 20.19 19.43 17.54 18.80 18.39 17.47 15.88 18.37 20.14 19.59 17.79 19.12 19.10 19.32 19.54 17.29 19.90 19.65 18.44 17.80 19.81 22.78 22.27 21.00 20.80 21.65 22.62 22.39 22.69 23.81 23.48 22.41 20.81 21.53 23.67 24.02 23.82 24.21 23.78 23.92 23.76 22.58 22.06 21.10 21.30 20.98 21.36 21.27 21.09 21.31 22.08 21.94 21.09 20.42 20.71
25.88 24.29 25.11 24.30 24.05 22.90 22.59 21.19 22.04 22.90 20.96 20.86 19.71 20.08 19.05 18.76 18.90 18.98 19.33 21.22 23.27 22.00 20.21 16.36 17.06 17.54 16.96 17.53 17.29 17.56 20.05 20.10 18.74 17.17 19.03 19.00 20.34 18.65 20.03 20.93 18.28 19.77 21.86 21.89 22.22 23.82 22.00 22.60 24.28 23.44 23.01 24.40 23.55 22.41 22.51 23.48 23.90 24.24 23.87 23.80 24.11 23.82 24.04 23.71 23.50 22.06 21.48 20.91 21.37 20.29 20.36 21.36 21.46 20.95 20.78 22.12 22.65
26.22 24.34 24.67 24.63 23.98 24.32 22.76 21.05 21.58 23.58 22.06 19.69 19.78 19.48 19.87 20.21 18.39 18.26 22.09 21.71 21.99 21.14 19.30 16.54 18.19 16.59 16.19 17.31 18.24 18.78 20.07 20.88 19.65 19.12 18.81 17.85 17.50 18.08 20.02 19.69 20.67 19.87 21.27 22.02 22.37 23.48 22.84 21.64 21.50 21.83 22.72 24.90 24.09 24.01 24.26 24.06 24.79 25.38 23.91 23.91 24.25 24.44 24.77 23.95 24.01 23.33 21.64 20.85 20.92 19.09 19.93 21.35 21.30 22.81 23.63 22.84 24.39
25.92 24.20 25.23 25.16 24.51 24.20 23.25 22.36 21.70 22.28 20.30 21.40 19.73 20.25 20.59 21.31 19.31 17.63 20.57 21.52 19.05 19.71 18.21 17.81 18.86 18.88 19.40 19.15 20.11 19.72 19.68 22.02 21.14 21.47 20.39 19.45 18.86 18.26 19.40 19.55 21.52 19.74 21.27 22.72 22.97 22.34 22.26 21.46 21.68 20.36 21.43 24.46 24.26 24.08 23.83 23.80 24.55 25.55 26.17 25.42 25.26 24.83 24.67 24.42 24.04 23.31 21.92 22.35 21.27 20.95 20.74 21.36 22.34 24.00 25.05 24.68 24.83
26.11 24.98 24.55 25.22 24.93 22.52 22.63 22.33 21.87 22.72 21.34 20.43 21.28 20.20 20.09 21.77 20.42 20.66 19.61 22.14 20.52 20.25 20.51 19.91 21.59 21.16 18.71 18.85 20.15 20.64 20.91 21.09 21.45 19.85 20.86 20.38 18.91 20.16 21.72 22.10 20.94 20.97 20.06 21.99 21.87 20.77 20.85 21.36 22.37 22.15 22.33 23.36 24.34 23.81 23.42 24.49 24.40 24.59 24.20 25.22 25.48 25.16 25.17 24.14 23.41 22.83 23.37 22.38 21.14 20.71 19.59 20.85 20.79 23.36 22.68 23.85 23.63
25.45 25.77 24.91 25.29 24.51 23.05 22.75 22.28 22.11 24.72 22.00 22.05 23.14 21.04 20.75 19.62 20.93 21.80 21.29 21.15 20.68 21.14 20.84 20.36 21.99 21.62 18.56 19.65 18.55 20.34 22.82 21.52 21.28 19.98 20.37 20.47 19.20 19.84 21.82 21.70 20.45 20.96 21.25 20.73 19.23 20.58 21.84 20.64 21.81 22.42 21.57 21.84 24.64 24.71 24.00 24.37 23.94 23.64 23.25 25.09 25.68 25.40 25.51 24.78 23.98 22.88 23.45 23.15 20.87 19.98 20.35 19.78 19.70 22.79 22.03 23.41 22.07
24.85 25.66 24.92 23.67 24.52 23.53 22.11 23.59 23.84 24.80 24.04 24.21 25.30 23.58 21.52 21.00 21.68 22.89 21.93 22.90 21.14 21.03 21.81 21.08 22.57 21.61 20.55 21.49 20.63 22.95 22.70 21.61 21.41 21.22 21.22 22.16 21.39 20.72 20.74 20.74 20.02 21.29 21.57 21.63 21.32 20.23 19.73 20.59 21.41 22.48 23.28 21.02 23.56 23.50 24.77 25.26 25.13 24.78 24.06 24.99 26.52 25.81 25.08 24.32 23.54 23.41 23.28 22.73 21.08 20.01 20.04 20.18 20.37 21.73 22.88 24.36 22.73
25.37 23.85 22.80 24.63 25.16 24.92 22.92 23.32 24.95 24.78 25.21 24.74 25.92 24.83 24.22 23.14 23.04 23.19 21.77 22.39 22.37 22.52 23.16 22.06 23.06 22.98 22.20 22.41 24.24 23.59 22.64 22.17 22.39 21.51 22.80 22.08 21.68 20.32 20.97 21.24 21.54 20.19 21.39 21.36 21.88 21.04 19.17 21.13 21.58 22.47 23.14 24.41 24.99 22.02 24.18 25.09 25.35 24.98 24.44 25.69 26.35 25.83 25.12 24.54 23.76 23.81 23.78 22.59 20.77 20.01 19.02 20.55 21.69 22.89 23.86 25.47 24.67
24.53 24.67 22.57 24.02 24.54 25.54 24.02 24.68 24.58 24.63 24.86 25.68 25.79 26.36 25.21 24.83 25.78 24.22 21.83 22.34 23.44 23.07 24.71 24.13 24.19 23.43 23.38 24.27 24.69 22.34 20.16 20.61 20.32 20.72 21.70 20.69 20.85 19.91 21.87 21.64 20.10 19.81 20.49 21.85 21.31 22.71 19.75 21.33 21.52 21.93 21.97 24.55 24.40 23.31 24.36 25.05 25.07 25.42 25.21 24.46 26.17 25.79 25.31 25.43 24.61 24.20 23.50 22.37 21.99 21.95 20.10 20.51 22.48 22.71 23.79 24.72 24.86
24.57 23.90 23.88 23.78 24.45 24.16 25.72 24.62 22.48 23.78 23.82 25.71 26.19 26.72 26.40 26.00 26.76 25.44 23.00 21.86 23.83 23.13 24.66 24.15 23.38 23.34 22.95 23.71 24.39 20.91 19.47 20.46 20.61 19.83 21.24 21.37 20.48 20.10 18.95 20.54 20.53 19.54 19.73 23.53 22.51 24.49 23.56 23.35 23.22 22.56 23.98 25.34 24.57 24.35 25.24 24.78 25.41 25.86 25.24 24.55 25.61 25.63 25.17 25.28 23.87 23.69 23.05 21.54 22.41 22.60 21.64 21.71 23.39 22.58 24.00 24.68 23.99
24.10 25.19 24.25 22.49 23.63 24.43 25.36 23.67 24.21 22.17 24.76 24.34 26.50 27.29 26.11 26.48 25.95 25.79 24.64 25.37 23.85 22.59 23.28 22.38 21.64 21.50 22.74 23.89 23.46 20.37 20.65 20.03 21.65 20.46 22.20 21.76 20.83 20.82 18.94 20.22 21.81 19.92 21.15 23.25 21.19 24.87 23.19 22.42 24.34 23.24 24.35 25.47 23.28 24.74 25.11 25.93 25.06 26.04 25.16 24.49 25.32 24.87 23.89 24.00 23.93 23.46 22.97 22.17 22.14 23.68 21.72 23.41 24.25 23.64 24.98 24.27 24.36
24.35 25.66 24.29 23.11 23.71 24.93 24.52 22.67 24.07 23.43 23.73 25.50 25.63 26.71 26.57 27.20 26.68 26.01 26.14 24.86 23.77 23.05 23.54 21.70 21.63 21.63 22.29 23.94 23.92 21.13 17.50 18.82 18.94 18.30 20.38 20.24 21.24 20.14 20.04 21.28 23.11 22.03 21.96 23.01 23.39 24.09 22.68 21.65 22.60 24.04 23.28 25.10 24.57 24.84 24.42 24.35 23.24 24.09 24.48 25.20 24.94 24.60 23.67 23.09 24.87 25.15 22.85 22.87 22.09 22.75 23.70 23.84 22.19 22.74 23.44 23.22 23.36
25.70 25.32 25.04 24.15 24.70 24.13 23.49 24.62 25.76 25.60 23.82 26.28 26.73 26.94 26.81 27.63 26.89 25.38 26.12 25.11 23.66 23.24 24.69 22.70 21.20 22.71 22.71 23.76 22.23 20.88 18.02 17.21 16.07 17.13 19.17 21.53 21.92 21.84 21.54 23.33 23.49 22.05 22.93 24.30 24.10 24.65 23.58 22.99 22.39 23.97 24.75 25.16 25.08 23.66 22.73 22.96 24.64 23.53 23.98 25.37 24.45 24.15 24.31 24.36 25.44 24.64 22.16 22.63 22.05 21.30 23.23 22.88 22.85 23.24 22.78 22.75 23.16
24.80 25.56 25.89 25.26 24.42 24.33 24.05 25.75 25.51 25.58 22.86 24.58 24.96 26.48 26.88 26.23 26.91 27.48 26.25 25.12 23.31 24.76 24.58 22.56 21.71 20.95 19.87 20.66 21.03 18.46 19.19 18.19 17.82 19.24 20.91 22.31 21.60 23.16 22.21 24.30 24.03 23.84 22.76 24.18 25.24 25.93 25.75 25.52 25.21 24.51 24.46 25.28 25.76 23.93 23.47 22.48 23.54 22.33 24.17 24.81 24.54 23.46 24.12 25.03 25.75 24.08 21.32 21.57 22.05 22.42 21.78 21.31 21.58 20.56 21.99 22.00 21.37
25.70 25.55 25.37 25.53 24.73 25.42 23.63 25.80 25.12 24.63 23.09 23.84 25.86 26.82 28.09 27.32 27.36 27.53 27.51 25.90 25.00 25.64 23.07 21.16 20.81 19.93 18.48 17.27 19.91 19.95 20.65 20.65 22.55 22.92 22.28 22.49 25.53 24.94 23.23 25.46 24.61 25.76 24.46 23.75 24.86 26.86 27.28 26.66 26.60 26.22 25.74 24.06 25.31 25.63 24.75 24.92 24.14 22.93 21.81 23.50 25.08 24.61 24.50 25.28 25.10 25.12 22.62 21.53 22.03 22.97 22.32 21.49 20.28 20.64 22.06 23.92 21.61
25.32 24.57 26.76 27.65 26.21 26.72 24.76 25.97 26.37 25.42 21.85 24.59 25.59 25.91 27.42 27.49 27.27 27.39 27.51 25.72 25.04 24.85 23.69 21.21 20.87 19.39 19.60 18.62 20.24 21.37 21.44 22.11 24.92 24.75 24.10 25.46 26.17 25.93 26.01 26.92 26.37 27.15 26.19 25.64 25.49 25.98 26.67 26.10 26.31 26.70 26.89 25.52 26.02 25.78 26.45 25.14 24.56 25.00 23.02 22.46 24.69 24.95 25.03 25.18 24.38 23.27 23.88 22.44 23.26 23.89 23.99 22.59 21.00 21.50 21.97 23.58 23.41
26.87 25.36 25.61 27.53 27.84 27.53 26.35 27.10 27.07 25.48 23.71 24.03 25.56 25.80 24.67 27.72 27.11 27.42 27.53 27.07 26.05 24.93 25.31 22.37 21.02 19.61 20.42 19.17 21.39 21.08 22.63 24.25 26.07 25.05 25.53 24.87 25.95 26.72 26.81 27.58 26.92 27.13 26.93 26.89 26.85 27.15 26.42 27.57 25.90 26.52 26.61 25.80 25.87 26.03 25.16 24.92 25.72 24.66 23.91 24.11 24.15 24.28 25.52 24.88 25.16 24.79 24.73 24.91 25.02 24.71 23.65 24.84 23.66 22.23 20.94 23.41 23.46
26.45 27.18 26.21 27.94 27.66 27.85 27.27 26.50 24.40 25.04 22.27 22.31 24.91 24.05 22.74 26.88 26.76 26.14 27.32 26.76 26.56 25.39 23.78 23.30 21.71 23.17 21.97 20.77 23.00 23.97 25.82 26.16 26.82 25.71 25.85 25.52 26.21 27.16 27.20 27.00 26.87 27.58 27.37 27.82 27.89 27.62 27.18 26.75 26.19 25.31 25.73 25.90 24.82 25.92 25.67 24.02 25.60 24.77 24.22 23.34 23.70 22.24 25.47 24.32 24.37 24.84 24.91 25.41 25.23 24.23 24.84 25.64 24.30 23.81 21.61 22.38 24.32
27.74 27.93 27.61 28.61 28.08 28.36 27.16 26.61 25.07 27.24 24.56 22.35 26.32 25.28 22.65 25.19 26.65 25.27 26.70 26.20 26.93 25.00 25.11 23.46 23.15 24.38 23.75 23.56 24.50 26.05 26.66 26.64 26.11 26.82 26.90 26.50 26.06 26.67 26.84 26.26 26.00 26.70 27.31 27.33 27.97 28.14 28.09 26.89 26.14 27.05 26.45 25.05 23.70 24.78 26.09 23.63 23.26 24.81 25.74 23.70 24.40 24.11 24.91 23.49 24.15 24.75 23.65 25.22 25.43 25.00 25.46 25.76 24.70 24.48 23.35 22.45 23.05
26.84 26.48 27.43 28.41 28.33 28.48 26.73 27.90 26.71 27.32 26.64 24.91 27.74 26.64 24.32 24.73 26.86 24.98 25.72 25.70 26.58 26.04 26.08 25.10 23.15 24.21 22.81 23.67 25.53 25.84 26.93 26.05 24.77 25.78 26.62 27.23 27.53 26.76 27.78 26.34 26.17 26.73 26.52 27.36 27.49 27.30 28.28 28.25 27.72 26.84 26.66 26.18 24.32 22.28 24.65 24.28 23.76 23.11 24.37 23.72 24.33 24.75 24.79 23.56 23.65 24.11 25.24 23.74 24.50 24.89 24.92 25.69 25.71 25.69 23.96 22.62 23.93
28.34 27.70 26.49 27.83 28.27 28.73 28.40 28.22 28.30 28.25 27.37 27.38 28.21 26.87 25.98 25.18 27.74 27.69 26.52 26.58 25.84 27.11 27.12 26.70 24.95 24.15 22.65 24.40 25.20 25.74 24.13 22.17 25.66 24.54 26.75 25.64 26.10 28.09 27.60 27.19 27.48 27.20 26.30 27.11 27.39 27.36 27.75 28.19 27.68 27.04 26.27 26.38 25.56 23.88 23.35 23.89 24.63 22.89 22.42 23.68 22.54 23.69 23.97 20.32 23.45 23.28 25.34 23.02 24.95 24.69 24.50 25.83 25.85 24.71 23.67 24.41 24.32
27.57 28.28 26.66 27.05 28.65 28.63 27.97 28.49 28.51 28.29 27.10 26.55 27.59 26.56 28.41 24.90 27.32 27.72 27.33 26.95 25.74 26.08 25.67 24.93 25.89 25.08 22.53 24.22 23.53 24.75 23.26 23.17 24.57 25.50 24.70 26.36 26.59 27.20 27.51 28.29 28.30 28.11 26.56 26.31 27.09 27.63 27.96 28.06 27.91 27.82 26.79 26.68 26.10 26.03 24.76 24.66 24.85 25.33 23.82 24.60 21.99 23.49 25.15 22.21 22.09 24.26 22.14 22.72 24.28 25.56 23.68 25.03 26.33 25.62 24.45 24.00 23.08
27.73 27.21 26.47 27.10 27.34 28.43 27.90 28.59 28.56 28.06 28.38 26.45 26.86 26.74 27.52 27.35 25.64 27.30 27.73 26.89 26.55 25.27 25.45 24.35 26.77 25.62 23.22 24.58 21.49 22.18 22.36 23.07 23.65 25.28 24.95 26.47 25.72 26.49 27.48 27.70 28.12 28.04 25.96 25.14 27.22 27.54 27.86 27.52 28.01 28.17 27.34 27.03 27.08 26.31 25.39 26.20 26.80 25.10 24.55 24.99 24.16 24.09 24.10 23.52 21.84 22.16 21.74 22.36 23.71 25.63 24.72 23.86 25.29 25.76 25.25 24.91 23.38
27.65 27.49 26.84 26.89 28.48 27.73 28.56 27.83 28.64 27.06 27.15 28.05 27.43 27.16 26.80 27.84 28.30 28.01 28.10 28.20 27.38 26.92 26.94 25.38 27.24 25.78 24.30 24.38 20.84 20.74 22.27 22.61 22.94 24.06 25.13 25.54 24.41 24.91 26.32 27.28 26.72 26.16 25.53 25.96 28.44 28.07 27.73 27.85 27.85 27.73 27.20 27.72 27.89 27.45 26.70 27.56 27.45 26.12 24.35 24.56 25.07 22.59 24.59 24.65 22.52 23.05 23.32 23.77 20.97 23.66 25.08 22.42 24.03 23.54 24.89 23.73 24.91
27.62 27.35 27.82 27.29 27.50 27.78 28.73 28.57 27.88 27.72 26.95 28.32 28.18 28.04 26.51 27.80 28.28 28.51 28.08 27.88 27.81 27.67 26.54 27.00 27.16 26.62 26.41 26.04 23.97 23.31 22.18 22.22 23.31 23.62 26.26 25.73 26.99 26.01 26.02 25.45 26.73 26.60 26.25 26.46 28.22 27.99 26.98 27.42 27.58 27.43 27.08 27.88 27.70 28.04 27.20 27.99 27.87 26.71 25.92 26.00 25.53 22.82 24.57 24.10 22.56 22.47 23.91 24.93 22.31 20.66 21.26 22.80 23.51 24.10 24.68 23.91 23.71
26.83 27.24 27.38 26.97 28.04 27.23 27.76 28.05 27.99 27.78 27.90 27.63 28.34 28.03 28.71 27.93 27.62 28.08 27.41 28.45 28.23 27.37 27.59 26.83 26.21 26.71 26.85 27.25 25.87 23.49 23.80 22.93 24.34 24.11 25.82 27.09 26.40 26.37 26.92 25.24 25.37 25.32 26.60 26.49 27.14 27.71 26.86 27.40 27.15 27.55 26.96 27.76 27.96 27.67 27.40 28.02 27.38 27.78 26.81 26.74 25.95 24.68 24.98 24.51 22.75 21.96 23.24 25.11 23.51 20.62 21.25 23.82 24.38 24.06 23.98 24.22 23.39
28.06 26.84 26.11 25.93 28.37 27.20 27.70 27.57 27.89 28.54 28.64 28.44 28.39 28.52 28.45 28.51 28.35 28.14 27.80 27.81 28.22 28.58 28.50 27.75 27.51 26.67 26.90 27.98 26.24 24.30 24.90 26.13 24.92 24.93 25.16 24.74 25.23 25.88 27.18 26.78 26.66 26.06 26.86 26.31 27.09 26.66 26.38 26.84 27.02 27.56 27.34 27.53 27.50 27.71 27.84 27.18 27.22 27.72 27.64 26.55 26.39 26.47 26.04 26.39 24.92 22.50 22.45 25.10 23.01 21.89 21.73 24.23 23.51 21.58 21.49 23.59 22.61
28.04 27.68 26.24 25.72 26.35 26.23 26.85 27.74 27.77 28.82 28.55 28.16 27.39 28.76 28.83 28.69 27.56 27.58 27.82 27.93 28.01 28.31 28.32 27.76 27.75 27.56 27.12 26.72 25.49 25.44 26.40 27.00 26.29 25.17 24.88 24.23 23.91 26.61 26.82 25.66 25.71 25.86 27.14 27.11 27.01 27.03 27.09 27.14 27.70 27.63 27.40 27.65 27.68 27.90 27.66 27.04 26.94 27.62 27.55 27.06 27.52 26.05 26.63 27.30 25.29 23.73 24.69 24.61 22.15 20.45 22.21 22.46 22.75 19.88 21.72 22.61 24.17
26.74 28.24 28.19 26.18 27.04 27.30 27.58 27.22 26.54 28.53 28.48 27.72 27.38 28.76 28.35 28.30 27.36 28.45 27.75 27.83 27.61 27.87 28.35 28.39 28.09 28.48 27.74 27.31 26.28 26.97 27.19 26.82 26.45 26.14 24.50 25.01 24.76 25.25 26.43 27.00 27.31 26.27 25.95 27.13 27.78 26.86 27.38 27.30 27.01 27.50 27.44 28.05 27.59 27.99 27.92 26.99 26.28 27.17 27.05 26.60 25.94 26.87 27.07 27.10 26.51 25.50 24.47 24.23 23.38 21.77 20.36 22.02 23.55 22.03 23.03 22.24 23.70
24.85 26.21 28.31 27.40 27.29 28.03 27.93 26.36 26.91 26.76 28.24 28.48 28.47 28.85 28.21 27.65 26.86 28.46 28.18 28.47 26.64 28.34 28.32 28.54 27.92 28.75 27.73 27.76 27.51 27.68 26.92 26.23 26.10 27.56 27.66 25.83 23.26 24.24 24.32 25.25 26.01 25.77 26.71 27.24 27.51 27.64 27.57 27.76 27.29 27.32 26.85 27.65 27.63 27.60 28.17 27.54 26.87 27.31 27.23 27.18 26.03 27.00 27.01 26.94 26.54 27.00 25.47 24.10 24.18 22.07 22.27 21.61 22.66 22.93 23.99 22.82 22.52
26.14 25.65 27.02 27.25 26.30 26.12 26.03 27.67 28.53 27.70 27.87 27.71 28.74 28.73 28.55 28.48 27.81 28.25 27.83 28.80 28.06 27.76 28.08 28.35 27.97 27.51 27.81 28.47 28.22 28.41 27.54 27.20 27.54 27.85 27.51 25.01 22.86 23.16 22.00 22.88 23.82 25.30 23.99 26.99 27.06 27.19 28.06 27.78 27.63 26.37 27.26 27.32 27.24 27.32 27.90 27.38 27.79 27.69 27.18 27.04 26.45 27.03 26.17 25.62 26.06 27.37 25.59 24.03 24.02 22.80 22.07 22.24 22.39 21.93 24.64 24.22 22.55
