main/data/irradiance/12.01.2023.grid
ncols 839
nrows 679
xllcenter 112.0500
yllcenter -43.9500
cellsize 0.0500
nodata_value 99999.90
[rows 374 to 407 of 679, columns 385 to 461 of 839]
28.82 29.03 29.41 27.46 26.86 26.72 26.75 27.18 28.03 28.38 27.02 25.84 23.72 24.59 24.93 25.55 22.87 25.33 26.46 26.06 26.63 26.96 26.80 28.03 27.55 28.65 28.79 28.00 29.07 27.61 28.87 27.35 29.24 27.81 27.61 28.44 27.00 26.17 28.01 27.80 29.15 28.53 28.41 28.90 28.02 29.22 28.81 28.94 29.47 29.02 28.93 27.68 27.79 29.76 28.77 28.85 27.98 29.40 28.58 29.91 28.06 28.43 28.46 27.04 27.20 28.48 27.53 26.36 23.86 25.96 24.45 26.32 27.10 26.87 28.46 29.08 29.73
28.71 29.02 28.03 27.34 26.98 27.56 25.36 26.03 26.14 28.37 28.01 26.18 24.80 23.92 23.98 23.28 23.13 25.81 24.89 24.78 26.27 26.98 25.99 26.11 29.26 28.41 27.37 29.01 28.36 27.20 28.18 26.64 26.22 28.78 26.59 27.92 28.26 28.26 27.02 27.98 28.86 27.04 28.54 28.11 28.49 29.27 28.42 27.41 28.34 30.08 29.27 29.39 29.94 29.25 28.25 28.82 29.79 28.78 27.35 29.59 28.39 27.46 27.90 26.94 28.94 26.13 24.81 27.19 25.95 26.24 27.94 27.40 27.97 28.10 27.58 27.07 27.35
29.37 28.50 28.48 27.03 27.62 27.41 25.66 25.66 27.42 26.83 27.19 25.95 26.23 27.21 26.76 24.12 24.61 26.94 26.88 26.92 25.94 26.46 28.76 28.75 28.94 28.54 28.48 28.89 28.62 25.49 28.24 26.72 26.69 29.06 27.45 27.61 29.01 28.32 27.49 28.75 29.10 26.85 27.76 26.77 28.79 27.47 27.00 28.71 28.67 29.15 29.43 29.60 29.47 28.31 29.44 30.40 28.79 29.41 29.70 28.35 26.80 27.48 28.83 28.60 27.97 27.65 28.34 29.73 27.45 26.33 27.44 28.20 28.06 26.69 26.08 25.42 26.47
27.89 27.65 28.41 25.64 27.10 28.47 26.62 25.98 26.91 26.27 25.43 26.19 25.66 25.65 25.89 26.26 24.96 24.61 24.88 26.14 27.27 26.87 26.53 28.75 26.84 27.57 27.50 28.53 25.24 26.46 28.46 25.61 27.15 28.01 27.95 27.28 28.61 28.23 26.03 28.04 29.68 28.05 28.02 28.81 26.87 28.18 27.93 27.80 28.90 28.50 27.94 28.33 27.78 29.11 29.76 29.74 29.46 29.87 29.38 28.07 28.53 29.27 28.58 26.11 26.74 26.13 27.88 29.57 25.78 24.19 25.88 26.68 25.46 25.65 27.02 25.56 26.92
29.40 28.65 27.04 27.47 27.38 28.44 27.86 26.81 25.40 25.88 24.87 25.61 26.01 25.27 22.85 27.09 25.43 25.76 24.68 26.52 27.98 27.61 26.61 27.34 28.33 28.55 26.49 29.63 27.16 27.60 28.38 28.00 27.39 27.35 27.89 28.80 28.01 28.38 27.40 27.39 28.00 28.18 27.33 27.81 26.30 28.02 30.08 29.22 28.86 27.34 27.84 29.38 28.33 29.37 29.54 27.96 27.62 28.23 28.64 27.73 28.61 29.06 27.34 27.30 28.78 27.96 27.77 28.69 25.66 26.33 28.33 25.63 23.26 23.05 24.48 25.84 26.36
28.95 28.61 29.16 27.19 27.67 28.18 26.91 27.08 24.76 26.61 25.70 25.61 25.14 24.83 24.54 23.97 24.91 24.71 24.31 26.48 26.87 29.33 29.04 28.67 29.04 29.44 26.80 28.33 27.53 27.08 27.24 28.59 27.06 26.71 26.69 27.14 27.32 27.17 25.58 27.02 27.42 28.63 28.62 26.83 25.85 26.81 27.88 29.12 28.49 27.68 28.13 28.64 29.54 28.37 27.24 29.35 27.08 28.81 29.88 28.82 27.48 28.90 28.50 29.18 29.48 26.61 27.43 27.84 25.88 25.52 26.45 24.08 25.56 25.52 25.94 24.84 27.01
29.72 28.59 29.14 27.80 27.20 27.61 28.47 26.70 23.89 26.31 28.52 25.29 24.77 25.56 25.91 26.60 25.69 26.37 26.63 26.90 26.83 28.11 29.27 27.54 28.84 28.61 28.07 28.52 27.73 26.47 27.80 28.54 29.34 26.92 26.99 27.02 26.68 27.20 27.59 26.89 27.58 26.58 28.30 26.96 27.19 27.49 27.52 27.97 29.12 27.97 27.00 27.55 27.96 28.33 27.27 29.17 28.49 28.22 27.28 28.75 27.39 28.37 26.86 27.53 28.29 26.74 26.25 27.29 27.87 27.30 25.39 23.93 24.29 25.62 27.17 27.54 28.08
29.37 28.96 28.82 27.44 28.05 27.42 27.12 26.42 26.84 26.76 28.20 27.36 26.95 25.05 26.44 26.23 25.09 23.45 24.57 26.04 27.65 27.86 28.09 29.03 28.90 28.16 28.59 28.45 28.92 27.20 25.87 28.02 28.27 28.37 26.26 27.02 27.67 26.90 27.27 25.87 26.69 26.71 28.82 28.12 28.29 28.24 28.19 28.01 27.61 26.52 27.91 28.55 27.80 29.12 27.70 27.07 27.47 27.82 28.07 29.33 28.88 27.26 27.54 26.69 28.90 28.36 28.85 26.89 25.96 28.08 26.89 25.80 26.27 26.30 24.90 26.35 27.75
29.70 29.66 28.10 27.30 26.74 27.48 28.10 27.19 25.53 25.65 26.65 27.77 24.96 26.78 27.93 24.87 25.81 25.60 26.73 25.60 26.44 28.22 26.53 28.78 28.60 29.17 28.07 29.12 29.06 26.34 26.69 25.03 26.89 26.99 27.59 29.19 28.53 26.69 27.35 25.88 27.12 27.51 27.90 29.50 27.76 26.12 26.82 27.87 27.63 27.06 26.58 27.13 27.53 28.58 28.89 28.88 28.07 28.05 28.09 28.85 28.51 28.51 29.18 27.87 27.81 26.22 27.20 26.44 24.29 27.10 27.50 26.38 28.19 28.58 25.75 27.84 27.96
29.24 28.53 27.88 27.63 27.57 26.79 29.02 25.79 26.19 24.71 24.98 26.52 26.54 26.23 25.89 24.90 26.04 26.38 26.33 26.38 25.97 26.16 28.25 28.06 29.25 28.15 28.49 29.77 30.05 26.70 28.23 25.56 26.16 27.23 27.31 26.63 26.46 25.96 26.55 27.93 27.25 27.05 27.42 25.81 25.83 26.55 26.80 26.75 26.79 28.83 27.96 27.00 27.89 27.98 28.39 28.81 28.38 25.21 27.17 29.20 28.30 28.61 28.22 27.98 26.49 26.73 26.78 28.10 25.35 26.90 27.25 27.32 29.12 28.09 27.50 27.39 29.12
29.38 28.49 28.38 27.63 27.40 27.84 27.83 26.93 26.69 27.19 25.79 26.41 26.68 27.98 26.57 25.05 24.24 25.97 27.24 27.70 28.93 28.59 27.45 28.00 28.01 27.67 28.37 29.94 27.45 26.39 26.95 27.53 27.94 27.86 28.07 27.26 28.21 26.28 26.38 27.24 27.50 25.96 25.51 26.17 28.31 26.49 27.00 26.66 27.53 27.60 28.33 26.84 25.86 28.95 28.32 27.99 26.12 25.78 28.23 28.02 28.54 29.08 28.85 28.96 28.10 27.55 27.53 27.82 26.87 27.69 27.02 26.58 27.52 27.76 28.32 25.52 24.50
29.64 29.43 29.02 27.77 27.19 27.28 26.84 25.97 26.92 27.02 27.09 26.56 26.43 24.89 26.54 24.97 26.73 27.44 25.41 25.95 27.31 28.65 27.82 27.89 28.24 27.54 28.61 29.54 27.96 26.04 27.18 29.11 28.15 28.96 28.94 27.93 27.82 27.42 26.05 26.53 26.78 25.43 26.09 28.13 26.94 28.48 27.78 26.51 27.01 28.73 28.00 28.13 28.38 29.59 28.02 28.35 27.20 26.68 28.55 26.60 27.90 29.57 27.63 28.63 27.10 26.67 27.53 27.83 27.09 27.17 28.88 27.38 27.46 29.89 29.40 29.90 28.70
29.00 28.96 29.22 28.96 28.14 27.81 27.45 26.72 28.06 27.16 27.57 26.03 27.50 26.82 25.26 25.88 25.58 27.07 26.38 27.57 24.49 27.20 25.57 27.04 27.86 26.60 28.35 29.35 28.67 27.01 27.87 28.13 28.40 27.58 28.10 28.47 26.00 25.68 26.38 27.40 25.10 24.95 27.21 28.04 24.34 25.00 24.00 26.84 27.20 27.68 28.28 28.91 29.04 27.90 27.00 26.42 27.71 27.25 27.53 27.17 28.15 27.37 29.44 29.13 28.94 29.44 28.43 27.93 28.62 27.05 27.03 27.83 28.26 29.21 28.53 25.43 25.74
29.27 29.29 29.50 28.48 28.88 28.14 28.55 27.41 27.65 27.36 28.17 25.65 27.17 27.24 27.37 26.47 25.51 26.86 28.23 27.44 27.06 28.38 26.40 27.04 28.09 28.26 26.95 28.50 27.71 28.19 27.10 28.23 25.88 27.08 27.60 27.86 25.72 26.64 27.49 26.24 24.55 25.06 26.00 26.37 27.25 25.12 25.62 27.62 27.36 28.12 28.89 29.07 29.14 26.56 26.74 27.28 26.12 27.30 26.49 29.06 29.49 28.49 28.57 28.92 26.54 27.02 28.19 29.23 29.56 28.11 28.43 27.14 26.16 27.22 28.58 27.48 28.66
29.83 29.78 29.60 28.92 29.22 28.19 28.60 28.52 27.12 28.09 27.46 26.79 27.85 25.74 26.66 25.33 26.71 26.34 26.87 25.95 28.50 29.14 27.51 26.06 26.07 28.70 27.91 27.82 27.71 26.62 28.09 27.95 25.54 26.83 26.89 26.25 26.70 27.35 28.78 27.47 25.20 26.67 25.47 25.82 27.31 26.50 26.64 27.53 27.00 25.50 27.22 28.21 29.23 28.30 27.37 28.62 28.26 28.55 27.24 28.11 28.91 28.88 27.32 26.89 27.77 26.89 26.43 25.75 26.23 24.99 27.19 27.57 26.60 25.41 26.73 27.83 28.37
30.24 30.50 30.25 28.84 28.34 27.80 28.87 27.74 26.64 27.97 27.62 26.07 26.79 26.01 25.68 26.04 26.10 27.41 27.15 25.43 26.58 27.11 25.43 27.44 27.17 26.06 26.89 27.15 28.01 28.22 27.35 26.23 26.85 27.45 27.33 26.64 27.86 28.38 28.19 29.18 26.85 27.21 27.42 27.68 27.55 27.66 27.68 27.02 27.52 28.52 28.99 29.18 27.05 26.22 27.68 28.83 28.16 27.58 28.13 29.11 28.25 28.15 29.43 28.13 26.19 27.71 27.27 28.86 26.75 24.90 28.08 28.42 28.99 28.61 27.43 25.96 27.21
30.53 30.38 30.00 29.17 28.72 28.71 28.19 28.83 27.98 28.93 27.57 26.51 25.72 26.88 25.86 26.75 27.14 27.48 26.86 25.97 27.63 26.03 24.31 27.10 27.63 26.37 26.67 28.82 28.33 28.56 27.62 26.47 26.33 26.97 28.65 27.11 27.51 28.65 28.67 28.15 27.80 27.24 27.81 26.61 27.34 25.91 27.56 28.88 29.66 28.94 29.64 28.27 27.86 27.44 27.92 28.59 27.46 27.98 27.80 28.68 26.71 26.38 26.38 26.98 26.60 26.19 25.61 28.44 26.94 24.56 26.81 26.24 27.85 29.27 29.01 29.56 27.36
30.46 30.42 30.22 29.98 29.50 29.17 28.16 28.16 28.35 28.40 28.61 27.76 28.04 27.24 25.80 26.94 26.69 24.99 26.53 26.50 27.42 27.53 26.50 28.01 28.84 25.75 27.15 28.45 27.59 27.30 28.01 28.11 27.07 27.19 28.96 27.13 27.10 28.78 28.51 28.17 28.77 28.66 30.38 29.33 29.00 27.88 27.11 29.15 28.39 27.02 29.00 29.52 28.71 27.75 29.92 29.56 28.16 28.81 27.07 26.35 27.07 27.47 27.51 26.70 27.98 28.94 27.62 29.64 28.61 28.70 28.83 28.61 27.04 28.76 28.45 29.43 27.44
30.49 30.55 30.41 30.15 30.24 29.56 29.05 28.52 28.55 27.64 27.06 27.09 26.16 28.33 27.50 27.43 26.66 26.76 28.02 26.10 25.87 27.62 28.26 27.89 29.17 26.55 28.61 30.43 29.63 28.04 25.81 28.81 27.03 26.93 27.59 25.76 29.06 28.45 27.62 26.74 28.27 29.01 30.05 28.63 29.48 28.32 28.60 28.01 28.13 28.61 28.86 27.34 29.11 28.95 28.21 27.98 28.23 27.26 26.76 24.33 27.54 26.82 25.73 25.82 25.59 26.39 27.24 27.86 25.77 27.48 28.76 28.56 28.60 29.89 30.00 28.52 28.63
30.65 30.63 30.57 30.50 30.17 29.90 29.38 28.80 28.37 27.84 26.79 27.81 26.31 26.53 25.13 26.05 27.81 27.96 27.15 25.36 27.71 28.30 28.45 28.08 26.40 27.51 27.11 28.88 29.16 28.54 26.67 28.70 28.25 27.18 27.26 26.40 27.92 27.58 28.55 27.61 27.07 28.82 28.34 29.09 28.59 28.11 28.04 28.28 28.28 27.74 29.98 29.02 29.72 29.35 27.00 27.58 27.17 27.19 27.04 26.16 26.18 25.33 26.36 26.64 27.93 27.47 27.07 28.62 27.71 28.83 28.69 28.37 27.06 27.27 28.98 28.00 27.23
30.76 30.60 30.63 30.61 30.32 29.91 29.69 29.11 28.54 28.63 29.03 26.52 26.98 25.94 25.36 26.80 28.40 26.36 28.86 27.14 27.15 28.69 29.10 30.09 28.02 27.83 28.15 26.69 28.09 29.23 29.31 28.81 28.01 27.98 27.94 26.87 27.08 26.97 26.21 28.06 27.12 29.20 26.74 29.14 30.23 28.63 28.13 28.21 29.19 27.35 29.01 28.94 28.35 27.85 28.76 28.64 28.11 28.61 27.98 25.89 24.28 26.61 26.89 26.50 27.32 28.27 26.99 24.81 24.91 26.06 26.86 27.09 27.42 27.37 27.95 28.12 28.82
30.73 30.65 30.37 30.70 30.28 30.45 29.68 28.86 28.39 28.55 28.54 28.82 27.44 26.31 26.64 26.06 26.80 26.91 28.12 27.53 27.99 27.20 27.29 29.45 29.93 29.24 27.67 26.14 27.43 29.48 28.76 27.47 27.23 27.47 27.45 27.39 27.59 27.37 26.18 26.35 27.77 28.13 27.29 28.31 28.16 28.05 29.35 28.28 28.11 28.57 29.45 28.54 27.99 28.79 28.97 29.09 28.46 27.84 26.73 24.99 24.59 26.27 26.69 27.14 27.47 28.11 26.92 24.48 22.86 26.14 23.80 24.40 26.62 25.80 26.11 26.04 28.25
30.71 30.70 30.65 30.69 30.53 30.43 29.76 29.73 29.31 28.94 28.93 28.89 26.98 25.88 26.65 26.62 26.10 27.85 26.17 26.67 27.45 27.67 28.31 27.51 29.36 27.81 26.13 27.54 27.78 29.54 29.17 27.55 28.15 27.53 27.27 27.26 26.08 27.31 26.36 27.70 28.32 27.95 28.45 27.38 27.45 27.58 27.61 28.37 26.85 29.10 28.51 27.33 28.33 28.86 28.72 28.29 28.40 27.55 27.62 24.87 26.44 28.13 26.80 27.38 28.28 26.75 24.81 25.98 26.86 26.29 23.44 24.89 25.61 27.65 25.99 27.98 26.81
30.70 30.65 30.60 30.43 30.45 30.40 29.87 29.21 28.71 28.85 28.54 27.84 28.11 27.73 27.23 28.62 26.91 25.98 26.67 26.45 26.82 24.70 27.14 28.27 28.57 28.02 26.91 27.78 28.17 28.03 29.64 28.33 28.92 27.58 27.78 27.66 27.04 29.46 26.76 26.22 27.98 28.03 28.37 27.32 27.75 27.85 28.32 28.47 27.52 27.62 26.63 27.79 28.63 28.41 27.53 27.31 27.45 28.05 27.32 26.54 25.86 27.27 26.58 27.97 28.32 26.39 26.39 26.47 26.74 27.04 24.62 26.95 25.80 26.61 27.44 27.61 27.61
30.85 30.88 30.53 30.57 30.56 30.53 29.87 29.34 29.16 29.17 28.60 27.64 27.73 27.78 27.42 27.95 27.48 27.79 28.01 26.79 26.99 25.68 26.25 28.18 26.93 29.25 28.00 28.60 29.27 28.59 28.29 28.19 27.95 28.14 27.43 25.47 26.00 26.05 27.99 27.42 26.13 27.82 27.88 27.93 27.82 27.45 27.66 27.44 28.61 26.84 26.32 26.96 28.03 26.07 28.73 26.72 27.31 26.70 26.40 24.85 25.95 26.21 26.10 26.57 25.71 27.83 25.56 26.35 27.56 26.46 26.14 25.45 26.80 27.80 27.69 27.18 26.84
30.93 31.01 30.94 30.71 30.48 30.44 30.36 29.40 29.45 29.32 28.59 28.04 28.58 29.03 28.29 27.49 28.25 28.35 29.41 27.94 25.72 25.97 26.02 27.44 26.51 26.25 26.93 28.50 28.92 29.22 28.93 28.77 28.26 27.46 28.62 28.15 26.08 27.55 29.59 29.28 28.38 27.79 27.24 27.50 28.40 27.32 28.40 28.59 28.57 25.96 24.84 23.72 25.92 27.23 27.26 26.35 25.29 26.56 27.10 27.36 25.61 26.10 27.60 28.07 26.75 26.91 26.42 27.91 25.55 26.04 26.84 26.67 27.73 29.70 27.19 23.77 23.43
30.65 30.98 31.03 31.09 30.68 30.36 30.46 29.91 29.72 29.73 29.18 28.62 28.69 29.41 28.59 28.58 28.57 29.72 28.97 28.50 27.33 25.67 26.19 28.22 28.99 27.40 28.75 28.45 27.66 26.78 26.25 27.43 28.32 27.38 27.81 28.21 26.31 26.67 27.30 29.33 28.44 29.54 28.77 26.45 27.24 28.90 29.18 28.72 28.29 24.70 23.47 23.33 25.28 26.88 27.74 24.07 23.47 23.67 25.79 25.10 24.37 27.01 28.93 28.12 27.37 26.89 27.57 27.25 25.48 26.70 27.76 27.84 29.65 28.18 24.84 21.11 18.97
30.91 30.80 30.63 30.99 30.96 31.08 30.57 30.22 30.23 30.03 29.76 29.90 29.00 29.21 29.99 29.44 29.26 28.45 27.76 26.98 27.34 27.02 27.09 27.61 28.11 29.04 28.10 28.13 28.33 27.11 27.17 27.62 28.22 28.53 26.81 28.83 27.16 28.86 28.66 28.82 27.26 25.87 28.08 27.29 27.10 27.78 26.31 27.76 28.14 24.44 23.62 24.72 26.54 28.22 26.56 24.14 23.44 23.97 25.41 23.38 23.77 27.13 27.19 27.33 24.83 26.81 26.67 26.35 28.18 28.70 28.54 29.04 27.90 26.25 22.98 21.40 20.11
31.02 30.87 30.44 30.78 31.00 30.89 30.85 30.34 30.33 30.08 30.05 29.97 30.13 29.87 30.05 29.97 28.80 28.39 28.22 27.70 26.61 26.24 27.65 27.19 26.46 26.37 28.41 27.86 27.35 27.15 28.44 28.28 28.14 27.44 28.17 26.10 25.94 27.23 27.34 28.33 28.59 26.87 28.08 28.02 26.81 27.19 27.45 28.45 27.73 25.69 26.17 27.64 28.01 27.64 24.79 24.53 24.99 25.17 25.76 23.99 26.86 26.49 27.03 25.81 25.47 26.75 28.27 28.11 28.90 29.16 28.65 28.78 26.59 25.43 24.10 21.83 22.80
31.04 31.12 30.99 30.82 30.91 30.92 30.86 30.96 30.30 30.46 30.09 30.11 30.42 30.27 30.56 29.69 29.91 29.05 28.37 27.86 27.50 27.05 28.59 28.25 27.17 27.76 27.55 28.28 27.30 26.88 27.45 28.05 28.62 28.97 27.79 26.89 26.31 27.24 28.66 29.17 28.31 27.63 28.80 27.49 25.94 27.49 29.20 28.30 28.41 27.48 27.82 27.88 27.78 26.68 25.45 23.36 27.81 27.87 26.21 27.67 27.59 24.79 27.01 26.60 26.15 27.59 27.37 29.14 28.80 28.52 28.41 28.76 28.19 26.20 25.13 23.41 20.06
30.94 31.01 31.09 30.92 30.99 30.48 30.76 30.96 30.86 30.71 30.69 30.57 30.48 30.60 30.04 30.08 30.11 29.38 28.77 28.58 29.30 28.29 28.81 28.11 29.47 27.65 27.45 27.23 27.32 26.01 26.69 28.20 28.48 27.36 25.55 28.11 25.94 27.81 26.62 29.48 29.33 27.35 26.35 28.13 27.89 27.58 27.33 27.57 28.59 27.03 27.86 27.25 29.82 27.19 26.44 26.46 29.06 29.59 26.30 28.04 27.36 27.06 27.49 27.47 26.11 28.12 28.84 29.92 29.27 27.49 27.39 27.48 28.36 26.96 27.08 23.07 22.66
30.92 30.90 30.92 30.92 30.79 30.82 30.86 30.99 30.70 30.36 30.32 30.34 30.33 30.45 30.50 30.48 30.26 30.25 29.47 29.35 29.38 29.22 28.86 27.49 27.83 29.74 28.64 26.67 27.01 28.29 29.20 28.42 27.83 29.03 28.03 29.64 27.28 27.59 27.28 27.35 29.06 27.46 26.74 28.93 27.98 29.87 28.21 28.73 28.21 28.13 27.09 26.20 28.66 27.63 26.53 27.50 28.49 27.90 28.78 26.50 28.32 27.51 26.93 25.35 27.02 29.69 30.07 28.04 24.97 24.20 24.60 25.33 25.18 26.74 27.47 24.32 24.13
30.79 30.81 30.78 30.82 30.85 30.92 31.02 31.10 31.07 30.80 30.93 30.28 30.70 30.71 30.64 30.40 30.78 30.63 30.95 30.26 29.26 29.12 28.17 27.63 27.75 28.12 27.31 26.58 25.42 27.53 28.86 28.83 28.86 28.07 26.20 29.01 28.28 27.71 27.22 27.33 27.70 28.12 27.09 28.28 29.33 26.46 27.85 28.73 27.54 27.41 28.03 28.54 28.28 27.86 26.58 28.13 27.99 26.96 27.10 27.16 27.76 27.56 27.75 25.85 27.82 29.78 28.14 25.43 22.68 21.71 21.96 23.41 23.55 25.95 25.30 24.57 24.43
30.67 30.78 30.81 30.82 30.91 30.89 30.94 30.90 30.83 30.96 31.05 30.75 31.08 30.90 31.02 30.73 30.73 31.02 30.40 30.13 30.40 29.40 29.30 28.17 28.51 28.01 27.06 28.29 26.90 27.70 27.89 28.55 27.76 28.44 27.48 27.48 28.30 27.54 26.97 28.33 27.03 29.38 27.62 27.60 27.07 27.74 27.49 28.07 27.85 26.97 27.30 27.16 27.06 27.69 26.74 29.20 27.99 28.31 27.60 27.69 27.95 28.97 29.54 28.72 29.82 29.38 28.85 26.03 24.35 24.11 21.95 23.88 25.13 25.83 24.14 24.10 25.89
