main/data/irradiance/12.07.2023.grid
ncols 839
nrows 679
xllcenter 112.0500
yllcenter -43.9500
cellsize 0.0500
nodata_value 99999.90
[rows 238 to 271 of 679, columns 308 to 384 of 839]
16.98 16.97 16.97 16.96 16.98 16.98 16.98 17.00 16.99 16.98 16.97 16.98 16.98 16.99 16.99 16.99 16.98 16.97 16.97 16.97 16.98 16.98 16.99 16.98 16.98 16.98 16.97 16.97 16.97 16.99 17.00 17.00 16.99 16.99 16.98 16.99 16.99 16.99 16.99 16.99 16.99 16.98 16.99 17.00 17.00 17.00 16.97 16.97 16.96 16.97 16.97 16.98 16.98 16.98 16.98 16.98 16.97 16.96 16.96 16.96 16.94 16.93 16.94 16.93 16.96 16.95 16.95 16.95 16.95 16.95 16.95 16.94 16.94 16.94 16.91 16.91 16.92
16.95 16.94 16.94 16.94 16.94 16.94 16.94 16.95 16.95 16.95 16.95 16.96 16.97 16.97 16.97 16.97 16.96 16.96 16.96 16.98 16.96 16.97 16.97 16.97 16.96 16.97 16.96 16.96 16.97 16.97 16.98 17.01 17.00 16.97 16.96 16.97 16.97 16.97 16.96 16.96 16.97 16.97 16.98 16.99 16.98 16.98 16.98 16.95 16.95 16.94 16.94 16.94 16.95 16.95 16.94 16.93 16.92 16.95 16.95 16.94 16.93 16.93 16.93 16.91 16.94 16.93 16.92 16.92 16.93 16.93 16.92 16.91 16.92 16.91 16.88 16.89 16.89
16.93 16.93 16.94 16.93 16.92 16.93 16.93 16.92 16.93 16.94 16.93 16.93 16.95 16.95 16.95 16.95 16.95 16.94 16.94 16.94 16.95 16.96 16.96 16.96 16.96 16.95 16.95 16.96 16.95 16.96 16.99 17.11 17.01 17.04 17.01 16.98 16.96 16.95 16.94 16.94 16.95 16.95 16.96 16.95 16.96 16.96 16.95 16.93 16.93 16.93 16.93 16.92 16.92 16.93 16.91 16.90 16.90 16.92 16.93 16.92 16.90 16.90 16.89 16.88 16.89 16.87 16.89 16.89 16.90 16.88 16.87 16.88 16.88 16.87 16.87 16.87 16.88
16.92 16.91 16.90 16.91 16.91 16.90 16.90 16.91 16.91 16.91 16.91 16.91 16.91 16.91 16.91 16.92 16.92 16.93 16.93 16.92 16.94 16.94 16.95 16.95 16.95 16.94 16.93 16.93 16.93 16.96 17.09 16.97 17.04 16.99 16.96 16.94 16.93 16.93 16.93 16.93 16.94 16.93 16.94 16.94 16.95 16.95 16.93 16.93 16.90 16.90 16.91 16.91 16.90 16.90 16.90 16.89 16.89 16.90 16.90 16.88 16.86 16.85 16.85 16.86 16.86 16.86 16.87 16.87 16.86 16.83 16.85 16.83 16.84 16.84 16.85 16.85 16.85
16.88 16.88 16.88 16.89 16.90 16.88 16.87 16.89 16.90 16.90 16.89 16.89 16.90 16.89 16.89 16.88 16.88 16.89 16.91 16.91 16.89 16.89 16.89 16.89 16.90 16.91 16.91 16.90 16.92 17.01 16.95 16.98 17.03 16.95 16.90 16.90 16.91 16.91 16.92 16.92 16.91 16.90 16.91 16.92 16.93 16.92 16.91 16.90 16.88 16.87 16.88 16.88 16.88 16.87 16.88 16.87 16.87 16.87 16.87 16.85 16.86 16.84 16.83 16.83 16.84 16.83 16.84 16.84 16.84 16.83 16.84 16.81 16.81 16.82 16.83 16.82 16.83
16.87 16.86 16.87 16.88 16.86 16.86 16.86 16.87 16.87 16.87 16.86 16.86 16.87 16.87 16.87 16.86 16.86 16.87 16.87 16.88 16.88 16.87 16.88 16.87 16.88 16.88 16.88 16.91 17.04 17.04 17.03 16.98 16.95 16.90 16.88 16.87 16.88 16.88 16.88 16.89 16.88 16.88 16.89 16.90 16.91 16.90 16.89 16.89 16.88 16.85 16.86 16.86 16.84 16.84 16.83 16.84 16.84 16.84 16.84 16.84 16.85 16.84 16.83 16.84 16.83 16.83 16.84 16.82 16.83 16.81 16.81 16.81 16.82 16.83 16.83 16.85 16.82
16.86 16.85 16.85 16.86 16.85 16.86 16.86 16.86 16.86 16.86 16.86 16.84 16.85 16.85 16.85 16.85 16.85 16.85 16.85 16.85 16.87 16.86 16.86 16.86 16.85 16.86 16.90 16.93 16.96 17.01 16.92 16.97 16.90 16.87 16.86 16.86 16.86 16.86 16.86 16.86 16.87 16.87 16.87 16.87 16.88 16.88 16.87 16.87 16.87 16.84 16.84 16.83 16.83 16.82 16.81 16.81 16.82 16.82 16.81 16.83 16.83 16.82 16.82 16.82 16.83 16.82 16.81 16.80 16.80 16.81 16.81 16.80 16.80 16.80 16.80 16.81 16.80
16.84 16.83 16.85 16.85 16.84 16.84 16.84 16.83 16.84 16.84 16.85 16.83 16.82 16.83 16.84 16.83 16.84 16.83 16.84 16.84 16.85 16.85 16.85 16.85 16.88 16.99 16.93 16.93 17.02 16.89 17.01 16.95 16.92 16.84 16.84 16.85 16.85 16.85 16.84 16.85 16.84 16.85 16.85 16.84 16.85 16.85 16.85 16.85 16.85 16.85 16.82 16.82 16.81 16.80 16.79 16.79 16.80 16.79 16.77 16.77 16.79 16.81 16.81 16.80 16.81 16.80 16.78 16.79 16.78 16.77 16.78 16.78 16.77 16.77 16.76 16.79 16.79
16.81 16.80 16.82 16.83 16.82 16.82 16.82 16.80 16.81 16.82 16.82 16.81 16.80 16.81 16.81 16.81 16.81 16.82 16.82 16.82 16.86 16.97 16.88 16.88 16.97 16.95 16.84 16.84 16.87 16.97 16.92 16.95 16.91 16.90 16.87 16.83 16.82 16.83 16.83 16.83 16.84 16.84 16.83 16.82 16.82 16.82 16.81 16.82 16.82 16.81 16.78 16.77 16.78 16.77 16.77 16.76 16.76 16.76 16.75 16.74 16.77 16.78 16.78 16.77 16.78 16.78 16.77 16.76 16.76 16.76 16.78 16.78 16.78 16.78 16.76 16.76 16.77
16.79 16.80 16.81 16.82 16.81 16.81 16.81 16.80 16.80 16.81 16.79 16.79 16.78 16.79 16.80 16.79 16.78 16.79 16.82 16.81 16.86 16.97 16.98 16.94 16.92 16.85 16.91 16.95 16.96 16.91 16.87 16.96 16.95 16.90 16.87 16.84 16.79 16.79 16.80 16.80 16.80 16.80 16.79 16.79 16.79 16.80 16.81 16.80 16.80 16.79 16.78 16.76 16.77 16.76 16.75 16.75 16.74 16.75 16.74 16.76 16.74 16.76 16.74 16.75 16.77 16.74 16.74 16.75 16.73 16.74 16.75 16.76 16.77 16.76 16.76 16.75 16.74
16.78 16.78 16.78 16.79 16.78 16.78 16.78 16.78 16.77 16.77 16.78 16.79 16.77 16.77 16.78 16.78 16.77 16.85 16.84 16.78 16.86 16.93 16.91 16.88 16.81 16.83 16.90 16.91 16.89 16.93 16.92 16.91 16.91 16.85 16.77 16.78 16.77 16.77 16.76 16.77 16.77 16.78 16.77 16.78 16.78 16.79 16.79 16.79 16.78 16.76 16.77 16.77 16.74 16.74 16.73 16.71 16.72 16.72 16.74 16.74 16.71 16.73 16.73 16.73 16.73 16.73 16.74 16.74 16.74 16.74 16.75 16.75 16.76 16.75 16.75 16.74 16.72
16.76 16.76 16.76 16.76 16.75 16.76 16.77 16.76 16.76 16.75 16.76 16.77 16.77 16.76 16.77 16.77 16.77 16.76 16.89 16.92 16.84 16.86 16.87 16.83 16.80 16.87 16.88 16.91 16.91 16.88 16.88 16.92 16.87 16.86 16.74 16.74 16.74 16.75 16.73 16.73 16.74 16.74 16.75 16.76 16.75 16.75 16.76 16.76 16.75 16.75 16.76 16.75 16.72 16.71 16.71 16.71 16.72 16.72 16.71 16.72 16.70 16.72 16.71 16.71 16.73 16.73 16.72 16.72 16.73 16.73 16.72 16.72 16.73 16.73 16.73 16.72 16.72
16.74 16.74 16.74 16.74 16.73 16.72 16.72 16.73 16.73 16.73 16.72 16.73 16.74 16.74 16.81 16.80 16.79 16.75 16.78 16.80 16.85 16.83 16.79 16.78 16.77 16.86 16.80 16.86 16.86 16.84 16.81 16.79 16.80 16.82 16.72 16.70 16.71 16.72 16.71 16.71 16.71 16.72 16.72 16.72 16.72 16.72 16.73 16.74 16.74 16.73 16.74 16.73 16.70 16.69 16.69 16.69 16.70 16.71 16.72 16.71 16.70 16.70 16.69 16.69 16.70 16.71 16.70 16.70 16.71 16.72 16.71 16.70 16.70 16.69 16.69 16.70 16.70
16.73 16.72 16.73 16.73 16.71 16.70 16.71 16.71 16.71 16.71 16.71 16.72 16.72 16.72 16.72 16.70 16.71 16.76 16.87 16.75 16.76 16.86 16.80 16.83 16.87 16.83 16.84 16.77 16.83 16.80 16.80 16.76 16.73 16.71 16.70 16.70 16.69 16.70 16.69 16.69 16.69 16.69 16.69 16.70 16.70 16.70 16.71 16.71 16.71 16.72 16.72 16.71 16.71 16.68 16.68 16.68 16.69 16.70 16.71 16.71 16.69 16.69 16.69 16.68 16.69 16.69 16.69 16.69 16.68 16.67 16.67 16.68 16.68 16.67 16.66 16.67 16.68
16.69 16.70 16.70 16.70 16.70 16.70 16.69 16.69 16.69 16.68 16.69 16.69 16.69 16.69 16.69 16.69 16.70 16.70 16.70 16.71 16.71 16.76 16.83 16.85 16.79 16.80 16.86 16.80 16.76 16.75 16.70 16.68 16.68 16.66 16.68 16.67 16.67 16.67 16.67 16.68 16.68 16.68 16.68 16.68 16.69 16.70 16.69 16.69 16.69 16.69 16.69 16.69 16.70 16.69 16.67 16.67 16.67 16.68 16.69 16.68 16.67 16.65 16.65 16.66 16.67 16.67 16.66 16.65 16.65 16.64 16.65 16.65 16.66 16.65 16.64 16.66 16.66
16.68 16.67 16.67 16.67 16.67 16.67 16.67 16.67 16.67 16.67 16.68 16.68 16.68 16.67 16.67 16.67 16.68 16.68 16.68 16.66 16.67 16.67 16.67 16.67 16.67 16.69 16.73 16.73 16.71 16.70 16.68 16.67 16.69 16.67 16.66 16.65 16.65 16.65 16.65 16.66 16.66 16.66 16.66 16.66 16.66 16.66 16.64 16.64 16.64 16.65 16.65 16.64 16.66 16.66 16.65 16.65 16.64 16.64 16.66 16.65 16.65 16.63 16.63 16.63 16.63 16.65 16.64 16.63 16.62 16.61 16.62 16.63 16.63 16.62 16.62 16.61 16.62
16.66 16.65 16.65 16.65 16.66 16.66 16.66 16.65 16.66 16.65 16.65 16.66 16.65 16.66 16.66 16.65 16.66 16.65 16.66 16.64 16.65 16.64 16.63 16.64 16.64 16.65 16.65 16.66 16.65 16.65 16.66 16.65 16.66 16.65 16.64 16.63 16.62 16.62 16.63 16.62 16.63 16.63 16.63 16.63 16.62 16.62 16.63 16.64 16.64 16.64 16.64 16.63 16.64 16.65 16.65 16.62 16.62 16.63 16.63 16.62 16.61 16.61 16.61 16.60 16.61 16.61 16.61 16.60 16.58 16.59 16.60 16.59 16.60 16.60 16.58 16.59 16.59
16.62 16.62 16.62 16.62 16.63 16.62 16.62 16.62 16.63 16.63 16.64 16.64 16.64 16.64 16.64 16.64 16.63 16.63 16.63 16.63 16.63 16.63 16.63 16.62 16.62 16.62 16.62 16.62 16.62 16.63 16.62 16.63 16.62 16.61 16.62 16.61 16.60 16.61 16.61 16.62 16.63 16.63 16.63 16.64 16.63 16.63 16.62 16.62 16.60 16.61 16.61 16.60 16.61 16.61 16.61 16.59 16.59 16.59 16.59 16.60 16.59 16.58 16.58 16.58 16.57 16.58 16.59 16.58 16.57 16.56 16.58 16.70 16.64 16.58 16.58 16.60 16.59
16.60 16.60 16.60 16.60 16.61 16.60 16.62 16.63 16.62 16.62 16.62 16.62 16.63 16.62 16.61 16.61 16.62 16.61 16.61 16.62 16.61 16.61 16.61 16.61 16.60 16.60 16.61 16.61 16.61 16.60 16.61 16.60 16.60 16.60 16.60 16.60 16.60 16.59 16.59 16.60 16.60 16.60 16.60 16.59 16.60 16.61 16.61 16.61 16.61 16.61 16.61 16.60 16.60 16.60 16.58 16.59 16.56 16.56 16.57 16.57 16.56 16.56 16.57 16.58 16.58 16.56 16.55 16.55 16.55 16.54 16.55 16.64 16.65 16.55 16.55 16.59 16.61
16.58 16.58 16.58 16.58 16.58 16.58 16.58 16.59 16.59 16.59 16.59 16.60 16.60 16.59 16.59 16.59 16.60 16.60 16.59 16.60 16.60 16.59 16.59 16.58 16.58 16.59 16.59 16.59 16.58 16.58 16.58 16.57 16.56 16.56 16.56 16.57 16.57 16.57 16.57 16.57 16.58 16.58 16.58 16.58 16.59 16.60 16.59 16.58 16.59 16.59 16.59 16.60 16.57 16.57 16.56 16.55 16.53 16.54 16.55 16.55 16.55 16.55 16.54 16.54 16.54 16.53 16.52 16.51 16.53 16.52 16.53 16.59 16.54 16.50 16.50 16.53 16.53
16.56 16.57 16.57 16.56 16.56 16.56 16.56 16.58 16.58 16.57 16.57 16.57 16.57 16.57 16.58 16.58 16.57 16.57 16.56 16.57 16.57 16.57 16.56 16.56 16.55 16.56 16.56 16.56 16.56 16.56 16.57 16.56 16.56 16.55 16.55 16.56 16.55 16.55 16.56 16.56 16.55 16.55 16.56 16.56 16.56 16.56 16.56 16.56 16.56 16.56 16.56 16.56 16.56 16.56 16.55 16.54 16.54 16.53 16.53 16.52 16.53 16.52 16.52 16.52 16.52 16.50 16.47 16.48 16.51 16.50 16.51 16.53 16.51 16.49 16.49 16.49 16.50
16.55 16.55 16.55 16.54 16.55 16.55 16.55 16.55 16.54 16.53 16.54 16.53 16.53 16.54 16.54 16.55 16.56 16.56 16.56 16.56 16.56 16.55 16.54 16.54 16.54 16.55 16.55 16.55 16.54 16.54 16.54 16.54 16.54 16.54 16.53 16.54 16.54 16.54 16.53 16.54 16.53 16.54 16.54 16.54 16.54 16.55 16.55 16.55 16.52 16.53 16.54 16.55 16.55 16.55 16.53 16.53 16.53 16.51 16.52 16.52 16.51 16.49 16.48 16.49 16.49 16.48 16.47 16.48 16.50 16.49 16.49 16.50 16.51 16.52 16.51 16.51 16.51
16.53 16.51 16.51 16.51 16.52 16.52 16.54 16.54 16.53 16.52 16.51 16.51 16.52 16.51 16.51 16.54 16.53 16.54 16.53 16.54 16.53 16.52 16.52 16.52 16.52 16.52 16.52 16.52 16.53 16.52 16.52 16.52 16.52 16.52 16.53 16.51 16.53 16.53 16.52 16.53 16.52 16.52 16.52 16.53 16.52 16.53 16.52 16.51 16.49 16.49 16.51 16.51 16.50 16.53 16.52 16.50 16.52 16.52 16.50 16.51 16.51 16.49 16.48 16.46 16.47 16.46 16.47 16.47 16.48 16.47 16.48 16.48 16.49 16.48 16.49 16.50 16.50
16.50 16.49 16.50 16.49 16.50 16.50 16.51 16.52 16.52 16.52 16.52 16.50 16.49 16.50 16.50 16.49 16.49 16.49 16.50 16.50 16.52 16.51 16.49 16.50 16.50 16.49 16.50 16.51 16.51 16.52 16.51 16.50 16.50 16.50 16.49 16.49 16.51 16.50 16.51 16.50 16.49 16.49 16.48 16.48 16.47 16.48 16.49 16.50 16.49 16.50 16.49 16.49 16.46 16.49 16.49 16.48 16.48 16.48 16.46 16.48 16.49 16.48 16.47 16.45 16.45 16.45 16.45 16.47 16.46 16.44 16.45 16.45 16.46 16.45 16.46 16.48 16.49
16.47 16.47 16.48 16.45 16.47 16.47 16.47 16.50 16.49 16.49 16.49 16.49 16.49 16.49 16.49 16.49 16.49 16.48 16.48 16.49 16.48 16.48 16.49 16.47 16.46 16.47 16.48 16.48 16.48 16.48 16.49 16.47 16.47 16.47 16.47 16.47 16.47 16.49 16.49 16.50 16.48 16.48 16.48 16.46 16.45 16.47 16.48 16.48 16.48 16.47 16.46 16.46 16.44 16.46 16.46 16.44 16.44 16.44 16.45 16.43 16.43 16.44 16.44 16.45 16.45 16.42 16.42 16.45 16.45 16.43 16.44 16.43 16.45 16.44 16.44 16.44 16.47
16.45 16.46 16.45 16.41 16.40 16.45 16.49 16.48 16.45 16.46 16.47 16.46 16.47 16.48 16.47 16.47 16.47 16.46 16.46 16.45 16.45 16.46 16.46 16.44 16.45 16.46 16.47 16.47 16.48 16.47 16.46 16.47 16.47 16.46 16.47 16.45 16.45 16.46 16.46 16.47 16.47 16.46 16.47 16.46 16.46 16.47 16.46 16.46 16.45 16.45 16.45 16.46 16.46 16.44 16.43 16.42 16.42 16.43 16.44 16.41 16.41 16.42 16.42 16.42 16.42 16.40 16.39 16.39 16.39 16.39 16.40 16.40 16.41 16.42 16.41 16.41 16.43
16.44 16.44 16.44 16.46 16.42 16.45 16.43 16.43 16.45 16.45 16.45 16.45 16.44 16.45 16.45 16.45 16.45 16.46 16.45 16.44 16.44 16.45 16.44 16.43 16.43 16.44 16.44 16.44 16.45 16.45 16.44 16.43 16.45 16.45 16.45 16.43 16.43 16.44 16.45 16.44 16.43 16.44 16.44 16.45 16.44 16.44 16.45 16.45 16.45 16.45 16.43 16.43 16.43 16.41 16.40 16.41 16.41 16.41 16.41 16.40 16.38 16.41 16.41 16.42 16.41 16.40 16.39 16.38 16.37 16.37 16.39 16.40 16.39 16.39 16.38 16.40 16.42
16.42 16.43 16.42 16.43 16.42 16.42 16.42 16.42 16.43 16.42 16.42 16.43 16.42 16.42 16.42 16.43 16.44 16.43 16.42 16.42 16.41 16.41 16.40 16.39 16.40 16.40 16.40 16.41 16.41 16.42 16.42 16.41 16.42 16.42 16.42 16.41 16.41 16.41 16.41 16.40 16.40 16.42 16.42 16.41 16.41 16.41 16.41 16.41 16.42 16.42 16.41 16.40 16.39 16.40 16.40 16.39 16.39 16.39 16.39 16.38 16.39 16.38 16.38 16.40 16.39 16.39 16.40 16.37 16.38 16.37 16.37 16.36 16.38 16.37 16.35 16.37 16.41
16.41 16.40 16.40 16.40 16.39 16.39 16.38 16.40 16.41 16.39 16.40 16.39 16.39 16.40 16.40 16.40 16.40 16.40 16.40 16.40 16.40 16.40 16.39 16.36 16.39 16.41 16.41 16.39 16.39 16.39 16.39 16.38 16.38 16.38 16.38 16.39 16.39 16.39 16.37 16.37 16.39 16.39 16.38 16.38 16.38 16.39 16.39 16.39 16.40 16.40 16.39 16.39 16.38 16.38 16.38 16.38 16.38 16.36 16.36 16.36 16.37 16.35 16.35 16.36 16.36 16.35 16.35 16.35 16.36 16.37 16.36 16.34 16.36 16.36 16.34 16.35 16.36
16.36 16.35 16.37 16.36 16.35 16.36 16.37 16.37 16.37 16.37 16.37 16.37 16.38 16.40 16.40 16.38 16.38 16.39 16.39 16.39 16.38 16.38 16.36 16.34 16.36 16.39 16.38 16.39 16.38 16.39 16.45 16.44 16.39 16.37 16.37 16.38 16.39 16.38 16.37 16.38 16.38 16.37 16.37 16.37 16.37 16.36 16.37 16.38 16.39 16.38 16.36 16.36 16.35 16.35 16.35 16.37 16.37 16.36 16.34 16.35 16.35 16.35 16.33 16.33 16.35 16.36 16.35 16.33 16.33 16.33 16.34 16.34 16.34 16.34 16.34 16.34 16.33
16.36 16.37 16.35 16.34 16.35 16.36 16.36 16.35 16.36 16.35 16.35 16.37 16.37 16.37 16.36 16.36 16.36 16.36 16.36 16.36 16.36 16.35 16.33 16.36 16.40 16.40 16.42 16.41 16.42 16.46 16.47 16.50 16.42 16.37 16.36 16.36 16.37 16.36 16.35 16.36 16.35 16.35 16.35 16.36 16.36 16.35 16.36 16.36 16.37 16.37 16.35 16.35 16.35 16.34 16.34 16.34 16.34 16.35 16.34 16.34 16.33 16.34 16.30 16.29 16.30 16.33 16.33 16.31 16.29 16.29 16.28 16.30 16.33 16.32 16.31 16.31 16.30
16.35 16.34 16.33 16.32 16.32 16.34 16.34 16.33 16.33 16.32 16.34 16.34 16.36 16.35 16.34 16.33 16.34 16.33 16.33 16.33 16.33 16.33 16.34 16.35 16.35 16.33 16.35 16.37 16.40 16.43 16.41 16.44 16.36 16.34 16.34 16.34 16.32 16.35 16.34 16.33 16.33 16.34 16.34 16.33 16.34 16.33 16.34 16.34 16.34 16.34 16.34 16.33 16.32 16.32 16.32 16.31 16.32 16.31 16.31 16.32 16.32 16.33 16.31 16.26 16.27 16.29 16.27 16.28 16.27 16.27 16.29 16.31 16.31 16.30 16.30 16.30 16.29
16.31 16.30 16.31 16.31 16.31 16.30 16.30 16.30 16.31 16.31 16.32 16.32 16.34 16.34 16.34 16.33 16.33 16.32 16.31 16.30 16.30 16.30 16.30 16.29 16.29 16.28 16.29 16.30 16.32 16.38 16.38 16.42 16.33 16.30 16.31 16.34 16.32 16.33 16.33 16.32 16.32 16.31 16.32 16.31 16.29 16.30 16.30 16.30 16.30 16.31 16.31 16.30 16.29 16.29 16.29 16.29 16.30 16.29 16.30 16.29 16.29 16.29 16.30 16.26 16.27 16.26 16.26 16.27 16.26 16.24 16.25 16.25 16.26 16.27 16.28 16.26 16.24
16.29 16.29 16.29 16.29 16.30 16.29 16.26 16.27 16.29 16.29 16.30 16.31 16.32 16.32 16.31 16.31 16.30 16.29 16.30 16.29 16.27 16.27 16.28 16.29 16.29 16.26 16.27 16.28 16.28 16.28 16.29 16.27 16.29 16.29 16.29 16.29 16.30 16.31 16.30 16.28 16.29 16.29 16.28 16.29 16.29 16.28 16.27 16.26 16.28 16.30 16.29 16.29 16.28 16.27 16.27 16.28 16.29 16.28 16.27 16.26 16.26 16.25 16.26 16.27 16.25 16.24 16.25 16.26 16.26 16.25 16.23 16.23 16.23 16.23 16.23 16.22 16.23
