main/data/irradiance/12.08.2023.grid
ncols 839
nrows 679
xllcenter 112.0500
yllcenter -43.9500
cellsize 0.0500
nodata_value 99999.90
[rows 102 to 135 of 679, columns 462 to 538 of 839]
20.78 20.66 20.61 21.27 21.33 21.60 21.60 21.60 21.48 21.45 21.48 21.45 21.62 21.62 21.58 21.61 21.61 21.61 21.61 21.68 21.68 21.68 21.68 21.71 21.71 21.71 21.71 21.71 21.56 21.56 21.56 21.56 21.47 21.47 21.47 21.47 21.47 21.47 21.47 21.50 21.50 21.50 21.50 21.50 21.50 21.50 21.50 21.50 99999.90 99999.90 99999.90 99999.90 99999.90 99999.90 99999.90 99999.90 99999.90 99999.90 99999.90 99999.90 99999.90 99999.90 99999.90 99999.90 99999.90 99999.90 99999.90 99999.90 99999.90 99999.90 99999.90 99999.90 99999.90 99999.90 99999.90 99999.90 99999.90
20.91 21.05 21.16 21.18 21.50 21.53 21.39 21.40 21.51 21.60 21.52 21.65 21.58 21.58 21.58 21.61 21.61 21.61 21.68 21.68 21.68 21.68 21.68 21.71 21.71 21.71 21.71 21.71 21.56 21.56 21.56 21.56 21.47 21.47 21.47 21.47 21.47 21.47 21.47 21.50 21.50 21.50 21.50 21.50 21.50 21.50 21.50 21.50 21.51 99999.90 99999.90 99999.90 99999.90 99999.90 99999.90 99999.90 99999.90 99999.90 99999.90 99999.90 99999.90 99999.90 99999.90 99999.90 99999.90 99999.90 99999.90 99999.90 99999.90 99999.90 99999.90 99999.90 99999.90 99999.90 99999.90 99999.90 99999.90
21.14 21.41 21.32 21.27 21.18 21.04 21.44 21.53 21.59 21.65 21.55 21.48 21.58 21.58 21.63 21.61 21.61 21.68 21.68 21.68 21.68 21.68 21.71 21.71 21.71 21.71 21.71 21.56 21.56 21.56 21.56 21.56 21.47 21.47 21.47 21.47 21.47 21.47 21.47 21.50 21.50 21.50 21.50 21.50 21.50 21.50 21.50 21.51 21.51 99999.90 99999.90 99999.90 99999.90 99999.90 99999.90 99999.90 99999.90 99999.90 99999.90 99999.90 99999.90 99999.90 99999.90 99999.90 99999.90 99999.90 99999.90 99999.90 99999.90 99999.90 99999.90 99999.90 99999.90 99999.90 99999.90 99999.90 99999.90
21.00 21.36 21.39 21.00 20.94 20.92 21.12 21.48 21.63 21.54 21.51 21.62 21.60 21.64 21.64 21.66 21.68 21.68 21.68 21.68 21.68 21.72 21.71 21.71 21.71 21.71 21.71 21.56 21.56 21.56 21.56 21.56 21.47 21.47 21.47 21.47 21.47 21.47 21.50 21.50 21.50 21.50 21.50 21.50 21.50 21.50 21.51 21.51 21.51 99999.90 99999.90 99999.90 99999.90 99999.90 99999.90 99999.90 99999.90 99999.90 99999.90 99999.90 99999.90 99999.90 99999.90 99999.90 99999.90 99999.90 99999.90 99999.90 99999.90 99999.90 99999.90 99999.90 99999.90 99999.90 99999.90 99999.90 99999.90
20.66 20.89 20.77 20.95 20.86 21.12 21.21 21.15 21.38 21.55 21.52 21.63 21.60 21.65 21.67 21.67 21.69 21.74 21.68 21.68 21.72 21.71 21.71 21.71 21.71 21.71 21.71 21.56 21.56 21.56 21.56 21.56 21.47 21.47 21.47 21.47 21.47 21.47 21.50 21.50 21.50 21.50 21.50 21.50 21.50 21.51 21.51 21.51 21.51 99999.90 99999.90 99999.90 99999.90 99999.90 99999.90 99999.90 99999.90 99999.90 99999.90 99999.90 99999.90 99999.90 99999.90 99999.90 99999.90 99999.90 99999.90 99999.90 99999.90 99999.90 99999.90 99999.90 99999.90 99999.90 99999.90 99999.90 99999.90
20.60 20.34 20.51 20.81 21.01 20.84 20.95 20.51 20.71 21.11 21.31 21.17 21.23 21.36 21.62 21.63 21.64 21.67 21.72 21.72 21.72 21.71 21.71 21.71 21.71 21.71 21.56 21.56 21.56 21.56 21.56 21.56 21.47 21.47 21.47 21.47 21.47 21.47 21.50 21.50 21.50 21.50 21.50 21.50 21.51 21.51 21.51 21.51 21.51 99999.90 99999.90 99999.90 99999.90 99999.90 99999.90 99999.90 99999.90 99999.90 99999.90 99999.90 99999.90 99999.90 99999.90 99999.90 99999.90 99999.90 99999.90 99999.90 99999.90 99999.90 99999.90 99999.90 99999.90 99999.90 99999.90 99999.90 99999.90
20.74 20.48 20.20 20.83 21.18 20.74 20.57 20.58 20.52 20.80 20.77 20.97 20.52 20.94 21.41 21.54 21.61 21.62 21.62 21.66 21.69 21.71 21.71 21.71 21.71 21.71 21.56 21.56 21.56 21.56 21.56 21.56 21.47 21.47 21.47 21.47 21.47 21.50 21.50 21.50 21.50 21.50 21.50 21.51 21.51 21.51 21.51 21.51 21.51 99999.90 99999.90 99999.90 99999.90 99999.90 99999.90 99999.90 99999.90 99999.90 99999.90 99999.90 99999.90 99999.90 99999.90 99999.90 99999.90 99999.90 99999.90 99999.90 99999.90 99999.90 99999.90 99999.90 99999.90 99999.90 99999.90 99999.90 99999.90
20.50 20.88 20.83 20.91 21.31 20.97 21.03 20.51 20.39 20.33 19.85 20.51 20.61 21.16 21.45 21.58 21.61 21.62 21.67 21.64 21.61 21.71 21.71 21.71 21.58 21.46 21.56 21.56 21.56 21.56 21.56 21.56 21.47 21.47 21.47 21.47 21.47 21.50 21.50 21.50 21.50 21.50 21.51 21.51 21.51 21.51 21.51 21.51 21.51 21.23 21.23 99999.90 99999.90 99999.90 99999.90 99999.90 99999.90 99999.90 99999.90 99999.90 99999.90 99999.90 99999.90 99999.90 99999.90 99999.90 99999.90 99999.90 99999.90 99999.90 99999.90 99999.90 99999.90 99999.90 99999.90 99999.90 99999.90
20.55 20.78 20.74 20.74 20.79 20.73 21.01 20.61 20.68 20.63 20.82 20.79 20.61 20.80 21.18 21.38 21.58 21.58 21.59 21.62 21.59 21.59 21.59 21.58 21.60 21.46 21.56 21.56 21.56 21.56 21.56 21.56 21.47 21.47 21.47 21.47 21.47 21.50 21.50 21.50 21.50 21.51 21.51 21.51 21.51 21.51 21.51 21.51 21.51 21.23 21.23 21.38 99999.90 99999.90 99999.90 99999.90 99999.90 99999.90 99999.90 99999.90 99999.90 99999.90 99999.90 99999.90 99999.90 99999.90 99999.90 99999.90 99999.90 99999.90 99999.90 99999.90 99999.90 99999.90 99999.90 99999.90 99999.90
20.22 20.80 20.83 20.71 20.38 20.65 20.35 20.06 20.49 20.62 20.10 20.09 20.02 20.68 20.56 21.01 21.13 21.15 21.52 21.59 21.56 21.56 21.58 21.58 21.60 21.46 21.46 21.56 21.56 21.56 21.56 21.37 21.47 21.47 21.47 21.47 21.50 21.50 21.50 21.50 21.51 21.51 21.51 21.51 21.51 21.51 21.51 21.51 21.51 21.23 21.38 21.38 21.34 99999.90 99999.90 99999.90 99999.90 99999.90 99999.90 99999.90 99999.90 99999.90 99999.90 99999.90 99999.90 99999.90 99999.90 99999.90 99999.90 99999.90 99999.90 99999.90 99999.90 99999.90 99999.90 99999.90 99999.90
20.72 20.63 20.51 20.58 20.51 20.50 20.44 20.49 20.79 20.75 19.85 20.32 20.32 20.60 20.24 20.12 20.60 20.85 21.00 21.16 21.32 21.49 21.47 21.56 21.60 21.46 21.46 21.56 21.56 21.56 21.37 21.37 21.43 21.47 21.47 21.47 21.50 21.50 21.50 21.51 21.51 21.51 21.51 21.51 21.51 21.51 21.51 21.51 21.51 21.31 21.31 21.31 21.31 21.31 21.31 99999.90 99999.90 99999.90 99999.90 99999.90 99999.90 99999.90 99999.90 99999.90 99999.90 99999.90 99999.90 99999.90 99999.90 99999.90 99999.90 99999.90 99999.90 99999.90 99999.90 99999.90 99999.90
21.17 20.47 20.95 20.56 20.59 20.49 20.65 21.07 20.83 20.49 20.43 20.11 20.14 20.45 19.93 19.57 19.48 19.39 19.57 19.91 19.84 20.93 21.22 21.49 21.48 21.54 21.58 21.58 21.38 21.37 21.37 21.37 21.43 21.43 21.47 21.43 21.43 21.44 21.51 21.51 21.51 21.51 21.51 21.51 21.51 21.51 21.51 21.51 21.31 21.21 21.21 21.21 21.21 21.21 21.21 21.21 21.21 21.21 21.21 99999.90 99999.90 99999.90 99999.90 99999.90 99999.90 99999.90 99999.90 99999.90 99999.90 99999.90 99999.90 99999.90 99999.90 99999.90 99999.90 99999.90 99999.90
20.96 20.93 20.88 20.98 20.73 20.51 20.86 20.74 20.48 20.58 20.75 21.10 20.69 20.70 20.37 20.77 20.37 20.17 19.81 19.68 19.88 19.81 20.27 21.01 21.43 21.53 21.51 21.44 21.38 21.38 21.45 21.45 21.43 21.43 21.43 21.43 21.43 21.44 21.49 21.49 21.49 21.49 21.49 21.49 21.49 21.49 21.23 21.38 21.31 21.21 21.21 21.21 21.21 21.21 21.31 21.31 21.31 21.31 21.31 21.31 21.31 99999.90 99999.90 99999.90 99999.90 99999.90 99999.90 99999.90 99999.90 99999.90 99999.90 99999.90 99999.90 99999.90 99999.90 99999.90 99999.90
21.06 21.04 20.84 20.90 20.73 21.04 21.18 20.92 20.58 20.59 20.74 20.65 20.22 19.89 20.65 20.61 19.93 18.81 19.95 20.27 20.78 19.89 20.68 20.93 21.15 21.31 21.40 21.44 21.44 21.40 21.45 21.45 21.43 21.43 21.43 21.43 21.44 21.44 21.45 21.45 21.45 21.45 21.45 21.45 21.23 21.23 21.38 21.31 21.21 21.21 21.21 21.21 21.21 21.21 21.31 21.31 21.31 21.31 21.31 21.31 21.31 21.37 99999.90 99999.90 99999.90 99999.90 99999.90 99999.90 99999.90 99999.90 99999.90 99999.90 99999.90 99999.90 99999.90 99999.90 99999.90
21.23 21.20 21.10 20.99 20.91 20.93 21.05 20.70 20.21 20.39 20.63 19.97 19.88 20.43 20.32 20.06 20.34 19.75 19.78 19.71 19.60 20.36 20.50 20.76 21.05 21.26 21.29 21.25 21.44 21.54 21.38 21.38 21.38 21.18 21.30 21.30 21.15 21.45 21.45 21.45 21.45 21.45 21.23 21.23 21.23 21.38 21.31 21.31 21.21 21.21 21.21 21.21 21.21 21.31 21.31 21.31 21.31 21.31 21.31 21.31 21.37 21.37 21.22 99999.90 99999.90 99999.90 99999.90 99999.90 99999.90 99999.90 99999.90 99999.90 99999.90 99999.90 99999.90 99999.90 99999.90
21.16 21.36 21.32 21.00 20.96 21.08 21.04 20.77 20.87 20.94 20.89 20.93 20.18 20.08 19.54 20.11 20.13 19.83 19.35 19.31 19.82 20.34 19.13 20.53 21.14 21.30 21.45 21.37 21.35 21.48 21.47 21.47 21.13 21.18 21.30 21.30 21.15 21.13 21.23 21.23 21.23 21.23 21.23 21.23 21.38 21.38 21.31 21.31 21.21 21.21 21.21 21.21 21.21 21.31 21.31 21.31 21.31 21.31 21.31 21.37 21.37 21.22 21.22 21.33 99999.90 99999.90 99999.90 99999.90 99999.90 99999.90 99999.90 99999.90 99999.90 99999.90 99999.90 99999.90 99999.90
21.18 21.43 21.08 20.94 21.12 21.25 20.84 21.09 20.86 21.06 20.27 20.54 20.52 20.04 19.56 20.04 20.63 20.01 19.79 19.66 19.48 20.29 20.28 20.32 20.90 21.25 21.24 21.26 21.38 21.47 21.48 21.48 21.13 21.18 21.30 21.30 21.15 21.13 21.23 21.23 21.23 21.23 21.23 21.38 21.38 21.31 21.31 21.31 21.21 21.21 21.21 21.21 21.31 21.31 21.31 21.31 21.31 21.31 21.37 21.37 21.22 21.22 21.33 21.33 99999.90 99999.90 99999.90 99999.90 99999.90 99999.90 99999.90 99999.90 99999.90 99999.90 99999.90 99999.90 99999.90
21.28 21.34 21.15 21.17 21.00 21.15 21.06 20.55 20.88 20.72 20.49 20.71 20.36 20.02 20.29 19.68 19.78 20.05 20.02 19.84 19.59 20.28 20.28 20.67 20.94 21.13 21.21 21.24 21.39 21.42 21.32 21.18 21.19 21.30 21.10 21.15 21.07 20.60 20.86 20.98 21.23 21.23 21.38 21.38 21.34 21.31 21.31 21.13 21.21 21.21 21.21 21.21 21.31 21.31 21.31 21.31 21.31 21.37 21.37 21.22 21.22 21.33 21.33 21.33 21.11 21.11 99999.90 99999.90 99999.90 99999.90 99999.90 99999.90 99999.90 21.01 21.01 21.01 21.01
21.16 21.23 21.27 21.14 21.02 21.08 20.96 21.06 20.92 20.72 20.81 20.47 20.53 20.26 20.20 19.90 20.11 19.83 19.88 19.62 19.46 19.96 20.03 19.87 20.27 20.48 20.81 20.93 20.83 20.95 20.64 20.71 20.59 20.92 20.73 20.99 21.31 21.22 21.19 21.61 21.36 21.38 21.38 21.34 21.31 21.31 21.31 21.13 21.21 21.21 21.21 21.31 21.31 21.31 21.31 21.31 21.37 21.37 21.22 21.22 21.33 21.33 21.33 21.11 21.11 21.11 20.89 99999.90 99999.90 99999.90 99999.90 99999.90 20.71 21.01 21.01 21.01 21.01
21.08 21.02 21.31 21.19 21.22 20.97 20.89 21.16 20.89 20.84 20.66 20.48 20.15 19.97 20.43 20.04 19.75 19.68 20.23 19.15 19.88 20.03 20.32 19.62 20.41 20.00 19.64 19.74 20.38 20.24 20.28 20.20 19.79 19.66 19.94 20.31 21.02 21.21 21.28 21.37 21.26 21.33 21.34 21.34 21.31 21.31 21.32 21.13 21.21 21.21 21.21 21.31 21.31 21.31 21.31 21.37 21.37 21.22 21.22 21.33 21.33 21.33 21.11 21.11 21.11 20.89 20.89 20.69 99999.90 99999.90 99999.90 18.60 20.71 20.71 21.01 21.01 21.01
20.99 21.19 21.18 21.19 21.34 21.19 21.07 20.96 20.97 20.70 21.12 20.44 20.44 20.41 20.22 19.69 19.75 19.49 19.03 19.36 19.21 18.95 19.10 19.06 19.86 18.64 20.04 19.15 19.70 18.78 19.32 19.12 19.43 18.76 18.70 18.40 19.27 20.73 21.18 21.19 21.13 21.30 21.46 21.38 21.31 21.31 21.32 21.13 21.21 21.21 21.31 21.31 21.31 21.31 21.37 21.37 21.22 21.22 21.33 21.33 21.33 21.11 21.11 21.11 20.89 20.89 20.69 20.69 20.44 99999.90 99999.90 18.60 18.60 20.71 20.71 21.01 21.01
21.14 21.11 21.18 21.04 21.14 21.20 21.13 21.08 20.61 21.10 20.64 20.48 20.17 20.19 20.00 19.87 19.60 19.89 20.14 19.99 20.52 19.77 19.45 18.35 19.74 19.13 19.57 18.43 18.99 18.41 18.04 18.86 18.88 18.84 18.09 18.70 18.31 19.29 20.03 20.94 20.96 21.11 21.33 21.29 21.25 21.38 21.32 21.13 21.21 21.21 21.31 21.31 21.31 21.37 21.37 21.22 21.22 21.33 21.33 21.33 21.11 21.11 21.11 20.89 20.89 20.69 20.69 20.44 20.44 20.36 99999.90 18.60 18.60 18.60 20.71 20.71 21.01
20.90 21.11 21.12 21.15 21.20 21.13 21.17 20.79 20.95 20.58 20.80 20.44 20.11 20.28 19.72 20.19 20.36 19.78 19.87 19.29 19.72 18.92 18.94 19.43 19.06 18.21 18.54 19.79 18.94 18.71 18.62 18.16 17.64 18.72 18.85 18.85 17.90 18.75 19.76 20.06 19.95 20.08 20.67 21.08 21.13 21.16 21.34 21.33 21.31 21.34 21.31 21.31 21.37 21.37 21.22 21.22 21.33 21.33 21.33 21.11 21.11 21.11 20.89 20.89 20.69 20.12 20.12 20.12 20.12 20.12 20.12 18.60 18.60 18.60 18.60 20.71 20.71
21.06 21.02 21.09 21.10 21.11 21.05 20.82 21.01 20.84 20.80 20.90 20.38 20.46 20.07 20.47 20.18 20.41 20.67 19.78 19.70 20.13 19.60 19.97 19.77 19.20 18.20 19.20 18.66 17.72 17.09 18.73 18.83 17.67 17.97 18.06 17.73 18.56 19.57 19.49 20.04 19.98 20.07 20.20 20.26 20.70 21.07 21.17 21.23 21.25 21.33 21.31 21.37 21.37 21.22 21.22 21.33 21.33 21.33 21.11 21.11 21.11 20.89 20.89 20.69 20.69 20.12 20.12 20.52 20.52 20.52 20.52 18.60 18.60 18.60 18.60 18.60 20.71
20.94 21.09 21.08 21.00 21.04 20.97 21.00 20.68 20.60 20.77 20.50 20.48 20.49 19.77 19.92 20.85 20.47 19.97 20.22 19.95 19.49 19.96 19.49 19.05 18.96 19.78 18.91 18.31 18.01 18.41 19.32 18.90 19.32 19.37 19.21 19.41 17.72 18.33 18.27 19.47 19.42 20.01 19.83 19.86 20.39 20.71 21.07 21.18 21.16 21.19 21.18 21.13 21.22 21.22 21.33 21.33 21.33 21.11 21.11 21.11 20.89 20.89 20.69 20.69 20.12 20.12 20.12 20.52 20.52 20.52 20.51 20.91 20.91 18.60 18.60 18.60 18.60
20.89 20.91 20.86 20.82 21.01 20.77 20.81 20.60 21.01 20.60 20.66 20.94 20.47 19.75 20.28 20.61 19.86 19.82 20.03 20.13 19.73 19.49 18.98 18.88 19.31 19.10 18.44 18.41 18.52 18.83 18.57 19.14 18.98 18.73 18.93 19.07 18.60 18.71 18.96 19.26 19.37 18.68 19.10 19.96 19.40 20.43 20.98 21.12 21.09 21.12 21.13 21.15 21.20 21.33 21.33 21.33 21.11 21.11 21.11 20.89 20.89 20.69 20.69 20.44 20.12 20.12 20.12 20.52 20.52 20.52 20.51 20.91 20.91 18.60 18.60 18.60 18.60
20.81 20.82 20.85 20.95 21.05 20.88 20.77 20.71 20.82 20.62 20.84 20.89 20.74 20.51 21.05 20.52 20.06 20.16 20.28 20.13 19.73 19.93 19.75 19.91 19.17 19.03 19.19 19.22 19.07 18.66 18.92 19.10 19.60 19.24 19.15 19.16 19.46 19.57 18.91 18.41 18.84 19.27 19.05 19.10 19.21 19.88 20.15 20.81 21.05 21.01 21.02 21.12 21.10 21.17 21.17 21.11 21.11 21.11 20.89 20.89 20.69 20.69 20.44 20.12 20.12 20.12 20.52 20.52 20.52 20.43 20.51 20.91 20.91 20.91 18.60 18.60 18.60
20.69 20.58 20.64 20.90 21.00 20.87 20.77 21.04 20.87 20.79 20.34 20.84 20.41 20.30 20.56 19.92 20.70 20.47 20.28 20.28 20.17 20.02 20.53 19.43 20.41 19.35 18.86 18.97 18.65 19.65 18.41 19.26 19.27 19.34 19.08 18.26 17.81 19.11 19.25 19.38 19.04 19.01 18.90 18.78 18.90 18.92 19.75 20.73 20.79 20.81 20.99 21.07 21.02 20.97 21.08 21.11 21.11 20.89 20.89 20.69 20.69 20.44 20.44 20.12 20.12 20.12 20.52 20.52 20.52 20.43 20.51 20.91 20.91 20.91 18.60 18.60 18.60
20.78 20.67 20.68 20.84 20.82 20.87 20.87 20.85 20.55 20.85 20.94 20.85 20.34 20.69 19.91 20.46 20.31 20.17 20.07 20.65 19.48 20.31 19.69 20.03 20.12 19.29 19.56 19.47 18.75 19.44 19.23 19.31 18.78 19.08 19.85 19.31 18.30 18.22 19.03 18.66 18.75 19.58 19.26 18.39 18.09 17.40 19.43 19.66 19.89 20.56 20.71 20.91 20.77 20.67 20.80 20.90 20.89 20.89 20.69 20.69 20.44 20.44 20.12 20.12 20.12 20.12 20.52 20.52 20.52 20.43 20.51 20.91 20.91 20.91 20.91 18.60 18.60
20.64 20.63 20.60 20.75 20.87 20.90 20.94 20.93 20.76 20.80 20.57 20.57 20.63 20.24 20.14 20.10 20.43 20.27 20.56 20.09 20.09 20.22 19.92 19.93 19.72 19.62 19.85 19.81 19.30 19.55 19.99 19.52 18.70 19.70 20.03 19.18 19.14 18.90 18.23 17.74 19.01 19.55 19.62 19.60 18.05 17.95 18.08 18.72 18.86 19.91 20.25 20.81 20.72 20.74 20.77 20.85 20.71 20.69 20.69 20.44 20.44 20.36 20.12 20.12 20.12 20.52 20.52 20.52 20.52 20.43 20.51 20.91 20.91 20.91 20.91 18.60 18.60
20.74 20.67 20.68 20.67 20.80 20.87 20.90 20.80 20.62 20.77 20.51 20.57 20.45 20.29 20.14 20.42 20.47 20.51 20.09 20.27 20.34 20.15 20.40 20.67 20.12 20.20 20.28 19.40 19.76 20.12 19.37 19.12 19.94 19.61 20.13 20.13 20.15 19.90 18.57 18.71 18.76 18.58 18.95 19.96 20.15 18.41 18.69 19.10 19.01 18.86 19.94 20.41 20.59 20.73 20.76 20.66 20.67 20.46 20.44 20.44 20.36 20.16 20.12 20.12 20.12 20.52 20.52 20.52 19.70 20.43 20.51 20.91 20.91 20.91 20.91 20.90 18.03
20.91 20.84 20.72 20.70 20.73 20.82 20.87 20.83 20.78 20.74 20.41 20.44 20.48 20.21 20.29 20.44 20.03 20.56 20.61 20.52 20.32 20.52 20.24 20.49 19.88 20.25 20.44 19.73 19.80 19.87 19.24 19.81 20.00 19.97 19.63 19.53 20.43 19.64 19.49 19.46 19.06 18.82 19.17 19.51 19.31 18.78 18.61 19.51 18.55 18.31 19.38 19.21 20.00 20.34 20.29 20.20 20.43 20.44 20.09 20.36 20.36 20.16 20.12 20.12 20.60 20.52 20.52 20.52 19.70 20.43 20.51 20.91 20.91 20.91 20.90 20.90 20.90
20.60 20.51 20.67 20.71 20.42 20.62 20.73 20.40 20.72 20.78 20.53 20.49 20.53 20.61 20.85 20.49 20.73 20.71 20.68 20.72 20.57 20.66 20.49 20.76 20.53 20.50 20.60 20.27 20.17 20.17 20.22 19.84 20.03 20.03 19.19 20.15 19.92 19.42 19.77 19.95 20.27 19.76 19.04 19.03 19.84 19.89 18.73 18.50 18.25 18.71 19.01 18.36 19.21 19.56 19.59 19.60 20.23 20.17 19.92 20.13 19.97 20.16 20.12 20.12 20.60 20.52 20.52 19.84 19.70 20.43 20.51 20.91 20.91 20.91 20.90 20.90 20.90
20.65 20.73 20.72 20.76 20.62 20.90 20.59 20.61 20.31 20.56 20.38 20.49 20.60 20.55 20.78 20.74 20.67 20.80 20.87 20.83 20.86 20.77 20.73 20.82 20.86 20.39 20.54 20.38 20.55 20.30 20.19 19.93 20.34 19.76 20.15 20.54 19.76 19.87 20.43 19.98 19.34 19.16 19.49 20.24 19.71 19.26 19.76 19.74 18.70 19.24 18.74 18.72 18.69 19.06 19.01 19.37 20.09 19.92 20.09 19.66 19.77 20.08 19.63 19.97 20.60 20.52 20.52 19.84 19.70 20.43 20.51 20.91 20.91 20.96 20.90 20.90 20.90
