main/data/irradiance/12.09.2023.grid
ncols 839
nrows 679
xllcenter 112.0500
yllcenter -43.9500
cellsize 0.0500
nodata_value 99999.90
[rows 476 to 509 of 679, columns 693 to 769 of 839]
19.15 19.20 19.22 19.12 19.18 19.32 19.37 19.23 19.06 19.11 19.16 19.20 19.08 19.01 18.86 18.60 18.28 19.14 19.05 19.15 19.16 18.99 19.12 19.19 19.05 19.16 19.05 19.17 19.09 19.06 19.05 18.92 18.88 18.96 18.90 18.96 18.86 18.61 18.56 18.52 18.21 18.29 18.34 18.17 18.51 18.41 17.66 17.60 17.37 17.55 17.74 17.35 17.87 17.81 17.42 16.77 16.71 16.68 16.28 17.24 16.75 15.66 15.59 16.35 16.98 17.49 17.28 16.63 16.86 16.88 15.78 14.97 14.91 15.15 15.71 15.68 14.95
18.99 19.09 19.11 19.23 19.19 19.28 19.33 19.26 19.20 19.18 19.14 19.25 19.01 18.98 18.65 18.68 19.01 19.29 19.20 19.09 19.07 18.96 18.81 19.07 18.84 18.77 18.93 18.73 18.81 18.78 18.77 18.78 18.46 18.64 18.64 18.43 18.57 18.54 18.18 18.45 18.25 17.91 17.35 18.12 18.42 18.47 18.29 17.54 17.80 17.88 17.09 16.80 16.76 16.86 17.15 17.10 16.47 16.51 16.64 17.29 17.20 16.63 16.10 15.47 16.74 17.51 17.42 16.35 16.77 17.13 16.50 15.91 15.11 15.27 15.60 15.52 15.56
18.98 18.95 19.07 19.01 19.09 19.18 19.25 19.16 19.04 18.97 19.07 19.09 19.18 19.04 18.78 19.06 19.12 19.16 19.27 19.16 19.11 19.18 18.98 18.92 18.87 18.55 18.55 18.66 18.53 18.70 18.45 18.66 18.68 18.53 18.82 18.27 18.37 18.52 18.44 18.09 17.95 18.51 18.34 18.41 18.33 18.02 18.29 17.51 17.67 17.59 15.91 15.69 15.70 15.90 15.99 15.59 15.64 14.55 15.27 16.34 17.03 17.54 17.38 17.43 16.64 16.52 16.96 15.97 15.90 16.09 16.42 16.11 15.94 15.29 15.45 15.81 15.72
18.90 18.83 19.04 19.12 19.05 19.03 19.20 19.16 19.11 19.00 19.07 19.00 19.07 19.19 18.76 19.01 18.72 19.08 19.15 19.12 19.03 18.91 19.08 18.99 18.89 18.80 18.43 18.67 18.37 18.33 18.19 17.98 18.08 17.77 17.95 18.10 17.82 18.16 18.42 18.57 18.33 18.38 18.45 17.87 18.09 18.02 16.61 16.61 16.34 16.58 15.76 15.17 14.35 15.03 15.39 14.33 14.30 14.91 14.75 15.20 15.04 16.45 16.12 15.94 16.05 15.62 15.58 15.74 15.55 15.43 15.27 14.92 14.93 14.23 15.21 15.86 15.93
18.80 18.94 19.09 19.24 19.03 19.04 18.99 19.08 18.99 19.04 19.00 19.05 19.05 19.00 18.83 18.91 19.07 18.92 19.25 19.07 18.90 19.02 18.95 19.00 18.98 18.87 18.75 18.64 18.14 17.89 17.81 17.57 16.88 16.85 17.47 17.67 18.19 17.68 17.61 18.03 18.34 17.80 17.42 17.76 16.82 15.95 16.33 16.75 15.95 14.20 14.79 14.86 15.08 15.22 14.34 13.21 13.11 13.96 15.27 15.70 15.51 15.54 16.34 16.14 15.96 16.54 16.08 15.73 15.33 15.50 15.32 14.93 15.95 14.72 14.14 15.12 16.12
19.05 19.11 19.17 19.02 18.98 19.10 19.17 19.05 18.85 19.01 18.88 18.86 18.96 19.06 18.75 18.55 18.67 18.52 18.70 18.86 18.69 18.83 18.99 19.04 19.02 18.78 18.72 18.44 17.92 17.82 17.26 17.04 16.60 16.48 16.60 16.47 16.78 17.20 17.33 17.41 17.70 17.29 17.41 17.18 16.13 16.31 16.83 16.90 17.11 16.10 16.08 14.84 14.83 15.18 14.09 14.33 14.21 14.62 14.16 14.27 15.78 16.57 16.30 16.09 16.28 15.89 16.06 16.20 16.14 16.60 15.46 14.32 15.34 16.28 16.35 15.59 15.86
19.11 19.04 19.10 18.89 18.81 18.82 19.00 19.09 19.02 18.97 18.97 18.79 18.82 18.82 18.94 18.70 18.87 18.98 19.09 18.94 18.65 18.20 18.82 18.81 18.83 18.69 18.63 18.53 18.21 17.76 17.60 17.22 17.00 16.50 16.10 16.37 16.12 16.34 16.91 16.97 17.13 17.17 17.75 17.14 15.53 17.10 17.04 16.90 17.13 17.31 16.64 15.98 16.48 15.93 14.94 15.01 14.45 14.79 15.29 15.43 15.71 15.97 16.78 16.42 15.93 15.90 15.77 15.76 14.61 15.22 15.77 13.91 13.83 14.78 15.27 15.50 15.41
18.98 19.01 18.94 18.86 18.90 18.91 19.01 19.00 18.86 18.99 19.05 19.06 18.80 18.92 18.92 18.83 19.02 18.84 18.94 18.86 18.74 18.86 18.89 18.86 18.85 18.79 18.64 18.83 18.84 18.57 18.09 17.81 16.92 16.77 16.27 16.41 16.24 16.01 16.24 16.41 16.95 17.72 17.35 16.38 15.30 15.70 15.64 15.82 16.73 17.49 17.58 16.49 15.51 15.00 15.12 14.85 15.26 15.73 15.65 15.91 16.27 15.99 16.00 16.43 16.96 16.44 15.53 15.48 14.63 13.96 14.13 14.03 14.62 15.04 15.06 14.39 13.98
18.63 18.94 18.96 19.03 18.97 18.71 18.68 18.65 18.30 18.75 18.91 18.87 18.96 18.60 18.88 18.71 18.79 18.96 18.84 18.84 18.53 18.81 18.83 18.85 19.01 18.89 18.95 18.94 18.82 18.74 18.47 18.05 17.98 17.74 17.48 16.65 16.52 16.39 16.44 16.51 16.41 16.56 16.27 16.15 16.07 15.98 15.39 14.79 14.75 15.62 16.38 16.25 15.20 14.49 15.08 15.19 16.36 17.28 16.77 16.42 16.26 16.04 15.84 15.42 15.61 15.42 15.16 14.75 13.91 13.55 13.63 13.99 14.64 15.64 15.55 14.96 14.80
18.59 18.84 18.83 18.91 18.77 18.55 18.21 18.13 18.56 18.69 18.65 18.55 18.45 18.32 18.37 18.15 18.20 18.49 18.77 18.58 18.90 18.63 18.90 18.83 18.94 18.95 19.02 18.79 18.78 18.45 17.95 17.53 17.64 17.57 17.25 16.95 16.93 16.94 16.66 16.84 16.30 15.42 14.80 15.68 16.01 16.25 15.35 15.24 15.00 15.40 15.47 16.10 16.56 16.50 15.93 15.72 15.98 16.38 16.78 16.79 16.91 16.99 16.47 15.73 15.65 16.00 15.02 15.57 15.58 14.83 13.95 14.55 14.78 14.89 14.72 14.90 15.02
18.37 18.80 18.69 18.45 18.41 18.45 18.56 18.72 18.63 18.36 18.61 18.41 18.13 18.32 18.17 18.01 17.78 18.00 18.40 18.61 18.67 18.72 18.70 18.73 18.91 18.72 18.89 18.90 18.95 18.97 17.97 17.04 17.17 17.43 16.86 16.71 17.02 16.81 16.11 15.03 16.16 15.76 15.85 16.24 16.11 16.55 16.59 16.20 16.21 15.51 14.80 14.98 15.31 15.83 15.99 15.87 16.33 16.50 16.38 15.27 15.19 16.01 16.99 16.69 16.10 16.27 16.71 16.16 15.49 14.99 14.46 15.45 15.22 16.23 16.14 15.87 16.34
18.09 18.40 18.70 18.23 18.52 18.72 18.51 18.88 18.96 18.97 18.99 18.92 18.63 18.44 18.69 18.70 17.96 18.44 18.16 18.59 18.69 18.83 18.54 18.64 18.74 18.54 18.56 18.70 18.94 18.98 18.41 18.33 17.96 17.66 17.36 17.38 17.06 16.16 15.37 15.71 15.96 15.79 15.30 15.50 15.63 15.73 16.31 16.06 15.80 15.51 15.22 14.82 14.61 15.27 15.38 14.73 14.41 15.27 16.08 16.29 14.93 15.64 16.53 16.14 15.48 16.02 16.76 16.80 15.56 14.93 14.40 15.03 15.25 15.09 15.78 16.31 16.74
18.47 18.51 18.22 18.39 18.69 18.50 18.77 18.90 18.83 18.59 18.80 18.79 18.80 18.78 18.78 18.71 18.75 18.56 18.73 18.72 18.90 18.73 18.50 18.60 18.64 18.33 18.80 18.70 18.59 18.77 18.64 18.63 18.25 18.10 17.15 16.90 17.11 16.54 16.86 17.12 16.74 16.66 15.81 15.66 15.74 15.36 15.37 15.47 14.76 14.37 14.90 14.85 15.03 15.19 15.03 14.08 14.59 14.95 14.93 15.41 15.15 15.12 14.93 15.47 14.99 15.26 16.26 16.70 16.02 15.15 15.23 15.21 15.47 15.62 15.58 15.75 16.43
18.51 18.11 18.30 17.98 17.83 18.29 18.68 18.75 18.86 18.94 18.88 18.87 18.87 18.78 18.80 18.82 18.83 18.42 18.50 18.76 18.78 18.88 18.79 18.28 18.28 18.13 18.14 18.35 18.57 18.62 18.64 18.11 17.69 17.74 17.14 16.19 16.42 16.39 16.67 17.51 17.73 16.93 16.37 15.86 15.89 16.21 16.02 15.44 15.46 14.08 14.66 14.97 15.52 15.73 15.74 15.90 15.65 15.51 15.66 16.09 15.19 15.37 14.51 14.47 13.98 14.94 15.28 15.25 15.79 16.05 15.45 15.29 15.63 15.87 15.32 14.80 14.83
18.58 18.84 18.72 18.32 18.00 18.40 18.36 18.70 18.87 18.95 18.89 18.86 18.55 18.50 18.50 18.65 18.78 18.57 18.52 18.57 18.74 18.68 18.68 18.34 18.37 18.58 17.92 17.89 18.38 18.37 18.27 18.05 17.94 18.18 17.70 16.19 15.22 16.11 15.84 16.58 17.67 17.58 17.62 17.69 17.34 16.82 16.47 16.55 16.08 14.93 15.49 15.62 16.02 16.17 16.31 16.61 16.55 16.38 16.43 16.22 15.52 14.73 14.46 13.93 13.38 14.18 14.73 14.09 13.36 13.90 14.47 15.30 15.37 15.16 14.90 14.91 14.14
18.55 18.63 18.55 18.31 18.58 18.87 18.73 18.66 18.84 18.96 18.87 18.58 18.49 18.45 18.44 18.68 18.35 18.26 18.31 18.51 18.51 18.50 18.49 18.41 18.29 18.37 18.07 17.79 17.28 17.30 17.93 17.42 17.70 17.88 17.30 16.31 15.95 15.61 16.25 16.24 17.06 17.57 17.80 17.55 17.44 16.59 16.02 16.22 15.84 15.71 15.94 16.11 16.12 16.33 16.61 17.06 16.60 16.12 15.91 15.35 14.27 14.76 15.78 15.45 14.54 14.41 14.32 14.24 13.71 13.48 13.89 14.76 14.58 15.06 14.79 14.96 15.35
18.69 18.75 18.62 18.46 18.86 18.79 18.79 18.43 18.50 18.68 18.77 18.48 18.55 18.41 18.73 18.81 18.54 18.36 17.89 18.39 18.45 18.58 18.22 17.82 18.42 18.48 17.78 17.42 17.30 17.13 17.56 17.35 17.38 17.24 16.49 15.96 16.22 15.53 16.43 16.18 16.10 16.59 16.99 16.70 16.94 16.97 16.57 16.28 15.61 14.89 14.90 15.56 16.06 16.19 15.89 16.24 16.22 16.49 16.44 16.45 15.43 15.37 15.05 15.33 15.12 15.24 15.86 14.67 14.24 14.12 13.67 14.16 14.13 13.77 13.48 13.56 13.94
18.54 18.81 18.72 18.50 18.59 18.72 18.71 18.68 18.54 18.41 18.63 18.62 18.78 18.56 18.71 18.72 18.00 17.36 18.26 18.36 18.58 18.18 18.24 17.89 17.84 18.30 17.93 16.99 16.63 17.09 16.73 16.73 16.68 16.06 15.46 15.72 16.15 16.76 16.81 16.21 16.38 16.62 16.96 16.67 16.13 15.85 16.28 16.08 15.80 15.38 14.94 15.79 15.87 16.11 16.36 16.15 16.69 17.26 16.88 16.59 16.63 16.48 16.21 15.14 15.64 15.08 14.99 15.09 15.28 15.11 14.31 13.82 13.95 13.56 13.20 13.32 12.73
18.68 18.66 18.82 18.78 18.56 18.58 18.59 18.61 18.22 18.11 18.44 18.52 18.48 18.49 18.72 18.79 18.74 18.19 18.43 18.61 18.34 18.60 18.28 17.65 17.83 17.91 18.03 17.96 17.07 15.87 16.21 15.52 15.17 15.88 15.81 16.00 15.60 16.16 16.62 16.89 16.42 16.15 16.43 15.94 15.72 15.75 15.66 15.71 15.83 15.53 15.29 15.35 15.87 16.25 16.55 16.15 16.87 17.65 17.48 17.75 17.37 16.69 16.44 15.74 15.53 15.81 15.39 14.83 14.14 14.42 13.83 13.83 13.90 13.52 13.65 13.63 13.47
18.45 18.68 18.42 18.61 18.18 18.42 18.42 18.55 18.33 18.10 18.29 18.29 18.47 18.68 18.48 18.75 18.72 18.61 18.31 18.34 18.18 18.60 18.37 18.04 17.77 17.93 18.13 18.04 16.77 15.76 16.36 16.78 16.90 16.51 16.27 15.69 15.42 15.08 15.83 16.34 16.02 15.84 15.51 15.32 15.39 15.59 15.43 15.17 15.29 15.42 15.53 15.75 16.01 16.32 16.47 16.53 16.65 16.30 16.40 16.69 17.05 17.06 16.23 15.52 15.03 15.39 15.40 14.82 13.93 13.94 14.11 14.34 14.81 14.65 14.67 14.33 14.41
18.26 18.59 18.58 18.30 17.95 18.08 18.20 18.46 18.39 18.21 18.47 18.53 18.59 18.49 18.18 18.60 18.40 18.33 18.08 18.28 17.95 18.27 17.92 18.29 17.26 16.88 16.86 17.17 17.03 16.73 16.10 16.49 17.10 16.83 16.41 15.87 15.62 15.90 15.64 14.74 14.49 15.55 14.99 14.66 14.86 15.98 15.66 14.87 14.82 14.99 14.81 15.40 15.69 16.20 16.41 16.48 15.93 15.78 16.05 15.84 16.00 15.84 15.62 15.44 15.45 15.87 15.91 15.65 15.57 15.10 15.39 15.61 15.09 14.77 14.98 14.75 14.22
18.24 18.12 18.42 18.58 18.36 18.07 18.44 18.53 18.10 18.24 18.49 18.56 18.24 18.19 17.89 18.12 18.19 18.07 18.03 18.17 17.55 17.96 17.49 17.85 16.75 16.18 16.15 17.25 16.89 16.75 17.05 16.76 17.01 16.88 16.33 16.04 15.82 16.02 15.92 15.09 15.45 15.55 15.28 14.32 14.90 15.23 15.33 14.96 14.47 15.19 14.44 14.16 15.05 15.76 15.53 16.01 15.65 15.05 15.42 15.13 15.00 15.35 15.74 16.10 15.70 15.88 15.46 14.99 14.97 14.92 15.08 15.17 14.73 14.17 13.54 14.11 14.26
17.57 17.74 18.09 18.45 18.37 18.42 18.26 18.29 18.48 18.42 18.25 18.26 17.87 18.18 18.07 17.69 17.61 17.77 17.54 17.78 17.60 17.78 17.70 17.84 17.36 17.45 17.45 17.10 16.67 17.05 16.79 16.62 16.72 16.13 16.18 16.09 15.40 15.40 16.11 15.49 15.45 14.14 15.28 14.14 15.13 15.64 16.14 15.81 15.32 15.89 15.09 14.47 14.99 15.81 15.41 15.59 16.15 15.97 14.81 15.24 15.15 14.97 14.46 15.00 15.33 15.30 14.88 14.48 14.19 14.28 14.36 14.29 14.05 13.63 13.43 13.60 14.13
17.06 18.03 18.02 18.06 17.95 18.37 18.32 18.14 17.90 18.16 18.20 17.91 18.01 18.38 17.86 17.18 17.31 17.73 17.52 17.53 17.85 17.89 18.04 17.87 17.46 17.52 17.41 17.19 17.63 16.63 16.08 15.95 16.05 15.37 15.29 15.32 14.99 14.70 16.11 15.49 15.62 14.14 14.14 14.72 15.81 15.87 14.91 15.29 15.64 15.84 14.67 14.34 13.97 15.02 15.17 15.52 15.85 15.40 15.46 16.03 15.72 15.01 14.84 13.94 14.25 14.88 14.93 14.35 14.71 14.78 14.77 14.50 14.18 13.75 13.38 13.58 14.36
17.34 17.42 17.80 17.87 18.07 18.08 18.12 18.41 17.93 18.04 17.77 17.54 17.87 18.30 18.15 17.70 17.58 17.80 17.85 17.72 17.67 17.16 16.60 17.10 16.84 16.57 16.46 16.37 16.01 16.10 16.13 15.41 15.47 15.20 15.52 15.52 15.53 14.58 14.09 14.09 15.51 14.31 13.92 15.38 15.91 16.02 15.26 14.90 14.97 15.03 14.17 14.68 14.88 14.80 15.54 15.34 15.72 15.79 16.08 16.26 15.17 15.27 15.07 14.74 13.93 13.60 13.54 14.43 14.70 15.08 14.61 14.39 14.19 14.11 13.33 13.55 14.45
16.79 16.92 17.43 17.79 18.18 18.10 18.26 18.26 18.07 17.92 18.06 17.36 17.99 18.18 18.08 18.36 18.09 17.78 17.79 17.72 17.80 17.39 17.48 17.03 16.70 16.16 16.02 15.59 16.08 16.41 16.19 15.86 15.29 14.65 14.93 14.79 15.32 15.83 14.76 14.64 15.37 14.49 15.10 16.15 16.27 16.27 15.68 15.18 14.11 14.18 14.37 14.55 14.92 15.65 15.51 15.19 15.25 14.95 15.43 15.51 15.31 14.71 14.59 14.36 14.12 13.63 13.62 14.19 14.45 14.45 14.30 14.13 14.19 14.03 13.45 13.37 13.35
17.45 17.23 17.40 17.52 17.84 17.99 18.31 18.27 18.17 18.15 18.50 17.86 17.81 17.81 17.72 18.20 18.12 17.98 17.65 17.46 17.71 17.32 16.83 16.64 16.41 16.30 16.64 16.34 16.15 16.41 16.48 16.22 15.75 15.35 15.29 15.85 15.54 15.18 15.33 16.35 15.67 15.76 14.96 14.59 15.08 15.98 16.76 16.43 15.87 15.61 15.55 15.72 15.99 16.10 15.92 15.61 15.62 15.77 15.41 14.85 14.45 14.72 13.77 12.37 12.81 13.50 14.69 15.31 14.82 14.34 14.09 13.84 13.74 13.75 13.78 14.12 13.47
17.49 17.81 17.88 17.98 17.92 18.09 17.86 18.53 18.41 18.32 18.35 18.13 17.90 17.50 17.42 17.43 17.76 17.83 17.86 17.16 17.09 17.02 16.32 16.88 16.73 16.25 16.50 16.78 16.34 16.74 17.02 15.70 15.76 15.92 15.62 15.60 15.74 15.66 15.80 16.33 15.84 15.11 15.18 15.11 15.58 16.07 16.67 16.49 16.30 15.63 15.33 15.75 15.54 15.71 16.15 16.70 16.43 16.22 15.54 15.26 15.63 15.15 13.86 13.94 13.43 13.54 14.28 15.34 14.34 14.60 14.52 14.98 14.87 14.51 13.97 14.05 13.30
17.60 17.83 17.99 18.04 18.03 17.87 18.19 18.37 18.39 18.38 18.21 18.01 18.21 18.07 17.50 17.49 17.09 16.92 17.90 18.10 17.83 16.91 16.27 16.15 16.52 17.15 16.41 17.01 17.50 17.04 17.01 16.43 16.25 16.27 16.24 16.06 15.66 15.50 15.09 16.21 15.59 15.43 15.06 15.31 16.18 16.67 15.98 15.85 15.60 15.33 14.61 14.55 15.22 15.56 15.83 16.41 16.74 16.35 15.93 15.71 15.26 15.47 14.85 14.34 14.51 13.72 13.75 14.45 13.49 14.00 13.79 14.22 14.33 13.40 13.42 14.04 13.17
17.94 17.77 17.68 17.38 17.90 17.90 17.91 17.93 18.07 18.36 18.14 17.85 18.17 18.41 18.32 18.26 18.18 17.87 17.35 17.67 17.61 17.33 16.91 16.24 15.62 16.89 16.67 17.23 16.98 17.04 16.94 16.70 15.91 16.45 16.32 15.69 15.41 15.25 14.47 14.69 15.12 15.13 14.52 14.39 16.11 16.51 15.72 15.38 15.03 15.30 14.86 14.35 14.97 14.98 15.89 16.36 16.60 15.82 15.45 14.53 14.54 15.83 14.79 13.09 13.18 13.73 13.62 13.82 12.28 12.58 12.93 13.30 13.75 13.67 14.18 14.49 13.17
17.36 17.41 17.45 17.17 17.39 17.99 18.11 17.94 17.96 18.33 18.50 18.24 17.99 18.19 18.46 18.49 18.56 18.26 17.26 16.91 17.41 17.46 17.37 16.68 15.70 16.27 16.59 17.25 17.26 17.38 17.22 17.06 15.83 16.11 15.79 15.83 15.63 15.32 15.04 14.09 14.95 14.78 14.44 14.67 15.44 16.35 15.90 15.18 15.17 16.06 16.11 15.58 14.90 14.91 15.83 16.36 15.74 14.27 14.45 13.27 14.99 14.88 13.73 13.87 13.51 13.78 13.55 12.92 12.51 12.51 12.34 13.43 13.97 13.83 14.42 14.45 14.45
16.85 17.21 17.53 17.50 17.71 18.14 18.22 18.05 17.84 18.14 18.44 18.32 18.10 17.95 18.21 17.87 18.28 18.27 17.53 16.93 17.27 16.86 16.88 17.15 16.54 16.80 16.52 16.52 16.37 16.85 17.30 16.87 16.11 15.64 14.87 14.86 14.60 14.86 14.87 14.72 14.84 14.81 14.37 14.60 14.46 15.34 15.58 15.52 15.10 15.65 15.33 14.98 14.85 14.76 15.00 14.84 14.21 13.24 12.56 13.91 14.38 14.08 14.44 15.22 14.72 14.52 13.99 13.14 13.37 13.02 13.18 14.07 14.13 14.10 14.41 14.45 14.45
16.66 16.81 17.09 16.84 17.79 18.00 18.08 18.04 18.13 18.21 18.41 18.30 17.92 17.95 18.06 17.69 18.11 17.88 17.22 16.44 16.79 16.92 16.76 16.86 16.18 16.39 15.69 15.99 15.69 15.57 16.14 16.05 16.04 15.61 15.43 15.23 15.02 15.42 14.93 15.01 15.21 14.67 14.43 15.71 15.38 15.23 14.08 14.94 15.49 15.06 15.09 14.71 14.56 14.54 15.43 14.32 14.44 14.17 14.49 14.56 13.50 14.69 15.23 15.21 15.03 15.01 15.01 14.47 14.48 13.84 13.22 13.65 13.06 13.05 13.21 13.21 13.21
16.60 16.82 16.68 16.78 17.14 17.06 17.41 17.82 17.99 18.29 17.80 18.11 18.22 18.01 18.36 18.13 18.22 18.04 17.63 17.67 17.49 17.49 17.48 17.42 16.45 16.47 16.40 16.27 16.34 16.83 15.64 15.16 15.58 16.07 15.86 15.38 15.61 15.85 15.09 14.98 15.64 15.34 14.16 15.31 15.21 15.28 14.89 15.36 15.12 14.82 15.27 14.51 14.72 15.44 15.01 14.82 13.64 14.55 14.78 13.77 14.47 15.35 14.60 14.69 14.37 14.70 14.71 15.07 14.31 13.60 13.52 13.64 12.74 12.23 13.21 13.21 13.21
