main/data/irradiance/12.02.2023.grid
ncols 839
nrows 679
xllcenter 112.0500
yllcenter -43.9500
cellsize 0.0500
nodata_value 99999.90
[rows 442 to 475 of 679, columns 539 to 615 of 839]
27.72 27.69 27.70 27.64 27.80 27.80 27.56 27.54 27.48 27.65 27.70 27.78 27.64 27.59 27.37 27.28 27.41 27.67 27.84 27.77 27.89 27.83 27.81 27.78 27.54 27.44 27.48 27.41 27.37 27.27 27.24 27.27 27.44 27.56 27.62 27.74 27.65 27.76 27.78 27.81 27.85 27.87 28.04 27.99 27.93 27.91 27.98 28.03 27.98 27.89 28.03 27.97 27.89 27.90 27.83 27.84 27.69 27.53 27.79 27.93 27.86 27.91 27.94 27.83 27.86 27.79 27.69 27.65 27.55 27.66 27.71 27.67 27.84 27.74 26.55 25.43 25.74
27.57 27.88 27.91 27.78 27.78 27.56 27.60 27.55 27.77 27.80 27.80 27.48 27.31 27.33 27.37 27.44 27.60 27.68 27.82 27.85 27.77 27.70 27.69 27.57 27.59 27.39 27.36 27.34 27.26 27.21 27.18 27.20 27.32 27.27 27.25 27.45 27.63 27.70 27.68 27.79 27.77 27.85 27.89 28.06 28.01 27.89 27.85 28.00 27.97 27.96 28.00 27.93 27.85 27.82 27.81 27.72 27.64 27.55 27.67 27.80 27.89 27.93 27.97 28.02 27.94 27.80 27.69 27.80 27.72 27.76 27.64 27.66 27.77 27.10 26.80 27.12 27.00
27.84 27.91 27.76 27.63 27.60 27.50 27.58 27.58 27.63 27.72 27.57 27.39 27.44 27.34 27.35 27.59 27.64 27.74 27.71 27.62 27.69 27.71 27.73 27.72 27.72 27.58 27.39 27.26 27.24 27.18 27.27 27.27 27.17 27.26 27.26 27.38 27.53 27.62 27.85 27.94 27.94 27.91 27.89 27.90 27.88 27.84 27.84 27.70 27.94 27.90 27.96 27.98 27.86 27.75 27.63 27.64 27.70 27.57 27.63 27.79 27.84 27.85 28.01 28.03 27.91 27.82 27.77 27.91 27.72 27.76 27.64 28.16 27.38 26.60 27.36 27.14 26.23
27.70 27.37 27.20 27.29 27.23 27.11 27.34 27.39 27.40 27.57 27.57 27.48 27.49 27.54 27.45 27.48 27.58 27.71 27.41 27.30 27.56 27.58 27.48 27.55 27.55 27.46 27.44 27.34 27.29 27.32 27.24 27.24 27.14 27.16 27.27 27.35 27.60 27.74 27.83 27.87 27.90 27.95 27.93 27.90 27.85 27.82 27.72 27.58 27.73 27.87 27.97 27.99 27.98 27.87 27.73 27.63 27.67 27.58 27.48 27.69 27.85 27.91 27.93 27.96 27.98 27.82 27.77 27.91 27.91 27.12 28.16 28.16 27.67 27.70 27.15 26.23 26.42
27.56 27.49 27.39 27.30 27.26 26.78 27.05 27.22 27.09 27.44 27.36 27.35 27.54 27.70 27.51 27.57 27.56 27.73 27.49 27.33 27.24 27.41 27.38 27.32 27.50 27.52 27.33 27.22 27.15 27.18 27.13 27.25 27.33 27.31 27.32 27.27 27.63 27.81 27.83 27.88 27.95 27.80 27.82 27.83 27.77 27.79 27.68 27.79 27.81 27.80 27.98 27.96 27.92 28.02 27.96 27.88 27.70 27.66 27.51 27.52 27.84 27.92 27.91 27.93 28.01 28.01 28.27 27.91 27.12 27.12 26.31 27.05 27.23 27.00 25.88 26.48 26.35
27.31 27.46 27.59 27.45 27.37 27.30 27.29 27.44 27.57 27.54 27.37 27.50 27.66 27.72 27.78 27.72 27.75 27.74 27.51 27.35 27.25 27.30 27.39 27.30 27.24 27.30 27.35 27.23 27.19 27.20 27.20 27.16 27.12 27.24 27.15 27.03 27.50 27.69 27.71 27.89 27.94 27.78 27.81 27.71 27.62 27.75 27.72 27.73 27.58 27.55 27.69 27.84 27.93 27.95 27.96 27.91 27.92 27.89 27.75 27.80 27.70 27.83 27.90 27.93 28.02 28.27 28.27 27.85 26.35 26.35 26.00 25.95 26.87 26.95 26.03 26.82 26.94
27.30 27.48 27.50 27.45 27.56 27.48 27.34 27.33 27.33 27.55 27.67 27.77 27.81 27.83 27.78 27.74 27.77 27.68 27.64 27.45 27.39 27.36 27.26 27.43 27.56 27.38 27.17 27.12 27.27 27.21 27.32 27.17 27.29 27.11 26.98 27.03 27.29 27.54 27.72 27.85 27.75 27.68 27.73 27.64 27.52 27.61 27.56 27.68 27.61 27.57 27.63 27.86 27.92 27.85 27.88 27.90 27.88 27.88 27.86 27.86 27.81 27.85 27.89 27.94 28.02 28.27 28.14 27.85 26.34 26.27 26.86 27.48 27.66 27.64 27.71 27.76 27.65
27.41 27.42 27.18 27.40 27.46 27.35 27.12 27.08 27.30 27.33 27.54 27.70 27.86 27.89 27.79 27.73 27.75 27.77 27.79 27.68 27.59 27.55 27.45 27.44 27.49 27.56 27.45 27.36 27.36 27.33 27.32 27.22 27.06 26.94 26.90 26.99 27.22 27.53 27.55 27.61 27.55 27.63 27.48 27.40 27.48 27.54 27.46 27.63 27.65 27.66 27.75 27.86 27.82 27.80 27.94 27.85 27.84 27.88 27.89 27.89 27.84 27.91 27.79 27.90 27.90 28.14 28.14 26.75 25.57 25.40 27.17 27.50 27.72 27.69 27.86 27.82 27.62
27.31 27.38 27.25 27.20 27.35 27.19 26.97 27.22 27.27 27.43 27.53 27.61 27.66 27.64 27.72 27.84 27.83 27.79 27.74 27.79 27.82 27.61 27.33 27.34 27.59 27.59 27.45 27.32 27.07 27.14 27.12 27.19 27.11 27.13 26.96 26.99 27.39 27.27 27.32 27.32 27.35 27.39 27.20 27.25 27.26 27.22 27.34 27.41 27.58 27.70 27.81 27.98 27.88 27.78 27.90 27.87 27.86 27.87 27.85 27.84 27.43 27.55 27.82 27.97 27.97 26.70 26.70 26.35 25.98 25.79 27.49 27.68 27.78 27.84 27.94 27.90 28.03
27.07 27.13 27.10 27.07 27.40 27.11 26.85 27.17 27.30 27.11 27.18 27.56 27.70 27.57 27.58 27.71 27.79 27.79 27.66 27.71 27.69 27.78 27.85 27.60 27.32 27.27 27.20 27.33 27.16 26.95 27.10 27.26 27.09 27.19 27.05 27.01 27.10 26.83 27.03 27.06 27.19 27.17 27.07 27.02 27.16 27.30 27.44 27.44 27.45 27.62 27.81 27.92 27.97 27.79 27.91 27.85 27.91 27.82 27.89 27.90 27.73 27.57 27.63 27.91 27.57 26.14 26.25 26.65 25.95 25.88 27.37 27.66 27.75 27.81 27.88 27.82 27.95
27.09 26.89 26.92 27.14 27.31 27.22 26.82 27.19 27.18 27.10 27.09 27.45 27.71 27.48 27.53 27.59 27.80 27.76 27.61 27.58 27.68 27.77 27.55 27.63 27.55 27.19 27.16 27.17 27.32 27.10 27.25 27.20 27.26 27.14 27.04 26.58 26.75 26.71 26.50 26.90 26.93 26.78 26.78 27.14 26.93 27.06 27.14 27.33 27.39 27.40 27.59 27.76 27.89 27.70 27.91 27.96 27.87 27.72 27.88 27.94 27.80 27.57 27.90 27.72 27.27 27.21 26.65 26.80 26.80 26.07 27.45 27.79 27.89 27.85 27.85 27.87 27.92
27.52 27.16 26.94 27.00 26.94 26.91 26.69 27.04 27.17 27.32 27.47 27.53 27.33 27.34 27.29 27.51 27.57 27.51 27.44 27.52 27.44 27.52 27.63 27.45 27.49 27.36 27.37 27.09 27.25 27.17 27.42 27.27 27.29 27.36 27.02 26.79 26.74 26.37 26.30 26.79 26.94 26.76 26.62 26.92 26.74 26.87 26.82 27.04 26.99 27.44 27.57 27.59 27.64 27.54 27.78 27.89 27.97 27.89 27.95 27.92 27.82 27.32 27.52 27.83 27.17 27.67 26.52 26.71 26.41 27.27 27.89 27.86 27.93 27.87 27.94 27.92 27.91
27.34 27.25 27.00 27.18 27.15 26.88 26.82 27.20 27.26 27.26 27.42 27.43 27.45 27.40 27.48 27.13 27.23 27.53 27.45 27.30 27.43 27.62 27.58 27.38 27.35 27.41 27.30 27.27 27.19 26.85 26.96 27.01 27.09 27.16 26.83 26.77 26.44 26.21 26.01 26.53 26.72 26.77 26.57 26.80 26.47 26.64 26.86 26.93 27.24 27.32 27.46 27.58 27.60 27.78 27.74 27.89 27.98 27.91 27.93 27.78 27.80 27.83 27.71 28.04 27.91 27.46 26.75 27.26 26.98 27.94 27.84 27.72 27.81 27.94 27.94 27.92 27.89
27.26 27.45 27.34 27.19 27.19 26.92 27.01 27.20 27.27 26.95 27.00 27.01 27.23 27.32 27.34 27.11 27.37 27.09 27.05 27.02 27.34 27.58 27.31 27.22 27.14 27.23 27.16 27.21 27.04 26.76 27.08 26.85 26.97 26.85 26.40 26.68 26.44 25.98 25.91 26.25 26.38 26.66 26.63 26.46 26.17 26.35 26.41 26.96 27.19 27.28 27.53 27.74 27.79 27.83 27.82 27.85 27.81 27.79 27.85 27.74 27.75 27.79 27.75 27.77 27.93 27.24 27.29 27.07 27.74 27.85 27.86 27.83 27.71 27.83 27.90 27.90 27.94
27.22 27.48 27.54 27.17 27.32 27.08 27.09 27.07 26.91 27.01 26.86 26.43 26.75 26.92 27.17 27.06 26.93 26.72 27.07 27.35 27.15 27.26 27.14 27.03 26.87 27.06 26.66 27.16 26.70 26.59 26.65 26.46 26.75 26.21 26.08 25.72 25.92 25.34 25.53 26.15 26.16 26.40 26.37 26.48 26.37 26.37 26.19 26.62 26.85 27.12 27.51 27.61 27.72 27.83 27.84 27.81 27.86 27.76 27.87 27.84 27.78 27.88 27.80 27.77 27.67 27.30 27.58 27.21 27.60 27.73 27.74 27.76 27.87 27.89 27.89 27.88 27.90
27.19 27.35 27.15 27.02 27.35 27.21 26.99 26.94 27.27 27.02 26.94 26.79 26.96 26.87 27.08 27.17 27.23 26.93 27.04 27.30 27.14 27.07 27.20 26.74 26.85 26.89 26.63 26.67 26.43 26.56 26.18 25.78 26.17 26.03 25.61 25.33 25.18 25.51 25.73 25.83 25.88 26.06 26.42 26.22 26.31 26.50 26.10 26.60 26.94 27.31 27.49 27.51 27.56 27.85 27.83 27.73 27.76 27.65 27.73 27.82 27.70 27.67 27.82 27.64 27.82 27.61 27.41 27.28 27.80 27.59 27.75 27.90 27.84 27.86 27.80 27.86 27.88
27.25 27.33 27.24 26.95 27.00 27.18 26.89 26.56 26.94 26.75 26.89 26.67 26.98 26.86 26.96 27.08 26.77 26.63 26.92 26.98 26.88 27.04 27.15 26.93 26.82 26.62 26.64 26.40 26.45 26.26 25.96 26.09 25.85 25.63 25.31 24.93 24.88 24.84 25.29 25.73 25.59 25.64 25.78 26.20 26.39 26.59 26.42 26.57 26.98 27.16 26.98 27.36 27.40 27.61 27.73 27.64 27.73 27.70 27.66 27.75 27.64 27.70 27.78 27.85 27.76 27.92 27.52 27.43 27.57 27.75 27.78 27.77 27.81 27.77 27.77 27.78 27.73
27.23 27.27 27.31 26.84 26.69 27.03 26.86 26.52 26.44 26.40 26.68 26.44 26.79 26.66 26.60 26.78 26.46 26.61 26.73 26.81 26.83 26.85 27.06 27.07 26.81 26.76 26.47 26.47 25.98 26.00 25.93 25.86 25.79 25.57 25.73 25.23 24.74 24.39 25.17 25.26 25.16 25.31 26.09 26.09 25.84 26.71 26.49 26.50 26.79 27.13 27.04 27.41 27.44 27.14 27.52 27.50 27.62 27.53 27.62 27.82 27.78 27.85 27.68 27.60 27.49 27.36 27.35 27.39 27.61 27.63 27.74 27.76 27.75 27.81 27.89 27.85 27.91
27.18 27.11 27.24 26.80 26.65 26.68 26.45 26.60 26.24 26.18 26.53 26.50 26.43 26.38 26.71 26.42 26.36 26.42 26.39 26.56 26.91 26.62 26.83 26.91 26.79 26.64 26.12 26.30 25.68 26.05 25.47 25.22 25.31 25.48 25.47 24.94 25.81 25.65 25.26 24.35 25.39 24.64 25.67 26.02 25.58 26.27 26.20 26.44 26.63 27.05 27.17 27.25 27.36 27.35 27.32 26.81 27.33 27.15 27.46 27.51 27.91 27.90 27.92 27.52 27.35 27.43 27.60 27.25 27.53 27.67 27.64 27.72 27.81 27.86 27.88 27.84 27.86
27.25 27.37 27.37 26.81 26.14 26.68 26.45 26.14 26.30 26.39 26.28 26.42 26.05 25.99 26.26 26.49 26.51 26.54 26.12 26.31 26.86 26.74 27.16 26.92 26.89 26.22 26.29 25.96 25.98 25.66 25.08 25.26 24.99 25.51 25.69 25.21 24.91 25.11 24.98 23.91 25.56 25.62 25.34 25.96 25.47 25.50 25.85 25.88 26.36 26.82 27.16 27.17 27.27 27.23 27.68 26.97 27.04 27.53 27.09 27.17 27.86 27.86 28.01 28.13 27.76 27.82 27.57 27.62 27.70 27.81 27.87 27.89 27.87 27.80 27.89 27.87 27.89
27.39 26.97 27.05 26.65 25.43 26.24 26.24 26.34 25.95 26.24 26.29 26.08 26.17 25.99 26.13 25.97 25.98 26.18 26.34 26.70 26.89 27.03 26.90 27.08 26.83 26.22 26.01 25.94 25.97 25.73 25.46 25.11 24.80 24.73 25.01 25.23 25.14 24.79 25.14 25.34 25.24 24.92 25.21 25.56 25.02 25.04 25.25 25.10 26.01 26.24 26.70 27.10 27.14 27.12 27.11 27.03 27.42 27.22 27.45 27.14 27.71 27.98 28.09 28.13 28.09 27.97 27.66 27.63 27.68 27.75 27.69 27.82 27.83 27.92 27.93 27.91 27.92
27.14 26.52 26.16 26.49 26.06 26.15 25.94 25.98 26.01 26.08 25.70 26.01 26.32 26.24 26.73 26.18 26.18 26.46 26.42 26.55 26.93 26.65 26.89 26.92 26.87 26.46 25.90 25.80 25.83 25.20 25.55 25.30 25.28 24.48 24.63 24.21 25.63 24.63 25.82 25.60 25.43 25.00 24.69 25.57 25.31 25.24 25.68 25.88 25.97 25.95 26.31 26.89 26.84 26.69 26.80 26.84 27.50 27.26 27.48 27.76 27.77 27.60 27.66 27.32 27.37 27.45 27.73 27.58 27.64 27.54 27.59 27.63 27.86 27.88 27.88 27.86 27.83
26.88 26.65 26.42 25.92 26.08 26.12 25.99 26.07 25.79 25.60 25.62 25.83 26.16 26.45 26.89 26.63 26.47 26.50 26.59 26.24 26.70 26.60 26.90 26.84 26.66 26.41 25.84 25.67 26.23 25.94 25.45 25.61 25.29 24.77 24.74 24.69 26.34 24.67 25.98 25.48 25.22 25.86 25.17 25.10 24.80 25.15 25.80 26.11 25.71 26.27 26.10 26.39 26.41 26.29 26.32 26.43 27.02 26.53 27.02 27.52 27.88 27.37 27.42 27.41 27.50 27.31 27.56 27.67 27.67 27.56 27.47 27.58 27.86 27.84 27.92 27.94 27.86
26.76 26.64 26.49 25.93 26.17 26.14 26.07 25.65 25.89 26.04 25.97 26.08 25.76 26.09 26.53 26.88 26.69 26.14 26.67 26.81 26.52 26.53 26.64 26.62 26.53 26.64 25.56 25.72 25.61 26.12 25.88 25.49 25.24 25.39 25.52 25.12 25.71 24.57 25.94 25.01 25.58 26.28 25.44 25.40 25.57 25.46 25.50 25.95 25.64 25.86 26.15 26.26 25.99 25.77 25.89 26.61 26.55 26.20 26.02 27.08 27.64 27.89 27.17 27.23 27.41 27.37 27.44 27.50 27.63 27.74 27.74 27.44 27.75 27.65 27.78 27.77 27.88
27.15 27.09 26.29 26.11 26.49 26.23 26.57 26.37 26.08 26.09 26.27 26.08 25.95 25.76 26.49 26.70 26.71 26.34 26.15 26.61 26.47 26.84 26.32 26.14 26.70 25.81 26.23 26.15 26.18 25.70 25.67 25.73 26.05 25.31 26.06 25.53 26.02 24.88 24.88 24.28 25.89 26.00 25.42 25.81 25.60 25.17 25.81 26.04 25.97 25.84 26.14 25.72 25.70 25.73 26.79 26.51 26.58 26.42 25.77 26.42 27.28 27.52 27.02 27.38 27.41 27.38 27.46 27.49 27.29 27.58 27.82 27.55 27.61 27.72 27.73 27.76 27.80
27.13 26.61 26.20 25.83 26.60 26.66 26.07 26.20 25.74 25.46 25.48 25.82 25.89 25.84 26.28 26.86 26.83 26.59 26.06 26.58 25.89 26.62 26.75 26.38 26.38 26.41 26.18 26.12 25.62 25.20 25.14 24.70 25.76 25.56 26.42 26.04 25.71 25.91 25.36 25.34 25.08 25.73 25.47 25.73 25.14 24.85 25.68 26.00 26.75 26.10 25.97 25.74 25.26 25.49 26.43 26.11 26.71 26.12 26.46 25.79 26.21 26.84 27.00 27.29 27.38 27.23 27.43 27.27 27.39 27.39 27.34 27.84 27.51 27.43 27.53 27.76 27.82
26.74 26.35 26.32 26.56 26.60 26.60 26.41 26.03 26.01 25.92 25.58 25.61 25.67 26.21 25.74 26.52 26.53 26.84 25.87 26.58 25.80 26.33 26.60 26.09 25.93 26.24 25.98 25.66 25.22 25.42 25.00 24.83 25.01 26.14 26.30 25.10 25.84 25.96 26.46 26.44 26.05 25.59 25.50 24.67 25.18 25.12 25.77 26.91 26.46 26.32 26.28 25.52 25.36 25.25 25.63 25.43 25.51 26.35 26.29 25.73 26.09 26.32 26.79 26.94 27.36 27.06 27.44 27.29 27.22 27.21 27.39 27.89 27.67 27.46 27.74 27.73 27.84
26.77 26.12 26.21 26.31 26.81 26.31 26.27 26.16 25.77 26.28 25.81 25.87 26.06 26.58 25.87 26.23 26.50 26.89 26.32 25.97 25.76 26.20 26.21 26.76 25.62 26.17 25.87 25.30 25.53 25.64 25.51 24.77 24.99 25.37 25.82 25.69 26.00 25.75 26.47 26.35 25.63 25.90 25.14 25.02 24.54 24.79 24.76 26.42 26.14 25.44 26.03 25.37 25.67 25.53 25.04 25.21 24.92 26.32 25.57 25.76 26.30 25.79 26.47 27.01 27.01 27.07 27.19 27.10 27.29 27.28 27.37 27.90 27.46 27.61 27.78 27.74 27.86
27.05 26.54 26.15 26.10 26.01 25.57 25.80 25.89 25.98 26.14 26.03 25.95 26.08 26.64 26.12 26.43 26.46 26.77 26.60 26.50 25.96 25.75 25.52 26.31 26.29 26.41 26.24 25.90 25.87 25.78 25.69 25.46 25.76 25.03 26.03 25.96 26.10 25.71 26.35 26.00 25.55 25.57 25.67 25.62 24.37 25.44 25.08 26.00 25.24 25.33 25.79 25.25 25.26 25.14 25.45 25.11 24.76 26.14 25.38 25.65 26.03 25.32 26.61 26.78 26.85 26.84 27.16 27.40 27.27 27.34 27.60 27.66 27.57 27.64 27.76 27.79 27.81
27.05 26.43 26.30 26.14 25.42 25.40 26.02 25.77 26.20 26.23 26.03 26.04 25.76 26.72 26.75 26.11 26.52 26.42 26.45 26.55 26.39 26.26 25.82 25.92 26.27 26.33 26.20 25.86 25.62 25.82 25.67 25.71 25.80 25.46 25.70 25.64 25.60 24.93 26.18 25.88 25.58 25.09 25.80 25.61 25.61 25.58 25.08 25.08 25.46 25.79 25.56 24.97 25.67 24.94 25.72 24.79 25.05 25.30 25.53 25.38 25.33 25.45 26.35 26.46 26.83 26.95 26.93 27.14 27.14 27.44 27.10 27.50 27.67 27.63 27.78 27.80 27.77
27.08 26.34 26.20 26.19 25.92 26.09 25.89 25.83 26.14 26.18 26.24 26.32 25.92 26.33 26.55 25.84 25.78 26.41 26.22 26.67 26.56 26.60 26.11 25.89 26.34 26.23 26.21 26.37 26.31 26.34 26.02 26.02 25.32 25.53 26.08 25.94 26.13 25.39 25.84 26.30 25.24 25.62 25.52 24.68 25.28 25.11 24.57 24.31 25.21 24.95 25.26 24.54 25.86 25.36 25.63 25.09 25.68 25.50 25.43 25.36 25.60 26.15 25.75 26.14 26.79 27.25 27.05 26.99 27.32 27.43 27.52 27.75 27.81 27.77 27.78 27.72 27.78
26.74 26.57 26.16 25.82 26.27 26.28 25.71 25.97 25.87 26.26 26.36 26.12 26.08 25.95 26.53 26.22 26.26 26.42 26.06 26.75 26.85 26.55 26.06 26.06 26.16 26.17 26.26 26.48 26.10 26.24 25.79 26.25 25.62 25.88 26.09 25.82 25.92 25.63 25.65 25.56 25.52 25.37 25.63 25.59 26.02 25.82 25.19 24.80 24.65 24.49 24.93 24.61 25.26 25.36 25.41 25.47 25.38 25.44 25.84 25.31 25.30 26.13 25.76 26.24 26.82 27.16 26.77 27.11 27.21 27.02 27.09 27.64 27.65 27.66 27.78 27.71 27.70
26.49 26.45 26.28 25.98 26.44 26.21 26.27 25.93 26.19 26.38 26.52 26.51 26.31 26.26 26.13 25.91 26.37 26.57 26.02 26.70 26.86 26.32 26.25 26.25 26.25 26.06 26.13 26.26 26.14 26.06 26.27 26.06 26.02 25.48 26.36 25.82 25.69 25.35 25.97 24.81 24.89 24.67 25.07 25.50 26.22 25.23 24.58 25.34 24.88 24.94 24.86 25.30 25.02 24.97 25.37 25.06 25.88 25.68 26.21 25.65 25.42 25.98 25.71 26.36 27.30 27.15 26.90 27.29 27.12 26.97 27.23 27.44 27.57 27.70 27.67 27.82 27.79
26.61 26.22 26.69 25.92 26.34 25.90 26.02 26.31 26.21 26.34 26.42 26.31 26.04 26.21 26.55 25.96 26.48 26.58 26.22 26.82 26.79 26.16 26.10 26.21 26.30 26.62 26.75 26.55 26.33 26.49 25.95 26.13 26.44 25.72 26.12 25.49 25.57 25.67 25.37 25.50 24.64 24.63 25.03 25.35 25.45 25.96 24.83 25.35 24.81 25.89 25.47 25.62 24.28 25.11 25.60 25.49 25.25 25.13 25.02 24.85 25.84 26.17 26.39 27.01 27.17 27.29 27.00 27.24 27.40 27.42 27.42 27.45 27.69 27.82 27.62 27.76 27.83
