main/data/irradiance/12.03.2023.grid
ncols 839
nrows 679
xllcenter 112.0500
yllcenter -43.9500
cellsize 0.0500
nodata_value 99999.90
[rows 374 to 407 of 679, columns 231 to 307 of 839]
24.12 24.07 24.07 24.08 24.18 24.16 24.10 24.09 24.13 23.71 22.68 24.14 24.12 24.11 24.10 24.10 24.12 24.14 24.16 24.06 24.08 24.06 24.06 24.03 23.92 23.96 24.00 24.01 24.10 24.03 23.99 23.95 23.93 23.98 23.99 24.01 23.99 23.97 23.99 24.06 24.02 23.99 23.98 23.97 24.01 23.81 23.95 23.92 23.98 24.09 24.15 24.11 24.11 24.13 24.13 24.16 24.17 24.15 24.11 24.16 24.15 24.14 24.15 24.14 24.09 24.09 24.12 23.99 24.07 24.04 23.95 23.92 23.82 23.72 23.77 23.65 23.69
24.01 24.06 24.07 24.07 24.08 24.15 24.20 24.20 24.15 24.11 24.05 24.09 24.11 24.11 24.08 24.10 24.07 24.01 23.19 23.87 24.07 24.10 24.01 24.02 23.99 24.00 24.06 24.11 24.05 24.00 24.00 23.95 23.95 23.96 23.95 24.00 23.94 24.03 24.08 24.14 24.04 23.93 23.91 23.90 23.98 23.98 23.98 23.99 23.93 24.03 24.04 24.08 24.08 24.13 24.11 24.12 24.13 24.10 24.12 24.14 24.09 24.09 24.11 24.16 24.08 24.05 23.93 24.05 24.09 24.06 23.98 23.88 23.84 23.80 23.76 23.74 23.64
24.10 24.11 24.08 24.10 24.05 24.09 24.16 24.17 24.10 24.08 24.08 24.09 24.11 24.09 24.08 24.03 24.07 24.03 23.69 23.85 24.07 24.11 24.09 24.05 23.98 23.95 24.05 24.03 24.05 24.02 24.05 24.05 24.03 23.99 24.00 24.02 23.97 24.06 24.12 24.16 24.11 23.91 23.94 23.91 23.91 24.03 24.06 24.03 24.02 24.00 24.00 24.01 24.05 24.08 24.09 24.09 24.08 24.10 24.11 24.14 24.15 24.11 24.13 24.13 24.09 24.07 23.98 24.07 24.06 24.00 24.01 23.86 23.72 23.89 23.90 23.83 23.79
24.10 24.13 24.11 24.04 24.06 24.11 24.07 24.05 24.04 24.09 24.09 24.09 24.06 24.04 24.06 24.02 24.03 24.04 24.01 24.04 24.09 24.00 24.01 23.91 23.88 23.95 24.05 23.99 23.98 24.00 23.98 24.04 24.04 24.01 24.01 24.03 24.01 24.04 24.07 24.19 24.08 23.99 23.94 23.94 23.90 23.99 24.03 24.05 24.01 24.01 24.02 24.03 24.05 24.02 24.06 24.08 24.07 24.06 24.03 24.06 24.09 24.10 24.07 24.09 24.03 24.05 24.02 24.02 24.06 24.07 23.99 23.92 23.89 23.84 23.94 23.85 23.73
24.10 24.19 24.11 24.08 24.05 24.05 24.08 24.06 24.08 24.13 24.11 24.09 24.05 24.05 24.06 24.05 24.04 24.02 23.78 23.93 24.07 23.99 23.91 23.89 23.93 23.97 23.99 23.99 23.98 23.98 23.98 24.02 24.03 24.08 24.03 24.02 23.99 24.06 24.08 24.13 24.14 24.05 23.93 23.96 23.98 23.94 23.88 23.90 23.91 23.93 23.97 23.96 23.93 24.00 23.99 24.04 24.05 24.03 24.02 23.98 23.97 24.03 24.03 24.05 24.02 23.98 24.01 24.01 24.04 24.03 23.94 23.79 23.87 23.79 23.83 23.83 23.80
24.05 24.15 24.11 24.12 24.08 24.06 24.09 24.09 24.05 24.11 24.11 24.10 24.08 24.02 24.07 24.06 24.05 24.00 23.86 23.92 24.00 23.91 23.84 23.88 23.91 23.91 23.85 23.95 23.92 23.98 23.95 23.98 23.93 24.01 24.02 24.04 24.05 24.01 24.05 24.09 24.08 24.09 24.01 23.96 23.91 23.89 23.79 23.83 23.89 23.73 23.89 23.89 23.94 23.95 24.01 24.00 24.01 24.00 23.98 23.99 23.93 23.97 24.00 23.93 23.91 23.90 23.86 23.86 23.90 23.98 23.86 23.80 23.84 23.83 23.98 23.86 23.85
24.06 24.06 24.11 24.16 24.13 24.09 24.09 24.09 24.12 24.11 24.11 24.10 24.09 24.06 24.06 24.03 24.06 24.00 23.92 23.99 23.96 23.94 23.91 23.85 23.84 23.79 23.82 23.90 23.94 23.96 23.98 23.99 23.99 23.99 24.02 24.03 24.04 24.04 24.04 24.07 24.06 24.08 24.04 23.79 23.75 23.83 23.76 23.83 23.77 23.82 23.85 23.89 23.89 23.97 23.91 23.96 23.93 23.90 23.98 23.77 23.16 23.58 23.80 23.81 23.68 23.76 23.82 23.84 23.76 23.87 23.85 23.84 23.86 23.92 23.89 23.78 23.69
24.11 24.08 24.08 24.11 24.11 24.12 24.07 24.10 24.10 24.09 24.11 24.09 24.03 23.97 24.02 24.01 23.98 23.94 23.91 23.93 23.91 23.87 23.84 23.89 23.80 23.76 23.81 23.83 23.89 23.91 23.98 23.97 23.98 23.97 24.01 24.07 24.09 24.07 23.98 24.00 24.02 23.95 23.98 23.85 23.59 23.63 23.80 23.88 23.81 23.80 23.86 23.87 23.82 23.85 23.88 23.90 23.91 23.68 23.85 23.41 22.86 23.05 23.75 23.78 23.78 23.71 23.88 23.93 23.76 23.84 23.98 23.93 23.98 23.99 23.94 23.71 23.69
23.99 24.07 24.04 24.11 24.12 24.09 24.03 24.07 24.09 24.08 24.07 24.06 24.04 23.97 24.05 24.05 23.99 23.93 23.88 23.87 23.91 23.82 23.84 23.83 23.79 23.78 23.80 23.77 23.87 23.95 24.00 23.96 24.00 23.95 24.00 24.02 24.08 24.01 23.99 23.92 23.91 23.87 23.92 23.95 23.87 23.83 23.76 23.86 23.80 23.84 23.72 23.77 23.74 23.77 23.87 23.85 23.71 23.79 23.80 23.23 23.59 23.53 23.63 23.70 23.64 23.75 23.81 23.95 23.83 23.91 23.98 23.92 23.81 23.84 23.71 23.64 23.82
23.97 23.96 23.98 24.04 24.07 24.03 24.02 24.01 24.03 24.01 24.05 24.02 24.00 23.95 23.98 23.99 24.02 23.92 23.86 23.83 23.80 23.74 23.82 23.83 23.81 23.80 23.72 23.82 23.85 23.97 24.00 24.00 23.96 23.93 23.99 23.99 23.97 23.96 23.87 23.77 23.86 23.91 24.00 23.96 23.82 23.76 23.82 23.82 23.79 23.78 23.71 23.70 23.70 23.71 23.72 23.71 23.81 23.69 23.71 23.69 23.59 23.67 23.65 23.75 23.64 23.68 23.77 23.75 23.68 23.74 23.74 23.86 23.95 23.97 23.69 23.71 23.79
23.97 23.81 23.87 23.99 24.01 23.97 23.95 23.95 23.97 23.99 24.01 24.02 24.02 24.00 24.02 23.92 23.92 23.94 23.84 23.92 23.83 23.85 23.86 23.89 23.78 23.72 23.66 23.74 23.86 23.92 23.91 23.99 23.98 23.94 23.92 23.95 23.91 23.93 23.83 23.86 23.86 23.93 23.93 23.91 23.92 23.82 23.78 23.72 23.80 23.78 23.66 23.70 23.73 23.75 23.69 23.73 23.78 23.68 23.68 23.71 23.65 23.67 23.79 23.77 23.84 23.77 23.75 23.72 23.67 23.57 23.69 23.85 23.91 23.85 23.56 23.71 23.87
24.05 24.01 23.98 23.98 23.99 24.01 24.03 24.02 23.95 24.00 23.99 24.02 24.01 24.01 24.00 23.91 23.97 23.92 23.81 23.81 23.91 23.89 23.90 23.92 23.83 23.87 23.76 23.76 23.88 23.86 23.90 23.89 23.96 23.92 23.91 23.95 23.89 23.82 23.79 23.76 23.70 23.77 23.93 23.86 23.96 23.79 23.76 23.72 23.68 23.76 23.65 23.65 23.65 23.67 23.68 23.64 23.71 23.71 23.66 23.68 23.60 23.60 23.82 23.73 23.75 23.66 23.68 23.68 23.69 23.70 23.65 23.68 23.64 23.66 23.39 23.44 23.54
23.97 24.02 24.03 23.99 23.96 24.03 23.98 23.99 23.98 23.97 24.01 23.96 23.99 23.94 23.94 23.90 23.93 23.95 23.93 23.96 23.97 23.88 23.88 23.87 23.82 23.84 23.73 23.79 23.87 23.89 23.90 23.84 23.83 23.84 23.78 23.72 23.80 23.72 23.60 23.62 23.58 23.66 23.77 23.89 23.87 23.79 23.80 23.71 23.69 23.74 23.68 23.66 23.68 23.65 23.73 23.73 23.75 23.75 23.73 23.69 23.66 23.58 23.64 23.66 23.62 23.67 23.66 23.73 23.75 23.75 23.66 23.55 23.44 23.54 23.48 23.41 23.53
23.98 23.98 24.01 23.99 23.97 23.98 24.00 23.98 23.97 24.01 24.00 23.91 23.92 23.90 23.92 23.89 23.88 23.90 23.89 23.96 23.98 23.96 23.91 23.77 23.73 23.81 23.83 23.87 23.82 23.82 23.89 23.86 23.83 23.78 23.69 23.74 23.81 23.75 23.65 23.63 23.65 23.69 23.69 23.63 23.65 23.66 23.63 23.60 23.63 23.62 23.57 23.63 23.62 23.59 23.59 23.52 23.63 23.75 23.64 23.46 23.56 23.60 23.62 23.64 23.69 23.65 23.74 23.75 23.80 23.78 23.64 23.38 23.40 23.48 23.36 23.35 23.32
23.95 23.95 23.97 24.00 23.94 23.89 24.01 23.96 23.97 23.95 23.95 23.93 23.93 23.97 23.94 23.94 23.93 23.87 23.95 23.91 23.94 23.93 23.87 23.77 23.75 23.88 23.92 23.90 23.85 23.87 23.81 23.77 23.70 23.87 23.85 23.66 23.71 23.75 23.66 23.52 23.61 23.64 23.63 23.64 23.59 23.69 23.65 23.63 23.63 23.64 23.63 23.50 23.57 23.62 23.64 23.53 23.40 23.52 23.43 23.45 23.52 23.60 23.59 23.53 23.50 23.54 23.61 23.69 23.71 23.73 23.60 23.36 23.46 23.38 23.24 23.13 23.21
23.92 23.98 23.99 23.98 23.97 23.93 23.98 23.98 24.00 23.99 23.98 23.94 23.84 23.92 23.94 23.93 23.93 23.88 23.94 23.93 23.95 23.95 23.82 23.78 23.82 23.88 23.91 23.90 23.90 23.86 23.79 23.68 23.65 23.68 23.71 23.76 23.65 23.68 23.66 23.64 23.63 23.65 23.61 23.60 23.66 23.70 23.65 23.62 23.55 23.62 23.59 23.52 23.55 23.56 23.47 23.43 23.34 23.37 23.39 23.41 23.46 23.59 23.55 23.44 23.45 23.44 23.54 23.59 23.65 23.60 23.52 23.23 23.44 23.36 23.31 23.26 23.17
23.95 23.97 23.93 23.97 23.96 23.88 23.79 23.96 23.97 23.93 23.97 23.94 23.93 23.88 23.93 23.94 23.85 23.85 23.90 23.89 23.90 23.87 23.84 23.84 23.87 23.89 23.85 23.89 23.85 23.84 23.81 23.78 23.64 23.62 23.64 23.75 23.64 23.52 23.48 23.53 23.62 23.63 23.58 23.54 23.57 23.56 23.49 23.28 23.33 23.55 23.56 23.52 23.45 23.49 23.39 23.26 23.20 23.28 23.24 23.32 23.42 23.53 23.56 23.49 23.43 23.43 23.52 23.60 23.62 23.57 23.42 23.21 23.31 23.37 23.31 23.08 23.07
23.94 23.95 23.93 23.94 23.98 23.94 23.92 23.92 23.92 23.94 23.88 23.90 23.86 23.90 23.92 23.86 23.90 23.91 23.88 23.86 23.91 23.84 23.82 23.90 23.88 23.78 23.83 23.83 23.93 23.87 23.83 23.79 23.59 23.59 23.53 23.64 23.64 23.60 23.56 23.53 23.63 23.67 23.62 23.53 23.45 23.38 23.38 23.22 23.22 23.39 23.52 23.43 23.30 23.42 23.34 23.25 23.23 23.30 23.32 23.23 23.26 23.42 23.46 23.38 23.43 23.41 23.48 23.54 23.51 23.50 23.19 22.94 23.13 23.26 23.27 23.20 23.12
23.92 23.93 23.92 23.91 23.90 23.95 23.96 23.94 23.94 23.95 23.96 23.90 23.88 23.88 23.93 23.87 23.85 23.88 23.81 23.77 23.81 23.88 23.85 23.84 23.88 23.85 23.82 23.80 23.89 23.89 23.83 23.74 23.53 23.44 23.58 23.68 23.71 23.79 23.75 23.73 23.67 23.60 23.52 23.46 23.35 23.34 23.24 23.31 23.25 23.26 23.36 23.28 23.15 23.23 23.27 23.28 23.17 23.22 23.20 23.07 23.03 23.26 23.27 23.19 23.33 23.52 23.33 23.32 23.16 23.18 22.81 22.81 23.03 23.36 23.20 23.14 23.08
23.90 23.92 23.94 23.92 23.88 23.96 23.91 23.96 23.96 23.98 23.97 23.88 23.87 23.82 24.03 23.93 23.95 23.84 23.74 23.80 23.74 23.86 23.86 23.86 23.85 23.83 23.83 23.81 23.90 23.89 23.81 23.66 23.54 23.54 23.61 23.65 23.68 23.71 23.62 23.57 23.55 23.60 23.48 23.38 23.23 23.24 23.36 23.42 23.33 23.20 23.29 23.24 23.10 23.08 23.09 23.15 23.12 23.14 23.12 23.02 23.00 23.11 22.99 23.13 23.23 23.31 23.16 22.97 23.01 22.90 22.73 22.97 23.14 23.20 23.19 23.13 23.06
23.90 23.95 23.98 23.91 23.89 23.93 23.95 23.92 23.95 23.94 23.91 23.93 23.94 23.90 23.85 23.88 23.95 23.92 23.92 23.87 23.87 23.84 23.81 23.84 23.85 23.83 23.81 23.78 23.87 23.85 23.77 23.54 23.57 23.59 23.59 23.65 23.66 23.60 23.48 23.46 23.52 23.50 23.51 23.36 23.35 23.26 23.26 23.35 23.41 23.26 23.28 23.17 22.99 22.90 23.01 23.11 23.05 22.97 23.05 23.05 23.14 23.20 23.18 23.13 23.21 23.05 22.68 22.77 22.61 22.76 22.73 22.74 23.04 23.07 23.10 23.04 23.06
23.91 23.89 23.91 23.98 23.96 23.87 23.93 23.93 23.92 23.93 23.92 23.90 24.01 24.00 23.95 23.87 23.91 23.92 23.93 23.89 23.87 23.85 23.79 23.78 23.85 23.83 23.82 23.81 23.78 23.80 23.69 23.60 23.69 23.71 23.63 23.59 23.70 23.62 23.52 23.44 23.48 23.42 23.43 23.30 23.37 23.27 23.08 23.10 23.23 23.24 23.19 23.24 23.05 23.16 23.17 23.11 23.04 22.87 22.98 22.94 23.03 23.26 23.24 22.99 22.84 22.67 22.65 22.56 22.37 22.64 22.77 22.70 23.20 23.18 23.06 23.02 23.02
23.95 23.90 23.90 23.86 23.90 23.91 23.81 23.96 23.93 23.90 23.88 23.79 23.92 23.91 23.89 23.86 23.85 23.90 23.92 23.88 23.83 23.85 23.78 23.76 23.83 23.84 23.76 23.69 23.79 23.80 23.68 23.68 23.76 23.78 23.68 23.62 23.72 23.60 23.49 23.46 23.51 23.55 23.48 23.28 23.28 23.21 23.02 23.10 23.31 23.24 23.06 23.09 23.23 23.30 23.27 23.31 23.18 22.89 22.79 22.80 22.97 23.04 23.24 22.97 22.68 22.35 22.41 22.45 22.26 22.51 22.68 22.86 23.17 23.26 23.01 22.78 23.08
23.92 23.86 23.89 23.91 23.89 23.88 23.86 23.83 23.90 23.91 23.96 23.87 23.91 23.88 23.89 23.85 23.86 23.87 23.91 23.87 23.82 23.82 23.78 23.82 23.80 23.79 23.71 23.60 23.76 23.80 23.72 23.71 23.72 23.69 23.71 23.65 23.67 23.61 23.46 23.54 23.50 23.46 23.38 23.43 23.37 23.21 23.11 23.15 23.32 23.21 23.09 23.06 23.16 23.19 23.23 23.22 23.16 22.99 22.83 22.82 22.96 22.77 22.96 22.78 22.55 22.35 22.24 22.51 22.34 22.31 22.67 22.89 23.10 23.00 22.79 23.01 23.13
23.90 23.87 23.84 23.83 23.82 23.82 23.80 23.69 23.84 23.86 23.84 23.87 23.88 23.90 23.88 23.86 23.84 23.86 23.86 23.82 23.80 23.77 23.80 23.81 23.86 23.82 23.76 23.71 23.77 23.79 23.78 23.72 23.67 23.67 23.64 23.65 23.63 23.54 23.41 23.48 23.45 23.40 23.35 23.29 23.32 23.19 23.11 23.03 23.14 23.10 23.03 23.02 23.12 23.20 23.15 23.16 23.05 22.91 22.93 22.99 23.02 22.83 22.64 22.34 22.35 22.28 22.41 22.45 22.45 22.11 22.57 22.85 22.80 22.82 22.78 22.84 22.87
23.93 24.02 23.96 23.93 23.81 23.87 23.73 23.66 23.72 23.76 23.74 23.79 23.89 23.87 23.88 23.90 23.85 23.86 23.83 23.82 23.74 23.73 23.75 23.81 23.85 23.83 23.71 23.75 23.77 23.76 23.75 23.74 23.65 23.64 23.59 23.56 23.56 23.52 23.42 23.33 23.51 23.44 23.35 23.37 23.36 23.16 23.04 22.97 23.01 23.01 22.98 22.93 23.10 23.23 23.10 22.99 23.13 22.83 22.87 22.94 22.93 22.57 22.35 22.15 22.09 22.24 22.34 22.49 22.57 22.33 22.47 22.68 22.88 22.59 22.70 22.87 22.94
23.78 23.81 23.77 23.74 23.83 23.76 23.62 23.61 23.74 23.73 23.77 23.72 23.95 23.96 23.88 23.88 23.81 23.89 23.91 23.87 23.79 23.77 23.73 23.78 23.79 23.80 23.74 23.81 23.76 23.75 23.70 23.66 23.61 23.54 23.44 23.51 23.65 23.54 23.42 23.48 23.52 23.42 23.43 23.36 23.27 23.20 23.12 23.12 23.10 22.77 22.84 22.83 22.83 23.05 22.87 22.87 23.04 22.68 22.52 22.57 22.62 22.25 21.83 21.83 21.82 22.28 22.37 22.64 22.55 22.37 22.47 22.68 22.78 22.93 22.93 23.06 23.08
23.89 23.76 23.72 23.67 23.74 23.73 23.72 23.71 23.73 23.75 23.77 23.85 23.81 23.85 23.81 23.87 23.87 23.89 23.86 23.83 23.79 23.86 23.77 23.74 23.77 23.80 23.77 23.72 23.67 23.73 23.68 23.63 23.59 23.55 23.46 23.40 23.49 23.37 23.32 23.38 23.41 23.39 23.37 23.31 23.21 23.06 23.18 23.17 22.98 22.77 22.76 22.76 22.52 22.78 22.87 22.62 22.57 22.40 22.52 22.55 22.74 22.45 21.56 21.85 22.06 22.17 22.22 22.44 22.28 22.41 22.46 22.58 22.91 22.95 22.90 22.86 22.92
23.67 23.70 23.75 23.69 23.79 23.84 23.84 23.92 23.74 23.70 23.81 23.88 23.87 23.83 23.78 23.73 23.78 23.83 23.81 23.86 23.87 23.86 23.83 23.72 23.73 23.78 23.71 23.63 23.68 23.72 23.67 23.61 23.61 23.57 23.47 23.45 23.46 23.35 23.29 23.12 23.21 23.28 23.26 23.24 23.19 23.13 22.88 23.08 22.88 22.61 22.69 22.70 22.48 22.70 22.62 22.56 22.48 22.22 22.48 22.61 22.76 22.54 21.59 21.90 21.93 22.11 22.18 22.45 22.21 22.31 22.57 22.74 23.06 23.03 22.98 22.88 22.71
23.61 23.76 23.82 23.71 23.81 23.79 23.83 23.87 23.78 23.75 23.79 23.86 23.83 23.82 23.77 23.66 23.64 23.76 23.78 23.77 23.83 23.82 23.83 23.72 23.69 23.76 23.61 23.58 23.65 23.62 23.61 23.63 23.56 23.50 23.49 23.48 23.35 23.29 23.23 23.11 23.15 23.16 23.07 23.06 23.09 22.94 22.73 22.60 22.56 22.42 22.37 22.63 22.66 22.96 22.90 22.64 22.59 22.45 22.34 22.53 22.47 22.16 21.99 21.75 21.94 21.90 22.30 22.33 22.13 22.40 22.56 22.89 23.10 22.97 22.92 22.64 22.84
23.67 23.76 23.61 23.69 23.71 23.72 23.71 23.77 23.70 23.76 23.79 23.82 23.80 23.76 23.77 23.64 23.60 23.60 23.72 23.73 23.75 23.72 23.72 23.73 23.70 23.76 23.70 23.58 23.67 23.61 23.59 23.50 23.49 23.40 23.29 23.35 23.29 23.17 23.20 23.17 23.10 23.03 22.93 23.00 22.77 22.91 22.88 22.76 22.64 22.34 22.26 22.36 22.62 22.85 22.83 22.46 22.54 22.49 22.28 22.11 22.08 21.98 22.10 22.25 22.09 22.18 22.13 22.29 22.20 22.32 22.73 22.94 22.97 22.84 22.78 22.43 22.75
23.65 23.71 23.60 23.63 23.70 23.74 23.73 23.73 23.68 23.65 23.65 23.68 23.72 23.74 23.79 23.71 23.77 23.57 23.67 23.68 23.68 23.53 23.58 23.52 23.66 23.72 23.65 23.46 23.42 23.37 23.34 23.51 23.43 23.34 23.30 23.29 23.20 23.05 23.08 23.15 22.80 22.80 22.75 22.75 22.67 22.55 22.62 22.63 22.59 22.28 22.18 22.01 22.30 22.77 22.71 22.32 22.46 22.37 22.12 21.88 21.63 21.95 22.15 22.57 22.37 22.18 22.12 22.47 22.42 22.44 22.57 22.80 22.73 22.74 22.45 22.57 22.52
23.75 23.76 23.63 23.65 23.65 23.73 23.64 23.60 23.60 23.57 23.60 23.64 23.71 23.71 23.66 23.64 23.66 23.48 23.60 23.61 23.52 23.24 23.47 23.46 23.60 23.58 23.49 23.40 23.15 23.07 23.04 23.30 23.30 23.28 23.24 23.17 23.13 23.02 23.08 23.20 22.83 22.84 22.82 22.84 22.65 22.61 22.64 22.45 22.19 22.25 22.09 21.87 21.90 22.59 22.58 22.60 22.39 22.10 22.01 21.68 21.62 21.93 22.22 22.54 22.54 22.30 21.91 22.40 22.44 22.45 22.41 22.47 22.69 22.46 22.48 22.64 22.49
23.67 23.71 23.64 23.71 23.74 23.74 23.72 23.70 23.63 23.53 23.56 23.56 23.69 23.68 23.63 23.66 23.62 23.46 23.30 23.56 23.33 23.37 23.36 23.29 23.40 23.28 23.32 23.31 23.16 23.08 22.98 23.11 22.98 23.23 23.04 23.10 22.88 22.97 23.05 22.94 22.67 22.64 22.62 22.51 22.55 22.49 22.08 22.10 21.92 21.54 21.87 21.85 21.63 22.34 22.65 22.52 22.09 22.00 21.91 21.46 21.60 22.15 22.49 22.48 22.41 22.09 21.89 22.21 22.38 22.34 22.45 22.39 22.30 22.56 22.59 22.62 22.28
