main/data/irradiance/12.06.2023.grid
ncols 839
nrows 679
xllcenter 112.0500
yllcenter -43.9500
cellsize 0.0500
nodata_value 99999.90
[rows 238 to 271 of 679, columns 0 to 76 of 839]
99999.90 99999.90 99999.90 99999.90 99999.90 99999.90 99999.90 99999.90 99999.90 99999.90 99999.90 99999.90 99999.90 99999.90 99999.90 99999.90 99999.90 99999.90 99999.90 99999.90 99999.90 99999.90 99999.90 99999.90 16.08 16.20 16.18 16.22 16.22 16.22 16.22 16.22 16.22 16.22 16.27 16.27 16.27 16.27 16.34 16.34 16.38 16.36 16.36 16.36 16.36 16.36 16.36 16.12 16.12 16.12 16.12 16.08 16.08 13.58 14.88 16.27 16.28 16.19 16.20 16.21 16.27 16.32 16.34 16.25 16.23 16.26 16.27 16.29 16.26 16.28 16.31 16.31 16.33 16.32 16.28 16.33 16.30
99999.90 99999.90 99999.90 99999.90 99999.90 99999.90 99999.90 99999.90 99999.90 99999.90 99999.90 99999.90 99999.90 99999.90 99999.90 99999.90 99999.90 99999.90 99999.90 99999.90 99999.90 99999.90 99999.90 99999.90 16.08 16.08 16.18 16.22 16.22 16.22 16.22 16.22 16.22 16.22 16.22 16.22 16.27 16.27 16.27 16.33 16.32 16.30 16.30 16.30 16.30 16.30 15.86 15.86 15.86 16.12 16.12 16.12 15.40 13.18 15.97 16.29 16.27 16.20 16.25 16.15 16.26 16.25 16.28 16.20 16.18 16.20 16.28 16.32 16.33 16.26 16.26 16.32 16.29 16.26 16.28 16.25 16.26
99999.90 99999.90 99999.90 99999.90 99999.90 99999.90 99999.90 99999.90 99999.90 99999.90 99999.90 99999.90 99999.90 99999.90 99999.90 99999.90 99999.90 99999.90 99999.90 99999.90 99999.90 99999.90 99999.90 16.08 16.08 16.08 16.18 16.18 16.18 16.22 16.22 16.22 16.22 16.22 16.22 16.22 16.22 16.33 16.33 16.32 16.29 16.30 16.30 16.30 16.30 16.30 15.86 15.86 15.86 15.86 15.67 15.67 14.15 15.37 16.27 16.26 16.25 16.18 16.26 16.16 15.96 15.98 16.05 16.08 16.16 16.20 16.28 16.31 16.28 16.20 16.19 16.24 16.22 16.22 16.15 16.19 16.26
99999.90 99999.90 99999.90 99999.90 99999.90 99999.90 99999.90 99999.90 99999.90 99999.90 99999.90 99999.90 99999.90 99999.90 99999.90 99999.90 99999.90 99999.90 99999.90 99999.90 99999.90 99999.90 99999.90 16.08 16.08 16.08 16.18 16.18 16.18 16.18 16.18 16.18 16.22 16.22 16.22 16.22 16.22 16.22 16.32 16.27 16.21 16.21 16.21 16.30 16.30 16.30 15.89 15.89 15.86 15.86 15.86 13.72 14.47 16.19 16.21 16.20 16.23 16.08 16.09 16.21 16.16 15.93 15.89 16.06 16.16 16.20 16.22 16.16 16.15 16.16 16.20 16.20 16.15 16.15 16.22 16.21 16.23
99999.90 99999.90 99999.90 99999.90 99999.90 99999.90 99999.90 99999.90 99999.90 99999.90 99999.90 99999.90 99999.90 99999.90 99999.90 99999.90 99999.90 99999.90 99999.90 99999.90 99999.90 99999.90 99999.90 16.08 16.08 16.08 16.08 16.18 16.18 16.18 16.18 16.18 16.18 16.18 16.18 16.29 16.29 16.29 16.31 16.28 16.23 16.23 16.23 16.23 16.23 15.89 15.89 15.89 15.89 14.81 14.81 12.97 15.16 16.17 16.15 16.23 16.24 16.17 15.99 16.07 16.20 16.11 15.91 16.07 16.13 16.19 16.22 16.19 16.20 16.12 16.20 16.18 16.22 16.18 16.17 16.19 16.23
99999.90 99999.90 99999.90 99999.90 99999.90 99999.90 99999.90 99999.90 99999.90 99999.90 99999.90 99999.90 99999.90 99999.90 99999.90 99999.90 99999.90 99999.90 99999.90 99999.90 99999.90 99999.90 99999.90 16.08 16.08 16.08 16.08 16.08 16.08 16.18 16.18 16.18 16.18 16.18 16.18 16.18 16.29 16.29 16.29 16.29 16.23 16.23 16.23 16.23 16.23 15.90 15.90 15.89 15.89 15.89 13.09 15.04 16.22 16.21 16.20 16.23 16.20 16.19 16.13 16.08 16.15 16.07 16.10 16.12 16.15 16.21 16.24 16.20 16.17 16.11 16.17 16.17 16.21 16.19 16.19 16.22 16.22
99999.90 99999.90 99999.90 99999.90 99999.90 99999.90 99999.90 99999.90 99999.90 99999.90 99999.90 99999.90 99999.90 99999.90 99999.90 99999.90 99999.90 99999.90 99999.90 99999.90 99999.90 99999.90 99999.90 16.08 16.08 16.08 16.08 16.08 16.08 16.08 16.08 16.18 16.18 16.18 16.18 16.18 16.18 16.28 16.27 16.27 16.24 16.24 16.24 16.17 16.17 15.90 15.90 15.90 15.73 15.73 12.89 16.13 16.13 16.16 16.20 16.23 16.23 16.19 16.21 16.11 16.15 16.13 16.18 16.23 16.17 16.17 16.18 16.18 16.11 16.12 16.18 16.15 16.17 16.19 16.15 16.23 16.18
99999.90 99999.90 99999.90 99999.90 99999.90 99999.90 99999.90 99999.90 99999.90 99999.90 99999.90 99999.90 99999.90 99999.90 99999.90 99999.90 99999.90 99999.90 99999.90 99999.90 99999.90 99999.90 99999.90 16.08 16.08 16.08 16.08 16.08 16.08 16.08 16.08 16.08 16.20 16.20 16.20 16.20 16.20 16.26 16.23 16.24 16.25 16.25 16.17 16.17 16.17 15.87 15.90 15.90 15.90 14.07 15.77 16.14 16.09 16.15 16.20 16.22 16.24 16.21 16.18 16.13 16.13 16.18 16.20 16.29 16.21 16.12 16.10 16.10 16.10 16.06 16.10 16.12 16.16 16.18 16.14 16.16 16.16
99999.90 99999.90 99999.90 99999.90 99999.90 99999.90 99999.90 99999.90 99999.90 99999.90 99999.90 99999.90 99999.90 99999.90 99999.90 99999.90 99999.90 99999.90 99999.90 99999.90 99999.90 99999.90 99999.90 16.08 16.08 16.08 16.08 16.08 16.08 16.08 16.08 16.08 16.08 16.20 16.20 16.22 16.22 16.21 16.18 16.20 16.18 16.17 16.17 16.17 16.17 15.87 15.87 15.74 15.74 13.57 16.13 16.13 16.15 16.12 16.13 16.14 16.17 16.14 16.12 16.10 16.16 16.20 16.22 16.25 16.12 16.05 16.06 16.04 16.06 16.06 16.10 16.11 16.12 16.12 16.15 16.13 16.10
99999.90 99999.90 99999.90 99999.90 99999.90 99999.90 99999.90 99999.90 99999.90 99999.90 99999.90 99999.90 99999.90 99999.90 99999.90 99999.90 99999.90 99999.90 99999.90 99999.90 99999.90 99999.90 99999.90 16.08 16.08 16.08 16.08 16.08 16.08 16.08 16.08 16.08 16.08 16.08 16.20 16.20 16.19 16.18 16.19 16.20 16.16 16.16 16.16 16.16 16.09 15.87 15.87 15.87 14.95 14.84 16.12 16.12 16.12 16.15 16.16 16.15 16.11 16.16 16.11 16.11 16.13 16.15 16.10 16.17 16.14 16.04 16.08 16.05 16.03 16.05 16.08 16.05 16.11 16.11 16.12 16.06 15.96
99999.90 99999.90 99999.90 99999.90 99999.90 99999.90 99999.90 99999.90 99999.90 99999.90 99999.90 99999.90 99999.90 99999.90 99999.90 99999.90 99999.90 99999.90 99999.90 99999.90 99999.90 99999.90 99999.90 16.08 16.08 16.08 16.08 16.08 16.08 16.08 16.08 16.08 16.08 16.08 16.08 16.17 16.16 16.13 16.20 16.20 16.17 16.16 16.16 16.09 16.09 16.09 15.86 15.86 14.80 16.05 16.12 16.13 16.14 16.04 16.13 16.16 16.18 16.15 16.15 16.09 16.13 16.15 16.11 16.15 16.11 16.04 16.00 16.00 15.93 15.93 15.97 16.00 16.09 16.09 16.03 15.99 16.01
99999.90 99999.90 99999.90 99999.90 99999.90 99999.90 99999.90 99999.90 99999.90 99999.90 99999.90 99999.90 99999.90 99999.90 99999.90 99999.90 99999.90 99999.90 99999.90 99999.90 99999.90 99999.90 99999.90 16.08 16.08 16.08 16.08 16.08 16.08 16.08 16.08 16.08 16.08 16.15 16.15 16.17 16.15 16.19 16.19 16.19 16.15 16.15 16.02 16.09 16.09 16.09 15.66 15.66 15.05 16.09 16.10 16.08 16.09 16.07 15.96 16.13 16.18 16.15 16.11 16.10 16.14 15.98 15.86 16.03 16.13 16.08 16.03 16.05 16.00 15.93 15.92 16.00 16.05 16.00 15.99 16.00 16.01
99999.90 99999.90 99999.90 99999.90 99999.90 99999.90 99999.90 99999.90 99999.90 99999.90 99999.90 99999.90 99999.90 99999.90 99999.90 99999.90 99999.90 99999.90 99999.90 99999.90 99999.90 99999.90 99999.90 16.08 16.08 16.08 16.08 16.08 16.08 16.08 16.08 16.08 16.08 16.08 16.16 16.15 16.17 16.18 16.19 16.17 16.17 16.13 16.02 16.14 16.12 16.07 15.40 14.52 15.96 16.10 16.08 16.05 16.04 16.04 16.09 16.11 16.11 16.14 16.14 16.12 16.11 16.02 15.90 15.82 16.03 16.11 16.13 16.10 16.07 15.97 15.94 15.98 16.01 15.93 15.92 16.01 15.98
99999.90 99999.90 99999.90 99999.90 99999.90 99999.90 99999.90 99999.90 99999.90 99999.90 99999.90 99999.90 99999.90 99999.90 99999.90 99999.90 99999.90 99999.90 99999.90 99999.90 99999.90 99999.90 99999.90 16.15 16.15 16.15 16.15 16.15 16.15 16.15 16.15 16.15 16.15 16.15 16.15 16.18 16.13 16.18 16.13 16.16 16.17 16.13 16.16 16.14 16.13 16.07 15.93 16.02 16.07 16.08 16.04 16.01 16.03 16.03 16.06 16.07 16.10 16.11 16.08 16.05 16.07 16.06 16.05 15.99 16.03 16.04 16.02 16.05 15.93 15.95 15.98 16.04 16.02 15.96 15.98 16.03 16.05
99999.90 99999.90 99999.90 99999.90 99999.90 99999.90 99999.90 99999.90 99999.90 99999.90 99999.90 99999.90 99999.90 99999.90 99999.90 99999.90 99999.90 99999.90 99999.90 99999.90 99999.90 99999.90 99999.90 16.07 16.07 16.07 16.07 16.07 16.07 16.07 16.07 16.07 16.07 16.07 16.09 16.13 16.09 16.10 16.12 16.09 16.07 16.10 16.11 16.09 16.15 16.05 15.97 16.03 16.05 16.03 15.99 16.01 16.01 16.00 16.04 16.08 16.04 16.07 16.05 15.99 15.97 15.96 16.03 15.98 16.01 15.98 16.04 15.98 15.96 15.92 15.91 15.99 16.03 16.05 16.04 16.08 15.98
99999.90 99999.90 99999.90 99999.90 99999.90 99999.90 99999.90 99999.90 99999.90 99999.90 99999.90 99999.90 99999.90 99999.90 99999.90 99999.90 99999.90 99999.90 99999.90 99999.90 99999.90 99999.90 99999.90 16.05 16.05 16.05 16.05 16.05 16.05 16.05 16.05 16.05 16.05 16.05 16.06 16.08 16.06 16.07 16.07 16.08 16.05 16.08 16.07 16.04 16.10 16.01 15.95 15.98 16.01 15.97 15.95 15.98 15.96 15.96 15.97 16.01 15.96 16.02 16.00 15.99 15.96 15.92 15.96 16.01 16.03 15.99 15.99 15.99 15.97 15.95 15.84 15.93 15.98 16.00 15.97 15.98 15.98
99999.90 99999.90 99999.90 99999.90 99999.90 99999.90 99999.90 99999.90 99999.90 99999.90 99999.90 99999.90 99999.90 99999.90 99999.90 99999.90 99999.90 99999.90 99999.90 99999.90 99999.90 99999.90 99999.90 16.05 16.05 16.05 16.05 16.05 16.05 16.05 16.05 16.05 16.05 16.05 15.96 16.06 16.04 16.08 16.05 16.05 16.04 16.04 16.03 16.03 16.07 16.07 16.01 15.97 15.98 15.96 15.94 15.91 15.88 15.91 15.90 15.98 16.02 15.98 16.02 16.00 16.00 15.97 15.96 15.98 15.97 15.96 15.93 15.98 15.98 15.95 15.90 15.85 15.87 15.87 15.97 15.91 15.92
99999.90 99999.90 99999.90 99999.90 99999.90 99999.90 99999.90 99999.90 99999.90 99999.90 99999.90 99999.90 99999.90 99999.90 99999.90 99999.90 99999.90 99999.90 99999.90 99999.90 99999.90 99999.90 99999.90 16.05 16.05 16.05 16.05 16.05 16.05 16.05 16.05 16.05 16.05 15.96 15.96 16.03 16.01 16.01 16.03 16.04 16.04 16.04 16.02 16.05 16.06 15.98 15.98 15.97 15.99 15.95 15.91 15.88 15.86 15.89 15.82 15.88 15.97 15.97 15.98 15.95 15.92 15.96 15.98 15.96 15.95 15.94 15.98 15.95 15.98 15.97 15.88 15.69 15.76 15.85 15.93 15.90 15.83
99999.90 99999.90 99999.90 99999.90 99999.90 99999.90 99999.90 99999.90 99999.90 99999.90 99999.90 99999.90 99999.90 99999.90 99999.90 99999.90 99999.90 99999.90 99999.90 99999.90 99999.90 99999.90 99999.90 16.05 16.05 16.05 16.05 16.05 16.05 16.05 16.05 16.05 15.96 15.93 15.93 15.93 16.00 16.02 15.98 16.03 16.02 16.02 16.01 16.00 15.98 16.02 15.96 15.94 15.93 15.93 15.93 15.88 15.88 15.82 15.81 15.79 15.85 15.92 15.94 15.91 15.92 15.93 15.95 15.95 15.93 15.92 15.95 15.90 15.89 15.91 15.83 15.75 15.80 15.72 15.86 15.93 15.92
99999.90 99999.90 99999.90 99999.90 99999.90 99999.90 99999.90 99999.90 99999.90 99999.90 99999.90 99999.90 99999.90 99999.90 99999.90 99999.90 99999.90 99999.90 99999.90 99999.90 99999.90 99999.90 99999.90 16.05 16.05 16.05 16.05 16.05 16.05 16.05 16.05 15.93 15.93 15.93 15.93 15.93 15.98 15.99 15.95 15.97 15.99 16.01 16.05 16.00 15.97 15.99 15.94 15.91 15.86 15.81 15.89 15.92 15.88 15.70 15.72 15.77 15.86 15.92 15.93 15.91 15.90 15.90 15.92 15.91 15.83 15.88 15.93 15.97 15.92 15.90 15.92 15.86 15.85 15.66 15.67 15.94 15.93
99999.90 99999.90 99999.90 99999.90 99999.90 99999.90 99999.90 99999.90 99999.90 99999.90 99999.90 99999.90 99999.90 99999.90 99999.90 99999.90 99999.90 99999.90 99999.90 99999.90 99999.90 99999.90 99999.90 16.05 16.05 16.05 16.05 16.05 16.05 15.93 15.93 15.93 15.93 15.93 15.96 15.96 15.96 15.97 15.95 15.94 15.93 15.97 16.02 15.97 15.96 15.95 15.92 15.93 15.91 15.89 15.89 15.92 15.88 15.80 15.79 15.78 15.85 15.88 15.90 15.90 15.91 15.90 15.93 15.92 15.87 15.81 15.86 15.90 15.92 15.86 15.84 15.86 15.88 15.75 15.65 15.86 15.92
99999.90 99999.90 99999.90 99999.90 99999.90 99999.90 99999.90 99999.90 99999.90 99999.90 99999.90 99999.90 99999.90 99999.90 99999.90 99999.90 99999.90 99999.90 99999.90 99999.90 99999.90 99999.90 99999.90 16.05 16.05 16.05 16.05 16.05 15.93 15.93 15.93 15.93 15.94 15.94 15.94 15.94 15.94 15.95 15.94 15.96 15.95 15.98 16.01 15.97 15.93 15.90 15.86 15.93 15.95 15.90 15.90 15.88 15.92 15.87 15.81 15.83 15.83 15.86 15.87 15.88 15.88 15.87 15.86 15.88 15.86 15.80 15.76 15.82 15.86 15.84 15.85 15.83 15.83 15.80 15.80 15.73 15.87
99999.90 99999.90 99999.90 99999.90 99999.90 99999.90 99999.90 99999.90 99999.90 99999.90 99999.90 99999.90 99999.90 99999.90 99999.90 99999.90 99999.90 99999.90 99999.90 99999.90 99999.90 99999.90 99999.90 16.05 16.05 15.92 15.92 15.92 15.92 15.92 15.92 15.92 15.92 15.92 15.91 15.91 15.91 15.92 15.93 15.94 15.92 15.96 15.93 15.91 15.84 15.87 15.92 15.92 15.89 15.83 15.88 15.92 15.91 15.92 15.83 15.85 15.88 15.86 15.80 15.83 15.82 15.82 15.84 15.82 15.85 15.83 15.78 15.74 15.76 15.79 15.77 15.82 15.77 15.80 15.80 15.79 15.83
99999.90 99999.90 99999.90 99999.90 99999.90 99999.90 99999.90 99999.90 99999.90 99999.90 99999.90 99999.90 99999.90 99999.90 99999.90 99999.90 99999.90 99999.90 99999.90 99999.90 99999.90 99999.90 99999.90 16.05 16.05 15.92 15.92 15.92 15.92 15.92 15.92 15.92 15.92 15.92 15.92 15.91 15.91 15.90 15.90 15.91 15.91 15.92 15.89 15.90 15.85 15.82 15.83 15.94 15.98 15.89 15.92 15.95 15.94 15.89 15.84 15.82 15.79 15.82 15.84 15.80 15.78 15.79 15.81 15.85 15.86 15.84 15.79 15.75 15.67 15.71 15.75 15.81 15.76 15.74 15.76 15.76 15.79
99999.90 99999.90 99999.90 99999.90 99999.90 99999.90 99999.90 99999.90 99999.90 99999.90 99999.90 99999.90 99999.90 99999.90 99999.90 99999.90 99999.90 99999.90 99999.90 99999.90 99999.90 99999.90 15.67 16.05 16.05 15.92 15.92 15.92 15.92 15.92 15.92 15.92 15.92 15.92 15.92 15.92 15.89 15.87 15.87 15.88 15.87 15.92 15.95 15.88 15.84 15.83 15.89 15.91 15.86 15.90 15.92 15.91 15.90 15.87 15.83 15.79 15.77 15.82 15.85 15.83 15.77 15.80 15.82 15.84 15.80 15.77 15.70 15.73 15.75 15.73 15.78 15.73 15.73 15.71 15.75 15.71 15.75
99999.90 99999.90 99999.90 99999.90 99999.90 99999.90 99999.90 99999.90 99999.90 99999.90 99999.90 99999.90 99999.90 99999.90 99999.90 99999.90 99999.90 99999.90 99999.90 99999.90 99999.90 15.56 15.67 15.67 15.67 15.89 15.89 15.89 15.89 15.89 15.89 15.89 15.89 15.89 15.89 15.89 15.87 15.86 15.86 15.87 15.86 15.91 15.91 15.89 15.87 15.81 15.89 15.86 15.84 15.85 15.85 15.81 15.82 15.82 15.85 15.78 15.76 15.80 15.82 15.86 15.78 15.77 15.76 15.77 15.70 15.64 15.76 15.75 15.79 15.66 15.76 15.72 15.69 15.70 15.74 15.75 15.72
99999.90 99999.90 99999.90 99999.90 99999.90 99999.90 99999.90 99999.90 99999.90 99999.90 99999.90 99999.90 99999.90 99999.90 99999.90 99999.90 99999.90 99999.90 99999.90 99999.90 99999.90 15.56 15.56 15.67 15.67 15.82 15.82 15.82 15.82 15.82 15.82 15.82 15.82 15.82 15.82 15.82 15.84 15.85 15.85 15.84 15.84 15.89 15.87 15.89 15.87 15.87 15.86 15.81 15.84 15.85 15.85 15.83 15.80 15.81 15.82 15.82 15.75 15.78 15.76 15.81 15.76 15.75 15.76 15.77 15.77 15.78 15.79 15.81 15.79 15.71 15.61 15.72 15.71 15.62 15.69 15.75 15.69
99999.90 99999.90 99999.90 99999.90 99999.90 99999.90 99999.90 99999.90 99999.90 99999.90 99999.90 99999.90 99999.90 99999.90 99999.90 99999.90 99999.90 99999.90 99999.90 99999.90 15.63 15.56 15.56 15.56 15.67 15.67 15.72 15.72 15.72 15.72 15.72 15.72 15.72 15.72 15.72 15.72 15.83 15.84 15.83 15.83 15.82 15.85 15.85 15.83 15.87 15.86 15.82 15.81 15.81 15.81 15.82 15.80 15.76 15.77 15.72 15.73 15.71 15.74 15.77 15.74 15.77 15.75 15.71 15.73 15.76 15.77 15.77 15.75 15.75 15.68 15.65 15.69 15.60 15.57 15.64 15.68 15.71
99999.90 99999.90 99999.90 99999.90 99999.90 99999.90 99999.90 99999.90 99999.90 99999.90 99999.90 99999.90 99999.90 99999.90 99999.90 99999.90 99999.90 99999.90 99999.90 99999.90 15.63 15.56 15.56 15.56 15.56 15.67 15.67 15.67 15.71 15.71 15.71 15.71 15.71 15.71 15.71 15.71 15.82 15.85 15.82 15.81 15.80 15.82 15.83 15.83 15.82 15.81 15.80 15.78 15.78 15.80 15.83 15.77 15.78 15.79 15.79 15.79 15.79 15.74 15.68 15.75 15.72 15.71 15.68 15.66 15.70 15.73 15.70 15.70 15.63 15.49 15.59 15.65 15.63 15.60 15.56 15.62 15.69
99999.90 99999.90 99999.90 99999.90 99999.90 99999.90 99999.90 99999.90 99999.90 99999.90 99999.90 99999.90 99999.90 99999.90 99999.90 99999.90 99999.90 99999.90 99999.90 15.57 15.63 15.56 15.56 15.56 15.56 15.56 15.67 15.67 15.67 15.67 15.76 15.76 15.76 15.76 15.76 15.76 15.81 15.81 15.80 15.80 15.79 15.82 15.79 15.81 15.81 15.80 15.79 15.79 15.77 15.76 15.77 15.73 15.75 15.79 15.76 15.77 15.79 15.79 15.75 15.69 15.72 15.72 15.67 15.65 15.69 15.65 15.67 15.60 15.59 15.51 15.51 15.59 15.64 15.61 15.61 15.60 15.61
99999.90 99999.90 99999.90 99999.90 99999.90 99999.90 99999.90 99999.90 99999.90 99999.90 99999.90 99999.90 99999.90 99999.90 99999.90 99999.90 99999.90 99999.90 99999.90 15.57 15.63 15.56 15.56 15.56 15.56 15.56 15.56 15.67 15.67 15.67 15.67 15.69 15.69 15.75 15.75 15.75 15.79 15.79 15.79 15.79 15.73 15.76 15.79 15.78 15.77 15.77 15.78 15.78 15.76 15.72 15.71 15.74 15.74 15.78 15.74 15.72 15.75 15.73 15.74 15.69 15.68 15.67 15.68 15.65 15.70 15.69 15.65 15.56 15.57 15.60 15.55 15.50 15.55 15.58 15.61 15.70 15.61
99999.90 99999.90 99999.90 99999.90 99999.90 99999.90 99999.90 99999.90 99999.90 99999.90 99999.90 99999.90 99999.90 99999.90 99999.90 99999.90 99999.90 99999.90 99999.90 15.57 15.63 15.56 15.56 15.56 15.56 15.56 15.56 15.56 15.67 15.67 15.67 15.67 15.69 15.69 15.73 15.73 15.71 15.74 15.79 15.76 15.72 15.69 15.73 15.75 15.75 15.74 15.73 15.76 15.76 15.73 15.69 15.68 15.72 15.75 15.70 15.65 15.72 15.73 15.73 15.71 15.69 15.66 15.65 15.68 15.68 15.69 15.67 15.65 15.56 15.41 15.45 15.47 15.42 15.62 15.64 15.69 15.69
99999.90 99999.90 99999.90 99999.90 99999.90 99999.90 99999.90 99999.90 99999.90 99999.90 99999.90 99999.90 99999.90 99999.90 99999.90 99999.90 99999.90 99999.90 15.49 15.57 15.63 15.63 15.63 15.56 15.56 15.56 15.56 15.56 15.56 15.67 15.67 15.67 15.67 15.69 15.69 15.69 15.69 15.73 15.75 15.74 15.69 15.70 15.69 15.70 15.73 15.71 15.70 15.70 15.72 15.67 15.64 15.66 15.65 15.71 15.69 15.58 15.59 15.70 15.69 15.68 15.69 15.64 15.65 15.66 15.66 15.65 15.65 15.64 15.63 15.54 15.54 15.52 15.45 15.56 15.66 15.66 15.66
99999.90 99999.90 99999.90 99999.90 99999.90 99999.90 99999.90 99999.90 99999.90 99999.90 99999.90 99999.90 99999.90 99999.90 99999.90 99999.90 99999.90 99999.90 15.49 15.57 15.63 15.63 15.63 15.63 15.63 15.56 15.56 15.56 15.56 15.56 15.67 15.67 15.67 15.67 15.67 15.66 15.70 15.71 15.71 15.70 15.71 15.70 15.69 15.67 15.68 15.57 15.60 15.67 15.69 15.69 15.68 15.67 15.65 15.68 15.64 15.61 15.54 15.63 15.67 15.69 15.65 15.67 15.62 15.63 15.63 15.64 15.62 15.60 15.63 15.60 15.60 15.62 15.49 15.49 15.53 15.67 15.67
