main/data/irradiance/12.08.2023.grid
ncols 839
nrows 679
xllcenter 112.0500
yllcenter -43.9500
cellsize 0.0500
nodata_value 99999.90
[rows 306 to 339 of 679, columns 693 to 769 of 839]
18.00 17.85 17.64 17.58 17.48 17.58 17.38 17.55 17.18 17.33 17.05 16.97 17.55 17.12 17.13 17.23 17.20 17.05 16.76 16.58 16.88 16.34 17.10 17.55 17.50 16.88 17.58 16.68 17.55 16.99 17.76 17.75 17.80 17.56 16.85 16.40 17.59 17.63 17.53 17.81 17.26 16.40 16.98 17.69 18.04 17.82 17.61 17.47 16.91 16.30 16.28 16.31 16.29 15.72 16.02 15.03 15.58 15.41 16.30 16.02 16.14 16.11 16.18 15.86 15.37 15.39 15.01 16.39 16.31 17.25 17.41 17.42 17.48 17.52 17.28 17.28 16.43
17.92 17.86 17.89 17.78 17.44 17.68 17.37 17.56 17.55 17.11 17.28 17.49 17.25 17.26 17.23 17.14 16.63 16.46 16.97 16.85 17.12 16.74 16.72 16.80 16.65 17.34 16.91 17.38 17.08 17.44 17.23 17.67 17.59 17.73 17.58 16.75 17.28 17.04 16.61 16.37 16.34 16.36 17.47 17.26 17.92 17.88 17.54 16.88 16.29 16.57 16.46 16.40 15.89 15.72 15.10 15.77 15.37 16.17 15.52 15.59 15.52 16.23 15.88 16.85 16.14 16.15 16.03 16.22 16.94 17.51 17.56 16.67 17.01 17.51 17.07 17.18 17.01
17.81 17.77 17.69 17.39 17.59 17.54 17.41 17.52 17.56 17.24 17.19 17.11 17.44 17.36 17.38 17.04 16.62 17.03 16.46 16.32 16.80 16.71 16.78 16.81 16.88 16.96 16.97 17.29 17.24 17.49 17.43 17.76 17.40 17.62 17.01 17.25 15.57 15.56 16.78 17.69 17.73 17.17 16.78 16.81 17.91 17.72 16.79 16.16 16.86 17.00 16.75 16.04 15.08 14.75 15.72 15.58 16.45 15.74 15.82 14.96 15.18 16.02 16.13 16.63 16.79 16.23 15.82 16.10 16.04 16.52 17.17 16.80 16.84 16.92 16.99 16.96 16.83
17.86 17.64 17.66 17.56 17.49 17.57 16.94 17.01 16.83 17.13 17.22 16.88 17.50 17.42 17.23 16.95 17.06 16.99 16.95 16.78 16.82 17.22 16.33 16.78 16.52 17.18 16.82 17.47 17.18 17.52 17.35 17.08 17.60 17.48 17.12 17.56 17.03 16.17 15.23 16.34 16.50 16.49 16.97 16.75 17.01 17.32 17.16 17.14 17.36 16.56 16.60 15.45 15.34 15.61 16.95 15.98 15.16 14.37 15.56 15.06 15.79 16.18 16.85 16.64 16.44 16.43 15.68 16.00 16.83 16.95 17.64 16.39 16.42 16.18 16.63 16.83 16.90
17.80 17.83 17.66 17.75 17.66 17.37 17.30 17.56 17.00 16.93 17.25 16.93 17.45 17.41 17.34 17.29 17.05 17.17 16.73 16.71 16.82 17.11 17.15 17.04 17.08 17.00 16.90 17.28 17.28 17.24 16.92 17.31 17.52 17.53 17.50 17.36 17.49 15.78 16.02 16.55 17.24 16.34 14.34 15.37 16.94 17.77 17.30 16.91 17.12 16.73 16.01 15.96 16.24 15.06 15.52 15.19 16.18 15.88 16.21 15.85 16.34 16.30 17.01 16.29 16.00 16.47 16.55 16.01 16.50 16.52 17.01 16.66 17.06 16.37 17.00 16.58 16.28
17.78 17.71 17.67 17.53 17.33 17.10 17.01 16.79 17.09 17.08 17.01 17.32 17.25 17.49 17.54 17.31 17.38 16.98 16.88 17.28 16.90 16.89 16.74 16.85 16.61 17.12 16.89 17.03 17.17 17.08 17.05 17.53 17.22 17.83 17.45 17.52 17.31 17.14 16.43 16.01 16.37 16.26 16.19 16.33 16.98 17.35 17.69 17.40 16.87 16.15 15.88 15.86 15.65 14.97 15.25 15.81 16.36 16.07 15.93 16.26 15.48 15.38 15.66 16.04 16.23 16.53 16.92 16.50 16.24 15.63 15.76 16.26 16.56 16.38 16.73 16.22 16.47
17.73 17.61 17.76 17.59 17.47 17.53 17.35 17.35 17.75 17.68 16.49 17.15 17.50 17.38 17.42 17.07 17.14 17.23 16.95 16.50 17.25 16.74 16.92 17.08 16.78 16.89 17.04 17.00 17.22 17.02 17.50 16.79 17.56 17.53 17.08 17.46 17.44 17.20 16.50 17.31 17.13 16.66 16.05 16.50 17.35 17.63 17.06 16.40 15.39 16.96 16.39 16.02 15.40 15.38 15.25 15.48 15.51 15.01 15.72 15.58 15.72 16.30 16.00 16.44 16.89 17.20 17.20 16.79 16.70 16.17 15.64 16.69 17.01 16.35 16.24 15.90 16.20
17.81 17.79 17.54 17.59 17.55 17.51 17.25 17.51 17.04 17.06 16.64 16.79 17.09 17.45 17.31 17.35 17.28 17.46 17.22 16.81 16.97 16.91 17.15 16.99 16.96 17.11 17.04 17.06 16.79 17.44 16.78 17.34 16.94 17.58 17.62 17.62 17.51 17.38 16.69 17.30 17.36 17.64 17.17 17.30 16.82 15.88 15.49 16.05 16.63 17.00 16.63 16.16 16.46 17.05 16.17 15.93 16.18 16.25 15.93 15.64 15.96 16.28 16.45 16.89 16.75 16.60 16.73 17.00 16.82 16.20 16.34 15.83 16.33 15.58 15.59 15.88 15.86
17.81 17.73 17.73 17.60 17.71 17.63 17.39 17.23 17.31 17.18 16.97 17.53 17.41 17.40 17.30 17.22 17.12 17.09 17.00 16.99 17.09 16.97 16.93 16.60 16.66 16.77 16.72 16.77 17.16 17.20 17.13 16.88 16.79 17.08 16.82 17.42 17.33 17.69 17.57 17.76 17.72 17.60 17.40 17.48 16.99 16.13 16.43 16.49 16.20 16.69 16.86 16.04 16.53 16.21 16.73 16.27 16.00 15.92 16.03 15.84 16.03 16.37 16.49 16.98 16.56 16.93 17.26 16.95 17.14 16.69 16.61 17.03 16.27 16.93 16.79 16.59 16.19
17.74 17.73 17.62 17.57 17.53 17.50 17.50 17.41 17.31 17.16 16.60 17.44 17.23 17.15 17.18 17.38 17.32 17.07 17.08 16.78 16.89 16.84 16.95 16.91 16.87 16.67 16.50 16.87 16.87 16.96 17.42 16.99 17.45 17.65 17.89 17.68 17.67 17.01 17.26 17.33 17.32 17.16 17.26 17.52 17.45 16.45 16.38 16.37 16.21 15.78 16.08 16.03 16.15 16.13 15.81 16.34 15.72 15.45 16.00 15.83 16.50 16.54 16.60 17.21 17.18 16.63 17.11 16.88 17.07 16.94 17.03 16.61 16.30 16.21 16.12 16.38 16.59
17.73 17.81 17.72 17.54 17.45 17.58 17.48 17.19 17.38 16.79 17.09 17.17 17.35 17.52 17.17 17.27 17.54 17.47 17.34 17.05 17.14 16.83 17.33 16.83 17.11 17.21 16.70 17.37 17.16 17.39 17.31 17.46 16.76 17.59 17.37 16.83 17.32 16.78 17.38 17.56 17.60 17.70 17.51 17.79 17.69 17.11 16.98 16.28 16.41 16.26 15.79 15.69 15.49 15.83 15.56 16.59 16.59 16.98 16.84 16.72 16.39 16.38 16.23 16.31 17.06 17.38 16.75 16.84 17.05 17.13 16.58 16.69 16.91 16.13 16.14 16.39 15.47
17.78 17.64 17.54 17.48 17.48 17.42 17.44 17.48 17.33 17.36 17.13 17.26 17.39 17.21 16.79 17.10 17.36 17.27 17.51 17.41 17.51 17.35 17.22 17.07 17.25 17.16 17.13 17.47 17.22 17.50 17.62 17.41 17.64 17.62 17.52 17.53 17.52 17.59 17.56 16.74 17.29 17.91 17.55 17.79 17.60 17.38 17.36 16.17 16.65 16.35 15.85 16.29 16.08 16.22 16.01 15.91 16.16 16.17 16.10 16.01 16.54 16.54 16.95 17.24 16.88 17.30 16.97 17.01 16.73 17.28 16.84 16.96 16.72 16.78 17.06 15.91 16.15
17.70 17.70 17.58 17.29 17.32 17.45 16.88 17.34 17.40 17.40 17.36 17.19 17.45 17.52 17.00 17.19 16.88 17.17 17.51 17.18 17.39 17.45 17.53 17.18 17.18 16.88 17.41 17.45 17.65 17.63 17.39 17.65 17.30 17.57 17.57 17.41 17.34 17.57 17.77 17.34 17.37 17.76 17.61 17.39 17.68 17.24 17.36 17.21 16.76 16.52 16.17 15.39 15.60 14.81 15.52 15.47 16.53 16.83 16.43 16.52 16.71 16.40 16.66 16.87 17.00 17.06 16.27 16.87 16.72 16.71 17.18 16.86 16.26 16.35 16.19 16.19 15.72
17.68 17.63 17.62 17.41 17.42 17.32 17.14 17.26 17.44 17.63 17.11 17.36 17.03 17.21 17.22 17.13 16.65 16.81 16.83 17.22 17.01 17.45 17.34 16.66 17.08 17.10 17.46 17.55 17.33 17.52 17.53 17.37 17.28 17.39 17.42 17.58 17.55 17.55 17.52 17.70 17.20 17.31 17.31 17.49 17.24 17.46 17.13 16.93 16.56 16.77 15.95 16.51 15.60 15.77 15.31 15.94 16.75 16.55 16.41 16.82 16.81 16.87 16.86 16.97 16.96 17.01 17.09 17.16 16.68 17.00 17.50 16.56 16.97 15.89 16.64 16.33 15.77
17.72 17.58 17.58 17.64 17.47 17.43 17.55 17.55 17.53 17.44 17.49 17.48 17.27 17.46 17.68 17.43 17.13 16.87 16.59 16.63 16.94 16.60 16.75 17.11 16.80 16.73 17.23 17.31 17.21 17.33 17.61 17.17 17.68 17.54 17.46 17.50 17.41 17.28 17.31 17.24 16.48 17.12 17.43 17.15 17.38 17.54 17.51 17.23 17.48 17.02 16.75 16.27 16.24 16.01 15.76 16.40 16.50 16.42 16.53 16.85 17.02 17.08 17.11 16.78 16.84 16.49 17.24 16.68 16.38 17.15 16.48 16.98 17.10 16.60 16.13 15.06 16.53
17.64 17.51 17.47 17.40 17.38 17.53 17.57 17.56 17.48 17.49 17.29 17.43 17.54 17.59 17.40 17.24 17.09 16.65 16.93 16.80 16.62 16.66 16.81 16.36 16.73 16.96 17.27 17.36 17.03 17.26 17.10 17.10 17.38 17.18 17.07 17.56 17.41 17.49 17.38 17.19 17.45 17.35 17.79 17.74 17.61 17.61 17.62 17.14 17.15 16.76 16.43 16.08 15.93 16.56 16.49 16.34 16.37 17.16 16.96 16.94 17.01 17.09 17.14 16.75 17.20 17.04 16.63 16.46 16.77 17.01 17.06 17.15 16.92 16.83 15.93 15.21 16.31
17.71 17.57 17.38 17.54 17.44 17.51 17.48 17.54 17.57 17.37 17.20 17.30 17.44 17.38 17.41 17.38 17.26 17.32 17.00 16.78 16.97 16.25 16.38 16.86 16.87 16.83 17.02 17.28 17.15 17.29 17.33 17.10 17.47 17.24 17.29 16.94 17.10 17.09 17.43 17.15 17.32 17.58 17.68 17.42 17.01 17.60 17.26 16.91 17.14 16.89 17.19 16.45 16.04 16.40 16.50 16.75 16.05 16.07 15.84 16.78 17.25 17.16 16.44 16.45 16.95 17.04 17.06 16.60 16.40 16.74 16.68 16.15 16.43 16.37 16.16 15.32 14.73
17.64 17.57 17.54 17.58 17.62 17.48 17.29 17.47 17.48 17.26 17.28 17.43 17.38 17.52 17.47 17.28 17.18 16.95 16.79 16.69 16.43 16.27 16.32 16.57 16.37 16.79 16.75 16.43 16.78 16.40 16.32 16.62 16.96 16.94 17.30 17.32 17.10 17.16 17.39 17.36 17.44 16.94 17.58 17.65 17.45 17.52 17.50 17.56 17.22 17.04 17.22 16.65 16.11 17.10 16.80 16.93 16.87 16.47 16.52 16.99 16.85 16.94 16.93 16.73 16.57 16.04 16.76 17.19 16.28 16.59 16.43 17.03 16.60 16.29 16.25 16.35 15.81
17.60 17.48 17.60 17.64 17.64 17.55 17.57 17.61 17.50 17.47 17.55 17.44 17.47 17.49 17.46 17.03 16.88 17.18 16.56 16.71 16.37 16.61 15.94 16.23 16.15 15.57 16.42 16.83 16.25 16.63 16.49 16.58 16.85 17.28 17.39 17.35 17.30 17.38 17.46 17.56 17.10 16.90 17.37 17.48 17.18 17.18 17.21 17.12 17.10 16.80 16.53 16.14 15.86 17.12 16.54 16.62 16.12 16.03 16.04 16.43 16.20 16.30 16.53 16.28 16.71 16.42 16.56 16.62 16.85 16.91 16.54 16.44 16.99 16.89 16.47 16.10 16.00
17.56 17.49 17.54 17.60 17.64 17.54 17.57 17.63 17.47 17.47 17.37 17.43 17.38 17.38 17.42 17.40 17.01 17.13 16.78 16.63 16.70 16.61 16.55 15.87 16.34 15.89 16.72 16.62 16.96 16.87 16.60 16.48 17.01 16.84 16.94 17.55 17.33 17.26 17.51 17.46 17.31 16.79 17.14 17.50 17.05 17.33 17.35 17.31 16.88 16.86 16.67 15.74 16.95 16.21 16.44 15.95 16.39 16.25 16.02 16.11 16.10 16.26 16.64 16.56 16.13 16.82 16.70 16.69 16.28 16.48 16.94 16.85 15.96 16.24 15.89 16.45 15.79
17.49 17.45 17.50 17.56 17.61 17.63 17.57 17.54 17.54 17.30 17.39 17.46 17.42 17.32 17.39 17.27 17.48 17.43 17.01 17.02 17.12 16.96 17.02 16.88 16.25 15.85 16.67 17.33 17.20 17.08 16.62 16.91 17.36 17.37 17.32 17.34 17.14 17.09 17.50 17.31 17.19 17.39 17.31 17.38 17.46 17.35 17.36 16.95 16.95 16.44 15.93 16.42 16.61 16.48 17.03 17.10 16.64 16.56 16.58 16.51 16.50 16.35 16.04 16.19 16.83 16.25 16.52 15.96 16.44 16.52 16.28 15.93 16.24 16.73 16.39 16.02 16.58
17.54 17.56 17.53 17.50 17.55 17.58 17.55 17.59 17.56 17.42 17.50 17.54 17.35 17.17 17.30 17.32 17.19 17.27 17.35 17.23 16.98 16.71 16.76 16.59 16.71 16.72 16.64 16.68 17.43 17.08 17.13 16.64 16.93 17.25 17.26 17.24 17.54 17.19 16.50 17.02 17.28 17.51 17.38 17.34 17.02 17.01 17.40 17.09 16.57 17.23 16.53 17.25 16.03 16.59 16.51 16.51 16.16 15.88 16.16 16.21 16.45 16.19 16.11 16.28 16.20 15.98 16.53 16.91 15.64 16.10 16.02 16.81 16.42 15.78 16.12 16.06 15.59
17.49 17.52 17.48 17.46 17.49 17.46 17.53 17.44 17.43 17.46 17.44 17.48 17.36 17.19 17.47 17.34 17.38 17.26 17.45 17.28 17.45 17.03 16.94 16.80 16.52 16.65 16.48 16.86 16.88 16.35 16.43 16.92 16.96 17.03 17.12 16.32 17.34 17.26 17.29 16.92 17.04 17.58 17.12 17.35 17.42 17.48 17.26 17.27 17.39 17.32 16.52 16.66 16.54 16.61 17.15 16.21 16.22 16.74 16.59 16.68 15.88 16.16 16.57 15.73 15.85 15.68 16.17 15.74 15.02 15.75 15.82 15.90 15.80 15.43 15.88 16.12 16.09
17.51 17.47 17.47 17.49 17.48 17.45 17.45 17.44 17.47 17.54 17.48 17.47 17.39 17.32 17.44 17.38 17.42 17.52 17.39 17.18 17.24 17.30 17.28 16.95 16.69 16.46 16.73 17.04 17.14 16.89 16.82 17.11 16.76 17.10 17.47 17.42 17.05 17.05 16.86 16.95 16.72 17.14 17.17 17.10 17.30 16.80 17.17 17.06 17.07 17.04 16.89 16.46 16.61 16.32 16.61 16.68 16.91 16.13 15.40 16.13 16.57 15.36 14.73 15.34 15.50 15.33 15.37 15.01 15.49 15.51 14.68 15.16 15.46 15.46 16.18 15.74 15.90
17.48 17.46 17.46 17.46 17.41 17.38 17.34 17.44 17.46 17.51 17.49 17.47 17.50 17.40 17.38 17.46 17.44 17.31 17.28 17.26 17.24 17.19 16.82 16.83 16.57 16.50 16.23 16.26 16.99 16.95 16.40 16.83 16.25 16.45 16.69 17.25 16.88 16.94 16.66 16.42 17.19 17.15 16.97 17.23 16.92 16.69 17.06 17.25 17.38 17.21 16.60 16.38 17.12 16.58 16.67 16.35 16.70 16.66 16.44 16.33 16.00 15.64 16.07 16.21 16.01 15.63 15.51 15.42 15.95 15.52 14.98 15.17 14.70 15.43 16.39 15.76 15.58
17.45 17.40 17.43 17.39 17.42 17.43 17.44 17.33 17.46 17.46 17.47 17.51 17.51 17.55 17.54 17.43 17.38 17.45 17.13 17.22 17.24 17.13 17.02 16.40 16.71 16.79 16.40 16.32 16.88 17.21 16.90 17.00 16.74 16.60 16.60 17.19 17.08 17.18 17.03 16.60 17.17 17.37 17.13 16.93 16.74 17.14 17.30 17.06 17.35 17.05 16.70 17.12 16.70 16.27 15.64 16.19 15.21 15.48 15.74 15.96 15.91 15.42 15.18 15.33 15.57 16.01 15.02 14.95 15.21 15.76 15.45 14.66 14.38 14.33 14.76 15.72 15.88
17.42 17.41 17.35 17.38 17.37 17.39 17.42 17.36 17.45 17.51 17.49 17.44 17.52 17.52 17.46 17.44 17.49 17.45 17.37 17.32 17.24 16.93 17.09 16.80 16.70 16.65 16.39 16.35 16.59 16.85 16.43 16.48 16.64 16.18 16.67 16.57 16.97 16.95 17.32 17.41 17.20 17.19 17.22 16.93 16.75 16.72 17.07 17.07 16.75 16.99 16.61 16.99 16.42 16.72 16.46 14.99 15.36 15.59 15.43 15.22 15.39 15.96 15.14 15.13 16.07 16.00 14.52 14.65 14.40 15.11 14.47 15.22 15.33 14.77 14.16 16.02 16.28
17.41 17.41 17.42 17.36 17.34 17.41 17.30 17.33 17.36 17.43 17.42 17.49 17.51 17.53 17.40 17.42 17.49 17.43 17.34 17.31 17.33 17.29 17.19 17.29 17.11 17.15 16.84 16.68 16.95 16.99 17.31 16.80 16.51 16.70 16.41 17.05 17.40 17.37 17.31 17.40 17.42 17.23 17.24 16.87 16.31 16.41 17.03 17.26 16.71 16.94 16.34 16.51 16.72 16.41 15.85 15.99 16.45 15.97 15.49 15.49 15.55 16.00 15.69 15.95 15.22 15.50 15.62 15.97 15.64 15.11 15.06 14.99 15.57 14.87 15.46 15.70 15.41
17.39 17.38 17.38 17.34 17.41 17.39 17.39 17.42 17.38 17.37 17.41 17.40 17.40 17.44 17.42 17.42 17.43 17.45 17.45 17.39 17.43 17.43 17.39 17.35 17.18 17.06 17.38 17.27 17.35 17.19 17.23 17.16 17.18 16.59 16.69 17.15 17.34 17.41 17.43 17.35 17.41 17.27 17.35 16.87 16.67 16.07 16.18 17.23 16.76 17.03 17.06 17.03 16.68 16.19 15.80 16.45 16.00 15.33 16.12 15.31 15.51 15.50 15.51 16.18 15.04 14.69 15.32 15.25 14.55 14.39 14.17 13.75 14.09 14.66 15.56 14.85 14.84
17.37 17.38 17.38 17.39 17.41 17.41 17.36 17.34 17.38 17.37 17.36 17.40 17.44 17.37 17.36 17.42 17.40 17.48 17.42 17.41 17.41 17.45 17.45 17.35 17.29 16.79 17.16 17.26 17.32 17.21 16.97 16.88 16.69 16.83 16.76 16.81 17.07 17.11 17.27 17.37 17.14 17.14 17.14 16.93 16.31 16.90 17.05 17.07 16.92 16.78 16.78 16.92 16.40 16.70 15.97 16.14 16.26 15.85 16.13 15.25 14.91 15.09 15.24 15.33 15.26 14.21 14.22 14.36 14.70 14.43 14.48 13.96 14.20 14.59 14.91 15.66 14.76
17.38 17.38 17.37 17.39 17.43 17.37 17.33 17.35 17.39 17.31 17.38 17.33 17.34 17.32 17.45 17.45 17.41 17.35 17.38 17.42 17.38 17.42 17.42 17.43 17.20 17.19 17.33 17.42 17.19 17.24 17.19 16.72 16.93 17.15 17.03 17.23 17.36 17.34 17.31 17.42 17.30 17.35 17.28 17.04 16.78 16.62 16.18 16.75 17.12 16.77 16.69 16.44 16.65 16.82 16.16 16.22 16.23 15.54 15.32 15.21 15.68 14.70 14.73 14.41 15.43 15.04 14.63 13.55 13.94 14.73 14.47 13.52 14.28 14.64 14.51 15.69 15.20
17.34 17.33 17.35 17.34 17.35 17.32 17.32 17.28 17.29 17.27 17.29 17.31 17.33 17.34 17.34 17.41 17.47 17.40 17.30 17.43 17.40 17.30 17.38 17.32 17.32 17.27 17.05 17.30 17.22 17.15 17.03 16.89 16.87 16.84 17.08 17.25 17.19 17.33 17.14 17.16 17.28 17.15 17.07 16.73 16.48 16.37 15.33 16.03 16.92 16.65 16.75 16.69 16.72 16.06 16.51 16.13 16.66 15.95 16.27 16.11 15.43 15.91 15.30 15.50 15.60 14.48 14.74 14.34 14.82 14.74 15.26 14.73 14.04 14.51 14.91 15.24 15.20
17.31 17.35 17.32 17.33 17.32 17.31 17.32 17.31 17.30 17.32 17.30 17.31 17.31 17.25 17.36 17.36 17.34 17.36 17.27 17.37 17.38 17.34 17.32 17.31 17.29 17.42 17.35 17.24 17.28 17.31 17.07 16.71 16.85 16.95 17.05 16.99 17.25 17.28 17.20 16.99 17.27 17.19 17.20 16.93 16.44 16.68 16.65 15.74 16.57 16.27 16.86 16.46 15.90 16.39 15.99 16.15 15.43 15.94 16.18 16.57 15.67 16.21 16.07 15.92 14.53 15.64 15.74 15.50 14.74 14.47 14.92 14.71 14.51 14.91 13.13 14.44 15.18
17.31 17.31 17.31 17.29 17.27 17.29 17.27 17.25 17.24 17.22 17.25 17.20 17.14 17.24 17.18 17.26 17.21 17.28 17.36 17.26 17.28 17.32 17.34 17.37 17.37 17.37 17.32 17.17 17.02 17.26 16.93 17.06 16.83 17.04 16.91 16.96 17.11 17.24 17.19 17.30 17.21 17.31 17.25 16.41 16.61 17.04 16.89 16.37 16.27 16.98 16.98 16.87 16.64 16.37 15.85 16.28 16.08 16.16 15.74 16.07 15.48 15.39 15.02 16.00 16.00 14.10 14.60 14.33 15.36 14.68 14.78 14.61 14.48 14.28 13.67 14.09 14.06
