main/data/irradiance/12.08.2023.grid
ncols 839
nrows 679
xllcenter 112.0500
yllcenter -43.9500
cellsize 0.0500
nodata_value 99999.90
[rows 442 to 475 of 679, columns 231 to 307 of 839]
5.15 5.61 6.17 6.24 7.18 7.58 6.67 6.18 6.93 6.81 7.04 7.78 8.01 7.76 6.85 6.42 6.65 5.44 5.54 7.07 7.47 7.09 6.95 7.11 6.90 7.31 6.71 6.94 7.15 7.05 7.23 7.32 7.06 7.18 7.98 8.35 9.11 8.75 8.27 8.70 9.14 8.91 8.67 8.29 8.24 7.98 7.57 7.19 7.95 7.58 8.08 8.04 7.68 7.42 7.63 7.77 8.04 7.99 7.88 8.06 8.81 8.89 9.17 8.92 8.79 9.03 9.42 9.79 9.91 9.57 9.46 8.46 8.68 8.96 9.68 10.09 9.93
5.63 6.02 6.43 6.69 6.74 6.81 6.33 6.69 7.27 7.17 6.80 6.04 6.43 7.44 7.04 5.92 5.71 5.29 6.61 7.49 7.36 7.22 6.98 7.16 7.10 7.00 7.05 7.32 7.07 6.05 6.59 7.55 6.96 7.61 8.45 8.81 8.53 8.70 8.49 8.64 9.49 8.83 8.37 8.53 8.61 7.89 8.18 8.26 8.48 8.89 8.48 7.77 7.33 7.65 8.30 8.05 8.17 8.68 7.82 8.44 8.98 8.88 8.92 8.71 8.93 9.24 8.51 9.13 9.33 9.30 9.68 9.30 9.95 9.92 10.58 10.53 11.17
6.48 6.81 6.50 6.94 6.75 6.88 7.10 6.99 7.44 6.93 6.09 5.62 6.64 7.16 6.92 6.53 6.19 6.19 6.82 7.09 6.54 7.10 6.99 7.23 7.17 7.06 7.39 7.05 6.84 6.58 7.49 8.23 7.00 7.39 8.31 8.39 7.24 7.45 7.93 8.28 9.46 9.39 9.14 8.89 8.51 8.72 8.91 9.22 9.69 10.05 9.59 7.77 7.33 7.65 7.89 7.52 8.41 8.93 7.91 8.96 9.43 9.64 9.78 8.88 8.98 9.45 9.97 10.58 10.49 11.07 10.89 11.04 11.05 11.30 11.53 11.78 11.17
7.20 7.89 7.23 6.51 6.59 7.82 7.43 7.65 7.24 7.20 6.77 5.94 6.80 7.07 5.99 5.99 6.60 6.95 7.43 7.20 7.44 7.16 7.51 7.66 7.74 7.80 7.14 7.20 6.71 7.14 7.83 7.84 6.93 7.16 8.31 8.21 7.86 7.53 7.70 9.09 8.96 9.43 9.37 9.20 9.57 9.30 8.91 9.22 9.69 10.05 9.59 9.59 7.33 7.89 7.89 7.52 8.41 8.93 7.91 8.96 10.46 11.03 10.99 8.88 8.98 9.45 9.97 10.58 10.49 11.07 10.89 11.04 11.05 11.30 11.53 11.78 11.78
7.88 8.07 8.24 7.34 7.05 7.86 7.59 7.29 6.38 6.65 6.40 5.76 5.92 6.37 6.17 6.90 6.68 6.88 6.68 6.88 7.50 7.51 8.73 8.77 8.66 8.06 6.68 7.12 7.04 7.82 7.78 6.46 6.80 7.36 8.10 7.69 7.42 6.50 7.60 7.45 8.53 9.38 9.47 9.80 9.57 9.30 9.30 9.22 9.69 10.05 9.59 9.59 9.59 7.89 7.89 7.52 8.41 8.93 7.91 10.46 10.46 11.03 10.99 10.99 8.98 9.45 9.97 10.58 10.49 11.07 10.89 11.04 11.05 11.30 11.53 11.78 11.78
8.14 8.09 8.20 8.13 7.39 7.66 7.20 7.09 6.97 6.65 6.92 6.66 6.17 5.97 7.11 7.09 7.03 6.38 5.95 7.21 7.79 8.54 9.14 8.97 9.50 7.84 7.23 7.97 7.63 7.41 7.46 6.78 6.75 7.32 7.76 7.65 7.69 8.03 7.05 6.99 7.79 8.35 8.85 9.80 9.80 9.30 9.30 9.30 9.69 10.05 9.59 9.59 9.59 7.89 7.89 7.52 8.41 8.93 10.46 10.46 10.46 11.03 10.99 10.99 10.99 9.45 9.97 10.58 10.49 11.07 10.89 11.04 11.05 11.30 11.53 11.78 11.78
8.51 8.39 7.68 7.45 6.83 6.43 6.64 7.59 7.72 7.48 7.82 7.50 6.07 7.26 7.30 7.22 6.94 6.26 6.64 7.07 7.62 7.83 8.70 8.29 7.72 7.31 7.33 7.76 7.23 6.90 7.09 7.03 6.75 7.85 7.62 7.84 7.34 7.38 7.08 7.51 8.03 8.35 8.85 8.85 9.80 9.80 9.30 9.30 9.69 10.05 9.59 9.59 9.59 7.89 7.89 7.52 8.41 8.93 10.46 10.46 10.46 11.03 10.99 10.99 10.99 9.45 9.97 10.58 10.49 11.07 10.89 11.04 11.05 11.30 11.53 11.78 11.78
8.99 7.69 6.85 6.99 6.76 6.59 7.18 7.78 7.20 6.77 7.39 7.11 6.87 7.20 7.23 7.72 7.05 6.33 7.06 7.14 7.02 7.15 6.52 6.35 6.85 7.15 6.64 6.55 6.49 7.36 8.10 7.15 7.05 7.85 8.28 7.19 7.16 7.13 7.25 7.11 8.03 8.03 8.85 8.85 8.85 9.80 9.30 9.30 9.69 10.05 9.59 9.59 9.59 7.89 7.89 7.52 8.41 8.93 10.46 10.46 10.46 11.03 10.99 10.99 10.99 9.45 9.97 10.58 10.49 11.07 10.89 11.04 11.05 11.30 11.53 11.78 11.78
8.58 7.73 7.68 8.14 7.92 7.30 7.69 7.59 7.29 7.54 7.43 5.90 6.67 7.59 7.85 7.21 6.54 6.44 7.29 6.68 6.06 6.45 6.22 6.96 7.37 7.31 7.04 7.31 7.63 7.81 7.51 7.35 7.56 8.54 8.23 6.72 7.25 7.17 7.25 7.11 7.11 8.03 8.03 8.85 8.85 8.85 9.80 9.30 9.30 10.05 9.59 9.59 9.59 7.89 7.89 7.52 8.41 10.46 10.46 10.46 10.46 11.03 10.99 10.99 10.99 10.99 9.97 10.58 10.49 11.07 10.89 11.04 11.05 11.30 11.53 11.78 11.78
7.96 7.10 7.51 7.85 7.42 7.41 8.37 8.07 7.63 7.76 7.05 6.59 6.38 7.18 7.20 6.95 7.09 7.34 7.71 7.06 6.54 7.14 7.22 7.81 7.25 7.34 8.05 7.99 6.94 7.46 7.65 7.26 7.63 8.17 8.23 6.72 7.25 7.17 7.17 7.11 7.11 7.11 8.03 8.85 8.85 8.85 8.85 9.30 9.30 10.05 9.59 9.59 9.59 7.89 7.89 7.52 8.41 10.46 10.46 10.46 10.46 11.03 10.99 10.99 10.99 10.99 9.97 10.58 10.49 11.07 10.89 11.04 11.05 11.30 11.53 11.78 11.78
7.53 7.42 8.24 8.33 8.24 8.25 8.84 8.10 8.30 7.80 7.21 6.71 7.14 6.72 6.93 7.53 7.11 7.03 6.93 6.90 6.06 6.77 7.24 7.47 7.24 9.06 8.42 8.28 7.42 7.64 7.56 7.37 7.63 8.17 8.17 6.72 7.25 7.17 7.17 7.17 7.11 7.11 7.11 8.03 8.85 8.85 8.85 8.85 9.30 10.05 9.59 9.59 9.59 7.89 7.89 7.52 8.41 10.46 10.46 10.46 10.46 11.03 10.99 10.99 10.99 10.99 9.97 10.58 10.49 11.07 10.89 11.04 11.05 11.30 11.53 11.78 11.78
7.77 7.45 7.80 8.09 8.35 8.15 7.80 7.83 8.21 7.44 7.12 7.27 7.07 6.58 6.91 7.06 6.53 6.58 6.85 6.99 6.22 6.69 6.67 7.21 8.24 9.23 8.77 8.57 7.74 7.30 7.56 7.37 7.37 8.17 8.17 8.17 7.25 7.17 7.17 7.17 7.11 7.11 7.11 7.11 8.85 8.85 8.85 8.85 8.85 9.30 9.59 9.59 9.59 7.89 7.89 7.52 10.46 10.46 10.46 10.46 10.46 11.03 10.99 10.99 10.99 10.99 10.99 10.58 10.49 11.07 10.89 11.04 11.05 11.30 11.53 11.78 11.78
7.86 7.50 7.38 8.09 8.29 7.96 7.99 7.96 8.68 8.15 8.16 7.86 7.40 6.82 7.01 6.35 6.46 6.74 6.25 6.45 6.47 7.24 7.95 8.08 8.33 8.37 8.21 7.65 7.74 7.30 7.30 7.37 7.37 7.37 8.17 8.17 7.25 7.17 7.17 7.17 7.17 7.11 7.11 7.11 7.11 8.85 8.85 8.85 8.85 9.30 9.59 9.59 9.59 7.89 7.89 7.52 10.46 10.46 10.46 10.46 10.46 11.03 10.99 10.99 10.99 10.99 10.99 10.58 10.49 11.07 10.89 11.04 11.05 11.30 11.53 11.78 11.78
7.94 7.50 7.58 7.56 7.85 8.34 8.01 8.31 8.27 8.13 8.08 7.97 7.00 6.76 7.00 6.91 7.30 6.13 6.33 6.79 7.26 8.01 8.59 8.81 8.67 8.27 8.21 7.65 7.65 7.30 7.30 7.30 7.37 7.37 8.17 8.17 7.25 7.17 7.17 7.17 7.17 7.11 7.11 7.11 7.11 7.11 8.85 8.85 8.85 8.85 9.30 9.30 9.30 10.46 10.46 10.46 10.46 10.46 10.46 10.46 10.46 11.03 10.99 10.99 10.99 10.99 10.99 10.99 10.99 10.99 10.99 10.99 10.99 99999.90 99999.90 99999.90 99999.90
7.97 7.93 7.83 7.64 7.75 8.01 8.23 8.28 8.26 8.12 8.65 8.54 8.10 7.92 7.79 7.85 7.11 6.41 6.24 6.78 6.73 7.58 8.66 8.54 8.52 8.27 8.27 7.65 7.65 7.65 7.30 7.30 7.37 7.37 7.37 8.17 8.17 7.17 7.17 7.17 7.17 7.17 7.11 7.11 7.11 7.11 8.85 8.85 8.85 8.85 8.85 8.85 9.80 9.80 99999.90 99999.90 99999.90 99999.90 99999.90 99999.90 99999.90 99999.90 99999.90 99999.90 99999.90 99999.90 99999.90 99999.90 99999.90 99999.90 99999.90 99999.90 99999.90 99999.90 99999.90 99999.90 99999.90
7.32 7.74 7.98 7.34 7.25 7.50 8.04 7.74 8.04 8.27 8.46 8.16 7.97 7.74 7.79 8.23 6.69 6.76 6.81 7.68 7.54 7.76 7.72 8.54 8.52 8.52 8.27 8.27 7.65 7.65 7.30 7.30 7.30 7.37 7.37 8.17 8.17 7.17 7.17 7.17 7.17 7.17 7.11 7.11 7.11 7.11 7.11 8.85 8.85 8.85 8.85 8.85 8.85 99999.90 99999.90 99999.90 99999.90 99999.90 99999.90 99999.90 99999.90 99999.90 99999.90 99999.90 99999.90 99999.90 99999.90 99999.90 99999.90 99999.90 99999.90 99999.90 99999.90 99999.90 99999.90 99999.90 99999.90
7.44 7.35 7.58 7.38 7.03 7.23 6.58 6.82 7.42 7.66 7.88 7.69 7.56 8.49 8.64 8.23 6.69 6.76 6.81 7.68 7.54 7.76 7.72 7.72 8.52 8.52 8.52 8.27 7.65 7.65 7.65 7.30 7.30 7.37 7.37 7.37 8.17 7.17 7.17 7.17 7.17 7.17 7.17 7.11 7.11 7.11 7.11 7.11 7.11 8.03 8.03 99999.90 99999.90 99999.90 99999.90 99999.90 99999.90 99999.90 99999.90 99999.90 99999.90 99999.90 99999.90 99999.90 99999.90 99999.90 99999.90 99999.90 99999.90 99999.90 99999.90 99999.90 99999.90 99999.90 99999.90 99999.90 99999.90
7.56 7.38 7.49 7.63 7.45 7.12 7.03 7.55 7.71 7.93 7.20 7.56 7.58 8.49 8.64 8.64 6.69 6.76 6.81 7.68 7.54 7.76 7.72 7.72 7.72 8.52 8.52 8.52 8.27 7.65 7.65 7.30 7.30 7.30 7.37 7.37 8.17 8.17 7.17 7.17 7.17 7.17 7.17 7.11 7.11 7.11 7.11 7.11 7.11 7.11 99999.90 99999.90 99999.90 99999.90 99999.90 99999.90 99999.90 99999.90 99999.90 99999.90 99999.90 99999.90 99999.90 99999.90 99999.90 99999.90 99999.90 99999.90 99999.90 99999.90 99999.90 99999.90 99999.90 99999.90 99999.90 99999.90 99999.90
7.79 7.05 7.05 7.65 7.73 7.79 7.97 8.10 7.73 7.40 7.99 8.48 7.58 7.58 8.64 8.64 8.64 6.76 6.81 7.68 7.54 7.76 7.72 7.72 7.72 8.52 8.52 8.52 8.52 7.65 7.65 7.65 7.30 7.30 7.37 7.37 7.37 8.17 7.17 7.17 7.17 7.17 7.17 7.17 7.17 7.17 7.17 7.17 99999.90 99999.90 99999.90 99999.90 99999.90 99999.90 99999.90 99999.90 99999.90 99999.90 99999.90 99999.90 99999.90 99999.90 99999.90 99999.90 99999.90 99999.90 99999.90 99999.90 99999.90 99999.90 99999.90 99999.90 99999.90 99999.90 99999.90 99999.90 99999.90
8.45 8.09 8.07 8.13 8.16 8.58 8.73 8.61 8.37 8.62 8.52 8.48 8.48 7.58 7.58 8.64 8.64 6.76 6.81 7.68 7.54 7.76 7.72 7.72 7.72 7.72 8.52 8.52 8.52 8.52 7.65 7.65 7.30 7.30 7.30 7.37 7.37 8.17 8.17 8.17 8.17 8.17 8.17 8.17 99999.90 99999.90 99999.90 99999.90 99999.90 99999.90 99999.90 99999.90 99999.90 99999.90 99999.90 99999.90 99999.90 99999.90 99999.90 99999.90 99999.90 99999.90 99999.90 99999.90 99999.90 99999.90 99999.90 99999.90 99999.90 99999.90 99999.90 99999.90 99999.90 99999.90 99999.90 99999.90 99999.90
8.70 7.89 7.94 7.75 8.02 8.77 7.75 7.85 8.17 8.42 8.52 8.52 8.48 8.48 7.58 8.64 8.64 6.76 6.81 7.68 7.54 7.76 7.72 7.72 7.72 7.72 8.52 8.52 8.52 8.52 8.52 7.65 7.65 7.30 7.30 7.37 7.37 7.37 7.37 7.37 7.37 7.37 99999.90 99999.90 99999.90 99999.90 99999.90 99999.90 99999.90 99999.90 99999.90 99999.90 99999.90 99999.90 99999.90 99999.90 99999.90 99999.90 99999.90 99999.90 99999.90 99999.90 99999.90 99999.90 99999.90 99999.90 99999.90 99999.90 99999.90 99999.90 99999.90 99999.90 99999.90 99999.90 99999.90 99999.90 99999.90
8.12 8.41 8.59 8.25 8.68 8.58 8.47 7.05 7.45 8.92 8.92 8.92 8.52 8.48 8.48 7.58 8.64 8.64 6.81 7.68 7.54 7.76 7.72 7.72 7.72 7.72 7.72 8.52 8.52 8.52 8.52 7.65 7.65 7.30 7.30 7.30 7.30 7.30 7.30 7.30 99999.90 99999.90 99999.90 99999.90 99999.90 99999.90 99999.90 99999.90 99999.90 99999.90 99999.90 99999.90 99999.90 99999.90 99999.90 99999.90 99999.90 99999.90 99999.90 99999.90 99999.90 99999.90 99999.90 99999.90 99999.90 99999.90 99999.90 99999.90 99999.90 99999.90 99999.90 99999.90 99999.90 99999.90 99999.90 99999.90 99999.90
8.21 8.21 9.09 9.12 8.35 7.66 7.50 7.66 8.28 8.92 8.92 8.92 8.92 8.92 8.48 8.48 8.64 8.64 6.81 7.68 7.54 7.76 7.72 7.72 7.72 7.72 7.72 8.52 8.52 8.52 8.52 8.52 7.65 7.65 7.65 7.65 7.65 7.65 99999.90 99999.90 99999.90 99999.90 99999.90 99999.90 99999.90 99999.90 99999.90 99999.90 99999.90 99999.90 99999.90 99999.90 99999.90 99999.90 99999.90 99999.90 99999.90 99999.90 99999.90 99999.90 99999.90 99999.90 99999.90 99999.90 99999.90 99999.90 99999.90 99999.90 99999.90 99999.90 99999.90 99999.90 99999.90 99999.90 99999.90 99999.90 99999.90
9.75 9.17 9.05 8.93 8.40 7.89 7.78 8.53 9.41 9.41 9.41 8.92 8.92 8.92 8.92 8.92 8.48 8.64 6.81 7.68 7.54 7.76 7.72 7.72 7.72 7.72 7.72 7.72 8.52 8.52 8.52 8.52 8.52 8.52 8.27 8.27 99999.90 99999.90 99999.90 99999.90 99999.90 99999.90 99999.90 99999.90 99999.90 99999.90 99999.90 99999.90 99999.90 99999.90 99999.90 99999.90 99999.90 99999.90 99999.90 99999.90 99999.90 99999.90 99999.90 99999.90 99999.90 99999.90 99999.90 99999.90 99999.90 99999.90 99999.90 99999.90 99999.90 99999.90 99999.90 99999.90 99999.90 99999.90 99999.90 99999.90 99999.90
9.39 8.61 9.12 8.58 8.80 8.97 8.31 8.66 9.41 9.41 9.41 9.41 9.41 8.92 8.92 8.92 8.92 8.48 8.64 7.68 7.54 7.76 7.72 7.72 7.72 7.72 7.72 7.72 8.52 8.52 8.52 8.52 8.52 8.52 8.52 99999.90 99999.90 99999.90 99999.90 99999.90 99999.90 99999.90 99999.90 99999.90 99999.90 99999.90 99999.90 99999.90 99999.90 99999.90 99999.90 99999.90 99999.90 99999.90 99999.90 99999.90 99999.90 99999.90 99999.90 99999.90 99999.90 99999.90 99999.90 99999.90 99999.90 99999.90 99999.90 99999.90 99999.90 99999.90 99999.90 99999.90 99999.90 99999.90 99999.90 99999.90 99999.90
9.22 9.51 9.73 8.36 8.83 8.69 8.55 9.36 9.36 9.36 9.41 9.41 9.41 9.41 9.41 8.92 8.92 8.92 8.64 7.68 7.54 7.76 7.72 7.72 7.72 7.72 7.72 7.72 7.72 7.72 7.72 7.72 7.72 99999.90 99999.90 99999.90 99999.90 99999.90 99999.90 99999.90 99999.90 99999.90 99999.90 99999.90 99999.90 99999.90 99999.90 99999.90 99999.90 99999.90 99999.90 99999.90 99999.90 99999.90 99999.90 99999.90 99999.90 99999.90 99999.90 99999.90 99999.90 99999.90 99999.90 99999.90 99999.90 99999.90 99999.90 99999.90 99999.90 99999.90 99999.90 99999.90 99999.90 99999.90 99999.90 99999.90 99999.90
9.13 8.96 9.10 8.18 8.12 8.08 8.37 8.90 8.90 8.90 8.90 8.90 9.41 9.41 9.41 9.41 9.41 8.92 8.92 8.64 8.64 8.64 8.64 8.64 8.64 99999.90 99999.90 99999.90 99999.90 99999.90 99999.90 99999.90 99999.90 99999.90 99999.90 99999.90 99999.90 99999.90 99999.90 99999.90 99999.90 99999.90 99999.90 99999.90 99999.90 99999.90 99999.90 99999.90 99999.90 99999.90 99999.90 99999.90 99999.90 99999.90 99999.90 99999.90 99999.90 99999.90 99999.90 99999.90 99999.90 99999.90 99999.90 99999.90 99999.90 99999.90 99999.90 99999.90 99999.90 99999.90 99999.90 99999.90 99999.90 99999.90 99999.90 99999.90 99999.90
9.51 8.71 8.74 7.87 7.83 8.38 8.46 8.90 8.90 8.90 8.90 8.90 8.90 8.90 8.90 9.41 9.41 9.41 9.41 8.92 8.48 7.58 7.58 99999.90 99999.90 99999.90 99999.90 99999.90 99999.90 99999.90 99999.90 99999.90 99999.90 99999.90 99999.90 99999.90 99999.90 99999.90 99999.90 99999.90 99999.90 99999.90 99999.90 99999.90 99999.90 99999.90 99999.90 99999.90 99999.90 99999.90 99999.90 99999.90 99999.90 99999.90 99999.90 99999.90 99999.90 99999.90 99999.90 99999.90 99999.90 99999.90 99999.90 99999.90 99999.90 99999.90 99999.90 99999.90 99999.90 99999.90 99999.90 99999.90 99999.90 99999.90 99999.90 99999.90 99999.90
9.61 8.46 7.90 7.81 7.66 8.31 8.01 8.01 8.01 8.90 8.90 8.90 8.90 8.90 8.90 8.90 8.90 8.90 9.41 8.92 8.48 8.48 99999.90 99999.90 99999.90 99999.90 99999.90 99999.90 99999.90 99999.90 99999.90 99999.90 99999.90 99999.90 99999.90 99999.90 99999.90 99999.90 99999.90 99999.90 99999.90 99999.90 99999.90 99999.90 99999.90 99999.90 99999.90 99999.90 99999.90 99999.90 99999.90 99999.90 99999.90 99999.90 99999.90 99999.90 99999.90 99999.90 99999.90 99999.90 99999.90 99999.90 99999.90 99999.90 99999.90 99999.90 99999.90 99999.90 99999.90 99999.90 99999.90 99999.90 99999.90 99999.90 99999.90 99999.90 99999.90
9.25 8.50 8.52 8.73 8.72 8.18 8.01 8.01 8.01 8.01 8.01 8.90 8.90 8.90 8.90 8.90 8.90 8.90 9.41 8.92 8.52 99999.90 99999.90 99999.90 99999.90 99999.90 99999.90 99999.90 99999.90 99999.90 99999.90 99999.90 99999.90 99999.90 99999.90 99999.90 99999.90 99999.90 99999.90 99999.90 99999.90 99999.90 99999.90 99999.90 99999.90 99999.90 99999.90 99999.90 99999.90 99999.90 99999.90 99999.90 99999.90 99999.90 99999.90 99999.90 99999.90 99999.90 99999.90 99999.90 99999.90 99999.90 99999.90 99999.90 99999.90 99999.90 99999.90 99999.90 99999.90 99999.90 99999.90 99999.90 99999.90 99999.90 99999.90 99999.90 99999.90
8.82 7.93 9.06 9.16 9.06 8.18 8.18 8.01 8.01 8.01 8.01 8.01 8.01 8.90 8.90 8.90 8.90 8.90 9.41 8.92 99999.90 99999.90 99999.90 99999.90 99999.90 99999.90 99999.90 99999.90 99999.90 99999.90 99999.90 99999.90 99999.90 99999.90 99999.90 99999.90 99999.90 99999.90 99999.90 99999.90 99999.90 99999.90 99999.90 99999.90 99999.90 99999.90 99999.90 99999.90 99999.90 99999.90 99999.90 99999.90 99999.90 99999.90 99999.90 99999.90 99999.90 99999.90 99999.90 99999.90 99999.90 99999.90 99999.90 99999.90 99999.90 99999.90 99999.90 99999.90 99999.90 99999.90 99999.90 99999.90 99999.90 99999.90 99999.90 99999.90 99999.90
8.80 8.71 9.23 9.16 9.06 9.06 8.18 8.18 8.01 8.01 8.01 8.01 8.01 8.01 8.01 8.90 8.90 8.90 9.41 8.92 99999.90 99999.90 99999.90 99999.90 99999.90 99999.90 99999.90 99999.90 99999.90 99999.90 99999.90 99999.90 99999.90 99999.90 99999.90 99999.90 99999.90 99999.90 99999.90 99999.90 99999.90 99999.90 99999.90 99999.90 99999.90 99999.90 99999.90 99999.90 99999.90 99999.90 99999.90 99999.90 99999.90 99999.90 99999.90 99999.90 99999.90 99999.90 99999.90 99999.90 99999.90 99999.90 99999.90 99999.90 99999.90 99999.90 99999.90 99999.90 99999.90 99999.90 99999.90 99999.90 99999.90 99999.90 99999.90 99999.90 99999.90
8.73 9.27 10.34 10.34 9.06 9.06 9.06 8.18 8.18 8.01 8.01 8.01 8.01 8.01 8.01 8.01 8.01 8.90 9.41 99999.90 99999.90 99999.90 99999.90 99999.90 99999.90 99999.90 99999.90 99999.90 99999.90 99999.90 99999.90 99999.90 99999.90 99999.90 99999.90 99999.90 99999.90 99999.90 99999.90 99999.90 99999.90 99999.90 99999.90 99999.90 99999.90 99999.90 99999.90 99999.90 99999.90 99999.90 99999.90 99999.90 99999.90 99999.90 99999.90 99999.90 99999.90 99999.90 99999.90 99999.90 99999.90 99999.90 99999.90 99999.90 99999.90 99999.90 99999.90 99999.90 99999.90 99999.90 99999.90 99999.90 99999.90 99999.90 99999.90 99999.90 99999.90
8.43 9.85 10.89 10.89 10.89 10.89 9.06 9.06 8.18 8.18 8.01 8.01 8.01 8.01 8.01 8.01 8.01 8.90 9.41 99999.90 99999.90 99999.90 99999.90 99999.90 99999.90 99999.90 99999.90 99999.90 99999.90 99999.90 99999.90 99999.90 99999.90 99999.90 99999.90 99999.90 99999.90 99999.90 99999.90 99999.90 99999.90 99999.90 99999.90 99999.90 99999.90 99999.90 99999.90 99999.90 99999.90 99999.90 99999.90 99999.90 99999.90 99999.90 99999.90 99999.90 99999.90 99999.90 99999.90 99999.90 99999.90 99999.90 99999.90 99999.90 99999.90 99999.90 99999.90 99999.90 99999.90 99999.90 99999.90 99999.90 99999.90 99999.90 99999.90 99999.90 99999.90
