main/data/irradiance/12.03.2023.grid
ncols 839
nrows 679
xllcenter 112.0500
yllcenter -43.9500
cellsize 0.0500
nodata_value 99999.90
[rows 374 to 407 of 679, columns 385 to 461 of 839]
24.13 24.13 24.13 24.13 24.13 24.13 24.09 24.11 24.11 24.05 24.12 24.13 24.09 24.17 24.19 24.15 24.12 24.10 24.01 23.98 23.98 24.01 24.05 24.07 24.08 24.09 24.11 24.17 24.17 24.20 24.20 24.18 24.19 24.17 24.19 24.17 24.11 24.11 23.93 23.67 23.99 23.93 24.11 23.87 23.81 23.77 24.14 23.92 23.98 24.13 24.23 24.23 24.21 24.20 24.16 24.15 24.08 23.89 23.83 23.80 23.72 23.80 23.83 23.79 23.81 23.80 23.80 23.84 23.65 23.64 23.61 23.29 23.06 23.05 22.83 22.98 23.23
24.15 24.13 24.12 24.12 24.12 24.14 24.14 24.13 24.12 24.11 24.13 24.18 24.17 24.15 24.19 24.20 24.17 24.15 24.11 24.08 24.03 24.09 24.08 24.09 24.07 24.09 24.11 24.13 24.15 24.14 24.14 24.16 24.17 24.02 24.14 24.12 23.96 24.04 24.06 23.85 23.89 24.09 23.97 24.11 23.90 24.03 23.91 23.88 24.06 24.15 24.21 24.22 24.20 24.20 24.19 24.13 24.06 23.89 23.82 23.76 23.74 23.80 23.83 23.75 23.88 23.74 23.73 23.77 23.79 23.70 23.53 23.20 23.11 23.04 22.83 22.89 23.07
24.15 24.15 24.14 24.10 24.12 24.13 24.13 24.12 24.13 24.14 24.17 24.20 24.19 24.15 24.17 24.16 24.15 24.15 24.13 24.17 24.14 24.12 24.11 24.13 24.12 24.12 24.09 24.11 24.14 24.13 24.10 24.12 24.10 24.13 24.11 24.06 24.06 24.09 24.11 23.84 23.91 23.87 23.97 23.86 24.11 24.07 23.93 23.97 24.06 24.18 24.17 24.21 24.21 24.18 24.08 24.05 24.02 23.96 23.85 23.79 23.79 23.82 23.72 23.75 23.76 23.73 23.61 23.65 23.75 23.65 23.57 23.07 23.08 23.16 22.99 23.09 23.09
24.02 24.09 24.10 24.11 24.12 24.10 24.09 24.10 24.12 24.11 24.15 24.17 24.15 24.15 24.15 24.05 24.06 24.12 24.10 24.12 24.16 24.12 24.15 24.12 24.12 24.09 24.07 24.07 24.09 24.08 24.09 24.09 24.10 24.10 24.10 24.05 24.07 24.03 24.06 24.09 23.95 23.97 23.85 23.73 23.80 24.14 24.08 24.07 24.05 24.11 24.19 24.19 24.14 24.19 24.05 24.05 24.05 24.03 23.98 23.84 23.82 23.85 23.85 23.80 23.74 23.73 23.73 23.69 23.68 23.60 23.62 23.65 23.78 23.58 23.06 23.12 23.28
23.97 24.01 24.03 24.10 24.11 24.11 24.09 24.06 24.04 24.09 24.10 24.12 24.10 24.15 23.98 23.99 23.99 24.01 24.03 24.01 24.06 24.11 24.20 24.19 24.13 24.15 24.10 24.07 24.05 24.04 24.07 24.05 24.07 24.10 24.06 24.03 24.09 24.07 23.98 24.03 24.09 23.90 23.55 23.87 23.69 24.04 24.03 24.15 24.14 24.13 24.15 24.17 24.15 24.14 24.05 24.06 24.00 23.98 23.96 23.92 23.86 23.85 23.86 23.79 23.73 23.74 23.76 23.71 23.59 23.60 23.73 23.71 23.83 23.85 23.60 23.53 23.46
23.89 23.98 24.00 23.98 24.02 24.07 24.08 24.06 24.07 24.07 24.09 24.08 24.10 24.11 23.99 24.01 24.02 24.05 24.00 24.04 24.06 24.10 24.14 24.19 24.21 24.19 24.14 24.08 24.07 24.12 24.11 24.05 24.09 24.04 24.08 24.09 24.05 24.03 23.90 23.90 23.95 23.94 23.94 23.85 24.02 24.12 24.08 24.10 24.12 24.15 24.16 24.13 24.14 24.11 24.05 24.02 24.03 23.99 23.96 23.86 23.85 23.80 23.80 23.74 23.71 23.72 23.74 23.69 23.56 23.58 23.66 23.55 23.72 23.62 23.61 23.47 23.28
23.92 23.94 23.96 23.97 23.96 24.02 23.95 24.07 24.07 24.05 24.09 24.09 24.09 24.13 24.12 24.11 24.11 24.06 24.06 24.03 24.03 24.04 24.10 24.11 24.14 24.14 24.09 24.10 24.07 24.12 24.12 24.06 24.03 24.03 24.02 24.02 24.05 23.88 24.06 23.92 23.94 24.05 23.99 23.94 23.99 24.08 24.03 24.07 24.12 24.12 24.12 24.12 24.14 24.14 24.05 24.05 24.02 24.04 24.05 23.89 23.92 23.78 23.77 23.76 23.75 23.73 23.65 23.55 23.54 23.39 23.55 23.75 23.70 23.73 23.66 23.58 23.38
23.89 23.87 23.92 23.96 23.96 23.88 23.95 24.03 24.08 24.07 24.07 24.10 24.09 24.13 24.08 24.10 24.12 24.06 24.05 24.04 24.04 24.00 24.05 24.06 24.08 24.10 24.11 24.10 24.03 24.05 24.07 24.07 24.04 24.00 24.04 24.02 23.99 23.97 23.98 23.90 24.05 24.04 23.92 23.95 24.04 24.08 24.10 24.08 24.09 24.08 24.06 24.04 24.08 24.08 24.02 24.00 24.02 24.02 23.99 23.97 24.02 23.94 23.86 23.81 23.76 23.75 23.72 23.70 23.60 23.61 23.76 23.72 23.65 23.58 23.62 23.64 23.71
23.94 23.89 23.90 23.91 23.90 23.90 23.84 23.92 23.96 23.93 24.01 24.05 24.06 24.06 24.08 24.08 24.08 24.08 24.01 23.89 23.93 24.00 24.02 23.97 24.01 24.02 24.06 24.07 24.07 24.07 24.06 24.07 24.08 24.03 23.96 23.99 24.00 24.04 24.01 23.80 23.92 23.99 23.98 23.96 23.99 23.98 24.08 24.08 24.11 24.08 24.04 24.00 24.03 24.08 24.02 23.97 24.02 24.01 23.97 23.94 23.95 23.89 23.81 23.79 23.80 23.75 23.73 23.71 23.74 23.72 23.79 23.75 23.70 23.65 23.60 23.67 23.70
23.95 23.94 23.89 23.88 23.84 23.84 23.83 23.80 23.85 23.82 23.88 23.94 24.02 24.00 24.00 24.01 24.01 23.98 23.79 23.63 23.74 23.85 23.98 24.00 23.99 23.92 23.99 23.98 24.02 24.04 24.02 23.96 23.95 24.00 23.98 23.98 23.99 24.01 24.02 23.96 23.91 23.95 23.98 24.01 24.02 24.01 24.01 24.03 23.99 23.98 24.00 24.00 24.03 24.03 23.99 23.96 23.95 23.98 23.97 23.94 23.98 23.94 23.84 23.78 23.75 23.78 23.74 23.75 23.79 23.79 23.85 23.80 23.78 23.66 23.67 23.59 23.46
23.97 23.93 23.91 23.93 23.89 23.87 23.85 23.84 23.85 23.83 23.82 23.85 23.94 23.98 23.96 23.90 23.93 23.92 23.82 23.80 23.72 23.79 23.85 23.95 24.01 23.82 23.86 23.90 23.98 24.03 23.99 23.91 23.89 23.92 23.93 23.94 24.01 24.01 23.95 24.00 23.97 23.95 23.95 23.99 23.99 24.00 24.01 23.99 23.99 23.94 23.96 23.93 23.99 23.99 23.99 23.99 23.98 23.97 23.98 23.97 23.95 23.93 23.82 23.82 23.75 23.74 23.67 23.70 23.77 23.83 23.91 23.82 23.77 23.70 23.61 23.65 23.49
23.92 23.95 23.95 23.94 23.91 23.89 23.86 23.87 23.84 23.88 23.86 23.81 23.88 23.94 23.93 23.95 23.96 23.94 23.89 23.89 23.82 23.71 23.71 23.79 23.85 23.91 23.89 23.93 23.96 23.97 23.92 23.94 23.92 23.85 23.93 23.96 23.95 23.97 23.87 23.95 23.91 23.93 23.94 23.94 23.97 23.99 23.97 23.97 24.00 23.95 23.92 23.94 23.96 23.97 23.91 23.91 23.93 23.93 23.92 23.96 23.95 23.93 23.88 23.87 23.77 23.80 23.79 23.77 23.80 23.84 23.87 23.81 23.78 23.73 23.70 23.76 23.57
23.95 23.90 23.89 23.87 23.84 23.84 23.81 23.78 23.82 23.87 23.84 23.86 23.87 23.90 23.91 23.93 23.92 23.91 23.89 23.91 23.86 23.85 23.74 23.74 23.81 23.82 23.96 23.97 23.89 23.88 23.91 23.88 23.91 23.80 23.88 23.91 23.85 23.87 23.87 23.91 23.95 23.96 23.95 23.90 23.88 23.93 23.94 23.94 23.94 23.92 23.85 23.89 23.92 23.88 23.84 23.84 23.83 23.88 23.90 23.92 23.96 23.89 23.92 23.94 23.87 23.74 23.75 23.76 23.79 23.83 23.81 23.84 23.86 23.80 23.68 23.83 23.76
23.83 23.83 23.81 23.82 23.79 23.76 23.74 23.75 23.79 23.83 23.93 23.96 23.92 23.93 23.92 23.92 23.94 23.91 23.90 23.92 23.99 23.95 23.82 23.83 23.87 23.88 23.93 23.90 23.85 23.90 23.92 23.82 23.74 23.83 23.84 23.87 23.84 23.79 23.84 23.84 23.90 23.94 23.90 23.87 23.86 23.89 23.90 23.90 23.90 23.83 23.82 23.85 23.89 23.86 23.79 23.75 23.78 23.83 23.91 23.89 23.86 23.84 23.90 23.93 23.88 23.87 23.89 23.85 23.84 23.86 23.81 23.79 23.77 23.84 23.66 23.71 23.85
23.80 23.79 23.75 23.74 23.75 23.76 23.76 23.75 23.82 23.88 23.94 23.91 23.91 23.94 23.95 23.92 23.96 23.95 23.92 23.92 23.96 23.96 23.83 23.73 23.77 23.72 23.71 23.78 23.83 23.85 23.79 23.78 23.74 23.88 23.89 23.84 23.80 23.76 23.83 23.83 23.88 23.88 23.87 23.88 23.85 23.88 23.87 23.90 23.89 23.86 23.85 23.82 23.84 23.90 23.77 23.73 23.71 23.74 23.81 23.85 23.85 23.77 23.77 23.72 23.77 23.85 23.84 23.88 23.88 23.91 23.88 23.88 23.84 23.85 23.74 23.62 23.76
23.81 23.78 23.75 23.75 23.76 23.78 23.83 23.73 23.79 23.84 23.86 23.90 23.88 23.89 23.94 23.94 23.93 23.93 23.91 23.81 23.83 23.80 23.79 23.75 23.71 23.69 23.74 23.74 23.76 23.76 23.82 23.84 23.82 23.85 23.83 23.82 23.76 23.80 23.72 23.80 23.84 23.85 23.84 23.88 23.91 23.89 23.82 23.83 23.85 23.85 23.82 23.79 23.77 23.80 23.83 23.79 23.77 23.76 23.82 23.79 23.80 23.68 23.70 23.52 23.75 23.86 23.81 23.82 23.85 23.87 23.85 23.84 23.80 23.81 23.77 23.69 23.77
23.84 23.81 23.79 23.76 23.77 23.84 23.88 23.81 23.79 23.87 23.82 23.77 23.77 23.78 23.86 23.92 23.94 23.90 23.84 23.80 23.80 23.82 23.79 23.74 23.79 23.80 23.80 23.79 23.76 23.76 23.84 23.81 23.86 23.86 23.91 23.87 23.81 23.82 23.85 23.82 23.84 23.90 23.84 23.86 23.88 23.87 23.72 23.77 23.82 23.88 23.74 23.79 23.79 23.89 23.87 23.85 23.85 23.73 23.66 23.69 23.76 23.68 23.68 23.69 23.75 23.81 23.82 23.82 23.86 23.88 23.84 23.83 23.80 23.82 23.73 23.68 23.63
23.89 23.85 23.83 23.83 23.72 23.86 23.91 23.78 23.76 23.76 23.78 23.67 23.73 23.77 23.79 23.85 23.89 23.89 23.83 23.80 23.86 23.88 23.85 23.86 23.88 23.83 23.80 22.55 22.94 23.66 23.80 23.79 23.84 23.89 23.88 23.84 23.79 23.86 23.88 23.82 23.77 23.77 23.76 23.80 23.88 23.82 23.72 23.73 23.69 23.65 23.75 23.79 23.84 23.83 23.82 23.75 23.72 23.73 23.66 23.64 23.72 23.71 23.68 23.69 23.80 23.74 23.45 23.76 23.75 23.76 23.79 23.84 23.84 23.88 23.83 23.66 23.53
23.88 23.86 23.89 23.85 23.86 23.89 23.89 23.80 23.70 23.75 23.78 23.65 23.65 23.73 23.69 23.80 23.78 23.78 23.83 23.90 23.91 23.88 23.89 23.78 23.30 23.87 23.84 23.86 23.46 23.33 23.48 23.77 23.83 23.81 23.85 23.80 23.81 23.82 23.81 23.88 23.82 23.72 23.66 23.78 23.85 23.79 23.74 23.83 23.84 23.85 23.83 23.80 23.80 23.82 23.75 23.69 23.69 23.70 23.69 23.61 23.69 23.70 23.73 23.72 23.69 23.75 23.69 23.71 23.70 23.74 23.85 23.81 23.79 23.83 23.73 23.67 23.71
23.88 23.88 23.89 23.84 23.86 23.90 23.81 23.79 23.84 23.72 23.77 23.75 23.85 23.84 23.82 23.87 23.89 23.88 23.84 23.89 23.87 23.87 23.73 23.65 22.50 23.56 23.81 23.81 23.78 23.74 23.74 23.73 23.78 23.77 23.81 23.84 23.81 23.81 23.82 23.79 23.78 23.78 23.76 23.71 23.64 23.66 23.72 23.64 23.80 23.90 23.90 23.87 23.83 23.73 23.75 23.79 23.82 23.80 23.74 23.60 23.73 23.74 23.66 23.68 23.68 23.67 23.73 23.74 23.72 23.81 23.80 23.81 23.83 23.78 23.83 23.81 23.74
23.91 23.88 23.86 23.89 23.89 23.88 23.82 23.79 23.81 23.78 23.86 23.77 23.73 23.86 23.93 23.89 23.88 23.90 23.88 23.84 23.85 23.83 23.78 23.76 23.68 23.71 23.76 23.74 23.81 23.82 23.79 23.74 23.80 23.82 23.84 23.83 23.82 23.83 23.82 23.80 23.78 23.79 23.75 23.75 23.71 23.69 23.68 23.77 23.83 23.84 23.83 23.87 23.86 23.75 23.75 23.79 23.79 23.81 23.84 23.76 23.79 23.81 23.76 23.72 23.68 23.64 23.71 23.72 23.64 23.63 23.72 23.78 23.76 23.76 23.71 23.78 23.72
23.90 23.86 23.81 23.87 23.90 23.90 23.85 23.74 23.80 23.75 23.75 23.73 23.78 23.85 23.89 23.83 23.85 23.90 23.93 23.89 23.85 23.83 23.85 23.84 23.85 23.80 23.72 23.75 23.83 23.80 23.79 23.79 23.62 23.80 23.83 23.80 23.80 23.80 23.81 23.74 23.75 23.76 23.74 23.74 23.81 23.83 23.76 23.79 23.84 23.81 23.83 23.79 23.84 23.77 23.69 23.72 23.73 23.77 23.82 23.78 23.79 23.75 23.74 23.72 23.70 23.62 23.65 23.72 23.73 23.72 23.69 23.67 23.73 23.77 23.74 23.77 23.68
23.92 23.90 23.86 23.84 23.86 23.82 23.79 23.74 23.78 23.76 23.74 23.66 23.72 23.82 23.84 23.84 23.84 23.89 23.87 23.89 23.84 23.85 23.87 23.84 23.86 23.84 23.71 23.74 23.74 23.79 23.78 23.45 23.65 23.76 23.76 23.75 23.77 23.76 23.78 23.78 23.73 23.76 23.76 23.79 23.76 23.80 23.79 23.81 23.82 23.78 23.79 23.76 23.81 23.81 23.71 23.74 23.74 23.78 23.81 23.78 23.73 23.70 23.67 23.69 23.69 23.62 23.72 23.74 23.72 23.73 23.71 23.71 23.70 23.74 23.71 23.72 23.70
23.87 23.83 23.81 23.74 23.69 23.67 23.64 23.64 23.67 23.70 23.70 23.61 23.69 23.80 23.84 23.83 23.86 23.88 23.88 23.87 23.87 23.85 23.88 23.87 23.83 23.80 23.73 23.69 23.72 23.74 23.80 23.79 23.75 23.78 23.79 23.75 23.76 23.83 23.84 23.81 23.79 23.81 23.78 23.74 23.71 23.74 23.72 23.76 23.79 23.76 23.77 23.79 23.74 23.61 23.63 23.72 23.74 23.74 23.68 23.75 23.70 23.69 23.66 23.67 23.66 23.64 23.66 23.63 23.63 23.64 23.69 23.69 23.69 23.76 23.70 23.64 23.73
23.76 23.78 23.69 23.76 23.77 23.72 23.55 23.57 23.63 23.62 23.70 23.71 23.80 23.86 23.88 23.85 23.84 23.86 23.86 23.71 23.86 23.87 23.85 23.85 23.86 23.78 23.66 23.69 23.70 23.66 23.67 23.67 23.75 23.58 23.77 23.77 23.77 23.81 23.87 23.72 23.39 23.51 23.68 23.75 23.74 23.76 23.79 23.77 23.77 23.78 23.75 23.70 23.73 23.63 23.66 23.71 23.70 23.65 23.71 23.73 23.68 23.67 23.69 23.68 23.59 23.62 23.66 23.62 23.65 23.64 23.63 23.65 23.68 23.68 23.69 23.69 23.73
23.69 23.72 23.71 23.69 23.72 23.68 23.65 23.58 23.59 23.56 23.61 23.79 23.86 23.87 23.87 23.85 23.86 23.85 23.76 23.75 23.86 23.87 23.85 23.85 23.86 23.85 23.79 23.79 23.80 23.74 23.75 23.77 23.75 23.75 23.78 23.77 23.80 23.79 23.76 23.18 23.17 22.92 23.39 23.82 23.80 23.82 23.81 23.75 23.75 23.77 23.74 23.68 23.66 23.64 23.62 23.62 23.62 23.63 23.68 23.65 23.73 23.62 23.64 23.64 23.60 23.56 23.57 23.64 23.64 23.63 23.59 23.61 23.63 23.67 23.65 23.70 23.74
23.79 23.81 23.82 23.82 23.78 23.75 23.75 23.69 23.74 23.70 23.82 23.83 23.85 23.88 23.88 23.88 23.78 23.66 23.48 23.83 23.86 23.85 23.89 23.85 23.82 23.82 23.78 23.79 23.82 23.72 23.82 23.80 23.78 23.77 23.80 23.78 23.76 23.57 23.74 23.80 23.75 23.79 23.71 23.68 23.77 23.75 23.83 23.80 23.76 23.72 23.73 23.71 23.69 23.66 23.62 23.61 23.63 23.64 23.61 23.62 23.61 23.60 23.61 23.55 23.52 23.51 23.48 23.56 23.59 23.57 23.56 23.58 23.58 23.58 23.62 23.71 23.71
23.86 23.87 23.86 23.84 23.84 23.85 23.84 23.83 23.86 23.83 23.87 23.86 23.88 23.89 23.87 23.85 23.79 23.78 23.85 23.81 23.85 23.88 23.88 23.85 23.82 23.81 23.80 23.78 23.81 23.81 23.72 23.84 23.83 23.85 23.85 23.68 23.56 23.77 23.68 23.75 23.84 23.83 23.80 23.80 23.78 23.77 23.74 23.79 23.79 23.77 23.75 23.72 23.67 23.68 23.65 23.66 23.65 23.68 23.68 23.70 23.68 23.66 23.66 23.59 23.55 23.49 23.46 23.55 23.54 23.53 23.54 23.54 23.62 23.63 23.59 23.71 23.78
23.87 23.86 23.86 23.88 23.85 23.85 23.84 23.84 23.87 23.87 23.87 23.85 23.88 23.88 23.86 23.84 23.83 23.74 23.69 23.64 23.56 23.84 23.83 23.79 23.80 23.78 23.76 23.78 23.83 23.83 23.83 23.88 23.87 23.85 23.84 23.64 23.76 23.80 23.80 23.76 23.81 23.82 23.77 23.71 23.74 23.77 23.68 23.72 23.75 23.75 23.76 23.75 23.73 23.65 23.64 23.62 23.66 23.66 23.67 23.69 23.70 23.63 23.67 23.60 23.58 23.54 23.47 23.50 23.57 23.58 23.59 23.60 23.63 23.60 23.53 23.59 23.68
23.75 23.77 23.85 23.84 23.87 23.87 23.83 23.81 23.82 23.83 23.84 23.86 23.85 23.84 23.84 23.81 23.78 23.77 23.78 23.79 23.83 23.82 23.83 23.81 23.77 23.72 23.78 23.80 23.83 23.82 23.84 23.86 23.86 23.83 23.82 23.80 23.78 23.77 23.76 23.71 23.70 23.70 23.77 23.74 23.75 23.77 23.78 23.75 23.67 23.63 23.60 23.61 23.61 23.59 23.57 23.60 23.63 23.60 23.62 23.67 23.63 23.62 23.63 23.63 23.60 23.55 23.55 23.50 23.52 23.57 23.59 23.55 23.57 23.52 23.57 23.56 23.60
23.42 23.51 23.67 23.74 23.79 23.83 23.83 23.82 23.82 23.83 23.81 23.81 23.83 23.83 23.82 23.79 23.78 23.79 23.81 23.81 23.84 23.81 23.83 23.83 23.82 23.78 23.77 23.81 23.84 23.84 23.82 23.83 23.84 23.54 23.47 23.81 23.84 23.83 23.80 23.76 23.65 23.69 23.66 23.64 23.71 23.66 23.70 23.77 23.75 23.65 23.60 23.63 23.65 23.59 23.55 23.57 23.59 23.59 23.58 23.58 23.58 23.54 23.56 23.62 23.60 23.58 23.64 23.63 23.56 23.53 23.54 23.58 23.60 23.52 23.52 23.57 23.57
23.35 23.38 23.38 23.47 23.04 23.49 23.82 23.84 23.83 23.82 23.82 23.80 23.81 23.82 23.81 23.77 23.78 23.77 23.81 23.80 23.82 23.82 23.82 23.81 23.81 23.80 23.81 23.81 23.83 23.83 23.82 23.83 23.78 23.78 23.81 23.81 23.81 23.81 23.79 23.76 23.65 23.66 23.67 23.67 23.70 23.65 23.65 23.66 23.69 23.65 23.65 23.66 23.62 23.55 23.58 23.54 23.58 23.57 23.50 23.51 23.65 23.52 23.55 23.58 23.55 23.54 23.57 23.58 23.54 23.53 23.49 23.48 23.59 23.60 23.56 23.62 23.60
23.33 23.35 23.33 23.32 23.35 23.57 23.79 23.83 23.82 23.82 23.82 23.81 23.80 23.80 23.80 23.80 23.79 23.80 23.80 23.80 23.81 23.81 23.82 23.81 23.82 23.80 23.81 23.79 23.81 23.82 23.82 23.83 23.81 23.78 23.80 23.83 23.81 23.79 23.81 23.80 23.74 23.67 23.72 23.79 23.71 23.63 23.62 23.63 23.66 23.60 23.61 23.70 23.70 23.57 23.64 23.60 23.55 23.58 23.58 23.49 23.52 23.53 23.53 23.53 23.50 23.47 23.51 23.53 23.54 23.50 23.49 23.47 23.47 23.51 23.61 23.66 23.64
23.28 23.33 23.32 23.36 23.35 23.32 23.44 23.60 23.71 23.77 23.80 23.81 23.82 23.80 23.79 23.77 23.78 23.78 23.80 23.81 23.80 23.81 23.80 23.78 23.79 23.79 23.78 23.78 23.80 23.81 23.81 23.83 23.85 23.82 23.77 23.79 23.81 23.80 23.80 23.79 23.78 23.75 23.75 23.75 23.77 23.75 23.67 23.70 23.68 23.66 23.65 23.70 23.66 23.65 23.71 23.70 23.67 23.63 23.67 23.61 23.52 23.50 23.50 23.48 23.52 23.50 23.52 23.49 23.51 23.54 23.55 23.51 23.42 23.37 23.53 23.63 23.63
