main/data/irradiance/12.01.2023.grid
ncols 839
nrows 679
xllcenter 112.0500
yllcenter -43.9500
cellsize 0.0500
nodata_value 99999.90
[rows 170 to 203 of 679, columns 616 to 692 of 839]
17.01 16.90 19.15 19.53 20.38 23.01 22.61 22.78 22.98 23.16 21.91 22.95 21.96 21.38 22.68 25.61 24.26 23.33 23.53 23.43 21.04 21.03 21.08 21.03 24.01 23.76 23.49 22.52 20.82 20.54 21.36 21.46 24.44 24.19 23.07 21.04 20.25 18.55 16.16 15.23 13.90 16.30 14.76 16.00 16.96 16.56 16.88 17.97 17.43 18.49 17.80 17.32 18.67 19.86 21.15 20.89 22.70 22.65 23.84 21.30 21.21 21.65 23.32 24.46 26.07 23.78 22.80 23.15 22.63 27.09 27.09 27.09 27.09 27.09 27.09 27.09 27.09
17.47 18.40 20.18 21.21 20.83 21.09 19.43 21.25 22.65 22.97 20.42 22.25 22.27 22.18 21.67 22.73 23.47 21.79 20.86 21.66 21.43 21.22 20.36 21.14 22.14 24.68 23.31 22.31 21.56 20.76 19.99 22.76 23.48 24.21 23.89 21.45 18.85 16.44 17.99 15.96 15.23 15.47 15.60 17.46 14.78 16.38 16.39 18.50 18.72 21.08 21.45 19.80 19.42 19.09 21.22 20.16 21.81 21.41 21.25 21.83 18.31 17.59 18.62 21.00 23.20 21.99 21.59 18.63 21.18 25.25 25.25 25.25 25.25 25.25 25.25 25.25 25.25
17.85 20.82 20.60 20.43 19.76 19.79 20.56 21.85 19.76 19.95 22.14 21.89 22.04 20.99 19.84 19.66 21.46 21.18 17.90 19.38 21.05 20.43 18.60 20.50 18.55 20.32 18.98 21.02 22.41 21.32 21.01 21.20 22.42 23.52 23.58 23.66 22.75 21.75 20.31 16.80 18.11 19.11 21.19 21.55 18.15 20.01 19.94 19.94 21.85 21.81 21.20 18.30 19.56 20.24 21.56 20.29 20.67 21.72 21.74 22.70 22.33 17.69 16.45 17.55 18.99 22.09 18.17 17.63 20.25 22.99 22.99 22.99 22.99 22.99 22.99 22.99 22.99
21.24 21.27 20.23 20.70 19.00 19.92 20.40 18.82 21.19 18.74 20.38 20.89 20.31 20.12 17.92 18.62 19.85 20.38 19.39 19.67 21.22 21.59 21.57 21.23 20.53 19.62 17.45 16.55 21.62 22.12 20.70 20.89 20.62 22.03 24.05 25.20 25.49 22.64 20.52 21.02 20.74 19.02 19.47 21.21 20.92 21.46 18.94 18.44 22.48 22.26 20.65 21.40 20.28 19.33 21.86 21.32 22.05 22.35 22.55 21.29 20.37 16.95 18.01 18.02 18.65 20.36 19.29 18.95 19.39 22.99 22.99 22.99 22.99 22.99 22.99 22.99 22.99
21.65 19.86 20.43 20.55 20.39 20.09 21.14 18.26 18.50 17.39 19.28 19.59 18.02 20.00 19.40 19.89 18.31 19.61 20.80 19.18 20.48 22.24 23.21 23.27 22.00 21.08 20.36 16.04 18.87 19.71 19.63 20.17 20.61 23.35 23.41 24.41 24.81 23.73 22.44 22.99 21.36 21.48 20.21 21.49 22.95 20.52 18.30 19.91 20.20 19.38 20.04 20.62 18.71 17.16 20.66 20.28 22.27 23.49 22.95 19.58 16.53 17.69 19.39 18.59 20.49 18.92 20.33 18.36 15.85 15.85 15.85 22.99 22.99 22.99 22.99 22.99 22.99
19.50 18.87 20.18 20.25 20.86 21.17 18.31 18.16 17.23 17.39 17.69 16.29 17.62 18.36 18.11 18.41 16.63 19.07 20.46 19.91 18.61 21.47 24.45 23.43 20.43 22.07 22.40 21.55 21.31 21.16 18.43 18.76 20.69 21.02 22.46 22.35 23.63 23.55 21.95 20.90 22.83 22.21 20.76 20.35 21.74 20.83 18.40 20.56 18.27 21.03 22.25 21.11 20.05 18.99 20.21 21.57 21.15 21.52 22.87 21.24 15.80 13.83 17.05 17.85 18.57 17.57 20.01 18.81 17.69 17.69 17.69 17.69 17.69 22.99 17.46 17.46 16.77
20.49 18.07 20.01 19.92 19.58 18.50 17.36 17.83 18.87 16.26 16.87 16.51 16.67 18.02 16.31 17.89 15.49 18.17 20.23 19.41 19.55 21.22 22.24 22.45 21.47 23.68 23.16 21.81 24.01 21.43 19.95 20.62 21.25 21.63 22.10 22.80 23.83 22.51 22.33 20.52 20.76 22.19 21.76 21.44 19.32 18.88 18.11 19.88 19.12 19.42 21.77 20.77 20.35 23.37 22.46 22.06 21.32 19.99 23.28 23.43 20.38 18.31 18.10 18.88 17.10 18.55 18.80 17.04 17.69 17.69 17.69 16.51 16.51 17.46 17.46 16.77 16.77
20.99 18.07 17.98 18.32 19.46 17.01 16.20 17.36 18.88 15.31 15.51 13.50 14.95 17.05 17.14 17.62 16.58 17.80 20.09 19.60 19.42 22.35 20.34 20.60 23.02 23.43 23.36 23.13 21.18 19.70 19.87 21.62 21.05 22.23 21.36 22.89 24.30 24.68 23.26 21.11 21.75 23.33 22.03 22.47 18.75 17.82 16.61 18.76 18.95 18.62 19.45 22.27 21.53 21.32 22.09 21.64 20.11 20.65 24.31 24.41 24.73 22.45 19.71 19.26 18.75 18.11 15.84 14.88 14.79 14.79 16.51 16.51 17.46 17.46 16.77 16.77 17.51
23.17 22.11 20.58 18.27 16.99 16.12 15.12 16.14 15.88 16.30 17.99 13.56 14.37 17.19 16.61 18.24 19.27 18.78 19.40 20.13 20.07 21.15 19.93 17.86 22.82 21.60 19.66 22.20 21.57 19.46 20.51 20.78 23.09 23.56 22.69 25.07 24.86 23.60 22.79 22.46 21.17 20.67 22.20 22.29 18.71 17.47 18.33 17.54 20.20 19.73 18.63 21.52 21.53 20.11 21.63 22.32 21.99 22.76 22.85 24.57 24.26 23.07 22.37 20.34 20.52 20.29 17.18 13.91 13.57 16.51 16.51 17.46 17.46 16.77 16.77 17.51 17.51
23.54 23.34 23.33 20.30 16.26 16.58 14.79 16.75 15.17 15.97 17.97 15.27 15.05 14.27 16.37 20.34 21.72 20.40 20.59 20.44 21.46 22.72 24.20 19.51 19.44 18.57 18.76 23.59 20.95 20.49 20.64 20.71 20.84 23.74 24.08 25.51 24.99 24.07 23.75 22.33 20.45 20.99 21.49 21.59 20.69 18.31 15.91 16.62 19.78 17.21 18.39 21.52 21.28 21.70 20.88 21.49 22.18 21.28 19.86 22.51 24.98 25.57 24.17 23.36 21.31 21.83 19.27 14.96 13.18 15.95 17.46 17.46 16.77 16.77 17.51 17.51 19.56
23.72 23.95 22.63 20.32 18.98 19.04 18.86 18.36 16.33 16.56 17.50 16.60 15.51 16.37 16.47 19.96 23.14 21.21 20.84 21.91 24.74 22.76 24.10 21.75 18.59 19.55 18.68 22.00 21.82 19.55 19.47 18.60 20.37 21.63 24.07 23.95 23.66 23.67 23.34 24.91 23.11 22.33 22.16 22.48 21.30 21.92 18.61 19.22 20.16 16.80 20.10 21.69 21.20 19.65 20.73 20.11 21.37 21.35 19.69 20.25 23.45 25.25 24.91 24.49 22.70 21.48 18.75 18.30 13.78 12.52 14.47 16.77 16.77 17.51 17.51 17.07 19.56
22.83 24.02 22.38 18.90 19.87 19.40 18.79 19.87 18.30 16.68 18.03 16.32 18.48 19.90 20.85 19.43 21.13 22.10 22.36 24.05 23.78 23.87 23.96 23.96 22.01 21.13 22.45 21.15 20.34 19.17 20.07 18.92 21.28 21.35 22.89 22.88 23.47 25.24 25.62 25.42 23.92 23.49 22.55 20.41 20.82 19.88 19.29 19.69 19.17 19.61 21.24 20.89 21.42 19.10 19.55 20.39 21.76 20.78 18.94 18.69 21.84 22.79 24.76 24.69 22.22 20.90 20.84 19.26 17.68 12.67 12.30 15.24 17.51 17.51 17.07 19.56 19.56
22.58 24.11 21.22 19.96 21.01 21.54 20.97 20.68 20.32 17.45 18.58 17.94 19.34 21.59 19.30 18.17 22.39 24.96 24.71 24.28 23.66 24.82 25.32 24.07 23.31 24.48 22.04 19.49 20.29 21.44 22.02 20.28 21.53 21.71 23.30 23.22 23.85 24.45 25.13 24.76 23.66 24.01 23.24 20.42 21.24 22.05 22.09 23.33 22.67 23.26 21.58 21.43 22.27 19.36 18.07 21.96 21.64 22.03 21.37 20.53 20.10 20.33 23.54 23.37 22.02 21.27 21.94 22.84 21.97 18.12 13.18 13.12 13.93 17.07 17.07 19.56 19.56
22.71 24.43 23.04 19.97 23.53 24.11 22.35 23.54 21.53 18.67 18.05 17.38 19.28 21.22 18.59 21.13 22.37 22.93 25.42 21.66 22.29 24.17 23.44 22.88 23.36 25.64 22.24 20.27 23.16 22.54 21.10 20.72 21.59 23.86 22.79 24.03 24.73 21.73 23.46 23.54 20.61 22.26 21.80 19.62 21.66 20.67 20.81 21.88 22.67 23.35 23.44 24.44 23.16 20.65 20.28 20.51 20.52 21.19 21.75 21.27 21.44 21.79 21.94 21.16 19.72 22.16 22.86 22.28 22.67 20.86 19.65 15.78 14.63 17.14 18.35 19.56 19.56
21.05 23.86 23.52 19.85 24.15 24.00 23.66 22.99 24.71 25.22 23.41 20.84 18.01 20.49 19.06 22.32 24.19 21.23 22.89 23.81 22.32 21.88 22.32 24.03 22.53 23.99 24.24 21.89 23.25 24.21 21.12 21.26 20.93 22.34 23.15 23.82 23.45 22.46 22.08 21.58 20.58 20.97 20.58 18.97 19.92 19.02 17.25 21.61 22.71 22.89 21.34 22.77 22.64 21.07 20.15 18.64 18.74 20.95 19.73 20.54 22.31 21.57 19.60 21.21 20.43 22.23 24.02 23.96 23.06 21.01 22.88 18.94 15.32 18.50 19.60 22.35 24.15
22.13 22.12 20.94 21.56 24.50 23.98 24.20 22.90 24.97 27.51 25.14 21.92 19.17 18.39 18.30 23.56 25.04 19.73 23.02 21.70 22.30 21.79 21.81 21.66 24.09 25.16 24.14 24.63 23.29 23.03 21.50 20.58 21.61 20.88 21.88 22.02 23.16 22.39 21.70 22.89 22.12 21.22 19.33 20.24 20.87 18.43 18.30 21.99 20.75 20.70 21.16 22.89 19.85 17.67 18.35 19.01 19.14 21.39 18.62 19.14 18.98 17.95 18.12 21.78 22.66 22.60 22.44 23.82 22.63 22.82 22.57 18.09 14.78 15.02 19.97 23.86 24.27
22.23 22.93 22.97 21.02 24.25 22.91 23.77 25.34 24.63 24.10 21.97 21.85 21.55 19.51 18.83 22.89 20.22 18.36 21.02 20.87 22.69 20.99 21.80 23.61 23.81 24.08 25.21 24.20 21.85 20.82 21.53 23.09 22.01 21.25 21.05 22.49 23.16 23.54 21.87 22.30 22.11 21.45 20.84 21.24 20.60 18.83 18.41 20.30 17.75 18.20 20.56 21.49 20.21 18.81 17.95 19.09 19.94 20.25 18.52 19.88 18.78 17.92 19.36 21.16 21.64 22.57 22.26 23.73 22.49 20.25 21.82 22.62 21.00 19.41 20.73 23.78 23.60
22.93 23.54 23.71 23.13 23.33 23.90 23.34 26.01 25.85 25.30 23.69 22.72 20.32 18.69 15.25 18.99 19.11 20.20 18.41 20.87 22.71 22.53 20.34 21.58 22.51 23.43 22.70 23.92 21.95 22.52 20.96 20.09 22.27 22.64 21.42 21.21 22.23 22.34 20.08 22.49 22.32 21.36 20.97 21.47 19.99 18.18 18.32 20.09 17.48 16.82 18.15 19.92 18.14 19.21 19.19 17.09 16.95 15.81 19.07 21.16 20.27 19.32 19.81 18.80 20.71 20.53 21.44 21.58 20.56 21.18 22.79 23.21 23.89 21.41 21.06 22.85 21.38
21.34 22.25 24.74 23.85 20.97 23.91 24.68 24.74 25.61 23.33 22.50 22.01 21.70 17.70 15.68 19.54 18.22 19.96 21.31 20.59 20.55 23.76 20.49 21.10 22.93 23.50 22.00 23.11 22.03 22.79 21.31 19.82 20.60 21.22 22.46 20.98 21.35 22.08 18.23 21.88 21.90 21.18 20.27 21.82 21.75 20.63 19.62 20.22 17.16 18.00 17.38 18.65 19.21 19.85 19.12 18.59 16.19 14.74 16.55 18.34 19.06 19.04 18.13 18.15 18.40 19.05 19.22 18.92 18.24 22.02 22.19 23.97 23.30 23.18 21.87 23.19 20.04
23.38 21.82 24.37 24.38 23.00 22.66 22.88 24.03 23.97 23.28 24.01 22.36 21.48 18.11 16.91 20.21 17.79 20.14 20.16 19.99 20.88 22.28 22.77 20.73 20.86 21.51 22.12 20.11 20.33 20.51 20.96 19.68 20.84 19.57 22.33 21.34 21.54 22.57 19.57 20.34 21.57 19.66 20.30 21.17 22.02 19.48 18.34 20.07 18.31 19.43 18.87 16.58 16.18 18.50 17.76 17.79 15.09 17.25 16.13 16.57 19.05 16.57 17.75 16.64 16.96 17.81 18.95 18.08 19.13 21.16 21.21 22.88 22.84 25.65 24.53 22.40 22.59
22.61 22.35 24.76 24.79 23.55 22.68 22.64 22.72 23.22 23.51 25.01 23.23 22.04 20.64 21.07 20.83 19.91 19.39 21.74 20.77 22.22 22.25 22.94 21.62 20.03 20.18 20.89 20.54 17.67 18.92 20.00 18.54 19.34 20.60 20.05 21.25 19.87 22.04 21.62 18.45 20.06 19.33 18.43 20.76 20.37 17.03 17.02 17.66 17.42 18.26 19.28 16.91 15.96 16.38 15.50 15.47 13.38 15.71 16.14 16.30 18.19 16.77 14.37 13.46 14.18 17.25 19.05 18.92 19.31 18.86 21.77 23.13 22.97 25.42 25.38 20.20 21.41
24.68 23.07 25.44 27.51 25.74 24.47 22.26 23.05 21.73 22.36 22.51 21.73 22.39 24.29 22.72 21.12 21.38 22.38 24.02 21.76 21.95 21.79 22.13 20.13 20.53 18.42 21.93 21.83 20.44 18.02 19.12 21.73 19.06 17.76 19.88 21.13 20.90 22.42 22.56 21.23 19.21 17.06 18.19 19.65 19.50 16.61 18.10 16.96 17.33 18.56 17.05 15.37 14.44 13.86 15.41 15.46 14.15 16.35 16.85 16.51 14.49 14.75 14.97 11.55 13.00 15.58 16.49 19.25 21.79 20.52 20.96 23.68 22.38 25.10 24.90 23.81 22.99
25.56 26.07 25.92 25.95 25.76 26.20 22.13 21.85 24.57 22.45 22.28 21.28 22.25 23.33 25.15 22.62 23.32 24.28 23.35 20.76 20.69 20.27 22.38 19.92 20.55 22.21 23.36 22.11 24.39 23.79 21.75 22.85 21.27 19.69 21.14 20.85 21.83 22.23 23.07 24.11 21.15 18.49 16.72 18.35 16.71 17.10 16.11 16.64 17.32 17.75 15.07 14.85 12.58 13.20 12.07 14.48 14.67 15.24 15.92 15.63 14.39 15.74 14.48 12.32 12.02 12.98 14.78 17.07 21.08 19.64 20.08 19.98 20.30 22.51 24.59 25.69 24.36
26.20 26.68 27.04 27.58 26.46 24.25 23.68 22.08 22.98 20.98 23.54 24.13 23.03 20.90 24.29 21.71 23.27 24.41 25.60 22.80 21.29 22.03 20.63 22.68 21.78 23.69 23.30 21.63 23.73 24.28 22.67 23.53 22.18 18.39 21.06 22.14 20.87 22.35 23.78 22.36 22.57 20.04 18.83 17.70 17.29 17.06 14.90 15.66 18.01 17.48 17.28 13.77 13.71 14.46 13.42 13.80 14.40 14.80 14.77 14.33 14.94 16.00 13.01 11.69 10.87 11.16 13.37 15.57 18.21 16.12 17.77 17.04 19.24 20.97 25.28 25.04 23.77
26.59 26.42 27.17 27.14 27.05 26.62 23.41 20.63 20.19 22.80 23.84 25.82 24.78 24.99 22.98 22.04 21.86 23.51 24.66 22.19 21.53 22.53 21.83 21.66 22.46 24.22 25.12 23.82 22.40 23.62 24.06 25.07 22.48 21.27 20.80 19.73 20.50 20.75 24.20 24.49 22.48 21.04 20.22 18.73 17.32 15.36 14.42 16.07 16.28 15.87 16.99 13.53 15.27 15.40 12.60 11.92 12.83 15.84 14.71 15.03 13.98 15.04 14.37 11.48 10.53 12.27 15.08 18.97 16.15 15.21 13.46 12.90 14.64 19.36 22.74 24.33 25.59
27.72 25.56 28.23 27.22 27.49 26.22 25.05 23.43 22.76 24.22 24.62 25.37 25.11 25.44 23.03 24.36 24.64 23.33 22.89 22.71 22.57 23.04 23.15 23.26 22.57 25.01 24.60 22.95 21.68 22.25 23.63 24.70 22.72 19.41 20.93 22.43 22.68 20.49 20.32 23.42 21.64 20.52 16.73 18.33 18.97 19.24 15.49 17.33 16.24 16.35 17.55 18.84 16.93 14.08 12.78 11.26 11.20 15.05 14.08 13.53 13.31 13.22 13.24 12.54 12.98 13.24 13.73 15.87 14.91 13.63 13.06 12.71 13.44 16.96 21.28 24.49 26.54
28.43 27.30 27.99 26.45 27.65 26.57 27.08 24.16 23.47 24.15 23.85 24.22 25.51 26.45 25.17 24.93 24.64 25.69 25.19 24.05 25.28 24.75 25.16 23.33 23.50 23.29 23.80 25.60 23.73 22.14 24.88 24.84 24.37 22.49 23.00 22.65 23.10 21.76 21.49 21.89 19.88 21.83 19.47 17.28 17.59 18.14 17.29 19.04 15.61 16.74 17.04 19.77 19.75 14.63 11.28 11.52 12.37 14.12 13.39 13.67 12.21 13.90 13.70 16.19 13.17 12.79 15.16 16.00 15.01 13.67 12.47 13.38 14.64 18.62 20.76 23.13 23.14
28.88 27.34 27.04 26.68 26.75 26.43 26.46 27.31 24.24 23.80 23.74 24.20 25.51 26.66 26.43 26.57 26.84 24.60 24.52 24.26 24.64 25.70 23.10 21.27 21.64 24.41 23.60 23.42 21.59 22.97 22.86 23.36 21.52 21.89 24.15 22.60 21.84 21.59 20.93 20.35 20.23 19.47 18.92 16.85 18.58 19.17 18.27 19.61 16.48 14.85 14.69 17.06 17.61 14.87 12.53 12.24 14.82 13.27 13.97 13.13 12.39 14.74 14.37 15.22 14.38 15.36 14.75 13.97 14.88 13.99 13.79 13.56 16.67 18.83 19.32 21.61 22.02
28.74 27.49 27.90 26.91 26.02 27.95 27.93 28.59 26.89 25.26 23.86 24.50 25.78 26.84 26.11 28.07 27.29 25.80 23.47 24.89 24.35 23.76 23.46 23.24 20.59 22.21 21.85 23.45 22.95 21.74 21.33 22.56 21.10 21.46 22.43 22.48 21.14 19.41 21.44 20.57 16.46 19.37 18.23 17.67 17.75 15.71 16.47 18.80 17.46 15.03 13.82 16.84 15.85 13.97 13.98 14.08 12.72 10.54 11.39 13.10 14.48 15.14 14.15 13.61 13.61 13.62 14.79 15.10 16.65 16.17 16.11 15.45 16.03 18.25 17.56 20.06 20.20
27.30 28.45 28.21 28.21 26.73 28.36 29.02 27.80 27.23 28.43 26.57 25.28 25.75 27.27 27.58 28.00 27.12 27.07 27.45 26.20 25.46 24.07 24.24 23.17 22.72 22.46 21.93 22.37 22.17 19.13 21.95 22.49 23.79 23.82 22.94 23.83 23.29 22.94 24.56 22.35 18.25 20.00 21.46 21.02 18.54 16.26 16.38 18.22 16.47 12.86 13.97 16.87 16.58 16.06 16.75 13.77 10.56 10.35 10.94 12.51 15.85 16.54 14.42 12.14 11.73 13.43 14.55 15.80 14.77 17.14 16.16 14.44 13.74 15.95 18.63 19.35 19.30
26.99 26.88 28.75 29.00 27.84 28.11 27.89 27.32 27.55 27.90 27.61 27.57 27.21 28.27 28.48 27.63 28.55 27.32 26.49 27.23 25.55 25.78 23.96 23.30 23.56 21.67 24.18 23.66 24.60 22.96 22.78 24.65 24.27 24.24 24.80 24.20 25.26 23.45 24.81 23.12 19.17 16.05 19.23 18.33 19.97 15.81 17.79 19.03 15.39 13.54 13.67 16.21 17.72 17.17 17.10 15.65 13.22 11.54 13.16 14.45 18.09 16.68 13.87 11.82 12.48 12.33 12.06 14.65 14.53 16.01 14.50 11.87 12.78 15.21 16.28 16.30 17.87
26.39 26.46 28.27 28.23 28.62 28.29 27.80 27.57 28.14 28.34 28.31 28.43 28.48 28.53 28.59 27.19 26.54 28.36 26.92 26.64 26.48 25.43 24.78 24.70 26.27 25.12 22.05 22.81 23.50 22.11 23.61 24.30 22.26 22.05 24.12 23.30 25.79 23.48 24.18 22.51 19.03 18.93 19.19 19.81 19.59 17.32 16.65 16.30 14.05 12.78 13.65 14.55 16.60 18.12 17.58 19.11 16.51 13.30 16.67 17.49 17.01 15.13 13.90 14.35 13.65 14.76 15.35 14.95 14.56 13.37 12.59 11.65 11.84 12.92 14.53 15.58 17.23
26.87 26.48 25.90 26.99 26.22 26.57 26.95 27.36 27.87 28.26 27.28 27.24 27.50 27.77 27.78 25.79 26.88 26.97 26.17 26.52 26.69 26.97 26.27 24.79 23.80 25.52 24.42 21.24 21.15 22.63 26.21 25.86 24.27 21.46 25.15 23.17 20.47 22.04 21.92 22.28 21.06 19.52 18.71 19.50 18.47 19.53 20.13 17.82 14.35 15.69 14.88 14.56 16.92 18.62 18.71 19.96 16.81 16.73 18.80 18.79 16.20 14.82 15.50 16.12 14.34 13.65 14.81 14.63 14.05 12.92 13.12 14.22 13.13 12.23 14.10 15.44 15.94
26.34 26.88 24.69 27.52 27.91 27.42 27.41 28.22 28.58 28.15 27.32 27.64 28.62 28.00 26.76 26.02 26.21 26.95 27.11 27.35 27.00 26.19 25.50 25.10 25.71 25.93 25.51 23.97 25.13 25.86 25.36 24.58 24.56 23.75 26.82 23.64 25.50 25.58 23.39 21.57 20.27 18.97 21.55 19.18 15.94 14.77 14.87 16.06 12.98 12.98 15.57 14.58 16.55 15.61 16.28 17.19 17.78 17.11 19.77 18.91 15.74 16.34 16.68 16.68 15.08 13.98 15.12 14.16 14.39 14.30 13.03 14.88 15.82 13.24 15.86 16.93 18.12
