main/data/irradiance/12.02.2023.grid
ncols 839
nrows 679
xllcenter 112.0500
yllcenter -43.9500
cellsize 0.0500
nodata_value 99999.90
[rows 306 to 339 of 679, columns 308 to 384 of 839]
23.03 25.21 25.63 23.42 25.06 25.71 25.95 25.23 24.71 25.82 25.97 25.46 24.54 23.79 25.48 25.11 24.94 26.01 26.19 27.28 26.44 26.21 25.82 25.66 25.15 26.40 27.64 26.68 26.53 27.07 25.57 26.81 27.74 27.60 27.61 27.68 28.25 27.67 26.90 28.22 27.89 28.47 28.68 28.45 28.66 27.65 27.54 28.04 28.02 28.33 28.62 28.70 28.76 28.68 28.57 28.57 27.65 27.64 27.79 28.12 28.08 27.66 27.90 27.30 28.11 27.98 28.41 28.27 28.48 28.36 28.50 28.10 28.31 28.22 28.61 28.42 27.77
22.75 23.89 24.79 24.28 24.58 24.07 24.15 25.50 22.35 25.24 24.05 25.28 24.87 24.10 24.48 25.05 23.13 24.50 25.43 26.61 27.69 26.21 25.85 24.51 24.65 26.67 25.45 26.32 25.86 25.31 24.86 26.39 26.69 27.32 26.42 27.68 27.84 28.54 28.07 27.53 27.95 27.92 27.43 28.15 28.54 27.30 28.16 28.06 28.01 28.07 28.36 28.61 28.58 28.41 28.38 28.23 26.77 27.22 27.54 27.48 27.51 27.60 27.90 27.98 28.39 27.74 28.07 27.43 27.41 27.79 28.29 27.97 27.66 27.54 28.20 28.14 28.50
22.24 21.86 23.44 22.80 22.79 22.32 23.61 22.73 24.34 24.39 21.33 23.90 25.19 23.52 23.55 25.08 24.67 23.13 25.63 25.97 26.21 24.09 25.35 25.99 24.88 24.82 25.37 25.51 25.53 25.78 25.60 25.84 26.86 27.08 28.04 27.59 28.04 28.23 27.14 27.38 27.28 27.65 27.38 28.17 28.07 27.86 28.29 27.56 27.73 28.02 28.33 28.53 28.28 28.60 28.53 28.20 27.41 26.62 26.91 27.48 27.53 27.33 27.34 27.78 28.01 27.44 28.38 27.60 28.13 27.84 28.05 27.74 28.20 27.92 27.92 28.19 28.04
20.86 22.22 20.66 21.51 21.92 22.56 24.40 22.43 23.07 23.17 22.18 22.19 24.28 23.72 21.90 21.99 24.78 25.12 23.20 24.94 25.72 25.76 25.26 25.74 24.82 24.93 24.32 25.23 24.77 25.48 26.50 26.28 26.37 27.23 27.22 26.30 27.85 27.05 27.75 26.19 25.86 27.55 27.56 27.28 28.22 28.43 27.94 27.61 28.34 28.00 28.12 28.46 28.05 28.30 27.63 27.92 28.24 27.77 26.66 27.38 27.22 27.17 27.83 27.01 27.85 27.93 28.13 28.01 27.36 27.14 28.18 28.24 27.89 27.66 28.05 27.97 28.06
23.50 21.29 18.74 19.44 22.49 23.33 22.96 22.50 25.24 24.05 22.19 23.05 22.57 22.14 21.46 23.25 24.54 23.36 24.00 23.79 23.00 24.97 24.77 25.50 24.31 24.24 24.71 24.31 24.20 23.94 26.60 25.61 25.24 25.74 26.71 26.55 27.38 26.48 26.63 25.78 26.07 27.51 27.09 26.83 28.30 28.12 27.87 27.95 27.63 28.16 28.18 28.50 28.28 27.97 27.38 27.74 28.03 27.67 27.52 27.13 27.31 27.73 27.55 27.36 27.36 27.56 27.43 26.87 27.69 27.42 28.04 27.78 27.68 27.86 28.00 27.46 28.30
23.88 21.58 20.01 20.23 20.99 22.48 23.12 21.20 24.00 24.31 21.12 21.29 22.42 22.09 22.10 23.00 21.34 24.71 24.48 24.18 21.63 23.39 25.39 23.95 25.13 24.72 24.16 24.33 22.44 23.49 25.50 25.74 25.17 25.77 26.12 26.58 25.62 25.55 26.65 23.65 25.53 27.17 25.98 26.54 28.02 27.13 26.95 26.89 27.09 26.52 27.96 27.95 28.16 27.63 27.62 27.76 27.63 27.49 27.64 27.47 27.54 27.43 27.76 28.04 27.54 27.61 27.31 26.67 26.44 27.58 27.23 28.09 27.56 28.04 27.79 27.74 28.07
21.77 21.66 20.51 21.30 21.42 21.29 21.12 22.41 20.79 20.69 20.62 20.66 22.80 22.28 22.70 22.37 20.75 21.46 24.61 21.99 23.16 22.77 24.57 22.12 23.87 24.30 23.23 23.66 23.43 23.80 24.06 24.49 24.45 25.43 26.23 26.00 25.53 26.15 24.93 25.64 24.34 26.20 26.54 26.88 27.61 26.08 26.97 27.19 27.31 26.57 27.28 27.78 28.06 27.75 27.62 27.30 26.58 26.41 27.12 26.32 26.31 27.54 27.24 27.89 27.68 26.84 27.37 26.66 26.61 27.18 27.01 27.83 28.13 27.91 27.73 27.85 27.57
22.58 22.65 22.16 21.90 21.22 21.20 23.35 22.95 20.27 18.06 18.65 20.42 21.63 22.39 22.22 20.46 19.65 21.58 22.31 21.96 22.76 23.15 24.10 24.21 25.36 24.17 20.68 22.75 24.61 23.96 21.43 24.10 23.12 25.25 26.26 26.89 26.83 26.41 25.59 25.19 24.65 26.46 26.98 27.16 25.63 25.51 26.86 27.16 27.53 26.30 27.70 26.89 27.28 27.64 27.05 27.46 26.92 26.61 26.31 26.05 26.69 27.15 26.99 27.06 27.42 26.51 27.17 26.07 26.95 26.42 26.31 26.37 27.53 27.15 27.83 28.02 27.76
22.70 22.05 22.30 21.33 21.62 22.92 24.01 23.09 19.74 18.92 19.28 20.48 21.15 21.24 21.38 21.45 21.65 23.13 23.02 22.34 22.25 23.51 23.32 22.78 23.25 21.61 21.67 21.61 24.52 21.85 21.41 22.21 22.34 24.66 25.01 25.35 26.09 26.78 25.68 23.95 25.82 26.79 27.22 26.60 25.62 26.24 26.95 26.82 26.82 26.97 27.38 27.18 27.05 26.76 27.28 26.51 26.95 26.77 26.24 25.89 27.43 26.05 26.56 27.49 26.51 26.04 27.06 27.37 26.35 25.68 26.38 27.13 27.68 27.72 27.17 27.15 27.79
22.54 22.56 23.42 23.40 21.58 23.06 23.16 23.18 22.55 21.91 20.99 21.68 20.74 19.64 22.89 23.12 20.87 22.60 21.81 22.72 22.69 22.37 22.53 22.63 22.84 22.01 21.25 19.92 23.09 21.76 21.46 19.46 21.11 22.56 22.98 24.39 25.43 25.38 24.70 25.04 24.74 23.91 26.76 25.74 24.99 26.66 26.92 27.90 27.62 27.57 27.13 26.02 26.65 26.46 26.81 26.26 26.89 26.29 26.28 24.73 26.48 25.58 26.28 26.02 26.99 26.80 26.48 26.71 25.99 25.23 26.36 26.51 26.99 27.56 27.35 27.15 27.76
23.56 23.86 24.96 24.62 23.55 23.83 23.92 23.50 23.69 20.69 20.82 20.46 19.75 21.26 22.05 22.50 23.58 22.47 20.53 21.42 22.04 21.05 22.88 21.13 20.83 21.16 21.83 20.11 21.69 19.61 19.06 20.66 20.02 21.12 21.84 24.28 24.79 24.68 25.76 25.21 25.50 24.13 25.71 25.18 25.92 25.29 26.22 27.09 26.00 26.63 27.16 25.01 26.40 26.92 27.03 25.78 26.46 25.06 25.33 25.78 25.05 25.00 25.95 26.65 27.53 27.11 27.03 26.22 26.38 26.52 26.31 26.94 26.59 26.85 26.13 25.98 27.47
22.94 22.94 23.57 23.55 22.86 23.63 24.49 25.01 22.81 20.78 20.78 20.22 21.40 19.90 21.76 21.65 21.60 19.16 19.76 19.63 20.02 21.50 20.80 21.82 22.90 20.61 20.10 22.24 19.61 18.78 17.58 20.04 20.50 20.09 20.77 22.47 23.38 23.47 24.62 23.11 24.31 24.35 24.18 24.70 24.47 24.41 25.83 26.06 26.31 26.24 25.94 24.47 25.40 25.67 24.93 26.00 26.03 24.85 25.95 25.18 25.88 25.37 25.73 26.02 27.19 26.02 27.18 26.97 26.97 26.77 26.77 26.51 26.01 26.84 26.82 27.04 26.97
24.42 24.34 22.57 22.80 23.78 23.88 24.03 24.24 23.34 21.50 22.42 22.12 22.06 21.30 21.67 19.99 19.82 19.28 19.86 19.91 19.38 19.86 19.25 20.24 21.45 19.15 18.70 22.57 19.48 17.09 19.37 18.10 19.44 19.70 18.64 19.87 22.74 22.82 24.19 21.34 22.99 24.67 22.86 24.36 23.72 24.68 24.68 25.27 25.46 24.94 24.26 24.16 24.86 25.24 25.80 25.48 25.89 25.31 25.69 25.28 24.48 24.63 25.06 25.86 26.71 24.48 25.94 26.35 26.33 25.28 26.42 25.87 25.01 26.84 27.03 26.55 26.53
25.19 24.43 23.84 22.86 22.94 23.71 24.72 24.93 24.37 22.82 23.52 22.78 21.14 21.70 20.73 20.43 20.61 18.75 19.87 19.56 20.51 20.68 21.38 21.64 22.46 20.39 18.23 19.87 18.87 18.78 20.11 17.25 17.59 19.14 18.18 19.95 22.11 21.35 21.63 22.03 24.19 22.57 21.74 24.51 23.35 23.60 23.61 25.30 24.78 24.59 24.32 23.22 22.59 25.22 24.49 24.53 25.20 24.47 24.71 25.77 25.93 25.60 24.36 25.31 25.86 24.76 26.51 27.44 27.20 26.08 26.49 26.31 26.35 25.52 26.65 26.53 26.92
24.26 23.97 23.24 23.06 22.69 23.08 24.51 24.51 24.06 22.86 23.64 22.80 21.52 22.79 21.39 21.53 22.36 21.58 20.26 19.92 20.86 21.17 20.38 21.70 21.24 20.83 20.38 21.47 24.54 23.03 22.29 19.72 16.93 19.13 18.75 19.40 19.43 20.77 20.26 22.56 23.15 21.83 21.64 24.25 21.69 22.50 22.68 24.02 23.50 24.11 22.58 23.17 24.16 25.06 24.85 24.09 24.43 23.84 24.33 25.65 24.90 26.43 24.80 25.90 25.30 25.13 26.08 27.11 27.07 25.82 25.86 25.58 26.19 26.50 27.58 26.94 26.33
23.05 23.81 23.70 21.81 21.75 22.80 23.25 22.78 23.02 23.29 21.46 21.32 22.13 22.75 22.80 23.10 23.05 24.16 22.62 21.80 21.91 21.92 20.89 22.16 21.62 21.48 25.31 24.57 25.41 25.04 21.65 21.95 20.92 22.71 21.88 21.53 18.87 20.59 20.62 21.90 22.71 22.15 21.85 24.26 23.26 21.70 22.35 23.35 23.24 23.91 23.45 24.03 25.29 23.91 24.05 25.16 24.05 24.03 24.21 24.75 24.85 25.91 23.30 25.71 25.31 24.67 24.93 27.07 26.78 26.40 25.82 26.29 25.16 26.58 25.54 26.29 25.87
21.99 21.75 24.01 22.24 22.06 23.92 23.69 22.77 23.20 22.88 22.01 23.73 23.96 23.31 22.40 22.40 23.63 24.60 24.09 23.67 21.38 19.90 21.16 23.20 24.09 23.74 25.92 25.02 24.48 23.94 22.32 24.86 23.82 24.32 23.36 21.63 18.62 18.11 19.79 20.05 20.70 20.29 21.56 21.77 23.17 21.88 21.47 23.07 23.22 23.69 21.78 24.03 24.64 22.89 23.38 22.18 22.74 23.98 24.13 23.70 23.65 24.66 24.92 24.63 24.08 24.41 23.98 25.63 26.40 24.28 25.42 26.55 25.56 25.53 24.11 26.50 25.84
22.21 22.85 22.79 23.29 22.89 23.19 24.40 23.64 23.84 23.82 22.67 24.02 24.84 24.34 23.03 23.31 24.55 25.74 25.35 23.70 22.03 21.84 22.30 21.39 24.08 25.18 24.83 24.98 23.58 24.29 24.16 24.95 25.52 24.86 24.81 23.57 20.64 16.73 18.72 19.18 17.58 18.82 18.82 22.50 21.66 20.20 22.09 22.51 23.28 22.68 23.17 24.01 24.30 23.61 23.78 22.64 22.64 23.47 22.70 24.23 24.53 23.46 23.84 23.70 23.10 24.96 25.82 25.64 25.60 25.28 25.52 25.19 24.78 24.77 24.04 24.21 26.54
23.08 23.52 22.93 23.84 23.84 23.83 23.53 24.25 24.50 25.10 23.76 23.80 24.57 25.19 25.15 24.61 26.20 26.53 24.74 23.49 23.92 23.94 23.50 23.14 23.19 24.10 24.45 23.76 23.12 21.14 20.99 22.39 23.79 23.35 24.40 24.44 22.32 19.64 20.27 20.02 16.83 17.77 18.45 20.79 20.22 19.33 20.99 22.19 21.93 22.22 22.51 22.65 23.02 23.30 22.75 22.60 23.25 22.19 22.01 22.97 23.76 22.62 23.06 24.42 23.05 24.83 24.91 25.62 25.91 24.20 24.86 23.81 25.23 24.37 24.38 23.86 24.84
23.50 21.96 22.68 23.16 23.53 23.51 23.95 23.61 25.47 24.65 24.36 24.78 23.82 24.41 25.07 25.51 25.48 25.88 23.96 24.29 24.69 25.35 23.86 23.22 21.34 21.71 23.06 22.66 22.08 21.18 19.85 20.75 22.57 21.59 22.56 22.26 21.46 19.45 21.20 21.08 18.36 17.47 17.20 19.22 17.92 19.70 20.08 20.90 20.38 21.22 21.60 23.32 22.31 23.69 21.57 20.79 21.57 21.56 22.87 22.88 23.40 22.31 22.08 23.13 23.08 23.39 24.52 24.98 25.05 23.90 23.94 22.41 23.65 23.03 22.71 24.66 23.36
22.33 21.45 22.06 23.36 22.35 23.68 24.28 23.82 24.65 24.92 24.82 24.44 22.65 23.86 25.36 25.38 26.05 25.71 24.24 24.08 25.10 25.06 23.39 23.27 22.55 22.03 22.30 23.60 20.62 20.54 20.25 19.91 21.04 20.72 20.93 21.60 21.74 20.67 21.32 21.35 19.16 18.54 19.26 19.56 18.65 20.04 20.11 21.22 21.35 22.18 20.62 20.94 21.75 24.41 23.55 22.05 21.21 21.47 22.12 22.93 22.21 22.50 22.67 23.11 22.40 22.57 24.77 23.18 23.67 22.66 23.86 22.32 21.89 23.85 22.63 23.34 23.46
20.64 20.02 20.60 22.16 21.07 22.66 23.62 23.54 23.53 24.97 25.69 22.58 23.90 26.15 24.73 25.44 25.26 26.47 25.16 25.09 25.42 24.80 24.22 23.76 22.72 22.54 22.06 22.23 21.39 20.85 19.06 18.02 19.73 20.38 20.71 21.07 22.21 20.55 22.06 20.70 20.89 21.48 19.29 17.65 18.66 19.37 21.76 21.28 21.45 22.32 19.30 21.58 22.00 21.94 23.28 21.50 22.16 23.50 23.12 21.14 22.46 21.86 21.26 21.42 21.96 22.49 24.21 23.02 22.17 22.68 23.37 21.44 20.61 22.15 24.05 23.79 24.78
19.35 19.30 20.00 19.54 19.76 20.03 23.10 22.99 21.93 24.61 24.50 22.52 24.15 23.90 25.46 26.02 25.90 26.51 26.01 24.71 25.51 25.01 24.22 23.94 24.03 22.28 20.27 21.61 20.65 20.05 18.14 17.57 18.75 20.28 20.54 20.37 22.13 21.26 22.54 22.54 21.15 20.97 19.10 18.49 18.45 19.20 20.06 20.73 19.17 21.97 21.27 22.29 20.40 19.24 22.46 21.57 21.75 21.20 21.96 21.52 20.07 19.16 19.17 20.46 20.83 21.62 23.17 23.65 21.88 21.08 22.96 21.75 21.99 22.66 22.83 24.18 22.94
18.85 19.25 19.84 17.75 18.20 19.45 22.14 22.62 22.16 23.68 23.58 23.51 24.00 23.42 23.15 24.88 25.23 24.86 24.62 25.46 25.29 25.11 23.58 23.93 24.04 22.10 19.08 20.55 20.65 19.85 18.62 18.37 18.69 19.61 20.21 20.53 20.77 21.41 22.50 22.75 21.22 20.56 18.12 17.82 18.94 19.38 19.64 18.71 18.96 19.87 19.12 20.92 19.96 19.72 21.38 20.27 21.48 20.73 21.03 21.64 21.24 19.94 18.78 20.55 20.47 21.42 21.30 22.78 22.10 20.43 19.07 22.91 23.80 23.74 21.82 23.95 23.72
18.30 18.58 18.55 16.42 17.61 17.58 20.21 22.36 21.63 22.43 23.25 22.99 23.61 22.47 22.77 22.64 24.97 24.59 23.38 25.17 24.99 24.27 24.88 22.89 22.80 21.70 20.60 19.84 19.79 19.74 19.96 19.52 19.90 19.83 19.64 20.22 19.91 19.99 22.58 20.92 18.77 20.38 19.73 19.02 20.48 20.28 18.14 19.12 19.61 19.40 20.55 21.85 19.89 20.08 20.08 20.57 20.74 21.34 21.32 21.32 22.16 20.32 20.18 18.57 17.38 19.45 18.59 20.79 20.29 21.44 20.10 19.45 22.71 22.56 21.94 23.55 23.78
14.72 15.22 15.39 15.43 15.77 16.43 17.92 20.10 20.59 20.49 20.40 23.40 23.28 22.05 21.60 22.08 22.81 24.59 23.59 23.31 23.68 24.02 22.71 21.73 23.04 22.06 21.24 20.96 20.24 21.14 20.06 19.66 19.66 20.54 20.75 19.78 20.46 20.88 22.44 21.20 20.40 20.66 21.64 20.89 18.93 20.10 18.08 19.00 19.18 19.71 21.72 20.51 20.04 20.55 20.56 19.39 20.53 22.16 20.64 20.83 20.06 20.06 20.38 19.78 16.49 17.65 19.21 19.40 18.16 20.85 19.66 18.57 22.01 24.36 23.53 22.38 22.88
12.09 13.56 12.64 12.70 14.74 15.10 17.17 17.83 17.04 18.90 20.75 22.64 22.52 21.40 20.90 21.48 21.47 23.33 23.09 23.38 22.30 22.56 21.95 20.78 19.98 20.81 19.18 20.27 20.95 21.31 20.99 20.22 20.35 20.93 19.92 19.85 22.06 22.26 20.82 20.83 21.66 22.34 22.10 22.08 20.57 21.27 19.46 20.26 20.70 22.01 22.59 20.51 19.23 19.77 19.76 19.48 21.16 21.65 20.50 20.48 20.08 20.40 18.70 18.14 18.51 16.61 18.96 19.13 18.61 20.92 20.57 17.68 20.77 21.77 23.44 24.05 22.67
11.85 10.77 10.78 11.46 12.90 13.41 13.76 15.68 16.03 15.30 18.90 20.41 20.79 20.82 18.18 18.70 20.41 21.42 22.26 21.91 21.59 20.66 20.59 21.30 21.19 19.60 18.75 21.06 20.81 19.36 19.66 20.14 20.41 20.71 20.10 21.00 22.57 23.96 23.04 23.11 22.01 22.75 22.03 22.84 22.42 22.76 20.72 21.28 20.32 21.39 22.40 21.15 19.45 20.54 19.69 19.38 20.11 20.09 20.71 19.81 20.17 19.23 18.64 16.32 16.87 17.54 17.60 18.51 19.83 19.59 19.80 18.83 20.32 19.82 21.21 24.73 24.49
11.91 10.44 11.75 11.48 12.45 13.33 12.68 14.74 15.20 15.72 16.30 17.92 19.68 19.18 17.68 16.93 18.64 20.11 21.13 19.18 19.19 20.89 19.35 20.54 20.77 18.72 19.08 20.00 19.83 18.22 19.15 20.19 20.24 20.71 21.45 21.29 23.58 23.53 23.42 23.11 22.66 22.65 22.94 21.07 22.43 22.38 22.19 23.05 22.97 21.75 21.91 19.73 18.33 19.67 18.26 18.61 18.67 19.33 20.77 19.23 19.37 19.17 17.57 17.20 18.56 17.40 16.30 18.52 19.29 19.24 19.55 19.33 17.88 19.30 21.26 23.57 25.04
12.60 11.29 12.12 11.07 10.33 10.99 11.85 13.26 13.53 14.23 15.23 16.32 18.70 18.61 18.09 17.68 18.52 18.00 18.66 18.48 18.38 18.99 19.60 20.75 20.43 17.66 18.67 18.90 19.87 19.51 19.40 19.91 20.35 19.65 19.40 19.33 20.99 21.83 23.25 24.04 22.91 22.65 24.56 22.68 22.16 22.92 22.92 23.57 23.61 23.26 21.56 21.14 20.37 19.98 18.52 19.11 19.05 19.13 19.56 18.12 17.97 18.78 18.95 16.94 17.86 17.92 17.40 17.93 19.96 22.75 22.48 21.10 17.83 16.99 19.03 22.00 21.63
11.55 10.95 11.98 11.73 9.73 9.62 11.85 12.61 12.78 14.21 13.43 14.00 15.15 16.51 18.41 18.20 17.92 16.45 17.24 18.82 19.01 19.26 20.77 22.07 20.91 18.27 17.66 18.62 19.54 20.39 19.28 19.68 20.89 18.70 18.48 18.32 17.85 21.56 23.91 24.02 24.48 24.97 25.34 24.13 22.41 20.95 22.74 22.09 22.73 22.83 22.66 21.98 20.29 19.40 18.79 18.65 18.89 18.78 17.46 19.68 19.04 18.15 18.20 18.41 18.51 17.83 17.55 20.62 21.15 23.89 23.06 22.02 20.34 17.33 19.14 21.08 21.25
8.18 8.58 9.42 10.54 10.06 8.66 9.25 11.19 12.32 11.57 10.91 12.52 13.09 15.20 17.12 16.88 16.56 16.98 18.21 19.57 18.16 19.14 20.20 20.91 20.36 19.42 16.35 18.99 20.73 18.95 18.42 18.96 20.07 20.16 19.23 19.07 19.33 20.44 22.20 23.24 25.28 26.40 25.73 24.29 22.81 22.13 22.34 23.19 23.55 21.54 21.43 21.08 20.12 19.56 18.76 19.24 19.25 18.75 18.49 19.68 20.33 17.66 18.85 19.61 19.06 18.38 19.04 21.32 21.15 22.58 21.23 20.92 18.60 18.34 18.28 20.25 21.52
7.28 7.81 8.57 8.47 8.47 7.98 7.52 8.11 10.57 9.67 8.50 10.78 12.38 13.25 15.08 17.46 16.08 14.69 15.76 16.37 17.57 16.80 16.98 18.58 18.38 18.14 16.72 19.12 20.00 18.91 18.90 20.58 20.14 20.59 19.73 20.00 19.95 19.33 19.66 21.84 23.90 25.40 26.30 24.49 22.25 20.57 22.29 23.76 21.99 22.65 22.52 21.49 20.95 20.95 19.91 18.05 18.86 18.83 18.83 20.04 19.80 18.08 19.26 20.55 19.32 19.16 19.99 21.10 21.52 21.39 21.33 20.03 18.21 18.20 18.02 17.59 21.02
8.71 7.43 9.08 8.62 8.26 6.62 6.79 7.25 7.73 8.07 8.93 10.67 9.77 11.80 14.76 15.15 14.10 13.83 14.48 15.53 16.94 16.70 15.66 18.37 18.43 16.82 17.60 18.53 19.36 20.08 17.99 19.48 18.69 19.28 18.71 19.60 20.38 20.56 20.07 21.04 23.45 23.58 25.10 24.01 19.47 20.55 21.41 22.11 22.24 21.62 21.80 22.30 20.84 20.86 20.45 18.99 18.83 17.67 19.37 22.21 21.97 20.59 21.81 20.75 20.61 22.89 22.20 21.52 21.57 19.48 18.03 18.70 18.82 19.15 16.84 16.81 18.47
