main/data/irradiance/12.06.2023.grid
ncols 839
nrows 679
xllcenter 112.0500
yllcenter -43.9500
cellsize 0.0500
nodata_value 99999.90
[rows 476 to 509 of 679, columns 693 to 769 of 839]
6.46 6.74 6.52 6.01 6.71 6.87 6.75 6.49 6.59 7.08 7.42 7.32 7.31 7.03 6.36 6.67 6.98 6.59 6.92 6.46 6.53 6.25 6.04 6.23 6.23 6.31 6.38 6.40 6.27 5.82 6.05 6.85 6.81 6.76 7.36 7.23 7.12 7.68 7.71 7.43 7.18 7.55 8.00 8.22 7.76 7.19 6.90 7.40 6.98 6.78 7.17 7.10 6.86 6.90 7.74 7.60 6.96 7.72 8.13 8.46 7.88 7.33 7.49 7.75 8.19 7.88 7.77 7.52 7.80 8.82 9.03 9.08 8.90 8.30 8.97 8.94 8.98
6.18 6.61 6.32 6.29 5.87 6.30 6.65 6.82 6.15 6.34 6.34 6.83 7.93 8.07 7.63 7.42 6.43 6.65 6.95 6.73 6.16 6.20 6.24 6.52 6.06 5.93 6.35 6.90 6.98 6.47 6.46 6.52 6.59 7.04 7.30 7.22 7.08 7.93 7.90 7.93 7.87 7.71 7.68 7.20 7.18 6.77 7.15 6.90 6.76 6.84 6.68 6.74 6.69 7.01 7.41 7.11 7.35 7.98 8.08 8.02 7.69 7.58 6.99 7.40 8.02 8.19 8.12 7.76 8.39 8.83 8.69 8.67 8.07 8.49 8.54 8.84 8.90
5.66 5.61 5.58 5.96 6.07 6.08 5.81 6.63 6.68 6.08 5.84 6.56 6.95 6.82 6.54 7.45 7.26 6.57 6.59 6.42 6.37 6.40 6.36 6.58 6.43 5.80 6.36 6.72 6.95 6.34 6.07 5.94 6.22 6.89 7.39 7.20 7.26 7.17 7.56 7.78 7.13 6.74 6.76 6.88 7.24 7.27 7.15 6.72 6.69 6.36 6.48 6.73 6.67 7.02 7.09 7.40 7.74 7.84 7.37 7.60 7.75 7.37 7.70 8.35 8.18 8.27 7.75 7.94 8.25 8.64 8.91 8.30 8.48 8.91 8.57 8.55 8.72
5.43 5.74 5.77 5.58 6.04 6.19 5.71 6.05 6.34 6.72 7.07 7.52 7.29 7.33 6.99 6.77 6.40 6.25 6.77 6.56 6.63 6.91 6.43 6.73 6.64 6.41 6.10 6.14 6.14 6.05 6.16 6.38 6.91 7.23 7.21 7.24 7.41 7.23 7.33 7.61 7.32 7.39 6.82 6.87 6.92 7.27 6.98 6.98 7.14 6.78 7.06 7.10 6.94 7.56 7.12 7.66 7.81 7.64 7.67 7.95 8.23 8.38 8.40 8.72 8.15 8.30 8.37 8.86 8.29 8.33 8.79 8.37 8.17 8.62 8.48 8.36 9.07
5.71 5.76 5.67 5.70 5.51 5.15 5.13 5.21 5.36 5.89 6.44 7.20 7.37 6.87 6.69 6.51 6.51 6.38 6.68 6.87 7.00 6.74 7.26 6.70 6.61 6.51 5.97 5.79 5.14 5.67 6.67 6.90 7.03 7.52 7.56 7.63 7.52 7.42 7.43 7.40 7.28 6.82 6.48 6.49 6.54 6.27 6.29 6.83 6.40 6.36 6.88 7.51 7.62 7.45 7.42 7.80 7.37 7.89 8.12 8.02 8.42 8.70 8.17 8.21 8.17 8.94 8.89 8.69 8.20 8.56 8.69 8.85 9.29 9.31 8.98 9.47 9.52
5.91 5.78 5.54 5.29 4.98 5.19 5.27 5.35 5.30 5.15 5.65 6.11 6.31 6.49 6.54 5.62 6.23 6.73 6.86 6.78 6.70 6.36 6.36 6.10 6.19 6.50 5.83 5.99 6.32 6.79 6.76 6.67 6.63 6.97 7.14 7.16 6.94 6.62 6.53 6.83 6.98 6.73 6.40 6.00 6.45 6.55 6.65 6.86 6.42 6.82 7.49 7.69 7.91 7.29 7.42 7.98 7.89 8.42 7.98 7.90 7.91 7.94 7.57 7.89 8.27 8.75 8.64 8.51 8.53 9.03 9.29 8.86 9.47 9.25 9.02 9.13 9.09
5.47 5.75 5.62 5.63 5.18 5.48 5.20 4.91 4.81 4.77 5.22 5.26 5.69 5.75 5.82 6.06 6.20 6.45 6.68 6.42 6.49 6.90 6.71 7.21 6.95 6.56 6.02 6.24 6.98 6.69 6.17 6.35 6.16 6.12 6.36 6.66 6.39 6.48 6.81 6.78 6.61 6.40 6.44 6.73 6.97 6.84 7.06 7.04 6.71 6.58 7.21 7.63 7.77 7.01 7.73 7.70 7.79 7.59 8.22 8.23 8.26 8.38 7.85 8.19 8.77 8.90 8.89 9.26 9.24 9.66 8.64 8.92 9.52 9.31 9.60 8.94 9.47
5.52 5.09 5.03 5.57 5.32 4.35 5.13 5.20 4.66 4.83 5.43 5.00 4.84 5.67 6.16 5.87 5.37 5.46 6.48 6.85 6.74 7.15 6.82 6.53 6.53 6.28 6.31 6.07 6.01 6.05 6.26 6.23 5.64 5.89 6.04 6.50 6.45 6.85 6.61 6.23 6.89 6.86 6.44 7.03 7.00 7.03 7.31 7.46 7.04 7.32 7.53 7.66 7.53 7.26 7.78 7.98 8.17 8.13 7.90 8.18 8.55 7.73 7.90 8.53 8.67 8.32 8.61 8.79 9.20 8.89 8.64 9.14 9.78 9.70 9.77 9.47 9.37
5.19 5.06 4.11 4.95 5.13 5.29 5.09 4.88 4.79 4.99 5.35 5.12 5.19 5.18 5.29 5.01 5.78 6.24 6.52 6.31 6.40 6.32 6.75 7.17 7.02 6.65 6.15 5.91 5.71 6.12 5.78 5.74 5.86 6.40 6.62 6.75 6.36 6.54 6.38 5.90 6.71 6.98 6.86 6.74 6.95 7.07 7.58 7.22 7.82 8.11 8.36 8.03 6.88 6.96 8.10 8.35 8.48 7.93 7.63 7.53 7.46 6.96 8.13 8.23 8.02 8.21 9.00 8.96 9.12 9.05 8.60 8.97 9.42 9.43 9.36 9.39 9.33
4.59 4.66 3.65 4.03 4.16 4.93 4.96 5.12 5.33 5.24 5.28 5.36 5.69 5.27 5.22 5.22 5.53 6.42 7.08 6.54 6.33 5.78 6.17 6.57 6.32 6.12 5.91 5.76 6.08 5.35 5.34 6.07 6.37 6.41 6.12 6.04 6.04 6.00 5.55 5.46 6.05 6.75 6.80 6.70 6.89 6.65 7.02 7.56 8.11 7.52 7.17 7.24 7.20 7.45 7.47 7.61 7.85 8.32 7.83 7.80 7.57 7.30 7.96 8.05 7.85 8.14 8.96 8.87 9.15 9.49 9.41 9.70 9.54 9.05 8.78 9.21 9.15
4.89 4.38 4.32 4.92 4.14 4.69 4.59 4.94 5.13 5.03 5.14 5.15 4.98 5.12 5.13 4.52 4.16 5.10 6.08 6.38 5.83 5.52 5.75 5.81 5.85 6.07 6.21 6.25 5.96 6.30 6.31 6.19 5.83 5.79 5.67 5.38 5.83 5.52 5.31 5.24 5.46 6.27 6.80 7.17 7.06 5.95 6.78 7.57 8.45 7.74 7.08 6.91 6.51 7.22 7.06 7.20 7.73 7.97 7.82 7.68 7.79 7.83 8.20 7.86 7.75 8.30 8.78 8.43 8.96 9.69 9.41 9.85 9.72 9.03 8.81 9.24 9.47
4.90 4.89 4.86 5.19 4.87 5.13 4.96 5.02 4.94 5.19 4.95 5.11 4.72 5.32 5.00 4.83 4.53 4.91 5.48 5.39 5.36 5.71 6.00 6.16 6.43 6.46 6.07 5.91 6.04 6.14 6.10 5.86 5.79 5.95 6.00 5.92 5.91 5.96 6.02 5.98 6.39 7.04 7.54 7.85 7.03 6.96 7.03 7.61 8.12 8.14 7.09 6.79 7.10 7.19 7.48 7.23 7.88 8.01 7.53 7.36 8.12 8.37 8.70 8.05 7.85 8.41 9.02 8.72 9.26 9.03 9.05 9.30 9.18 8.78 8.56 9.16 9.75
4.66 4.76 4.78 4.50 4.46 4.83 4.75 4.51 4.32 4.86 5.18 5.29 5.46 5.44 5.68 5.84 5.24 4.73 4.24 5.25 5.84 5.71 5.52 6.24 6.36 6.78 6.56 5.88 5.77 6.15 5.92 6.51 6.33 6.29 6.52 6.43 6.05 5.90 5.70 6.01 6.35 6.81 7.33 7.48 6.89 7.17 7.19 7.66 7.43 7.67 7.44 7.43 7.07 6.99 7.19 7.09 7.15 7.50 7.66 8.13 8.58 8.15 7.82 7.45 8.15 8.47 8.44 8.78 8.71 8.21 9.31 9.43 8.92 8.53 8.70 9.28 9.67
4.30 4.80 4.98 4.94 4.60 4.77 4.52 4.31 4.67 4.63 4.73 4.97 4.87 5.07 4.61 4.95 4.83 4.52 4.90 5.20 4.93 4.64 4.56 5.28 5.76 6.36 6.15 5.90 5.54 6.23 5.93 5.72 5.66 5.54 6.14 6.00 6.04 6.45 6.16 6.18 6.27 6.61 6.78 7.18 6.97 6.84 7.17 7.51 7.63 7.52 7.33 7.17 6.84 7.24 7.64 7.15 6.96 7.30 7.62 7.82 7.60 7.74 7.69 8.59 8.80 8.31 8.95 8.29 8.28 8.41 8.18 8.56 8.71 9.02 9.07 9.18 9.30
4.51 5.12 5.22 5.33 4.80 4.66 4.39 4.39 4.47 4.95 4.77 4.83 4.61 4.82 4.77 4.51 5.13 5.06 5.52 5.31 4.40 3.82 4.39 5.08 5.39 5.73 6.22 5.82 5.87 6.36 6.05 6.19 6.30 6.42 5.34 5.57 6.13 6.30 6.11 6.46 5.85 6.41 6.53 6.48 6.84 6.98 7.23 7.63 7.93 7.75 7.64 7.35 7.44 6.78 6.90 6.83 7.37 8.11 8.43 8.09 7.83 8.03 8.54 8.74 8.22 8.52 8.56 8.50 8.45 8.95 9.10 8.91 9.00 9.04 9.01 9.08 9.28
4.87 5.31 5.58 5.46 5.46 4.90 4.83 4.77 4.76 4.96 4.57 4.98 5.62 4.95 5.07 5.15 5.00 5.15 4.98 4.87 4.39 4.97 4.98 5.34 5.84 5.93 6.44 6.15 5.77 5.96 6.64 6.46 6.04 5.96 6.55 6.57 6.09 5.16 5.74 5.71 6.02 6.49 6.38 6.49 6.50 6.89 6.93 7.06 6.95 7.15 7.53 7.96 8.06 7.56 7.20 7.39 8.06 8.37 8.65 8.60 8.40 8.47 8.44 8.61 8.09 8.16 8.14 8.23 8.61 8.56 9.16 9.36 9.02 9.22 8.99 8.98 9.36
4.87 4.93 5.22 4.72 4.75 4.90 4.62 4.64 4.28 4.23 4.41 4.42 5.01 4.67 4.51 3.83 4.50 4.71 5.01 4.79 4.80 5.00 4.65 4.90 5.54 6.04 6.32 5.77 5.33 5.70 6.24 5.92 5.79 6.07 6.20 6.17 5.82 5.91 6.10 6.42 6.16 6.11 6.17 6.54 7.18 6.85 6.44 6.71 6.83 7.07 7.53 8.02 7.41 7.34 7.66 7.50 8.55 9.09 9.47 9.25 8.92 8.21 8.62 8.44 8.67 8.51 8.12 8.51 9.21 8.76 8.55 8.55 9.57 9.28 9.22 8.91 9.01
5.24 5.15 5.13 4.96 4.93 5.24 5.19 5.40 5.13 5.08 5.03 4.65 4.88 4.87 4.47 4.07 4.63 5.14 5.02 4.93 4.70 4.88 4.06 5.03 5.66 5.92 5.80 6.43 6.50 6.58 6.44 6.51 6.13 5.64 5.84 6.68 6.27 6.51 6.66 6.64 6.27 5.86 5.89 6.40 7.36 7.07 6.68 7.02 7.24 7.42 7.45 7.24 6.80 7.32 7.75 8.26 8.82 9.30 9.23 8.88 8.26 7.89 8.12 8.07 8.04 8.30 8.04 8.51 8.91 9.11 8.31 8.47 8.82 8.77 8.48 8.36 8.62
5.65 5.77 5.42 5.41 5.03 5.10 5.22 5.43 4.90 5.11 4.54 4.47 4.73 5.36 5.28 5.43 5.13 4.36 4.13 4.36 4.62 4.34 4.35 5.21 4.88 5.38 5.59 6.17 5.93 5.98 5.92 6.01 5.96 6.29 6.51 6.42 6.61 6.60 6.48 6.62 6.42 6.14 5.97 5.86 6.29 6.28 6.69 6.84 6.88 6.95 7.40 7.27 7.08 7.90 8.11 8.24 8.83 9.05 8.69 8.16 8.29 7.78 7.73 7.63 7.81 8.14 8.14 8.79 8.90 9.18 9.04 8.96 8.22 8.54 8.41 8.22 8.27
5.46 5.71 5.27 5.37 5.37 5.36 5.19 4.77 5.15 5.05 4.84 4.67 4.79 4.80 4.75 4.73 4.64 4.21 4.68 5.31 5.05 5.16 4.93 4.36 4.62 5.33 6.03 5.54 4.83 4.52 4.44 4.86 5.66 6.32 5.91 5.99 5.87 6.29 6.18 6.10 5.79 6.03 6.23 5.84 5.71 5.94 6.56 6.93 7.38 7.59 7.53 7.39 7.68 7.91 8.27 7.96 8.70 8.97 8.66 8.84 8.44 7.82 8.00 7.92 7.82 8.10 8.16 8.82 8.92 8.99 8.69 9.08 8.65 8.81 8.49 8.79 9.04
5.34 5.50 5.21 4.82 4.72 4.81 5.40 4.83 5.16 5.26 5.60 5.43 5.05 4.64 4.63 5.10 4.49 4.12 4.56 5.03 5.31 5.23 5.05 4.76 4.60 5.45 5.31 5.42 5.59 5.08 5.27 4.98 5.12 5.16 5.77 5.72 5.77 6.07 6.57 6.06 5.16 5.83 5.74 5.84 6.07 6.64 7.36 7.65 7.78 7.55 6.97 7.10 7.40 7.53 7.94 8.13 8.69 8.63 8.48 8.59 8.43 8.11 8.06 7.79 7.26 7.72 8.46 8.41 8.74 8.65 9.30 9.05 8.55 8.60 8.78 8.90 8.84
5.72 5.97 5.24 5.07 5.08 5.12 5.14 5.19 5.58 5.44 5.47 4.84 5.15 4.74 4.97 5.36 4.93 4.92 4.64 5.11 5.11 4.97 4.96 5.35 4.88 4.58 4.63 5.13 4.24 4.35 4.94 5.05 5.29 5.20 5.11 5.49 5.42 6.02 6.08 6.06 5.73 5.83 5.58 5.96 6.64 7.12 7.51 7.33 6.97 6.73 6.73 6.83 7.10 7.29 7.34 8.26 8.84 8.73 8.42 8.11 7.64 7.90 8.25 8.42 8.19 8.45 8.70 8.75 8.74 8.92 9.10 9.07 8.90 8.46 8.45 8.70 8.68
5.21 5.67 5.69 5.49 5.03 5.08 5.24 4.98 4.80 5.34 5.45 5.44 5.41 5.44 5.43 5.22 4.87 4.28 4.85 4.79 4.66 4.77 4.78 4.62 4.78 4.92 4.73 4.42 4.18 4.82 5.58 5.60 5.85 5.87 5.53 5.34 5.42 5.33 5.94 6.55 5.73 5.14 5.58 6.34 6.85 7.18 7.30 7.23 6.57 6.78 6.74 6.57 6.53 7.01 7.27 8.34 8.75 8.40 8.07 8.14 7.77 8.03 8.17 8.41 8.18 8.47 8.92 9.27 8.96 9.40 9.19 9.17 9.11 8.52 8.31 8.23 8.86
5.27 5.58 5.67 5.68 5.59 6.02 6.05 5.57 5.18 5.13 5.42 5.13 5.10 5.20 4.82 5.22 5.18 4.86 5.07 4.58 4.62 4.37 4.23 4.83 5.42 5.40 5.38 4.89 4.90 5.32 5.07 4.85 5.55 6.28 5.95 5.31 5.43 6.10 5.94 6.55 5.59 5.14 5.14 6.10 6.50 6.48 6.38 6.55 6.57 6.16 6.40 6.92 6.96 7.24 7.45 7.76 8.29 8.60 8.31 7.94 7.65 8.11 7.87 8.11 8.71 8.90 9.03 9.20 9.02 9.38 9.23 9.03 8.59 8.62 8.80 8.90 8.86
5.35 5.59 5.60 6.11 6.20 5.98 5.64 5.29 4.87 5.36 5.95 5.68 5.27 5.58 4.96 5.22 5.39 4.42 4.40 4.57 4.53 4.69 5.27 5.12 6.05 6.37 6.18 5.33 4.76 4.88 4.91 5.25 5.38 6.06 6.02 5.64 6.06 6.08 5.63 5.63 5.54 5.57 5.83 5.60 5.98 6.17 6.11 6.66 6.54 6.47 6.83 7.20 7.13 7.46 8.03 8.11 8.42 8.40 7.68 8.09 7.95 8.06 7.90 8.54 8.86 8.93 9.32 9.01 9.52 9.37 8.59 8.41 8.33 8.49 8.95 9.19 8.91
5.13 5.45 5.44 5.89 5.96 5.96 5.76 5.51 5.53 5.54 5.75 5.81 5.56 5.63 5.45 5.44 5.45 4.74 5.00 4.69 4.77 4.56 4.71 5.21 6.05 5.62 5.70 5.76 5.72 6.16 6.12 6.40 6.30 6.31 6.11 5.74 5.71 5.99 5.49 5.37 5.70 5.58 5.76 6.36 6.54 6.62 6.64 5.94 6.75 6.64 6.54 6.92 7.46 7.84 8.10 8.46 8.31 8.08 8.22 8.32 7.79 8.32 8.59 8.74 9.39 9.20 9.13 9.49 9.65 9.03 8.46 8.10 7.91 7.47 8.77 8.66 8.81
5.38 5.65 5.96 6.23 6.04 6.40 6.41 6.06 6.05 5.69 5.69 6.13 5.75 5.86 6.05 6.36 6.02 5.60 5.37 5.14 5.05 5.09 5.24 5.98 5.60 5.30 5.54 5.81 5.67 5.76 6.05 6.15 5.81 5.83 5.66 5.30 5.69 5.49 5.26 6.15 6.33 6.61 6.48 6.99 6.88 6.87 6.75 6.84 7.25 6.91 6.75 6.94 7.62 8.06 7.96 7.63 7.80 8.63 8.06 8.49 7.84 7.80 8.32 8.92 8.97 9.37 9.36 9.28 9.21 8.70 8.49 8.04 8.16 8.56 8.67 8.25 8.05
5.61 5.66 5.76 5.22 5.39 6.37 6.43 6.00 6.58 6.17 5.56 5.74 5.99 5.91 5.79 6.19 5.84 5.65 5.62 5.63 5.32 5.26 5.86 5.87 5.91 5.62 5.81 6.25 6.11 6.27 6.28 6.35 6.34 6.49 6.25 6.13 5.82 5.55 6.37 6.99 6.94 7.43 7.31 7.62 7.14 7.00 7.38 7.28 7.13 7.05 7.03 7.02 7.25 7.33 6.85 7.64 8.14 8.11 7.95 8.04 8.10 8.24 8.51 8.77 9.18 9.10 9.11 9.08 8.66 8.81 8.38 8.23 8.43 8.37 8.32 8.54 8.77
5.82 5.85 5.98 5.35 5.34 5.98 6.23 5.90 5.83 6.01 5.71 5.68 5.45 5.16 5.02 5.36 5.50 5.64 5.97 5.68 5.38 5.49 5.33 5.34 6.00 6.01 6.25 6.75 6.77 6.22 6.24 5.80 6.29 6.67 6.14 6.08 5.50 5.41 6.32 6.93 7.17 7.56 7.23 6.96 6.60 6.63 6.78 6.89 6.87 7.00 6.99 6.50 6.63 6.96 7.06 8.36 8.41 8.01 7.82 8.04 8.30 8.25 8.06 7.98 8.70 9.16 9.03 8.50 8.53 8.40 8.21 8.10 8.43 8.61 8.98 9.03 8.93
6.18 6.11 5.75 5.95 5.70 6.19 5.97 6.21 5.84 5.47 5.53 5.69 5.15 5.13 5.19 5.60 5.62 5.71 5.92 5.86 5.62 5.40 5.73 6.07 6.46 6.18 6.20 6.52 6.89 6.72 5.88 5.91 6.39 6.72 6.02 5.98 6.00 5.88 6.62 6.90 6.35 6.54 6.03 6.37 6.14 6.13 6.43 7.04 6.76 6.23 6.63 6.69 6.57 7.14 7.67 8.33 7.95 8.08 7.99 8.23 8.26 8.40 8.01 8.38 8.65 9.05 9.04 8.56 8.39 7.55 7.33 7.46 7.97 8.49 8.97 8.95 8.93
5.70 5.76 5.92 6.07 5.90 5.96 6.02 6.11 6.31 6.07 5.87 6.07 5.52 5.25 5.41 5.41 5.46 5.98 5.99 5.93 5.94 5.80 6.14 6.87 6.70 6.01 5.54 5.66 5.89 5.81 5.68 5.81 6.18 6.25 5.94 6.00 6.57 6.37 6.37 6.27 6.00 5.88 6.33 6.56 6.73 6.41 6.90 7.52 7.20 7.01 7.05 7.29 6.94 7.14 7.32 7.94 8.11 8.06 7.60 7.80 8.36 8.19 8.79 8.53 7.90 8.31 7.93 8.31 8.38 7.43 7.30 7.98 8.99 8.85 8.74 8.85 8.85
5.35 5.60 5.97 6.11 6.00 5.62 5.49 6.04 6.35 6.63 6.50 5.93 5.73 5.39 4.84 5.16 5.39 6.14 5.99 5.80 5.87 6.32 6.58 6.97 6.93 5.96 5.95 6.31 5.78 5.72 5.74 5.78 5.94 5.45 5.46 5.76 5.90 5.62 5.64 5.55 6.21 6.83 6.48 6.55 7.14 7.38 7.22 7.40 7.60 7.74 8.08 7.66 6.71 7.20 7.95 8.49 7.84 7.63 7.74 8.03 8.13 8.40 8.74 8.11 7.55 7.41 6.94 7.87 7.81 7.63 8.21 8.57 8.94 9.07 8.83 8.85 8.85
5.60 5.58 5.77 6.25 6.28 6.09 5.88 6.51 6.42 6.24 6.06 5.45 5.39 5.41 5.17 5.51 5.93 6.12 5.95 6.18 6.83 6.99 6.61 6.82 6.71 6.66 6.17 5.83 5.24 5.49 6.08 5.38 5.43 5.26 5.65 5.72 5.81 5.30 5.17 4.98 6.20 7.07 6.99 6.59 7.29 7.67 7.62 8.06 8.01 8.11 7.95 7.48 6.90 6.90 7.34 7.50 7.01 7.09 7.52 7.88 8.05 8.07 8.18 7.87 7.72 7.30 7.14 8.10 8.14 8.77 8.53 8.68 8.51 8.53 8.92 8.92 8.92
5.36 5.47 5.82 5.74 6.16 6.10 6.28 6.57 6.31 5.63 5.49 5.62 5.10 5.14 5.32 5.42 5.66 5.88 5.96 6.15 6.74 6.88 7.14 6.84 6.63 6.55 6.25 5.66 5.24 5.66 5.81 5.38 5.51 6.19 6.49 6.36 5.82 5.33 5.05 5.73 6.30 6.93 7.27 6.14 7.02 6.98 7.69 7.85 7.44 7.16 6.84 6.51 6.65 6.72 6.67 6.88 6.77 6.87 7.17 7.49 7.99 8.20 8.38 8.34 8.06 7.75 7.52 7.17 6.87 8.20 8.42 8.81 9.37 9.19 8.92 8.92 8.92
