main/data/irradiance/12.07.2023.grid
ncols 839
nrows 679
xllcenter 112.0500
yllcenter -43.9500
cellsize 0.0500
nodata_value 99999.90
[rows 476 to 509 of 679, columns 462 to 538 of 839]
11.68 11.67 11.67 11.68 11.68 11.69 11.69 11.68 11.68 11.65 11.65 11.64 11.66 11.66 11.66 11.66 11.64 11.63 11.64 11.65 11.67 11.69 11.68 11.68 11.68 11.67 11.62 11.65 11.64 11.64 11.65 11.54 11.61 11.64 11.64 11.68 11.68 11.73 11.72 11.69 11.69 11.69 11.71 11.71 11.71 11.58 11.63 11.63 11.63 11.63 11.65 11.65 11.66 11.66 11.67 11.67 11.67 11.67 11.67 11.67 11.63 11.66 11.66 11.67 11.68 11.67 11.67 11.61 11.66 11.64 11.62 11.64 11.64 11.67 11.66 11.66 11.65
11.68 11.65 11.64 11.65 11.66 11.65 11.64 11.64 11.64 11.63 11.62 11.61 11.62 11.60 11.61 11.62 11.62 11.62 11.62 11.63 11.63 11.65 11.65 11.65 11.66 11.64 11.65 11.60 11.60 11.57 11.65 11.54 11.54 11.64 11.64 11.64 11.68 11.73 11.72 11.69 11.69 11.69 11.69 11.71 11.58 11.58 11.58 11.58 11.63 11.63 11.63 11.63 11.64 11.63 11.64 11.64 11.63 11.64 11.65 11.64 11.64 11.67 11.65 11.64 11.66 11.65 11.65 11.65 11.65 11.61 11.60 11.61 11.63 11.64 11.62 11.62 11.61
11.65 11.65 11.63 11.63 11.62 11.60 11.58 11.58 11.59 11.59 11.60 11.61 11.61 11.61 11.62 11.61 11.60 11.60 11.59 11.60 11.60 11.62 11.63 11.62 11.65 11.63 11.62 11.63 11.57 11.57 11.57 11.54 11.54 11.54 11.64 11.64 11.64 11.73 11.72 11.69 11.69 11.69 11.69 11.58 11.58 11.58 11.58 11.58 11.58 11.62 11.62 11.61 11.62 11.62 11.62 11.62 11.62 11.62 11.62 11.62 11.63 11.63 11.62 11.61 11.62 11.63 11.62 11.62 11.62 11.57 11.56 11.57 11.59 11.60 11.60 11.55 11.59
11.65 11.63 11.63 11.58 11.57 11.58 11.59 11.60 11.59 11.59 11.59 11.60 11.60 11.60 11.59 11.60 11.60 11.59 11.59 11.60 11.60 11.61 11.61 11.61 11.62 11.61 11.59 11.63 11.57 11.57 11.57 11.57 11.54 11.54 11.64 11.64 11.64 11.64 11.72 11.69 11.69 11.69 11.47 11.47 11.58 11.58 11.58 11.58 11.58 11.58 11.60 11.59 11.60 11.60 11.60 11.60 11.59 11.59 11.60 11.60 11.60 11.58 11.58 11.59 11.59 11.59 11.57 11.60 11.59 11.55 11.54 11.54 11.58 11.57 11.56 11.57 11.56
11.63 11.59 11.59 11.59 11.57 11.57 11.58 11.58 11.59 11.59 11.58 11.58 11.59 11.59 11.58 11.59 11.58 11.59 11.59 11.59 11.59 11.60 11.59 11.59 11.58 11.61 11.59 11.59 11.57 11.57 11.57 11.57 11.54 11.54 11.54 11.64 11.64 11.64 11.72 11.69 11.69 11.47 11.47 11.47 11.47 11.51 11.51 11.56 11.56 11.56 11.57 11.56 11.57 11.57 11.57 11.56 11.56 11.56 11.56 11.56 11.56 11.55 11.54 11.56 11.57 11.58 11.55 11.56 11.56 11.55 11.53 11.52 11.53 11.53 11.54 11.54 11.54
11.55 11.55 11.55 11.55 11.55 11.56 11.56 11.56 11.58 11.57 11.56 11.57 11.57 11.57 11.56 11.57 11.57 11.56 11.56 11.57 11.57 11.56 11.57 11.57 11.58 11.58 11.59 11.59 11.59 11.57 11.57 11.57 11.57 11.54 11.54 11.64 11.64 11.64 11.64 11.69 11.47 11.47 11.47 11.47 11.47 11.47 11.51 11.51 11.55 11.55 11.52 11.54 11.54 11.54 11.54 11.54 11.53 11.54 11.53 11.53 11.53 11.53 11.54 11.55 11.55 11.54 11.50 11.52 11.53 11.53 11.50 11.50 11.50 11.53 11.54 11.49 11.53
11.53 11.53 11.53 11.53 11.52 11.52 11.54 11.54 11.56 11.54 11.54 11.54 11.54 11.55 11.54 11.54 11.54 11.54 11.54 11.54 11.54 11.54 11.54 11.54 11.54 11.54 11.58 11.59 11.59 11.57 11.57 11.57 11.57 11.54 11.54 11.54 11.64 11.64 11.64 11.47 11.47 11.47 11.47 11.47 11.47 11.47 11.47 11.51 11.51 11.51 11.43 11.52 11.51 11.52 11.52 11.51 11.51 11.51 11.53 11.53 11.51 11.52 11.52 11.52 11.52 11.46 11.51 11.52 11.50 11.50 11.49 11.48 11.49 11.52 11.47 11.50 11.52
11.53 11.53 11.53 11.53 11.50 11.49 11.51 11.55 11.54 11.52 11.51 11.52 11.53 11.51 11.52 11.51 11.51 11.52 11.51 11.52 11.51 11.51 11.51 11.54 11.54 11.54 11.54 11.59 11.59 11.59 11.57 11.57 11.57 11.57 11.54 11.54 11.64 11.64 11.47 11.47 11.47 11.47 11.47 11.47 11.47 11.47 11.47 11.47 11.49 11.49 11.43 11.48 11.50 11.50 11.49 11.50 11.49 11.49 11.49 11.51 11.51 11.49 11.51 11.50 11.49 11.51 11.51 11.50 11.48 11.51 11.47 11.45 11.46 11.50 11.42 11.47 11.49
11.53 11.53 11.48 11.48 11.48 11.48 11.47 11.50 11.49 11.49 11.50 11.50 11.50 11.49 11.49 11.49 11.48 11.49 11.49 11.49 11.48 11.49 11.47 11.47 11.47 11.54 11.54 11.54 11.59 11.59 11.57 11.57 11.57 11.57 11.57 11.54 11.54 11.64 11.44 11.44 11.44 11.44 11.44 11.44 11.44 11.44 11.44 11.44 11.48 11.48 11.38 11.38 11.43 11.39 11.48 11.47 11.47 11.49 11.49 11.47 11.47 11.47 11.48 11.48 11.49 11.48 11.48 11.48 11.49 11.48 11.46 11.40 11.45 11.48 11.42 11.47 11.47
11.48 11.48 11.48 11.48 11.48 11.45 11.47 11.46 11.47 11.47 11.48 11.48 11.47 11.47 11.47 11.46 11.46 11.47 11.47 11.46 11.46 11.46 11.47 11.47 11.47 11.47 11.47 11.54 11.54 11.59 11.59 11.57 11.57 11.57 11.57 11.54 11.54 11.44 11.44 11.44 11.44 11.44 11.44 11.44 11.44 11.44 11.44 11.44 11.46 11.46 11.40 11.44 11.19 11.20 11.42 11.45 11.44 11.43 11.43 11.43 11.47 11.47 11.45 11.46 11.42 11.39 11.40 11.46 11.43 11.45 11.43 11.41 11.45 11.43 11.40 11.44 11.45
11.32 11.48 11.48 11.48 11.48 11.48 11.46 11.44 11.45 11.44 11.41 11.40 11.44 11.44 11.44 11.43 11.43 11.44 11.44 11.43 11.46 11.46 11.46 11.47 11.47 11.47 11.47 11.47 11.47 11.54 11.59 11.57 11.57 11.57 11.57 11.57 11.54 11.42 11.42 11.42 11.42 11.42 11.42 11.42 11.42 11.42 11.42 11.42 11.44 11.43 11.43 11.42 11.11 11.39 11.43 11.43 11.40 11.43 11.43 11.43 11.42 11.42 11.42 11.42 11.42 11.38 11.35 11.40 11.41 11.41 11.42 11.41 11.36 11.39 11.40 11.40 11.42
11.32 11.34 11.42 11.42 11.42 11.42 11.42 11.41 11.41 11.42 11.41 11.38 11.42 11.42 11.41 11.41 11.41 11.41 11.42 11.39 11.39 11.46 11.46 11.46 11.47 11.47 11.47 11.47 11.47 11.47 11.47 11.59 11.57 11.57 11.57 11.57 11.57 11.40 11.40 11.40 11.40 11.40 11.40 11.40 11.40 11.40 11.40 11.40 11.40 11.33 11.39 11.40 11.21 11.30 11.39 11.38 11.40 11.40 11.43 11.43 11.42 11.42 11.42 11.34 11.40 11.38 11.33 11.41 11.41 11.39 11.38 11.41 11.40 11.38 11.39 11.40 11.40
11.32 11.34 11.36 11.38 11.38 11.38 11.39 11.38 11.39 11.39 11.39 11.40 11.40 11.40 11.39 11.39 11.40 11.40 11.40 11.39 11.39 11.39 11.46 11.46 11.46 11.47 11.47 11.47 11.47 11.47 11.47 11.47 11.57 11.57 10.98 10.98 10.98 11.37 11.37 11.37 11.37 11.37 11.37 11.37 11.37 11.37 11.37 11.37 11.36 11.39 11.36 11.37 11.28 11.36 11.34 11.38 11.38 11.40 11.40 11.43 11.42 11.23 11.23 11.23 11.37 11.37 11.36 11.38 11.37 11.32 11.32 11.38 11.38 11.37 11.38 11.37 11.37
11.32 11.34 11.36 11.36 11.38 11.38 11.37 11.37 11.37 11.38 11.38 11.38 11.38 11.37 11.37 11.36 11.37 11.37 11.40 11.35 11.35 11.35 11.35 11.35 11.46 11.46 11.47 11.47 11.47 11.47 11.47 11.47 10.98 10.98 10.98 10.98 10.98 10.98 11.32 11.32 11.32 11.32 11.32 11.32 11.32 11.32 11.32 11.32 11.35 11.38 11.38 11.36 11.29 11.22 11.19 11.19 11.19 11.38 11.40 11.23 11.23 11.23 11.23 11.23 11.25 11.30 11.34 11.35 11.35 11.29 11.28 11.35 11.34 11.29 11.35 11.36 11.33
11.32 11.34 11.36 11.36 11.31 11.31 11.32 11.33 11.35 11.35 11.36 11.35 11.34 11.33 11.33 11.34 11.37 11.37 11.37 11.35 11.35 11.35 11.35 11.35 11.35 11.35 11.46 11.47 11.47 11.47 11.47 10.98 10.98 10.98 10.98 10.98 10.98 10.98 10.98 11.24 11.24 11.24 11.24 11.24 11.24 11.24 11.24 11.24 11.33 11.35 11.33 11.35 11.30 11.20 11.12 11.12 11.12 11.12 11.12 11.23 11.23 11.23 11.23 11.25 11.25 11.33 11.31 11.25 11.28 11.30 11.26 11.31 11.26 11.20 11.30 11.32 11.32
11.32 11.34 11.36 11.32 11.32 11.31 11.32 11.30 11.31 11.32 11.32 11.33 11.29 11.32 11.31 11.30 11.30 11.37 11.37 11.35 11.35 11.35 11.35 11.35 11.35 11.35 11.35 11.35 11.47 11.47 11.47 10.98 10.98 10.98 10.98 10.98 10.98 10.98 10.98 10.91 10.61 11.24 11.24 11.24 11.24 11.24 11.24 11.24 11.31 11.31 11.32 11.32 11.28 11.25 11.28 11.28 11.28 11.28 11.28 11.23 11.23 11.23 11.25 11.20 11.20 11.20 11.22 11.18 11.13 11.21 11.12 11.27 11.20 11.26 11.25 11.26 11.26
11.32 11.34 11.32 11.32 11.29 11.29 11.29 11.32 11.28 11.29 11.30 11.31 11.29 11.29 11.28 11.30 11.30 11.30 11.37 11.35 11.35 11.35 11.35 11.35 11.35 11.35 11.35 11.35 11.35 11.35 10.94 10.98 10.98 10.98 10.98 10.98 10.98 10.98 10.98 10.91 10.61 10.53 11.17 11.17 11.17 11.17 11.17 11.28 11.28 11.28 11.25 11.31 11.29 11.28 11.27 11.27 11.27 11.27 11.27 11.27 11.23 11.20 11.20 11.20 11.20 11.20 11.10 11.13 11.13 11.18 11.09 11.18 11.20 11.25 11.11 11.22 11.25
11.32 11.32 11.32 11.29 11.29 11.29 11.29 11.25 11.28 11.27 11.26 11.23 11.24 11.26 11.28 11.28 11.18 11.18 11.18 11.18 11.35 11.35 11.35 11.35 11.35 11.35 11.35 11.35 11.35 10.94 10.94 10.94 10.98 10.98 10.98 10.98 10.98 10.98 10.98 10.91 10.61 10.53 11.17 11.17 11.17 11.17 11.17 11.17 11.19 11.27 11.21 11.23 11.23 11.26 11.23 11.23 11.23 11.23 11.23 11.23 11.20 11.20 11.20 11.20 11.20 11.10 11.10 10.99 11.15 11.18 11.03 11.19 11.19 11.11 11.12 11.22 11.20
11.32 11.32 11.29 11.29 11.29 11.29 11.29 11.26 11.24 11.25 11.25 11.23 11.16 11.22 11.23 11.23 11.18 11.18 11.18 11.18 11.18 11.18 11.35 11.35 11.35 11.35 11.35 11.35 11.35 10.94 10.94 10.94 10.94 10.98 10.98 10.98 10.98 10.98 10.98 10.91 10.61 10.53 10.75 11.16 11.16 11.16 11.16 11.16 11.17 11.20 11.14 11.20 11.17 11.19 11.13 11.13 11.13 11.13 11.13 11.13 11.20 11.20 11.20 11.20 11.10 11.10 10.99 10.99 11.18 11.14 11.10 11.17 11.13 11.06 11.10 11.15 11.10
11.32 11.29 11.29 11.29 11.29 11.29 11.26 11.26 11.24 11.24 11.22 11.20 11.10 11.22 11.23 11.18 11.18 11.18 11.18 11.18 11.18 11.18 11.18 11.18 11.35 11.35 11.35 11.35 10.94 10.94 10.94 10.94 10.94 10.94 10.98 10.98 10.98 10.98 10.98 10.91 10.61 10.53 10.75 10.75 11.17 11.17 11.17 11.17 11.16 11.18 11.19 11.18 11.20 11.20 11.13 11.13 11.13 11.13 11.13 11.13 11.13 11.20 11.20 10.98 10.98 10.98 10.98 10.98 11.05 11.09 11.11 11.21 11.09 11.03 11.07 11.04 11.15
11.29 11.29 11.29 11.29 11.29 11.26 11.26 11.24 11.24 11.18 11.18 11.18 11.10 11.10 11.11 11.13 11.13 11.13 11.13 11.13 11.13 11.13 11.13 11.13 11.13 11.13 11.35 10.94 10.94 10.94 10.94 10.94 10.94 10.94 10.94 10.98 10.98 10.98 10.98 10.91 10.61 10.53 10.75 10.75 10.75 11.15 11.15 11.15 11.19 11.21 11.15 11.16 11.14 11.11 11.11 11.11 11.13 11.13 11.13 11.13 11.13 10.93 10.93 10.93 10.93 10.93 10.93 10.93 10.98 10.97 11.06 11.22 11.02 11.08 11.10 11.03 11.11
11.29 11.29 11.29 11.29 11.26 11.26 11.24 11.24 11.18 11.18 11.11 11.18 11.18 11.10 11.11 11.10 11.10 11.10 11.10 11.10 11.10 11.10 11.10 11.10 11.10 11.10 11.10 10.96 10.94 10.94 10.94 10.94 10.94 10.94 10.94 10.94 10.98 10.98 10.98 10.91 10.61 10.53 10.75 10.75 10.74 10.74 10.90 10.90 11.07 11.14 11.08 11.12 11.11 11.11 11.11 11.11 11.11 11.11 11.13 11.13 11.13 10.85 10.85 10.85 10.85 10.85 10.85 10.85 11.02 10.98 11.10 11.12 11.01 10.99 11.02 11.03 11.07
11.29 11.29 11.29 11.26 11.26 11.24 11.24 11.18 11.18 11.11 11.11 11.11 11.18 11.10 11.10 11.10 11.05 11.05 11.05 11.05 11.05 11.05 11.05 11.05 11.05 11.05 11.05 10.96 10.96 10.96 10.94 10.94 10.94 10.94 10.94 10.94 10.94 10.98 10.98 10.91 10.61 10.53 10.75 10.75 10.74 10.74 10.74 10.94 11.06 11.14 11.05 10.95 11.06 11.06 11.06 11.11 11.11 11.11 11.11 11.11 10.85 10.85 10.85 10.85 10.85 10.85 10.85 10.85 10.88 10.98 11.06 11.02 10.95 10.93 10.90 10.90 11.02
11.29 11.29 11.26 11.26 11.24 11.24 11.18 11.18 11.11 11.11 11.11 11.11 11.11 11.10 11.10 11.05 11.05 11.05 11.05 11.05 11.05 11.05 11.05 11.05 11.05 11.05 10.96 10.96 10.96 10.96 10.96 10.96 10.94 10.94 10.94 10.94 10.94 10.94 11.05 11.10 11.02 10.71 10.61 10.71 10.74 10.64 10.84 10.92 11.11 11.08 11.04 10.99 11.00 11.00 11.00 11.00 11.00 11.11 11.11 11.11 10.85 10.85 10.85 10.85 10.85 10.85 10.86 10.86 10.86 10.69 10.93 11.04 10.94 10.83 10.83 10.88 10.96
11.29 11.26 11.26 11.24 11.24 11.18 11.18 11.11 11.11 11.11 11.11 11.11 11.11 11.10 11.05 11.05 11.05 11.05 11.05 11.05 11.05 11.05 11.05 11.05 11.05 11.05 10.96 10.96 10.96 10.96 10.96 10.96 10.96 10.94 10.94 11.04 11.04 11.04 11.04 11.05 11.08 10.95 10.77 10.58 10.70 10.61 10.70 10.94 10.83 10.85 11.03 10.96 11.00 11.00 11.00 11.00 11.00 11.00 11.00 11.00 11.06 11.06 11.06 11.06 11.06 11.06 11.06 10.85 10.85 10.95 10.80 10.86 10.79 10.83 10.83 10.87 10.85
11.29 11.26 11.24 11.24 11.18 11.18 11.11 11.11 11.11 11.11 11.11 11.11 11.11 11.05 11.05 11.05 11.05 11.05 11.05 11.05 11.05 11.05 11.05 11.05 11.05 11.05 10.96 10.96 10.96 10.96 10.96 10.96 10.96 10.96 10.94 10.94 10.84 10.84 10.93 10.87 11.00 10.96 10.90 10.79 10.74 10.67 10.65 10.61 10.57 10.60 10.90 10.93 10.93 10.93 11.00 11.00 11.00 11.00 11.00 11.00 11.06 11.06 11.06 11.06 11.06 11.06 11.06 11.06 11.00 11.05 10.81 10.67 10.68 10.77 10.49 10.84 10.91
11.26 11.24 11.24 11.18 11.18 11.11 11.11 11.11 11.11 11.11 11.11 11.11 11.11 11.05 11.05 11.05 11.05 11.05 11.05 11.05 11.05 11.05 11.05 11.05 11.05 11.05 10.96 10.96 10.96 10.96 10.96 10.96 10.96 10.96 10.96 10.94 10.94 10.70 10.81 10.81 10.83 10.86 10.89 10.78 10.74 10.67 10.65 10.61 10.57 10.60 10.63 10.93 10.93 10.93 10.93 10.93 11.00 11.00 11.00 11.00 10.95 10.95 11.00 11.00 11.00 11.00 11.00 11.00 11.04 11.01 10.76 10.73 10.62 10.64 10.70 10.74 10.83
11.24 11.24 11.18 11.18 11.11 11.11 11.11 11.11 11.11 11.11 11.11 11.11 11.11 11.05 11.05 11.05 11.05 11.05 11.05 11.05 11.05 11.05 11.05 11.05 11.05 10.96 10.96 10.96 10.96 10.96 10.96 10.96 10.96 10.96 10.96 10.96 10.84 10.90 10.88 10.88 10.87 10.86 10.89 10.78 10.78 10.67 10.65 10.61 10.57 10.63 10.63 10.63 10.93 10.93 10.93 10.93 10.93 10.93 11.00 10.79 10.95 10.95 10.95 10.95 10.95 10.95 10.95 10.95 11.01 10.98 10.86 10.69 10.67 10.57 10.55 10.44 10.90
11.24 11.18 11.18 11.11 11.11 11.11 11.11 11.11 11.11 11.11 11.11 11.11 11.05 11.05 11.05 11.05 11.05 11.05 11.05 11.05 11.05 11.05 11.05 11.05 11.05 10.92 10.92 10.92 10.92 10.92 10.92 10.92 10.92 10.92 10.92 10.92 10.95 10.90 10.88 10.88 10.87 10.87 10.89 10.78 10.78 10.78 10.65 10.61 10.63 10.63 10.63 10.63 10.63 10.93 10.93 10.93 10.93 10.93 10.61 10.61 10.79 10.66 10.95 10.95 10.95 10.95 10.91 10.91 10.99 10.98 10.96 10.87 10.68 10.71 10.53 10.83 10.82
11.18 11.18 11.11 11.11 11.11 11.11 11.11 11.11 11.11 11.11 11.11 11.11 11.05 11.05 11.05 11.05 11.05 11.05 11.05 11.05 11.05 11.05 11.05 11.05 11.05 10.92 10.92 10.92 10.92 10.92 10.92 10.92 10.92 10.92 10.92 10.92 10.95 10.95 10.88 10.88 10.87 10.87 10.87 10.78 10.78 10.78 10.65 10.61 10.63 10.63 10.63 10.63 10.63 10.63 10.93 10.93 10.93 10.61 10.61 10.61 10.79 10.79 10.66 10.66 10.95 10.95 10.95 10.95 10.99 11.00 10.96 10.91 10.80 10.62 10.59 10.66 10.68
11.18 11.11 11.11 11.11 11.11 11.11 11.11 11.11 11.11 11.11 11.11 11.11 11.05 11.05 11.05 11.05 11.05 11.05 11.05 11.05 11.05 11.05 11.05 11.05 10.56 10.56 10.92 10.92 10.92 10.92 10.92 10.92 10.92 10.92 10.92 10.92 10.95 10.95 10.95 10.88 10.87 10.87 10.87 10.78 10.78 10.78 10.65 10.61 10.63 10.63 10.63 10.63 10.63 10.63 10.63 10.93 10.61 10.61 10.61 10.61 10.61 10.79 10.79 10.66 10.66 10.86 10.86 10.88 10.98 10.95 10.93 10.93 10.86 10.72 10.64 10.09 10.52
11.11 11.11 11.11 11.11 11.11 11.11 11.11 11.11 11.11 11.11 11.11 11.11 11.05 11.05 11.05 11.05 11.05 11.05 11.05 11.05 11.05 11.05 10.56 10.56 10.56 10.56 10.56 10.56 10.92 10.92 10.92 10.92 10.92 10.92 10.92 10.92 10.95 10.95 10.95 10.88 10.87 10.87 10.87 10.78 10.68 10.67 10.58 10.41 10.42 10.63 10.63 10.63 10.63 10.63 10.63 10.45 10.45 10.61 10.61 10.61 10.61 10.76 10.79 10.79 10.66 10.66 10.74 10.79 10.91 10.93 10.89 10.91 10.79 10.59 10.54 10.38 10.59
99999.90 99999.90 99999.90 99999.90 99999.90 99999.90 11.05 11.05 11.05 11.05 11.05 11.05 11.05 11.05 11.05 11.05 11.05 11.05 11.05 11.05 11.05 10.56 10.56 10.56 10.56 10.56 10.56 10.56 10.56 10.56 10.92 10.92 10.92 10.92 10.92 10.92 10.95 10.95 10.95 10.88 10.37 10.37 10.37 10.54 10.68 10.67 10.58 10.41 10.42 10.42 10.42 10.42 10.42 10.42 10.45 10.45 10.45 10.45 10.61 10.61 10.61 10.61 10.76 10.79 10.79 10.67 10.57 10.72 10.87 10.90 10.87 10.65 10.65 10.44 10.45 10.62 10.59
99999.90 99999.90 99999.90 99999.90 99999.90 99999.90 99999.90 99999.90 99999.90 99999.90 99999.90 99999.90 99999.90 99999.90 99999.90 99999.90 99999.90 99999.90 10.27 10.56 10.56 10.56 10.56 10.56 10.56 10.56 10.56 10.56 10.56 10.56 9.73 9.73 9.73 9.73 10.25 10.25 10.25 10.25 10.18 10.37 10.37 10.37 10.37 10.54 10.68 10.67 10.58 10.41 10.42 10.42 10.42 10.42 10.42 10.42 10.09 10.45 10.45 10.45 10.45 10.61 10.61 10.61 10.76 10.76 10.77 10.69 10.47 10.58 10.85 10.77 10.50 10.57 10.67 10.44 10.45 10.62 10.62
