main/data/irradiance/12.02.2023.grid
ncols 839
nrows 679
xllcenter 112.0500
yllcenter -43.9500
cellsize 0.0500
nodata_value 99999.90
[rows 306 to 339 of 679, columns 693 to 769 of 839]
28.72 28.72 28.74 28.73 28.69 28.65 28.67 28.70 28.69 28.69 28.65 28.64 28.65 28.66 28.61 28.64 28.65 28.25 28.54 27.94 28.27 28.00 27.16 28.02 27.48 27.62 26.85 27.93 27.03 28.06 28.14 27.31 27.94 27.93 27.48 27.73 27.36 27.79 26.33 24.96 26.96 28.16 27.35 25.80 25.85 25.74 26.47 26.87 25.91 25.65 27.48 27.52 25.11 26.59 28.51 28.11 27.38 26.95 27.89 27.68 27.77 26.59 27.47 27.72 26.78 26.97 26.51 25.63 27.45 27.97 27.27 27.05 25.94 27.05 27.97 27.93 27.06
28.73 28.72 28.73 28.72 28.72 28.65 28.69 28.70 28.69 28.68 28.68 28.49 28.60 28.66 28.63 28.50 28.63 28.21 28.06 28.41 28.06 28.35 27.40 27.87 27.04 27.60 27.72 27.34 26.36 27.88 27.57 27.22 27.19 27.74 28.38 27.82 27.48 27.48 27.35 26.43 27.12 27.70 27.16 25.90 26.69 27.19 24.98 27.14 25.89 25.77 26.14 27.53 26.95 27.52 27.78 27.82 26.47 26.54 28.43 28.21 27.34 28.03 26.81 27.87 27.46 27.83 26.53 26.91 27.60 27.72 27.75 26.76 26.40 26.49 27.77 27.74 26.69
28.72 28.70 28.71 28.72 28.71 28.69 28.67 28.68 28.66 28.66 28.67 28.67 28.62 28.65 28.59 28.16 28.48 28.06 28.15 28.26 27.99 27.30 27.93 26.94 27.85 27.80 27.44 27.45 27.73 27.92 27.52 26.29 26.65 27.92 28.12 27.54 27.76 27.40 26.13 26.80 26.94 27.01 27.23 26.48 26.72 26.81 24.45 25.83 25.22 27.81 27.58 27.56 28.00 28.53 27.82 28.08 27.36 27.88 28.42 27.94 28.40 27.10 26.49 27.92 27.71 28.17 27.94 28.08 28.24 28.21 28.02 27.94 27.74 28.32 28.21 27.59 27.49
28.71 28.70 28.70 28.69 28.69 28.69 28.65 28.66 28.63 28.53 28.65 28.65 28.38 28.63 28.24 28.01 27.98 28.37 28.43 28.36 27.30 27.46 27.86 26.96 27.42 27.04 27.88 27.58 27.48 28.07 27.94 26.88 27.32 27.83 28.26 27.72 27.22 27.24 26.36 26.68 26.38 27.13 26.65 27.99 26.38 26.69 27.03 26.31 26.90 27.74 26.49 27.29 27.49 28.23 28.52 26.86 27.28 27.92 27.84 26.25 28.04 27.81 27.86 28.25 27.28 28.01 28.30 27.92 28.10 27.48 27.57 27.85 27.79 28.33 28.06 27.98 28.30
28.72 28.73 28.69 28.71 28.72 28.68 28.70 28.67 28.48 28.26 28.66 28.61 28.15 28.49 28.03 28.42 28.16 28.35 28.40 27.19 28.15 28.16 27.37 28.17 28.25 27.15 27.53 28.01 27.30 26.92 27.57 27.15 26.57 28.30 28.36 26.99 27.00 27.01 27.43 26.32 26.73 27.80 27.31 28.19 25.87 26.80 28.17 27.28 28.09 27.93 27.59 27.80 27.76 28.25 28.28 26.46 27.86 27.96 27.68 27.15 27.80 28.04 28.13 27.82 27.11 27.42 27.87 27.79 27.31 27.52 27.85 27.45 28.08 28.26 27.28 27.19 28.36
28.72 28.71 28.70 28.70 28.70 28.70 28.72 28.67 28.66 28.59 28.69 28.63 28.37 28.43 28.41 28.35 27.55 27.95 27.51 27.91 27.72 27.40 27.78 28.24 27.13 27.51 27.18 27.38 27.25 26.77 26.90 28.23 27.71 27.89 27.89 26.90 27.58 26.84 27.70 28.27 27.44 27.99 28.13 27.44 27.19 27.33 27.83 27.61 27.48 28.09 27.32 27.76 28.11 28.17 27.55 27.75 27.95 27.50 27.77 28.53 28.19 26.97 28.17 27.95 27.60 28.13 27.79 27.26 26.44 27.67 27.28 27.36 28.33 27.54 26.83 26.94 28.27
28.68 28.70 28.73 28.72 28.70 28.71 28.71 28.70 28.59 28.64 27.99 28.45 28.64 28.45 28.65 28.47 28.23 28.28 27.92 27.90 28.42 27.37 28.31 28.08 27.63 28.03 26.94 28.20 27.54 26.75 26.92 28.05 27.55 28.15 27.84 27.11 26.23 27.51 28.07 27.94 27.26 27.22 28.14 27.22 26.86 27.52 28.11 27.25 27.74 28.26 27.91 28.48 28.10 27.97 28.23 28.06 27.85 28.29 28.30 27.79 28.42 27.52 28.33 27.78 27.24 28.22 28.21 26.64 25.88 27.85 28.09 28.36 26.73 27.16 27.73 27.62 27.38
28.68 28.71 28.72 28.70 28.69 28.69 28.71 28.69 28.63 28.62 28.46 28.55 28.62 28.64 28.49 28.35 28.56 28.44 28.36 28.34 28.59 28.56 27.75 28.37 28.15 27.33 27.59 27.68 27.78 27.33 27.76 27.84 28.27 27.30 27.60 27.15 27.24 27.59 28.31 27.08 27.94 27.55 27.35 27.90 27.64 27.72 28.08 26.98 28.18 28.13 28.11 28.55 28.21 27.99 27.69 28.58 28.32 28.45 28.30 28.25 28.10 28.02 26.89 27.53 26.67 28.45 27.08 27.15 26.28 27.66 28.11 27.82 27.22 27.21 27.77 27.58 27.43
28.68 28.69 28.71 28.71 28.71 28.70 28.71 28.71 28.58 28.61 28.26 28.65 28.49 28.67 28.65 28.60 28.29 28.31 28.54 28.61 28.55 28.45 28.17 26.96 28.35 27.71 26.90 27.67 28.07 26.49 28.31 28.14 28.13 28.31 27.70 28.02 28.43 27.88 28.38 27.39 27.45 28.21 27.74 27.51 28.28 28.06 28.58 27.95 28.44 28.36 27.51 28.58 27.30 28.29 28.17 28.45 27.28 27.95 28.23 28.38 27.95 28.33 27.80 27.13 27.35 28.09 27.50 27.47 28.06 28.48 28.34 27.89 26.47 26.83 27.85 27.85 27.04
28.68 28.68 28.69 28.69 28.70 28.71 28.71 28.69 28.64 28.62 28.61 28.64 28.64 28.65 28.68 28.45 28.61 28.44 28.61 28.53 28.47 27.96 27.91 27.29 27.59 28.28 27.28 27.95 28.04 28.31 28.25 28.32 28.37 28.34 27.73 27.99 28.37 28.27 27.13 27.89 27.95 27.44 27.96 28.40 28.55 27.94 28.46 28.24 27.95 28.38 27.97 28.04 28.03 28.28 28.52 27.95 28.47 27.83 27.90 28.19 27.68 28.12 27.37 28.17 27.67 28.11 28.33 26.44 27.92 28.34 27.83 27.55 27.21 27.53 28.09 27.64 28.01
28.68 28.67 28.70 28.70 28.71 28.72 28.71 28.71 28.67 28.64 28.58 28.63 28.66 28.69 28.68 28.67 28.65 28.50 28.65 28.39 27.97 28.32 28.11 27.43 27.72 28.01 27.89 28.21 28.19 28.35 28.34 28.18 28.57 28.34 28.51 28.38 28.40 28.35 27.53 27.71 27.54 27.94 28.08 28.19 27.89 28.30 27.39 28.29 28.48 28.39 28.45 28.25 28.55 28.34 28.65 28.66 28.58 28.59 28.03 28.07 27.97 28.35 27.53 27.96 27.89 27.76 27.06 28.09 28.05 27.67 26.91 27.11 27.06 28.09 27.28 27.45 27.58
28.66 28.66 28.68 28.70 28.69 28.71 28.71 28.70 28.68 28.67 28.63 28.61 28.65 28.68 28.67 28.67 28.67 28.68 28.65 28.54 28.20 28.03 28.13 27.73 27.98 27.91 28.18 28.53 28.29 28.45 28.48 28.55 28.20 28.19 28.22 28.64 28.19 27.82 28.41 27.65 27.93 28.17 28.25 28.24 27.97 28.48 27.69 27.91 28.58 28.33 28.54 28.58 28.47 28.49 28.62 28.67 28.21 28.42 28.47 27.93 27.71 28.20 27.92 27.33 27.94 27.98 27.88 28.34 28.43 26.04 25.94 27.66 27.29 28.04 26.07 25.17 26.13
28.69 28.69 28.69 28.69 28.69 28.71 28.69 28.68 28.67 28.69 28.64 28.53 28.65 28.54 28.63 28.66 28.54 28.60 28.38 28.51 28.09 28.08 28.07 27.59 27.58 28.45 28.44 28.39 28.39 28.50 28.46 28.48 28.34 28.70 28.18 28.43 28.32 28.06 27.90 28.04 27.98 28.35 28.30 28.34 28.28 28.50 28.20 28.25 28.42 28.20 28.46 28.40 28.16 28.31 28.39 28.55 27.98 28.67 28.60 28.19 28.07 28.40 28.34 27.57 27.62 28.18 27.75 28.06 27.57 26.56 27.11 26.79 26.83 28.25 27.51 26.12 25.32
28.69 28.69 28.70 28.70 28.71 28.71 28.70 28.69 28.71 28.69 28.63 28.60 28.65 28.66 28.63 28.62 28.60 28.61 28.49 28.49 28.42 28.06 28.55 28.06 28.45 28.51 28.59 28.37 28.48 28.17 28.44 28.09 28.44 28.63 28.58 28.06 28.11 27.78 28.22 28.11 28.41 28.05 28.35 28.00 28.28 28.49 28.27 28.34 28.49 28.51 28.46 28.20 28.39 28.15 28.31 28.42 27.80 28.57 27.96 28.33 28.21 28.52 27.62 28.37 27.99 28.47 27.90 27.34 27.97 27.90 27.25 26.91 27.00 27.10 27.40 26.81 25.17
28.69 28.70 28.70 28.70 28.69 28.69 28.70 28.70 28.69 28.68 28.64 28.59 28.60 28.65 28.65 28.52 28.58 28.54 28.54 28.24 28.52 28.54 28.65 28.62 28.32 28.33 28.20 28.54 28.43 28.37 28.61 28.56 28.59 28.58 28.51 28.16 28.27 28.51 28.50 28.43 28.35 28.38 28.31 28.30 28.56 28.60 28.48 28.46 28.54 28.45 28.29 28.36 27.72 27.92 28.19 28.38 28.52 28.48 27.97 27.90 28.22 26.96 27.50 27.56 28.53 28.32 28.41 28.10 27.64 27.70 26.13 26.93 27.70 26.67 27.31 27.11 27.13
28.69 28.63 28.67 28.71 28.68 28.67 28.69 28.70 28.68 28.62 28.61 28.61 28.61 28.60 28.61 28.58 28.58 28.59 28.60 28.60 28.59 28.35 28.52 28.60 28.60 28.64 28.66 28.61 28.60 28.46 28.55 28.53 28.58 28.34 28.33 28.48 28.59 28.59 28.61 28.48 28.32 28.39 28.27 28.12 28.40 28.47 28.36 28.43 28.34 28.35 28.11 28.44 28.15 28.41 28.25 28.41 28.51 28.35 28.43 28.50 28.48 28.23 28.23 28.06 27.89 28.06 28.25 28.18 28.08 28.00 28.40 27.70 28.13 27.77 27.19 26.76 25.73
28.68 28.68 28.65 28.70 28.69 28.66 28.69 28.70 28.68 28.66 28.63 28.62 28.61 28.59 28.57 28.57 28.59 28.53 28.55 28.42 28.57 28.51 28.59 28.58 28.60 28.57 28.58 28.58 28.44 28.57 28.20 28.36 28.42 28.23 28.35 28.38 28.55 28.55 28.45 28.38 28.32 28.35 28.11 28.02 27.98 28.36 28.37 28.16 28.23 28.37 28.32 28.42 28.20 28.49 28.51 28.38 28.37 28.32 27.73 28.41 28.38 28.40 28.32 28.07 28.02 28.02 27.73 27.95 28.18 28.20 28.42 27.07 26.91 27.51 27.31 26.64 26.95
28.68 28.68 28.68 28.72 28.73 28.64 28.69 28.69 28.68 28.70 28.67 28.63 28.61 28.58 28.57 28.57 28.58 28.59 28.58 28.58 28.57 28.57 28.55 28.53 28.54 28.51 28.49 28.59 28.49 28.47 28.56 28.57 28.45 28.30 28.47 28.42 28.37 28.59 28.47 28.30 28.26 28.29 28.22 28.32 28.20 28.28 28.41 28.29 28.42 28.30 28.44 28.32 28.47 28.43 28.45 28.49 28.50 28.44 28.40 28.49 28.51 28.45 28.38 28.30 28.03 28.20 27.27 27.58 28.26 28.18 27.89 27.64 27.53 26.49 27.04 25.15 26.66
28.66 28.66 28.68 28.70 28.69 28.69 28.70 28.71 28.68 28.67 28.67 28.67 28.65 28.60 28.57 28.57 28.61 28.61 28.58 28.58 28.60 28.54 28.59 28.58 28.56 28.61 28.60 28.60 28.60 28.58 28.57 28.55 28.57 28.52 28.47 28.48 28.55 28.52 28.53 28.42 28.44 28.41 28.53 28.52 28.48 28.51 28.41 28.41 28.37 28.25 28.29 28.27 28.14 28.36 28.38 28.50 28.49 28.52 28.55 28.51 28.45 28.49 28.50 28.16 28.46 28.27 27.59 28.25 27.29 27.80 27.07 27.83 27.84 27.33 26.96 27.54 26.46
28.65 28.65 28.67 28.70 28.70 28.68 28.68 28.71 28.69 28.67 28.67 28.67 28.65 28.61 28.59 28.62 28.66 28.63 28.61 28.58 28.59 28.57 28.57 28.28 28.46 28.55 28.59 28.64 28.57 28.57 28.62 28.60 28.61 28.53 28.55 28.60 28.62 28.63 28.59 28.54 28.51 28.58 28.53 28.51 28.52 28.46 28.34 28.42 28.49 28.41 28.46 28.51 28.43 28.46 28.60 28.59 28.56 28.49 28.46 28.44 28.14 28.31 28.51 28.43 27.97 28.52 28.13 27.78 27.37 27.21 27.44 28.48 28.15 27.57 27.39 27.42 25.91
28.65 28.67 28.68 28.68 28.68 28.68 28.68 28.71 28.67 28.66 28.65 28.66 28.61 28.62 28.64 28.62 28.66 28.65 28.65 28.58 28.49 28.52 28.58 28.58 28.60 28.59 28.60 28.65 28.61 28.57 28.64 28.64 28.67 28.64 28.58 28.60 28.55 28.56 28.38 28.60 28.54 28.58 28.56 28.53 28.37 28.42 28.34 28.36 28.55 28.49 28.46 28.43 28.47 28.36 28.54 28.57 28.56 28.56 28.58 28.50 28.51 28.55 28.50 28.27 28.34 28.33 28.34 28.38 27.92 27.85 27.67 28.01 27.89 27.62 27.91 26.69 26.94
28.66 28.68 28.65 28.64 28.64 28.67 28.71 28.67 28.65 28.66 28.66 28.65 28.63 28.65 28.63 28.60 28.67 28.67 28.65 28.62 28.57 28.56 28.60 28.54 28.41 28.49 28.53 28.61 28.63 28.62 28.65 28.65 28.67 28.63 28.60 28.62 28.59 28.55 28.58 28.53 28.52 28.43 28.57 28.52 28.34 28.31 28.38 28.34 28.47 28.46 28.46 28.42 28.51 28.54 28.48 28.51 28.54 28.51 28.49 28.52 28.49 28.24 28.50 28.49 27.64 28.53 28.47 28.31 28.48 28.57 28.06 28.06 27.74 27.81 27.01 26.97 27.55
28.64 28.62 28.69 28.67 28.68 28.69 28.69 28.63 28.64 28.68 28.65 28.65 28.60 28.65 28.61 28.62 28.66 28.66 28.65 28.61 28.64 28.59 28.58 28.58 28.49 28.55 28.52 28.52 28.61 28.58 28.65 28.54 28.57 28.56 28.54 28.46 28.46 28.50 28.49 28.47 28.50 28.47 28.46 28.40 28.40 28.30 28.34 28.30 28.39 28.46 28.49 28.57 28.49 28.47 28.50 28.37 28.60 28.55 28.45 28.49 28.51 28.52 28.48 28.51 28.57 28.54 28.53 28.49 28.55 28.24 28.01 27.51 27.57 27.26 27.51 27.73 28.24
28.62 28.61 28.65 28.65 28.67 28.64 28.63 28.61 28.59 28.69 28.67 28.66 28.66 28.63 28.61 28.57 28.58 28.64 28.56 28.61 28.55 28.46 28.54 28.50 28.50 28.54 28.52 28.46 28.47 28.49 28.48 28.51 28.56 28.49 28.55 28.54 28.51 28.48 28.52 28.52 28.47 28.54 28.50 28.47 28.42 28.40 28.38 28.40 28.33 28.42 28.44 28.45 28.44 28.46 28.41 28.59 28.63 28.51 28.52 28.38 28.47 28.50 28.52 28.54 28.54 28.51 28.45 28.34 28.52 28.31 28.16 26.86 26.38 27.86 27.23 27.90 28.20
28.62 28.61 28.64 28.66 28.64 28.65 28.69 28.68 28.64 28.66 28.65 28.65 28.68 28.61 28.65 28.60 28.64 28.60 28.61 28.56 28.51 28.56 28.52 28.46 28.55 28.59 28.46 28.54 28.58 28.50 28.43 28.12 28.46 28.44 28.42 28.61 28.57 28.64 28.60 28.42 28.44 28.38 28.39 28.42 28.39 28.39 28.45 28.56 28.39 28.34 28.34 28.45 28.41 28.43 28.39 28.28 28.42 28.40 28.50 28.48 28.43 28.41 28.45 28.33 28.24 28.48 28.52 28.27 28.51 28.01 28.13 26.38 26.52 27.69 28.26 28.60 28.37
28.62 28.63 28.65 28.67 28.64 28.68 28.64 28.67 28.68 28.67 28.67 28.68 28.69 28.69 28.67 28.63 28.62 28.63 28.57 28.57 28.56 28.58 28.58 28.58 28.51 28.41 28.37 28.44 28.49 28.53 28.52 28.56 28.55 28.55 28.52 28.71 28.49 28.48 28.55 28.63 28.44 28.38 28.43 28.43 28.44 28.53 28.56 28.44 28.40 28.30 28.31 28.40 28.43 28.42 28.34 28.25 28.50 28.46 28.35 28.28 28.45 28.32 28.35 28.19 28.39 28.39 28.28 28.48 28.49 28.46 27.98 27.79 27.60 27.93 27.99 28.46 28.40
28.65 28.66 28.66 28.65 28.66 28.67 28.63 28.63 28.69 28.67 28.70 28.71 28.69 28.68 28.58 28.62 28.63 28.62 28.59 28.56 28.56 28.58 28.57 28.50 28.48 28.31 28.22 28.26 28.41 28.52 28.53 28.61 28.60 28.57 28.46 28.38 28.62 28.63 28.56 28.60 28.58 28.49 28.50 28.41 28.43 28.38 28.34 28.27 28.40 28.24 28.22 28.47 28.42 28.49 28.41 28.49 28.49 28.41 28.32 28.36 28.36 28.04 28.44 28.41 28.57 28.18 28.33 28.43 28.50 28.51 28.43 28.44 28.47 28.46 28.41 28.33 28.15
28.62 28.63 28.65 28.64 28.66 28.64 28.68 28.67 28.57 28.69 28.72 28.68 28.67 28.67 28.61 28.59 28.61 28.65 28.63 28.60 28.62 28.56 28.59 28.58 28.55 28.32 28.38 28.40 28.35 28.41 28.55 28.57 28.46 28.41 28.40 28.38 28.40 28.64 28.67 28.61 28.45 28.52 28.48 28.57 28.41 28.38 28.39 28.66 28.61 28.45 28.33 28.55 28.46 28.48 28.48 28.54 28.51 28.47 28.41 28.36 28.31 28.30 28.41 28.24 28.42 28.30 28.32 27.93 28.47 28.40 28.44 28.22 28.45 28.43 28.30 28.32 28.50
28.63 28.66 28.65 28.69 28.66 28.72 28.66 28.64 28.63 28.67 28.72 28.69 28.70 28.66 28.64 28.61 28.59 28.65 28.66 28.64 28.65 28.64 28.64 28.62 28.53 28.53 28.35 28.44 28.43 28.60 28.64 28.61 28.51 28.56 28.39 28.50 28.50 28.55 28.17 28.28 28.57 28.52 28.44 28.48 28.40 28.39 28.49 28.55 28.52 28.33 28.30 28.48 28.53 28.54 28.54 28.47 28.52 28.52 28.44 28.24 28.30 28.35 28.38 28.38 28.43 28.44 28.32 28.43 28.39 28.48 28.34 28.13 28.56 28.26 28.27 28.35 28.26
28.63 28.61 28.54 28.62 28.70 28.66 28.62 28.69 28.64 28.55 28.66 28.61 28.65 28.67 28.62 28.66 28.65 28.63 28.64 28.67 28.66 28.64 28.65 28.64 28.58 28.58 28.60 28.54 28.51 28.64 28.63 28.55 28.54 28.47 28.45 28.54 28.57 28.61 28.58 28.66 28.60 28.43 28.33 28.41 28.35 28.24 28.26 28.30 28.40 28.47 28.32 28.48 28.53 28.54 28.50 28.46 28.50 28.51 28.50 28.46 28.38 28.41 28.47 28.47 28.51 28.57 28.59 28.52 28.44 28.45 28.28 28.52 28.56 28.67 28.42 28.45 28.35
28.57 28.58 28.60 28.60 28.58 28.61 28.60 28.61 28.62 28.66 28.63 28.62 28.63 28.64 28.65 28.66 28.65 28.61 28.64 28.65 28.61 28.64 28.64 28.60 28.59 28.56 28.56 28.54 28.55 28.53 28.61 28.57 28.52 28.46 28.49 28.54 28.41 28.51 28.54 28.53 28.43 28.22 28.28 28.34 28.37 28.31 28.29 28.20 28.02 28.20 28.32 28.54 28.53 28.43 28.45 28.51 28.51 28.46 28.54 28.52 28.46 28.45 28.44 28.45 28.44 28.55 28.52 28.42 28.47 28.45 28.36 28.64 28.54 28.28 28.46 28.41 28.48
28.58 28.60 28.61 28.63 28.60 28.58 28.59 28.56 28.59 28.62 28.63 28.63 28.65 28.62 28.68 28.68 28.68 28.66 28.63 28.60 28.59 28.59 28.61 28.59 28.58 28.61 28.59 28.56 28.55 28.48 28.45 28.47 28.53 28.57 28.52 28.45 28.60 28.39 28.32 28.36 28.26 28.22 28.13 28.41 28.33 28.50 28.49 28.31 28.12 28.41 28.52 28.54 28.58 28.46 28.53 28.53 28.49 28.39 28.48 28.59 28.51 28.49 28.55 28.44 28.42 28.45 28.39 28.50 28.48 28.38 28.36 28.41 28.47 28.52 28.45 28.38 28.41
28.63 28.58 28.59 28.59 28.56 28.55 28.55 28.57 28.62 28.61 28.60 28.61 28.66 28.63 28.68 28.66 28.65 28.60 28.57 28.62 28.60 28.56 28.56 28.59 28.57 28.51 28.46 28.53 28.52 28.54 28.45 28.52 28.37 28.48 28.47 28.41 28.53 28.49 28.54 28.49 28.40 28.48 28.25 28.28 28.29 28.36 28.33 28.42 28.38 28.20 28.38 28.50 28.51 28.49 28.44 28.51 28.47 28.35 28.55 28.73 28.58 28.50 28.54 28.63 28.39 28.58 28.57 28.47 28.50 28.42 28.40 28.50 28.52 28.48 28.43 28.39 28.43
28.58 28.57 28.56 28.55 28.57 28.56 28.56 28.58 28.62 28.63 28.60 28.60 28.62 28.64 28.67 28.67 28.65 28.59 28.57 28.59 28.60 28.61 28.59 28.57 28.58 28.54 28.51 28.50 28.51 28.47 28.43 28.50 28.55 28.54 28.51 28.56 28.57 28.62 28.55 28.46 28.39 28.40 28.23 28.26 28.36 28.29 28.00 28.20 28.24 28.28 28.39 28.58 28.65 28.48 28.44 28.52 28.63 28.47 28.41 28.49 28.56 28.37 28.70 28.64 28.49 28.45 28.60 28.61 28.43 28.63 28.51 28.54 28.51 28.51 28.46 28.42 28.50
