main/data/irradiance/12.01.2023.grid
ncols 839
nrows 679
xllcenter 112.0500
yllcenter -43.9500
cellsize 0.0500
nodata_value 99999.90
[rows 374 to 407 of 679, columns 154 to 230 of 839]
31.11 31.11 31.08 31.03 31.07 31.04 31.11 31.25 31.23 31.21 31.20 31.13 31.14 31.16 31.13 31.00 31.09 31.19 31.04 31.09 31.11 31.18 31.40 31.24 31.24 31.13 31.33 31.28 31.28 31.23 31.15 31.21 31.20 31.19 31.07 31.09 31.11 31.13 31.11 31.25 31.16 31.19 31.21 30.73 31.04 31.12 31.07 31.12 31.17 31.07 31.13 31.12 31.08 31.10 31.14 31.04 31.02 31.05 31.04 31.07 31.08 31.12 31.13 31.00 30.96 30.99 31.01 31.02 31.01 31.08 31.05 31.01 30.96 30.93 30.79 30.94 30.98
31.13 31.05 30.90 31.06 31.00 31.07 31.04 31.05 30.99 31.06 31.15 31.22 31.22 31.20 31.15 31.13 31.12 31.27 31.09 30.32 30.85 31.14 30.17 30.71 31.21 31.10 30.94 31.17 31.19 31.21 31.21 31.24 31.14 31.19 31.30 31.22 31.15 31.16 31.24 31.22 31.15 31.16 31.02 31.05 31.16 31.13 31.17 31.19 31.04 30.72 30.85 31.06 31.10 31.03 31.18 31.13 31.03 31.09 31.05 31.03 31.03 31.04 31.04 31.09 31.05 31.04 30.95 30.98 31.03 30.99 30.99 30.97 30.93 30.95 30.97 31.26 31.31
30.77 31.05 31.11 31.14 31.09 30.83 30.94 31.09 31.08 31.05 31.10 31.11 31.11 31.16 31.19 31.14 31.22 31.18 31.20 31.08 31.08 31.24 31.18 31.16 31.17 31.27 31.15 30.96 31.02 31.09 31.14 31.14 31.19 31.21 31.12 31.14 31.19 31.22 31.17 31.16 31.14 31.12 31.13 31.13 31.13 31.09 31.11 31.09 29.96 28.55 28.10 30.02 30.79 31.02 31.13 31.12 31.08 31.12 31.12 31.08 31.03 31.02 31.02 31.04 31.01 30.90 30.99 30.97 31.05 30.93 31.06 31.02 31.11 31.12 31.25 31.21 31.15
29.16 30.92 30.74 29.90 30.11 30.99 31.02 31.06 31.08 31.06 31.13 31.15 31.22 31.14 31.17 31.22 31.18 31.29 31.21 31.17 31.23 31.20 31.13 31.10 31.12 31.14 31.13 31.22 31.14 30.99 31.03 31.18 31.23 31.17 31.13 31.21 31.16 31.17 31.12 31.16 31.15 31.10 31.13 31.15 31.15 31.19 31.19 30.94 29.18 28.13 28.09 29.42 28.08 30.81 31.14 31.09 31.06 31.13 31.15 31.04 30.96 31.01 31.01 31.02 31.01 31.00 30.97 30.99 30.92 30.98 30.96 31.10 31.19 31.21 31.22 31.22 30.99
29.21 27.89 29.73 30.88 30.11 31.18 31.10 31.09 31.17 31.14 31.14 31.13 31.18 31.24 31.16 31.17 31.22 31.29 31.20 31.13 31.15 31.12 31.18 31.20 31.13 31.14 31.14 31.24 31.40 31.24 31.25 31.27 31.29 31.20 31.20 31.15 31.16 31.26 31.27 31.15 31.16 31.17 31.17 31.16 31.16 31.15 31.18 31.29 31.21 30.81 29.96 29.54 28.60 30.64 31.03 31.15 31.17 31.14 31.12 31.11 31.08 31.04 30.92 30.96 31.03 30.99 31.01 30.77 31.12 31.10 31.04 31.15 31.16 31.01 31.10 31.12 31.08
29.79 30.54 31.04 30.82 29.78 31.16 31.14 31.13 31.13 31.18 31.16 31.15 31.15 31.20 31.19 31.12 31.20 31.19 31.22 31.19 31.21 31.21 31.18 31.14 31.21 31.22 31.18 31.19 31.30 31.19 31.18 31.25 31.26 31.17 30.88 31.24 31.25 31.23 31.20 31.20 31.21 31.17 31.15 31.15 31.13 31.13 31.18 31.24 31.20 30.49 30.50 30.06 29.94 30.27 31.01 31.12 31.16 31.12 31.09 31.05 30.98 31.00 31.09 31.07 31.06 30.92 30.92 30.96 30.90 30.88 30.98 31.11 31.33 31.26 31.14 31.02 31.08
31.02 31.10 31.20 30.76 30.45 31.13 31.17 31.13 31.13 31.10 31.14 31.19 31.15 31.17 31.21 31.26 31.23 31.16 31.16 31.20 31.25 31.29 31.32 31.22 31.17 31.13 31.07 31.13 31.22 31.14 31.22 31.16 31.21 31.18 31.31 31.29 31.33 31.28 31.17 31.16 31.23 31.17 31.09 30.93 31.02 31.06 31.13 31.18 31.17 30.86 30.75 30.15 28.61 30.33 31.11 31.15 31.12 31.07 31.04 30.80 30.88 31.02 31.05 30.98 31.10 31.10 31.12 31.13 31.06 31.10 31.32 31.42 31.34 31.21 31.14 31.13 31.07
31.12 31.10 31.14 31.21 31.18 31.16 31.16 31.11 31.11 31.14 31.12 31.14 31.12 31.16 31.22 31.16 31.17 31.12 31.14 31.14 31.14 31.22 31.31 31.27 31.16 31.13 31.28 31.15 31.12 31.15 31.14 31.11 31.16 31.16 31.24 31.13 31.15 31.09 31.15 31.22 31.17 31.19 31.23 31.37 31.19 31.11 31.15 31.16 31.18 31.11 30.63 30.30 30.20 29.67 30.53 31.04 31.14 31.09 31.08 31.11 30.96 30.86 30.87 31.12 31.10 31.05 31.13 31.11 31.10 31.35 31.35 31.32 30.73 30.64 31.01 31.06 31.03
31.17 31.19 31.17 31.20 31.14 31.17 31.13 31.14 31.15 31.20 31.19 31.10 31.08 31.09 31.06 31.18 31.13 31.15 31.17 31.18 31.20 31.24 31.19 31.21 31.17 31.28 31.20 31.17 31.13 31.19 31.15 31.14 31.19 31.17 31.24 31.22 31.26 31.23 31.17 31.16 31.29 31.24 31.17 31.29 31.27 31.20 31.20 31.16 31.18 31.16 31.06 30.90 30.15 29.87 30.57 31.08 31.05 31.06 31.06 31.06 31.08 31.09 31.06 31.01 30.94 31.00 31.06 30.99 30.97 30.92 30.75 30.71 30.53 30.03 30.89 31.00 31.02
31.10 31.20 31.17 31.15 31.18 31.17 31.11 31.10 31.03 31.11 31.18 31.20 31.13 31.14 31.13 31.15 31.17 31.19 31.16 31.13 31.13 31.13 31.15 31.16 31.20 31.17 31.12 31.29 31.25 31.06 31.24 31.17 31.18 31.21 31.21 31.18 31.16 31.22 31.23 31.28 31.20 31.19 31.16 31.21 31.05 31.21 31.17 30.97 31.10 31.14 31.14 31.15 30.38 29.61 29.72 30.91 31.06 31.02 31.05 31.11 31.06 31.10 31.10 31.07 31.03 30.91 30.94 30.90 31.08 31.23 31.07 30.96 30.51 30.92 30.93 30.95 30.92
30.85 31.19 31.15 31.15 31.17 31.14 31.17 31.13 31.07 31.04 31.13 31.09 31.12 31.09 31.12 31.13 31.20 31.22 31.16 31.17 31.16 31.14 31.10 31.18 31.18 31.14 31.20 31.22 31.18 31.27 31.20 31.17 31.14 31.15 31.17 31.18 31.14 31.10 31.21 31.26 31.17 30.87 31.12 31.10 31.19 31.18 31.13 31.13 31.00 31.10 31.08 31.22 31.20 30.99 30.38 30.21 30.84 31.13 31.13 31.10 30.99 31.05 31.15 31.07 31.05 30.91 31.11 31.15 31.43 31.45 31.09 30.73 30.78 30.97 31.00 31.08 31.08
31.32 31.19 31.21 31.18 31.11 31.13 31.12 31.10 31.19 31.28 31.13 31.07 31.09 31.10 31.04 31.14 31.14 31.23 31.18 31.09 31.11 31.15 31.15 31.20 31.26 31.17 31.16 31.17 31.19 31.25 31.21 31.16 31.16 31.15 31.21 31.18 31.10 31.23 31.21 31.15 31.24 30.88 30.90 31.12 31.12 31.16 31.06 31.21 31.17 31.06 31.11 31.17 31.16 31.07 30.99 30.67 30.35 30.96 31.07 31.07 31.07 31.06 30.82 30.91 31.05 30.97 31.16 31.11 31.11 31.26 30.98 30.99 31.01 31.03 30.96 31.18 31.07
31.21 31.17 31.19 31.17 31.15 31.14 31.13 31.13 31.13 31.22 31.26 31.08 31.14 31.16 31.17 31.19 31.16 31.01 30.04 29.73 30.63 31.00 31.15 31.17 31.18 31.13 31.13 31.18 31.18 31.20 31.22 31.22 31.13 31.11 31.20 31.30 31.22 31.17 31.19 31.10 31.25 31.27 31.10 31.08 31.08 31.14 31.19 31.21 31.20 31.19 31.17 31.21 31.21 31.17 31.13 31.14 30.78 30.22 30.75 30.83 31.02 31.07 31.18 31.18 31.16 31.07 30.87 31.19 31.25 31.33 31.27 30.84 31.02 31.06 31.09 31.10 30.96
31.17 30.80 31.06 31.17 31.12 31.18 31.14 31.12 31.13 31.18 31.21 31.24 31.10 31.19 31.26 31.17 31.12 30.79 29.45 28.60 29.32 29.94 30.42 30.06 30.33 30.76 31.15 31.14 31.15 31.14 31.19 31.24 31.22 31.26 31.26 31.23 31.18 31.23 31.25 31.21 31.19 31.16 31.24 31.13 30.82 30.81 31.11 31.16 31.23 31.24 31.24 31.23 31.25 31.20 31.19 31.14 31.12 30.83 30.96 30.96 30.97 30.89 31.01 31.02 30.93 31.16 31.20 31.50 31.31 31.21 30.94 30.98 31.00 31.04 31.13 31.05 31.06
31.36 31.38 31.26 31.15 31.16 31.14 31.13 31.09 31.11 31.16 31.19 31.19 31.16 31.12 31.15 31.24 31.27 30.64 30.61 29.94 29.26 29.55 30.06 29.98 30.73 31.14 30.96 31.14 31.02 31.14 31.17 31.18 31.22 31.21 31.19 31.16 31.22 31.21 31.25 31.22 31.20 31.21 31.23 31.23 30.22 29.42 30.77 31.10 31.23 31.25 31.16 31.19 31.24 31.15 31.13 31.09 31.13 31.15 31.14 31.11 31.12 31.10 31.14 31.21 31.30 31.17 31.09 31.43 31.27 31.03 30.98 30.61 30.99 31.03 31.04 31.05 31.00
31.33 31.46 31.25 31.20 31.13 31.13 31.11 31.11 31.13 31.09 31.17 31.16 31.17 31.12 31.14 31.15 31.11 31.23 31.28 31.36 31.41 31.03 31.17 31.37 31.30 31.39 31.02 30.20 30.02 30.37 31.05 31.14 31.17 31.12 31.16 31.15 31.12 31.13 31.13 31.02 31.06 31.28 31.23 31.28 31.13 30.05 29.89 30.85 30.50 30.74 31.09 30.92 31.21 31.16 31.17 31.20 31.13 31.17 31.16 31.11 31.09 31.06 30.83 30.96 30.76 30.84 31.50 31.41 31.14 31.04 31.08 31.07 31.05 31.07 30.31 30.69 31.13
31.44 31.30 31.24 31.22 31.20 31.18 31.23 31.11 31.13 31.15 31.16 31.20 31.18 31.18 31.19 31.10 31.05 31.19 31.14 31.16 31.21 31.15 31.07 31.18 30.35 30.88 31.36 31.28 30.90 31.11 31.29 31.20 31.11 31.15 31.14 31.12 31.12 31.13 31.19 31.21 31.20 31.09 31.18 31.20 31.18 31.22 31.17 31.07 31.14 31.09 30.90 30.12 30.61 31.09 31.15 31.17 31.21 31.12 31.20 31.21 31.23 31.23 31.10 31.16 31.18 31.36 31.44 30.88 30.93 31.05 30.94 31.02 30.92 31.01 31.04 30.89 30.96
31.36 31.26 31.17 31.19 31.19 31.17 31.20 31.15 31.13 31.14 31.04 31.19 31.20 31.18 31.14 31.20 31.27 31.13 31.16 31.14 31.12 31.11 31.00 31.01 31.31 31.21 31.21 31.16 31.18 31.17 31.13 31.13 30.93 30.22 30.96 31.09 31.13 31.14 31.13 31.17 31.16 31.18 31.14 31.16 31.15 31.15 31.32 31.30 31.22 31.29 31.24 31.21 31.20 30.79 31.06 31.15 31.20 31.23 31.20 31.17 31.14 31.08 31.20 31.18 31.18 31.20 31.26 31.08 31.04 30.53 30.66 30.32 30.73 31.00 31.00 31.01 30.96
30.95 31.21 31.23 31.15 31.21 31.20 31.17 31.18 31.13 31.13 30.99 31.05 31.13 31.18 31.17 31.09 31.13 31.17 31.15 31.18 31.19 31.04 30.59 31.23 31.22 31.17 31.09 31.15 31.17 31.13 31.13 31.10 31.10 30.16 30.81 30.74 30.36 31.02 31.12 31.10 31.08 31.16 31.13 31.10 31.05 31.19 31.21 31.17 31.35 31.28 31.25 31.26 31.14 31.20 31.17 31.10 31.17 31.18 31.18 31.18 31.23 31.15 31.11 31.08 31.12 31.15 31.16 31.04 31.00 30.57 30.90 30.80 30.37 30.64 30.95 30.93 30.97
29.58 30.95 31.19 31.22 31.20 31.17 31.19 31.19 31.20 31.13 31.34 31.19 31.19 31.14 31.19 31.15 31.12 31.13 31.17 31.18 31.11 31.12 31.17 31.21 31.22 31.17 31.11 31.14 31.10 31.15 31.15 31.09 31.14 30.45 28.22 28.68 28.61 30.80 31.06 31.13 31.16 31.15 31.16 31.15 31.20 31.19 31.18 31.15 31.35 31.29 31.27 31.20 31.26 31.19 31.21 31.20 31.18 31.18 31.18 31.18 31.14 31.12 31.10 31.15 31.11 31.10 30.99 30.98 31.04 31.06 31.03 30.95 31.11 31.08 30.96 30.98 31.14
30.66 30.87 31.16 31.16 31.19 31.21 31.15 31.21 31.19 31.29 31.45 31.37 31.24 31.18 31.14 31.08 31.11 31.13 31.17 31.16 31.19 31.16 31.13 31.06 31.13 31.16 31.18 31.15 31.14 31.12 31.13 31.06 31.10 31.13 29.50 28.98 29.67 29.43 30.78 31.01 31.12 31.15 31.14 31.17 31.21 31.16 31.19 31.29 31.32 31.32 31.33 31.28 31.28 31.21 31.21 31.29 31.16 31.16 31.14 31.15 31.18 31.14 31.27 31.25 31.18 31.12 31.05 31.07 30.91 31.08 31.09 31.07 31.01 31.02 31.08 31.08 31.06
30.86 31.30 31.20 31.12 31.16 31.15 31.19 31.21 31.19 31.22 31.30 31.33 31.25 31.23 31.17 31.15 31.16 31.18 31.14 31.14 31.17 31.14 31.18 31.13 31.00 31.08 31.15 31.15 31.22 31.16 31.15 31.11 31.10 31.04 29.73 30.58 31.19 31.21 31.22 31.16 30.99 31.09 31.14 31.10 31.16 31.19 30.96 31.00 30.98 31.24 31.23 31.33 31.26 31.24 31.17 31.22 31.15 31.05 31.14 31.16 31.15 31.15 31.27 31.30 31.29 31.09 31.28 31.07 31.07 31.07 31.02 31.03 31.03 31.01 31.02 30.71 30.31
31.36 31.17 31.16 31.10 31.10 31.13 31.14 31.16 31.17 31.19 31.19 31.21 31.19 31.21 31.20 31.18 31.14 31.15 31.16 31.17 31.17 31.23 31.18 31.16 31.17 31.21 31.04 31.11 31.11 31.18 31.02 31.12 31.10 31.11 30.70 31.25 31.22 31.17 31.12 31.10 31.12 30.92 30.93 31.05 31.03 30.87 30.88 30.78 30.17 31.02 31.17 31.31 31.27 31.22 31.23 31.23 31.22 31.24 30.99 31.16 31.16 31.13 31.26 31.23 31.23 31.11 31.16 31.09 31.07 31.10 31.07 30.98 30.84 30.98 30.97 30.58 30.47
31.21 31.18 31.16 31.13 31.11 31.09 31.12 31.22 31.12 31.17 31.16 31.10 31.11 31.16 31.13 31.12 31.07 31.13 31.14 31.10 31.11 31.15 31.18 31.16 31.17 31.17 31.10 31.00 31.05 30.98 31.10 30.19 30.94 30.80 31.16 31.18 31.16 31.10 31.09 31.11 31.13 31.07 30.37 31.14 31.21 31.18 31.11 30.09 28.18 30.23 31.17 31.25 31.19 31.21 31.19 31.16 31.15 31.09 31.10 31.07 31.25 31.27 31.28 31.32 31.19 31.11 31.09 31.05 31.04 31.04 30.98 30.93 31.03 30.98 30.94 30.91 30.84
31.11 31.18 30.91 31.09 31.10 31.11 31.12 31.18 31.20 31.12 31.15 31.20 31.31 31.20 31.16 31.16 31.14 31.09 31.14 31.11 31.08 31.10 31.10 31.17 31.17 31.17 31.11 30.93 30.23 29.47 30.34 31.06 31.18 31.24 31.19 31.16 31.15 31.12 31.12 31.11 31.10 31.16 31.18 31.16 31.15 31.15 31.16 31.25 30.93 30.01 28.63 30.57 31.14 31.14 31.16 31.16 31.18 31.28 31.25 31.25 31.43 31.41 31.39 31.35 31.32 31.19 31.15 31.02 30.98 31.03 31.00 31.12 30.93 30.72 30.89 31.08 31.04
31.19 31.25 31.29 31.19 31.11 31.13 31.11 31.09 31.16 31.10 31.10 31.12 31.24 31.19 31.13 31.11 31.15 31.13 31.10 31.12 31.11 31.08 31.07 31.11 31.13 31.13 31.12 30.93 30.78 29.69 30.60 31.13 31.15 31.16 31.13 31.14 31.12 31.10 31.11 31.11 31.11 31.07 31.15 31.07 31.19 31.19 31.16 31.23 31.18 31.22 30.79 29.96 30.53 31.10 31.15 31.14 31.17 31.18 31.17 31.22 31.28 31.34 31.24 31.18 31.11 31.11 31.10 31.13 31.15 31.10 31.08 31.14 31.31 31.25 31.08 31.09 31.16
31.30 31.27 31.17 31.18 31.08 31.07 31.11 31.13 31.18 31.11 31.12 31.17 31.26 31.21 31.14 31.13 31.13 31.14 31.21 31.14 31.16 31.15 31.36 31.16 31.11 31.09 30.80 30.76 31.09 30.66 31.02 31.18 31.19 31.18 31.11 31.09 31.11 31.12 31.13 31.09 31.11 31.16 31.13 31.17 31.20 31.19 31.26 31.22 31.16 31.16 31.23 31.25 30.82 29.88 30.16 31.14 31.21 31.18 31.23 31.30 31.32 31.24 31.20 31.12 31.16 31.09 31.06 31.11 31.06 30.98 30.88 31.11 31.27 31.26 31.03 31.17 31.17
31.17 31.22 31.16 31.15 31.14 31.07 31.09 31.13 31.17 31.09 30.98 31.10 31.19 31.25 31.15 31.11 31.11 31.11 31.17 31.15 31.15 31.10 31.30 31.17 31.12 31.11 31.07 30.88 31.09 31.16 31.13 31.18 31.21 31.15 31.18 31.17 31.11 31.13 31.22 31.25 31.20 31.15 31.15 31.23 31.20 31.19 31.15 31.12 31.11 31.12 31.13 31.24 31.23 31.25 30.18 30.66 30.73 30.95 31.30 31.40 31.35 31.22 31.20 31.13 31.11 31.10 31.18 31.07 31.09 31.17 31.14 30.93 30.80 31.10 31.06 31.05 31.17
31.00 31.11 31.18 31.15 31.08 31.06 31.14 31.15 31.17 30.97 31.08 31.22 31.27 31.25 31.11 31.11 31.16 31.19 31.18 31.13 31.09 31.17 31.19 31.15 31.14 31.11 30.98 31.13 31.24 31.19 31.15 31.18 31.16 31.18 31.16 31.16 31.12 31.15 31.22 31.27 31.24 31.29 31.25 31.21 31.21 31.20 31.17 31.13 31.06 31.11 31.13 31.12 31.03 31.21 31.18 28.14 28.93 30.97 30.79 31.32 31.24 31.23 31.13 31.11 31.09 31.10 31.11 31.12 31.25 31.14 31.16 31.26 31.15 30.69 31.01 30.98 30.73
31.14 31.19 31.19 31.19 31.16 31.08 31.09 31.14 31.27 31.20 31.34 31.25 31.23 31.21 31.12 31.05 31.07 31.16 31.20 31.08 31.09 31.09 31.22 31.21 31.13 31.18 31.22 31.15 31.20 31.27 31.28 31.19 31.13 31.10 31.11 31.18 31.18 31.18 31.22 31.29 31.27 31.23 31.20 31.18 31.22 31.16 31.11 31.12 31.20 31.22 31.22 31.21 31.21 31.21 31.19 31.20 31.51 31.40 31.44 30.86 31.13 31.11 31.12 31.08 31.09 31.12 31.09 31.16 31.21 31.18 31.24 31.21 31.28 31.19 30.95 31.16 31.12
31.23 31.26 31.14 31.17 31.20 31.22 31.04 31.13 31.19 31.23 31.35 31.25 31.19 31.19 31.15 31.17 31.05 30.98 31.18 31.19 31.14 31.18 31.19 31.23 31.19 31.12 31.22 31.27 31.22 31.20 31.24 31.27 31.11 31.08 31.13 31.17 31.12 31.15 31.18 31.19 31.21 31.19 31.19 31.22 31.19 31.14 31.16 31.16 31.16 31.16 31.16 31.16 31.19 31.12 29.23 30.54 31.54 31.63 31.55 31.43 31.00 30.98 31.10 31.09 31.06 31.09 31.09 31.11 31.12 31.19 31.24 31.15 31.23 31.45 31.28 31.00 31.32
31.34 31.31 31.24 31.17 31.23 31.22 30.99 30.95 31.05 30.99 31.29 31.14 30.98 30.94 31.16 31.14 31.12 30.94 31.11 31.19 31.12 31.15 31.17 31.15 31.13 31.19 31.20 31.19 31.21 31.18 31.20 31.27 31.26 31.15 31.17 31.15 31.12 31.16 31.19 31.20 31.18 31.26 31.20 31.22 31.21 31.17 31.19 31.18 31.18 31.12 31.10 31.16 31.21 31.24 31.22 31.36 31.39 31.46 31.49 31.47 31.22 31.13 30.74 31.03 31.09 31.11 31.10 31.08 31.10 31.13 31.18 31.18 31.22 31.20 31.34 31.37 31.19
31.15 31.14 31.17 31.15 31.18 31.19 31.22 31.15 31.15 31.28 31.27 31.20 31.19 31.22 31.14 31.17 31.12 31.03 31.04 31.15 31.17 31.12 31.15 31.15 31.18 31.20 31.19 31.12 31.25 31.24 31.24 31.23 31.21 31.24 31.22 31.26 31.23 31.22 31.24 31.21 31.25 31.22 31.22 31.25 31.25 31.25 31.24 31.19 31.19 31.19 31.19 31.19 31.20 31.24 31.25 31.23 31.26 31.31 31.33 31.26 31.16 31.20 31.17 31.19 31.32 31.13 31.10 31.09 31.09 31.10 31.09 31.11 31.20 31.31 31.17 31.25 31.29
31.14 31.17 31.14 31.13 31.16 31.09 31.12 31.08 31.11 31.07 31.25 31.16 31.21 31.14 31.28 31.20 31.09 31.03 31.02 31.14 31.18 31.20 31.17 31.22 31.24 31.16 31.21 31.23 31.26 31.20 31.19 31.19 31.16 31.21 31.20 31.24 31.21 31.21 31.24 31.23 31.24 31.29 31.30 31.27 31.29 31.26 31.22 31.20 31.20 31.17 31.19 31.20 31.13 31.24 31.26 31.27 31.28 31.29 31.34 31.32 31.25 31.31 31.25 31.14 31.00 31.08 30.99 30.95 30.92 31.06 31.07 31.08 31.18 31.13 31.11 31.03 31.06
