main/data/irradiance/12.09.2023.grid
ncols 839
nrows 679
xllcenter 112.0500
yllcenter -43.9500
cellsize 0.0500
nodata_value 99999.90
[rows 306 to 339 of 679, columns 77 to 153 of 839]
21.88 21.74 21.39 21.84 21.36 21.24 20.79 21.53 21.84 21.52 20.96 21.32 21.48 21.06 21.74 20.78 20.23 19.53 19.21 19.35 20.11 20.32 20.09 19.93 20.35 20.65 19.72 20.37 20.85 21.07 21.36 22.02 21.17 20.49 21.08 20.95 20.03 20.55 21.23 21.15 20.86 21.13 21.28 21.36 22.24 21.68 22.37 22.25 22.28 22.35 22.14 22.12 22.28 22.20 22.27 22.27 22.18 22.18 22.10 22.19 22.21 22.20 22.18 22.07 22.11 21.88 21.79 21.60 21.87 22.14 22.35 22.22 22.17 22.06 22.14 21.82 21.95
21.47 21.36 20.91 21.45 20.92 21.25 21.38 21.59 21.37 21.33 21.18 21.46 21.42 21.10 20.95 20.38 20.02 20.23 19.86 20.33 20.35 19.53 20.26 19.99 20.21 20.34 20.05 20.43 20.76 20.99 21.75 21.84 20.99 20.28 20.59 20.45 19.63 21.49 22.07 22.01 20.90 21.50 20.47 21.56 21.82 22.10 22.15 21.72 22.23 22.06 22.19 22.13 22.24 22.25 22.33 22.36 22.25 22.18 22.09 22.19 22.17 22.10 22.17 22.19 22.12 22.05 21.84 21.62 21.80 22.03 22.17 22.11 22.12 22.04 22.04 21.80 21.89
21.46 21.79 21.91 21.62 21.75 21.57 21.69 21.79 21.54 21.19 21.28 21.37 21.17 20.94 20.25 20.67 20.25 20.38 20.73 20.74 20.22 19.89 20.49 20.23 20.16 20.03 19.78 20.05 20.35 20.68 21.46 20.33 20.92 20.67 20.06 20.57 20.37 21.51 21.86 21.29 21.48 21.15 21.33 21.37 22.13 21.68 22.06 22.07 22.29 22.04 22.17 22.25 22.17 22.10 22.27 22.13 22.15 22.14 22.15 22.25 22.13 22.02 22.14 22.18 22.16 22.10 21.77 22.05 22.03 22.09 21.77 22.14 22.02 21.96 22.02 21.79 22.05
21.29 22.09 21.97 21.92 20.82 20.69 21.10 21.59 20.98 20.80 20.62 20.62 20.81 20.36 19.70 20.13 20.06 20.23 21.00 20.90 20.16 19.62 20.69 19.62 19.34 19.97 19.40 20.11 20.21 20.05 21.17 21.65 21.21 20.79 21.48 21.42 20.82 21.26 21.25 21.30 21.57 21.67 20.40 21.59 21.87 21.68 22.23 21.81 22.00 22.32 22.23 22.26 22.19 22.17 22.16 22.12 22.08 22.08 22.18 22.21 22.16 22.14 22.16 22.26 22.22 22.21 21.83 21.99 22.20 22.10 22.07 22.11 21.98 22.03 21.99 21.82 22.03
21.96 22.08 21.94 21.85 20.80 20.91 21.50 21.30 21.52 20.39 20.33 19.96 20.37 20.80 20.42 20.52 20.47 20.85 21.41 20.88 20.06 18.58 19.94 20.02 19.79 19.77 19.57 20.24 20.02 19.95 20.62 21.35 20.33 21.54 21.96 22.21 21.97 21.67 21.51 21.47 21.23 20.81 20.93 20.99 21.05 21.85 21.99 21.58 21.55 22.18 22.33 22.16 22.04 22.00 22.20 22.16 22.10 22.13 22.20 22.15 22.16 22.23 22.34 22.34 22.10 22.15 21.99 22.06 22.13 21.92 21.71 21.91 21.95 21.96 21.87 21.99 21.89
21.97 22.09 21.50 21.59 21.71 21.74 21.03 21.24 21.23 20.87 20.90 20.55 20.31 20.15 21.18 20.85 20.12 19.93 20.62 19.52 20.36 19.59 19.76 20.10 19.97 20.10 19.50 19.98 19.83 20.32 21.15 21.79 21.21 22.35 22.22 22.25 21.85 21.50 21.36 21.54 21.72 21.77 21.63 20.80 21.03 21.67 22.16 21.59 21.53 21.98 22.14 21.95 21.99 22.02 22.13 22.10 22.14 22.15 22.15 22.19 22.21 22.21 22.23 22.20 21.96 21.87 21.86 22.15 22.15 21.75 21.89 21.98 22.04 22.05 21.89 21.90 21.84
21.37 21.77 20.32 20.56 21.15 21.54 21.42 21.72 21.25 20.85 21.32 21.21 20.61 20.46 20.61 20.09 19.30 19.67 20.05 20.58 20.15 20.36 20.24 20.02 20.16 20.17 20.24 20.62 20.55 19.80 20.65 21.82 21.78 22.22 21.86 21.99 21.52 21.39 21.91 21.94 21.83 21.58 21.63 20.84 21.62 21.56 22.03 21.74 21.18 21.80 21.90 21.92 22.05 22.09 22.13 22.04 22.21 22.17 22.15 22.15 22.12 22.12 22.17 22.05 21.71 21.97 22.07 22.12 22.16 22.05 22.02 22.11 21.89 21.91 21.91 21.88 21.56
21.87 21.07 21.35 21.38 21.41 21.59 21.41 21.67 20.74 21.37 21.50 20.70 20.37 20.21 20.39 20.19 19.68 19.26 19.76 19.88 19.84 20.22 20.39 20.62 20.57 20.28 19.63 20.29 20.12 19.87 20.30 21.17 21.65 21.63 21.50 21.61 21.73 21.17 21.84 22.09 21.73 21.83 21.06 20.07 20.90 21.96 21.36 22.02 21.51 21.63 21.90 21.94 22.03 21.99 22.09 22.10 22.09 22.09 22.17 22.20 22.08 22.04 21.91 21.96 21.97 21.78 21.90 21.94 22.12 21.99 21.94 21.97 21.89 22.01 21.98 21.80 21.60
21.85 21.37 21.39 21.33 21.44 21.14 20.80 20.44 20.56 20.55 20.88 19.78 19.40 20.41 20.57 20.17 19.91 19.64 20.06 19.99 20.09 20.54 20.37 20.74 20.30 20.27 20.20 20.34 20.25 19.85 19.76 20.65 21.43 21.20 21.21 21.95 22.13 21.77 21.87 22.18 22.13 21.71 21.17 20.60 21.15 21.73 21.70 22.16 21.62 21.44 21.98 21.82 22.10 22.07 22.07 22.07 22.08 22.03 22.09 22.07 21.93 21.81 21.89 21.96 21.90 21.81 21.92 21.82 21.94 21.99 21.94 21.87 21.79 21.94 21.74 21.71 21.68
21.58 21.58 21.31 21.19 21.43 21.17 20.77 20.87 21.05 21.22 20.63 18.69 18.84 19.65 20.11 19.80 20.10 20.31 20.94 20.63 20.81 20.57 20.71 20.73 20.64 20.32 20.38 20.09 19.30 20.00 19.87 21.00 21.33 21.10 20.68 21.94 22.23 22.16 22.07 22.10 21.94 21.32 20.69 21.10 21.58 21.56 22.09 22.23 21.22 21.31 22.05 21.92 22.09 22.05 22.12 22.06 21.98 22.07 21.95 21.97 21.95 21.92 21.79 21.82 21.89 21.85 21.69 21.81 21.81 21.89 22.05 21.87 21.77 21.88 21.84 21.79 21.77
21.43 21.35 20.77 21.26 21.56 20.88 21.08 20.88 21.51 20.98 20.72 19.63 18.91 19.87 20.16 20.39 19.93 20.02 20.47 20.30 20.52 20.86 20.83 20.52 20.50 20.67 19.96 19.51 19.45 19.69 20.00 20.82 21.11 20.58 20.91 21.97 22.21 22.19 22.25 21.73 21.64 21.71 21.91 21.31 21.03 21.20 21.92 22.31 22.15 21.58 21.93 21.97 22.12 22.05 22.04 22.10 22.20 22.08 22.12 22.05 22.00 21.91 21.93 21.96 21.75 21.63 21.72 21.80 21.93 21.95 21.94 21.86 21.79 21.79 21.77 21.89 21.79
21.20 20.83 21.12 21.49 21.18 21.17 20.89 20.91 20.46 20.31 21.08 20.01 19.68 19.75 19.93 20.45 20.29 20.51 20.52 20.98 20.81 20.54 20.67 20.61 19.94 19.90 19.81 19.65 19.44 19.83 20.17 20.76 21.55 21.22 21.22 21.96 22.05 22.25 22.21 21.67 21.76 21.92 22.11 21.77 21.61 21.97 22.14 21.76 22.01 22.01 21.85 22.10 22.08 22.03 22.06 22.04 22.03 22.06 22.05 21.85 21.89 21.94 22.05 21.92 21.67 21.63 21.72 21.72 22.01 21.96 21.95 21.83 21.74 21.79 21.81 21.71 21.70
20.61 21.35 21.13 20.96 21.42 21.05 21.09 20.83 20.22 20.50 20.56 20.35 20.88 20.26 20.14 20.31 20.73 20.28 20.17 20.10 20.06 19.73 20.18 20.78 20.15 20.16 19.89 19.25 19.63 19.71 20.60 21.01 21.18 21.08 20.47 21.86 22.00 21.65 21.65 21.78 21.61 21.67 22.08 21.68 21.86 21.76 21.82 21.84 21.93 22.10 21.91 21.94 22.02 21.99 22.04 22.01 21.95 22.00 22.00 22.05 22.02 21.95 21.98 21.95 21.89 21.79 21.85 21.75 21.98 21.69 21.97 21.49 21.55 21.71 21.64 21.55 21.54
21.07 21.00 20.58 20.78 20.83 21.30 20.82 21.05 20.76 20.32 20.36 20.39 21.21 20.29 19.78 20.29 20.32 20.45 19.84 18.87 19.33 19.56 20.14 20.15 20.22 20.31 20.14 19.93 20.02 20.39 20.12 21.03 21.44 21.42 20.46 21.56 21.71 21.64 21.76 22.06 22.00 22.12 21.95 21.82 21.67 21.37 20.77 21.07 22.07 22.10 21.85 22.05 22.14 21.99 21.92 21.93 21.96 22.02 21.96 22.08 22.19 22.05 21.92 21.76 21.88 21.94 21.76 21.76 21.65 21.97 21.64 21.23 21.39 21.25 21.49 21.35 21.49
20.95 20.41 20.66 20.96 20.75 20.29 21.18 21.01 20.68 20.60 20.31 20.50 20.41 19.35 19.90 20.19 19.99 20.02 20.23 18.90 19.02 19.21 20.03 20.07 19.92 20.30 20.83 19.64 19.67 20.24 20.91 21.08 21.51 21.46 21.33 21.19 21.25 21.96 22.03 22.06 21.99 21.94 21.76 21.92 22.04 20.95 21.54 21.70 22.05 22.17 21.59 21.67 21.94 21.93 22.02 21.99 21.96 21.94 22.00 22.06 22.13 21.96 21.23 21.53 21.82 21.48 21.44 21.57 21.50 21.88 21.22 21.30 21.28 20.96 21.26 21.55 21.33
20.76 20.54 20.72 20.97 20.80 20.24 20.61 20.60 20.01 20.46 20.09 19.77 18.67 19.00 19.60 19.99 20.27 20.37 20.39 20.04 19.66 19.76 20.11 20.15 19.62 19.44 20.11 19.44 19.96 20.45 21.19 21.08 21.24 21.56 21.17 20.84 21.50 21.62 21.98 22.17 22.17 21.92 21.90 22.06 21.71 21.57 21.30 21.62 21.84 21.87 21.72 21.71 21.98 21.93 21.88 21.89 21.88 21.88 22.01 22.06 22.03 21.56 20.78 21.59 21.66 21.33 21.16 20.90 21.24 21.68 21.14 21.43 21.24 20.43 20.54 21.21 20.99
20.53 20.65 20.80 21.01 20.43 19.82 20.98 19.94 19.45 20.64 20.36 19.08 18.65 19.60 18.99 19.57 20.17 20.59 19.79 19.05 19.97 19.98 20.72 19.67 19.93 20.03 19.68 19.81 20.29 20.83 21.06 20.90 20.56 21.02 21.38 21.46 21.44 21.25 22.04 22.18 22.18 22.04 22.13 22.02 21.54 21.52 21.31 21.11 21.22 21.61 21.85 21.81 21.74 21.44 21.35 21.72 21.83 21.80 21.79 21.80 21.88 20.94 21.15 20.43 20.85 21.27 20.71 20.91 21.06 21.59 20.94 21.04 20.82 20.18 19.81 20.67 20.44
20.88 20.44 21.18 21.17 19.90 20.00 21.06 20.56 19.56 19.89 19.74 19.78 19.22 19.73 18.44 19.09 19.77 20.55 19.55 19.24 19.18 19.74 20.47 20.46 19.43 20.05 19.64 20.14 19.79 20.66 21.27 20.31 20.09 21.48 21.72 21.69 21.08 21.42 21.77 21.96 22.14 22.10 22.11 21.90 21.50 21.38 21.30 21.40 21.75 21.15 21.82 21.88 21.95 21.98 21.86 21.83 21.74 21.84 21.87 21.92 21.66 20.85 20.97 20.48 20.77 21.21 21.52 21.13 21.04 21.07 20.83 21.25 20.63 20.30 19.72 20.47 20.82
20.54 20.86 20.53 21.01 20.20 20.22 20.99 20.39 19.06 19.34 19.18 19.56 19.71 20.08 19.09 19.05 19.72 19.75 19.84 19.26 19.23 20.94 20.91 19.94 19.90 20.45 20.54 19.93 20.56 20.52 21.24 20.37 20.53 21.30 21.45 21.22 21.13 21.07 21.59 22.01 22.08 22.10 22.07 22.05 22.10 22.00 21.78 21.81 21.14 20.54 21.39 21.09 21.78 21.66 21.78 21.97 22.17 22.06 22.11 21.99 21.79 21.55 21.50 21.66 21.63 21.59 21.55 21.30 21.09 21.35 21.03 21.38 20.64 19.88 19.86 19.92 20.48
20.56 21.02 20.29 20.27 20.13 20.00 20.72 19.67 19.29 18.73 19.45 19.13 20.37 20.12 19.96 19.63 19.60 19.70 19.28 19.29 19.21 20.65 21.15 19.97 20.20 19.94 20.22 19.66 19.93 20.48 20.46 21.27 21.50 21.57 21.49 21.05 20.99 21.38 21.76 22.07 21.93 22.14 22.10 22.06 22.11 22.14 21.77 20.94 19.77 20.34 20.51 21.26 21.55 21.73 21.77 21.86 21.72 21.94 21.96 22.08 21.91 21.79 21.78 21.76 21.68 21.63 21.58 21.54 21.38 21.26 21.27 21.24 20.54 20.42 20.05 20.37 20.03
21.18 21.77 20.61 20.25 20.21 19.98 20.44 19.75 19.68 18.94 19.47 19.19 20.89 20.23 20.46 20.28 20.50 20.31 19.77 19.83 20.43 20.84 20.71 20.24 19.95 20.11 19.97 20.00 19.53 20.50 21.16 21.47 21.73 21.08 21.57 20.93 21.10 21.30 21.52 21.93 22.09 22.17 22.14 22.06 22.04 21.94 21.43 20.40 19.27 20.11 20.23 21.42 21.51 21.40 21.77 21.89 21.43 21.62 21.87 22.00 21.94 21.85 21.78 21.68 21.44 21.45 21.00 20.65 21.34 21.00 20.78 21.35 20.68 20.79 20.45 20.68 19.33
20.80 21.08 19.99 20.58 20.22 19.52 19.96 20.18 19.45 18.82 18.13 19.71 20.25 20.02 20.75 20.44 20.63 20.82 20.47 20.20 19.90 20.58 20.93 20.14 19.93 19.82 19.93 20.01 19.96 20.58 21.56 21.64 21.38 21.39 21.35 21.33 21.18 21.56 21.77 21.99 21.92 22.03 22.04 22.05 21.90 21.19 21.00 20.08 20.35 20.25 20.89 20.80 20.97 21.50 21.01 21.86 21.94 21.41 21.77 21.82 21.74 21.77 21.65 21.30 19.88 20.37 20.00 20.38 20.06 20.96 20.42 20.94 20.83 20.05 20.09 19.87 19.45
21.65 20.15 20.95 19.82 19.89 19.60 20.18 20.27 18.83 19.30 19.41 19.53 19.08 19.94 20.09 20.55 20.15 19.78 19.76 19.83 19.68 19.88 21.05 20.37 20.23 20.57 20.85 20.55 19.67 20.31 21.16 21.34 21.46 21.42 20.80 21.17 21.26 20.90 21.52 21.90 21.66 21.79 21.88 21.96 21.62 21.29 20.48 19.80 20.30 20.11 21.15 20.93 20.72 21.04 20.74 21.39 21.63 21.13 21.32 21.54 21.69 21.77 21.62 20.95 20.54 20.17 20.01 20.17 20.28 20.71 20.79 20.84 20.36 20.47 19.63 19.98 19.33
21.21 20.94 20.19 19.84 20.67 19.53 20.23 19.86 20.44 19.57 20.18 19.42 19.40 19.86 20.26 19.80 19.61 19.49 19.52 19.62 19.74 21.06 21.26 20.35 20.30 20.84 20.59 20.69 19.65 20.21 20.63 21.19 21.31 20.55 20.33 20.82 20.94 20.13 21.37 21.94 21.29 21.55 21.64 21.60 21.13 20.52 19.84 19.79 19.59 19.85 21.25 20.90 20.84 20.61 20.80 21.18 20.82 20.69 21.50 21.19 21.10 21.29 21.38 21.43 21.31 20.17 20.29 20.95 20.94 21.10 20.62 21.38 20.70 20.48 20.86 20.32 19.15
21.04 20.19 20.40 21.43 20.77 19.51 20.36 20.29 20.12 20.57 20.12 19.18 20.11 19.95 20.37 19.64 19.88 18.49 18.76 19.08 20.18 21.23 21.19 20.42 20.26 20.35 19.97 20.55 18.89 19.45 20.62 21.06 21.36 20.36 20.07 19.79 20.38 20.35 21.40 22.04 21.33 21.02 21.15 21.05 20.37 19.68 19.48 19.93 19.90 20.21 21.00 20.40 20.15 20.88 21.09 19.86 20.09 20.97 20.93 21.05 20.45 21.28 21.44 21.40 21.51 20.95 21.16 21.32 21.05 21.27 21.29 21.41 21.22 20.90 20.94 20.43 19.96
21.08 19.95 21.27 20.56 20.55 19.43 19.71 19.05 19.85 20.28 18.14 18.87 20.05 19.95 19.81 19.66 19.22 19.24 19.18 19.84 19.84 20.90 20.90 20.77 20.60 20.40 19.83 20.01 19.75 19.39 19.61 21.15 21.54 20.57 20.11 20.26 20.42 20.85 21.17 21.54 21.09 21.40 20.80 20.69 20.09 19.55 19.94 20.09 20.07 19.45 20.39 20.14 19.82 20.78 20.38 20.19 20.12 20.41 20.52 21.03 21.25 20.97 21.56 21.38 21.58 21.32 21.22 21.47 21.38 21.79 21.75 21.53 21.19 20.69 20.86 21.12 21.13
21.07 19.77 20.07 20.55 19.93 19.43 18.73 18.92 19.03 18.66 17.82 19.06 19.28 18.88 19.40 20.15 20.08 19.80 20.38 20.62 20.49 19.93 20.22 20.10 20.88 20.61 20.55 21.03 20.05 19.45 20.51 20.71 20.90 20.44 20.52 20.55 20.54 20.70 21.51 21.66 21.49 21.58 21.46 21.25 20.58 20.00 19.40 19.89 18.87 19.87 21.28 20.51 20.27 20.64 20.09 20.18 19.99 20.33 20.70 20.71 21.15 21.13 21.78 20.75 21.43 21.47 21.28 21.37 21.50 21.78 21.69 21.61 21.29 21.51 21.40 21.38 21.34
20.53 20.09 19.45 20.57 19.94 18.81 19.12 18.33 19.22 17.85 17.61 18.00 19.14 20.21 20.02 20.18 19.85 20.63 20.39 20.70 20.21 19.81 20.40 20.76 20.83 20.72 20.82 20.71 20.85 19.52 20.96 20.72 20.02 18.80 20.37 20.06 20.00 20.79 21.54 21.76 21.72 21.39 21.17 21.84 21.26 19.68 19.96 19.18 19.11 19.10 20.88 20.90 20.57 20.32 19.99 19.72 19.69 20.26 20.99 20.75 21.36 21.43 21.08 21.54 21.77 21.45 21.42 21.29 21.21 21.26 21.67 21.76 21.80 21.63 21.52 21.42 20.94
19.93 20.38 20.13 19.34 19.95 19.16 18.46 19.02 18.85 17.76 18.51 17.68 19.70 19.12 20.51 19.46 20.22 20.88 21.13 20.69 20.82 20.23 20.73 20.23 20.36 20.84 21.22 20.79 20.75 20.22 20.28 20.06 20.55 19.27 20.40 19.87 19.77 20.88 21.31 21.67 21.77 21.63 21.36 21.43 21.01 19.44 19.82 19.70 20.16 19.68 20.61 20.38 20.30 19.37 19.01 19.38 20.24 20.41 20.80 20.80 20.86 21.24 21.18 20.93 21.53 21.08 21.41 21.38 21.16 21.30 21.66 21.72 21.60 21.04 20.93 20.97 20.31
20.34 20.05 20.35 19.95 20.67 18.55 16.66 18.10 18.69 17.46 18.31 18.68 18.07 18.76 19.50 19.45 20.22 20.43 20.73 20.92 20.69 20.83 20.37 20.38 19.74 20.51 20.31 20.13 20.68 19.83 20.82 19.97 20.47 20.27 20.86 19.90 19.81 20.11 20.74 21.47 21.57 21.56 20.94 20.55 20.03 19.16 18.88 19.43 19.80 19.14 20.33 19.84 20.25 19.22 18.66 19.85 20.02 20.39 20.69 20.91 20.99 21.29 21.02 20.81 21.22 21.09 20.96 21.05 20.93 21.43 21.16 20.82 20.18 20.05 19.71 20.03 21.14
20.36 20.56 21.01 20.64 19.55 18.42 17.36 19.06 18.24 16.98 17.43 18.37 17.94 18.67 19.33 19.80 20.24 19.65 20.13 20.37 20.80 20.89 21.27 20.78 20.02 20.66 19.72 20.63 20.25 20.14 20.29 20.11 20.06 20.48 20.22 19.64 19.53 20.10 20.72 21.05 21.16 20.86 21.12 20.28 19.78 19.16 19.46 19.71 20.15 18.97 19.85 20.88 20.58 19.80 18.28 19.36 20.13 20.40 20.61 20.29 20.90 20.68 20.70 21.09 20.94 20.83 20.85 21.11 21.39 21.25 20.25 20.28 20.37 19.53 19.16 19.45 20.41
21.13 20.46 20.86 20.78 18.26 18.36 17.73 18.34 18.00 17.57 18.43 18.31 18.31 19.22 19.55 19.47 20.01 20.63 20.02 19.50 20.54 20.96 21.09 21.14 20.55 19.92 20.02 20.72 20.10 19.69 20.39 19.97 20.23 20.51 20.23 19.32 19.63 20.47 20.89 21.01 20.91 20.86 20.97 19.98 19.68 18.91 20.17 20.64 20.39 19.50 19.05 19.95 20.85 19.24 18.19 19.30 20.01 19.82 19.98 20.14 20.55 20.54 20.54 20.77 20.78 20.95 20.77 20.98 21.07 20.83 20.37 20.29 20.50 20.57 19.95 19.85 19.86
21.12 20.89 21.16 20.88 19.51 17.86 18.50 18.82 18.47 18.58 18.48 17.94 18.31 19.28 19.49 19.40 21.21 20.63 19.55 19.44 20.33 21.27 21.12 20.60 20.72 20.28 19.70 20.38 20.17 19.78 20.51 20.33 20.55 20.39 19.99 19.04 20.09 20.26 20.84 20.77 20.80 20.61 20.50 19.34 17.89 19.06 19.35 20.30 19.92 18.00 17.48 19.05 19.55 18.30 18.19 18.88 18.78 18.96 18.60 19.04 20.27 19.99 19.77 20.63 20.99 20.99 21.14 20.73 20.88 20.58 20.69 20.88 20.89 20.75 20.00 19.76 19.84
21.46 21.36 21.35 20.26 19.62 18.57 19.10 19.03 19.37 18.40 18.19 18.04 18.42 18.79 18.58 20.23 21.12 20.62 20.35 20.20 20.37 21.02 19.99 20.35 20.79 21.07 20.54 20.77 19.04 20.64 19.91 19.96 20.05 20.27 20.00 19.34 19.81 19.73 20.45 20.89 20.62 20.53 20.15 19.15 18.73 18.94 19.73 19.23 19.17 18.29 18.80 19.28 18.10 17.70 17.85 18.70 18.15 17.60 17.06 18.83 20.68 19.93 20.47 21.04 21.03 21.19 21.20 20.74 20.39 20.30 20.88 20.40 19.87 19.81 19.54 19.60 19.41
