main/data/irradiance/12.03.2023.grid
ncols 839
nrows 679
xllcenter 112.0500
yllcenter -43.9500
cellsize 0.0500
nodata_value 99999.90
[rows 136 to 169 of 679, columns 231 to 307 of 839]
26.58 26.29 26.29 26.29 26.16 25.82 25.07 24.80 24.27 24.42 24.62 24.88 24.88 26.12 26.54 26.68 26.64 26.56 26.39 25.65 25.76 26.15 26.26 26.20 25.96 26.30 26.18 26.23 26.57 26.22 26.58 26.48 26.68 26.68 26.70 26.72 26.72 26.66 26.68 26.68 26.67 26.68 26.69 26.71 26.60 26.61 26.64 26.70 26.63 26.54 26.65 26.65 26.53 26.64 26.66 26.61 26.67 26.68 26.70 26.63 26.71 26.71 26.72 26.71 26.68 26.68 26.67 26.69 26.68 26.69 26.68 26.67 26.68 26.69 26.71 26.69 26.68
26.08 26.29 26.29 26.16 26.16 25.82 25.48 25.48 24.98 24.36 23.63 24.58 24.37 25.02 26.14 26.44 26.53 26.57 26.70 26.70 26.69 26.57 26.53 25.40 26.08 26.57 26.60 26.43 26.02 25.82 25.81 26.45 26.39 26.64 26.68 26.67 26.69 26.67 26.59 26.67 26.67 26.67 26.67 26.69 26.70 26.70 26.65 26.70 26.70 26.60 26.55 26.59 26.58 26.46 26.65 26.67 26.16 26.67 26.68 26.68 26.69 26.70 26.69 26.70 26.68 26.68 26.66 26.69 26.67 26.69 26.69 26.67 26.68 26.70 26.70 26.68 26.68
26.08 25.95 25.95 26.16 26.16 26.14 26.14 26.03 25.56 25.56 24.51 24.34 24.75 25.28 26.30 25.53 24.75 25.84 26.16 26.44 26.47 26.13 26.49 26.42 26.64 26.47 26.44 26.59 26.10 25.94 26.08 26.17 26.43 26.64 26.67 26.69 26.66 26.68 26.66 26.66 26.65 26.66 26.67 26.67 26.69 26.71 26.70 26.69 26.68 26.71 26.63 26.45 26.47 26.71 26.62 26.62 26.57 26.63 26.68 26.69 26.65 26.69 26.69 26.69 26.69 26.67 26.67 26.68 26.68 26.67 26.69 26.69 26.66 26.68 26.68 26.68 26.67
26.08 25.95 25.95 25.95 25.83 25.89 25.89 25.96 25.66 25.61 25.52 25.34 24.87 25.36 25.80 25.87 25.56 25.53 25.65 26.31 26.16 25.99 26.33 26.38 26.61 26.56 26.64 26.24 26.58 26.55 26.32 26.60 26.44 26.41 26.68 26.67 26.67 26.64 26.64 26.64 26.65 26.65 26.66 26.67 26.65 26.60 26.66 26.65 26.65 26.64 26.67 26.54 26.66 26.45 26.42 26.59 26.35 26.33 26.67 26.68 26.68 26.67 26.69 26.67 26.65 26.68 26.67 26.66 26.68 26.67 26.68 26.66 26.66 26.66 26.68 26.68 26.68
26.08 25.95 25.95 25.76 25.83 25.83 25.43 25.70 25.82 25.83 25.44 25.68 25.87 25.05 25.79 25.50 25.61 25.49 25.55 25.45 25.75 26.44 25.79 26.46 26.36 26.62 26.60 26.61 26.40 26.32 26.24 26.40 26.48 26.49 26.57 26.66 26.65 26.64 26.63 26.56 26.51 26.57 26.64 26.67 26.67 26.67 26.68 26.70 26.63 26.62 26.63 26.63 26.47 26.60 26.67 26.67 26.50 26.49 26.66 26.59 26.67 26.66 26.65 26.67 26.65 26.65 26.65 26.67 26.68 26.68 26.68 26.65 26.65 26.67 26.67 26.68 26.68
26.09 25.51 25.76 25.76 26.41 26.41 25.71 25.76 25.65 25.52 25.70 25.65 25.84 25.38 25.57 25.60 25.27 25.40 25.31 25.41 25.56 26.09 26.18 25.95 25.85 26.20 25.80 26.53 26.35 26.20 25.97 26.59 26.64 26.61 26.55 26.64 26.66 26.66 26.63 26.62 26.61 26.63 26.62 26.62 26.67 26.65 26.67 26.69 26.67 26.64 26.61 26.61 26.63 26.53 26.67 26.64 26.56 26.60 26.57 26.69 26.68 26.67 26.69 26.69 26.69 26.64 26.65 26.68 26.67 26.67 26.65 26.66 26.65 26.67 26.66 26.67 26.67
26.09 26.01 26.00 26.28 26.28 25.93 25.63 25.27 25.04 25.55 25.83 25.91 25.81 25.67 25.50 25.74 25.43 25.67 26.11 25.43 25.41 25.31 25.60 26.02 25.27 25.88 25.94 26.16 26.32 26.13 25.64 25.80 25.80 24.06 25.09 25.91 26.18 26.55 26.58 26.60 26.60 26.59 26.61 26.64 26.65 26.65 26.67 26.61 26.66 26.68 26.65 26.63 26.62 26.64 26.63 26.64 26.50 26.62 26.57 26.67 26.64 26.68 26.68 26.67 26.67 26.63 26.63 26.65 26.67 26.63 26.65 26.66 26.65 26.65 26.67 26.67 26.65
26.58 26.58 26.30 26.09 25.74 25.93 25.63 25.85 25.86 25.47 25.51 25.57 25.64 26.06 25.95 25.93 25.97 26.27 26.35 25.99 25.57 25.91 25.63 26.03 26.04 25.50 25.87 25.41 25.79 25.89 25.47 25.42 25.11 25.70 26.06 25.57 25.50 26.41 26.61 26.54 26.58 26.55 26.59 26.63 26.61 26.63 26.63 26.64 26.66 26.65 26.61 26.63 26.61 26.62 26.62 26.63 26.66 26.67 26.64 26.66 26.67 26.66 26.64 26.68 26.67 26.65 26.62 26.62 26.62 26.65 26.65 26.62 26.63 26.64 26.66 26.66 26.65
26.71 26.71 26.43 26.15 26.08 26.26 25.81 26.05 25.98 25.74 26.00 25.90 26.00 25.86 26.01 26.03 26.15 26.37 26.13 26.13 26.19 26.18 26.30 26.32 25.93 26.12 26.18 26.19 26.16 26.16 26.45 26.60 26.54 26.04 25.69 24.37 24.45 25.22 26.16 26.54 26.61 26.59 26.61 26.63 26.63 26.62 26.59 26.54 26.64 26.64 26.64 26.65 26.63 26.51 26.66 26.65 26.67 26.65 26.62 26.65 26.64 26.66 26.61 26.63 26.68 26.63 26.64 26.64 26.65 26.64 26.64 26.65 26.65 26.66 26.64 26.64 26.65
26.71 26.71 26.55 26.45 26.22 25.99 26.02 25.88 25.91 25.71 25.92 25.99 26.05 25.87 25.80 25.87 26.09 26.22 26.26 26.39 26.39 26.40 26.53 26.47 26.54 26.40 26.36 26.25 26.12 25.91 26.60 26.33 26.59 26.13 25.61 25.40 25.08 24.64 25.29 25.88 26.00 26.43 26.52 26.61 26.59 26.57 26.58 26.62 26.63 26.64 26.63 26.62 26.62 26.61 26.62 26.65 26.68 26.67 26.62 26.65 26.66 26.65 26.64 26.63 26.65 26.61 26.60 26.62 26.65 26.64 26.64 26.64 26.65 26.66 26.62 26.63 26.63
26.65 26.67 26.20 26.44 26.38 26.01 25.97 25.68 26.06 26.00 26.12 26.05 26.20 26.11 25.89 25.96 26.35 26.10 26.33 26.47 26.43 26.47 26.47 26.51 26.56 26.50 26.28 26.44 26.40 26.47 26.53 26.30 26.40 26.08 25.66 24.93 24.95 25.50 24.89 25.58 25.87 25.58 25.96 26.35 26.53 26.58 26.59 26.62 26.62 26.62 26.62 26.60 26.59 26.56 26.59 26.48 26.67 26.67 26.61 26.64 26.63 26.63 26.64 26.64 26.65 26.65 26.62 26.60 26.63 26.66 26.61 26.62 26.62 26.61 26.61 26.62 26.61
26.45 26.64 26.58 26.32 26.34 25.99 25.95 25.73 25.92 25.86 26.04 26.04 25.90 26.08 26.31 26.09 26.05 25.99 26.25 26.15 26.16 26.32 26.31 26.42 26.53 26.50 26.55 26.48 26.60 26.57 26.58 26.34 26.56 26.50 26.49 26.22 25.97 26.18 26.23 26.32 26.10 26.20 26.08 25.68 26.07 26.51 26.57 26.64 26.61 26.47 26.53 26.49 26.55 26.46 26.60 26.47 26.63 26.65 26.60 26.62 26.62 26.66 26.62 26.62 26.63 26.60 26.58 26.60 26.63 26.64 26.63 26.64 26.64 26.63 26.62 26.61 26.59
26.03 26.54 26.66 26.38 26.21 25.80 26.12 25.94 25.70 25.93 25.81 25.91 25.90 26.17 26.14 26.24 26.10 26.02 26.30 26.13 26.41 26.27 26.25 26.49 26.50 26.51 26.54 26.39 26.53 26.52 26.55 26.44 26.54 26.56 26.47 26.40 26.30 26.54 26.22 26.23 25.80 26.24 26.06 26.13 26.12 25.83 25.87 26.23 26.51 26.56 26.32 26.48 26.52 26.19 26.37 26.60 26.57 26.63 26.62 26.62 26.61 26.62 26.62 26.64 26.62 26.61 26.62 26.63 26.63 26.62 26.64 26.65 26.62 26.59 26.60 26.59 26.60
25.68 26.51 26.42 26.09 26.11 26.03 26.26 26.19 25.71 25.45 25.71 25.74 25.84 26.00 25.97 25.82 25.96 25.96 25.87 26.23 26.32 26.34 26.51 26.50 26.49 26.44 26.53 26.50 26.53 26.59 26.60 26.61 26.59 26.60 26.45 26.44 26.57 26.58 26.59 26.44 26.55 26.52 26.44 26.57 26.53 26.35 26.31 25.99 26.17 26.41 26.52 26.14 26.55 26.61 26.56 26.56 26.14 26.29 26.38 26.62 26.45 26.62 26.63 26.64 26.63 26.64 26.64 26.64 26.64 26.63 26.64 26.63 26.60 26.60 26.59 26.61 26.60
25.92 26.46 26.32 26.10 26.01 25.65 26.10 25.78 26.11 25.72 25.77 25.68 25.22 24.99 25.44 25.40 25.43 25.46 25.54 25.85 26.17 25.78 25.61 26.38 26.46 26.45 26.39 26.45 26.51 26.49 26.44 26.55 26.58 26.59 26.57 26.59 26.58 26.55 26.55 26.45 26.56 26.42 26.42 26.63 26.61 26.59 26.56 26.60 26.59 26.52 26.57 26.54 26.63 26.61 26.59 26.49 26.28 26.55 26.62 26.61 26.61 26.63 26.64 26.62 26.64 26.62 26.63 26.61 26.60 26.60 26.61 26.60 26.59 26.60 26.60 26.59 26.60
25.67 26.02 26.40 26.07 26.06 26.15 26.17 26.21 26.04 26.09 25.80 25.76 25.56 25.27 25.91 25.71 25.25 25.69 25.58 26.08 26.09 26.26 25.82 26.25 26.24 26.25 25.51 25.78 26.18 26.00 26.23 26.20 26.51 26.52 26.41 26.44 26.37 26.19 26.26 26.24 26.40 26.41 26.54 26.55 26.62 26.62 26.61 26.61 26.61 26.61 26.60 26.64 26.65 26.60 26.65 26.64 26.61 26.60 26.63 26.62 26.60 26.61 26.62 26.61 26.60 26.59 26.59 26.59 26.58 26.61 26.60 26.58 26.57 26.59 26.60 26.58 26.57
25.22 25.18 25.97 26.16 26.18 26.40 26.16 26.18 26.37 26.02 26.24 25.99 25.48 25.69 25.45 25.58 25.94 25.78 25.83 26.30 26.51 26.50 26.49 26.49 26.48 25.63 24.47 24.88 25.18 25.51 25.27 25.33 26.12 26.39 26.50 26.45 26.08 26.29 26.36 26.31 26.31 26.39 26.23 26.39 26.56 26.58 26.59 26.60 26.62 26.64 26.63 26.62 26.57 26.54 26.63 26.56 26.61 26.63 26.63 26.62 26.59 26.58 26.60 26.61 26.57 26.57 26.55 26.56 26.57 26.57 26.58 26.57 26.58 26.56 26.57 26.57 26.59
25.58 25.31 25.49 25.76 25.84 26.13 26.37 26.42 26.44 26.46 26.32 26.08 26.30 26.08 25.61 25.30 25.82 26.33 26.18 26.34 26.47 26.45 26.47 26.50 26.52 26.48 26.41 25.77 25.12 25.01 24.39 24.56 25.54 25.32 25.83 26.00 26.20 26.48 26.27 26.26 26.39 26.50 26.46 26.48 26.52 26.61 26.61 26.61 26.62 26.61 26.62 26.58 26.53 26.52 26.55 26.50 26.61 26.63 26.61 26.61 26.61 26.59 26.62 26.61 26.56 26.55 26.56 26.58 26.59 26.56 26.57 26.58 26.57 26.57 26.56 26.57 26.57
25.71 25.48 25.61 25.93 25.94 26.10 26.09 26.26 26.33 26.35 26.33 26.20 26.24 26.28 26.22 25.96 26.20 26.24 26.37 26.36 26.45 26.33 26.42 26.38 26.48 26.28 26.26 26.17 25.97 26.01 25.95 26.12 25.94 25.93 25.49 25.45 25.44 26.08 25.91 25.94 26.08 26.26 26.46 26.50 26.50 26.56 26.61 26.57 26.37 26.28 26.52 26.18 26.23 26.02 26.12 26.43 26.62 26.48 26.61 26.56 26.47 26.45 26.58 26.57 26.52 26.55 26.57 26.57 26.57 26.58 26.58 26.55 26.59 26.57 26.57 26.58 26.58
25.44 25.32 25.53 25.88 25.75 25.80 25.89 25.98 26.04 26.05 26.27 26.27 26.20 26.22 26.23 26.14 26.34 26.37 26.28 26.42 26.42 26.29 26.25 26.16 26.42 26.39 25.66 25.72 26.49 26.24 25.59 25.43 25.62 26.03 25.77 26.13 25.98 26.17 25.92 26.03 26.34 26.38 26.14 26.38 26.51 26.56 26.57 26.52 26.32 26.55 26.58 26.24 26.24 26.38 26.34 26.56 26.55 26.31 26.58 26.57 26.56 26.57 26.56 26.57 26.55 26.54 26.55 26.56 26.56 26.55 26.56 26.54 26.57 26.57 26.57 26.58 26.56
25.69 25.68 25.90 25.76 25.78 25.86 25.70 25.76 25.81 25.88 26.06 26.20 26.13 26.25 26.26 26.29 26.22 26.24 26.23 26.30 26.38 26.34 26.24 26.29 26.47 26.42 26.36 26.32 26.38 26.44 25.92 26.12 25.63 25.28 25.24 25.81 26.12 26.40 26.21 26.06 26.19 26.25 26.40 26.42 26.30 26.46 26.44 26.32 26.02 26.41 26.40 26.39 26.21 26.48 26.55 26.56 26.46 26.56 26.59 26.56 26.56 26.58 26.56 26.56 26.56 26.55 26.55 26.55 26.54 26.56 26.56 26.56 26.54 26.55 26.56 26.53 26.55
25.84 25.94 25.97 25.95 25.90 26.01 26.05 25.89 25.73 25.97 26.07 26.23 26.33 26.43 26.39 26.25 26.00 26.22 26.11 26.19 26.10 26.16 26.16 26.18 26.06 26.22 26.19 26.31 26.45 26.41 26.36 26.18 26.08 25.62 25.75 26.09 26.26 26.30 25.79 25.40 25.97 26.32 26.42 26.52 26.53 26.49 26.37 25.99 26.44 26.22 26.02 26.50 26.55 26.47 26.52 26.57 26.58 26.57 26.57 26.56 26.55 26.57 26.57 26.56 26.56 26.55 26.56 26.47 26.56 26.54 26.55 26.55 26.54 26.51 26.52 26.49 26.51
25.88 26.01 25.93 25.92 25.97 26.18 26.21 26.21 26.04 26.17 26.19 26.24 26.37 26.48 26.39 26.31 26.16 26.28 26.26 26.19 26.06 26.00 26.04 26.12 26.07 26.19 26.22 26.32 26.43 26.44 26.01 26.32 26.36 25.95 26.02 25.86 26.03 26.37 26.38 26.17 26.42 26.49 26.48 26.51 26.50 26.50 26.51 26.45 26.53 26.50 26.37 26.47 26.56 26.52 26.54 26.55 26.56 26.57 26.57 26.54 26.56 26.55 26.56 26.55 26.53 26.55 26.55 26.52 26.52 26.52 26.55 26.55 26.53 26.53 26.46 26.48 26.51
26.12 26.17 26.01 25.94 26.16 26.22 26.08 26.20 26.22 26.20 26.25 26.22 26.40 26.35 25.96 25.83 25.98 26.04 26.12 26.21 26.12 25.98 26.06 26.10 26.24 26.28 26.27 26.26 26.33 26.35 25.67 24.61 25.15 25.62 26.17 26.38 26.44 26.53 26.50 26.48 26.51 26.51 26.55 26.54 26.53 26.36 26.41 26.47 26.47 26.44 26.36 26.45 26.53 26.49 26.39 26.54 26.48 26.50 26.55 26.52 26.54 26.54 26.52 26.53 26.54 26.55 26.53 26.51 26.55 26.56 26.56 26.53 26.52 26.47 26.39 26.43 26.48
26.33 26.28 26.30 26.38 26.20 26.24 26.35 26.35 26.28 26.20 26.28 26.33 26.32 25.92 25.69 25.55 26.03 26.03 26.15 26.11 26.11 26.05 26.10 26.11 26.30 26.29 26.24 26.17 26.16 26.07 26.25 26.29 25.45 25.78 26.41 26.50 26.42 26.42 26.48 26.38 26.31 26.12 26.54 26.53 26.40 26.43 26.44 26.44 26.47 26.41 26.41 26.46 26.51 26.39 26.30 26.36 26.33 26.30 26.36 26.49 26.45 26.52 26.52 26.53 26.54 26.54 26.55 26.55 26.55 26.55 26.52 26.48 26.46 26.44 26.34 26.48 26.51
26.36 26.31 26.33 26.40 26.33 26.27 26.20 26.16 26.24 26.13 26.07 26.16 26.18 26.02 26.04 25.74 25.89 26.00 26.10 25.93 25.97 26.06 25.95 25.89 26.06 26.10 26.14 26.09 26.25 26.03 26.21 26.26 26.38 25.96 26.27 26.44 26.47 26.36 26.34 26.35 26.36 26.31 26.45 26.45 26.17 26.44 26.45 26.47 26.39 26.41 26.36 25.64 26.25 26.11 25.21 25.52 25.98 25.79 25.97 26.49 26.28 26.44 26.53 26.50 26.46 26.55 26.55 26.54 26.51 26.52 26.51 26.49 26.45 26.41 26.38 26.41 26.43
26.16 26.29 26.37 26.42 26.32 26.16 25.87 26.09 26.21 26.21 26.13 26.07 25.92 25.95 26.03 25.74 25.91 25.96 25.88 25.99 25.91 25.82 25.69 25.78 25.88 25.85 25.89 25.82 25.93 25.88 26.08 26.25 26.37 26.24 26.48 26.54 26.52 26.46 26.36 26.44 26.50 26.54 26.52 26.46 26.27 26.38 26.44 26.41 26.31 26.20 26.15 26.25 26.34 26.07 26.03 26.19 26.27 26.18 25.99 26.26 25.94 25.91 26.21 26.46 26.34 26.43 26.54 26.45 26.51 26.52 26.50 26.49 26.46 26.45 26.46 26.35 26.40
26.30 26.30 26.35 26.35 26.32 26.07 26.08 26.21 26.26 26.26 26.26 26.18 26.10 25.97 26.07 26.18 26.16 25.91 25.72 25.59 25.69 25.63 25.39 25.40 25.29 25.47 25.60 25.70 25.68 25.60 25.69 25.90 26.03 26.11 26.36 26.51 26.53 26.50 26.49 26.39 26.49 26.42 26.24 26.35 26.43 26.35 26.36 26.46 26.44 26.43 26.18 26.23 26.43 26.44 26.46 26.47 26.47 26.46 26.35 26.50 26.37 26.45 26.31 26.38 26.23 26.12 26.50 26.48 26.51 26.51 26.48 26.51 26.46 26.45 26.42 26.45 26.47
26.33 26.41 26.32 25.99 26.13 26.21 26.14 26.14 26.25 26.30 26.22 26.26 26.19 26.16 26.13 26.17 26.14 25.99 25.79 25.63 25.53 25.49 25.37 25.36 25.32 25.37 25.50 25.55 25.64 25.34 25.53 25.76 25.93 26.18 26.38 26.46 26.50 26.50 26.48 26.47 26.47 26.35 26.42 26.45 26.35 26.42 26.41 26.44 26.45 26.42 26.41 26.48 26.42 26.43 26.41 26.43 26.48 26.50 26.50 26.40 26.40 26.47 26.46 26.48 26.46 26.52 26.51 26.51 26.51 26.53 26.51 26.48 26.47 26.46 26.36 26.40 26.40
26.27 26.30 26.30 26.20 26.35 26.30 26.30 26.23 26.23 26.24 26.15 26.15 26.06 25.97 25.97 26.17 26.16 26.09 26.02 25.79 25.67 25.70 25.60 25.32 25.26 25.64 25.70 25.89 25.95 25.72 25.79 25.92 26.15 26.22 26.19 26.26 26.38 26.48 26.43 26.47 26.41 26.44 26.43 26.43 26.43 26.38 26.41 26.36 26.34 26.33 26.36 26.41 26.30 26.26 26.36 26.37 26.46 26.47 26.47 26.48 26.42 26.45 26.45 26.44 26.51 26.51 26.49 26.50 26.51 26.49 26.50 26.46 26.47 26.47 26.45 26.46 26.45
26.41 26.48 26.45 26.30 26.38 26.38 26.29 26.28 26.22 26.19 26.09 25.89 25.65 25.61 25.75 25.95 26.09 26.14 26.11 26.02 25.97 26.04 25.71 25.88 25.81 25.93 25.95 25.99 26.16 26.21 26.02 26.03 26.19 26.20 26.25 26.34 26.29 26.38 26.45 26.28 26.25 26.38 26.38 26.34 26.37 26.38 26.27 26.27 26.31 26.43 26.42 26.31 26.22 26.26 26.26 26.38 26.41 26.40 26.44 26.45 26.36 26.41 26.45 26.47 26.43 26.48 26.46 26.48 26.47 26.44 26.50 26.50 26.46 26.47 26.45 26.46 26.44
26.52 26.59 26.55 26.28 26.20 25.76 25.99 26.21 26.13 25.91 25.80 25.84 25.91 25.68 25.62 25.70 25.85 26.03 26.06 26.00 25.97 26.03 26.10 26.29 26.27 26.23 26.07 25.99 26.13 26.18 26.30 26.34 26.17 26.32 26.34 26.25 26.34 26.34 26.18 26.23 26.36 26.37 26.35 26.20 26.25 26.36 26.23 26.01 26.02 26.12 26.29 26.15 25.97 26.10 26.07 26.28 26.35 26.43 26.35 26.27 26.36 26.37 26.42 26.44 26.47 26.46 26.41 26.26 26.42 26.43 26.42 26.47 26.46 26.45 26.44 26.44 26.39
26.43 26.50 26.47 26.36 26.33 26.20 26.10 25.92 25.81 25.98 25.93 25.89 25.77 25.63 25.52 25.46 25.59 25.51 25.53 25.41 25.81 25.99 26.16 26.25 26.27 26.21 26.12 26.24 26.16 26.31 26.23 26.06 26.14 26.31 26.36 26.30 26.34 26.02 26.21 26.39 26.41 26.38 26.37 26.26 26.14 26.30 26.21 26.24 25.95 26.07 25.98 26.27 25.80 25.99 26.35 26.21 26.37 26.38 26.41 26.41 26.41 26.39 26.38 26.42 26.43 26.35 26.12 26.27 26.44 26.40 26.44 26.44 26.47 26.45 26.44 26.42 26.33
26.39 26.44 26.38 26.42 26.35 26.22 26.09 25.87 25.79 25.38 25.78 25.68 25.59 25.49 25.53 25.50 25.56 25.26 25.28 25.24 25.21 25.83 25.77 25.79 25.99 26.28 26.21 26.26 26.24 26.25 26.33 26.14 26.21 26.39 26.40 26.28 26.37 26.31 26.38 26.31 26.25 26.33 26.31 26.39 26.41 26.37 26.38 26.26 26.27 26.35 26.25 26.30 26.17 25.99 26.28 26.40 26.37 26.39 26.43 26.45 26.43 26.37 26.38 26.35 26.33 26.33 26.17 26.37 26.41 26.41 26.41 26.41 26.45 26.44 26.44 26.39 26.41
