main/data/irradiance/12.06.2023.grid
ncols 839
nrows 679
xllcenter 112.0500
yllcenter -43.9500
cellsize 0.0500
nodata_value 99999.90
[rows 306 to 339 of 679, columns 385 to 461 of 839]
14.92 14.84 14.87 14.90 14.93 14.92 14.89 14.89 14.91 14.88 14.89 14.84 14.88 14.90 14.91 14.90 14.90 14.91 14.92 14.92 14.92 14.92 14.91 14.90 14.91 14.93 14.92 14.89 14.82 14.91 14.86 14.79 14.74 14.81 14.93 14.97 14.98 14.94 14.94 14.90 14.77 14.90 14.91 14.85 14.79 14.83 14.83 14.87 14.89 14.89 14.91 14.73 14.71 14.92 14.93 14.94 14.91 14.91 14.87 14.87 14.83 14.86 14.87 14.86 14.77 14.90 14.84 14.86 14.88 14.91 14.80 14.80 14.70 14.84 14.61 14.79 14.78
14.90 14.86 14.90 14.78 14.80 14.84 14.78 14.88 14.90 14.90 14.90 14.87 14.88 14.89 14.89 14.88 14.88 14.87 14.87 14.87 14.86 14.87 14.87 14.86 14.84 14.83 14.86 14.81 14.72 14.75 14.81 14.79 14.78 14.70 14.71 14.83 14.89 14.85 14.91 14.90 14.87 14.77 14.83 14.85 14.87 14.88 14.86 14.83 14.86 14.82 14.89 14.91 14.92 14.79 14.58 14.55 14.61 14.75 14.93 14.90 14.89 14.88 14.81 14.84 14.86 14.88 14.86 14.84 14.90 14.84 14.88 14.89 14.78 14.80 14.80 14.83 14.76
14.87 14.76 14.83 14.88 14.66 14.70 14.80 14.88 14.88 14.88 14.87 14.86 14.85 14.84 14.87 14.74 14.84 14.84 14.84 14.85 14.85 14.85 14.85 14.86 14.87 14.84 14.82 14.81 14.79 14.82 14.80 14.82 14.80 14.76 14.75 14.68 14.75 14.79 14.80 14.85 14.84 14.84 14.85 14.85 14.85 14.84 14.82 14.79 14.80 14.79 14.77 14.76 14.79 14.80 14.80 14.45 14.50 14.55 14.46 14.72 14.84 14.83 14.86 14.80 14.75 14.80 14.82 14.86 14.86 14.86 14.86 14.87 14.86 14.78 14.76 14.71 14.77
14.75 14.80 14.85 14.82 14.79 14.84 14.79 14.81 14.81 14.77 14.85 14.84 14.82 14.86 14.85 14.84 14.84 14.83 14.83 14.83 14.82 14.82 14.84 14.84 14.85 14.85 14.83 14.82 14.81 14.79 14.78 14.82 14.81 14.80 14.83 14.79 14.68 14.71 14.76 14.76 14.77 14.79 14.82 14.84 14.82 14.80 14.78 14.78 14.73 14.78 14.81 14.79 14.54 14.69 14.70 14.63 14.82 14.60 14.55 14.81 14.76 14.72 14.73 14.87 14.82 14.83 14.69 14.74 14.83 14.72 14.69 14.77 14.72 14.76 14.80 14.80 14.57
14.83 14.82 14.83 14.77 14.79 14.83 14.80 14.80 14.82 14.81 14.83 14.83 14.83 14.82 14.80 14.81 14.82 14.79 14.80 14.79 14.79 14.79 14.79 14.73 14.78 14.81 14.81 14.79 14.78 14.78 14.78 14.79 14.81 14.78 14.82 14.81 14.82 14.75 14.76 14.73 14.73 14.77 14.71 14.77 14.79 14.80 14.81 14.76 14.79 14.79 14.75 14.76 14.80 14.79 14.57 14.74 14.70 14.69 14.70 14.62 14.71 14.74 14.77 14.82 14.78 14.85 14.80 14.80 14.78 14.54 14.55 14.49 14.61 14.61 14.68 14.72 14.70
14.81 14.76 14.81 14.82 14.82 14.79 14.78 14.73 14.72 14.67 14.80 14.74 14.80 14.80 14.77 14.76 14.77 14.74 14.73 14.73 14.77 14.78 14.77 14.77 14.78 14.78 14.77 14.77 14.77 14.77 14.77 14.77 14.79 14.80 14.79 14.76 14.76 14.77 14.79 14.75 14.60 14.66 14.72 14.62 14.69 14.69 14.68 14.73 14.75 14.73 14.70 14.61 14.54 14.51 14.32 14.57 14.57 14.33 14.63 14.70 14.63 14.66 14.66 14.75 14.71 14.79 14.61 14.78 14.51 14.47 14.57 14.20 14.41 14.21 14.48 14.56 14.61
14.77 14.64 14.79 14.67 14.75 14.78 14.78 14.77 14.77 14.75 14.75 14.64 14.70 14.74 14.75 14.74 14.74 14.75 14.76 14.75 14.73 14.75 14.74 14.74 14.76 14.75 14.74 14.74 14.74 14.73 14.74 14.76 14.76 14.76 14.76 14.75 14.75 14.75 14.75 14.74 14.77 14.77 14.73 14.72 14.63 14.70 14.52 14.63 14.73 14.79 14.75 14.77 14.66 14.56 14.35 14.28 14.22 14.25 14.46 14.40 14.13 14.47 14.62 14.64 14.59 14.54 14.61 14.37 14.24 14.02 14.50 14.29 14.59 14.28 14.37 14.49 14.51
14.77 14.76 14.76 14.76 14.63 14.75 14.76 14.74 14.72 14.74 14.71 14.75 14.75 14.76 14.74 14.74 14.75 14.74 14.72 14.69 14.71 14.71 14.71 14.74 14.72 14.72 14.70 14.72 14.70 14.71 14.71 14.74 14.73 14.73 14.74 14.73 14.73 14.73 14.73 14.74 14.75 14.75 14.76 14.66 14.74 14.72 14.70 14.70 14.63 14.67 14.63 14.65 14.65 14.71 14.42 14.46 14.41 14.40 14.19 14.39 14.41 14.16 14.36 14.60 14.50 14.69 13.95 14.36 14.59 14.61 14.46 14.63 14.44 14.29 14.37 14.25 14.46
14.75 14.74 14.68 14.73 14.72 14.72 14.72 14.72 14.72 14.72 14.69 14.72 14.73 14.70 14.74 14.74 14.73 14.72 14.71 14.70 14.69 14.71 14.72 14.71 14.70 14.69 14.70 14.68 14.68 14.69 14.70 14.71 14.72 14.70 14.73 14.70 14.70 14.69 14.70 14.73 14.74 14.75 14.74 14.75 14.75 14.74 14.77 14.75 14.77 14.76 14.68 14.70 14.60 14.70 14.72 14.65 14.42 14.28 14.38 13.94 13.87 13.67 13.95 14.16 14.34 14.65 14.67 14.54 14.67 14.47 14.61 14.58 14.25 14.20 14.26 14.44 14.21
14.71 14.72 14.70 14.68 14.71 14.70 14.69 14.70 14.70 14.70 14.70 14.70 14.70 14.71 14.71 14.72 14.71 14.70 14.69 14.70 14.69 14.68 14.68 14.66 14.65 14.65 14.65 14.65 14.66 14.66 14.66 14.67 14.68 14.66 14.68 14.67 14.67 14.68 14.68 14.71 14.71 14.72 14.71 14.73 14.74 14.74 14.71 14.68 14.68 14.74 14.75 14.69 14.68 14.58 14.46 14.55 14.46 14.19 14.26 14.38 14.35 13.95 14.36 14.23 14.10 14.35 14.46 14.23 14.37 14.65 14.66 14.35 14.47 14.52 14.20 14.11 14.44
14.66 14.70 14.68 14.67 14.67 14.68 14.69 14.68 14.66 14.67 14.67 14.66 14.69 14.67 14.68 14.70 14.68 14.66 14.65 14.66 14.65 14.61 14.59 14.61 14.64 14.64 14.61 14.64 14.64 14.65 14.64 14.65 14.65 14.65 14.64 14.65 14.66 14.66 14.67 14.69 14.69 14.69 14.69 14.70 14.71 14.68 14.68 14.64 14.66 14.68 14.70 14.72 14.72 14.64 14.67 14.51 14.44 14.58 14.49 14.43 14.38 14.47 14.14 14.30 14.51 14.21 14.60 14.44 14.31 14.39 14.45 14.30 14.52 14.34 13.65 13.98 14.05
14.60 14.66 14.65 14.63 14.64 14.65 14.63 14.64 14.63 14.62 14.63 14.64 14.65 14.61 14.64 14.64 14.63 14.63 14.63 14.63 14.60 14.62 14.62 14.56 14.61 14.62 14.61 14.60 14.58 14.55 14.59 14.63 14.60 14.64 14.62 14.63 14.64 14.65 14.64 14.64 14.67 14.65 14.64 14.64 14.66 14.67 14.65 14.65 14.68 14.63 14.67 14.66 14.70 14.67 14.64 14.64 14.66 14.61 14.68 14.49 14.58 14.45 14.35 14.16 14.39 14.32 14.67 14.51 14.39 14.57 14.37 14.73 14.63 14.23 14.66 14.67 14.30
14.59 14.55 14.62 14.63 14.62 14.52 14.63 14.56 14.62 14.61 14.58 14.62 14.64 14.62 14.59 14.62 14.63 14.57 14.59 14.59 14.61 14.60 14.58 14.59 14.60 14.56 14.53 14.51 14.57 14.60 14.57 14.59 14.62 14.59 14.62 14.62 14.63 14.63 14.64 14.63 14.62 14.61 14.61 14.61 14.61 14.62 14.63 14.63 14.64 14.66 14.66 14.66 14.68 14.66 14.63 14.63 14.64 14.64 14.70 14.64 14.70 14.68 14.69 14.67 14.45 14.53 14.60 14.63 14.71 14.54 14.70 14.51 14.39 14.22 13.96 14.19 14.17
14.60 14.59 14.60 14.54 14.62 14.62 14.61 14.57 14.58 14.59 14.57 14.62 14.61 14.58 14.43 14.56 14.58 14.56 14.58 14.56 14.54 14.55 14.57 14.59 14.59 14.57 14.57 14.58 14.59 14.59 14.59 14.58 14.60 14.60 14.50 14.60 14.61 14.61 14.62 14.61 14.62 14.61 14.61 14.60 14.59 14.59 14.60 14.59 14.62 14.63 14.64 14.63 14.63 14.63 14.61 14.64 14.65 14.63 14.64 14.68 14.68 14.65 14.67 14.68 14.66 14.60 14.61 14.61 14.70 14.47 14.54 14.56 14.40 14.61 14.02 14.61 14.37
14.59 14.53 14.46 14.57 14.59 14.48 14.46 14.55 14.51 14.50 14.55 14.52 14.53 14.53 14.58 14.56 14.52 14.48 14.57 14.56 14.54 14.57 14.58 14.57 14.58 14.58 14.58 14.57 14.56 14.58 14.54 14.58 14.59 14.57 14.53 14.58 14.58 14.59 14.59 14.59 14.60 14.58 14.58 14.58 14.57 14.57 14.57 14.58 14.60 14.61 14.61 14.59 14.59 14.58 14.62 14.63 14.64 14.63 14.63 14.65 14.65 14.64 14.66 14.65 14.66 14.65 14.65 14.63 14.48 14.37 14.54 14.51 14.62 14.42 14.26 14.40 14.10
14.53 14.38 14.41 14.53 14.35 14.41 14.52 14.54 14.50 14.50 14.46 14.49 14.55 14.55 14.53 14.49 14.44 14.50 14.53 14.56 14.56 14.56 14.56 14.49 14.55 14.54 14.56 14.56 14.55 14.56 14.56 14.56 14.55 14.56 14.55 14.56 14.57 14.56 14.57 14.55 14.58 14.55 14.56 14.55 14.55 14.55 14.55 14.56 14.59 14.59 14.60 14.60 14.58 14.56 14.62 14.61 14.58 14.60 14.62 14.60 14.60 14.59 14.59 14.59 14.60 14.65 14.64 14.64 14.62 14.49 14.58 14.43 14.55 14.59 14.64 14.64 14.64
14.54 14.42 14.47 14.51 14.25 14.50 14.56 14.39 14.40 14.31 14.37 14.38 14.43 14.51 14.46 14.49 14.49 14.47 14.49 14.47 14.54 14.50 14.37 14.52 14.53 14.55 14.54 14.52 14.49 14.52 14.54 14.54 14.52 14.52 14.52 14.53 14.55 14.54 14.54 14.54 14.54 14.54 14.53 14.54 14.54 14.54 14.53 14.54 14.54 14.55 14.57 14.58 14.56 14.56 14.59 14.56 14.55 14.55 14.56 14.57 14.56 14.54 14.57 14.56 14.56 14.63 14.62 14.65 14.60 14.54 14.53 14.54 14.59 14.52 14.57 14.45 14.54
14.40 14.10 14.46 14.26 14.34 14.39 14.50 14.49 14.51 14.35 14.40 14.35 14.37 14.50 14.51 14.46 14.41 14.45 14.44 14.47 14.50 14.49 14.49 14.51 14.52 14.50 14.50 14.50 14.48 14.52 14.52 14.53 14.51 14.51 14.50 14.50 14.50 14.50 14.50 14.50 14.50 14.51 14.51 14.52 14.51 14.51 14.52 14.51 14.51 14.50 14.51 14.55 14.55 14.54 14.55 14.52 14.53 14.51 14.53 14.54 14.53 14.53 14.49 14.56 14.60 14.62 14.60 14.55 14.51 14.44 14.50 14.48 14.42 14.27 14.23 14.54 14.51
14.45 14.49 14.45 14.10 14.18 14.38 14.48 14.50 14.46 14.48 14.50 14.40 14.46 14.46 14.36 14.43 14.46 14.42 14.41 14.45 14.45 14.47 14.48 14.49 14.47 14.42 14.45 14.46 14.45 14.47 14.48 14.52 14.51 14.49 14.49 14.48 14.48 14.50 14.48 14.47 14.48 14.49 14.48 14.49 14.48 14.49 14.50 14.50 14.49 14.49 14.49 14.54 14.52 14.54 14.52 14.49 14.50 14.50 14.50 14.49 14.50 14.49 14.51 14.56 14.58 14.55 14.56 14.55 14.52 14.56 14.49 14.50 14.51 14.59 14.58 14.58 14.53
14.47 14.48 14.41 14.46 14.39 14.44 14.42 14.41 14.32 14.46 14.44 14.42 14.36 14.45 14.44 14.42 14.45 14.45 14.44 14.45 14.45 14.46 14.48 14.47 14.45 14.43 14.45 14.44 14.44 14.43 14.41 14.45 14.46 14.46 14.47 14.46 14.46 14.47 14.46 14.45 14.46 14.46 14.46 14.47 14.47 14.48 14.47 14.47 14.46 14.46 14.46 14.49 14.50 14.49 14.47 14.47 14.47 14.47 14.46 14.47 14.47 14.48 14.52 14.54 14.54 14.55 14.54 14.54 14.55 14.55 14.55 14.55 14.43 14.50 14.48 14.52 14.50
14.48 14.47 14.46 14.38 14.43 14.44 14.43 14.36 14.41 14.40 14.41 14.42 14.41 14.39 14.40 14.31 14.37 14.41 14.44 14.44 14.44 14.43 14.40 14.44 14.43 14.42 14.42 14.43 14.45 14.46 14.44 14.42 14.43 14.43 14.44 14.45 14.46 14.44 14.44 14.44 14.43 14.43 14.43 14.43 14.44 14.45 14.46 14.46 14.44 14.44 14.43 14.44 14.45 14.47 14.45 14.44 14.44 14.44 14.44 14.45 14.45 14.46 14.50 14.52 14.52 14.51 14.52 14.51 14.51 14.46 14.51 14.51 14.53 14.50 14.48 14.43 14.49
14.46 14.46 14.45 14.44 14.45 14.36 14.43 14.39 14.34 14.37 14.39 14.38 14.37 14.36 14.34 14.28 14.41 14.42 14.37 14.38 14.42 14.40 14.42 14.41 14.39 14.39 14.41 14.41 14.42 14.42 14.42 14.41 14.38 14.40 14.41 14.40 14.42 14.41 14.42 14.43 14.42 14.42 14.41 14.41 14.42 14.44 14.45 14.46 14.47 14.45 14.47 14.46 14.46 14.45 14.45 14.43 14.43 14.42 14.42 14.41 14.42 14.48 14.48 14.49 14.49 14.49 14.50 14.50 14.48 14.47 14.50 14.50 14.50 14.52 14.51 14.51 14.49
14.44 14.44 14.43 14.43 14.44 14.43 14.41 14.42 14.40 14.40 14.37 14.32 14.25 14.24 14.31 14.23 14.33 14.35 14.36 14.40 14.37 14.38 14.39 14.41 14.40 14.36 14.37 14.38 14.38 14.39 14.40 14.40 14.40 14.40 14.41 14.41 14.42 14.40 14.40 14.42 14.41 14.41 14.40 14.41 14.43 14.44 14.44 14.42 14.42 14.41 14.42 14.42 14.41 14.41 14.40 14.40 14.40 14.40 14.40 14.40 14.46 14.46 14.45 14.46 14.46 14.47 14.50 14.46 14.48 14.46 14.47 14.49 14.46 14.46 14.49 14.48 14.45
14.43 14.43 14.42 14.41 14.41 14.42 14.40 14.39 14.38 14.38 14.39 14.32 14.31 14.33 14.31 14.26 14.34 14.32 14.37 14.39 14.38 14.39 14.38 14.38 14.40 14.38 14.38 14.39 14.39 14.40 14.39 14.39 14.39 14.39 14.41 14.40 14.39 14.38 14.38 14.39 14.39 14.39 14.38 14.40 14.41 14.41 14.41 14.41 14.39 14.39 14.40 14.41 14.39 14.39 14.38 14.39 14.39 14.38 14.37 14.40 14.44 14.43 14.45 14.45 14.45 14.45 14.45 14.43 14.44 14.45 14.45 14.45 14.44 14.47 14.46 14.46 14.47
14.39 14.39 14.39 14.39 14.39 14.40 14.38 14.34 14.36 14.39 14.37 14.36 14.34 14.36 14.32 14.24 14.32 14.32 14.28 14.36 14.36 14.36 14.37 14.37 14.37 14.36 14.35 14.35 14.35 14.36 14.36 14.37 14.36 14.36 14.35 14.35 14.35 14.35 14.36 14.38 14.40 14.38 14.37 14.38 14.38 14.36 14.38 14.38 14.37 14.37 14.36 14.36 14.36 14.37 14.37 14.37 14.36 14.36 14.35 14.39 14.39 14.40 14.41 14.42 14.41 14.41 14.41 14.40 14.42 14.42 14.38 14.38 14.42 14.43 14.42 14.42 14.40
14.37 14.37 14.37 14.37 14.38 14.38 14.38 14.37 14.36 14.36 14.37 14.36 14.35 14.33 14.32 14.29 14.33 14.34 14.34 14.34 14.34 14.35 14.35 14.35 14.35 14.34 14.34 14.33 14.33 14.34 14.33 14.33 14.33 14.35 14.33 14.32 14.33 14.35 14.36 14.36 14.38 14.37 14.36 14.36 14.36 14.35 14.35 14.34 14.33 14.33 14.33 14.33 14.34 14.35 14.35 14.34 14.34 14.34 14.34 14.36 14.36 14.37 14.39 14.38 14.39 14.39 14.39 14.40 14.40 14.40 14.40 14.40 14.41 14.40 14.42 14.41 14.42
14.35 14.35 14.35 14.35 14.36 14.36 14.36 14.35 14.34 14.35 14.34 14.33 14.34 14.33 14.32 14.31 14.32 14.31 14.30 14.31 14.32 14.30 14.32 14.31 14.32 14.33 14.33 14.33 14.32 14.32 14.31 14.33 14.32 14.32 14.31 14.31 14.35 14.36 14.35 14.34 14.33 14.33 14.31 14.32 14.32 14.32 14.32 14.31 14.31 14.32 14.32 14.32 14.32 14.31 14.32 14.32 14.32 14.32 14.30 14.32 14.34 14.34 14.34 14.34 14.37 14.36 14.36 14.37 14.39 14.39 14.38 14.40 14.40 14.39 14.39 14.40 14.39
14.32 14.33 14.32 14.32 14.32 14.32 14.33 14.34 14.32 14.33 14.32 14.33 14.34 14.33 14.28 14.30 14.30 14.31 14.30 14.30 14.30 14.30 14.31 14.29 14.30 14.26 14.28 14.27 14.30 14.30 14.30 14.31 14.29 14.29 14.29 14.29 14.29 14.29 14.30 14.30 14.30 14.30 14.30 14.30 14.29 14.29 14.30 14.30 14.30 14.30 14.31 14.30 14.29 14.29 14.30 14.30 14.30 14.31 14.31 14.32 14.32 14.29 14.30 14.33 14.32 14.33 14.33 14.32 14.35 14.35 14.36 14.37 14.36 14.35 14.36 14.36 14.36
14.30 14.30 14.30 14.30 14.30 14.30 14.31 14.31 14.32 14.30 14.30 14.30 14.29 14.29 14.29 14.27 14.27 14.27 14.27 14.27 14.28 14.28 14.28 14.26 14.24 14.25 14.28 14.27 14.27 14.28 14.28 14.28 14.28 14.28 14.28 14.28 14.26 14.26 14.27 14.28 14.29 14.28 14.27 14.27 14.28 14.29 14.29 14.29 14.29 14.28 14.28 14.28 14.27 14.27 14.27 14.27 14.28 14.28 14.28 14.29 14.25 14.29 14.29 14.30 14.30 14.31 14.31 14.29 14.31 14.32 14.32 14.31 14.31 14.30 14.31 14.31 14.31
14.27 14.27 14.27 14.27 14.27 14.28 14.27 14.27 14.28 14.28 14.26 14.27 14.25 14.27 14.27 14.24 14.26 14.25 14.25 14.25 14.26 14.25 14.24 14.25 14.25 14.26 14.26 14.27 14.26 14.27 14.27 14.27 14.27 14.26 14.27 14.25 14.23 14.26 14.25 14.25 14.24 14.25 14.27 14.29 14.26 14.25 14.26 14.26 14.25 14.26 14.26 14.27 14.26 14.26 14.26 14.25 14.27 14.26 14.26 14.24 14.21 14.27 14.27 14.27 14.26 14.27 14.27 14.27 14.27 14.27 14.27 14.28 14.27 14.27 14.27 14.28 14.28
14.24 14.24 14.24 14.25 14.24 14.25 14.25 14.26 14.26 14.27 14.24 14.24 14.23 14.24 14.24 14.22 14.22 14.23 14.21 14.23 14.24 14.24 14.24 14.24 14.25 14.26 14.25 14.22 14.24 14.25 14.25 14.25 14.27 14.26 14.25 14.24 14.25 14.24 14.23 14.24 14.24 14.25 14.25 14.26 14.26 14.24 14.25 14.25 14.24 14.25 14.24 14.25 14.24 14.24 14.24 14.26 14.25 14.25 14.25 14.25 14.25 14.19 14.25 14.26 14.25 14.24 14.24 14.23 14.23 14.24 14.24 14.24 14.25 14.25 14.24 14.25 14.25
14.21 14.21 14.21 14.22 14.22 14.22 14.22 14.22 14.23 14.23 14.23 14.21 14.21 14.20 14.21 14.21 14.19 14.19 14.17 14.18 14.19 14.20 14.22 14.22 14.23 14.22 14.22 14.19 14.20 14.22 14.22 14.23 14.23 14.23 14.23 14.23 14.23 14.21 14.22 14.24 14.24 14.23 14.22 14.22 14.24 14.25 14.24 14.24 14.24 14.24 14.23 14.23 14.22 14.21 14.24 14.24 14.23 14.23 14.23 14.23 14.22 14.21 14.22 14.22 14.22 14.21 14.22 14.21 14.21 14.21 14.22 14.23 14.23 14.23 14.23 14.24 14.23
14.20 14.20 14.20 14.19 14.18 14.19 14.19 14.18 14.18 14.19 14.20 14.20 14.18 14.18 14.18 14.18 14.17 14.18 14.12 14.15 14.17 14.19 14.20 14.19 14.19 14.18 14.18 14.18 14.18 14.18 14.19 14.18 14.19 14.22 14.21 14.21 14.20 14.21 14.20 14.20 14.19 14.14 14.17 14.19 14.22 14.23 14.21 14.20 14.20 14.21 14.21 14.22 14.22 14.23 14.25 14.24 14.24 14.24 14.25 14.23 14.21 14.20 14.20 14.20 14.20 14.20 14.19 14.20 14.18 14.20 14.21 14.22 14.22 14.21 14.22 14.22 14.23
14.16 14.17 14.17 14.17 14.16 14.18 14.16 14.16 14.16 14.17 14.18 14.17 14.15 14.16 14.16 14.16 14.16 14.16 14.12 14.17 14.16 14.16 14.17 14.17 14.17 14.16 14.17 14.17 14.17 14.14 14.15 14.13 14.15 14.16 14.16 14.17 14.17 14.15 14.13 14.14 14.16 14.18 14.18 14.16 14.18 14.20 14.20 14.20 14.18 14.19 14.19 14.21 14.20 14.23 14.22 14.22 14.24 14.23 14.23 14.22 14.23 14.20 14.18 14.18 14.18 14.18 14.18 14.17 14.17 14.18 14.18 14.19 14.19 14.19 14.20 14.21 14.21
