main/data/irradiance/12.10.2023.grid
ncols 839
nrows 679
xllcenter 112.0500
yllcenter -43.9500
cellsize 0.0500
nodata_value 99999.90
[rows 238 to 271 of 679, columns 154 to 230 of 839]
26.96 27.00 27.01 27.02 27.02 27.02 27.00 27.03 26.99 27.00 27.05 27.04 27.01 26.99 26.94 26.90 26.89 26.94 26.88 26.96 26.99 27.00 27.01 26.99 26.97 26.97 26.98 27.05 27.01 27.03 27.01 26.96 27.02 27.04 27.02 27.01 26.97 26.97 26.97 26.96 26.95 26.97 26.91 26.91 26.94 26.88 26.88 26.89 26.81 26.86 26.87 26.88 26.91 26.90 26.89 26.85 26.81 26.82 26.87 26.86 26.81 26.82 26.77 26.31 26.32 26.85 26.90 26.85 26.86 26.88 26.96 26.90 26.92 26.96 26.96 26.96 26.96
26.90 26.97 26.99 27.00 27.00 26.98 26.99 27.00 26.99 27.00 26.99 26.97 26.97 27.02 26.98 26.97 26.96 26.91 26.88 26.94 26.97 26.98 26.97 26.97 26.99 26.95 26.99 27.02 27.03 27.01 27.02 27.02 26.97 27.03 27.02 27.00 26.98 27.03 27.02 27.01 26.99 26.95 26.98 26.92 26.88 26.92 26.91 26.90 26.82 26.88 26.88 26.87 26.86 26.86 26.85 26.86 26.81 26.82 26.89 26.86 26.84 26.65 25.08 24.63 25.29 26.60 26.69 26.83 26.89 26.91 26.96 26.97 26.95 26.97 26.91 26.92 26.94
26.92 26.95 26.96 26.95 26.99 26.98 27.02 27.00 26.96 26.94 26.96 26.87 26.86 26.99 26.95 26.97 26.97 26.93 26.91 26.93 26.96 26.97 26.97 27.00 26.93 26.91 26.94 27.01 26.93 27.00 26.96 27.01 26.99 27.03 26.97 27.02 27.01 26.98 26.98 27.01 27.02 26.94 27.00 26.96 26.94 26.89 26.90 26.88 26.77 26.82 26.86 26.87 26.91 26.88 26.84 26.87 26.85 26.81 26.84 26.88 26.90 26.92 26.56 24.89 24.90 25.68 26.07 26.17 26.85 26.90 26.92 26.93 26.94 26.94 26.96 26.91 26.93
26.94 26.94 26.95 26.96 26.99 26.99 26.98 26.95 26.92 26.94 26.89 26.87 26.97 26.95 26.93 26.95 26.97 26.93 26.89 26.92 26.90 26.97 26.97 26.95 26.95 26.96 26.94 27.00 26.95 26.95 27.02 26.97 26.95 26.97 26.99 26.99 26.98 26.96 27.00 27.00 27.02 27.03 27.01 27.01 26.99 26.97 26.95 26.89 26.83 26.84 26.85 26.91 26.91 26.90 26.88 26.86 26.88 26.85 26.83 26.83 26.81 26.85 26.85 26.60 25.82 25.49 24.60 26.88 26.82 26.84 26.83 26.85 26.88 26.89 26.83 26.84 26.86
26.93 26.95 26.95 26.96 26.93 26.96 26.98 26.95 26.93 26.93 26.89 26.89 26.95 26.88 26.89 26.97 26.98 26.95 26.94 26.92 26.95 26.99 26.97 26.94 26.96 26.97 26.94 26.93 26.97 26.95 26.99 26.97 26.94 27.00 27.01 26.92 26.94 26.94 26.98 26.92 26.99 27.01 27.02 27.00 27.01 27.01 26.97 26.97 26.92 26.81 26.80 26.80 26.82 26.88 26.87 26.83 26.86 26.87 26.92 26.85 26.82 26.83 26.83 26.82 26.87 26.49 24.09 26.58 26.89 26.85 26.87 26.86 26.86 26.81 26.81 26.78 26.81
26.91 26.91 26.91 26.91 26.92 26.93 26.97 26.92 26.91 26.89 26.92 26.92 26.91 26.85 26.87 26.89 26.94 26.96 26.96 26.90 26.97 26.96 26.97 26.93 26.96 26.97 26.93 26.91 26.97 26.92 26.97 27.00 26.96 27.01 27.01 26.95 26.96 26.97 26.96 26.89 26.94 26.99 27.01 26.98 27.01 27.01 26.99 26.94 26.97 26.97 26.95 26.90 26.89 26.88 26.88 26.85 26.82 26.86 26.89 26.82 26.79 26.73 26.63 26.62 26.73 26.90 26.37 26.61 26.89 26.88 26.88 26.85 26.84 26.78 26.86 26.83 26.77
26.92 26.93 26.91 26.91 26.93 26.93 26.87 26.88 26.88 26.84 26.86 26.91 26.91 26.88 26.90 26.89 26.90 26.98 26.92 26.95 26.94 26.95 26.94 26.92 26.92 26.93 26.94 26.90 26.93 26.93 26.98 27.00 26.93 27.00 26.98 26.96 26.93 26.91 26.92 26.85 26.96 26.92 27.00 27.04 26.99 27.02 26.95 26.89 26.93 26.92 26.98 26.86 26.89 26.89 26.90 26.84 26.81 26.85 26.84 26.84 26.81 26.60 26.60 26.44 26.67 26.83 26.61 26.55 26.92 26.90 26.88 26.87 26.82 26.82 26.82 26.81 26.78
26.92 26.92 26.90 26.91 26.90 26.89 26.77 26.80 26.87 26.86 26.85 26.88 26.86 26.89 26.89 26.89 26.88 26.92 26.87 26.94 26.88 26.92 26.92 26.96 26.92 26.91 26.88 26.95 26.88 26.95 26.98 27.00 26.96 26.99 26.96 26.96 26.96 26.94 26.89 26.83 26.89 26.93 26.96 27.00 26.99 27.03 26.96 26.93 26.97 26.95 26.95 26.92 26.80 26.89 26.91 26.86 26.82 26.81 26.82 26.84 26.82 26.69 26.83 26.35 26.49 26.85 26.88 26.81 26.90 26.91 26.90 26.87 26.86 26.85 26.80 26.79 26.81
26.80 26.88 26.90 26.89 26.92 26.89 26.83 26.79 26.79 26.87 26.91 26.81 26.94 26.92 26.88 26.86 26.85 26.85 26.89 26.89 26.84 26.90 26.90 26.90 26.92 26.91 26.90 26.93 26.84 26.91 26.93 26.90 26.98 27.02 26.99 26.96 26.93 26.95 26.90 26.82 26.88 26.93 26.94 26.98 27.00 27.00 27.00 26.99 26.97 26.97 26.92 26.96 26.92 26.85 26.85 26.84 26.82 26.82 26.80 26.83 26.76 26.90 26.92 26.90 26.90 26.89 26.93 26.56 26.64 26.92 26.91 26.92 26.89 26.85 26.83 26.84 26.80
26.78 26.79 26.75 26.82 26.88 26.90 26.91 26.85 26.79 26.84 26.82 26.94 26.87 26.87 26.88 26.86 26.88 26.87 26.88 26.91 26.87 26.88 26.87 26.90 26.88 26.90 26.92 26.89 26.85 26.86 26.92 26.88 26.97 27.00 26.99 27.01 26.99 26.95 26.91 26.89 26.89 26.93 26.93 26.94 27.02 27.02 26.97 26.97 26.95 26.96 26.89 26.89 26.86 26.87 26.81 26.80 26.77 26.77 26.79 26.77 26.88 26.94 26.95 26.91 26.92 26.93 26.92 26.84 26.73 26.84 26.87 26.85 26.85 26.85 26.88 26.76 26.75
26.77 26.83 26.82 26.71 26.84 26.89 26.89 26.84 26.81 26.80 26.80 26.84 26.94 26.84 26.87 26.87 26.88 26.90 26.90 26.89 26.87 26.82 26.81 26.86 26.87 26.91 26.91 26.86 26.89 26.88 26.90 26.89 26.96 26.98 26.97 26.99 26.98 26.99 26.99 26.96 26.88 26.89 26.91 26.96 26.99 26.99 26.97 26.97 26.92 26.97 26.95 26.88 26.87 26.87 26.86 26.77 26.75 26.75 26.78 26.85 26.90 26.91 26.93 26.90 26.90 26.89 26.92 26.95 26.86 25.83 26.87 26.86 26.88 26.91 26.90 26.87 26.76
26.71 26.83 26.82 26.78 26.78 26.84 26.89 26.80 26.83 26.89 26.88 26.91 26.84 26.80 26.87 26.85 26.89 26.92 26.88 26.85 26.85 26.89 26.83 26.85 26.87 26.93 26.88 26.85 26.81 26.86 26.89 26.90 26.91 26.92 26.91 26.96 26.99 26.99 26.92 26.90 26.92 26.89 26.88 26.97 27.03 26.98 26.95 26.96 26.91 26.88 26.96 26.95 26.94 26.88 26.85 26.80 26.77 26.82 26.84 26.85 26.88 26.90 26.90 26.88 26.86 26.88 26.93 26.89 26.93 26.34 26.80 26.89 26.89 26.88 26.90 26.86 26.85
26.81 26.81 26.77 26.76 26.80 26.81 26.84 26.83 26.85 26.90 26.95 26.84 26.82 26.80 26.85 26.83 26.92 26.89 26.88 26.83 26.87 26.86 26.84 26.79 26.86 26.92 26.83 26.82 26.81 26.89 26.91 26.89 26.87 26.91 26.91 26.86 26.91 26.94 26.94 26.86 26.88 26.75 26.78 26.89 26.95 26.98 26.95 26.95 26.97 26.91 26.92 26.96 26.97 26.86 26.90 26.91 26.85 26.82 26.81 26.86 26.90 26.87 26.89 26.88 26.90 26.88 26.93 26.91 26.90 26.92 26.63 26.88 26.89 26.88 26.88 26.85 26.85
26.90 26.83 26.82 26.85 26.76 26.80 26.78 26.81 26.86 26.86 26.91 26.86 26.83 26.85 26.84 26.90 26.81 26.85 26.86 26.85 26.87 26.87 26.90 26.88 26.85 26.86 26.84 26.84 26.82 26.93 26.90 26.94 26.94 26.94 26.89 26.91 26.92 26.90 26.90 26.83 26.85 26.72 26.82 26.83 26.78 26.77 26.77 26.96 26.96 26.99 26.97 26.93 26.91 26.85 26.89 26.87 26.84 26.79 26.73 26.80 26.83 26.88 26.87 26.88 26.88 26.88 26.92 26.91 26.91 26.90 26.84 26.84 26.86 26.88 26.86 26.87 26.86
26.85 26.88 26.85 26.81 26.83 26.82 26.90 26.79 26.78 26.80 26.79 26.77 26.77 26.77 26.77 26.83 26.86 26.92 26.90 26.79 26.85 26.91 26.91 26.88 26.79 26.78 26.80 26.81 26.89 26.88 26.88 26.91 26.90 26.92 26.91 26.88 26.92 26.90 26.93 26.85 26.84 26.76 26.82 26.84 26.81 26.84 26.81 26.74 26.89 26.95 26.98 26.98 26.94 26.93 26.93 26.93 26.85 26.82 26.79 26.83 26.84 26.87 26.87 26.85 26.87 26.87 26.90 26.89 26.89 26.85 26.89 26.59 26.79 26.86 26.86 26.83 26.80
26.84 26.86 26.82 26.83 26.85 26.79 26.85 26.85 26.84 26.83 26.79 26.82 26.79 26.80 26.81 26.80 26.84 26.91 26.92 26.84 26.84 26.85 26.88 26.89 26.86 26.83 26.80 26.84 26.88 26.87 26.89 26.90 26.94 26.90 26.93 26.86 26.91 26.91 26.95 26.93 26.89 26.82 26.33 26.86 26.83 26.86 26.85 26.86 26.80 26.78 26.92 26.95 26.90 26.92 26.95 26.94 26.92 26.94 26.88 26.88 26.88 26.88 26.86 26.86 26.84 26.86 26.90 26.90 26.87 26.87 26.86 26.87 26.82 26.83 26.14 25.02 26.61
26.78 26.79 26.80 26.84 26.84 26.86 26.83 26.73 26.53 26.79 26.86 26.82 26.82 26.83 26.86 26.81 26.84 26.89 26.87 26.90 26.84 26.84 26.89 26.86 26.86 26.84 26.85 26.85 26.86 26.85 26.94 26.91 26.93 26.90 26.89 26.89 26.88 26.91 26.91 26.90 26.89 26.88 26.91 26.90 26.84 26.83 26.85 26.88 26.85 26.89 26.91 27.00 26.87 26.90 26.90 26.93 26.88 26.86 26.89 26.90 26.86 26.86 26.86 26.84 26.84 26.83 26.84 26.87 26.86 26.89 26.82 26.85 26.84 26.85 26.84 26.55 26.30
26.80 26.83 26.78 26.83 26.77 26.81 26.79 26.78 26.51 26.36 26.77 26.83 26.82 26.84 26.81 26.78 26.84 26.84 26.86 26.87 26.82 26.78 26.82 26.79 26.83 26.82 26.83 26.82 26.82 26.84 26.95 26.91 26.85 26.89 26.89 26.90 26.89 26.83 26.91 26.92 26.93 26.93 26.88 26.90 26.89 26.91 26.84 26.83 26.88 26.99 26.97 26.94 26.82 26.83 26.85 26.85 26.86 26.88 26.90 26.90 26.89 26.86 26.86 26.87 26.87 26.83 26.86 26.81 26.80 26.88 26.85 26.83 26.85 26.84 26.83 26.85 26.85
26.77 26.78 26.80 26.84 26.80 26.84 26.78 26.76 26.75 26.40 26.50 26.64 26.77 26.86 26.82 26.81 26.80 26.83 26.85 26.78 26.77 26.78 26.77 26.81 26.82 26.83 26.82 26.78 26.80 26.81 26.87 26.87 26.84 26.87 26.89 26.86 26.86 26.86 26.84 26.89 26.89 26.87 26.88 26.84 26.84 26.85 26.88 26.83 26.84 26.91 26.93 26.96 26.95 26.88 26.86 26.86 26.83 26.85 26.86 26.91 26.92 26.88 26.86 26.86 26.86 26.83 26.88 26.79 26.83 26.81 26.79 26.79 26.80 26.82 26.84 26.88 26.87
26.80 26.78 26.80 26.84 26.81 26.82 26.82 26.80 26.75 26.18 26.57 26.70 26.73 26.86 26.87 26.82 26.78 26.80 26.81 26.84 26.76 26.80 26.75 26.81 26.87 26.83 26.79 26.79 26.83 26.82 26.81 26.80 26.84 26.84 26.84 26.87 26.83 26.81 26.81 26.82 26.89 26.86 26.85 26.80 26.82 26.79 26.79 26.82 26.81 26.84 26.88 26.90 26.78 26.84 26.85 26.88 26.85 26.88 26.86 26.88 26.88 26.86 26.89 26.90 26.86 26.87 26.83 26.78 26.78 26.81 26.78 26.74 26.76 26.81 26.79 26.83 26.84
26.80 26.80 26.81 26.85 26.79 26.80 26.82 26.83 26.83 26.59 26.66 26.74 26.73 26.80 26.80 26.80 26.77 26.82 26.78 26.82 26.75 26.74 26.77 26.84 26.84 26.81 26.83 26.77 26.78 26.86 26.83 26.80 26.85 26.81 26.83 26.76 26.83 26.84 26.82 26.77 26.76 26.79 26.81 26.80 26.81 26.78 26.74 26.72 26.76 26.80 26.84 26.85 26.78 26.82 26.86 26.87 26.82 26.88 26.86 26.87 26.84 26.84 26.87 26.87 26.92 26.87 26.87 26.87 26.84 26.84 26.79 26.77 26.78 26.76 26.78 26.77 26.78
26.82 26.82 26.83 26.83 26.80 26.83 26.81 26.82 26.88 26.80 26.75 26.71 26.71 26.70 26.73 26.72 26.71 26.80 26.81 26.82 26.77 26.68 26.81 26.85 26.86 26.86 26.80 26.81 26.77 26.80 26.80 26.84 26.82 26.82 26.81 26.79 26.80 26.83 26.83 26.78 26.78 26.80 26.79 26.78 26.73 26.75 26.77 26.77 26.75 26.73 26.76 26.82 26.79 26.75 26.80 26.80 26.82 26.90 26.85 26.84 26.83 26.83 26.82 26.88 26.93 26.91 26.85 26.89 26.88 26.84 26.80 26.75 26.81 26.79 26.79 26.77 26.76
26.81 26.84 26.82 26.85 26.82 26.83 26.83 26.82 26.84 26.76 26.82 26.75 26.75 26.72 26.68 26.72 26.77 26.69 26.80 26.73 26.80 26.80 26.76 26.80 26.85 26.82 26.81 26.81 26.77 26.78 26.83 26.83 26.79 26.81 26.83 26.81 26.80 26.86 26.84 26.77 26.78 26.77 26.78 26.79 26.77 26.68 26.74 26.72 26.78 26.77 26.64 26.76 26.79 26.75 26.74 26.78 26.77 26.83 26.80 26.83 26.82 26.78 26.77 26.79 26.85 26.86 26.89 26.88 26.88 26.89 26.79 26.67 26.77 26.82 26.74 26.78 26.79
26.81 26.82 26.82 26.83 26.80 26.81 26.81 26.83 26.83 26.81 26.82 26.80 26.71 26.69 26.67 26.63 26.72 26.67 26.75 26.78 26.78 26.76 26.73 26.77 26.79 26.82 26.82 26.84 26.83 26.85 26.83 26.82 26.83 26.81 26.83 26.84 26.86 26.85 26.79 26.81 26.78 26.79 26.77 26.74 26.75 26.74 26.71 26.75 26.73 26.77 26.71 26.76 26.80 26.82 26.75 26.76 26.80 26.70 26.72 26.73 26.75 26.75 26.78 26.73 26.80 26.75 26.83 26.87 26.82 26.86 26.88 26.79 26.81 26.84 26.76 26.79 26.81
26.80 26.82 26.80 26.81 26.78 26.79 26.79 26.79 26.81 26.80 26.71 26.68 26.73 26.71 26.66 26.70 26.72 26.74 26.73 26.71 26.77 26.75 26.69 26.72 26.76 26.76 26.73 26.80 26.76 26.75 26.75 26.78 26.78 26.79 26.81 26.78 26.79 26.78 26.78 26.76 26.75 26.76 26.75 26.79 26.76 26.75 26.74 26.75 26.71 26.72 26.72 26.75 26.78 26.75 26.74 26.72 26.73 26.76 26.76 26.77 26.79 26.80 26.79 26.77 26.80 26.80 26.82 26.83 26.79 26.36 26.74 26.82 26.81 26.80 26.81 26.78 26.81
26.79 26.76 26.76 26.76 26.74 26.73 26.75 26.76 26.73 26.76 26.72 26.68 26.69 26.66 26.63 26.63 26.74 26.72 26.73 26.68 26.70 26.72 26.77 26.71 26.76 26.72 26.70 26.70 26.74 26.74 26.74 26.74 26.75 26.75 26.80 26.77 26.74 26.76 26.78 26.76 26.75 26.74 26.74 26.75 26.77 26.73 26.73 26.74 26.75 26.75 26.69 26.75 26.74 26.77 26.73 26.73 26.74 26.78 26.79 26.78 26.71 26.79 26.81 26.77 26.73 26.74 26.49 26.62 26.32 26.43 26.84 26.89 26.87 26.81 26.82 26.83 26.79
26.81 26.80 26.75 26.73 26.72 26.72 26.74 26.73 26.73 26.73 26.72 26.75 26.65 26.57 26.60 26.55 26.67 26.75 26.72 26.73 26.67 26.75 26.77 26.77 26.74 26.72 26.72 26.69 26.71 26.72 26.72 26.70 26.75 26.76 26.76 26.70 26.77 26.77 26.76 26.74 26.77 26.71 26.73 26.74 26.75 26.77 26.78 26.78 26.75 26.76 26.59 26.71 26.71 26.73 26.73 26.75 26.72 26.76 26.72 26.64 26.09 26.69 26.44 25.95 26.49 26.19 25.83 26.43 26.41 26.78 26.82 26.82 26.84 26.84 26.81 26.75 26.72
26.75 26.76 26.74 26.76 26.77 26.74 26.71 26.67 26.72 26.72 26.73 26.76 26.69 26.58 26.51 26.59 26.64 26.68 26.68 26.70 26.70 26.71 26.72 26.73 26.73 26.71 26.70 26.70 26.72 26.76 26.74 26.74 26.77 26.74 26.76 26.73 26.74 26.75 26.72 26.74 26.74 26.73 26.75 26.71 26.74 26.76 26.76 26.76 26.77 26.70 26.63 26.76 26.73 26.72 26.72 26.74 26.74 26.73 26.76 26.80 23.44 24.50 24.33 24.81 26.15 26.52 26.69 26.42 26.19 26.73 26.81 26.78 26.82 26.81 26.79 26.52 23.87
26.71 26.64 26.57 26.67 26.69 26.72 26.71 26.70 26.73 26.70 26.67 26.74 26.79 26.65 26.51 26.64 26.65 26.65 26.67 26.69 26.74 26.72 26.68 26.72 26.71 26.71 26.69 26.68 26.71 26.76 26.73 26.73 26.77 26.76 26.73 26.75 26.74 26.77 26.72 26.74 26.74 26.76 26.72 26.74 26.73 26.74 26.78 26.77 26.72 26.73 26.76 26.78 26.74 26.73 26.75 26.75 26.70 26.73 26.63 26.58 25.17 23.97 25.09 25.59 26.22 26.78 26.82 26.39 25.60 26.23 26.78 26.80 26.80 26.80 26.78 26.80 26.69
26.77 26.71 26.70 26.69 26.71 26.65 26.70 26.70 26.71 26.72 26.67 26.69 26.58 26.70 26.65 26.59 26.67 26.65 26.64 26.69 26.70 26.74 26.64 26.69 26.67 26.69 26.69 26.68 26.64 26.64 26.70 26.73 26.75 26.73 26.75 26.72 26.72 26.74 26.75 26.74 26.74 26.76 26.77 26.74 26.74 26.76 26.75 26.73 26.77 26.78 26.75 26.74 26.75 26.76 26.74 26.74 26.72 26.67 26.44 25.12 24.19 24.06 24.71 25.46 26.13 26.82 26.81 26.85 26.73 26.61 26.79 26.82 26.84 26.84 26.81 26.81 26.83
26.68 26.70 26.75 26.74 26.76 26.75 26.74 26.77 26.67 26.72 26.73 26.72 26.70 26.73 26.71 26.66 26.64 26.60 26.56 26.62 26.70 26.67 26.70 26.68 26.66 26.68 26.69 26.66 26.66 26.68 26.63 26.68 26.70 26.69 26.70 26.69 26.69 26.72 26.72 26.69 26.74 26.72 26.75 26.75 26.78 26.78 26.73 26.69 26.72 26.76 26.79 26.76 26.77 26.74 26.75 26.74 26.72 26.42 24.07 24.69 24.46 24.58 23.33 24.74 25.92 26.77 26.59 25.72 26.67 26.77 26.78 26.79 26.84 26.83 26.76 26.78 26.81
26.59 26.67 26.70 26.71 26.77 26.66 26.79 26.77 26.82 26.69 26.73 26.68 26.70 26.74 26.72 26.71 26.68 26.59 26.62 26.62 26.66 26.67 26.66 26.69 26.67 26.63 26.72 26.67 26.66 26.63 26.60 26.56 26.66 26.65 26.66 26.62 26.69 26.71 26.70 26.68 26.70 26.67 26.70 26.75 26.74 26.75 26.74 26.75 26.80 26.77 26.76 26.75 26.79 26.78 26.75 26.72 26.74 26.39 23.47 24.48 24.32 25.04 23.89 24.68 26.15 26.75 26.79 26.79 26.76 26.75 26.78 26.78 26.80 26.81 26.79 26.76 26.80
26.60 26.66 26.60 26.79 26.72 26.73 26.74 26.75 26.74 26.73 26.74 26.73 26.66 26.70 26.73 26.74 26.68 26.68 26.62 26.60 26.67 26.68 26.71 26.71 26.70 26.69 26.71 26.68 26.63 26.59 26.57 26.64 26.64 26.64 26.64 26.65 26.64 26.68 26.68 26.69 26.67 26.71 26.73 26.74 26.73 26.77 26.75 26.75 26.81 26.75 26.76 26.72 26.76 26.76 26.78 26.75 26.73 26.55 26.33 25.14 24.92 24.46 24.73 24.18 26.25 26.71 26.75 26.73 26.74 26.76 26.73 26.74 26.74 26.74 26.75 26.75 26.78
26.58 26.67 26.50 26.72 26.76 26.72 26.74 26.70 26.74 26.67 26.74 26.74 26.75 26.74 26.67 26.70 26.69 26.56 26.59 26.57 26.60 26.60 26.64 26.69 26.73 26.72 26.60 26.61 26.69 26.66 26.56 26.61 26.55 26.62 26.63 26.71 26.63 26.63 26.66 26.66 26.68 26.70 26.67 26.67 26.71 26.74 26.72 26.74 26.75 26.78 26.65 26.74 26.74 26.79 26.78 26.76 26.73 26.75 26.75 26.42 25.62 24.72 23.47 24.78 25.99 26.74 26.74 26.78 26.75 26.76 26.76 26.75 26.74 26.74 26.78 26.79 26.80
