main/data/irradiance/12.10.2023.grid
ncols 839
nrows 679
xllcenter 112.0500
yllcenter -43.9500
cellsize 0.0500
nodata_value 99999.90
[rows 408 to 441 of 679, columns 693 to 769 of 839]
25.05 24.69 25.08 24.99 25.02 24.91 24.84 24.86 24.57 24.43 24.16 24.06 24.32 24.40 24.39 24.93 24.50 24.62 25.03 24.39 24.70 24.54 24.78 24.66 24.82 24.73 24.30 24.58 24.67 24.60 24.91 24.73 24.99 24.83 25.12 25.13 24.74 25.16 24.55 24.83 24.73 25.03 25.04 24.70 25.04 25.12 24.86 24.76 24.60 25.14 24.75 24.71 25.03 25.22 25.19 25.06 25.06 25.01 24.99 23.93 24.96 25.21 25.23 25.25 25.03 24.45 24.13 25.00 24.30 25.06 25.00 25.27 25.25 24.97 24.87 24.77 25.01
25.09 24.68 24.91 24.91 25.06 25.03 24.98 24.92 24.69 24.45 24.42 24.38 24.21 24.13 24.62 24.70 24.61 25.01 24.43 24.41 24.75 24.77 24.47 24.65 24.61 24.29 24.47 24.39 24.74 24.94 25.01 24.90 24.57 24.34 24.99 25.23 24.74 25.01 24.57 24.56 24.68 24.53 25.15 24.34 24.96 24.98 24.81 24.86 25.15 25.24 24.91 24.61 24.91 24.94 25.01 24.66 24.70 25.20 24.92 24.66 25.11 25.25 25.17 25.26 25.03 24.75 24.92 24.31 24.39 24.48 24.76 25.10 25.07 24.95 25.08 24.79 24.84
24.54 25.09 25.05 24.65 24.99 24.81 24.78 24.85 24.71 24.56 24.57 24.51 24.19 24.18 24.36 24.23 24.74 25.02 24.94 24.61 24.57 24.73 24.29 24.70 24.54 24.18 24.48 24.80 24.68 24.46 24.86 24.74 24.69 25.09 25.12 25.13 24.93 24.94 24.87 24.44 24.25 24.64 24.85 24.86 25.03 24.90 24.93 24.94 24.93 24.61 25.14 25.08 24.97 25.16 25.08 25.08 25.10 25.08 24.95 25.20 25.07 25.13 25.16 25.32 25.25 25.12 25.01 24.79 25.07 24.92 24.84 24.65 25.06 25.04 24.50 24.60 24.78
24.73 24.85 24.76 25.05 25.00 24.79 24.86 24.85 24.73 24.32 24.36 24.57 24.38 23.96 24.00 24.22 24.80 24.91 24.90 24.81 24.21 24.27 24.39 24.48 24.42 24.38 23.92 23.82 24.09 23.53 23.44 24.80 25.02 24.96 24.57 25.17 25.24 24.75 25.07 24.66 24.94 24.62 24.09 24.97 24.98 24.85 25.06 25.02 24.96 24.73 24.79 25.00 24.63 24.89 24.91 25.06 24.89 24.88 25.17 25.20 24.78 25.09 25.24 25.32 25.29 25.23 24.84 24.95 25.13 25.29 25.17 25.12 24.94 24.95 25.01 24.44 24.79
25.03 24.54 24.75 24.85 24.98 24.84 24.67 24.48 24.75 24.55 24.06 24.47 24.30 23.81 23.88 24.00 24.21 25.05 24.72 24.75 24.64 24.60 23.79 24.18 23.99 23.92 23.85 24.01 23.16 23.81 23.68 23.98 24.08 24.09 23.91 24.73 24.94 25.03 24.79 24.24 24.96 24.98 24.37 24.82 25.09 25.02 24.96 24.81 24.25 24.83 24.72 24.82 24.51 24.96 24.91 25.04 25.08 24.95 25.06 25.04 25.01 25.14 25.26 25.19 25.26 25.27 25.28 25.05 25.12 25.24 24.83 24.34 25.05 24.90 25.06 24.98 24.72
25.07 24.80 24.62 24.78 24.58 24.23 23.83 24.84 24.61 24.43 24.25 24.41 24.29 24.39 23.91 24.17 24.29 25.04 24.84 24.67 24.09 24.61 24.66 24.55 23.76 23.62 24.00 24.88 24.74 24.61 23.52 22.57 24.70 24.02 24.18 24.24 24.60 24.94 25.00 24.92 24.63 25.08 24.88 25.05 25.05 24.05 24.80 25.04 24.60 25.09 24.83 24.72 24.65 24.57 24.89 25.17 25.15 25.08 25.00 25.07 25.15 25.21 25.20 25.11 25.25 25.30 25.03 25.05 25.24 25.12 24.79 25.09 24.92 24.78 24.91 25.12 24.65
25.01 25.03 24.88 24.70 24.69 24.46 24.25 24.77 24.65 24.77 24.51 24.26 24.40 24.27 23.91 24.11 24.27 24.79 24.84 24.66 24.25 24.34 24.54 24.51 24.00 23.63 23.40 23.61 24.47 23.75 23.44 23.72 24.42 24.32 24.11 24.01 24.40 24.72 24.89 25.05 24.90 25.10 24.69 25.11 25.13 24.88 24.40 25.03 24.98 24.80 25.03 24.89 24.98 24.99 24.96 24.96 25.01 24.77 25.13 25.17 25.15 24.89 25.17 25.19 25.19 25.17 24.70 24.03 25.06 25.09 25.18 24.96 24.96 25.01 24.96 25.06 24.96
24.86 24.81 24.94 24.69 24.63 24.08 24.50 24.40 24.33 24.36 24.56 24.21 24.29 24.22 24.10 23.89 24.01 23.72 23.03 24.34 24.39 24.24 23.86 23.97 24.38 24.21 23.82 23.77 24.15 24.16 23.15 23.47 24.71 24.70 24.00 24.71 24.86 24.43 24.78 25.24 24.58 24.98 25.07 25.07 24.68 24.90 24.76 23.98 24.42 25.02 25.07 25.01 24.44 24.95 24.78 24.90 24.98 24.90 24.99 25.07 25.21 25.10 24.70 25.03 25.15 25.00 24.72 24.47 24.90 24.93 25.14 24.90 24.84 25.08 24.96 25.12 25.08
25.06 24.92 24.84 24.76 24.55 24.18 24.57 24.13 24.39 24.22 24.06 23.98 24.11 24.19 24.13 24.32 24.47 24.42 23.55 24.45 24.57 23.63 23.97 24.22 24.58 24.65 23.96 24.35 24.29 24.03 23.63 22.99 23.76 24.19 23.92 24.41 24.83 24.59 24.89 24.98 24.94 24.50 24.89 24.74 24.81 24.59 24.71 25.07 24.49 24.33 24.74 24.98 24.56 24.51 24.90 24.98 24.88 24.77 24.92 25.11 25.22 25.22 24.83 24.83 24.85 25.14 25.08 24.31 24.75 24.86 24.95 24.49 24.22 24.36 24.93 24.63 25.07
25.00 24.85 24.71 24.68 24.20 24.55 24.49 24.45 24.45 24.11 23.99 24.06 23.72 24.37 24.34 24.23 23.97 24.55 23.92 24.26 24.44 24.40 24.18 24.33 24.29 24.60 24.71 24.58 24.32 22.79 23.72 23.72 24.39 24.40 24.84 23.80 24.24 24.26 24.12 24.41 25.09 24.26 24.76 24.70 24.91 25.04 24.72 24.51 24.73 24.82 24.58 24.39 24.68 24.57 25.02 24.80 24.64 24.94 24.96 24.83 25.09 24.83 25.13 24.85 25.01 25.07 24.72 24.67 24.11 25.02 24.79 24.66 24.66 24.94 25.09 24.81 25.03
24.55 24.53 24.49 24.54 24.60 24.49 24.74 24.03 24.20 23.98 24.32 24.06 24.08 23.84 24.10 23.94 24.07 24.12 23.94 23.98 24.24 24.47 24.51 24.44 24.09 24.36 24.64 24.65 24.79 24.84 24.01 23.07 24.60 24.43 24.21 24.71 24.04 24.71 24.52 24.33 24.31 25.07 24.43 24.40 24.56 24.17 24.43 24.61 24.40 24.27 24.76 24.78 24.59 24.90 25.01 24.95 24.79 24.63 24.95 24.98 24.95 25.17 24.99 24.80 24.32 24.97 25.16 24.90 24.37 24.58 24.99 24.89 24.83 24.47 24.70 24.91 24.81
24.54 24.39 24.16 24.10 24.21 24.45 24.37 24.34 24.41 24.28 23.74 23.83 23.87 24.02 23.65 23.75 24.23 24.86 24.67 24.33 23.94 24.01 23.85 24.25 24.47 24.52 24.40 24.60 24.09 24.78 24.45 22.87 23.91 23.77 24.02 24.53 24.06 24.48 24.65 23.84 24.22 24.84 24.88 24.81 23.79 24.59 24.73 24.77 24.04 24.79 24.81 24.65 24.32 24.45 24.79 25.09 25.10 24.84 24.74 24.80 24.72 24.81 24.76 24.25 24.44 25.06 24.02 24.81 24.97 24.59 25.26 25.19 25.06 24.77 24.64 24.88 24.28
24.55 24.62 24.38 24.30 24.16 24.10 23.73 24.17 24.03 24.27 24.02 24.13 23.55 23.96 23.58 23.96 24.23 24.86 24.40 24.15 23.64 24.42 23.84 24.06 24.23 24.15 23.71 24.05 24.32 24.19 23.87 23.84 23.94 23.56 24.10 24.01 24.61 24.49 24.78 24.76 24.55 24.28 23.19 23.59 24.56 24.84 24.69 24.80 24.82 24.85 24.81 24.64 24.68 24.68 24.58 24.78 24.90 24.55 25.06 24.71 24.32 24.80 24.63 24.87 24.76 24.88 24.52 24.58 24.94 24.99 25.09 25.00 25.08 25.16 24.79 24.84 24.59
24.25 24.64 24.51 24.09 24.07 24.06 23.88 23.45 23.99 24.09 23.87 24.26 24.14 23.81 23.36 23.40 23.88 24.22 24.72 23.93 23.56 24.34 23.90 23.51 23.86 24.36 24.14 23.39 24.06 24.54 24.30 24.08 24.35 23.53 23.51 23.97 24.49 24.89 24.71 23.48 24.24 23.94 24.31 24.09 24.48 24.46 24.58 24.57 24.97 24.83 24.93 24.77 24.41 24.52 24.23 24.29 24.74 24.72 24.62 24.96 24.82 24.38 24.88 24.99 25.07 24.54 24.34 24.79 25.01 25.19 25.03 24.85 24.95 25.19 25.27 24.82 24.14
24.06 24.77 24.38 24.02 24.31 24.00 24.12 23.98 23.72 23.82 24.14 23.89 24.07 23.51 23.49 23.48 23.77 23.86 24.33 23.92 23.22 24.08 24.08 23.97 23.99 24.34 23.50 22.70 23.80 23.93 24.42 23.94 24.49 24.27 24.26 23.93 24.20 24.72 24.62 24.56 24.36 24.15 24.19 24.21 24.54 24.52 24.79 25.00 25.02 24.61 24.60 24.73 24.74 24.24 25.05 24.83 24.80 24.46 24.79 24.93 24.95 24.61 24.82 25.14 25.14 25.11 24.90 24.44 24.31 25.18 25.15 25.04 24.74 25.14 25.15 24.62 24.56
23.93 24.38 24.59 24.35 24.34 24.03 23.87 24.16 23.89 23.79 23.84 23.67 23.83 23.79 23.70 23.58 23.08 23.26 24.21 23.41 23.70 23.65 23.59 23.80 23.94 23.43 23.88 24.01 24.01 24.08 24.39 24.46 23.88 24.38 24.32 24.68 24.69 23.91 23.63 24.40 24.03 24.83 24.29 23.59 24.48 24.84 24.45 24.19 24.87 24.92 24.45 24.75 24.99 24.85 24.42 24.44 24.71 25.01 24.89 24.95 24.91 24.77 25.03 24.67 25.11 25.11 24.14 24.27 24.73 25.22 24.97 24.69 24.82 24.38 25.13 25.23 25.22
24.20 24.20 24.76 24.40 24.26 24.08 23.98 23.58 23.85 24.29 23.87 23.72 23.27 23.76 23.46 23.54 23.48 23.29 23.51 23.67 23.48 23.87 23.85 24.10 23.83 23.66 23.81 23.89 24.19 23.79 23.51 23.94 24.20 24.53 24.55 24.51 24.41 24.32 23.54 23.31 23.35 24.14 23.71 23.22 23.93 23.94 24.35 24.84 25.01 24.30 24.77 24.97 24.97 24.84 24.93 24.62 24.27 24.68 24.77 24.92 25.02 24.85 24.85 25.14 24.71 24.64 25.15 25.03 25.08 25.13 24.88 25.20 25.12 24.63 24.16 24.97 25.24
24.34 24.33 24.56 24.63 24.08 24.43 23.86 23.53 23.47 23.72 24.19 23.96 23.27 23.74 23.03 23.52 23.58 23.44 23.59 23.44 23.39 23.96 23.61 23.64 23.65 23.22 23.63 24.07 24.03 23.78 23.09 23.38 23.86 23.66 24.53 23.83 24.05 23.39 24.61 23.59 23.34 22.89 23.73 23.90 24.85 24.58 24.45 24.64 24.62 24.78 25.05 24.85 24.95 25.14 24.93 25.02 24.69 24.62 24.47 24.44 24.62 24.69 24.84 24.78 24.97 24.70 24.90 24.84 24.19 24.85 24.66 24.88 24.87 24.99 24.92 25.21 25.20
24.01 24.00 24.47 24.70 24.45 23.96 24.02 23.76 23.22 23.53 24.15 24.46 24.34 23.98 22.83 23.13 22.88 23.16 23.25 24.01 23.83 23.96 23.17 23.08 22.76 23.23 23.04 24.07 23.53 23.74 23.28 23.93 24.56 23.24 23.74 24.18 24.05 23.26 24.16 23.73 23.52 23.31 23.15 24.07 23.56 24.39 24.41 24.51 24.49 24.69 24.88 25.02 24.72 24.98 24.94 24.70 24.78 24.58 24.71 24.49 24.39 24.73 24.65 24.57 24.98 24.49 24.85 24.53 24.92 24.12 24.90 25.10 25.26 25.21 25.06 25.19 25.24
23.48 23.40 23.81 24.66 24.38 24.10 24.13 23.75 23.52 23.30 23.74 23.97 24.17 24.31 23.37 22.57 23.05 23.61 23.23 24.17 23.28 23.36 23.06 23.70 23.45 23.27 23.64 23.33 22.82 23.42 22.51 22.94 24.10 23.97 24.30 23.23 23.75 23.84 23.45 23.05 23.67 23.36 23.68 23.70 24.55 24.42 24.68 24.34 25.06 25.04 24.92 25.03 24.80 24.98 25.08 24.84 24.33 24.71 24.96 24.54 24.50 24.70 24.88 24.68 24.60 24.62 24.77 24.96 24.95 24.65 24.34 25.21 24.94 25.18 24.63 25.14 25.00
23.70 23.35 23.10 23.62 24.28 23.70 23.81 23.96 23.66 23.66 23.67 23.62 23.41 23.78 23.50 23.39 22.71 22.83 23.66 24.25 22.97 23.18 23.22 23.42 23.50 23.18 23.04 23.43 23.53 22.69 22.39 22.63 23.16 23.33 24.32 23.33 24.03 23.36 23.00 23.45 23.43 23.82 23.25 22.96 24.15 24.69 24.88 24.73 24.40 24.64 25.03 24.96 25.02 24.67 24.80 25.06 24.81 24.47 24.30 24.61 24.37 24.88 24.98 24.31 24.02 24.28 24.58 24.80 24.48 24.83 25.09 25.01 24.89 25.00 25.01 25.12 25.34
23.51 23.47 23.62 22.82 23.20 23.73 24.00 23.90 23.66 23.43 23.73 23.42 23.53 23.54 23.16 23.32 23.06 22.61 22.59 24.13 23.25 22.87 23.12 22.64 23.33 23.57 23.33 22.38 23.20 22.66 22.47 22.32 22.96 23.84 23.68 24.38 23.79 23.03 22.63 23.05 22.81 22.24 23.27 23.11 23.88 24.35 24.63 24.66 24.55 24.30 24.37 25.06 24.93 24.88 24.72 24.91 24.53 24.48 24.79 24.75 24.70 24.18 24.54 24.66 24.49 24.37 24.49 24.62 24.76 24.86 25.05 24.88 25.09 24.99 25.02 25.28 25.33
23.37 23.09 23.68 23.59 23.18 23.00 23.97 23.58 23.87 23.32 23.16 23.04 23.19 23.88 23.03 23.28 22.78 23.13 23.21 23.17 23.36 23.49 22.76 22.50 22.39 23.02 23.60 22.91 23.91 23.21 22.56 22.52 23.42 23.26 23.48 23.87 24.15 23.36 23.21 22.86 23.17 23.17 24.30 23.48 24.22 24.39 24.45 24.64 24.78 24.79 24.67 24.78 24.49 25.04 25.05 24.59 24.82 24.93 24.71 24.49 24.86 24.62 24.43 23.71 24.42 24.24 23.92 24.57 24.85 24.58 24.67 25.19 25.11 25.10 25.15 25.10 25.00
23.58 23.31 22.96 23.65 23.07 22.90 23.25 23.77 23.59 22.93 23.06 22.59 23.05 23.41 22.73 22.65 23.12 23.42 23.46 22.84 22.62 22.58 22.98 22.31 22.96 22.53 22.70 22.87 22.64 22.00 23.17 23.02 22.61 22.82 23.14 23.42 23.92 23.63 23.69 23.48 23.08 23.97 24.58 24.91 24.50 24.61 24.45 24.23 24.60 24.61 24.47 24.58 24.43 24.55 24.78 24.74 24.87 24.79 24.81 24.67 24.42 24.56 24.48 24.71 24.39 24.37 24.17 24.13 24.85 24.59 24.65 25.06 24.89 25.13 24.90 25.08 25.08
23.84 23.43 23.16 23.14 22.63 23.24 23.02 22.75 23.09 22.60 22.66 22.48 23.20 23.05 23.11 23.01 22.69 23.26 23.02 23.48 22.17 22.23 22.15 23.11 22.87 22.92 23.05 21.61 23.25 22.06 23.32 23.48 23.16 23.14 24.03 23.85 23.46 23.26 23.56 23.31 23.07 24.38 24.33 24.79 24.56 24.39 24.92 24.49 24.49 24.07 24.48 24.67 24.49 24.81 24.82 24.50 24.26 24.36 24.77 24.64 24.16 24.35 24.04 24.67 24.11 24.41 24.06 23.52 24.21 24.74 24.89 24.92 25.19 24.79 25.14 24.81 25.07
23.39 23.23 23.68 23.15 22.49 22.75 23.02 22.99 22.71 22.71 22.62 23.08 22.65 22.23 23.23 23.01 23.26 22.84 23.38 22.89 23.14 22.77 22.52 22.65 22.41 22.21 22.87 22.55 23.11 22.46 23.11 23.49 23.53 23.12 23.01 23.78 24.51 23.96 24.25 23.89 23.56 23.76 24.21 24.40 24.74 24.67 24.76 24.32 24.50 24.51 24.55 24.75 24.52 24.91 24.81 24.60 24.38 23.95 24.56 24.03 23.99 24.54 24.20 24.08 24.24 24.08 24.62 24.21 24.33 24.90 24.78 24.18 24.87 24.63 25.12 25.05 25.21
22.63 23.48 23.53 23.11 22.36 22.73 21.86 22.26 22.26 22.83 23.18 22.57 22.92 23.11 22.66 22.26 22.77 22.77 22.29 22.86 23.73 23.38 23.09 23.03 22.93 22.75 22.22 21.90 22.69 22.42 22.42 22.26 22.60 22.44 22.50 23.29 24.44 24.10 23.53 24.12 24.09 24.50 24.72 24.06 24.39 25.02 24.89 24.51 24.74 24.75 24.20 24.58 24.86 24.67 23.79 24.53 24.36 23.76 24.48 24.23 24.26 24.24 23.72 24.25 24.33 23.83 24.15 24.68 24.90 24.97 24.81 24.51 24.57 24.48 25.00 25.11 25.15
23.05 22.61 22.75 23.06 22.17 21.97 22.32 21.87 21.10 22.42 22.78 22.67 22.67 22.85 22.34 22.57 22.01 22.74 22.96 22.33 22.60 23.17 21.69 23.18 22.73 22.08 21.62 22.83 22.19 22.66 23.39 23.35 22.51 22.58 22.34 23.19 23.91 23.92 24.00 24.11 24.46 24.12 24.33 24.37 24.37 24.58 24.84 24.84 24.29 24.42 24.60 24.25 24.50 24.48 24.59 24.45 24.25 24.57 24.02 23.86 23.93 24.13 24.76 24.62 24.26 24.39 24.48 24.76 24.91 24.85 24.89 24.57 24.67 24.75 24.90 24.88 24.98
23.72 23.21 22.83 23.38 22.27 21.68 22.16 21.55 21.44 22.10 22.22 22.96 22.37 22.60 22.43 22.39 22.44 22.46 22.03 22.49 22.68 21.78 22.20 23.18 23.33 23.27 22.67 21.60 21.99 21.49 22.96 22.91 22.87 22.89 22.08 22.42 23.39 23.93 23.95 23.54 24.06 24.64 24.51 24.15 24.46 24.34 24.55 24.95 24.28 24.21 24.15 24.14 24.65 24.33 24.63 24.58 23.89 23.43 24.11 23.87 24.10 24.38 24.79 24.53 24.57 24.60 24.74 24.85 24.86 24.33 24.77 24.47 24.36 24.72 24.82 24.89 24.66
23.51 23.82 22.45 22.50 22.05 21.49 21.25 21.72 22.22 21.36 22.56 22.42 23.33 22.58 22.42 22.60 22.55 21.67 22.05 22.79 23.08 21.34 20.93 21.52 22.32 22.38 23.35 22.23 22.14 22.42 22.71 22.80 21.94 22.41 21.98 23.23 23.28 23.99 24.53 24.17 23.96 24.08 24.51 24.47 24.58 24.27 24.53 24.97 24.28 24.55 23.50 23.94 24.49 24.37 24.57 24.57 24.52 24.34 24.58 24.03 24.13 23.92 24.79 24.51 24.61 24.81 24.64 24.63 24.80 24.87 24.96 24.89 24.86 24.64 24.98 24.95 24.89
22.93 23.29 22.54 23.34 22.78 22.74 22.00 21.62 22.25 21.46 22.30 22.58 22.67 22.87 22.37 22.05 22.21 21.52 22.33 22.84 22.97 22.85 22.02 21.51 21.65 22.91 22.63 22.44 22.61 22.38 22.49 23.13 23.31 23.56 22.37 23.11 23.21 23.61 23.98 24.35 23.99 24.30 24.58 24.62 24.34 23.83 24.59 24.52 24.33 24.51 24.16 24.50 24.49 23.14 24.47 24.71 24.30 24.38 24.74 23.82 24.20 24.28 24.60 24.66 24.63 24.72 24.68 24.83 24.34 24.82 24.84 24.93 24.44 24.89 25.16 24.68 24.91
22.09 22.65 23.18 23.21 22.97 21.68 21.92 22.30 22.00 22.02 21.74 22.22 22.27 22.90 22.86 21.50 21.67 21.81 22.63 21.79 22.70 22.67 22.50 21.27 21.80 21.83 22.39 21.34 21.21 22.00 21.96 22.32 21.92 23.08 22.67 23.01 22.46 23.74 23.23 24.33 24.55 23.90 24.66 24.42 24.14 24.41 24.18 24.83 24.52 24.60 24.48 24.18 24.71 23.92 24.80 24.34 24.23 23.55 24.05 24.27 23.83 24.17 24.05 24.65 24.47 24.82 24.65 24.44 24.29 24.78 24.95 24.49 24.46 24.67 25.02 24.89 24.98
23.00 22.67 23.17 23.38 22.94 22.84 22.61 22.51 21.46 21.97 21.52 20.90 21.30 22.33 23.28 22.10 21.34 21.59 22.13 21.68 22.74 22.51 22.06 21.44 21.17 20.84 22.69 22.69 22.39 22.58 22.37 22.15 21.91 22.88 22.55 23.02 23.75 22.66 23.25 23.48 23.83 24.28 24.56 24.61 24.42 24.83 24.34 24.17 24.30 24.75 24.11 24.17 23.81 24.46 24.80 24.24 24.10 23.77 24.20 24.13 24.25 24.38 24.78 24.55 24.10 24.40 24.38 24.39 24.08 24.92 24.63 24.20 24.76 24.33 24.33 24.76 24.70
23.58 23.34 22.23 22.45 22.68 23.23 22.17 21.68 22.11 22.05 21.12 21.40 20.94 20.90 21.57 23.20 21.62 21.76 21.99 21.95 21.24 21.47 22.15 21.34 22.06 21.03 20.48 22.15 23.06 22.83 21.50 21.07 22.07 21.91 22.90 22.81 22.13 22.77 23.12 22.71 23.52 23.76 24.64 24.40 24.87 24.52 24.03 24.17 24.07 24.00 24.31 24.28 23.99 23.75 24.12 24.54 24.15 24.31 24.13 24.40 24.02 24.39 24.85 24.75 24.46 24.46 24.51 24.42 24.86 24.74 24.69 24.33 23.96 24.87 24.30 24.18 25.00
