main/data/irradiance/12.12.2023.grid
ncols 839
nrows 679
xllcenter 112.0500
yllcenter -43.9500
cellsize 0.0500
nodata_value 99999.90
[rows 442 to 475 of 679, columns 693 to 769 of 839]
31.34 31.37 31.45 31.24 31.25 31.12 31.33 31.44 30.54 30.66 30.89 31.54 31.60 31.15 31.28 31.23 31.26 31.11 31.14 30.95 31.39 31.14 31.71 31.72 31.65 31.36 31.12 30.94 31.01 30.85 30.40 29.79 29.88 30.10 29.76 30.26 30.41 30.66 30.79 30.96 30.78 30.93 31.13 31.11 31.15 31.42 31.53 31.68 31.73 31.76 31.74 31.48 31.46 31.60 31.69 31.69 31.71 31.72 31.65 31.49 31.40 31.19 30.96 30.85 30.66 30.72 30.95 30.65 30.53 30.48 30.20 30.03 29.54 29.23 29.22 28.84 27.91
31.38 31.20 31.01 31.32 30.99 30.77 30.69 30.64 30.33 31.05 31.56 31.24 31.38 31.16 31.40 31.16 31.32 31.34 31.31 31.17 31.28 31.31 31.74 31.61 31.45 31.30 31.14 30.76 30.31 30.60 30.91 30.20 30.88 31.09 30.34 30.17 30.65 30.90 31.24 31.40 31.53 31.57 31.58 31.59 31.69 31.70 31.75 31.80 31.69 31.74 31.76 31.67 31.60 31.61 31.77 31.75 31.56 31.67 31.65 31.42 31.34 31.11 30.99 30.75 30.71 30.55 30.29 30.32 30.17 30.20 30.15 30.19 29.67 29.01 29.21 28.68 28.50
31.26 31.16 31.34 31.24 31.02 31.23 31.31 30.56 30.95 31.02 31.27 31.19 31.41 31.26 30.98 31.12 31.08 31.20 31.26 31.20 31.24 31.15 31.18 31.21 30.76 31.13 31.37 30.91 30.58 30.42 31.05 30.99 30.90 30.86 30.35 30.51 30.83 31.31 31.50 31.47 31.58 31.39 31.70 31.78 31.82 31.61 31.78 31.79 31.73 31.67 31.73 31.75 31.63 31.64 31.68 31.75 31.75 31.76 31.66 31.50 31.35 31.26 31.09 30.93 30.84 30.63 30.56 30.32 30.19 30.06 29.84 29.71 29.22 29.10 29.03 28.60 28.10
31.02 30.90 31.16 31.42 31.10 30.96 31.17 30.84 31.09 31.50 31.54 31.36 31.02 31.18 31.05 31.04 31.17 30.76 30.99 31.22 31.35 31.47 31.28 31.18 30.96 30.84 31.13 30.54 30.26 30.41 30.69 30.88 31.09 31.07 30.94 31.06 31.24 31.40 31.59 31.67 31.67 31.60 31.70 31.82 31.81 31.70 31.78 31.74 31.74 31.71 31.58 31.66 31.67 31.68 31.67 31.76 31.75 31.69 31.60 31.50 31.46 31.47 31.48 31.42 31.27 31.13 30.94 30.56 30.34 29.85 29.61 29.35 29.40 28.75 28.59 28.08 28.18
30.87 30.92 31.17 31.28 31.18 31.39 31.33 31.27 31.06 31.46 31.58 31.61 31.31 31.00 30.97 31.06 31.12 31.11 31.13 31.10 31.52 31.13 30.91 30.49 30.41 30.32 30.49 30.33 30.69 30.93 31.19 31.38 31.42 31.10 31.10 31.39 31.55 31.65 31.66 31.69 31.73 31.81 31.83 31.72 31.76 31.73 31.77 31.74 31.76 31.82 31.70 31.68 31.72 31.70 31.63 31.70 31.74 31.77 31.76 31.68 31.68 31.69 31.66 31.68 31.69 31.56 31.44 31.28 30.92 30.47 30.17 29.46 28.70 28.58 28.22 27.92 27.36
30.78 30.80 31.46 31.54 31.41 31.43 31.45 31.53 31.54 31.74 31.84 31.76 31.45 31.21 31.17 31.09 31.39 31.73 31.68 30.91 31.69 31.28 30.65 30.75 31.00 30.82 30.51 30.48 30.59 31.14 31.19 31.43 31.45 31.32 31.38 31.59 31.57 31.62 31.67 31.51 31.69 31.78 31.76 31.71 31.75 31.61 31.77 31.75 31.73 31.66 31.70 31.70 31.77 31.72 31.70 31.76 31.82 31.78 31.77 31.69 31.73 31.72 31.69 31.64 31.64 31.62 31.59 31.52 31.32 31.01 30.58 29.78 29.11 27.83 27.15 26.78 26.97
30.95 31.10 31.14 31.21 31.71 31.42 31.65 31.81 31.79 31.93 31.71 31.45 31.03 31.43 31.49 31.58 31.46 31.44 31.71 31.06 31.32 31.24 31.19 31.05 30.97 31.03 31.11 30.93 31.27 31.58 31.42 31.45 31.42 31.49 31.45 31.71 31.73 31.76 31.67 31.61 31.53 31.39 31.59 31.53 31.46 31.40 31.68 31.73 31.83 31.76 31.69 31.76 31.76 31.78 31.71 31.77 31.84 31.83 31.83 31.82 31.81 31.81 31.75 31.66 31.63 31.69 31.61 31.67 31.64 31.39 31.01 30.69 29.72 28.93 27.57 26.46 26.67
31.33 31.49 31.56 31.08 31.64 31.50 31.47 31.73 31.70 31.92 31.57 31.22 31.59 31.54 31.63 31.71 31.24 31.42 31.74 31.68 30.93 30.98 30.83 30.98 31.17 31.23 31.55 31.29 31.69 31.72 31.56 31.56 31.46 31.47 31.66 31.69 31.79 31.75 31.73 31.61 31.55 31.44 31.54 31.65 31.69 31.75 31.82 31.84 31.82 31.80 31.81 31.80 31.74 31.72 31.79 31.83 31.81 31.83 31.83 31.82 31.82 31.81 31.76 31.69 31.67 31.67 31.65 31.71 31.66 31.58 31.46 30.99 30.41 29.39 27.95 26.91 26.41
31.50 31.61 31.67 31.72 31.79 31.50 31.84 31.82 31.57 31.54 31.60 31.55 31.43 31.57 31.85 31.60 31.47 31.67 31.64 31.30 31.15 31.20 31.10 31.31 30.92 30.96 31.49 31.64 31.72 31.76 31.75 31.74 31.61 31.72 31.59 31.66 31.63 31.69 31.58 31.56 31.48 31.52 31.51 31.52 31.47 31.78 31.82 31.71 31.71 31.59 31.74 31.80 31.82 31.81 31.81 31.79 31.80 31.84 31.83 31.81 31.83 31.81 31.76 31.76 31.72 31.69 31.72 31.73 31.72 31.59 31.48 31.39 31.09 30.16 28.39 27.42 26.79
31.40 30.37 30.86 31.59 31.77 31.51 31.58 31.70 31.37 31.36 31.80 31.61 31.66 31.70 31.79 31.60 31.57 31.68 31.64 31.18 31.22 31.32 31.40 31.36 31.14 30.88 31.59 31.70 31.72 31.62 31.44 31.63 31.63 31.44 31.51 31.53 31.39 31.29 31.25 31.16 31.33 31.55 31.30 31.18 31.20 31.46 31.65 31.67 31.61 31.48 31.74 31.78 31.78 31.77 31.76 31.80 31.83 31.79 31.85 31.81 31.76 31.80 31.78 31.76 31.71 31.70 31.71 31.72 31.73 31.68 31.60 31.44 31.28 30.90 29.77 28.55 27.75
31.36 30.90 30.96 31.45 31.85 31.63 31.59 31.49 31.68 31.46 31.71 31.35 31.56 31.45 31.27 31.34 31.54 31.66 31.38 31.30 31.30 31.44 31.43 31.53 31.58 31.70 31.74 31.64 31.56 31.58 31.77 31.77 31.46 31.11 31.38 31.44 31.54 31.48 31.49 31.32 31.20 31.38 31.32 31.54 31.47 31.45 31.36 31.54 31.53 31.48 31.69 31.65 31.78 31.75 31.77 31.79 31.81 31.75 31.84 31.77 31.72 31.77 31.82 31.80 31.62 31.58 31.73 31.71 31.73 31.53 31.52 31.59 31.36 30.82 30.01 29.06 28.30
31.34 31.07 30.67 31.51 31.84 31.48 31.80 31.76 31.26 31.07 31.51 31.19 31.09 31.29 31.41 31.71 31.66 31.66 31.52 31.52 31.63 31.61 31.68 31.60 31.93 31.72 31.50 31.60 31.59 31.70 31.71 31.72 31.43 31.31 31.59 31.77 31.78 31.57 31.37 31.31 31.24 31.39 31.62 31.62 31.61 31.55 31.63 31.70 31.53 31.69 31.69 31.65 31.65 31.77 31.76 31.81 31.80 31.76 31.68 31.83 31.80 31.74 31.70 31.57 31.76 31.80 31.74 31.58 31.53 31.65 31.70 31.64 31.17 30.92 30.69 29.52 28.26
31.23 30.97 31.34 31.47 31.82 31.67 31.82 31.45 31.42 31.49 31.51 31.25 31.49 31.43 31.59 31.74 31.72 31.66 31.76 31.86 31.64 31.61 31.79 31.86 31.92 31.72 31.81 31.64 31.63 31.48 31.59 31.57 31.52 31.38 31.69 31.82 31.63 31.43 31.48 31.46 31.36 31.45 31.67 31.64 31.63 31.63 31.62 31.65 31.73 31.73 31.69 31.67 31.74 31.78 31.75 31.75 31.66 31.78 31.76 31.75 31.80 31.79 31.73 31.65 31.76 31.80 31.76 31.74 31.71 31.71 31.70 31.51 31.34 31.24 30.33 29.41 28.17
30.81 30.33 31.56 31.30 30.69 30.30 30.76 31.01 31.42 31.48 31.30 31.42 31.22 31.43 31.49 31.57 31.67 31.56 31.60 31.78 31.70 31.71 31.93 31.93 31.88 31.81 31.76 31.16 31.59 31.65 31.55 31.66 31.64 31.44 31.81 31.79 31.61 31.55 31.72 31.56 31.35 31.40 31.55 31.45 31.57 31.62 31.65 31.78 31.78 31.78 31.65 31.67 31.72 31.75 31.77 31.71 31.72 31.78 31.81 31.78 31.55 31.52 31.76 31.70 31.69 31.75 31.75 31.62 31.67 31.67 31.67 31.55 31.38 30.65 29.02 28.02 27.77
31.09 31.75 31.68 31.44 31.32 31.07 31.43 31.39 31.54 31.60 31.23 31.04 31.19 31.40 31.52 31.69 31.74 31.75 31.73 31.60 31.84 31.86 31.91 31.89 31.93 31.81 31.70 31.66 31.69 31.62 31.56 31.52 31.70 31.33 31.34 31.32 31.47 31.71 31.65 31.41 31.03 30.80 31.16 31.26 31.53 31.68 31.73 31.76 31.79 31.75 31.65 31.65 31.49 31.74 31.74 31.72 31.58 31.50 31.73 31.78 31.75 31.77 31.84 31.79 31.79 31.82 31.78 31.78 31.69 31.59 31.38 31.39 31.29 30.32 28.51 27.42 26.96
31.17 31.48 31.29 31.39 31.44 31.56 31.29 31.45 31.07 31.39 31.27 30.92 31.24 31.51 31.60 31.88 31.95 31.91 31.91 31.82 31.91 32.00 31.92 31.86 31.91 31.81 31.74 31.54 31.49 31.46 31.56 31.52 31.57 31.42 31.31 31.66 31.65 31.62 31.41 31.25 31.25 31.40 31.62 31.60 31.59 31.55 31.58 31.73 31.73 31.59 31.44 31.44 31.76 31.71 31.58 31.19 31.23 31.59 31.79 31.77 31.59 31.51 31.68 31.83 31.70 31.70 31.64 31.53 31.35 31.37 31.28 31.02 30.70 29.70 28.54 27.70 27.26
31.44 31.60 31.06 31.14 31.09 31.70 31.57 31.47 30.57 30.80 30.79 31.45 31.61 31.59 31.55 31.78 31.96 31.90 31.93 31.97 31.91 31.96 31.95 31.91 31.83 31.86 31.85 31.74 31.47 31.19 31.53 31.45 31.49 31.25 31.37 31.60 31.48 31.24 31.13 31.03 31.19 31.39 31.32 31.61 31.82 31.83 31.82 31.70 31.63 31.27 31.55 31.68 31.65 31.57 31.52 31.64 31.72 31.76 31.74 31.58 31.64 31.80 31.81 31.77 31.61 31.65 31.48 31.39 31.17 31.19 30.93 30.54 30.27 29.82 28.85 28.05 27.02
31.41 30.67 30.33 30.74 31.37 31.50 31.25 31.05 30.66 30.82 31.26 31.78 31.91 31.81 31.77 31.73 31.82 31.96 31.94 31.98 31.97 31.94 31.95 31.87 31.74 31.92 31.93 31.82 31.25 30.99 31.27 31.24 31.21 31.13 31.08 31.11 30.84 30.72 31.04 31.29 31.53 31.21 31.26 31.57 31.53 31.60 31.61 31.65 31.70 31.36 31.50 31.67 31.74 31.57 31.65 31.71 31.72 31.73 31.78 31.80 31.78 31.73 31.79 31.69 31.40 31.05 31.31 31.43 31.48 31.29 30.93 30.70 30.32 29.93 29.56 28.88 28.29
30.67 30.21 30.11 30.97 31.10 31.54 31.35 31.23 31.28 31.58 31.45 31.87 31.90 31.95 31.75 31.87 31.66 31.58 31.82 31.91 31.83 31.91 31.89 31.86 31.78 31.79 31.84 31.52 31.45 31.53 31.12 31.17 31.61 31.36 31.08 31.03 30.97 30.96 31.14 31.19 30.90 30.57 31.16 31.33 30.86 31.12 30.99 31.65 31.55 31.52 31.66 31.74 31.75 31.66 31.57 31.67 31.81 31.76 31.80 31.78 31.81 31.76 31.75 31.66 31.24 30.73 30.89 31.34 31.28 31.40 31.21 30.76 30.69 30.27 29.77 29.27 28.86
30.83 30.85 31.08 31.44 31.02 31.08 31.13 30.88 31.39 31.58 31.72 31.64 31.77 31.43 31.45 31.66 31.66 31.32 31.71 31.63 31.66 31.82 31.79 31.78 31.65 31.33 30.77 31.18 31.47 31.64 31.38 31.22 31.45 31.40 31.22 31.07 30.95 31.39 31.41 31.49 31.11 31.07 31.21 31.20 30.49 30.84 31.06 31.43 31.37 31.52 31.54 31.58 31.66 31.64 31.60 31.62 31.73 31.68 31.73 31.72 31.75 31.76 31.78 31.59 31.23 31.12 31.04 30.88 31.17 31.37 31.21 30.81 30.40 30.29 30.18 29.69 29.56
30.78 31.04 31.35 30.78 29.49 29.90 30.65 31.26 31.45 31.32 31.53 31.16 30.87 31.54 31.72 31.69 31.43 31.36 31.55 31.53 31.25 31.53 31.78 31.65 31.61 31.15 31.16 31.33 31.27 31.29 30.95 30.68 30.74 30.86 30.70 30.57 30.79 31.03 31.18 31.51 31.41 31.06 31.14 31.24 30.94 31.02 30.78 30.97 31.28 31.36 31.60 31.64 31.60 31.65 31.61 31.69 31.63 31.64 31.75 31.62 31.69 31.72 31.77 31.66 31.44 31.48 31.30 31.02 31.11 31.21 31.03 31.07 30.83 30.38 30.08 29.84 29.98
31.49 31.24 31.35 30.73 30.27 29.98 30.71 31.26 31.45 31.25 31.50 31.36 31.67 30.35 31.55 31.45 31.40 31.02 31.10 31.04 30.73 30.89 30.96 30.66 30.55 30.36 30.66 30.22 30.38 30.43 30.23 30.47 30.53 30.46 30.52 30.11 30.39 30.41 30.63 30.96 31.06 31.09 31.31 30.94 30.60 30.77 30.95 30.76 31.09 31.06 31.42 31.47 31.39 31.24 31.29 31.57 31.62 31.69 31.35 31.04 31.39 31.60 31.64 31.66 31.37 31.32 31.52 31.28 31.23 31.29 31.00 30.66 30.27 30.04 29.95 29.69 29.32
31.84 31.92 31.49 31.05 31.07 30.89 30.06 30.57 30.44 30.94 30.60 31.19 31.59 31.65 31.23 31.21 31.01 31.23 31.26 31.27 30.60 30.83 30.96 30.93 30.65 29.72 29.94 29.33 29.03 29.41 30.21 29.67 29.24 29.13 29.49 29.82 30.08 30.74 30.83 30.88 31.03 31.04 31.10 30.87 30.26 30.27 30.86 30.81 30.58 30.06 30.22 31.39 30.99 30.54 30.43 30.85 31.41 31.37 30.91 30.98 30.71 30.91 31.43 31.12 31.05 30.73 31.37 31.29 30.80 30.49 30.50 30.42 30.25 29.80 29.92 29.35 29.56
31.82 31.86 31.46 30.86 31.34 30.88 30.49 29.51 29.72 30.67 31.16 31.28 31.13 30.94 31.39 31.15 31.10 31.62 30.74 30.50 30.22 29.84 29.66 29.96 29.33 29.89 30.31 30.01 30.03 29.45 29.43 29.57 28.82 29.07 28.36 28.81 29.19 29.50 30.01 29.94 30.61 31.53 31.31 30.38 30.30 30.33 31.21 31.04 30.92 30.51 30.33 30.75 31.01 31.00 30.59 30.41 30.21 30.19 29.94 30.34 30.39 30.73 31.11 30.85 30.10 30.30 30.91 30.84 30.31 29.90 30.26 30.22 29.87 29.89 30.09 29.56 29.68
31.59 31.86 31.74 31.40 31.23 31.44 30.75 30.27 29.78 30.02 30.55 31.24 31.05 30.52 30.22 30.23 29.92 29.49 29.45 29.27 29.65 30.16 30.21 30.11 30.07 30.03 30.02 30.00 29.23 28.72 29.27 29.49 28.83 28.98 28.27 28.64 28.20 28.05 28.13 28.59 29.33 29.94 28.97 28.74 28.80 29.71 29.94 30.29 30.60 29.78 29.52 30.30 30.95 30.52 30.57 30.30 30.15 30.21 30.79 30.76 29.96 30.09 29.84 29.99 29.64 30.50 31.04 30.82 30.47 30.16 30.39 30.16 30.45 29.70 29.93 29.33 29.04
31.84 31.92 31.71 31.63 31.27 31.50 31.42 30.69 30.14 30.28 30.48 30.26 30.28 29.54 28.38 28.62 29.43 29.88 30.71 30.40 30.57 30.52 29.45 28.59 28.55 29.14 28.92 28.28 29.11 30.13 29.28 28.45 27.52 27.66 28.09 28.66 27.94 27.73 28.13 28.07 28.43 28.89 27.82 27.46 27.92 28.98 28.83 29.07 28.22 28.01 28.37 29.31 29.60 30.22 30.12 29.62 29.95 30.60 31.37 30.68 30.82 30.34 30.32 30.82 30.54 30.55 30.54 30.34 30.50 30.13 30.22 30.53 30.12 29.26 29.39 29.60 29.78
31.07 31.52 31.81 31.75 31.77 31.50 31.71 31.38 30.60 30.11 30.11 29.92 29.76 28.56 29.12 29.74 30.06 29.86 29.38 29.63 29.80 29.04 27.91 28.77 28.70 29.13 28.80 28.47 29.37 28.73 27.76 27.48 27.23 27.68 27.38 27.60 26.43 26.18 27.72 27.36 27.80 27.40 27.34 27.50 28.22 28.48 28.79 28.58 27.90 27.95 28.48 29.46 29.54 29.05 28.86 29.12 29.96 30.88 31.04 30.81 30.77 30.00 30.65 30.96 31.30 31.32 30.93 30.54 30.70 31.00 30.82 30.17 29.59 29.30 29.20 28.99 29.09
31.36 31.23 31.88 31.93 31.85 31.21 31.14 31.01 31.47 30.02 29.79 29.04 28.93 29.63 29.76 28.96 29.79 29.70 28.95 29.19 29.02 28.66 28.37 28.48 28.83 28.42 27.89 27.76 28.60 28.37 26.92 27.47 26.92 27.64 27.51 26.66 26.83 27.38 27.23 26.62 26.25 27.08 27.41 28.04 28.10 28.23 28.62 27.45 27.64 28.21 28.40 29.09 29.03 28.58 28.74 28.90 29.05 28.97 29.37 29.95 29.63 29.48 29.75 29.69 30.26 29.96 29.37 29.53 29.76 29.52 29.29 29.35 29.31 28.57 28.13 27.79 27.83
31.68 31.17 31.59 31.61 31.32 30.61 31.09 31.24 31.43 30.68 29.63 30.08 29.62 29.53 29.17 29.02 28.29 29.27 29.47 29.69 29.35 29.57 29.25 28.79 27.82 28.31 29.06 28.51 28.07 27.72 26.96 28.82 28.40 27.56 27.02 26.72 26.99 27.01 27.67 26.64 26.33 27.48 27.57 28.11 27.68 26.90 25.97 26.00 26.83 28.30 28.75 28.27 27.81 28.02 28.37 29.46 30.00 29.10 28.83 28.83 28.55 29.29 29.91 29.98 29.69 29.11 29.17 29.59 29.67 29.40 28.92 28.18 28.24 28.16 27.45 26.20 26.36
31.11 31.14 31.24 31.33 31.78 31.75 31.72 31.67 31.49 30.21 29.52 30.22 29.34 28.84 29.26 29.23 29.62 30.13 29.38 28.43 29.24 29.64 29.40 29.07 28.17 28.71 28.18 28.32 28.67 28.27 28.30 28.77 28.46 27.47 27.38 27.52 26.56 26.86 27.20 27.58 27.38 27.14 27.34 28.40 27.59 25.85 25.99 27.05 27.04 28.15 27.66 27.46 27.49 27.16 27.47 28.14 28.80 29.17 28.94 29.16 29.56 28.98 29.59 30.16 29.99 28.76 28.63 29.12 29.44 29.49 28.30 27.48 27.26 27.30 27.30 27.10 26.49
30.61 31.08 31.20 31.56 31.64 31.55 31.79 31.43 31.11 30.69 30.28 30.54 29.90 29.33 29.73 29.63 29.44 28.14 28.85 28.99 29.29 29.34 29.75 29.09 28.39 27.83 28.24 29.22 28.51 28.90 29.09 28.87 27.95 27.55 26.81 28.45 27.65 27.52 28.01 27.86 26.84 26.72 26.93 27.94 26.84 25.80 26.39 27.03 27.27 28.25 27.36 27.40 28.06 27.82 27.65 27.71 28.74 29.34 29.20 29.44 29.43 29.07 29.33 29.67 30.49 30.06 28.57 28.21 28.83 29.49 29.27 27.98 26.58 26.78 26.26 26.15 26.47
30.98 30.51 30.70 31.05 31.57 32.01 31.92 31.14 30.72 30.31 30.56 30.68 29.93 29.02 28.68 29.77 27.55 28.18 28.69 28.27 28.30 27.43 28.43 28.95 28.93 28.39 29.00 29.15 28.20 28.05 28.24 29.02 28.28 26.93 27.14 28.97 28.62 27.80 28.10 27.34 26.38 27.34 27.50 27.32 26.88 26.94 27.35 28.41 28.39 28.72 27.89 27.50 28.45 28.54 29.07 28.48 29.12 30.03 29.39 29.94 29.25 29.32 30.19 30.36 30.66 31.09 30.25 28.93 29.71 30.32 29.36 29.24 28.01 27.57 27.10 26.15 25.85
30.91 30.43 30.59 31.36 31.66 31.98 31.23 30.80 30.84 30.91 31.49 30.68 29.71 29.20 28.42 28.00 28.23 28.41 27.85 27.39 27.44 28.00 29.24 28.69 28.12 28.22 28.11 28.72 28.82 28.08 27.56 27.42 27.31 27.77 28.86 28.57 28.34 27.50 27.61 27.32 27.18 27.83 26.61 28.22 27.66 26.84 26.91 28.32 29.12 29.20 28.90 29.14 28.64 28.88 29.63 29.41 30.02 30.09 30.30 30.95 30.29 30.45 30.64 30.96 31.04 30.78 30.53 29.85 29.02 30.19 29.44 28.78 28.30 27.74 27.27 27.26 26.28
30.71 30.44 30.96 31.22 31.29 31.35 30.81 31.17 31.33 31.63 31.15 30.45 29.62 29.17 29.25 29.18 29.61 28.33 26.82 26.97 27.88 29.49 28.23 27.91 28.20 27.93 28.18 28.96 28.85 27.77 27.78 27.98 27.38 28.53 28.58 28.72 28.03 27.11 27.20 27.42 28.21 28.35 28.16 28.39 28.43 27.81 27.95 29.29 29.93 29.79 28.97 29.02 29.06 29.35 29.61 29.84 30.05 30.05 30.32 30.32 29.82 30.55 30.68 30.90 30.55 30.08 29.40 29.00 28.91 29.47 29.13 28.03 27.49 27.26 27.17 26.69 25.77
