main/data/irradiance/12.12.2023.grid
ncols 839
nrows 679
xllcenter 112.0500
yllcenter -43.9500
cellsize 0.0500
nodata_value 99999.90
[rows 408 to 441 of 679, columns 77 to 153 of 839]
31.19 31.17 31.40 31.36 31.40 31.23 31.09 31.34 31.28 31.17 31.09 31.10 31.10 31.09 31.08 31.13 31.21 31.23 31.58 31.48 31.46 31.14 30.73 31.16 31.09 31.32 31.32 31.22 31.32 31.44 31.35 31.33 31.27 31.52 31.67 31.67 31.60 31.54 31.61 31.48 31.41 31.44 31.46 31.56 31.37 31.17 30.96 30.99 31.28 31.46 31.57 31.52 31.52 31.55 31.60 31.54 31.59 31.61 31.60 31.68 31.79 31.74 31.72 31.63 31.61 31.53 31.61 31.59 31.58 31.63 31.63 31.61 31.60 31.60 31.60 31.59 31.58
31.21 30.90 31.46 31.30 31.16 31.33 30.86 30.99 31.13 31.15 30.85 30.93 31.22 30.82 30.85 30.69 31.19 30.88 31.23 31.38 31.24 30.99 31.12 30.94 31.00 30.98 31.11 31.30 31.13 31.24 31.11 31.18 31.10 30.86 31.06 31.60 31.41 31.60 31.65 31.55 31.50 31.43 31.54 31.36 30.94 31.34 31.31 31.31 31.16 31.11 31.32 31.59 31.48 31.49 31.62 31.06 31.50 31.62 31.60 31.62 31.64 31.63 31.62 31.60 31.26 30.99 31.55 31.63 31.61 31.61 31.62 31.64 31.64 31.62 31.63 31.63 31.62
31.51 31.18 31.38 31.37 31.35 31.24 30.89 30.92 31.18 31.09 31.24 31.29 31.06 30.81 31.10 30.88 31.01 30.69 31.11 31.09 31.11 30.87 30.98 30.80 30.81 31.11 30.87 30.93 31.09 31.26 31.39 31.28 31.23 31.40 31.42 31.39 31.35 31.34 31.50 31.54 31.72 31.41 31.52 31.32 31.27 31.30 31.08 31.38 31.32 31.31 30.89 31.25 31.37 30.95 31.36 31.26 31.62 31.60 31.60 31.61 31.60 31.60 31.59 31.60 31.35 31.17 31.53 31.63 31.61 31.63 31.63 31.64 31.65 31.65 31.65 31.64 31.63
30.84 31.28 31.30 31.01 31.16 31.25 31.14 31.15 31.09 31.05 31.12 31.31 30.87 30.75 30.75 31.36 31.24 31.31 31.19 31.13 31.41 31.16 31.04 30.77 30.53 31.18 31.01 30.66 31.06 30.86 31.10 31.47 31.02 31.17 31.38 31.26 31.48 31.49 31.18 31.32 31.68 31.65 31.55 31.66 31.40 31.28 30.94 31.42 31.40 31.28 31.30 31.34 31.15 31.18 31.37 31.31 31.60 31.58 31.58 31.58 31.60 31.59 31.57 31.60 31.64 31.60 31.63 31.65 31.64 31.64 31.65 31.65 31.65 31.65 31.66 31.65 31.65
30.44 30.75 31.38 31.03 31.15 31.33 30.82 30.81 31.15 31.50 31.14 31.25 30.38 30.84 30.99 31.00 31.00 30.97 31.21 31.42 31.16 31.13 30.94 30.73 30.96 30.82 31.00 31.06 31.19 31.20 30.77 30.88 31.24 31.27 31.41 31.40 31.32 31.16 31.27 31.29 31.61 31.74 31.65 31.41 31.05 31.28 30.91 31.41 31.31 31.28 31.55 31.43 31.21 31.27 31.29 31.58 31.59 31.58 31.57 31.60 31.61 31.61 31.59 31.57 31.63 31.64 31.64 31.65 27.53 29.26 28.75 30.75 31.64 31.66 31.64 31.64 31.63
30.96 30.89 31.15 30.93 31.27 30.89 31.01 30.98 30.92 31.12 31.20 31.42 31.07 31.18 30.86 30.91 31.17 31.21 31.23 31.24 31.03 30.87 30.72 30.88 30.64 30.75 30.57 30.51 31.17 31.32 31.06 30.97 31.19 31.16 31.18 31.20 31.21 31.15 31.04 31.28 31.53 31.75 31.58 31.48 31.25 31.31 31.08 31.15 31.17 31.38 31.37 31.23 31.14 31.52 31.52 31.59 31.59 31.58 31.58 31.63 31.63 31.63 31.63 31.63 31.66 31.64 31.53 30.20 28.37 28.77 31.62 31.08 31.23 31.62 31.64 31.63 31.63
31.04 31.23 30.56 31.04 31.09 30.20 30.65 31.01 30.68 30.94 30.76 31.07 31.47 31.05 30.91 30.97 31.18 31.36 31.04 30.98 31.06 31.30 30.99 30.67 30.80 30.67 30.82 30.97 31.18 31.27 30.61 30.46 31.02 30.69 30.90 31.35 31.02 31.61 31.24 31.32 31.50 31.68 31.56 31.56 31.43 31.28 31.09 31.14 31.25 31.30 31.23 31.42 31.22 31.33 31.42 31.59 31.59 31.57 31.60 31.61 31.63 31.62 31.64 31.43 30.89 31.55 31.67 31.69 31.67 31.65 31.67 31.67 30.65 31.65 31.64 31.64 31.71
31.34 31.35 30.96 30.97 30.80 30.59 30.63 31.07 30.88 30.90 30.42 31.08 31.40 31.04 31.63 31.41 31.17 31.23 31.58 30.52 30.65 30.69 30.85 30.59 30.83 30.22 30.61 30.98 31.14 31.15 31.02 30.77 30.79 30.32 30.75 30.93 30.53 31.22 31.23 31.34 31.53 31.71 31.32 31.24 30.75 31.22 31.32 31.41 31.34 31.29 31.19 31.42 31.52 31.58 31.55 31.56 31.58 31.29 31.58 31.62 31.64 31.47 30.78 29.91 30.75 31.62 31.61 31.66 31.64 31.64 31.66 31.45 31.73 31.65 31.64 31.65 31.66
31.16 31.21 30.95 31.15 31.07 30.98 30.91 30.90 30.58 30.82 30.65 30.45 31.30 31.22 31.45 31.51 31.30 30.84 31.33 31.25 31.19 30.80 30.92 30.58 30.54 30.86 30.88 31.04 30.77 30.42 30.61 30.72 30.72 30.53 31.04 30.98 31.06 31.15 31.22 31.13 31.45 31.65 31.59 31.36 31.33 30.97 30.98 31.36 31.22 31.19 31.34 31.29 31.41 31.55 31.25 31.52 31.30 31.58 31.56 31.65 31.56 29.99 31.63 30.83 31.21 31.42 31.49 31.62 31.63 31.62 31.65 31.71 31.69 31.65 31.65 31.65 31.64
31.17 31.14 30.92 31.07 30.43 30.24 30.88 30.98 30.79 30.37 30.34 29.94 30.37 30.65 31.54 31.38 31.44 31.03 31.04 31.23 31.27 31.30 30.95 30.46 30.45 30.74 30.75 30.71 30.93 30.48 30.53 31.29 30.92 30.96 31.00 30.99 31.01 30.89 31.35 31.12 31.12 30.93 31.35 31.27 30.74 30.97 30.91 31.44 31.08 31.38 31.18 31.16 31.09 31.28 31.53 31.61 31.54 31.66 31.54 31.59 31.58 28.39 31.61 31.65 31.55 31.28 31.31 31.59 31.57 31.63 30.52 31.66 31.66 31.64 31.65 30.42 31.42
31.17 31.18 31.04 30.51 30.92 30.73 31.23 30.96 29.94 30.39 30.44 30.26 30.55 31.00 31.40 29.14 30.85 31.16 30.92 31.18 31.22 31.07 31.05 30.85 30.76 30.35 30.17 30.36 30.99 30.88 30.67 31.16 30.92 30.54 31.03 31.07 30.99 31.07 30.95 31.45 31.20 31.03 31.00 31.14 30.55 30.66 31.11 31.36 31.23 31.46 31.48 31.51 31.06 31.12 31.50 31.13 31.21 31.40 31.03 31.61 30.31 30.66 31.64 31.63 31.64 31.30 31.60 31.60 31.11 31.63 28.43 29.67 31.69 31.41 31.16 31.95 31.68
31.44 31.26 31.20 30.05 30.15 30.69 30.33 31.05 30.12 29.78 30.50 30.22 30.37 30.72 30.82 30.73 31.09 31.16 31.32 31.32 31.34 31.18 31.04 30.97 31.02 30.73 30.90 30.44 30.03 30.90 30.85 30.97 30.28 30.41 30.47 30.78 30.86 31.05 31.01 31.15 31.20 31.13 30.85 31.29 31.33 30.68 30.89 31.27 31.17 31.35 30.92 31.42 31.22 31.19 31.10 31.17 30.88 31.38 31.31 31.25 31.43 31.31 31.26 31.39 31.69 31.57 31.62 31.45 30.84 30.82 31.70 31.67 31.67 31.71 31.82 31.84 31.74
31.45 31.22 31.29 30.26 29.65 30.48 29.80 30.10 30.31 30.40 30.57 30.05 30.30 30.56 30.53 30.48 30.85 30.93 31.10 30.95 31.24 30.95 30.51 30.81 31.02 30.98 30.95 30.98 30.97 30.85 31.06 30.46 30.68 30.77 30.67 30.18 30.29 30.39 30.72 30.93 31.21 31.38 31.36 31.14 31.22 30.97 31.34 30.72 31.22 31.28 30.85 31.19 31.01 31.38 31.48 31.36 30.94 31.03 31.38 31.37 31.46 31.28 31.65 31.11 31.35 31.62 31.46 31.53 31.39 30.60 31.52 31.54 31.64 31.64 31.67 31.77 31.75
31.17 31.46 31.32 30.24 28.93 30.18 30.30 30.50 30.02 29.93 29.46 29.79 29.94 30.03 29.77 30.24 31.00 30.70 30.97 31.05 30.92 30.71 31.00 31.07 31.24 31.12 30.71 30.89 31.20 30.96 31.04 31.10 30.68 30.71 30.36 30.26 30.36 31.05 30.97 31.21 31.38 30.91 31.22 31.22 31.07 31.31 30.77 27.97 31.09 31.11 30.96 31.01 30.71 31.02 31.33 31.34 31.23 31.48 31.08 30.95 31.24 31.17 31.52 31.34 31.38 31.50 31.52 31.39 31.33 31.26 31.45 31.16 31.60 31.61 31.63 31.66 31.80
31.57 31.60 31.31 30.67 29.09 29.62 30.16 30.47 30.39 29.73 29.34 29.19 29.95 30.14 30.15 30.39 31.30 31.03 30.40 30.92 30.88 30.68 30.42 30.52 30.73 30.30 30.84 30.56 30.71 30.88 30.96 30.56 29.89 30.54 30.33 29.99 29.97 30.31 30.98 30.57 30.71 31.11 30.89 30.93 31.24 30.90 31.05 30.91 31.04 30.77 31.51 31.57 31.17 30.99 30.79 31.02 31.05 31.11 30.68 30.62 31.03 30.90 31.29 30.84 31.49 31.45 31.45 31.35 31.40 31.56 31.48 31.46 31.57 31.62 31.62 31.64 31.71
31.68 31.66 31.55 30.98 30.24 29.95 29.85 30.47 30.63 29.54 29.34 29.41 29.77 29.87 30.26 29.99 30.85 30.48 30.54 30.78 30.39 30.84 30.59 30.79 30.30 30.36 30.66 30.82 30.81 30.68 30.55 30.84 30.73 30.07 30.32 30.27 30.21 30.64 30.40 30.72 30.99 31.15 31.04 30.94 30.99 31.19 31.16 31.13 31.26 30.76 30.92 30.88 31.07 30.32 30.89 30.95 31.14 31.37 30.64 30.62 30.96 31.01 31.09 30.94 30.71 31.32 30.93 31.66 31.53 31.35 31.53 31.63 31.61 31.57 31.60 31.59 31.61
31.59 31.63 31.65 31.07 30.37 29.79 29.30 31.36 31.46 30.20 29.66 29.42 29.22 29.70 30.73 30.47 30.32 30.27 30.61 30.99 30.15 30.70 30.67 30.53 30.50 30.37 30.12 30.26 30.61 31.01 30.89 30.50 30.70 30.56 30.69 30.21 30.57 30.62 30.59 30.81 31.14 30.36 31.01 31.03 30.72 31.03 31.01 31.20 31.26 31.01 30.95 30.71 31.05 31.28 31.09 31.11 31.33 31.19 31.33 30.53 30.69 30.92 31.30 31.42 31.20 30.79 31.18 31.79 31.74 31.63 31.54 31.65 31.63 31.53 31.61 31.49 31.59
31.06 31.41 31.51 31.13 30.59 30.28 30.87 31.63 31.61 30.50 29.50 29.59 29.85 30.24 30.19 30.74 29.85 30.43 30.50 30.63 30.29 30.47 30.50 30.66 30.29 30.52 30.23 30.68 30.79 30.55 30.58 31.19 30.85 30.61 30.87 30.43 30.87 31.21 30.64 30.70 30.61 30.28 30.87 30.80 30.78 30.72 31.30 31.00 31.04 31.01 30.96 30.59 30.64 31.02 31.25 31.41 31.41 31.13 31.49 30.69 30.71 31.00 31.23 31.20 31.53 31.16 31.62 31.75 31.69 31.70 31.39 31.63 31.67 31.61 31.62 31.54 31.48
30.95 31.19 31.53 31.22 30.19 30.32 31.11 31.60 31.63 31.10 30.88 30.21 29.68 29.78 29.06 29.36 30.24 30.15 30.38 30.48 30.73 30.89 30.34 30.09 30.35 30.12 30.74 30.72 30.42 30.78 30.87 30.97 30.88 31.05 30.71 30.66 30.56 31.09 30.35 30.36 30.69 31.00 31.01 30.80 30.22 30.90 30.88 30.87 30.78 30.91 30.81 31.10 30.87 31.33 31.15 31.07 31.54 31.52 31.28 30.85 30.65 31.17 31.00 31.46 31.39 31.46 31.63 31.65 31.66 31.68 31.68 31.67 31.58 31.58 31.61 31.57 31.45
30.73 31.44 31.57 31.50 30.73 30.96 31.60 31.58 31.37 31.12 30.97 30.47 29.85 29.28 29.11 29.72 29.97 30.22 30.10 29.89 29.76 30.85 30.27 30.27 30.30 30.19 30.36 30.43 30.36 30.12 30.47 30.68 30.74 30.67 30.59 31.01 31.11 31.15 30.45 30.67 29.87 30.72 30.72 30.92 30.94 30.92 30.68 30.67 30.65 30.91 31.10 31.24 30.85 31.17 30.84 31.26 31.40 31.23 31.07 30.51 30.94 30.49 30.98 30.96 31.30 31.31 31.24 31.08 31.62 31.53 31.70 31.63 31.60 31.56 31.55 31.53 31.41
31.37 31.39 31.63 31.34 30.56 31.15 31.63 31.23 31.53 31.01 30.80 30.41 29.54 29.55 28.84 29.58 30.33 30.40 30.04 29.64 29.78 30.51 30.60 30.37 29.97 30.17 30.53 30.45 29.98 29.72 30.57 30.76 30.80 30.65 30.62 30.76 30.84 30.69 30.81 30.62 30.26 30.78 31.06 30.90 31.12 30.70 30.54 30.93 31.37 31.01 31.55 31.09 31.35 30.74 30.65 30.39 31.01 31.38 30.25 31.02 30.91 30.81 31.53 31.19 31.28 31.40 31.07 30.76 31.42 31.58 31.46 31.62 31.58 31.47 31.40 31.36 31.30
31.57 31.09 31.50 31.31 30.44 31.12 31.58 31.29 31.42 31.16 31.08 29.93 29.40 30.13 30.12 29.67 30.29 30.05 30.14 29.41 29.46 29.97 29.72 29.52 29.76 30.03 29.82 30.07 29.90 29.92 30.12 30.42 30.59 30.97 31.15 30.70 31.11 30.94 30.67 30.71 30.69 30.77 30.82 31.10 31.28 31.18 30.94 31.17 31.34 30.90 31.10 31.22 31.06 31.01 30.79 30.44 31.01 31.11 30.68 30.79 31.08 30.64 30.93 30.99 31.25 31.23 31.27 31.27 31.05 31.38 31.32 31.30 31.43 31.44 31.31 31.01 31.31
31.70 31.15 31.01 31.26 30.68 31.03 31.15 30.37 30.75 30.58 30.41 30.57 30.57 29.80 29.72 29.77 29.83 29.90 30.01 30.01 29.36 28.57 29.12 29.65 29.60 29.76 29.83 30.54 30.17 29.81 30.04 30.69 30.61 30.73 30.55 30.62 30.87 30.80 30.88 30.97 30.96 30.46 30.93 30.95 31.22 31.04 31.05 30.96 30.83 30.44 30.86 31.34 31.09 30.66 30.27 30.83 31.20 31.28 30.70 30.65 30.68 29.97 30.58 30.77 30.95 31.04 30.61 31.22 31.36 31.54 31.56 31.16 31.13 31.06 31.10 31.04 31.06
31.71 31.64 30.80 31.39 31.20 31.63 31.64 31.62 31.16 31.07 30.76 31.12 30.84 30.34 30.27 29.91 30.46 30.12 29.71 29.85 29.74 29.73 30.10 30.12 29.98 30.11 30.00 30.57 29.91 30.29 30.87 30.53 30.83 30.92 30.71 30.86 30.87 30.67 30.59 30.98 30.73 30.85 30.95 30.73 31.14 30.88 30.84 30.51 30.72 31.28 30.71 30.61 30.68 30.13 30.66 30.66 31.27 31.59 30.77 30.44 30.84 30.35 30.92 30.41 31.00 31.12 31.03 31.09 31.28 31.16 31.38 31.26 31.31 31.13 30.64 30.69 30.62
31.74 31.58 30.78 31.33 30.81 31.47 31.53 31.63 31.44 30.12 30.07 30.95 30.62 30.33 30.69 30.96 30.87 30.45 30.44 30.26 29.92 29.62 30.32 30.02 30.07 30.52 30.63 31.03 30.42 30.97 31.17 30.66 30.70 30.95 30.46 30.65 30.63 30.54 30.81 30.85 30.94 31.02 31.01 30.71 31.22 31.12 30.90 30.85 31.20 30.73 31.00 31.37 31.10 30.34 31.14 30.57 31.09 30.77 30.74 30.35 30.41 30.88 30.29 30.90 31.49 30.70 31.59 31.51 31.29 31.40 31.33 31.45 31.36 31.29 30.99 31.08 31.02
31.73 31.50 30.67 30.69 31.12 31.48 31.50 31.51 31.22 30.53 30.33 29.80 31.07 30.44 30.56 30.32 29.69 29.89 29.43 30.38 30.52 30.16 30.10 29.46 29.71 30.12 29.97 30.42 30.33 29.58 30.00 30.53 30.59 30.64 30.70 30.93 31.06 30.97 31.06 31.04 30.84 30.80 31.00 30.43 31.13 31.32 31.18 30.54 30.83 30.94 30.94 31.36 31.29 30.94 30.91 30.51 30.94 30.07 30.48 31.14 31.41 31.22 31.08 31.10 31.10 30.82 30.82 31.43 31.49 31.32 30.82 31.11 31.36 31.37 31.25 31.20 31.10
31.60 31.75 31.50 31.24 31.57 31.36 31.27 31.05 30.59 30.99 31.28 30.87 30.72 30.60 30.21 30.07 29.76 29.88 29.97 30.11 29.77 28.92 29.60 28.92 28.84 29.86 29.82 30.14 30.29 30.08 29.94 30.65 30.11 30.30 30.39 30.64 30.83 30.88 30.88 30.89 30.65 30.73 30.81 30.97 30.58 31.19 30.93 30.84 30.92 30.80 30.90 31.14 31.14 31.11 31.08 30.98 30.51 30.73 31.29 30.88 31.58 31.28 31.05 31.35 30.83 31.00 30.43 30.87 31.02 30.90 30.59 30.91 31.25 31.19 31.27 31.21 30.95
31.69 31.68 31.63 31.33 31.44 31.15 31.29 31.03 30.64 30.41 30.47 30.28 30.44 30.05 29.71 29.16 29.50 28.93 29.32 29.47 29.74 29.15 28.94 29.92 29.99 29.42 29.77 29.56 29.90 29.94 29.93 30.21 30.67 30.51 30.50 30.53 31.01 30.70 30.65 30.72 30.76 30.88 30.14 30.51 30.01 30.60 30.47 30.14 30.66 30.96 31.06 31.12 31.12 31.05 30.96 31.36 31.33 31.25 30.90 30.70 31.25 31.15 31.28 30.71 30.90 31.06 31.46 31.05 30.66 30.55 30.96 31.05 31.37 31.18 31.09 31.19 31.04
31.84 31.64 31.42 31.48 31.69 31.54 31.43 31.50 31.28 30.82 30.47 31.16 31.14 30.12 29.54 29.55 29.16 30.17 29.62 28.78 29.55 29.43 29.67 29.45 29.68 29.54 29.53 29.11 29.70 29.98 30.05 29.19 30.04 30.64 31.08 30.48 30.29 30.56 30.46 30.75 30.88 30.74 30.84 30.40 29.99 30.19 30.75 30.62 30.31 30.55 30.69 30.45 30.66 30.81 30.92 30.84 31.26 31.22 30.98 31.30 31.43 31.60 31.41 31.00 30.82 31.09 30.27 30.58 30.68 30.71 30.60 31.15 31.12 31.06 31.00 31.11 31.07
31.88 31.80 31.59 31.72 31.71 31.67 31.66 31.66 31.60 31.46 31.40 31.53 31.45 30.99 30.29 30.12 30.31 30.27 30.17 29.10 29.67 29.94 30.06 29.25 29.13 29.33 29.66 29.89 29.70 29.58 29.70 29.36 29.42 29.97 30.56 30.38 30.13 30.18 30.86 30.48 30.29 30.75 30.66 31.34 31.00 30.87 30.96 30.58 30.76 30.61 30.98 30.92 30.74 30.86 30.67 30.65 30.12 30.85 30.82 30.90 31.47 31.57 31.41 31.24 31.12 31.18 30.42 30.25 30.62 30.92 30.83 31.22 31.37 31.31 31.11 31.05 31.24
31.87 31.79 31.76 31.74 31.71 31.68 31.69 31.67 31.60 31.56 31.56 31.64 31.41 31.64 31.20 30.09 30.03 29.91 29.52 29.66 29.78 28.91 29.29 29.94 29.07 29.74 30.53 29.82 29.91 29.88 29.92 30.05 30.41 29.67 30.04 30.71 30.07 30.00 29.98 30.38 30.23 30.82 31.22 31.06 31.23 30.93 30.75 30.75 30.97 31.10 31.01 31.06 30.73 30.62 30.49 30.42 30.65 31.23 30.90 31.21 30.82 31.39 31.47 31.25 31.03 30.62 30.76 30.73 30.64 31.08 31.17 31.44 31.48 31.47 31.36 31.31 31.11
31.88 31.84 31.74 31.77 31.68 31.69 31.71 31.67 31.67 31.65 31.66 31.65 31.68 31.67 31.18 30.37 30.61 29.74 29.90 29.36 28.89 29.49 29.21 29.46 29.12 29.95 29.61 29.74 29.92 29.90 30.53 29.93 31.06 29.89 29.69 30.31 29.91 30.10 30.09 30.04 30.36 30.53 30.34 30.61 30.84 31.23 30.80 31.05 31.42 30.94 31.16 30.94 30.60 30.26 30.41 30.43 30.61 30.42 31.03 31.01 30.80 30.36 30.80 30.49 30.83 30.77 30.78 31.35 31.33 31.18 31.31 31.52 31.55 31.50 31.39 31.40 31.21
31.90 31.85 31.66 31.72 31.70 31.66 31.72 31.71 31.67 31.66 31.66 31.65 31.68 31.71 30.61 29.95 30.00 30.22 29.82 29.32 29.04 28.93 28.65 28.58 29.38 29.45 29.50 29.87 29.60 29.67 30.22 30.79 29.47 29.80 30.18 30.35 29.82 30.00 29.79 30.11 29.53 30.39 30.09 30.61 30.88 31.06 31.29 31.19 31.07 31.02 31.13 30.72 30.93 30.98 30.74 30.57 30.69 30.54 31.01 30.63 30.36 30.72 31.04 31.06 30.90 30.86 31.12 31.26 31.35 31.32 31.43 31.50 31.53 31.53 31.46 31.45 31.41
31.87 31.80 31.66 31.71 31.66 31.68 31.71 31.67 31.70 31.71 31.70 31.67 31.64 31.50 31.40 31.33 29.54 29.37 30.41 29.70 30.02 29.88 28.70 28.87 30.10 28.94 28.96 29.46 29.76 29.88 30.12 29.82 29.60 30.27 30.14 29.29 29.68 29.89 30.38 30.26 30.02 30.12 30.26 30.77 30.30 30.86 31.18 31.29 31.19 31.24 31.21 31.06 30.89 30.69 30.24 29.61 30.05 30.66 30.63 30.05 30.57 30.85 30.88 31.02 31.08 30.92 31.23 31.23 31.06 31.24 31.51 31.57 31.53 31.49 31.58 31.62 31.51
