main/data/irradiance/12.10.2023.grid
ncols 839
nrows 679
xllcenter 112.0500
yllcenter -43.9500
cellsize 0.0500
nodata_value 99999.90
[rows 136 to 169 of 679, columns 154 to 230 of 839]
99999.90 99999.90 99999.90 99999.90 99999.90 99999.90 99999.90 99999.90 99999.90 99999.90 99999.90 99999.90 99999.90 99999.90 99999.90 99999.90 99999.90 99999.90 99999.90 99999.90 99999.90 99999.90 99999.90 99999.90 99999.90 99999.90 99999.90 99999.90 99999.90 99999.90 99999.90 99999.90 99999.90 99999.90 99999.90 99999.90 99999.90 99999.90 99999.90 27.20 27.20 27.22 27.22 27.22 27.22 27.22 27.22 27.38 27.38 27.38 27.38 27.38 27.33 27.33 27.19 27.19 27.19 27.19 27.32 27.29 27.34 27.34 27.33 27.36 27.39 27.40 27.37 27.25 27.25 27.25 27.34 27.34 27.33 27.33 26.11 25.98 25.98
99999.90 99999.90 99999.90 99999.90 99999.90 99999.90 99999.90 99999.90 99999.90 99999.90 99999.90 99999.90 99999.90 99999.90 99999.90 99999.90 99999.90 99999.90 99999.90 99999.90 99999.90 99999.90 99999.90 99999.90 99999.90 99999.90 99999.90 99999.90 99999.90 99999.90 99999.90 99999.90 99999.90 99999.90 99999.90 99999.90 99999.90 99999.90 99999.90 27.20 27.20 27.20 27.22 27.22 27.22 27.22 27.22 27.22 27.38 27.38 27.38 27.38 27.33 27.33 27.33 27.14 27.14 27.14 27.22 27.28 27.30 27.16 27.10 27.24 27.27 27.26 27.30 27.32 27.32 27.34 27.34 27.33 27.33 27.33 27.22 27.22 27.22
99999.90 99999.90 99999.90 99999.90 99999.90 99999.90 99999.90 99999.90 99999.90 99999.90 99999.90 99999.90 99999.90 99999.90 99999.90 99999.90 99999.90 99999.90 99999.90 99999.90 99999.90 99999.90 99999.90 99999.90 99999.90 99999.90 99999.90 99999.90 99999.90 99999.90 99999.90 99999.90 99999.90 99999.90 99999.90 99999.90 99999.90 99999.90 99999.90 27.20 27.20 27.20 27.20 27.20 27.22 27.22 27.22 27.22 27.22 27.38 27.38 27.38 27.38 27.33 27.33 27.22 27.42 27.42 27.28 27.18 27.27 27.14 27.07 26.94 27.25 27.31 27.28 27.35 27.34 27.34 27.33 27.33 27.33 27.33 27.22 27.22 27.22
99999.90 99999.90 99999.90 99999.90 99999.90 99999.90 99999.90 99999.90 99999.90 99999.90 99999.90 99999.90 99999.90 99999.90 99999.90 99999.90 99999.90 99999.90 99999.90 99999.90 99999.90 99999.90 99999.90 99999.90 99999.90 99999.90 99999.90 99999.90 99999.90 99999.90 99999.90 99999.90 99999.90 99999.90 99999.90 99999.90 99999.90 99999.90 27.02 27.20 27.20 27.20 27.20 27.20 27.20 27.22 27.22 27.22 27.22 27.22 27.38 27.38 27.38 27.33 27.33 27.22 27.23 27.29 27.25 27.29 27.27 27.11 26.94 27.19 27.25 27.31 27.27 27.10 27.22 27.33 27.33 27.33 27.35 27.35 27.22 27.22 27.22
99999.90 99999.90 99999.90 99999.90 99999.90 99999.90 99999.90 99999.90 99999.90 99999.90 99999.90 99999.90 99999.90 99999.90 99999.90 99999.90 99999.90 99999.90 99999.90 99999.90 99999.90 99999.90 99999.90 99999.90 99999.90 99999.90 99999.90 99999.90 99999.90 99999.90 99999.90 99999.90 99999.90 99999.90 99999.90 99999.90 99999.90 99999.90 27.02 27.20 27.20 27.20 27.20 27.20 27.20 27.20 27.13 27.22 27.22 27.22 27.22 27.38 27.38 27.17 27.20 27.27 27.27 27.17 27.25 27.23 27.22 27.23 27.19 27.05 27.01 27.06 27.28 27.38 27.30 27.36 27.36 27.35 27.35 27.35 27.22 27.22 27.22
99999.90 99999.90 99999.90 99999.90 99999.90 99999.90 99999.90 99999.90 99999.90 99999.90 99999.90 99999.90 99999.90 99999.90 99999.90 99999.90 99999.90 99999.90 99999.90 99999.90 99999.90 99999.90 99999.90 99999.90 99999.90 99999.90 99999.90 99999.90 99999.90 99999.90 99999.90 99999.90 99999.90 99999.90 99999.90 99999.90 99999.90 99999.90 27.02 27.20 27.20 27.20 27.20 27.20 27.20 27.20 27.20 27.13 27.13 27.22 27.22 27.22 27.07 27.14 27.11 27.24 27.26 27.23 27.06 26.93 27.30 27.00 26.31 27.15 27.15 27.13 27.24 27.30 27.35 27.33 27.35 27.35 27.35 27.15 27.12 27.12 27.12
99999.90 99999.90 99999.90 99999.90 99999.90 99999.90 99999.90 99999.90 99999.90 99999.90 99999.90 99999.90 99999.90 99999.90 99999.90 99999.90 99999.90 99999.90 99999.90 99999.90 99999.90 99999.90 99999.90 99999.90 99999.90 99999.90 99999.90 99999.90 99999.90 99999.90 99999.90 99999.90 99999.90 99999.90 99999.90 99999.90 99999.90 99999.90 27.02 27.20 27.20 27.20 27.20 27.20 27.20 27.20 27.20 27.20 27.13 27.13 26.80 26.80 26.74 27.14 27.03 27.15 27.17 27.06 26.97 26.35 26.61 27.26 27.04 27.04 27.30 27.31 27.32 27.33 27.36 27.34 27.33 27.33 27.15 27.15 27.34 27.12 27.12
99999.90 99999.90 99999.90 99999.90 99999.90 99999.90 99999.90 99999.90 99999.90 99999.90 99999.90 99999.90 99999.90 99999.90 99999.90 99999.90 99999.90 99999.90 99999.90 99999.90 99999.90 99999.90 99999.90 99999.90 99999.90 99999.90 99999.90 99999.90 99999.90 99999.90 99999.90 99999.90 99999.90 99999.90 99999.90 99999.90 99999.90 99999.90 27.02 27.20 27.20 27.20 27.20 27.20 27.20 27.20 27.20 27.20 27.20 27.13 27.13 25.73 25.45 26.29 25.32 25.21 26.04 26.01 26.39 26.69 27.03 26.91 27.10 27.28 27.34 27.30 27.33 27.30 27.28 27.25 27.27 27.15 27.15 27.34 27.34 27.12 27.29
99999.90 99999.90 99999.90 99999.90 99999.90 99999.90 99999.90 99999.90 99999.90 99999.90 99999.90 99999.90 99999.90 99999.90 99999.90 99999.90 99999.90 99999.90 99999.90 99999.90 99999.90 99999.90 99999.90 99999.90 99999.90 99999.90 99999.90 99999.90 99999.90 99999.90 99999.90 99999.90 99999.90 99999.90 99999.90 99999.90 99999.90 99999.90 27.02 27.20 27.20 27.20 27.20 27.20 27.20 27.20 27.20 27.20 27.20 27.20 27.15 26.34 26.38 26.01 25.02 24.22 23.80 23.74 26.00 25.61 25.91 26.06 26.85 27.15 27.25 27.26 27.31 27.32 27.25 27.22 27.22 27.20 27.34 27.34 27.34 27.59 27.39
99999.90 99999.90 99999.90 99999.90 99999.90 99999.90 99999.90 99999.90 99999.90 99999.90 99999.90 99999.90 99999.90 99999.90 99999.90 99999.90 99999.90 99999.90 99999.90 99999.90 99999.90 99999.90 99999.90 99999.90 99999.90 99999.90 99999.90 99999.90 99999.90 99999.90 99999.90 99999.90 99999.90 99999.90 99999.90 99999.90 99999.90 99999.90 27.02 27.02 27.02 27.09 27.09 27.09 27.09 27.09 27.09 27.09 27.09 27.09 27.14 27.05 26.91 26.85 26.61 26.34 25.88 26.59 26.66 26.40 26.67 27.08 26.99 27.09 27.07 27.16 27.16 27.14 27.15 27.16 27.13 27.46 27.45 27.45 27.59 27.59 27.53
99999.90 99999.90 99999.90 99999.90 99999.90 99999.90 99999.90 99999.90 99999.90 99999.90 99999.90 99999.90 99999.90 99999.90 99999.90 99999.90 99999.90 99999.90 99999.90 99999.90 99999.90 99999.90 99999.90 99999.90 99999.90 99999.90 99999.90 99999.90 99999.90 99999.90 99999.90 99999.90 99999.90 99999.90 99999.90 99999.90 99999.90 99999.90 27.02 27.02 27.02 27.02 27.02 27.02 27.23 27.23 27.23 27.23 27.23 27.23 27.23 27.18 27.05 27.25 27.25 27.15 27.06 26.96 26.65 26.84 26.73 26.51 27.02 26.94 26.60 27.20 27.06 27.08 26.88 27.10 26.98 27.54 27.50 27.59 27.59 27.59 27.53
99999.90 99999.90 99999.90 99999.90 99999.90 99999.90 99999.90 99999.90 99999.90 99999.90 99999.90 99999.90 99999.90 99999.90 99999.90 99999.90 99999.90 99999.90 99999.90 99999.90 99999.90 99999.90 99999.90 99999.90 99999.90 99999.90 99999.90 99999.90 99999.90 99999.90 99999.90 99999.90 99999.90 99999.90 99999.90 99999.90 99999.90 99999.90 27.02 27.02 27.02 27.02 27.02 27.02 27.02 27.02 27.02 27.21 27.21 27.21 27.24 27.11 26.90 27.06 27.00 26.45 26.04 26.34 25.79 26.18 26.46 26.58 26.71 27.02 27.10 27.27 27.17 27.15 27.26 27.17 27.06 27.38 27.62 27.59 27.59 27.00 27.61
99999.90 99999.90 99999.90 99999.90 99999.90 99999.90 99999.90 99999.90 99999.90 99999.90 99999.90 99999.90 99999.90 99999.90 99999.90 99999.90 99999.90 99999.90 99999.90 99999.90 99999.90 99999.90 99999.90 99999.90 99999.90 99999.90 99999.90 99999.90 99999.90 99999.90 99999.90 99999.90 99999.90 99999.90 99999.90 99999.90 99999.90 99999.90 27.02 27.02 27.02 27.02 27.02 27.02 27.02 27.02 27.02 27.02 27.02 27.02 27.22 27.12 26.77 26.53 26.50 27.04 26.14 26.17 26.50 26.39 26.76 26.69 26.64 26.86 27.16 27.22 27.18 27.18 27.12 27.17 27.14 27.19 27.29 26.72 27.00 27.00 27.46
99999.90 99999.90 99999.90 99999.90 99999.90 99999.90 99999.90 99999.90 99999.90 99999.90 99999.90 99999.90 99999.90 99999.90 99999.90 99999.90 99999.90 99999.90 99999.90 99999.90 99999.90 99999.90 99999.90 99999.90 99999.90 99999.90 99999.90 99999.90 99999.90 99999.90 99999.90 99999.90 99999.90 99999.90 99999.90 99999.90 99999.90 99999.90 27.02 27.02 27.02 27.02 27.02 27.02 27.02 27.02 27.02 27.02 27.02 27.09 27.07 26.64 26.20 26.41 26.30 26.44 26.44 26.16 26.16 27.01 26.88 26.52 26.38 27.04 27.05 27.15 27.24 27.27 27.09 27.03 27.01 26.97 27.01 26.76 27.07 27.50 27.50
99999.90 99999.90 99999.90 99999.90 99999.90 99999.90 99999.90 99999.90 99999.90 99999.90 99999.90 99999.90 99999.90 99999.90 99999.90 99999.90 99999.90 99999.90 99999.90 99999.90 99999.90 99999.90 99999.90 99999.90 99999.90 99999.90 99999.90 99999.90 99999.90 99999.90 99999.90 99999.90 99999.90 99999.90 99999.90 99999.90 99999.90 99999.90 26.99 26.99 26.99 26.99 26.99 26.99 26.99 26.99 26.99 26.99 26.99 27.21 27.07 26.84 26.45 25.78 26.78 26.54 26.79 26.09 26.90 27.00 26.89 26.40 26.02 27.10 27.11 27.24 27.28 27.30 27.18 27.10 27.25 27.17 26.92 26.89 27.40 27.48 27.48
99999.90 99999.90 99999.90 99999.90 99999.90 99999.90 99999.90 99999.90 99999.90 99999.90 99999.90 99999.90 99999.90 99999.90 99999.90 99999.90 99999.90 99999.90 99999.90 99999.90 99999.90 99999.90 99999.90 99999.90 99999.90 99999.90 99999.90 99999.90 99999.90 99999.90 99999.90 99999.90 99999.90 99999.90 99999.90 99999.90 99999.90 99999.90 26.99 26.99 26.99 26.99 26.99 26.99 26.99 26.99 26.99 26.99 26.99 27.23 27.22 27.19 27.15 26.93 27.07 26.66 27.08 27.08 27.08 26.70 27.13 27.01 27.09 27.24 27.18 27.14 27.31 27.30 27.24 27.14 27.23 27.10 26.96 27.00 27.48 27.41 27.44
99999.90 99999.90 99999.90 99999.90 99999.90 99999.90 99999.90 99999.90 99999.90 99999.90 99999.90 99999.90 99999.90 99999.90 99999.90 99999.90 99999.90 99999.90 99999.90 99999.90 99999.90 99999.90 99999.90 99999.90 99999.90 99999.90 99999.90 99999.90 99999.90 99999.90 99999.90 99999.90 99999.90 99999.90 99999.90 99999.90 99999.90 99999.90 26.99 26.99 26.99 26.99 26.99 26.99 26.99 26.99 26.99 27.25 27.25 27.25 27.26 27.24 27.29 27.06 26.96 26.85 27.01 27.02 26.67 27.10 27.06 27.13 27.07 27.09 27.07 27.14 27.29 27.30 27.22 27.02 27.05 26.82 26.48 27.34 27.16 27.28 27.01
99999.90 99999.90 99999.90 99999.90 99999.90 99999.90 99999.90 99999.90 99999.90 99999.90 99999.90 99999.90 99999.90 99999.90 99999.90 99999.90 99999.90 99999.90 99999.90 99999.90 99999.90 99999.90 99999.90 99999.90 99999.90 99999.90 99999.90 99999.90 99999.90 99999.90 99999.90 99999.90 99999.90 99999.90 99999.90 99999.90 99999.90 99999.90 26.99 26.99 26.99 26.99 26.99 26.99 26.99 27.25 27.25 27.25 27.25 27.25 27.25 27.12 27.15 27.26 27.00 27.12 26.64 27.07 27.10 26.83 27.10 27.04 27.12 27.13 27.09 26.74 26.98 27.19 27.09 26.89 27.05 26.92 26.82 26.71 25.95 26.21 25.90
99999.90 99999.90 99999.90 99999.90 99999.90 99999.90 99999.90 99999.90 99999.90 99999.90 99999.90 99999.90 99999.90 99999.90 99999.90 99999.90 99999.90 99999.90 99999.90 99999.90 99999.90 99999.90 99999.90 99999.90 99999.90 99999.90 99999.90 99999.90 99999.90 99999.90 99999.90 99999.90 99999.90 99999.90 99999.90 99999.90 99999.90 99999.90 26.99 26.99 26.99 26.99 26.99 27.25 27.25 27.25 27.25 27.25 27.35 27.35 27.35 27.24 27.26 27.19 27.02 27.05 26.83 26.89 26.88 27.03 27.18 27.10 27.17 27.19 26.66 26.76 27.13 27.10 27.10 26.97 26.66 26.66 25.90 26.18 26.62 26.50 26.62
99999.90 99999.90 99999.90 99999.90 99999.90 99999.90 99999.90 99999.90 99999.90 99999.90 99999.90 99999.90 99999.90 99999.90 99999.90 99999.90 99999.90 99999.90 99999.90 99999.90 99999.90 99999.90 99999.90 99999.90 99999.90 99999.90 99999.90 99999.90 99999.90 99999.90 99999.90 99999.90 99999.90 99999.90 99999.90 99999.90 99999.90 99999.90 26.99 26.99 26.99 27.25 27.25 27.25 27.25 27.25 27.29 27.29 27.29 27.29 27.29 27.15 27.15 27.07 26.90 26.91 26.91 26.90 26.91 27.06 26.98 26.80 27.10 27.07 27.00 27.16 27.16 27.22 27.13 26.90 26.73 26.14 26.58 25.84 26.87 27.05 26.85
99999.90 99999.90 99999.90 99999.90 99999.90 99999.90 99999.90 99999.90 99999.90 99999.90 99999.90 99999.90 99999.90 99999.90 99999.90 99999.90 99999.90 99999.90 99999.90 99999.90 99999.90 99999.90 99999.90 99999.90 99999.90 99999.90 99999.90 99999.90 99999.90 99999.90 99999.90 99999.90 99999.90 99999.90 99999.90 99999.90 99999.90 27.13 26.99 27.25 27.25 27.25 27.19 27.19 27.19 27.19 27.19 27.19 27.19 27.19 27.19 27.11 27.10 27.03 27.04 26.99 26.97 27.07 27.19 27.15 27.02 26.92 26.91 26.97 27.02 27.08 27.07 27.07 27.18 27.25 26.93 27.11 27.13 26.98 26.88 26.75 26.88
99999.90 99999.90 99999.90 99999.90 99999.90 99999.90 99999.90 99999.90 99999.90 99999.90 99999.90 99999.90 99999.90 99999.90 99999.90 99999.90 99999.90 99999.90 99999.90 99999.90 99999.90 99999.90 99999.90 99999.90 99999.90 99999.90 99999.90 99999.90 99999.90 99999.90 99999.90 99999.90 99999.90 99999.90 99999.90 99999.90 27.15 27.13 26.99 27.25 27.24 27.24 27.24 27.24 27.24 27.24 27.24 27.24 27.24 27.24 27.24 27.13 27.15 27.12 26.95 26.94 27.14 26.98 27.10 27.18 27.13 27.12 26.96 26.91 27.02 26.93 27.04 27.14 27.19 27.26 27.23 27.14 27.20 27.04 26.78 26.71 27.07
99999.90 99999.90 99999.90 99999.90 99999.90 99999.90 99999.90 99999.90 99999.90 99999.90 99999.90 99999.90 99999.90 99999.90 99999.90 99999.90 99999.90 99999.90 99999.90 99999.90 99999.90 99999.90 99999.90 99999.90 99999.90 99999.90 99999.90 99999.90 99999.90 99999.90 99999.90 99999.90 99999.90 99999.90 99999.90 27.18 27.15 27.15 27.13 27.13 27.33 27.33 27.33 27.33 27.33 27.33 27.33 27.33 27.33 27.33 27.33 27.15 27.33 27.41 27.32 27.28 27.28 27.08 27.13 27.33 27.19 27.12 26.97 27.02 27.03 26.89 26.82 27.10 26.97 27.14 27.21 27.04 27.08 27.10 27.11 26.88 27.07
99999.90 99999.90 99999.90 99999.90 99999.90 99999.90 99999.90 99999.90 99999.90 99999.90 99999.90 99999.90 99999.90 99999.90 99999.90 99999.90 99999.90 99999.90 99999.90 99999.90 99999.90 99999.90 99999.90 99999.90 99999.90 99999.90 99999.90 99999.90 99999.90 99999.90 99999.90 99999.90 27.26 27.26 27.26 27.26 27.26 27.26 27.26 27.26 27.13 27.33 27.33 27.33 27.33 27.33 27.33 27.33 27.33 27.33 27.33 27.15 27.33 27.55 27.42 27.38 27.33 27.27 27.26 27.19 27.17 27.11 27.05 27.07 27.03 26.93 26.81 26.89 26.92 26.98 27.00 27.22 27.01 26.97 27.28 27.20 27.30
99999.90 99999.90 99999.90 99999.90 99999.90 99999.90 99999.90 99999.90 99999.90 99999.90 99999.90 99999.90 99999.90 99999.90 99999.90 99999.90 99999.90 99999.90 99999.90 99999.90 99999.90 99999.90 99999.90 99999.90 99999.90 99999.90 99999.90 99999.90 99999.90 99999.90 99999.90 27.23 27.26 27.26 27.26 27.26 27.26 27.26 27.26 27.26 27.13 27.13 27.10 27.10 27.33 27.33 27.33 27.33 27.33 27.33 27.33 27.15 27.52 27.52 27.42 27.37 27.18 27.09 27.06 27.11 27.13 27.02 27.02 27.13 27.05 27.01 26.86 26.75 26.74 26.83 26.74 26.88 26.18 27.10 27.21 27.25 27.33
99999.90 99999.90 99999.90 99999.90 99999.90 99999.90 99999.90 99999.90 99999.90 99999.90 99999.90 99999.90 99999.90 99999.90 99999.90 99999.90 99999.90 99999.90 99999.90 99999.90 99999.90 99999.90 99999.90 99999.90 99999.90 99999.90 99999.90 99999.90 99999.90 99999.90 99999.90 27.23 27.23 27.26 27.26 27.26 27.26 27.26 27.26 27.26 27.26 27.13 27.13 27.10 27.10 27.28 27.28 27.28 27.28 27.40 27.21 27.21 27.54 27.54 27.34 27.27 27.11 27.16 27.12 27.11 27.12 27.07 26.94 27.11 27.05 27.00 27.08 27.06 26.88 26.88 26.50 27.03 26.92 27.29 27.26 27.30 27.35
99999.90 99999.90 99999.90 99999.90 99999.90 99999.90 99999.90 99999.90 99999.90 99999.90 99999.90 99999.90 99999.90 99999.90 99999.90 99999.90 99999.90 99999.90 99999.90 99999.90 99999.90 99999.90 99999.90 99999.90 99999.90 99999.90 99999.90 99999.90 99999.90 99999.90 99999.90 27.23 27.23 27.23 27.26 27.26 27.26 27.26 27.26 27.26 27.26 27.15 27.13 27.13 27.10 27.10 27.28 27.28 27.28 27.28 27.40 27.21 27.21 27.26 27.14 27.14 27.14 27.12 27.11 27.16 27.22 27.17 27.17 27.07 26.98 27.13 27.17 27.30 27.21 27.23 27.09 27.19 27.23 27.24 27.20 27.20 27.20
99999.90 99999.90 99999.90 99999.90 99999.90 99999.90 99999.90 99999.90 99999.90 99999.90 99999.90 99999.90 99999.90 99999.90 99999.90 99999.90 99999.90 99999.90 99999.90 99999.90 99999.90 99999.90 99999.90 99999.90 99999.90 99999.90 99999.90 99999.90 99999.90 99999.90 27.33 27.23 27.23 27.23 27.23 27.26 27.26 27.26 27.26 27.26 27.26 27.26 27.15 27.13 27.13 27.10 27.10 27.28 27.28 27.28 27.40 27.40 27.33 27.02 27.03 26.98 27.12 27.14 27.03 27.16 27.28 27.21 27.08 26.87 27.08 27.20 27.33 27.35 27.29 26.97 27.25 27.23 27.27 27.26 27.21 27.28 27.24
99999.90 99999.90 99999.90 99999.90 99999.90 99999.90 99999.90 99999.90 99999.90 99999.90 99999.90 99999.90 99999.90 99999.90 99999.90 99999.90 99999.90 99999.90 99999.90 99999.90 99999.90 99999.90 99999.90 99999.90 99999.90 99999.90 99999.90 99999.90 27.27 27.27 27.27 27.23 27.23 27.23 27.23 27.23 27.26 27.26 27.26 27.26 27.26 27.26 27.15 27.15 27.13 27.13 27.10 27.10 27.28 27.28 27.30 27.05 27.01 27.03 26.83 26.85 26.99 27.03 27.21 27.18 27.22 27.25 27.16 27.17 27.24 27.24 27.31 27.28 27.26 27.15 27.20 27.23 27.26 27.24 27.19 27.29 27.30
99999.90 99999.90 99999.90 99999.90 99999.90 99999.90 99999.90 99999.90 99999.90 99999.90 99999.90 99999.90 99999.90 99999.90 99999.90 99999.90 99999.90 99999.90 99999.90 99999.90 99999.90 99999.90 99999.90 99999.90 99999.90 99999.90 99999.90 99999.90 27.27 27.27 27.27 27.23 27.23 27.23 27.23 27.23 27.23 27.26 27.26 27.26 27.26 27.26 27.26 27.15 27.15 27.13 27.13 27.10 27.10 27.34 27.12 27.08 27.05 27.00 26.97 26.99 26.95 26.93 26.98 26.97 27.10 27.31 27.27 27.08 27.22 27.22 27.30 27.33 27.25 27.24 27.05 27.17 27.27 27.19 27.21 27.36 27.27
99999.90 99999.90 99999.90 99999.90 99999.90 99999.90 99999.90 99999.90 99999.90 99999.90 99999.90 99999.90 99999.90 99999.90 99999.90 99999.90 99999.90 99999.90 99999.90 99999.90 99999.90 99999.90 99999.90 99999.90 99999.90 99999.90 99999.90 99999.90 27.27 27.27 27.27 27.27 27.23 27.23 27.23 27.23 27.23 27.23 27.26 27.26 27.26 27.26 27.26 27.18 27.15 27.15 27.13 27.13 27.12 27.22 27.24 27.03 27.01 26.92 26.93 27.05 26.97 26.94 27.03 27.14 27.09 27.20 27.20 27.12 27.10 27.29 27.29 27.31 27.17 27.25 27.05 27.29 27.33 27.29 27.31 27.34 27.29
99999.90 99999.90 99999.90 99999.90 99999.90 99999.90 99999.90 99999.90 99999.90 99999.90 99999.90 99999.90 99999.90 99999.90 99999.90 99999.90 99999.90 99999.90 99999.90 99999.90 99999.90 99999.90 99999.90 99999.90 99999.90 99999.90 99999.90 99999.90 27.27 27.27 27.27 27.27 27.27 27.23 27.23 27.23 27.23 27.23 27.23 27.26 27.26 27.26 27.26 27.23 27.18 27.15 27.15 27.17 27.23 27.26 27.12 27.18 27.12 27.08 27.07 27.09 27.11 27.13 27.10 27.11 27.16 27.16 27.14 27.23 27.25 27.30 27.32 27.32 27.40 27.41 27.30 27.34 27.33 27.28 27.25 27.26 27.31
99999.90 99999.90 99999.90 99999.90 99999.90 99999.90 99999.90 99999.90 99999.90 99999.90 99999.90 99999.90 99999.90 99999.90 99999.90 99999.90 99999.90 99999.90 99999.90 99999.90 99999.90 99999.90 99999.90 99999.90 99999.90 99999.90 99999.90 27.37 27.27 27.27 27.27 27.27 27.27 27.27 27.27 27.23 27.23 27.23 27.23 27.23 27.26 27.26 27.26 27.23 27.18 27.18 27.25 27.26 27.30 27.28 27.33 27.35 27.27 27.28 27.25 27.19 27.18 27.22 27.23 27.15 27.16 27.23 27.22 27.26 27.25 27.26 27.24 27.33 27.38 27.41 27.38 27.24 27.13 27.05 27.09 27.17 27.22
99999.90 99999.90 99999.90 99999.90 99999.90 99999.90 99999.90 99999.90 99999.90 99999.90 99999.90 99999.90 99999.90 99999.90 99999.90 99999.90 99999.90 99999.90 99999.90 99999.90 99999.90 99999.90 99999.90 99999.90 99999.90 99999.90 99999.90 27.37 27.27 27.27 27.27 27.27 27.27 27.27 27.27 27.27 27.23 27.23 27.23 27.23 27.23 27.26 27.26 27.23 27.16 27.18 27.20 27.20 27.27 27.28 27.32 27.32 27.33 27.28 27.21 27.20 27.21 27.21 27.20 27.23 27.18 27.24 27.26 27.24 27.22 27.22 27.21 27.34 27.37 27.41 27.31 27.31 27.20 27.14 27.05 27.14 27.22
