main/data/irradiance/12.12.2023.grid
ncols 839
nrows 679
xllcenter 112.0500
yllcenter -43.9500
cellsize 0.0500
nodata_value 99999.90
[rows 238 to 271 of 679, columns 616 to 692 of 839]
29.19 29.58 30.37 30.56 30.14 30.31 30.03 30.32 30.05 30.07 29.97 29.97 29.82 29.01 28.40 28.82 29.78 29.23 28.99 29.86 28.98 28.66 29.02 28.61 29.42 28.60 27.03 27.91 26.96 27.45 27.66 25.93 26.06 24.89 23.20 23.03 22.11 21.80 22.98 22.04 21.42 22.50 23.03 22.37 21.82 21.91 21.46 21.00 22.30 23.71 23.92 25.75 25.81 23.35 22.58 17.84 16.70 16.02 15.19 14.55 14.48 15.06 15.92 14.63 13.62 14.76 12.89 12.52 14.16 16.13 16.77 16.91 18.06 19.91 20.73 21.29 22.82
28.82 29.39 29.72 30.07 29.30 29.57 29.77 29.02 29.59 30.00 29.05 29.00 29.46 29.17 28.64 28.97 29.56 29.61 29.10 28.62 29.24 28.75 28.89 29.48 29.49 28.66 27.67 28.71 27.58 26.88 27.07 25.89 26.31 24.97 25.10 24.38 23.17 23.41 22.03 22.51 21.47 22.30 23.26 22.55 22.47 23.11 22.22 22.86 22.20 23.10 23.52 25.07 26.26 23.88 23.69 20.53 20.39 16.10 15.22 16.24 14.69 13.72 15.12 14.74 13.45 14.18 12.40 11.55 13.33 14.81 14.26 18.27 19.83 21.69 22.08 21.36 22.83
28.12 29.29 29.03 29.02 28.57 29.64 29.15 28.90 29.45 29.15 28.64 29.05 29.36 28.99 29.26 29.47 29.89 29.67 29.71 29.93 29.90 29.53 29.77 29.47 29.69 29.17 28.14 28.74 27.67 26.10 26.71 26.05 25.71 26.30 24.64 23.89 23.46 23.27 22.22 22.18 22.13 22.63 24.17 23.90 22.65 23.74 22.42 22.74 22.50 22.53 23.83 23.97 24.52 24.83 23.39 20.38 18.40 17.52 14.10 15.87 15.82 15.27 16.06 14.28 11.98 12.04 13.15 13.15 14.14 14.62 14.40 17.55 19.54 19.13 20.17 21.68 23.36
28.19 29.75 29.72 29.99 28.47 29.67 28.70 28.51 29.18 29.11 29.49 30.10 29.51 29.86 29.76 29.59 29.85 29.89 30.13 30.23 30.00 30.11 29.85 29.64 29.10 29.13 28.56 28.81 26.62 26.70 26.72 26.32 26.58 25.36 26.06 25.70 24.27 23.36 24.02 22.75 22.35 22.44 24.73 24.03 23.55 23.94 23.08 22.21 22.59 24.19 24.40 23.74 24.22 24.44 23.97 20.28 18.07 17.32 13.53 14.25 18.29 17.81 18.42 14.70 13.15 13.51 14.52 16.17 15.95 15.05 15.38 18.24 17.86 17.16 17.79 19.32 22.40
29.32 30.25 30.42 30.38 29.63 29.59 29.85 29.56 29.02 29.76 29.49 29.66 29.81 29.41 30.13 29.94 29.81 29.91 30.16 30.58 30.46 29.80 29.68 29.86 29.05 29.28 28.83 28.44 28.33 26.94 26.44 25.72 26.79 25.81 25.86 25.10 24.12 23.67 23.54 23.66 23.42 23.26 23.91 23.68 23.53 23.90 23.61 22.03 21.76 22.40 23.31 24.29 24.31 24.14 23.10 21.08 17.76 14.83 11.12 13.27 17.67 19.99 19.16 16.43 14.24 14.57 16.29 18.18 19.10 17.60 15.65 16.88 18.04 18.50 16.77 19.71 21.12
28.31 28.78 29.42 30.32 29.99 29.91 29.26 29.99 30.23 30.10 29.76 30.03 28.68 29.63 29.82 29.68 29.35 29.62 29.68 30.10 30.29 30.35 30.26 29.80 29.81 29.77 28.82 29.08 28.38 27.71 27.34 26.41 26.52 26.11 25.90 25.61 23.42 25.06 24.08 24.71 25.04 24.31 23.47 24.26 23.64 23.81 23.53 22.68 23.27 22.55 22.87 23.84 24.68 23.68 23.05 21.19 18.06 16.29 12.76 12.64 15.08 18.85 19.79 16.79 16.16 15.18 17.85 20.59 21.69 20.19 16.82 16.23 18.58 20.12 19.15 21.07 20.84
27.13 28.44 29.86 29.30 29.84 29.26 29.54 29.06 28.25 29.21 29.57 27.99 28.18 28.65 29.66 29.31 29.45 29.82 29.87 29.91 30.15 30.56 30.41 30.22 30.22 30.09 28.92 29.16 28.86 27.94 27.91 27.61 26.61 26.01 26.73 25.80 24.13 25.13 25.38 24.43 25.88 24.90 23.67 24.23 25.28 24.36 24.17 24.11 22.45 21.48 23.24 23.59 24.79 24.33 22.67 19.86 17.19 16.67 13.81 12.97 15.84 19.58 16.64 17.56 16.68 16.76 19.17 20.82 22.96 22.10 18.93 17.12 17.67 20.75 21.54 21.38 19.39
26.84 27.24 29.13 28.77 28.74 29.27 29.02 28.94 29.52 28.90 29.40 28.95 28.30 28.76 29.50 29.87 29.99 30.37 30.26 29.60 30.10 30.47 30.46 30.05 30.19 29.66 30.00 29.05 29.14 29.02 28.33 27.90 27.68 27.54 26.90 26.14 26.13 25.97 26.05 25.10 25.07 24.74 23.75 24.72 24.66 24.17 24.41 24.32 22.31 22.29 21.56 21.85 24.12 24.39 23.19 18.98 17.37 16.80 15.55 15.57 18.04 20.22 18.40 19.12 18.52 17.74 18.98 18.90 20.91 19.73 18.67 16.97 17.57 19.56 19.32 20.39 22.18
26.71 26.47 28.29 28.93 29.11 28.85 28.76 29.36 28.66 29.67 28.71 29.35 29.19 29.07 28.84 30.32 29.42 29.35 30.07 29.90 29.50 29.95 29.67 29.95 30.18 30.12 29.72 29.63 29.04 29.47 29.80 29.21 29.27 28.51 27.77 27.42 27.24 25.98 27.10 26.09 25.17 24.41 25.00 25.45 24.78 24.36 24.84 24.96 23.46 22.50 20.67 20.70 24.65 24.84 21.83 19.71 18.26 18.34 17.07 17.44 19.13 20.07 17.71 19.95 19.33 19.69 17.44 18.15 18.46 19.48 17.99 17.99 20.30 21.56 17.92 17.63 20.71
25.69 26.79 28.78 28.55 28.04 29.19 28.87 28.44 29.46 28.47 28.64 29.21 29.54 28.90 29.23 29.00 29.07 29.51 30.01 30.27 29.56 29.89 29.79 30.05 30.32 30.44 30.38 30.24 30.43 29.98 30.14 28.93 28.94 28.62 28.04 28.38 27.65 26.42 26.38 25.51 25.00 24.52 24.16 24.11 24.63 25.40 25.79 25.39 23.34 22.49 19.42 19.81 23.28 21.61 18.46 17.85 17.49 16.95 16.97 20.09 20.41 17.39 18.33 17.43 18.96 19.40 19.33 18.26 19.34 17.12 16.85 16.17 19.31 19.86 20.18 18.64 19.36
25.30 25.68 26.87 28.63 28.42 28.56 29.56 28.61 29.37 29.03 29.12 28.90 28.28 28.48 28.79 28.56 28.74 29.46 30.34 30.34 30.48 30.46 30.57 30.38 30.51 30.37 30.61 30.34 29.98 29.16 29.54 29.24 29.11 29.20 28.53 28.36 27.04 26.63 26.16 25.82 25.66 24.74 23.80 24.26 24.35 24.28 24.79 25.72 25.26 23.91 21.24 18.22 22.02 21.59 19.27 18.44 18.48 17.11 17.20 18.07 19.94 17.44 18.01 16.51 18.79 19.21 20.98 18.29 19.47 18.30 15.47 15.57 18.27 17.77 20.83 21.20 21.43
26.24 26.28 25.26 26.56 28.12 28.84 29.25 27.33 28.26 27.87 27.52 28.12 28.27 28.88 29.51 29.51 29.51 29.89 30.47 30.72 30.45 30.42 30.44 30.75 30.50 30.45 30.58 29.85 29.71 29.68 29.88 29.67 29.39 29.41 29.74 29.11 28.17 28.06 27.85 26.83 25.61 24.74 24.43 24.56 24.68 24.08 24.80 25.96 24.66 23.76 21.47 18.52 20.79 21.59 20.19 18.06 16.83 17.82 16.41 16.85 20.10 19.74 21.09 20.02 18.46 19.20 20.95 18.65 18.18 17.01 15.45 14.02 15.47 17.00 19.20 22.05 22.60
24.38 25.58 27.78 25.10 27.06 27.42 26.86 27.21 27.46 27.99 28.64 27.90 28.93 29.12 28.83 29.08 29.44 29.35 30.26 30.43 30.56 30.28 30.52 30.53 30.51 30.67 30.47 30.21 30.25 30.33 30.30 30.33 29.88 29.48 29.39 29.71 30.08 29.61 28.91 27.56 26.08 26.29 25.83 25.07 24.81 24.33 24.55 24.07 23.52 24.85 22.15 18.92 19.73 22.01 20.78 20.61 17.87 16.96 16.00 18.56 20.41 19.77 20.28 21.67 19.63 18.49 19.46 17.76 17.44 17.43 13.85 12.10 14.28 15.87 17.89 19.06 21.45
23.63 24.56 25.54 24.43 26.86 26.48 27.04 27.43 28.06 27.38 28.42 28.45 29.25 28.76 29.19 28.53 29.63 28.84 29.41 30.49 30.50 30.55 30.68 30.57 30.60 30.76 30.62 30.57 30.61 30.55 30.71 30.37 30.22 29.37 29.53 29.93 30.37 29.50 29.34 28.58 27.32 26.75 26.89 26.31 25.82 24.85 23.43 22.78 23.56 24.79 23.71 21.21 21.19 23.17 22.75 22.16 20.21 19.02 16.69 18.69 20.85 20.54 20.57 19.69 20.46 18.60 19.11 18.92 20.35 19.03 15.58 13.16 13.75 14.66 17.50 20.37 21.34
20.39 23.38 22.02 24.21 26.09 26.33 26.88 26.97 27.20 27.93 28.50 27.53 29.76 28.70 28.64 28.27 29.80 29.60 29.87 30.35 30.57 30.68 30.60 30.68 30.79 30.72 30.77 30.56 30.63 30.64 30.69 30.63 30.50 29.87 29.31 29.71 29.48 29.89 29.65 29.17 27.76 27.20 26.48 26.11 26.49 25.78 23.47 22.89 24.70 24.65 23.73 24.11 24.51 24.32 24.92 23.41 21.84 19.24 18.92 19.55 21.37 22.26 19.03 19.81 19.81 20.17 19.98 20.38 19.83 19.64 17.10 14.28 13.80 15.21 18.25 19.00 22.27
22.30 22.17 22.39 23.31 25.24 25.70 27.14 26.64 25.10 27.11 27.85 27.93 28.60 28.32 28.11 29.03 29.82 28.63 29.25 30.24 30.54 30.50 30.73 30.84 30.74 30.85 30.82 30.66 30.70 30.49 30.54 30.41 30.25 29.87 28.68 28.70 29.57 30.08 29.58 29.39 28.41 27.14 27.05 26.89 26.40 26.85 25.53 23.70 25.95 24.66 23.87 24.30 23.93 24.61 26.32 25.65 22.96 20.44 20.47 19.38 20.88 21.84 19.87 20.57 19.94 19.64 20.20 20.76 19.40 19.05 16.87 15.06 15.06 16.39 19.32 19.33 21.35
20.09 23.53 23.33 23.13 25.46 25.46 24.29 25.87 26.70 25.93 27.53 27.94 28.69 28.74 29.39 28.31 28.21 29.18 29.85 29.70 29.85 30.82 30.75 30.67 30.70 30.87 30.86 30.54 30.44 30.36 29.81 29.94 30.12 29.35 28.61 28.68 29.17 29.73 29.69 30.04 28.81 28.67 28.16 28.00 27.72 27.71 26.28 24.93 25.19 24.15 23.45 25.91 26.68 26.42 26.33 25.50 23.29 21.26 21.01 21.41 21.69 21.59 20.81 20.18 20.08 19.12 20.45 20.08 19.72 18.26 16.64 16.95 18.10 20.28 21.60 21.29 20.15
22.63 21.05 22.13 22.38 23.49 24.87 25.68 25.12 24.74 26.05 26.24 27.39 26.28 27.63 27.58 28.38 28.81 29.49 29.85 30.11 30.22 30.72 30.86 30.33 30.16 30.63 30.59 30.25 29.65 29.69 29.69 29.66 30.01 29.68 28.38 29.64 29.89 30.01 30.48 30.23 29.50 28.42 27.79 27.39 27.57 28.09 26.92 25.99 25.62 25.21 24.82 25.63 27.01 26.44 25.38 26.21 23.21 21.07 20.61 21.70 23.29 22.84 22.37 21.40 22.16 19.72 21.20 21.24 18.20 16.86 17.46 18.04 17.50 19.91 21.98 23.04 21.64
26.00 21.71 21.89 22.53 22.80 24.50 24.59 25.58 25.69 24.36 25.52 26.09 25.55 26.15 26.83 28.54 29.29 29.11 28.90 30.41 30.33 30.66 30.78 30.63 29.76 29.70 30.39 29.69 29.60 29.86 30.07 30.50 30.08 30.21 30.30 30.57 30.72 29.85 29.99 29.96 29.81 29.00 28.25 27.89 27.76 27.47 27.87 26.72 27.25 26.75 25.07 25.88 27.16 27.74 26.31 26.15 23.52 20.42 20.33 21.35 23.12 24.80 23.55 22.50 22.48 19.75 21.30 20.74 21.52 17.48 18.69 19.25 19.18 19.84 23.02 20.72 22.06
25.32 24.39 24.03 22.10 23.01 23.03 24.14 25.21 25.04 26.11 27.03 26.96 28.69 28.60 28.76 29.37 29.39 28.83 29.84 29.77 30.46 30.33 30.04 30.44 30.33 29.85 30.00 29.98 30.02 29.97 30.51 30.50 30.62 30.55 30.68 30.56 30.55 29.95 29.52 29.84 29.93 29.73 29.78 28.61 28.01 27.82 27.16 27.49 27.75 28.90 27.06 26.43 27.77 26.73 27.04 27.47 23.58 20.44 19.37 20.44 23.41 23.90 22.61 22.28 22.66 21.39 22.02 21.13 21.60 18.50 17.61 17.75 19.38 20.67 21.34 21.41 21.31
27.08 23.46 21.08 20.53 21.56 21.72 23.24 24.77 25.24 26.52 28.60 28.98 29.10 28.95 29.40 27.85 28.63 27.39 28.75 29.02 29.61 30.26 30.44 30.05 30.51 30.14 29.93 30.27 30.52 30.19 30.64 30.66 30.18 30.58 30.69 29.80 30.23 29.61 29.47 30.03 29.63 29.80 29.55 29.05 28.50 27.75 27.16 26.53 28.30 28.81 27.82 26.79 26.42 26.60 26.72 25.87 23.52 20.91 20.59 19.99 21.19 22.42 23.24 22.39 22.71 22.19 20.73 20.47 20.15 18.09 19.13 18.50 18.21 19.66 19.95 20.41 20.51
26.35 23.41 22.86 25.44 23.38 22.70 23.75 24.80 25.19 27.49 29.50 28.12 28.49 29.35 28.99 28.60 27.02 26.43 26.72 28.03 28.65 28.72 29.44 29.79 30.38 30.02 30.33 30.46 30.69 30.62 30.11 30.03 29.98 30.21 30.29 29.86 29.64 29.75 29.50 29.49 29.06 28.40 29.14 29.30 29.45 28.97 28.45 28.41 28.47 28.92 27.96 27.24 25.88 26.42 26.98 24.81 22.99 21.09 20.63 21.11 23.20 23.33 24.64 25.57 24.37 23.37 21.68 20.99 19.78 17.82 19.06 20.10 20.79 22.48 19.81 20.32 21.34
27.24 25.27 24.24 23.22 24.48 23.90 25.03 25.23 26.22 26.55 27.07 28.01 28.52 27.89 27.64 26.22 26.10 26.02 26.60 27.41 28.03 30.03 30.20 30.82 30.28 29.83 30.13 30.13 30.47 30.30 29.99 30.24 29.95 29.98 30.24 30.06 29.41 29.96 30.03 29.95 28.20 28.84 28.41 29.38 29.55 29.77 29.42 29.59 29.87 29.81 29.19 28.85 27.73 27.20 26.46 25.05 24.24 22.56 20.93 21.39 22.87 24.15 23.86 24.79 26.90 25.21 24.32 21.76 20.26 19.32 19.12 20.59 21.13 22.60 22.34 22.11 22.65
26.19 26.98 24.37 23.10 22.72 22.11 23.54 24.85 23.94 23.16 26.43 26.76 26.18 28.78 28.30 27.89 26.35 27.94 26.94 27.74 28.35 29.38 29.07 29.98 29.30 29.66 29.98 30.64 30.08 29.70 29.35 30.14 29.64 30.42 30.25 29.85 29.60 29.90 29.74 29.28 27.88 28.21 27.92 28.27 28.61 28.98 29.44 29.85 29.96 29.56 29.23 28.96 28.60 28.16 27.42 27.06 25.84 23.25 19.44 20.38 22.36 22.62 24.35 23.44 25.78 26.15 24.89 21.72 19.90 18.82 18.75 22.03 22.40 22.45 21.48 22.22 21.77
26.71 26.11 25.28 22.36 21.87 21.66 22.97 23.34 23.35 23.47 23.43 26.40 25.49 27.15 27.39 29.27 28.08 28.48 27.05 25.91 28.40 28.90 29.11 30.22 30.03 30.04 30.05 30.40 30.44 28.46 28.99 29.25 29.91 29.87 30.13 29.76 29.77 30.08 29.65 29.09 27.12 28.04 28.17 28.11 28.84 29.74 29.97 30.11 30.37 30.17 29.82 29.25 29.14 28.15 27.22 27.19 26.02 24.00 21.26 20.97 23.21 23.50 22.93 23.48 25.24 25.03 25.44 22.38 21.61 19.79 20.29 22.36 23.32 23.56 22.85 22.56 22.05
28.06 27.00 25.57 26.02 22.25 22.30 23.15 22.11 22.11 23.43 23.66 24.32 25.02 27.26 28.47 28.55 27.99 28.28 28.98 28.95 28.04 29.01 30.40 29.90 29.26 29.13 29.67 29.86 30.15 30.39 28.58 28.66 29.10 29.82 29.33 29.01 29.34 29.78 28.46 28.46 27.22 28.36 28.01 28.30 28.73 29.77 30.20 30.38 30.45 30.30 29.41 29.21 28.86 27.61 28.05 28.07 26.81 25.75 23.79 22.61 23.00 23.76 23.15 22.72 24.36 25.90 24.09 23.33 22.42 21.96 22.28 23.10 24.65 24.05 24.82 23.25 22.66
27.28 27.16 24.46 25.89 24.62 23.10 21.22 23.00 21.17 21.79 21.79 23.03 26.40 26.25 27.30 27.71 28.29 28.30 29.18 28.83 28.58 29.16 29.19 28.72 28.56 29.42 28.79 29.19 28.98 28.98 28.20 28.30 29.43 29.76 28.54 28.56 28.66 29.15 28.98 27.80 28.09 28.05 27.88 28.13 28.88 29.38 30.48 30.49 30.47 30.44 30.62 29.28 29.25 27.86 27.13 27.82 26.64 26.52 23.39 23.51 23.81 25.22 25.48 22.68 23.20 24.99 24.24 23.99 24.12 22.89 24.27 24.41 25.32 24.25 26.69 24.05 24.87
27.47 27.39 27.56 25.38 25.28 25.36 22.74 22.73 22.56 23.74 24.79 24.26 26.65 26.27 28.42 28.28 28.51 28.02 27.55 27.33 27.28 27.78 27.81 28.52 28.36 27.57 28.20 29.28 28.63 28.54 28.00 28.56 28.10 29.33 29.27 28.72 28.16 29.41 29.03 28.09 27.97 27.35 27.94 28.66 29.28 29.23 29.66 29.99 29.67 30.21 30.32 29.54 28.25 28.31 27.51 27.19 26.57 26.30 24.54 23.81 25.13 26.54 26.55 22.44 23.97 26.44 25.70 25.82 25.39 23.99 25.76 24.93 25.15 25.77 26.67 25.27 26.73
27.50 28.17 27.83 24.98 26.13 26.35 24.98 22.22 20.02 21.56 22.80 23.10 23.84 26.45 27.66 29.08 28.52 28.55 26.69 26.13 27.22 26.83 27.18 27.41 28.43 27.64 28.81 28.40 28.91 27.90 27.43 28.21 28.51 28.19 28.94 28.86 29.08 27.56 27.35 27.79 28.53 27.83 27.64 27.40 28.37 28.94 29.25 29.62 29.62 29.85 30.25 29.24 28.02 28.02 26.88 27.18 27.63 26.56 26.41 24.58 24.68 27.04 26.07 24.58 24.78 26.90 27.76 27.85 26.57 25.47 26.82 26.09 26.22 26.70 26.79 27.15 27.06
27.92 27.68 27.94 26.30 26.95 25.58 25.98 24.98 22.96 21.05 21.64 22.32 22.89 23.58 26.66 27.39 28.14 27.83 27.73 27.29 28.29 28.05 27.70 26.88 26.97 27.83 27.63 27.91 29.01 27.81 28.29 28.43 29.49 28.06 28.31 28.80 29.17 28.48 27.49 27.37 28.15 27.81 27.83 27.80 27.79 28.29 28.04 27.95 28.89 29.20 29.71 29.59 27.18 26.82 25.74 26.68 26.78 26.41 26.78 25.21 24.75 25.88 25.78 26.11 25.25 26.98 28.22 27.77 27.82 27.64 26.09 26.79 27.49 26.82 27.08 27.68 26.10
27.84 28.35 27.85 27.50 26.53 25.10 25.86 24.75 24.67 24.46 22.48 21.43 23.45 22.78 23.54 26.44 27.04 27.43 28.07 26.89 27.24 27.17 26.90 26.78 25.69 26.18 27.99 27.35 29.16 29.28 27.60 28.43 28.59 28.71 29.57 29.99 29.61 29.17 28.09 27.23 28.55 29.13 28.76 28.35 27.00 26.82 27.95 27.90 27.73 27.98 28.49 29.02 27.66 26.89 26.83 26.25 26.84 25.88 26.80 25.77 25.93 26.07 26.36 27.68 26.74 26.57 27.90 27.52 27.28 28.39 26.85 26.60 26.00 24.88 25.44 25.33 24.66
28.48 28.42 27.79 26.31 27.76 26.09 26.69 24.90 24.39 25.13 24.97 24.16 24.97 23.10 23.86 24.25 25.26 24.19 26.52 26.48 28.42 27.88 27.73 26.07 25.85 28.17 27.45 28.01 27.98 29.04 28.50 29.52 28.97 29.47 30.09 28.99 29.79 29.23 29.42 28.40 28.51 29.25 29.43 29.13 26.93 27.56 27.42 27.64 26.47 26.75 27.99 27.78 27.69 26.93 26.38 26.38 26.77 26.03 26.12 25.47 26.48 26.85 26.86 27.75 27.53 26.49 27.80 28.13 27.08 28.06 28.19 27.05 25.59 23.75 25.26 24.43 24.47
28.39 27.15 27.53 28.38 26.55 26.68 27.48 25.76 24.38 24.02 25.32 23.78 22.31 24.75 25.22 25.56 23.49 25.46 25.20 26.58 28.56 26.83 28.61 26.82 26.76 27.15 26.34 28.01 28.12 28.48 30.17 30.57 29.70 30.00 29.73 29.37 28.69 28.42 28.95 29.22 29.43 28.61 28.59 27.10 27.51 27.66 26.74 26.22 26.46 27.49 27.24 26.51 26.80 25.86 26.02 26.57 26.14 25.60 25.90 26.81 28.06 27.54 27.27 27.33 26.76 26.33 26.73 27.61 27.48 28.43 27.94 26.42 26.18 25.33 25.73 26.34 24.56
28.20 28.14 26.98 27.45 26.87 26.49 26.54 26.06 26.04 25.27 26.36 23.81 22.93 22.81 23.07 24.59 23.29 25.64 25.87 26.45 27.80 26.99 27.94 27.27 27.36 25.64 26.51 27.04 28.39 29.70 29.22 29.88 29.86 29.33 28.76 28.88 28.57 28.38 28.73 28.21 27.25 26.90 28.27 27.77 27.84 27.02 27.36 27.03 26.47 27.20 26.81 26.95 26.15 25.54 25.47 27.07 25.78 26.35 25.15 25.06 26.54 25.58 26.36 26.80 26.12 26.31 25.23 28.01 27.92 28.83 27.66 26.46 26.99 26.86 26.54 26.31 25.58
