main/data/irradiance/13.01.2023.grid
ncols 839
nrows 679
xllcenter 112.0500
yllcenter -43.9500
cellsize 0.0500
nodata_value 99999.90
[rows 238 to 271 of 679, columns 308 to 384 of 839]
30.15 30.21 30.19 30.19 30.32 30.28 30.38 30.51 30.43 30.06 30.03 30.24 30.08 30.06 29.86 29.93 28.72 28.94 28.80 28.79 28.98 28.85 27.88 28.14 28.16 28.18 28.37 28.98 28.32 29.46 27.55 28.43 28.60 27.45 27.31 27.04 27.21 27.01 25.91 27.37 26.28 26.28 27.56 28.97 26.47 26.78 26.62 26.21 26.73 28.40 28.26 25.01 24.62 25.05 26.97 27.24 26.80 27.28 26.10 26.38 25.24 25.17 23.25 21.10 20.12 19.39 19.92 20.41 19.99 19.65 19.65 20.24 18.41 17.29 18.99 21.28 22.29
30.06 29.61 30.04 30.24 30.32 30.30 30.36 30.44 30.15 30.29 29.91 29.89 29.75 29.93 29.90 28.98 28.92 29.35 29.67 28.94 28.88 28.64 27.60 26.96 27.92 28.55 28.22 28.20 28.34 29.42 29.53 28.54 27.02 26.97 27.00 27.04 27.46 27.01 26.11 26.40 26.26 26.89 25.85 26.63 25.38 25.93 25.54 26.95 27.89 26.98 26.22 25.38 24.73 25.42 25.94 26.03 26.09 27.03 26.45 26.73 25.48 25.21 23.13 22.16 22.28 21.85 22.03 22.48 21.94 20.26 20.26 20.30 19.71 18.78 17.94 20.46 19.91
30.24 30.06 29.69 30.25 30.18 29.99 29.80 29.75 29.76 29.92 29.68 29.88 29.95 30.04 29.81 29.31 29.86 29.10 29.20 29.00 29.27 29.37 28.89 28.01 28.02 28.70 29.35 30.12 30.26 29.74 29.21 29.77 28.49 28.26 29.19 28.64 28.14 27.74 28.32 28.41 29.26 27.49 24.94 24.78 25.25 26.47 26.60 27.05 28.02 27.86 27.00 26.29 25.45 24.76 24.31 25.10 25.73 26.57 27.53 26.83 24.77 23.73 22.35 22.92 23.36 24.30 23.24 23.77 21.24 20.08 20.63 19.76 19.65 19.31 19.34 18.65 18.02
29.86 29.81 29.01 28.49 29.87 30.17 30.06 29.84 29.51 29.92 29.85 30.30 30.05 30.06 30.02 29.83 30.09 30.25 29.86 30.12 30.41 30.05 29.63 28.37 29.54 29.38 29.81 30.37 29.61 28.75 28.91 28.97 27.98 27.26 27.57 28.06 27.59 27.29 28.24 28.46 28.25 27.33 25.64 26.00 25.36 26.31 26.75 27.02 28.08 27.96 28.21 26.98 26.44 26.12 26.38 27.02 26.44 25.93 25.16 25.82 24.29 23.33 25.00 25.13 24.22 23.19 23.39 23.94 22.31 20.97 20.61 19.47 18.05 17.66 17.37 17.23 16.60
29.47 29.48 29.47 29.21 29.39 29.47 29.90 29.71 30.06 30.06 29.98 30.23 30.31 29.36 30.11 29.97 29.87 30.03 30.23 29.88 29.75 29.82 29.51 27.50 29.02 29.88 29.50 29.86 28.98 28.91 28.88 29.32 27.85 27.14 27.23 26.58 27.00 27.70 28.90 27.92 28.27 26.93 25.45 26.08 26.33 26.76 27.16 26.94 28.17 28.13 27.25 27.13 26.75 26.22 27.04 27.34 27.50 26.04 26.65 25.96 24.10 23.49 24.13 26.25 24.74 22.37 23.32 23.43 22.55 22.51 21.12 20.18 17.54 17.02 16.21 16.22 16.88
29.22 29.28 29.37 29.91 29.80 29.88 30.06 30.49 29.86 29.95 29.71 30.38 30.20 30.00 29.90 29.67 29.76 29.79 29.57 28.91 29.48 29.68 29.54 28.60 29.10 29.39 29.24 29.41 29.38 28.84 28.90 29.88 28.27 27.04 27.53 26.63 26.66 28.18 27.67 26.86 27.51 25.44 24.22 23.52 25.80 26.97 27.49 27.24 27.09 26.30 26.51 26.90 27.20 27.34 27.44 27.73 26.53 25.72 26.37 25.21 24.61 22.60 23.13 25.98 24.48 23.75 24.92 23.76 23.15 22.97 21.77 21.30 17.95 17.38 16.72 16.33 17.40
30.12 30.17 30.36 30.34 29.94 29.90 29.69 29.85 29.69 30.21 30.29 30.17 29.70 29.62 29.48 29.87 29.39 29.92 29.69 29.11 29.39 30.07 29.95 29.70 29.03 29.16 29.40 29.08 28.64 28.19 28.51 29.10 28.02 26.81 27.12 26.21 26.36 26.25 26.57 26.19 25.52 24.41 23.02 22.77 25.41 27.47 26.80 26.72 28.76 28.00 27.39 25.02 25.43 26.31 26.90 27.04 26.16 26.24 26.70 25.46 24.35 23.48 24.31 24.75 24.97 23.57 23.39 23.91 22.96 23.56 22.67 22.26 19.47 17.51 16.65 16.20 16.89
28.65 29.13 30.07 29.97 29.10 30.16 28.46 29.77 29.63 30.03 30.43 30.19 29.68 29.84 29.66 30.18 30.06 29.85 29.66 30.32 30.36 30.37 30.49 30.40 29.44 29.57 29.57 28.81 28.60 28.69 27.71 26.97 28.59 27.17 27.81 27.66 27.73 26.70 26.03 25.46 25.86 23.98 23.16 23.94 24.90 26.21 27.30 26.95 26.98 27.23 26.13 24.48 23.94 25.61 26.40 25.61 25.49 26.30 25.49 24.95 25.12 23.98 24.70 24.93 23.59 23.15 23.77 23.59 23.09 23.52 21.67 21.26 19.30 17.66 17.04 17.53 17.23
28.67 29.22 29.64 29.46 29.71 28.91 29.63 30.12 30.00 29.92 30.14 30.13 30.01 30.07 30.19 30.17 29.73 30.13 30.30 30.54 30.54 30.61 30.23 30.48 30.17 29.25 28.69 28.83 28.27 28.82 28.33 28.99 29.71 29.80 27.88 27.86 27.82 27.91 26.84 26.43 26.56 23.67 23.81 25.68 27.17 28.25 27.11 26.43 26.27 26.65 26.38 22.99 22.64 23.92 24.93 25.35 25.19 26.11 24.79 25.73 25.98 24.33 24.24 23.67 23.68 23.96 23.50 23.30 23.67 23.30 21.55 18.47 19.49 18.60 17.68 17.66 16.75
28.48 28.57 28.58 28.52 27.81 28.61 28.96 30.14 30.24 30.33 30.35 29.72 30.26 29.60 29.87 30.10 30.07 30.26 30.33 30.00 30.05 30.36 30.41 30.16 30.27 30.18 29.09 29.08 28.47 28.37 27.63 28.97 29.17 29.53 28.41 27.35 27.17 27.01 27.15 24.37 25.43 25.08 24.63 26.80 28.42 27.26 26.74 27.00 25.98 25.24 23.74 23.54 22.02 20.39 23.58 25.76 25.84 25.01 25.74 25.92 25.07 24.43 23.48 23.24 23.26 23.59 23.99 24.22 23.51 21.49 21.39 20.27 19.50 20.15 18.40 18.40 17.14
27.17 28.34 26.85 26.39 27.20 27.53 27.68 29.70 28.19 29.50 29.53 29.68 29.59 29.04 29.40 29.34 29.84 30.27 30.04 29.17 29.63 30.26 30.54 30.27 30.35 30.33 30.06 29.24 28.68 28.57 29.01 28.98 28.98 28.93 28.61 26.74 26.24 26.87 25.36 24.32 24.80 25.00 27.01 27.35 27.19 26.61 24.55 25.60 24.81 22.65 22.98 21.91 23.87 22.09 23.71 24.73 25.23 25.21 26.00 26.59 25.46 23.70 23.48 23.26 22.97 22.90 23.95 24.15 23.08 20.94 23.23 22.38 21.09 20.70 20.09 18.46 16.43
27.46 27.47 25.53 26.86 26.02 26.04 27.71 28.93 28.30 27.99 28.26 28.27 29.59 29.94 30.26 29.70 29.71 29.83 29.73 29.70 29.97 30.24 30.25 30.22 30.27 30.35 30.36 29.78 28.15 29.41 29.64 29.05 28.96 27.45 27.41 27.09 25.58 25.32 23.88 23.11 23.82 23.30 23.99 24.93 24.80 24.24 24.27 24.58 24.41 23.38 22.09 23.13 22.94 21.14 23.20 23.62 22.93 24.42 26.36 27.37 26.74 25.80 25.41 24.31 22.51 21.79 22.79 23.15 23.15 21.27 22.91 22.79 22.45 21.26 20.03 19.07 18.11
26.64 25.36 24.14 24.35 24.26 26.88 27.23 29.07 27.67 26.77 27.95 29.50 30.29 30.07 30.34 30.35 30.08 29.93 30.03 30.14 30.29 30.23 30.18 30.20 29.93 29.98 29.52 29.37 29.29 29.25 29.12 28.99 28.90 27.42 28.20 29.17 26.10 25.06 22.53 21.86 21.19 20.76 23.80 24.27 24.73 23.41 23.31 23.03 22.90 24.35 22.74 22.13 22.54 21.63 23.82 23.74 22.99 24.90 26.11 26.30 25.83 25.79 27.10 25.72 23.73 24.08 22.30 22.43 21.02 20.46 21.66 22.96 22.63 20.29 20.57 19.36 19.55
27.03 26.84 25.64 24.32 25.66 26.32 27.29 28.00 27.37 28.36 29.63 30.02 29.82 30.23 30.14 30.11 30.30 30.29 29.70 30.21 30.22 29.86 30.23 30.22 29.92 29.73 29.74 30.08 30.43 29.86 28.46 28.25 28.15 27.29 28.46 28.85 25.38 22.83 23.45 21.72 22.32 21.36 23.44 23.63 24.72 24.57 24.09 23.84 24.16 25.17 21.91 23.51 23.56 24.06 22.87 24.14 24.37 24.01 25.42 25.54 24.80 23.49 26.48 26.01 25.86 24.74 24.07 24.38 23.36 20.00 21.88 22.86 23.91 22.70 23.30 21.36 21.39
25.26 25.37 24.03 24.26 25.46 25.01 27.08 28.08 29.00 29.45 29.90 29.56 29.56 29.84 30.06 29.96 29.42 29.56 29.83 30.12 30.01 29.91 30.05 30.12 30.25 29.73 30.06 30.40 30.44 29.51 26.90 27.06 27.42 27.63 28.67 25.95 25.07 23.99 24.28 25.10 23.19 23.79 24.05 23.56 22.91 23.85 22.80 24.01 24.78 24.28 23.74 23.31 24.02 23.98 24.02 24.77 24.93 22.91 22.64 22.86 23.96 25.20 25.86 24.58 24.75 25.29 25.07 26.06 24.74 23.06 22.85 23.26 24.25 24.38 24.71 22.75 20.78
23.90 23.23 22.69 23.86 23.92 24.88 26.99 28.39 29.73 29.72 29.89 29.57 29.34 29.68 30.05 29.91 30.14 30.17 29.64 29.79 29.79 29.60 30.00 29.83 30.24 30.19 30.35 30.34 30.33 28.75 28.41 26.60 27.95 27.36 26.92 25.80 25.61 24.11 23.64 25.35 25.72 24.54 24.61 24.28 24.47 24.37 22.67 24.19 23.76 23.30 24.80 23.71 24.65 23.49 23.83 23.60 22.16 22.32 22.63 24.47 24.24 23.98 24.34 25.23 25.15 25.37 27.20 25.54 23.58 23.86 24.13 23.73 24.06 24.97 24.17 24.15 22.68
21.46 22.78 22.73 24.68 23.88 23.94 26.12 28.46 29.92 29.88 29.45 29.77 29.84 29.71 29.64 29.78 30.22 30.30 30.47 30.09 29.98 29.85 29.78 30.03 30.14 30.06 29.68 29.65 28.21 28.21 27.44 25.98 27.27 27.42 28.83 28.54 26.92 25.56 25.21 25.65 26.14 25.34 25.38 25.37 24.31 24.09 23.94 24.11 23.92 23.31 23.65 22.49 23.23 23.35 22.95 22.23 22.26 23.56 24.01 23.85 25.35 25.49 25.03 25.21 24.32 24.22 27.63 25.73 25.02 24.17 24.11 25.50 25.91 27.05 25.72 25.94 23.55
23.37 24.17 23.72 23.78 24.44 26.20 26.16 27.65 28.64 28.95 28.34 28.28 27.37 26.89 28.83 28.76 29.60 29.42 29.34 29.27 29.75 30.14 30.03 30.10 29.60 28.70 27.85 27.55 26.44 26.89 27.94 27.10 26.81 28.19 28.87 28.19 26.79 26.11 25.94 25.80 26.73 25.79 26.23 25.43 23.30 24.67 24.55 23.41 21.83 20.56 21.65 22.69 23.44 23.01 22.91 23.36 24.13 24.12 24.60 24.30 25.46 25.30 25.24 26.33 26.72 26.38 26.78 25.96 26.25 24.61 24.86 26.09 27.43 26.06 26.70 27.06 25.77
23.85 25.18 25.51 25.95 25.58 26.08 27.09 28.07 28.02 27.26 26.91 26.11 25.43 25.18 25.60 26.05 27.13 27.76 27.69 27.62 28.41 29.59 29.59 29.34 28.15 27.40 26.27 25.43 27.70 28.06 27.32 26.94 28.65 29.20 28.53 27.87 26.90 26.74 25.38 23.75 24.02 24.28 25.11 24.29 24.48 24.46 24.11 22.66 21.69 20.67 21.68 22.06 22.23 22.03 23.45 23.82 24.64 25.29 24.75 23.75 24.86 25.52 27.12 27.23 26.16 26.25 25.82 24.87 24.26 24.83 23.46 26.98 28.61 26.60 27.20 28.16 25.40
26.70 27.81 26.31 27.60 27.73 27.56 27.22 27.20 26.81 26.65 25.94 25.94 24.76 23.81 25.25 24.66 26.12 27.27 27.11 27.14 26.98 26.76 27.83 27.10 27.09 25.37 23.55 25.02 25.93 26.13 27.62 27.78 28.26 28.55 26.69 24.80 25.03 24.28 24.22 23.85 23.28 22.58 22.97 22.94 23.50 22.87 23.30 21.92 20.95 22.42 21.76 21.93 23.76 23.66 22.97 23.48 23.21 24.04 23.78 25.03 26.37 27.03 27.06 26.62 27.23 26.65 26.40 25.99 23.89 25.24 25.93 28.56 28.74 28.74 28.05 27.51 27.73
26.81 25.84 26.74 26.43 27.30 25.92 26.39 26.13 26.27 25.42 23.91 23.82 23.78 24.28 24.79 24.97 25.21 24.12 25.21 25.29 24.87 26.55 26.24 24.48 23.37 23.38 24.31 26.52 26.89 27.74 28.62 26.00 23.99 24.37 23.51 20.83 22.66 23.56 24.12 24.24 24.00 23.19 21.56 20.38 22.41 23.77 21.94 19.87 19.76 21.39 22.52 24.02 22.94 23.50 23.67 23.85 24.30 24.03 24.50 25.96 26.23 25.42 25.48 26.09 25.88 23.91 24.54 25.80 25.80 25.46 26.99 27.74 28.64 28.19 28.05 27.80 27.68
24.26 24.01 24.48 24.45 25.87 24.77 24.69 23.08 23.46 22.28 22.99 22.06 21.25 21.33 22.07 21.82 22.33 20.52 19.96 20.79 22.41 23.67 25.17 24.26 23.17 23.63 24.56 26.05 26.86 26.91 26.30 25.28 24.03 23.66 24.16 23.44 21.47 21.17 22.04 23.22 23.55 23.73 21.94 19.98 21.54 23.04 20.81 20.49 19.69 20.38 21.37 23.91 23.02 23.54 24.36 24.74 24.35 26.13 25.85 26.09 25.64 24.80 24.99 24.85 26.04 25.55 26.95 26.94 26.63 27.08 27.96 27.78 27.36 27.25 27.73 27.58 26.99
21.71 22.03 22.81 22.54 24.03 23.50 20.81 21.14 21.92 21.09 20.95 21.11 21.05 20.76 20.49 21.09 19.39 19.20 19.93 20.74 21.70 22.49 24.34 25.35 25.76 24.37 24.08 25.28 26.13 25.61 24.35 24.32 23.00 22.29 23.95 23.28 20.73 21.24 20.13 22.07 23.68 22.98 22.70 22.35 20.70 22.07 23.38 23.03 23.08 21.14 24.34 23.46 22.63 24.27 24.06 24.55 26.23 25.91 26.10 25.76 26.91 25.07 25.66 25.79 27.11 25.59 26.85 26.52 26.35 26.08 26.76 27.01 27.87 25.38 24.86 25.83 25.71
21.49 21.43 23.45 22.42 22.51 21.91 19.84 19.05 19.89 20.18 20.06 21.48 21.10 20.02 20.55 20.42 19.77 19.96 19.57 21.14 23.02 23.19 22.99 25.32 25.69 23.50 25.24 26.74 25.20 23.87 23.08 23.67 23.79 23.43 24.19 24.08 21.40 21.60 21.30 20.27 18.04 20.13 22.14 22.78 23.40 22.86 23.57 21.71 20.45 22.45 23.37 24.18 24.88 24.90 25.13 25.69 26.20 25.09 24.24 23.81 26.57 25.48 25.66 25.43 26.57 25.24 25.46 25.74 25.77 25.54 25.29 26.76 26.11 25.36 24.82 24.84 23.91
19.95 20.42 22.34 21.52 20.12 19.47 19.32 17.16 19.31 20.11 20.79 21.54 19.79 19.39 18.60 18.29 19.09 20.34 22.80 23.68 23.24 23.20 24.81 23.60 22.61 21.64 22.62 25.09 24.82 24.81 22.01 20.68 21.97 21.59 21.19 21.53 18.17 16.45 17.90 16.40 18.14 19.49 22.39 22.90 22.49 23.75 23.07 20.91 22.13 23.23 23.37 25.30 24.36 23.17 23.69 25.11 24.72 25.35 24.87 24.45 25.71 26.93 24.98 23.96 25.74 25.86 24.32 24.95 24.94 24.70 24.95 25.55 25.84 24.51 24.90 24.74 24.95
21.09 20.73 21.31 21.58 19.42 20.02 20.36 18.48 19.16 20.71 19.76 18.31 19.77 19.76 18.58 17.78 20.06 21.38 23.60 23.13 21.91 22.14 22.28 22.91 23.11 22.36 22.52 23.00 22.98 22.12 18.97 18.41 17.68 18.71 19.55 19.23 15.26 15.21 17.47 19.06 21.20 21.86 22.31 22.73 21.51 24.13 22.64 22.33 23.33 23.07 24.26 24.61 24.30 22.93 23.22 23.90 23.49 25.14 25.35 24.81 24.85 25.74 25.01 23.70 25.80 24.74 24.60 25.24 24.22 26.25 24.37 24.95 24.80 25.11 24.49 23.69 23.50
19.72 20.05 21.22 20.78 19.56 21.18 22.78 19.66 18.21 18.85 19.10 18.80 19.98 19.70 19.57 19.02 20.67 20.80 22.77 21.86 20.71 20.81 21.67 22.08 20.76 21.09 20.94 20.30 20.11 21.83 20.78 19.99 19.34 19.62 18.98 19.63 18.87 17.82 19.77 21.90 22.93 23.49 20.27 18.57 19.60 20.56 23.10 25.02 24.19 23.70 23.66 24.07 24.49 23.07 22.94 23.85 26.21 25.77 25.21 25.22 25.46 25.26 25.20 23.90 25.70 26.00 24.61 25.21 24.26 24.38 24.65 23.94 24.39 24.99 23.70 24.13 25.54
16.29 19.55 20.90 22.18 21.30 19.93 20.82 20.68 20.43 20.31 20.46 19.80 20.66 22.61 22.89 22.69 23.13 23.39 24.83 22.98 21.53 21.89 20.07 19.25 20.59 20.81 20.21 20.23 19.60 21.25 20.26 18.52 17.35 18.79 20.18 19.13 19.88 19.63 22.13 21.20 22.08 19.28 18.67 20.73 22.74 21.26 23.01 22.21 22.51 23.36 22.45 23.28 23.39 23.99 23.78 24.19 25.22 24.35 24.11 25.22 25.20 24.68 24.24 25.52 26.36 26.00 25.17 24.85 24.90 23.84 24.40 24.10 23.98 24.51 24.39 23.59 24.83
18.53 20.99 21.68 20.75 20.10 20.37 20.37 20.83 21.06 21.76 20.60 21.36 21.92 22.23 22.67 20.88 19.78 18.06 20.00 20.44 20.37 20.33 18.93 17.86 18.73 19.57 19.07 17.26 17.52 18.75 18.73 16.76 17.67 21.40 21.64 18.99 18.72 19.69 22.18 19.74 20.30 20.80 20.34 21.07 21.88 21.97 20.87 19.91 21.10 24.14 23.17 21.96 23.42 23.90 23.48 24.11 24.78 22.83 23.42 25.15 26.33 24.99 24.93 25.82 25.61 25.36 25.07 24.84 24.36 25.25 25.18 23.85 24.72 23.92 24.97 25.35 24.61
20.51 21.93 22.07 21.04 20.42 22.23 21.98 19.39 19.92 21.39 22.03 21.99 22.07 20.64 22.01 21.57 18.08 17.44 16.52 17.91 16.41 16.18 15.92 16.52 16.69 18.46 18.50 18.58 18.86 21.88 22.37 18.71 20.47 20.58 21.99 20.37 20.58 20.31 20.60 20.42 19.94 21.05 23.32 21.55 21.51 21.16 21.29 20.92 22.01 24.17 22.40 22.24 21.66 22.41 23.27 23.64 23.89 24.27 23.63 23.61 24.64 25.81 26.02 25.41 24.50 23.06 23.99 24.81 24.04 25.02 25.32 24.48 25.40 24.49 25.39 24.76 23.39
19.78 20.78 19.91 20.88 21.15 20.37 21.22 21.37 20.80 21.98 22.60 21.65 19.63 20.64 21.80 20.19 17.83 17.83 17.70 16.97 16.39 16.98 17.26 17.92 18.68 19.52 20.18 21.20 22.30 21.79 20.92 20.38 19.36 21.36 21.61 21.19 20.99 21.29 20.69 20.96 20.67 21.65 24.14 23.28 22.73 22.05 21.88 21.41 22.25 24.22 23.76 23.04 22.35 23.69 24.90 23.47 23.50 24.02 23.90 22.92 24.46 25.06 25.39 24.99 23.47 24.25 22.95 23.33 24.07 23.42 23.44 25.04 24.38 25.58 25.26 23.65 23.56
16.61 15.78 17.31 19.26 19.94 20.27 21.07 21.23 20.88 20.94 20.25 20.34 19.46 18.80 18.54 18.06 17.69 17.21 18.13 18.65 18.96 19.14 19.86 20.71 21.01 19.76 18.78 19.67 19.86 20.44 20.13 22.56 19.02 19.45 19.71 20.87 21.22 20.03 20.52 21.39 20.80 21.97 22.99 22.01 23.12 22.90 22.66 22.28 23.15 22.88 23.15 24.57 25.93 24.72 24.81 24.77 24.49 23.99 23.35 22.61 22.65 23.28 24.34 23.25 22.73 24.01 23.17 22.84 22.98 22.51 23.48 23.59 24.50 23.64 24.42 22.27 23.83
18.00 15.74 16.95 20.08 20.98 21.41 20.55 19.23 19.80 20.77 20.46 20.30 19.87 19.80 19.49 19.12 17.99 19.04 20.25 19.51 20.08 19.39 19.38 19.66 18.41 18.53 18.81 18.77 19.50 19.45 22.18 22.97 19.08 18.25 18.19 19.59 19.69 18.74 20.51 21.43 22.02 23.76 24.55 23.42 24.39 24.73 23.77 23.26 23.99 24.21 24.43 26.82 26.21 25.50 26.31 24.92 22.93 23.04 22.62 22.36 21.53 22.39 24.04 23.79 22.78 22.51 22.69 21.43 19.90 20.61 19.62 20.26 22.19 22.18 23.29 23.13 23.80
18.62 18.36 18.23 19.69 19.88 20.22 21.01 20.59 20.18 20.03 21.09 19.71 19.86 21.38 22.05 21.98 21.25 20.17 20.40 19.56 20.22 18.46 18.72 18.79 17.94 19.76 19.10 19.20 19.82 19.60 18.94 19.88 19.22 19.50 21.19 21.65 20.46 22.69 23.10 24.41 25.91 25.67 24.69 25.12 25.67 24.92 25.30 24.76 25.27 22.80 23.19 24.26 24.18 24.58 24.18 24.13 24.22 22.83 21.37 20.38 21.66 22.46 23.65 24.39 22.61 21.32 20.49 20.11 18.99 18.96 17.58 19.82 19.92 21.76 23.40 23.48 24.32
