main/data/irradiance/13.07.2023.grid
ncols 839
nrows 679
xllcenter 112.0500
yllcenter -43.9500
cellsize 0.0500
nodata_value 99999.90
[rows 306 to 339 of 679, columns 539 to 615 of 839]
15.66 15.69 15.67 15.65 15.65 15.66 15.67 15.67 15.66 15.69 15.68 15.68 15.71 15.67 15.69 15.70 15.69 15.67 15.65 15.64 15.62 15.63 15.66 15.64 15.61 15.57 15.59 15.47 15.60 15.52 15.49 15.51 15.52 15.50 15.60 15.67 15.67 15.66 15.65 15.65 15.64 15.63 15.63 15.66 15.66 15.65 15.65 15.65 15.65 15.63 15.63 15.63 15.64 15.65 15.63 15.62 15.60 15.58 15.58 15.56 15.57 15.61 15.64 15.61 15.61 15.64 15.64 15.63 15.62 15.62 15.59 15.57 15.57 15.57 15.57 15.58 15.59
15.67 15.65 15.64 15.64 15.64 15.65 15.67 15.67 15.69 15.66 15.68 15.66 15.69 15.66 15.65 15.66 15.65 15.66 15.65 15.62 15.60 15.55 15.55 15.57 15.53 15.56 15.62 15.60 15.49 15.49 15.49 15.49 15.30 15.59 15.63 15.63 15.66 15.66 15.64 15.62 15.62 15.62 15.61 15.64 15.65 15.63 15.59 15.58 15.61 15.60 15.60 15.61 15.63 15.58 15.61 15.59 15.58 15.56 15.56 15.56 15.57 15.57 15.59 15.59 15.60 15.64 15.63 15.61 15.58 15.57 15.54 15.51 15.53 15.54 15.54 15.52 15.56
15.66 15.62 15.60 15.64 15.65 15.67 15.66 15.65 15.62 15.61 15.64 15.62 15.63 15.64 15.61 15.61 15.61 15.61 15.61 15.59 15.52 15.49 15.52 15.57 15.57 15.58 15.57 15.46 15.48 15.46 15.45 15.40 15.38 15.54 15.63 15.62 15.59 15.63 15.62 15.60 15.59 15.58 15.59 15.62 15.62 15.60 15.60 15.58 15.59 15.58 15.57 15.59 15.61 15.59 15.57 15.55 15.54 15.54 15.53 15.53 15.55 15.56 15.55 15.56 15.59 15.58 15.62 15.59 15.52 15.49 15.49 15.49 15.47 15.51 15.52 15.50 15.53
15.60 15.58 15.59 15.59 15.61 15.62 15.62 15.63 15.64 15.64 15.60 15.60 15.60 15.59 15.58 15.60 15.62 15.61 15.45 15.49 15.46 15.47 15.54 15.46 15.43 15.44 15.41 15.42 15.43 15.46 15.40 15.48 15.50 15.51 15.50 15.61 15.59 15.58 15.58 15.55 15.57 15.59 15.58 15.62 15.61 15.61 15.59 15.56 15.56 15.55 15.55 15.57 15.58 15.57 15.55 15.53 15.55 15.52 15.52 15.53 15.54 15.54 15.54 15.52 15.51 15.48 15.53 15.47 15.45 15.46 15.48 15.46 15.46 15.48 15.48 15.48 15.53
15.60 15.57 15.56 15.56 15.55 15.56 15.56 15.54 15.58 15.63 15.61 15.59 15.57 15.56 15.54 15.57 15.46 15.46 15.50 15.41 15.49 15.50 15.47 15.42 15.39 15.39 15.40 15.41 15.41 15.43 15.39 15.42 15.52 15.52 15.50 15.56 15.59 15.56 15.55 15.55 15.57 15.58 15.60 15.57 15.56 15.54 15.54 15.53 15.54 15.53 15.54 15.52 15.52 15.54 15.51 15.50 15.51 15.51 15.51 15.51 15.52 15.53 15.51 15.50 15.47 15.44 15.46 15.46 15.49 15.47 15.44 15.41 15.43 15.45 15.45 15.47 15.50
15.57 15.56 15.54 15.54 15.52 15.52 15.54 15.53 15.54 15.56 15.57 15.59 15.56 15.56 15.57 15.57 15.55 15.44 15.45 15.42 15.49 15.43 15.40 15.38 15.38 15.48 15.39 15.39 15.38 15.37 15.43 15.43 15.53 15.50 15.52 15.50 15.55 15.53 15.51 15.51 15.51 15.53 15.54 15.53 15.51 15.50 15.51 15.50 15.51 15.50 15.51 15.51 15.50 15.49 15.49 15.47 15.47 15.48 15.50 15.49 15.49 15.49 15.46 15.48 15.44 15.41 15.45 15.49 15.47 15.41 15.40 15.40 15.42 15.42 15.45 15.46 15.45
15.54 15.55 15.55 15.53 15.54 15.51 15.51 15.52 15.52 15.55 15.56 15.56 15.57 15.57 15.57 15.56 15.53 15.48 15.45 15.41 15.44 15.44 15.44 15.39 15.43 15.46 15.38 15.36 15.34 15.34 15.37 15.43 15.52 15.54 15.53 15.54 15.52 15.49 15.48 15.49 15.48 15.49 15.49 15.49 15.51 15.51 15.51 15.49 15.49 15.49 15.48 15.47 15.48 15.49 15.49 15.47 15.47 15.47 15.49 15.48 15.47 15.46 15.45 15.46 15.43 15.40 15.42 15.41 15.40 15.38 15.37 15.38 15.38 15.40 15.44 15.46 15.45
15.53 15.53 15.54 15.51 15.51 15.51 15.50 15.51 15.52 15.53 15.56 15.58 15.58 15.48 15.52 15.51 15.46 15.48 15.51 15.51 15.50 15.49 15.49 15.49 15.50 15.42 15.34 15.34 15.34 15.35 15.33 15.38 15.50 15.53 15.51 15.50 15.47 15.46 15.47 15.47 15.46 15.49 15.47 15.48 15.42 15.50 15.49 15.45 15.47 15.50 15.48 15.45 15.46 15.47 15.47 15.46 15.43 15.44 15.47 15.44 15.44 15.44 15.44 15.41 15.38 15.39 15.43 15.39 15.36 15.38 15.36 15.37 15.38 15.42 15.44 15.43 15.44
15.50 15.51 15.52 15.51 15.50 15.50 15.49 15.49 15.50 15.52 15.55 15.53 15.43 15.41 15.46 15.48 15.46 15.48 15.49 15.47 15.48 15.47 15.47 15.48 15.47 15.50 15.48 15.47 15.44 15.43 15.45 15.43 15.49 15.48 15.47 15.45 15.43 15.44 15.44 15.44 15.43 15.45 15.45 15.44 15.46 15.47 15.48 15.45 15.44 15.49 15.43 15.41 15.42 15.42 15.44 15.43 15.41 15.41 15.41 15.42 15.43 15.43 15.39 15.35 15.33 15.35 15.37 15.35 15.36 15.35 15.35 15.37 15.38 15.40 15.40 15.40 15.41
15.49 15.50 15.51 15.49 15.47 15.47 15.47 15.47 15.50 15.53 15.48 15.39 15.40 15.43 15.47 15.47 15.47 15.46 15.46 15.45 15.45 15.45 15.46 15.46 15.46 15.48 15.48 15.46 15.47 15.46 15.44 15.43 15.45 15.46 15.45 15.44 15.44 15.43 15.41 15.44 15.41 15.42 15.43 15.44 15.44 15.44 15.42 15.42 15.42 15.44 15.42 15.39 15.40 15.40 15.41 15.41 15.40 15.39 15.40 15.43 15.44 15.42 15.38 15.38 15.33 15.32 15.30 15.32 15.34 15.34 15.33 15.33 15.36 15.37 15.38 15.37 15.39
15.48 15.47 15.50 15.49 15.46 15.46 15.46 15.47 15.47 15.42 15.42 15.44 15.45 15.45 15.45 15.45 15.43 15.44 15.44 15.44 15.43 15.44 15.45 15.43 15.44 15.47 15.46 15.45 15.49 15.47 15.48 15.45 15.43 15.43 15.42 15.43 15.43 15.42 15.41 15.42 15.41 15.41 15.42 15.40 15.41 15.42 15.40 15.40 15.40 15.41 15.42 15.42 15.40 15.39 15.41 15.40 15.38 15.39 15.42 15.42 15.36 15.30 15.31 15.30 15.31 15.31 15.32 15.33 15.31 15.31 15.31 15.33 15.34 15.40 15.41 15.35 15.33
15.46 15.45 15.45 15.44 15.42 15.42 15.44 15.40 15.39 15.44 15.43 15.42 15.41 15.41 15.42 15.42 15.41 15.41 15.40 15.41 15.40 15.40 15.41 15.40 15.39 15.40 15.39 15.39 15.40 15.39 15.41 15.39 15.39 15.38 15.39 15.40 15.41 15.40 15.41 15.40 15.40 15.41 15.39 15.37 15.37 15.37 15.37 15.37 15.37 15.37 15.38 15.38 15.38 15.37 15.39 15.36 15.36 15.40 15.38 15.34 15.32 15.32 15.28 15.27 15.25 15.27 15.31 15.33 15.34 15.31 15.31 15.30 15.32 15.34 15.35 15.38 15.34
15.43 15.42 15.43 15.43 15.40 15.44 15.44 15.40 15.43 15.44 15.39 15.40 15.40 15.40 15.40 15.40 15.40 15.40 15.39 15.40 15.40 15.38 15.38 15.38 15.37 15.37 15.36 15.37 15.37 15.37 15.37 15.37 15.37 15.37 15.36 15.38 15.39 15.40 15.39 15.40 15.40 15.40 15.39 15.36 15.35 15.35 15.34 15.34 15.35 15.36 15.36 15.34 15.34 15.33 15.33 15.34 15.37 15.39 15.37 15.31 15.27 15.26 15.26 15.25 15.25 15.24 15.29 15.34 15.34 15.34 15.33 15.35 15.30 15.31 15.31 15.33 15.37
15.40 15.40 15.41 15.42 15.43 15.44 15.43 15.39 15.40 15.40 15.41 15.39 15.38 15.38 15.38 15.38 15.38 15.38 15.38 15.39 15.38 15.38 15.36 15.36 15.39 15.35 15.36 15.37 15.35 15.34 15.35 15.37 15.36 15.35 15.34 15.36 15.36 15.40 15.39 15.37 15.38 15.40 15.38 15.35 15.34 15.34 15.33 15.33 15.34 15.35 15.33 15.32 15.31 15.30 15.30 15.34 15.37 15.35 15.32 15.30 15.32 15.29 15.26 15.25 15.23 15.24 15.27 15.32 15.32 15.32 15.32 15.36 15.31 15.31 15.31 15.33 15.34
15.36 15.38 15.38 15.39 15.39 15.40 15.39 15.34 15.39 15.38 15.37 15.39 15.36 15.36 15.34 15.36 15.35 15.36 15.36 15.38 15.37 15.35 15.33 15.34 15.37 15.34 15.33 15.33 15.32 15.32 15.33 15.33 15.33 15.31 15.32 15.33 15.34 15.32 15.35 15.35 15.35 15.37 15.33 15.32 15.32 15.31 15.31 15.34 15.33 15.31 15.30 15.28 15.27 15.28 15.31 15.33 15.34 15.32 15.31 15.28 15.23 15.21 15.20 15.21 15.21 15.21 15.23 15.31 15.29 15.28 15.28 15.29 15.28 15.29 15.28 15.28 15.29
15.28 15.37 15.36 15.37 15.39 15.39 15.36 15.32 15.37 15.37 15.37 15.37 15.36 15.34 15.33 15.34 15.35 15.37 15.32 15.33 15.34 15.33 15.31 15.32 15.32 15.32 15.32 15.32 15.33 15.29 15.31 15.30 15.30 15.29 15.31 15.30 15.30 15.28 15.36 15.34 15.33 15.35 15.33 15.30 15.30 15.29 15.32 15.32 15.32 15.31 15.30 15.29 15.29 15.29 15.30 15.31 15.31 15.28 15.29 15.21 15.21 15.21 15.19 15.19 15.18 15.19 15.22 15.29 15.27 15.25 15.25 15.24 15.24 15.25 15.24 15.26 15.27
15.08 15.31 15.35 15.35 15.37 15.38 15.34 15.28 15.32 15.35 15.35 15.34 15.35 15.32 15.30 15.33 15.37 15.33 15.30 15.29 15.31 15.30 15.30 15.30 15.29 15.31 15.32 15.28 15.28 15.28 15.30 15.27 15.26 15.28 15.28 15.29 15.29 15.28 15.36 15.36 15.32 15.32 15.29 15.27 15.28 15.27 15.32 15.30 15.30 15.29 15.31 15.30 15.27 15.27 15.26 15.23 15.20 15.25 15.24 15.20 15.25 15.19 15.18 15.16 15.16 15.17 15.22 15.27 15.25 15.22 15.21 15.21 15.22 15.23 15.22 15.23 15.24
14.98 15.24 15.33 15.33 15.34 15.31 15.29 15.28 15.30 15.33 15.32 15.32 15.33 15.31 15.30 15.33 15.32 15.29 15.27 15.28 15.28 15.28 15.27 15.28 15.29 15.30 15.30 15.28 15.28 15.26 15.25 15.24 15.24 15.25 15.25 15.25 15.25 15.25 15.27 15.33 15.32 15.29 15.27 15.26 15.25 15.26 15.30 15.30 15.32 15.29 15.16 15.15 15.15 15.23 15.21 15.18 15.22 15.25 15.21 15.25 15.25 15.17 15.16 15.13 15.13 15.19 15.25 15.24 15.21 15.20 15.20 15.19 15.19 15.19 15.19 15.19 15.20
14.99 14.93 15.30 15.30 15.31 15.29 15.27 15.24 15.28 15.32 15.31 15.32 15.32 15.32 15.34 15.32 15.31 15.26 15.23 15.25 15.26 15.26 15.24 15.26 15.26 15.25 15.26 15.24 15.23 15.24 15.23 15.23 15.23 15.24 15.24 15.23 15.23 15.24 15.23 15.29 15.29 15.25 15.25 15.24 15.24 15.26 15.30 15.20 15.28 15.24 15.11 15.10 15.18 15.24 15.18 15.15 15.16 15.24 15.24 15.26 15.21 15.16 15.13 15.12 15.13 15.19 15.21 15.22 15.20 15.19 15.18 15.17 15.16 15.17 15.18 15.18 15.17
15.07 15.00 15.23 15.28 15.29 15.26 15.29 15.28 15.26 15.29 15.30 15.29 15.31 15.30 15.31 15.28 15.24 15.21 15.22 15.24 15.27 15.25 15.22 15.26 15.24 15.23 15.22 15.23 15.21 15.22 15.22 15.21 15.22 15.23 15.22 15.21 15.21 15.22 15.21 15.23 15.22 15.22 15.22 15.23 15.23 15.24 15.11 15.19 15.23 15.19 15.21 15.22 15.25 15.19 15.17 15.13 15.13 15.24 15.24 15.21 15.17 15.15 15.12 15.12 15.13 15.20 15.19 15.19 15.17 15.16 15.15 15.16 15.15 15.15 15.15 15.16 15.15
15.06 15.17 15.17 15.24 15.25 15.24 15.26 15.26 15.24 15.20 15.27 15.27 15.26 15.27 15.22 15.19 15.21 15.19 15.20 15.21 15.25 15.21 15.20 15.20 15.21 15.19 15.19 15.21 15.18 15.17 15.18 15.19 15.19 15.19 15.18 15.17 15.18 15.18 15.18 15.19 15.18 15.18 15.19 15.20 15.19 15.21 15.23 15.16 15.17 15.15 15.20 15.23 15.20 15.16 15.07 15.09 15.14 15.21 15.19 15.15 15.11 15.14 15.08 15.12 15.17 15.19 15.15 15.17 15.14 15.14 15.12 15.14 15.14 15.11 15.11 15.10 15.11
14.97 14.93 14.99 15.18 15.23 15.25 15.23 15.26 15.20 14.84 15.23 15.25 15.27 15.26 15.17 15.18 15.18 15.16 15.16 15.18 15.19 15.19 15.18 15.18 15.20 15.19 15.19 15.17 15.16 15.15 15.17 15.17 15.17 15.18 15.17 15.17 15.17 15.17 15.17 15.17 15.17 15.17 15.18 15.16 15.15 15.18 15.20 15.11 15.15 15.13 15.20 15.20 15.17 15.15 15.05 15.08 15.16 15.17 15.13 15.13 15.10 15.11 15.07 15.17 15.20 15.17 15.13 15.15 15.13 15.11 15.12 15.11 15.10 15.08 15.10 15.10 15.11
14.94 14.99 15.07 15.14 15.21 15.24 15.22 15.22 15.20 14.74 14.94 15.22 15.21 15.19 15.18 15.13 15.18 15.16 15.14 15.15 15.17 15.17 15.16 15.17 15.20 15.19 15.17 15.17 15.15 15.14 15.15 15.14 15.14 15.14 15.15 15.14 15.15 15.15 15.15 15.15 15.14 15.17 15.17 15.13 15.13 15.15 15.16 15.20 15.10 15.19 15.19 15.15 15.14 15.13 15.06 15.05 15.08 15.05 15.04 15.12 15.10 15.08 15.12 15.10 15.12 15.15 15.11 15.11 15.10 15.12 15.11 15.09 15.08 15.07 15.07 15.07 15.10
15.07 15.02 14.97 14.85 15.16 15.21 15.18 15.20 15.19 15.18 15.05 15.18 15.15 15.15 15.13 15.13 15.14 15.14 15.14 15.14 15.15 15.15 15.15 15.17 15.18 15.16 15.17 15.18 15.15 15.12 15.11 15.11 15.11 15.11 15.11 15.11 15.11 15.11 15.12 15.12 15.11 15.12 15.15 15.13 15.10 15.12 15.12 15.12 15.14 15.14 15.10 15.10 15.10 15.10 15.06 15.01 15.03 15.01 15.08 15.13 15.04 15.07 15.11 15.11 15.12 15.12 15.10 15.08 15.09 15.07 15.06 15.07 15.07 15.08 15.07 15.04 15.05
15.00 14.92 14.87 15.04 15.08 15.17 15.20 15.17 15.14 15.08 15.05 15.10 15.13 15.14 15.12 15.11 15.12 15.14 15.11 15.10 15.13 15.13 15.13 15.13 15.14 15.13 15.15 15.17 15.13 15.10 15.10 15.10 15.11 15.10 15.08 15.09 15.10 15.09 15.09 15.09 15.08 15.10 15.10 15.10 15.07 15.09 15.09 15.09 15.09 15.08 15.07 15.07 15.09 15.08 15.05 14.98 14.97 15.01 15.07 15.02 15.00 15.06 15.09 15.07 15.09 15.08 15.06 15.06 15.04 15.08 15.06 15.03 15.03 15.04 15.04 15.03 15.01
15.04 14.88 15.01 14.98 14.99 15.07 15.11 15.12 15.02 14.95 14.97 14.99 15.09 15.13 15.07 15.03 15.08 15.13 15.11 15.10 15.12 15.10 15.11 15.12 15.11 15.09 15.10 15.14 15.09 15.08 15.08 15.07 15.07 15.07 15.06 15.07 15.07 15.07 15.06 15.07 15.06 15.09 15.07 15.08 15.06 15.08 15.07 15.06 15.07 15.06 15.06 15.05 15.07 15.07 15.06 15.03 14.95 15.06 15.04 14.99 15.03 15.11 15.10 14.96 15.05 15.07 15.06 15.04 15.06 15.07 15.03 15.01 15.01 15.01 15.02 15.02 15.01
15.00 14.96 14.90 14.90 14.93 14.97 14.94 14.93 14.92 14.91 14.90 14.96 15.07 15.13 15.09 15.02 15.05 15.09 15.07 15.09 15.10 15.08 15.08 15.10 15.09 15.07 15.06 15.08 15.07 15.04 15.05 15.04 15.05 15.05 15.05 15.03 15.04 15.05 15.04 15.04 15.04 15.06 15.05 15.04 15.02 15.04 15.04 15.04 15.03 15.04 15.04 15.04 15.06 15.05 15.06 15.05 14.95 15.00 14.98 15.00 15.05 15.10 15.10 15.06 15.04 15.05 15.03 15.04 15.05 15.03 15.00 15.01 15.02 15.02 15.00 14.98 14.98
14.95 14.92 14.88 14.89 14.96 14.96 14.91 14.89 14.88 14.88 14.89 15.03 15.07 15.07 15.02 14.99 15.01 15.04 15.06 15.03 15.04 15.08 15.07 15.08 15.08 15.06 15.05 15.05 15.04 15.03 15.02 15.01 15.02 15.03 15.02 15.02 15.02 15.03 15.03 15.03 15.03 15.04 15.03 15.00 15.00 15.00 15.02 15.01 15.01 15.02 15.02 15.01 15.03 15.04 15.04 15.02 14.94 14.94 14.95 14.94 15.01 15.09 15.06 15.01 15.03 15.02 15.02 15.03 15.02 15.01 15.00 15.02 15.01 14.99 15.00 14.97 14.96
14.91 14.82 14.86 14.89 14.87 14.66 14.74 14.85 14.95 14.96 15.05 15.03 14.98 15.03 15.00 15.02 15.00 15.02 15.03 15.01 14.97 15.07 15.08 15.08 15.07 15.06 15.05 15.02 15.00 15.01 15.00 15.00 14.99 15.01 15.01 15.01 15.01 15.01 15.00 15.02 15.01 15.00 15.01 15.00 15.00 14.97 14.99 14.99 15.00 15.00 15.00 15.00 15.01 15.01 14.99 14.99 14.95 14.95 14.92 14.89 14.97 15.06 15.03 14.94 14.98 15.00 14.99 15.01 15.00 14.99 14.97 14.97 14.97 14.97 14.97 15.00 14.96
14.88 14.86 14.87 14.84 14.61 14.90 14.99 14.91 14.93 14.90 14.98 14.96 14.94 15.01 15.01 14.99 14.99 15.01 15.02 14.99 14.99 15.03 15.04 15.05 15.05 15.05 15.05 15.01 14.98 14.98 14.96 14.96 14.98 14.98 14.98 14.98 14.99 14.99 14.99 14.99 14.98 14.97 14.99 14.97 14.97 14.95 14.93 14.95 14.97 14.99 14.99 14.98 14.98 14.96 14.96 14.94 14.93 14.87 14.87 14.85 14.91 15.01 14.97 14.85 14.99 14.97 14.96 14.96 14.95 14.95 14.96 14.97 14.97 14.97 14.95 14.95 14.95
14.85 14.85 14.80 14.63 14.93 14.95 14.95 14.93 15.01 14.92 14.91 14.97 14.93 14.97 14.98 14.98 14.97 14.99 15.00 14.99 14.97 15.01 15.02 15.03 15.02 15.04 15.02 15.02 15.01 14.98 14.97 14.96 14.97 14.96 14.95 14.94 14.96 14.97 14.99 14.96 14.95 14.95 14.96 14.95 14.94 14.93 14.93 14.92 14.94 14.97 14.96 14.95 14.96 14.94 14.97 14.95 14.88 14.84 14.82 14.85 14.90 15.01 14.93 14.95 14.96 14.95 14.97 14.96 14.96 14.94 14.95 14.93 14.93 14.94 14.93 14.93 14.94
14.73 14.90 14.92 14.93 14.99 14.97 14.96 14.96 14.93 14.92 14.93 14.93 14.92 14.94 14.93 14.96 14.96 14.98 14.99 14.98 14.97 14.98 15.01 15.00 15.00 15.00 14.99 14.93 15.01 14.99 14.97 14.95 14.95 14.95 14.93 14.92 14.92 14.94 14.94 14.92 14.92 14.92 14.93 14.93 14.91 14.92 14.90 14.90 14.90 14.91 14.93 14.94 14.93 14.92 14.94 14.95 14.96 14.81 14.81 14.82 14.93 14.98 14.98 14.93 14.92 14.92 14.92 14.94 14.94 14.93 14.93 14.91 14.91 14.90 14.90 14.91 14.90
14.94 14.91 14.95 14.94 14.96 14.97 14.95 14.94 14.92 14.93 14.91 14.91 14.91 14.93 14.89 14.95 14.97 14.96 14.97 14.96 14.96 14.97 14.98 14.96 14.93 14.96 14.95 14.97 14.97 14.97 14.95 14.94 14.94 14.93 14.91 14.91 14.90 14.90 14.89 14.89 14.89 14.90 14.92 14.91 14.89 14.88 14.88 14.89 14.87 14.87 14.90 14.91 14.91 14.89 14.90 14.92 14.91 14.82 14.78 14.81 14.92 14.96 14.92 14.91 14.90 14.88 14.89 14.90 14.92 14.90 14.89 14.88 14.88 14.89 14.88 14.89 14.89
14.93 14.92 14.92 14.92 14.94 14.92 14.93 14.91 14.87 14.91 14.91 14.89 14.90 14.91 14.89 14.90 14.93 14.95 14.95 14.95 14.96 14.97 14.98 14.88 14.85 14.78 14.95 14.95 14.96 14.96 14.94 14.92 14.93 14.92 14.90 14.89 14.89 14.88 14.88 14.87 14.87 14.88 14.89 14.89 14.91 14.90 14.90 14.87 14.87 14.86 14.87 14.88 14.89 14.87 14.87 14.88 14.87 14.86 14.76 14.77 14.90 14.92 14.89 14.88 14.88 14.88 14.85 14.85 14.88 14.88 14.89 14.88 14.87 14.85 14.84 14.85 14.86
