main/data/irradiance/13.04.2023.grid
ncols 839
nrows 679
xllcenter 112.0500
yllcenter -43.9500
cellsize 0.0500
nodata_value 99999.90
[rows 272 to 305 of 679, columns 308 to 384 of 839]
12.59 12.08 11.75 12.94 13.83 13.78 12.61 14.64 15.99 14.13 14.68 14.98 14.73 15.52 15.63 14.76 14.44 14.57 16.02 16.19 15.87 15.17 14.99 14.70 14.19 14.20 14.90 15.43 14.98 13.90 13.82 14.08 14.44 14.06 13.52 14.00 14.29 14.67 15.44 15.34 16.03 15.76 16.60 16.71 15.91 16.08 15.79 16.28 16.10 16.71 16.56 16.21 15.99 15.88 15.99 15.97 15.98 15.72 15.85 16.55 16.31 16.21 16.12 16.74 16.45 16.35 15.43 14.70 14.09 14.10 14.74 15.47 15.49 16.14 16.19 15.80 16.36
13.26 12.42 11.87 13.28 14.68 13.97 13.88 15.83 16.03 15.28 15.44 14.39 15.18 15.52 15.64 16.16 15.86 15.95 17.01 16.78 16.25 16.02 14.92 14.96 14.71 15.31 14.92 15.87 15.09 14.64 14.53 14.17 14.18 14.32 13.53 13.99 14.46 14.61 15.48 16.16 16.50 15.97 15.62 16.50 15.79 15.96 15.89 15.48 15.77 17.04 16.89 16.59 16.56 16.45 16.24 16.16 16.30 16.31 16.54 16.56 16.20 15.58 16.16 16.03 16.11 15.69 15.80 14.41 13.96 14.28 14.75 15.23 15.70 15.84 16.28 16.30 16.40
12.36 12.43 11.52 13.18 12.91 12.84 14.05 14.68 15.74 15.65 15.98 15.56 15.21 14.39 14.90 16.15 15.40 16.28 17.51 17.24 16.60 15.80 16.03 16.04 15.33 15.11 15.56 15.92 15.59 13.96 13.17 14.16 14.75 13.90 13.34 14.51 14.92 15.14 15.91 16.99 16.62 16.07 16.16 16.40 16.45 16.12 16.24 15.91 16.26 16.16 17.18 16.96 16.72 16.59 16.55 16.48 16.16 16.51 16.40 16.33 16.26 15.23 15.48 15.74 15.73 15.97 15.80 14.81 15.07 15.25 15.09 15.40 15.68 16.00 16.44 16.38 17.01
12.99 11.76 11.95 12.67 12.65 12.63 13.52 14.51 15.48 16.29 15.11 15.98 15.67 15.03 14.86 15.60 15.14 16.39 17.18 16.99 16.89 16.35 16.11 15.34 15.31 15.63 15.00 15.92 15.21 14.03 13.87 15.17 14.97 14.55 15.04 14.97 15.29 16.09 16.91 16.56 16.61 16.57 16.79 16.65 16.66 16.63 16.61 16.08 15.68 15.65 16.28 17.12 16.86 16.84 16.53 16.64 15.91 16.28 16.52 15.84 15.67 14.66 14.34 14.72 15.10 15.26 14.69 14.81 15.50 15.15 14.82 14.96 15.81 15.12 15.55 15.63 16.44
12.44 11.76 13.11 13.74 13.48 13.59 13.34 14.63 15.65 15.50 15.33 16.08 16.22 15.83 15.81 15.49 16.34 15.61 16.20 15.55 15.16 15.91 14.93 15.27 15.11 14.41 14.97 15.42 14.93 13.78 14.58 15.71 15.47 14.76 15.79 15.35 15.56 15.81 17.15 16.85 16.75 16.50 16.83 16.58 16.14 16.13 15.97 16.31 16.09 16.14 16.78 16.83 16.87 17.41 16.90 16.35 16.06 16.30 16.31 15.44 14.75 14.52 14.41 14.28 14.40 14.69 13.92 13.87 14.33 14.80 14.60 14.86 15.60 15.53 14.80 15.33 16.11
12.64 12.67 14.51 14.47 13.48 14.57 13.03 14.47 15.93 15.21 14.81 15.77 15.78 15.84 15.84 15.68 16.28 15.80 15.25 15.12 14.67 14.77 14.45 14.34 14.20 13.93 14.83 15.29 14.28 14.38 15.49 16.08 14.89 15.04 15.04 15.15 15.17 15.79 16.96 17.21 16.77 16.62 16.25 16.83 15.51 15.58 15.82 15.84 15.62 16.47 16.77 16.90 16.79 17.08 16.58 16.54 15.99 16.70 16.57 15.15 14.61 14.69 14.44 14.44 14.30 13.65 12.80 13.33 12.78 13.85 14.64 15.03 15.94 15.78 15.62 14.58 14.71
13.51 12.94 15.40 15.03 15.51 14.32 12.98 14.85 15.38 14.79 15.25 16.04 16.69 16.07 15.63 15.87 16.27 15.74 15.09 14.38 14.31 14.70 14.69 13.68 14.05 14.12 14.55 14.63 14.90 14.91 15.46 15.49 15.09 14.38 14.57 15.18 15.50 15.72 15.60 15.96 16.32 16.28 15.72 16.35 15.17 15.05 15.94 16.09 15.59 16.24 16.67 16.43 16.24 16.34 15.67 15.94 16.39 16.37 15.49 15.55 15.22 14.90 14.48 14.17 13.98 13.23 11.61 12.10 12.04 12.98 13.43 12.89 14.07 14.77 14.70 14.18 14.03
15.37 15.40 14.99 15.27 15.87 14.69 13.82 15.05 15.36 16.08 14.68 15.55 16.43 15.44 16.02 15.85 15.86 14.24 13.94 14.12 14.47 14.34 14.21 14.34 13.63 13.83 14.25 13.91 14.70 15.21 16.28 16.16 14.17 14.04 15.42 15.68 15.65 15.10 15.33 15.86 16.73 16.75 16.67 16.39 16.10 15.40 14.80 15.18 15.48 15.62 16.39 16.46 15.92 15.20 15.64 15.44 15.77 15.22 15.43 15.63 15.27 14.51 14.43 14.09 13.77 13.30 11.91 12.29 12.48 12.53 12.50 12.09 12.84 13.16 13.56 13.87 13.38
15.73 15.24 15.32 14.68 13.79 14.92 14.70 14.60 15.73 14.50 16.08 15.56 15.28 15.99 15.33 15.54 15.57 13.79 12.83 13.02 14.46 14.20 12.98 14.03 14.13 14.08 14.98 14.81 15.30 16.03 16.58 15.82 14.19 14.16 15.11 14.64 15.36 15.14 14.77 15.59 16.70 16.73 16.28 16.60 15.52 14.95 15.06 14.73 14.84 15.38 16.17 16.48 15.95 15.19 15.26 15.38 15.57 14.77 15.22 15.73 15.27 14.71 14.23 13.64 13.75 14.27 12.82 12.52 12.58 13.14 12.89 12.50 13.05 13.17 14.04 14.38 14.35
16.38 15.11 15.04 14.02 14.00 16.47 15.98 14.89 15.03 13.92 15.48 14.24 14.49 15.24 15.73 15.57 14.04 12.94 13.00 14.40 14.76 13.58 12.95 12.91 13.75 13.95 14.52 15.08 15.24 16.09 16.41 15.44 13.70 14.42 13.92 13.15 14.61 15.22 14.80 14.64 15.22 16.09 16.04 15.81 15.84 15.95 15.05 14.20 14.57 14.98 15.29 15.80 15.95 16.08 15.86 15.86 15.44 14.60 15.02 15.58 15.58 15.06 14.72 14.55 14.08 14.62 14.56 14.18 13.56 13.78 13.86 13.57 13.49 12.83 13.17 13.92 14.21
15.42 15.17 14.78 15.08 16.43 16.09 14.53 13.97 13.71 14.23 14.44 14.49 14.21 13.99 14.54 15.83 12.67 12.29 13.91 14.37 14.19 13.13 12.39 12.78 13.12 13.61 14.79 15.30 14.89 16.35 16.32 14.91 14.29 13.99 12.55 12.93 13.67 14.57 14.86 14.60 15.25 15.72 15.22 15.61 15.82 15.28 14.80 14.27 13.54 14.53 15.05 15.36 15.96 16.06 16.42 16.77 16.02 15.47 15.49 15.52 15.23 15.17 15.48 15.32 14.76 14.55 14.94 15.29 14.92 14.03 13.93 14.01 14.42 13.52 13.19 13.42 14.04
15.62 15.21 15.61 15.24 14.52 14.27 13.79 13.44 13.87 14.17 14.60 14.94 14.35 13.96 13.74 14.64 12.70 12.77 14.02 13.29 13.43 12.83 12.41 13.00 13.60 13.89 14.08 15.36 15.88 16.66 15.03 14.61 14.65 14.80 13.65 14.25 14.25 14.57 14.24 14.64 15.06 14.41 14.30 15.55 15.37 15.36 14.76 14.53 13.87 14.78 15.34 15.27 15.49 16.09 16.47 16.43 16.28 15.75 15.78 15.82 15.14 15.09 15.46 15.75 15.46 14.88 15.04 14.88 14.69 14.68 14.57 14.46 14.07 13.47 13.41 13.21 13.45
14.02 13.91 14.40 13.59 14.30 14.38 13.82 13.08 14.22 14.56 14.32 14.90 14.28 13.48 12.65 13.25 13.27 13.42 12.87 12.93 13.52 12.16 12.89 13.44 14.24 13.62 13.96 15.66 15.45 15.70 14.16 13.87 13.28 14.32 14.86 14.99 14.32 13.81 14.07 14.40 14.82 13.64 13.80 14.35 15.19 14.67 14.60 15.46 15.50 15.91 16.30 15.94 15.45 15.79 16.30 16.30 16.17 16.20 15.95 15.59 14.69 14.71 14.60 15.39 15.32 15.15 15.12 15.08 14.60 14.88 14.64 14.59 14.24 13.99 13.68 13.53 13.35
13.61 14.23 14.57 14.32 14.85 14.98 15.66 15.07 14.58 13.48 12.96 14.48 14.92 14.36 14.01 13.24 13.72 13.30 13.45 13.10 13.19 13.17 12.97 12.82 13.60 14.12 13.59 14.19 14.51 14.35 13.21 12.85 12.60 13.05 14.52 14.48 14.42 14.56 14.55 14.52 13.97 13.41 13.55 14.21 14.88 14.38 14.23 15.00 16.11 16.48 16.33 16.27 15.64 15.53 15.47 15.63 15.32 15.58 15.63 15.12 13.95 14.34 14.56 14.76 14.99 15.02 15.07 15.59 15.56 15.34 14.62 14.48 14.24 14.33 13.90 14.02 13.78
14.90 15.12 14.01 14.33 14.76 15.75 16.10 14.89 13.97 13.75 13.98 15.57 13.98 13.65 14.53 13.53 13.16 13.39 14.56 14.60 14.71 13.55 12.80 13.15 13.18 13.02 12.75 12.46 13.73 13.67 12.45 11.86 12.40 13.55 13.72 13.99 14.47 14.61 14.21 13.86 14.12 14.19 13.75 14.30 14.07 13.70 13.56 13.88 15.20 15.22 16.04 16.28 15.60 15.26 14.74 15.29 14.51 14.55 14.61 14.55 14.26 14.36 14.25 14.28 14.46 14.53 14.94 15.05 15.14 15.21 14.54 14.17 14.20 14.36 14.27 14.35 14.66
15.44 15.22 13.27 14.09 14.67 14.38 14.25 13.68 14.08 14.54 14.65 14.55 13.32 13.26 12.96 13.27 13.11 13.72 14.63 15.33 14.30 13.73 13.10 12.50 12.53 12.51 11.35 11.56 13.21 12.97 12.06 12.15 12.43 12.90 13.54 14.06 14.06 14.71 14.12 13.31 13.96 14.53 13.99 13.70 13.68 13.82 13.14 13.30 14.56 14.97 15.32 15.13 15.33 15.54 15.49 15.03 14.80 15.09 15.50 15.25 14.72 14.36 14.70 14.79 14.96 14.66 14.87 14.91 14.75 14.93 14.69 14.58 14.30 14.50 14.24 14.38 14.79
13.91 14.86 13.72 13.10 13.64 15.30 14.86 14.83 14.16 14.62 14.20 13.64 12.01 11.96 12.22 12.34 13.10 14.20 14.09 14.64 13.96 13.03 13.13 12.41 11.63 11.06 10.83 11.14 13.24 13.01 12.18 12.25 13.04 12.35 12.84 13.20 13.94 14.44 13.83 13.39 13.93 14.06 13.39 13.46 14.06 13.79 13.52 13.78 14.43 14.70 14.48 13.97 14.50 14.81 15.02 15.09 16.47 15.72 15.60 15.50 15.29 14.94 15.11 14.83 14.95 14.74 14.88 14.72 15.29 15.01 15.01 14.91 14.95 15.05 14.60 14.38 14.34
13.89 14.28 13.72 13.82 14.60 15.30 15.22 13.75 13.76 13.72 13.48 12.53 11.52 10.83 11.31 12.10 12.37 13.61 13.09 13.56 13.17 13.06 13.57 12.41 11.81 11.79 11.14 11.64 12.43 12.61 12.21 12.64 12.72 12.56 12.41 12.90 14.03 14.25 13.81 13.79 14.47 14.73 13.77 13.59 13.59 14.32 14.04 14.46 14.25 14.10 13.87 14.05 14.22 14.81 15.29 15.76 15.81 15.89 15.86 15.74 15.51 15.75 15.55 15.46 15.49 15.05 14.95 14.92 15.18 15.27 15.15 14.95 14.89 15.10 15.04 14.19 14.32
12.94 12.73 13.77 14.45 14.53 15.24 15.65 14.39 13.24 13.00 11.40 11.86 11.79 11.17 11.04 11.56 12.10 12.49 12.80 13.22 13.47 13.61 13.53 12.62 11.85 11.43 11.62 12.06 13.11 13.21 12.38 12.15 12.39 12.14 12.78 13.44 14.22 14.65 13.81 14.35 15.60 15.39 14.87 14.36 14.42 14.86 14.83 14.93 14.76 14.85 14.45 14.26 14.50 15.33 15.35 15.90 15.46 15.71 16.13 16.00 16.13 15.69 15.91 16.03 15.17 15.00 14.89 15.34 15.59 15.66 15.40 15.62 15.34 15.01 15.14 15.11 15.05
12.81 13.30 13.49 14.15 13.86 14.35 14.49 14.30 13.20 12.90 12.57 12.95 13.03 11.54 11.27 11.05 11.32 12.50 12.65 12.46 13.01 12.97 13.18 13.09 11.71 11.75 12.08 11.68 12.96 13.33 12.39 11.49 11.73 11.83 12.54 13.05 13.58 14.26 13.90 14.31 14.81 15.11 15.02 14.80 14.52 14.89 15.07 15.16 14.96 15.44 14.88 14.68 14.91 15.21 15.65 15.88 15.83 15.40 15.69 15.51 15.77 16.09 16.79 16.72 16.64 16.06 15.43 15.36 15.71 15.97 15.79 16.10 15.92 15.41 15.58 15.43 14.97
12.22 13.05 12.53 13.25 14.43 14.47 14.09 13.62 12.71 12.89 12.19 12.78 12.31 11.68 10.48 11.90 12.07 11.75 12.64 12.65 11.98 11.63 12.65 12.86 11.62 12.29 12.17 11.54 12.88 12.78 11.92 11.55 11.87 11.75 11.66 11.74 13.18 13.56 14.27 14.02 13.87 14.37 14.81 14.50 14.33 14.70 15.69 15.77 15.33 15.61 15.17 15.13 15.56 15.58 15.66 16.33 16.03 15.83 15.45 15.35 15.97 15.91 16.36 16.71 17.01 16.53 16.82 16.58 16.35 16.93 16.59 16.65 16.64 16.16 16.26 16.08 15.32
12.02 12.48 12.04 12.33 13.51 13.55 13.54 13.05 12.81 13.08 12.40 12.09 12.40 11.62 11.74 12.18 12.57 12.24 12.00 12.19 12.13 11.69 12.30 12.76 12.95 12.89 11.75 11.26 12.44 12.00 12.41 12.48 11.81 11.61 12.13 11.59 13.18 13.87 14.70 14.60 14.47 14.90 15.13 15.21 14.95 15.17 15.94 16.01 15.81 15.51 16.00 16.05 15.78 15.78 16.63 16.89 16.69 15.94 16.06 16.09 16.54 16.08 16.54 16.30 16.16 16.10 17.19 17.24 17.24 17.23 17.18 16.74 16.72 16.69 16.43 15.89 15.49
12.20 12.33 11.90 12.39 11.32 12.74 13.06 12.59 12.95 13.23 13.16 12.05 12.49 12.35 12.72 13.52 12.71 12.52 12.25 13.07 12.34 12.85 12.77 12.85 12.67 12.47 11.99 10.95 12.11 12.66 14.02 14.13 12.79 12.71 12.85 13.46 14.05 14.77 14.67 14.76 14.75 15.45 15.75 14.75 14.70 15.17 16.06 16.06 15.88 15.40 15.83 15.83 15.64 16.11 16.84 17.19 17.08 16.37 16.88 17.06 16.98 16.68 16.46 16.33 16.21 16.40 16.49 17.36 18.11 18.02 17.73 17.40 17.21 16.93 16.60 15.74 15.80
12.58 12.69 12.26 13.09 12.78 13.56 12.34 11.49 12.02 13.53 13.23 12.61 12.03 12.94 13.02 13.41 13.79 12.79 13.16 13.04 13.02 13.99 13.59 13.32 12.93 11.87 11.85 11.32 11.75 13.44 14.24 14.20 13.50 13.83 14.04 14.98 15.78 15.26 14.53 14.71 15.24 15.50 15.69 15.21 14.86 15.66 15.97 16.31 16.30 15.73 16.24 15.75 16.59 16.98 17.16 17.41 17.24 17.45 17.21 17.12 16.97 17.01 16.47 16.11 16.58 16.90 17.11 16.97 17.99 18.32 17.60 17.58 16.94 16.51 15.99 15.63 15.49
13.14 13.43 12.92 12.94 13.88 13.77 13.49 13.65 12.63 12.69 12.31 11.78 11.37 12.19 13.03 14.26 13.15 12.66 11.86 12.04 12.94 13.67 13.75 13.76 12.64 12.47 12.80 12.23 12.04 13.19 14.44 14.62 14.46 14.25 14.77 15.44 16.33 16.05 14.93 14.77 15.19 15.77 15.71 15.63 15.47 16.05 16.19 16.47 16.48 16.50 16.42 16.34 16.90 17.32 17.95 17.68 17.35 17.72 17.90 17.52 17.29 17.34 16.93 16.84 17.13 17.51 17.42 17.52 17.29 17.08 17.55 17.28 17.25 16.67 16.42 16.34 15.92
13.81 13.54 13.54 13.47 13.76 13.19 12.78 14.60 13.46 13.03 11.98 10.12 9.79 10.67 12.38 12.99 12.82 12.66 11.78 11.87 12.83 14.61 14.78 13.38 12.78 12.90 13.38 12.96 12.84 13.39 14.68 15.92 15.20 15.26 15.92 16.31 16.40 15.14 15.33 15.11 15.78 15.81 15.69 16.30 16.42 16.55 16.94 16.99 17.11 17.60 17.29 17.54 17.52 18.18 18.32 18.24 17.95 17.95 18.22 17.92 17.83 17.10 16.86 16.63 16.60 16.97 17.30 17.53 17.30 16.67 16.73 17.04 17.15 16.84 17.00 16.37 15.61
13.60 12.49 12.57 12.31 13.32 12.61 12.39 13.56 13.81 13.17 11.98 11.56 10.83 11.30 12.08 11.31 12.15 12.36 12.62 11.90 12.43 13.25 13.47 13.74 14.19 14.05 14.64 14.03 13.53 13.91 15.65 16.35 15.90 16.47 16.38 16.95 16.55 15.55 15.71 15.82 16.48 16.72 16.21 16.76 17.38 17.65 17.79 17.87 17.96 18.30 18.63 18.86 18.07 18.35 18.65 18.53 17.94 18.00 18.45 18.12 17.67 16.77 17.18 16.66 16.85 16.91 16.63 16.78 16.59 16.22 16.41 16.59 15.98 16.34 16.48 16.22 15.86
13.07 11.88 11.46 12.66 12.92 13.01 12.92 12.93 14.02 13.70 13.16 12.45 12.84 12.99 11.50 11.50 12.17 11.89 11.88 12.15 11.99 13.02 13.34 13.95 14.66 14.87 15.06 14.63 13.61 14.43 15.74 16.12 16.89 16.85 16.36 16.63 16.08 16.80 16.20 15.63 16.12 17.04 16.87 17.21 17.41 17.29 17.40 17.97 18.36 18.40 18.41 18.91 18.79 18.24 18.03 18.22 18.18 18.07 18.07 17.74 17.66 17.63 17.62 17.70 17.31 16.59 16.53 16.33 16.43 16.25 15.92 16.16 15.90 16.02 15.85 15.74 15.04
12.43 11.56 12.54 13.00 11.88 12.57 12.75 13.79 13.57 13.45 12.80 12.90 13.92 13.03 13.82 13.02 12.33 11.28 11.96 11.87 11.92 13.28 14.33 14.51 14.72 15.25 14.59 14.12 14.38 15.74 16.64 16.57 16.84 17.02 16.91 16.28 16.62 16.76 16.48 15.98 15.34 16.54 17.88 17.30 17.30 17.46 17.29 17.28 17.23 17.41 17.87 17.99 17.88 18.00 18.27 18.10 18.41 18.09 18.33 17.98 17.97 17.65 17.69 17.38 16.86 16.22 15.86 16.05 16.74 16.22 15.55 15.25 15.96 15.27 15.85 16.22 15.54
10.65 11.05 12.28 11.95 11.21 11.64 11.33 12.29 12.84 13.58 12.71 13.18 13.92 13.31 13.14 13.60 13.06 12.02 12.76 12.70 12.59 13.36 14.23 14.27 14.60 14.80 14.41 14.34 15.71 17.26 17.62 16.77 17.10 17.33 17.18 17.03 17.03 17.21 16.94 16.44 15.88 16.60 17.52 17.72 17.15 17.49 16.95 16.62 16.57 16.52 16.86 17.68 18.14 18.32 18.60 18.62 18.56 18.38 18.44 18.15 17.68 17.55 17.29 17.38 17.23 16.42 16.11 17.01 16.91 16.07 15.89 15.78 15.41 15.19 15.54 15.93 15.59
11.19 11.85 12.06 11.92 11.62 11.38 11.24 12.31 12.38 13.24 13.09 12.43 13.64 13.57 13.64 13.65 13.92 13.52 13.62 12.92 13.68 14.43 13.89 14.82 15.53 15.10 14.57 15.46 16.38 17.23 17.29 16.60 17.00 17.63 17.29 17.67 17.38 16.93 16.84 16.59 16.29 16.73 17.25 18.19 17.97 17.78 17.65 17.37 17.41 17.59 17.70 18.13 18.56 17.95 18.35 18.48 18.39 18.77 18.51 17.99 17.72 17.45 17.11 17.54 17.07 16.40 17.15 17.21 16.05 15.58 15.47 15.74 15.50 15.79 16.39 15.29 14.86
11.11 11.51 12.44 11.74 11.38 10.96 11.60 12.18 11.55 13.37 13.89 13.14 14.20 14.25 14.25 14.01 13.35 13.37 13.72 13.33 13.24 14.53 14.93 15.85 15.35 14.32 15.01 15.36 16.27 16.47 16.07 16.15 16.99 17.48 17.49 17.68 16.90 16.81 16.92 16.81 16.80 16.93 17.56 18.13 18.51 18.36 18.31 18.46 18.65 18.52 18.14 17.90 18.25 18.49 18.25 18.52 18.23 18.40 18.19 17.99 17.72 17.12 17.29 17.20 16.85 16.92 17.29 16.61 16.31 15.60 15.52 15.96 15.59 15.77 15.43 14.71 13.75
11.42 12.33 12.86 12.48 11.14 10.42 10.92 9.96 11.21 12.67 13.32 14.15 14.05 13.73 14.37 13.42 13.48 13.70 14.19 14.27 14.20 14.57 15.24 15.88 14.88 15.28 15.88 16.05 16.09 16.02 15.70 16.14 16.86 17.34 17.47 17.59 16.83 16.75 17.03 16.88 16.77 16.91 17.69 17.87 18.62 18.33 18.39 18.58 18.90 18.57 17.97 17.93 18.57 18.69 18.78 18.76 18.18 18.25 18.13 17.85 17.54 17.08 17.21 16.75 17.26 16.83 16.82 16.18 15.87 16.18 15.36 15.48 15.79 15.16 14.39 14.11 14.37
12.29 13.12 12.75 11.56 10.84 11.16 10.66 11.25 12.28 12.57 12.79 13.84 13.48 14.19 14.32 13.91 13.60 13.37 13.94 14.27 14.23 14.97 15.30 15.67 14.83 15.93 15.87 15.84 15.97 15.23 17.04 17.43 17.58 17.58 17.94 17.40 16.49 16.88 17.19 16.94 16.90 17.19 17.26 17.94 18.37 18.46 18.52 18.36 18.43 18.40 18.15 18.21 18.53 18.37 18.66 18.96 18.82 18.66 18.06 17.92 17.54 16.31 16.91 16.79 16.50 16.83 16.00 16.11 15.68 16.08 15.29 15.03 15.40 15.58 14.63 14.28 13.97
