main/data/irradiance/13.02.2023.grid
ncols 839
nrows 679
xllcenter 112.0500
yllcenter -43.9500
cellsize 0.0500
nodata_value 99999.90
[rows 340 to 373 of 679, columns 385 to 461 of 839]
22.56 23.15 23.13 23.64 22.87 23.39 22.17 21.01 20.68 21.63 21.46 20.91 21.98 21.80 21.41 20.20 19.30 18.04 18.12 17.95 18.56 19.42 17.31 18.66 17.85 17.61 17.31 16.58 18.54 16.90 17.12 17.71 18.06 16.56 17.51 17.89 19.44 18.01 16.97 17.85 18.58 17.22 16.27 13.99 14.67 13.49 15.52 15.82 16.10 16.26 16.88 16.45 15.66 16.11 16.23 15.70 14.34 15.00 14.59 14.36 13.61 14.19 13.69 13.91 13.98 14.19 14.17 13.59 13.39 12.87 12.81 12.38 12.44 11.45 10.97 11.32 11.96
23.32 24.09 24.43 24.13 24.39 23.76 23.21 21.56 21.57 21.20 22.74 22.08 21.89 21.86 21.87 20.55 19.03 18.92 19.09 19.30 20.03 20.05 18.09 17.49 18.38 17.88 18.19 17.68 18.39 18.17 18.65 16.57 16.38 16.97 17.16 18.12 17.43 17.43 17.26 15.67 17.56 16.93 16.55 14.21 13.24 13.25 14.18 15.67 15.71 15.47 15.05 14.80 15.79 15.53 14.64 16.18 14.83 16.23 15.92 15.31 14.69 15.80 16.01 14.95 14.46 15.01 14.59 13.46 13.46 13.63 13.24 13.55 14.67 12.68 10.72 11.49 11.76
23.73 23.58 24.16 23.92 24.75 24.31 23.81 22.25 22.08 21.77 22.86 22.23 21.86 21.60 22.80 21.03 20.94 19.52 20.10 19.90 19.12 19.90 18.57 17.23 18.15 18.84 19.11 18.80 18.04 17.84 17.07 16.86 15.63 16.70 17.12 16.82 16.79 17.28 17.14 16.11 16.36 17.18 17.07 15.50 14.13 12.80 13.61 15.09 15.83 15.70 13.88 14.30 16.45 14.44 15.01 15.80 15.30 16.38 15.67 16.00 16.94 17.74 16.75 16.04 15.47 15.36 14.64 14.12 14.26 15.19 14.80 15.41 15.86 14.15 13.19 13.81 13.49
24.19 24.26 23.82 23.34 24.46 23.91 22.86 22.61 21.74 21.89 21.10 21.50 19.33 20.02 20.48 19.59 22.21 21.90 21.73 19.77 19.89 18.54 19.34 18.01 18.04 17.74 17.83 18.26 19.02 17.11 17.71 18.48 17.04 17.41 17.59 18.11 16.65 17.10 16.13 15.96 15.84 17.43 17.00 16.49 16.05 14.66 14.45 15.23 16.01 15.58 14.09 14.04 15.48 13.87 14.61 15.01 15.85 16.61 16.12 16.01 16.67 17.77 17.07 16.76 16.34 16.05 15.86 14.31 15.52 15.82 15.05 14.71 15.38 14.99 14.44 14.41 12.97
24.05 24.59 24.14 23.63 23.26 23.37 22.39 21.81 20.91 19.92 21.81 22.46 20.13 19.80 19.74 19.38 20.58 21.27 20.96 20.21 20.28 18.74 18.82 19.27 18.44 18.07 18.15 20.38 20.47 19.46 19.93 19.17 18.96 18.19 17.38 17.94 16.55 16.02 15.55 15.34 15.39 16.38 17.29 17.16 17.04 15.52 14.62 14.55 15.83 16.72 16.96 14.21 14.57 13.18 14.20 15.62 16.22 17.43 16.64 15.96 15.71 17.01 17.53 17.31 16.15 16.11 15.71 15.24 14.86 15.16 15.47 14.68 14.85 15.26 15.35 14.89 14.15
24.30 23.49 23.40 21.13 21.50 20.28 20.04 20.56 19.55 20.22 22.45 22.38 21.25 20.51 19.15 19.74 20.79 21.43 21.86 20.18 21.16 19.87 18.83 19.19 19.37 19.84 19.23 19.89 21.03 20.25 20.11 20.06 19.39 19.04 18.07 16.80 17.33 15.32 15.62 15.89 14.45 14.84 15.85 16.66 16.28 14.13 14.76 14.47 16.65 16.13 14.89 15.93 16.39 14.66 14.93 15.89 16.88 18.34 18.34 17.20 16.99 16.79 17.93 16.95 15.79 15.39 15.58 15.96 15.63 16.34 14.92 14.36 14.93 14.63 15.28 15.42 14.54
23.64 22.65 22.51 21.48 20.25 19.39 19.28 21.81 22.17 21.36 22.26 20.61 20.63 21.17 22.41 19.50 21.54 22.30 21.36 18.57 19.71 20.42 19.70 17.91 19.55 20.43 20.04 20.77 20.51 19.09 18.92 20.51 20.00 19.85 18.25 17.76 17.17 16.14 17.16 15.88 15.45 14.32 15.95 16.25 16.27 15.13 15.82 15.69 15.86 16.21 14.53 16.47 16.19 15.79 16.70 17.79 17.23 18.49 18.93 18.05 16.86 17.17 17.90 17.14 15.41 15.15 15.38 15.60 15.95 16.79 15.00 14.41 15.02 14.95 15.70 15.74 14.56
23.34 23.65 21.90 22.70 20.53 18.17 20.00 21.65 21.66 23.60 22.60 20.20 21.64 20.34 21.06 20.68 20.49 20.45 18.31 18.68 20.43 19.28 20.21 18.79 20.15 20.73 20.73 21.18 19.03 18.79 19.23 18.66 19.40 19.69 18.05 18.48 17.14 16.63 17.63 18.45 14.39 14.71 16.96 17.32 16.30 15.19 17.24 17.74 17.50 16.17 15.74 17.10 16.63 16.60 16.99 17.82 16.82 17.12 17.50 17.33 17.03 16.86 16.21 17.23 16.79 15.25 16.47 15.97 16.41 17.91 17.09 16.92 16.32 16.61 16.62 16.99 15.16
22.53 23.38 22.91 22.88 22.21 19.77 20.01 20.77 22.81 20.73 20.99 19.66 21.45 20.30 20.46 18.55 19.00 18.51 18.47 20.24 20.34 21.30 21.81 21.60 19.75 21.32 21.73 20.98 19.45 18.93 18.86 17.45 18.41 17.66 17.60 16.87 16.22 16.65 18.14 18.45 16.62 15.08 17.21 17.04 17.83 16.79 16.45 16.81 19.28 17.88 17.28 17.60 17.64 17.48 17.77 17.78 16.94 15.59 17.22 17.98 16.70 16.71 17.08 17.29 16.48 16.48 18.07 17.78 18.15 19.58 18.92 19.16 17.76 17.64 18.05 18.01 16.90
24.72 23.84 24.28 23.99 22.84 19.32 21.56 20.78 22.45 22.61 21.98 19.54 21.02 20.20 19.56 20.59 21.14 19.83 19.90 19.70 20.73 20.53 20.48 21.35 20.06 20.97 22.00 21.10 19.97 17.69 17.11 17.14 17.95 17.63 18.44 18.87 17.74 16.74 17.10 17.63 18.21 17.67 17.80 17.43 18.80 19.75 16.78 18.12 18.71 18.54 18.11 19.16 19.29 19.06 18.25 18.25 18.22 17.66 19.05 19.69 18.35 18.41 17.61 18.04 17.87 18.23 17.75 18.96 19.18 19.37 19.39 19.37 18.65 17.37 19.01 19.38 17.42
24.35 24.98 24.10 24.47 23.92 23.00 21.18 21.61 19.65 20.51 20.87 19.86 21.24 22.22 21.92 22.13 20.56 19.98 19.21 18.96 21.18 21.62 20.81 20.10 21.10 20.46 20.37 20.32 19.67 17.84 15.58 15.79 16.73 15.70 18.51 18.43 18.34 17.16 17.39 17.99 17.83 17.81 17.62 17.43 19.07 18.70 19.04 18.79 18.37 18.26 18.27 18.79 19.82 19.54 19.28 19.04 18.59 18.74 21.05 21.31 19.48 18.86 20.04 20.79 20.85 19.93 18.51 18.86 19.16 19.25 19.50 19.28 18.95 18.48 18.81 19.59 17.78
25.08 24.61 24.86 24.58 25.15 24.19 21.30 19.17 18.99 21.31 20.55 21.73 20.57 21.37 22.21 21.80 20.38 20.75 20.73 20.84 20.82 20.36 19.97 20.23 20.65 19.74 18.18 21.10 19.81 18.67 16.35 15.48 14.57 15.67 16.98 16.53 17.53 16.96 17.41 16.81 17.52 18.46 18.67 19.05 19.25 18.75 20.67 20.07 18.74 18.36 17.63 19.46 20.34 20.30 20.90 19.79 19.19 20.32 20.99 21.80 20.53 20.27 20.48 22.10 21.62 20.74 18.64 17.85 18.47 20.79 21.74 21.15 20.19 20.96 21.60 19.26 17.66
26.42 25.57 24.42 22.44 24.16 24.23 23.34 21.19 22.23 22.17 22.71 22.28 20.91 23.14 23.35 23.11 22.41 22.56 22.69 21.70 20.96 19.94 19.91 19.72 19.65 19.77 19.69 21.16 19.98 19.48 19.92 18.37 16.00 17.54 17.21 17.64 18.45 19.00 17.18 16.94 17.78 19.39 19.82 19.98 19.55 18.75 18.98 19.98 20.98 19.62 18.76 19.87 19.83 21.08 21.65 20.62 19.59 19.64 18.97 21.95 21.49 21.11 22.84 22.52 20.84 21.70 21.16 19.84 18.81 19.58 20.61 19.95 18.54 19.63 20.26 19.56 18.20
26.33 25.75 25.33 22.87 24.70 24.28 23.30 21.21 22.45 22.76 23.83 22.38 22.38 22.59 21.79 23.84 24.18 24.33 23.43 21.61 19.76 21.06 19.57 19.48 19.75 19.65 19.69 18.99 19.98 19.03 20.75 19.50 17.04 19.16 17.97 19.93 18.81 19.34 20.16 19.49 19.60 19.94 18.85 17.87 19.90 19.93 19.72 20.72 20.95 20.83 21.78 20.45 21.40 22.10 23.05 22.51 20.54 19.76 20.00 20.71 21.79 21.98 21.39 21.53 21.48 21.75 21.14 19.39 19.19 19.80 19.85 19.93 18.92 19.72 18.62 18.58 18.51
26.12 25.99 25.59 24.80 25.33 25.29 25.19 22.48 21.66 23.90 24.26 24.84 21.69 22.01 22.50 22.41 24.15 22.57 20.62 20.23 20.05 21.06 19.74 19.81 18.57 20.21 19.81 18.64 19.03 19.10 19.73 20.65 20.16 19.71 19.25 18.88 18.34 19.98 18.45 19.84 19.50 19.47 19.20 20.86 22.60 20.43 20.07 21.21 22.36 21.38 21.01 20.61 21.04 22.07 22.23 22.32 21.66 19.94 19.97 20.98 21.89 22.95 22.49 20.35 19.21 20.18 20.93 21.17 21.09 21.15 20.49 19.83 21.17 21.34 18.81 18.66 19.63
26.19 25.78 25.59 26.38 26.15 25.43 24.83 23.67 24.01 25.11 25.12 24.85 23.82 23.04 22.93 22.53 24.95 21.84 20.12 20.87 21.95 22.99 20.91 19.66 18.90 20.68 20.19 20.42 18.47 19.70 21.60 22.83 21.00 20.34 19.99 18.08 18.38 19.97 20.74 22.05 21.38 22.03 21.80 21.80 22.30 20.25 20.33 22.30 22.50 21.95 20.40 20.23 21.92 21.11 21.95 21.95 21.93 21.19 19.51 19.90 22.06 22.04 21.38 20.87 20.14 18.55 18.97 19.80 21.33 21.08 20.98 19.55 20.44 20.99 20.12 20.36 22.60
26.38 26.33 25.94 27.02 26.19 26.21 25.82 24.97 24.86 23.98 23.81 24.74 25.42 23.62 23.39 24.50 26.14 23.87 22.45 21.71 22.68 23.93 20.95 20.66 19.44 19.01 20.80 22.53 22.75 21.82 23.63 23.10 22.11 22.08 21.70 22.48 21.55 22.13 23.02 22.98 21.40 21.58 22.74 23.30 22.72 23.45 23.64 22.45 22.23 21.51 20.29 19.52 19.85 20.85 21.40 22.36 21.51 21.72 20.40 19.69 21.34 21.88 20.25 20.00 18.92 18.69 18.69 20.28 20.25 21.71 22.43 23.45 22.08 22.04 22.92 22.92 22.61
26.97 26.88 26.52 27.24 26.90 27.26 26.26 26.37 25.27 24.29 24.45 25.53 25.15 24.24 24.33 24.76 25.41 23.58 23.99 25.00 25.18 23.74 22.77 22.56 22.41 23.76 23.16 23.59 24.70 23.30 23.43 21.77 23.12 23.47 23.96 23.47 23.92 22.06 23.90 21.95 21.82 22.77 21.96 22.90 22.56 22.19 23.79 23.99 23.87 22.05 20.52 19.61 18.21 19.52 19.45 20.02 19.92 19.89 20.66 21.19 21.41 23.39 22.18 21.19 19.51 18.76 19.20 20.59 21.24 23.00 23.23 23.17 23.39 23.06 23.79 23.54 22.54
27.33 26.88 26.92 27.05 27.94 27.02 27.09 26.27 25.42 25.04 25.47 25.54 25.55 24.14 25.66 25.65 26.59 25.93 26.05 25.07 25.46 26.01 25.13 23.99 23.91 24.06 23.68 23.49 24.26 24.22 24.16 23.53 24.36 23.95 22.10 24.23 23.75 23.17 23.58 23.33 21.87 22.74 22.22 20.71 21.68 23.42 23.84 24.94 23.23 23.30 22.52 21.15 20.33 20.12 20.01 19.69 20.42 21.23 23.41 23.62 23.06 23.68 23.16 22.68 20.52 18.63 19.81 20.64 21.76 22.41 23.43 23.33 22.65 21.97 22.93 23.22 24.43
27.44 27.57 27.72 27.26 27.38 27.70 26.62 25.61 25.83 26.39 25.94 25.68 25.94 25.90 25.70 26.34 26.72 26.98 26.92 26.58 26.40 26.86 26.16 25.53 25.29 24.39 25.39 23.71 23.44 24.01 23.76 25.34 24.25 24.01 25.05 24.50 24.58 23.37 22.94 24.11 23.70 22.73 23.48 23.02 22.69 24.10 23.47 24.04 24.32 24.10 24.68 22.85 22.33 21.62 21.44 22.23 21.62 21.30 23.54 24.67 24.61 24.24 24.16 23.65 21.43 21.83 21.62 21.51 22.26 22.23 23.42 23.89 23.45 22.14 23.33 23.64 24.47
28.17 28.08 28.19 27.66 27.41 27.74 27.39 27.00 26.86 27.18 27.19 27.00 26.87 26.91 26.70 26.85 27.35 27.73 27.33 27.19 27.30 26.92 26.48 26.66 26.20 25.35 25.92 25.53 25.28 25.52 25.65 25.34 24.72 25.24 26.23 26.63 25.23 25.25 23.71 23.95 23.86 23.06 23.30 23.66 24.32 23.89 23.78 22.96 24.23 23.31 24.35 22.81 22.38 23.77 22.75 23.38 22.65 23.09 24.17 24.04 24.47 24.36 25.05 24.29 23.50 24.99 24.60 23.90 23.49 23.86 24.45 24.43 24.09 23.51 24.64 25.13 24.84
28.20 28.07 27.98 27.88 27.76 27.67 27.75 28.05 27.91 27.75 27.79 27.41 27.20 27.06 26.97 27.31 27.36 27.55 27.77 27.16 27.09 27.03 27.10 26.79 26.71 25.99 25.82 26.12 26.16 26.10 25.44 25.42 25.83 26.19 26.20 26.07 25.80 25.63 24.40 23.98 24.74 24.15 23.26 23.79 23.11 23.50 24.22 24.11 24.16 24.06 24.15 23.02 23.64 24.36 22.82 22.68 23.38 23.90 24.73 24.12 23.61 23.33 25.30 25.44 25.21 24.74 24.59 23.49 24.74 24.12 25.18 23.48 24.85 23.44 23.93 24.97 24.09
27.46 28.03 27.97 27.98 27.80 27.78 27.86 27.91 28.07 28.20 28.11 27.96 27.71 27.48 27.34 27.66 27.53 27.32 27.70 27.39 27.28 27.67 27.49 27.21 27.30 26.93 27.03 26.01 26.52 26.62 26.49 26.15 25.99 26.21 26.48 25.88 26.11 25.96 25.05 24.66 25.65 24.10 23.90 24.04 23.03 24.15 24.92 24.13 24.07 25.09 24.86 23.40 24.89 25.36 24.74 24.83 25.53 25.11 24.75 24.85 25.12 24.45 25.42 25.10 25.11 25.71 25.53 25.52 26.12 25.37 24.85 24.62 25.56 23.98 24.49 24.18 24.28
27.81 27.52 27.67 27.82 27.82 28.01 28.16 28.00 28.02 28.25 28.13 28.05 27.72 27.76 27.88 27.96 27.93 27.75 27.94 27.68 27.43 27.68 27.75 27.43 27.53 27.24 27.62 26.71 26.66 26.68 26.61 27.02 26.29 26.42 26.20 26.35 26.39 26.00 26.51 26.04 26.58 25.89 25.39 24.58 24.34 24.37 25.31 25.83 25.23 25.43 25.01 24.32 26.07 26.03 25.70 26.21 26.61 24.86 24.37 25.56 26.51 25.69 26.24 26.16 26.15 25.44 26.32 25.89 26.26 25.68 25.76 25.39 26.02 25.53 25.02 24.06 25.11
27.99 27.97 27.94 28.15 28.19 28.17 28.10 28.07 27.96 28.00 27.85 27.52 27.44 27.53 27.95 28.06 27.98 27.96 27.94 27.65 27.69 27.84 27.88 27.74 27.72 27.74 27.81 27.57 27.41 27.05 27.30 27.38 26.87 26.87 26.97 26.71 26.96 26.58 26.23 26.41 26.35 26.21 25.94 25.79 25.46 25.48 25.29 25.83 26.89 26.72 26.00 25.26 25.29 26.63 26.35 25.58 25.94 26.30 25.85 25.90 26.41 26.72 26.95 26.07 25.76 25.41 24.59 24.33 25.64 25.29 25.21 26.44 26.14 26.01 25.67 25.31 25.49
28.27 28.37 28.33 28.41 28.35 28.30 28.25 28.22 28.35 28.33 27.96 27.78 27.90 28.11 28.10 28.11 28.10 28.07 28.25 28.10 28.14 27.71 27.67 27.63 27.67 27.70 27.80 27.86 27.82 27.36 27.63 27.79 27.58 27.35 27.22 27.15 27.31 26.87 26.57 26.64 26.84 26.79 26.58 26.82 26.69 26.71 26.45 26.08 26.38 26.46 27.31 26.44 25.36 25.41 25.49 25.81 25.62 26.13 26.16 26.25 26.04 26.81 26.44 26.83 26.32 25.18 25.91 25.35 25.51 26.23 25.28 26.09 25.75 25.87 26.29 26.16 26.43
28.05 28.20 28.28 28.33 28.22 28.15 28.25 28.32 28.26 28.31 28.06 27.97 28.30 28.32 28.34 28.32 28.27 28.16 28.01 28.06 28.13 28.22 28.14 27.94 27.92 27.87 27.78 27.73 27.66 27.61 28.00 28.03 28.00 27.81 27.71 27.78 27.63 27.10 27.08 26.93 26.81 26.91 26.68 26.69 26.76 26.91 26.91 26.57 26.66 26.68 27.19 26.68 26.20 25.86 25.68 26.12 26.24 26.16 26.38 26.14 26.29 26.17 26.27 26.93 26.35 25.90 26.12 25.96 26.18 26.19 26.19 26.83 25.92 26.28 26.83 26.10 25.97
27.90 28.01 27.96 27.96 27.90 28.01 28.30 28.36 28.24 28.13 28.31 28.20 28.27 28.23 28.19 28.27 28.31 28.31 28.23 28.24 28.26 28.28 28.23 28.20 27.66 27.61 27.88 27.75 27.90 28.11 28.12 28.22 28.06 27.84 27.87 28.03 27.81 27.41 27.31 27.16 26.92 26.86 27.07 26.93 27.26 27.14 27.00 27.11 27.25 27.32 27.50 27.16 26.63 26.39 26.31 25.88 26.07 26.55 26.28 25.93 26.13 26.22 26.64 26.87 26.70 26.56 25.95 26.07 26.63 26.55 26.24 26.95 26.87 26.60 26.32 27.03 25.60
27.97 27.99 28.02 28.05 27.97 28.18 28.38 28.38 28.38 28.24 28.14 28.12 28.27 28.19 28.34 28.33 28.36 28.36 28.33 28.36 28.33 28.25 28.07 27.42 26.09 27.47 28.02 28.07 28.01 28.25 28.09 28.20 28.16 28.11 27.95 28.04 28.02 27.84 27.57 27.65 27.60 27.37 27.63 27.52 27.54 27.50 27.44 27.25 27.27 27.37 27.12 27.16 26.86 26.58 26.24 26.43 26.77 26.52 26.31 26.06 26.33 26.80 26.32 27.20 26.72 26.98 26.65 26.68 27.50 27.44 26.35 26.94 26.02 26.61 26.98 27.01 26.84
27.92 28.04 28.27 28.37 28.36 28.38 28.24 28.27 28.32 28.26 28.22 28.32 28.01 28.02 28.30 28.41 28.36 28.35 28.43 28.36 28.20 28.02 28.14 27.87 27.77 28.07 28.26 28.16 28.11 28.22 28.22 28.20 28.16 28.14 28.05 27.97 27.99 27.93 27.79 27.80 27.75 27.81 27.83 27.57 27.53 27.43 27.74 27.66 27.40 27.37 27.51 27.57 27.20 26.88 26.50 26.53 27.39 26.90 26.86 26.16 26.18 27.14 27.27 26.95 26.74 27.20 27.50 26.92 27.56 27.12 26.12 26.26 26.05 26.37 27.34 26.90 26.90
28.10 28.28 28.32 28.39 28.32 28.33 28.33 28.18 28.18 28.34 28.23 28.37 28.26 28.31 28.29 28.12 27.74 27.79 28.07 28.37 28.33 28.27 27.99 28.07 27.68 28.06 28.04 28.23 28.21 28.18 28.14 27.77 28.05 28.05 28.03 28.17 28.09 28.07 28.14 28.02 27.93 27.91 27.97 27.81 27.64 27.82 28.02 27.82 27.69 27.72 27.70 27.57 27.51 27.36 27.13 27.06 27.20 27.09 26.82 26.13 26.14 26.77 27.27 27.33 26.92 26.96 27.34 27.51 26.98 27.60 26.99 26.87 26.37 25.71 27.06 27.24 26.02
27.68 28.18 28.32 28.33 28.35 28.34 28.29 28.22 28.33 28.42 28.40 28.38 28.37 28.36 28.19 27.75 27.59 27.83 28.05 27.84 27.88 28.29 28.30 28.28 28.21 28.06 27.76 28.18 28.31 28.25 28.16 28.07 27.88 27.76 27.77 27.73 28.03 28.15 28.26 28.23 28.11 28.06 27.94 27.96 27.86 27.88 27.97 27.80 27.83 27.87 27.78 27.42 27.46 27.39 27.10 27.37 27.48 27.42 27.57 27.08 26.98 27.10 27.42 27.54 27.54 27.22 27.28 27.60 27.40 27.66 27.15 26.52 26.53 26.78 27.20 26.78 26.68
27.70 28.26 28.17 28.30 28.32 28.38 28.42 28.30 28.00 27.89 27.92 28.17 28.24 28.25 28.25 27.92 27.87 28.07 27.91 27.75 27.92 27.91 28.18 28.22 28.22 28.31 28.32 27.89 27.71 28.14 28.06 27.76 27.72 27.75 27.62 27.67 28.02 28.21 28.21 28.14 28.11 28.18 28.12 27.98 27.94 27.77 28.02 27.90 27.93 27.91 27.93 27.73 27.73 27.49 27.57 27.73 27.62 27.70 27.66 27.68 27.58 27.77 27.84 27.76 27.70 27.46 27.51 27.76 27.60 27.86 27.39 26.96 26.04 26.17 25.66 26.06 27.10
27.25 27.93 28.05 28.31 28.32 28.32 28.37 28.30 28.02 28.00 28.15 28.14 28.19 28.16 28.30 28.36 28.29 28.05 28.14 28.11 28.19 28.28 28.30 28.36 28.37 28.35 28.25 28.22 28.23 28.13 27.72 27.52 27.44 27.64 27.86 27.66 27.71 27.88 27.77 27.82 27.68 27.92 28.11 27.99 28.02 28.01 28.01 28.05 27.98 27.97 27.86 27.81 27.82 27.69 27.75 27.74 27.79 27.72 27.89 27.87 27.86 27.83 28.07 27.96 27.75 27.75 27.72 27.49 27.61 27.74 26.81 26.14 25.65 25.75 25.79 26.16 26.79
