main/data/irradiance/13.01.2023.grid
ncols 839
nrows 679
xllcenter 112.0500
yllcenter -43.9500
cellsize 0.0500
nodata_value 99999.90
[rows 136 to 169 of 679, columns 231 to 307 of 839]
27.07 27.66 27.66 27.66 27.66 27.89 27.77 27.01 27.53 27.11 27.43 27.07 26.66 26.57 27.18 26.55 26.65 26.93 26.78 26.97 27.06 27.11 27.38 28.07 27.97 28.27 27.70 27.42 27.42 27.33 26.64 26.18 26.27 27.13 26.87 27.24 27.12 27.81 27.80 27.01 26.31 25.94 26.24 26.48 27.06 26.90 26.13 25.13 24.18 23.78 24.67 23.32 23.74 24.98 24.87 24.81 24.38 24.30 23.74 24.94 25.44 24.90 23.72 22.75 23.16 23.18 23.48 23.71 22.85 22.92 21.58 20.00 19.91 20.07 20.28 18.84 18.10
27.83 27.66 27.66 27.66 27.66 27.89 28.46 28.46 27.35 26.97 26.95 27.22 26.64 26.44 26.85 27.06 26.78 27.02 26.90 27.11 27.60 27.56 27.82 27.82 27.94 27.95 27.58 27.85 27.69 27.83 27.74 28.05 28.16 27.67 27.35 27.80 27.58 28.31 28.02 27.41 27.31 26.32 26.21 26.27 26.37 27.29 26.54 25.60 25.31 26.03 26.16 24.19 25.26 25.98 25.47 26.55 26.01 25.81 24.46 24.80 25.32 24.57 24.30 23.28 23.48 23.39 23.63 24.04 23.89 23.26 23.08 21.38 21.35 21.15 19.62 17.71 17.46
27.83 27.02 27.02 27.66 27.66 28.15 28.15 28.14 27.34 26.81 26.89 27.32 27.23 26.87 26.97 27.14 27.03 27.20 27.10 27.00 27.61 27.80 27.92 28.04 27.84 27.94 27.50 27.59 27.81 27.47 27.67 28.06 27.99 27.75 27.69 27.81 28.13 27.89 27.42 27.80 27.91 27.62 27.32 26.76 26.76 27.24 26.62 26.51 26.23 27.09 26.81 26.51 25.98 26.18 26.71 26.57 26.51 25.92 25.62 25.26 25.20 25.36 24.20 24.08 24.17 23.86 24.87 24.42 23.22 23.56 23.17 21.27 20.50 19.63 18.99 19.36 18.69
27.83 27.02 27.02 27.02 28.42 28.17 28.17 28.39 27.36 27.22 26.95 27.27 27.58 27.30 27.78 27.91 27.47 27.22 26.96 26.90 27.52 27.56 27.97 28.05 28.11 28.32 28.16 28.01 27.97 27.88 27.74 27.82 28.11 27.86 28.03 27.47 27.92 27.71 26.85 27.77 27.72 27.53 27.29 27.26 26.85 27.04 27.20 26.73 26.87 27.04 27.34 27.19 27.16 26.43 25.80 26.06 26.78 26.17 25.89 25.18 25.03 25.05 25.64 24.48 23.42 23.06 24.40 23.49 23.49 23.34 22.53 20.94 21.05 19.09 18.21 18.86 18.92
27.83 27.02 27.02 26.94 28.42 28.42 28.17 28.80 28.23 27.76 27.73 27.65 27.75 27.71 27.95 27.90 28.14 28.13 27.99 27.16 26.97 27.66 27.66 27.36 27.42 27.56 27.60 27.88 27.83 28.00 27.95 28.16 28.04 27.93 28.22 28.66 28.57 28.32 27.75 28.20 28.27 27.76 27.48 27.54 27.33 27.82 27.59 27.12 26.66 26.33 26.53 27.13 26.81 26.70 25.85 26.74 26.96 25.71 26.08 25.80 24.98 24.64 25.27 24.93 23.78 22.83 23.11 23.26 22.78 22.71 20.93 21.08 20.37 18.51 16.60 19.09 20.51
27.70 26.67 26.94 26.94 28.53 28.53 28.20 28.15 28.75 28.02 27.51 27.73 28.07 28.06 28.47 28.24 28.29 28.53 28.41 28.03 27.81 27.40 27.78 27.85 27.88 27.51 27.63 27.61 27.27 27.49 27.60 27.46 27.72 27.86 28.08 28.33 28.67 28.54 28.33 28.34 28.57 28.06 28.07 28.05 27.95 27.59 28.05 27.81 26.69 27.10 27.37 27.19 27.68 27.50 26.67 25.97 26.79 26.11 25.82 25.41 25.15 24.67 24.98 25.37 24.43 23.54 22.75 23.46 22.55 22.74 22.09 21.63 21.20 21.47 18.44 19.87 20.32
27.70 27.08 27.04 27.26 27.26 27.90 27.71 26.86 28.11 27.62 27.32 27.38 27.95 28.23 27.86 28.04 28.08 28.37 28.56 28.18 27.84 28.05 28.22 28.29 27.94 27.85 28.02 27.94 27.93 27.96 27.82 27.77 27.70 28.02 28.26 28.17 28.27 28.56 28.69 28.53 28.67 28.21 28.19 28.32 28.12 28.04 28.29 28.03 27.66 27.40 27.75 27.42 26.90 27.10 26.83 26.18 26.81 25.65 25.24 25.55 24.63 23.62 23.70 24.84 24.06 23.19 22.98 23.11 22.51 22.14 21.72 20.76 21.32 21.02 19.32 19.69 19.72
27.96 27.96 27.48 27.46 28.13 27.90 27.71 27.35 27.41 27.61 27.04 27.43 27.73 28.12 28.09 27.68 27.63 28.07 28.36 28.05 27.66 28.11 27.96 28.29 28.29 28.08 27.99 27.78 27.65 28.09 28.46 28.18 27.81 28.31 28.61 28.71 28.68 28.94 28.93 28.76 28.61 28.29 28.41 28.04 27.51 27.35 27.76 28.16 28.05 27.09 27.38 27.31 26.43 26.58 26.86 26.54 26.11 25.04 24.95 24.77 24.98 23.97 22.93 24.18 24.18 23.88 23.42 23.34 23.31 23.11 22.00 21.52 23.18 22.26 21.43 21.22 20.47
27.63 27.63 27.53 27.24 27.27 27.76 28.11 28.01 27.93 28.15 27.92 27.76 28.03 28.63 28.14 27.81 27.60 28.05 27.80 28.07 27.89 28.15 28.22 27.89 28.15 28.18 28.10 28.22 28.05 28.11 28.42 27.76 27.57 28.11 28.17 28.06 28.22 28.51 28.71 28.38 28.56 28.35 28.19 27.77 27.20 26.95 27.23 27.66 28.05 27.63 26.77 26.31 25.88 25.56 25.57 25.84 24.98 24.41 24.27 24.30 24.41 22.73 21.95 23.59 24.53 23.11 22.57 22.79 22.22 22.92 21.77 20.84 20.97 21.52 20.97 20.79 19.02
28.20 28.20 29.06 27.87 27.31 27.61 28.15 28.22 28.45 28.15 28.35 28.28 28.11 28.27 28.53 28.15 27.98 27.77 27.70 27.54 27.90 28.22 28.24 28.11 27.87 27.54 27.65 27.87 28.16 28.46 28.46 28.29 27.67 28.38 28.26 28.07 28.33 28.74 28.60 28.32 28.29 28.29 27.67 27.30 27.23 26.83 26.93 27.35 27.69 27.25 26.44 26.31 25.65 25.93 26.02 25.32 24.68 24.59 24.01 24.97 24.70 23.40 23.20 23.22 22.23 21.06 21.58 21.20 21.87 22.43 20.84 20.58 21.46 21.10 22.32 20.70 19.93
28.27 27.85 28.97 28.19 27.96 27.78 27.89 28.29 28.39 28.49 28.61 28.60 28.27 28.40 28.25 28.35 28.29 27.99 27.65 27.71 28.07 28.72 28.13 28.05 27.97 28.18 27.99 27.98 28.05 28.14 28.23 28.08 28.07 28.33 28.42 28.29 28.46 28.48 28.65 28.44 28.73 28.65 27.90 27.93 27.70 27.43 27.55 27.64 27.86 27.46 26.95 26.56 26.18 25.27 25.68 26.04 26.08 26.06 25.31 25.24 24.59 22.85 22.56 22.17 21.66 21.61 22.35 22.23 20.64 21.07 19.84 20.92 21.53 19.61 22.08 19.99 19.48
27.76 26.53 27.86 27.32 27.94 27.70 27.74 27.97 28.21 28.03 28.37 28.68 28.65 28.34 28.27 28.19 28.55 28.26 28.11 27.99 28.39 28.69 28.16 28.46 28.64 28.46 28.57 28.43 28.42 28.32 27.98 28.38 28.74 28.61 28.50 28.50 28.75 28.54 28.43 28.44 28.63 28.75 28.59 28.55 28.46 28.58 28.45 28.54 27.84 27.74 27.48 26.60 27.10 26.78 27.15 27.19 27.01 26.87 26.51 26.27 25.00 22.94 22.87 22.55 21.57 21.57 21.33 21.58 20.60 20.40 20.86 21.15 21.25 20.57 21.33 22.01 21.34
27.82 27.02 28.59 27.88 27.79 28.04 28.07 28.00 28.10 28.41 28.37 28.48 28.71 28.49 28.64 28.65 28.63 28.61 28.44 27.82 27.80 28.05 28.05 28.22 28.57 28.64 28.80 28.98 28.85 28.87 28.77 28.51 28.51 28.68 28.73 28.80 28.82 28.74 28.79 28.44 28.42 28.85 29.05 28.96 28.59 28.47 28.39 28.48 28.54 28.59 28.50 28.30 28.10 28.26 28.22 28.12 27.83 27.60 26.91 26.77 26.53 25.47 23.66 23.48 22.77 22.13 22.17 21.38 20.66 21.43 21.68 21.25 20.03 20.44 21.79 22.76 22.43
28.29 27.95 28.75 28.36 28.28 28.02 28.02 28.18 28.24 28.50 28.51 28.46 28.42 28.95 28.43 28.71 28.81 28.98 28.67 28.45 28.05 27.69 27.53 27.38 28.41 28.82 29.20 29.18 29.02 28.85 29.00 28.93 28.90 28.63 28.87 29.21 28.90 28.67 28.81 28.88 28.55 28.77 28.89 28.82 28.85 28.67 28.74 28.60 28.63 28.66 28.83 28.56 28.47 28.37 28.41 28.59 28.17 27.69 27.35 27.28 26.76 26.27 25.55 25.05 23.86 22.34 20.84 20.27 20.11 20.69 20.34 20.58 20.82 21.41 22.25 22.81 22.73
27.96 28.43 28.31 28.31 28.27 28.18 28.27 28.04 28.30 28.35 28.70 28.69 28.69 28.86 28.81 28.36 28.68 28.79 28.80 28.45 28.55 27.93 27.75 28.18 28.26 28.76 28.92 29.07 29.11 28.78 28.84 29.29 29.12 28.82 28.87 29.17 29.14 28.89 28.84 29.07 28.93 28.80 29.13 28.69 28.71 28.90 28.73 28.62 28.42 28.55 28.48 28.42 28.28 28.24 28.37 28.42 28.35 27.80 27.69 27.68 26.73 26.19 24.30 24.26 23.47 22.34 22.22 22.93 22.83 20.61 21.03 21.56 22.50 21.31 21.71 23.26 23.11
26.63 27.76 28.69 28.81 28.75 28.83 28.30 28.35 28.34 28.38 28.52 28.75 28.83 29.18 29.16 29.04 28.82 28.98 28.88 28.71 28.50 28.30 28.09 27.76 28.12 27.53 28.71 28.85 29.09 28.82 28.51 29.11 29.34 29.17 29.01 29.21 29.22 29.14 28.93 28.84 29.03 28.82 28.93 29.12 28.94 28.65 28.70 28.62 28.25 28.11 28.47 28.66 28.61 28.46 28.38 28.26 28.26 27.93 27.84 27.44 26.89 26.54 25.97 25.22 25.48 25.61 25.31 25.56 24.16 21.55 20.37 20.50 21.24 20.33 22.75 22.45 21.38
27.05 28.02 28.66 29.15 29.16 28.99 28.84 28.83 28.87 28.80 28.64 28.70 28.63 28.95 29.02 29.11 28.91 28.91 29.14 29.05 28.88 28.18 27.78 28.11 27.68 27.71 27.63 28.72 28.88 29.02 28.63 28.92 29.21 29.30 29.22 29.34 29.32 29.30 29.11 28.94 29.07 28.95 28.90 28.72 28.59 28.58 28.81 28.65 28.35 28.03 28.26 28.45 28.17 28.16 28.45 28.20 28.40 27.97 27.73 27.33 27.48 27.12 27.17 26.80 26.27 25.95 25.68 25.20 24.45 21.86 21.31 22.22 21.42 21.15 22.67 22.58 21.93
27.96 28.53 28.64 28.91 29.05 29.21 28.83 29.13 28.96 28.81 28.90 28.63 29.00 29.04 28.99 29.12 29.03 28.99 29.02 29.08 28.85 28.50 28.10 27.79 27.65 27.49 27.74 28.38 28.69 28.86 28.90 29.01 29.24 29.32 29.35 29.34 29.33 29.28 29.21 28.83 28.80 29.05 29.01 28.73 28.54 28.66 28.73 28.87 28.54 28.47 28.26 28.41 28.06 28.35 28.25 28.37 28.24 28.07 27.78 27.70 27.77 27.32 27.60 27.55 26.73 26.62 25.96 25.09 24.93 24.23 23.45 22.66 21.80 22.46 22.32 22.50 22.52
27.42 28.05 28.60 28.85 28.93 28.70 29.12 28.82 29.08 28.87 28.88 28.72 28.67 28.94 29.07 29.14 28.91 29.05 29.02 29.12 28.82 28.71 28.25 28.15 27.77 27.70 27.64 27.93 28.22 28.61 28.77 29.01 29.18 29.19 29.28 29.23 29.21 29.17 29.18 29.08 28.94 29.00 28.92 28.74 28.68 28.57 28.45 28.69 28.59 28.75 28.53 28.32 28.29 28.23 28.12 28.32 28.12 27.72 28.05 27.89 27.71 27.88 27.84 27.17 26.72 26.65 26.12 25.60 24.48 24.93 23.81 22.94 23.66 23.29 22.92 22.33 22.76
28.36 27.75 28.56 28.53 28.90 28.72 28.88 28.92 29.14 28.73 28.84 28.84 28.91 28.73 28.86 28.99 29.02 28.97 28.90 28.98 28.74 28.64 28.12 27.72 27.47 27.65 27.53 27.91 28.19 28.21 28.30 28.76 28.99 29.14 29.03 29.05 29.13 29.06 28.92 28.77 28.78 28.98 28.84 28.72 28.89 28.35 28.39 28.03 28.69 28.66 28.83 28.84 28.69 28.60 28.44 28.45 28.51 27.85 28.34 28.10 28.06 27.74 28.17 27.53 26.63 26.68 26.37 25.92 25.72 25.81 24.99 24.66 24.83 24.12 23.86 23.47 23.22
28.81 27.85 28.28 28.55 28.85 28.95 28.93 29.00 28.85 29.00 28.96 28.82 28.67 28.66 28.87 29.03 28.95 28.64 28.94 29.10 28.65 28.55 28.34 27.98 27.52 27.45 27.67 27.76 27.81 27.82 28.13 28.15 28.55 28.97 28.94 28.66 29.09 28.69 28.82 29.01 29.00 29.08 28.92 28.85 29.01 28.51 28.17 28.49 28.66 28.86 28.92 28.98 29.01 28.79 28.76 28.85 28.65 28.37 28.50 28.40 28.13 28.32 28.11 27.67 26.96 27.19 27.13 26.40 26.06 26.14 25.18 25.26 25.19 25.51 25.02 24.27 23.41
29.16 28.75 28.46 28.20 29.00 28.91 29.00 28.88 28.96 28.69 28.61 28.84 28.76 28.50 28.56 28.94 29.15 29.10 28.91 28.64 28.59 28.65 28.23 28.15 27.48 27.80 27.96 28.02 27.82 27.83 28.03 28.05 28.23 28.42 28.45 28.67 28.07 28.75 28.88 29.07 29.05 29.08 29.05 28.65 28.31 28.52 28.31 28.69 28.86 28.89 28.85 28.93 28.97 28.93 28.76 28.59 28.61 28.64 28.75 28.47 28.11 28.08 27.95 27.64 27.09 27.21 26.64 26.06 25.24 26.06 25.87 25.91 25.55 25.04 24.90 24.66 23.64
29.08 29.06 28.95 28.80 28.16 29.17 29.17 28.96 28.66 28.84 28.74 28.75 28.79 28.78 28.53 28.00 28.39 28.90 29.00 28.72 28.71 28.98 28.83 28.76 28.38 28.33 28.46 28.34 28.16 28.26 28.20 28.44 28.67 28.54 28.39 28.57 28.39 28.57 28.81 28.85 29.13 29.06 28.91 28.46 28.59 28.54 28.30 28.46 28.61 28.88 28.81 28.88 28.81 28.89 28.93 28.71 28.64 28.71 28.57 28.25 28.38 28.10 27.66 27.08 27.12 26.78 26.99 26.64 26.42 25.69 25.28 24.99 24.66 24.45 24.42 24.65 24.06
27.80 27.84 28.92 28.95 28.76 28.73 29.15 29.09 28.90 29.00 29.15 28.90 28.95 27.31 27.86 28.36 28.87 28.73 28.67 28.60 28.64 28.84 29.12 28.96 28.70 28.90 28.69 28.54 28.61 28.46 28.51 28.44 28.64 28.95 28.91 28.65 28.57 28.62 28.60 28.65 28.69 28.96 28.96 28.87 28.64 28.74 28.43 28.65 28.95 28.80 28.51 28.72 28.88 28.69 28.90 28.55 28.76 28.62 28.52 28.68 28.47 28.11 27.50 26.97 26.99 27.09 27.11 26.88 26.54 25.46 24.89 24.68 24.80 24.62 24.72 24.23 23.92
27.27 27.29 28.20 28.61 29.08 29.12 28.70 29.02 29.13 28.99 28.83 29.13 28.30 28.27 28.66 28.85 28.74 28.39 28.59 29.00 28.95 29.00 29.07 28.98 28.81 28.83 28.72 28.95 28.61 28.58 28.37 28.44 28.51 28.70 29.06 28.93 28.78 28.54 28.87 28.75 28.60 28.78 28.74 28.67 28.86 28.73 28.46 28.84 29.07 28.92 28.27 28.52 28.64 28.70 28.77 28.56 28.61 28.62 28.69 28.64 28.42 27.97 27.62 26.99 27.18 27.13 27.36 26.95 26.81 25.46 24.31 24.01 24.59 24.82 25.86 25.58 24.91
28.21 28.22 27.88 28.08 28.36 28.76 28.91 28.68 28.82 29.12 29.12 28.48 28.92 29.27 29.09 28.99 29.11 29.00 29.00 28.38 28.94 29.06 29.06 29.23 28.95 28.78 28.94 28.79 28.90 28.55 28.84 28.65 28.73 28.71 28.85 28.98 28.94 28.73 28.95 29.12 28.65 28.67 28.30 28.68 28.54 28.49 29.01 29.08 28.86 28.86 28.83 28.97 28.79 28.93 28.77 28.63 28.75 28.92 28.80 28.86 28.92 28.69 27.76 27.13 26.72 26.92 27.46 27.24 26.98 25.76 24.71 24.38 24.07 25.05 25.65 24.93 24.53
28.91 27.86 27.58 27.98 27.86 28.80 29.11 29.21 29.00 29.16 29.31 29.18 29.02 29.23 29.27 28.99 28.97 29.23 29.15 28.68 28.84 28.90 29.09 29.01 28.99 28.85 28.93 28.98 28.80 28.71 28.82 28.94 28.94 28.97 29.10 29.11 28.99 28.90 29.13 28.83 28.10 27.39 27.69 28.42 28.43 28.75 29.08 29.12 28.99 29.09 28.97 29.21 29.11 28.92 28.96 28.96 28.91 29.08 28.98 29.03 28.76 27.98 27.19 26.93 26.71 26.67 26.53 26.87 26.04 24.61 23.45 24.13 24.27 23.81 24.03 24.40 24.03
27.99 27.65 27.48 27.83 28.73 29.29 29.39 29.31 29.45 29.44 29.29 29.33 29.36 28.93 28.99 29.03 28.85 29.08 29.17 29.09 28.93 28.79 28.95 29.25 28.89 29.01 29.11 29.03 28.92 28.99 28.78 28.80 28.85 29.04 29.18 29.16 29.10 28.98 29.00 28.83 28.27 28.22 28.51 28.53 28.53 28.48 28.99 29.13 29.19 29.25 29.15 29.22 29.31 29.12 29.16 29.26 29.24 29.25 28.96 28.95 28.48 27.80 27.75 27.43 27.37 27.26 27.28 26.98 26.46 25.38 25.08 24.03 22.50 22.14 22.95 24.15 22.64
28.05 27.09 27.76 29.38 29.36 29.46 29.48 29.54 29.59 29.53 29.34 29.41 29.38 29.52 29.38 29.31 29.15 29.11 29.13 29.14 28.90 28.92 29.26 29.01 29.11 29.27 28.98 28.95 28.91 29.01 28.91 28.85 28.90 28.73 28.97 29.04 29.01 29.01 28.99 28.50 28.21 28.87 28.84 28.78 28.92 28.68 28.72 29.19 29.18 29.29 28.95 28.98 29.00 28.88 29.17 29.37 29.29 29.13 29.04 28.82 27.94 27.83 27.71 27.64 28.00 27.68 27.71 27.84 27.00 26.13 25.17 23.91 23.60 22.68 23.15 23.78 23.04
28.87 27.82 27.92 29.39 28.40 29.40 29.46 29.51 29.68 29.69 29.49 29.47 29.43 29.50 29.58 29.54 29.47 29.28 28.93 29.16 29.08 29.13 29.06 29.28 29.20 29.10 28.94 29.20 28.57 28.65 29.00 28.76 28.96 28.85 28.73 28.57 28.74 28.83 28.66 28.29 28.89 28.83 28.86 29.01 29.21 29.23 29.09 28.90 29.08 29.10 29.11 28.85 28.52 28.92 29.06 28.92 28.97 28.93 29.02 28.53 27.80 27.90 28.12 28.25 28.16 27.68 27.99 27.92 27.11 26.03 25.63 24.70 24.68 24.60 24.34 23.91 22.74
27.28 27.17 28.08 29.50 29.41 29.34 29.53 29.58 29.64 29.64 29.51 29.30 29.36 29.45 29.54 29.51 29.47 29.36 28.98 28.88 29.22 29.16 29.27 28.88 28.74 28.88 29.11 29.01 29.08 29.08 28.70 28.73 28.78 28.60 28.59 28.50 28.17 27.83 27.70 27.99 28.64 28.62 28.81 28.88 29.16 29.22 29.05 28.92 28.93 28.85 28.88 28.83 28.83 28.85 28.95 29.11 29.00 28.98 28.53 27.97 27.95 27.89 28.13 28.35 28.59 28.40 28.20 27.77 26.85 26.05 25.55 24.91 24.82 25.44 25.32 24.24 22.54
27.34 26.89 27.63 28.99 29.14 29.31 29.35 29.55 29.55 29.57 29.51 29.52 29.22 29.06 29.34 29.31 29.31 29.32 29.44 29.21 29.33 29.34 29.19 29.20 28.75 28.61 28.78 29.08 28.89 28.79 28.58 28.14 28.48 28.79 28.32 27.99 27.99 27.85 27.24 27.48 28.25 28.39 28.54 28.65 28.74 28.79 29.00 28.84 28.85 28.54 28.62 28.70 28.90 28.75 28.85 29.10 29.16 29.09 28.17 28.00 28.19 28.60 28.29 28.52 28.77 28.42 27.92 27.36 26.53 25.92 25.85 25.98 25.18 24.57 25.35 25.01 23.68
27.16 27.28 28.71 29.08 29.05 28.96 28.94 29.07 29.33 29.54 29.37 29.38 29.33 29.37 29.24 29.32 29.17 29.33 29.30 29.39 29.19 29.39 29.44 29.46 29.08 28.72 28.21 28.52 28.20 28.06 28.46 28.06 27.98 28.48 28.62 28.43 28.40 28.53 28.18 28.40 27.96 28.20 28.17 28.42 28.29 28.45 28.71 28.82 28.65 28.29 28.38 28.47 28.45 28.40 28.47 28.53 28.91 28.82 28.19 28.10 27.99 27.93 27.94 28.41 28.72 28.41 28.56 28.00 26.51 26.29 25.59 25.48 25.33 24.92 25.27 24.58 23.21
28.10 27.64 28.83 29.10 29.02 29.03 29.03 29.09 29.04 29.11 29.46 29.52 29.45 29.49 29.59 29.30 29.11 29.01 29.19 29.22 29.27 29.33 29.37 29.29 29.37 29.19 28.82 28.58 28.31 27.99 27.41 27.75 28.03 28.60 28.17 28.32 28.58 28.64 28.13 28.15 28.54 28.24 28.17 28.23 28.26 28.35 28.10 28.30 28.16 28.50 28.51 28.37 28.51 28.91 28.62 28.63 28.84 28.70 28.03 28.05 28.09 28.07 28.03 28.37 28.54 28.61 28.59 27.43 26.47 26.06 25.99 25.43 25.56 25.36 25.58 24.72 23.50
