main/data/irradiance/13.07.2023.grid
ncols 839
nrows 679
xllcenter 112.0500
yllcenter -43.9500
cellsize 0.0500
nodata_value 99999.90
[rows 510 to 543 of 679, columns 539 to 615 of 839]
10.84 10.91 10.91 10.93 10.93 10.90 10.94 10.94 10.94 10.94 10.94 10.93 10.87 10.91 10.95 10.87 10.88 10.86 10.86 10.92 10.92 10.88 10.87 10.89 10.90 10.78 10.75 10.76 10.89 10.87 10.86 10.84 10.83 10.85 10.73 10.73 10.81 10.82 10.82 10.84 10.83 10.87 10.85 10.80 10.71 10.76 10.87 10.83 10.80 10.64 10.48 10.46 10.51 10.51 10.50 10.70 10.75 10.74 10.74 10.67 10.66 10.62 10.49 10.53 10.58 10.68 10.56 10.91 10.67 10.59 10.74 10.87 10.89 10.93 10.93 10.93 10.97
10.84 10.84 10.88 10.90 10.90 10.90 10.94 10.94 10.90 10.91 10.88 10.85 10.85 10.85 10.83 10.70 10.78 10.86 10.86 10.89 10.86 10.84 10.83 10.85 10.82 10.86 10.87 10.87 10.78 10.80 10.74 10.63 10.54 10.51 10.52 10.65 10.81 10.79 10.81 10.80 10.80 10.76 10.77 10.75 10.74 10.79 10.78 10.75 10.65 10.61 10.41 10.46 10.51 10.62 10.62 10.69 10.75 10.77 10.76 10.69 10.67 10.67 10.65 10.59 10.57 10.62 10.76 10.90 10.92 10.72 10.77 10.85 10.87 10.91 10.93 10.95 10.94
10.84 10.84 10.88 10.80 10.88 10.88 10.88 10.88 10.88 10.88 10.85 10.71 10.56 10.51 10.57 10.58 10.62 10.76 10.90 10.90 10.85 10.79 10.74 10.70 10.73 10.78 10.75 10.68 10.62 10.71 10.68 10.52 10.45 10.64 10.77 10.77 10.71 10.71 10.77 10.77 10.74 10.71 10.68 10.72 10.69 10.66 10.58 10.60 10.62 10.64 10.54 10.63 10.76 10.74 10.67 10.80 10.79 10.79 10.75 10.69 10.68 10.62 10.72 10.52 10.50 10.69 10.84 10.88 10.86 10.78 10.72 10.79 10.84 10.89 10.89 10.91 10.90
10.84 10.84 10.80 10.80 10.88 10.88 10.85 10.85 10.84 10.71 10.72 10.72 10.71 10.71 10.87 10.86 10.75 10.75 10.83 10.76 10.72 10.69 10.58 10.44 10.43 10.44 10.41 10.47 10.43 10.59 10.71 10.73 10.74 10.72 10.65 10.60 10.73 10.77 10.75 10.73 10.74 10.66 10.51 10.51 10.61 10.64 10.68 10.68 10.71 10.69 10.69 10.62 10.64 10.71 10.73 10.72 10.73 10.72 10.69 10.69 10.71 10.62 10.55 10.66 10.72 10.72 10.81 10.80 10.70 10.68 10.68 10.76 10.89 10.87 10.88 10.86 10.89
10.84 10.80 10.80 10.80 10.88 10.83 10.83 10.84 10.83 10.83 10.67 10.61 10.64 10.59 10.66 10.59 10.64 10.75 10.79 10.65 10.49 10.40 10.44 10.38 10.44 10.56 10.62 10.64 10.52 10.50 10.43 10.44 10.44 10.56 10.76 10.74 10.72 10.76 10.71 10.69 10.67 10.65 10.54 10.57 10.66 10.73 10.74 10.59 10.52 10.54 10.54 10.50 10.54 10.56 10.58 10.62 10.71 10.67 10.60 10.63 10.58 10.55 10.56 10.54 10.56 10.64 10.71 10.72 10.64 10.63 10.74 10.77 10.86 10.84 10.85 10.86 10.87
10.84 10.80 10.80 10.80 10.83 10.83 10.83 10.80 10.81 10.65 10.54 10.48 10.51 10.63 10.75 10.70 10.64 10.68 10.65 10.52 10.56 10.59 10.64 10.61 10.69 10.44 10.40 10.40 10.50 10.47 10.39 10.46 10.62 10.64 10.56 10.62 10.59 10.66 10.62 10.53 10.62 10.55 10.67 10.61 10.62 10.64 10.53 10.66 10.68 10.63 10.59 10.58 10.53 10.53 10.55 10.54 10.67 10.71 10.79 10.60 10.58 10.55 10.48 10.50 10.57 10.72 10.69 10.75 10.69 10.65 10.73 10.80 10.83 10.84 10.84 10.84 10.84
10.80 10.80 10.80 10.83 10.83 10.83 10.80 10.80 10.81 10.73 10.72 10.72 10.59 10.64 10.61 10.46 10.46 10.56 10.49 10.46 10.50 10.54 10.60 10.51 10.54 10.47 10.53 10.65 10.65 10.64 10.61 10.67 10.58 10.55 10.57 10.51 10.67 10.55 10.45 10.54 10.57 10.63 10.63 10.60 10.45 10.40 10.51 10.75 10.73 10.73 10.70 10.55 10.48 10.56 10.58 10.65 10.77 10.79 10.77 10.69 10.53 10.49 10.46 10.42 10.52 10.68 10.73 10.76 10.67 10.62 10.70 10.80 10.81 10.81 10.82 10.80 10.79
10.80 10.80 10.83 10.83 10.83 10.80 10.80 10.80 10.73 10.73 10.49 10.48 10.55 10.60 10.53 10.46 10.46 10.46 10.48 10.48 10.53 10.68 10.69 10.64 10.51 10.46 10.64 10.61 10.60 10.53 10.46 10.48 10.44 10.48 10.54 10.54 10.55 10.48 10.49 10.55 10.62 10.63 10.60 10.57 10.50 10.58 10.61 10.71 10.71 10.53 10.51 10.47 10.45 10.46 10.46 10.56 10.67 10.61 10.68 10.69 10.54 10.51 10.40 10.46 10.55 10.65 10.73 10.69 10.69 10.67 10.76 10.71 10.72 10.69 10.71 10.77 10.74
10.80 10.80 10.83 10.83 10.80 10.80 10.80 10.73 10.73 10.49 10.49 10.38 10.39 10.33 10.28 10.31 10.42 10.47 10.48 10.43 10.44 10.58 10.64 10.72 10.59 10.65 10.57 10.62 10.60 10.54 10.54 10.55 10.61 10.53 10.55 10.54 10.59 10.49 10.45 10.60 10.67 10.70 10.76 10.57 10.59 10.68 10.64 10.63 10.62 10.51 10.48 10.41 10.33 10.36 10.36 10.36 10.38 10.37 10.61 10.66 10.54 10.41 10.40 10.54 10.65 10.70 10.73 10.74 10.70 10.71 10.74 10.74 10.67 10.59 10.65 10.66 10.62
10.80 10.83 10.83 10.80 10.80 10.80 10.80 10.73 10.49 10.49 10.38 10.38 10.34 10.27 10.25 10.25 10.27 10.36 10.51 10.52 10.60 10.71 10.66 10.59 10.57 10.63 10.54 10.51 10.55 10.54 10.51 10.54 10.60 10.46 10.48 10.46 10.45 10.55 10.57 10.54 10.64 10.69 10.66 10.68 10.67 10.68 10.63 10.56 10.67 10.53 10.48 10.41 10.45 10.46 10.45 10.48 10.60 10.37 10.61 10.59 10.62 10.58 10.57 10.63 10.68 10.65 10.70 10.70 10.69 10.70 10.72 10.72 10.65 10.55 10.45 10.47 10.48
10.83 10.83 10.80 10.80 10.80 10.80 10.73 10.49 10.49 10.38 10.38 10.34 10.34 10.17 10.28 10.24 10.32 10.42 10.48 10.51 10.53 10.56 10.50 10.46 10.44 10.52 10.55 10.46 10.21 10.16 10.39 10.50 10.47 10.45 10.35 10.42 10.50 10.42 10.47 10.49 10.47 10.56 10.56 10.67 10.56 10.62 10.56 10.58 10.57 10.60 10.52 10.65 10.68 10.65 10.64 10.62 10.64 10.60 10.60 10.59 10.65 10.66 10.58 10.62 10.55 10.58 10.59 10.63 10.64 10.67 10.66 10.66 10.63 10.50 10.42 10.53 10.52
10.83 10.80 10.80 10.80 10.80 10.80 10.49 10.49 10.38 10.38 10.34 10.21 10.21 10.21 10.19 10.14 10.33 10.42 10.50 10.60 10.50 10.49 10.58 10.35 10.31 10.30 10.24 10.12 10.02 10.08 10.18 10.19 10.30 10.31 10.23 10.23 10.16 10.23 10.43 10.52 10.44 10.40 10.41 10.54 10.52 10.54 10.49 10.44 10.50 10.55 10.59 10.66 10.65 10.64 10.57 10.62 10.67 10.65 10.65 10.66 10.66 10.64 10.51 10.52 10.48 10.46 10.48 10.58 10.58 10.62 10.61 10.59 10.57 10.53 10.53 10.60 10.49
10.80 10.80 10.80 10.80 10.80 10.49 10.49 10.38 10.38 10.21 10.21 10.21 10.21 10.21 10.26 10.26 10.41 10.52 10.53 10.51 10.52 10.49 10.44 10.19 10.15 10.09 10.02 9.97 9.89 10.03 10.29 10.20 10.29 10.27 10.14 10.12 10.28 10.44 10.56 10.60 10.58 10.34 10.52 10.42 10.40 10.46 10.46 10.47 10.52 10.40 10.47 10.59 10.64 10.57 10.59 10.57 10.47 10.46 10.51 10.51 10.57 10.51 10.55 10.56 10.56 10.55 10.56 10.54 10.51 10.52 10.54 10.59 10.49 10.50 10.57 10.53 10.44
10.80 10.80 10.80 10.80 10.49 10.49 10.38 10.21 10.21 10.21 10.21 10.21 10.28 10.28 10.28 10.33 10.41 10.47 10.45 10.34 10.27 10.31 10.18 10.10 10.24 10.05 9.93 10.01 9.95 10.14 10.11 10.06 10.11 10.18 10.20 10.30 10.38 10.46 10.42 10.38 10.42 10.50 10.50 10.32 10.30 10.41 10.37 10.33 10.50 10.42 10.41 10.33 10.48 10.56 10.62 10.52 10.46 10.53 10.59 10.62 10.60 10.59 10.58 10.36 10.37 10.46 10.49 10.57 10.60 10.61 10.60 10.61 10.47 10.50 10.55 10.49 10.43
10.80 10.80 10.80 10.80 10.49 10.38 10.21 10.21 10.21 10.21 10.47 10.47 10.47 10.47 10.47 10.39 10.43 10.53 10.41 10.25 10.15 10.18 10.09 10.09 10.06 9.94 9.86 9.79 9.75 9.99 9.92 10.02 10.02 10.14 10.06 10.23 10.39 10.45 10.45 10.36 10.40 10.40 10.38 10.20 10.42 10.41 10.31 10.31 10.32 10.33 10.48 10.43 10.46 10.54 10.57 10.46 10.47 10.38 10.55 10.58 10.62 10.59 10.53 10.36 10.50 10.41 10.42 10.52 10.53 10.50 10.52 10.56 10.37 10.48 10.49 10.44 10.43
10.80 10.80 10.80 10.49 10.21 10.21 10.21 10.47 10.47 10.47 10.47 10.47 10.47 10.47 10.47 10.39 10.31 10.22 10.14 10.07 10.00 10.07 10.05 10.18 10.19 10.07 9.92 9.87 9.75 9.77 9.67 9.71 9.85 10.05 10.17 10.20 10.33 10.42 10.39 10.33 10.30 10.15 10.15 10.18 10.29 10.38 10.35 10.38 10.36 10.30 10.27 10.27 10.35 10.44 10.47 10.45 10.48 10.40 10.41 10.49 10.49 10.44 10.40 10.33 10.42 10.36 10.39 10.39 10.48 10.49 10.30 10.31 10.25 10.44 10.48 10.49 10.44
10.73 10.49 10.49 10.21 10.47 10.47 10.47 10.47 10.47 10.47 10.47 10.47 10.47 10.22 10.22 10.22 10.05 10.09 10.14 10.05 10.00 10.11 10.09 10.15 9.83 9.78 9.76 9.76 9.81 9.86 9.86 9.90 10.04 10.15 10.18 10.24 10.25 10.35 10.38 10.24 10.16 10.26 10.15 10.18 10.49 10.55 10.45 10.32 10.23 10.19 10.17 10.21 10.33 10.46 10.53 10.44 10.41 10.32 10.34 10.43 10.35 10.44 10.31 10.35 10.48 10.53 10.52 10.47 10.46 10.50 10.38 10.34 10.42 10.48 10.36 10.29 10.34
10.49 10.49 10.38 10.21 10.47 10.47 10.47 10.47 10.47 10.47 10.47 10.26 10.26 10.26 10.26 10.26 10.10 10.04 10.03 10.05 10.07 10.08 9.94 9.99 9.93 9.87 9.70 9.89 9.88 9.82 9.92 9.90 9.95 10.09 10.25 10.27 10.28 10.29 10.22 10.12 10.05 10.15 10.32 10.37 10.39 10.25 10.13 10.30 10.32 10.26 10.21 10.33 10.37 10.41 10.41 10.35 10.30 10.41 10.43 10.44 10.50 10.48 10.28 10.46 10.43 10.46 10.49 10.47 10.45 10.51 10.46 10.32 10.38 10.40 10.37 10.39 10.33
99999.90 10.38 10.38 10.21 10.47 10.47 10.47 10.47 10.26 10.26 10.26 10.26 10.26 10.26 10.26 10.26 10.08 9.94 9.97 9.94 9.90 10.10 9.97 10.03 9.83 9.84 9.80 9.65 9.67 9.77 9.94 9.83 10.02 10.28 10.31 10.27 10.14 10.05 9.98 10.01 9.91 10.09 10.37 10.29 10.26 10.22 10.36 10.23 10.07 10.00 10.07 10.19 10.22 10.29 10.30 10.22 10.20 10.26 10.35 10.31 10.10 10.25 10.32 10.40 10.41 10.43 10.48 10.45 10.45 10.41 10.33 10.25 10.29 10.32 10.28 10.23 10.22
99999.90 99999.90 10.34 10.21 10.47 10.26 10.26 10.26 10.26 10.26 10.26 10.26 10.26 10.26 10.26 10.08 10.08 9.98 10.04 9.91 9.80 9.90 10.00 9.73 9.78 9.66 9.61 9.71 9.76 9.87 9.93 10.10 10.18 10.25 10.25 10.16 9.93 9.95 9.87 9.73 9.79 10.16 10.24 10.11 10.18 9.96 9.98 9.98 9.97 10.03 10.08 9.98 10.13 10.19 10.16 10.13 10.09 10.07 10.13 10.11 9.94 9.99 10.31 10.28 10.37 10.39 10.42 10.44 10.44 10.40 10.30 10.24 10.22 10.14 10.20 10.17 10.21
99999.90 99999.90 99999.90 10.21 10.47 10.26 10.26 10.26 10.26 10.26 10.26 10.26 10.26 10.26 10.08 10.14 10.14 10.14 10.21 10.00 9.74 9.81 10.01 10.01 10.05 10.03 9.89 9.87 10.00 10.02 10.15 10.12 10.12 10.11 10.05 9.96 9.93 9.93 9.88 9.96 9.95 10.04 10.16 10.16 10.08 10.07 9.90 9.97 10.00 9.99 9.99 9.95 10.08 10.23 10.13 10.07 10.03 10.00 10.03 9.92 9.86 10.08 10.33 10.23 10.26 10.33 10.42 10.40 10.39 10.34 10.26 10.19 10.12 10.10 10.28 10.29 10.23
99999.90 99999.90 99999.90 10.21 10.47 10.26 10.26 10.26 10.26 10.26 10.26 10.26 10.26 10.02 10.02 10.02 10.02 10.02 10.07 10.00 9.87 9.93 10.10 10.12 9.99 10.03 10.00 10.03 10.14 10.16 10.04 10.08 10.14 10.05 9.93 9.99 10.03 10.04 10.01 10.02 9.98 9.94 9.98 10.05 9.90 10.00 9.86 9.79 9.91 9.99 10.10 10.07 10.04 10.14 10.12 10.16 10.05 10.05 10.05 10.08 10.05 10.28 10.33 10.29 10.28 10.34 10.32 10.31 10.32 10.23 10.12 9.99 10.07 10.23 10.33 10.32 10.25
99999.90 99999.90 99999.90 99999.90 10.47 10.26 10.26 10.26 10.26 10.26 10.26 10.02 10.02 10.02 10.02 10.02 10.02 10.02 9.88 9.99 10.02 10.01 9.96 10.00 10.00 10.04 10.06 10.03 10.15 10.18 10.25 10.12 10.02 9.92 9.80 9.88 10.06 9.99 9.99 10.18 10.08 9.75 9.72 9.94 9.87 9.97 10.01 10.03 10.10 10.17 10.20 10.22 10.23 10.30 10.29 10.21 10.24 10.21 10.15 10.08 10.12 10.21 10.35 10.32 10.28 10.28 10.23 10.29 10.30 10.19 10.06 9.98 10.07 10.23 10.23 10.26 10.21
99999.90 99999.90 99999.90 99999.90 10.47 9.74 9.74 9.74 9.74 9.74 9.74 10.02 10.02 10.02 10.02 10.02 9.98 9.98 9.98 9.89 10.00 9.94 9.92 10.01 10.06 10.09 10.12 10.20 10.17 10.10 10.10 10.02 9.79 9.75 9.90 9.74 9.62 9.71 10.06 10.11 10.01 9.89 9.93 10.08 10.11 10.11 10.14 10.24 10.26 10.27 10.20 10.22 10.28 10.31 10.23 10.17 10.22 10.16 10.22 10.04 10.13 10.17 10.15 10.11 10.16 10.18 10.13 10.28 10.16 10.07 10.00 10.03 10.17 10.27 10.28 10.25 10.09
99999.90 99999.90 99999.90 99999.90 10.47 9.74 9.74 9.74 9.74 9.74 9.74 9.74 9.74 9.74 10.13 10.13 10.13 10.13 10.13 10.11 10.05 9.99 10.07 10.10 10.09 10.16 10.15 10.16 10.11 10.08 10.07 9.97 9.70 9.82 9.79 9.54 9.55 9.57 9.83 9.87 9.75 9.85 9.97 9.97 9.94 9.93 9.98 10.12 10.19 10.18 10.20 10.22 10.26 10.22 10.14 10.13 10.15 10.15 10.13 10.06 10.11 10.16 10.08 10.10 10.11 10.14 10.06 10.02 10.15 10.13 10.08 10.06 9.99 10.20 10.16 10.05 10.03
99999.90 99999.90 99999.90 99999.90 99999.90 9.74 9.74 9.74 9.74 9.74 9.74 9.74 9.74 9.74 9.74 9.94 10.03 10.03 10.03 9.99 10.05 10.06 10.09 10.02 10.12 10.08 10.12 10.06 10.11 10.06 9.97 10.00 9.75 9.79 9.77 9.50 9.54 9.52 9.73 9.73 9.77 9.89 9.94 10.06 10.11 10.01 9.96 9.93 10.08 10.19 10.15 10.12 10.12 9.97 9.83 9.95 10.08 10.02 10.07 10.01 10.07 10.05 10.13 10.17 10.07 10.09 10.13 10.17 10.18 10.20 10.13 10.08 10.16 10.12 10.16 10.02 9.98
99999.90 99999.90 99999.90 99999.90 99999.90 9.74 9.74 9.74 9.74 9.74 9.74 9.74 9.74 9.74 9.74 9.74 9.94 9.99 9.99 9.96 9.97 9.99 10.06 10.07 10.08 10.10 10.11 10.04 9.93 9.92 9.86 9.78 9.86 9.85 9.70 9.63 9.62 9.77 9.86 9.86 9.94 9.98 9.93 10.03 9.94 10.00 9.92 10.02 10.01 10.06 10.17 9.97 9.83 9.87 9.94 9.97 10.07 10.02 9.97 9.96 10.04 10.04 10.15 10.16 10.14 10.23 10.26 10.19 10.08 10.01 10.03 10.00 10.08 10.16 9.96 9.84 9.91
99999.90 99999.90 99999.90 99999.90 99999.90 9.74 9.74 9.74 9.74 9.74 9.74 9.74 9.74 9.74 9.74 9.74 9.94 9.94 9.89 9.95 9.87 9.88 9.86 9.93 9.96 9.96 10.04 10.03 9.98 10.05 10.12 9.87 9.77 9.76 9.75 9.67 9.89 9.86 9.92 9.96 10.02 10.01 10.03 10.08 10.00 10.03 10.05 9.94 10.05 10.08 10.08 10.10 10.00 9.98 9.86 9.85 9.79 9.87 9.94 9.92 9.96 10.07 10.18 10.13 10.16 10.16 10.23 10.11 10.06 9.94 9.94 9.92 10.09 9.91 9.87 9.75 9.83
99999.90 99999.90 99999.90 99999.90 99999.90 9.74 9.74 9.74 9.74 9.74 9.74 9.74 9.74 9.74 9.74 9.74 9.78 9.80 9.80 9.88 9.79 9.78 9.84 9.91 10.00 9.95 10.02 10.03 9.91 9.88 10.01 9.82 9.74 9.74 9.63 9.60 9.74 9.83 9.78 9.80 9.77 9.94 10.16 10.04 9.88 9.93 9.94 9.91 9.97 10.00 10.07 10.09 9.97 9.87 9.83 9.87 9.86 9.94 10.00 10.05 10.04 10.07 10.08 10.13 10.13 10.16 10.11 10.10 9.95 9.80 9.82 9.86 9.84 9.77 9.69 9.67 9.93
99999.90 99999.90 99999.90 99999.90 99999.90 9.68 9.68 9.68 9.68 9.68 9.68 9.68 9.68 9.68 9.68 9.68 9.69 9.78 9.88 9.86 9.95 9.89 9.80 9.80 9.81 9.82 9.86 9.87 9.67 9.62 9.70 9.74 9.77 9.79 9.69 9.61 9.56 9.64 9.66 9.65 9.67 9.80 9.79 9.85 9.85 9.86 9.89 9.95 10.06 9.98 10.07 9.96 9.91 9.88 9.78 9.93 9.93 10.01 10.01 9.98 9.96 9.91 9.96 10.07 10.14 10.16 10.05 9.95 10.01 9.80 9.71 9.76 9.71 9.60 9.61 9.54 9.57
99999.90 99999.90 99999.90 99999.90 99999.90 9.46 9.46 9.46 9.46 9.46 9.46 9.46 9.46 9.46 9.46 9.46 9.53 9.69 9.78 9.85 9.87 9.73 9.64 9.66 9.69 9.76 9.78 9.73 9.61 9.67 9.78 9.85 9.79 9.76 9.66 9.53 9.46 9.56 9.57 9.65 9.72 9.73 9.77 9.78 9.83 9.92 10.04 10.07 10.02 10.08 10.08 10.06 10.05 9.90 9.79 9.80 9.83 9.97 9.95 9.79 9.96 10.02 9.99 10.07 10.09 9.99 9.97 10.10 10.07 10.13 10.00 9.59 9.78 9.61 9.61 9.37 9.45
99999.90 99999.90 99999.90 99999.90 99999.90 9.46 9.46 9.46 9.46 9.46 9.46 9.46 9.46 9.46 9.46 9.46 9.61 9.62 9.74 9.80 9.74 9.71 9.62 9.62 9.60 9.79 9.82 9.87 9.71 9.70 9.75 9.73 9.79 9.82 9.78 9.60 9.54 9.60 9.76 9.80 9.88 9.84 9.82 9.79 9.79 9.93 9.98 9.96 9.89 9.93 9.93 9.89 9.97 9.91 9.82 9.90 9.94 9.96 10.03 9.90 9.93 9.92 9.90 9.92 9.99 10.11 10.14 10.13 10.09 10.01 10.13 9.83 9.81 9.65 9.39 9.24 9.34
99999.90 99999.90 99999.90 99999.90 99999.90 9.46 9.46 9.46 9.46 9.46 9.46 9.46 9.46 9.46 9.58 9.58 9.58 9.67 9.81 9.70 9.66 9.69 9.58 9.65 9.70 9.95 9.96 9.82 9.64 9.44 9.46 9.53 9.62 9.71 9.69 9.59 9.61 9.64 9.74 9.91 9.80 9.67 9.69 9.63 9.78 9.81 9.92 9.84 9.90 9.99 9.92 9.95 9.92 9.95 9.92 9.92 10.03 9.93 9.83 9.85 9.86 9.78 9.93 9.91 10.00 10.14 10.15 10.10 10.07 9.98 10.06 9.79 9.68 9.61 9.23 9.21 9.23
99999.90 99999.90 99999.90 99999.90 99999.90 9.46 9.46 9.46 9.46 9.46 9.46 9.46 9.77 9.77 9.77 9.77 9.77 9.81 9.78 9.87 9.75 9.63 9.58 9.56 9.72 9.88 9.79 9.59 9.41 9.39 9.63 9.76 9.66 9.61 9.69 9.53 9.45 9.58 9.71 9.77 9.78 9.73 9.66 9.60 9.72 9.69 9.63 9.75 9.94 9.94 9.88 9.82 9.91 9.99 10.02 9.97 9.91 9.94 9.84 9.81 9.71 9.85 9.79 9.95 9.92 9.96 9.95 9.91 9.97 9.89 9.99 9.56 9.61 9.62 9.49 8.99 8.89
