main/data/irradiance/13.02.2023.grid
ncols 839
nrows 679
xllcenter 112.0500
yllcenter -43.9500
cellsize 0.0500
nodata_value 99999.90
[rows 476 to 509 of 679, columns 462 to 538 of 839]
27.26 27.48 27.42 27.26 27.11 27.09 27.22 27.29 27.41 27.46 27.31 27.34 27.31 27.09 27.12 27.41 27.34 27.37 27.12 26.65 26.91 26.51 26.48 26.58 26.55 26.51 25.59 25.17 24.56 24.80 24.53 24.42 23.91 23.99 23.99 24.38 24.38 26.20 26.65 26.67 26.67 26.67 27.60 27.60 27.60 27.71 27.54 27.54 27.54 27.54 27.61 27.61 27.68 27.84 27.72 27.69 27.74 27.82 27.90 27.90 27.54 27.65 27.84 27.37 27.60 27.58 27.82 27.87 27.71 27.43 27.24 26.69 26.88 27.15 27.09 27.15 27.33
27.26 27.21 27.35 27.27 27.20 27.23 27.34 27.14 27.19 27.47 27.27 27.29 27.48 27.17 27.17 27.07 27.23 27.23 27.15 27.12 26.64 26.01 24.35 24.81 25.49 25.81 25.11 24.52 24.54 24.40 24.53 24.42 24.42 23.99 23.99 23.99 24.38 26.20 26.65 26.67 26.67 26.67 26.67 27.60 27.71 27.71 27.71 27.71 27.54 27.54 27.54 27.12 27.43 27.41 27.57 27.79 27.82 27.87 27.81 27.92 26.98 26.62 27.63 27.23 27.48 27.57 27.76 27.86 27.77 27.52 27.24 26.89 26.75 26.58 26.84 26.99 27.40
27.21 27.21 27.26 27.23 27.17 27.28 27.43 27.26 27.15 27.23 27.22 27.45 27.35 27.60 27.48 27.44 27.14 27.08 27.08 27.06 26.79 25.79 23.82 22.67 23.35 24.18 24.25 25.46 25.36 24.40 24.40 24.42 24.42 24.42 23.99 23.99 23.99 26.20 26.65 26.67 26.67 26.67 26.67 27.71 27.71 27.71 27.71 27.71 27.71 27.51 27.51 27.26 27.29 27.29 27.58 27.77 27.63 27.63 27.84 27.94 27.72 27.83 27.74 27.28 27.15 27.60 27.34 27.92 27.77 27.57 27.39 26.97 27.10 26.46 26.22 26.87 27.16
27.21 27.26 27.26 27.11 27.50 27.52 27.69 27.89 27.74 27.79 27.49 27.65 27.81 27.77 27.63 27.83 27.59 27.49 27.46 27.42 26.87 26.12 25.23 22.97 21.19 23.28 24.42 25.46 25.36 25.36 24.40 24.40 24.42 24.42 23.99 23.99 23.99 23.99 26.65 26.67 26.67 26.67 26.72 26.72 27.71 27.71 27.71 27.71 27.71 27.71 27.56 27.74 27.75 27.50 27.73 27.76 27.84 27.90 27.93 27.91 27.90 27.73 27.49 27.37 27.21 27.33 27.32 27.81 27.39 27.75 27.55 27.43 27.03 27.02 27.17 26.89 27.55
27.26 27.02 27.02 27.02 27.30 27.15 27.90 27.91 27.90 27.61 27.77 27.73 27.77 27.79 27.57 27.60 27.57 27.61 27.41 27.22 26.51 25.80 25.46 24.36 23.08 23.28 24.42 24.42 25.36 25.36 25.36 24.40 24.42 24.42 24.42 23.99 23.99 23.99 26.65 26.67 26.67 26.72 26.72 26.72 26.72 27.41 27.41 27.81 27.81 27.81 27.84 27.86 27.82 27.85 27.79 27.93 27.89 27.91 27.89 27.83 27.63 27.55 27.53 27.32 27.34 27.42 27.54 27.59 27.47 27.50 27.40 26.99 27.16 27.07 27.31 27.08 27.30
27.59 27.59 27.59 27.59 27.45 27.72 27.82 27.91 27.64 27.29 27.90 27.84 27.37 27.71 27.53 27.71 27.79 27.41 27.26 27.24 26.29 25.72 24.72 24.78 23.08 23.08 24.42 24.42 24.42 25.36 25.36 25.36 24.40 24.42 24.42 23.99 23.99 23.99 23.99 26.67 26.72 26.72 26.72 26.72 26.72 26.72 27.41 27.41 27.79 27.79 27.85 27.84 27.78 27.86 27.91 27.94 27.90 27.89 27.76 27.48 27.35 27.23 27.35 27.05 27.20 27.24 27.24 27.38 26.93 27.24 27.47 27.36 26.70 26.78 27.04 27.13 27.41
27.50 27.50 27.50 27.50 27.58 27.67 27.90 26.88 25.58 27.71 27.69 27.83 27.94 27.87 27.86 27.74 27.64 27.37 27.27 26.94 25.99 25.60 24.43 25.05 25.05 25.05 23.08 24.42 24.42 25.36 25.36 25.36 25.36 24.42 24.42 24.42 23.99 23.99 23.99 26.72 26.72 26.72 26.72 26.72 26.72 26.72 26.72 27.41 27.41 27.69 27.76 27.85 27.91 27.94 27.90 27.88 27.90 27.87 27.76 27.48 27.30 27.14 27.20 27.26 27.23 27.16 27.63 27.66 27.51 27.36 27.56 27.26 26.82 26.72 27.34 27.37 27.32
27.50 27.50 27.50 27.50 27.68 27.50 27.07 22.03 25.18 27.69 27.81 27.90 27.99 27.95 27.88 27.77 27.28 27.29 26.78 26.20 25.61 24.44 25.02 25.05 25.05 25.05 25.05 24.42 24.42 24.42 25.36 25.36 25.36 25.36 24.42 24.42 23.99 23.99 26.72 26.72 26.72 26.72 26.72 26.72 26.72 26.72 26.72 26.72 27.56 27.71 27.70 27.59 27.76 27.85 27.89 27.89 27.86 27.82 27.82 27.30 27.30 27.25 27.29 27.21 27.26 27.31 27.57 27.75 27.68 27.37 27.50 26.99 27.11 27.51 27.43 27.63 27.15
27.50 27.50 27.41 27.41 27.41 27.40 26.94 24.21 27.00 27.74 27.90 27.70 27.75 27.51 27.82 27.52 26.98 26.46 26.21 25.53 24.86 24.14 24.64 24.64 24.64 25.05 25.05 25.05 24.42 24.42 25.36 25.36 25.36 25.36 25.36 24.42 24.42 23.99 26.95 26.95 26.95 26.95 26.95 26.95 26.95 26.95 26.95 26.95 27.08 27.57 27.17 27.26 27.67 27.80 27.88 27.88 27.87 27.82 27.82 27.26 27.26 27.26 27.43 27.30 27.35 27.36 27.62 27.80 27.63 26.76 27.71 27.45 27.60 26.93 27.20 27.12 27.16
27.41 27.41 27.41 27.41 27.41 26.94 26.91 26.96 27.62 27.24 27.69 27.79 27.82 27.90 27.84 27.15 26.30 26.51 26.25 25.01 24.78 25.64 24.64 24.64 24.64 24.64 24.64 25.05 25.05 24.42 24.42 25.36 25.36 25.36 25.36 24.42 24.42 26.95 26.95 26.95 26.95 26.95 26.95 26.95 26.95 26.95 26.95 26.95 27.60 27.63 27.59 26.95 27.38 27.35 27.58 27.85 27.87 27.61 27.61 27.61 27.26 27.26 27.37 27.27 27.48 27.28 27.70 27.71 27.82 27.76 27.29 26.96 27.29 27.10 27.44 27.35 27.33
26.69 27.41 27.41 24.00 24.00 24.00 26.85 27.61 27.15 27.34 26.96 27.53 27.72 27.85 27.45 26.81 25.96 25.72 25.39 25.25 24.78 25.64 25.64 24.64 24.64 24.64 24.64 24.64 24.64 25.05 24.42 25.36 25.36 25.36 25.36 25.36 24.42 27.32 27.32 27.32 27.32 27.32 27.32 27.32 27.32 27.32 27.32 27.32 27.62 27.78 27.77 27.06 26.78 26.88 26.80 27.35 27.84 27.61 27.61 27.61 27.33 27.33 27.33 27.62 27.56 27.74 27.71 27.61 27.56 27.24 27.40 27.48 27.33 27.07 27.10 27.34 27.56
26.69 26.13 27.17 27.17 27.17 27.17 27.56 27.19 27.28 27.09 27.12 27.33 27.87 27.69 27.26 26.72 26.24 25.16 25.45 25.31 25.31 25.64 25.64 25.64 24.64 24.64 24.64 24.64 24.64 24.64 24.64 24.42 25.36 25.36 25.36 25.36 25.36 27.14 27.14 27.14 27.14 27.14 27.14 27.14 27.14 27.14 27.14 27.14 27.46 27.69 27.71 27.41 26.85 26.58 26.41 26.76 27.84 27.84 27.61 27.61 27.33 27.33 27.33 27.39 27.77 27.81 27.82 27.56 27.40 27.31 27.37 26.95 27.08 27.02 27.02 26.92 27.10
26.69 26.13 26.42 27.25 27.25 27.25 27.63 27.28 27.38 27.19 27.20 27.15 27.66 27.32 26.46 25.97 25.37 25.35 24.22 25.31 25.31 25.31 25.64 25.64 25.64 24.64 24.64 24.64 24.64 24.64 24.64 24.64 25.36 25.36 27.40 27.40 27.40 27.50 27.50 27.50 27.50 27.50 27.50 27.50 27.50 27.50 27.50 27.50 27.44 27.62 27.75 27.49 27.43 27.04 26.97 26.76 26.76 27.84 27.84 27.61 27.33 27.26 27.26 27.26 27.42 27.71 27.77 27.46 27.39 27.57 27.31 27.07 26.66 26.82 27.11 27.29 27.25
26.69 26.13 26.42 26.42 27.25 27.25 27.66 27.35 27.32 27.19 27.32 27.25 27.46 26.38 25.42 25.55 25.20 25.69 24.22 24.99 24.99 24.99 24.99 24.99 25.64 25.64 24.64 24.64 24.64 24.64 24.64 24.64 27.40 27.40 27.40 27.40 27.40 27.40 27.22 27.22 27.22 27.22 27.22 27.22 27.22 27.22 27.22 27.22 27.42 27.58 27.43 27.50 27.35 27.05 26.75 26.75 26.75 26.76 27.84 27.26 27.26 27.26 27.26 27.26 27.36 27.57 27.77 27.69 27.45 27.32 27.47 27.32 26.67 27.04 27.24 27.25 27.24
26.69 26.13 26.42 26.42 27.19 27.19 26.94 27.24 26.89 26.96 27.11 26.96 26.66 25.55 25.85 25.75 25.20 25.69 25.69 24.99 24.99 24.99 24.99 24.99 24.99 24.99 25.64 24.64 24.64 24.64 24.64 27.40 27.40 27.40 27.40 27.40 27.40 27.40 27.40 26.72 26.72 26.72 26.72 26.72 26.72 26.72 26.72 26.72 27.35 27.35 27.63 27.52 27.17 27.12 27.32 27.32 27.32 27.32 27.32 27.26 27.26 27.26 27.26 27.36 27.36 27.27 27.52 27.46 27.10 27.08 27.21 27.07 27.04 27.02 27.26 26.97 27.17
26.69 26.13 26.42 26.29 26.29 27.19 26.94 26.72 26.50 26.68 26.90 27.19 26.82 26.50 25.41 25.75 25.75 25.69 25.69 24.99 24.99 24.99 24.99 24.99 24.99 24.99 24.99 24.99 24.64 24.64 24.64 27.40 27.40 27.40 27.40 27.40 27.40 27.40 27.40 27.45 27.31 26.72 26.72 26.72 26.72 26.72 26.72 26.72 27.26 27.21 27.01 27.20 27.39 27.06 27.39 27.39 27.39 27.39 27.39 27.26 27.26 27.26 27.36 27.28 27.28 27.28 27.67 27.60 27.25 27.30 27.45 27.02 27.24 27.03 27.06 26.97 26.97
26.69 26.13 26.29 26.29 26.74 26.74 26.72 26.91 26.30 26.36 25.91 26.32 26.22 26.27 26.39 25.75 25.75 25.75 25.69 24.99 24.99 24.99 24.99 24.99 24.99 24.99 24.99 24.99 24.99 24.99 27.19 27.40 27.40 27.40 27.40 27.40 27.40 27.40 27.40 27.45 27.31 27.44 27.39 27.39 27.39 27.39 27.39 27.41 27.41 26.78 26.75 26.64 27.13 27.17 26.89 26.89 26.89 26.89 26.89 26.89 27.26 27.28 27.28 27.28 27.28 27.28 27.29 27.48 27.42 27.31 27.31 27.20 27.16 26.97 27.19 26.89 27.09
26.69 26.29 26.29 26.74 26.74 26.87 26.87 27.00 26.25 25.98 25.69 25.30 25.29 25.20 26.39 26.39 25.48 25.48 25.48 25.48 24.99 24.99 24.99 24.99 24.99 24.99 24.99 24.99 24.99 27.19 27.19 27.19 27.40 27.40 27.40 27.40 27.40 27.40 27.40 27.45 27.31 27.44 27.39 27.39 27.39 27.39 27.39 27.39 27.70 27.14 26.55 26.24 26.36 26.57 26.91 26.91 26.91 26.91 26.91 26.91 27.28 27.28 27.28 27.28 27.28 27.29 27.29 27.14 27.41 27.32 27.36 27.30 27.00 27.23 27.34 27.25 27.29
26.69 26.29 26.74 26.74 26.74 26.87 26.87 25.68 25.96 26.04 25.63 24.93 24.92 25.43 25.67 25.67 25.48 25.48 25.48 25.48 25.48 25.48 24.99 24.99 24.99 24.99 24.99 24.99 24.99 27.19 27.19 27.19 27.19 27.40 27.40 27.40 27.40 27.40 27.40 27.45 27.31 27.44 27.46 27.62 27.62 27.62 27.62 27.62 27.60 27.37 27.16 25.91 25.71 25.61 26.38 26.38 26.38 26.38 26.38 26.38 27.28 27.28 27.28 27.28 27.29 27.29 27.14 27.14 26.75 27.31 27.37 27.35 27.23 27.37 27.22 27.42 27.41
26.69 26.74 26.74 26.74 26.87 26.87 25.68 25.68 24.91 25.71 26.45 25.58 24.42 25.43 25.67 25.48 25.48 25.48 25.48 25.48 25.48 25.48 25.48 25.48 24.99 24.99 24.99 24.99 27.19 27.19 27.19 27.19 27.19 27.19 27.40 27.40 27.40 27.40 27.40 27.45 27.31 27.44 27.46 27.46 27.54 27.54 27.54 27.54 27.51 27.20 26.74 26.42 25.58 25.63 26.38 26.38 26.38 26.38 26.38 26.38 26.38 27.28 27.28 27.40 27.40 27.40 27.40 27.40 27.01 27.34 27.37 27.33 27.29 27.38 27.33 27.49 27.39
26.74 26.74 26.74 26.74 26.87 25.68 25.68 24.91 24.91 24.16 26.23 26.73 24.42 24.87 24.23 26.00 25.30 25.30 25.30 25.30 25.30 25.30 25.30 25.30 25.30 25.30 24.99 27.19 27.19 27.19 27.19 27.19 27.19 27.19 27.19 27.40 27.40 27.40 27.40 27.45 27.31 27.44 27.46 27.46 27.46 27.60 27.60 27.60 27.70 27.33 26.51 25.47 26.34 25.32 25.32 25.32 26.38 26.38 26.38 26.38 26.38 27.29 27.29 27.29 27.29 27.29 27.29 27.29 27.18 27.34 27.35 27.38 27.28 27.34 27.37 27.50 27.42
26.74 26.74 26.74 26.87 25.68 25.68 24.91 24.91 24.16 24.16 23.73 26.73 26.73 24.87 24.23 25.40 26.34 26.34 26.34 26.34 26.34 26.34 26.34 26.34 26.34 26.34 26.34 26.15 27.19 27.19 27.19 27.19 27.19 27.19 27.19 27.19 27.40 27.40 27.40 27.45 27.31 27.44 27.46 27.46 26.90 26.38 27.26 27.26 27.21 27.12 26.30 25.58 25.49 25.32 25.32 25.32 25.32 25.32 26.38 26.38 26.38 27.23 27.23 27.23 27.23 27.23 27.23 27.23 27.39 27.35 27.35 27.36 27.29 27.30 27.35 27.50 27.45
26.74 26.74 26.74 25.68 25.68 24.91 24.91 24.16 24.16 23.73 23.73 23.73 26.73 24.87 25.40 25.40 26.11 26.11 26.11 26.11 26.11 26.11 26.11 26.11 26.11 26.11 26.11 26.15 26.15 26.15 27.19 27.19 27.19 27.19 27.19 27.19 27.19 27.40 27.40 27.45 27.31 27.44 27.46 27.46 26.90 26.38 26.38 26.52 26.74 26.98 26.21 25.70 25.21 25.21 25.21 25.32 25.32 25.32 25.32 25.32 27.23 27.23 27.23 27.23 27.23 27.23 27.23 27.23 27.36 27.35 27.33 27.31 27.34 27.24 27.20 27.31 27.43
26.74 26.74 25.68 25.68 24.91 24.91 24.16 24.16 23.73 23.73 23.73 23.73 23.73 25.40 25.40 26.11 26.11 26.11 26.11 26.11 26.11 26.11 26.11 26.11 26.11 26.11 26.15 26.15 26.15 26.15 26.15 26.15 27.19 27.19 27.19 27.19 27.19 27.19 27.42 27.55 27.44 27.41 27.28 27.41 26.90 26.83 25.77 25.97 25.49 25.98 26.41 25.61 25.89 25.89 25.89 25.89 25.89 25.32 25.32 25.32 27.23 27.23 27.23 27.23 27.23 27.23 27.32 27.32 27.32 27.33 27.29 27.29 27.06 26.80 27.00 27.16 27.32
26.74 25.68 25.68 24.91 24.91 24.16 24.16 23.73 23.73 23.73 23.73 23.73 23.73 25.40 26.11 26.11 26.11 26.11 26.11 26.11 26.11 26.11 26.11 26.11 26.11 26.11 26.15 26.15 26.15 26.15 26.15 26.15 26.15 26.64 26.64 26.66 26.66 26.66 26.96 26.68 26.68 26.94 26.85 26.68 26.57 26.46 26.08 25.48 25.06 24.89 24.92 25.47 25.89 25.89 25.89 25.89 25.89 25.89 25.89 25.89 27.19 27.19 27.19 27.19 27.19 27.19 27.19 27.30 27.30 27.30 27.34 27.24 26.93 26.78 26.88 26.97 27.27
26.74 25.68 24.91 24.91 24.16 24.16 23.73 23.73 23.73 23.73 23.73 23.73 23.73 26.11 26.11 26.11 26.11 26.11 26.11 26.11 26.11 26.11 26.11 26.11 26.11 26.11 26.15 26.15 26.15 26.15 26.15 26.15 26.15 26.15 26.64 26.64 25.84 25.84 25.97 25.58 26.03 26.66 25.81 26.39 26.23 25.60 25.73 25.86 25.19 24.32 24.15 24.24 24.24 24.24 25.89 25.89 25.89 25.89 25.89 25.89 27.19 27.19 27.19 27.19 27.19 27.19 27.19 27.19 27.26 27.31 27.32 26.98 26.92 26.91 26.64 26.61 26.83
25.68 24.91 24.91 24.16 24.16 23.73 23.73 23.73 23.73 23.73 23.73 23.73 23.73 26.11 26.11 26.11 26.11 26.11 26.11 26.11 26.11 26.11 26.11 26.11 26.11 26.11 26.15 26.15 26.15 26.15 26.15 26.15 26.15 26.15 26.15 26.64 26.64 24.76 24.30 24.30 24.69 24.72 24.79 25.81 26.23 25.60 25.73 25.86 25.19 24.32 23.43 24.24 24.24 24.24 24.24 24.24 25.89 25.89 25.89 25.89 25.73 25.73 27.02 27.02 27.02 27.02 27.02 27.02 27.14 27.19 27.35 27.07 26.93 26.72 26.32 25.85 26.46
24.91 24.91 24.16 24.16 23.73 23.73 23.73 23.73 23.73 23.73 23.73 23.73 23.73 26.11 26.11 26.11 26.11 26.11 26.11 26.11 26.11 26.11 26.11 26.11 26.11 26.15 26.15 26.15 26.15 26.15 26.15 26.15 26.15 26.15 26.15 26.15 26.25 25.07 24.11 23.83 24.31 24.72 24.79 25.81 25.81 25.60 25.73 25.86 25.19 23.43 23.43 23.43 24.24 24.24 24.24 24.24 24.24 24.24 25.89 21.42 25.73 25.73 25.73 25.73 25.73 26.86 26.86 26.86 26.83 26.78 26.92 26.70 26.55 26.26 25.98 25.91 26.16
24.91 24.16 24.16 23.73 23.73 23.73 23.73 23.73 23.73 23.73 23.73 23.73 26.11 26.11 26.11 26.11 26.11 26.11 26.11 26.11 26.11 26.11 26.11 26.11 26.11 25.10 25.10 25.10 25.10 25.10 25.10 25.10 25.10 25.10 25.10 25.10 25.71 25.07 24.11 23.83 24.31 24.31 24.79 25.81 25.81 25.81 25.73 25.86 23.43 23.43 23.43 23.43 23.43 24.24 24.24 24.24 24.24 24.24 20.58 20.58 21.42 23.50 25.73 25.73 25.73 25.73 26.33 26.33 26.28 26.40 26.18 26.11 25.84 25.26 25.83 25.83 25.95
24.16 24.16 23.73 23.73 23.73 23.73 23.73 23.73 23.73 23.73 23.73 23.73 26.11 26.11 26.11 26.11 26.11 26.11 26.11 26.11 26.11 26.11 26.11 26.11 26.11 25.10 25.10 25.10 25.10 25.10 25.10 25.10 25.10 25.10 25.10 25.10 25.71 25.71 24.11 23.83 24.31 24.31 24.31 25.81 25.81 25.81 25.73 25.86 23.43 23.43 23.43 23.43 23.43 23.43 24.24 24.24 24.24 20.58 20.58 20.58 21.42 21.42 23.50 23.50 25.73 25.73 25.73 25.80 25.90 26.11 24.96 24.49 24.49 24.66 24.95 25.43 25.35
24.16 23.73 23.73 23.73 23.73 23.73 23.73 23.73 23.73 23.73 23.73 23.73 26.11 26.11 26.11 26.11 26.11 26.11 26.11 26.11 26.11 26.11 26.11 26.11 22.57 22.57 25.10 25.10 25.10 25.10 25.10 25.10 25.10 25.10 25.10 25.10 25.71 25.71 25.71 23.83 24.31 24.31 24.31 25.81 25.81 25.81 25.73 25.86 23.43 23.43 23.43 23.43 23.43 23.43 23.43 24.24 20.58 20.58 20.58 20.58 20.58 21.42 21.42 23.50 23.50 24.61 24.61 25.21 24.69 24.41 23.17 23.18 23.00 23.58 24.25 25.33 25.61
23.73 23.73 23.73 23.73 23.73 23.73 23.73 23.73 23.73 23.73 23.73 23.73 26.11 26.11 26.11 26.11 26.11 26.11 26.11 26.11 26.11 26.11 22.57 22.57 22.57 22.57 22.57 22.57 25.10 25.10 25.10 25.10 25.10 25.10 25.10 25.10 25.71 25.71 25.71 23.83 24.31 24.31 24.31 25.81 22.70 22.48 22.77 21.83 21.53 23.43 23.43 23.43 23.43 23.43 23.43 21.19 21.19 20.58 20.58 20.58 20.58 20.78 21.42 21.42 23.50 23.50 22.89 22.39 23.08 22.71 22.36 22.12 23.11 22.82 23.62 24.55 24.99
99999.90 99999.90 99999.90 99999.90 99999.90 99999.90 26.11 26.11 26.11 26.11 26.11 26.11 26.11 26.11 26.11 26.11 26.11 26.11 26.11 26.11 26.11 22.57 22.57 22.57 22.57 22.57 22.57 22.57 22.57 22.57 25.10 25.10 25.10 25.10 25.10 25.10 25.71 25.71 25.71 23.83 22.54 22.54 22.54 23.29 22.70 22.48 22.77 21.83 21.53 21.53 21.53 21.53 21.53 21.53 21.19 21.19 21.19 21.19 20.58 20.58 20.58 20.58 20.78 21.42 21.42 21.29 20.97 19.97 20.37 21.06 21.54 21.15 22.16 23.27 23.27 24.06 24.99
99999.90 99999.90 99999.90 99999.90 99999.90 99999.90 99999.90 99999.90 99999.90 99999.90 99999.90 99999.90 99999.90 99999.90 99999.90 99999.90 99999.90 99999.90 19.80 22.57 22.57 22.57 22.57 22.57 22.57 22.57 22.57 22.57 22.57 22.57 22.19 22.19 22.19 22.19 21.08 21.08 21.08 21.08 21.15 21.20 22.54 22.54 22.54 23.29 22.70 22.48 22.77 21.83 21.53 21.53 21.53 21.53 21.53 21.53 18.36 21.19 21.19 21.19 21.19 20.58 20.58 20.58 20.78 20.78 19.77 20.08 19.48 17.87 18.12 18.61 20.21 21.44 21.99 23.27 23.27 24.06 24.06
