main/data/irradiance/13.03.2023.grid
ncols 839
nrows 679
xllcenter 112.0500
yllcenter -43.9500
cellsize 0.0500
nodata_value 99999.90
[rows 68 to 101 of 679, columns 308 to 384 of 839]
26.93 26.93 26.93 26.93 26.93 26.93 26.93 26.93 26.93 99999.90 99999.90 99999.90 99999.90 99999.90 99999.90 99999.90 99999.90 99999.90 99999.90 99999.90 99999.90 99999.90 99999.90 99999.90 99999.90 99999.90 99999.90 99999.90 99999.90 99999.90 99999.90 99999.90 99999.90 99999.90 99999.90 99999.90 24.91 25.09 25.77 25.77 25.77 25.77 25.77 25.77 25.77 25.77 25.77 25.77 25.77 25.80 25.20 24.79 26.06 26.06 24.41 24.41 23.09 23.29 23.17 23.38 23.42 23.54 23.62 24.36 25.20 26.11 26.68 26.84 26.52 26.70 27.03 27.02 26.88 26.01 26.23 26.75 26.84
26.93 26.93 26.93 26.93 26.93 26.93 26.93 26.93 26.93 26.93 99999.90 99999.90 99999.90 99999.90 99999.90 99999.90 99999.90 99999.90 99999.90 99999.90 99999.90 99999.90 99999.90 99999.90 99999.90 99999.90 99999.90 99999.90 99999.90 99999.90 99999.90 99999.90 99999.90 99999.90 99999.90 99999.90 24.91 25.09 25.09 25.09 25.77 25.77 25.77 25.77 25.77 25.77 25.77 25.77 25.77 25.80 25.20 24.79 26.06 26.06 23.64 24.49 24.26 23.32 23.75 23.88 23.96 23.78 24.30 25.21 26.00 26.54 26.57 26.94 26.46 26.61 26.87 26.95 27.06 27.07 27.05 27.04 26.99
26.93 26.93 26.93 26.93 26.93 26.93 26.93 26.93 26.93 26.93 99999.90 99999.90 99999.90 99999.90 99999.90 99999.90 99999.90 99999.90 99999.90 99999.90 99999.90 99999.90 99999.90 99999.90 99999.90 99999.90 99999.90 99999.90 99999.90 99999.90 99999.90 99999.90 99999.90 99999.90 99999.90 26.06 24.91 25.09 25.09 25.09 25.09 25.09 25.09 25.77 25.77 25.77 25.77 25.77 25.77 25.80 25.20 24.79 25.59 26.78 24.80 24.18 24.12 25.15 24.89 24.65 25.00 25.14 25.74 26.34 26.56 26.07 26.46 26.41 25.75 26.39 26.69 26.89 27.06 27.07 27.05 27.05 27.04
26.93 26.93 26.93 26.93 26.93 26.93 26.93 26.93 26.93 26.93 26.90 26.90 99999.90 99999.90 99999.90 99999.90 99999.90 99999.90 99999.90 99999.90 99999.90 99999.90 99999.90 99999.90 99999.90 99999.90 99999.90 99999.90 99999.90 99999.90 99999.90 99999.90 26.49 26.49 26.49 26.49 24.91 25.09 25.09 25.09 25.09 25.09 25.09 25.09 25.09 25.09 26.30 26.30 26.30 25.28 23.84 25.33 25.05 26.22 24.20 25.15 25.45 26.13 26.31 26.03 26.19 26.07 26.32 26.64 26.22 25.78 25.53 25.31 25.23 26.55 27.03 27.01 27.01 27.04 27.04 27.03 27.05
26.93 26.93 26.93 26.93 26.93 26.93 26.93 26.93 26.93 26.90 26.90 26.90 26.91 99999.90 99999.90 99999.90 99999.90 99999.90 99999.90 99999.90 99999.90 99999.90 99999.90 99999.90 99999.90 99999.90 99999.90 99999.90 99999.90 99999.90 99999.90 99999.90 26.49 26.49 26.49 26.49 24.91 24.91 24.91 25.09 25.09 25.09 25.09 25.09 25.09 25.09 25.09 25.23 25.23 24.56 23.15 24.92 24.40 25.85 26.43 25.71 25.66 26.49 26.59 26.61 26.64 26.80 26.73 26.83 26.93 26.19 25.90 25.63 25.89 25.91 27.01 26.83 26.99 27.00 26.99 27.01 27.01
26.93 26.93 26.93 26.93 26.93 26.93 26.93 26.93 26.90 26.93 26.93 26.93 26.93 26.93 26.93 99999.90 99999.90 99999.90 99999.90 99999.90 99999.90 99999.90 99999.90 99999.90 99999.90 99999.90 99999.90 99999.90 99999.90 99999.90 99999.90 26.91 26.49 26.49 26.49 26.49 26.49 26.49 24.91 24.91 24.91 24.91 25.09 25.09 25.09 25.09 25.09 25.09 25.33 24.76 22.35 24.93 24.02 22.80 25.46 23.17 25.01 25.58 26.47 26.84 26.75 26.73 26.90 26.87 26.97 26.95 26.80 26.97 26.78 26.50 26.09 26.60 26.95 26.97 26.95 26.99 27.00
26.93 26.93 26.93 26.93 26.93 26.93 26.93 26.90 26.93 26.93 26.93 26.93 26.93 26.93 26.93 99999.90 99999.90 99999.90 99999.90 99999.90 99999.90 99999.90 99999.90 99999.90 99999.90 99999.90 99999.90 99999.90 99999.90 99999.90 26.91 26.91 26.49 26.49 26.49 26.49 26.49 26.49 26.49 24.91 24.91 24.91 24.91 24.91 24.91 24.65 24.65 24.65 22.80 23.83 22.48 23.41 23.67 23.37 23.63 24.17 25.62 25.68 26.50 26.77 26.75 26.79 26.98 26.94 26.98 27.00 27.01 26.95 26.77 26.43 26.93 27.00 27.00 26.99 27.03 27.00 26.95
26.93 26.93 26.93 26.93 26.93 26.93 26.90 26.90 26.93 26.93 26.93 26.93 26.93 26.93 26.93 26.91 99999.90 99999.90 99999.90 99999.90 99999.90 99999.90 99999.90 99999.90 99999.90 99999.90 99999.90 99999.90 99999.90 99999.90 26.91 26.91 26.49 26.49 26.49 26.49 26.49 26.49 26.49 26.49 24.91 24.91 24.91 24.91 24.91 24.91 24.91 24.65 24.16 24.40 23.76 23.32 24.29 24.49 24.84 24.87 25.29 26.09 26.64 26.98 26.98 26.91 26.97 26.75 26.99 26.98 26.99 26.93 26.79 26.94 26.97 26.96 26.99 26.99 27.05 26.99 26.97
26.93 26.93 26.93 26.93 26.93 26.90 26.90 26.93 26.93 26.93 26.93 26.93 26.93 26.93 26.93 26.91 26.94 99999.90 99999.90 99999.90 99999.90 99999.90 99999.90 99999.90 99999.90 99999.90 99999.90 99999.90 99999.90 26.72 26.91 26.91 26.49 26.49 26.49 26.49 26.49 26.49 26.49 26.49 26.49 24.91 24.91 24.91 24.91 24.91 24.91 24.49 24.70 24.55 24.25 23.53 24.06 25.40 24.13 24.26 24.91 25.61 26.15 26.80 26.96 26.99 27.00 26.64 26.99 26.97 26.97 26.90 26.80 26.93 26.98 26.68 26.70 26.68 26.97 26.99 26.97
26.93 26.93 26.93 26.93 26.90 26.90 26.93 26.93 26.93 26.93 26.93 26.93 26.93 26.93 26.93 26.94 26.94 26.90 99999.90 99999.90 99999.90 99999.90 99999.90 99999.90 99999.90 99999.90 99999.90 99999.90 99999.90 26.72 26.91 26.91 26.91 26.49 26.49 26.49 26.49 26.49 26.49 26.49 26.49 26.49 24.91 24.91 24.91 24.91 24.91 24.45 24.36 24.83 24.26 23.35 23.49 23.73 23.42 24.33 25.01 26.01 25.95 26.40 26.66 26.58 26.50 26.90 26.86 26.98 26.96 26.96 26.97 26.96 26.95 26.93 26.84 26.43 26.81 26.95 26.96
26.93 26.93 26.93 26.90 26.90 26.90 26.93 26.93 26.93 26.93 26.93 26.93 26.93 26.93 26.93 26.94 26.90 26.90 99999.90 99999.90 99999.90 99999.90 99999.90 99999.90 99999.90 99999.90 99999.90 99999.90 99999.90 26.72 26.91 26.91 26.91 26.91 26.91 26.49 26.49 26.49 26.49 26.49 26.49 26.49 26.49 26.06 24.91 24.91 24.91 24.28 24.53 24.47 24.59 24.90 24.21 22.81 22.39 24.44 25.50 24.90 25.88 26.08 26.49 26.56 26.26 26.98 26.90 26.36 26.22 26.83 26.89 26.81 26.18 26.84 26.95 26.88 26.96 26.94 26.96
26.93 26.93 26.90 26.90 26.90 26.93 26.93 26.93 26.93 26.93 26.93 26.93 26.93 26.93 26.94 26.90 26.90 26.90 26.87 99999.90 99999.90 99999.90 99999.90 99999.90 99999.90 99999.90 99999.90 99999.90 99999.90 26.72 26.91 26.91 26.91 26.91 26.91 26.91 26.49 26.49 26.49 26.49 26.49 26.49 26.49 26.37 26.06 24.80 24.80 24.34 24.40 24.52 24.79 24.57 24.54 22.83 23.39 23.88 25.06 24.93 24.73 25.69 26.51 26.04 26.94 26.92 26.48 25.10 26.52 26.81 26.89 26.95 26.95 26.56 26.72 26.74 26.87 26.89 26.91
26.92 26.90 26.90 26.90 26.91 26.93 26.93 26.93 26.93 26.93 26.93 26.93 26.94 26.94 26.90 26.90 26.90 26.90 26.87 26.88 99999.90 99999.90 99999.90 99999.90 99999.90 99999.90 99999.90 99999.90 99999.90 26.72 26.91 26.91 26.91 26.91 26.91 26.91 26.91 26.91 26.49 26.49 26.49 26.49 26.49 26.37 26.06 26.06 24.89 24.29 24.38 24.42 24.79 24.81 24.54 22.79 22.33 23.39 23.78 23.81 23.26 25.71 26.44 26.31 26.73 26.92 26.74 25.34 26.30 26.82 26.93 26.84 26.95 26.92 26.95 26.59 26.70 26.91 26.84
26.90 26.90 26.90 26.91 26.93 26.93 26.93 26.93 26.93 26.93 26.93 26.94 26.94 26.90 26.90 26.90 26.90 26.90 26.85 26.85 26.85 26.85 99999.90 99999.90 99999.90 99999.90 99999.90 99999.90 99999.90 26.72 26.72 26.72 26.91 26.91 26.91 26.91 26.91 26.91 26.91 26.91 26.49 26.49 26.49 26.37 26.16 26.01 24.82 24.13 24.47 24.70 24.64 24.76 24.09 23.14 22.23 21.74 22.73 24.42 23.87 25.68 26.09 25.90 25.20 26.03 25.80 24.98 24.85 26.46 26.29 26.76 26.60 26.75 26.86 26.62 26.74 26.93 26.93
26.92 26.90 26.91 26.91 26.93 26.93 26.93 26.93 26.93 26.91 26.94 26.94 26.90 26.90 26.90 26.90 26.90 26.85 26.85 26.85 26.85 26.85 26.65 99999.90 99999.90 99999.90 99999.90 99999.90 99999.90 26.72 26.72 26.72 26.72 26.72 26.91 26.91 26.91 26.91 26.91 26.91 26.91 26.94 26.94 26.62 26.41 25.40 23.95 24.08 24.17 23.95 24.34 24.65 24.39 24.56 22.36 22.19 23.45 24.29 23.71 25.02 25.94 26.09 25.42 25.76 25.31 25.21 25.06 26.17 26.41 26.26 25.88 26.26 26.64 26.72 26.61 26.93 26.84
26.89 26.91 26.93 26.95 26.93 26.93 26.93 26.91 26.91 26.94 26.94 26.90 26.90 26.90 26.90 26.90 26.85 26.85 26.85 26.85 26.85 26.65 26.65 26.38 99999.90 99999.90 99999.90 99999.90 99999.90 26.72 26.72 26.72 26.72 26.72 26.72 26.72 26.91 26.91 26.91 26.91 26.91 26.91 26.95 26.14 25.25 25.39 23.98 24.36 24.68 23.81 23.39 23.82 24.06 23.54 23.80 22.07 23.23 24.14 24.00 25.86 25.39 25.46 26.14 26.08 25.60 25.49 25.49 26.22 26.42 25.78 25.77 25.66 26.38 26.57 26.70 26.73 26.78
26.92 26.93 26.94 26.95 26.93 26.93 26.91 26.91 26.94 26.94 26.90 26.90 26.90 26.90 26.90 26.85 26.85 26.85 26.85 26.85 26.65 26.65 26.38 26.38 26.42 99999.90 99999.90 99999.90 99999.90 26.72 26.72 26.72 26.72 26.72 26.72 26.72 26.72 26.72 26.91 26.91 26.91 26.91 26.93 26.87 25.42 25.56 23.58 22.65 24.72 25.08 23.70 22.88 23.41 22.17 22.71 23.10 23.11 24.70 24.75 24.96 25.09 26.32 26.00 25.95 25.98 26.01 25.34 25.85 25.69 26.11 26.01 25.75 26.27 26.28 26.48 26.63 26.76
26.94 26.93 26.95 26.94 26.93 26.91 26.91 26.94 26.94 26.90 26.90 26.90 26.90 26.90 26.85 26.85 26.85 26.85 26.85 26.65 26.73 26.73 26.75 26.69 26.69 26.69 26.69 26.69 26.69 26.72 26.72 26.72 26.72 26.72 26.72 26.72 26.72 26.72 26.72 26.86 26.86 26.89 26.82 26.78 26.66 26.75 26.23 25.14 26.69 26.40 24.68 24.98 23.53 24.40 25.28 23.92 24.49 25.49 24.94 25.06 26.17 26.25 26.09 25.98 25.89 26.14 24.83 25.22 26.16 26.12 25.44 26.17 26.25 26.47 26.14 26.53 26.57
26.44 26.94 26.94 26.94 26.95 26.94 26.94 26.94 26.90 26.90 26.90 26.90 26.87 26.85 26.85 26.85 26.85 26.85 26.65 26.65 26.73 26.73 26.75 26.69 26.69 26.69 26.69 26.69 26.66 26.72 26.72 26.72 26.72 26.72 26.72 26.72 26.72 26.72 26.72 26.72 26.64 26.84 26.81 26.83 26.79 26.80 26.84 26.72 26.88 26.60 26.09 25.91 24.28 22.90 25.31 25.74 24.79 25.23 25.29 25.91 26.23 25.99 26.36 25.82 25.51 25.66 25.89 25.63 26.25 25.99 25.55 26.32 26.39 26.29 26.22 26.44 26.16
26.94 26.94 26.94 26.91 26.92 26.91 26.90 26.90 26.90 26.90 26.87 26.87 26.85 26.85 26.85 26.85 26.85 26.65 26.65 26.73 26.73 26.73 26.75 26.69 26.69 26.69 26.69 26.69 26.66 26.66 26.73 26.73 26.73 26.73 26.73 26.73 26.73 26.73 26.73 26.73 26.61 26.77 26.83 26.84 26.81 26.76 26.79 26.87 26.64 26.56 26.25 25.09 24.24 25.03 25.88 25.21 25.56 24.74 25.82 25.94 25.76 25.91 26.06 25.94 25.99 25.86 25.71 25.82 26.16 26.25 25.91 26.37 26.48 26.40 26.26 26.27 26.00
26.54 26.80 26.81 26.94 26.93 26.91 26.91 26.88 26.88 26.87 26.87 26.88 26.85 26.85 26.85 26.85 26.65 26.65 26.38 26.73 26.73 26.73 26.75 26.69 26.69 26.69 26.69 26.69 26.66 26.66 26.66 26.73 26.73 26.73 26.73 26.73 26.73 26.73 26.73 26.73 26.76 26.69 26.68 26.78 26.74 26.69 26.57 26.76 26.80 26.76 25.56 24.95 25.83 25.83 24.88 25.34 24.10 24.49 25.85 25.23 25.97 25.46 26.02 25.92 26.13 25.90 24.91 25.44 25.68 25.85 26.26 26.26 25.32 26.13 26.44 26.26 26.53
26.58 26.91 26.91 26.91 26.91 26.93 26.92 26.90 26.87 26.87 26.88 26.85 26.85 26.85 26.85 26.65 26.65 26.38 26.38 26.73 26.73 26.73 26.75 26.69 26.69 26.69 26.69 26.66 26.66 26.66 26.19 26.73 26.73 26.73 26.73 26.73 26.73 26.73 26.73 26.76 26.76 26.59 26.72 26.82 26.82 26.80 26.81 26.84 26.67 26.72 26.06 25.34 26.13 25.98 25.74 25.77 25.04 25.65 26.03 25.40 25.64 25.35 25.40 25.80 26.10 26.27 25.56 25.16 25.50 26.02 25.98 25.47 24.99 25.84 25.97 25.88 26.31
26.88 26.91 26.93 26.75 26.87 26.87 26.91 26.89 26.87 26.88 26.88 26.85 26.85 26.85 26.65 26.65 26.38 26.38 26.42 26.73 26.73 26.73 26.75 26.69 26.69 26.69 26.69 26.66 26.66 26.66 26.19 26.73 26.73 26.73 26.73 26.73 26.73 26.73 26.76 26.76 26.59 26.59 26.72 26.83 26.91 26.88 26.81 26.68 26.67 26.42 25.78 26.20 26.37 25.30 25.63 25.74 25.95 26.22 26.07 25.80 25.21 24.74 25.15 25.98 26.20 25.72 25.43 24.75 25.33 25.83 26.13 25.69 26.12 26.15 25.65 26.23 26.10
26.37 26.56 26.02 26.28 26.43 26.70 26.78 26.89 26.89 26.90 26.86 26.85 26.85 26.65 26.65 26.38 26.38 26.42 26.42 26.73 26.73 26.73 26.75 26.69 26.69 26.69 26.69 26.66 26.66 26.66 26.19 26.73 26.73 26.73 26.88 26.73 26.73 26.76 26.76 26.59 26.59 26.59 26.83 26.83 26.91 26.88 26.84 26.60 26.50 26.44 26.28 26.26 26.38 25.83 26.30 26.46 26.26 26.06 25.94 25.97 25.66 25.13 25.63 25.62 25.29 24.38 24.51 25.55 25.55 25.35 25.99 26.02 26.53 26.56 26.17 26.05 25.65
26.60 26.28 25.40 25.78 26.02 26.64 26.70 26.90 26.91 26.91 26.77 26.64 26.65 26.65 26.38 26.38 26.42 26.42 26.73 26.73 26.73 26.73 26.75 26.69 26.69 26.69 26.66 26.66 26.66 26.66 26.19 26.73 26.73 26.73 26.88 26.88 26.88 26.76 26.59 26.59 26.71 26.71 26.71 26.71 26.60 26.75 26.77 26.63 26.72 26.38 26.48 26.28 26.38 26.53 26.36 26.48 26.11 25.85 26.08 25.96 25.92 25.78 25.76 25.59 25.72 25.18 24.77 25.93 26.12 25.93 25.86 25.86 26.26 26.63 26.68 25.86 25.66
25.85 25.70 26.30 26.06 26.28 26.38 26.79 26.70 26.60 26.92 26.82 26.61 26.42 26.38 26.38 26.42 26.42 26.42 26.73 26.73 26.73 26.73 26.75 26.69 26.69 26.69 26.66 26.66 26.66 26.63 26.19 26.73 26.73 26.73 26.88 26.88 26.88 26.81 26.81 26.71 26.71 26.71 26.71 26.71 26.43 26.82 26.70 26.68 26.74 26.48 26.69 26.60 26.68 26.63 26.16 26.14 25.89 26.03 26.25 26.12 26.15 26.14 26.00 25.98 25.97 25.71 26.13 26.04 25.65 25.70 25.81 25.40 24.42 25.45 26.36 26.48 25.81
26.43 26.57 26.39 26.27 25.11 25.63 26.04 25.74 25.82 26.41 26.76 26.85 26.59 26.42 26.42 26.42 26.42 26.42 26.82 26.73 26.73 26.73 26.75 26.69 26.69 26.67 26.66 26.66 26.66 26.63 26.19 26.73 26.73 26.73 26.88 26.88 26.88 26.81 26.81 26.81 26.71 26.71 26.71 26.43 26.43 26.80 26.69 26.72 26.31 26.46 26.69 26.61 26.79 26.40 26.51 25.59 25.87 25.94 26.28 26.38 26.20 26.05 26.17 26.11 26.10 25.51 25.33 24.86 25.44 24.70 26.05 26.30 25.34 25.72 26.09 24.69 25.02
26.48 25.71 25.79 25.34 24.82 24.88 24.35 25.95 25.55 25.16 25.86 26.86 26.81 26.58 26.64 26.64 26.64 26.64 26.82 26.82 26.73 26.73 26.75 26.69 26.69 26.67 26.66 26.66 26.83 26.63 26.19 26.73 26.73 26.73 26.88 26.88 26.88 26.81 26.81 26.81 26.51 26.51 26.43 26.43 26.80 26.80 26.69 26.73 26.31 26.46 26.69 26.32 26.35 26.12 25.94 26.07 25.44 25.74 26.30 25.78 25.41 25.04 25.31 26.15 25.69 24.83 24.70 25.99 25.32 24.40 25.33 25.84 25.73 24.91 25.74 25.74 25.12
26.54 26.60 26.33 25.94 25.41 25.90 24.97 26.47 26.85 26.73 26.85 26.87 26.85 26.81 26.64 26.64 26.64 26.83 26.82 26.82 26.82 26.69 26.62 26.62 26.71 26.67 26.66 26.66 26.83 26.63 26.19 26.73 26.73 26.73 26.88 26.88 26.88 26.81 26.81 26.57 26.51 26.51 26.62 26.62 26.62 26.74 26.44 26.73 26.37 26.37 25.94 24.95 25.45 25.68 26.41 26.43 26.25 25.90 25.28 24.72 25.12 26.17 25.79 25.94 25.79 25.71 24.93 26.05 25.73 25.46 26.13 26.11 25.05 24.65 25.16 23.87 24.16
26.73 26.05 26.30 26.09 25.63 26.38 25.94 26.00 26.75 26.87 26.86 26.87 26.84 26.83 26.83 26.83 26.83 26.83 26.83 26.75 26.75 26.70 26.50 26.57 26.63 26.68 26.72 26.11 26.83 26.63 26.19 26.73 26.73 26.67 26.88 26.88 26.88 26.81 26.81 26.57 26.51 26.51 26.62 26.62 26.62 26.74 26.44 26.59 26.47 26.35 26.35 26.50 26.43 26.40 26.15 26.26 25.53 25.18 25.52 25.79 25.70 26.24 26.18 26.31 26.21 25.53 25.54 25.88 26.41 24.06 24.30 25.05 24.68 23.45 24.34 23.72 24.88
26.67 26.84 26.44 25.74 26.73 26.57 26.66 26.58 26.78 26.78 26.83 26.83 26.83 26.83 26.83 26.83 26.83 26.83 26.83 26.83 26.73 26.57 26.53 26.27 26.37 26.68 26.80 26.77 26.85 26.73 26.71 26.73 26.67 26.67 26.79 26.87 26.87 26.83 26.73 26.57 26.51 26.51 26.51 26.71 26.71 26.55 26.55 26.56 26.14 25.71 25.69 26.38 25.59 26.06 25.81 25.32 25.28 25.60 26.02 25.64 26.04 26.08 26.21 26.21 26.26 26.01 25.83 26.09 26.53 25.93 24.97 24.39 23.59 25.61 26.09 25.39 23.81
26.90 26.82 26.40 26.75 26.63 26.58 26.42 26.83 26.73 26.85 26.84 26.82 26.82 26.82 26.82 26.78 26.83 26.83 26.83 26.83 26.81 26.58 26.24 26.41 26.49 26.70 26.80 26.79 26.61 26.54 26.72 26.80 26.63 26.65 26.79 26.79 26.87 26.62 26.70 26.46 26.59 26.59 26.59 26.80 26.80 26.54 26.72 26.42 25.84 26.27 26.01 25.96 25.40 25.82 25.96 25.29 25.88 26.39 25.96 25.44 26.14 26.07 25.97 25.95 26.20 26.25 26.05 25.78 25.30 25.07 24.48 25.39 25.55 25.78 25.23 25.34 24.96
26.79 26.72 26.57 26.84 26.84 26.84 26.83 26.83 26.65 26.85 26.85 26.82 26.82 26.82 26.82 26.78 26.78 26.82 26.81 26.82 26.78 26.37 26.11 26.04 26.27 26.59 26.75 26.78 26.56 26.22 26.60 26.76 26.73 26.73 26.79 26.79 26.87 26.62 26.67 26.63 26.63 26.59 26.59 26.54 26.54 26.60 26.72 26.60 26.52 26.55 26.29 26.63 26.28 25.98 25.98 26.14 26.28 25.11 24.74 26.40 25.90 26.23 26.08 25.96 26.05 26.17 26.19 26.08 25.53 25.85 24.93 25.17 25.46 25.49 25.05 25.40 25.49
26.65 26.84 26.84 26.72 26.79 26.81 26.86 26.85 26.86 26.82 26.85 26.83 26.80 26.80 26.67 26.29 26.29 26.43 26.79 26.49 26.45 26.69 26.06 26.05 26.49 26.63 26.64 26.72 26.78 26.55 26.57 26.59 26.64 26.71 26.74 26.74 26.70 26.70 26.66 26.61 26.68 26.65 26.74 26.74 26.54 26.39 26.54 26.37 26.56 26.37 26.48 26.34 26.09 25.90 26.18 25.93 25.51 25.24 25.57 26.23 26.14 26.20 26.02 25.96 25.62 25.87 26.36 26.17 25.94 24.82 24.93 25.65 25.96 26.07 25.14 23.69 25.40
