main/data/irradiance/13.02.2023.grid
ncols 839
nrows 679
xllcenter 112.0500
yllcenter -43.9500
cellsize 0.0500
nodata_value 99999.90
[rows 340 to 373 of 679, columns 154 to 230 of 839]
20.23 20.71 21.51 21.07 20.43 21.69 21.56 22.99 23.09 22.48 22.26 23.14 23.56 25.04 24.94 23.91 25.44 23.45 23.21 24.06 25.73 23.35 23.02 22.59 23.45 22.07 22.62 24.68 23.39 22.58 23.05 23.83 21.77 20.15 19.43 19.60 20.17 21.79 20.86 20.54 20.31 19.85 21.41 21.74 23.15 23.02 23.34 23.06 23.07 23.59 23.14 23.78 24.32 24.22 22.70 21.87 22.88 22.54 21.84 20.83 20.32 19.40 19.14 17.83 18.59 18.00 15.22 14.72 13.21 12.96 13.12 13.96 14.38 17.28 15.66 17.56 18.33
19.78 20.61 21.34 20.36 21.34 22.16 22.17 21.88 22.72 23.06 22.86 23.99 24.37 23.96 24.06 25.10 25.42 24.86 22.84 24.03 26.21 23.70 24.91 24.26 24.04 22.92 25.17 23.60 23.35 23.49 21.36 22.41 20.87 19.99 20.49 21.48 21.14 21.73 21.61 22.51 22.31 21.99 22.07 22.69 22.79 22.73 23.00 23.25 22.91 23.82 23.78 23.59 23.62 22.77 22.83 22.23 22.68 23.54 21.96 20.44 19.86 19.44 18.97 16.66 17.96 16.72 14.90 14.07 14.13 13.87 14.52 15.43 15.19 16.16 14.20 16.23 18.19
21.30 21.35 21.71 21.73 21.77 21.48 22.26 21.96 22.69 22.94 24.02 24.06 24.56 24.60 25.06 25.81 24.97 24.31 24.14 24.51 26.02 24.79 24.81 23.52 21.68 21.97 21.77 22.60 23.94 22.32 20.13 21.20 20.93 20.05 21.24 22.77 22.24 23.01 24.30 25.32 24.13 23.85 22.74 23.28 23.57 22.85 22.39 22.84 23.49 23.58 23.89 23.98 23.68 23.51 22.94 22.73 23.37 23.29 21.46 18.45 18.19 18.33 16.54 13.79 14.20 14.42 15.09 16.62 17.34 15.65 15.09 16.32 17.41 17.04 16.21 17.07 19.87
21.15 21.06 21.94 21.86 23.04 23.17 23.00 22.94 23.20 23.83 24.03 24.14 24.65 24.65 24.73 25.52 26.11 26.15 24.36 25.41 26.46 24.11 23.90 24.67 24.57 24.27 23.48 23.93 24.12 23.55 21.92 20.51 20.44 21.04 22.50 23.76 24.72 24.03 24.97 26.13 25.53 24.95 23.62 24.56 25.06 24.66 24.31 23.61 24.20 24.82 24.24 24.20 24.55 23.67 23.04 22.83 22.76 21.16 20.31 17.85 17.37 17.23 15.43 15.35 15.66 15.49 14.96 16.38 18.12 17.83 17.13 18.26 18.77 19.23 18.50 17.40 18.96
21.06 21.09 21.28 21.96 23.52 23.66 24.18 23.34 23.32 24.34 24.43 24.26 24.73 25.16 24.75 25.76 26.03 26.25 25.76 25.88 25.53 23.68 24.56 25.99 26.85 25.33 24.54 24.60 24.96 24.07 22.15 22.22 22.35 22.60 23.78 24.32 24.95 23.92 23.80 24.37 24.76 25.25 24.80 24.80 25.43 25.58 25.57 25.56 25.79 25.45 24.87 23.75 24.22 22.93 22.92 22.54 22.51 19.73 20.33 18.86 16.88 16.24 14.87 17.25 17.19 17.43 15.78 15.86 17.35 19.43 18.50 18.46 20.22 19.81 18.95 18.99 21.10
21.61 21.19 20.71 21.68 22.76 24.14 23.69 24.29 24.23 24.76 24.54 24.14 24.31 25.06 25.49 25.77 26.52 26.70 26.07 25.86 25.82 25.28 25.59 25.92 26.69 26.48 26.27 25.96 25.10 24.33 23.66 23.50 23.65 24.56 24.61 24.58 25.23 23.34 23.60 24.58 24.57 26.00 25.97 25.80 26.20 25.56 25.94 26.55 25.83 25.64 24.56 24.83 24.67 23.10 22.71 21.47 21.97 21.91 20.70 18.68 17.79 15.77 14.16 16.22 17.07 16.74 15.17 16.73 18.94 19.27 19.16 19.22 20.74 21.02 20.48 21.71 22.87
22.39 22.14 22.62 22.78 22.57 23.28 24.16 23.83 24.25 24.73 25.47 25.05 25.00 25.11 25.76 25.94 25.98 26.36 26.11 25.70 26.37 26.99 26.84 27.38 27.46 27.01 27.31 26.48 25.00 26.21 24.80 24.44 25.01 24.87 24.95 25.04 24.91 23.78 23.27 24.18 24.89 25.04 25.97 26.17 26.68 26.68 26.86 26.50 25.45 25.50 25.00 24.33 24.56 23.82 23.70 21.35 21.42 19.80 19.24 17.78 16.25 15.58 14.79 17.08 19.38 20.38 19.71 19.66 22.43 22.44 22.89 22.91 22.68 22.68 23.62 23.89 23.71
22.86 23.61 23.25 23.78 22.65 22.90 23.61 24.12 24.35 24.69 24.82 25.24 25.49 25.82 26.17 26.10 25.87 26.29 25.73 25.90 26.15 26.82 26.92 26.69 27.36 27.72 27.73 27.22 26.56 27.16 26.23 26.17 26.30 26.52 25.94 25.58 24.90 25.04 25.17 24.39 25.42 25.47 26.26 26.12 26.83 27.13 27.52 27.07 26.25 25.73 24.27 21.92 21.40 20.55 22.18 21.04 20.55 19.81 18.74 17.63 17.05 16.76 16.78 16.81 19.00 21.44 20.93 22.09 23.58 24.85 24.57 24.71 25.17 24.45 24.80 25.32 24.39
24.68 23.60 22.94 24.09 24.03 23.49 23.69 24.52 24.78 25.17 25.03 24.92 25.03 25.83 26.40 26.94 26.94 26.64 26.85 26.80 26.95 26.90 27.12 26.95 26.83 27.32 27.88 27.84 28.13 28.00 27.08 26.57 26.79 27.97 27.26 24.89 26.12 25.78 25.72 25.19 26.10 24.92 25.39 26.03 26.39 26.31 26.46 26.86 26.26 24.86 23.06 22.06 20.83 20.80 20.50 20.71 19.93 18.79 17.78 17.14 17.05 18.08 19.88 21.10 21.09 21.78 21.12 23.26 24.00 24.69 25.51 25.89 26.77 25.87 25.51 25.54 25.38
25.11 25.09 23.70 23.65 24.28 24.53 24.70 24.46 24.93 25.29 25.14 25.19 25.27 25.53 25.62 26.30 26.67 26.98 27.07 27.27 27.18 27.49 27.50 27.30 27.39 27.13 27.37 27.36 28.09 28.01 27.60 27.08 27.40 27.87 26.47 26.10 26.54 26.50 26.48 26.39 26.54 25.63 25.68 25.71 25.93 26.23 25.61 25.22 23.75 22.52 21.72 21.69 21.12 22.37 21.98 19.10 18.94 19.34 17.19 17.63 19.41 21.44 22.85 25.09 25.40 24.37 23.63 24.10 23.89 24.14 25.73 25.72 27.05 26.67 26.68 25.91 26.35
24.37 25.04 25.68 23.88 24.39 24.84 24.69 23.94 24.34 24.61 25.12 25.83 25.83 26.14 26.63 26.80 27.14 27.41 27.41 27.47 27.34 27.41 27.49 27.79 27.72 27.74 27.65 27.55 27.66 27.97 27.71 27.63 27.80 28.01 27.47 26.93 26.47 27.28 27.50 27.37 27.18 26.59 26.14 25.81 24.16 24.28 24.42 25.31 25.11 24.77 24.04 23.87 23.92 24.22 21.46 21.50 21.66 20.73 21.06 21.58 23.07 24.82 23.27 26.27 26.90 25.15 25.29 24.64 24.95 25.04 24.68 26.22 26.37 27.25 27.30 27.18 27.38
25.58 25.58 26.19 25.13 25.40 25.91 25.66 25.19 25.80 25.84 26.02 26.48 26.67 26.30 26.89 27.01 27.29 27.56 27.73 27.81 27.96 27.52 27.34 27.26 27.48 27.50 27.87 28.09 27.90 28.10 27.72 27.62 27.96 27.63 27.14 27.29 26.87 26.84 26.75 27.23 27.43 27.20 26.57 25.86 25.31 25.63 26.40 26.82 26.65 26.64 26.50 26.62 25.29 23.44 21.67 23.23 23.08 22.61 23.49 22.53 24.44 25.83 25.90 25.64 26.70 27.06 26.10 26.68 25.99 26.32 26.58 27.16 27.31 27.23 27.85 27.57 27.68
25.69 25.80 25.61 26.13 25.91 26.00 26.45 26.41 26.38 25.95 25.82 26.40 26.74 26.94 26.91 26.74 27.25 27.52 27.91 27.94 28.07 28.16 28.11 27.91 27.54 27.18 27.20 27.51 27.58 28.00 28.12 28.16 28.15 27.91 28.06 27.86 27.61 27.71 26.52 26.26 26.58 26.47 26.82 26.67 25.96 26.79 26.90 27.62 27.35 26.95 27.01 25.99 24.03 22.67 23.06 24.95 23.37 24.29 25.03 25.64 26.62 27.27 26.35 26.60 26.76 26.95 27.19 27.04 27.35 27.54 27.83 27.67 27.83 27.56 27.54 27.73 27.64
26.00 26.08 25.88 26.57 26.49 26.32 26.43 26.59 26.72 26.75 26.50 27.37 27.57 27.70 27.80 27.30 27.46 27.53 27.78 27.64 27.78 27.94 28.14 28.31 28.25 28.09 27.90 27.26 27.79 27.45 27.40 27.53 27.87 27.95 28.13 27.95 27.67 27.79 27.69 27.03 27.64 27.04 26.61 26.59 26.74 27.40 27.10 26.39 26.39 24.26 23.78 25.12 23.25 24.68 25.09 25.24 25.22 26.30 26.43 26.50 26.81 27.59 27.09 27.32 26.85 27.17 27.80 27.80 27.86 28.04 27.95 28.11 28.17 27.96 27.76 27.69 27.92
26.00 26.00 26.51 26.46 26.64 27.06 27.10 26.93 27.03 27.00 26.80 27.45 27.89 27.89 27.73 27.94 27.78 27.44 27.51 27.66 27.60 27.78 27.75 28.00 27.89 28.20 27.84 27.70 27.59 27.98 27.60 27.40 27.21 27.76 27.88 26.90 27.40 27.96 27.25 27.00 27.69 26.90 27.33 26.46 26.23 26.09 26.55 25.66 25.06 24.10 24.81 25.97 26.90 27.39 27.29 27.68 27.38 27.85 27.71 27.28 27.11 27.85 27.55 27.81 27.72 27.33 27.30 27.96 27.93 27.67 28.07 28.13 28.07 28.19 28.08 28.04 27.71
26.43 26.48 26.58 26.73 26.88 27.06 27.11 27.49 27.63 27.51 27.37 27.29 27.62 27.81 27.87 28.05 27.97 27.74 27.55 27.76 27.97 27.83 27.91 27.65 27.77 27.88 28.08 28.02 27.37 26.71 27.59 28.00 27.71 27.77 27.80 27.94 27.40 27.76 27.65 27.36 27.09 27.08 27.50 27.60 27.22 26.06 26.08 26.47 25.26 27.22 26.80 26.88 27.68 27.30 27.85 27.91 27.64 27.47 27.96 27.71 27.70 27.68 27.69 27.33 27.54 26.83 26.34 26.86 27.56 27.99 28.19 28.20 28.18 28.14 28.11 28.13 28.11
25.91 26.26 26.69 26.76 26.88 27.24 27.07 27.18 27.34 27.75 27.88 27.79 27.73 27.68 27.79 27.93 28.06 28.05 28.10 27.88 28.20 27.90 27.68 27.68 27.77 28.03 27.72 27.65 27.65 27.97 28.18 27.98 27.65 28.01 27.77 27.80 27.59 26.97 27.12 27.05 27.25 27.54 27.65 27.26 27.16 26.97 26.95 27.48 27.39 27.09 27.20 27.68 27.31 27.79 27.58 28.01 27.93 27.70 27.75 27.94 27.69 27.72 27.46 27.33 27.19 27.00 26.77 27.23 27.59 27.55 27.78 28.03 28.09 28.17 28.16 28.12 28.18
26.28 25.72 26.18 26.75 26.75 27.10 27.21 27.07 27.24 27.36 27.74 27.67 27.80 27.79 27.81 27.94 27.96 28.15 28.11 28.06 28.15 28.11 27.96 28.21 28.06 28.10 27.90 27.60 27.79 27.63 27.25 27.88 27.90 27.50 27.81 27.95 27.50 27.56 28.12 28.02 27.53 27.45 27.80 27.98 27.62 27.65 27.83 28.10 27.77 27.96 27.84 27.84 27.60 27.48 27.79 27.48 27.59 27.60 27.89 27.75 27.75 27.66 27.88 27.57 27.31 27.30 27.27 27.53 27.88 27.89 27.99 28.07 28.25 28.28 28.21 28.14 28.13
26.18 26.15 26.30 26.68 26.96 27.22 27.28 26.98 27.00 26.98 27.38 27.34 27.34 27.57 27.67 27.95 27.98 28.02 27.95 28.09 28.25 28.24 28.05 28.14 28.17 28.06 28.10 28.05 28.10 28.14 28.14 27.99 28.01 28.12 28.19 28.18 28.10 28.11 27.80 27.96 27.88 27.72 27.95 27.82 27.55 27.81 27.77 27.88 27.68 27.82 28.04 28.06 27.94 27.51 27.88 27.91 27.58 27.75 27.92 27.95 27.55 27.91 27.99 28.10 27.94 27.96 27.92 27.99 28.15 27.97 27.94 28.20 28.20 28.27 28.27 28.20 28.20
25.38 25.66 25.85 26.18 26.79 27.01 27.21 27.20 26.95 26.79 27.00 27.17 27.43 27.36 27.45 27.58 27.59 27.74 27.52 27.95 27.87 27.94 28.08 28.00 27.91 27.78 28.22 28.11 28.01 28.10 28.06 28.16 28.18 28.26 28.20 28.15 28.04 27.45 26.52 27.99 28.08 27.97 27.98 27.94 27.51 27.87 27.97 27.85 27.53 27.90 27.89 27.67 27.77 27.96 27.96 27.79 27.95 28.05 27.90 28.13 27.83 27.72 27.87 27.97 27.99 28.03 28.09 28.15 28.14 28.04 28.13 28.14 28.19 28.25 28.24 28.26 28.21
25.22 25.26 25.60 26.01 26.74 26.85 27.00 27.24 27.14 27.11 27.05 27.26 27.39 27.76 27.79 27.70 27.62 27.47 27.61 27.51 27.66 27.73 27.82 27.88 27.95 27.83 28.02 28.07 28.08 28.14 28.13 27.98 28.14 28.13 28.08 28.16 28.22 28.24 28.15 28.10 27.99 28.15 28.17 28.04 27.98 28.11 28.02 28.03 28.08 27.74 27.73 27.69 27.55 27.65 27.18 27.96 27.88 27.67 27.80 27.84 27.89 27.92 28.05 27.99 28.12 28.09 28.19 28.18 28.17 28.12 28.15 28.13 28.31 28.33 28.29 28.32 28.25
25.97 25.59 25.93 26.27 26.90 26.80 26.97 27.19 27.17 27.26 27.46 27.40 27.42 27.72 27.97 27.96 27.96 27.77 27.96 27.70 27.50 27.92 27.77 27.84 27.96 27.76 28.06 27.98 28.16 28.02 28.02 28.10 28.11 28.14 28.08 28.07 28.07 28.16 28.22 28.19 28.14 28.11 28.03 28.06 28.04 28.02 27.96 28.00 27.98 27.66 27.76 27.60 27.94 27.67 27.57 27.80 27.56 27.67 28.03 28.02 27.87 27.86 27.96 28.16 28.12 28.09 28.11 28.18 28.10 28.06 28.19 28.19 28.26 28.30 28.41 28.36 28.34
26.70 26.90 26.38 26.49 26.80 26.83 27.33 27.25 27.19 27.63 27.56 27.76 27.87 27.81 27.86 27.95 28.08 27.85 28.04 28.11 28.07 27.86 27.93 27.91 27.87 27.93 28.04 28.19 27.97 28.03 28.08 27.90 28.09 28.21 28.18 28.17 28.18 28.11 28.13 28.03 28.08 27.49 27.20 27.78 27.91 27.74 27.98 27.67 27.81 27.79 27.77 27.97 27.56 27.63 28.00 27.48 28.04 28.10 28.02 28.06 28.06 27.91 27.96 28.22 28.22 28.07 28.17 28.20 28.17 28.17 28.18 28.27 28.19 28.30 28.25 28.27 28.27
27.39 27.52 27.38 27.40 26.70 26.90 27.28 27.49 27.51 27.53 27.88 28.00 28.17 28.08 28.11 27.94 28.13 27.92 28.05 27.98 28.01 28.12 28.10 28.05 28.03 27.71 28.01 28.07 28.00 28.05 27.81 27.84 28.00 28.07 28.19 28.12 28.09 28.12 28.20 28.08 28.12 27.79 27.42 26.35 27.33 27.30 27.47 27.54 27.51 27.10 27.71 27.73 27.76 28.04 28.02 27.78 27.94 28.25 28.15 28.20 28.09 28.07 28.15 28.19 28.14 28.13 28.17 28.17 28.12 28.05 28.21 28.20 28.10 28.20 28.17 28.19 28.24
27.58 27.72 27.79 27.62 27.33 27.03 27.10 27.35 27.60 27.74 27.96 28.10 28.19 28.21 28.27 28.23 28.25 28.21 28.15 28.20 28.16 28.15 28.18 27.98 28.14 28.14 27.94 27.86 27.74 27.57 27.68 27.87 28.02 28.05 28.15 28.13 28.07 28.01 28.11 28.15 28.20 28.18 28.01 27.64 27.47 27.27 27.75 27.91 27.95 27.92 27.71 27.90 27.71 28.03 28.06 28.13 28.07 28.17 28.17 28.12 28.19 28.31 28.11 28.26 28.22 28.18 28.16 28.18 28.15 28.17 28.15 28.21 28.10 28.17 28.23 28.18 28.28
27.64 27.76 28.00 28.03 27.85 27.26 27.16 27.16 27.55 27.89 27.96 27.86 27.95 28.10 28.03 28.21 28.09 28.07 28.19 28.13 28.07 28.16 28.19 28.04 28.26 28.20 28.11 28.11 27.90 27.68 27.85 27.94 27.99 27.95 28.02 28.04 28.00 28.14 27.94 27.87 28.10 28.05 28.07 28.05 28.06 27.95 27.83 28.09 28.05 28.00 28.18 28.03 28.00 28.17 28.22 28.10 28.12 28.21 28.19 28.25 28.23 28.24 28.29 28.28 28.21 28.17 28.19 28.08 28.10 28.18 28.14 28.15 28.18 28.20 28.17 28.19 28.20
27.31 27.70 27.77 27.82 27.99 27.63 27.27 27.27 27.29 27.82 28.05 28.07 28.15 28.16 28.10 27.75 27.88 28.16 28.19 28.14 28.07 28.12 28.15 28.19 28.23 28.12 28.10 28.14 28.14 28.15 28.03 28.00 27.73 28.04 28.17 28.02 28.02 27.91 28.01 28.00 28.00 27.83 28.05 27.99 27.88 28.03 27.98 27.67 27.88 28.02 28.04 28.09 28.13 28.17 28.07 28.03 28.15 28.11 28.18 28.25 28.23 28.20 28.20 28.29 28.15 28.27 28.16 28.13 28.22 28.23 28.12 28.13 28.19 28.19 28.20 28.16 28.18
26.76 26.80 26.90 27.85 27.95 27.54 27.38 27.14 27.27 27.24 27.78 28.06 28.15 28.18 28.15 27.68 27.68 27.96 28.10 28.13 28.05 28.06 28.08 27.95 27.97 28.01 28.07 28.07 28.10 28.25 28.12 28.06 27.97 28.05 27.91 27.75 27.93 28.07 28.01 28.16 28.06 27.90 28.11 27.98 27.96 28.14 28.00 27.97 27.79 27.96 28.07 28.13 28.17 28.05 28.13 27.97 28.08 28.23 28.20 28.12 28.15 28.15 28.18 28.20 28.10 28.25 28.17 28.07 28.21 28.26 28.18 28.22 28.12 28.25 28.19 28.17 28.14
27.69 27.40 27.58 27.89 28.00 28.00 27.73 27.23 27.46 27.50 27.47 27.82 28.00 28.02 28.14 28.11 28.10 28.09 28.11 28.08 28.04 28.06 27.89 28.01 27.97 27.90 28.07 28.13 28.13 28.08 28.10 28.10 28.00 28.12 27.86 27.89 28.00 28.06 27.89 28.05 28.07 28.02 28.04 28.04 28.01 28.04 28.05 27.88 28.01 28.03 27.73 28.04 28.08 28.10 28.21 28.18 28.15 28.20 28.26 28.11 28.12 28.15 28.23 28.21 28.13 28.21 28.20 28.16 28.11 28.13 28.17 28.11 28.14 28.17 28.14 28.12 28.07
27.59 27.86 27.73 27.84 28.01 28.02 27.79 27.56 27.74 27.83 27.76 27.69 27.80 27.99 28.05 27.95 28.09 28.07 28.08 28.06 27.97 27.91 27.60 27.78 28.07 28.07 28.10 28.05 27.99 28.01 27.99 28.07 28.06 28.05 27.96 27.89 27.80 27.95 27.83 27.51 27.90 27.80 28.06 27.97 28.03 27.88 27.98 27.93 28.04 28.08 27.93 28.02 28.17 28.18 28.16 28.16 28.11 28.11 28.23 28.18 28.14 28.20 28.18 28.27 28.32 28.17 28.12 28.22 28.04 28.13 28.15 28.13 28.14 28.10 28.10 28.14 28.11
28.04 28.00 28.07 28.01 28.00 28.01 27.95 27.78 27.90 27.92 27.83 27.89 27.82 27.93 27.95 27.95 28.10 28.05 28.00 28.01 28.04 27.98 27.97 27.95 27.96 27.98 28.03 27.94 27.98 27.98 27.91 28.11 28.05 27.96 28.00 27.71 27.97 27.95 27.93 28.00 28.02 27.99 28.08 28.03 28.02 27.95 28.03 27.95 27.92 28.06 28.06 28.17 28.13 28.24 28.21 28.19 28.18 28.18 28.20 28.16 28.17 28.21 28.19 28.24 28.26 28.14 28.09 28.15 28.12 28.06 28.08 28.06 28.06 28.07 27.99 28.09 28.02
28.03 27.96 28.08 28.00 27.99 27.89 27.93 27.84 27.76 27.76 27.81 27.97 27.86 27.87 27.86 27.96 28.02 27.91 28.00 28.11 28.07 28.13 28.06 28.04 28.02 28.10 27.93 28.07 28.07 28.14 27.98 28.08 27.99 27.99 27.94 28.03 28.05 28.04 27.97 28.01 27.95 27.81 27.93 28.04 28.13 28.10 28.06 28.02 28.03 28.05 28.13 28.17 28.15 28.15 28.15 28.17 28.15 28.15 28.15 28.14 28.17 28.10 28.14 28.21 28.21 28.12 28.12 28.04 28.06 28.03 28.00 28.07 28.03 28.03 28.03 27.91 27.98
28.03 28.00 28.06 27.81 27.88 28.02 27.98 27.88 27.90 27.82 27.94 28.05 28.01 28.00 28.00 27.98 28.04 27.98 27.96 27.92 28.08 28.01 27.96 27.97 27.97 28.11 28.04 28.01 27.86 28.11 28.10 28.00 28.08 28.15 28.08 28.15 28.10 28.16 28.12 27.97 28.08 28.02 28.11 28.15 28.00 28.17 28.16 28.03 28.09 28.10 28.12 28.14 28.19 28.14 28.18 28.18 28.18 28.14 28.17 28.14 28.08 28.11 28.17 28.22 28.20 28.18 28.12 28.00 28.13 28.09 28.02 28.05 28.02 28.00 28.00 28.08 28.09
28.06 27.99 28.01 27.94 28.09 28.00 27.93 27.91 27.99 27.65 28.01 28.04 28.05 28.04 28.05 28.00 28.11 28.07 28.09 28.02 28.00 28.00 28.00 27.97 27.95 28.11 28.06 28.03 27.95 28.15 28.09 28.10 28.17 28.14 28.11 28.10 28.12 28.07 28.00 28.04 28.08 28.10 28.03 28.10 28.13 28.14 28.21 28.03 28.05 28.03 28.10 28.14 28.13 28.05 28.17 28.17 28.15 28.16 28.16 28.16 28.10 28.14 28.16 28.12 28.10 28.11 28.11 28.04 28.13 28.16 28.03 28.06 28.02 28.04 28.10 28.07 28.08
