main/data/irradiance/13.03.2023.grid
ncols 839
nrows 679
xllcenter 112.0500
yllcenter -43.9500
cellsize 0.0500
nodata_value 99999.90
[rows 340 to 373 of 679, columns 0 to 76 of 839]
99999.90 99999.90 99999.90 99999.90 99999.90 99999.90 99999.90 99999.90 99999.90 99999.90 99999.90 99999.90 99999.90 99999.90 99999.90 99999.90 99999.90 99999.90 99999.90 24.33 24.33 24.33 24.38 24.38 24.38 24.38 24.38 24.38 24.14 24.52 24.52 24.52 24.52 24.52 24.48 24.48 24.48 24.43 24.39 24.43 24.55 24.49 24.46 24.44 24.44 24.38 24.34 24.42 24.38 24.35 24.30 24.29 24.26 24.30 24.34 24.34 24.34 24.34 24.36 24.31 24.34 24.28 24.31 24.29 24.28 24.21 24.15 24.12 24.22 24.07 24.11 24.17 24.21 24.17 24.14 24.10 23.99
99999.90 99999.90 99999.90 99999.90 99999.90 99999.90 99999.90 99999.90 99999.90 99999.90 99999.90 99999.90 99999.90 99999.90 99999.90 99999.90 99999.90 99999.90 99999.90 99999.90 99999.90 24.39 24.38 24.38 24.38 24.38 24.38 24.14 24.52 24.52 24.52 24.52 24.48 24.48 24.48 24.48 24.48 24.46 24.44 24.40 24.41 24.45 24.39 24.39 24.35 24.38 24.37 24.42 24.42 24.33 24.30 24.34 24.38 24.35 24.36 24.34 24.35 24.34 24.35 24.31 24.30 24.29 24.24 24.20 24.20 24.20 24.00 24.11 24.13 24.04 24.07 24.09 24.09 24.07 24.13 24.09 23.97
99999.90 99999.90 99999.90 99999.90 99999.90 99999.90 99999.90 99999.90 99999.90 99999.90 99999.90 99999.90 99999.90 99999.90 99999.90 99999.90 99999.90 99999.90 99999.90 99999.90 99999.90 24.39 24.38 24.38 24.38 24.38 24.52 24.52 24.52 24.52 24.48 24.48 24.48 24.48 24.48 24.48 24.46 24.46 24.42 24.40 24.40 24.40 24.39 24.36 24.33 24.33 24.33 24.33 24.36 24.30 24.23 24.29 24.32 24.39 24.35 24.36 24.35 24.33 24.34 24.31 24.29 24.31 24.30 24.28 24.25 24.19 24.03 24.08 23.93 24.11 24.12 24.05 24.04 24.05 24.03 24.01 23.92
99999.90 99999.90 99999.90 99999.90 99999.90 99999.90 99999.90 99999.90 99999.90 99999.90 99999.90 99999.90 99999.90 99999.90 99999.90 99999.90 99999.90 99999.90 99999.90 99999.90 99999.90 99999.90 24.38 24.38 24.38 24.52 24.52 24.52 24.48 24.48 24.48 24.48 24.48 24.48 24.48 24.46 24.43 24.43 24.43 24.44 24.40 24.39 24.39 24.37 24.34 24.31 24.33 24.34 24.32 24.31 24.27 24.28 24.29 24.30 24.35 24.39 24.40 24.34 24.37 24.28 24.30 24.32 24.32 24.30 24.23 24.19 24.09 24.14 24.10 24.11 24.02 24.05 24.00 23.87 23.96 23.92 23.91
99999.90 99999.90 99999.90 99999.90 99999.90 99999.90 99999.90 99999.90 99999.90 99999.90 99999.90 99999.90 99999.90 99999.90 99999.90 99999.90 99999.90 99999.90 99999.90 99999.90 99999.90 99999.90 24.38 24.38 24.14 24.52 24.48 24.48 24.48 24.48 24.48 24.48 24.48 24.48 24.43 24.43 24.43 24.43 24.43 24.42 24.37 24.40 24.39 24.39 24.33 24.28 24.32 24.31 24.26 24.27 24.28 24.28 24.30 24.29 24.28 24.31 24.31 24.30 24.34 24.29 24.30 24.35 24.32 24.31 24.23 24.13 24.11 24.07 24.10 24.08 24.01 23.92 23.81 23.84 23.86 23.86 23.94
99999.90 99999.90 99999.90 99999.90 99999.90 99999.90 99999.90 99999.90 99999.90 99999.90 99999.90 99999.90 99999.90 99999.90 99999.90 99999.90 99999.90 99999.90 99999.90 99999.90 99999.90 99999.90 99999.90 24.14 24.14 24.52 24.48 24.48 24.48 24.48 24.48 24.48 24.43 24.43 24.43 24.43 24.43 24.43 24.42 24.42 24.35 24.39 24.37 24.36 24.29 24.29 24.30 24.23 24.26 24.23 24.36 24.36 24.34 24.28 24.25 24.29 24.27 24.26 24.33 24.29 24.28 24.31 24.27 24.23 24.14 23.95 23.94 24.00 24.03 24.07 23.96 23.89 23.94 23.90 23.84 23.83 23.86
99999.90 99999.90 99999.90 99999.90 99999.90 99999.90 99999.90 99999.90 99999.90 99999.90 99999.90 99999.90 99999.90 99999.90 99999.90 99999.90 99999.90 99999.90 99999.90 99999.90 99999.90 99999.90 99999.90 99999.90 24.43 24.52 24.48 24.48 24.48 24.48 24.48 24.43 24.43 24.43 24.43 24.43 24.43 24.42 24.39 24.39 24.39 24.34 24.37 24.32 24.21 24.22 24.25 24.23 24.22 24.22 24.34 24.30 24.35 24.32 24.22 24.24 24.29 24.27 24.28 24.26 24.25 24.26 24.26 24.25 24.12 23.97 23.97 23.92 23.95 24.01 23.98 23.97 23.89 23.87 23.82 23.90 23.85
99999.90 99999.90 99999.90 99999.90 99999.90 99999.90 99999.90 99999.90 99999.90 99999.90 99999.90 99999.90 99999.90 99999.90 99999.90 99999.90 99999.90 99999.90 99999.90 99999.90 99999.90 99999.90 99999.90 99999.90 99999.90 24.52 24.48 24.48 24.48 24.43 24.43 24.43 24.43 24.43 24.43 24.43 24.39 24.39 24.39 24.39 24.39 24.33 24.33 24.26 24.21 24.19 24.21 24.26 24.29 24.30 24.33 24.30 24.30 24.30 24.21 24.25 24.29 24.29 24.24 24.24 24.23 24.24 24.25 24.25 24.21 24.00 23.98 23.99 24.02 23.99 23.92 23.95 23.95 23.96 24.03 24.01 23.81
99999.90 99999.90 99999.90 99999.90 99999.90 99999.90 99999.90 99999.90 99999.90 99999.90 99999.90 99999.90 99999.90 99999.90 99999.90 99999.90 99999.90 99999.90 99999.90 99999.90 99999.90 99999.90 99999.90 99999.90 99999.90 24.52 24.48 24.48 24.43 24.43 24.43 24.43 24.43 24.43 24.39 24.39 24.39 24.39 24.39 24.38 24.38 24.38 24.30 24.22 24.21 24.20 24.25 24.26 24.24 24.27 24.28 24.22 24.21 24.23 24.19 24.23 24.23 24.27 24.25 24.24 24.23 24.21 24.22 24.23 24.16 23.95 23.93 23.93 23.97 23.95 23.99 23.91 23.96 23.94 24.00 23.86 23.84
99999.90 99999.90 99999.90 99999.90 99999.90 99999.90 99999.90 99999.90 99999.90 99999.90 99999.90 99999.90 99999.90 99999.90 99999.90 99999.90 99999.90 99999.90 99999.90 99999.90 99999.90 99999.90 99999.90 99999.90 99999.90 99999.90 24.48 24.48 24.43 24.43 24.43 24.43 24.43 24.39 24.39 24.39 24.39 24.38 24.38 24.38 24.38 24.38 24.26 24.21 24.15 24.21 24.19 24.14 24.18 24.26 24.24 24.18 24.13 24.16 24.19 24.25 24.20 24.25 24.27 24.22 24.21 24.20 24.20 24.20 23.97 23.94 23.87 23.88 23.85 23.91 24.00 23.91 23.77 23.72 23.96 23.83 23.77
99999.90 99999.90 99999.90 99999.90 99999.90 99999.90 99999.90 99999.90 99999.90 99999.90 99999.90 99999.90 99999.90 99999.90 99999.90 99999.90 99999.90 99999.90 99999.90 99999.90 99999.90 99999.90 99999.90 99999.90 99999.90 99999.90 24.48 24.48 24.43 24.43 24.43 24.39 24.39 24.39 24.39 24.38 24.38 24.38 24.38 24.38 24.26 24.26 24.26 24.17 24.19 24.25 24.26 24.18 24.10 24.25 24.26 24.27 24.20 24.15 24.25 24.25 24.23 24.21 24.21 24.15 24.14 24.09 24.13 24.11 24.02 23.99 23.97 23.86 23.82 23.77 23.90 23.89 23.81 23.73 23.78 23.69 23.74
99999.90 99999.90 99999.90 99999.90 99999.90 99999.90 99999.90 99999.90 99999.90 99999.90 99999.90 99999.90 99999.90 99999.90 99999.90 99999.90 99999.90 99999.90 99999.90 99999.90 99999.90 99999.90 99999.90 99999.90 99999.90 99999.90 99999.90 24.46 24.43 24.43 24.39 24.39 24.39 24.38 24.38 24.38 24.38 24.38 24.30 24.30 24.30 24.30 24.30 24.04 24.08 24.30 24.25 24.37 24.21 24.23 24.21 24.28 24.24 24.23 24.21 24.22 24.26 24.22 24.08 24.08 24.15 24.14 24.22 24.22 24.10 24.09 23.96 23.88 23.80 23.80 23.95 23.89 23.77 23.59 23.63 23.76 23.74
99999.90 99999.90 99999.90 99999.90 99999.90 99999.90 99999.90 99999.90 99999.90 99999.90 99999.90 99999.90 99999.90 99999.90 99999.90 99999.90 99999.90 99999.90 99999.90 99999.90 99999.90 99999.90 99999.90 99999.90 99999.90 99999.90 99999.90 99999.90 24.43 24.43 24.39 24.38 24.38 24.38 24.30 24.30 24.30 24.30 24.30 24.30 24.30 24.30 24.30 24.19 24.27 24.23 24.24 24.31 24.21 24.25 24.20 24.27 24.28 24.31 24.18 24.25 24.20 24.15 24.06 24.03 24.07 24.12 24.15 24.18 24.13 24.09 23.96 23.94 23.78 23.77 23.93 23.94 23.81 23.73 23.83 23.76 23.82
99999.90 99999.90 99999.90 99999.90 99999.90 99999.90 99999.90 99999.90 99999.90 99999.90 99999.90 99999.90 99999.90 99999.90 99999.90 99999.90 99999.90 99999.90 99999.90 99999.90 99999.90 99999.90 99999.90 99999.90 99999.90 99999.90 99999.90 99999.90 24.43 24.43 24.39 24.38 24.34 24.34 24.34 24.34 24.34 24.34 24.34 24.34 24.34 24.34 24.34 24.20 24.27 24.24 24.22 24.27 24.25 24.31 24.29 24.29 24.22 24.24 24.14 24.22 24.19 24.07 24.12 24.06 23.97 24.08 24.18 24.20 24.23 24.02 23.98 23.92 23.89 23.85 23.95 23.88 23.80 23.79 23.73 23.85 23.93
99999.90 99999.90 99999.90 99999.90 99999.90 99999.90 99999.90 99999.90 99999.90 99999.90 99999.90 99999.90 99999.90 99999.90 99999.90 99999.90 99999.90 99999.90 99999.90 99999.90 99999.90 99999.90 99999.90 99999.90 99999.90 99999.90 99999.90 99999.90 99999.90 24.42 24.39 24.38 24.34 24.34 24.34 24.34 24.34 24.34 24.34 24.34 24.34 24.34 24.34 24.21 24.22 24.18 24.20 24.24 24.20 24.26 24.29 24.21 24.15 24.23 24.12 24.14 24.08 24.13 24.08 24.08 23.98 24.03 24.14 24.16 24.21 24.13 24.03 23.91 23.85 23.84 23.81 23.81 23.79 23.78 23.76 23.90 23.87
99999.90 99999.90 99999.90 99999.90 99999.90 99999.90 99999.90 99999.90 99999.90 99999.90 99999.90 99999.90 99999.90 99999.90 99999.90 99999.90 99999.90 99999.90 99999.90 99999.90 99999.90 99999.90 99999.90 99999.90 99999.90 99999.90 99999.90 99999.90 99999.90 99999.90 24.39 24.38 24.19 24.19 24.19 24.19 24.19 24.19 24.19 24.19 24.19 24.19 24.19 24.18 24.20 24.22 24.21 24.21 24.14 24.13 24.14 24.16 24.12 24.13 24.23 24.12 24.12 24.11 24.10 24.08 24.06 23.97 24.01 24.11 24.02 24.03 24.01 23.90 23.77 23.70 23.61 23.78 23.92 23.84 23.88 23.93 23.90
99999.90 99999.90 99999.90 99999.90 99999.90 99999.90 99999.90 99999.90 99999.90 99999.90 99999.90 99999.90 99999.90 99999.90 99999.90 99999.90 99999.90 99999.90 99999.90 99999.90 99999.90 99999.90 99999.90 99999.90 99999.90 99999.90 99999.90 99999.90 99999.90 99999.90 24.39 24.38 24.21 24.21 24.21 24.21 24.21 24.21 24.21 24.21 24.21 24.21 24.21 24.18 24.16 24.21 24.20 24.25 24.20 24.08 24.08 24.10 24.18 24.21 24.40 24.09 24.15 24.14 24.09 24.04 24.04 23.99 23.98 24.04 23.93 23.90 23.96 23.92 23.77 23.72 23.85 23.85 23.83 23.82 23.81 23.89 23.87
99999.90 99999.90 99999.90 99999.90 99999.90 99999.90 99999.90 99999.90 99999.90 99999.90 99999.90 99999.90 99999.90 99999.90 99999.90 99999.90 99999.90 99999.90 99999.90 99999.90 99999.90 99999.90 99999.90 99999.90 99999.90 99999.90 99999.90 99999.90 99999.90 99999.90 99999.90 24.38 24.31 24.31 24.31 24.31 24.31 24.31 24.31 24.31 24.31 24.31 24.31 24.21 24.15 24.25 24.23 24.27 24.21 24.15 24.11 24.11 24.28 24.27 24.23 24.29 24.23 24.15 24.10 23.99 23.98 23.94 23.96 23.97 23.89 23.83 23.94 23.91 23.83 23.91 23.95 23.93 23.79 23.81 23.82 23.88 23.92
99999.90 99999.90 99999.90 99999.90 99999.90 99999.90 99999.90 99999.90 99999.90 99999.90 99999.90 99999.90 99999.90 99999.90 99999.90 99999.90 99999.90 99999.90 99999.90 99999.90 99999.90 99999.90 99999.90 99999.90 99999.90 99999.90 99999.90 99999.90 99999.90 99999.90 99999.90 24.38 24.21 24.21 24.21 24.21 24.21 24.21 24.21 24.21 24.21 24.21 24.21 24.23 24.17 24.19 24.30 24.28 24.31 24.20 24.23 24.20 24.20 24.17 24.23 24.27 24.21 24.12 24.25 24.02 23.79 23.94 23.96 23.94 23.84 23.86 23.97 23.89 23.78 23.85 23.83 23.84 23.75 23.87 23.84 23.95 23.93
99999.90 99999.90 99999.90 99999.90 99999.90 99999.90 99999.90 99999.90 99999.90 99999.90 99999.90 99999.90 99999.90 99999.90 99999.90 99999.90 99999.90 99999.90 99999.90 99999.90 99999.90 99999.90 99999.90 99999.90 99999.90 99999.90 99999.90 99999.90 99999.90 99999.90 99999.90 99999.90 24.23 24.23 24.23 24.23 24.23 24.23 24.23 24.23 24.23 24.23 24.23 24.19 24.19 24.20 24.20 24.28 24.36 24.34 24.37 24.26 24.28 24.13 24.27 24.19 24.32 24.25 24.39 24.22 24.10 23.89 23.83 23.76 23.97 23.96 23.92 23.86 23.84 23.85 23.76 23.81 23.78 23.90 23.87 23.91 23.88
99999.90 99999.90 99999.90 99999.90 99999.90 99999.90 99999.90 99999.90 99999.90 99999.90 99999.90 99999.90 99999.90 99999.90 99999.90 99999.90 99999.90 99999.90 99999.90 99999.90 99999.90 99999.90 99999.90 99999.90 99999.90 99999.90 99999.90 99999.90 99999.90 99999.90 99999.90 99999.90 24.23 24.23 24.23 24.23 24.23 24.23 24.23 24.23 24.23 24.23 24.23 24.10 24.26 24.10 24.21 24.29 24.28 24.25 24.19 24.18 24.13 24.30 24.36 24.28 24.29 24.28 24.14 24.02 23.93 24.10 23.87 23.67 23.96 23.88 23.90 23.85 23.81 23.86 23.87 23.91 23.82 23.70 23.73 23.81 23.87
99999.90 99999.90 99999.90 99999.90 99999.90 99999.90 99999.90 99999.90 99999.90 99999.90 99999.90 99999.90 99999.90 99999.90 99999.90 99999.90 99999.90 99999.90 99999.90 99999.90 99999.90 99999.90 99999.90 99999.90 99999.90 99999.90 99999.90 99999.90 99999.90 99999.90 99999.90 99999.90 24.23 24.23 24.23 24.23 24.23 24.23 24.23 24.23 24.23 23.76 23.76 23.76 24.08 24.21 24.19 24.19 23.96 24.12 24.33 24.09 24.16 24.25 24.28 24.27 24.07 24.08 23.98 23.67 23.89 23.84 23.79 23.84 23.85 23.88 23.89 23.91 23.96 23.90 23.91 23.91 23.84 23.71 23.71 23.68 23.78
99999.90 99999.90 99999.90 99999.90 99999.90 99999.90 99999.90 99999.90 99999.90 99999.90 99999.90 99999.90 99999.90 99999.90 99999.90 99999.90 99999.90 99999.90 99999.90 99999.90 99999.90 99999.90 99999.90 99999.90 99999.90 99999.90 99999.90 99999.90 99999.90 99999.90 99999.90 99999.90 24.23 24.23 24.23 24.23 24.23 24.23 24.23 23.76 23.76 23.76 23.76 23.76 22.57 24.03 24.18 24.11 24.01 23.98 24.34 24.34 24.29 24.15 24.20 24.22 24.04 24.00 24.03 23.96 23.90 23.70 23.90 23.85 23.90 23.96 23.88 23.84 23.89 23.81 23.85 23.90 23.88 23.60 23.61 23.72 23.77
99999.90 99999.90 99999.90 99999.90 99999.90 99999.90 99999.90 99999.90 99999.90 99999.90 99999.90 99999.90 99999.90 99999.90 99999.90 99999.90 99999.90 99999.90 99999.90 99999.90 99999.90 99999.90 99999.90 99999.90 99999.90 99999.90 99999.90 99999.90 99999.90 99999.90 99999.90 99999.90 24.23 24.23 24.23 24.23 24.23 23.76 23.76 23.76 23.76 23.76 23.76 22.57 22.57 23.59 23.90 24.09 24.09 24.04 24.22 24.30 24.24 24.17 24.18 24.21 24.21 24.10 24.02 24.02 23.94 23.96 23.92 23.84 24.03 24.00 23.89 23.97 23.92 23.86 23.81 23.75 23.74 23.71 23.74 23.80 23.84
99999.90 99999.90 99999.90 99999.90 99999.90 99999.90 99999.90 99999.90 99999.90 99999.90 99999.90 99999.90 99999.90 99999.90 99999.90 99999.90 99999.90 99999.90 99999.90 99999.90 99999.90 99999.90 99999.90 99999.90 99999.90 99999.90 99999.90 99999.90 99999.90 99999.90 99999.90 99999.90 24.23 24.23 24.23 23.76 23.76 23.76 23.76 23.76 23.76 23.76 22.57 22.57 23.59 23.59 23.89 24.23 24.16 24.20 24.22 24.21 24.13 24.21 24.23 24.29 24.23 24.10 24.05 24.22 24.24 24.25 23.94 23.88 23.93 23.87 23.93 23.93 23.81 23.77 23.76 23.78 23.82 23.81 23.73 23.76 23.86
99999.90 99999.90 99999.90 99999.90 99999.90 99999.90 99999.90 99999.90 99999.90 99999.90 99999.90 99999.90 99999.90 99999.90 99999.90 99999.90 99999.90 99999.90 99999.90 99999.90 99999.90 99999.90 99999.90 99999.90 99999.90 99999.90 99999.90 99999.90 99999.90 99999.90 99999.90 99999.90 24.23 23.76 23.76 23.76 23.76 23.76 23.76 23.76 23.76 22.57 22.57 23.59 23.59 23.89 23.89 23.98 24.13 24.18 24.21 24.23 24.10 24.16 24.06 24.04 24.11 24.19 24.03 24.11 24.05 23.96 23.70 23.81 24.02 23.71 24.00 23.98 23.84 23.75 23.63 23.64 23.71 23.65 23.84 23.73 23.77
99999.90 99999.90 99999.90 99999.90 99999.90 99999.90 99999.90 99999.90 99999.90 99999.90 99999.90 99999.90 99999.90 99999.90 99999.90 99999.90 99999.90 99999.90 99999.90 99999.90 99999.90 99999.90 99999.90 99999.90 99999.90 99999.90 99999.90 99999.90 99999.90 99999.90 99999.90 99999.90 24.23 23.76 23.76 23.76 23.76 23.76 23.76 23.76 22.57 22.57 23.59 23.59 23.89 24.00 24.00 24.00 24.02 24.17 24.22 24.09 24.09 24.12 24.15 24.08 24.08 24.16 24.13 23.99 23.91 24.11 24.07 23.91 23.90 23.68 23.70 23.81 23.81 23.83 23.59 23.55 23.53 23.61 23.81 23.80 23.81
99999.90 99999.90 99999.90 99999.90 99999.90 99999.90 99999.90 99999.90 99999.90 99999.90 99999.90 99999.90 99999.90 99999.90 99999.90 99999.90 99999.90 99999.90 99999.90 99999.90 99999.90 99999.90 99999.90 99999.90 99999.90 99999.90 99999.90 99999.90 99999.90 99999.90 99999.90 99999.90 24.23 23.76 23.76 23.76 23.76 23.76 23.76 22.57 22.57 23.59 23.59 24.00 24.00 24.00 24.00 24.00 24.04 24.11 24.15 24.08 24.13 24.10 24.25 24.22 24.15 24.12 24.09 24.19 24.04 23.93 24.12 23.92 24.04 23.71 23.45 23.75 23.80 23.66 23.69 23.57 23.39 23.79 23.83 23.78 23.72
99999.90 99999.90 99999.90 99999.90 99999.90 99999.90 99999.90 99999.90 99999.90 99999.90 99999.90 99999.90 99999.90 99999.90 99999.90 99999.90 99999.90 99999.90 99999.90 99999.90 99999.90 99999.90 99999.90 99999.90 99999.90 99999.90 99999.90 99999.90 99999.90 99999.90 99999.90 99999.90 24.23 23.76 23.76 23.76 23.76 23.76 22.57 22.57 23.59 24.00 24.00 24.00 24.00 24.00 24.00 24.04 24.04 24.01 24.01 24.16 24.17 24.11 24.28 24.32 24.19 24.02 24.04 24.13 24.19 23.80 23.95 23.94 23.94 23.85 23.67 23.74 23.79 23.65 23.67 23.57 23.62 23.53 23.55 23.63 23.70
99999.90 99999.90 99999.90 99999.90 99999.90 99999.90 99999.90 99999.90 99999.90 99999.90 99999.90 99999.90 99999.90 99999.90 99999.90 99999.90 99999.90 99999.90 99999.90 99999.90 99999.90 99999.90 99999.90 99999.90 99999.90 99999.90 99999.90 99999.90 99999.90 99999.90 99999.90 99999.90 24.23 23.76 23.76 23.76 23.76 22.57 22.57 23.59 24.00 24.00 24.00 24.00 24.00 24.00 24.04 24.04 24.01 24.01 24.05 24.13 24.19 24.05 24.19 24.24 24.18 24.12 24.24 24.12 24.19 23.99 23.84 23.86 23.91 23.90 24.06 23.95 23.84 23.89 23.70 23.58 23.46 23.70 23.61 23.38 23.63
99999.90 99999.90 99999.90 99999.90 99999.90 99999.90 99999.90 99999.90 99999.90 99999.90 99999.90 99999.90 99999.90 99999.90 99999.90 99999.90 99999.90 99999.90 99999.90 99999.90 99999.90 99999.90 99999.90 99999.90 99999.90 99999.90 99999.90 99999.90 99999.90 99999.90 99999.90 99999.90 99999.90 23.76 23.76 23.76 22.57 22.57 24.00 24.00 24.00 24.00 24.00 24.00 24.00 24.04 24.04 24.01 24.02 24.02 24.02 24.17 24.08 24.03 24.05 24.19 24.22 24.17 24.23 24.23 24.14 24.04 24.10 24.01 24.05 24.06 23.86 24.03 23.84 23.78 23.65 23.72 23.58 23.48 23.32 23.26 23.35
99999.90 99999.90 99999.90 99999.90 99999.90 99999.90 99999.90 99999.90 99999.90 99999.90 99999.90 99999.90 99999.90 99999.90 99999.90 99999.90 99999.90 99999.90 99999.90 99999.90 99999.90 99999.90 99999.90 99999.90 99999.90 99999.90 99999.90 99999.90 99999.90 99999.90 99999.90 99999.90 99999.90 23.76 23.76 22.57 22.57 24.00 24.00 24.00 24.00 24.00 24.00 24.00 24.04 24.04 24.02 24.02 24.02 24.02 24.02 23.99 23.97 24.00 24.03 23.99 24.08 24.17 24.15 24.18 24.16 24.04 24.08 24.20 23.91 23.86 23.75 23.99 23.81 23.81 23.75 23.60 23.41 23.43 23.25 23.16 23.53
99999.90 99999.90 99999.90 99999.90 99999.90 99999.90 99999.90 99999.90 99999.90 99999.90 99999.90 99999.90 99999.90 99999.90 99999.90 99999.90 99999.90 99999.90 99999.90 99999.90 99999.90 99999.90 99999.90 99999.90 99999.90 99999.90 99999.90 99999.90 99999.90 99999.90 99999.90 99999.90 99999.90 99999.90 22.57 22.57 23.59 24.00 24.00 24.00 24.00 24.00 24.00 24.04 24.02 24.02 24.02 24.02 24.02 23.94 23.94 23.94 23.86 23.95 24.06 24.14 24.00 24.11 24.11 24.22 24.08 24.12 24.19 24.10 24.08 24.01 24.22 24.15 23.82 23.89 23.79 23.66 23.58 23.46 23.53 23.57 23.41
99999.90 99999.90 99999.90 99999.90 99999.90 99999.90 99999.90 99999.90 99999.90 99999.90 99999.90 99999.90 99999.90 99999.90 99999.90 99999.90 99999.90 99999.90 99999.90 99999.90 99999.90 99999.90 99999.90 99999.90 99999.90 99999.90 99999.90 99999.90 99999.90 99999.90 99999.90 99999.90 99999.90 99999.90 99999.90 23.59 23.59 24.00 24.00 24.00 24.00 24.00 24.04 24.02 24.02 24.02 24.02 23.94 23.94 23.94 23.94 23.94 24.08 24.05 23.95 23.96 23.91 23.78 23.88 23.92 24.11 24.06 24.02 24.25 24.02 23.70 23.76 23.68 23.94 23.76 23.76 23.65 23.61 23.66 23.83 23.51 23.71
