main/data/irradiance/13.03.2023.grid
ncols 839
nrows 679
xllcenter 112.0500
yllcenter -43.9500
cellsize 0.0500
nodata_value 99999.90
[rows 238 to 271 of 679, columns 539 to 615 of 839]
25.89 25.89 25.89 25.88 25.86 25.87 25.88 25.86 25.89 25.88 25.87 25.85 25.90 25.92 25.91 25.84 25.87 25.93 25.92 25.91 25.88 25.87 25.85 25.80 25.77 25.78 25.78 25.79 25.77 25.81 25.82 25.81 25.75 25.71 25.68 25.74 25.76 25.82 25.86 25.81 25.85 25.79 25.81 25.79 25.76 25.80 25.82 25.81 25.72 25.79 25.65 25.48 25.46 25.55 25.57 25.22 25.18 25.27 25.20 25.15 25.13 24.43 24.47 24.27 24.53 24.53 25.06 24.85 24.82 23.16 22.65 22.02 21.86 21.38 19.46 19.73 17.56
25.87 25.89 25.87 25.88 25.86 25.86 25.84 25.83 25.85 25.87 25.86 25.84 25.88 25.91 25.93 25.83 25.87 25.91 25.89 25.89 25.88 25.87 25.85 25.83 25.82 25.78 25.74 25.78 25.73 25.71 25.74 25.77 25.70 25.67 25.70 25.82 25.82 25.86 25.88 25.83 25.77 25.81 25.82 25.81 25.72 25.73 25.85 25.78 25.77 25.82 25.78 25.65 25.50 25.64 25.49 25.40 25.25 25.35 25.35 25.49 25.13 24.85 24.50 24.63 24.74 24.90 25.42 25.68 25.04 24.65 24.00 23.06 23.29 21.77 21.17 19.87 17.34
25.87 25.88 25.90 25.87 25.85 25.85 25.86 25.85 25.86 25.86 25.86 25.87 25.87 25.85 25.88 25.85 25.86 25.85 25.84 25.84 25.87 25.87 25.86 25.84 25.83 25.84 25.85 25.79 25.77 25.77 25.77 25.78 25.73 25.72 25.77 25.86 25.82 25.91 25.82 25.83 25.77 25.79 25.81 25.78 25.79 25.71 25.77 25.70 25.76 25.80 25.84 25.78 25.65 25.61 25.62 25.60 25.55 25.32 25.45 25.56 25.45 24.94 24.75 24.57 25.04 25.13 25.17 25.52 25.51 24.90 24.79 24.09 23.90 22.88 22.24 21.17 20.32
25.87 25.87 25.87 25.84 25.84 25.86 25.88 25.89 25.86 25.86 25.85 25.86 25.87 25.87 25.85 25.83 25.82 25.79 25.77 25.79 25.83 25.86 25.82 25.83 25.84 25.85 25.85 25.79 25.78 25.79 25.76 25.76 25.76 25.75 25.83 25.86 25.82 25.89 25.78 25.80 25.76 25.79 25.79 25.77 25.76 25.65 25.78 25.69 25.59 25.60 25.73 25.77 25.77 25.70 25.69 25.66 25.63 25.54 25.41 25.52 25.36 25.15 25.11 25.21 25.07 24.99 24.77 25.23 24.97 24.57 24.73 24.66 23.96 24.27 23.54 23.17 21.29
25.86 25.83 25.85 25.86 25.85 25.83 25.86 25.85 25.83 25.85 25.85 25.84 25.86 25.84 25.84 25.84 25.81 25.80 25.78 25.78 25.77 25.77 25.80 25.86 25.85 25.84 25.85 25.82 25.82 25.82 25.77 25.75 25.72 25.74 25.75 25.80 25.84 25.78 25.78 25.70 25.67 25.72 25.71 25.76 25.75 25.69 25.72 25.71 25.68 25.65 25.66 25.74 25.76 25.80 25.76 25.72 25.66 25.64 25.66 25.61 25.40 25.21 25.10 25.36 25.60 25.61 25.38 25.46 24.78 24.97 25.20 24.90 24.51 24.50 24.04 22.67 19.88
25.84 25.84 25.81 25.83 25.82 25.84 25.80 25.80 25.79 25.81 25.82 25.87 25.90 25.85 25.85 25.84 25.83 25.83 25.79 25.79 25.79 25.80 25.80 25.86 25.83 25.85 25.85 25.85 25.83 25.79 25.79 25.77 25.73 25.72 25.71 25.79 25.75 25.73 25.72 25.71 25.64 25.78 25.73 25.76 25.70 25.67 25.69 25.63 25.58 25.61 25.68 25.68 25.79 25.81 25.79 25.80 25.72 25.66 25.57 25.56 25.49 25.41 25.24 25.30 25.43 25.68 25.73 25.69 24.55 24.97 24.83 24.82 24.72 25.34 24.44 22.99 20.82
25.81 25.81 25.79 25.79 25.81 25.80 25.78 25.78 25.75 25.80 25.82 25.85 25.87 25.82 25.81 25.81 25.84 25.82 25.81 25.81 25.82 25.80 25.79 25.82 25.81 25.85 25.84 25.80 25.82 25.77 25.77 25.77 25.69 25.64 25.68 25.79 25.73 25.77 25.72 25.69 25.65 25.64 25.67 25.69 25.62 25.63 25.65 25.66 25.65 25.61 25.61 25.63 25.77 25.78 25.79 25.80 25.77 25.71 25.63 25.56 25.49 25.56 25.54 25.57 25.66 25.66 25.71 25.71 24.62 25.56 25.16 25.12 25.31 25.01 24.43 24.73 23.21
25.77 25.82 25.80 25.80 25.81 25.78 25.78 25.79 25.78 25.79 25.81 25.83 25.84 25.82 25.82 25.81 25.80 25.82 25.82 25.84 25.83 25.81 25.78 25.82 25.83 25.84 25.81 25.79 25.82 25.82 25.80 25.73 25.70 25.63 25.66 25.73 25.69 25.74 25.71 25.66 25.65 25.53 25.48 25.56 25.62 25.64 25.62 25.64 25.65 25.66 25.61 25.63 25.71 25.75 25.79 25.78 25.77 25.71 25.71 25.59 25.46 25.46 25.51 25.62 25.61 25.62 25.54 25.50 24.29 24.96 24.92 25.10 25.32 25.45 25.23 25.42 24.20
25.75 25.76 25.78 25.80 25.79 25.77 25.77 25.76 25.79 25.80 25.82 25.84 25.82 25.82 25.86 25.83 25.81 25.82 25.84 25.81 25.82 25.77 25.77 25.81 25.84 25.83 25.81 25.78 25.82 25.85 25.76 25.74 25.71 25.67 25.66 25.68 25.71 25.73 25.72 25.72 25.68 25.61 25.39 25.36 25.51 25.57 25.67 25.61 25.63 25.62 25.67 25.64 25.73 25.74 25.75 25.74 25.73 25.64 25.71 25.76 25.70 25.63 25.51 25.44 25.62 25.63 25.56 25.51 23.75 25.36 25.32 25.18 25.27 25.15 25.19 25.57 24.79
25.64 25.61 25.69 25.75 25.77 25.78 25.78 25.77 25.79 25.81 25.82 25.85 25.86 25.85 25.86 25.86 25.84 25.85 25.86 25.80 25.76 25.73 25.79 25.83 25.82 25.81 25.83 25.82 25.81 25.87 25.80 25.74 25.70 25.70 25.67 25.72 25.72 25.74 25.78 25.77 25.76 25.60 25.46 25.34 25.44 25.42 25.51 25.61 25.58 25.64 25.64 25.64 25.60 25.67 25.69 25.73 25.70 25.62 25.70 25.77 25.76 25.77 25.71 25.64 25.57 25.63 25.70 24.74 25.45 25.32 25.08 25.18 25.40 25.41 25.13 25.12 25.20
25.45 25.39 25.49 25.71 25.68 25.77 25.77 25.75 25.81 25.82 25.85 25.85 25.85 25.87 25.86 25.92 25.90 25.88 25.87 25.85 25.75 25.81 25.81 25.83 25.84 25.81 25.82 25.79 25.78 25.81 25.86 25.75 25.68 25.68 25.74 25.72 25.77 25.78 25.77 25.77 25.72 25.67 25.51 25.42 25.41 25.39 25.45 25.56 25.56 25.59 25.58 25.64 25.62 25.66 25.66 25.65 25.58 25.52 25.61 25.81 25.81 25.76 25.74 25.74 25.68 25.70 25.72 24.41 25.32 25.56 25.43 25.30 25.32 25.41 25.56 25.31 24.92
25.40 25.44 25.47 25.66 25.70 25.73 25.72 25.71 25.76 25.81 25.82 25.82 25.86 25.86 25.86 25.86 25.88 25.88 25.89 25.85 25.74 25.82 25.83 25.82 25.86 25.84 25.81 25.77 25.83 25.87 25.83 25.74 25.52 25.69 25.74 25.73 25.74 25.72 25.78 25.76 25.72 25.66 25.59 25.48 25.42 25.38 25.37 25.45 25.50 25.45 25.59 25.62 25.56 25.53 25.51 25.57 25.52 25.35 25.57 25.80 25.80 25.76 25.74 25.75 25.73 25.74 25.76 24.47 25.68 25.68 25.71 25.64 25.64 25.67 25.74 25.82 25.54
25.50 25.58 25.62 25.66 25.70 25.63 25.68 25.57 25.75 25.79 25.79 25.84 25.83 25.87 25.87 25.82 25.87 25.86 25.87 25.83 25.75 25.84 25.82 25.85 25.88 25.81 25.78 25.79 25.76 25.86 25.85 25.45 25.73 25.72 25.78 25.77 25.72 25.74 25.77 25.78 25.72 25.71 25.64 25.58 25.54 25.50 25.40 25.52 25.55 25.52 25.58 25.61 25.53 25.53 25.54 25.58 25.71 25.53 25.64 25.66 25.79 25.80 25.74 25.72 25.74 25.72 25.10 25.66 25.73 25.74 25.70 25.67 25.72 25.73 25.74 25.80 25.77
25.60 25.70 25.62 25.64 25.69 25.68 25.68 25.64 25.75 25.70 25.79 25.78 25.79 25.82 25.84 25.83 25.81 25.85 25.86 25.86 25.80 25.82 25.80 25.81 25.85 25.81 25.76 25.75 25.77 25.82 25.80 25.58 25.73 25.73 25.81 25.76 25.71 25.73 25.77 25.73 25.75 25.75 25.64 25.65 25.64 25.61 25.55 25.49 25.49 25.56 25.61 25.65 25.61 25.64 25.67 25.60 25.68 25.68 25.81 25.74 25.79 25.81 25.76 25.72 25.71 25.73 25.34 25.75 25.73 25.72 25.70 25.72 25.72 25.70 25.72 25.66 25.70
25.42 25.47 25.51 25.61 25.60 25.62 25.68 25.70 25.75 25.67 25.70 25.72 25.79 25.82 25.85 25.84 25.81 25.82 25.81 25.82 25.80 25.81 25.83 25.83 25.81 25.82 25.78 25.79 25.79 25.75 25.77 25.74 25.69 25.75 25.75 25.72 25.70 25.73 25.73 25.73 25.76 25.76 25.70 25.61 25.59 25.56 25.61 25.48 25.47 25.53 25.66 25.70 25.68 25.62 25.71 25.68 25.68 25.74 25.26 25.79 25.75 25.71 25.78 25.73 25.67 25.37 25.74 25.75 25.72 25.69 25.70 25.72 25.70 25.69 25.74 25.70 25.12
25.38 25.40 25.31 25.33 25.53 25.59 25.57 25.76 25.69 25.67 25.73 25.72 25.79 25.78 25.80 25.82 25.80 25.80 25.80 25.79 25.79 25.77 25.77 25.75 25.75 25.76 25.77 25.74 25.74 25.75 25.76 25.75 25.27 25.71 25.72 25.68 25.67 25.77 25.75 25.78 25.77 25.75 25.74 25.59 25.50 25.56 25.58 25.58 25.53 25.50 25.61 25.70 25.77 25.73 25.74 25.77 25.75 25.73 25.60 24.99 25.70 25.62 25.40 25.09 25.64 25.75 25.68 25.71 25.67 25.64 25.68 25.69 25.67 25.71 25.72 25.70 25.69
25.42 25.41 25.21 25.41 25.36 25.58 25.75 25.74 25.68 25.70 25.73 25.71 25.71 25.81 25.81 25.79 25.78 25.83 25.80 25.78 25.77 25.76 25.78 25.73 25.74 25.76 25.81 25.77 25.73 25.76 25.76 25.75 25.53 25.51 25.74 25.68 25.70 25.75 25.76 25.75 25.73 25.76 25.72 25.71 25.61 25.58 25.57 25.56 25.65 25.60 25.58 25.61 25.79 25.79 25.81 25.81 25.81 25.71 25.72 25.03 25.69 25.60 24.26 25.59 25.63 25.66 25.63 25.69 25.68 25.65 25.68 25.66 25.66 25.69 25.72 25.71 25.69
25.45 25.40 25.31 25.57 25.60 25.75 25.74 25.66 25.72 25.72 25.68 25.73 25.65 25.66 25.70 25.74 25.77 25.82 25.74 25.77 25.77 25.77 25.79 25.73 25.73 25.77 25.79 25.81 25.79 25.77 25.76 25.76 25.39 25.11 25.79 25.73 25.71 25.71 25.77 25.74 25.72 25.71 25.70 25.72 25.67 25.58 25.58 25.58 25.57 25.64 25.70 25.61 25.62 25.70 25.75 25.79 25.76 25.70 25.69 25.37 25.54 24.61 25.50 25.60 25.59 25.54 25.51 25.56 25.65 25.66 25.68 25.66 25.67 25.70 25.72 25.70 25.68
25.45 25.55 25.56 25.55 25.66 25.75 25.72 25.72 25.72 25.70 25.63 25.67 25.70 25.72 25.72 25.76 25.76 25.75 25.73 25.73 25.74 25.76 25.79 25.77 25.76 25.79 25.77 25.86 25.82 25.77 25.76 25.70 24.29 25.77 25.75 25.73 25.74 25.76 25.72 25.73 25.74 25.72 25.71 25.72 25.72 25.63 25.57 25.65 25.68 25.70 25.72 25.71 25.67 25.70 25.73 25.78 25.75 25.70 25.57 24.26 25.57 25.58 25.68 25.54 25.49 25.45 25.43 25.51 25.65 25.66 25.65 25.62 25.63 25.68 25.69 25.69 25.68
25.47 25.56 25.65 25.52 25.70 25.59 25.61 25.70 25.78 25.75 25.74 25.73 25.71 25.64 25.71 25.73 25.72 25.75 25.75 25.71 25.75 25.75 25.78 25.80 25.76 25.77 25.78 25.81 25.78 25.69 25.35 24.47 25.74 25.69 25.66 25.67 25.77 25.78 25.71 25.73 25.75 25.71 25.70 25.71 25.71 25.72 25.68 25.69 25.71 25.74 25.74 25.71 25.76 25.71 25.68 25.72 25.74 25.58 25.53 25.59 25.55 25.52 25.61 25.52 25.43 25.39 25.40 25.55 25.68 25.70 25.66 25.63 25.64 25.67 25.65 25.68 25.68
25.45 25.53 25.52 25.45 25.69 25.61 25.62 25.72 25.72 25.62 25.81 25.77 25.73 25.69 25.61 25.61 25.73 25.76 25.71 25.75 25.72 25.75 25.76 25.79 25.75 25.78 25.77 25.81 25.60 24.88 25.71 25.82 25.76 25.70 25.67 25.69 25.73 25.73 25.70 25.70 25.74 25.72 25.73 25.73 25.69 25.68 25.72 25.69 25.73 25.71 25.75 25.75 25.76 25.75 25.70 25.77 25.57 25.50 25.57 25.42 25.46 25.50 25.55 25.60 25.55 25.49 25.43 25.58 25.67 25.68 25.65 25.62 25.62 25.65 25.67 25.66 25.67
25.48 25.44 25.41 25.53 25.50 25.61 25.58 25.65 25.55 25.62 25.60 25.58 25.71 25.71 25.51 25.56 25.73 25.72 25.70 25.72 25.71 25.74 25.72 25.70 25.72 25.70 25.76 25.73 25.66 25.74 25.76 25.76 25.71 25.71 25.70 25.71 25.69 25.65 25.67 25.67 25.73 25.73 25.69 25.67 25.68 25.64 25.72 25.69 25.70 25.69 25.72 25.77 25.72 25.77 25.73 25.55 23.98 25.55 25.53 25.38 25.49 25.46 25.44 25.51 25.56 25.50 25.48 25.63 25.67 25.64 25.63 25.63 25.63 25.62 25.60 25.62 25.64
25.47 25.37 25.43 25.46 25.52 25.45 25.33 25.68 25.67 25.70 25.65 25.63 25.73 25.64 25.70 25.71 25.64 25.72 25.64 25.73 25.73 25.74 25.74 25.70 25.63 25.51 25.69 25.74 25.72 25.59 25.66 25.65 25.70 25.68 25.65 25.62 25.59 25.66 25.65 25.65 25.68 25.70 25.67 25.67 25.67 25.64 25.69 25.67 25.68 25.71 25.67 25.72 25.74 25.34 24.50 24.35 25.54 25.59 25.56 25.37 25.47 25.53 25.56 25.55 25.58 25.53 25.51 25.60 25.65 25.62 25.61 25.62 25.63 25.63 25.62 25.63 25.59
25.27 25.38 25.65 25.62 25.67 25.67 25.66 25.69 25.69 25.69 25.70 25.62 25.66 25.72 25.77 25.76 25.64 25.71 25.72 25.71 25.74 25.75 25.74 25.68 25.62 25.50 25.71 25.66 25.62 25.58 25.65 25.63 25.65 25.62 25.59 25.57 25.61 25.70 25.66 25.66 25.70 25.69 25.67 25.68 25.67 25.71 25.67 25.69 25.70 25.66 25.76 25.72 25.73 24.30 24.81 24.96 25.58 25.55 25.57 25.52 25.51 25.53 25.61 25.67 25.59 25.56 25.53 25.54 25.63 25.64 25.61 25.63 25.61 25.61 25.63 25.62 25.62
24.81 25.01 25.15 25.16 25.27 25.43 25.48 25.55 25.42 25.39 25.65 25.64 25.68 25.72 25.72 25.70 25.65 25.71 25.75 25.67 25.76 25.75 25.74 25.74 25.67 25.73 25.69 25.64 25.67 25.64 25.64 25.65 25.66 25.62 25.59 25.58 25.61 25.65 25.65 25.65 25.65 25.69 25.67 25.67 25.66 25.72 25.64 25.61 25.68 25.72 25.65 25.69 25.54 24.62 24.24 23.91 25.65 25.66 25.62 25.55 25.57 25.55 25.56 25.59 25.62 25.61 25.59 25.61 25.58 25.62 25.63 25.62 25.61 25.60 25.57 25.58 25.61
24.73 24.82 24.84 24.83 25.03 25.19 25.30 25.35 25.36 25.22 25.50 25.71 25.68 25.71 25.67 25.69 25.70 25.68 25.70 25.68 25.73 25.70 25.70 25.69 25.72 25.73 25.66 25.71 25.70 25.64 25.66 25.61 25.62 25.58 25.57 25.59 25.59 25.62 25.62 25.66 25.68 25.64 25.68 25.65 25.67 25.73 25.65 25.63 25.64 25.64 25.66 25.41 25.24 23.64 23.88 25.69 25.63 25.65 25.70 25.65 25.60 25.60 25.58 25.59 25.62 25.62 25.61 25.58 25.59 25.58 25.61 25.60 25.60 25.59 25.56 25.56 25.58
24.93 24.90 24.98 24.64 24.69 24.93 25.10 25.26 25.18 25.18 25.11 25.33 25.65 25.49 25.60 25.70 25.65 25.59 25.57 25.66 25.71 25.69 25.69 25.72 25.76 25.67 25.68 25.66 25.72 25.71 25.66 25.60 25.59 25.60 25.58 25.57 25.59 25.61 25.63 25.61 25.63 25.65 25.67 25.68 25.68 25.72 25.65 25.66 25.63 25.61 25.58 24.51 23.10 23.57 25.67 25.62 25.62 25.62 25.67 25.66 25.61 25.59 25.58 25.60 25.65 25.63 25.58 25.59 25.62 25.61 25.56 25.57 25.61 25.59 25.56 25.62 25.57
24.84 24.98 24.93 24.81 24.60 24.85 25.35 25.24 25.02 25.07 25.17 25.28 25.67 25.63 25.62 25.67 25.60 25.53 25.62 25.70 25.73 25.74 25.73 25.70 25.57 25.71 25.67 25.62 25.61 25.63 25.65 25.59 25.56 25.58 25.56 25.57 25.58 25.59 25.63 25.60 25.60 25.63 25.64 25.63 25.67 25.66 25.61 25.62 25.61 25.59 25.17 23.75 24.52 25.62 25.58 25.59 25.60 25.60 25.60 25.62 25.60 25.60 25.58 25.62 25.63 25.57 25.55 25.58 25.59 25.65 25.58 25.57 25.59 25.59 25.57 25.60 25.61
24.92 24.94 25.03 24.90 24.91 25.02 25.12 25.01 24.93 25.12 25.27 25.35 25.43 25.64 25.60 25.61 25.62 25.66 25.78 25.78 25.77 25.68 25.70 25.69 25.67 25.68 25.60 25.59 25.57 25.54 25.60 25.66 25.55 25.56 25.54 25.57 25.56 25.58 25.64 25.60 25.58 25.60 25.63 25.60 25.64 25.59 25.58 25.59 25.56 25.63 25.24 24.49 25.66 25.58 25.58 25.58 25.62 25.60 25.60 25.60 25.59 25.60 25.60 25.58 25.56 25.54 25.55 25.57 25.58 25.56 25.60 25.59 25.59 25.59 25.56 25.56 25.57
24.80 24.89 25.00 25.06 24.96 24.76 24.72 24.77 24.76 25.04 25.11 25.26 25.31 25.42 25.62 25.60 25.56 25.54 25.73 25.76 25.64 25.64 25.54 25.55 25.57 25.60 25.61 25.54 25.52 25.52 25.58 25.54 25.52 25.53 25.54 25.46 25.57 25.56 25.58 25.60 25.61 25.62 25.62 25.61 25.64 25.62 25.59 25.59 25.58 25.60 25.65 25.63 25.66 25.59 25.63 25.60 25.66 25.60 25.58 25.58 25.58 25.60 25.57 25.56 25.55 25.54 25.54 25.56 25.57 25.55 25.59 25.59 25.58 25.58 25.56 25.56 25.58
24.57 24.58 24.93 25.12 24.90 24.74 24.75 24.82 24.73 24.89 25.06 25.20 25.27 25.50 25.56 25.58 25.62 25.72 25.74 25.01 25.61 25.52 25.46 25.60 25.59 25.57 25.53 25.51 25.47 25.54 25.54 25.55 25.47 25.49 25.48 25.49 25.49 25.56 25.56 25.59 25.59 25.58 25.66 25.60 25.59 25.61 25.63 25.66 25.60 25.65 25.66 25.63 25.66 25.69 25.73 25.59 25.54 25.61 25.58 25.57 25.58 25.57 25.56 25.58 25.57 25.53 25.52 25.57 25.56 25.58 25.61 25.58 25.56 25.56 25.55 25.54 25.55
24.50 24.79 24.93 25.03 24.77 24.66 24.77 25.07 24.95 24.93 24.98 25.05 25.07 25.46 25.55 25.58 25.58 25.62 25.70 25.53 25.31 25.40 25.59 25.61 25.55 25.59 25.53 25.47 25.46 25.53 25.52 25.53 25.56 25.53 25.55 25.52 25.54 25.53 25.53 25.56 25.58 25.60 25.62 25.63 25.58 25.63 25.66 25.61 25.65 25.55 25.54 25.55 25.56 25.59 25.67 25.62 25.56 25.57 25.59 25.58 25.56 25.56 25.56 25.55 25.56 25.56 25.54 25.56 25.56 25.58 25.58 25.57 25.56 25.56 25.53 25.52 25.53
24.66 24.80 24.95 25.06 24.74 24.74 24.81 24.82 24.93 24.86 24.82 25.05 25.11 25.01 25.58 25.56 25.55 25.58 25.43 25.56 25.68 25.70 25.50 25.57 25.53 25.57 25.52 25.28 25.43 25.52 25.54 25.52 25.53 25.51 25.48 25.32 25.36 25.32 25.42 25.45 25.54 25.51 25.60 25.62 25.58 25.58 25.57 25.59 25.52 25.49 25.52 25.59 25.55 25.56 25.57 25.49 25.49 25.56 25.59 25.63 25.61 25.58 25.59 25.57 25.56 25.55 25.54 25.55 25.56 25.57 25.60 25.61 25.54 25.53 25.53 25.53 25.52
24.77 24.87 24.94 25.15 24.83 24.78 24.86 24.77 24.78 24.70 24.77 25.00 25.20 25.37 25.53 25.56 25.59 25.59 25.47 25.24 25.38 25.42 25.31 25.56 25.51 25.43 25.39 25.42 25.42 25.49 25.55 25.54 25.51 25.40 25.29 25.25 25.13 25.39 25.37 25.45 25.52 25.51 25.54 25.57 25.58 25.56 25.52 25.54 25.53 25.51 25.53 25.56 25.50 25.52 25.50 25.46 25.47 25.52 25.50 25.56 25.63 25.63 25.59 25.58 25.56 25.57 25.55 25.55 25.54 25.59 25.60 25.57 25.53 25.51 25.51 25.51 25.51
