main/data/irradiance/13.04.2023.grid
ncols 839
nrows 679
xllcenter 112.0500
yllcenter -43.9500
cellsize 0.0500
nodata_value 99999.90
[rows 272 to 305 of 679, columns 154 to 230 of 839]
16.96 16.76 16.51 17.00 16.60 16.08 16.11 15.39 15.54 16.03 16.07 16.18 15.50 15.14 15.46 15.55 16.16 15.72 16.08 16.04 15.75 15.69 14.42 13.96 14.21 14.98 15.61 14.94 15.60 14.84 13.68 13.79 15.51 15.23 15.10 15.50 15.34 14.73 13.01 12.98 13.74 13.63 14.31 13.93 14.94 15.25 15.12 15.57 15.03 13.54 13.91 14.19 15.09 15.19 14.47 13.50 12.49 11.94 11.71 13.34 14.31 15.19 14.27 13.77 13.69 14.09 13.80 14.54 14.54 14.26 14.35 14.50 14.26 14.60 14.71 14.40 14.02
16.81 16.87 16.77 16.93 16.78 15.93 15.68 15.90 16.56 15.87 15.50 16.21 16.02 16.22 15.58 16.04 15.93 16.08 15.78 15.95 15.96 15.71 14.37 14.42 14.08 15.21 15.98 15.39 15.29 14.80 14.62 14.93 14.61 14.74 14.71 15.77 15.40 14.36 12.96 12.47 13.57 13.57 12.47 12.89 14.36 15.17 14.34 14.50 14.37 13.51 13.81 12.70 12.82 12.90 11.95 12.11 11.35 10.86 11.54 12.54 12.69 12.68 12.09 12.44 12.92 13.72 14.54 14.30 14.19 14.39 14.89 15.02 14.88 14.81 14.71 14.06 14.35
16.62 16.96 16.56 16.67 16.77 16.25 16.35 16.55 16.85 16.12 15.68 16.57 16.53 16.88 16.78 16.66 16.27 16.08 16.25 16.39 16.21 15.67 14.27 14.64 15.06 14.97 15.10 14.76 15.53 15.50 14.83 14.83 14.54 14.44 14.22 15.48 15.35 13.30 13.12 12.88 12.63 12.79 11.98 12.35 13.22 13.07 13.58 13.80 14.30 13.37 13.22 11.28 10.64 11.43 11.39 11.50 10.82 10.70 11.36 12.25 12.37 11.93 11.75 11.87 12.34 13.16 14.04 13.91 13.74 13.53 13.95 14.02 14.32 14.49 14.52 14.33 14.43
17.10 16.75 16.63 16.09 15.82 16.31 16.10 16.43 16.54 16.17 16.25 16.74 16.88 16.59 17.09 17.33 16.60 16.13 16.39 16.42 16.47 15.84 14.98 14.61 14.28 14.59 14.50 15.31 15.43 14.74 13.69 13.73 13.09 13.03 13.58 14.49 14.71 14.58 13.73 14.28 13.71 12.72 11.66 11.44 12.84 12.91 12.30 12.51 11.70 12.02 12.20 10.68 10.31 10.58 10.68 10.54 10.39 9.99 10.61 11.46 11.11 11.04 11.95 11.94 12.34 13.16 13.53 13.65 13.22 12.63 12.96 13.36 14.09 14.41 14.41 14.15 13.65
17.01 16.76 16.69 16.40 16.03 16.30 16.25 16.21 15.90 14.89 15.66 16.28 16.31 15.64 16.03 16.15 16.36 16.32 16.93 16.86 16.86 16.33 15.52 16.01 15.07 14.75 15.02 15.31 14.96 13.86 14.25 14.37 13.09 12.09 13.16 13.53 13.85 14.00 14.47 13.96 13.36 12.67 11.35 11.14 11.72 11.08 10.16 8.27 9.52 10.87 10.69 9.86 10.50 10.32 9.92 10.34 9.85 9.47 9.36 9.58 10.52 10.71 11.76 12.05 11.94 12.17 12.33 12.99 12.99 12.22 11.91 12.54 13.47 13.78 13.90 13.67 13.18
16.09 16.42 17.30 17.06 16.56 16.97 16.41 16.36 16.12 15.75 15.76 16.16 15.62 15.31 15.95 16.12 15.57 16.30 16.83 16.97 17.11 17.23 15.80 15.63 15.56 14.95 14.24 14.85 14.78 14.13 14.91 15.01 14.70 13.89 13.34 12.78 13.65 14.33 13.52 12.18 12.19 11.25 12.35 12.49 11.60 9.79 7.59 7.42 8.05 10.11 9.75 9.02 9.01 8.63 8.90 10.02 9.92 8.03 8.15 8.34 10.27 10.92 11.43 10.77 10.69 10.85 10.90 11.68 12.42 12.78 12.77 12.81 12.66 12.88 13.36 13.73 13.53
16.43 16.63 17.02 16.50 16.66 16.63 16.40 16.21 16.25 16.46 16.37 16.21 15.58 15.45 15.84 16.17 15.75 16.06 16.56 16.39 16.92 16.87 16.19 15.83 16.28 15.86 15.25 15.15 15.95 15.56 14.89 14.09 13.24 12.86 12.52 11.96 13.41 12.86 12.43 10.64 11.15 10.50 12.15 13.15 11.65 10.28 8.29 8.65 9.11 9.60 10.12 8.04 7.20 6.18 7.66 8.60 8.56 8.05 8.10 8.85 10.43 11.33 10.93 9.90 9.92 10.81 10.75 10.65 11.67 12.19 12.57 12.20 11.55 11.94 12.50 13.13 13.67
16.56 16.50 16.76 16.31 16.32 16.92 16.28 16.36 16.59 15.74 16.38 16.44 15.86 15.65 15.64 16.11 15.54 14.83 15.84 16.49 17.20 16.56 16.01 15.83 15.82 15.75 15.68 15.71 15.98 14.94 15.44 12.85 12.84 12.43 12.62 11.82 11.56 12.35 11.98 11.54 11.10 9.64 11.43 12.13 11.73 11.34 9.76 10.29 10.21 9.45 10.60 8.75 6.80 6.33 7.02 7.40 7.23 7.99 8.12 9.61 10.94 11.02 10.37 10.23 9.54 10.31 10.68 10.26 10.70 11.20 11.34 11.14 11.36 11.24 11.52 12.41 12.70
16.57 16.77 16.67 16.28 16.71 16.85 16.52 16.63 16.92 16.34 16.78 16.60 16.24 16.36 16.22 16.22 15.68 15.44 16.19 16.25 16.14 15.04 15.67 16.01 15.73 15.14 16.10 15.44 15.84 15.28 15.45 13.85 14.78 14.21 14.12 13.58 11.93 12.71 12.39 13.19 12.12 11.02 10.76 10.08 10.42 10.94 10.85 9.71 10.12 9.55 10.31 9.72 7.59 7.40 6.88 7.00 7.48 7.74 8.53 9.98 11.00 11.01 10.77 10.73 10.03 10.12 10.59 10.33 10.24 10.23 10.62 10.45 10.26 10.33 10.99 11.58 12.28
16.46 16.50 17.15 16.81 16.07 16.59 16.27 16.75 16.93 16.58 16.82 17.05 16.94 16.50 17.16 16.65 16.03 15.62 16.24 16.54 15.93 15.72 15.65 16.34 16.30 15.67 16.40 15.87 16.33 15.89 14.33 14.72 14.30 14.71 15.02 13.99 12.36 12.66 12.62 13.74 12.61 12.12 10.34 9.96 11.09 11.78 10.98 9.47 8.44 8.78 9.77 9.78 7.45 8.09 7.33 6.89 7.18 8.14 9.15 9.13 10.17 10.23 10.09 9.67 10.03 10.37 10.27 10.16 10.51 10.29 10.13 10.94 10.64 10.90 11.16 12.06 12.46
16.36 15.88 16.37 15.95 16.06 16.36 16.76 17.37 16.75 16.62 16.31 16.77 17.49 17.02 17.46 16.63 16.55 15.66 15.80 16.47 16.59 16.00 15.89 16.62 15.93 15.78 16.55 15.70 16.04 16.20 14.30 14.09 15.07 14.52 14.57 13.90 11.95 12.05 12.48 13.28 13.12 11.28 10.82 10.76 11.51 12.25 11.36 10.25 8.16 8.81 9.75 9.82 9.82 9.39 7.69 7.57 7.64 8.30 8.90 8.78 8.41 8.69 9.59 10.09 10.04 10.52 9.98 9.95 9.88 10.45 10.59 10.01 9.96 10.72 11.10 11.89 12.06
16.02 16.16 16.44 16.19 15.81 16.43 16.88 16.87 16.86 16.13 16.47 16.66 16.70 16.95 16.89 16.04 16.70 15.72 16.08 16.42 16.54 16.21 16.13 16.42 15.54 15.64 15.68 14.48 14.32 15.03 13.06 13.97 15.08 14.81 14.09 13.52 12.90 11.25 11.58 13.07 12.80 10.58 10.86 11.01 11.36 11.58 10.72 10.05 8.51 9.77 10.43 10.78 10.28 9.52 8.24 7.71 8.17 8.33 8.48 8.47 8.32 7.84 9.36 10.65 10.60 10.47 10.40 10.03 10.37 10.72 10.49 10.82 10.42 10.30 11.75 12.06 12.56
15.86 16.12 16.04 16.34 15.80 16.52 16.97 16.96 16.96 16.38 16.41 16.60 16.48 16.35 16.82 16.54 16.61 16.02 16.31 16.25 16.08 15.82 15.91 16.34 15.53 14.91 15.02 14.78 14.03 14.11 13.40 14.06 15.28 14.35 15.23 14.72 12.52 11.13 11.71 12.25 11.64 11.97 11.14 10.67 10.86 10.90 10.60 9.62 7.71 9.18 11.10 10.91 9.96 8.94 8.68 8.13 7.81 8.14 7.75 8.08 9.06 8.64 8.46 9.69 9.91 10.07 9.58 9.86 10.10 9.92 9.68 9.89 9.84 10.24 11.66 11.84 12.48
16.07 16.03 16.06 15.78 15.73 16.76 16.94 17.14 16.77 16.49 16.33 17.11 16.48 16.14 16.56 16.64 16.71 16.22 16.11 16.26 16.17 15.29 14.96 15.78 15.29 14.40 15.09 16.21 15.01 14.25 14.04 14.77 14.37 13.19 14.31 13.75 12.04 11.84 11.77 11.90 12.10 11.94 11.90 10.64 10.13 9.19 8.85 9.56 9.26 8.91 10.41 9.28 8.23 7.41 7.01 6.94 7.43 7.59 7.30 7.48 9.12 9.91 8.61 8.50 8.73 9.14 9.25 9.17 8.38 8.22 8.63 8.77 8.29 9.34 10.09 10.13 11.41
16.16 16.07 16.07 16.10 16.12 16.40 16.63 16.73 16.51 16.83 16.50 16.77 16.26 16.56 16.93 16.87 17.00 16.74 16.37 15.95 16.52 15.78 15.21 15.49 14.57 14.90 14.60 15.90 15.81 14.70 14.79 14.45 13.84 13.83 13.41 12.83 12.04 12.70 12.07 12.21 12.49 13.16 12.80 10.24 10.35 8.61 8.58 7.82 8.18 9.36 9.74 9.47 8.28 6.72 5.81 6.22 7.11 8.04 7.85 8.16 9.05 9.58 8.39 7.83 7.73 8.45 8.56 8.77 7.90 8.00 7.03 6.81 6.76 8.18 8.95 8.75 8.92
16.50 16.43 16.91 16.89 16.43 16.33 16.60 16.56 16.26 15.75 15.90 16.78 16.59 17.05 17.26 17.48 17.09 16.67 15.93 16.43 16.38 15.65 15.32 15.60 15.05 15.15 14.76 15.21 15.77 14.77 15.34 14.00 12.71 13.71 13.04 11.73 12.22 12.36 11.59 11.84 12.84 13.17 13.05 11.00 10.57 8.65 8.67 7.96 8.72 9.82 9.93 10.18 7.89 6.92 6.67 6.33 6.94 8.01 8.24 9.44 9.22 9.25 8.81 8.12 8.03 8.52 8.99 9.38 8.57 7.06 5.91 5.97 6.61 7.02 7.39 7.01 7.58
15.91 16.49 16.74 16.89 16.52 16.55 16.44 16.33 16.10 15.77 16.16 16.74 16.38 16.42 17.66 17.73 17.15 16.71 16.31 16.15 15.13 14.53 15.07 15.21 15.40 16.12 16.06 15.29 15.37 15.19 15.05 13.88 12.39 12.81 13.46 12.81 12.59 12.93 12.48 12.20 12.75 12.16 12.54 11.51 10.00 8.92 8.77 9.16 9.31 9.89 10.11 10.43 9.34 7.82 7.88 7.90 7.42 7.55 8.45 8.75 8.31 8.30 8.17 7.60 7.61 7.69 8.05 8.47 7.80 7.74 7.89 6.56 6.19 5.83 6.41 6.85 7.60
15.62 16.13 16.29 16.50 16.67 16.40 16.69 16.74 16.03 16.11 16.12 16.54 16.01 16.17 16.54 17.40 16.53 16.34 15.85 15.65 15.92 15.10 14.56 13.23 14.65 14.69 15.57 15.45 14.02 14.53 13.65 12.98 11.37 12.32 13.13 12.98 12.63 12.99 13.20 11.67 12.23 12.16 12.05 11.31 9.20 8.02 8.15 9.02 9.53 9.96 9.51 9.51 8.83 7.98 7.87 8.06 7.73 8.51 8.21 8.29 7.83 7.85 7.73 6.78 7.29 8.17 7.75 7.27 6.83 7.33 7.33 6.26 6.42 5.89 5.81 6.47 6.94
15.90 15.98 16.10 16.32 16.49 16.86 16.98 16.50 16.23 15.77 16.11 16.51 15.50 15.81 15.21 16.78 16.56 16.48 16.17 15.96 16.46 14.70 15.30 14.88 14.33 15.00 14.39 14.06 13.71 13.62 13.56 13.27 13.08 12.49 12.68 12.25 12.36 12.63 11.82 11.38 12.17 11.92 11.73 10.48 9.02 7.93 8.52 8.52 9.60 10.01 9.07 8.92 8.84 8.02 7.96 8.40 8.77 9.09 8.15 8.11 8.43 8.49 8.23 7.64 8.31 8.46 9.18 7.84 7.61 7.10 7.71 7.25 6.60 6.00 5.77 6.30 6.51
16.30 16.56 16.64 16.75 15.96 16.01 16.72 16.66 16.95 16.72 16.91 16.26 15.82 15.66 15.59 16.42 15.92 16.13 16.60 15.37 16.38 14.63 15.59 15.39 13.79 14.62 14.28 13.09 12.60 13.39 14.23 11.96 12.05 12.35 12.49 12.33 11.38 11.27 10.15 11.99 12.75 11.78 11.43 9.58 8.68 8.72 9.26 9.61 10.18 9.94 8.95 8.51 8.53 8.81 8.85 9.16 9.07 8.87 8.71 8.71 8.48 8.47 8.67 8.10 8.60 8.67 9.27 8.43 7.82 7.89 7.57 7.21 6.67 6.28 5.55 5.49 5.86
16.42 16.29 16.64 17.35 16.80 16.55 16.67 16.60 16.68 16.89 16.57 16.15 16.35 15.64 15.72 16.31 16.19 16.36 15.64 15.03 15.21 14.80 14.40 14.94 14.04 13.98 13.28 12.44 12.68 14.16 13.43 12.30 12.30 11.91 13.05 12.84 10.70 11.16 10.75 10.90 11.49 11.91 11.19 9.70 9.31 9.34 9.73 9.37 9.01 9.56 8.41 7.71 8.00 8.33 9.06 8.68 8.45 8.21 8.32 8.67 8.42 8.88 8.40 8.10 8.55 9.22 8.90 8.05 8.27 7.98 8.07 7.42 6.39 6.40 6.38 6.11 5.44
15.85 15.44 16.39 16.79 16.99 16.94 16.71 16.32 16.55 16.23 16.40 16.28 16.28 16.42 15.88 15.89 15.64 15.86 15.92 15.99 15.03 14.24 14.33 13.30 13.07 13.56 12.98 13.04 13.18 13.28 13.61 12.73 12.91 11.86 11.45 10.69 10.56 9.88 11.56 10.91 10.80 11.82 11.77 9.84 9.43 9.46 8.49 8.60 9.25 8.46 7.70 7.74 7.84 8.42 8.68 8.20 7.61 7.89 7.57 7.95 8.19 8.65 8.54 8.91 8.77 9.29 9.26 8.78 8.51 8.31 7.56 6.73 6.56 6.72 7.03 6.21 6.43
15.30 15.84 16.10 16.65 17.29 16.65 17.05 16.93 16.36 16.71 16.35 16.89 17.48 16.86 16.12 17.10 16.52 15.63 15.95 15.46 15.45 14.16 14.09 12.36 12.96 12.93 13.29 14.14 14.01 13.31 13.85 13.44 11.87 10.99 10.52 10.24 9.45 8.52 10.79 10.95 10.97 10.94 10.82 9.52 7.90 8.42 7.89 8.36 8.25 8.42 7.75 8.18 7.84 8.67 8.42 8.07 7.73 7.30 7.56 7.93 7.95 8.07 7.84 8.44 8.91 9.49 9.37 9.07 8.90 8.12 7.63 7.57 7.39 6.87 7.20 6.92 6.10
15.42 15.24 16.31 16.33 17.18 16.74 17.59 16.27 16.63 15.95 16.67 17.46 17.86 17.29 16.41 16.91 15.60 14.25 15.58 15.17 13.99 13.67 14.95 14.31 12.98 13.37 13.65 15.11 14.73 13.02 13.06 12.19 11.07 10.71 10.23 9.31 7.22 7.17 9.79 9.39 9.83 11.30 10.52 10.24 8.81 7.57 7.82 7.97 7.79 7.75 8.40 8.72 8.28 8.08 7.98 7.64 8.32 8.21 8.17 7.91 8.24 7.89 8.28 8.94 9.09 9.27 9.28 9.39 9.62 9.25 8.62 8.17 8.09 7.48 7.27 7.11 7.01
14.35 14.61 15.44 15.98 16.30 16.80 16.86 16.73 15.98 14.80 15.76 16.34 16.98 16.41 15.97 15.48 15.53 15.48 15.77 14.80 13.31 15.16 15.00 15.86 14.97 14.59 14.38 14.48 13.23 11.52 11.14 10.89 10.18 9.76 9.17 8.87 8.41 8.25 9.23 9.51 10.60 11.01 11.38 10.44 8.86 8.01 9.39 9.25 8.67 8.63 8.57 9.30 8.59 8.01 8.66 9.05 8.65 8.33 8.23 8.20 8.01 8.31 8.38 8.79 8.64 8.53 9.05 9.29 9.77 9.87 9.90 9.07 8.40 7.80 8.11 8.16 8.27
13.02 15.73 15.35 15.39 16.08 16.60 16.69 16.04 15.91 14.54 15.49 17.02 16.28 15.59 15.94 15.82 15.93 15.68 14.44 14.08 13.18 14.25 15.25 15.43 14.41 14.58 14.58 13.66 12.76 11.33 9.36 9.16 9.04 8.38 8.55 8.78 9.68 9.42 9.82 9.12 10.12 10.90 10.68 10.24 9.94 9.27 10.68 10.27 9.05 8.61 8.05 8.21 8.93 8.90 9.22 9.15 8.74 8.67 8.50 8.53 8.10 8.20 8.59 7.98 7.95 7.90 8.36 8.95 9.71 10.44 10.75 10.16 8.66 8.36 8.11 8.31 7.98
13.35 15.00 15.60 15.07 15.05 16.47 17.01 16.20 15.55 15.25 16.14 16.83 17.16 15.85 15.02 15.27 14.43 15.35 14.28 13.82 13.73 14.20 14.82 15.85 15.40 14.18 14.14 13.88 13.30 10.25 8.92 9.50 9.34 8.20 7.89 8.48 9.22 9.53 10.32 9.71 9.50 11.78 11.74 10.59 9.89 9.94 10.16 10.56 10.04 9.08 8.45 7.63 8.98 9.21 9.85 9.51 9.15 8.93 8.63 8.70 8.46 8.44 8.33 8.30 8.27 8.46 8.47 9.23 9.80 10.71 10.72 10.95 9.61 8.83 8.26 8.74 9.03
13.77 13.90 14.73 15.51 15.66 14.86 15.78 16.86 15.79 14.94 16.28 16.86 17.37 15.94 15.47 14.30 14.48 15.49 15.56 14.75 15.18 14.97 14.50 14.81 14.81 14.69 13.95 13.14 13.02 11.63 11.16 10.74 10.01 8.64 8.47 9.86 10.13 9.93 10.03 10.23 11.19 12.33 11.72 10.76 9.68 10.11 9.81 10.10 10.10 9.49 9.63 9.36 8.76 9.35 10.23 10.04 9.44 9.24 8.93 9.54 9.01 9.15 8.97 8.94 9.12 9.39 9.68 10.04 10.30 10.55 10.89 11.19 10.55 10.48 9.93 9.27 9.10
13.97 13.16 14.63 16.00 16.22 16.15 16.72 17.10 16.49 15.77 16.47 15.69 16.06 16.60 14.97 14.58 15.04 15.04 14.99 14.92 15.15 15.25 15.64 14.47 14.35 14.73 13.65 12.24 12.30 13.30 11.83 10.92 10.75 9.90 9.99 10.93 10.93 9.22 9.44 9.80 10.47 10.88 10.43 9.87 9.99 10.50 9.84 9.44 9.07 8.60 8.95 9.42 8.90 9.28 9.63 9.99 9.89 9.76 10.01 10.01 10.09 10.32 9.91 9.49 9.54 9.87 10.36 10.78 10.97 11.15 10.90 10.22 10.49 11.17 10.44 9.78 9.54
14.27 13.43 14.04 15.06 15.73 16.17 16.43 16.66 17.05 16.38 15.85 13.67 15.69 16.73 16.60 15.93 16.40 16.12 15.50 14.90 14.26 15.04 15.53 15.42 14.11 13.37 13.79 13.95 12.84 13.29 12.52 11.87 11.36 10.42 11.03 11.56 11.04 9.26 8.97 9.11 9.46 9.33 9.05 9.19 8.92 9.64 9.42 9.25 8.28 8.07 8.19 8.17 8.85 9.21 9.70 10.13 10.39 10.46 10.52 10.68 10.91 10.94 11.27 10.74 10.91 11.10 10.70 11.32 11.78 11.71 11.79 11.10 10.66 10.70 9.69 9.20 9.57
15.43 14.47 14.12 13.73 14.62 14.65 15.38 15.99 16.24 16.87 16.25 14.30 14.62 16.46 15.32 14.59 15.94 16.30 17.14 15.44 12.79 13.77 15.66 16.37 15.22 14.01 14.72 14.48 13.51 14.04 14.12 13.14 12.35 10.66 10.76 10.90 9.96 9.11 8.75 8.74 8.78 9.06 9.33 9.32 8.99 9.76 9.46 9.24 9.62 9.11 8.73 8.25 7.98 8.02 9.03 9.59 9.85 9.82 10.79 10.35 10.19 11.02 11.71 11.58 11.31 11.42 11.40 11.92 12.10 12.25 12.14 11.52 10.46 10.38 10.55 10.06 9.85
14.80 15.56 15.51 14.70 12.92 14.08 14.35 15.09 15.96 15.13 15.51 14.06 13.15 15.52 14.28 14.94 14.76 14.09 13.73 14.24 13.25 13.50 15.07 14.51 13.77 14.23 15.32 13.96 13.75 14.40 14.52 13.35 12.44 10.85 10.11 10.17 9.90 9.79 9.34 9.26 8.72 10.39 10.08 9.85 9.44 9.32 8.96 8.55 8.43 9.47 9.43 9.23 9.47 8.52 7.92 8.59 8.42 9.14 10.32 10.24 10.51 10.51 10.83 11.45 11.37 11.37 11.60 10.99 11.88 12.47 12.41 11.49 10.95 11.03 11.02 11.22 11.30
13.28 14.75 15.42 15.36 15.23 14.63 14.37 14.74 15.76 15.23 15.00 14.36 13.78 15.10 14.52 14.23 14.49 13.53 13.29 13.64 14.28 14.28 14.31 14.03 13.77 14.99 15.24 14.46 13.89 14.00 13.61 13.57 13.25 11.86 10.16 9.41 9.66 10.12 10.38 9.83 10.10 10.70 10.59 9.66 9.37 9.33 8.87 8.49 7.69 7.65 8.75 9.72 8.83 7.97 7.90 8.40 8.66 9.28 10.22 9.66 10.38 10.88 11.04 11.61 11.74 11.83 11.49 11.33 11.99 12.16 11.93 11.71 11.52 11.70 12.14 12.50 12.45
13.58 13.60 14.94 15.35 15.60 15.66 14.72 16.47 16.88 15.29 15.12 15.84 14.88 15.36 15.73 14.05 15.77 14.72 14.08 15.06 15.80 13.25 13.61 13.57 13.88 14.62 15.33 15.39 15.05 13.25 13.10 14.36 13.66 12.78 11.25 10.31 9.98 10.31 10.51 10.65 11.01 11.33 10.67 10.06 9.30 9.21 9.32 8.72 7.73 8.21 9.33 8.84 8.23 8.19 8.15 8.42 9.02 9.49 10.32 9.85 10.43 10.99 11.21 11.31 11.63 11.85 11.99 11.76 11.87 12.15 12.34 12.61 12.27 11.65 12.08 12.46 12.40
