main/data/irradiance/13.10.2023.grid
ncols 839
nrows 679
xllcenter 112.0500
yllcenter -43.9500
cellsize 0.0500
nodata_value 99999.90
[rows 238 to 271 of 679, columns 308 to 384 of 839]
26.93 26.86 26.89 26.83 26.87 26.89 26.90 26.89 26.84 26.83 26.84 26.91 26.86 26.88 26.90 26.90 26.82 26.75 26.77 26.73 26.80 26.71 26.77 26.76 26.80 26.74 26.68 26.57 26.38 26.55 26.70 26.54 26.67 26.55 26.65 26.65 26.71 26.75 26.77 26.64 26.58 26.62 26.63 26.90 26.71 26.73 26.73 26.69 26.69 26.78 26.73 26.58 26.74 26.75 26.73 26.69 26.73 26.62 26.56 26.62 26.51 26.48 26.56 26.38 26.44 26.45 26.48 26.51 26.61 26.94 27.09 26.86 26.94 27.02 26.95 27.02 27.03
26.83 26.75 26.81 26.84 26.79 26.80 26.80 26.84 26.82 26.86 26.83 26.80 26.85 26.87 26.82 26.87 26.83 26.75 26.81 26.87 26.77 26.82 26.83 26.81 26.67 26.64 26.70 26.65 26.72 26.74 26.68 26.43 26.03 26.32 26.48 26.70 26.79 26.83 26.77 26.65 26.56 26.58 26.76 26.66 26.79 26.74 26.70 26.80 26.72 26.70 26.67 26.66 26.73 26.71 26.74 26.60 26.58 26.67 26.64 26.60 26.66 26.58 26.53 26.42 26.43 26.50 26.48 26.50 26.50 26.62 26.91 26.94 26.84 26.74 26.96 27.02 27.03
26.74 26.77 26.89 26.85 26.78 26.77 26.80 26.77 26.80 26.83 26.83 26.86 26.94 26.86 26.89 26.85 26.83 26.79 26.82 26.82 26.88 26.86 26.83 26.77 26.62 26.62 26.74 26.79 26.67 26.47 25.79 21.79 24.96 25.34 26.15 26.27 26.66 26.65 26.65 26.77 26.82 26.82 26.84 26.79 26.81 26.78 26.64 26.80 26.81 26.77 26.58 26.74 26.68 26.68 26.49 26.59 26.52 26.60 26.63 26.54 26.44 26.58 26.51 26.39 26.44 26.42 26.53 26.48 26.50 26.40 26.88 27.01 26.97 27.01 26.98 26.97 27.03
26.83 26.79 26.79 26.86 26.84 26.78 26.83 26.84 26.83 26.87 26.82 26.81 26.86 26.82 26.80 26.82 26.87 26.85 26.87 26.84 26.82 26.86 26.84 26.87 26.76 26.69 26.68 26.74 26.55 26.17 21.48 19.73 24.28 25.73 26.26 26.39 26.77 26.76 26.84 26.74 26.78 26.79 26.74 26.81 26.83 26.76 26.74 26.74 26.72 26.69 26.69 26.65 26.62 26.72 26.73 26.66 26.69 26.73 26.71 26.52 26.32 26.39 26.37 26.41 26.41 26.46 26.44 26.44 26.36 26.25 26.51 26.79 26.92 26.96 26.96 27.03 27.04
26.77 26.74 26.81 26.80 26.84 26.80 26.80 26.82 26.88 26.81 26.77 26.80 26.85 26.78 26.80 26.74 26.70 26.83 26.88 26.82 26.87 26.88 26.87 26.86 26.86 26.77 26.81 26.65 26.42 24.03 19.14 22.18 24.01 25.91 26.73 26.81 26.83 26.81 26.81 26.77 26.77 26.78 26.81 26.76 26.86 26.78 26.73 26.71 26.65 26.68 26.72 26.71 26.65 26.70 26.69 26.75 26.74 26.68 26.63 26.43 26.45 26.38 26.36 26.34 26.34 26.33 26.32 26.32 26.34 26.33 26.66 26.89 26.91 26.96 27.00 27.00 27.03
26.83 26.75 26.78 26.83 26.76 26.81 26.83 26.83 26.81 26.78 26.67 26.72 26.72 26.78 26.78 26.66 26.68 26.76 26.85 26.88 26.86 26.81 26.78 26.76 26.82 26.72 26.72 26.54 22.11 21.30 22.59 24.87 25.34 26.36 26.77 26.79 26.82 26.82 26.75 26.76 26.75 26.77 26.74 26.82 26.80 26.77 26.75 26.75 26.74 26.65 26.68 26.64 26.55 26.53 26.49 26.64 26.67 26.60 26.59 26.53 26.51 26.36 26.30 26.31 26.30 26.37 26.39 26.33 26.41 26.24 26.41 26.57 26.93 26.76 26.66 26.81 26.91
26.91 26.86 26.80 26.87 26.82 26.86 26.83 26.88 26.80 26.74 26.77 26.60 26.66 26.70 26.69 26.67 26.74 26.76 26.73 26.72 26.73 26.74 26.74 26.77 26.73 26.66 26.31 21.95 20.07 21.94 21.83 25.16 26.08 26.71 26.74 26.81 26.70 26.76 26.79 26.76 26.77 26.70 26.81 26.82 26.80 26.77 26.75 26.76 26.76 26.71 26.70 26.68 26.62 26.44 26.41 26.46 26.48 26.55 26.58 26.53 26.42 26.38 26.30 26.31 26.34 26.33 26.34 26.33 26.39 26.48 26.50 26.54 26.56 26.64 26.55 26.69 26.88
26.84 26.81 26.91 26.90 26.86 26.78 26.81 26.87 26.90 26.87 26.89 26.70 26.74 26.77 26.72 26.75 26.80 26.74 26.78 26.73 26.79 26.78 26.63 26.57 26.25 25.00 21.63 20.27 22.65 21.81 23.76 24.76 25.44 26.64 26.80 26.78 26.71 26.68 26.63 26.64 26.74 26.76 26.78 26.77 26.79 26.76 26.76 26.76 26.68 26.72 26.73 26.70 26.65 26.65 26.51 26.48 26.48 26.47 26.38 26.42 26.38 26.23 26.24 26.23 26.24 26.32 26.41 26.55 26.45 26.48 26.43 26.44 26.49 26.53 26.45 26.54 26.83
26.69 26.80 26.91 26.89 26.90 26.82 26.34 26.81 26.88 26.92 26.82 26.77 26.69 26.74 26.75 26.74 26.74 26.70 26.71 26.55 26.55 25.23 23.45 22.85 21.25 21.53 21.81 20.82 21.13 22.80 24.44 24.41 24.63 24.75 25.72 26.17 26.77 26.78 26.73 26.71 26.70 26.72 26.80 26.73 26.75 26.72 26.71 26.70 26.67 26.62 26.62 26.64 26.58 26.56 26.63 26.55 26.47 26.50 26.40 26.29 26.33 26.36 26.38 26.31 26.40 26.46 26.52 26.58 26.45 26.57 26.57 26.58 26.59 26.58 26.50 26.51 26.96
26.81 26.88 26.91 26.91 26.92 26.88 26.87 26.89 26.90 26.93 26.87 26.87 26.75 26.77 26.82 26.75 26.70 26.66 26.09 26.57 26.25 22.65 21.72 21.87 21.47 22.93 22.33 23.52 22.80 22.88 25.54 23.79 24.51 24.57 24.70 24.91 26.53 26.81 26.77 26.72 26.61 26.54 26.68 26.76 26.76 26.75 26.72 26.61 26.63 26.63 26.62 26.66 26.71 26.61 26.51 26.48 26.40 26.46 26.31 26.34 26.32 26.42 26.44 26.38 26.51 26.55 26.57 26.58 26.49 26.52 26.56 26.61 26.59 26.57 26.52 26.55 26.52
26.89 26.92 26.89 26.87 26.91 26.88 26.85 26.88 26.84 26.87 26.89 26.86 26.77 26.74 26.76 26.72 26.65 26.02 25.05 26.55 26.20 22.02 20.62 21.61 21.95 23.11 23.02 21.81 24.90 23.95 24.86 24.77 23.26 24.18 26.48 26.60 26.83 26.77 26.76 26.75 26.68 26.65 26.70 26.77 26.78 26.76 26.72 26.68 26.63 26.64 26.58 26.66 26.67 26.66 26.54 26.36 26.47 26.42 26.45 26.59 26.43 26.50 26.45 26.45 26.52 26.60 26.65 26.64 26.64 26.57 26.62 26.64 26.62 26.58 26.59 26.54 26.52
26.85 26.87 26.89 26.84 26.82 26.82 26.89 26.88 26.86 26.83 26.85 26.81 26.84 26.80 26.77 26.75 26.60 26.64 25.60 24.60 22.97 21.33 21.62 23.51 23.69 23.71 22.91 22.73 22.13 24.81 25.55 25.42 25.22 25.24 26.57 26.82 26.84 26.84 26.78 26.75 26.78 26.80 26.69 26.77 26.76 26.66 26.70 26.72 26.67 26.63 26.66 26.65 26.72 26.73 26.59 26.56 26.62 26.57 26.62 26.81 26.58 26.63 26.45 26.44 26.66 26.62 26.63 26.68 26.72 26.66 26.65 26.68 26.67 26.62 26.62 26.56 26.51
26.86 26.78 26.84 26.86 26.66 26.60 26.81 26.87 26.76 26.77 26.76 26.79 26.80 26.85 26.01 26.49 26.77 26.60 24.88 21.44 20.07 20.44 21.10 24.34 23.49 23.52 22.42 23.63 23.93 25.67 25.97 25.73 24.43 25.52 26.72 26.77 26.81 26.82 26.77 26.73 26.75 26.75 26.78 26.71 26.68 26.69 26.65 26.66 26.62 26.62 26.61 26.57 26.62 26.62 26.55 26.61 26.65 26.68 26.69 26.67 26.64 26.65 26.58 26.51 26.71 26.72 26.64 26.65 26.68 26.71 26.66 26.62 26.60 26.57 26.56 26.53 26.49
26.80 26.96 26.92 26.71 26.77 26.69 26.71 26.75 26.54 26.74 26.83 26.85 26.82 26.83 26.80 26.78 26.81 26.65 24.62 24.36 24.84 21.27 21.56 23.66 25.14 24.21 22.13 21.82 23.46 24.07 25.60 26.28 26.49 26.76 26.80 26.77 26.75 26.78 26.76 26.72 26.71 26.69 26.67 26.74 26.65 26.70 26.72 26.70 26.69 26.69 26.65 26.58 26.71 26.72 26.66 26.61 26.62 26.69 26.67 26.65 26.64 26.67 26.68 26.44 26.75 26.73 26.69 26.69 26.68 26.67 26.68 26.64 26.62 26.56 26.55 26.57 26.62
26.92 26.95 26.78 26.88 26.83 26.80 26.80 26.78 26.80 26.78 26.70 26.54 26.70 26.79 26.78 26.64 26.74 26.73 26.68 26.68 26.61 26.53 26.12 25.79 25.97 24.15 22.68 21.65 21.63 22.65 26.14 26.60 26.75 26.78 26.81 26.81 26.81 26.76 26.73 26.74 26.76 26.72 26.71 26.69 26.76 26.72 26.73 26.69 26.66 26.58 26.58 26.65 26.68 26.71 26.76 26.72 26.69 26.69 26.63 26.69 26.64 26.63 26.62 26.69 26.77 26.84 26.67 26.60 26.61 26.65 26.68 26.63 26.64 26.61 26.54 26.59 26.60
26.90 26.72 26.78 26.73 26.84 26.83 26.70 26.83 26.80 26.84 26.59 26.86 26.87 26.75 26.73 26.52 26.62 26.65 26.61 26.71 26.74 26.70 26.66 26.57 26.74 26.64 25.71 23.99 22.98 23.44 26.61 26.68 26.66 26.78 26.82 26.78 26.78 26.74 26.75 26.74 26.72 26.72 26.72 26.71 26.78 26.77 26.77 26.70 26.65 26.62 26.54 26.56 26.67 26.60 26.67 26.71 26.63 26.68 26.70 26.74 26.72 26.68 26.79 26.61 26.60 26.59 26.46 26.47 26.58 26.62 26.68 26.70 26.67 26.65 26.63 26.64 26.59
26.83 26.85 26.72 26.78 26.53 26.83 26.81 26.79 26.84 26.89 26.87 26.78 26.80 26.84 26.83 26.78 26.71 26.78 26.80 26.78 26.76 26.70 26.75 26.69 26.72 26.75 26.71 26.73 26.76 26.74 26.79 26.82 26.79 26.76 26.71 26.76 26.76 26.74 26.74 26.73 26.71 26.64 26.70 26.56 26.56 26.67 26.72 26.72 26.75 26.74 26.69 26.62 26.71 26.69 26.71 26.72 26.69 26.71 26.71 26.68 26.75 26.70 26.76 26.63 26.64 26.60 26.60 26.53 26.48 26.55 26.54 26.36 26.60 26.60 26.61 26.63 26.59
26.30 27.00 26.85 26.86 26.78 26.79 26.74 26.46 26.78 26.93 26.91 26.83 26.85 26.82 26.82 26.83 26.82 26.82 26.80 26.81 26.84 26.84 26.85 26.78 26.76 26.73 26.81 26.79 26.83 26.87 26.80 26.85 26.84 26.81 26.82 26.76 26.77 26.74 26.73 26.79 26.79 26.71 26.62 26.48 26.72 26.77 26.78 26.81 26.80 26.78 26.77 26.70 26.69 26.56 26.72 26.68 26.68 26.72 26.65 26.69 26.73 26.60 26.51 26.37 26.42 26.53 26.63 26.62 26.50 26.42 26.59 22.28 24.52 26.57 26.63 26.52 26.53
26.85 26.77 26.68 26.70 26.79 26.72 26.71 26.82 26.86 26.83 26.74 26.84 26.79 26.81 26.84 26.86 26.81 26.77 26.84 26.90 26.89 26.85 26.84 26.75 26.74 26.76 26.82 26.76 26.78 26.76 26.72 26.75 26.78 26.85 26.84 26.81 26.77 26.70 26.72 26.72 26.80 26.78 26.80 26.77 26.79 26.82 26.85 26.82 26.81 26.76 26.79 26.79 26.76 26.61 26.32 26.73 26.66 26.64 26.65 26.65 26.62 26.55 26.51 26.50 26.55 26.63 26.58 26.59 26.48 26.30 26.59 24.71 23.31 26.45 26.57 26.46 26.09
26.89 26.81 26.69 26.83 26.83 26.80 26.73 26.84 26.89 26.86 26.87 26.88 26.87 26.82 26.80 26.84 26.81 26.81 26.82 26.90 26.90 26.88 26.83 26.75 26.79 26.80 26.82 26.74 26.72 26.74 26.73 26.70 26.65 26.68 26.74 26.77 26.78 26.76 26.73 26.79 26.86 26.87 26.82 26.84 26.83 26.83 26.78 26.81 26.81 26.82 26.79 26.78 26.76 26.75 26.78 26.83 26.67 26.70 26.71 26.63 26.60 26.65 26.63 26.63 26.56 26.59 26.49 26.46 26.57 26.45 26.59 24.93 25.90 26.39 26.46 26.52 26.41
26.85 26.85 26.87 26.89 26.88 26.88 26.84 26.81 26.81 26.81 26.82 26.81 26.84 26.80 26.65 26.76 26.74 26.73 26.71 26.84 26.83 26.82 26.83 26.80 26.78 26.83 26.86 26.79 26.80 26.77 26.72 26.69 26.74 26.69 26.76 26.78 26.81 26.82 26.80 26.81 26.81 26.78 26.83 26.85 26.82 26.82 26.78 26.80 26.81 26.81 26.78 26.77 26.78 26.76 26.76 26.79 26.77 26.78 26.72 26.63 26.64 26.62 26.60 26.61 26.58 26.52 26.40 26.44 26.62 26.56 26.62 26.56 26.50 26.52 26.54 26.45 26.42
26.84 26.88 26.90 26.91 26.88 26.81 26.76 26.76 26.68 26.71 26.66 26.78 26.77 26.76 26.79 26.73 26.82 26.85 26.79 26.79 26.80 26.80 26.86 26.87 26.84 26.86 26.88 26.85 26.73 26.76 26.74 26.73 26.73 26.74 26.73 26.77 26.80 26.80 26.79 26.82 26.78 26.78 26.79 26.82 26.80 26.84 26.83 26.81 26.59 26.63 26.74 26.81 26.78 26.76 26.76 26.74 26.75 26.76 26.71 26.71 26.61 26.54 26.52 26.57 26.54 26.56 26.50 26.58 26.72 26.56 26.59 26.58 26.66 26.73 26.71 26.67 26.63
26.88 26.84 26.84 26.84 26.78 26.74 26.80 26.77 26.75 26.67 26.68 26.67 26.75 26.74 26.65 26.74 26.80 26.76 26.76 26.72 26.70 26.78 26.82 26.76 26.73 26.80 26.79 26.74 26.74 26.75 26.72 26.70 26.66 26.69 26.77 26.73 26.74 26.69 26.75 26.78 26.74 26.74 26.78 26.78 26.77 26.77 26.70 26.71 26.50 26.56 26.70 26.76 26.72 26.80 26.75 26.71 26.72 26.75 26.74 26.79 26.73 26.56 26.53 26.55 26.54 26.56 26.59 26.54 26.63 26.56 26.64 26.67 26.69 26.71 26.73 26.80 26.75
26.83 26.84 26.87 26.90 26.89 26.91 26.86 26.79 26.76 26.73 26.74 26.71 26.78 26.79 26.80 26.76 26.75 26.76 26.78 26.76 26.78 26.72 26.74 26.74 26.74 26.76 26.78 26.77 26.78 26.76 26.67 26.57 26.68 26.73 26.78 26.74 26.78 26.76 26.76 26.77 26.76 26.74 26.73 26.69 26.72 26.70 26.68 26.71 26.70 26.69 26.70 26.71 26.61 26.74 26.76 26.74 26.74 26.68 26.72 26.76 26.80 26.72 26.61 26.53 26.51 26.51 26.54 26.56 26.54 26.55 26.60 26.67 26.69 26.73 26.70 26.80 26.77
26.87 26.86 26.85 26.87 26.88 26.89 26.83 26.81 26.77 26.74 26.76 26.79 26.81 26.78 26.78 26.78 26.76 26.77 26.77 26.79 26.79 26.78 26.71 26.68 26.73 26.65 26.53 26.50 26.59 26.58 26.57 26.42 26.38 26.70 26.74 26.74 26.75 26.78 26.80 26.79 26.73 26.74 26.75 26.67 26.65 26.63 26.55 26.75 26.77 26.71 26.71 26.68 26.60 26.71 26.74 26.73 26.70 26.72 26.73 26.71 26.70 26.69 26.64 26.63 26.59 26.49 26.42 26.51 26.54 26.51 26.66 26.61 26.66 26.69 26.66 26.72 26.80
26.87 26.84 26.88 26.94 26.91 26.86 26.89 26.87 26.77 26.74 26.75 26.75 26.76 26.78 26.77 26.78 26.84 26.78 26.79 26.77 26.78 26.74 26.73 26.71 26.77 26.74 26.71 26.70 26.71 26.62 26.45 26.51 26.31 26.36 26.71 26.69 26.71 26.76 26.77 26.81 26.78 26.78 26.81 26.77 26.82 26.80 26.73 26.75 26.71 26.71 26.72 26.75 26.62 26.67 26.61 26.59 26.64 26.63 26.51 26.49 26.63 26.53 26.61 26.61 26.56 26.48 26.42 26.32 26.27 26.39 26.41 26.37 26.55 26.60 26.68 26.59 26.69
26.88 26.89 26.87 26.86 26.95 26.84 26.81 26.83 26.85 26.72 26.77 26.74 26.67 26.73 26.77 26.77 26.73 26.71 26.77 26.77 26.74 26.74 26.68 26.68 26.77 26.84 26.82 26.79 26.77 26.73 26.70 26.72 26.75 26.75 26.70 26.75 26.76 26.72 26.71 26.73 26.73 26.77 26.77 26.83 26.73 26.74 26.73 26.76 26.74 26.69 26.65 26.61 26.65 26.45 26.63 26.58 26.59 26.64 26.26 26.56 26.52 26.47 26.55 26.64 26.58 26.55 26.43 26.27 26.25 26.35 26.48 26.52 26.44 26.49 26.54 26.59 26.58
26.92 26.88 26.90 26.91 26.89 26.90 26.87 26.89 26.86 26.81 26.81 26.75 26.70 26.68 26.72 26.75 26.76 26.73 26.73 26.74 26.74 26.73 26.73 26.66 26.61 26.67 26.71 26.80 26.79 26.80 26.76 26.72 26.72 26.73 26.81 26.78 26.80 26.71 26.65 26.67 26.72 26.72 26.65 26.76 26.70 26.69 26.73 26.64 26.62 26.47 26.61 26.42 26.45 26.49 26.53 26.54 26.60 26.54 26.59 26.54 26.57 26.51 26.57 26.57 26.39 26.61 26.62 26.44 26.32 26.28 26.43 26.40 26.48 26.45 26.39 26.46 26.48
26.89 26.89 26.88 26.91 26.88 26.83 26.84 26.77 26.80 26.76 26.79 26.75 26.69 26.67 26.68 26.71 26.73 26.74 26.75 26.73 26.72 26.71 26.69 26.65 26.65 26.60 26.60 26.72 26.80 26.77 26.71 26.71 26.74 26.76 26.81 26.82 26.79 26.74 26.73 26.67 26.73 26.71 26.56 26.63 26.71 26.69 26.58 26.62 26.57 26.55 26.62 26.52 26.26 26.40 26.44 26.58 26.50 26.37 26.38 26.45 26.51 26.34 26.55 26.59 26.44 26.53 26.63 26.53 26.46 26.38 26.37 26.30 26.29 26.38 26.42 26.44 26.40
26.85 26.84 26.84 26.78 26.71 26.80 26.80 26.68 26.65 26.67 26.70 26.74 26.75 26.77 26.73 26.71 26.73 26.73 26.77 26.78 26.76 26.77 26.69 26.65 26.68 26.77 26.76 26.53 26.36 25.95 25.23 25.84 26.39 26.72 26.75 26.82 26.85 26.79 26.78 26.79 26.76 26.76 26.69 26.64 26.72 26.70 26.71 26.73 26.70 26.63 26.68 26.69 26.43 26.32 26.52 26.68 26.56 26.49 26.27 26.27 26.47 26.45 26.62 26.62 26.46 26.55 26.52 26.51 26.42 26.34 26.34 26.36 26.28 26.43 26.49 26.52 26.43
26.79 26.85 26.83 26.79 26.78 26.83 26.81 26.68 26.74 26.74 26.73 26.80 26.79 26.77 26.74 26.71 26.70 26.71 26.74 26.79 26.79 26.77 26.67 26.66 26.71 26.70 26.57 26.41 26.26 25.59 25.18 25.25 26.16 26.76 26.73 26.80 26.81 26.82 26.76 26.69 26.67 26.65 26.71 26.77 26.75 26.73 26.69 26.72 26.68 26.63 26.62 26.61 26.57 26.48 26.49 26.57 26.64 26.67 26.42 26.45 26.51 26.60 26.57 26.43 26.42 26.51 26.54 26.44 26.39 26.37 26.33 26.36 26.39 26.49 26.47 26.51 26.45
26.83 26.81 26.80 26.80 26.77 26.85 26.84 26.74 26.81 26.79 26.81 26.88 26.81 26.77 26.73 26.72 26.69 26.70 26.73 26.74 26.75 26.73 26.70 26.64 26.77 26.77 26.67 26.35 26.44 26.17 24.32 22.64 26.49 26.80 26.77 26.79 26.78 26.79 26.79 26.68 26.69 26.70 26.71 26.69 26.66 26.70 26.70 26.68 26.67 26.64 26.74 26.77 26.69 26.66 26.67 26.59 26.57 26.60 26.62 26.69 26.67 26.70 26.56 26.46 26.51 26.52 26.62 26.58 26.42 26.39 26.44 26.57 26.42 26.54 26.60 26.68 26.70
26.79 26.81 26.79 26.84 26.78 26.83 26.84 26.79 26.77 26.82 26.85 26.88 26.82 26.81 26.80 26.78 26.74 26.68 26.70 26.72 26.75 26.79 26.76 26.72 26.70 26.67 26.63 26.60 26.70 26.58 23.92 23.90 26.38 26.77 26.77 26.85 26.87 26.87 26.75 26.66 26.69 26.72 26.75 26.68 26.62 26.58 26.73 26.69 26.71 26.69 26.72 26.72 26.64 26.59 26.64 26.66 26.65 26.63 26.69 26.66 26.68 26.67 26.66 26.62 26.57 26.55 26.47 26.52 26.48 26.42 26.51 26.54 26.44 26.55 26.68 26.61 26.57
26.76 26.76 26.77 26.78 26.77 26.76 26.79 26.81 26.75 26.77 26.82 26.82 26.86 26.82 26.80 26.79 26.72 26.62 26.70 26.73 26.70 26.74 26.77 26.78 26.74 26.60 26.59 26.57 26.61 26.66 26.70 26.72 26.62 26.69 26.70 26.75 26.79 26.86 26.70 26.66 26.70 26.64 26.65 26.74 26.74 26.71 26.69 26.66 26.66 26.79 26.78 26.78 26.69 26.68 26.66 26.69 26.71 26.70 26.69 26.69 26.68 26.65 26.62 26.65 26.63 26.64 26.68 26.70 26.71 26.69 26.61 26.58 26.57 26.63 26.58 26.54 26.62
