main/data/irradiance/13.12.2023.grid
ncols 839
nrows 679
xllcenter 112.0500
yllcenter -43.9500
cellsize 0.0500
nodata_value 99999.90
[rows 204 to 237 of 679, columns 616 to 692 of 839]
29.67 29.75 29.47 29.07 29.22 29.88 29.61 29.43 29.64 29.45 29.14 29.39 28.43 27.91 27.74 26.98 27.41 28.70 28.42 27.48 26.21 25.84 25.78 24.59 26.62 24.40 26.14 23.76 25.17 24.55 20.93 21.48 22.64 23.33 24.28 23.02 23.27 24.34 24.86 25.37 22.96 22.40 21.35 21.61 21.16 21.99 20.66 21.17 23.06 21.69 22.15 21.61 23.28 20.36 18.99 22.23 20.07 21.48 22.57 21.59 20.68 21.39 19.46 20.73 21.23 21.83 23.48 23.95 21.87 22.03 22.22 23.78 23.05 21.00 22.78 19.29 21.73
29.62 28.91 29.57 29.00 29.42 29.74 29.04 28.73 28.27 29.24 28.91 28.30 28.13 28.33 28.01 28.20 28.85 28.30 27.78 27.29 27.07 27.35 25.54 25.45 26.38 25.60 26.12 23.45 24.92 23.98 23.77 25.03 24.54 24.40 25.47 24.95 24.10 23.94 24.18 23.99 23.63 23.34 20.35 20.87 21.28 21.58 19.89 19.90 21.11 21.75 19.26 22.71 21.82 21.56 20.86 19.68 20.09 20.73 20.71 23.60 21.42 18.17 19.95 21.66 22.03 21.30 20.42 21.35 23.33 23.25 24.18 27.67 24.80 21.81 20.49 21.04 22.91
28.07 29.33 29.23 29.64 28.68 28.35 27.77 29.15 28.88 29.02 28.52 27.88 28.05 27.61 28.14 27.81 28.25 28.55 28.35 27.40 28.46 27.16 25.42 25.75 27.04 26.99 25.82 25.99 25.40 23.82 24.85 25.71 25.26 25.90 26.37 26.37 24.99 24.96 23.09 21.57 21.64 22.60 21.55 19.15 19.83 20.93 21.18 21.86 21.33 21.69 19.74 22.00 20.53 23.22 20.42 21.29 21.18 21.25 20.53 20.82 19.88 19.05 19.58 19.62 21.63 20.39 15.40 20.06 24.55 25.79 26.13 25.88 23.54 21.97 19.37 22.39 23.06
29.37 29.33 28.86 28.98 27.46 28.17 28.34 28.70 28.83 29.15 29.13 29.70 29.05 29.19 26.61 28.43 28.35 29.05 27.84 27.07 27.07 26.02 25.87 25.97 26.20 26.20 25.47 25.44 26.87 24.90 24.63 24.15 25.75 25.34 24.55 25.45 23.61 23.57 22.66 22.99 21.40 19.90 19.95 19.34 19.85 21.63 21.67 21.79 20.68 22.18 21.66 21.20 21.39 20.45 20.83 21.60 18.22 19.17 18.74 17.58 23.14 20.49 18.63 19.04 18.76 17.29 14.92 17.47 21.43 24.59 26.65 25.70 22.00 19.46 20.43 22.94 22.57
29.31 29.59 29.20 28.29 28.19 28.07 28.27 29.48 29.56 29.13 28.94 28.60 28.91 28.78 28.67 28.55 28.96 29.03 28.65 27.87 27.87 27.82 26.38 26.03 25.73 26.26 26.60 25.41 27.17 24.85 26.04 26.34 25.86 25.98 24.66 23.83 25.15 23.65 24.09 24.27 24.54 22.36 21.30 20.73 22.35 21.45 21.72 20.65 20.90 22.74 20.25 21.22 20.98 20.65 21.39 22.91 19.02 18.60 18.52 18.97 21.57 21.53 23.30 23.86 21.14 17.37 15.98 18.53 19.49 22.24 23.45 25.26 22.00 19.50 21.35 22.50 22.94
28.11 28.56 28.60 27.97 29.47 27.66 29.24 29.78 29.56 29.32 29.21 29.52 28.41 28.51 29.18 29.37 29.14 28.82 29.57 27.89 27.79 27.53 26.67 27.17 26.60 26.82 27.75 26.85 27.21 25.80 25.62 27.14 26.53 26.04 25.37 24.47 24.19 23.19 22.82 22.67 24.89 23.51 23.13 23.33 22.38 22.72 20.31 17.95 19.14 20.96 21.73 21.83 20.30 21.07 22.68 20.58 20.28 18.84 18.52 19.13 18.83 21.68 24.18 25.83 23.27 20.57 16.16 18.36 19.10 21.97 24.46 23.85 21.98 20.96 18.55 18.83 18.72
28.80 29.59 29.34 29.06 29.34 28.54 29.06 29.32 29.27 30.06 29.78 29.21 29.22 29.11 28.81 29.28 28.17 28.82 28.43 28.00 27.69 27.84 27.93 27.23 27.04 27.26 27.83 26.99 28.51 28.01 25.73 26.18 25.58 27.13 24.95 23.27 23.99 22.70 23.97 22.69 22.50 23.23 22.40 23.53 21.92 22.47 19.13 20.35 20.20 18.27 17.43 18.82 19.71 19.54 22.49 19.51 18.41 18.85 18.51 18.16 19.66 20.41 23.46 25.44 24.11 24.07 17.82 17.33 19.00 19.32 20.48 23.84 22.46 19.73 17.40 18.98 19.35
29.20 29.20 28.79 29.25 28.74 28.90 29.72 29.74 29.02 29.79 30.00 29.28 29.42 29.32 28.25 27.66 26.82 28.66 28.48 27.55 28.90 28.24 28.60 28.26 28.23 28.03 27.54 27.71 27.15 26.25 25.04 25.03 25.66 24.89 23.40 24.07 22.86 22.50 22.33 23.67 24.10 23.23 23.44 23.76 20.96 19.91 20.31 21.31 19.79 18.27 17.58 17.02 21.15 20.41 17.54 19.05 20.63 18.99 19.44 20.88 19.44 19.47 22.92 24.50 23.19 21.75 18.57 18.75 20.30 18.60 18.74 23.48 22.59 18.95 17.71 20.43 19.23
28.55 28.66 28.28 28.93 29.52 28.55 29.30 29.21 28.81 29.51 29.10 29.72 29.46 28.41 28.35 27.57 28.53 28.36 28.37 28.09 28.48 28.70 28.91 29.55 29.13 27.83 26.49 27.56 26.93 26.09 25.84 25.28 24.87 24.91 26.78 25.39 24.60 24.65 23.91 23.51 23.11 22.61 23.83 23.42 20.51 19.85 20.24 21.85 19.41 17.80 16.27 18.85 20.64 17.78 19.39 19.32 21.02 21.94 20.89 21.11 17.90 19.55 20.65 19.16 20.80 20.98 21.97 19.87 19.68 18.39 16.60 20.23 24.34 22.85 19.15 19.63 21.27
28.99 28.79 29.74 29.86 29.26 29.36 28.21 29.21 27.41 28.77 29.52 28.87 29.33 28.68 27.87 28.72 29.02 28.09 28.03 27.42 29.00 28.51 29.02 28.98 29.35 29.18 28.59 27.85 28.03 26.72 26.78 26.51 26.26 27.02 27.21 26.83 26.60 27.12 25.25 23.66 22.79 22.12 24.46 23.99 23.93 22.16 22.32 20.13 20.74 18.52 17.32 18.96 16.71 18.01 17.46 20.83 23.15 24.02 22.37 18.17 16.71 16.52 19.18 20.45 20.47 19.27 20.06 20.87 22.06 18.89 17.54 17.87 20.86 23.33 22.11 22.45 21.90
29.77 28.57 30.41 29.90 29.24 29.77 27.96 28.80 27.68 28.09 29.45 28.50 29.02 28.51 28.92 29.60 29.71 29.58 29.89 29.54 29.84 29.43 28.92 28.02 28.93 27.88 28.25 28.08 28.33 28.10 27.30 25.57 26.00 25.90 26.55 25.92 25.15 26.67 24.93 23.51 21.96 20.19 21.80 22.69 23.48 24.40 22.79 20.48 21.55 21.16 20.31 19.75 16.72 15.83 19.05 22.17 23.01 22.39 19.67 17.65 17.70 18.02 17.36 18.52 19.77 18.74 18.60 19.67 21.22 21.37 18.34 17.66 20.95 22.74 22.02 21.17 21.79
29.81 29.39 29.66 28.93 28.21 29.59 29.02 29.19 28.61 29.04 29.85 29.26 28.45 29.15 28.54 29.23 29.67 29.82 28.93 29.82 28.61 29.27 29.28 28.51 28.68 28.89 28.64 27.55 28.46 28.12 26.74 24.91 26.52 26.60 26.08 26.89 25.43 23.58 21.54 23.06 23.66 22.12 20.16 21.25 21.95 22.40 21.54 21.31 22.36 22.54 21.70 19.66 18.04 18.68 18.41 20.63 21.84 20.40 19.42 21.50 18.80 18.80 16.74 17.70 20.43 20.21 18.63 20.01 20.46 20.94 19.56 19.23 20.37 21.53 22.73 22.23 23.83
30.00 30.55 29.79 30.15 29.53 29.95 29.67 29.88 30.07 29.46 30.25 30.26 30.11 29.53 29.43 29.90 29.20 29.70 28.83 29.74 29.02 29.40 29.06 28.95 29.17 28.43 28.90 27.96 28.92 28.53 27.05 26.38 26.00 24.60 23.62 25.36 24.56 24.02 22.17 23.83 23.40 22.15 20.23 18.74 21.68 22.93 21.02 21.12 20.50 21.48 20.03 20.78 19.84 17.46 17.56 16.54 19.09 16.96 18.73 20.33 19.68 18.45 16.83 17.79 18.11 18.24 19.51 18.94 21.48 21.74 19.75 19.80 21.42 20.37 22.05 22.73 21.79
30.59 30.60 30.44 30.31 30.52 30.60 30.59 30.50 30.34 30.60 30.32 29.88 30.20 30.43 29.24 29.19 29.88 29.23 29.26 29.65 28.99 29.14 29.19 29.42 29.14 28.35 29.53 29.13 29.22 28.94 27.23 26.42 26.22 25.25 25.27 25.73 24.97 22.82 22.80 24.40 23.80 23.36 20.60 19.63 21.84 22.28 21.18 21.13 21.06 21.05 21.70 20.81 21.15 16.43 16.16 15.28 18.00 17.73 18.36 18.54 18.06 18.97 19.63 16.43 14.71 17.47 18.94 20.28 21.46 20.55 19.15 18.45 20.81 22.57 20.93 20.08 22.06
30.54 30.63 30.64 30.52 30.61 30.60 30.53 30.59 30.55 30.22 30.58 30.13 29.98 30.19 30.01 29.07 29.58 29.01 29.31 29.83 29.91 29.51 29.28 29.82 29.90 29.05 29.08 29.00 29.21 28.18 27.99 26.16 24.74 23.21 22.04 22.55 24.34 23.54 24.18 23.50 23.84 24.39 21.97 20.75 21.62 21.36 21.95 21.06 21.89 21.60 21.00 20.19 19.38 18.83 17.91 15.75 16.46 19.21 17.79 17.59 16.61 18.74 20.14 17.80 15.81 17.59 19.55 22.05 21.31 20.02 21.93 20.53 21.28 21.68 22.49 21.83 22.40
30.46 30.67 30.45 30.56 30.55 30.57 30.01 30.00 29.78 30.51 30.15 29.35 29.54 29.79 29.72 29.73 29.87 29.97 28.82 29.07 30.16 30.18 29.80 29.98 29.76 29.12 28.59 28.21 28.23 28.13 27.54 26.82 25.19 22.29 22.01 22.25 21.92 23.98 24.18 23.82 24.39 22.64 23.28 21.80 22.31 21.22 21.31 22.52 23.01 23.22 22.19 21.52 21.15 21.64 18.72 19.98 17.27 17.26 16.75 15.75 16.89 16.89 18.49 18.82 18.44 18.74 17.34 20.07 19.92 19.69 20.98 22.32 23.20 21.82 22.36 20.38 17.83
30.39 29.92 30.09 30.13 30.45 30.13 30.21 30.31 29.68 29.94 30.04 29.79 30.19 29.68 29.99 30.28 29.46 30.11 29.68 28.58 29.23 29.91 29.80 30.18 29.67 29.32 29.10 28.38 28.20 27.87 27.22 26.71 24.46 22.62 23.00 22.59 22.69 23.91 22.60 24.04 23.02 22.83 22.93 22.85 23.45 22.78 22.32 24.25 24.07 23.11 22.14 21.23 21.51 19.45 17.61 18.50 16.75 17.02 16.75 15.32 15.85 16.21 19.40 20.23 20.89 18.72 17.99 19.86 19.09 18.49 19.05 19.36 19.07 19.67 19.57 19.90 17.15
29.95 30.00 29.58 29.73 29.27 29.64 29.87 29.21 29.30 29.92 30.26 30.13 30.17 29.91 30.18 30.12 30.08 29.90 29.46 29.57 29.83 29.25 29.83 29.95 30.22 30.03 29.31 29.02 28.23 27.96 26.20 25.00 23.23 22.13 22.24 21.80 23.42 24.48 22.23 22.39 21.91 22.45 23.55 23.52 25.27 23.62 23.41 24.16 23.33 22.06 22.35 21.72 20.49 20.03 19.17 18.36 19.91 19.86 16.09 16.65 17.27 16.31 20.52 21.34 20.28 19.61 20.10 20.46 19.00 18.74 17.89 18.95 19.98 20.33 19.06 18.54 17.52
29.65 30.00 29.60 28.90 30.09 29.48 29.95 29.68 29.46 30.40 30.41 30.01 30.33 30.02 30.18 30.09 30.29 30.22 29.62 28.98 29.19 28.17 28.57 29.37 29.79 29.55 29.58 28.89 29.09 28.65 26.81 24.43 23.71 23.10 22.44 22.25 22.84 23.46 23.46 22.17 22.10 22.25 22.29 23.08 23.75 23.95 23.14 21.78 22.78 22.30 22.03 21.91 20.30 19.66 18.75 17.84 19.73 19.49 16.49 18.66 19.58 18.38 21.62 22.77 21.11 20.55 22.37 22.99 21.05 19.92 18.01 17.09 21.06 20.78 20.69 21.17 18.71
29.07 29.64 29.36 29.62 29.42 29.98 29.58 29.79 29.93 30.17 29.98 30.43 30.34 30.29 29.92 29.99 29.89 29.63 29.84 29.20 29.25 29.22 28.64 29.86 29.89 29.70 29.30 29.55 29.35 29.02 27.23 25.26 23.50 23.06 22.16 22.51 22.44 24.54 24.18 22.19 22.71 22.93 22.45 22.84 24.29 24.74 23.06 21.82 23.43 22.37 22.03 22.67 20.48 20.27 17.05 17.41 18.63 18.18 18.19 18.31 19.67 21.94 23.14 24.40 23.48 20.59 21.99 20.71 20.18 19.83 18.83 18.38 22.61 22.66 21.88 22.48 22.63
29.69 30.10 30.18 29.71 29.45 29.47 29.95 29.30 30.11 30.23 30.04 30.57 30.39 30.45 30.23 29.97 30.13 29.96 30.30 30.02 29.40 29.40 29.34 29.96 29.92 29.78 29.18 28.98 28.56 28.47 27.37 24.59 23.33 23.62 21.90 21.43 23.47 24.24 24.55 23.70 22.88 22.86 23.96 24.09 24.72 24.69 23.79 22.50 21.62 22.60 21.72 21.23 21.39 21.22 18.18 17.61 17.51 19.16 18.53 19.62 21.54 23.13 22.42 22.50 21.60 20.59 21.06 19.36 18.95 17.61 19.46 23.08 23.43 22.79 21.09 22.99 22.67
29.31 29.37 29.45 29.58 30.05 30.43 29.98 30.24 29.83 30.06 30.32 30.64 30.39 30.63 30.64 30.40 30.32 30.42 30.21 29.92 29.81 29.29 29.68 29.53 29.65 29.51 29.36 28.77 29.14 27.52 27.39 25.36 25.20 23.73 22.14 23.61 24.26 23.91 24.39 23.86 23.54 24.69 25.05 24.42 25.67 24.61 23.00 22.57 21.50 21.92 22.34 22.83 23.16 22.35 21.13 20.45 18.97 18.75 18.91 19.32 19.87 20.75 20.05 18.90 19.74 20.75 19.82 20.75 17.69 18.18 19.00 20.97 21.55 21.38 21.46 22.21 23.27
29.23 29.33 29.65 29.40 29.64 30.24 30.20 30.36 30.16 30.54 30.24 30.45 30.57 30.45 30.38 30.51 30.53 30.41 30.13 30.16 30.48 29.99 29.93 29.96 29.04 29.89 29.84 28.59 28.62 28.02 27.50 26.49 25.97 25.22 24.40 24.71 24.63 24.43 24.22 24.58 25.35 26.04 25.58 25.36 24.98 24.30 23.84 22.72 22.73 23.08 22.17 23.83 23.61 23.06 22.84 21.39 18.19 19.73 20.37 20.01 19.18 17.22 17.51 18.54 18.63 19.50 20.68 18.72 17.91 16.92 18.41 19.33 20.58 21.24 24.32 22.92 23.14
28.69 29.10 29.23 29.66 29.47 29.92 29.92 30.18 30.24 30.12 30.07 30.09 30.21 30.33 30.06 30.32 30.49 30.36 30.22 29.88 30.44 30.21 30.10 29.87 30.01 29.31 29.81 29.08 28.88 28.97 28.46 26.72 26.76 25.40 24.17 24.59 25.23 25.64 25.00 25.62 26.81 26.24 25.39 25.56 25.43 26.12 24.51 22.26 23.83 23.35 20.61 22.45 22.33 21.96 21.79 22.16 19.03 21.62 22.63 21.31 21.24 19.13 19.67 19.54 19.40 18.98 19.82 19.27 17.72 19.18 19.72 18.91 18.74 19.08 23.08 22.58 20.53
29.21 29.61 28.79 29.51 29.59 29.34 29.41 29.83 29.58 29.51 29.20 29.62 30.17 29.99 30.39 30.22 30.51 30.50 30.38 30.18 29.83 29.99 30.15 30.30 30.25 29.64 28.76 29.99 29.58 29.35 28.98 27.42 26.52 24.89 24.73 25.29 25.96 26.55 26.08 25.82 26.67 25.43 25.51 25.38 26.37 26.62 24.92 22.04 23.00 23.37 22.45 21.35 21.52 21.97 21.69 19.92 18.28 19.97 21.99 22.97 20.40 20.27 19.99 21.04 17.56 19.32 19.82 18.39 16.65 18.45 19.52 20.12 18.58 18.11 21.70 20.34 20.55
29.68 29.67 29.34 28.92 28.75 28.30 28.89 28.93 29.61 29.14 29.03 29.41 29.35 29.97 30.14 30.32 30.49 30.34 30.22 29.58 30.25 30.26 30.63 30.50 30.24 30.33 29.71 30.11 30.15 29.94 28.81 27.34 27.19 26.50 26.38 25.43 25.94 26.02 25.94 25.07 24.88 23.48 25.59 26.11 26.62 25.51 22.97 22.23 22.67 22.93 22.14 22.90 21.45 20.84 20.78 20.59 21.32 20.18 22.51 22.32 20.71 18.67 20.59 21.93 20.01 18.50 16.77 17.93 16.83 16.82 18.46 21.09 18.25 19.26 18.09 20.65 18.86
29.13 29.04 28.52 29.04 28.47 29.00 28.79 29.16 28.03 28.29 29.01 29.30 30.03 29.68 29.50 29.69 30.70 30.37 30.48 29.70 30.29 30.39 30.57 30.26 30.26 29.94 29.80 29.57 29.80 29.20 28.24 27.84 28.44 26.80 27.08 25.48 25.33 25.77 24.92 24.08 23.05 22.85 24.17 25.38 23.86 24.35 26.03 23.16 22.03 22.27 22.24 22.12 23.62 21.58 20.71 19.60 20.94 21.20 18.45 20.15 20.22 19.60 19.90 19.97 18.30 17.37 16.49 16.91 17.32 16.91 19.75 20.98 19.83 20.95 17.88 20.95 19.67
29.71 29.32 28.64 27.49 28.36 28.35 28.98 27.79 27.73 28.47 29.13 29.71 28.94 29.11 29.45 29.60 30.14 30.24 30.37 30.61 30.63 30.61 30.25 30.60 30.48 30.16 29.30 28.85 29.00 27.87 27.92 28.12 27.86 26.22 26.11 24.08 25.30 25.35 25.96 23.33 23.27 24.80 23.15 22.66 22.72 24.69 26.22 24.71 21.72 21.99 21.32 23.44 24.90 22.33 21.81 21.06 19.93 20.35 20.18 20.15 21.10 21.57 19.64 19.44 20.76 18.24 16.34 16.63 17.58 17.15 18.36 17.29 18.36 19.44 17.86 21.06 19.22
29.57 28.88 28.45 27.14 28.46 28.31 28.45 27.00 28.07 28.00 28.82 28.82 28.60 28.88 29.50 29.38 30.23 30.06 30.19 30.60 30.47 30.36 30.44 30.55 30.65 30.06 28.95 28.89 28.73 27.06 27.73 27.81 27.18 26.27 26.30 25.68 25.28 25.79 25.00 24.18 24.58 23.59 24.71 23.19 23.50 24.90 24.90 24.71 23.49 22.57 22.60 22.79 24.27 23.53 23.58 21.47 20.63 21.42 21.10 20.80 20.22 22.10 20.06 21.12 21.13 18.81 17.17 16.17 16.85 17.10 17.82 16.53 17.75 18.43 19.26 19.51 20.78
28.58 28.84 28.42 27.38 27.62 27.36 27.42 27.32 27.65 27.61 27.27 28.14 28.45 28.65 28.98 29.46 29.30 29.79 30.03 30.56 30.72 30.50 30.49 30.04 30.27 30.45 29.67 29.16 28.81 27.08 27.14 27.21 26.90 27.46 27.37 27.36 25.86 25.89 24.78 25.20 25.67 25.51 24.32 24.08 23.48 23.79 22.15 23.58 23.81 23.53 24.10 23.52 24.50 25.13 22.64 21.49 21.55 20.85 20.96 22.86 21.40 20.33 21.87 21.56 20.60 19.66 18.31 17.60 18.39 18.19 19.78 19.34 18.85 18.72 19.94 19.68 19.66
29.01 29.11 29.08 28.59 27.77 28.08 27.49 27.47 27.07 27.34 27.91 28.19 28.46 29.31 28.87 29.03 30.10 29.92 30.05 30.47 30.66 30.72 30.51 29.90 30.08 30.26 29.95 29.70 29.14 28.72 28.76 27.52 27.00 27.83 28.58 27.99 27.08 26.33 26.45 26.40 26.46 25.99 24.39 23.97 24.99 23.33 23.13 24.00 23.51 24.79 25.35 25.28 24.85 24.29 22.64 22.19 22.07 19.64 22.47 20.91 21.68 20.73 21.70 22.12 20.67 18.71 19.21 18.34 17.55 18.14 19.62 18.64 20.20 19.90 18.91 19.54 19.76
28.79 29.05 28.86 28.95 28.05 28.04 28.38 27.56 26.85 27.67 28.19 27.71 27.14 28.25 28.90 29.19 28.96 28.96 29.55 30.11 30.30 30.44 30.53 29.61 29.77 28.91 29.56 29.82 28.83 29.24 28.71 29.16 28.19 26.72 28.97 28.87 28.57 27.76 26.03 26.63 27.85 27.33 26.64 25.26 24.80 24.55 24.26 24.45 24.27 24.76 25.41 25.85 25.07 23.11 21.55 21.14 22.19 22.05 21.62 21.25 19.99 19.73 20.45 22.96 23.23 18.69 19.87 19.99 19.11 19.47 19.30 17.06 18.14 18.59 19.62 20.21 19.26
27.99 28.97 28.20 28.80 28.72 28.03 28.12 27.96 27.87 28.82 28.56 28.53 28.31 29.19 29.50 28.63 28.56 29.18 29.03 29.54 29.98 30.26 30.27 29.83 29.23 29.19 29.37 28.82 28.26 28.86 27.77 28.24 28.50 27.28 28.54 28.85 28.17 28.36 27.68 27.74 27.83 27.79 26.70 25.19 25.36 24.80 24.12 25.23 25.34 25.05 26.51 26.25 26.33 24.91 23.77 22.47 23.41 22.48 21.23 21.63 19.15 19.13 19.74 21.48 23.79 20.35 19.81 18.88 18.02 19.33 19.73 17.61 18.68 17.41 19.77 21.64 21.00
27.84 28.28 29.40 29.16 28.59 28.21 28.44 28.95 28.77 29.46 29.24 28.70 29.17 28.98 28.08 28.18 29.03 29.57 29.91 29.09 29.14 29.49 30.02 29.16 29.91 28.95 29.04 29.12 28.96 28.74 28.68 28.89 28.20 27.31 27.72 28.22 29.22 29.63 29.43 29.07 28.29 27.66 27.44 26.38 25.30 26.39 23.68 23.29 25.69 25.88 25.11 24.80 26.28 26.92 24.30 22.07 23.43 22.86 22.05 22.59 20.93 20.22 19.99 20.51 21.59 21.42 20.77 18.13 16.90 17.76 18.56 18.89 19.74 18.01 19.99 21.66 21.86
