main/data/irradiance/13.10.2023.grid
ncols 839
nrows 679
xllcenter 112.0500
yllcenter -43.9500
cellsize 0.0500
nodata_value 99999.90
[rows 136 to 169 of 679, columns 231 to 307 of 839]
27.25 26.95 26.95 26.95 26.97 27.58 27.20 27.09 27.11 26.65 26.85 26.22 25.74 26.27 25.87 25.63 25.77 25.87 26.84 26.75 26.60 26.37 27.14 27.15 26.52 26.67 25.75 26.58 26.86 26.76 26.67 26.02 26.39 25.83 26.16 26.62 26.65 26.75 26.42 26.63 26.49 26.70 26.75 26.49 26.63 26.78 26.59 26.59 26.56 26.68 25.54 26.92 26.83 26.65 26.04 26.65 26.21 26.57 26.33 26.03 26.57 26.32 26.09 26.38 25.84 25.44 25.77 25.64 25.74 26.14 26.09 26.29 26.18 25.76 25.96 25.73 26.11
27.28 26.95 26.95 26.97 26.97 27.58 27.56 27.56 27.09 26.79 26.16 25.53 26.14 26.21 25.68 24.87 25.16 26.30 26.64 26.20 26.20 26.59 26.71 26.68 26.83 26.91 27.18 27.45 26.95 26.62 25.71 25.43 26.30 26.70 26.61 26.12 25.65 25.79 25.92 25.78 25.75 26.49 26.43 26.06 26.33 26.36 26.71 26.46 26.70 27.17 27.07 26.43 26.84 26.63 26.47 26.32 26.87 26.83 26.48 26.14 25.98 26.53 26.77 25.75 26.13 25.15 26.16 26.39 25.93 26.30 25.57 25.62 26.30 25.70 25.72 25.92 24.77
27.28 27.07 27.07 26.97 26.97 27.69 27.69 27.52 26.77 26.44 26.83 26.30 26.42 25.88 25.91 24.96 26.36 26.79 26.28 26.80 26.82 27.10 26.86 25.93 26.02 26.46 27.14 27.07 25.19 25.88 26.75 26.90 25.28 25.93 25.65 26.01 26.06 26.34 26.25 26.20 26.87 26.79 26.54 26.83 27.02 26.45 26.70 26.41 26.98 27.11 26.83 26.96 27.01 27.04 27.20 26.65 26.63 26.72 26.76 26.41 26.90 26.18 25.73 26.29 25.66 25.65 25.34 25.74 25.40 26.44 26.55 25.23 25.63 26.04 26.14 26.24 26.11
27.28 27.07 27.07 27.07 27.65 27.70 27.70 27.56 26.82 26.82 26.70 25.85 25.95 26.04 26.13 24.74 24.53 25.80 26.25 26.18 26.92 26.71 26.75 26.72 26.54 26.37 25.71 26.26 25.85 26.93 26.66 27.12 26.71 26.82 26.56 27.26 26.96 26.94 26.16 26.78 26.27 26.40 26.65 26.45 27.01 27.18 26.80 26.71 26.95 26.54 26.38 26.86 27.07 27.04 26.64 26.80 26.74 27.00 26.86 26.68 25.76 26.63 26.67 26.45 25.86 25.40 26.50 25.97 26.36 26.26 26.20 26.36 25.74 26.06 25.94 25.40 25.01
27.28 27.07 27.07 27.09 27.65 27.65 27.65 27.62 27.13 26.54 26.72 26.47 26.20 25.10 25.65 26.05 25.83 25.47 25.86 26.42 26.93 26.86 26.96 26.87 27.02 27.16 26.60 27.11 27.02 26.63 27.05 27.11 27.15 26.97 27.10 27.23 27.31 26.81 26.13 26.61 26.57 26.88 26.57 26.95 26.55 26.75 27.19 26.99 26.27 26.17 26.06 26.37 26.97 26.85 26.74 27.01 26.88 25.84 26.79 26.51 26.18 26.58 26.36 26.09 25.97 26.51 26.00 25.70 26.16 26.45 25.95 26.24 25.97 25.97 26.10 25.76 26.05
27.29 27.13 27.09 27.09 27.51 27.51 27.54 27.55 27.50 26.51 26.82 25.93 26.31 26.18 25.14 25.57 25.71 25.66 26.36 25.83 26.35 26.59 26.86 26.77 26.54 26.60 26.67 25.82 26.34 26.80 27.15 27.03 26.75 26.69 26.25 26.42 26.83 26.65 26.67 26.59 26.11 26.75 26.64 26.95 27.01 26.81 27.07 26.48 26.97 26.63 26.02 26.30 26.89 26.28 26.95 27.19 26.82 26.90 27.20 26.02 26.61 26.15 26.00 26.54 25.93 26.42 26.04 26.95 25.91 26.30 26.17 26.03 26.06 24.94 25.93 26.10 26.28
27.29 27.22 27.33 27.53 27.53 27.63 27.46 27.26 27.16 26.89 26.84 25.91 26.47 26.24 26.01 26.53 26.72 26.51 26.79 26.60 26.78 27.08 26.89 27.40 26.90 27.12 26.68 26.57 26.59 26.99 27.29 27.05 27.14 26.34 27.03 26.74 27.02 26.86 25.68 26.88 26.72 26.40 26.28 26.78 26.94 27.01 27.10 26.39 26.85 27.01 27.15 26.42 25.29 26.58 26.54 26.52 26.80 26.69 27.16 26.39 26.12 26.50 27.12 26.39 25.49 25.93 26.27 26.29 25.65 25.96 26.56 25.72 25.52 26.06 26.61 25.93 25.69
27.42 27.42 27.41 27.52 27.66 27.63 27.46 27.27 26.95 25.98 26.26 26.93 26.62 26.22 26.40 26.20 26.24 26.36 26.58 27.26 26.95 26.55 26.24 27.21 26.90 26.44 26.69 26.98 26.91 26.97 26.81 27.19 26.44 27.02 26.90 27.14 26.43 27.04 26.83 27.19 26.92 26.33 26.26 26.60 26.71 27.09 26.37 26.24 26.52 27.10 26.92 26.76 26.02 26.45 26.44 26.69 26.95 26.71 26.70 26.72 26.57 26.68 26.70 26.80 26.55 26.29 26.53 26.05 26.50 26.59 26.58 26.20 26.11 26.70 26.26 26.92 26.72
27.55 27.55 27.54 27.41 27.38 27.31 27.43 27.03 26.46 26.26 26.46 27.01 27.19 26.80 26.77 26.56 26.85 26.35 26.81 27.03 26.47 25.40 27.26 26.53 27.09 26.92 26.71 26.80 27.20 26.69 26.48 27.33 27.18 26.88 26.99 26.84 27.03 26.92 26.90 26.15 27.21 26.93 26.59 26.78 26.64 26.79 27.01 27.19 26.86 26.34 27.08 26.82 26.37 26.25 27.05 27.02 27.28 27.07 26.24 26.95 27.08 26.83 26.47 26.39 26.95 26.68 26.63 26.28 26.58 26.73 26.98 26.93 26.59 26.62 26.91 26.94 26.92
27.59 27.59 27.63 27.43 27.41 27.30 27.32 27.28 26.80 26.85 26.79 27.25 27.12 26.88 27.26 26.94 26.60 26.31 26.26 27.01 26.44 25.81 26.51 26.97 26.98 27.15 26.02 26.49 26.87 27.23 26.71 26.82 27.02 27.10 26.94 26.65 26.92 27.10 26.92 26.79 26.36 26.70 26.49 27.33 26.73 26.67 27.18 26.93 27.06 27.07 27.09 26.99 26.81 26.79 26.98 27.28 27.30 26.85 26.77 27.20 27.10 26.60 26.87 27.13 26.92 26.49 26.40 26.86 26.57 27.05 26.83 27.01 27.00 27.13 26.71 26.86 26.57
27.25 27.50 27.51 27.16 27.20 27.42 27.09 27.06 26.12 26.83 27.03 27.32 27.02 27.29 27.16 27.34 26.94 26.74 26.84 26.97 26.33 26.23 26.60 27.11 27.05 25.97 26.70 27.10 27.00 26.82 26.65 27.11 27.09 26.95 26.97 27.10 27.29 27.28 27.08 26.45 26.63 26.91 26.66 27.00 27.01 26.88 27.03 27.27 26.87 27.32 27.17 27.06 26.68 26.23 26.77 27.09 27.35 27.00 27.08 27.29 26.96 26.69 27.11 27.24 27.22 26.54 26.76 26.55 27.07 27.01 26.92 26.74 26.24 26.92 26.59 26.91 26.08
27.71 27.67 27.36 26.54 26.25 27.09 26.45 26.84 26.69 27.08 27.21 27.15 26.98 27.28 27.32 27.02 27.20 27.06 26.46 26.45 27.17 26.81 26.70 26.94 26.51 26.26 26.96 26.55 26.27 26.55 26.81 25.99 26.65 26.85 26.77 27.02 27.16 27.23 27.09 26.82 27.05 26.88 26.72 26.70 27.36 27.46 26.77 27.02 26.61 27.13 27.00 27.09 26.59 27.02 26.81 27.15 27.27 27.30 27.02 27.11 27.06 27.30 27.10 27.10 27.00 27.02 27.02 27.04 26.72 26.75 26.83 27.06 26.94 26.94 26.68 26.73 26.52
27.57 27.70 27.57 25.98 26.11 27.05 26.40 25.82 26.79 26.91 27.30 27.11 26.72 27.00 27.09 26.56 27.29 27.13 26.79 26.53 27.28 26.75 26.50 27.09 26.57 26.78 26.73 26.84 26.37 27.02 26.57 27.07 27.13 26.76 26.31 26.90 27.30 27.01 27.12 27.01 27.13 27.40 27.44 27.23 27.14 27.47 27.24 27.20 27.00 27.21 27.23 27.01 27.03 27.13 27.30 27.34 27.29 27.24 27.14 27.06 27.25 27.28 27.06 27.19 27.29 26.95 27.01 27.09 26.97 26.63 26.94 27.00 27.24 26.90 26.86 26.83 27.06
27.58 27.68 27.36 26.51 26.57 26.55 26.95 26.16 26.89 27.28 27.13 26.65 27.34 27.46 27.15 27.18 26.71 27.37 26.85 26.56 27.23 27.17 26.23 26.80 26.95 26.44 26.77 26.63 26.34 26.65 26.57 26.94 26.09 27.28 27.28 27.26 26.78 27.37 27.33 27.32 27.25 27.02 26.89 27.42 27.40 27.44 27.40 27.46 27.35 27.24 27.18 27.06 27.37 27.32 27.31 27.19 27.30 27.32 27.34 27.24 27.23 27.22 27.21 27.22 27.08 27.36 27.02 27.13 27.27 27.37 27.12 27.09 27.19 27.14 26.84 27.05 27.02
27.49 27.08 25.82 26.72 26.09 26.70 26.96 26.40 26.26 26.63 26.70 27.17 27.25 27.47 27.22 27.07 26.90 27.09 27.13 26.71 27.01 27.02 27.10 26.68 26.45 26.99 26.77 26.82 26.99 27.07 27.02 27.41 26.55 26.89 27.16 27.05 27.41 27.42 27.45 27.37 27.37 27.10 26.24 27.11 27.23 27.29 27.01 27.27 27.34 27.37 27.18 27.11 27.43 27.37 27.48 27.48 27.49 27.43 27.16 27.14 27.34 27.47 27.18 27.17 27.43 27.37 26.99 27.16 27.16 27.26 27.01 26.93 27.14 27.14 26.89 26.42 26.64
27.04 26.41 26.50 25.85 26.83 26.44 26.25 26.18 26.63 26.71 27.26 27.43 27.31 27.42 27.05 27.28 26.82 26.87 26.88 27.25 27.06 27.18 26.90 27.05 26.56 27.25 27.10 27.24 27.15 27.22 27.17 27.44 26.98 26.96 27.33 27.49 27.34 27.48 27.48 27.46 27.30 27.21 27.14 27.11 27.14 27.10 27.07 27.15 27.34 27.08 27.29 27.44 27.45 27.45 27.43 27.50 27.46 27.45 27.42 27.30 27.30 27.34 27.29 27.24 27.35 27.18 27.01 27.03 27.19 26.93 27.04 27.15 26.82 26.95 26.46 26.41 26.93
27.14 26.45 26.48 26.04 27.31 27.21 26.74 27.20 27.26 27.20 27.33 27.38 27.14 26.87 27.11 27.08 26.96 27.23 27.46 26.54 27.05 27.19 27.06 27.26 27.26 27.21 27.28 27.42 27.37 27.48 26.99 26.96 27.48 27.15 27.47 27.52 27.36 27.32 27.46 27.44 27.48 27.41 27.02 27.11 27.14 26.74 26.94 27.37 27.35 27.25 27.28 27.42 27.48 27.46 27.32 27.45 27.46 27.48 27.15 27.38 27.32 27.30 27.35 27.15 27.16 27.09 27.28 27.03 27.14 27.19 26.70 26.87 26.98 26.92 26.75 26.40 26.87
26.45 26.55 27.03 26.93 27.06 27.21 27.28 27.25 27.12 27.35 27.14 27.08 26.79 27.12 27.27 27.09 27.21 27.18 27.37 26.29 27.30 27.35 27.31 27.21 27.30 27.26 27.26 27.29 27.45 27.46 27.27 27.40 27.43 27.45 27.47 27.42 27.40 27.44 27.49 27.42 27.43 27.35 27.31 27.20 26.53 27.00 27.39 27.20 27.02 27.11 27.34 27.26 27.48 27.49 27.49 27.41 27.47 27.50 27.47 27.20 27.38 27.36 27.40 27.37 27.20 26.99 27.34 27.24 27.19 27.21 26.97 27.12 27.05 26.75 26.23 26.70 27.02
25.80 26.35 26.42 26.36 27.16 27.25 27.18 26.33 26.24 27.36 26.89 26.25 27.10 27.00 26.92 27.13 27.05 27.08 26.34 27.15 27.35 27.45 27.40 26.84 26.96 27.13 27.07 27.09 27.27 27.33 27.38 27.48 27.49 27.42 27.43 27.40 27.41 27.44 27.39 27.51 27.49 27.44 27.20 27.39 27.21 27.34 27.40 26.97 27.20 27.23 27.51 27.44 27.42 27.42 27.48 27.48 27.51 27.48 27.43 27.35 27.38 27.37 27.34 27.27 27.25 27.20 27.34 27.30 27.23 27.21 26.76 27.23 27.17 26.94 26.50 27.15 26.98
26.08 26.99 26.79 26.49 25.97 26.93 26.90 26.22 26.71 27.09 26.77 26.87 27.00 27.13 26.96 26.94 27.21 26.94 26.66 27.00 27.21 27.02 26.88 26.88 27.33 27.12 26.79 26.60 26.98 27.17 26.93 27.19 26.93 27.44 27.42 27.50 27.46 27.29 27.38 27.48 27.50 27.41 27.39 27.42 27.39 27.39 27.28 26.98 27.21 27.40 27.39 27.31 27.36 27.52 27.50 27.49 27.51 27.48 27.39 27.33 27.25 27.32 27.35 27.10 27.27 27.24 27.22 27.15 27.23 27.38 27.37 27.33 27.01 27.22 26.92 27.08 26.83
26.60 27.11 27.01 27.10 27.36 27.36 27.36 27.05 27.23 27.13 26.55 26.86 26.87 26.93 26.43 27.01 27.16 27.18 26.90 27.27 27.27 27.22 27.30 27.25 27.26 27.09 26.97 26.82 26.68 26.83 27.00 27.15 27.30 27.38 27.41 27.44 27.33 27.44 27.38 27.39 27.43 27.40 27.39 27.32 27.26 27.31 27.05 27.09 27.15 27.29 27.44 27.29 27.46 27.48 27.49 27.49 27.47 27.46 27.43 27.34 27.30 27.18 27.27 27.30 27.35 27.26 27.24 27.15 27.26 27.10 27.29 27.06 27.25 27.34 27.08 26.89 26.67
27.27 26.92 27.12 27.30 27.24 27.34 27.32 27.12 27.29 27.14 26.93 26.65 26.60 27.03 26.96 27.11 27.16 26.70 26.71 26.97 26.93 26.80 27.44 27.26 27.23 27.18 27.24 27.23 26.77 26.92 27.19 27.14 27.24 27.37 27.34 27.41 27.49 27.44 27.45 27.42 27.39 27.36 27.41 27.36 27.38 27.27 26.95 27.27 27.19 27.34 27.10 27.12 27.44 27.49 27.50 27.33 27.43 27.45 27.43 27.28 27.36 27.36 27.29 27.22 27.29 27.12 27.17 27.34 27.32 27.11 27.40 27.31 27.18 27.12 26.82 26.93 27.23
27.44 26.96 27.10 27.27 27.34 27.18 27.31 27.16 27.26 26.94 27.00 27.05 26.89 26.66 26.97 26.71 26.36 27.13 26.83 27.04 26.16 27.18 27.36 27.48 26.98 27.11 27.18 27.26 27.05 27.02 27.18 27.20 27.22 27.26 27.26 27.42 27.46 27.45 27.36 27.48 27.45 27.45 27.41 27.24 27.28 27.35 27.23 27.30 27.38 27.35 27.17 27.35 27.43 27.29 27.33 27.41 27.46 27.47 27.49 27.36 27.40 27.27 27.28 27.37 27.35 27.39 27.22 27.21 27.07 27.33 26.99 27.12 27.13 27.13 27.00 27.23 27.03
27.13 27.37 27.05 27.01 27.11 26.78 26.71 27.39 27.06 26.90 26.90 26.96 27.26 27.34 27.05 27.09 26.27 26.92 27.14 27.35 26.75 26.54 26.66 27.25 27.34 27.24 26.78 27.31 27.29 27.34 27.22 27.34 27.30 27.29 27.30 27.36 27.43 27.46 27.44 27.48 27.44 27.51 27.49 27.45 27.47 27.47 27.33 27.25 27.40 27.35 27.13 27.14 27.40 27.34 27.20 27.35 27.47 27.35 27.40 27.43 27.35 27.34 27.36 27.33 27.39 27.42 27.38 27.42 27.31 27.31 27.32 27.30 27.29 27.10 27.10 27.17 27.15
27.18 27.43 27.22 27.15 27.40 27.06 26.94 27.38 27.00 26.78 25.79 26.30 26.92 26.78 26.04 26.59 27.11 27.08 26.01 27.43 27.19 26.69 26.72 27.12 27.18 27.24 27.18 27.36 27.35 27.28 27.31 27.37 27.28 27.15 27.30 27.39 27.37 27.38 27.43 27.39 27.40 27.49 27.44 27.45 27.51 27.44 27.36 27.39 27.45 27.40 27.26 27.26 27.22 27.11 27.24 27.04 27.35 27.13 27.46 27.43 27.39 27.31 27.40 27.43 27.40 27.41 27.41 27.39 27.35 27.38 27.26 27.14 27.22 27.28 27.17 27.07 27.17
27.39 27.29 27.40 27.40 27.34 27.06 27.02 27.14 27.01 27.07 26.60 26.90 27.31 26.50 26.68 27.06 27.09 26.90 27.08 27.45 27.38 27.22 27.08 27.33 27.29 27.33 27.37 27.38 27.35 27.27 27.17 27.37 27.27 27.14 27.15 27.41 27.34 27.28 27.45 27.41 27.37 27.48 27.48 27.51 27.50 27.43 27.43 27.47 27.44 27.38 27.37 27.38 27.26 27.18 27.38 27.33 27.38 27.29 27.44 27.47 27.41 27.45 27.43 27.43 27.44 27.42 27.42 27.38 27.31 27.34 27.29 27.33 27.33 27.24 27.26 27.09 27.27
27.34 27.37 27.42 27.41 27.42 27.26 27.31 27.21 27.15 27.10 26.69 27.20 27.32 27.27 26.88 27.20 27.30 27.37 27.16 27.41 27.16 27.05 27.17 27.34 27.33 27.43 27.37 27.40 27.38 27.38 27.31 27.44 27.30 27.33 27.23 27.36 27.22 27.42 27.34 27.35 27.34 27.36 27.40 27.50 27.40 27.42 27.49 27.49 27.43 27.39 27.41 27.41 27.36 27.25 27.30 27.22 27.37 27.42 27.42 27.48 27.47 27.44 27.29 27.42 27.31 27.37 27.40 27.34 27.19 27.21 27.31 27.33 27.31 27.13 27.28 27.27 27.25
27.42 27.41 27.41 27.30 27.27 27.36 27.27 26.92 27.22 26.94 27.19 27.35 27.28 27.25 27.13 27.25 27.15 26.99 26.81 27.36 27.26 27.16 27.17 27.34 27.26 27.46 27.37 27.23 27.26 27.35 27.23 27.28 27.22 27.21 27.15 27.27 27.32 27.36 27.36 27.22 27.22 27.33 27.40 27.42 27.38 27.34 27.45 27.49 27.45 27.45 27.41 27.43 27.39 27.34 27.26 27.30 27.41 27.35 27.38 27.36 27.38 27.42 27.43 27.44 27.35 27.26 27.37 27.22 27.17 27.29 27.31 27.29 27.30 27.05 27.13 27.21 27.03
27.39 27.41 26.93 27.20 27.33 27.16 27.27 27.18 27.11 27.35 27.07 27.33 27.41 27.39 27.22 27.37 27.33 27.22 27.19 27.29 27.30 27.25 27.22 27.40 27.30 27.47 27.39 27.37 27.29 27.14 27.19 27.34 27.34 27.11 27.34 27.30 27.31 27.32 27.37 27.33 27.36 27.43 27.48 27.51 27.50 27.38 27.26 27.43 27.45 27.39 27.34 27.32 27.31 27.25 27.39 27.37 27.38 27.41 27.43 27.40 27.39 27.39 27.29 27.33 27.30 27.38 27.33 27.20 27.34 27.33 27.21 27.19 27.09 27.08 27.20 27.26 27.21
27.40 27.15 27.01 27.33 27.34 27.25 27.31 27.41 27.22 27.34 27.13 27.34 27.31 27.10 27.16 27.37 27.25 27.34 27.34 27.36 26.84 27.19 27.25 27.43 27.45 27.43 27.48 27.42 27.28 27.25 27.33 27.38 27.33 27.20 27.36 27.11 27.29 27.29 27.28 27.32 27.40 27.38 27.44 27.46 27.47 27.45 27.36 27.19 27.23 27.27 27.36 27.36 27.22 27.36 27.43 27.43 27.42 27.35 27.30 27.37 27.36 27.31 27.34 27.36 27.44 27.39 27.25 27.28 27.32 27.29 27.23 27.23 27.18 27.27 27.29 27.29 27.30
27.40 27.42 27.18 27.28 27.38 27.36 27.24 27.30 27.23 27.28 27.29 27.29 27.29 27.09 27.27 27.32 27.43 27.38 26.97 26.45 26.96 27.46 27.20 27.48 27.41 27.38 27.42 27.47 27.41 27.35 27.37 27.39 27.37 27.37 27.38 27.33 27.39 27.39 27.35 27.45 27.23 27.43 27.47 27.47 27.50 27.52 27.49 27.39 27.23 27.19 27.26 27.21 27.28 27.39 27.38 27.43 27.42 27.39 27.19 27.25 27.32 27.34 27.36 27.38 27.36 27.33 27.31 27.32 27.31 27.21 27.30 27.33 27.29 27.23 27.18 27.19 27.24
27.38 27.48 27.23 27.38 27.42 27.38 27.15 27.27 27.03 27.41 27.21 27.30 27.12 27.18 27.45 27.15 27.48 27.46 27.48 27.18 27.37 27.42 27.40 27.42 27.31 27.33 27.40 27.41 27.39 27.45 27.37 27.37 27.44 27.46 27.44 27.40 27.40 27.42 27.42 27.48 27.43 27.42 27.46 27.46 27.48 27.49 27.51 27.49 27.40 27.22 27.27 27.34 27.40 27.41 27.44 27.40 27.38 27.41 27.39 27.39 27.38 27.38 27.34 27.31 27.34 27.32 27.34 27.23 27.36 27.38 27.38 27.37 27.24 27.06 27.15 27.28 27.30
27.41 27.47 27.39 27.44 27.35 27.20 27.37 27.45 27.16 27.31 27.10 27.34 27.17 27.50 27.43 27.47 26.67 27.30 27.51 27.49 27.28 27.39 27.45 27.45 27.42 27.42 27.29 27.39 27.42 27.48 27.48 27.47 27.42 27.49 27.46 27.42 27.40 27.47 27.45 27.41 27.45 27.46 27.49 27.49 27.49 27.49 27.44 27.42 27.34 27.38 27.31 27.34 27.39 27.40 27.44 27.41 27.40 27.36 27.36 27.37 27.38 27.37 27.35 27.36 27.35 27.31 27.39 27.41 27.37 27.42 27.39 27.27 27.24 27.26 27.29 27.30 27.27
27.32 27.41 27.19 27.32 27.16 27.33 27.30 27.48 27.44 27.42 27.46 27.43 27.40 27.48 27.47 27.51 27.36 27.50 27.48 27.49 27.37 27.45 27.41 27.40 27.42 27.42 27.36 27.37 27.44 27.42 27.42 27.39 27.42 27.43 27.47 27.48 27.38 27.43 27.47 27.42 27.50 27.48 27.45 27.42 27.45 27.45 27.46 27.40 27.34 27.37 27.37 27.37 27.39 27.41 27.41 27.40 27.41 27.39 27.38 27.33 27.37 27.34 27.36 27.32 27.29 27.33 27.37 27.40 27.37 27.39 27.38 27.34 27.28 27.32 27.30 27.29 27.27
