main/data/irradiance/13.11.2023.grid
ncols 839
nrows 679
xllcenter 112.0500
yllcenter -43.9500
cellsize 0.0500
nodata_value 99999.90
[rows 306 to 339 of 679, columns 616 to 692 of 839]
29.96 29.92 29.96 29.93 29.76 29.74 29.32 28.34 28.56 29.70 27.95 28.43 28.99 28.94 29.50 29.33 29.61 29.72 29.89 29.59 29.75 29.69 28.60 28.79 29.36 28.43 27.91 29.24 29.00 28.94 29.40 29.34 29.03 28.68 28.47 28.08 28.73 29.35 29.39 29.30 29.55 29.70 29.69 29.79 29.64 29.71 29.54 29.74 29.62 29.73 29.74 29.67 29.71 29.58 29.54 29.01 29.62 29.55 29.60 29.25 29.67 29.66 29.49 29.71 29.28 29.74 29.75 29.75 29.75 29.84 29.81 29.72 29.71 29.73 29.71 29.80 29.82
29.81 29.97 29.97 29.97 29.90 29.81 29.55 29.30 28.34 28.77 27.57 27.82 28.02 28.38 29.24 29.51 29.10 29.03 29.42 29.54 29.36 29.83 29.80 29.19 28.88 29.12 28.36 28.41 28.79 29.10 29.35 29.39 29.46 28.77 28.80 28.24 28.32 28.85 29.38 29.50 29.59 29.61 29.53 29.50 29.42 29.28 29.50 29.57 29.69 29.75 29.61 29.22 29.40 29.17 29.25 29.68 29.49 29.62 29.47 29.36 29.51 29.37 29.65 29.50 29.61 29.68 29.50 29.55 29.77 29.83 29.72 29.70 29.65 29.76 29.80 29.80 29.80
29.59 29.86 29.59 29.80 29.89 29.79 29.77 29.54 29.19 29.20 28.61 28.84 28.10 28.44 27.50 28.36 29.62 29.41 29.48 28.94 29.65 29.79 29.41 29.60 29.53 28.88 29.18 28.87 28.45 28.83 29.22 29.39 29.59 29.23 28.87 28.49 28.92 27.76 29.09 29.22 29.47 29.51 29.38 29.14 29.59 29.34 29.31 29.16 28.76 29.35 29.62 29.40 29.10 29.52 29.17 28.88 29.11 29.55 29.17 29.21 29.62 29.45 29.79 29.58 29.62 29.68 29.69 29.56 29.82 29.80 29.80 29.72 29.60 29.67 29.77 29.81 29.81
29.27 29.85 29.72 29.84 29.91 29.87 29.71 29.55 29.60 29.17 29.01 28.70 29.39 28.97 27.44 27.64 28.65 29.05 28.41 28.98 29.36 29.68 29.68 29.83 29.33 29.13 29.05 29.27 29.28 28.58 28.00 28.83 29.18 28.94 28.85 28.07 28.56 28.68 29.02 29.32 29.49 29.55 28.87 28.53 29.07 28.93 28.52 28.85 29.23 28.81 29.02 29.54 29.40 29.15 28.94 29.50 29.02 29.33 29.40 29.38 29.53 29.60 29.78 29.73 29.73 29.70 29.62 29.52 29.80 29.78 29.76 29.75 29.69 29.71 29.80 29.80 29.82
29.67 29.84 29.73 29.94 29.89 29.86 29.64 29.42 29.48 29.62 29.63 28.73 28.80 29.24 28.91 27.38 28.31 29.25 28.82 29.35 29.23 28.77 29.09 29.77 28.72 28.89 29.33 29.27 29.23 29.14 28.43 28.62 28.52 29.34 29.29 28.38 28.45 28.87 29.34 28.25 29.25 28.94 29.20 28.94 28.57 28.79 28.40 28.10 28.82 28.83 28.94 29.42 29.15 29.18 28.74 28.86 29.23 28.85 29.54 29.57 29.20 29.75 29.67 29.71 29.63 29.80 29.77 29.78 29.83 29.73 29.62 29.64 29.73 29.71 29.80 29.82 29.84
29.69 29.84 29.67 29.60 29.82 29.79 29.72 29.57 29.57 29.58 29.17 28.81 28.88 29.24 29.49 28.89 28.29 28.91 29.34 28.83 28.82 27.39 28.33 29.34 29.14 28.64 29.15 29.39 28.90 29.19 28.77 27.74 28.41 28.41 28.94 29.27 28.12 28.35 28.37 28.52 28.98 28.52 28.14 28.57 28.63 28.60 28.52 29.11 28.52 28.54 28.59 29.41 28.64 28.70 28.97 29.26 29.69 29.71 29.63 29.59 29.12 29.55 29.39 29.60 29.65 29.77 29.79 29.76 29.81 29.71 29.75 29.53 29.71 29.76 29.84 29.78 29.78
29.88 29.81 29.70 29.82 29.84 29.54 29.69 29.74 29.74 29.60 29.49 28.53 28.53 29.04 28.65 28.47 29.07 27.91 28.67 29.01 28.48 28.78 29.10 28.95 28.53 28.58 29.11 28.52 29.13 29.21 29.62 28.27 28.43 28.22 28.80 29.25 29.29 28.91 28.03 28.74 28.75 27.65 28.71 28.31 28.81 28.42 27.42 28.61 28.99 27.98 28.36 29.16 28.80 28.73 28.38 29.21 29.62 29.26 29.52 29.18 29.32 29.26 29.56 29.50 29.78 29.81 29.83 29.75 29.69 29.45 29.66 29.79 29.71 29.72 29.78 29.64 29.72
29.83 29.82 29.59 29.82 29.77 29.42 29.60 29.50 29.65 29.38 29.38 28.88 28.60 28.09 28.69 28.60 29.00 28.91 28.34 28.65 29.23 28.96 28.59 28.37 29.38 29.62 28.57 27.41 28.37 29.45 29.55 29.73 28.26 27.54 27.87 28.70 29.36 29.57 28.49 28.64 28.61 28.23 28.32 27.14 28.21 29.11 28.62 28.82 28.10 27.90 28.25 28.54 28.83 28.81 29.07 29.18 29.18 28.96 29.03 29.27 28.98 28.62 29.18 29.71 29.76 29.78 29.71 29.53 29.34 29.53 29.43 29.70 29.71 29.48 29.49 29.24 29.37
29.63 29.29 29.62 29.87 29.78 29.89 29.72 29.87 29.38 29.39 29.46 29.63 29.09 28.50 28.17 28.24 28.28 28.85 28.84 27.65 28.65 28.14 28.39 29.22 29.47 29.04 28.39 28.76 27.86 28.57 28.65 29.54 28.95 27.41 27.61 28.10 29.20 29.36 29.05 28.42 27.55 28.11 28.16 27.14 28.04 28.99 28.58 29.47 28.49 27.89 28.47 28.92 28.38 29.08 29.21 29.23 29.19 28.93 28.98 29.31 29.09 29.24 29.04 29.46 29.69 29.83 29.69 29.41 29.27 29.46 29.75 29.69 29.81 29.69 29.33 29.39 29.51
29.75 29.11 29.40 29.69 29.85 29.76 29.64 29.73 29.59 29.48 29.57 29.65 29.00 28.92 28.60 28.18 27.92 28.48 28.89 28.89 28.32 27.96 28.84 29.41 29.29 29.56 29.01 28.34 28.30 27.98 28.87 28.98 29.01 28.26 27.02 27.25 27.66 28.52 29.14 28.97 28.18 26.52 26.68 27.17 27.47 27.70 28.37 28.78 28.15 28.09 28.30 28.39 28.63 28.27 28.39 29.10 28.80 28.88 28.64 28.97 29.11 29.27 29.48 29.59 29.70 29.74 29.60 29.68 29.53 29.42 29.58 29.73 29.69 29.53 29.22 29.26 29.25
29.29 29.48 29.64 29.59 29.52 29.71 29.80 29.84 29.81 29.65 29.40 29.47 28.71 28.58 28.89 28.21 28.99 28.29 28.37 28.45 29.50 27.77 28.56 29.49 28.25 29.17 29.57 28.95 28.17 28.55 29.11 28.30 28.76 28.17 26.85 27.17 28.03 29.25 29.16 29.53 28.69 26.35 25.59 27.16 27.21 27.97 28.22 27.81 28.59 28.20 28.02 27.40 28.02 28.13 28.52 29.12 28.89 28.89 28.89 29.05 29.22 29.37 29.15 29.60 29.57 29.66 29.53 29.73 29.66 29.58 29.58 29.73 29.65 29.42 29.18 29.38 29.33
29.35 28.99 29.61 29.68 29.48 29.61 29.31 29.30 29.74 29.37 29.45 29.55 28.80 28.73 28.88 28.65 29.42 29.18 28.52 28.53 29.36 29.54 27.32 29.25 27.49 28.53 29.37 29.02 27.68 28.38 28.96 28.56 28.49 28.22 27.41 27.60 27.77 28.54 28.65 29.00 26.91 27.33 25.74 27.12 26.74 27.66 28.62 27.56 28.29 27.93 27.24 26.73 27.51 28.43 29.10 29.01 28.66 28.82 28.81 29.40 29.34 29.28 29.31 29.52 29.61 29.64 29.59 29.78 29.76 29.81 29.81 29.55 29.38 29.43 29.25 29.45 29.36
28.67 28.75 29.30 28.60 29.55 29.62 29.31 29.42 29.58 29.36 29.45 29.79 29.50 28.47 28.57 29.50 28.93 27.64 27.97 27.30 28.89 28.94 29.24 29.47 28.10 28.32 29.31 29.45 28.15 27.96 27.90 28.41 28.27 28.30 27.47 27.41 26.85 27.89 28.31 28.85 28.49 27.21 27.34 26.49 27.77 27.95 28.45 27.03 28.42 28.60 27.79 27.27 27.88 28.95 29.39 28.85 28.39 29.28 29.49 29.44 29.39 29.37 29.42 29.37 29.65 29.70 29.67 29.66 29.42 29.44 29.23 29.21 29.38 29.07 29.21 29.49 29.30
27.84 28.78 29.78 28.65 29.15 29.39 29.36 29.67 29.51 29.63 29.33 29.53 29.82 29.30 28.74 29.07 28.96 27.23 25.72 26.84 28.22 28.47 28.69 29.00 28.36 28.94 29.64 29.43 29.38 28.94 28.16 27.52 28.17 28.29 27.64 26.69 26.64 26.94 28.40 28.50 27.81 26.82 27.70 27.17 26.64 26.47 26.99 27.18 28.65 28.49 28.85 27.93 27.73 27.59 28.38 28.09 28.07 28.84 29.08 28.86 29.01 29.14 28.90 28.90 29.47 29.55 29.54 28.97 28.92 28.91 29.16 29.28 29.25 29.16 28.94 29.27 29.47
27.23 28.33 28.46 28.61 29.17 29.32 29.29 29.72 29.21 29.33 29.54 29.41 29.60 29.50 29.46 29.17 28.74 28.55 25.04 25.64 27.85 28.90 29.08 29.51 29.00 29.46 29.10 29.57 29.76 29.42 29.22 27.04 28.94 28.54 28.06 27.02 26.18 25.70 27.70 28.56 28.01 27.01 26.86 26.05 26.13 26.52 27.18 26.65 27.82 28.48 28.34 28.15 26.69 27.56 26.99 26.84 28.00 27.84 28.94 28.08 29.20 29.25 28.87 28.81 29.23 29.29 29.03 28.78 28.89 28.83 28.99 29.18 29.02 29.26 28.94 29.16 29.41
28.10 27.97 27.51 27.34 28.56 28.55 28.51 29.44 29.14 29.10 28.97 29.20 29.07 29.22 29.40 28.99 29.08 28.80 27.59 25.51 27.61 29.08 28.80 28.76 29.26 29.54 29.16 29.73 29.72 29.81 29.66 27.77 28.34 29.10 28.80 26.70 26.75 26.72 27.84 28.95 27.51 26.36 26.30 24.67 25.27 27.10 27.47 26.22 26.64 27.82 28.26 27.81 26.58 26.65 26.83 26.61 27.32 28.16 28.56 28.97 29.27 29.39 28.44 28.54 29.12 29.75 28.94 28.83 28.98 29.03 29.06 28.98 29.13 29.17 29.11 29.28 29.17
27.56 27.85 28.06 28.15 27.67 27.86 28.45 28.77 28.98 29.11 29.03 28.82 28.93 28.97 29.53 29.54 29.44 29.15 29.06 28.73 26.78 28.03 29.42 28.90 29.53 29.68 29.46 29.29 29.75 29.72 29.57 29.53 29.31 28.84 28.65 27.49 26.93 27.97 27.29 28.32 28.13 25.37 25.25 25.00 27.01 28.15 27.36 25.95 26.26 24.84 26.60 27.04 27.57 27.31 27.66 27.78 27.65 27.77 28.48 28.88 29.08 29.39 28.49 28.72 29.56 29.33 29.09 28.92 29.03 28.98 28.83 29.03 29.19 29.33 29.37 29.26 29.07
27.46 28.21 27.63 27.95 27.34 27.77 28.53 28.27 28.94 28.91 29.35 29.13 28.38 29.26 29.57 29.41 29.07 29.57 29.13 29.40 28.83 28.21 28.43 29.62 29.60 29.67 29.62 29.68 29.64 29.63 29.70 29.55 29.03 29.36 28.89 29.06 28.18 28.63 28.26 27.91 28.04 27.50 26.27 24.78 25.81 26.76 27.33 26.39 26.45 25.61 26.68 27.29 27.91 27.69 27.15 27.25 27.00 28.96 27.75 29.12 29.46 29.17 28.55 29.08 29.07 28.90 29.02 28.19 28.46 28.42 28.59 29.12 29.35 29.32 29.42 29.63 29.47
27.69 27.59 26.86 27.78 28.89 28.25 28.44 27.72 29.18 28.95 29.01 29.67 28.87 28.72 29.31 29.00 29.00 29.20 29.33 29.33 29.38 28.35 28.31 29.57 29.69 29.73 29.85 29.74 29.75 29.30 29.50 29.75 29.72 29.22 29.39 29.63 29.06 28.33 28.52 28.19 28.77 28.70 25.98 26.82 26.38 25.25 26.24 26.60 26.53 26.10 26.48 26.67 26.59 25.66 25.46 27.12 25.71 27.67 28.09 28.44 29.59 28.70 27.97 27.91 28.99 28.68 29.50 28.37 27.75 27.78 28.13 28.86 28.87 29.09 28.93 29.28 29.11
28.06 27.46 26.93 27.73 28.49 28.59 28.44 28.70 29.10 29.26 28.75 29.53 29.01 29.11 29.19 29.29 28.82 29.27 29.61 29.42 29.85 29.65 29.17 29.42 29.62 29.45 29.84 29.76 29.72 29.74 29.71 29.70 29.79 29.50 29.65 29.66 29.38 27.56 27.62 27.61 28.54 28.43 28.04 26.05 26.20 25.35 25.83 25.81 25.13 26.38 26.73 25.96 24.50 26.43 25.92 27.21 25.20 26.50 27.98 27.95 29.24 27.72 26.73 27.64 28.94 29.18 29.19 28.17 27.39 27.85 28.14 28.27 28.44 28.78 28.36 28.40 28.68
28.49 27.99 27.99 28.16 28.01 28.92 28.58 28.52 28.95 28.71 29.32 29.05 29.06 29.10 28.97 28.62 29.45 29.54 29.60 29.49 29.65 29.59 29.23 28.79 29.50 29.44 29.72 29.77 29.79 29.76 29.79 29.80 29.68 29.67 29.58 29.69 29.68 29.48 28.53 28.35 29.31 28.97 28.30 28.00 26.81 27.01 26.21 26.55 24.76 26.14 26.56 26.64 25.51 27.18 24.58 25.33 25.99 27.00 28.61 28.57 28.58 27.79 26.46 27.43 28.11 28.72 28.26 27.55 27.70 27.73 27.88 28.14 28.09 27.54 27.92 28.58 28.61
29.03 29.19 28.80 27.87 27.57 28.88 28.24 28.52 28.07 28.62 29.68 29.15 28.64 29.01 29.45 29.17 29.25 29.59 29.41 29.63 29.58 29.73 29.60 29.43 29.72 29.80 29.74 29.83 29.82 29.88 29.86 29.87 29.79 29.70 29.73 29.75 29.75 29.64 29.52 29.20 28.98 29.20 29.24 28.26 25.42 26.94 27.12 27.57 26.96 26.52 27.87 25.70 27.19 27.14 25.82 25.23 27.06 27.17 27.25 28.22 27.20 26.26 26.54 28.00 27.93 28.12 27.52 27.89 27.65 27.50 27.82 28.21 27.95 27.53 27.81 28.89 28.83
29.34 28.91 29.16 29.35 28.52 28.16 28.28 29.07 28.20 28.14 29.07 28.65 28.73 28.65 29.23 29.07 29.70 29.23 29.78 29.78 29.70 29.88 29.91 29.59 29.77 29.72 29.62 29.82 29.84 29.99 29.91 29.75 29.80 29.80 29.83 29.76 29.67 29.62 29.26 29.43 29.51 29.55 29.34 29.19 27.42 26.23 27.76 27.97 29.04 25.94 26.94 25.93 26.87 28.05 27.38 25.16 27.44 27.03 28.60 28.15 27.72 26.47 26.60 26.00 27.99 28.54 28.54 27.71 26.82 26.16 27.90 28.33 27.90 27.85 28.54 28.37 27.75
28.96 28.35 28.82 28.79 28.54 28.80 28.41 27.67 28.10 28.86 28.83 29.33 29.44 28.78 28.96 29.18 29.55 29.41 29.75 29.67 29.83 29.78 29.86 29.84 29.74 29.76 29.87 29.91 29.86 29.98 29.92 29.84 29.84 29.80 29.76 29.72 29.78 29.79 29.66 28.88 29.67 29.42 29.64 29.57 28.94 26.94 26.75 27.41 29.17 28.13 27.31 27.68 27.63 27.92 27.33 26.61 26.85 26.35 27.24 28.45 26.68 25.69 27.08 26.22 27.67 28.65 28.80 27.94 27.10 27.00 28.39 27.98 28.54 27.63 27.40 27.21 27.29
29.10 28.39 28.94 29.01 29.19 29.32 28.88 28.76 29.49 29.22 29.31 29.25 29.37 29.17 29.02 29.59 29.59 29.76 29.81 29.85 29.78 29.79 29.90 29.82 29.79 29.81 29.89 29.85 29.85 29.99 29.91 29.89 29.78 29.75 29.79 29.83 29.85 29.79 29.60 29.50 29.63 29.42 29.66 29.68 29.60 28.41 26.94 28.06 29.14 28.06 28.61 28.06 27.52 28.69 28.33 28.95 28.02 28.80 28.56 28.16 27.82 26.61 26.75 27.40 27.27 27.84 28.80 28.85 27.82 28.18 29.00 28.26 27.58 27.12 27.12 27.24 28.07
29.23 29.25 29.19 29.37 29.60 29.73 29.71 29.51 29.54 29.62 29.75 29.30 29.32 29.47 29.33 29.47 29.73 29.70 29.71 29.80 29.84 29.89 29.90 29.89 29.82 29.87 29.91 29.88 29.91 30.01 29.92 29.88 29.84 29.83 29.82 29.89 29.84 29.82 29.67 29.64 29.72 29.57 29.72 29.58 29.77 29.46 28.66 28.44 28.39 29.64 29.03 29.39 27.68 27.51 28.90 29.44 28.20 29.10 27.35 27.94 28.95 27.11 27.23 27.17 26.66 27.71 29.09 28.82 27.59 28.20 28.81 27.25 26.44 26.18 26.88 27.72 28.06
29.34 29.51 29.28 29.31 29.77 29.79 29.95 29.81 29.81 29.47 29.57 29.62 29.60 29.39 29.62 29.69 29.74 29.86 29.83 29.85 29.84 29.83 29.91 29.95 29.89 29.91 29.90 29.87 29.88 29.99 29.91 29.84 29.76 29.78 29.81 29.84 29.73 29.74 29.71 29.73 29.76 29.66 29.71 29.61 29.83 29.63 29.57 28.86 29.58 29.55 29.51 29.70 28.65 28.37 29.63 29.65 29.29 29.06 27.83 28.14 29.55 27.85 28.20 27.74 26.41 27.35 27.29 27.37 27.54 27.57 27.54 26.99 26.78 25.88 26.93 27.40 28.71
29.41 29.47 29.18 29.26 29.80 29.87 29.91 29.78 29.82 29.50 29.32 29.51 29.59 29.77 29.93 29.47 29.62 29.97 29.94 29.76 29.88 29.93 29.91 29.95 29.84 29.86 29.86 29.85 29.90 30.01 29.94 29.79 29.78 29.86 29.69 29.75 29.80 29.77 29.75 29.81 29.81 29.73 29.70 29.76 29.83 29.70 29.53 29.05 28.90 29.10 28.92 29.77 29.69 28.46 29.06 29.79 29.20 29.52 29.54 28.71 29.71 29.22 28.53 27.93 26.76 27.70 27.12 28.26 28.27 26.61 26.73 27.37 27.77 27.91 25.73 25.41 27.71
28.76 29.20 29.39 29.79 29.69 29.83 29.94 29.95 29.71 29.76 29.83 29.88 29.92 29.82 30.02 30.05 29.56 29.99 29.86 29.90 29.89 29.92 29.90 29.92 29.86 29.86 29.86 29.85 29.87 29.99 29.90 29.81 29.85 29.85 29.84 29.84 29.80 29.78 29.78 29.82 29.79 29.69 29.67 29.74 29.82 29.75 29.73 29.66 29.15 29.61 29.78 29.71 29.67 28.90 29.18 29.78 29.71 29.71 29.61 28.69 29.32 29.58 28.69 28.04 27.66 28.79 28.83 29.25 27.75 27.17 27.75 28.29 28.69 29.25 27.35 26.43 26.66
28.91 29.59 29.55 29.95 29.86 29.87 29.81 29.94 29.88 29.88 29.87 29.85 29.93 29.96 30.04 29.87 29.89 29.81 29.82 29.94 29.91 29.92 29.90 29.91 29.89 29.86 29.91 29.95 30.01 30.01 29.97 29.94 29.88 29.89 29.81 29.81 29.80 29.78 29.76 29.74 29.73 29.74 29.77 29.78 29.76 29.74 29.77 29.70 29.41 29.58 29.79 29.76 29.71 29.22 29.28 29.69 29.61 29.59 29.72 28.84 28.66 29.64 29.32 28.18 27.68 28.20 28.47 29.29 28.44 27.41 29.23 29.08 28.26 29.35 27.75 26.99 27.19
28.97 29.09 29.84 30.02 29.95 29.93 29.91 29.90 29.92 29.86 29.87 29.79 29.91 29.98 30.05 30.05 29.95 29.91 29.84 29.87 29.90 29.94 29.92 29.94 29.85 29.89 29.96 29.96 29.97 29.98 29.93 29.88 29.87 29.84 29.83 29.84 29.83 29.80 29.74 29.78 29.77 29.77 29.76 29.78 29.80 29.78 29.77 29.71 29.71 29.68 29.86 29.79 29.72 29.48 29.62 29.74 29.74 29.26 29.57 29.73 29.72 29.79 29.49 29.47 28.03 28.26 28.40 29.47 29.15 27.84 29.44 28.58 29.05 28.76 28.90 28.04 28.18
29.06 29.07 29.87 29.96 29.89 29.95 29.95 29.98 29.89 29.86 29.87 29.86 29.89 29.94 30.03 29.96 30.00 29.97 29.85 29.84 29.89 29.87 29.94 29.85 29.86 29.91 29.96 29.99 29.97 30.00 29.97 29.91 29.89 29.90 29.84 29.85 29.83 29.80 29.78 29.76 29.76 29.77 29.77 29.76 29.71 29.79 29.77 29.73 29.72 29.72 29.77 29.77 29.76 29.72 29.52 29.84 29.75 29.61 29.69 29.70 29.86 29.76 29.66 29.63 28.92 28.06 28.87 28.79 29.57 28.80 28.74 29.18 29.50 29.51 28.82 28.89 26.97
29.11 29.72 29.97 29.95 29.93 30.00 29.97 29.99 29.95 29.88 29.85 29.96 29.98 29.97 30.02 30.01 30.02 30.01 29.87 29.89 29.97 29.98 29.98 29.93 29.86 29.93 29.98 29.92 29.97 29.98 30.01 29.91 29.92 29.89 29.88 29.83 29.83 29.84 29.82 29.79 29.77 29.77 29.76 29.70 29.71 29.76 29.77 29.73 29.71 29.71 29.73 29.79 29.79 29.72 29.66 29.69 29.73 29.64 29.52 29.48 29.74 29.80 29.85 29.72 28.98 29.35 29.59 29.73 29.28 28.98 29.37 29.25 29.52 29.33 29.45 28.81 28.85
29.99 30.01 29.98 29.96 29.92 29.95 29.91 29.82 29.84 29.90 29.86 29.93 29.94 29.95 29.98 29.99 30.00 29.95 29.89 29.84 29.98 29.96 29.96 29.93 29.95 29.99 29.99 29.87 29.98 29.97 29.98 29.95 29.89 29.84 29.79 29.80 29.82 29.82 29.75 29.81 29.88 29.78 29.74 29.70 29.71 29.73 29.70 29.69 29.70 29.71 29.72 29.75 29.71 29.74 29.68 29.70 29.75 29.74 29.66 29.67 29.76 29.77 29.80 29.71 29.18 29.62 29.53 29.68 29.71 29.47 29.66 29.71 29.70 29.61 29.26 29.09 28.65
