main/data/irradiance/13.10.2023.grid
ncols 839
nrows 679
xllcenter 112.0500
yllcenter -43.9500
cellsize 0.0500
nodata_value 99999.90
[rows 408 to 441 of 679, columns 231 to 307 of 839]
25.80 25.70 25.71 25.77 25.78 25.58 25.68 25.69 25.65 25.69 25.66 25.60 25.64 25.58 25.61 25.63 25.62 25.59 25.64 25.65 25.62 25.62 25.68 25.68 25.67 25.69 25.69 25.71 25.75 25.81 25.86 25.80 25.80 25.82 25.83 25.87 25.83 25.85 25.86 25.82 25.78 25.80 25.81 25.85 25.84 25.75 25.76 25.72 25.83 25.85 25.52 25.09 24.58 24.56 25.03 25.58 25.56 25.63 25.65 25.67 25.70 25.70 25.72 25.67 25.63 25.76 25.72 25.73 25.74 25.76 25.78 25.80 25.75 25.77 25.73 25.69 25.72
25.58 25.70 25.72 25.74 25.66 25.56 25.62 25.66 25.66 25.63 25.59 25.60 25.67 25.64 25.58 25.59 25.58 25.59 25.61 25.64 25.69 25.66 25.66 25.68 25.72 25.71 25.69 25.72 25.77 25.79 25.80 25.77 25.81 25.82 25.80 25.86 25.83 25.84 25.81 25.82 25.72 25.62 25.67 25.71 25.73 25.66 25.62 25.74 25.81 25.81 25.81 25.68 25.08 25.22 25.23 25.65 25.59 25.57 25.61 25.66 25.68 25.70 25.68 25.71 25.72 25.73 25.71 25.74 25.70 25.73 25.70 25.73 25.74 25.71 25.73 25.68 25.70
25.54 25.62 25.58 25.56 25.64 25.54 25.60 25.61 25.63 25.60 25.58 25.61 25.68 25.64 25.64 25.65 25.57 25.62 25.65 25.65 25.64 25.65 25.66 25.66 25.72 25.71 25.70 25.70 25.72 25.76 25.79 25.83 25.81 25.84 25.89 25.87 25.87 25.80 25.47 25.68 25.60 25.40 25.56 25.59 25.60 25.65 25.63 25.71 25.74 25.70 25.66 25.74 25.43 25.29 25.29 25.45 25.49 25.62 25.56 25.63 25.69 25.70 25.67 25.63 25.69 25.66 25.70 25.73 25.76 25.73 25.73 25.74 25.74 25.72 25.68 25.69 25.69
25.54 25.56 25.52 25.51 25.62 25.58 25.61 25.57 25.56 25.56 25.55 25.58 25.58 25.58 25.61 25.58 25.60 25.64 25.61 25.63 25.66 25.66 25.67 25.68 25.68 25.70 25.71 25.67 25.69 25.77 25.83 25.82 25.79 25.80 25.79 25.76 25.83 25.85 25.71 25.76 25.61 25.59 25.61 25.42 25.38 25.40 25.60 25.65 25.65 25.64 25.69 25.75 25.70 25.27 25.43 25.51 25.46 25.66 25.67 25.70 25.71 25.68 25.72 25.70 25.72 25.71 25.63 25.69 25.76 25.75 25.77 25.75 25.77 25.75 25.76 25.77 25.73
25.50 25.57 25.52 25.56 25.58 25.57 25.54 25.50 25.51 25.50 25.49 25.49 25.54 25.54 25.57 25.57 25.54 25.63 25.65 25.61 25.61 25.65 25.67 25.68 25.71 25.67 25.67 25.68 25.67 25.73 25.80 25.85 25.81 25.83 25.83 25.87 25.78 25.73 25.76 25.71 25.69 25.61 25.63 25.59 25.50 25.31 25.29 25.54 25.55 25.62 25.69 25.66 25.71 25.41 25.20 25.60 25.61 25.64 25.64 25.64 25.73 25.66 25.69 25.66 25.68 25.72 25.75 25.76 25.74 25.73 25.69 25.75 25.78 25.75 25.73 25.67 25.66
25.52 25.48 25.54 25.54 25.55 25.55 25.56 25.51 25.50 25.56 25.49 25.49 25.55 25.53 25.54 25.54 25.53 25.57 25.60 25.62 25.63 25.66 25.70 25.67 25.68 25.73 25.68 25.67 25.69 25.67 25.70 25.74 25.86 25.84 25.78 25.73 25.75 25.72 25.69 25.68 25.72 25.61 25.53 25.62 25.55 25.46 25.45 25.45 25.47 25.56 25.62 25.63 25.74 25.70 25.65 25.58 25.58 25.64 25.62 25.67 25.70 25.69 25.76 25.72 25.70 25.72 25.71 25.71 25.73 25.73 25.74 25.72 25.69 25.66 25.64 25.59 25.64
25.47 25.49 25.55 25.55 25.52 25.53 25.56 25.56 25.54 25.56 25.55 25.54 25.53 25.54 25.54 25.55 25.58 25.57 25.61 25.63 25.65 25.66 25.67 25.66 25.69 25.64 25.66 25.64 25.64 25.63 25.67 25.75 25.81 25.79 25.66 25.71 25.66 25.63 25.61 25.64 25.60 25.52 25.47 25.49 25.47 25.47 25.54 25.57 25.54 25.52 25.51 25.56 25.63 25.65 25.74 25.75 25.64 25.64 25.59 25.63 25.65 25.64 25.70 25.71 25.66 25.66 25.71 25.68 25.68 25.71 25.69 25.67 25.67 25.65 25.61 25.58 25.49
25.54 25.55 25.54 25.58 25.54 25.48 25.51 25.50 25.51 25.50 25.50 25.51 25.48 25.53 25.53 25.53 25.59 25.62 25.61 25.65 25.65 25.65 25.61 25.61 25.61 25.55 25.58 25.54 25.52 25.50 25.56 25.56 25.65 25.60 25.69 25.64 25.73 25.64 25.61 25.56 25.46 25.36 25.51 25.54 25.51 25.44 25.43 25.52 25.47 25.50 25.55 25.64 25.57 25.52 25.42 25.69 25.65 25.68 25.64 25.62 25.58 25.62 25.70 25.73 25.69 25.67 25.65 25.69 25.68 25.69 25.67 25.72 25.67 25.60 25.59 25.56 25.56
25.49 25.60 25.55 25.59 25.54 25.53 25.51 25.48 25.48 25.50 25.51 25.51 25.52 25.54 25.56 25.61 25.63 25.61 25.63 25.62 25.63 25.63 25.60 25.58 25.51 25.25 25.51 25.47 25.44 25.29 25.50 25.36 25.59 25.65 25.55 25.60 25.69 25.69 25.62 25.60 25.57 25.52 25.46 25.58 25.53 25.44 25.37 25.41 25.42 25.46 25.59 25.66 25.66 25.64 25.47 25.36 25.59 25.57 25.56 25.57 25.51 25.62 25.63 25.69 25.67 25.67 25.64 25.63 25.66 25.69 25.69 25.70 25.68 25.61 25.64 25.58 25.56
25.55 25.58 25.48 25.45 25.52 25.50 25.47 25.47 25.48 25.48 25.50 25.51 25.51 25.53 25.55 25.58 25.61 25.63 25.62 25.60 25.47 25.51 25.58 25.59 25.50 25.23 25.19 25.40 25.49 25.57 25.47 25.51 25.61 25.60 25.48 25.37 25.48 25.57 25.63 25.62 25.68 25.64 25.56 25.53 25.44 25.38 25.38 25.46 25.48 25.52 25.51 25.41 25.60 25.66 25.53 25.52 25.59 25.62 25.60 25.63 25.61 25.66 25.66 25.64 25.67 25.65 25.65 25.63 25.63 25.66 25.65 25.63 25.64 25.68 25.66 25.64 25.54
25.59 25.60 25.56 25.51 25.47 25.39 25.47 25.47 25.43 25.44 25.49 25.54 25.53 25.54 25.58 25.58 25.58 25.60 25.65 25.66 25.59 25.48 25.64 25.60 25.55 25.39 25.43 25.47 25.47 25.49 25.47 25.52 25.73 25.57 25.63 25.57 25.59 25.51 25.58 25.74 25.68 25.65 25.61 25.63 25.54 25.40 25.44 25.44 25.48 25.56 25.55 25.53 25.51 25.66 25.52 25.55 25.65 25.63 25.55 25.57 25.53 25.58 25.58 25.56 25.54 25.61 25.60 25.59 25.57 25.54 25.60 25.62 25.58 25.63 25.69 25.66 25.62
25.53 25.57 25.57 25.50 25.49 25.47 25.39 25.41 25.36 25.43 25.47 25.49 25.51 25.52 25.58 25.61 25.64 25.65 25.66 25.70 25.71 25.68 25.58 25.63 25.59 25.57 25.57 25.53 25.55 25.56 25.60 25.67 25.76 25.71 25.72 25.63 25.65 25.58 25.68 25.68 25.68 25.63 25.59 25.60 25.46 25.41 25.51 25.54 25.56 25.60 25.60 25.61 25.62 25.57 25.53 25.60 25.57 25.56 25.53 25.42 25.29 25.44 25.44 25.51 25.53 25.56 25.64 25.61 25.62 25.61 25.53 25.59 25.65 25.59 25.66 25.65 25.66
25.48 25.51 25.54 25.55 25.56 25.51 25.51 25.45 25.50 25.45 25.46 25.42 25.49 25.50 25.59 25.54 25.64 25.67 25.66 25.71 25.75 25.78 25.77 25.74 25.65 25.62 25.60 25.66 25.62 25.58 25.57 25.71 25.79 25.76 25.69 25.62 25.73 25.67 25.70 25.57 25.67 25.52 25.56 25.49 25.46 25.54 25.53 25.63 25.65 25.63 25.62 25.65 25.60 25.64 25.55 25.52 25.58 25.54 25.53 25.35 25.23 25.24 25.15 25.49 25.54 25.52 25.59 25.59 25.58 25.58 25.53 25.54 25.58 25.58 25.65 25.64 25.61
25.47 25.47 25.45 25.46 25.48 25.47 25.44 25.42 25.41 25.47 25.50 25.47 25.47 25.50 25.49 25.54 25.53 25.54 25.51 25.54 25.62 25.73 25.75 25.63 25.57 25.50 25.56 25.57 25.70 25.76 25.73 25.71 25.77 25.77 25.76 25.73 25.74 25.74 25.77 25.72 25.70 25.54 25.64 25.56 25.56 25.61 25.63 25.58 25.56 25.62 25.63 25.64 25.63 25.66 25.64 25.62 25.63 25.60 25.52 25.50 25.49 25.44 25.41 25.36 25.44 25.47 25.47 25.54 25.59 25.51 25.45 25.46 25.48 25.51 25.48 25.47 25.53
25.44 25.45 25.50 25.44 25.43 25.41 25.43 25.45 25.40 25.45 25.46 25.48 25.47 25.44 25.43 25.42 25.43 25.48 25.49 25.51 25.58 25.64 25.61 25.54 25.60 25.67 25.62 25.63 25.65 25.73 25.77 25.78 25.76 25.75 25.75 25.76 25.74 25.75 25.77 25.74 25.73 25.65 25.58 25.57 25.63 25.69 25.66 25.61 25.62 25.63 25.59 25.58 25.64 25.65 25.65 25.58 25.60 25.60 25.57 25.50 25.50 25.45 25.45 25.45 25.44 25.45 25.47 25.47 25.47 25.51 25.53 25.48 25.47 25.50 25.51 25.49 25.51
25.40 25.45 25.45 25.40 25.43 25.41 25.40 25.42 25.44 25.42 25.47 25.46 25.42 25.45 25.49 25.51 25.49 25.55 25.48 25.50 25.48 25.56 25.55 25.52 25.60 25.70 25.76 25.73 25.72 25.74 25.70 25.70 25.63 25.59 25.66 25.72 25.71 25.66 25.73 25.73 25.72 25.60 25.66 25.63 25.62 25.70 25.70 25.62 25.65 25.66 25.64 25.60 25.59 25.61 25.60 25.60 25.60 25.58 25.59 25.56 25.50 25.52 25.50 25.51 25.52 25.45 25.52 25.52 25.45 25.48 25.52 25.52 25.52 25.51 25.47 25.46 25.43
25.32 25.36 25.41 25.42 25.43 25.44 25.38 25.37 25.45 25.43 25.44 25.44 25.39 25.45 25.50 25.39 25.49 25.56 25.55 25.58 25.60 25.61 25.62 25.49 25.51 25.58 25.65 25.67 25.69 25.71 25.69 25.66 25.67 25.63 25.68 25.75 25.77 25.78 25.76 25.76 25.78 25.70 25.67 25.69 25.69 25.68 25.64 25.66 25.61 25.59 25.59 25.59 25.58 25.63 25.65 25.63 25.61 25.54 25.60 25.56 25.56 25.54 25.52 25.53 25.49 25.51 25.55 25.51 25.48 25.45 25.43 25.41 25.44 25.42 25.44 25.44 25.42
25.07 25.39 25.39 25.43 25.43 25.41 25.43 25.38 25.37 25.41 25.44 25.45 25.43 25.46 25.54 25.52 25.42 25.51 25.44 25.54 25.58 25.60 25.59 25.54 25.46 25.50 25.50 25.57 25.62 25.66 25.64 25.63 25.67 25.69 25.71 25.72 25.73 25.74 25.74 25.74 25.76 25.66 25.67 25.68 25.67 25.69 25.67 25.69 25.66 25.62 25.60 25.57 25.51 25.54 25.58 25.57 25.54 25.57 25.53 25.50 25.49 25.50 25.56 25.55 25.54 25.49 25.50 25.51 25.51 25.45 25.43 25.45 25.42 25.41 25.38 25.39 25.38
25.37 25.36 25.38 25.41 25.39 25.34 25.42 25.41 25.32 25.38 25.38 25.45 25.44 25.46 25.48 25.52 25.54 25.54 25.52 25.48 25.48 25.51 25.51 25.51 25.48 25.53 25.54 25.55 25.56 25.60 25.53 25.57 25.60 25.66 25.67 25.67 25.66 25.74 25.72 25.70 25.72 25.67 25.64 25.66 25.65 25.65 25.64 25.65 25.61 25.59 25.55 25.57 25.53 25.51 25.54 25.59 25.54 25.57 25.52 25.46 25.39 25.41 25.40 25.45 25.49 25.49 25.39 25.39 25.34 25.31 25.32 25.36 25.33 25.32 25.34 25.36 25.33
25.45 25.39 25.43 25.42 25.41 25.42 25.44 25.45 25.39 25.35 25.34 25.42 25.46 25.45 25.45 25.47 25.49 25.47 25.45 25.46 25.44 25.46 25.50 25.53 25.51 25.55 25.55 25.54 25.59 25.61 25.66 25.72 25.55 25.64 25.67 25.70 25.72 25.64 25.72 25.64 25.68 25.62 25.62 25.61 25.62 25.63 25.63 25.60 25.55 25.57 25.52 25.52 25.47 25.52 25.53 25.54 25.54 25.53 25.54 25.56 25.52 25.50 25.46 25.52 25.51 25.44 25.45 25.43 25.40 25.33 25.30 25.28 25.27 25.32 25.38 25.33 25.31
25.41 25.44 25.44 25.43 25.36 25.42 25.42 25.43 25.43 25.42 25.23 25.39 25.42 25.44 25.42 25.44 25.49 25.47 25.46 25.35 25.45 25.45 25.42 25.48 25.50 25.51 25.51 25.50 25.53 25.56 25.55 25.59 25.66 25.69 25.66 25.65 25.65 25.74 25.69 25.70 25.68 25.60 25.61 25.59 25.60 25.61 25.58 25.54 25.54 25.53 25.55 25.52 25.47 25.39 25.46 25.45 25.44 25.36 25.39 25.43 25.36 25.46 25.51 25.48 25.47 25.44 25.38 25.37 25.33 25.30 25.25 25.26 25.30 25.21 25.17 25.18 25.13
25.39 25.43 25.39 25.41 25.39 25.38 25.44 25.42 25.36 25.38 25.39 25.35 25.39 25.43 25.43 25.45 25.46 25.45 25.45 25.49 25.48 25.32 25.33 25.49 25.52 25.54 25.46 25.49 25.49 25.46 25.43 25.49 25.59 25.57 25.61 25.60 25.59 25.64 25.67 25.64 25.64 25.60 25.59 25.56 25.60 25.62 25.60 25.54 25.52 25.53 25.54 25.55 25.52 25.53 25.48 25.50 25.49 25.47 25.45 25.41 25.35 25.41 25.46 25.45 25.45 25.46 25.45 25.40 25.40 25.36 25.31 25.24 25.24 25.21 25.17 25.13 25.03
25.38 25.37 25.35 25.36 25.35 25.38 25.38 25.36 25.39 25.24 25.35 25.36 25.37 25.42 25.43 25.42 25.45 25.44 25.46 25.43 25.43 25.42 25.37 25.37 25.38 25.47 25.52 25.57 25.63 25.60 25.54 25.47 25.49 25.53 25.53 25.54 25.52 25.55 25.51 25.58 25.57 25.59 25.50 25.53 25.61 25.62 25.59 25.58 25.55 25.48 25.44 25.44 25.48 25.53 25.50 25.46 25.43 25.41 25.38 25.41 25.38 25.39 25.42 25.44 25.33 25.42 25.40 25.39 25.39 25.30 25.27 25.18 25.09 25.14 25.15 25.14 25.14
25.38 25.39 25.38 25.34 25.31 25.37 25.37 25.35 25.29 25.33 25.33 25.31 25.35 25.37 25.42 25.38 25.38 25.41 25.36 25.36 25.45 25.40 25.46 25.50 25.49 25.51 25.52 25.53 25.59 25.56 25.55 25.59 25.54 25.53 25.55 25.61 25.62 25.61 25.59 25.60 25.52 25.52 25.54 25.54 25.54 25.57 25.55 25.49 25.46 25.50 25.47 25.50 25.51 25.49 25.48 25.46 25.45 25.41 25.43 25.43 25.39 25.38 25.40 25.38 25.32 25.30 25.30 25.32 25.38 25.36 25.30 25.29 25.28 25.18 25.14 25.04 24.98
25.34 25.36 25.36 25.36 25.33 25.32 25.31 25.35 25.37 25.37 25.34 25.35 25.39 25.38 25.37 25.38 25.33 25.35 25.24 25.31 25.41 25.38 25.39 25.46 25.45 25.43 25.48 25.47 25.50 25.52 25.51 25.56 25.58 25.56 25.55 25.57 25.64 25.61 25.65 25.66 25.60 25.53 25.54 25.49 25.50 25.46 25.45 25.42 25.41 25.41 25.41 25.44 25.43 25.42 25.38 25.42 25.40 25.35 25.36 25.40 25.41 25.40 25.42 25.37 25.36 25.31 25.34 25.34 25.33 25.31 25.25 25.25 25.29 25.29 25.27 25.20 25.14
25.32 25.32 25.35 25.33 25.34 25.36 25.30 25.32 25.35 25.39 25.37 25.35 25.38 25.40 25.36 25.38 25.38 25.35 25.28 25.39 25.39 25.39 25.43 25.40 25.46 25.41 25.44 25.46 25.48 25.47 25.53 25.53 25.56 25.59 25.55 25.56 25.61 25.58 25.59 25.59 25.51 25.47 25.51 25.46 25.39 25.34 25.31 25.28 25.34 25.36 25.37 25.38 25.39 25.42 25.39 25.38 25.35 25.32 25.35 25.32 25.34 25.35 25.32 25.32 25.35 25.37 25.31 25.36 25.31 25.30 25.32 25.25 25.24 25.26 25.18 25.13 25.14
25.30 25.32 25.31 25.34 25.35 25.36 25.35 25.37 25.36 25.34 25.35 25.37 25.38 25.36 25.39 25.38 25.36 25.42 25.42 25.47 25.44 25.40 25.41 25.46 25.49 25.49 25.53 25.45 25.50 25.52 25.48 25.56 25.59 25.56 25.56 25.51 25.54 25.51 25.51 25.53 25.45 25.40 25.31 25.32 25.29 25.23 25.24 25.28 25.27 25.30 25.36 25.35 25.36 25.34 25.34 25.35 25.35 25.31 25.30 25.31 25.33 25.28 25.29 25.29 25.31 25.29 25.26 25.27 25.31 25.26 25.26 25.23 25.20 25.21 25.18 25.12 25.11
25.28 25.26 25.28 25.32 25.37 25.34 25.36 25.36 25.37 25.35 25.34 25.37 25.38 25.38 25.40 25.41 25.37 25.39 25.43 25.43 25.44 25.42 25.39 25.43 25.41 25.41 25.42 25.48 25.48 25.48 25.48 25.48 25.51 25.50 25.49 25.44 25.39 25.41 25.47 25.51 25.49 25.39 25.44 25.40 25.41 25.35 25.29 25.27 25.23 25.26 25.28 25.31 25.35 25.33 25.31 25.29 25.35 25.34 25.37 25.28 25.29 25.32 25.30 25.24 25.22 25.22 25.21 25.17 25.21 25.17 25.19 25.15 25.09 25.06 25.09 25.05 25.06
25.27 25.24 25.26 25.33 25.36 25.32 25.33 25.35 25.37 25.34 25.34 25.35 25.35 25.35 25.38 25.36 25.36 25.39 25.42 25.41 25.40 25.42 25.40 25.45 25.39 25.41 25.43 25.48 25.47 25.50 25.47 25.45 25.43 25.41 25.41 25.43 25.46 25.43 25.45 25.46 25.40 25.42 25.42 25.40 25.38 25.31 25.30 25.28 25.32 25.27 25.23 25.20 25.23 25.26 25.21 25.28 25.27 25.26 25.26 25.27 25.31 25.34 25.26 25.20 25.19 25.18 25.22 25.19 25.11 25.10 25.05 25.05 25.02 25.01 25.06 25.08 25.09
25.24 25.23 25.25 25.32 25.35 25.32 25.31 25.28 25.32 25.33 25.31 25.32 25.33 25.31 25.33 25.32 25.33 25.36 25.35 25.35 25.35 25.37 25.37 25.38 25.39 25.38 25.42 25.42 25.39 25.44 25.42 25.45 25.43 25.47 25.50 25.49 25.49 25.53 25.52 25.53 25.48 25.42 25.44 25.44 25.36 25.32 25.32 25.35 25.33 25.32 25.31 25.28 25.33 25.29 25.26 25.27 25.23 25.21 25.19 25.21 25.25 25.24 25.23 25.20 25.17 25.11 25.13 25.10 25.08 25.04 25.05 25.05 25.04 25.08 25.08 25.12 25.14
25.23 25.23 25.28 25.30 25.30 25.33 25.33 25.34 25.33 25.34 25.33 25.30 25.31 25.31 25.32 25.33 25.31 25.34 25.36 25.36 25.38 25.34 25.33 25.29 25.34 25.37 25.38 25.38 25.48 25.46 25.44 25.37 25.44 25.43 25.43 25.46 25.44 25.47 25.50 25.47 25.44 25.40 25.33 25.42 25.34 25.25 25.31 25.29 25.30 25.26 25.18 25.20 25.23 25.26 25.23 25.22 25.21 25.16 25.14 25.16 25.19 25.19 25.14 25.14 25.06 24.99 24.96 25.00 25.05 25.07 25.08 25.08 25.04 25.09 25.15 25.15 25.14
25.27 25.30 25.29 25.32 25.30 25.31 25.30 25.34 25.34 25.31 25.32 25.30 25.27 25.31 25.32 25.32 25.31 25.35 25.36 25.37 25.39 25.39 25.36 25.38 25.33 25.29 25.30 25.30 25.38 25.37 25.39 25.33 25.35 25.31 25.25 25.35 25.40 25.46 25.52 25.48 25.42 25.37 25.30 25.32 25.28 25.21 25.20 25.18 25.20 25.19 25.19 25.18 25.11 25.15 25.18 25.18 25.18 25.17 25.15 25.14 25.13 25.11 25.10 25.07 25.06 25.10 25.10 25.12 25.08 25.08 25.10 25.08 25.04 25.03 25.06 25.04 25.05
25.27 25.28 25.29 25.28 25.30 25.31 25.33 25.33 25.35 25.32 25.30 25.30 25.28 25.21 25.22 25.28 25.34 25.36 25.37 25.40 25.38 25.36 25.38 25.40 25.32 25.31 25.20 25.23 25.27 25.30 25.29 25.27 25.36 25.24 25.23 25.29 25.34 25.41 25.42 25.44 25.34 25.29 25.22 25.18 25.21 25.17 25.16 25.17 25.15 25.13 25.13 25.14 25.12 25.11 25.06 25.07 25.12 25.11 25.11 25.08 25.05 25.09 25.05 25.04 25.02 25.01 25.01 24.99 24.98 25.01 24.96 25.00 24.98 24.99 25.06 25.06 25.00
25.24 25.25 25.25 25.21 25.22 25.30 25.30 25.36 25.36 25.30 25.31 25.31 25.34 25.21 25.28 25.29 25.30 25.30 25.33 25.36 25.36 25.29 25.34 25.33 25.31 25.33 25.23 25.27 25.25 25.22 25.27 25.21 25.17 25.24 25.19 25.17 25.36 25.32 25.32 25.24 25.27 25.25 25.20 25.17 25.10 25.07 25.07 25.16 25.12 25.10 25.10 25.11 25.05 25.01 24.95 24.97 25.00 25.06 24.97 24.96 24.93 25.00 25.00 24.94 24.95 24.97 24.93 24.87 24.81 24.92 24.98 25.00 24.95 24.99 25.00 25.01 25.03
