main/data/irradiance/13.12.2023.grid
ncols 839
nrows 679
xllcenter 112.0500
yllcenter -43.9500
cellsize 0.0500
nodata_value 99999.90
[rows 408 to 441 of 679, columns 616 to 692 of 839]
28.15 27.41 27.14 27.36 27.98 27.75 28.98 30.26 30.35 29.75 29.87 29.80 29.82 30.03 29.93 28.51 26.11 26.55 27.61 28.12 30.00 30.54 30.18 30.93 30.39 29.83 29.45 28.78 29.00 29.68 29.79 30.14 30.24 30.86 30.81 31.07 31.07 30.65 30.67 29.34 27.64 26.62 24.83 23.75 24.38 22.84 24.00 21.93 20.81 19.62 19.74 22.08 21.98 24.56 23.70 25.17 24.39 26.35 24.53 26.27 26.70 26.76 25.23 25.60 25.27 23.46 24.47 24.37 23.52 23.51 23.99 23.69 25.63 24.02 24.34 23.93 24.02
27.94 26.97 26.77 26.40 27.07 27.77 28.50 28.79 29.81 30.76 29.87 30.45 29.94 29.63 29.49 28.44 27.58 28.47 28.34 28.33 29.77 30.43 30.25 30.54 30.54 29.94 28.69 29.16 28.59 29.48 29.47 30.02 30.46 31.10 30.97 30.59 30.37 30.90 30.32 29.85 26.27 24.46 23.16 22.18 23.78 24.88 26.04 25.10 22.42 20.85 20.99 21.55 19.14 21.39 22.37 23.27 23.03 23.74 20.76 23.96 24.35 24.55 24.10 24.07 23.85 24.64 24.96 24.23 23.80 23.37 23.42 23.49 23.60 23.53 23.78 25.09 25.55
28.50 27.55 26.96 25.90 26.32 27.82 27.60 29.20 30.19 30.56 30.17 29.81 29.18 29.27 29.14 29.20 28.37 27.57 27.73 28.97 29.04 29.76 29.60 30.60 30.01 30.23 30.32 29.09 28.39 28.63 28.53 29.90 30.30 30.93 30.99 30.70 30.70 31.03 29.47 30.53 27.61 25.81 26.34 23.89 22.77 24.59 25.59 26.24 22.88 22.78 24.33 22.47 19.93 18.04 20.58 21.58 23.54 23.26 22.53 23.42 21.47 23.21 22.64 23.08 23.39 22.76 23.33 24.70 23.46 24.29 26.51 25.75 24.23 24.30 25.50 25.69 25.88
28.88 27.82 26.07 25.76 25.89 27.37 27.51 29.54 29.98 29.78 30.35 30.17 30.01 30.11 30.44 29.60 28.76 26.85 26.96 28.21 29.71 29.50 29.77 29.81 30.72 30.61 30.30 29.71 29.37 28.60 28.04 29.07 30.19 31.20 31.45 31.35 30.80 30.97 30.72 29.48 27.54 27.41 24.63 25.04 22.31 24.05 25.70 26.47 24.28 22.08 22.41 21.03 21.08 20.90 21.81 21.06 22.30 23.19 24.35 24.06 24.49 24.57 23.08 24.16 22.98 23.04 22.66 23.05 23.80 24.79 25.21 26.74 25.59 25.31 25.97 25.37 25.47
29.43 28.66 27.46 26.86 25.39 25.54 27.17 28.25 28.88 29.44 30.06 30.34 30.18 30.28 29.83 29.36 29.41 27.99 27.89 28.08 28.90 29.17 29.07 29.14 30.21 29.90 29.51 29.22 28.31 28.44 28.60 28.36 30.01 30.71 30.91 30.61 31.16 30.97 30.67 29.54 28.23 27.88 26.42 22.47 20.26 22.98 25.34 26.58 25.43 23.45 24.54 21.84 21.33 22.15 23.33 22.60 22.04 23.07 24.72 24.60 24.57 25.46 24.02 24.76 22.46 22.24 22.80 22.94 23.91 24.84 25.62 25.45 23.55 24.11 24.18 24.14 25.60
29.51 28.39 27.63 27.67 25.03 24.95 26.55 27.41 28.24 29.97 30.08 30.10 30.08 29.68 29.46 29.38 28.74 27.38 27.65 27.13 28.03 28.18 28.80 28.53 28.75 29.49 29.49 28.73 28.12 28.48 28.29 28.75 30.60 30.63 31.08 30.72 30.96 30.83 30.77 30.53 27.90 27.82 27.59 24.76 21.02 21.94 22.38 23.12 23.44 23.05 24.14 24.35 21.72 21.79 24.34 25.84 24.80 25.46 25.26 24.10 23.66 24.37 23.75 25.39 23.75 24.33 24.06 24.03 23.12 25.35 25.48 24.92 25.45 23.56 23.77 24.21 26.08
28.16 28.01 27.80 25.49 25.58 26.12 26.29 27.22 27.98 29.22 30.12 29.80 29.86 29.27 29.31 29.43 28.85 27.08 29.07 28.57 28.52 28.02 29.55 29.68 28.92 28.65 29.49 29.61 27.84 28.79 27.22 27.91 29.18 30.44 31.07 30.95 30.89 30.82 30.99 30.60 29.44 28.12 27.01 24.17 21.22 21.87 23.01 22.74 25.42 25.44 25.83 25.57 24.65 23.60 24.06 24.78 25.24 26.74 24.02 23.67 22.79 23.24 23.58 24.78 24.51 25.93 25.94 24.15 23.94 24.13 24.17 25.25 24.88 24.96 24.57 24.43 25.07
28.45 28.03 28.22 26.71 27.82 26.23 26.80 26.76 27.70 28.01 28.44 28.37 28.04 28.88 28.97 28.39 28.83 28.67 28.33 28.15 28.15 28.10 30.00 28.87 28.80 28.02 29.16 29.52 28.41 27.15 26.04 28.13 29.57 30.66 30.87 30.55 30.57 31.01 30.75 30.58 29.95 27.08 26.65 26.12 25.01 20.70 21.32 21.88 22.23 22.83 25.15 24.48 22.97 23.18 22.51 23.06 24.57 25.38 24.60 23.63 23.19 23.94 25.00 23.26 24.40 26.08 25.10 25.28 25.12 22.71 23.82 23.42 24.99 25.15 24.68 24.31 24.81
28.23 28.83 28.02 27.59 28.33 27.39 26.75 25.96 26.12 26.72 27.29 27.19 26.54 25.80 26.68 28.10 28.59 28.77 28.06 28.34 28.51 29.08 29.55 28.58 29.25 29.42 28.87 29.03 28.36 27.58 27.15 27.11 27.92 28.66 30.58 30.45 30.43 31.05 31.08 30.91 30.20 28.70 28.05 24.86 26.10 23.02 21.75 21.73 20.60 21.50 21.47 23.40 23.72 24.58 24.19 23.88 24.69 25.15 26.10 26.35 25.73 23.94 25.18 24.98 25.89 25.82 26.04 25.70 25.80 24.95 24.35 23.27 23.54 24.98 24.76 24.86 24.71
28.58 28.00 27.74 27.26 27.39 26.46 26.75 27.55 25.76 24.80 25.25 26.51 25.46 25.58 26.41 28.04 28.58 28.48 29.13 29.19 29.85 29.13 28.80 28.88 29.94 29.85 28.41 28.62 27.16 27.32 27.33 27.83 27.99 27.63 30.01 30.66 30.00 30.54 30.77 30.80 30.22 28.88 28.39 27.89 26.65 25.44 21.28 22.68 22.72 21.13 22.48 22.43 22.85 27.31 27.67 26.07 27.49 29.08 27.96 28.30 24.88 25.83 24.60 23.65 25.65 27.59 27.46 25.88 24.37 25.05 24.44 23.85 23.95 22.97 24.51 24.63 25.01
28.42 28.87 29.52 27.99 27.85 27.50 26.02 27.34 26.12 26.18 25.78 25.86 26.62 26.58 26.83 27.34 27.98 28.41 29.21 28.68 29.91 29.49 28.74 29.38 28.77 29.16 28.44 28.43 28.83 27.32 28.11 28.15 27.17 28.22 29.46 30.23 30.66 29.88 30.16 30.68 30.60 29.18 28.59 25.11 24.77 23.97 22.04 20.72 24.37 24.30 24.39 22.05 21.50 22.31 24.95 24.85 23.79 24.49 26.40 27.33 26.30 25.48 25.67 25.99 24.50 25.79 26.24 25.53 24.12 24.07 24.12 24.33 23.56 24.18 24.79 25.26 25.25
30.26 29.21 28.05 27.29 28.13 27.60 28.42 27.70 25.69 26.38 26.42 25.12 26.95 25.79 26.30 26.47 27.45 28.43 28.91 28.91 29.60 29.98 30.22 29.92 29.14 28.46 28.29 29.14 29.37 28.17 28.33 29.19 28.22 28.55 29.83 30.21 30.48 30.36 30.07 30.66 30.86 30.11 29.49 27.80 26.84 24.47 22.03 22.40 23.36 24.19 23.94 22.28 23.21 23.96 24.14 22.93 23.12 21.63 24.04 25.85 24.88 23.61 23.68 26.92 26.40 24.29 24.52 24.60 24.59 25.07 25.23 25.20 23.72 22.96 24.31 25.42 26.43
29.30 29.09 27.25 27.54 27.87 26.97 26.57 25.02 24.77 25.15 25.98 25.83 27.11 26.81 26.69 26.36 27.06 27.80 29.08 28.85 29.07 29.82 28.98 29.36 29.05 29.16 27.70 28.60 28.52 27.63 28.62 29.19 28.89 29.16 29.69 29.42 30.30 29.61 29.36 30.02 30.57 30.26 29.43 27.68 27.10 23.17 21.86 21.72 21.87 22.28 22.80 22.35 24.30 24.63 23.80 23.58 23.82 23.18 24.02 22.58 24.37 24.34 25.31 26.02 25.20 24.94 24.95 24.19 24.95 24.74 26.31 24.56 24.62 24.05 24.62 25.52 26.01
29.51 30.01 28.65 27.94 27.01 27.79 27.57 25.89 25.03 25.37 24.21 25.65 25.98 27.67 27.46 26.65 25.92 26.37 28.14 28.56 28.42 28.98 27.18 28.71 29.27 29.88 30.24 29.76 28.57 27.99 27.62 29.25 29.36 29.51 29.84 29.01 29.80 30.11 29.73 29.16 29.79 29.59 29.57 28.72 27.22 25.36 21.34 19.79 21.15 23.41 22.68 20.17 21.48 23.17 23.65 24.61 25.51 23.75 24.34 23.60 24.24 24.08 24.25 24.25 24.38 24.63 24.95 23.08 24.47 25.76 25.81 25.14 25.45 25.08 24.20 26.53 26.79
30.28 30.23 29.68 28.74 28.28 27.60 28.33 28.16 25.98 25.18 25.51 24.69 25.81 26.95 27.20 25.57 25.87 26.47 26.63 28.45 28.48 28.36 28.33 28.75 30.01 30.45 30.52 29.99 29.33 28.53 28.79 28.94 29.40 28.99 29.52 28.82 29.13 29.31 29.54 29.54 30.28 29.78 29.87 28.74 28.07 27.06 22.86 21.71 19.38 18.73 21.00 21.62 22.51 22.24 19.52 20.29 24.14 23.07 23.92 23.56 23.81 23.75 23.75 24.47 24.63 24.98 26.11 25.38 24.53 26.22 25.15 23.88 25.14 25.73 25.22 25.49 25.73
30.55 31.07 30.91 30.03 29.78 28.85 28.03 28.39 27.59 24.69 24.40 24.70 24.66 26.18 27.21 24.51 24.18 25.81 26.00 26.44 27.72 28.89 28.60 28.70 30.00 29.83 29.91 29.61 29.44 28.06 29.03 28.12 28.45 28.78 27.95 28.46 28.83 28.34 29.60 29.75 30.26 29.25 29.50 28.98 28.06 26.99 24.32 23.49 20.68 19.66 19.94 21.88 23.16 22.63 21.85 21.79 22.62 21.40 21.31 22.57 23.71 23.54 22.56 24.21 23.75 24.75 26.31 26.81 25.01 25.19 26.08 24.44 25.27 26.46 26.25 26.54 26.45
31.65 31.40 31.56 29.02 28.44 28.44 27.79 27.40 26.61 21.90 23.53 24.73 24.60 24.77 25.01 25.37 24.20 24.04 25.96 25.40 28.01 28.85 29.06 28.32 30.03 29.50 29.64 29.66 29.56 27.17 27.32 27.26 27.02 27.40 27.66 27.93 27.01 28.32 29.03 29.92 30.07 29.35 29.98 29.44 28.86 26.77 23.68 23.43 19.62 20.80 20.35 20.31 21.69 22.83 22.24 22.22 22.73 21.74 19.79 21.62 23.53 23.39 22.69 22.64 24.58 24.51 26.09 24.88 24.57 24.18 24.86 23.02 25.03 25.13 24.64 25.64 27.52
31.73 31.64 31.07 28.63 28.62 28.46 26.42 26.87 25.17 20.40 22.06 23.30 25.18 24.52 24.85 25.25 23.33 23.20 24.52 26.09 26.99 28.45 28.30 28.59 28.79 28.12 29.16 29.76 29.51 28.66 25.73 26.16 26.48 25.95 26.81 27.42 26.08 28.19 29.06 28.86 29.57 30.08 29.07 28.86 28.03 27.22 25.83 24.04 22.61 24.43 23.17 20.36 20.41 21.59 21.46 21.88 21.71 21.69 21.52 20.86 21.92 21.65 21.60 21.74 23.88 24.45 25.05 25.05 24.31 22.61 22.60 23.43 24.25 24.87 23.35 25.84 26.57
30.46 30.92 30.73 30.08 28.99 26.47 26.94 25.96 24.09 22.29 22.36 23.45 24.15 24.91 23.78 24.47 22.63 24.00 25.92 26.65 27.05 28.75 28.80 28.01 28.33 28.92 29.53 28.81 28.77 28.45 26.33 26.13 26.19 26.76 25.18 25.10 25.00 26.07 28.38 29.12 29.23 29.15 28.34 29.18 29.11 27.21 25.33 23.69 22.66 22.75 23.54 22.99 21.32 21.78 22.00 21.85 22.76 21.56 21.50 22.29 22.73 22.06 23.36 21.46 23.08 24.10 24.60 25.08 23.50 22.25 21.95 21.65 21.75 23.47 23.09 24.77 25.94
29.83 30.58 30.46 29.50 27.88 26.71 25.77 26.64 23.23 20.52 21.49 24.02 24.77 26.42 25.54 24.40 21.71 23.95 25.72 26.13 27.94 27.91 28.16 29.27 28.16 28.57 29.45 29.33 29.36 27.83 25.88 26.72 26.70 27.01 25.27 25.32 25.83 25.54 27.50 27.98 28.90 29.52 28.30 28.33 28.60 26.68 27.01 25.39 25.72 23.78 23.89 21.30 22.02 22.09 24.22 23.10 24.57 24.40 22.96 25.31 24.41 23.33 24.22 23.80 25.16 25.92 26.79 26.68 25.99 22.83 22.19 22.45 21.93 22.37 23.39 23.75 25.90
29.37 30.71 29.62 28.81 28.78 28.49 27.15 25.77 23.80 20.93 22.96 24.12 25.20 25.25 25.76 24.58 22.82 23.66 24.47 25.97 27.93 28.19 28.33 27.93 28.24 29.28 30.28 29.29 29.13 27.68 27.26 27.52 26.83 26.64 25.58 25.90 24.27 25.38 25.79 27.02 28.62 29.05 29.53 29.00 29.13 28.06 26.34 25.12 25.37 25.06 24.06 22.91 20.66 23.95 25.80 25.21 25.47 22.74 22.36 25.30 25.02 24.74 24.46 25.28 25.95 26.00 26.43 27.69 26.78 23.83 23.05 22.94 23.55 23.71 24.94 24.64 25.89
30.50 30.21 28.47 28.04 29.70 29.58 27.69 26.33 25.32 23.69 24.27 25.39 24.03 23.64 22.59 22.17 22.98 21.84 23.04 24.68 26.29 26.03 26.89 27.07 28.23 28.60 29.20 29.31 28.68 29.21 28.62 28.13 26.74 26.75 25.74 25.27 24.62 24.60 25.75 27.60 28.22 29.36 29.93 29.48 28.97 29.34 26.48 23.70 24.67 25.02 24.66 23.93 19.75 21.73 25.30 27.51 23.96 21.57 22.12 23.99 24.37 23.96 24.18 24.51 24.29 23.48 25.48 25.28 25.50 23.75 22.65 22.55 22.55 22.04 23.40 24.41 24.41
29.65 29.00 28.07 28.21 30.67 29.69 27.40 27.58 26.85 26.93 28.00 26.91 24.96 22.28 19.45 20.11 21.54 22.61 22.65 22.94 23.82 25.61 26.43 26.51 27.82 27.90 28.36 28.71 28.49 28.59 28.97 28.55 27.96 27.73 27.62 26.59 24.73 23.57 24.88 26.51 27.98 29.39 30.06 27.79 29.27 29.19 27.64 25.88 22.15 22.35 23.50 25.03 21.99 21.30 23.22 26.36 25.68 23.22 22.69 23.78 24.08 23.32 24.12 22.63 22.34 21.76 24.45 25.21 26.34 25.19 23.01 22.56 21.95 23.65 24.37 24.46 24.94
30.33 30.55 29.70 29.20 30.34 28.52 27.96 28.63 27.50 26.10 29.06 27.33 25.15 23.93 22.68 23.17 22.02 22.40 21.82 22.75 21.53 23.76 23.95 24.48 26.11 27.67 28.43 29.07 28.91 28.60 29.64 29.61 29.09 28.69 28.38 27.46 24.60 23.62 24.39 25.88 27.85 28.01 28.35 28.78 29.65 29.86 28.44 25.69 23.31 24.65 22.20 24.45 20.93 23.97 23.25 23.59 24.00 24.16 22.89 24.26 24.95 24.37 22.81 21.80 22.06 22.99 24.28 24.79 25.40 24.89 22.69 23.40 22.65 22.33 23.89 24.67 24.97
29.91 29.47 29.72 29.77 29.60 28.87 28.51 29.02 28.11 28.14 27.55 27.20 25.68 23.80 25.10 26.59 24.51 21.93 20.88 22.43 23.77 23.28 23.42 24.12 26.01 27.33 28.11 29.03 29.69 28.98 28.84 28.78 29.08 28.35 26.87 26.60 23.53 23.87 24.37 23.92 24.78 27.00 26.94 27.40 27.59 29.02 29.48 26.60 23.11 21.36 22.55 21.82 21.30 23.29 22.02 23.08 25.42 24.56 21.12 21.48 21.57 23.08 21.38 22.50 21.80 22.79 24.19 23.15 24.34 24.13 24.11 23.65 22.89 22.44 24.48 25.25 25.77
29.50 30.25 30.64 30.88 31.06 30.72 30.41 29.09 28.33 28.47 27.99 27.31 25.91 25.06 25.54 25.43 23.39 21.84 19.89 21.88 22.93 23.53 24.16 24.98 26.73 27.21 28.10 28.77 29.26 28.47 28.01 27.67 27.97 27.49 26.34 26.14 24.88 25.31 24.70 25.64 24.90 26.02 24.98 26.20 27.55 28.44 27.37 27.56 23.42 24.60 24.37 23.12 22.43 19.69 20.20 22.81 23.12 22.75 20.04 19.86 20.74 21.75 21.30 21.29 21.50 22.00 23.78 23.62 24.19 24.74 24.19 23.63 22.89 22.82 24.80 25.43 26.20
31.07 30.90 30.50 30.95 30.53 29.74 28.77 28.28 27.32 28.60 27.68 27.24 25.76 24.93 24.80 25.08 22.96 20.44 19.49 20.05 21.33 25.23 23.53 22.68 23.25 25.54 27.34 28.65 29.25 28.22 28.57 28.28 27.77 27.76 27.12 26.09 24.93 24.39 23.54 23.78 23.70 22.65 25.24 26.06 27.02 25.21 26.53 26.67 25.21 24.27 23.15 24.54 23.96 20.13 21.48 21.81 22.18 23.19 21.22 20.79 22.59 23.53 24.53 24.69 23.36 22.93 24.37 23.78 24.44 24.85 24.72 24.61 24.27 24.41 25.15 25.99 26.18
30.66 30.66 29.37 28.49 29.07 28.61 27.50 27.36 27.43 27.76 26.64 26.22 25.82 25.31 23.90 24.48 23.37 19.66 21.71 19.98 20.64 22.82 21.69 21.42 22.17 24.44 26.61 27.69 28.70 28.41 28.10 28.75 28.40 28.36 27.75 27.15 25.36 24.89 23.31 23.34 22.00 22.81 25.51 25.23 26.15 25.17 25.50 24.96 23.84 22.51 20.62 22.26 23.09 20.80 20.55 22.06 21.95 23.55 25.40 23.56 22.32 24.02 25.19 23.78 23.15 23.49 24.22 23.16 23.12 25.43 24.19 23.92 24.52 25.03 25.26 26.25 26.42
31.07 31.79 30.54 29.37 29.14 29.08 28.79 28.47 28.26 26.28 25.20 25.66 27.26 26.91 22.69 23.60 23.12 21.27 21.19 21.30 22.02 21.62 22.20 21.64 21.89 24.78 27.25 27.14 27.52 28.53 28.73 29.04 28.73 28.55 28.66 28.43 27.08 26.08 23.93 22.98 23.18 23.02 25.69 25.69 25.28 25.94 25.81 24.79 23.46 23.76 21.96 22.22 22.08 22.11 21.67 22.01 20.77 22.03 24.22 23.96 23.60 24.23 25.37 23.62 23.87 24.06 23.21 23.59 22.64 26.08 26.62 25.95 26.41 27.41 26.35 25.90 26.71
31.03 31.69 31.43 30.35 29.05 29.15 29.59 28.39 28.28 26.59 25.10 27.39 26.92 25.51 23.65 24.08 21.23 21.14 21.09 20.95 22.41 23.13 21.79 21.44 21.93 23.78 25.37 28.34 28.44 28.03 28.76 28.76 28.29 28.83 28.83 28.82 28.25 28.64 25.67 24.78 23.55 23.89 25.41 25.00 24.58 24.61 24.18 24.57 26.15 25.63 23.81 24.83 26.24 24.54 22.68 22.11 21.67 21.04 23.40 23.87 24.89 25.23 25.08 24.08 23.46 24.10 25.12 26.94 25.46 26.26 26.55 28.37 27.79 26.18 24.95 24.74 25.62
30.99 31.58 31.43 30.95 30.53 30.85 29.90 29.08 27.37 28.76 27.93 27.25 25.21 25.90 24.28 23.22 23.29 22.60 21.49 18.52 20.11 23.50 21.64 22.48 22.03 20.61 22.48 27.01 27.51 27.69 27.39 27.26 27.11 27.50 28.05 28.53 28.49 28.31 26.80 24.99 23.20 22.09 23.78 23.28 21.70 22.96 22.55 23.96 25.91 25.98 25.46 24.29 24.86 27.08 24.69 22.41 22.30 23.35 25.06 24.73 25.09 25.20 23.52 22.08 22.10 22.59 24.25 26.58 26.80 25.67 26.13 27.72 27.72 25.94 25.28 24.65 25.65
31.24 31.33 31.04 31.22 31.14 30.92 29.81 29.55 29.30 29.63 28.35 27.26 25.85 25.66 25.41 24.32 25.06 23.46 22.31 21.92 22.41 22.84 22.24 20.43 19.68 19.02 21.25 25.48 27.30 25.78 24.92 25.94 26.65 26.83 27.85 27.91 28.04 27.90 25.13 23.52 21.64 22.24 23.88 23.42 20.42 20.24 21.09 23.55 25.02 23.89 23.81 24.50 22.48 24.76 24.70 23.42 24.34 25.16 25.28 24.71 25.20 24.98 22.55 21.07 20.27 21.25 22.65 22.65 22.54 23.90 25.01 25.77 26.96 26.89 26.16 24.91 25.42
31.33 30.44 30.99 31.29 31.54 30.60 29.85 29.36 29.19 30.04 29.83 29.37 27.90 27.76 26.18 26.03 27.17 25.74 24.41 24.95 25.17 22.31 20.47 22.22 21.41 21.41 22.52 23.90 25.32 26.18 25.54 25.53 25.24 25.80 27.52 27.93 28.40 28.09 26.14 23.02 21.74 23.31 25.51 24.09 21.49 20.21 19.56 22.05 22.05 23.33 23.87 23.59 22.96 24.84 23.34 19.71 22.48 23.22 23.72 23.28 23.07 23.58 23.31 21.01 20.95 20.09 20.38 21.23 21.06 21.85 23.72 24.49 25.62 26.47 26.49 25.81 24.40
31.35 31.24 30.92 31.29 31.44 31.25 30.12 28.13 27.33 28.14 29.25 29.59 28.94 28.94 28.75 28.12 28.19 25.74 26.07 26.87 25.49 21.80 20.38 24.98 24.19 21.89 22.62 24.25 23.76 24.87 26.26 25.65 24.84 26.12 27.40 27.43 28.12 28.28 25.37 23.37 23.23 25.15 24.90 23.30 23.04 20.96 17.91 18.33 22.08 23.14 22.08 23.44 22.74 24.12 21.19 18.84 21.57 22.55 24.58 23.99 21.37 22.87 21.79 21.26 21.40 21.38 18.37 19.77 20.59 22.07 22.70 23.58 24.46 25.15 25.38 26.28 24.76
