main/data/irradiance/13.11.2023.grid
ncols 839
nrows 679
xllcenter 112.0500
yllcenter -43.9500
cellsize 0.0500
nodata_value 99999.90
[rows 408 to 441 of 679, columns 616 to 692 of 839]
29.78 29.72 29.86 29.90 29.94 29.96 29.90 29.86 29.87 29.90 29.92 29.92 29.94 29.96 29.91 29.88 29.90 29.83 29.89 29.87 29.81 29.77 29.78 29.76 29.74 29.75 29.73 29.76 29.76 29.75 29.77 29.75 29.67 29.88 29.77 29.79 29.74 29.77 29.79 29.74 29.70 29.76 29.77 29.80 29.74 29.57 29.67 29.73 29.75 29.72 29.70 29.74 29.68 29.72 29.71 29.71 29.69 29.68 29.66 29.66 29.63 29.63 29.67 29.68 29.69 29.69 29.69 29.69 29.67 29.64 29.63 29.63 29.65 29.67 29.69 29.63 29.60
29.78 29.74 29.80 29.77 29.82 29.90 29.87 29.85 29.82 29.91 29.88 29.86 29.84 29.95 29.89 29.89 29.92 29.89 29.87 29.84 29.81 29.75 29.74 29.72 29.72 29.70 29.68 29.75 29.75 29.84 29.80 29.75 29.84 29.78 29.72 29.75 29.79 29.78 29.78 29.80 29.76 29.79 29.85 29.74 29.71 29.74 29.79 29.83 29.69 29.71 29.72 29.73 29.65 29.70 29.72 29.67 29.65 29.64 29.65 29.66 29.66 29.68 29.71 29.69 29.69 29.71 29.69 29.66 29.64 29.65 29.63 29.64 29.67 29.67 29.63 29.58 29.56
29.70 29.73 29.80 29.76 29.87 29.85 29.87 29.90 29.81 29.87 29.98 29.90 29.90 29.87 29.88 29.89 29.83 29.82 29.30 29.91 29.74 29.70 29.70 29.70 29.71 29.73 29.74 29.76 29.80 29.81 29.79 29.82 29.82 29.76 29.75 29.74 29.76 29.79 29.77 29.74 29.77 29.80 29.80 29.79 29.78 29.72 29.70 29.73 29.68 29.69 29.74 29.72 29.65 29.66 29.65 29.64 29.63 29.64 29.66 29.65 29.65 29.69 29.70 29.73 29.66 29.67 29.66 29.66 29.64 29.68 29.65 29.64 29.65 29.64 29.61 29.53 29.53
29.71 29.76 29.77 29.78 29.87 29.94 29.94 29.90 29.83 29.84 29.91 29.97 29.91 29.91 29.90 29.84 29.77 29.79 29.66 29.87 29.80 29.72 29.72 29.67 29.68 29.75 29.72 29.71 29.73 29.78 29.75 29.65 29.75 29.81 29.80 29.81 29.77 29.71 29.72 29.77 29.74 29.76 29.78 29.79 29.70 29.65 29.67 29.71 29.66 29.65 29.69 29.62 29.62 29.64 29.63 29.62 29.64 29.72 29.71 29.64 29.65 29.67 29.65 29.64 29.62 29.65 29.66 29.68 29.68 29.64 29.66 29.67 29.64 29.62 29.58 29.54 29.52
29.81 29.79 29.72 29.93 29.90 29.95 29.94 29.91 29.92 29.89 29.88 29.85 29.86 29.90 29.84 29.78 29.92 29.82 29.82 29.81 29.75 29.71 29.86 29.74 29.81 29.84 29.75 29.69 29.77 29.65 29.68 29.67 29.70 29.72 29.65 29.72 29.73 29.75 29.79 29.72 29.73 29.70 29.68 29.72 29.65 29.64 29.66 29.63 29.64 29.63 29.63 29.63 29.63 29.64 29.62 29.61 29.63 29.63 29.65 29.63 29.63 29.63 29.64 29.63 29.63 29.64 29.65 29.67 29.61 29.61 29.61 29.64 29.60 29.55 29.55 29.56 29.54
29.86 29.81 29.87 29.95 29.87 29.92 29.94 29.88 29.90 29.89 29.92 29.87 29.87 29.87 29.84 29.89 29.93 29.95 29.81 29.75 29.74 29.74 29.65 29.71 29.81 29.80 29.74 29.52 29.64 29.68 29.74 29.73 29.75 29.71 29.67 29.73 29.76 29.82 29.68 29.72 29.72 29.71 29.73 29.70 29.68 29.74 29.71 29.65 29.63 29.59 29.65 29.64 29.64 29.62 29.62 29.62 29.65 29.63 29.67 29.64 29.67 29.63 29.64 29.67 29.68 29.64 29.65 29.66 29.65 29.66 29.64 29.64 29.56 29.55 29.55 29.57 29.58
29.76 29.78 29.82 29.92 29.88 29.89 29.93 29.93 29.87 29.89 29.92 29.83 29.82 29.79 29.79 29.64 29.89 29.84 29.76 29.83 29.76 29.70 29.67 29.81 29.76 29.74 29.66 29.42 29.67 29.65 29.57 29.55 29.52 29.64 29.59 29.59 29.68 29.55 29.62 29.70 29.71 29.76 29.66 29.66 29.71 29.73 29.75 29.63 29.69 29.60 29.62 29.62 29.62 29.63 29.63 29.62 29.65 29.63 29.62 29.63 29.63 29.63 29.61 29.64 29.65 29.64 29.66 29.67 29.66 29.63 29.59 29.56 29.52 29.54 29.58 29.61 29.65
29.89 29.88 29.88 29.90 29.89 29.88 29.90 29.91 29.85 29.88 29.91 29.87 29.76 29.76 29.84 29.95 29.83 29.72 29.56 29.61 29.59 29.63 29.54 29.75 29.80 29.78 29.72 29.79 29.80 29.66 29.60 29.67 29.56 29.72 29.68 29.69 29.71 29.66 29.63 29.60 29.79 29.75 29.73 29.71 29.77 29.75 29.71 29.68 29.64 29.66 29.64 29.63 29.62 29.64 29.64 29.63 29.64 29.63 29.63 29.66 29.64 29.64 29.61 29.57 29.60 29.63 29.65 29.66 29.65 29.61 29.53 29.49 29.50 29.57 29.57 29.63 29.63
29.80 29.84 29.88 29.91 29.86 29.93 29.93 29.93 29.89 29.88 29.88 29.82 29.78 29.76 29.78 29.83 29.70 29.72 29.80 29.77 29.83 29.67 29.58 29.76 29.74 29.72 29.68 29.67 29.72 29.70 29.66 29.71 29.72 29.25 29.33 29.75 29.83 29.80 29.68 29.63 29.66 29.63 29.64 29.71 29.74 29.75 29.78 29.69 29.65 29.66 29.65 29.64 29.62 29.63 29.64 29.65 29.64 29.65 29.68 29.67 29.67 29.68 29.62 29.56 29.56 29.62 29.65 29.65 29.65 29.55 29.45 29.46 29.51 29.63 29.62 29.65 29.63
29.87 29.82 29.82 29.86 29.86 29.91 29.91 29.92 29.86 29.82 29.83 29.79 29.76 29.77 29.76 29.75 29.72 29.75 29.76 29.75 29.76 29.79 29.70 29.68 29.08 29.51 29.66 29.74 29.74 29.53 29.68 29.71 29.70 29.51 29.70 29.71 29.74 29.71 29.65 29.67 29.63 29.66 29.66 29.68 29.73 29.74 29.70 29.67 29.67 29.66 29.66 29.66 29.66 29.68 29.65 29.66 29.66 29.68 29.63 29.67 29.66 29.69 29.66 29.60 29.54 29.61 29.62 29.64 29.58 29.46 29.47 29.54 29.56 29.62 29.65 29.64 29.65
29.92 29.88 29.87 29.86 29.89 29.90 29.87 29.87 29.86 29.90 29.81 29.74 29.77 29.78 29.76 29.67 29.65 29.69 29.75 29.73 29.74 29.77 29.76 29.80 29.65 29.46 29.63 29.78 29.72 29.69 29.64 29.58 29.57 29.59 29.63 29.71 29.69 29.60 29.63 29.71 29.62 29.63 29.67 29.68 29.66 29.68 29.68 29.65 29.67 29.67 29.67 29.69 29.69 29.67 29.64 29.67 29.67 29.65 29.63 29.65 29.67 29.66 29.62 29.59 29.52 29.53 29.60 29.59 29.51 29.44 29.59 29.64 29.60 29.62 29.64 29.66 29.66
29.92 29.90 29.93 29.89 29.86 29.86 29.87 29.83 29.83 29.85 29.86 29.79 29.76 29.79 29.74 29.69 29.66 29.70 29.70 29.64 29.68 29.72 29.67 29.70 29.73 29.80 29.79 29.70 29.76 29.71 29.69 29.54 29.65 29.75 29.67 29.71 29.68 29.65 29.59 29.64 29.68 29.66 29.66 29.67 29.65 29.69 29.71 29.73 29.72 29.70 29.67 29.67 29.66 29.67 29.68 29.70 29.67 29.65 29.66 29.62 29.64 29.64 29.64 29.63 29.58 29.49 29.58 29.50 29.44 29.59 29.61 29.65 29.63 29.64 29.66 29.72 29.65
29.77 29.86 29.88 29.86 29.81 29.80 29.76 29.76 29.78 29.83 29.92 29.87 29.76 29.77 29.82 29.80 29.78 29.71 29.70 29.70 29.69 29.65 29.63 29.65 29.67 29.72 29.79 29.66 29.72 29.70 29.72 29.70 29.78 29.75 29.73 29.71 29.65 29.62 29.60 29.63 29.68 29.67 29.66 29.65 29.66 29.73 29.70 29.72 29.67 29.70 29.70 29.70 29.66 29.66 29.67 29.68 29.66 29.66 29.67 29.64 29.65 29.65 29.62 29.62 29.59 29.52 29.49 29.53 29.65 29.68 29.65 29.64 29.65 29.69 29.68 29.67 29.62
29.86 29.83 29.81 29.82 29.83 29.81 29.76 29.72 29.72 29.80 29.86 29.83 29.77 29.83 29.81 29.84 29.81 29.75 29.77 29.79 29.75 29.67 29.61 29.68 29.69 29.68 29.69 29.70 29.58 29.64 29.74 29.78 29.75 29.76 29.74 29.66 29.66 29.60 29.60 29.65 29.66 29.67 29.66 29.64 29.66 29.73 29.73 29.69 29.71 29.69 29.72 29.71 29.74 29.72 29.70 29.70 29.68 29.69 29.69 29.70 29.66 29.65 29.61 29.62 29.60 29.60 29.60 29.61 29.63 29.65 29.63 29.65 29.66 29.66 29.67 29.65 29.62
29.89 29.79 29.73 29.73 29.76 29.77 29.76 29.77 29.76 29.78 29.78 29.74 29.79 29.84 29.94 29.85 29.84 29.73 29.74 29.76 29.77 29.68 29.64 29.67 29.68 29.77 29.71 29.72 29.65 29.54 29.72 29.74 29.73 29.69 29.65 29.65 29.61 29.60 29.64 29.68 29.66 29.66 29.65 29.63 29.64 29.75 29.74 29.71 29.69 29.71 29.71 29.76 29.72 29.68 29.65 29.65 29.65 29.65 29.66 29.65 29.69 29.60 29.60 29.65 29.63 29.61 29.62 29.64 29.65 29.67 29.66 29.66 29.68 29.66 29.66 29.64 29.64
29.90 29.85 29.75 29.71 29.73 29.80 29.69 29.73 29.74 29.74 29.77 29.80 29.75 29.81 29.78 29.79 29.75 29.70 29.72 29.79 29.74 29.69 29.67 29.69 29.72 29.70 29.74 29.79 29.84 29.75 29.71 29.68 29.63 29.54 29.58 29.58 29.57 29.63 29.67 29.66 29.64 29.62 29.63 29.63 29.61 29.69 29.72 29.71 29.67 29.68 29.67 29.65 29.67 29.66 29.65 29.63 29.61 29.63 29.63 29.61 29.62 29.60 29.63 29.65 29.61 29.60 29.62 29.61 29.62 29.63 29.66 29.64 29.67 29.66 29.66 29.64 29.65
29.88 29.79 29.76 29.73 29.70 29.76 29.72 29.73 29.76 29.71 29.84 29.76 29.89 29.87 29.79 29.70 29.78 29.69 29.72 29.74 29.76 29.61 29.60 29.64 29.68 29.62 29.79 29.85 29.83 29.83 29.70 29.66 29.55 29.39 29.50 29.56 29.65 29.67 29.65 29.64 29.62 29.60 29.63 29.65 29.66 29.70 29.70 29.68 29.67 29.70 29.69 29.66 29.66 29.62 29.64 29.63 29.61 29.63 29.64 29.64 29.62 29.62 29.64 29.64 29.64 29.63 29.63 29.63 29.63 29.63 29.65 29.65 29.65 29.66 29.66 29.66 29.65
29.88 29.77 29.73 29.73 29.75 29.77 29.71 29.73 29.73 29.72 29.80 29.80 29.77 29.86 29.80 29.75 29.74 29.71 29.66 29.64 29.65 29.60 29.67 29.68 29.60 29.66 29.78 29.63 29.41 29.71 29.72 29.69 29.47 29.21 29.57 29.67 29.68 29.67 29.66 29.64 29.63 29.61 29.62 29.61 29.66 29.66 29.65 29.68 29.68 29.67 29.66 29.65 29.64 29.63 29.66 29.63 29.64 29.62 29.63 29.61 29.61 29.63 29.65 29.64 29.61 29.62 29.62 29.62 29.62 29.63 29.62 29.63 29.63 29.65 29.66 29.66 29.67
29.76 29.78 29.70 29.70 29.76 29.79 29.76 29.79 29.74 29.77 29.80 29.78 29.74 29.87 29.74 29.66 29.70 29.70 29.54 29.62 29.50 29.47 29.70 29.64 29.53 29.35 29.49 29.34 29.54 29.44 29.67 29.68 29.34 29.54 29.69 29.69 29.71 29.68 29.72 29.68 29.62 29.61 29.59 29.68 29.70 29.67 29.74 29.68 29.68 29.67 29.65 29.68 29.67 29.64 29.64 29.66 29.66 29.67 29.64 29.63 29.64 29.67 29.68 29.65 29.64 29.66 29.64 29.64 29.68 29.65 29.63 29.66 29.66 29.65 29.66 29.66 29.64
29.68 29.66 29.66 29.69 29.70 29.72 29.72 29.77 29.74 29.71 29.80 29.78 29.72 29.75 29.72 29.59 29.70 29.64 29.57 29.51 29.38 29.42 29.51 29.44 29.49 29.25 29.52 29.57 29.57 29.37 29.60 29.54 29.57 29.67 29.71 29.71 29.66 29.70 29.70 29.66 29.64 29.60 29.65 29.67 29.67 29.66 29.65 29.68 29.68 29.67 29.62 29.64 29.62 29.66 29.68 29.66 29.68 29.64 29.66 29.65 29.65 29.64 29.63 29.65 29.65 29.64 29.64 29.65 29.64 29.67 29.67 29.66 29.64 29.61 29.59 29.65 29.64
29.77 29.72 29.66 29.63 29.68 29.71 29.66 29.73 29.74 29.68 29.71 29.70 29.70 29.75 29.63 29.62 29.63 29.64 29.56 29.53 29.36 29.27 29.32 29.42 29.39 29.66 29.67 29.56 29.54 29.44 29.33 29.49 29.62 29.68 29.72 29.69 29.71 29.65 29.69 29.66 29.65 29.63 29.70 29.64 29.62 29.67 29.67 29.67 29.65 29.62 29.63 29.61 29.62 29.70 29.65 29.66 29.66 29.66 29.67 29.66 29.65 29.64 29.67 29.67 29.66 29.66 29.66 29.65 29.65 29.66 29.64 29.63 29.62 29.59 29.54 29.64 29.58
29.81 29.84 29.77 29.75 29.73 29.67 29.68 29.73 29.73 29.69 29.59 29.62 29.57 29.66 29.62 29.47 29.54 29.51 29.54 29.47 29.31 29.23 29.11 29.13 29.38 29.61 29.67 29.66 29.58 29.46 29.14 29.48 29.60 29.69 29.69 29.71 29.74 29.68 29.69 29.65 29.67 29.64 29.69 29.64 29.66 29.70 29.71 29.66 29.59 29.62 29.65 29.62 29.64 29.64 29.62 29.65 29.65 29.65 29.63 29.67 29.68 29.66 29.65 29.64 29.62 29.66 29.66 29.67 29.66 29.65 29.60 29.61 29.62 29.58 29.55 29.56 29.59
29.65 29.60 29.73 29.70 29.63 29.66 29.68 29.71 29.71 29.33 29.65 29.67 29.40 29.49 29.59 29.64 29.53 29.53 29.53 29.55 29.16 28.68 28.83 28.65 28.74 29.63 29.66 29.59 29.51 29.33 29.05 29.29 29.54 29.63 29.65 29.67 29.70 29.69 29.69 29.67 29.66 29.65 29.63 29.66 29.68 29.74 29.69 29.67 29.64 29.65 29.60 29.63 29.66 29.62 29.65 29.69 29.68 29.66 29.65 29.68 29.71 29.68 29.66 29.66 29.64 29.64 29.65 29.65 29.64 29.67 29.62 29.56 29.59 29.59 29.55 29.57 29.57
29.66 29.58 29.62 29.72 29.64 29.63 29.65 29.62 29.64 29.49 29.64 29.62 29.59 29.48 29.55 29.54 29.58 29.62 29.47 29.43 29.06 28.83 27.26 28.45 28.39 29.57 29.56 29.49 29.53 29.02 29.12 29.32 29.55 29.54 29.58 29.67 29.67 29.64 29.65 29.65 29.65 29.62 29.66 29.69 29.63 29.63 29.64 29.66 29.68 29.62 29.56 29.62 29.58 29.58 29.59 29.61 29.61 29.62 29.65 29.66 29.65 29.59 29.65 29.67 29.66 29.63 29.64 29.63 29.59 29.62 29.61 29.60 29.58 29.59 29.56 29.51 29.48
29.66 29.59 29.65 29.60 29.53 29.59 29.65 29.68 29.68 29.62 29.62 29.45 29.34 29.45 29.52 29.57 29.60 29.56 29.44 29.31 29.36 29.34 27.35 27.17 28.07 29.61 29.64 29.60 29.55 29.47 29.35 29.42 29.64 29.56 29.58 29.64 29.65 29.66 29.63 29.66 29.68 29.67 29.66 29.72 29.66 29.63 29.66 29.65 29.66 29.68 29.57 29.54 29.56 29.62 29.61 29.62 29.63 29.66 29.60 29.66 29.65 29.61 29.62 29.65 29.67 29.65 29.65 29.65 29.56 29.61 29.60 29.62 29.63 29.61 29.58 29.41 29.61
29.76 29.66 29.64 29.61 29.51 29.58 29.64 29.70 29.57 29.58 29.58 29.57 29.62 29.48 29.31 29.56 29.54 29.53 29.50 29.36 29.39 29.56 29.38 28.77 28.27 29.53 29.51 29.55 29.56 29.56 29.58 29.62 29.62 29.60 29.60 29.62 29.65 29.66 29.65 29.65 29.63 29.67 29.68 29.67 29.68 29.67 29.63 29.65 29.63 29.63 29.63 29.56 29.58 29.56 29.61 29.65 29.63 29.63 29.64 29.64 29.64 29.63 29.64 29.62 29.63 29.63 29.64 29.66 29.62 29.28 29.55 29.60 29.63 29.61 29.58 29.54 29.57
29.82 29.71 29.69 29.68 29.60 29.62 29.69 29.55 29.43 29.50 29.50 29.55 29.57 29.69 29.63 29.52 29.47 29.42 29.51 29.18 29.32 29.44 29.27 29.59 29.51 29.54 29.51 29.55 29.58 29.56 29.59 29.60 29.63 29.63 29.62 29.61 29.61 29.57 29.60 29.61 29.59 29.61 29.61 29.62 29.66 29.63 29.64 29.63 29.60 29.59 29.59 29.59 29.55 29.58 29.64 29.63 29.62 29.61 29.53 29.61 29.60 29.60 29.62 29.60 29.63 29.59 29.58 29.62 29.63 29.63 29.62 29.68 29.62 29.60 29.33 29.12 29.39
29.77 29.80 29.74 29.72 29.67 29.59 29.47 29.30 29.29 29.35 29.51 29.32 29.36 29.69 29.61 29.52 29.45 29.37 29.41 29.21 28.99 29.38 29.39 29.65 29.68 29.61 29.54 29.56 29.59 29.59 29.60 29.58 29.64 29.65 29.63 29.65 29.65 29.61 29.59 29.64 29.64 29.62 29.60 29.63 29.63 29.62 29.60 29.57 29.54 29.63 29.61 29.61 29.59 29.60 29.62 29.65 29.62 29.64 29.61 29.58 29.61 29.62 29.62 29.65 29.59 29.56 29.63 29.62 29.61 29.56 29.59 29.56 29.55 29.51 29.49 29.37 29.60
29.73 29.84 29.77 29.67 29.62 29.54 29.50 29.44 29.37 29.44 29.51 29.52 29.61 29.70 29.67 29.45 29.52 29.49 29.23 29.01 28.96 29.28 29.53 29.63 29.62 29.55 29.53 29.58 29.59 29.56 29.55 29.55 29.61 29.65 29.67 29.64 29.67 29.65 29.62 29.63 29.60 29.51 29.62 29.65 29.64 29.64 29.61 29.60 29.56 29.63 29.60 29.63 29.64 29.62 29.62 29.61 29.64 29.61 29.62 29.63 29.63 29.61 29.62 29.63 29.60 29.60 29.62 29.62 29.61 29.57 29.61 29.59 29.51 29.50 29.54 29.59 29.65
29.72 29.73 29.74 29.63 29.54 29.48 29.75 29.67 29.57 29.43 29.56 29.40 29.67 29.67 29.64 29.50 29.53 29.56 29.44 29.24 29.43 29.54 29.48 29.51 29.49 29.53 29.51 29.50 29.52 29.54 29.54 29.51 29.53 29.54 29.52 29.56 29.59 29.56 29.52 29.57 29.57 29.55 29.60 29.62 29.63 29.61 29.57 29.56 29.58 29.59 29.63 29.62 29.59 29.58 29.59 29.62 29.60 29.60 29.62 29.58 29.56 29.57 29.60 29.60 29.58 29.58 29.60 29.59 29.59 29.58 29.50 29.52 29.45 29.52 29.49 29.52 29.47
29.62 29.55 29.71 29.59 29.65 29.59 29.58 29.54 29.63 29.65 29.50 29.34 29.66 29.61 29.54 29.56 29.60 29.64 29.57 29.52 29.50 29.61 29.54 29.51 29.51 29.56 29.52 29.53 29.56 29.57 29.60 29.57 29.58 29.61 29.60 29.61 29.61 29.60 29.55 29.59 29.63 29.61 29.60 29.62 29.64 29.61 29.60 29.56 29.57 29.62 29.64 29.61 29.59 29.58 29.60 29.62 29.64 29.61 29.63 29.62 29.58 29.58 29.61 29.64 29.62 29.64 29.61 29.59 29.54 29.57 29.51 29.51 29.60 29.58 29.56 29.59 29.54
29.78 29.57 29.43 29.63 29.70 29.64 29.53 29.49 29.39 29.47 29.10 29.33 29.49 29.42 29.35 29.40 29.62 29.62 29.52 29.57 29.53 29.56 29.55 29.56 29.50 29.51 29.45 29.54 29.62 29.59 29.57 29.56 29.55 29.54 29.60 29.60 29.63 29.61 29.63 29.64 29.63 29.61 29.61 29.60 29.60 29.59 29.60 29.56 29.56 29.63 29.64 29.64 29.61 29.59 29.62 29.53 29.33 29.58 29.62 29.62 29.60 29.59 29.61 29.64 29.61 29.61 29.59 29.58 29.54 29.58 29.52 29.48 29.58 29.50 29.54 29.60 29.57
29.79 29.11 29.64 29.63 29.64 29.54 29.34 29.31 29.26 28.95 28.80 29.06 29.55 29.49 29.34 29.37 29.36 29.51 29.48 29.43 29.49 29.55 29.54 29.50 29.49 29.51 29.46 29.49 29.59 29.60 29.55 29.57 29.60 29.58 29.67 29.66 29.57 29.58 29.63 29.63 29.62 29.64 29.57 29.55 29.61 29.57 29.54 29.52 29.61 29.64 29.65 29.66 29.66 29.64 29.63 29.61 29.55 29.63 29.64 29.63 29.60 29.62 29.62 29.62 29.54 29.58 29.58 29.55 29.58 29.52 29.59 29.58 29.60 29.55 29.50 29.54 29.57
29.62 29.68 29.61 29.51 29.41 29.60 29.48 29.48 28.96 28.73 29.19 29.35 29.56 29.50 29.38 29.15 29.02 29.36 29.44 29.49 29.54 29.57 29.58 29.50 29.46 29.45 29.46 29.41 29.51 29.57 29.59 29.60 29.62 29.53 29.54 29.48 29.54 29.57 29.62 29.62 29.63 29.59 29.58 29.54 29.54 29.46 29.62 29.51 29.62 29.63 29.61 29.61 29.64 29.64 29.58 29.62 29.61 29.62 29.61 29.62 29.60 29.58 29.60 29.60 29.56 29.59 29.57 29.60 29.60 29.59 29.59 29.60 29.61 29.59 29.56 29.57 29.62
