main/data/irradiance/13.12.2023.grid
ncols 839
nrows 679
xllcenter 112.0500
yllcenter -43.9500
cellsize 0.0500
nodata_value 99999.90
[rows 204 to 237 of 679, columns 77 to 153 of 839]
29.94 99999.90 99999.90 99999.90 99999.90 29.63 29.85 29.85 30.04 30.04 30.04 30.04 30.04 30.04 30.04 30.04 30.04 30.04 30.04 30.04 30.04 29.80 29.80 29.80 29.80 29.80 29.80 29.80 29.80 29.92 29.64 29.64 29.64 29.64 29.42 29.57 28.97 28.97 29.26 29.26 29.26 29.26 29.26 29.12 29.12 29.12 29.43 29.50 29.50 29.27 29.29 29.90 29.90 29.90 29.83 29.12 29.34 29.80 29.62 29.66 29.66 29.66 29.21 29.36 29.51 29.70 29.23 29.45 29.45 29.77 29.81 29.67 29.74 29.76 29.78 29.57 29.36
29.94 99999.90 99999.90 29.86 29.86 29.86 29.86 29.86 29.86 30.04 30.04 30.04 30.04 30.04 30.04 30.04 30.04 30.04 30.04 30.04 30.04 29.80 29.80 29.80 29.80 29.80 29.80 29.80 29.92 29.92 29.64 29.64 29.64 29.64 29.64 29.42 29.57 28.97 28.97 29.26 29.26 29.26 29.26 29.12 29.12 29.12 29.43 29.50 29.50 29.27 29.29 29.57 29.90 29.90 29.83 29.12 29.34 29.80 29.62 29.62 29.83 29.83 29.69 29.75 29.85 29.95 29.42 29.44 29.45 29.70 29.78 29.80 29.87 29.82 29.64 29.47 29.56
29.94 29.85 29.85 29.85 29.85 29.85 29.85 29.85 29.85 29.86 30.04 30.04 30.04 30.04 30.04 30.04 30.04 30.04 30.04 30.04 30.04 29.80 29.80 29.80 29.80 29.80 29.80 29.80 29.92 29.92 29.49 29.64 29.64 29.64 29.64 29.42 29.42 29.57 28.97 28.97 29.26 29.26 29.26 29.26 29.12 29.12 29.43 29.50 29.50 29.27 29.29 29.57 29.90 29.90 29.83 29.12 29.34 29.80 29.78 29.81 29.68 29.61 29.57 29.68 29.80 29.75 29.54 29.70 29.62 29.63 29.82 29.81 29.82 29.85 29.72 29.65 29.71
29.89 29.89 29.89 29.89 29.89 29.89 29.85 29.85 29.85 29.86 29.85 30.04 30.04 30.04 30.04 30.04 30.04 30.04 30.04 30.04 30.04 29.80 29.80 29.80 29.80 29.80 29.80 29.92 29.92 29.03 29.49 29.64 29.64 29.64 29.64 29.42 29.42 29.57 29.57 28.97 28.97 29.26 29.26 29.26 29.12 29.12 29.43 29.50 29.50 29.27 29.29 29.57 29.81 29.95 29.86 29.88 29.81 29.88 29.72 29.73 29.75 29.64 29.68 29.62 29.60 29.74 29.75 29.76 29.78 29.93 29.88 29.35 29.40 29.63 29.81 29.63 29.47
29.89 29.89 29.89 29.89 29.89 29.89 29.85 29.85 29.85 29.86 29.86 29.85 30.04 30.04 30.04 30.04 30.04 30.04 30.04 30.04 30.04 29.80 29.80 29.80 29.80 29.80 29.80 29.92 29.92 29.03 29.49 29.64 29.64 29.64 29.64 29.42 29.42 29.42 29.57 29.57 28.97 28.97 29.26 29.26 29.16 29.21 29.25 29.58 29.31 28.88 29.59 29.69 29.86 29.80 29.88 29.88 29.77 29.85 29.82 29.80 29.79 29.69 29.63 29.64 29.63 29.83 29.82 29.72 29.87 30.02 30.12 29.59 29.57 29.59 29.69 29.40 29.42
29.89 29.89 29.89 29.89 29.89 29.89 29.89 29.85 29.85 29.85 29.86 29.86 29.85 30.04 30.04 30.04 30.04 30.04 30.04 30.04 29.51 29.80 29.80 29.80 29.80 29.80 29.92 29.92 29.92 29.03 29.49 29.64 29.64 29.64 29.64 29.65 29.42 29.42 29.24 29.57 29.57 28.97 28.97 29.18 29.50 29.37 29.22 29.40 29.71 29.50 29.73 29.69 29.84 29.78 29.84 29.74 29.77 29.69 29.72 29.63 29.68 29.37 29.75 29.44 29.59 29.94 29.74 29.71 29.91 29.80 29.82 29.83 29.67 29.65 29.96 29.88 29.70
29.89 29.89 29.89 29.89 29.89 29.89 29.89 29.85 29.85 29.85 29.86 29.86 29.85 29.85 30.04 30.04 30.04 30.04 30.04 30.04 29.51 29.80 29.80 29.80 29.80 29.80 29.92 29.92 29.03 29.03 29.49 29.40 29.64 29.64 29.64 29.65 29.42 29.42 29.42 29.24 29.57 29.57 29.26 29.35 29.71 29.52 29.37 29.55 29.55 29.65 29.71 29.67 29.84 29.81 29.92 29.66 29.62 29.84 29.67 29.51 29.78 29.58 29.76 29.74 29.93 29.94 29.96 29.86 29.81 29.74 29.79 29.87 29.70 29.88 29.79 30.05 29.97
29.89 29.89 29.89 29.89 29.89 29.89 29.89 29.85 29.85 29.85 29.86 29.86 29.86 29.85 29.85 30.04 30.04 30.04 30.04 30.04 29.51 29.51 29.80 29.80 29.80 29.92 29.92 29.92 29.03 29.03 29.49 29.40 29.64 29.64 29.64 29.65 29.37 29.42 29.42 29.24 29.24 29.24 29.73 29.69 29.87 29.87 29.77 29.66 29.73 29.76 29.97 29.69 29.79 29.73 29.95 29.74 29.55 29.82 29.87 29.66 29.76 29.69 29.58 29.82 29.89 29.91 29.84 29.94 29.80 29.86 29.77 29.95 29.66 29.91 29.79 29.96 30.01
29.89 29.89 29.89 29.89 29.89 29.89 29.89 29.85 29.85 29.85 29.85 29.86 29.86 29.63 29.85 29.85 30.04 30.04 30.04 30.04 29.51 29.51 29.80 29.80 29.80 29.92 29.92 29.60 29.03 29.03 29.49 29.40 28.61 29.64 29.64 29.65 29.37 29.42 29.42 28.58 29.55 29.89 30.05 29.97 29.88 29.85 29.86 29.62 29.78 29.91 29.98 29.86 29.70 29.89 29.86 29.78 29.81 29.62 29.65 29.69 29.78 29.62 29.71 29.27 28.97 28.75 29.50 29.93 29.85 29.85 29.75 29.90 29.80 29.94 29.82 29.95 29.87
29.89 29.89 29.89 29.89 29.89 29.89 29.89 29.83 29.85 29.85 29.85 29.86 29.86 29.86 29.63 29.85 29.85 29.70 29.70 29.90 29.51 29.51 29.85 29.90 30.04 29.92 29.92 29.60 29.03 29.03 29.49 29.40 28.61 29.64 29.64 29.65 29.37 29.43 29.42 29.02 29.79 29.82 29.89 29.92 29.87 29.77 29.71 29.59 29.65 29.85 29.86 29.78 29.82 29.79 29.85 29.87 29.94 29.69 29.64 29.62 29.87 29.61 29.64 29.50 29.13 28.88 29.21 29.88 29.82 29.87 29.80 29.89 29.90 29.97 29.91 29.83 29.92
29.89 29.89 29.89 29.89 29.89 29.89 29.89 29.83 29.85 29.85 29.85 29.86 29.86 29.86 29.63 29.63 28.97 29.64 29.87 29.90 29.68 29.55 29.85 29.98 30.00 29.76 29.95 29.60 29.03 29.03 29.49 29.40 28.61 29.68 29.39 29.32 29.35 29.64 29.83 29.98 29.93 29.93 29.91 29.94 30.00 29.83 29.82 29.87 29.79 29.90 29.78 29.85 29.91 29.86 29.88 29.84 30.06 30.03 29.84 29.23 29.63 29.76 29.84 29.88 29.84 29.78 30.00 29.83 29.92 29.90 29.92 29.90 29.95 29.96 29.87 29.88 29.87
29.98 29.89 29.89 29.89 29.89 29.89 29.89 29.83 29.73 29.85 29.85 29.86 29.86 29.86 29.87 29.79 29.94 29.98 29.78 29.77 29.66 29.83 29.99 29.86 29.83 29.89 29.93 29.73 29.71 29.59 29.58 29.65 29.67 29.47 29.58 29.61 29.66 29.69 29.78 29.98 29.94 29.93 30.00 29.75 29.71 29.64 29.66 29.89 29.89 29.95 29.81 29.97 30.03 29.97 30.03 29.93 29.74 29.89 29.66 29.32 29.12 29.70 29.97 29.85 29.89 29.84 29.78 29.85 29.97 29.99 29.95 29.91 30.02 29.89 29.93 29.72 29.80
29.98 29.98 29.89 29.89 29.89 29.89 29.89 29.83 29.73 29.85 29.85 29.86 29.92 29.93 29.92 29.96 29.95 29.89 29.78 29.86 29.97 29.96 29.81 29.88 29.93 29.81 29.79 29.60 29.59 29.70 29.64 29.66 29.68 29.59 29.57 29.44 29.63 29.72 29.83 30.01 30.15 29.86 29.83 29.78 29.71 29.82 29.83 29.61 29.84 29.93 29.90 29.93 29.93 29.88 29.89 29.95 29.81 29.78 29.61 29.62 29.81 29.74 29.84 29.83 29.67 29.78 29.78 29.95 29.99 29.95 30.00 30.00 29.97 29.90 29.86 29.82 29.84
29.98 29.98 29.98 30.03 29.89 29.89 29.89 29.83 29.73 29.92 30.01 29.99 29.82 29.80 29.90 29.92 29.90 29.74 29.78 29.82 29.85 29.89 29.86 29.85 29.83 29.95 30.04 29.90 29.91 29.84 29.74 29.81 29.76 29.73 29.76 29.59 29.71 29.92 29.98 29.95 30.08 29.80 29.60 29.80 29.82 29.99 29.90 29.95 29.82 29.97 29.96 29.99 30.01 29.86 29.73 29.76 29.79 29.75 29.72 29.79 29.85 29.83 29.83 29.87 29.68 29.80 29.83 29.93 30.04 30.03 30.08 30.07 29.90 29.91 29.89 29.92 29.95
29.98 29.98 29.98 29.98 30.03 30.00 30.00 30.04 29.97 30.04 30.08 30.01 30.00 29.94 29.88 29.86 29.89 29.81 29.78 29.94 30.01 29.95 30.00 29.98 30.01 30.00 30.01 30.02 30.01 30.02 29.93 30.00 29.99 30.00 29.87 29.68 29.99 29.95 29.92 29.75 29.96 29.88 29.71 29.80 29.86 29.86 30.02 30.06 30.05 29.96 30.05 30.15 30.09 29.99 29.99 29.57 29.69 29.70 29.64 29.69 29.85 29.88 29.85 29.63 29.64 29.83 29.97 29.86 29.94 30.01 30.08 30.00 29.92 29.85 29.89 30.04 29.97
29.98 29.98 29.98 29.98 30.03 30.03 30.08 30.04 30.05 30.08 30.06 30.03 30.06 30.06 29.95 29.99 29.93 29.86 29.91 29.88 30.00 30.03 30.01 30.04 30.07 30.02 29.91 29.93 30.03 29.99 30.02 30.02 30.03 30.01 30.06 30.03 29.84 30.00 30.00 30.05 30.03 29.90 29.78 29.68 29.88 29.87 30.11 30.16 30.13 30.01 29.99 30.20 29.96 29.99 30.00 29.89 29.86 29.82 29.72 29.77 30.01 30.03 29.70 29.68 29.93 29.84 29.81 29.94 29.97 29.94 30.10 30.09 30.02 30.01 30.09 30.10 30.02
29.98 29.98 29.98 29.98 30.12 30.12 30.10 30.09 30.12 30.09 30.08 30.06 30.09 30.09 29.86 29.85 30.03 29.92 29.97 29.93 30.14 30.06 30.05 30.04 29.99 29.88 29.77 30.02 30.04 30.03 29.94 29.80 29.95 30.07 30.04 29.89 29.87 29.90 30.04 30.09 30.00 29.66 29.80 29.88 29.90 29.90 30.07 30.18 30.14 30.05 29.96 30.16 30.09 30.02 30.00 30.00 29.96 29.98 30.10 30.10 30.01 30.01 29.71 30.11 29.95 30.04 30.12 30.11 30.06 30.09 30.08 30.10 30.00 30.04 30.06 30.12 30.12
29.98 29.98 30.10 30.11 30.20 30.14 30.14 30.09 30.10 30.09 30.07 30.04 30.08 30.06 29.93 29.98 29.97 29.99 30.00 30.01 30.07 30.09 30.04 30.11 30.09 30.00 29.98 30.11 30.14 30.14 30.03 30.08 30.11 30.06 30.10 30.08 30.10 30.02 30.07 30.09 29.91 29.64 29.62 29.88 29.99 29.95 30.00 30.15 30.12 30.14 30.18 30.07 29.89 29.85 30.09 30.10 29.99 30.02 30.14 30.18 30.17 30.10 29.93 30.15 30.11 30.15 30.17 30.12 30.11 30.12 30.02 30.04 30.06 30.11 30.14 30.21 30.04
29.42 30.12 30.11 30.15 30.19 30.14 30.14 30.12 30.11 30.10 30.08 30.06 30.11 29.97 30.20 30.22 30.18 30.09 30.03 30.05 30.10 30.10 30.16 30.10 29.99 30.01 30.01 30.08 30.09 30.15 30.30 30.46 30.02 30.06 30.10 30.13 30.14 30.16 30.09 30.04 29.95 29.89 29.73 29.74 30.09 30.08 30.07 30.17 30.13 30.23 30.23 29.99 30.16 30.13 30.14 30.16 30.06 29.98 30.02 30.14 30.21 30.31 30.17 30.17 30.19 30.22 30.19 30.11 30.05 30.07 30.05 30.08 30.06 30.09 30.14 30.11 29.95
29.65 30.09 30.13 30.15 30.19 30.15 30.16 30.15 30.24 30.30 30.19 30.07 30.08 30.19 30.22 30.14 30.23 30.22 30.15 30.11 30.12 30.04 30.01 30.11 29.99 30.00 29.99 30.07 30.07 29.99 30.18 30.49 30.13 30.03 30.15 30.21 30.15 30.12 30.14 30.01 29.98 29.91 29.86 29.72 30.10 30.13 30.09 30.13 30.06 30.09 30.08 29.89 30.05 29.88 29.95 30.19 30.09 29.83 30.04 30.14 30.15 30.17 30.17 30.18 30.13 30.07 30.00 30.15 30.01 30.09 30.06 30.13 30.11 30.09 30.06 30.09 30.08
30.19 30.18 30.13 30.06 30.16 30.17 30.11 30.33 30.47 30.48 30.26 30.12 30.14 30.20 30.19 30.22 30.09 30.10 30.22 30.12 30.16 30.11 30.12 30.06 30.08 30.08 30.03 30.18 30.12 30.06 30.12 30.12 30.16 30.05 30.05 30.16 30.20 30.06 30.16 30.16 29.83 29.85 29.94 30.07 30.14 30.06 30.09 30.07 29.88 29.93 29.82 29.90 29.94 29.77 29.89 30.06 29.77 29.74 29.91 29.99 30.00 30.21 30.16 30.23 30.09 30.08 29.91 29.99 30.11 30.11 30.11 30.09 30.10 30.09 30.01 30.11 30.07
30.19 30.20 30.16 30.17 30.13 30.19 30.13 30.12 30.16 30.12 30.11 30.07 30.08 30.07 30.16 30.16 30.18 30.21 30.26 30.16 30.02 30.14 30.12 30.09 30.09 30.10 30.10 30.12 30.15 30.14 30.11 30.14 30.13 30.10 30.12 30.16 30.23 30.22 30.13 30.18 30.16 30.07 30.16 30.18 30.18 30.15 30.09 29.83 29.79 29.94 29.94 29.93 29.97 29.83 29.73 29.70 29.74 29.86 29.77 29.87 29.88 30.13 30.08 30.18 30.15 30.08 30.10 30.06 30.06 30.04 30.05 30.12 30.15 30.14 30.02 30.05 30.07
30.21 30.23 30.24 30.22 30.20 30.18 30.12 30.21 30.27 30.20 30.09 30.07 30.11 30.10 30.08 30.12 30.08 30.12 30.12 30.14 30.12 30.28 30.11 30.08 30.10 30.07 30.08 30.14 30.17 30.16 30.16 30.15 30.12 30.18 30.17 30.19 30.20 30.20 30.20 30.16 30.17 30.21 30.17 30.17 30.19 30.15 29.95 29.86 29.73 29.81 30.00 30.06 29.96 30.04 29.76 29.78 29.87 29.99 29.93 29.86 29.96 30.17 30.11 30.14 30.10 30.11 30.09 30.12 30.04 29.94 29.95 30.01 30.17 30.11 30.09 30.11 30.09
30.18 30.22 30.18 30.24 30.21 30.17 30.14 30.11 30.23 30.21 30.11 30.11 30.10 30.09 30.08 30.17 30.24 30.26 30.40 30.42 30.14 30.12 30.10 30.12 30.12 30.10 30.10 30.13 30.13 30.15 30.16 30.14 30.15 30.15 30.17 30.22 30.19 30.25 30.23 30.18 30.13 30.22 30.22 30.22 30.18 30.09 30.17 30.08 29.86 29.90 29.98 30.07 29.89 29.87 29.91 29.95 30.00 29.99 29.92 29.98 29.90 30.11 30.13 30.06 30.17 30.14 30.07 30.12 30.09 29.86 29.65 29.84 30.05 30.02 30.14 30.10 30.17
30.19 30.23 30.25 30.20 30.22 30.21 30.17 30.13 30.24 30.22 30.13 30.10 30.09 30.11 30.15 30.17 30.11 30.36 30.51 30.15 29.88 29.94 30.08 30.14 30.17 30.13 30.10 30.10 30.15 30.19 30.17 30.19 30.21 30.20 30.25 30.27 30.24 30.20 30.26 30.23 30.17 30.23 30.24 30.23 30.19 30.19 30.12 30.00 30.01 29.74 30.02 30.07 30.12 29.93 29.92 29.94 29.99 29.92 29.95 30.05 29.94 29.99 30.22 30.17 30.22 30.22 30.16 30.13 30.04 29.81 29.72 29.73 29.76 29.89 30.13 30.10 30.05
30.24 30.26 30.10 30.18 30.20 30.22 30.19 30.17 30.14 30.31 30.25 30.16 30.15 30.09 30.09 30.18 30.12 30.12 30.19 29.94 29.69 29.75 29.75 30.12 30.25 30.19 30.29 30.14 30.12 30.11 30.15 30.16 30.20 30.27 30.30 30.29 30.29 30.18 30.16 30.18 30.20 30.19 30.19 30.22 30.22 30.17 30.16 30.03 30.00 29.89 29.98 30.05 30.14 30.04 29.89 29.80 29.89 29.98 30.03 30.07 29.92 29.89 29.99 30.20 30.21 30.19 30.20 30.16 30.24 29.95 29.93 29.79 29.86 29.75 30.02 30.06 29.96
30.23 30.10 30.22 30.20 30.20 30.22 30.23 30.18 30.14 30.31 30.52 30.54 30.49 30.16 30.14 30.15 30.15 30.13 30.21 30.06 29.90 30.01 30.03 30.35 30.34 30.16 30.30 30.28 30.23 30.24 30.23 30.22 30.27 30.31 30.31 30.33 30.30 30.22 30.20 30.17 30.18 30.21 30.22 30.26 30.23 30.20 30.15 30.03 30.01 30.05 30.10 30.07 30.12 29.80 30.09 29.78 29.80 30.13 30.13 30.08 30.00 29.90 29.94 30.12 30.26 30.21 30.15 30.09 30.18 29.88 29.91 29.82 29.82 29.95 29.99 30.10 30.10
30.25 30.20 30.19 30.14 30.22 30.24 30.20 30.24 30.18 30.18 30.51 30.55 30.50 30.20 30.16 30.19 30.16 30.20 30.17 29.82 29.84 29.89 30.03 30.06 30.36 30.19 30.26 30.28 30.27 30.28 30.27 30.25 30.27 30.50 30.54 30.45 30.31 30.26 30.21 30.19 30.09 30.15 30.21 30.24 30.21 30.19 30.15 30.14 30.05 30.06 30.07 30.16 30.16 29.93 30.15 30.03 29.80 29.94 30.02 29.81 29.86 29.82 29.92 30.04 30.12 30.10 30.14 29.94 30.05 30.07 29.96 29.85 29.81 29.98 30.07 30.17 30.15
30.23 30.27 30.23 30.22 30.22 30.28 30.21 30.19 30.18 30.46 30.55 30.57 30.57 30.22 30.18 30.20 30.20 30.21 30.08 30.05 30.09 30.17 29.96 30.19 30.05 30.19 30.19 30.28 30.33 30.31 30.30 30.30 30.29 30.49 30.50 30.35 30.25 30.31 30.27 30.20 30.01 30.11 30.26 30.23 30.22 30.23 30.21 30.22 30.12 30.17 30.24 30.30 30.29 30.31 30.03 29.87 29.42 30.02 29.96 29.85 29.84 29.81 29.81 30.02 30.13 30.16 30.15 29.90 29.99 30.04 29.92 29.96 29.96 29.89 29.92 30.13 30.16
30.25 30.25 30.29 30.26 30.27 30.26 30.29 30.25 30.29 30.26 30.19 30.29 30.36 30.25 30.21 30.23 30.26 30.22 30.00 30.08 30.26 30.34 30.31 30.36 30.16 30.21 30.30 30.26 30.28 30.24 30.26 30.30 30.33 30.26 30.22 30.24 30.24 30.27 30.23 30.27 30.22 30.18 30.30 30.22 30.22 30.21 30.23 30.22 30.24 30.27 30.30 30.34 30.29 30.33 30.26 29.94 29.83 29.82 29.48 29.83 29.84 29.94 29.93 30.05 30.02 30.01 30.26 29.89 29.90 30.08 29.99 29.80 29.85 29.90 30.08 30.15 30.19
30.25 30.29 30.29 30.30 30.29 30.26 30.30 30.31 30.22 30.20 30.20 30.22 30.21 30.22 30.24 30.24 30.29 30.32 30.30 30.35 30.33 30.30 30.30 30.30 30.30 30.33 30.24 30.26 30.25 30.20 30.27 30.34 30.36 30.29 30.26 30.27 30.27 30.27 30.24 30.27 30.27 30.28 30.29 30.27 30.23 30.09 30.24 30.34 30.40 30.53 30.35 30.23 30.25 30.27 30.17 30.12 30.10 29.85 29.72 29.94 29.92 29.94 29.89 29.89 29.85 29.84 30.21 29.99 29.97 29.92 30.05 29.93 29.74 29.92 30.13 30.15 30.16
30.17 30.24 30.33 30.29 30.28 30.26 30.22 30.28 30.26 30.25 30.24 30.23 30.26 30.26 30.29 30.31 30.32 30.30 30.31 30.33 30.32 30.28 30.31 30.33 30.31 30.34 30.32 30.32 30.33 30.34 30.36 30.38 30.37 30.34 30.36 30.36 30.35 30.23 30.20 30.26 30.30 30.29 30.28 30.30 30.33 30.19 30.22 30.32 30.49 30.50 30.33 30.11 30.25 30.19 30.00 29.99 30.25 30.14 29.91 29.97 29.94 30.13 30.04 30.03 29.87 29.93 30.23 30.08 30.05 30.05 30.17 29.94 29.81 29.81 29.96 30.09 30.23
30.26 30.26 30.28 30.28 30.27 30.23 30.17 30.26 30.24 30.35 30.29 30.30 30.26 30.25 30.33 30.33 30.32 30.30 30.25 30.34 30.34 30.32 30.31 30.32 30.34 30.34 30.32 30.34 30.31 30.21 30.36 30.39 30.38 30.36 30.35 30.35 30.36 30.31 30.33 30.29 30.27 30.31 30.24 30.23 30.32 30.33 30.34 30.36 30.45 30.30 30.25 30.17 30.25 30.19 30.27 30.17 30.29 30.31 29.95 29.94 30.04 29.94 29.96 29.96 30.03 30.09 30.28 30.12 30.02 30.10 30.10 29.91 29.79 29.47 29.64 30.09 30.27
30.22 30.16 30.26 30.32 30.30 30.23 30.20 30.29 30.29 30.32 30.32 30.28 30.31 30.32 30.33 30.32 30.32 30.36 30.30 30.32 30.17 30.18 30.31 30.35 30.34 30.36 30.33 30.35 30.37 30.23 30.22 30.29 30.39 30.38 30.38 30.39 30.40 30.42 30.37 30.36 30.32 30.35 30.34 30.34 30.26 30.35 30.32 30.36 30.42 30.32 30.25 30.35 30.36 30.19 30.33 30.27 30.26 30.33 30.11 29.83 30.16 29.91 29.98 29.90 30.04 30.08 30.25 30.06 29.98 30.01 30.10 29.86 29.94 29.89 29.75 30.13 30.27
