main/data/irradiance/13.11.2023.grid
ncols 839
nrows 679
xllcenter 112.0500
yllcenter -43.9500
cellsize 0.0500
nodata_value 99999.90
[rows 408 to 441 of 679, columns 308 to 384 of 839]
27.70 28.05 27.45 27.06 26.78 26.79 27.07 28.17 27.94 28.06 28.38 27.74 26.72 25.51 25.61 25.87 26.31 26.56 27.46 27.62 27.57 27.04 26.04 26.49 27.53 27.14 27.44 27.26 26.97 25.52 25.85 25.88 24.93 26.04 26.49 25.35 25.05 25.73 26.19 26.46 26.89 27.71 27.31 27.27 27.07 26.81 25.78 25.85 25.69 26.44 26.83 26.83 27.03 26.22 24.74 24.60 24.41 25.29 24.25 23.74 23.90 23.76 23.07 23.71 24.49 24.73 23.61 23.91 24.50 24.25 22.97 21.17 20.41 19.38 17.88 18.34 17.61
27.44 27.70 27.01 27.41 27.09 27.34 27.71 27.66 28.29 28.44 28.01 27.61 27.16 26.50 27.00 26.33 26.27 26.95 26.51 28.10 28.14 27.07 26.51 26.75 27.17 26.89 27.40 27.29 27.92 27.30 26.48 26.28 26.23 26.26 27.08 26.15 25.69 25.77 25.86 26.42 26.50 26.96 26.60 26.37 26.37 26.40 25.94 25.11 25.92 26.21 25.87 26.20 26.72 25.49 24.39 24.46 24.40 25.15 23.78 24.77 24.53 23.69 22.98 23.08 24.84 24.48 23.19 23.50 22.91 23.63 22.32 20.98 19.64 18.43 17.93 18.24 19.08
27.28 27.85 27.33 26.81 26.83 27.65 27.65 28.49 28.28 28.28 28.16 27.52 27.41 26.94 27.71 27.54 27.23 27.00 26.94 28.41 28.47 27.92 26.91 26.76 27.34 27.19 27.48 27.77 27.87 27.37 26.63 25.96 25.86 26.73 27.14 26.95 26.24 26.24 25.97 24.72 25.33 25.84 25.41 26.16 25.69 25.12 24.77 25.41 26.29 25.41 25.01 25.26 25.37 24.58 23.33 22.64 22.69 23.77 23.28 25.15 24.57 24.11 23.20 23.59 25.16 24.05 23.38 22.73 22.76 23.70 23.41 22.04 20.54 19.07 18.90 19.36 18.41
27.65 27.89 27.86 27.71 27.33 28.02 28.89 28.60 28.66 28.12 27.73 28.03 27.84 27.45 27.78 28.20 27.90 27.34 28.15 28.39 27.52 27.39 27.06 27.24 27.47 27.58 28.08 28.08 27.86 27.25 26.61 25.78 25.66 26.01 26.86 27.62 26.85 26.98 26.10 25.19 25.22 25.07 24.38 25.66 25.67 24.71 24.42 25.55 26.04 24.59 24.49 25.14 24.88 24.65 23.28 21.93 22.29 22.14 23.47 24.61 23.81 23.51 23.90 24.11 24.22 23.53 22.48 22.25 23.07 23.97 24.63 22.57 20.19 18.32 18.47 18.75 18.36
27.87 28.13 28.51 28.11 28.35 28.39 28.76 28.82 27.86 27.64 26.89 27.85 27.90 27.80 27.05 27.99 28.35 28.15 28.77 28.15 26.93 26.90 26.96 26.47 26.67 28.04 28.91 28.36 28.79 27.16 26.58 25.96 25.28 25.24 26.49 27.25 26.63 26.42 25.80 24.35 24.29 24.97 24.93 25.09 24.44 23.65 23.50 25.04 24.95 24.01 24.41 24.83 25.15 24.73 23.58 22.35 22.23 22.41 22.91 23.84 23.88 23.40 23.40 23.10 23.49 23.75 23.64 22.79 22.43 22.80 24.39 23.39 21.58 20.06 20.37 20.58 19.84
28.04 27.78 28.43 27.99 28.26 28.43 28.22 28.18 27.81 27.01 27.84 28.31 27.88 27.53 27.01 27.61 28.60 27.87 27.97 27.85 26.94 26.13 26.38 25.89 25.86 27.06 28.20 27.70 28.01 27.41 26.22 25.81 25.29 24.61 26.17 26.49 25.34 25.82 25.60 24.59 23.78 23.62 24.05 24.50 23.40 22.93 23.88 24.37 23.92 23.26 24.74 25.54 25.69 24.95 24.37 23.01 22.26 22.50 23.78 23.59 23.88 22.86 22.61 22.71 22.94 24.68 24.45 23.27 22.79 23.26 23.50 22.18 20.83 20.39 21.12 20.82 20.10
28.19 28.49 28.81 28.76 29.01 28.18 28.45 28.02 27.82 27.46 28.07 27.97 27.18 27.69 28.03 28.54 28.24 27.48 27.88 27.57 26.20 26.15 26.34 26.18 25.59 27.55 28.22 28.05 28.21 27.98 27.11 26.47 25.53 25.92 26.80 25.91 24.83 24.19 24.16 24.48 22.80 22.92 23.68 24.06 23.40 22.48 23.26 23.11 23.18 22.54 24.85 24.99 24.99 24.20 23.72 23.28 22.54 22.97 23.77 23.26 22.80 21.92 21.90 22.02 22.89 22.79 22.42 22.61 21.83 22.16 22.70 22.05 19.99 19.48 20.18 19.81 18.97
28.04 28.84 28.04 28.01 28.32 27.52 27.73 27.63 28.02 27.69 27.64 27.45 26.85 27.51 28.31 29.09 27.74 27.55 28.29 27.92 25.80 25.76 26.50 26.29 25.94 28.40 28.01 28.16 28.63 28.69 27.94 27.45 26.70 25.93 26.43 25.22 24.13 24.24 22.11 22.16 21.87 22.75 23.58 24.71 24.04 23.20 22.32 21.99 21.32 22.17 24.10 24.76 24.15 24.13 23.32 22.34 21.89 23.21 22.83 23.05 22.68 22.73 21.49 21.74 21.04 21.35 22.06 21.94 20.46 20.75 21.93 21.40 20.39 20.30 20.66 19.61 18.80
28.05 27.60 27.57 27.67 28.22 28.83 28.57 28.88 28.13 27.66 27.54 26.90 26.64 27.51 27.77 28.39 28.09 27.09 28.28 28.15 27.03 26.81 26.71 26.41 26.99 28.02 27.95 28.35 28.85 28.75 28.18 27.11 27.02 25.93 25.37 25.28 24.30 24.22 23.62 22.44 22.54 21.97 23.02 22.62 23.02 22.28 21.68 22.14 20.67 21.40 23.32 22.52 23.01 23.29 21.80 22.09 22.26 22.79 22.73 22.57 22.37 22.43 22.10 20.79 20.34 21.12 20.77 20.75 20.04 20.54 21.38 21.27 20.35 20.94 20.75 19.23 18.32
28.05 27.60 26.86 28.46 28.63 28.85 28.60 28.08 28.14 27.07 27.57 27.22 26.29 26.32 26.84 27.45 27.70 27.37 27.56 27.79 28.02 27.93 27.31 26.38 26.59 27.49 28.52 28.38 28.27 28.38 28.17 27.48 27.43 26.22 25.89 25.47 25.06 23.62 23.29 22.23 21.77 22.36 22.55 21.51 22.45 21.49 20.98 21.57 20.82 21.26 22.02 21.19 21.60 21.89 20.42 20.77 21.68 20.94 20.07 21.56 21.98 22.32 21.43 19.62 19.71 20.61 19.62 19.76 20.58 20.17 21.19 21.16 20.84 20.79 20.44 19.29 18.41
27.62 28.44 28.29 28.38 27.97 27.89 28.73 28.06 27.40 26.59 26.74 27.20 27.91 27.43 27.65 27.83 27.05 27.90 27.55 27.77 27.72 27.80 27.29 26.94 27.05 27.48 28.74 28.81 28.83 28.39 27.12 27.60 26.73 26.00 25.40 25.98 24.54 23.43 23.27 22.13 20.96 21.95 21.87 20.88 21.25 21.28 20.68 20.23 20.82 20.57 20.87 20.80 21.62 20.41 19.43 19.42 20.33 20.14 18.99 20.96 21.71 21.11 19.62 18.75 19.78 19.77 18.98 18.41 19.88 19.68 20.33 20.58 20.02 19.56 19.20 18.46 17.97
27.16 27.81 28.43 27.99 28.02 28.24 28.85 28.28 27.02 25.87 26.40 26.92 28.41 27.90 26.95 27.84 27.66 27.88 27.47 27.85 27.61 26.93 26.73 26.50 26.77 27.59 27.70 28.93 28.04 27.33 26.52 26.38 27.17 26.36 26.25 25.72 24.72 23.94 23.38 22.45 20.74 20.55 19.93 20.99 21.63 21.49 21.01 19.87 20.39 19.53 18.88 20.24 20.08 20.17 19.01 18.60 20.08 20.26 19.16 20.85 20.92 19.98 19.09 19.17 19.74 19.06 18.55 17.86 18.15 18.98 19.42 20.17 19.49 19.17 17.98 17.56 17.05
26.91 27.20 27.54 27.90 27.35 27.99 28.52 27.24 26.29 25.53 25.80 26.03 26.13 27.20 28.08 28.13 27.76 27.16 27.27 27.70 27.79 26.30 26.43 26.12 25.87 27.93 27.90 28.66 27.68 27.04 26.98 26.22 26.99 26.82 26.42 25.00 24.59 23.82 24.67 22.86 21.71 21.00 19.71 19.20 20.69 20.97 21.19 20.45 19.56 19.39 19.13 18.91 19.15 19.03 18.45 18.33 19.98 19.47 18.82 20.06 19.17 19.09 18.55 19.30 19.64 18.66 18.45 17.72 18.27 18.35 17.93 19.21 18.93 19.29 18.36 17.56 16.74
27.75 27.42 27.24 27.64 27.48 27.36 27.81 27.41 27.18 25.94 24.81 25.77 26.27 27.54 27.00 27.82 27.61 27.11 27.62 27.82 27.65 26.19 25.63 25.94 24.20 26.28 28.12 28.03 27.22 27.45 26.57 26.50 25.75 25.84 24.93 24.77 24.19 23.58 23.48 22.81 23.00 21.65 21.12 20.16 20.50 21.11 20.83 20.09 19.09 19.41 19.17 19.02 18.51 18.57 17.76 17.38 18.46 18.75 18.65 19.02 18.01 18.35 18.36 18.26 18.85 18.98 17.93 17.49 18.02 17.96 18.17 18.95 18.13 17.91 17.73 18.23 17.03
27.59 27.50 27.59 27.00 27.27 27.37 27.34 27.37 27.54 26.06 25.01 25.58 27.17 26.83 26.33 27.09 27.28 27.79 27.45 27.77 27.12 25.71 24.94 24.26 24.41 26.05 27.30 27.96 27.31 26.45 26.57 26.29 26.23 25.97 25.03 24.91 24.07 24.48 23.86 22.45 22.09 22.06 21.74 20.45 20.30 19.68 19.52 19.21 18.61 18.40 18.94 19.13 18.44 18.51 17.25 17.55 17.09 17.80 18.58 18.55 18.05 18.34 18.65 18.76 18.98 18.04 17.49 17.66 16.84 17.38 17.94 17.99 16.44 16.69 17.12 17.90 17.95
27.79 26.93 27.00 26.88 27.09 26.90 26.98 27.91 28.49 27.21 26.30 26.75 26.89 26.49 26.29 26.32 26.61 27.70 27.70 27.84 27.00 26.62 25.49 24.19 24.88 25.83 26.85 27.76 27.77 26.95 26.15 25.82 26.84 26.35 24.61 25.03 24.69 24.12 24.05 22.48 20.18 20.94 20.91 20.21 19.88 19.94 19.18 18.40 17.56 16.79 17.34 18.31 18.81 18.13 17.58 17.61 17.41 17.37 18.10 17.84 17.24 17.79 18.72 19.21 19.40 18.35 18.00 18.08 17.52 17.85 18.31 17.15 15.65 15.91 16.45 16.95 16.57
27.27 26.36 26.64 27.81 27.84 27.52 27.07 27.47 28.24 27.59 27.05 26.38 25.83 26.48 27.17 26.38 26.32 26.76 27.71 27.73 27.54 26.51 26.30 26.00 25.19 24.99 25.74 27.84 27.63 26.96 25.68 25.80 27.16 26.70 25.16 24.84 24.42 23.56 23.54 23.46 21.78 21.39 21.77 19.98 19.17 19.22 18.68 17.88 17.51 16.37 17.19 17.93 18.46 18.00 17.30 17.89 17.70 17.36 16.99 17.66 16.84 17.56 18.36 18.37 19.01 19.19 18.66 18.90 18.02 17.91 18.08 16.82 16.44 15.45 16.51 15.96 15.92
27.02 26.36 26.53 27.90 27.85 27.54 27.28 27.22 27.93 27.97 27.87 26.34 25.72 26.28 26.12 26.44 27.02 27.34 26.21 27.05 27.29 25.55 25.74 26.13 25.66 25.07 25.32 26.81 27.24 26.61 25.12 25.68 27.15 26.47 24.61 24.46 23.34 23.29 22.74 22.76 23.46 23.20 22.69 22.34 20.37 18.94 18.55 17.93 17.57 16.71 16.83 18.21 17.18 17.67 16.40 16.56 16.69 16.68 16.37 16.76 16.28 17.14 17.11 17.84 18.67 19.24 18.57 17.58 17.55 17.42 16.83 16.92 16.83 15.24 16.05 15.48 15.86
27.20 26.51 27.01 27.86 27.50 27.75 26.85 26.95 27.47 27.87 27.19 26.82 26.44 26.92 26.94 26.47 26.74 26.31 26.27 25.78 25.66 25.27 25.65 25.56 25.27 24.84 24.73 25.84 26.69 25.78 25.64 26.09 26.41 24.73 23.76 24.39 22.93 22.69 23.24 23.65 23.58 23.59 23.55 22.80 19.93 18.72 19.37 18.37 17.69 17.46 17.26 17.62 17.77 16.91 16.19 15.60 15.44 16.49 15.93 16.53 16.43 16.76 16.67 17.49 18.50 18.60 17.87 16.92 17.25 16.40 15.68 16.43 16.22 14.92 15.41 15.35 15.68
27.35 26.77 27.35 27.66 27.53 27.74 27.15 27.55 27.27 27.46 27.47 27.66 27.60 27.81 27.51 26.28 26.32 26.48 26.72 25.65 25.85 25.07 24.66 25.19 25.22 24.23 24.23 25.54 25.53 25.89 24.75 25.56 24.96 23.56 22.47 24.04 23.32 23.01 23.50 23.45 23.46 24.26 24.06 22.85 20.08 18.16 19.16 17.97 18.38 17.94 17.82 16.30 17.69 17.59 15.91 14.87 14.43 15.82 16.45 16.02 15.95 16.35 16.05 17.82 17.54 18.49 18.02 17.21 16.36 16.29 15.70 15.86 15.42 14.90 15.80 14.88 14.77
27.72 27.46 27.91 27.63 27.48 27.46 27.58 27.80 27.90 27.92 27.77 27.57 27.62 27.43 27.23 27.39 26.28 25.41 26.61 26.01 25.73 25.95 25.74 25.30 25.25 23.35 23.58 23.79 24.51 24.52 24.62 23.60 23.16 23.16 23.00 23.34 23.06 23.13 23.10 23.54 22.96 23.31 23.38 22.43 19.92 18.13 18.46 18.92 18.36 18.20 18.26 16.78 16.75 16.88 16.34 14.74 14.89 16.27 15.99 15.05 14.70 15.77 16.08 16.28 17.08 17.90 17.50 17.36 16.15 16.13 15.53 15.54 15.20 14.75 17.05 15.44 14.93
28.58 27.85 28.12 27.94 27.43 27.41 27.55 27.89 28.57 28.70 27.77 27.53 27.78 27.86 26.68 27.83 26.75 26.06 26.44 25.86 25.47 25.99 26.75 26.03 25.17 24.30 24.07 22.85 23.45 24.18 23.85 22.88 22.84 22.32 22.68 23.15 22.96 23.32 23.04 22.96 22.88 21.81 21.71 21.59 19.09 17.12 18.00 19.31 18.49 18.40 18.08 17.06 16.58 16.60 15.97 15.32 15.25 16.56 15.91 14.23 15.23 15.99 15.85 16.24 16.92 16.62 16.57 15.96 15.51 15.76 15.14 15.12 14.17 14.75 17.05 15.44 14.93
29.06 28.33 27.64 28.06 27.34 27.24 27.64 28.43 28.49 28.57 28.19 27.48 28.02 28.44 27.10 27.26 26.97 26.27 26.40 24.79 25.83 25.70 25.66 25.40 25.46 25.01 25.15 25.11 25.08 24.20 23.34 22.73 23.02 21.69 21.91 22.11 21.96 22.42 22.83 22.56 22.79 21.46 19.92 20.41 19.25 17.52 18.06 18.77 18.04 17.33 17.28 16.64 16.71 16.13 15.46 15.41 14.93 16.13 14.78 14.27 15.34 15.28 14.40 15.60 16.23 15.84 15.95 15.52 15.36 14.67 14.55 15.12 14.17 14.17 17.05 15.44 14.87
29.32 28.52 27.51 27.65 26.77 27.21 27.69 28.43 28.05 28.54 28.46 28.09 28.21 27.62 27.86 27.29 26.49 26.06 26.19 25.21 25.80 24.86 24.07 25.11 25.78 24.96 24.28 24.79 24.96 24.01 22.29 21.64 21.83 20.59 20.60 21.08 20.73 21.04 20.77 20.42 20.23 20.19 18.06 17.81 16.98 16.60 16.57 16.54 16.56 17.33 17.28 16.64 16.71 16.13 15.46 15.41 14.93 16.13 14.78 14.27 15.34 15.28 14.40 15.60 16.23 15.84 14.46 15.52 15.36 14.67 14.55 14.55 14.17 14.17 14.17 14.87 14.87
28.73 28.34 27.05 26.79 27.05 27.28 27.25 28.14 28.29 29.08 28.82 27.82 28.07 28.13 27.53 27.04 26.70 25.73 25.27 24.80 24.72 24.74 24.63 24.94 23.93 23.70 23.08 22.82 22.58 21.97 21.11 20.02 20.06 20.41 19.71 21.08 20.73 21.04 20.77 20.42 20.23 20.19 18.06 17.81 16.98 16.60 16.57 16.54 16.56 16.56 17.28 16.64 16.71 16.13 15.46 15.41 14.93 16.13 14.78 14.27 15.34 15.28 14.40 15.60 16.23 14.46 14.46 14.46 15.36 14.67 14.55 14.55 14.55 14.17 14.17 14.87 14.87
27.83 27.41 27.13 27.00 27.04 26.70 27.45 28.13 28.31 28.88 28.58 28.05 27.71 27.62 27.17 26.98 26.22 25.79 25.53 24.48 23.31 22.91 23.59 24.20 22.41 22.24 22.04 21.39 22.28 22.43 21.11 20.02 20.06 20.41 19.71 19.71 20.73 21.04 20.77 20.42 20.23 20.19 18.06 17.81 16.98 16.60 16.57 16.54 16.56 16.56 16.56 16.64 16.71 16.13 15.46 15.41 14.93 16.13 14.78 14.27 15.34 15.28 14.40 15.60 14.46 14.46 14.46 14.46 14.46 14.67 14.55 14.55 14.55 14.17 14.17 14.87 14.87
27.77 27.00 26.67 27.06 27.05 27.43 27.90 28.43 28.71 28.81 28.42 27.68 27.01 27.23 26.82 26.41 25.15 24.11 24.23 24.07 22.45 22.71 22.92 23.36 23.37 24.13 22.38 22.20 22.28 22.43 22.43 20.02 20.06 20.41 19.71 19.71 19.71 21.04 20.77 20.42 20.23 20.19 18.06 17.81 16.98 16.60 16.57 16.54 16.56 16.56 16.56 16.64 16.71 16.13 15.46 15.41 14.93 16.13 14.78 14.27 15.34 15.28 14.40 15.60 14.46 14.46 14.46 14.46 14.46 14.67 14.55 14.55 14.55 14.55 14.17 14.87 14.94
27.72 26.80 26.65 27.33 28.11 27.87 28.13 28.08 28.05 28.10 27.82 27.42 27.21 26.97 26.25 26.29 25.31 23.43 23.03 22.91 22.34 22.83 22.59 23.76 25.01 24.60 22.38 22.20 22.20 22.43 22.43 22.43 20.06 20.41 19.71 19.71 19.71 21.04 20.77 20.42 20.23 20.19 18.06 17.81 16.98 16.60 16.57 16.54 16.56 16.56 16.56 16.64 16.71 16.13 15.46 15.41 14.93 16.13 14.78 14.27 15.34 15.28 14.40 15.60 14.46 14.46 14.46 14.46 14.46 14.67 14.55 14.55 14.55 14.55 14.17 14.87 14.94
27.10 26.54 26.67 27.28 28.24 28.02 28.09 27.90 28.05 28.01 27.72 27.26 26.63 26.14 26.35 26.40 25.38 24.61 24.38 24.19 24.04 23.94 22.81 22.02 25.01 24.60 24.60 22.20 22.20 22.20 22.43 22.43 20.06 20.41 19.71 19.71 19.71 21.04 20.77 20.42 20.23 20.19 18.06 17.81 16.98 16.60 16.57 16.54 16.56 16.56 16.56 16.56 16.71 16.13 15.46 15.41 14.93 16.13 14.78 14.27 15.34 15.28 14.40 14.46 14.46 14.46 14.46 14.46 14.46 14.46 14.55 14.55 14.55 14.55 14.55 14.94 14.94
27.14 26.90 27.02 27.49 27.89 28.04 27.96 28.33 28.38 28.09 27.32 26.72 26.15 26.10 26.37 26.14 25.83 26.30 24.84 25.16 23.88 23.94 22.81 22.02 22.02 24.60 24.60 24.60 22.20 22.20 22.43 22.43 20.06 20.41 19.71 19.71 19.71 19.71 20.77 20.42 20.23 20.19 18.06 17.81 16.98 16.60 16.57 16.54 16.56 16.56 16.56 16.56 16.71 16.13 15.46 15.41 14.93 16.13 14.78 14.27 15.34 15.28 14.40 14.46 14.46 14.46 14.46 14.46 14.46 14.46 14.55 14.55 14.55 14.55 14.55 14.94 14.94
27.04 27.20 27.13 27.67 27.54 27.49 27.72 28.14 28.18 27.44 26.57 26.53 26.30 26.16 26.62 26.70 26.24 24.92 24.21 25.16 23.88 23.88 22.81 22.02 22.02 22.02 24.60 24.60 22.20 22.20 22.20 22.43 22.43 20.41 19.71 19.71 19.71 19.71 20.77 20.42 20.23 20.19 18.06 17.81 16.98 16.60 16.57 16.54 16.56 16.56 16.56 16.56 16.71 16.13 15.46 15.41 14.93 16.13 14.78 14.27 15.34 15.28 14.40 14.46 14.46 14.46 14.46 14.46 14.46 14.46 14.55 14.55 14.55 14.55 14.55 14.94 14.94
27.17 27.16 27.15 26.70 26.93 27.15 27.10 27.61 27.76 27.19 26.48 26.17 26.37 26.17 25.77 26.09 26.24 24.92 24.21 24.21 23.88 23.88 23.88 22.02 22.02 22.02 24.60 24.60 24.60 22.20 22.20 22.43 22.43 20.41 19.71 19.71 19.71 19.71 20.77 20.42 20.23 20.19 18.06 17.81 16.98 16.60 16.57 16.54 16.56 16.56 16.56 16.56 16.56 16.13 15.46 15.41 14.93 16.13 14.78 14.27 15.34 15.28 14.46 14.46 14.46 14.46 14.46 14.46 14.46 14.46 14.46 14.55 14.55 14.55 14.55 14.94 14.94
26.89 26.98 26.73 26.53 26.45 27.36 27.73 27.33 26.69 26.92 26.61 26.16 25.81 26.17 25.77 26.09 26.09 24.92 24.21 24.21 24.21 23.88 23.88 22.02 22.02 22.02 22.02 24.60 24.60 22.20 22.20 22.20 22.43 20.41 19.71 19.71 19.71 19.71 19.71 20.42 20.23 20.19 18.06 17.81 16.98 16.60 16.57 16.54 16.56 16.56 16.56 16.56 16.56 16.13 15.46 15.41 14.93 16.13 14.78 14.27 15.34 15.28 14.46 14.46 14.46 14.46 14.46 14.46 14.46 14.46 14.46 14.55 14.55 14.55 14.55 14.94 14.94
26.59 26.84 26.92 26.75 26.60 26.61 26.94 27.47 27.03 26.92 26.61 26.16 25.81 25.81 25.77 26.09 26.09 26.09 24.21 24.21 24.21 23.88 23.88 22.02 22.02 22.02 22.02 24.60 24.60 24.60 22.20 22.20 22.43 22.43 19.71 19.71 19.71 19.71 19.71 20.42 20.23 20.19 18.06 17.81 16.98 16.60 16.57 16.54 16.56 16.56 16.56 16.56 16.56 16.56 16.56 16.56 16.56 16.56 14.46 14.46 14.46 14.46 14.46 14.46 14.46 14.46 14.46 14.46 14.46 14.46 14.46 14.46 14.46 14.46 14.46 14.09 14.09
