main/data/irradiance/14.09.2023.grid
ncols 839
nrows 679
xllcenter 112.0500
yllcenter -43.9500
cellsize 0.0500
nodata_value 99999.90
[rows 306 to 339 of 679, columns 385 to 461 of 839]
22.66 22.65 22.70 22.72 22.69 22.68 22.68 22.64 22.54 22.53 22.50 22.38 22.45 22.35 22.34 22.31 22.28 22.19 22.12 22.12 21.89 21.71 22.25 22.28 22.24 22.15 21.86 22.29 22.04 21.59 22.20 22.28 22.24 22.24 22.37 22.48 22.47 22.33 22.32 22.25 22.21 22.22 22.24 22.24 22.23 22.20 22.13 22.05 22.24 22.26 22.32 22.35 22.31 22.40 22.35 22.13 22.20 22.31 22.31 22.41 22.24 22.28 22.24 22.23 22.24 22.25 22.23 22.19 22.13 22.14 22.12 22.13 22.10 22.09 22.06 21.99 21.92
22.63 22.64 22.66 22.63 22.56 22.60 22.64 22.62 22.59 22.61 22.57 22.49 22.47 22.42 22.43 22.36 22.32 22.16 22.24 22.22 22.22 22.22 22.19 22.16 22.18 22.20 22.15 22.10 22.15 22.17 22.06 22.17 22.17 22.21 22.19 22.30 22.20 22.09 22.15 22.17 22.15 22.16 22.17 22.19 22.23 22.23 22.15 22.12 22.20 22.25 22.27 22.37 22.34 22.31 22.25 22.20 22.36 22.33 22.30 22.32 22.30 22.33 22.15 22.21 22.28 22.26 22.20 22.20 22.10 22.08 22.11 22.11 22.12 22.07 22.06 22.02 21.96
22.60 22.64 22.62 22.63 22.51 22.58 22.59 22.63 22.64 22.66 22.61 22.52 22.54 22.47 22.37 22.28 22.31 22.27 22.22 22.15 22.25 22.30 22.14 22.08 22.21 22.26 22.22 22.21 22.18 22.16 22.15 22.13 22.18 22.19 22.26 22.26 22.17 22.13 22.12 22.17 22.11 22.17 22.21 22.19 22.14 22.14 22.22 22.20 22.21 22.26 22.27 22.29 22.22 22.30 22.32 22.12 22.14 22.16 22.22 22.20 22.17 22.22 22.16 22.12 22.18 22.23 22.23 22.19 22.11 22.11 22.06 22.03 22.04 22.06 22.05 21.97 22.11
22.63 22.64 22.63 22.59 22.56 22.55 22.59 22.56 22.60 22.65 22.59 22.49 22.45 22.49 22.43 22.33 22.35 22.30 22.28 22.24 22.20 22.27 22.23 22.35 22.29 22.34 22.21 22.18 22.19 22.23 22.19 22.18 22.12 22.18 22.20 22.27 22.16 22.12 22.17 22.17 22.13 22.16 22.15 22.18 22.12 22.12 22.17 22.15 22.15 22.18 22.21 22.25 22.25 22.29 22.26 22.12 22.00 21.92 22.01 21.98 22.06 22.03 22.19 22.26 22.15 22.13 22.20 22.20 22.18 22.07 22.04 22.04 22.01 21.99 21.97 22.14 22.21
22.64 22.63 22.64 22.60 22.63 22.57 22.58 22.56 22.55 22.57 22.56 22.52 22.50 22.47 22.45 22.41 22.35 22.31 22.28 22.24 22.23 22.23 22.24 22.25 22.27 22.31 22.23 22.14 22.17 22.15 22.16 22.12 22.09 22.13 22.13 22.16 22.17 22.13 22.13 22.16 22.16 22.16 22.12 22.14 22.09 22.17 22.09 22.11 22.18 22.17 22.11 22.15 22.19 22.16 22.09 22.04 21.96 22.10 22.02 22.15 22.24 22.19 22.11 22.13 22.16 22.16 22.03 22.05 22.19 22.15 22.08 22.03 21.99 22.04 22.11 22.20 22.18
22.63 22.64 22.65 22.65 22.66 22.56 22.50 22.57 22.54 22.50 22.47 22.45 22.49 22.49 22.39 22.30 22.32 22.38 22.31 22.25 22.22 22.21 22.20 22.17 22.17 22.23 22.20 22.12 22.11 22.14 22.13 22.09 22.09 22.16 22.10 22.06 22.07 22.12 22.13 22.10 22.17 22.08 22.03 22.11 22.10 22.07 22.04 22.05 22.11 22.17 22.15 22.16 22.15 22.28 22.08 22.08 22.06 22.06 22.06 22.09 22.13 22.09 22.07 22.12 22.06 22.02 21.99 22.01 21.98 21.98 22.08 22.00 21.97 22.06 22.11 22.12 22.16
22.58 22.59 22.58 22.57 22.56 22.55 22.56 22.47 22.50 22.44 22.45 22.46 22.49 22.52 22.47 22.37 22.36 22.38 22.30 22.25 22.21 22.20 22.17 22.16 22.22 22.21 22.13 22.12 22.12 22.09 22.07 22.09 22.06 22.09 22.04 21.98 22.03 22.07 22.06 22.00 22.09 22.06 21.99 22.02 22.02 22.06 22.04 22.03 22.08 22.10 22.09 22.12 22.10 22.18 22.19 22.12 22.01 22.03 22.07 22.07 22.01 21.98 21.92 21.96 22.00 22.07 22.07 21.98 21.91 21.90 21.96 21.93 21.99 21.99 22.04 22.04 22.01
22.53 22.55 22.56 22.52 22.51 22.53 22.50 22.41 22.40 22.44 22.48 22.51 22.49 22.49 22.44 22.45 22.38 22.36 22.32 22.22 22.19 22.15 22.19 22.24 22.16 22.14 22.10 22.07 22.10 22.11 22.09 22.12 22.02 22.01 22.01 21.98 22.01 22.03 22.04 22.02 22.01 21.98 21.92 22.01 22.03 22.02 22.03 22.05 22.08 22.11 22.07 22.10 22.05 22.14 22.11 22.03 21.98 22.03 21.98 22.03 22.02 21.95 21.98 21.96 21.92 21.95 22.00 22.05 22.11 22.02 21.87 21.88 21.86 21.93 21.95 21.97 21.94
22.52 22.52 22.54 22.47 22.49 22.45 22.42 22.37 22.36 22.45 22.40 22.48 22.49 22.49 22.51 22.59 22.55 22.43 22.41 22.28 22.23 22.31 22.32 22.20 22.15 22.13 22.12 22.10 22.09 22.11 22.11 22.13 22.08 22.03 22.02 22.00 22.04 22.05 21.99 22.04 21.92 21.88 21.83 21.92 21.98 22.01 22.08 22.02 22.13 22.09 22.07 22.07 22.10 22.20 22.13 22.01 22.00 21.99 22.02 21.94 21.94 21.94 21.89 21.90 21.93 21.87 21.90 21.93 22.02 22.04 21.94 21.93 21.78 21.92 21.99 21.96 21.92
22.53 22.52 22.49 22.48 22.49 22.42 22.36 22.41 22.36 22.41 22.41 22.40 22.38 22.43 22.49 22.57 22.49 22.41 22.41 22.35 22.26 22.30 22.22 22.16 22.14 22.11 22.12 22.10 22.05 22.04 22.09 22.12 22.12 22.05 22.04 22.01 21.97 21.98 21.94 21.95 21.90 21.83 21.75 21.81 21.85 21.94 21.93 21.90 21.94 21.96 22.04 22.07 22.11 22.11 22.06 22.02 21.99 21.92 21.96 21.96 21.97 21.96 21.91 21.92 21.88 21.86 21.85 22.01 21.99 21.96 21.93 21.95 21.87 21.65 21.78 21.96 21.91
22.51 22.51 22.43 22.33 22.42 22.45 22.47 22.41 22.32 22.32 22.35 22.33 22.40 22.43 22.51 22.56 22.45 22.33 22.33 22.36 22.39 22.31 22.26 22.21 22.18 22.16 22.15 22.12 22.06 22.04 22.06 22.09 22.09 22.11 22.09 22.06 22.01 21.96 21.98 21.95 21.97 21.89 21.86 21.89 21.91 21.90 21.93 21.91 21.90 21.94 21.95 22.06 22.11 21.99 22.00 21.97 21.95 21.95 21.94 21.97 21.97 22.01 22.04 22.03 21.96 21.90 21.82 21.99 22.02 21.91 22.04 21.91 22.00 21.89 21.82 21.63 21.69
22.50 22.45 22.39 22.33 22.38 22.38 22.38 22.38 22.31 22.26 22.25 22.29 22.38 22.41 22.38 22.43 22.39 22.32 22.28 22.30 22.27 22.27 22.27 22.25 22.22 22.20 22.17 22.13 22.09 22.08 22.06 22.03 21.95 22.06 22.03 22.00 21.99 21.99 21.95 21.94 22.00 21.94 21.93 21.92 21.98 21.90 21.93 21.92 21.93 21.92 21.88 21.90 21.98 21.92 21.91 21.91 21.92 21.93 22.00 22.00 21.98 21.95 21.97 21.98 21.92 21.96 21.92 21.80 21.79 21.81 21.80 21.67 21.90 22.05 22.00 21.79 21.45
22.40 22.41 22.39 22.41 22.31 22.35 22.40 22.41 22.32 22.27 22.25 22.32 22.42 22.34 22.33 22.39 22.43 22.42 22.29 22.24 22.25 22.24 22.24 22.21 22.17 22.18 22.19 22.16 22.12 22.09 22.08 22.05 21.96 21.96 21.97 21.92 21.96 22.02 22.00 21.97 21.99 21.95 21.94 21.95 21.95 21.98 21.96 21.95 21.92 21.95 21.91 21.93 22.00 21.94 21.95 21.94 21.88 21.90 21.96 21.95 21.99 21.98 22.02 21.96 21.94 21.96 21.94 21.80 21.82 21.95 21.92 22.01 22.00 21.88 21.97 21.73 21.52
22.36 22.38 22.33 22.38 22.42 22.40 22.40 22.34 22.32 22.30 22.30 22.38 22.48 22.49 22.40 22.42 22.41 22.38 22.40 22.30 22.24 22.22 22.23 22.24 22.22 22.21 22.20 22.19 22.16 22.13 22.12 22.08 21.98 22.00 21.99 21.99 21.90 21.84 21.92 21.95 21.96 21.97 21.95 21.96 21.96 21.97 21.91 21.87 21.88 21.93 21.97 21.99 21.95 21.91 21.86 21.88 21.85 21.88 21.89 21.95 21.98 21.93 21.98 21.94 21.99 22.04 21.95 21.95 21.98 21.99 22.06 22.09 22.07 22.16 22.04 22.00 22.07
22.44 22.43 22.42 22.52 22.55 22.54 22.48 22.37 22.27 22.33 22.31 22.28 22.38 22.36 22.45 22.45 22.38 22.38 22.33 22.34 22.32 22.31 22.27 22.30 22.29 22.26 22.25 22.22 22.16 22.13 22.11 22.09 22.00 21.95 21.97 21.96 21.93 21.91 21.94 21.94 21.93 21.97 21.99 21.92 21.96 21.97 21.93 21.84 21.86 21.92 21.93 21.92 21.95 21.93 21.90 21.89 21.85 21.91 21.90 21.93 21.96 21.94 21.92 21.95 22.07 22.00 22.01 22.06 21.92 21.87 21.98 22.02 22.06 22.15 22.16 22.08 22.11
22.52 22.56 22.55 22.55 22.55 22.54 22.48 22.40 22.34 22.31 22.35 22.22 22.22 22.34 22.38 22.33 22.36 22.36 22.35 22.36 22.31 22.32 22.25 22.23 22.24 22.28 22.25 22.20 22.16 22.10 22.08 22.06 22.00 21.97 21.93 21.95 21.94 21.92 21.90 21.87 21.82 21.85 21.89 21.96 21.96 21.90 21.88 21.84 21.91 21.89 21.84 21.87 21.90 21.92 21.92 21.97 21.90 21.84 21.95 21.94 22.04 22.04 22.06 22.09 22.13 22.03 21.99 22.03 22.00 21.92 21.94 21.93 21.92 22.00 22.00 22.02 22.04
22.41 22.50 22.54 22.53 22.53 22.47 22.51 22.45 22.36 22.34 22.32 22.29 22.30 22.29 22.34 22.33 22.34 22.32 22.34 22.37 22.34 22.27 22.24 22.22 22.29 22.28 22.27 22.20 22.19 22.18 22.13 22.11 22.04 21.99 22.00 21.99 21.97 21.91 21.88 21.87 21.83 21.84 21.86 21.91 21.99 21.97 21.87 21.75 21.76 21.76 21.84 21.90 21.84 21.93 22.00 21.94 21.89 21.86 21.95 21.97 21.97 22.07 22.08 22.04 22.04 22.03 22.02 22.08 22.02 21.93 21.91 21.90 21.99 21.95 22.02 22.07 22.05
22.38 22.39 22.38 22.42 22.42 22.41 22.42 22.45 22.33 22.34 22.30 22.27 22.27 22.21 22.31 22.25 22.23 22.30 22.31 22.30 22.29 22.23 22.27 22.23 22.19 22.22 22.24 22.23 22.19 22.12 22.17 22.16 22.08 22.05 21.99 22.01 21.93 21.92 21.93 21.92 21.89 21.82 21.79 21.85 21.93 21.95 21.93 21.81 21.75 21.75 21.74 21.86 21.84 21.90 21.94 21.86 21.88 21.86 21.89 22.01 22.01 21.98 22.01 22.09 22.10 22.08 22.02 22.07 21.99 21.94 21.84 21.87 21.93 21.83 21.88 21.94 22.01
22.27 22.33 22.30 22.25 22.30 22.36 22.35 22.30 22.32 22.33 22.37 22.41 22.31 22.25 22.27 22.22 22.22 22.29 22.26 22.24 22.26 22.27 22.29 22.29 22.22 22.23 22.22 22.19 22.17 22.19 22.20 22.23 22.15 22.05 22.04 22.03 21.97 21.96 21.93 21.91 21.87 21.84 21.88 21.90 21.87 21.90 21.93 21.93 21.86 21.86 21.79 21.89 21.80 21.92 21.88 21.86 21.87 21.88 21.88 21.89 21.94 21.94 21.91 22.01 21.94 21.88 21.91 21.91 21.90 21.94 21.86 21.91 21.99 21.91 21.91 21.76 21.85
22.17 22.21 22.22 22.28 22.28 22.31 22.27 22.27 22.31 22.37 22.33 22.21 22.22 22.23 22.19 22.20 22.22 22.23 22.29 22.28 22.27 22.22 22.20 22.19 22.19 22.20 22.17 22.16 22.20 22.21 22.22 22.24 22.11 22.05 22.03 22.01 21.98 21.91 21.87 21.88 21.91 21.90 21.93 21.92 21.96 21.96 21.96 21.92 21.89 21.87 21.87 21.91 21.89 21.78 21.82 21.88 21.92 21.87 21.86 21.86 21.90 21.84 21.84 21.82 21.80 21.81 21.79 21.77 21.85 21.87 21.82 21.85 21.86 21.84 21.78 21.82 21.84
22.24 22.17 22.25 22.25 22.10 22.02 22.16 22.24 22.27 22.18 22.21 22.15 22.20 22.19 22.15 22.17 22.24 22.21 22.26 22.28 22.22 22.19 22.18 22.20 22.18 22.16 22.11 22.08 22.09 22.16 22.13 22.10 22.04 22.01 22.00 22.02 22.02 22.01 21.95 21.91 21.88 21.85 21.90 21.92 21.96 21.99 21.93 21.97 21.91 21.86 21.87 21.88 21.91 21.92 21.85 21.84 21.84 21.87 21.86 21.85 21.86 21.80 21.77 21.81 21.82 21.79 21.80 21.82 21.80 21.81 21.83 21.88 21.91 21.82 21.77 21.81 21.82
22.30 22.26 22.19 22.11 22.12 22.10 22.18 22.22 22.08 22.14 22.12 22.13 22.10 22.13 22.20 22.15 22.20 22.18 22.14 22.17 22.12 22.09 22.12 22.19 22.16 22.13 22.12 22.11 22.08 22.06 22.05 22.06 22.06 22.06 22.05 22.00 22.01 21.97 21.93 21.88 21.86 21.86 21.88 21.89 21.92 21.97 21.97 22.02 22.01 21.99 22.02 21.96 22.00 22.02 22.01 21.94 21.89 21.84 21.86 21.85 21.84 21.79 21.77 21.76 21.79 21.83 21.82 21.84 21.89 21.84 21.80 21.83 21.88 21.95 21.85 21.85 21.89
22.29 22.28 22.13 22.13 22.15 22.11 22.07 22.15 22.08 22.03 22.03 22.10 22.10 22.12 22.14 22.12 22.15 22.10 22.10 22.07 22.05 22.07 22.07 22.11 22.12 22.17 22.13 22.12 22.12 22.10 22.08 22.06 22.03 22.05 22.07 22.04 22.08 22.08 22.03 22.03 21.99 21.97 21.83 21.83 21.88 21.92 21.97 21.95 21.95 21.97 22.00 21.98 21.89 21.89 21.93 21.90 21.92 21.88 21.83 21.79 21.82 21.76 21.77 21.82 21.78 21.80 21.88 21.88 21.91 21.87 21.90 21.90 21.85 21.79 21.82 21.82 21.89
22.27 22.32 22.29 22.28 22.23 22.09 21.99 22.02 22.00 22.04 22.03 22.06 22.01 21.99 22.05 22.11 22.08 21.99 22.06 22.04 22.07 22.08 22.05 22.00 22.09 22.06 22.04 22.06 22.07 22.11 22.10 22.09 22.07 22.07 22.11 22.11 22.14 22.12 22.08 22.08 21.97 21.97 21.87 21.84 21.83 21.75 21.92 21.95 21.96 21.93 21.97 22.00 21.96 21.97 21.96 21.92 21.95 21.91 21.89 21.77 21.73 21.76 21.81 21.82 21.80 21.79 21.80 21.85 21.89 21.90 21.91 21.84 21.83 21.82 21.81 21.85 21.86
22.24 22.30 22.27 22.26 22.24 22.23 22.11 22.05 22.04 22.02 22.04 22.06 22.04 22.03 22.07 22.10 22.04 21.97 22.02 22.05 22.07 22.11 22.18 22.14 22.05 21.96 21.99 22.01 22.00 21.98 22.04 22.05 22.09 22.09 22.04 22.06 22.08 22.07 22.09 22.10 22.10 22.02 21.99 21.91 21.83 21.84 21.90 21.92 21.91 21.94 21.93 21.95 21.96 22.00 22.00 21.92 21.90 21.87 21.86 21.79 21.67 21.73 21.74 21.72 21.76 21.75 21.74 21.76 21.84 21.83 21.83 21.79 21.76 21.79 21.78 21.78 21.80
22.25 22.25 22.22 22.23 22.23 22.19 22.10 22.13 22.11 22.05 22.05 22.04 22.04 22.05 22.06 22.09 22.10 22.09 22.07 22.12 22.14 22.22 22.17 22.18 22.16 22.04 21.97 21.98 21.96 21.99 22.00 21.99 21.96 22.01 22.02 22.03 22.09 22.06 22.09 22.05 22.09 22.00 22.00 21.95 21.95 21.95 21.94 21.92 21.89 21.91 21.94 21.96 21.97 22.02 21.97 21.97 21.93 21.86 21.86 21.85 21.82 21.75 21.72 21.73 21.77 21.76 21.72 21.80 21.83 21.85 21.80 21.81 21.79 21.77 21.82 21.82 21.80
22.20 22.20 22.18 22.18 22.16 22.14 22.14 22.11 22.12 22.08 22.02 22.00 22.02 22.04 22.03 22.08 22.12 22.07 22.08 22.07 22.14 22.12 22.12 22.13 22.11 22.05 21.95 21.99 21.96 21.94 21.93 21.95 21.94 21.96 21.95 21.97 22.02 22.07 22.05 22.01 22.00 22.00 21.97 21.96 21.93 21.91 21.90 21.89 21.91 21.97 22.01 21.98 21.96 22.00 21.96 21.96 22.00 21.92 21.92 21.92 21.91 21.91 21.83 21.79 21.76 21.80 21.77 21.79 21.83 21.83 21.84 21.89 21.82 21.81 21.81 21.81 21.77
22.22 22.22 22.18 22.15 22.12 22.10 22.12 22.10 22.09 22.11 22.02 21.99 21.97 22.03 22.00 22.01 22.10 22.14 22.10 22.04 22.01 22.00 22.05 22.09 22.02 22.02 21.99 21.92 22.00 21.96 21.90 21.88 21.88 21.85 21.86 21.85 21.91 21.93 22.00 21.96 22.03 22.04 22.02 21.99 21.97 21.96 21.91 21.93 21.88 21.92 21.99 21.96 21.94 21.96 21.96 21.96 22.01 21.95 21.94 21.97 21.94 21.90 21.84 21.78 21.79 21.77 21.76 21.73 21.73 21.76 21.78 21.84 21.81 21.81 21.78 21.81 21.83
22.12 22.18 22.15 22.11 22.07 22.08 22.09 22.04 22.07 22.02 22.02 22.00 21.92 21.90 21.95 21.99 22.06 22.09 22.04 21.91 21.95 21.94 21.98 21.86 21.89 21.94 22.04 21.97 21.92 21.92 21.95 21.91 21.79 21.79 21.81 21.85 21.86 21.89 21.91 21.96 21.95 22.00 21.98 21.97 21.98 22.02 21.93 21.95 21.94 21.87 21.90 21.93 21.92 21.94 21.97 21.95 21.95 21.93 21.90 21.90 21.93 21.94 21.90 21.81 21.74 21.69 21.68 21.70 21.81 21.80 21.82 21.82 21.76 21.81 21.87 21.89 21.95
22.09 22.11 22.08 22.08 22.07 22.06 22.06 22.06 22.08 22.06 22.01 22.04 22.02 21.96 21.96 21.95 22.03 22.02 21.97 21.91 21.97 21.93 21.82 21.83 21.81 21.88 21.93 22.00 21.99 21.99 21.97 21.95 21.86 21.83 21.85 21.79 21.80 21.87 21.86 21.82 21.88 21.92 21.98 22.03 21.93 21.96 21.98 21.88 21.91 21.94 21.95 21.96 21.93 21.92 21.91 21.84 21.89 21.80 21.82 21.88 21.88 21.89 21.89 21.88 21.87 21.83 21.79 21.80 21.83 21.87 21.89 21.86 21.78 21.74 21.77 21.89 21.93
22.10 22.09 22.05 22.08 22.06 22.01 22.03 22.07 22.05 22.11 22.00 21.98 21.97 21.88 21.85 21.86 21.92 21.96 21.97 22.03 21.98 21.99 21.88 21.91 21.97 22.03 22.00 21.99 21.98 21.99 22.05 22.04 22.00 22.03 21.91 21.86 21.85 21.86 21.87 21.87 21.86 21.83 21.82 21.82 21.87 21.88 21.92 21.93 21.88 21.93 21.95 21.97 21.90 21.86 21.83 21.86 21.83 21.82 21.78 21.78 21.81 21.84 21.84 21.85 21.87 21.87 21.85 21.82 21.81 21.81 21.87 21.90 21.87 21.85 21.76 21.74 21.76
22.04 22.04 22.04 22.02 21.99 21.91 21.93 21.89 21.87 21.92 21.98 21.94 21.90 21.81 21.84 21.94 21.95 21.90 21.90 21.89 21.88 21.92 21.96 21.93 21.92 21.89 21.89 21.89 21.87 21.88 21.92 21.96 21.99 21.94 21.88 21.87 21.87 21.88 21.90 21.85 21.79 21.75 21.71 21.69 21.75 21.80 21.94 21.97 21.96 21.93 21.88 21.87 21.82 21.80 21.80 21.86 21.81 21.80 21.77 21.73 21.75 21.77 21.80 21.81 21.80 21.80 21.80 21.79 21.84 21.83 21.84 21.90 21.91 21.89 21.84 21.73 21.66
22.02 22.06 22.09 21.97 21.84 21.90 21.87 21.85 21.85 21.87 21.95 21.89 21.82 21.80 21.83 21.90 21.90 21.87 21.85 21.83 21.78 21.83 21.83 21.91 21.88 21.87 21.84 21.87 21.92 21.89 21.88 21.85 21.84 21.86 21.87 21.95 21.93 21.91 21.91 21.88 21.81 21.73 21.66 21.65 21.75 21.83 21.82 21.80 21.82 21.88 21.92 21.92 21.87 21.86 21.89 21.92 21.86 21.83 21.87 21.78 21.76 21.79 21.79 21.77 21.79 21.79 21.77 21.75 21.75 21.82 21.90 21.92 21.93 21.91 21.85 21.75 21.69
21.89 21.98 21.98 21.93 21.87 21.88 21.82 21.80 21.81 21.82 21.90 21.88 21.76 21.78 21.75 21.88 21.88 21.89 21.88 21.86 21.75 21.71 21.66 21.72 21.89 21.84 21.82 21.86 21.93 21.85 21.85 21.87 21.80 21.79 21.82 21.85 21.89 21.84 21.81 21.82 21.83 21.77 21.73 21.73 21.76 21.85 21.89 21.86 21.82 21.87 21.90 21.92 21.85 21.89 21.82 21.86 21.85 21.89 21.83 21.79 21.78 21.68 21.69 21.70 21.72 21.74 21.75 21.73 21.72 21.68 21.75 21.83 21.88 21.87 21.84 21.78 21.71
