main/data/irradiance/14.02.2023.grid
ncols 839
nrows 679
xllcenter 112.0500
yllcenter -43.9500
cellsize 0.0500
nodata_value 99999.90
[rows 340 to 373 of 679, columns 616 to 692 of 839]
28.58 28.51 28.65 28.64 28.57 28.55 28.54 28.46 28.48 28.54 28.71 28.64 28.59 28.44 28.45 28.53 28.61 28.61 28.53 28.48 28.50 28.54 28.50 28.47 28.44 28.50 28.57 28.57 28.59 28.41 28.36 28.50 28.51 28.54 28.53 28.53 28.51 28.50 28.52 28.52 28.53 28.52 28.53 28.47 28.47 28.49 28.49 28.44 28.44 28.41 28.40 28.41 28.44 28.42 28.37 28.36 28.39 28.41 28.40 28.45 28.46 28.43 28.44 28.44 28.38 28.38 28.37 28.35 28.34 28.35 28.36 28.26 28.34 28.28 28.18 28.28 28.34
28.52 28.47 28.55 28.66 28.64 28.66 28.62 28.34 28.37 28.37 28.57 28.63 28.43 28.47 28.42 28.54 28.57 28.55 28.47 28.46 28.51 28.51 28.50 28.48 28.49 28.43 28.46 28.59 28.52 28.31 28.08 28.43 28.51 28.53 28.58 28.56 28.54 28.52 28.53 28.53 28.53 28.49 28.51 28.52 28.52 28.54 28.52 28.45 28.44 28.41 28.46 28.44 28.44 28.40 28.37 28.35 28.41 28.42 28.43 28.43 28.44 28.45 28.45 28.43 28.39 28.39 28.38 28.36 28.34 28.37 28.38 28.36 28.26 28.31 28.24 28.23 28.23
28.44 28.46 28.57 28.68 28.69 28.73 28.62 28.35 28.28 28.32 28.31 28.34 28.42 28.50 28.51 28.53 28.56 28.57 28.55 28.50 28.50 28.50 28.52 28.48 28.50 28.47 28.44 28.46 28.45 28.24 28.30 28.55 28.52 28.53 28.49 28.51 28.53 28.55 28.54 28.48 28.52 28.51 28.51 28.51 28.52 28.55 28.54 28.43 28.44 28.47 28.47 28.47 28.46 28.41 28.36 28.40 28.42 28.40 28.36 28.41 28.44 28.43 28.43 28.39 28.37 28.37 28.38 28.38 28.36 28.35 28.42 28.38 28.33 28.33 28.33 28.30 28.31
28.45 28.42 28.41 28.69 28.69 28.71 28.67 28.53 28.43 28.38 28.34 28.43 28.48 28.46 28.44 28.54 28.59 28.57 28.51 28.43 28.45 28.46 28.49 28.43 28.38 28.35 28.37 28.51 28.43 28.39 28.41 28.45 28.41 28.42 28.46 28.53 28.53 28.45 28.47 28.48 28.47 28.49 28.50 28.52 28.52 28.54 28.50 28.45 28.44 28.45 28.48 28.48 28.46 28.42 28.39 28.43 28.44 28.37 28.32 28.36 28.42 28.44 28.42 28.39 28.39 28.41 28.38 28.38 28.38 28.38 28.38 28.35 28.30 28.35 28.34 28.28 28.25
28.38 28.40 28.41 28.54 28.66 28.55 28.44 28.52 28.40 28.44 28.42 28.38 28.47 28.43 28.35 28.43 28.51 28.44 28.40 28.38 28.41 28.41 28.35 28.28 28.34 28.34 28.30 28.48 28.31 28.34 28.50 28.52 28.52 28.39 28.45 28.49 28.52 28.46 28.49 28.48 28.46 28.46 28.49 28.48 28.44 28.52 28.42 28.45 28.44 28.45 28.45 28.46 28.44 28.41 28.43 28.45 28.42 28.39 28.35 28.39 28.34 28.31 28.41 28.41 28.36 28.39 28.38 28.38 28.38 28.41 28.39 28.37 28.37 28.38 28.34 28.35 28.32
28.28 28.23 28.33 28.33 28.08 28.17 28.27 28.35 28.34 28.32 28.38 28.37 28.43 28.36 28.36 28.40 28.40 28.45 28.43 28.39 28.34 28.29 28.31 28.24 28.27 28.33 28.37 28.36 28.11 28.29 28.50 28.52 28.56 28.42 28.50 28.25 28.39 28.40 28.37 28.39 28.46 28.46 28.42 28.46 28.45 28.48 28.42 28.44 28.45 28.46 28.46 28.45 28.42 28.41 28.44 28.46 28.43 28.44 28.42 28.41 28.38 28.39 28.38 28.42 28.40 28.39 28.41 28.39 28.37 28.42 28.40 28.38 28.38 28.41 28.36 28.33 28.36
28.22 28.12 28.35 28.10 28.04 28.28 28.30 28.31 28.31 28.33 28.41 28.46 28.47 28.38 28.35 28.42 28.39 28.31 28.28 28.31 28.35 28.29 28.20 28.15 28.21 28.40 28.28 28.18 28.22 28.29 28.48 28.57 28.51 28.42 28.40 28.41 28.45 28.42 28.40 28.32 28.36 28.40 28.45 28.45 28.49 28.47 28.41 28.43 28.46 28.45 28.45 28.44 28.43 28.41 28.41 28.47 28.42 28.46 28.44 28.41 28.36 28.41 28.41 28.43 28.40 28.40 28.42 28.38 28.37 28.41 28.41 28.41 28.41 28.40 28.38 28.33 28.41
28.31 28.39 28.28 27.93 28.05 28.26 28.30 28.29 28.26 28.36 28.39 28.46 28.52 28.50 28.42 28.37 28.28 28.28 28.17 28.19 28.31 28.30 28.34 28.13 28.34 28.18 28.13 28.06 28.29 28.30 28.28 28.38 28.47 28.33 28.30 28.36 28.36 28.42 28.41 28.41 28.45 28.44 28.47 28.45 28.39 28.41 28.38 28.45 28.42 28.41 28.43 28.43 28.39 28.41 28.40 28.42 28.41 28.44 28.41 28.42 28.42 28.43 28.43 28.42 28.38 28.37 28.36 28.36 28.36 28.38 28.40 28.39 28.35 28.38 28.38 28.39 28.37
28.50 28.42 28.14 28.37 28.25 28.29 28.30 28.35 28.20 28.20 28.28 28.41 28.49 28.55 28.46 28.41 28.50 28.52 28.32 28.32 28.32 28.22 28.27 28.46 28.26 28.10 28.02 28.03 28.24 28.27 28.33 28.29 28.14 28.22 28.31 28.36 28.33 28.38 28.33 28.35 28.31 28.36 28.41 28.43 28.39 28.38 28.40 28.43 28.43 28.37 28.41 28.39 28.41 28.41 28.40 28.43 28.43 28.42 28.43 28.40 28.36 28.33 28.40 28.38 28.34 28.34 28.31 28.33 28.39 28.41 28.40 28.38 28.35 28.38 28.38 28.36 28.32
28.49 28.63 28.17 28.32 28.23 28.28 28.41 28.34 28.25 28.22 28.34 28.37 28.47 28.36 28.44 28.37 28.47 28.36 28.32 28.35 28.26 28.24 28.03 28.16 28.15 28.11 27.94 27.92 28.03 28.18 28.16 28.28 28.20 28.26 28.24 28.30 28.33 28.33 28.32 28.38 28.36 28.31 28.34 28.36 28.40 28.32 28.39 28.41 28.42 28.40 28.38 28.36 28.33 28.39 28.38 28.38 28.41 28.39 28.39 28.41 28.37 28.31 28.31 28.23 28.29 28.28 28.23 28.29 28.30 28.34 28.28 28.31 28.28 28.25 28.23 28.29 28.31
28.28 28.16 28.01 28.15 28.32 28.37 28.35 28.26 28.27 28.26 28.30 28.30 28.38 28.33 28.30 28.32 28.29 28.29 28.27 28.26 28.22 28.14 28.13 28.10 27.84 28.02 28.01 28.08 28.05 28.04 28.09 28.25 28.30 28.27 28.16 28.20 28.30 28.30 28.31 28.31 28.33 28.33 28.37 28.42 28.41 28.30 28.24 28.38 28.35 28.32 28.35 28.35 28.30 28.26 28.30 28.28 28.31 28.28 28.22 28.22 28.37 28.26 28.33 28.36 28.31 28.31 28.26 28.27 28.36 28.36 28.29 28.28 28.28 28.24 28.28 28.31 28.32
28.10 28.11 28.16 28.10 28.29 28.19 28.19 28.32 28.31 28.27 28.23 28.26 28.21 28.31 28.33 28.24 28.21 28.17 28.15 28.17 28.17 28.08 28.14 27.98 27.94 28.11 28.07 28.04 28.01 28.09 28.18 28.14 28.18 28.29 28.20 28.16 28.16 28.26 28.23 28.24 28.24 28.17 28.25 28.26 28.23 28.17 28.11 28.13 28.15 28.14 28.19 28.16 28.15 28.26 28.24 28.27 28.24 28.27 28.26 28.27 28.34 28.36 28.33 28.33 28.34 28.32 28.30 28.34 28.40 28.39 28.39 28.36 28.35 28.32 28.34 28.35 28.30
27.90 27.90 27.92 27.97 28.26 28.32 28.27 28.37 28.34 28.30 28.14 28.24 28.26 28.27 28.29 28.30 28.15 28.11 28.11 28.20 28.16 28.10 28.17 28.03 28.10 28.14 28.04 27.96 28.02 28.03 28.13 28.25 28.28 28.23 28.18 28.10 28.11 28.17 28.18 28.12 28.15 28.20 28.18 28.18 28.12 28.11 28.07 28.12 28.07 28.03 27.99 28.04 28.05 28.11 28.18 28.27 28.24 28.25 28.25 28.13 28.07 28.03 27.95 28.26 28.36 28.34 28.36 28.37 28.38 28.37 28.35 28.37 28.34 28.34 28.36 28.36 28.30
28.06 28.11 28.12 28.19 28.16 28.23 28.31 28.31 28.33 28.29 28.29 28.08 28.17 28.28 28.25 28.22 28.22 28.09 28.14 28.06 28.18 28.13 28.14 28.06 28.14 28.14 27.97 27.88 28.04 28.11 28.06 28.24 28.27 28.19 28.24 28.15 28.18 28.16 28.19 28.20 28.21 28.16 28.25 28.17 28.06 28.08 28.03 28.06 28.00 27.97 28.01 28.13 28.15 28.13 28.23 28.24 28.25 28.27 28.14 27.95 28.11 27.94 28.13 28.15 28.37 28.34 28.37 28.36 28.39 28.36 28.36 28.37 28.34 28.33 28.31 28.35 28.35
28.01 28.24 28.16 28.18 28.19 28.19 28.30 28.29 28.25 28.24 28.26 28.07 27.86 28.02 28.08 28.24 28.23 28.24 28.22 28.12 28.31 28.23 28.13 28.10 28.21 28.09 28.07 27.93 28.00 28.12 28.05 28.14 28.24 28.29 28.23 28.25 28.18 28.12 28.14 28.15 28.25 28.16 28.04 28.17 28.09 28.06 27.96 28.05 27.90 27.99 28.07 28.06 28.15 28.26 28.20 28.16 28.34 28.28 28.09 28.18 28.01 28.14 28.08 28.07 28.27 28.29 28.38 28.34 28.37 28.36 28.36 28.37 28.37 28.37 28.36 28.33 28.36
28.22 28.08 28.14 28.20 28.14 28.19 28.30 28.24 28.16 28.13 28.19 28.07 27.81 27.84 27.98 28.13 28.23 28.23 28.23 28.14 28.22 28.22 28.20 28.19 28.12 27.99 28.07 28.16 28.15 28.13 28.14 28.14 28.26 28.21 28.11 28.17 28.11 28.08 28.19 28.21 28.07 28.12 28.14 28.13 28.09 28.00 27.97 27.96 27.74 27.88 28.03 28.04 28.15 28.16 28.27 28.06 28.36 28.06 28.12 28.02 27.95 28.08 28.15 27.99 28.33 28.23 28.39 28.35 28.38 28.37 28.37 28.39 28.38 28.38 28.39 28.33 28.38
27.96 28.00 28.34 28.23 28.25 28.14 28.18 28.18 28.19 28.18 28.16 27.93 27.81 27.85 27.98 27.92 28.18 28.20 28.20 28.18 28.15 28.12 28.09 28.14 28.10 28.03 28.09 28.07 28.09 28.19 28.09 28.12 28.21 28.13 28.05 28.12 28.13 28.03 28.09 27.99 28.12 28.21 28.19 28.15 27.94 28.00 28.10 27.91 27.86 27.96 28.03 28.07 28.14 28.14 28.14 28.08 28.11 28.09 28.13 28.00 28.09 28.14 28.22 28.29 28.35 28.32 28.36 28.37 28.36 28.38 28.37 28.41 28.37 28.37 28.34 28.34 28.40
28.05 28.19 28.33 28.25 28.19 28.17 28.16 28.16 28.07 28.11 28.12 27.98 27.70 27.83 27.71 28.10 28.14 28.16 28.16 28.19 28.01 28.00 28.03 27.96 27.85 27.95 27.96 28.08 28.08 28.25 28.21 28.15 28.17 28.09 28.08 28.04 28.02 28.02 28.01 27.95 28.03 28.06 28.15 28.03 27.99 28.01 28.07 28.03 28.02 28.06 28.07 28.07 28.09 28.17 28.16 28.18 28.25 28.22 28.08 28.01 28.21 28.16 28.23 28.25 28.36 28.31 28.36 28.36 28.36 28.36 28.38 28.36 28.34 28.29 28.36 28.29 28.37
27.99 27.84 28.08 28.17 28.15 28.12 28.15 28.15 28.04 28.13 28.09 27.93 27.72 27.83 27.67 27.98 28.12 28.06 28.08 28.12 28.08 28.00 27.89 27.78 27.89 27.79 27.95 28.09 28.20 28.25 28.12 28.06 28.20 28.14 28.03 28.00 28.11 28.03 27.99 27.88 27.91 28.06 28.17 28.14 27.98 28.01 28.03 28.12 28.06 28.07 28.05 28.07 28.16 28.14 28.14 28.16 28.30 28.07 28.40 28.07 28.03 27.90 28.08 28.21 28.33 28.32 28.34 28.33 28.33 28.31 28.34 28.34 28.36 28.37 28.38 28.38 28.37
28.05 27.98 28.20 28.26 28.25 28.12 28.13 28.13 28.13 28.16 28.15 27.88 27.23 27.49 27.75 27.86 27.76 27.92 28.00 27.96 28.01 27.95 27.90 27.83 27.84 27.69 27.87 27.99 28.10 28.03 28.02 27.93 28.08 28.12 28.17 28.11 28.11 28.09 27.97 27.88 28.01 28.12 28.25 28.06 28.13 28.19 28.07 28.10 28.01 28.10 28.08 28.05 27.99 28.22 28.31 28.35 28.35 28.15 28.08 27.97 27.78 27.79 28.23 28.28 28.27 28.28 28.25 28.31 28.29 28.30 28.32 28.32 28.33 28.34 28.31 28.30 28.34
28.02 28.05 28.10 28.05 28.15 28.17 28.12 28.11 28.14 28.15 28.33 28.06 27.77 27.93 27.92 28.00 27.68 27.81 27.76 27.88 27.94 27.89 27.80 27.76 27.80 27.81 27.89 27.93 28.05 28.09 28.04 28.02 28.01 28.07 28.09 28.10 28.08 28.09 27.99 27.90 27.98 28.12 28.20 28.04 28.11 28.13 28.11 28.08 28.14 28.12 28.02 27.81 27.90 27.94 28.14 28.29 28.25 28.02 27.89 27.76 27.69 27.66 28.10 28.26 28.26 28.19 28.21 28.33 28.31 28.23 28.13 28.26 28.27 28.29 28.31 28.30 28.31
28.12 28.09 28.14 28.13 28.11 28.12 28.11 28.07 28.16 28.15 28.39 28.22 28.18 28.14 28.08 28.06 28.10 28.14 27.97 27.98 27.83 27.84 27.90 27.86 27.90 27.84 27.95 28.03 28.15 28.12 28.05 27.99 27.99 28.00 28.06 28.09 28.12 28.08 27.98 27.99 28.01 28.01 28.00 28.07 28.10 28.25 28.13 28.12 28.06 28.00 27.96 27.93 27.85 27.68 27.97 27.93 27.90 27.96 27.81 27.51 27.62 27.74 28.14 28.21 27.98 28.16 28.27 28.18 28.06 28.15 28.18 28.16 28.21 28.20 28.16 28.26 28.29
28.10 28.09 28.07 28.16 28.13 28.08 28.12 28.16 28.07 28.17 28.11 27.91 28.15 28.12 28.10 28.13 28.05 28.05 27.92 27.98 27.92 27.90 27.79 27.82 27.86 27.88 27.90 27.93 27.80 28.08 28.06 28.09 28.04 28.11 28.11 28.07 28.17 28.11 27.99 28.02 27.97 28.07 28.07 28.04 28.14 28.09 28.16 28.11 28.10 27.90 27.58 27.57 27.64 27.85 27.97 27.89 28.04 28.05 27.87 27.70 27.69 27.78 27.95 28.05 28.08 28.00 28.13 28.02 27.93 28.18 28.22 28.28 28.29 28.30 28.31 28.33 28.31
28.04 28.01 28.01 28.11 28.10 27.88 28.09 28.01 27.76 27.88 27.65 27.76 28.00 28.05 28.09 28.08 28.10 28.07 27.74 27.78 27.80 27.70 27.67 27.73 27.76 27.73 27.74 27.77 27.84 27.83 28.06 28.06 28.08 28.03 28.09 28.09 28.22 28.18 28.03 28.01 28.07 28.27 28.19 28.14 28.05 28.10 28.11 28.14 27.99 27.79 27.66 27.80 27.66 27.75 27.77 27.92 28.06 27.99 28.10 27.87 27.95 27.91 27.99 28.13 28.20 27.89 28.01 27.96 28.17 28.05 27.93 28.07 28.24 28.28 28.30 28.31 28.32
28.05 28.01 28.10 28.07 28.06 27.81 27.90 27.70 27.86 27.81 28.06 28.15 28.07 28.02 28.03 28.06 28.07 28.23 27.99 27.70 27.57 27.73 27.67 27.62 27.71 27.73 27.79 28.09 27.95 27.83 28.00 27.94 27.94 27.97 28.00 28.05 28.16 28.14 27.99 28.02 28.10 28.16 28.26 28.20 28.07 28.13 28.14 28.04 27.82 27.47 27.89 27.83 27.72 27.89 27.58 27.91 27.99 27.86 27.95 27.93 27.96 27.96 27.90 28.05 28.18 28.17 27.89 27.98 27.97 28.23 28.04 27.98 28.16 28.27 28.29 28.32 28.34
27.80 27.80 27.94 28.05 27.99 27.67 27.77 27.62 27.87 28.01 28.08 28.15 28.00 27.83 28.00 28.05 28.06 28.16 27.97 27.83 27.80 27.91 27.71 27.55 27.59 27.64 27.78 27.88 27.81 27.67 27.95 27.83 27.92 27.97 28.06 28.02 28.10 28.11 27.97 28.02 28.12 28.17 28.23 28.16 28.12 28.15 28.11 28.02 27.90 27.69 27.92 28.04 27.95 27.93 27.76 27.93 27.83 27.91 28.00 28.02 28.07 28.01 27.77 28.01 28.12 28.29 28.13 28.06 28.09 28.14 28.04 28.00 28.05 28.24 28.25 28.30 28.32
27.58 27.58 27.88 27.98 27.88 27.77 27.46 27.70 27.68 28.06 28.04 28.19 28.10 27.96 28.00 28.10 28.14 27.96 27.86 27.83 27.86 27.98 27.81 27.66 27.67 27.70 27.73 27.66 27.89 27.76 27.89 27.86 27.91 27.98 28.01 27.96 28.02 28.08 28.03 28.02 28.09 28.11 28.04 28.01 28.06 28.09 28.07 27.98 27.92 27.91 27.97 28.08 28.01 28.01 27.96 27.96 27.96 27.57 27.94 28.16 27.91 28.02 27.70 27.75 27.91 28.10 28.18 28.04 28.05 28.11 28.06 28.03 28.04 28.03 28.19 28.25 28.24
27.51 27.73 27.81 27.92 27.40 27.63 27.55 27.66 27.80 28.00 27.93 28.14 28.15 27.99 28.10 28.07 28.04 27.86 27.84 27.93 27.97 27.85 27.85 27.83 27.77 27.79 27.83 27.72 27.89 27.86 27.72 28.00 27.87 27.98 28.01 28.03 28.01 27.99 28.08 28.04 28.04 28.12 28.03 27.94 28.07 28.14 28.15 28.04 27.90 28.08 28.12 28.03 28.04 28.09 28.13 28.13 28.04 28.02 27.92 28.06 27.91 27.99 27.77 27.56 27.59 27.69 28.05 27.98 27.91 27.90 27.75 27.85 28.05 28.00 28.04 27.93 27.97
27.92 27.88 28.10 27.71 27.46 27.56 27.74 27.92 27.99 27.99 28.02 28.07 28.09 28.09 28.04 27.98 27.87 27.99 28.00 27.99 27.85 27.77 27.89 27.82 27.77 27.81 27.77 27.64 27.79 27.94 27.71 27.91 27.97 27.98 28.00 28.02 27.98 27.99 27.88 27.90 28.04 28.00 27.93 27.82 27.99 27.97 28.10 28.04 28.01 28.09 28.13 28.11 28.12 28.09 28.04 28.04 27.97 28.02 27.95 27.92 27.68 27.96 27.74 27.64 27.81 27.83 27.88 27.96 28.09 27.91 27.91 27.76 27.97 27.88 27.95 27.84 27.79
27.89 27.57 27.59 27.48 27.32 27.56 27.84 28.04 28.00 28.10 28.02 27.96 27.95 28.14 27.96 27.97 28.06 28.05 28.01 28.02 27.94 27.76 27.94 27.81 27.82 27.87 27.87 27.86 27.84 28.01 27.90 27.92 27.91 27.97 28.00 27.94 27.81 27.90 27.68 27.82 28.10 27.99 27.95 28.07 28.04 28.16 27.90 27.85 27.97 28.04 28.06 28.02 28.08 28.04 27.91 28.11 27.95 27.89 27.78 27.86 27.86 27.90 27.85 27.88 27.92 27.93 27.79 27.97 28.09 27.90 27.95 27.84 27.82 27.72 27.95 27.88 27.84
28.05 27.98 27.90 27.50 27.42 27.76 28.09 28.08 28.13 28.17 28.04 28.06 28.12 28.09 28.10 28.03 28.00 27.92 27.84 27.79 27.85 27.78 27.93 27.84 27.75 27.87 27.91 27.93 27.95 28.13 27.87 27.93 27.94 27.97 27.96 28.03 27.76 27.51 27.80 27.87 28.13 28.02 28.00 27.97 27.81 27.87 28.00 27.93 28.13 27.99 27.98 27.88 27.93 28.06 28.06 28.02 27.86 27.69 27.90 27.63 27.92 27.78 27.95 27.75 27.89 27.85 27.80 27.99 28.17 28.02 27.82 27.60 27.77 27.84 27.85 28.04 28.06
28.05 28.02 27.92 27.55 27.53 28.14 28.14 28.16 28.13 28.16 28.15 28.08 28.18 28.33 28.39 28.13 28.06 27.98 27.76 27.77 27.83 27.77 27.86 27.93 27.87 27.83 27.99 28.01 28.12 28.10 27.93 27.92 27.96 27.98 28.01 27.94 27.78 27.93 28.03 28.02 28.06 27.88 27.77 27.65 27.75 27.94 27.93 27.93 27.96 28.05 28.02 27.95 28.01 28.03 28.11 28.00 27.83 27.86 27.71 27.67 27.58 27.94 27.73 27.76 27.92 28.01 27.69 27.83 27.92 27.87 27.70 27.24 27.71 27.88 27.90 27.99 28.12
27.86 27.90 27.89 27.72 27.59 28.09 28.12 28.09 28.08 28.15 28.05 28.06 28.07 28.17 28.12 28.03 28.00 27.95 27.81 27.79 27.79 27.84 27.94 27.88 27.92 28.00 28.04 27.92 27.82 28.12 28.01 27.94 27.95 28.01 28.01 27.99 27.96 27.95 27.98 28.05 27.89 27.79 27.77 27.77 27.83 27.96 27.94 27.89 28.01 27.99 27.93 27.85 27.90 27.91 28.09 27.98 27.83 27.76 27.78 27.89 27.68 27.75 27.70 27.93 27.80 27.96 27.79 27.61 27.60 27.90 27.90 27.64 27.73 27.86 27.77 27.92 28.07
27.69 27.38 27.73 27.72 27.57 27.79 28.03 28.12 28.07 28.03 28.01 28.00 27.99 28.04 28.13 28.02 28.00 27.84 27.79 27.77 27.86 27.86 27.96 27.82 27.90 28.01 27.97 27.32 27.72 28.18 28.08 28.06 28.08 28.09 28.08 28.06 28.05 28.05 28.08 27.97 27.96 28.02 27.90 27.89 27.95 27.98 27.89 27.94 27.94 27.95 27.93 27.94 27.93 27.97 27.88 27.92 27.63 27.71 27.68 27.65 27.72 27.75 27.99 27.96 27.87 27.70 27.53 27.86 27.61 27.65 27.82 27.96 27.88 28.03 27.84 27.94 28.05
