main/data/irradiance/14.06.2023.grid
ncols 839
nrows 679
xllcenter 112.0500
yllcenter -43.9500
cellsize 0.0500
nodata_value 99999.90
[rows 408 to 441 of 679, columns 462 to 538 of 839]
12.55 12.58 12.59 12.58 12.59 12.59 12.58 12.60 12.60 12.60 12.60 12.61 12.62 12.60 12.61 12.59 12.60 12.61 12.59 12.60 12.60 12.60 12.60 12.61 12.61 12.60 12.62 12.60 12.61 12.60 12.61 12.62 12.63 12.64 12.65 12.56 12.45 12.46 12.51 12.42 12.63 12.52 12.61 12.55 12.61 12.70 12.71 12.73 12.73 12.72 12.69 12.67 12.65 12.65 12.66 12.60 12.50 12.59 12.55 12.62 12.63 12.63 12.62 12.62 12.63 12.41 12.38 12.56 12.49 12.48 12.60 12.59 12.58 12.59 12.57 12.57 12.57
12.49 12.46 12.55 12.56 12.57 12.57 12.57 12.57 12.56 12.57 12.57 12.57 12.58 12.58 12.59 12.57 12.56 12.58 12.59 12.58 12.59 12.59 12.60 12.60 12.59 12.59 12.57 12.57 12.57 12.57 12.58 12.58 12.58 12.54 12.52 12.50 12.44 12.48 12.50 12.45 12.50 12.57 12.49 12.41 12.57 12.73 12.73 12.72 12.62 12.59 12.69 12.70 12.66 12.64 12.64 12.63 12.56 12.51 12.56 12.56 12.58 12.60 12.60 12.58 12.56 12.58 12.50 12.53 12.57 12.49 12.56 12.57 12.57 12.56 12.55 12.54 12.55
12.49 12.45 12.46 12.43 12.46 12.45 12.53 12.54 12.54 12.53 12.55 12.56 12.57 12.57 12.56 12.56 12.55 12.54 12.55 12.55 12.56 12.56 12.57 12.56 12.55 12.55 12.49 12.50 12.50 12.53 12.44 12.56 12.48 12.47 12.47 12.37 12.33 12.34 12.41 12.37 12.53 12.53 12.58 12.44 12.46 12.33 12.35 12.60 12.67 12.67 12.58 12.57 12.63 12.66 12.64 12.61 12.59 12.53 12.47 12.48 12.55 12.54 12.52 12.54 12.55 12.56 12.54 12.49 12.51 12.53 12.53 12.51 12.50 12.52 12.53 12.52 12.51
12.50 12.45 12.47 12.41 12.47 12.44 12.50 12.51 12.53 12.52 12.52 12.53 12.50 12.53 12.53 12.51 12.52 12.49 12.52 12.51 12.52 12.52 12.54 12.45 12.50 12.48 12.41 12.45 12.45 12.47 12.43 12.45 12.44 12.49 12.46 12.46 12.43 12.43 12.43 12.51 12.52 12.49 12.44 12.42 12.35 12.39 12.60 12.63 12.60 12.59 12.57 12.56 12.56 12.64 12.59 12.57 12.56 12.55 12.50 12.49 12.48 12.50 12.42 12.52 12.53 12.54 12.50 12.53 12.48 12.52 12.52 12.46 12.49 12.50 12.52 12.51 12.50
12.48 12.44 12.40 12.41 12.48 12.46 12.45 12.45 12.52 12.49 12.47 12.45 12.43 12.45 12.42 12.45 12.44 12.41 12.45 12.47 12.52 12.50 12.48 12.43 12.42 12.45 12.30 12.40 12.48 12.41 12.42 12.46 12.31 12.29 12.32 12.34 12.30 12.41 12.46 12.48 12.48 12.45 12.46 12.42 12.31 12.28 12.18 12.64 12.55 12.61 12.64 12.58 12.57 12.63 12.58 12.58 12.56 12.55 12.51 12.49 12.44 12.38 12.38 12.42 12.49 12.49 12.43 12.47 12.49 12.51 12.49 12.44 12.47 12.43 12.41 12.42 12.35
12.47 12.49 12.50 12.49 12.47 12.46 12.44 12.42 12.49 12.43 12.45 12.41 12.43 12.43 12.40 12.41 12.41 12.44 12.45 12.44 12.51 12.47 12.46 12.43 12.45 12.40 12.40 12.43 12.43 12.41 12.38 12.37 12.42 12.42 12.39 12.39 12.43 12.49 12.50 12.49 12.50 12.50 12.49 12.42 12.34 12.06 12.02 12.38 12.63 12.58 12.60 12.59 12.49 12.51 12.57 12.55 12.53 12.52 12.45 12.43 12.44 12.23 12.23 12.39 12.21 12.44 12.51 12.43 12.47 12.47 12.45 12.43 12.36 12.39 12.32 12.28 12.35
12.44 12.45 12.45 12.44 12.40 12.42 12.37 12.42 12.46 12.41 12.40 12.33 12.37 12.40 12.28 12.35 12.41 12.37 12.39 12.45 12.46 12.45 12.42 12.42 12.38 12.38 12.41 12.34 12.41 12.42 12.31 12.42 12.47 12.48 12.48 12.47 12.47 12.48 12.49 12.48 12.48 12.42 12.40 12.34 12.22 12.15 12.14 12.18 12.28 12.57 12.47 12.52 12.56 12.60 12.56 12.52 12.53 12.51 12.51 12.35 12.42 12.20 12.29 12.36 12.43 12.39 12.49 12.50 12.47 12.46 12.44 12.35 12.26 12.33 12.21 12.26 12.33
12.44 12.43 12.43 12.41 12.37 12.39 12.40 12.38 12.40 12.39 12.39 12.41 12.37 12.31 12.28 12.32 12.41 12.33 12.37 12.38 12.47 12.41 12.38 12.45 12.43 12.45 12.38 12.33 12.38 12.41 12.42 12.38 12.46 12.43 12.47 12.48 12.46 12.46 12.45 12.46 12.45 12.42 12.39 12.35 12.32 12.15 12.02 11.84 11.90 12.27 12.49 12.49 12.50 12.55 12.56 12.51 12.51 12.50 12.49 12.47 12.41 12.26 12.29 12.34 12.43 12.42 12.44 12.41 12.39 12.40 12.30 12.14 11.96 12.13 12.36 12.25 12.38
12.38 12.40 12.42 12.41 12.39 12.35 12.35 12.32 12.30 12.29 12.28 12.31 12.31 12.30 12.31 12.34 12.34 12.29 12.34 12.43 12.43 12.42 12.37 12.37 12.37 12.35 12.40 12.35 12.36 12.41 12.41 12.42 12.42 12.44 12.45 12.45 12.45 12.44 12.43 12.43 12.41 12.38 12.40 12.33 12.24 12.12 11.96 11.96 12.25 12.03 12.24 12.45 12.37 12.53 12.54 12.49 12.46 12.46 12.43 12.42 12.24 12.24 12.13 12.15 12.38 12.33 12.31 12.37 12.37 12.37 12.33 12.28 12.18 12.09 12.18 12.34 12.38
12.37 12.37 12.34 12.35 12.36 12.38 12.38 12.37 12.34 12.35 12.36 12.27 12.36 12.35 12.30 12.34 12.28 12.25 12.30 12.37 12.38 12.39 12.36 12.39 12.36 12.36 12.31 12.26 12.25 12.24 12.28 12.30 12.32 12.40 12.42 12.42 12.42 12.41 12.34 12.40 12.39 12.32 12.29 12.25 12.21 12.07 11.99 11.90 11.86 11.92 11.64 11.87 11.91 12.44 12.49 12.43 12.45 12.43 12.41 12.39 12.21 12.15 12.19 12.08 12.22 12.29 12.29 12.32 12.35 12.33 12.32 12.33 12.30 12.29 12.31 12.27 12.36
12.36 12.36 12.36 12.33 12.33 12.36 12.33 12.34 12.26 12.28 12.25 12.21 12.13 12.08 12.11 12.16 12.19 12.32 12.20 12.29 12.13 12.25 12.29 12.32 12.37 12.41 12.37 12.27 12.28 12.29 12.28 12.32 12.35 12.32 12.34 12.37 12.37 12.35 12.32 12.31 12.31 12.34 12.28 12.16 12.11 11.99 11.80 11.76 11.59 11.66 11.36 11.65 12.01 12.24 12.02 12.24 12.37 12.39 12.41 12.40 12.25 12.22 12.08 12.03 11.91 12.00 12.13 12.25 12.30 12.28 12.30 12.31 12.31 12.35 12.25 12.25 12.23
12.34 12.31 12.35 12.35 12.30 12.30 12.28 12.25 12.28 12.21 12.29 12.27 12.25 12.15 12.19 12.17 12.25 12.14 12.22 12.21 12.19 12.25 12.31 12.27 12.24 12.22 12.28 12.27 12.25 12.34 12.25 12.28 12.32 12.32 12.26 12.34 12.36 12.33 12.37 12.38 12.33 12.22 12.30 12.21 12.05 12.04 11.81 11.59 11.69 11.20 11.05 11.37 11.70 11.80 11.87 12.12 12.38 12.38 12.40 12.39 12.38 12.13 11.99 11.85 11.85 11.88 11.88 12.11 12.28 12.26 12.28 12.27 12.29 12.32 12.29 12.28 12.25
12.28 11.94 12.17 12.33 12.34 12.32 12.32 12.31 12.18 12.17 12.14 12.21 12.16 12.17 12.12 12.21 12.19 12.23 12.23 12.22 12.23 12.27 12.24 12.30 12.14 12.19 12.24 12.22 12.12 12.15 12.16 12.28 12.25 12.25 12.35 12.35 12.34 12.35 12.35 12.28 12.35 12.26 12.22 12.13 12.00 11.82 11.66 11.49 11.45 11.59 11.45 11.36 11.98 12.10 12.04 12.26 12.36 12.36 12.38 12.37 12.28 12.10 12.07 12.03 12.04 11.95 11.92 11.78 12.23 12.29 12.27 12.26 12.22 12.22 12.24 12.09 12.14
11.90 10.99 11.84 12.32 12.30 12.33 12.37 12.31 12.29 12.23 12.18 12.13 12.03 11.99 12.04 12.10 12.17 12.10 12.10 12.21 12.27 12.18 12.18 12.18 12.21 12.34 12.32 12.27 12.24 12.20 12.25 12.25 12.32 12.32 12.34 12.32 12.30 12.36 12.34 12.33 12.32 12.22 12.11 12.19 12.08 12.03 11.96 11.81 12.11 11.94 11.80 11.78 11.92 12.16 12.32 12.33 12.33 12.35 12.36 12.36 12.33 12.23 12.12 11.92 11.84 11.83 11.31 11.18 11.96 12.16 12.22 12.27 12.25 12.26 12.27 12.27 12.23
11.68 11.68 12.26 12.28 12.27 12.27 11.94 11.37 12.28 12.26 12.27 12.26 12.24 12.22 12.15 12.03 11.94 12.00 11.98 11.93 12.00 11.85 11.91 11.88 12.07 12.30 12.26 12.14 12.08 12.01 12.18 12.20 12.27 12.29 12.30 12.30 12.31 12.31 12.28 12.27 12.24 12.24 12.18 12.22 12.07 12.15 11.77 11.64 12.02 12.15 11.84 11.88 12.25 12.14 12.11 12.29 12.30 12.30 12.31 12.33 12.33 12.24 12.03 11.93 11.98 11.81 11.55 11.09 10.91 12.10 12.18 12.22 12.23 12.22 12.25 12.26 12.28
11.75 12.21 12.25 12.21 12.23 12.25 11.14 10.79 12.00 12.26 12.26 12.28 12.26 12.25 12.23 12.22 12.09 12.08 12.03 11.95 11.88 11.67 11.70 11.76 11.82 11.67 12.26 12.27 12.22 12.17 12.18 12.23 12.24 12.23 12.24 12.25 12.24 12.24 12.24 12.22 12.22 12.13 12.10 12.01 12.03 11.96 11.76 11.70 11.61 11.18 11.73 11.78 11.64 12.20 12.18 12.28 12.29 12.27 12.28 12.30 12.31 12.27 12.06 11.95 12.03 11.98 11.62 11.20 10.71 11.57 12.03 12.13 12.22 12.16 12.20 12.08 12.08
12.15 11.93 11.89 12.01 12.08 12.15 11.56 11.67 12.21 12.16 12.33 12.29 12.26 12.28 12.28 12.27 12.23 12.25 12.25 12.21 12.02 11.75 11.80 11.78 11.83 11.91 12.05 11.79 11.91 11.91 11.84 12.01 12.10 12.16 12.16 12.24 12.24 12.24 12.22 12.19 12.21 12.20 12.14 12.18 12.06 12.13 12.13 12.07 11.84 11.32 11.17 11.37 11.99 11.95 12.23 12.24 12.25 12.26 12.26 12.29 12.28 12.25 12.14 12.02 12.00 11.96 11.51 11.22 10.64 11.29 11.99 12.08 12.15 12.17 12.20 12.22 12.18
12.11 12.20 12.14 12.04 11.95 12.10 12.06 12.09 12.10 12.29 12.34 11.91 11.33 12.08 12.20 12.21 12.22 12.17 12.17 12.25 12.20 12.19 12.19 12.03 11.72 11.63 11.57 11.87 11.86 12.19 12.10 12.13 12.06 12.06 12.16 12.21 12.13 12.21 12.20 12.19 12.24 12.24 12.21 12.04 12.00 12.02 11.96 11.93 11.62 11.63 11.48 11.29 11.69 11.42 11.87 12.05 12.22 12.24 12.24 12.24 12.19 12.24 12.05 12.04 11.88 11.93 11.63 11.17 10.22 10.65 11.87 12.03 12.18 12.19 12.19 12.19 12.20
12.08 11.99 11.97 11.82 11.63 11.70 12.08 12.05 11.95 12.27 12.22 11.77 12.28 12.25 12.15 12.01 12.16 12.18 12.20 12.21 12.16 12.17 12.17 12.13 12.08 11.86 11.74 11.73 11.89 12.13 12.09 12.21 12.20 12.18 12.09 12.11 12.08 12.14 12.10 12.13 12.19 12.11 12.12 12.05 11.98 12.01 12.01 11.86 11.88 11.81 11.48 11.60 11.67 11.10 11.87 12.16 12.19 12.19 12.20 12.21 12.24 12.22 12.09 12.02 11.78 11.67 11.68 11.25 10.47 10.47 11.48 12.00 12.01 12.15 12.15 12.15 12.16
11.82 12.04 11.83 12.01 12.00 11.75 11.77 11.53 11.21 11.50 12.06 12.18 12.24 12.19 12.22 12.17 12.17 12.20 12.22 12.18 12.15 12.16 12.14 12.13 12.08 11.96 11.95 11.83 11.25 11.87 12.12 12.20 12.16 12.17 12.17 12.16 12.16 12.16 12.18 12.20 12.17 12.11 12.05 12.15 12.09 11.85 12.00 11.91 11.67 11.69 11.65 11.37 11.42 11.66 12.02 12.16 12.16 12.15 12.19 12.20 12.21 12.20 12.15 12.07 11.84 11.82 11.38 11.03 10.28 10.52 11.00 12.01 11.84 11.76 12.11 12.05 12.06
11.51 11.86 12.07 12.06 12.17 12.10 11.68 11.52 11.34 11.19 11.88 12.13 12.22 12.20 12.24 12.19 12.16 12.18 12.19 12.17 12.14 12.15 12.14 12.09 12.10 12.05 11.96 12.19 11.81 11.70 12.20 12.24 12.18 12.17 12.15 12.11 12.16 12.10 12.12 12.14 12.13 12.11 12.06 11.96 12.11 12.12 12.02 11.94 11.88 11.92 11.74 11.31 11.57 11.85 12.12 12.11 12.12 12.15 12.18 12.18 12.18 12.18 12.03 11.94 11.81 11.58 11.28 10.77 10.14 10.79 11.37 12.03 11.98 11.91 12.10 11.95 12.14
11.84 11.91 12.08 12.06 12.15 12.11 12.09 12.09 11.94 11.67 11.35 11.63 12.03 12.13 12.12 12.00 11.96 12.16 12.11 12.11 12.12 12.05 12.04 11.99 12.09 12.10 12.06 11.92 11.84 11.09 11.83 11.89 11.13 12.04 12.09 12.09 12.08 12.07 12.03 12.03 12.06 12.01 12.08 12.11 12.06 12.03 11.94 11.94 11.69 11.49 11.40 11.53 11.37 11.58 12.01 12.10 12.14 12.15 12.16 12.15 12.12 12.02 11.96 11.66 11.66 11.05 10.97 9.85 9.58 10.68 11.13 12.06 12.06 12.01 12.10 12.13 12.11
11.45 11.32 11.66 11.87 11.98 12.08 12.07 12.06 11.86 11.32 10.53 11.56 11.58 11.48 11.47 10.68 10.90 11.78 11.96 11.65 12.09 12.09 12.05 12.01 12.01 12.04 11.87 11.99 11.41 11.48 11.52 10.50 11.12 12.07 12.06 12.06 12.00 12.00 12.00 11.97 11.98 11.98 12.01 12.10 12.05 11.98 11.93 11.91 11.78 11.68 11.45 11.40 11.16 11.53 12.07 12.12 12.13 12.14 12.13 12.12 12.09 11.97 11.81 11.49 11.27 11.30 11.15 10.40 10.55 10.46 10.97 11.82 11.97 12.01 12.05 12.07 11.96
11.43 11.13 11.21 11.48 11.57 11.81 11.87 11.89 11.99 11.67 11.39 11.78 11.60 11.22 10.49 11.14 11.86 11.56 11.13 11.38 11.81 11.97 12.03 12.00 11.97 12.05 11.93 11.64 11.63 11.73 11.86 11.31 12.17 12.09 12.06 12.04 11.94 11.89 11.83 11.98 11.96 11.81 11.93 11.87 11.91 11.85 11.86 11.82 11.81 11.66 11.43 11.37 11.29 11.54 12.10 12.12 12.12 12.10 12.09 12.05 11.89 11.69 11.55 11.60 11.48 11.18 10.54 10.55 10.60 10.53 11.43 11.92 12.00 11.97 12.03 12.02 12.05
11.53 11.16 11.33 11.01 10.97 11.50 11.67 11.79 11.88 11.92 11.82 11.60 11.42 11.28 9.37 11.75 11.43 11.21 10.88 11.21 11.66 11.83 11.97 12.00 12.02 12.05 12.04 12.05 11.93 11.86 11.79 11.83 12.21 12.13 12.05 11.98 11.92 11.89 11.89 11.90 12.02 11.93 11.65 11.87 11.91 11.80 11.91 11.84 11.72 11.69 11.33 11.29 11.39 11.76 12.06 12.09 11.94 11.92 11.93 11.80 11.62 11.48 11.59 11.39 11.58 11.28 10.16 10.55 10.78 11.47 11.75 11.78 11.87 12.01 11.94 11.94 11.89
11.09 11.22 11.17 11.05 11.06 11.13 11.45 11.23 11.52 11.67 11.53 11.47 11.50 10.36 9.10 10.36 10.61 10.74 10.84 10.60 11.10 11.53 11.80 11.88 12.01 12.02 12.02 12.02 12.00 11.91 11.98 11.78 11.75 11.71 11.98 11.92 11.92 11.91 11.80 11.84 11.94 11.80 11.82 11.91 11.65 11.66 11.64 11.67 11.65 11.61 11.31 11.29 11.24 11.05 11.54 11.94 11.61 11.50 11.62 11.52 11.56 11.47 11.30 11.35 11.39 11.60 10.46 10.74 10.56 10.39 10.69 11.31 11.69 11.67 11.71 11.78 11.85
10.44 10.56 10.82 11.06 10.71 11.02 11.02 11.11 11.13 11.01 10.92 10.82 10.93 10.79 9.68 10.28 10.71 11.04 10.94 10.62 10.48 11.19 11.58 11.69 11.80 11.94 11.93 11.95 11.94 11.94 11.89 11.92 11.91 11.81 11.38 11.80 11.75 11.87 11.83 11.88 11.89 11.92 11.80 11.75 11.76 11.73 11.70 11.52 11.65 11.57 11.05 10.62 10.86 11.27 11.86 11.95 11.98 11.89 11.85 11.43 11.51 11.40 11.00 11.23 11.04 11.03 10.66 11.31 11.20 10.64 11.02 11.61 11.72 11.58 11.88 11.84 11.87
10.51 9.97 10.35 10.56 10.85 10.89 10.87 10.91 11.08 11.02 11.24 11.22 10.81 10.78 10.43 10.03 9.73 10.36 11.09 10.85 11.41 10.90 11.30 11.63 11.64 11.75 11.77 11.73 11.86 11.74 11.85 11.89 11.94 11.91 11.87 11.75 11.67 11.67 11.75 11.63 11.81 11.76 11.85 11.78 11.73 11.80 11.78 11.52 11.50 11.54 11.52 11.61 11.43 11.73 11.78 11.92 11.80 11.59 11.64 11.13 11.29 11.00 11.43 11.25 11.11 11.20 10.97 10.90 11.00 11.14 11.03 11.27 11.67 11.70 11.49 11.63 11.51
9.85 9.94 10.46 10.73 10.76 10.33 10.45 10.84 10.91 11.26 11.19 11.18 10.99 10.84 10.10 9.92 10.14 10.32 10.58 11.32 10.90 10.78 10.78 11.14 11.42 11.39 11.55 11.46 11.60 11.74 11.72 11.74 11.67 11.70 11.76 11.81 11.81 11.78 11.75 11.73 11.75 11.78 11.65 11.64 11.71 11.67 11.50 11.58 11.44 11.44 11.49 11.18 10.98 11.46 11.70 11.66 11.17 11.28 10.87 10.88 11.22 10.97 11.39 11.15 10.57 10.90 11.03 10.72 10.78 11.12 10.43 10.70 11.50 11.40 11.22 11.72 11.72
9.91 9.95 10.21 10.79 10.58 10.94 11.07 10.88 10.83 10.86 11.38 11.38 11.17 11.09 10.77 10.55 9.88 10.42 10.44 10.35 10.41 10.21 10.41 10.81 10.73 10.96 11.34 11.36 11.52 11.75 11.64 11.69 11.72 11.74 11.75 11.65 11.84 11.81 11.75 11.71 11.83 11.68 11.47 11.45 11.33 11.34 11.37 11.35 11.50 11.39 11.41 11.17 11.06 10.83 11.24 11.45 11.69 11.57 11.32 11.11 11.12 11.40 11.27 10.82 10.74 10.89 10.79 10.87 10.95 11.00 10.39 11.03 11.69 11.41 11.39 11.41 11.33
9.91 10.01 10.26 10.62 10.36 10.88 10.99 11.18 10.80 10.85 10.74 10.84 10.60 10.49 10.70 10.49 10.32 9.75 9.39 9.52 10.06 10.49 10.56 10.81 10.70 10.91 11.32 11.47 11.47 11.74 11.56 11.52 11.64 11.69 11.77 11.67 11.73 11.81 11.73 11.73 11.78 11.73 11.65 11.61 11.37 11.22 11.03 11.00 11.11 11.24 11.14 10.98 10.86 10.91 11.13 11.21 11.48 11.49 11.19 11.22 11.42 11.03 11.41 11.02 11.24 11.10 10.83 10.93 10.62 11.05 10.51 10.61 11.33 11.32 11.12 11.00 11.00
9.71 9.56 9.77 10.04 10.34 10.04 10.83 10.83 10.47 10.67 10.90 10.38 10.55 10.75 10.54 10.19 9.99 9.74 9.90 9.93 10.16 10.55 10.64 10.75 10.71 10.94 11.12 11.25 11.33 11.54 11.45 11.47 11.62 11.72 11.67 11.58 11.56 11.72 11.78 11.66 11.74 11.79 11.62 11.60 11.46 11.38 11.14 11.18 11.02 11.04 11.14 11.09 10.93 10.47 10.44 11.13 11.64 11.14 11.27 11.20 11.44 11.20 11.21 11.45 11.51 11.31 11.18 11.08 11.01 10.83 10.54 10.61 11.33 11.59 11.33 11.28 11.06
10.28 10.18 9.54 10.23 10.25 10.27 10.53 10.41 10.59 10.28 10.31 10.46 10.33 10.56 10.54 10.16 10.19 10.34 10.38 9.71 9.98 10.31 11.20 10.91 10.72 10.76 10.84 10.97 11.42 11.54 11.43 11.35 11.37 11.64 11.62 11.56 11.52 11.67 11.73 11.69 11.73 11.74 11.68 11.54 11.28 11.34 11.19 11.29 11.00 11.07 11.10 11.18 11.14 10.82 10.85 11.07 11.33 10.60 11.11 11.42 11.13 11.49 11.63 11.78 11.38 11.55 11.45 11.03 11.15 11.00 10.46 10.32 10.86 11.23 11.24 11.33 10.82
9.75 9.60 9.71 10.06 9.55 10.23 10.25 10.52 10.35 10.52 10.45 10.59 10.91 10.55 10.43 10.49 9.72 9.89 9.86 10.07 10.56 10.89 11.11 11.09 11.06 11.01 11.12 11.25 11.39 11.54 11.42 11.41 11.56 11.42 11.26 11.40 11.46 11.55 11.61 11.74 11.67 11.63 11.70 11.54 11.56 11.52 11.40 11.34 11.23 11.28 11.15 11.08 10.89 10.65 10.68 10.34 11.12 11.29 11.48 11.62 11.18 11.01 11.31 11.44 11.40 11.11 10.74 10.83 10.56 10.48 10.55 10.28 10.61 11.04 11.28 11.05 10.74
