main/data/irradiance/14.02.2023.grid
ncols 839
nrows 679
xllcenter 112.0500
yllcenter -43.9500
cellsize 0.0500
nodata_value 99999.90
[rows 442 to 475 of 679, columns 154 to 230 of 839]
27.41 27.45 26.94 27.37 27.35 26.77 26.70 26.22 26.13 26.79 26.87 25.57 25.91 27.12 25.57 26.30 26.59 26.03 25.61 25.45 24.67 24.59 25.99 25.07 25.57 22.09 23.73 25.05 24.77 21.08 20.33 21.11 22.21 21.77 20.57 21.96 22.68 22.94 21.48 21.24 23.06 21.38 21.94 23.52 23.11 24.18 22.83 21.19 20.77 21.55 21.69 23.18 24.86 23.76 21.48 22.47 23.77 23.01 22.31 23.51 24.24 23.73 24.18 24.98 24.56 25.20 25.12 25.94 24.89 25.54 25.78 26.00 25.81 26.08 26.55 25.39 26.24
27.15 27.19 26.84 27.16 27.29 27.03 26.47 26.24 26.66 26.37 26.59 27.19 25.68 25.20 26.47 25.56 24.00 25.14 25.90 23.46 24.95 25.68 25.17 24.69 23.76 24.88 22.99 23.65 24.21 21.34 20.68 21.37 20.97 20.87 21.31 21.39 22.19 22.30 20.10 21.49 22.42 22.14 21.23 23.26 25.07 25.06 23.55 20.97 20.23 21.55 23.67 25.18 25.09 23.87 22.10 23.47 24.53 24.09 23.38 24.37 24.08 23.28 23.25 22.84 23.93 23.59 24.90 25.67 24.86 25.33 25.78 24.86 25.03 26.06 25.62 26.16 25.88
27.03 26.76 26.91 26.73 26.83 27.00 26.48 26.31 26.26 26.16 25.12 26.60 25.65 24.69 25.40 25.88 25.29 25.03 22.00 23.01 22.54 25.13 26.06 23.62 23.32 23.06 21.56 19.34 23.76 23.52 23.90 20.24 21.44 24.80 24.37 22.38 21.44 23.05 22.50 23.26 22.03 20.65 21.23 23.18 23.68 23.43 23.44 20.25 20.94 22.34 24.17 25.86 25.17 24.87 24.67 24.24 24.18 23.91 24.72 24.66 25.01 25.09 23.40 22.11 23.61 23.41 24.05 24.56 24.72 25.60 25.44 24.69 24.93 26.34 25.60 25.94 26.12
27.09 26.90 26.23 26.52 26.97 26.43 26.71 26.24 25.72 25.50 26.05 25.87 26.38 25.03 24.67 24.18 25.96 25.35 23.48 22.82 23.66 25.61 24.15 22.34 24.00 23.13 24.44 22.73 22.23 21.99 21.74 21.29 21.88 23.63 22.18 20.21 19.76 21.85 20.12 21.95 24.65 23.78 22.54 22.09 22.05 21.90 21.91 22.21 21.78 23.35 24.94 24.42 24.63 24.51 25.06 25.77 24.84 24.81 25.04 24.59 24.32 23.80 23.84 24.59 24.47 23.47 24.43 24.55 24.65 25.98 25.45 24.94 26.02 26.30 24.73 24.97 25.69
27.23 27.10 26.81 26.36 26.91 27.04 26.63 25.83 26.06 24.86 25.83 25.90 26.07 24.99 23.95 24.15 24.83 23.43 23.68 24.46 23.39 24.23 24.36 23.35 25.15 25.29 23.60 23.36 24.39 23.43 22.95 23.13 22.76 23.43 22.54 20.54 20.47 21.49 19.93 20.80 24.42 25.61 23.31 22.61 22.21 20.85 20.89 22.24 23.17 24.34 25.42 25.21 22.94 22.40 23.82 24.76 23.74 23.82 22.99 24.62 24.65 23.75 24.94 24.25 23.84 24.25 23.75 24.83 24.57 25.19 25.26 25.06 25.76 25.17 24.72 24.86 25.53
27.24 27.16 26.27 25.80 26.26 26.47 26.81 26.26 26.07 26.04 24.58 25.35 26.26 23.76 25.59 25.35 24.92 23.48 23.46 21.93 21.89 23.17 24.88 22.96 24.38 24.73 21.72 21.16 24.73 24.02 23.56 25.19 24.71 25.79 20.94 20.06 22.19 21.29 22.27 22.85 23.05 22.40 23.35 24.33 22.03 21.40 20.66 20.52 21.51 24.32 25.42 25.71 23.72 23.07 24.06 23.96 23.66 23.80 22.51 24.12 25.06 24.34 25.15 24.68 24.27 24.37 24.12 23.19 25.19 25.54 25.46 25.63 25.26 25.27 25.02 24.17 23.82
26.97 27.16 27.05 26.02 26.30 26.31 27.17 26.64 25.75 25.37 25.56 26.47 25.32 24.91 24.68 25.65 24.29 26.50 25.36 21.61 22.84 24.17 23.35 23.87 25.22 24.21 24.69 23.90 23.75 24.07 23.08 25.33 26.08 25.25 23.15 20.37 20.91 21.60 21.70 20.49 20.27 20.24 22.44 23.63 23.74 23.03 20.91 22.06 22.86 22.92 23.10 23.87 23.63 20.88 19.99 22.40 22.38 23.05 22.97 24.59 25.41 25.11 24.87 24.63 24.58 23.57 23.32 24.73 24.53 24.47 24.88 24.99 25.63 25.45 25.28 24.21 23.77
26.58 26.87 27.22 26.59 25.88 26.64 26.41 26.68 26.36 25.35 26.81 25.49 26.23 24.88 24.87 25.42 24.28 25.78 26.08 26.22 25.00 22.48 23.31 23.26 25.44 22.64 25.00 23.17 23.36 23.62 23.65 23.02 24.45 24.40 23.78 21.82 21.80 22.04 21.74 20.94 21.63 21.79 22.88 21.67 23.83 22.51 20.97 22.99 21.16 20.51 20.65 23.41 22.19 19.53 22.11 25.07 22.54 23.23 23.64 24.18 26.09 25.22 24.62 25.49 23.42 23.17 22.43 25.49 25.22 23.72 23.92 25.01 25.23 25.27 23.08 21.84 24.16
26.79 26.92 27.18 27.07 26.53 26.31 26.47 26.02 26.05 25.00 26.49 23.92 25.11 23.68 24.09 24.21 26.14 25.46 25.38 25.97 23.04 22.27 24.87 24.22 25.42 25.17 24.72 22.65 23.32 23.09 23.98 22.01 22.38 20.59 22.08 22.82 21.06 19.72 19.58 22.28 23.94 23.13 23.62 22.65 22.77 22.58 23.08 23.13 21.97 20.27 21.16 23.00 23.11 22.37 23.24 24.23 24.80 25.47 24.21 24.46 25.60 24.62 24.80 25.45 25.02 23.42 23.38 24.57 23.68 22.35 23.29 24.00 24.90 25.22 24.26 24.10 24.02
26.83 27.01 26.98 26.96 26.94 26.50 26.21 26.87 26.13 25.82 25.86 23.57 24.22 25.09 23.49 23.55 25.86 25.32 26.12 25.35 24.85 24.31 22.87 22.75 24.00 23.88 24.42 23.77 25.09 23.89 23.58 24.16 21.56 20.16 22.38 23.30 21.65 22.38 22.93 21.80 22.55 25.05 24.23 22.15 19.99 23.28 23.62 22.68 21.97 23.29 24.19 24.36 24.90 23.52 22.26 22.21 23.58 23.47 24.62 24.31 25.59 25.45 25.49 23.84 22.53 22.96 23.12 24.17 22.35 24.29 23.33 24.98 24.80 25.03 25.08 24.87 24.76
26.41 26.81 26.72 26.88 26.95 26.66 25.96 26.15 25.86 25.34 25.25 24.84 24.76 23.93 23.06 22.65 25.08 24.78 25.44 24.98 24.71 24.39 24.24 22.52 22.38 23.13 23.77 24.95 25.01 23.80 23.69 24.48 24.50 21.90 20.15 23.66 23.28 22.75 22.76 21.97 20.97 22.19 22.26 21.05 21.51 24.57 24.29 23.34 23.52 24.07 25.20 25.37 25.44 24.85 24.08 22.08 21.37 21.12 22.31 23.91 23.51 23.30 23.52 21.45 21.75 22.32 24.07 25.31 23.39 23.82 24.57 24.55 24.27 24.80 25.65 25.67 25.43
26.61 26.97 26.96 26.88 26.71 26.42 26.40 26.44 26.58 25.37 25.37 25.17 25.66 24.69 23.74 25.45 24.23 24.95 24.85 24.06 24.93 24.84 25.54 23.56 23.77 22.82 23.41 23.08 21.58 22.04 22.83 24.33 25.83 23.50 21.06 23.30 24.98 25.16 24.18 22.40 21.07 21.82 22.17 22.63 24.51 25.21 24.04 22.69 22.14 24.17 25.07 25.30 25.69 25.54 24.48 23.64 21.09 21.63 22.09 22.29 24.22 25.09 24.57 23.24 22.00 20.62 21.82 22.77 23.19 23.06 23.66 24.34 25.58 25.40 24.82 24.51 24.96
26.92 26.87 27.07 26.82 26.82 26.31 26.59 26.99 26.44 26.00 25.00 24.70 22.84 23.65 23.90 24.46 24.56 24.84 24.75 25.23 22.25 22.35 24.82 24.01 24.44 24.99 23.64 21.98 21.95 21.71 22.00 24.40 25.35 23.43 22.59 22.89 24.88 26.16 24.69 22.57 23.21 23.32 23.16 24.41 24.77 24.60 22.69 22.16 21.67 20.72 23.41 25.29 26.58 26.41 25.36 24.09 22.85 21.60 20.00 21.55 23.92 24.17 22.36 22.58 21.95 21.09 19.96 21.99 22.65 23.09 24.29 24.64 25.21 25.90 25.66 24.84 25.13
26.48 26.88 26.72 26.28 26.31 26.70 26.42 26.26 25.62 25.95 25.15 24.41 24.55 24.07 21.90 24.68 25.61 25.28 24.32 24.17 23.50 23.01 21.02 23.93 24.79 25.12 23.76 23.63 23.49 20.69 22.05 23.34 25.55 24.72 22.10 22.18 23.29 24.61 24.56 24.20 23.29 22.29 22.59 25.62 26.05 23.51 22.58 21.59 22.46 21.96 23.51 25.08 26.62 26.61 25.82 23.91 23.56 22.00 20.13 21.50 22.34 24.64 22.19 20.71 22.33 22.14 20.67 22.58 22.91 23.74 24.63 24.87 24.74 26.33 26.07 24.59 23.78
26.69 27.07 26.56 26.64 26.88 26.79 26.23 26.22 26.07 26.10 26.44 25.61 24.63 25.39 22.69 22.67 22.68 24.09 23.27 22.79 24.17 21.63 20.39 22.92 24.59 25.53 24.59 24.54 24.40 23.90 21.85 22.39 24.74 25.05 22.20 22.74 22.70 22.81 24.28 24.25 22.39 21.67 22.75 23.76 24.04 24.07 22.59 23.43 21.69 22.82 23.63 24.74 26.21 26.41 25.90 24.90 23.86 23.11 21.51 21.52 23.78 25.39 24.10 23.31 23.90 21.93 22.04 21.88 21.19 23.83 23.66 24.80 25.42 25.65 24.24 24.12 23.78
27.21 27.09 26.50 26.73 26.76 26.91 26.76 26.81 26.62 26.62 26.22 25.18 24.02 25.52 24.80 24.29 22.40 23.56 23.89 22.16 23.56 23.58 22.14 23.32 23.72 24.07 25.05 24.20 22.71 22.85 21.09 19.89 23.14 24.90 24.38 22.66 22.03 22.22 23.10 22.73 22.16 22.25 23.44 22.27 22.35 23.69 22.83 24.43 22.71 22.27 24.23 24.71 24.60 25.68 25.05 24.73 24.00 23.29 23.45 23.24 22.71 24.73 25.64 25.19 24.71 24.18 24.39 23.56 22.22 23.69 23.93 23.55 24.82 24.77 23.90 23.50 22.91
26.70 26.48 26.42 26.64 26.76 26.75 26.69 26.90 26.69 25.81 25.51 25.69 25.01 24.28 24.72 24.27 23.26 22.82 22.90 22.17 21.38 21.92 21.78 20.56 21.52 21.37 21.33 23.66 22.53 22.18 19.55 20.24 22.66 23.50 23.80 21.49 22.09 23.36 23.72 22.73 23.00 23.22 22.67 23.19 23.57 23.99 23.48 23.50 22.94 22.29 22.82 23.39 23.37 23.85 22.53 23.55 24.29 24.62 24.99 24.31 23.00 22.89 24.59 25.51 25.08 25.34 24.26 23.30 22.39 22.99 23.38 23.41 23.92 24.79 24.23 24.51 24.96
26.47 26.53 26.53 26.41 26.18 26.65 26.07 26.12 26.30 26.24 26.13 26.03 24.87 23.83 23.95 23.79 23.41 23.05 22.30 22.19 22.95 22.01 21.82 20.76 21.29 21.73 22.42 24.00 23.36 22.85 22.34 20.51 22.12 24.28 23.36 21.24 22.63 22.09 22.91 22.83 23.03 23.04 21.21 22.79 24.81 25.02 23.63 23.24 22.32 22.08 22.26 22.09 22.00 20.73 22.21 23.03 24.87 23.59 22.94 23.06 22.11 22.33 23.55 25.22 24.37 24.37 24.88 24.68 23.36 22.86 22.55 23.30 22.51 23.79 24.92 25.41 25.38
26.45 26.56 26.60 26.45 26.59 26.89 26.22 26.08 26.51 25.64 25.71 25.88 24.92 23.73 24.84 24.35 23.90 24.38 21.90 22.34 22.50 21.38 22.61 22.57 23.79 21.63 23.65 23.67 23.51 24.56 23.23 20.35 21.80 23.45 22.76 20.86 22.12 22.24 23.78 22.13 21.58 22.76 23.78 24.96 25.30 25.19 23.33 22.76 21.72 20.91 21.60 21.26 24.04 23.04 23.66 24.44 23.76 22.23 23.76 24.19 23.58 21.60 22.53 25.28 25.41 24.74 25.28 25.99 25.69 24.40 23.43 21.77 23.00 24.02 24.18 25.67 24.60
26.68 27.02 26.96 26.62 26.47 26.08 25.95 26.27 25.73 25.77 25.57 25.64 26.35 25.21 25.26 24.42 23.72 23.92 23.36 22.21 23.09 22.19 23.18 22.11 22.48 22.95 24.60 24.72 24.05 22.80 22.29 22.36 22.03 21.85 23.00 22.40 22.04 21.86 22.82 22.68 22.44 23.42 23.24 24.31 24.84 24.86 24.81 23.76 21.49 20.03 20.82 22.52 24.06 24.25 24.12 22.32 21.41 21.28 22.18 25.66 25.13 22.79 23.45 25.02 25.38 26.13 26.73 26.79 26.21 24.97 21.74 20.71 23.68 24.09 24.51 24.53 25.39
26.04 26.36 26.38 26.28 25.89 25.86 25.99 24.71 25.47 26.11 26.00 26.05 26.02 25.15 26.03 25.36 24.62 23.27 24.55 23.15 24.46 24.78 23.34 21.51 22.48 24.35 25.58 25.16 24.41 23.82 21.43 21.22 21.75 22.80 22.78 22.60 22.41 22.77 23.69 23.60 22.71 22.72 23.22 23.67 24.48 23.90 24.78 24.08 21.89 21.77 22.35 22.51 20.73 22.05 21.12 19.90 21.19 22.93 23.42 24.66 24.88 23.58 23.64 23.98 24.22 26.00 26.43 26.65 26.46 24.24 23.17 23.84 23.52 25.23 23.92 23.25 24.18
25.57 25.42 26.24 26.33 25.67 25.60 25.47 25.01 25.70 25.33 25.57 25.33 25.27 24.80 25.36 25.49 24.53 21.62 24.03 23.96 24.60 24.18 23.07 22.90 23.49 24.49 25.09 24.00 21.88 22.10 21.42 21.35 20.47 21.74 21.78 22.94 22.61 22.94 22.88 21.97 21.45 21.84 22.56 23.05 24.01 23.69 24.23 23.63 23.86 23.24 23.68 23.04 20.32 21.44 21.73 21.05 20.75 21.63 22.30 22.47 22.50 22.77 23.86 22.85 24.41 25.89 25.99 24.97 24.91 25.59 25.50 25.41 25.77 25.39 24.02 23.07 22.97
24.44 24.02 24.71 25.13 25.54 25.50 24.45 24.71 24.54 24.39 25.20 24.84 23.76 23.97 24.23 23.71 24.09 23.40 23.68 24.69 23.23 23.41 20.87 22.63 23.56 24.37 25.79 25.07 24.43 23.31 21.74 22.45 23.05 21.37 21.18 22.33 24.21 25.19 23.00 22.12 21.96 22.43 22.74 22.72 22.94 24.45 24.78 24.37 23.35 23.92 23.88 20.69 18.62 20.43 21.54 21.34 20.79 21.35 22.50 23.11 22.84 22.60 22.91 22.94 23.72 23.54 23.95 24.23 24.84 25.75 25.44 26.25 25.88 25.89 25.54 24.04 24.45
24.79 24.27 24.07 24.62 24.47 24.54 23.65 24.23 24.34 23.58 24.56 24.88 24.71 24.69 24.12 24.45 24.16 23.47 23.43 24.92 23.48 23.56 22.66 23.12 22.92 24.32 24.57 24.55 23.90 23.57 22.01 23.95 24.16 22.02 21.63 21.77 23.89 24.81 22.06 20.98 23.01 22.84 22.02 22.36 23.10 25.17 25.23 24.59 24.51 25.00 24.71 21.35 20.91 21.96 21.83 23.43 22.37 21.66 23.72 23.52 23.35 22.40 21.77 22.10 22.46 23.43 22.76 21.59 21.07 22.97 25.47 26.30 26.49 26.58 26.12 25.29 25.77
25.45 24.87 24.25 23.83 24.32 24.69 24.28 24.69 24.99 23.28 25.01 24.56 24.74 24.18 24.62 24.21 23.42 23.49 24.59 24.14 23.40 25.90 25.50 23.36 22.88 24.83 23.73 23.24 23.35 23.52 22.00 21.68 22.84 21.24 20.30 22.63 24.08 24.25 22.98 22.51 22.16 22.18 22.66 22.01 21.11 23.29 23.41 24.37 25.07 24.79 24.73 23.98 22.84 22.74 23.41 23.35 24.07 23.45 23.64 23.52 21.95 21.50 21.33 21.52 21.83 22.65 21.14 19.42 20.42 22.18 25.59 26.33 26.08 25.56 25.02 25.17 25.33
24.08 24.13 24.00 24.33 24.67 24.13 23.84 23.91 24.32 23.82 24.71 24.52 25.00 24.12 23.42 23.86 24.04 23.67 24.56 24.00 24.17 24.66 25.24 24.60 25.27 23.87 24.13 22.52 22.54 21.49 20.87 20.86 21.28 21.50 21.87 22.54 22.47 21.65 21.79 21.14 20.47 23.54 21.94 21.89 21.73 22.02 22.41 23.58 24.43 24.32 25.25 25.60 25.08 23.78 24.70 24.37 24.09 24.58 23.91 23.96 21.63 21.39 21.37 21.88 21.21 19.41 22.03 20.84 21.32 23.08 24.62 24.58 24.39 25.78 25.18 25.61 25.42
24.19 23.84 24.04 23.96 23.86 23.28 23.23 23.67 23.08 23.54 23.51 24.03 23.43 24.62 24.51 24.14 24.68 24.84 24.84 24.60 24.69 23.72 24.46 24.30 23.90 23.13 22.97 22.52 22.70 20.94 21.35 22.98 22.38 21.98 22.05 22.48 22.60 22.81 21.53 21.49 20.77 23.08 22.40 22.41 21.85 22.05 22.30 23.39 24.76 23.88 25.01 25.92 25.48 24.99 25.19 24.76 24.66 24.73 24.26 23.70 21.40 22.95 23.26 23.19 22.28 21.06 21.07 22.72 22.77 21.79 23.15 23.15 23.65 25.41 25.75 26.02 25.78
25.18 24.98 24.05 24.12 23.90 23.23 24.15 24.25 24.00 23.11 23.20 23.77 24.03 24.64 24.89 24.50 25.31 25.39 25.10 24.30 24.51 24.07 23.55 24.14 23.40 24.19 21.51 21.80 21.57 21.47 23.09 22.79 23.42 23.44 23.52 22.56 22.92 22.36 21.41 23.29 23.46 22.36 21.25 21.43 21.20 21.69 22.70 23.78 24.15 23.99 24.07 25.40 23.93 24.34 24.41 23.56 24.32 24.22 24.12 23.55 21.74 21.89 21.49 21.54 20.65 22.92 22.68 22.92 21.91 21.10 21.58 21.46 23.20 24.33 25.34 25.83 25.76
24.98 24.44 24.46 24.30 23.76 23.58 24.26 24.35 23.46 24.00 23.86 23.85 24.07 24.50 24.37 23.85 24.71 25.00 25.26 25.29 25.34 24.67 24.65 24.46 24.04 22.73 23.27 22.43 22.71 22.71 23.53 23.69 24.20 23.88 22.87 23.53 23.92 24.36 23.65 24.34 24.01 22.34 22.13 22.05 22.25 22.84 23.34 23.88 23.47 23.15 23.96 22.27 23.02 23.21 24.18 23.68 23.95 23.92 24.28 25.13 23.77 22.61 22.48 20.20 20.10 22.84 24.02 23.37 21.77 21.27 19.04 22.59 24.29 25.26 25.93 25.56 25.22
24.54 24.47 24.66 24.72 24.79 23.79 23.94 23.78 23.69 24.00 23.65 23.94 24.17 24.11 24.51 24.39 24.36 24.39 24.91 24.95 24.99 25.43 25.11 24.88 23.79 23.56 24.19 23.61 23.45 23.24 23.74 23.50 23.27 24.19 23.41 22.13 22.68 23.53 22.32 23.92 23.33 22.96 22.85 22.67 22.34 21.62 22.67 23.92 23.29 22.13 22.92 22.76 22.15 22.00 22.76 23.29 23.28 24.07 23.95 23.60 23.87 23.36 23.45 21.13 22.73 24.13 24.08 24.11 23.18 23.15 22.34 22.74 23.62 24.51 23.83 24.04 23.91
24.28 24.21 25.26 24.63 24.80 24.54 23.67 22.90 23.63 23.68 23.81 24.16 24.07 24.30 24.59 24.99 24.63 24.75 24.28 24.22 24.39 25.55 25.09 24.21 23.39 24.03 23.60 23.00 23.59 21.86 22.19 23.17 22.92 23.25 22.92 22.18 22.24 22.89 21.02 21.27 22.97 23.23 23.41 22.91 22.64 22.82 23.31 22.70 22.77 20.34 22.05 22.84 21.82 20.05 20.82 23.97 23.42 25.16 22.34 21.95 22.52 21.95 22.74 21.44 23.82 24.87 24.32 24.55 24.55 24.45 24.87 23.41 24.14 23.82 23.71 23.51 22.89
24.29 24.68 25.26 24.77 24.84 25.19 24.13 23.62 23.77 23.15 23.54 23.39 23.80 23.77 24.18 24.22 24.46 24.25 24.38 24.34 24.33 24.45 23.65 22.92 23.20 23.33 21.65 22.37 22.93 23.15 23.38 22.36 22.55 21.58 21.59 22.14 22.71 22.04 21.35 22.02 22.95 23.49 23.63 23.90 23.65 23.92 23.60 22.81 22.58 22.53 22.63 22.35 22.85 22.04 21.67 21.85 21.92 24.59 23.79 23.55 22.07 22.78 22.47 22.44 23.13 23.70 24.78 24.99 25.04 25.23 25.21 24.69 25.01 23.48 21.63 22.44 22.09
24.33 24.36 24.07 24.45 24.79 24.22 24.00 24.00 23.69 24.16 24.13 23.22 23.30 23.29 23.44 24.19 24.47 24.57 23.95 24.61 23.61 22.70 22.05 22.73 22.84 21.51 21.58 21.46 22.48 22.33 21.63 21.46 22.47 22.80 22.29 22.26 22.21 21.87 22.61 22.34 23.88 24.02 23.04 24.15 23.50 23.96 23.66 23.09 24.17 23.47 23.82 23.12 22.78 24.16 23.56 22.05 22.45 22.80 23.42 23.49 24.45 23.77 23.50 23.31 23.26 22.14 23.57 24.11 25.77 25.30 25.41 25.29 25.45 24.62 22.91 22.98 21.23
24.53 24.08 23.67 24.37 23.81 23.45 23.89 24.01 23.79 23.93 23.47 23.93 24.31 23.05 22.85 23.41 23.41 23.47 22.75 23.27 23.02 22.04 22.25 21.81 22.23 21.37 21.62 21.85 21.60 21.50 21.67 22.00 21.91 22.64 22.22 22.23 21.80 22.29 22.17 23.48 24.33 23.70 23.41 23.14 21.70 23.27 23.98 24.66 24.90 25.32 25.41 23.70 23.67 24.75 24.79 22.86 21.06 20.79 21.50 23.01 23.90 24.66 25.44 23.76 23.76 22.50 22.77 22.92 24.55 24.64 25.08 25.15 25.32 25.11 25.16 23.28 22.86
