main/data/irradiance/14.04.2023.grid
ncols 839
nrows 679
xllcenter 112.0500
yllcenter -43.9500
cellsize 0.0500
nodata_value 99999.90
[rows 238 to 271 of 679, columns 312 to 389 of 839]
14.30 13.83 14.60 16.41 16.41 16.52 16.05 16.01 16.81 17.15 16.30 17.77 17.45 18.02 19.05 18.65 18.19 18.12 17.81 16.85 17.16 18.36 17.80 17.03 17.93 18.84 18.89 18.65 18.47 17.68 18.07 17.87 18.28 18.45 18.86 19.24 19.63 19.02 18.64 18.94 18.46 17.68 17.82 17.42 17.75 18.50 18.11 18.62 17.88 17.71 17.71 17.57 18.66 18.06 18.90 19.39 17.55 18.99 18.77 18.10 18.97 18.70 17.31 18.79 17.91 17.76 18.41 17.48 16.39 17.29 16.67 16.02 16.32 16.92 17.06 17.30 17.20 17.11
13.84 13.67 14.47 15.90 15.56 15.51 15.95 16.38 16.81 17.06 16.86 17.22 18.12 18.55 18.57 18.76 17.05 16.55 17.50 18.14 17.72 18.21 17.91 17.83 17.34 18.28 19.31 18.99 19.08 18.24 18.22 18.18 18.49 18.93 18.94 18.84 19.30 19.33 18.30 18.64 17.91 17.97 17.31 17.68 17.07 18.17 17.76 17.64 17.44 17.53 18.14 17.99 19.10 18.51 19.68 18.81 17.55 18.54 18.36 18.28 18.60 18.66 18.00 18.25 18.22 17.76 17.73 17.24 16.40 16.97 16.36 16.43 16.26 17.05 16.71 17.05 17.28 17.26
14.69 13.44 13.55 14.85 15.85 15.88 15.86 15.93 16.69 16.72 17.60 17.70 18.05 18.85 17.45 16.45 16.59 15.80 15.53 18.02 18.35 16.81 17.62 17.77 18.41 18.81 19.15 18.50 18.02 18.08 18.32 18.36 18.42 17.82 18.57 17.74 19.06 19.73 18.59 18.18 17.39 17.77 17.58 17.73 17.03 17.47 17.32 17.49 19.11 17.84 18.10 17.87 18.79 17.80 18.82 19.26 18.20 18.33 18.29 18.69 18.51 18.60 18.40 18.35 18.74 18.09 16.28 16.91 17.28 16.96 16.61 16.55 16.03 16.75 16.94 17.24 17.46 17.26
14.39 12.81 13.87 14.60 15.54 16.04 15.80 16.05 15.75 15.99 17.12 17.70 17.82 17.72 17.30 16.62 16.92 16.29 15.04 17.94 18.02 17.32 17.07 16.83 18.37 19.88 20.00 17.52 17.81 17.96 17.98 18.52 18.67 17.70 17.19 18.08 19.02 19.32 18.54 17.79 17.71 17.55 17.88 17.73 18.05 17.44 18.11 17.64 18.15 19.09 17.63 17.78 19.30 19.17 18.52 19.00 17.97 17.83 17.86 17.78 17.74 18.29 18.37 18.44 18.05 18.29 16.92 17.23 17.07 17.05 17.55 17.05 15.76 17.29 17.23 17.71 18.24 17.55
14.09 13.27 14.25 15.35 16.58 16.17 15.51 15.65 15.42 15.43 16.39 17.76 17.30 17.39 17.15 17.32 17.29 15.93 15.77 18.12 18.21 17.45 17.49 17.02 18.00 20.58 18.89 18.25 17.82 17.26 17.54 17.66 18.08 17.82 16.29 17.80 18.28 18.84 18.35 17.91 18.07 17.24 18.68 18.12 18.98 18.16 18.15 17.20 18.18 18.99 17.96 18.52 18.88 18.77 18.87 19.09 18.72 17.60 17.97 17.62 17.50 17.75 18.09 18.31 18.46 17.77 17.96 17.75 17.59 17.55 16.93 17.19 16.91 17.39 17.66 17.98 18.43 18.41
14.07 14.12 14.92 15.68 16.59 15.98 15.34 14.89 15.07 15.76 16.55 17.32 16.52 16.99 16.84 16.89 16.67 16.14 17.09 17.97 17.84 17.66 17.06 18.58 19.34 19.46 18.00 18.37 17.97 17.78 16.92 17.03 17.78 17.86 17.58 17.93 17.94 18.11 18.09 17.72 17.55 16.80 17.35 18.14 18.70 18.83 18.56 17.52 17.13 18.06 17.31 17.38 18.05 18.45 18.54 18.83 17.92 17.55 18.10 17.17 18.13 17.50 17.92 17.93 18.20 18.28 18.39 17.02 16.78 17.34 17.53 17.46 17.34 17.23 17.95 18.01 18.27 18.18
13.79 14.11 14.42 15.87 15.81 17.03 16.21 14.76 14.94 15.03 14.98 16.50 17.34 18.00 17.60 16.96 16.78 16.79 17.23 17.97 16.93 17.80 18.65 19.52 19.44 18.21 16.33 16.33 17.51 17.66 16.87 17.07 16.70 17.80 17.71 17.33 17.90 17.75 18.38 17.62 16.79 16.50 17.12 18.36 18.68 18.40 17.84 18.23 17.58 18.02 17.46 17.25 18.35 18.02 18.80 19.04 18.47 19.08 17.57 17.49 17.71 17.81 18.43 18.42 17.68 18.65 18.42 17.79 17.72 17.09 16.83 16.99 16.34 17.55 18.62 18.06 17.84 18.22
14.49 14.17 14.48 15.70 15.62 16.30 15.97 14.65 15.36 14.81 15.47 16.68 17.98 18.47 18.32 17.48 16.92 17.02 17.11 17.87 17.20 18.77 19.37 18.43 17.65 17.44 16.18 15.87 16.67 17.83 17.19 17.40 17.30 17.33 17.74 18.33 17.54 17.12 17.04 17.11 17.60 17.46 17.21 18.21 18.07 18.12 18.37 18.83 18.35 18.43 17.68 17.59 18.10 17.99 18.52 18.19 18.95 18.45 18.35 17.88 18.20 19.05 18.96 18.85 19.31 19.02 18.30 17.20 17.65 17.28 16.79 17.05 17.02 17.70 18.42 18.35 17.86 18.09
15.02 13.77 13.84 14.53 15.71 16.00 15.51 15.05 14.97 14.39 15.16 16.98 17.62 18.24 17.99 17.30 17.37 17.55 18.86 19.66 19.76 19.03 17.41 17.14 16.10 16.20 16.74 16.31 16.06 17.20 17.02 16.93 17.10 17.68 18.16 18.85 18.57 16.88 16.17 16.82 18.33 17.71 17.17 17.55 18.40 17.89 18.20 17.96 18.29 17.77 18.00 18.01 18.57 18.38 18.69 18.76 18.72 17.47 18.82 18.68 18.98 19.51 19.14 18.40 18.88 18.90 18.29 17.88 18.36 18.36 17.73 17.36 17.55 18.89 18.89 18.81 18.75 18.51
13.69 13.81 12.95 14.33 15.56 15.17 14.93 15.16 14.83 15.15 15.62 16.48 16.96 17.23 18.21 17.86 17.13 18.68 19.90 19.73 19.72 17.89 16.35 16.42 15.16 15.31 16.81 15.69 16.71 16.99 16.91 16.38 17.09 17.95 18.41 18.64 18.41 17.88 17.08 16.83 17.96 17.90 16.95 18.02 17.86 17.59 17.83 18.06 18.44 17.91 17.47 17.72 19.10 18.95 18.38 19.32 18.91 18.18 19.58 19.47 18.55 18.96 19.47 19.27 19.70 18.42 18.61 18.00 18.56 17.88 18.14 18.14 18.35 18.69 18.90 19.16 18.99 18.54
13.58 13.98 13.13 14.12 15.09 15.23 15.02 15.72 15.52 15.68 15.61 15.72 16.26 18.31 18.52 17.93 17.30 19.22 18.64 18.44 15.75 15.02 15.38 15.20 15.55 14.64 15.82 15.88 15.74 16.99 17.20 16.57 17.55 17.66 18.04 18.50 17.82 17.11 16.66 16.39 17.72 18.08 18.07 18.84 18.76 18.10 18.25 17.25 18.76 18.73 17.94 18.91 18.30 18.21 19.11 19.01 19.27 18.89 19.36 19.12 17.81 18.93 18.46 19.17 19.46 19.45 18.96 17.56 18.76 18.21 17.72 18.05 18.13 18.72 18.89 19.11 18.91 19.28
14.16 14.79 14.64 12.66 14.22 14.91 15.13 15.31 15.88 15.89 16.01 15.98 16.39 17.31 19.08 19.50 19.26 19.44 17.47 17.10 14.92 14.54 15.11 15.15 15.25 15.01 15.02 14.67 15.63 17.33 16.53 17.19 17.54 17.15 16.52 17.77 16.02 16.20 16.20 16.47 16.55 17.57 18.04 18.19 18.54 17.14 16.90 17.87 18.75 18.23 18.39 18.36 19.11 18.01 18.06 18.41 18.70 18.56 19.18 18.89 18.13 17.88 18.69 18.56 18.99 18.93 18.50 17.71 18.47 18.07 17.69 18.87 18.23 18.29 18.50 18.83 19.34 20.09
13.53 14.70 14.18 12.67 14.39 14.83 15.30 15.13 16.11 15.96 16.61 16.07 15.51 16.45 18.79 19.99 20.98 18.91 16.30 16.53 16.26 15.15 15.79 15.18 15.23 15.86 15.64 15.58 15.31 16.91 16.18 16.50 16.64 16.53 16.08 15.71 16.06 16.59 16.73 17.36 17.26 17.16 16.46 17.34 17.70 17.14 16.97 18.28 18.08 17.64 18.22 18.68 19.12 18.72 18.17 18.68 18.58 18.54 19.05 18.39 18.46 18.00 18.78 19.21 19.11 18.25 18.48 18.01 17.78 17.69 17.65 18.46 18.38 18.26 18.38 18.95 19.48 19.65
13.82 13.77 12.95 13.11 13.92 14.48 14.71 15.09 15.44 15.52 15.25 16.34 15.54 16.83 17.81 19.83 18.47 18.34 16.96 16.37 16.37 14.90 15.31 15.57 14.91 15.25 14.67 15.48 15.49 16.31 16.91 16.26 15.82 15.27 15.75 15.11 16.02 16.93 17.58 17.65 17.15 16.50 16.99 16.84 16.54 17.15 17.52 18.24 18.79 18.21 17.87 19.00 18.29 17.84 18.28 18.52 18.49 18.80 18.35 18.54 18.31 18.68 18.23 18.57 18.63 18.06 17.58 17.43 17.67 17.57 18.08 17.70 18.35 18.64 18.56 18.58 18.94 19.08
14.62 13.57 12.63 13.40 14.65 14.51 14.03 14.72 14.84 15.23 15.85 16.09 15.89 15.89 16.09 17.01 16.56 16.71 17.25 16.07 16.29 15.16 15.32 15.57 15.22 15.20 14.35 15.79 15.68 16.10 17.12 16.50 15.85 15.05 15.14 15.30 16.06 17.17 17.34 17.30 16.92 16.86 15.69 16.90 16.47 17.25 17.87 17.92 18.29 18.70 18.50 18.69 18.53 18.43 18.48 19.18 18.54 18.90 18.30 19.03 18.07 17.46 17.78 18.07 17.79 17.72 17.52 17.37 17.37 18.16 17.21 18.18 18.36 18.38 18.20 18.89 18.15 18.16
13.99 13.89 13.36 13.48 13.69 14.50 14.78 14.89 15.54 15.61 15.28 16.06 16.02 15.97 16.22 16.60 16.85 16.71 16.57 15.96 15.83 16.07 15.90 15.76 15.65 15.13 14.97 15.71 16.17 16.62 17.10 14.86 15.94 15.87 16.04 16.28 15.61 16.66 17.51 17.40 17.68 17.16 16.08 16.38 16.81 17.72 17.81 18.04 18.77 19.09 18.91 19.08 18.85 17.83 18.00 18.51 18.61 18.50 18.74 18.49 17.96 17.48 17.72 17.69 18.21 17.52 17.46 17.63 17.72 18.08 17.63 17.93 18.48 18.65 18.44 18.57 18.24 17.94
14.35 14.96 13.81 13.44 13.87 14.59 14.78 15.31 15.22 15.01 15.62 15.73 16.20 16.25 16.70 17.08 16.87 16.44 16.08 16.50 16.38 16.23 15.16 16.30 16.65 16.64 15.47 16.05 16.95 16.67 17.06 15.82 15.77 16.54 16.42 15.67 15.68 17.03 16.17 16.46 17.61 17.41 16.56 15.65 16.83 17.98 18.20 18.19 18.01 19.56 18.56 18.70 18.68 17.97 17.48 17.22 18.46 18.17 18.09 18.85 18.00 16.90 17.39 17.83 18.16 17.27 17.59 17.51 18.34 17.67 18.17 18.70 18.42 18.58 17.50 17.95 18.21 18.53
14.23 14.70 13.41 13.98 14.76 14.78 15.02 15.51 15.15 14.49 15.50 15.13 15.47 15.69 15.97 16.30 16.60 16.26 15.91 15.83 17.02 16.87 15.43 16.58 17.18 17.21 16.67 16.44 16.71 17.61 17.14 16.47 15.99 16.12 15.31 15.40 17.21 16.99 15.63 15.01 16.15 17.37 16.23 15.67 16.81 18.43 18.36 18.40 18.60 18.62 18.46 18.44 18.57 17.22 17.80 17.21 17.91 18.03 17.75 17.91 18.18 18.31 18.00 17.76 17.83 17.57 17.87 17.51 17.64 18.33 18.55 18.35 18.51 18.28 18.25 17.83 17.77 18.14
13.72 14.36 13.54 13.93 14.66 14.55 14.85 14.80 14.85 14.97 15.04 15.51 15.81 16.23 16.48 16.31 16.01 16.05 15.93 15.70 16.90 16.30 15.93 16.95 17.59 17.51 17.27 15.88 16.26 16.96 16.47 16.16 16.53 16.65 14.79 14.96 15.81 15.50 15.84 15.44 16.26 15.75 15.73 15.56 16.70 18.52 18.11 17.91 17.39 18.22 18.55 17.85 18.38 17.63 17.83 17.03 17.47 18.30 18.13 18.12 18.19 18.00 18.17 18.36 18.33 17.72 18.25 17.75 17.15 17.07 17.61 18.14 18.03 18.52 18.11 18.06 18.22 18.05
13.99 14.46 13.91 14.32 13.65 13.00 13.66 14.30 14.30 14.57 14.73 15.53 16.04 16.50 16.71 16.07 15.86 16.05 15.76 16.04 16.40 16.26 16.49 17.19 17.26 17.06 17.38 16.29 16.01 16.80 16.19 15.51 16.31 17.06 15.28 14.08 15.98 15.49 15.27 16.07 16.12 15.26 15.54 16.62 17.10 17.76 18.29 17.98 17.59 18.35 18.08 18.22 18.48 18.00 17.14 17.20 17.38 17.94 17.91 17.79 17.54 17.63 18.00 17.91 17.95 18.18 17.87 17.57 17.10 17.33 17.45 17.72 17.80 18.22 18.06 17.60 17.65 17.69
14.55 14.55 14.75 14.42 13.92 13.51 12.99 12.90 13.30 14.82 15.47 15.72 16.52 16.95 16.65 16.16 15.07 15.88 16.15 16.60 16.58 15.75 16.43 16.87 17.17 17.31 17.18 17.10 16.68 16.28 16.93 15.63 16.32 17.34 15.43 14.66 16.94 16.56 16.22 16.24 15.99 15.73 15.37 16.43 16.64 17.75 18.16 17.41 18.08 18.17 18.27 18.39 17.92 18.62 17.51 16.81 17.53 17.26 17.24 17.85 17.06 17.12 17.73 17.99 18.28 18.05 17.88 17.40 17.49 16.88 17.57 17.90 17.80 18.31 17.77 17.91 17.82 17.26
14.18 13.92 14.96 14.23 13.38 13.56 13.78 13.81 14.67 15.51 15.50 16.03 16.70 16.90 15.97 16.29 15.32 15.62 15.97 17.17 16.64 16.21 15.83 15.91 16.17 16.88 16.77 16.96 16.67 16.19 17.36 16.73 15.91 16.90 16.38 16.18 16.56 15.93 15.45 16.54 15.72 15.80 15.91 16.33 16.65 16.76 17.14 17.53 17.29 17.43 18.32 19.16 18.14 18.40 17.77 17.39 17.34 17.14 17.33 16.81 16.23 17.07 17.10 17.16 17.79 17.51 17.29 16.86 17.48 17.30 17.66 17.36 17.43 17.76 17.66 17.84 17.71 18.25
14.48 14.37 14.29 14.68 13.62 13.44 14.51 14.54 14.27 15.21 15.29 15.87 16.91 16.61 15.73 15.59 15.10 15.61 15.67 16.83 16.49 15.29 15.52 15.59 15.58 17.00 16.94 16.85 16.71 16.97 16.88 16.40 16.18 16.57 16.40 15.40 16.20 16.15 15.16 15.82 15.57 16.21 16.17 15.91 16.38 16.82 16.89 16.92 17.19 18.02 18.39 18.65 18.45 18.08 17.78 17.45 16.80 17.00 17.22 16.94 17.06 17.68 17.09 17.30 16.86 17.54 16.61 16.46 17.02 17.65 17.04 17.29 17.75 17.81 17.65 17.39 17.57 17.83
14.57 14.61 14.25 13.89 12.87 13.80 14.19 14.46 14.18 15.16 15.67 16.35 16.40 15.48 14.97 15.28 15.04 15.01 15.35 16.10 16.19 14.81 15.87 16.40 15.50 16.84 17.37 17.05 16.97 16.12 16.36 16.68 16.60 17.48 17.57 15.19 16.12 16.25 15.15 14.92 14.67 15.59 15.67 15.70 16.81 15.94 16.25 17.05 17.41 17.94 18.51 18.22 17.58 17.55 18.18 18.16 16.81 17.12 17.77 17.76 16.90 17.75 17.39 17.05 17.73 17.42 17.41 16.35 17.18 17.19 16.85 17.43 18.14 17.46 17.45 17.56 17.55 17.76
14.89 14.81 14.24 13.20 13.16 12.40 13.03 12.35 12.91 13.93 15.12 16.01 15.75 15.18 15.34 15.44 14.96 15.05 15.03 15.80 15.81 15.99 16.75 16.33 15.70 15.69 16.48 16.93 17.42 16.90 16.19 17.20 17.21 17.89 16.65 15.39 16.40 16.01 15.26 15.34 15.74 16.10 15.46 15.60 15.73 15.92 16.83 17.04 17.52 18.01 18.23 17.54 17.77 17.15 17.50 17.75 16.27 16.99 17.54 17.59 17.95 17.16 17.04 17.16 17.95 17.77 17.71 17.26 16.66 17.39 16.86 17.31 17.58 17.22 17.64 17.19 17.38 17.49
13.92 13.68 15.09 13.31 12.78 12.11 13.00 11.78 12.27 13.61 15.19 15.29 15.80 15.29 15.30 15.31 15.22 14.72 14.85 15.45 16.47 16.86 17.14 16.49 16.53 16.25 16.13 16.92 17.64 17.58 16.51 16.82 16.96 16.45 16.83 15.16 15.57 16.11 15.70 16.13 16.18 15.94 15.14 15.24 16.12 16.43 16.11 17.18 16.62 17.21 17.54 18.19 17.03 17.40 17.56 17.70 17.85 16.98 17.63 18.00 18.13 17.08 16.56 16.77 17.62 17.95 17.80 17.20 16.96 17.15 16.83 17.21 17.25 17.79 17.44 17.09 16.65 17.80
12.98 12.78 14.28 13.59 13.27 12.79 12.30 12.47 12.18 13.80 14.68 15.04 15.07 14.85 15.61 15.40 15.37 14.86 15.11 15.71 16.85 16.90 16.80 16.72 16.87 16.35 16.35 16.74 16.96 17.42 16.77 16.87 16.99 16.69 16.19 15.50 15.50 16.27 16.23 16.12 16.91 16.26 14.40 15.36 16.44 16.60 17.01 17.09 16.10 16.73 17.36 17.45 17.69 16.31 16.63 17.44 16.01 16.89 17.06 17.88 17.49 17.83 17.18 16.82 16.78 17.42 17.53 17.82 17.82 17.80 17.13 17.62 18.06 17.24 16.93 16.67 17.00 17.25
13.07 13.03 13.43 12.87 13.30 12.61 12.40 12.81 13.47 13.52 15.22 14.69 14.60 15.15 15.17 15.18 15.48 15.65 15.56 16.14 16.27 15.99 16.67 16.88 16.86 17.13 17.16 16.93 17.10 17.42 17.39 17.17 17.05 16.38 16.04 15.40 15.30 16.58 16.43 16.04 17.07 16.62 15.53 15.62 16.59 17.11 17.56 17.22 16.22 16.85 17.58 17.17 17.20 15.97 15.83 16.48 15.71 17.13 17.30 17.24 17.49 17.22 16.77 16.64 16.35 16.45 16.74 18.09 17.68 17.46 17.84 17.16 17.39 17.37 16.29 16.91 17.23 17.11
13.21 13.32 13.13 13.20 13.70 12.60 12.80 13.23 15.04 14.58 14.41 13.84 14.23 14.59 14.60 14.95 15.75 16.09 15.45 16.01 16.17 16.65 16.81 17.15 16.41 16.64 16.88 16.31 16.73 17.06 16.95 16.75 16.64 16.55 16.30 15.73 15.08 15.94 15.99 16.19 17.14 15.82 15.95 16.33 16.42 17.59 17.89 17.37 16.46 16.84 17.02 16.80 15.87 16.00 15.60 16.02 14.58 16.53 17.36 17.80 17.38 16.89 16.99 16.24 16.90 16.59 16.90 17.41 18.07 17.54 17.80 17.90 17.79 17.76 17.35 17.64 17.33 17.40
14.05 13.67 13.83 14.71 14.40 13.38 12.88 14.58 15.12 14.95 14.37 13.26 13.48 14.80 14.36 14.88 15.72 16.09 15.06 15.80 15.99 17.14 16.08 16.88 17.25 17.52 17.79 17.78 17.34 16.75 16.82 16.50 16.89 16.78 16.85 16.36 16.14 15.74 16.94 16.86 16.82 15.77 16.36 14.74 15.47 16.96 17.50 17.75 17.07 16.83 16.18 16.40 16.21 17.25 15.50 15.86 15.99 17.54 17.40 17.67 16.63 16.41 16.67 15.81 15.90 16.49 17.36 17.49 18.10 18.22 18.29 17.84 17.40 17.81 17.47 17.40 17.49 17.81
14.72 14.34 14.85 15.47 14.96 14.15 13.71 13.79 14.68 14.98 14.14 14.04 14.25 14.48 14.03 14.83 14.87 15.57 14.99 15.40 16.38 17.50 16.53 17.03 17.20 17.67 18.90 18.74 17.91 16.81 16.81 16.47 17.26 18.05 17.61 16.59 16.65 16.72 16.25 16.68 17.17 16.02 14.53 13.44 14.54 15.48 16.83 17.37 16.62 16.09 16.77 16.53 15.37 16.77 15.19 16.23 16.51 18.02 17.22 17.61 17.16 16.16 14.70 15.69 15.94 16.95 17.32 17.06 17.56 17.83 18.53 18.43 18.22 18.44 18.32 18.04 17.83 18.48
15.31 15.49 15.84 15.27 14.74 14.30 14.51 14.43 14.15 14.59 14.24 13.96 14.67 14.77 14.17 14.40 14.54 14.62 14.87 15.22 15.92 16.14 16.63 16.58 16.35 17.28 18.96 19.18 17.36 16.50 15.98 16.66 17.53 17.87 17.49 17.00 16.61 16.44 16.30 16.11 16.28 14.34 13.16 12.74 14.90 15.25 16.27 16.48 16.34 15.70 16.18 16.45 15.74 16.35 16.09 17.30 17.86 18.70 17.91 17.47 17.30 16.28 16.10 15.80 15.87 17.19 17.04 17.55 17.29 17.47 18.47 19.27 18.15 17.74 18.45 17.71 17.49 17.45
16.13 16.06 16.12 15.49 14.77 14.55 14.68 13.57 13.77 14.23 14.17 14.24 14.74 13.82 13.57 13.94 13.87 13.79 15.05 15.14 15.26 15.88 16.29 15.56 15.27 17.02 18.61 19.20 17.04 15.22 14.92 16.71 17.14 16.88 17.25 17.40 16.43 15.63 16.41 16.06 15.47 13.66 13.97 13.40 14.48 14.94 15.92 16.59 16.04 15.44 15.75 16.05 16.56 16.31 17.49 17.67 17.76 17.91 17.77 17.56 17.01 16.67 16.48 16.51 16.87 17.77 17.56 16.68 16.52 18.09 18.56 18.69 18.50 18.15 18.64 17.72 17.49 16.79
16.21 16.17 15.35 15.25 15.20 14.14 13.61 13.71 13.08 14.01 14.56 14.62 13.51 12.94 12.37 13.36 14.19 13.89 14.59 14.18 14.35 14.66 14.40 14.86 15.84 16.07 15.78 15.30 16.07 14.94 14.87 16.17 16.65 16.83 17.38 16.88 15.93 15.57 16.33 15.82 14.94 14.19 14.38 13.91 14.61 15.59 16.03 16.02 14.68 15.21 16.12 16.32 16.26 16.96 17.26 17.14 17.45 17.51 16.98 16.98 16.60 16.40 16.12 17.50 17.28 17.56 17.91 17.77 16.69 16.54 17.92 18.42 18.26 18.38 18.42 17.83 17.30 17.33
