main/data/irradiance/14.06.2023.grid
ncols 839
nrows 679
xllcenter 112.0500
yllcenter -43.9500
cellsize 0.0500
nodata_value 99999.90
[rows 408 to 441 of 679, columns 308 to 384 of 839]
12.58 12.60 12.67 12.63 12.46 12.36 12.58 12.55 12.53 12.54 12.62 12.57 12.58 12.59 12.57 12.56 12.51 12.48 12.50 12.56 12.50 12.62 12.59 12.52 12.52 12.53 12.47 12.50 12.55 12.61 12.55 12.57 12.61 12.62 12.59 12.58 12.57 12.56 12.56 12.53 12.57 12.58 12.60 12.58 12.59 12.58 12.57 12.58 12.56 12.55 12.57 12.58 12.58 12.59 12.59 12.60 12.62 12.60 12.59 12.59 12.60 12.61 12.60 12.60 12.62 12.62 12.63 12.63 12.62 12.63 12.62 12.61 12.62 12.64 12.64 12.64 12.64
12.53 12.53 12.44 12.30 12.23 12.43 12.44 12.45 12.50 12.44 12.42 12.47 12.43 12.44 12.53 12.49 12.42 12.31 12.38 12.54 12.55 12.58 12.43 12.45 12.52 12.50 12.44 12.52 12.58 12.57 12.56 12.56 12.57 12.56 12.54 12.54 12.58 12.56 12.53 12.46 12.50 12.41 12.52 12.54 12.52 12.54 12.55 12.57 12.50 12.49 12.54 12.56 12.56 12.56 12.57 12.56 12.57 12.59 12.57 12.57 12.58 12.59 12.58 12.59 12.59 12.58 12.58 12.58 12.58 12.59 12.59 12.59 12.59 12.60 12.61 12.61 12.61
12.31 12.37 12.28 12.37 12.57 12.56 12.57 12.54 12.56 12.51 12.44 12.46 12.35 12.41 12.45 12.46 12.27 12.30 12.31 12.26 12.50 12.49 12.46 12.48 12.51 12.49 12.48 12.54 12.57 12.51 12.50 12.54 12.50 12.51 12.54 12.52 12.55 12.43 12.29 12.34 12.39 12.54 12.51 12.51 12.53 12.50 12.49 12.52 12.49 12.46 12.46 12.53 12.53 12.51 12.54 12.54 12.48 12.55 12.54 12.56 12.54 12.55 12.55 12.56 12.56 12.56 12.56 12.56 12.56 12.54 12.52 12.58 12.59 12.58 12.58 12.58 12.58
12.28 12.45 12.45 12.58 12.57 12.55 12.55 12.51 12.48 12.48 12.40 12.44 12.51 12.47 12.36 12.48 12.41 12.36 12.34 12.37 12.51 12.46 12.43 12.53 12.53 12.48 12.53 12.51 12.46 12.46 12.48 12.47 12.45 12.51 12.54 12.53 12.53 12.45 12.48 12.47 12.48 12.50 12.50 12.51 12.50 12.49 12.44 12.44 12.34 12.43 12.47 12.49 12.41 12.50 12.50 12.51 12.48 12.52 12.53 12.54 12.53 12.51 12.52 12.54 12.54 12.54 12.54 12.54 12.55 12.56 12.55 12.56 12.57 12.57 12.56 12.57 12.55
12.50 12.39 12.45 12.53 12.43 12.42 12.44 12.32 12.43 12.31 12.26 12.42 12.52 12.51 12.50 12.43 12.42 12.47 12.44 12.43 12.48 12.44 12.44 12.51 12.45 12.33 12.37 12.39 12.30 12.37 12.40 12.42 12.48 12.50 12.50 12.50 12.48 12.42 12.41 12.38 12.41 12.47 12.48 12.48 12.42 12.41 12.42 12.41 12.39 12.45 12.45 12.41 12.39 12.46 12.48 12.49 12.48 12.51 12.52 12.52 12.52 12.52 12.50 12.50 12.52 12.53 12.53 12.53 12.53 12.53 12.53 12.54 12.54 12.54 12.55 12.55 12.53
12.45 12.49 12.43 12.53 12.27 12.51 12.44 12.35 12.32 12.25 12.31 12.49 12.51 12.52 12.42 12.35 12.27 12.30 12.33 12.30 12.25 12.27 12.26 12.31 12.28 12.31 12.40 12.42 12.44 12.37 12.40 12.41 12.42 12.44 12.44 12.46 12.42 12.40 12.39 12.40 12.39 12.37 12.38 12.40 12.44 12.47 12.48 12.46 12.46 12.46 12.45 12.42 12.42 12.44 12.46 12.48 12.44 12.43 12.48 12.48 12.50 12.49 12.48 12.48 12.49 12.50 12.51 12.50 12.49 12.46 12.50 12.48 12.48 12.50 12.51 12.50 12.50
12.50 12.25 12.08 12.00 12.18 12.41 12.39 12.37 12.24 12.29 12.47 12.48 12.45 12.38 12.16 12.19 12.32 12.41 12.29 12.33 12.24 11.95 12.12 12.37 12.35 12.36 12.42 12.46 12.46 12.42 12.36 12.30 12.41 12.38 12.30 12.39 12.44 12.38 12.33 12.36 12.34 12.33 12.38 12.42 12.46 12.46 12.45 12.47 12.47 12.44 12.44 12.41 12.40 12.45 12.46 12.46 12.43 12.44 12.45 12.46 12.47 12.44 12.46 12.45 12.46 12.45 12.48 12.48 12.47 12.44 12.47 12.42 12.44 12.48 12.48 12.47 12.50
12.23 12.28 12.26 12.24 12.06 12.16 12.30 12.32 12.27 12.39 12.49 12.48 12.35 12.23 12.19 12.30 12.38 12.44 12.38 12.33 12.22 12.05 12.25 12.41 12.38 12.29 12.31 12.39 12.41 12.35 12.27 12.29 12.35 12.36 12.41 12.39 12.36 12.42 12.42 12.42 12.39 12.37 12.38 12.40 12.43 12.41 12.40 12.37 12.34 12.36 12.41 12.38 12.41 12.43 12.44 12.40 12.42 12.43 12.44 12.43 12.43 12.44 12.45 12.45 12.44 12.44 12.45 12.45 12.44 12.46 12.46 12.46 12.44 12.46 12.46 12.45 12.48
12.34 12.37 12.42 12.41 12.28 12.35 12.35 12.30 12.33 12.42 12.37 12.42 12.30 12.31 12.35 12.36 12.39 12.41 12.35 12.22 12.12 12.32 12.32 12.34 12.38 12.37 12.37 12.42 12.42 12.32 12.28 12.28 12.37 12.42 12.37 12.34 12.33 12.38 12.35 12.45 12.41 12.37 12.21 12.33 12.28 12.23 12.21 12.31 12.40 12.40 12.40 12.32 12.35 12.42 12.43 12.40 12.42 12.44 12.41 12.40 12.37 12.40 12.42 12.43 12.43 12.42 12.43 12.43 12.44 12.42 12.44 12.43 12.44 12.45 12.44 12.44 12.46
12.31 12.42 12.43 12.33 12.25 12.36 12.29 12.18 12.32 12.42 12.43 12.36 12.34 12.35 12.38 12.36 12.38 12.32 12.27 12.26 12.31 12.33 12.28 12.25 12.26 12.28 12.30 12.39 12.41 12.32 12.19 12.27 12.38 12.39 12.27 12.28 12.30 12.38 12.41 12.42 12.38 12.36 12.13 12.18 12.25 12.24 12.22 12.30 12.38 12.39 12.37 12.29 12.33 12.38 12.32 12.30 12.35 12.40 12.40 12.39 12.38 12.38 12.39 12.38 12.40 12.40 12.41 12.41 12.41 12.39 12.39 12.37 12.40 12.42 12.45 12.44 12.45
12.27 12.38 12.39 12.11 11.92 12.09 12.14 11.96 12.22 12.33 12.37 12.41 12.38 12.24 12.23 12.30 12.30 12.23 12.25 12.29 12.38 12.29 12.24 12.21 12.21 12.16 12.18 12.33 12.29 12.27 12.23 12.20 12.34 12.32 12.21 12.25 12.20 12.31 12.36 12.37 12.32 12.17 12.06 12.20 12.30 12.32 12.27 12.25 12.33 12.37 12.36 12.28 12.33 12.34 12.33 12.31 12.31 12.35 12.36 12.35 12.36 12.34 12.28 12.30 12.34 12.37 12.37 12.38 12.39 12.39 12.38 12.35 12.36 12.39 12.41 12.41 12.42
12.17 12.23 12.18 12.09 12.13 12.14 12.06 12.15 12.19 12.32 12.32 12.36 12.33 12.28 12.34 12.28 12.30 12.30 12.23 12.30 12.33 12.24 12.09 12.30 12.29 12.27 12.25 12.23 12.21 12.24 12.23 12.25 12.28 12.33 12.33 12.24 12.24 12.28 12.34 12.34 12.22 12.17 12.22 12.22 12.29 12.32 12.32 12.33 12.33 12.33 12.32 12.22 12.24 12.34 12.33 12.28 12.30 12.33 12.34 12.34 12.34 12.33 12.31 12.31 12.34 12.35 12.35 12.34 12.32 12.37 12.35 12.32 12.32 12.37 12.37 12.38 12.40
12.24 12.13 12.15 12.15 12.19 12.05 11.93 12.10 12.25 12.34 12.33 12.30 12.29 12.31 12.31 12.29 12.29 12.24 12.30 12.28 12.22 12.15 12.20 12.30 12.33 12.31 12.27 12.20 12.06 12.16 12.20 12.29 12.35 12.33 12.31 12.33 12.28 12.28 12.31 12.28 12.21 12.22 12.27 12.22 12.21 12.24 12.24 12.24 12.25 12.27 12.26 12.26 12.25 12.25 12.30 12.29 12.28 12.30 12.32 12.32 12.32 12.31 12.28 12.27 12.25 12.29 12.30 12.28 12.26 12.29 12.32 12.31 12.31 12.34 12.31 12.34 12.36
12.23 12.12 12.15 12.27 12.20 11.91 12.05 12.28 12.32 12.35 12.30 12.25 12.27 12.29 12.28 12.32 12.24 12.21 12.25 12.17 12.14 12.17 12.27 12.34 12.30 12.15 12.08 12.04 12.07 12.11 12.22 12.28 12.33 12.33 12.29 12.25 12.30 12.31 12.24 12.18 12.25 12.27 12.27 12.20 12.25 12.26 12.23 12.23 12.26 12.24 12.19 12.19 12.21 12.25 12.29 12.29 12.28 12.30 12.30 12.30 12.31 12.28 12.26 12.26 12.27 12.28 12.29 12.29 12.29 12.30 12.30 12.31 12.28 12.31 12.31 12.31 12.33
12.33 12.18 12.19 12.28 12.25 12.14 12.18 12.34 12.33 12.33 12.28 12.25 12.25 12.14 12.09 12.14 11.96 11.99 11.92 11.98 12.14 12.21 12.29 12.28 12.19 12.00 11.90 12.01 12.08 12.13 12.26 12.24 12.30 12.31 12.25 12.19 12.29 12.29 12.28 12.20 12.23 12.26 12.25 12.22 12.24 12.27 12.27 12.24 12.23 12.17 12.11 12.18 12.23 12.24 12.26 12.28 12.25 12.26 12.27 12.26 12.25 12.25 12.25 12.26 12.26 12.26 12.25 12.23 12.20 12.23 12.26 12.26 12.27 12.29 12.30 12.30 12.32
12.30 12.32 12.14 12.23 12.21 12.11 12.11 12.24 12.25 12.22 12.20 12.24 12.26 12.17 12.08 12.02 12.05 12.11 11.91 12.10 12.24 12.26 12.19 11.93 12.08 12.12 11.97 12.10 12.25 12.26 12.21 12.19 12.26 12.24 12.19 12.22 12.28 12.27 12.25 12.24 12.24 12.23 12.21 12.21 12.23 12.25 12.23 12.22 12.18 12.12 12.13 12.20 12.22 12.23 12.23 12.24 12.20 12.23 12.26 12.25 12.23 12.22 12.23 12.24 12.24 12.25 12.24 12.20 12.19 12.23 12.25 12.22 12.24 12.25 12.27 12.28 12.29
12.19 12.21 11.95 11.97 11.84 11.89 12.05 12.15 12.04 12.08 11.91 12.07 12.01 12.09 11.80 11.86 12.04 12.06 12.13 12.14 12.19 12.14 11.93 11.91 12.15 12.04 11.98 12.15 12.18 12.20 12.13 12.20 12.22 12.20 12.23 12.23 12.24 12.23 12.22 12.22 12.18 12.17 12.17 12.19 12.21 12.18 12.06 12.06 12.09 12.13 12.18 12.20 12.20 12.20 12.20 12.15 12.18 12.21 12.22 12.21 12.21 12.23 12.23 12.21 12.21 12.22 12.23 12.20 12.19 12.24 12.15 12.19 12.22 12.22 12.23 12.23 12.24
12.15 12.12 12.02 11.55 11.52 11.85 11.97 11.91 11.88 11.95 11.92 12.02 11.93 11.80 11.90 12.02 12.11 12.10 12.08 12.11 12.05 12.04 12.05 12.15 12.21 12.15 12.10 12.19 12.20 12.21 12.20 12.19 12.14 12.13 12.14 12.11 12.13 12.06 12.07 12.10 12.08 12.08 12.15 12.17 12.16 12.12 11.99 12.03 12.10 12.15 12.17 12.18 12.18 12.18 12.14 12.13 12.20 12.21 12.20 12.19 12.19 12.20 12.20 12.19 12.20 12.21 12.21 12.19 12.18 12.19 12.19 12.20 12.21 12.21 12.21 12.18 12.21
12.13 12.09 11.81 11.55 11.83 12.16 12.19 11.87 12.07 12.02 11.76 11.88 11.95 11.99 12.02 12.05 11.94 11.97 11.87 11.98 12.06 12.10 12.05 12.12 12.18 12.16 12.16 12.18 12.18 12.18 12.13 12.15 12.14 12.08 12.04 12.09 12.03 12.04 11.94 11.97 12.05 12.13 12.12 12.09 12.06 12.07 12.07 12.05 12.11 12.13 12.16 12.15 12.15 12.16 12.17 12.17 12.15 12.16 12.16 12.15 12.17 12.17 12.17 12.17 12.18 12.18 12.17 12.15 12.18 12.08 12.13 12.18 12.19 12.18 12.16 12.13 12.18
12.07 11.91 11.64 11.82 12.00 12.19 12.19 12.03 12.09 12.02 11.98 12.04 12.05 12.11 11.98 12.03 11.97 12.09 11.99 12.08 12.12 12.09 12.14 12.12 12.05 11.94 12.06 12.12 12.13 12.14 12.05 12.03 12.11 12.09 12.03 12.01 12.02 12.06 12.04 12.05 12.08 12.08 11.99 11.90 12.05 12.07 11.98 12.03 12.07 12.09 12.11 12.14 12.14 12.14 12.14 12.14 12.12 12.13 12.13 12.13 12.14 12.11 12.08 12.09 12.13 12.14 12.12 12.11 12.07 12.12 12.13 12.15 12.16 12.17 12.18 12.14 12.17
11.81 11.86 11.83 11.96 11.98 12.04 12.05 11.91 11.93 11.88 11.93 12.04 12.01 12.04 12.11 12.08 12.04 12.04 11.81 11.87 11.90 12.01 12.09 12.07 11.86 11.98 11.89 11.94 11.96 12.05 12.04 12.02 12.02 11.99 12.03 11.97 11.91 12.03 12.03 12.00 12.04 11.94 11.92 11.94 11.98 12.02 12.04 12.08 12.09 12.10 12.11 12.11 12.11 12.11 12.11 12.11 12.06 12.06 12.08 12.06 12.06 12.03 12.04 12.09 12.09 12.02 12.12 12.08 12.09 12.10 12.12 12.12 12.13 12.14 12.15 12.19 12.16
11.95 11.86 11.81 11.76 11.88 12.04 11.97 11.94 11.95 12.12 11.92 12.01 12.03 12.05 12.06 11.99 12.06 12.14 12.01 11.94 12.01 12.07 12.09 11.89 11.76 11.95 11.94 11.86 11.97 12.00 11.95 11.81 11.87 11.88 11.90 11.89 11.84 11.98 11.99 11.96 11.90 11.89 11.93 11.98 12.03 12.04 11.99 12.07 12.08 12.08 12.08 12.06 12.07 12.07 12.05 12.03 12.02 12.01 12.02 11.99 12.00 12.01 12.03 12.04 12.04 12.08 12.07 12.04 12.07 12.08 12.08 12.09 12.09 12.14 12.15 12.19 12.16
11.91 11.86 11.79 11.71 11.83 11.94 12.01 11.89 11.93 11.94 11.92 12.03 11.86 11.86 11.91 11.86 12.06 12.12 12.05 11.91 11.93 12.09 12.02 11.95 11.94 12.03 11.98 11.93 12.01 11.91 11.70 11.77 11.90 11.88 11.80 11.82 11.87 11.94 11.91 11.82 11.80 11.89 11.98 12.00 11.98 12.03 12.03 11.98 12.01 12.05 12.05 12.01 12.01 12.03 11.98 11.96 11.95 11.97 12.01 12.00 11.97 11.97 11.98 11.92 12.07 12.06 12.02 12.03 12.06 12.06 12.05 12.09 12.09 12.09 12.15 12.19 12.12
11.77 11.82 11.76 11.83 11.76 11.72 11.73 11.83 11.86 12.03 11.96 11.90 11.63 11.72 11.94 12.05 12.05 12.01 12.00 11.84 11.89 12.07 11.99 12.02 12.02 12.01 12.00 12.03 11.98 11.71 11.77 11.88 11.94 11.87 11.90 11.90 11.92 11.88 11.81 11.85 11.87 11.92 11.96 11.99 11.98 11.97 11.96 11.83 11.89 12.05 12.05 12.01 12.01 12.03 11.98 11.96 11.95 11.97 12.01 12.00 11.97 11.97 11.98 11.92 12.07 12.06 12.00 12.03 12.06 12.06 12.05 12.05 12.09 12.09 12.09 12.12 12.12
11.79 11.86 11.81 11.70 11.92 11.79 11.84 11.93 11.96 11.94 11.90 11.72 11.58 11.83 11.97 12.06 12.05 11.99 11.84 11.66 11.80 11.96 12.03 12.01 11.94 11.92 11.91 11.86 11.93 11.82 11.79 11.86 11.94 11.95 11.97 11.90 11.92 11.88 11.81 11.85 11.87 11.92 11.96 11.99 11.98 11.97 11.96 11.83 11.89 11.89 12.05 12.01 12.01 12.03 11.98 11.96 11.95 11.97 12.01 12.00 11.97 11.97 11.98 11.92 12.07 12.00 12.00 12.00 12.06 12.06 12.05 12.05 12.05 12.09 12.09 12.12 12.12
11.49 11.72 11.89 11.93 12.00 11.92 11.96 11.97 12.05 12.03 11.96 11.85 11.88 11.88 11.77 11.86 11.88 11.76 11.73 11.58 11.72 11.88 11.87 11.83 11.74 11.88 11.91 11.83 11.82 11.92 11.79 11.86 11.94 11.95 11.97 11.97 11.92 11.88 11.81 11.85 11.87 11.92 11.96 11.99 11.98 11.97 11.96 11.83 11.89 11.89 11.89 12.01 12.01 12.03 11.98 11.96 11.95 11.97 12.01 12.00 11.97 11.97 11.98 11.92 12.00 12.00 12.00 12.00 12.00 12.06 12.05 12.05 12.05 12.09 12.09 12.12 12.12
11.43 11.81 11.90 11.85 11.76 11.67 11.78 11.86 11.84 11.91 11.90 11.94 11.88 11.76 11.61 11.67 11.64 11.60 11.64 11.55 11.47 11.71 11.75 11.75 11.85 11.91 11.89 11.80 11.82 11.92 11.92 11.86 11.94 11.95 11.97 11.97 11.97 11.88 11.81 11.85 11.87 11.92 11.96 11.99 11.98 11.97 11.96 11.83 11.89 11.89 11.89 12.01 12.01 12.03 11.98 11.96 11.95 11.97 12.01 12.00 11.97 11.97 11.98 11.92 12.00 12.00 12.00 12.00 12.00 12.06 12.05 12.05 12.05 12.05 12.09 12.12 12.09
11.70 11.69 11.82 11.74 11.77 11.57 11.60 11.83 11.74 11.81 11.86 11.85 11.86 11.71 11.64 11.72 11.73 11.69 11.75 11.52 11.46 11.65 11.66 11.68 11.73 11.62 11.89 11.80 11.80 11.92 11.92 11.92 11.94 11.95 11.97 11.97 11.97 11.88 11.81 11.85 11.87 11.92 11.96 11.99 11.98 11.97 11.96 11.83 11.89 11.89 11.89 12.01 12.01 12.03 11.98 11.96 11.95 11.97 12.01 12.00 11.97 11.97 11.98 11.92 12.00 12.00 12.00 12.00 12.00 12.06 12.05 12.05 12.05 12.05 12.09 12.12 12.09
11.66 11.53 11.68 11.67 11.56 11.62 11.59 11.73 11.84 11.67 11.68 11.78 11.82 11.84 11.65 11.73 11.71 11.64 11.91 11.88 11.84 11.80 11.55 11.45 11.73 11.62 11.62 11.80 11.80 11.80 11.92 11.92 11.94 11.95 11.97 11.97 11.97 11.88 11.81 11.85 11.87 11.92 11.96 11.99 11.98 11.97 11.96 11.83 11.89 11.89 11.89 11.89 12.01 12.03 11.98 11.96 11.95 11.97 12.01 12.00 11.97 11.97 11.98 12.00 12.00 12.00 12.00 12.00 12.00 12.00 12.05 12.05 12.05 12.05 12.05 12.09 12.09
11.68 11.67 11.66 11.54 11.41 11.63 11.73 11.69 11.48 11.21 11.29 11.46 11.79 11.33 11.20 11.60 11.54 11.73 11.82 11.87 11.57 11.80 11.55 11.45 11.45 11.62 11.62 11.62 11.80 11.80 11.92 11.92 11.94 11.95 11.97 11.97 11.97 11.97 11.81 11.85 11.87 11.92 11.96 11.99 11.98 11.97 11.96 11.83 11.89 11.89 11.89 11.89 12.01 12.03 11.98 11.96 11.95 11.97 12.01 12.00 11.97 11.97 11.98 12.00 12.00 12.00 12.00 12.00 12.00 12.00 12.05 12.05 12.05 12.05 12.05 12.09 12.09
11.63 11.47 11.71 11.67 11.37 11.30 11.30 11.42 11.30 11.46 11.32 11.52 11.55 11.52 11.69 11.35 11.39 11.36 11.54 11.87 11.57 11.57 11.55 11.45 11.45 11.45 11.62 11.62 11.80 11.80 11.80 11.92 11.92 11.95 11.97 11.97 11.97 11.97 11.81 11.85 11.87 11.92 11.96 11.99 11.98 11.97 11.96 11.83 11.89 11.89 11.89 11.89 12.01 12.03 11.98 11.96 11.95 11.97 12.01 12.00 11.97 11.97 11.98 12.00 12.00 12.00 12.00 12.00 12.00 12.00 12.05 12.05 12.05 12.05 12.05 12.09 12.09
11.43 11.41 11.38 11.39 10.97 10.73 10.94 11.00 11.33 11.52 11.55 11.66 11.50 11.31 11.51 11.51 11.39 11.36 11.54 11.54 11.57 11.57 11.57 11.45 11.45 11.45 11.62 11.62 11.62 11.80 11.80 11.92 11.92 11.95 11.97 11.97 11.97 11.97 11.81 11.85 11.87 11.92 11.96 11.99 11.98 11.97 11.96 11.83 11.89 11.89 11.89 11.89 11.89 12.03 11.98 11.96 11.95 11.97 12.01 12.00 11.97 11.97 12.00 12.00 12.00 12.00 12.00 12.00 12.00 12.00 12.00 12.05 12.05 12.05 12.05 12.09 12.09
11.53 10.94 10.83 11.03 11.04 10.84 10.82 11.02 11.34 11.41 11.58 11.61 11.55 11.31 11.51 11.51 11.51 11.36 11.54 11.54 11.54 11.57 11.57 11.45 11.45 11.45 11.45 11.62 11.62 11.80 11.80 11.80 11.92 11.95 11.97 11.97 11.97 11.97 11.97 11.85 11.87 11.92 11.96 11.99 11.98 11.97 11.96 11.83 11.89 11.89 11.89 11.89 11.89 12.03 11.98 11.96 11.95 11.97 12.01 12.00 11.97 11.97 12.00 12.00 12.00 12.00 12.00 12.00 12.00 12.00 12.00 12.05 12.05 12.05 12.05 12.09 12.09
11.33 11.01 10.92 10.95 10.81 10.47 10.58 11.02 11.28 11.41 11.58 11.61 11.55 11.55 11.51 11.51 11.51 11.51 11.54 11.54 11.54 11.57 11.57 11.45 11.45 11.45 11.45 11.62 11.62 11.62 11.80 11.80 11.92 11.92 11.97 11.97 11.97 11.97 11.97 11.85 11.87 11.92 11.96 11.99 11.98 11.97 11.96 11.83 11.89 11.89 11.89 11.89 11.89 11.89 11.89 11.89 11.89 11.89 12.00 12.00 12.00 12.00 12.00 12.00 12.00 12.00 12.00 12.00 12.00 12.00 12.00 12.00 12.00 12.00 12.00 12.09 12.09
