main/data/irradiance/14.04.2023.grid
ncols 839
nrows 679
xllcenter 112.0500
yllcenter -43.9500
cellsize 0.0500
nodata_value 99999.90
[rows 340 to 373 of 679, columns 546 to 623 of 839]
19.24 19.36 19.22 19.15 19.28 19.23 19.19 19.07 19.18 18.92 18.60 18.77 18.82 18.71 18.82 19.01 19.19 19.15 19.16 19.34 19.89 19.10 18.98 19.16 19.05 19.16 19.33 19.22 19.17 19.09 19.29 19.19 19.18 19.25 19.24 19.19 19.10 19.09 18.92 18.84 18.94 19.10 19.10 18.96 18.83 18.80 18.81 18.82 18.98 19.20 19.04 19.31 19.21 18.80 19.04 18.97 19.11 19.08 19.06 19.03 19.00 18.93 18.96 18.90 18.97 19.04 19.06 19.09 19.03 19.08 19.15 19.12 19.03 18.87 19.08 19.06 18.89 19.25
18.93 19.21 19.16 19.15 19.17 19.16 19.12 19.13 19.18 18.93 18.66 18.69 18.65 18.54 19.02 19.12 19.37 19.26 19.17 19.04 18.97 18.85 19.04 19.29 19.22 19.22 19.33 19.24 19.20 19.09 19.12 19.09 19.08 19.16 19.19 19.16 18.78 19.04 19.10 19.01 19.13 19.18 19.14 19.07 18.87 18.93 18.86 18.88 18.94 19.03 19.01 19.25 19.17 18.92 19.15 19.09 19.00 19.18 19.20 19.10 19.15 19.08 19.01 18.99 19.01 19.03 19.02 19.14 19.07 19.12 19.07 19.18 19.08 18.98 18.91 19.07 19.30 19.21
18.91 19.05 18.90 18.97 19.12 19.13 19.10 19.05 19.15 19.08 18.59 18.40 18.77 18.72 18.94 19.04 19.40 19.13 19.03 19.01 18.93 18.86 19.04 19.14 19.19 19.18 19.26 19.28 19.27 19.21 19.22 19.15 19.14 19.07 19.14 19.20 19.08 19.12 18.96 18.96 19.17 19.16 19.14 19.04 19.04 18.91 18.75 18.80 18.86 18.96 19.04 19.26 19.10 19.01 18.96 19.21 19.07 19.05 19.09 19.07 19.15 19.09 19.08 19.07 19.06 19.09 18.84 18.96 19.16 19.20 19.19 19.13 18.98 18.78 18.66 18.94 19.24 19.44
18.91 19.15 18.93 19.00 18.99 18.93 18.60 18.75 18.99 19.02 19.11 18.72 18.70 18.81 19.02 18.95 19.53 19.33 19.08 18.90 18.92 18.80 18.96 19.07 19.12 19.10 19.19 19.25 19.24 19.16 19.21 19.15 19.01 19.03 19.04 19.18 19.08 18.95 19.02 19.19 19.09 19.06 19.08 19.00 18.96 18.92 18.90 18.78 18.89 18.86 18.80 19.18 19.25 19.18 18.86 18.98 18.98 18.98 19.02 19.07 19.09 19.14 19.04 19.14 19.03 18.89 18.97 19.06 19.01 19.05 19.12 19.10 18.96 18.68 18.65 18.68 19.07 19.27
18.98 18.83 19.00 18.99 18.78 18.45 18.09 18.48 18.84 18.99 19.14 19.19 18.81 18.85 18.97 18.96 18.96 18.90 18.91 18.76 18.63 18.80 18.86 19.11 19.23 19.17 19.21 19.16 19.13 19.08 19.17 19.01 18.94 18.97 19.05 19.05 18.94 18.77 19.04 18.93 18.83 18.76 18.92 18.86 18.94 18.93 18.99 18.91 18.85 18.82 18.90 19.16 19.08 18.92 18.86 18.67 18.95 19.00 18.97 18.93 19.12 19.17 19.15 19.06 18.95 18.76 18.90 19.09 18.86 18.98 19.01 18.99 19.00 18.91 18.82 18.91 19.03 19.02
18.88 18.83 19.01 19.00 18.41 18.37 18.34 18.63 18.83 18.98 19.04 19.03 18.82 18.89 18.64 18.69 19.02 18.79 18.78 18.86 18.83 18.97 19.00 19.12 19.19 19.09 19.12 19.01 19.04 19.00 19.03 18.93 18.87 19.03 19.01 18.97 18.79 18.86 19.09 18.83 18.83 18.79 18.88 18.80 18.91 18.91 18.93 18.96 18.86 18.90 18.91 18.87 19.10 19.10 18.83 18.60 18.91 18.92 18.81 18.83 19.00 19.09 19.05 18.98 18.73 18.69 18.89 19.06 18.87 18.92 18.83 18.80 18.88 18.96 18.92 19.01 19.15 19.08
18.84 18.92 18.87 18.94 18.81 18.86 18.65 18.57 18.90 18.68 18.82 18.73 18.75 18.61 18.57 18.71 18.92 19.05 19.22 19.01 19.08 19.03 19.02 19.06 19.24 19.20 19.10 19.02 19.06 19.13 19.09 18.87 18.86 18.97 19.04 19.04 18.92 19.05 18.99 18.90 19.01 18.93 18.89 18.93 18.90 18.79 18.72 19.00 18.95 18.73 18.84 18.91 19.12 19.10 18.95 18.96 18.92 18.86 18.87 18.86 19.01 18.97 18.97 18.97 18.76 18.85 18.96 18.91 18.78 18.75 18.80 18.84 18.81 18.87 19.21 19.22 19.11 19.10
18.75 18.78 18.86 18.93 18.98 18.94 18.92 18.63 18.77 18.61 18.62 18.81 18.65 18.46 18.38 19.22 19.25 19.12 18.97 19.05 19.02 18.99 19.01 19.04 19.24 19.18 19.09 19.10 19.08 19.07 19.01 18.87 18.98 19.09 19.08 19.05 18.96 18.91 19.00 19.02 18.90 18.96 18.95 18.86 18.96 18.89 18.85 19.00 18.96 18.84 18.76 18.84 18.89 19.25 18.98 18.98 19.04 19.04 19.00 18.91 18.89 18.89 18.86 18.99 18.85 18.95 19.07 18.98 18.89 18.78 18.76 18.81 18.99 18.85 19.26 19.21 19.10 18.96
18.80 18.88 18.83 18.84 18.95 18.55 18.43 18.41 18.65 18.74 18.93 19.05 18.82 18.46 18.67 18.87 19.27 18.95 18.94 18.84 19.24 18.97 18.97 19.08 19.19 19.19 19.27 19.14 19.02 19.03 18.99 18.94 19.08 19.08 19.06 19.06 18.81 18.90 18.98 18.98 18.98 18.77 18.82 18.86 18.87 18.88 18.89 18.88 18.96 18.93 18.68 18.68 18.82 19.21 18.97 18.88 18.96 18.99 19.08 19.03 18.89 18.90 18.85 18.86 18.86 18.92 18.97 19.14 19.06 18.89 18.89 18.81 18.85 18.90 19.14 19.13 19.10 18.93
18.42 18.78 18.80 18.46 18.82 18.82 18.49 18.65 19.03 18.85 18.69 18.81 18.69 18.86 18.95 19.04 18.98 18.98 18.95 18.85 18.93 19.09 19.00 19.11 19.23 19.21 19.11 19.03 19.02 18.91 18.84 18.96 19.05 18.95 18.86 18.79 18.68 18.77 19.04 18.95 19.02 18.87 18.81 18.89 18.84 18.90 18.90 18.72 18.72 18.78 18.84 18.67 18.49 18.85 18.84 18.77 18.97 18.97 19.00 19.07 18.97 18.92 18.93 18.98 19.01 18.98 19.07 19.08 19.09 18.88 18.90 18.70 18.93 18.92 19.04 19.10 19.07 19.01
18.83 18.34 18.37 18.60 18.54 18.63 18.74 18.87 19.04 19.00 18.61 18.96 18.91 19.05 19.04 19.04 19.14 19.12 19.07 18.93 19.02 19.05 19.08 19.08 19.05 19.17 19.00 18.91 18.77 18.87 18.75 19.11 19.12 19.06 19.02 18.93 18.91 18.78 18.82 18.90 18.94 19.00 19.00 18.83 19.09 19.10 19.28 18.87 18.68 18.63 18.74 19.08 18.83 18.88 18.96 18.76 19.01 18.98 19.00 18.96 19.02 18.98 19.05 19.05 19.04 19.04 19.17 19.18 19.26 19.31 19.02 18.81 18.84 19.09 19.29 19.17 19.06 19.00
18.73 18.28 18.30 18.78 18.89 18.63 19.06 18.97 18.81 18.87 18.85 18.79 18.79 18.88 18.95 19.08 19.02 19.43 19.01 19.11 19.00 19.11 19.11 19.02 18.90 18.95 18.92 18.76 18.71 18.93 18.97 19.03 19.03 19.07 19.04 19.05 19.04 18.98 18.93 19.01 18.97 18.96 18.96 19.00 19.11 19.08 19.28 19.32 19.12 19.03 19.17 19.10 19.15 19.14 18.99 18.62 18.74 18.84 19.00 19.09 18.97 18.92 19.07 18.97 19.10 19.10 19.06 19.17 19.27 19.24 19.03 18.90 18.92 19.17 19.12 19.10 19.01 18.99
18.52 18.11 18.52 18.40 18.33 18.52 18.84 18.81 18.87 18.81 18.74 18.86 18.85 18.85 18.66 18.97 18.94 19.05 19.16 18.93 19.08 19.14 19.07 19.01 18.85 18.63 18.58 18.83 18.99 18.92 18.95 18.92 18.98 19.12 19.17 18.96 18.99 18.83 18.87 18.89 18.76 18.71 18.87 19.00 19.08 19.12 19.22 19.24 19.24 19.24 19.16 18.98 19.18 19.15 18.91 18.79 18.75 19.03 19.05 19.14 19.01 18.96 18.88 18.82 18.96 19.02 18.96 18.87 19.02 19.10 18.95 18.94 19.00 18.98 19.08 18.93 18.76 19.02
18.48 18.32 18.82 18.84 18.78 18.70 18.78 18.97 18.83 18.91 18.86 18.64 18.92 18.90 18.82 19.12 18.98 19.09 18.97 19.01 19.04 19.20 19.13 19.03 18.91 18.76 18.87 19.00 19.03 19.08 19.20 19.05 19.04 19.12 19.03 18.66 18.65 18.75 18.73 18.75 18.75 18.72 18.76 18.99 18.75 18.68 18.99 19.18 19.03 18.88 18.88 19.09 19.25 19.09 19.17 18.74 18.73 18.93 19.16 18.99 18.99 19.03 18.77 18.81 18.87 18.97 18.93 18.75 18.85 19.01 18.93 19.04 19.07 18.92 18.96 18.91 18.82 18.89
18.49 18.63 18.86 18.87 18.59 18.83 18.69 18.86 18.83 18.84 18.81 18.83 18.77 18.88 18.83 18.85 18.94 18.95 18.78 18.94 19.02 19.06 19.08 19.11 19.15 19.13 19.31 19.41 19.23 19.28 19.09 18.94 18.85 18.98 18.83 18.82 18.62 18.56 18.66 18.77 18.77 18.77 18.86 18.94 18.99 18.74 18.83 18.95 18.99 18.82 18.78 19.08 18.91 19.17 18.99 18.83 18.82 18.73 18.83 18.79 18.81 18.81 18.84 18.88 18.94 18.83 18.88 18.83 18.94 18.81 18.92 18.96 18.95 19.05 18.89 18.86 18.96 19.03
18.69 18.77 18.88 18.79 18.85 18.85 18.88 18.76 18.83 18.85 18.86 18.80 18.69 19.01 19.22 19.18 18.94 18.69 18.91 19.17 18.97 19.01 19.08 19.08 18.90 19.03 19.04 19.10 19.10 18.95 18.94 19.04 19.10 19.04 18.95 18.88 18.69 18.38 18.45 18.66 18.73 18.75 18.84 18.80 18.86 18.86 18.94 19.00 18.87 18.74 18.72 18.62 18.85 18.95 18.69 18.81 18.80 18.87 19.00 18.82 18.60 18.54 18.47 18.73 18.77 18.73 18.62 18.77 18.77 18.68 18.82 19.14 19.15 18.90 19.03 18.87 18.87 18.86
18.73 18.71 19.07 18.89 18.87 18.99 18.88 18.82 18.82 18.98 18.90 18.79 18.76 18.76 18.94 18.85 18.99 19.02 19.07 19.15 19.06 18.97 19.03 19.04 19.08 19.03 18.91 18.78 18.79 18.87 18.88 18.79 18.90 18.90 18.82 18.74 18.60 18.38 18.62 18.77 18.74 18.76 18.76 18.75 18.86 18.75 18.66 18.82 18.78 18.67 18.55 18.70 18.62 18.58 18.62 18.82 18.79 18.86 18.90 18.80 18.81 18.68 18.68 18.56 18.60 18.87 18.90 18.78 19.02 19.13 19.01 18.92 18.89 18.85 18.77 18.77 18.95 18.76
19.05 19.13 19.03 18.90 18.77 18.89 18.84 18.87 18.96 18.94 18.86 18.83 18.92 18.88 18.82 18.76 19.06 19.00 19.00 19.06 18.95 18.82 18.83 18.96 18.99 19.06 18.83 18.85 18.79 18.83 18.77 18.69 18.70 18.66 18.71 18.68 18.69 18.68 18.76 18.72 18.73 18.76 18.72 18.68 18.70 18.70 18.68 18.53 18.77 18.51 18.48 18.52 18.66 18.65 18.71 18.63 18.60 18.80 18.65 18.61 18.52 18.62 18.37 18.47 18.37 18.08 18.60 19.05 19.19 18.89 18.97 18.95 18.77 18.78 18.66 18.40 18.52 18.74
18.97 18.85 18.86 18.97 18.77 18.76 18.79 18.91 18.88 18.80 18.76 18.93 19.03 18.97 18.89 18.79 18.99 18.97 19.04 19.10 18.88 18.89 18.75 18.79 18.81 18.90 18.81 18.72 18.72 18.80 18.81 18.80 18.66 18.54 18.63 18.66 18.68 18.75 18.67 18.71 18.81 18.86 18.76 18.65 18.63 18.70 18.68 18.58 18.54 18.61 18.49 18.52 18.63 18.73 18.82 18.86 18.74 18.91 18.61 18.49 18.77 18.61 18.76 18.81 18.47 18.31 18.62 18.99 18.86 18.71 18.61 18.67 18.82 18.71 18.30 17.95 18.03 18.42
18.77 18.76 18.67 18.80 18.68 18.64 18.80 18.87 18.72 18.70 18.83 18.83 18.79 18.88 18.83 18.80 18.90 18.83 18.81 18.86 18.85 18.86 18.83 18.80 18.82 18.87 18.84 18.77 18.77 18.81 18.95 18.84 18.68 18.49 18.65 18.78 18.65 18.68 18.66 18.68 18.76 18.86 18.80 18.78 18.67 18.71 18.49 18.53 18.47 18.34 18.55 18.62 18.68 18.88 18.90 18.81 18.81 18.60 18.49 18.43 18.68 18.91 19.01 19.14 18.79 18.51 18.95 18.96 18.86 18.72 18.67 18.70 18.63 18.72 18.55 18.55 18.63 18.75
18.58 18.64 18.55 18.73 18.64 18.58 18.65 18.75 18.51 18.56 18.79 18.66 18.64 18.64 18.72 18.69 18.84 18.76 18.74 18.72 18.84 18.80 18.71 18.74 18.84 18.85 18.83 18.87 18.92 19.00 18.85 18.76 18.68 18.61 18.72 18.79 18.70 18.74 18.77 18.72 18.81 18.90 18.97 18.83 18.65 18.57 18.56 18.63 18.70 18.70 18.62 18.76 18.62 18.65 18.82 18.78 18.72 18.65 18.84 18.25 18.49 19.00 18.99 19.05 18.95 18.82 18.98 18.94 18.73 18.67 18.70 18.56 18.63 18.63 18.57 18.55 18.87 18.87
18.72 18.67 18.63 18.54 18.56 18.59 18.54 18.44 18.40 18.67 18.74 18.69 18.52 18.49 18.72 18.78 18.87 18.67 18.69 18.68 18.68 18.72 18.64 18.88 18.89 18.74 18.78 18.87 18.99 18.98 18.85 18.64 18.67 18.66 18.67 18.69 18.67 18.62 18.57 18.76 18.81 18.89 18.91 18.79 18.72 18.54 18.46 18.52 18.63 18.67 18.67 18.69 18.69 18.63 18.71 18.74 18.65 18.60 18.71 18.32 18.33 18.70 19.04 18.96 18.83 18.72 18.83 18.88 18.75 18.71 18.68 18.52 18.38 18.55 18.93 18.84 19.00 18.95
19.00 18.62 18.46 18.51 18.49 18.34 18.26 18.59 18.66 18.67 18.70 18.58 18.49 18.57 18.63 18.66 18.72 18.74 18.64 18.50 18.61 18.64 18.43 18.57 18.58 18.80 18.95 18.77 18.79 18.85 18.68 18.58 18.54 18.52 18.61 18.69 18.62 18.56 18.58 18.72 18.87 18.86 18.84 18.76 18.75 18.62 18.59 18.55 18.47 18.64 18.56 18.61 18.58 18.65 18.53 18.69 18.72 18.37 18.43 18.46 18.46 18.58 18.76 18.82 18.76 18.57 18.74 18.80 18.65 18.66 18.50 18.72 18.55 18.77 18.71 18.82 18.83 18.88
18.68 18.56 18.59 18.40 18.36 18.51 18.59 18.53 18.60 18.61 18.65 18.53 18.52 18.62 18.50 18.77 18.74 18.72 18.65 18.54 18.46 18.51 18.71 18.63 18.85 18.99 18.88 18.85 18.83 18.66 18.63 18.57 18.48 18.59 18.62 18.71 18.75 18.68 18.69 18.78 18.77 18.79 18.81 18.80 18.87 18.66 18.55 18.45 18.50 18.59 18.54 18.37 18.49 18.49 18.50 18.59 18.59 18.48 18.69 18.71 18.57 18.52 18.49 18.49 18.46 18.70 18.91 18.62 18.42 18.44 18.61 18.91 18.74 18.61 18.66 18.69 18.68 18.60
18.58 18.64 18.46 18.12 18.65 18.56 18.51 18.49 18.33 18.46 18.48 18.58 18.46 18.58 18.53 18.66 18.60 18.46 18.32 18.65 18.68 18.66 18.63 18.88 18.74 18.75 18.78 18.80 18.78 18.72 18.61 18.57 18.02 18.59 18.64 18.74 18.75 18.71 18.65 18.84 18.78 18.74 18.74 18.72 18.80 18.72 18.63 18.61 18.61 18.63 18.64 18.44 18.35 18.32 18.41 18.47 18.71 18.68 18.51 18.56 18.66 18.62 18.66 18.61 18.59 18.57 18.84 18.36 18.52 18.73 18.89 18.86 18.75 18.43 18.33 18.09 18.39 18.61
18.27 18.32 18.38 18.22 18.59 18.64 18.31 17.90 17.99 18.28 18.37 18.53 18.39 18.76 18.56 18.46 18.40 18.27 18.19 18.46 18.68 18.76 18.80 18.74 18.76 18.74 18.77 18.84 18.83 18.77 18.42 18.56 18.58 18.54 18.59 18.68 18.63 18.70 18.65 18.81 18.73 18.62 18.63 18.73 18.71 18.61 18.65 18.56 18.56 18.63 18.56 18.52 18.34 18.38 18.23 18.51 18.55 18.57 18.43 18.56 18.53 18.67 18.62 18.61 18.61 18.55 18.59 18.59 18.79 18.74 18.57 18.74 18.51 18.63 18.26 18.21 18.81 18.51
18.42 18.45 18.46 18.27 18.22 18.41 18.41 17.97 17.80 18.17 18.33 18.15 18.14 18.50 18.38 18.14 18.24 18.13 18.23 18.50 18.59 18.67 18.76 18.80 18.80 18.68 18.75 18.77 18.73 18.78 18.71 18.47 18.29 18.28 18.49 18.59 18.62 18.61 18.62 18.64 18.68 18.62 18.63 18.60 18.55 18.47 18.39 18.46 18.65 18.63 18.51 18.39 18.44 18.31 18.35 18.46 18.57 18.54 18.46 18.60 18.43 18.48 18.54 18.56 18.45 18.62 18.60 18.46 18.47 18.47 18.70 18.68 18.50 18.59 18.48 18.67 18.72 18.71
18.63 18.63 18.47 18.38 18.18 17.94 18.16 18.38 18.45 18.32 18.33 18.31 18.23 18.31 18.33 17.87 17.88 18.00 18.37 18.57 18.61 18.67 18.71 18.78 18.80 18.83 18.76 18.72 18.55 18.39 18.53 18.52 18.37 18.33 18.38 18.47 18.52 18.57 18.49 18.59 18.59 18.56 18.47 18.49 18.54 18.48 18.60 18.53 18.51 18.49 18.51 18.36 18.35 18.34 18.34 18.45 18.47 18.57 18.47 18.67 18.78 18.25 18.29 18.28 18.45 18.72 18.62 18.66 18.51 18.59 18.77 18.76 18.52 18.42 18.58 18.39 18.35 18.76
18.54 18.55 18.48 18.44 18.37 18.20 18.25 18.32 18.40 18.46 18.62 18.33 18.29 18.28 18.33 17.95 18.02 18.10 18.46 18.40 18.42 18.58 18.60 18.69 18.71 18.81 18.80 18.65 18.51 18.49 18.43 18.42 18.32 18.39 18.30 18.38 18.48 18.49 18.58 18.48 18.57 18.54 18.53 18.46 18.44 18.55 18.49 18.47 18.51 18.53 18.55 18.22 18.23 18.24 18.35 18.30 18.39 18.31 18.32 18.52 18.67 18.53 18.41 18.04 18.31 18.51 18.47 18.60 18.79 18.71 18.55 18.48 18.40 18.27 18.17 18.23 18.45 18.43
18.35 18.38 18.40 18.37 18.37 18.38 18.24 18.29 18.38 18.31 18.38 18.35 18.29 18.25 18.23 18.06 18.24 18.24 18.34 18.51 18.39 18.49 18.51 18.61 18.63 18.64 18.71 18.60 18.58 18.50 18.41 18.31 18.40 18.36 18.28 18.24 18.36 18.34 18.41 18.42 18.44 18.44 18.43 18.48 18.44 18.38 18.47 18.49 18.54 18.59 18.61 18.48 18.22 18.13 18.41 18.34 18.26 18.34 18.30 18.48 18.24 18.49 18.62 18.32 18.20 18.20 18.32 18.50 18.61 18.71 18.45 18.39 18.72 18.47 18.27 18.70 18.44 18.34
18.12 18.00 18.14 18.22 18.19 18.29 18.29 18.45 18.38 18.29 18.43 18.27 18.22 18.35 18.36 18.23 18.33 18.15 18.38 18.37 18.35 18.56 18.62 18.56 18.61 18.58 18.56 18.63 18.57 18.44 18.34 18.35 18.49 18.33 18.28 18.24 18.28 18.32 18.21 18.26 18.30 18.29 18.47 18.44 18.33 18.36 18.37 18.38 18.54 18.55 18.51 18.52 18.41 18.43 18.33 18.31 18.43 18.53 18.38 18.71 18.52 18.68 18.62 18.31 18.37 18.48 18.41 18.49 18.51 18.57 18.27 18.09 18.33 18.40 18.18 18.44 18.45 18.23
18.16 18.06 18.11 18.30 18.20 18.30 18.39 18.45 18.51 18.41 18.49 18.18 18.09 18.21 18.41 18.24 18.19 18.29 18.45 18.33 18.26 18.47 18.57 18.50 18.58 18.61 18.62 18.66 18.53 18.39 18.33 18.33 18.35 18.43 18.37 18.27 18.32 18.13 17.97 18.30 18.35 18.39 18.35 18.28 18.25 18.30 18.40 18.52 18.51 18.48 18.37 18.39 18.41 18.30 18.27 18.10 18.16 18.52 18.48 18.69 18.39 18.09 18.45 18.41 18.29 18.56 18.50 18.43 18.52 18.35 18.13 17.98 18.02 17.98 18.07 18.02 18.43 18.51
18.30 17.98 18.02 18.22 18.01 18.36 18.70 18.41 18.46 18.62 18.62 18.16 18.10 18.21 18.31 18.31 18.17 18.27 18.48 18.45 18.46 18.54 18.52 18.55 18.54 18.52 18.46 18.53 18.48 18.50 18.39 18.30 18.27 18.34 18.33 18.22 18.06 17.97 17.89 18.17 18.34 18.30 18.25 18.16 18.25 18.26 18.42 18.48 18.48 18.35 18.24 18.35 18.36 18.29 18.22 18.19 18.28 18.59 18.61 18.45 18.37 17.88 18.10 18.31 18.33 18.47 18.50 18.46 18.48 18.23 18.07 17.86 17.98 18.12 18.13 18.43 18.51 18.45
18.21 18.34 17.86 17.94 18.32 18.67 18.56 18.35 18.45 18.52 18.19 18.10 18.19 18.24 18.30 18.22 18.21 18.37 18.43 18.45 18.38 18.44 18.45 18.50 18.52 18.47 18.36 18.35 18.37 18.43 18.49 18.32 18.35 18.29 18.33 18.24 18.12 17.92 17.95 18.34 18.31 18.18 18.21 18.23 18.22 18.08 18.40 18.26 18.41 18.23 18.20 18.20 18.30 18.28 18.31 18.23 18.38 18.60 18.59 18.24 18.23 18.18 17.94 18.12 18.29 18.38 18.15 18.32 18.35 18.07 18.13 18.49 18.62 18.76 18.16 18.52 18.70 18.37
