main/data/irradiance/14.09.2023.grid
ncols 839
nrows 679
xllcenter 112.0500
yllcenter -43.9500
cellsize 0.0500
nodata_value 99999.90
[rows 204 to 237 of 679, columns 462 to 538 of 839]
23.58 23.98 23.81 23.77 23.96 24.04 24.04 24.02 23.92 23.90 23.80 23.82 24.03 24.00 24.04 23.64 23.48 23.54 23.51 23.47 23.48 23.49 23.49 23.47 23.42 23.44 23.52 23.55 23.52 23.51 23.44 23.43 23.45 23.45 23.47 23.48 23.51 23.42 23.12 22.97 22.99 22.99 23.00 22.97 22.97 22.91 22.97 23.10 23.10 23.10 23.08 23.01 23.05 22.89 22.87 22.98 22.92 22.94 22.92 22.98 22.92 22.88 22.81 23.13 23.21 23.28 23.18 22.89 23.00 23.12 23.27 23.32 23.25 23.33 23.26 23.27 23.24
23.49 23.71 23.67 24.01 24.06 23.97 23.54 23.29 23.57 23.86 23.51 23.75 23.91 24.04 24.08 24.00 23.53 23.49 23.49 23.45 23.46 23.48 23.51 23.53 23.47 23.46 23.49 23.48 23.49 23.49 23.46 23.46 23.44 23.46 23.52 23.50 23.47 23.51 23.36 23.03 22.90 22.94 22.97 22.95 22.94 22.94 23.02 23.12 23.13 23.10 23.03 23.04 23.04 23.01 22.87 22.86 22.81 22.72 22.68 22.77 22.87 22.82 22.81 22.88 22.97 23.02 23.04 22.91 23.09 23.23 23.32 23.31 23.50 23.52 23.38 23.39 23.38
23.35 23.51 23.80 23.99 24.04 23.42 23.33 23.56 23.66 23.90 23.99 23.90 23.83 23.85 24.08 24.08 23.61 23.48 23.48 23.46 23.48 23.44 23.45 23.51 23.50 23.46 23.45 23.46 23.50 23.58 23.56 23.48 23.43 23.48 23.55 23.51 23.46 23.48 23.48 22.99 22.89 22.99 22.96 22.91 22.92 22.93 23.04 22.96 23.02 23.07 23.06 23.08 23.00 22.98 22.89 22.80 22.67 22.55 22.62 22.69 22.82 22.86 22.85 22.87 22.88 22.87 23.01 23.21 23.31 23.23 23.22 23.28 23.45 23.47 23.45 23.44 23.38
23.46 23.28 23.48 23.90 23.63 23.43 23.58 23.53 23.97 24.07 24.05 24.07 24.08 24.07 24.09 24.07 23.58 23.48 23.47 23.49 23.48 23.53 23.50 23.50 23.46 23.50 23.49 23.50 23.55 23.54 23.48 23.46 23.45 23.46 23.50 23.47 23.43 23.51 23.53 23.31 22.94 22.97 22.97 23.03 22.92 22.95 22.98 22.98 22.92 22.88 23.02 22.93 22.96 22.82 22.77 22.79 22.75 22.72 22.74 22.75 22.94 22.94 22.81 22.82 22.86 23.19 23.00 22.94 23.21 23.46 23.47 23.35 23.35 23.35 23.47 23.41 23.36
23.45 23.38 23.41 23.52 23.59 23.68 23.68 23.76 23.90 23.99 24.08 24.05 24.05 24.06 24.08 23.97 23.54 23.47 23.46 23.46 23.47 23.51 23.52 23.50 23.51 23.47 23.47 23.50 23.53 23.52 23.47 23.46 23.48 23.48 23.48 23.48 23.52 23.52 23.55 23.54 23.25 22.92 22.97 22.90 22.93 22.87 22.75 22.73 22.66 22.73 23.01 22.97 22.84 22.75 22.54 22.55 22.69 22.76 22.85 22.85 22.96 23.07 23.07 23.07 23.06 23.07 22.89 23.71 23.23 23.32 23.36 23.43 23.41 23.33 23.29 23.22 23.08
23.53 23.52 23.58 23.60 23.66 23.75 23.75 23.80 23.87 23.88 23.91 24.08 24.08 24.06 24.01 23.63 23.54 23.47 23.46 23.42 23.47 23.48 23.52 23.47 23.52 23.49 23.48 23.50 23.49 23.49 23.51 23.48 23.47 23.52 23.56 23.58 23.60 23.59 23.55 23.57 23.52 23.34 23.19 23.04 22.85 22.65 22.53 22.35 22.74 22.76 23.04 22.98 22.77 22.77 22.70 22.60 22.81 22.83 22.92 22.93 22.92 23.00 22.89 23.05 23.22 23.22 23.14 23.38 23.28 23.32 23.33 23.40 23.39 23.40 23.34 23.28 23.29
23.54 23.64 23.65 23.70 23.65 23.68 23.85 23.92 23.99 23.99 24.01 24.05 24.07 24.03 23.67 23.58 23.57 23.46 23.44 23.43 23.40 23.48 23.48 23.49 23.53 23.49 23.50 23.47 23.47 23.54 23.65 23.59 23.50 23.45 23.54 23.56 23.58 23.56 23.54 23.51 23.49 23.45 23.38 23.39 23.29 22.85 23.18 22.57 22.78 22.74 22.70 22.70 22.59 22.75 22.80 22.90 22.89 22.95 22.99 22.92 22.90 22.89 22.84 22.92 23.05 23.05 23.22 23.34 23.33 23.25 23.15 23.30 23.24 23.05 23.26 23.29 23.19
23.57 23.63 23.68 23.74 23.67 23.61 23.78 23.87 23.85 23.81 23.91 23.95 23.83 23.59 23.55 23.56 23.58 23.52 23.47 23.43 23.39 23.47 23.53 23.51 23.49 23.51 23.51 23.50 23.52 23.56 23.60 23.62 23.56 23.43 23.42 23.48 23.55 23.54 23.46 23.50 23.50 23.44 23.42 23.41 23.37 23.23 23.39 22.74 22.88 22.91 22.80 22.52 22.80 22.78 22.83 22.82 22.87 22.99 22.94 22.93 22.88 22.89 22.88 22.88 22.90 22.86 23.00 22.94 22.83 22.83 22.91 22.87 23.08 23.23 23.25 23.36 23.29
23.53 23.54 23.64 23.60 23.61 23.60 23.73 23.78 23.82 23.79 23.78 23.61 23.53 23.54 23.53 23.50 23.53 23.55 23.53 23.49 23.50 23.49 23.53 23.55 23.49 23.49 23.50 23.49 23.46 23.47 23.57 23.58 23.57 23.44 23.41 23.49 23.54 23.49 23.41 23.46 23.47 23.43 23.45 23.48 23.44 23.35 23.35 23.04 22.81 22.90 22.93 22.64 22.83 22.85 22.99 22.84 22.99 22.91 22.89 22.90 22.92 22.86 22.89 22.81 22.83 22.83 22.92 22.94 22.84 22.92 22.89 22.78 23.16 22.98 22.90 23.10 23.29
23.51 23.51 23.60 23.53 23.60 23.61 23.60 23.67 23.71 23.64 23.59 23.54 23.52 23.55 23.55 23.50 23.55 23.53 23.54 23.51 23.54 23.55 23.55 23.48 23.50 23.50 23.54 23.48 23.47 23.55 23.57 23.56 23.56 23.50 23.43 23.49 23.50 23.46 23.44 23.47 23.46 23.42 23.45 23.44 23.39 23.37 23.36 23.33 23.01 22.79 22.83 22.59 22.81 22.83 22.83 22.88 22.80 23.01 22.99 22.90 22.89 22.90 22.81 22.79 22.78 22.95 22.86 22.92 22.86 22.75 22.77 22.65 23.02 22.64 22.76 23.02 23.10
23.52 23.54 23.52 23.39 23.35 23.56 23.55 23.54 23.48 23.41 23.47 23.48 23.47 23.47 23.46 23.49 23.49 23.48 23.52 23.51 23.49 23.45 23.46 23.43 23.41 23.43 23.50 23.52 23.54 23.51 23.55 23.58 23.55 23.50 23.45 23.42 23.42 23.41 23.39 23.44 23.42 23.41 23.40 23.40 23.39 23.38 23.31 23.33 23.29 22.94 22.83 22.65 22.75 22.75 22.74 22.81 22.99 23.12 23.01 22.96 22.92 22.99 22.86 22.87 22.84 22.88 22.86 22.98 22.89 22.71 22.72 22.78 22.81 22.78 22.75 22.74 22.85
23.55 23.55 23.46 23.36 23.41 23.40 23.46 23.45 23.41 23.39 23.44 23.50 23.47 23.45 23.47 23.49 23.50 23.50 23.51 23.47 23.47 23.47 23.44 23.42 23.41 23.40 23.43 23.54 23.59 23.60 23.50 23.48 23.52 23.50 23.51 23.43 23.33 23.39 23.40 23.41 23.40 23.43 23.42 23.43 23.41 23.38 23.35 23.31 23.31 23.26 22.94 22.79 22.73 22.86 22.86 22.81 23.02 23.03 22.99 22.95 22.91 22.98 22.91 22.91 22.90 22.84 22.98 22.96 22.86 22.75 22.80 22.76 22.74 22.78 22.77 22.72 23.14
23.37 23.33 23.40 23.44 23.46 23.46 23.45 23.38 23.41 23.38 23.36 23.44 23.43 23.43 23.45 23.44 23.47 23.48 23.47 23.46 23.45 23.46 23.42 23.38 23.39 23.38 23.33 23.44 23.48 23.47 23.44 23.49 23.55 23.52 23.50 23.42 23.36 23.32 23.30 23.38 23.34 23.41 23.41 23.42 23.36 23.37 23.38 23.33 23.34 23.34 23.07 22.85 22.81 22.71 22.89 22.97 23.01 22.93 22.96 22.96 22.93 22.90 22.90 22.88 22.87 22.90 23.05 22.94 22.86 22.92 23.10 22.90 22.79 22.96 22.87 22.96 23.06
23.36 23.37 23.48 23.46 23.35 23.44 23.40 23.30 23.38 23.39 23.38 23.43 23.42 23.43 23.45 23.46 23.45 23.48 23.49 23.45 23.39 23.39 23.40 23.40 23.42 23.42 23.39 23.39 23.44 23.43 23.44 23.53 23.53 23.50 23.44 23.36 23.38 23.33 23.31 23.27 23.33 23.38 23.43 23.44 23.36 23.34 23.38 23.34 23.35 23.30 23.25 23.01 23.00 22.91 22.93 23.07 22.93 22.92 22.97 22.89 22.94 22.98 22.94 22.95 22.94 23.01 22.98 22.90 22.78 22.84 22.89 22.94 22.85 22.83 22.81 22.94 22.98
23.43 23.39 23.40 23.36 23.36 23.38 23.38 23.33 23.31 23.35 23.39 23.42 23.43 23.44 23.50 23.41 23.44 23.46 23.45 23.44 23.41 23.39 23.38 23.39 23.42 23.40 23.41 23.36 23.41 23.43 23.41 23.39 23.42 23.40 23.39 23.39 23.35 23.35 23.29 23.31 23.36 23.31 23.35 23.36 23.35 23.36 23.35 23.31 23.30 23.26 23.24 23.16 23.19 23.27 23.17 22.86 22.60 22.93 22.98 22.94 22.91 22.89 22.91 22.85 22.87 22.95 22.98 22.82 22.79 22.84 22.77 22.85 22.80 22.80 22.85 22.92 22.98
23.44 23.39 23.39 23.42 23.34 23.37 23.32 23.23 23.28 23.35 23.33 23.40 23.40 23.44 23.44 23.33 23.42 23.45 23.45 23.42 23.41 23.42 23.42 23.39 23.36 23.40 23.43 23.40 23.41 23.42 23.36 23.37 23.37 23.38 23.42 23.36 23.41 23.40 23.31 23.07 23.09 23.28 23.23 23.29 23.25 22.95 23.22 23.29 23.27 23.25 23.27 23.25 23.01 23.22 23.05 22.79 22.61 22.68 22.89 22.85 22.91 22.97 22.96 22.90 22.81 22.89 22.86 22.81 22.83 22.76 22.72 22.63 22.74 22.93 22.83 23.01 22.99
23.38 23.38 23.37 23.39 23.35 23.37 23.37 23.32 23.34 23.29 23.31 23.27 23.27 23.37 23.33 23.34 23.40 23.40 23.40 23.43 23.40 23.38 23.36 23.36 23.39 23.35 23.36 23.40 23.38 23.35 23.34 23.34 23.33 23.31 23.33 23.34 23.35 23.40 23.16 22.82 22.75 22.82 22.70 22.77 22.75 22.58 22.74 22.94 22.81 23.05 23.09 23.23 22.94 22.87 22.84 22.78 22.83 22.50 22.86 22.87 22.89 22.91 22.87 22.87 22.93 22.88 22.90 23.00 22.87 22.79 22.72 22.84 22.96 22.89 22.97 22.97 22.94
23.42 23.42 23.36 23.40 23.38 23.32 23.29 23.35 23.30 23.36 23.36 23.37 23.38 23.31 23.38 23.40 23.41 23.42 23.38 23.38 23.38 23.39 23.39 23.38 23.44 23.39 23.12 23.20 23.35 23.35 23.29 23.31 23.32 23.31 23.32 23.31 23.35 23.38 23.05 22.87 22.74 22.74 22.73 22.75 22.75 22.73 22.73 22.76 23.10 23.00 22.79 22.85 22.98 22.78 22.71 22.88 22.98 22.78 22.66 22.82 22.87 22.91 22.88 22.86 22.88 22.94 22.98 23.02 22.95 22.94 22.91 23.06 23.01 22.92 22.87 22.81 22.75
23.41 23.31 23.36 23.34 23.32 23.32 23.34 23.24 23.30 23.30 23.15 23.16 23.11 23.35 23.37 23.35 23.33 23.36 23.37 23.39 23.32 23.24 23.12 23.30 23.38 23.21 23.07 22.97 23.31 23.27 23.25 23.27 23.25 23.26 23.32 23.30 23.31 23.29 23.04 22.79 22.76 22.82 22.84 22.88 22.81 22.80 22.75 22.81 22.83 22.80 22.78 22.85 22.84 22.80 22.78 22.82 22.98 22.86 22.75 22.53 22.46 22.78 22.91 22.94 23.02 22.99 22.94 22.96 23.04 22.98 23.07 23.12 23.07 22.95 22.92 22.94 22.91
23.32 23.27 23.37 23.29 23.35 23.39 23.32 23.30 23.29 23.31 23.36 23.21 23.09 23.23 23.27 23.14 23.03 23.06 23.16 23.24 23.29 23.22 22.98 22.96 23.28 23.28 23.21 23.05 23.18 23.30 23.25 23.23 23.27 23.24 23.29 23.32 23.21 22.95 22.93 22.90 22.87 22.83 22.86 22.89 22.85 22.85 22.88 22.87 22.84 22.83 22.83 22.89 22.89 22.82 22.82 22.81 22.87 22.84 22.84 22.73 22.41 22.42 22.78 22.86 22.89 22.85 22.92 22.97 22.94 22.98 23.12 23.20 23.17 23.08 22.93 22.89 22.96
23.38 23.37 23.37 23.40 23.30 23.42 23.30 23.28 23.31 23.26 23.38 23.32 23.37 23.37 23.41 23.39 23.37 23.32 23.24 23.15 23.28 23.32 23.16 22.92 23.23 23.30 23.19 23.23 23.25 23.28 23.30 23.28 23.24 23.20 22.98 23.25 22.81 22.93 22.94 22.97 22.93 22.89 22.87 22.88 22.91 22.93 22.85 22.87 22.87 22.81 22.82 22.82 22.90 22.95 22.93 22.93 22.96 22.95 22.89 22.86 22.62 22.56 22.51 22.74 22.86 22.90 22.92 22.94 22.83 22.91 23.08 23.16 23.15 23.10 23.08 23.00 23.04
23.33 23.35 23.37 23.28 23.20 23.18 23.29 23.20 23.19 23.27 23.36 23.36 23.37 23.34 23.34 23.39 23.38 23.41 23.37 23.26 23.35 23.36 23.34 23.20 23.31 23.33 23.31 23.32 23.28 23.29 23.27 23.23 23.16 23.21 23.00 23.02 22.76 22.93 22.94 22.96 22.99 22.95 22.88 22.89 22.87 22.81 22.79 22.81 22.83 22.79 22.82 22.74 22.76 22.81 22.82 22.86 22.95 22.87 22.83 22.90 22.72 22.67 22.50 22.63 22.71 22.71 22.82 22.89 22.94 22.98 23.12 23.13 23.13 23.07 23.02 23.02 22.86
23.18 23.22 23.25 23.35 23.26 23.22 23.21 23.31 23.24 23.27 23.31 23.32 23.24 23.20 23.26 23.41 23.38 23.40 23.42 23.33 23.32 23.36 23.32 23.30 23.29 23.33 23.31 23.29 23.28 23.31 23.29 23.25 23.23 23.25 23.07 22.96 22.88 22.92 23.10 23.02 23.02 23.05 22.99 22.89 22.88 22.87 22.84 22.86 22.83 22.77 22.80 22.76 22.87 22.70 22.80 22.87 22.87 22.87 22.89 22.79 22.86 22.82 22.52 22.54 22.64 22.74 22.80 22.84 22.96 23.08 23.12 23.12 23.12 23.08 22.97 22.90 22.76
23.21 23.19 23.21 23.19 23.11 23.03 23.15 23.23 23.21 23.13 23.19 23.26 23.33 23.39 23.34 23.37 23.35 23.35 23.34 23.35 23.32 23.29 23.25 23.23 23.33 23.35 23.29 23.26 23.27 23.28 23.28 23.24 23.21 23.23 23.05 22.89 22.86 23.05 23.05 22.97 22.93 23.10 23.11 22.94 22.89 22.92 22.81 22.81 22.79 22.78 22.76 22.80 22.75 22.69 22.75 22.78 22.77 22.79 22.83 22.80 22.77 22.73 22.65 22.59 22.79 22.86 22.79 22.88 22.89 23.08 23.06 23.02 22.98 23.03 23.01 22.89 22.81
23.19 23.16 23.12 23.18 23.16 23.03 23.27 23.18 23.07 23.20 23.23 23.27 23.28 23.34 23.35 23.38 23.33 23.27 23.30 23.34 23.25 23.24 23.30 23.36 23.38 23.37 23.31 23.29 23.30 23.28 23.23 23.20 23.21 23.09 22.91 22.92 22.95 22.96 22.90 22.85 22.99 23.06 22.79 22.73 22.91 22.90 22.85 22.83 22.86 22.82 22.73 22.78 22.75 22.77 22.76 22.77 22.80 22.88 22.87 22.82 22.85 22.79 22.62 22.74 22.77 22.82 22.85 22.81 22.81 22.88 22.86 22.88 22.95 23.00 22.94 22.81 22.90
23.01 23.12 23.13 23.14 23.16 23.17 23.23 23.23 23.11 23.13 23.30 23.23 23.18 23.28 23.29 23.37 23.32 23.20 23.23 23.26 23.24 23.27 23.30 23.34 23.35 23.32 23.30 23.31 23.27 23.25 23.20 23.18 23.07 22.95 22.90 23.03 22.91 22.90 22.89 22.90 23.01 22.95 22.90 22.89 22.88 22.82 22.83 22.79 22.81 22.81 22.70 22.71 22.75 22.77 22.73 22.75 22.80 22.78 22.85 22.76 22.78 22.80 22.67 22.79 22.79 22.80 22.78 22.79 22.79 22.92 22.95 22.95 22.94 22.89 22.83 22.85 22.90
23.07 23.01 23.00 23.00 23.06 23.16 23.28 23.24 23.21 23.32 23.35 23.22 23.24 23.26 23.30 23.28 23.27 23.23 23.22 23.25 23.28 23.31 23.29 23.30 23.30 23.28 23.26 23.26 23.22 23.13 23.13 23.13 22.92 22.82 22.83 22.90 22.86 22.92 22.92 22.91 22.92 22.89 22.94 22.89 22.83 22.77 22.80 22.72 22.77 22.77 22.73 22.77 22.71 22.77 22.71 22.79 22.76 22.74 22.78 22.75 22.76 22.69 22.60 22.79 22.87 22.90 22.86 22.86 22.88 22.97 22.90 22.83 22.85 22.81 22.79 22.86 22.89
23.05 23.08 23.09 23.06 22.89 22.95 23.14 23.20 23.22 23.27 23.27 23.25 23.31 23.25 23.28 23.28 23.27 23.28 23.23 23.24 23.29 23.30 23.27 23.24 23.26 23.28 23.24 23.25 23.14 22.94 22.94 22.99 22.79 22.80 22.77 22.85 22.89 22.89 22.90 22.87 22.86 22.81 22.86 22.83 22.81 22.79 22.82 22.81 22.83 22.80 22.79 22.79 22.73 22.76 22.75 22.80 22.81 22.84 22.74 22.73 22.76 22.77 22.68 22.56 22.82 22.93 22.93 22.87 22.90 22.85 22.73 22.78 22.77 22.76 22.77 22.81 22.80
23.15 23.12 23.12 23.15 23.11 22.95 23.04 23.12 23.14 23.17 23.19 23.22 23.25 23.25 23.24 23.29 23.30 23.25 23.23 23.23 23.30 23.33 23.25 23.22 23.31 23.28 23.18 23.06 22.97 22.80 22.81 22.85 22.78 22.81 22.83 22.89 22.85 22.86 22.86 22.79 22.81 22.79 22.82 22.81 22.79 22.79 22.80 22.80 22.83 22.84 22.87 22.82 22.76 22.70 22.71 22.78 22.86 22.84 22.72 22.70 22.73 22.81 22.81 22.75 22.71 22.94 22.94 22.94 22.89 22.79 22.76 22.76 22.77 22.81 22.71 22.79 22.89
23.24 23.20 23.14 23.11 23.17 23.09 23.10 23.11 23.11 23.13 23.13 23.19 23.20 23.23 23.20 23.24 23.28 23.28 23.23 23.20 23.21 23.19 23.25 23.23 23.27 23.12 23.02 22.97 22.86 22.82 22.87 22.89 22.80 22.81 22.88 22.87 22.84 22.87 22.86 22.79 22.77 22.78 22.79 22.79 22.79 22.86 22.73 22.76 22.80 22.86 22.88 22.78 22.73 22.75 22.74 22.72 22.78 22.76 22.73 22.76 22.74 22.74 22.80 22.72 22.74 22.69 22.79 22.77 22.91 22.86 22.77 22.79 22.76 22.76 22.76 22.86 22.86
23.18 23.18 22.96 22.90 22.83 22.94 23.01 23.15 23.17 23.15 23.10 23.14 23.18 23.17 23.21 23.24 23.22 23.23 23.21 23.17 23.12 23.18 23.27 23.25 23.13 22.95 22.92 22.91 22.88 22.87 22.90 22.96 22.94 22.85 22.83 22.84 22.83 22.89 22.86 22.91 22.83 22.75 22.80 22.81 22.79 22.78 22.81 22.85 22.82 22.79 22.81 22.82 22.82 22.83 22.83 22.77 22.74 22.70 22.79 22.75 22.71 22.80 22.76 22.57 22.72 22.64 22.70 22.74 22.79 22.84 22.82 22.79 22.90 22.74 22.74 22.75 22.78
23.02 22.90 22.88 22.88 22.92 23.00 22.99 23.09 23.13 23.16 23.20 23.17 23.17 23.20 23.18 23.17 23.12 23.19 23.22 23.17 23.14 23.17 23.11 23.02 22.83 22.91 23.00 22.93 22.89 22.85 22.92 22.91 22.94 22.84 22.87 22.91 22.94 22.99 23.02 23.00 22.96 22.88 22.88 22.87 22.83 22.83 22.85 22.83 22.78 22.79 22.81 22.86 22.84 22.82 22.83 22.80 22.75 22.71 22.65 22.73 22.74 22.78 22.77 22.72 22.50 22.44 22.61 22.66 22.72 22.79 22.77 22.84 22.78 22.76 22.75 22.80 22.82
23.14 23.17 23.17 23.17 23.14 23.12 23.00 22.93 23.18 23.22 23.25 23.22 23.24 23.20 23.17 23.16 23.14 23.15 23.12 23.15 23.10 23.04 22.93 22.86 22.89 22.95 22.98 22.94 22.95 22.94 22.91 22.89 22.89 22.87 22.95 23.03 23.10 23.01 23.01 22.97 22.97 22.95 22.87 22.87 22.87 22.89 22.85 22.75 22.74 22.79 22.77 22.82 22.84 22.83 22.82 22.81 22.78 22.77 22.70 22.63 22.71 22.79 22.77 22.58 22.60 22.65 22.53 22.71 22.72 22.74 22.76 22.78 22.74 22.69 22.90 22.82 22.87
23.23 23.22 23.20 23.20 23.11 22.93 22.95 23.05 23.10 23.17 23.19 23.21 23.16 23.15 23.16 23.14 23.17 23.13 23.04 22.90 22.97 22.93 22.91 22.92 22.89 22.91 22.93 22.98 22.97 22.97 22.94 22.96 22.90 22.91 22.94 23.01 23.14 23.02 23.02 22.96 22.94 22.87 22.88 22.81 22.81 22.85 22.81 22.77 22.79 22.75 22.70 22.78 22.83 22.82 22.79 22.76 22.74 22.76 22.72 22.69 22.66 22.66 22.64 22.60 22.61 22.56 22.42 22.63 22.68 22.70 22.86 22.82 22.67 22.70 22.80 22.78 22.79
