main/data/irradiance/14.09.2023.grid
ncols 839
nrows 679
xllcenter 112.0500
yllcenter -43.9500
cellsize 0.0500
nodata_value 99999.90
[rows 170 to 203 of 679, columns 385 to 461 of 839]
24.00 23.91 23.98 23.97 23.98 23.90 23.89 23.87 23.93 24.02 24.03 24.04 24.04 24.10 24.08 24.07 24.11 24.00 23.92 23.98 23.97 23.95 24.00 24.02 24.01 23.84 23.97 23.98 24.02 24.02 24.02 23.87 23.88 23.85 23.87 23.90 23.96 23.96 23.96 24.01 24.04 24.05 24.10 24.09 24.01 23.96 23.74 23.71 23.87 23.78 23.77 23.78 23.84 23.90 23.89 23.89 23.83 23.95 23.93 23.49 23.30 23.46 23.37 23.38 23.26 23.27 23.31 23.55 23.47 23.63 23.88 23.91 24.03 23.98 23.78 23.75 23.54
24.00 23.87 23.91 23.94 23.96 23.99 23.92 23.97 23.93 23.98 24.02 24.02 24.01 23.95 23.93 23.99 24.04 24.04 23.94 23.98 24.03 24.03 24.01 23.96 23.96 23.96 23.93 23.89 24.02 24.05 24.07 23.99 23.87 23.88 23.81 23.84 23.89 23.88 23.87 23.95 23.95 23.95 23.98 24.02 23.98 23.89 23.83 23.86 23.75 23.81 23.76 23.75 23.78 23.82 23.85 23.89 23.91 23.91 23.81 23.93 23.76 23.33 23.30 23.34 23.35 23.34 23.31 23.37 23.51 23.44 23.43 23.27 23.23 23.51 23.67 23.88 23.94
23.95 23.99 23.94 23.86 23.92 23.90 23.84 23.90 23.87 23.88 23.89 23.92 23.92 23.91 23.86 23.92 23.97 24.00 23.98 23.95 23.99 24.07 24.06 23.98 23.92 23.98 23.95 23.86 23.83 24.05 24.01 24.01 23.99 23.98 23.89 23.75 23.82 23.93 23.93 23.93 23.92 23.96 23.95 23.96 24.02 23.98 23.85 23.86 23.91 23.93 23.86 23.95 24.46 24.15 23.83 23.89 23.90 23.83 23.88 23.89 23.88 23.73 23.39 23.33 23.42 23.24 23.31 23.39 23.48 23.42 23.32 23.45 23.63 23.43 23.17 23.31 23.32
23.94 23.93 23.83 23.89 23.85 23.85 23.93 23.87 23.88 23.86 23.85 23.80 23.80 23.85 23.86 23.91 23.97 24.01 24.00 24.02 24.02 24.07 24.00 23.97 24.02 24.05 24.05 23.96 23.76 24.03 23.94 24.02 24.01 23.91 23.88 23.71 23.81 23.92 23.96 23.98 23.95 24.00 23.98 24.03 24.07 24.12 24.07 24.08 24.14 24.02 23.96 24.03 24.09 24.28 23.80 23.83 23.89 23.88 23.90 23.90 23.84 23.70 23.63 23.37 23.32 23.26 23.41 23.45 23.40 23.49 23.47 23.51 23.61 23.58 23.47 23.50 23.30
23.90 23.90 23.75 23.87 23.79 23.81 23.75 23.75 23.84 23.87 23.81 23.82 23.74 23.85 23.92 23.90 24.00 24.03 24.00 24.01 24.04 24.06 24.05 23.97 24.06 24.07 24.08 24.00 23.98 23.96 23.94 24.02 23.93 23.91 23.96 23.88 23.89 23.91 23.97 24.00 23.99 24.04 24.02 24.07 24.16 24.17 24.18 24.32 24.38 24.37 24.25 24.43 24.34 24.02 23.75 23.68 23.74 23.86 23.81 23.73 23.72 23.81 23.66 23.44 23.16 23.38 23.46 23.48 23.45 23.47 23.51 23.48 23.53 23.53 23.45 23.59 23.49
23.87 23.83 23.83 23.87 23.82 23.83 23.74 23.79 23.83 23.82 23.83 23.78 23.77 23.87 23.90 23.99 24.04 24.04 24.04 24.04 24.04 24.03 23.98 24.06 24.04 24.04 24.08 24.06 23.96 24.00 24.00 23.96 23.94 23.94 23.97 23.89 23.85 23.90 23.95 24.05 23.99 24.04 24.13 24.14 24.19 24.19 24.19 24.29 24.28 24.35 24.34 23.98 23.88 23.83 23.87 23.63 23.68 23.84 23.91 23.79 23.75 23.61 23.54 23.59 23.17 23.29 23.42 23.48 23.37 23.28 23.39 23.48 23.39 23.45 23.61 23.41 23.42
23.87 23.88 23.88 23.88 23.72 23.72 23.65 23.87 23.85 23.85 23.88 23.87 23.95 23.92 23.92 24.01 24.03 24.02 24.01 24.00 23.98 24.00 24.00 24.01 24.02 24.06 24.06 24.00 23.83 24.06 24.06 23.96 23.94 23.92 23.99 23.96 23.89 23.93 23.98 23.99 24.04 23.98 24.03 24.06 24.04 24.07 24.06 24.14 24.29 24.32 24.39 23.99 23.80 23.84 23.76 23.75 23.75 23.81 23.89 23.63 23.59 23.65 23.57 23.60 23.31 23.52 23.50 23.42 23.36 23.16 23.34 23.50 23.44 23.49 23.29 23.29 23.39
23.92 23.91 23.85 23.90 23.85 23.81 23.80 23.85 23.84 23.74 23.84 23.88 23.95 23.99 23.97 23.99 23.97 24.00 23.98 24.02 23.99 23.95 23.94 23.99 24.06 24.05 23.98 24.02 24.01 24.06 24.03 23.95 23.86 23.82 23.92 23.98 23.92 23.94 23.99 23.92 23.93 23.78 23.85 23.93 23.98 24.06 24.07 23.99 24.04 24.19 24.19 23.93 23.91 23.85 23.77 23.81 23.82 23.90 23.87 23.89 23.77 23.65 23.49 23.74 23.67 23.30 23.69 23.37 23.35 23.19 23.38 23.43 23.44 23.40 23.31 23.27 23.26
23.87 23.83 23.83 23.85 23.72 23.53 23.80 23.82 23.84 23.62 23.87 23.94 23.97 23.99 24.00 24.00 23.94 23.94 23.98 24.03 24.00 23.97 24.00 24.00 24.04 24.06 24.01 24.01 24.02 24.01 23.95 23.92 23.94 23.79 23.82 24.00 23.95 23.98 24.04 23.93 23.82 23.90 23.89 23.91 23.88 23.92 23.97 23.94 23.88 24.00 24.15 23.98 23.92 23.90 23.81 23.81 23.90 23.95 23.93 23.83 23.77 23.65 23.76 23.90 23.87 23.79 23.77 23.51 23.42 23.37 23.40 23.40 23.32 23.41 23.38 23.34 23.32
23.85 23.84 23.84 23.88 23.82 23.79 23.84 23.81 23.84 23.86 23.91 23.94 23.94 23.96 23.93 23.96 23.94 23.96 24.00 24.02 23.93 23.90 23.99 24.03 24.00 24.01 23.99 23.98 23.93 23.95 23.86 23.99 24.00 23.97 23.92 24.01 23.90 23.90 23.96 23.93 24.00 23.95 23.93 23.87 23.87 23.87 23.92 23.87 23.89 24.05 23.81 23.88 23.88 23.86 23.77 23.70 23.86 23.93 23.96 23.96 23.92 23.91 23.91 23.82 23.87 23.83 23.65 23.48 23.31 23.31 23.18 23.29 23.54 23.35 23.37 23.37 23.63
23.83 23.80 23.79 23.84 23.83 23.83 23.87 23.91 23.85 23.85 23.87 23.86 23.89 23.82 23.86 23.89 23.95 23.98 24.02 23.99 23.93 23.90 23.95 23.96 23.94 23.96 23.93 23.96 23.94 23.87 23.83 23.94 23.98 23.89 23.81 23.97 23.94 23.95 23.94 23.95 23.93 23.95 23.96 23.90 23.84 23.95 23.90 23.81 23.77 23.86 23.78 23.85 23.86 23.79 23.77 23.81 23.72 23.85 23.95 23.90 23.88 23.90 23.90 23.80 23.89 23.82 23.36 23.40 23.28 23.29 23.40 23.47 23.76 23.53 23.28 23.46 23.73
23.80 23.82 23.82 23.87 23.90 23.89 23.87 23.85 23.85 23.84 23.87 23.89 23.75 23.84 23.89 23.96 23.97 23.97 23.98 23.96 23.76 23.90 23.91 23.89 23.92 23.91 23.90 23.92 23.85 23.82 23.82 23.97 23.90 23.92 23.89 23.92 23.87 23.96 23.98 23.97 23.94 23.92 23.93 23.91 23.90 23.92 23.90 23.89 23.92 23.84 23.87 23.87 23.90 23.85 23.76 23.82 23.78 23.85 23.88 23.80 23.95 23.92 23.90 23.83 23.77 23.83 23.55 23.57 23.58 23.34 23.37 23.42 23.81 23.74 23.50 23.70 23.71
23.80 23.77 23.81 23.83 23.88 23.86 23.88 23.84 23.84 23.83 23.86 23.78 23.89 23.81 23.72 23.92 23.90 23.92 23.80 23.89 23.93 23.88 23.90 23.91 23.89 23.91 23.92 23.93 23.70 23.87 23.92 23.92 23.80 23.87 23.95 23.95 23.87 23.89 23.94 23.92 23.93 23.84 23.90 23.89 23.95 23.96 24.21 24.05 24.07 23.90 23.92 23.96 23.90 23.80 23.76 23.80 23.81 23.82 23.75 23.77 23.83 23.85 23.86 23.85 24.02 23.92 24.19 24.21 24.10 23.87 23.57 23.74 23.85 23.70 23.61 23.79 23.77
23.79 23.78 23.82 23.86 23.83 23.82 23.80 23.79 23.87 23.87 23.90 23.86 23.88 23.71 23.84 23.90 23.90 23.95 23.97 23.92 23.90 23.87 23.86 23.86 23.84 23.89 23.90 23.92 23.70 23.88 23.92 23.90 23.85 23.87 23.87 23.97 23.89 23.86 23.89 23.96 23.95 23.84 23.99 23.93 23.90 23.87 24.09 24.18 24.27 24.09 23.80 23.85 23.87 23.82 23.74 23.69 23.81 23.80 23.72 23.73 23.79 23.87 23.93 23.88 23.91 24.04 24.29 24.31 24.33 24.27 23.76 23.77 23.80 23.76 23.74 23.82 23.78
23.76 23.79 23.78 23.86 23.78 23.78 23.77 23.77 23.83 23.82 23.87 23.85 23.84 23.86 24.06 24.01 23.94 23.95 23.97 23.93 23.88 23.89 23.86 23.84 23.87 23.86 23.88 23.83 23.68 23.90 23.63 23.87 23.96 23.84 23.86 23.94 23.90 23.86 23.82 23.92 23.96 23.80 23.89 23.94 23.95 23.95 23.97 24.25 24.14 24.22 23.83 23.77 23.78 23.77 23.82 23.75 23.79 23.78 23.77 23.75 23.82 23.83 23.83 23.79 23.87 23.93 24.02 24.20 24.27 24.31 24.20 23.90 23.86 23.82 23.82 23.84 23.83
23.76 23.74 23.78 23.80 23.76 23.74 23.70 23.72 23.83 23.86 23.86 23.83 23.82 24.04 24.09 24.07 23.83 23.87 23.92 23.90 23.87 23.85 23.92 23.92 23.90 23.82 23.67 23.71 23.87 23.91 23.95 23.97 23.95 23.86 23.83 23.89 23.90 23.83 23.86 23.77 23.85 23.98 24.24 24.21 23.96 23.90 23.81 23.99 24.27 24.26 23.81 23.67 23.76 23.78 23.80 23.78 23.75 23.60 23.58 23.65 23.75 23.85 23.87 23.73 23.77 23.90 23.97 23.90 23.86 23.84 24.28 24.26 23.95 23.88 23.84 23.93 23.90
23.75 23.72 23.78 23.75 23.77 23.75 23.71 23.74 23.78 23.80 23.80 23.80 23.84 23.92 24.00 23.93 23.88 23.86 23.90 23.88 23.86 23.91 23.94 23.87 23.72 23.45 23.64 23.86 23.93 23.95 23.94 23.83 23.86 23.85 23.83 23.89 23.85 23.89 23.90 23.82 23.92 24.30 24.33 24.33 24.30 23.96 23.70 23.81 24.02 23.97 23.66 23.68 23.61 23.71 23.60 23.56 23.51 23.62 23.66 23.69 23.74 23.75 23.77 23.84 23.81 23.84 23.87 23.91 23.91 24.00 23.94 24.07 24.01 23.91 23.62 23.65 24.21
23.73 23.65 23.66 23.66 23.70 23.72 23.73 23.71 23.78 23.85 23.81 23.80 23.82 23.83 23.92 23.89 23.95 23.89 23.91 23.90 23.94 23.98 23.87 23.81 23.78 23.67 23.76 23.90 23.92 23.98 23.99 23.95 23.88 23.88 23.87 23.91 23.90 23.90 23.86 23.72 23.96 24.32 24.30 24.31 24.32 24.26 23.86 23.70 23.69 23.76 23.69 23.51 23.59 23.68 23.55 23.57 23.54 23.60 23.66 23.62 23.68 23.73 23.73 23.67 23.80 23.81 23.80 23.85 23.84 23.99 23.96 23.94 24.22 24.03 23.62 23.71 24.13
23.72 23.64 23.65 23.69 23.70 23.72 23.71 23.76 23.82 23.83 23.99 23.92 23.81 23.77 23.85 23.99 23.85 23.91 23.87 23.85 23.85 23.94 23.99 23.87 23.75 23.69 23.73 23.72 23.86 23.91 23.91 23.92 23.89 23.87 23.86 23.91 23.94 23.95 23.85 24.00 24.02 24.18 24.18 24.20 23.63 23.79 23.80 23.76 23.69 23.77 23.67 23.57 23.56 23.62 23.52 23.60 23.57 23.60 23.57 23.62 23.66 23.70 23.75 23.73 23.73 23.83 23.85 23.85 23.79 23.92 23.96 24.12 24.29 24.31 24.09 24.15 24.20
23.72 23.71 23.73 23.70 23.74 23.67 23.72 23.81 23.84 23.95 24.04 24.06 23.83 23.84 23.88 23.93 23.93 23.97 23.98 23.87 23.85 23.81 23.86 23.81 23.72 23.69 23.71 23.75 23.75 23.51 23.75 23.84 23.82 23.88 23.87 23.82 23.96 23.97 24.05 24.06 24.06 24.12 23.83 23.75 23.69 23.72 23.79 23.80 23.75 23.74 23.64 23.63 23.62 23.60 23.53 23.48 23.53 23.61 23.61 23.64 23.65 23.61 23.64 23.64 23.73 23.77 23.80 23.73 24.12 24.00 23.95 24.18 24.27 24.31 24.27 24.25 24.22
23.71 23.75 23.76 23.78 23.69 23.70 23.74 23.76 23.80 23.83 23.96 24.00 23.94 23.89 23.86 23.84 23.84 23.91 24.09 23.97 23.86 23.82 23.84 23.81 23.80 23.75 23.72 23.79 23.88 23.84 23.91 23.94 23.87 23.89 23.94 24.08 24.18 24.22 24.11 24.05 24.03 23.89 23.81 23.84 23.81 23.78 23.72 23.74 23.76 23.75 23.73 23.71 23.65 23.63 23.59 23.54 23.57 23.70 23.66 23.60 23.51 23.48 23.46 23.75 23.83 23.82 23.67 23.90 24.28 24.30 24.22 24.20 24.23 23.86 24.24 24.26 24.27
23.72 23.75 23.73 23.71 23.73 23.73 23.66 23.76 23.79 23.81 23.79 23.95 24.04 24.03 23.99 23.97 23.95 23.84 23.97 23.97 23.84 23.83 23.73 23.84 23.89 23.94 23.83 23.77 23.85 23.93 23.92 23.99 23.96 23.90 23.89 23.95 24.02 24.10 24.13 24.10 24.03 23.95 23.87 23.84 23.86 23.85 23.79 23.57 23.56 23.54 23.71 23.71 23.57 23.66 23.63 23.53 23.53 23.71 23.77 23.67 23.67 23.59 23.60 23.76 23.80 23.88 23.58 24.25 24.28 24.24 24.29 24.09 23.98 24.10 23.76 24.25 24.25
23.74 23.74 23.75 23.72 23.77 23.75 23.73 23.74 23.78 23.81 23.77 23.89 23.97 23.95 23.94 23.98 24.01 23.88 23.90 23.89 23.85 23.84 23.80 23.90 24.05 24.00 23.86 23.86 23.87 23.92 23.91 24.00 24.03 24.08 23.90 23.87 23.94 24.00 24.06 23.99 23.95 23.92 23.89 23.89 23.92 23.87 23.83 23.82 23.77 23.67 23.51 23.70 23.70 23.63 23.58 23.56 23.54 23.51 23.66 23.59 23.55 23.58 23.87 23.83 23.71 23.79 23.89 23.91 23.96 24.27 24.29 24.30 24.25 24.28 24.19 23.75 24.16
23.76 23.70 23.75 23.75 23.75 23.78 23.78 23.76 23.79 23.82 23.82 23.89 23.86 23.89 23.88 23.90 23.93 23.94 23.93 23.88 23.79 23.79 23.80 23.85 23.89 23.95 23.88 23.87 23.94 23.92 23.93 23.98 24.00 23.93 23.92 23.83 23.85 23.81 23.78 23.81 23.92 23.95 23.92 23.92 23.92 23.89 23.82 23.80 23.76 23.71 23.62 23.65 23.71 23.67 23.62 23.58 23.61 23.64 23.61 23.53 23.54 23.55 23.51 23.58 23.70 23.68 23.91 23.94 23.98 24.01 24.00 24.20 24.15 24.18 24.23 24.13 24.09
23.76 23.76 23.73 23.72 23.73 23.75 23.79 23.78 23.80 23.82 23.94 23.83 23.86 23.92 23.88 23.91 23.86 23.94 23.94 23.89 23.87 23.89 23.90 23.89 23.92 24.02 24.12 24.10 24.01 23.93 23.89 23.94 23.93 23.93 23.90 23.82 23.81 23.77 23.70 23.80 23.90 23.98 23.94 23.89 23.86 23.83 23.83 23.76 23.71 23.72 23.69 23.70 23.70 23.67 23.63 23.55 23.54 23.67 23.62 23.61 23.62 23.59 23.54 23.63 23.60 23.78 24.02 23.95 23.90 23.93 23.98 24.10 24.20 24.24 24.25 24.25 24.23
23.79 23.79 23.79 23.72 23.71 23.71 23.75 23.80 23.79 23.82 23.87 23.80 23.80 23.81 23.82 23.84 23.84 23.90 23.88 23.87 23.90 23.86 23.79 23.83 23.89 23.87 23.83 23.95 23.90 23.82 23.81 23.88 23.83 23.84 23.90 23.85 23.83 23.77 23.57 23.82 23.95 23.94 23.92 23.88 23.87 23.78 23.73 23.74 23.69 23.73 23.65 23.62 23.65 23.65 23.67 23.66 23.56 23.61 23.69 23.65 23.61 23.70 23.71 23.75 24.10 24.06 24.11 24.19 24.14 24.06 24.18 24.18 24.20 24.20 24.21 24.21 24.06
23.84 23.81 23.82 23.80 23.74 23.72 23.73 23.79 23.83 23.85 23.81 23.83 23.81 23.78 23.82 23.88 23.82 23.90 23.93 23.92 23.84 23.89 23.86 23.93 23.93 23.88 23.76 23.82 23.93 23.79 23.81 23.79 23.86 23.81 23.85 23.88 23.88 23.87 23.81 23.77 23.82 23.88 23.85 23.90 23.89 23.80 23.73 23.73 23.72 23.63 23.60 23.49 23.56 23.69 23.74 23.77 23.75 23.75 23.79 23.82 23.84 23.87 23.86 24.06 24.05 23.92 24.16 24.19 24.16 24.19 24.20 24.19 24.18 24.19 24.22 24.14 23.78
23.86 23.83 23.78 23.80 23.72 23.70 23.71 23.71 23.78 23.83 23.79 23.84 23.84 23.83 23.82 23.88 23.89 23.88 23.88 23.97 23.98 23.96 23.90 23.84 23.96 23.99 23.86 23.84 23.82 23.79 23.76 23.79 23.83 23.83 23.84 23.86 23.79 23.80 23.80 23.77 23.73 23.76 23.73 23.85 23.82 23.85 23.82 23.75 23.76 23.71 23.57 23.52 23.57 23.75 23.82 23.88 23.86 23.70 23.82 23.92 23.92 23.92 23.92 24.12 24.05 24.01 24.09 24.13 24.15 24.19 24.18 24.13 24.17 24.17 24.19 24.20 23.85
23.84 23.78 23.77 23.84 23.78 23.71 23.78 23.80 23.80 23.80 23.78 23.82 23.87 23.88 23.88 23.89 23.90 23.90 23.89 23.91 23.87 23.90 23.91 23.91 23.94 23.92 23.84 23.83 23.83 23.82 23.83 23.82 23.80 23.81 23.85 23.84 23.80 23.78 23.80 23.78 23.77 23.78 23.70 23.83 23.85 23.89 23.87 23.87 23.83 23.80 23.63 23.45 23.66 23.70 23.75 23.88 23.89 23.87 23.75 23.87 23.85 24.00 23.97 23.94 23.88 23.87 23.87 23.87 23.93 24.11 24.15 24.06 24.15 24.14 24.12 24.08 24.06
23.80 23.78 23.77 23.77 23.78 23.70 23.73 23.76 23.78 23.78 23.79 23.83 23.88 23.85 23.85 23.89 23.91 23.86 23.85 23.92 23.85 23.83 23.85 23.90 23.93 23.90 23.87 23.84 23.88 23.83 23.90 23.86 23.83 23.82 23.85 23.82 23.83 23.83 23.82 23.78 23.81 23.81 23.76 23.83 23.89 23.87 23.90 23.87 23.80 23.71 23.58 23.47 23.73 23.67 23.74 23.78 23.75 23.76 23.71 23.83 23.84 24.04 24.01 24.07 24.09 23.99 23.97 24.17 24.16 24.16 24.14 24.14 24.13 24.11 24.08 23.96 24.10
23.88 23.84 23.85 23.83 23.78 23.69 23.64 23.75 23.83 23.80 23.83 23.83 23.87 23.84 23.84 23.91 23.89 23.85 23.80 23.77 23.79 23.80 23.85 23.90 23.87 23.81 23.88 23.88 23.90 23.92 23.89 23.88 23.90 23.89 23.86 23.79 23.78 23.75 23.73 23.76 23.79 23.81 23.80 23.83 23.90 23.92 23.87 23.81 23.77 23.70 23.50 23.42 23.51 23.63 23.67 23.64 23.70 23.71 23.77 23.87 24.02 24.03 23.98 24.03 24.09 24.13 24.17 24.16 24.14 24.13 24.13 24.12 24.12 24.12 24.02 24.10 24.07
23.87 23.84 23.82 23.82 23.79 23.75 23.71 23.71 23.75 23.77 23.79 23.79 23.83 23.78 23.78 23.82 23.81 23.79 23.75 23.76 23.79 23.78 23.77 23.79 23.78 23.73 23.76 23.81 23.90 23.92 23.94 23.90 23.91 23.89 23.88 23.81 23.79 23.72 23.68 23.73 23.83 23.80 23.85 23.82 23.88 23.87 23.85 23.79 23.78 23.80 23.61 23.50 23.53 23.63 23.61 23.55 23.58 23.71 23.77 23.85 23.98 23.96 23.93 23.88 23.94 23.94 23.89 24.09 24.11 24.12 24.12 24.13 24.10 24.08 24.07 24.11 24.10
23.87 23.84 23.77 23.79 23.78 23.80 23.83 23.74 23.77 23.90 23.83 23.97 24.03 24.01 23.96 23.83 23.76 23.77 23.75 23.79 23.79 23.71 23.71 23.78 23.76 23.73 23.67 23.76 23.79 23.87 23.89 23.84 23.84 23.84 23.79 23.75 23.67 23.66 23.66 23.73 23.84 23.82 23.84 23.79 23.85 23.81 23.73 23.68 23.71 23.77 23.62 23.44 23.50 23.59 23.65 23.63 23.67 23.65 23.76 23.71 23.87 23.87 23.85 23.67 23.70 23.60 23.60 23.65 23.76 23.81 23.96 24.09 24.08 23.71 23.95 24.05 24.02
23.89 23.88 23.88 23.83 23.82 23.78 23.75 23.75 23.74 23.83 23.90 24.12 24.11 24.05 23.81 23.73 23.71 23.73 23.77 23.81 23.75 23.71 23.72 23.72 23.77 23.76 23.68 23.77 23.72 23.74 23.75 23.73 23.68 23.69 23.69 23.73 23.69 23.71 23.77 23.84 23.86 23.88 23.82 23.72 23.77 23.74 23.71 23.67 23.67 23.70 23.67 23.47 23.59 23.60 23.59 23.60 23.62 23.62 23.62 23.65 23.80 23.82 23.80 23.63 23.65 23.58 23.62 23.68 23.75 23.76 23.81 23.69 23.59 23.58 23.71 24.01 23.96
