main/data/irradiance/14.03.2023.grid
ncols 839
nrows 679
xllcenter 112.0500
yllcenter -43.9500
cellsize 0.0500
nodata_value 99999.90
[rows 510 to 543 of 679, columns 616 to 692 of 839]
18.52 17.89 18.29 17.92 18.11 17.83 18.07 18.55 18.07 18.92 19.19 18.24 19.11 19.38 19.80 19.80 19.98 20.66 19.87 19.87 20.36 20.51 20.09 20.27 20.10 20.88 21.28 21.30 20.76 20.74 20.69 20.91 20.73 21.00 21.45 21.06 20.40 20.56 20.49 20.69 21.07 21.21 21.21 21.34 21.33 21.39 21.34 21.04 21.26 21.27 21.00 21.22 21.04 21.31 21.22 21.48 21.24 21.36 21.22 21.22 20.97 21.11 21.16 21.49 21.25 21.18 21.19 21.11 21.30 21.01 20.95 20.60 20.78 20.57 20.34 20.63 21.15
19.39 17.38 17.63 17.48 17.63 18.20 18.65 18.72 18.77 17.90 18.10 18.30 19.33 19.47 19.79 20.22 20.50 20.05 20.35 20.31 20.80 20.63 20.16 20.24 20.65 21.01 21.19 21.31 20.70 20.57 20.37 20.82 20.79 21.11 20.98 20.81 20.72 20.32 20.72 20.76 20.88 21.11 20.84 20.99 21.00 21.01 21.19 21.04 21.25 21.42 21.55 21.14 21.11 21.30 21.18 21.29 21.10 21.42 21.19 20.90 21.05 20.73 21.08 20.97 21.02 21.24 20.86 21.15 20.95 20.49 20.92 20.92 20.55 20.40 20.35 21.06 20.90
19.01 17.02 17.82 17.86 17.68 18.32 17.93 18.41 17.95 17.89 17.75 18.71 19.00 18.78 19.25 20.40 20.43 20.35 20.68 20.41 20.58 20.57 20.15 20.33 20.99 20.95 20.98 21.14 20.26 20.63 20.46 20.54 20.74 20.69 20.81 20.44 20.65 20.50 20.63 20.36 20.60 21.07 21.08 20.88 20.87 21.04 21.22 21.03 20.96 20.87 21.11 21.32 21.40 21.35 21.22 21.11 21.41 21.30 21.22 20.96 20.70 20.95 20.74 20.87 20.68 20.59 20.72 21.06 21.13 21.19 20.98 20.61 20.44 20.72 20.81 20.97 20.67
18.90 17.69 16.95 18.10 18.50 18.16 18.42 17.75 17.49 18.05 18.02 18.60 18.65 18.92 19.75 20.35 20.35 20.38 20.69 20.60 20.47 20.27 20.21 20.58 20.86 20.93 21.33 20.84 20.88 20.51 20.75 20.21 20.55 20.91 20.67 20.89 19.97 20.07 20.44 20.10 20.37 20.99 21.20 20.99 20.75 20.88 21.08 21.22 21.09 20.83 21.00 21.18 21.26 20.98 21.15 21.21 21.22 21.20 21.31 21.07 20.87 20.65 20.84 20.65 20.81 20.87 21.03 21.12 21.21 21.15 20.84 20.62 20.59 20.32 20.54 20.61 20.86
19.22 18.18 17.28 17.42 18.56 18.51 17.87 17.82 18.50 17.96 18.95 18.43 18.41 19.36 19.65 20.97 20.64 20.33 20.57 20.89 20.75 20.37 20.69 20.86 21.03 20.90 21.40 21.20 20.81 20.84 20.78 20.12 20.57 19.90 20.12 20.99 20.64 20.47 20.14 20.32 20.75 21.15 21.00 20.48 20.62 20.64 20.94 20.72 20.90 20.89 20.97 21.08 20.99 20.91 20.92 21.15 21.21 21.12 20.75 20.86 20.84 20.89 21.05 21.09 21.02 20.95 20.92 21.10 21.20 21.15 21.03 21.00 20.84 20.87 20.80 20.83 20.47
19.01 18.27 17.43 17.73 18.48 17.86 18.10 17.71 18.11 18.85 18.76 18.65 18.75 19.32 20.09 20.73 20.39 20.57 20.88 20.52 20.25 20.66 20.15 20.70 20.90 20.97 21.18 20.78 20.79 20.72 20.32 20.56 19.98 20.14 20.44 20.55 20.90 20.41 20.28 20.61 20.86 21.08 20.99 20.80 21.06 21.02 21.17 21.36 21.27 21.16 20.69 20.70 20.96 20.60 20.59 21.04 21.01 20.91 21.09 20.87 20.69 20.80 20.86 21.08 21.03 21.06 20.98 21.02 20.89 20.82 21.26 21.21 21.05 21.19 20.93 20.93 20.94
18.68 18.00 17.50 18.01 17.65 17.90 17.36 18.58 18.48 18.15 18.05 18.64 18.66 19.65 19.82 20.16 20.57 19.92 20.14 20.17 20.68 20.52 20.54 20.44 20.85 20.91 20.90 20.54 21.05 20.48 20.81 20.73 19.40 19.91 20.44 20.03 20.61 20.53 20.43 20.91 20.50 21.18 21.10 21.19 21.30 21.44 21.36 21.47 21.45 21.32 21.19 21.18 21.13 20.69 20.97 21.27 21.19 21.09 21.32 21.09 20.82 20.51 20.80 20.90 20.82 20.86 20.69 21.04 21.05 20.89 21.05 21.24 20.96 21.21 21.09 21.13 20.83
18.67 18.78 18.50 19.33 18.10 17.36 17.76 18.67 17.82 17.60 16.96 18.32 19.21 19.65 19.38 20.01 20.03 19.71 19.01 20.13 20.56 20.78 20.83 20.98 21.04 21.02 20.71 20.74 20.96 20.50 20.31 19.67 20.32 19.63 20.04 20.36 20.12 20.29 20.32 20.66 20.95 21.16 21.34 21.31 21.17 21.19 21.21 21.21 21.24 21.14 20.71 20.79 20.81 20.83 21.10 21.40 21.37 21.16 21.39 21.40 21.32 21.05 20.81 20.81 20.84 20.81 20.70 20.66 20.71 21.07 21.23 21.12 20.42 20.49 20.61 20.30 20.67
18.61 19.36 18.14 18.63 18.41 18.16 18.83 18.53 17.02 16.95 17.76 17.88 19.10 18.96 18.48 19.42 19.19 19.71 20.22 19.74 19.56 20.48 21.08 20.89 20.70 19.97 20.57 20.62 20.82 20.15 20.28 20.44 19.95 19.81 19.86 20.48 20.12 20.37 20.57 21.03 21.32 21.27 21.24 21.24 21.08 20.95 21.11 21.12 21.12 21.25 20.81 20.91 20.79 21.10 21.37 21.32 21.37 21.37 21.23 21.27 21.33 21.22 21.02 21.04 20.96 20.82 20.57 20.51 20.69 20.89 20.80 20.94 20.46 20.62 20.67 20.50 20.23
18.33 18.28 18.37 17.60 18.44 18.54 18.65 18.47 17.82 18.08 17.90 18.52 18.78 19.52 19.13 19.06 19.32 19.66 19.09 19.73 19.39 20.05 20.98 20.36 20.24 20.17 20.31 20.33 20.35 20.62 20.51 20.84 20.61 20.14 19.77 20.38 20.13 20.03 20.21 20.92 20.89 20.96 21.11 20.50 20.57 20.64 21.04 20.97 21.11 21.22 21.11 20.87 21.03 20.99 21.08 21.30 21.31 21.29 21.38 21.53 21.38 21.14 21.42 21.04 20.96 20.82 20.57 20.79 20.96 20.97 20.99 21.03 20.78 21.14 21.26 21.15 20.84
18.12 18.59 18.65 18.08 18.11 18.12 18.64 18.33 17.37 17.79 17.09 18.17 18.21 18.98 18.85 18.04 19.61 19.85 18.74 19.46 19.56 20.01 19.98 19.84 20.26 20.28 19.78 19.84 20.34 20.34 20.63 20.19 19.63 19.71 19.53 19.83 19.96 20.16 20.38 20.80 20.97 20.65 20.33 20.63 20.61 20.55 20.56 20.94 21.05 21.02 21.12 21.03 20.79 21.21 20.84 21.28 21.36 21.36 21.32 21.07 20.88 21.21 21.21 21.23 21.17 21.17 21.35 21.35 21.07 21.18 21.29 21.04 20.90 20.98 20.95 21.12 21.16
17.76 19.08 18.14 18.68 17.39 17.82 17.56 17.17 18.70 17.91 17.39 18.19 18.36 17.93 18.34 17.93 19.04 19.72 19.17 18.62 19.56 19.71 19.39 19.92 19.82 20.19 20.49 20.17 20.35 20.19 19.59 19.35 19.57 19.24 20.13 20.44 20.66 20.72 20.00 21.09 21.07 21.00 20.50 20.63 20.29 20.61 20.81 20.85 20.83 20.99 20.94 21.06 20.86 20.81 20.88 21.01 20.98 21.09 21.15 20.96 21.02 21.07 21.10 21.16 21.07 21.15 21.14 21.28 21.07 21.03 20.97 20.89 21.03 21.04 21.06 21.20 21.17
17.97 18.34 17.72 18.45 18.07 16.97 17.36 17.31 17.97 17.02 18.00 17.84 18.23 18.10 17.88 18.35 18.79 19.21 19.09 18.43 18.79 19.23 19.81 19.65 19.77 20.08 20.07 19.87 19.92 20.18 20.02 19.38 19.80 19.88 20.48 20.35 20.75 20.55 20.65 20.99 20.96 21.08 20.73 20.52 20.66 20.87 20.31 21.00 20.68 20.96 20.80 20.44 20.71 20.57 20.98 21.02 20.73 20.91 20.85 20.85 20.95 20.96 20.90 21.13 21.03 21.09 21.06 21.14 20.97 20.87 20.81 20.80 21.02 21.20 21.12 21.30 21.17
17.99 18.28 18.34 17.95 17.49 17.18 17.71 18.00 17.39 17.70 18.42 18.51 18.89 18.82 18.05 18.48 18.99 19.34 19.11 18.62 18.81 19.59 19.92 19.63 19.68 20.02 19.74 19.79 20.19 20.41 19.42 19.52 19.94 20.20 20.23 20.54 20.32 20.58 20.53 20.88 20.77 21.01 20.91 20.75 20.58 21.06 20.63 20.96 20.78 20.66 20.61 20.42 20.54 20.48 21.10 20.92 20.54 20.56 20.24 20.49 20.32 20.92 21.02 20.88 21.05 20.86 20.99 21.21 21.23 20.80 20.94 20.90 20.51 20.86 20.50 19.99 20.74
18.23 17.72 17.51 17.37 17.35 18.00 17.61 17.97 18.44 18.83 18.56 18.15 18.54 17.81 18.18 19.29 19.85 19.90 18.70 18.83 19.06 19.88 19.59 19.89 19.49 19.54 19.83 19.90 20.24 19.76 18.84 19.59 19.95 20.06 20.50 20.21 20.49 20.03 20.66 20.39 20.79 21.12 20.96 21.07 21.02 21.00 20.94 21.08 20.91 20.87 20.67 20.18 20.60 20.94 21.31 20.44 20.42 20.58 20.74 20.52 20.39 20.82 20.82 20.98 20.69 20.72 20.90 21.21 21.16 20.83 20.69 20.25 19.28 18.24 19.75 19.73 19.16
17.89 17.69 18.10 17.53 17.52 17.72 18.10 18.06 17.75 18.80 18.38 18.68 18.30 17.89 18.29 18.24 18.74 18.59 18.48 18.89 19.23 19.65 19.41 19.76 19.96 20.18 20.20 20.08 20.14 19.37 18.45 19.37 20.07 20.06 20.63 21.03 19.81 20.40 20.67 20.73 20.73 21.11 21.26 20.86 20.92 20.98 20.88 21.10 21.08 20.99 20.55 20.74 20.86 21.03 20.78 20.73 20.59 20.56 20.39 20.49 20.61 20.28 20.34 20.06 20.09 20.44 20.50 20.82 20.95 20.79 18.97 16.77 17.63 18.62 18.66 19.01 18.53
17.56 17.31 18.72 18.23 17.93 17.30 18.20 18.90 18.82 18.88 18.00 18.36 18.31 18.69 18.27 17.83 18.34 18.72 18.97 18.77 18.58 18.90 19.38 19.65 19.37 19.71 20.08 19.48 19.82 19.58 18.92 19.13 19.78 20.02 20.53 20.95 20.18 19.84 20.93 20.40 20.45 20.79 20.64 20.82 20.75 20.99 21.21 21.24 20.94 20.99 21.03 20.50 21.04 20.92 20.73 20.84 20.58 20.31 19.72 19.45 19.11 19.12 20.34 19.45 19.84 19.34 19.74 20.80 20.71 21.11 20.47 18.70 18.93 18.74 16.63 16.99 18.48
17.81 17.69 19.27 18.95 17.64 17.58 18.84 19.64 19.33 18.84 18.81 18.33 18.36 18.97 18.83 18.19 18.12 18.06 19.10 18.43 18.48 18.62 19.25 19.68 19.06 19.05 19.45 19.01 19.13 19.74 19.07 18.85 19.36 19.92 20.11 19.45 19.77 20.45 20.05 20.19 19.94 20.67 20.72 20.97 21.11 21.08 21.17 20.97 21.08 21.10 21.22 21.06 21.07 20.73 20.77 19.76 20.14 19.26 19.65 19.29 19.03 19.27 19.98 18.49 18.75 19.12 19.43 19.27 20.43 20.74 20.93 20.06 19.94 18.26 16.34 16.19 17.36
17.25 18.08 18.79 19.21 17.82 17.76 18.73 19.28 19.50 18.93 17.82 17.88 18.13 18.25 16.88 18.80 18.23 18.41 18.90 18.55 18.30 19.50 19.78 19.57 18.70 19.36 19.33 19.83 18.73 19.62 19.46 18.96 18.93 19.40 19.46 18.61 19.67 20.22 18.58 19.78 20.68 20.61 21.06 21.20 20.98 21.26 21.21 20.95 20.93 21.13 21.15 21.11 21.12 20.54 20.43 18.99 18.83 20.20 19.35 19.41 19.04 19.12 19.85 19.25 19.95 19.11 19.24 19.46 20.41 20.18 20.74 20.70 20.86 20.22 18.43 18.44 19.79
17.54 17.46 19.07 18.57 18.04 17.32 18.46 19.58 19.91 19.12 18.19 18.08 17.38 16.64 17.06 18.40 17.59 18.59 18.38 18.76 18.32 19.28 19.58 18.43 18.42 19.35 19.44 18.78 19.44 19.00 19.68 19.08 19.66 19.30 19.49 19.73 19.99 18.61 18.92 21.09 20.72 20.15 20.58 21.14 20.88 20.86 20.87 20.89 20.81 21.09 21.21 20.81 20.95 20.51 19.54 19.84 20.13 19.79 19.75 20.07 19.95 18.99 20.48 20.71 20.67 20.29 19.97 19.71 20.21 20.47 20.51 20.71 20.75 20.68 19.93 19.52 19.69
17.65 17.65 17.97 18.39 18.30 17.91 18.18 18.75 19.35 18.77 17.53 17.08 16.72 17.47 17.14 17.74 18.05 18.72 18.40 18.48 18.48 18.64 19.32 18.31 19.36 19.55 19.83 19.18 19.44 19.38 18.36 19.33 19.14 19.59 20.09 19.53 18.65 18.47 20.29 20.61 20.12 19.74 20.57 21.13 20.78 21.10 20.57 20.76 20.97 21.26 21.10 21.08 20.42 20.33 20.63 20.47 20.07 19.07 18.99 19.52 20.08 20.47 20.65 19.63 18.93 20.15 19.80 19.89 20.45 20.49 20.79 20.94 20.80 20.44 20.67 20.82 18.94
17.15 17.80 17.18 17.99 17.94 17.93 17.72 18.10 18.57 18.40 17.26 16.55 16.76 16.98 17.21 17.93 18.37 18.41 19.07 18.61 17.53 18.04 18.26 18.12 19.50 19.01 19.42 18.96 19.11 18.49 17.94 18.25 18.84 18.87 19.52 18.86 19.04 19.78 20.42 20.68 20.04 19.57 20.62 20.81 20.67 20.71 20.62 20.89 20.99 21.00 20.84 20.55 19.84 19.93 20.09 19.93 19.58 19.23 19.88 19.75 20.09 20.42 20.32 20.70 19.26 20.11 20.10 20.39 20.39 20.75 20.87 21.01 20.67 20.26 20.62 20.65 19.94
17.58 17.44 16.89 17.51 18.43 18.24 17.37 17.71 17.52 17.60 17.70 17.12 16.93 16.68 17.83 17.56 17.53 17.33 18.46 18.93 17.77 18.83 18.32 18.19 18.37 18.76 18.77 18.87 18.63 17.39 18.17 18.50 18.85 19.42 19.82 18.81 19.47 19.49 20.02 19.75 19.84 20.00 20.39 20.86 20.72 20.72 20.84 20.85 20.78 20.71 20.78 20.26 19.46 19.96 18.67 19.37 19.49 19.80 19.38 19.44 19.86 20.06 19.20 20.34 20.45 20.29 20.69 20.98 20.97 20.71 20.93 20.86 20.63 20.43 20.13 18.66 20.18
17.44 17.62 16.88 16.69 17.26 17.79 17.58 17.80 17.32 17.99 17.93 17.60 17.11 16.69 17.70 17.71 16.85 17.30 18.20 19.08 19.08 19.36 18.50 18.22 18.53 18.93 18.52 18.91 17.45 17.25 17.75 19.08 19.31 20.01 19.27 19.15 19.47 19.71 18.99 18.81 20.23 20.06 19.96 20.71 20.36 20.25 20.69 20.65 20.61 20.86 20.76 20.11 20.29 19.42 19.50 20.24 20.44 19.99 20.13 19.30 19.56 19.82 20.38 20.77 20.64 20.51 20.02 20.25 20.78 20.40 20.77 20.86 20.80 20.06 19.59 20.23 20.96
17.09 17.85 17.00 15.77 16.74 17.14 18.84 18.29 16.87 17.38 17.79 17.48 17.10 17.27 17.23 17.13 17.05 17.85 18.19 17.91 18.72 18.26 17.59 18.83 18.93 18.58 18.40 18.53 17.20 17.72 18.50 18.90 18.48 20.11 19.39 18.76 19.68 19.05 19.69 19.53 19.58 19.36 19.59 20.64 20.21 19.72 20.59 20.57 20.79 20.90 20.79 20.64 20.35 19.74 19.43 19.81 20.63 20.04 20.17 19.68 20.58 18.85 19.97 20.70 20.57 20.06 19.07 18.15 19.37 19.88 20.47 20.85 21.02 20.02 19.17 19.98 21.21
17.44 17.40 16.65 16.43 17.40 17.36 18.34 18.22 16.31 17.36 17.36 17.80 17.93 17.76 16.87 16.52 16.28 17.13 18.55 17.93 17.71 18.26 18.38 18.11 19.27 19.10 17.99 17.10 17.51 18.27 18.28 18.13 19.08 20.04 18.94 19.19 19.72 18.43 19.13 19.11 18.96 17.46 20.32 20.09 19.69 20.33 20.75 20.73 20.84 20.60 20.33 20.75 20.38 19.59 19.59 19.89 20.41 18.80 18.81 19.45 19.90 18.87 20.56 20.34 20.36 18.90 17.90 19.10 20.09 20.16 20.27 21.06 20.97 19.47 19.23 20.51 21.15
17.34 16.97 16.66 16.76 17.37 18.29 18.56 17.57 15.85 15.66 17.15 17.14 18.55 17.89 17.43 16.35 17.03 18.01 18.74 17.56 17.62 17.77 18.58 18.20 18.80 19.10 18.68 17.52 16.80 17.95 18.16 18.88 18.47 20.13 19.76 19.54 19.22 19.38 19.36 19.19 17.10 18.59 19.66 19.73 19.98 20.63 20.70 20.70 20.66 20.49 19.74 19.73 20.11 20.19 20.43 20.30 19.91 17.72 17.31 18.72 17.47 19.45 20.72 20.19 19.24 15.83 18.29 18.14 17.59 16.23 18.61 20.89 20.97 20.66 20.70 20.42 20.98
17.06 17.38 17.59 17.89 17.63 16.80 16.42 16.26 15.41 16.31 17.06 17.05 17.80 17.80 17.06 17.03 17.85 17.88 18.42 18.42 18.83 18.73 18.44 17.87 18.52 18.30 17.88 18.15 17.91 17.77 17.65 18.69 17.80 18.78 18.90 19.94 17.99 19.55 19.42 18.56 18.36 19.38 19.26 19.06 19.79 20.51 20.72 20.97 20.16 19.73 19.87 19.86 20.62 20.62 20.44 20.40 18.47 15.58 18.00 17.33 17.46 20.00 20.32 20.41 16.26 16.53 16.27 17.31 17.70 17.84 20.25 19.95 19.99 20.51 20.83 20.77 20.47
17.50 17.48 17.58 17.37 17.44 16.80 17.09 16.93 16.61 15.25 16.77 16.47 16.67 16.38 17.32 16.23 16.81 17.71 18.61 17.96 18.49 19.01 18.84 18.41 17.54 18.58 18.28 17.43 17.98 17.34 18.29 18.59 18.61 19.52 20.28 20.04 18.42 19.71 18.97 18.42 19.04 19.40 18.82 18.47 20.04 20.56 20.60 20.65 20.30 19.65 19.87 19.91 20.43 20.17 20.08 20.09 19.33 16.30 16.98 16.22 18.40 16.34 19.38 20.08 17.78 16.67 17.53 17.42 15.10 18.43 18.32 20.23 18.09 19.55 20.40 18.66 17.28
17.17 16.14 16.22 17.50 16.84 16.88 17.03 16.83 16.29 16.66 16.90 16.24 16.91 16.84 16.62 16.64 17.99 18.26 18.39 18.62 18.50 18.77 18.76 17.53 16.73 16.63 17.21 17.24 17.11 17.02 17.82 18.61 18.20 19.34 20.14 19.43 18.87 19.51 18.97 18.48 19.28 19.14 18.74 18.53 19.69 20.77 20.80 20.45 20.25 20.31 19.83 20.04 20.37 19.36 19.70 19.86 18.69 17.33 16.08 16.88 17.11 18.46 19.33 19.95 16.23 18.85 17.84 18.21 14.35 17.93 17.87 18.68 20.59 20.03 19.97 16.63 14.90
16.64 15.68 16.37 16.79 17.28 17.11 17.55 16.69 16.12 16.04 16.71 16.71 17.04 16.40 16.60 17.55 18.06 17.78 17.58 18.01 18.90 17.95 18.18 18.14 17.33 16.83 18.22 17.60 17.42 17.80 18.10 17.94 18.86 19.22 19.44 18.72 18.89 18.39 18.30 18.86 18.94 18.63 18.11 19.51 19.42 20.80 20.79 20.30 19.52 20.21 19.09 20.32 20.01 19.02 19.71 19.59 16.25 15.49 16.09 17.80 18.06 18.98 19.70 19.72 17.68 19.38 18.46 19.12 17.65 17.16 17.57 16.32 18.92 18.04 16.15 18.10 17.19
15.44 16.04 15.79 16.68 16.51 16.45 16.86 17.14 15.88 16.59 16.45 16.78 17.37 17.17 16.82 17.58 18.16 18.72 18.55 18.25 18.56 17.49 17.92 18.81 17.66 17.20 17.56 18.01 18.29 17.80 18.21 18.25 19.28 19.04 18.82 18.77 18.33 18.94 17.41 18.60 18.67 18.94 18.43 18.71 19.49 20.53 20.50 19.44 18.88 19.81 19.62 19.78 19.84 18.82 19.22 18.96 17.77 15.17 15.81 16.90 18.49 19.89 20.04 20.22 20.09 19.78 19.64 19.22 17.97 19.33 19.58 17.26 14.39 15.58 15.37 14.59 18.75
16.27 16.34 16.09 17.08 16.77 16.93 17.21 17.20 17.91 17.54 16.74 17.15 17.84 17.83 17.56 17.53 17.44 18.26 18.69 18.00 18.05 17.97 17.04 18.93 18.23 18.16 18.71 18.30 18.75 17.60 18.26 17.78 19.04 18.33 19.22 18.23 18.29 19.01 17.95 18.55 18.63 19.28 19.04 18.86 20.21 20.19 20.05 19.86 19.53 19.57 19.08 19.82 17.84 17.76 18.27 17.94 16.87 14.56 17.06 16.67 17.86 20.05 20.45 20.60 20.24 19.43 19.22 19.10 19.13 20.20 18.72 17.86 16.25 14.88 16.60 17.47 15.47
16.11 16.34 16.81 16.01 17.08 17.71 17.74 17.56 16.71 17.69 16.69 17.94 18.21 18.21 17.54 17.88 17.80 18.53 18.42 17.98 18.15 17.77 18.21 18.42 19.05 18.65 19.00 18.72 18.27 17.65 17.70 18.47 18.23 18.25 19.04 17.54 17.77 18.28 18.63 17.91 18.03 18.08 19.34 18.94 19.67 20.13 19.93 19.45 20.52 20.07 19.88 20.19 18.77 19.11 19.07 17.84 17.09 16.24 18.26 17.48 18.73 20.25 19.89 20.59 20.83 20.56 20.34 19.99 19.30 18.09 17.95 16.74 14.85 14.89 16.27 13.87 12.68
