main/data/irradiance/14.04.2023.grid
ncols 839
nrows 679
xllcenter 112.0500
yllcenter -43.9500
cellsize 0.0500
nodata_value 99999.90
[rows 272 to 305 of 679, columns 312 to 389 of 839]
16.01 15.88 15.30 15.76 14.58 13.21 13.44 13.83 13.58 13.25 13.63 14.24 13.73 13.43 13.34 14.22 13.92 14.14 14.08 13.95 14.19 15.51 14.58 13.96 15.03 15.87 15.42 15.49 15.48 14.62 15.55 15.92 16.03 16.31 17.25 16.68 15.88 15.56 16.49 15.98 15.85 15.56 14.42 13.49 15.30 16.46 15.92 15.53 14.92 15.73 16.17 15.73 15.91 16.44 16.01 16.30 16.55 17.02 16.80 16.20 17.40 17.40 17.26 17.24 17.05 17.57 17.00 17.88 17.05 17.17 17.22 18.44 18.53 18.27 18.03 18.17 17.98 17.89
16.24 16.02 16.15 15.87 14.37 13.36 13.51 13.52 13.10 12.97 13.69 14.31 14.47 14.23 13.93 13.87 13.53 13.39 13.50 13.15 13.56 14.93 14.08 13.41 14.36 15.01 15.12 14.99 15.09 15.63 15.63 15.73 16.21 16.29 16.60 16.72 15.66 15.94 16.17 17.12 16.48 15.42 14.42 14.83 16.23 16.04 15.81 15.28 14.41 15.08 15.74 15.80 15.71 16.28 16.05 15.93 15.99 15.97 17.01 16.69 17.71 17.16 16.97 17.11 17.13 17.50 17.06 17.37 17.30 17.68 17.73 17.88 17.95 17.80 17.82 18.47 18.14 18.12
16.39 16.04 16.17 15.26 14.42 14.00 13.87 13.69 12.51 13.07 13.81 13.99 14.67 14.61 14.79 14.50 13.46 13.50 14.45 14.60 13.54 12.78 13.73 13.27 14.86 14.88 14.58 14.42 15.05 15.98 15.41 15.76 16.32 16.79 16.79 16.52 16.35 16.39 17.28 17.40 16.24 15.44 14.74 15.85 16.82 17.52 17.28 16.54 15.13 14.31 15.29 15.01 15.22 15.88 15.92 16.39 16.08 16.62 16.42 17.22 17.39 17.29 17.09 16.51 17.69 17.58 16.96 17.46 17.65 17.47 17.18 16.96 17.73 17.71 18.46 18.86 18.15 17.90
16.10 15.42 16.04 15.57 14.46 14.04 14.30 13.57 13.56 13.43 14.19 14.76 15.39 14.25 14.56 14.30 13.65 13.89 14.37 14.91 14.12 13.29 13.20 14.23 13.91 14.95 14.80 14.07 14.42 15.40 15.08 16.03 16.07 16.17 16.06 16.58 16.54 16.10 16.64 17.07 15.74 15.95 16.80 16.76 16.91 16.77 17.38 16.66 14.83 14.21 14.69 14.91 15.59 16.00 16.34 16.61 16.15 16.31 16.36 17.47 17.82 17.82 17.34 17.66 17.71 16.86 17.46 17.42 17.84 17.34 17.28 17.14 17.66 17.77 18.01 18.36 17.94 17.99
15.64 16.06 16.30 15.35 14.26 14.21 14.43 13.96 13.41 13.62 14.54 15.05 14.97 14.03 14.00 14.09 13.33 13.49 13.79 14.69 14.42 13.60 13.00 13.86 14.20 14.56 13.74 12.87 15.58 15.66 15.22 16.02 16.08 16.07 15.81 16.34 16.76 15.81 16.32 17.29 16.68 15.99 16.41 17.29 16.99 16.06 16.74 16.30 14.94 14.54 14.58 15.03 15.19 16.54 16.46 17.05 16.93 16.03 17.02 17.09 17.90 18.10 17.42 17.82 17.45 16.78 16.57 16.43 17.21 17.18 17.72 17.82 17.71 18.41 17.96 18.29 18.29 18.53
15.22 15.35 15.34 14.50 13.00 13.40 14.08 13.72 13.71 14.74 14.95 14.85 14.31 14.58 13.53 13.21 13.06 12.93 13.53 14.18 13.80 13.39 11.77 14.13 14.17 14.04 13.42 14.00 14.92 15.53 15.39 16.55 15.72 15.63 16.07 16.88 16.93 15.93 16.31 16.72 17.21 16.66 16.70 16.37 16.63 16.39 16.53 16.70 16.09 15.60 15.20 15.28 16.48 15.65 16.43 16.20 16.43 16.57 17.29 17.77 17.97 17.51 17.70 17.13 18.01 16.85 16.94 16.49 17.26 17.59 17.45 17.15 17.08 18.14 17.61 18.24 18.77 18.64
13.58 13.76 13.16 13.32 12.48 13.39 13.97 13.80 13.96 14.31 14.58 14.59 14.45 14.43 13.12 11.76 12.65 13.27 13.12 13.64 13.46 12.88 13.86 14.15 14.08 13.67 13.55 13.51 13.05 15.09 15.47 16.05 16.28 16.50 16.49 16.52 17.01 17.05 16.73 16.49 16.79 16.74 16.20 15.85 16.32 16.45 16.02 16.58 16.46 16.46 15.95 15.61 16.31 15.43 15.87 16.18 16.76 17.32 16.93 16.51 17.63 17.68 17.30 17.20 16.68 16.45 17.08 17.01 16.85 18.12 17.71 16.91 17.18 17.99 18.36 18.06 18.21 18.72
13.56 13.35 12.58 12.54 12.74 14.26 14.92 14.78 15.14 14.61 15.02 14.71 14.33 14.17 13.37 11.72 13.04 13.49 12.32 13.03 13.32 14.70 14.65 14.56 13.56 13.36 14.02 13.38 13.34 14.13 14.73 15.23 16.34 17.06 16.92 15.98 16.57 16.80 16.35 16.72 16.64 16.38 15.55 16.12 16.21 15.58 16.22 17.02 17.76 17.18 16.69 16.31 15.52 15.36 15.88 16.12 16.97 16.85 16.30 16.16 17.20 17.63 17.44 16.89 16.48 16.87 16.84 16.84 16.87 17.48 17.42 17.46 17.08 17.57 18.28 18.39 18.34 18.63
12.86 13.09 12.98 13.41 14.37 14.21 15.66 15.16 15.19 14.97 14.88 15.53 15.26 14.62 14.07 13.11 13.25 13.57 12.29 13.22 13.96 15.38 15.10 14.46 12.68 12.48 13.14 14.15 13.11 13.49 14.91 15.53 16.27 15.24 15.56 15.89 16.58 16.57 15.81 16.12 15.23 16.16 15.91 15.78 15.88 15.67 17.26 17.99 18.15 17.59 17.07 16.41 16.09 15.79 16.46 16.48 16.46 17.13 16.62 16.28 17.05 17.35 17.56 16.84 16.87 17.66 16.79 17.16 18.18 17.70 17.55 17.57 17.27 17.87 18.51 18.57 18.62 18.70
13.15 14.23 14.94 14.70 14.75 14.79 14.95 15.00 15.47 15.37 14.89 14.91 14.56 15.04 13.98 12.71 12.67 13.67 13.04 13.63 14.45 14.74 14.45 13.76 13.73 13.54 14.11 13.89 13.46 14.72 14.33 16.39 15.80 13.15 14.69 16.46 16.35 15.76 15.60 15.21 15.37 15.64 15.51 15.24 16.23 16.39 17.37 17.82 17.83 17.94 16.57 15.84 16.30 16.03 15.49 16.22 16.01 16.54 16.77 16.42 16.65 16.18 17.21 16.76 17.10 17.42 17.29 17.47 18.43 18.16 18.46 18.09 17.78 18.31 18.61 18.10 18.79 18.89
15.79 15.93 14.39 14.45 14.41 14.62 15.01 15.58 16.02 15.42 14.85 14.13 13.62 13.89 12.67 12.09 13.10 14.13 14.54 13.31 13.84 13.96 14.34 14.73 14.76 14.55 14.04 13.22 14.52 15.53 15.04 15.65 15.73 14.55 15.32 15.74 15.59 15.13 14.88 14.92 14.90 14.99 15.23 15.67 16.08 15.66 16.65 17.52 17.54 16.97 17.00 16.82 17.19 16.31 15.92 15.72 15.59 15.32 15.99 15.81 15.95 16.31 17.45 17.68 17.59 17.39 17.56 17.36 18.32 18.20 18.12 17.38 18.32 18.41 18.50 17.83 18.66 18.40
15.10 14.51 14.05 14.24 13.61 13.70 14.48 15.30 15.65 14.49 14.18 13.51 13.10 13.37 13.02 12.47 13.17 13.80 14.63 14.39 14.67 14.38 14.95 16.22 14.40 13.87 12.57 13.68 14.04 13.43 12.70 14.34 15.04 15.43 15.05 15.26 15.29 14.78 14.30 14.60 14.20 14.57 15.52 15.34 15.62 15.82 16.43 16.39 16.70 16.58 17.10 17.55 17.38 16.43 15.83 15.25 15.38 15.14 15.17 15.37 15.49 16.44 16.96 17.41 17.63 17.48 17.20 17.57 18.22 18.17 17.40 17.61 17.93 18.05 18.80 18.46 18.24 18.18
13.55 13.63 13.76 13.52 13.49 13.73 13.76 14.64 13.86 13.65 13.45 12.82 12.43 13.11 13.49 12.25 12.72 13.78 14.35 14.54 15.08 15.54 15.06 15.24 13.13 12.36 11.73 12.50 12.38 12.97 12.82 13.03 13.17 14.50 14.91 14.75 15.02 14.26 13.62 13.45 13.77 14.26 14.90 14.72 15.53 16.05 16.42 15.67 15.78 16.54 17.41 17.62 17.30 16.50 15.75 15.21 15.36 15.31 15.59 15.38 14.88 15.63 16.65 17.58 17.53 17.72 17.63 17.78 18.29 18.49 17.74 17.62 18.17 18.49 18.30 17.17 17.14 16.85
13.65 12.84 13.14 13.55 13.23 12.92 13.27 13.45 13.86 13.88 13.10 12.37 12.24 12.80 13.06 11.83 12.60 13.11 13.64 13.75 14.23 14.72 14.20 12.97 12.84 11.57 11.86 12.03 11.98 12.15 12.42 11.75 12.51 14.12 13.79 13.73 14.77 13.86 12.06 13.11 13.36 13.67 14.48 14.57 14.85 15.38 16.22 16.01 15.85 15.79 16.90 17.14 17.15 16.53 16.14 15.82 14.73 15.93 15.48 16.03 15.07 15.78 16.12 16.90 17.33 17.89 18.04 17.90 18.09 18.41 18.00 17.79 17.58 17.30 17.78 17.19 16.69 16.52
14.42 14.41 13.82 13.97 13.89 13.29 13.55 13.12 12.84 13.48 12.78 12.37 12.37 11.84 10.94 11.89 12.87 12.52 12.84 13.40 13.73 13.31 13.36 12.89 12.05 12.03 12.39 11.54 11.34 11.59 12.46 13.27 13.11 13.02 13.04 12.23 13.64 13.53 12.99 13.81 13.53 13.05 13.28 13.94 13.83 13.19 14.79 14.98 15.34 16.08 16.72 16.58 16.87 16.01 15.83 15.52 14.80 15.20 15.37 15.52 15.38 14.67 14.64 16.22 17.20 17.39 17.51 17.75 18.27 18.41 18.18 17.62 17.48 17.29 17.67 16.73 16.52 16.73
14.03 14.63 14.25 14.12 14.26 13.85 13.75 13.01 12.94 13.68 13.62 12.20 12.31 12.24 11.74 12.32 12.01 12.58 13.31 13.75 13.64 12.86 12.37 12.15 11.78 11.77 12.14 12.21 12.05 11.65 12.83 13.84 13.91 13.31 12.49 12.07 12.76 13.71 13.35 13.23 13.11 13.22 12.84 12.45 12.91 12.93 13.33 14.02 15.13 16.01 17.00 16.17 15.60 15.23 15.58 15.16 15.97 15.81 15.04 15.30 14.83 14.43 15.09 16.27 16.87 17.27 17.00 16.98 17.22 17.62 17.20 17.58 17.35 17.15 16.76 16.55 15.58 16.52
14.25 14.40 14.02 14.31 14.26 13.58 12.22 11.81 12.60 13.86 13.77 13.05 13.02 13.98 13.04 13.19 12.70 13.47 13.64 14.73 13.83 13.34 12.24 11.64 11.87 11.98 12.03 12.52 12.78 12.34 12.65 13.07 13.65 12.30 11.86 11.66 12.81 12.88 12.49 13.30 13.67 13.34 12.55 12.09 13.33 13.62 13.50 14.09 14.96 15.65 15.50 15.60 16.08 14.17 14.83 15.22 16.25 15.26 15.02 15.08 14.55 14.44 15.23 15.71 16.19 16.60 16.58 16.15 16.84 16.95 16.81 16.63 16.72 16.21 16.26 16.85 15.66 16.20
13.57 14.13 13.81 14.17 14.49 13.59 11.72 11.60 12.93 14.33 14.45 13.59 13.92 13.97 13.39 12.74 13.57 13.58 13.42 13.64 13.68 13.10 11.59 11.27 11.85 12.49 13.06 13.04 13.25 13.26 12.64 12.65 11.77 10.73 10.90 11.66 12.32 11.26 11.57 12.88 13.91 13.61 12.60 12.90 13.26 13.22 13.57 14.86 14.56 14.72 14.82 15.45 15.27 14.47 14.70 15.57 15.85 15.68 15.25 15.02 14.21 14.29 15.75 16.19 16.28 16.23 16.27 15.68 15.56 15.72 16.03 15.89 15.44 15.99 15.86 16.19 16.48 15.78
13.00 13.59 13.62 13.79 13.56 12.60 11.37 11.86 12.59 14.64 14.67 13.50 14.04 14.24 14.33 13.71 14.48 13.60 13.25 13.76 13.33 12.30 11.51 11.48 12.02 12.92 13.30 12.65 13.06 13.45 12.30 11.49 11.44 11.44 11.19 11.18 9.97 10.27 11.59 12.59 13.24 13.58 13.58 12.98 13.55 13.41 13.28 13.70 14.41 14.64 15.16 15.18 15.47 14.80 15.20 15.93 15.93 15.65 15.34 15.22 15.08 15.10 15.52 15.70 16.12 16.19 15.25 14.44 14.73 15.03 14.89 14.24 14.12 15.21 15.79 16.26 15.87 16.12
12.71 13.99 14.54 14.63 14.29 13.46 12.40 13.36 13.23 14.44 14.82 13.99 14.27 14.90 13.50 12.91 13.23 12.79 12.45 12.59 12.16 12.38 12.34 12.88 13.60 13.22 13.35 11.21 11.75 12.26 11.71 11.50 11.32 11.18 10.57 10.38 8.59 9.77 10.32 11.76 13.03 13.51 13.30 12.77 14.30 13.85 13.46 14.04 13.90 14.15 14.92 15.12 14.41 14.79 14.77 14.65 14.96 16.05 16.18 15.90 16.25 16.13 15.95 15.80 16.31 15.30 15.12 14.13 14.20 14.67 14.99 14.04 14.46 15.38 16.45 16.52 15.77 16.41
13.48 14.41 14.96 14.73 13.76 14.08 13.42 13.52 11.97 12.72 13.63 13.64 14.21 14.14 12.73 12.50 11.67 11.29 11.83 12.49 11.65 10.98 12.37 13.53 13.78 12.72 12.52 11.36 10.71 10.82 11.35 10.97 9.96 10.29 9.23 8.07 8.43 9.74 10.62 10.75 13.03 13.22 13.11 13.67 13.30 13.92 13.61 12.77 13.46 13.35 14.37 13.91 14.03 14.10 14.17 15.06 15.11 15.84 15.62 15.55 16.98 17.09 16.86 16.67 16.72 15.59 14.57 13.66 14.86 15.25 14.64 14.77 14.97 15.79 15.88 16.29 16.88 16.90
12.82 14.43 14.17 14.51 13.61 13.10 12.29 12.06 12.62 12.54 13.11 12.79 12.85 12.91 12.20 11.43 10.59 10.93 11.44 11.58 11.27 10.93 12.12 13.01 13.45 12.32 12.61 11.78 9.63 9.21 11.20 10.67 10.79 10.86 10.37 9.86 10.59 11.49 12.36 13.50 13.28 14.29 14.05 13.27 13.35 13.49 13.92 13.07 13.08 13.00 12.70 12.86 14.24 13.80 14.76 15.57 15.86 15.37 15.49 15.49 15.57 15.65 16.77 16.97 16.48 15.56 14.79 14.52 14.72 15.08 14.47 14.91 15.39 15.85 16.41 16.80 17.40 17.18
11.29 11.92 12.54 13.47 13.09 12.67 12.57 12.14 11.88 12.16 11.67 11.43 11.84 12.96 11.95 11.10 10.51 11.40 10.50 10.53 11.48 11.34 12.15 13.03 12.85 12.60 12.39 12.34 9.90 10.12 9.67 10.82 10.37 10.66 10.51 10.73 11.05 11.34 11.92 12.20 13.18 13.91 13.54 13.21 12.37 13.18 13.28 12.57 11.95 12.14 11.66 13.42 14.65 13.99 15.12 15.51 15.51 15.69 15.90 15.97 15.23 15.49 15.68 16.65 15.97 14.99 13.93 14.17 14.91 14.05 14.71 14.33 15.29 15.49 16.30 16.64 17.28 17.05
11.55 11.76 12.06 12.10 11.93 12.36 12.08 11.73 11.48 11.51 11.48 11.48 12.60 12.74 11.85 11.42 10.96 10.89 10.18 10.64 11.36 11.26 12.39 12.13 11.84 11.86 11.04 12.68 10.78 10.75 9.87 10.47 10.24 10.27 10.64 11.44 11.45 10.82 11.33 11.82 12.91 13.21 13.40 13.16 12.94 11.64 11.13 10.99 11.40 11.60 11.68 13.96 14.44 14.76 15.22 15.74 16.17 15.99 15.26 16.10 15.53 15.50 15.18 15.16 14.83 15.05 15.13 14.89 15.47 14.16 14.92 14.68 14.82 15.77 16.60 17.19 17.24 16.70
12.37 12.20 11.87 11.90 10.94 11.33 11.22 11.47 11.03 11.21 11.41 11.58 11.83 11.75 11.40 10.12 10.18 10.31 10.15 11.12 11.03 11.26 10.64 11.58 11.30 11.87 11.04 10.97 10.12 10.73 10.36 10.71 10.92 10.95 10.57 12.03 11.78 10.99 12.31 12.30 12.12 12.72 13.04 12.55 13.09 12.82 10.65 11.29 11.03 11.88 12.67 14.37 13.87 14.77 14.99 15.74 15.72 15.40 16.02 15.71 15.41 15.04 15.22 14.76 13.55 14.33 16.03 15.56 15.83 15.44 14.94 15.01 15.20 16.15 16.36 16.50 17.20 16.58
10.83 10.96 11.28 11.18 11.02 11.03 11.15 11.41 11.56 11.10 11.37 10.56 9.91 10.91 10.07 9.45 10.25 10.84 10.87 11.59 11.16 10.99 11.25 11.90 12.50 11.82 11.38 10.28 10.63 9.95 9.18 9.92 10.70 11.06 10.67 11.44 10.82 12.40 12.27 12.59 12.80 12.49 12.23 11.80 12.43 11.81 10.44 11.54 11.69 12.82 13.86 14.46 14.12 14.59 14.47 15.42 15.36 15.32 15.95 15.74 14.74 15.38 14.27 14.53 13.58 14.09 15.11 14.97 14.87 15.31 15.78 15.34 15.60 16.02 15.90 16.33 16.56 17.28
10.54 9.46 9.73 10.11 10.73 11.25 11.62 11.05 10.94 10.57 9.03 8.65 9.07 9.29 9.35 9.19 9.81 10.83 10.69 10.82 11.65 11.62 11.42 11.55 11.88 11.53 11.94 10.85 10.76 11.19 9.71 10.62 10.72 10.25 10.15 11.80 11.42 12.21 12.26 11.60 12.18 11.65 11.49 11.21 12.48 11.78 11.20 12.29 12.39 12.55 13.96 14.16 14.36 14.28 14.72 15.53 15.36 15.41 15.62 14.88 14.24 14.30 13.68 13.99 14.59 14.35 14.56 14.39 15.24 14.00 14.73 15.76 16.04 15.56 16.15 16.17 17.01 16.75
10.91 10.15 10.13 11.14 12.15 11.76 10.48 10.18 9.92 9.12 7.85 7.33 8.53 9.16 9.41 10.59 11.51 11.81 12.30 12.05 11.36 11.59 11.18 12.43 12.53 12.07 11.33 10.32 10.68 10.03 9.52 10.61 10.40 10.07 10.89 11.26 11.40 11.92 11.63 11.90 12.26 11.58 11.53 10.61 11.81 11.40 11.04 11.86 11.57 12.85 13.50 13.70 13.37 13.99 14.52 15.66 15.34 14.83 14.97 14.61 13.18 13.67 13.83 13.37 14.49 14.06 13.69 14.97 15.10 14.26 14.24 15.55 15.80 16.01 15.21 15.93 16.17 16.05
10.57 11.12 11.50 12.53 12.24 11.33 9.86 9.52 9.17 8.59 9.16 8.36 9.02 10.23 11.51 11.24 11.34 12.42 12.77 12.61 12.88 11.95 10.81 11.95 12.47 11.21 10.59 9.84 9.76 10.07 10.14 10.28 11.38 11.46 10.75 9.44 10.75 11.34 12.45 11.72 11.76 11.36 10.36 10.08 10.77 11.61 11.16 12.07 12.64 12.49 14.19 13.90 12.93 13.56 14.70 14.92 15.37 14.65 14.19 14.31 13.39 12.31 13.23 13.02 13.68 14.42 14.23 14.81 15.07 14.77 15.16 15.70 16.13 16.31 16.20 16.32 15.98 15.48
10.44 10.81 10.96 11.56 11.57 11.07 9.64 9.36 8.82 8.35 8.71 8.95 8.69 10.20 11.80 10.99 11.56 12.27 12.24 12.31 13.18 12.32 11.57 11.85 12.46 10.27 10.04 9.76 10.05 10.64 10.07 9.85 10.02 9.61 9.65 9.52 10.81 12.20 12.50 12.46 12.77 11.41 10.83 11.02 11.09 11.30 11.62 11.88 12.90 13.47 14.22 14.27 13.88 14.12 14.88 14.60 14.76 14.46 13.68 14.12 13.63 13.26 13.65 12.79 13.78 13.90 14.48 13.69 15.26 15.11 15.24 16.20 16.05 15.78 16.36 16.12 16.28 15.47
10.18 10.39 9.86 10.15 9.38 9.44 8.52 8.37 8.01 8.39 8.79 10.10 9.63 10.78 12.06 11.60 11.31 11.33 11.69 11.93 12.44 12.77 12.77 12.59 12.28 11.06 10.31 10.24 10.79 10.85 9.87 10.02 9.86 9.52 10.23 11.08 11.89 12.57 12.55 12.94 12.14 11.12 11.44 12.13 10.63 11.59 11.24 12.63 13.46 13.68 14.05 14.48 14.41 14.12 13.80 13.93 14.54 13.46 13.50 13.30 13.30 13.97 13.39 13.66 14.19 13.61 14.16 14.86 14.60 15.13 15.78 16.72 16.14 15.82 15.62 15.70 15.64 14.88
11.08 9.47 9.71 8.21 6.91 7.46 8.19 8.30 8.18 7.95 7.90 9.91 10.91 12.49 12.48 11.05 10.18 10.26 10.16 11.42 12.57 12.68 12.53 11.32 11.67 11.39 9.75 8.40 9.45 10.27 9.80 10.71 10.66 10.88 11.26 11.06 11.95 13.32 12.86 12.01 11.74 12.31 12.98 12.91 11.32 10.84 12.08 12.25 13.39 13.82 13.95 14.57 14.82 14.63 13.96 13.92 13.98 13.38 13.24 13.15 13.47 14.21 13.85 14.18 13.70 14.18 14.71 14.34 15.51 15.50 15.53 16.17 16.00 15.73 14.90 15.76 15.61 14.95
11.17 9.36 9.91 7.64 6.28 6.48 7.44 8.05 7.56 7.87 9.04 10.41 11.49 11.27 11.15 10.38 10.17 9.93 10.49 11.27 11.62 11.72 10.69 11.14 11.75 11.75 9.52 8.43 8.58 9.50 9.94 11.29 11.55 11.72 11.49 12.09 11.92 13.16 13.50 13.20 13.63 13.48 13.37 12.08 12.04 11.37 10.82 11.00 12.70 13.82 14.21 14.26 14.87 14.44 14.30 13.33 13.39 12.86 12.71 13.09 13.34 13.71 13.74 13.03 13.76 14.51 14.50 14.57 15.07 15.72 14.78 15.34 15.67 15.92 15.79 15.01 15.40 14.55
11.52 11.20 10.34 7.90 6.57 5.65 6.23 6.43 7.66 8.35 8.37 8.37 9.50 9.43 9.73 10.59 10.44 9.55 11.22 10.40 10.41 10.28 9.84 10.93 12.69 11.93 9.85 9.32 8.35 8.96 10.46 10.97 11.05 11.29 11.12 11.53 12.33 13.28 13.82 13.65 12.71 12.61 11.99 10.49 11.55 12.11 10.80 11.65 12.86 12.85 13.13 14.01 15.02 14.10 14.05 13.54 12.09 12.66 13.26 13.24 12.59 13.41 13.27 13.12 14.06 14.71 14.44 14.53 15.05 14.22 14.79 15.59 16.35 16.41 15.14 14.51 15.01 15.46
