main/data/irradiance/14.03.2023.grid
ncols 839
nrows 679
xllcenter 112.0500
yllcenter -43.9500
cellsize 0.0500
nodata_value 99999.90
[rows 510 to 543 of 679, columns 693 to 769 of 839]
21.10 20.50 20.10 19.86 20.26 20.41 20.85 20.37 20.22 20.34 19.45 20.01 20.37 21.02 20.99 19.94 20.25 19.71 19.39 20.28 20.42 20.07 20.57 20.91 20.28 19.49 19.42 20.18 20.66 20.43 19.09 19.39 18.88 20.65 19.96 19.44 19.72 20.90 20.94 20.37 18.55 19.50 17.08 16.77 16.32 15.00 13.50 13.91 12.95 16.05 15.08 13.33 13.31 15.48 14.51 14.55 14.05 11.32 10.88 10.76 10.56 10.83 11.82 13.06 12.27 9.53 9.71 9.72 10.05 10.28 10.64 11.10 12.17 11.91 11.91 11.91 11.47
20.54 20.53 19.94 19.79 20.20 20.26 20.35 20.45 20.55 20.00 20.36 20.10 20.67 20.90 20.65 20.38 19.97 19.31 20.59 20.90 21.25 20.56 20.77 20.64 19.76 18.90 19.16 20.09 20.35 19.91 19.24 20.35 20.95 19.55 20.03 20.84 20.51 20.67 20.61 20.96 18.82 19.09 18.94 17.49 17.04 15.46 13.48 12.17 12.36 15.19 15.24 14.62 13.71 13.87 15.41 15.90 13.64 10.96 10.97 11.88 12.67 12.06 11.18 11.37 10.89 10.16 10.88 11.05 10.76 11.30 11.73 12.05 12.10 11.91 11.91 11.91 11.91
20.87 20.95 20.08 19.87 20.24 20.31 20.56 20.23 20.28 20.75 19.87 21.00 19.61 20.71 21.08 20.60 20.19 20.53 20.40 21.16 21.51 21.13 20.19 20.41 20.49 18.95 20.03 19.26 19.96 19.15 18.96 20.13 20.31 18.84 16.08 19.70 20.35 19.07 19.81 19.57 19.71 19.10 19.36 17.57 15.90 14.58 13.07 13.15 12.11 14.33 16.18 15.15 14.42 14.89 16.69 17.15 13.43 10.64 11.12 12.83 14.31 13.29 11.76 10.79 10.34 11.35 10.59 9.95 10.70 10.70 11.07 12.14 11.81 11.81 11.81 11.91 11.91
20.71 20.95 20.34 19.45 20.31 20.23 20.24 20.54 20.76 20.48 20.70 20.77 20.57 20.82 21.14 21.03 20.17 20.59 20.46 21.29 21.43 20.38 19.99 19.94 19.83 20.30 20.48 19.07 19.24 19.93 19.64 19.96 19.64 17.86 17.57 18.67 19.43 19.04 19.44 17.93 20.56 20.74 19.68 17.40 15.94 16.37 15.61 15.52 13.37 14.44 15.60 15.64 14.11 14.80 16.97 17.36 15.10 10.70 11.65 12.70 13.41 13.91 12.49 11.05 10.18 10.34 10.00 10.90 11.74 12.21 11.60 12.36 11.81 11.81 11.81 11.81 11.81
20.41 20.40 20.15 19.98 20.78 20.32 20.54 20.96 20.50 20.79 20.74 20.95 21.26 21.01 20.86 20.77 20.53 20.97 21.05 21.46 21.36 20.68 20.25 20.18 20.79 20.91 20.86 20.26 19.13 19.80 19.63 20.68 20.32 18.86 17.84 17.90 18.13 19.18 19.47 20.61 20.36 20.14 20.91 19.17 18.71 18.63 18.12 16.82 16.51 15.31 15.33 16.93 14.12 14.68 17.12 17.91 13.78 10.85 11.34 12.35 12.81 14.23 14.04 12.74 11.61 10.73 9.98 11.87 12.93 13.19 11.60 12.36 12.36 11.81 11.81 11.81 11.81
20.48 20.27 20.18 20.48 20.63 20.44 20.65 20.95 20.72 21.01 20.93 21.01 21.34 20.85 20.89 20.89 20.60 20.27 21.27 21.46 21.05 19.95 20.68 20.93 20.98 21.04 20.68 19.31 18.72 18.75 18.99 20.73 19.44 19.64 19.24 17.84 17.70 18.74 19.20 20.41 19.37 20.24 21.30 19.52 20.29 19.52 19.72 18.91 17.04 17.11 14.09 16.92 15.48 16.16 16.47 16.70 15.04 10.77 11.08 12.74 12.17 13.77 13.85 13.00 10.48 10.99 10.10 11.53 13.01 12.53 13.07 13.07 13.07 12.36 11.81 11.81 11.81
20.41 19.98 20.09 20.33 20.68 20.86 20.68 20.77 20.99 21.19 21.06 21.08 21.35 21.48 21.41 20.71 20.60 20.85 21.46 21.29 20.82 19.90 20.85 20.92 20.92 20.53 20.55 18.07 18.58 18.08 18.13 19.51 17.57 19.40 20.51 18.75 16.58 18.16 20.23 19.84 18.31 19.19 20.61 18.94 20.69 20.34 18.89 20.07 18.95 17.19 14.90 16.22 18.60 17.07 14.65 17.19 15.57 11.27 12.04 13.28 12.61 12.19 13.58 13.70 11.73 11.68 11.33 11.70 13.23 12.78 13.07 13.07 13.07 13.07 13.07 11.81 11.81
20.11 20.23 19.95 19.80 19.83 20.11 20.32 20.80 20.94 21.17 21.19 21.33 21.38 21.40 21.40 20.86 20.72 20.95 20.80 21.40 21.15 19.70 20.26 20.49 20.54 20.62 20.01 17.97 19.73 20.42 19.99 18.86 19.79 19.87 20.21 18.63 15.78 18.61 20.00 20.34 20.23 20.00 20.56 20.45 20.95 20.79 20.25 20.43 19.62 18.23 15.76 16.74 18.98 18.01 16.21 17.13 13.61 12.74 13.84 15.18 13.38 12.74 12.06 11.58 12.19 12.80 12.73 12.67 13.24 12.78 12.78 13.07 13.07 13.07 13.07 13.07 13.07
20.26 19.69 20.26 20.02 20.58 20.40 20.36 20.80 20.99 20.97 21.21 21.28 21.40 21.38 21.59 21.18 20.13 21.11 20.76 21.26 20.85 19.49 19.88 20.20 20.08 20.40 20.36 18.50 19.76 20.55 20.48 20.23 19.57 20.33 19.86 17.96 16.94 17.88 19.39 19.06 19.16 20.53 20.42 20.71 21.28 20.69 20.81 19.64 20.14 18.99 15.71 17.16 19.42 18.82 17.33 16.79 15.46 12.63 15.09 15.25 14.59 13.93 11.51 12.93 13.21 12.50 11.92 13.47 13.47 13.47 13.47 12.78 13.07 13.07 13.07 13.07 13.07
20.42 20.24 20.16 20.29 20.86 21.16 20.75 20.80 20.99 20.97 21.01 20.84 20.90 21.44 21.51 21.31 21.31 21.30 20.75 21.27 20.92 20.58 20.63 20.53 20.63 20.82 20.36 19.85 19.95 20.43 20.41 20.52 20.84 20.86 20.27 17.29 16.85 18.31 17.04 18.44 18.91 20.72 20.30 20.89 21.06 20.86 20.11 19.80 20.42 19.54 15.89 17.63 19.20 18.80 18.94 18.62 16.71 12.83 13.72 14.54 14.04 13.61 12.05 12.03 11.57 13.10 13.06 12.32 13.86 13.86 13.86 13.86 13.86 13.07 13.07 13.07 13.07
21.06 21.06 20.67 20.90 21.16 21.31 21.11 21.26 21.26 21.10 21.01 21.35 20.74 21.19 21.31 21.19 21.42 21.31 21.16 21.01 21.23 21.35 21.06 20.97 20.88 20.67 20.28 20.30 20.02 20.17 20.24 20.24 20.61 20.83 19.98 18.10 16.62 17.60 17.39 18.53 18.58 19.39 19.01 19.79 20.85 20.92 19.21 20.16 20.73 18.63 16.97 17.33 19.25 19.02 19.00 19.06 17.66 13.46 13.48 13.35 14.15 14.83 11.80 11.07 11.07 13.21 13.76 12.94 13.86 13.86 13.86 13.86 13.86 13.86 13.86 13.07 13.07
21.04 20.96 21.18 21.14 21.43 21.16 21.17 21.26 21.29 21.10 21.16 21.50 21.30 21.06 21.21 21.10 21.43 21.28 21.15 21.11 20.36 21.12 21.30 20.92 21.07 21.01 20.90 20.84 20.92 20.68 20.86 20.66 21.08 20.10 19.57 17.04 16.00 17.00 18.31 19.36 19.47 19.00 18.50 19.48 20.39 19.61 18.49 20.32 20.53 19.30 17.76 17.71 19.16 19.02 18.84 19.40 17.16 15.08 12.14 13.23 14.35 14.20 13.09 12.53 13.37 13.73 13.72 12.81 12.81 14.52 14.52 14.52 14.52 14.52 14.52 14.52 14.52
20.95 20.92 21.00 21.25 21.39 21.24 21.03 21.03 20.97 20.82 21.14 21.35 21.16 20.94 21.14 21.20 20.97 20.99 20.10 20.77 20.55 21.00 21.27 21.12 20.54 21.10 21.16 20.94 21.14 21.02 19.97 19.65 20.30 18.68 18.39 17.34 15.80 17.34 19.81 20.02 20.52 20.46 18.81 19.32 19.39 18.61 19.53 20.29 20.65 19.15 16.20 17.61 18.62 19.80 19.65 19.07 17.50 13.17 13.16 15.16 15.02 16.14 15.69 13.42 12.89 14.52 14.04 13.86 14.52 14.52 14.52 14.52 14.52 14.52 14.52 14.52 14.52
20.55 20.34 20.53 21.08 21.21 21.18 21.11 21.11 20.97 20.82 21.46 21.35 20.61 20.84 20.54 20.30 20.21 20.18 20.17 21.27 21.04 21.23 21.17 21.20 20.88 20.83 21.20 21.23 21.07 21.29 20.72 19.24 17.73 16.09 15.75 15.63 16.22 18.14 19.91 20.08 20.43 20.18 19.65 19.62 19.06 19.80 19.79 20.59 20.64 19.18 17.05 17.83 18.17 19.29 19.91 19.93 18.17 14.39 12.90 15.53 15.03 15.19 14.37 13.65 13.17 13.74 13.71 14.20 14.10 14.10 14.10 14.10 14.10 14.10 14.10 14.10 14.10
19.32 20.25 20.30 21.00 21.30 21.14 21.07 21.18 21.18 21.16 21.21 21.36 20.58 20.71 20.29 20.00 20.30 20.94 21.07 21.34 21.37 21.34 21.40 21.20 21.17 20.78 21.44 21.35 21.38 21.34 21.10 19.66 15.60 13.24 13.03 16.44 17.68 19.05 19.54 19.84 20.29 20.48 18.78 18.51 19.47 19.67 19.23 19.65 19.86 19.49 17.00 16.11 17.04 19.67 19.95 19.56 18.53 15.83 14.03 16.45 15.66 15.37 14.87 15.28 13.41 13.33 13.55 14.56 13.87 13.87 13.87 13.87 13.87 13.87 13.87 13.87 13.87
18.56 20.25 20.27 20.93 21.12 20.17 20.73 20.99 20.72 20.89 21.16 21.08 19.72 20.37 20.71 19.96 20.33 21.36 21.44 21.30 21.49 21.57 21.57 21.43 21.44 21.29 21.27 21.40 21.40 21.40 20.79 18.81 14.13 12.27 14.16 14.84 17.15 19.03 18.75 19.85 19.52 20.55 18.92 18.57 20.30 19.80 19.45 19.65 19.41 18.36 16.69 17.13 19.56 20.17 20.76 19.73 18.09 15.53 13.53 16.27 15.61 16.53 14.29 14.58 12.80 11.93 13.56 13.28 13.72 13.72 13.72 13.72 13.72 13.72 13.72 13.72 13.72
19.55 20.53 20.92 20.96 20.35 19.56 20.86 20.90 20.09 20.15 21.10 21.06 19.99 20.01 20.62 19.86 21.01 21.33 21.35 20.57 20.97 21.32 21.58 21.47 21.36 21.42 21.43 21.43 21.49 21.45 20.77 18.29 16.34 13.81 12.66 13.14 16.74 18.94 19.47 19.29 19.56 19.55 18.00 20.00 20.70 20.51 19.94 19.64 19.84 18.64 18.91 18.81 20.06 20.33 20.92 20.26 18.37 18.13 14.58 14.19 15.34 16.00 14.18 13.40 12.62 11.73 11.23 13.13 13.72 13.72 13.72 13.72 13.72 13.72 13.72 13.72 13.72
18.38 19.08 20.38 20.83 19.46 20.25 21.05 20.76 20.22 20.33 20.93 20.61 20.41 20.31 19.72 20.83 20.12 20.66 19.89 20.52 20.55 21.42 21.53 21.43 21.43 21.38 21.45 21.41 20.99 21.04 20.82 19.23 17.12 12.64 11.84 12.29 15.67 18.75 20.05 19.02 18.92 17.98 19.69 20.53 20.61 20.61 20.52 20.30 19.96 19.32 19.56 19.44 20.01 20.02 19.24 20.42 19.93 19.07 18.42 13.96 13.95 14.97 12.39 14.33 13.00 11.24 11.74 13.61 13.61 13.61 13.72 13.72 13.72 13.72 13.72 13.72 13.72
18.63 17.70 18.70 20.62 20.29 20.55 21.12 20.86 20.44 20.93 20.84 20.87 20.35 19.75 19.97 19.41 20.22 20.45 19.80 19.51 21.02 21.45 21.47 21.35 21.27 21.27 21.44 21.36 20.73 20.85 20.35 16.10 12.83 11.87 12.95 12.40 15.27 18.19 19.75 19.14 18.48 18.30 19.32 19.85 20.17 20.30 20.03 19.95 19.44 19.97 19.14 19.71 19.70 19.73 19.42 19.06 16.30 17.60 18.76 17.15 16.28 15.95 14.11 16.38 13.86 13.22 13.63 13.35 13.35 13.35 13.35 13.35 13.72 13.72 13.72 13.72 13.72
17.15 19.70 19.79 20.04 19.45 20.48 20.93 20.55 20.38 20.89 20.94 20.72 20.85 20.90 20.93 20.59 19.85 18.63 19.16 19.29 19.42 21.04 21.32 20.96 20.92 21.18 21.33 21.49 21.10 20.49 16.05 10.15 9.17 13.06 13.88 14.08 16.27 17.94 19.20 18.20 18.00 18.27 17.99 19.09 19.97 20.09 20.27 19.49 19.62 19.64 19.64 19.52 19.51 18.99 18.63 17.62 16.70 17.72 19.12 17.79 17.36 18.21 16.50 16.54 14.92 14.53 13.34 13.35 13.35 13.35 13.35 13.35 13.35 13.35 13.35 13.72 13.72
17.54 19.92 18.83 19.30 18.57 20.49 20.90 20.59 20.13 20.95 21.00 20.73 21.08 21.11 21.18 20.81 19.91 18.85 20.50 20.51 19.70 20.10 20.62 20.83 21.27 20.72 20.07 20.80 21.05 20.50 16.03 11.68 10.22 9.99 13.74 15.60 17.07 18.03 18.00 18.06 18.07 17.15 17.67 18.51 19.38 20.58 19.53 19.38 19.41 18.86 19.47 20.08 19.62 18.59 18.30 18.62 15.51 17.15 17.66 16.93 16.45 16.68 16.46 15.74 13.89 13.56 12.75 12.75 12.75 13.35 13.35 13.35 13.35 13.35 13.35 13.35 13.35
20.33 20.47 19.24 20.07 20.77 21.13 20.98 20.86 20.34 20.61 21.10 21.02 21.27 21.19 21.15 21.06 21.09 21.20 21.08 20.80 19.49 17.64 17.35 19.85 18.94 16.85 17.60 21.19 20.88 20.11 17.09 14.03 10.79 10.42 13.38 16.59 17.06 17.96 17.26 17.08 17.43 17.88 18.08 19.14 18.69 19.59 19.95 19.09 19.02 18.87 19.52 19.52 19.91 18.97 16.68 15.36 16.18 18.63 19.09 15.48 17.21 16.89 17.07 16.24 16.36 15.58 14.42 14.42 14.42 14.42 14.42 13.35 13.35 13.35 13.35 13.35 13.35
21.01 21.12 20.81 21.13 20.86 20.59 20.76 20.63 20.92 19.24 20.52 20.66 21.25 21.26 21.15 21.02 21.04 21.09 21.25 21.07 18.06 15.59 17.03 15.81 14.30 15.25 17.62 20.29 20.41 20.12 18.31 14.80 12.61 13.69 14.29 15.54 15.84 16.57 15.69 17.08 17.50 17.46 17.70 18.88 17.79 19.29 19.37 18.56 18.44 17.93 19.48 19.82 19.97 19.90 18.30 16.52 14.11 18.38 20.34 19.10 19.41 17.23 16.65 16.90 16.57 16.36 14.42 14.42 14.42 14.42 14.42 14.42 14.42 14.42 13.35 13.35 13.35
21.12 20.39 20.84 21.14 20.89 19.93 18.93 19.47 20.90 20.45 17.96 19.32 20.82 20.39 21.17 21.14 21.08 21.13 21.31 20.94 18.03 17.61 19.07 17.56 15.68 18.07 19.57 20.90 17.36 14.15 16.96 15.39 14.94 15.25 15.26 15.77 16.41 17.43 17.12 17.34 16.76 17.13 17.24 18.05 18.90 19.11 18.36 19.13 19.40 18.96 20.11 20.37 20.67 19.66 19.23 15.21 12.13 17.94 20.80 20.70 19.44 18.12 17.42 16.53 17.14 17.14 17.14 17.14 14.42 14.42 14.42 14.42 14.42 14.42 14.42 14.42 14.42
20.77 17.89 19.93 21.02 21.03 20.93 19.81 19.61 20.25 20.58 20.21 17.83 16.34 20.12 20.99 20.44 19.58 19.93 20.93 20.96 18.44 18.57 16.96 16.37 16.84 16.58 17.56 17.19 12.87 14.26 12.62 14.03 17.35 16.03 15.51 16.73 17.34 17.19 16.80 16.27 16.39 17.39 17.13 17.50 18.18 19.46 19.32 18.77 18.54 19.16 20.59 20.85 20.96 20.47 20.50 16.57 12.03 13.97 18.34 20.30 18.83 19.53 18.75 17.13 16.33 17.23 17.23 17.23 17.23 17.23 14.42 14.42 14.42 14.42 14.42 14.42 14.42
20.86 18.19 20.46 20.83 20.80 19.76 20.22 17.85 18.26 20.92 18.42 14.25 15.92 18.71 20.79 20.22 20.68 20.63 20.36 20.75 20.20 17.25 14.19 15.28 15.88 14.03 12.99 12.94 14.89 13.86 14.95 15.29 15.39 16.84 16.68 17.47 17.83 17.29 16.13 16.48 17.02 17.24 16.84 17.38 18.13 18.96 18.73 17.97 19.37 19.86 20.64 20.66 20.78 20.65 20.60 17.31 14.32 12.37 15.05 19.50 19.95 18.70 18.60 17.12 15.29 17.23 17.23 17.23 17.23 17.23 17.23 17.23 17.23 14.42 14.42 14.42 14.42
21.17 20.71 19.07 20.71 19.84 20.32 19.21 17.62 18.35 17.54 15.38 16.95 13.73 17.07 19.27 18.96 21.00 20.42 19.85 19.54 19.85 16.31 15.82 15.51 15.03 15.55 14.19 14.71 14.14 13.57 16.70 15.95 15.99 17.79 17.44 17.87 17.40 16.40 17.54 16.77 16.51 16.74 16.99 17.61 18.14 18.12 17.47 18.43 19.42 19.87 20.35 20.54 20.48 20.54 20.25 19.22 15.64 13.40 14.46 15.19 18.70 17.93 17.77 17.56 16.00 16.00 16.00 17.23 17.23 17.23 17.23 17.23 17.23 17.23 17.23 17.23 14.42
20.79 18.51 17.89 19.76 18.70 17.66 17.88 17.55 15.27 13.80 12.06 14.06 14.33 13.32 15.87 19.69 18.81 19.03 20.54 19.23 17.61 15.69 14.97 13.78 13.86 15.43 14.16 14.34 14.54 15.06 17.72 17.54 16.75 18.25 17.83 17.25 16.04 17.51 17.84 16.71 16.28 16.70 17.55 18.41 18.77 19.08 17.84 19.13 19.51 20.37 20.46 20.41 20.45 20.70 19.24 19.50 18.66 17.13 16.77 15.73 16.77 16.37 17.21 17.82 16.00 16.00 16.00 16.00 16.00 17.23 17.23 17.23 17.23 17.23 17.23 17.23 14.42
19.85 17.48 18.38 18.91 17.58 17.53 14.26 15.33 12.53 12.72 12.72 13.13 15.05 16.45 17.96 19.56 18.19 19.40 19.45 18.73 15.20 14.29 14.03 13.47 13.05 12.65 13.72 14.71 15.95 14.41 16.62 17.48 17.58 17.90 18.15 16.57 16.67 17.71 18.86 18.97 17.43 18.14 18.02 18.07 18.84 19.08 18.85 19.68 19.45 19.52 19.85 20.16 20.36 20.40 19.10 17.86 17.99 17.63 17.88 17.46 16.44 15.08 17.32 18.05 18.05 17.92 17.92 17.92 17.92 17.92 17.92 17.92 17.23 17.23 17.23 17.23 14.42
17.70 18.71 15.55 12.82 12.38 14.95 11.54 12.42 12.07 12.93 14.53 16.14 14.62 15.67 17.36 18.35 18.15 18.70 19.03 17.65 17.60 14.91 14.73 13.08 14.20 15.48 14.67 15.90 16.26 16.17 17.11 17.58 18.25 18.31 17.38 16.29 15.15 17.18 18.27 18.86 18.82 18.14 19.32 17.64 18.73 19.32 19.28 19.81 19.17 19.72 20.11 20.11 20.36 20.55 19.19 18.44 18.39 18.60 17.68 17.51 15.30 14.68 16.56 18.38 17.92 17.92 17.92 17.92 17.92 17.92 17.29 17.29 17.29 17.29 17.29 17.29 14.42
16.95 17.47 15.83 14.01 12.17 14.16 14.16 10.47 10.93 11.76 14.10 13.72 15.77 16.38 16.50 15.56 16.97 17.72 17.98 16.43 15.77 14.84 14.36 14.36 14.27 14.12 14.72 15.76 15.30 16.97 18.11 17.38 17.95 18.37 17.46 16.23 16.49 17.54 16.79 16.87 18.16 19.48 19.07 17.75 18.14 19.50 19.60 18.83 19.90 19.85 20.05 20.19 20.39 20.92 19.34 19.05 18.77 19.08 18.38 18.50 14.86 14.57 17.09 17.51 18.29 18.29 18.29 17.29 17.29 17.29 17.29 17.29 17.29 17.29 17.29 17.29 14.42
18.62 15.59 15.75 13.89 15.83 15.54 12.40 12.20 11.95 13.76 14.78 13.29 14.95 14.39 14.37 15.53 16.69 16.84 16.61 16.32 15.35 15.20 16.37 13.98 14.16 14.30 13.05 13.90 15.77 17.21 18.61 18.46 18.23 17.51 19.05 17.81 17.96 17.39 17.51 16.74 18.00 18.56 18.66 18.13 17.96 19.12 19.41 18.70 19.83 20.14 20.03 20.39 20.94 21.11 19.53 18.32 18.82 19.36 19.02 17.63 17.17 15.97 17.40 17.42 18.29 17.29 17.29 17.29 17.29 17.29 17.29 17.29 17.29 17.29 17.29 17.29 14.42
11.75 15.01 14.13 17.34 18.05 16.43 15.05 12.63 13.00 10.13 12.43 15.23 15.31 15.29 14.81 15.22 17.88 18.04 16.57 18.32 17.05 16.48 16.51 15.50 12.82 15.20 17.01 17.00 17.07 18.17 18.28 18.51 18.93 18.90 18.56 17.69 16.86 16.83 17.70 18.14 17.47 17.79 17.93 18.17 18.88 18.01 18.87 18.82 20.22 20.64 20.75 20.50 20.48 21.22 20.57 20.37 19.20 19.22 18.48 19.24 18.21 16.93 15.90 18.30 18.58 17.29 17.29 17.29 17.29 17.29 17.29 17.29 17.29 17.29 17.29 17.29 99999.90
14.27 15.88 17.30 16.38 17.15 11.99 13.31 13.85 14.59 12.93 14.32 11.46 14.65 14.30 12.08 14.23 17.65 17.46 17.36 19.03 18.50 16.55 16.65 16.32 13.84 15.76 17.95 18.50 18.32 17.29 18.83 20.12 19.95 19.29 17.83 16.39 18.16 17.55 17.57 18.97 18.23 19.47 18.58 18.92 18.03 18.63 18.94 19.58 19.74 19.29 18.76 20.60 20.42 21.19 20.64 20.83 20.60 19.74 19.93 19.80 19.73 16.10 17.18 19.43 18.48 17.98 17.98 17.98 17.98 17.98 17.98 17.98 17.98 17.98 17.98 17.98 99999.90
