main/data/irradiance/14.03.2023.grid
ncols 839
nrows 679
xllcenter 112.0500
yllcenter -43.9500
cellsize 0.0500
nodata_value 99999.90
[rows 408 to 441 of 679, columns 154 to 230 of 839]
23.26 23.29 23.25 23.25 23.22 23.22 23.15 23.21 23.23 23.11 23.16 23.22 23.28 23.17 23.14 23.09 22.96 22.99 23.04 22.94 22.91 23.08 22.90 23.09 23.09 23.00 22.87 22.85 22.90 22.81 22.52 22.30 22.40 22.50 22.86 22.72 22.64 22.78 22.99 22.80 22.74 22.68 22.86 23.07 23.26 23.13 23.16 23.05 23.26 23.32 23.24 23.31 23.31 23.21 23.14 23.22 23.24 23.23 23.17 23.20 23.12 23.01 23.13 23.26 23.09 23.09 23.26 23.34 23.38 23.32 23.29 23.27 23.26 23.20 23.17 23.10 23.10
23.24 23.27 23.28 23.25 23.19 23.17 23.13 23.01 23.15 23.14 23.08 23.20 23.26 23.16 23.22 23.01 22.94 22.83 22.95 22.95 22.79 22.77 22.64 22.79 22.90 22.87 22.92 22.82 22.91 22.95 22.99 22.66 22.77 22.82 23.06 23.15 22.65 22.73 22.97 22.96 22.77 22.92 23.09 23.08 23.19 23.11 23.06 23.06 23.12 23.22 23.17 23.11 23.08 23.05 23.11 23.16 23.24 23.25 23.20 23.19 23.17 23.16 23.20 23.27 23.24 23.28 23.30 23.34 23.35 23.31 23.35 23.30 23.24 23.23 23.22 23.17 23.10
23.21 23.23 23.25 23.21 23.15 23.15 23.14 23.11 22.99 23.05 23.10 23.09 23.09 23.12 23.12 22.93 22.91 22.87 22.80 22.76 22.70 22.64 22.87 22.81 22.60 22.69 22.73 22.75 22.75 22.81 22.92 22.94 22.91 23.08 23.09 23.13 23.02 22.68 23.00 22.93 22.86 22.93 23.19 23.33 22.86 22.99 23.00 23.04 23.03 23.14 23.04 23.09 23.09 23.13 23.12 23.13 23.20 23.27 23.27 23.21 23.20 23.20 23.27 23.23 23.25 23.26 23.27 23.28 23.29 23.28 23.28 23.28 23.21 23.15 23.20 23.16 23.18
23.14 23.17 23.22 23.16 23.06 23.08 23.07 23.05 23.10 22.98 22.97 22.80 22.76 23.14 23.03 22.95 22.86 22.79 22.60 22.55 22.60 22.55 22.76 22.79 22.51 22.51 22.43 22.52 22.75 22.83 22.70 22.79 23.02 22.97 23.01 22.89 22.81 22.98 23.03 22.91 22.81 22.94 22.99 23.01 22.68 22.91 21.74 22.61 23.14 23.21 23.05 23.12 23.12 23.16 23.05 23.13 23.20 23.24 23.23 23.11 23.18 23.21 23.22 23.25 23.25 23.26 23.26 23.25 23.28 23.19 23.22 23.25 23.21 23.18 23.21 23.20 23.17
23.08 23.08 23.16 23.09 23.00 22.99 23.03 23.05 23.06 22.98 23.01 22.65 22.67 22.87 22.91 23.06 23.00 22.88 22.70 22.53 22.54 22.47 22.51 22.49 22.55 22.22 22.28 22.59 22.57 22.70 23.70 23.20 22.67 22.95 23.09 22.93 22.96 23.01 22.94 23.08 23.04 22.99 22.95 22.98 22.38 22.83 21.95 21.48 22.61 22.90 22.73 23.02 23.07 23.16 23.14 23.16 23.21 23.17 23.15 23.09 23.14 23.19 23.21 23.25 23.25 23.24 23.22 23.23 23.25 23.12 23.20 23.21 23.22 23.19 23.14 23.16 23.18
23.15 23.09 23.13 23.08 22.97 22.99 22.99 23.00 22.99 22.95 23.00 22.54 22.68 22.60 22.66 22.95 22.96 22.73 22.65 22.68 22.58 22.50 22.36 22.27 22.50 22.53 22.68 22.66 22.65 22.55 22.67 22.46 22.78 22.77 22.84 22.90 22.91 23.01 22.85 23.05 22.99 22.92 22.78 22.03 21.80 22.04 22.16 21.30 21.76 22.85 22.81 22.93 22.82 22.88 23.05 23.12 22.90 21.98 22.52 23.13 23.17 22.90 23.05 23.20 23.30 23.26 23.26 23.28 23.21 23.19 23.24 23.23 23.21 23.20 23.16 23.11 23.13
23.19 23.05 23.16 23.06 22.98 22.88 22.85 22.87 22.75 22.81 22.98 22.88 22.67 22.56 22.83 22.75 22.79 22.63 22.88 22.70 22.50 22.52 22.47 22.41 22.65 22.73 22.91 22.89 22.79 22.80 22.53 22.53 22.81 22.84 22.95 22.79 22.51 22.90 22.81 22.92 22.95 22.95 21.85 22.01 22.10 22.68 22.71 22.88 22.76 22.92 22.76 22.82 22.87 22.79 22.96 23.04 22.86 22.55 22.79 23.23 23.22 23.07 23.20 23.19 23.19 23.25 23.25 23.25 23.22 23.13 23.16 23.17 23.12 23.18 23.14 23.13 23.15
23.02 23.03 23.15 23.15 23.01 22.82 22.65 22.73 22.58 22.68 22.80 22.83 22.73 22.72 22.58 22.64 22.83 22.59 22.65 22.95 22.42 22.51 22.58 22.48 22.45 22.68 22.78 22.71 22.70 22.74 22.73 22.80 22.71 23.01 22.99 22.79 22.54 22.83 22.83 22.74 22.69 22.80 22.37 21.63 22.38 22.57 22.71 22.68 22.78 22.80 22.68 22.62 22.87 22.92 23.05 23.02 23.04 23.11 23.12 23.22 23.18 23.19 23.19 23.14 23.12 23.17 23.21 23.19 23.15 23.16 23.14 23.11 23.05 23.07 23.12 23.06 23.15
22.90 22.85 22.98 23.13 22.78 22.79 22.71 22.61 22.44 22.49 22.69 22.59 22.50 22.56 22.50 22.31 22.22 22.23 22.45 22.44 22.53 22.57 22.73 22.81 22.58 22.64 22.90 22.73 22.68 22.73 22.86 22.93 22.92 23.04 22.91 22.74 22.85 22.80 22.81 22.74 22.62 22.52 22.54 22.37 22.70 22.57 22.76 22.80 22.75 22.65 22.70 22.81 22.85 22.88 23.10 22.99 23.05 23.09 23.10 23.13 23.20 23.16 23.14 23.12 23.12 23.13 23.14 23.15 23.13 23.10 23.05 23.10 23.02 23.01 23.06 23.06 23.08
22.83 22.81 22.82 22.84 22.73 22.81 22.88 22.59 22.32 22.32 22.36 22.43 22.58 22.62 22.60 22.29 22.13 22.24 22.73 22.58 22.22 22.16 22.50 22.77 22.70 22.88 23.02 22.85 22.72 22.79 22.93 23.03 22.82 22.94 22.88 22.78 22.80 22.73 22.64 22.54 22.54 22.52 22.61 22.69 22.77 22.73 22.76 22.89 22.70 22.67 22.75 22.90 22.93 22.96 23.05 23.02 23.04 23.09 23.13 23.17 23.16 23.13 23.16 23.15 23.13 23.17 23.14 23.12 23.11 23.10 23.06 23.11 23.08 22.99 23.05 22.98 22.96
22.91 22.85 22.79 22.74 22.69 22.79 22.84 22.50 22.35 22.26 21.93 22.11 22.37 22.69 22.71 22.54 22.45 22.64 22.75 22.98 22.47 22.13 22.31 22.56 22.63 22.75 22.76 22.80 22.80 22.80 22.79 22.62 22.75 22.77 22.83 22.84 22.77 22.62 22.58 22.59 22.60 22.57 22.71 22.77 22.78 22.90 22.88 22.91 22.76 22.64 22.79 22.87 22.73 22.95 23.04 23.05 23.10 23.10 23.13 23.14 23.10 23.02 23.09 23.11 23.10 23.10 23.06 23.00 23.02 23.09 23.06 23.08 23.07 23.02 22.96 22.99 22.92
22.91 22.74 22.77 22.62 22.65 22.77 22.81 22.87 22.39 22.33 21.98 22.10 21.89 21.96 22.47 22.47 22.25 22.43 22.47 22.95 22.67 22.56 22.63 22.77 22.75 22.73 22.84 22.96 22.89 22.92 22.89 22.82 22.82 22.78 22.89 22.77 22.74 22.67 22.72 22.71 22.71 22.67 22.79 22.93 22.88 22.78 22.79 22.98 22.85 22.83 22.85 22.83 22.77 22.95 22.98 22.93 22.96 23.04 23.08 23.04 23.00 22.94 23.07 23.10 23.06 23.07 23.00 22.92 22.87 22.97 23.04 23.00 22.98 22.92 22.84 22.88 22.88
22.36 22.35 22.81 22.64 22.72 22.58 22.68 22.90 22.44 22.38 22.26 21.96 21.97 21.95 22.46 22.31 22.37 22.58 22.63 22.50 22.68 22.79 22.77 22.76 22.84 22.83 22.86 22.92 22.95 22.94 22.87 22.75 22.83 22.84 22.85 22.78 22.80 22.78 22.80 22.89 22.91 22.86 22.85 22.87 22.81 22.58 22.63 22.85 22.80 22.88 22.80 22.75 22.77 22.94 22.94 22.77 22.87 23.00 23.05 23.05 22.99 22.99 23.03 23.09 23.04 23.05 23.00 22.92 22.83 22.90 22.98 23.01 22.92 22.89 22.83 22.85 22.88
22.91 22.74 22.62 22.53 22.76 22.41 22.85 22.78 22.54 22.56 22.31 22.21 22.45 22.43 22.60 22.51 22.46 22.67 22.70 22.71 22.71 22.73 22.83 22.80 22.86 22.81 22.84 22.91 22.94 22.96 22.93 22.83 22.87 22.85 22.67 22.73 22.74 22.77 22.71 22.69 22.63 22.81 22.65 22.71 22.76 22.62 22.67 22.85 22.80 22.74 22.21 22.75 22.62 22.75 22.65 22.69 22.86 22.95 22.98 23.00 22.96 22.92 23.02 23.00 23.02 22.99 22.96 22.99 22.90 22.82 22.83 22.88 22.87 22.85 22.81 22.71 22.82
22.81 22.77 22.72 22.69 22.61 22.61 22.40 22.54 22.68 22.66 22.45 22.46 22.53 22.58 22.77 22.86 22.67 22.74 22.74 22.63 22.67 22.66 22.78 22.81 22.86 22.82 22.88 22.86 22.80 22.76 22.88 22.88 22.88 22.92 22.81 22.77 22.73 22.78 22.64 22.45 21.65 21.92 22.65 22.59 21.63 21.57 22.20 22.56 22.04 21.40 21.46 21.24 21.43 21.51 22.25 22.61 22.90 22.97 22.94 22.95 22.92 22.95 22.98 22.96 23.09 22.99 23.03 23.03 22.99 22.81 22.81 22.88 22.94 22.89 22.93 22.88 22.86
22.41 22.64 22.62 22.53 22.57 22.80 22.82 22.71 22.88 22.69 22.63 22.66 22.63 22.59 22.82 22.90 22.98 22.80 22.79 22.67 22.73 22.76 22.81 22.71 22.73 22.78 22.74 22.68 22.82 22.85 22.87 22.86 22.82 22.86 22.77 22.74 22.61 22.67 22.61 19.73 22.68 23.71 23.41 21.75 20.62 20.94 20.87 20.47 21.01 20.56 21.37 21.48 22.27 22.71 22.67 22.18 22.47 22.84 22.94 22.96 23.00 22.98 23.02 22.99 22.86 22.09 22.69 22.47 22.95 22.94 22.90 22.86 22.79 22.82 22.86 22.96 22.91
22.14 22.39 22.63 22.63 22.52 22.65 22.93 22.86 22.73 22.75 22.46 22.64 22.87 22.78 22.74 22.86 22.99 22.93 22.85 22.76 22.66 22.84 22.73 22.68 22.65 22.69 22.67 22.67 22.81 22.90 22.85 22.84 22.82 22.81 22.77 22.65 22.63 22.58 20.24 21.68 20.32 22.82 21.52 19.90 22.34 22.42 22.08 22.12 22.54 22.55 22.68 22.83 22.82 22.39 22.68 22.70 22.76 22.82 22.87 22.91 22.94 22.91 22.86 22.88 22.81 22.81 22.75 22.63 22.76 22.86 22.91 22.85 22.75 22.76 22.74 22.85 22.38
22.21 22.33 22.43 22.71 22.60 22.74 22.84 22.74 22.66 22.76 22.50 22.64 22.82 22.83 22.72 22.86 22.97 22.89 22.80 22.80 22.79 22.77 22.72 22.65 22.59 22.57 22.53 22.69 22.69 22.62 22.70 22.81 22.83 22.75 22.76 22.64 22.62 21.84 20.81 21.19 21.43 22.01 22.65 22.65 22.69 22.64 22.75 22.78 22.75 22.79 22.81 22.85 22.79 22.73 22.89 22.86 22.84 22.87 22.85 22.80 22.83 22.83 22.84 22.87 22.79 22.77 22.76 22.72 22.67 22.70 22.76 22.78 22.76 22.82 22.79 22.83 22.37
22.63 22.53 22.50 22.57 22.60 22.74 22.93 22.82 22.85 22.89 22.72 22.75 22.73 22.83 22.75 22.77 22.80 22.89 22.76 22.86 22.87 22.95 22.82 22.74 22.58 22.56 22.55 22.60 22.68 22.58 22.82 22.86 22.78 22.72 22.72 22.70 22.66 19.86 22.55 22.66 22.55 22.58 22.70 22.70 22.72 22.65 22.71 22.70 22.71 22.78 22.81 22.79 22.81 22.81 22.83 22.76 22.65 22.82 22.88 22.73 22.77 22.85 22.89 22.88 22.79 22.75 22.77 22.76 22.71 22.66 22.63 22.70 22.82 22.88 22.81 22.83 22.77
22.72 22.68 22.73 22.71 22.73 22.75 22.80 22.90 22.49 22.82 22.81 22.75 22.80 22.82 22.82 22.81 22.81 22.64 22.82 22.91 22.86 22.77 22.95 22.81 22.79 22.64 22.53 22.47 22.70 22.77 22.79 22.80 22.81 22.73 22.70 22.71 22.64 21.75 21.93 22.01 22.66 22.50 22.68 22.56 22.58 22.66 22.68 22.66 22.75 22.85 22.80 22.79 22.84 22.77 22.83 22.51 21.85 22.35 22.80 22.80 22.83 22.76 22.84 22.76 22.76 22.73 22.67 22.68 22.64 22.63 22.57 22.71 22.82 22.78 22.75 22.74 22.72
22.74 22.79 22.77 22.77 22.83 22.82 22.77 22.72 22.70 22.79 22.77 22.72 22.74 22.77 22.77 22.83 22.81 22.87 22.89 22.85 22.83 22.73 22.89 22.95 22.81 22.64 22.53 22.56 22.62 22.67 22.69 22.69 22.75 22.74 22.78 22.75 22.48 21.17 22.26 22.00 22.70 22.60 22.55 22.44 22.49 22.59 22.54 22.57 22.72 22.76 22.75 22.72 22.65 22.56 22.46 22.67 22.69 22.68 22.58 22.84 22.76 22.70 22.76 22.67 22.67 22.67 22.70 22.63 22.66 22.65 22.64 22.68 22.80 22.80 22.72 22.73 22.77
22.85 22.81 22.75 22.80 22.79 22.79 22.68 22.79 22.75 22.76 22.66 22.68 22.72 22.85 22.73 22.85 22.88 22.86 22.89 22.87 22.73 22.63 22.75 22.84 22.84 22.73 22.65 22.68 22.64 22.54 22.50 22.57 22.67 22.75 22.82 22.75 22.65 22.26 22.01 22.26 22.66 22.75 22.59 22.56 22.59 22.64 22.59 22.46 22.53 22.63 22.65 22.66 22.19 21.40 22.55 22.71 22.65 22.50 22.73 22.77 22.63 22.57 22.61 22.69 22.75 22.73 22.77 22.76 22.74 22.61 22.56 22.61 22.58 22.62 22.67 22.70 22.78
22.82 22.81 22.87 22.79 22.82 22.79 22.73 22.82 22.55 22.74 22.61 22.68 22.73 22.76 22.71 22.76 22.86 22.87 22.89 22.74 22.74 22.62 22.82 22.86 22.86 22.78 22.73 22.57 22.52 22.52 22.48 22.53 22.64 22.69 22.75 22.76 22.71 22.73 22.80 22.71 22.76 22.87 22.79 22.73 22.70 22.69 22.68 22.68 22.40 22.69 22.69 22.30 21.80 21.16 22.70 22.43 22.49 22.62 22.63 22.69 22.60 22.56 22.37 22.65 22.59 22.64 22.77 22.75 22.70 22.62 22.60 22.58 22.56 22.61 22.68 22.71 22.73
22.70 22.83 22.89 22.77 22.71 22.76 22.79 22.78 22.86 22.75 22.62 22.58 22.62 22.75 22.77 22.71 22.77 22.84 22.85 22.82 22.75 22.61 22.74 22.76 22.79 22.75 22.69 22.63 22.52 22.42 22.46 22.53 22.55 22.69 22.80 22.73 22.71 22.79 22.59 22.83 22.78 22.81 22.85 22.78 22.70 22.76 22.63 22.45 21.33 22.62 22.74 22.59 22.62 22.68 22.61 22.72 22.65 22.60 22.64 22.62 22.66 22.63 22.51 22.48 22.65 22.53 22.71 22.70 22.65 22.64 22.64 22.59 22.64 22.60 22.68 22.68 22.68
22.74 22.83 22.82 22.79 22.74 22.77 22.82 22.75 22.78 22.78 22.72 22.66 22.61 22.75 22.72 22.72 22.75 22.80 22.76 22.72 22.75 22.72 22.72 22.79 22.81 22.66 22.71 22.70 22.48 22.39 22.45 22.48 22.54 22.64 22.77 22.76 22.76 22.79 22.36 22.70 22.82 22.80 22.76 22.76 22.72 21.82 20.98 19.31 20.58 22.61 22.73 22.70 22.65 22.67 22.64 22.67 22.61 22.60 22.61 22.62 22.61 22.60 22.58 22.48 22.50 22.62 22.61 22.64 22.56 22.55 22.60 22.59 22.61 22.65 22.67 22.66 22.64
22.74 22.71 22.78 22.79 22.74 22.84 22.80 22.85 22.59 22.74 22.68 22.63 22.51 22.57 22.67 22.70 22.68 22.73 22.73 22.70 22.71 22.73 22.76 22.78 22.81 22.76 22.64 22.70 22.55 22.41 22.50 22.51 22.49 22.54 22.61 22.63 22.76 22.77 22.72 22.68 22.70 22.64 21.43 20.62 21.57 20.79 20.37 21.88 22.65 22.64 22.63 22.65 22.65 22.57 22.55 22.59 22.65 22.65 22.54 22.47 22.57 22.63 22.63 22.57 22.59 22.71 22.67 22.51 22.55 22.52 22.55 22.56 22.59 22.62 22.70 22.70 22.70
22.64 22.68 22.76 22.72 22.65 22.78 22.78 22.72 22.74 22.75 22.74 22.71 22.61 22.52 22.58 22.66 22.67 22.69 22.65 22.66 22.76 22.75 22.76 22.79 22.76 22.78 22.69 22.80 22.76 22.63 22.72 22.59 22.58 22.53 22.64 22.53 22.43 22.63 22.65 22.59 22.62 21.81 20.03 20.73 21.89 20.77 22.40 22.61 22.64 22.64 22.59 22.53 22.51 22.55 22.51 22.59 22.63 22.65 22.49 22.33 22.36 22.53 22.62 22.57 22.56 22.63 22.56 22.51 22.63 22.65 22.64 22.59 22.59 22.64 22.69 22.71 22.77
22.72 22.68 22.74 22.80 22.72 22.58 22.41 22.52 22.42 22.57 22.68 22.72 22.66 22.48 22.57 22.70 22.55 22.45 22.52 22.64 22.76 22.74 22.67 22.74 22.75 22.75 22.75 22.87 22.87 22.82 22.77 22.69 22.66 22.53 22.66 22.66 22.62 22.58 22.66 22.63 22.55 22.40 21.81 21.44 22.16 22.24 22.53 22.49 22.54 22.53 22.60 22.52 22.53 22.56 22.57 22.58 22.51 22.64 22.56 22.49 22.47 22.55 22.56 22.56 22.60 22.55 22.53 22.62 22.58 22.61 22.67 22.69 22.65 22.67 22.71 22.69 22.64
22.71 22.71 22.70 22.75 22.69 22.64 22.62 22.55 22.48 22.50 22.65 22.68 22.62 22.53 22.61 22.62 22.38 22.31 22.42 22.58 22.70 22.64 22.71 22.71 22.74 22.43 22.78 22.82 22.87 22.85 22.42 22.16 22.50 22.16 22.18 22.69 22.69 22.67 22.64 22.59 21.05 21.29 21.10 22.03 22.44 22.20 22.55 22.52 22.53 22.57 22.61 22.53 22.45 22.47 22.50 22.47 22.46 22.50 22.50 22.47 22.57 22.61 22.51 22.54 22.56 22.60 22.65 22.58 22.52 22.58 22.60 22.66 22.67 22.63 22.64 22.71 22.67
22.58 22.57 22.59 22.63 22.58 22.60 22.61 22.58 22.57 22.67 22.63 22.65 22.65 22.57 22.55 22.54 22.33 22.27 22.42 22.54 22.66 22.60 22.63 22.52 22.68 22.68 22.69 22.79 22.81 22.74 22.52 22.16 22.61 22.59 22.64 22.66 22.62 22.61 22.57 20.84 21.16 22.03 21.68 21.67 21.86 22.52 22.59 22.53 22.54 22.59 22.70 22.66 22.46 22.39 22.41 22.54 22.46 22.46 22.55 22.45 22.51 22.51 22.52 22.52 22.51 22.60 22.56 22.56 22.53 22.69 22.52 22.63 22.58 22.57 22.60 22.62 22.69
22.54 22.52 22.62 22.46 22.43 22.43 22.56 22.54 22.64 22.74 22.66 22.69 22.64 22.54 22.44 22.29 22.26 22.14 22.25 22.46 22.55 22.29 22.21 22.64 22.59 22.71 22.69 22.74 22.73 22.87 22.84 22.67 22.54 22.72 22.71 22.76 22.62 22.67 22.53 21.34 21.20 22.42 22.03 22.28 22.10 22.50 22.56 22.53 22.47 22.53 22.56 22.47 22.43 22.37 22.37 22.52 22.40 22.40 22.41 22.45 22.42 22.40 22.46 22.50 22.56 22.54 22.51 22.49 22.51 22.53 22.50 22.56 22.55 22.59 22.57 22.56 22.70
22.51 22.57 22.55 22.34 22.44 22.42 22.57 22.51 22.52 22.56 22.60 22.61 22.59 22.58 22.51 22.42 22.34 22.28 22.21 22.36 22.36 22.33 22.39 22.53 22.50 22.64 22.69 22.80 22.79 22.83 22.78 22.58 22.37 22.76 22.82 22.65 22.61 22.63 22.53 21.75 21.17 22.28 22.29 22.33 22.36 22.39 22.51 22.32 22.39 22.43 22.33 22.32 22.34 22.27 22.36 22.43 22.28 22.29 22.26 22.28 22.32 22.33 22.34 22.35 22.44 22.53 22.59 22.49 22.48 22.54 22.56 22.59 22.59 22.60 22.63 22.54 22.62
22.57 22.58 22.53 22.27 22.30 22.38 22.54 22.61 22.48 22.43 22.48 22.46 22.49 22.56 22.45 22.34 22.32 22.38 22.24 22.23 22.06 21.95 22.39 22.50 22.54 22.60 22.71 22.80 22.73 22.68 22.66 22.71 22.67 22.69 22.70 22.56 22.54 22.51 22.42 20.98 21.94 21.45 21.91 22.41 22.32 22.31 22.32 22.36 22.35 22.28 22.16 22.21 22.26 22.20 22.14 22.22 22.11 22.21 22.24 22.25 22.14 22.27 22.33 22.36 22.36 22.41 22.47 22.51 22.46 22.53 22.56 22.63 22.63 22.65 22.56 22.53 22.53
22.56 22.62 22.54 22.38 22.36 22.44 22.48 22.38 22.50 22.47 22.50 22.41 22.44 22.50 22.36 22.39 22.25 22.24 22.14 22.15 21.67 22.08 22.37 22.43 22.53 22.59 22.60 22.62 22.69 22.65 22.64 22.65 22.67 22.62 22.63 22.57 22.55 22.49 22.42 21.93 21.69 22.37 22.75 22.31 22.31 22.21 22.13 22.22 22.39 22.17 22.12 22.05 22.13 22.14 22.20 22.08 22.17 22.15 22.11 22.08 22.10 22.18 22.30 22.35 22.42 22.36 22.41 22.50 22.54 22.53 22.58 22.59 22.60 22.52 22.47 22.48 22.53
