main/data/irradiance/14.02.2023.grid
ncols 839
nrows 679
xllcenter 112.0500
yllcenter -43.9500
cellsize 0.0500
nodata_value 99999.90
[rows 408 to 441 of 679, columns 231 to 307 of 839]
25.78 25.77 26.84 27.29 27.30 26.83 26.83 27.32 26.69 27.02 27.46 26.60 26.97 27.41 27.33 27.50 27.34 27.48 27.76 27.65 27.55 27.80 27.89 27.85 27.81 27.80 27.80 27.78 27.75 27.75 27.73 27.74 27.70 27.70 27.58 27.52 27.63 27.68 27.58 27.59 27.52 27.55 27.64 27.56 27.41 27.39 27.43 27.40 27.46 27.36 27.44 27.39 27.25 27.44 27.57 27.49 27.45 27.30 27.33 27.34 27.25 27.23 27.30 27.27 27.05 27.19 27.31 27.25 27.21 27.32 27.28 27.26 27.22 27.42 27.41 27.37 27.40
25.90 27.16 26.65 27.61 27.32 27.10 26.91 27.41 27.30 27.05 27.19 27.20 27.33 27.22 27.56 27.60 27.57 27.84 27.74 27.53 27.44 27.58 27.77 27.78 27.81 27.84 27.81 27.76 27.75 27.76 27.80 27.83 27.94 27.82 27.72 27.65 27.64 27.70 27.73 27.64 27.50 27.44 27.51 27.55 27.55 27.49 27.48 27.47 27.48 27.53 27.43 27.33 27.38 27.46 27.60 27.41 27.47 27.45 27.39 27.32 27.12 27.11 27.13 27.12 27.23 27.13 27.29 27.34 27.21 27.25 27.23 27.26 27.22 27.39 27.42 27.39 27.43
26.67 26.73 26.52 26.82 27.56 27.18 26.43 26.73 26.64 27.50 27.10 27.27 27.26 27.42 27.78 27.68 27.52 27.61 27.79 27.76 27.72 27.74 27.81 27.74 27.79 27.80 27.81 27.80 27.81 27.78 27.77 27.79 27.90 27.88 27.83 27.76 27.73 27.69 27.71 27.62 27.46 27.41 27.52 27.53 27.50 27.50 27.51 27.54 27.58 27.66 27.64 27.52 27.72 27.50 27.52 27.38 27.26 27.34 27.48 27.33 27.29 27.23 27.20 27.14 27.24 27.28 27.19 27.26 27.25 27.24 27.28 27.16 27.18 27.34 27.42 27.33 27.33
26.14 25.25 26.10 27.15 27.41 26.99 26.93 26.76 26.35 26.41 27.28 27.46 27.21 27.60 27.96 27.99 27.73 27.70 27.77 27.77 27.80 27.82 27.70 27.71 27.81 27.79 27.78 27.75 27.77 27.78 27.84 27.88 27.84 27.76 27.83 27.74 27.73 27.62 27.57 27.58 27.48 27.47 27.53 27.56 27.41 27.37 27.50 27.43 27.53 27.59 27.54 27.60 27.64 27.68 27.59 27.58 27.50 27.29 27.38 27.47 27.44 27.36 27.32 27.21 27.29 27.23 27.17 27.22 27.31 27.25 27.23 27.30 27.15 27.17 27.32 27.27 27.34
25.94 26.10 26.23 27.13 27.33 27.11 26.87 26.56 26.47 26.85 27.17 27.36 27.22 27.64 27.43 27.61 27.80 27.81 27.80 27.70 27.74 27.65 27.79 27.78 27.85 27.83 27.79 27.73 27.81 27.84 27.81 27.76 27.71 27.71 27.77 27.66 27.65 27.67 27.61 27.66 27.56 27.42 27.30 27.21 27.22 27.34 27.50 27.52 27.52 27.46 27.43 27.52 27.62 27.76 27.60 27.56 27.51 27.38 27.34 27.32 27.30 27.28 27.35 27.21 27.15 27.14 27.21 27.21 27.22 27.19 27.14 27.18 27.21 27.23 27.32 27.33 27.40
26.84 26.54 26.58 26.75 27.12 27.15 27.19 27.00 26.36 27.01 27.03 26.96 27.17 27.30 27.55 27.61 27.56 27.50 27.45 27.48 27.59 27.70 27.79 27.85 27.87 27.85 27.78 27.84 27.78 27.75 27.77 27.80 27.63 27.64 27.66 27.59 27.62 27.57 27.56 27.60 27.57 27.41 27.28 27.34 27.34 27.20 27.29 27.17 27.22 27.36 27.40 27.40 27.45 27.36 27.20 27.56 27.75 27.58 27.38 27.25 27.20 27.14 27.20 27.25 27.28 27.18 27.16 27.18 27.03 27.05 27.17 27.24 27.19 27.32 27.18 27.27 27.30
26.71 27.53 26.91 26.62 26.51 27.04 27.26 27.00 26.46 27.36 26.92 27.50 27.66 27.82 27.42 27.41 27.70 27.03 27.32 26.98 27.30 27.43 27.74 27.76 27.75 27.70 27.76 27.80 27.78 27.76 27.72 27.68 27.63 27.59 27.48 27.54 27.58 27.54 27.59 27.50 27.49 27.39 27.40 27.33 27.23 27.23 27.21 27.22 27.25 27.22 27.29 27.37 27.47 27.53 27.50 27.37 27.45 27.46 27.37 27.19 27.12 27.19 27.24 27.25 27.29 27.24 27.32 27.26 27.12 27.13 27.28 27.24 27.23 27.28 27.34 27.22 27.24
26.77 26.65 27.06 27.32 26.72 27.25 27.02 27.34 27.72 27.12 27.23 26.87 27.46 27.51 27.22 27.37 27.47 27.51 27.53 27.51 27.12 27.22 27.39 27.76 27.74 27.72 27.74 27.68 27.68 27.65 27.67 27.54 27.54 27.44 27.47 27.42 27.43 27.44 27.52 27.57 27.57 27.54 27.58 27.52 27.44 27.42 27.42 27.28 27.17 27.23 27.23 27.52 27.48 27.37 27.50 27.39 27.41 27.42 27.35 27.26 27.07 27.14 27.28 27.24 27.35 27.33 27.35 27.33 27.34 27.32 27.48 27.34 27.26 27.25 27.25 27.30 27.26
26.62 26.73 27.25 26.85 27.07 26.76 26.34 26.96 27.42 27.55 27.35 27.33 27.38 27.37 27.40 27.34 27.38 27.51 27.53 27.34 27.28 27.26 27.59 27.70 27.45 27.49 27.63 27.51 27.45 27.46 27.46 27.44 27.44 27.40 27.39 27.42 27.40 27.41 27.45 27.51 27.59 27.56 27.59 27.62 27.62 27.55 27.66 27.49 27.26 27.26 27.25 27.47 27.43 27.23 27.27 27.32 27.42 27.42 27.47 27.47 27.32 27.20 27.21 27.20 27.27 27.32 27.31 27.40 27.32 27.29 27.39 27.38 27.27 27.22 27.36 27.37 27.37
25.91 26.61 27.29 27.30 27.17 27.21 27.39 27.31 27.33 27.54 27.28 27.21 27.29 26.97 27.35 27.56 27.51 27.44 27.53 27.58 27.58 27.58 27.50 27.65 27.62 27.47 27.55 27.54 27.48 27.48 27.47 27.43 27.45 27.35 27.31 27.33 27.40 27.39 27.47 27.48 27.55 27.58 27.56 27.46 27.46 27.56 27.49 27.49 27.50 27.37 27.36 27.50 27.53 27.31 27.17 27.11 27.32 27.37 27.33 27.28 27.26 27.02 27.06 27.04 27.16 27.23 27.19 27.25 27.35 27.32 27.32 27.35 27.28 27.11 27.22 27.24 27.23
26.11 26.14 26.69 27.16 27.56 27.25 27.25 26.57 26.74 26.78 27.60 27.60 27.49 27.13 27.23 27.04 27.10 27.23 27.40 27.45 27.20 27.53 27.30 27.72 27.60 27.51 27.58 27.57 27.52 27.53 27.54 27.49 27.49 27.40 27.42 27.34 27.35 27.36 27.33 27.43 27.46 27.43 27.53 27.50 27.51 27.71 27.56 27.42 27.42 27.38 27.32 27.43 27.37 27.38 27.31 27.25 27.27 27.41 27.53 27.45 27.44 27.19 27.21 27.06 27.25 27.33 27.29 27.23 27.27 27.36 27.41 27.32 27.30 27.23 27.14 27.24 27.19
26.81 26.48 26.71 26.08 27.25 27.19 27.37 27.30 27.61 26.87 26.70 27.19 27.24 27.19 27.15 27.32 27.38 27.32 27.14 27.28 26.99 27.28 27.28 27.49 27.61 27.60 27.60 27.61 27.56 27.48 27.48 27.45 27.45 27.43 27.37 27.32 27.35 27.40 27.46 27.46 27.51 27.45 27.44 27.44 27.39 27.52 27.46 27.45 27.37 27.25 27.36 27.37 27.23 27.34 27.46 27.43 27.57 27.81 27.78 27.55 27.59 27.38 27.40 27.46 27.53 27.42 27.39 27.32 27.28 27.36 27.46 27.29 27.35 27.25 27.25 27.23 27.23
26.86 26.14 26.16 26.87 27.20 26.43 27.24 27.34 27.45 27.45 26.99 27.15 26.93 27.12 27.33 27.27 27.56 27.53 27.54 27.47 27.28 27.34 27.32 27.38 27.56 27.62 27.63 27.55 27.54 27.46 27.43 27.54 27.49 27.44 27.40 27.49 27.48 27.43 27.42 27.38 27.40 27.40 27.49 27.51 27.55 27.57 27.78 27.65 27.60 27.57 27.46 27.54 27.33 27.38 27.56 27.64 27.50 27.42 27.51 27.52 27.58 27.55 27.63 27.45 27.51 27.53 27.41 27.26 27.25 27.22 27.33 27.37 27.25 27.23 27.20 27.34 27.37
26.52 25.68 26.33 26.83 25.88 26.73 27.56 27.25 27.03 27.42 27.10 27.18 27.30 27.19 27.40 27.37 27.22 27.56 27.58 27.54 27.33 27.45 27.30 27.54 27.61 27.70 27.71 27.55 27.41 27.37 27.33 27.40 27.49 27.54 27.51 27.55 27.56 27.52 27.47 27.44 27.47 27.39 27.48 27.52 27.56 27.61 27.69 27.75 27.68 27.83 27.68 27.64 27.68 27.62 27.48 27.62 27.57 27.53 27.49 27.49 27.59 27.66 27.64 27.66 27.49 27.48 27.47 27.27 27.32 27.22 27.18 27.36 27.39 27.28 27.26 27.20 27.30
26.47 26.08 25.79 26.77 25.25 26.75 27.26 27.21 26.56 27.12 27.62 27.32 27.19 27.45 27.44 27.15 27.52 27.46 27.45 27.58 27.59 27.60 27.57 27.63 27.55 27.48 27.48 27.51 27.40 27.39 27.32 27.40 27.43 27.49 27.53 27.54 27.54 27.51 27.53 27.52 27.49 27.47 27.44 27.48 27.46 27.51 27.52 27.48 27.58 27.61 27.60 27.61 27.55 27.60 27.70 27.81 27.65 27.62 27.67 27.57 27.47 27.65 27.81 27.63 27.70 27.57 27.51 27.36 27.33 27.28 27.22 27.34 27.38 27.35 27.27 27.19 27.30
25.88 25.84 25.62 26.38 26.55 27.25 27.13 27.05 27.08 27.46 27.34 27.15 27.08 27.19 27.22 27.11 27.36 27.61 27.66 27.50 27.35 27.50 27.49 27.60 27.56 27.39 27.38 27.39 27.34 27.41 27.50 27.51 27.53 27.55 27.48 27.45 27.35 27.30 27.37 27.43 27.47 27.36 27.35 27.36 27.38 27.44 27.51 27.45 27.49 27.50 27.45 27.55 27.56 27.47 27.43 27.64 27.63 27.61 27.42 27.39 27.28 27.34 27.43 27.37 27.43 27.42 27.46 27.41 27.39 27.34 27.39 27.34 27.31 27.31 27.26 27.26 27.21
26.96 25.99 26.29 25.66 26.67 27.35 27.34 27.04 27.08 27.37 27.46 27.25 27.28 27.30 27.36 27.50 27.42 27.46 27.52 27.49 27.35 27.40 27.37 27.61 27.62 27.56 27.45 27.42 27.36 27.40 27.42 27.53 27.55 27.53 27.43 27.36 27.30 27.11 27.30 27.40 27.36 27.32 27.38 27.41 27.42 27.34 27.46 27.43 27.49 27.57 27.45 27.44 27.60 27.47 27.35 27.42 27.49 27.47 27.33 27.29 27.32 27.27 27.34 27.28 27.27 27.34 27.38 27.33 27.25 27.26 27.31 27.26 27.15 27.27 27.29 27.20 27.23
27.18 27.23 26.83 26.24 26.54 27.13 27.35 27.40 27.61 27.41 27.50 27.43 27.45 27.16 27.20 27.20 27.45 27.57 27.59 27.57 27.48 27.44 27.43 27.52 27.62 27.57 27.56 27.55 27.45 27.44 27.48 27.48 27.47 27.40 27.35 27.32 27.25 27.27 27.33 27.41 27.36 27.34 27.29 27.35 27.45 27.40 27.40 27.41 27.37 27.41 27.49 27.37 27.40 27.46 27.38 27.35 27.46 27.42 27.38 27.37 27.30 27.31 27.34 27.26 27.36 27.42 27.38 27.27 27.21 27.19 27.27 27.19 27.09 27.08 27.09 27.16 27.18
26.16 26.90 26.84 26.88 27.61 27.46 27.06 27.33 27.33 27.12 27.52 27.06 27.26 27.24 27.22 27.32 27.28 27.34 27.48 27.57 27.58 27.47 27.53 27.56 27.56 27.57 27.50 27.48 27.50 27.49 27.52 27.52 27.56 27.43 27.38 27.31 27.29 27.29 27.23 27.31 27.31 27.28 27.28 27.23 27.26 27.34 27.42 27.42 27.42 27.48 27.60 27.58 27.52 27.42 27.31 27.33 27.43 27.45 27.36 27.24 27.20 27.19 27.23 27.26 27.22 27.21 27.44 27.44 27.22 27.22 27.22 27.13 27.13 27.05 27.06 27.08 27.28
26.62 26.90 26.91 26.20 26.69 27.47 27.52 27.71 27.44 27.46 27.54 27.38 27.47 27.34 27.53 27.46 27.45 27.45 27.54 27.56 27.56 27.44 27.49 27.49 27.52 27.54 27.49 27.48 27.37 27.46 27.41 27.41 27.57 27.40 27.35 27.23 27.21 27.15 27.14 27.24 27.28 27.32 27.34 27.31 27.28 27.33 27.40 27.32 27.34 27.36 27.46 27.52 27.58 27.53 27.43 27.27 27.30 27.33 27.36 27.28 27.21 27.29 27.23 27.23 27.23 27.26 27.34 27.32 27.18 27.26 27.24 27.14 27.22 27.05 26.94 26.94 27.20
27.29 27.36 27.22 26.78 26.66 27.30 27.56 27.69 27.59 27.53 27.48 27.31 27.44 27.32 27.48 27.41 27.50 27.50 27.53 27.46 27.54 27.46 27.41 27.49 27.52 27.47 27.52 27.51 27.37 27.34 27.44 27.45 27.35 27.27 27.20 27.20 27.21 27.10 27.23 27.27 27.27 27.31 27.34 27.32 27.34 27.29 27.27 27.33 27.30 27.30 27.34 27.41 27.46 27.50 27.46 27.39 27.35 27.30 27.33 27.29 27.28 27.41 27.38 27.28 27.26 27.20 27.35 27.27 27.14 27.25 27.34 27.22 27.21 27.20 27.10 27.07 27.18
27.14 27.39 27.10 27.00 27.32 27.31 27.25 27.61 27.70 27.22 27.07 27.37 27.55 27.49 27.50 27.48 27.37 27.47 27.50 27.39 27.44 27.28 27.26 27.47 27.37 27.31 27.44 27.53 27.43 27.27 27.36 27.33 27.33 27.35 27.35 27.23 27.18 27.22 27.29 27.27 27.26 27.23 27.26 27.24 27.21 27.15 27.25 27.23 27.32 27.38 27.35 27.37 27.43 27.46 27.46 27.41 27.37 27.33 27.33 27.28 27.21 27.35 27.35 27.27 27.16 27.19 27.22 27.16 27.22 27.20 27.10 27.22 27.22 27.25 27.04 27.12 27.15
26.55 26.87 26.58 26.77 27.29 26.70 26.66 27.51 27.61 27.49 27.41 27.50 27.41 27.45 27.36 27.16 26.98 27.40 27.19 27.45 27.39 27.31 27.20 27.24 27.23 27.29 27.41 27.39 27.39 27.33 27.32 27.33 27.29 27.28 27.39 27.35 27.22 27.27 27.29 27.25 27.21 27.16 27.21 27.18 27.16 27.20 27.20 27.19 27.24 27.26 27.35 27.35 27.40 27.45 27.41 27.45 27.48 27.37 27.33 27.32 27.37 27.27 27.30 27.26 27.22 27.27 27.29 27.13 27.22 27.30 27.34 27.34 27.28 27.23 27.23 27.11 27.22
26.46 27.10 27.09 27.18 27.11 27.16 27.30 27.58 27.54 27.41 27.05 27.14 27.46 27.48 27.45 27.45 27.43 27.26 27.07 27.23 27.40 27.38 27.21 27.18 27.16 27.24 27.35 27.41 27.32 27.32 27.39 27.38 27.47 27.42 27.43 27.33 27.26 27.31 27.17 27.17 27.26 27.21 27.19 27.18 27.19 27.24 27.23 27.23 27.24 27.20 27.22 27.27 27.40 27.44 27.44 27.47 27.46 27.50 27.39 27.40 27.40 27.54 27.44 27.27 27.21 27.32 27.42 27.30 27.24 27.21 27.18 27.26 27.39 27.25 27.26 27.24 27.29
27.31 26.70 26.37 26.19 27.08 26.84 27.15 27.28 27.35 27.34 27.06 27.16 27.40 27.32 27.46 27.50 27.41 27.24 27.17 27.11 27.32 27.23 27.23 27.30 27.28 27.40 27.42 27.37 27.33 27.29 27.31 27.36 27.28 27.34 27.49 27.40 27.30 27.28 27.23 27.11 27.27 27.21 27.21 27.23 27.25 27.22 27.18 27.18 27.19 27.17 27.22 27.24 27.31 27.34 27.41 27.35 27.35 27.39 27.36 27.35 27.37 27.41 27.48 27.44 27.30 27.27 27.41 27.30 27.23 27.28 27.17 27.14 27.32 27.25 27.37 27.30 27.30
26.76 26.74 26.64 27.05 25.79 26.23 27.03 26.70 26.90 26.80 27.10 27.31 27.33 27.40 27.39 27.44 27.37 27.29 27.20 27.20 27.34 27.21 27.25 27.17 27.10 27.11 27.16 27.17 27.17 27.30 27.23 27.23 27.20 27.34 27.44 27.40 27.40 27.31 27.30 27.24 27.26 27.29 27.26 27.23 27.21 27.21 27.24 27.17 27.14 27.19 27.16 27.12 27.16 27.29 27.39 27.42 27.46 27.50 27.49 27.39 27.41 27.36 27.37 27.33 27.39 27.37 27.48 27.46 27.34 27.38 27.32 27.32 27.38 27.41 27.40 27.42 27.43
27.06 27.31 26.91 26.67 26.63 26.86 27.13 26.58 27.30 27.21 26.98 27.04 27.22 27.44 27.38 27.38 27.25 27.24 27.22 27.23 27.30 27.32 27.27 27.24 27.06 26.95 27.12 27.17 27.21 27.23 27.26 27.23 27.18 27.25 27.26 27.38 27.25 27.28 27.24 27.23 27.28 27.24 27.23 27.24 27.22 27.18 27.20 27.21 27.08 27.06 27.11 27.16 27.14 27.29 27.39 27.40 27.44 27.49 27.50 27.46 27.43 27.36 27.31 27.28 27.31 27.24 27.31 27.42 27.48 27.53 27.53 27.46 27.46 27.41 27.43 27.46 27.49
26.63 26.52 26.29 26.09 26.27 27.41 27.46 27.22 27.25 27.27 27.12 27.24 27.27 27.38 27.31 27.10 26.80 27.23 27.36 27.22 27.35 27.33 27.26 27.23 27.20 27.07 27.15 27.08 27.25 27.27 27.33 27.29 27.19 27.21 27.22 27.18 27.25 27.31 27.32 27.30 27.28 27.33 27.27 27.29 27.31 27.28 27.17 27.23 27.10 27.11 27.22 27.18 27.20 27.29 27.29 27.32 27.34 27.37 27.36 27.44 27.45 27.41 27.36 27.29 27.27 27.23 27.21 27.24 27.33 27.43 27.42 27.43 27.58 27.56 27.53 27.56 27.61
26.95 26.92 26.59 26.75 27.14 27.41 27.23 27.22 27.31 27.38 27.44 27.39 27.42 27.36 27.34 27.26 27.07 27.21 27.18 27.21 27.38 27.34 27.25 27.28 27.24 27.31 27.34 27.32 27.35 27.33 27.28 27.25 27.22 26.98 26.84 27.16 27.21 27.17 27.28 27.26 27.26 27.30 27.37 27.38 27.36 27.28 27.27 27.19 27.19 27.16 27.21 27.20 27.24 27.28 27.30 27.30 27.32 27.34 27.34 27.32 27.34 27.33 27.30 27.28 27.28 27.28 27.32 27.36 27.36 27.38 27.51 27.57 27.60 27.63 27.63 27.68 27.65
26.63 26.95 27.03 27.23 27.18 26.85 27.22 27.23 27.36 27.48 27.49 27.43 27.39 27.30 27.27 27.26 27.25 27.26 27.12 27.20 27.23 27.25 27.30 27.36 27.29 27.20 27.32 27.23 27.34 27.35 27.34 27.30 27.25 27.12 27.10 27.20 27.24 27.11 27.21 27.29 27.33 27.31 27.31 27.32 27.37 27.34 27.36 27.30 27.33 27.27 27.26 27.24 27.25 27.27 27.22 27.24 27.27 27.34 27.32 27.32 27.31 27.28 27.19 27.20 27.31 27.36 27.48 27.55 27.49 27.55 27.50 27.51 27.52 27.58 27.64 27.55 27.52
27.01 27.09 27.38 27.48 27.43 27.37 27.43 27.38 27.39 27.24 27.36 27.46 27.39 27.23 27.25 27.43 27.35 27.17 26.92 27.16 27.23 27.26 27.26 27.31 27.34 27.29 27.28 27.18 27.27 27.36 27.33 27.25 27.22 27.22 27.21 27.21 27.20 27.15 27.19 27.21 27.32 27.32 27.32 27.36 27.35 27.37 27.37 27.36 27.38 27.36 27.31 27.23 27.23 27.21 27.19 27.27 27.37 27.41 27.41 27.36 27.33 27.36 27.38 27.40 27.43 27.49 27.54 27.55 27.51 27.46 27.49 27.47 27.45 27.49 27.51 27.50 27.47
26.41 26.34 26.81 27.34 27.48 27.44 27.42 27.41 27.42 27.48 27.51 27.48 27.45 27.40 27.44 27.40 27.40 27.27 27.29 27.35 27.36 27.35 27.36 27.32 27.28 27.09 27.16 27.25 27.39 27.40 27.39 27.32 27.26 27.22 27.23 27.22 27.23 27.11 27.15 27.24 27.28 27.31 27.31 27.31 27.38 27.42 27.41 27.38 27.32 27.33 27.34 27.34 27.32 27.33 27.32 27.37 27.48 27.49 27.54 27.56 27.53 27.59 27.60 27.60 27.61 27.59 27.59 27.54 27.57 27.52 27.52 27.51 27.53 27.47 27.46 27.45 27.46
26.59 26.35 26.94 27.06 27.23 27.33 27.48 27.43 27.44 27.49 27.45 27.54 27.43 27.41 27.36 27.38 27.39 27.36 27.29 27.29 27.34 27.41 27.38 27.34 27.34 27.17 26.91 27.20 27.29 27.24 27.22 27.25 27.32 27.25 27.21 27.30 27.30 27.28 27.21 27.20 27.29 27.28 27.28 27.25 27.30 27.40 27.42 27.40 27.38 27.41 27.43 27.47 27.46 27.57 27.60 27.59 27.59 27.60 27.61 27.63 27.58 27.58 27.59 27.60 27.61 27.65 27.67 27.67 27.68 27.69 27.71 27.75 27.74 27.67 27.65 27.64 27.63
26.13 26.09 26.68 26.75 27.09 27.10 27.03 27.41 27.40 27.48 27.36 27.38 27.45 27.42 27.50 27.48 27.42 27.43 27.44 27.42 27.34 27.28 27.30 27.35 27.35 27.20 26.95 27.12 27.16 27.17 27.27 27.24 27.29 27.34 27.18 27.27 27.32 27.32 27.18 27.08 27.26 27.28 27.22 27.27 27.33 27.42 27.45 27.50 27.50 27.56 27.61 27.62 27.62 27.61 27.61 27.61 27.53 27.57 27.65 27.67 27.68 27.66 27.68 27.75 27.72 27.73 27.71 27.75 27.75 27.71 27.69 27.69 27.66 27.66 27.68 27.68 27.68
