main/data/irradiance/14.11.2023.grid
ncols 839
nrows 679
xllcenter 112.0500
yllcenter -43.9500
cellsize 0.0500
nodata_value 99999.90
[rows 408 to 441 of 679, columns 77 to 153 of 839]
27.67 29.03 28.97 27.22 27.33 26.35 26.84 28.42 28.71 27.74 27.99 28.61 28.88 28.75 27.83 27.71 28.32 29.27 28.46 28.18 29.14 29.20 28.48 28.48 28.71 28.68 29.75 27.67 27.12 28.98 28.96 29.99 29.64 29.57 29.63 29.78 29.70 28.26 27.04 27.58 26.81 26.15 28.69 28.05 27.75 28.78 28.35 28.02 26.61 27.05 27.77 27.34 27.32 29.32 27.83 27.30 28.42 27.62 27.87 28.93 28.38 29.53 29.62 29.18 29.08 29.27 29.64 29.22 29.62 29.11 29.68 28.83 29.54 29.23 28.63 29.14 29.43
27.01 27.36 28.76 27.30 26.40 27.17 26.53 28.40 28.63 28.25 27.14 27.66 28.46 28.71 27.68 28.50 29.58 29.17 27.92 27.84 28.48 28.35 29.13 28.55 28.87 28.73 29.04 27.54 28.52 28.12 28.69 29.08 29.38 29.97 29.74 29.40 29.42 28.74 27.67 28.64 26.30 26.66 27.86 28.84 29.06 27.95 28.01 27.02 26.86 27.76 28.24 26.99 28.69 29.32 28.97 27.66 27.98 28.93 28.99 29.23 28.87 29.21 29.35 28.93 29.15 29.13 29.26 28.36 29.25 28.87 28.66 29.40 29.36 29.26 29.48 29.36 28.65
27.50 27.36 27.58 27.89 27.67 26.81 27.33 27.50 28.34 26.96 26.77 28.04 28.07 27.64 27.95 29.14 30.07 28.79 27.82 27.22 28.15 27.67 28.28 27.49 28.66 28.56 28.22 27.19 28.61 27.86 29.10 28.98 28.45 29.10 29.54 29.49 28.81 28.23 28.84 28.92 27.15 27.21 26.14 28.64 28.39 27.39 27.85 27.54 28.18 27.79 28.60 28.47 27.02 28.06 29.20 28.77 28.00 29.28 29.61 29.14 28.40 28.87 28.48 28.86 29.35 29.84 29.50 29.25 29.30 28.34 29.25 28.51 29.45 29.53 29.31 28.50 29.58
27.87 26.76 27.77 28.19 27.99 27.68 28.07 26.47 26.89 26.80 26.40 26.73 28.63 28.36 27.60 28.80 29.13 28.79 27.53 28.20 28.79 28.82 28.72 28.07 27.77 27.28 28.29 27.21 27.95 28.19 29.34 28.27 28.94 29.47 29.73 28.90 28.37 28.65 29.35 27.78 26.76 27.84 27.13 28.26 28.14 27.74 28.39 27.69 27.98 27.44 28.93 28.96 28.03 28.20 28.70 28.48 28.66 28.91 29.54 28.30 28.27 28.41 29.25 28.91 29.52 29.77 29.10 28.78 29.48 29.71 29.25 28.93 29.31 28.99 29.00 28.89 29.36
26.73 27.62 28.33 26.75 27.80 27.62 28.23 27.78 26.19 27.52 27.40 27.23 26.92 28.18 28.83 29.00 28.00 27.73 27.69 28.57 27.83 28.46 28.19 28.49 27.63 27.68 26.55 26.87 28.19 29.05 28.22 29.18 29.51 29.49 29.45 28.18 27.96 29.12 29.11 27.69 25.73 26.85 27.49 28.44 28.77 28.13 28.24 27.92 27.19 27.92 27.08 28.70 28.50 28.97 28.34 28.67 28.17 29.05 29.04 28.16 27.17 28.88 29.27 29.47 28.60 29.27 28.92 29.20 29.97 30.24 30.26 30.02 29.79 29.75 28.63 29.00 28.89
27.51 28.11 27.77 27.31 26.81 27.35 28.04 27.21 26.47 27.07 27.77 27.87 27.27 27.14 27.83 29.13 28.34 28.58 28.86 28.60 28.24 28.58 27.93 28.83 26.85 27.73 25.36 25.89 28.09 29.63 28.51 29.25 29.26 28.71 28.63 28.29 27.44 29.07 28.74 27.70 25.91 26.55 27.89 28.93 27.88 28.75 29.08 28.57 28.86 28.61 27.60 29.26 29.21 29.28 28.41 27.78 28.57 28.40 29.30 28.98 28.63 28.37 28.84 28.66 28.93 29.00 29.80 29.85 30.23 30.41 30.01 30.06 29.99 29.37 29.53 28.71 28.73
27.31 27.73 26.79 27.43 27.51 26.84 26.47 26.78 26.03 27.18 26.56 28.07 27.62 28.05 28.08 29.03 29.44 29.66 28.84 27.96 27.66 28.57 28.47 27.73 27.56 26.36 27.17 26.63 27.32 29.79 29.37 28.90 29.06 28.82 28.51 28.59 27.69 29.47 28.57 27.86 26.74 27.83 27.27 28.91 28.28 28.73 29.59 28.78 29.48 28.88 29.04 28.36 29.54 28.65 26.89 27.80 28.51 27.98 27.98 28.61 27.80 27.84 29.38 29.54 29.16 28.21 29.77 29.53 29.40 29.74 29.82 29.56 30.04 29.71 29.22 29.12 29.10
28.50 27.77 27.16 27.20 27.19 26.77 26.80 27.51 26.72 27.00 25.55 27.68 28.24 29.29 29.08 27.69 29.07 28.64 28.31 27.63 27.08 27.44 27.44 27.79 27.45 26.29 27.05 27.12 26.83 27.97 29.22 28.95 27.97 28.81 28.48 28.40 26.96 29.54 28.58 27.26 27.76 28.66 27.19 26.78 28.42 29.41 29.61 29.54 29.71 29.42 28.98 28.19 29.31 29.09 28.02 26.24 28.43 29.53 27.91 28.68 29.45 28.88 29.55 28.99 29.39 29.00 28.95 28.08 29.59 29.78 29.60 29.58 29.83 29.45 28.58 28.29 29.54
28.68 28.24 27.84 27.91 28.00 26.71 27.38 27.59 27.26 26.56 27.65 26.85 27.83 28.17 28.20 28.39 28.00 27.74 28.56 28.80 28.36 27.38 27.74 28.11 27.35 27.16 27.79 27.30 25.83 27.84 27.94 29.45 28.12 28.74 28.38 28.71 27.76 29.11 28.06 26.11 28.14 27.41 26.65 25.71 27.85 29.51 29.40 29.86 29.74 29.47 29.60 28.32 28.45 27.20 27.76 28.68 28.87 29.45 29.09 28.01 29.55 29.81 29.60 29.81 29.04 28.86 28.25 28.54 29.43 29.67 29.40 30.00 29.78 29.53 29.09 29.01 29.55
28.57 27.70 27.64 27.48 26.34 26.71 27.65 28.15 26.96 27.08 26.83 26.10 26.16 26.84 28.10 27.94 27.76 28.31 28.39 28.64 28.52 28.36 27.83 27.02 27.62 28.21 26.95 27.89 28.15 27.91 28.10 28.44 27.49 28.79 28.58 28.24 28.30 28.94 27.82 26.03 28.56 27.14 27.38 25.69 26.33 29.50 29.51 29.92 29.49 29.69 29.48 29.27 28.30 27.04 28.44 28.31 29.70 29.48 29.40 28.55 29.70 29.99 29.36 29.57 29.47 28.53 28.80 28.42 28.96 29.60 29.88 29.87 29.65 29.21 28.57 29.96 29.28
28.89 28.36 27.55 26.68 27.57 27.40 28.21 27.80 26.96 26.97 27.22 26.02 26.92 27.43 28.96 27.50 27.55 26.81 27.19 28.50 28.42 28.37 28.84 28.47 28.47 27.78 26.97 25.44 28.22 29.62 29.10 28.51 27.54 28.24 28.45 29.04 28.97 28.68 27.61 27.09 28.05 28.45 26.63 26.21 26.37 27.22 28.63 29.78 29.65 29.36 29.16 28.80 28.43 28.89 28.18 28.11 29.02 29.10 29.67 29.83 30.00 29.82 28.91 29.06 27.92 27.63 29.16 28.73 29.33 29.81 29.98 29.01 29.77 28.93 29.82 29.80 29.58
29.06 28.83 28.28 26.58 26.64 27.53 27.47 27.87 28.23 26.81 27.37 26.55 26.76 26.04 27.65 27.12 27.95 27.18 27.41 27.96 28.92 28.34 28.76 28.45 29.24 28.35 27.18 26.04 28.76 28.80 28.22 28.48 28.29 28.63 28.80 28.16 28.64 28.97 28.40 28.13 28.81 28.17 26.36 26.37 27.65 27.78 29.14 29.14 29.24 29.52 28.75 28.02 28.58 29.35 29.17 28.74 29.46 29.69 28.96 28.85 28.67 29.00 28.60 28.49 28.34 28.18 29.48 29.42 29.44 30.03 29.86 29.64 29.29 28.73 29.79 29.84 29.75
29.48 28.87 28.74 27.02 26.33 27.08 26.40 26.42 27.48 27.01 27.15 26.66 27.21 25.92 27.19 27.55 27.88 28.27 28.07 26.70 28.30 29.16 28.91 29.08 29.47 28.50 28.14 27.43 27.94 29.00 28.72 27.32 27.50 27.81 27.48 26.73 27.75 28.08 28.58 28.83 29.23 28.86 27.35 27.24 28.21 27.98 29.66 29.72 29.41 28.69 28.20 28.10 28.60 28.95 28.78 28.59 29.09 29.34 28.72 28.70 28.91 29.39 28.80 28.46 28.84 28.29 28.93 29.71 29.61 30.10 29.37 29.56 29.64 29.14 29.43 29.85 29.71
29.20 29.27 28.29 27.74 26.58 26.67 26.62 26.65 27.28 26.27 26.34 27.19 26.02 25.72 25.32 27.05 28.59 28.43 28.55 27.70 28.08 28.51 29.79 29.47 29.08 28.56 27.87 26.67 26.38 27.46 27.97 27.52 28.51 27.88 26.46 27.07 27.40 29.55 29.07 29.53 29.57 28.36 28.30 27.24 28.08 28.75 28.93 29.78 30.27 28.54 28.36 28.99 28.86 28.36 28.26 28.96 28.92 29.64 28.63 27.33 28.44 28.72 28.53 29.01 28.96 28.07 28.89 29.32 29.78 29.74 28.83 28.74 29.57 29.41 29.26 29.65 29.96
29.61 29.44 28.72 27.86 26.43 26.50 26.59 26.99 27.69 26.27 26.74 25.92 25.76 25.32 25.52 25.89 27.63 28.09 27.73 28.42 28.23 27.88 28.12 29.02 28.74 28.16 28.23 26.31 25.16 27.16 27.15 27.42 28.06 28.11 26.06 27.52 27.37 28.65 28.77 28.92 29.16 28.99 27.85 27.40 27.83 26.44 28.28 28.15 29.71 28.37 29.31 29.59 28.96 29.16 28.60 28.91 28.55 28.96 27.99 27.83 28.93 28.09 28.76 28.29 28.64 28.59 28.53 29.18 29.83 29.59 29.47 29.37 29.52 29.41 28.98 29.22 29.88
29.74 29.66 29.35 28.33 27.17 27.33 26.77 27.58 27.81 26.84 26.60 26.34 25.89 25.88 26.01 26.10 27.58 27.44 27.50 27.64 27.81 27.77 27.37 28.59 28.24 27.92 27.57 26.74 26.33 26.42 25.20 28.20 28.49 27.68 27.48 27.97 27.08 29.02 28.65 29.75 29.73 29.52 28.44 27.94 27.85 27.04 27.67 28.29 28.89 27.03 28.24 28.54 29.07 28.19 28.44 28.12 28.34 29.08 28.30 28.28 28.63 28.81 28.81 27.91 27.54 28.80 27.78 28.73 29.93 29.27 28.95 29.51 29.67 29.60 29.17 28.94 29.73
29.49 29.62 29.60 28.78 27.99 27.29 26.57 28.94 28.67 26.95 26.33 25.80 25.45 26.21 26.94 27.08 26.73 25.62 27.23 28.00 26.93 27.50 28.45 28.56 27.97 27.86 27.91 26.76 26.67 27.90 27.01 26.85 27.32 28.18 27.80 27.72 27.30 29.15 29.26 29.34 30.04 29.51 29.05 28.64 27.72 28.08 27.58 28.68 27.12 27.58 28.58 28.08 28.54 29.08 28.87 28.54 28.47 27.84 28.45 26.36 28.04 28.32 28.37 28.23 27.99 28.36 28.95 29.70 29.72 29.37 28.82 28.68 29.37 29.60 29.05 28.72 29.48
28.09 28.92 29.26 28.86 27.81 27.33 28.32 29.04 28.41 26.52 25.64 25.04 25.94 27.73 26.28 26.44 25.75 27.25 27.78 28.20 27.32 26.95 27.73 28.12 28.30 28.43 27.72 27.75 27.80 27.26 27.37 26.87 28.33 27.21 27.77 27.83 26.96 28.43 29.42 29.39 29.02 29.39 29.54 28.69 28.36 27.49 27.64 28.60 27.61 27.79 28.81 28.25 28.08 28.64 28.73 29.02 28.66 27.99 28.70 26.24 27.02 29.09 28.90 27.76 28.76 28.82 29.34 29.09 29.46 29.48 29.52 29.40 29.53 29.18 29.32 29.33 28.57
28.17 28.62 29.28 28.74 27.48 27.54 28.38 28.54 28.71 27.44 26.03 25.27 25.23 26.70 25.89 25.51 26.65 26.74 27.53 27.65 27.90 28.29 27.53 27.20 27.54 28.03 28.16 28.89 28.37 28.72 27.54 26.92 27.87 27.36 27.60 27.90 25.50 29.25 28.89 29.20 28.25 29.59 30.00 28.70 28.66 28.78 27.84 28.32 27.65 27.29 28.14 28.70 28.26 29.13 28.76 28.49 28.53 28.18 29.07 27.46 26.97 28.56 28.73 28.56 27.88 28.37 28.61 26.83 28.93 28.55 28.85 28.85 28.79 29.34 28.66 29.21 29.27
28.30 29.19 29.34 29.10 28.30 28.61 28.68 29.08 28.20 28.15 27.34 26.18 25.31 25.91 25.56 25.45 26.27 25.83 26.94 27.93 26.93 28.70 27.98 27.47 26.42 27.93 27.87 28.26 27.31 27.11 28.35 27.31 28.13 27.99 27.94 28.35 25.93 27.86 28.60 29.22 28.41 29.31 29.20 29.69 29.30 29.22 28.80 28.21 27.27 26.82 28.24 28.19 27.71 28.38 27.84 27.74 28.04 27.61 27.34 27.35 28.28 27.01 27.99 27.99 27.26 27.78 27.75 27.27 27.53 27.99 29.04 29.32 28.77 28.72 28.64 28.95 29.56
28.75 29.04 29.63 29.12 28.32 28.67 28.83 28.16 28.36 27.67 26.48 26.45 25.48 25.43 25.74 24.46 25.99 25.41 26.05 26.74 27.09 28.05 28.24 27.60 27.30 27.27 28.00 27.60 26.91 27.43 28.26 28.77 27.41 28.19 26.42 27.32 27.59 27.68 27.51 29.04 28.60 29.50 29.63 29.43 29.74 29.15 28.96 28.65 26.98 26.36 27.73 27.65 28.48 27.23 27.14 27.11 27.33 27.39 27.60 28.40 27.53 27.45 28.60 27.96 27.69 27.56 28.38 27.74 27.59 27.90 28.55 29.09 29.06 28.58 29.50 29.62 29.43
29.38 28.52 29.39 29.00 28.20 28.55 28.99 28.13 28.28 28.08 27.72 26.47 24.96 25.92 25.99 25.18 26.54 26.13 26.45 26.10 26.64 27.24 27.77 27.08 27.18 27.19 26.51 26.95 26.73 27.06 26.67 28.13 28.02 27.72 27.19 26.63 27.35 27.10 27.40 28.00 28.42 29.74 29.13 29.90 29.85 29.48 28.86 28.80 27.60 26.98 27.01 26.54 28.25 28.54 26.14 27.38 27.17 27.46 27.43 27.58 28.24 27.24 27.84 27.92 27.61 27.19 27.72 28.19 28.09 28.80 27.56 29.07 29.04 28.59 29.15 29.77 29.74
29.65 28.53 28.73 29.02 28.36 28.56 28.66 27.78 28.13 27.55 26.69 27.19 27.08 25.68 24.57 26.03 26.91 26.47 26.77 26.80 25.55 25.68 26.98 27.27 27.49 26.71 27.09 26.68 27.40 26.54 26.23 27.78 27.59 27.17 26.55 28.17 27.88 26.77 27.69 27.92 27.50 28.74 29.33 29.68 29.60 29.71 29.39 28.91 26.85 25.87 27.90 27.81 28.25 27.59 26.45 26.61 28.30 27.81 27.23 27.82 27.86 27.46 27.74 26.83 27.77 27.31 27.34 27.48 28.17 28.75 29.15 28.62 29.14 29.36 29.42 29.65 29.48
29.71 29.36 28.07 28.89 28.94 29.12 28.69 28.92 28.18 28.05 27.65 27.35 26.60 25.22 24.65 25.59 26.15 26.73 26.28 26.59 25.61 25.58 26.32 27.01 27.57 27.42 27.08 27.52 26.63 27.50 26.13 26.98 28.07 26.07 26.67 27.91 28.25 25.94 28.34 28.13 27.83 29.11 29.19 29.25 29.43 28.67 29.39 29.11 28.02 25.97 26.97 26.71 28.04 27.30 27.24 26.63 27.20 27.50 26.97 27.52 28.38 27.58 28.38 28.26 26.92 28.31 28.00 27.97 27.70 28.61 28.65 28.61 28.82 28.44 29.24 29.50 29.54
29.77 29.47 28.32 29.12 28.62 29.05 29.03 28.35 27.51 26.39 26.63 26.95 26.19 25.20 25.75 25.18 26.32 26.06 26.02 25.97 26.65 26.65 27.06 26.73 26.61 27.49 27.39 27.78 27.29 27.60 26.56 27.71 26.20 27.24 26.66 26.72 28.25 26.83 29.24 29.07 28.00 27.82 28.63 29.00 29.50 28.19 29.25 29.27 28.71 26.25 27.55 27.00 27.40 27.62 28.43 27.88 26.81 27.48 26.63 26.30 27.54 28.80 27.13 27.47 27.85 27.78 28.60 28.60 29.25 28.98 28.43 29.07 28.76 28.53 29.36 29.50 29.68
29.76 29.46 28.11 28.04 28.62 28.61 28.75 28.66 27.90 26.94 26.14 26.19 26.03 26.39 26.68 26.04 25.61 25.53 26.06 26.81 27.32 26.60 26.46 26.83 25.86 26.87 26.24 27.14 27.33 25.44 25.73 27.29 26.40 26.30 27.37 26.59 28.36 27.04 26.93 28.15 28.08 27.22 27.07 28.28 28.76 28.71 28.99 28.35 28.24 28.04 27.56 27.12 26.84 27.37 28.05 26.85 27.14 25.70 26.86 28.13 28.74 28.75 28.37 28.23 28.43 27.81 27.72 27.57 29.06 29.58 28.86 28.85 29.35 29.33 28.74 28.98 29.33
29.76 29.79 29.30 28.96 28.90 28.52 28.66 27.96 27.45 26.99 27.21 26.98 25.41 25.16 25.19 25.38 25.15 25.59 26.20 26.92 26.53 26.04 25.94 25.65 25.95 26.42 26.98 26.94 26.71 24.25 25.98 27.79 25.49 26.41 28.27 27.04 27.37 26.51 27.00 27.20 26.58 27.53 25.34 27.46 27.75 28.58 28.16 28.56 28.37 28.50 28.43 26.59 27.10 27.72 28.46 27.08 25.91 25.60 27.84 27.80 29.23 28.48 28.40 28.76 28.12 28.33 28.37 28.20 28.81 28.55 28.41 28.74 29.15 28.96 29.31 29.52 29.63
29.76 29.81 29.51 28.95 28.68 28.43 28.39 28.27 27.33 26.82 26.62 26.68 26.17 25.87 24.33 24.69 25.20 25.60 25.39 26.39 27.22 25.97 25.12 26.08 26.68 26.65 26.99 26.84 24.89 24.63 25.34 26.97 26.02 24.38 27.50 28.59 28.92 26.40 25.05 26.24 26.85 27.43 25.89 26.47 27.53 27.91 27.96 27.77 28.21 28.42 28.93 28.08 26.59 26.77 26.94 27.34 27.49 26.48 27.09 26.99 28.97 28.98 28.34 28.32 28.59 28.67 29.47 28.98 28.97 28.32 28.90 28.53 29.29 29.54 29.46 29.55 29.60
29.88 29.76 29.35 29.19 29.21 28.76 28.85 28.65 27.78 27.76 26.87 26.11 26.69 25.79 24.59 25.16 25.03 25.49 25.21 25.75 26.33 25.47 25.27 24.30 26.33 26.23 26.45 25.36 24.34 25.38 25.92 25.26 25.92 24.06 25.90 27.52 27.56 27.47 26.02 26.62 26.51 27.38 28.02 26.56 26.96 27.54 27.76 28.33 27.91 27.94 28.78 28.28 26.46 27.50 27.25 27.50 28.22 27.39 26.79 27.24 28.45 29.51 29.35 28.93 28.26 28.95 28.62 28.71 28.99 28.62 28.66 29.49 29.57 29.57 29.57 29.29 29.35
29.87 29.73 29.51 29.49 29.18 28.96 29.06 28.87 27.52 28.65 27.26 26.02 26.10 27.48 25.30 25.41 25.58 26.35 26.55 25.11 25.56 26.25 25.56 25.02 24.67 26.22 26.13 25.21 25.86 25.23 26.19 24.95 25.52 23.69 25.01 25.86 27.08 27.01 27.11 25.65 24.28 25.53 27.29 26.69 26.12 27.42 27.38 27.75 28.41 29.07 29.06 29.37 28.79 27.95 27.27 27.58 28.25 27.90 27.68 26.36 27.97 29.61 29.54 29.42 29.13 29.51 28.34 28.63 28.91 28.92 29.07 29.50 29.54 29.57 29.56 29.52 29.58
29.81 29.71 29.34 29.05 29.21 28.99 28.92 28.71 27.82 28.51 27.55 25.99 26.23 26.74 26.98 26.47 25.56 25.82 26.33 25.18 24.83 25.49 25.05 25.04 25.19 26.57 27.17 24.94 26.45 26.07 26.56 26.01 25.50 22.93 24.85 25.15 25.42 27.39 27.13 26.90 25.57 25.69 26.77 28.54 25.96 26.79 27.98 27.90 27.93 28.53 28.29 28.65 29.20 28.02 27.34 28.47 28.63 28.01 27.74 27.68 28.04 28.55 28.71 28.83 28.98 28.91 28.98 29.06 28.86 29.10 29.37 29.51 29.48 29.52 29.49 29.53 29.53
29.82 29.80 29.11 28.88 28.40 28.42 29.10 28.94 28.19 27.28 27.62 27.58 25.82 25.11 26.48 26.11 26.57 25.82 25.51 25.07 25.00 25.85 24.68 24.81 24.30 26.23 26.53 25.15 25.62 26.71 26.78 26.98 26.67 23.78 22.97 23.52 24.33 25.17 26.82 27.74 26.53 24.58 25.90 26.45 26.81 26.64 27.13 27.86 28.08 28.33 28.84 28.68 28.61 28.59 28.26 28.60 29.44 27.99 28.35 28.52 27.25 27.67 28.78 27.77 28.08 28.13 28.69 29.18 28.97 29.18 29.45 29.37 29.37 29.48 29.40 29.42 29.54
29.79 29.70 28.97 28.46 28.04 28.46 28.19 28.79 27.80 26.71 27.68 27.85 27.40 26.32 26.11 25.69 25.43 25.83 24.57 24.49 24.60 24.78 23.61 24.12 24.52 24.97 25.87 25.51 24.31 25.11 26.42 26.94 25.06 24.36 24.08 23.93 22.39 23.87 25.62 26.21 24.62 23.80 25.62 25.00 26.62 26.98 27.65 28.46 28.24 27.94 28.82 28.21 29.07 29.25 28.87 29.17 29.12 28.70 29.02 27.71 26.71 27.27 27.62 28.59 27.84 27.89 28.06 29.16 29.32 29.03 29.15 29.36 29.39 29.58 29.49 29.51 29.53
29.63 29.62 28.67 28.39 28.07 28.26 28.30 27.90 27.93 26.11 26.17 27.98 26.80 27.16 26.04 27.55 26.22 25.46 25.64 24.65 25.02 25.11 24.35 23.11 25.14 25.51 25.99 25.36 24.99 24.82 26.43 24.01 24.97 25.43 23.84 24.93 24.15 23.55 25.25 25.62 25.05 23.54 24.71 25.44 25.80 26.67 26.95 28.21 28.16 28.19 28.44 28.53 28.57 28.64 28.02 27.27 28.48 28.67 28.88 27.65 27.76 28.37 26.53 27.23 27.00 25.50 27.27 28.58 28.67 28.57 28.42 28.83 28.66 29.34 29.44 29.42 29.45
