main/data/irradiance/14.12.2023.grid
ncols 839
nrows 679
xllcenter 112.0500
yllcenter -43.9500
cellsize 0.0500
nodata_value 99999.90
[rows 102 to 135 of 679, columns 539 to 615 of 839]
99999.90 99999.90 99999.90 99999.90 99999.90 99999.90 99999.90 99999.90 99999.90 99999.90 99999.90 99999.90 99999.90 99999.90 99999.90 99999.90 99999.90 99999.90 99999.90 99999.90 99999.90 99999.90 99999.90 99999.90 99999.90 99999.90 99999.90 99999.90 99999.90 99999.90 99999.90 99999.90 99999.90 99999.90 99999.90 99999.90 99999.90 99999.90 99999.90 22.76 24.03 21.69 20.56 20.56 20.56 20.56 20.56 20.56 20.56 20.56 20.56 20.70 20.70 20.70 20.38 20.96 20.49 20.80 20.09 17.90 15.60 14.83 14.57 14.89 17.52 17.09 16.30 13.62 14.56 12.81 12.74 12.33 13.19 14.41 14.40 13.02 12.22
99999.90 99999.90 99999.90 99999.90 99999.90 99999.90 99999.90 99999.90 99999.90 99999.90 99999.90 99999.90 99999.90 99999.90 99999.90 99999.90 99999.90 99999.90 99999.90 99999.90 99999.90 99999.90 99999.90 99999.90 99999.90 99999.90 99999.90 99999.90 99999.90 99999.90 99999.90 99999.90 99999.90 99999.90 99999.90 99999.90 99999.90 99999.90 99999.90 22.76 24.03 21.69 21.69 21.69 20.56 20.56 20.56 20.56 20.56 20.56 20.56 20.56 21.24 21.24 21.72 22.94 22.24 19.41 17.77 16.21 15.16 12.46 14.91 16.77 17.73 18.09 14.68 13.03 12.84 13.72 14.88 13.14 13.85 15.39 15.54 13.46 13.04
99999.90 99999.90 99999.90 99999.90 99999.90 99999.90 99999.90 99999.90 99999.90 99999.90 99999.90 99999.90 99999.90 99999.90 99999.90 99999.90 99999.90 99999.90 99999.90 99999.90 99999.90 99999.90 99999.90 99999.90 99999.90 99999.90 99999.90 99999.90 99999.90 99999.90 99999.90 99999.90 99999.90 99999.90 99999.90 99999.90 99999.90 99999.90 99999.90 22.76 24.03 24.03 24.03 21.69 21.69 21.69 21.69 20.56 20.56 20.56 20.56 20.56 20.56 20.12 21.32 23.40 22.46 19.05 16.11 16.03 15.50 13.99 16.86 18.03 18.07 17.28 15.83 14.05 14.34 15.87 13.81 13.73 13.36 14.64 14.82 14.32 13.47
99999.90 99999.90 99999.90 99999.90 99999.90 99999.90 99999.90 99999.90 99999.90 99999.90 99999.90 99999.90 99999.90 99999.90 99999.90 99999.90 99999.90 99999.90 99999.90 99999.90 99999.90 99999.90 99999.90 99999.90 99999.90 99999.90 99999.90 99999.90 99999.90 99999.90 99999.90 99999.90 99999.90 99999.90 99999.90 99999.90 99999.90 99999.90 99999.90 22.76 24.03 24.03 24.03 24.03 24.03 21.69 21.69 21.69 21.69 21.69 20.92 20.92 20.92 21.26 21.32 21.75 19.09 18.03 17.16 16.96 16.81 16.81 19.17 18.21 17.94 16.05 16.92 15.08 15.75 15.08 13.13 12.67 13.31 12.88 13.53 13.53 13.10
99999.90 99999.90 99999.90 99999.90 99999.90 99999.90 99999.90 99999.90 99999.90 99999.90 99999.90 99999.90 99999.90 99999.90 99999.90 99999.90 99999.90 99999.90 99999.90 99999.90 99999.90 99999.90 99999.90 99999.90 99999.90 99999.90 99999.90 99999.90 99999.90 99999.90 99999.90 99999.90 99999.90 99999.90 99999.90 99999.90 99999.90 99999.90 99999.90 22.76 24.03 24.03 24.03 24.03 24.03 24.03 24.03 21.69 21.69 21.69 21.69 21.66 21.66 20.58 19.50 18.19 15.97 15.34 16.73 18.47 17.54 17.21 18.27 16.65 17.98 18.42 17.28 15.63 13.54 11.63 12.44 12.28 12.18 11.79 12.27 12.67 12.93
99999.90 99999.90 99999.90 99999.90 99999.90 99999.90 99999.90 99999.90 99999.90 99999.90 99999.90 99999.90 99999.90 99999.90 99999.90 99999.90 99999.90 99999.90 99999.90 99999.90 99999.90 99999.90 99999.90 99999.90 99999.90 99999.90 99999.90 99999.90 99999.90 99999.90 99999.90 99999.90 99999.90 99999.90 99999.90 99999.90 99999.90 99999.90 99999.90 22.76 24.03 24.03 24.03 24.03 24.03 24.03 24.03 24.03 24.03 21.69 21.69 21.69 21.33 19.26 19.50 17.24 15.04 15.51 16.29 17.64 18.00 17.53 17.73 17.03 18.66 19.37 18.39 15.49 13.42 12.12 13.37 12.12 11.62 11.29 11.66 12.07 11.97
99999.90 99999.90 99999.90 99999.90 99999.90 99999.90 99999.90 99999.90 99999.90 99999.90 99999.90 99999.90 99999.90 99999.90 99999.90 99999.90 99999.90 99999.90 99999.90 99999.90 99999.90 99999.90 99999.90 99999.90 99999.90 99999.90 99999.90 99999.90 99999.90 99999.90 99999.90 99999.90 99999.90 99999.90 99999.90 99999.90 99999.90 99999.90 21.18 22.76 22.76 22.76 24.03 24.03 24.03 24.03 24.03 24.03 24.03 24.03 23.28 23.28 21.90 20.00 19.14 18.30 16.56 16.68 15.70 16.07 17.91 17.82 18.23 17.76 19.59 19.81 18.09 15.92 13.53 13.48 13.05 12.49 11.16 11.35 12.45 12.61 11.96
99999.90 99999.90 99999.90 99999.90 99999.90 99999.90 99999.90 99999.90 99999.90 99999.90 99999.90 99999.90 99999.90 99999.90 99999.90 99999.90 99999.90 99999.90 99999.90 99999.90 99999.90 99999.90 99999.90 99999.90 99999.90 99999.90 99999.90 99999.90 99999.90 99999.90 99999.90 99999.90 99999.90 99999.90 99999.90 99999.90 99999.90 99999.90 21.18 22.76 22.76 22.76 22.76 22.76 22.76 24.03 24.03 24.03 24.03 24.03 24.03 24.23 21.73 19.58 20.17 19.05 16.42 16.44 15.41 16.12 17.37 17.50 17.63 18.09 19.54 19.36 17.28 15.61 14.56 13.52 12.69 12.19 12.16 12.25 13.34 12.68 11.55
99999.90 99999.90 99999.90 99999.90 99999.90 99999.90 99999.90 99999.90 99999.90 99999.90 99999.90 99999.90 99999.90 99999.90 99999.90 99999.90 99999.90 99999.90 99999.90 99999.90 99999.90 99999.90 99999.90 99999.90 99999.90 99999.90 99999.90 99999.90 99999.90 99999.90 99999.90 99999.90 99999.90 99999.90 99999.90 99999.90 99999.90 99999.90 21.18 22.76 22.76 22.76 22.76 22.76 22.76 22.76 22.76 22.76 24.35 24.35 24.35 23.40 20.99 17.28 18.89 17.61 16.74 17.55 16.77 16.54 17.00 16.62 18.44 18.86 19.18 16.93 15.11 13.46 13.92 13.87 14.07 13.95 11.69 12.03 13.13 10.53 9.65
99999.90 99999.90 99999.90 99999.90 99999.90 99999.90 99999.90 99999.90 99999.90 99999.90 99999.90 99999.90 99999.90 99999.90 99999.90 99999.90 99999.90 99999.90 99999.90 99999.90 99999.90 99999.90 99999.90 99999.90 99999.90 99999.90 99999.90 99999.90 99999.90 99999.90 99999.90 99999.90 99999.90 99999.90 99999.90 99999.90 99999.90 99999.90 21.18 22.76 22.76 22.76 22.76 22.76 22.76 22.76 22.76 22.76 22.76 21.85 21.85 21.97 18.83 16.95 17.54 16.78 18.03 17.64 16.33 16.44 15.92 16.86 18.66 18.97 17.46 15.59 14.25 13.18 12.88 14.39 15.42 13.83 12.48 12.78 11.35 9.05 8.35
99999.90 99999.90 99999.90 99999.90 99999.90 99999.90 99999.90 99999.90 99999.90 99999.90 99999.90 99999.90 99999.90 99999.90 99999.90 99999.90 99999.90 99999.90 99999.90 99999.90 99999.90 99999.90 99999.90 99999.90 99999.90 99999.90 99999.90 99999.90 99999.90 99999.90 99999.90 99999.90 99999.90 99999.90 99999.90 99999.90 99999.90 99999.90 21.18 22.76 22.76 22.76 22.76 22.76 22.76 22.76 22.76 22.76 22.76 22.76 22.62 20.89 17.94 19.11 19.44 18.58 18.41 18.77 17.72 16.33 15.56 17.96 18.88 18.05 16.56 13.91 13.59 13.17 13.30 13.42 14.00 13.36 13.43 11.59 10.09 8.41 7.79
99999.90 99999.90 99999.90 99999.90 99999.90 99999.90 99999.90 99999.90 99999.90 99999.90 99999.90 99999.90 99999.90 99999.90 99999.90 99999.90 99999.90 99999.90 99999.90 99999.90 99999.90 99999.90 99999.90 99999.90 99999.90 99999.90 99999.90 99999.90 99999.90 99999.90 99999.90 99999.90 99999.90 99999.90 99999.90 99999.90 99999.90 99999.90 21.18 23.14 23.14 23.14 23.14 23.14 23.14 23.14 23.14 23.14 23.14 23.14 22.84 19.33 17.93 20.15 18.66 18.31 18.44 19.48 19.24 17.80 17.28 18.80 17.41 16.77 15.34 14.94 14.05 14.69 15.40 14.20 13.27 13.17 13.71 12.09 9.90 8.45 7.59
99999.90 99999.90 99999.90 99999.90 99999.90 99999.90 99999.90 99999.90 99999.90 99999.90 99999.90 99999.90 99999.90 99999.90 99999.90 99999.90 99999.90 99999.90 99999.90 99999.90 99999.90 99999.90 99999.90 99999.90 99999.90 99999.90 99999.90 99999.90 99999.90 99999.90 99999.90 99999.90 99999.90 99999.90 99999.90 99999.90 99999.90 99999.90 21.18 21.18 21.18 23.03 23.03 23.03 23.03 23.03 23.03 23.03 23.03 23.03 22.33 19.10 18.08 19.02 19.13 18.44 19.76 19.87 19.52 18.61 19.67 19.04 16.99 17.07 15.61 16.01 15.40 15.24 14.73 15.13 12.86 12.81 13.85 11.56 10.25 9.11 6.94
99999.90 99999.90 99999.90 99999.90 99999.90 99999.90 99999.90 99999.90 99999.90 99999.90 99999.90 99999.90 99999.90 99999.90 99999.90 99999.90 99999.90 99999.90 99999.90 99999.90 99999.90 99999.90 99999.90 99999.90 99999.90 99999.90 99999.90 99999.90 99999.90 99999.90 99999.90 99999.90 99999.90 99999.90 99999.90 99999.90 99999.90 20.76 21.18 21.18 21.18 21.18 21.18 21.18 21.87 21.87 21.87 21.87 21.87 21.87 20.73 19.62 20.03 19.20 18.90 19.01 20.72 20.70 18.67 18.38 18.49 17.59 17.66 18.20 16.62 16.01 15.59 15.65 16.54 16.02 14.88 14.46 14.40 11.16 9.32 6.97 6.11
99999.90 99999.90 99999.90 99999.90 99999.90 99999.90 99999.90 99999.90 99999.90 99999.90 99999.90 99999.90 99999.90 99999.90 99999.90 99999.90 99999.90 99999.90 99999.90 99999.90 99999.90 99999.90 99999.90 99999.90 99999.90 99999.90 99999.90 99999.90 99999.90 99999.90 99999.90 99999.90 99999.90 99999.90 99999.90 99999.90 99999.90 20.76 21.18 21.18 21.18 21.18 21.18 21.18 21.18 21.18 21.18 20.73 20.73 20.73 19.47 19.17 20.48 20.26 19.44 20.99 21.60 21.24 20.22 18.20 17.12 17.46 17.66 18.70 17.02 14.92 16.35 17.98 19.15 17.57 16.38 15.64 14.83 11.59 9.08 7.17 6.46
99999.90 99999.90 99999.90 99999.90 99999.90 99999.90 99999.90 99999.90 99999.90 99999.90 99999.90 99999.90 99999.90 99999.90 99999.90 99999.90 99999.90 99999.90 99999.90 99999.90 99999.90 99999.90 99999.90 99999.90 99999.90 99999.90 99999.90 99999.90 99999.90 99999.90 99999.90 99999.90 99999.90 99999.90 99999.90 99999.90 99999.90 20.76 21.18 21.18 21.18 21.18 21.18 21.18 21.18 21.18 21.18 21.18 20.44 20.44 19.16 19.29 19.29 20.67 20.72 21.32 21.18 20.22 19.21 16.37 16.92 16.01 18.33 19.23 15.72 14.52 16.64 18.42 18.89 16.12 15.24 15.42 14.57 10.87 8.39 6.84 5.69
26.34 26.34 26.34 26.34 26.34 26.34 26.34 26.34 26.34 26.34 26.34 26.13 26.59 26.59 26.59 26.59 26.59 26.59 26.59 26.59 26.59 26.59 26.59 99999.90 99999.90 99999.90 99999.90 99999.90 99999.90 99999.90 99999.90 99999.90 99999.90 99999.90 99999.90 99999.90 99999.90 20.76 21.18 21.18 21.18 21.18 21.18 21.18 21.18 21.18 21.18 21.18 21.18 20.02 18.68 19.71 20.17 20.55 20.45 19.52 19.38 17.95 17.77 16.24 15.60 17.09 19.40 16.39 15.78 17.68 17.18 17.54 19.48 16.68 16.80 15.33 13.20 9.65 8.22 7.12 5.81
25.29 25.29 25.29 25.29 25.29 25.29 26.34 26.34 26.34 26.34 26.34 26.13 26.59 26.59 26.59 26.59 26.59 26.59 26.59 26.59 26.59 26.59 26.59 27.31 99999.90 99999.90 99999.90 99999.90 99999.90 99999.90 99999.90 99999.90 99999.90 99999.90 99999.90 99999.90 22.53 20.76 21.18 21.18 21.18 21.18 21.18 21.18 21.18 21.18 21.18 21.18 21.18 18.25 19.08 18.74 20.06 21.45 20.34 19.93 19.31 18.15 17.43 15.97 16.03 16.93 16.74 13.97 15.82 17.18 16.36 15.83 18.28 17.18 17.55 15.24 12.92 10.10 8.69 7.19 6.86
25.29 25.29 25.29 25.29 25.29 25.29 26.34 26.34 26.34 26.34 26.34 26.13 26.59 26.59 26.59 26.59 26.59 26.59 26.59 26.59 26.59 26.59 27.31 27.31 99999.90 99999.90 99999.90 99999.90 99999.90 99999.90 99999.90 99999.90 99999.90 99999.90 99999.90 99999.90 22.53 20.76 21.18 21.18 21.18 21.18 21.18 21.18 21.18 21.18 21.18 18.55 18.55 18.55 19.54 20.52 22.32 23.05 20.97 20.85 19.40 18.05 17.03 17.63 16.36 16.29 16.07 15.67 16.77 18.03 16.28 16.16 16.63 15.89 16.28 14.82 13.79 10.67 8.43 7.59 7.25
25.29 25.29 25.29 25.29 25.29 25.29 25.29 26.34 26.34 26.34 26.34 26.13 26.59 26.59 26.59 26.59 26.59 26.59 26.59 26.59 26.59 27.31 27.31 27.31 99999.90 99999.90 99999.90 99999.90 99999.90 99999.90 99999.90 99999.90 99999.90 99999.90 99999.90 21.78 22.53 20.76 20.76 20.76 20.76 20.76 21.29 21.29 21.29 21.29 21.29 19.35 19.35 19.35 20.05 20.39 22.56 23.58 22.79 21.95 19.30 17.53 17.01 17.27 16.37 18.02 17.68 18.38 19.10 20.29 16.39 16.95 15.98 15.37 15.32 15.09 13.55 11.08 9.20 7.59 7.35
25.29 25.29 25.29 25.29 25.29 25.29 25.29 26.34 26.34 26.34 26.34 26.13 26.59 26.59 26.59 26.59 26.59 26.59 26.59 26.59 27.31 27.31 27.31 27.31 99999.90 99999.90 99999.90 99999.90 99999.90 99999.90 99999.90 99999.90 99999.90 99999.90 99999.90 21.78 22.53 20.76 20.76 20.76 20.76 20.76 20.76 20.76 21.29 21.29 21.29 21.29 19.92 19.92 19.85 21.89 22.54 23.39 23.57 21.75 19.73 17.64 16.72 16.80 17.17 16.65 17.92 16.80 18.46 18.56 16.31 15.50 15.46 15.36 15.80 15.09 13.50 10.87 9.08 9.26 8.45
25.29 25.29 25.29 25.29 25.29 25.29 25.29 26.34 26.34 26.34 26.34 26.13 26.59 26.59 26.59 26.59 26.59 26.59 26.59 27.31 27.31 27.31 27.31 27.31 99999.90 99999.90 99999.90 99999.90 99999.90 99999.90 99999.90 99999.90 99999.90 99999.90 99999.90 21.78 22.53 20.76 20.76 20.76 20.76 20.76 20.76 20.76 20.76 20.76 21.29 21.29 21.29 20.38 20.53 22.52 23.15 23.81 22.85 20.90 18.65 17.22 16.89 18.18 17.43 18.27 18.24 16.95 19.33 18.48 15.99 15.74 15.75 14.57 14.93 14.62 13.33 11.80 10.94 10.48 10.01
25.29 25.29 25.29 25.29 25.29 25.29 25.29 26.34 26.34 26.34 26.34 26.13 26.59 26.59 26.59 26.59 26.59 26.59 27.31 27.31 27.31 27.31 27.31 27.31 99999.90 99999.90 99999.90 99999.90 99999.90 99999.90 99999.90 99999.90 99999.90 99999.90 25.33 21.78 22.53 20.76 20.76 20.76 20.76 20.76 20.76 20.76 20.76 20.76 20.76 20.80 20.80 20.73 19.64 22.87 23.76 23.98 23.37 21.45 19.27 17.06 17.82 18.68 18.61 19.78 18.94 17.75 18.56 17.31 15.69 15.68 16.05 15.03 14.32 14.87 14.16 14.01 12.64 11.91 10.79
23.46 25.29 25.29 25.29 25.29 25.29 25.29 26.05 26.34 26.34 26.34 26.13 26.59 26.59 26.59 26.59 26.59 27.31 27.31 27.31 27.31 27.31 27.31 27.31 99999.90 99999.90 99999.90 99999.90 99999.90 99999.90 99999.90 99999.90 99999.90 23.81 25.33 21.78 22.53 22.53 22.53 20.76 20.76 20.76 20.76 20.76 20.76 20.76 20.76 20.76 21.21 22.24 21.48 23.13 22.56 24.55 23.77 21.93 19.47 17.44 19.46 19.83 19.72 20.27 18.16 19.64 18.12 15.59 16.74 16.30 15.54 16.48 15.29 15.54 15.02 14.50 12.68 10.75 10.45
23.46 23.46 25.29 25.29 25.29 25.29 25.29 26.05 26.34 26.34 26.34 26.13 26.59 26.59 26.59 26.59 27.31 27.31 27.31 27.31 27.31 27.31 27.31 27.31 99999.90 99999.90 99999.90 99999.90 99999.90 99999.90 99999.90 99999.90 22.64 23.81 23.81 21.78 21.78 21.78 22.53 22.53 22.53 22.53 21.56 21.56 21.56 21.56 21.56 21.56 21.55 22.93 23.03 22.68 22.17 23.95 22.12 21.72 20.00 19.91 20.13 20.42 20.26 19.22 18.41 18.82 19.34 17.46 17.21 16.25 16.51 17.17 14.79 14.83 14.60 13.75 13.07 11.63 11.50
24.18 23.46 23.46 25.29 25.29 25.29 25.29 26.05 27.10 26.34 26.34 26.13 26.59 26.59 26.59 27.31 27.31 27.31 27.31 27.31 27.31 27.31 27.31 27.31 99999.90 99999.90 99999.90 99999.90 99999.90 99999.90 99999.90 99999.90 22.64 22.64 23.81 21.78 21.78 21.78 21.78 21.78 22.53 22.53 22.53 22.53 22.53 22.51 22.51 22.51 21.07 23.66 22.21 22.57 21.77 22.25 22.68 22.20 20.13 20.97 19.95 19.45 19.53 18.65 19.59 19.45 17.98 18.50 16.26 15.12 15.44 17.48 14.53 13.94 13.55 12.21 12.28 11.90 11.64
24.18 24.18 23.46 23.46 25.29 25.29 25.29 26.05 27.10 26.34 26.34 26.13 26.59 26.59 27.31 27.31 27.31 27.31 27.31 27.31 27.31 27.31 27.31 27.31 99999.90 99999.90 99999.90 99999.90 99999.90 99999.90 99999.90 21.72 22.64 22.64 22.64 21.78 21.78 21.78 21.78 21.78 21.78 21.78 22.53 22.53 22.53 22.53 22.13 22.13 23.43 24.33 23.24 22.27 22.41 21.41 22.32 22.30 21.58 21.81 18.71 19.54 18.49 19.02 19.89 18.46 17.96 18.38 16.87 17.18 16.22 16.78 14.50 14.52 14.40 13.32 12.47 12.51 12.11
24.18 24.18 24.18 23.46 23.46 25.29 25.29 26.05 27.10 26.91 27.71 26.13 27.39 27.31 27.31 27.31 27.31 27.31 27.31 27.31 27.31 27.31 27.31 27.31 99999.90 99999.90 99999.90 99999.90 99999.90 99999.90 23.73 21.72 22.64 22.64 22.64 22.64 21.78 21.78 21.78 21.78 21.78 21.78 21.78 21.78 22.53 22.53 22.53 23.67 23.42 23.68 23.37 21.44 22.36 22.33 22.97 22.49 22.06 21.99 19.91 19.49 17.35 19.63 18.56 18.00 19.23 18.13 18.47 19.78 18.04 16.89 15.13 14.91 14.72 13.27 13.20 13.21 13.14
24.18 24.18 24.18 24.18 23.46 23.46 25.02 27.06 27.69 27.80 27.71 27.71 27.39 27.31 27.31 27.31 27.31 27.31 27.31 27.31 27.31 27.31 27.31 27.31 99999.90 99999.90 99999.90 99999.90 99999.90 99999.90 23.73 23.73 22.64 22.64 22.64 22.64 22.64 23.81 21.78 21.78 21.78 21.78 21.78 21.78 21.78 22.09 22.09 24.99 24.63 23.42 22.88 21.54 22.54 22.39 24.15 22.80 23.10 22.52 20.86 18.74 17.87 19.47 20.77 20.12 18.69 19.11 19.31 19.89 18.04 17.71 16.02 15.15 14.45 13.40 13.51 13.03 13.44
24.18 24.18 24.18 24.18 24.18 24.00 25.82 26.96 27.69 27.69 27.69 27.69 27.39 27.31 27.31 27.31 27.31 27.31 27.31 27.31 27.31 27.31 27.31 27.31 99999.90 99999.90 99999.90 99999.90 99999.90 99999.90 23.73 23.73 22.64 22.64 22.64 22.64 22.64 22.64 23.81 23.81 21.78 21.78 21.78 21.78 21.78 21.78 24.41 24.72 23.55 23.69 22.60 22.57 22.56 23.38 23.80 23.24 22.68 21.77 20.93 18.67 19.63 20.26 20.70 19.89 20.56 21.02 18.80 20.18 18.14 17.04 14.99 15.24 15.18 12.60 11.82 13.09 12.85
24.60 24.60 24.60 24.60 24.60 26.08 27.39 27.85 27.69 27.69 27.69 27.69 27.39 27.31 27.31 27.31 27.31 27.31 27.31 27.31 27.31 27.31 27.31 27.31 99999.90 99999.90 99999.90 99999.90 99999.90 99999.90 23.73 23.73 23.73 22.64 22.64 22.64 22.64 22.64 22.64 23.81 23.81 25.33 25.33 23.26 23.26 23.26 23.46 24.27 23.64 23.56 22.48 22.66 22.19 23.08 23.31 23.04 21.87 21.97 21.56 19.84 21.59 20.85 21.83 21.67 21.85 20.48 19.66 20.66 19.45 16.17 14.95 13.74 14.69 11.32 12.36 12.52 12.37
24.60 24.60 24.60 24.60 24.60 27.81 28.37 27.85 27.85 27.69 27.69 27.69 27.69 27.31 27.31 27.31 27.31 27.31 27.31 27.31 27.31 27.31 27.31 27.31 99999.90 99999.90 99999.90 99999.90 99999.90 26.82 23.73 23.73 23.73 23.73 23.73 22.64 22.64 22.64 22.64 22.64 23.81 23.81 25.33 25.33 25.05 25.05 23.60 24.86 23.11 21.23 21.87 22.94 23.01 23.80 23.33 23.30 21.97 22.80 21.44 22.25 22.39 21.10 21.37 23.07 22.72 21.79 22.18 21.23 20.74 17.89 14.79 13.04 14.09 10.92 11.59 11.98 12.36
28.76 24.60 24.60 24.60 27.81 27.81 28.37 28.37 27.85 27.85 27.69 27.69 27.69 27.31 27.31 27.31 27.31 27.31 27.31 27.31 27.31 27.31 27.31 27.31 99999.90 99999.90 99999.90 99999.90 99999.90 26.82 23.73 23.73 23.73 23.73 23.73 23.73 22.64 22.64 22.64 22.64 22.64 23.81 23.81 25.33 25.33 24.68 23.97 23.70 21.74 20.14 22.32 23.21 23.91 23.25 23.84 23.78 21.14 21.39 20.66 20.81 21.80 21.54 21.57 23.33 21.88 19.90 22.19 20.82 20.47 19.32 16.26 13.32 12.58 11.39 11.29 11.97 12.54
28.76 28.76 24.60 27.81 27.81 27.81 28.37 28.37 28.37 27.85 27.69 27.69 27.69 27.69 27.31 27.31 27.31 27.31 27.31 27.31 27.31 27.31 27.31 27.31 99999.90 99999.90 99999.90 99999.90 99999.90 26.82 23.73 23.73 23.73 23.73 23.73 23.73 23.73 21.72 22.64 22.64 22.64 22.64 23.81 23.81 25.33 26.35 24.63 21.55 20.93 20.02 22.83 22.81 23.20 21.84 21.84 22.15 22.04 19.57 20.42 19.69 21.81 21.90 21.79 20.87 19.08 19.43 21.07 23.20 21.62 19.86 16.93 15.27 12.94 11.97 10.85 11.33 12.84
