main/data/irradiance/14.11.2023.grid
ncols 839
nrows 679
xllcenter 112.0500
yllcenter -43.9500
cellsize 0.0500
nodata_value 99999.90
[rows 340 to 373 of 679, columns 154 to 230 of 839]
29.94 29.87 29.93 29.99 29.99 29.88 29.89 29.93 29.88 29.88 29.90 29.85 29.93 29.93 29.87 29.88 29.89 29.86 29.61 29.70 29.83 29.68 29.72 29.80 29.63 29.66 29.60 29.80 29.83 29.79 29.85 29.80 29.72 29.77 29.83 29.78 29.75 29.90 29.87 29.81 29.91 29.82 29.38 29.34 28.32 29.36 29.12 29.43 29.56 29.19 29.02 29.30 29.53 29.59 29.38 29.51 29.70 29.61 29.52 29.52 29.68 29.70 29.58 29.87 29.63 29.88 29.26 29.36 29.25 29.59 28.09 27.82 28.67 28.12 28.85 28.56 28.26
29.92 29.85 29.92 29.93 29.99 29.93 29.90 29.87 29.95 29.95 29.86 29.86 29.89 29.91 29.89 29.94 29.90 29.84 29.82 29.80 29.77 29.69 29.55 28.75 29.54 29.84 29.67 29.75 29.64 29.68 29.82 29.75 29.81 29.93 29.94 29.86 29.77 29.80 29.93 29.71 29.79 29.79 29.50 29.00 28.56 29.21 29.13 29.03 29.53 29.70 28.66 29.13 28.85 29.26 29.56 29.60 29.52 29.54 29.77 29.43 29.69 29.67 29.47 29.76 29.59 29.71 29.26 29.31 29.47 29.28 28.64 28.56 28.02 28.34 28.59 28.96 28.16
30.00 29.87 29.95 29.93 29.96 29.97 29.95 29.92 29.95 29.97 29.89 29.85 29.93 29.87 29.86 29.84 29.88 29.93 29.82 29.83 29.81 29.63 29.68 29.38 29.78 29.78 29.92 29.94 29.76 29.77 29.89 29.82 29.78 29.74 29.74 29.72 29.87 29.87 29.88 29.84 29.85 29.90 29.79 29.37 28.88 29.56 29.47 28.92 28.65 29.56 29.34 29.20 28.75 28.78 29.72 29.16 29.72 29.33 29.72 29.46 29.80 29.58 29.39 29.69 29.63 28.94 28.64 28.60 29.17 28.70 27.97 27.38 28.26 28.98 28.62 28.17 27.74
29.94 29.89 29.91 29.98 29.96 29.99 29.98 29.97 29.93 29.92 29.80 29.74 29.91 29.97 29.77 29.83 29.87 30.00 29.96 29.86 29.85 29.58 29.49 29.85 29.77 29.32 29.58 29.93 29.75 29.67 29.87 29.81 29.69 29.41 29.62 29.82 29.79 29.88 29.73 29.89 29.93 29.92 29.74 29.52 29.28 29.26 28.89 28.51 28.87 29.41 29.46 29.70 29.23 28.73 29.65 29.66 29.48 29.70 29.30 29.53 29.60 29.62 29.02 29.48 29.02 28.79 29.23 28.64 28.08 27.64 28.56 28.36 28.37 28.70 28.64 28.18 24.77
29.95 29.95 29.97 29.90 29.92 29.98 29.96 29.95 29.92 29.89 29.79 29.64 29.79 29.88 29.91 29.87 29.97 30.01 29.89 29.84 29.83 29.80 29.38 29.60 29.98 29.94 29.67 29.77 29.86 29.20 29.52 29.85 29.76 29.57 29.71 29.86 29.67 29.84 29.93 29.82 29.73 29.99 29.97 29.58 29.64 29.02 29.17 29.17 29.70 28.87 29.02 29.60 28.65 28.03 29.06 29.59 29.29 29.42 28.76 29.75 29.46 29.42 29.49 29.46 28.70 29.23 28.99 28.92 28.83 28.15 28.49 29.41 28.26 28.28 28.18 27.85 25.97
29.97 29.93 29.94 29.92 29.88 29.92 29.94 29.94 29.95 29.85 29.86 29.79 29.78 29.88 30.03 29.93 29.92 29.89 29.85 29.86 29.86 29.82 29.72 29.86 29.78 29.84 28.89 29.53 29.73 29.54 29.22 29.73 29.59 29.74 29.88 29.60 29.55 29.50 29.92 29.95 29.52 29.90 29.60 29.44 29.75 29.76 29.00 28.68 29.70 29.45 28.90 29.40 29.22 29.15 28.56 29.16 29.42 29.60 29.25 29.93 29.05 29.14 29.57 29.32 28.85 29.02 27.46 28.76 29.63 29.36 29.00 28.56 28.32 28.80 27.35 28.03 28.18
29.94 29.93 29.88 29.93 29.95 29.86 29.87 29.91 29.87 29.95 29.93 29.89 29.87 29.91 30.04 29.86 29.74 29.88 29.92 29.83 29.87 29.84 29.90 29.82 29.81 29.70 29.05 29.37 29.50 29.61 29.34 28.95 29.63 29.56 29.70 29.59 29.72 29.33 29.81 29.89 29.49 29.41 29.29 29.43 29.41 29.46 29.50 28.06 29.56 29.45 28.38 29.56 29.54 29.20 29.40 27.46 28.70 29.07 29.56 29.66 28.89 29.43 29.78 29.28 28.59 29.15 28.06 27.81 29.65 29.26 29.13 29.33 29.84 29.98 28.08 28.14 27.25
29.94 29.93 29.87 29.92 29.91 29.92 29.85 29.88 29.89 29.87 29.89 29.96 29.91 29.79 29.85 30.01 29.98 29.86 29.85 29.64 29.84 29.92 29.76 29.83 29.79 29.74 29.70 29.39 29.72 29.13 28.67 29.60 29.59 29.57 29.74 29.69 29.91 30.01 29.26 29.09 29.91 29.65 29.65 29.59 29.91 29.25 29.60 29.04 28.68 29.42 28.84 29.51 29.56 29.53 28.95 27.42 28.52 28.74 29.37 29.34 28.96 29.14 29.83 29.71 29.44 29.12 28.87 28.78 29.51 28.97 28.62 29.18 29.64 28.93 28.01 27.87 26.48
29.93 30.01 29.90 29.93 29.98 30.00 29.95 29.92 29.94 29.86 29.89 29.94 30.04 29.86 29.94 29.94 30.00 29.94 29.89 29.70 29.90 29.89 29.74 29.80 29.78 29.64 29.28 29.51 29.62 29.44 29.56 29.35 29.14 29.72 29.51 29.69 29.93 29.74 29.82 29.16 29.38 29.28 29.85 29.76 29.73 29.75 29.53 29.57 29.63 28.12 29.12 28.84 29.65 28.88 29.25 28.73 27.99 29.39 29.34 29.49 29.32 29.41 29.80 29.81 29.55 29.23 29.41 29.53 28.60 28.34 28.77 28.87 28.34 28.09 27.88 28.43 28.50
29.90 29.96 29.88 29.92 29.94 29.93 29.99 29.87 29.90 29.87 29.88 29.92 29.91 29.90 29.95 29.98 29.92 29.89 29.88 29.49 29.98 29.85 29.54 29.81 29.72 29.74 29.67 29.64 29.43 29.69 29.15 29.33 29.55 29.21 29.73 29.35 29.74 29.91 29.92 30.02 29.37 29.44 29.73 29.35 29.72 29.71 29.59 29.55 29.14 28.66 29.08 29.20 29.47 29.25 29.52 28.99 28.46 27.88 29.18 29.87 29.27 28.90 29.63 29.85 29.78 28.64 29.34 27.98 28.09 27.83 28.39 28.16 28.83 28.46 29.41 29.16 28.51
30.02 30.03 29.91 29.90 29.91 29.92 29.90 29.82 29.94 29.86 29.89 29.88 29.87 29.87 29.94 29.88 29.61 29.86 29.87 29.77 29.78 29.49 29.66 29.80 29.87 29.75 29.61 29.62 29.73 29.81 29.62 29.65 29.76 29.81 29.30 29.63 29.83 29.93 29.87 29.92 29.79 29.54 29.47 29.24 29.21 29.42 29.71 29.58 29.22 28.81 29.14 29.18 29.32 29.44 29.44 29.40 28.91 28.76 29.56 29.43 28.63 29.02 28.16 28.75 29.69 29.14 28.71 28.59 27.60 27.65 27.85 28.18 29.12 29.66 29.92 29.61 29.21
30.04 30.01 29.98 29.87 29.95 29.93 29.95 29.94 29.86 29.93 29.92 30.02 29.91 29.88 29.86 29.87 29.87 29.88 29.87 29.88 29.85 29.79 29.63 29.82 29.39 29.59 29.40 29.79 29.83 29.82 29.87 29.77 29.62 29.55 29.36 29.69 29.67 29.85 29.90 29.74 29.79 29.60 29.75 29.58 29.08 29.15 29.56 29.64 29.10 29.37 28.85 28.36 28.64 29.18 29.20 29.52 28.65 27.51 29.33 28.95 28.84 29.55 28.94 28.77 29.51 29.49 28.61 28.38 28.11 27.91 27.54 28.72 29.01 29.43 29.81 29.79 29.37
29.93 29.94 29.95 29.97 29.92 29.99 29.92 29.98 29.93 29.88 29.91 29.97 29.93 29.89 29.96 30.07 30.02 29.93 29.86 29.91 29.85 29.92 29.82 29.72 29.64 29.57 29.46 29.77 29.80 29.88 29.49 29.63 29.68 29.58 29.69 29.79 29.62 29.86 29.45 29.80 29.76 29.60 29.80 29.78 29.88 28.85 29.13 28.46 29.39 29.60 29.25 28.34 28.53 28.72 29.18 29.26 29.69 28.89 28.52 28.95 28.73 29.47 29.08 29.43 28.91 29.44 29.29 28.61 29.29 29.23 28.80 28.83 28.33 27.84 29.20 29.44 28.39
29.96 29.94 29.94 29.88 29.94 29.94 29.84 29.84 29.87 29.84 29.94 29.99 29.98 30.00 30.08 30.14 30.09 29.91 29.91 29.86 29.93 29.93 29.83 29.73 29.70 29.54 29.71 29.82 29.82 29.87 29.79 29.69 29.61 29.62 29.51 29.94 29.93 29.75 29.83 29.62 29.84 29.93 29.68 29.85 29.67 29.50 29.51 28.60 29.59 28.56 29.31 29.24 29.28 28.94 28.33 29.42 29.58 29.66 27.06 27.79 28.06 28.88 28.15 25.91 26.86 29.69 29.46 29.44 28.55 29.07 28.36 28.49 26.92 27.54 26.25 27.71 28.47
29.96 29.97 30.03 29.86 29.87 30.05 29.88 29.88 29.83 29.96 29.98 29.90 29.94 29.95 30.04 29.97 29.87 29.83 29.85 29.88 29.89 29.88 29.72 29.83 29.77 29.81 29.75 29.71 29.81 29.83 29.76 29.65 29.81 29.67 29.65 30.05 30.04 29.88 29.94 29.81 29.78 29.91 29.92 29.44 29.46 29.80 28.94 29.01 29.09 29.02 29.44 29.21 29.30 28.03 29.14 29.10 29.53 29.86 28.87 28.02 27.87 28.18 27.76 28.37 28.10 29.27 29.48 29.33 29.24 29.28 28.53 28.16 26.98 26.50 26.80 26.79 24.72
29.93 29.94 29.95 29.82 29.86 29.97 29.90 29.90 29.93 30.04 29.95 29.92 29.91 29.90 29.89 29.91 29.89 29.92 29.85 30.02 29.90 29.96 29.89 29.90 29.68 29.84 29.84 29.89 29.97 29.85 29.72 29.85 29.63 29.51 29.83 30.02 30.03 29.99 30.01 29.49 29.64 29.77 29.85 29.89 29.48 29.70 29.51 29.33 28.73 29.25 29.55 29.64 29.37 29.14 29.38 28.02 29.52 29.57 29.72 27.68 26.89 27.87 28.71 28.46 28.11 29.13 28.04 29.53 28.85 29.19 28.46 28.27 27.12 26.35 25.23 24.21 25.87
29.96 29.96 29.99 29.83 29.84 29.83 29.95 29.87 29.91 30.04 30.05 29.99 29.94 29.87 29.87 29.92 29.87 29.92 29.96 29.94 29.96 29.87 29.85 29.81 29.77 29.80 29.78 29.84 29.79 29.80 29.36 29.66 29.24 29.81 29.83 29.83 29.77 29.76 29.94 29.80 29.14 29.67 29.90 29.93 29.89 29.95 29.88 29.63 28.82 29.14 29.45 29.81 29.30 29.53 29.19 28.95 29.09 29.18 29.42 29.10 26.92 27.87 28.00 28.32 28.90 28.30 28.70 29.15 28.70 29.17 28.76 28.49 26.92 25.29 22.74 24.79 24.84
30.03 30.03 29.98 29.92 29.76 29.83 29.94 29.84 29.99 30.02 30.14 29.95 29.91 29.89 29.94 29.93 29.89 29.86 29.89 29.91 29.93 29.88 29.86 29.86 29.85 29.81 29.78 29.82 29.97 29.86 29.78 29.58 29.89 29.79 29.86 29.86 29.92 29.94 29.85 29.87 29.64 29.85 29.88 29.82 29.90 30.05 29.88 29.68 29.83 29.09 29.36 29.31 28.92 29.33 29.55 28.94 28.91 29.10 29.16 29.56 29.33 28.35 27.36 28.29 27.91 28.84 28.41 29.48 28.90 29.53 28.92 28.34 26.38 25.80 25.40 25.64 23.79
30.05 29.93 29.96 29.86 29.75 29.82 29.95 29.94 30.02 30.02 30.08 29.98 29.99 29.96 29.92 29.92 29.91 29.88 29.92 29.95 29.90 29.87 29.90 29.88 29.87 29.83 29.85 29.93 30.03 29.94 29.85 29.79 29.93 30.02 29.94 29.90 29.99 29.91 29.92 29.86 29.76 29.76 29.59 29.73 29.78 29.83 29.74 29.76 29.56 29.41 28.74 28.93 29.12 29.61 29.23 28.64 28.81 29.06 29.15 29.45 28.48 28.57 26.36 27.59 28.46 28.53 28.59 28.98 29.31 28.92 28.65 28.86 28.24 28.35 28.55 26.75 24.53
29.97 29.98 30.00 29.97 29.77 29.85 29.83 29.94 29.96 30.04 30.11 30.07 29.97 29.95 29.95 29.99 29.89 29.92 29.89 29.88 29.86 29.90 29.90 29.91 29.90 29.86 29.88 29.90 29.94 29.86 29.74 29.82 29.95 29.80 29.86 29.93 30.03 30.08 30.12 30.05 29.91 29.71 29.49 29.70 29.80 29.88 29.87 29.97 29.92 29.89 29.43 28.10 29.00 29.66 29.18 28.61 28.71 28.92 28.41 29.31 28.67 28.11 27.22 27.71 27.34 27.93 27.58 28.27 27.70 26.71 27.56 28.94 28.44 28.85 28.49 27.18 26.60
29.94 29.99 29.97 29.92 29.82 29.82 29.82 29.88 29.93 29.92 29.97 30.00 29.94 29.86 29.95 29.89 29.90 29.90 29.89 29.91 29.85 29.89 29.91 29.95 29.89 29.86 29.84 29.83 29.86 29.85 29.83 29.83 29.85 29.68 29.92 29.96 29.99 29.97 29.87 30.07 29.81 29.81 29.77 29.79 29.83 29.94 30.03 30.04 29.92 29.88 29.84 29.24 27.11 28.56 29.01 29.08 29.07 29.56 28.27 28.07 29.09 28.52 28.22 27.22 27.66 28.76 28.41 27.15 27.51 27.22 28.01 29.09 28.24 27.72 27.84 27.14 28.04
29.98 29.99 29.93 29.90 29.88 29.86 29.90 29.86 29.95 29.90 30.00 29.94 29.87 29.88 29.93 29.91 29.91 29.85 29.88 29.95 29.93 29.98 29.89 29.90 29.91 29.89 29.88 29.88 29.85 29.84 29.93 29.90 29.85 29.85 29.93 29.81 29.94 29.80 29.97 30.05 29.83 29.85 29.87 29.72 29.97 29.89 30.00 29.98 29.79 29.87 30.02 29.39 28.69 29.17 28.83 29.08 28.41 29.36 29.12 25.91 28.52 29.42 28.32 26.95 26.83 28.44 28.40 28.21 28.00 27.77 27.63 28.60 27.97 28.34 29.23 26.91 27.27
30.04 30.00 29.95 29.95 29.89 29.85 29.88 29.88 29.93 29.93 30.00 30.04 29.95 29.94 29.98 30.05 30.06 29.93 29.85 29.89 29.94 29.97 29.92 29.87 29.86 29.90 29.93 29.94 29.87 29.86 30.01 29.95 29.87 29.88 29.83 29.74 29.89 29.97 30.04 29.88 29.95 30.09 30.02 29.98 29.90 29.83 29.93 29.89 29.68 29.84 29.89 29.75 29.46 28.83 26.19 29.20 29.48 29.10 27.68 27.90 28.07 29.05 27.36 28.63 27.73 26.48 28.63 28.84 28.48 28.96 27.15 26.46 27.24 28.12 26.66 26.61 25.84
30.13 30.13 30.08 30.08 29.95 29.86 29.84 29.95 29.96 29.93 29.97 29.99 29.95 29.95 29.97 30.07 30.02 30.05 29.97 29.94 30.01 29.99 29.93 29.84 29.89 29.94 29.95 29.94 29.91 29.87 29.97 30.03 29.94 29.89 29.78 29.76 29.91 30.02 29.91 29.98 29.96 29.99 30.09 30.19 30.10 30.10 29.92 29.68 29.68 29.69 29.72 29.66 29.79 29.15 28.46 27.73 29.22 29.13 29.00 29.31 27.69 28.49 28.86 28.07 29.03 27.84 26.67 28.96 28.73 28.05 29.12 28.50 27.86 27.99 26.99 26.38 25.77
30.08 30.11 30.04 30.03 30.04 29.94 29.97 30.00 29.96 29.91 29.96 29.98 29.95 29.94 29.92 29.93 29.94 29.99 30.00 30.02 30.08 30.00 29.91 29.89 29.88 29.85 29.98 30.00 29.94 29.97 29.95 29.93 29.91 29.83 29.82 29.94 30.01 30.01 30.07 29.95 29.65 29.76 29.95 30.08 30.04 30.16 29.94 29.83 29.77 29.65 29.65 29.86 29.88 29.70 29.30 28.49 29.50 29.02 29.22 28.64 28.10 27.14 27.64 28.12 29.01 28.10 27.54 28.84 28.75 28.17 26.86 27.84 28.35 28.49 28.45 26.55 25.30
30.08 30.04 29.96 29.94 29.97 30.02 29.95 29.94 29.97 30.00 29.98 30.04 30.09 30.00 29.98 29.94 29.95 30.01 30.01 29.99 30.06 30.03 29.96 29.98 29.98 29.88 29.90 30.02 30.01 30.04 29.96 29.96 29.88 29.84 29.92 29.92 29.97 29.88 30.04 29.61 29.72 29.89 29.83 29.93 29.89 29.64 29.68 29.83 29.84 29.81 29.80 29.72 29.81 29.84 29.49 29.28 29.15 28.62 28.84 28.99 27.53 28.23 27.02 28.91 28.77 27.23 27.64 26.52 26.38 26.60 26.86 28.10 28.23 28.85 26.51 28.27 25.79
30.05 29.92 29.97 30.01 30.00 29.92 29.98 29.97 30.01 29.97 29.93 29.92 29.98 30.00 30.02 30.07 30.01 29.98 29.91 29.92 29.98 29.99 29.97 29.93 29.94 29.82 29.83 29.94 29.98 29.98 30.01 30.03 29.94 29.98 29.96 30.03 29.91 29.71 29.88 29.67 29.83 29.91 30.01 29.97 29.74 29.40 29.88 29.87 29.90 29.89 29.80 29.79 29.87 29.78 29.64 29.50 29.58 27.81 29.23 29.82 27.74 27.76 28.09 27.17 26.51 27.98 27.91 27.17 26.45 26.23 27.52 28.42 27.93 28.01 26.15 28.21 26.48
30.17 30.11 30.17 30.08 29.92 29.87 29.86 29.92 29.96 29.95 29.92 29.96 30.00 29.93 29.91 30.07 30.16 30.03 29.95 29.85 29.83 29.84 29.93 29.94 29.90 29.87 29.86 29.83 30.00 30.03 29.94 29.99 29.99 30.02 30.02 30.00 29.85 29.66 29.64 29.82 29.84 29.91 30.01 29.79 29.79 29.95 29.85 29.86 29.93 29.93 29.88 29.83 29.84 29.83 29.90 29.84 29.73 28.71 28.37 28.96 28.83 28.63 28.20 26.75 26.52 26.53 25.68 24.74 25.33 25.08 26.04 27.80 27.27 28.61 28.23 27.96 27.67
29.95 29.94 29.93 29.88 29.90 29.84 29.80 29.93 29.95 29.94 29.86 29.94 29.86 29.88 29.87 29.87 29.88 29.92 29.93 29.91 29.85 29.82 29.87 29.94 29.90 29.85 29.84 29.82 29.89 29.92 29.91 29.89 29.91 29.90 29.97 29.96 29.65 29.59 29.67 29.81 30.02 29.76 29.81 29.75 29.83 29.93 29.98 29.81 29.88 29.81 29.85 29.78 29.70 29.86 29.57 29.51 29.51 29.33 28.48 28.73 29.49 29.21 28.41 28.20 28.04 27.18 25.88 24.86 24.42 22.29 26.41 26.33 25.59 27.82 29.14 27.06 26.91
29.97 29.92 29.97 29.95 29.93 29.88 29.84 29.97 29.99 29.90 29.94 29.94 29.89 29.96 29.85 29.94 30.01 29.89 29.87 29.84 29.88 29.87 29.91 29.94 29.98 29.90 29.88 29.81 29.83 29.87 29.91 29.88 29.87 29.86 29.92 29.90 29.75 29.65 29.70 29.72 29.71 29.74 29.89 29.80 29.87 29.65 29.90 29.92 29.97 29.93 29.82 29.58 29.75 29.79 29.55 29.64 29.59 29.41 28.83 29.46 29.70 29.35 28.65 29.33 28.59 24.93 25.87 26.76 25.74 27.27 25.34 26.90 26.84 26.85 27.77 28.40 27.98
29.93 29.91 29.94 29.91 29.90 29.91 29.86 29.96 29.93 29.80 29.89 29.99 29.99 29.96 29.95 30.02 30.00 29.95 30.07 30.06 29.92 29.89 29.92 29.97 30.03 29.94 29.87 29.83 29.85 29.88 29.89 29.94 29.84 29.84 29.91 29.90 29.86 29.85 29.86 29.81 29.74 29.94 29.79 29.82 29.60 29.80 29.87 29.89 29.94 30.00 29.76 29.91 29.76 29.73 29.65 29.74 29.54 29.52 29.58 29.47 29.93 29.32 28.37 28.41 27.86 27.02 25.55 24.40 27.86 27.66 24.12 25.58 27.92 27.53 25.98 28.13 28.62
29.89 29.94 29.95 29.92 29.92 29.89 29.85 29.84 29.88 29.94 29.92 29.94 29.97 29.99 30.02 29.99 29.98 29.96 30.05 29.97 29.92 29.93 29.92 29.96 30.01 29.97 29.87 29.87 29.90 29.91 29.99 29.98 29.82 29.90 29.90 29.86 29.83 29.89 29.86 29.81 29.90 29.86 29.77 29.69 29.68 29.86 29.77 29.80 29.94 29.94 29.67 29.75 29.76 29.71 29.75 29.37 29.22 29.53 29.23 29.10 29.60 29.29 29.25 28.26 28.64 26.57 26.40 23.50 26.11 26.49 26.27 24.98 25.85 25.73 26.89 27.89 29.85
30.05 29.98 29.88 29.92 30.02 29.92 29.95 29.88 29.85 29.97 29.96 29.97 29.91 29.93 29.95 29.97 29.94 29.94 30.03 30.06 30.04 29.92 29.85 29.88 30.00 29.96 29.90 29.92 29.95 29.93 29.90 29.92 29.98 29.97 29.85 29.74 29.76 29.75 29.68 29.75 29.97 29.85 29.62 29.58 29.83 29.72 29.59 29.52 29.49 29.73 29.78 29.63 29.70 29.65 29.55 29.52 29.38 29.22 29.32 28.74 28.95 29.43 28.95 28.60 28.17 27.96 26.40 25.12 27.05 26.00 23.74 26.25 26.34 25.14 26.37 27.68 29.06
29.95 29.94 29.94 29.95 29.89 29.88 29.87 29.93 29.82 29.93 29.92 29.87 29.92 29.91 29.89 29.95 29.92 29.88 29.92 29.92 30.01 30.00 29.94 29.96 30.01 29.96 29.92 29.92 30.02 29.91 29.86 29.96 29.92 29.89 29.72 29.69 29.79 29.66 29.78 29.98 29.93 29.84 29.55 29.79 29.72 29.74 29.81 29.20 29.59 29.45 29.74 29.73 29.69 29.56 29.56 29.28 29.38 29.10 28.45 28.89 28.71 28.95 29.09 29.17 27.30 27.48 26.63 25.01 26.65 24.10 25.36 23.96 24.96 24.44 25.01 26.75 27.47
