main/data/irradiance/14.10.2023.grid
ncols 839
nrows 679
xllcenter 112.0500
yllcenter -43.9500
cellsize 0.0500
nodata_value 99999.90
[rows 272 to 305 of 679, columns 385 to 461 of 839]
26.65 26.78 26.79 26.75 26.63 26.54 26.58 26.59 26.55 26.41 26.49 26.53 26.54 26.59 26.49 26.51 26.46 26.51 26.45 26.70 26.90 26.81 26.76 26.84 26.83 26.72 26.69 26.68 26.71 26.77 26.65 26.64 26.69 26.73 26.87 26.68 26.72 26.74 26.70 26.69 26.66 26.69 26.65 26.64 26.62 26.60 26.58 26.57 26.55 26.52 26.54 26.57 26.55 26.58 26.55 26.56 26.61 26.63 26.64 26.65 26.66 26.67 26.62 26.62 26.70 26.77 26.72 26.72 26.76 26.78 26.74 26.65 26.59 26.58 26.65 26.68 26.62
26.71 26.71 26.71 26.72 26.68 26.72 26.72 26.64 26.66 26.63 26.48 26.47 26.57 26.54 26.54 26.41 26.44 26.42 26.34 26.60 26.81 26.57 26.35 26.77 26.77 26.72 26.76 26.71 26.70 26.73 26.67 26.71 26.61 26.60 26.64 26.63 26.72 26.73 26.71 26.74 26.70 26.75 26.79 26.79 26.83 26.66 26.65 26.61 26.60 26.52 26.54 26.52 26.53 26.59 26.50 26.49 26.55 26.61 26.67 26.69 26.65 26.59 26.64 26.62 26.58 26.61 26.67 26.69 26.67 26.65 26.64 26.56 26.49 26.49 26.55 26.61 26.63
26.72 26.70 26.74 26.78 26.80 26.80 26.68 26.67 26.66 26.72 26.75 26.62 26.59 26.54 26.52 26.50 26.54 26.53 26.45 26.44 26.43 26.48 26.33 26.49 26.55 26.58 26.52 26.50 26.58 26.67 26.70 26.68 26.66 26.76 26.78 26.59 26.64 26.70 26.68 26.65 26.66 26.64 26.64 26.72 26.55 26.52 26.55 26.60 26.60 26.56 26.51 26.58 26.55 26.67 26.55 26.46 26.55 26.60 26.59 26.67 26.66 26.59 26.55 26.49 26.48 26.49 26.55 26.60 26.61 26.57 26.60 26.57 26.54 26.45 26.49 26.57 26.63
26.67 26.74 26.77 26.81 26.85 26.76 26.79 26.63 26.64 26.66 26.58 26.57 26.65 26.60 26.60 26.59 26.59 26.70 26.68 26.56 26.64 26.52 26.46 26.45 26.36 26.36 26.50 26.50 26.49 26.47 26.52 26.55 26.65 26.73 26.74 26.77 26.75 26.76 26.71 26.67 26.63 26.64 26.60 26.65 26.65 26.64 26.66 26.70 26.64 26.61 26.59 26.60 26.49 26.41 26.62 26.45 26.47 26.53 26.55 26.51 26.52 26.56 26.54 26.55 26.48 26.52 26.52 26.55 26.52 26.57 26.59 26.57 26.50 26.50 26.50 26.53 26.55
26.64 26.69 26.75 26.80 26.86 26.82 26.77 26.71 26.63 26.63 26.65 26.58 26.58 26.52 26.55 26.53 26.55 26.58 26.55 26.54 26.59 26.57 26.58 26.51 26.47 26.48 26.57 26.53 26.46 26.46 26.45 26.50 26.45 26.48 26.58 26.59 26.58 26.62 26.67 26.63 26.56 26.63 26.60 26.60 26.62 26.60 26.60 26.60 26.58 26.58 26.54 26.53 26.49 26.49 26.44 26.44 26.46 26.54 26.55 26.56 26.62 26.64 26.66 26.69 26.67 26.56 26.72 26.62 26.53 26.52 26.58 26.63 26.61 26.49 26.51 26.53 26.55
26.74 26.70 26.78 26.74 26.74 26.76 26.72 26.68 26.70 26.64 26.62 26.60 26.63 26.60 26.59 26.57 26.67 26.70 26.64 26.61 26.61 26.64 26.62 26.69 26.63 26.57 26.52 26.52 26.41 26.43 26.46 26.48 26.49 26.47 26.51 26.53 26.54 26.55 26.58 26.62 26.60 26.60 26.53 26.58 26.56 26.52 26.53 26.56 26.55 26.54 26.56 26.54 26.51 26.48 26.45 26.49 26.46 26.57 26.63 26.67 26.73 26.69 26.66 26.67 26.68 26.71 26.64 26.60 26.56 26.54 26.54 26.57 26.59 26.59 26.50 26.58 26.58
26.72 26.70 26.80 26.85 26.78 26.64 26.61 26.66 26.67 26.73 26.64 26.56 26.59 26.58 26.55 26.61 26.62 26.69 26.70 26.64 26.64 26.63 26.64 26.66 26.58 26.54 26.51 26.56 26.56 26.48 26.46 26.45 26.43 26.46 26.50 26.49 26.39 26.49 26.39 26.45 26.53 26.49 26.51 26.57 26.52 26.53 26.52 26.54 26.55 26.53 26.53 26.50 26.51 26.57 26.57 26.51 26.53 26.53 26.60 26.59 26.67 26.69 26.68 26.67 26.67 26.69 26.64 26.53 26.53 26.56 26.57 26.58 26.58 26.52 26.55 26.57 26.59
26.75 26.77 26.68 26.66 26.64 26.64 26.63 26.67 26.67 26.66 26.67 26.65 26.65 26.61 26.62 26.57 26.60 26.64 26.68 26.77 26.68 26.64 26.63 26.61 26.62 26.67 26.67 26.69 26.67 26.63 26.58 26.46 26.45 26.43 26.48 26.49 26.52 26.38 26.48 26.60 26.60 26.60 26.63 26.65 26.65 26.62 26.65 26.58 26.53 26.52 26.53 26.56 26.57 26.55 26.48 26.45 26.64 26.61 26.60 26.57 26.62 26.67 26.69 26.67 26.64 26.63 26.72 26.56 26.54 26.55 26.65 26.56 26.54 26.57 26.60 26.59 26.57
26.75 26.76 26.76 26.68 26.69 26.60 26.65 26.74 26.62 26.65 26.62 26.65 26.66 26.71 26.66 26.61 26.59 26.59 26.63 26.62 26.63 26.63 26.68 26.69 26.69 26.67 26.58 26.58 26.59 26.59 26.61 26.59 26.48 26.47 26.52 26.44 26.33 26.24 26.24 26.37 26.49 26.47 26.54 26.58 26.61 26.58 26.59 26.57 26.58 26.54 26.54 26.55 26.57 26.54 26.44 26.54 26.56 26.59 26.57 26.60 26.66 26.61 26.63 26.61 26.58 26.55 26.52 26.49 26.50 26.50 26.56 26.54 26.57 26.57 26.58 26.59 26.60
26.78 26.57 26.50 26.60 26.80 26.68 26.54 26.64 26.70 26.65 26.68 26.68 26.70 26.59 26.62 26.65 26.67 26.60 26.58 26.59 26.61 26.63 26.63 26.59 26.62 26.69 26.53 26.44 26.48 26.60 26.67 26.53 26.63 26.59 26.58 26.52 26.49 26.47 26.47 26.48 26.42 26.21 26.39 26.53 26.54 26.50 26.53 26.53 26.55 26.51 26.50 26.54 26.57 26.57 26.61 26.61 26.62 26.53 26.42 26.58 26.66 26.66 26.58 26.62 26.63 26.69 26.69 26.59 26.48 26.50 26.50 26.46 26.53 26.56 26.61 26.59 26.61
26.54 26.51 26.56 26.35 26.47 26.59 26.54 26.47 26.53 26.62 26.63 26.60 26.55 26.52 26.61 26.58 26.61 26.65 26.64 26.55 26.55 26.60 26.62 26.66 26.62 26.63 26.59 26.69 26.67 26.69 26.58 26.50 26.50 26.52 26.62 26.66 26.62 26.57 26.56 26.55 26.53 26.50 26.43 26.45 26.47 26.49 26.46 26.52 26.49 26.47 26.49 26.52 26.55 26.53 26.54 26.49 26.50 26.50 26.45 26.50 26.65 26.61 26.63 26.62 26.66 26.62 26.67 26.54 26.46 26.58 26.48 26.49 26.44 26.50 26.52 26.58 26.59
26.74 26.32 26.38 26.47 26.30 26.43 26.53 26.49 26.53 26.50 26.58 26.61 26.58 26.53 26.47 26.51 26.61 26.60 26.65 26.65 26.61 26.62 26.62 26.64 26.60 26.63 26.54 26.50 26.51 26.53 26.59 26.52 26.50 26.59 26.55 26.61 26.56 26.56 26.54 26.59 26.60 26.59 26.58 26.52 26.50 26.51 26.49 26.49 26.46 26.45 26.47 26.52 26.54 26.53 26.51 26.52 26.50 26.48 26.49 26.57 26.63 26.55 26.60 26.62 26.62 26.60 26.56 26.57 26.52 26.54 26.67 26.59 26.41 26.49 26.50 26.61 26.47
26.77 26.45 26.37 26.45 26.34 26.50 26.53 26.52 26.54 26.59 26.48 26.51 26.55 26.61 26.58 26.49 26.55 26.61 26.59 26.60 26.57 26.49 26.55 26.55 26.47 26.52 26.52 26.52 26.48 26.48 26.52 26.55 26.48 26.56 26.57 26.50 26.49 26.54 26.52 26.48 26.55 26.56 26.48 26.57 26.51 26.49 26.47 26.47 26.49 26.50 26.47 26.50 26.49 26.53 26.55 26.54 26.53 26.50 26.49 26.55 26.59 26.53 26.50 26.60 26.69 26.70 26.64 26.62 26.55 26.58 26.65 26.58 26.47 26.40 26.39 26.41 26.50
26.58 26.60 26.50 26.38 26.40 26.50 26.48 26.51 26.50 26.53 26.58 26.56 26.52 26.47 26.50 26.58 26.54 26.51 26.58 26.64 26.60 26.50 26.57 26.57 26.52 26.54 26.55 26.52 26.53 26.58 26.56 26.54 26.44 26.43 26.50 26.47 26.47 26.52 26.54 26.56 26.45 26.50 26.51 26.47 26.50 26.52 26.43 26.47 26.48 26.48 26.46 26.47 26.50 26.50 26.51 26.51 26.56 26.51 26.54 26.49 26.50 26.62 26.60 26.48 26.49 26.50 26.52 26.56 26.56 26.41 26.38 26.39 26.35 26.35 26.49 26.50 26.48
26.60 26.65 26.47 26.38 26.52 26.61 26.66 26.52 26.48 26.50 26.57 26.51 26.47 26.54 26.59 26.58 26.55 26.55 26.55 26.58 26.51 26.40 26.44 26.44 26.44 26.38 26.35 26.43 26.44 26.38 26.42 26.46 26.42 26.42 26.48 26.49 26.44 26.49 26.45 26.45 26.47 26.53 26.45 26.47 26.46 26.50 26.52 26.51 26.50 26.45 26.49 26.52 26.57 26.57 26.58 26.53 26.59 26.51 26.46 26.55 26.60 26.52 26.55 26.47 26.50 26.57 26.61 26.56 26.47 26.40 26.39 26.37 26.38 26.42 26.34 26.36 26.53
26.53 26.52 26.47 26.33 26.36 26.42 26.64 26.61 26.59 26.27 26.47 26.45 26.52 26.54 26.53 26.45 26.50 26.50 26.52 26.50 26.51 26.46 26.38 26.36 26.43 26.42 26.43 26.46 26.44 26.46 26.43 26.39 26.44 26.41 26.40 26.42 26.48 26.41 26.49 26.46 26.51 26.53 26.52 26.53 26.52 26.49 26.45 26.48 26.51 26.49 26.49 26.55 26.59 26.54 26.53 26.49 26.53 26.51 26.57 26.53 26.52 26.49 26.50 26.54 26.55 26.49 26.50 26.53 26.51 26.46 26.46 26.53 26.59 26.57 26.43 26.42 26.42
26.62 26.44 26.31 26.31 26.53 26.59 26.53 26.55 26.51 26.52 26.45 26.47 26.37 26.37 26.45 26.59 26.52 26.46 26.49 26.49 26.36 26.37 26.37 26.26 26.35 26.45 26.43 26.41 26.47 26.51 26.50 26.44 26.46 26.44 26.46 26.47 26.44 26.47 26.50 26.46 26.46 26.51 26.56 26.51 26.55 26.59 26.55 26.60 26.59 26.52 26.48 26.56 26.55 26.54 26.57 26.58 26.51 26.47 26.55 26.56 26.54 26.51 26.51 26.55 26.46 26.47 26.48 26.50 26.51 26.49 26.55 26.62 26.52 26.43 26.32 26.31 26.30
26.56 26.42 26.42 26.48 26.59 26.64 26.61 26.50 26.52 26.60 26.37 26.40 26.41 26.34 26.35 26.39 26.43 26.42 26.48 26.51 26.51 26.48 26.51 26.41 26.23 26.33 26.38 26.45 26.47 26.52 26.42 26.41 26.41 26.40 26.37 26.50 26.51 26.38 26.48 26.54 26.64 26.66 26.57 26.54 26.57 26.53 26.51 26.58 26.56 26.53 26.50 26.49 26.60 26.61 26.62 26.50 26.60 26.56 26.55 26.63 26.54 26.51 26.54 26.57 26.55 26.53 26.49 26.49 26.57 26.59 26.58 26.52 26.47 26.40 26.34 26.36 26.37
26.50 26.49 26.51 26.46 26.54 26.55 26.62 26.66 26.69 26.75 26.56 26.51 26.48 26.42 26.39 26.51 26.47 26.40 26.39 26.45 26.50 26.48 26.42 26.44 26.46 26.32 26.18 26.14 26.11 26.35 26.38 26.36 26.43 26.41 26.48 26.58 26.56 26.56 26.46 26.45 26.46 26.57 26.56 26.54 26.48 26.48 26.43 26.53 26.45 26.45 26.49 26.50 26.50 26.62 26.67 26.59 26.54 26.58 26.54 26.61 26.60 26.60 26.57 26.65 26.71 26.62 26.58 26.58 26.61 26.54 26.49 26.50 26.52 26.42 26.40 26.46 26.43
26.52 26.50 26.51 26.52 26.55 26.55 26.51 26.56 26.61 26.66 26.55 26.56 26.61 26.61 26.61 26.60 26.59 26.55 26.41 26.36 26.40 26.45 26.46 26.48 26.52 26.52 26.51 26.46 26.46 26.35 26.25 26.36 26.41 26.43 26.41 26.30 26.42 26.52 26.60 26.61 26.51 26.44 26.60 26.57 26.58 26.49 26.43 26.45 26.43 26.44 26.45 26.41 26.47 26.56 26.59 26.60 26.56 26.60 26.56 26.52 26.51 26.56 26.54 26.49 26.56 26.64 26.68 26.68 26.53 26.52 26.46 26.42 26.44 26.46 26.41 26.45 26.42
26.56 26.57 26.53 26.56 26.58 26.63 26.60 26.60 26.66 26.65 26.58 26.53 26.49 26.40 26.43 26.46 26.54 26.57 26.57 26.51 26.39 26.50 26.59 26.59 26.55 26.53 26.52 26.53 26.52 26.50 26.45 26.37 26.34 26.34 26.38 26.30 26.39 26.46 26.55 26.51 26.54 26.46 26.47 26.53 26.55 26.53 26.45 26.44 26.44 26.46 26.54 26.40 26.44 26.40 26.49 26.57 26.51 26.50 26.46 26.48 26.48 26.48 26.44 26.46 26.48 26.51 26.53 26.50 26.49 26.45 26.46 26.43 26.41 26.43 26.40 26.43 26.37
26.53 26.55 26.61 26.64 26.56 26.58 26.55 26.55 26.58 26.57 26.49 26.45 26.44 26.45 26.49 26.58 26.52 26.53 26.61 26.58 26.49 26.50 26.52 26.50 26.50 26.54 26.52 26.52 26.55 26.52 26.44 26.47 26.52 26.52 26.38 26.42 26.46 26.45 26.50 26.47 26.45 26.56 26.42 26.49 26.54 26.55 26.46 26.46 26.43 26.45 26.49 26.46 26.50 26.44 26.45 26.44 26.45 26.46 26.44 26.47 26.45 26.44 26.45 26.47 26.44 26.56 26.56 26.56 26.53 26.43 26.42 26.38 26.38 26.42 26.40 26.34 26.50
26.55 26.51 26.53 26.58 26.52 26.46 26.49 26.56 26.56 26.53 26.46 26.46 26.45 26.42 26.54 26.58 26.56 26.54 26.59 26.64 26.50 26.43 26.46 26.46 26.48 26.53 26.50 26.46 26.47 26.44 26.38 26.38 26.35 26.44 26.51 26.56 26.50 26.41 26.44 26.48 26.51 26.40 26.27 26.45 26.46 26.51 26.45 26.42 26.39 26.45 26.45 26.40 26.49 26.46 26.39 26.40 26.37 26.39 26.39 26.42 26.44 26.43 26.45 26.47 26.47 26.48 26.49 26.50 26.50 26.44 26.35 26.32 26.31 26.31 26.40 26.50 26.48
26.52 26.52 26.52 26.50 26.52 26.52 26.43 26.36 26.39 26.52 26.51 26.52 26.49 26.49 26.42 26.56 26.59 26.55 26.51 26.50 26.52 26.46 26.46 26.46 26.52 26.47 26.45 26.46 26.46 26.45 26.43 26.36 26.42 26.44 26.46 26.51 26.54 26.51 26.43 26.37 26.36 26.36 26.33 26.32 26.45 26.43 26.50 26.45 26.50 26.49 26.48 26.47 26.45 26.45 26.42 26.42 26.37 26.37 26.41 26.44 26.42 26.43 26.45 26.47 26.49 26.49 26.45 26.49 26.48 26.47 26.37 26.34 26.50 26.51 26.52 26.52 26.49
26.52 26.50 26.50 26.52 26.47 26.52 26.48 26.41 26.44 26.48 26.49 26.47 26.42 26.45 26.41 26.42 26.33 26.40 26.39 26.41 26.39 26.41 26.40 26.45 26.47 26.45 26.40 26.40 26.43 26.44 26.45 26.38 26.41 26.47 26.50 26.54 26.51 26.54 26.44 26.42 26.38 26.47 26.41 26.15 26.40 26.43 26.57 26.46 26.52 26.51 26.49 26.47 26.42 26.41 26.38 26.42 26.42 26.39 26.36 26.41 26.39 26.41 26.42 26.42 26.46 26.42 26.45 26.46 26.39 26.37 26.41 26.46 26.49 26.48 26.52 26.54 26.50
26.50 26.44 26.33 24.77 26.18 26.50 26.50 26.42 26.44 26.43 26.32 26.32 26.36 26.48 26.38 26.32 26.32 26.35 26.32 26.35 26.38 26.37 26.45 26.39 26.38 26.38 26.40 26.42 26.43 26.43 26.45 26.44 26.43 26.46 26.41 26.51 26.51 26.54 26.53 26.50 26.44 26.38 26.38 26.18 26.12 26.34 26.35 26.45 26.50 26.48 26.46 26.46 26.47 26.53 26.50 26.47 26.48 26.45 26.40 26.39 26.44 26.43 26.45 26.44 26.46 26.48 26.48 26.47 26.44 26.45 26.45 26.59 26.52 26.42 26.42 26.46 26.44
26.22 25.76 25.72 26.30 26.37 26.50 26.44 26.37 26.36 26.35 26.32 26.32 26.32 26.38 26.28 26.25 26.34 26.38 26.34 26.31 26.38 26.35 26.36 26.37 26.40 26.46 26.44 26.40 26.43 26.39 26.39 26.44 26.46 26.44 26.43 26.47 26.43 26.46 26.41 26.50 26.42 26.28 26.26 26.26 26.41 26.34 26.37 26.25 26.26 26.37 26.44 26.41 26.44 26.43 26.43 26.45 26.50 26.49 26.42 26.42 26.45 26.42 26.44 26.46 26.43 26.43 26.44 26.46 26.48 26.53 26.44 26.42 26.45 26.44 26.42 26.42 26.37
26.54 26.51 26.47 26.54 26.50 26.43 26.34 26.34 26.29 26.32 26.30 26.29 26.32 26.38 26.30 26.22 26.24 26.24 26.26 26.26 26.26 26.30 26.33 26.33 26.27 26.38 26.33 26.42 26.45 26.33 26.28 26.40 26.44 26.42 26.38 26.48 26.40 26.39 26.47 26.42 26.49 26.39 26.41 26.40 26.35 26.40 26.28 26.38 26.33 26.17 26.23 26.26 26.39 26.40 26.46 26.47 26.47 26.46 26.41 26.44 26.45 26.47 26.47 26.48 26.40 26.39 26.39 26.39 26.38 26.50 26.50 26.39 26.44 26.42 26.43 26.44 26.35
26.65 26.59 26.56 26.56 26.56 26.51 26.38 26.45 26.27 26.28 26.29 26.27 26.31 26.34 26.35 26.26 26.28 26.27 26.30 26.25 26.29 26.32 26.30 26.32 26.26 26.31 26.28 26.33 26.29 26.28 26.25 26.32 26.44 26.40 26.40 26.42 26.45 26.46 26.46 26.44 26.34 26.31 26.32 26.25 26.35 26.39 26.36 26.31 26.34 26.27 26.21 26.34 26.32 26.42 26.45 26.53 26.41 26.41 26.45 26.46 26.45 26.45 26.43 26.44 26.37 26.42 26.47 26.36 26.34 26.41 26.36 26.33 26.37 26.41 26.36 26.43 26.40
26.78 26.78 26.65 26.54 26.56 26.51 26.44 26.35 26.32 26.28 26.27 26.28 26.35 26.32 26.33 26.21 26.22 26.25 26.27 26.28 26.25 26.23 26.29 26.30 26.30 26.35 26.38 26.38 26.38 26.39 26.46 26.37 26.36 26.35 26.34 26.49 26.48 26.41 26.42 26.37 26.39 26.35 26.32 26.29 26.30 26.39 26.34 26.28 26.24 26.26 26.27 26.46 26.43 26.55 26.64 26.55 26.36 26.41 26.46 26.44 26.47 26.40 26.37 26.37 26.32 26.37 26.46 26.40 26.43 26.39 26.37 26.38 26.31 26.34 26.29 26.34 26.46
26.72 26.76 26.80 26.76 26.66 26.59 26.51 26.43 26.37 26.40 26.30 26.26 26.28 26.41 26.38 26.33 26.28 26.27 26.27 26.30 26.31 26.25 26.20 26.25 26.31 26.33 26.35 26.33 26.38 26.37 26.37 26.37 26.35 26.40 26.36 26.38 26.38 26.37 26.36 26.36 26.34 26.31 26.35 26.30 26.18 26.26 26.30 26.35 26.33 26.10 26.05 26.04 26.10 26.30 26.45 26.50 26.46 26.44 26.44 26.38 26.39 26.39 26.36 26.37 26.47 26.41 26.39 26.46 26.33 26.35 26.32 26.31 26.21 26.21 26.26 26.27 26.26
26.68 26.70 26.75 26.78 26.71 26.65 26.57 26.51 26.49 26.16 26.12 26.11 26.38 26.47 26.40 26.40 26.38 26.35 26.35 26.34 26.31 26.27 26.24 26.26 26.28 26.26 26.28 26.33 26.29 26.20 26.30 26.38 26.36 26.31 26.34 26.34 26.42 26.40 26.33 26.36 26.44 26.34 26.37 26.35 26.32 26.37 26.33 26.22 26.56 26.44 26.10 26.09 26.19 26.30 26.41 26.42 26.54 26.55 26.44 26.44 26.38 26.42 26.39 26.40 26.48 26.42 26.47 26.35 26.33 26.33 26.32 26.27 26.23 26.20 26.20 26.28 26.28
26.67 26.70 26.68 26.66 26.65 26.66 26.61 26.51 26.51 26.50 26.29 25.34 26.12 26.49 26.17 26.16 26.38 26.31 26.12 25.95 26.46 26.32 26.33 26.25 26.28 26.22 26.22 26.23 26.21 26.24 26.22 26.24 26.33 26.38 26.38 26.38 26.44 26.44 26.42 26.45 26.45 26.39 26.45 26.43 26.41 26.40 26.39 26.28 26.18 26.19 26.28 26.26 26.25 26.33 26.30 26.35 26.30 26.37 26.43 26.44 26.46 26.47 26.52 26.36 26.38 26.52 26.37 26.26 26.28 26.27 26.28 26.28 26.22 26.09 26.06 26.08 26.21
26.71 26.71 26.69 26.68 26.68 26.66 26.59 26.61 26.50 26.42 26.46 26.42 25.61 25.90 25.16 26.11 26.30 25.59 25.99 25.27 26.17 26.15 26.37 26.28 26.34 26.34 26.37 26.30 26.18 26.33 26.36 26.34 26.31 26.39 26.43 26.42 26.48 26.44 26.46 26.37 26.47 26.47 26.51 26.56 26.55 26.37 26.31 26.25 26.29 26.30 26.36 26.27 26.18 26.33 26.30 26.07 26.19 26.34 26.45 26.47 26.51 26.47 26.43 26.45 26.47 26.52 26.38 26.40 26.35 26.28 26.33 26.31 26.24 26.13 26.09 26.04 26.08
