main/data/irradiance/14.10.2023.grid
ncols 839
nrows 679
xllcenter 112.0500
yllcenter -43.9500
cellsize 0.0500
nodata_value 99999.90
[rows 136 to 169 of 679, columns 308 to 384 of 839]
27.29 27.30 27.31 27.37 27.34 27.20 27.12 27.22 27.29 27.36 27.45 27.45 27.37 27.42 27.44 27.28 27.33 27.33 27.14 27.30 27.20 27.20 27.15 27.14 27.10 26.91 27.04 27.12 27.18 27.08 27.20 27.27 27.29 27.36 27.42 27.46 27.45 27.37 27.34 27.32 27.31 27.30 27.42 27.42 27.37 27.36 27.35 27.34 27.36 27.35 27.43 27.45 27.41 27.41 27.48 27.43 27.47 27.41 27.37 27.36 27.37 27.41 27.40 27.31 27.35 27.36 27.40 27.42 27.41 27.38 27.45 27.49 27.47 27.40 27.41 27.44 27.36
27.30 27.28 27.36 27.31 27.21 27.13 27.09 27.22 27.33 27.37 27.27 27.28 27.37 27.41 27.34 27.33 27.26 27.01 27.15 27.30 27.33 27.22 27.25 27.21 27.14 26.96 27.04 27.09 27.06 26.99 27.06 27.18 27.18 27.24 27.25 27.35 27.35 27.34 27.39 27.36 27.36 27.43 27.41 27.43 27.40 27.39 27.34 27.37 27.35 27.28 27.31 27.44 27.44 27.46 27.49 27.45 27.46 27.48 27.34 27.40 27.39 27.39 27.36 27.33 27.40 27.41 27.44 27.44 27.42 27.43 27.47 27.47 27.46 27.43 27.42 27.47 27.32
27.31 27.36 27.33 27.10 27.14 27.32 27.31 27.31 27.47 27.48 27.24 27.32 27.36 27.30 27.33 27.35 27.27 26.95 27.10 27.15 27.33 27.12 27.28 27.21 27.12 27.02 27.12 27.11 26.99 27.02 27.00 27.12 27.19 27.22 27.29 27.29 27.30 27.32 27.34 27.37 27.38 27.40 27.37 27.41 27.39 27.38 27.39 27.39 27.30 27.29 27.34 27.43 27.45 27.46 27.47 27.48 27.50 27.48 27.46 27.42 27.41 27.40 27.37 27.30 27.39 27.41 27.44 27.41 27.41 27.42 27.46 27.41 27.37 27.36 27.46 27.38 27.38
27.35 27.34 27.17 27.05 27.20 27.28 27.19 27.26 27.49 27.48 27.27 27.32 27.28 27.26 27.27 27.47 27.20 27.17 27.29 26.88 27.02 27.15 26.85 27.02 26.96 27.11 26.99 26.98 27.04 27.08 27.01 27.12 27.16 27.19 27.25 27.27 27.32 27.22 27.23 27.30 27.32 27.38 27.32 27.37 27.35 27.36 27.34 27.37 27.24 27.31 27.27 27.36 27.44 27.40 27.47 27.52 27.50 27.49 27.55 27.59 27.54 27.49 27.38 27.36 27.34 27.35 27.39 27.39 27.41 27.41 27.43 27.42 27.38 27.30 27.41 27.41 27.36
27.32 27.19 27.04 27.26 27.17 27.22 27.14 27.42 27.46 27.49 27.39 27.22 27.26 27.28 27.24 27.13 27.42 27.24 27.25 27.19 27.09 27.23 27.14 27.12 27.01 27.02 26.96 27.03 27.16 27.02 26.84 26.89 26.90 26.93 27.21 27.26 27.26 27.21 27.24 27.33 27.33 27.35 27.25 27.28 27.28 27.35 27.44 27.29 27.23 27.20 27.21 27.37 27.43 27.47 27.47 27.50 27.50 27.51 27.53 27.51 27.53 27.47 27.44 27.40 27.44 27.43 27.42 27.48 27.43 27.42 27.42 27.41 27.42 27.40 27.40 27.46 27.38
27.27 27.00 27.17 27.24 27.26 27.26 27.24 27.34 27.42 27.46 27.48 27.32 27.17 27.16 27.19 27.20 27.28 27.31 27.28 27.33 27.32 27.41 27.29 27.38 27.33 27.19 27.24 27.26 27.27 26.98 27.08 26.98 26.87 26.87 27.10 27.22 27.17 27.17 27.19 27.21 27.27 27.33 27.28 27.27 27.23 27.26 27.28 27.24 27.25 27.27 27.34 27.46 27.38 27.43 27.46 27.52 27.50 27.47 27.39 27.28 27.43 27.43 27.40 27.42 27.44 27.41 27.44 27.43 27.46 27.41 27.36 27.41 27.37 27.37 27.37 27.42 27.41
27.18 26.94 27.24 27.27 27.23 27.25 27.05 27.41 27.41 27.48 27.49 27.34 27.16 27.16 27.20 27.44 27.41 27.45 27.44 27.40 27.40 27.28 27.25 26.99 27.15 27.16 27.30 27.15 27.03 27.16 27.27 27.30 27.04 26.85 27.08 27.20 27.19 27.20 27.16 27.20 27.21 27.30 27.25 27.19 27.26 27.21 27.18 27.16 27.26 27.30 27.36 27.43 27.40 27.38 27.40 27.44 27.45 27.41 27.29 27.31 27.26 27.33 27.37 27.38 27.41 27.44 27.43 27.42 27.31 27.27 27.30 27.35 27.33 27.32 27.40 27.41 27.40
26.97 26.98 27.28 27.28 27.26 27.17 27.38 27.49 27.44 27.50 27.45 27.34 27.14 27.44 27.45 27.43 27.48 27.27 27.22 27.34 27.28 27.19 27.28 27.24 27.30 27.29 27.12 26.97 26.84 26.98 27.14 27.26 27.00 26.86 27.00 27.23 27.17 27.20 27.18 27.24 27.26 27.24 27.24 27.23 27.22 27.19 27.20 27.05 27.11 27.18 27.27 27.49 27.41 27.34 27.39 27.36 27.35 27.40 27.46 27.50 27.54 27.33 27.23 27.30 27.30 27.30 27.32 27.31 27.17 27.26 27.27 27.29 27.26 27.31 27.34 27.35 27.38
26.81 26.96 27.11 27.20 27.30 27.43 27.49 27.49 27.46 27.49 27.31 27.08 27.18 27.39 27.41 27.45 27.50 27.49 27.50 27.48 27.35 27.24 27.16 27.05 27.12 27.10 27.07 27.03 26.91 26.91 27.12 27.06 26.97 26.97 26.97 26.98 27.03 27.12 27.24 27.21 27.19 27.18 27.14 27.15 27.18 27.10 27.12 27.05 27.05 27.12 27.31 27.46 27.41 27.33 27.33 27.29 27.31 27.36 27.48 27.50 27.48 27.50 27.55 27.42 27.60 27.57 27.19 27.18 27.18 27.17 27.19 27.25 27.27 27.31 27.38 27.36 27.33
26.79 26.73 26.92 27.02 27.20 27.24 27.50 27.50 27.43 27.49 27.47 27.31 27.21 27.39 27.39 27.47 27.43 27.43 27.38 27.29 27.21 27.08 27.06 27.16 27.28 27.04 27.02 27.07 26.96 26.84 27.00 27.02 26.87 26.95 27.06 27.03 26.96 27.02 27.14 27.19 27.23 27.20 27.16 27.11 27.11 27.18 27.23 27.14 27.05 27.11 27.21 27.40 27.26 27.23 27.31 27.35 27.25 27.20 27.42 27.42 27.40 27.44 27.54 27.59 27.59 27.58 27.54 27.58 27.45 27.20 27.32 27.27 27.25 27.25 27.34 27.28 27.20
26.89 26.90 26.89 27.02 27.29 27.33 27.47 27.42 27.52 27.50 27.52 27.50 27.35 27.39 27.40 27.44 27.35 27.24 27.22 27.40 27.35 27.35 27.32 27.31 27.11 26.91 26.91 26.96 26.98 26.88 26.99 26.99 27.01 27.13 27.03 27.05 26.93 27.01 27.07 27.22 27.29 27.22 27.15 27.10 27.04 27.14 27.16 27.20 27.19 27.00 27.01 27.08 27.15 27.16 27.27 27.31 27.36 27.20 27.23 27.33 27.28 27.37 27.45 27.54 27.54 27.54 27.44 27.57 27.62 27.28 27.28 27.24 27.18 27.33 27.33 27.20 27.10
27.04 27.04 27.05 27.19 27.31 27.01 27.07 27.22 27.44 27.47 27.48 27.47 27.33 27.41 27.30 27.37 27.24 27.23 27.28 27.36 27.37 27.37 27.33 27.18 26.94 26.85 27.06 27.37 27.01 26.97 27.02 27.07 27.29 27.29 27.04 27.05 27.02 26.98 27.13 27.07 27.25 27.20 27.12 27.09 27.08 27.08 27.10 27.15 27.16 27.05 27.06 27.15 27.21 27.13 27.11 27.18 27.30 27.30 27.24 27.28 27.35 27.40 27.48 27.50 27.51 27.54 27.49 27.43 27.52 27.25 27.26 27.15 27.25 27.21 27.25 27.29 27.22
27.29 27.16 27.13 27.20 27.05 26.99 26.98 27.22 27.46 27.51 27.47 27.17 27.08 27.23 27.22 27.18 27.23 27.23 27.33 27.36 27.33 27.32 27.32 27.25 26.98 27.21 27.39 27.05 26.99 27.02 27.08 27.16 27.37 27.28 27.15 27.10 26.99 26.96 27.12 27.12 27.20 27.15 27.09 27.05 27.08 27.09 27.12 27.14 27.12 27.04 26.96 27.04 27.07 27.21 27.18 27.15 27.11 27.09 27.12 27.25 27.31 27.34 27.42 27.41 27.42 27.50 27.41 27.38 27.33 27.23 27.14 27.16 27.15 27.13 27.16 27.12 27.12
27.32 27.37 27.28 27.10 27.05 27.06 27.08 27.23 27.37 27.15 27.09 27.12 27.04 27.07 27.20 27.15 27.23 27.23 27.34 27.29 27.34 27.22 27.17 27.09 27.03 27.02 27.13 27.07 27.01 26.97 27.11 27.37 27.36 27.21 27.23 27.24 27.06 27.15 27.29 27.13 27.16 27.23 27.30 27.27 27.06 27.10 27.04 27.05 27.06 27.10 27.09 27.01 26.94 27.01 27.10 27.14 27.06 27.02 27.11 27.30 27.33 27.32 27.33 27.38 27.45 27.48 27.37 27.01 27.60 27.23 27.24 27.06 27.03 27.07 27.14 27.07 27.16
27.30 27.34 27.22 27.01 27.01 27.04 27.13 27.16 27.07 27.05 27.06 27.09 27.02 27.11 27.18 27.22 27.18 26.99 27.25 27.16 27.16 27.18 27.06 27.00 26.92 26.86 27.04 27.05 26.92 27.11 27.33 27.39 27.19 27.15 27.20 27.26 27.28 27.25 27.27 27.14 27.18 27.19 27.08 27.21 27.11 27.10 27.03 27.00 27.06 27.12 27.07 27.07 26.99 26.97 27.08 27.00 27.16 27.24 27.30 27.31 27.34 27.31 27.28 27.31 27.50 27.44 27.07 27.19 27.17 27.23 27.18 27.06 27.12 27.12 27.09 27.05 27.06
27.28 27.27 27.12 27.04 27.04 27.02 27.14 27.15 27.11 27.07 27.17 27.10 27.16 27.21 27.21 27.22 27.25 26.96 27.08 27.12 27.19 27.06 26.98 26.94 26.87 26.94 26.91 26.93 27.00 27.31 27.29 27.32 27.28 27.29 27.25 27.21 27.21 27.25 27.25 27.26 27.20 27.17 26.98 26.79 26.86 26.88 27.00 27.01 27.03 27.06 27.04 26.99 26.94 27.15 27.28 27.15 27.18 27.16 27.25 27.33 27.31 27.28 27.33 27.41 27.48 27.56 27.21 27.22 27.23 27.27 27.10 27.10 27.16 27.17 27.08 27.10 27.11
27.19 27.19 27.03 27.06 27.06 27.12 27.22 27.01 27.01 27.06 27.12 27.14 27.22 27.15 27.13 27.21 27.21 27.10 27.16 27.01 26.94 26.93 26.82 26.84 26.92 27.05 26.94 26.95 27.25 27.29 27.34 27.32 27.32 27.26 27.14 27.06 27.07 27.18 27.27 27.21 27.21 27.21 26.95 26.89 26.93 26.92 26.94 27.02 27.01 27.02 27.00 27.00 26.97 27.29 27.26 27.36 27.35 27.19 27.30 27.30 27.30 27.33 27.35 27.37 27.53 27.39 27.06 27.18 27.22 27.20 27.12 27.15 27.11 27.18 27.09 27.11 27.13
27.08 27.06 27.09 27.02 27.11 27.16 27.24 26.98 27.02 26.99 27.05 27.07 27.16 27.23 27.29 27.23 27.02 27.11 27.01 26.94 26.95 26.79 26.83 26.87 26.97 27.02 27.05 27.28 27.29 27.28 27.27 27.32 27.33 27.25 26.92 27.00 26.90 27.02 27.20 27.27 27.05 27.04 26.97 26.91 26.93 26.99 26.90 26.94 27.00 26.95 26.88 26.91 27.00 27.09 27.34 27.32 27.38 27.33 27.27 27.29 27.32 27.33 27.18 27.12 27.15 27.10 27.02 27.06 27.10 27.11 27.12 27.17 27.12 27.08 27.05 27.05 27.09
27.02 26.97 27.01 27.04 26.98 27.05 27.16 26.97 27.03 27.02 26.99 27.10 27.16 27.17 27.31 27.24 27.00 26.97 26.94 26.97 26.95 26.94 26.83 26.97 27.16 27.31 27.24 27.22 27.26 27.29 27.30 27.34 27.31 27.10 26.83 26.89 26.88 27.01 27.04 26.93 26.82 26.87 26.83 26.88 26.87 26.96 26.95 26.98 26.96 26.90 26.90 26.93 26.98 27.10 27.24 27.45 27.37 27.30 27.41 27.32 27.07 27.06 27.07 27.05 26.95 26.95 27.02 27.02 27.07 27.02 27.02 26.98 27.05 27.01 27.01 27.13 27.10
27.01 27.05 27.08 27.06 26.95 27.04 27.05 26.91 27.03 27.03 27.09 27.19 27.14 27.23 27.09 27.33 27.12 26.83 26.98 27.00 26.99 26.84 27.04 27.35 27.36 27.24 27.20 27.17 27.13 27.26 27.32 27.32 27.29 27.10 26.94 26.91 26.93 27.01 26.95 26.85 26.70 26.74 26.80 26.81 26.85 26.86 26.85 26.84 26.79 26.82 26.87 26.94 27.00 27.00 27.03 27.20 27.16 27.25 27.44 27.00 27.00 27.14 27.12 26.94 26.82 26.91 26.95 26.93 26.87 26.88 26.93 26.89 26.91 26.87 26.99 27.05 27.00
27.14 27.11 27.07 27.07 27.14 27.17 27.08 27.04 27.14 27.12 27.10 27.05 27.12 27.21 27.26 27.24 27.25 26.94 27.03 27.05 27.04 27.14 27.31 27.33 27.22 27.28 27.27 27.19 27.21 27.23 27.28 27.27 27.11 27.18 27.05 26.92 26.97 26.97 26.93 26.92 26.90 26.81 26.86 26.88 26.81 26.75 26.81 26.85 26.79 26.88 26.86 26.98 26.99 26.96 26.97 26.97 26.97 26.98 26.92 26.92 26.97 26.93 27.07 27.05 26.91 26.89 26.63 26.77 26.69 26.89 26.90 26.94 26.93 26.94 26.99 27.10 27.07
27.16 27.07 26.94 27.13 27.15 27.09 27.21 27.20 27.11 27.06 27.15 27.12 27.16 27.21 27.33 27.29 27.31 27.12 26.90 27.13 27.38 27.31 27.27 27.24 27.29 27.23 27.25 27.27 27.13 27.03 27.09 27.02 27.01 27.26 26.92 26.91 26.94 26.97 27.08 26.95 26.84 26.90 26.88 26.88 26.94 26.98 26.87 26.94 26.88 26.86 26.85 26.99 27.03 27.06 27.05 27.19 27.04 27.02 26.99 26.91 26.91 26.98 27.05 27.05 27.42 27.07 26.82 26.87 26.93 26.89 26.86 26.87 26.91 26.96 26.97 27.11 27.13
27.08 27.01 27.05 27.09 27.13 27.13 27.26 27.23 27.13 27.22 27.18 27.15 27.15 27.19 27.17 27.25 27.16 27.27 27.20 27.38 27.35 27.29 27.18 27.12 27.20 27.14 27.19 27.02 26.98 26.93 27.00 27.08 26.97 27.11 26.97 26.91 26.97 26.87 27.04 26.86 26.94 26.86 26.80 26.81 26.90 26.87 26.82 26.86 26.83 26.85 26.79 26.99 27.02 27.03 27.28 27.40 27.47 27.24 27.06 27.10 26.95 26.94 26.94 27.16 27.48 27.31 26.90 26.91 26.89 26.81 26.83 26.90 26.95 27.01 26.93 26.92 26.99
27.07 27.11 27.12 27.12 27.11 27.20 27.29 27.19 27.27 27.25 27.19 27.14 27.23 27.25 27.25 27.28 27.14 27.29 27.28 27.32 27.35 27.37 27.24 27.04 27.10 27.26 27.27 26.97 27.00 27.08 27.23 27.01 27.08 26.90 26.83 26.83 26.82 26.78 26.83 26.87 26.73 26.88 26.91 26.99 26.94 26.88 26.87 26.87 26.70 26.72 26.82 26.99 26.96 27.21 27.36 27.46 27.50 27.50 27.47 27.47 27.43 27.46 27.37 27.36 27.23 27.33 27.05 27.11 27.10 27.10 27.09 27.07 27.18 27.17 27.07 26.92 26.93
26.98 27.04 27.07 27.08 27.21 27.27 27.23 27.23 27.25 27.24 27.13 27.10 27.20 27.17 27.19 27.24 27.10 27.25 27.18 27.27 27.32 27.35 27.14 27.07 27.18 27.19 27.02 26.96 27.04 26.95 27.03 27.06 26.93 27.02 26.92 26.96 26.88 26.82 26.81 26.85 26.68 26.76 26.97 27.04 26.96 26.95 26.92 26.88 26.75 26.76 26.86 26.98 27.07 27.28 27.26 27.34 27.38 27.46 27.48 27.47 27.44 27.49 27.49 27.29 27.30 27.16 27.14 27.17 27.08 27.19 27.13 27.14 27.17 27.15 27.12 26.98 26.85
27.06 26.96 27.02 27.03 27.17 27.13 27.15 27.12 27.19 27.13 27.09 27.16 27.17 27.24 27.25 27.06 27.18 27.23 27.20 27.28 27.32 27.20 27.09 27.12 27.20 27.13 27.00 26.94 26.92 27.01 26.92 26.96 26.94 26.99 27.00 26.88 26.92 26.75 26.86 26.89 26.93 26.82 26.84 26.82 26.81 26.86 26.86 26.88 26.86 26.83 26.80 27.03 27.24 27.32 27.30 27.32 27.26 27.33 27.49 27.47 27.50 27.35 27.47 27.33 27.09 27.15 27.18 27.14 27.13 27.19 27.22 27.13 27.20 27.12 27.13 27.05 26.94
27.11 27.02 27.12 27.11 27.12 27.14 27.22 27.20 27.19 27.10 27.11 27.12 27.11 27.16 27.24 27.12 27.25 27.18 27.25 27.31 26.94 27.21 27.13 27.06 27.10 27.11 26.96 26.92 27.01 27.04 26.94 26.91 27.00 26.95 26.98 27.04 26.98 26.93 26.82 26.88 26.83 26.77 26.90 26.93 26.79 26.80 26.83 26.91 26.96 26.88 27.15 27.28 27.23 27.17 27.17 27.25 27.19 27.23 27.29 27.44 27.46 27.29 27.16 27.31 27.18 27.20 27.24 27.18 27.13 27.20 27.18 27.29 27.35 27.35 27.16 27.04 26.91
27.14 27.11 27.19 27.15 27.13 27.10 27.22 27.21 27.18 27.12 27.09 27.20 27.11 26.97 27.08 27.25 27.29 27.29 27.30 27.17 26.98 27.24 27.10 27.02 26.98 27.03 27.04 26.99 26.95 26.92 26.95 26.91 26.96 27.00 26.99 26.91 26.94 26.97 26.76 26.85 26.76 26.82 26.84 26.82 26.79 27.11 27.57 26.87 26.94 26.98 27.21 27.20 27.28 27.22 27.04 27.24 27.29 27.30 27.21 27.07 27.23 27.18 27.14 27.08 27.12 27.30 27.31 27.11 27.08 27.18 27.18 27.32 27.33 27.33 27.12 26.96 26.83
27.29 27.30 27.27 27.27 27.25 27.35 27.31 27.21 27.09 27.09 27.16 27.15 27.12 27.16 27.25 27.28 27.26 27.22 27.12 27.12 27.11 27.02 26.87 26.88 27.03 27.03 27.00 26.93 26.89 26.93 26.85 26.89 26.87 26.83 26.77 26.93 27.04 26.88 26.86 26.83 26.75 26.87 26.91 26.86 26.85 26.82 27.05 26.85 26.93 27.01 27.19 27.21 27.29 27.18 27.22 27.21 27.22 27.27 27.18 27.14 27.08 27.12 27.07 26.98 27.11 27.29 27.17 27.07 27.06 27.15 27.19 27.24 27.37 27.20 27.11 26.97 26.83
27.23 27.22 27.24 27.23 27.25 27.26 27.31 27.41 27.19 27.13 27.20 26.97 27.10 27.26 27.30 27.26 27.19 27.15 27.22 27.13 27.16 27.17 27.00 26.88 26.78 27.00 27.02 27.00 26.87 26.90 26.90 26.90 26.84 26.85 26.91 26.84 26.82 26.76 26.73 26.74 26.67 26.78 26.92 26.91 26.86 26.83 26.83 26.96 27.06 27.10 27.22 27.16 27.25 27.36 27.33 27.27 27.31 27.31 27.34 27.27 27.19 27.29 27.25 27.08 27.14 27.20 27.20 27.17 27.20 27.18 27.23 27.26 27.31 27.30 27.16 26.96 26.87
27.17 27.16 27.14 27.20 27.17 27.13 27.20 27.22 27.19 27.17 27.23 27.08 27.18 27.29 27.34 27.30 27.29 27.05 27.03 27.07 27.07 27.11 26.85 26.86 26.98 27.03 26.83 26.92 26.93 26.97 27.04 27.05 27.03 26.99 26.95 26.82 26.84 26.75 26.71 26.75 26.67 26.81 26.89 26.95 26.91 26.85 26.86 26.89 27.07 27.01 27.07 27.14 27.18 27.30 27.29 27.29 27.22 27.12 27.29 27.32 27.16 27.13 27.16 27.06 27.14 27.20 27.28 27.29 27.25 27.22 27.27 27.27 26.99 26.96 26.89 26.90 26.89
27.19 27.13 27.26 27.28 27.25 27.32 27.15 27.22 27.25 27.23 27.12 27.04 27.17 27.21 27.29 27.32 27.27 27.12 27.08 27.10 27.11 27.12 27.13 27.04 27.01 27.04 26.88 26.83 26.95 27.06 26.94 26.93 26.91 26.89 26.90 26.82 26.74 26.79 26.69 26.74 26.81 26.82 26.86 26.80 26.80 26.81 26.84 27.01 27.02 27.05 27.09 27.11 27.07 27.13 27.13 27.20 27.20 27.04 26.99 27.12 27.10 27.11 27.19 27.02 27.19 27.15 27.19 27.13 27.23 27.23 27.34 27.38 27.05 26.94 26.94 26.96 26.99
27.10 27.22 27.24 27.31 27.46 27.44 27.33 27.25 27.38 27.26 27.15 27.18 27.17 27.22 27.34 27.39 27.27 27.19 27.16 27.18 27.14 27.13 27.22 27.13 27.09 27.03 26.83 26.84 26.93 27.05 27.11 26.92 26.89 26.84 26.87 26.83 26.81 26.75 26.74 26.74 26.51 26.73 26.67 26.71 26.85 26.86 26.93 27.07 27.18 27.17 27.10 27.08 27.01 27.01 26.97 27.05 27.04 27.10 27.19 27.15 27.03 27.19 27.26 27.15 27.21 27.20 27.22 27.19 27.31 27.30 27.31 27.36 27.28 27.02 26.96 26.89 26.96
27.25 27.25 27.27 27.30 27.30 27.34 27.25 27.27 27.40 27.34 27.24 27.23 27.16 27.21 27.33 27.37 27.25 27.21 27.19 27.11 27.09 27.12 27.22 27.13 27.06 26.91 27.19 27.22 27.06 26.84 26.91 26.96 26.86 26.82 26.76 26.85 26.82 26.70 26.82 26.87 26.65 26.76 26.54 26.89 27.16 27.02 27.06 26.98 27.15 27.15 27.17 27.20 27.08 27.13 27.19 27.16 27.01 26.99 26.92 27.09 27.13 27.21 27.26 27.28 27.28 27.21 27.26 27.16 27.18 27.29 27.29 27.33 27.32 27.02 27.01 26.94 26.93
