main/data/irradiance/14.12.2023.grid
ncols 839
nrows 679
xllcenter 112.0500
yllcenter -43.9500
cellsize 0.0500
nodata_value 99999.90
[rows 442 to 475 of 679, columns 77 to 153 of 839]
31.57 31.02 31.49 31.37 31.37 31.30 31.38 31.35 31.20 31.04 30.72 30.36 30.40 29.98 29.78 28.64 28.42 28.31 28.34 28.62 28.80 28.51 28.87 28.89 28.58 29.07 28.94 29.40 28.66 29.50 28.74 29.14 29.28 28.90 29.11 29.59 29.20 29.72 29.07 29.67 28.71 28.75 27.89 28.01 28.36 29.24 29.55 29.65 30.53 30.26 29.84 30.33 30.38 30.60 30.08 29.43 29.22 29.86 29.24 30.40 30.56 30.15 30.20 30.88 31.02 30.81 31.63 31.59 31.40 31.16 31.03 31.21 31.04 31.00 31.09 31.04 31.29
31.41 31.02 31.48 31.46 31.40 31.28 31.25 31.30 31.13 30.80 30.47 30.13 30.06 29.61 29.53 28.74 28.36 28.08 27.63 28.23 28.34 28.34 27.77 28.09 27.43 27.42 27.42 29.18 29.00 29.06 29.11 29.81 29.72 29.11 28.81 29.38 29.09 29.10 29.62 30.00 30.09 29.34 28.39 27.43 28.10 28.44 28.78 28.37 28.50 29.07 28.66 29.63 29.83 30.11 30.02 29.45 29.44 29.63 29.77 29.91 30.34 29.87 29.96 30.53 30.28 31.01 31.58 31.46 31.02 30.83 30.81 30.90 30.95 31.05 31.12 31.16 31.01
30.92 30.31 31.13 31.47 31.48 31.31 31.12 31.09 31.04 30.73 30.53 30.03 29.67 28.85 28.01 28.23 27.58 28.28 27.67 27.80 27.83 26.96 27.00 27.28 27.90 27.31 27.50 27.91 27.14 28.64 28.57 28.82 28.69 28.72 29.23 29.26 29.01 29.28 29.33 29.52 29.34 29.40 28.95 27.42 27.68 27.61 27.87 28.49 28.03 27.76 27.58 28.41 29.08 29.21 29.94 30.13 29.88 29.88 30.24 29.42 30.20 29.89 30.28 30.65 29.96 30.52 30.73 30.95 30.57 30.81 30.88 30.81 30.82 30.81 31.03 30.93 30.74
29.96 29.67 30.37 31.17 31.33 31.31 31.07 30.92 30.78 30.58 30.60 30.28 29.35 28.01 27.57 27.04 27.02 27.39 27.41 27.67 27.46 26.27 26.98 26.87 27.35 27.33 27.14 27.48 26.67 26.55 27.59 27.06 27.34 28.17 29.06 29.63 28.45 28.03 28.68 28.77 28.74 29.34 29.87 29.02 28.17 28.08 27.80 28.05 27.89 27.37 27.66 28.28 29.11 29.46 29.83 29.88 30.13 30.22 30.12 29.63 29.88 29.42 28.91 30.05 30.48 30.08 30.02 30.22 30.58 30.78 30.91 30.81 30.38 30.53 30.83 30.57 30.43
30.39 30.07 30.81 31.12 31.05 30.93 30.87 30.49 30.47 30.29 30.34 29.73 28.87 27.46 27.17 27.08 27.45 27.98 27.79 27.63 27.72 27.13 27.03 27.23 26.99 27.29 27.04 27.37 27.41 26.90 27.42 27.02 26.59 26.78 27.23 28.47 28.83 28.71 28.92 29.54 28.87 28.86 28.61 28.30 28.00 27.97 27.50 27.82 28.12 28.63 28.23 28.83 29.26 28.41 28.71 29.17 30.04 29.66 29.58 29.65 29.87 29.85 29.73 29.91 30.14 30.28 29.94 29.74 30.16 30.67 30.73 30.52 30.62 30.78 30.69 29.93 29.65
30.30 30.17 31.09 31.28 30.92 30.63 30.54 30.45 30.36 29.89 29.86 29.44 29.40 28.71 27.93 27.61 27.63 27.23 26.81 26.63 27.64 27.78 26.57 27.32 27.87 27.45 27.57 26.98 26.91 27.10 27.36 27.46 26.87 27.10 27.11 27.14 27.60 28.11 28.57 28.55 29.10 28.97 29.24 28.99 28.37 27.43 28.54 28.59 28.67 29.15 28.54 29.00 28.50 27.86 27.42 27.83 27.92 27.80 28.78 29.14 29.27 29.60 29.11 29.55 30.51 30.37 29.46 29.62 29.68 29.73 30.51 30.21 29.96 30.10 30.02 29.87 29.18
29.78 30.00 30.95 31.04 30.96 30.66 30.69 30.13 29.84 29.30 29.30 29.43 29.23 28.81 27.53 28.40 28.22 27.31 26.39 27.74 27.70 27.18 26.07 26.77 26.87 26.25 27.06 27.09 26.90 27.19 26.92 27.00 27.39 27.11 26.45 26.79 26.21 27.10 27.83 28.45 29.11 28.49 28.68 28.95 28.43 28.87 28.81 28.39 28.16 28.34 28.41 28.25 28.58 28.01 27.21 27.23 27.17 26.58 27.29 27.47 28.00 28.23 28.40 29.10 29.48 29.65 30.00 29.38 29.49 29.38 29.83 29.91 29.76 29.49 29.26 29.19 28.72
29.71 29.85 30.99 30.85 30.24 29.83 30.01 29.17 29.30 29.40 28.97 29.13 29.27 29.30 29.12 29.09 27.59 27.35 26.58 27.97 27.76 26.73 26.35 26.60 27.08 26.01 26.47 27.27 26.90 27.17 27.30 27.24 27.92 27.64 26.69 26.49 26.03 27.60 27.44 27.90 28.01 28.30 28.50 29.28 28.82 29.31 28.59 28.85 28.82 27.78 27.39 27.78 28.15 28.25 28.02 26.79 26.99 26.39 26.71 26.50 27.01 27.14 27.40 28.31 28.56 28.84 29.03 28.39 29.45 29.87 29.79 29.04 28.89 28.93 28.99 28.81 28.50
29.71 29.41 31.05 30.56 29.86 29.68 29.74 29.83 29.88 29.76 29.54 29.41 28.41 27.79 29.08 29.16 28.46 27.47 26.99 26.71 27.00 27.19 26.25 26.59 27.09 25.64 26.92 27.71 28.27 27.99 27.71 26.70 26.73 27.84 27.87 27.74 27.82 27.33 27.03 27.40 27.79 27.30 27.62 28.06 28.69 29.17 29.26 28.80 29.03 28.31 27.74 27.62 28.17 28.28 28.77 27.35 27.22 26.38 26.01 25.81 26.28 26.69 27.42 27.54 27.73 28.36 28.13 28.39 28.42 29.02 28.94 28.65 28.42 28.21 28.52 28.58 28.24
29.54 30.36 31.21 30.47 30.11 29.94 29.70 29.45 29.62 29.55 29.23 29.17 28.58 27.32 27.90 28.63 28.42 26.90 27.18 27.27 26.74 27.31 26.73 26.92 26.88 26.20 26.80 26.83 27.25 27.92 27.01 27.23 28.06 28.27 28.94 28.12 28.10 28.16 27.85 28.27 28.65 28.05 27.59 27.30 28.09 27.68 28.11 27.83 28.46 28.89 27.69 27.19 28.14 28.64 28.75 28.47 27.82 26.34 26.19 26.32 26.36 26.68 27.14 26.76 26.69 27.00 27.90 27.81 28.02 28.27 27.70 28.41 28.67 28.56 28.27 28.23 28.30
29.70 31.55 31.22 30.14 29.97 29.79 29.68 29.71 29.75 29.40 28.75 28.90 28.51 27.65 27.69 27.91 28.41 27.40 27.04 27.02 27.21 27.31 26.95 27.40 27.81 27.62 27.59 27.41 27.69 27.12 26.90 26.90 27.21 28.05 27.81 28.91 29.54 28.96 27.77 28.35 27.69 28.08 28.21 28.50 28.51 28.36 28.41 28.33 28.55 27.27 28.68 29.03 28.68 29.38 28.91 28.24 28.14 27.99 27.30 27.10 26.51 27.45 27.02 26.40 26.26 26.42 27.56 27.32 27.05 27.44 27.54 27.55 27.66 28.13 27.88 27.74 27.90
29.34 30.61 31.02 30.16 29.91 29.46 29.76 29.89 30.01 29.16 29.42 29.21 28.15 28.51 28.50 27.75 28.04 27.88 27.32 27.57 27.81 27.41 26.71 27.05 27.40 27.55 27.60 26.66 26.97 27.46 26.94 26.88 27.30 27.61 27.29 28.16 28.25 28.61 28.25 28.09 28.08 27.48 27.39 27.98 28.23 27.10 27.87 27.67 27.87 27.91 28.28 29.16 29.22 28.80 28.07 28.18 28.33 28.37 27.80 27.64 27.10 27.27 26.86 26.37 26.37 25.84 26.32 26.57 26.94 26.66 27.23 27.23 27.51 28.08 27.98 27.99 27.77
29.22 30.21 31.27 30.35 30.26 30.22 30.03 30.07 29.64 29.51 28.93 28.34 27.90 28.62 28.35 27.59 27.49 27.46 27.70 28.15 28.58 28.69 27.86 27.60 28.01 27.36 26.77 26.55 26.99 27.27 27.28 27.23 27.13 27.65 27.36 27.44 28.06 28.30 27.69 27.66 27.54 28.02 28.59 28.34 28.23 28.18 28.39 28.22 27.07 27.29 26.83 27.73 28.67 28.38 28.48 28.66 28.26 28.00 28.08 27.79 27.04 27.42 27.07 26.78 26.68 26.48 26.51 26.40 26.55 27.28 27.24 27.70 27.46 27.65 27.55 28.18 28.57
28.94 30.67 31.15 30.87 30.53 30.50 30.30 30.07 29.55 28.99 29.29 28.49 28.77 27.96 28.22 27.91 27.87 27.28 27.85 28.52 29.01 28.59 28.75 27.93 28.11 27.56 26.99 26.42 26.87 27.02 27.47 27.36 27.32 27.46 27.26 27.93 27.72 27.65 28.03 27.94 28.33 28.08 28.30 28.66 28.26 28.92 28.72 28.66 28.70 26.86 27.49 28.15 28.19 28.46 29.10 28.80 28.73 28.56 28.59 28.05 28.14 28.11 27.75 27.50 27.26 26.72 26.67 26.75 26.44 26.43 26.99 27.54 27.92 27.97 27.99 28.43 27.85
29.89 30.65 31.15 30.93 30.50 30.49 30.67 30.39 30.19 29.19 29.70 29.36 28.81 28.97 28.00 27.30 27.53 26.73 27.92 26.87 28.52 28.24 27.87 27.31 27.20 27.07 26.67 26.97 26.82 26.89 27.22 27.10 27.15 26.84 27.14 28.18 27.88 27.98 28.21 28.20 27.88 27.73 28.48 28.19 27.41 27.69 28.48 29.51 28.87 28.00 27.68 27.19 26.98 27.59 28.06 28.28 29.29 28.91 29.07 28.76 28.27 28.78 28.73 27.58 27.31 27.33 26.55 26.29 26.14 26.61 26.41 26.59 27.49 28.25 28.57 28.28 28.46
29.87 31.01 31.13 31.03 31.07 30.77 30.71 30.19 29.92 29.16 28.85 28.72 27.48 28.37 27.63 26.72 26.96 26.92 26.79 27.58 27.32 28.10 27.58 27.03 26.95 27.03 27.06 26.91 27.54 27.40 26.87 27.66 27.34 27.51 27.68 27.79 28.49 28.79 27.77 27.61 27.93 27.97 28.07 27.53 27.48 27.82 28.90 29.38 29.56 28.93 28.59 27.69 27.25 27.34 27.48 27.66 28.65 29.02 29.00 29.44 28.84 29.03 29.17 28.63 28.17 27.25 27.05 26.87 26.73 27.10 27.43 27.51 28.19 28.50 28.53 27.69 27.78
29.67 30.94 31.26 31.05 30.83 30.41 30.64 30.38 30.31 29.65 29.84 30.05 28.29 28.24 27.47 27.73 27.51 27.34 27.23 27.11 27.24 27.28 27.32 27.57 27.50 28.36 27.34 27.42 27.14 27.56 28.01 27.67 27.69 27.51 27.07 27.09 27.50 27.96 27.66 27.72 27.75 27.28 27.60 27.46 28.13 28.02 28.05 28.96 28.80 28.73 28.85 28.62 27.88 27.86 27.72 27.04 27.53 27.66 27.71 28.93 28.95 28.65 29.18 29.27 28.61 27.85 27.43 26.75 26.39 26.18 27.65 27.61 27.80 27.07 28.12 28.00 27.72
29.63 30.78 31.30 30.88 30.81 30.57 30.19 29.68 30.16 30.32 29.85 29.31 29.49 29.08 28.02 27.89 27.40 27.31 27.34 26.80 27.41 27.14 26.89 27.82 27.73 27.40 27.38 27.19 28.01 27.46 28.07 27.69 27.92 28.19 27.52 27.58 27.53 26.41 27.16 27.55 27.43 27.59 27.57 27.20 27.81 27.44 28.15 28.71 28.24 28.55 28.97 28.84 28.74 28.23 28.35 28.13 27.60 27.87 27.76 28.25 28.83 29.06 28.84 29.56 29.00 29.08 28.05 27.22 26.96 27.21 27.95 27.35 27.70 27.18 27.45 27.07 27.78
30.06 31.23 31.32 30.92 30.94 30.78 30.52 30.52 30.44 30.27 30.15 29.41 28.35 27.91 27.72 27.92 28.05 27.68 27.11 27.66 27.21 26.79 26.66 27.28 27.03 27.78 27.66 27.45 28.04 27.84 28.26 28.20 28.42 28.79 28.41 28.38 27.80 27.46 27.58 27.37 27.44 27.94 28.04 26.99 26.95 27.14 27.66 27.87 28.35 28.55 28.07 29.14 29.19 28.69 28.73 28.58 27.86 27.60 27.39 28.14 28.02 28.48 28.03 29.21 28.34 28.57 28.33 28.01 27.67 26.91 27.94 27.86 28.01 27.99 27.85 27.87 27.66
29.99 30.67 30.99 31.04 30.85 30.50 30.46 30.30 30.07 29.86 30.12 29.83 29.64 28.67 27.43 27.47 27.21 26.66 26.77 27.62 27.08 26.51 26.81 26.86 27.57 27.69 27.48 27.68 28.30 28.16 27.24 27.05 28.20 28.42 28.20 27.73 27.75 27.08 26.94 27.44 27.12 27.65 27.10 27.06 27.37 27.81 26.98 27.58 28.10 27.70 27.63 28.77 29.01 28.23 27.83 28.71 28.66 28.68 28.15 27.90 27.82 27.86 28.14 28.74 28.64 28.00 28.71 28.19 27.38 27.23 27.02 27.22 27.98 27.57 28.16 28.21 28.56
29.13 31.11 31.07 30.73 30.55 30.30 30.15 29.91 29.87 30.07 30.12 29.90 29.77 28.82 27.99 27.99 27.71 27.58 27.98 28.43 27.90 26.82 25.75 26.20 26.88 27.17 27.32 28.33 28.17 28.27 27.66 27.60 27.82 28.14 27.97 27.23 27.40 26.62 27.02 26.70 27.10 26.84 26.52 26.60 26.64 27.57 27.63 27.23 27.75 25.46 27.84 28.29 28.68 28.99 27.42 28.32 28.16 28.81 28.91 28.60 28.27 28.67 28.51 28.95 29.16 28.73 29.07 28.73 28.51 27.92 28.40 28.09 28.10 28.35 27.95 27.31 28.13
29.97 31.04 30.42 30.49 30.10 29.94 29.97 29.49 29.78 29.80 29.63 29.71 30.06 28.58 28.37 28.34 28.44 28.33 28.30 28.33 28.28 28.29 28.07 27.50 27.12 27.76 27.81 27.98 27.76 28.51 27.46 27.42 27.63 27.02 27.45 27.17 27.54 27.23 26.57 27.04 27.44 27.08 27.11 26.59 26.93 26.92 27.32 26.86 27.85 22.88 28.12 28.42 28.60 28.78 28.47 28.52 28.35 29.41 29.72 28.56 29.27 28.34 28.79 28.66 28.81 28.27 28.04 28.58 29.15 28.12 28.05 28.08 28.40 28.01 28.67 28.51 28.45
29.96 30.80 30.16 30.07 29.53 29.49 29.55 29.22 29.41 29.58 29.71 29.84 29.93 29.78 28.61 28.11 28.00 28.38 28.66 29.24 28.97 28.44 28.48 28.81 28.71 27.82 27.74 28.21 28.46 28.68 28.17 27.63 27.24 27.26 27.39 27.84 27.33 26.97 27.25 27.98 27.64 28.10 27.70 26.94 26.15 27.15 27.66 27.97 27.78 27.04 26.68 28.54 28.91 28.64 29.17 29.38 28.99 29.23 29.03 28.95 29.20 28.31 28.39 28.76 29.55 29.01 28.30 28.52 29.13 28.90 28.38 28.45 28.02 27.87 28.12 28.50 28.46
30.82 30.78 29.83 29.10 28.70 28.32 28.10 28.18 28.47 28.78 28.77 28.56 28.99 28.46 28.28 28.65 28.08 28.51 28.48 29.09 29.20 28.03 29.02 28.24 28.52 28.86 28.26 28.13 28.44 29.14 28.88 29.15 28.83 29.26 28.70 29.02 28.75 28.27 28.17 28.48 27.96 28.56 27.67 27.97 27.91 28.20 27.86 27.44 28.03 26.82 26.26 28.67 28.93 28.50 29.04 29.53 29.39 29.33 29.45 28.74 29.60 28.81 28.80 29.00 29.39 28.49 28.76 28.67 28.44 28.76 29.05 28.37 28.07 28.15 28.65 28.76 28.49
31.15 30.86 30.27 29.73 29.22 28.58 28.75 28.98 28.75 28.43 28.37 28.15 28.31 28.09 27.72 28.26 28.28 28.01 27.84 28.51 28.54 28.75 28.49 28.52 28.11 28.99 29.32 28.83 28.77 28.73 29.01 28.93 29.42 29.23 30.12 29.64 29.05 28.65 28.93 28.82 28.44 27.97 28.22 28.24 28.07 28.27 28.51 28.71 28.29 28.34 27.81 29.06 28.66 28.50 29.26 29.19 29.27 29.81 29.84 29.27 29.41 29.11 29.58 29.32 29.24 29.13 29.18 29.30 28.69 28.98 28.99 28.58 28.34 28.60 28.41 28.98 28.62
31.46 31.06 30.43 30.16 29.83 29.40 29.03 29.20 29.12 28.46 28.47 28.08 28.35 28.53 28.49 27.99 27.32 27.42 27.76 27.88 27.79 27.92 28.17 28.35 28.91 29.31 28.90 28.89 28.87 27.36 28.93 28.88 29.24 29.23 29.29 29.29 29.08 28.65 28.81 29.03 29.02 29.28 28.90 29.04 28.23 27.93 28.15 28.08 28.24 28.60 29.00 29.39 29.03 27.99 27.97 28.98 29.33 29.70 29.32 29.48 28.87 29.03 28.87 29.59 29.49 29.64 29.69 29.26 28.34 28.93 29.12 28.75 28.05 28.06 29.14 28.63 28.65
31.41 31.06 30.51 30.64 30.46 30.16 29.51 29.65 29.08 28.33 27.95 28.41 28.66 28.78 28.55 27.65 27.27 26.62 27.03 27.58 27.75 28.22 28.25 28.70 28.74 28.49 27.94 28.60 28.12 29.21 28.96 28.30 28.74 29.12 28.35 28.05 27.62 28.99 27.77 28.93 29.18 28.84 28.50 28.74 29.00 28.61 28.21 27.98 28.42 28.77 29.16 28.65 29.84 29.54 29.01 29.02 28.93 28.76 29.59 29.42 29.32 29.58 29.05 29.48 29.36 29.91 29.89 28.95 29.31 28.96 29.00 29.20 28.50 28.78 29.13 28.89 28.65
31.36 30.88 31.04 30.67 30.65 30.80 30.40 29.80 29.36 28.37 29.46 29.57 29.27 28.63 28.17 27.70 26.64 27.39 27.88 28.05 28.63 28.02 28.70 28.39 28.78 28.92 28.06 27.77 29.24 28.92 28.83 29.05 28.70 28.67 27.64 28.16 27.63 29.11 28.15 28.51 28.24 29.05 29.27 29.41 28.85 29.23 28.81 28.66 28.74 29.26 28.46 30.11 29.04 28.82 28.00 28.81 29.74 29.14 29.54 29.84 29.51 30.03 29.72 29.17 30.10 29.73 30.13 29.54 29.94 29.09 29.23 29.09 28.80 29.59 29.04 28.86 28.95
30.37 30.17 30.19 29.78 30.51 30.35 30.37 30.54 30.14 29.41 29.01 28.61 28.35 28.14 26.73 27.05 27.53 27.87 28.17 28.05 27.77 28.26 28.23 27.94 28.65 28.78 28.74 28.53 28.87 28.41 28.71 28.49 28.08 27.83 28.71 28.50 28.37 28.64 27.99 28.01 28.54 28.64 28.37 28.67 29.36 29.44 28.97 28.58 28.49 29.12 29.17 29.38 29.19 28.80 29.76 29.74 29.60 29.43 28.79 29.46 29.73 29.66 29.78 29.38 30.17 29.96 30.24 29.51 29.50 29.48 28.76 28.65 29.54 29.46 29.51 29.12 29.02
30.21 29.89 30.84 31.17 30.99 29.96 29.89 29.32 30.20 30.08 29.04 28.28 28.40 28.08 28.61 27.73 27.12 27.82 28.21 28.33 27.63 28.63 28.81 28.54 28.10 28.42 28.93 29.51 29.05 28.08 27.81 28.02 27.82 28.16 28.57 28.68 29.00 28.99 27.82 28.57 29.00 28.91 28.68 28.23 29.34 29.04 28.70 29.11 28.82 29.58 29.22 29.25 28.40 29.99 29.44 28.62 29.61 28.54 29.38 29.90 29.58 29.50 29.34 29.55 29.68 29.89 30.25 29.83 29.46 29.51 29.67 29.72 29.69 29.33 29.76 29.28 28.68
30.84 30.35 31.15 31.23 30.62 30.33 29.72 30.08 30.07 30.32 28.99 27.98 28.51 28.44 27.97 27.45 26.97 27.86 27.62 27.84 27.81 27.96 27.73 27.89 28.84 28.81 28.90 29.10 29.52 28.88 27.50 27.49 27.61 27.90 27.96 27.93 28.98 29.23 28.71 28.73 29.44 29.15 28.98 28.94 28.49 28.67 28.73 29.32 30.13 29.07 28.94 28.64 29.24 29.45 30.03 30.27 29.68 29.34 29.68 29.86 29.52 29.22 29.30 29.32 29.07 29.43 29.51 29.82 29.81 29.97 29.35 30.11 30.26 29.39 29.94 29.58 28.80
31.39 31.61 31.61 31.38 31.07 30.68 30.25 29.72 29.74 29.83 28.96 28.89 28.43 28.51 28.02 27.87 28.24 27.64 27.47 27.62 27.57 27.62 27.78 27.98 28.33 28.69 28.80 29.00 29.00 29.33 28.80 28.87 29.27 29.18 28.36 28.67 28.82 29.75 29.70 29.67 29.89 29.58 28.87 29.32 28.84 28.47 29.10 29.62 29.41 28.71 27.82 28.23 28.55 28.86 29.04 29.40 30.26 29.74 29.89 30.24 29.95 29.64 29.80 29.49 29.09 29.34 29.00 29.37 29.28 29.64 29.14 29.47 29.25 29.15 30.14 29.12 29.28
31.52 31.24 31.48 31.25 31.31 31.23 30.88 30.34 28.98 28.56 28.27 28.64 28.46 29.12 28.14 27.95 27.83 28.22 28.02 27.79 27.73 27.84 28.25 27.76 28.30 28.75 28.69 29.06 29.40 29.05 28.73 28.80 28.87 28.10 28.16 28.55 28.79 28.99 28.82 29.91 28.99 29.82 30.14 29.67 29.52 29.34 28.67 27.57 27.90 28.82 28.63 28.53 28.71 29.00 29.55 29.72 28.87 29.20 29.29 29.12 29.86 29.71 28.45 29.30 29.14 29.42 28.59 29.69 29.42 29.07 28.15 28.68 28.65 27.56 27.79 27.72 27.72
31.62 30.82 31.44 31.39 31.39 31.13 31.16 30.88 29.29 28.45 28.38 29.01 29.13 28.61 28.40 28.29 28.62 28.36 28.39 28.05 27.50 27.91 28.34 28.45 28.90 28.45 28.39 28.58 28.90 28.83 28.77 28.68 28.41 28.43 27.42 29.11 27.64 27.19 27.65 28.38 28.47 28.31 28.44 28.92 29.40 30.36 29.38 29.32 29.13 29.31 29.09 28.64 29.58 29.78 29.60 29.35 28.18 28.76 29.11 29.02 29.38 29.41 29.38 29.75 29.81 28.57 28.56 29.21 28.83 28.43 28.37 27.05 28.33 26.94 26.57 27.05 26.76
