main/data/irradiance/14.11.2023.grid
ncols 839
nrows 679
xllcenter 112.0500
yllcenter -43.9500
cellsize 0.0500
nodata_value 99999.90
[rows 306 to 339 of 679, columns 0 to 76 of 839]
99999.90 99999.90 99999.90 99999.90 99999.90 99999.90 99999.90 99999.90 26.75 26.75 26.75 26.75 26.75 26.75 26.75 26.75 26.75 26.75 26.75 26.75 26.75 26.75 26.75 26.75 27.31 27.31 27.31 27.31 27.31 27.31 27.31 27.57 27.76 27.76 27.76 26.96 26.96 26.96 25.06 24.24 24.61 25.17 24.73 25.49 25.79 26.47 26.39 26.29 26.75 27.72 27.00 27.50 27.95 27.96 28.62 28.05 28.82 28.17 28.66 28.62 28.94 28.94 29.55 29.66 29.62 29.61 29.71 29.74 29.84 29.81 29.82 29.89 29.89 29.81 29.87 29.80 29.58
99999.90 99999.90 99999.90 99999.90 99999.90 99999.90 99999.90 99999.90 26.75 26.75 26.75 26.75 26.75 26.75 26.75 26.75 26.75 26.75 26.75 26.75 26.75 26.75 26.75 26.75 27.31 27.31 27.31 27.31 27.31 27.31 27.31 27.31 27.76 26.96 26.96 26.96 26.96 26.96 25.60 24.51 24.26 24.67 24.96 25.47 24.98 25.94 25.67 26.25 26.22 27.11 27.66 27.46 27.84 27.86 28.10 29.09 29.10 28.35 28.84 28.97 28.42 28.76 29.32 29.52 29.57 29.63 29.69 29.79 29.86 29.89 29.86 29.82 29.89 29.89 29.83 29.70 29.73
99999.90 99999.90 99999.90 99999.90 99999.90 99999.90 99999.90 99999.90 26.75 26.75 26.75 26.75 26.75 26.75 26.75 26.75 26.75 26.75 26.75 26.75 26.75 26.75 26.75 26.75 27.31 27.31 27.31 27.31 27.31 27.31 27.31 27.31 27.31 26.96 26.96 26.96 26.53 26.53 26.53 25.18 25.08 24.58 25.00 24.50 24.68 25.06 26.24 25.44 26.85 26.97 26.06 26.89 27.80 28.45 28.09 28.88 28.69 28.16 28.20 28.93 28.84 28.81 29.05 29.22 29.46 29.56 29.69 29.70 29.82 29.87 29.95 29.94 29.92 29.80 29.73 29.68 29.53
99999.90 99999.90 99999.90 99999.90 99999.90 99999.90 99999.90 99999.90 26.75 26.75 26.75 26.75 26.75 26.75 26.75 26.75 26.75 26.75 26.75 26.75 26.75 26.75 26.75 25.38 27.31 27.31 27.31 27.31 27.31 27.31 27.31 27.31 26.67 26.96 26.53 26.53 26.53 26.53 26.53 26.22 25.43 24.17 24.40 23.92 24.38 25.09 25.47 25.32 26.11 26.65 26.69 27.70 28.07 27.80 27.01 28.01 28.61 28.33 28.81 28.65 28.83 28.65 28.98 29.03 29.45 29.64 29.62 29.68 29.75 29.88 29.92 29.87 29.77 29.84 29.78 29.66 29.52
99999.90 99999.90 99999.90 99999.90 99999.90 99999.90 99999.90 99999.90 26.75 26.75 26.75 26.75 26.75 26.75 26.75 26.75 26.75 26.75 26.75 26.75 26.75 25.38 25.38 25.38 27.31 27.31 27.31 27.31 27.31 27.31 27.31 26.67 26.67 23.83 26.53 26.53 26.53 26.53 26.22 26.22 25.39 24.82 23.84 24.23 23.71 24.50 24.48 25.75 25.95 27.00 27.53 28.21 27.87 28.13 28.52 28.29 28.58 28.32 28.20 28.33 28.88 29.00 28.98 29.20 29.49 29.60 29.63 29.64 29.66 29.74 29.83 29.84 29.84 29.77 29.85 29.83 29.72
99999.90 99999.90 99999.90 99999.90 99999.90 99999.90 99999.90 99999.90 28.32 28.32 28.32 28.32 28.32 28.32 28.32 28.32 28.32 28.32 28.32 28.32 25.38 25.38 25.38 25.38 27.31 27.31 27.31 27.31 27.31 27.31 26.67 26.67 23.83 23.83 22.67 26.53 26.53 26.22 25.15 25.15 25.15 24.30 24.13 24.37 25.15 24.31 25.15 25.99 26.04 26.72 27.01 27.36 27.82 27.95 28.37 28.21 28.75 28.79 29.26 28.78 29.06 29.25 29.05 29.33 29.50 29.66 29.65 29.71 29.64 29.72 29.85 29.87 29.86 29.89 29.91 29.93 29.86
99999.90 99999.90 99999.90 99999.90 99999.90 99999.90 99999.90 99999.90 28.76 28.76 28.76 28.76 28.76 28.76 28.76 28.76 28.76 28.76 28.76 25.38 25.38 25.38 25.38 25.38 26.13 26.13 26.13 26.13 26.13 26.67 26.67 23.83 23.83 22.67 22.67 27.25 27.25 25.15 25.15 25.15 25.15 26.48 25.87 25.20 24.38 24.33 26.24 25.98 26.24 26.17 27.20 27.99 28.18 28.16 28.12 28.38 28.44 28.91 28.60 28.96 29.31 28.98 29.23 29.43 29.61 29.67 29.68 29.66 29.73 29.75 29.86 29.88 29.88 29.93 29.91 29.91 29.80
99999.90 99999.90 99999.90 99999.90 99999.90 99999.90 99999.90 99999.90 29.07 29.07 29.07 29.07 29.07 29.07 29.07 29.07 29.07 29.07 29.07 27.22 27.22 27.22 27.05 27.05 28.07 28.07 28.07 28.07 28.07 26.69 23.83 23.83 22.67 22.67 22.12 27.25 27.25 27.25 25.15 25.15 26.48 26.48 25.42 24.95 25.50 25.00 26.16 26.08 25.47 26.10 26.88 26.93 27.55 28.15 28.28 28.17 28.42 28.66 28.45 29.24 28.90 28.88 29.13 29.27 29.51 29.68 29.70 29.58 29.72 29.77 29.86 29.91 29.93 29.94 29.88 29.80 29.83
99999.90 99999.90 99999.90 99999.90 99999.90 99999.90 99999.90 99999.90 29.07 29.07 29.07 29.07 29.07 29.07 29.07 29.07 29.07 29.07 29.07 27.40 27.40 27.05 27.05 27.05 27.39 27.39 27.39 27.39 27.39 26.94 25.53 22.67 22.67 22.12 22.12 27.25 27.25 27.25 27.25 26.48 26.28 26.28 26.28 25.77 25.10 25.45 25.39 26.05 25.97 26.22 26.31 26.68 27.53 27.26 27.88 27.89 28.15 28.17 28.37 28.83 28.98 29.17 29.10 29.50 29.69 29.73 29.73 29.71 29.64 29.73 29.88 29.91 29.93 29.94 29.94 29.93 29.96
99999.90 99999.90 99999.90 99999.90 99999.90 99999.90 99999.90 99999.90 29.07 29.07 29.07 29.07 29.07 29.07 29.07 29.07 29.07 28.15 28.15 28.15 27.05 27.05 27.05 26.69 26.69 27.39 27.39 27.39 27.39 27.25 26.64 24.65 22.12 22.12 22.12 27.25 27.25 27.25 27.25 26.28 26.28 26.28 26.28 26.00 26.16 25.81 25.58 25.82 26.31 26.05 26.48 26.46 27.07 27.59 28.03 28.16 28.20 28.66 28.74 28.92 29.04 29.28 29.54 29.69 29.65 29.79 29.79 29.75 29.65 29.84 29.87 29.87 29.97 29.95 29.94 29.96 29.98
99999.90 99999.90 99999.90 99999.90 99999.90 99999.90 99999.90 99999.90 29.07 29.07 29.07 29.07 29.07 29.07 29.07 28.15 28.15 28.15 28.15 28.15 27.33 27.33 26.69 26.69 26.69 27.39 27.39 27.25 27.25 27.25 26.82 25.30 24.93 24.93 23.34 27.25 27.25 27.25 27.25 27.25 26.28 26.28 26.00 26.00 26.16 25.77 25.08 25.22 26.11 25.82 26.11 26.31 27.00 27.36 27.59 27.60 27.79 28.01 28.46 28.48 29.02 29.28 29.40 29.61 29.69 29.67 29.74 29.70 29.72 29.73 29.72 29.88 29.92 29.95 29.97 29.98 29.94
99999.90 99999.90 99999.90 99999.90 99999.90 99999.90 99999.90 99999.90 29.07 29.07 29.07 29.07 29.07 28.15 28.15 28.15 28.15 28.15 28.27 28.27 28.27 26.69 26.69 26.69 26.69 26.69 27.25 27.25 27.25 27.25 27.47 26.81 25.35 23.34 23.34 27.25 27.25 27.25 27.25 27.25 26.28 26.00 26.00 25.99 25.29 25.29 24.64 24.92 25.23 25.10 25.53 25.54 26.13 26.79 27.11 27.24 27.58 27.76 27.82 28.39 28.74 28.98 29.26 29.21 29.54 29.61 29.59 29.66 29.76 29.78 29.65 29.72 29.90 29.95 29.93 29.95 29.92
99999.90 99999.90 99999.90 99999.90 99999.90 99999.90 99999.90 99999.90 29.07 29.07 29.07 28.15 28.15 28.15 28.15 28.15 28.27 28.27 28.27 28.27 28.27 26.69 26.69 26.69 28.03 28.03 27.25 27.25 27.60 27.60 27.60 26.64 24.83 23.34 23.34 27.25 27.25 27.25 27.25 27.25 25.99 25.99 25.99 25.99 25.99 25.32 24.76 25.10 24.77 24.99 25.09 25.28 26.13 26.82 27.15 27.24 27.14 27.33 27.59 27.83 28.22 28.69 29.09 29.31 29.47 29.50 29.53 29.59 29.62 29.59 29.67 29.67 29.76 29.80 29.80 29.81 29.82
99999.90 99999.90 99999.90 99999.90 99999.90 99999.90 99999.90 99999.90 29.07 28.15 28.15 28.15 28.15 28.15 28.27 28.27 28.27 28.27 28.27 28.27 28.27 28.03 28.03 28.03 28.03 27.46 27.46 27.59 27.59 27.59 27.59 27.02 24.93 24.93 24.93 23.34 27.25 27.25 27.25 27.25 25.99 25.99 25.99 25.99 25.99 25.27 25.26 25.07 24.88 24.70 24.90 25.12 25.72 26.40 26.77 26.66 26.80 27.02 27.25 27.62 27.86 28.60 29.17 29.23 29.44 29.38 29.51 29.49 29.44 29.47 29.47 29.62 29.63 29.67 29.65 29.61 29.57
99999.90 99999.90 99999.90 99999.90 99999.90 99999.90 99999.90 99999.90 29.07 28.15 28.15 28.15 28.27 28.27 28.27 28.27 28.27 28.27 28.27 28.03 28.03 28.03 28.03 28.03 27.46 27.46 27.46 27.09 27.59 27.59 27.59 25.86 25.25 25.25 25.25 24.13 24.13 24.13 24.13 24.13 27.00 27.00 26.57 26.57 26.57 25.10 25.21 24.99 24.84 24.92 24.72 24.99 25.39 25.85 26.03 26.11 26.53 26.86 27.21 27.65 28.25 28.65 29.07 29.18 29.43 29.48 29.51 29.33 29.22 29.31 29.48 29.55 29.57 29.58 29.50 29.48 29.45
99999.90 99999.90 99999.90 99999.90 99999.90 99999.90 99999.90 99999.90 29.07 28.15 28.27 28.27 28.27 28.27 28.27 28.27 28.27 28.27 28.03 28.03 28.03 28.03 28.03 27.46 27.46 27.46 27.09 27.09 27.09 27.59 25.86 25.86 26.12 26.12 26.12 24.13 24.13 24.13 24.13 25.28 27.00 27.00 27.00 26.99 26.99 25.08 25.21 24.91 24.91 24.80 24.59 24.93 24.92 25.61 26.16 26.16 26.75 27.20 27.18 27.80 28.00 28.50 28.99 29.29 29.39 29.36 29.44 29.37 29.24 29.14 29.11 29.26 29.34 29.36 29.39 29.44 29.15
99999.90 99999.90 99999.90 99999.90 99999.90 99999.90 99999.90 99999.90 29.07 28.15 28.27 28.27 28.27 28.27 28.27 28.27 28.03 28.03 28.03 28.03 28.03 28.03 27.46 27.46 27.46 27.46 27.09 27.09 27.09 27.09 27.01 27.01 27.01 27.01 25.97 24.13 24.13 24.13 25.28 25.28 27.00 27.00 27.00 27.00 26.28 25.06 25.00 25.15 24.83 24.92 24.67 24.96 25.08 25.48 26.04 26.22 26.76 27.01 27.00 27.50 27.87 28.67 28.81 29.21 29.24 29.13 29.22 29.20 29.16 29.01 28.97 28.96 28.99 29.12 29.10 29.18 29.09
99999.90 99999.90 99999.90 99999.90 99999.90 99999.90 99999.90 99999.90 29.07 28.15 28.27 28.27 28.27 28.27 28.27 28.03 28.03 28.03 28.03 28.00 28.00 28.00 28.00 28.00 28.00 27.90 27.09 27.09 27.09 27.09 27.01 27.01 27.01 27.01 25.97 25.97 25.63 25.28 25.28 25.28 25.28 26.98 26.98 26.98 25.91 25.33 25.04 24.70 24.57 25.01 25.08 24.94 25.00 25.32 25.55 26.29 26.32 27.08 27.25 28.01 28.01 28.15 28.55 28.74 29.02 29.12 29.10 29.08 28.95 28.89 28.87 28.85 28.82 28.86 28.90 28.80 28.80
99999.90 99999.90 99999.90 99999.90 99999.90 99999.90 99999.90 99999.90 99999.90 28.15 28.27 28.27 28.27 28.03 28.03 28.03 28.00 28.00 28.00 28.00 28.00 28.00 28.00 28.00 27.90 27.90 27.00 27.00 27.00 27.00 27.01 27.01 27.01 27.43 27.43 27.43 26.75 25.80 25.80 25.80 26.22 26.53 26.53 26.53 26.28 25.23 25.06 24.82 24.93 25.01 25.25 25.09 25.13 25.57 25.62 26.24 26.59 26.78 27.22 27.93 28.22 28.02 28.12 28.45 28.74 28.91 28.95 28.75 28.84 28.83 28.82 28.79 28.71 28.67 28.61 28.54 28.55
99999.90 99999.90 99999.90 99999.90 99999.90 99999.90 99999.90 99999.90 99999.90 28.15 28.27 28.27 28.03 28.00 28.00 28.00 28.00 28.00 28.00 28.00 28.00 28.00 28.00 27.90 27.90 26.99 26.99 26.36 26.36 25.59 25.59 25.18 27.01 27.43 27.43 27.43 26.77 27.03 27.03 26.22 26.22 26.53 26.53 26.53 25.70 25.37 25.31 25.51 25.59 25.16 25.33 25.23 25.26 25.44 25.85 26.33 26.69 26.85 27.35 27.89 27.85 27.98 27.81 28.00 28.45 28.64 28.73 28.89 28.98 28.81 28.70 28.69 28.69 28.64 28.61 28.49 28.53
99999.90 99999.90 99999.90 99999.90 99999.90 99999.90 99999.90 99999.90 99999.90 99999.90 28.27 28.27 28.03 28.00 28.00 28.00 28.00 28.00 28.00 28.00 28.00 28.00 27.90 27.50 27.50 27.50 26.38 26.62 25.59 25.59 25.18 25.18 25.18 27.43 27.43 26.77 26.77 27.32 26.22 26.22 25.73 26.74 26.74 25.90 25.90 25.55 25.15 25.53 25.92 25.64 25.25 25.10 25.41 25.64 25.83 26.28 26.82 27.23 27.37 27.86 27.81 27.95 27.78 27.83 28.20 28.38 28.50 28.69 28.78 28.61 28.44 28.48 28.52 28.55 28.48 28.49 28.59
99999.90 99999.90 99999.90 99999.90 99999.90 99999.90 99999.90 99999.90 99999.90 99999.90 28.27 28.27 28.03 28.00 28.00 28.00 28.00 28.00 28.00 28.00 28.00 27.38 27.38 27.38 27.38 27.38 27.07 25.55 25.06 25.18 25.18 25.18 25.18 27.43 26.77 27.43 27.43 27.43 26.36 25.73 25.73 26.74 26.74 26.39 25.80 25.85 25.95 25.72 25.79 25.60 25.39 25.25 25.04 25.44 25.91 25.94 26.56 26.94 27.44 27.81 28.13 28.39 28.13 28.01 28.06 28.18 28.35 28.57 28.61 28.62 28.51 28.48 28.56 28.55 28.57 28.66 28.78
99999.90 99999.90 99999.90 99999.90 99999.90 99999.90 99999.90 99999.90 99999.90 99999.90 99999.90 99999.90 28.03 28.00 28.00 28.00 28.00 28.00 28.00 27.38 27.38 27.38 27.38 27.38 27.38 27.38 27.07 26.92 24.88 25.07 25.07 25.07 25.07 25.97 25.97 26.81 26.81 26.81 26.18 25.75 25.75 26.12 26.20 25.97 25.78 25.84 25.95 25.46 25.45 25.33 25.13 25.26 25.43 25.37 25.82 25.84 26.54 27.06 27.81 28.11 28.28 28.31 28.25 28.17 28.14 28.25 28.40 28.54 28.64 28.48 28.49 28.56 28.64 28.69 28.64 28.86 29.03
99999.90 99999.90 99999.90 99999.90 99999.90 99999.90 99999.90 99999.90 99999.90 99999.90 99999.90 99999.90 28.03 28.00 28.00 28.00 28.00 27.38 27.38 27.38 27.38 27.38 27.38 27.38 27.38 27.38 27.50 27.50 26.51 24.90 24.90 24.90 25.11 25.11 25.97 25.97 26.01 26.01 25.64 25.45 25.36 25.70 25.40 25.65 25.82 25.50 25.78 25.02 25.35 25.29 25.18 24.89 25.55 25.53 25.44 25.95 26.36 26.91 27.04 27.98 28.41 28.54 28.45 28.33 28.35 28.42 28.51 28.65 28.74 28.79 28.69 28.80 28.88 28.91 28.83 28.99 29.32
99999.90 99999.90 99999.90 99999.90 99999.90 99999.90 99999.90 99999.90 99999.90 99999.90 99999.90 99999.90 28.03 28.00 28.00 27.38 27.38 27.38 27.38 27.38 27.38 27.38 27.38 27.38 27.38 27.50 27.50 27.50 26.51 26.58 26.58 25.11 25.11 23.94 25.97 25.97 25.97 25.07 25.07 24.92 25.95 25.59 25.32 26.22 26.14 25.73 25.97 25.62 25.60 25.93 25.44 24.68 25.24 25.76 25.72 25.89 26.41 26.64 26.78 27.30 28.09 28.35 28.52 28.41 28.44 28.53 28.70 28.78 28.86 28.99 28.96 28.98 29.16 29.25 29.13 29.13 29.33
99999.90 99999.90 99999.90 99999.90 99999.90 99999.90 99999.90 99999.90 99999.90 99999.90 99999.90 99999.90 99999.90 28.00 28.00 27.38 27.38 27.38 27.38 27.38 27.38 27.38 27.38 27.38 27.50 27.50 27.50 27.50 26.58 26.58 25.11 25.11 25.11 23.94 23.97 24.80 24.80 25.82 25.75 25.48 25.82 25.89 25.62 25.39 26.17 26.11 25.98 26.16 26.06 25.91 25.63 25.41 25.52 25.66 25.45 25.58 25.90 26.35 26.98 27.19 27.50 27.95 28.26 28.53 28.54 28.64 28.81 28.98 28.99 28.97 29.00 29.15 29.27 29.39 29.41 29.43 29.49
99999.90 99999.90 99999.90 99999.90 99999.90 99999.90 99999.90 99999.90 99999.90 99999.90 99999.90 99999.90 99999.90 28.00 28.00 27.38 27.38 27.38 27.38 27.38 27.38 27.38 27.38 27.50 27.50 27.50 27.50 26.58 26.58 26.58 25.44 25.44 25.44 23.94 23.97 23.84 24.38 25.75 26.31 26.00 26.09 26.24 26.18 25.92 26.80 26.44 26.36 25.99 26.09 26.04 25.93 25.56 26.01 25.62 25.85 25.79 25.96 26.60 26.77 27.11 27.43 27.89 28.14 28.37 28.47 28.61 28.73 28.95 28.92 28.94 29.04 29.18 29.36 29.41 29.49 29.58 29.62
99999.90 99999.90 99999.90 99999.90 99999.90 99999.90 99999.90 99999.90 99999.90 99999.90 99999.90 99999.90 99999.90 28.00 28.00 27.38 27.38 27.38 27.38 27.38 27.38 27.38 27.50 27.50 27.50 27.50 27.50 26.58 26.58 25.44 25.44 25.44 24.99 23.00 22.82 23.73 24.61 25.55 26.31 26.22 26.44 25.93 26.54 26.33 26.66 26.36 26.48 26.26 26.12 25.85 26.38 26.21 26.18 25.66 25.65 25.80 26.30 26.32 26.69 26.91 27.49 27.97 28.22 28.25 28.49 28.70 28.86 29.06 28.99 28.90 28.93 29.08 29.31 29.37 29.49 29.64 29.74
99999.90 99999.90 99999.90 99999.90 99999.90 99999.90 99999.90 99999.90 99999.90 99999.90 99999.90 99999.90 99999.90 99999.90 27.90 27.38 27.38 27.38 27.38 27.38 27.38 27.50 27.50 27.50 27.50 27.50 26.58 26.58 25.44 25.44 25.79 25.79 25.79 23.79 22.13 22.54 23.34 24.87 25.80 26.24 26.37 26.61 26.79 26.75 26.13 26.27 26.28 26.31 26.27 25.84 26.22 25.91 26.03 25.94 25.91 25.89 26.36 26.48 26.49 27.08 27.54 28.10 28.35 28.43 28.56 28.85 28.91 29.11 29.08 29.04 29.04 29.21 29.36 29.50 29.53 29.68 29.76
99999.90 99999.90 99999.90 99999.90 99999.90 99999.90 99999.90 99999.90 99999.90 99999.90 99999.90 99999.90 99999.90 99999.90 99999.90 27.38 27.38 27.38 27.38 27.38 27.50 27.50 27.50 27.50 27.50 27.50 26.58 25.44 25.79 25.79 25.79 25.79 25.79 25.07 22.68 21.66 22.74 23.78 25.17 25.77 26.34 26.43 26.32 26.47 26.52 26.24 26.12 26.50 26.17 25.97 26.15 26.06 25.99 25.91 25.80 25.95 26.27 26.37 26.70 26.92 27.35 27.69 28.11 28.25 28.36 28.70 28.87 29.08 29.04 29.00 28.95 29.10 29.34 29.44 29.48 29.63 29.81
99999.90 99999.90 99999.90 99999.90 99999.90 99999.90 99999.90 99999.90 99999.90 99999.90 99999.90 99999.90 99999.90 99999.90 99999.90 27.38 27.38 27.38 27.38 27.50 27.50 27.50 27.50 27.50 27.50 26.58 25.79 25.79 25.79 25.79 25.79 25.79 25.07 25.07 24.73 22.21 22.53 23.41 23.82 25.15 25.77 26.29 26.27 26.19 26.12 26.52 25.99 26.05 26.22 26.20 26.02 26.23 26.53 26.52 26.36 26.52 26.24 26.33 26.59 26.76 26.99 27.48 27.82 28.18 28.23 28.34 28.48 28.57 28.64 28.73 28.80 28.96 29.23 29.37 29.43 29.56 29.83
99999.90 99999.90 99999.90 99999.90 99999.90 99999.90 99999.90 99999.90 99999.90 99999.90 99999.90 99999.90 99999.90 99999.90 99999.90 27.38 27.38 27.38 27.50 27.50 27.50 27.50 27.50 27.50 27.50 25.79 25.79 25.79 25.79 25.79 25.79 25.07 25.07 24.73 24.73 22.70 21.81 22.50 22.77 23.69 24.91 25.98 26.40 26.65 26.16 26.51 26.67 26.41 26.43 26.48 26.87 27.00 26.95 26.69 26.46 26.64 26.45 26.39 26.66 26.75 26.89 27.56 27.81 27.99 28.05 28.13 28.29 28.22 28.05 28.16 28.35 28.67 29.01 29.20 29.31 29.52 29.84
99999.90 99999.90 99999.90 99999.90 99999.90 99999.90 99999.90 99999.90 99999.90 99999.90 99999.90 99999.90 99999.90 99999.90 99999.90 99999.90 99999.90 27.50 27.50 27.50 27.50 27.50 27.50 27.50 25.79 25.79 25.79 25.79 25.79 25.79 25.07 25.07 24.73 23.95 23.95 23.95 21.13 21.34 22.14 22.83 23.87 25.13 26.37 26.88 26.55 26.63 26.65 26.62 26.95 27.21 27.03 26.88 26.80 26.66 26.83 26.57 26.63 26.46 26.65 27.00 27.12 27.31 27.83 28.02 28.12 28.06 28.26 28.23 27.99 27.96 28.18 28.34 28.70 29.01 29.27 29.59 29.79
99999.90 99999.90 99999.90 99999.90 99999.90 99999.90 99999.90 99999.90 99999.90 99999.90 99999.90 99999.90 99999.90 99999.90 99999.90 99999.90 99999.90 27.50 27.50 27.50 27.50 27.50 27.50 25.79 25.79 25.79 25.79 25.79 25.79 25.07 25.07 23.95 23.95 23.95 23.95 23.95 21.99 20.18 21.66 22.23 23.37 24.09 25.58 26.87 27.02 27.04 27.02 26.67 27.03 27.00 26.73 26.72 26.83 26.51 26.69 26.67 26.66 26.70 26.76 27.05 27.58 27.69 27.92 28.09 28.19 28.19 28.40 28.22 28.22 27.98 27.92 28.03 28.18 28.67 29.38 29.68 29.86
