main/data/irradiance/14.12.2023.grid
ncols 839
nrows 679
xllcenter 112.0500
yllcenter -43.9500
cellsize 0.0500
nodata_value 99999.90
[rows 272 to 305 of 679, columns 462 to 538 of 839]
28.24 28.17 28.70 29.58 29.27 29.60 29.11 28.90 29.26 30.06 29.46 29.47 28.82 29.18 30.38 29.98 29.05 29.18 29.22 27.31 27.85 28.79 29.35 28.58 27.42 26.09 27.29 27.90 27.12 29.10 27.32 27.29 26.44 24.00 25.88 24.37 23.65 23.32 23.02 22.90 20.41 20.52 21.52 20.73 19.34 19.08 20.09 19.19 18.77 18.35 20.23 22.26 20.19 18.99 21.09 20.51 21.93 20.26 22.53 22.58 21.83 23.44 24.25 23.18 23.99 23.83 25.75 26.16 26.76 27.10 27.33 27.97 28.66 29.04 29.19 29.00 29.67
29.55 28.48 28.95 29.42 28.80 29.65 30.12 29.21 29.86 29.81 29.95 29.65 29.52 29.46 29.58 29.67 29.38 29.52 29.41 27.76 27.85 27.98 29.22 26.84 28.39 27.30 27.97 27.66 26.54 28.07 25.11 26.72 25.11 24.81 26.55 26.12 22.29 21.44 22.00 21.70 19.35 20.31 20.16 19.49 19.27 19.54 19.12 18.27 18.77 19.00 19.85 22.35 20.93 19.12 19.98 21.13 22.29 21.92 24.46 23.44 23.12 22.88 22.45 22.06 23.94 24.62 25.64 24.56 26.63 27.29 27.93 27.57 28.17 28.05 28.33 27.52 28.39
30.09 28.12 29.52 28.66 30.58 30.38 30.35 30.10 30.53 29.55 29.82 30.33 29.81 29.59 29.76 30.27 30.21 29.45 28.83 29.79 29.02 29.08 28.50 27.25 26.70 27.10 28.16 27.48 26.70 28.59 25.78 25.75 25.75 25.79 26.32 24.17 22.10 21.02 21.90 22.40 20.12 19.79 20.50 20.02 20.17 18.75 19.02 17.93 20.50 19.68 20.76 22.77 21.91 21.95 20.90 21.91 22.63 21.79 23.09 25.14 23.19 21.73 23.21 24.32 22.40 21.63 25.39 26.07 27.09 27.01 27.44 28.30 27.87 27.81 28.58 26.16 27.55
30.80 29.93 29.50 29.46 29.43 30.45 29.73 29.84 30.50 30.10 29.88 29.83 29.98 30.46 29.72 30.77 30.44 29.24 28.88 29.03 29.41 30.44 28.82 27.14 26.18 27.23 28.42 27.52 27.85 27.90 27.50 26.56 24.93 25.66 24.39 26.14 24.64 24.05 22.68 21.63 21.46 20.60 20.14 20.27 20.58 19.58 19.44 19.81 20.77 20.76 21.76 22.01 22.28 22.75 20.04 22.04 23.34 21.75 22.37 23.47 23.10 22.36 23.20 23.63 23.19 22.83 24.58 25.93 26.25 25.92 26.92 27.43 28.76 27.24 26.83 28.09 28.02
30.63 30.19 30.05 29.68 29.28 30.56 30.43 29.28 29.46 30.86 30.61 30.51 30.35 30.23 30.64 30.38 30.16 30.05 29.19 29.10 29.55 29.71 29.74 27.95 27.09 25.76 26.66 27.00 26.44 25.46 28.26 23.94 25.71 25.63 24.48 24.43 24.17 24.28 23.42 23.61 22.84 21.85 22.58 20.37 21.46 20.75 20.84 19.21 19.92 20.58 23.85 23.66 22.00 22.98 20.99 20.48 22.02 22.66 21.66 20.92 22.76 23.24 23.04 23.83 25.21 24.04 25.30 27.17 27.41 26.70 26.28 26.45 26.01 26.45 26.86 27.52 26.61
30.58 30.65 30.63 29.93 29.58 29.85 30.38 29.55 29.46 30.78 30.85 30.67 30.59 30.51 30.61 30.14 29.36 29.49 29.93 29.89 29.69 30.08 28.69 28.27 26.99 27.23 26.70 26.90 26.55 25.93 28.15 25.21 24.77 23.36 25.72 23.81 23.58 25.52 23.11 22.64 23.16 20.56 22.87 22.83 23.15 21.41 21.68 21.66 21.44 22.28 20.62 23.44 24.38 23.90 21.77 20.33 20.55 23.62 24.78 23.34 20.60 21.89 20.69 21.39 25.11 25.32 25.58 25.88 27.32 27.50 27.26 26.43 25.66 25.77 25.99 26.60 27.83
30.78 30.59 30.82 30.41 30.02 29.98 29.42 29.80 29.85 30.37 29.94 30.41 30.83 30.06 30.44 30.20 29.99 30.48 30.07 30.28 29.31 29.32 29.22 28.95 27.82 27.73 27.70 27.76 27.14 27.34 26.92 25.72 24.03 23.98 25.21 25.28 23.74 23.00 23.61 23.76 23.81 22.54 22.78 21.22 23.77 22.59 21.72 21.82 23.19 22.49 21.58 21.89 22.47 25.60 22.22 21.42 20.95 23.27 24.15 20.62 23.52 23.35 23.72 23.15 24.74 25.96 25.26 26.09 26.87 26.00 26.28 26.13 26.16 25.16 26.09 27.87 27.36
30.88 30.73 30.78 30.76 30.51 30.46 30.38 29.90 29.08 30.38 30.04 29.70 30.58 30.42 29.15 28.75 29.93 30.56 30.26 29.99 28.95 28.53 29.58 29.48 28.51 28.29 27.00 27.44 27.17 25.98 26.62 25.07 23.76 23.68 25.51 25.52 23.15 22.38 23.51 24.54 24.67 23.16 23.65 22.14 23.06 24.57 23.14 22.29 23.67 23.29 22.61 21.70 21.98 23.80 25.05 22.83 21.10 23.50 21.26 22.77 21.11 21.76 24.91 25.24 24.93 24.15 24.83 24.47 24.49 25.11 25.81 24.86 26.58 25.52 26.58 26.91 27.59
30.97 30.91 30.95 30.57 30.56 30.42 30.41 30.67 29.57 29.68 29.65 30.38 30.15 30.38 30.67 30.08 30.12 30.32 30.17 30.50 29.95 29.23 29.72 28.65 28.42 29.13 27.96 27.94 26.95 26.40 25.00 24.76 25.09 24.73 25.20 25.38 24.57 23.30 23.15 25.13 25.07 23.97 23.13 23.19 23.75 24.84 24.53 23.05 23.77 22.42 22.95 22.04 21.33 21.93 24.45 24.96 24.01 23.67 24.34 22.25 21.93 22.02 23.56 23.52 25.79 24.22 27.20 26.24 24.37 24.08 24.60 24.53 25.54 26.03 26.20 27.12 29.00
30.96 30.93 30.95 30.76 30.79 30.92 30.71 30.72 30.90 30.30 29.79 30.72 28.72 30.78 30.50 30.30 29.49 30.77 30.48 30.28 30.14 29.82 30.01 30.06 28.31 28.80 28.69 28.19 27.96 27.28 26.86 25.81 26.31 25.89 26.07 26.13 24.08 24.00 22.65 24.97 25.78 25.21 24.48 25.29 25.20 26.16 24.42 24.78 23.65 24.56 21.86 23.30 21.54 22.32 24.29 24.12 23.07 24.28 21.99 22.37 23.31 23.29 25.61 24.58 24.72 26.51 25.02 28.16 25.20 24.49 24.70 24.24 23.31 24.06 26.20 27.89 28.62
31.05 31.02 30.96 30.71 30.66 30.68 30.68 30.77 30.67 30.44 30.75 30.59 30.17 30.30 30.15 30.65 30.31 30.82 30.74 30.06 29.81 30.14 29.83 30.06 29.56 29.34 29.62 27.57 28.52 28.49 27.64 27.04 26.95 25.81 26.19 27.47 25.22 24.72 23.44 24.01 23.21 26.20 24.69 24.61 24.01 26.02 24.82 25.00 24.35 23.40 23.03 24.34 23.70 22.94 23.71 24.64 25.55 26.50 26.43 23.33 22.90 24.45 24.20 25.99 26.62 24.84 23.70 25.87 27.97 25.91 26.00 24.85 23.64 24.43 26.98 28.34 27.45
31.03 31.02 30.95 30.86 30.87 30.80 30.78 30.80 30.52 30.70 29.93 30.83 30.01 30.31 30.36 30.46 30.52 30.44 30.61 30.63 29.62 29.91 30.45 30.84 30.40 30.18 30.21 28.33 29.03 28.43 27.51 27.06 26.81 23.79 24.47 27.44 26.99 25.26 27.12 24.97 25.26 24.79 25.47 23.96 25.80 26.24 25.94 25.90 25.28 26.07 23.88 23.77 24.49 25.47 22.43 23.63 23.69 26.74 25.92 23.60 25.24 24.96 24.52 24.03 24.95 26.65 24.63 23.47 26.00 26.19 25.52 26.08 25.83 25.58 25.84 27.72 27.64
31.05 31.02 30.97 30.96 30.99 30.89 30.82 30.76 30.34 30.57 30.39 30.32 30.61 30.85 30.80 30.00 30.60 30.44 30.47 30.41 30.37 30.17 30.08 30.78 30.30 30.48 30.07 29.15 29.05 28.82 28.39 28.04 26.51 25.53 26.75 27.94 26.80 26.33 26.30 26.14 26.28 24.41 25.64 24.38 25.31 26.64 25.21 25.28 26.19 26.07 24.91 23.63 24.81 24.27 24.62 23.92 24.76 25.82 27.55 25.17 24.55 25.34 25.20 23.76 25.13 25.34 23.70 24.07 26.30 27.93 28.05 26.73 24.28 26.06 26.61 27.60 28.62
31.06 31.08 31.05 30.94 30.96 30.92 30.99 30.97 31.05 30.88 30.75 30.81 30.96 30.94 30.49 30.82 30.33 30.47 30.56 29.93 30.90 30.69 30.20 30.74 29.95 30.35 30.27 29.61 30.18 28.65 28.92 29.56 27.50 27.68 27.21 26.37 27.03 25.59 25.66 26.26 25.91 25.49 25.54 24.83 26.92 25.68 26.51 26.28 27.40 26.74 26.40 25.13 23.53 24.88 25.24 23.47 24.63 24.59 26.98 27.14 27.16 27.56 26.19 26.30 26.11 23.20 24.35 25.50 24.90 27.25 28.41 28.30 25.74 25.99 27.09 27.98 29.24
30.94 30.84 31.06 30.94 30.92 30.65 30.99 31.04 31.07 31.02 31.05 30.65 30.68 30.70 30.65 30.77 30.69 30.53 30.67 30.11 30.44 30.59 30.75 30.53 30.66 30.47 30.53 30.32 29.88 29.24 29.59 30.01 28.60 29.03 27.72 26.23 26.54 25.76 25.95 26.35 25.43 26.53 26.29 26.02 23.92 24.28 26.65 26.23 26.46 26.84 27.45 26.90 25.85 26.09 27.66 26.19 25.04 25.32 25.94 26.61 27.17 28.44 27.92 28.24 26.63 26.20 25.71 25.49 26.63 25.59 27.14 28.14 28.19 27.12 25.04 26.50 28.42
30.43 30.06 29.75 29.02 29.08 29.55 30.74 30.90 31.10 31.08 31.11 31.05 31.04 30.94 30.56 30.91 30.70 30.61 30.88 30.88 30.68 31.03 30.51 30.24 30.68 30.17 30.73 30.16 30.10 29.94 29.86 30.06 29.49 29.52 28.42 26.22 27.17 26.00 26.85 26.17 26.07 26.49 26.19 25.89 25.54 26.25 25.52 26.70 27.90 26.80 27.01 26.37 26.64 25.99 28.09 27.72 27.39 26.98 26.61 24.79 26.91 28.58 27.34 28.09 27.51 26.55 26.54 27.10 27.23 27.16 27.47 25.93 27.03 26.78 26.76 28.00 27.80
28.97 28.59 28.61 28.31 29.03 28.83 29.98 30.95 31.09 31.12 31.08 31.11 31.01 31.08 31.09 30.94 31.00 30.97 31.08 30.79 30.97 30.57 30.96 30.31 30.92 30.72 30.76 30.67 30.38 30.27 30.03 29.87 30.14 30.28 28.55 26.50 26.84 27.01 28.89 26.73 26.72 26.06 26.68 27.47 26.68 26.03 24.55 26.94 28.33 27.00 27.63 24.84 25.12 26.78 26.69 27.19 26.64 27.88 26.74 28.05 26.99 28.15 28.32 28.35 27.07 26.54 25.96 25.87 26.94 26.99 27.11 25.31 27.05 27.68 27.90 27.08 27.22
29.09 29.22 29.59 28.85 29.30 28.66 30.06 30.50 31.09 31.09 31.10 30.91 31.09 31.06 31.01 30.98 30.99 30.81 30.94 30.88 30.47 30.81 30.81 30.58 30.87 30.80 30.95 30.65 30.36 29.95 29.72 28.87 29.15 30.10 29.82 28.32 27.57 28.14 27.57 26.77 26.83 25.23 24.04 28.44 27.54 27.32 25.80 26.24 27.35 27.77 27.22 23.36 26.77 26.69 26.49 27.66 28.39 28.19 28.19 25.88 25.97 27.31 25.75 26.26 26.85 27.30 25.60 26.28 28.99 28.76 26.83 27.15 26.15 24.35 26.83 28.14 26.68
29.22 30.24 30.89 30.40 30.51 29.69 29.27 30.29 30.94 31.05 31.03 31.04 31.12 31.16 31.11 31.06 31.04 31.05 30.90 31.04 31.01 30.95 31.07 31.04 30.97 30.52 30.63 30.50 30.83 30.58 29.89 29.27 30.49 29.98 30.17 28.59 29.02 29.40 27.56 26.46 27.66 24.03 24.80 26.78 26.86 27.55 27.24 26.19 26.28 26.80 27.45 25.47 24.37 27.05 25.03 25.98 28.51 26.45 25.67 26.30 26.06 26.18 26.19 25.21 25.38 26.73 27.09 26.57 27.91 28.47 27.82 28.60 25.72 24.96 26.50 26.79 25.65
29.90 30.10 31.06 31.03 30.96 30.96 30.41 29.99 30.07 31.06 31.05 31.08 31.03 31.12 31.05 31.00 31.04 31.12 30.99 30.98 31.09 31.17 31.04 31.04 31.03 30.94 30.38 30.62 30.61 30.11 30.32 30.41 29.68 30.36 30.37 29.23 29.23 28.27 29.28 28.68 28.21 27.01 25.49 25.57 25.16 25.70 26.86 23.61 26.75 25.93 27.27 27.06 24.48 25.27 25.67 23.75 26.83 28.05 25.06 26.29 24.60 27.33 26.44 24.56 24.74 25.46 26.29 27.17 26.12 27.88 25.67 27.23 26.34 24.21 26.33 27.88 27.69
30.08 30.03 30.95 31.06 31.08 30.73 29.62 30.07 30.50 30.81 31.02 31.09 30.98 30.98 31.00 30.96 30.92 31.12 30.98 30.96 30.97 30.93 30.98 31.02 31.06 31.07 30.87 30.55 30.66 30.64 30.24 30.73 29.52 30.04 30.90 29.89 28.21 28.90 30.54 29.59 29.38 29.49 28.77 25.67 24.36 25.73 25.89 25.53 25.53 26.88 26.54 27.07 25.76 24.38 25.60 24.51 23.06 26.52 24.88 25.56 23.87 25.94 24.41 24.69 24.25 23.82 25.88 25.63 25.11 26.15 26.96 24.35 24.99 25.81 26.11 27.35 26.04
30.62 30.06 30.11 31.04 31.07 30.87 30.23 29.85 30.04 30.74 31.00 31.03 31.02 30.90 30.91 30.95 30.89 30.98 31.02 30.89 30.94 30.90 30.90 30.90 30.97 30.98 30.91 30.85 30.82 30.66 30.28 30.25 29.89 30.17 29.96 30.31 28.65 29.41 29.96 30.29 29.66 30.22 30.34 27.90 26.56 25.83 27.28 27.44 26.80 25.10 24.29 26.88 25.58 27.75 26.68 24.53 23.95 24.66 24.88 24.92 24.71 26.54 27.02 25.07 23.24 23.05 24.27 23.48 25.72 25.61 27.04 25.82 24.91 26.54 24.58 26.18 25.03
30.88 30.82 30.64 30.90 30.91 30.59 29.90 29.75 29.28 29.47 30.45 30.96 30.98 30.81 30.91 30.89 30.90 31.01 31.06 30.97 30.87 30.88 30.86 30.91 30.90 31.03 30.99 30.92 30.95 30.84 30.93 30.86 30.80 30.87 30.61 30.71 29.89 30.27 30.51 30.67 29.83 30.34 30.88 30.13 28.39 27.88 27.89 29.19 27.88 26.76 25.44 23.90 23.14 27.62 28.00 27.44 25.66 23.88 24.40 24.45 23.23 25.05 26.98 23.81 25.25 24.36 23.06 22.40 24.61 23.86 26.80 25.96 24.24 24.94 25.15 25.07 24.11
31.03 30.98 31.10 30.99 30.95 30.85 30.01 29.08 30.39 29.94 29.42 30.76 31.00 31.02 30.99 31.01 31.01 30.93 30.95 31.02 30.97 30.90 30.91 30.98 31.05 31.08 31.06 31.04 31.13 31.11 31.03 31.01 31.00 30.94 30.72 31.02 30.88 30.54 30.30 30.04 30.23 30.61 30.67 30.37 29.92 29.18 28.58 29.23 28.52 28.41 26.87 26.55 24.49 25.79 28.49 28.03 28.00 26.15 25.62 23.63 24.13 24.68 24.50 23.40 25.04 24.16 25.08 22.69 23.22 22.49 25.84 25.01 23.93 25.02 24.42 24.31 25.07
31.02 31.05 31.07 31.02 30.89 30.82 30.89 30.22 30.85 29.72 29.76 30.81 30.90 31.09 31.03 30.89 30.82 30.85 30.86 30.88 30.95 30.82 30.82 30.99 31.04 30.99 31.18 31.17 31.17 31.18 31.14 31.13 31.17 31.15 31.20 31.18 31.19 30.83 30.98 30.70 30.41 30.68 30.75 30.86 30.64 29.56 28.83 28.81 29.15 27.90 27.39 27.04 26.76 28.76 26.94 28.38 27.98 25.63 28.41 26.43 25.19 25.94 24.96 25.12 24.20 24.49 26.57 23.54 22.72 22.17 24.45 25.10 25.10 24.05 24.09 25.79 25.93
30.89 30.95 30.97 30.94 30.83 30.68 30.89 30.54 30.79 30.35 29.85 30.67 30.79 30.88 30.94 30.75 30.77 30.73 30.82 30.92 30.98 30.80 30.83 30.66 30.91 31.08 31.16 31.10 30.97 31.04 31.17 31.03 31.07 31.16 31.13 31.21 31.15 31.11 30.97 31.04 30.84 30.84 30.79 30.80 31.16 30.83 29.85 27.77 27.86 28.50 28.24 29.08 28.08 28.05 28.56 28.40 28.22 26.75 26.65 26.75 25.87 26.12 24.91 25.29 24.82 26.04 26.58 24.72 23.89 22.64 24.21 25.89 25.98 25.08 23.02 25.48 25.42
30.89 30.93 30.98 30.77 30.64 30.68 30.88 30.71 30.76 30.87 30.42 30.54 30.07 30.15 30.95 30.88 30.89 30.83 30.87 30.82 31.00 30.98 30.90 30.97 30.93 30.99 31.11 31.12 30.97 31.09 31.02 30.97 30.93 30.70 30.99 30.84 31.11 31.16 30.94 31.09 31.01 31.09 30.85 31.00 31.06 31.06 30.35 29.59 29.26 28.88 29.17 28.60 28.94 28.54 28.70 27.47 27.22 26.56 28.16 27.51 26.69 27.48 25.94 25.89 25.65 26.34 27.32 26.56 23.42 23.19 23.31 22.83 25.98 23.55 23.99 23.01 24.10
31.08 31.11 30.97 30.89 30.92 30.69 30.48 30.67 30.94 30.99 30.56 30.07 29.95 29.64 29.88 30.89 30.67 30.69 30.76 30.77 30.97 30.97 31.06 30.89 31.02 30.96 30.95 30.98 31.01 31.01 31.09 30.90 30.95 30.89 30.93 30.80 30.81 30.89 31.11 30.89 30.85 30.91 30.83 30.92 31.08 31.13 30.90 31.06 30.12 29.87 29.58 28.68 29.06 27.80 29.24 26.91 27.71 28.04 28.43 28.33 28.47 28.48 27.46 26.86 26.21 26.85 27.78 26.33 25.41 23.72 22.12 21.43 25.12 25.58 23.91 26.12 27.02
31.05 31.06 30.98 30.83 30.79 30.62 30.91 30.92 30.85 30.94 30.68 30.46 30.82 30.30 29.63 30.79 30.84 30.81 30.84 30.91 30.92 30.94 30.97 31.00 30.98 30.93 30.91 30.95 31.13 31.06 31.01 31.05 30.95 30.95 30.99 30.78 30.80 30.89 31.12 30.97 30.78 30.83 30.92 30.92 31.09 31.10 31.20 31.18 30.92 30.39 30.09 29.77 29.29 28.86 28.34 28.74 28.23 28.07 29.11 30.16 29.83 28.52 28.10 28.58 27.99 28.25 28.47 26.11 25.55 25.50 24.92 24.16 22.06 21.69 23.06 25.79 28.13
31.05 30.97 30.75 30.71 30.62 30.64 30.97 30.95 30.88 30.92 30.82 29.69 30.41 30.81 30.10 30.63 30.87 30.81 30.93 30.89 30.95 30.98 31.14 30.99 30.84 30.77 30.85 30.88 31.00 31.08 30.98 31.07 30.98 30.91 30.95 30.98 30.79 30.82 31.03 31.01 30.83 30.88 31.02 30.92 30.91 31.00 31.04 31.14 31.06 30.77 30.64 29.85 29.64 29.33 29.23 29.08 29.21 28.72 28.32 29.69 30.11 28.47 29.29 29.72 28.11 28.26 28.44 26.49 25.93 25.35 26.61 26.55 24.33 22.94 22.79 22.85 25.47
30.97 30.84 30.72 30.83 30.78 30.86 31.04 30.99 30.92 30.63 30.74 30.20 28.86 29.96 30.52 30.65 30.84 30.92 30.93 30.90 30.89 30.92 31.07 31.00 30.94 30.88 30.77 30.74 30.74 31.00 31.09 31.00 31.14 30.83 30.90 30.91 30.91 30.84 30.92 31.02 30.96 30.82 30.86 30.97 30.77 31.02 30.96 31.02 31.00 31.01 30.71 30.53 30.26 29.85 28.79 29.04 28.54 29.25 28.83 29.61 29.01 29.34 30.15 29.25 29.06 29.63 28.30 28.22 26.75 26.23 28.02 27.80 27.27 25.34 24.06 22.10 23.49
31.04 30.96 30.93 30.89 30.88 30.97 30.95 30.83 30.84 30.88 30.96 30.74 29.88 29.41 30.75 30.75 30.84 30.84 30.82 30.80 30.85 30.89 30.99 31.06 30.91 30.90 30.77 30.73 30.70 30.84 31.08 31.10 31.07 31.06 30.79 30.79 30.95 31.00 30.90 30.94 30.97 30.92 30.99 30.93 30.86 30.89 30.77 30.89 30.91 30.88 30.89 30.71 30.69 30.02 30.20 29.55 29.39 29.05 29.79 29.69 30.07 28.96 28.39 30.18 29.91 30.37 29.60 28.83 28.67 28.33 28.81 29.15 28.15 28.60 26.81 24.67 24.70
30.95 30.95 30.87 30.95 30.93 30.95 30.87 30.82 30.87 30.84 31.02 30.97 30.83 30.79 30.82 30.79 30.82 30.85 30.80 30.89 30.93 30.87 30.87 30.98 30.93 30.89 30.89 30.82 30.85 30.89 31.07 31.13 31.16 31.08 30.81 30.74 30.85 30.97 31.03 30.94 31.01 31.01 30.87 30.74 30.83 30.68 30.98 30.83 30.88 30.88 30.77 30.76 30.73 30.58 30.03 30.12 29.74 29.37 29.33 28.73 29.43 29.30 28.49 30.25 29.11 30.08 30.58 29.98 29.27 28.71 29.02 29.70 28.04 28.93 28.35 27.41 23.73
30.80 30.87 30.90 30.86 30.97 30.90 30.78 30.79 30.89 30.88 30.96 30.92 30.77 30.81 30.84 30.66 30.72 30.68 30.72 30.81 30.85 30.78 30.83 30.91 30.95 30.84 30.83 30.90 30.88 30.87 31.00 31.04 31.15 31.10 31.05 30.91 30.90 30.90 30.92 30.91 30.92 31.02 30.91 30.89 30.93 30.65 30.87 30.84 30.82 30.62 30.82 30.89 30.84 30.80 30.52 30.14 30.01 30.21 29.91 28.87 28.98 28.49 27.08 27.77 29.40 28.50 29.64 29.88 30.36 29.86 27.83 28.98 29.54 28.47 27.71 28.77 24.94
