main/data/irradiance/15.09.2023.grid
ncols 839
nrows 679
xllcenter 112.0500
yllcenter -43.9500
cellsize 0.0500
nodata_value 99999.90
[rows 340 to 373 of 679, columns 693 to 769 of 839]
21.77 21.76 21.76 21.72 21.74 21.74 21.74 21.72 21.69 21.68 21.69 21.70 21.70 21.70 21.72 21.73 21.73 21.75 21.72 21.70 21.74 21.68 21.69 21.78 21.72 21.72 21.71 21.64 21.74 21.75 21.75 21.73 21.75 21.74 21.73 21.80 21.77 21.74 21.73 21.72 21.77 21.76 21.68 21.64 21.71 21.47 21.17 21.50 21.28 21.53 21.52 21.08 21.41 21.56 21.38 21.34 21.38 21.40 21.56 21.44 21.45 21.55 21.37 21.35 21.50 21.55 21.61 21.63 22.10 21.45 21.70 21.76 21.85 21.88 21.87 21.88 21.86
21.71 21.76 21.77 21.73 21.75 21.74 21.72 21.74 21.73 21.66 21.70 21.71 21.69 21.75 21.75 21.73 21.75 21.71 21.72 21.71 21.69 21.67 21.66 21.69 21.70 21.71 21.73 21.64 21.77 21.71 21.72 21.69 21.69 21.72 21.70 21.52 21.61 21.72 21.64 21.67 21.72 21.70 21.68 21.80 21.74 21.66 21.22 21.33 21.45 21.54 21.50 21.55 21.28 21.20 21.40 21.48 21.52 21.46 21.55 21.55 21.45 21.45 21.55 21.53 21.70 21.64 21.56 21.55 21.99 21.83 21.72 21.76 21.77 21.82 21.85 21.86 21.86
21.69 21.63 21.68 21.70 21.73 21.71 21.71 21.73 21.74 21.69 21.69 21.70 21.63 21.69 21.68 21.68 21.70 21.69 21.69 21.68 21.66 21.67 21.69 21.72 21.68 21.68 21.70 21.60 21.69 21.66 21.67 21.70 21.70 21.69 21.68 21.63 21.65 21.62 21.71 21.68 21.65 21.71 21.69 21.67 21.67 21.57 21.50 21.59 21.56 21.56 21.54 21.60 21.32 20.71 20.97 21.52 21.58 21.55 21.60 21.53 21.49 21.45 21.57 21.51 21.52 21.73 21.57 21.55 21.47 21.70 21.72 21.76 21.75 21.76 21.76 21.83 21.86
21.70 21.62 21.60 21.69 21.70 21.71 21.70 21.70 21.68 21.69 21.70 21.73 21.66 21.66 21.65 21.65 21.67 21.66 21.66 21.67 21.71 21.70 21.69 21.72 21.70 21.71 21.78 21.66 21.69 21.67 21.73 21.72 21.71 21.71 21.71 21.65 21.66 21.64 21.65 21.70 21.59 21.64 21.51 21.67 21.61 21.45 21.60 21.33 21.66 21.59 21.56 21.47 21.55 21.21 21.44 21.51 21.49 21.61 21.60 21.53 21.54 21.56 21.35 21.01 21.55 21.59 21.60 21.85 21.65 21.72 21.65 21.63 21.41 21.22 21.37 21.56 21.75
21.69 21.63 21.70 21.69 21.70 21.67 21.67 21.70 21.69 21.65 21.63 21.64 21.62 21.64 21.64 21.65 21.68 21.67 21.63 21.66 21.68 21.64 21.65 21.69 21.66 21.72 21.72 21.68 21.66 21.67 21.72 21.74 21.72 21.72 21.65 21.63 21.63 21.59 21.61 21.65 21.62 21.54 21.60 21.60 21.52 21.08 21.46 21.49 21.89 21.31 21.49 21.54 21.41 20.80 21.43 21.44 21.46 21.58 21.49 21.64 21.52 21.48 21.46 21.20 21.44 21.53 21.32 21.54 21.48 21.47 21.61 21.43 21.55 21.72 21.60 21.65 21.66
21.68 21.67 21.68 21.69 21.72 21.71 21.67 21.71 21.71 21.71 21.72 21.69 21.66 21.66 21.66 21.65 21.63 21.67 21.69 21.66 21.64 21.63 21.67 21.69 21.69 21.70 21.71 21.66 21.62 21.66 21.67 21.67 21.69 21.73 21.68 21.59 21.60 21.59 21.63 21.62 21.58 21.60 21.60 21.60 21.60 21.22 21.24 20.75 20.57 20.77 20.89 21.56 21.60 21.45 21.44 21.17 21.12 21.38 21.52 21.50 21.57 21.49 21.47 21.49 21.52 21.58 21.63 21.53 21.53 21.59 21.61 21.61 21.57 21.62 21.48 21.59 21.41
21.68 21.67 21.65 21.67 21.64 21.65 21.66 21.73 21.74 21.70 21.70 21.72 21.68 21.64 21.65 21.61 21.61 21.67 21.69 21.66 21.63 21.64 21.64 21.64 21.66 21.68 21.69 21.68 21.65 21.66 21.64 21.60 21.64 21.64 21.62 21.59 21.56 21.57 21.55 21.52 21.55 21.56 21.63 21.53 21.58 21.26 21.11 21.60 21.51 21.51 21.28 21.52 21.58 21.51 21.34 21.36 21.27 21.39 21.55 21.53 21.46 21.40 21.37 21.49 21.48 21.58 21.52 21.59 21.51 21.52 21.63 21.54 21.51 21.60 21.43 21.35 21.57
21.68 21.64 21.65 21.65 21.64 21.62 21.63 21.63 21.68 21.68 21.62 21.71 21.66 21.65 21.65 21.60 21.62 21.66 21.70 21.68 21.65 21.68 21.69 21.68 21.69 21.65 21.66 21.68 21.64 21.60 21.63 21.61 21.62 21.61 21.61 21.62 21.58 21.59 21.61 21.54 21.47 21.58 21.59 21.59 21.60 21.53 21.59 21.53 21.45 21.45 21.45 21.48 21.59 21.52 21.38 21.32 21.36 21.45 21.40 21.48 20.89 21.45 21.48 21.50 21.46 21.58 21.54 21.56 21.51 21.57 21.59 21.52 21.58 21.54 21.42 21.24 21.39
21.64 21.59 21.64 21.67 21.66 21.61 21.63 21.63 21.63 21.64 21.61 21.63 21.60 21.62 21.62 21.58 21.55 21.62 21.65 21.64 21.64 21.64 21.62 21.66 21.66 21.64 21.62 21.65 21.66 21.61 21.59 21.59 21.60 21.58 21.57 21.59 21.61 21.52 21.52 21.57 21.63 21.62 21.54 21.56 21.56 21.50 21.62 21.52 21.46 21.49 21.58 21.58 21.49 21.39 21.12 21.31 21.37 21.48 21.41 21.51 20.90 21.44 21.43 21.45 21.45 21.52 21.55 21.55 21.56 21.55 21.55 21.56 21.33 21.34 21.16 21.40 21.59
21.58 21.56 21.60 21.62 21.63 21.63 21.63 21.63 21.62 21.63 21.65 21.64 21.65 21.62 21.63 21.59 21.56 21.61 21.63 21.61 21.61 21.62 21.61 21.61 21.62 21.62 21.61 21.62 21.64 21.60 21.60 21.55 21.57 21.51 21.53 21.57 21.59 21.52 21.48 21.54 21.51 21.57 21.52 21.55 21.55 21.52 21.56 21.59 21.49 21.48 21.55 21.61 21.50 21.33 21.37 21.26 21.01 21.46 21.29 21.32 21.29 21.52 21.45 21.43 21.42 21.46 21.47 21.51 21.55 21.49 21.44 21.36 21.26 21.44 21.50 21.56 21.56
21.59 21.58 21.61 21.61 21.62 21.61 21.63 21.61 21.58 21.62 21.60 21.62 21.60 21.60 21.62 21.60 21.60 21.62 21.63 21.65 21.65 21.65 21.62 21.63 21.62 21.61 21.63 21.64 21.67 21.62 21.60 21.61 21.57 21.54 21.53 21.59 21.59 21.57 21.49 21.54 21.56 21.52 21.49 21.52 21.53 21.55 21.52 21.57 21.47 21.54 21.60 21.65 21.49 21.48 21.36 21.31 21.26 21.43 21.33 21.42 21.33 21.44 21.37 21.07 21.53 21.19 21.25 21.44 21.57 21.50 21.42 21.30 20.97 21.24 21.43 21.47 21.52
21.54 21.61 21.61 21.62 21.63 21.63 21.63 21.63 21.62 21.59 21.52 21.57 21.51 21.58 21.65 21.66 21.66 21.64 21.61 21.64 21.62 21.63 21.60 21.61 21.64 21.65 21.62 21.65 21.65 21.62 21.63 21.62 21.61 21.58 21.51 21.55 21.57 21.60 21.52 21.48 21.52 21.54 21.48 21.47 21.51 21.59 21.49 21.52 21.47 21.51 21.62 21.62 21.45 21.46 21.36 21.38 21.28 21.41 21.49 21.42 21.04 21.21 21.62 21.45 21.46 21.45 21.40 21.39 21.45 21.30 21.47 21.50 21.25 21.48 21.46 21.51 21.48
21.51 21.59 21.59 21.60 21.62 21.62 21.60 21.58 21.58 21.59 21.57 21.57 21.52 21.58 21.66 21.62 21.60 21.56 21.60 21.58 21.58 21.59 21.64 21.59 21.56 21.64 21.61 21.59 21.58 21.60 21.54 21.59 21.58 21.59 21.57 21.56 21.50 21.59 21.62 21.41 21.42 21.48 21.51 21.50 21.51 21.55 21.55 21.58 21.52 21.58 21.62 21.58 21.50 21.34 21.48 21.49 21.42 21.41 21.04 20.92 21.30 21.69 21.46 20.02 21.43 21.03 20.79 21.25 21.42 21.49 21.31 21.47 21.41 21.49 21.48 21.56 21.43
21.50 21.55 21.57 21.59 21.60 21.60 21.60 21.62 21.59 21.59 21.57 21.56 21.53 21.50 21.53 21.54 21.56 21.59 21.58 21.60 21.60 21.60 21.66 21.64 21.59 21.61 21.57 21.59 21.60 21.60 21.64 21.66 21.64 21.58 21.58 21.56 21.47 21.45 21.51 21.52 21.58 21.45 21.50 21.52 21.55 21.55 21.55 21.60 21.57 21.54 21.44 21.47 21.53 21.49 21.40 21.40 21.50 21.47 21.44 21.12 21.28 21.42 21.08 21.29 21.34 21.17 21.04 21.17 21.43 21.33 21.32 21.40 21.33 21.51 21.45 21.50 21.58
21.54 21.54 21.55 21.59 21.59 21.60 21.60 21.57 21.60 21.57 21.65 21.53 21.52 21.55 21.53 21.57 21.53 21.56 21.56 21.59 21.58 21.66 21.63 21.62 21.56 21.56 21.57 21.59 21.57 21.62 21.66 21.61 21.59 21.55 21.62 21.56 21.49 21.48 21.51 21.50 21.52 21.53 21.56 21.53 21.62 21.63 21.61 21.58 21.60 21.61 21.54 21.41 21.38 21.50 21.36 21.50 21.52 21.20 21.11 20.76 21.02 21.41 21.32 21.44 21.36 21.36 21.33 21.24 21.36 21.45 21.44 21.49 21.36 21.28 21.48 21.62 21.53
21.55 21.52 21.57 21.59 21.57 21.57 21.59 21.59 21.57 21.58 21.63 21.55 21.56 21.55 21.50 21.55 21.56 21.58 21.51 21.55 21.55 21.53 21.57 21.55 21.55 21.50 21.50 21.52 21.52 21.56 21.57 21.57 21.59 21.58 21.58 21.46 21.45 21.44 21.49 21.52 21.34 21.36 21.51 21.56 21.58 21.60 21.54 21.56 21.58 21.57 21.52 21.32 21.30 21.43 21.46 21.45 21.47 21.29 20.77 20.30 20.84 21.14 21.21 21.38 21.30 21.32 21.33 21.41 21.60 21.55 21.56 21.52 21.40 21.27 21.59 21.54 21.39
21.51 21.49 21.54 21.57 21.56 21.57 21.59 21.58 21.59 21.57 21.64 21.58 21.59 21.57 21.46 21.50 21.56 21.58 21.53 21.56 21.55 21.53 21.55 21.50 21.53 21.53 21.50 21.52 21.50 21.49 21.53 21.55 21.51 21.51 21.55 21.47 21.39 21.43 21.43 21.57 21.47 21.55 21.50 21.53 21.55 21.52 21.52 21.54 21.57 21.57 21.49 21.39 21.35 21.34 21.33 21.28 21.44 21.23 21.04 21.12 21.18 21.25 21.01 21.25 21.29 21.23 21.34 21.55 21.46 21.46 21.31 21.36 21.31 21.53 21.47 21.46 21.53
21.51 21.48 21.50 21.53 21.55 21.55 21.55 21.54 21.57 21.54 21.51 21.50 21.46 21.49 21.53 21.46 21.53 21.57 21.60 21.62 21.60 21.59 21.57 21.54 21.54 21.54 21.52 21.53 21.51 21.56 21.55 21.57 21.52 21.53 21.63 21.53 21.51 21.52 21.66 21.54 21.52 21.53 21.51 21.48 21.49 21.50 21.40 21.45 21.45 21.49 21.44 21.34 21.40 21.37 21.12 21.33 21.33 21.30 21.24 21.17 21.12 21.26 21.22 21.37 21.35 21.51 21.37 21.23 21.03 21.30 21.49 21.32 21.44 21.47 21.53 21.52 21.57
21.50 21.49 21.51 21.53 21.55 21.53 21.50 21.54 21.57 21.54 21.55 21.55 21.51 21.47 21.48 21.48 21.47 21.53 21.55 21.56 21.54 21.54 21.54 21.53 21.51 21.49 21.51 21.52 21.49 21.53 21.49 21.52 21.50 21.69 21.54 21.48 21.45 21.35 21.46 21.54 21.43 21.60 21.49 21.48 21.46 21.47 21.39 21.32 21.32 21.36 21.38 21.19 20.99 20.81 21.18 21.20 21.55 21.47 21.44 21.38 21.39 21.34 21.40 21.50 21.46 21.43 21.55 21.45 21.34 21.20 21.46 21.54 21.53 21.44 21.54 21.50 21.52
21.47 21.47 21.46 21.53 21.55 21.53 21.53 21.49 21.52 21.53 21.55 21.53 21.49 21.49 21.45 21.48 21.45 21.50 21.57 21.51 21.51 21.51 21.50 21.52 21.53 21.48 21.49 21.55 21.52 21.51 21.45 21.51 21.53 21.49 21.43 21.44 21.53 21.56 21.35 21.44 21.49 21.51 21.49 21.44 21.52 21.50 21.29 21.27 21.28 21.32 21.34 21.30 21.29 21.34 21.39 21.42 21.46 21.33 21.27 21.15 20.99 21.15 20.98 21.24 21.25 21.49 21.45 21.72 21.35 21.22 21.49 21.40 21.40 21.41 21.53 21.48 21.41
21.50 21.49 21.45 21.54 21.57 21.50 21.52 21.53 21.52 21.56 21.50 21.52 21.45 21.43 21.42 21.49 21.52 21.53 21.55 21.53 21.45 21.48 21.45 21.48 21.48 21.49 21.52 21.56 21.42 21.44 21.41 21.44 21.48 21.45 21.42 21.42 21.49 21.48 21.49 21.40 21.41 21.46 21.45 21.37 21.35 21.45 21.31 21.29 21.25 21.38 21.29 21.24 21.35 21.41 21.31 21.30 21.42 21.34 21.18 20.89 20.49 20.49 21.20 20.97 21.30 21.32 21.06 21.05 21.40 21.39 20.95 20.47 20.70 21.29 21.44 21.33 21.11
21.48 21.49 21.46 21.54 21.52 21.49 21.53 21.53 21.50 21.52 21.52 21.49 21.42 21.41 21.49 21.53 21.53 21.54 21.55 21.50 21.51 21.46 21.46 21.45 21.52 21.50 21.47 21.48 21.43 21.43 21.38 21.40 21.44 21.45 21.43 21.35 21.61 21.44 21.41 21.57 21.61 21.43 21.50 21.42 21.42 21.28 21.36 21.39 21.34 21.29 21.27 21.25 21.30 21.42 21.43 21.32 21.39 21.27 21.28 21.20 21.15 20.85 21.07 20.80 21.00 21.21 21.33 21.64 21.33 21.33 21.11 21.42 21.14 21.26 21.39 21.48 21.35
21.48 21.48 21.47 21.51 21.51 21.48 21.50 21.49 21.47 21.45 21.45 21.45 21.41 21.42 21.53 21.50 21.50 21.49 21.53 21.50 21.47 21.43 21.42 21.38 21.43 21.43 21.51 21.42 21.38 21.38 21.40 21.40 21.42 21.37 21.35 21.34 21.40 21.39 21.38 21.45 21.55 21.35 21.43 21.54 21.37 21.31 21.31 21.27 21.23 21.21 21.23 21.29 21.26 21.28 21.27 21.27 21.31 21.23 21.25 21.17 21.05 21.20 21.13 20.75 21.02 21.19 21.07 21.38 21.16 21.30 21.10 21.00 20.96 21.21 20.60 20.62 21.23
21.48 21.47 21.46 21.47 21.48 21.49 21.49 21.43 21.42 21.42 21.46 21.50 21.40 21.49 21.52 21.50 21.38 21.46 21.49 21.51 21.45 21.44 21.41 21.39 21.43 21.43 21.41 21.44 21.40 21.36 21.42 21.42 21.41 21.38 21.29 21.33 21.42 21.40 21.41 21.41 21.47 21.33 21.35 21.04 21.34 21.40 21.38 21.37 21.35 21.32 21.29 21.32 21.31 21.30 21.28 21.29 21.25 21.05 20.92 21.02 20.91 21.03 21.05 20.99 20.86 21.14 21.14 21.38 21.18 21.17 21.37 21.40 21.05 20.98 20.34 20.90 21.12
21.45 21.41 21.42 21.46 21.43 21.45 21.42 21.40 21.36 21.36 21.41 21.45 21.31 21.40 21.46 21.48 21.34 21.33 21.46 21.45 21.45 21.42 21.39 21.38 21.46 21.46 21.39 21.42 21.40 21.40 21.38 21.40 21.41 21.36 21.26 21.34 21.43 21.43 21.36 21.60 21.46 21.33 21.14 21.31 21.29 21.41 21.31 21.32 21.29 21.34 21.24 21.26 21.24 20.95 21.22 21.25 21.35 21.17 21.01 20.70 20.95 20.52 20.91 20.73 20.83 21.05 20.86 21.06 21.18 21.33 21.38 21.24 21.23 21.37 21.40 21.03 21.23
21.42 21.39 21.38 21.41 21.39 21.36 21.37 21.32 21.36 21.38 21.36 21.40 21.40 21.38 21.42 21.43 21.37 21.36 21.40 21.42 21.43 21.45 21.42 21.35 21.43 21.45 21.40 21.43 21.40 21.33 21.36 21.42 21.34 21.33 21.30 21.38 21.47 21.36 21.34 21.41 21.62 21.50 21.40 21.34 21.31 21.36 21.36 21.20 21.20 21.31 21.31 21.24 21.17 21.27 21.15 21.09 21.36 21.32 20.98 20.85 21.01 20.48 20.92 20.97 21.22 20.79 21.26 21.07 21.10 21.33 20.92 20.57 21.15 21.16 21.63 21.64 21.13
21.38 21.35 21.36 21.38 21.42 21.34 21.30 21.27 21.32 21.33 21.37 21.43 21.42 21.38 21.39 21.37 21.33 21.32 21.38 21.37 21.34 21.36 21.38 21.39 21.43 21.41 21.41 21.39 21.36 21.29 21.37 21.31 21.50 21.27 21.29 21.44 21.37 21.29 21.29 21.46 21.44 21.41 21.33 21.32 21.32 21.22 21.33 21.22 21.30 21.32 21.33 21.34 21.31 21.24 21.24 21.30 21.56 21.12 21.15 21.23 21.13 20.27 20.65 20.49 21.07 21.17 21.20 21.28 20.77 21.16 21.16 21.16 21.38 21.12 21.36 21.24 21.26
21.35 21.34 21.39 21.40 21.38 21.32 21.36 21.26 21.29 21.35 21.38 21.43 21.45 21.35 21.25 21.35 21.33 21.34 21.38 21.42 21.42 21.39 21.35 21.28 21.41 21.40 21.42 21.44 21.41 21.33 21.35 21.31 21.26 21.11 21.46 21.52 21.52 21.25 21.17 21.50 21.45 21.23 21.31 21.42 21.37 21.30 21.31 21.27 21.34 21.36 21.31 21.28 21.26 21.28 20.98 21.32 21.35 21.22 21.23 21.33 21.16 20.97 21.07 20.95 20.21 21.07 21.28 21.30 21.50 21.37 20.96 20.24 20.37 20.95 20.88 20.83 21.19
21.32 21.37 21.34 21.39 21.35 21.28 21.31 21.38 21.31 21.29 21.35 21.40 21.42 21.37 20.97 21.32 21.36 21.37 21.37 21.41 21.39 21.39 21.10 21.17 21.34 21.38 21.45 21.39 21.29 21.34 21.32 21.33 21.34 21.21 21.45 21.36 21.31 21.36 21.31 21.35 21.01 21.30 21.45 21.40 21.27 21.39 20.98 21.22 21.26 21.28 21.25 21.28 21.31 21.46 21.41 20.93 21.18 21.13 21.42 21.39 21.42 21.35 21.25 20.96 20.93 20.77 20.86 20.33 19.89 20.86 21.69 21.50 20.87 20.72 20.79 20.88 21.13
21.27 21.34 21.34 21.33 21.28 21.27 21.29 21.32 21.32 21.30 21.32 21.36 21.41 21.34 21.19 21.18 21.34 21.34 21.36 21.38 21.40 21.42 21.09 21.00 21.07 21.32 21.35 21.37 21.34 21.34 21.45 21.46 21.35 21.28 21.15 21.17 21.29 21.37 21.35 21.36 21.26 21.36 21.46 21.37 21.51 21.45 21.28 21.20 21.16 21.13 21.28 21.25 21.11 21.32 21.41 21.32 21.29 21.21 21.42 21.46 21.11 20.86 21.37 21.10 21.21 21.28 21.09 20.74 21.05 21.11 21.07 21.04 20.89 20.82 20.60 20.97 21.28
21.27 21.25 21.25 21.30 21.26 21.25 21.25 21.31 21.33 21.34 21.34 21.37 21.36 21.36 21.34 21.36 21.31 21.38 21.43 21.49 21.48 21.39 21.04 20.79 21.01 21.19 21.29 21.29 21.37 21.43 21.39 21.39 21.32 21.29 21.26 21.18 21.28 21.39 21.44 21.33 21.32 21.50 21.44 21.38 21.26 21.37 21.31 21.30 21.28 21.24 21.28 21.21 21.22 21.25 21.37 21.45 21.45 21.38 21.29 21.27 21.26 21.08 21.23 21.18 21.11 21.35 21.37 21.39 21.15 20.94 20.38 20.72 21.06 20.87 20.67 20.94 21.05
21.26 21.26 21.23 21.21 21.24 21.20 21.28 21.41 21.38 21.32 21.28 21.24 21.27 21.28 21.34 21.39 21.31 21.36 21.32 21.36 21.41 21.36 21.29 21.24 20.91 20.93 21.29 21.33 21.36 21.38 21.30 21.35 21.25 21.26 21.28 21.15 21.23 21.35 21.41 21.30 21.32 21.40 21.46 21.31 21.23 21.13 21.21 21.20 21.22 21.19 21.24 21.30 21.35 21.23 21.36 21.35 21.42 21.27 21.34 21.33 21.33 21.24 21.32 21.25 21.30 21.38 21.33 21.34 21.33 21.27 21.12 21.34 21.31 21.27 21.26 21.17 21.06
21.22 21.28 21.24 21.16 21.20 21.23 21.39 21.42 21.36 21.30 21.22 21.22 21.26 21.26 21.35 21.28 21.25 21.31 21.34 21.33 21.26 21.38 21.29 21.23 21.09 21.28 21.25 21.22 21.36 21.32 21.40 21.32 21.31 21.27 21.26 21.26 21.20 21.37 21.28 21.29 21.43 21.43 21.31 21.30 21.23 21.17 21.19 21.20 21.21 21.15 21.26 21.36 21.38 21.27 21.41 21.39 21.33 21.27 21.37 21.32 21.23 21.26 21.37 21.37 21.45 21.44 21.19 21.15 21.37 21.16 21.12 21.19 21.29 21.23 21.15 21.08 21.27
21.20 21.25 21.24 21.23 21.23 21.25 21.29 21.29 21.26 21.24 21.16 21.13 21.26 21.27 21.36 21.19 21.22 21.24 21.16 21.31 21.34 21.42 21.47 21.56 21.23 21.24 21.01 21.13 21.25 21.44 21.30 21.20 21.27 21.28 21.22 21.28 21.31 21.24 21.21 21.34 21.39 21.35 21.23 21.29 21.25 21.25 21.18 21.14 21.18 21.10 21.35 21.44 21.23 21.18 21.18 21.24 21.36 21.46 21.35 21.32 21.40 21.09 20.83 21.42 21.50 21.13 20.91 20.78 20.20 20.74 21.05 21.22 21.19 21.31 20.98 20.62 20.93
