main/data/irradiance/15.07.2023.grid
ncols 839
nrows 679
xllcenter 112.0500
yllcenter -43.9500
cellsize 0.0500
nodata_value 99999.90
[rows 442 to 475 of 679, columns 154 to 230 of 839]
12.58 12.58 12.59 12.60 12.61 12.61 12.60 12.61 12.63 12.63 12.64 12.64 12.62 12.60 12.58 12.57 12.58 12.58 12.59 12.61 12.66 12.61 12.58 12.58 12.60 12.61 12.61 12.58 12.58 12.58 12.57 12.57 12.60 12.59 12.60 12.59 12.61 12.62 12.59 12.58 12.65 12.60 12.61 12.59 12.57 12.57 12.61 12.63 12.59 12.57 12.57 12.57 12.56 12.57 12.58 12.58 12.58 12.58 12.57 12.57 12.57 12.57 12.58 12.57 12.57 12.58 12.58 12.58 12.59 12.60 12.57 12.57 12.57 12.57 12.58 12.58 12.58
12.57 12.58 12.59 12.56 12.59 12.61 12.61 12.60 12.60 12.60 12.60 12.61 12.61 12.60 12.57 12.56 12.55 12.56 12.60 12.64 12.65 12.58 12.58 12.58 12.59 12.59 12.59 12.59 12.55 12.56 12.55 12.56 12.55 12.56 12.59 12.58 12.58 12.58 12.57 12.57 12.63 12.57 12.62 12.57 12.54 12.55 12.57 12.58 12.55 12.54 12.55 12.55 12.55 12.55 12.56 12.55 12.56 12.58 12.57 12.56 12.55 12.55 12.55 12.55 12.55 12.56 12.56 12.58 12.56 12.58 12.55 12.56 12.55 12.55 12.55 12.55 12.55
12.54 12.54 12.55 12.55 12.59 12.58 12.58 12.56 12.58 12.59 12.58 12.58 12.59 12.56 12.54 12.54 12.54 12.57 12.61 12.56 12.62 12.56 12.55 12.56 12.57 12.56 12.57 12.56 12.54 12.52 12.53 12.54 12.54 12.56 12.60 12.58 12.56 12.57 12.57 12.58 12.55 12.52 12.54 12.53 12.52 12.53 12.53 12.55 12.54 12.53 12.53 12.52 12.52 12.51 12.52 12.53 12.54 12.56 12.55 12.54 12.53 12.54 12.54 12.53 12.53 12.54 12.55 12.54 12.53 12.54 12.55 12.56 12.56 12.55 12.53 12.53 12.54
12.51 12.52 12.51 12.51 12.54 12.55 12.55 12.56 12.57 12.60 12.59 12.57 12.55 12.54 12.54 12.55 12.57 12.55 12.60 12.55 12.64 12.56 12.55 12.55 12.55 12.52 12.51 12.53 12.52 12.51 12.52 12.51 12.54 12.55 12.56 12.56 12.56 12.55 12.55 12.53 12.52 12.50 12.50 12.51 12.51 12.50 12.50 12.51 12.54 12.51 12.50 12.49 12.49 12.49 12.50 12.51 12.50 12.51 12.52 12.51 12.51 12.51 12.51 12.51 12.51 12.51 12.50 12.50 12.50 12.51 12.54 12.55 12.54 12.54 12.54 12.53 12.53
12.48 12.50 12.48 12.49 12.51 12.53 12.55 12.56 12.55 12.56 12.58 12.56 12.51 12.55 12.58 12.60 12.56 12.52 12.53 12.53 12.57 12.57 12.51 12.52 12.51 12.49 12.49 12.48 12.48 12.49 12.49 12.50 12.51 12.51 12.51 12.51 12.50 12.50 12.50 12.50 12.49 12.49 12.48 12.48 12.48 12.48 12.48 12.49 12.50 12.50 12.47 12.47 12.47 12.47 12.47 12.47 12.47 12.47 12.48 12.48 12.48 12.48 12.49 12.49 12.50 12.51 12.48 12.47 12.48 12.51 12.52 12.52 12.52 12.53 12.53 12.52 12.53
12.47 12.48 12.48 12.50 12.53 12.56 12.53 12.53 12.54 12.53 12.54 12.55 12.55 12.55 12.53 12.51 12.51 12.52 12.51 12.50 12.52 12.56 12.50 12.48 12.46 12.46 12.46 12.46 12.47 12.47 12.47 12.47 12.48 12.48 12.47 12.47 12.46 12.46 12.46 12.48 12.48 12.49 12.46 12.47 12.45 12.45 12.46 12.45 12.45 12.45 12.45 12.47 12.45 12.45 12.45 12.45 12.46 12.46 12.47 12.46 12.46 12.47 12.47 12.49 12.50 12.49 12.49 12.47 12.47 12.49 12.51 12.51 12.51 12.51 12.49 12.50 12.50
12.45 12.47 12.47 12.51 12.51 12.53 12.55 12.52 12.50 12.50 12.49 12.48 12.51 12.49 12.50 12.52 12.53 12.55 12.48 12.48 12.47 12.47 12.46 12.46 12.44 12.43 12.44 12.45 12.45 12.45 12.45 12.46 12.46 12.45 12.44 12.46 12.45 12.44 12.44 12.44 12.45 12.48 12.49 12.50 12.44 12.45 12.44 12.42 12.42 12.43 12.43 12.44 12.43 12.43 12.43 12.43 12.44 12.45 12.45 12.44 12.43 12.43 12.45 12.47 12.48 12.47 12.47 12.48 12.46 12.47 12.48 12.47 12.48 12.47 12.47 12.49 12.50
12.45 12.46 12.46 12.48 12.48 12.50 12.52 12.50 12.51 12.51 12.50 12.49 12.47 12.51 12.53 12.51 12.51 12.49 12.45 12.44 12.43 12.44 12.45 12.44 12.42 12.42 12.42 12.43 12.44 12.43 12.44 12.44 12.43 12.43 12.44 12.45 12.44 12.44 12.44 12.43 12.43 12.47 12.50 12.48 12.44 12.43 12.42 12.41 12.40 12.42 12.42 12.41 12.41 12.41 12.41 12.41 12.41 12.42 12.41 12.41 12.40 12.41 12.41 12.41 12.45 12.46 12.44 12.44 12.45 12.44 12.45 12.44 12.45 12.45 12.47 12.46 12.45
12.43 12.44 12.46 12.46 12.46 12.47 12.47 12.44 12.46 12.48 12.48 12.47 12.47 12.50 12.50 12.49 12.44 12.47 12.42 12.42 12.41 12.40 12.42 12.42 12.40 12.41 12.40 12.41 12.41 12.41 12.40 12.40 12.40 12.40 12.41 12.42 12.41 12.39 12.40 12.44 12.43 12.47 12.47 12.43 12.40 12.40 12.40 12.39 12.39 12.40 12.40 12.40 12.39 12.39 12.39 12.39 12.39 12.38 12.39 12.38 12.38 12.38 12.39 12.39 12.41 12.42 12.42 12.42 12.43 12.42 12.40 12.41 12.42 12.42 12.41 12.40 12.40
12.39 12.41 12.44 12.44 12.41 12.42 12.46 12.43 12.45 12.45 12.44 12.43 12.43 12.42 12.44 12.47 12.42 12.43 12.41 12.40 12.40 12.41 12.40 12.41 12.41 12.42 12.40 12.40 12.39 12.38 12.39 12.39 12.37 12.38 12.37 12.37 12.37 12.41 12.40 12.37 12.39 12.45 12.44 12.43 12.37 12.38 12.38 12.37 12.38 12.38 12.39 12.38 12.39 12.37 12.37 12.36 12.35 12.36 12.37 12.37 12.36 12.36 12.37 12.36 12.38 12.38 12.39 12.40 12.41 12.38 12.37 12.39 12.39 12.40 12.39 12.39 12.38
12.37 12.40 12.41 12.41 12.38 12.38 12.39 12.40 12.40 12.40 12.40 12.42 12.42 12.41 12.40 12.42 12.43 12.43 12.41 12.41 12.41 12.42 12.40 12.39 12.42 12.43 12.42 12.40 12.37 12.35 12.38 12.39 12.35 12.35 12.37 12.37 12.37 12.42 12.38 12.34 12.35 12.43 12.42 12.40 12.35 12.36 12.36 12.39 12.36 12.37 12.37 12.37 12.37 12.36 12.34 12.34 12.34 12.34 12.34 12.36 12.35 12.35 12.35 12.34 12.37 12.38 12.39 12.36 12.35 12.34 12.35 12.36 12.36 12.39 12.37 12.36 12.36
12.34 12.35 12.36 12.38 12.37 12.42 12.38 12.38 12.38 12.38 12.37 12.37 12.39 12.40 12.39 12.41 12.40 12.41 12.41 12.40 12.40 12.41 12.41 12.39 12.37 12.40 12.37 12.35 12.36 12.35 12.38 12.36 12.33 12.34 12.37 12.39 12.35 12.39 12.38 12.35 12.34 12.39 12.41 12.37 12.33 12.35 12.36 12.36 12.35 12.34 12.34 12.35 12.35 12.34 12.31 12.32 12.32 12.32 12.33 12.34 12.34 12.34 12.33 12.33 12.34 12.36 12.35 12.31 12.31 12.32 12.32 12.34 12.34 12.35 12.34 12.33 12.34
12.34 12.33 12.33 12.35 12.36 12.37 12.34 12.34 12.35 12.35 12.34 12.35 12.35 12.34 12.34 12.37 12.36 12.36 12.36 12.36 12.32 12.34 12.39 12.42 12.38 12.33 12.32 12.32 12.31 12.31 12.32 12.31 12.31 12.31 12.34 12.34 12.34 12.35 12.34 12.32 12.35 12.32 12.33 12.36 12.31 12.33 12.34 12.33 12.33 12.32 12.31 12.29 12.30 12.31 12.29 12.28 12.29 12.29 12.30 12.30 12.32 12.32 12.32 12.32 12.31 12.31 12.30 12.30 12.29 12.29 12.30 12.32 12.31 12.31 12.31 12.32 12.32
12.35 12.35 12.34 12.32 12.34 12.33 12.32 12.31 12.33 12.34 12.31 12.31 12.35 12.35 12.34 12.34 12.36 12.36 12.38 12.39 12.31 12.30 12.30 12.32 12.34 12.30 12.29 12.29 12.28 12.28 12.28 12.28 12.29 12.33 12.30 12.30 12.30 12.36 12.32 12.36 12.34 12.33 12.35 12.33 12.32 12.31 12.30 12.29 12.33 12.33 12.30 12.27 12.26 12.26 12.26 12.27 12.28 12.30 12.27 12.29 12.27 12.30 12.31 12.28 12.28 12.27 12.28 12.27 12.28 12.27 12.28 12.28 12.29 12.31 12.30 12.29 12.30
12.33 12.34 12.34 12.32 12.30 12.29 12.29 12.31 12.28 12.28 12.27 12.28 12.35 12.34 12.32 12.33 12.31 12.33 12.36 12.35 12.31 12.28 12.28 12.27 12.29 12.29 12.27 12.28 12.27 12.30 12.32 12.31 12.30 12.30 12.34 12.30 12.34 12.36 12.32 12.30 12.33 12.34 12.34 12.33 12.32 12.29 12.29 12.28 12.28 12.27 12.27 12.25 12.24 12.24 12.25 12.25 12.27 12.27 12.26 12.27 12.26 12.26 12.28 12.27 12.26 12.25 12.25 12.26 12.27 12.25 12.26 12.28 12.27 12.27 12.29 12.28 12.26
12.31 12.31 12.32 12.31 12.30 12.29 12.30 12.29 12.25 12.24 12.24 12.25 12.31 12.28 12.25 12.25 12.25 12.27 12.27 12.28 12.31 12.37 12.32 12.28 12.32 12.33 12.26 12.24 12.25 12.29 12.29 12.33 12.26 12.28 12.30 12.30 12.31 12.28 12.29 12.27 12.31 12.30 12.30 12.28 12.26 12.27 12.26 12.24 12.24 12.24 12.24 12.22 12.22 12.22 12.22 12.23 12.24 12.24 12.24 12.28 12.24 12.23 12.24 12.22 12.22 12.22 12.23 12.23 12.24 12.23 12.26 12.26 12.26 12.25 12.26 12.26 12.25
12.29 12.30 12.30 12.29 12.28 12.28 12.28 12.25 12.22 12.23 12.23 12.25 12.24 12.23 12.24 12.25 12.24 12.25 12.28 12.27 12.30 12.38 12.29 12.26 12.26 12.24 12.25 12.23 12.22 12.23 12.22 12.21 12.21 12.25 12.28 12.29 12.28 12.28 12.26 12.27 12.28 12.29 12.28 12.27 12.28 12.23 12.22 12.21 12.21 12.22 12.22 12.22 12.22 12.22 12.21 12.21 12.22 12.22 12.23 12.24 12.22 12.22 12.21 12.20 12.20 12.21 12.21 12.21 12.21 12.23 12.24 12.25 12.23 12.22 12.23 12.23 12.22
12.27 12.25 12.29 12.28 12.27 12.27 12.25 12.25 12.22 12.25 12.23 12.21 12.21 12.22 12.24 12.24 12.23 12.25 12.23 12.25 12.27 12.27 12.23 12.24 12.24 12.21 12.21 12.23 12.23 12.20 12.22 12.19 12.18 12.20 12.26 12.26 12.25 12.22 12.24 12.28 12.26 12.26 12.26 12.28 12.28 12.24 12.21 12.19 12.20 12.20 12.20 12.20 12.20 12.20 12.19 12.19 12.20 12.20 12.21 12.20 12.19 12.19 12.19 12.19 12.19 12.20 12.19 12.19 12.22 12.23 12.22 12.22 12.21 12.20 12.20 12.21 12.20
12.26 12.26 12.26 12.25 12.26 12.23 12.23 12.24 12.23 12.23 12.20 12.19 12.19 12.19 12.20 12.19 12.20 12.22 12.20 12.21 12.23 12.22 12.24 12.24 12.23 12.24 12.21 12.21 12.21 12.20 12.20 12.18 12.16 12.17 12.22 12.24 12.24 12.23 12.24 12.25 12.27 12.27 12.27 12.23 12.24 12.22 12.20 12.17 12.17 12.17 12.17 12.17 12.17 12.17 12.17 12.17 12.17 12.19 12.21 12.21 12.20 12.17 12.17 12.17 12.19 12.20 12.20 12.22 12.24 12.21 12.19 12.18 12.18 12.19 12.19 12.19 12.18
12.24 12.23 12.24 12.24 12.23 12.23 12.21 12.23 12.22 12.21 12.17 12.17 12.17 12.17 12.17 12.17 12.16 12.16 12.16 12.16 12.17 12.17 12.20 12.22 12.20 12.20 12.19 12.17 12.18 12.17 12.18 12.18 12.15 12.14 12.20 12.22 12.23 12.22 12.22 12.24 12.24 12.23 12.21 12.22 12.16 12.14 12.14 12.14 12.15 12.16 12.16 12.15 12.15 12.15 12.15 12.15 12.20 12.19 12.20 12.19 12.17 12.16 12.16 12.20 12.21 12.20 12.16 12.16 12.16 12.16 12.16 12.15 12.16 12.16 12.17 12.17 12.16
12.22 12.21 12.20 12.20 12.20 12.20 12.20 12.19 12.19 12.18 12.14 12.15 12.14 12.14 12.15 12.14 12.13 12.13 12.14 12.14 12.13 12.13 12.13 12.14 12.18 12.16 12.16 12.18 12.19 12.17 12.15 12.16 12.17 12.19 12.20 12.20 12.20 12.20 12.19 12.19 12.19 12.18 12.19 12.19 12.16 12.12 12.12 12.12 12.14 12.14 12.13 12.12 12.12 12.12 12.11 12.12 12.15 12.18 12.18 12.17 12.14 12.16 12.17 12.16 12.12 12.13 12.12 12.11 12.11 12.13 12.12 12.12 12.12 12.13 12.13 12.14 12.13
12.19 12.18 12.18 12.18 12.18 12.17 12.18 12.19 12.18 12.18 12.13 12.13 12.13 12.13 12.12 12.11 12.11 12.12 12.12 12.12 12.11 12.11 12.12 12.14 12.19 12.12 12.11 12.14 12.19 12.18 12.18 12.17 12.18 12.16 12.18 12.19 12.19 12.18 12.18 12.17 12.17 12.18 12.18 12.17 12.17 12.15 12.11 12.11 12.15 12.13 12.14 12.12 12.12 12.10 12.09 12.09 12.10 12.12 12.13 12.10 12.10 12.10 12.12 12.10 12.09 12.10 12.10 12.09 12.11 12.11 12.10 12.11 12.12 12.11 12.10 12.11 12.11
12.18 12.16 12.14 12.16 12.15 12.17 12.17 12.17 12.16 12.16 12.13 12.10 12.11 12.10 12.10 12.10 12.10 12.10 12.11 12.10 12.10 12.10 12.10 12.12 12.14 12.12 12.09 12.10 12.16 12.17 12.16 12.16 12.17 12.17 12.18 12.17 12.16 12.17 12.16 12.14 12.16 12.15 12.15 12.14 12.14 12.15 12.11 12.08 12.10 12.12 12.11 12.09 12.09 12.08 12.07 12.07 12.08 12.08 12.07 12.08 12.08 12.08 12.07 12.07 12.08 12.07 12.09 12.12 12.11 12.08 12.09 12.11 12.13 12.09 12.07 12.07 12.08
12.14 12.15 12.16 12.14 12.15 12.15 12.13 12.12 12.14 12.12 12.11 12.09 12.08 12.08 12.07 12.08 12.08 12.08 12.08 12.09 12.09 12.08 12.08 12.11 12.08 12.12 12.13 12.13 12.15 12.15 12.14 12.14 12.12 12.15 12.16 12.16 12.14 12.15 12.15 12.13 12.15 12.14 12.12 12.10 12.11 12.10 12.13 12.07 12.06 12.07 12.07 12.06 12.06 12.05 12.05 12.06 12.06 12.05 12.05 12.05 12.05 12.05 12.06 12.05 12.05 12.07 12.10 12.09 12.06 12.06 12.06 12.07 12.07 12.05 12.05 12.05 12.06
12.11 12.10 12.11 12.10 12.12 12.12 12.12 12.09 12.10 12.10 12.09 12.07 12.05 12.05 12.05 12.05 12.06 12.06 12.07 12.10 12.06 12.06 12.08 12.09 12.09 12.06 12.08 12.12 12.12 12.12 12.11 12.11 12.11 12.09 12.11 12.14 12.11 12.12 12.11 12.10 12.11 12.11 12.11 12.08 12.06 12.05 12.07 12.07 12.03 12.03 12.03 12.04 12.03 12.03 12.03 12.03 12.03 12.04 12.03 12.03 12.05 12.07 12.05 12.04 12.05 12.06 12.08 12.06 12.05 12.05 12.05 12.04 12.03 12.03 12.03 12.02 12.03
12.08 12.08 12.09 12.09 12.10 12.09 12.08 12.06 12.08 12.08 12.07 12.07 12.03 12.04 12.03 12.04 12.03 12.03 12.04 12.10 12.10 12.09 12.09 12.10 12.09 12.09 12.10 12.10 12.11 12.10 12.09 12.08 12.08 12.08 12.11 12.11 12.09 12.09 12.07 12.08 12.07 12.07 12.10 12.11 12.09 12.09 12.04 12.02 12.02 12.01 12.01 12.02 12.01 12.01 12.03 12.03 12.02 12.04 12.01 12.03 12.07 12.05 12.06 12.06 12.07 12.05 12.02 12.01 12.02 12.02 12.02 12.02 12.01 12.01 12.01 11.98 12.00
12.07 12.04 12.05 12.08 12.08 12.05 12.04 12.06 12.06 12.06 12.06 12.05 12.02 12.01 12.01 12.01 12.00 12.01 12.04 12.08 12.07 12.06 12.05 12.07 12.07 12.08 12.07 12.08 12.08 12.07 12.06 12.07 12.05 12.09 12.06 12.08 12.07 12.07 12.07 12.06 12.07 12.06 12.05 12.06 12.02 12.03 12.04 12.04 12.02 12.04 12.03 12.01 12.02 12.04 12.05 12.06 12.06 12.06 12.01 12.04 12.05 12.05 12.05 12.05 12.04 12.02 12.00 11.99 11.99 11.99 11.99 11.98 11.99 11.99 11.98 11.98 11.99
12.03 12.04 12.04 12.02 12.05 12.02 11.99 12.00 12.00 12.01 12.01 12.01 11.99 11.99 11.99 11.99 12.00 12.02 11.99 12.04 12.02 12.02 12.00 12.02 12.02 12.01 12.02 12.05 12.06 12.06 12.06 12.05 12.04 12.05 12.04 12.03 12.03 12.04 12.05 12.04 12.05 12.03 12.04 12.04 12.03 12.02 12.03 12.02 12.02 11.99 12.01 12.00 11.97 12.00 12.02 12.05 12.04 12.02 12.02 12.02 12.02 12.00 12.04 12.04 12.03 12.01 11.97 11.97 11.97 11.97 11.97 11.96 11.96 11.96 11.96 11.98 11.99
12.01 12.00 11.99 12.00 12.01 12.02 11.99 11.96 11.96 11.97 11.99 11.98 11.96 11.96 11.97 11.96 11.98 12.01 11.98 11.99 12.00 11.98 11.99 12.02 11.99 11.97 12.00 12.03 11.99 12.02 12.02 12.00 12.02 12.02 12.01 12.02 12.02 12.01 12.02 12.01 12.01 12.02 12.02 12.01 12.02 12.00 12.00 11.99 11.99 11.95 11.97 11.97 11.97 11.96 11.99 11.99 11.98 11.98 12.00 12.00 12.02 12.01 11.99 11.97 11.98 11.94 11.94 11.94 11.94 11.95 11.94 11.94 11.93 11.93 11.94 11.96 11.96
12.00 11.95 11.95 11.97 11.99 12.00 11.95 11.95 11.94 11.98 11.96 11.96 11.95 11.96 11.99 11.98 11.97 11.98 11.98 11.97 12.00 11.98 11.96 12.00 11.98 11.98 12.00 12.00 11.96 11.99 11.99 12.00 11.99 12.00 12.00 12.00 12.00 12.00 12.00 12.01 11.99 11.98 11.99 11.99 11.99 11.98 11.98 11.99 11.98 11.97 11.96 11.98 11.99 11.97 11.97 11.97 11.97 11.94 11.95 11.98 12.00 11.94 11.95 11.97 11.98 11.94 11.94 11.92 11.92 11.94 11.93 11.91 11.92 11.92 11.92 11.91 11.91
11.97 11.96 11.93 11.92 11.94 11.93 11.91 11.91 11.91 11.92 11.93 11.94 11.93 11.96 11.98 11.99 11.97 11.94 11.95 11.97 11.96 11.96 11.95 11.97 11.97 11.96 11.95 11.97 11.95 11.97 11.96 11.96 11.96 11.96 11.96 11.95 11.98 11.97 11.97 11.98 11.95 11.95 11.96 11.96 11.96 11.95 11.96 11.97 11.98 11.97 11.98 11.92 11.94 11.95 11.96 11.95 11.95 11.96 11.94 11.95 11.97 11.95 11.94 11.96 11.95 11.92 11.92 11.90 11.91 11.90 11.89 11.90 11.89 11.90 11.90 11.90 11.90
11.93 11.94 11.91 11.89 11.90 11.90 11.89 11.89 11.89 11.89 11.89 11.90 11.92 11.95 11.96 11.97 11.96 11.95 11.94 11.96 11.95 11.94 11.93 11.94 11.94 11.94 11.94 11.91 11.91 11.94 11.94 11.95 11.94 11.95 11.95 11.95 11.95 11.93 11.94 11.94 11.93 11.90 11.91 11.93 11.93 11.93 11.93 11.93 11.94 11.95 11.95 11.94 11.91 11.93 11.94 11.92 11.93 11.93 11.93 11.92 11.93 11.94 11.93 11.94 11.95 11.91 11.89 11.89 11.86 11.87 11.87 11.87 11.87 11.88 11.88 11.88 11.88
11.87 11.87 11.87 11.88 11.89 11.87 11.86 11.88 11.86 11.88 11.89 11.90 11.92 11.92 11.93 11.92 11.92 11.92 11.92 11.90 11.89 11.91 11.90 11.91 11.90 11.90 11.91 11.89 11.88 11.92 11.91 11.92 11.91 11.91 11.91 11.91 11.91 11.91 11.90 11.91 11.90 11.87 11.88 11.89 11.89 11.88 11.90 11.91 11.91 11.91 11.90 11.88 11.87 11.88 11.87 11.88 11.87 11.90 11.89 11.90 11.89 11.90 11.90 11.90 11.90 11.89 11.88 11.89 11.88 11.89 11.86 11.82 11.84 11.85 11.85 11.86 11.86
11.85 11.85 11.85 11.85 11.85 11.85 11.85 11.87 11.87 11.89 11.88 11.91 11.90 11.90 11.89 11.89 11.89 11.89 11.89 11.88 11.87 11.87 11.88 11.88 11.87 11.87 11.87 11.86 11.86 11.87 11.87 11.86 11.85 11.86 11.86 11.84 11.86 11.85 11.86 11.88 11.86 11.86 11.86 11.85 11.85 11.86 11.86 11.86 11.86 11.86 11.85 11.87 11.85 11.84 11.84 11.83 11.84 11.83 11.84 11.85 11.85 11.86 11.88 11.87 11.87 11.85 11.86 11.84 11.85 11.86 11.84 11.83 11.82 11.80 11.83 11.82 11.84
