main/data/irradiance/15.09.2023.grid
ncols 839
nrows 679
xllcenter 112.0500
yllcenter -43.9500
cellsize 0.0500
nodata_value 99999.90
[rows 340 to 373 of 679, columns 539 to 615 of 839]
22.15 22.22 22.21 22.32 22.30 22.26 22.30 22.15 22.13 22.20 22.28 22.22 22.18 22.16 22.16 22.16 22.05 22.03 22.03 22.03 22.08 22.01 22.10 21.99 22.33 22.17 22.14 21.56 22.06 22.09 22.17 21.99 21.87 21.90 21.82 21.76 21.75 21.96 22.18 22.10 22.10 22.13 22.20 22.12 21.96 21.81 21.90 21.87 21.93 21.95 21.95 22.02 22.09 22.06 22.13 22.13 22.13 22.05 21.69 21.53 21.75 21.78 21.95 21.93 21.91 21.77 21.66 21.62 21.52 21.54 21.72 21.79 21.70 21.75 21.97 21.95 21.90
22.20 22.25 22.19 22.32 22.31 22.24 22.21 22.19 22.08 22.23 22.32 22.33 22.30 22.29 22.22 22.21 22.22 21.98 22.00 21.97 22.04 22.08 22.06 21.86 22.04 22.17 22.20 22.23 22.15 22.20 22.12 22.11 21.85 21.79 21.77 21.78 21.75 21.85 22.07 22.12 22.14 22.11 22.12 22.09 22.01 21.94 21.85 21.97 22.05 22.09 22.01 22.00 22.16 22.15 22.13 22.11 22.05 22.11 21.79 21.49 21.74 21.89 21.89 21.88 21.89 21.83 21.81 21.70 21.71 21.77 21.72 21.83 21.85 21.87 22.00 21.97 21.94
22.19 22.23 22.17 22.35 22.20 22.19 22.20 22.08 22.03 22.17 22.19 22.24 22.30 22.26 22.15 22.23 22.23 22.07 22.30 22.10 22.18 22.10 22.12 21.94 21.91 21.98 22.05 22.13 22.25 22.21 22.09 21.98 21.81 21.78 21.78 21.72 21.62 21.65 21.85 21.97 22.08 22.17 22.16 22.13 21.97 21.94 21.83 21.95 21.99 22.03 21.99 21.96 22.13 22.13 22.16 22.17 22.15 22.15 21.67 21.48 21.62 21.79 21.97 21.90 21.89 21.87 21.80 21.73 21.72 21.79 21.85 21.88 21.92 21.86 21.93 21.96 21.93
22.18 22.17 22.24 22.22 22.18 22.16 22.15 22.08 21.98 21.91 21.82 22.24 22.39 22.43 22.25 21.92 21.96 21.95 22.07 22.13 22.18 22.10 21.90 21.67 22.01 22.01 22.09 22.12 22.34 22.14 22.17 21.99 21.87 21.95 21.84 21.76 21.53 21.62 21.78 21.86 21.87 22.07 22.23 22.25 22.05 22.03 21.96 22.02 22.03 21.95 21.91 21.89 22.05 22.10 22.15 22.16 22.18 22.17 21.72 21.55 21.53 21.68 22.00 21.96 21.86 21.78 21.78 21.80 21.79 21.79 21.89 21.87 21.94 21.83 21.92 21.88 21.87
22.12 22.16 22.14 22.20 22.16 22.14 22.18 22.07 21.97 21.83 21.50 21.65 22.13 22.21 22.25 22.04 22.00 22.00 22.00 22.07 22.05 22.08 22.01 22.07 22.20 22.07 22.21 22.09 22.11 22.13 22.05 22.01 21.91 21.99 21.94 21.85 21.79 21.72 21.63 21.63 21.74 21.90 22.06 22.09 22.02 22.03 21.94 22.00 22.10 22.10 21.94 21.85 21.95 22.06 22.12 22.13 22.13 22.13 21.93 21.50 21.50 21.51 21.78 21.88 21.79 21.84 21.82 21.81 21.79 21.88 21.91 21.92 21.80 21.85 21.93 21.84 21.87
22.14 22.14 22.14 22.20 22.24 22.27 22.22 22.18 22.03 22.13 21.68 21.14 21.84 22.15 22.11 22.10 22.10 21.99 21.96 21.93 22.00 22.06 21.85 22.00 21.94 22.14 22.11 22.14 22.14 22.11 22.07 21.93 21.85 22.03 22.07 21.94 21.92 21.78 21.59 21.67 21.68 21.80 21.93 21.95 21.95 21.85 21.69 21.92 22.04 22.13 22.00 21.88 21.83 21.87 22.05 22.09 22.08 22.14 22.14 21.71 21.42 21.48 21.72 21.81 21.92 21.82 21.77 21.84 21.89 21.93 21.94 21.81 21.73 21.73 21.86 21.77 21.76
22.14 22.17 22.12 22.17 22.25 22.24 22.15 22.15 22.10 22.10 21.94 21.56 21.87 22.00 22.04 22.06 22.06 22.13 22.02 22.03 22.08 22.01 21.97 21.85 21.96 22.12 22.19 22.19 22.17 22.19 22.16 22.09 21.83 22.01 22.11 22.04 21.97 21.90 21.80 21.68 21.61 21.60 21.76 21.80 21.91 21.87 21.79 21.98 22.06 22.07 22.01 21.93 21.91 21.88 21.88 21.92 22.01 22.12 22.11 21.87 21.54 21.44 21.90 21.84 21.91 21.93 21.90 21.88 21.94 21.96 21.94 21.70 21.61 21.67 21.66 21.72 21.59
22.07 22.12 22.09 22.01 22.08 22.15 22.10 22.17 22.16 22.13 22.10 21.64 22.05 22.11 22.05 22.06 22.02 22.07 21.96 21.91 21.95 21.86 21.84 21.77 21.97 22.04 22.01 22.13 22.14 22.23 22.17 22.12 21.84 21.96 22.04 22.00 21.94 21.97 21.97 21.76 21.58 21.61 21.76 21.72 21.77 21.77 21.66 21.76 21.92 21.87 21.95 21.92 21.94 21.87 21.92 21.89 22.01 21.97 22.00 21.76 21.31 21.49 22.08 21.90 21.87 21.90 21.91 21.87 21.94 21.78 21.96 21.73 21.74 21.67 21.64 21.52 21.65
22.05 22.08 22.03 22.08 22.01 22.04 22.13 22.11 22.12 22.08 22.00 21.86 21.84 21.93 22.12 22.23 22.09 22.04 21.93 21.84 21.93 21.87 21.86 21.87 21.95 21.90 21.95 22.04 22.10 22.22 22.05 22.02 21.96 22.00 21.98 21.95 21.92 21.88 21.92 21.76 21.58 21.53 21.70 21.81 21.79 21.79 21.69 21.46 21.75 21.68 21.75 21.80 21.83 21.86 21.90 21.97 22.01 21.97 21.84 21.63 21.29 21.56 21.86 22.09 22.07 22.04 22.00 21.95 21.81 21.74 21.62 21.85 21.80 21.84 21.73 21.66 21.58
22.01 21.97 22.00 22.05 22.00 22.03 22.15 22.07 22.05 21.99 21.88 21.91 21.97 22.11 22.20 21.91 21.70 21.77 21.95 21.79 21.96 22.01 21.93 21.77 21.75 21.87 21.96 22.07 21.92 21.87 21.86 21.93 21.95 22.00 21.94 21.85 21.93 21.95 21.84 21.75 21.76 21.53 21.46 21.58 21.80 21.81 21.65 21.39 21.52 21.62 21.72 21.69 21.73 21.78 21.79 21.94 21.97 21.92 21.84 21.51 21.38 21.63 21.89 22.10 22.05 21.93 21.96 21.99 21.91 21.83 21.73 21.86 21.86 21.87 21.61 21.64 21.54
22.00 22.01 22.00 22.03 22.04 22.00 22.15 22.05 22.02 22.04 21.96 21.93 21.95 21.96 22.08 22.04 21.99 21.92 21.86 21.88 22.00 22.08 21.93 21.83 21.77 21.86 21.85 21.80 21.86 21.79 21.89 22.01 22.06 21.97 21.88 21.91 21.93 21.96 21.87 21.85 21.63 21.48 21.37 21.60 21.68 21.61 21.25 21.30 21.45 21.44 21.55 21.59 21.50 21.52 21.79 21.83 21.92 21.72 21.59 21.47 21.60 21.76 21.82 22.06 22.02 21.93 21.83 21.93 21.93 21.90 21.84 21.88 21.86 21.89 21.76 21.59 21.72
21.88 21.84 22.01 22.04 21.95 21.90 22.08 22.19 21.96 22.05 22.05 22.11 21.95 22.02 21.97 21.92 21.92 21.84 21.88 21.73 21.88 22.08 21.94 21.75 21.70 21.77 21.72 21.88 21.85 21.87 21.86 21.95 22.01 21.92 21.85 21.89 21.90 21.90 21.93 21.79 21.66 21.55 21.53 21.50 21.56 21.50 21.30 21.38 21.24 21.26 21.50 21.36 21.31 21.23 21.33 21.50 21.45 21.39 21.56 21.38 21.81 21.73 21.81 21.98 21.95 21.98 21.91 21.83 21.83 21.94 21.98 21.96 21.97 21.95 21.82 21.68 21.56
21.89 21.91 21.99 21.96 21.97 21.91 21.97 22.07 22.08 22.06 22.02 22.10 22.02 22.00 22.03 21.99 21.86 21.87 21.78 21.87 21.85 22.05 21.65 21.42 21.80 21.80 21.74 21.77 21.90 21.89 21.84 21.95 22.03 21.87 21.79 21.79 21.89 21.87 21.82 21.79 21.75 21.58 21.48 21.42 21.40 21.40 21.31 21.40 21.46 21.48 21.51 21.47 21.11 21.02 21.29 21.24 21.26 21.45 21.57 21.57 21.75 21.45 21.55 21.63 21.96 21.87 21.90 21.80 21.80 21.83 21.85 21.92 21.98 21.99 21.79 21.65 21.52
21.93 21.83 21.91 21.90 21.92 21.95 21.97 21.98 22.11 21.94 21.97 21.98 21.98 21.90 21.94 22.02 21.94 21.89 21.98 21.91 21.72 21.93 21.76 21.62 21.74 21.96 21.94 21.86 21.87 21.94 21.92 21.98 22.02 21.99 21.81 21.82 21.80 21.74 21.79 21.88 21.79 21.57 21.49 21.40 21.52 21.44 21.44 21.21 21.33 21.55 21.51 21.31 21.31 21.18 21.25 21.33 21.45 21.62 21.73 21.83 21.63 21.23 21.52 21.65 21.71 21.69 21.73 21.84 21.93 21.86 21.74 21.88 21.89 21.92 21.85 21.79 21.66
21.92 21.88 21.94 21.87 21.88 22.00 21.99 21.95 21.88 21.80 21.81 22.01 21.82 21.70 21.86 21.86 21.88 21.92 21.98 21.96 21.88 21.86 21.95 22.02 21.99 21.67 21.93 21.59 21.79 21.82 21.81 21.79 21.86 21.95 21.88 21.76 21.76 21.71 21.75 21.80 21.62 21.49 21.55 21.50 21.38 21.40 21.43 21.45 21.39 21.44 21.53 21.39 21.44 21.52 21.52 21.43 21.58 21.52 21.57 21.48 21.32 21.37 21.61 21.50 21.53 21.54 21.52 21.81 21.82 21.91 21.85 21.93 21.90 21.76 21.66 21.66 21.75
21.93 21.90 21.91 21.78 21.89 21.90 21.94 21.93 21.97 21.73 21.75 21.79 21.71 21.65 21.61 21.71 21.81 21.79 21.83 22.01 21.91 21.80 21.84 21.80 21.60 21.64 21.75 21.55 21.60 21.69 21.74 21.90 21.89 21.83 21.91 21.86 21.76 21.66 21.66 21.70 21.67 21.56 21.56 21.54 21.54 21.49 21.52 21.43 21.44 21.43 21.45 21.38 21.41 21.32 21.48 21.66 21.53 21.37 21.32 21.24 21.27 21.46 21.40 21.44 21.44 21.53 21.42 21.53 21.71 21.74 21.80 21.87 21.82 21.73 21.67 21.48 21.56
21.92 21.87 21.87 21.79 21.81 21.73 21.63 21.86 21.80 21.89 21.78 21.73 21.61 21.66 21.78 21.76 21.75 21.82 21.81 21.93 21.99 21.89 22.04 21.87 21.82 21.97 22.00 21.54 21.61 21.75 21.70 21.85 21.93 21.93 21.77 21.72 21.74 21.81 21.62 21.67 21.61 21.63 21.55 21.54 21.53 21.62 21.54 21.43 21.45 21.40 21.37 21.30 21.28 21.27 21.46 21.53 21.40 21.41 21.26 21.24 21.38 21.38 21.35 21.38 21.25 21.44 21.52 21.52 21.46 21.46 21.33 21.47 21.73 21.91 21.85 21.76 21.78
21.79 21.78 21.68 21.70 21.73 21.69 21.63 21.61 21.76 21.77 21.72 21.66 21.65 21.64 21.61 21.62 21.71 21.77 21.79 21.78 21.85 21.83 21.97 21.94 21.88 21.83 21.86 21.80 21.81 21.86 21.91 21.81 21.65 21.77 21.77 21.66 21.63 21.76 21.67 21.59 21.66 21.63 21.60 21.63 21.59 21.56 21.47 21.40 21.38 21.30 21.29 21.13 21.06 21.06 21.46 21.43 21.41 21.25 21.29 21.20 21.34 21.38 21.40 21.14 21.15 21.19 21.22 21.19 21.44 21.20 21.25 21.49 21.63 21.73 21.78 21.79 21.70
21.52 21.68 21.63 21.62 21.73 21.57 21.51 21.68 21.69 21.72 21.67 21.66 21.65 21.66 21.66 21.71 21.65 21.78 21.83 21.79 21.80 21.84 21.89 21.89 21.93 21.83 21.78 21.84 21.84 21.87 21.95 21.85 21.66 21.66 21.67 21.68 21.65 21.66 21.64 21.62 21.68 21.71 21.67 21.63 21.62 21.54 21.51 21.38 21.28 21.31 21.51 21.25 21.14 21.21 21.29 21.31 21.35 21.42 21.34 21.29 21.34 21.34 21.17 21.02 21.10 21.19 21.40 21.27 21.13 21.13 21.47 21.54 21.64 21.63 21.73 21.59 21.53
21.51 21.60 21.59 21.63 21.59 21.49 21.41 21.52 21.56 21.57 21.58 21.62 21.60 21.64 21.59 21.71 21.73 21.69 21.67 21.80 22.09 21.82 21.74 21.65 21.83 21.79 21.68 21.67 21.68 21.71 21.84 21.78 21.70 21.67 21.69 21.59 21.50 21.56 21.56 21.57 21.60 21.65 21.58 21.63 21.56 21.63 21.55 21.49 21.44 21.52 21.41 21.19 21.14 21.25 21.28 21.29 21.30 21.40 21.43 21.34 21.31 21.32 21.31 21.20 21.04 21.17 21.13 21.08 21.09 21.31 21.57 21.43 21.63 21.78 21.81 21.64 21.57
21.75 21.59 21.53 21.74 21.55 21.35 21.34 21.43 21.41 21.41 21.52 21.54 21.53 21.58 21.57 21.64 21.72 21.73 21.69 21.79 21.78 21.66 21.70 21.64 21.71 21.72 21.73 21.63 21.65 21.68 21.79 21.69 21.72 21.62 21.68 21.65 21.48 21.48 21.53 21.52 21.57 21.61 21.57 21.59 21.56 21.61 21.62 21.56 21.48 21.41 21.57 21.16 21.24 21.28 21.34 21.22 21.23 21.27 21.32 21.28 21.19 21.19 21.27 21.22 21.24 21.43 21.30 21.56 21.60 21.56 21.66 21.38 21.56 21.69 21.73 21.71 21.62
21.62 21.63 21.67 21.57 21.37 21.37 21.35 21.32 21.34 21.49 21.59 21.59 21.46 21.50 21.53 21.50 21.56 21.56 21.58 21.67 21.56 21.57 21.70 21.65 21.72 21.69 21.71 21.61 21.63 21.62 21.64 21.65 21.60 21.64 21.61 21.68 21.57 21.53 21.43 21.50 21.55 21.54 21.56 21.52 21.58 21.63 21.57 21.56 21.43 21.38 21.37 21.30 21.21 21.22 21.23 21.08 21.18 21.23 21.14 21.24 21.24 21.13 21.04 20.99 21.11 21.34 21.54 21.62 21.75 21.64 21.66 21.34 21.67 21.66 21.65 21.62 21.50
21.76 21.65 21.60 21.52 21.42 21.31 21.41 21.38 21.37 21.61 21.66 21.62 21.57 21.44 21.42 21.44 21.47 21.45 21.57 21.57 21.54 21.58 21.63 21.71 21.67 21.72 21.61 21.56 21.47 21.50 21.54 21.67 21.60 21.67 21.62 21.63 21.59 21.52 21.43 21.52 21.55 21.57 21.58 21.56 21.54 21.50 21.56 21.56 21.50 21.43 21.39 21.35 21.32 21.33 21.33 21.16 21.14 21.18 21.05 21.16 21.22 21.21 21.19 21.25 21.32 21.42 21.37 21.45 21.67 21.66 21.47 21.18 21.57 21.64 21.53 21.33 21.37
21.68 21.54 21.58 21.64 21.48 21.41 21.26 21.35 21.37 21.59 21.77 21.79 21.68 21.46 21.39 21.41 21.41 21.47 21.46 21.52 21.60 21.49 21.59 21.67 21.71 21.63 21.61 21.61 21.46 21.46 21.65 21.70 21.59 21.66 21.61 21.61 21.57 21.50 21.50 21.50 21.52 21.58 21.57 21.59 21.56 21.55 21.53 21.48 21.42 21.40 21.35 21.21 21.35 21.15 21.20 21.17 21.23 21.08 20.92 21.13 21.14 21.17 21.27 21.29 21.37 21.33 21.47 21.51 21.48 21.51 21.29 20.95 21.51 21.52 21.42 21.39 21.40
21.52 21.41 21.51 21.60 21.59 21.55 21.51 21.48 21.39 21.44 21.67 21.74 21.73 21.51 21.32 21.32 21.39 21.37 21.43 21.47 21.52 21.50 21.58 21.63 21.64 21.66 21.64 21.47 21.48 21.46 21.56 21.66 21.64 21.61 21.60 21.64 21.63 21.49 21.50 21.51 21.52 21.63 21.68 21.61 21.54 21.50 21.54 21.54 21.48 21.43 21.37 21.27 21.08 21.08 21.11 21.08 21.11 20.90 20.90 20.98 21.02 21.13 21.25 21.35 21.40 21.44 21.42 21.52 21.55 21.54 21.55 20.97 21.33 21.43 21.38 21.33 21.43
21.41 21.48 21.49 21.68 21.48 21.53 21.56 21.55 21.49 21.50 21.50 21.58 21.58 21.66 21.42 21.33 21.34 21.33 21.41 21.45 21.44 21.50 21.55 21.56 21.55 21.59 21.53 21.42 21.47 21.36 21.43 21.52 21.56 21.59 21.56 21.59 21.56 21.56 21.51 21.47 21.55 21.60 21.58 21.49 21.45 21.39 21.50 21.57 21.46 21.33 21.43 21.43 21.10 21.06 21.26 21.43 21.09 20.97 20.56 20.79 20.97 21.20 21.39 21.47 21.54 21.41 21.48 21.46 21.44 21.43 21.12 21.00 20.88 20.91 20.77 21.17 21.18
21.50 21.50 21.48 21.53 21.51 21.62 21.44 21.35 21.40 21.56 21.59 21.51 21.59 21.49 21.45 21.47 21.44 21.39 21.42 21.45 21.49 21.49 21.61 21.51 21.49 21.54 21.54 21.51 21.47 21.33 21.46 21.51 21.51 21.52 21.52 21.53 21.49 21.55 21.45 21.44 21.50 21.52 21.52 21.42 21.40 21.39 21.35 21.55 21.52 21.41 21.28 21.31 21.10 21.33 21.46 21.40 21.07 21.06 20.81 20.78 21.03 21.01 21.19 21.22 21.32 21.45 21.45 21.44 21.47 21.34 21.09 20.96 20.71 20.91 20.43 20.81 20.81
21.62 21.63 21.60 21.52 21.60 21.74 21.79 21.72 21.41 21.42 21.44 21.55 21.60 21.46 21.40 21.41 21.50 21.46 21.42 21.42 21.44 21.44 21.40 21.47 21.50 21.53 21.52 21.52 21.48 21.49 21.51 21.52 21.55 21.50 21.54 21.56 21.55 21.55 21.53 21.43 21.51 21.48 21.46 21.49 21.41 21.28 21.28 21.43 21.46 21.38 21.28 21.31 21.42 21.20 21.33 21.26 21.17 21.11 21.02 20.90 21.11 21.17 21.19 21.17 21.11 21.19 21.38 21.25 21.31 21.24 20.66 20.44 20.66 20.87 20.78 21.00 20.96
21.55 21.53 21.54 21.56 21.50 21.54 21.53 21.54 21.51 21.45 21.44 21.34 21.45 21.38 21.35 21.35 21.44 21.49 21.42 21.43 21.43 21.37 21.37 21.42 21.45 21.49 21.52 21.50 21.50 21.51 21.50 21.45 21.50 21.48 21.50 21.56 21.59 21.56 21.49 21.48 21.41 21.38 21.47 21.48 21.40 21.31 21.24 21.32 21.39 21.25 21.29 21.26 21.31 21.14 21.30 21.22 21.23 21.17 21.04 20.69 20.88 20.93 21.05 21.17 21.27 21.23 21.28 21.31 21.27 21.08 20.42 20.57 20.71 20.93 20.96 20.96 21.02
21.46 21.47 21.43 21.45 21.49 21.56 21.61 21.55 21.54 21.55 21.50 21.41 21.37 21.30 21.24 21.26 21.38 21.49 21.50 21.55 21.52 21.39 21.37 21.42 21.47 21.47 21.57 21.59 21.50 21.50 21.49 21.47 21.56 21.55 21.55 21.59 21.56 21.51 21.48 21.42 21.47 21.39 21.35 21.44 21.36 21.39 21.35 21.35 21.27 21.36 21.33 21.31 21.21 21.24 21.27 21.33 21.27 21.21 21.22 21.10 20.86 20.88 21.12 21.26 21.17 21.17 21.23 21.36 21.32 21.04 20.59 20.81 20.72 20.91 21.05 21.02 21.02
20.95 21.42 21.50 21.50 21.52 21.53 21.60 21.57 21.47 21.56 21.50 21.42 21.38 21.33 21.24 21.27 21.38 21.44 21.49 21.60 21.57 21.46 21.41 21.41 21.42 21.45 21.42 21.59 21.59 21.48 21.47 21.42 21.46 21.48 21.50 21.55 21.47 21.44 21.42 21.40 21.41 21.36 21.33 21.30 21.29 21.30 21.30 21.31 21.32 21.29 21.32 21.28 21.17 21.21 21.31 21.26 21.27 21.20 21.18 21.06 20.89 20.91 21.01 21.00 21.12 21.24 21.24 21.28 21.21 20.98 20.86 20.77 21.00 21.03 21.08 21.05 20.93
21.15 21.46 21.46 21.50 21.53 21.54 21.56 21.55 21.59 21.61 21.55 21.53 21.50 21.41 21.40 21.32 21.34 21.41 21.48 21.60 21.54 21.51 21.42 21.38 21.44 21.44 21.41 21.53 21.53 21.47 21.46 21.37 21.41 21.44 21.42 21.41 21.44 21.39 21.36 21.36 21.36 21.41 21.28 21.23 21.41 21.40 21.26 21.33 21.30 21.28 21.28 21.21 21.21 21.22 21.27 21.17 21.18 21.18 21.13 21.23 21.11 20.95 21.08 21.01 21.11 21.11 21.14 21.00 20.91 20.95 20.99 21.05 21.11 21.14 21.11 21.08 20.86
21.41 21.48 21.51 21.55 21.52 21.56 21.51 21.47 21.59 21.57 21.59 21.60 21.56 21.52 21.52 21.48 21.41 21.42 21.47 21.55 21.54 21.50 21.41 21.35 21.45 21.47 21.44 21.47 21.49 21.46 21.45 21.46 21.41 21.40 21.35 21.38 21.38 21.39 21.36 21.36 21.32 21.32 21.28 21.15 21.33 21.27 21.31 21.30 21.31 21.35 21.28 21.18 21.25 21.29 21.19 21.10 21.14 21.13 21.15 21.21 21.16 21.12 21.15 21.10 21.04 20.92 20.99 21.04 21.04 21.17 21.22 21.22 21.24 21.25 21.15 21.13 20.82
21.33 21.32 21.31 21.47 21.52 21.49 21.47 21.45 21.41 21.49 21.35 21.51 21.48 21.54 21.53 21.51 21.48 21.45 21.45 21.44 21.52 21.47 21.37 21.33 21.38 21.39 21.39 21.38 21.41 21.40 21.36 21.36 21.35 21.33 21.31 21.30 21.36 21.33 21.31 21.28 21.31 21.33 21.26 21.15 21.22 21.24 21.21 21.21 21.23 21.26 21.27 21.21 21.21 21.22 21.15 21.20 21.17 21.08 21.16 21.22 21.16 21.10 21.12 21.10 21.05 21.02 21.11 21.25 21.33 21.29 21.25 21.21 21.27 21.18 21.15 21.00 20.86
