main/data/irradiance/15.06.2023.grid
ncols 839
nrows 679
xllcenter 112.0500
yllcenter -43.9500
cellsize 0.0500
nodata_value 99999.90
[rows 374 to 407 of 679, columns 385 to 461 of 839]
13.34 13.34 13.33 13.33 13.33 13.32 13.33 13.31 13.33 13.31 13.32 13.32 13.32 13.32 13.32 13.32 13.32 13.31 13.31 13.29 13.31 13.30 13.31 13.31 13.31 13.32 13.32 13.33 13.33 13.35 13.35 13.35 13.34 13.34 13.34 13.34 13.34 13.33 13.32 13.33 13.33 13.32 13.33 13.33 13.33 13.33 13.32 13.32 13.32 13.32 13.32 13.32 13.33 13.33 13.34 13.34 13.34 13.36 13.36 13.37 13.37 13.37 13.35 13.36 13.37 13.36 13.39 13.38 13.39 13.40 13.41 13.43 13.43 13.43 13.44 13.43 13.43
13.31 13.31 13.31 13.30 13.30 13.30 13.29 13.29 13.30 13.30 13.31 13.30 13.30 13.30 13.30 13.30 13.30 13.30 13.30 13.29 13.29 13.29 13.29 13.29 13.30 13.30 13.30 13.30 13.31 13.32 13.32 13.31 13.31 13.31 13.31 13.32 13.31 13.31 13.31 13.31 13.31 13.29 13.30 13.31 13.31 13.31 13.30 13.31 13.30 13.30 13.30 13.30 13.30 13.31 13.32 13.32 13.32 13.33 13.35 13.35 13.35 13.36 13.36 13.36 13.35 13.35 13.37 13.37 13.36 13.38 13.40 13.39 13.40 13.40 13.41 13.41 13.41
13.28 13.28 13.28 13.28 13.28 13.28 13.27 13.28 13.28 13.28 13.28 13.28 13.28 13.28 13.28 13.27 13.28 13.28 13.28 13.28 13.28 13.26 13.27 13.27 13.27 13.27 13.26 13.27 13.31 13.30 13.29 13.30 13.29 13.29 13.29 13.30 13.30 13.30 13.30 13.29 13.29 13.29 13.28 13.29 13.29 13.28 13.29 13.29 13.29 13.28 13.29 13.28 13.28 13.29 13.31 13.30 13.30 13.30 13.32 13.32 13.32 13.32 13.32 13.33 13.33 13.34 13.35 13.36 13.36 13.39 13.38 13.38 13.39 13.39 13.40 13.40 13.39
13.26 13.26 13.25 13.25 13.26 13.26 13.26 13.26 13.26 13.26 13.28 13.26 13.26 13.26 13.25 13.26 13.27 13.25 13.25 13.24 13.25 13.25 13.25 13.26 13.25 13.25 13.25 13.28 13.28 13.29 13.29 13.28 13.28 13.28 13.28 13.28 13.28 13.28 13.28 13.28 13.28 13.28 13.28 13.26 13.26 13.26 13.26 13.26 13.25 13.25 13.25 13.26 13.26 13.26 13.27 13.28 13.27 13.27 13.28 13.30 13.30 13.30 13.31 13.32 13.33 13.32 13.32 13.35 13.35 13.36 13.36 13.35 13.33 13.35 13.37 13.37 13.38
13.24 13.23 13.24 13.24 13.24 13.24 13.24 13.22 13.23 13.23 13.23 13.22 13.22 13.22 13.23 13.23 13.22 13.22 13.22 13.21 13.23 13.23 13.23 13.23 13.23 13.23 13.25 13.26 13.27 13.26 13.26 13.25 13.25 13.25 13.25 13.25 13.25 13.26 13.24 13.25 13.24 13.25 13.25 13.23 13.23 13.23 13.23 13.23 13.23 13.23 13.23 13.24 13.24 13.25 13.25 13.25 13.26 13.26 13.26 13.26 13.27 13.28 13.29 13.29 13.30 13.29 13.30 13.30 13.33 13.33 13.31 13.32 13.34 13.35 13.35 13.34 13.34
13.22 13.21 13.21 13.22 13.21 13.21 13.21 13.21 13.21 13.21 13.21 13.21 13.21 13.20 13.20 13.20 13.20 13.20 13.20 13.21 13.21 13.21 13.21 13.21 13.22 13.22 13.24 13.24 13.25 13.25 13.24 13.23 13.23 13.23 13.23 13.23 13.23 13.23 13.23 13.23 13.23 13.24 13.24 13.23 13.21 13.21 13.21 13.21 13.21 13.21 13.21 13.22 13.22 13.22 13.23 13.24 13.23 13.25 13.24 13.24 13.25 13.27 13.27 13.27 13.28 13.27 13.27 13.29 13.31 13.32 13.30 13.31 13.28 13.30 13.29 13.31 13.33
13.19 13.20 13.19 13.18 13.20 13.20 13.20 13.19 13.19 13.19 13.19 13.18 13.19 13.19 13.19 13.19 13.19 13.19 13.19 13.19 13.19 13.19 13.18 13.19 13.19 13.21 13.21 13.21 13.21 13.22 13.22 13.22 13.22 13.21 13.23 13.23 13.22 13.22 13.22 13.21 13.22 13.21 13.21 13.21 13.21 13.19 13.19 13.19 13.19 13.19 13.20 13.20 13.20 13.20 13.20 13.21 13.21 13.21 13.20 13.21 13.22 13.23 13.24 13.24 13.24 13.24 13.25 13.26 13.28 13.28 13.28 13.26 13.26 13.24 13.26 13.27 13.28
13.18 13.18 13.17 13.17 13.17 13.18 13.20 13.19 13.18 13.17 13.18 13.17 13.18 13.18 13.18 13.17 13.17 13.16 13.16 13.17 13.16 13.16 13.17 13.17 13.20 13.20 13.20 13.20 13.21 13.21 13.21 13.21 13.20 13.20 13.20 13.20 13.21 13.21 13.21 13.20 13.20 13.20 13.20 13.20 13.20 13.18 13.18 13.17 13.16 13.17 13.18 13.18 13.18 13.18 13.18 13.18 13.18 13.18 13.19 13.18 13.18 13.19 13.21 13.22 13.23 13.23 13.23 13.22 13.22 13.23 13.21 13.22 13.23 13.25 13.24 13.24 13.23
13.15 13.15 13.15 13.14 13.14 13.14 13.17 13.17 13.15 13.14 13.14 13.14 13.14 13.14 13.14 13.14 13.15 13.14 13.14 13.13 13.13 13.14 13.14 13.14 13.18 13.17 13.17 13.17 13.18 13.18 13.18 13.18 13.18 13.17 13.17 13.17 13.18 13.18 13.19 13.17 13.17 13.17 13.17 13.17 13.17 13.17 13.15 13.15 13.15 13.15 13.14 13.15 13.16 13.16 13.16 13.16 13.16 13.16 13.17 13.16 13.16 13.18 13.19 13.20 13.20 13.21 13.21 13.21 13.20 13.19 13.18 13.19 13.20 13.21 13.21 13.21 13.20
13.13 13.13 13.11 13.12 13.12 13.12 13.12 13.12 13.12 13.12 13.12 13.12 13.12 13.13 13.13 13.12 13.13 13.13 13.12 13.11 13.12 13.12 13.12 13.15 13.15 13.15 13.15 13.15 13.16 13.16 13.16 13.15 13.15 13.14 13.14 13.14 13.14 13.16 13.15 13.16 13.16 13.15 13.15 13.15 13.15 13.16 13.15 13.14 13.14 13.14 13.14 13.14 13.14 13.15 13.15 13.15 13.15 13.15 13.15 13.14 13.14 13.15 13.17 13.18 13.19 13.18 13.19 13.18 13.17 13.17 13.15 13.16 13.17 13.18 13.19 13.20 13.22
13.10 13.10 13.10 13.10 13.10 13.10 13.10 13.10 13.10 13.10 13.10 13.10 13.11 13.10 13.10 13.10 13.11 13.11 13.10 13.10 13.10 13.10 13.13 13.13 13.12 13.12 13.12 13.12 13.13 13.13 13.13 13.13 13.13 13.12 13.13 13.13 13.13 13.13 13.14 13.14 13.13 13.13 13.13 13.14 13.14 13.14 13.13 13.13 13.13 13.13 13.13 13.13 13.13 13.13 13.13 13.13 13.13 13.13 13.12 13.12 13.12 13.12 13.14 13.15 13.15 13.16 13.16 13.17 13.15 13.14 13.13 13.14 13.15 13.16 13.17 13.17 13.19
13.08 13.08 13.08 13.08 13.08 13.08 13.08 13.08 13.08 13.08 13.08 13.08 13.09 13.09 13.09 13.09 13.09 13.08 13.07 13.07 13.08 13.10 13.10 13.10 13.10 13.10 13.10 13.09 13.11 13.11 13.11 13.11 13.11 13.11 13.12 13.11 13.11 13.11 13.12 13.11 13.11 13.11 13.12 13.12 13.12 13.13 13.13 13.13 13.11 13.09 13.09 13.10 13.09 13.09 13.10 13.10 13.10 13.10 13.10 13.10 13.10 13.11 13.11 13.12 13.13 13.13 13.14 13.13 13.12 13.13 13.13 13.12 13.13 13.14 13.15 13.14 13.16
13.05 13.06 13.06 13.05 13.05 13.06 13.06 13.05 13.06 13.05 13.05 13.05 13.06 13.06 13.06 13.06 13.06 13.06 13.06 13.06 13.06 13.08 13.08 13.07 13.07 13.07 13.08 13.08 13.07 13.07 13.07 13.08 13.07 13.08 13.08 13.08 13.09 13.09 13.09 13.08 13.08 13.07 13.07 13.07 13.08 13.09 13.09 13.10 13.09 13.07 13.08 13.08 13.08 13.07 13.08 13.08 13.08 13.08 13.08 13.09 13.09 13.10 13.10 13.11 13.10 13.10 13.11 13.11 13.10 13.10 13.11 13.10 13.09 13.09 13.13 13.13 13.13
13.04 13.04 13.05 13.04 13.03 13.03 13.02 13.02 13.03 13.03 13.02 13.02 13.03 13.03 13.04 13.04 13.04 13.05 13.04 13.04 13.07 13.08 13.07 13.06 13.06 13.06 13.06 13.06 13.05 13.05 13.06 13.06 13.06 13.05 13.05 13.06 13.06 13.06 13.05 13.06 13.05 13.06 13.05 13.05 13.06 13.06 13.07 13.07 13.08 13.08 13.07 13.07 13.07 13.07 13.07 13.07 13.08 13.09 13.08 13.07 13.07 13.08 13.09 13.09 13.08 13.08 13.07 13.08 13.08 13.08 13.08 13.08 13.08 13.06 13.08 13.10 13.09
13.02 13.01 13.01 13.01 13.00 13.01 13.01 13.01 13.01 13.01 13.01 13.00 13.01 13.02 13.01 13.01 13.02 13.02 13.03 13.06 13.05 13.06 13.05 13.04 13.04 13.03 13.02 13.03 13.03 13.03 13.05 13.03 13.03 13.03 13.03 13.04 13.05 13.04 13.03 13.04 13.04 13.04 13.04 13.04 13.04 13.04 13.05 13.06 13.06 13.06 13.05 13.05 13.05 13.05 13.05 13.05 13.05 13.05 13.05 13.04 13.05 13.06 13.07 13.10 13.07 13.05 13.04 13.03 13.04 13.05 13.04 13.04 13.06 13.06 13.06 13.10 13.08
13.00 13.00 13.00 12.99 12.98 12.98 12.98 12.98 12.99 12.98 12.98 12.99 13.00 12.99 12.99 12.99 13.00 13.00 13.01 13.02 13.01 13.02 13.01 13.01 13.00 13.00 13.00 13.00 13.00 13.01 13.03 13.02 13.01 13.00 13.01 13.02 13.03 13.02 13.02 13.01 13.02 13.02 13.02 13.02 13.02 13.02 13.02 13.03 13.03 13.04 13.05 13.05 13.06 13.01 13.01 13.01 13.01 13.01 13.00 13.02 13.02 13.04 13.05 13.06 13.03 13.02 13.02 13.02 13.01 13.02 13.02 13.02 13.04 13.03 13.04 13.06 13.06
12.98 12.98 12.98 12.98 12.97 12.97 12.97 12.96 12.96 12.96 12.96 12.96 12.97 12.96 12.96 12.96 12.96 12.96 12.99 12.99 12.99 12.99 12.99 12.99 12.99 12.99 12.99 12.99 12.99 13.00 12.99 13.01 13.00 13.00 13.00 13.01 13.01 13.01 13.00 13.00 13.00 13.00 13.01 13.01 12.99 13.00 13.00 13.01 13.02 13.06 13.04 13.00 13.01 12.98 12.98 12.99 12.99 13.00 13.01 13.01 13.00 13.01 13.01 13.01 13.00 13.00 13.00 13.01 13.00 13.00 12.99 13.00 13.01 12.99 13.01 13.03 13.03
12.96 12.95 12.96 12.95 12.95 12.95 12.94 12.93 12.93 12.93 12.92 12.92 12.94 12.95 12.94 12.93 12.94 12.97 12.97 12.97 12.98 12.97 12.97 12.97 12.98 12.97 12.98 13.01 13.01 13.00 12.98 12.98 12.98 12.98 12.98 12.99 12.98 12.98 12.98 12.99 12.99 12.99 12.98 12.98 12.98 12.98 12.98 13.00 13.01 13.00 12.98 12.99 12.99 12.96 12.96 12.97 12.97 12.98 12.98 12.97 12.97 12.98 12.98 12.98 12.98 12.99 13.02 12.99 12.98 13.00 12.99 12.98 12.98 12.98 12.98 13.01 13.01
12.94 12.93 12.92 12.92 12.91 12.92 12.91 12.91 12.92 12.91 12.90 12.90 12.91 12.91 12.91 12.92 12.94 12.95 12.95 12.95 12.95 12.95 12.95 12.95 12.98 12.96 12.97 12.97 12.98 12.98 12.99 12.96 12.95 12.95 12.94 12.97 12.96 12.97 12.98 12.97 12.96 12.97 12.98 12.98 12.97 12.98 12.96 12.99 12.97 12.97 12.96 12.96 12.98 12.98 12.98 12.96 12.95 12.95 12.95 12.95 12.96 12.95 12.95 12.95 12.96 12.95 12.94 12.95 12.95 12.95 12.96 12.96 12.95 12.95 12.96 12.96 12.97
12.91 12.90 12.89 12.90 12.90 12.90 12.89 12.89 12.89 12.89 12.88 12.88 12.88 12.89 12.89 12.89 12.92 12.92 12.92 12.92 12.92 12.92 12.94 12.93 12.93 12.95 12.93 12.93 12.93 12.92 12.94 12.93 12.92 12.92 12.92 12.92 12.94 12.94 12.94 12.93 12.92 12.92 12.93 12.95 12.95 12.96 12.96 12.97 12.95 12.94 12.93 12.94 12.94 12.94 12.94 12.92 12.90 12.91 12.91 12.92 12.92 12.91 12.92 12.92 12.92 12.92 12.92 12.92 12.92 12.92 12.92 12.92 12.92 12.92 12.93 12.93 12.92
12.89 12.88 12.88 12.88 12.87 12.88 12.87 12.87 12.87 12.87 12.87 12.86 12.86 12.86 12.87 12.90 12.89 12.89 12.89 12.89 12.89 12.89 12.89 12.88 12.89 12.91 12.91 12.90 12.91 12.91 12.91 12.90 12.90 12.90 12.90 12.90 12.91 12.92 12.92 12.91 12.90 12.91 12.91 12.92 12.93 12.92 12.92 12.92 12.90 12.90 12.92 12.92 12.91 12.92 12.93 12.89 12.88 12.88 12.88 12.89 12.89 12.89 12.90 12.90 12.91 12.90 12.90 12.89 12.90 12.91 12.90 12.90 12.89 12.89 12.90 12.90 12.90
12.86 12.86 12.86 12.86 12.86 12.85 12.85 12.86 12.86 12.85 12.84 12.84 12.84 12.84 12.87 12.87 12.87 12.87 12.87 12.87 12.87 12.87 12.87 12.87 12.87 12.89 12.88 12.88 12.89 12.89 12.88 12.89 12.90 12.89 12.88 12.88 12.89 12.90 12.89 12.88 12.89 12.88 12.88 12.89 12.88 12.88 12.88 12.88 12.88 12.88 12.88 12.88 12.89 12.89 12.89 12.88 12.87 12.87 12.87 12.86 12.87 12.87 12.88 12.89 12.89 12.89 12.88 12.87 12.87 12.88 12.88 12.88 12.88 12.89 12.89 12.88 12.88
12.84 12.84 12.84 12.84 12.83 12.83 12.83 12.82 12.82 12.82 12.82 12.83 12.83 12.85 12.85 12.85 12.85 12.86 12.86 12.86 12.86 12.85 12.85 12.86 12.85 12.86 12.86 12.87 12.86 12.87 12.87 12.89 12.88 12.86 12.85 12.86 12.86 12.86 12.86 12.85 12.87 12.86 12.86 12.86 12.87 12.86 12.86 12.87 12.87 12.88 12.87 12.86 12.86 12.86 12.86 12.86 12.85 12.85 12.85 12.85 12.85 12.86 12.87 12.86 12.87 12.87 12.86 12.86 12.86 12.85 12.84 12.85 12.85 12.85 12.85 12.85 12.85
12.81 12.81 12.80 12.80 12.80 12.80 12.82 12.82 12.80 12.81 12.79 12.79 12.80 12.83 12.83 12.83 12.84 12.84 12.84 12.84 12.84 12.84 12.83 12.83 12.84 12.84 12.84 12.83 12.83 12.84 12.84 12.84 12.84 12.84 12.83 12.83 12.83 12.85 12.83 12.83 12.84 12.84 12.84 12.84 12.86 12.86 12.86 12.86 12.85 12.85 12.85 12.84 12.84 12.85 12.85 12.84 12.82 12.84 12.83 12.84 12.83 12.82 12.84 12.83 12.84 12.83 12.83 12.83 12.84 12.84 12.83 12.84 12.83 12.84 12.83 12.84 12.84
12.79 12.78 12.79 12.78 12.78 12.77 12.78 12.80 12.80 12.79 12.77 12.77 12.81 12.81 12.80 12.80 12.81 12.81 12.81 12.84 12.81 12.80 12.79 12.79 12.80 12.80 12.80 12.80 12.80 12.81 12.82 12.81 12.81 12.82 12.81 12.80 12.81 12.81 12.81 12.82 12.83 12.85 12.83 12.82 12.81 12.83 12.81 12.82 12.82 12.82 12.81 12.81 12.81 12.80 12.81 12.80 12.81 12.80 12.80 12.81 12.81 12.81 12.81 12.81 12.81 12.81 12.81 12.81 12.81 12.81 12.82 12.82 12.82 12.82 12.82 12.82 12.80
12.75 12.77 12.76 12.76 12.75 12.75 12.74 12.75 12.76 12.77 12.77 12.79 12.79 12.78 12.78 12.78 12.78 12.78 12.80 12.81 12.79 12.78 12.77 12.77 12.77 12.77 12.78 12.78 12.78 12.79 12.79 12.79 12.79 12.79 12.79 12.79 12.79 12.79 12.79 12.81 12.80 12.82 12.82 12.79 12.79 12.80 12.78 12.79 12.78 12.78 12.77 12.77 12.79 12.79 12.78 12.78 12.80 12.81 12.79 12.79 12.79 12.79 12.79 12.80 12.79 12.79 12.79 12.78 12.78 12.78 12.79 12.79 12.79 12.81 12.81 12.79 12.78
12.74 12.74 12.74 12.74 12.73 12.72 12.72 12.72 12.72 12.73 12.77 12.76 12.76 12.76 12.76 12.76 12.78 12.79 12.80 12.77 12.77 12.76 12.76 12.75 12.75 12.75 12.76 12.76 12.75 12.77 12.76 12.76 12.76 12.77 12.77 12.77 12.78 12.79 12.79 12.76 12.77 12.77 12.78 12.77 12.76 12.77 12.78 12.77 12.76 12.76 12.76 12.76 12.77 12.77 12.77 12.77 12.77 12.77 12.77 12.78 12.78 12.77 12.78 12.77 12.77 12.76 12.76 12.77 12.76 12.76 12.76 12.77 12.77 12.78 12.77 12.77 12.76
12.73 12.72 12.71 12.70 12.70 12.70 12.70 12.70 12.71 12.72 12.74 12.74 12.74 12.74 12.74 12.74 12.76 12.75 12.74 12.75 12.74 12.75 12.74 12.74 12.73 12.73 12.73 12.74 12.74 12.74 12.75 12.75 12.73 12.74 12.74 12.75 12.76 12.74 12.74 12.75 12.74 12.74 12.74 12.74 12.74 12.74 12.75 12.75 12.75 12.74 12.74 12.74 12.75 12.76 12.76 12.74 12.75 12.75 12.75 12.73 12.73 12.73 12.74 12.74 12.76 12.74 12.74 12.75 12.73 12.73 12.73 12.73 12.73 12.72 12.74 12.74 12.72
12.70 12.70 12.69 12.68 12.68 12.68 12.68 12.68 12.68 12.71 12.71 12.71 12.71 12.71 12.72 12.72 12.72 12.74 12.75 12.74 12.74 12.72 12.72 12.72 12.72 12.72 12.71 12.71 12.71 12.71 12.71 12.71 12.71 12.71 12.71 12.72 12.72 12.71 12.71 12.72 12.72 12.71 12.71 12.72 12.72 12.71 12.73 12.73 12.74 12.74 12.73 12.71 12.71 12.73 12.73 12.73 12.74 12.73 12.72 12.72 12.70 12.70 12.70 12.71 12.72 12.73 12.72 12.72 12.71 12.70 12.70 12.70 12.70 12.70 12.72 12.71 12.70
12.69 12.69 12.68 12.68 12.67 12.66 12.66 12.65 12.68 12.68 12.69 12.69 12.70 12.70 12.70 12.70 12.70 12.71 12.71 12.70 12.69 12.68 12.68 12.68 12.68 12.69 12.69 12.68 12.68 12.69 12.69 12.69 12.68 12.69 12.69 12.69 12.70 12.69 12.69 12.70 12.70 12.71 12.69 12.69 12.70 12.69 12.69 12.69 12.71 12.73 12.73 12.72 12.72 12.72 12.72 12.72 12.73 12.71 12.70 12.71 12.71 12.69 12.69 12.69 12.70 12.71 12.71 12.69 12.68 12.67 12.66 12.68 12.69 12.69 12.68 12.69 12.68
12.69 12.68 12.67 12.66 12.66 12.65 12.64 12.64 12.66 12.66 12.67 12.67 12.67 12.67 12.66 12.66 12.67 12.67 12.67 12.67 12.67 12.66 12.67 12.66 12.66 12.66 12.66 12.66 12.66 12.66 12.66 12.66 12.67 12.68 12.69 12.67 12.67 12.67 12.67 12.67 12.68 12.68 12.67 12.69 12.67 12.67 12.67 12.67 12.67 12.69 12.70 12.71 12.70 12.70 12.71 12.70 12.71 12.70 12.70 12.69 12.69 12.66 12.66 12.66 12.66 12.68 12.68 12.67 12.66 12.65 12.66 12.66 12.66 12.65 12.66 12.66 12.66
12.67 12.66 12.66 12.66 12.66 12.65 12.64 12.66 12.64 12.64 12.64 12.63 12.63 12.64 12.64 12.65 12.65 12.65 12.65 12.65 12.65 12.65 12.65 12.65 12.65 12.64 12.64 12.64 12.64 12.64 12.64 12.65 12.66 12.66 12.65 12.65 12.65 12.65 12.65 12.64 12.65 12.65 12.64 12.64 12.63 12.65 12.66 12.66 12.66 12.67 12.68 12.66 12.66 12.68 12.67 12.68 12.69 12.69 12.69 12.68 12.69 12.67 12.63 12.64 12.64 12.65 12.65 12.65 12.65 12.65 12.65 12.64 12.64 12.63 12.64 12.63 12.61
12.65 12.65 12.65 12.63 12.62 12.61 12.63 12.63 12.63 12.62 12.62 12.61 12.61 12.61 12.61 12.62 12.62 12.62 12.62 12.63 12.63 12.62 12.62 12.62 12.62 12.61 12.61 12.62 12.62 12.62 12.61 12.62 12.62 12.62 12.62 12.62 12.62 12.62 12.62 12.62 12.62 12.62 12.62 12.61 12.61 12.62 12.64 12.64 12.65 12.65 12.65 12.63 12.63 12.65 12.64 12.65 12.64 12.65 12.65 12.64 12.63 12.64 12.64 12.61 12.61 12.62 12.63 12.62 12.61 12.61 12.61 12.61 12.61 12.60 12.59 12.59 12.59
12.62 12.61 12.61 12.61 12.60 12.62 12.63 12.62 12.61 12.61 12.62 12.61 12.60 12.59 12.59 12.59 12.60 12.60 12.60 12.60 12.60 12.61 12.61 12.60 12.60 12.60 12.59 12.59 12.60 12.59 12.60 12.61 12.61 12.60 12.60 12.60 12.60 12.60 12.60 12.60 12.60 12.60 12.60 12.60 12.59 12.59 12.60 12.61 12.62 12.62 12.61 12.61 12.61 12.61 12.62 12.61 12.60 12.62 12.62 12.62 12.61 12.62 12.63 12.59 12.58 12.58 12.59 12.59 12.59 12.59 12.58 12.60 12.60 12.59 12.58 12.58 12.57
