main/data/irradiance/15.07.2023.grid
ncols 839
nrows 679
xllcenter 112.0500
yllcenter -43.9500
cellsize 0.0500
nodata_value 99999.90
[rows 578 to 611 of 679, columns 616 to 692 of 839]
5.22 5.22 5.50 5.50 5.85 5.85 5.85 5.85 5.85 5.73 5.32 5.20 5.20 5.20 4.93 5.04 5.04 5.04 5.04 5.15 5.56 5.56 5.39 5.39 5.39 5.39 5.39 5.01 5.01 4.45 4.85 4.85 4.85 4.85 3.68 3.68 3.68 3.68 3.68 3.68 3.68 3.68 3.50 3.48 3.48 3.48 3.48 3.48 3.49 3.52 3.52 3.52 3.52 3.52 3.52 3.52 4.32 4.32 4.32 4.32 4.94 4.94 4.94 4.94 4.94 4.93 4.93 5.04 5.04 4.80 4.64 5.58 5.65 5.65 5.65 5.65 5.65
5.22 5.22 5.50 5.85 5.85 5.85 5.85 5.85 5.85 5.73 5.32 5.20 5.20 5.20 4.93 5.04 5.04 5.04 5.04 5.04 5.56 5.56 5.56 5.39 5.39 5.39 5.39 5.39 5.01 5.01 4.45 4.45 4.65 4.65 99999.90 99999.90 99999.90 3.48 3.48 3.48 3.48 3.48 3.48 3.48 3.48 3.48 3.48 3.48 3.52 3.52 3.52 3.52 3.52 3.52 3.52 3.52 4.32 4.32 4.32 4.94 4.94 4.94 4.94 4.94 4.94 4.93 5.04 4.98 4.98 4.98 4.78 5.71 5.71 6.87 6.87 6.87 6.87
5.22 5.50 5.85 5.85 5.85 5.85 5.85 5.85 5.85 5.73 5.20 5.20 5.20 5.20 4.93 5.04 5.04 5.04 5.04 5.04 5.04 5.56 5.56 5.39 5.39 5.39 5.39 5.39 5.39 5.01 5.01 4.45 4.45 99999.90 99999.90 99999.90 99999.90 99999.90 99999.90 99999.90 99999.90 99999.90 99999.90 3.77 3.77 3.59 3.59 3.52 3.52 3.52 3.52 3.52 3.52 3.52 3.52 4.32 4.32 4.32 4.94 4.94 4.94 4.94 4.94 4.94 4.94 4.98 4.98 4.98 4.98 4.98 4.66 5.61 6.87 6.87 6.87 6.87 6.87
5.22 5.50 5.85 5.85 5.85 5.85 5.85 5.85 5.85 5.73 5.20 5.20 5.20 5.20 4.93 5.04 5.04 5.04 5.04 5.04 5.04 5.04 5.56 5.56 5.39 5.39 5.39 5.39 5.39 5.39 5.01 5.01 99999.90 99999.90 99999.90 99999.90 99999.90 99999.90 99999.90 99999.90 99999.90 99999.90 99999.90 99999.90 3.59 3.59 3.52 3.52 3.52 3.52 3.52 3.52 3.52 3.52 3.52 4.32 4.32 4.94 4.94 4.94 4.94 4.94 4.94 4.94 4.94 4.98 4.98 4.98 4.33 4.33 4.33 5.08 6.87 6.87 6.87 6.87 6.87
5.50 5.85 5.85 5.85 5.85 5.85 5.85 5.85 5.85 5.73 5.20 5.20 5.20 5.20 4.93 5.04 5.04 5.04 5.04 5.04 5.04 5.04 5.56 7.62 7.34 7.34 7.34 7.34 7.34 7.34 7.34 7.34 7.34 7.34 7.34 99999.90 99999.90 99999.90 99999.90 99999.90 99999.90 99999.90 99999.90 99999.90 99999.90 3.52 3.52 3.52 3.52 3.52 3.52 3.52 3.52 3.52 4.32 4.32 4.94 4.94 4.94 4.94 4.94 4.94 4.94 4.94 4.98 4.98 4.33 4.33 4.33 4.33 4.33 5.08 5.08 6.87 6.87 6.87 6.87
5.85 5.85 5.85 5.85 5.85 5.85 5.85 5.85 5.85 5.20 5.20 5.20 5.20 5.20 4.93 5.04 5.04 5.04 5.04 5.04 5.04 7.62 7.62 7.62 7.34 7.34 7.34 7.34 7.34 7.34 7.34 7.34 7.34 7.34 7.34 99999.90 99999.90 99999.90 99999.90 99999.90 99999.90 99999.90 99999.90 99999.90 99999.90 99999.90 99999.90 99999.90 99999.90 99999.90 3.78 4.32 4.32 4.32 4.32 4.94 4.94 4.94 4.94 4.94 4.94 4.94 4.94 4.94 4.33 4.33 4.33 4.33 4.33 4.33 4.33 5.08 5.08 5.08 6.87 6.87 6.87
5.85 5.85 5.85 5.85 5.85 5.85 5.85 5.85 5.85 5.20 5.20 5.20 5.20 5.20 4.93 5.04 5.04 5.04 7.62 7.62 7.62 7.62 7.62 7.62 7.34 7.34 7.34 7.34 7.34 7.34 7.34 7.34 7.34 7.34 7.34 99999.90 99999.90 99999.90 99999.90 99999.90 99999.90 99999.90 99999.90 99999.90 99999.90 99999.90 99999.90 99999.90 99999.90 99999.90 99999.90 4.32 4.32 4.32 4.94 4.94 4.94 4.94 4.94 4.94 4.94 4.94 4.94 4.33 4.33 4.33 4.33 4.33 4.33 4.33 4.33 5.08 5.08 5.08 5.08 6.87 6.87
99999.90 99999.90 99999.90 5.20 5.20 5.20 5.20 5.20 5.20 5.20 5.20 5.20 5.20 5.20 4.93 5.04 7.62 7.62 7.62 7.62 7.62 7.62 7.62 7.62 7.34 7.34 7.34 7.34 7.34 7.34 7.34 7.34 7.34 7.34 7.34 99999.90 99999.90 99999.90 99999.90 99999.90 99999.90 99999.90 99999.90 99999.90 99999.90 99999.90 99999.90 99999.90 99999.90 99999.90 99999.90 4.32 4.32 4.94 4.94 4.94 4.94 4.94 4.94 4.94 4.94 4.94 4.33 4.33 4.33 4.33 4.33 4.33 4.33 4.33 4.33 5.08 5.08 5.08 5.08 5.08 6.87
99999.90 99999.90 99999.90 99999.90 99999.90 99999.90 99999.90 99999.90 99999.90 99999.90 99999.90 7.94 7.94 7.94 7.76 7.76 7.62 7.62 7.62 7.62 7.62 7.62 7.62 7.62 7.34 7.34 7.34 7.34 7.34 7.34 7.34 7.34 7.34 7.34 7.34 99999.90 99999.90 99999.90 99999.90 99999.90 99999.90 99999.90 99999.90 99999.90 99999.90 99999.90 99999.90 99999.90 99999.90 99999.90 99999.90 99999.90 4.94 4.94 4.94 4.94 4.94 4.94 4.94 4.94 4.94 4.94 4.33 4.33 4.33 4.33 4.33 4.33 4.33 4.33 4.33 5.08 5.08 5.08 5.08 5.08 5.08
99999.90 99999.90 99999.90 99999.90 99999.90 99999.90 99999.90 99999.90 99999.90 99999.90 7.96 7.94 7.94 7.94 7.94 7.76 7.76 7.62 7.62 7.62 7.62 7.62 7.62 7.62 7.34 7.34 7.34 7.34 7.34 7.34 7.34 7.34 7.34 7.34 7.34 99999.90 99999.90 99999.90 99999.90 99999.90 99999.90 99999.90 99999.90 99999.90 99999.90 99999.90 99999.90 99999.90 99999.90 99999.90 99999.90 99999.90 99999.90 99999.90 99999.90 99999.90 99999.90 99999.90 5.04 4.98 4.33 4.33 4.33 4.33 4.33 4.33 4.33 4.33 4.33 4.33 4.33 5.08 5.08 5.08 5.08 5.08 5.08
99999.90 99999.90 99999.90 99999.90 99999.90 99999.90 99999.90 99999.90 99999.90 99999.90 7.96 7.94 7.94 7.94 7.94 7.94 7.76 7.76 7.62 7.62 7.62 7.62 7.62 7.62 7.34 7.34 7.34 7.34 7.34 7.34 7.34 7.34 7.34 7.34 7.34 8.20 99999.90 99999.90 99999.90 99999.90 99999.90 99999.90 99999.90 99999.90 99999.90 99999.90 99999.90 99999.90 99999.90 99999.90 99999.90 99999.90 99999.90 99999.90 99999.90 99999.90 99999.90 99999.90 99999.90 4.98 4.33 4.33 4.33 4.33 4.33 4.33 4.33 4.33 4.33 4.33 4.33 5.08 5.08 5.08 5.08 5.08 5.08
99999.90 99999.90 99999.90 99999.90 99999.90 99999.90 99999.90 99999.90 99999.90 99999.90 7.96 7.94 7.94 7.94 7.94 7.94 7.94 7.76 7.76 7.62 7.62 7.62 7.62 7.62 7.34 7.34 7.34 7.34 7.34 7.34 7.34 7.34 7.34 7.34 7.34 8.20 99999.90 99999.90 99999.90 99999.90 99999.90 99999.90 99999.90 99999.90 99999.90 99999.90 99999.90 99999.90 99999.90 99999.90 99999.90 99999.90 99999.90 99999.90 99999.90 99999.90 99999.90 99999.90 99999.90 4.98 4.33 4.33 4.33 4.33 4.33 4.33 4.33 4.33 4.33 4.33 4.33 5.08 5.08 5.08 5.08 5.08 5.08
99999.90 99999.90 99999.90 99999.90 99999.90 99999.90 99999.90 99999.90 99999.90 99999.90 7.96 7.94 7.94 7.94 7.94 7.94 7.94 7.94 7.76 7.76 7.62 7.62 7.62 7.62 7.34 7.34 7.34 7.34 7.34 7.34 7.34 7.34 7.34 7.34 7.34 8.20 99999.90 99999.90 99999.90 99999.90 99999.90 99999.90 99999.90 99999.90 99999.90 99999.90 99999.90 99999.90 99999.90 99999.90 99999.90 99999.90 99999.90 99999.90 99999.90 99999.90 99999.90 99999.90 99999.90 99999.90 4.33 4.33 4.33 4.33 4.33 4.33 4.33 4.33 4.33 4.33 4.33 5.08 5.08 5.08 5.08 5.08 5.08
99999.90 99999.90 99999.90 99999.90 99999.90 99999.90 99999.90 99999.90 99999.90 99999.90 7.96 7.94 7.94 7.94 7.94 7.94 7.94 7.94 7.94 7.76 7.76 7.62 7.62 7.62 7.34 7.34 7.34 7.34 7.34 7.34 7.34 7.34 7.34 7.34 7.34 8.20 99999.90 99999.90 99999.90 99999.90 99999.90 99999.90 99999.90 99999.90 99999.90 99999.90 99999.90 99999.90 99999.90 99999.90 99999.90 99999.90 99999.90 99999.90 99999.90 99999.90 99999.90 99999.90 99999.90 99999.90 4.33 4.33 4.33 4.33 4.33 4.33 4.33 4.33 4.33 4.33 4.33 5.08 5.08 5.08 5.08 5.08 5.08
99999.90 99999.90 99999.90 99999.90 99999.90 99999.90 99999.90 99999.90 99999.90 99999.90 7.96 7.94 7.94 7.94 7.94 7.94 7.94 7.94 7.94 7.94 7.76 7.76 7.62 7.62 7.34 7.34 7.34 7.34 7.34 7.34 7.34 7.34 7.34 7.34 7.34 8.20 99999.90 99999.90 99999.90 99999.90 99999.90 99999.90 99999.90 99999.90 99999.90 99999.90 99999.90 99999.90 99999.90 99999.90 99999.90 99999.90 99999.90 99999.90 99999.90 99999.90 99999.90 99999.90 99999.90 99999.90 99999.90 99999.90 99999.90 99999.90 99999.90 99999.90 99999.90 99999.90 99999.90 99999.90 99999.90 99999.90 99999.90 99999.90 99999.90 99999.90 99999.90
99999.90 99999.90 99999.90 99999.90 99999.90 99999.90 99999.90 99999.90 99999.90 99999.90 7.96 7.96 7.96 7.94 7.94 7.94 7.94 7.94 7.94 7.94 7.94 7.76 7.76 7.42 7.64 7.64 7.64 7.64 7.64 7.64 7.64 7.64 7.64 7.64 7.64 8.20 99999.90 99999.90 99999.90 99999.90 99999.90 99999.90 99999.90 99999.90 99999.90 99999.90 99999.90 99999.90 99999.90 99999.90 99999.90 99999.90 99999.90 99999.90 99999.90 99999.90 99999.90 99999.90 99999.90 99999.90 99999.90 99999.90 99999.90 99999.90 99999.90 99999.90 99999.90 99999.90 99999.90 99999.90 99999.90 99999.90 99999.90 99999.90 99999.90 99999.90 99999.90
99999.90 99999.90 99999.90 99999.90 99999.90 99999.90 99999.90 99999.90 99999.90 99999.90 7.96 7.96 7.96 7.96 7.96 7.96 7.94 7.94 7.94 7.94 7.94 7.94 7.94 8.06 7.91 7.91 7.91 7.91 7.91 7.91 7.91 7.91 7.91 8.20 8.20 8.20 99999.90 99999.90 99999.90 99999.90 99999.90 99999.90 99999.90 99999.90 99999.90 99999.90 99999.90 99999.90 99999.90 99999.90 99999.90 99999.90 99999.90 99999.90 99999.90 99999.90 99999.90 99999.90 99999.90 99999.90 99999.90 99999.90 99999.90 99999.90 99999.90 99999.90 99999.90 99999.90 99999.90 99999.90 99999.90 99999.90 99999.90 99999.90 99999.90 99999.90 99999.90
99999.90 99999.90 99999.90 99999.90 99999.90 99999.90 99999.90 99999.90 99999.90 99999.90 7.96 7.96 7.96 7.96 7.96 7.96 7.96 7.96 7.96 7.72 7.72 7.72 8.06 8.20 8.11 8.11 8.11 8.11 8.11 8.11 8.20 8.20 8.20 8.20 8.20 8.20 99999.90 99999.90 99999.90 99999.90 99999.90 99999.90 99999.90 99999.90 99999.90 99999.90 99999.90 99999.90 99999.90 99999.90 99999.90 99999.90 99999.90 99999.90 99999.90 99999.90 99999.90 99999.90 99999.90 99999.90 99999.90 99999.90 99999.90 99999.90 99999.90 99999.90 99999.90 99999.90 99999.90 99999.90 99999.90 99999.90 99999.90 99999.90 99999.90 99999.90 99999.90
99999.90 99999.90 99999.90 99999.90 99999.90 99999.90 99999.90 99999.90 99999.90 99999.90 7.96 7.96 7.96 7.96 7.96 7.96 7.96 7.96 7.96 7.96 7.98 7.98 8.17 8.27 8.16 8.16 8.16 8.20 8.20 8.20 8.20 8.20 8.20 8.20 8.20 8.20 99999.90 99999.90 99999.90 99999.90 99999.90 99999.90 99999.90 99999.90 99999.90 99999.90 99999.90 99999.90 99999.90 99999.90 99999.90 99999.90 99999.90 99999.90 99999.90 99999.90 99999.90 99999.90 99999.90 99999.90 99999.90 99999.90 99999.90 99999.90 99999.90 99999.90 99999.90 99999.90 99999.90 99999.90 99999.90 99999.90 99999.90 99999.90 99999.90 99999.90 99999.90
99999.90 99999.90 99999.90 99999.90 99999.90 99999.90 99999.90 99999.90 99999.90 99999.90 7.96 7.96 7.96 7.96 7.96 7.96 7.96 7.96 7.96 7.96 7.96 7.90 8.30 8.27 7.90 7.90 8.20 8.20 8.20 8.20 8.20 8.20 8.20 8.20 8.20 8.20 99999.90 99999.90 99999.90 99999.90 99999.90 99999.90 99999.90 99999.90 99999.90 99999.90 99999.90 99999.90 99999.90 99999.90 99999.90 99999.90 99999.90 99999.90 99999.90 99999.90 99999.90 99999.90 99999.90 99999.90 99999.90 99999.90 99999.90 99999.90 99999.90 99999.90 99999.90 99999.90 99999.90 99999.90 99999.90 99999.90 99999.90 99999.90 99999.90 99999.90 99999.90
99999.90 99999.90 99999.90 99999.90 99999.90 99999.90 99999.90 99999.90 99999.90 99999.90 7.96 7.96 7.96 7.96 7.96 7.96 7.96 7.96 7.96 7.96 7.96 8.03 8.41 8.06 7.75 8.20 8.20 8.20 8.20 8.20 8.20 8.20 8.20 8.20 8.20 8.20 7.03 7.03 7.03 7.03 7.03 7.03 7.03 7.03 7.03 7.03 7.03 7.03 7.03 7.03 7.03 7.03 99999.90 99999.90 99999.90 99999.90 99999.90 99999.90 99999.90 99999.90 99999.90 99999.90 99999.90 99999.90 99999.90 99999.90 99999.90 99999.90 99999.90 99999.90 99999.90 99999.90 99999.90 99999.90 99999.90 99999.90 99999.90
99999.90 99999.90 99999.90 99999.90 99999.90 99999.90 99999.90 99999.90 99999.90 99999.90 7.96 7.96 7.96 7.96 7.96 7.96 7.96 7.96 7.96 8.20 8.20 8.20 8.19 7.91 7.58 7.69 7.69 7.69 7.69 7.69 7.69 7.69 7.69 7.69 7.69 7.69 7.34 7.03 7.03 7.03 7.03 7.03 7.03 7.03 7.03 7.03 7.03 7.03 7.03 7.03 7.03 7.03 99999.90 99999.90 99999.90 99999.90 99999.90 99999.90 99999.90 99999.90 99999.90 99999.90 99999.90 99999.90 99999.90 99999.90 99999.90 99999.90 99999.90 99999.90 99999.90 99999.90 99999.90 99999.90 99999.90 99999.90 99999.90
99999.90 99999.90 99999.90 99999.90 99999.90 99999.90 99999.90 99999.90 99999.90 99999.90 7.96 7.96 7.96 7.96 7.96 7.96 7.96 8.53 8.53 8.53 8.53 8.53 8.70 8.41 7.58 7.69 7.69 7.69 7.69 7.69 7.69 7.69 7.69 7.69 7.69 7.34 7.34 7.03 7.03 7.03 7.03 7.03 7.03 7.03 7.03 7.03 7.03 7.03 7.03 7.03 7.03 7.03 99999.90 99999.90 99999.90 99999.90 99999.90 99999.90 99999.90 99999.90 99999.90 99999.90 99999.90 99999.90 99999.90 99999.90 99999.90 99999.90 99999.90 99999.90 99999.90 99999.90 99999.90 99999.90 99999.90 99999.90 99999.90
99999.90 99999.90 99999.90 99999.90 99999.90 99999.90 99999.90 99999.90 99999.90 99999.90 7.96 7.96 7.96 7.94 7.94 7.94 7.94 7.94 7.94 7.94 7.94 7.94 8.31 8.41 8.41 7.69 7.69 7.69 7.69 7.69 7.69 7.69 7.69 7.69 7.34 7.34 7.34 7.03 7.03 7.03 7.03 7.03 7.03 7.03 7.03 7.03 7.03 7.03 7.03 7.03 7.03 7.03 99999.90 99999.90 99999.90 99999.90 99999.90 99999.90 99999.90 99999.90 99999.90 99999.90 99999.90 99999.90 99999.90 99999.90 99999.90 99999.90 99999.90 99999.90 99999.90 99999.90 99999.90 99999.90 99999.90 99999.90 99999.90
99999.90 99999.90 99999.90 99999.90 99999.90 99999.90 99999.90 99999.90 99999.90 99999.90 7.96 7.94 7.94 7.94 7.94 7.94 7.94 7.94 7.94 7.94 7.94 7.94 8.31 8.31 8.41 8.41 7.69 7.69 7.69 7.69 7.69 7.69 7.69 7.69 7.34 7.34 7.34 7.34 7.03 7.03 7.03 7.03 7.03 7.03 7.03 7.03 7.03 7.03 7.03 7.03 7.03 7.03 99999.90 99999.90 99999.90 99999.90 99999.90 99999.90 99999.90 99999.90 99999.90 99999.90 99999.90 99999.90 99999.90 99999.90 99999.90 99999.90 99999.90 99999.90 99999.90 99999.90 99999.90 99999.90 99999.90 99999.90 99999.90
99999.90 99999.90 99999.90 99999.90 99999.90 99999.90 99999.90 99999.90 99999.90 99999.90 7.96 7.94 7.94 7.94 7.94 7.94 7.94 7.94 7.94 7.94 7.94 7.94 8.31 8.31 8.31 8.41 7.69 7.69 7.69 7.69 7.69 7.69 7.69 7.34 7.34 7.34 7.34 7.34 7.03 7.03 7.03 7.03 7.03 7.03 7.03 7.03 7.03 7.03 7.03 7.03 7.03 7.03 99999.90 99999.90 99999.90 99999.90 99999.90 99999.90 99999.90 99999.90 99999.90 99999.90 99999.90 99999.90 99999.90 99999.90 99999.90 99999.90 99999.90 99999.90 99999.90 99999.90 99999.90 99999.90 99999.90 99999.90 99999.90
99999.90 99999.90 99999.90 99999.90 99999.90 99999.90 99999.90 99999.90 99999.90 99999.90 7.96 7.94 7.94 7.94 7.94 7.94 7.94 7.94 7.94 7.94 7.94 7.94 8.31 8.31 8.31 8.31 8.41 7.69 7.69 7.69 7.69 7.69 7.34 7.34 7.34 7.34 7.34 7.34 7.03 7.03 7.03 7.03 7.03 7.03 7.03 7.03 7.03 7.03 7.03 7.03 7.03 7.03 99999.90 99999.90 99999.90 99999.90 99999.90 99999.90 99999.90 99999.90 99999.90 99999.90 99999.90 99999.90 99999.90 99999.90 99999.90 99999.90 99999.90 99999.90 99999.90 99999.90 99999.90 99999.90 99999.90 99999.90 99999.90
99999.90 99999.90 99999.90 99999.90 99999.90 99999.90 99999.90 99999.90 99999.90 99999.90 7.96 7.94 7.94 7.94 7.94 7.94 7.94 7.94 7.94 7.94 7.94 7.94 8.31 8.31 8.31 8.31 8.31 7.69 7.69 7.69 7.69 7.34 7.34 7.34 7.34 7.34 7.34 7.34 7.34 7.03 7.03 7.03 7.03 7.03 7.03 7.03 7.03 7.03 7.03 7.03 7.03 7.03 7.47 7.47 99999.90 99999.90 99999.90 99999.90 99999.90 99999.90 99999.90 99999.90 99999.90 99999.90 99999.90 99999.90 99999.90 99999.90 99999.90 99999.90 99999.90 99999.90 99999.90 99999.90 99999.90 99999.90 99999.90
99999.90 99999.90 99999.90 99999.90 99999.90 99999.90 99999.90 99999.90 99999.90 99999.90 7.96 7.94 7.94 7.94 7.94 7.94 7.94 7.94 7.94 7.94 7.94 7.94 8.31 8.31 8.31 8.31 8.31 8.31 7.69 7.69 7.34 7.34 7.34 7.34 7.34 7.34 7.34 7.34 7.34 7.03 7.03 7.03 7.03 7.03 7.03 7.03 7.03 7.03 7.03 7.03 7.03 7.03 7.71 7.71 7.71 7.71 7.71 7.71 7.71 7.71 99999.90 99999.90 99999.90 99999.90 99999.90 99999.90 99999.90 99999.90 99999.90 99999.90 99999.90 99999.90 99999.90 99999.90 99999.90 99999.90 99999.90
99999.90 99999.90 99999.90 99999.90 99999.90 99999.90 99999.90 99999.90 99999.90 99999.90 7.96 7.94 7.94 7.94 7.94 7.94 7.94 7.94 7.94 7.94 7.94 7.94 8.31 8.31 8.31 8.31 8.31 8.31 8.31 7.69 7.34 7.34 7.34 7.34 7.34 7.34 7.34 7.34 7.34 7.03 7.03 7.03 7.03 7.03 7.03 7.03 7.03 7.03 7.03 7.03 7.03 7.71 7.71 7.71 7.96 7.96 7.96 7.96 7.96 7.96 7.96 7.96 7.96 7.96 99999.90 99999.90 99999.90 99999.90 99999.90 99999.90 99999.90 99999.90 99999.90 99999.90 99999.90 99999.90 99999.90
99999.90 99999.90 99999.90 99999.90 99999.90 99999.90 99999.90 99999.90 99999.90 99999.90 99999.90 7.94 7.94 7.94 7.94 7.94 7.94 7.94 7.94 7.94 7.94 7.94 8.31 8.31 8.31 8.31 8.31 8.31 8.31 7.34 7.34 7.34 7.34 7.34 7.34 7.34 7.34 7.34 7.34 7.34 7.03 7.03 7.03 7.03 7.03 7.03 7.03 7.03 7.03 7.03 7.71 7.71 7.71 7.71 7.96 7.96 7.96 7.96 7.96 7.74 7.74 7.74 7.74 7.74 7.74 7.74 99999.90 99999.90 99999.90 99999.90 99999.90 99999.90 99999.90 99999.90 99999.90 99999.90 99999.90
99999.90 99999.90 99999.90 99999.90 99999.90 99999.90 99999.90 99999.90 99999.90 99999.90 99999.90 7.94 7.94 7.94 7.94 7.94 7.94 7.94 7.94 7.94 7.94 7.94 8.31 8.31 8.31 8.31 8.31 8.31 7.31 7.31 7.34 7.34 7.34 7.34 7.34 7.34 7.34 7.34 7.34 7.34 7.03 7.03 7.03 7.03 7.03 7.03 7.03 7.03 7.52 7.71 7.71 7.71 7.71 7.96 7.96 7.96 7.96 7.96 7.96 7.74 7.74 7.94 7.94 7.94 7.94 7.94 7.94 7.94 99999.90 99999.90 99999.90 99999.90 99999.90 99999.90 99999.90 99999.90 99999.90
99999.90 99999.90 99999.90 99999.90 99999.90 99999.90 99999.90 99999.90 99999.90 99999.90 99999.90 7.94 7.94 7.94 7.94 7.94 7.94 7.94 7.94 7.94 7.94 7.94 8.31 8.31 8.31 8.31 8.31 8.31 7.31 7.31 7.31 7.31 7.31 7.31 7.34 7.34 7.34 7.34 7.34 7.34 7.03 7.03 7.03 7.03 7.03 7.03 7.03 7.71 7.52 7.71 7.71 7.71 7.71 7.96 7.96 7.96 7.96 7.96 7.74 7.74 7.74 7.94 7.94 7.23 7.23 7.23 7.23 7.23 7.23 7.23 99999.90 7.07 7.07 7.07 7.07 7.07 7.07
99999.90 99999.90 99999.90 99999.90 99999.90 99999.90 99999.90 99999.90 99999.90 99999.90 99999.90 7.94 7.94 7.94 7.94 7.94 7.94 7.94 7.94 7.94 7.94 7.94 8.31 8.31 8.31 8.31 8.31 7.31 7.31 7.31 7.31 7.31 7.31 7.31 7.31 7.31 7.31 7.31 7.34 7.34 7.74 7.74 7.74 7.74 7.74 7.74 7.47 7.71 7.52 7.71 7.71 7.71 7.71 7.96 7.96 7.96 7.96 7.96 7.74 7.74 7.94 7.94 7.94 7.23 7.45 7.45 7.45 7.45 7.45 7.45 7.45 7.79 7.79 7.79 7.79 7.79 7.79
