main/data/irradiance/15.06.2023.grid
ncols 839
nrows 679
xllcenter 112.0500
yllcenter -43.9500
cellsize 0.0500
nodata_value 99999.90
[rows 238 to 271 of 679, columns 77 to 153 of 839]
15.06 15.17 15.13 15.13 15.04 15.36 15.57 15.40 15.28 15.13 15.01 14.97 14.68 14.92 14.90 14.55 14.30 14.56 14.67 14.46 14.85 14.86 14.80 15.06 14.51 14.81 15.29 14.80 15.18 15.52 15.34 15.12 15.09 15.43 15.08 14.45 14.78 14.79 14.95 14.34 14.54 14.77 15.11 14.70 14.49 15.00 15.49 15.49 15.62 15.87 15.87 15.82 15.72 15.98 15.77 15.21 15.54 16.00 15.29 14.87 15.20 15.75 16.14 15.89 15.91 15.70 15.52 15.38 15.65 15.99 16.09 16.03 15.86 15.80 15.14 15.26 15.39
15.20 15.09 15.00 14.85 14.77 14.99 15.40 15.35 15.34 14.97 15.08 15.40 15.11 15.04 14.91 14.61 14.48 14.69 14.84 14.71 14.75 15.12 15.16 15.18 15.11 14.82 15.36 15.27 14.87 15.31 15.52 15.27 14.81 15.34 15.48 15.10 15.21 15.22 15.29 14.83 14.69 14.85 15.06 15.21 14.95 15.46 15.77 15.82 15.53 15.67 15.77 15.86 15.86 15.62 15.71 15.88 15.42 15.55 15.87 15.45 15.10 15.58 15.93 15.91 15.72 15.62 15.98 16.04 15.84 15.71 15.92 15.87 15.92 15.70 15.13 15.04 15.10
15.30 15.06 15.11 14.84 14.84 15.07 15.45 15.37 15.10 14.93 14.98 15.10 15.04 15.24 15.03 14.76 14.66 14.77 14.81 14.60 14.83 15.13 14.98 15.08 14.89 14.66 14.86 15.54 15.15 14.88 15.15 15.26 15.04 15.00 15.56 15.37 15.33 15.41 15.56 15.03 15.30 15.33 15.59 15.26 15.05 15.36 15.71 15.54 15.47 15.81 15.75 15.76 16.04 15.84 15.44 15.68 15.69 15.01 15.57 15.79 14.75 15.06 15.48 15.63 15.18 15.44 15.37 15.29 15.08 15.52 15.65 15.74 15.54 15.64 15.32 15.45 14.76
15.39 15.20 15.31 14.94 15.04 15.42 15.60 15.54 15.17 14.90 14.87 14.97 15.02 14.84 14.55 14.89 15.05 14.88 14.83 14.79 14.65 15.07 14.86 14.95 14.87 14.84 14.77 14.96 15.12 14.95 14.89 15.17 15.20 15.44 15.57 15.40 15.24 15.61 15.68 15.44 15.53 15.50 15.67 15.57 15.13 15.34 15.76 15.41 15.67 15.74 15.62 15.61 16.06 16.05 15.77 15.69 15.59 15.48 15.28 15.60 15.27 14.94 15.40 15.61 15.64 15.39 14.60 14.79 15.46 15.72 15.79 15.50 15.14 15.23 15.51 15.49 14.95
15.56 15.58 15.48 15.11 15.18 15.46 15.63 15.59 15.38 14.92 14.91 15.23 15.23 15.10 14.86 14.70 14.85 15.26 15.25 15.09 15.05 14.81 14.68 14.65 14.91 15.13 15.19 14.92 15.52 15.24 15.22 15.04 14.97 15.32 15.56 15.55 15.20 15.41 15.70 15.85 15.60 15.75 15.65 15.65 15.48 15.49 15.13 15.42 15.54 15.66 15.48 15.81 16.09 15.99 16.01 15.84 15.90 15.33 15.33 15.50 15.72 15.42 15.75 15.65 15.39 15.52 14.73 14.79 14.79 15.26 15.58 15.74 15.65 15.45 15.35 15.61 15.45
15.82 15.85 15.48 15.18 15.22 15.41 15.58 15.41 15.26 15.01 14.95 15.31 15.59 15.22 15.15 15.28 14.90 14.91 15.02 15.29 15.30 15.05 14.74 14.88 15.04 15.17 15.28 15.22 15.64 15.63 15.37 15.50 15.39 15.23 15.43 15.49 15.29 15.20 15.23 15.62 15.72 15.87 16.00 15.94 15.69 15.78 15.40 15.44 15.75 15.59 15.72 15.90 15.93 15.91 16.02 16.06 15.88 15.72 15.75 15.59 15.63 15.37 15.58 15.44 15.13 15.41 15.21 14.51 14.56 15.20 15.23 15.66 15.86 15.91 15.52 15.53 15.74
15.94 15.82 15.80 15.52 15.46 15.62 15.60 15.70 15.36 15.29 15.10 15.34 15.40 15.34 15.14 15.47 15.27 15.06 14.94 15.02 15.23 14.89 14.82 15.39 15.29 15.21 15.26 15.33 15.65 15.55 15.42 15.70 15.81 15.17 15.15 15.28 15.41 15.14 15.13 15.35 15.50 15.74 15.82 15.75 15.78 15.74 15.68 15.56 15.80 15.91 15.72 15.72 15.64 15.68 15.90 15.96 15.92 15.78 15.90 15.80 15.71 15.43 15.31 15.21 15.02 15.21 15.35 14.73 14.52 14.72 14.83 14.99 15.44 15.80 15.77 15.32 15.59
15.78 15.84 15.60 15.54 15.59 15.64 15.67 15.71 15.57 15.37 15.01 15.38 15.46 15.45 15.60 15.53 15.44 15.01 14.99 15.10 15.01 15.06 15.06 15.58 15.54 15.20 15.35 15.60 15.65 15.77 15.63 15.69 15.78 15.63 15.26 15.35 15.18 15.21 15.23 15.50 15.58 15.65 15.54 15.46 15.63 15.64 15.72 15.42 15.61 15.84 15.63 15.61 15.74 15.62 15.85 15.78 15.68 15.58 16.00 16.11 16.07 15.90 15.75 15.59 15.49 15.17 15.43 15.06 14.69 15.14 15.17 15.16 15.41 15.41 15.65 15.69 15.35
15.56 15.64 15.71 15.48 15.43 15.36 15.73 15.77 15.68 15.65 15.13 15.14 15.48 15.50 15.57 15.55 15.58 15.36 15.27 15.07 14.91 15.11 15.20 15.57 15.49 15.21 15.30 15.51 15.63 15.69 15.65 15.65 15.74 15.72 15.54 15.32 15.33 15.41 15.45 15.69 15.69 15.65 15.59 15.53 15.61 15.60 15.63 15.47 15.63 15.68 15.76 15.73 15.77 15.88 15.92 16.00 15.89 15.78 15.90 15.92 16.01 16.03 15.97 16.00 16.11 15.76 15.52 15.30 15.26 15.52 15.56 15.34 15.39 14.65 15.35 15.86 15.70
15.36 15.52 15.59 15.54 15.49 15.55 15.53 15.60 15.76 15.63 15.47 15.44 15.49 15.58 15.60 15.55 15.75 15.61 15.76 15.58 15.58 15.26 14.99 15.14 15.14 15.24 15.37 15.58 15.75 15.60 15.41 15.58 15.48 15.58 15.59 15.48 15.52 15.63 15.82 15.78 15.71 15.60 15.65 15.70 15.75 15.69 15.75 15.66 15.85 15.70 15.77 15.77 15.69 15.80 15.96 16.02 15.83 15.93 15.91 15.89 15.82 15.93 16.00 15.99 16.00 15.86 15.62 15.72 15.32 15.76 15.78 15.38 15.38 14.91 15.16 15.61 15.83
15.31 15.15 15.26 15.55 15.48 15.66 15.54 15.50 15.65 15.65 15.60 15.57 15.68 15.67 15.46 15.36 15.75 15.73 15.73 15.80 15.62 15.46 15.28 15.34 15.47 15.53 15.60 15.69 15.74 15.59 15.64 15.58 15.58 15.67 15.72 15.74 15.78 15.68 15.82 15.89 15.77 15.57 15.63 15.61 15.71 15.60 15.61 15.81 15.93 15.74 15.80 15.77 15.67 15.75 15.82 15.98 15.93 15.93 15.85 15.81 15.88 15.90 16.04 15.99 15.86 15.89 15.92 15.94 15.81 15.59 15.78 15.78 15.78 15.48 15.33 15.70 15.81
15.20 15.27 15.19 15.12 15.52 15.67 15.56 15.51 15.74 15.69 15.60 15.61 15.63 15.78 15.68 15.42 15.67 15.70 15.74 15.77 15.65 15.48 15.45 15.28 15.50 15.53 15.37 15.57 15.50 15.46 15.59 15.68 15.48 15.60 15.67 15.75 15.73 15.78 15.88 15.84 15.96 15.83 15.69 15.75 15.48 15.40 15.30 15.60 15.76 15.72 15.73 15.70 15.59 15.68 15.80 15.82 15.95 15.97 15.85 15.87 15.86 15.91 15.98 15.92 15.75 15.89 16.07 16.04 15.94 15.78 15.65 15.75 15.86 15.73 15.24 15.39 15.78
15.21 15.36 15.26 15.31 15.32 15.54 15.50 15.54 15.64 15.67 15.53 15.44 15.50 15.58 15.80 15.78 15.86 15.87 15.81 15.73 15.70 15.63 15.59 15.62 15.78 15.37 15.35 15.45 15.37 15.45 15.57 15.76 15.67 15.57 15.59 15.60 15.62 15.59 15.65 15.71 15.80 15.82 15.78 15.81 15.81 15.81 15.53 15.59 15.52 15.60 15.71 15.62 15.59 15.59 15.85 15.79 15.88 15.92 15.88 15.88 15.77 15.72 15.78 15.76 15.89 15.80 15.97 16.03 15.93 15.88 15.94 15.83 15.83 15.56 15.32 15.09 15.18
15.50 15.52 15.54 15.49 15.30 15.11 15.53 15.64 15.50 15.40 15.48 15.31 15.40 15.43 15.37 15.52 15.68 15.75 15.74 15.65 15.49 15.49 15.55 15.69 15.67 15.63 15.45 15.40 15.38 15.45 15.58 15.63 15.67 15.55 15.50 15.38 15.36 15.58 15.59 15.62 15.73 15.79 15.82 15.86 15.79 15.61 15.61 15.57 15.28 15.50 15.61 15.69 15.73 15.74 15.82 15.73 15.86 15.93 15.87 15.86 15.77 15.75 15.70 15.60 15.80 15.87 15.91 15.94 15.99 15.90 15.99 15.97 15.84 15.68 15.63 15.51 15.64
15.44 15.55 15.80 15.73 15.62 15.36 15.29 15.48 15.70 15.42 15.34 15.41 15.33 15.42 15.05 15.09 15.53 15.45 15.26 15.32 15.43 15.59 15.54 15.40 15.54 15.78 15.81 15.54 15.43 15.57 15.73 15.74 15.59 15.39 15.39 15.38 15.39 15.41 15.50 15.49 15.52 15.65 15.79 15.78 15.78 15.71 15.76 15.75 15.38 15.59 15.79 15.75 15.79 15.83 15.84 15.88 15.92 15.93 15.92 15.88 15.82 15.71 15.77 15.63 15.79 15.85 15.80 15.88 15.93 15.93 15.93 15.97 15.95 15.78 15.80 15.57 15.69
15.59 15.69 15.70 15.72 15.76 15.66 15.56 15.41 15.29 15.38 15.40 15.35 15.47 15.13 15.28 15.64 15.53 14.98 14.97 15.02 15.04 14.95 14.98 15.34 15.50 15.64 15.59 15.52 15.23 15.48 15.68 15.69 15.77 15.56 15.56 15.47 15.56 15.54 15.57 15.52 15.48 15.57 15.64 15.63 15.62 15.73 15.78 15.53 15.27 15.58 15.78 15.70 15.74 15.76 15.83 15.89 15.86 15.83 15.87 15.84 15.80 15.63 15.70 15.82 15.72 15.75 15.84 15.86 15.89 15.83 15.88 15.92 15.92 15.91 15.82 15.63 15.76
15.51 15.46 15.64 15.57 15.76 15.82 15.68 15.70 15.67 15.50 15.40 15.49 15.60 15.25 15.68 15.75 15.72 15.13 15.25 15.07 14.89 14.89 14.80 14.83 14.97 15.05 15.23 15.48 15.35 15.60 15.61 15.54 15.58 15.50 15.46 15.39 15.43 15.49 15.56 15.53 15.45 15.43 15.38 15.48 15.48 15.56 15.33 15.56 15.39 15.42 15.70 15.79 15.68 15.62 15.64 15.87 15.83 15.86 15.82 15.78 15.68 15.76 15.68 15.79 15.85 15.68 15.71 15.74 15.78 15.75 15.79 15.84 15.87 15.88 15.90 15.80 15.80
15.34 15.35 15.32 15.41 15.76 15.79 15.74 15.64 15.72 15.56 15.48 15.52 15.66 15.66 15.65 15.52 15.64 15.42 15.41 15.23 15.08 14.70 14.73 14.65 14.76 14.80 14.86 15.37 15.51 15.81 15.78 15.70 15.59 15.36 15.20 15.05 15.10 15.26 15.47 15.60 15.61 15.49 15.40 15.47 15.60 15.52 15.31 15.41 15.33 15.28 15.55 15.77 15.77 15.59 15.43 15.77 15.86 15.87 15.71 15.67 15.56 15.58 15.53 15.59 15.68 15.77 15.76 15.77 15.63 15.49 15.68 15.69 15.79 15.81 15.90 15.83 15.80
15.56 15.56 15.50 15.36 15.53 15.68 15.59 15.72 15.76 15.76 15.63 15.44 15.56 15.66 15.72 15.76 15.74 15.76 15.68 15.59 15.37 15.42 14.86 14.73 14.72 14.70 14.87 15.18 15.53 15.67 15.72 15.68 15.66 15.48 15.34 15.18 15.08 15.29 15.48 15.65 15.71 15.60 15.48 15.37 15.31 15.45 15.39 15.53 15.61 15.62 15.40 15.72 15.67 15.57 15.51 15.56 15.68 15.72 15.63 15.33 15.47 15.41 15.54 15.65 15.69 15.75 15.65 15.60 15.68 15.54 15.60 15.67 15.71 15.69 15.72 15.84 15.85
15.36 15.47 15.53 15.64 15.71 15.70 15.50 15.69 15.66 15.75 15.72 15.70 15.62 15.63 15.67 15.74 15.78 15.77 15.80 15.67 15.73 15.77 15.60 14.98 14.80 14.84 14.76 15.07 15.35 15.53 15.58 15.64 15.67 15.60 15.49 15.18 15.23 15.21 15.11 15.55 15.67 15.57 15.41 15.25 15.36 15.35 15.45 15.60 15.51 15.57 15.64 15.72 15.73 15.59 15.50 15.45 15.69 15.69 15.62 15.38 15.38 15.39 15.36 15.55 15.55 15.44 15.38 15.43 15.48 15.47 15.48 15.47 15.60 15.68 15.70 15.83 15.83
15.22 15.38 15.52 15.58 15.60 15.64 15.51 15.45 15.52 15.60 15.62 15.77 15.73 15.72 15.76 15.79 15.79 15.71 15.61 15.62 15.61 15.64 15.59 15.25 15.02 14.78 14.61 14.88 15.15 15.28 15.53 15.53 15.69 15.78 15.76 15.57 15.24 15.42 15.25 15.40 15.45 15.49 15.36 15.11 15.14 15.26 15.57 15.45 15.39 15.25 15.35 15.49 15.71 15.72 15.53 15.51 15.47 15.52 15.49 15.49 15.42 15.33 15.41 15.56 15.45 15.42 15.41 15.32 15.54 15.59 15.62 15.60 15.70 15.60 15.65 15.71 15.72
15.41 15.40 15.54 15.53 15.57 15.59 15.66 15.68 15.66 15.49 15.60 15.76 15.78 15.74 15.74 15.81 15.84 15.76 15.71 15.68 15.40 15.52 15.45 15.56 15.42 15.11 14.99 15.02 15.00 15.01 15.22 15.45 15.71 15.74 15.73 15.62 15.47 15.39 15.44 15.44 15.42 15.48 15.43 15.25 14.81 14.85 15.24 15.42 15.59 15.37 15.33 15.37 15.37 15.57 15.44 15.06 15.18 15.05 15.16 15.36 15.58 15.65 15.42 15.54 15.59 15.43 15.47 15.45 15.29 15.34 15.42 15.48 15.44 15.61 15.54 15.54 15.62
15.39 15.38 15.38 15.56 15.62 15.57 15.57 15.54 15.38 15.36 15.33 15.48 15.52 15.52 15.67 15.70 15.72 15.70 15.59 15.62 15.43 15.53 15.69 15.65 15.67 15.38 15.34 15.23 15.08 15.01 14.96 15.16 15.46 15.77 15.77 15.68 15.55 15.32 15.33 15.52 15.61 15.66 15.51 15.40 15.21 14.93 14.93 15.17 15.40 15.41 15.30 15.29 15.17 15.15 15.22 15.11 15.02 15.00 15.10 15.27 15.52 15.60 15.46 15.54 15.45 15.42 15.49 15.59 15.45 15.30 15.29 15.33 15.45 15.56 15.54 15.56 15.56
15.42 15.59 15.62 15.64 15.55 15.53 15.49 15.41 15.42 15.47 15.13 15.36 15.27 15.58 15.69 15.62 15.73 15.60 15.48 15.52 15.49 15.45 15.58 15.57 15.68 15.54 15.44 15.43 15.40 15.22 15.25 15.11 15.22 15.56 15.69 15.62 15.59 15.49 15.50 15.50 15.54 15.58 15.53 15.47 15.39 15.06 15.05 15.20 15.40 15.31 15.29 15.36 15.39 15.23 15.25 15.15 14.86 14.82 14.83 15.08 15.40 15.23 15.12 15.24 15.26 15.31 15.36 15.36 15.51 15.46 15.46 15.47 15.50 15.60 15.53 15.39 15.40
15.29 15.41 15.40 15.45 15.48 15.54 15.66 15.43 15.20 15.33 15.03 14.97 15.36 15.55 15.61 15.53 15.51 15.45 15.44 15.59 15.64 15.40 15.57 15.62 15.55 15.54 15.39 15.49 15.60 15.60 15.43 15.50 15.43 15.49 15.66 15.55 15.55 15.60 15.49 15.51 15.58 15.62 15.64 15.42 15.39 15.26 15.08 15.11 15.12 15.14 15.29 15.42 15.44 15.36 15.28 15.32 15.26 15.13 14.84 14.95 15.20 15.32 15.28 15.37 15.37 15.36 15.22 15.26 15.29 15.38 15.48 15.48 15.63 15.68 15.60 15.60 15.39
15.18 15.22 15.35 15.36 15.38 15.37 15.46 15.67 15.40 15.49 15.34 15.50 15.47 15.47 15.36 15.34 15.39 15.30 15.47 15.19 15.42 15.33 15.65 15.72 15.63 15.72 15.74 15.67 15.68 15.72 15.69 15.64 15.34 15.23 15.43 15.51 15.55 15.57 15.63 15.56 15.61 15.71 15.70 15.55 15.11 15.34 15.18 14.88 14.95 15.21 15.28 15.17 15.17 15.23 15.18 15.34 15.37 15.48 15.18 15.23 14.97 15.18 15.42 15.36 15.53 15.47 15.31 15.22 15.09 15.23 15.32 15.46 15.46 15.53 15.57 15.63 15.65
15.40 15.36 15.34 15.32 15.26 15.45 15.49 15.34 15.36 15.50 15.51 15.47 15.51 15.41 14.99 14.97 14.98 15.23 15.25 15.51 15.56 15.71 15.75 15.70 15.59 15.67 15.63 15.67 15.57 15.55 15.68 15.68 15.55 15.19 15.21 15.24 15.47 15.53 15.52 15.55 15.68 15.72 15.68 15.63 15.20 15.19 15.20 15.27 15.32 15.23 15.16 15.33 15.34 15.41 15.46 15.34 15.44 15.45 15.32 15.41 15.15 15.16 15.25 15.31 15.25 15.21 15.32 15.35 15.14 14.97 15.09 15.16 15.30 15.44 15.52 15.56 15.57
15.25 15.10 15.05 15.07 15.13 15.11 15.32 15.42 15.39 15.39 15.27 15.30 15.48 15.40 15.33 15.21 15.17 15.15 14.99 15.10 15.38 15.55 15.53 15.57 15.59 15.64 15.62 15.63 15.70 15.64 15.64 15.51 15.66 15.70 15.36 15.22 15.34 15.46 15.55 15.59 15.69 15.69 15.69 15.65 15.62 15.50 15.31 15.24 15.34 15.40 15.42 15.39 15.43 15.53 15.49 15.53 15.53 15.57 15.53 15.50 15.43 15.32 15.19 15.12 15.26 15.31 15.40 15.56 15.54 15.20 15.11 15.35 15.33 15.33 15.47 15.47 15.47
15.28 15.34 15.20 15.16 15.15 15.01 15.12 15.30 15.22 15.24 15.21 15.28 15.38 15.36 15.15 15.18 15.41 15.29 15.05 14.70 14.98 15.09 15.20 15.27 15.39 15.54 15.50 15.49 15.53 15.59 15.54 15.58 15.58 15.62 15.62 15.47 15.31 15.55 15.59 15.62 15.63 15.63 15.57 15.55 15.61 15.57 15.54 15.33 15.33 15.30 15.32 15.46 15.36 15.40 15.46 15.51 15.56 15.65 15.56 15.52 15.53 15.52 15.40 15.43 15.51 15.55 15.44 15.43 15.64 15.54 15.05 15.20 15.35 15.33 15.39 15.52 15.57
15.27 15.25 15.08 14.98 14.77 15.00 15.14 15.04 15.18 15.11 15.27 15.41 15.43 15.38 15.13 15.18 15.34 15.17 14.77 14.72 15.08 14.79 15.16 15.44 15.51 15.39 15.48 15.48 15.46 15.51 15.42 15.41 15.47 15.40 15.43 15.54 15.59 15.54 15.53 15.50 15.46 15.54 15.58 15.55 15.56 15.59 15.50 15.52 15.43 15.28 15.17 15.14 15.27 15.52 15.55 15.50 15.57 15.53 15.52 15.45 15.47 15.41 15.38 15.48 15.44 15.51 15.43 15.38 15.36 15.44 15.47 15.29 15.19 15.26 15.29 15.40 15.46
15.10 15.08 15.00 14.76 14.87 14.91 14.72 14.94 14.88 14.76 14.97 15.18 15.26 15.40 15.37 15.43 15.17 14.76 14.93 14.63 14.45 14.71 15.08 15.22 15.05 15.11 15.19 15.20 15.40 15.37 15.37 15.34 15.20 15.27 15.37 15.51 15.52 15.60 15.61 15.59 15.53 15.48 15.53 15.54 15.43 15.37 15.49 15.51 15.49 15.36 15.21 15.33 15.35 15.36 15.49 15.49 15.49 15.42 15.43 15.44 15.41 15.29 15.42 15.43 15.40 15.40 15.44 15.46 15.46 15.53 15.49 15.45 15.35 15.31 15.26 15.32 15.35
14.89 14.76 14.98 14.88 15.08 15.27 15.32 15.12 15.00 15.04 15.12 15.35 15.34 15.38 15.36 15.34 15.20 15.05 14.69 14.56 14.62 14.86 14.93 14.65 14.42 14.80 14.82 15.22 15.32 15.29 15.38 15.16 15.27 15.25 15.53 15.54 15.54 15.45 15.49 15.53 15.44 15.45 15.52 15.44 15.30 15.30 15.47 15.48 15.41 15.53 15.49 15.55 15.56 15.51 15.48 15.50 15.54 15.49 15.34 15.31 15.32 15.36 15.40 15.43 15.38 15.39 15.40 15.44 15.41 15.50 15.45 15.45 15.43 15.33 15.35 15.37 15.37
15.09 15.22 14.91 15.12 15.20 15.22 15.31 15.30 15.21 15.16 15.15 15.06 14.99 15.14 14.99 14.90 14.87 14.98 15.03 14.95 14.60 14.48 14.54 15.06 15.27 15.42 15.34 15.24 15.20 15.25 15.13 15.13 15.30 15.17 15.33 15.39 15.34 15.36 15.34 15.32 15.27 15.30 15.43 15.48 15.56 15.51 15.51 15.49 15.43 15.41 15.43 15.49 15.54 15.51 15.50 15.52 15.57 15.51 15.53 15.50 15.34 15.32 15.39 15.38 15.31 15.32 15.36 15.31 15.28 15.35 15.43 15.41 15.44 15.39 15.38 15.36 15.34
14.99 15.00 15.00 15.10 15.08 14.81 15.02 15.17 15.09 15.01 15.24 15.01 14.59 14.69 14.62 14.65 14.80 14.88 14.93 14.61 14.65 14.57 14.55 14.81 15.09 15.02 15.13 14.89 14.90 15.04 15.16 15.21 15.00 14.99 15.08 15.34 15.30 15.31 15.39 15.53 15.45 15.48 15.46 15.51 15.36 15.46 15.48 15.51 15.54 15.46 15.45 15.43 15.42 15.44 15.46 15.50 15.31 15.31 15.45 15.51 15.48 15.30 15.38 15.47 15.46 15.35 15.37 15.32 15.34 15.36 15.36 15.39 15.35 15.41 15.38 15.41 15.40
