main/data/irradiance/15.02.2023.grid
ncols 839
nrows 679
xllcenter 112.0500
yllcenter -43.9500
cellsize 0.0500
nodata_value 99999.90
[rows 442 to 475 of 679, columns 231 to 307 of 839]
27.34 27.34 27.39 27.44 27.41 27.33 27.28 27.31 27.22 27.18 27.14 27.15 27.13 27.15 27.23 27.18 27.22 27.17 27.10 27.02 26.82 26.76 26.93 26.79 26.76 26.52 26.30 26.10 26.23 26.09 26.24 25.93 26.29 25.75 25.92 26.01 25.94 26.09 25.98 26.18 26.32 26.44 26.20 26.21 26.21 25.48 24.05 22.10 20.85 19.40 19.08 19.31 18.79 18.68 18.62 20.42 21.03 21.59 22.77 23.40 23.22 22.97 23.50 24.42 24.46 24.34 24.14 24.21 23.83 23.76 23.76 23.81 24.09 23.85 23.44 23.08 23.46
27.31 27.33 27.31 27.33 27.33 27.32 27.26 27.21 27.28 27.24 27.20 27.28 27.20 27.21 27.35 27.35 27.33 27.18 27.27 27.25 26.97 26.85 26.87 26.79 26.57 26.82 26.68 26.27 26.14 26.17 26.20 26.25 26.01 25.60 25.58 26.24 25.26 26.14 25.57 26.04 26.16 26.10 25.90 25.64 24.73 23.08 19.86 17.46 16.96 17.43 18.10 19.01 17.83 18.39 19.34 19.91 19.80 21.05 20.91 22.01 22.83 22.87 22.75 23.13 23.57 23.51 22.80 23.81 23.12 23.33 23.26 22.80 23.24 22.99 22.81 23.57 23.22
27.17 27.27 27.31 27.28 27.24 27.15 27.19 27.18 27.05 27.13 27.15 27.17 27.16 27.14 27.33 27.35 27.34 27.31 27.19 27.21 27.12 26.97 26.79 26.90 26.63 26.80 26.85 26.70 26.18 26.02 26.04 26.28 25.90 25.34 25.86 26.14 25.55 25.15 25.15 25.57 25.51 25.46 25.18 24.61 22.06 18.74 16.75 16.05 15.96 17.50 18.74 19.01 17.83 18.39 19.69 19.40 19.44 20.29 19.91 20.95 21.37 22.22 23.24 23.11 22.51 23.06 22.80 22.80 22.19 23.03 22.82 22.65 22.69 21.38 21.87 22.24 23.22
27.09 27.10 27.25 27.19 27.29 27.08 27.06 27.17 27.14 27.08 27.08 27.10 27.05 27.13 27.26 27.31 27.28 27.30 27.25 27.17 27.15 26.97 26.64 26.62 26.73 26.73 26.79 26.76 26.63 26.26 25.83 25.64 25.72 25.60 26.10 25.76 24.96 25.47 25.08 24.48 24.82 23.65 23.18 21.22 18.18 16.46 16.75 16.05 15.96 17.50 18.74 18.74 17.83 19.69 19.69 19.40 19.44 20.29 19.91 20.95 21.52 22.26 22.37 23.11 22.51 23.06 22.80 22.80 22.19 23.03 22.82 22.65 22.69 21.38 21.87 22.24 22.24
26.86 26.87 27.22 27.24 27.29 27.16 27.00 27.09 27.14 27.00 27.06 27.08 27.21 27.21 27.29 27.21 27.25 27.25 27.20 27.11 27.13 26.96 26.49 26.57 26.64 26.55 26.65 26.56 26.60 26.59 26.30 25.43 25.33 25.35 25.32 24.83 24.14 24.82 23.94 22.86 23.08 21.68 19.82 18.31 18.18 16.46 16.46 16.05 15.96 17.50 18.74 18.74 18.74 19.69 19.69 19.40 19.44 20.29 19.91 21.52 21.52 22.26 22.37 22.37 22.51 23.06 22.80 22.80 22.19 23.03 22.82 22.65 22.69 21.38 21.87 22.24 22.24
26.57 26.46 26.84 27.18 27.23 27.23 26.95 27.05 26.97 27.03 27.10 27.09 27.15 27.22 27.26 27.18 27.20 27.11 26.98 26.84 26.92 26.78 26.42 26.44 26.50 26.49 26.40 26.46 26.33 26.16 26.29 25.62 24.88 24.19 24.39 24.09 24.64 23.01 22.39 21.94 20.52 19.07 17.08 18.31 18.31 16.46 16.46 16.46 15.96 17.50 18.74 18.74 18.74 19.69 19.69 19.40 19.44 20.29 21.52 21.52 21.52 22.26 22.37 22.37 22.37 23.06 22.80 22.80 22.19 23.03 22.82 22.65 22.69 21.38 21.87 22.24 22.24
26.61 26.16 26.66 26.65 26.71 27.20 27.20 27.11 27.12 26.90 26.81 26.99 27.16 27.06 26.99 27.04 26.86 26.84 26.72 26.76 26.61 26.71 26.48 26.47 26.51 26.50 26.41 26.22 25.86 26.02 25.74 25.18 24.25 23.49 23.71 23.46 22.81 21.20 20.84 19.63 19.16 19.07 17.08 17.08 18.31 18.31 16.46 16.46 15.96 17.50 18.74 18.74 18.74 19.69 19.69 19.40 19.44 20.29 21.52 21.52 21.52 22.26 22.37 22.37 22.37 23.06 22.80 22.80 22.19 23.03 22.82 22.65 22.69 21.38 21.87 22.24 22.24
26.90 26.56 26.65 26.79 26.63 26.70 27.05 27.17 27.15 26.99 26.75 26.79 27.07 27.11 26.82 26.57 26.76 26.61 26.66 27.07 26.76 26.84 26.69 26.60 26.32 26.43 26.35 25.96 25.43 25.08 24.88 24.28 23.93 23.18 22.62 22.05 20.28 19.57 19.08 19.09 19.16 19.16 17.08 17.08 17.08 18.31 16.46 16.46 15.96 17.50 18.74 18.74 18.74 19.69 19.69 19.40 19.44 20.29 21.52 21.52 21.52 22.26 22.37 22.37 22.37 23.06 22.80 22.80 22.19 23.03 22.82 22.65 22.69 21.38 21.87 22.24 22.24
26.83 27.01 26.94 26.73 27.05 26.70 26.80 26.71 27.00 27.02 26.95 26.80 26.73 26.72 27.12 27.15 26.70 26.75 26.68 26.72 26.73 26.86 26.64 26.55 26.25 25.96 25.90 25.63 25.07 24.28 23.56 23.23 22.93 22.61 22.27 20.49 20.56 19.69 19.08 19.09 19.09 19.16 19.16 17.08 17.08 17.08 18.31 16.46 16.46 17.50 18.74 18.74 18.74 19.69 19.69 19.40 19.44 21.52 21.52 21.52 21.52 22.26 22.37 22.37 22.37 22.37 22.80 22.80 22.19 23.03 22.82 22.65 22.69 21.38 21.87 22.24 22.24
27.05 26.82 26.50 26.74 26.78 26.81 26.81 26.66 26.39 26.63 26.76 26.81 26.92 26.54 26.45 26.97 27.13 26.89 26.68 26.50 26.41 26.34 26.11 25.98 25.93 25.57 25.41 24.91 24.31 23.14 22.72 22.84 21.82 21.53 22.27 20.49 20.56 19.69 19.69 19.09 19.09 19.09 19.16 17.08 17.08 17.08 17.08 16.46 16.46 17.50 18.74 18.74 18.74 19.69 19.69 19.40 19.44 21.52 21.52 21.52 21.52 22.26 22.37 22.37 22.37 22.37 22.80 22.80 22.19 23.03 22.82 22.65 22.69 21.38 21.87 22.24 22.24
26.62 26.77 26.66 26.10 26.19 26.54 26.58 26.29 26.47 26.29 25.99 26.37 26.64 26.76 26.54 26.53 26.78 26.67 26.46 26.36 26.03 26.04 25.75 25.70 25.18 25.15 24.67 24.14 23.45 22.47 21.53 22.41 21.82 21.53 21.53 20.49 20.56 19.69 19.69 19.69 19.09 19.09 19.09 19.16 17.08 17.08 17.08 17.08 16.46 17.50 18.74 18.74 18.74 19.69 19.69 19.40 19.44 21.52 21.52 21.52 21.52 22.26 22.37 22.37 22.37 22.37 22.80 22.80 22.19 23.03 22.82 22.65 22.69 21.38 21.87 22.24 22.24
26.31 26.41 26.57 25.94 25.42 26.22 26.62 26.53 25.97 25.60 25.23 25.26 25.83 26.32 26.66 26.52 26.29 26.39 26.56 26.32 25.87 25.65 25.40 25.29 24.93 24.59 23.93 22.58 22.77 22.69 21.53 22.41 22.41 21.53 21.53 21.53 20.56 19.69 19.69 19.69 19.09 19.09 19.09 19.09 17.08 17.08 17.08 17.08 17.08 16.46 18.74 18.74 18.74 19.69 19.69 19.40 21.52 21.52 21.52 21.52 21.52 22.26 22.37 22.37 22.37 22.37 22.37 22.80 22.19 23.03 22.82 22.65 22.69 21.38 21.87 22.24 22.24
26.27 25.62 25.81 26.27 25.20 25.12 25.25 25.73 25.07 24.31 24.80 25.44 25.83 26.03 25.95 25.76 25.92 25.78 25.62 25.88 25.77 25.07 24.81 24.61 24.36 23.66 22.53 22.61 22.77 22.69 22.69 22.41 22.41 22.41 21.53 21.53 20.56 19.69 19.69 19.69 19.69 19.09 19.09 19.09 19.09 17.08 17.08 17.08 17.08 16.46 18.74 18.74 18.74 19.69 19.69 19.40 21.52 21.52 21.52 21.52 21.52 22.26 22.37 22.37 22.37 22.37 22.37 22.80 22.19 23.03 22.82 22.65 22.69 21.38 21.87 22.24 22.24
25.77 25.82 25.85 25.99 25.86 25.08 25.25 25.79 25.19 24.34 24.36 25.61 25.61 25.83 25.62 24.52 24.55 24.45 24.55 24.42 24.73 24.54 24.38 23.92 24.01 23.38 22.53 22.61 22.61 22.69 22.69 22.69 22.41 22.41 21.53 21.53 20.56 19.69 19.69 19.69 19.69 19.09 19.09 19.09 19.09 19.09 17.08 17.08 17.08 17.08 16.46 16.46 16.46 21.52 21.52 21.52 21.52 21.52 21.52 21.52 21.52 22.26 22.37 22.37 22.37 22.37 22.37 22.37 22.37 22.37 22.37 22.37 22.37 99999.90 99999.90 99999.90 99999.90
25.06 25.63 25.88 25.85 26.01 25.80 25.15 25.07 24.78 24.16 24.64 25.70 26.08 25.45 24.73 24.62 23.60 22.80 22.88 23.57 23.41 24.07 24.08 24.21 24.53 23.38 23.38 22.61 22.61 22.61 22.69 22.69 22.41 22.41 22.41 21.53 21.53 19.69 19.69 19.69 19.69 19.69 19.09 19.09 19.09 19.09 17.08 17.08 17.08 17.08 17.08 17.08 18.31 18.31 99999.90 99999.90 99999.90 99999.90 99999.90 99999.90 99999.90 99999.90 99999.90 99999.90 99999.90 99999.90 99999.90 99999.90 99999.90 99999.90 99999.90 99999.90 99999.90 99999.90 99999.90 99999.90 99999.90
24.17 24.65 25.43 25.98 25.67 26.15 25.68 24.35 23.49 23.49 23.75 24.08 25.02 24.27 24.11 24.34 24.49 23.89 23.71 24.13 24.24 24.70 24.43 24.21 24.53 24.53 23.38 23.38 22.61 22.61 22.69 22.69 22.69 22.41 22.41 21.53 21.53 19.69 19.69 19.69 19.69 19.69 19.09 19.09 19.09 19.09 19.09 17.08 17.08 17.08 17.08 17.08 17.08 99999.90 99999.90 99999.90 99999.90 99999.90 99999.90 99999.90 99999.90 99999.90 99999.90 99999.90 99999.90 99999.90 99999.90 99999.90 99999.90 99999.90 99999.90 99999.90 99999.90 99999.90 99999.90 99999.90 99999.90
24.11 24.03 24.55 25.36 25.01 25.72 25.47 23.12 22.27 22.00 22.82 23.11 23.19 23.73 25.43 24.34 24.49 23.89 23.71 24.13 24.24 24.70 24.43 24.43 24.53 24.53 24.53 23.38 22.61 22.61 22.61 22.69 22.69 22.41 22.41 22.41 21.53 19.69 19.69 19.69 19.69 19.69 19.69 19.09 19.09 19.09 19.09 19.09 19.09 19.16 19.16 99999.90 99999.90 99999.90 99999.90 99999.90 99999.90 99999.90 99999.90 99999.90 99999.90 99999.90 99999.90 99999.90 99999.90 99999.90 99999.90 99999.90 99999.90 99999.90 99999.90 99999.90 99999.90 99999.90 99999.90 99999.90 99999.90
23.84 23.71 24.15 24.69 24.82 24.67 24.68 22.42 21.16 20.90 22.13 23.41 22.53 23.73 25.43 25.43 24.49 23.89 23.71 24.13 24.24 24.70 24.43 24.43 24.43 24.53 24.53 24.53 23.38 22.61 22.61 22.69 22.69 22.69 22.41 22.41 21.53 21.53 19.69 19.69 19.69 19.69 19.69 19.09 19.09 19.09 19.09 19.09 19.09 19.09 99999.90 99999.90 99999.90 99999.90 99999.90 99999.90 99999.90 99999.90 99999.90 99999.90 99999.90 99999.90 99999.90 99999.90 99999.90 99999.90 99999.90 99999.90 99999.90 99999.90 99999.90 99999.90 99999.90 99999.90 99999.90 99999.90 99999.90
23.47 23.40 23.75 24.06 23.86 23.87 24.12 22.97 20.85 20.23 22.68 24.73 22.53 22.53 25.43 25.43 25.43 23.89 23.71 24.13 24.24 24.70 24.43 24.43 24.43 24.53 24.53 24.53 24.53 22.61 22.61 22.61 22.69 22.69 22.41 22.41 22.41 21.53 19.69 19.69 19.69 19.69 19.69 19.69 19.69 19.69 19.69 19.69 99999.90 99999.90 99999.90 99999.90 99999.90 99999.90 99999.90 99999.90 99999.90 99999.90 99999.90 99999.90 99999.90 99999.90 99999.90 99999.90 99999.90 99999.90 99999.90 99999.90 99999.90 99999.90 99999.90 99999.90 99999.90 99999.90 99999.90 99999.90 99999.90
22.93 23.20 23.01 23.37 23.65 23.84 23.01 22.51 19.98 19.46 23.52 24.73 24.73 22.53 22.53 25.43 25.43 23.89 23.71 24.13 24.24 24.70 24.43 24.43 24.43 24.43 24.53 24.53 24.53 24.53 22.61 22.61 22.69 22.69 22.69 22.41 22.41 21.53 21.53 21.53 21.53 21.53 21.53 21.53 99999.90 99999.90 99999.90 99999.90 99999.90 99999.90 99999.90 99999.90 99999.90 99999.90 99999.90 99999.90 99999.90 99999.90 99999.90 99999.90 99999.90 99999.90 99999.90 99999.90 99999.90 99999.90 99999.90 99999.90 99999.90 99999.90 99999.90 99999.90 99999.90 99999.90 99999.90 99999.90 99999.90
22.34 22.60 22.64 22.94 21.85 22.78 22.14 20.91 18.59 18.17 23.52 23.52 24.73 24.73 22.53 25.43 25.43 23.89 23.71 24.13 24.24 24.70 24.43 24.43 24.43 24.43 24.53 24.53 24.53 24.53 24.53 22.61 22.61 22.69 22.69 22.41 22.41 22.41 22.41 22.41 22.41 22.41 99999.90 99999.90 99999.90 99999.90 99999.90 99999.90 99999.90 99999.90 99999.90 99999.90 99999.90 99999.90 99999.90 99999.90 99999.90 99999.90 99999.90 99999.90 99999.90 99999.90 99999.90 99999.90 99999.90 99999.90 99999.90 99999.90 99999.90 99999.90 99999.90 99999.90 99999.90 99999.90 99999.90 99999.90 99999.90
22.27 22.23 22.37 22.65 21.63 21.46 21.75 19.70 18.65 18.07 18.07 18.07 23.52 24.73 24.73 22.53 25.43 25.43 23.71 24.13 24.24 24.70 24.43 24.43 24.43 24.43 24.43 24.53 24.53 24.53 24.53 22.61 22.61 22.69 22.69 22.69 22.69 22.69 22.69 22.69 99999.90 99999.90 99999.90 99999.90 99999.90 99999.90 99999.90 99999.90 99999.90 99999.90 99999.90 99999.90 99999.90 99999.90 99999.90 99999.90 99999.90 99999.90 99999.90 99999.90 99999.90 99999.90 99999.90 99999.90 99999.90 99999.90 99999.90 99999.90 99999.90 99999.90 99999.90 99999.90 99999.90 99999.90 99999.90 99999.90 99999.90
21.29 22.03 22.18 21.84 20.24 20.52 20.06 19.43 17.28 18.07 18.07 18.07 18.07 18.07 24.73 24.73 25.43 25.43 23.71 24.13 24.24 24.70 24.43 24.43 24.43 24.43 24.43 24.53 24.53 24.53 24.53 24.53 22.61 22.61 22.61 22.61 22.61 22.61 99999.90 99999.90 99999.90 99999.90 99999.90 99999.90 99999.90 99999.90 99999.90 99999.90 99999.90 99999.90 99999.90 99999.90 99999.90 99999.90 99999.90 99999.90 99999.90 99999.90 99999.90 99999.90 99999.90 99999.90 99999.90 99999.90 99999.90 99999.90 99999.90 99999.90 99999.90 99999.90 99999.90 99999.90 99999.90 99999.90 99999.90 99999.90 99999.90
20.82 20.63 21.15 21.11 20.62 19.28 19.67 18.30 17.54 17.54 17.54 18.07 18.07 18.07 18.07 18.07 24.73 25.43 23.71 24.13 24.24 24.70 24.43 24.43 24.43 24.43 24.43 24.43 24.53 24.53 24.53 24.53 24.53 24.53 23.38 23.38 99999.90 99999.90 99999.90 99999.90 99999.90 99999.90 99999.90 99999.90 99999.90 99999.90 99999.90 99999.90 99999.90 99999.90 99999.90 99999.90 99999.90 99999.90 99999.90 99999.90 99999.90 99999.90 99999.90 99999.90 99999.90 99999.90 99999.90 99999.90 99999.90 99999.90 99999.90 99999.90 99999.90 99999.90 99999.90 99999.90 99999.90 99999.90 99999.90 99999.90 99999.90
19.71 20.15 20.35 19.04 18.82 19.18 19.33 17.61 17.54 17.54 17.54 17.54 17.54 18.07 18.07 18.07 18.07 24.73 25.43 24.13 24.24 24.70 24.43 24.43 24.43 24.43 24.43 24.43 24.53 24.53 24.53 24.53 24.53 24.53 24.53 99999.90 99999.90 99999.90 99999.90 99999.90 99999.90 99999.90 99999.90 99999.90 99999.90 99999.90 99999.90 99999.90 99999.90 99999.90 99999.90 99999.90 99999.90 99999.90 99999.90 99999.90 99999.90 99999.90 99999.90 99999.90 99999.90 99999.90 99999.90 99999.90 99999.90 99999.90 99999.90 99999.90 99999.90 99999.90 99999.90 99999.90 99999.90 99999.90 99999.90 99999.90 99999.90
18.33 18.75 19.43 19.22 18.24 18.91 19.50 18.30 18.30 18.30 17.54 17.54 17.54 17.54 17.54 18.07 18.07 18.07 25.43 24.13 24.24 24.70 24.43 24.43 24.43 24.43 24.43 24.43 24.43 24.43 24.43 24.43 24.43 99999.90 99999.90 99999.90 99999.90 99999.90 99999.90 99999.90 99999.90 99999.90 99999.90 99999.90 99999.90 99999.90 99999.90 99999.90 99999.90 99999.90 99999.90 99999.90 99999.90 99999.90 99999.90 99999.90 99999.90 99999.90 99999.90 99999.90 99999.90 99999.90 99999.90 99999.90 99999.90 99999.90 99999.90 99999.90 99999.90 99999.90 99999.90 99999.90 99999.90 99999.90 99999.90 99999.90 99999.90
18.40 18.56 18.60 18.65 17.31 17.30 18.56 18.56 18.56 18.56 18.56 18.56 17.54 17.54 17.54 17.54 17.54 18.07 18.07 25.43 25.43 25.43 25.43 25.43 25.43 99999.90 99999.90 99999.90 99999.90 99999.90 99999.90 99999.90 99999.90 99999.90 99999.90 99999.90 99999.90 99999.90 99999.90 99999.90 99999.90 99999.90 99999.90 99999.90 99999.90 99999.90 99999.90 99999.90 99999.90 99999.90 99999.90 99999.90 99999.90 99999.90 99999.90 99999.90 99999.90 99999.90 99999.90 99999.90 99999.90 99999.90 99999.90 99999.90 99999.90 99999.90 99999.90 99999.90 99999.90 99999.90 99999.90 99999.90 99999.90 99999.90 99999.90 99999.90 99999.90
19.13 19.06 18.00 17.31 16.96 16.94 16.75 18.56 18.56 18.56 18.56 18.56 18.56 18.56 18.56 17.54 17.54 17.54 17.54 18.07 24.73 22.53 22.53 99999.90 99999.90 99999.90 99999.90 99999.90 99999.90 99999.90 99999.90 99999.90 99999.90 99999.90 99999.90 99999.90 99999.90 99999.90 99999.90 99999.90 99999.90 99999.90 99999.90 99999.90 99999.90 99999.90 99999.90 99999.90 99999.90 99999.90 99999.90 99999.90 99999.90 99999.90 99999.90 99999.90 99999.90 99999.90 99999.90 99999.90 99999.90 99999.90 99999.90 99999.90 99999.90 99999.90 99999.90 99999.90 99999.90 99999.90 99999.90 99999.90 99999.90 99999.90 99999.90 99999.90 99999.90
19.40 18.98 19.07 17.61 18.70 19.62 18.49 18.49 18.49 18.56 18.56 18.56 18.56 18.56 18.56 18.56 18.56 18.56 17.54 18.07 24.73 24.73 99999.90 99999.90 99999.90 99999.90 99999.90 99999.90 99999.90 99999.90 99999.90 99999.90 99999.90 99999.90 99999.90 99999.90 99999.90 99999.90 99999.90 99999.90 99999.90 99999.90 99999.90 99999.90 99999.90 99999.90 99999.90 99999.90 99999.90 99999.90 99999.90 99999.90 99999.90 99999.90 99999.90 99999.90 99999.90 99999.90 99999.90 99999.90 99999.90 99999.90 99999.90 99999.90 99999.90 99999.90 99999.90 99999.90 99999.90 99999.90 99999.90 99999.90 99999.90 99999.90 99999.90 99999.90 99999.90
18.51 18.52 18.12 17.30 17.45 20.24 18.49 18.49 18.49 18.49 18.49 18.56 18.56 18.56 18.56 18.56 18.56 18.56 17.54 18.07 23.52 99999.90 99999.90 99999.90 99999.90 99999.90 99999.90 99999.90 99999.90 99999.90 99999.90 99999.90 99999.90 99999.90 99999.90 99999.90 99999.90 99999.90 99999.90 99999.90 99999.90 99999.90 99999.90 99999.90 99999.90 99999.90 99999.90 99999.90 99999.90 99999.90 99999.90 99999.90 99999.90 99999.90 99999.90 99999.90 99999.90 99999.90 99999.90 99999.90 99999.90 99999.90 99999.90 99999.90 99999.90 99999.90 99999.90 99999.90 99999.90 99999.90 99999.90 99999.90 99999.90 99999.90 99999.90 99999.90 99999.90
18.19 18.02 18.43 17.52 18.93 20.24 20.24 18.49 18.49 18.49 18.49 18.49 18.49 18.56 18.56 18.56 18.56 18.56 17.54 18.07 99999.90 99999.90 99999.90 99999.90 99999.90 99999.90 99999.90 99999.90 99999.90 99999.90 99999.90 99999.90 99999.90 99999.90 99999.90 99999.90 99999.90 99999.90 99999.90 99999.90 99999.90 99999.90 99999.90 99999.90 99999.90 99999.90 99999.90 99999.90 99999.90 99999.90 99999.90 99999.90 99999.90 99999.90 99999.90 99999.90 99999.90 99999.90 99999.90 99999.90 99999.90 99999.90 99999.90 99999.90 99999.90 99999.90 99999.90 99999.90 99999.90 99999.90 99999.90 99999.90 99999.90 99999.90 99999.90 99999.90 99999.90
18.23 16.77 18.24 17.52 18.93 18.93 20.24 20.24 18.49 18.49 18.49 18.49 18.49 18.49 18.49 18.56 18.56 18.56 17.54 18.07 99999.90 99999.90 99999.90 99999.90 99999.90 99999.90 99999.90 99999.90 99999.90 99999.90 99999.90 99999.90 99999.90 99999.90 99999.90 99999.90 99999.90 99999.90 99999.90 99999.90 99999.90 99999.90 99999.90 99999.90 99999.90 99999.90 99999.90 99999.90 99999.90 99999.90 99999.90 99999.90 99999.90 99999.90 99999.90 99999.90 99999.90 99999.90 99999.90 99999.90 99999.90 99999.90 99999.90 99999.90 99999.90 99999.90 99999.90 99999.90 99999.90 99999.90 99999.90 99999.90 99999.90 99999.90 99999.90 99999.90 99999.90
18.42 18.48 19.41 19.41 18.93 18.93 18.93 20.24 20.24 18.49 18.49 18.49 18.49 18.49 18.49 18.49 18.49 18.56 17.54 99999.90 99999.90 99999.90 99999.90 99999.90 99999.90 99999.90 99999.90 99999.90 99999.90 99999.90 99999.90 99999.90 99999.90 99999.90 99999.90 99999.90 99999.90 99999.90 99999.90 99999.90 99999.90 99999.90 99999.90 99999.90 99999.90 99999.90 99999.90 99999.90 99999.90 99999.90 99999.90 99999.90 99999.90 99999.90 99999.90 99999.90 99999.90 99999.90 99999.90 99999.90 99999.90 99999.90 99999.90 99999.90 99999.90 99999.90 99999.90 99999.90 99999.90 99999.90 99999.90 99999.90 99999.90 99999.90 99999.90 99999.90 99999.90
17.94 19.65 20.72 20.72 20.72 20.72 18.93 18.93 20.24 20.24 18.49 18.49 18.49 18.49 18.49 18.49 18.49 18.56 17.54 99999.90 99999.90 99999.90 99999.90 99999.90 99999.90 99999.90 99999.90 99999.90 99999.90 99999.90 99999.90 99999.90 99999.90 99999.90 99999.90 99999.90 99999.90 99999.90 99999.90 99999.90 99999.90 99999.90 99999.90 99999.90 99999.90 99999.90 99999.90 99999.90 99999.90 99999.90 99999.90 99999.90 99999.90 99999.90 99999.90 99999.90 99999.90 99999.90 99999.90 99999.90 99999.90 99999.90 99999.90 99999.90 99999.90 99999.90 99999.90 99999.90 99999.90 99999.90 99999.90 99999.90 99999.90 99999.90 99999.90 99999.90 99999.90
