main/data/irradiance/15.02.2023.grid
ncols 839
nrows 679
xllcenter 112.0500
yllcenter -43.9500
cellsize 0.0500
nodata_value 99999.90
[rows 272 to 305 of 679, columns 539 to 615 of 839]
28.22 28.14 28.41 28.74 28.67 28.66 28.69 28.65 28.52 28.51 28.60 28.68 28.73 28.65 28.64 27.64 28.70 28.73 28.77 28.80 28.21 28.49 28.37 28.61 28.61 28.58 28.47 28.50 28.51 28.47 28.33 28.59 28.69 28.69 28.75 28.75 28.72 28.69 28.66 28.66 28.66 28.69 27.32 26.58 28.55 28.54 28.57 28.49 28.60 28.60 28.57 28.59 28.61 28.59 28.60 28.61 28.59 28.58 28.59 28.68 28.68 28.67 28.67 28.70 28.67 28.70 28.67 28.67 28.69 28.66 28.65 28.61 28.61 28.58 28.58 28.59 28.58
28.22 28.16 27.92 28.42 28.63 28.71 28.71 28.36 28.34 28.50 28.68 28.69 28.71 28.65 28.64 26.52 28.73 28.72 28.78 28.80 28.28 28.66 28.76 28.62 28.61 28.50 28.55 28.57 28.55 28.56 28.63 28.72 28.73 28.62 28.71 28.71 28.67 28.68 28.65 28.68 28.63 28.68 26.70 28.28 28.60 28.60 28.55 28.47 28.54 28.47 28.50 28.53 28.63 28.59 28.61 28.57 28.49 28.53 28.54 28.68 28.73 28.62 28.70 28.65 28.61 28.66 28.66 28.69 28.69 28.67 28.62 28.60 28.58 28.58 28.59 28.59 28.58
28.48 28.35 28.30 28.22 28.11 28.67 28.76 28.14 28.28 28.45 28.69 28.71 28.75 28.79 28.65 27.56 28.70 28.71 28.78 28.79 28.65 28.66 28.62 28.53 28.59 28.59 28.64 28.57 28.50 28.60 28.63 28.69 28.67 28.68 28.69 28.69 28.65 28.65 28.62 28.56 28.63 26.74 26.57 28.65 28.64 28.55 28.50 28.55 28.49 28.42 28.50 28.46 28.55 28.52 28.50 28.55 28.47 28.49 28.52 28.63 28.57 28.55 28.62 28.63 28.60 28.64 28.65 28.63 28.63 28.64 28.62 28.60 28.60 28.58 28.61 28.60 28.59
28.63 28.62 28.55 28.51 28.36 28.38 28.76 28.49 28.21 28.24 28.53 28.67 28.73 28.72 28.67 28.44 28.71 28.63 28.68 28.54 28.28 28.02 27.69 27.85 28.34 28.52 28.54 28.56 28.51 28.58 28.68 28.61 28.32 28.65 28.70 28.71 28.68 28.68 28.57 28.53 28.65 25.51 27.57 28.58 28.63 28.68 28.67 28.60 28.48 28.42 28.47 28.50 28.53 28.55 28.51 28.51 28.50 28.51 28.55 28.61 28.58 28.55 28.57 28.58 28.57 28.58 28.59 28.64 28.64 28.67 28.65 28.61 28.59 28.58 28.57 28.57 28.60
28.69 28.77 28.66 28.66 28.30 28.36 28.55 28.48 28.28 27.95 28.00 28.60 28.69 28.69 28.67 28.78 27.90 28.62 28.71 28.31 28.50 28.06 27.90 28.24 28.32 28.58 28.61 28.41 28.29 28.28 28.12 28.16 28.29 28.64 28.67 28.67 28.67 28.67 28.66 28.56 28.43 25.58 27.26 28.64 28.64 28.73 28.70 28.62 28.53 28.59 28.47 28.51 28.47 28.50 28.52 28.52 28.47 28.49 28.53 28.55 28.55 28.51 28.55 28.58 28.63 28.63 28.61 28.61 28.64 28.65 28.64 28.61 28.59 28.58 28.56 28.56 28.62
28.50 28.79 28.60 28.58 28.30 28.59 28.41 28.49 28.28 28.20 28.24 27.91 28.73 28.64 28.70 28.77 27.54 28.45 28.66 28.53 28.54 28.34 28.18 28.36 28.19 28.41 28.45 28.18 27.97 27.70 27.73 27.80 28.01 28.30 28.66 28.68 28.69 28.64 28.68 28.63 28.09 26.99 26.36 28.55 28.62 28.70 28.57 28.57 28.59 28.64 28.59 28.53 28.46 28.44 28.50 28.51 28.51 28.50 28.50 28.46 28.51 28.47 28.53 28.54 28.60 28.64 28.57 28.57 28.58 28.65 28.65 28.63 28.58 28.56 28.58 28.57 28.61
28.29 28.77 28.54 28.22 28.30 28.66 28.47 28.29 28.11 28.03 28.18 28.02 28.68 28.63 28.68 28.72 27.65 28.53 28.65 28.58 28.30 27.91 28.36 28.44 28.40 28.26 27.97 28.18 28.09 27.88 27.80 27.94 28.16 28.20 28.49 28.68 28.72 28.70 28.67 28.68 28.64 27.55 25.76 28.53 28.62 28.65 28.60 28.54 28.53 28.52 28.54 28.51 28.48 28.47 28.46 28.50 28.50 28.50 28.50 28.48 28.55 28.52 28.50 28.50 28.59 28.59 28.56 28.57 28.51 28.62 28.63 28.60 28.57 28.60 28.62 28.60 28.60
28.23 28.13 27.56 27.77 27.84 28.39 28.33 28.22 28.11 28.00 28.11 27.85 28.62 28.63 28.61 28.71 27.99 28.68 28.68 28.58 28.12 27.98 28.29 28.35 28.36 28.22 28.32 28.00 27.61 27.67 27.66 27.82 28.13 28.28 28.67 28.67 28.72 28.70 28.69 28.69 28.66 28.44 25.81 28.57 28.64 28.60 28.58 28.58 28.58 28.58 28.51 28.47 28.46 28.44 28.43 28.45 28.54 28.59 28.55 28.50 28.55 28.52 28.51 28.53 28.59 28.61 28.57 28.52 28.48 28.55 28.62 28.59 28.65 28.62 28.60 28.61 28.59
28.17 28.01 27.73 27.98 27.61 28.25 28.20 27.98 28.18 28.00 27.75 28.40 28.62 28.61 28.64 28.73 28.60 28.66 28.65 28.70 28.14 28.16 28.17 28.27 28.16 28.19 28.14 28.16 27.71 27.52 27.68 28.20 28.50 28.68 28.70 28.72 28.71 28.73 28.73 28.66 28.66 28.05 25.98 28.66 28.65 28.72 28.68 28.65 28.51 28.67 28.61 28.61 28.51 28.48 28.43 28.45 28.55 28.60 28.61 28.49 28.56 28.55 28.49 28.52 28.54 28.59 28.57 28.52 28.54 28.61 28.68 28.67 28.67 28.57 28.57 28.54 28.57
27.78 27.82 27.39 27.90 28.32 28.33 28.13 27.98 28.23 28.05 27.97 28.36 28.59 28.61 28.67 28.64 28.64 28.54 28.58 28.68 28.15 28.22 28.22 28.34 28.38 28.22 28.28 28.33 27.93 27.74 27.93 28.30 28.66 28.71 28.70 28.73 28.70 28.70 28.68 28.67 28.66 27.21 27.76 28.70 28.71 28.70 28.68 28.68 28.73 28.69 28.55 28.53 28.54 28.52 28.54 28.44 28.53 28.61 28.62 28.53 28.54 28.54 28.53 28.57 28.60 28.60 28.61 28.61 28.66 28.66 28.63 28.61 28.61 28.56 28.58 28.55 28.60
27.92 28.17 27.98 27.77 27.93 28.35 28.19 28.08 28.15 27.95 28.20 28.67 28.58 28.53 28.63 28.59 28.56 28.56 28.56 28.66 27.39 27.69 27.87 28.04 28.37 28.20 28.09 28.26 28.36 27.95 27.77 28.56 28.15 28.24 28.20 28.17 27.76 28.45 28.48 28.59 28.63 26.78 28.27 28.72 28.74 28.63 28.63 28.59 28.55 28.53 28.65 28.57 28.54 28.53 28.50 28.45 28.58 28.57 28.61 28.59 28.59 28.62 28.64 28.65 28.65 28.66 28.63 28.64 28.64 28.64 28.63 28.62 28.60 28.55 28.56 28.60 28.62
28.38 28.43 27.87 27.87 28.04 28.32 27.86 28.08 28.00 28.20 28.68 28.56 28.56 28.51 28.51 28.45 28.54 28.58 28.58 28.66 27.55 28.18 28.33 28.22 28.30 28.25 28.20 28.12 28.46 28.43 28.32 28.43 28.14 27.50 28.10 28.00 27.68 27.98 28.27 28.44 28.46 26.49 28.06 28.67 28.72 28.72 28.67 28.61 28.58 28.55 28.58 28.63 28.58 28.60 28.59 28.52 28.60 28.58 28.59 28.61 28.62 28.63 28.61 28.59 28.57 28.57 28.60 28.64 28.64 28.64 28.62 28.61 28.61 28.55 28.53 28.59 28.61
28.72 28.74 28.45 28.42 28.43 28.39 28.25 28.02 28.01 28.56 28.59 28.56 28.57 28.54 28.52 28.53 28.57 28.54 28.59 27.87 27.73 28.03 28.27 28.33 28.34 28.39 28.31 27.82 28.44 28.65 28.73 28.73 28.29 27.71 27.72 27.54 27.60 27.90 28.20 28.02 28.07 27.28 28.68 28.51 28.66 28.68 28.66 28.62 28.61 28.59 28.51 28.65 28.64 28.49 28.51 28.55 28.59 28.57 28.48 28.55 28.60 28.66 28.65 28.65 28.61 28.64 28.66 28.63 28.64 28.62 28.61 28.61 28.62 28.58 28.60 28.62 28.60
28.48 28.32 28.41 28.60 28.45 28.32 28.07 27.97 28.72 28.68 28.61 28.59 28.52 28.53 28.53 28.57 28.54 28.54 28.74 28.70 28.08 28.11 28.30 28.28 28.18 28.41 27.89 28.68 28.66 28.75 28.68 28.71 28.64 27.97 27.41 27.23 28.10 27.98 28.36 28.30 28.06 28.12 28.66 28.66 28.63 28.63 28.62 28.57 28.51 28.53 28.54 28.58 28.54 28.50 28.57 28.56 28.57 28.53 28.44 28.50 28.54 28.59 28.64 28.66 28.67 28.67 28.62 28.59 28.59 28.62 28.60 28.62 28.60 28.59 28.62 28.63 28.62
28.47 28.28 28.76 28.32 28.45 28.40 28.23 28.05 28.66 28.66 28.68 28.62 28.60 28.58 28.55 28.54 28.54 28.69 28.28 28.43 28.46 28.43 28.38 28.12 27.37 27.65 27.73 28.14 28.72 28.44 28.77 28.56 28.34 28.43 27.86 28.11 28.17 28.21 28.36 28.21 28.29 28.68 28.68 28.68 28.66 28.62 28.63 28.58 28.52 28.49 28.52 28.57 28.57 28.55 28.62 28.57 28.51 28.51 28.52 28.57 28.59 28.59 28.71 28.68 28.67 28.68 28.65 28.64 28.62 28.60 28.60 28.61 28.58 28.60 28.59 28.59 28.59
28.32 28.70 28.34 28.30 28.36 28.25 28.25 28.55 28.25 28.64 28.68 28.68 28.59 28.62 28.61 28.66 28.73 28.37 28.23 28.31 28.08 28.33 28.32 28.21 27.55 28.00 28.77 27.84 28.28 28.68 28.70 28.63 28.55 28.61 28.25 28.03 27.96 28.06 28.01 27.99 28.58 28.34 28.42 28.46 28.26 28.26 28.55 28.51 28.42 28.54 28.58 28.58 28.59 28.58 28.59 28.61 28.59 28.56 28.54 28.56 28.62 28.70 28.76 28.63 28.63 28.58 28.64 28.61 28.61 28.62 28.62 28.62 28.57 28.55 28.58 28.58 28.58
28.58 28.59 28.28 28.35 28.43 28.40 28.82 28.81 28.77 28.72 28.76 28.31 28.64 28.69 28.80 28.26 28.04 28.07 28.37 28.71 28.61 28.37 28.42 28.47 27.46 27.98 28.21 27.94 28.27 28.46 28.73 28.37 28.20 27.99 28.44 28.37 28.11 27.49 28.02 28.42 28.59 28.60 28.18 28.29 27.99 28.24 28.37 28.60 28.47 28.60 28.62 28.57 28.60 28.60 28.62 28.64 28.59 28.58 28.59 28.63 28.61 28.66 28.73 28.71 28.68 28.68 28.66 28.62 28.63 28.60 28.62 28.61 28.58 28.58 28.62 28.62 28.61
28.16 28.28 28.26 28.76 28.79 28.48 28.29 28.83 28.59 28.63 28.35 28.70 28.70 28.74 28.40 28.15 28.48 28.39 28.33 28.44 28.33 28.30 28.60 28.39 27.67 27.85 27.85 28.23 28.34 28.40 28.64 28.37 27.89 28.43 28.57 28.29 28.07 28.28 28.64 28.58 28.75 28.74 28.70 28.32 28.28 28.24 27.98 27.90 27.99 28.57 28.64 28.60 28.66 28.62 28.58 28.57 28.61 28.61 28.59 28.63 28.62 28.67 28.73 28.70 28.65 28.68 28.64 28.60 28.60 28.60 28.61 28.59 28.57 28.60 28.63 28.62 28.61
28.14 28.22 28.33 28.77 28.64 28.19 28.22 28.43 28.72 28.61 28.73 28.72 28.73 28.66 28.49 28.50 28.47 28.66 28.60 28.57 28.52 28.53 28.51 28.41 28.41 28.24 28.02 28.42 28.48 28.39 28.29 28.32 28.09 28.23 28.23 28.30 28.44 28.51 28.63 28.65 28.74 28.75 28.75 28.50 28.32 27.82 27.55 27.94 28.13 28.45 28.61 28.63 28.67 28.60 28.60 28.59 28.61 28.61 28.61 28.63 28.62 28.63 28.68 28.65 28.65 28.68 28.63 28.60 28.61 28.60 28.59 28.56 28.59 28.60 28.62 28.62 28.61
28.16 28.19 28.09 28.23 28.22 28.31 28.42 28.38 28.56 28.40 28.66 28.72 28.70 28.72 28.72 28.54 28.58 28.40 28.58 28.49 28.38 28.66 28.45 28.38 28.43 28.56 28.65 28.63 28.45 28.43 28.42 28.17 28.22 28.47 28.05 27.86 27.92 28.61 28.68 28.69 28.45 28.65 28.70 28.47 28.30 28.41 27.53 27.56 27.91 28.37 28.50 28.63 28.66 28.60 28.64 28.58 28.62 28.62 28.61 28.61 28.60 28.56 28.61 28.61 28.66 28.62 28.62 28.61 28.60 28.61 28.59 28.58 28.57 28.57 28.58 28.60 28.61
28.12 28.15 28.13 27.90 27.79 28.06 28.06 28.35 28.45 28.75 28.68 28.68 28.70 28.70 28.69 28.68 28.59 28.24 28.67 28.24 28.17 28.49 28.36 28.39 28.69 28.65 28.67 28.63 28.55 28.40 28.46 28.20 28.44 28.40 28.47 28.33 28.45 27.58 28.05 28.64 28.25 28.57 28.70 28.69 28.36 28.23 27.95 28.17 28.34 28.53 28.55 28.59 28.65 28.62 28.60 28.62 28.63 28.63 28.62 28.61 28.57 28.55 28.54 28.62 28.60 28.61 28.63 28.62 28.59 28.62 28.58 28.57 28.55 28.57 28.57 28.59 28.60
28.41 28.24 28.09 28.13 28.16 27.84 27.86 28.02 28.18 28.78 28.70 28.69 28.71 28.63 28.52 28.51 28.62 28.30 28.69 28.21 28.14 28.51 28.29 28.25 28.54 28.70 28.69 28.69 28.45 28.35 28.45 28.16 28.51 28.41 28.49 28.54 28.39 28.00 28.22 28.40 28.71 28.71 28.71 28.70 28.71 28.63 28.53 28.40 28.60 28.56 28.64 28.66 28.64 28.63 28.60 28.60 28.61 28.63 28.64 28.61 28.57 28.58 28.54 28.59 28.60 28.62 28.63 28.64 28.61 28.60 28.47 28.48 28.48 28.55 28.56 28.58 28.59
28.78 28.78 28.55 28.78 28.79 28.80 28.74 28.16 28.73 28.73 28.65 28.67 28.69 28.51 28.37 28.72 28.70 28.76 28.74 28.33 28.15 28.35 28.29 28.22 28.32 28.59 28.70 28.34 28.38 28.38 28.46 28.49 28.57 28.56 28.59 28.46 28.44 28.52 28.53 28.72 28.72 28.69 28.69 28.69 28.70 28.71 28.51 28.57 28.57 28.59 28.65 28.61 28.66 28.58 28.58 28.60 28.61 28.62 28.60 28.55 28.54 28.55 28.53 28.57 28.61 28.60 28.61 28.61 28.61 28.59 28.58 28.56 28.58 28.60 28.59 28.57 28.56
28.72 28.76 28.76 28.75 28.80 28.79 28.77 28.72 28.67 28.62 28.58 28.60 28.67 28.70 28.62 24.68 22.79 28.26 28.71 28.27 28.42 28.19 28.16 28.12 28.31 28.51 28.41 28.38 28.29 28.56 28.48 28.27 28.29 28.18 27.66 28.07 28.43 28.40 28.55 28.70 28.67 28.58 28.46 28.33 28.56 28.60 28.53 28.58 28.60 28.60 28.61 28.62 28.65 28.61 28.59 28.54 28.62 28.64 28.55 28.56 28.54 28.52 28.51 28.60 28.58 28.59 28.61 28.59 28.65 28.61 28.61 28.61 28.61 28.60 28.59 28.57 28.53
28.70 28.67 28.23 28.21 28.22 28.23 28.69 28.70 28.54 28.45 28.52 28.55 28.54 28.64 28.57 28.55 27.27 28.57 28.08 28.28 28.13 28.22 28.18 28.30 28.24 28.31 28.36 28.18 28.10 28.37 28.58 28.51 28.49 28.07 27.81 28.18 28.40 28.37 28.48 28.53 28.49 28.51 28.24 28.22 28.30 28.52 28.58 28.62 28.59 28.65 28.62 28.64 28.58 28.59 28.55 28.55 28.63 28.62 28.58 28.62 28.56 28.51 28.52 28.62 28.61 28.60 28.63 28.63 28.64 28.63 28.63 28.63 28.62 28.60 28.61 28.60 28.57
28.71 28.35 28.21 28.42 28.16 27.99 28.47 28.52 28.47 28.27 28.50 28.48 28.52 28.48 28.49 28.74 28.25 28.14 28.10 28.18 28.13 28.02 28.16 28.25 28.32 28.42 28.22 27.93 28.49 28.34 28.33 28.36 28.52 28.11 28.12 28.27 28.37 28.43 28.56 28.67 28.57 28.45 28.24 28.18 28.40 28.60 28.51 28.59 28.63 28.69 28.59 28.58 28.58 28.54 28.52 28.54 28.64 28.66 28.62 28.60 28.57 28.52 28.51 28.52 28.64 28.65 28.63 28.66 28.64 28.61 28.61 28.61 28.61 28.61 28.60 28.60 28.61
28.65 28.30 28.24 28.15 28.12 28.20 28.26 28.65 28.56 28.52 28.64 28.69 28.71 28.46 28.15 28.18 28.10 28.26 27.96 28.05 27.96 28.02 28.16 28.20 28.24 28.32 28.06 28.13 28.62 28.57 28.25 28.52 28.49 28.18 28.38 28.47 28.51 28.32 28.49 28.47 28.53 28.46 28.34 28.34 28.31 28.62 28.60 28.66 28.73 28.67 28.67 28.56 28.64 28.60 28.60 28.65 28.67 28.66 28.61 28.63 28.60 28.56 28.51 28.50 28.58 28.64 28.69 28.68 28.65 28.63 28.59 28.62 28.58 28.56 28.58 28.59 28.60
28.69 28.51 28.34 28.29 28.08 28.30 28.21 28.28 28.22 28.13 27.97 28.69 28.72 28.20 28.12 28.17 28.01 28.01 28.05 28.72 28.25 28.24 27.63 28.27 27.95 28.02 28.17 28.34 28.57 28.55 28.55 28.52 28.28 28.10 28.35 28.67 28.66 28.55 28.44 28.39 28.59 28.53 28.30 28.41 28.40 28.55 28.64 28.72 28.67 28.64 28.66 28.59 28.65 28.65 28.59 28.67 28.66 28.65 28.60 28.61 28.56 28.53 28.52 28.50 28.60 28.65 28.61 28.65 28.62 28.60 28.61 28.62 28.58 28.53 28.56 28.55 28.59
28.72 28.73 28.35 28.12 28.10 28.27 28.53 28.32 27.93 28.04 27.77 28.86 28.85 27.99 28.02 27.91 28.35 27.94 27.54 27.31 28.01 27.56 28.27 28.20 28.21 28.13 28.61 28.50 28.48 28.46 28.49 28.47 28.59 28.24 28.29 28.69 28.58 28.47 28.59 28.34 28.29 28.34 28.24 28.25 28.46 28.64 28.67 28.67 28.60 28.56 28.60 28.55 28.64 28.57 28.46 28.54 28.52 28.55 28.54 28.52 28.53 28.48 28.55 28.57 28.64 28.71 28.68 28.67 28.60 28.66 28.65 28.60 28.56 28.61 28.60 28.55 28.57
28.57 28.73 28.70 28.24 28.27 28.21 28.68 28.10 28.04 28.60 28.43 28.40 28.32 27.96 27.95 28.04 28.12 27.01 27.44 27.99 28.20 28.44 28.17 28.42 28.19 28.23 28.18 28.63 28.55 28.41 28.50 28.45 28.55 28.08 28.11 27.91 28.36 28.67 28.51 28.43 28.24 28.26 28.40 28.37 28.41 28.59 28.66 28.66 28.66 28.64 28.61 28.53 28.55 28.61 28.49 28.46 28.44 28.46 28.52 28.52 28.51 28.51 28.52 28.60 28.63 28.60 28.65 28.71 28.61 28.67 28.66 28.60 28.57 28.57 28.58 28.61 28.64
28.49 28.72 28.60 28.18 28.05 28.55 28.11 28.02 27.81 28.59 28.49 27.98 27.58 27.91 27.84 28.06 26.60 25.86 28.18 28.36 28.30 28.07 28.01 28.26 28.34 28.42 28.41 28.24 28.54 28.36 28.40 28.35 28.36 28.22 28.06 28.30 28.28 28.45 28.20 28.44 28.36 28.29 28.34 28.33 28.35 28.55 28.68 28.66 28.63 28.45 28.48 28.53 28.47 28.47 28.51 28.51 28.48 28.46 28.50 28.54 28.55 28.53 28.61 28.58 28.64 28.72 28.70 28.72 28.67 28.61 28.64 28.59 28.60 28.58 28.56 28.65 28.55
28.42 28.53 27.95 27.68 28.13 28.28 28.01 28.05 27.71 28.15 28.73 28.28 28.40 28.04 27.95 26.02 26.45 26.84 28.04 28.11 28.28 28.15 28.38 28.59 28.26 28.28 27.94 27.66 28.40 28.30 27.86 28.30 28.30 28.13 28.09 28.31 28.42 28.48 28.48 28.34 28.40 28.39 28.26 28.33 28.61 28.66 28.65 28.60 28.57 28.53 28.54 28.61 28.42 28.50 28.60 28.52 28.52 28.52 28.50 28.53 28.57 28.63 28.60 28.56 28.57 28.69 28.74 28.71 28.71 28.59 28.62 28.61 28.63 28.59 28.62 28.56 28.31
28.16 28.36 28.30 28.56 28.12 27.98 28.37 28.23 28.19 28.14 28.37 28.43 28.73 28.48 28.57 28.00 28.02 27.95 27.77 27.93 28.25 28.34 28.39 28.12 28.08 28.13 28.38 28.16 28.14 28.27 28.03 28.11 28.27 28.10 28.55 28.54 28.56 28.56 27.87 28.10 28.44 28.21 28.18 28.53 28.69 28.64 28.62 28.49 28.64 28.61 28.47 28.42 28.37 28.44 28.42 28.44 28.47 28.53 28.51 28.51 28.52 28.57 28.60 28.62 28.56 28.69 28.76 28.71 28.70 28.61 28.58 28.61 28.58 28.59 28.54 28.53 28.50
28.01 28.27 28.42 28.25 28.21 27.98 28.36 28.52 28.19 28.02 28.02 28.18 28.02 28.00 27.95 28.03 27.86 27.97 27.96 27.99 28.22 28.30 28.39 28.49 28.41 27.82 27.95 28.17 28.08 28.27 27.98 28.16 28.34 28.61 28.60 28.74 28.49 28.36 28.28 28.33 28.15 28.23 28.36 28.65 28.71 28.66 28.65 28.62 28.63 28.57 28.49 28.43 28.41 28.35 28.52 28.56 28.54 28.55 28.51 28.53 28.55 28.58 28.58 28.59 28.59 28.72 28.74 28.70 28.68 28.65 28.54 28.57 28.61 28.60 28.58 28.55 28.43
