main/data/irradiance/15.07.2023.grid
ncols 839
nrows 679
xllcenter 112.0500
yllcenter -43.9500
cellsize 0.0500
nodata_value 99999.90
[rows 102 to 135 of 679, columns 308 to 384 of 839]
19.80 19.84 19.85 19.87 19.85 19.85 19.79 19.79 19.73 19.75 19.77 19.77 19.74 19.74 19.86 19.86 19.81 19.87 19.86 19.86 19.89 19.88 19.84 19.80 19.77 19.81 19.82 19.83 19.80 19.74 19.74 19.71 19.69 19.73 19.67 19.67 19.72 19.65 19.67 19.54 19.52 19.63 19.69 19.69 19.72 19.72 19.74 19.75 19.71 19.71 19.76 19.75 19.73 19.72 19.74 19.70 19.69 19.70 19.69 19.72 19.72 19.70 19.68 19.69 19.63 19.57 19.61 19.58 19.63 19.69 19.69 19.56 19.57 19.63 19.65 19.66 19.65
19.82 19.82 19.84 19.84 19.84 19.83 19.76 19.72 19.82 19.84 19.78 19.74 19.82 19.82 19.86 19.55 19.55 19.80 19.85 19.84 19.87 19.86 19.84 19.83 19.77 19.80 19.84 19.82 19.80 19.77 19.76 19.77 19.73 19.68 19.77 19.74 19.57 19.45 19.43 19.39 19.34 19.55 19.62 19.84 19.84 19.80 19.80 19.87 19.70 19.72 19.72 19.67 19.70 19.68 19.74 19.73 19.70 19.69 19.70 19.71 19.71 19.65 19.64 19.65 19.58 19.64 19.59 19.65 19.63 19.69 19.68 19.59 19.55 19.57 19.60 19.61 19.54
19.79 19.76 19.84 19.83 19.78 19.82 19.80 19.76 19.75 19.75 19.79 19.72 19.72 19.72 19.78 19.78 19.55 19.72 19.83 19.80 19.82 19.84 19.83 19.82 19.70 19.80 19.82 19.80 19.79 19.77 19.78 19.80 19.78 19.72 19.65 19.64 19.51 19.63 19.28 19.34 19.68 19.68 19.69 19.73 19.74 19.72 19.69 19.79 19.82 19.83 19.77 19.73 19.67 19.71 19.73 19.72 19.69 19.71 19.69 19.72 19.72 19.68 19.66 19.59 19.62 19.62 19.61 19.65 19.64 19.64 19.67 19.68 19.51 19.53 19.55 19.44 19.54
19.76 19.74 19.77 19.80 19.81 19.71 19.78 19.73 19.72 19.73 19.75 19.79 19.72 19.80 19.80 19.73 19.73 19.86 19.82 19.79 19.71 19.79 19.80 19.80 19.75 19.78 19.76 19.73 19.71 19.73 19.77 19.78 19.75 19.66 19.58 19.66 19.68 19.69 19.41 19.57 19.69 19.70 19.75 19.69 19.64 19.68 19.75 19.77 19.86 19.76 19.72 19.73 19.69 19.73 19.72 19.74 19.74 19.71 19.67 19.63 19.64 19.67 19.64 19.51 19.55 19.62 19.62 19.62 19.63 19.61 19.63 19.64 19.62 19.57 19.54 19.44 19.56
19.79 19.77 19.74 19.70 19.78 19.79 19.73 19.74 19.72 19.72 19.81 19.86 19.86 19.67 19.67 19.89 19.89 19.86 19.77 19.78 19.74 19.75 19.78 19.79 19.74 19.76 19.75 19.75 19.72 19.76 19.76 19.72 19.70 19.61 19.54 19.65 19.67 19.70 19.67 19.66 19.71 19.75 19.74 19.68 19.65 19.75 19.77 19.78 19.84 19.73 19.74 19.70 19.71 19.72 19.73 19.70 19.72 19.70 19.66 19.67 19.60 19.63 19.53 19.54 19.62 19.65 19.68 19.68 19.64 19.62 19.58 19.65 19.67 19.59 19.57 19.58 19.43
19.78 19.75 19.76 19.75 19.74 19.73 19.69 19.70 19.68 19.67 19.83 19.89 19.81 19.81 19.41 19.64 19.81 19.50 19.47 19.76 19.76 19.77 19.72 19.71 19.73 19.75 19.75 19.75 19.74 19.71 19.69 19.67 19.65 19.60 19.64 19.63 19.65 19.60 19.60 19.63 19.67 19.71 19.76 19.67 19.66 19.75 19.75 19.75 19.82 19.77 19.65 19.65 19.73 19.71 19.69 19.78 19.74 19.74 19.64 19.64 19.60 19.72 19.66 19.65 19.66 19.67 19.67 19.66 19.64 19.64 19.65 19.60 19.63 19.62 19.54 19.55 19.52
19.72 19.68 19.72 19.75 19.74 19.75 19.72 19.70 19.69 19.69 19.74 19.88 19.81 19.68 19.68 19.69 19.69 19.61 19.61 19.77 19.76 19.73 19.75 19.74 19.74 19.74 19.75 19.75 19.72 19.76 19.59 19.59 19.54 19.60 19.65 19.55 19.60 19.63 19.56 19.53 19.59 19.66 19.66 19.69 19.70 19.70 19.70 19.69 19.78 19.78 19.76 19.76 19.69 19.70 19.72 19.60 19.62 19.66 19.68 19.62 19.68 19.72 19.69 19.66 19.69 19.65 19.65 19.64 19.59 19.65 19.66 19.63 19.60 19.61 19.41 19.41 19.60
19.73 19.71 19.71 19.70 19.74 19.75 19.75 19.75 19.71 19.69 19.75 19.73 19.79 19.72 19.74 19.66 19.69 19.53 19.69 19.73 19.55 19.66 19.72 19.74 19.72 19.73 19.73 19.74 19.73 19.66 19.63 19.60 19.63 19.64 19.62 19.60 19.59 19.60 19.62 19.52 19.51 19.60 19.61 19.62 19.67 19.68 19.65 19.67 19.66 19.65 19.63 19.67 19.65 19.70 19.63 19.61 19.67 19.68 19.70 19.64 19.70 19.67 19.67 19.66 19.63 19.63 19.62 19.58 19.62 19.63 19.61 19.63 19.59 19.62 19.59 19.57 19.60
19.71 19.70 19.70 19.69 19.71 19.73 19.72 19.67 19.55 19.55 19.71 19.69 19.78 19.74 19.73 19.66 19.52 19.68 19.71 19.66 19.62 19.66 19.63 19.65 19.67 19.69 19.65 19.73 19.61 19.62 19.56 19.63 19.60 19.56 19.57 19.54 19.53 19.55 19.53 19.50 19.47 19.54 19.58 19.61 19.64 19.66 19.68 19.67 19.61 19.57 19.56 19.63 19.66 19.58 19.60 19.57 19.63 19.66 19.68 19.63 19.68 19.65 19.66 19.66 19.62 19.62 19.63 19.65 19.63 19.59 19.63 19.63 19.62 19.61 19.62 19.61 19.63
19.69 19.68 19.66 19.69 19.68 19.66 19.57 19.50 19.68 19.68 19.68 19.52 19.82 19.79 19.74 19.65 19.70 19.65 19.73 19.72 19.71 19.57 19.59 19.53 19.61 19.66 19.68 19.70 19.63 19.68 19.62 19.52 19.57 19.50 19.53 19.53 19.54 19.54 19.51 19.45 19.44 19.46 19.47 19.53 19.59 19.61 19.58 19.57 19.59 19.58 19.57 19.61 19.57 19.53 19.58 19.59 19.59 19.63 19.59 19.60 19.62 19.61 19.63 19.63 19.63 19.62 19.65 19.63 19.66 19.57 19.58 19.56 19.58 19.63 19.62 19.60 19.59
19.67 19.63 19.64 19.67 19.67 19.63 19.56 19.56 19.66 19.72 19.67 19.64 19.69 19.68 19.68 19.67 19.67 19.62 19.69 19.69 19.58 19.51 19.51 19.58 19.63 19.66 19.66 19.67 19.66 19.66 19.62 19.53 19.51 19.55 19.53 19.55 19.52 19.57 19.55 19.53 19.55 19.53 19.52 19.55 19.52 19.53 19.50 19.54 19.60 19.57 19.52 19.47 19.42 19.52 19.51 19.50 19.53 19.51 19.47 19.52 19.53 19.55 19.55 19.54 19.49 19.52 19.55 19.68 19.60 19.58 19.57 19.50 19.53 19.61 19.63 19.65 19.63
19.66 19.67 19.64 19.61 19.59 19.59 19.59 19.53 19.59 19.64 19.61 19.58 19.62 19.67 19.69 19.66 19.67 19.62 19.60 19.56 19.55 19.55 19.59 19.63 19.66 19.62 19.65 19.64 19.64 19.64 19.61 19.54 19.54 19.60 19.55 19.49 19.52 19.52 19.54 19.55 19.55 19.56 19.48 19.46 19.47 19.44 19.46 19.51 19.54 19.60 19.40 19.43 19.51 19.48 19.52 19.50 19.56 19.55 19.50 19.50 19.53 19.54 19.53 19.51 19.47 19.44 19.51 19.59 19.54 19.49 19.51 19.54 19.59 19.62 19.63 19.60 19.61
19.65 19.66 19.66 19.63 19.60 19.56 19.54 19.53 19.62 19.60 19.57 19.57 19.62 19.66 19.65 19.61 19.56 19.63 19.58 19.57 19.57 19.58 19.59 19.64 19.64 19.61 19.59 19.62 19.65 19.63 19.53 19.51 19.49 19.51 19.52 19.53 19.57 19.58 19.59 19.56 19.53 19.50 19.46 19.37 19.36 19.34 19.43 19.51 19.52 19.48 19.30 19.40 19.45 19.44 19.53 19.51 19.47 19.50 19.48 19.48 19.52 19.54 19.51 19.49 19.48 19.52 19.51 19.39 19.41 19.51 19.53 19.52 19.57 19.61 19.61 19.59 19.59
19.62 19.63 19.61 19.59 19.61 19.63 19.57 19.49 19.57 19.63 19.56 19.56 19.57 19.55 19.62 19.61 19.55 19.57 19.55 19.57 19.61 19.55 19.61 19.60 19.59 19.60 19.59 19.59 19.61 19.61 19.55 19.52 19.42 19.40 19.51 19.53 19.58 19.58 19.57 19.50 19.51 19.50 19.47 19.36 19.40 19.39 19.37 19.50 19.37 19.35 19.25 19.28 19.44 19.45 19.48 19.47 19.43 19.45 19.40 19.41 19.43 19.41 19.46 19.38 19.46 19.47 19.39 19.41 19.54 19.54 19.54 19.52 19.54 19.58 19.57 19.59 19.57
19.60 19.61 19.61 19.57 19.58 19.60 19.53 19.44 19.56 19.62 19.60 19.60 19.54 19.53 19.52 19.58 19.59 19.61 19.58 19.58 19.61 19.60 19.59 19.61 19.59 19.61 19.58 19.40 19.33 19.51 19.57 19.50 19.42 19.41 19.53 19.50 19.50 19.57 19.51 19.46 19.49 19.50 19.45 19.40 19.33 19.46 19.54 19.44 19.33 19.37 19.38 19.46 19.52 19.47 19.46 19.45 19.44 19.45 19.45 19.43 19.40 19.40 19.38 19.45 19.42 19.39 19.40 19.53 19.54 19.50 19.52 19.46 19.53 19.53 19.55 19.56 19.47
19.58 19.59 19.56 19.55 19.53 19.50 19.47 19.53 19.55 19.56 19.62 19.59 19.54 19.52 19.54 19.59 19.60 19.57 19.58 19.57 19.55 19.53 19.58 19.57 19.55 19.54 19.56 19.49 19.51 19.50 19.56 19.56 19.48 19.43 19.51 19.54 19.49 19.54 19.50 19.50 19.53 19.47 19.45 19.41 19.36 19.38 19.43 19.37 19.36 19.41 19.47 19.50 19.47 19.47 19.45 19.38 19.40 19.40 19.41 19.40 19.40 19.36 19.37 19.34 19.36 19.40 19.48 19.46 19.45 19.51 19.53 19.54 19.53 19.51 19.49 19.50 19.50
19.53 19.56 19.56 19.55 19.49 19.54 19.45 19.41 19.48 19.54 19.55 19.55 19.53 19.56 19.58 19.59 19.59 19.55 19.53 19.52 19.54 19.55 19.56 19.54 19.55 19.52 19.51 19.52 19.52 19.52 19.55 19.56 19.52 19.45 19.54 19.54 19.52 19.56 19.55 19.54 19.52 19.46 19.39 19.38 19.35 19.32 19.37 19.40 19.39 19.42 19.40 19.44 19.45 19.44 19.46 19.44 19.40 19.45 19.39 19.37 19.39 19.37 19.36 19.35 19.35 19.44 19.45 19.48 19.47 19.41 19.48 19.48 19.50 19.49 19.46 19.43 19.44
19.52 19.50 19.51 19.50 19.47 19.48 19.48 19.47 19.54 19.52 19.53 19.53 19.52 19.50 19.51 19.52 19.52 19.53 19.51 19.54 19.52 19.52 19.50 19.51 19.51 19.51 19.52 19.53 19.55 19.53 19.52 19.54 19.52 19.48 19.50 19.48 19.44 19.53 19.51 19.54 19.52 19.49 19.42 19.36 19.32 19.32 19.30 19.37 19.39 19.39 19.34 19.38 19.41 19.38 19.39 19.41 19.36 19.39 19.32 19.34 19.35 19.37 19.33 19.35 19.37 19.43 19.46 19.46 19.51 19.49 19.42 19.46 19.49 19.49 19.46 19.37 19.38
19.46 19.49 19.51 19.50 19.50 19.49 19.48 19.53 19.54 19.51 19.53 19.50 19.51 19.51 19.50 19.48 19.51 19.48 19.49 19.53 19.52 19.53 19.47 19.50 19.49 19.50 19.50 19.51 19.52 19.47 19.47 19.47 19.44 19.46 19.46 19.44 19.41 19.43 19.44 19.47 19.45 19.42 19.40 19.38 19.34 19.40 19.31 19.39 19.42 19.34 19.32 19.33 19.30 19.35 19.34 19.36 19.33 19.33 19.30 19.39 19.38 19.33 19.29 19.32 19.29 19.41 19.46 19.43 19.35 19.32 19.41 19.41 19.44 19.41 19.33 19.24 19.18
19.40 19.33 19.39 19.50 19.46 19.46 19.50 19.51 19.49 19.48 19.48 19.42 19.46 19.49 19.47 19.43 19.46 19.43 19.45 19.52 19.50 19.45 19.41 19.41 19.43 19.46 19.50 19.51 19.46 19.47 19.46 19.44 19.39 19.39 19.40 19.43 19.39 19.31 19.34 19.36 19.39 19.34 19.38 19.34 19.34 19.38 19.34 19.34 19.41 19.36 19.32 19.29 19.21 19.31 19.31 19.36 19.32 19.32 19.35 19.35 19.33 19.32 19.27 19.30 19.31 19.40 19.44 19.45 19.39 19.28 19.17 19.18 19.28 19.39 19.31 19.24 19.27
19.42 19.40 19.44 19.47 19.45 19.46 19.51 19.49 19.49 19.45 19.40 19.45 19.45 19.48 19.41 19.44 19.49 19.43 19.49 19.49 19.47 19.44 19.39 19.38 19.43 19.46 19.41 19.41 19.43 19.47 19.46 19.44 19.35 19.31 19.31 19.33 19.34 19.29 19.24 19.19 19.32 19.38 19.34 19.24 19.39 19.41 19.35 19.40 19.38 19.41 19.36 19.33 19.29 19.26 19.26 19.31 19.31 19.36 19.39 19.32 19.27 19.27 19.27 19.29 19.33 19.32 19.37 19.42 19.36 19.31 19.33 19.30 19.29 19.37 19.38 19.28 19.32
19.41 19.41 19.43 19.44 19.43 19.46 19.48 19.46 19.46 19.44 19.47 19.46 19.42 19.48 19.40 19.43 19.44 19.45 19.43 19.47 19.45 19.44 19.41 19.41 19.41 19.46 19.41 19.41 19.43 19.43 19.30 19.32 19.32 19.28 19.24 19.29 19.29 19.34 19.37 19.26 19.20 19.26 19.24 19.11 19.31 19.36 19.34 19.39 19.37 19.36 19.40 19.34 19.29 19.19 19.22 19.30 19.32 19.36 19.28 19.28 19.25 19.26 19.29 19.34 19.37 19.36 19.33 19.36 19.36 19.29 19.32 19.28 19.26 19.30 19.32 19.25 19.19
19.38 19.38 19.42 19.42 19.42 19.46 19.46 19.42 19.44 19.43 19.45 19.43 19.42 19.46 19.44 19.41 19.42 19.42 19.43 19.44 19.44 19.42 19.40 19.42 19.42 19.42 19.41 19.41 19.43 19.30 19.30 19.30 19.32 19.29 19.28 19.22 19.25 19.31 19.29 19.23 19.17 19.22 19.23 19.20 19.36 19.29 19.28 19.33 19.29 19.31 19.34 19.33 19.28 19.25 19.24 19.26 19.31 19.31 19.30 19.24 19.31 19.28 19.32 19.37 19.35 19.33 19.30 19.30 19.28 19.35 19.36 19.31 19.30 19.31 19.32 19.18 19.14
19.39 19.37 19.40 19.39 19.43 19.42 19.42 19.42 19.41 19.42 19.44 19.44 19.42 19.43 19.43 19.42 19.38 19.39 19.37 19.37 19.43 19.43 19.37 19.33 19.33 19.33 19.33 19.41 19.25 19.28 19.28 19.28 19.27 19.23 19.27 19.28 19.26 19.29 19.32 19.23 19.25 19.28 19.23 19.31 19.26 19.33 19.31 19.32 19.31 19.32 19.33 19.30 19.26 19.23 19.21 19.22 19.26 19.29 19.27 19.29 19.27 19.26 19.26 19.24 19.30 19.30 19.32 19.31 19.27 19.31 19.35 19.33 19.28 19.29 19.31 19.20 19.14
19.37 19.38 19.38 19.38 19.42 19.41 19.41 19.39 19.39 19.41 19.41 19.42 19.42 19.41 19.41 19.36 19.34 19.37 19.38 19.35 19.41 19.39 19.33 19.30 19.30 19.30 19.30 19.26 19.25 19.25 19.32 19.32 19.28 19.23 19.28 19.29 19.25 19.26 19.33 19.24 19.21 19.22 19.14 19.15 19.16 19.25 19.31 19.33 19.30 19.29 19.33 19.26 19.25 19.26 19.26 19.26 19.26 19.15 19.16 19.20 19.21 19.26 19.24 19.26 19.35 19.31 19.28 19.34 19.37 19.37 19.32 19.29 19.23 19.27 19.16 19.15 19.19
19.35 19.36 19.36 19.39 19.39 19.39 19.38 19.38 19.34 19.37 19.40 19.40 19.37 19.39 19.37 19.38 19.41 19.34 19.36 19.39 19.39 19.35 19.29 19.30 19.30 19.30 19.20 19.26 19.26 19.25 19.25 19.28 19.25 19.22 19.28 19.27 19.29 19.26 19.22 19.24 19.19 19.16 19.10 19.10 19.13 19.14 19.24 19.33 19.32 19.29 19.30 19.28 19.27 19.28 19.24 19.26 19.24 19.25 19.20 19.24 19.29 19.26 19.26 19.31 19.34 19.29 19.27 19.27 19.32 19.32 19.15 19.18 19.18 19.25 19.18 19.17 19.14
19.34 19.34 19.34 19.35 19.36 19.36 19.36 19.36 19.35 19.37 19.38 19.35 19.36 19.36 19.32 19.31 19.33 19.26 19.28 19.35 19.38 19.34 19.29 19.29 19.30 19.30 19.20 19.20 19.26 19.26 19.26 19.28 19.23 19.22 19.17 19.26 19.26 19.22 19.21 19.21 19.16 19.12 19.02 19.11 19.07 19.10 19.23 19.32 19.33 19.32 19.29 19.27 19.27 19.27 19.25 19.23 19.24 19.28 19.29 19.27 19.28 19.26 19.28 19.32 19.32 19.31 19.28 19.26 19.28 19.20 19.18 19.09 19.14 19.17 19.12 19.06 19.11
19.32 19.32 19.34 19.33 19.34 19.35 19.34 19.35 19.33 19.31 19.33 19.33 19.38 19.29 19.29 19.37 19.22 19.23 19.28 19.36 19.36 19.37 19.37 19.37 19.29 19.23 19.23 19.20 19.20 19.19 19.18 19.16 19.23 19.13 19.23 19.21 19.24 19.22 19.18 19.24 19.15 19.11 19.04 19.10 19.15 19.21 19.24 19.29 19.31 19.28 19.25 19.28 19.27 19.26 19.27 19.18 19.23 19.26 19.26 19.24 19.26 19.23 19.23 19.28 19.30 19.30 19.27 19.21 19.21 19.18 19.20 19.21 19.24 19.14 19.06 19.03 19.06
19.25 19.29 19.29 19.27 19.32 19.33 19.31 19.33 19.31 19.28 19.32 19.35 19.36 19.26 19.27 19.30 19.30 19.29 19.33 19.34 19.34 19.37 19.33 19.33 19.33 19.23 19.23 19.23 19.17 19.26 19.20 19.20 19.17 19.14 19.18 19.19 19.19 19.19 19.16 19.20 19.11 19.11 19.16 19.14 19.09 19.21 19.26 19.28 19.29 19.22 19.23 19.24 19.27 19.24 19.25 19.24 19.20 19.22 19.20 19.20 19.22 19.21 19.22 19.19 19.18 19.22 19.20 19.19 19.18 19.18 19.17 19.18 19.19 19.09 19.01 18.97 18.97
19.24 19.28 19.28 19.30 19.32 19.33 19.31 19.31 19.31 19.31 19.34 19.33 19.32 19.31 19.31 19.32 19.29 19.28 19.33 19.32 19.32 19.33 19.33 19.33 19.33 19.23 19.23 19.23 19.17 19.25 19.18 19.18 19.23 19.16 19.14 19.14 19.16 19.16 19.22 19.14 19.05 19.05 19.14 19.12 19.13 19.23 19.26 19.24 19.24 19.17 19.13 19.20 19.24 19.23 19.22 19.23 19.21 19.21 19.19 19.22 19.21 19.19 19.18 19.16 19.13 19.19 19.15 19.11 19.13 19.14 19.10 19.06 19.17 19.16 19.02 19.05 19.05
19.27 19.26 19.27 19.27 19.30 19.29 19.29 19.29 19.28 19.30 19.31 19.30 19.30 19.32 19.31 19.32 19.28 19.27 19.29 19.31 19.31 19.31 19.31 19.31 19.22 19.21 19.18 19.20 19.20 19.15 19.14 19.11 19.18 19.14 19.07 19.09 19.20 19.16 19.21 19.14 19.01 19.14 19.12 19.15 19.21 19.23 19.23 19.24 19.09 19.12 19.09 19.19 19.20 19.22 19.22 19.21 19.18 19.14 19.16 19.23 19.23 19.20 19.18 19.19 19.17 19.14 19.15 19.11 19.12 19.10 19.04 19.07 19.08 19.04 19.11 19.02 19.02
19.25 19.26 19.26 19.29 19.28 19.28 19.27 19.26 19.27 19.28 19.27 19.28 19.27 19.30 19.30 19.30 19.32 19.29 19.24 19.29 19.29 19.26 19.22 19.22 19.22 19.21 19.18 19.18 19.15 19.15 19.03 19.07 19.11 19.15 19.13 19.14 19.17 19.14 19.15 19.12 19.21 19.19 19.14 19.10 19.11 19.11 19.19 19.19 19.14 19.06 19.14 19.17 19.21 19.21 19.20 19.18 19.17 19.12 19.14 19.11 19.15 19.22 19.21 19.16 19.18 19.16 19.15 19.09 19.16 19.07 19.07 18.98 18.82 18.92 19.08 19.11 19.07
19.25 19.26 19.26 19.27 19.26 19.25 19.25 19.25 19.26 19.22 19.27 19.27 19.28 19.28 19.28 19.29 19.29 19.28 19.27 19.26 19.26 19.25 19.23 19.26 19.25 19.21 19.21 19.20 19.22 19.18 19.00 19.10 19.11 19.13 19.19 19.14 19.10 19.09 19.15 19.21 19.15 19.15 19.12 19.12 19.08 19.06 19.10 19.07 19.08 19.17 19.17 19.18 19.17 19.19 19.15 19.17 19.17 19.19 19.19 19.13 19.10 19.18 19.16 19.15 19.14 19.13 19.11 19.07 19.01 19.07 19.08 18.97 18.92 18.95 18.98 19.11 19.03
19.25 19.25 19.24 19.25 19.24 19.23 19.24 19.23 19.24 19.21 19.24 19.21 19.26 19.26 19.26 19.26 19.26 19.25 19.24 19.26 19.24 19.23 19.22 19.19 19.22 19.21 19.21 19.19 19.18 19.10 19.00 19.13 19.12 19.10 19.19 19.18 19.08 19.09 19.15 19.16 19.11 19.10 19.12 19.12 19.09 19.05 19.05 19.15 19.15 19.18 19.15 19.17 19.17 19.16 19.16 19.16 19.16 19.15 19.15 19.13 19.11 19.11 19.08 19.12 19.12 19.10 19.12 19.02 18.90 19.01 19.03 19.00 18.98 18.93 18.95 19.04 19.04
