main/data/irradiance/15.10.2023.grid
ncols 839
nrows 679
xllcenter 112.0500
yllcenter -43.9500
cellsize 0.0500
nodata_value 99999.90
[rows 340 to 373 of 679, columns 154 to 230 of 839]
25.93 26.29 26.36 26.53 26.57 26.15 25.70 25.61 25.79 25.80 25.99 26.12 26.25 26.56 26.53 26.50 26.43 26.25 26.26 26.37 26.41 26.40 26.25 26.29 26.26 26.16 26.22 26.38 26.54 26.43 26.29 26.15 26.05 26.30 26.17 25.96 25.97 25.96 26.20 26.57 26.54 26.35 26.09 25.99 26.35 26.55 26.57 26.53 26.36 26.40 26.45 26.50 26.54 26.55 26.54 26.62 26.61 26.62 26.62 26.62 26.52 26.52 26.61 26.62 26.61 26.58 26.59 26.58 26.57 26.54 26.54 26.52 26.38 26.45 26.58 26.61 26.64
26.08 26.25 26.50 26.42 26.48 25.96 25.29 25.57 25.79 25.89 26.08 25.75 25.77 26.05 26.37 26.37 26.47 26.39 26.39 26.36 26.45 26.33 26.23 26.22 26.30 26.19 26.25 26.53 26.61 26.53 26.34 26.02 26.02 26.20 26.50 26.32 26.19 26.12 26.28 26.43 26.52 26.48 26.06 26.05 26.26 26.53 26.55 26.36 26.24 26.28 26.46 26.47 26.56 26.53 26.53 26.60 26.60 26.59 26.58 26.58 26.56 26.53 26.54 26.57 26.61 26.59 26.60 26.56 26.53 26.56 26.54 26.50 26.53 26.24 26.39 26.55 26.61
25.66 26.08 26.51 26.47 26.47 25.57 25.21 25.53 26.09 26.25 25.92 25.71 25.84 25.82 26.29 26.52 26.56 26.48 26.41 26.47 26.54 26.43 26.39 25.75 26.30 26.17 26.47 26.54 26.50 26.31 26.20 26.03 25.89 25.80 26.03 26.10 26.39 26.29 26.33 26.47 26.47 26.49 26.29 26.05 26.19 26.43 26.41 26.54 26.38 26.36 26.37 26.38 26.46 26.56 26.58 26.60 26.60 26.58 26.57 26.59 26.61 26.54 26.55 26.53 26.55 26.55 26.56 26.59 26.59 26.60 26.58 26.53 26.40 26.11 26.11 26.51 26.61
25.55 25.88 26.36 26.52 26.33 25.20 25.59 25.62 26.00 26.14 26.01 26.11 26.18 26.24 26.15 26.37 26.55 26.60 26.43 26.39 26.46 26.24 26.26 26.10 26.47 26.40 26.43 26.18 26.48 26.33 26.05 25.23 25.20 25.93 26.56 26.41 26.30 26.14 26.26 26.61 26.51 26.34 26.25 26.05 26.16 26.14 26.19 26.48 26.52 26.55 26.60 26.52 26.56 26.55 26.56 26.57 26.56 26.60 26.62 26.61 26.59 26.53 26.55 26.56 26.54 26.51 26.51 26.57 26.64 26.63 26.61 26.56 26.31 26.17 26.33 26.54 26.58
26.16 26.22 26.48 26.28 25.98 25.56 25.49 25.63 26.04 26.25 26.14 26.34 26.38 26.41 26.28 26.52 26.52 25.20 26.26 26.30 26.31 26.03 26.30 26.38 26.53 26.62 26.32 26.12 26.41 26.41 26.00 25.48 25.33 25.81 26.27 26.41 26.36 25.93 26.41 26.35 26.28 26.26 26.35 26.31 26.19 26.03 26.09 26.38 26.43 26.52 26.53 26.56 26.57 26.52 26.55 26.54 26.55 26.56 26.61 26.60 26.54 26.60 26.63 26.60 26.53 26.47 26.19 26.46 26.53 26.60 26.52 26.53 26.50 26.47 26.54 26.55 26.56
26.34 26.32 26.39 26.13 25.89 25.63 25.91 25.91 26.10 26.29 26.21 26.19 26.37 26.43 26.56 26.55 26.42 26.25 26.34 26.30 26.26 26.07 26.25 26.44 26.43 26.41 26.07 26.23 26.03 26.28 25.82 25.65 25.72 26.24 26.26 26.21 26.49 26.40 26.50 26.30 25.79 25.86 26.50 26.51 26.49 26.42 26.26 26.40 26.34 26.37 26.46 26.52 26.52 26.54 26.54 26.53 26.56 26.57 26.61 26.59 26.59 26.61 26.59 26.61 26.57 26.51 26.51 26.46 26.55 26.55 26.56 26.56 26.57 26.65 26.62 26.62 26.61
26.39 26.36 26.34 26.16 25.63 25.28 25.46 25.95 26.20 26.03 26.32 26.32 26.38 26.49 26.58 26.49 26.45 26.58 26.32 26.22 26.31 26.17 26.23 26.09 26.41 26.35 26.37 26.39 26.22 26.20 25.83 26.04 25.82 26.16 26.22 26.00 26.39 26.53 26.40 25.98 25.74 25.99 26.47 26.40 26.50 26.49 26.38 26.41 26.50 26.58 26.58 26.54 26.50 26.51 26.55 26.57 26.59 26.62 26.61 26.59 26.62 26.59 26.59 26.57 26.58 26.58 26.58 26.56 26.55 26.55 26.58 26.62 26.63 26.65 26.65 26.65 26.66
26.41 26.36 26.25 25.80 24.86 25.38 25.63 25.80 25.98 26.08 26.24 26.42 26.36 26.46 26.39 26.55 26.56 26.34 26.19 26.26 26.14 26.39 26.37 26.26 26.30 26.31 26.30 26.34 25.77 26.02 25.89 26.25 26.30 26.17 26.48 26.28 26.37 26.37 26.10 25.81 26.02 26.35 26.47 26.48 26.38 26.37 26.50 26.55 26.58 26.54 26.52 26.55 26.50 26.50 26.51 26.54 26.56 26.53 26.61 26.61 26.57 26.58 26.59 26.59 26.59 26.59 26.58 26.52 26.61 26.56 26.58 26.61 26.62 26.64 26.68 26.71 26.66
26.34 26.43 26.11 25.44 24.90 25.30 25.98 26.27 26.22 26.22 26.42 26.50 26.43 26.46 26.51 26.41 26.43 26.14 26.11 26.18 26.09 26.39 26.46 26.38 26.37 26.34 26.36 26.01 26.01 26.01 25.74 26.24 26.44 26.25 26.43 26.38 26.49 26.30 26.15 26.13 26.11 26.39 26.45 26.58 26.35 26.31 26.44 26.46 26.51 26.52 26.51 26.53 26.49 26.55 26.57 26.54 26.49 26.51 26.56 26.56 26.52 26.54 26.57 26.59 26.60 26.56 26.59 26.61 26.56 26.57 26.57 26.60 26.64 26.59 26.61 26.64 26.65
26.34 26.33 25.94 25.45 25.17 25.46 26.07 26.27 26.16 26.23 26.44 26.47 26.50 26.48 26.43 25.98 26.16 26.04 26.03 26.39 26.56 26.39 26.39 26.23 26.27 26.52 26.37 26.21 25.76 26.01 25.72 26.15 26.21 26.35 26.32 26.11 26.37 26.38 26.30 26.21 26.16 26.12 26.31 26.53 26.35 26.47 26.54 26.44 26.47 26.48 26.54 26.53 26.53 26.57 26.58 26.54 26.52 26.57 26.60 26.58 26.53 26.54 26.58 26.56 26.62 26.60 26.60 26.56 26.60 26.61 26.57 26.55 26.58 26.56 26.60 26.61 26.61
26.44 26.33 26.03 25.69 25.63 25.69 26.19 26.13 26.24 26.31 26.42 26.48 26.41 26.42 26.27 25.84 26.07 26.11 26.03 26.31 26.53 26.46 26.46 26.38 26.29 26.48 26.44 26.32 26.16 26.16 26.27 26.13 26.22 26.39 26.07 25.94 26.30 26.24 25.96 25.90 25.58 25.84 26.21 26.38 26.37 26.51 26.61 26.55 26.55 26.54 26.53 26.47 26.44 26.58 26.61 26.61 26.61 26.62 26.67 26.59 26.52 26.52 26.55 26.60 26.60 26.54 26.59 26.59 26.63 26.62 26.59 26.62 26.59 26.59 26.63 26.63 26.62
26.36 26.34 26.15 26.13 25.97 25.93 26.27 26.07 25.70 26.27 26.42 26.50 26.36 26.18 26.17 26.06 26.08 26.04 25.98 26.27 26.13 26.20 26.39 26.52 26.51 26.49 26.48 26.26 26.11 26.26 26.35 26.39 26.10 26.21 26.28 26.27 26.05 25.70 25.95 26.20 26.12 26.07 26.08 26.33 26.45 26.53 26.58 26.58 26.60 26.59 26.53 26.49 26.55 26.53 26.58 26.65 26.62 26.63 26.62 26.50 26.52 26.59 26.56 26.56 26.63 26.63 26.59 26.61 26.64 26.60 26.59 26.58 26.54 26.57 26.57 26.58 26.65
26.25 26.27 26.17 25.69 25.53 26.07 26.10 26.34 25.85 25.86 25.70 26.13 26.09 26.08 25.98 26.25 26.25 26.45 26.38 26.24 26.07 25.99 26.43 26.38 26.29 26.27 26.28 26.21 25.84 25.91 26.38 26.44 26.19 25.83 26.25 26.38 25.96 25.18 25.62 25.82 26.17 26.36 26.21 26.45 26.49 26.50 26.46 26.52 26.57 26.56 26.57 26.53 26.54 26.50 26.53 26.57 26.61 26.61 26.63 26.56 26.58 26.63 26.58 26.61 26.59 26.59 26.58 26.61 26.64 26.63 26.61 26.57 26.58 26.57 26.59 26.60 26.61
26.19 25.94 25.74 25.26 25.46 26.05 26.27 26.33 26.18 26.16 25.80 26.00 26.15 26.17 26.16 26.20 26.19 26.08 26.36 26.38 26.39 26.21 26.49 25.97 26.03 26.13 26.39 26.13 25.42 25.90 26.51 26.43 26.10 25.76 26.11 26.21 25.74 25.80 25.97 25.82 26.24 26.51 26.53 26.49 26.54 26.46 26.51 26.49 26.53 26.57 26.56 26.52 26.53 26.48 26.50 26.58 26.60 26.65 26.65 26.60 26.56 26.54 26.54 26.57 26.59 26.60 26.59 26.61 26.59 26.62 26.60 26.57 26.54 26.59 26.59 26.52 26.54
26.23 25.76 25.59 25.34 26.15 26.45 26.31 26.26 26.28 26.41 26.17 26.17 26.30 25.91 26.19 26.02 25.68 25.71 26.21 26.41 26.25 26.25 26.44 26.05 25.93 26.08 26.13 26.22 25.70 26.12 25.99 26.21 26.06 26.25 26.28 25.14 25.84 26.05 26.17 26.05 25.97 26.48 26.51 26.56 26.58 26.55 26.41 26.45 26.52 26.56 26.53 26.51 26.48 26.48 26.47 26.56 26.55 26.64 26.58 26.59 26.61 26.57 26.55 26.62 26.58 26.60 26.60 26.60 26.59 26.60 26.57 26.50 26.55 26.55 26.58 26.57 26.56
26.12 25.68 25.32 25.76 26.06 26.27 26.33 26.24 26.30 26.56 26.30 26.37 26.42 26.31 26.14 26.07 25.88 26.21 26.38 26.31 26.22 26.44 26.45 26.24 26.02 26.30 25.91 25.46 25.27 24.28 26.23 26.43 26.27 26.40 26.36 26.00 25.08 25.28 25.82 26.08 26.10 26.34 26.50 26.55 26.56 26.50 26.44 26.46 26.48 26.50 26.56 26.52 26.48 26.48 26.48 26.47 26.51 26.57 26.64 26.63 26.64 26.55 26.58 26.57 26.56 26.60 26.65 26.60 26.60 26.62 26.63 26.55 26.55 26.55 26.58 26.56 26.56
26.22 25.97 25.78 26.19 26.27 26.18 26.02 26.21 26.14 26.29 26.45 26.38 26.29 26.08 25.84 25.90 25.89 26.00 26.21 26.46 26.36 26.34 26.38 26.32 26.21 26.24 26.04 25.90 26.00 25.89 26.30 26.49 26.47 26.39 26.37 26.08 26.34 25.78 26.10 26.20 26.30 26.48 26.59 26.59 26.53 26.54 26.52 26.51 26.42 26.47 26.54 26.58 26.49 26.51 26.50 26.52 26.51 26.59 26.58 26.64 26.65 26.65 26.52 26.51 26.54 26.58 26.61 26.61 26.58 26.61 26.61 26.57 26.56 26.55 26.53 26.55 26.51
26.23 26.12 26.02 26.34 26.12 26.09 26.34 26.31 26.19 26.09 26.32 26.07 26.13 26.02 25.94 26.22 26.17 26.02 26.14 26.13 26.11 26.26 26.31 26.40 26.45 26.45 26.35 26.30 26.24 25.75 25.96 26.29 26.41 26.43 25.93 25.96 25.85 25.49 26.24 26.28 26.40 26.57 26.50 26.49 26.56 26.61 26.51 26.53 26.47 26.49 26.50 26.54 26.55 26.56 26.52 26.48 26.54 26.55 26.57 26.59 26.62 26.66 26.53 26.51 26.52 26.58 26.57 26.57 26.57 26.62 26.62 26.60 26.56 26.54 26.51 26.53 26.56
26.17 25.84 26.09 26.26 26.23 26.26 26.04 26.13 25.56 25.95 26.34 25.84 25.94 26.29 26.27 26.41 26.43 26.23 26.13 26.09 26.13 26.02 26.30 26.24 26.36 26.12 25.85 26.41 26.43 26.01 26.08 26.25 26.23 26.33 25.76 26.06 25.81 25.69 26.43 26.26 26.37 26.44 26.50 26.34 26.44 26.45 26.42 26.44 26.54 26.48 26.55 26.55 26.55 26.54 26.45 26.44 26.49 26.54 26.51 26.47 26.55 26.62 26.52 26.49 26.53 26.51 26.52 26.60 26.54 26.59 26.64 26.63 26.58 26.57 26.54 26.56 26.51
25.48 25.01 25.74 26.09 26.25 26.25 25.98 26.08 25.62 25.89 26.33 26.10 25.87 26.26 26.35 26.32 26.43 26.39 26.23 26.30 25.92 25.99 26.22 26.40 26.20 25.60 25.79 26.49 26.35 25.80 25.96 26.25 26.29 25.89 25.56 26.19 25.65 25.45 24.68 25.87 26.27 26.33 26.43 26.38 26.41 26.50 26.48 26.52 26.47 26.54 26.54 26.59 26.48 26.50 26.47 26.49 26.51 26.55 26.53 26.52 26.53 26.52 26.52 26.50 26.51 26.54 26.54 26.53 26.59 26.58 26.51 26.55 26.53 26.53 26.54 26.53 26.53
25.34 25.62 25.86 26.12 26.35 26.13 25.84 26.01 26.10 25.97 26.15 25.95 25.94 26.20 26.29 26.02 26.29 26.47 26.08 26.37 26.10 25.99 26.24 26.27 25.90 25.56 25.92 26.34 26.09 26.24 26.13 26.19 26.28 26.32 26.34 26.00 25.70 26.37 26.11 25.89 26.30 26.31 26.30 26.41 26.54 26.51 26.55 26.45 26.43 26.55 26.60 26.57 26.50 26.48 26.46 26.48 26.51 26.55 26.54 26.55 26.52 26.48 26.47 26.49 26.56 26.62 26.57 26.53 26.55 26.57 26.57 26.53 26.56 26.52 26.59 26.54 26.50
25.62 25.76 26.05 26.16 26.12 26.29 25.81 25.90 26.16 26.26 26.34 26.22 25.95 25.87 25.85 25.91 25.97 26.14 26.00 26.47 26.33 25.94 26.35 26.36 26.34 25.96 25.88 26.35 26.25 26.32 26.30 26.35 26.28 26.32 26.27 25.97 25.96 26.44 26.47 26.39 26.34 26.35 26.40 26.42 26.50 26.42 26.53 26.41 26.37 26.54 26.60 26.51 26.47 26.43 26.47 26.50 26.48 26.51 26.50 26.49 26.50 26.53 26.56 26.51 26.50 26.52 26.53 26.53 26.51 26.52 26.56 26.59 26.52 26.57 26.56 26.56 26.50
26.01 25.78 26.06 26.28 26.06 26.27 25.79 25.70 26.21 26.24 26.28 26.01 25.85 25.75 25.27 25.67 26.03 25.82 26.02 26.35 26.31 26.31 26.21 26.06 25.98 25.93 25.90 26.29 26.01 26.17 26.36 26.44 26.29 26.28 25.98 26.02 26.28 26.56 26.56 26.54 26.55 26.12 26.17 26.35 26.43 26.45 26.39 26.40 26.45 26.40 26.45 26.47 26.48 26.42 26.43 26.45 26.48 26.48 26.51 26.56 26.53 26.49 26.57 26.57 26.48 26.51 26.60 26.53 26.54 26.59 26.59 26.58 26.55 26.55 26.52 26.47 26.48
26.19 26.07 26.29 26.37 26.26 26.20 25.74 25.88 26.25 26.26 26.11 25.74 25.71 25.71 25.94 26.12 26.16 26.00 25.81 26.37 26.37 26.31 26.16 26.06 25.97 25.59 26.04 26.18 25.96 25.91 26.28 26.40 25.90 26.10 25.93 26.19 26.37 26.55 26.55 26.52 26.52 26.46 26.06 25.81 26.35 26.41 26.40 26.44 26.37 26.30 26.42 26.52 26.47 26.41 26.46 26.49 26.48 26.53 26.50 26.50 26.50 26.53 26.52 26.60 26.53 26.50 26.60 26.49 26.51 26.61 26.58 26.50 26.51 26.53 26.49 26.48 26.53
26.21 25.95 25.85 26.18 26.09 25.81 25.71 26.12 26.18 25.92 25.70 25.73 25.73 25.72 25.95 26.10 26.20 26.26 26.21 26.21 26.25 26.17 26.12 26.25 26.18 25.92 26.14 26.16 26.14 26.15 26.27 25.98 25.82 25.54 25.70 26.49 26.53 26.57 26.57 26.46 26.46 26.45 26.47 26.34 26.26 26.42 26.48 26.43 26.39 26.32 26.36 26.47 26.53 26.43 26.45 26.46 26.46 26.56 26.46 26.45 26.45 26.49 26.53 26.57 26.52 26.52 26.54 26.51 26.50 26.46 26.50 26.49 26.48 26.54 26.46 26.45 26.48
26.24 25.66 25.76 25.93 25.62 25.44 25.52 25.92 25.78 25.87 25.95 25.80 25.52 26.12 26.06 26.04 26.21 26.27 26.16 26.08 26.24 26.15 26.05 25.94 26.20 26.07 26.00 26.07 26.19 26.35 26.22 26.25 26.12 25.72 26.09 26.41 26.45 26.54 26.49 26.45 26.40 26.48 26.48 26.44 26.43 26.39 26.38 26.40 26.39 26.35 26.40 26.34 26.45 26.46 26.44 26.45 26.46 26.51 26.47 26.45 26.43 26.45 26.52 26.48 26.52 26.51 26.52 26.53 26.50 26.45 26.46 26.49 26.49 26.51 26.47 26.48 26.52
25.90 25.73 25.89 26.03 25.40 25.46 25.92 26.00 25.78 25.77 25.69 25.66 26.08 25.97 26.09 25.78 26.04 26.01 26.07 26.08 26.28 26.19 25.82 25.72 26.25 26.17 26.19 26.29 26.39 26.43 26.41 26.40 26.31 25.91 26.41 26.48 26.39 26.49 26.55 26.42 26.45 26.52 26.54 26.48 26.48 26.39 26.42 26.46 26.44 26.33 26.38 26.37 26.38 26.42 26.39 26.43 26.42 26.50 26.51 26.48 26.46 26.41 26.53 26.44 26.48 26.53 26.52 26.50 26.45 26.42 26.42 26.50 26.48 26.47 26.48 26.51 26.48
25.65 25.75 25.38 25.76 25.63 25.65 25.96 26.25 26.14 25.95 25.86 25.66 25.81 25.82 25.53 25.38 25.65 25.91 25.92 25.71 25.96 25.81 25.82 25.94 26.32 25.96 26.15 26.32 26.37 26.36 26.29 26.32 26.18 26.10 26.44 26.41 26.39 26.45 26.42 26.40 26.44 26.48 26.48 26.43 26.46 26.44 26.42 26.49 26.42 26.34 26.42 26.42 26.41 26.42 26.45 26.43 26.46 26.41 26.34 26.36 26.41 26.34 26.42 26.42 26.44 26.47 26.45 26.50 26.51 26.43 26.44 26.39 26.48 26.50 26.46 26.45 26.47
26.03 26.09 26.08 26.07 25.95 25.95 25.94 26.05 25.85 25.98 26.04 25.57 25.81 25.89 25.68 25.74 25.99 25.86 25.82 25.72 25.69 25.39 25.75 25.87 26.09 25.72 25.93 26.33 26.30 26.29 26.22 26.20 25.90 26.17 26.42 26.36 26.39 26.38 26.39 26.45 26.45 26.30 26.32 26.31 26.33 26.43 26.44 26.40 26.38 26.31 26.42 26.41 26.38 26.44 26.43 26.36 26.41 26.44 26.44 26.42 26.37 26.38 26.36 26.37 26.40 26.52 26.52 26.51 26.50 26.51 26.44 26.40 26.43 26.42 26.42 26.42 26.45
26.22 26.14 26.09 26.00 26.00 26.01 26.29 26.24 25.99 25.84 25.96 25.81 25.92 26.03 26.11 26.23 26.06 25.66 25.70 25.93 25.96 25.38 25.74 25.93 26.21 26.06 26.26 26.36 26.24 26.28 26.25 26.15 26.25 26.25 26.43 26.31 26.32 26.29 26.39 26.43 26.39 26.35 26.38 26.36 26.37 26.37 26.42 26.44 26.40 26.37 26.42 26.44 26.36 26.43 26.41 26.36 26.33 26.37 26.40 26.41 26.41 26.35 26.41 26.48 26.44 26.37 26.48 26.49 26.50 26.51 26.48 26.38 26.44 26.41 26.43 26.38 26.44
25.77 25.71 25.38 25.36 25.69 25.73 26.20 26.13 25.66 25.67 26.03 25.85 25.97 26.31 26.34 26.44 26.24 26.10 26.15 26.30 26.07 25.51 25.72 25.79 26.15 26.07 26.38 26.14 26.20 26.07 26.05 26.18 26.28 26.28 26.39 26.32 26.35 26.41 26.39 26.38 26.32 26.42 26.40 26.41 26.38 26.36 26.35 26.43 26.45 26.34 26.43 26.44 26.43 26.42 26.44 26.35 26.36 26.34 26.32 26.34 26.41 26.35 26.36 26.46 26.37 26.36 26.38 26.34 26.40 26.39 26.44 26.38 26.38 26.38 26.45 26.42 26.35
25.79 25.89 25.61 25.47 25.76 25.70 25.82 25.78 25.85 26.15 26.08 25.82 25.82 26.31 26.32 26.22 26.20 25.95 25.98 25.96 25.67 25.17 25.80 26.20 26.16 26.18 26.39 26.13 26.24 26.02 26.19 26.31 26.31 26.37 26.31 26.36 26.43 26.42 26.40 26.41 26.46 26.44 26.39 26.33 26.36 26.36 26.35 26.37 26.43 26.25 26.36 26.40 26.39 26.40 26.37 26.39 26.36 26.30 26.31 26.33 26.36 26.36 26.29 26.31 26.32 26.28 26.31 26.33 26.36 26.41 26.39 26.38 26.40 26.37 26.38 26.46 26.45
26.17 26.16 25.90 25.88 25.90 25.39 25.56 25.76 25.40 25.91 25.94 25.80 25.77 25.97 26.02 26.04 25.88 25.82 25.71 26.08 25.64 25.49 25.57 26.09 26.24 26.31 26.09 26.16 26.25 26.28 26.24 26.29 26.43 26.33 26.32 26.35 26.39 26.35 26.34 26.41 26.40 26.33 26.34 26.33 26.35 26.33 26.29 26.35 26.39 26.31 26.35 26.40 26.40 26.40 26.38 26.39 26.34 26.30 26.30 26.32 26.36 26.39 26.41 26.41 26.40 26.34 26.33 26.36 26.39 26.36 26.38 26.38 26.39 26.35 26.33 26.30 26.34
26.09 26.09 26.04 26.14 25.69 25.64 25.67 25.99 25.54 25.92 26.05 25.94 26.05 25.98 25.89 25.83 25.81 25.51 25.42 25.77 25.84 25.85 25.81 26.16 26.32 26.29 26.27 26.41 26.32 26.21 26.30 26.27 26.31 26.30 26.32 26.36 26.38 26.36 26.37 26.42 26.36 26.37 26.36 26.33 26.32 26.37 26.34 26.29 26.33 26.31 26.40 26.37 26.35 26.40 26.39 26.34 26.32 26.32 26.30 26.30 26.35 26.33 26.39 26.39 26.38 26.33 26.33 26.31 26.40 26.37 26.39 26.38 26.41 26.43 26.31 26.27 26.27
