main/data/irradiance/15.10.2023.grid
ncols 839
nrows 679
xllcenter 112.0500
yllcenter -43.9500
cellsize 0.0500
nodata_value 99999.90
[rows 204 to 237 of 679, columns 385 to 461 of 839]
27.18 27.02 27.18 27.22 27.24 27.22 27.16 27.15 27.06 26.96 26.91 27.19 27.33 27.39 27.38 27.21 27.11 27.01 26.92 27.04 27.18 27.22 27.29 27.22 27.18 27.28 27.12 27.07 26.99 26.96 27.03 26.99 26.96 26.94 26.95 26.84 26.85 26.92 26.99 27.12 27.26 27.21 27.17 27.20 27.22 27.00 27.17 27.01 26.86 27.04 27.10 26.89 26.88 26.93 26.94 27.02 26.94 26.85 26.71 26.66 26.96 27.06 27.07 27.10 27.03 26.85 26.84 26.84 26.80 26.74 26.76 26.69 26.71 26.88 26.86 26.90 27.01
27.18 27.12 27.08 27.12 27.17 27.13 27.12 27.14 27.19 27.06 26.98 27.04 27.12 27.19 27.26 27.26 27.17 27.03 26.95 27.10 27.20 27.24 27.24 27.09 27.20 27.15 27.15 27.03 27.04 27.13 27.01 26.99 26.94 26.98 27.08 27.07 27.00 26.92 26.86 27.06 27.21 27.20 27.21 27.15 27.28 27.14 27.21 27.05 26.91 27.18 27.15 26.99 26.83 26.97 26.92 26.71 26.68 26.75 26.72 26.86 26.93 27.03 26.98 27.00 27.09 27.01 26.94 26.70 26.72 26.83 26.84 26.67 26.64 26.61 26.69 26.82 26.83
27.17 27.18 27.13 27.20 27.22 27.18 27.08 27.18 27.21 27.07 27.04 26.98 27.07 27.07 27.11 27.13 27.15 27.14 27.08 27.20 27.29 27.30 27.26 27.27 27.30 27.13 27.18 26.86 26.87 27.06 27.18 27.12 27.03 27.04 27.11 27.07 27.08 27.14 27.18 27.11 27.10 27.10 27.15 27.07 27.20 27.29 27.13 27.11 27.12 27.12 27.21 27.08 26.93 26.94 26.93 26.92 26.92 26.79 26.63 26.64 26.70 26.82 26.83 26.82 26.97 26.99 26.82 26.67 26.63 26.65 26.59 26.56 26.67 26.76 26.78 26.76 26.64
27.23 27.22 27.35 27.47 27.46 27.24 27.17 27.18 27.18 27.09 27.05 27.05 27.10 27.09 27.14 27.14 27.06 27.17 27.00 26.97 27.23 27.37 27.25 27.33 27.25 27.19 27.14 27.03 27.01 27.11 27.05 27.22 27.02 26.99 27.05 26.96 27.01 27.09 27.20 27.10 27.05 27.04 27.08 27.02 27.20 27.28 27.18 27.02 27.09 27.13 27.18 27.10 26.94 26.82 26.69 26.64 26.63 26.62 26.76 26.95 26.97 26.88 27.00 27.05 27.05 27.04 26.93 26.76 26.66 26.71 26.66 26.76 26.80 26.84 26.73 26.74 26.56
27.25 27.40 27.45 27.44 27.45 27.46 27.41 27.29 27.24 27.19 27.10 27.19 27.25 27.19 27.10 27.03 27.10 27.15 27.15 27.07 27.11 27.16 27.19 27.32 27.31 27.30 27.28 27.17 27.07 27.04 27.06 26.99 26.99 27.05 27.05 27.00 26.97 27.06 27.13 27.10 27.12 27.12 26.99 27.03 27.12 27.27 27.18 27.14 27.04 26.98 27.03 26.98 26.95 26.88 26.85 26.71 26.53 26.51 26.66 26.80 26.93 26.94 26.94 26.96 26.97 27.02 27.02 26.90 26.88 26.78 26.83 26.73 26.82 26.78 26.66 26.62 26.88
27.32 27.39 27.45 27.42 27.45 27.44 27.43 27.27 27.25 27.26 27.19 27.17 27.29 27.22 27.21 27.05 26.99 27.09 27.11 27.08 27.05 27.16 27.11 27.25 27.30 27.34 27.38 27.35 27.23 27.09 27.07 27.04 27.06 27.06 27.00 27.03 26.93 27.11 27.16 27.09 27.06 27.15 27.11 27.05 27.12 27.17 27.26 27.16 27.10 26.99 26.96 26.94 26.92 26.86 26.88 26.86 26.90 26.88 26.83 26.93 27.01 26.90 26.88 26.82 26.98 27.04 26.99 26.94 26.99 26.94 26.92 26.76 26.85 26.73 26.87 26.79 26.89
27.45 27.44 27.44 27.44 27.40 27.38 27.39 27.40 27.38 27.32 27.27 27.21 27.34 27.35 27.29 27.28 27.19 27.13 27.03 27.14 27.12 27.16 27.15 27.17 27.16 27.21 27.28 27.31 27.20 27.05 27.03 27.07 27.06 27.19 27.21 27.18 27.25 27.27 27.25 27.08 27.09 27.06 26.98 27.03 27.15 27.09 27.19 27.23 27.21 27.09 27.06 26.95 26.91 26.94 26.93 26.92 26.89 26.90 26.94 26.98 27.03 27.04 26.96 26.89 26.87 26.88 26.98 26.98 27.05 27.04 26.87 26.87 26.89 26.72 26.85 26.83 26.89
27.36 27.18 27.23 27.11 27.11 27.17 27.26 27.28 27.40 27.39 27.35 27.38 27.30 27.26 27.25 27.24 27.32 27.25 27.30 27.40 27.40 27.17 27.15 27.17 27.07 27.11 27.14 27.22 27.23 27.02 27.09 27.09 27.09 27.26 27.30 27.26 27.24 27.29 27.25 27.04 27.11 27.04 26.99 26.91 26.95 27.18 27.31 27.35 27.44 27.28 27.17 27.09 26.99 27.02 26.96 26.88 26.89 26.77 26.83 26.96 26.99 27.00 26.93 26.92 26.87 26.91 26.82 26.89 26.99 27.07 26.82 26.78 26.75 26.72 26.83 26.70 26.78
27.06 27.05 27.04 27.07 27.02 27.08 27.05 27.18 27.35 27.37 27.40 27.41 27.41 27.34 27.33 27.34 27.29 27.32 27.31 27.36 27.42 27.24 27.17 27.10 27.04 26.97 26.98 27.05 27.04 26.95 27.06 27.09 27.19 27.35 27.25 27.24 27.17 27.08 27.00 26.95 26.92 26.88 26.97 26.88 26.84 26.92 27.10 27.34 27.46 27.52 27.34 27.21 27.13 27.02 26.93 26.84 26.79 26.77 26.77 26.79 26.92 26.99 26.93 26.90 26.92 26.91 26.91 26.95 26.98 26.92 26.95 27.00 26.81 26.83 26.78 26.73 26.78
27.11 27.16 27.15 27.18 27.31 27.15 27.09 27.18 27.40 27.27 27.24 27.40 27.39 27.37 27.41 27.41 27.39 27.34 27.38 27.40 27.38 27.35 27.17 27.27 27.32 27.34 27.14 27.01 26.91 26.94 27.02 27.13 27.20 27.28 27.21 27.04 27.03 26.89 26.87 26.91 26.93 26.90 26.87 26.83 26.83 26.87 26.87 27.04 27.25 27.39 27.48 27.33 27.19 27.21 27.18 26.99 26.76 26.80 26.70 26.65 26.70 26.86 26.73 26.93 26.97 26.92 26.88 26.90 26.90 26.93 26.95 27.06 27.07 26.99 26.77 26.66 26.72
27.20 27.33 27.16 27.19 27.41 27.46 27.39 27.37 27.00 27.01 27.16 27.41 27.45 27.43 27.41 27.39 27.40 27.37 27.35 27.39 27.32 27.27 27.21 27.26 27.11 27.16 27.33 27.13 26.97 26.88 26.98 26.99 26.94 27.03 27.02 26.92 26.83 26.92 26.92 26.86 26.77 26.82 26.89 26.83 26.80 26.85 26.90 27.01 27.06 27.06 27.29 27.51 27.27 27.21 27.24 27.20 27.04 26.76 26.73 26.81 26.81 26.66 26.67 26.86 26.89 26.93 26.92 26.87 26.86 26.83 26.88 26.95 26.99 27.01 26.80 26.77 26.91
27.25 27.37 27.41 27.23 27.17 27.36 27.41 27.43 27.23 27.13 27.15 27.36 27.40 27.44 27.40 27.25 27.37 27.35 27.37 27.39 27.37 27.25 27.33 27.40 27.32 27.32 27.35 27.35 26.97 26.89 26.85 26.88 26.82 26.91 26.91 26.85 26.79 26.87 26.87 26.85 26.83 26.86 26.85 26.83 26.90 26.91 26.97 27.04 26.98 26.97 27.12 27.47 27.48 27.42 27.46 27.28 27.22 27.21 26.89 26.82 26.77 26.75 26.77 26.83 26.94 26.93 26.88 26.83 26.82 26.84 26.81 26.93 26.94 26.94 26.98 27.02 27.03
27.41 27.42 27.43 27.30 27.12 27.07 27.32 27.43 27.40 27.32 27.16 27.19 27.38 27.39 27.40 27.37 27.35 27.30 27.39 27.40 27.39 27.42 27.37 27.33 27.31 27.20 27.31 27.37 27.19 26.87 26.92 26.83 26.81 26.88 26.88 26.90 26.80 26.81 26.85 26.85 26.83 26.82 26.79 26.86 26.93 26.91 26.90 27.00 26.91 26.96 26.94 27.00 27.18 27.43 27.47 27.42 27.43 27.44 27.44 27.37 26.85 26.80 26.75 26.79 26.84 26.86 26.80 26.74 26.81 26.87 26.87 26.89 26.93 26.89 26.94 27.00 26.99
27.33 27.41 27.41 27.36 27.27 27.22 27.35 27.38 27.38 27.39 27.22 27.29 27.38 27.41 27.39 27.33 27.37 27.33 27.17 27.10 27.34 27.42 27.41 27.40 27.39 27.23 27.26 27.37 27.17 26.84 26.87 26.86 26.85 26.88 26.90 26.87 26.81 26.86 26.85 26.91 26.82 26.87 26.88 26.89 26.94 26.88 26.94 26.98 26.89 26.85 26.87 26.86 26.89 26.83 27.23 27.44 27.44 27.45 27.45 27.45 27.40 26.83 26.79 26.81 26.80 26.86 26.78 26.69 26.79 26.80 26.94 26.88 26.94 26.95 26.92 26.92 26.88
27.13 27.24 27.22 27.38 27.44 27.43 27.36 27.02 27.19 27.33 27.27 27.31 27.33 27.40 27.41 27.41 27.39 27.39 27.30 27.10 26.96 27.13 27.16 27.14 27.32 27.21 27.04 27.25 27.25 26.82 26.79 26.81 26.81 26.82 26.84 26.86 26.79 26.85 26.82 26.84 26.82 26.84 26.84 26.84 27.00 26.88 26.92 26.94 26.90 26.90 26.92 26.84 26.78 26.82 26.86 26.95 27.40 27.46 27.47 27.30 27.04 27.02 26.91 26.86 26.87 26.78 26.65 26.69 26.80 26.81 26.95 26.83 26.95 26.99 27.04 26.88 26.90
26.96 27.05 27.14 27.22 27.38 27.41 27.32 27.39 27.31 27.37 27.35 27.27 27.28 27.31 27.36 27.40 27.33 27.37 27.34 27.21 27.02 27.03 27.00 27.00 27.04 27.12 27.07 26.95 27.14 26.83 26.80 26.79 26.82 26.80 26.77 26.84 26.81 26.80 26.81 26.81 26.86 26.82 26.80 26.85 26.89 26.93 26.87 26.83 26.84 26.89 26.92 26.86 26.85 26.82 26.86 26.89 26.88 26.92 27.01 26.97 27.10 27.09 27.01 26.82 26.66 26.57 26.53 26.50 26.72 26.77 26.73 26.97 26.95 26.95 27.05 26.91 26.98
27.10 27.10 27.18 27.17 27.29 27.31 27.35 27.41 27.39 27.29 27.32 27.36 27.40 27.38 27.37 27.38 27.28 27.36 27.35 27.10 27.00 26.91 26.99 27.25 27.25 27.29 27.26 27.01 26.95 26.85 26.77 26.78 26.88 26.79 26.75 26.80 26.78 26.78 26.74 26.78 26.83 26.80 26.75 26.78 26.79 26.87 26.95 26.90 26.93 26.90 26.89 26.85 26.82 26.87 26.89 26.79 26.55 26.85 26.96 26.84 26.87 26.93 26.97 26.94 26.74 26.73 26.69 26.54 26.69 26.71 26.90 26.91 26.90 26.98 27.00 26.93 26.90
27.05 27.04 27.09 27.22 27.35 27.37 27.38 27.37 27.37 27.40 27.40 27.36 27.24 27.33 27.35 27.35 27.35 27.35 27.37 27.29 27.04 26.95 26.93 27.01 27.11 27.15 27.22 27.12 26.80 27.05 26.91 26.89 26.78 26.76 26.87 26.79 26.75 26.80 26.76 26.81 26.80 26.77 26.77 26.78 26.85 26.83 26.91 26.96 26.96 26.94 26.88 26.86 26.96 26.82 26.87 26.78 26.44 26.85 26.95 26.99 26.93 26.88 26.87 26.88 26.79 26.80 26.79 26.76 26.78 26.72 26.66 26.77 26.94 26.98 26.92 26.93 26.88
26.99 26.98 27.08 27.20 27.22 27.32 27.39 27.37 27.26 27.35 27.41 27.41 27.41 27.40 27.28 27.28 27.20 27.32 27.36 27.38 27.24 27.03 27.03 26.97 27.03 27.18 27.23 27.16 26.90 27.17 26.90 26.91 26.85 26.73 26.71 26.75 26.83 26.85 26.84 26.83 26.86 26.86 26.86 26.84 26.77 26.80 26.89 26.91 26.93 26.91 26.85 26.89 26.98 26.89 26.80 26.88 26.65 26.83 26.99 27.02 26.99 26.95 26.88 26.82 26.79 26.81 26.79 26.78 26.89 26.85 26.85 26.77 26.77 26.87 26.93 26.92 26.88
26.99 26.97 27.02 27.16 27.25 27.15 27.22 27.32 27.06 27.14 27.26 27.37 27.35 27.39 27.37 27.35 27.28 27.29 27.30 27.38 27.27 26.96 27.00 27.03 27.02 26.92 26.97 27.05 26.87 27.11 26.98 26.91 26.75 26.67 26.70 26.72 26.79 26.81 26.81 26.83 26.83 26.84 26.82 26.84 26.82 26.83 26.82 26.86 26.86 26.87 26.88 26.91 26.89 26.92 26.88 26.93 26.89 26.81 27.04 26.98 26.92 26.98 26.98 26.97 26.90 26.89 26.88 26.82 26.82 26.82 26.82 26.85 26.84 26.81 26.87 26.92 26.85
26.97 26.89 26.94 27.12 27.19 27.28 27.12 27.14 27.17 27.13 27.34 27.38 27.35 27.37 27.34 27.36 27.33 27.31 27.20 27.35 27.35 26.95 27.02 26.98 26.97 27.10 26.84 26.63 26.91 26.87 26.98 26.99 26.86 26.72 26.68 26.69 26.74 26.76 26.85 26.80 26.83 26.89 26.82 26.82 26.81 26.83 26.81 26.81 26.87 26.87 26.91 26.92 26.92 26.93 26.99 26.88 26.93 26.97 27.03 27.02 27.03 27.10 27.06 27.11 26.99 26.86 26.88 26.74 26.81 26.83 26.85 26.84 26.78 26.76 26.87 26.85 26.88
27.00 26.92 27.04 27.05 27.16 27.30 27.33 27.33 27.30 27.28 27.25 27.13 27.33 27.37 27.35 27.33 27.31 27.31 27.19 27.34 27.17 26.94 27.02 26.93 26.88 27.16 27.01 26.98 26.96 26.96 26.95 26.99 26.95 26.80 26.70 26.65 26.68 26.75 26.77 26.81 26.84 26.87 26.80 26.83 26.82 26.82 26.85 26.89 26.88 26.90 26.89 26.86 26.89 26.95 26.98 26.91 26.91 27.03 26.99 26.99 27.00 27.09 27.06 27.13 27.12 27.04 26.87 26.92 26.92 26.87 26.90 26.87 26.88 26.84 26.93 26.91 26.87
27.01 27.04 27.04 27.06 26.97 27.04 27.25 27.32 27.20 27.33 27.07 27.05 27.10 27.13 27.37 27.37 27.32 27.31 27.32 27.05 26.91 26.91 27.03 26.94 27.07 27.06 27.00 27.02 26.96 27.15 27.11 26.91 26.90 26.85 26.72 26.67 26.64 26.63 26.70 26.75 26.76 26.82 26.79 27.03 26.96 26.87 26.88 26.83 26.91 26.87 26.85 26.81 26.86 26.94 26.96 26.97 26.94 26.97 27.03 26.96 26.96 26.90 26.97 27.04 27.06 27.13 27.03 26.95 26.94 26.90 26.93 26.87 26.88 26.89 26.82 26.81 26.80
26.99 27.06 27.07 26.97 27.03 27.04 27.12 27.26 27.29 27.35 27.21 27.00 27.01 27.15 27.30 27.38 27.36 27.32 27.35 27.04 26.85 26.85 26.91 26.86 27.19 27.01 27.10 27.04 26.96 27.31 27.36 26.80 26.82 27.30 27.26 26.60 26.54 26.64 26.68 26.74 26.73 26.70 26.76 26.91 26.99 26.82 26.81 26.81 26.81 26.80 26.78 26.77 26.82 26.91 26.96 26.97 26.97 26.92 26.97 27.00 26.99 26.81 26.86 26.95 26.97 27.03 27.01 27.01 26.90 26.89 26.89 26.89 26.84 26.87 26.82 26.78 26.77
26.92 26.99 27.04 26.99 27.09 27.24 27.16 27.17 27.33 27.34 27.28 27.20 27.18 27.15 27.28 27.35 27.34 27.34 27.33 27.14 26.87 26.85 27.02 26.71 26.85 26.90 27.04 27.02 26.91 27.17 27.34 27.24 27.04 27.13 27.30 26.70 26.48 26.62 26.71 26.71 26.71 26.72 26.84 26.88 27.01 27.03 26.84 26.87 26.91 26.90 26.71 26.75 26.78 26.94 27.00 26.95 26.98 26.95 26.93 26.90 26.99 26.91 26.93 26.99 27.01 27.07 27.06 27.05 26.96 26.95 26.88 26.84 26.80 26.82 26.83 26.78 26.77
26.99 26.94 26.84 26.98 26.96 27.27 27.23 27.20 27.31 27.30 27.30 27.26 27.23 27.17 27.11 27.19 27.24 27.31 27.24 26.96 27.02 26.96 26.97 26.83 26.86 26.90 27.04 26.85 26.85 26.88 27.07 27.27 27.30 27.05 27.28 27.07 26.58 26.58 26.70 26.74 26.78 26.87 26.79 26.83 27.02 27.14 27.21 27.02 26.95 26.95 27.07 26.79 26.67 26.74 26.93 27.00 26.91 26.83 26.86 26.89 26.94 26.97 27.03 27.02 26.90 27.02 27.07 27.05 27.02 27.02 26.92 26.78 26.77 26.75 26.82 26.80 26.70
26.99 26.97 26.97 26.98 27.02 26.97 27.19 27.28 27.32 27.30 27.22 27.25 27.22 27.16 27.19 27.12 27.26 27.36 27.31 27.02 27.05 26.99 27.07 27.01 27.08 26.91 26.92 26.79 26.85 26.94 27.02 27.12 27.40 27.33 27.34 27.32 27.07 26.68 26.75 26.79 26.66 26.72 26.75 26.79 27.05 27.14 27.20 27.09 26.87 27.12 27.19 27.11 27.08 26.85 26.89 27.00 27.04 27.02 26.91 26.93 27.00 27.08 27.08 27.02 26.92 26.93 26.98 26.99 27.08 27.09 27.01 26.82 26.78 26.74 26.78 26.77 26.76
26.89 26.93 27.03 27.00 27.03 26.97 27.15 27.23 27.35 27.36 27.27 27.28 27.15 27.23 27.27 27.29 27.17 27.33 27.31 27.04 27.06 26.90 26.99 26.99 27.05 27.13 27.05 26.81 26.82 26.91 26.89 26.99 27.15 27.33 27.27 27.30 27.34 27.20 26.75 26.74 26.72 26.79 26.88 26.87 26.93 26.91 26.84 27.05 26.85 26.98 27.09 27.15 27.21 27.03 26.90 26.87 26.92 26.87 26.78 26.83 27.03 27.11 26.94 27.03 27.00 26.98 26.99 26.98 27.01 27.06 26.87 26.79 26.79 26.81 26.79 26.77 26.78
26.98 26.95 27.02 27.00 27.08 27.05 26.95 27.06 27.29 27.29 27.23 27.13 27.24 27.22 27.21 27.22 27.12 27.09 27.20 27.07 27.01 26.99 26.92 26.94 26.98 27.06 27.03 26.94 26.85 26.91 26.92 27.07 27.32 27.35 27.29 27.24 27.19 27.00 26.75 26.77 26.78 26.83 26.96 26.95 26.88 26.84 26.81 26.86 26.81 26.91 26.89 26.97 27.00 26.88 26.87 26.87 26.80 26.84 26.79 26.93 27.02 27.04 26.89 27.02 27.04 27.02 26.93 26.87 26.92 26.91 26.82 26.80 26.81 26.86 26.86 26.86 26.85
26.98 26.97 26.97 27.04 27.03 27.04 27.06 26.96 27.21 27.22 27.13 27.26 27.26 27.27 27.35 27.29 27.03 27.23 27.16 27.10 27.06 27.18 26.93 26.92 26.94 26.94 26.96 26.82 26.89 26.94 26.98 27.03 27.26 27.36 27.34 27.25 27.33 26.93 26.71 26.77 26.84 26.98 27.01 26.92 26.82 26.80 26.78 26.81 26.82 26.76 26.86 26.97 27.01 27.00 26.84 26.79 26.77 26.79 26.78 26.99 27.01 26.96 26.91 26.95 27.01 27.13 27.04 26.94 26.91 26.83 26.87 26.84 26.89 26.84 26.80 26.82 26.80
26.98 26.94 26.91 27.01 27.03 27.03 26.96 27.03 27.17 27.21 27.27 27.27 27.31 27.35 27.34 27.28 27.26 27.24 27.05 27.13 27.20 27.02 26.95 26.99 27.05 27.04 27.04 26.69 26.89 26.90 26.97 27.12 27.17 27.35 27.35 27.32 26.91 26.67 26.66 26.75 26.80 26.94 26.95 26.82 26.85 26.82 26.82 26.72 26.69 26.62 26.80 26.92 26.96 26.95 26.94 26.92 26.87 26.77 26.76 26.78 26.91 26.97 26.94 26.99 26.96 27.03 27.09 27.08 27.05 26.97 26.98 27.01 26.94 26.79 26.76 26.77 26.76
26.96 26.93 26.88 26.93 26.99 27.00 26.98 26.92 27.02 27.13 27.24 27.15 27.27 27.33 27.34 27.29 27.20 27.21 27.10 27.22 27.30 26.94 26.93 26.83 26.87 26.88 27.09 26.87 26.82 26.87 26.88 27.04 27.26 27.34 27.15 26.84 26.72 26.68 26.68 26.70 26.63 26.76 26.98 26.90 26.81 26.86 26.68 26.71 26.59 26.78 26.72 26.74 26.81 26.90 26.81 26.85 26.91 26.78 26.75 26.79 26.89 26.86 26.99 27.03 26.93 26.93 26.95 26.98 27.21 27.16 27.08 26.85 26.81 26.71 26.73 26.74 26.73
26.91 26.92 26.79 26.91 26.89 26.94 26.96 26.88 26.85 26.91 26.91 26.94 26.96 27.13 27.32 27.31 27.26 27.26 27.22 27.23 27.30 27.18 26.94 26.94 26.75 26.66 26.70 26.91 26.79 26.70 26.75 26.84 27.37 27.25 27.33 27.17 27.08 26.68 26.59 26.62 26.63 26.67 26.80 26.85 26.78 26.85 26.60 26.68 26.82 26.78 26.79 26.72 26.89 26.96 26.87 26.67 26.82 26.74 26.73 26.80 26.87 26.94 27.06 27.20 27.12 26.79 26.90 27.02 27.02 27.19 27.34 26.98 26.80 26.69 26.70 26.73 26.61
26.95 26.87 26.82 26.82 26.89 27.00 26.99 26.89 26.84 26.83 26.90 26.92 26.92 27.03 27.26 27.27 27.23 27.23 27.10 26.77 27.07 27.18 27.00 26.70 26.74 26.77 26.66 26.65 26.65 26.65 26.68 26.96 27.33 27.19 27.40 27.37 27.05 26.76 26.65 26.57 26.60 26.61 26.78 26.96 26.72 26.70 26.82 26.86 26.83 26.83 26.80 26.79 26.69 26.85 26.84 26.75 26.73 26.72 26.73 26.80 26.87 26.98 27.04 27.06 27.15 27.06 26.90 26.96 27.02 27.00 27.27 26.96 26.73 26.73 26.75 26.75 26.80
