main/data/irradiance/15.10.2023.grid
ncols 839
nrows 679
xllcenter 112.0500
yllcenter -43.9500
cellsize 0.0500
nodata_value 99999.90
[rows 374 to 407 of 679, columns 539 to 615 of 839]
25.55 25.84 25.86 25.85 25.81 25.77 25.85 25.84 25.85 25.81 25.91 25.90 25.88 25.83 25.88 25.87 25.89 25.83 25.80 25.80 25.83 25.84 25.83 25.76 25.74 25.84 25.85 25.82 25.82 25.90 25.98 25.87 25.82 25.78 25.84 25.88 25.94 26.06 25.96 25.89 25.94 25.91 25.82 25.87 25.99 25.95 25.88 25.89 25.90 25.87 25.93 25.98 25.88 25.87 26.03 26.01 26.18 26.22 26.20 26.17 26.16 26.14 26.10 26.27 26.29 26.25 26.12 26.07 26.68 26.33 26.17 26.07 26.15 26.14 26.10 26.07 26.00
25.27 25.95 25.86 25.85 25.79 25.72 25.74 25.76 25.79 25.80 25.85 25.70 25.88 25.87 25.76 25.79 25.84 25.83 25.78 25.83 25.87 25.89 25.89 25.76 25.78 25.81 25.76 25.81 25.83 25.89 25.98 25.93 25.76 25.86 25.86 25.85 25.88 26.00 26.02 25.86 25.86 26.01 25.94 25.90 25.99 25.95 25.85 25.90 25.92 25.86 25.85 25.93 25.85 25.89 25.80 26.04 26.23 26.17 26.15 26.20 26.16 26.14 26.18 26.22 26.00 26.09 26.09 26.00 25.97 26.11 26.07 26.04 26.09 26.09 25.97 26.11 26.07
26.18 26.12 25.91 25.85 25.83 25.78 25.71 25.78 25.70 25.70 25.89 25.91 25.86 25.89 25.91 25.84 25.90 25.84 25.87 25.89 25.82 25.82 25.78 25.80 25.77 25.83 25.78 25.72 25.76 25.83 25.90 25.88 25.82 25.93 25.98 25.83 25.97 26.09 26.03 25.90 25.88 25.94 25.87 25.93 25.88 25.96 25.95 25.96 25.99 26.00 25.89 25.81 25.81 25.84 25.77 26.04 26.13 26.06 26.09 26.22 26.23 26.19 26.15 26.09 25.87 25.99 25.82 26.09 26.12 25.94 25.91 25.81 26.06 26.00 26.09 25.96 25.84
26.67 26.47 25.96 25.86 25.76 25.81 25.86 25.80 25.84 25.50 25.91 25.86 25.85 25.91 25.77 25.84 25.72 25.81 25.74 25.87 25.87 25.79 25.74 25.71 25.76 25.78 25.85 25.68 25.67 25.75 25.76 25.70 25.73 25.69 25.81 25.79 25.78 26.02 25.97 25.82 25.74 25.76 25.83 25.92 25.81 25.85 26.01 25.93 25.90 25.97 26.00 25.89 25.84 25.83 25.92 26.05 26.00 26.06 26.03 26.08 26.15 26.20 26.09 26.19 25.91 25.81 26.02 25.76 26.08 26.04 26.06 26.03 25.79 26.02 26.14 26.02 25.99
26.28 26.38 26.44 26.15 25.82 25.83 25.82 25.87 25.87 25.91 26.00 26.02 25.89 25.91 25.86 25.56 25.71 25.71 25.78 25.91 25.97 25.91 25.89 25.79 25.75 25.75 25.79 25.71 25.74 25.70 25.72 25.79 25.65 25.67 25.73 25.82 25.66 26.09 25.98 25.84 25.81 25.83 25.83 25.83 25.81 25.82 25.78 25.87 25.91 25.96 26.03 25.90 25.73 25.68 25.92 25.99 25.90 26.05 26.02 26.10 26.14 26.06 25.98 26.10 26.08 25.96 26.30 26.26 26.35 26.60 26.03 26.01 25.87 25.93 26.09 26.24 26.13
26.09 26.19 26.45 26.35 25.92 25.79 25.63 25.96 25.98 25.88 25.97 25.90 25.86 25.97 25.85 25.76 25.73 25.78 25.73 25.86 25.96 25.90 25.91 25.77 25.85 25.71 25.81 25.76 25.81 25.83 25.88 25.81 25.60 25.55 25.69 25.66 25.66 25.83 25.93 25.80 25.77 25.91 25.80 25.84 25.80 25.73 25.71 25.86 25.75 25.75 25.79 25.90 25.95 25.74 25.77 25.89 25.97 26.06 25.96 26.07 26.11 26.01 25.99 26.03 26.03 26.09 26.10 26.55 26.72 26.70 25.96 25.90 25.92 25.90 25.87 26.09 26.07
26.38 26.36 26.44 26.40 26.16 26.11 25.84 25.93 25.68 25.72 26.00 26.01 25.99 26.05 26.07 25.97 25.86 25.88 25.88 25.95 25.96 25.95 25.97 25.87 25.89 25.81 25.87 25.92 25.81 25.70 25.72 25.75 25.56 25.54 25.71 25.74 25.66 25.81 25.92 25.93 25.77 25.88 25.85 25.84 25.84 25.83 25.85 25.88 25.87 25.95 25.94 25.97 25.96 25.98 25.98 26.04 26.16 26.10 26.04 26.17 26.12 26.08 26.06 26.14 26.10 26.09 26.08 26.38 26.56 26.62 26.15 25.97 25.93 25.99 25.84 25.88 25.94
26.30 26.38 26.33 26.39 26.19 26.28 26.10 26.06 25.55 25.71 26.04 26.05 25.99 25.98 26.05 26.08 26.06 25.99 25.90 25.99 26.04 25.93 25.84 25.86 25.87 25.83 25.84 25.94 25.88 25.89 25.81 25.68 25.63 25.60 25.70 25.72 25.73 25.78 25.89 25.88 25.85 25.87 26.00 25.91 25.55 25.59 25.87 25.89 25.91 25.93 25.96 25.95 25.97 26.02 26.04 26.10 26.14 26.08 26.09 26.12 25.99 26.10 26.05 26.13 26.15 26.13 26.24 26.26 26.32 26.14 25.98 26.00 26.04 25.98 25.95 25.84 25.77
26.28 26.17 26.28 26.17 26.23 26.27 26.24 26.18 26.07 25.92 26.04 26.27 26.30 26.31 26.06 25.97 26.11 26.10 25.97 25.95 26.06 25.90 25.79 25.82 25.80 25.83 25.77 25.82 25.84 25.82 25.83 25.68 25.64 25.67 25.72 25.67 25.67 25.90 25.99 25.98 25.90 25.92 25.87 25.93 25.89 25.88 25.81 25.82 25.87 25.87 25.87 25.93 25.92 25.95 26.14 26.11 26.00 26.03 26.07 26.16 26.10 26.07 26.04 25.96 26.05 26.15 26.22 26.17 26.20 26.02 26.00 25.93 26.01 26.00 26.02 25.87 25.82
26.28 26.20 26.30 26.18 26.26 26.28 26.19 26.29 26.23 26.14 26.27 26.24 26.34 26.36 26.29 26.14 26.06 26.17 26.11 26.08 26.03 25.93 25.88 25.85 25.80 25.86 25.69 25.71 25.86 25.81 25.86 25.73 25.60 25.63 25.72 25.75 25.78 25.74 25.90 25.92 25.94 25.93 25.93 25.92 25.91 25.94 25.97 25.94 26.03 25.98 25.98 26.05 26.03 25.97 26.15 26.14 26.01 25.98 26.07 26.22 26.17 25.97 26.03 26.00 26.08 26.04 26.11 26.15 26.19 26.06 26.01 25.99 25.88 25.93 25.90 25.81 25.82
26.26 26.29 26.31 26.21 26.25 26.23 26.27 26.28 26.22 26.41 26.40 26.44 26.44 26.26 26.22 26.34 26.29 26.09 26.18 26.14 26.02 25.97 25.98 25.91 25.75 25.87 25.70 25.70 25.79 25.80 25.71 25.70 25.57 25.67 25.77 25.71 25.81 25.73 25.86 25.93 25.92 25.94 25.99 25.94 25.94 25.99 26.03 26.01 26.03 26.00 25.98 26.10 26.12 25.98 26.07 25.96 25.96 25.98 25.97 26.12 26.14 26.10 26.01 25.96 26.00 26.12 26.05 25.99 26.04 26.04 26.01 26.01 25.90 25.79 25.84 25.93 25.80
26.24 26.29 26.32 26.25 26.20 26.24 26.28 26.20 26.28 26.36 26.36 26.42 26.43 26.46 26.36 26.43 26.47 25.80 25.94 26.13 26.08 26.03 25.95 25.92 25.80 25.94 25.76 25.66 25.81 25.62 25.79 25.75 25.58 25.61 25.72 25.75 25.66 25.68 25.86 25.90 25.92 25.84 25.83 25.90 25.90 25.99 26.10 26.05 26.09 26.10 26.07 26.15 26.15 26.16 26.11 25.97 26.11 26.00 25.84 25.91 26.04 26.01 26.02 26.03 26.08 26.19 26.14 26.01 26.03 25.94 25.94 25.92 25.99 25.77 25.78 25.88 25.89
26.21 26.31 26.22 26.14 26.15 26.24 26.21 26.09 26.27 26.27 26.33 26.31 26.24 26.41 26.52 26.44 26.17 25.86 26.02 26.14 26.20 26.07 26.04 26.01 25.95 25.95 25.76 25.69 25.64 25.56 25.57 25.74 25.68 25.57 25.45 25.71 25.74 25.74 25.75 25.76 25.89 25.86 25.75 25.82 25.87 25.92 26.07 26.06 26.10 26.08 26.15 26.05 26.02 26.01 25.94 25.97 25.99 25.93 25.83 25.83 26.04 25.98 25.99 26.08 26.14 26.13 26.15 26.09 26.20 25.98 25.90 26.01 26.06 25.85 25.78 26.09 25.99
26.11 26.25 26.16 26.12 26.21 26.16 26.16 26.15 26.14 26.25 26.19 26.19 26.17 26.35 26.38 26.47 26.34 26.14 25.98 26.05 26.25 26.07 25.71 26.08 26.02 25.96 25.83 25.72 25.61 25.52 25.53 25.71 25.61 25.53 25.56 25.56 25.53 25.56 25.83 25.75 25.77 25.78 25.71 25.79 25.84 25.90 25.94 25.99 26.03 26.10 26.14 26.09 25.96 25.95 25.82 25.79 25.76 25.64 26.01 26.03 26.08 25.96 25.90 26.03 26.21 26.08 26.16 26.34 26.20 26.04 26.10 26.02 25.85 25.92 25.98 25.98 25.70
26.27 26.22 26.07 26.29 26.25 26.18 26.16 26.20 26.28 26.24 26.17 26.25 26.24 26.27 26.26 26.41 26.41 26.08 26.03 26.03 26.14 26.18 26.05 26.02 25.83 25.78 25.70 25.59 25.54 25.57 25.55 25.71 25.65 25.50 25.77 25.57 25.42 25.45 25.59 25.67 25.81 25.71 25.67 25.79 25.90 25.98 25.96 26.04 26.02 26.07 26.14 26.14 26.00 26.23 26.18 26.00 25.77 25.89 26.13 26.07 26.10 26.06 25.92 26.01 26.23 26.08 25.95 26.21 26.17 26.12 26.12 26.07 25.81 25.47 26.06 26.15 25.87
26.19 26.23 26.07 26.23 26.30 26.18 26.15 26.21 26.29 26.22 26.14 26.20 26.14 26.23 26.21 26.35 26.41 26.40 26.17 26.02 26.11 26.19 26.05 26.07 25.74 25.69 25.59 25.49 25.50 25.57 25.53 25.60 25.57 25.49 25.62 25.60 25.60 25.47 25.59 25.62 25.61 25.61 25.64 25.67 25.83 25.92 25.98 26.03 26.07 26.16 26.26 26.19 26.08 26.34 26.38 26.12 26.09 26.02 25.85 26.15 26.03 26.00 25.97 26.06 26.07 26.06 25.75 26.01 25.99 26.04 26.07 26.17 25.87 25.78 26.04 26.11 26.05
26.14 26.15 26.13 26.20 26.22 26.19 26.19 26.17 26.32 26.26 26.19 26.21 26.19 26.26 26.30 26.24 26.26 26.32 26.30 26.12 26.11 26.22 26.06 26.04 25.83 25.66 25.61 25.46 25.47 25.44 25.45 25.57 25.56 25.56 25.57 25.66 25.64 25.42 25.49 25.63 25.70 25.60 25.61 25.56 25.78 25.86 25.90 26.01 26.12 26.29 26.35 26.37 26.14 26.19 26.27 26.23 26.09 25.93 25.82 25.86 25.99 25.98 26.13 26.14 26.10 26.10 25.79 25.85 26.01 26.01 26.06 26.13 25.84 25.51 26.05 26.21 26.21
26.18 26.16 26.18 26.18 26.19 26.15 26.22 26.20 26.23 26.25 26.21 26.16 26.18 26.19 26.24 26.21 26.20 26.17 26.22 26.18 26.58 26.67 25.42 25.18 25.68 25.64 25.61 25.57 25.53 25.56 25.54 25.52 25.54 25.63 25.55 25.71 25.63 25.55 25.47 25.57 25.69 25.68 25.63 25.71 25.78 25.83 26.01 26.08 26.14 26.26 26.29 26.29 26.09 26.15 26.20 26.20 26.10 25.93 25.95 26.06 26.11 26.08 26.11 26.00 26.03 26.07 26.05 25.99 26.01 26.00 26.02 26.14 25.97 25.76 25.85 26.06 26.05
26.25 26.14 26.17 26.10 26.14 26.07 26.22 26.23 26.15 26.20 26.20 26.26 26.27 26.30 26.19 26.22 26.24 26.17 26.13 26.20 26.81 26.81 25.95 25.76 25.83 25.66 25.61 25.70 25.61 25.65 25.63 25.63 25.62 25.55 25.63 25.66 25.48 25.52 25.39 25.60 25.70 25.67 25.64 25.72 25.70 25.79 25.99 26.19 26.21 26.27 26.29 26.25 26.31 26.20 26.23 26.30 26.21 26.19 26.16 26.10 26.03 26.01 26.01 26.06 26.11 26.08 26.08 26.01 26.01 25.98 25.98 25.97 26.02 25.99 26.28 26.17 25.90
26.20 26.12 26.14 26.11 26.04 26.05 26.07 26.15 26.06 26.11 26.18 26.34 26.25 26.20 26.16 26.13 26.16 26.18 26.25 26.21 26.78 26.52 25.77 25.87 25.88 25.76 25.75 25.70 25.61 25.72 25.68 25.63 25.66 25.58 25.63 25.60 25.47 25.41 25.43 25.51 25.65 25.70 25.57 25.59 25.65 25.82 26.03 26.15 26.14 26.21 26.26 26.24 26.22 26.16 26.32 26.31 26.28 26.20 26.02 26.25 26.22 26.11 25.96 26.07 26.06 26.03 26.00 25.99 26.04 25.94 25.94 25.86 25.93 25.93 26.13 25.95 25.88
26.14 26.08 26.09 26.08 26.05 26.00 26.07 26.01 26.08 26.11 26.27 26.34 26.18 26.18 26.12 26.03 26.11 26.16 26.31 26.34 26.64 26.75 26.48 26.20 25.88 25.91 25.73 25.76 25.55 25.42 25.61 25.56 25.54 25.55 25.59 25.53 25.46 25.25 25.42 25.45 25.61 25.72 25.57 25.58 25.60 25.78 26.05 26.17 26.13 26.06 26.14 26.15 26.16 26.22 26.30 26.24 26.20 26.30 26.11 26.24 26.24 26.15 26.06 26.00 26.08 26.02 25.98 25.94 25.95 25.96 25.97 25.94 25.90 26.03 25.85 25.82 25.80
26.13 26.04 26.10 26.07 26.04 26.06 26.05 26.04 26.11 26.23 26.21 26.20 26.15 26.10 26.15 26.19 26.01 26.04 26.21 26.16 26.26 26.49 26.31 26.37 26.16 25.82 25.81 25.81 25.57 25.33 25.49 25.64 25.61 25.59 25.65 25.57 25.56 25.50 25.49 25.43 25.62 25.66 25.62 25.62 25.55 25.71 25.97 26.06 26.03 26.02 26.12 26.12 26.09 26.08 26.18 26.25 26.28 26.21 26.10 26.15 26.18 26.15 26.13 25.99 25.92 25.97 26.01 25.97 25.96 25.99 25.96 25.99 25.98 26.02 25.97 25.97 25.81
26.07 26.07 26.08 25.96 25.92 26.06 26.08 26.04 26.11 26.15 26.17 26.17 26.16 26.17 26.24 26.27 25.88 25.75 26.11 26.13 26.14 26.17 25.85 25.84 25.98 25.84 25.76 25.76 25.59 25.58 25.74 25.70 25.73 25.67 25.71 25.57 25.65 25.60 25.49 25.53 25.61 25.73 25.66 25.67 25.55 25.58 25.84 25.99 25.98 26.02 26.10 26.19 26.13 26.07 26.10 26.14 26.17 26.16 26.09 25.91 26.05 26.00 26.00 26.05 25.99 25.97 25.76 25.85 25.85 25.75 25.80 25.92 25.99 26.03 25.99 26.01 25.89
26.10 25.97 26.00 25.99 25.97 25.97 25.95 25.98 26.11 26.17 26.11 25.98 26.02 25.95 25.84 26.20 25.65 25.32 25.95 26.05 26.11 26.24 26.22 25.89 25.52 25.76 25.86 25.70 25.54 25.65 25.86 25.79 25.76 25.63 25.53 25.40 25.55 25.54 25.54 25.54 25.64 25.72 25.63 25.70 25.57 25.61 25.77 25.84 25.98 26.00 26.14 26.17 26.17 26.11 26.07 26.13 26.13 26.18 26.11 25.85 26.06 25.94 26.00 25.92 25.92 25.90 25.75 25.81 25.93 25.91 25.84 25.96 26.06 26.06 25.97 25.95 25.93
26.09 26.08 26.04 26.10 26.04 26.07 25.87 26.03 26.12 26.23 26.20 25.71 25.67 26.10 26.14 26.11 25.76 25.54 25.71 26.00 26.05 26.10 26.15 26.09 25.77 25.77 26.00 25.89 25.56 25.55 25.87 25.74 25.67 25.59 25.54 25.52 25.56 25.44 25.60 25.50 25.59 25.66 25.52 25.66 25.63 25.53 25.62 25.71 25.71 25.81 25.95 25.91 26.09 26.08 25.94 25.93 26.07 26.05 26.03 25.99 26.05 26.01 25.94 25.96 25.96 25.93 25.62 25.81 25.97 25.90 25.88 26.00 26.04 25.92 25.94 25.91 26.02
26.05 26.02 26.03 26.04 25.82 25.98 25.79 25.81 25.83 25.96 26.08 25.93 25.75 25.97 26.16 26.20 26.09 25.91 25.62 26.00 26.08 26.03 25.96 26.38 25.78 25.58 25.94 25.94 25.62 25.65 25.84 25.77 25.66 25.50 25.53 25.60 25.51 25.42 25.57 25.40 25.51 25.54 25.60 25.70 25.64 25.57 25.64 25.60 25.68 25.73 25.72 25.81 25.77 25.84 25.87 25.95 26.03 26.01 25.83 25.86 25.94 25.96 25.98 25.96 25.93 25.93 25.80 25.59 25.96 25.97 25.88 25.92 25.87 25.86 25.93 25.91 25.81
25.97 25.94 25.98 26.08 26.20 26.21 26.15 26.03 26.04 26.14 26.13 26.07 25.99 25.90 26.17 26.11 26.02 25.97 25.81 25.81 26.07 26.01 25.59 26.01 25.93 25.59 26.04 25.66 25.92 25.77 25.81 25.81 25.67 25.79 25.60 25.55 25.54 25.61 25.46 25.49 25.51 25.37 25.43 25.58 25.51 25.44 25.65 25.60 25.72 25.73 25.67 25.72 25.89 25.91 25.93 25.97 26.02 25.97 25.96 25.94 25.92 25.92 25.98 26.13 25.92 26.01 25.93 25.81 25.95 25.97 25.93 25.91 25.83 25.82 25.77 25.84 26.00
26.06 26.03 26.05 26.02 26.09 26.11 26.03 26.00 26.10 26.12 26.13 26.10 26.02 25.99 26.16 26.18 25.99 25.92 25.91 25.50 25.90 25.87 25.72 25.85 25.81 25.67 25.60 25.59 25.97 25.50 25.82 25.77 25.64 25.83 25.64 25.67 25.59 25.63 25.41 25.54 25.57 25.34 25.46 25.53 25.50 25.65 25.73 25.65 25.67 25.66 25.65 25.68 25.88 26.01 25.99 26.00 26.06 25.98 25.96 25.82 25.95 25.87 26.09 26.25 26.05 25.97 25.96 25.94 26.06 25.91 25.95 25.86 25.82 25.92 25.89 25.75 25.94
26.02 25.98 25.91 25.96 26.10 26.07 26.03 25.97 26.06 26.14 26.10 26.12 26.07 25.97 25.97 25.98 25.90 25.83 25.91 25.94 25.91 26.00 25.99 25.65 25.74 25.47 25.59 25.68 25.63 25.67 25.74 25.60 25.80 25.84 25.64 25.78 25.60 25.76 25.69 25.66 25.60 25.48 25.57 25.50 25.57 25.74 25.73 25.62 25.60 25.70 25.67 25.68 25.91 26.01 25.98 25.95 25.98 26.02 25.92 25.72 25.79 25.64 25.83 26.17 26.02 26.01 26.04 25.94 25.91 25.86 25.89 25.84 25.81 25.84 25.93 25.94 26.06
26.07 25.89 25.86 25.97 26.03 26.03 26.08 26.12 26.15 26.11 26.07 26.14 26.19 26.19 26.09 26.00 25.87 25.62 25.72 26.01 26.06 25.97 25.84 25.72 25.69 25.41 25.36 25.12 25.33 25.65 25.60 25.50 25.71 25.90 25.67 25.75 25.60 25.60 25.79 25.75 25.75 25.69 25.67 25.68 25.70 25.69 25.69 25.60 25.65 25.68 25.70 25.69 25.75 25.89 26.08 26.03 25.93 25.88 26.02 25.77 25.80 25.79 25.85 25.95 25.87 25.93 25.96 25.95 25.90 25.90 25.83 25.80 25.82 25.77 25.84 25.97 26.09
26.07 26.02 26.04 26.04 26.03 25.92 25.98 26.08 26.12 26.04 25.91 25.96 25.99 25.96 25.93 25.92 25.81 25.55 25.32 25.51 25.96 25.94 25.93 25.88 25.72 25.61 25.44 25.23 25.29 25.51 25.61 25.71 25.71 25.70 25.68 25.67 25.61 25.73 25.75 25.80 25.79 25.78 25.78 25.69 25.67 25.57 25.70 25.64 25.68 25.73 25.75 25.78 25.73 25.84 25.94 25.99 25.87 25.85 25.90 25.79 25.76 25.81 25.79 25.77 25.76 25.89 25.83 25.82 25.97 25.86 25.85 25.85 25.85 25.79 25.78 25.90 25.98
26.11 26.10 26.05 25.97 25.83 25.65 25.62 26.04 26.05 26.05 25.95 25.96 25.61 25.92 25.97 25.98 25.90 25.89 25.66 24.86 25.58 26.01 25.98 25.87 25.77 25.66 25.57 25.47 25.50 25.59 25.71 25.79 25.70 25.69 25.61 25.53 25.55 25.74 25.78 25.81 25.81 25.89 25.79 25.69 25.69 25.64 25.71 25.72 25.70 25.73 25.74 25.74 25.82 25.83 25.82 26.06 25.87 25.81 25.79 25.83 25.75 25.82 25.79 25.82 25.85 25.88 25.77 25.68 25.99 25.75 25.86 25.83 25.83 25.88 25.89 25.86 25.88
25.74 25.74 25.96 25.85 25.58 25.60 25.54 26.06 26.03 26.00 25.85 25.97 25.82 25.96 26.00 25.97 25.94 25.93 25.55 25.10 25.71 25.97 25.86 25.74 25.73 25.75 25.66 25.60 25.67 25.61 25.76 25.81 25.77 25.68 25.57 25.51 25.47 25.62 25.75 25.74 25.78 25.86 25.82 25.76 25.69 25.72 25.63 25.65 25.64 25.58 25.70 25.67 25.80 25.75 25.82 25.79 25.75 25.85 25.82 25.90 25.89 25.78 25.84 26.16 25.99 25.90 25.76 25.66 26.01 25.95 25.74 25.84 25.95 25.91 25.96 25.97 25.92
26.02 26.00 26.00 26.05 25.80 25.84 25.96 26.05 26.00 26.02 25.91 25.88 25.91 25.97 26.00 26.02 26.01 25.82 24.80 24.75 25.25 25.77 25.82 25.92 25.75 25.78 25.78 25.66 25.76 25.68 25.71 25.72 25.78 25.61 25.51 25.52 25.50 25.58 25.63 25.71 25.69 25.83 25.79 25.72 25.70 25.67 25.68 25.65 25.66 25.70 25.70 25.74 25.83 25.80 25.83 25.81 25.79 25.96 25.93 25.90 25.95 25.97 25.95 26.28 26.09 26.09 25.94 25.95 25.88 25.99 25.89 25.86 25.75 25.98 26.03 25.96 25.98
