main/data/irradiance/16.04.2023.grid
ncols 839
nrows 679
xllcenter 112.0500
yllcenter -43.9500
cellsize 0.0500
nodata_value 99999.90
[rows 306 to 339 of 679, columns 0 to 76 of 839]
99999.90 99999.90 99999.90 99999.90 99999.90 99999.90 99999.90 99999.90 19.24 19.24 19.24 19.24 19.24 19.24 19.24 19.24 19.24 19.24 19.24 19.24 19.24 19.24 19.24 19.24 19.23 19.23 19.23 19.23 19.23 19.23 19.23 19.52 19.44 19.44 19.44 19.03 19.03 19.03 19.68 19.74 19.51 19.54 19.41 19.66 19.70 19.64 19.60 19.68 19.61 19.72 19.59 19.53 19.34 19.18 18.92 18.91 19.22 19.38 19.51 19.77 19.80 19.50 19.60 19.76 19.72 19.38 19.11 19.41 19.74 19.66 19.60 19.56 19.67 19.84 19.87 19.69 19.55
99999.90 99999.90 99999.90 99999.90 99999.90 99999.90 99999.90 99999.90 19.24 19.24 19.24 19.24 19.24 19.24 19.24 19.24 19.24 19.24 19.24 19.24 19.24 19.24 19.24 19.24 19.23 19.23 19.23 19.23 19.23 19.23 19.23 19.23 19.44 19.03 19.03 19.03 19.03 19.03 19.44 19.69 19.72 19.56 19.44 19.56 19.63 19.47 19.33 19.42 19.41 19.58 19.46 19.57 19.37 19.26 19.18 19.31 19.44 19.70 19.77 19.61 19.68 19.76 19.79 19.77 19.77 19.58 19.39 19.14 19.20 19.64 19.82 19.83 19.80 19.76 19.78 19.85 19.75
99999.90 99999.90 99999.90 99999.90 99999.90 99999.90 99999.90 99999.90 19.24 19.24 19.24 19.24 19.24 19.24 19.24 19.24 19.24 19.24 19.24 19.24 19.24 19.24 19.24 19.24 19.23 19.23 19.23 19.23 19.23 19.23 19.23 19.23 19.23 19.03 19.03 19.03 19.38 19.38 19.38 19.69 19.67 19.51 19.62 19.68 19.67 19.39 19.19 18.94 18.90 19.30 19.42 19.63 19.29 19.50 19.64 19.56 19.59 19.61 19.68 19.69 19.69 19.75 19.77 19.74 19.69 19.71 19.79 19.83 19.61 19.68 19.73 19.79 19.80 19.65 19.68 19.78 19.82
99999.90 99999.90 99999.90 99999.90 99999.90 99999.90 99999.90 99999.90 19.24 19.24 19.24 19.24 19.24 19.24 19.24 19.24 19.24 19.24 19.24 19.24 19.24 19.24 19.24 19.42 19.23 19.23 19.23 19.23 19.23 19.23 19.23 19.23 19.68 19.03 19.38 19.38 19.38 19.38 19.38 19.51 19.63 19.46 19.68 19.70 19.67 19.57 19.44 19.45 19.12 19.03 19.26 19.60 19.73 19.56 19.45 19.35 19.32 19.19 19.51 19.71 19.78 19.76 19.77 19.79 19.76 19.81 19.77 19.83 19.77 19.66 19.63 19.62 19.55 19.35 19.51 19.72 19.86
99999.90 99999.90 99999.90 99999.90 99999.90 99999.90 99999.90 99999.90 19.24 19.24 19.24 19.24 19.24 19.24 19.24 19.24 19.24 19.24 19.24 19.24 19.24 19.42 19.42 19.42 19.23 19.23 19.23 19.23 19.23 19.23 19.23 19.68 19.68 19.66 19.38 19.38 19.38 19.38 19.51 19.51 19.49 19.24 19.52 19.76 19.68 19.63 19.65 19.64 19.71 19.66 19.48 19.56 19.59 19.70 19.31 19.30 19.58 19.49 19.38 19.51 19.75 19.76 19.76 19.73 19.76 19.77 19.75 19.79 19.81 19.69 19.63 19.69 19.69 19.60 19.54 19.77 19.85
99999.90 99999.90 99999.90 99999.90 99999.90 99999.90 99999.90 99999.90 19.52 19.52 19.52 19.52 19.52 19.52 19.52 19.52 19.52 19.52 19.52 19.52 19.42 19.42 19.42 19.42 19.23 19.23 19.23 19.23 19.23 19.23 19.68 19.68 19.66 19.66 19.71 19.38 19.38 19.51 19.77 19.77 19.77 19.40 19.55 19.66 19.69 19.73 19.75 19.52 19.62 19.72 19.53 19.64 19.46 19.56 19.46 19.24 19.26 19.67 19.66 19.65 19.73 19.75 19.78 19.76 19.74 19.74 19.74 19.72 19.73 19.69 19.69 19.72 19.78 19.68 19.70 19.71 19.81
99999.90 99999.90 99999.90 99999.90 99999.90 99999.90 99999.90 99999.90 19.23 19.23 19.23 19.23 19.23 19.23 19.23 19.23 19.23 19.23 19.23 19.42 19.42 19.42 19.42 19.42 19.41 19.41 19.41 19.41 19.41 19.68 19.68 19.66 19.66 19.71 19.71 19.37 19.37 19.77 19.77 19.77 19.77 19.69 19.51 19.60 19.59 19.55 19.58 19.67 19.60 19.65 19.72 19.72 19.57 19.41 19.47 19.58 19.63 19.73 19.75 19.65 19.70 19.72 19.72 19.69 19.70 19.69 19.65 19.64 19.62 19.63 19.65 19.73 19.72 19.69 19.72 19.73 19.73
99999.90 99999.90 99999.90 99999.90 99999.90 99999.90 99999.90 99999.90 18.85 18.85 18.85 18.85 18.85 18.85 18.85 18.85 18.85 18.85 18.85 19.45 19.45 19.45 19.51 19.51 19.64 19.64 19.64 19.64 19.64 19.71 19.66 19.66 19.71 19.71 19.60 19.37 19.37 19.37 19.77 19.77 19.69 19.69 19.50 19.48 19.56 19.56 19.52 19.68 19.60 19.60 19.69 19.66 19.62 19.59 19.62 19.63 19.78 19.79 19.72 19.66 19.60 19.67 19.60 19.65 19.58 19.49 19.43 19.34 19.31 19.39 19.55 19.69 19.66 19.67 19.74 19.80 19.78
99999.90 99999.90 99999.90 99999.90 99999.90 99999.90 99999.90 99999.90 18.85 18.85 18.85 18.85 18.85 18.85 18.85 18.85 18.85 18.85 18.85 19.65 19.65 19.51 19.51 19.51 19.29 19.29 19.29 19.29 19.29 19.57 19.68 19.71 19.71 19.60 19.60 19.37 19.37 19.37 19.37 19.69 19.68 19.68 19.68 19.37 19.53 19.54 19.48 19.43 19.51 19.59 19.64 19.55 19.52 19.75 19.67 19.65 19.71 19.74 19.68 19.69 19.62 19.55 19.59 19.55 19.61 19.56 19.36 19.31 19.45 19.48 19.69 19.70 19.59 19.82 19.84 19.78 19.73
99999.90 99999.90 99999.90 99999.90 99999.90 99999.90 99999.90 99999.90 18.85 18.85 18.85 18.85 18.85 18.85 18.85 18.85 18.85 19.62 19.62 19.62 19.51 19.51 19.51 19.55 19.55 19.29 19.29 19.29 19.29 19.50 19.64 19.67 19.60 19.60 19.60 19.37 19.37 19.37 19.37 19.68 19.68 19.68 19.68 19.30 19.47 19.38 19.31 19.09 19.35 19.52 19.56 19.53 19.48 19.60 19.72 19.70 19.72 19.66 19.62 19.60 19.52 19.43 19.49 19.44 19.33 19.24 19.39 19.56 19.55 19.54 19.72 19.75 19.81 19.84 19.84 19.72 19.66
99999.90 99999.90 99999.90 99999.90 99999.90 99999.90 99999.90 99999.90 18.85 18.85 18.85 18.85 18.85 18.85 18.85 19.62 19.62 19.62 19.62 19.62 19.58 19.58 19.55 19.55 19.55 19.29 19.29 18.84 18.84 18.84 19.25 19.32 19.33 19.33 19.54 19.37 19.37 19.37 19.37 19.37 19.68 19.68 19.30 19.30 19.47 19.24 19.30 19.15 18.87 19.02 19.24 19.53 19.48 19.50 19.51 19.62 19.64 19.67 19.67 19.52 19.11 19.14 19.16 19.31 19.25 19.56 19.54 19.62 19.52 19.64 19.62 19.70 19.84 19.83 19.90 19.69 19.70
99999.90 99999.90 99999.90 99999.90 99999.90 99999.90 99999.90 99999.90 18.85 18.85 18.85 18.85 18.85 19.62 19.62 19.62 19.62 19.62 19.43 19.43 19.43 19.55 19.55 19.55 19.55 19.55 18.84 18.84 18.84 18.84 19.13 19.49 19.55 19.54 19.54 19.37 19.37 19.37 19.37 19.37 19.68 19.30 19.30 18.68 19.06 19.06 19.06 19.28 19.45 19.59 19.46 19.44 19.43 19.32 19.56 19.51 19.62 19.60 19.56 19.44 18.90 18.91 19.12 19.11 18.97 19.35 19.56 19.65 19.42 19.54 19.60 19.63 19.72 19.73 19.81 19.66 19.74
99999.90 99999.90 99999.90 99999.90 99999.90 99999.90 99999.90 99999.90 18.85 18.85 18.85 19.62 19.62 19.62 19.62 19.62 19.43 19.43 19.43 19.43 19.43 19.55 19.55 19.55 18.59 18.59 18.84 18.84 19.20 19.20 19.20 19.24 19.54 19.54 19.54 19.37 19.37 19.37 19.37 19.37 18.68 18.68 18.68 18.68 18.68 19.34 19.48 19.38 19.46 19.64 19.64 19.57 19.55 19.35 19.43 19.58 19.57 19.32 19.34 19.28 18.97 19.28 19.30 19.27 19.04 19.35 19.60 19.62 19.63 19.43 19.51 19.64 19.67 19.69 19.74 19.71 19.69
99999.90 99999.90 99999.90 99999.90 99999.90 99999.90 99999.90 99999.90 18.85 19.62 19.62 19.62 19.62 19.62 19.43 19.43 19.43 19.43 19.43 19.43 19.43 18.59 18.59 18.59 18.59 18.72 18.72 19.25 19.25 19.25 19.25 19.51 19.38 19.38 19.38 19.54 19.37 19.37 19.37 19.37 18.68 18.68 18.68 18.68 18.68 19.27 19.47 19.58 19.55 19.58 19.54 19.50 19.48 19.48 19.60 19.62 19.65 19.42 19.43 19.46 19.37 19.43 19.35 19.31 19.13 19.22 19.44 19.48 19.60 19.61 19.45 19.64 19.74 19.66 19.70 19.73 19.66
99999.90 99999.90 99999.90 99999.90 99999.90 99999.90 99999.90 99999.90 18.85 19.62 19.62 19.62 19.43 19.43 19.43 19.43 19.43 19.43 19.43 18.59 18.59 18.59 18.59 18.59 18.72 18.72 18.72 18.96 19.25 19.25 19.25 19.34 19.34 19.34 19.34 19.50 19.50 19.50 19.50 19.50 18.88 18.88 18.84 18.84 18.84 19.16 19.25 19.45 19.58 19.53 19.52 19.49 19.47 19.47 19.41 19.57 19.65 19.56 19.57 19.59 19.55 19.53 19.44 19.40 19.41 19.52 19.50 19.60 19.62 19.54 19.60 19.59 19.64 19.74 19.70 19.65 19.72
99999.90 99999.90 99999.90 99999.90 99999.90 99999.90 99999.90 99999.90 18.85 19.62 19.43 19.43 19.43 19.43 19.43 19.43 19.43 19.43 18.59 18.59 18.59 18.59 18.59 18.72 18.72 18.72 18.96 18.96 18.96 19.25 19.34 19.34 19.24 19.24 19.24 19.50 19.50 19.50 19.50 19.42 18.88 18.88 18.88 18.77 18.77 19.34 19.08 19.11 19.47 19.59 19.54 19.50 19.32 19.48 19.47 19.54 19.59 19.62 19.57 19.57 19.56 19.47 19.30 19.33 19.49 19.63 19.55 19.49 19.47 19.39 19.50 19.48 19.65 19.72 19.67 19.78 19.72
99999.90 99999.90 99999.90 99999.90 99999.90 99999.90 99999.90 99999.90 18.85 19.62 19.43 19.43 19.43 19.43 19.43 19.43 18.59 18.59 18.59 18.59 18.59 18.59 18.72 18.72 18.72 18.72 18.96 18.96 18.96 18.96 18.78 18.78 18.78 18.78 19.47 19.50 19.50 19.50 19.42 19.42 18.88 18.88 18.88 18.88 19.02 19.23 18.95 18.97 19.22 19.44 19.47 19.50 19.33 19.44 19.46 19.46 19.49 19.56 19.56 19.49 19.50 19.48 19.36 19.48 19.50 19.49 19.35 19.36 19.45 19.50 19.52 19.55 19.52 19.63 19.78 19.76 19.60
99999.90 99999.90 99999.90 99999.90 99999.90 99999.90 99999.90 99999.90 18.85 19.62 19.43 19.43 19.43 19.43 19.43 18.59 18.59 18.59 18.59 19.01 19.01 19.01 19.01 19.01 19.01 18.93 18.96 18.96 18.96 18.96 18.78 18.78 18.78 18.78 19.47 19.47 19.45 19.42 19.42 19.42 19.42 18.65 18.65 18.65 19.19 19.21 18.97 19.03 18.91 19.34 19.53 19.47 19.17 19.44 19.52 19.52 19.48 19.52 19.53 19.44 19.41 19.13 19.20 19.40 19.54 19.37 19.24 19.24 19.39 19.53 19.54 19.54 19.47 19.76 19.76 19.64 19.66
99999.90 99999.90 99999.90 99999.90 99999.90 99999.90 99999.90 99999.90 99999.90 19.62 19.43 19.43 19.43 18.59 18.59 18.59 19.01 19.01 19.01 19.01 19.01 19.01 19.01 19.01 18.93 18.93 18.94 18.94 18.94 18.94 18.78 18.78 18.78 19.19 19.19 19.19 19.55 19.41 19.41 19.41 18.96 18.76 18.76 18.76 19.22 19.08 18.72 18.97 18.78 19.20 19.45 19.42 19.21 19.41 19.49 19.50 19.45 19.42 19.49 19.42 19.29 18.78 18.71 19.13 19.24 19.18 19.18 19.08 19.08 19.20 19.35 19.54 19.61 19.74 19.62 19.58 19.66
99999.90 99999.90 99999.90 99999.90 99999.90 99999.90 99999.90 99999.90 99999.90 19.62 19.43 19.43 18.59 19.01 19.01 19.01 19.01 19.01 19.01 19.01 19.01 19.01 19.01 18.93 18.93 18.62 18.62 18.62 18.62 19.11 19.11 19.02 18.78 19.19 19.19 19.19 19.29 19.48 19.48 18.96 18.96 18.76 18.76 18.76 18.82 18.54 18.19 18.70 18.50 19.06 19.40 19.36 19.27 19.39 19.37 19.24 19.42 19.23 19.36 19.39 19.13 18.94 18.78 18.84 18.61 18.87 19.01 18.90 18.86 19.25 19.46 19.52 19.50 19.58 19.66 19.64 19.60
99999.90 99999.90 99999.90 99999.90 99999.90 99999.90 99999.90 99999.90 99999.90 99999.90 19.43 19.43 18.59 19.01 19.01 19.01 19.01 19.01 19.01 19.01 19.01 19.01 18.93 17.87 17.87 17.87 18.45 18.64 19.11 19.11 19.02 19.02 19.02 19.19 19.19 19.29 19.29 19.47 18.96 18.96 19.22 18.40 18.40 18.41 18.41 17.88 17.88 17.98 18.19 18.60 19.08 19.28 19.26 19.37 19.21 19.18 19.43 19.02 19.28 19.38 19.12 19.06 18.81 18.66 18.68 18.86 18.71 18.65 18.85 19.18 19.50 19.49 19.43 19.48 19.62 19.52 19.31
99999.90 99999.90 99999.90 99999.90 99999.90 99999.90 99999.90 99999.90 99999.90 99999.90 19.43 19.43 18.59 19.01 19.01 19.01 19.01 19.01 19.01 19.01 19.01 17.98 17.98 17.98 17.98 17.98 18.60 18.46 18.59 19.02 19.02 19.02 19.02 19.19 19.29 19.23 19.23 19.23 18.80 19.22 19.22 18.40 18.40 18.85 17.50 17.50 17.52 17.67 17.78 18.74 19.01 19.30 19.15 19.17 19.27 19.28 19.27 18.97 19.18 18.97 19.11 19.09 18.86 18.75 18.85 18.92 18.66 18.62 18.96 19.20 19.55 19.40 19.47 19.51 19.55 19.48 19.37
99999.90 99999.90 99999.90 99999.90 99999.90 99999.90 99999.90 99999.90 99999.90 99999.90 99999.90 99999.90 18.59 19.01 19.01 19.01 19.01 19.01 19.01 17.98 17.98 17.98 17.98 17.98 17.98 17.98 18.60 18.40 18.44 18.76 18.76 18.76 18.76 18.74 18.74 18.92 18.92 18.92 18.63 18.86 18.86 18.42 18.84 19.01 18.09 17.52 17.41 17.81 18.31 18.59 18.76 19.20 19.01 19.18 19.31 19.21 19.06 18.77 18.90 18.90 19.17 19.02 18.84 19.02 19.12 19.20 19.06 18.88 18.94 19.42 19.51 19.42 19.46 19.52 19.56 19.53 19.49
99999.90 99999.90 99999.90 99999.90 99999.90 99999.90 99999.90 99999.90 99999.90 99999.90 99999.90 99999.90 18.59 19.01 19.01 19.01 19.01 17.98 17.98 17.98 17.98 17.98 17.98 17.98 17.98 17.98 17.94 17.94 18.28 18.78 18.78 18.78 19.19 19.19 18.74 18.74 18.28 18.28 18.19 18.46 18.58 18.46 18.81 19.04 18.50 18.12 17.86 17.61 18.20 18.46 18.90 18.95 19.00 19.28 19.28 19.14 19.03 18.71 18.56 18.63 18.72 18.89 19.03 19.23 19.27 19.39 19.31 19.14 19.16 19.21 19.41 19.27 19.26 19.52 19.59 19.40 19.24
99999.90 99999.90 99999.90 99999.90 99999.90 99999.90 99999.90 99999.90 99999.90 99999.90 99999.90 99999.90 18.59 19.01 19.01 17.98 17.98 17.98 17.98 17.98 17.98 17.98 17.98 17.98 17.98 17.94 17.94 17.94 18.28 18.98 18.98 19.19 19.19 18.82 18.74 18.74 18.74 18.16 18.01 18.15 18.49 18.57 18.89 19.22 18.73 18.59 18.57 18.27 18.49 18.70 19.03 18.94 19.27 19.34 19.17 19.02 18.96 18.88 18.78 18.86 18.72 19.05 19.18 19.29 19.22 19.03 18.97 19.29 19.26 19.25 19.18 19.32 19.30 19.51 19.56 19.55 19.50
99999.90 99999.90 99999.90 99999.90 99999.90 99999.90 99999.90 99999.90 99999.90 99999.90 99999.90 99999.90 99999.90 19.01 19.01 17.98 17.98 17.98 17.98 17.98 17.98 17.98 17.98 17.98 17.94 17.94 17.94 17.94 18.98 18.98 19.19 19.19 19.19 18.82 18.91 18.67 18.67 18.25 18.05 18.31 18.62 18.75 18.88 19.01 18.87 18.92 19.05 19.03 18.83 19.05 19.10 19.33 19.39 19.30 19.22 19.05 18.73 18.47 18.62 18.60 18.96 18.85 18.78 18.95 18.82 18.69 18.92 19.11 18.98 18.78 18.86 19.13 19.30 19.46 19.46 19.53 19.48
99999.90 99999.90 99999.90 99999.90 99999.90 99999.90 99999.90 99999.90 99999.90 99999.90 99999.90 99999.90 99999.90 19.01 19.01 17.98 17.98 17.98 17.98 17.98 17.98 17.98 17.98 17.94 17.94 17.94 17.94 18.98 18.98 18.98 18.93 18.93 18.93 18.82 18.91 19.04 18.87 18.40 18.08 18.42 18.78 18.82 18.76 18.85 18.90 19.06 19.14 18.89 18.77 18.64 18.76 19.26 19.07 18.85 18.91 19.00 18.71 18.47 18.38 18.69 18.95 18.66 18.71 18.95 18.65 18.53 18.77 18.67 18.63 18.69 18.98 19.22 19.26 19.41 19.45 19.47 19.47
99999.90 99999.90 99999.90 99999.90 99999.90 99999.90 99999.90 99999.90 99999.90 99999.90 99999.90 99999.90 99999.90 19.01 19.01 17.98 17.98 17.98 17.98 17.98 17.98 17.98 17.94 17.94 17.94 17.94 17.94 18.98 18.98 18.93 18.93 18.93 18.13 18.60 18.64 19.11 18.83 18.34 18.12 18.68 18.91 19.07 18.94 18.14 18.36 18.69 18.90 18.61 18.56 17.92 18.58 18.73 18.71 18.61 18.80 18.91 18.70 18.37 18.80 19.12 19.12 18.63 18.69 18.85 18.42 18.64 18.85 18.56 18.40 18.97 19.31 19.22 19.34 19.34 19.37 19.43 19.47
99999.90 99999.90 99999.90 99999.90 99999.90 99999.90 99999.90 99999.90 99999.90 99999.90 99999.90 99999.90 99999.90 99999.90 18.93 17.98 17.98 17.98 17.98 17.98 17.98 17.94 17.94 17.94 17.94 17.94 18.98 18.98 18.93 18.93 17.96 17.96 17.96 18.67 18.63 18.84 18.99 18.72 18.39 18.43 18.75 18.58 18.04 17.71 18.12 18.06 17.89 18.35 17.97 17.80 18.67 18.43 18.51 18.60 19.00 18.92 18.60 18.51 18.94 19.04 18.49 18.73 18.83 18.87 18.55 18.79 18.74 18.62 18.70 19.08 19.18 18.96 19.32 19.25 19.17 19.27 19.40
99999.90 99999.90 99999.90 99999.90 99999.90 99999.90 99999.90 99999.90 99999.90 99999.90 99999.90 99999.90 99999.90 99999.90 99999.90 17.98 17.98 17.98 17.98 17.98 17.94 17.94 17.94 17.94 17.94 17.94 18.98 18.93 17.96 17.96 17.96 17.96 17.96 18.34 18.43 18.45 18.98 18.85 18.88 18.59 18.74 18.43 17.93 17.97 18.19 18.04 17.92 18.21 18.10 18.63 18.87 18.54 18.54 18.79 18.96 18.59 18.83 18.95 18.99 18.66 18.41 18.90 18.82 18.83 18.82 18.87 18.74 18.72 18.70 19.10 19.03 18.93 18.62 18.70 19.06 19.21 19.17
99999.90 99999.90 99999.90 99999.90 99999.90 99999.90 99999.90 99999.90 99999.90 99999.90 99999.90 99999.90 99999.90 99999.90 99999.90 17.98 17.98 17.98 17.98 17.94 17.94 17.94 17.94 17.94 17.94 18.98 17.96 17.96 17.96 17.96 17.96 17.96 18.34 18.34 18.40 18.61 19.08 19.10 18.55 18.82 18.68 18.36 17.95 18.13 18.42 18.25 18.16 17.78 18.21 18.77 18.77 18.68 18.94 18.74 18.62 18.57 18.83 18.88 18.70 18.37 18.43 18.73 18.73 18.75 18.85 18.75 18.72 18.67 18.88 18.76 18.63 18.63 18.92 19.22 19.26 19.29 19.38
99999.90 99999.90 99999.90 99999.90 99999.90 99999.90 99999.90 99999.90 99999.90 99999.90 99999.90 99999.90 99999.90 99999.90 99999.90 17.98 17.98 17.98 17.94 17.94 17.94 17.94 17.94 17.94 17.94 17.96 17.96 17.96 17.96 17.96 17.96 18.34 18.34 18.40 18.40 18.79 19.13 18.87 18.39 18.42 18.50 18.18 18.11 18.30 18.30 18.23 18.06 17.78 18.48 18.83 18.82 18.88 18.98 18.54 18.71 18.87 18.89 18.68 18.49 18.60 18.77 18.71 18.42 18.54 18.56 18.76 18.72 18.85 18.85 18.73 18.79 18.82 19.05 19.18 19.14 19.27 19.21
99999.90 99999.90 99999.90 99999.90 99999.90 99999.90 99999.90 99999.90 99999.90 99999.90 99999.90 99999.90 99999.90 99999.90 99999.90 99999.90 99999.90 17.94 17.94 17.94 17.94 17.94 17.94 17.94 17.96 17.96 17.96 17.96 17.96 17.96 18.34 18.34 18.40 18.85 18.85 18.85 18.90 18.76 18.47 18.76 18.43 18.03 18.03 18.11 18.02 18.13 17.81 17.78 18.22 18.59 18.85 18.86 18.62 18.53 18.71 18.96 19.04 18.44 18.58 18.80 18.64 18.44 18.07 18.16 18.54 18.50 18.44 18.81 18.78 18.95 19.07 19.13 19.13 19.22 19.18 19.25 19.18
99999.90 99999.90 99999.90 99999.90 99999.90 99999.90 99999.90 99999.90 99999.90 99999.90 99999.90 99999.90 99999.90 99999.90 99999.90 99999.90 99999.90 17.94 17.94 17.94 17.94 17.94 17.94 17.96 17.96 17.96 17.96 17.96 17.96 18.34 18.34 18.85 18.85 18.85 18.85 18.85 18.52 18.63 18.62 18.43 18.27 17.89 17.94 17.87 18.02 17.99 17.80 17.92 17.89 17.91 18.11 18.14 17.89 18.18 18.66 18.90 19.01 18.75 18.60 18.19 17.95 18.14 18.18 18.33 18.46 18.54 18.71 18.98 19.01 19.04 19.01 19.10 19.18 19.13 19.10 19.12 19.22
