main/data/irradiance/16.05.2023.grid
ncols 839
nrows 679
xllcenter 112.0500
yllcenter -43.9500
cellsize 0.0500
nodata_value 99999.90
[rows 442 to 475 of 679, columns 77 to 153 of 839]
12.92 12.97 13.12 12.37 12.10 12.38 12.41 12.80 12.85 12.93 12.90 12.56 12.78 12.49 12.77 13.23 12.94 12.76 12.63 12.80 12.60 13.00 12.96 13.41 13.31 13.24 13.28 13.31 12.97 13.10 12.70 13.08 13.36 13.05 13.02 12.97 12.48 13.05 13.24 13.03 13.00 13.32 13.00 13.23 13.20 13.08 13.31 13.39 13.14 13.25 12.97 12.77 12.78 12.96 13.15 13.02 13.29 13.19 12.36 12.92 12.57 12.56 12.83 13.00 13.22 13.10 12.57 12.34 12.20 12.54 12.43 12.18 12.52 12.44 11.97 11.96 12.03
13.10 12.86 12.29 12.36 12.31 12.42 12.48 12.23 12.21 12.74 12.69 12.75 12.99 12.65 13.01 13.12 12.92 12.28 12.60 13.32 13.10 13.11 13.06 13.30 13.34 13.15 12.93 13.05 13.12 13.20 13.14 13.13 12.94 12.47 12.81 13.11 13.18 13.18 12.99 12.85 13.14 13.25 13.42 13.38 13.31 13.17 13.09 13.23 13.00 12.54 13.21 13.02 13.09 13.08 13.08 12.73 13.04 12.53 13.25 12.71 12.86 12.30 12.80 12.76 13.07 12.85 11.78 11.83 12.23 12.51 12.05 12.37 11.90 12.42 12.30 12.50 12.48
13.07 12.91 12.89 12.25 11.91 12.40 12.36 12.01 12.27 12.67 12.75 12.39 12.83 12.68 13.11 12.76 13.09 12.55 12.43 13.10 12.71 13.27 13.26 13.35 13.36 13.33 13.27 13.35 13.00 13.11 13.35 13.05 13.06 12.60 12.75 12.83 13.03 13.09 13.41 13.41 13.22 13.43 13.27 12.97 12.96 13.15 13.33 13.08 13.30 13.26 13.35 13.40 13.26 12.87 13.01 12.59 12.52 13.11 12.40 12.93 12.07 13.01 12.85 12.92 13.22 11.96 11.51 12.15 12.16 12.04 12.27 12.26 12.36 11.88 12.38 12.14 12.40
13.09 12.77 12.92 12.21 12.44 12.31 11.58 12.23 12.63 12.22 12.11 12.11 12.66 12.93 13.01 13.35 13.26 13.11 13.02 13.22 13.17 13.12 13.18 13.29 13.32 13.35 13.35 13.21 13.12 12.87 12.72 12.67 13.09 12.90 13.19 13.26 13.38 13.39 13.23 13.41 13.23 13.35 13.16 13.28 13.25 13.29 13.15 13.25 13.40 13.33 13.33 13.03 13.18 13.12 13.14 13.11 13.29 12.19 12.33 12.24 12.16 13.08 12.41 12.86 12.49 12.17 12.40 12.46 12.38 12.00 11.99 12.51 11.92 12.07 11.55 11.95 11.46
12.56 12.90 12.19 12.62 12.72 12.20 12.27 12.20 12.33 12.34 12.10 12.68 12.53 13.18 13.31 13.27 13.31 13.27 13.27 13.25 13.18 13.21 13.20 13.24 13.25 13.08 13.29 13.11 12.35 12.20 12.82 13.05 12.88 13.31 13.30 13.13 13.28 13.34 13.26 13.26 13.36 13.33 13.35 13.30 13.14 13.32 13.30 13.28 13.35 13.18 13.20 13.22 13.13 13.24 13.21 13.30 12.54 11.89 12.29 12.25 12.78 12.44 12.77 12.71 12.43 12.62 12.34 12.68 12.40 12.01 11.95 12.36 11.74 12.52 11.56 11.91 11.37
13.23 12.70 12.39 12.74 12.24 12.10 12.57 12.23 12.21 13.01 12.57 12.87 13.02 13.06 13.08 13.10 13.27 13.29 13.04 13.04 13.22 13.14 13.16 13.02 12.98 12.93 11.94 11.35 11.91 12.41 12.98 13.22 13.13 13.06 13.32 13.25 13.33 13.25 13.33 13.36 13.34 13.30 13.34 13.14 13.19 13.04 13.28 13.32 13.20 13.11 13.29 12.38 13.00 13.32 13.13 12.50 12.67 13.09 12.47 13.14 12.84 12.23 13.20 12.60 12.24 12.12 12.59 12.19 12.17 12.16 11.97 12.02 12.21 12.29 12.01 11.11 11.35
12.90 12.63 12.75 12.81 12.73 12.43 12.74 12.34 12.69 12.75 12.63 12.57 12.03 12.49 12.90 12.82 12.83 12.88 13.15 12.71 12.49 12.86 12.86 13.05 12.56 11.93 12.35 12.72 12.77 12.63 12.81 12.42 12.45 12.58 13.30 13.04 13.25 13.33 13.32 13.15 13.31 12.98 13.23 13.30 13.24 13.24 13.24 13.07 12.85 12.71 12.92 12.67 13.16 13.06 12.75 12.88 13.07 13.15 13.18 12.48 12.59 12.51 13.07 12.28 11.96 12.04 11.99 12.05 12.24 12.54 12.24 12.39 12.35 12.13 11.76 10.87 11.20
12.74 12.72 12.77 12.34 12.52 12.44 12.37 12.65 12.30 12.48 12.15 12.20 12.23 12.25 12.26 12.08 12.93 12.44 12.53 12.00 11.64 12.83 12.79 12.72 12.99 13.06 13.16 13.11 12.83 11.99 12.66 13.07 13.02 12.89 13.09 13.08 13.29 13.03 13.19 12.98 13.04 13.16 12.92 12.87 13.27 13.23 12.72 12.47 12.40 12.55 13.14 12.86 12.80 12.68 12.83 13.22 13.17 13.10 12.71 12.81 12.94 13.02 12.11 12.78 11.93 11.90 11.47 11.83 11.99 12.01 12.68 12.06 11.86 11.75 11.42 11.24 10.80
12.70 12.89 12.57 12.75 12.25 12.57 12.36 11.88 12.00 12.29 12.04 12.00 12.16 12.24 12.30 12.16 12.12 11.84 12.39 12.35 12.82 12.81 12.37 11.92 12.39 12.34 12.58 12.53 12.24 12.48 12.66 12.82 12.77 12.81 13.21 13.05 13.09 13.12 13.24 12.86 13.07 12.90 13.23 13.16 13.25 13.08 12.87 12.26 12.55 12.73 12.84 13.12 12.64 12.75 13.17 13.17 13.09 12.18 12.28 12.79 13.13 12.40 12.46 12.76 12.65 12.43 12.05 12.65 12.17 11.20 12.08 12.35 11.65 11.16 11.46 11.24 10.69
13.04 12.78 12.69 11.96 12.23 12.43 12.34 12.04 11.74 11.36 11.43 11.48 11.55 11.74 12.11 11.98 11.71 11.65 12.45 12.24 12.76 11.89 11.83 11.72 12.30 11.96 12.10 12.55 12.55 12.22 12.21 12.39 12.56 13.21 12.93 13.17 13.00 12.83 12.99 13.20 13.19 13.08 13.12 13.04 12.51 12.53 13.10 12.79 12.74 13.09 13.12 13.22 13.03 12.87 13.22 13.23 12.91 12.51 12.79 12.86 12.26 12.36 12.80 11.96 12.64 12.07 12.12 11.81 12.23 11.54 11.64 12.15 11.79 11.24 11.32 11.20 10.20
12.39 12.34 12.11 12.20 12.14 12.28 11.51 11.89 11.69 11.62 11.57 11.44 11.70 12.58 11.74 12.31 11.42 12.10 12.54 12.19 12.20 11.67 11.74 11.68 12.07 11.42 11.81 11.89 12.49 12.21 12.12 12.88 12.47 12.87 12.37 12.07 12.72 12.76 12.98 12.96 13.15 13.08 12.84 13.10 13.05 13.15 13.08 12.96 12.95 13.15 13.17 13.16 13.06 12.88 12.79 12.55 12.03 12.60 11.90 12.60 11.35 12.20 11.63 11.69 11.81 11.72 11.69 11.76 11.96 12.24 11.81 11.41 11.42 11.56 11.31 10.66 11.09
12.25 12.39 12.24 11.61 12.06 12.23 12.03 11.78 12.32 11.57 11.94 11.55 12.19 12.24 10.95 12.10 11.59 12.32 11.53 11.52 12.31 11.94 11.90 11.99 11.69 12.05 12.09 12.27 12.61 12.36 12.63 12.22 12.80 12.39 12.56 12.73 12.74 12.76 12.93 13.08 13.12 13.07 12.93 13.14 13.16 13.05 12.94 13.10 13.12 13.21 12.62 12.45 12.63 12.80 11.99 11.80 12.48 11.81 11.94 11.57 11.50 11.69 10.84 12.16 11.28 10.65 11.06 11.38 11.64 11.92 11.88 10.94 11.22 11.34 10.65 10.39 10.37
12.40 12.60 12.19 12.21 11.50 12.01 11.14 11.76 11.73 12.14 11.55 11.17 12.06 12.03 12.46 11.81 11.48 12.18 12.32 11.49 11.59 11.11 11.98 11.87 11.57 12.42 12.28 12.51 12.04 12.23 11.55 11.97 12.46 12.66 12.53 12.27 12.59 12.51 12.87 13.18 13.00 13.13 12.93 12.77 12.97 12.95 12.86 13.09 13.06 12.81 12.28 12.76 12.75 12.42 12.59 12.20 11.30 11.89 12.01 11.30 12.20 10.72 10.64 11.29 11.47 11.00 11.64 11.88 11.19 10.77 10.67 10.99 11.08 10.72 11.13 10.23 10.08
12.51 12.16 12.15 11.47 11.64 11.70 11.76 11.49 11.32 11.93 11.63 12.02 12.32 12.34 12.01 11.42 11.97 12.53 11.98 11.83 11.11 11.18 11.44 11.54 11.66 11.94 12.21 12.64 11.85 12.42 12.39 12.47 11.87 12.36 12.33 12.74 12.72 12.78 13.09 12.94 12.87 12.99 12.90 13.14 13.12 13.01 12.89 13.07 12.86 12.76 12.67 11.97 12.41 12.40 11.65 11.84 11.82 11.92 12.04 12.05 11.10 10.41 10.74 10.82 11.14 11.22 11.18 11.99 11.68 11.23 10.38 11.56 10.86 10.16 10.28 10.77 10.87
12.00 12.26 12.16 12.06 11.80 11.70 12.03 11.75 11.94 11.96 12.50 12.15 11.87 12.17 12.11 12.31 12.32 12.15 11.72 11.24 11.32 11.61 11.62 11.31 11.77 11.77 12.24 12.09 11.91 12.09 12.24 12.26 12.55 12.64 12.49 12.51 12.87 12.82 12.66 12.93 12.78 13.09 13.13 13.14 12.98 13.12 13.00 12.89 12.85 12.29 12.23 12.17 11.98 12.14 12.28 12.26 11.30 10.88 11.26 11.33 10.76 11.51 10.82 10.48 10.66 12.07 11.54 12.20 12.33 12.08 11.79 11.60 11.48 11.24 10.83 10.67 11.28
12.50 12.28 11.97 12.17 12.08 11.88 12.08 12.08 12.35 12.62 12.12 11.80 12.34 12.37 12.43 12.00 11.55 11.31 12.13 12.32 11.74 11.35 11.69 11.89 12.03 11.66 12.11 12.31 12.30 12.44 12.43 12.29 12.43 11.99 12.44 12.27 12.58 12.91 12.94 12.48 12.73 13.00 13.08 13.07 13.07 13.00 12.99 12.64 12.84 12.64 12.86 12.58 12.70 12.43 12.39 11.94 11.11 10.20 10.94 10.75 11.12 11.69 11.05 10.89 11.08 11.96 12.20 12.04 12.42 12.66 12.46 12.57 11.93 11.52 11.94 11.14 10.89
12.52 12.64 12.17 12.16 12.34 12.34 12.44 12.36 12.29 12.04 12.24 12.43 12.47 12.18 11.69 11.99 11.80 11.94 11.80 11.55 11.76 12.28 11.95 12.29 11.63 12.02 12.40 11.60 11.69 11.49 11.83 12.20 12.54 12.33 12.14 12.79 12.58 12.45 12.64 12.74 12.82 12.98 12.98 13.03 12.99 12.83 13.05 12.53 12.86 12.81 12.65 12.62 12.51 12.14 12.09 12.42 12.06 11.12 11.29 11.53 11.01 11.80 11.04 11.14 11.74 11.70 11.91 12.12 12.94 12.60 12.68 12.78 12.49 12.21 11.87 11.98 11.35
12.57 12.67 12.55 12.36 12.41 12.46 12.45 12.25 12.43 12.20 12.57 12.40 12.19 11.98 12.34 12.37 11.54 11.54 11.67 12.54 11.75 11.81 12.47 12.22 11.77 12.09 12.29 11.88 11.97 12.10 11.93 12.32 12.64 12.61 12.51 12.62 12.74 12.80 12.78 13.05 12.96 12.67 13.00 12.93 13.02 13.07 12.98 12.83 13.04 12.85 12.97 12.97 12.84 12.30 11.39 11.04 11.52 11.85 11.43 11.15 10.79 10.87 11.80 11.21 11.24 10.65 11.13 11.96 12.38 12.09 12.35 11.98 12.29 12.26 12.13 11.92 12.03
12.28 12.53 12.72 12.62 12.47 12.54 12.14 12.33 12.29 12.12 12.33 12.34 12.20 12.09 12.17 11.50 12.16 11.75 11.67 11.75 12.15 11.97 12.46 12.29 11.97 12.59 11.99 12.14 11.97 12.46 12.14 12.56 12.36 12.45 12.48 12.78 12.26 12.88 12.56 12.85 12.71 12.77 13.02 13.01 13.04 12.84 12.96 12.75 12.65 12.51 12.05 12.10 12.14 12.26 12.14 12.30 11.79 11.60 10.98 10.78 10.29 11.35 11.38 11.25 11.05 10.81 11.15 12.00 11.50 11.82 11.88 11.77 12.26 12.47 12.32 11.70 12.08
12.84 12.63 12.87 12.53 12.49 12.61 12.32 12.28 12.29 12.06 12.33 12.13 12.28 12.46 12.55 12.28 11.96 11.97 12.47 12.25 12.45 12.53 12.17 12.26 11.89 12.18 12.03 12.46 11.77 12.35 12.30 12.61 12.44 12.61 12.47 12.43 12.39 12.70 12.87 12.80 12.66 12.80 12.82 12.85 12.67 12.44 12.86 12.91 12.80 12.81 12.70 12.23 12.23 12.50 12.62 12.14 11.55 12.08 11.39 11.65 11.29 12.05 11.73 11.53 10.92 11.05 11.39 11.04 11.41 12.20 11.92 12.27 11.88 12.08 11.89 12.12 12.04
12.62 12.52 12.70 12.62 12.45 12.64 11.95 12.40 12.37 12.41 12.38 12.19 12.22 12.23 12.18 12.24 12.51 12.32 12.05 11.96 12.25 12.12 12.64 12.38 12.64 12.42 12.43 12.10 12.23 12.59 12.97 12.57 12.80 12.71 12.59 12.86 12.79 12.81 12.75 12.72 12.69 12.73 12.94 12.95 12.92 12.87 12.91 13.00 12.98 12.79 12.71 12.39 12.51 12.61 12.25 11.92 11.95 12.54 12.26 12.31 12.04 12.02 12.25 11.56 11.37 11.45 11.49 11.02 11.15 11.55 11.64 12.11 12.26 12.18 12.30 11.96 12.20
12.52 12.55 12.44 12.62 12.68 12.42 12.44 12.36 12.21 11.93 12.37 12.26 12.15 12.19 12.20 12.04 12.36 12.33 12.26 11.82 12.37 12.32 12.36 12.47 12.16 12.48 12.35 12.37 12.91 12.61 12.79 12.22 12.42 12.20 12.57 12.46 12.68 12.68 12.84 12.91 12.81 12.86 12.74 12.81 12.84 12.89 12.88 12.96 12.98 12.97 12.70 12.42 12.51 11.95 11.84 11.93 12.47 12.29 11.90 12.37 11.70 12.31 12.55 12.43 11.67 11.63 11.18 10.52 10.59 11.55 11.35 11.46 12.03 12.19 12.51 11.43 11.53
12.65 12.60 12.56 12.71 12.56 12.28 12.49 12.34 12.52 12.14 12.34 12.23 12.11 11.90 12.13 11.96 12.00 12.24 12.09 11.94 12.35 12.26 12.43 12.31 12.66 12.56 12.72 12.59 12.57 12.64 12.75 12.65 12.65 12.73 12.45 12.78 12.87 12.86 12.86 12.73 12.87 12.86 12.72 12.83 12.95 12.94 12.83 12.86 12.90 12.94 12.54 12.44 12.71 12.49 12.51 12.32 12.24 12.26 12.04 12.53 12.40 12.29 12.39 12.56 11.91 11.57 11.67 11.26 10.56 10.28 11.19 11.01 11.35 11.44 11.45 11.46 10.97
12.43 12.35 12.60 12.58 12.49 12.53 12.67 12.63 12.52 12.45 12.34 12.35 12.26 12.01 12.33 12.25 12.55 12.15 12.04 11.98 11.87 12.02 12.30 12.62 12.41 12.65 12.76 12.55 12.74 12.70 12.53 12.62 12.12 12.37 12.34 12.71 12.76 12.93 12.74 12.85 12.78 12.66 12.88 12.78 12.88 12.76 12.79 12.91 12.93 12.96 12.60 12.36 12.33 12.13 12.26 11.98 11.88 11.50 11.65 11.39 11.80 11.95 12.29 12.29 12.50 11.58 11.60 11.22 10.65 10.80 10.65 11.22 11.57 11.35 11.12 11.06 10.98
12.31 12.47 12.46 12.44 12.46 12.65 12.70 12.54 12.65 12.44 12.28 12.13 12.38 12.46 12.79 12.47 12.58 12.16 12.35 12.09 12.31 11.99 12.36 12.53 12.66 12.46 12.43 12.65 12.65 12.51 12.52 12.43 12.55 12.71 12.73 12.50 12.53 12.59 12.76 12.46 12.71 12.73 12.83 12.90 12.91 12.92 12.89 12.86 12.78 12.86 12.65 12.42 12.19 12.43 12.34 12.10 11.88 12.24 12.03 11.86 11.98 12.22 12.22 11.48 11.33 11.49 11.59 11.63 11.29 10.16 9.78 10.59 11.96 12.26 11.92 11.94 10.63
12.46 12.48 12.52 12.57 12.56 12.30 12.61 12.30 12.64 12.46 12.45 12.29 12.40 12.28 12.47 12.55 12.18 12.26 12.67 12.42 12.31 12.73 12.58 12.66 12.66 12.73 12.61 12.82 12.46 12.20 12.30 12.78 12.78 12.68 12.84 12.65 12.68 12.75 12.58 12.72 12.74 12.86 12.79 12.89 12.85 12.85 12.83 12.84 12.77 12.78 12.64 12.63 12.32 12.05 11.82 11.80 12.54 12.41 12.67 11.94 12.05 12.17 11.99 11.58 11.58 11.17 11.37 10.88 10.70 10.30 10.59 10.49 11.21 12.26 12.19 12.02 10.57
12.46 12.63 12.60 12.42 12.59 12.35 12.29 12.35 12.51 12.44 12.39 12.46 12.47 12.27 12.53 12.52 12.53 12.44 12.48 12.56 12.35 12.63 12.55 12.57 12.70 12.32 12.44 12.72 12.57 12.44 12.19 12.48 12.45 12.47 12.71 12.74 12.78 12.72 12.65 12.25 12.55 12.53 12.78 12.76 12.85 12.83 12.81 12.63 12.75 12.67 12.62 12.46 12.46 12.22 12.38 12.57 12.41 12.36 12.28 12.38 12.22 11.87 11.92 11.82 11.48 12.06 11.23 11.36 11.70 11.27 10.56 10.52 10.80 11.53 11.45 11.59 11.52
12.62 12.46 12.42 12.42 12.61 12.46 12.47 12.18 12.20 12.66 12.51 12.51 12.44 12.43 12.57 12.30 12.54 12.49 12.40 12.64 12.62 12.69 12.55 12.64 12.31 12.25 12.57 12.74 12.56 12.43 12.34 12.48 12.51 12.66 12.70 12.66 12.45 12.52 12.47 12.58 12.68 12.72 12.80 12.67 12.84 12.73 12.82 12.85 12.57 12.47 12.53 12.23 12.50 12.54 12.55 12.21 11.67 12.12 11.82 12.09 11.73 11.62 11.94 11.27 11.78 12.25 11.82 11.43 11.47 10.94 11.52 11.30 10.94 11.36 11.44 11.91 11.21
12.66 12.63 12.59 12.52 12.69 12.35 12.40 12.51 12.39 12.54 12.64 12.42 12.28 12.52 12.73 12.63 12.69 12.70 12.59 12.74 12.48 12.15 12.33 12.37 12.48 12.74 12.71 12.58 12.49 12.67 12.78 12.75 12.58 12.81 12.64 12.48 12.62 12.54 12.39 12.52 12.63 12.71 12.75 12.69 12.59 12.77 12.79 12.63 12.76 12.62 12.61 12.30 12.41 12.14 12.13 12.09 12.41 12.37 12.29 12.09 11.71 11.88 11.86 11.20 11.41 11.68 11.38 10.95 11.26 10.83 10.59 10.59 10.93 11.35 11.59 11.17 11.64
12.59 12.50 12.52 12.27 12.55 12.44 12.15 11.36 12.36 12.27 12.00 12.41 12.62 12.71 12.61 12.63 12.68 12.64 12.36 12.47 12.41 12.39 12.10 12.59 12.47 12.58 12.69 12.64 12.36 12.64 12.62 12.66 12.65 12.70 12.61 12.53 12.46 12.38 12.33 12.47 12.53 12.72 12.60 12.67 12.56 12.59 12.73 12.49 12.27 12.18 12.24 12.09 12.08 11.90 11.66 11.90 12.33 12.22 12.14 11.96 11.69 11.96 11.98 12.09 11.76 11.28 11.19 10.88 11.11 10.35 10.81 10.92 11.17 11.35 11.53 10.92 11.48
12.54 12.56 12.52 12.39 12.32 12.02 12.09 12.00 12.37 12.47 12.69 12.74 12.71 12.65 12.68 12.59 12.63 12.41 12.29 12.25 12.45 12.41 12.31 12.49 12.51 12.52 12.40 12.34 12.57 12.49 12.72 12.68 12.64 12.69 12.60 12.63 12.03 12.12 12.54 12.54 12.27 12.64 12.49 12.62 12.64 12.69 12.39 12.42 12.23 12.54 12.19 12.00 11.95 12.26 11.74 11.66 12.04 11.97 11.89 11.02 11.11 11.27 11.57 11.86 11.94 11.75 11.41 11.24 11.44 11.68 11.76 11.26 11.48 11.26 11.29 11.21 11.05
12.55 12.49 12.43 12.34 12.24 12.10 12.22 12.53 12.46 12.51 12.60 12.67 12.68 12.70 12.66 12.67 12.52 12.49 12.66 12.66 12.49 12.29 12.60 12.69 12.63 12.63 12.24 12.17 12.38 12.41 12.31 12.48 12.52 12.19 12.42 12.37 12.27 12.03 12.14 12.11 12.29 12.21 12.38 12.57 12.49 12.61 12.52 12.27 12.06 12.30 11.83 11.58 11.46 11.86 11.91 12.06 11.95 11.55 11.08 11.06 10.91 11.09 10.93 11.35 11.53 11.83 11.33 11.34 11.14 11.72 11.94 11.85 11.45 11.41 11.07 11.12 11.34
12.43 12.44 12.40 12.25 12.08 12.08 12.12 12.32 12.55 12.67 12.67 12.66 12.63 12.59 12.59 12.58 12.62 12.20 12.60 12.59 12.42 12.52 12.69 12.75 12.70 12.55 12.39 12.18 12.08 12.18 12.12 12.18 12.37 12.38 12.23 12.01 12.19 12.08 12.09 12.08 12.30 12.33 12.36 12.23 12.22 12.20 12.44 12.18 12.41 12.20 11.89 11.88 12.15 11.59 11.62 11.70 11.46 11.60 11.49 11.03 11.29 11.49 11.69 11.74 11.57 11.84 11.50 11.83 11.49 11.42 11.17 11.26 11.33 11.05 11.29 11.77 10.94
12.34 12.45 12.39 12.19 12.13 12.22 12.39 12.50 12.62 12.66 12.64 12.62 12.66 12.65 12.66 12.59 12.44 12.52 12.62 12.66 12.65 12.33 12.44 12.46 12.33 12.38 12.44 12.20 12.28 12.21 12.15 12.12 12.34 12.26 12.08 11.53 11.40 11.97 11.84 11.76 12.15 12.26 12.24 12.42 12.22 12.20 11.95 12.30 12.37 11.79 12.02 11.59 11.27 11.57 11.31 11.16 11.60 11.34 10.93 10.48 11.13 11.42 11.76 11.03 11.24 11.64 11.25 11.31 11.14 10.92 11.01 10.95 11.42 10.84 11.17 11.18 11.35
