main/data/irradiance/16.01.2023.grid
ncols 839
nrows 679
xllcenter 112.0500
yllcenter -43.9500
cellsize 0.0500
nodata_value 99999.90
[rows 170 to 203 of 679, columns 308 to 384 of 839]
25.72 25.92 26.46 26.50 27.12 25.23 27.24 27.94 28.62 28.48 28.70 28.87 28.65 28.65 29.23 29.02 28.62 29.16 29.04 28.33 28.51 28.47 28.07 28.65 28.92 28.76 26.80 26.30 25.58 27.90 28.29 28.47 28.34 29.29 29.23 28.62 27.64 27.74 28.12 28.59 28.70 29.23 29.24 29.23 29.10 28.35 28.25 28.03 28.29 28.20 27.43 27.84 28.28 28.67 27.64 26.82 27.49 26.62 27.00 27.28 27.79 27.45 28.29 28.86 28.21 29.09 27.69 27.98 27.71 28.04 28.87 28.41 27.74 27.32 27.98 28.10 28.79
24.98 25.89 25.22 26.25 26.39 25.84 27.69 27.25 28.39 28.82 29.12 29.09 29.11 29.36 28.92 29.14 29.34 29.04 28.81 28.82 28.64 29.05 29.14 28.54 27.63 27.39 25.56 26.35 28.09 28.88 28.65 28.45 27.76 28.43 27.60 27.05 26.97 27.22 27.74 28.74 28.42 29.27 28.73 28.80 29.09 28.67 28.40 27.88 28.42 28.14 27.86 28.34 28.76 28.32 28.72 28.10 28.05 27.02 26.83 27.66 28.58 26.94 28.76 28.08 28.43 28.64 27.92 28.79 28.99 29.02 29.13 28.29 28.86 28.18 28.53 27.73 28.56
22.55 24.24 25.03 26.62 25.22 25.77 28.16 27.89 28.13 28.28 28.38 28.71 29.08 28.84 28.42 28.33 28.39 29.08 29.22 28.71 28.41 28.19 27.98 28.04 28.03 27.23 27.65 27.54 27.94 27.82 27.41 26.08 24.60 25.44 25.26 24.53 24.00 25.89 26.89 27.48 27.48 27.36 27.65 28.21 29.09 28.31 28.17 28.29 27.81 26.87 28.23 27.61 28.03 27.78 28.21 28.22 27.83 27.98 27.54 27.31 28.09 28.27 28.34 28.36 28.43 28.58 28.55 28.45 29.09 29.34 29.39 29.23 29.16 28.96 29.04 29.03 28.86
23.34 25.73 27.17 27.88 27.43 27.44 27.97 28.40 28.97 29.31 29.10 28.68 28.05 29.02 28.69 28.61 28.65 29.30 29.72 29.51 28.55 28.47 26.54 26.95 27.54 27.07 27.06 27.15 26.59 25.61 26.31 25.41 25.47 23.94 23.79 23.38 25.16 24.48 25.71 25.18 25.05 26.04 27.22 28.31 27.47 27.76 27.60 27.71 27.60 27.64 26.73 27.68 28.26 28.24 28.18 27.13 27.37 26.35 27.19 27.19 27.57 27.99 26.94 27.92 28.41 28.64 28.49 28.51 29.20 29.33 29.39 29.52 29.46 29.48 29.46 29.05 28.31
23.48 25.76 27.28 28.72 27.99 28.51 28.60 28.41 28.85 29.04 29.12 28.38 28.50 28.53 29.31 29.13 28.98 29.20 29.55 28.93 28.51 27.83 26.00 26.64 28.15 27.52 27.72 26.84 26.22 25.83 25.68 26.38 24.20 22.76 23.02 22.58 21.20 22.86 25.39 25.45 26.08 26.90 24.60 24.81 27.06 27.32 28.00 27.04 27.78 27.95 28.16 27.70 26.49 28.64 27.46 26.81 27.01 26.52 27.36 28.27 27.25 26.66 27.48 27.67 27.85 28.28 26.72 27.85 28.38 29.17 28.57 28.54 28.88 29.25 28.96 28.32 28.27
27.96 28.46 27.39 28.87 29.21 28.44 28.79 28.54 28.97 28.98 28.64 29.30 28.94 29.14 29.39 29.29 29.01 29.21 28.13 28.45 28.47 27.26 27.39 27.64 28.32 27.80 27.50 27.47 25.90 24.06 24.87 26.25 24.94 23.56 23.98 22.62 23.00 24.97 27.95 27.61 24.93 22.92 25.42 26.67 26.46 27.77 27.60 27.59 27.59 27.56 27.70 28.16 28.73 28.87 28.47 27.17 28.09 28.61 27.50 28.08 27.17 25.79 26.37 26.45 27.33 27.01 27.54 27.35 28.70 27.93 28.40 28.00 29.01 28.55 28.69 28.63 28.96
28.62 28.02 28.23 28.45 29.03 29.24 28.99 28.88 28.99 29.53 29.06 29.03 29.59 29.10 28.93 28.98 29.53 29.11 28.93 28.65 28.50 28.25 28.81 28.94 28.00 28.57 27.79 27.03 25.85 24.93 25.57 26.65 27.13 26.97 24.49 24.29 23.15 25.11 26.72 25.20 22.89 22.64 25.96 26.17 25.81 26.35 27.33 28.39 29.11 28.58 29.05 27.99 28.58 28.27 28.40 28.05 27.81 27.27 26.45 27.43 25.96 26.51 23.05 25.12 27.02 26.60 27.92 27.58 27.83 28.61 27.82 27.68 28.68 28.04 28.54 28.62 28.53
28.42 28.56 27.99 29.16 29.30 28.35 29.34 29.52 29.31 29.36 29.46 29.47 29.39 28.44 28.33 28.57 28.59 28.48 29.50 28.86 29.00 29.15 29.27 29.40 29.14 28.69 26.87 27.58 27.09 26.93 25.70 25.17 27.05 25.76 23.39 23.08 24.28 25.29 25.54 25.07 24.66 26.04 24.47 23.12 23.45 24.27 26.23 27.31 27.30 28.41 27.97 27.19 26.76 26.47 26.62 26.56 26.22 26.65 25.47 25.31 26.20 25.44 25.31 27.28 27.84 26.61 27.14 27.97 26.44 26.35 27.22 26.76 27.98 28.19 29.10 28.86 29.12
27.72 28.90 28.17 27.64 28.61 29.43 29.63 29.65 29.67 29.33 29.37 29.20 29.10 28.64 28.72 28.51 28.69 27.94 29.03 28.69 29.12 28.49 28.86 28.83 28.45 28.19 27.86 27.47 27.54 26.78 25.55 23.64 25.39 24.64 24.68 25.23 26.03 25.01 25.91 26.30 25.00 25.13 21.99 21.20 22.25 21.61 24.04 27.58 27.03 27.40 28.00 28.06 24.84 24.93 25.93 25.11 26.30 26.52 26.09 26.44 26.39 26.88 25.86 27.54 27.27 27.39 27.38 27.37 27.84 26.75 28.12 28.05 28.18 27.32 27.87 28.95 29.33
26.83 27.86 28.46 29.18 29.39 29.28 29.60 29.53 28.98 29.14 28.37 29.32 29.05 29.17 29.25 28.44 27.83 26.67 26.48 28.00 28.80 28.08 28.33 28.59 27.83 27.17 27.56 27.94 26.03 25.75 24.46 23.29 22.87 24.09 25.47 24.21 24.14 25.03 26.74 28.04 24.39 21.94 23.49 23.47 23.88 23.41 23.62 24.81 27.24 26.47 27.54 28.45 27.04 27.64 28.04 26.41 26.52 26.89 27.95 27.01 24.96 25.20 27.46 26.36 28.16 27.08 27.52 27.79 27.82 28.13 27.17 27.54 28.29 28.30 29.02 29.23 29.10
28.89 28.38 29.39 29.33 28.99 29.10 29.36 29.21 29.07 29.26 28.97 29.28 29.38 28.51 29.01 29.13 28.47 28.57 27.56 28.21 27.89 27.73 29.07 29.12 27.18 26.08 27.42 26.46 25.18 24.68 24.29 23.40 22.75 24.04 26.17 24.73 26.28 26.39 26.76 26.54 22.86 22.98 24.06 25.25 24.18 24.80 23.74 26.36 26.75 28.26 27.30 28.50 27.42 26.57 28.33 27.51 26.32 25.93 25.47 24.66 26.12 24.31 26.05 27.24 26.38 26.23 26.84 28.77 28.06 27.65 27.69 26.99 27.68 27.97 27.84 28.47 27.80
27.87 28.89 28.94 29.00 28.81 28.95 28.78 29.25 28.99 29.21 29.28 28.25 28.80 29.12 29.29 28.93 29.28 28.50 27.75 26.66 27.56 28.89 29.34 28.93 27.97 23.44 25.37 25.99 26.68 25.02 23.94 22.44 24.89 24.30 24.90 25.90 26.36 26.01 25.90 25.25 23.72 21.39 23.70 25.10 23.92 21.88 23.68 26.63 27.18 27.48 27.84 26.97 26.97 27.48 28.21 27.23 25.98 24.92 23.79 24.18 26.38 24.48 24.98 27.11 27.50 27.92 27.76 27.81 28.07 27.95 28.05 27.95 27.58 27.93 27.19 28.78 28.22
28.85 29.10 28.98 28.95 28.72 28.81 28.50 28.86 29.13 28.85 28.96 28.10 29.00 29.53 29.31 27.75 28.36 28.16 29.34 28.58 28.76 29.33 29.32 29.11 27.13 24.81 24.84 26.78 27.48 27.94 26.23 24.86 24.94 26.67 27.22 26.77 26.15 26.13 23.45 25.72 25.83 23.32 24.74 27.23 25.72 25.53 25.83 27.59 28.18 28.82 27.26 27.47 26.73 24.78 25.48 25.07 24.28 25.49 23.20 25.54 27.59 26.89 27.60 27.10 27.96 28.17 28.98 28.93 28.48 28.50 28.38 28.98 28.29 28.34 27.87 27.61 28.58
29.14 28.72 28.80 29.31 28.05 28.69 28.18 28.30 29.60 28.94 29.02 28.18 29.09 29.46 28.03 26.58 28.34 28.73 28.08 28.91 28.83 29.13 29.43 29.62 28.04 26.30 25.84 26.81 26.39 27.48 25.29 25.35 26.05 28.11 28.33 27.92 27.06 25.84 27.01 24.95 25.20 25.11 26.00 26.52 27.85 27.27 27.86 29.07 28.58 27.91 27.86 26.67 26.19 25.11 25.01 23.19 23.10 22.43 25.26 26.61 26.65 26.87 27.61 28.83 28.43 28.52 28.56 29.17 28.43 28.50 27.59 26.44 27.67 28.13 28.34 28.52 29.11
28.47 29.53 28.56 29.13 28.79 28.03 27.35 27.00 28.24 28.66 29.04 28.27 28.17 29.57 26.73 27.09 28.08 28.26 28.64 27.95 27.62 28.53 28.53 28.95 28.72 27.42 27.20 27.63 26.64 26.78 27.52 27.48 26.28 25.37 26.37 27.80 25.99 23.26 25.90 24.37 24.39 24.62 25.37 26.15 27.34 26.36 26.75 28.76 28.51 28.67 27.83 28.18 27.34 26.71 25.09 25.99 25.51 24.72 22.56 26.05 28.00 28.09 28.57 27.93 28.55 28.64 28.36 28.69 28.88 28.98 27.30 27.95 28.00 28.07 28.33 28.07 29.27
28.31 28.51 28.31 28.69 29.32 28.41 26.83 27.87 29.04 29.86 29.46 29.30 28.36 28.39 28.33 26.29 28.04 27.14 28.30 26.56 27.21 27.33 27.14 26.63 28.63 28.65 28.55 28.41 28.42 28.03 27.87 28.63 27.23 24.58 24.98 26.16 24.35 26.48 25.51 23.85 23.40 24.11 26.92 27.50 26.55 27.18 28.13 28.06 28.15 28.65 27.92 28.51 28.71 27.88 25.97 25.57 25.43 26.93 27.59 28.81 28.90 29.28 29.59 29.34 28.80 28.51 28.80 28.75 27.57 27.69 27.89 27.68 26.99 27.52 27.03 26.94 28.15
27.80 26.17 25.59 27.12 26.17 25.58 26.36 28.64 29.67 28.78 28.81 28.68 27.76 28.70 28.00 25.56 26.48 27.61 25.37 24.08 23.58 25.57 27.34 27.72 29.15 29.21 28.63 29.37 29.44 29.29 28.25 27.59 26.30 23.94 21.68 22.71 24.32 26.18 25.94 24.44 24.29 26.99 26.22 27.63 27.32 27.47 28.38 28.66 28.70 29.22 29.24 28.57 27.60 26.69 26.92 27.97 27.17 28.25 28.96 28.90 29.22 29.42 29.27 29.40 29.11 29.09 28.18 27.58 27.76 28.03 27.72 26.78 26.59 26.48 27.18 26.92 27.74
26.70 24.95 25.46 25.57 26.77 26.27 28.95 28.66 27.47 26.70 27.40 26.97 27.21 26.64 29.14 26.89 25.08 25.26 25.31 26.13 24.86 26.21 26.54 27.78 26.93 28.37 27.34 28.58 28.84 29.11 27.92 26.38 26.94 25.10 25.04 25.45 25.16 24.20 26.56 26.00 26.81 27.06 27.95 28.46 28.87 27.43 27.58 28.81 29.28 29.07 29.37 28.02 28.12 27.41 28.49 28.27 28.54 28.52 28.57 29.01 28.72 28.99 29.34 27.95 28.55 28.90 27.20 27.79 28.29 27.31 26.88 26.30 25.39 27.09 26.39 26.83 27.56
26.52 25.74 26.17 26.42 27.62 27.61 28.09 27.36 26.89 26.23 26.72 26.42 26.78 27.42 27.89 25.87 24.61 24.52 24.71 21.82 24.06 25.78 26.64 25.87 26.15 26.52 27.37 27.62 27.78 27.90 27.83 25.21 24.09 25.81 25.60 24.15 24.17 23.06 25.24 25.41 25.73 27.95 28.47 28.87 27.83 28.44 28.70 28.53 29.02 28.99 28.53 28.30 27.24 27.92 28.37 29.07 28.15 28.30 29.20 29.01 28.78 28.83 28.46 27.58 27.95 28.59 28.93 29.02 27.93 27.19 26.35 26.08 26.99 27.73 27.13 26.21 25.74
27.12 26.04 27.31 28.13 28.70 27.62 26.83 27.19 26.52 27.43 28.06 26.50 26.23 25.69 24.36 23.65 24.12 25.24 23.92 22.51 25.30 25.41 25.78 27.32 25.33 26.03 25.63 25.09 28.45 28.54 27.62 25.32 26.72 26.89 24.81 22.78 25.86 24.33 23.97 26.34 27.16 27.57 28.84 27.78 28.08 28.55 29.05 28.02 28.14 28.86 28.28 27.96 27.67 28.10 28.38 29.19 29.14 29.56 29.16 29.44 29.12 29.71 29.18 28.92 29.18 28.65 28.96 28.93 28.17 27.54 26.76 26.35 27.93 27.77 27.95 26.27 25.86
27.57 27.22 27.97 28.95 28.21 27.21 26.04 26.20 26.12 25.77 26.59 26.17 26.42 25.81 24.02 24.02 22.78 23.02 25.49 24.85 24.24 24.65 23.85 26.37 27.74 26.38 24.70 26.28 28.79 28.29 28.78 26.49 27.14 26.22 26.90 25.48 25.39 25.36 25.65 26.74 27.89 28.64 29.40 29.27 28.93 29.17 27.87 28.95 28.09 27.87 27.24 27.89 28.18 28.93 28.99 29.45 29.63 29.67 29.75 29.08 29.37 29.48 28.79 28.21 29.14 28.55 28.65 28.46 28.57 28.74 26.73 27.12 28.48 27.27 27.61 27.32 26.86
28.52 28.82 28.92 29.13 27.30 26.02 27.22 28.22 26.61 24.68 24.86 26.71 25.73 24.53 23.04 23.96 22.06 23.10 24.89 26.42 23.30 24.45 23.05 23.06 22.98 23.70 24.49 27.54 28.11 29.58 28.63 27.64 25.92 25.87 25.93 26.55 27.25 27.29 26.73 27.11 28.29 29.20 29.25 28.93 29.46 29.76 29.61 28.70 29.41 29.55 29.06 28.83 29.04 28.62 29.44 29.70 29.60 29.61 29.54 29.43 29.48 29.15 28.12 27.36 28.67 28.71 27.91 28.59 28.56 28.70 28.43 27.86 27.50 27.17 27.29 27.60 27.25
28.67 28.33 29.05 27.60 26.36 26.91 28.48 28.80 26.94 25.94 25.38 26.59 22.87 24.43 25.16 25.12 22.08 23.45 23.09 25.35 27.31 23.62 22.39 23.83 24.79 26.04 26.15 28.64 29.53 29.48 28.92 28.43 28.04 25.89 26.35 27.01 27.78 26.92 27.02 27.99 28.18 28.74 28.75 29.22 29.50 29.42 28.61 29.14 29.49 29.28 29.54 28.93 29.31 29.63 29.71 29.48 29.70 29.49 29.60 29.41 29.10 29.10 28.46 28.25 28.57 28.85 28.60 28.29 28.90 28.57 28.84 28.50 28.22 27.15 26.77 27.19 26.84
28.76 27.99 29.77 29.11 28.91 28.52 29.12 28.32 28.47 26.74 26.85 25.03 27.07 24.95 24.97 25.59 26.46 25.79 25.46 25.77 26.54 25.60 24.16 24.74 26.24 27.50 27.86 27.06 27.69 28.48 29.09 27.39 28.21 27.03 27.76 28.02 27.59 27.93 28.01 28.22 28.08 29.11 28.72 29.23 29.29 29.29 29.11 29.06 29.77 29.37 29.39 29.61 29.09 29.24 29.34 29.70 29.86 29.73 29.66 29.84 29.71 29.52 28.61 29.20 28.89 28.92 29.29 29.05 28.51 28.73 28.78 28.78 28.30 27.29 27.34 27.77 27.38
28.79 29.83 29.70 29.26 29.57 27.81 28.94 28.91 28.31 27.53 26.60 26.64 27.45 26.28 26.98 26.77 27.96 28.83 29.29 27.44 27.61 26.24 23.75 24.78 26.92 28.42 28.37 28.42 29.16 26.77 28.49 26.24 25.68 26.42 26.05 28.11 28.67 28.41 28.64 29.26 27.57 28.58 28.55 28.91 29.93 29.87 29.71 29.04 29.33 29.71 29.65 29.61 29.23 28.55 28.61 28.40 29.59 29.84 29.81 29.85 29.37 29.40 29.77 29.63 29.47 28.81 28.76 28.35 28.49 28.65 29.25 28.65 28.69 27.03 28.53 28.58 27.93
29.89 29.42 29.60 29.54 29.91 29.43 29.58 29.16 28.10 28.73 28.12 26.91 26.41 26.65 27.69 27.95 28.58 28.52 28.15 28.43 26.78 25.63 25.03 27.17 27.94 28.43 29.39 29.02 29.05 29.41 28.68 29.13 29.38 28.07 26.84 27.04 26.89 28.28 28.53 29.10 28.16 29.14 29.38 29.65 29.68 29.78 29.31 29.15 29.52 29.28 29.81 29.42 29.13 28.69 28.52 29.23 29.01 29.47 29.74 29.09 29.41 29.53 29.15 29.64 28.42 29.10 29.03 29.41 29.01 29.26 28.98 29.67 29.23 28.81 29.23 29.34 29.15
29.21 28.65 28.37 29.57 29.93 29.05 29.85 29.91 28.63 28.87 28.52 26.47 25.95 25.83 26.41 27.53 27.88 28.42 27.54 27.98 29.01 28.25 28.99 27.23 28.27 27.75 28.65 29.40 29.76 29.35 29.07 27.67 28.56 28.61 26.84 27.25 26.33 26.37 25.91 28.22 28.46 28.75 28.69 28.28 29.43 29.34 29.66 28.66 28.46 28.88 28.99 29.36 29.56 29.80 29.54 29.44 28.62 28.98 29.36 29.43 29.25 29.58 28.99 29.40 28.90 29.31 28.59 29.79 29.57 29.26 29.45 29.72 29.94 29.44 29.72 29.40 29.36
29.42 28.88 27.45 29.40 28.66 29.47 29.52 29.94 29.46 28.58 28.28 27.65 25.68 25.31 26.22 26.39 26.68 27.50 27.45 26.97 26.90 27.49 27.17 26.63 28.50 28.24 29.57 29.27 29.54 29.67 29.31 28.31 29.24 27.61 27.46 27.19 27.61 26.35 27.11 28.58 28.37 28.99 28.77 28.64 29.26 29.53 29.45 28.38 28.89 29.02 29.52 29.38 29.53 29.57 29.49 29.17 29.24 29.88 29.50 29.26 29.42 29.21 29.06 29.00 28.52 27.93 28.30 29.31 29.23 28.87 29.56 29.92 29.75 29.76 29.56 29.66 28.81
28.06 27.45 25.88 28.52 29.04 28.61 28.40 28.87 27.96 29.67 29.16 28.19 27.07 26.30 27.46 27.18 27.79 27.16 25.59 24.50 25.19 25.30 25.15 25.99 26.85 27.36 29.37 29.07 29.44 29.47 28.68 27.99 25.62 25.06 24.76 26.98 27.24 27.88 27.63 29.11 28.82 27.62 28.29 28.90 29.54 28.73 29.32 28.89 29.09 29.62 29.57 29.22 29.44 29.48 29.07 29.53 28.81 29.60 29.49 28.27 27.93 28.28 28.18 28.85 27.64 28.67 28.66 29.03 29.15 29.15 29.59 29.68 29.75 28.64 29.37 29.35 29.53
27.17 26.83 25.26 28.78 28.98 29.27 29.21 29.13 27.64 28.54 28.62 28.82 27.22 26.83 28.35 27.39 27.54 28.14 27.76 26.06 25.01 26.63 27.44 27.95 28.35 27.57 28.65 29.46 28.41 27.79 28.19 28.28 28.14 27.11 25.50 26.70 28.61 28.55 28.51 28.75 28.61 27.21 28.40 28.94 28.68 28.02 29.13 28.64 29.00 29.00 29.29 29.40 29.58 28.78 27.90 28.64 28.04 27.90 28.07 26.81 26.13 26.27 27.54 27.34 26.77 27.27 27.11 28.32 28.80 29.14 29.51 29.32 29.01 29.41 29.34 29.38 29.42
27.18 29.19 29.03 29.22 29.76 29.72 29.81 28.92 28.15 28.24 26.92 28.37 28.01 28.05 27.33 26.13 27.68 27.38 26.13 26.37 24.95 27.90 27.49 28.78 29.09 29.39 29.12 28.56 29.36 29.39 28.57 28.47 29.58 27.94 27.85 28.39 28.94 28.73 28.50 29.11 28.43 28.24 28.31 27.98 27.82 29.37 28.87 29.61 29.74 29.80 29.34 29.73 29.61 29.16 29.29 29.02 28.45 27.13 26.15 27.42 26.33 25.79 25.73 26.98 25.84 26.24 26.67 25.53 27.73 28.53 28.90 29.56 29.25 28.87 28.82 29.32 29.53
30.04 29.78 29.29 28.71 29.53 29.74 28.99 28.45 27.65 28.31 28.21 28.49 29.07 28.06 26.97 24.13 26.54 25.52 23.34 26.15 26.06 29.14 28.76 28.37 28.58 27.88 28.75 28.21 28.86 28.72 28.31 28.02 28.47 29.01 27.54 28.80 29.07 29.64 29.50 29.49 29.44 28.09 27.75 29.32 28.46 29.00 29.27 29.45 29.68 29.67 29.27 28.81 27.74 27.39 28.38 27.27 26.84 27.34 27.70 27.61 27.43 26.99 27.07 26.60 26.06 26.11 26.20 24.10 24.41 27.27 27.90 28.91 28.09 27.51 29.20 28.86 29.18
30.11 29.62 29.61 28.27 28.63 28.75 28.52 29.69 28.56 27.79 28.02 27.81 27.58 27.78 28.36 25.18 27.12 27.59 26.70 25.23 26.91 27.74 28.79 28.24 29.06 28.13 29.02 28.67 28.85 25.81 25.64 29.14 27.65 28.99 28.99 29.03 28.95 29.07 29.69 29.76 29.22 29.31 29.04 29.24 29.66 29.21 29.23 29.82 29.08 28.34 28.76 28.66 29.08 28.89 28.23 26.97 27.99 28.34 27.49 27.05 26.27 26.08 27.67 26.44 26.12 25.86 24.64 24.54 24.51 26.76 27.21 28.01 27.21 28.24 28.61 28.44 28.77
28.04 29.90 28.38 28.04 28.23 28.33 28.79 29.19 29.18 27.77 26.42 26.39 27.49 27.00 26.78 26.84 27.89 27.29 27.29 27.19 26.81 28.33 28.92 28.79 29.37 28.03 29.60 28.91 28.24 27.26 28.79 28.21 28.55 27.94 29.25 28.68 29.17 29.62 29.65 29.41 29.55 28.41 28.52 28.81 28.06 28.35 28.35 29.29 28.36 28.26 28.61 29.37 29.89 29.30 29.23 27.00 27.65 28.23 27.59 27.64 27.95 27.43 26.05 25.07 24.18 23.88 25.47 25.38 25.86 25.88 25.76 26.85 27.01 28.14 26.30 27.54 27.42
