main/data/irradiance/16.02.2023.grid
ncols 839
nrows 679
xllcenter 112.0500
yllcenter -43.9500
cellsize 0.0500
nodata_value 99999.90
[rows 204 to 237 of 679, columns 616 to 692 of 839]
7.53 7.57 7.01 8.56 9.69 9.24 8.70 8.78 7.83 8.09 9.34 9.25 7.44 8.95 9.44 10.91 9.98 9.26 9.43 9.37 8.91 9.80 10.53 9.61 8.98 9.26 9.77 9.37 8.74 9.06 8.51 9.65 10.48 10.23 8.95 10.02 9.40 9.06 10.11 10.04 9.58 9.27 9.96 9.98 9.39 9.57 11.14 11.85 11.91 10.97 11.02 9.78 9.45 9.65 10.56 12.12 12.58 13.28 13.56 12.68 12.41 12.32 11.50 11.12 11.32 10.58 11.91 12.21 13.57 14.37 13.20 12.36 11.93 12.70 12.29 13.50 13.92
7.53 7.52 6.89 8.35 8.95 9.06 8.69 8.88 7.72 7.92 7.44 7.74 8.02 8.56 8.79 10.34 10.07 10.62 9.93 9.38 9.01 9.51 10.24 9.40 8.95 8.84 9.67 9.50 8.55 9.52 9.87 10.38 10.16 10.06 9.60 9.98 10.51 9.07 9.06 9.50 9.83 9.92 9.37 9.73 9.78 10.09 12.16 11.75 11.30 10.01 10.06 11.00 10.61 11.08 10.98 11.87 11.46 11.90 12.72 12.14 11.57 11.19 10.27 9.48 10.28 10.51 10.68 11.14 12.20 13.27 13.21 12.51 12.69 12.83 12.58 12.30 13.34
7.90 7.44 7.71 7.80 8.40 8.39 8.76 8.01 7.73 7.59 6.96 7.38 8.00 8.37 9.08 9.73 9.69 9.90 9.15 9.64 9.36 8.89 10.32 9.14 7.82 8.92 9.24 8.49 8.20 9.52 9.81 9.39 10.02 10.86 10.74 10.98 10.86 9.56 9.54 10.60 10.95 11.16 10.84 10.29 10.11 11.05 11.79 9.62 9.11 9.02 10.06 10.82 9.93 10.39 11.39 10.88 10.59 11.08 11.68 11.37 11.19 11.08 10.56 10.06 10.40 11.29 10.36 10.34 11.94 11.82 12.31 12.68 12.59 12.81 13.32 12.92 12.98
8.78 8.28 7.73 9.08 8.00 7.42 7.37 7.08 7.19 7.06 8.64 9.29 8.41 8.77 9.58 9.69 9.69 10.37 9.88 9.38 8.21 8.22 8.51 8.17 7.32 8.58 9.15 7.74 8.38 9.37 9.71 9.88 10.63 11.79 11.80 10.60 10.04 10.31 10.14 10.73 11.49 11.70 11.28 11.03 10.61 11.68 11.64 9.92 8.68 9.85 10.12 11.39 10.79 10.27 11.15 11.05 10.08 9.84 10.74 10.67 10.81 10.60 10.46 10.84 11.39 11.44 10.66 10.63 10.76 10.67 11.06 11.74 11.41 11.70 12.94 13.01 13.03
9.31 9.34 8.48 9.15 9.05 6.88 7.10 6.88 7.54 7.76 9.06 9.89 9.68 9.64 9.87 9.69 10.15 10.50 10.12 8.53 8.74 8.31 8.53 8.57 7.27 7.10 7.92 7.60 8.45 9.50 9.89 10.53 10.16 10.70 10.52 10.73 10.18 9.96 10.48 10.43 10.67 11.11 11.91 10.54 9.91 10.38 10.75 9.81 9.34 9.99 10.53 11.60 11.34 9.94 10.88 11.14 10.73 9.60 9.97 9.98 10.44 10.43 10.11 10.27 11.42 11.34 11.06 9.61 9.07 9.53 9.97 10.90 11.43 11.27 11.74 12.50 12.84
9.51 9.63 9.30 9.48 9.00 7.76 8.45 8.06 8.81 9.12 9.72 10.15 9.39 9.96 10.69 10.07 11.01 10.82 9.57 9.49 9.11 8.79 8.65 8.83 7.53 7.77 7.56 7.79 9.41 10.41 10.35 10.52 10.29 9.49 9.90 10.36 10.00 9.19 9.69 10.82 10.14 10.31 10.85 10.93 10.61 10.08 9.43 9.36 9.90 10.09 10.32 11.91 11.24 10.29 11.91 11.84 10.03 9.41 9.29 9.47 10.07 9.81 10.28 10.77 10.95 10.84 10.23 9.57 9.02 9.20 9.63 10.10 10.60 10.79 12.04 12.89 13.06
8.57 9.08 9.50 9.53 9.37 8.96 8.84 8.70 8.63 9.12 10.66 9.95 9.92 9.99 10.19 9.76 9.10 8.91 9.05 8.74 8.93 9.93 10.33 9.75 9.15 8.53 7.51 8.20 9.36 9.83 10.51 10.36 9.96 9.21 9.45 9.47 9.32 9.83 9.92 10.59 9.78 8.88 9.88 10.01 10.15 10.64 9.81 9.52 10.45 10.77 10.70 11.39 11.73 12.31 12.47 11.70 9.99 9.11 9.43 10.21 10.47 10.74 10.18 10.73 11.28 10.97 10.07 10.24 9.58 9.91 10.05 10.36 9.47 11.08 12.41 13.18 12.67
9.00 9.38 8.92 9.42 9.92 9.82 8.91 9.01 9.18 10.52 11.01 9.77 9.24 8.79 8.93 9.10 8.56 8.04 8.74 8.88 8.70 8.96 10.07 9.55 9.27 8.85 7.67 8.80 8.26 8.17 9.11 10.24 9.02 8.95 9.23 9.31 9.64 9.72 9.17 9.28 9.42 9.15 8.85 8.64 9.27 10.36 10.62 10.63 11.28 11.34 11.14 11.37 11.10 12.34 11.19 11.48 9.79 9.30 10.79 10.22 9.99 10.43 10.74 10.03 10.68 10.98 11.04 10.56 10.23 10.55 10.30 10.12 10.36 11.63 12.08 12.63 12.84
8.91 8.92 8.12 8.96 9.29 8.61 8.79 8.96 8.83 9.30 9.31 8.90 7.99 8.32 8.28 8.41 7.58 8.60 9.30 8.70 8.36 9.80 10.46 9.36 8.74 8.19 7.68 8.41 9.38 8.64 9.40 9.49 7.40 8.22 9.52 9.56 10.25 9.66 9.29 8.95 8.34 8.80 8.39 7.55 8.75 10.39 11.23 11.91 12.17 11.72 11.16 10.69 9.76 9.82 9.70 10.28 10.40 10.51 10.31 10.20 10.18 10.28 11.51 11.21 10.51 10.67 11.06 10.57 10.82 11.01 11.37 11.29 10.99 11.15 11.42 12.38 12.32
8.65 9.36 10.17 9.53 8.97 8.08 8.56 8.34 8.57 8.08 8.36 8.82 8.63 7.38 7.83 8.64 8.64 8.49 9.40 9.56 9.44 9.91 8.57 8.49 8.10 8.07 9.56 9.16 9.15 10.25 10.46 8.57 7.77 9.39 10.93 10.29 10.57 9.97 9.96 9.35 9.10 9.08 8.60 8.55 9.38 10.76 11.46 11.31 11.68 11.18 9.82 9.77 9.59 10.09 11.11 11.55 11.20 10.55 10.51 10.26 9.97 10.72 11.34 10.60 10.34 11.13 11.24 10.87 10.45 11.38 12.04 11.62 11.70 11.80 11.65 11.60 12.51
9.00 9.60 10.38 10.00 8.30 8.71 9.15 8.86 8.27 7.68 8.13 8.59 7.31 8.08 8.73 8.52 7.80 8.25 8.58 9.37 8.80 9.34 9.08 8.63 8.10 8.73 9.36 9.08 8.61 8.13 9.29 8.62 7.81 9.68 10.73 9.98 9.83 10.59 11.32 9.91 9.87 9.98 9.52 8.86 9.22 10.43 11.04 9.61 9.57 9.38 9.50 9.04 9.93 10.14 11.27 11.26 11.06 10.82 10.73 9.89 9.79 10.65 10.59 10.65 10.24 11.23 11.05 10.30 10.57 11.52 11.40 12.58 12.52 12.23 11.79 11.33 11.88
9.83 10.42 9.31 8.51 8.49 8.63 8.92 8.28 8.73 8.85 8.59 8.89 8.11 8.17 8.34 8.66 8.13 7.78 8.49 9.25 8.27 8.54 8.93 7.94 7.97 8.44 8.94 9.12 8.03 8.69 9.24 9.53 9.47 9.25 10.40 9.89 9.76 11.29 11.97 10.72 10.71 9.49 9.20 9.34 9.67 11.28 10.77 9.11 8.62 8.88 9.06 10.43 10.76 10.52 10.58 11.32 10.97 11.42 11.42 9.77 9.69 10.82 11.05 10.72 10.36 10.71 11.39 10.19 10.94 11.12 12.02 12.79 12.97 12.46 11.76 12.13 11.83
10.54 9.33 8.20 7.19 8.45 9.00 9.31 8.98 8.57 8.55 7.99 8.80 8.31 9.07 8.17 8.84 9.00 9.80 9.36 7.79 7.82 8.52 7.48 6.86 7.22 8.16 7.84 8.42 8.80 10.06 10.02 10.26 10.06 9.92 11.00 11.15 10.71 11.02 12.09 10.93 10.10 9.88 10.46 10.73 10.42 10.90 10.18 9.61 9.19 9.34 9.31 9.79 9.83 10.48 10.08 10.98 11.10 11.18 11.69 10.28 9.32 9.49 10.24 10.89 10.79 11.02 11.03 10.99 11.35 12.35 13.06 13.13 12.19 12.30 11.66 11.87 11.21
9.91 9.32 8.06 7.64 8.97 9.13 9.52 9.12 8.82 9.28 8.24 8.35 8.96 10.15 9.35 8.36 9.58 10.10 8.64 7.74 7.65 8.35 8.29 7.56 7.01 7.89 8.82 9.13 9.31 9.27 9.51 9.61 10.81 10.11 10.32 11.33 10.27 10.17 10.21 10.06 10.74 10.94 11.05 11.30 10.24 10.44 10.42 10.23 9.72 10.38 10.39 9.95 9.41 9.59 9.95 10.31 10.22 10.99 11.19 10.28 10.26 10.63 10.51 10.44 12.35 11.38 10.83 11.41 10.82 12.06 13.06 13.37 12.54 11.67 11.81 11.22 10.55
10.02 9.48 8.25 8.01 9.95 10.24 9.72 10.44 8.88 8.47 8.02 7.71 6.35 8.16 10.59 10.52 9.25 9.11 6.44 7.43 7.62 7.01 8.33 7.60 6.65 7.43 7.81 8.01 8.72 9.06 9.42 9.69 10.14 9.80 9.35 9.90 9.75 9.93 9.70 9.43 9.86 10.19 10.64 10.28 9.67 10.59 11.27 10.14 10.05 11.01 10.43 9.43 9.97 10.65 10.41 10.00 9.80 11.16 11.42 11.53 11.79 11.41 10.41 10.02 10.96 11.62 11.15 11.35 10.74 11.57 12.18 13.05 13.40 11.72 10.76 10.56 10.19
10.42 8.73 8.32 9.40 10.38 9.60 9.34 10.17 9.88 9.19 8.84 8.52 7.05 7.72 8.07 10.64 9.08 8.00 6.90 7.45 7.45 6.81 7.82 7.91 7.08 6.50 7.28 8.60 8.96 9.37 8.85 8.99 8.55 8.94 9.60 9.35 9.56 9.70 9.51 9.76 9.42 10.06 10.83 10.48 10.76 11.13 11.45 11.29 10.63 11.28 11.10 9.88 9.28 10.20 9.89 9.79 10.75 11.63 11.42 11.84 11.74 11.19 9.97 9.05 9.56 10.47 10.21 11.00 11.89 12.18 12.68 12.27 12.26 11.63 11.89 11.54 11.07
10.65 9.06 9.13 9.27 8.82 8.84 9.29 9.57 9.90 9.09 9.23 8.11 7.86 6.89 9.26 9.99 9.62 9.29 8.52 8.78 7.55 7.95 8.33 7.81 6.79 7.53 8.30 9.78 9.37 8.02 8.00 8.75 8.01 8.59 9.18 9.49 9.77 10.12 10.62 10.02 10.21 10.56 10.95 11.16 10.45 11.03 10.29 11.26 11.32 11.19 10.51 9.92 9.99 9.92 9.52 10.34 11.09 12.29 11.86 11.46 11.12 10.52 9.16 9.41 9.04 9.24 10.48 11.29 11.62 12.33 12.46 11.28 11.44 11.30 10.96 10.57 11.02
10.10 9.59 9.02 7.89 7.20 8.31 8.65 8.72 9.02 9.82 9.91 9.52 8.66 7.47 9.16 9.32 9.89 10.22 9.41 9.16 9.64 9.06 9.65 7.41 8.02 8.58 9.00 8.72 9.18 7.55 8.44 8.82 8.39 9.17 9.43 9.02 8.51 9.72 8.91 9.62 10.40 11.19 10.87 10.32 10.16 10.18 10.13 11.07 10.76 11.24 10.98 9.89 9.98 9.53 8.82 10.17 11.32 11.94 13.18 13.41 11.56 9.96 9.03 9.19 8.94 8.99 11.10 11.45 11.54 12.30 12.77 10.72 10.06 10.56 10.18 10.07 10.99
9.65 9.92 9.34 8.63 6.82 7.74 8.82 9.18 9.34 9.87 9.49 9.52 8.85 9.70 9.72 8.80 8.59 9.42 9.09 8.34 9.68 8.91 7.46 8.24 8.18 8.53 8.26 8.15 9.15 6.85 7.53 8.16 7.68 8.26 9.43 8.97 8.56 9.97 9.81 10.77 9.62 10.65 9.83 8.92 9.60 9.69 9.96 10.46 10.38 10.88 11.39 10.77 10.23 9.58 9.35 9.49 10.47 11.21 12.19 12.67 11.98 10.34 10.29 9.96 9.65 10.39 11.12 11.36 12.67 12.07 11.13 10.25 9.10 9.21 10.46 10.34 10.44
9.09 9.88 9.18 9.15 7.20 7.66 8.14 9.32 9.36 9.59 9.58 9.06 9.08 10.21 9.55 9.26 8.58 8.79 9.86 10.78 9.98 9.03 6.74 6.99 6.86 7.20 7.16 6.87 6.92 6.67 7.63 7.85 7.55 8.06 9.63 10.01 9.90 10.14 10.77 9.78 9.06 10.03 9.34 9.21 10.62 9.81 10.59 10.65 10.01 10.25 10.95 10.86 10.42 10.61 9.87 9.33 9.77 10.55 11.28 11.42 11.51 10.21 10.42 9.96 10.11 10.93 11.73 12.19 11.96 10.41 10.17 9.78 9.28 9.17 10.44 11.20 10.90
9.18 9.20 9.75 9.64 8.64 8.53 8.69 8.94 8.68 8.77 8.10 8.69 9.89 9.96 9.28 7.93 7.64 8.26 9.70 10.85 9.44 8.80 7.51 7.64 7.34 7.15 8.07 7.57 7.06 7.51 7.79 8.19 8.18 7.91 9.84 9.43 9.52 10.59 9.90 8.56 8.47 7.90 8.94 9.30 10.46 10.06 10.74 9.99 9.55 10.22 11.10 10.89 10.52 9.52 8.70 9.07 9.63 10.16 10.36 10.38 10.13 10.57 10.89 10.27 10.42 10.55 12.15 12.01 11.48 11.16 11.01 10.93 10.05 10.19 10.58 11.10 11.52
8.14 8.25 9.30 9.17 8.59 9.31 7.99 7.79 8.35 8.21 8.07 9.01 9.46 9.81 9.53 7.77 7.68 7.94 8.53 9.15 8.91 8.06 8.29 8.74 8.32 8.35 8.27 8.08 6.51 7.03 7.26 7.95 8.10 9.23 9.46 7.97 8.26 8.96 8.76 8.02 8.31 8.20 8.60 8.77 9.58 9.39 10.12 9.73 9.32 10.51 11.53 11.16 9.87 9.45 8.72 9.22 10.39 9.52 10.24 9.66 9.14 9.62 10.30 9.67 9.62 10.15 10.80 11.32 11.05 10.83 10.66 10.69 11.19 11.21 11.73 11.07 11.50
8.36 7.89 8.61 8.95 8.62 8.42 7.56 7.28 7.87 8.89 9.12 10.27 9.31 9.54 9.71 8.60 7.59 7.27 8.03 8.64 8.52 8.51 8.41 9.07 9.29 8.80 7.84 7.65 6.47 6.32 6.71 7.55 8.23 8.57 9.38 7.98 7.67 7.01 7.21 7.92 7.93 8.72 9.05 8.23 8.80 8.76 9.48 8.31 9.33 10.22 10.06 9.99 8.79 9.05 9.03 8.92 9.68 9.92 10.51 9.82 9.12 9.20 9.66 9.98 9.90 9.70 9.96 10.80 10.61 10.29 10.68 10.79 10.73 11.21 11.61 11.70 10.71
7.76 8.11 7.97 8.66 9.44 9.08 8.13 8.13 9.11 9.45 9.14 8.98 8.86 8.88 8.79 8.63 7.56 8.40 8.16 8.37 8.50 8.85 8.93 9.64 10.01 9.11 8.16 8.14 7.49 7.08 6.55 6.49 6.70 7.58 7.64 7.94 8.20 7.07 5.93 6.81 7.60 8.05 9.02 8.92 8.54 8.53 8.66 8.21 8.24 8.26 8.62 8.91 8.58 8.45 8.48 9.14 9.33 9.84 10.13 10.08 10.41 9.73 10.05 10.58 10.78 9.56 9.84 10.06 10.05 10.41 11.16 11.17 10.60 10.94 11.04 10.74 10.28
7.84 7.43 7.24 8.03 10.00 10.06 8.84 8.62 8.91 8.29 8.27 8.36 8.32 7.83 8.22 8.05 8.53 8.90 8.31 8.43 9.01 7.86 8.37 9.62 9.00 8.78 8.04 7.57 6.87 7.04 6.78 6.76 6.82 7.58 8.14 8.82 8.52 7.50 6.28 6.56 7.40 7.76 7.70 7.73 8.08 8.73 8.57 7.93 8.09 7.86 7.09 8.00 8.46 8.67 7.88 9.07 9.49 9.43 8.45 9.32 10.94 10.82 10.49 10.06 10.14 9.34 8.43 9.34 9.93 10.11 10.51 10.14 10.45 10.22 9.60 9.46 9.45
7.88 7.98 7.57 7.45 8.29 9.02 9.12 9.48 8.81 7.81 8.03 7.40 7.39 8.60 8.14 7.39 8.33 8.49 8.03 8.08 8.25 8.13 9.41 10.59 8.74 8.14 7.66 7.25 6.88 6.96 7.63 6.72 7.10 7.97 9.25 9.03 8.30 8.12 8.01 7.32 7.31 7.21 6.91 6.82 6.83 6.59 6.34 6.46 7.57 7.80 7.61 8.64 8.56 8.98 8.14 8.76 9.83 9.06 8.21 8.65 10.65 10.19 9.60 9.44 8.91 8.78 8.88 9.66 9.54 9.48 9.31 9.44 9.56 10.07 9.64 9.41 10.01
8.25 8.28 7.82 8.41 8.47 8.99 8.95 8.62 8.00 7.56 7.08 7.39 7.20 7.62 7.16 7.74 8.51 8.78 7.83 8.18 7.38 6.82 8.86 10.56 8.56 8.23 8.51 8.22 8.17 7.07 7.09 7.07 7.28 7.85 7.72 8.01 7.72 8.10 8.20 7.42 7.25 6.03 5.54 6.19 6.31 5.84 5.36 6.03 6.34 6.82 7.98 8.06 7.06 7.44 7.70 8.07 8.93 9.33 8.95 9.39 10.24 8.10 8.46 8.85 7.89 8.24 9.19 9.45 8.96 8.84 9.26 9.09 9.13 9.23 9.46 9.39 9.77
7.90 8.31 8.20 9.17 9.25 8.92 8.48 7.70 7.04 7.09 7.30 7.86 7.91 6.98 7.32 8.82 8.71 9.04 8.12 6.87 6.26 6.45 7.33 8.99 9.13 8.85 8.78 8.96 8.69 8.30 7.06 6.89 7.89 7.54 7.16 7.51 6.85 6.84 6.72 7.62 7.09 7.09 6.07 5.50 5.32 5.43 5.42 6.81 6.16 6.17 6.11 6.64 6.42 6.78 7.03 7.04 7.81 9.01 8.45 9.06 9.37 7.36 7.01 8.33 8.66 8.87 8.13 8.40 8.31 8.01 8.50 8.77 9.22 8.46 8.71 8.69 9.38
7.10 7.89 8.65 9.33 9.18 9.91 8.72 7.82 7.57 7.12 7.48 8.30 8.72 7.73 8.32 9.02 8.73 8.91 8.63 6.92 6.47 7.04 7.96 8.29 9.35 8.47 8.28 9.47 9.37 8.03 8.28 7.52 7.87 7.43 6.69 6.88 6.37 5.74 6.00 7.15 7.16 7.00 5.96 5.38 4.99 5.36 5.42 6.65 7.05 6.69 5.88 5.81 7.28 5.73 6.02 7.08 7.44 8.36 7.85 7.27 8.00 8.01 7.85 7.89 8.94 8.83 8.99 8.39 8.19 7.75 7.70 8.89 9.08 7.92 8.21 8.72 8.64
7.53 7.41 8.45 9.60 9.51 8.95 8.40 8.01 7.92 8.20 7.81 8.30 8.60 7.70 7.50 7.59 8.75 7.71 7.19 7.32 6.48 7.00 7.53 7.42 6.81 8.28 8.49 9.52 8.71 7.93 8.09 7.37 7.70 6.54 6.34 5.85 6.27 5.52 5.89 7.44 6.95 6.54 6.15 6.00 6.08 5.81 5.67 5.33 5.95 7.05 6.63 6.71 7.16 6.27 6.24 6.18 7.24 7.23 6.98 7.57 8.05 9.65 9.67 9.32 8.88 8.27 8.44 8.34 8.20 7.62 7.70 9.21 9.41 8.29 7.84 8.60 8.62
8.46 8.08 8.50 9.46 9.14 8.72 8.77 8.45 8.62 8.86 8.00 8.13 8.17 7.60 7.03 7.33 8.17 7.88 7.31 7.78 7.48 7.52 6.80 6.75 6.12 6.16 8.05 9.72 9.07 7.96 7.98 7.63 7.29 6.16 7.11 5.70 5.27 6.09 7.05 7.29 6.26 6.46 6.47 6.67 6.62 6.89 6.31 5.79 4.94 5.78 6.90 7.59 7.73 7.25 7.19 6.73 6.83 6.88 7.26 9.13 8.59 10.02 10.57 9.96 9.75 8.60 8.55 8.16 7.53 7.38 8.08 9.01 8.85 8.00 8.31 9.17 10.01
8.67 8.44 8.52 9.73 9.84 9.61 9.48 9.32 8.15 7.99 7.90 6.95 7.84 7.68 6.40 6.50 7.61 8.37 6.56 7.78 8.20 7.87 6.64 5.83 6.43 5.94 6.55 8.76 9.50 7.84 7.83 7.66 7.44 6.35 6.45 5.68 5.45 6.05 6.17 6.53 6.30 5.72 6.17 7.22 6.93 7.11 6.87 5.78 4.71 4.50 6.00 6.85 7.66 7.55 7.90 7.24 6.80 6.32 7.53 8.54 9.32 9.72 11.19 10.96 10.52 9.52 8.90 8.54 7.70 7.88 8.68 8.90 8.79 8.49 8.75 9.42 10.99
8.84 8.59 7.88 9.23 9.81 9.90 9.54 9.56 7.85 7.35 8.15 7.83 7.62 7.80 7.62 7.17 7.91 8.66 8.51 8.69 9.11 8.78 7.05 5.18 5.94 6.71 6.45 7.79 8.54 7.80 7.49 7.72 7.73 6.65 6.13 5.83 7.05 6.13 5.03 5.70 6.13 6.01 5.86 6.12 6.35 6.89 7.40 6.42 5.94 4.85 5.68 7.00 7.72 8.20 7.90 7.64 8.08 6.82 8.06 8.89 9.01 9.16 10.11 10.58 9.97 9.93 8.88 8.63 8.49 9.30 9.43 9.06 9.14 8.80 8.22 8.74 10.37
8.29 8.43 8.11 8.35 9.14 8.67 9.51 9.91 8.79 7.73 8.50 8.67 8.54 8.31 8.67 7.89 8.27 8.16 8.96 9.24 9.36 8.73 7.59 7.02 6.18 6.87 6.66 7.65 8.20 7.14 7.63 7.80 8.67 7.58 7.64 7.39 7.27 7.26 5.94 5.63 6.39 6.51 6.23 5.29 5.18 6.98 7.12 6.83 7.70 6.83 6.80 8.04 8.74 8.76 8.39 7.84 8.30 8.09 9.03 9.37 9.16 9.23 9.18 9.19 9.42 9.51 9.25 9.12 8.81 9.54 9.71 9.78 9.73 9.36 9.25 9.71 10.05
