main/data/irradiance/16.05.2023.grid
ncols 839
nrows 679
xllcenter 112.0500
yllcenter -43.9500
cellsize 0.0500
nodata_value 99999.90
[rows 408 to 441 of 679, columns 231 to 307 of 839]
13.75 13.77 13.67 13.67 13.87 13.77 13.95 14.02 13.99 14.08 14.11 14.15 14.16 14.16 14.13 14.11 14.13 14.14 14.14 14.19 14.19 14.20 14.18 14.17 14.09 14.11 14.07 14.12 14.11 14.15 14.18 14.11 14.17 14.20 14.23 14.24 14.24 14.28 14.32 14.30 14.34 14.36 14.35 14.36 14.35 14.37 14.35 14.33 14.34 14.35 14.40 14.42 14.39 14.42 14.38 14.33 14.36 14.37 14.35 14.34 14.33 14.32 14.30 14.32 14.32 14.30 14.30 14.30 14.31 14.30 14.29 14.28 14.27 14.26 14.26 14.26 14.24
13.95 14.00 14.05 14.09 14.11 14.08 14.06 14.14 14.15 14.13 14.11 14.10 14.18 14.17 14.11 14.11 14.10 14.08 14.08 14.12 14.17 14.14 14.18 14.14 14.10 14.03 13.94 14.06 14.11 14.13 14.16 14.15 14.22 14.18 14.21 14.31 14.26 14.28 14.31 14.30 14.35 14.34 14.35 14.32 14.33 14.32 14.26 14.31 14.28 14.25 14.28 14.34 14.36 14.29 14.30 14.34 14.35 14.35 14.33 14.32 14.27 14.29 14.28 14.27 14.27 14.29 14.26 14.28 14.27 14.27 14.30 14.27 14.24 14.26 14.26 14.28 14.27
14.04 14.04 14.09 14.09 14.15 14.13 14.09 14.10 14.11 14.10 14.08 14.07 14.13 14.13 14.14 14.10 14.07 14.09 14.09 14.09 14.08 14.12 14.15 14.10 14.11 14.04 14.08 14.05 14.09 14.15 14.17 14.25 14.27 14.19 14.28 14.26 14.29 14.29 14.32 14.30 14.32 14.32 14.32 14.32 14.32 14.33 14.34 14.25 14.25 14.18 14.20 14.28 14.37 14.36 14.29 14.34 14.31 14.29 14.31 14.27 14.26 14.27 14.26 14.25 14.27 14.28 14.26 14.27 14.23 14.19 14.16 14.22 14.19 14.21 14.19 14.25 14.22
13.75 13.79 13.92 14.00 14.05 14.01 13.99 14.03 14.05 14.03 14.05 14.04 14.02 14.02 13.97 14.01 14.02 14.03 14.03 14.03 14.07 14.06 14.10 14.09 14.06 14.08 14.05 14.09 14.13 14.17 14.23 14.22 14.21 14.17 14.25 14.26 14.27 14.26 14.28 14.28 14.30 14.30 14.30 14.31 14.32 14.28 14.29 14.20 14.15 14.15 14.19 14.21 14.28 14.31 14.09 14.30 14.24 14.29 14.28 14.22 14.25 14.25 14.26 14.25 14.24 14.23 14.24 14.25 14.21 14.14 14.04 14.07 14.07 14.09 14.12 14.13 14.12
13.76 13.75 13.87 13.85 13.93 13.95 13.89 13.91 13.89 13.97 13.97 13.97 13.93 13.88 13.85 13.93 13.95 13.97 14.02 14.00 14.05 14.09 14.11 14.10 14.09 14.09 14.03 14.07 14.10 14.13 14.13 14.13 14.18 14.19 14.20 14.24 14.22 14.23 14.24 14.27 14.27 14.24 14.28 14.28 14.29 14.29 14.30 14.21 14.09 14.19 14.03 14.12 14.19 14.20 14.17 14.08 14.27 14.25 14.24 14.21 14.27 14.26 14.21 14.24 14.18 14.20 14.21 14.23 14.19 14.18 14.14 14.07 13.97 14.06 14.12 14.05 14.11
13.70 13.84 13.86 13.81 13.83 13.87 13.85 13.85 13.84 13.86 13.90 13.84 13.68 13.67 13.78 13.78 13.85 13.91 13.96 13.97 14.02 14.07 14.10 14.09 14.08 14.02 14.07 14.01 14.03 13.99 14.04 14.12 14.13 14.17 14.19 14.22 14.20 14.22 14.21 14.22 14.23 14.22 14.24 14.26 14.24 14.28 14.27 14.23 14.19 14.22 14.16 14.16 14.06 14.17 14.26 14.28 14.24 14.22 14.23 14.23 14.22 14.15 14.17 14.23 14.14 14.15 14.09 14.14 14.14 14.10 14.11 14.06 14.04 14.01 14.13 14.00 13.92
13.63 13.71 13.66 13.73 13.77 13.71 13.77 13.79 13.77 13.75 13.76 13.62 13.58 13.60 13.68 13.71 13.86 13.90 13.88 13.96 14.01 14.02 14.03 14.03 13.99 14.02 13.99 14.06 13.99 14.00 14.10 14.14 14.16 14.18 14.20 14.20 14.19 14.18 14.21 14.18 14.21 14.20 14.20 14.21 14.15 14.16 14.12 14.17 14.08 14.07 14.15 14.10 14.09 14.06 14.03 14.21 14.12 14.19 14.19 14.21 14.17 14.20 14.19 14.18 14.13 14.08 14.16 14.11 14.15 14.07 14.06 14.09 14.00 14.02 14.02 13.90 14.13
13.52 13.66 13.64 13.56 13.65 13.61 13.59 13.57 13.55 13.51 13.63 13.60 13.52 13.57 13.64 13.66 13.78 13.87 13.92 13.93 14.04 14.07 14.07 14.05 14.06 14.10 14.09 14.12 14.13 14.14 14.17 14.17 14.17 14.19 14.19 14.18 14.19 14.18 14.18 14.16 14.18 14.09 14.18 14.10 14.17 14.19 14.15 14.18 14.19 14.20 14.06 14.16 14.18 14.16 14.16 14.18 14.20 14.18 14.17 14.18 14.19 14.16 14.14 14.16 14.16 14.11 14.10 14.03 14.09 14.03 14.03 14.01 14.02 13.96 14.05 13.98 13.92
13.55 13.51 13.45 13.41 13.44 13.36 13.32 13.26 13.34 13.45 13.53 13.61 13.55 13.56 13.58 13.62 13.72 13.86 13.98 14.01 14.07 14.09 14.08 14.10 14.12 14.11 14.13 14.16 14.16 14.17 14.17 14.17 14.16 14.14 14.17 14.15 14.14 14.16 14.14 14.13 14.15 14.15 14.09 14.16 14.13 14.11 14.19 14.20 14.20 14.19 14.14 14.09 14.11 14.18 14.17 14.18 14.19 14.18 14.19 14.18 14.06 14.17 14.16 14.15 14.12 14.08 14.09 14.03 14.01 14.06 14.00 14.03 13.96 13.85 13.88 13.82 13.74
13.30 13.45 13.39 13.27 13.26 13.22 13.27 13.19 13.27 13.35 13.48 13.55 13.46 13.50 13.53 13.70 13.82 13.96 14.04 14.07 14.11 14.08 14.09 14.10 14.11 14.15 14.16 14.14 14.13 14.14 14.15 14.15 14.14 14.12 14.14 14.14 14.14 14.11 14.07 14.01 14.03 14.12 14.05 14.11 14.04 14.09 14.06 14.17 14.15 14.15 14.15 13.93 14.06 14.13 14.07 14.17 14.12 14.13 14.14 14.14 14.14 14.14 14.14 14.10 14.08 14.02 14.02 13.96 14.01 14.04 13.93 13.95 13.87 13.97 13.86 13.86 13.90
13.09 13.12 13.29 13.25 13.16 13.14 13.11 13.14 13.30 13.29 13.45 13.43 13.44 13.49 13.62 13.77 13.89 13.97 14.01 14.05 14.10 14.07 14.04 14.07 14.09 14.10 14.10 14.10 14.11 14.12 14.12 14.10 14.09 14.09 14.09 14.05 14.07 14.02 14.07 14.05 14.07 14.01 14.08 14.10 14.13 14.01 13.96 14.10 14.02 14.02 14.02 14.13 14.05 13.98 14.09 14.13 13.99 14.07 14.14 14.12 14.13 14.10 14.10 14.09 14.03 13.98 13.99 14.03 13.96 13.95 13.91 13.91 13.66 13.69 13.86 13.74 13.73
12.94 13.00 12.97 13.09 13.07 13.10 13.05 13.12 13.20 13.09 13.20 13.26 13.37 13.50 13.61 13.72 13.85 13.93 13.97 13.99 14.06 14.07 14.04 14.05 14.05 14.05 14.07 14.06 14.08 14.05 14.04 14.04 14.03 14.01 14.06 14.04 14.06 14.03 14.02 14.01 14.00 14.07 13.98 14.08 14.06 14.09 14.12 14.03 14.00 14.12 14.09 14.04 14.02 14.04 14.05 13.99 14.10 14.10 14.04 14.13 14.10 14.07 14.09 14.05 13.94 13.96 13.94 13.92 13.96 13.89 13.97 13.73 13.80 13.93 13.78 13.83 13.60
12.77 12.63 12.77 12.75 12.90 12.90 12.91 12.76 12.90 12.86 13.05 13.11 13.31 13.42 13.73 13.74 13.79 13.77 13.94 14.02 14.05 14.04 14.04 14.02 14.00 13.92 13.93 13.95 14.01 14.04 14.05 14.01 14.00 14.01 14.00 13.96 13.92 13.91 13.96 13.98 14.03 14.01 14.01 14.05 14.05 13.96 14.06 14.02 14.04 13.95 13.96 14.00 13.96 14.02 14.05 14.04 14.07 14.07 14.07 14.09 14.05 14.08 14.05 14.01 13.97 13.98 13.98 13.95 13.98 13.99 13.90 13.71 13.96 13.84 13.78 13.79 13.84
12.62 12.80 12.78 12.62 12.53 12.66 12.62 12.55 12.52 12.65 12.75 12.83 12.93 13.23 13.20 13.40 13.49 13.70 13.78 13.93 14.03 13.91 13.98 13.82 13.88 13.85 13.85 13.88 13.97 14.02 13.97 13.98 13.94 13.87 13.91 13.85 13.89 13.93 13.86 13.90 13.99 13.95 13.98 13.98 13.99 14.02 13.97 14.04 14.04 13.99 13.94 13.99 13.98 13.96 14.00 14.01 13.95 14.02 13.96 14.06 14.06 14.03 13.98 13.97 13.96 13.99 13.96 13.78 13.92 13.90 13.90 13.82 13.76 13.83 13.79 13.75 13.63
12.50 12.58 12.48 12.56 12.52 12.47 12.48 12.49 12.49 12.47 12.53 12.44 12.42 12.59 12.68 13.34 13.18 13.58 13.60 13.72 13.78 13.96 13.92 13.85 13.93 13.97 13.92 13.92 13.91 13.80 13.80 13.81 13.75 13.69 13.69 13.73 13.80 13.86 13.91 13.95 13.96 13.99 14.02 14.01 14.01 13.99 13.97 13.99 13.99 14.00 13.96 13.94 13.96 13.94 13.97 13.92 13.96 13.97 13.93 13.99 14.00 13.98 13.95 14.02 13.91 13.89 13.89 13.87 13.90 13.82 13.88 13.85 13.76 13.71 13.63 13.62 13.68
12.56 12.46 12.32 12.28 12.38 12.45 12.41 12.33 12.34 12.29 12.32 12.43 12.23 12.52 12.81 13.47 13.41 13.58 13.49 13.71 13.89 13.88 13.86 13.84 13.87 13.95 13.95 13.90 13.87 13.79 13.71 13.56 13.64 13.50 13.60 13.69 13.80 13.82 13.82 13.94 13.91 13.99 14.00 13.92 14.00 13.96 13.96 13.98 13.98 13.96 13.99 13.98 13.96 13.95 13.94 13.95 13.91 13.91 13.94 13.96 14.01 13.98 13.93 13.90 13.88 13.94 13.78 13.95 13.64 13.83 13.77 13.59 13.76 13.57 13.65 13.66 13.54
12.33 12.44 12.31 12.29 12.41 12.37 12.39 12.46 12.52 12.38 12.33 12.20 12.17 12.65 12.94 13.08 13.34 13.70 13.70 13.79 13.90 13.81 13.70 13.53 13.58 13.67 13.76 13.80 13.79 13.73 13.79 13.60 13.51 13.50 13.53 13.56 13.61 13.78 13.78 13.78 13.93 13.91 13.96 13.92 13.90 13.96 13.94 14.00 13.95 13.95 13.96 13.93 13.92 13.92 13.94 13.93 13.92 13.90 13.94 13.92 13.84 13.88 13.86 13.88 13.91 13.86 13.80 13.74 13.72 13.81 13.78 13.78 13.67 13.49 13.52 13.54 13.56
12.13 12.13 12.17 12.31 12.30 12.37 12.41 12.48 12.32 12.30 12.38 12.34 12.40 12.47 12.88 13.20 12.97 13.17 13.42 13.54 13.58 13.74 13.50 13.44 13.43 13.47 13.45 13.50 13.54 13.54 13.59 13.64 13.62 13.66 13.49 13.54 13.68 13.70 13.65 13.66 13.72 13.83 13.88 13.91 13.92 13.84 13.93 13.88 13.94 13.91 13.93 13.91 13.93 13.91 13.86 13.94 13.92 13.87 13.93 13.89 13.90 13.84 13.85 13.79 13.75 13.91 13.72 13.82 13.76 13.70 13.75 13.68 13.71 13.66 13.69 13.60 13.50
12.00 12.10 12.16 12.35 12.42 12.48 12.51 12.49 12.41 12.30 12.14 12.37 12.55 12.51 12.60 13.05 13.33 13.40 13.21 13.24 13.28 13.38 13.39 13.42 13.38 13.45 13.49 13.57 13.49 13.56 13.48 13.49 13.47 13.55 13.61 13.62 13.59 13.66 13.71 13.60 13.78 13.76 13.80 13.85 13.87 13.92 13.91 13.85 13.83 13.89 13.83 13.84 13.86 13.90 13.90 13.83 13.83 13.87 13.86 13.88 13.84 13.86 13.78 13.73 13.79 13.60 13.85 13.77 13.66 13.62 13.62 13.67 13.76 13.59 13.55 13.45 13.61
12.05 12.19 12.23 12.31 12.38 12.41 12.35 12.42 12.40 12.38 12.41 12.52 12.72 12.67 12.76 12.76 12.93 12.91 13.00 13.07 13.20 13.36 13.24 13.29 13.41 13.46 13.53 13.55 13.54 13.48 13.54 13.60 13.43 13.45 13.31 13.42 13.54 13.53 13.57 13.55 13.66 13.67 13.81 13.77 13.76 13.82 13.86 13.85 13.82 13.76 13.87 13.85 13.77 13.83 13.85 13.83 13.83 13.85 13.81 13.80 13.83 13.76 13.80 13.78 13.71 13.78 13.73 13.73 13.74 13.58 13.70 13.55 13.51 13.60 13.55 13.48 13.39
12.04 12.09 12.25 12.25 12.22 12.25 12.20 12.21 12.32 12.56 12.63 12.57 12.81 13.05 12.71 12.96 13.28 13.18 13.24 13.19 13.19 13.43 13.57 13.47 13.52 13.37 13.29 13.40 13.39 13.35 13.32 13.32 13.28 13.16 13.25 13.35 13.54 13.54 13.31 13.45 13.55 13.53 13.71 13.67 13.72 13.76 13.80 13.77 13.78 13.80 13.78 13.77 13.87 13.78 13.80 13.85 13.78 13.84 13.80 13.81 13.81 13.83 13.66 13.76 13.66 13.65 13.68 13.74 13.70 13.55 13.58 13.70 13.65 13.52 13.58 13.49 13.02
12.04 12.09 12.05 12.12 12.10 12.10 12.09 12.20 12.24 12.44 12.79 12.63 12.54 12.69 12.83 12.99 12.73 13.13 13.11 13.44 13.43 13.33 13.22 13.23 13.59 13.79 13.54 13.45 13.51 13.49 13.41 13.34 13.22 13.22 13.18 13.40 13.50 13.49 13.47 13.57 13.56 13.65 13.65 13.70 13.73 13.81 13.79 13.78 13.72 13.80 13.73 13.79 13.82 13.83 13.79 13.67 13.79 13.70 13.79 13.84 13.81 13.80 13.75 13.73 13.65 13.57 13.54 13.54 13.59 13.52 13.55 13.41 13.37 13.48 13.19 13.18 13.20
11.99 11.92 12.03 12.05 12.14 12.18 12.21 12.29 12.30 12.43 12.61 12.47 12.52 12.75 12.77 12.70 12.88 12.89 13.18 13.04 13.36 13.61 13.65 13.73 13.71 13.63 13.36 13.26 13.20 13.26 13.24 13.31 13.19 13.20 13.33 13.43 13.43 13.48 13.46 13.51 13.60 13.63 13.71 13.73 13.74 13.78 13.76 13.75 13.81 13.78 13.78 13.72 13.78 13.67 13.77 13.78 13.76 13.71 13.75 13.75 13.72 13.76 13.60 13.73 13.72 13.49 13.54 13.54 13.48 13.50 13.42 13.24 13.34 13.33 13.31 13.16 12.61
12.04 11.98 11.99 12.13 12.19 12.22 12.17 12.52 12.38 12.35 12.68 12.59 12.65 12.70 12.65 12.71 12.93 13.16 12.89 12.98 12.87 13.07 13.11 12.98 12.88 13.00 13.13 12.95 12.96 13.16 13.18 13.17 13.09 13.18 13.16 13.46 13.52 13.48 13.58 13.62 13.71 13.73 13.76 13.78 13.77 13.72 13.77 13.79 13.75 13.72 13.73 13.75 13.75 13.67 13.65 13.57 13.66 13.73 13.74 13.76 13.76 13.70 13.74 13.70 13.57 13.52 13.47 13.61 13.44 13.54 13.32 13.35 13.26 13.14 13.08 13.02 12.96
11.96 12.02 11.95 12.06 12.12 12.12 12.37 12.55 12.42 12.60 12.89 12.57 12.45 12.17 12.31 12.53 12.56 12.63 12.75 13.02 12.60 13.17 13.03 13.01 12.96 12.90 12.99 12.94 12.88 13.03 13.16 13.33 13.43 13.38 13.21 13.34 13.55 13.42 13.60 13.65 13.63 13.71 13.76 13.76 13.73 13.70 13.72 13.72 13.75 13.71 13.70 13.72 13.71 13.73 13.63 13.65 13.56 13.68 13.72 13.73 13.75 13.69 13.61 13.70 13.64 13.64 13.48 13.53 13.42 13.23 13.29 13.16 13.15 12.86 12.89 12.87 12.78
11.96 11.92 11.90 11.98 12.00 12.17 12.23 12.54 12.60 12.83 12.58 12.41 12.11 12.46 12.21 12.24 12.42 12.65 12.73 12.70 12.88 12.78 12.62 12.80 12.90 13.08 13.23 13.13 13.07 13.21 13.26 13.22 13.29 13.37 13.36 13.30 13.49 13.54 13.55 13.60 13.57 13.61 13.66 13.74 13.72 13.72 13.73 13.70 13.71 13.68 13.67 13.68 13.66 13.65 13.61 13.52 13.62 13.60 13.61 13.74 13.71 13.70 13.62 13.65 13.46 13.52 13.48 13.47 13.38 13.35 13.12 13.21 12.98 12.97 12.84 12.54 12.59
11.87 11.80 11.77 11.94 12.00 11.80 12.01 12.21 12.20 11.93 11.63 11.78 11.86 11.79 12.06 12.20 12.29 12.39 12.22 12.21 12.18 12.41 12.67 12.50 12.84 13.24 13.33 13.51 13.34 13.28 13.30 13.30 13.36 13.52 13.63 13.55 13.63 13.61 13.67 13.67 13.67 13.67 13.69 13.69 13.72 13.72 13.68 13.68 13.71 13.70 13.68 13.63 13.59 13.54 13.55 13.47 13.54 13.51 13.52 13.57 13.57 13.66 13.43 13.52 13.57 13.41 13.46 13.42 13.26 13.23 13.32 13.23 13.14 12.84 12.90 12.78 12.76
11.74 11.69 11.68 11.75 11.87 11.61 11.63 11.88 12.07 11.99 11.88 12.24 12.42 12.43 12.63 12.69 12.84 12.30 12.46 12.49 12.31 12.65 12.75 13.01 13.04 13.30 13.39 13.36 13.28 13.25 13.29 13.28 13.36 13.46 13.49 13.42 13.49 13.55 13.54 13.54 13.60 13.63 13.63 13.65 13.58 13.60 13.58 13.58 13.55 13.57 13.59 13.50 13.44 13.46 13.41 13.22 13.22 13.34 13.43 13.46 13.47 13.40 13.47 13.51 13.48 13.40 13.27 13.36 13.33 13.11 13.18 13.12 13.03 12.85 12.90 12.81 13.00
11.43 11.46 11.49 11.61 11.80 11.67 11.65 11.92 12.10 12.15 12.40 12.25 12.44 12.86 12.77 12.70 12.56 12.61 12.54 12.45 12.17 12.69 13.21 13.01 13.04 12.97 13.04 13.16 13.22 13.18 13.19 13.23 13.29 13.27 13.27 13.21 13.33 13.38 13.39 13.43 13.34 13.31 13.31 13.25 13.24 13.22 13.32 13.23 13.35 13.40 13.39 13.41 13.38 13.31 13.33 13.20 12.99 13.08 13.12 13.15 13.25 13.26 13.16 13.38 13.18 13.31 13.28 13.20 13.09 12.99 12.92 12.90 13.06 12.92 12.94 13.16 13.21
11.47 11.43 11.44 11.47 11.55 11.51 11.77 11.89 11.69 11.82 11.74 12.03 12.33 12.27 12.28 12.41 12.32 12.17 12.23 12.46 12.59 12.89 12.85 12.89 12.97 13.01 13.22 13.45 13.36 13.26 13.15 13.10 13.12 13.17 13.20 13.24 13.32 13.38 13.40 13.35 13.29 13.27 13.16 13.22 12.98 13.16 13.06 13.08 13.07 13.19 13.12 13.14 13.10 13.12 13.06 12.99 12.96 13.01 12.95 12.98 13.21 13.09 13.10 13.12 13.17 13.15 13.00 13.09 13.15 13.04 13.07 12.96 12.95 12.83 12.92 13.11 13.23
11.35 11.24 11.35 11.51 11.59 11.74 11.96 12.00 11.66 11.69 11.80 11.96 12.03 11.94 11.88 11.80 11.97 11.86 11.96 12.37 12.59 12.57 12.87 12.89 12.91 13.20 13.32 13.37 13.29 13.26 13.02 13.19 13.20 13.28 13.23 13.33 13.32 13.27 13.23 13.28 13.24 13.23 13.17 13.32 13.33 12.94 13.08 13.07 13.11 13.17 13.23 13.10 12.85 12.80 12.67 12.58 12.50 12.63 12.69 12.75 12.96 12.84 12.69 12.63 12.51 12.55 12.67 12.70 12.50 12.71 12.61 12.53 12.49 12.52 12.51 12.62 12.89
11.27 11.11 11.18 11.63 11.44 11.56 11.72 11.74 11.58 11.37 11.70 11.96 11.86 11.95 11.95 11.96 11.78 12.12 12.38 12.48 12.58 12.46 12.66 12.95 12.92 13.11 13.09 12.97 13.06 13.04 12.90 13.10 13.18 13.23 13.38 13.36 13.26 13.29 13.19 13.04 13.27 13.26 13.19 13.04 13.08 13.16 13.02 12.99 12.96 13.08 13.07 12.96 12.75 12.45 12.28 12.20 11.94 11.81 12.01 11.93 11.95 11.99 11.79 12.18 12.11 11.86 11.97 12.26 12.23 12.12 12.16 12.20 12.09 12.20 12.03 12.46 12.54
10.85 10.94 11.21 11.36 11.13 11.15 11.10 11.32 11.24 11.60 11.86 11.83 12.32 12.52 12.22 11.94 12.21 12.44 12.51 12.53 12.20 12.20 12.43 12.64 12.84 12.84 13.03 12.96 13.12 13.14 12.96 13.13 13.08 13.19 13.37 13.35 13.32 13.08 13.19 13.02 13.05 12.91 13.05 12.97 12.97 13.06 12.90 12.88 12.86 12.63 12.71 12.64 12.58 12.26 12.17 12.06 11.52 11.63 11.54 11.67 11.82 11.80 12.01 11.92 11.79 11.88 11.74 11.84 11.83 11.70 11.59 11.87 11.71 11.64 11.95 11.90 12.25
10.79 11.00 11.16 11.23 11.05 10.97 11.14 11.62 11.49 11.49 12.08 12.15 12.19 12.37 11.92 11.85 12.30 12.27 12.50 12.38 12.61 12.60 12.52 12.47 12.60 12.82 13.00 12.97 13.11 12.97 12.76 13.09 13.29 13.32 13.30 13.33 13.27 13.01 13.03 13.09 12.90 12.93 13.00 12.67 12.71 12.46 12.22 12.37 12.37 12.27 12.03 12.25 12.23 12.06 12.01 11.75 12.04 11.71 11.77 11.79 11.75 11.71 11.60 11.87 11.76 11.49 11.81 11.81 11.62 11.37 11.46 11.86 11.79 11.80 11.93 11.92 12.09
