main/data/irradiance/16.01.2023.grid
ncols 839
nrows 679
xllcenter 112.0500
yllcenter -43.9500
cellsize 0.0500
nodata_value 99999.90
[rows 272 to 305 of 679, columns 385 to 461 of 839]
29.33 29.30 29.20 29.87 29.61 29.34 29.48 28.53 28.53 29.49 29.39 30.05 29.62 29.90 28.62 29.25 29.59 29.31 29.03 28.90 29.76 29.57 29.17 29.15 28.86 29.35 29.61 29.72 28.32 28.49 29.29 28.97 28.23 29.43 27.04 27.63 27.83 26.79 26.78 26.01 23.65 23.54 24.63 25.65 24.72 26.43 27.08 28.18 29.04 28.38 29.41 29.11 28.81 28.45 27.72 28.13 28.12 28.62 28.36 28.44 28.16 28.57 27.85 26.91 28.54 29.02 28.78 28.47 28.45 27.37 27.77 26.86 26.88 28.87 29.13 28.98 28.53
29.46 29.31 29.57 28.92 29.74 30.11 29.76 29.73 28.96 29.64 29.21 29.39 29.33 29.49 28.38 29.60 30.37 30.12 28.96 29.73 29.88 29.93 29.53 28.01 28.81 29.24 28.49 29.22 28.87 28.81 29.53 29.02 27.04 27.24 27.48 27.14 28.51 27.51 27.37 27.27 26.60 25.94 26.22 26.92 27.07 28.38 29.14 29.30 28.72 29.71 29.42 28.93 28.91 29.55 28.78 28.57 28.06 28.66 27.85 28.87 29.43 28.30 28.73 28.82 29.09 29.92 28.94 29.26 28.62 27.00 27.75 28.33 29.48 28.95 28.50 28.57 29.05
29.07 29.02 29.42 30.01 29.56 29.19 29.30 29.44 29.94 30.26 28.10 29.15 29.64 29.87 29.35 29.17 29.93 30.15 28.69 29.24 29.00 28.91 28.31 28.79 28.56 29.47 28.30 29.18 29.52 28.17 28.73 29.08 28.90 27.92 27.85 29.00 27.93 28.08 28.32 27.16 27.51 26.17 27.29 28.28 28.10 29.36 29.23 29.92 29.27 29.36 28.98 28.97 28.83 29.91 30.03 29.11 30.14 29.41 28.68 27.22 27.07 28.04 28.36 29.13 28.92 29.32 29.99 28.93 28.84 28.46 29.06 29.17 28.69 29.75 29.54 29.67 29.71
29.53 29.97 29.83 29.38 29.55 29.72 28.71 29.60 29.23 28.27 29.55 29.00 28.63 29.81 28.88 29.44 29.73 29.06 28.02 29.45 28.86 28.96 29.71 27.80 28.11 28.98 27.61 28.16 28.25 28.94 27.76 29.16 28.54 28.69 28.96 28.54 28.93 28.45 28.79 28.53 29.04 28.75 29.47 29.94 30.42 29.76 30.16 30.21 30.31 30.41 30.28 30.21 29.85 29.88 29.45 30.41 29.32 29.95 30.29 29.59 29.98 29.49 29.70 28.73 29.70 29.15 28.96 28.87 29.14 29.86 30.18 30.38 30.29 29.95 29.63 30.28 29.76
29.88 29.03 29.19 29.65 30.11 29.41 29.90 28.01 27.46 28.49 29.05 29.03 29.44 27.96 28.41 29.38 28.47 29.09 28.44 29.21 29.64 28.57 29.56 28.98 28.70 28.42 29.03 28.77 27.75 29.16 29.46 28.84 28.43 27.86 29.08 29.04 28.96 29.03 28.39 29.19 28.73 29.90 29.99 30.15 30.06 30.46 30.46 30.07 30.44 30.37 30.34 30.46 30.10 30.28 30.21 29.29 29.77 30.12 30.43 30.17 30.13 29.35 29.59 29.34 28.92 29.15 29.39 30.04 29.87 30.12 30.35 29.95 30.40 30.26 29.90 30.05 30.12
30.01 30.36 29.45 29.19 28.86 29.28 28.57 28.13 28.16 29.11 29.01 28.63 28.91 28.34 28.95 29.44 28.77 29.92 29.70 30.13 29.73 29.53 30.20 29.72 29.61 29.15 28.85 30.08 29.92 29.21 29.48 29.62 28.98 28.91 29.13 29.85 30.09 29.92 29.42 29.65 29.93 30.32 30.32 30.38 30.38 30.33 30.22 30.24 30.32 30.12 30.33 30.10 30.12 29.83 29.98 29.77 29.96 30.19 29.95 29.94 29.28 29.40 29.12 29.49 30.02 29.49 29.62 29.28 29.15 29.99 30.33 30.22 29.75 30.28 29.73 30.26 29.70
28.96 29.85 29.36 29.26 29.32 27.94 29.16 28.10 28.90 28.59 28.87 29.51 29.41 29.58 29.46 29.09 30.03 29.83 29.96 30.06 29.97 29.46 29.85 29.65 30.28 29.95 29.29 29.41 29.68 29.83 29.65 29.67 29.55 30.37 30.43 30.51 30.45 30.44 30.30 30.35 30.29 30.05 30.49 29.71 30.09 30.12 29.97 29.83 29.85 30.01 30.47 30.43 29.95 29.78 29.55 29.48 29.33 29.28 28.99 29.80 29.89 28.86 29.24 29.93 30.44 29.96 30.00 30.11 30.37 30.23 30.34 30.14 30.03 30.40 30.07 29.87 30.26
29.10 28.06 29.29 28.13 29.58 28.88 28.90 28.96 29.13 29.14 29.24 29.92 29.54 29.80 28.81 29.76 29.46 29.49 29.52 30.42 30.04 30.14 29.85 29.66 29.76 29.73 29.99 29.85 29.61 29.70 30.00 30.18 29.76 30.34 30.36 30.44 30.37 30.34 30.29 30.29 30.05 29.53 30.08 29.99 29.95 30.23 30.25 29.42 30.29 30.50 30.08 29.91 30.21 29.33 30.19 30.01 29.82 29.28 29.88 29.63 29.78 30.34 30.18 30.05 30.44 30.30 30.14 30.07 30.24 30.45 30.08 30.11 30.14 30.04 29.94 29.77 29.93
29.80 29.57 29.08 29.79 29.86 29.51 29.97 29.34 29.02 29.05 29.63 29.84 28.67 29.37 29.94 29.31 28.14 29.14 28.52 29.31 28.76 28.92 29.23 29.16 30.03 29.74 30.00 29.71 30.16 30.12 29.70 30.04 30.41 30.26 30.18 30.33 29.76 29.84 29.81 30.12 29.69 29.98 30.10 29.98 30.34 29.72 30.12 29.85 30.27 29.84 29.43 30.05 30.19 30.05 29.68 30.26 29.85 29.96 29.58 29.82 30.03 29.98 29.69 29.44 29.87 29.94 30.35 30.39 30.29 30.25 30.36 28.50 29.36 30.39 30.34 29.58 30.12
30.09 29.71 29.72 29.84 29.21 29.72 29.23 28.44 28.82 28.68 29.64 28.57 29.19 28.77 29.24 28.89 29.01 28.88 29.19 29.57 30.11 29.95 30.35 30.37 30.07 29.58 29.78 30.23 29.16 29.68 29.18 29.96 29.76 29.85 30.01 30.12 30.22 30.51 30.52 30.20 30.17 29.79 30.18 29.71 29.95 30.15 29.82 29.22 29.98 29.30 29.37 29.84 29.85 29.96 30.22 29.96 30.02 30.37 29.40 29.70 29.98 29.85 30.06 30.25 30.36 30.11 29.80 29.89 29.89 29.09 29.60 29.55 29.37 30.05 29.65 30.19 29.70
29.46 29.33 29.28 29.86 28.04 28.30 28.63 28.90 28.77 29.17 29.45 29.39 29.22 28.72 29.40 29.38 29.90 29.99 30.22 30.19 30.26 30.21 30.33 29.57 30.07 27.95 29.32 29.16 29.66 29.55 28.65 29.63 29.61 30.25 30.17 30.04 29.68 29.75 29.77 29.88 29.67 29.17 29.44 30.06 30.05 29.95 29.84 28.73 30.41 30.09 29.74 29.57 29.43 30.22 30.17 30.50 30.44 30.01 30.17 29.83 29.80 29.81 29.10 29.92 29.54 29.01 28.75 28.57 30.21 29.56 29.60 29.23 29.43 28.59 28.21 29.65 29.79
30.04 29.82 27.83 29.24 29.49 29.64 28.53 29.71 29.26 29.52 29.10 29.50 29.34 30.01 29.70 30.00 30.10 29.55 29.49 29.61 29.50 28.87 29.61 29.51 29.25 29.82 29.53 29.97 29.90 29.56 30.04 29.73 29.03 29.43 29.11 29.18 28.82 29.06 29.54 28.86 29.34 29.87 29.70 29.81 30.30 29.96 30.19 30.10 29.94 29.74 30.00 29.80 30.00 30.21 30.36 29.71 29.86 30.28 30.29 29.82 28.97 28.64 29.92 29.85 28.32 28.45 29.67 28.23 29.07 29.01 28.96 29.50 29.86 29.68 28.83 29.72 28.98
29.91 29.78 29.94 30.19 29.02 29.13 29.43 30.06 29.36 30.03 29.79 30.19 30.18 29.44 29.91 30.09 29.53 28.60 29.25 28.70 29.72 29.28 29.69 29.26 29.93 29.90 29.04 28.84 28.95 29.60 29.68 28.79 28.98 28.80 29.63 29.36 30.18 28.15 28.53 28.00 29.24 28.92 29.48 29.03 29.81 30.08 29.78 30.28 30.43 30.23 30.12 30.32 30.27 29.94 29.87 30.16 29.76 30.07 30.13 29.93 29.63 28.83 28.66 29.15 28.79 28.12 29.57 28.96 28.62 30.10 29.58 29.10 29.47 29.46 30.11 29.88 29.89
30.17 29.15 29.39 29.23 30.15 29.61 29.67 29.74 29.74 29.64 29.41 29.25 29.46 29.07 29.71 28.92 29.53 29.66 29.54 28.49 28.99 29.99 29.39 29.71 28.44 28.71 27.64 28.62 29.03 28.80 28.50 28.75 28.50 28.74 29.42 29.89 29.74 29.67 29.34 29.95 30.11 30.31 29.95 30.20 29.85 30.00 30.04 30.22 29.65 30.04 30.24 30.27 30.07 29.75 29.62 29.99 30.12 29.31 29.56 30.00 29.29 29.46 28.22 29.43 28.93 28.88 30.01 29.66 30.00 30.00 29.94 30.12 30.18 29.02 30.09 29.70 29.03
30.04 30.19 29.71 29.32 29.48 29.81 29.45 29.80 29.16 29.11 29.76 29.95 30.16 29.81 29.81 29.60 30.00 30.05 29.90 29.73 29.95 28.88 29.73 29.38 29.03 29.38 29.48 28.90 28.76 29.54 29.47 29.66 29.24 29.74 29.86 30.45 29.63 30.05 29.98 30.00 29.65 29.54 29.74 29.62 28.39 29.73 29.82 29.27 29.83 28.69 30.04 30.25 30.14 30.23 29.28 29.87 29.96 29.58 29.25 30.36 29.20 30.25 30.33 30.09 30.03 30.01 29.55 29.97 30.34 29.49 29.48 29.56 30.09 29.55 30.07 30.37 29.45
29.78 30.03 30.00 30.08 29.27 29.91 29.98 30.37 29.68 30.41 29.73 30.22 30.07 29.58 29.98 29.81 29.01 29.27 28.72 29.06 29.26 29.00 29.52 29.92 29.94 29.82 30.45 29.73 29.73 29.70 30.02 30.32 30.15 30.36 29.99 30.18 30.19 29.57 29.83 29.35 30.12 29.94 29.88 28.84 30.17 29.43 29.71 29.66 29.44 29.31 30.30 29.54 29.87 30.27 30.52 29.48 29.57 29.75 30.14 29.95 29.88 30.19 29.75 30.15 30.27 30.55 30.31 30.18 29.33 29.50 29.81 29.89 29.87 30.15 29.80 29.27 29.45
29.35 29.51 29.84 30.45 29.59 29.95 29.84 30.18 29.69 29.78 30.18 29.07 30.01 29.82 29.40 30.04 29.59 29.34 29.30 30.42 29.50 29.48 29.87 29.79 29.36 29.98 29.83 30.46 30.20 29.66 30.42 29.78 30.41 29.99 30.25 30.08 30.06 30.17 30.31 30.24 29.49 29.99 29.73 29.83 29.82 29.77 29.28 29.73 30.13 29.62 30.50 30.41 29.23 30.03 29.74 30.15 29.93 30.53 29.95 30.01 29.89 30.27 29.87 29.52 30.02 30.19 30.60 29.60 30.09 29.30 29.45 30.24 29.87 27.78 29.67 29.36 29.11
29.13 30.33 30.11 30.17 30.11 29.82 29.35 29.40 29.70 29.17 29.39 29.74 29.98 30.04 30.50 29.26 29.94 29.48 29.23 29.42 29.80 29.69 29.25 29.70 29.70 29.96 30.11 30.11 30.49 30.10 30.42 30.30 30.12 29.63 29.82 30.12 29.96 29.70 29.70 30.35 29.40 29.72 29.45 30.15 30.04 30.18 29.43 29.73 29.89 30.40 30.02 29.61 29.81 30.35 30.27 30.43 30.09 29.85 30.33 29.75 30.00 30.50 29.67 29.57 30.05 30.02 29.63 29.55 29.91 29.50 29.03 28.45 30.44 28.23 29.27 28.77 28.49
29.45 30.25 29.94 29.63 30.59 29.81 30.40 29.71 29.49 29.25 29.04 29.78 29.26 29.68 29.50 29.01 28.27 29.87 29.63 30.18 30.13 29.95 29.98 30.19 30.45 30.14 30.06 30.15 29.96 29.98 29.64 30.50 29.77 29.97 30.07 30.10 30.15 30.19 29.66 29.68 29.92 30.17 29.82 30.19 29.93 29.91 29.97 30.31 29.97 29.38 29.42 29.99 29.85 30.16 29.18 29.43 28.57 28.81 29.43 30.48 30.12 28.56 29.60 28.34 29.99 28.92 29.88 28.77 28.47 29.78 29.81 28.94 29.31 28.43 28.97 29.09 29.17
29.45 30.27 30.18 30.21 30.50 29.73 29.80 30.13 29.50 29.44 29.64 29.42 29.33 28.24 28.72 29.33 29.30 28.28 29.24 29.54 28.91 29.68 29.80 29.05 29.80 28.95 30.00 29.89 30.53 29.91 30.48 29.84 29.74 30.01 29.67 30.21 29.68 30.29 29.43 28.76 29.38 29.67 29.76 28.90 29.15 29.06 30.23 29.43 28.91 28.70 29.70 28.59 29.33 28.71 29.97 28.68 29.58 29.10 29.11 29.12 28.71 29.91 28.07 29.49 29.56 29.37 29.34 27.93 28.97 28.91 29.13 29.04 28.54 27.36 29.08 29.04 29.25
30.43 29.79 30.48 30.00 30.09 30.50 29.96 29.52 30.07 29.77 29.70 30.02 30.14 30.33 30.18 30.14 29.45 29.43 28.66 28.56 29.92 29.97 29.09 29.03 29.69 29.92 30.36 30.12 30.35 29.65 29.84 30.46 30.40 29.88 29.91 30.08 29.48 29.52 28.68 28.01 29.42 29.38 28.95 29.52 28.84 29.66 30.11 29.36 27.91 28.95 29.60 28.01 27.74 29.05 29.28 28.84 28.89 28.40 29.34 28.99 28.45 28.60 26.87 28.55 28.99 27.70 28.39 27.54 28.29 29.42 29.57 27.83 29.16 29.51 28.74 27.64 28.19
30.38 30.47 30.42 30.09 30.30 30.61 30.31 30.38 30.41 29.99 30.00 30.08 30.21 30.03 29.70 29.83 29.73 29.89 28.95 29.65 29.35 30.05 30.04 30.27 29.81 30.04 29.62 30.40 30.02 30.53 29.15 30.31 29.87 29.80 29.73 29.40 29.64 29.98 28.94 28.87 29.20 29.83 29.24 28.76 29.00 28.89 29.15 28.89 28.97 27.94 28.24 26.85 29.00 28.64 28.88 28.93 27.99 28.91 28.16 29.81 28.89 28.70 28.43 28.98 29.19 28.78 28.91 28.79 29.73 27.89 29.70 30.20 30.22 30.42 29.05 28.78 30.30
29.98 30.41 30.48 30.47 30.07 30.27 29.87 29.96 30.07 30.40 30.13 30.12 29.64 30.22 29.36 29.75 29.48 29.92 29.04 28.80 29.93 30.12 29.73 29.86 29.98 29.93 29.24 29.78 29.84 29.35 29.83 29.54 29.52 29.35 29.66 29.08 28.98 29.75 29.97 29.52 29.11 28.79 29.59 29.71 27.89 29.08 28.25 29.06 28.38 29.42 28.27 26.93 28.08 28.94 29.23 27.13 27.88 27.50 29.51 30.21 29.17 29.31 29.37 28.61 29.97 29.21 29.92 29.08 28.89 28.61 28.75 30.21 30.06 29.90 28.45 29.13 29.41
30.22 30.20 30.13 30.20 30.32 30.10 30.52 30.27 29.95 30.36 30.21 30.34 30.24 30.12 29.94 29.36 28.90 29.07 29.59 29.12 29.58 29.52 28.66 29.28 29.16 29.81 29.13 28.42 29.88 28.48 29.18 29.60 30.09 28.90 29.12 29.40 29.28 29.46 28.92 29.65 28.90 28.63 28.26 28.60 29.20 28.34 27.31 28.34 27.30 28.53 30.11 29.27 27.01 28.71 29.73 28.57 28.79 29.00 29.06 29.71 29.33 29.87 29.32 29.97 29.69 29.32 29.49 30.06 28.81 28.75 29.48 29.18 29.80 27.53 29.69 28.37 29.62
29.96 30.36 30.25 29.78 30.34 30.18 29.63 29.93 30.12 30.20 30.36 29.90 30.08 30.08 29.73 29.30 29.99 30.15 29.24 29.78 30.07 29.33 30.20 29.78 28.76 29.99 29.37 28.98 28.80 28.36 29.91 28.57 29.37 29.64 28.24 29.97 29.20 28.92 28.46 28.93 29.81 29.74 27.57 27.84 29.03 29.81 28.91 27.46 28.67 28.56 29.92 29.16 29.49 29.68 29.77 29.22 29.89 29.46 28.95 29.39 29.85 29.66 29.24 28.80 29.34 29.62 30.41 29.52 29.86 28.50 29.75 28.20 28.97 29.02 28.26 28.38 29.74
30.30 30.58 30.15 30.53 29.99 30.27 30.21 30.31 30.06 30.60 29.31 29.80 29.40 29.39 29.98 29.44 29.68 29.73 29.43 28.72 29.96 28.04 29.73 29.44 28.75 29.59 29.48 29.14 29.60 29.89 27.37 28.31 29.22 28.22 28.86 29.08 29.76 29.57 28.84 29.88 29.70 28.16 29.30 28.23 29.15 27.44 28.62 27.94 29.44 29.37 28.77 28.91 28.03 29.66 30.15 30.21 29.71 27.76 28.69 28.61 29.95 29.94 28.83 28.44 29.18 28.87 29.56 29.61 28.78 28.69 28.59 29.67 30.11 28.73 27.99 28.44 29.53
30.23 29.93 30.21 30.23 30.38 29.67 29.79 29.77 29.38 30.35 30.36 29.50 29.53 29.23 29.99 29.15 28.99 29.59 29.41 28.76 30.22 29.64 29.17 29.56 29.94 29.16 29.80 28.74 28.73 29.26 28.40 28.82 28.84 28.39 29.91 28.56 28.75 29.02 28.66 29.82 29.06 29.31 27.51 30.01 28.96 29.55 28.74 29.11 28.91 29.68 29.23 29.01 28.60 29.68 29.86 28.93 28.77 29.27 28.82 29.33 29.84 29.52 29.46 26.52 29.42 29.55 29.80 28.64 26.86 28.18 29.78 30.01 28.55 28.32 29.46 29.65 29.14
29.94 29.23 30.29 30.29 30.19 30.59 29.76 29.54 29.96 30.04 30.14 30.50 29.24 29.49 29.23 29.26 29.38 29.68 29.87 29.23 29.75 29.29 29.58 29.11 29.48 28.40 29.64 29.55 28.57 28.63 28.15 28.03 28.78 28.81 27.94 29.01 29.19 28.60 29.51 29.42 30.08 29.92 30.07 29.83 29.25 29.60 28.76 29.49 28.80 29.36 29.77 29.20 30.13 29.65 29.89 29.37 29.15 30.31 29.60 30.20 28.22 29.20 29.45 28.40 29.31 28.79 29.62 30.48 29.01 28.62 29.06 29.67 29.50 29.93 28.91 28.71 29.52
30.40 30.41 30.55 29.94 29.90 29.52 30.48 30.12 30.37 30.50 30.07 30.13 29.32 29.53 29.54 29.87 29.75 29.03 30.17 29.36 29.00 29.66 29.28 29.62 29.63 29.57 29.12 29.64 28.05 28.45 27.95 28.89 29.43 29.12 29.61 28.83 29.43 28.91 28.81 28.30 29.81 29.07 29.34 29.53 29.13 28.54 29.54 29.79 30.21 28.67 29.25 29.03 30.09 30.04 30.48 28.32 28.99 29.91 30.16 29.85 29.78 29.35 30.65 29.13 29.96 29.69 29.39 29.07 30.19 27.60 29.38 28.98 29.61 29.56 28.30 27.58 28.66
29.85 29.82 30.52 29.72 30.34 30.40 30.42 30.41 30.11 29.82 30.06 29.77 29.37 29.64 30.10 30.07 29.76 30.08 29.53 29.68 28.61 29.51 29.50 29.92 29.42 29.76 29.60 29.33 29.65 28.97 27.84 28.41 28.90 27.11 29.02 29.00 28.24 29.25 28.84 29.51 28.24 29.49 29.43 30.12 28.78 28.96 29.37 29.62 29.77 29.67 29.85 29.41 29.28 29.01 30.45 29.58 29.72 30.16 29.23 30.49 30.06 29.65 30.26 30.13 29.82 30.69 29.85 29.73 29.19 28.25 28.87 29.47 29.56 30.16 28.51 27.81 27.70
30.24 30.44 30.02 30.60 30.35 30.44 29.83 28.92 29.40 30.09 30.19 30.05 30.12 30.15 30.14 29.01 29.58 30.00 29.57 30.11 29.62 30.02 29.78 29.87 29.15 29.71 30.14 29.58 30.04 29.45 29.83 29.20 28.69 29.36 28.48 29.05 29.56 28.75 29.61 29.57 28.90 29.24 29.37 28.94 29.52 29.53 29.34 29.68 29.46 29.98 29.88 29.79 29.01 29.48 30.29 30.10 29.12 29.38 29.18 30.09 30.47 29.82 29.42 29.70 29.17 29.84 29.97 30.04 29.78 28.87 28.76 29.33 29.13 29.84 29.90 27.69 28.71
30.21 30.12 30.20 30.52 30.19 29.50 29.46 30.03 29.97 30.28 30.26 30.05 29.64 30.17 30.19 30.26 30.23 30.08 30.03 29.71 30.00 30.23 29.48 30.25 29.87 30.11 29.49 30.36 29.23 29.45 29.63 28.72 28.71 29.19 28.97 29.44 29.28 29.36 29.47 29.01 28.75 29.86 29.11 29.79 29.70 29.74 29.43 29.77 30.17 29.71 29.89 29.88 29.23 29.32 29.93 30.19 27.44 29.02 29.82 29.48 29.85 29.19 28.69 28.73 29.33 30.15 28.43 29.52 29.08 28.80 29.01 28.32 28.90 29.45 28.87 28.97 28.25
29.86 30.30 30.28 29.97 30.29 29.48 29.37 29.73 30.09 29.78 29.98 30.52 30.44 29.36 30.22 30.60 29.88 29.82 30.25 30.27 30.18 29.99 29.61 29.79 29.22 29.81 29.92 29.60 29.53 28.52 29.47 29.19 29.49 29.58 29.40 28.68 29.05 30.00 29.24 29.61 29.64 29.31 28.60 29.62 28.61 29.93 29.05 30.43 28.89 29.31 29.70 29.49 28.48 28.53 29.58 29.71 29.79 28.41 29.52 28.92 29.36 28.92 28.11 28.77 29.43 29.18 28.84 29.68 29.32 28.59 28.86 29.83 29.58 28.69 28.53 30.56 29.94
29.86 30.43 30.12 30.37 29.72 30.30 29.33 30.28 29.77 30.12 30.15 29.99 30.48 29.89 29.85 30.27 30.21 29.48 29.89 29.72 30.17 29.84 28.96 29.78 29.72 28.84 29.55 29.34 28.99 30.07 30.12 28.18 29.58 29.89 29.43 29.47 29.08 29.59 29.55 29.66 29.69 27.84 29.43 30.33 29.63 30.27 29.40 29.45 28.66 28.31 29.12 29.62 29.41 28.96 28.39 28.97 27.87 28.27 28.63 27.60 30.28 28.39 28.95 28.30 28.44 30.23 29.51 30.04 30.03 29.73 29.92 29.05 29.81 29.15 29.65 29.71 30.80
