main/data/irradiance/16.09.2023.grid
ncols 839
nrows 679
xllcenter 112.0500
yllcenter -43.9500
cellsize 0.0500
nodata_value 99999.90
[rows 238 to 271 of 679, columns 539 to 615 of 839]
23.22 23.18 23.15 23.29 23.34 23.29 23.27 23.26 23.20 23.18 23.20 23.27 23.17 23.23 23.26 23.27 23.28 23.23 23.18 23.21 22.98 22.99 22.92 23.01 23.07 23.03 23.05 23.31 23.30 23.24 23.25 23.23 23.27 23.24 22.97 23.00 23.07 23.21 23.06 23.12 23.17 23.24 23.21 23.06 23.24 23.27 23.23 23.25 23.29 23.17 23.14 23.26 23.22 23.12 23.16 23.25 23.24 23.21 23.18 23.04 23.08 23.25 23.28 23.18 23.12 23.05 23.09 22.89 22.94 22.98 22.96 22.94 23.06 23.05 23.13 23.12 23.23
23.26 23.22 23.26 23.34 23.30 23.32 23.36 23.30 23.26 23.26 23.15 23.15 23.11 23.14 23.24 23.25 23.27 23.23 23.21 23.11 22.99 23.13 22.96 23.01 23.09 23.03 23.05 23.18 23.30 23.19 23.24 23.33 23.35 23.23 23.00 23.18 23.08 23.17 23.17 23.12 23.22 23.15 23.15 23.06 23.24 23.30 23.22 23.28 23.28 23.04 23.14 23.25 23.25 23.16 23.21 23.29 23.23 23.16 23.16 23.06 23.22 23.28 23.25 23.20 23.09 23.06 23.05 22.91 22.88 22.87 22.89 22.98 23.15 23.33 23.25 23.08 23.20
23.20 23.28 23.30 23.28 23.26 23.25 23.30 23.28 23.21 23.16 23.20 23.20 23.12 23.05 23.07 23.12 23.14 23.07 23.06 23.06 23.12 23.18 23.23 23.04 23.06 23.04 23.09 23.13 23.08 23.13 23.16 23.21 23.22 23.20 23.05 23.10 23.16 23.06 22.98 23.08 23.24 23.21 23.14 22.98 23.19 23.25 23.20 23.25 23.24 22.98 22.96 23.14 23.25 23.21 23.24 23.05 23.14 23.24 23.22 23.07 23.22 23.26 23.24 23.16 23.04 22.89 22.84 22.78 22.84 22.88 22.95 23.02 23.07 23.16 23.21 23.07 23.04
23.15 23.29 23.31 23.27 23.24 23.35 23.33 23.23 23.22 23.25 23.22 23.22 23.17 23.19 23.04 22.99 22.98 22.98 23.01 22.98 23.02 23.13 23.17 23.12 23.05 23.13 23.18 23.21 23.09 23.17 23.25 23.28 23.18 23.06 23.24 22.91 23.05 22.82 22.98 23.21 23.23 23.19 23.06 22.95 23.21 23.21 23.15 23.22 23.11 23.01 23.00 23.18 23.09 23.15 23.06 22.94 23.03 23.20 23.21 23.06 23.25 23.25 23.21 23.19 23.08 23.01 22.91 22.76 22.76 22.87 22.85 22.93 23.13 23.13 23.06 23.01 23.01
23.13 23.20 23.15 23.17 23.12 23.24 23.23 23.25 23.17 23.22 23.22 23.26 23.25 23.20 23.20 23.13 22.94 23.03 23.01 22.96 22.97 22.98 23.04 23.24 23.03 23.11 23.17 23.14 23.06 23.08 23.25 23.17 23.18 23.05 22.97 22.95 22.98 22.81 22.97 23.05 23.13 23.04 22.89 22.95 23.08 23.17 23.03 23.00 23.01 23.05 22.96 22.99 22.98 23.03 23.10 23.03 23.01 23.12 23.19 23.09 23.17 23.19 23.21 23.14 23.08 22.99 22.94 22.88 22.72 22.81 22.93 22.97 23.02 23.07 23.01 22.99 23.03
23.07 23.06 23.03 23.02 23.12 23.19 23.21 23.18 23.11 23.20 23.20 23.22 23.18 23.17 23.20 23.11 22.98 22.96 23.04 22.97 22.97 22.98 22.99 23.08 23.17 23.07 23.13 23.17 23.22 23.15 23.16 23.11 23.16 23.16 23.02 22.96 22.93 22.96 22.98 22.90 22.92 22.90 22.98 22.97 23.13 23.16 22.95 22.95 22.95 23.07 23.00 22.94 23.02 23.14 23.00 23.04 23.10 23.10 23.19 23.07 23.21 23.19 23.20 23.18 23.16 23.03 23.03 22.96 22.80 22.91 22.95 22.98 23.03 23.13 23.05 23.01 23.09
23.05 22.96 22.96 23.07 23.15 23.18 23.22 23.18 23.11 23.15 23.12 23.09 23.18 23.18 23.18 23.21 23.17 22.99 22.96 22.94 22.99 23.01 22.92 22.93 23.20 23.07 23.13 23.22 23.20 23.17 23.12 23.10 23.07 23.08 22.94 22.93 22.96 23.12 23.08 23.07 23.06 23.05 23.17 23.14 23.15 23.04 22.81 22.88 22.96 22.92 23.02 23.03 23.01 23.16 22.93 23.06 23.05 23.15 23.18 23.15 23.18 23.23 23.23 23.21 23.10 22.99 23.01 22.97 22.86 22.95 22.95 23.01 23.07 23.11 22.96 22.92 23.00
22.95 22.95 23.02 23.15 23.17 23.22 23.22 23.17 23.14 23.10 23.09 23.09 23.13 23.17 23.19 23.17 23.19 23.13 22.93 23.00 23.10 22.93 22.89 22.94 23.07 23.11 23.21 23.21 23.18 23.14 23.14 23.18 23.09 23.03 22.89 22.92 23.01 23.19 23.23 23.20 23.22 23.22 23.09 22.99 23.03 22.90 22.88 22.90 22.91 22.94 22.99 23.05 23.08 23.05 23.13 23.18 23.10 23.03 23.10 23.13 23.23 23.21 23.22 23.21 23.19 23.11 23.07 23.00 22.89 23.02 22.94 22.94 23.18 23.15 22.92 23.04 23.11
23.00 22.98 23.07 23.05 23.18 23.21 23.19 23.17 23.15 23.03 23.06 23.04 23.09 23.15 23.20 23.18 23.14 23.10 22.98 22.84 22.98 22.89 22.85 23.01 23.15 23.11 23.16 23.19 23.15 23.14 23.15 23.14 23.06 22.90 23.06 23.05 23.08 23.20 23.19 23.21 23.15 23.17 23.12 22.83 22.87 22.88 22.96 22.87 22.96 23.00 22.98 22.91 22.92 22.99 22.93 23.09 23.18 23.12 23.00 23.21 23.22 23.12 23.17 23.19 23.19 23.10 23.00 22.93 22.84 22.88 22.92 22.88 23.06 23.08 23.06 22.95 23.20
22.99 23.03 23.02 23.04 23.15 23.17 23.16 23.18 23.13 23.03 23.03 23.04 23.17 23.16 23.20 23.19 23.08 23.19 22.99 22.87 22.87 22.72 22.79 23.03 23.03 22.99 23.05 23.15 23.12 23.17 23.11 23.06 22.91 22.83 23.17 23.10 23.05 23.08 23.13 23.16 23.20 23.16 23.11 22.99 22.83 22.99 22.99 23.05 22.96 22.97 22.87 22.78 22.89 23.03 22.87 23.06 23.12 23.14 23.05 23.14 23.19 23.13 23.20 23.19 23.16 23.18 23.08 22.94 22.81 23.07 23.14 22.90 22.91 22.96 22.98 22.97 23.12
22.88 23.01 23.07 23.14 23.19 23.16 23.18 23.21 23.15 23.07 23.12 23.14 23.22 23.23 23.19 23.27 23.18 23.22 23.05 23.01 22.77 22.74 22.89 23.07 23.05 22.94 23.15 23.22 23.16 23.12 22.96 22.91 22.81 22.91 23.00 23.03 23.00 23.00 23.09 23.25 23.21 23.13 23.11 23.10 22.89 22.90 22.98 22.90 22.84 22.93 22.78 22.87 22.89 22.93 23.15 23.10 23.16 23.02 23.04 23.16 23.04 23.15 23.17 23.17 23.16 23.10 23.03 22.90 23.03 23.06 23.09 23.02 22.94 22.89 22.82 22.87 22.94
23.01 23.06 23.10 23.23 23.25 23.21 23.26 23.22 23.20 23.07 23.10 23.11 23.12 23.10 23.20 23.11 23.07 23.20 23.13 23.02 22.80 22.85 22.78 22.95 23.11 23.24 23.18 23.18 23.13 23.09 22.89 22.90 22.90 23.02 22.99 22.98 22.95 23.10 23.20 23.16 23.16 23.11 23.05 23.02 22.86 22.84 22.84 22.76 22.79 22.80 22.83 22.97 23.00 23.03 22.89 23.01 23.15 23.04 23.13 23.13 22.98 23.15 23.19 23.22 23.18 23.13 22.93 22.94 23.05 23.04 22.99 23.06 22.97 22.87 22.92 22.77 22.95
23.03 23.10 23.17 23.19 23.27 23.25 23.24 23.20 23.18 23.12 23.12 23.09 23.18 23.07 23.24 23.25 23.00 23.03 23.03 23.04 22.85 22.95 22.92 22.95 23.15 23.21 23.14 23.06 23.16 23.09 22.97 22.85 23.13 23.21 23.02 23.00 22.99 23.02 23.06 23.18 23.16 23.05 23.13 23.02 22.81 22.72 22.78 22.81 22.84 22.79 22.85 23.03 23.12 23.14 23.05 22.89 23.05 23.05 23.16 23.10 22.98 23.11 23.17 23.19 23.18 23.15 22.95 23.01 23.13 23.07 22.97 22.87 23.01 23.08 23.15 23.09 23.12
23.09 23.18 23.18 23.22 23.21 23.14 23.21 23.27 23.15 23.19 23.08 23.12 23.23 23.12 23.11 23.12 23.17 23.09 23.14 23.12 22.93 23.03 22.96 22.98 23.01 23.16 23.20 23.06 23.13 23.03 23.07 22.92 23.26 23.22 22.96 23.04 23.00 23.06 23.20 23.17 23.07 23.09 23.09 23.02 22.85 22.70 22.72 22.90 22.88 22.89 22.79 22.84 22.97 23.04 23.08 23.11 23.06 22.94 23.02 23.01 22.96 23.09 23.15 23.12 23.11 23.06 23.01 23.12 23.09 22.89 22.81 22.89 23.16 22.98 22.96 23.06 23.20
23.13 23.07 23.11 23.16 23.18 23.11 23.21 23.23 23.13 23.14 23.06 23.15 23.18 23.11 23.14 23.13 23.10 23.12 23.17 23.10 23.01 22.94 22.87 23.00 22.94 22.96 23.09 23.06 23.04 23.02 23.12 23.00 23.21 23.07 23.08 23.05 23.08 23.07 23.11 23.09 23.00 23.06 23.04 22.99 22.87 22.86 22.83 22.80 22.92 22.97 22.83 22.79 22.99 23.00 23.04 23.09 23.11 23.09 22.93 22.84 23.03 23.02 23.10 23.12 22.91 22.94 23.06 23.07 22.90 22.82 22.82 23.04 23.16 23.00 22.85 23.02 23.08
23.08 23.06 23.03 23.08 23.12 23.18 23.16 23.12 23.18 23.21 23.10 23.00 23.15 23.10 23.06 23.14 23.17 23.12 23.09 23.03 23.00 22.90 22.87 23.08 23.03 22.95 22.93 22.96 23.00 22.95 23.15 23.08 22.96 23.00 23.10 23.02 23.04 22.98 22.96 22.97 22.97 23.03 23.02 23.03 22.92 22.89 22.89 22.83 22.82 22.88 22.79 22.81 22.92 23.02 23.02 23.06 23.08 23.13 23.05 22.92 22.90 23.01 22.95 22.93 22.90 23.05 23.19 23.02 22.85 22.79 22.85 23.07 23.12 22.89 22.93 23.02 23.05
23.11 23.03 23.00 23.07 22.98 23.09 23.01 23.17 23.21 23.19 22.87 22.84 23.02 23.15 23.03 22.96 23.15 23.15 23.13 23.08 23.01 22.97 22.87 23.04 23.05 22.95 23.03 22.91 22.91 22.86 22.98 22.99 22.89 22.94 23.11 23.00 22.98 22.95 22.93 22.95 22.99 23.10 23.08 22.95 22.91 22.86 22.85 22.82 22.86 22.88 22.85 22.79 22.93 22.91 22.92 22.88 22.91 22.96 22.91 22.90 22.87 22.92 22.75 22.85 22.94 23.02 23.17 22.86 22.83 22.79 22.92 23.13 23.06 22.95 22.88 22.97 23.02
23.18 23.10 23.05 23.13 22.94 22.93 23.03 23.15 23.21 23.02 22.96 22.87 22.87 23.01 23.17 23.06 23.12 23.09 23.13 23.00 22.96 23.00 23.09 23.17 23.09 23.01 22.98 22.99 22.94 22.82 22.92 22.85 22.79 22.86 23.14 23.00 23.03 23.04 23.03 23.04 23.06 23.07 22.97 22.95 22.89 22.92 22.92 22.88 22.88 22.84 22.83 22.89 22.85 22.93 22.94 22.99 22.84 22.83 22.91 22.86 22.86 22.86 22.94 22.89 22.84 22.93 23.01 22.79 22.77 22.78 22.98 23.08 23.00 22.91 22.88 22.98 22.96
23.14 23.14 23.09 23.06 22.89 22.91 22.95 22.88 23.08 23.13 22.97 23.06 22.93 23.02 23.11 23.07 23.07 23.00 23.00 22.93 22.90 23.04 23.17 23.15 23.03 22.82 22.66 23.10 22.96 22.87 23.04 22.90 22.87 22.93 22.94 23.02 23.01 23.10 23.05 23.08 22.99 23.01 23.03 23.01 22.93 22.88 22.88 22.88 22.81 22.86 22.91 22.93 22.95 22.88 22.98 22.99 22.79 22.84 22.81 22.72 22.82 22.91 22.90 23.09 23.00 23.02 22.77 22.75 22.86 22.98 23.05 22.98 23.00 22.94 22.88 22.87 22.85
23.13 23.14 23.10 23.05 22.93 23.07 23.08 23.05 22.96 23.00 22.95 23.02 22.91 23.01 23.13 23.09 23.09 23.00 22.98 22.89 22.93 23.06 23.34 23.18 23.04 22.93 22.81 22.99 22.90 22.92 22.96 22.93 23.07 22.99 23.03 23.02 23.08 23.16 23.05 23.00 22.92 22.89 22.91 22.93 23.00 22.96 22.95 22.98 22.94 23.03 23.04 23.00 22.75 22.85 23.00 23.05 22.85 22.79 22.80 22.80 22.85 22.88 23.02 23.04 23.04 22.96 22.81 22.77 22.92 23.07 23.06 23.02 23.06 23.05 22.83 22.82 22.83
23.06 23.06 23.09 22.97 22.92 23.13 23.10 22.91 22.88 23.03 23.02 22.98 22.92 22.89 23.06 23.03 22.93 22.91 22.85 22.89 22.86 22.97 23.05 23.08 23.04 22.94 22.87 22.88 22.93 22.88 23.00 22.98 22.99 22.95 23.02 23.01 22.98 23.06 23.03 22.91 22.85 22.91 22.81 22.83 23.04 23.02 23.02 22.94 23.05 23.02 22.93 22.86 22.73 22.82 22.94 23.06 22.84 22.63 22.80 22.82 22.77 22.73 22.79 22.83 22.99 22.93 22.73 22.88 22.98 23.07 22.96 22.87 22.90 22.93 22.83 22.78 22.79
22.77 22.80 22.61 22.60 23.08 23.10 23.17 22.71 22.34 22.59 22.90 22.91 22.90 22.88 23.13 23.08 22.88 22.83 22.85 22.90 22.93 22.87 22.84 22.98 22.87 22.88 22.90 22.87 22.88 22.89 22.94 22.91 22.95 22.97 23.09 23.13 23.08 23.07 22.88 22.89 22.91 22.81 22.85 22.91 23.04 23.06 23.07 23.01 23.06 22.99 22.87 22.83 22.69 22.72 22.92 22.75 22.62 22.66 22.73 22.74 22.77 22.76 22.79 22.70 22.85 22.96 22.83 22.92 23.03 23.06 23.00 22.93 22.93 22.89 22.88 22.85 22.79
22.36 22.46 22.56 22.41 22.45 22.73 22.75 22.46 21.95 22.03 22.18 22.34 22.89 23.01 23.07 23.05 22.82 22.87 22.91 22.91 22.96 22.96 22.85 22.82 22.73 22.87 22.93 22.85 22.83 22.86 22.91 23.01 23.00 23.03 23.17 23.09 23.07 22.98 22.83 22.80 22.85 22.84 22.93 22.90 23.03 23.04 23.04 23.02 23.02 22.92 22.88 22.76 22.66 22.72 22.66 22.67 22.73 22.69 22.72 22.71 22.84 22.87 22.91 22.87 22.84 22.88 22.77 22.89 23.05 22.97 23.07 23.02 23.06 22.96 22.98 22.89 22.69
22.83 22.71 22.35 22.14 22.00 21.82 21.91 21.78 22.59 22.57 22.01 22.19 22.72 22.75 22.97 22.97 22.80 22.89 22.96 22.94 22.99 22.90 22.81 22.84 22.78 22.86 22.85 22.85 22.81 22.88 22.99 23.02 23.02 23.11 23.14 23.14 23.09 22.99 22.88 22.92 22.95 22.94 22.95 22.80 22.84 22.84 22.97 22.92 22.90 22.77 22.66 22.76 22.85 22.74 22.71 22.77 22.77 22.74 22.75 22.84 22.85 22.80 22.75 22.81 22.95 22.93 22.79 22.91 22.92 22.94 23.05 22.96 23.05 23.07 23.09 22.96 22.81
22.93 22.97 23.01 22.97 22.95 22.80 22.61 22.73 23.09 23.03 22.58 22.16 22.71 22.70 22.86 22.81 22.86 22.78 22.85 22.80 23.09 22.96 22.96 23.00 22.96 22.84 22.77 22.69 22.73 22.73 22.88 22.96 22.95 23.03 23.06 23.05 22.99 22.86 22.81 22.83 22.93 22.86 22.77 22.77 22.88 22.80 22.79 22.89 22.70 22.64 22.77 22.74 22.80 22.76 22.78 22.71 22.88 22.97 22.95 22.89 22.77 22.75 22.76 22.86 22.96 22.88 22.99 22.87 22.74 22.90 23.03 22.91 23.04 23.03 22.93 22.87 22.79
23.08 23.11 23.10 23.08 23.07 23.10 23.08 23.08 23.03 22.91 22.86 22.22 22.29 22.83 22.83 22.79 22.86 22.78 22.90 22.88 22.98 23.02 23.02 23.06 22.89 22.87 22.91 22.84 22.84 22.86 22.87 22.90 22.96 23.01 23.05 23.03 22.94 22.79 22.80 22.80 22.81 22.84 22.87 22.88 22.92 22.80 22.78 22.76 22.66 22.67 22.66 22.76 22.84 22.68 22.78 23.02 23.11 23.09 22.92 22.94 22.89 22.94 22.88 22.98 22.96 22.98 23.08 22.91 22.76 22.94 22.97 23.03 23.04 23.00 22.87 22.90 22.92
23.10 23.01 23.10 23.12 23.09 23.11 23.12 23.08 22.93 23.04 23.04 22.96 22.19 22.71 22.87 22.85 22.93 22.98 22.90 22.85 23.00 23.13 23.09 22.94 23.06 22.97 22.97 22.91 22.91 22.94 22.94 22.87 22.81 22.92 22.98 22.87 22.90 22.80 22.76 22.82 22.83 22.79 22.84 22.90 22.76 22.81 22.87 22.81 22.69 22.66 22.71 22.70 22.71 22.77 23.07 23.11 23.09 23.08 23.02 22.96 22.97 22.86 22.91 23.01 22.92 23.01 22.95 22.78 22.88 22.95 22.90 22.99 23.06 23.01 22.92 22.98 23.03
23.05 22.99 23.01 23.04 23.04 23.05 23.06 23.12 23.07 23.05 22.99 22.93 22.54 22.26 22.79 22.83 22.91 23.11 22.94 22.90 22.97 22.97 22.90 22.97 23.04 23.05 22.94 22.95 22.92 22.92 22.93 22.87 22.87 22.95 22.93 22.92 22.93 22.89 22.87 22.84 22.89 22.87 22.85 22.76 22.81 22.97 22.92 22.83 22.71 22.75 22.70 22.76 22.84 23.01 23.11 23.09 23.09 23.11 23.08 23.04 23.04 22.97 23.03 22.92 22.87 22.96 22.85 22.82 22.88 22.88 22.87 22.98 23.04 23.01 22.97 23.00 23.05
23.12 23.04 23.08 22.97 22.99 23.06 23.14 23.23 23.14 23.05 22.99 22.96 22.87 22.36 22.27 22.49 22.68 22.60 22.68 22.84 22.84 22.81 22.91 22.93 22.97 22.95 22.91 22.96 22.99 22.92 22.91 22.91 22.90 22.92 22.98 23.02 22.96 22.96 22.93 22.93 22.89 22.83 22.82 22.74 22.75 22.72 22.86 22.77 22.75 22.70 22.72 22.76 22.86 22.98 23.13 23.09 23.10 23.07 23.08 23.06 23.04 23.06 22.93 22.92 23.00 22.91 22.95 22.99 22.92 22.82 22.88 22.95 23.06 23.03 22.99 22.98 23.07
23.04 23.02 22.95 22.89 23.09 23.14 23.07 23.12 23.10 23.03 22.99 22.94 22.90 22.55 22.09 21.99 22.45 22.51 22.66 22.79 22.82 22.84 22.86 22.86 22.89 22.94 22.92 22.94 22.96 22.97 22.92 22.97 22.91 22.91 23.00 23.08 22.96 22.90 22.99 22.94 22.90 22.89 22.83 22.71 22.69 22.61 22.72 22.62 22.61 22.74 22.71 22.82 22.88 23.00 23.15 23.06 23.05 23.08 23.05 23.07 23.05 22.99 22.95 22.96 22.99 22.92 22.83 22.93 22.88 22.80 22.79 22.98 23.06 23.01 22.96 23.01 22.96
22.87 22.91 22.92 22.95 23.11 23.08 23.05 23.01 22.96 23.02 23.01 22.91 22.92 22.41 22.14 21.99 22.24 22.58 22.73 22.85 22.89 22.88 22.95 22.84 22.91 22.94 22.92 22.92 22.91 22.96 22.94 22.89 22.76 22.88 22.97 22.99 22.89 22.84 22.96 23.04 22.92 23.04 22.95 22.84 22.77 22.61 22.67 22.65 22.75 22.77 22.85 22.92 22.96 22.98 23.05 23.09 23.10 23.11 23.11 23.08 23.01 22.98 22.94 22.93 22.97 22.90 22.91 23.01 22.80 22.86 22.87 22.97 22.99 22.95 22.95 22.97 22.98
22.72 22.86 22.79 22.99 23.14 23.12 23.02 23.01 22.88 22.94 22.98 22.90 22.89 22.49 22.14 21.95 22.12 22.54 22.59 22.83 22.77 22.90 22.85 22.87 22.90 22.91 22.89 22.94 22.88 22.89 22.90 22.90 22.76 22.95 22.92 22.92 22.82 22.79 22.81 22.77 22.83 22.83 22.70 22.74 22.77 22.62 22.68 22.69 22.73 22.95 22.99 22.82 22.74 22.91 23.11 23.13 23.08 23.13 23.12 23.06 22.98 22.96 22.92 22.90 22.93 22.91 22.86 22.99 22.82 22.88 22.88 22.84 22.88 22.95 22.95 22.95 22.97
22.92 22.92 22.81 22.92 23.09 23.10 23.05 23.00 22.96 22.99 23.00 22.95 22.95 22.84 22.04 21.90 22.05 22.39 22.58 22.75 22.76 22.76 22.74 22.84 22.91 22.99 22.97 23.00 22.93 22.89 22.90 22.93 22.92 22.88 22.92 22.67 22.74 22.61 22.73 22.71 22.71 22.73 22.63 22.66 22.72 22.67 22.62 22.66 23.00 22.98 22.98 22.85 22.82 22.75 22.96 23.15 23.16 23.14 23.11 23.10 23.05 23.01 22.99 22.94 22.95 22.93 22.98 23.04 22.95 22.89 22.89 22.88 22.96 22.94 22.97 22.97 22.94
22.85 22.73 22.75 22.93 23.09 23.05 23.07 22.98 22.98 23.01 22.98 22.92 22.90 22.54 22.13 22.02 22.13 22.39 22.64 22.75 22.78 22.76 22.76 22.75 22.84 22.86 22.96 22.96 22.94 22.90 22.87 22.89 22.93 22.86 22.86 22.71 22.63 22.76 22.69 22.74 22.70 22.79 22.60 22.62 22.64 22.62 22.76 22.66 22.77 22.84 22.75 22.92 23.01 23.01 23.07 23.06 23.02 23.03 23.05 23.04 23.01 22.88 22.88 22.86 22.80 22.99 22.95 22.98 22.88 23.00 22.99 22.97 22.95 22.96 22.95 22.96 22.95
