main/data/irradiance/16.02.2023.grid
ncols 839
nrows 679
xllcenter 112.0500
yllcenter -43.9500
cellsize 0.0500
nodata_value 99999.90
[rows 204 to 237 of 679, columns 231 to 307 of 839]
23.96 24.83 25.00 24.75 23.62 23.75 23.04 22.77 23.82 25.12 25.21 23.80 24.29 24.42 24.23 25.05 24.91 24.62 25.45 27.22 27.43 27.13 27.28 26.38 25.22 25.77 26.25 27.65 27.92 24.97 25.58 26.09 25.40 26.69 26.32 25.98 25.91 26.57 25.69 25.83 26.74 26.94 25.68 25.39 26.18 25.63 23.86 24.71 27.59 26.39 24.61 24.96 25.71 27.65 26.88 25.23 25.09 23.67 24.37 25.51 24.34 25.85 24.13 24.56 24.69 23.99 25.29 25.13 25.53 24.65 23.59 23.15 26.28 28.33 28.46 28.75 28.43
23.27 25.66 25.85 23.23 22.48 24.00 23.94 23.29 24.57 25.59 24.37 24.69 24.07 24.50 23.94 25.25 24.40 25.01 25.38 26.61 25.27 25.57 27.35 27.04 25.66 25.30 25.72 27.01 28.31 28.10 27.54 26.23 27.11 26.34 25.88 25.46 24.45 25.65 25.81 26.76 26.75 26.43 25.32 26.67 26.50 26.11 25.14 24.74 27.05 25.86 22.29 24.93 26.36 27.84 26.92 25.98 25.91 25.35 25.59 25.08 23.20 23.44 24.16 25.41 24.50 24.28 25.74 25.06 26.45 24.87 24.53 25.20 27.33 27.59 27.67 27.99 28.34
23.28 25.79 25.53 24.79 24.24 24.74 25.31 24.87 24.66 25.61 25.88 23.57 24.28 25.97 24.35 23.40 24.10 24.01 23.95 25.21 24.10 26.53 26.16 26.01 27.67 27.10 26.61 26.21 26.24 26.56 27.94 26.42 26.96 27.40 27.08 26.85 25.48 24.68 26.19 27.32 27.76 26.79 26.35 26.36 26.69 26.44 25.09 25.41 25.07 25.73 24.90 24.21 26.29 25.15 25.54 27.04 26.34 25.77 25.77 25.89 22.21 22.41 25.76 22.73 25.07 25.55 25.44 25.25 25.79 25.99 25.16 26.83 27.42 27.32 25.24 26.94 28.11
24.33 25.54 26.43 25.52 23.98 25.13 27.19 27.10 25.42 24.29 23.62 22.38 24.32 24.69 27.00 25.35 23.67 22.46 22.65 24.37 25.06 25.83 26.98 25.97 26.49 27.20 27.67 25.73 26.02 25.89 26.98 27.77 27.50 27.03 26.85 26.35 28.12 26.58 25.61 26.28 26.16 26.28 25.64 26.32 27.28 26.75 25.64 27.03 26.18 25.23 24.77 25.77 26.33 25.48 25.27 26.82 27.82 24.71 24.64 25.51 22.52 23.11 20.83 22.67 25.74 27.39 26.13 24.22 27.35 26.78 28.06 27.40 27.01 27.18 25.93 27.89 28.26
25.33 26.09 25.64 24.73 23.85 23.27 23.00 25.60 25.21 23.07 23.01 24.47 23.26 23.75 24.94 26.41 23.54 22.70 22.95 23.00 25.91 26.83 26.85 27.27 25.13 25.18 24.84 25.68 25.99 26.25 25.63 26.96 27.52 27.82 27.52 25.77 27.83 28.27 28.10 25.90 24.22 25.94 26.60 27.32 27.76 27.38 26.09 28.05 26.89 24.19 23.82 26.33 25.20 25.44 24.79 25.87 28.07 25.33 25.36 25.97 22.79 22.34 23.23 23.27 25.25 23.79 23.90 25.19 26.42 27.30 27.50 26.30 27.33 26.91 26.44 25.47 27.58
24.24 25.17 24.23 23.88 23.51 23.57 22.77 24.99 25.09 24.57 24.43 23.42 23.13 24.01 23.03 24.98 22.70 22.20 23.29 25.12 25.94 26.15 27.03 27.61 27.90 26.50 26.95 26.40 26.89 27.14 26.51 25.96 25.00 25.75 25.64 26.91 27.19 28.00 27.75 26.97 24.60 25.08 27.50 27.68 28.16 27.35 25.50 27.48 26.95 25.93 25.85 26.78 24.48 25.07 25.36 26.77 26.35 24.51 26.91 25.61 23.58 22.94 22.91 23.22 23.85 23.17 21.00 25.27 26.79 25.26 25.74 27.01 28.46 26.75 26.95 26.22 26.02
26.16 24.97 25.38 25.38 25.95 25.69 24.15 24.04 25.30 25.47 26.13 24.40 24.07 23.65 23.64 24.35 22.47 24.52 23.07 25.16 26.67 25.80 26.58 26.94 26.57 27.08 27.44 27.39 27.68 26.96 26.59 24.44 23.79 24.68 25.66 26.05 27.18 26.44 26.57 27.36 26.36 25.60 26.63 26.75 26.88 26.90 26.15 26.70 25.78 24.77 25.25 24.41 23.09 25.14 25.45 24.83 25.54 25.42 27.43 26.91 24.74 23.94 24.64 22.81 24.33 24.41 22.51 25.93 25.75 23.49 26.68 25.57 28.37 27.78 26.24 25.67 26.71
25.74 26.43 26.60 26.75 26.69 26.44 26.74 26.32 26.69 26.50 27.36 27.81 26.73 24.93 25.02 26.14 23.73 23.20 23.49 24.72 27.82 26.74 26.82 27.50 25.89 26.49 26.91 27.48 27.79 28.18 27.93 26.01 25.82 27.19 27.51 26.55 26.09 27.05 23.76 25.36 27.31 25.42 25.74 24.90 26.07 26.03 26.75 26.46 24.49 24.83 25.36 26.02 23.55 23.92 24.88 24.15 25.11 26.07 27.54 27.90 26.61 27.09 25.38 24.29 25.34 25.16 24.43 25.99 26.56 25.78 27.79 26.02 27.44 27.23 27.15 24.97 26.72
25.99 26.28 26.75 26.79 25.80 24.98 26.48 27.63 24.63 25.80 26.56 26.53 26.80 26.98 26.46 26.26 24.53 24.42 24.27 25.27 26.72 25.19 26.01 26.91 25.88 26.37 27.10 26.79 27.27 27.88 27.99 26.80 27.35 27.55 27.48 27.41 26.37 27.16 25.17 26.11 27.57 27.39 27.30 25.74 26.64 26.51 26.87 26.88 24.36 25.27 25.17 25.27 25.60 25.63 24.89 24.03 24.81 25.50 26.86 26.81 26.56 26.10 25.16 24.55 25.77 26.71 25.86 25.66 26.98 25.63 27.52 27.42 25.96 27.23 27.27 26.28 26.77
25.87 26.25 24.93 25.47 25.21 24.73 24.20 24.93 26.10 26.38 26.45 25.38 27.25 27.34 25.20 25.29 25.12 25.94 25.29 24.94 24.75 26.08 26.96 26.64 25.88 27.04 26.56 26.58 27.46 27.49 27.93 27.81 25.89 25.45 26.90 27.49 27.50 26.92 28.12 26.50 26.88 26.48 26.95 26.86 27.64 26.01 24.86 26.15 25.98 26.22 26.25 24.14 26.17 24.89 26.27 24.92 24.49 23.35 25.21 25.22 25.71 25.21 25.48 24.60 25.20 26.18 23.90 23.76 25.66 24.27 26.86 26.85 26.42 27.86 27.58 26.93 28.13
27.25 26.83 25.17 24.72 25.30 25.36 26.49 25.99 26.06 26.05 25.94 27.40 26.43 27.63 26.30 26.32 26.36 24.88 25.42 24.50 27.22 28.19 27.25 26.40 26.36 26.99 26.75 26.66 27.96 27.24 26.63 26.05 25.91 27.50 26.71 26.62 27.21 27.74 28.28 27.71 26.60 26.07 27.18 27.61 27.47 26.99 26.85 27.84 26.42 26.51 26.53 25.05 25.87 25.10 25.86 23.96 24.05 23.68 23.26 23.83 24.35 24.53 25.52 25.46 26.89 26.68 23.18 24.14 25.83 25.23 26.96 26.76 26.36 27.97 27.62 27.36 27.07
25.20 26.72 26.29 25.79 26.45 26.15 27.15 26.70 26.05 25.29 27.13 27.73 26.04 26.55 26.67 26.57 27.75 25.95 26.87 25.91 26.12 27.51 28.22 28.15 27.43 27.35 27.15 27.12 27.09 27.06 27.55 27.06 26.23 28.02 27.32 25.26 24.96 27.53 27.75 27.73 27.97 26.99 27.13 26.50 26.60 27.05 26.64 27.47 27.76 27.52 26.19 25.23 25.09 25.60 24.00 24.00 25.15 23.69 22.57 23.60 24.85 23.05 22.95 25.84 25.02 26.86 24.72 24.45 25.45 27.23 26.98 26.78 27.64 27.66 27.76 27.49 25.30
25.14 26.54 27.42 26.74 26.37 26.42 26.44 24.59 26.08 26.67 26.09 25.64 26.28 26.15 26.49 27.46 27.45 25.43 26.25 25.20 27.28 27.92 28.02 27.62 27.38 26.91 27.43 27.62 26.87 26.62 26.34 27.02 26.18 26.43 26.52 23.99 26.78 26.40 26.59 27.20 27.64 27.20 25.99 24.43 25.14 26.19 27.26 27.59 27.61 27.99 27.22 26.89 25.32 25.29 23.43 23.54 25.89 23.55 23.19 25.05 23.81 25.22 25.13 25.70 24.46 24.74 22.65 22.84 25.82 26.48 25.90 28.18 26.84 27.60 27.80 27.26 24.23
25.52 28.05 26.18 26.80 26.52 26.02 27.02 26.36 25.62 25.52 24.25 25.67 25.55 27.59 27.95 27.84 28.22 25.90 24.66 27.17 26.81 25.66 27.02 27.60 27.59 27.99 28.07 28.02 27.74 27.37 26.84 25.01 26.27 26.58 26.13 25.36 27.30 25.91 25.58 27.16 27.35 28.20 26.77 24.93 25.47 25.54 27.71 27.52 27.45 27.66 26.65 26.62 27.03 24.57 23.39 26.03 25.88 25.98 24.93 24.91 23.63 23.73 24.55 24.35 23.74 24.71 23.83 23.15 25.64 26.87 27.17 26.90 27.05 27.31 27.97 26.85 25.55
26.93 27.80 27.21 27.19 26.25 25.28 27.65 26.73 25.86 27.15 25.99 25.31 25.86 26.90 27.88 26.46 27.69 27.23 25.72 27.52 25.93 26.54 27.54 27.38 27.85 28.27 27.86 28.53 27.92 27.88 26.67 25.23 26.18 27.04 26.84 27.05 27.80 26.34 26.42 25.97 27.67 27.77 27.64 26.59 26.00 26.80 27.44 27.82 27.12 27.17 27.12 26.69 25.76 25.42 25.86 26.00 25.09 26.21 25.22 24.74 24.37 24.66 24.75 24.57 22.89 25.50 23.05 24.88 27.46 27.48 26.86 27.30 26.84 26.78 26.84 27.30 27.54
28.27 28.37 27.53 26.58 26.93 27.63 27.10 25.53 25.11 26.22 25.21 25.70 27.27 27.23 27.80 27.33 27.60 27.12 25.99 28.01 27.31 26.77 27.67 27.76 28.01 27.88 27.73 28.50 28.32 27.84 27.04 27.25 28.01 27.50 26.18 26.30 26.85 28.10 26.73 27.02 28.23 27.26 27.63 27.67 27.82 27.49 27.70 27.93 28.15 27.12 26.64 26.05 27.37 25.62 26.42 25.29 25.29 25.62 25.66 26.00 24.82 25.53 25.14 25.46 26.51 24.40 23.85 25.29 27.08 27.26 24.41 27.03 26.85 25.65 25.95 27.41 28.08
28.01 28.45 28.26 25.53 25.69 26.05 26.62 26.48 26.41 27.43 26.09 25.21 27.71 27.81 28.09 27.98 27.93 28.16 27.48 27.68 27.51 26.90 27.94 26.80 27.70 28.11 28.01 28.34 28.46 28.06 27.80 27.52 27.08 25.44 26.99 26.57 26.67 26.69 25.67 27.12 27.82 28.08 28.38 28.23 28.26 28.11 27.85 28.04 28.13 27.17 25.34 26.14 26.80 26.82 26.78 25.82 25.23 25.54 25.46 25.47 23.81 24.59 25.30 23.68 25.16 23.49 24.29 25.00 25.95 26.00 26.72 27.49 26.82 26.76 26.80 27.15 27.93
27.80 28.15 28.15 26.78 25.46 25.05 25.70 27.46 27.00 27.97 28.23 27.33 26.37 27.68 26.53 27.50 27.81 28.42 28.46 27.95 28.43 25.69 26.81 28.12 28.27 28.14 28.34 28.35 28.36 28.12 27.82 26.25 26.14 24.86 26.65 27.89 27.39 26.55 24.86 27.96 27.51 27.75 27.64 28.33 28.51 27.95 27.12 28.00 27.20 27.45 25.49 25.25 26.54 26.67 26.41 24.63 25.69 25.09 25.25 24.88 23.99 25.04 25.34 23.72 24.21 23.59 23.97 25.53 26.41 26.98 27.95 26.54 27.70 27.40 25.84 26.07 28.32
27.07 26.60 27.12 25.25 23.89 24.34 25.69 26.22 26.07 27.20 28.23 27.60 26.83 28.02 26.78 27.42 27.94 28.59 28.60 28.16 28.25 27.10 26.66 26.33 27.02 28.16 28.48 28.37 28.27 27.93 27.85 27.77 26.61 26.76 25.71 25.31 26.19 26.26 24.74 26.29 27.09 28.11 27.77 28.21 28.24 27.22 28.09 27.26 26.14 27.23 26.41 24.69 25.24 25.28 25.99 24.90 25.62 23.69 24.02 23.97 24.80 25.03 22.88 23.65 23.81 24.16 24.52 24.97 25.82 26.37 27.57 26.60 27.79 27.67 26.27 27.01 27.30
25.89 26.62 25.78 24.90 22.65 23.90 24.38 25.15 25.67 26.18 27.41 27.76 27.45 27.65 27.45 28.29 27.79 28.43 28.57 28.37 28.49 28.60 28.47 27.92 26.49 27.83 28.52 28.17 28.41 28.28 28.13 28.34 27.58 27.09 26.02 22.96 24.52 25.01 25.35 25.45 23.85 25.11 25.32 27.26 27.69 27.09 27.25 26.83 27.02 27.54 27.05 25.27 24.38 24.42 24.53 25.78 25.57 23.59 23.50 24.47 25.00 23.77 21.01 23.21 23.21 21.24 25.46 25.74 26.34 26.36 26.30 26.45 27.89 26.23 24.91 27.55 27.14
25.45 27.00 24.98 24.48 23.13 23.97 25.12 25.64 27.03 25.56 27.57 28.02 27.94 28.33 27.69 28.38 28.17 28.23 28.52 28.58 28.33 28.50 28.53 28.41 28.27 27.55 28.43 28.21 28.32 28.33 28.35 28.14 27.33 26.27 26.85 24.19 22.67 24.03 24.60 24.96 24.21 24.02 24.31 25.56 26.43 27.47 26.85 26.58 27.88 27.74 26.65 27.24 26.25 25.66 24.05 24.55 23.73 23.67 24.95 23.64 23.04 22.46 22.89 23.53 21.84 22.17 24.59 24.80 24.39 25.42 26.56 25.94 26.17 25.89 25.66 27.00 26.30
25.21 26.44 25.52 24.26 23.19 23.17 24.41 25.57 26.65 25.55 24.78 26.77 27.91 28.09 28.38 28.27 28.13 28.03 28.41 28.58 28.51 28.31 28.28 28.47 28.07 28.19 28.16 28.40 28.31 28.31 28.23 28.01 27.64 25.14 24.27 26.38 24.40 23.91 25.01 25.69 24.60 24.13 25.85 27.40 26.40 26.63 26.50 27.04 26.30 25.61 27.38 27.85 27.09 26.64 24.76 24.53 23.48 25.80 23.70 21.94 21.77 22.17 23.34 21.97 22.67 21.36 22.24 23.98 24.44 24.81 25.14 24.08 25.65 24.67 25.65 26.08 25.08
24.22 26.21 25.46 25.08 24.01 24.38 24.17 25.92 25.39 26.82 25.99 26.93 27.50 27.67 27.91 28.40 28.18 27.48 27.78 28.08 28.32 27.95 28.33 28.49 27.65 27.59 28.46 27.45 27.97 28.20 28.10 28.38 28.32 27.17 25.05 25.61 26.19 25.29 26.44 25.60 25.91 25.32 26.25 28.19 25.71 26.16 26.41 27.67 26.55 26.59 27.44 27.88 27.93 27.11 25.36 24.87 22.76 24.30 22.87 25.03 20.56 21.84 21.51 21.42 22.29 21.01 22.80 23.71 25.19 21.90 22.98 23.45 25.35 26.63 25.01 26.99 26.60
25.75 26.42 26.28 23.70 26.14 26.92 27.19 27.56 26.39 27.47 25.62 26.90 27.29 27.18 27.59 28.04 27.84 26.70 27.88 27.43 27.41 28.30 28.57 28.50 27.10 28.19 28.39 28.17 28.25 28.31 28.33 28.53 28.48 28.00 27.39 25.49 26.16 26.40 26.88 25.37 26.30 26.67 27.33 25.42 26.65 27.24 25.82 26.15 27.27 25.55 27.22 27.75 27.89 27.04 26.46 25.47 23.55 24.06 24.65 25.78 24.87 24.12 22.08 23.94 22.12 20.07 22.58 22.20 23.89 22.06 22.12 24.24 25.22 25.99 25.95 27.57 27.66
26.26 25.15 26.12 25.12 25.45 26.42 28.00 28.00 27.20 27.57 27.53 27.64 27.20 27.76 27.19 27.85 27.68 26.29 26.61 25.51 26.48 28.23 28.52 28.62 27.11 28.34 28.32 28.30 28.05 28.21 28.23 28.40 28.47 27.99 27.67 26.40 26.70 25.57 26.02 26.53 26.41 25.78 27.22 27.24 27.41 27.01 26.31 26.89 26.71 26.00 26.65 26.53 26.68 26.35 26.19 24.61 23.63 23.67 25.12 25.58 26.56 24.55 21.86 23.72 23.27 22.20 21.87 20.76 23.22 22.29 25.32 23.22 25.67 26.47 26.94 27.67 28.12
24.28 23.11 24.13 25.60 23.75 25.10 27.44 28.21 27.93 27.84 27.95 28.00 28.03 27.95 26.77 26.87 26.69 25.93 26.78 27.12 24.39 26.69 27.18 27.90 28.46 28.33 26.93 27.82 28.27 27.64 27.93 28.24 28.27 28.11 27.63 26.63 26.24 26.17 25.33 23.56 25.36 24.20 25.36 26.65 26.33 27.15 27.45 26.53 25.04 24.93 24.69 25.21 25.72 26.52 25.89 25.13 24.08 24.23 23.82 24.81 25.55 25.21 23.21 22.31 23.64 23.24 23.19 23.01 22.86 24.58 23.61 24.67 24.96 24.56 27.17 27.66 28.01
22.82 22.82 23.79 24.74 24.02 23.68 24.84 27.24 27.00 26.87 27.95 28.09 28.00 27.32 27.43 27.64 27.71 27.12 27.51 26.79 25.53 26.19 27.74 27.42 27.33 28.24 26.47 27.14 27.68 27.22 27.44 28.07 28.19 28.17 27.80 27.12 26.00 24.49 24.16 22.75 22.75 23.19 24.72 26.74 27.07 26.97 27.68 27.01 27.03 25.49 25.14 26.28 26.67 25.72 24.00 25.60 25.58 24.52 23.89 25.71 25.37 24.52 21.66 24.13 23.88 23.98 22.62 22.80 23.27 25.13 26.27 25.80 25.40 24.77 27.58 28.31 27.34
23.88 23.70 23.83 23.49 23.17 23.86 23.68 25.93 26.04 24.55 27.63 28.03 27.90 27.39 27.39 27.59 27.43 27.27 27.35 26.84 27.11 26.09 27.41 26.97 26.60 27.62 27.44 27.94 26.99 25.55 25.77 27.24 27.47 27.51 27.27 27.59 26.94 26.68 25.94 24.67 22.36 22.77 24.38 25.80 26.62 26.78 27.47 26.92 27.34 26.80 25.87 24.71 26.85 25.84 25.65 26.46 25.45 26.18 23.95 25.61 25.46 23.91 21.83 23.47 23.69 25.75 24.25 24.31 25.62 25.82 24.95 26.25 25.69 25.92 26.91 27.27 27.27
24.52 24.83 23.86 24.40 25.43 24.89 23.75 25.12 26.92 26.41 27.30 27.08 28.12 27.44 27.63 26.16 26.85 26.41 26.21 27.81 27.89 27.99 27.67 27.35 27.68 28.02 27.54 27.34 25.44 25.35 24.70 25.21 26.51 26.39 26.63 27.13 26.79 27.18 26.84 24.70 23.31 22.84 24.98 22.92 23.56 24.79 26.80 25.90 26.59 26.19 26.19 26.89 26.48 26.63 27.32 26.50 25.91 27.36 26.63 26.00 24.20 23.03 22.04 22.30 22.60 24.42 25.31 24.99 25.08 24.50 24.87 24.68 26.89 27.54 27.82 27.28 26.86
24.70 24.02 23.11 24.64 25.51 25.51 24.40 24.97 26.54 27.51 26.96 27.26 27.29 27.41 27.24 27.51 27.58 26.74 26.25 27.42 27.38 27.81 28.09 28.02 27.32 27.03 26.08 26.23 24.07 24.45 24.72 25.48 26.61 27.03 27.15 27.23 27.25 27.30 27.20 25.74 24.05 23.52 24.46 22.72 23.43 23.27 23.98 23.74 26.83 27.12 27.27 27.29 26.85 26.82 26.88 25.63 26.44 27.09 24.35 23.86 22.24 22.80 21.12 20.82 21.49 24.48 25.16 26.74 23.70 20.98 23.69 25.46 25.78 27.27 26.54 27.35 26.65
22.61 22.73 23.47 23.70 24.30 26.26 27.07 25.67 25.54 26.14 25.50 26.33 27.49 26.99 27.59 28.22 27.85 27.10 27.52 27.17 27.77 28.15 27.83 28.03 27.57 27.41 25.48 25.46 24.05 24.72 25.84 26.28 24.97 25.63 25.84 26.18 26.70 27.93 27.71 26.54 25.77 25.58 24.08 22.62 23.38 23.55 24.87 23.77 26.81 27.21 27.59 27.71 27.40 27.89 25.68 26.21 27.29 27.05 25.56 23.92 23.77 21.69 21.46 22.10 23.41 25.31 25.79 27.21 24.54 23.37 24.38 27.12 26.08 26.57 27.49 27.08 26.89
20.47 20.02 22.78 23.16 23.85 26.40 27.46 26.96 26.27 26.03 25.98 26.76 27.39 27.88 27.78 27.55 27.57 26.96 26.45 27.42 28.19 28.16 28.03 28.07 27.80 26.80 26.99 26.00 24.34 25.31 26.49 26.08 26.33 25.72 25.35 26.01 26.70 27.34 27.59 27.53 26.94 27.08 25.19 23.23 23.73 24.83 25.10 25.29 27.40 27.95 28.54 28.52 27.63 28.07 27.42 27.15 26.82 26.28 25.42 26.73 26.71 23.22 24.25 22.64 25.88 26.54 24.58 24.81 26.23 24.04 24.87 25.63 26.06 27.16 27.96 26.54 27.54
21.57 21.62 23.17 22.00 23.40 24.11 24.63 26.77 26.84 26.86 26.19 27.41 27.46 27.97 27.52 27.37 27.24 26.09 26.16 26.55 27.57 27.65 27.76 27.90 27.83 27.23 27.11 26.61 25.57 25.01 25.39 25.08 26.24 26.04 25.55 26.64 27.57 27.24 27.23 27.20 26.90 26.64 26.01 25.81 25.67 25.72 26.80 26.43 26.95 27.58 27.96 27.60 27.93 28.46 28.36 27.59 27.61 27.07 26.87 27.46 27.18 26.23 26.22 25.85 27.53 27.58 24.34 24.67 26.77 24.81 26.99 26.21 26.62 28.01 27.12 27.44 28.18
22.67 23.24 23.80 23.84 24.29 23.41 22.89 25.41 27.07 26.88 26.66 27.03 28.08 28.18 27.95 27.70 27.39 27.36 26.83 27.42 27.35 27.35 27.52 27.20 26.77 27.39 26.65 25.72 25.04 25.32 24.78 23.71 25.01 24.32 25.80 27.00 26.10 26.39 27.74 27.82 27.02 26.65 25.44 26.62 27.24 27.20 27.17 26.29 27.40 27.11 27.61 28.11 28.08 27.97 27.46 27.61 28.10 26.86 27.53 27.70 25.16 27.65 27.51 27.95 27.55 27.27 24.67 23.29 26.90 24.82 27.15 27.62 28.05 27.78 27.49 27.83 27.56
