main/data/irradiance/16.09.2023.grid
ncols 839
nrows 679
xllcenter 112.0500
yllcenter -43.9500
cellsize 0.0500
nodata_value 99999.90
[rows 238 to 271 of 679, columns 385 to 461 of 839]
23.46 23.39 23.44 23.35 23.51 23.59 23.88 23.98 23.98 23.74 23.56 23.53 23.46 23.37 23.32 23.46 23.50 23.52 23.49 23.36 23.41 23.39 23.43 23.37 23.33 23.45 23.54 23.40 23.36 23.38 23.36 23.37 23.49 23.52 23.52 23.53 23.50 23.43 23.39 23.41 23.45 23.44 23.49 23.47 23.48 23.47 23.51 23.52 23.52 23.45 23.40 23.41 23.43 23.42 23.49 23.55 23.47 23.37 23.38 23.40 23.44 23.44 23.41 23.40 23.45 23.48 23.51 23.50 23.49 23.57 23.59 23.51 23.52 23.58 23.55 23.36 23.38
23.34 23.31 23.37 23.42 23.44 23.59 23.82 23.77 23.60 23.47 23.38 23.43 23.41 23.34 23.30 23.36 23.43 23.39 23.40 23.29 23.49 23.43 23.38 23.43 23.37 23.40 23.54 23.64 23.45 23.34 23.34 23.37 23.39 23.57 23.57 23.50 23.48 23.45 23.39 23.39 23.42 23.44 23.46 23.44 23.47 23.49 23.52 23.50 23.51 23.50 23.42 23.45 23.47 23.43 23.42 23.51 23.55 23.52 23.49 23.40 23.43 23.35 23.36 23.29 23.31 23.38 23.43 23.46 23.45 23.47 23.48 23.50 23.54 23.56 23.54 23.55 23.47
23.36 23.41 23.42 23.41 23.37 23.51 23.74 23.58 23.48 23.46 23.46 23.44 23.39 23.40 23.33 23.29 23.38 23.35 23.28 23.27 23.36 23.23 23.32 23.39 23.39 23.39 23.43 23.48 23.49 23.55 23.41 23.34 23.41 23.51 23.59 23.50 23.48 23.40 23.38 23.38 23.40 23.43 23.39 23.50 23.49 23.45 23.39 23.43 23.45 23.42 23.41 23.41 23.43 23.42 23.41 23.44 23.45 23.44 23.49 23.43 23.37 23.37 23.40 23.38 23.32 23.37 23.39 23.45 23.42 23.47 23.43 23.47 23.50 23.49 23.48 23.48 23.48
23.32 23.31 23.43 23.40 23.52 23.77 23.57 23.43 23.38 23.40 23.42 23.47 23.32 23.30 23.28 23.21 23.25 23.24 23.27 23.36 23.24 23.18 23.26 23.26 23.23 23.35 23.32 23.30 23.32 23.43 23.42 23.35 23.38 23.44 23.53 23.42 23.47 23.43 23.49 23.51 23.41 23.40 23.39 23.50 23.49 23.40 23.34 23.36 23.35 23.38 23.40 23.40 23.41 23.43 23.41 23.46 23.42 23.39 23.39 23.43 23.39 23.37 23.37 23.40 23.37 23.35 23.35 23.40 23.39 23.44 23.43 23.41 23.48 23.46 23.45 23.47 23.45
23.26 23.22 23.29 23.41 23.51 23.64 23.65 23.32 23.35 23.39 23.36 23.33 23.32 23.33 23.25 23.10 23.14 23.17 23.16 23.24 23.26 23.24 23.20 23.21 23.21 23.25 23.38 23.36 23.31 23.31 23.32 23.55 23.36 23.36 23.50 23.50 23.45 23.41 23.40 23.36 23.41 23.48 23.41 23.48 23.50 23.43 23.33 23.37 23.35 23.36 23.37 23.38 23.40 23.41 23.44 23.41 23.38 23.39 23.38 23.40 23.35 23.33 23.33 23.35 23.34 23.31 23.29 23.41 23.38 23.33 23.37 23.48 23.47 23.45 23.44 23.41 23.43
23.28 23.25 23.29 23.31 23.36 23.50 23.65 23.43 23.33 23.75 23.62 23.40 23.45 23.35 23.23 23.22 23.31 23.28 23.19 23.15 23.12 23.18 23.18 23.25 23.24 23.22 23.24 23.39 23.45 23.33 23.25 23.43 23.53 23.50 23.32 23.33 23.36 23.35 23.32 23.36 23.36 23.43 23.42 23.58 23.53 23.60 23.50 23.41 23.37 23.36 23.36 23.36 23.44 23.48 23.41 23.38 23.33 23.37 23.35 23.35 23.34 23.30 23.28 23.29 23.32 23.38 23.34 23.30 23.27 23.34 23.37 23.43 23.47 23.45 23.46 23.43 23.42
23.34 23.32 23.25 23.24 23.25 23.22 23.24 23.41 23.42 23.35 23.36 23.26 23.23 23.24 23.20 23.30 23.28 23.27 23.31 23.38 23.35 23.26 23.24 23.17 23.16 23.16 23.17 23.16 23.33 23.45 23.36 23.26 23.35 23.48 23.48 23.25 23.30 23.24 23.30 23.35 23.36 23.40 23.45 23.60 23.67 23.60 23.48 23.39 23.39 23.41 23.48 23.52 23.53 23.48 23.38 23.36 23.36 23.37 23.37 23.33 23.31 23.34 23.27 23.27 23.29 23.40 23.27 23.27 23.35 23.40 23.37 23.35 23.33 23.36 23.41 23.42 23.40
23.27 23.19 23.16 23.21 23.24 23.31 23.33 23.36 23.37 23.24 23.31 23.30 23.24 23.21 23.16 23.23 23.28 23.30 23.34 23.43 23.37 23.31 23.22 23.15 23.21 23.17 23.19 23.17 23.22 23.38 23.47 23.36 23.29 23.32 23.50 23.50 23.31 23.24 23.27 23.33 23.34 23.31 23.48 23.57 23.61 23.60 23.54 23.48 23.51 23.56 23.56 23.50 23.51 23.39 23.36 23.38 23.35 23.36 23.37 23.35 23.26 23.33 23.31 23.28 23.32 23.34 23.29 23.24 23.24 23.24 23.27 23.26 23.29 23.30 23.32 23.39 23.29
23.31 23.18 23.25 23.29 23.22 23.15 23.25 23.34 23.32 23.26 23.25 23.22 23.22 23.23 23.20 23.16 23.19 23.20 23.20 23.32 23.31 23.23 23.22 23.17 23.15 23.17 23.15 23.14 23.18 23.26 23.33 23.42 23.38 23.33 23.30 23.40 23.51 23.33 23.23 23.27 23.27 23.27 23.47 23.52 23.54 23.58 23.57 23.53 23.55 23.53 23.50 23.49 23.46 23.37 23.33 23.37 23.35 23.33 23.32 23.31 23.23 23.26 23.28 23.27 23.30 23.25 23.24 23.28 23.24 23.21 23.19 23.15 23.18 23.15 23.23 23.20 23.11
23.19 23.24 23.31 23.28 23.23 23.24 23.24 23.24 23.31 23.20 23.23 23.31 23.27 23.21 23.20 23.19 23.22 23.24 23.21 23.24 23.43 23.26 23.14 23.29 23.23 23.15 23.15 23.14 23.16 23.26 23.29 23.35 23.45 23.44 23.45 23.40 23.27 23.15 23.22 23.23 23.18 23.35 23.46 23.46 23.57 23.59 23.54 23.56 23.57 23.57 23.55 23.41 23.38 23.34 23.32 23.30 23.32 23.34 23.29 23.28 23.20 23.22 23.27 23.25 23.25 23.17 23.20 23.18 23.20 23.21 23.19 23.18 23.17 23.10 23.11 23.18 23.17
23.31 23.35 23.38 23.32 23.30 23.31 23.32 23.29 23.33 23.29 23.25 23.27 23.32 23.32 23.25 23.24 23.26 23.26 23.25 23.26 23.21 23.25 23.20 23.16 23.18 23.15 23.13 23.18 23.12 23.17 23.27 23.29 23.37 23.40 23.48 23.51 23.33 23.32 23.20 23.20 23.29 23.43 23.44 23.42 23.46 23.46 23.46 23.48 23.62 23.60 23.54 23.29 23.36 23.32 23.28 23.25 23.27 23.29 23.27 23.27 23.26 23.20 23.23 23.23 23.26 23.20 23.19 23.16 23.16 23.13 23.16 23.11 23.15 23.17 23.17 23.18 23.13
23.31 23.36 23.38 23.33 23.33 23.32 23.33 23.33 23.38 23.41 23.39 23.33 23.37 23.37 23.30 23.39 23.60 23.30 23.54 23.67 23.38 23.39 23.36 23.20 23.16 23.14 23.11 23.11 23.13 23.17 23.28 23.25 23.27 23.27 23.35 23.44 23.46 23.27 23.19 23.24 23.32 23.47 23.48 23.43 23.49 23.51 23.47 23.54 23.54 23.56 23.59 23.48 23.46 23.32 23.29 23.28 23.29 23.23 23.26 23.26 23.25 23.24 23.19 23.21 23.26 23.21 23.19 23.16 23.13 23.16 23.14 23.18 23.18 23.15 23.14 23.15 23.12
23.35 23.41 23.41 23.39 23.30 23.33 23.32 23.33 23.41 23.36 23.33 23.32 23.35 23.34 23.27 23.36 23.77 23.80 23.71 23.61 23.36 23.28 23.40 23.19 23.14 23.14 23.18 23.24 23.18 23.11 23.17 23.15 23.23 23.25 23.25 23.30 23.42 23.33 23.28 23.25 23.28 23.44 23.41 23.42 23.52 23.61 23.55 23.54 23.52 23.61 23.58 23.51 23.50 23.42 23.27 23.28 23.28 23.27 23.26 23.25 23.24 23.23 23.21 23.23 23.23 23.25 23.24 23.20 23.18 23.19 23.17 23.20 23.15 23.20 23.12 23.13 23.12
23.41 23.43 23.40 23.32 23.33 23.29 23.31 23.31 23.32 23.37 23.33 23.31 23.36 23.39 23.39 23.37 23.41 23.78 23.72 23.59 23.47 23.31 23.47 23.19 23.11 23.12 23.19 23.23 23.14 23.14 23.19 23.13 23.17 23.14 23.11 23.15 23.28 23.34 23.25 23.19 23.27 23.32 23.41 23.41 23.35 23.48 23.43 23.41 23.46 23.62 23.62 23.52 23.53 23.53 23.29 23.25 23.25 23.30 23.30 23.27 23.23 23.22 23.22 23.28 23.28 23.26 23.25 23.23 23.20 23.21 23.18 23.19 23.19 23.19 23.14 23.14 23.19
23.38 23.42 23.33 23.26 23.27 23.31 23.31 23.24 23.26 23.39 23.33 23.36 23.36 23.40 23.36 23.35 23.34 23.32 23.45 23.47 23.75 23.52 23.21 23.18 23.14 23.15 23.19 23.12 23.06 23.16 23.19 23.16 23.14 23.33 23.16 23.15 23.14 23.12 23.16 23.24 23.28 23.19 23.22 23.27 23.25 23.26 23.22 23.27 23.51 23.59 23.56 23.47 23.48 23.51 23.31 23.23 23.24 23.24 23.24 23.23 23.21 23.22 23.20 23.22 23.28 23.25 23.23 23.24 23.24 23.23 23.21 23.20 23.21 23.21 23.17 23.16 23.14
23.39 23.34 23.29 23.30 23.33 23.28 23.27 23.29 23.28 23.25 23.28 23.27 23.28 23.32 23.34 23.24 23.18 23.14 23.16 23.43 23.73 23.24 23.09 23.13 23.16 23.13 23.10 23.05 23.05 23.20 23.21 23.15 23.16 23.42 23.37 23.23 23.20 23.20 23.25 23.17 23.17 23.19 23.18 23.16 23.17 23.17 23.17 23.19 23.54 23.54 23.50 23.42 23.47 23.32 23.29 23.24 23.21 23.19 23.23 23.21 23.17 23.17 23.22 23.24 23.25 23.24 23.20 23.23 23.24 23.24 23.22 23.24 23.20 23.22 23.18 23.17 23.17
23.36 23.39 23.37 23.27 23.34 23.28 23.29 23.22 23.19 23.18 23.20 23.20 23.16 23.20 23.19 23.18 23.16 23.16 23.13 23.17 23.16 23.13 23.09 23.07 23.10 23.12 23.09 23.03 23.08 23.21 23.20 23.03 23.20 23.46 23.43 23.35 23.47 23.62 23.34 23.12 23.14 23.16 23.16 23.14 23.14 23.14 23.14 23.21 23.47 23.48 23.44 23.36 23.32 23.23 23.25 23.23 23.13 23.17 23.19 23.19 23.16 23.17 23.20 23.21 23.24 23.21 23.19 23.21 23.24 23.23 23.22 23.18 23.17 23.17 23.17 23.21 23.20
23.26 23.32 23.31 23.22 23.24 23.25 23.17 23.12 23.20 23.24 23.22 23.24 23.26 23.24 23.22 23.18 23.16 23.19 23.18 23.09 23.02 22.39 22.58 23.03 23.05 23.11 23.00 23.01 23.15 23.22 23.15 23.29 23.38 23.42 23.47 23.41 23.39 23.39 23.28 23.19 23.17 23.18 23.16 23.17 23.18 23.17 23.12 23.13 23.29 23.35 23.36 23.29 23.22 23.18 23.19 23.20 23.15 23.15 23.14 23.18 23.15 23.16 23.16 23.19 23.23 23.21 23.24 23.24 23.26 23.22 23.20 23.19 23.15 23.12 23.13 23.17 23.16
22.41 23.01 23.26 23.19 23.12 23.13 23.19 23.19 22.55 23.08 23.20 23.21 23.22 23.23 23.19 23.22 23.22 23.18 23.18 23.14 22.58 22.60 22.22 22.69 22.61 23.00 23.12 23.17 23.12 23.12 23.13 23.32 23.44 23.46 23.48 23.46 23.38 23.42 23.36 23.19 23.15 23.14 23.15 23.20 23.29 23.23 23.12 23.11 23.15 23.18 23.29 23.23 23.16 23.17 23.19 23.17 23.14 23.11 23.16 23.22 23.18 23.18 23.23 23.24 23.16 23.15 23.22 23.24 23.18 23.17 23.13 23.15 23.13 23.13 23.17 23.20 23.23
23.03 23.02 23.05 23.05 23.03 23.04 23.09 22.93 21.34 23.05 23.14 23.17 23.17 23.29 23.15 23.18 23.17 23.15 23.10 23.14 23.10 22.70 22.48 22.31 22.66 22.51 23.17 23.16 23.11 23.15 23.24 23.36 23.47 23.36 23.23 23.33 23.39 23.30 23.25 23.25 23.11 23.15 23.20 23.20 23.35 23.31 23.20 23.11 23.15 23.16 23.18 23.18 23.17 23.20 23.21 23.16 23.10 23.14 23.17 23.20 23.17 23.20 23.21 23.27 23.20 23.20 23.20 23.20 23.17 23.16 23.16 23.14 23.18 23.19 23.12 23.08 23.18
23.16 23.21 23.23 23.22 23.15 23.08 23.04 23.02 23.07 23.18 23.20 23.19 23.19 23.23 23.21 23.18 23.19 23.13 23.10 23.10 23.15 23.13 23.13 22.66 22.60 23.05 23.13 23.10 23.14 23.23 23.25 23.35 23.39 23.35 23.29 23.34 23.40 23.27 23.20 23.29 23.17 23.17 23.18 23.26 23.30 23.19 23.15 23.15 23.11 23.15 23.16 23.12 23.14 23.19 23.14 23.10 23.09 23.16 23.17 23.14 23.15 23.15 23.19 23.24 23.21 23.20 23.18 23.15 23.13 23.18 23.21 23.20 23.24 23.17 23.10 23.06 23.11
23.28 23.33 23.37 23.32 23.29 23.26 23.28 23.15 23.13 23.15 23.18 23.19 23.15 23.16 23.18 23.21 23.13 23.11 23.13 23.07 23.05 23.06 23.08 23.04 22.98 22.82 22.96 23.01 23.12 23.17 23.23 23.21 23.36 23.35 23.20 23.28 23.27 23.22 23.17 23.22 23.21 23.22 23.24 23.30 23.20 23.16 23.17 23.15 23.12 23.14 23.13 23.12 23.07 23.11 23.09 23.10 23.09 23.11 23.12 23.12 23.12 23.12 23.14 23.13 23.18 23.19 23.17 23.18 23.14 23.21 23.20 23.13 23.11 23.10 23.14 23.19 23.22
23.38 23.36 23.37 23.31 23.23 23.24 23.24 23.28 23.21 23.18 23.15 23.20 23.21 23.21 23.19 23.14 23.11 23.06 23.10 23.11 23.12 23.04 23.05 23.03 23.06 23.07 23.07 23.07 23.13 23.28 23.34 23.44 23.62 23.48 23.49 23.24 23.28 23.30 23.19 23.28 23.24 23.24 23.25 23.27 23.25 23.13 23.14 23.16 23.13 23.14 23.12 23.13 23.07 23.13 23.16 23.14 23.16 23.20 23.09 23.13 23.15 23.14 23.15 23.16 23.13 23.15 23.16 23.18 23.16 23.23 23.19 23.21 23.20 23.18 23.27 23.23 23.18
23.50 23.36 23.36 23.27 23.23 23.27 23.26 23.27 23.22 23.25 23.19 23.18 23.14 23.13 23.17 23.13 23.04 23.00 23.00 23.06 23.12 23.07 23.07 23.04 23.07 23.06 23.08 23.10 23.07 23.37 23.56 23.62 23.62 23.59 23.61 23.59 23.33 23.29 23.18 23.13 23.21 23.19 23.16 23.20 23.12 23.08 23.12 23.13 23.12 23.09 23.09 23.12 23.16 23.17 23.16 23.14 23.17 23.21 23.18 23.14 23.15 23.16 23.18 23.15 23.11 23.17 23.21 23.24 23.24 23.24 23.26 23.28 23.29 23.27 23.23 23.17 23.14
23.53 23.39 23.36 23.27 23.22 23.14 23.13 23.18 23.30 23.31 23.27 23.26 23.20 23.08 23.06 23.04 22.97 22.93 22.99 23.02 23.05 23.07 23.09 23.08 23.07 23.07 23.08 23.11 23.29 23.52 23.60 23.58 23.55 23.44 23.42 23.30 23.26 23.15 23.18 23.12 23.17 23.21 23.17 23.10 23.03 23.04 23.06 23.07 23.10 23.09 23.01 23.02 23.12 23.11 23.14 23.16 23.13 23.13 23.15 23.11 23.14 23.17 23.22 23.21 23.15 23.13 23.16 23.20 23.26 23.24 23.29 23.29 23.27 23.24 23.18 23.15 23.16
23.42 23.47 23.37 23.28 23.20 23.07 23.20 23.23 23.23 23.21 23.20 23.22 23.21 23.21 23.05 22.94 22.96 22.90 22.93 22.93 22.89 22.93 22.94 22.99 23.07 23.08 23.12 23.29 23.24 23.29 23.58 23.56 23.39 23.20 23.42 23.42 23.35 23.12 23.16 23.10 23.16 23.17 23.07 23.05 23.04 23.01 23.01 23.02 23.01 23.05 22.98 23.07 23.09 23.09 23.11 23.16 23.16 23.15 23.14 23.15 23.13 23.11 23.16 23.18 23.21 23.19 23.18 23.20 23.20 23.18 23.22 23.22 23.22 23.20 23.09 23.11 23.21
23.24 23.16 23.20 23.00 23.21 23.51 23.55 23.13 23.49 23.57 23.27 23.13 23.06 23.08 23.01 22.93 23.01 22.96 22.96 22.95 22.93 22.91 22.95 23.05 23.00 23.00 23.08 23.21 23.02 23.54 23.54 23.44 23.22 23.13 23.22 23.15 23.25 23.17 23.03 23.00 23.04 23.10 23.06 23.01 22.97 22.99 23.01 23.00 23.03 23.10 23.06 23.06 23.10 23.14 23.10 23.10 23.14 23.15 23.14 23.11 23.10 23.09 23.10 23.13 23.22 23.19 23.15 23.12 23.11 23.11 23.13 23.14 23.17 23.17 23.00 23.05 23.08
23.34 23.41 23.23 22.96 22.95 23.23 23.38 23.49 23.61 23.60 23.61 23.53 23.15 23.10 23.15 23.04 22.97 23.00 23.39 23.03 22.94 22.99 23.00 23.01 22.97 22.90 23.06 23.10 23.13 23.10 23.28 23.61 23.58 23.44 23.12 23.08 23.04 22.99 22.99 22.93 22.96 22.97 22.97 22.99 23.02 22.98 23.00 23.01 22.98 23.06 23.08 23.06 23.10 23.11 23.12 23.12 23.11 23.14 23.14 23.09 23.08 23.08 23.03 23.02 23.09 23.06 23.10 23.05 23.00 23.02 23.03 23.06 23.01 23.05 22.98 23.00 22.94
23.30 23.22 23.27 23.21 23.10 23.21 23.52 23.42 23.42 23.35 23.44 23.50 23.45 23.22 23.16 23.01 23.03 23.01 23.47 23.32 22.99 23.10 23.11 23.12 23.03 22.97 22.91 22.96 22.96 23.06 23.12 23.05 22.96 22.96 23.06 22.98 22.97 22.96 22.99 22.91 22.95 22.96 22.98 22.99 23.03 23.01 22.99 23.06 23.03 23.01 23.06 23.06 23.06 23.07 23.12 23.15 23.14 23.12 23.13 23.12 23.17 23.17 23.18 23.08 23.05 23.00 23.00 22.97 23.02 22.96 23.02 23.04 23.04 23.02 23.00 23.05 23.00
23.16 23.10 23.19 23.16 23.13 23.32 23.27 23.21 23.10 23.17 23.14 23.02 23.14 23.07 22.99 22.96 22.96 23.06 23.13 23.13 23.14 23.19 23.31 23.19 23.19 23.08 22.99 23.00 22.92 23.07 23.06 23.02 23.01 23.01 23.06 23.13 23.06 23.02 22.98 22.95 22.91 22.97 22.94 22.99 23.00 22.99 22.96 22.96 22.97 22.97 23.02 23.03 23.03 23.03 23.07 23.09 23.12 23.07 23.06 23.04 23.04 23.05 23.09 23.17 23.14 23.02 23.00 22.97 22.96 22.95 23.01 23.01 23.06 23.07 23.01 23.01 23.01
23.12 23.07 23.18 23.25 23.18 23.19 23.15 23.22 23.22 23.18 23.17 23.06 23.03 23.03 23.01 22.96 22.94 22.97 23.03 23.03 23.09 23.16 23.12 23.11 23.17 23.08 23.04 23.05 22.94 22.94 23.02 22.98 23.01 23.03 23.03 23.14 23.19 23.05 23.06 22.98 22.94 22.94 22.96 22.97 22.95 22.98 22.97 22.97 22.97 22.99 23.01 23.01 22.98 22.97 23.06 23.05 23.06 23.03 23.04 23.01 23.02 23.03 23.05 23.04 23.09 23.05 23.04 23.09 23.07 23.07 23.02 23.09 23.07 23.12 23.15 23.19 23.06
23.26 23.28 23.30 23.31 23.32 23.26 23.26 23.26 23.34 23.19 23.20 23.14 23.07 23.02 23.05 23.07 23.07 23.06 23.06 22.99 23.04 23.14 23.24 23.27 23.23 23.14 23.02 23.08 23.05 23.04 23.01 23.03 22.99 23.01 23.03 23.05 23.05 23.02 22.99 22.96 22.94 22.91 22.93 22.95 22.91 22.96 23.00 23.01 23.01 23.03 23.04 23.01 22.97 23.02 23.04 22.99 23.00 22.99 23.01 22.98 22.97 23.02 23.03 23.05 23.05 22.99 23.04 23.06 23.08 22.98 22.98 23.08 23.11 22.99 23.07 22.99 22.99
23.19 23.21 23.26 23.16 23.11 23.12 23.15 23.19 23.21 23.19 23.03 23.11 23.19 23.19 23.13 23.10 23.10 23.07 23.05 23.04 23.04 23.05 23.12 23.11 23.17 23.17 23.21 23.18 23.11 23.04 23.10 23.10 23.09 23.09 23.01 23.04 23.04 23.01 22.99 22.95 22.92 22.89 22.94 22.96 22.97 22.93 22.97 23.00 22.94 23.01 23.13 23.12 22.95 22.92 22.92 22.94 22.97 22.96 22.98 22.98 22.98 23.02 22.99 23.01 23.06 22.97 23.00 23.05 23.03 23.05 22.98 22.99 23.04 23.04 23.02 23.04 23.00
23.31 23.33 23.18 23.10 23.20 23.26 23.36 23.36 23.32 23.28 23.24 23.21 23.17 23.18 23.27 23.22 23.17 23.10 23.11 23.09 23.07 23.02 23.07 23.03 23.06 23.14 23.15 23.09 23.10 23.21 23.27 23.30 23.10 23.14 23.15 23.08 23.08 23.08 23.17 23.19 23.07 23.08 23.10 23.08 23.02 23.04 23.11 23.18 23.17 23.19 23.18 23.11 22.95 22.95 22.96 22.94 22.94 22.94 22.96 22.98 23.00 22.98 23.04 23.02 22.98 23.00 22.99 23.00 22.98 22.94 22.96 22.96 22.94 22.94 22.98 22.97 23.00
