main/data/irradiance/16.04.2023.grid
ncols 839
nrows 679
xllcenter 112.0500
yllcenter -43.9500
cellsize 0.0500
nodata_value 99999.90
[rows 272 to 305 of 679, columns 154 to 230 of 839]
20.74 20.74 20.73 20.74 20.74 20.72 20.72 20.71 20.66 20.63 20.66 20.67 20.67 20.68 20.68 20.69 20.67 20.68 20.68 20.68 20.69 20.71 20.72 20.71 20.71 20.72 20.72 20.72 20.69 20.71 20.70 20.72 20.73 20.70 20.72 20.72 20.69 20.69 20.70 20.72 20.72 20.71 20.73 20.75 20.73 20.72 20.73 20.74 20.74 20.74 20.72 20.72 20.71 20.69 20.68 20.72 20.73 20.71 20.70 20.74 20.81 20.82 20.84 20.76 20.67 20.70 20.62 20.65 20.72 20.63 20.61 20.63 20.63 20.66 20.63 20.63 20.66
20.71 20.73 20.73 20.74 20.73 20.66 20.64 20.69 20.67 20.66 20.63 20.65 20.67 20.66 20.66 20.66 20.62 20.64 20.65 20.67 20.69 20.70 20.70 20.72 20.70 20.72 20.71 20.70 20.67 20.67 20.63 20.69 20.70 20.71 20.72 20.74 20.70 20.70 20.69 20.67 20.69 20.70 20.69 20.71 20.73 20.71 20.72 20.72 20.71 20.71 20.69 20.71 20.69 20.68 20.70 20.67 20.69 20.70 20.70 20.72 20.73 20.74 20.72 20.65 20.64 20.57 20.73 20.64 20.62 20.60 20.56 20.61 20.59 20.60 20.62 20.63 20.61
20.67 20.70 20.69 20.68 20.69 20.67 20.68 20.67 20.68 20.68 20.65 20.67 20.65 20.64 20.65 20.65 20.63 20.62 20.63 20.64 20.64 20.66 20.69 20.70 20.69 20.69 20.67 20.67 20.66 20.67 20.68 20.69 20.68 20.66 20.67 20.69 20.68 20.68 20.67 20.67 20.69 20.69 20.69 20.68 20.68 20.69 20.70 20.70 20.72 20.69 20.67 20.68 20.68 20.68 20.66 20.62 20.63 20.64 20.66 20.67 20.71 20.69 20.67 20.63 20.61 20.61 20.72 20.63 20.60 20.59 20.58 20.59 20.57 20.58 20.62 20.62 20.60
20.64 20.62 20.65 20.67 20.67 20.67 20.65 20.67 20.66 20.65 20.65 20.65 20.64 20.63 20.62 20.64 20.59 20.60 20.63 20.63 20.65 20.66 20.67 20.68 20.66 20.67 20.66 20.64 20.64 20.67 20.65 20.65 20.67 20.66 20.68 20.69 20.69 20.69 20.67 20.69 20.68 20.67 20.67 20.69 20.67 20.69 20.66 20.69 20.66 20.67 20.66 20.67 20.67 20.69 20.60 20.61 20.61 20.65 20.65 20.67 20.67 20.68 20.65 20.65 20.62 20.67 20.69 20.66 20.62 20.62 20.61 20.58 20.55 20.56 20.57 20.60 20.58
20.63 20.63 20.63 20.63 20.63 20.62 20.61 20.62 20.63 20.63 20.61 20.58 20.61 20.60 20.60 20.60 20.61 20.63 20.64 20.65 20.65 20.64 20.63 20.62 20.68 20.67 20.63 20.64 20.63 20.64 20.63 20.65 20.67 20.65 20.69 20.68 20.67 20.65 20.66 20.67 20.67 20.65 20.67 20.66 20.66 20.67 20.66 20.70 20.65 20.68 20.66 20.64 20.67 20.66 20.62 20.63 20.63 20.68 20.67 20.66 20.67 20.66 20.63 20.64 20.63 20.68 20.67 20.62 20.62 20.62 20.61 20.60 20.60 20.58 20.60 20.59 20.57
20.53 20.54 20.55 20.58 20.59 20.63 20.61 20.60 20.58 20.57 20.60 20.60 20.60 20.60 20.58 20.60 20.59 20.60 20.61 20.63 20.63 20.64 20.61 20.63 20.66 20.65 20.64 20.64 20.67 20.63 20.63 20.65 20.64 20.62 20.65 20.64 20.65 20.62 20.61 20.65 20.63 20.64 20.64 20.61 20.64 20.65 20.65 20.66 20.64 20.67 20.67 20.63 20.63 20.62 20.61 20.61 20.64 20.66 20.65 20.64 20.66 20.64 20.61 20.61 20.60 20.65 20.65 20.62 20.57 20.56 20.59 20.61 20.60 20.59 20.58 20.60 20.57
20.51 20.52 20.54 20.53 20.58 20.58 20.56 20.55 20.58 20.58 20.60 20.59 20.60 20.57 20.57 20.58 20.59 20.60 20.61 20.60 20.61 20.63 20.61 20.60 20.62 20.62 20.62 20.62 20.65 20.63 20.65 20.62 20.63 20.64 20.62 20.60 20.62 20.62 20.60 20.60 20.60 20.60 20.61 20.62 20.62 20.63 20.61 20.58 20.63 20.64 20.64 20.62 20.62 20.64 20.61 20.60 20.64 20.63 20.62 20.63 20.61 20.64 20.63 20.60 20.57 20.59 20.62 20.56 20.57 20.56 20.55 20.56 20.56 20.57 20.56 20.54 20.56
20.52 20.51 20.51 20.51 20.51 20.57 20.56 20.56 20.59 20.56 20.58 20.56 20.58 20.56 20.55 20.59 20.59 20.59 20.57 20.55 20.60 20.60 20.58 20.58 20.60 20.61 20.62 20.63 20.62 20.56 20.64 20.61 20.62 20.60 20.59 20.58 20.60 20.61 20.62 20.61 20.57 20.58 20.61 20.60 20.62 20.61 20.59 20.52 20.60 20.62 20.61 20.61 20.59 20.63 20.62 20.58 20.63 20.61 20.62 20.62 20.62 20.58 20.62 20.58 20.55 20.56 20.56 20.56 20.56 20.55 20.54 20.58 20.58 20.54 20.52 20.55 20.56
20.51 20.52 20.51 20.53 20.53 20.52 20.53 20.57 20.59 20.58 20.56 20.56 20.53 20.53 20.55 20.56 20.55 20.55 20.55 20.56 20.55 20.55 20.57 20.58 20.61 20.57 20.63 20.62 20.59 20.58 20.61 20.62 20.63 20.57 20.60 20.59 20.59 20.60 20.63 20.60 20.57 20.57 20.57 20.57 20.59 20.58 20.57 20.56 20.58 20.58 20.58 20.59 20.59 20.56 20.59 20.59 20.59 20.58 20.56 20.57 20.57 20.55 20.56 20.55 20.56 20.55 20.53 20.54 20.50 20.54 20.55 20.54 20.51 20.51 20.52 20.48 20.54
20.49 20.54 20.58 20.57 20.51 20.50 20.51 20.53 20.56 20.54 20.53 20.52 20.51 20.49 20.53 20.54 20.51 20.51 20.49 20.51 20.53 20.53 20.57 20.56 20.57 20.56 20.56 20.60 20.60 20.60 20.60 20.60 20.59 20.57 20.57 20.61 20.59 20.59 20.56 20.55 20.55 20.58 20.56 20.55 20.54 20.52 20.53 20.54 20.57 20.56 20.57 20.57 20.57 20.58 20.55 20.58 20.56 20.53 20.55 20.53 20.54 20.55 20.51 20.52 20.51 20.54 20.53 20.53 20.48 20.50 20.51 20.49 20.52 20.51 20.51 20.51 20.51
20.49 20.49 20.50 20.48 20.46 20.50 20.50 20.54 20.54 20.53 20.50 20.53 20.53 20.51 20.51 20.53 20.53 20.51 20.51 20.51 20.52 20.49 20.54 20.55 20.57 20.57 20.55 20.53 20.55 20.60 20.58 20.55 20.54 20.55 20.54 20.58 20.57 20.55 20.55 20.56 20.58 20.57 20.57 20.57 20.56 20.53 20.50 20.50 20.51 20.52 20.52 20.55 20.57 20.54 20.55 20.55 20.54 20.53 20.52 20.54 20.52 20.53 20.50 20.50 20.48 20.50 20.51 20.50 20.49 20.52 20.53 20.52 20.49 20.49 20.50 20.48 20.50
20.45 20.48 20.47 20.47 20.44 20.47 20.51 20.50 20.52 20.51 20.49 20.50 20.48 20.49 20.49 20.50 20.50 20.50 20.49 20.49 20.51 20.49 20.52 20.52 20.54 20.53 20.50 20.51 20.51 20.55 20.55 20.54 20.54 20.53 20.57 20.53 20.53 20.56 20.54 20.53 20.56 20.53 20.56 20.55 20.53 20.52 20.49 20.50 20.50 20.52 20.51 20.51 20.55 20.53 20.54 20.53 20.51 20.54 20.52 20.53 20.50 20.52 20.50 20.53 20.46 20.51 20.53 20.52 20.52 20.52 20.52 20.53 20.50 20.46 20.46 20.47 20.49
20.43 20.43 20.42 20.47 20.44 20.46 20.49 20.49 20.49 20.47 20.46 20.45 20.48 20.47 20.48 20.47 20.46 20.48 20.47 20.45 20.48 20.46 20.49 20.49 20.51 20.49 20.49 20.48 20.48 20.48 20.52 20.52 20.51 20.53 20.53 20.53 20.50 20.53 20.52 20.53 20.53 20.52 20.53 20.50 20.49 20.50 20.50 20.49 20.49 20.50 20.49 20.50 20.50 20.50 20.51 20.52 20.50 20.51 20.51 20.52 20.50 20.49 20.53 20.50 20.47 20.51 20.51 20.51 20.50 20.50 20.49 20.48 20.48 20.46 20.46 20.46 20.47
20.42 20.41 20.42 20.43 20.44 20.48 20.48 20.48 20.46 20.45 20.44 20.45 20.45 20.46 20.45 20.45 20.47 20.43 20.44 20.45 20.45 20.46 20.45 20.48 20.48 20.49 20.49 20.50 20.51 20.46 20.47 20.49 20.47 20.48 20.50 20.51 20.49 20.51 20.48 20.50 20.52 20.53 20.50 20.49 20.47 20.49 20.48 20.47 20.46 20.45 20.47 20.48 20.48 20.47 20.50 20.48 20.52 20.51 20.46 20.49 20.48 20.50 20.49 20.49 20.46 20.49 20.49 20.47 20.49 20.46 20.47 20.45 20.44 20.46 20.45 20.44 20.43
20.39 20.41 20.41 20.42 20.45 20.46 20.45 20.44 20.45 20.43 20.43 20.42 20.40 20.44 20.45 20.43 20.45 20.44 20.44 20.42 20.43 20.44 20.45 20.45 20.49 20.47 20.45 20.47 20.46 20.44 20.43 20.46 20.46 20.47 20.47 20.48 20.48 20.51 20.49 20.50 20.47 20.51 20.49 20.48 20.46 20.46 20.47 20.46 20.45 20.44 20.46 20.49 20.48 20.47 20.47 20.46 20.45 20.44 20.46 20.48 20.47 20.45 20.44 20.53 20.46 20.45 20.46 20.46 20.45 20.44 20.45 20.43 20.42 20.43 20.43 20.43 20.42
20.39 20.42 20.41 20.41 20.42 20.41 20.41 20.41 20.41 20.42 20.41 20.42 20.40 20.40 20.42 20.44 20.44 20.44 20.40 20.41 20.43 20.45 20.46 20.44 20.46 20.45 20.45 20.45 20.43 20.43 20.42 20.43 20.45 20.43 20.45 20.47 20.47 20.49 20.48 20.49 20.48 20.45 20.48 20.46 20.44 20.46 20.43 20.45 20.44 20.44 20.44 20.46 20.46 20.47 20.46 20.44 20.45 20.43 20.44 20.47 20.47 20.45 20.46 20.49 20.46 20.44 20.44 20.42 20.43 20.41 20.41 20.41 20.41 20.40 20.40 20.41 20.41
20.39 20.39 20.38 20.39 20.40 20.39 20.39 20.40 20.37 20.41 20.41 20.43 20.39 20.39 20.44 20.45 20.42 20.46 20.43 20.41 20.42 20.43 20.45 20.43 20.43 20.43 20.43 20.42 20.43 20.42 20.42 20.43 20.45 20.44 20.45 20.44 20.45 20.47 20.45 20.45 20.47 20.45 20.43 20.44 20.44 20.43 20.42 20.43 20.44 20.43 20.42 20.45 20.47 20.44 20.41 20.42 20.42 20.41 20.43 20.45 20.45 20.45 20.43 20.44 20.44 20.40 20.39 20.39 20.39 20.38 20.38 20.40 20.39 20.40 20.38 20.41 20.40
20.37 20.38 20.38 20.37 20.38 20.38 20.40 20.39 20.38 20.38 20.37 20.40 20.38 20.40 20.38 20.42 20.39 20.47 20.42 20.41 20.40 20.42 20.40 20.43 20.43 20.43 20.41 20.41 20.40 20.41 20.41 20.41 20.45 20.45 20.42 20.43 20.40 20.43 20.45 20.44 20.44 20.43 20.44 20.45 20.43 20.43 20.41 20.42 20.41 20.41 20.41 20.45 20.43 20.39 20.39 20.38 20.37 20.41 20.41 20.43 20.44 20.43 20.41 20.41 20.41 20.37 20.39 20.38 20.38 20.35 20.37 20.36 20.39 20.40 20.38 20.40 20.39
20.33 20.35 20.35 20.36 20.35 20.37 20.38 20.38 20.37 20.36 20.35 20.36 20.39 20.36 20.38 20.39 20.34 20.37 20.39 20.38 20.40 20.39 20.37 20.40 20.41 20.42 20.39 20.39 20.38 20.39 20.40 20.43 20.45 20.43 20.41 20.39 20.40 20.40 20.42 20.43 20.39 20.41 20.39 20.38 20.41 20.42 20.41 20.41 20.40 20.39 20.39 20.39 20.39 20.36 20.31 20.37 20.39 20.41 20.39 20.38 20.41 20.40 20.39 20.39 20.36 20.34 20.34 20.38 20.36 20.36 20.32 20.35 20.35 20.37 20.35 20.36 20.37
20.32 20.32 20.33 20.33 20.32 20.33 20.33 20.36 20.36 20.36 20.35 20.33 20.34 20.38 20.37 20.39 20.35 20.39 20.39 20.37 20.41 20.36 20.37 20.40 20.39 20.36 20.37 20.37 20.36 20.39 20.37 20.38 20.38 20.44 20.41 20.37 20.40 20.39 20.40 20.42 20.41 20.39 20.38 20.38 20.40 20.41 20.41 20.41 20.39 20.39 20.39 20.37 20.34 20.37 20.38 20.38 20.37 20.38 20.36 20.34 20.36 20.37 20.36 20.37 20.37 20.36 20.32 20.32 20.34 20.32 20.33 20.33 20.34 20.36 20.35 20.35 20.34
20.29 20.30 20.31 20.31 20.30 20.32 20.32 20.31 20.29 20.31 20.33 20.33 20.34 20.33 20.35 20.34 20.45 20.43 20.34 20.34 20.33 20.36 20.36 20.36 20.37 20.36 20.37 20.36 20.36 20.36 20.33 20.32 20.34 20.36 20.36 20.37 20.35 20.36 20.37 20.36 20.38 20.42 20.41 20.39 20.39 20.40 20.40 20.39 20.37 20.37 20.34 20.37 20.37 20.37 20.38 20.35 20.35 20.35 20.35 20.33 20.34 20.34 20.36 20.37 20.34 20.39 20.31 20.30 20.31 20.31 20.30 20.33 20.35 20.34 20.32 20.32 20.32
20.29 20.27 20.29 20.29 20.27 20.28 20.29 20.29 20.27 20.29 20.30 20.33 20.30 20.32 20.34 20.28 20.27 20.31 20.29 20.29 20.32 20.35 20.35 20.36 20.33 20.33 20.32 20.33 20.33 20.33 20.33 20.32 20.32 20.32 20.34 20.36 20.34 20.36 20.37 20.38 20.38 20.37 20.35 20.37 20.36 20.36 20.36 20.37 20.35 20.35 20.34 20.36 20.37 20.36 20.34 20.32 20.32 20.33 20.31 20.33 20.32 20.33 20.35 20.33 20.33 20.35 20.32 20.30 20.30 20.30 20.33 20.33 20.33 20.32 20.32 20.32 20.30
20.27 20.27 20.29 20.27 20.28 20.29 20.29 20.30 20.30 20.30 20.30 20.34 20.40 20.31 20.30 20.28 20.26 20.29 20.27 20.28 20.28 20.32 20.33 20.31 20.30 20.30 20.32 20.34 20.33 20.30 20.32 20.32 20.30 20.29 20.31 20.32 20.31 20.31 20.30 20.32 20.32 20.32 20.29 20.32 20.34 20.34 20.35 20.34 20.33 20.32 20.35 20.36 20.33 20.30 20.30 20.29 20.29 20.29 20.29 20.30 20.32 20.29 20.29 20.28 20.30 20.33 20.31 20.28 20.28 20.29 20.29 20.29 20.30 20.30 20.30 20.30 20.29
20.27 20.28 20.29 20.29 20.29 20.29 20.31 20.30 20.28 20.27 20.31 20.37 20.38 20.30 20.28 20.30 20.28 20.24 20.25 20.26 20.26 20.26 20.26 20.32 20.31 20.32 20.32 20.34 20.32 20.30 20.30 20.29 20.27 20.29 20.27 20.25 20.25 20.26 20.27 20.25 20.27 20.26 20.27 20.29 20.32 20.33 20.34 20.32 20.31 20.32 20.34 20.32 20.31 20.30 20.31 20.28 20.26 20.26 20.27 20.28 20.27 20.26 20.26 20.27 20.28 20.28 20.31 20.27 20.26 20.27 20.27 20.29 20.29 20.28 20.28 20.27 20.27
20.26 20.26 20.26 20.24 20.25 20.25 20.28 20.26 20.25 20.25 20.25 20.26 20.29 20.27 20.29 20.27 20.27 20.24 20.25 20.23 20.24 20.25 20.20 20.24 20.30 20.30 20.31 20.31 20.29 20.27 20.25 20.26 20.28 20.26 20.24 20.24 20.25 20.24 20.24 20.24 20.24 20.25 20.27 20.28 20.28 20.28 20.27 20.29 20.28 20.29 20.29 20.28 20.32 20.29 20.29 20.29 20.28 20.25 20.27 20.25 20.23 20.25 20.26 20.27 20.26 20.26 20.29 20.27 20.25 20.26 20.27 20.24 20.22 20.24 20.27 20.25 20.23
20.24 20.25 20.24 20.23 20.29 20.26 20.25 20.23 20.25 20.22 20.23 20.25 20.23 20.22 20.24 20.25 20.28 20.26 20.25 20.23 20.23 20.22 20.23 20.22 20.23 20.23 20.23 20.23 20.23 20.23 20.23 20.23 20.23 20.24 20.22 20.23 20.22 20.22 20.21 20.21 20.21 20.21 20.22 20.23 20.25 20.24 20.23 20.25 20.25 20.24 20.26 20.27 20.29 20.28 20.27 20.27 20.27 20.25 20.25 20.25 20.24 20.24 20.24 20.24 20.25 20.24 20.24 20.24 20.23 20.22 20.24 20.24 20.25 20.24 20.23 20.21 20.22
20.24 20.26 20.27 20.25 20.29 20.26 20.21 20.21 20.22 20.22 20.23 20.23 20.22 20.22 20.23 20.25 20.25 20.24 20.23 20.24 20.20 20.22 20.22 20.20 20.20 20.21 20.20 20.21 20.21 20.22 20.25 20.22 20.24 20.20 20.20 20.19 20.19 20.20 20.18 20.19 20.19 20.21 20.21 20.23 20.22 20.22 20.22 20.26 20.23 20.22 20.22 20.24 20.26 20.25 20.23 20.23 20.23 20.23 20.25 20.24 20.22 20.25 20.23 20.22 20.21 20.21 20.19 20.20 20.19 20.20 20.22 20.23 20.22 20.23 20.21 20.21 20.20
20.21 20.22 20.23 20.23 20.21 20.19 20.19 20.22 20.22 20.23 20.22 20.21 20.22 20.20 20.22 20.22 20.23 20.23 20.22 20.24 20.22 20.22 20.21 20.20 20.20 20.21 20.21 20.20 20.21 20.21 20.23 20.22 20.19 20.16 20.16 20.17 20.18 20.18 20.18 20.18 20.18 20.19 20.18 20.19 20.17 20.17 20.17 20.21 20.20 20.19 20.19 20.20 20.21 20.23 20.22 20.22 20.22 20.22 20.22 20.23 20.23 20.23 20.23 20.22 20.22 20.22 20.21 20.20 20.18 20.20 20.19 20.20 20.21 20.20 20.19 20.20 20.19
20.20 20.22 20.19 20.21 20.21 20.21 20.21 20.22 20.20 20.21 20.23 20.20 20.20 20.20 20.19 20.21 20.21 20.20 20.21 20.23 20.22 20.21 20.19 20.20 20.19 20.17 20.18 20.22 20.19 20.18 20.16 20.18 20.17 20.14 20.15 20.15 20.15 20.16 20.15 20.16 20.16 20.16 20.16 20.16 20.16 20.16 20.16 20.19 20.18 20.17 20.17 20.18 20.17 20.17 20.18 20.20 20.18 20.19 20.20 20.22 20.22 20.24 20.22 20.21 20.25 20.23 20.23 20.22 20.15 20.15 20.16 20.17 20.17 20.20 20.18 20.16 20.15
20.15 20.17 20.18 20.20 20.14 20.19 20.19 20.19 20.19 20.19 20.19 20.19 20.18 20.17 20.20 20.21 20.21 20.19 20.18 20.17 20.18 20.17 20.17 20.19 20.19 20.19 20.19 20.18 20.17 20.16 20.15 20.15 20.16 20.15 20.14 20.15 20.14 20.13 20.14 20.14 20.16 20.15 20.14 20.15 20.15 20.15 20.14 20.15 20.15 20.15 20.14 20.15 20.16 20.15 20.17 20.18 20.18 20.19 20.17 20.20 20.22 20.23 20.21 20.23 20.22 20.20 20.20 20.20 20.15 20.15 20.15 20.15 20.15 20.16 20.16 20.14 20.15
20.12 20.13 20.17 20.22 20.15 20.18 20.19 20.18 20.17 20.19 20.19 20.17 20.13 20.12 20.15 20.15 20.16 20.15 20.16 20.17 20.16 20.14 20.17 20.18 20.20 20.16 20.16 20.14 20.13 20.15 20.15 20.14 20.16 20.16 20.14 20.13 20.12 20.12 20.12 20.12 20.13 20.13 20.12 20.12 20.12 20.12 20.12 20.13 20.13 20.13 20.13 20.13 20.13 20.13 20.13 20.14 20.16 20.15 20.17 20.17 20.17 20.19 20.18 20.19 20.19 20.16 20.20 20.18 20.18 20.16 20.15 20.15 20.14 20.13 20.14 20.15 20.14
20.15 20.18 20.16 20.15 20.17 20.23 20.22 20.17 20.17 20.16 20.15 20.14 20.11 20.10 20.10 20.10 20.11 20.12 20.14 20.14 20.15 20.15 20.11 20.15 20.13 20.15 20.14 20.13 20.15 20.14 20.12 20.13 20.14 20.13 20.13 20.12 20.10 20.11 20.09 20.10 20.10 20.10 20.11 20.12 20.10 20.10 20.12 20.11 20.12 20.12 20.11 20.10 20.11 20.12 20.11 20.11 20.11 20.11 20.14 20.15 20.13 20.15 20.15 20.18 20.19 20.17 20.16 20.15 20.16 20.14 20.15 20.14 20.16 20.15 20.14 20.13 20.10
20.19 20.17 20.15 20.10 20.17 20.19 20.21 20.19 20.13 20.14 20.13 20.13 20.10 20.10 20.09 20.09 20.08 20.07 20.11 20.13 20.11 20.12 20.11 20.13 20.12 20.13 20.12 20.12 20.10 20.10 20.10 20.10 20.10 20.09 20.09 20.09 20.09 20.09 20.10 20.09 20.09 20.09 20.10 20.09 20.10 20.08 20.09 20.09 20.09 20.10 20.09 20.10 20.10 20.11 20.09 20.11 20.11 20.10 20.10 20.12 20.12 20.11 20.12 20.20 20.22 20.20 20.14 20.13 20.12 20.13 20.15 20.15 20.15 20.15 20.14 20.11 20.10
20.16 20.15 20.12 20.11 20.09 20.11 20.15 20.16 20.13 20.13 20.10 20.09 20.09 20.08 20.06 20.06 20.09 20.10 20.13 20.12 20.13 20.12 20.11 20.09 20.08 20.08 20.09 20.09 20.10 20.08 20.07 20.08 20.08 20.08 20.08 20.08 20.09 20.10 20.10 20.10 20.08 20.06 20.08 20.08 20.08 20.07 20.08 20.08 20.07 20.07 20.06 20.08 20.08 20.08 20.08 20.08 20.08 20.09 20.09 20.12 20.11 20.11 20.10 20.17 20.20 20.20 20.18 20.13 20.13 20.09 20.13 20.10 20.13 20.11 20.11 20.09 20.10
