main/data/irradiance/16.05.2023.grid
ncols 839
nrows 679
xllcenter 112.0500
yllcenter -43.9500
cellsize 0.0500
nodata_value 99999.90
[rows 238 to 271 of 679, columns 308 to 384 of 839]
17.93 17.92 17.91 17.91 17.92 17.92 17.93 17.95 17.94 17.93 17.92 17.93 17.92 17.93 17.92 17.94 17.91 17.91 17.91 17.92 17.93 17.92 17.94 17.93 17.93 17.92 17.91 17.89 17.87 17.89 17.92 17.87 17.91 17.90 17.88 17.87 17.87 17.86 17.86 17.87 17.88 17.85 17.88 17.85 17.82 17.84 17.90 17.88 17.86 17.88 17.85 17.88 17.87 17.91 17.91 17.88 17.91 17.92 17.91 17.89 17.87 17.85 17.86 17.82 17.81 17.84 17.84 17.90 17.91 17.90 17.89 17.88 17.85 17.79 17.79 17.79 17.80
17.90 17.88 17.89 17.88 17.88 17.88 17.89 17.89 17.89 17.90 17.90 17.91 17.92 17.92 17.92 17.92 17.91 17.90 17.91 17.93 17.91 17.92 17.93 17.92 17.91 17.91 17.90 17.90 17.90 17.89 17.90 17.80 17.72 17.79 17.80 17.86 17.85 17.86 17.86 17.88 17.87 17.88 17.89 17.85 17.84 17.88 17.89 17.86 17.86 17.87 17.85 17.83 17.80 17.83 17.79 17.79 17.78 17.83 17.87 17.86 17.84 17.88 17.84 17.77 17.72 17.78 17.80 17.82 17.85 17.87 17.82 17.80 17.77 17.80 17.80 17.78 17.79
17.88 17.87 17.89 17.88 17.87 17.87 17.88 17.87 17.88 17.89 17.88 17.88 17.90 17.90 17.90 17.90 17.89 17.87 17.88 17.88 17.90 17.91 17.90 17.90 17.86 17.86 17.88 17.90 17.88 17.84 17.73 16.22 17.28 16.82 16.79 17.12 17.86 17.84 17.85 17.86 17.85 17.87 17.86 17.86 17.86 17.87 17.84 17.84 17.86 17.84 17.82 17.82 17.81 17.81 17.82 17.83 17.85 17.83 17.82 17.81 17.78 17.82 17.81 17.77 17.76 17.72 17.75 17.75 17.76 17.77 17.76 17.71 17.75 17.75 17.75 17.77 17.80
17.87 17.86 17.85 17.86 17.85 17.84 17.85 17.86 17.86 17.86 17.85 17.85 17.86 17.86 17.85 17.86 17.87 17.87 17.88 17.87 17.88 17.86 17.85 17.82 17.85 17.87 17.87 17.84 17.83 17.84 16.23 15.50 16.93 16.97 17.25 17.48 17.83 17.84 17.87 17.86 17.85 17.83 17.86 17.85 17.87 17.85 17.83 17.83 17.84 17.84 17.83 17.84 17.83 17.83 17.84 17.84 17.85 17.84 17.83 17.80 17.74 17.76 17.79 17.76 17.75 17.77 17.75 17.76 17.76 17.74 17.72 17.73 17.71 17.72 17.73 17.74 17.77
17.83 17.83 17.84 17.84 17.85 17.82 17.82 17.84 17.86 17.85 17.84 17.84 17.84 17.84 17.84 17.83 17.83 17.83 17.86 17.85 17.84 17.83 17.83 17.82 17.83 17.83 17.84 17.81 17.78 17.19 14.63 16.14 16.74 17.04 17.78 17.80 17.81 17.82 17.84 17.84 17.79 17.78 17.80 17.83 17.85 17.80 17.81 17.81 17.84 17.84 17.84 17.83 17.82 17.83 17.83 17.83 17.84 17.82 17.78 17.78 17.76 17.77 17.77 17.73 17.69 17.69 17.68 17.64 17.66 17.64 17.67 17.70 17.71 17.73 17.71 17.70 17.71
17.82 17.81 17.82 17.83 17.81 17.80 17.80 17.82 17.82 17.82 17.81 17.81 17.82 17.82 17.81 17.81 17.81 17.82 17.82 17.82 17.81 17.81 17.82 17.81 17.82 17.78 17.78 17.82 16.23 15.63 16.03 17.02 16.66 17.39 17.75 17.76 17.75 17.78 17.80 17.80 17.76 17.75 17.76 17.81 17.83 17.82 17.82 17.82 17.82 17.83 17.83 17.83 17.80 17.79 17.78 17.80 17.81 17.81 17.78 17.75 17.72 17.74 17.73 17.71 17.69 17.66 17.64 17.65 17.68 17.64 17.71 17.72 17.72 17.75 17.76 17.77 17.74
17.68 17.79 17.80 17.81 17.81 17.81 17.81 17.81 17.82 17.81 17.81 17.80 17.80 17.80 17.80 17.80 17.80 17.80 17.79 17.78 17.80 17.79 17.78 17.78 17.79 17.79 17.72 15.30 14.21 15.29 15.51 16.91 17.36 17.69 17.73 17.74 17.74 17.74 17.74 17.76 17.78 17.75 17.78 17.77 17.79 17.82 17.82 17.80 17.82 17.81 17.81 17.80 17.80 17.78 17.73 17.74 17.73 17.74 17.73 17.74 17.73 17.70 17.70 17.69 17.61 17.64 17.67 17.68 17.68 17.73 17.72 17.70 17.69 17.70 17.71 17.71 17.71
17.77 17.78 17.80 17.81 17.80 17.79 17.79 17.78 17.79 17.79 17.79 17.75 17.76 17.78 17.78 17.78 17.79 17.78 17.78 17.77 17.78 17.80 17.73 17.74 17.65 16.60 14.36 14.00 15.20 14.74 16.17 16.79 16.85 17.64 17.71 17.71 17.72 17.70 17.70 17.68 17.76 17.75 17.74 17.76 17.79 17.79 17.78 17.80 17.80 17.79 17.79 17.79 17.78 17.77 17.75 17.72 17.73 17.74 17.67 17.65 17.62 17.60 17.58 17.60 17.59 17.62 17.67 17.71 17.71 17.70 17.71 17.71 17.70 17.71 17.68 17.65 17.66
17.76 17.75 17.78 17.79 17.77 17.75 17.69 17.74 17.74 17.73 17.74 17.76 17.74 17.74 17.75 17.75 17.76 17.76 17.75 17.75 17.37 15.44 13.92 13.98 13.12 12.97 14.64 14.71 13.96 15.26 16.63 16.19 16.48 16.42 16.89 17.34 17.68 17.75 17.76 17.74 17.72 17.69 17.72 17.75 17.77 17.75 17.73 17.75 17.77 17.75 17.73 17.74 17.75 17.74 17.74 17.72 17.70 17.71 17.67 17.62 17.58 17.61 17.61 17.60 17.62 17.67 17.69 17.71 17.67 17.70 17.72 17.72 17.73 17.73 17.71 17.65 17.64
17.74 17.75 17.76 17.78 17.77 17.75 17.75 17.74 17.73 17.74 17.73 17.73 17.72 17.74 17.75 17.73 17.72 17.73 17.49 17.73 16.80 11.60 11.00 11.50 12.99 15.01 14.15 14.97 14.78 14.46 16.86 15.54 15.57 16.06 16.29 16.40 17.64 17.72 17.74 17.74 17.71 17.67 17.69 17.73 17.73 17.74 17.75 17.75 17.73 17.71 17.71 17.74 17.75 17.71 17.69 17.68 17.66 17.64 17.63 17.62 17.61 17.63 17.61 17.63 17.68 17.69 17.70 17.71 17.68 17.68 17.70 17.72 17.72 17.71 17.71 17.69 17.64
17.73 17.73 17.73 17.74 17.72 17.73 17.71 17.70 17.72 17.70 17.71 17.74 17.71 17.71 17.70 17.73 17.72 17.17 16.80 17.70 16.98 12.41 11.70 11.67 12.16 12.46 14.01 13.46 15.45 14.92 15.23 14.78 15.38 15.99 17.57 17.52 17.65 17.70 17.71 17.73 17.73 17.73 17.72 17.72 17.74 17.75 17.74 17.75 17.73 17.67 17.68 17.68 17.71 17.62 17.56 17.61 17.61 17.55 17.49 17.51 17.62 17.65 17.63 17.62 17.66 17.69 17.71 17.71 17.71 17.70 17.71 17.71 17.70 17.70 17.67 17.63 17.64
17.71 17.71 17.71 17.71 17.70 17.70 17.71 17.71 17.70 17.69 17.66 17.67 17.72 17.70 17.71 17.72 17.63 17.60 15.78 15.53 14.21 13.22 12.56 13.54 13.43 13.79 13.47 14.13 13.64 14.56 14.86 14.36 15.16 16.29 17.62 17.66 17.67 17.68 17.68 17.68 17.69 17.70 17.70 17.71 17.69 17.70 17.71 17.71 17.71 17.71 17.71 17.69 17.66 17.62 17.59 17.63 17.64 17.63 17.51 17.51 17.60 17.68 17.65 17.63 17.70 17.67 17.68 17.69 17.68 17.67 17.66 17.66 17.68 17.67 17.64 17.65 17.63
17.70 17.69 17.69 17.69 17.66 17.64 17.65 17.67 17.68 17.67 17.66 17.67 17.69 17.68 16.88 16.77 16.74 17.61 14.06 12.98 12.68 13.04 14.05 14.45 14.97 14.35 14.59 14.16 13.24 13.78 15.15 15.27 15.40 16.51 17.60 17.63 17.65 17.66 17.66 17.66 17.66 17.67 17.67 17.68 17.67 17.67 17.69 17.69 17.70 17.69 17.68 17.66 17.66 17.64 17.61 17.59 17.62 17.60 17.54 17.51 17.60 17.64 17.65 17.63 17.67 17.67 17.66 17.66 17.67 17.65 17.65 17.65 17.66 17.64 17.63 17.67 17.68
17.67 17.68 17.68 17.68 17.65 17.64 17.65 17.64 17.65 17.65 17.66 17.66 17.66 17.66 17.63 17.64 17.65 17.14 14.88 14.83 15.13 13.76 14.92 15.98 15.84 15.26 14.20 14.17 13.52 13.58 14.96 16.51 17.25 17.61 17.65 17.65 17.64 17.64 17.64 17.64 17.64 17.64 17.65 17.66 17.66 17.66 17.67 17.68 17.66 17.62 17.65 17.62 17.65 17.65 17.66 17.62 17.62 17.61 17.65 17.66 17.65 17.66 17.65 17.55 17.66 17.67 17.66 17.65 17.65 17.64 17.65 17.65 17.65 17.64 17.63 17.64 17.65
17.64 17.66 17.67 17.66 17.65 17.65 17.63 17.64 17.63 17.62 17.63 17.64 17.64 17.63 17.64 17.64 17.66 17.62 17.62 17.44 17.61 17.04 16.31 16.25 17.08 16.06 14.28 14.01 14.78 15.38 16.94 17.59 17.63 17.63 17.63 17.62 17.62 17.62 17.62 17.63 17.63 17.64 17.64 17.64 17.65 17.65 17.65 17.64 17.64 17.56 17.55 17.60 17.61 17.56 17.60 17.61 17.58 17.61 17.65 17.66 17.64 17.62 17.60 17.62 17.64 17.64 17.60 17.59 17.61 17.61 17.62 17.62 17.63 17.62 17.61 17.57 17.53
17.63 17.63 17.63 17.62 17.62 17.62 17.61 17.59 17.59 17.61 17.63 17.63 17.63 17.61 17.62 17.63 17.64 17.64 17.63 17.61 17.59 17.59 17.59 17.56 17.60 17.41 16.35 15.74 15.96 16.51 17.52 17.59 17.60 17.62 17.61 17.60 17.60 17.60 17.60 17.61 17.61 17.61 17.62 17.62 17.62 17.60 17.60 17.59 17.59 17.57 17.56 17.58 17.60 17.60 17.62 17.62 17.58 17.58 17.60 17.59 17.57 17.55 17.57 17.59 17.56 17.46 17.41 17.46 17.54 17.56 17.58 17.59 17.59 17.59 17.57 17.54 17.53
17.61 17.60 17.59 17.60 17.60 17.59 17.58 17.57 17.57 17.56 17.59 17.60 17.59 17.60 17.61 17.61 17.62 17.61 17.61 17.60 17.60 17.58 17.58 17.58 17.59 17.57 17.57 17.50 17.50 17.61 17.61 17.60 17.60 17.60 17.58 17.58 17.58 17.58 17.59 17.59 17.59 17.58 17.59 17.58 17.57 17.57 17.57 17.58 17.58 17.57 17.55 17.57 17.57 17.57 17.57 17.53 17.56 17.58 17.55 17.57 17.57 17.56 17.52 17.55 17.51 17.46 17.52 17.54 17.53 17.49 17.49 17.49 17.48 17.48 17.50 17.52 17.51
17.53 17.55 17.56 17.56 17.56 17.55 17.55 17.56 17.57 17.55 17.57 17.59 17.57 17.59 17.59 17.59 17.59 17.58 17.58 17.58 17.58 17.59 17.58 17.56 17.56 17.55 17.55 17.55 17.55 17.56 17.57 17.58 17.58 17.57 17.57 17.56 17.56 17.56 17.57 17.57 17.58 17.57 17.56 17.52 17.56 17.56 17.57 17.57 17.55 17.55 17.55 17.54 17.54 17.53 17.52 17.52 17.54 17.53 17.54 17.56 17.55 17.53 17.48 17.44 17.48 17.49 17.53 17.53 17.51 17.47 17.51 15.17 16.37 17.52 17.54 17.53 17.53
17.49 17.53 17.54 17.54 17.56 17.53 17.53 17.50 17.53 17.55 17.54 17.57 17.58 17.57 17.55 17.56 17.57 17.56 17.56 17.56 17.56 17.56 17.56 17.56 17.56 17.56 17.55 17.56 17.56 17.56 17.56 17.56 17.56 17.56 17.55 17.56 17.56 17.54 17.55 17.55 17.55 17.55 17.55 17.55 17.56 17.56 17.55 17.56 17.56 17.55 17.56 17.54 17.55 17.54 17.52 17.52 17.53 17.53 17.54 17.54 17.53 17.50 17.45 17.43 17.49 17.51 17.50 17.50 17.47 17.38 17.50 16.26 15.74 17.43 17.44 17.38 17.21
17.51 17.52 17.53 17.52 17.52 17.48 17.49 17.47 17.48 17.50 17.48 17.49 17.54 17.53 17.54 17.54 17.54 17.54 17.54 17.53 17.53 17.55 17.54 17.54 17.53 17.54 17.54 17.54 17.54 17.53 17.54 17.53 17.52 17.52 17.52 17.53 17.53 17.53 17.52 17.52 17.52 17.52 17.54 17.53 17.54 17.54 17.53 17.50 17.53 17.53 17.52 17.52 17.51 17.52 17.51 17.51 17.50 17.51 17.52 17.52 17.52 17.52 17.50 17.49 17.47 17.47 17.47 17.47 17.49 17.48 17.48 16.54 17.11 17.33 17.33 17.32 17.24
17.51 17.50 17.50 17.46 17.48 17.47 17.48 17.51 17.49 17.47 17.46 17.48 17.51 17.52 17.53 17.51 17.48 17.49 17.50 17.48 17.50 17.52 17.52 17.51 17.51 17.51 17.51 17.52 17.52 17.52 17.53 17.52 17.51 17.50 17.50 17.51 17.53 17.53 17.52 17.52 17.51 17.49 17.48 17.50 17.51 17.50 17.51 17.50 17.51 17.51 17.50 17.48 17.49 17.50 17.49 17.48 17.50 17.49 17.51 17.50 17.49 17.47 17.47 17.48 17.48 17.46 17.43 17.45 17.48 17.47 17.47 17.38 17.42 17.43 17.43 17.39 17.38
17.49 17.47 17.47 17.39 17.43 17.45 17.46 17.44 17.41 17.41 17.41 17.44 17.44 17.45 17.44 17.48 17.43 17.41 17.45 17.47 17.49 17.50 17.48 17.49 17.50 17.51 17.50 17.50 17.50 17.49 17.49 17.49 17.49 17.49 17.49 17.48 17.48 17.48 17.48 17.48 17.48 17.49 17.47 17.47 17.48 17.49 17.50 17.50 17.47 17.47 17.48 17.47 17.47 17.49 17.48 17.48 17.48 17.48 17.49 17.49 17.48 17.46 17.45 17.45 17.46 17.45 17.44 17.45 17.48 17.46 17.46 17.46 17.49 17.49 17.49 17.47 17.47
17.42 17.44 17.45 17.45 17.47 17.47 17.47 17.47 17.44 17.42 17.42 17.43 17.44 17.45 17.45 17.44 17.42 17.41 17.43 17.43 17.45 17.42 17.44 17.45 17.44 17.47 17.48 17.48 17.49 17.48 17.47 17.48 17.48 17.48 17.48 17.47 17.49 17.48 17.48 17.49 17.48 17.47 17.48 17.48 17.46 17.45 17.47 17.47 17.44 17.44 17.46 17.46 17.45 17.48 17.46 17.45 17.47 17.47 17.48 17.48 17.48 17.46 17.45 17.43 17.42 17.43 17.44 17.44 17.45 17.44 17.45 17.46 17.47 17.46 17.47 17.48 17.47
17.39 17.40 17.38 17.35 17.41 17.43 17.42 17.44 17.43 17.42 17.41 17.40 17.40 17.41 17.40 17.42 17.40 17.39 17.41 17.40 17.44 17.44 17.36 17.33 17.40 17.44 17.44 17.47 17.48 17.48 17.46 17.44 17.45 17.45 17.43 17.44 17.47 17.47 17.46 17.46 17.45 17.45 17.44 17.42 17.42 17.42 17.44 17.45 17.45 17.45 17.45 17.45 17.42 17.44 17.44 17.43 17.43 17.43 17.44 17.46 17.46 17.44 17.44 17.43 17.42 17.40 17.42 17.43 17.43 17.42 17.42 17.43 17.44 17.44 17.44 17.46 17.47
17.37 17.36 17.38 17.24 17.40 17.42 17.43 17.39 17.40 17.41 17.40 17.37 17.36 17.39 17.39 17.41 17.42 17.41 17.39 17.38 17.38 17.42 17.41 17.39 17.38 17.39 17.40 17.43 17.44 17.32 17.39 17.38 17.33 17.42 17.42 17.43 17.42 17.43 17.45 17.44 17.43 17.44 17.44 17.41 17.40 17.42 17.41 17.42 17.43 17.42 17.42 17.42 17.40 17.42 17.41 17.39 17.39 17.39 17.40 17.41 17.41 17.40 17.41 17.42 17.42 17.39 17.39 17.37 17.41 17.40 17.41 17.41 17.42 17.42 17.41 17.42 17.45
17.37 17.33 17.12 16.94 17.00 17.43 17.43 17.40 17.42 17.41 17.40 17.37 17.37 17.37 17.40 17.37 17.33 17.35 17.36 17.34 17.33 17.34 17.37 17.37 17.38 17.41 17.38 17.42 17.43 17.37 17.35 17.42 17.41 17.42 17.41 17.41 17.41 17.35 17.41 17.40 17.42 17.41 17.41 17.41 17.40 17.41 17.41 17.41 17.41 17.41 17.40 17.42 17.42 17.40 17.38 17.37 17.38 17.39 17.38 17.38 17.39 17.39 17.39 17.39 17.40 17.38 17.36 17.36 17.36 17.35 17.37 17.36 17.38 17.39 17.39 17.38 17.41
17.36 17.36 17.38 17.25 16.85 17.38 17.40 17.41 17.37 17.37 17.37 17.35 17.36 17.36 17.39 17.39 17.36 17.34 17.33 17.36 17.36 17.34 17.33 17.33 17.35 17.37 17.37 17.38 17.38 17.38 17.39 17.39 17.39 17.39 17.38 17.39 17.40 17.39 17.40 17.39 17.36 17.37 17.36 17.37 17.38 17.35 17.40 17.37 17.40 17.40 17.39 17.38 17.39 17.37 17.36 17.36 17.37 17.36 17.35 17.35 17.36 17.38 17.39 17.35 17.37 17.37 17.36 17.35 17.34 17.34 17.36 17.37 17.36 17.36 17.35 17.37 17.39
17.26 17.29 17.30 17.33 17.33 17.33 17.38 17.39 17.37 17.36 17.34 17.35 17.34 17.36 17.38 17.39 17.36 17.33 17.32 17.30 17.31 17.29 17.27 17.28 17.28 17.32 17.33 17.33 17.35 17.35 17.37 17.37 17.37 17.37 17.35 17.37 17.37 17.36 17.34 17.35 17.35 17.34 17.34 17.28 17.32 17.33 17.34 17.32 17.30 17.36 17.36 17.34 17.34 17.35 17.36 17.35 17.35 17.34 17.35 17.33 17.35 17.36 17.35 17.31 17.26 17.28 17.34 17.34 17.35 17.34 17.35 17.33 17.34 17.35 17.32 17.34 17.38
17.28 17.26 17.30 17.32 17.30 17.35 17.36 17.37 17.36 17.34 17.34 17.32 17.34 17.35 17.35 17.33 17.32 17.31 17.34 17.33 17.31 17.30 17.29 17.29 17.25 17.23 17.16 17.31 17.31 17.32 17.33 17.34 17.34 17.33 17.34 17.35 17.35 17.33 17.32 17.33 17.34 17.34 17.33 17.32 17.31 17.32 17.32 17.34 17.31 17.34 17.34 17.35 17.34 17.33 17.33 17.34 17.34 17.32 17.32 17.32 17.33 17.33 17.32 17.33 17.32 17.23 17.28 17.29 17.30 17.35 17.34 17.32 17.33 17.33 17.32 17.33 17.33
17.30 17.28 17.30 17.31 17.32 17.33 17.32 17.33 17.34 17.33 17.33 17.34 17.35 17.33 17.30 17.33 17.30 17.30 17.31 17.33 17.29 17.30 17.28 17.28 17.27 17.27 17.26 17.27 17.21 16.95 15.93 16.59 17.26 17.33 17.31 17.31 17.32 17.33 17.33 17.34 17.33 17.33 17.31 17.30 17.30 17.30 17.30 17.29 17.31 17.32 17.32 17.32 17.31 17.30 17.31 17.32 17.33 17.32 17.31 17.32 17.32 17.31 17.30 17.30 17.32 17.27 17.28 17.29 17.28 17.31 17.30 17.30 17.32 17.32 17.31 17.30 17.30
17.29 17.26 17.24 17.26 17.24 17.26 17.27 17.30 17.32 17.31 17.31 17.33 17.33 17.29 17.27 17.29 17.26 17.26 17.26 17.27 17.29 17.27 17.25 17.23 16.98 17.03 17.22 17.16 16.87 16.11 15.36 15.27 16.91 17.31 17.31 17.28 17.28 17.27 17.30 17.32 17.31 17.30 17.31 17.31 17.31 17.30 17.31 17.31 17.30 17.31 17.31 17.31 17.31 17.30 17.29 17.30 17.30 17.31 17.31 17.30 17.29 17.30 17.29 17.27 17.27 17.30 17.28 17.28 17.26 17.26 17.26 17.28 17.29 17.29 17.28 17.29 17.27
17.30 17.27 17.26 17.21 17.21 17.17 17.21 17.25 17.28 17.29 17.27 17.28 17.28 17.26 17.27 17.29 17.27 17.24 17.25 17.24 17.24 17.27 17.19 17.06 17.09 17.22 17.13 16.85 16.71 16.15 15.45 14.17 17.12 17.28 17.30 17.31 17.31 17.27 17.26 17.29 17.26 17.27 17.29 17.29 17.29 17.29 17.30 17.29 17.28 17.28 17.29 17.28 17.28 17.28 17.27 17.27 17.28 17.26 17.27 17.28 17.28 17.29 17.26 17.24 17.25 17.26 17.24 17.25 17.24 17.25 17.26 17.27 17.28 17.28 17.28 17.29 17.27
17.26 17.23 17.23 17.16 17.20 17.16 17.14 17.19 17.20 17.20 17.20 17.16 17.24 17.23 17.22 17.24 17.26 17.23 17.23 17.21 17.18 17.17 17.19 17.18 17.20 17.19 17.19 17.15 17.17 16.22 15.05 15.63 17.18 17.21 17.23 17.28 17.30 17.26 17.25 17.27 17.25 17.24 17.22 17.17 17.25 17.26 17.26 17.25 17.23 17.26 17.25 17.26 17.26 17.25 17.25 17.26 17.26 17.26 17.26 17.26 17.25 17.25 17.26 17.25 17.26 17.25 17.24 17.25 17.24 17.22 17.23 17.23 17.24 17.26 17.26 17.25 17.22
17.24 17.22 17.23 17.20 17.22 17.22 17.20 17.15 17.18 17.19 17.20 17.19 17.17 17.22 17.18 17.19 17.24 17.24 17.23 17.19 17.18 17.18 17.18 17.20 17.21 17.20 17.20 17.19 17.18 17.17 17.13 17.09 17.05 17.24 17.25 17.22 17.21 17.22 17.16 17.20 17.19 17.23 17.23 17.10 17.23 17.24 17.22 17.22 17.24 17.26 17.23 17.23 17.23 17.22 17.22 17.25 17.26 17.25 17.24 17.22 17.22 17.21 17.22 17.23 17.23 17.24 17.24 17.24 17.25 17.23 17.21 17.21 17.21 17.21 17.21 17.21 17.21
