main/data/irradiance/16.11.2023.grid
ncols 839
nrows 679
xllcenter 112.0500
yllcenter -43.9500
cellsize 0.0500
nodata_value 99999.90
[rows 102 to 135 of 679, columns 308 to 384 of 839]
27.15 26.42 27.14 28.40 26.25 26.74 28.03 28.25 27.96 28.48 28.62 28.66 28.77 28.77 28.92 28.92 28.57 28.86 28.86 28.86 28.87 28.86 28.86 28.87 28.75 28.29 28.23 28.73 28.88 28.90 28.67 28.55 28.76 28.85 28.90 28.90 28.88 28.92 28.94 28.79 28.40 28.48 28.66 28.66 28.60 28.60 28.62 28.79 27.07 28.27 27.81 27.08 27.59 27.15 27.83 28.45 27.90 28.57 28.42 28.28 28.24 27.84 28.53 27.80 27.36 28.22 28.08 28.51 28.68 28.86 28.86 28.70 28.82 28.80 28.19 28.59 28.55
26.67 27.61 27.01 28.24 27.13 27.32 27.49 27.55 28.39 28.52 28.51 28.63 28.64 28.64 28.92 28.52 28.52 28.67 28.88 28.88 28.86 28.86 28.87 28.88 28.75 28.39 28.62 28.75 28.83 28.79 28.88 28.88 28.81 28.89 28.88 28.89 28.92 28.92 28.93 28.91 28.55 27.94 28.46 28.70 28.70 28.33 28.33 28.53 27.79 27.81 27.63 28.17 27.58 27.52 27.95 27.97 28.35 28.07 27.83 28.68 28.76 28.62 28.35 28.14 28.58 28.02 28.12 28.48 28.70 28.68 28.79 28.49 28.70 28.53 28.60 27.81 28.22
27.18 26.88 26.61 27.32 27.73 28.29 28.53 28.49 28.58 28.31 28.28 28.40 28.78 28.78 28.85 28.85 28.52 28.84 28.91 28.83 28.54 28.65 28.88 28.86 28.33 28.25 28.20 28.83 28.88 28.58 28.82 28.90 28.89 28.92 28.91 28.93 28.90 28.74 28.84 28.93 28.69 26.76 28.02 28.67 28.42 28.18 28.38 28.44 28.65 28.05 27.31 27.42 28.14 27.67 28.53 28.31 28.45 28.30 28.00 27.91 28.58 28.04 27.60 27.71 27.37 27.82 28.74 28.84 28.42 28.55 28.60 28.60 28.73 28.47 27.99 28.67 27.93
26.74 26.57 27.10 27.47 27.41 27.68 27.95 28.08 28.21 28.13 28.68 28.82 28.78 28.97 28.97 29.00 29.00 28.95 28.93 28.91 28.93 28.80 28.63 28.85 28.68 28.11 28.53 28.68 28.90 28.83 28.80 28.89 28.89 28.91 28.87 28.91 28.89 28.72 28.79 28.93 28.52 27.96 27.78 28.55 28.56 28.65 28.20 28.45 28.48 28.35 28.07 27.60 27.52 28.43 28.51 28.49 27.99 28.77 28.12 27.59 27.74 28.14 27.14 28.16 28.10 28.41 28.64 28.74 28.79 28.67 28.49 28.34 28.75 28.75 28.70 28.59 28.71
26.32 27.25 27.59 26.85 27.15 28.06 28.01 27.77 27.56 28.33 28.90 29.03 29.03 29.03 29.03 29.14 29.14 28.95 28.67 28.82 28.86 28.29 28.57 28.47 28.79 28.14 27.84 28.55 28.87 28.83 28.81 28.92 28.91 28.91 28.92 28.89 28.84 28.93 28.08 28.28 28.24 28.66 28.55 28.36 28.57 28.82 28.67 28.59 28.31 28.51 28.09 27.83 27.69 27.90 28.50 28.69 28.94 28.53 28.46 28.07 28.05 28.50 27.70 28.37 28.60 28.63 28.48 28.81 28.83 28.36 27.98 28.30 28.30 27.69 28.50 27.83 28.06
27.14 26.44 26.72 26.06 27.33 27.81 27.48 27.27 27.54 28.20 28.92 29.18 29.12 29.12 29.03 29.03 28.69 28.29 28.03 28.45 27.57 28.10 27.64 27.62 28.62 27.82 28.40 28.58 28.84 28.91 28.87 28.85 28.91 28.92 28.80 28.84 28.57 27.55 28.22 28.58 27.72 28.35 28.77 28.68 28.43 28.66 28.82 28.56 28.37 28.53 28.22 28.39 28.49 28.39 28.43 28.63 28.68 27.82 28.01 28.21 27.81 28.03 28.26 28.42 28.86 28.70 28.58 28.68 28.78 28.59 28.38 28.23 27.46 27.85 28.00 28.02 27.93
26.70 27.03 26.85 25.79 26.68 27.19 26.28 27.43 27.64 28.11 28.66 28.94 29.12 28.91 28.91 28.59 28.58 27.42 26.90 27.29 26.96 28.54 28.35 27.77 28.28 28.06 28.24 28.59 28.35 28.80 28.69 28.74 28.82 28.92 28.69 28.70 28.77 28.88 28.67 28.78 28.64 28.70 28.63 27.77 27.63 28.35 28.76 28.74 28.85 28.84 28.78 28.82 28.72 28.84 28.77 28.73 28.11 28.67 28.33 28.15 27.83 28.41 28.47 28.59 28.62 28.74 28.74 28.91 28.88 28.80 28.86 28.01 27.72 27.74 27.58 27.25 28.23
26.42 26.02 25.97 26.34 27.09 26.46 26.66 27.42 27.76 28.41 28.54 28.70 28.85 28.93 28.75 28.41 28.56 28.36 27.91 27.24 28.10 28.58 28.26 28.63 27.87 27.78 28.66 28.33 28.57 28.47 28.32 28.76 28.84 28.84 28.79 28.79 28.86 28.39 28.57 28.89 28.44 28.02 28.21 28.64 27.31 28.21 28.53 28.85 28.83 28.61 28.72 28.75 28.84 28.71 28.68 28.97 28.74 28.78 28.77 28.15 28.57 28.76 28.35 28.32 28.77 28.60 28.85 28.87 28.77 28.41 28.96 28.59 28.04 28.04 27.83 27.46 27.65
26.38 25.80 25.43 25.93 26.54 27.02 26.44 26.66 28.59 29.00 28.30 28.49 28.88 28.81 28.26 28.34 28.29 28.69 28.45 28.15 27.75 28.43 28.37 28.77 28.35 28.82 28.61 28.26 28.24 28.65 27.61 28.93 28.70 28.97 28.77 28.52 28.81 28.36 28.34 28.61 27.65 28.33 28.74 28.84 28.09 28.10 28.64 28.81 28.80 28.55 28.64 28.61 28.63 28.59 28.62 28.95 28.93 28.78 28.41 27.73 27.47 27.79 28.80 28.61 28.75 28.97 28.77 28.84 28.87 28.89 28.72 28.41 27.67 27.94 28.46 28.12 28.36
27.09 26.63 25.85 27.09 26.69 26.46 27.26 27.71 28.68 28.93 29.09 28.46 28.75 28.25 27.91 27.43 27.88 28.33 28.44 27.92 28.29 28.61 28.71 28.46 28.36 28.34 28.82 28.71 27.93 28.22 26.58 28.61 28.84 28.93 28.84 28.83 28.80 28.92 28.35 28.31 28.81 27.93 28.78 28.70 28.39 28.79 28.89 28.94 28.93 28.44 28.57 28.80 28.89 28.82 28.88 28.53 28.72 28.56 28.49 28.16 28.13 28.25 28.68 28.62 28.77 28.87 28.38 28.23 28.33 28.95 28.67 28.98 28.77 28.85 28.58 28.39 28.35
25.19 25.91 25.32 26.86 26.62 27.10 28.06 28.15 28.05 28.31 28.40 28.57 28.09 28.45 27.50 27.67 27.56 28.14 28.25 27.93 28.26 28.76 28.85 28.56 28.39 28.46 28.67 28.49 28.40 28.40 27.49 28.63 29.00 28.95 28.87 28.20 28.82 28.75 27.97 28.41 28.89 28.30 28.35 28.63 28.81 28.61 28.81 28.82 29.00 28.71 28.67 28.69 28.72 28.98 28.74 28.55 28.30 28.48 28.43 28.40 28.55 28.69 28.70 28.74 28.87 28.75 28.35 28.41 28.89 28.92 28.76 28.50 28.22 28.56 28.73 28.43 28.25
25.78 26.08 24.72 24.56 26.78 27.64 27.99 27.88 27.68 27.53 28.19 28.37 27.95 27.72 27.14 27.18 28.07 28.38 28.46 27.75 28.40 28.70 28.60 28.70 28.57 28.70 28.35 28.99 28.78 28.59 27.96 27.79 28.54 28.68 28.85 28.26 27.99 28.59 28.35 28.31 28.63 28.60 28.83 28.59 28.66 28.74 28.70 28.82 28.99 28.87 28.42 28.86 28.90 28.76 28.62 27.65 28.57 28.53 28.26 28.82 28.80 28.59 28.53 28.70 28.73 28.88 28.53 28.64 29.01 29.02 28.92 28.69 28.91 28.91 28.87 28.77 28.83
26.76 25.82 25.92 26.29 25.59 26.76 27.63 28.01 27.48 27.15 27.87 27.84 27.64 26.72 27.72 26.96 27.99 28.34 28.25 28.46 28.14 28.34 28.65 28.15 28.37 28.86 28.56 28.90 28.71 29.01 28.88 28.60 28.72 28.96 28.57 27.69 28.28 27.91 27.29 27.71 28.16 28.78 28.78 28.80 28.74 28.86 28.89 28.96 28.93 28.94 28.84 28.98 28.55 28.64 28.36 28.67 28.76 28.50 28.85 28.99 28.76 28.88 28.81 28.56 28.53 28.94 28.82 28.63 29.05 28.93 28.85 28.76 28.88 28.92 28.98 28.94 28.94
26.92 26.45 25.86 25.73 26.01 27.01 27.78 27.82 26.85 27.34 27.59 26.95 27.98 26.54 26.79 27.11 27.69 28.06 28.20 28.75 28.70 28.00 27.77 28.12 28.38 28.57 28.81 28.62 28.76 28.77 28.95 28.95 28.62 28.67 28.85 28.29 28.40 28.45 27.82 27.53 28.17 28.23 28.70 28.54 28.75 28.87 28.75 28.89 28.82 28.98 28.33 28.10 28.72 28.81 28.84 28.84 28.52 28.60 28.57 28.68 28.63 28.74 28.54 28.86 28.95 28.60 29.06 28.90 29.00 28.94 28.80 28.99 28.91 28.86 29.01 28.84 28.97
25.52 25.52 25.00 26.03 27.16 27.24 27.28 27.90 27.62 25.53 26.79 25.87 27.02 27.15 25.94 26.70 27.15 27.72 28.48 28.24 28.42 28.22 27.98 27.92 28.35 28.84 28.44 28.48 28.67 28.71 28.86 28.88 28.94 28.70 28.45 28.36 28.07 27.67 28.53 27.81 28.26 28.06 28.38 28.42 28.61 28.51 28.81 28.91 28.90 28.85 28.61 28.78 28.63 28.41 28.45 28.71 28.65 28.59 28.71 28.62 28.65 28.61 28.75 28.65 28.60 28.75 29.06 28.84 28.69 28.87 28.92 28.72 28.97 28.98 28.91 29.00 28.87
25.60 25.84 25.99 26.66 26.54 27.38 27.75 27.92 27.75 27.40 27.58 26.17 26.50 27.32 26.81 26.92 27.34 26.85 27.66 28.09 28.24 28.08 28.25 28.41 28.64 28.79 28.56 28.66 28.00 28.68 28.78 28.64 28.84 28.79 28.64 28.02 28.42 27.75 28.00 27.58 28.20 28.39 28.24 28.38 28.73 28.70 28.51 28.68 28.08 28.56 28.68 28.50 28.33 28.53 28.42 28.80 28.87 29.01 28.73 28.81 28.79 28.78 28.76 28.97 28.60 28.89 28.79 28.72 28.98 28.82 29.00 28.87 28.89 28.98 29.01 29.03 29.03
24.18 24.80 25.93 26.56 26.78 26.46 28.24 28.51 27.68 27.91 26.26 25.57 26.22 26.91 27.38 26.58 27.29 26.86 27.19 28.10 28.42 28.39 28.31 28.17 28.81 28.82 28.90 28.45 28.29 28.25 28.41 28.89 28.83 28.70 27.88 27.85 27.93 27.93 27.53 27.50 27.57 28.35 28.39 28.85 28.95 28.95 28.98 28.73 28.49 28.65 28.06 28.19 28.40 28.45 28.12 28.58 28.86 28.78 28.26 27.99 28.72 28.78 28.61 28.91 28.95 28.88 28.54 28.98 28.96 28.99 28.95 28.67 28.49 28.90 28.94 29.03 28.93
22.73 22.56 22.23 23.32 25.46 24.92 27.44 28.54 28.00 27.88 25.89 25.87 25.51 27.16 27.08 26.83 26.44 26.50 27.26 28.08 28.27 27.75 28.27 28.41 28.88 28.70 28.66 28.53 28.37 28.41 28.49 28.91 28.64 28.34 27.94 28.50 27.54 27.22 27.42 27.61 27.65 28.05 28.33 28.85 29.00 28.86 29.03 28.79 28.73 28.53 28.42 27.90 28.30 28.43 28.68 28.40 28.45 28.77 28.77 28.39 28.63 28.68 28.92 28.79 28.94 28.94 28.98 29.04 28.93 28.92 28.71 28.90 28.70 28.51 28.80 28.86 28.88
21.96 21.44 21.42 21.52 24.31 25.18 25.82 25.82 27.52 27.56 26.29 24.36 23.55 26.58 26.38 27.04 26.11 26.55 27.12 27.95 27.99 28.35 28.01 28.49 28.16 28.51 28.18 28.12 28.46 28.50 28.72 28.85 28.94 27.92 27.26 28.92 28.23 25.97 27.62 28.40 27.88 28.65 28.81 28.85 28.90 28.73 29.03 28.76 28.52 28.77 28.89 28.90 28.95 28.59 28.82 28.99 28.61 28.91 28.99 29.01 28.89 28.80 28.96 29.04 28.97 28.82 28.92 29.06 28.93 29.07 28.87 28.72 28.73 27.76 27.88 29.15 28.99
20.85 18.96 16.61 18.86 22.97 24.10 23.95 23.55 26.05 27.50 26.22 25.01 23.55 25.25 26.16 27.28 27.44 27.57 27.08 27.60 28.21 28.18 28.45 28.62 28.18 27.30 28.18 28.12 27.91 28.50 28.80 28.82 28.95 28.57 28.28 28.58 28.84 27.89 27.34 28.16 28.36 28.71 28.71 28.77 28.99 28.95 28.96 29.05 28.97 28.95 28.83 28.97 28.75 28.57 28.73 29.00 28.70 28.90 28.98 29.08 29.03 29.01 28.93 29.04 29.02 29.06 29.09 29.01 28.89 29.00 28.91 28.56 28.61 28.29 28.66 28.17 28.00
17.37 17.11 14.92 17.36 20.92 23.49 23.59 23.54 25.03 25.50 26.71 25.64 25.52 24.94 25.44 27.06 27.59 28.20 27.32 26.90 27.32 28.01 28.46 27.77 28.18 27.30 27.42 27.42 28.43 28.50 28.80 28.82 28.09 28.36 28.68 28.81 28.67 28.23 28.19 28.33 28.21 28.47 28.36 28.68 28.47 28.66 29.04 29.05 28.94 28.85 28.78 28.85 28.73 28.81 28.93 28.99 28.77 29.04 29.06 29.05 28.97 28.90 28.95 28.95 28.87 28.76 28.84 28.27 28.71 28.88 28.73 28.77 28.35 29.01 28.49 28.69 28.50
16.15 13.35 14.46 18.80 20.76 21.49 22.60 23.14 24.98 23.64 24.91 24.52 25.70 25.46 26.13 27.37 27.74 28.22 27.52 27.30 27.07 27.56 27.28 27.70 27.70 27.30 27.42 27.42 28.43 28.43 27.14 28.19 28.19 28.75 28.43 28.85 28.73 26.79 26.53 27.64 28.18 28.51 28.71 28.66 28.84 29.00 28.99 28.96 28.94 28.89 28.69 28.72 28.84 28.92 28.82 28.82 28.75 28.94 28.93 28.92 28.81 28.81 28.72 28.57 28.83 28.84 28.69 28.36 28.81 28.52 28.80 28.93 28.39 28.77 28.71 28.79 28.05
16.83 14.45 14.50 16.93 21.45 20.73 20.69 22.89 23.89 22.18 24.15 24.67 24.82 25.97 25.58 25.93 26.55 26.82 26.54 27.55 27.64 26.87 26.60 27.56 27.56 27.56 27.42 27.42 28.43 27.14 27.14 27.14 26.59 27.93 28.59 28.52 26.97 27.34 28.51 27.93 27.84 28.65 28.81 28.62 28.97 29.03 28.89 28.97 28.84 28.82 28.96 28.99 28.28 28.70 28.86 28.79 28.73 28.78 28.96 28.90 28.47 28.59 28.64 28.58 28.64 28.66 28.43 28.38 28.40 28.40 28.52 29.08 28.79 28.60 28.69 29.03 28.85
16.26 15.42 17.23 17.64 18.58 19.24 18.89 21.87 21.68 20.81 22.61 22.01 22.99 23.61 24.37 25.21 26.83 26.99 26.46 27.16 26.85 26.84 27.28 28.32 28.32 28.32 28.32 27.42 28.77 27.79 27.79 27.79 26.68 26.59 28.40 28.20 28.11 28.13 28.43 27.27 27.99 28.59 28.73 28.73 28.95 28.83 28.85 28.89 28.87 28.95 29.03 29.01 28.69 28.64 28.76 28.65 28.67 28.69 28.85 28.85 29.04 28.89 28.58 28.40 28.37 28.71 28.52 28.41 27.91 28.54 28.87 29.03 29.10 28.90 28.67 28.76 29.15
14.28 14.54 14.68 16.53 15.96 16.51 17.15 17.01 16.68 17.29 19.04 21.45 21.61 22.80 22.85 23.65 26.04 25.07 26.31 26.57 26.43 27.04 26.58 27.55 27.55 27.55 27.55 28.74 28.77 28.77 27.85 27.85 27.61 27.41 28.15 26.40 28.11 28.44 28.00 28.09 28.84 28.23 28.69 28.82 28.96 28.87 28.87 28.90 28.98 29.00 29.03 29.00 28.93 29.07 28.88 28.88 28.81 28.89 28.91 29.00 28.68 28.87 28.93 28.61 28.24 28.71 28.49 28.29 28.26 28.70 28.82 28.69 28.88 28.73 29.05 28.37 28.46
13.23 12.97 13.49 14.96 16.09 15.17 14.36 15.29 14.74 14.83 16.47 18.36 21.16 22.59 22.47 21.86 24.39 24.99 25.99 26.28 26.44 26.84 27.40 27.55 27.55 27.55 28.54 28.74 28.74 28.77 28.77 27.60 26.90 28.02 27.84 27.48 28.34 28.29 27.79 28.02 27.81 28.57 28.63 28.46 28.98 28.76 29.00 28.92 28.98 29.00 28.99 29.01 29.02 29.07 29.09 29.02 28.76 28.92 29.02 28.83 28.96 28.87 28.68 28.64 28.58 28.53 28.34 28.18 28.30 28.57 28.49 29.03 29.12 28.90 28.89 28.86 28.55
12.78 12.98 13.56 13.78 14.31 16.07 15.60 13.57 14.67 14.30 16.00 17.63 17.71 19.87 21.99 21.60 22.83 24.04 25.32 26.20 26.18 25.93 27.40 27.40 27.55 27.55 28.54 28.54 28.74 28.74 28.65 27.88 28.01 27.63 27.00 28.20 28.42 27.53 27.84 27.89 27.98 28.33 27.69 28.65 28.67 29.08 28.98 28.81 28.78 28.82 28.98 29.08 29.01 29.08 29.08 29.05 28.95 28.96 29.06 29.06 28.74 28.92 28.55 28.30 28.38 28.20 28.54 28.57 28.18 29.08 29.08 29.15 28.80 28.88 29.02 28.79 29.16
12.32 11.62 12.40 13.49 13.49 14.68 15.65 15.14 13.09 14.09 14.80 16.35 17.42 17.94 19.28 19.19 21.84 22.55 24.00 25.53 25.74 25.66 25.66 25.66 27.40 27.35 27.35 28.54 28.54 28.37 28.72 27.35 27.52 27.48 27.09 28.13 27.52 27.22 27.66 28.06 28.35 27.71 28.19 28.81 29.07 29.08 29.01 28.93 28.54 28.94 28.92 29.04 28.98 29.04 29.02 29.07 29.06 29.01 28.76 29.00 28.86 28.98 28.90 28.80 28.85 28.93 29.00 29.00 29.11 29.06 28.79 28.93 29.06 28.80 28.56 28.88 28.88
11.56 11.70 11.97 11.83 12.93 14.19 14.76 15.15 11.69 11.87 11.42 13.21 14.42 16.13 16.41 16.65 19.14 20.48 21.72 24.06 24.70 25.66 23.78 23.78 23.78 27.35 27.35 27.35 27.95 27.89 27.84 27.61 27.38 26.36 27.65 27.36 27.14 27.94 27.65 28.06 27.97 28.78 28.73 29.06 29.01 29.10 29.04 28.89 28.56 28.99 28.97 28.97 29.04 29.10 29.02 29.02 29.07 28.90 29.01 28.96 28.88 28.80 28.86 28.88 28.43 28.58 28.88 28.97 29.16 29.15 29.09 28.99 29.06 28.79 28.87 28.98 28.81
12.69 11.14 14.35 12.79 13.73 13.91 14.66 14.11 13.58 11.57 11.36 14.01 13.30 15.33 16.43 16.93 18.37 19.08 21.03 21.50 22.36 23.40 23.78 23.78 23.78 27.35 27.35 27.35 26.86 27.04 27.70 28.17 27.32 27.06 26.07 27.12 26.93 27.12 27.04 28.38 28.73 28.15 28.57 28.88 29.07 29.02 28.98 28.92 28.70 29.11 29.04 28.95 28.94 28.93 29.10 28.92 28.88 29.02 28.97 28.78 28.91 28.61 28.58 28.85 28.76 28.85 28.93 28.93 29.03 29.16 29.08 28.97 28.42 28.09 28.62 28.82 28.52
14.21 11.17 12.26 12.11 13.46 14.41 14.13 14.66 15.44 14.96 13.25 15.27 15.94 15.04 15.75 16.94 17.12 18.21 20.39 20.39 20.49 22.51 24.03 24.03 24.31 26.59 24.08 25.36 25.36 26.12 27.27 27.92 27.27 26.60 27.30 27.21 26.20 26.77 27.78 27.39 28.55 28.69 28.60 28.85 29.05 29.06 28.82 28.87 28.80 28.31 29.14 29.05 28.94 29.02 29.05 28.67 28.69 28.70 28.83 28.82 28.40 28.67 28.19 28.87 28.68 28.94 28.70 29.04 29.08 29.15 29.12 29.02 29.12 28.84 28.57 28.47 28.75
15.62 14.71 12.03 11.88 14.29 14.43 15.08 14.83 15.98 16.08 15.84 14.99 16.05 16.61 18.06 19.27 19.30 19.75 19.96 21.14 21.41 22.40 23.47 24.31 24.31 26.59 24.08 24.08 24.51 25.24 26.18 27.25 27.14 25.69 27.25 28.02 26.09 26.75 27.41 27.68 28.27 28.55 28.05 29.07 29.00 29.13 29.05 28.88 28.65 28.37 28.84 29.07 29.02 28.79 28.57 28.81 28.57 28.84 28.89 28.86 28.80 28.66 28.45 28.77 28.83 28.72 28.68 28.96 29.03 29.09 29.06 29.00 28.87 28.95 29.06 28.82 28.55
15.98 15.68 15.99 15.61 15.90 17.27 17.45 16.86 15.85 16.62 16.88 17.45 16.63 17.81 20.05 20.48 20.90 21.34 20.12 21.53 21.96 23.73 24.02 25.07 26.15 26.59 26.59 25.06 23.22 25.17 25.82 26.81 26.76 27.56 27.82 27.50 26.54 26.10 27.66 27.19 27.91 28.23 28.47 28.97 28.80 28.86 28.94 28.72 28.86 28.08 28.14 28.64 28.87 28.86 28.72 28.60 28.85 28.64 28.85 29.05 28.82 29.01 28.60 28.73 28.49 28.83 28.44 28.82 29.09 29.05 28.99 28.91 29.11 29.08 28.66 28.35 28.36
15.45 16.31 18.03 17.59 16.41 17.80 18.32 18.99 15.86 15.62 16.49 19.99 19.38 18.22 18.67 19.67 22.20 23.33 20.92 18.78 22.02 23.36 23.87 25.27 25.97 26.26 26.36 25.79 25.18 24.63 25.34 26.27 26.85 27.19 27.46 26.90 26.88 26.51 27.22 27.67 28.20 28.02 28.46 28.71 28.68 28.87 29.13 28.49 27.67 28.33 28.15 28.54 28.92 28.94 28.59 28.72 28.62 28.67 29.04 29.12 29.05 28.94 28.64 28.74 28.92 28.67 28.99 29.11 29.19 28.74 28.91 29.06 29.12 28.96 29.07 28.65 28.13
