main/data/irradiance/16.10.2023.grid
ncols 839
nrows 679
xllcenter 112.0500
yllcenter -43.9500
cellsize 0.0500
nodata_value 99999.90
[rows 170 to 203 of 679, columns 539 to 615 of 839]
26.86 26.85 26.78 26.81 26.84 26.89 26.85 26.64 26.65 26.80 26.86 27.06 26.98 26.64 26.86 26.90 26.86 26.92 27.07 26.99 26.83 26.65 26.81 26.85 26.88 26.84 26.96 27.10 27.14 27.00 27.03 27.08 27.12 27.23 27.15 26.84 26.83 26.63 26.33 26.17 26.41 26.61 26.78 26.46 26.62 26.41 26.59 26.66 26.69 26.57 26.62 26.79 26.74 26.75 26.61 26.58 26.77 26.74 26.92 26.83 26.99 27.03 26.99 27.13 27.22 26.95 27.24 27.13 27.03 27.15 27.05 27.07 27.01 27.03 26.98 26.97 27.04
26.84 26.81 26.84 26.86 26.88 26.84 26.68 26.63 26.73 26.80 26.79 26.78 26.88 26.79 26.89 26.90 26.88 27.01 27.08 27.10 26.91 26.74 26.77 26.72 26.89 26.88 27.03 26.99 27.03 27.06 27.13 27.16 27.13 26.97 26.98 26.88 26.85 26.87 26.52 26.53 26.24 25.69 26.88 26.21 26.74 26.18 26.79 26.51 26.56 26.74 26.80 26.85 26.78 26.59 26.63 26.53 26.70 26.61 26.83 26.84 26.90 26.99 26.90 26.82 26.76 26.79 26.69 26.78 26.89 27.05 26.95 27.08 27.00 27.00 27.00 27.00 27.08
26.83 26.89 26.93 26.77 26.75 26.72 26.69 26.59 26.69 26.57 26.55 26.90 27.00 26.90 26.91 26.97 26.98 26.97 27.05 27.12 27.00 26.81 26.92 26.85 26.92 26.90 27.04 27.02 27.03 27.08 27.16 27.22 27.04 27.02 27.03 27.12 27.04 27.16 27.05 26.18 26.71 26.50 26.32 26.62 26.56 26.63 26.54 26.74 26.32 26.70 26.80 26.65 26.80 26.73 26.55 26.45 26.43 26.61 26.73 26.83 26.88 26.91 26.95 26.88 26.79 26.72 26.61 26.75 26.90 26.86 26.94 26.94 26.96 27.08 27.03 27.03 27.07
26.86 26.90 26.95 27.03 26.97 26.82 26.72 26.81 26.70 26.72 26.72 26.92 26.98 27.12 27.01 26.90 27.00 27.09 26.90 26.99 26.99 26.94 27.09 27.01 26.98 26.95 26.96 26.98 27.21 27.20 27.21 27.19 26.96 27.20 27.09 27.26 27.30 27.28 27.18 27.06 26.90 26.99 26.53 26.29 26.72 26.65 26.39 26.69 26.36 26.60 26.56 26.43 26.76 26.56 26.58 26.43 26.57 26.63 26.73 26.70 26.75 26.76 26.80 26.91 26.87 26.72 26.66 26.72 26.78 26.83 27.04 26.89 26.94 27.19 27.08 27.02 26.97
26.87 26.81 26.77 27.10 27.08 27.04 26.83 26.66 26.71 26.85 26.87 26.94 26.98 26.97 26.95 27.03 27.05 26.97 27.01 27.00 27.00 27.00 26.98 26.85 26.93 26.95 26.84 27.07 27.13 27.11 27.09 27.10 27.00 27.12 27.13 27.12 27.24 27.25 27.01 27.19 26.87 26.91 26.66 26.16 26.62 26.66 26.64 26.66 26.61 26.21 26.66 26.30 26.48 26.66 26.56 26.47 26.18 26.70 26.69 26.77 26.73 26.65 26.80 26.86 26.86 26.84 26.69 26.64 26.72 26.91 26.97 26.97 26.88 26.97 26.97 27.08 26.95
26.96 26.87 26.84 26.91 26.85 26.94 26.89 26.76 26.86 26.96 27.04 26.99 26.97 26.89 27.00 27.11 27.21 27.03 27.08 27.04 27.08 26.90 26.84 26.80 26.79 26.84 26.88 26.86 26.92 27.06 27.18 26.89 27.03 27.10 27.19 27.19 27.18 27.19 27.23 27.08 26.95 27.06 27.10 26.81 26.47 26.65 26.72 26.39 26.37 26.68 26.45 26.58 26.50 26.64 26.64 26.60 26.01 26.57 26.54 26.78 26.75 26.78 26.73 26.80 26.96 26.86 26.71 26.64 26.73 26.78 26.94 27.02 26.75 26.93 27.01 27.08 26.90
26.84 26.80 26.85 26.85 26.81 26.80 26.86 26.78 27.03 27.09 27.10 27.00 27.01 27.08 27.10 27.16 27.09 26.94 27.03 27.17 27.16 26.95 26.82 27.01 26.99 26.94 26.94 26.80 26.87 27.02 27.08 26.99 26.93 27.15 27.13 27.13 27.19 27.24 27.21 27.00 26.91 27.12 27.09 26.98 26.72 26.20 26.68 26.57 26.43 26.67 26.50 26.50 26.66 26.66 26.76 26.60 26.25 26.53 26.54 26.70 26.73 26.79 26.74 26.76 26.82 26.88 26.72 26.62 26.68 26.77 26.77 26.84 26.72 26.78 26.98 26.94 26.98
27.08 26.78 26.86 26.81 26.75 26.71 26.96 26.89 27.03 27.06 27.07 27.07 27.12 27.13 27.11 27.06 26.91 27.22 26.98 27.14 27.17 27.17 26.89 26.96 26.97 26.87 26.99 26.90 26.83 26.85 26.96 26.94 26.93 27.00 27.08 26.90 27.00 27.00 27.04 26.88 26.80 26.94 26.93 26.79 26.64 26.68 26.45 26.82 26.54 26.61 26.61 26.51 26.65 26.60 26.70 26.63 26.57 26.07 26.64 26.65 26.77 26.83 26.79 26.83 26.79 26.78 26.72 26.67 26.64 26.76 26.76 26.63 26.76 26.83 26.82 26.89 26.93
27.16 26.86 26.92 26.92 26.85 26.81 26.94 27.06 27.09 27.03 27.11 27.15 27.22 27.06 27.09 27.06 27.03 27.11 27.16 27.07 27.14 27.15 27.05 26.96 27.01 26.83 26.83 26.88 26.75 26.79 26.88 26.93 27.05 26.90 26.91 26.75 26.95 27.08 27.12 27.07 26.77 26.93 26.99 26.86 26.81 26.59 26.70 26.71 26.56 26.66 26.57 26.63 26.63 26.60 26.56 26.73 26.71 26.62 26.63 26.64 26.68 26.79 26.82 26.84 26.85 26.86 26.80 26.62 26.74 26.79 26.61 26.52 26.67 26.75 26.80 27.02 26.96
26.93 26.93 27.03 26.93 26.90 26.81 26.97 27.03 27.04 27.09 27.18 27.14 27.06 27.17 27.06 27.07 26.97 26.96 26.98 27.08 27.00 26.94 27.04 27.08 27.02 26.85 26.76 26.76 26.90 26.90 26.97 26.87 26.83 26.95 27.04 27.04 27.03 27.08 27.14 27.25 27.15 26.94 26.91 26.90 26.89 26.58 26.68 26.61 26.61 26.53 26.58 26.66 26.71 26.74 26.69 26.77 26.64 26.50 26.64 26.63 26.55 26.79 26.78 26.71 26.73 26.86 26.83 26.76 26.72 26.71 26.73 26.66 26.64 26.66 26.69 26.82 26.92
26.94 26.98 27.08 26.94 27.05 27.03 27.06 27.05 27.04 27.08 27.14 27.07 27.12 27.15 27.09 27.02 26.95 27.08 26.93 26.95 26.99 26.95 27.02 27.05 27.03 26.85 26.72 26.82 26.94 26.99 27.07 27.10 27.00 27.01 26.97 26.84 26.83 26.95 27.15 26.99 27.07 27.11 26.94 26.99 26.92 26.65 26.56 26.55 26.51 26.58 26.69 26.71 26.77 26.73 26.59 26.69 26.65 26.67 26.63 26.61 26.57 26.79 26.79 26.72 26.71 26.75 26.72 26.74 26.75 26.74 26.82 26.74 26.65 26.73 26.68 26.73 26.84
27.03 26.97 27.04 27.09 27.12 27.12 27.11 27.05 26.97 27.08 27.11 27.08 27.06 27.14 27.04 27.03 27.00 27.04 26.88 26.87 27.03 27.12 27.06 26.99 27.01 26.92 26.83 26.89 26.94 27.04 27.00 26.93 27.07 27.01 26.96 26.91 26.90 27.00 27.05 26.94 26.83 26.91 26.92 26.92 26.99 26.71 26.64 26.65 26.46 26.63 26.66 26.71 26.77 26.68 26.68 26.55 26.56 26.68 26.71 26.61 26.66 26.70 26.75 26.67 26.74 26.72 26.60 26.68 26.75 26.78 26.84 26.76 26.77 26.79 26.81 26.77 26.77
26.90 26.99 27.11 27.11 27.15 27.12 27.10 27.16 27.14 27.11 27.09 27.11 27.09 27.04 26.94 26.92 27.10 27.02 26.94 26.94 26.91 26.98 27.07 26.95 26.90 26.99 26.86 27.05 27.09 27.08 27.08 27.10 27.10 26.90 26.72 26.79 26.96 26.91 26.61 26.99 26.95 27.05 26.90 26.95 26.80 26.87 26.72 26.70 26.65 26.69 26.62 26.71 26.67 26.70 26.63 26.57 26.58 26.65 26.64 26.64 26.77 26.73 26.78 26.77 26.76 26.69 26.59 26.65 26.76 26.78 26.87 26.79 26.71 26.68 26.71 26.77 26.78
26.89 26.99 27.14 27.15 27.14 27.11 27.10 27.12 27.12 27.14 27.11 27.07 27.08 26.98 27.01 26.94 27.01 27.01 27.00 27.03 26.96 26.91 27.01 26.87 26.98 27.08 26.96 27.05 27.12 27.16 27.28 27.15 27.03 26.91 26.74 26.96 26.76 26.75 26.30 26.94 26.90 26.77 27.01 27.00 27.01 26.94 26.82 26.74 26.80 26.75 26.71 26.64 26.66 26.67 26.64 26.63 26.63 26.67 26.59 26.66 26.68 26.72 26.77 26.72 26.66 26.65 26.62 26.66 26.77 26.80 26.82 26.78 26.70 26.67 26.62 26.52 26.62
26.90 27.01 27.24 27.23 27.18 27.18 27.18 27.11 27.10 27.10 27.14 27.09 27.09 27.07 26.99 27.03 26.89 26.91 26.95 26.99 27.07 26.86 26.85 26.72 26.91 27.00 27.03 27.02 27.15 27.16 27.19 27.24 27.14 27.01 26.79 26.79 26.96 26.95 26.48 26.64 26.99 26.90 27.18 27.03 26.97 26.98 26.93 26.81 26.75 26.73 26.64 26.58 26.56 26.64 26.59 26.61 26.66 26.64 26.60 26.63 26.63 26.64 26.66 26.61 26.63 26.62 26.66 26.66 26.71 26.76 26.73 26.64 26.63 26.67 26.70 26.70 26.65
26.95 27.08 27.08 27.14 27.22 27.18 27.10 27.08 27.12 27.06 27.11 27.12 27.14 27.12 27.04 27.02 26.95 26.86 26.84 27.12 27.18 27.12 26.96 26.83 27.01 26.94 26.96 27.00 27.09 27.17 27.12 27.10 27.04 26.93 26.78 26.72 26.86 27.04 26.73 26.49 26.82 26.91 26.98 27.20 27.16 27.08 26.83 26.81 26.77 26.77 26.69 26.58 26.58 26.74 26.71 26.68 26.70 26.57 26.72 26.68 26.66 26.55 26.66 26.70 26.66 26.55 26.61 26.69 26.67 26.74 26.74 26.63 26.67 26.65 26.55 26.59 26.54
26.95 27.00 27.04 27.06 27.06 27.07 27.02 27.08 27.13 27.09 27.12 27.14 27.13 27.06 26.98 26.87 26.97 27.00 26.94 27.09 27.01 27.16 27.11 27.06 26.95 26.79 26.98 26.93 27.13 27.14 27.11 27.09 27.12 27.00 26.88 26.73 26.80 26.81 26.93 26.45 26.72 26.74 26.71 27.28 27.21 27.23 26.84 26.78 26.85 26.84 26.71 26.69 26.63 26.73 26.69 26.61 26.78 26.78 26.77 26.71 26.70 26.67 26.70 26.74 26.73 26.76 26.78 26.75 26.70 26.68 26.68 26.62 26.68 26.73 26.74 26.68 26.57
26.96 27.05 27.09 27.02 26.99 27.11 27.00 27.06 27.07 27.04 27.07 27.10 27.12 26.98 26.80 26.88 26.94 26.95 27.01 27.15 26.99 27.06 27.13 27.19 26.90 26.86 27.01 26.91 27.06 27.10 27.06 27.06 27.11 27.05 26.92 26.76 26.79 26.74 26.80 26.67 26.85 26.93 26.64 26.95 27.31 27.35 26.88 26.79 26.82 26.77 26.66 26.71 26.79 26.77 26.74 26.67 26.74 26.78 26.72 26.78 26.71 26.67 26.68 26.72 26.76 26.75 26.82 26.85 26.77 26.75 26.62 26.59 26.65 26.71 26.67 26.70 26.70
26.98 26.99 26.99 27.01 27.01 27.07 27.10 27.13 27.14 27.14 27.12 27.10 27.13 26.97 26.88 26.97 27.10 26.99 27.17 27.17 27.03 27.03 27.13 27.21 26.94 26.89 26.93 26.97 27.01 27.16 27.10 27.05 27.06 27.07 26.98 26.82 26.85 26.90 26.94 26.85 26.97 27.07 27.07 27.00 27.25 27.30 27.09 26.91 26.88 26.81 26.67 26.69 26.73 26.81 26.89 26.75 26.65 26.60 26.80 26.76 26.79 26.79 26.85 26.83 26.93 26.94 26.96 26.99 26.92 26.78 26.66 26.69 26.64 26.65 26.64 26.67 26.59
27.03 26.95 26.93 27.00 27.00 27.06 27.04 27.05 27.03 27.16 27.18 27.14 27.06 26.97 26.97 27.00 27.15 27.07 27.15 26.99 27.09 26.93 27.11 27.02 26.92 26.84 26.82 27.01 26.93 27.13 27.11 26.93 26.89 26.88 26.93 26.92 26.93 26.86 26.85 26.80 26.76 26.80 27.20 27.06 26.94 27.12 27.15 26.83 26.91 26.85 26.73 26.69 26.66 26.78 26.84 26.91 26.65 26.66 26.77 26.78 26.83 26.82 26.86 26.83 26.82 26.97 26.99 27.00 26.98 26.80 26.77 26.70 26.67 26.66 26.65 26.68 26.60
26.97 27.03 26.92 26.92 26.89 26.98 27.03 27.06 27.09 27.17 27.15 27.11 27.08 27.00 27.07 27.14 27.17 27.12 27.10 27.04 27.11 26.94 26.98 26.93 26.90 26.77 26.73 26.87 26.91 26.94 26.98 26.82 26.86 26.82 26.84 26.84 26.92 26.82 26.81 26.78 26.69 26.72 27.15 27.06 27.18 27.16 27.07 26.84 26.80 26.80 26.75 26.70 26.63 26.68 26.80 27.12 26.96 26.67 26.63 26.74 26.84 26.91 26.70 26.75 26.75 26.81 26.97 27.01 26.92 26.76 26.69 26.62 26.67 26.70 26.69 26.70 26.59
26.98 27.01 26.99 26.87 26.89 26.93 26.95 27.06 27.17 27.18 27.11 27.12 27.03 27.01 27.04 27.15 27.22 27.25 27.19 27.14 27.07 27.06 26.90 26.67 26.76 26.73 26.68 26.75 27.01 26.81 26.86 26.97 26.89 26.73 26.59 26.75 26.74 26.68 26.72 26.81 26.75 26.74 26.87 27.07 27.16 27.11 26.96 26.84 26.76 26.67 26.66 26.75 26.73 26.74 26.78 26.97 27.01 26.79 26.51 26.60 26.76 26.89 26.88 26.81 26.85 26.88 26.91 26.95 26.90 26.80 26.69 26.69 26.66 26.68 26.65 26.70 26.67
27.04 26.96 27.02 26.98 26.88 26.94 27.06 27.11 27.15 27.10 27.10 27.15 27.06 27.09 27.13 27.21 27.22 27.30 27.27 27.11 27.06 26.96 26.89 26.88 26.84 26.56 26.66 26.83 26.89 26.98 26.90 26.84 26.88 26.51 26.63 26.61 26.74 26.77 26.66 26.79 27.06 26.81 26.79 27.04 27.32 27.14 26.95 27.01 26.89 26.72 26.65 26.85 26.78 26.78 26.77 26.82 26.90 26.78 26.74 26.62 26.66 26.77 26.83 26.82 26.87 26.93 26.90 26.92 26.85 26.85 26.84 26.84 26.75 26.80 26.69 26.71 26.63
27.03 26.99 26.93 26.86 26.93 27.00 27.07 27.14 27.10 27.09 27.08 27.12 27.07 27.10 27.14 27.20 27.21 27.26 27.25 27.15 27.14 27.16 27.00 27.02 26.84 26.68 26.75 26.78 26.88 26.84 26.79 26.89 26.82 26.48 26.63 26.47 26.83 26.72 26.73 26.91 26.99 26.81 26.96 27.07 27.24 27.16 27.03 27.04 26.90 26.71 26.69 26.71 26.68 26.82 26.71 26.71 26.87 26.88 26.88 26.63 26.70 26.74 26.80 26.91 26.88 26.88 26.85 26.79 26.85 26.89 26.89 26.78 26.70 26.70 26.64 26.73 26.59
27.01 27.01 26.97 26.93 27.01 26.94 27.07 27.06 27.04 27.08 27.10 27.07 27.08 27.08 27.08 27.15 27.19 27.24 27.20 27.22 27.18 27.15 27.06 26.95 26.82 26.78 26.75 26.72 26.69 26.74 26.81 26.88 26.80 26.63 26.71 26.45 26.60 26.72 26.92 26.87 26.89 26.87 26.96 26.88 26.93 26.97 26.94 27.04 27.06 26.76 26.71 26.65 26.57 26.70 26.72 26.81 26.91 26.98 26.89 26.67 26.70 26.75 26.74 26.87 26.93 26.94 26.78 26.70 26.78 26.82 26.76 26.75 26.76 26.77 26.73 26.72 26.64
27.05 27.07 26.97 27.01 26.96 27.06 27.10 27.12 27.16 27.11 27.14 27.10 27.05 27.07 27.16 27.15 27.19 27.20 27.17 27.15 27.22 27.07 27.01 26.92 26.92 26.81 26.83 26.91 26.92 26.93 26.83 26.78 26.83 26.76 26.75 26.52 26.58 26.51 26.72 26.66 26.62 26.76 26.83 26.82 26.70 26.94 26.95 27.12 27.14 26.92 26.77 26.75 26.75 26.74 26.78 26.87 26.91 26.88 26.90 26.81 26.77 26.81 26.76 26.83 26.87 26.83 26.85 26.78 26.72 26.79 26.83 26.75 26.76 26.84 26.84 26.79 26.68
27.06 27.05 26.98 26.99 27.00 27.03 27.06 27.09 27.13 27.14 27.08 27.05 27.01 27.05 27.14 27.14 27.24 27.27 27.20 27.14 27.13 27.04 26.93 26.81 26.87 26.82 26.88 26.84 26.84 26.87 26.83 26.74 26.76 26.68 26.83 26.58 26.69 26.61 26.62 26.42 26.76 26.79 26.47 26.79 26.76 27.02 26.65 27.00 27.06 26.87 26.85 26.69 26.70 26.74 26.85 26.88 26.89 26.97 26.97 26.88 26.91 26.88 26.87 26.80 26.81 26.79 26.80 26.79 26.74 26.78 26.81 26.71 26.74 26.79 26.80 26.86 26.74
26.98 27.03 27.09 27.09 27.09 27.05 27.03 27.08 27.12 27.23 27.05 27.05 27.02 27.03 27.03 27.10 27.21 27.24 27.17 27.13 27.11 27.08 26.83 26.89 26.90 26.78 26.77 26.87 26.87 26.81 27.02 26.85 26.88 26.71 26.78 26.76 26.75 26.87 26.90 26.89 26.79 26.72 26.36 26.63 26.75 26.85 27.02 27.14 27.17 26.95 26.83 26.76 26.88 26.86 26.85 26.90 26.97 26.99 27.01 27.07 27.08 27.03 26.96 26.87 26.79 26.80 26.78 26.78 26.76 26.77 26.78 26.79 26.78 26.83 26.91 26.81 26.65
26.95 27.05 27.06 27.06 27.13 27.13 27.07 27.15 26.99 27.05 27.02 27.05 27.00 27.04 26.97 27.07 27.13 27.10 27.11 27.07 27.08 26.99 26.88 26.92 26.92 26.85 26.86 26.80 26.94 26.90 26.92 26.70 27.00 27.01 26.88 27.04 26.94 26.75 26.88 26.86 26.81 26.73 26.58 26.70 26.68 26.68 26.97 27.06 27.13 27.02 26.92 26.89 26.84 26.96 26.91 26.91 26.96 26.94 26.94 26.92 27.00 26.95 26.90 26.88 26.85 26.80 26.72 26.77 26.72 26.72 26.70 26.76 26.79 26.85 26.81 26.78 26.79
27.01 27.11 27.14 27.05 27.09 27.13 27.13 27.16 27.04 27.06 27.03 27.09 27.06 27.06 27.00 27.07 27.09 27.05 27.11 27.08 26.99 26.97 26.96 27.00 26.91 26.87 26.92 26.92 26.99 26.87 26.81 26.77 27.00 26.99 26.96 27.01 26.99 26.91 26.95 26.82 26.83 26.71 26.71 26.63 26.69 26.66 26.84 27.10 27.10 27.12 26.89 26.89 26.94 26.84 26.99 26.91 26.96 27.02 26.96 26.90 26.88 26.86 26.85 26.83 26.81 26.82 26.77 26.75 26.71 26.73 26.74 26.75 26.79 26.83 26.89 26.79 26.80
26.91 27.02 27.11 27.13 27.17 27.11 27.11 27.05 27.05 27.00 26.94 27.02 27.07 27.06 27.03 27.10 27.09 27.03 26.98 27.01 26.88 26.89 27.03 26.95 26.86 26.85 26.95 26.96 26.92 26.72 26.81 26.80 26.96 27.13 27.03 26.97 26.95 26.98 26.93 26.90 26.80 26.36 26.54 26.48 26.73 26.42 26.80 26.88 26.86 26.98 26.82 26.63 26.78 26.85 26.88 26.93 26.89 26.94 26.79 26.77 26.79 26.91 26.99 27.00 26.96 26.88 26.86 26.84 26.76 26.71 26.80 26.83 26.82 26.84 26.87 26.90 26.81
27.03 27.11 27.00 27.15 27.13 27.15 27.18 27.08 27.09 27.01 26.98 27.03 27.09 27.09 26.98 27.03 27.04 27.04 27.06 27.06 26.91 26.88 27.07 26.94 26.97 26.87 26.88 26.99 26.87 26.93 26.87 26.99 26.92 27.14 27.08 26.93 26.97 26.99 26.98 27.00 26.92 26.76 26.87 26.97 26.62 26.37 26.66 26.74 26.86 26.79 26.75 26.76 26.83 26.88 26.92 26.85 26.77 26.93 26.89 26.81 26.79 26.92 27.37 27.13 27.09 27.01 26.78 26.81 26.81 26.79 26.89 26.76 26.77 26.83 26.79 26.89 26.84
27.04 27.10 27.09 27.05 27.11 27.14 27.10 27.05 26.99 27.01 26.99 26.99 27.01 27.03 27.01 27.03 26.96 27.00 27.06 27.00 26.85 26.91 27.04 26.91 26.82 26.88 26.98 26.96 26.96 26.88 27.00 26.95 26.99 27.02 27.00 26.92 26.81 26.88 27.07 26.96 27.01 27.01 26.91 27.02 26.73 26.72 26.77 26.77 26.75 26.73 26.85 26.73 27.00 26.98 26.78 26.94 26.98 26.89 26.66 26.91 26.89 27.09 27.24 27.17 27.13 27.20 27.11 27.06 26.95 26.85 26.87 26.88 26.81 26.74 26.71 26.80 26.87
27.01 27.09 27.10 27.04 27.03 27.12 27.09 27.00 27.03 27.00 27.01 27.08 27.14 27.11 27.03 27.02 27.00 26.92 27.00 26.98 26.88 26.92 26.94 26.97 26.91 26.92 26.91 26.94 26.95 26.75 26.89 27.01 26.95 26.96 27.12 26.96 26.81 26.85 26.96 26.94 26.99 26.99 26.92 26.81 27.05 26.83 26.88 27.01 26.93 26.77 26.84 26.91 27.11 26.83 26.77 26.95 27.07 27.02 26.90 26.93 27.01 26.90 27.08 27.19 27.24 27.13 27.17 27.19 27.08 26.76 26.73 26.79 26.76 26.78 26.80 26.82 26.87
