main/data/irradiance/16.11.2023.grid
ncols 839
nrows 679
xllcenter 112.0500
yllcenter -43.9500
cellsize 0.0500
nodata_value 99999.90
[rows 340 to 373 of 679, columns 0 to 76 of 839]
99999.90 99999.90 99999.90 99999.90 99999.90 99999.90 99999.90 99999.90 99999.90 99999.90 99999.90 99999.90 99999.90 99999.90 99999.90 99999.90 99999.90 99999.90 99999.90 30.00 30.00 30.00 29.98 29.98 29.98 29.98 29.98 29.98 29.88 29.98 29.98 29.98 29.98 29.98 29.92 29.92 29.92 29.97 29.83 29.79 29.81 29.34 29.27 29.55 28.98 28.91 29.40 28.80 29.74 29.40 28.82 29.27 29.67 29.32 29.19 29.66 29.29 29.68 29.40 29.63 29.68 29.89 29.82 29.91 29.86 29.84 29.69 30.01 29.91 29.75 29.84 29.97 30.02 29.84 29.93 29.89 29.90
99999.90 99999.90 99999.90 99999.90 99999.90 99999.90 99999.90 99999.90 99999.90 99999.90 99999.90 99999.90 99999.90 99999.90 99999.90 99999.90 99999.90 99999.90 99999.90 99999.90 99999.90 30.06 29.98 29.98 29.98 29.98 29.98 29.88 29.98 29.98 29.98 29.98 29.92 29.92 29.92 29.92 29.92 29.99 29.94 29.84 29.57 29.21 29.24 28.62 28.57 29.24 28.98 29.61 29.38 29.50 29.53 29.87 29.64 29.61 29.26 29.70 29.75 29.61 29.77 29.84 29.79 29.73 29.78 29.92 29.87 29.83 30.01 30.03 29.62 29.94 29.87 29.98 29.67 29.91 29.81 29.93 29.99
99999.90 99999.90 99999.90 99999.90 99999.90 99999.90 99999.90 99999.90 99999.90 99999.90 99999.90 99999.90 99999.90 99999.90 99999.90 99999.90 99999.90 99999.90 99999.90 99999.90 99999.90 30.06 29.98 29.98 29.98 29.98 29.98 29.98 29.98 29.98 29.92 29.92 29.92 29.92 29.92 29.92 29.99 29.99 29.98 29.86 29.57 29.48 29.01 29.14 28.31 29.14 28.92 29.30 29.26 29.41 29.52 29.68 29.88 29.83 29.86 29.83 29.93 29.86 29.89 29.84 29.70 29.77 29.87 29.86 29.87 29.97 29.95 29.83 29.75 30.01 29.95 29.70 30.04 29.71 29.98 29.74 29.95
99999.90 99999.90 99999.90 99999.90 99999.90 99999.90 99999.90 99999.90 99999.90 99999.90 99999.90 99999.90 99999.90 99999.90 99999.90 99999.90 99999.90 99999.90 99999.90 99999.90 99999.90 99999.90 29.98 29.98 29.98 29.98 29.98 29.98 29.92 29.92 29.92 29.92 29.92 29.92 29.92 29.99 29.92 29.92 29.92 29.98 29.90 29.73 29.43 29.16 28.19 29.19 28.95 28.95 29.12 29.50 29.50 29.39 29.72 29.41 29.73 29.55 29.90 29.89 29.95 29.92 29.87 29.83 29.65 29.77 29.91 29.98 29.97 29.80 29.77 29.80 29.70 29.53 29.82 30.07 29.56 30.00 30.12
99999.90 99999.90 99999.90 99999.90 99999.90 99999.90 99999.90 99999.90 99999.90 99999.90 99999.90 99999.90 99999.90 99999.90 99999.90 99999.90 99999.90 99999.90 99999.90 99999.90 99999.90 99999.90 29.98 29.98 29.88 29.98 29.92 29.92 29.92 29.92 29.92 29.92 29.92 29.92 29.92 29.92 29.92 29.92 29.92 29.98 29.85 29.72 29.54 29.27 29.36 28.07 29.34 29.30 29.19 29.05 29.72 29.29 29.75 29.62 29.56 29.65 29.69 29.67 29.83 29.88 29.95 29.93 29.84 29.81 29.80 29.84 29.90 29.98 30.02 29.95 29.46 29.77 29.93 29.95 29.42 29.65 30.06
99999.90 99999.90 99999.90 99999.90 99999.90 99999.90 99999.90 99999.90 99999.90 99999.90 99999.90 99999.90 99999.90 99999.90 99999.90 99999.90 99999.90 99999.90 99999.90 99999.90 99999.90 99999.90 99999.90 29.88 29.88 29.98 29.92 29.92 29.92 29.92 29.92 29.92 29.92 29.92 29.92 29.92 29.92 29.92 29.98 29.98 29.96 29.92 29.89 29.77 29.16 29.44 29.22 29.15 29.37 29.18 29.73 29.54 29.30 29.58 29.38 29.71 29.77 29.55 29.71 29.77 29.48 29.75 29.92 29.88 29.95 29.95 29.96 29.80 29.86 29.72 29.91 29.74 29.94 29.34 29.75 29.76 29.80
99999.90 99999.90 99999.90 99999.90 99999.90 99999.90 99999.90 99999.90 99999.90 99999.90 99999.90 99999.90 99999.90 99999.90 99999.90 99999.90 99999.90 99999.90 99999.90 99999.90 99999.90 99999.90 99999.90 99999.90 30.12 29.98 29.92 29.92 29.92 29.92 29.92 29.92 29.92 29.92 29.92 29.92 29.92 29.98 29.97 29.97 29.97 29.89 29.89 29.78 29.22 28.92 29.50 29.09 29.41 29.34 28.76 29.67 29.16 29.17 29.26 29.58 29.62 29.54 29.71 29.71 29.81 29.69 29.80 29.71 29.76 29.96 29.85 29.53 29.58 29.90 29.35 29.88 29.49 29.89 29.59 29.81 29.70
99999.90 99999.90 99999.90 99999.90 99999.90 99999.90 99999.90 99999.90 99999.90 99999.90 99999.90 99999.90 99999.90 99999.90 99999.90 99999.90 99999.90 99999.90 99999.90 99999.90 99999.90 99999.90 99999.90 99999.90 99999.90 29.98 29.92 29.92 29.92 29.92 29.92 29.92 29.92 29.92 29.92 29.92 29.97 29.97 29.97 29.97 29.97 29.96 29.83 29.60 29.33 29.21 29.49 28.77 29.03 28.86 29.04 29.50 29.43 28.86 29.66 29.02 29.61 29.36 29.59 29.36 29.52 29.89 29.58 29.84 29.53 30.03 30.02 29.43 29.41 29.70 29.91 29.48 29.63 29.34 29.71 29.37 29.84
99999.90 99999.90 99999.90 99999.90 99999.90 99999.90 99999.90 99999.90 99999.90 99999.90 99999.90 99999.90 99999.90 99999.90 99999.90 99999.90 99999.90 99999.90 99999.90 99999.90 99999.90 99999.90 99999.90 99999.90 99999.90 29.98 29.92 29.92 29.92 29.92 29.92 29.92 29.92 29.92 29.97 29.97 29.97 29.97 29.97 29.97 29.97 29.97 29.90 29.60 29.61 29.22 29.40 29.45 29.16 29.03 29.16 29.37 29.51 28.96 29.67 29.27 29.43 29.43 29.25 29.29 29.41 29.40 29.59 29.45 29.68 29.68 29.87 29.86 29.93 29.85 30.01 29.56 29.75 29.38 29.70 29.61 29.44
99999.90 99999.90 99999.90 99999.90 99999.90 99999.90 99999.90 99999.90 99999.90 99999.90 99999.90 99999.90 99999.90 99999.90 99999.90 99999.90 99999.90 99999.90 99999.90 99999.90 99999.90 99999.90 99999.90 99999.90 99999.90 99999.90 29.92 29.92 29.92 29.92 29.92 29.92 29.92 29.97 29.97 29.97 29.97 29.97 29.97 29.97 29.97 29.97 29.92 29.76 29.67 29.62 29.51 29.48 29.38 29.53 29.52 29.66 29.48 29.57 29.84 29.51 29.06 29.61 29.30 29.55 29.45 29.40 29.31 29.50 29.85 29.69 29.98 29.45 29.74 29.47 29.75 29.43 29.90 29.61 29.41 29.54 29.40
99999.90 99999.90 99999.90 99999.90 99999.90 99999.90 99999.90 99999.90 99999.90 99999.90 99999.90 99999.90 99999.90 99999.90 99999.90 99999.90 99999.90 99999.90 99999.90 99999.90 99999.90 99999.90 99999.90 99999.90 99999.90 99999.90 29.92 29.92 29.92 29.92 29.92 29.97 29.97 29.97 29.97 29.97 29.97 29.97 29.97 29.97 29.95 29.95 29.95 29.83 29.51 29.42 29.72 29.79 29.87 29.79 29.55 29.71 29.73 29.78 29.46 29.59 29.80 29.52 29.16 29.42 29.50 29.76 29.43 29.69 29.77 29.36 29.67 29.57 29.79 29.79 29.75 29.65 29.66 29.56 29.50 29.75 29.56
99999.90 99999.90 99999.90 99999.90 99999.90 99999.90 99999.90 99999.90 99999.90 99999.90 99999.90 99999.90 99999.90 99999.90 99999.90 99999.90 99999.90 99999.90 99999.90 99999.90 99999.90 99999.90 99999.90 99999.90 99999.90 99999.90 99999.90 29.99 29.92 29.92 29.97 29.97 29.97 29.97 29.97 29.97 29.97 29.97 29.94 29.94 29.94 29.94 29.94 29.78 29.49 29.55 29.32 29.55 29.48 29.60 29.51 29.77 29.85 29.91 29.69 29.77 29.74 29.84 29.94 29.64 29.73 29.65 29.58 29.51 29.57 29.70 29.46 29.85 29.74 29.84 29.93 29.92 29.81 29.62 29.68 29.48 29.74
99999.90 99999.90 99999.90 99999.90 99999.90 99999.90 99999.90 99999.90 99999.90 99999.90 99999.90 99999.90 99999.90 99999.90 99999.90 99999.90 99999.90 99999.90 99999.90 99999.90 99999.90 99999.90 99999.90 99999.90 99999.90 99999.90 99999.90 99999.90 29.92 29.92 29.97 29.97 29.97 29.97 29.87 29.87 29.87 29.87 29.87 29.87 29.87 29.87 29.87 29.79 29.69 29.69 29.47 29.00 29.38 29.15 29.67 29.68 29.64 29.78 29.73 29.99 29.89 29.93 29.86 29.99 29.70 29.74 29.80 29.79 29.83 29.89 29.80 29.80 29.71 29.54 29.78 29.87 30.02 29.93 29.89 29.95 29.56
99999.90 99999.90 99999.90 99999.90 99999.90 99999.90 99999.90 99999.90 99999.90 99999.90 99999.90 99999.90 99999.90 99999.90 99999.90 99999.90 99999.90 99999.90 99999.90 99999.90 99999.90 99999.90 99999.90 99999.90 99999.90 99999.90 99999.90 99999.90 29.92 29.92 29.97 29.97 29.65 29.65 29.65 29.65 29.65 29.65 29.65 29.65 29.65 29.65 29.65 29.67 29.68 29.73 29.66 29.17 29.71 29.24 29.86 29.28 29.29 29.84 29.55 29.57 29.94 29.89 29.90 29.99 29.94 29.91 29.98 29.97 29.94 29.95 29.97 30.06 29.97 29.98 29.81 29.98 30.00 29.91 30.06 29.72 29.89
99999.90 99999.90 99999.90 99999.90 99999.90 99999.90 99999.90 99999.90 99999.90 99999.90 99999.90 99999.90 99999.90 99999.90 99999.90 99999.90 99999.90 99999.90 99999.90 99999.90 99999.90 99999.90 99999.90 99999.90 99999.90 99999.90 99999.90 99999.90 99999.90 29.98 29.97 29.97 29.75 29.75 29.75 29.75 29.75 29.75 29.75 29.75 29.75 29.75 29.75 29.84 29.74 29.72 29.48 29.82 29.42 29.62 29.42 29.64 29.55 29.81 29.74 29.71 29.95 29.86 29.89 29.88 29.95 29.92 29.91 30.03 29.98 30.02 30.02 30.05 30.01 30.00 29.92 29.97 30.06 30.01 30.04 29.96 29.94
99999.90 99999.90 99999.90 99999.90 99999.90 99999.90 99999.90 99999.90 99999.90 99999.90 99999.90 99999.90 99999.90 99999.90 99999.90 99999.90 99999.90 99999.90 99999.90 99999.90 99999.90 99999.90 99999.90 99999.90 99999.90 99999.90 99999.90 99999.90 99999.90 99999.90 29.97 29.97 29.96 29.96 29.96 29.96 29.96 29.96 29.96 29.96 29.96 29.96 29.96 29.80 29.71 29.77 29.79 29.86 29.87 29.69 29.97 29.78 29.73 29.77 29.80 29.70 29.54 29.87 29.77 29.91 29.95 30.02 29.96 29.91 30.03 30.03 30.04 30.08 29.97 29.89 29.94 29.98 30.06 30.07 30.11 30.12 30.04
99999.90 99999.90 99999.90 99999.90 99999.90 99999.90 99999.90 99999.90 99999.90 99999.90 99999.90 99999.90 99999.90 99999.90 99999.90 99999.90 99999.90 99999.90 99999.90 99999.90 99999.90 99999.90 99999.90 99999.90 99999.90 99999.90 99999.90 99999.90 99999.90 99999.90 29.97 29.97 29.94 29.94 29.94 29.94 29.94 29.94 29.94 29.94 29.94 29.94 29.94 29.83 29.78 29.79 29.79 29.85 29.94 29.90 29.82 29.90 29.94 29.83 29.72 29.69 29.52 29.97 29.86 29.88 29.95 29.88 29.90 29.98 29.86 29.97 29.95 30.02 30.00 30.02 29.98 30.04 30.05 30.08 30.08 30.07 30.03
99999.90 99999.90 99999.90 99999.90 99999.90 99999.90 99999.90 99999.90 99999.90 99999.90 99999.90 99999.90 99999.90 99999.90 99999.90 99999.90 99999.90 99999.90 99999.90 99999.90 99999.90 99999.90 99999.90 99999.90 99999.90 99999.90 99999.90 99999.90 99999.90 99999.90 99999.90 29.97 29.80 29.80 29.80 29.80 29.80 29.80 29.80 29.80 29.80 29.80 29.80 29.77 29.90 29.76 29.70 29.87 29.81 29.87 29.85 30.01 29.99 30.01 30.09 29.75 29.71 30.02 29.97 29.55 30.06 29.95 29.95 29.94 30.01 29.88 30.03 30.02 30.02 30.00 30.01 30.01 30.06 30.09 30.07 30.11 30.09
99999.90 99999.90 99999.90 99999.90 99999.90 99999.90 99999.90 99999.90 99999.90 99999.90 99999.90 99999.90 99999.90 99999.90 99999.90 99999.90 99999.90 99999.90 99999.90 99999.90 99999.90 99999.90 99999.90 99999.90 99999.90 99999.90 99999.90 99999.90 99999.90 99999.90 99999.90 29.97 29.94 29.94 29.94 29.94 29.94 29.94 29.94 29.94 29.94 29.94 29.94 29.82 29.91 29.83 29.58 29.75 29.74 29.18 29.86 29.95 30.07 30.04 29.95 29.80 29.86 30.07 29.98 30.01 30.11 29.96 29.97 30.07 30.02 30.03 30.03 30.03 29.98 29.93 30.03 30.05 30.09 30.07 30.11 30.09 30.05
99999.90 99999.90 99999.90 99999.90 99999.90 99999.90 99999.90 99999.90 99999.90 99999.90 99999.90 99999.90 99999.90 99999.90 99999.90 99999.90 99999.90 99999.90 99999.90 99999.90 99999.90 99999.90 99999.90 99999.90 99999.90 99999.90 99999.90 99999.90 99999.90 99999.90 99999.90 99999.90 29.77 29.77 29.77 29.77 29.77 29.77 29.77 29.77 29.77 29.77 29.77 29.87 29.86 29.70 29.83 29.59 29.61 29.33 29.54 29.60 29.87 29.63 29.56 29.94 29.79 29.89 29.73 29.96 29.90 30.04 30.09 30.13 29.96 30.04 30.03 30.01 30.03 30.01 30.03 30.02 30.08 30.05 30.07 30.05 30.07
99999.90 99999.90 99999.90 99999.90 99999.90 99999.90 99999.90 99999.90 99999.90 99999.90 99999.90 99999.90 99999.90 99999.90 99999.90 99999.90 99999.90 99999.90 99999.90 99999.90 99999.90 99999.90 99999.90 99999.90 99999.90 99999.90 99999.90 99999.90 99999.90 99999.90 99999.90 99999.90 29.77 29.77 29.77 29.77 29.77 29.77 29.77 29.77 29.77 29.77 29.77 30.00 29.82 29.75 29.88 29.41 29.32 29.97 29.79 29.46 29.59 29.76 29.66 29.98 29.65 29.41 29.92 30.01 29.98 29.91 30.06 30.11 30.06 30.02 30.02 30.02 30.00 30.04 30.06 30.06 30.04 30.07 30.08 30.07 30.07
99999.90 99999.90 99999.90 99999.90 99999.90 99999.90 99999.90 99999.90 99999.90 99999.90 99999.90 99999.90 99999.90 99999.90 99999.90 99999.90 99999.90 99999.90 99999.90 99999.90 99999.90 99999.90 99999.90 99999.90 99999.90 99999.90 99999.90 99999.90 99999.90 99999.90 99999.90 99999.90 29.77 29.77 29.77 29.77 29.77 29.77 29.77 29.77 29.77 29.56 29.56 29.56 29.68 29.74 29.40 29.48 29.71 29.92 29.78 29.84 29.64 29.23 29.46 29.73 29.30 29.16 29.97 30.03 30.06 29.90 30.09 30.08 30.08 30.05 30.03 30.02 30.02 30.07 30.09 30.07 30.05 30.03 30.10 30.10 30.08
99999.90 99999.90 99999.90 99999.90 99999.90 99999.90 99999.90 99999.90 99999.90 99999.90 99999.90 99999.90 99999.90 99999.90 99999.90 99999.90 99999.90 99999.90 99999.90 99999.90 99999.90 99999.90 99999.90 99999.90 99999.90 99999.90 99999.90 99999.90 99999.90 99999.90 99999.90 99999.90 29.77 29.77 29.77 29.77 29.77 29.77 29.77 29.56 29.56 29.56 29.56 29.56 28.62 29.42 29.38 29.27 29.09 29.53 29.82 29.88 29.59 28.86 29.67 29.61 29.34 29.49 30.11 30.11 29.97 29.89 30.05 30.10 30.08 30.05 30.01 30.03 30.08 30.09 30.09 30.08 30.06 30.08 30.10 30.08 30.08
99999.90 99999.90 99999.90 99999.90 99999.90 99999.90 99999.90 99999.90 99999.90 99999.90 99999.90 99999.90 99999.90 99999.90 99999.90 99999.90 99999.90 99999.90 99999.90 99999.90 99999.90 99999.90 99999.90 99999.90 99999.90 99999.90 99999.90 99999.90 99999.90 99999.90 99999.90 99999.90 29.77 29.77 29.77 29.77 29.77 29.56 29.56 29.56 29.56 29.56 29.56 28.62 28.62 29.71 29.64 29.69 29.38 29.22 28.97 29.41 28.65 28.67 29.12 29.47 29.48 29.28 29.98 30.10 30.00 29.78 29.88 30.08 30.03 29.94 29.99 30.00 30.04 30.07 30.11 30.17 30.15 30.10 30.09 30.08 30.12
99999.90 99999.90 99999.90 99999.90 99999.90 99999.90 99999.90 99999.90 99999.90 99999.90 99999.90 99999.90 99999.90 99999.90 99999.90 99999.90 99999.90 99999.90 99999.90 99999.90 99999.90 99999.90 99999.90 99999.90 99999.90 99999.90 99999.90 99999.90 99999.90 99999.90 99999.90 99999.90 29.77 29.77 29.77 29.56 29.56 29.56 29.56 29.56 29.56 29.56 28.62 28.62 29.71 29.71 29.88 29.08 29.48 29.25 29.05 28.99 28.98 29.03 28.87 29.09 29.36 29.31 29.27 29.93 29.88 28.91 29.87 30.11 30.02 29.91 30.01 30.04 30.08 30.10 30.10 30.13 30.11 30.10 30.11 30.13 30.11
99999.90 99999.90 99999.90 99999.90 99999.90 99999.90 99999.90 99999.90 99999.90 99999.90 99999.90 99999.90 99999.90 99999.90 99999.90 99999.90 99999.90 99999.90 99999.90 99999.90 99999.90 99999.90 99999.90 99999.90 99999.90 99999.90 99999.90 99999.90 99999.90 99999.90 99999.90 99999.90 29.77 29.56 29.56 29.56 29.56 29.56 29.56 29.56 29.56 28.62 28.62 29.71 29.71 29.88 29.88 29.56 29.19 29.02 28.89 28.68 29.06 28.77 28.64 28.17 28.89 29.12 29.53 29.86 29.11 29.15 29.70 29.98 30.08 30.10 29.98 30.08 30.09 30.06 30.09 30.08 30.07 30.12 30.06 30.12 30.11
99999.90 99999.90 99999.90 99999.90 99999.90 99999.90 99999.90 99999.90 99999.90 99999.90 99999.90 99999.90 99999.90 99999.90 99999.90 99999.90 99999.90 99999.90 99999.90 99999.90 99999.90 99999.90 99999.90 99999.90 99999.90 99999.90 99999.90 99999.90 99999.90 99999.90 99999.90 99999.90 29.77 29.56 29.56 29.56 29.56 29.56 29.56 29.56 28.62 28.62 29.71 29.71 29.88 29.81 29.81 29.81 29.65 29.32 29.26 29.13 29.10 28.59 28.15 28.64 29.35 29.17 29.08 29.72 29.23 29.25 29.78 29.66 29.89 29.88 29.88 30.04 30.05 30.02 30.08 30.07 30.10 30.08 30.06 30.06 30.09
99999.90 99999.90 99999.90 99999.90 99999.90 99999.90 99999.90 99999.90 99999.90 99999.90 99999.90 99999.90 99999.90 99999.90 99999.90 99999.90 99999.90 99999.90 99999.90 99999.90 99999.90 99999.90 99999.90 99999.90 99999.90 99999.90 99999.90 99999.90 99999.90 99999.90 99999.90 99999.90 29.77 29.56 29.56 29.56 29.56 29.56 29.56 28.62 28.62 29.71 29.71 29.81 29.81 29.81 29.81 29.81 29.77 29.19 29.21 29.21 28.99 28.94 28.77 28.80 29.07 28.90 28.79 28.95 28.11 29.39 30.03 29.99 30.00 29.81 30.03 30.06 30.09 30.05 30.06 30.07 30.10 30.03 30.00 30.02 30.06
99999.90 99999.90 99999.90 99999.90 99999.90 99999.90 99999.90 99999.90 99999.90 99999.90 99999.90 99999.90 99999.90 99999.90 99999.90 99999.90 99999.90 99999.90 99999.90 99999.90 99999.90 99999.90 99999.90 99999.90 99999.90 99999.90 99999.90 99999.90 99999.90 99999.90 99999.90 99999.90 29.77 29.56 29.56 29.56 29.56 29.56 28.62 28.62 29.71 29.81 29.81 29.81 29.81 29.81 29.81 29.77 29.77 29.49 29.45 29.19 29.00 29.02 29.07 28.48 28.87 27.91 28.53 27.98 28.06 28.79 29.22 29.57 30.02 29.84 29.98 30.19 30.19 30.09 30.02 29.96 30.06 30.21 30.21 30.15 30.05
99999.90 99999.90 99999.90 99999.90 99999.90 99999.90 99999.90 99999.90 99999.90 99999.90 99999.90 99999.90 99999.90 99999.90 99999.90 99999.90 99999.90 99999.90 99999.90 99999.90 99999.90 99999.90 99999.90 99999.90 99999.90 99999.90 99999.90 99999.90 99999.90 99999.90 99999.90 99999.90 29.77 29.56 29.56 29.56 29.56 28.62 28.62 29.71 29.81 29.81 29.81 29.81 29.81 29.81 29.77 29.77 29.49 29.49 29.70 29.23 29.27 29.32 28.96 28.52 28.28 27.68 28.16 28.03 28.86 28.88 28.52 29.44 29.81 30.09 29.76 30.07 30.02 30.07 30.06 30.02 29.98 30.20 30.22 30.26 30.19
99999.90 99999.90 99999.90 99999.90 99999.90 99999.90 99999.90 99999.90 99999.90 99999.90 99999.90 99999.90 99999.90 99999.90 99999.90 99999.90 99999.90 99999.90 99999.90 99999.90 99999.90 99999.90 99999.90 99999.90 99999.90 99999.90 99999.90 99999.90 99999.90 99999.90 99999.90 99999.90 99999.90 29.56 29.56 29.56 28.62 28.62 29.81 29.81 29.81 29.81 29.81 29.81 29.81 29.77 29.77 29.49 29.77 29.77 29.77 29.23 29.31 29.56 28.75 28.02 28.56 28.92 28.16 27.57 28.21 28.37 29.58 29.25 29.48 29.14 29.02 29.47 29.52 29.98 30.02 30.08 30.07 30.11 30.30 30.29 30.25
99999.90 99999.90 99999.90 99999.90 99999.90 99999.90 99999.90 99999.90 99999.90 99999.90 99999.90 99999.90 99999.90 99999.90 99999.90 99999.90 99999.90 99999.90 99999.90 99999.90 99999.90 99999.90 99999.90 99999.90 99999.90 99999.90 99999.90 99999.90 99999.90 99999.90 99999.90 99999.90 99999.90 29.56 29.56 28.62 28.62 29.81 29.81 29.81 29.81 29.81 29.81 29.81 29.77 29.77 29.77 29.77 29.77 29.77 29.77 29.61 29.71 29.60 29.26 28.79 28.29 28.40 27.28 27.38 27.88 28.80 28.65 28.37 29.01 29.22 29.33 29.27 29.45 29.60 29.73 30.04 30.14 30.01 30.18 30.12 30.16
99999.90 99999.90 99999.90 99999.90 99999.90 99999.90 99999.90 99999.90 99999.90 99999.90 99999.90 99999.90 99999.90 99999.90 99999.90 99999.90 99999.90 99999.90 99999.90 99999.90 99999.90 99999.90 99999.90 99999.90 99999.90 99999.90 99999.90 99999.90 99999.90 99999.90 99999.90 99999.90 99999.90 99999.90 28.62 28.62 29.71 29.81 29.81 29.81 29.81 29.81 29.81 29.77 29.77 29.77 29.77 29.77 29.77 29.81 29.81 29.81 29.71 29.21 29.12 28.63 28.09 27.93 27.84 27.42 27.93 27.94 28.24 28.46 28.56 29.17 28.20 29.37 29.71 29.64 29.64 29.77 30.02 29.92 29.99 29.90 30.16
99999.90 99999.90 99999.90 99999.90 99999.90 99999.90 99999.90 99999.90 99999.90 99999.90 99999.90 99999.90 99999.90 99999.90 99999.90 99999.90 99999.90 99999.90 99999.90 99999.90 99999.90 99999.90 99999.90 99999.90 99999.90 99999.90 99999.90 99999.90 99999.90 99999.90 99999.90 99999.90 99999.90 99999.90 99999.90 29.71 29.71 29.81 29.81 29.81 29.81 29.81 29.77 29.77 29.77 29.77 29.77 29.81 29.81 29.81 29.81 29.81 29.67 28.86 28.79 29.26 29.23 28.91 28.26 28.53 28.91 28.41 28.07 27.72 29.92 29.17 29.31 29.28 29.80 29.99 29.81 29.94 29.97 30.12 30.15 30.01 30.12
