main/data/irradiance/16.10.2023.grid
ncols 839
nrows 679
xllcenter 112.0500
yllcenter -43.9500
cellsize 0.0500
nodata_value 99999.90
[rows 340 to 373 of 679, columns 462 to 538 of 839]
26.31 26.37 26.47 26.53 26.60 26.42 26.44 26.46 26.41 26.37 26.47 26.62 26.47 25.89 26.59 26.47 26.45 26.26 26.23 26.22 26.14 26.10 26.05 25.85 25.90 25.93 26.04 25.95 25.98 26.12 26.18 26.17 26.10 25.95 25.95 25.98 25.94 25.77 25.98 26.31 26.23 26.76 26.08 25.84 26.38 25.75 25.98 26.07 26.24 26.28 26.51 26.57 26.60 26.81 26.37 26.32 25.80 26.28 26.42 26.67 26.92 26.89 26.85 26.85 26.66 26.59 26.68 26.88 26.79 26.84 26.76 26.67 26.59 26.48 26.90 26.80 26.80
26.28 26.26 26.31 26.55 26.52 26.38 26.38 26.32 26.30 26.39 26.47 26.58 26.19 26.43 26.58 26.51 26.35 26.00 25.88 26.01 26.03 25.95 25.84 25.69 25.67 25.92 25.94 25.97 25.88 25.93 26.08 26.13 26.05 26.01 25.95 25.86 26.04 25.96 25.92 26.66 26.10 26.46 25.97 26.04 26.32 25.99 25.93 25.89 26.10 26.29 26.29 26.54 26.62 26.64 26.50 26.54 26.71 26.41 26.51 26.42 26.74 26.82 26.92 26.93 26.76 26.76 26.77 26.66 26.83 26.83 26.86 26.71 26.57 26.73 26.79 26.83 26.81
26.51 26.48 26.43 26.52 26.47 26.39 26.41 26.40 26.40 26.36 26.47 26.34 26.21 26.38 26.38 25.83 25.54 25.47 25.46 25.39 25.54 25.53 25.53 25.68 25.53 25.76 25.95 25.89 25.83 25.82 25.90 26.01 25.94 25.89 25.86 25.87 26.05 26.24 25.88 25.96 26.14 25.96 26.10 25.91 25.90 25.99 25.96 25.86 25.97 26.09 26.08 26.24 26.38 26.50 26.88 26.40 26.47 26.49 26.39 26.41 26.30 26.70 26.66 26.75 26.72 26.65 26.79 26.80 26.79 26.68 26.22 26.64 26.66 26.76 26.64 26.82 26.77
26.65 26.54 26.55 26.63 26.60 26.63 26.61 26.53 26.41 26.51 26.30 26.08 25.95 26.22 26.45 26.43 26.44 26.29 26.08 26.23 26.39 26.27 26.25 26.19 26.46 25.91 25.72 25.89 25.80 25.70 25.68 25.67 25.77 25.73 25.70 25.76 25.85 25.82 25.87 25.79 25.94 25.87 26.10 25.96 25.94 25.96 26.01 26.05 26.12 26.09 25.88 25.91 25.96 26.22 26.63 26.90 26.48 26.56 26.30 26.50 26.46 26.38 26.27 26.62 26.53 26.58 26.45 26.50 26.66 26.47 26.39 26.66 26.71 26.77 26.66 26.80 26.70
26.45 26.40 26.47 26.63 26.68 26.71 26.56 26.41 26.40 26.62 26.46 26.54 26.58 26.60 26.63 26.52 26.48 26.51 26.35 26.38 26.34 26.26 26.26 26.37 26.25 26.28 25.84 25.50 25.71 25.56 25.41 25.44 25.50 25.51 25.62 25.67 25.77 25.81 25.75 25.50 25.47 25.79 25.94 25.84 25.73 25.79 26.00 26.03 26.14 25.92 25.64 25.08 25.67 25.86 26.02 26.64 26.64 26.27 26.43 26.35 26.39 26.30 26.10 26.44 26.49 26.53 26.48 26.50 26.60 26.58 26.55 26.64 26.70 26.74 26.72 26.66 26.82
26.63 26.55 26.59 26.52 26.51 26.62 26.57 26.57 26.56 26.62 26.62 26.63 26.61 26.72 26.82 26.66 26.63 26.56 26.53 26.45 26.32 26.24 26.33 26.44 26.31 26.25 26.30 25.62 25.32 25.68 25.42 25.46 25.50 25.49 25.52 25.49 25.61 25.57 25.55 25.34 25.19 25.74 25.70 25.71 25.85 25.93 25.97 26.05 26.04 25.88 25.61 25.43 25.36 25.61 25.72 25.96 26.21 25.92 26.24 26.27 26.09 26.23 26.15 26.21 26.98 26.85 26.75 26.67 26.59 26.64 26.56 26.67 26.67 26.63 26.67 26.69 26.76
26.67 26.70 26.65 26.65 26.64 26.71 26.71 26.66 26.63 26.69 26.68 26.69 26.73 26.75 26.69 26.65 26.66 26.62 26.66 26.55 26.44 26.37 26.58 26.46 26.38 26.40 26.42 26.23 25.85 25.68 25.51 25.35 25.49 25.62 25.48 25.48 25.37 25.28 25.40 25.35 25.56 25.44 25.10 25.59 25.86 25.95 25.98 26.03 25.95 25.96 25.91 25.84 25.85 25.38 25.12 25.93 26.02 26.22 26.30 26.40 25.64 25.55 26.15 26.30 26.80 26.94 26.80 26.72 26.57 26.72 26.64 26.62 26.70 26.69 26.71 26.77 26.71
26.77 26.75 26.82 26.76 26.68 26.73 26.64 26.68 26.74 26.82 26.82 26.80 26.79 26.82 26.74 26.65 26.65 26.74 26.72 26.70 26.60 26.56 26.59 26.69 26.60 26.62 26.65 26.48 26.24 25.82 25.61 25.44 25.56 25.61 25.82 25.64 25.58 25.31 25.15 25.25 25.40 25.48 25.46 25.51 25.14 24.57 25.27 26.02 26.03 25.95 26.07 26.30 25.98 25.24 25.18 26.05 25.74 25.96 25.94 26.14 25.88 26.07 26.57 26.27 26.64 27.00 26.80 26.79 26.62 26.54 26.68 26.63 26.73 26.70 26.65 26.66 26.60
26.74 26.79 26.83 26.79 26.77 26.75 26.74 26.73 26.75 26.75 26.83 26.87 26.84 26.84 26.75 26.60 26.57 26.59 26.74 26.82 26.74 26.68 26.78 26.55 26.58 26.72 26.65 26.59 26.33 25.76 25.71 25.51 25.42 25.42 26.20 25.54 25.50 25.29 25.17 25.11 25.15 25.22 25.08 24.53 25.19 25.64 25.64 25.90 25.86 26.12 26.13 25.48 26.06 26.61 25.76 25.91 26.28 26.41 25.93 25.88 25.95 25.85 26.00 26.06 26.50 26.52 26.41 26.35 26.65 26.27 26.40 26.48 26.59 26.72 26.67 26.70 26.59
26.68 26.72 26.74 26.76 26.76 26.77 26.78 26.76 26.80 26.77 26.76 26.80 26.72 26.83 26.82 26.68 26.64 26.63 26.61 26.75 26.79 26.76 26.74 26.63 26.54 26.55 26.57 26.54 26.65 26.27 25.76 25.72 25.46 25.37 25.41 25.35 25.68 25.39 25.23 25.15 25.41 25.38 25.50 25.53 25.61 25.63 25.82 26.06 25.68 25.81 26.02 26.09 26.02 26.85 26.09 25.70 26.15 26.31 25.76 25.64 25.80 26.28 26.10 26.05 26.23 26.51 26.13 25.83 26.46 26.15 26.09 26.42 26.57 26.62 26.61 26.79 26.84
26.77 26.74 26.78 26.81 26.78 26.73 26.73 26.70 26.79 26.83 26.88 26.86 26.75 26.74 26.79 26.80 26.67 26.60 26.69 26.75 26.75 26.74 26.74 26.65 26.60 26.56 26.52 26.63 26.74 26.59 25.96 26.02 25.78 25.56 25.36 25.48 25.41 25.62 25.44 25.40 25.32 25.41 25.63 25.78 26.09 25.90 25.70 25.69 25.50 25.66 25.78 25.76 25.75 25.80 26.17 25.67 25.63 26.41 25.80 25.52 25.75 26.25 26.19 26.06 26.18 26.09 26.56 26.28 26.54 26.54 26.27 26.34 26.44 26.52 26.57 26.59 26.77
26.71 26.75 26.74 26.79 26.79 26.83 26.70 26.78 26.79 26.81 26.86 26.85 26.78 26.77 26.78 26.80 26.76 26.64 26.57 26.73 26.70 26.66 26.68 26.54 26.33 25.89 25.66 26.33 26.68 26.73 26.45 26.12 26.10 25.89 25.73 25.43 25.50 25.43 25.54 25.64 25.43 25.51 25.70 25.60 25.74 25.99 25.97 25.87 25.91 26.01 26.10 25.76 25.76 25.71 25.57 25.64 25.46 25.66 25.62 25.47 25.76 25.87 26.29 26.76 26.38 26.36 26.80 26.68 26.71 26.64 26.86 26.58 26.39 26.43 26.42 26.45 26.54
26.77 26.79 26.74 26.72 26.77 26.82 26.86 26.80 26.81 26.86 26.81 26.87 26.84 26.80 26.78 26.77 26.75 26.72 26.67 26.59 26.58 26.51 26.49 26.53 26.25 26.61 26.70 26.65 26.46 26.46 26.40 26.05 26.15 26.08 25.83 25.08 24.60 25.70 25.85 25.86 25.78 25.63 26.10 25.93 25.71 25.72 25.94 25.91 25.82 25.78 25.77 25.60 25.63 25.73 25.65 25.52 25.77 25.52 25.58 25.55 25.43 25.43 25.55 25.84 25.81 26.54 26.46 26.52 26.61 26.55 27.02 27.08 26.56 26.43 26.40 26.27 26.44
26.81 26.75 26.77 26.73 26.73 26.76 26.84 26.83 26.85 26.87 26.91 26.88 26.82 26.75 26.72 26.71 26.69 26.72 26.71 26.62 26.64 26.69 26.74 26.64 26.69 26.70 26.63 26.74 26.73 26.72 26.59 26.12 26.17 26.12 26.00 25.18 25.45 25.99 25.83 26.07 26.03 25.91 26.28 25.86 25.57 25.72 25.81 25.83 26.42 25.88 25.97 25.82 25.67 25.73 25.79 25.69 25.53 25.51 25.78 25.65 25.54 25.25 25.58 25.86 26.18 26.57 26.48 26.41 26.48 26.51 26.78 26.96 26.62 26.61 26.30 26.55 26.63
26.77 26.85 26.81 26.85 26.55 26.81 26.78 26.80 26.82 26.82 26.84 26.87 26.82 26.69 26.74 26.71 26.67 26.68 26.74 26.66 26.57 26.70 26.78 26.76 26.71 26.73 26.76 26.65 26.66 26.67 26.52 26.18 26.06 26.24 26.12 26.05 26.06 26.04 26.03 25.92 26.02 26.23 26.35 25.82 25.47 25.61 25.78 25.82 25.98 26.14 26.13 25.88 25.94 25.83 25.75 25.76 25.76 25.74 25.75 25.75 25.76 25.56 25.74 25.88 25.96 26.29 26.49 26.32 26.38 26.47 26.40 26.57 26.49 26.63 26.55 26.54 26.44
26.74 26.77 26.79 26.79 26.66 26.74 26.72 26.71 26.71 26.78 26.70 26.80 26.84 26.77 26.75 26.71 26.70 26.68 26.73 26.73 26.67 26.72 26.75 26.71 26.75 26.79 26.74 26.62 26.54 26.65 26.45 25.95 25.90 26.05 26.25 26.27 26.21 26.30 26.33 25.51 26.15 26.09 26.18 26.29 26.10 25.98 26.05 26.08 26.02 25.96 25.89 25.83 25.84 25.86 26.02 25.82 25.81 25.89 25.82 25.69 25.70 25.93 25.88 25.72 25.96 25.75 26.36 26.41 26.34 26.33 26.47 26.57 26.48 26.43 26.39 26.56 26.56
26.70 26.72 26.74 26.76 26.79 26.79 26.74 26.71 26.74 26.70 26.68 26.66 26.79 26.81 26.71 26.67 26.65 26.76 26.71 26.65 26.73 26.72 26.73 26.73 26.70 26.74 26.75 26.72 26.68 26.67 26.63 26.40 26.14 26.02 26.12 26.22 26.18 25.62 25.20 26.34 26.04 26.04 26.42 26.40 26.40 26.31 26.13 25.92 26.00 25.94 25.85 25.81 25.72 25.81 25.94 26.01 25.87 25.95 25.84 26.01 25.76 26.06 26.29 25.84 25.92 25.66 26.07 26.38 26.46 26.36 26.48 26.58 26.56 26.47 26.43 26.41 26.47
26.72 26.67 26.67 26.70 26.76 26.74 26.72 26.72 26.75 26.78 26.70 26.67 26.71 26.67 26.66 26.75 26.64 26.64 26.76 26.75 26.62 26.72 26.68 26.69 26.72 26.65 26.61 26.66 26.62 26.61 26.70 26.77 26.83 26.48 25.88 25.07 23.76 22.75 22.31 23.75 25.13 26.14 26.18 25.93 26.05 26.19 26.01 25.99 25.89 25.92 25.63 25.81 25.58 25.70 25.88 26.02 26.10 26.32 26.18 26.14 26.08 25.87 25.81 25.76 25.69 25.80 25.89 26.33 26.34 26.19 26.21 26.48 26.57 26.50 26.48 26.24 26.16
26.72 26.74 26.74 26.71 26.76 26.76 26.74 26.77 26.69 26.66 26.63 26.67 26.63 26.48 26.53 26.66 26.71 26.69 26.63 26.80 26.72 26.73 26.73 26.67 26.69 26.65 26.60 26.58 26.57 26.59 26.64 26.69 26.79 26.45 25.42 25.59 25.58 24.88 25.17 25.32 23.67 22.55 25.43 26.14 25.87 25.97 25.92 25.60 25.79 25.79 25.82 25.85 25.74 25.95 25.94 25.90 26.09 26.44 26.08 25.93 25.98 25.79 25.86 25.77 25.79 25.79 25.83 26.29 26.34 26.46 26.39 26.31 26.38 26.41 26.44 26.28 26.10
26.69 26.70 26.76 26.73 26.69 26.71 26.64 26.63 26.65 26.73 26.74 26.73 26.54 26.48 26.58 26.73 26.60 26.62 26.76 26.63 26.72 26.69 26.78 26.71 26.65 26.62 26.67 26.64 26.59 26.64 26.63 26.66 26.74 26.53 25.98 26.24 26.67 26.56 25.91 24.31 23.54 21.76 22.23 23.31 23.55 25.23 25.19 24.81 25.31 25.62 25.58 25.80 25.79 25.92 24.83 24.48 25.85 25.98 25.79 24.85 25.96 25.96 25.90 25.77 25.85 25.84 25.68 26.09 26.12 26.18 26.32 26.19 26.17 26.34 26.21 26.20 26.19
26.66 26.70 26.70 26.68 26.65 26.64 26.62 26.57 26.55 26.68 26.78 26.59 26.57 26.52 26.54 26.70 26.66 26.61 26.54 26.57 26.49 26.32 26.61 26.76 26.67 26.58 26.68 26.60 26.61 26.66 26.67 26.70 26.72 26.54 26.15 26.41 26.12 26.52 24.10 23.50 24.53 23.00 22.55 23.48 24.52 24.76 25.10 25.40 24.40 25.80 25.90 25.90 25.89 25.87 25.76 24.78 25.22 25.72 25.73 25.56 24.77 25.38 24.86 24.96 25.92 25.92 25.87 26.04 26.34 26.31 26.06 26.23 26.37 26.45 26.07 26.13 26.15
26.59 26.66 26.66 26.70 26.69 26.65 26.63 26.49 26.55 26.67 26.80 26.65 26.58 26.58 26.76 26.71 26.81 26.82 26.66 26.66 26.61 26.63 26.24 26.48 26.64 26.57 26.60 26.60 26.52 26.48 26.50 26.62 26.74 26.61 26.50 26.32 25.73 24.95 23.96 24.06 25.42 24.94 23.67 23.24 22.75 23.05 24.15 25.80 24.91 25.78 25.79 25.90 25.55 25.73 25.75 25.70 25.74 25.37 24.72 25.84 25.48 25.86 25.68 25.24 25.84 25.89 25.87 25.99 26.46 26.35 26.29 26.40 26.35 26.35 25.90 26.06 26.25
26.64 26.56 26.68 26.56 26.54 26.57 26.56 26.61 26.01 26.72 26.74 26.59 26.56 26.53 26.63 26.64 26.67 26.73 26.69 26.65 26.62 26.66 26.61 26.32 26.52 26.71 26.57 26.65 26.65 26.59 26.58 26.60 26.64 26.42 26.36 26.03 24.96 24.37 24.12 23.67 24.96 25.41 25.72 24.98 22.61 24.03 24.73 25.00 25.29 24.77 23.44 24.10 24.81 25.04 25.75 25.75 25.76 25.76 25.77 25.73 25.13 25.56 25.76 25.65 25.82 25.82 25.84 25.90 25.97 26.43 26.34 26.27 26.07 26.08 25.69 25.90 25.93
26.61 26.61 26.57 26.58 26.65 26.57 26.57 26.52 25.90 26.55 26.56 26.65 26.58 26.53 26.56 26.57 26.60 26.67 26.66 26.69 26.68 26.58 26.71 26.63 26.32 26.49 26.60 26.61 26.65 26.57 26.65 26.64 26.63 26.58 26.52 26.43 26.11 24.69 24.37 23.25 24.64 23.95 26.37 26.13 23.22 25.75 25.72 24.95 24.85 25.03 25.97 25.79 25.78 25.91 25.79 25.78 25.78 25.80 25.81 25.75 25.58 25.77 25.75 25.74 25.78 25.75 25.84 25.85 25.86 26.27 26.24 26.18 26.05 25.99 25.67 25.73 25.82
26.56 26.60 26.55 26.62 26.58 26.57 26.59 26.60 26.08 26.23 26.47 26.52 26.61 26.61 26.59 26.60 26.59 26.67 26.73 26.74 26.73 26.73 26.63 26.58 26.52 26.33 26.43 26.53 26.50 26.53 26.68 26.66 26.63 26.52 26.58 26.56 26.58 24.77 24.14 23.31 23.89 24.27 26.24 26.07 22.84 25.01 25.91 24.81 23.82 24.70 25.91 25.86 25.93 25.93 25.89 25.89 25.77 25.74 25.78 25.85 25.55 25.76 25.79 25.74 25.79 25.68 25.69 25.82 25.90 26.13 26.19 26.17 25.96 25.72 25.69 25.74 25.75
26.52 26.59 26.55 26.55 26.62 26.56 26.52 26.57 26.20 25.08 26.35 26.46 26.54 26.64 26.64 26.56 26.69 26.70 26.70 26.69 26.71 26.77 26.70 26.64 26.62 26.53 26.57 26.60 26.53 26.53 26.60 26.60 26.58 26.56 26.60 26.62 26.53 24.58 24.24 23.43 23.71 24.23 25.31 26.07 24.15 24.98 25.75 25.33 23.23 25.01 24.51 25.59 25.60 25.92 25.98 25.54 24.35 24.84 25.50 24.96 25.85 25.91 26.06 25.75 25.78 25.83 25.82 25.85 25.87 26.20 26.18 26.07 26.10 25.85 25.87 25.90 25.77
26.30 26.36 26.50 26.49 26.54 26.56 26.54 26.52 26.56 26.25 26.28 26.54 26.50 26.63 26.58 26.59 26.62 26.70 26.69 26.72 26.72 26.78 26.76 26.67 26.69 26.65 26.58 26.50 26.62 26.63 26.59 26.65 26.61 26.58 26.62 26.60 26.43 24.38 24.32 23.80 23.18 24.52 25.70 26.12 25.74 25.50 26.09 25.84 25.48 25.00 24.16 24.98 23.85 25.76 25.98 25.27 25.95 25.86 24.20 22.88 25.81 25.85 25.88 25.83 25.91 25.93 25.95 25.90 26.00 26.13 26.19 26.05 25.94 25.85 25.85 25.92 25.89
26.49 26.48 26.47 26.53 26.57 26.47 26.55 26.54 26.55 26.45 25.40 26.55 26.51 26.44 26.51 26.53 26.61 26.70 26.70 26.71 26.77 26.78 26.77 26.73 26.75 26.70 26.62 26.54 26.65 26.63 26.65 26.65 26.72 26.66 26.65 26.59 26.37 24.84 25.24 24.18 22.56 24.94 25.36 25.70 24.82 25.62 26.67 26.54 26.27 24.80 26.01 25.95 26.06 25.54 25.70 25.36 25.82 25.89 26.05 26.05 26.02 24.56 25.09 25.78 25.88 25.98 25.90 25.88 25.91 26.00 26.12 25.97 25.81 25.74 25.83 25.90 25.91
26.41 26.45 26.46 26.53 26.50 26.42 26.30 26.44 26.52 26.53 26.50 26.55 26.49 26.50 26.50 26.59 26.58 26.64 26.66 26.65 26.73 26.74 26.74 26.69 26.65 26.65 26.67 26.62 26.61 26.57 26.63 26.69 26.69 26.70 26.63 26.46 25.60 25.67 25.72 22.84 22.13 24.62 25.97 25.54 23.85 25.79 26.18 26.43 25.44 24.62 25.67 26.02 25.87 25.64 25.76 25.79 25.74 25.72 25.83 25.83 26.05 25.48 25.67 25.90 25.88 25.92 25.98 25.93 25.93 25.95 25.96 25.92 25.86 25.81 25.77 25.86 25.95
26.36 26.43 26.49 26.51 26.49 26.49 26.48 26.46 26.41 26.47 26.57 26.59 26.55 26.48 26.44 26.52 26.51 26.52 26.57 26.67 26.69 26.68 26.64 26.64 26.59 26.55 26.62 26.65 26.63 26.61 26.57 26.60 26.62 26.57 26.59 25.60 24.96 25.62 22.56 22.77 21.58 22.70 26.03 24.18 24.56 25.16 25.66 25.98 24.04 24.17 24.90 25.57 25.91 25.83 25.87 25.89 25.76 25.76 25.78 25.81 25.90 25.90 25.89 25.89 25.90 25.89 25.95 25.97 25.98 25.93 25.90 25.90 25.83 25.93 25.88 26.02 25.98
26.44 26.43 26.49 26.48 26.45 26.46 26.47 26.45 26.37 26.34 26.49 26.50 26.53 26.51 26.50 26.48 26.51 26.53 26.54 26.60 26.63 26.68 26.60 26.53 26.45 26.52 26.55 26.49 26.52 26.53 26.54 26.43 26.42 26.44 26.42 25.44 25.48 24.91 22.98 22.97 21.02 23.07 24.41 23.15 24.96 25.47 25.54 25.16 23.87 24.93 25.36 25.96 25.24 25.65 26.01 26.16 26.08 26.04 26.02 25.84 25.81 25.91 25.80 25.88 25.82 25.83 25.87 26.07 25.94 25.83 25.78 25.84 25.81 25.82 25.89 25.97 25.98
26.40 26.47 26.50 26.49 26.52 26.49 26.47 26.34 26.36 26.30 26.39 26.53 26.49 26.51 26.44 26.49 26.59 26.56 26.57 26.57 26.57 26.53 26.55 26.60 26.52 26.49 26.51 26.50 26.53 26.50 26.50 26.37 26.33 26.43 26.38 25.05 24.89 24.13 23.23 22.31 21.29 24.34 23.58 24.70 25.73 25.62 25.35 25.41 24.29 24.77 25.20 25.69 25.86 25.57 25.74 26.00 25.97 26.13 26.04 25.94 25.72 25.75 25.89 25.86 25.85 25.86 26.02 26.05 26.21 25.96 26.01 25.91 26.19 26.14 25.98 25.97 25.94
26.39 26.37 26.43 26.51 26.48 26.46 26.44 26.41 26.42 26.37 26.33 26.40 26.50 26.56 26.55 26.52 26.57 26.48 26.46 26.54 26.55 26.51 26.56 26.57 26.58 26.50 26.49 26.51 26.45 26.44 26.41 26.35 26.37 26.45 26.38 25.01 24.10 23.37 21.10 21.08 22.48 25.27 24.59 25.21 24.14 25.12 24.25 23.95 24.62 24.88 25.13 25.65 25.07 25.65 25.78 25.91 25.91 25.91 25.92 25.94 25.85 25.74 25.87 26.07 26.02 26.04 25.89 25.91 26.07 26.03 26.17 26.24 26.22 26.32 26.10 25.92 25.88
26.43 26.39 26.27 26.36 26.46 26.39 26.35 26.38 26.36 26.37 26.35 26.45 26.43 26.48 26.50 26.53 26.44 26.49 26.41 26.42 26.52 26.61 26.58 26.66 26.59 26.58 26.52 26.48 26.57 26.44 26.41 26.30 26.39 26.44 26.49 26.22 23.37 21.00 21.74 20.85 21.80 22.76 24.43 26.28 25.18 22.45 22.12 22.68 23.55 23.77 24.74 25.66 25.02 25.37 25.89 25.99 25.87 25.90 25.89 25.85 25.81 25.85 25.89 25.93 25.94 26.00 25.93 25.95 25.98 26.07 26.35 26.30 26.31 26.41 26.38 25.90 25.97
