main/data/irradiance/16.11.2023.grid
ncols 839
nrows 679
xllcenter 112.0500
yllcenter -43.9500
cellsize 0.0500
nodata_value 99999.90
[rows 374 to 407 of 679, columns 616 to 692 of 839]
18.98 19.51 20.40 19.15 17.59 17.84 17.97 19.07 19.68 18.02 17.30 18.15 19.52 21.50 21.49 20.59 19.04 18.19 18.41 17.25 16.17 16.75 16.11 16.90 17.78 18.48 19.85 20.89 21.60 21.70 22.74 22.68 22.11 22.31 22.22 22.05 22.38 22.09 21.86 21.41 21.50 21.88 20.95 21.50 21.67 21.97 23.22 21.88 21.47 22.54 22.85 22.75 22.77 22.65 24.44 25.05 24.91 24.47 24.09 24.86 24.27 24.58 26.54 26.71 26.43 26.13 25.41 24.68 25.18 24.90 25.14 25.35 25.49 24.45 24.47 24.62 25.24
18.46 19.03 19.48 19.53 19.42 18.57 19.95 19.62 19.56 20.06 18.93 19.19 20.40 21.35 20.78 20.43 19.84 19.68 18.02 17.36 16.97 17.23 16.98 17.76 17.96 19.01 19.10 20.00 20.83 20.83 21.48 21.69 21.00 20.15 21.18 22.53 22.92 22.66 22.62 21.85 21.32 21.21 20.12 20.34 20.03 21.92 23.71 22.35 22.44 23.55 22.92 22.32 23.32 23.43 23.72 24.51 23.43 23.82 25.08 24.73 23.73 24.12 25.43 25.50 24.98 24.21 22.87 24.16 25.31 25.04 26.00 24.58 23.43 24.04 24.81 24.74 25.38
19.24 19.95 19.95 19.14 18.94 18.67 19.33 19.84 18.88 19.51 20.23 19.23 19.69 20.14 20.73 19.94 19.85 18.83 18.23 18.58 18.10 18.81 18.83 19.11 19.21 19.03 19.31 19.66 19.11 20.00 20.40 20.05 20.33 20.86 21.40 21.97 22.71 21.13 22.21 22.30 20.31 20.76 20.76 21.37 21.56 22.66 23.72 23.26 24.69 25.06 24.14 22.79 22.71 23.94 23.37 23.23 23.33 24.56 24.86 24.68 23.89 24.22 24.93 23.86 22.86 23.04 22.70 23.90 24.73 24.43 25.00 23.40 22.95 23.31 23.91 24.32 25.52
19.02 19.54 18.94 18.85 18.17 18.19 18.42 17.84 18.36 19.50 20.63 18.72 19.29 20.85 19.81 18.97 19.34 19.37 20.04 19.68 19.19 18.44 18.27 20.29 19.98 19.42 19.30 20.10 19.31 20.49 20.66 20.53 21.13 22.52 22.25 22.47 22.47 23.00 21.83 22.75 22.75 22.73 22.81 23.91 23.60 22.75 21.83 23.22 24.28 24.61 24.10 23.52 23.44 24.01 23.57 23.06 23.70 23.57 24.21 24.17 23.04 21.54 22.73 23.12 22.66 21.83 22.28 23.59 23.69 23.29 23.24 22.57 21.99 21.90 23.03 24.28 24.44
20.07 19.74 20.21 19.31 18.95 18.57 18.45 18.80 18.98 19.80 20.68 18.85 20.29 21.63 21.20 20.09 20.42 20.22 20.43 19.47 19.91 19.13 19.04 19.88 19.55 18.67 18.59 19.24 19.60 21.18 22.40 21.35 22.24 22.27 22.21 21.75 22.53 22.91 23.26 23.36 22.91 23.33 23.75 24.13 24.09 23.59 23.25 23.37 23.08 23.36 23.95 24.36 24.62 25.13 24.07 23.93 24.62 24.41 25.47 24.78 24.54 24.35 24.40 23.79 23.79 23.16 21.88 23.52 24.49 23.65 22.96 21.88 21.61 22.64 23.50 24.38 24.27
18.97 19.40 20.45 20.27 19.61 19.61 18.55 19.57 20.89 21.18 21.51 21.38 21.07 20.16 20.43 20.75 21.41 20.99 20.18 19.81 19.65 19.61 20.00 19.44 18.92 19.48 19.78 19.04 19.64 20.95 23.03 22.57 22.12 21.84 21.55 21.00 21.10 21.53 22.47 24.28 23.46 23.55 23.84 24.38 23.73 23.88 24.37 23.83 23.47 22.77 23.49 23.74 23.73 24.19 23.77 22.37 23.55 24.44 24.29 24.52 24.07 23.72 24.71 25.29 24.82 25.01 24.32 24.19 24.19 23.83 23.18 23.89 22.74 22.94 22.87 23.39 23.91
19.97 19.55 19.73 21.09 20.34 18.98 19.68 20.32 21.79 21.48 21.41 20.54 20.53 19.49 18.80 18.67 19.70 20.27 20.28 20.57 20.47 20.64 19.77 20.51 20.34 20.74 21.06 21.58 21.57 22.63 23.33 22.56 22.20 21.85 20.89 20.36 21.03 20.26 21.96 23.46 23.18 23.21 23.69 23.78 23.35 23.20 24.00 23.79 23.27 23.41 23.85 23.47 23.15 22.69 23.58 23.37 22.48 23.10 23.57 23.71 24.12 24.03 24.59 25.48 25.16 24.51 25.16 24.69 23.76 23.54 23.44 22.79 23.01 23.35 24.14 24.67 24.75
19.00 20.15 20.51 20.97 20.55 20.44 21.59 21.22 21.28 21.06 20.41 19.41 19.33 19.02 18.14 18.07 18.77 19.78 20.02 19.48 19.43 20.13 20.61 21.47 21.24 21.45 21.52 21.49 22.04 22.22 22.80 22.38 22.09 21.99 21.74 22.15 21.48 21.06 21.59 22.39 23.66 23.18 23.38 23.33 23.38 23.03 23.31 23.47 23.15 23.21 24.31 23.59 22.11 22.50 23.89 23.31 22.34 22.19 22.48 22.97 24.58 25.01 24.91 24.82 25.02 25.53 25.01 24.89 24.55 23.16 23.40 23.10 23.86 24.46 25.11 24.97 25.79
19.20 20.72 21.44 20.20 19.41 20.02 19.91 19.30 18.57 18.54 18.88 18.40 18.37 18.78 18.52 18.62 19.24 19.13 18.16 18.48 19.14 20.24 20.85 21.45 20.91 21.27 21.15 21.25 21.29 21.70 21.52 21.69 22.61 23.53 22.98 21.85 22.73 22.00 22.62 23.07 23.37 22.65 22.39 23.32 22.99 23.00 23.06 23.72 23.33 23.12 23.68 23.46 22.77 23.60 23.85 23.59 23.18 22.70 22.04 22.62 23.70 24.57 24.03 24.47 24.87 25.69 25.51 24.82 23.62 23.54 22.90 22.48 23.48 24.57 25.48 25.56 25.84
19.87 20.77 21.83 21.29 20.03 20.16 19.31 18.80 18.46 18.92 18.70 18.85 17.76 18.47 19.06 18.93 18.70 18.29 18.10 18.65 19.66 20.28 20.93 20.62 20.64 21.58 21.06 21.00 20.88 21.59 21.65 22.26 22.27 22.76 21.88 21.34 22.23 22.57 22.44 22.26 22.94 22.90 22.61 22.86 22.53 23.37 23.80 24.37 24.06 23.48 23.29 23.77 23.45 23.38 24.45 23.86 23.81 23.54 22.57 22.50 23.64 24.73 23.52 23.03 24.63 25.40 25.47 23.91 23.31 23.22 23.14 22.41 23.08 24.35 25.28 25.10 25.06
21.68 19.40 19.28 19.55 19.52 20.85 20.70 19.55 19.54 19.73 19.38 18.39 18.60 18.96 19.51 19.43 18.77 18.05 18.24 19.27 20.50 20.85 20.59 19.74 20.52 21.08 20.88 20.32 20.50 21.30 21.78 22.57 22.02 21.93 21.73 21.68 21.58 21.68 21.48 21.46 21.90 22.55 22.31 22.20 22.42 23.33 23.87 25.04 23.66 22.95 23.38 23.13 24.06 24.15 23.84 23.94 24.11 23.75 23.08 23.58 23.73 23.57 23.76 23.96 24.61 24.98 24.49 23.58 23.63 22.33 22.82 22.58 23.36 24.20 24.77 23.82 25.26
18.83 18.83 19.32 18.43 18.85 20.77 20.79 19.96 20.64 20.43 20.09 19.60 19.05 18.82 19.10 19.35 18.86 18.48 19.18 19.80 20.17 20.59 20.72 21.50 21.01 20.99 20.19 19.76 20.92 22.07 22.61 22.19 21.52 20.99 20.97 20.77 21.03 20.73 21.65 21.81 21.80 22.10 21.73 22.09 21.96 22.68 23.62 24.22 24.07 24.47 22.80 22.46 22.71 23.58 24.02 23.65 23.31 22.90 22.63 23.02 22.46 22.40 22.57 22.54 23.25 24.57 24.45 23.61 22.01 21.96 23.20 23.99 25.10 24.43 24.84 23.89 24.19
18.53 19.29 19.19 19.26 19.64 20.30 20.13 19.61 18.68 18.56 18.89 19.49 19.53 19.38 19.38 18.24 19.35 19.51 19.67 19.93 19.48 20.58 21.10 20.09 20.16 20.55 20.67 21.61 22.72 22.71 21.51 21.62 20.87 19.18 19.20 19.97 20.22 20.35 20.23 21.46 21.36 21.73 22.44 21.99 22.16 21.85 22.39 22.50 21.94 22.91 23.02 22.16 22.12 23.38 23.12 22.80 22.29 21.29 21.36 21.67 21.55 21.75 21.39 20.61 21.22 22.73 23.06 23.58 23.84 23.53 23.57 24.64 24.58 25.16 24.98 25.02 23.77
18.66 21.16 20.88 19.88 18.78 18.56 18.65 18.06 18.36 18.58 18.62 19.34 19.09 19.03 19.18 19.48 19.55 20.37 20.71 20.03 20.68 19.97 19.30 20.11 19.94 20.98 19.73 20.27 20.40 21.07 21.03 20.93 19.71 18.68 19.11 19.49 19.10 19.03 19.68 21.71 21.99 22.31 23.21 21.68 21.11 21.79 22.25 22.54 22.67 22.42 22.70 22.47 23.12 21.89 20.92 21.47 21.38 20.72 20.77 21.19 22.10 21.79 22.08 22.41 22.14 22.03 22.96 23.60 23.43 23.86 24.75 24.62 24.48 24.52 24.24 24.11 23.89
17.71 19.62 19.50 18.10 17.96 18.27 17.45 17.01 17.33 18.06 18.62 17.92 18.41 18.73 19.45 20.14 19.27 18.38 18.70 20.47 20.90 20.52 19.92 20.87 20.55 20.78 20.87 20.83 20.57 20.90 20.65 19.76 18.92 18.69 19.22 19.83 19.74 19.82 19.96 21.70 22.34 21.91 21.21 20.81 19.92 20.91 21.77 22.64 22.52 22.42 22.17 22.81 22.29 21.65 20.11 20.32 20.02 19.20 20.56 20.99 21.96 22.35 22.45 22.54 22.98 21.96 21.68 20.66 22.06 22.63 23.86 23.65 23.89 23.92 24.09 23.53 22.79
15.79 17.30 17.15 17.47 17.52 17.12 16.58 16.09 16.21 17.45 17.78 17.60 17.15 16.23 17.69 18.24 17.69 18.35 18.73 19.34 19.57 19.64 19.30 20.26 21.15 21.34 20.74 19.79 19.88 19.61 19.20 17.80 18.34 18.07 19.07 20.23 20.38 19.92 18.80 20.24 20.18 19.75 19.33 19.26 19.36 20.26 21.01 21.67 21.83 22.01 22.13 22.62 22.16 21.38 20.93 20.70 20.16 19.57 20.38 20.34 20.34 21.60 22.56 22.37 23.02 21.39 21.31 20.58 22.13 23.03 23.32 23.77 24.15 23.70 23.23 23.05 23.44
15.04 15.98 15.39 16.25 16.46 16.73 15.85 14.85 14.88 15.85 16.93 16.52 15.25 15.63 16.99 17.12 17.47 17.55 17.01 17.57 18.16 18.71 19.54 20.17 20.91 20.96 20.68 19.57 19.48 19.45 18.90 18.52 18.08 17.86 18.13 18.98 19.37 18.86 18.99 19.78 19.71 19.10 19.61 19.30 18.78 18.95 20.42 20.87 21.29 22.12 20.97 21.14 21.60 20.81 20.95 20.66 20.20 20.72 20.27 19.80 18.88 19.49 20.22 21.38 21.34 20.99 21.27 21.12 21.67 22.93 22.83 23.01 23.00 23.49 23.66 22.99 23.26
15.59 15.41 14.57 14.80 15.61 15.38 14.90 14.96 14.78 15.29 15.79 15.31 14.34 14.88 15.68 16.21 16.16 15.84 15.82 16.27 17.43 18.86 20.88 20.97 20.30 19.93 19.94 19.63 19.05 19.02 19.67 19.83 18.87 18.60 18.23 18.02 17.88 17.87 18.58 18.99 19.30 19.09 18.82 19.27 18.79 19.85 19.86 19.35 20.03 20.89 19.58 19.66 20.35 20.13 20.84 20.61 20.16 20.24 19.61 18.86 18.75 20.11 19.87 20.17 20.39 20.98 20.74 21.29 21.47 22.24 22.44 22.24 22.16 23.01 23.63 23.80 23.84
14.20 14.92 14.27 14.29 14.76 13.97 13.24 13.26 13.87 15.03 15.06 14.01 13.89 14.15 14.38 15.53 15.77 15.42 15.64 16.42 18.36 19.23 19.74 19.75 20.30 21.00 21.00 19.88 19.43 18.96 19.63 19.92 19.97 20.27 19.87 18.68 18.24 18.94 18.95 19.04 19.05 19.79 20.23 21.25 20.59 21.12 19.94 19.56 21.23 21.81 21.54 20.46 20.33 20.17 20.42 21.16 20.57 20.51 20.20 19.58 19.80 20.44 20.40 20.57 21.20 21.26 20.77 21.84 22.04 22.06 22.96 22.57 22.95 23.16 23.52 23.48 23.05
13.88 14.86 14.34 14.30 14.61 14.25 13.95 13.50 13.38 14.33 14.81 14.11 13.75 14.39 15.01 15.15 15.70 15.51 16.48 17.23 18.70 19.33 19.27 19.43 20.58 21.02 21.08 20.04 19.36 19.07 19.00 18.76 18.77 19.21 19.67 20.05 19.51 19.56 19.10 19.34 19.70 20.30 21.57 22.06 21.53 20.91 20.30 20.22 20.53 21.53 21.88 21.54 20.75 21.57 21.28 21.15 20.50 20.08 19.88 19.56 20.47 20.71 20.60 21.10 22.04 22.28 22.52 22.21 22.44 22.92 23.46 23.72 23.75 23.37 23.64 23.25 23.91
14.21 14.75 14.40 14.26 14.65 14.48 14.37 14.05 14.13 14.64 15.10 14.63 14.82 15.86 16.05 15.88 15.98 15.94 16.59 17.29 18.22 18.67 19.14 19.21 20.25 21.01 21.06 20.25 19.20 18.85 18.19 18.52 18.59 18.02 18.38 18.52 18.95 19.37 18.85 19.35 19.83 20.59 21.26 21.19 20.99 20.46 19.67 19.53 20.23 20.49 21.52 21.55 21.44 21.57 21.33 21.41 20.81 20.45 20.91 21.55 21.31 21.44 22.11 22.72 23.21 23.76 23.82 23.75 23.59 23.65 23.82 23.66 23.78 24.12 23.57 22.90 23.64
13.92 14.03 14.39 14.48 14.97 15.68 15.46 15.08 14.91 15.80 15.22 15.01 15.59 15.85 16.56 16.21 15.97 16.07 16.46 16.63 16.98 17.35 18.02 18.53 19.63 20.23 20.40 20.35 19.93 19.20 18.41 18.87 18.36 17.16 17.06 16.86 17.68 18.53 18.48 18.98 19.74 20.39 21.59 20.69 20.37 20.20 19.44 19.29 19.91 19.79 21.25 20.83 21.10 20.65 20.78 20.75 20.71 20.91 21.89 22.43 22.71 22.75 22.97 22.95 24.19 23.78 23.90 24.04 23.53 23.34 23.75 23.92 24.15 24.77 24.56 23.81 23.67
14.46 15.05 15.60 15.76 16.34 16.74 17.13 16.71 16.80 17.47 16.34 15.69 15.59 16.19 16.55 15.88 16.00 15.77 15.93 16.17 16.47 16.36 17.13 17.29 17.36 18.35 19.29 19.17 18.60 18.02 18.47 18.38 18.22 18.02 17.12 17.16 18.06 18.70 19.29 18.92 19.41 19.45 20.26 19.88 20.85 20.62 20.42 20.60 20.17 20.59 20.95 19.96 20.65 20.29 20.57 20.67 20.44 20.84 21.39 21.84 22.64 23.43 23.39 24.13 24.47 24.69 24.57 24.10 23.98 24.22 23.27 23.56 24.08 25.05 24.93 24.17 23.83
14.99 15.94 16.27 15.88 14.62 15.71 17.33 17.58 17.38 17.54 16.38 15.72 15.31 15.89 15.84 15.61 14.72 15.49 15.94 15.99 15.84 15.64 16.34 16.16 16.43 17.58 18.30 18.96 18.05 17.67 17.80 18.13 18.27 18.56 17.48 16.77 17.74 18.30 18.53 17.38 18.55 19.18 19.88 19.90 20.15 20.32 20.35 20.85 21.39 22.20 21.70 21.00 20.71 19.74 20.01 20.41 20.42 20.69 21.28 21.93 23.19 23.45 23.83 24.26 23.65 24.05 24.18 24.53 24.71 24.37 23.35 23.57 23.80 24.07 24.33 24.30 23.18
14.86 15.56 15.24 14.44 14.64 16.49 16.69 17.14 17.30 16.60 16.12 15.78 15.19 15.78 16.33 15.40 15.12 15.60 15.76 15.78 16.19 15.35 15.71 15.30 15.37 15.60 16.71 17.42 16.68 16.54 16.86 17.70 18.53 18.98 18.35 17.07 17.23 17.69 17.77 17.44 17.93 18.76 19.07 19.05 18.75 19.25 20.10 21.42 21.51 21.30 20.77 21.68 20.63 21.41 21.28 20.85 20.35 21.34 21.66 21.66 21.63 22.77 23.75 24.63 24.36 24.77 24.70 24.89 24.87 23.75 22.95 23.64 23.62 23.72 23.28 22.97 22.77
15.09 14.80 13.65 13.75 14.06 15.12 15.95 16.10 15.91 16.35 16.08 14.92 15.42 16.06 15.42 15.37 15.69 15.95 15.96 15.85 16.03 15.62 14.94 14.90 14.42 14.57 14.86 15.42 15.95 16.40 16.41 17.45 18.42 18.77 18.73 17.47 17.44 16.85 18.17 17.85 18.24 18.88 18.46 18.37 18.03 18.83 19.73 20.64 21.24 20.58 20.47 21.54 21.17 20.64 21.05 20.61 20.94 20.59 20.46 20.89 21.97 23.04 23.89 24.46 24.52 24.14 24.43 25.52 24.24 23.92 22.94 23.86 23.91 23.81 23.70 23.03 23.02
15.50 15.24 14.23 13.90 13.90 14.88 15.57 15.51 16.60 16.75 16.44 16.47 15.32 15.15 15.02 15.34 15.87 16.53 16.58 15.82 15.86 15.24 14.25 14.26 14.82 14.75 14.84 15.14 16.20 16.01 16.91 17.54 18.27 18.57 19.01 17.70 17.41 17.87 17.48 18.40 18.95 18.78 17.97 18.67 18.02 18.92 19.26 19.13 19.40 19.58 19.66 20.79 21.10 20.67 21.07 20.89 20.83 21.17 21.40 21.29 21.95 22.86 23.36 23.58 24.17 24.33 24.08 24.52 23.92 23.26 23.14 24.17 24.11 24.78 24.62 23.85 23.56
15.40 14.94 14.64 14.42 14.72 14.78 16.22 16.35 15.92 15.19 16.01 17.10 14.57 14.62 15.58 14.85 15.58 16.82 16.44 16.19 16.44 15.40 14.36 14.60 14.94 15.15 15.02 15.49 16.46 16.81 17.22 17.37 18.35 18.44 18.52 18.20 18.30 18.50 18.96 18.94 19.17 18.45 17.68 18.11 18.67 18.93 18.73 18.74 18.68 18.85 19.40 20.22 20.92 20.87 21.56 20.43 21.31 21.34 21.65 21.85 22.03 22.34 22.95 23.77 24.21 23.89 23.91 24.24 24.20 23.25 23.76 23.99 23.87 23.89 24.44 24.67 23.49
15.62 15.11 15.34 14.82 14.76 14.69 16.18 16.36 16.44 16.97 15.89 15.79 14.93 15.39 15.22 14.88 15.12 16.57 17.23 16.94 16.78 15.66 14.25 14.96 14.54 15.14 15.10 16.21 16.61 17.54 17.51 18.04 18.09 18.49 18.47 18.44 19.49 19.77 19.96 19.29 18.41 18.18 18.54 19.26 18.68 18.11 18.38 18.55 18.21 18.85 19.51 19.96 19.92 19.94 20.47 20.19 20.90 21.47 21.39 21.38 21.56 22.35 22.73 23.12 22.96 23.41 23.01 22.22 22.04 23.19 22.70 22.81 22.40 22.99 23.57 23.58 23.36
15.36 15.62 16.61 16.19 14.71 13.95 14.38 15.49 15.09 15.73 15.94 15.76 15.55 14.99 15.26 16.04 16.10 15.78 16.18 16.91 16.98 15.64 15.38 15.67 14.81 15.31 16.15 16.98 17.20 18.52 18.95 18.54 18.38 18.83 18.93 18.77 19.57 20.26 19.59 19.20 18.83 18.67 18.87 19.29 18.13 18.09 19.03 18.83 18.68 19.05 18.89 19.15 19.32 19.02 20.02 21.01 21.44 21.83 21.74 22.05 22.19 22.47 22.81 22.79 22.67 22.83 22.57 21.89 22.14 21.91 21.88 21.92 22.46 22.52 22.08 22.55 23.23
15.53 15.10 16.22 15.60 14.88 14.36 14.77 15.58 15.87 15.79 16.23 16.05 15.25 15.21 16.25 17.44 17.01 16.61 16.44 17.05 17.76 17.18 16.15 15.15 15.28 15.98 16.82 18.01 18.04 18.20 18.49 18.55 18.92 19.63 18.89 18.82 19.37 19.63 19.49 18.82 19.23 19.50 19.67 19.76 19.09 19.41 20.17 20.54 20.16 19.16 19.49 20.10 19.96 19.69 20.62 21.45 21.27 21.84 22.08 22.67 23.07 23.54 23.49 22.69 22.45 22.67 22.19 21.74 21.62 21.07 21.43 22.80 22.54 21.43 21.23 21.67 22.11
15.57 14.50 15.84 15.63 14.44 14.34 14.52 15.19 15.59 15.05 15.11 15.16 15.45 16.58 17.55 18.08 17.24 17.21 17.14 16.47 16.31 16.98 16.75 15.92 16.22 16.44 16.34 17.98 18.67 19.23 19.20 19.42 19.80 20.06 19.50 18.76 19.26 19.16 18.68 19.04 19.65 20.27 21.15 21.01 19.99 20.56 20.69 20.88 20.96 20.17 20.54 20.77 20.54 20.48 20.75 21.30 20.89 21.16 21.85 22.62 23.33 23.37 22.58 22.06 22.43 22.65 21.64 21.00 21.06 21.31 22.00 21.95 21.39 21.43 20.72 20.24 21.41
15.40 15.61 15.94 15.73 14.85 14.80 14.85 15.24 14.99 14.57 14.66 15.67 16.02 17.45 18.11 18.40 18.36 16.96 16.51 16.27 16.72 16.93 17.19 17.30 16.98 17.29 17.15 17.69 17.95 18.46 19.06 19.49 20.33 21.04 20.17 19.47 19.70 19.18 17.87 18.82 19.59 20.30 20.65 20.98 20.41 20.39 20.23 20.23 20.76 20.77 20.63 20.39 20.45 20.56 20.88 20.55 20.44 20.79 21.60 22.49 22.48 21.99 22.09 22.43 23.20 23.15 21.11 20.24 20.67 21.36 21.38 22.12 22.07 20.90 19.92 20.20 21.06
15.43 16.81 16.93 15.67 15.30 14.50 14.31 14.57 14.03 14.12 14.16 14.62 15.37 16.10 16.54 17.75 16.79 16.33 16.56 17.01 16.89 17.02 16.77 17.53 16.80 16.26 16.75 17.65 17.81 17.77 18.67 19.67 19.70 20.22 20.03 19.48 18.78 18.65 18.64 18.95 19.74 20.05 19.75 19.77 19.28 19.63 20.10 20.34 20.50 20.21 19.87 20.31 20.12 20.59 21.23 21.28 20.89 20.86 21.53 21.89 22.08 21.80 21.78 22.13 22.89 22.23 20.43 20.69 20.76 21.43 21.85 22.63 22.46 21.60 20.42 20.30 20.42
