main/data/irradiance/16.10.2023.grid
ncols 839
nrows 679
xllcenter 112.0500
yllcenter -43.9500
cellsize 0.0500
nodata_value 99999.90
[rows 374 to 407 of 679, columns 231 to 307 of 839]
26.40 26.44 26.47 26.51 26.58 26.56 26.54 26.50 26.51 25.78 25.00 26.41 26.51 26.45 26.45 26.41 25.69 25.14 26.18 26.50 26.51 26.49 26.48 26.50 26.53 26.61 26.58 26.54 26.52 26.50 26.53 26.51 26.50 26.44 26.45 26.41 26.40 26.44 26.43 26.45 26.43 26.43 26.42 26.41 26.32 26.34 26.36 26.34 26.31 26.28 26.24 26.22 26.21 26.22 26.22 26.24 26.32 26.29 26.30 26.22 26.24 26.25 26.21 26.23 26.23 26.23 26.20 26.15 26.19 26.21 26.23 26.30 26.31 26.28 26.29 26.23 26.24
26.40 26.36 26.44 26.44 26.39 26.48 26.45 26.49 26.47 26.46 26.49 26.48 26.49 26.45 26.44 26.43 26.37 25.29 25.64 26.24 26.43 26.43 26.52 26.52 26.50 26.56 26.59 26.48 26.50 26.50 26.52 26.49 26.47 26.44 26.46 26.41 26.39 26.42 26.44 26.43 26.34 26.27 26.30 26.25 26.26 26.39 26.37 26.30 26.31 26.30 26.28 26.22 26.15 26.15 26.16 26.23 26.30 26.32 26.21 26.13 26.10 26.13 26.12 26.10 26.15 26.11 26.10 26.12 26.14 26.20 26.17 26.30 26.36 26.36 26.33 26.29 26.23
26.46 26.40 26.44 26.47 26.43 26.40 26.42 26.47 26.46 26.50 26.48 26.47 26.47 26.42 26.43 26.45 26.43 26.46 26.46 26.47 26.45 26.54 26.52 26.53 26.50 26.55 26.56 26.53 26.52 26.51 26.52 26.44 26.46 26.45 26.39 26.38 26.32 26.40 26.40 26.27 26.12 26.23 26.23 26.23 26.32 26.32 26.25 26.26 26.26 26.23 26.19 26.22 26.19 26.20 26.15 26.22 26.28 26.18 26.15 26.09 26.04 26.06 26.02 25.99 26.01 26.04 26.06 26.08 26.07 26.11 26.12 26.17 26.25 26.27 26.25 26.22 26.20
26.45 26.43 26.46 26.46 26.44 26.42 26.44 26.47 26.44 26.45 26.46 26.45 26.44 26.40 26.40 26.40 26.41 26.45 26.51 26.42 26.42 26.50 26.51 26.53 26.55 26.56 26.51 26.47 26.43 26.45 26.49 26.48 26.38 26.37 26.35 26.32 26.26 26.33 26.35 26.25 26.12 26.17 26.16 26.11 26.13 26.11 26.13 26.13 26.10 26.11 26.10 26.16 26.24 26.29 26.19 26.13 26.12 26.06 26.05 26.01 26.01 25.99 25.97 25.97 26.01 26.04 26.10 26.13 26.12 26.12 26.14 26.13 26.13 26.15 26.19 26.21 26.15
26.47 26.51 26.45 26.42 26.39 26.37 26.41 26.42 26.44 26.44 26.42 26.42 26.45 26.46 26.45 26.46 26.45 26.42 26.40 26.21 26.39 26.45 26.53 26.47 26.41 26.46 26.49 26.42 26.41 26.44 26.39 26.29 26.34 26.33 26.27 26.23 26.24 26.32 26.20 26.09 26.07 25.97 25.97 25.91 25.83 25.80 25.86 25.99 26.08 26.09 26.13 26.17 26.23 26.16 26.15 26.10 26.06 26.02 25.96 26.00 25.98 25.97 26.00 25.98 26.05 26.12 26.16 26.17 26.18 26.15 26.15 26.19 26.21 26.19 26.17 26.19 26.18
26.49 26.52 26.48 26.44 26.39 26.36 26.36 26.35 26.40 26.42 26.43 26.39 26.40 26.45 26.46 26.51 26.46 26.41 26.39 26.27 26.40 26.47 26.47 26.39 26.38 26.42 26.48 26.45 26.45 26.37 26.37 26.30 26.29 26.29 26.22 26.10 26.02 25.94 25.91 25.83 25.74 25.72 25.76 25.72 25.76 25.82 25.89 26.01 26.06 26.10 26.12 26.09 26.13 26.21 26.11 26.09 26.08 26.06 26.06 26.06 26.05 26.04 26.05 26.14 26.14 26.20 26.21 26.20 26.21 26.19 26.20 26.22 26.20 26.21 26.17 26.14 26.20
26.50 26.49 26.47 26.45 26.38 26.35 26.35 26.35 26.35 26.37 26.42 26.44 26.41 26.42 26.47 26.52 26.58 26.42 26.43 26.38 26.39 26.37 26.38 26.41 26.38 26.44 26.42 26.42 26.34 26.29 26.17 26.10 26.07 25.99 25.85 25.82 25.74 25.60 25.65 25.67 25.71 25.73 25.77 25.80 25.76 25.76 25.86 25.87 25.92 26.00 25.99 26.01 26.04 26.05 26.12 26.10 26.15 26.17 26.13 26.19 26.19 26.22 26.19 26.21 26.22 26.26 26.22 26.23 26.26 26.22 26.22 26.22 26.19 26.18 26.23 26.17 26.17
26.49 26.47 26.44 26.40 26.32 26.36 26.37 26.40 26.34 26.35 26.43 26.48 26.49 26.59 26.57 26.52 26.53 26.48 26.41 26.37 26.38 26.37 26.40 26.33 26.26 26.26 26.17 26.14 26.10 26.04 25.99 25.93 25.83 25.72 25.58 25.54 25.62 25.66 25.61 25.70 25.80 25.87 25.85 25.73 25.75 25.76 25.72 25.80 25.93 25.99 26.01 26.08 26.12 26.09 26.12 26.19 26.20 26.22 26.23 26.16 26.19 26.11 26.22 26.25 26.23 26.25 26.22 26.21 26.26 26.28 26.20 26.20 26.21 26.19 26.22 26.19 26.18
26.49 26.45 26.52 26.42 26.35 26.37 26.46 26.44 26.37 26.35 26.42 26.47 26.48 26.50 26.51 26.42 26.45 26.43 26.38 26.40 26.36 26.27 26.28 26.28 26.22 26.20 26.09 26.00 26.00 25.92 25.80 25.74 25.65 25.44 25.54 25.56 25.68 25.73 25.68 25.77 25.85 25.79 25.71 25.63 25.64 25.70 25.82 25.81 25.92 25.92 26.05 26.03 26.04 26.10 26.16 26.19 26.25 26.26 26.23 25.98 26.06 26.15 26.25 26.24 26.19 26.25 26.22 26.19 26.19 26.17 26.17 26.18 26.27 26.22 26.19 26.17 26.15
26.49 26.50 26.47 26.50 26.45 26.41 26.41 26.45 26.39 26.38 26.36 26.41 26.38 26.39 26.39 26.41 26.35 26.26 26.26 26.26 26.28 26.19 26.26 26.18 26.07 26.03 26.02 25.96 25.93 25.88 25.68 25.58 25.53 25.52 25.62 25.61 25.72 25.80 25.78 25.80 25.74 25.65 25.56 25.61 25.80 25.84 25.84 25.92 25.95 26.00 26.01 26.04 26.02 26.15 26.17 26.21 26.24 26.22 26.24 26.26 26.17 26.19 26.25 26.24 26.23 26.18 26.16 26.15 26.14 26.14 26.16 26.17 26.13 26.15 26.15 26.16 26.18
26.46 26.48 26.52 26.51 26.36 26.32 26.37 26.30 26.35 26.38 26.34 26.31 26.27 26.27 26.26 26.32 26.25 26.20 26.13 26.06 26.16 26.27 26.22 26.05 25.90 25.79 25.82 25.84 25.73 25.52 25.47 25.66 25.62 25.50 25.56 25.60 25.85 25.82 25.64 25.53 25.57 25.53 25.66 25.73 25.73 25.88 25.88 25.88 25.95 26.03 26.05 26.03 26.02 26.02 26.18 26.21 26.23 26.20 26.32 26.31 26.26 26.23 26.23 26.25 26.22 26.21 26.18 26.18 26.16 26.23 26.25 26.16 26.12 26.09 26.11 26.11 26.11
26.35 26.35 26.33 26.29 26.26 26.25 26.26 26.25 26.34 26.37 26.29 26.29 26.23 26.24 26.13 26.24 26.31 26.25 26.26 26.31 26.28 26.28 26.12 25.80 25.69 25.67 25.65 25.71 25.64 25.60 25.47 25.57 25.60 25.59 25.58 25.53 25.57 25.42 25.40 25.37 25.43 25.72 25.62 25.75 25.75 25.88 25.89 25.90 25.94 25.97 26.12 26.05 26.07 26.06 26.07 26.15 26.19 26.24 26.24 26.24 26.26 26.26 26.21 26.22 26.22 26.22 26.22 26.23 26.21 26.20 26.14 26.16 26.15 26.11 26.07 26.14 26.16
26.42 26.33 26.27 26.27 26.31 26.24 26.34 26.32 26.25 26.28 26.17 26.17 26.14 26.15 26.14 26.15 26.16 26.22 26.18 26.27 26.23 26.14 25.96 25.75 25.67 25.63 25.63 25.57 25.61 25.55 25.50 25.52 25.59 25.48 25.54 25.45 25.30 25.25 25.35 25.32 25.60 25.70 25.67 25.74 25.82 25.89 25.85 25.93 25.95 25.98 25.94 26.03 26.05 26.12 26.09 26.12 26.20 26.18 26.14 26.18 26.23 26.24 26.20 26.23 26.22 26.23 26.26 26.26 26.27 26.22 26.16 26.09 26.10 26.14 26.16 26.14 26.09
26.37 26.32 26.24 26.26 26.24 26.31 26.28 26.19 26.25 26.26 26.12 26.13 26.13 26.18 26.10 26.12 26.17 26.26 26.21 26.24 26.11 25.99 25.84 25.86 25.82 25.63 25.51 25.47 25.60 25.49 25.48 25.51 25.44 25.42 25.30 25.11 25.11 25.25 25.40 25.44 25.43 25.57 25.79 25.86 25.97 25.98 25.98 26.01 26.01 26.01 26.00 26.10 26.02 26.14 26.18 26.14 26.13 26.11 26.05 26.11 26.14 26.13 26.13 26.13 26.11 26.14 26.15 26.19 26.20 26.17 26.16 26.12 26.12 26.07 26.10 25.88 25.90
26.36 26.28 26.27 26.29 26.29 26.39 26.27 26.19 26.16 26.14 26.12 26.14 26.07 26.17 26.10 26.16 26.10 26.18 26.06 26.02 25.97 25.98 25.82 25.76 25.74 25.52 25.41 25.43 25.53 25.49 25.43 25.36 25.30 25.29 25.24 25.25 25.25 25.35 25.34 25.62 25.60 25.63 25.68 25.82 25.87 25.90 25.95 26.03 26.04 26.03 26.07 26.12 26.10 26.15 26.12 26.08 26.04 26.06 26.08 26.04 26.08 26.06 26.04 26.04 26.01 26.03 26.02 26.01 26.10 26.07 26.07 26.05 26.04 26.01 25.93 25.76 25.47
26.28 26.12 26.18 26.20 26.22 26.28 26.15 26.07 25.99 25.98 25.91 25.93 26.06 26.17 26.09 26.02 26.03 26.10 26.08 25.96 25.89 25.82 25.74 25.70 25.60 25.55 25.47 25.48 25.58 25.46 25.33 25.29 25.22 25.24 25.31 25.24 25.38 25.45 25.55 25.68 25.78 25.77 25.81 25.81 25.83 25.82 25.91 25.98 26.06 26.08 26.11 26.08 26.04 26.07 26.07 26.10 26.09 26.03 26.01 26.06 26.07 26.05 26.04 25.96 25.89 25.90 25.90 25.88 25.88 25.94 25.86 25.87 25.80 25.74 25.56 25.47 25.18
26.13 26.09 26.16 26.07 26.01 26.08 26.16 25.99 25.91 25.90 25.88 25.94 25.95 26.01 26.01 25.90 25.95 26.00 26.07 25.90 25.90 25.75 25.68 25.63 25.72 25.59 25.53 25.50 25.46 25.26 25.22 25.22 25.25 25.29 25.31 25.34 25.45 25.61 25.63 25.66 25.77 25.81 25.82 25.90 25.90 25.91 25.93 25.96 26.02 26.02 26.08 26.08 26.18 26.09 26.07 26.04 26.00 26.01 26.00 25.93 25.92 25.98 25.90 25.81 25.79 25.69 25.71 25.78 25.71 25.58 25.42 25.31 25.26 25.13 25.22 25.14 24.84
26.14 26.09 26.02 26.02 26.00 26.02 25.98 25.96 25.98 25.94 25.98 25.98 25.99 26.01 25.88 25.80 25.94 25.87 26.05 26.01 25.82 25.68 25.73 25.80 25.73 25.66 25.57 25.51 25.43 25.21 25.21 25.22 25.35 25.30 25.50 25.35 25.44 25.59 25.59 25.77 25.78 25.81 25.82 25.82 25.80 25.81 25.84 25.92 26.04 26.02 25.96 25.96 26.01 26.05 26.11 25.94 25.89 25.93 25.89 25.85 25.88 25.81 25.71 25.56 25.51 25.42 25.23 25.37 25.37 25.42 25.04 25.04 25.02 24.87 24.59 24.53 24.27
26.18 26.08 26.02 26.01 25.98 25.89 25.86 25.88 25.82 25.93 25.92 25.89 25.90 25.91 25.85 25.75 25.82 25.91 25.97 26.02 25.92 25.76 25.75 25.75 25.63 25.49 25.45 25.49 25.43 25.22 25.20 25.27 25.29 25.37 25.45 25.40 25.36 25.49 25.63 25.73 25.70 25.76 25.77 25.78 25.83 25.82 25.85 25.91 25.98 26.02 26.02 26.02 25.99 26.01 26.02 26.02 25.96 25.92 25.86 25.83 25.85 25.84 25.74 25.50 25.36 25.24 25.03 25.04 25.14 25.21 25.34 25.11 24.89 24.57 24.25 24.17 24.15
26.07 26.05 25.94 26.00 25.96 25.84 25.86 25.82 25.77 25.80 25.87 25.88 25.87 25.91 25.94 25.78 25.73 25.80 25.97 26.06 25.89 25.75 25.69 25.64 25.54 25.51 25.49 25.49 25.32 25.22 25.18 25.14 25.36 25.38 25.34 25.28 25.43 25.61 25.72 25.72 25.64 25.60 25.61 25.75 25.81 25.93 25.92 25.85 25.95 26.03 26.02 25.96 25.98 26.03 26.07 26.04 25.92 25.91 25.87 25.76 25.87 25.91 25.82 25.47 25.13 25.11 25.08 25.09 24.98 24.93 25.06 25.02 24.81 24.80 24.41 24.00 23.95
26.06 25.98 25.95 26.02 25.96 25.78 25.75 25.67 25.72 25.67 25.73 25.78 25.77 25.79 25.97 25.97 25.79 25.77 25.80 25.85 25.79 25.71 25.66 25.53 25.45 25.46 25.39 25.45 25.32 25.22 25.11 25.20 25.18 25.22 25.26 25.30 25.37 25.48 25.63 25.62 25.52 25.58 25.61 25.69 25.73 25.78 25.77 25.79 25.74 25.78 25.89 25.93 26.02 26.04 25.94 25.95 25.94 25.85 25.88 25.83 25.85 25.79 25.58 25.55 25.25 25.01 25.02 24.79 24.91 25.06 24.88 25.05 24.68 24.52 24.59 24.10 23.67
26.02 25.95 25.93 25.97 25.88 25.81 25.67 25.64 25.55 25.68 25.74 25.74 25.86 25.76 25.80 25.86 25.86 25.76 25.80 25.75 25.70 25.64 25.61 25.56 25.50 25.42 25.45 25.40 25.31 25.17 25.23 25.22 25.17 25.19 25.14 25.24 25.24 25.31 25.38 25.40 25.28 25.31 25.36 25.53 25.61 25.56 25.59 25.58 25.64 25.64 25.64 25.69 25.73 25.74 25.83 25.85 25.94 25.85 25.69 25.75 25.66 25.53 25.49 25.46 25.42 25.41 25.22 24.74 24.48 24.29 24.48 24.58 24.44 24.45 24.17 23.77 23.38
25.90 25.89 25.95 25.99 25.76 25.68 25.67 25.61 25.63 25.70 25.73 25.88 25.83 25.76 25.79 25.88 25.91 25.83 25.75 25.69 25.57 25.54 25.53 25.41 25.48 25.51 25.44 25.45 25.24 25.14 25.22 25.25 25.13 25.15 25.20 25.24 25.17 25.14 25.20 25.20 25.34 25.27 25.32 25.43 25.40 25.37 25.38 25.48 25.44 25.47 25.49 25.61 25.56 25.41 25.54 25.71 25.68 25.78 25.66 25.66 25.50 25.37 25.02 24.97 25.27 25.40 25.31 25.08 24.71 24.18 23.96 23.96 23.76 23.94 23.67 23.60 23.52
25.93 25.91 25.86 25.72 25.64 25.58 25.51 25.59 25.64 25.71 25.83 25.92 25.79 25.76 25.78 25.87 25.86 25.69 25.57 25.48 25.43 25.45 25.47 25.45 25.45 25.38 25.33 25.41 25.19 25.12 25.21 25.16 25.18 25.15 25.14 25.08 25.09 25.15 25.18 25.08 25.10 25.20 25.31 25.33 25.26 25.28 25.33 25.29 25.31 25.27 25.39 25.41 25.49 25.48 25.43 25.63 25.62 25.59 25.57 25.58 25.27 25.12 24.83 24.74 24.81 25.06 25.04 24.91 24.74 24.51 24.19 24.02 23.50 23.12 23.06 23.16 23.25
25.79 25.80 25.71 25.70 25.57 25.44 25.44 25.56 25.66 25.84 25.97 25.93 25.97 25.77 25.82 25.80 25.70 25.53 25.35 25.35 25.48 25.48 25.40 25.43 25.45 25.32 25.27 25.25 25.16 25.18 25.09 25.04 25.07 25.12 24.99 25.01 25.00 25.00 25.10 24.99 25.05 25.14 25.21 25.30 25.30 25.28 25.34 25.28 25.22 25.25 25.09 25.18 25.25 25.38 25.37 25.48 25.43 25.54 25.54 25.52 25.35 25.30 25.08 24.63 24.63 24.48 24.41 24.23 24.30 24.24 23.97 23.56 23.44 23.23 22.92 22.82 22.88
25.74 25.73 25.76 25.71 25.67 25.68 25.62 25.74 25.79 25.91 25.85 25.92 25.89 25.85 25.77 25.78 25.72 25.59 25.36 25.25 25.35 25.40 25.41 25.34 25.34 25.24 25.21 25.19 25.18 25.15 25.07 25.02 25.02 24.93 24.94 24.96 24.87 24.98 25.08 24.95 24.88 25.10 25.09 25.03 25.07 25.24 25.20 25.15 25.12 25.08 24.99 25.03 25.05 25.08 25.19 25.35 25.54 25.65 25.46 25.36 25.27 25.35 25.25 25.12 24.77 24.41 24.34 24.11 23.89 23.60 23.17 23.06 23.03 23.31 23.38 23.20 23.21
25.72 25.68 25.66 25.67 25.69 25.72 25.77 25.92 25.98 25.90 25.83 25.88 25.86 25.74 25.68 25.74 25.74 25.57 25.46 25.38 25.39 25.37 25.46 25.36 25.23 25.13 25.22 25.18 25.07 25.17 25.14 25.04 24.97 24.92 24.86 24.85 24.73 24.68 24.90 24.84 24.86 25.07 25.00 24.97 24.95 25.10 24.92 24.92 25.08 25.21 25.11 25.10 25.03 25.09 25.27 25.30 25.54 25.59 25.65 25.50 25.36 25.19 25.18 25.05 24.64 24.52 24.29 24.27 23.82 23.41 23.00 22.65 22.72 23.10 23.17 23.14 23.18
25.83 25.74 25.69 25.76 25.82 25.79 25.79 25.80 25.94 25.84 25.84 25.76 25.82 25.78 25.74 25.77 25.69 25.59 25.38 25.43 25.47 25.33 25.24 25.19 25.13 25.09 25.10 25.21 25.14 25.11 25.08 25.01 24.92 24.83 24.82 24.85 24.81 24.74 24.82 24.76 24.82 24.96 24.94 24.86 25.04 25.00 24.83 24.92 25.17 25.17 25.13 25.14 25.14 25.36 25.40 25.51 25.52 25.59 25.47 25.42 25.37 25.31 25.06 24.77 24.51 24.35 24.12 23.72 23.52 23.13 22.80 22.82 22.76 22.98 23.14 23.04 22.89
25.95 25.82 25.89 26.01 25.85 25.79 25.79 25.76 25.87 25.91 25.79 25.75 25.76 25.72 25.69 25.73 25.64 25.47 25.50 25.48 25.38 25.38 25.22 25.15 25.16 25.14 25.15 25.04 25.02 25.03 24.97 24.81 24.71 24.78 24.74 24.81 24.86 24.87 24.88 24.98 24.94 24.91 24.93 25.02 25.05 25.02 25.05 24.97 25.08 25.10 25.23 25.15 25.30 25.39 25.47 25.47 25.52 25.35 25.24 25.16 25.07 24.94 24.59 24.49 24.40 24.11 23.92 23.47 23.25 22.82 22.77 22.55 22.75 22.81 22.84 22.83 22.93
25.98 26.02 25.93 25.99 25.84 25.75 25.69 25.75 25.87 25.89 25.88 25.78 25.76 25.74 25.68 25.66 25.56 25.52 25.43 25.33 25.29 25.32 25.23 25.17 25.13 25.08 25.10 25.01 24.91 24.88 24.81 24.73 24.70 24.73 24.76 24.76 24.72 24.94 24.94 24.97 24.90 24.74 24.90 24.89 24.96 25.13 25.16 25.09 25.28 25.14 25.26 25.13 25.22 25.26 25.32 25.30 25.40 25.34 25.11 25.00 24.78 24.60 24.27 24.17 24.05 23.97 23.51 23.16 23.28 23.16 23.09 22.92 22.82 22.57 22.34 22.34 22.57
26.11 25.98 25.98 25.96 25.86 25.81 25.67 25.73 25.77 25.94 25.91 25.81 25.75 25.73 25.68 25.59 25.56 25.51 25.37 25.33 25.28 25.29 25.26 25.13 25.01 25.03 25.02 24.92 24.83 24.73 24.71 24.67 24.75 24.77 24.81 24.94 24.92 24.92 24.90 24.90 24.82 25.00 25.00 24.82 24.80 24.80 24.93 25.07 25.22 25.21 25.22 25.17 25.00 24.95 25.11 25.07 25.06 25.07 24.99 24.75 24.58 24.36 24.17 23.86 23.71 23.63 23.42 23.02 23.19 23.20 23.04 22.90 22.89 22.61 22.52 22.56 22.46
26.22 26.19 26.10 26.01 25.81 25.80 25.82 25.77 25.83 25.82 25.78 25.77 25.73 25.69 25.61 25.60 25.48 25.47 25.36 25.28 25.22 25.17 25.08 25.05 25.04 24.98 24.90 24.79 24.72 24.76 24.74 24.61 24.67 24.78 24.79 24.83 24.79 24.88 24.83 24.87 24.75 24.76 24.97 24.94 24.88 25.17 25.09 25.04 24.98 24.95 24.86 24.98 24.95 24.89 24.96 24.84 24.88 24.63 24.61 24.40 24.13 24.08 23.89 23.69 23.67 23.56 23.28 22.96 22.91 22.89 22.81 22.65 22.63 22.60 22.73 22.73 22.69
26.13 26.16 26.06 26.03 25.86 25.76 25.94 26.03 25.87 25.87 25.88 25.75 25.65 25.62 25.55 25.49 25.37 25.51 25.48 25.34 25.26 25.18 25.08 25.08 24.99 24.90 24.87 24.77 24.75 24.84 24.74 24.70 24.70 24.65 24.72 24.73 24.75 24.77 24.80 24.76 24.97 24.95 25.12 25.10 24.99 25.15 25.19 25.00 24.80 24.65 24.77 24.70 24.64 24.65 24.82 24.66 24.71 24.49 24.23 24.15 24.00 23.86 23.61 23.40 23.47 23.40 23.32 23.06 22.99 22.80 22.57 22.36 22.31 22.50 22.60 22.73 22.45
26.05 25.96 25.95 25.93 25.87 25.87 25.89 25.84 25.83 25.89 25.78 25.73 25.67 25.53 25.51 25.44 25.44 25.43 25.43 25.31 25.26 25.13 25.09 25.07 24.94 24.89 24.73 24.69 24.68 24.74 24.90 24.75 24.65 24.66 24.64 24.69 24.77 24.70 24.77 24.91 24.86 24.91 25.11 25.12 25.23 25.20 25.18 25.10 24.70 24.44 24.50 24.26 24.02 24.20 24.33 24.39 24.28 24.20 24.05 23.93 23.91 23.75 23.44 23.40 23.30 23.11 22.73 22.62 22.71 22.58 22.52 22.53 22.45 22.66 22.88 22.94 22.70
