main/data/irradiance/17.01.2023.grid
ncols 839
nrows 679
xllcenter 112.0500
yllcenter -43.9500
cellsize 0.0500
nodata_value 99999.90
[rows 136 to 169 of 679, columns 385 to 461 of 839]
26.56 25.81 25.39 25.95 25.98 24.63 23.92 23.83 24.08 23.77 23.79 22.35 22.01 21.53 21.20 21.72 21.41 21.13 21.22 21.26 21.25 20.55 20.65 19.50 18.18 17.57 18.15 16.17 16.31 15.65 16.30 17.26 19.52 21.04 20.13 20.14 19.44 19.80 22.20 23.67 26.05 26.50 24.07 23.23 23.72 24.43 24.64 24.23 22.93 22.63 24.34 24.07 22.25 21.56 22.66 23.34 23.00 23.02 23.36 22.63 22.40 23.31 23.58 23.76 24.20 25.40 24.12 22.41 20.60 20.91 21.62 20.99 22.26 23.09 21.04 21.51 20.40
26.08 25.72 25.81 25.47 24.80 23.85 23.41 23.35 22.91 22.84 22.61 21.98 21.08 20.34 20.79 20.41 21.44 21.76 21.44 21.42 20.62 19.12 18.11 17.74 17.31 18.94 19.02 17.71 16.11 16.14 15.38 18.99 21.51 22.28 20.80 19.99 21.27 21.06 23.24 25.24 25.78 24.78 22.98 23.99 25.20 24.84 23.92 24.62 24.56 24.25 24.39 24.37 24.26 23.78 23.85 23.47 22.91 24.29 23.17 22.28 22.42 22.93 24.34 24.34 24.46 24.62 23.84 23.63 21.91 20.35 22.23 21.81 20.61 20.09 18.87 18.07 19.68
26.84 26.92 26.70 25.99 24.32 23.41 23.74 23.35 23.22 23.08 22.41 20.94 20.24 19.28 19.55 19.94 20.70 21.08 20.76 21.73 20.47 18.38 18.18 17.28 17.26 18.63 17.78 17.21 16.23 15.48 16.70 16.77 18.25 20.58 20.33 21.38 23.55 24.84 24.93 24.46 24.65 23.63 22.69 24.17 24.96 25.24 24.78 24.40 25.00 25.27 25.74 24.38 23.39 23.02 22.39 22.52 22.66 22.20 23.49 21.69 21.86 22.17 22.29 23.68 23.36 22.69 22.82 22.13 22.27 21.96 21.94 21.56 19.65 18.60 19.35 19.76 19.96
25.94 26.06 25.39 24.47 24.14 23.77 23.19 21.65 21.76 21.96 22.10 20.95 19.99 19.76 21.19 20.69 21.16 20.30 20.00 20.88 20.60 18.25 17.78 17.22 17.45 17.12 17.13 17.52 17.18 16.58 16.87 16.37 16.52 17.39 19.42 19.72 21.23 23.69 23.56 24.41 24.13 24.24 24.31 23.88 24.29 24.54 23.90 23.59 24.55 25.30 24.59 23.66 22.96 22.77 22.49 21.70 21.45 20.91 22.02 21.94 21.30 21.56 21.45 22.13 22.28 22.40 22.13 22.08 21.11 20.27 20.10 20.99 20.35 21.42 21.16 20.59 21.79
26.46 26.46 25.57 25.61 24.77 24.09 23.17 21.43 21.17 21.00 21.74 21.73 20.41 19.17 20.27 19.85 19.99 18.99 18.78 18.29 17.84 18.31 16.84 17.54 16.93 15.22 15.00 14.90 16.33 18.12 19.12 17.66 17.21 17.36 18.41 19.36 21.09 23.28 22.73 23.66 23.04 23.20 23.83 22.80 23.69 23.49 23.51 23.63 23.52 24.87 24.10 22.77 22.36 23.00 23.56 23.21 22.81 22.40 22.11 22.53 22.08 21.46 22.15 22.77 23.40 23.77 21.96 22.34 22.32 21.92 21.44 20.86 21.86 22.00 21.40 21.18 21.12
26.15 26.25 25.70 24.56 24.09 24.21 23.31 21.63 20.36 21.33 21.89 21.47 20.33 20.42 20.89 20.86 20.09 20.02 18.53 16.59 16.05 15.72 16.07 15.45 15.48 15.47 15.40 15.60 17.49 18.06 18.17 18.26 18.51 19.16 20.12 19.59 21.41 22.06 22.38 22.64 23.05 22.42 22.58 21.87 22.10 21.81 22.18 22.97 22.70 23.24 23.68 22.91 22.85 23.91 24.16 23.21 22.43 22.41 23.29 22.56 21.53 21.13 21.16 21.86 22.32 21.71 20.31 21.65 22.73 22.95 23.66 22.04 21.67 22.02 21.94 21.61 21.26
25.71 25.31 25.84 26.07 24.91 23.84 22.25 22.01 21.99 22.15 21.93 21.01 20.19 20.06 19.46 19.77 18.87 18.76 17.21 16.07 14.32 13.51 14.71 14.21 15.49 15.53 15.73 16.01 17.42 16.90 17.05 18.37 18.75 21.08 21.79 22.44 22.50 22.07 21.36 20.88 20.01 20.79 22.26 21.75 20.87 21.85 22.63 22.64 21.72 21.81 23.89 24.20 24.58 24.69 23.40 20.57 20.78 20.09 20.93 22.26 20.61 19.92 20.26 20.12 21.27 20.54 19.56 21.92 23.83 24.09 23.78 23.31 21.93 22.60 22.43 22.01 21.79
24.08 23.57 23.11 24.59 24.62 23.46 22.32 22.33 22.53 22.89 21.74 21.20 21.39 20.93 19.79 18.25 17.79 16.12 15.19 17.02 16.64 17.91 17.99 16.97 17.03 16.03 15.73 16.36 17.68 16.01 17.45 19.16 19.45 21.04 20.59 21.89 21.51 21.38 21.18 21.54 20.01 19.79 20.95 21.47 20.55 22.74 23.20 21.77 22.45 23.66 23.60 22.63 22.77 22.21 20.96 19.82 19.89 19.88 20.16 20.08 20.72 21.09 21.10 23.05 23.16 22.44 20.79 22.08 23.39 24.29 23.95 23.47 23.62 21.81 21.91 22.99 23.18
24.54 25.38 23.82 22.89 22.59 23.08 21.31 21.84 21.84 22.61 22.68 21.04 21.26 20.83 19.38 18.18 18.58 16.76 18.27 20.09 21.36 21.68 20.87 19.58 18.75 17.85 16.39 17.01 17.66 18.66 18.96 19.81 19.03 20.85 20.05 21.33 20.50 20.23 20.74 21.55 20.41 19.10 18.46 20.45 20.96 22.76 22.76 21.54 20.95 20.70 20.82 19.82 20.48 19.96 20.22 20.54 21.03 21.46 22.07 19.87 20.67 22.48 23.57 24.29 24.36 23.57 21.45 21.12 21.98 22.73 23.35 22.81 22.35 22.81 22.28 22.63 24.04
25.20 25.41 25.56 24.55 24.20 24.43 23.94 23.92 23.66 22.25 21.92 20.34 19.48 18.79 17.02 17.16 19.45 20.91 21.13 21.94 22.95 22.26 21.70 21.04 20.68 20.73 19.26 17.84 18.10 19.23 19.19 19.79 19.95 19.63 19.64 20.40 20.89 19.90 20.48 20.77 20.99 20.79 20.19 19.72 22.01 21.56 20.70 20.02 18.76 18.03 19.10 20.14 19.56 21.08 21.33 22.37 21.81 21.93 21.39 20.12 20.60 22.78 23.81 24.81 24.15 23.01 21.30 20.50 21.24 22.56 24.00 23.50 22.62 23.71 23.07 22.00 24.07
25.95 25.92 25.95 25.78 24.95 24.45 23.80 22.34 22.05 20.71 19.45 19.63 19.13 18.01 16.16 16.15 20.13 21.55 20.83 22.25 22.80 22.73 21.51 20.44 20.98 21.79 21.11 20.67 20.47 19.47 18.78 18.91 19.43 18.96 18.88 19.46 19.71 18.92 18.73 19.81 20.07 21.15 20.70 20.13 22.19 22.60 20.86 20.53 20.47 19.84 19.87 20.24 20.82 21.93 21.23 22.67 23.96 22.69 21.80 21.71 21.87 22.01 22.28 23.78 21.97 21.35 21.66 21.38 21.16 22.63 24.52 24.13 23.08 23.07 22.71 23.75 24.97
26.47 26.19 25.89 25.33 24.90 24.85 24.99 24.57 22.48 20.70 20.58 20.66 20.66 17.92 17.17 17.41 21.07 20.99 21.58 22.85 23.43 23.03 23.02 21.53 21.59 21.15 21.09 20.91 21.31 20.48 20.87 19.70 20.25 19.48 19.06 19.36 18.56 18.81 18.70 19.19 19.86 19.79 20.93 21.31 22.06 21.49 20.61 20.10 20.97 21.99 22.17 20.47 20.49 21.76 24.02 24.71 24.70 24.18 23.19 22.24 21.32 20.42 22.31 21.30 20.20 19.88 21.45 22.46 22.17 22.80 23.97 23.20 22.06 22.81 24.30 24.16 23.17
25.11 25.46 25.31 24.99 25.33 26.03 25.00 24.98 24.42 22.74 22.24 22.07 21.47 19.33 19.61 21.08 21.50 22.04 22.84 23.77 23.53 23.68 23.50 22.94 22.35 22.36 20.62 21.42 22.05 21.20 21.42 19.42 20.43 19.86 18.96 19.38 19.52 18.91 18.73 19.10 18.39 18.66 19.30 21.52 21.74 22.16 21.10 20.75 22.82 23.11 23.08 22.81 21.75 22.65 24.43 23.80 23.57 24.11 23.80 21.44 19.92 20.20 22.18 20.82 18.57 20.95 22.61 22.80 23.80 23.40 23.03 22.00 21.21 21.38 22.86 22.74 22.00
25.59 26.66 26.70 26.66 24.76 24.30 24.95 25.27 24.91 23.29 24.16 23.07 22.43 22.69 22.45 23.14 23.45 22.19 23.36 24.09 22.55 23.62 24.40 23.62 22.28 22.77 21.48 19.81 20.85 20.15 19.98 19.94 21.21 19.51 18.63 18.37 18.30 18.19 18.40 18.83 19.16 20.50 21.38 21.73 22.13 24.13 23.57 23.01 23.74 23.21 24.25 23.38 23.03 23.50 24.00 23.96 23.93 23.54 23.10 20.90 19.32 20.50 21.16 19.36 18.86 21.56 22.58 23.23 22.82 22.95 23.23 23.09 22.00 22.15 22.39 23.54 22.45
25.78 25.76 25.80 26.10 25.92 25.06 25.23 26.03 25.55 26.10 25.42 24.64 23.50 23.38 23.11 23.85 23.07 22.90 22.05 23.54 22.74 23.10 23.51 22.87 22.62 22.76 21.60 21.06 19.90 19.99 20.54 20.66 20.03 19.38 19.08 18.82 19.08 20.90 19.82 20.40 21.89 22.65 23.58 23.06 23.14 24.12 23.10 23.62 24.33 24.25 23.77 23.32 22.37 24.05 24.68 24.29 24.11 23.03 21.79 20.03 19.10 20.42 20.06 19.02 19.68 20.58 22.59 22.94 23.69 24.39 23.55 23.73 23.46 23.51 23.74 23.72 22.93
24.44 23.99 24.90 25.91 26.65 25.43 24.28 24.52 24.00 25.40 26.24 25.55 24.84 24.95 23.85 23.36 22.80 22.40 23.01 23.62 23.14 22.76 22.77 22.57 22.89 21.84 21.09 21.30 21.08 22.36 20.60 19.74 18.91 20.07 19.89 19.93 22.06 21.88 20.64 21.51 22.02 23.28 23.01 23.87 24.67 24.92 24.23 22.62 21.86 23.38 23.58 23.45 22.39 22.68 22.07 21.19 21.08 19.80 18.71 18.79 19.42 19.87 20.30 20.20 21.05 21.44 22.71 25.08 25.75 25.52 25.34 24.10 23.94 23.05 22.61 21.65 22.26
23.65 23.96 25.40 25.97 25.56 24.64 23.59 22.62 22.69 24.33 25.66 24.88 24.84 25.48 23.80 22.97 22.65 23.20 23.77 23.56 23.08 22.07 21.67 22.37 22.53 21.44 20.95 21.47 21.90 22.28 20.53 20.23 19.09 19.79 20.04 20.41 21.77 21.31 21.91 23.23 22.47 22.20 23.73 24.52 25.62 24.92 24.64 24.07 23.22 22.86 22.47 22.32 23.21 21.72 20.28 18.98 20.22 19.45 18.42 19.54 20.50 20.51 20.17 20.67 21.32 22.61 23.59 25.24 25.55 25.72 26.69 25.21 22.52 21.39 21.63 21.18 21.74
23.02 22.96 23.61 25.38 25.42 24.53 23.54 22.65 22.66 22.97 22.49 22.75 21.29 22.37 20.75 21.86 22.27 22.15 22.92 23.76 22.57 21.31 20.54 20.54 20.01 20.51 21.39 21.22 21.55 20.74 21.19 21.16 18.93 18.84 19.04 19.86 21.38 22.18 21.73 22.22 23.19 23.79 24.07 24.52 25.62 25.22 25.22 24.68 23.36 22.64 22.77 22.82 22.92 21.60 19.26 17.97 19.22 19.14 19.57 19.65 21.22 20.16 20.86 21.12 21.54 22.44 23.66 24.23 24.33 25.05 24.80 24.74 22.15 21.06 22.09 22.65 23.32
23.07 21.98 22.39 22.43 23.23 23.17 23.85 22.93 22.77 21.09 19.51 19.36 18.44 18.12 20.82 22.70 22.63 23.02 23.52 24.36 23.30 21.79 21.11 20.38 19.48 20.90 21.26 21.74 20.70 20.81 21.41 20.56 19.80 18.06 17.49 19.33 21.34 21.78 22.00 22.85 24.19 25.42 24.07 24.07 25.62 25.61 25.61 24.77 23.48 22.18 22.74 22.63 21.71 20.07 20.06 18.32 20.21 19.52 20.92 21.41 21.94 20.58 19.75 21.55 22.69 23.74 24.82 25.47 25.29 24.03 22.99 23.38 21.84 21.77 22.69 22.65 23.35
22.65 22.14 22.05 20.65 19.99 20.08 21.87 21.10 20.90 21.28 20.36 20.24 18.50 19.46 22.02 23.72 23.82 23.73 23.11 23.26 23.49 21.63 21.54 20.82 20.39 21.34 21.94 22.13 20.81 21.01 20.27 19.71 19.26 19.11 18.06 19.65 20.35 21.35 22.16 23.52 24.84 24.50 24.50 23.07 24.73 24.73 24.73 23.89 22.66 22.32 22.01 22.68 22.02 21.37 20.93 21.15 20.88 20.28 21.39 21.60 21.99 21.14 21.18 22.89 23.96 24.50 25.14 26.28 24.30 23.86 23.92 22.82 21.33 22.07 23.51 23.52 24.13
22.61 23.45 22.26 20.90 20.31 18.34 18.25 19.14 19.36 20.72 21.62 21.68 22.81 23.85 23.00 23.51 24.28 24.38 23.64 23.54 22.36 23.70 22.27 21.74 21.78 22.09 22.42 21.62 21.19 20.85 18.66 19.09 18.62 20.12 19.31 20.14 20.53 22.53 22.75 22.84 23.33 23.36 23.07 23.07 23.07 24.73 24.73 23.17 21.46 21.89 22.52 23.05 21.64 21.00 20.95 20.69 21.31 20.93 22.36 22.76 23.93 24.00 24.10 24.72 25.32 25.24 24.57 24.22 24.36 24.10 23.70 22.52 23.11 23.11 24.00 24.71 25.42
21.21 23.23 23.45 21.75 20.78 18.77 17.78 18.16 19.29 19.91 21.24 22.39 23.11 24.02 23.60 23.28 22.87 24.00 23.46 23.01 22.64 24.11 24.39 23.35 23.05 23.71 23.74 22.56 22.05 20.63 20.23 19.84 19.92 20.10 20.47 22.27 22.00 22.51 23.29 23.08 23.31 22.78 23.19 23.19 23.19 22.93 22.93 23.02 19.61 19.95 20.79 21.43 21.98 20.75 20.58 20.73 20.33 21.46 23.57 24.73 24.77 25.23 23.69 24.03 23.79 23.32 23.08 22.93 24.27 24.04 23.53 23.43 23.43 23.19 23.59 25.09 25.95
19.54 21.91 22.22 21.02 20.04 19.40 18.65 17.63 18.86 19.93 20.00 21.18 21.37 22.74 23.26 23.01 22.43 22.78 23.04 23.27 24.36 25.02 25.25 23.56 23.73 23.69 24.54 24.23 22.15 21.13 20.33 19.56 20.63 21.86 22.02 22.61 22.69 22.56 23.76 22.66 23.08 24.16 23.18 23.18 20.67 19.04 19.04 19.77 18.95 19.71 20.91 21.44 21.14 21.69 20.45 19.74 19.25 21.03 22.51 24.99 24.62 23.98 23.17 22.98 22.55 21.57 22.06 23.37 25.07 25.08 23.29 24.84 24.17 23.24 24.27 25.67 25.86
21.74 20.99 20.27 19.56 20.16 20.68 18.69 17.59 17.78 18.48 19.17 21.11 21.24 21.66 21.36 20.95 21.24 21.63 22.21 21.63 22.25 23.70 24.49 24.17 24.31 23.99 24.40 24.35 21.54 22.33 21.05 20.69 23.05 22.86 23.74 23.66 24.01 24.06 25.12 24.93 23.70 23.30 20.98 22.17 20.67 19.12 17.48 16.69 17.60 19.79 22.28 22.60 21.65 21.51 20.38 18.55 19.29 22.18 25.07 24.97 24.42 24.59 24.31 24.27 22.08 22.07 22.83 25.01 25.80 25.34 26.13 26.13 24.27 25.15 25.79 25.10 25.16
20.57 20.38 20.49 19.80 21.27 20.61 19.42 18.41 17.48 17.57 17.49 19.86 19.93 19.84 20.09 20.02 19.88 20.25 20.17 20.07 22.90 23.79 25.09 25.49 24.72 25.03 25.51 24.60 23.88 22.32 23.15 22.01 22.72 24.58 23.46 24.93 25.70 26.05 25.31 24.27 23.36 21.71 20.98 22.08 20.76 18.64 17.37 17.58 17.65 19.01 21.92 22.78 23.06 23.17 21.92 20.76 22.58 25.49 26.78 25.23 25.59 26.50 26.35 25.33 23.26 23.70 25.22 26.28 26.26 26.08 26.99 26.36 25.55 25.55 25.26 25.10 23.86
19.38 19.88 20.17 19.99 19.92 18.72 18.89 18.14 17.09 16.67 16.60 17.36 17.80 18.66 18.98 18.45 17.97 18.74 19.16 21.46 22.25 24.24 24.70 25.28 24.91 25.12 25.40 25.50 26.05 25.79 23.81 23.46 22.92 23.50 23.94 24.63 25.00 23.93 23.94 23.76 21.99 22.26 22.24 21.45 19.84 19.57 21.24 17.89 17.95 19.79 19.75 21.41 23.56 23.83 24.57 24.75 25.73 26.09 27.02 26.92 25.89 26.17 26.60 26.32 26.07 27.12 27.15 27.28 25.77 24.43 26.20 26.67 25.76 25.16 24.37 26.05 26.01
19.62 19.40 18.05 18.31 20.24 18.90 18.67 18.84 17.21 16.96 16.74 16.65 16.56 18.15 17.80 17.65 17.60 19.74 22.16 23.44 23.54 23.97 25.74 23.66 22.96 25.08 25.03 25.43 26.00 25.15 24.41 26.01 25.29 25.07 25.07 23.91 23.90 24.08 23.59 23.48 22.37 20.12 20.51 19.40 20.35 20.62 20.32 20.18 20.30 20.15 20.48 21.85 23.41 25.11 26.58 26.07 26.04 26.13 27.54 27.99 26.92 26.37 26.76 26.73 26.48 27.55 28.02 28.24 27.00 26.72 28.05 26.91 25.51 25.74 25.66 26.27 26.32
20.25 19.03 19.42 17.57 19.79 19.94 21.25 19.46 18.17 17.74 17.24 17.24 16.80 18.43 17.72 18.49 18.62 22.35 23.53 23.51 24.90 24.22 25.51 23.92 23.45 23.96 24.88 25.25 25.83 26.72 25.47 25.32 25.65 25.71 24.96 22.62 24.11 23.01 22.70 22.53 21.42 20.78 20.07 20.44 21.48 22.08 20.82 21.46 23.36 22.01 21.48 21.58 22.51 25.69 27.56 26.84 26.46 25.85 27.38 27.76 26.49 26.34 26.78 27.04 26.93 27.60 27.53 27.64 28.14 28.11 27.93 26.29 25.95 26.64 26.74 26.74 26.16
19.65 18.06 18.70 19.56 20.64 20.13 20.59 19.86 19.13 18.36 17.88 16.82 16.53 17.48 16.11 17.23 18.49 20.64 21.95 24.00 24.05 24.55 25.15 24.33 23.44 24.86 24.47 24.45 25.86 26.08 25.81 25.66 24.95 25.83 24.62 23.20 23.55 22.91 22.75 22.14 21.92 22.13 20.41 21.90 22.22 22.84 22.52 22.45 23.75 22.63 22.55 22.50 22.28 25.97 27.33 26.78 27.73 27.67 28.05 27.75 26.24 26.59 26.21 25.54 23.65 26.41 25.96 26.80 28.31 28.66 28.45 27.49 26.51 26.40 26.04 26.78 26.21
18.75 17.77 18.90 18.96 20.59 19.41 21.61 21.54 20.22 18.91 18.21 17.62 18.08 17.98 18.21 18.12 19.07 21.06 22.69 22.78 22.47 23.29 24.22 24.19 24.57 23.87 24.68 25.09 25.44 24.00 24.15 26.23 26.68 26.03 25.76 25.09 24.54 25.03 24.47 22.97 22.16 20.78 20.01 22.50 23.48 24.40 23.77 23.23 24.28 24.92 23.64 23.03 23.15 25.50 25.76 26.56 27.68 28.16 27.48 27.62 25.13 28.00 27.32 26.00 24.16 25.16 25.52 27.50 27.89 28.29 28.09 27.52 26.54 27.20 25.82 25.66 25.44
19.63 19.54 19.09 19.66 19.49 19.97 21.90 21.19 22.11 20.10 19.43 20.14 20.02 22.14 21.42 21.20 20.16 20.85 23.15 22.91 24.34 24.75 25.26 25.00 24.86 24.30 23.64 25.10 25.08 25.49 25.87 26.77 26.31 26.45 26.63 25.61 24.93 25.45 24.69 22.99 19.79 19.48 20.96 22.45 23.37 25.20 25.45 25.33 25.20 27.07 26.18 25.53 25.98 24.87 25.69 26.29 28.23 28.73 28.32 27.88 27.05 27.71 28.77 27.30 25.25 25.95 25.02 26.59 27.98 27.64 27.12 27.27 26.26 27.33 27.52 25.99 25.97
21.82 22.24 19.05 18.81 18.91 21.29 22.46 22.16 23.17 22.95 22.85 23.41 24.10 25.48 24.67 23.60 21.25 22.21 21.78 24.05 25.92 25.32 26.09 25.82 24.82 24.27 24.20 25.38 24.97 26.14 26.85 26.39 27.00 26.88 26.03 25.74 24.51 24.98 24.77 23.06 21.00 20.87 22.44 22.83 25.10 26.93 26.57 25.81 26.80 26.83 26.53 26.36 26.72 25.88 26.04 25.71 27.31 28.46 28.66 29.34 28.75 28.05 27.88 27.31 25.93 26.90 25.63 26.49 27.61 27.42 26.63 25.70 25.89 27.03 27.88 26.71 26.99
25.52 24.30 22.89 20.89 20.26 21.54 22.73 22.63 24.61 23.41 24.60 24.18 25.65 26.64 25.97 25.90 23.20 24.08 24.25 25.00 26.68 25.55 26.26 26.21 26.52 25.81 25.65 26.41 26.17 25.71 26.62 25.89 26.58 26.66 26.00 25.62 24.99 24.99 25.12 24.01 21.42 22.50 23.47 25.33 26.52 28.15 28.31 27.92 27.43 27.65 26.99 26.14 25.61 25.95 25.94 26.19 25.87 28.00 29.04 28.48 27.54 28.18 28.33 27.62 26.83 27.22 26.22 26.44 26.62 25.96 25.74 25.59 25.34 26.66 28.20 28.19 28.22
26.51 24.94 24.30 23.78 23.89 23.24 23.74 23.23 25.47 24.16 25.09 24.79 25.35 27.11 25.50 24.03 24.47 25.43 26.10 24.01 25.76 26.42 26.70 26.87 27.30 26.77 26.41 26.78 26.51 25.66 25.37 26.46 26.16 26.57 26.95 26.45 25.73 25.16 25.15 24.20 22.82 23.05 23.76 26.06 27.15 28.21 28.51 28.48 28.40 28.61 28.06 27.09 25.54 24.96 25.28 26.00 26.59 26.18 28.16 28.07 27.52 27.89 28.30 27.79 26.82 26.69 25.56 25.77 27.34 25.96 23.71 24.71 26.07 27.57 28.49 28.29 28.48
