main/data/irradiance/17.07.2023.grid
ncols 839
nrows 679
xllcenter 112.0500
yllcenter -43.9500
cellsize 0.0500
nodata_value 99999.90
[rows 340 to 373 of 679, columns 154 to 230 of 839]
15.01 14.99 15.02 15.04 14.96 14.98 14.96 15.00 14.96 14.98 14.96 14.95 14.92 14.96 14.96 15.01 15.01 15.01 14.97 14.96 14.99 14.94 14.94 14.99 14.98 15.01 15.01 15.00 14.99 14.96 15.02 15.02 14.97 14.98 14.97 14.99 15.02 15.02 14.95 14.95 14.94 14.94 14.98 15.02 15.03 15.05 15.04 15.02 15.02 15.02 15.02 15.02 15.01 15.03 15.03 15.00 15.01 15.00 15.02 15.00 15.03 15.01 15.03 15.02 15.05 15.05 15.02 15.02 15.04 15.02 15.02 15.04 14.83 14.97 15.02 15.04 15.00
14.91 14.97 14.95 14.95 15.00 14.97 14.95 14.96 14.97 14.94 14.93 14.93 15.01 15.00 14.95 14.96 14.92 14.95 15.00 14.96 14.97 14.98 14.92 14.95 14.95 14.94 14.94 14.96 14.95 14.94 14.92 14.96 14.98 14.97 14.99 14.97 14.98 14.97 14.99 14.99 14.97 14.95 14.98 15.02 15.02 15.04 15.05 15.02 15.00 15.01 15.00 14.98 14.98 15.01 14.99 14.98 14.97 14.99 14.98 15.01 14.96 14.97 15.00 15.02 15.01 15.00 15.01 15.00 15.00 15.01 14.99 15.00 15.03 14.92 14.96 15.01 15.00
14.92 14.94 14.95 14.92 14.95 14.98 14.98 14.93 14.95 14.93 14.97 14.98 14.94 14.91 14.96 14.97 14.97 14.90 14.93 14.94 14.96 14.95 14.93 14.92 14.96 14.94 14.91 14.86 14.94 14.94 14.95 14.93 14.96 14.99 14.98 14.97 14.94 14.95 14.95 14.98 15.00 15.02 14.99 14.99 15.00 14.98 15.00 15.00 14.98 14.99 14.97 14.96 14.99 14.97 14.97 15.00 14.98 14.94 14.95 14.95 14.97 14.96 14.93 14.94 14.99 14.99 14.99 14.98 14.95 14.96 14.96 14.99 14.95 14.80 14.94 14.97 14.97
14.90 14.88 14.92 14.94 14.92 14.92 14.92 14.89 14.92 14.92 14.95 14.96 14.97 14.88 14.83 14.93 14.87 14.88 14.90 14.96 14.96 14.95 14.95 14.92 14.92 14.88 14.92 14.91 14.92 14.95 14.94 14.89 14.95 14.96 14.90 14.94 14.95 14.96 14.92 14.91 14.95 14.94 14.99 14.97 14.98 14.99 14.98 14.97 14.96 14.94 14.95 14.95 14.92 14.92 14.94 14.93 14.93 14.94 14.93 14.93 14.93 14.92 14.92 14.91 14.87 14.89 14.92 14.96 14.99 14.98 14.96 14.93 14.97 14.94 14.97 14.96 14.95
14.84 14.87 14.82 14.90 14.86 14.92 14.92 14.89 14.87 14.91 14.89 14.89 14.92 14.91 14.82 14.86 14.64 13.29 14.94 14.92 14.94 14.92 14.94 14.91 14.88 14.88 14.91 14.89 14.87 14.91 14.94 14.91 14.91 14.92 14.95 14.94 14.91 14.94 14.87 14.85 14.90 14.93 14.93 14.95 14.94 14.91 14.94 14.94 14.93 14.96 14.94 14.92 14.96 14.92 14.92 14.92 14.91 14.93 14.93 14.93 14.91 14.90 14.91 14.84 14.84 14.82 14.85 14.91 14.93 14.96 14.91 14.94 14.94 14.94 14.92 14.91 14.93
14.84 14.87 14.88 14.82 14.88 14.87 14.87 14.89 14.89 14.83 14.82 14.84 14.85 14.90 14.86 14.90 14.92 14.85 14.80 14.89 14.88 14.89 14.86 14.92 14.93 14.92 14.90 14.90 14.89 14.90 14.87 14.90 14.89 14.88 14.89 14.90 14.90 14.88 14.93 14.92 14.93 14.95 14.93 14.92 14.91 14.92 14.94 14.92 14.91 14.89 14.89 14.90 14.90 14.91 14.91 14.91 14.89 14.88 14.89 14.87 14.87 14.88 14.91 14.91 14.90 14.92 14.91 14.92 14.90 14.92 14.91 14.92 14.90 14.95 14.90 14.88 14.91
14.81 14.79 14.83 14.85 14.85 14.80 14.86 14.86 14.88 14.91 14.90 14.85 14.85 14.86 14.90 14.78 14.82 14.87 14.89 14.86 14.84 14.87 14.87 14.85 14.88 14.89 14.85 14.84 14.84 14.82 14.84 14.84 14.84 14.87 14.87 14.88 14.87 14.86 14.89 14.94 14.86 14.88 14.90 14.90 14.90 14.92 14.90 14.93 14.89 14.92 14.93 14.91 14.90 14.88 14.88 14.88 14.88 14.88 14.88 14.86 14.88 14.89 14.88 14.86 14.89 14.91 14.88 14.87 14.91 14.89 14.93 14.89 14.90 14.90 14.91 14.89 14.91
14.80 14.81 14.81 14.79 14.81 14.82 14.83 14.81 14.85 14.82 14.80 14.78 14.75 14.83 14.88 14.89 14.75 14.85 14.83 14.83 14.85 14.84 14.84 14.84 14.80 14.85 14.85 14.84 14.76 14.81 14.83 14.82 14.86 14.85 14.86 14.86 14.83 14.83 14.87 14.87 14.90 14.86 14.88 14.86 14.89 14.90 14.90 14.91 14.91 14.92 14.88 14.88 14.81 14.84 14.82 14.86 14.88 14.88 14.87 14.83 14.85 14.86 14.88 14.89 14.83 14.82 14.84 14.81 14.87 14.87 14.87 14.89 14.87 14.90 14.89 14.90 14.88
14.83 14.79 14.84 14.83 14.82 14.79 14.74 14.82 14.79 14.78 14.82 14.82 14.82 14.80 14.80 14.89 14.80 14.73 14.74 14.81 14.77 14.79 14.84 14.79 14.85 14.81 14.82 14.82 14.84 14.78 14.77 14.81 14.82 14.83 14.82 14.83 14.88 14.91 14.91 14.83 14.87 14.81 14.89 14.84 14.87 14.82 14.85 14.86 14.88 14.85 14.86 14.82 14.84 14.81 14.81 14.82 14.81 14.81 14.81 14.84 14.80 14.83 14.81 14.85 14.85 14.79 14.76 14.81 14.78 14.80 14.84 14.88 14.89 14.85 14.87 14.90 14.89
14.81 14.83 14.80 14.81 14.83 14.82 14.83 14.76 14.74 14.79 14.75 14.72 14.80 14.81 14.82 14.84 14.80 14.80 14.78 14.77 14.80 14.81 14.81 14.82 14.77 14.78 14.71 14.81 14.81 14.77 14.80 14.81 14.80 14.78 14.79 14.81 14.83 14.88 14.88 14.89 14.87 14.86 14.83 14.88 14.80 14.86 14.86 14.85 14.85 14.85 14.85 14.82 14.81 14.82 14.81 14.78 14.75 14.77 14.78 14.76 14.77 14.78 14.83 14.81 14.78 14.80 14.80 14.80 14.81 14.79 14.80 14.83 14.85 14.85 14.87 14.85 14.84
14.60 14.62 14.64 14.77 14.77 14.77 14.74 14.79 14.79 14.72 14.72 14.72 14.72 14.75 14.78 14.77 14.78 14.78 14.76 14.72 14.76 14.75 14.75 14.74 14.72 14.78 14.78 14.76 14.78 14.79 14.74 14.72 14.73 14.76 14.79 14.77 14.80 14.80 14.77 14.83 14.84 14.84 14.83 14.81 14.80 14.82 14.77 14.74 14.75 14.75 14.77 14.80 14.80 14.81 14.81 14.77 14.82 14.82 14.81 14.78 14.75 14.78 14.76 14.75 14.78 14.77 14.75 14.73 14.77 14.78 14.80 14.76 14.77 14.77 14.80 14.79 14.81
14.80 14.79 14.78 14.68 14.71 14.74 14.77 14.69 14.74 14.76 14.73 14.73 14.75 14.72 14.73 14.68 14.73 14.77 14.74 14.68 14.68 14.71 14.71 14.72 14.72 14.75 14.75 14.77 14.79 14.76 14.78 14.73 14.68 14.74 14.74 14.76 14.79 14.80 14.82 14.78 14.80 14.76 14.74 14.79 14.81 14.80 14.82 14.83 14.82 14.82 14.78 14.77 14.76 14.78 14.79 14.76 14.69 14.76 14.76 14.74 14.72 14.69 14.73 14.74 14.77 14.79 14.77 14.77 14.76 14.73 14.76 14.79 14.80 14.79 14.76 14.78 14.80
14.71 14.72 14.69 14.76 14.75 14.74 14.72 14.74 14.70 14.70 14.70 14.73 14.66 14.59 14.60 14.52 14.48 14.68 14.70 14.72 14.72 14.72 14.68 14.67 14.74 14.73 14.75 14.73 14.74 14.76 14.75 14.76 14.74 14.69 14.68 14.72 14.72 14.76 14.74 14.77 14.73 14.74 14.76 14.72 14.70 14.69 14.73 14.77 14.78 14.77 14.77 14.76 14.78 14.74 14.76 14.77 14.78 14.72 14.65 14.60 14.70 14.71 14.74 14.69 14.70 14.67 14.71 14.73 14.75 14.74 14.76 14.76 14.76 14.75 14.78 14.75 14.75
14.69 14.66 14.70 14.73 14.69 14.68 14.73 14.74 14.73 14.68 14.72 14.69 14.69 14.73 14.59 14.54 14.65 14.70 14.69 14.70 14.68 14.66 14.68 14.71 14.69 14.71 14.71 14.69 14.71 14.69 14.63 14.66 14.71 14.73 14.74 14.72 14.75 14.75 14.72 14.71 14.72 14.66 14.71 14.71 14.77 14.75 14.74 14.73 14.73 14.73 14.73 14.72 14.71 14.72 14.72 14.73 14.69 14.72 14.73 14.68 14.70 14.72 14.73 14.75 14.72 14.70 14.69 14.70 14.72 14.74 14.73 14.74 14.73 14.74 14.69 14.72 14.76
14.70 14.70 14.69 14.70 14.68 14.66 14.71 14.67 14.68 14.63 14.66 14.66 14.68 14.66 14.69 14.69 14.67 14.66 14.69 14.61 14.68 14.69 14.69 14.66 14.68 14.68 14.61 14.62 14.12 13.82 14.01 14.52 14.35 14.55 14.58 13.92 14.45 14.55 14.73 14.68 14.73 14.74 14.76 14.75 14.73 14.63 14.67 14.70 14.71 14.72 14.73 14.70 14.72 14.72 14.69 14.71 14.73 14.70 14.67 14.71 14.69 14.68 14.64 14.66 14.72 14.72 14.68 14.65 14.65 14.69 14.70 14.71 14.70 14.72 14.71 14.70 14.69
14.65 14.66 14.69 14.66 14.69 14.68 14.64 14.66 14.64 14.68 14.59 14.63 14.67 14.67 14.66 14.66 14.67 14.66 14.65 14.68 14.61 14.63 14.66 14.67 14.67 14.67 14.66 14.61 13.89 13.85 14.60 14.65 14.67 14.70 14.68 14.45 14.41 14.33 14.49 14.70 14.70 14.69 14.67 14.71 14.71 14.69 14.67 14.65 14.70 14.70 14.70 14.68 14.68 14.69 14.68 14.68 14.65 14.69 14.64 14.54 14.54 14.53 14.65 14.67 14.66 14.68 14.69 14.69 14.67 14.64 14.66 14.64 14.69 14.70 14.70 14.70 14.72
14.63 14.64 14.62 14.65 14.65 14.65 14.67 14.65 14.65 14.63 14.65 14.70 14.64 14.63 14.63 14.66 14.66 14.65 14.64 14.66 14.59 14.63 14.62 14.62 14.61 14.64 14.61 14.61 14.57 14.64 14.66 14.65 14.61 14.62 14.68 14.67 14.69 14.67 14.70 14.60 14.64 14.65 14.64 14.65 14.68 14.62 14.56 14.59 14.65 14.67 14.67 14.61 14.66 14.67 14.64 14.66 14.68 14.63 14.69 14.65 14.63 14.59 14.59 14.66 14.68 14.68 14.69 14.66 14.68 14.67 14.66 14.65 14.64 14.65 14.68 14.68 14.65
14.59 14.64 14.63 14.60 14.62 14.66 14.63 14.58 14.63 14.65 14.57 14.58 14.62 14.60 14.59 14.60 14.63 14.63 14.60 14.62 14.64 14.59 14.55 14.53 14.58 14.62 14.63 14.59 14.56 14.56 14.55 14.58 14.63 14.61 14.57 14.58 14.53 14.57 14.61 14.66 14.63 14.60 14.65 14.66 14.65 14.64 14.68 14.62 14.56 14.62 14.66 14.69 14.63 14.64 14.64 14.65 14.65 14.65 14.65 14.62 14.56 14.59 14.61 14.66 14.66 14.66 14.66 14.61 14.62 14.59 14.53 14.59 14.65 14.65 14.64 14.65 14.66
14.57 14.56 14.58 14.60 14.60 14.62 14.62 14.61 14.61 14.61 14.59 14.51 14.57 14.58 14.59 14.62 14.61 14.60 14.61 14.59 14.59 14.58 14.55 14.56 14.56 14.59 14.60 14.60 14.58 14.60 14.60 14.63 14.59 14.60 14.58 14.63 14.64 14.63 14.57 14.49 14.62 14.63 14.59 14.64 14.64 14.66 14.63 14.65 14.60 14.57 14.63 14.58 14.56 14.63 14.62 14.61 14.61 14.60 14.60 14.63 14.63 14.60 14.58 14.63 14.60 14.63 14.63 14.60 14.49 14.62 14.64 14.58 14.57 14.56 14.59 14.61 14.61
14.60 14.57 14.60 14.55 14.59 14.61 14.61 14.61 14.60 14.60 14.58 14.53 14.57 14.57 14.58 14.56 14.61 14.61 14.60 14.58 14.56 14.53 14.53 14.53 14.53 14.57 14.58 14.59 14.61 14.58 14.61 14.62 14.63 14.63 14.61 14.60 14.36 13.57 13.30 14.09 14.50 14.62 14.65 14.63 14.59 14.58 14.53 14.53 14.62 14.56 14.64 14.63 14.61 14.60 14.61 14.59 14.58 14.59 14.59 14.58 14.55 14.61 14.56 14.56 14.58 14.56 14.55 14.60 14.60 14.56 14.58 14.63 14.61 14.61 14.60 14.60 14.57
14.55 14.57 14.53 14.56 14.53 14.52 14.56 14.59 14.57 14.57 14.60 14.59 14.59 14.59 14.60 14.55 14.56 14.58 14.57 14.56 14.54 14.54 14.55 14.55 14.56 14.56 14.55 14.55 14.57 14.56 14.56 14.56 14.59 14.59 14.57 14.59 14.61 14.62 14.45 14.41 14.52 14.59 14.60 14.58 14.54 14.61 14.60 14.58 14.61 14.62 14.56 14.64 14.57 14.60 14.59 14.57 14.59 14.59 14.57 14.57 14.59 14.55 14.54 14.55 14.56 14.57 14.55 14.56 14.56 14.57 14.55 14.51 14.58 14.59 14.57 14.57 14.55
14.51 14.52 14.54 14.54 14.52 14.52 14.49 14.52 14.56 14.50 14.51 14.46 14.53 14.54 14.56 14.56 14.45 14.56 14.57 14.54 14.46 14.53 14.53 14.53 14.51 14.50 14.50 14.51 14.52 14.55 14.49 14.54 14.55 14.56 14.59 14.57 14.52 14.57 14.58 14.58 14.45 14.50 14.55 14.55 14.58 14.57 14.58 14.56 14.55 14.55 14.57 14.56 14.58 14.57 14.55 14.52 14.53 14.54 14.55 14.53 14.51 14.51 14.49 14.51 14.52 14.54 14.54 14.53 14.55 14.53 14.55 14.52 14.53 14.56 14.60 14.56 14.57
14.50 14.48 14.47 14.44 14.52 14.53 14.55 14.55 14.53 14.55 14.54 14.52 14.53 14.52 14.51 14.48 14.47 14.43 14.53 14.53 14.53 14.49 14.47 14.50 14.47 14.53 14.51 14.50 14.52 14.51 14.58 14.49 14.48 14.51 14.53 14.53 14.57 14.53 14.51 14.53 14.53 14.03 14.25 14.37 14.55 14.53 14.56 14.55 14.56 14.57 14.58 14.56 14.53 14.52 14.54 14.53 14.49 14.52 14.53 14.52 14.52 14.55 14.54 14.49 14.54 14.54 14.50 14.54 14.56 14.56 14.52 14.56 14.54 14.53 14.54 14.53 14.53
14.49 14.44 14.48 14.48 14.42 14.46 14.50 14.49 14.46 14.50 14.53 14.53 14.50 14.51 14.54 14.54 14.53 14.50 14.38 14.46 14.42 14.49 14.49 14.48 14.51 14.51 14.52 14.49 14.49 14.51 14.48 14.54 14.52 14.51 14.49 14.43 14.48 14.54 14.51 14.55 14.56 14.49 14.35 14.28 14.34 14.37 14.43 14.52 14.51 14.51 14.52 14.51 14.53 14.50 14.46 14.48 14.53 14.49 14.49 14.52 14.53 14.49 14.51 14.52 14.45 14.49 14.49 14.50 14.49 14.48 14.52 14.50 14.52 14.47 14.48 14.49 14.49
14.51 14.51 14.50 14.51 14.50 14.44 14.41 14.47 14.49 14.46 14.45 14.44 14.45 14.50 14.49 14.50 14.50 14.51 14.50 14.49 14.49 14.42 14.44 14.43 14.41 14.48 14.49 14.45 14.52 14.46 14.53 14.51 14.50 14.49 14.49 14.51 14.47 14.46 14.44 14.51 14.50 14.53 14.54 14.48 14.39 14.37 14.39 14.42 14.49 14.47 14.50 14.52 14.50 14.47 14.50 14.50 14.45 14.47 14.47 14.49 14.47 14.50 14.50 14.51 14.50 14.47 14.48 14.42 14.46 14.51 14.51 14.48 14.45 14.44 14.42 14.48 14.48
14.44 14.46 14.48 14.47 14.42 14.48 14.49 14.47 14.49 14.47 14.47 14.46 14.24 14.38 14.40 14.43 14.46 14.41 14.45 14.48 14.47 14.49 14.39 14.48 14.48 14.48 14.50 14.50 14.41 14.45 14.38 14.44 14.47 14.45 14.46 14.45 14.50 14.51 14.51 14.49 14.49 14.49 14.46 14.50 14.50 14.52 14.51 14.50 14.46 14.45 14.49 14.47 14.49 14.48 14.50 14.45 14.47 14.47 14.42 14.44 14.48 14.49 14.44 14.48 14.48 14.43 14.48 14.44 14.43 14.44 14.46 14.42 14.39 14.44 14.46 14.43 14.47
14.43 14.42 14.37 14.36 14.47 14.45 14.40 14.39 14.40 14.41 14.41 14.43 14.45 14.46 14.45 14.30 14.33 14.45 14.44 14.45 14.47 14.47 14.47 14.45 14.45 14.43 14.45 14.48 14.48 14.45 14.48 14.40 14.39 14.38 14.47 14.44 14.46 14.46 14.44 14.48 14.48 14.47 14.43 14.36 14.37 14.43 14.45 14.40 14.40 14.43 14.43 14.43 14.44 14.43 14.43 14.43 14.43 14.43 14.40 14.40 14.44 14.43 14.47 14.42 14.46 14.44 14.45 14.44 14.43 14.46 14.41 14.42 14.42 14.40 14.40 14.44 14.45
14.27 14.32 14.41 14.40 14.42 14.42 14.43 14.42 14.38 14.35 14.36 14.39 14.44 14.43 14.43 14.43 14.44 14.39 14.36 14.38 14.40 14.40 14.44 14.43 14.43 14.44 14.45 14.44 14.46 14.45 14.45 14.48 14.47 14.45 14.39 14.46 14.45 14.45 14.47 14.43 14.42 14.44 14.45 14.47 14.47 14.38 14.42 14.45 14.48 14.42 14.42 14.42 14.42 14.41 14.39 14.42 14.43 14.45 14.46 14.44 14.43 14.36 14.43 14.42 14.40 14.39 14.39 14.40 14.39 14.39 14.44 14.45 14.43 14.41 14.43 14.43 14.40
14.42 14.41 14.41 14.39 14.38 14.37 14.37 14.41 14.40 14.40 14.40 14.40 14.40 14.38 14.40 14.37 14.37 14.40 14.41 14.39 14.35 14.37 14.40 14.40 14.40 14.42 14.40 14.41 14.44 14.44 14.43 14.44 14.45 14.46 14.46 14.41 14.42 14.44 14.43 14.41 14.43 14.43 14.43 14.41 14.41 14.43 14.37 14.40 14.43 14.40 14.41 14.39 14.35 14.42 14.43 14.42 14.43 14.42 14.38 14.38 14.38 14.43 14.41 14.39 14.42 14.37 14.35 14.38 14.42 14.34 14.36 14.39 14.39 14.42 14.41 14.40 14.38
14.31 14.36 14.36 14.35 14.38 14.37 14.38 14.35 14.36 14.40 14.38 14.33 14.33 14.32 14.33 14.36 14.34 14.36 14.32 14.33 14.34 14.34 14.39 14.41 14.39 14.39 14.41 14.39 14.39 14.41 14.42 14.40 14.41 14.41 14.42 14.39 14.40 14.39 14.35 14.38 14.37 14.38 14.40 14.39 14.38 14.37 14.40 14.38 14.35 14.36 14.39 14.37 14.41 14.40 14.40 14.39 14.35 14.36 14.37 14.34 14.31 14.38 14.39 14.36 14.35 14.42 14.40 14.34 14.39 14.40 14.41 14.35 14.40 14.38 14.35 14.37 14.41
14.36 14.34 14.36 14.35 14.35 14.35 14.36 14.38 14.33 14.35 14.35 14.33 14.32 14.27 14.33 14.32 14.35 14.36 14.29 14.27 14.30 14.29 14.35 14.38 14.44 14.39 14.38 14.36 14.36 14.37 14.34 14.35 14.37 14.37 14.38 14.38 14.36 14.35 14.38 14.38 14.37 14.32 14.37 14.37 14.36 14.37 14.37 14.36 14.33 14.30 14.37 14.41 14.40 14.40 14.38 14.34 14.37 14.37 14.37 14.38 14.40 14.29 14.36 14.41 14.37 14.34 14.37 14.38 14.37 14.38 14.38 14.36 14.37 14.34 14.37 14.30 14.34
14.29 14.29 14.32 14.33 14.33 14.32 14.28 14.33 14.35 14.25 14.26 14.33 14.34 14.36 14.30 14.32 14.29 14.25 14.29 14.33 14.34 14.34 14.34 14.37 14.41 14.39 14.35 14.34 14.36 14.35 14.35 14.30 14.27 14.32 14.34 14.35 14.35 14.35 14.36 14.33 14.31 14.33 14.27 14.29 14.35 14.34 14.33 14.34 14.36 14.34 14.36 14.37 14.37 14.37 14.36 14.35 14.33 14.33 14.33 14.35 14.35 14.34 14.30 14.32 14.32 14.33 14.35 14.28 14.29 14.27 14.31 14.30 14.35 14.33 14.32 14.34 14.27
14.37 14.34 14.30 14.28 14.28 14.30 14.32 14.25 14.30 14.31 14.33 14.26 14.32 14.32 14.33 14.31 14.33 14.32 14.33 14.33 14.30 14.28 14.32 14.33 14.37 14.37 14.32 14.35 14.27 14.31 14.36 14.35 14.36 14.35 14.34 14.34 14.35 14.34 14.33 14.30 14.27 14.27 14.34 14.32 14.31 14.34 14.31 14.32 14.33 14.33 14.35 14.34 14.34 14.35 14.34 14.35 14.33 14.30 14.31 14.31 14.32 14.33 14.29 14.28 14.32 14.31 14.32 14.31 14.28 14.31 14.31 14.34 14.26 14.28 14.30 14.32 14.32
14.30 14.30 14.27 14.29 14.27 14.28 14.28 14.27 14.25 14.29 14.25 14.29 14.29 14.29 14.27 14.29 14.29 14.28 14.28 14.30 14.29 14.24 14.23 14.32 14.34 14.32 14.29 14.31 14.30 14.27 14.31 14.33 14.32 14.33 14.32 14.32 14.31 14.30 14.31 14.28 14.26 14.27 14.23 14.29 14.31 14.31 14.31 14.29 14.27 14.29 14.30 14.31 14.31 14.30 14.26 14.29 14.29 14.28 14.28 14.28 14.29 14.30 14.31 14.33 14.32 14.27 14.29 14.32 14.29 14.26 14.29 14.30 14.31 14.26 14.22 14.22 14.27
