main/data/irradiance/17.02.2023.grid
ncols 839
nrows 679
xllcenter 112.0500
yllcenter -43.9500
cellsize 0.0500
nodata_value 99999.90
[rows 170 to 203 of 679, columns 231 to 307 of 839]
28.34 28.41 28.44 28.29 28.29 28.20 28.15 28.34 28.14 28.14 28.17 28.31 28.34 28.29 28.30 28.34 28.31 28.31 28.23 28.13 28.19 28.19 28.19 28.20 28.20 28.21 28.20 28.19 28.12 28.07 28.14 28.11 28.15 28.27 28.33 28.30 28.17 28.25 28.32 28.35 28.24 28.25 27.99 28.14 27.34 27.12 27.84 28.26 28.38 28.14 27.36 27.80 25.74 24.81 26.23 25.34 25.73 26.75 26.54 25.97 25.45 27.59 26.51 27.17 27.08 22.87 25.69 27.42 26.67 26.64 26.86 26.78 26.85 27.11 26.98 27.82 27.94
28.12 28.15 28.25 27.99 28.08 28.28 28.26 28.40 28.45 28.47 28.41 28.41 28.31 28.28 28.30 28.21 28.31 28.36 28.28 28.08 28.07 28.19 28.27 28.25 28.35 28.28 28.24 28.07 27.92 27.85 28.10 28.07 27.76 28.09 28.28 28.28 28.25 28.36 28.31 28.36 28.15 28.11 28.01 28.28 28.35 27.53 27.23 27.83 28.30 28.17 27.12 27.58 27.73 26.69 25.38 25.34 25.28 26.15 26.82 25.52 26.16 27.19 27.67 26.81 25.71 26.02 27.09 26.58 26.72 27.43 27.02 26.88 28.01 27.89 27.00 27.86 27.48
28.23 28.19 28.41 28.23 28.22 28.30 28.29 28.11 28.10 27.70 28.30 28.38 28.32 28.26 28.24 28.19 28.15 28.25 28.14 28.04 28.27 28.24 28.26 28.29 28.43 28.35 28.12 27.97 27.97 27.73 27.63 27.58 27.34 27.85 28.08 28.30 28.25 28.34 28.37 28.40 28.10 27.82 27.97 28.24 27.83 28.31 27.88 25.59 26.76 26.70 26.68 27.92 27.59 27.57 27.65 25.00 25.23 26.27 26.94 26.49 26.59 27.53 27.16 26.59 24.77 25.55 27.23 25.61 26.51 26.40 27.14 25.56 27.84 27.87 26.95 27.71 27.57
28.37 28.36 28.43 28.38 28.35 28.33 28.14 28.16 27.52 27.03 28.11 28.29 28.39 28.44 28.35 28.34 28.32 28.26 28.23 28.15 28.22 28.28 28.34 28.29 28.39 28.32 28.21 27.87 27.77 27.96 27.58 27.25 26.94 26.98 27.51 27.89 28.19 28.22 28.08 28.43 28.45 27.97 27.60 28.17 28.17 28.05 27.47 26.44 25.69 24.47 24.05 26.75 27.48 27.10 26.72 26.92 27.21 27.23 27.20 26.17 26.40 25.77 25.62 25.48 24.20 25.89 27.39 27.45 26.68 25.84 27.59 27.26 27.23 27.48 27.09 27.03 28.04
28.36 28.37 28.43 28.05 27.31 27.99 28.43 28.41 28.02 27.56 28.32 28.24 28.31 28.09 28.36 28.42 28.38 28.30 28.18 28.06 28.07 28.15 28.31 28.24 28.30 28.37 28.29 27.98 27.70 27.76 27.76 27.56 27.02 27.15 27.25 27.74 27.85 27.50 27.93 27.93 28.09 28.14 27.72 27.72 28.35 27.93 28.12 27.21 26.13 25.51 26.13 24.99 25.44 25.93 25.04 25.71 25.93 27.12 27.60 27.28 25.39 26.20 27.43 26.02 25.14 26.05 26.89 27.88 27.08 26.67 27.19 26.91 27.10 27.85 28.14 28.11 27.71
28.42 28.38 28.40 28.33 27.23 28.41 28.32 28.40 28.42 28.44 28.43 27.76 28.30 28.27 28.38 28.36 27.86 27.42 27.61 27.41 27.80 27.84 27.67 28.15 28.14 28.34 28.38 28.03 27.60 27.68 27.93 27.63 27.35 27.34 27.76 27.08 28.00 28.17 28.05 27.89 27.26 27.74 27.71 26.54 27.58 28.06 27.58 26.73 27.03 27.28 26.43 25.67 26.34 24.91 25.18 26.24 24.87 24.52 26.19 27.39 27.47 27.77 27.58 26.52 27.06 26.65 26.80 27.40 26.73 27.67 26.71 24.82 27.18 27.21 28.29 28.20 27.91
28.44 28.25 28.42 28.24 28.03 28.38 28.39 28.43 28.40 28.44 28.50 28.34 28.45 28.46 28.42 28.32 27.25 27.09 28.00 27.95 28.08 26.82 27.11 27.92 28.30 28.42 28.29 28.01 27.28 26.82 27.47 27.32 26.85 27.46 27.10 26.59 27.63 28.24 28.24 28.19 28.18 27.60 27.50 27.82 27.81 27.12 25.98 26.97 27.35 27.37 27.26 25.87 26.83 25.65 26.20 26.60 26.18 24.97 24.87 26.08 26.20 26.66 26.81 27.16 26.44 26.85 26.43 24.70 25.48 26.80 26.87 26.38 26.75 27.45 27.88 27.81 27.77
28.49 28.44 28.39 28.45 28.47 28.46 28.46 28.44 28.42 28.46 28.50 28.44 28.34 28.37 28.36 28.14 27.19 26.39 27.28 27.20 27.42 27.51 26.79 26.80 26.93 28.11 27.79 27.56 26.78 26.15 27.20 27.84 27.91 27.89 27.73 26.89 26.89 27.88 27.66 27.03 27.07 27.65 27.34 27.06 27.40 26.52 24.90 25.08 26.10 27.05 27.73 26.89 25.28 26.04 25.21 24.82 25.72 25.10 24.79 25.11 25.99 25.68 26.33 26.32 27.63 27.61 26.96 23.39 25.51 27.60 27.43 27.05 27.45 27.56 27.90 27.57 27.60
28.50 28.48 28.47 28.51 28.51 28.47 28.39 28.50 28.48 28.51 28.43 28.50 28.47 28.43 28.40 28.19 27.15 26.40 27.08 26.73 25.94 26.69 25.51 25.37 25.86 27.72 27.76 27.08 26.23 26.49 26.76 27.68 27.15 27.20 27.54 27.59 25.63 25.77 25.99 25.10 25.96 26.67 27.91 27.28 27.96 27.10 24.79 24.31 25.05 26.36 27.56 27.58 25.95 25.55 26.19 25.68 24.55 25.58 25.07 24.72 23.82 24.49 24.83 25.34 27.34 27.67 28.05 27.50 27.22 26.75 26.43 26.75 27.72 27.64 27.34 26.37 26.77
28.47 28.50 28.53 28.54 28.53 28.53 28.51 28.54 28.55 28.46 28.30 28.36 28.28 28.29 28.29 28.01 27.80 27.36 25.73 26.30 27.17 26.55 26.93 27.11 26.67 26.48 25.78 25.04 24.53 26.87 27.38 26.87 25.90 25.59 26.87 26.89 26.81 26.55 25.81 26.12 26.78 27.69 27.79 27.65 27.82 27.03 25.66 24.66 25.92 27.58 27.94 27.33 26.28 25.89 26.36 26.24 25.23 24.66 26.55 25.92 25.39 25.04 23.82 23.48 25.84 25.64 27.12 27.98 27.14 27.90 27.68 27.39 27.46 27.85 27.70 26.25 26.35
28.56 28.55 28.57 28.57 28.56 28.50 28.55 28.51 28.55 28.56 28.26 27.93 28.09 28.15 28.25 28.11 28.10 27.79 26.20 26.67 27.15 26.37 27.15 27.66 26.84 26.19 25.72 25.74 24.72 26.63 27.14 26.91 25.74 26.36 26.20 25.79 27.48 27.85 27.25 26.43 25.63 27.11 26.07 26.25 27.08 26.83 26.26 26.23 26.28 27.00 28.01 27.16 25.76 27.18 27.30 27.23 26.56 24.85 25.78 26.37 26.61 25.87 23.68 22.98 24.22 21.36 24.74 28.21 27.07 27.61 27.11 25.51 26.59 25.91 24.98 27.31 27.83
28.57 28.56 28.59 28.55 28.44 28.32 28.42 28.43 28.51 28.46 28.37 28.33 28.46 28.31 28.36 28.38 27.64 27.02 26.46 26.83 26.71 27.05 27.85 27.95 27.46 27.21 25.83 25.99 26.21 27.46 26.89 26.09 25.63 25.91 25.77 25.28 26.22 27.64 28.19 26.88 25.02 26.10 26.99 25.84 25.24 27.10 26.87 27.00 26.94 26.55 24.53 24.84 24.98 25.18 27.44 27.85 27.67 27.36 27.40 27.52 26.77 27.67 25.54 25.04 23.61 21.11 22.37 25.22 28.13 27.01 26.52 26.25 27.39 27.05 26.65 26.94 27.18
28.56 28.27 27.64 28.22 28.21 28.44 28.53 28.53 28.00 28.27 28.29 28.33 28.14 28.20 27.89 28.32 28.11 27.53 27.27 27.61 26.84 26.95 26.99 27.76 27.23 27.31 26.81 26.53 26.47 26.91 25.93 25.91 25.66 26.11 26.92 26.41 24.08 24.90 26.98 26.57 26.33 24.13 25.52 26.63 25.83 26.24 26.56 27.49 27.82 26.30 23.93 24.49 24.82 26.53 26.94 27.36 27.90 28.05 27.21 27.50 27.17 27.81 27.17 27.09 25.42 24.53 24.21 21.55 26.41 26.95 26.76 26.98 27.62 27.90 27.60 27.72 26.93
28.23 27.86 27.67 27.80 27.92 28.35 28.49 28.43 27.94 27.55 27.00 28.31 28.20 28.24 27.82 27.58 27.79 27.35 27.91 27.72 27.33 26.42 26.21 26.29 25.93 27.66 27.11 26.22 26.43 26.50 26.65 26.84 26.18 25.80 26.09 27.35 26.65 26.21 26.89 27.41 26.51 25.74 25.76 27.41 27.02 27.14 27.40 27.47 27.64 26.74 25.87 26.67 26.63 25.40 26.49 26.93 25.58 25.89 26.57 27.44 27.17 27.47 27.11 27.97 28.02 27.33 27.26 27.25 25.18 26.64 26.61 27.55 27.00 28.08 28.10 27.87 27.57
28.41 28.06 28.22 28.36 28.31 28.38 28.40 28.33 28.19 27.54 26.95 28.06 27.44 27.78 26.97 26.72 28.21 28.18 27.83 27.77 27.01 27.93 27.45 27.13 26.96 27.12 27.25 27.12 26.64 26.44 25.95 26.87 27.31 26.39 25.39 24.66 26.81 26.10 26.58 26.58 26.83 27.40 26.26 27.08 27.61 27.14 26.22 27.10 26.27 26.91 26.96 27.00 26.92 26.78 26.12 25.69 24.34 23.39 24.66 24.73 27.83 28.08 27.43 27.51 27.81 27.54 28.10 28.21 27.42 25.80 26.74 26.90 27.85 27.58 27.04 26.39 26.03
28.45 28.41 28.42 28.43 28.45 28.40 28.30 28.38 28.30 28.51 27.40 27.53 26.49 26.93 27.06 26.40 27.97 28.00 28.26 27.95 27.86 27.59 27.79 27.58 27.60 27.45 27.65 27.12 26.10 27.06 26.98 26.57 26.45 26.17 25.56 25.21 25.22 25.87 27.11 25.79 27.44 26.63 26.17 26.40 26.84 26.08 26.18 26.61 26.31 26.15 25.79 25.65 25.45 25.61 25.95 24.82 24.38 24.11 25.14 26.48 27.92 26.83 25.92 26.92 27.87 27.37 27.30 27.54 25.61 24.63 27.14 26.06 27.77 25.76 24.37 27.50 25.31
28.55 28.52 28.49 28.45 28.32 28.21 28.44 28.48 28.48 28.52 27.81 26.99 26.90 27.60 27.69 27.23 27.35 27.97 28.20 27.68 28.05 27.42 27.70 28.21 28.03 27.31 27.05 27.23 27.37 27.64 26.65 26.95 26.94 26.51 26.95 25.74 26.07 25.29 26.86 26.44 26.74 26.32 26.74 27.30 26.42 26.80 26.37 26.72 27.25 26.68 25.35 25.37 25.91 26.65 26.82 26.71 26.10 26.11 27.12 27.87 27.60 27.51 27.36 27.27 27.69 27.65 26.76 27.20 26.26 25.64 24.88 26.02 27.03 25.49 27.22 26.81 27.25
28.58 28.58 28.46 28.27 27.87 28.30 28.33 28.45 28.47 28.46 28.40 27.10 27.31 27.58 27.48 26.66 27.35 27.21 27.56 27.63 28.04 28.00 28.16 28.18 28.10 28.16 27.71 27.58 27.22 27.76 27.29 27.33 26.91 26.96 27.21 27.03 25.56 26.80 26.19 25.18 26.76 26.92 26.58 26.00 27.36 26.57 27.72 26.68 27.57 27.25 27.17 26.18 26.18 27.06 26.54 26.86 26.74 27.72 26.94 26.89 26.26 26.96 26.30 27.10 27.35 27.16 28.43 28.07 26.48 26.70 26.22 24.55 25.23 26.16 27.37 27.07 27.17
28.54 28.54 28.50 28.47 28.35 27.67 27.98 28.28 28.42 28.47 28.20 28.11 27.20 27.04 26.99 27.10 26.98 27.61 27.94 27.74 28.10 28.45 28.16 28.14 28.23 27.94 27.99 27.41 27.68 27.69 27.40 28.24 27.73 27.66 27.49 27.55 26.62 25.64 25.33 25.54 25.44 27.02 26.84 26.92 26.76 26.05 27.37 27.08 26.69 26.17 27.11 26.42 26.67 27.79 27.99 26.06 25.18 26.53 26.92 24.98 23.67 24.65 25.59 26.53 27.73 26.77 27.37 27.78 26.40 27.41 26.39 26.72 25.60 26.98 27.39 27.46 27.36
28.50 28.50 28.48 28.50 28.40 27.12 24.84 26.82 27.54 27.86 28.05 27.31 27.92 28.25 27.62 26.46 26.91 28.02 26.35 26.80 27.00 28.14 28.40 28.16 28.22 28.03 27.49 27.42 27.70 27.73 28.26 27.79 27.30 26.48 26.51 28.21 27.66 26.36 24.56 25.72 26.92 26.58 26.89 26.91 27.41 26.88 27.15 25.07 26.24 25.41 26.30 26.63 26.36 27.43 27.42 26.16 25.11 25.63 25.37 25.55 25.77 25.21 25.80 26.06 27.28 26.67 26.05 27.28 26.57 26.56 26.39 26.64 26.56 26.66 26.68 25.92 25.78
28.52 28.56 28.50 28.54 28.43 27.77 26.40 25.88 27.29 26.82 27.95 27.17 27.75 27.75 28.06 27.35 27.31 28.06 27.57 27.59 26.75 27.51 27.63 27.64 27.83 27.88 27.37 27.56 27.47 27.86 28.15 27.51 26.88 27.39 26.22 27.10 27.63 26.54 25.73 24.11 25.56 25.78 25.61 26.40 25.87 27.29 25.70 25.15 27.10 26.30 25.21 24.93 26.44 27.54 26.26 26.42 26.96 27.32 25.31 24.93 25.83 25.55 24.36 26.19 27.24 26.50 26.13 27.82 26.31 24.64 25.24 26.21 26.30 27.02 26.14 24.45 23.79
28.53 28.39 28.18 28.54 28.29 28.09 27.93 27.91 27.52 27.81 27.22 28.27 27.80 28.15 28.05 27.99 27.92 27.83 27.79 27.93 27.13 27.36 26.94 26.46 26.95 27.88 26.97 27.63 27.67 27.83 28.41 27.30 26.41 27.03 25.97 27.14 27.82 26.15 26.28 25.46 24.70 24.63 24.36 24.99 26.57 26.27 25.85 26.22 27.85 27.77 27.05 25.98 25.95 25.88 24.33 25.78 26.48 25.86 25.16 24.61 26.15 26.56 26.71 26.17 25.20 24.47 27.02 26.04 24.14 25.43 27.15 26.49 26.31 27.18 26.04 25.54 23.36
28.29 28.23 28.00 28.15 28.36 28.28 28.49 28.53 28.23 27.73 27.63 27.24 26.48 27.82 27.69 27.64 27.89 28.23 27.83 28.23 27.20 27.44 27.60 27.61 27.23 28.17 27.81 26.57 27.31 26.96 27.54 27.48 26.59 27.39 26.90 26.38 27.37 27.05 27.63 27.75 27.35 26.08 24.50 26.53 27.52 25.65 24.42 26.75 27.73 27.30 27.12 25.88 26.37 25.25 24.73 25.81 25.93 25.26 22.76 22.67 23.46 26.28 25.97 26.02 23.75 25.01 26.37 27.16 26.77 26.88 26.46 27.29 27.45 27.86 26.98 25.41 24.17
28.14 28.12 28.14 27.28 26.95 28.15 27.94 28.28 28.21 28.39 28.34 28.21 27.73 28.14 28.19 28.34 28.42 28.00 28.08 28.00 27.57 27.96 27.77 28.06 27.83 28.24 27.58 27.94 27.70 26.54 26.84 27.59 27.51 28.15 28.22 27.43 25.61 26.22 26.69 25.60 25.44 25.16 24.22 24.68 25.76 24.71 25.05 25.40 26.26 26.94 26.11 24.52 24.76 24.29 24.44 24.52 23.90 25.11 23.71 23.83 23.08 24.36 25.47 25.15 23.69 25.27 26.04 24.72 26.65 27.52 26.95 25.60 27.01 28.00 27.31 26.42 25.21
28.39 27.72 27.68 27.38 26.64 26.49 26.63 27.12 27.35 28.03 28.34 27.88 28.48 28.47 28.30 28.24 28.04 27.93 28.18 27.75 27.59 27.41 27.62 27.18 27.84 27.84 27.56 27.73 27.81 26.47 27.10 26.67 27.67 27.77 27.57 26.35 25.61 25.18 25.88 25.87 25.91 26.72 25.33 25.15 25.10 24.01 23.17 25.63 26.19 25.15 25.05 23.62 24.91 25.76 26.24 26.88 24.37 25.25 24.90 23.36 26.73 27.25 25.84 24.10 25.55 25.20 27.10 26.24 25.28 26.40 27.18 26.58 26.15 26.84 26.43 26.17 26.49
28.24 27.95 27.62 27.98 27.74 27.95 27.11 27.60 28.17 28.09 27.82 27.74 28.40 28.50 28.36 28.42 28.17 27.55 27.98 27.36 27.89 27.85 27.35 28.18 28.06 27.42 27.61 27.80 27.35 27.64 27.20 27.38 27.13 27.56 26.59 24.11 24.64 23.60 24.67 27.20 26.82 26.11 25.47 25.80 23.77 21.68 23.07 25.19 26.27 25.47 24.44 24.19 23.65 24.34 26.28 27.38 26.75 25.40 25.75 26.66 25.35 24.60 25.91 24.73 24.58 26.65 26.56 26.65 23.46 25.07 26.21 25.28 25.77 26.70 26.60 27.00 27.57
28.35 28.37 28.17 28.12 28.16 28.39 27.60 27.82 27.76 27.94 28.09 27.87 28.44 28.47 28.51 28.44 28.09 28.31 28.11 27.96 28.14 27.61 26.81 27.85 28.02 28.07 28.14 27.95 27.41 27.27 27.21 26.95 26.31 25.48 26.01 25.21 25.46 25.51 25.75 25.87 26.22 24.88 23.71 24.37 22.48 21.71 23.99 25.49 24.07 24.56 25.22 25.11 25.15 25.62 23.40 24.71 24.28 24.64 24.53 23.10 23.40 23.38 23.40 21.18 23.47 25.01 25.37 25.97 24.06 25.33 25.25 25.11 25.89 26.43 27.46 26.80 27.04
28.35 28.36 28.22 27.31 27.68 28.10 28.30 28.18 28.39 28.24 28.25 28.11 28.11 28.53 28.36 28.47 28.11 28.23 28.46 28.40 28.34 27.95 27.28 28.00 26.99 26.60 27.72 26.70 27.41 27.95 27.34 26.59 26.33 25.46 25.52 25.95 26.83 26.84 26.66 25.62 26.05 24.51 23.01 24.44 24.43 23.64 25.28 23.73 22.48 22.94 22.82 23.96 24.13 22.92 23.36 22.87 22.21 23.81 24.64 23.50 23.73 22.59 22.32 23.51 24.40 24.91 25.52 25.38 25.93 26.00 26.80 27.25 26.30 26.55 26.17 26.67 26.98
28.39 28.36 28.29 28.00 28.16 27.70 27.54 27.71 28.23 28.37 28.46 28.54 28.27 28.22 28.49 28.37 28.48 28.46 28.52 28.50 28.28 27.86 27.75 28.04 28.10 27.91 27.71 27.52 27.37 26.13 26.96 27.23 26.88 26.46 25.29 27.05 27.28 27.38 26.91 25.01 27.15 27.61 24.83 23.67 23.12 23.92 24.64 23.63 21.63 23.80 25.75 25.44 23.82 23.60 24.55 23.49 23.30 25.10 23.73 23.55 26.10 25.88 26.11 25.78 26.30 26.29 25.89 25.70 25.44 26.67 27.00 27.68 27.57 26.72 26.19 27.54 26.35
28.37 28.27 28.23 27.93 28.14 28.44 28.19 27.93 27.48 27.49 28.31 28.33 27.68 27.81 28.31 28.22 28.55 28.62 28.63 28.59 28.24 27.97 27.28 27.90 28.37 27.92 27.06 26.72 26.69 26.60 27.34 27.11 27.44 27.20 27.06 26.29 26.31 26.55 26.64 24.81 25.73 27.07 26.84 25.07 24.51 24.30 23.52 22.83 23.07 25.13 26.39 25.83 24.04 21.96 22.82 22.75 23.29 25.36 24.87 24.92 26.13 27.97 27.39 26.64 27.52 25.19 23.33 23.58 24.83 26.13 27.04 27.71 27.85 27.78 27.64 27.36 27.00
28.34 28.32 28.28 27.96 27.80 28.50 28.39 28.38 27.94 27.36 27.96 27.98 27.93 28.02 28.38 28.57 28.48 28.62 28.63 28.63 28.39 27.36 27.51 27.53 27.33 27.68 27.32 26.12 25.48 25.86 27.25 26.86 26.80 26.56 26.53 25.78 26.47 27.32 27.27 26.03 26.24 26.83 26.07 26.46 25.39 24.17 23.97 23.27 22.39 24.56 26.58 24.84 24.56 25.64 24.28 24.57 23.22 24.01 23.13 21.97 24.47 26.10 25.70 23.70 23.10 21.27 19.95 25.05 25.35 26.37 27.25 27.89 26.90 27.94 27.37 27.15 27.94
28.42 28.29 28.15 28.04 28.02 27.23 27.83 28.44 27.52 27.96 27.37 27.70 27.64 28.48 28.45 28.59 28.51 28.55 28.62 28.62 28.35 27.27 27.79 27.81 27.98 27.42 26.97 26.82 27.23 27.10 27.43 27.29 26.86 27.41 27.10 26.40 25.86 26.46 27.03 26.26 26.61 26.07 26.07 26.45 27.69 25.96 25.98 22.71 23.25 23.86 25.60 24.44 25.23 26.18 27.52 26.02 25.87 24.67 23.60 20.88 23.14 25.48 24.19 22.55 23.10 22.17 23.40 25.86 23.77 23.54 24.96 26.33 25.56 27.48 27.83 27.52 26.45
28.48 28.43 28.10 28.14 28.02 26.93 27.32 28.19 27.98 27.46 27.29 27.39 27.47 27.70 28.23 28.52 28.55 28.34 28.55 28.64 28.52 28.04 27.50 27.33 27.04 26.34 26.80 26.73 26.97 26.75 26.59 27.07 26.66 27.54 27.94 26.76 26.17 25.67 26.87 27.02 27.70 26.96 26.43 26.71 26.63 26.63 26.35 25.92 24.84 24.86 25.14 24.22 25.67 25.15 24.71 25.50 26.15 25.73 25.46 24.81 24.77 24.56 26.24 24.95 23.02 24.03 24.91 25.38 24.76 22.26 22.53 26.00 26.80 27.64 27.29 27.37 26.91
28.36 28.45 28.16 28.14 28.15 27.63 28.01 27.78 28.02 27.78 27.80 28.02 28.25 27.85 28.43 28.17 28.36 28.36 28.40 28.36 28.20 27.97 28.08 28.26 27.70 27.84 27.28 27.40 27.34 24.91 26.27 27.76 27.62 26.76 27.02 26.25 27.65 27.77 27.54 27.87 26.83 27.92 27.22 26.05 25.89 27.31 27.14 26.45 24.51 25.70 27.12 26.94 26.82 24.48 23.57 25.95 23.51 25.81 24.62 24.68 26.54 26.71 24.23 23.63 24.77 25.65 24.88 25.79 25.76 25.08 23.62 26.50 26.70 26.71 28.07 27.30 28.16
