main/data/irradiance/17.04.2023.grid
ncols 839
nrows 679
xllcenter 112.0500
yllcenter -43.9500
cellsize 0.0500
nodata_value 99999.90
[rows 34 to 67 of 679, columns 462 to 538 of 839]
22.24 21.04 21.04 21.70 21.70 21.70 21.70 21.70 21.70 21.70 21.74 20.40 20.40 20.40 20.40 20.40 20.66 20.66 20.66 20.66 20.66 20.66 20.66 13.86 13.86 13.86 13.86 13.86 13.86 13.86 13.86 13.86 13.86 12.04 20.13 6.82 6.82 6.82 5.43 5.43 5.43 5.43 5.43 5.43 5.43 99999.90 99999.90 99999.90 99999.90 99999.90 99999.90 99999.90 99999.90 99999.90 99999.90 99999.90 99999.90 99999.90 99999.90 99999.90 99999.90 99999.90 99999.90 99999.90 99999.90 99999.90 99999.90 99999.90 99999.90 99999.90 99999.90 99999.90 99999.90 99999.90 99999.90 99999.90 99999.90
22.24 21.04 21.04 21.04 21.70 21.70 21.70 21.70 21.70 21.70 21.74 20.40 20.40 20.40 20.40 20.40 20.40 20.66 20.66 20.66 20.66 20.66 20.66 13.86 13.86 13.86 13.86 13.86 13.86 13.86 13.86 13.86 12.04 12.04 6.82 6.82 6.82 6.82 5.43 5.43 5.43 5.43 5.43 5.43 5.43 5.76 99999.90 99999.90 99999.90 99999.90 99999.90 99999.90 99999.90 99999.90 99999.90 99999.90 99999.90 99999.90 99999.90 99999.90 99999.90 99999.90 99999.90 99999.90 99999.90 99999.90 99999.90 99999.90 99999.90 99999.90 99999.90 99999.90 99999.90 99999.90 99999.90 99999.90 99999.90
22.24 21.04 21.04 21.04 21.70 21.70 21.70 21.70 21.70 21.70 21.74 20.81 20.40 20.40 20.40 20.40 20.40 20.40 20.66 20.66 19.21 19.21 19.21 13.86 13.86 13.86 13.86 13.86 13.86 13.86 13.86 12.04 12.04 10.64 6.82 6.82 6.82 5.43 5.43 5.43 5.43 5.43 5.43 5.43 5.76 5.76 99999.90 99999.90 99999.90 99999.90 99999.90 99999.90 99999.90 99999.90 99999.90 99999.90 99999.90 99999.90 99999.90 99999.90 99999.90 99999.90 99999.90 99999.90 99999.90 99999.90 99999.90 99999.90 99999.90 99999.90 99999.90 99999.90 99999.90 99999.90 99999.90 99999.90 99999.90
22.24 21.04 21.04 21.04 21.04 21.70 21.70 21.70 21.70 21.70 21.74 20.81 20.81 20.40 20.40 20.40 20.40 20.40 20.40 19.21 19.21 19.21 19.21 13.86 13.86 13.86 13.86 13.86 13.86 13.86 12.04 12.04 10.64 6.82 6.82 6.82 6.82 5.43 5.43 5.43 5.43 5.43 5.43 5.76 5.76 5.76 99999.90 99999.90 99999.90 99999.90 99999.90 99999.90 99999.90 99999.90 99999.90 99999.90 99999.90 99999.90 99999.90 99999.90 99999.90 99999.90 99999.90 99999.90 99999.90 99999.90 99999.90 99999.90 99999.90 99999.90 99999.90 99999.90 99999.90 99999.90 99999.90 99999.90 99999.90
21.04 21.04 21.04 21.04 21.04 19.70 21.70 21.70 21.70 21.70 21.74 20.81 20.81 20.81 20.90 20.40 20.40 20.40 19.21 19.21 19.21 19.21 19.21 14.14 13.86 13.86 13.86 13.86 13.86 12.04 12.04 10.64 10.64 6.82 6.82 6.82 5.43 5.43 5.43 5.43 5.43 5.43 5.76 5.76 5.76 5.76 99999.90 99999.90 99999.90 99999.90 99999.90 99999.90 99999.90 99999.90 99999.90 99999.90 99999.90 99999.90 99999.90 99999.90 99999.90 99999.90 99999.90 99999.90 99999.90 99999.90 99999.90 99999.90 99999.90 99999.90 99999.90 99999.90 99999.90 99999.90 99999.90 99999.90 99999.90
21.04 21.04 21.04 21.04 21.04 19.70 21.70 21.70 21.70 21.70 21.74 20.81 20.81 20.90 20.90 20.90 20.40 19.21 19.21 19.21 19.21 19.21 19.21 15.02 14.14 13.86 13.86 13.86 12.04 12.04 10.64 10.64 6.82 6.82 6.82 6.82 5.43 5.43 5.43 5.43 5.43 5.76 5.76 5.76 5.76 5.76 99999.90 99999.90 99999.90 99999.90 99999.90 99999.90 99999.90 99999.90 99999.90 99999.90 99999.90 99999.90 99999.90 99999.90 99999.90 99999.90 99999.90 99999.90 99999.90 99999.90 99999.90 99999.90 99999.90 99999.90 99999.90 99999.90 99999.90 99999.90 99999.90 99999.90 99999.90
20.70 21.04 21.04 21.04 21.04 19.70 20.78 20.78 21.70 21.70 21.74 21.22 20.90 20.90 20.90 20.90 18.97 19.21 19.21 19.21 19.21 19.21 15.02 15.02 14.14 14.14 12.84 12.04 12.04 10.64 10.64 10.64 6.82 6.82 6.82 5.43 5.43 5.43 5.43 5.43 5.76 5.76 5.76 5.76 5.76 5.76 99999.90 99999.90 99999.90 99999.90 99999.90 99999.90 99999.90 99999.90 99999.90 99999.90 99999.90 99999.90 99999.90 99999.90 99999.90 99999.90 99999.90 99999.90 99999.90 99999.90 99999.90 99999.90 99999.90 99999.90 99999.90 99999.90 99999.90 99999.90 99999.90 99999.90 99999.90
20.70 20.70 21.04 21.04 21.04 19.70 20.78 20.78 21.46 21.73 21.73 21.53 20.90 20.90 20.90 18.97 18.97 18.97 19.21 19.21 19.21 19.21 15.02 15.02 14.16 12.88 12.21 11.21 10.64 10.64 10.64 6.82 6.82 6.82 6.82 5.43 5.43 5.43 5.43 5.76 5.76 5.76 5.76 5.76 5.76 5.76 99999.90 99999.90 99999.90 99999.90 99999.90 99999.90 99999.90 99999.90 99999.90 99999.90 99999.90 99999.90 99999.90 99999.90 99999.90 99999.90 99999.90 99999.90 99999.90 99999.90 99999.90 99999.90 99999.90 99999.90 99999.90 99999.90 99999.90 99999.90 99999.90 99999.90 99999.90
20.75 20.70 20.70 21.04 21.04 19.70 20.78 20.78 21.46 19.64 21.04 21.53 21.53 19.44 18.97 18.97 18.97 18.97 19.21 19.21 19.21 14.72 14.72 13.87 13.33 12.46 11.92 11.34 10.33 10.33 10.33 6.82 6.82 6.82 5.43 5.43 5.43 5.43 5.76 5.76 5.76 5.76 5.76 5.76 5.76 5.76 99999.90 99999.90 99999.90 99999.90 99999.90 99999.90 99999.90 99999.90 99999.90 99999.90 99999.90 99999.90 99999.90 99999.90 99999.90 99999.90 99999.90 99999.90 99999.90 99999.90 99999.90 99999.90 99999.90 99999.90 99999.90 99999.90 99999.90 99999.90 99999.90 99999.90 99999.90
19.90 20.75 20.70 20.70 20.55 20.46 19.89 20.64 21.36 20.96 21.04 21.04 19.44 19.44 18.97 18.97 18.97 18.97 18.53 18.53 13.94 13.94 13.94 12.32 13.30 12.78 12.09 11.33 9.46 9.46 8.61 6.82 6.82 6.82 5.43 5.43 5.43 5.76 5.76 5.76 5.76 5.76 5.76 5.76 5.76 5.76 99999.90 99999.90 99999.90 99999.90 99999.90 99999.90 99999.90 99999.90 99999.90 99999.90 99999.90 99999.90 99999.90 99999.90 99999.90 99999.90 99999.90 99999.90 99999.90 99999.90 99999.90 99999.90 99999.90 99999.90 99999.90 99999.90 99999.90 99999.90 99999.90 99999.90 99999.90
19.90 20.75 20.75 20.70 20.79 20.76 20.17 20.30 21.27 21.65 21.60 21.60 19.44 19.44 19.56 19.51 19.51 18.53 18.53 18.53 13.94 13.94 13.94 12.32 13.30 12.66 11.86 11.19 9.86 8.61 8.61 6.82 6.82 5.87 5.43 5.43 5.76 5.76 5.76 5.76 5.76 5.76 5.76 5.76 5.76 5.76 99999.90 99999.90 99999.90 99999.90 99999.90 99999.90 99999.90 99999.90 99999.90 99999.90 99999.90 99999.90 99999.90 99999.90 99999.90 99999.90 99999.90 99999.90 99999.90 99999.90 99999.90 99999.90 99999.90 99999.90 99999.90 99999.90 99999.90 99999.90 99999.90 99999.90 99999.90
19.90 19.90 21.18 20.39 21.61 20.48 20.50 21.08 21.37 22.34 20.45 20.43 19.17 18.42 18.98 19.44 18.92 18.53 18.53 18.53 13.94 13.94 13.94 13.87 13.05 13.05 12.25 11.55 10.20 8.37 7.02 7.02 6.77 5.52 5.97 5.76 5.76 5.76 5.76 5.76 5.76 5.76 5.76 5.76 5.76 5.76 99999.90 99999.90 99999.90 99999.90 99999.90 99999.90 99999.90 99999.90 99999.90 99999.90 99999.90 99999.90 99999.90 99999.90 99999.90 99999.90 99999.90 99999.90 99999.90 99999.90 99999.90 99999.90 99999.90 99999.90 99999.90 99999.90 99999.90 99999.90 99999.90 99999.90 99999.90
20.20 19.83 20.48 20.43 22.05 20.91 20.36 20.34 21.01 21.58 19.35 20.16 19.55 18.63 17.66 18.64 18.19 18.53 18.53 18.53 15.97 12.81 13.87 13.87 13.87 13.02 12.85 11.51 10.27 9.06 7.76 6.89 6.42 4.92 5.38 5.35 5.35 5.35 5.35 5.35 5.35 5.35 5.35 5.35 5.35 5.35 99999.90 99999.90 99999.90 99999.90 99999.90 99999.90 99999.90 99999.90 99999.90 99999.90 99999.90 99999.90 99999.90 99999.90 99999.90 99999.90 99999.90 99999.90 99999.90 99999.90 99999.90 99999.90 99999.90 99999.90 99999.90 99999.90 99999.90 99999.90 99999.90 99999.90 99999.90
20.02 19.93 18.54 18.96 20.51 20.72 19.88 20.57 20.73 19.81 19.00 20.49 19.76 18.63 17.04 18.91 18.48 18.48 18.48 16.22 15.97 14.62 12.81 13.15 13.15 12.79 13.06 11.83 10.28 9.16 7.51 6.32 5.64 5.26 5.01 5.35 5.35 5.35 5.35 5.35 5.35 5.35 5.35 5.35 5.35 5.35 99999.90 99999.90 99999.90 99999.90 99999.90 99999.90 99999.90 99999.90 99999.90 99999.90 99999.90 99999.90 99999.90 99999.90 99999.90 99999.90 99999.90 99999.90 99999.90 99999.90 99999.90 99999.90 99999.90 99999.90 99999.90 99999.90 99999.90 99999.90 99999.90 99999.90 99999.90
19.11 19.20 19.54 18.91 18.94 20.31 21.08 21.26 20.31 20.92 20.62 20.26 19.15 18.30 17.96 18.14 19.10 19.10 16.26 16.22 15.97 14.62 12.81 12.81 12.81 13.11 12.71 11.75 10.73 9.22 7.82 6.38 5.61 4.96 5.01 5.01 5.35 5.35 5.35 5.35 5.35 5.35 5.35 5.35 5.35 5.35 99999.90 99999.90 99999.90 99999.90 99999.90 99999.90 99999.90 99999.90 99999.90 99999.90 99999.90 99999.90 99999.90 99999.90 99999.90 99999.90 99999.90 99999.90 99999.90 99999.90 99999.90 99999.90 99999.90 99999.90 99999.90 99999.90 99999.90 99999.90 99999.90 99999.90 99999.90
17.81 18.42 19.92 20.59 19.06 20.40 20.81 21.32 20.60 21.07 20.17 18.70 15.71 17.17 18.11 17.80 17.54 16.96 16.26 16.22 15.97 14.62 13.63 12.76 12.53 13.08 12.52 11.57 10.76 8.89 7.89 6.86 5.61 4.96 4.96 5.01 5.01 5.35 5.35 5.35 5.35 5.35 5.35 5.35 5.35 5.35 99999.90 99999.90 99999.90 99999.90 99999.90 99999.90 99999.90 99999.90 99999.90 99999.90 99999.90 99999.90 99999.90 99999.90 99999.90 99999.90 99999.90 99999.90 99999.90 99999.90 99999.90 99999.90 99999.90 99999.90 99999.90 99999.90 99999.90 99999.90 99999.90 99999.90 99999.90
17.18 18.72 19.52 20.63 18.53 19.40 20.15 20.30 20.51 20.53 18.82 19.25 17.09 16.99 16.87 17.80 16.95 16.00 16.09 15.55 15.27 13.55 12.93 12.57 12.12 13.02 12.41 11.84 10.61 8.00 7.37 6.66 6.66 4.96 4.96 4.96 5.01 5.01 5.35 5.35 5.35 5.35 5.35 5.35 5.35 5.35 99999.90 99999.90 99999.90 99999.90 99999.90 99999.90 99999.90 99999.90 99999.90 99999.90 99999.90 99999.90 99999.90 99999.90 99999.90 99999.90 99999.90 99999.90 99999.90 99999.90 99999.90 99999.90 99999.90 99999.90 99999.90 99999.90 99999.90 99999.90 99999.90 99999.90 99999.90
16.83 16.83 18.02 18.24 18.17 17.49 18.33 19.34 19.97 20.13 18.90 18.06 17.68 16.18 16.74 18.14 16.92 16.08 15.73 14.06 13.95 13.12 12.46 11.90 12.78 13.03 12.83 12.29 10.30 8.24 7.36 6.66 6.66 6.66 4.96 4.96 4.96 5.01 5.01 5.35 5.35 5.35 5.35 5.35 5.35 5.35 99999.90 99999.90 99999.90 99999.90 99999.90 99999.90 99999.90 99999.90 99999.90 99999.90 99999.90 99999.90 99999.90 99999.90 99999.90 99999.90 99999.90 99999.90 99999.90 99999.90 99999.90 99999.90 99999.90 99999.90 99999.90 99999.90 99999.90 99999.90 99999.90 99999.90 99999.90
15.36 15.59 16.38 17.68 18.85 18.44 19.05 20.08 19.90 19.58 18.39 17.55 17.49 17.65 17.43 18.39 17.25 15.28 15.32 13.24 13.98 12.41 11.66 12.58 12.91 12.69 13.08 12.44 10.59 8.47 7.86 7.86 7.86 6.66 6.66 4.96 4.96 4.96 5.01 5.01 5.35 5.35 5.35 5.35 5.35 5.35 99999.90 99999.90 99999.90 99999.90 99999.90 99999.90 99999.90 99999.90 99999.90 99999.90 99999.90 99999.90 99999.90 99999.90 99999.90 99999.90 99999.90 99999.90 99999.90 99999.90 99999.90 99999.90 99999.90 99999.90 99999.90 99999.90 99999.90 99999.90 99999.90 99999.90 99999.90
15.48 15.09 15.32 17.31 17.68 17.72 18.86 21.06 21.59 17.97 18.48 17.75 17.16 16.79 17.08 19.59 18.61 15.58 14.19 13.18 13.80 12.01 12.48 12.80 12.24 12.14 13.07 12.28 11.02 9.34 8.66 8.66 8.66 8.66 8.66 6.66 4.96 4.96 4.96 5.01 5.01 5.35 5.35 5.35 5.35 5.35 99999.90 99999.90 99999.90 99999.90 99999.90 99999.90 99999.90 99999.90 99999.90 99999.90 99999.90 99999.90 99999.90 99999.90 99999.90 99999.90 99999.90 99999.90 99999.90 99999.90 99999.90 99999.90 99999.90 99999.90 99999.90 99999.90 99999.90 99999.90 99999.90 99999.90 99999.90
17.10 16.84 15.34 16.79 17.75 16.37 17.72 20.33 21.14 18.82 17.08 15.80 15.59 16.24 16.90 18.05 17.54 15.01 13.36 12.94 14.24 12.60 13.41 13.05 12.95 12.09 11.93 11.62 11.02 9.34 8.66 8.66 8.66 8.66 8.66 8.66 8.66 8.66 4.96 4.96 5.01 5.01 5.35 5.35 5.35 5.35 99999.90 99999.90 99999.90 99999.90 99999.90 99999.90 99999.90 99999.90 99999.90 99999.90 99999.90 99999.90 99999.90 99999.90 99999.90 99999.90 99999.90 99999.90 99999.90 99999.90 99999.90 99999.90 99999.90 99999.90 99999.90 99999.90 99999.90 99999.90 99999.90 99999.90 99999.90
17.82 17.36 16.96 16.58 18.37 17.42 17.83 18.21 19.41 19.16 16.34 15.23 14.77 15.77 16.84 15.72 15.82 14.76 12.40 11.53 13.58 12.51 13.43 13.23 12.49 11.58 10.99 11.62 11.62 9.34 8.66 8.66 8.66 8.66 8.66 8.66 8.66 8.66 8.66 4.96 4.96 5.01 5.01 5.35 5.35 5.35 99999.90 99999.90 99999.90 99999.90 99999.90 99999.90 99999.90 99999.90 99999.90 99999.90 99999.90 99999.90 99999.90 99999.90 99999.90 99999.90 99999.90 99999.90 99999.90 99999.90 99999.90 99999.90 99999.90 99999.90 99999.90 99999.90 99999.90 99999.90 99999.90 99999.90 99999.90
18.00 16.98 17.04 16.21 17.57 17.68 17.80 17.96 19.43 17.37 15.64 15.51 14.92 15.62 15.59 15.30 14.80 14.16 11.29 12.23 13.49 12.15 12.79 12.59 11.66 11.22 10.49 10.49 9.56 9.56 8.45 8.66 8.66 8.66 8.66 8.66 8.66 8.66 8.66 8.66 8.66 4.96 5.01 5.01 5.35 5.35 99999.90 99999.90 99999.90 99999.90 99999.90 99999.90 99999.90 99999.90 99999.90 99999.90 99999.90 99999.90 99999.90 99999.90 99999.90 99999.90 99999.90 99999.90 99999.90 99999.90 99999.90 99999.90 99999.90 99999.90 99999.90 99999.90 99999.90 99999.90 99999.90 99999.90 99999.90
17.37 16.46 16.66 16.18 16.63 17.70 17.64 17.69 18.12 17.44 15.61 16.19 15.57 15.07 15.18 14.97 13.02 12.48 10.50 12.17 12.55 11.68 11.73 12.24 11.38 11.21 11.02 9.56 9.56 8.45 8.45 8.45 8.45 8.66 8.66 8.66 8.66 8.66 8.66 8.66 8.66 4.96 4.96 5.01 5.01 99999.90 99999.90 99999.90 99999.90 99999.90 99999.90 99999.90 99999.90 99999.90 99999.90 99999.90 99999.90 99999.90 99999.90 99999.90 99999.90 99999.90 99999.90 99999.90 99999.90 99999.90 99999.90 99999.90 99999.90 99999.90 99999.90 99999.90 99999.90 99999.90 99999.90 99999.90 99999.90
16.39 15.86 15.12 16.20 16.62 16.70 16.38 16.10 16.66 17.28 16.43 16.34 16.13 13.60 13.81 13.05 13.25 12.54 11.41 11.78 11.67 11.83 11.07 11.25 10.98 11.16 10.79 8.80 8.45 8.45 8.45 8.45 8.45 8.45 8.45 8.45 8.66 8.66 8.66 8.66 8.66 4.96 4.96 4.96 99999.90 99999.90 99999.90 99999.90 99999.90 99999.90 99999.90 99999.90 99999.90 99999.90 99999.90 99999.90 99999.90 99999.90 99999.90 99999.90 99999.90 99999.90 99999.90 99999.90 99999.90 99999.90 99999.90 99999.90 99999.90 99999.90 99999.90 99999.90 99999.90 99999.90 99999.90 99999.90 99999.90
16.29 16.59 15.93 15.02 16.41 16.76 15.74 16.24 16.43 15.77 15.36 15.35 17.27 14.30 13.08 12.79 13.02 11.74 11.42 10.81 10.84 12.34 11.06 10.16 10.08 10.17 9.53 8.80 8.45 8.45 8.45 8.45 8.45 8.45 8.45 8.45 8.45 8.45 8.66 8.66 8.66 6.66 99999.90 99999.90 99999.90 99999.90 99999.90 99999.90 99999.90 99999.90 99999.90 99999.90 99999.90 99999.90 99999.90 99999.90 99999.90 99999.90 99999.90 99999.90 99999.90 99999.90 99999.90 99999.90 99999.90 99999.90 99999.90 99999.90 99999.90 99999.90 99999.90 99999.90 99999.90 99999.90 99999.90 99999.90 99999.90
16.76 16.49 16.49 14.24 16.11 17.25 16.10 15.97 15.38 15.30 15.83 17.07 16.03 14.41 12.46 11.63 10.89 10.01 10.25 9.62 10.30 12.12 11.54 9.42 10.08 9.58 9.04 8.32 8.32 8.32 8.45 8.45 8.45 8.45 8.45 8.45 8.45 8.45 8.45 8.66 8.66 6.66 99999.90 99999.90 99999.90 99999.90 99999.90 99999.90 99999.90 99999.90 99999.90 99999.90 99999.90 99999.90 99999.90 99999.90 99999.90 99999.90 99999.90 99999.90 99999.90 99999.90 99999.90 99999.90 99999.90 99999.90 99999.90 99999.90 99999.90 99999.90 99999.90 99999.90 99999.90 99999.90 99999.90 99999.90 99999.90
16.66 17.10 15.90 15.10 15.91 17.15 17.06 16.97 17.23 16.02 15.79 15.94 15.38 14.06 13.17 11.09 9.84 9.46 9.38 8.99 9.49 10.81 11.27 9.42 9.22 9.22 9.13 8.27 8.27 8.27 8.27 8.27 8.45 8.45 8.45 8.45 8.45 8.45 8.45 8.66 8.66 99999.90 99999.90 99999.90 99999.90 99999.90 99999.90 99999.90 99999.90 99999.90 99999.90 99999.90 99999.90 99999.90 99999.90 99999.90 99999.90 99999.90 99999.90 99999.90 99999.90 99999.90 99999.90 99999.90 99999.90 99999.90 99999.90 99999.90 99999.90 99999.90 99999.90 99999.90 99999.90 99999.90 99999.90 99999.90 99999.90
17.06 18.03 16.56 15.53 16.31 17.58 17.68 17.38 17.30 16.22 15.80 15.80 15.58 14.00 11.85 10.66 9.38 8.89 8.73 8.99 9.49 10.40 11.27 11.27 8.76 8.76 8.46 8.27 8.27 8.27 8.27 8.27 8.27 8.27 8.27 8.45 8.45 8.45 8.45 8.66 8.66 99999.90 99999.90 99999.90 99999.90 99999.90 99999.90 99999.90 99999.90 99999.90 99999.90 99999.90 99999.90 99999.90 99999.90 99999.90 99999.90 99999.90 99999.90 99999.90 99999.90 99999.90 99999.90 99999.90 99999.90 99999.90 99999.90 99999.90 99999.90 99999.90 99999.90 99999.90 99999.90 99999.90 99999.90 99999.90 99999.90
16.31 17.63 17.16 15.87 16.23 18.49 18.36 16.32 16.42 15.17 15.26 15.09 14.07 13.86 11.80 10.78 10.18 10.10 9.11 9.11 10.71 10.71 10.71 10.71 9.62 9.62 8.59 8.59 8.59 8.27 8.27 8.27 8.27 8.27 8.27 8.27 8.27 8.27 8.45 18.98 18.98 18.98 99999.90 99999.90 99999.90 99999.90 99999.90 99999.90 99999.90 99999.90 99999.90 99999.90 99999.90 99999.90 99999.90 99999.90 99999.90 99999.90 99999.90 99999.90 99999.90 99999.90 99999.90 99999.90 99999.90 99999.90 99999.90 99999.90 99999.90 99999.90 99999.90 99999.90 99999.90 99999.90 99999.90 99999.90 99999.90
15.70 16.51 16.36 16.13 16.94 17.43 16.47 15.63 15.99 14.51 14.05 14.73 13.38 12.33 11.29 11.24 10.63 10.10 9.11 9.11 10.71 10.71 10.71 10.71 9.62 9.62 8.59 8.59 8.59 8.59 8.59 8.27 8.27 8.27 8.27 8.27 8.27 8.27 18.98 18.98 18.98 18.98 99999.90 99999.90 99999.90 99999.90 99999.90 99999.90 99999.90 99999.90 99999.90 99999.90 99999.90 99999.90 99999.90 99999.90 99999.90 99999.90 99999.90 99999.90 99999.90 99999.90 99999.90 99999.90 99999.90 99999.90 99999.90 99999.90 99999.90 99999.90 99999.90 99999.90 99999.90 99999.90 99999.90 99999.90 99999.90
16.09 15.92 16.90 16.56 16.71 17.76 15.79 15.18 14.80 14.07 14.76 14.49 13.23 12.48 12.49 11.24 10.63 10.63 9.11 9.11 10.71 10.71 10.71 10.71 9.62 9.62 8.59 8.59 8.59 8.59 8.59 8.59 8.59 8.27 8.27 8.27 18.98 18.98 18.98 15.13 15.13 15.13 15.13 15.13 15.13 99999.90 99999.90 99999.90 99999.90 99999.90 99999.90 99999.90 99999.90 99999.90 99999.90 99999.90 99999.90 99999.90 99999.90 99999.90 99999.90 99999.90 99999.90 99999.90 99999.90 99999.90 99999.90 99999.90 99999.90 99999.90 99999.90 99999.90 99999.90 99999.90 99999.90 99999.90 99999.90
17.35 17.40 17.67 16.63 16.76 16.20 14.25 14.31 14.29 15.12 15.90 15.18 13.78 13.57 12.84 12.84 10.49 10.63 10.63 13.74 13.74 13.74 13.74 10.71 9.62 9.62 8.59 8.59 8.59 8.59 8.59 8.59 8.59 18.98 18.98 18.98 18.98 18.98 15.13 15.13 15.13 15.13 15.13 15.13 15.13 99999.90 99999.90 99999.90 99999.90 99999.90 99999.90 99999.90 99999.90 99999.90 99999.90 99999.90 99999.90 99999.90 99999.90 99999.90 99999.90 99999.90 99999.90 99999.90 99999.90 99999.90 99999.90 99999.90 99999.90 99999.90 99999.90 99999.90 99999.90 99999.90 99999.90 99999.90 99999.90
17.28 17.53 17.00 17.01 17.80 15.93 14.43 13.60 13.51 14.94 15.26 15.92 15.00 14.76 12.45 10.49 10.49 10.49 13.74 13.74 13.74 13.74 13.74 13.74 9.62 9.62 8.59 8.59 8.59 8.59 8.59 18.98 18.98 18.98 18.98 18.98 18.98 18.98 15.13 15.13 15.13 15.13 15.13 15.13 15.13 99999.90 99999.90 99999.90 99999.90 99999.90 99999.90 99999.90 99999.90 99999.90 99999.90 99999.90 99999.90 99999.90 99999.90 99999.90 99999.90 99999.90 99999.90 99999.90 99999.90 99999.90 99999.90 99999.90 99999.90 99999.90 99999.90 99999.90 99999.90 99999.90 99999.90 99999.90 99999.90
