main/data/irradiance/17.02.2023.grid
ncols 839
nrows 679
xllcenter 112.0500
yllcenter -43.9500
cellsize 0.0500
nodata_value 99999.90
[rows 476 to 509 of 679, columns 616 to 692 of 839]
20.15 19.55 18.28 19.00 20.67 20.66 21.21 20.38 21.17 20.74 20.07 20.17 20.15 21.44 21.97 20.54 19.73 18.04 18.45 17.63 16.65 19.56 19.32 20.35 19.52 17.54 20.25 19.08 19.43 20.31 19.10 20.81 21.48 21.93 22.15 21.66 22.46 23.06 24.33 22.81 21.72 22.73 23.69 23.54 23.11 23.08 24.89 24.75 24.73 24.26 23.72 24.38 25.30 26.21 25.94 25.92 26.06 25.39 25.53 24.73 24.39 25.15 24.91 24.92 23.09 24.37 24.74 24.87 24.00 24.33 23.13 24.09 25.42 25.40 25.23 24.53 25.12
20.15 20.20 19.38 20.24 21.06 19.59 20.38 20.54 20.61 20.03 21.35 20.98 19.95 19.44 20.46 19.75 17.59 16.97 17.94 17.96 18.43 20.52 20.06 20.24 19.65 17.78 16.14 19.54 19.26 19.14 19.14 19.86 20.22 21.19 21.46 21.16 22.04 23.04 23.54 21.42 21.44 23.08 23.02 23.71 23.04 23.96 24.75 23.52 24.13 24.78 23.44 24.37 25.43 25.15 25.26 24.15 23.91 24.96 24.47 24.69 23.83 25.05 24.99 24.71 23.34 23.67 24.49 24.84 23.41 24.74 24.48 24.76 25.18 24.73 25.80 24.13 25.14
21.19 21.44 20.86 20.77 20.96 20.99 21.23 20.74 19.76 20.66 20.47 19.37 20.18 20.43 21.40 19.76 19.81 20.89 19.53 18.53 18.76 19.43 19.55 19.87 19.53 18.36 18.28 19.69 19.36 20.04 19.43 20.47 20.58 19.99 20.22 19.96 20.34 21.92 22.06 19.45 21.68 22.60 23.26 23.37 22.78 22.50 21.60 22.26 23.46 23.90 24.00 23.54 24.58 25.02 23.67 22.62 23.87 24.34 23.55 24.23 22.96 24.22 24.73 24.23 24.79 24.08 23.56 24.09 23.61 23.87 25.01 24.51 24.65 24.39 25.28 25.94 24.82
22.25 21.76 21.54 20.21 20.86 21.22 21.89 21.69 21.61 22.00 20.94 19.64 19.73 20.41 20.42 19.08 20.09 19.00 19.57 19.15 19.19 18.84 19.56 20.66 20.68 19.88 20.46 19.74 19.76 20.70 21.38 21.03 20.37 20.76 22.81 21.60 20.91 21.10 22.03 21.22 21.50 21.08 22.24 23.09 21.54 21.81 21.38 21.77 23.02 22.04 22.39 22.63 23.47 23.70 24.59 24.27 23.71 23.53 22.96 23.39 23.07 23.58 23.57 23.77 23.03 22.42 23.93 23.60 23.45 23.76 24.96 24.51 25.29 24.99 25.58 26.05 25.39
21.18 20.81 21.15 21.46 21.03 20.53 20.98 20.83 21.68 20.11 21.40 21.41 20.18 20.31 19.59 18.56 19.30 18.64 18.17 17.33 18.24 17.71 17.96 19.87 20.73 19.13 20.47 19.20 19.87 19.90 20.28 20.14 19.25 22.49 24.16 23.42 23.00 22.78 22.44 22.53 21.54 21.04 22.17 22.31 22.36 21.31 20.70 21.13 22.68 22.45 22.22 22.53 22.50 22.50 22.94 23.77 23.35 22.20 23.70 23.82 23.24 23.64 23.87 24.37 22.95 24.17 23.83 23.13 24.23 23.56 24.48 24.50 24.88 23.56 24.02 24.95 25.07
21.82 21.41 22.18 23.19 22.17 21.47 21.55 21.57 21.16 21.69 21.24 21.60 22.30 22.17 20.44 20.35 19.05 17.79 16.98 15.17 17.23 17.92 17.85 17.70 19.35 18.84 20.42 19.17 20.27 18.33 18.13 18.89 19.19 21.67 24.36 23.92 22.62 21.91 22.59 23.77 22.10 21.98 23.27 22.50 22.28 23.09 22.38 22.44 23.42 22.50 22.89 22.82 23.63 23.56 23.34 24.30 24.23 24.22 24.57 23.40 24.66 23.80 23.87 23.57 23.40 24.61 24.91 24.52 22.84 23.54 23.34 24.34 22.89 23.58 24.78 25.65 25.43
21.76 21.28 21.72 22.72 22.66 22.48 21.74 20.69 20.40 21.00 20.40 21.19 22.25 21.61 21.51 20.62 19.69 18.47 18.71 18.76 19.76 17.68 16.57 16.98 17.30 18.17 19.18 17.90 17.82 19.76 19.84 20.62 19.11 20.87 21.73 22.58 21.91 22.01 23.43 23.72 23.90 24.23 24.33 23.68 23.35 24.65 24.63 24.18 23.61 23.61 24.24 24.07 23.66 22.81 23.97 24.80 25.18 25.10 24.76 23.92 22.60 22.28 21.06 21.51 24.20 23.65 24.00 23.90 22.17 22.61 22.61 22.60 22.87 23.74 25.20 24.73 23.73
21.46 21.87 21.92 21.89 21.47 21.82 23.70 21.67 20.67 20.71 20.10 20.07 20.84 20.77 21.77 19.63 20.22 17.31 17.48 18.43 18.59 17.94 17.36 16.88 18.24 17.45 17.85 16.59 16.94 18.81 20.72 21.19 20.50 20.27 19.71 21.34 22.75 23.35 23.25 23.09 22.96 23.84 24.30 23.25 23.01 24.53 25.35 24.37 24.05 24.18 23.12 23.86 23.77 23.56 23.05 24.03 25.05 24.63 25.34 23.86 23.29 23.59 22.89 22.17 24.81 23.43 23.67 22.93 22.68 19.91 21.24 20.87 22.15 23.00 22.00 23.69 24.57
22.97 21.75 22.09 21.44 21.16 21.05 21.56 21.53 21.50 21.99 20.80 20.25 21.08 20.04 20.92 21.02 18.95 17.67 17.22 16.76 17.50 17.41 18.65 18.93 18.99 19.05 19.34 18.26 17.48 18.73 19.09 19.24 20.62 22.15 21.75 20.44 21.75 22.79 23.33 23.50 22.92 23.93 24.48 24.20 23.69 24.10 24.19 25.01 25.33 24.37 23.76 24.47 24.38 23.64 23.73 23.61 25.10 24.98 25.01 24.00 24.19 25.52 24.53 23.34 23.95 23.50 23.40 24.57 24.71 22.91 23.21 23.64 21.82 22.75 22.27 22.88 25.04
22.74 21.96 21.97 21.72 21.79 21.56 21.23 21.34 22.91 22.55 21.60 21.46 20.92 20.80 19.77 19.82 20.64 19.74 18.80 17.43 17.82 18.22 18.57 19.55 18.96 18.81 18.63 19.46 18.11 19.09 18.92 18.53 19.67 22.04 22.02 21.46 21.05 21.94 22.82 22.73 23.05 23.69 24.05 24.50 23.69 23.93 24.01 24.50 23.52 25.14 25.31 24.64 24.75 24.78 23.84 23.54 23.42 23.68 23.28 23.36 23.51 24.04 23.86 24.38 23.49 24.72 24.56 25.25 26.10 25.23 22.15 22.12 21.67 22.43 21.76 22.31 23.16
23.68 23.27 22.16 21.71 20.76 20.21 21.34 21.55 21.75 21.79 21.66 21.21 21.24 21.39 20.31 20.18 21.81 19.22 18.01 17.60 18.23 20.30 20.54 20.04 18.80 18.11 19.11 18.87 19.98 19.61 19.33 19.62 20.76 22.34 22.34 21.31 20.93 22.11 23.58 22.83 23.30 23.06 23.67 22.94 23.71 23.46 23.91 23.40 24.02 22.49 22.98 24.88 24.56 24.98 25.05 24.53 24.56 24.91 24.73 23.65 23.52 24.95 25.94 25.24 24.08 24.73 25.37 26.12 25.98 25.83 25.15 24.12 22.26 22.48 23.10 23.97 25.22
23.75 23.15 22.49 22.55 21.76 21.60 22.32 21.45 21.50 21.32 21.79 21.14 21.31 20.78 20.82 21.68 22.14 20.11 19.22 19.11 19.72 20.17 21.16 19.84 19.10 20.16 21.50 20.62 20.23 19.78 20.47 21.43 21.11 22.03 21.52 20.89 22.50 22.61 22.80 23.19 22.55 23.35 24.03 23.34 24.69 24.33 24.11 23.58 23.40 23.90 24.52 23.30 24.03 25.19 24.33 25.26 25.12 24.89 24.79 24.61 25.64 25.90 25.77 25.40 25.38 26.07 26.22 25.80 26.13 26.37 26.21 25.65 23.55 22.79 23.48 22.76 24.87
23.33 22.98 23.04 23.08 22.97 21.69 22.73 22.88 21.12 21.55 21.68 21.12 21.09 20.84 20.38 21.42 21.91 18.99 19.04 19.11 19.37 19.98 21.96 20.44 21.27 20.72 21.30 21.34 20.96 21.09 22.13 20.73 20.68 20.65 21.81 21.75 22.39 22.90 23.12 22.64 22.73 22.42 23.48 24.49 24.58 24.94 25.54 23.24 22.88 24.33 24.18 24.54 24.74 25.69 24.93 25.19 25.21 25.01 24.81 25.89 25.91 25.51 26.07 25.92 26.70 26.56 26.41 25.83 25.96 26.38 26.41 25.94 25.46 23.34 23.28 22.38 23.52
24.24 23.69 22.57 22.58 24.27 22.57 22.62 22.79 21.52 21.61 22.65 21.40 20.90 21.48 21.24 22.27 21.65 20.27 20.17 21.78 21.53 22.08 22.25 22.64 21.21 21.09 22.28 21.85 21.72 21.92 22.05 21.99 20.83 19.13 21.87 21.80 22.16 22.92 23.86 22.77 21.99 22.79 23.89 24.87 25.01 23.93 25.07 24.42 23.73 24.30 24.58 24.72 25.94 26.30 26.43 25.03 25.32 24.11 24.74 24.61 25.89 26.08 26.28 25.56 26.65 26.43 26.27 26.48 25.80 26.19 26.20 26.04 25.41 23.22 22.70 22.23 23.19
23.02 23.64 24.97 24.64 24.45 23.59 23.23 23.80 23.03 22.49 22.42 22.52 21.60 20.59 21.97 21.45 19.98 20.44 21.37 20.18 22.00 23.92 23.49 23.10 21.29 20.90 22.67 21.34 20.62 21.89 22.00 20.47 22.30 21.23 21.86 23.07 22.89 24.69 25.01 23.44 23.02 24.11 24.17 24.90 25.22 25.24 24.16 24.88 24.97 24.44 24.50 24.91 23.43 25.55 25.25 24.94 25.32 25.86 24.98 24.12 25.13 25.75 25.19 25.93 25.66 25.95 26.58 26.84 26.42 25.63 26.18 26.03 26.22 25.04 23.33 21.66 19.17
23.16 22.94 24.40 26.16 25.34 23.94 23.32 22.72 23.47 22.44 22.40 23.25 21.81 21.21 21.95 20.82 20.49 20.58 20.64 21.15 21.80 23.60 24.10 23.80 23.29 23.28 23.46 23.16 22.50 22.76 22.43 21.99 22.33 23.00 22.88 23.89 22.50 23.68 24.01 25.21 24.35 24.59 24.30 24.16 24.42 24.17 25.36 24.78 24.80 24.10 23.81 24.79 24.34 24.22 24.37 24.75 24.41 23.79 25.01 24.14 24.69 24.57 24.57 25.64 24.76 24.74 25.82 26.15 26.19 26.07 26.36 26.15 25.32 25.18 23.82 23.46 22.17
23.91 23.05 24.75 24.52 24.58 23.08 22.76 22.53 22.72 24.31 24.18 23.11 21.35 21.83 21.66 20.82 20.92 21.31 20.92 20.75 22.35 22.99 24.37 24.15 23.49 23.59 24.30 25.45 25.45 23.94 22.71 23.56 23.35 23.85 23.60 24.07 23.89 23.42 23.76 24.25 24.37 25.20 24.54 24.41 23.72 23.58 23.29 24.80 25.48 24.47 24.37 24.79 25.22 24.96 25.05 24.14 23.70 22.84 23.12 23.57 25.43 25.02 23.81 25.43 25.23 24.93 25.33 26.16 26.37 26.18 26.29 25.96 25.96 25.70 25.35 24.27 22.74
23.72 22.98 24.04 24.29 23.57 23.69 23.62 23.47 23.78 23.65 24.17 23.92 23.19 22.80 22.62 22.88 22.13 21.43 22.98 23.34 22.78 23.56 25.02 24.26 23.18 23.04 23.20 23.91 24.97 24.47 22.48 23.33 23.13 21.83 22.67 22.22 23.16 23.76 23.96 23.41 23.86 23.88 24.42 24.35 23.48 23.36 23.81 21.82 24.76 25.49 25.45 24.87 25.27 25.72 25.64 24.22 24.93 24.31 23.82 22.73 24.05 25.06 24.17 25.31 24.67 25.81 24.87 25.03 25.21 25.87 25.84 26.32 26.26 25.83 25.46 24.14 22.97
24.55 24.76 24.93 24.64 24.63 25.03 25.20 24.59 24.38 24.41 24.72 24.15 24.23 23.52 22.93 23.94 22.82 23.76 24.01 23.35 23.48 24.26 24.39 24.12 24.11 23.43 22.59 22.98 22.70 23.90 24.49 23.74 23.97 23.68 23.15 23.80 23.83 23.55 23.14 22.97 23.78 23.85 24.63 25.27 24.35 23.85 24.39 23.61 25.25 25.04 25.46 25.24 24.85 25.00 25.09 24.47 25.05 24.06 24.05 24.16 22.38 24.56 24.53 25.07 25.34 25.09 25.21 24.83 24.37 25.33 25.72 25.39 25.66 25.64 25.61 24.55 23.41
24.22 24.87 23.82 24.27 24.87 25.11 25.08 25.03 24.90 24.07 24.69 25.27 24.36 22.72 23.64 23.46 23.74 22.15 22.91 23.17 23.87 22.71 24.28 24.72 24.81 24.44 22.99 22.72 21.45 23.83 23.96 24.50 24.20 24.80 23.10 22.39 22.99 23.91 24.27 23.32 23.67 24.81 25.42 25.25 25.06 25.16 24.57 23.65 24.50 25.29 25.20 25.63 24.83 23.35 24.53 25.27 24.23 23.88 22.93 22.68 23.62 24.80 24.21 24.47 24.82 25.13 24.51 24.55 24.23 24.69 25.27 25.95 25.59 25.34 25.95 25.40 23.24
24.36 23.95 23.54 23.81 23.20 25.46 24.73 24.63 25.52 25.14 24.15 24.46 24.57 23.44 22.96 22.52 22.62 21.81 22.00 23.45 23.91 22.89 23.03 22.50 23.36 23.97 21.37 22.43 23.35 23.57 23.58 24.61 24.91 24.39 24.22 23.72 23.80 21.85 22.92 21.49 23.22 24.27 23.69 24.30 24.08 24.65 25.38 23.50 25.41 25.39 25.64 25.59 25.28 23.78 24.34 25.36 23.63 24.85 24.99 22.31 24.26 25.72 24.65 24.78 24.64 24.34 24.30 23.50 24.32 24.92 24.11 25.31 25.06 24.52 23.91 24.92 25.22
24.29 24.08 24.34 24.08 24.02 23.91 25.63 24.47 24.70 25.32 25.06 25.27 23.67 24.54 23.91 23.30 22.71 22.16 22.92 23.86 23.38 23.23 22.67 22.43 22.70 23.09 22.49 22.00 22.34 23.06 23.27 23.23 23.94 25.35 25.40 24.67 23.78 21.91 22.47 22.76 23.05 23.52 23.09 23.04 23.39 23.57 25.21 24.88 23.98 25.10 24.93 25.22 24.53 25.31 23.98 24.59 24.53 24.48 24.59 23.94 25.72 24.51 24.66 24.75 24.33 24.56 23.71 22.85 22.98 22.52 23.56 25.61 24.89 24.56 23.71 24.16 25.03
24.24 24.11 23.68 24.63 23.94 23.45 24.72 23.89 24.87 24.68 24.53 25.72 25.29 25.79 25.68 24.52 23.72 23.58 24.02 24.27 23.83 22.08 21.87 24.44 22.65 22.78 23.59 22.12 21.35 21.81 22.01 21.56 22.41 23.50 24.99 24.36 23.61 23.69 23.50 23.29 22.83 22.82 22.87 23.92 24.92 24.79 25.09 25.16 25.15 25.21 24.86 24.29 23.23 23.98 23.85 23.45 23.98 23.01 23.95 22.47 23.55 22.00 24.25 24.20 24.02 22.76 23.10 22.45 21.38 22.69 24.87 25.76 25.05 24.70 23.43 23.62 24.04
24.12 24.47 23.95 24.15 24.23 23.89 24.09 24.26 24.96 23.88 24.74 25.61 25.99 25.68 25.18 25.03 24.40 24.62 24.28 24.62 24.37 22.65 24.00 24.77 24.24 22.36 23.26 23.63 23.35 22.13 22.37 23.32 23.26 23.54 24.39 23.66 22.27 23.26 23.29 22.82 23.16 22.69 23.66 23.78 24.75 25.39 24.97 24.56 24.82 22.96 23.85 24.25 23.01 23.83 24.17 23.84 24.08 23.46 23.28 23.18 22.64 22.20 23.37 24.40 24.45 22.58 23.10 22.42 22.07 21.52 23.28 23.79 24.02 23.40 23.09 23.12 21.85
24.70 23.40 24.31 23.96 24.09 23.77 24.31 23.37 25.18 24.78 24.78 25.08 25.46 25.85 25.81 25.44 24.97 25.22 25.38 24.77 24.74 24.25 23.71 22.67 23.20 22.76 23.35 22.24 22.35 22.23 22.86 22.99 23.68 21.81 22.22 23.95 22.80 23.35 22.69 22.54 22.42 23.24 22.69 23.82 24.85 25.47 24.97 23.91 22.98 23.72 24.17 23.20 24.11 24.34 25.06 24.14 25.00 22.19 23.49 23.20 20.82 23.09 23.81 23.60 24.39 22.78 22.83 23.21 22.36 20.50 21.51 23.68 21.67 22.08 20.83 21.86 20.99
25.03 24.52 23.81 24.55 24.55 23.25 24.47 23.60 23.93 24.42 25.02 24.81 24.50 24.01 25.03 25.45 25.47 25.72 25.65 25.57 25.28 25.01 25.44 24.67 23.81 24.20 23.42 23.91 22.71 22.22 24.17 22.26 23.69 24.64 23.73 22.40 23.72 24.31 23.81 20.74 21.63 22.36 22.41 23.09 22.28 23.56 23.54 24.09 24.03 23.50 23.22 23.37 22.86 23.70 24.92 24.77 23.67 22.32 22.33 23.50 20.36 21.24 22.55 23.24 23.02 23.24 21.93 21.80 21.69 19.83 20.94 21.76 22.68 23.21 20.81 23.53 22.59
24.84 25.02 24.91 24.31 23.97 23.77 23.23 23.42 22.97 23.28 25.24 24.91 24.15 24.33 24.10 24.75 25.29 25.03 25.02 25.24 24.88 23.98 25.57 25.38 24.78 25.01 25.07 24.94 23.56 21.49 24.62 23.65 23.55 25.37 25.07 23.48 23.13 24.21 24.68 24.28 23.35 22.21 22.56 22.44 21.99 22.05 23.18 22.38 22.14 23.96 23.99 23.88 24.42 24.92 25.14 25.24 22.09 23.00 21.80 20.99 20.92 21.46 21.19 23.49 22.67 22.34 22.09 22.10 19.92 19.93 20.53 23.27 23.79 21.29 21.41 22.99 23.91
25.11 25.03 24.67 25.12 24.34 23.31 24.04 24.48 24.13 23.05 24.09 24.67 24.38 23.58 23.11 23.61 24.18 25.21 25.29 25.20 25.55 24.97 25.07 25.29 25.15 25.62 25.47 25.31 24.94 25.00 24.70 24.10 23.96 25.16 24.64 23.72 24.20 23.93 23.14 23.44 22.88 23.26 23.54 23.05 20.61 20.90 23.12 23.20 22.81 22.90 23.97 23.55 22.91 24.15 24.30 24.95 23.81 23.93 23.94 21.02 19.21 21.73 22.10 24.60 23.17 21.88 22.46 22.73 20.26 21.08 22.75 24.33 22.56 23.50 22.74 24.21 25.64
23.61 24.59 23.73 24.97 24.33 24.23 24.67 24.45 24.61 23.02 22.98 24.40 24.69 24.58 24.07 24.28 23.78 24.16 24.99 24.74 25.39 25.78 25.39 25.56 25.75 25.34 25.16 25.28 25.20 24.33 23.84 23.45 24.29 22.47 23.56 23.85 23.32 22.97 23.68 24.53 23.05 21.86 22.00 23.26 22.11 23.48 22.55 22.58 22.40 22.60 23.06 23.79 22.91 24.27 24.81 25.39 24.17 24.23 24.36 22.36 20.75 21.47 21.47 21.60 22.82 23.58 23.78 22.51 22.23 22.06 22.95 24.61 24.73 23.92 24.08 24.67 24.46
23.06 24.74 23.38 24.99 24.36 24.73 25.03 24.80 23.82 24.32 24.07 25.11 24.28 24.35 24.93 24.65 24.74 24.47 24.55 24.52 25.35 25.72 25.94 25.68 25.71 25.16 24.80 24.68 24.05 24.34 23.94 24.88 24.57 23.62 23.44 23.61 22.72 21.93 22.36 22.65 22.58 23.58 23.52 23.15 22.59 23.09 21.48 22.95 22.51 21.87 22.29 24.65 23.92 23.51 24.99 24.76 23.51 24.17 23.77 22.55 22.97 21.44 23.07 20.80 22.76 24.22 24.30 23.80 23.63 23.95 25.19 24.54 24.33 24.65 26.15 25.57 24.94
23.37 23.89 24.42 24.52 24.60 24.62 24.91 25.28 24.25 24.66 24.13 24.98 24.05 24.89 25.01 24.12 24.48 24.91 24.53 25.17 25.50 25.04 25.75 25.74 26.37 26.22 25.81 25.33 25.06 25.37 25.08 25.71 25.31 24.82 24.07 24.04 24.84 22.78 22.70 23.66 24.19 24.24 24.88 23.17 22.68 22.76 23.40 24.07 23.46 22.27 22.51 24.92 24.19 24.80 25.08 24.92 23.41 23.19 23.67 22.92 23.87 23.07 21.45 22.50 23.18 22.90 23.95 24.14 25.58 25.13 24.55 24.85 23.74 24.35 25.03 25.60 25.44
21.25 24.53 24.21 25.31 25.25 24.86 25.11 25.86 25.44 24.92 24.55 24.27 24.51 25.04 25.48 24.77 24.18 25.23 24.85 25.56 25.67 25.31 25.29 25.41 26.09 26.00 26.37 25.60 25.94 25.47 25.04 25.19 26.10 25.39 25.83 24.09 25.48 24.71 22.57 24.14 24.35 22.61 22.79 24.22 23.19 23.84 23.43 24.94 24.47 23.37 23.34 22.34 22.88 24.17 25.66 24.69 23.30 23.05 23.60 23.80 23.19 21.15 21.92 23.83 23.35 23.99 23.40 24.00 24.92 24.19 24.20 24.16 24.12 25.26 24.18 24.78 24.95
20.58 24.91 25.34 25.67 25.32 25.20 24.87 24.99 24.75 24.90 24.66 24.99 24.08 22.99 25.00 25.07 24.80 25.42 24.21 24.77 25.05 25.68 25.44 24.13 24.11 25.57 25.36 26.05 25.66 26.21 25.71 25.91 25.85 25.19 25.63 25.65 24.98 24.61 23.88 23.10 23.27 23.00 21.12 23.37 24.93 23.91 23.85 23.47 24.39 24.68 23.61 22.90 23.20 23.92 24.10 24.23 24.82 24.72 24.68 24.47 23.11 24.04 23.20 22.48 23.35 24.07 23.27 23.91 24.49 23.93 24.10 24.51 24.81 25.13 25.33 24.90 24.30
25.40 25.66 25.83 24.91 25.08 24.91 24.93 24.96 24.42 23.82 24.30 24.94 24.30 24.25 25.17 24.54 25.74 23.94 24.06 24.16 24.33 25.76 25.61 24.60 25.06 25.38 25.37 25.83 24.30 25.90 25.59 25.50 25.41 25.51 24.78 25.09 24.78 25.93 25.46 24.81 24.02 24.18 22.63 22.45 24.31 24.29 23.34 22.93 24.83 24.47 23.87 24.65 23.93 24.59 24.72 24.53 24.76 24.60 25.27 24.47 23.55 23.07 19.84 21.71 23.56 24.22 24.17 24.07 24.31 24.15 23.51 24.55 25.24 25.10 25.09 24.83 24.72
