main/data/irradiance/17.07.2023.grid
ncols 839
nrows 679
xllcenter 112.0500
yllcenter -43.9500
cellsize 0.0500
nodata_value 99999.90
[rows 170 to 203 of 679, columns 308 to 384 of 839]
18.69 18.69 18.69 18.67 18.67 18.68 18.68 18.66 18.66 18.66 18.67 18.67 18.66 18.66 18.66 18.68 18.68 18.68 18.68 18.69 18.69 18.69 18.69 18.68 18.64 18.61 18.65 18.68 18.67 18.64 18.62 18.63 18.64 18.65 18.63 18.61 18.63 18.63 18.63 18.64 18.63 18.63 18.63 18.63 18.64 18.63 18.63 18.63 18.65 18.64 18.64 18.64 18.64 18.63 18.56 18.58 18.63 18.63 18.62 18.63 18.65 18.65 18.65 18.65 18.65 18.62 18.61 18.59 18.62 18.63 18.64 18.63 18.62 18.63 18.63 18.63 18.64
18.67 18.67 18.65 18.65 18.67 18.66 18.65 18.64 18.63 18.64 18.64 18.63 18.61 18.62 18.63 18.65 18.64 18.64 18.67 18.66 18.66 18.67 18.66 18.65 18.56 18.55 18.53 18.67 18.66 18.63 18.61 18.62 18.62 18.62 18.62 18.60 18.61 18.61 18.61 18.63 18.62 18.60 18.60 18.61 18.61 18.60 18.61 18.62 18.63 18.64 18.63 18.61 18.62 18.62 18.60 18.61 18.62 18.62 18.61 18.62 18.62 18.61 18.64 18.65 18.63 18.62 18.63 18.62 18.63 18.61 18.60 18.59 18.59 18.61 18.60 18.60 18.61
18.64 18.65 18.63 18.63 18.64 18.64 18.63 18.62 18.59 18.59 18.60 18.60 18.59 18.60 18.60 18.61 18.62 18.62 18.64 18.64 18.64 18.63 18.62 18.59 18.61 18.61 18.60 18.60 18.60 18.60 18.60 18.59 18.59 18.59 18.59 18.59 18.60 18.60 18.59 18.61 18.61 18.60 18.59 18.61 18.61 18.59 18.59 18.60 18.60 18.62 18.62 18.61 18.60 18.59 18.60 18.59 18.59 18.60 18.60 18.60 18.61 18.59 18.59 18.60 18.62 18.61 18.60 18.59 18.60 18.60 18.59 18.59 18.60 18.60 18.59 18.59 18.59
18.64 18.62 18.60 18.62 18.62 18.60 18.60 18.60 18.59 18.57 18.57 18.58 18.58 18.58 18.58 18.59 18.59 18.59 18.61 18.62 18.62 18.57 18.56 18.59 18.59 18.59 18.58 18.57 18.58 18.58 18.58 18.57 18.58 18.56 18.56 18.55 18.56 18.57 18.57 18.57 18.57 18.56 18.57 18.58 18.57 18.57 18.55 18.56 18.59 18.58 18.58 18.59 18.58 18.56 18.56 18.57 18.57 18.58 18.58 18.58 18.57 18.57 18.57 18.58 18.58 18.56 18.56 18.56 18.56 18.56 18.56 18.56 18.56 18.56 18.57 18.55 18.55
18.62 18.61 18.59 18.60 18.60 18.57 18.59 18.59 18.60 18.56 18.57 18.57 18.58 18.58 18.59 18.58 18.57 18.57 18.56 18.56 18.55 18.55 18.56 18.57 18.58 18.57 18.56 18.55 18.55 18.56 18.56 18.55 18.56 18.55 18.55 18.54 18.56 18.56 18.54 18.54 18.55 18.55 18.56 18.56 18.55 18.54 18.55 18.55 18.55 18.55 18.56 18.56 18.53 18.55 18.55 18.55 18.56 18.55 18.56 18.55 18.55 18.55 18.55 18.58 18.59 18.58 18.58 18.57 18.58 18.57 18.54 18.54 18.56 18.56 18.56 18.56 18.56
18.58 18.60 18.58 18.59 18.58 18.56 18.57 18.56 18.56 18.55 18.54 18.55 18.56 18.57 18.57 18.56 18.55 18.53 18.52 18.53 18.55 18.56 18.54 18.55 18.55 18.55 18.56 18.56 18.56 18.55 18.55 18.54 18.54 18.54 18.54 18.54 18.54 18.54 18.54 18.52 18.52 18.51 18.52 18.53 18.52 18.53 18.53 18.54 18.54 18.54 18.54 18.54 18.55 18.54 18.55 18.54 18.54 18.54 18.55 18.54 18.54 18.54 18.56 18.55 18.57 18.57 18.55 18.53 18.54 18.55 18.53 18.52 18.54 18.54 18.53 18.53 18.53
18.54 18.57 18.57 18.57 18.56 18.57 18.56 18.56 18.55 18.55 18.52 18.54 18.54 18.53 18.55 18.55 18.53 18.50 18.51 18.52 18.52 18.53 18.54 18.54 18.53 18.54 18.54 18.54 18.54 18.53 18.54 18.53 18.52 18.52 18.52 18.52 18.52 18.51 18.51 18.52 18.50 18.50 18.51 18.50 18.52 18.52 18.49 18.50 18.51 18.53 18.53 18.53 18.52 18.52 18.53 18.52 18.54 18.52 18.52 18.52 18.51 18.51 18.53 18.53 18.53 18.55 18.55 18.53 18.53 18.52 18.51 18.50 18.47 18.48 18.51 18.51 18.51
18.55 18.55 18.55 18.55 18.53 18.53 18.53 18.53 18.53 18.53 18.51 18.52 18.50 18.50 18.50 18.52 18.50 18.50 18.51 18.51 18.52 18.51 18.52 18.53 18.53 18.52 18.53 18.53 18.52 18.53 18.52 18.50 18.50 18.50 18.50 18.50 18.50 18.50 18.51 18.50 18.49 18.48 18.49 18.49 18.51 18.51 18.50 18.49 18.50 18.51 18.51 18.51 18.50 18.50 18.51 18.49 18.51 18.52 18.51 18.52 18.50 18.48 18.50 18.52 18.51 18.50 18.52 18.50 18.44 18.48 18.48 18.49 18.49 18.50 18.49 18.50 18.48
18.51 18.51 18.51 18.49 18.50 18.52 18.51 18.51 18.51 18.51 18.52 18.49 18.48 18.46 18.50 18.49 18.47 18.48 18.48 18.49 18.49 18.49 18.49 18.49 18.50 18.50 18.50 18.51 18.50 18.49 18.49 18.48 18.49 18.48 18.48 18.49 18.48 18.49 18.49 18.46 18.46 18.47 18.46 18.45 18.45 18.46 18.46 18.47 18.48 18.48 18.47 18.46 18.47 18.48 18.47 18.46 18.48 18.48 18.48 18.47 18.46 18.47 18.50 18.51 18.49 18.47 18.49 18.48 18.47 18.45 18.47 18.47 18.48 18.47 18.47 18.46 18.46
18.48 18.47 18.49 18.48 18.48 18.47 18.49 18.49 18.49 18.50 18.49 18.44 18.46 18.45 18.46 18.48 18.48 18.46 18.47 18.48 18.48 18.48 18.47 18.46 18.47 18.46 18.47 18.48 18.49 18.47 18.47 18.46 18.46 18.45 18.46 18.47 18.45 18.45 18.45 18.46 18.45 18.43 18.43 18.43 18.44 18.44 18.44 18.44 18.45 18.46 18.46 18.45 18.46 18.45 18.45 18.45 18.47 18.46 18.46 18.45 18.45 18.46 18.46 18.46 18.46 18.45 18.47 18.44 18.43 18.37 18.44 18.44 18.44 18.44 18.43 18.44 18.44
18.46 18.44 18.44 18.44 18.46 18.45 18.47 18.48 18.49 18.49 18.45 18.46 18.44 18.45 18.44 18.46 18.48 18.44 18.44 18.46 18.47 18.46 18.45 18.46 18.47 18.46 18.47 18.47 18.47 18.46 18.46 18.47 18.46 18.44 18.45 18.45 18.44 18.43 18.44 18.43 18.42 18.41 18.42 18.42 18.42 18.42 18.42 18.42 18.41 18.42 18.44 18.44 18.43 18.43 18.43 18.42 18.44 18.44 18.43 18.45 18.45 18.45 18.44 18.44 18.44 18.44 18.44 18.43 18.42 18.42 18.42 18.42 18.42 18.42 18.41 18.41 18.42
18.44 18.44 18.41 18.44 18.44 18.44 18.44 18.47 18.47 18.44 18.44 18.43 18.40 18.42 18.43 18.44 18.45 18.42 18.42 18.44 18.45 18.46 18.45 18.45 18.45 18.45 18.44 18.44 18.44 18.42 18.41 18.42 18.43 18.42 18.41 18.42 18.42 18.42 18.42 18.39 18.39 18.40 18.40 18.40 18.40 18.40 18.41 18.41 18.40 18.41 18.44 18.42 18.42 18.41 18.41 18.40 18.41 18.42 18.43 18.43 18.41 18.40 18.39 18.40 18.40 18.40 18.40 18.39 18.39 18.39 18.38 18.38 18.40 18.40 18.40 18.40 18.41
18.44 18.44 18.43 18.44 18.43 18.40 18.42 18.46 18.43 18.42 18.42 18.41 18.42 18.40 18.42 18.42 18.42 18.38 18.40 18.42 18.43 18.43 18.42 18.43 18.43 18.42 18.41 18.41 18.41 18.40 18.39 18.40 18.41 18.40 18.39 18.39 18.40 18.40 18.40 18.39 18.39 18.39 18.37 18.38 18.39 18.38 18.39 18.39 18.38 18.41 18.40 18.39 18.39 18.39 18.38 18.38 18.39 18.39 18.40 18.40 18.39 18.39 18.38 18.38 18.38 18.38 18.36 18.35 18.36 18.36 18.34 18.37 18.39 18.38 18.38 18.38 18.38
18.40 18.40 18.40 18.41 18.38 18.36 18.39 18.41 18.40 18.40 18.40 18.40 18.40 18.39 18.39 18.38 18.39 18.39 18.39 18.40 18.41 18.41 18.40 18.41 18.40 18.40 18.39 18.39 18.39 18.38 18.37 18.37 18.38 18.37 18.37 18.38 18.37 18.37 18.39 18.39 18.38 18.36 18.36 18.36 18.37 18.37 18.36 18.36 18.36 18.38 18.38 18.37 18.38 18.36 18.36 18.37 18.38 18.36 18.35 18.36 18.38 18.39 18.37 18.36 18.36 18.37 18.36 18.34 18.34 18.34 18.30 18.35 18.36 18.36 18.37 18.36 18.36
18.38 18.38 18.40 18.39 18.39 18.37 18.38 18.39 18.39 18.39 18.39 18.38 18.36 18.39 18.37 18.37 18.37 18.37 18.36 18.36 18.38 18.37 18.37 18.38 18.38 18.37 18.37 18.38 18.37 18.36 18.36 18.36 18.36 18.37 18.36 18.36 18.36 18.36 18.36 18.36 18.35 18.35 18.34 18.34 18.35 18.34 18.34 18.34 18.34 18.34 18.35 18.35 18.35 18.34 18.33 18.34 18.34 18.33 18.33 18.34 18.35 18.35 18.34 18.34 18.34 18.35 18.35 18.36 18.36 18.34 18.34 18.33 18.33 18.35 18.34 18.34 18.35
18.37 18.37 18.38 18.37 18.36 18.36 18.36 18.36 18.36 18.38 18.39 18.37 18.36 18.38 18.36 18.37 18.35 18.35 18.35 18.35 18.36 18.34 18.35 18.36 18.36 18.35 18.35 18.35 18.35 18.34 18.34 18.32 18.32 18.32 18.34 18.34 18.34 18.35 18.34 18.33 18.34 18.33 18.32 18.35 18.33 18.33 18.33 18.33 18.32 18.32 18.34 18.32 18.32 18.33 18.31 18.31 18.33 18.32 18.32 18.32 18.33 18.32 18.33 18.32 18.34 18.33 18.34 18.34 18.34 18.33 18.32 18.31 18.31 18.33 18.34 18.33 18.33
18.38 18.37 18.36 18.36 18.35 18.34 18.34 18.33 18.29 18.40 18.40 18.37 18.37 18.36 18.36 18.33 18.33 18.33 18.33 18.33 18.34 18.33 18.34 18.33 18.34 18.35 18.34 18.33 18.32 18.33 18.32 18.32 18.32 18.31 18.31 18.33 18.32 18.33 18.33 18.31 18.30 18.29 18.30 18.32 18.31 18.30 18.29 18.30 18.30 18.30 18.31 18.29 18.29 18.30 18.30 18.29 18.31 18.31 18.30 18.31 18.31 18.30 18.30 18.31 18.31 18.30 18.31 18.31 18.31 18.31 18.31 18.30 18.32 18.32 18.32 18.31 18.31
18.35 18.35 18.35 18.33 18.32 18.32 18.35 18.36 18.38 18.38 18.37 18.36 18.35 18.36 18.35 18.32 18.33 18.32 18.33 18.33 18.32 18.32 18.32 18.33 18.32 18.33 18.33 18.32 18.31 18.32 18.31 18.31 18.31 18.29 18.28 18.30 18.29 18.29 18.29 18.30 18.30 18.28 18.30 18.28 18.28 18.30 18.26 18.28 18.28 18.28 18.28 18.29 18.28 18.27 18.27 18.28 18.28 18.29 18.28 18.29 18.29 18.29 18.29 18.30 18.30 18.29 18.29 18.13 18.28 18.29 18.30 18.30 18.29 18.29 18.29 18.29 18.29
18.34 18.32 18.31 18.32 18.32 18.32 18.34 18.36 18.36 18.38 18.37 18.34 18.34 18.33 18.32 18.32 18.30 18.30 18.30 18.30 18.30 18.31 18.31 18.31 18.31 18.32 18.30 18.30 18.30 18.31 18.29 18.29 18.30 18.29 18.28 18.28 18.27 18.27 18.27 18.28 18.27 18.26 18.26 18.26 18.26 18.25 18.25 18.25 18.25 18.25 18.26 18.26 18.27 18.26 18.26 18.26 18.26 18.25 18.26 18.26 18.27 18.28 18.28 18.27 18.28 18.28 18.27 18.27 18.28 18.27 18.27 18.26 18.26 18.26 18.27 18.27 18.27
18.34 18.32 18.31 18.32 18.31 18.30 18.32 18.35 18.36 18.34 18.33 18.32 18.33 18.30 18.30 18.29 18.28 18.28 18.29 18.29 18.29 18.30 18.29 18.31 18.30 18.31 18.31 18.27 18.26 18.28 18.27 18.27 18.27 18.27 18.26 18.26 18.27 18.25 18.25 18.26 18.26 18.25 18.24 18.24 18.24 18.23 18.23 18.23 18.24 18.23 18.24 18.25 18.25 18.24 18.24 18.24 18.24 18.24 18.23 18.24 18.24 18.24 18.23 18.24 18.24 18.24 18.25 18.25 18.25 18.25 18.25 18.25 18.25 18.25 18.25 18.25 18.25
18.29 18.29 18.28 18.30 18.28 18.28 18.30 18.31 18.29 18.29 18.29 18.30 18.28 18.27 18.27 18.28 18.29 18.27 18.27 18.26 18.26 18.25 18.25 18.27 18.29 18.29 18.28 18.25 18.26 18.26 18.25 18.25 18.27 18.25 18.25 18.26 18.27 18.24 18.24 18.21 18.21 18.23 18.23 18.22 18.25 18.21 18.20 18.21 18.21 18.21 18.21 18.21 18.22 18.21 18.21 18.22 18.22 18.22 18.22 18.23 18.23 18.23 18.23 18.23 18.22 18.22 18.23 18.23 18.23 18.22 18.22 18.21 18.22 18.21 18.22 18.22 18.23
18.28 18.27 18.26 18.26 18.26 18.26 18.27 18.28 18.27 18.27 18.27 18.27 18.25 18.26 18.27 18.27 18.28 18.26 18.26 18.26 18.26 18.25 18.25 18.24 18.24 18.24 18.24 18.23 18.24 18.22 18.22 18.23 18.24 18.22 18.23 18.22 18.24 18.23 18.24 18.21 18.22 18.22 18.22 18.21 18.21 18.20 18.20 18.20 18.21 18.20 18.20 18.20 18.19 18.19 18.19 18.20 18.19 18.19 18.20 18.21 18.21 18.21 18.20 18.20 18.20 18.20 18.20 18.21 18.21 18.20 18.20 18.21 18.21 18.20 18.20 18.22 18.22
18.28 18.27 18.25 18.25 18.25 18.25 18.26 18.27 18.28 18.29 18.26 18.25 18.24 18.24 18.24 18.24 18.25 18.25 18.22 18.23 18.24 18.24 18.23 18.24 18.24 18.22 18.21 18.21 18.22 18.21 18.22 18.24 18.23 18.22 18.21 18.21 18.22 18.22 18.21 18.21 18.21 18.20 18.19 18.19 18.20 18.18 18.18 18.18 18.19 18.18 18.19 18.19 18.18 18.18 18.18 18.18 18.18 18.18 18.19 18.20 18.19 18.19 18.18 18.18 18.19 18.19 18.19 18.18 18.20 18.18 18.19 18.19 18.18 18.18 18.19 18.18 18.19
18.21 18.22 18.21 18.23 18.23 18.26 18.25 18.24 18.27 18.25 18.25 18.24 18.23 18.22 18.23 18.23 18.23 18.23 18.20 18.21 18.21 18.21 18.21 18.19 18.19 18.18 18.18 18.18 18.18 18.17 18.19 18.21 18.19 18.19 18.19 18.20 18.20 18.20 18.19 18.18 18.18 18.17 18.18 18.18 18.18 18.16 18.18 18.17 18.18 18.17 18.17 18.16 18.15 18.15 18.16 18.15 18.16 18.16 18.16 18.17 18.17 18.17 18.16 18.15 18.16 18.15 18.16 18.18 18.18 18.18 18.19 18.19 18.19 18.18 18.16 18.16 18.17
18.21 18.21 18.23 18.24 18.25 18.24 18.24 18.22 18.23 18.21 18.21 18.22 18.21 18.21 18.20 18.21 18.21 18.21 18.21 18.19 18.19 18.18 18.19 18.18 18.17 18.16 18.16 18.16 18.16 18.16 18.17 18.19 18.18 18.17 18.17 18.18 18.17 18.16 18.16 18.15 18.17 18.16 18.16 18.16 18.16 18.15 18.15 18.15 18.15 18.14 18.15 18.14 18.14 18.14 18.14 18.14 18.14 18.14 18.15 18.14 18.15 18.15 18.14 18.14 18.15 18.15 18.15 18.15 18.16 18.16 18.16 18.16 18.17 18.16 18.16 18.16 18.17
18.20 18.16 18.24 18.23 18.23 18.22 18.20 18.20 18.21 18.18 18.21 18.21 18.22 18.21 18.18 18.19 18.18 18.18 18.18 18.17 18.17 18.17 18.16 18.16 18.16 18.15 18.15 18.15 18.16 18.14 18.13 18.14 18.15 18.15 18.14 18.13 18.14 18.13 18.14 18.14 18.14 18.14 18.14 18.14 18.13 18.13 18.13 18.13 18.13 18.13 18.13 18.13 18.13 18.12 18.12 18.12 18.12 18.11 18.12 18.09 18.12 18.12 18.10 18.12 18.09 18.01 18.04 18.14 18.15 18.15 18.15 18.15 18.15 18.15 18.15 18.16 18.16
18.17 18.17 18.19 18.21 18.21 18.20 18.20 18.20 18.21 18.16 18.19 18.20 18.21 18.18 18.15 18.17 18.16 18.16 18.16 18.12 18.13 18.14 18.14 18.15 18.15 18.13 18.14 18.13 18.14 18.12 18.12 18.12 18.15 18.13 18.12 18.13 18.10 18.09 18.11 18.12 18.11 18.11 18.11 18.10 18.10 18.12 18.12 18.11 18.10 18.10 18.11 18.10 18.12 18.11 18.10 18.10 18.10 18.09 18.09 18.07 18.08 18.07 18.07 18.11 18.11 18.12 18.11 18.13 18.13 18.13 18.11 18.12 18.14 18.15 18.15 18.15 18.14
18.15 18.14 18.14 18.14 18.16 18.18 18.16 18.15 18.16 18.14 18.13 18.17 18.19 18.16 18.15 18.16 18.16 18.14 18.13 18.14 18.11 18.12 18.11 18.11 18.11 18.10 18.10 18.10 18.10 18.10 18.09 18.10 18.11 18.09 18.09 18.10 18.09 18.07 18.07 18.07 18.08 18.08 18.08 18.09 18.10 18.10 18.09 18.09 18.08 18.09 18.08 18.08 18.09 18.09 18.08 18.07 18.06 18.05 18.06 18.07 18.06 18.08 18.08 18.08 18.09 18.09 18.10 18.11 18.11 18.10 18.10 18.12 18.13 18.13 18.13 18.12 18.12
18.13 18.12 18.11 18.12 18.13 18.13 18.12 18.12 18.12 18.13 18.11 18.13 18.13 18.14 18.13 18.14 18.15 18.12 18.11 18.12 18.08 18.09 18.08 18.09 18.08 18.08 18.09 18.08 18.08 18.07 18.08 18.09 18.08 18.07 18.08 18.08 18.08 18.06 18.05 18.05 18.05 18.05 18.06 18.07 18.08 18.06 18.06 18.05 18.06 18.07 18.07 18.08 18.08 18.07 18.06 18.06 18.04 18.04 18.07 18.06 18.08 18.07 18.08 18.07 18.08 18.08 18.07 18.07 18.09 18.09 18.09 18.10 18.10 18.10 18.10 18.10 18.10
18.12 18.09 18.09 18.10 18.10 18.10 18.09 18.09 18.09 18.10 18.10 18.09 18.09 18.10 18.10 18.11 18.12 18.10 18.10 18.09 18.10 18.07 18.06 18.07 18.07 18.06 18.07 18.06 18.06 18.05 18.05 18.07 18.05 18.04 18.05 18.06 18.06 18.05 18.05 18.05 18.04 18.04 18.05 18.05 18.06 18.04 18.04 18.03 18.04 18.04 18.04 18.06 18.05 18.04 18.04 18.03 18.03 18.04 18.04 18.05 18.07 18.06 18.05 18.05 18.06 18.07 18.06 18.07 18.08 18.08 18.08 18.08 18.08 18.09 18.08 18.08 18.09
18.09 18.08 18.06 18.08 18.07 18.09 18.09 18.08 18.07 18.08 18.07 18.07 18.07 18.08 18.07 18.08 18.09 18.07 18.07 18.07 18.07 18.06 18.06 18.06 18.06 18.05 18.05 18.05 18.05 18.04 18.03 18.03 18.04 18.04 18.04 18.04 18.03 18.02 18.03 18.02 18.03 18.02 18.02 18.03 18.02 18.01 18.01 18.01 18.02 18.02 18.02 18.03 18.02 18.03 18.04 18.03 18.01 18.02 18.03 18.03 18.03 18.03 18.03 18.03 18.04 18.04 18.04 18.04 18.05 18.06 18.05 18.04 18.05 18.05 18.05 18.05 18.07
18.08 18.06 18.05 18.06 18.06 18.05 18.05 18.05 18.04 18.04 18.04 18.06 18.06 18.06 18.08 18.06 18.07 18.06 18.05 18.06 18.06 18.06 18.03 18.03 18.04 18.03 18.03 18.02 18.01 18.01 18.01 18.01 18.00 18.00 18.01 18.01 18.01 18.00 18.01 18.01 18.00 18.00 17.99 18.02 18.00 17.99 17.99 17.99 18.00 17.99 17.98 17.99 17.99 17.99 18.01 18.00 18.00 18.00 18.01 18.01 18.01 18.02 18.01 18.01 18.01 18.01 18.02 18.03 18.04 18.01 18.00 18.01 18.02 18.02 18.03 18.04 18.05
18.06 18.02 18.05 18.05 18.05 18.04 18.04 18.03 18.02 18.01 18.03 18.03 18.04 18.04 18.06 18.06 18.05 18.05 18.03 18.03 18.04 18.03 18.00 18.02 18.02 18.01 18.01 18.02 18.01 18.00 18.00 17.99 17.99 17.98 17.98 18.00 17.99 17.98 17.98 17.98 17.98 18.00 18.00 17.99 18.00 17.97 17.97 17.96 17.97 17.97 17.97 17.97 17.97 17.98 17.97 17.98 17.98 17.99 17.99 17.98 17.98 17.99 17.99 17.99 18.00 18.00 18.00 17.99 17.99 17.98 17.99 17.99 18.01 18.01 18.01 18.03 18.03
17.93 17.94 18.03 18.03 18.02 18.02 18.02 18.01 18.01 17.99 18.00 18.01 18.02 18.02 18.02 18.03 18.03 18.03 18.01 18.00 18.02 18.03 18.03 17.98 18.00 17.98 17.98 17.99 17.98 17.98 17.98 17.97 17.96 17.96 17.97 17.97 17.98 17.97 17.97 17.96 17.96 17.97 17.97 17.97 17.97 17.96 17.95 17.95 17.96 17.96 17.95 17.95 17.95 17.94 17.94 17.96 17.97 17.97 17.97 17.96 17.97 17.97 17.97 17.98 17.98 17.98 17.99 17.98 17.97 17.97 17.98 17.99 17.99 17.99 18.00 18.01 18.01
