main/data/irradiance/17.08.2023.grid
ncols 839
nrows 679
xllcenter 112.0500
yllcenter -43.9500
cellsize 0.0500
nodata_value 99999.90
[rows 170 to 203 of 679, columns 234 to 311 of 839]
21.13 21.10 21.14 21.12 21.13 21.13 21.08 21.06 20.99 20.99 20.94 20.93 20.88 20.87 20.93 20.97 20.95 20.96 20.93 20.88 20.86 20.86 20.86 20.92 20.83 20.80 20.83 20.77 20.82 20.90 21.12 21.19 21.23 21.36 21.36 21.24 20.95 20.98 21.02 21.00 21.04 21.06 21.04 20.99 21.01 20.97 21.01 21.09 21.07 21.05 21.04 21.08 21.11 21.13 21.13 21.11 21.11 21.11 21.07 21.13 21.12 21.15 21.06 21.05 21.05 21.13 21.16 21.08 21.11 21.11 21.11 21.07 21.09 21.13 21.15 21.14 21.18 21.11
21.15 21.11 21.10 21.11 21.08 21.09 21.06 21.00 21.00 21.06 20.98 20.89 20.94 20.95 20.91 20.92 21.00 21.01 20.97 20.93 20.87 20.84 20.92 20.88 20.85 20.84 20.84 20.81 20.83 20.79 20.95 21.06 20.91 21.24 21.33 21.28 20.92 20.94 21.08 21.10 21.02 21.03 21.07 21.02 20.97 20.97 20.98 21.07 21.09 21.03 21.10 21.05 21.06 20.99 21.10 21.07 21.06 21.05 21.03 21.12 21.12 21.11 21.07 20.99 21.01 21.04 21.06 21.07 21.11 21.14 21.12 21.01 21.09 21.12 21.10 21.13 21.12 21.11
21.13 21.08 21.10 21.13 21.10 21.09 21.09 21.03 21.01 20.99 20.95 20.93 20.94 20.96 20.93 20.90 21.02 21.03 21.01 20.94 20.88 20.80 20.91 20.90 20.95 20.84 20.86 20.88 20.83 20.91 20.88 20.83 20.88 20.91 20.95 20.94 20.93 20.99 21.23 21.26 20.99 21.05 21.01 21.01 21.09 21.07 21.06 21.04 21.04 21.06 21.01 21.04 21.06 21.00 21.08 21.09 21.06 21.03 20.93 21.08 21.06 21.08 21.03 21.08 21.08 21.07 21.08 21.11 21.12 21.08 21.09 21.09 21.10 21.09 21.12 21.14 21.09 21.03
21.11 21.08 21.11 21.15 21.11 21.08 21.04 21.05 20.99 21.00 20.91 20.88 20.89 20.96 20.97 20.88 20.91 20.98 20.96 20.97 20.96 20.88 20.85 20.78 20.86 20.94 20.85 20.80 20.62 20.60 20.74 20.85 20.91 20.84 20.91 20.90 20.84 20.89 20.93 20.96 20.95 20.99 20.96 20.97 21.05 21.08 21.05 21.04 21.03 21.01 21.01 21.04 21.06 21.04 21.05 21.01 21.04 21.02 20.92 20.91 20.96 21.01 20.98 20.98 21.00 21.04 21.04 21.05 21.05 21.02 21.05 21.12 21.08 21.12 21.10 21.10 21.06 20.95
21.15 21.14 21.04 21.04 21.02 21.03 21.07 21.01 21.00 20.96 20.97 20.97 20.92 20.98 20.95 20.94 20.94 20.99 20.93 20.95 20.95 20.93 20.90 20.88 20.93 20.89 20.93 20.85 20.69 20.71 20.71 20.86 20.98 21.10 20.90 20.98 20.87 20.86 20.85 20.85 20.96 20.94 20.97 20.95 20.97 21.01 21.01 21.04 21.06 20.98 21.02 21.02 21.03 21.02 21.03 21.02 21.00 21.00 20.94 20.97 21.05 21.03 20.99 20.94 20.96 21.00 21.07 21.02 21.03 21.00 21.04 21.06 21.09 21.10 21.07 21.04 21.02 20.97
21.07 21.18 21.11 21.03 20.99 20.99 20.98 21.02 21.03 21.00 20.99 20.97 20.91 20.94 20.97 20.95 20.97 20.96 20.93 20.93 20.93 20.97 20.92 20.95 20.92 20.90 20.95 20.83 20.76 20.70 20.72 20.75 20.75 20.88 20.81 20.84 20.88 20.91 20.93 20.94 20.91 20.85 20.91 20.95 20.97 20.95 20.92 20.97 21.06 21.02 20.99 21.00 20.98 20.95 20.96 20.94 21.03 21.05 21.02 21.01 21.01 21.01 21.01 20.98 21.01 21.00 21.05 21.04 21.00 21.04 21.05 21.06 21.06 21.07 21.06 21.03 21.02 20.97
21.06 21.15 21.14 21.09 21.03 20.97 21.03 21.06 21.07 20.95 20.93 20.93 20.90 20.92 20.96 20.98 20.94 21.00 20.97 20.90 20.94 20.94 20.95 20.88 20.74 20.83 20.86 20.84 20.85 20.77 20.83 20.80 20.83 20.77 20.70 20.65 20.86 20.87 20.94 20.89 20.94 20.96 20.97 20.92 20.93 20.91 20.88 20.94 21.00 20.95 20.98 20.98 20.91 20.93 20.93 20.94 20.97 20.92 20.93 20.92 20.95 21.00 21.01 20.99 21.02 21.00 21.02 21.03 21.00 21.03 21.05 21.04 21.01 20.99 21.02 21.02 21.00 21.02
21.03 21.10 21.08 21.10 21.11 21.05 21.00 20.95 20.99 20.96 20.92 20.89 20.88 20.94 20.97 20.97 20.94 20.97 20.98 20.94 20.91 20.88 20.90 20.90 20.91 20.87 20.82 20.92 20.84 20.87 20.84 20.78 20.79 20.71 20.56 20.66 20.61 20.74 20.83 20.91 20.97 20.96 20.92 20.91 20.87 20.88 20.92 20.91 20.91 20.92 20.91 20.87 20.89 20.94 20.85 20.96 20.98 20.97 20.98 20.79 20.89 20.99 21.01 21.01 21.03 21.01 21.01 20.98 21.00 21.02 21.07 21.00 20.98 21.00 21.00 20.97 20.98 20.98
21.01 21.04 21.06 21.06 21.06 21.07 21.03 20.97 20.96 20.95 20.87 20.90 20.90 20.94 20.94 20.97 20.96 20.93 20.93 20.94 20.89 20.95 20.91 20.92 20.88 20.92 20.90 20.87 20.87 20.89 20.83 20.79 20.74 20.67 20.72 20.61 20.62 20.74 20.76 20.82 20.95 20.89 20.93 20.86 20.83 20.86 20.94 20.85 20.83 20.89 20.85 20.82 20.92 20.94 20.86 20.93 20.93 20.98 20.94 20.85 20.86 20.94 20.91 20.94 20.88 20.96 20.96 20.97 20.98 21.01 21.02 21.00 20.95 20.95 20.98 20.96 20.95 20.92
20.98 21.05 21.05 21.05 21.08 21.07 21.04 20.96 20.94 20.87 20.87 20.88 20.91 20.94 20.94 21.05 21.00 20.99 20.94 20.94 20.93 20.93 20.92 20.92 20.92 20.93 20.92 20.93 20.92 20.90 20.89 20.88 20.85 20.81 20.76 20.67 20.71 20.83 20.65 20.72 20.78 20.79 20.74 20.82 20.91 20.87 20.83 20.70 20.89 20.86 20.72 20.96 20.87 20.85 20.81 20.94 20.88 20.74 20.88 20.84 20.88 20.92 20.92 20.82 20.91 20.98 21.00 20.99 21.02 21.01 21.00 20.94 20.95 20.96 20.97 20.98 20.94 20.93
20.99 21.00 20.99 21.04 21.02 21.03 21.02 20.96 20.97 20.94 20.93 20.90 20.94 20.95 20.90 20.94 20.93 20.92 20.92 20.93 20.91 20.89 20.94 20.93 20.95 20.94 20.91 20.91 20.92 20.89 20.86 20.86 20.87 20.79 20.82 20.85 20.80 20.93 20.85 20.78 20.73 20.71 20.72 20.72 20.83 20.85 20.80 20.82 20.84 20.67 20.78 20.91 20.61 20.78 20.87 20.76 20.81 20.91 20.81 20.82 20.91 20.87 20.86 20.72 20.95 20.94 20.98 21.02 21.02 20.99 20.96 20.92 20.92 20.96 20.93 20.91 20.91 20.92
21.01 21.01 20.96 21.05 21.03 20.97 21.00 20.98 20.95 20.94 20.88 20.88 20.89 20.90 20.88 20.92 20.88 20.93 20.91 20.87 20.92 20.86 20.89 20.87 20.90 20.92 20.92 20.91 20.87 20.87 20.91 20.87 20.85 20.88 20.84 20.91 20.90 20.93 20.83 20.88 20.79 20.78 20.79 20.78 20.81 20.85 20.83 20.82 20.75 20.82 20.77 20.70 20.85 20.76 20.79 20.78 20.74 20.77 20.67 20.88 20.83 20.69 20.59 20.84 20.95 20.89 20.96 20.90 20.94 20.85 20.86 20.93 20.90 20.93 20.91 20.92 20.89 20.95
20.93 20.99 20.99 21.01 21.00 20.94 20.97 20.96 20.95 20.95 20.87 20.89 20.93 20.90 20.89 20.90 20.87 20.85 20.83 20.86 20.85 20.89 20.90 20.87 20.88 20.87 20.90 20.90 20.87 20.88 20.87 20.85 20.89 20.85 20.86 20.88 20.94 20.89 20.81 20.83 20.79 20.76 20.77 20.73 20.70 20.80 20.82 20.82 20.87 20.82 20.72 20.72 20.84 20.87 20.78 20.72 20.78 20.80 20.83 20.85 20.82 20.87 20.78 20.79 20.87 20.79 20.84 20.81 20.94 20.88 20.92 20.88 20.90 20.93 20.97 20.99 20.91 20.92
20.92 20.97 20.90 20.96 20.83 20.86 20.89 20.90 20.93 20.95 20.87 20.89 20.94 20.92 20.87 20.83 20.82 20.81 20.81 20.87 20.90 20.90 20.91 20.90 20.89 20.88 20.85 20.85 20.87 20.87 20.86 20.83 20.88 20.87 20.84 20.88 20.90 20.92 20.79 20.80 20.81 20.82 20.81 20.80 20.75 20.75 20.80 20.86 20.85 20.84 20.81 20.85 20.85 20.80 20.82 20.81 20.85 20.81 20.79 20.77 20.85 20.75 20.79 20.59 20.83 20.93 20.80 20.88 20.82 20.89 20.92 20.91 20.92 20.92 20.94 20.91 20.93 20.93
20.79 20.87 20.86 20.91 20.87 20.89 20.91 20.88 20.89 20.93 20.91 20.89 20.89 20.93 20.97 20.90 20.90 20.93 20.92 20.92 20.89 20.89 20.93 20.91 20.89 20.87 20.88 20.88 20.92 20.90 20.87 20.88 20.91 20.86 20.87 20.89 20.89 20.86 20.81 20.84 20.80 20.70 20.81 20.83 20.78 20.73 20.80 20.86 20.92 20.85 20.87 20.82 20.78 20.77 20.82 20.79 20.92 20.89 20.91 20.76 20.77 20.81 20.74 20.65 20.82 20.84 20.82 20.85 20.92 20.83 20.80 20.97 20.92 20.87 20.94 20.90 20.91 20.92
20.84 20.86 20.82 20.81 20.83 20.81 20.86 20.82 20.87 20.89 20.90 20.87 20.92 20.92 20.93 20.90 20.88 20.89 20.94 20.94 20.90 20.90 20.95 20.91 20.89 20.91 20.90 20.91 20.91 20.88 20.86 20.86 20.86 20.84 20.87 20.90 20.89 20.89 20.89 20.82 20.80 20.78 20.77 20.86 20.85 20.90 20.89 20.89 20.82 20.81 20.80 20.79 20.82 20.84 20.84 20.84 20.87 20.87 20.66 20.79 20.68 20.77 20.80 20.86 20.91 20.59 20.85 20.84 20.80 20.85 20.85 20.95 20.89 20.90 20.90 20.86 20.86 20.92
20.86 20.82 20.86 20.88 20.83 20.82 20.89 20.79 20.84 20.94 20.97 20.87 20.88 20.87 20.92 20.92 20.90 20.88 20.91 20.93 20.91 20.93 20.96 20.92 20.88 20.87 20.84 20.88 20.92 20.91 20.84 20.83 20.83 20.84 20.88 20.89 20.89 20.89 20.88 20.95 20.89 20.86 20.85 20.86 20.84 20.87 20.85 20.88 20.84 20.83 20.81 20.80 20.81 20.84 20.82 20.90 20.86 20.92 20.77 20.76 20.84 20.74 20.63 20.59 20.56 20.61 20.71 20.74 20.82 20.63 20.84 20.90 20.89 20.90 20.92 20.91 20.92 20.94
20.76 20.75 20.80 20.88 20.89 20.75 20.81 20.79 20.83 20.88 20.89 20.95 20.84 20.90 20.98 20.92 20.91 20.93 20.91 20.89 20.88 20.90 20.90 20.88 20.89 20.85 20.87 20.85 20.88 20.89 20.87 20.83 20.86 20.78 20.77 20.79 20.71 20.81 20.87 20.92 20.94 20.90 20.88 20.86 20.82 20.86 20.84 20.84 20.82 20.81 20.84 20.80 20.78 20.77 20.80 20.85 20.84 20.68 20.77 20.85 20.76 20.47 20.69 20.41 20.81 20.65 20.71 20.68 20.74 20.75 20.80 20.88 20.85 20.79 20.86 20.89 20.93 20.82
20.88 20.74 20.77 20.73 20.82 20.63 20.83 20.72 20.77 20.79 20.74 20.80 20.82 20.91 20.89 20.91 20.88 20.83 20.90 20.89 20.87 20.89 20.92 20.88 20.89 20.87 20.84 20.85 20.86 20.88 20.86 20.86 20.84 20.82 20.68 20.58 20.50 20.50 20.70 20.89 20.91 20.90 20.90 20.82 20.80 20.84 20.81 20.72 20.79 20.77 20.79 20.73 20.76 20.76 20.80 20.79 20.78 20.62 20.71 20.73 20.68 20.64 20.46 20.41 20.69 20.64 20.64 20.61 20.72 20.71 20.81 20.77 20.75 20.97 20.82 20.85 20.83 20.76
20.85 20.79 20.79 20.87 20.89 20.71 20.84 20.65 20.75 20.76 20.81 20.82 20.68 20.77 20.87 20.83 20.83 20.86 20.85 20.85 20.82 20.81 20.86 20.87 20.85 20.86 20.83 20.82 20.84 20.86 20.85 20.87 20.86 20.83 20.85 20.76 20.62 20.61 20.67 20.80 20.90 20.87 20.88 20.81 20.79 20.79 20.74 20.61 20.70 20.76 20.71 20.72 20.75 20.76 20.73 20.78 20.76 20.82 20.74 20.79 20.56 20.64 20.52 20.43 20.65 20.49 20.38 20.69 20.64 20.71 20.70 20.85 20.86 20.84 20.85 20.86 20.83 20.86
20.76 20.86 20.80 20.77 20.85 20.82 20.77 20.74 20.75 20.80 20.85 20.95 20.85 20.72 20.81 20.79 20.80 20.83 20.84 20.84 20.78 20.79 20.81 20.83 20.82 20.85 20.83 20.84 20.85 20.87 20.86 20.87 20.91 20.85 20.84 20.87 20.77 20.64 20.90 20.92 20.89 20.85 20.85 20.82 20.77 20.75 20.73 20.69 20.65 20.68 20.69 20.61 20.70 20.71 20.62 20.71 20.75 20.72 20.76 20.68 20.68 20.70 20.64 20.73 20.40 20.57 20.53 20.69 20.74 20.62 20.85 20.75 20.76 20.84 20.81 20.85 20.79 20.77
20.66 20.63 20.73 20.75 20.79 20.78 20.81 20.73 20.78 20.70 20.87 20.90 20.93 20.91 20.84 20.73 20.80 20.82 20.81 20.83 20.83 20.81 20.86 20.85 20.82 20.80 20.81 20.85 20.85 20.86 20.87 20.87 20.90 20.87 20.87 20.82 20.79 20.81 20.88 20.90 20.91 20.82 20.86 20.82 20.79 20.75 20.74 20.74 20.74 20.68 20.63 20.64 20.74 20.69 20.69 20.69 20.67 20.73 20.67 20.69 20.68 20.74 20.66 20.82 20.63 20.74 20.67 20.74 20.59 20.71 20.74 20.68 20.80 20.84 20.88 20.79 20.76 20.74
20.57 20.62 20.62 20.69 20.68 20.63 20.71 20.71 20.83 20.86 20.82 20.75 20.83 20.80 20.86 20.83 20.72 20.79 20.76 20.80 20.79 20.83 20.83 20.81 20.80 20.79 20.78 20.83 20.85 20.81 20.81 20.84 20.84 20.85 20.78 20.80 20.78 20.79 20.82 20.86 20.87 20.85 20.82 20.79 20.80 20.78 20.78 20.76 20.74 20.49 20.51 20.62 20.66 20.73 20.73 20.71 20.77 20.73 20.74 20.74 20.69 20.75 20.72 20.70 20.61 20.74 20.57 20.71 20.56 20.72 20.59 20.68 20.75 20.79 20.82 20.78 20.76 20.76
20.80 20.77 20.72 20.73 20.61 20.56 20.62 20.58 20.62 20.64 20.70 20.69 20.78 20.79 20.78 20.81 20.78 20.75 20.73 20.77 20.80 20.76 20.81 20.79 20.78 20.78 20.79 20.76 20.77 20.78 20.79 20.80 20.78 20.83 20.82 20.82 20.81 20.78 20.79 20.81 20.81 20.78 20.79 20.79 20.78 20.78 20.77 20.74 20.74 20.65 20.58 20.70 20.67 20.72 20.63 20.61 20.77 20.77 20.78 20.77 20.76 20.80 20.75 20.75 20.64 20.63 20.59 20.67 20.52 20.66 20.63 20.58 20.59 20.63 20.63 20.75 20.54 20.67
20.69 20.82 20.84 20.89 20.89 20.82 20.84 20.77 20.62 20.53 20.54 20.58 20.63 20.60 20.69 20.76 20.74 20.81 20.82 20.76 20.78 20.74 20.71 20.70 20.65 20.72 20.77 20.78 20.77 20.78 20.78 20.80 20.82 20.87 20.84 20.80 20.78 20.78 20.79 20.79 20.78 20.76 20.77 20.79 20.77 20.75 20.72 20.74 20.72 20.63 20.73 20.71 20.70 20.67 20.73 20.69 20.71 20.77 20.70 20.65 20.70 20.72 20.69 20.47 20.54 20.72 20.51 20.52 20.53 20.64 20.47 20.62 20.27 20.73 20.62 20.62 20.50 20.84
20.73 20.75 20.84 20.90 20.85 20.80 20.81 20.82 20.82 20.79 20.76 20.71 20.74 20.78 20.73 20.71 20.74 20.84 20.77 20.77 20.73 20.68 20.70 20.51 20.38 20.35 20.48 20.59 20.70 20.73 20.73 20.78 20.78 20.80 20.79 20.76 20.74 20.66 20.70 20.73 20.75 20.72 20.73 20.77 20.80 20.77 20.77 20.74 20.72 20.64 20.70 20.72 20.66 20.69 20.70 20.67 20.75 20.72 20.74 20.67 20.65 20.64 20.60 20.47 20.72 20.41 20.53 20.65 20.57 20.63 20.60 20.62 20.50 20.70 20.50 20.51 20.75 20.72
20.79 20.78 20.78 20.78 20.83 20.80 20.82 20.79 20.79 20.80 20.79 20.75 20.71 20.79 20.79 20.82 20.82 20.82 20.76 20.81 20.78 20.69 20.62 20.67 20.65 20.60 20.64 20.67 20.69 20.72 20.71 20.69 20.72 20.72 20.71 20.75 20.76 20.75 20.71 20.63 20.75 20.75 20.74 20.79 20.79 20.80 20.77 20.73 20.68 20.61 20.67 20.67 20.65 20.66 20.66 20.68 20.68 20.64 20.67 20.65 20.65 20.56 20.63 20.31 20.58 20.47 20.65 20.54 20.64 20.41 20.55 20.54 20.53 20.62 20.54 20.59 20.49 20.73
20.72 20.81 20.86 20.86 20.82 20.82 20.82 20.79 20.76 20.73 20.73 20.72 20.71 20.74 20.73 20.75 20.75 20.75 20.77 20.82 20.79 20.77 20.71 20.67 20.70 20.71 20.63 20.61 20.69 20.66 20.61 20.63 20.69 20.76 20.77 20.78 20.75 20.74 20.71 20.72 20.72 20.70 20.76 20.80 20.81 20.82 20.82 20.80 20.75 20.74 20.67 20.71 20.71 20.65 20.62 20.58 20.65 20.63 20.65 20.59 20.57 20.59 20.56 20.55 20.59 20.44 20.64 20.31 20.44 20.66 20.58 20.54 20.53 20.56 20.64 20.50 20.69 20.72
20.71 20.79 20.86 20.85 20.85 20.85 20.78 20.79 20.79 20.74 20.74 20.76 20.74 20.75 20.70 20.68 20.75 20.75 20.74 20.73 20.76 20.77 20.77 20.75 20.66 20.62 20.65 20.68 20.67 20.68 20.71 20.68 20.72 20.72 20.74 20.72 20.68 20.67 20.70 20.71 20.73 20.71 20.74 20.72 20.77 20.78 20.83 20.85 20.81 20.81 20.78 20.77 20.73 20.68 20.65 20.66 20.57 20.61 20.56 20.57 20.52 20.57 20.56 20.52 20.59 20.37 20.62 20.42 20.52 20.59 20.49 20.40 20.39 20.56 20.51 20.44 20.65 20.68
20.69 20.81 20.84 20.83 20.78 20.76 20.74 20.69 20.75 20.74 20.75 20.78 20.79 20.74 20.70 20.69 20.69 20.73 20.73 20.76 20.77 20.79 20.75 20.73 20.52 20.43 20.53 20.59 20.66 20.71 20.69 20.68 20.67 20.69 20.70 20.67 20.63 20.62 20.63 20.68 20.67 20.72 20.73 20.73 20.77 20.75 20.80 20.82 20.80 20.80 20.80 20.73 20.76 20.70 20.67 20.69 20.63 20.66 20.58 20.59 20.52 20.54 20.46 20.51 20.55 20.52 20.60 20.48 20.43 20.37 20.50 20.32 20.37 20.35 20.60 20.46 20.55 20.67
20.64 20.69 20.67 20.73 20.76 20.75 20.76 20.73 20.77 20.77 20.78 20.81 20.77 20.75 20.76 20.74 20.76 20.76 20.81 20.76 20.75 20.76 20.78 20.76 20.75 20.69 20.58 20.37 20.49 20.46 20.65 20.69 20.68 20.67 20.65 20.63 20.63 20.61 20.60 20.64 20.62 20.67 20.70 20.70 20.69 20.69 20.73 20.77 20.72 20.72 20.74 20.69 20.73 20.73 20.71 20.71 20.64 20.61 20.65 20.60 20.56 20.57 20.57 20.52 20.49 20.43 20.57 20.40 20.54 20.38 20.58 20.45 20.48 20.39 20.55 20.55 20.53 20.65
20.71 20.62 20.64 20.73 20.74 20.76 20.76 20.75 20.76 20.82 20.85 20.77 20.72 20.70 20.74 20.74 20.73 20.74 20.73 20.71 20.67 20.64 20.69 20.69 20.74 20.69 20.66 20.62 20.54 20.38 20.63 20.69 20.68 20.68 20.60 20.61 20.59 20.57 20.49 20.57 20.60 20.59 20.64 20.69 20.68 20.66 20.63 20.70 20.70 20.58 20.69 20.62 20.60 20.71 20.73 20.70 20.64 20.67 20.64 20.58 20.56 20.58 20.65 20.56 20.52 20.48 20.53 20.41 20.61 20.50 20.47 20.59 20.44 20.50 20.47 20.49 20.53 20.62
20.73 20.66 20.68 20.78 20.71 20.65 20.74 20.67 20.72 20.80 20.80 20.79 20.72 20.74 20.74 20.77 20.74 20.69 20.70 20.70 20.72 20.61 20.34 19.89 20.07 20.64 20.60 20.60 20.61 20.52 20.50 20.62 20.65 20.63 20.57 20.57 20.56 20.50 20.41 20.50 20.61 20.61 20.56 20.64 20.65 20.63 20.63 20.63 20.62 20.61 20.57 20.58 20.59 20.69 20.61 20.59 20.58 20.62 20.53 20.48 20.47 20.62 20.44 20.55 20.53 20.56 20.59 20.44 20.52 20.47 20.36 20.52 20.39 20.22 20.54 20.44 20.59 20.57
20.67 20.63 20.75 20.77 20.74 20.66 20.64 20.63 20.60 20.76 20.76 20.72 20.74 20.78 20.76 20.75 20.71 20.69 20.69 20.70 20.55 20.01 20.23 20.09 20.02 20.22 20.24 20.15 20.50 20.61 20.59 20.63 20.64 20.59 20.54 20.59 20.53 20.46 20.45 20.53 20.60 20.53 20.47 20.55 20.61 20.60 20.59 20.62 20.61 20.64 20.60 20.62 20.49 20.53 20.54 20.53 20.56 20.57 20.50 20.53 20.51 20.52 20.52 20.60 20.42 20.54 20.52 20.38 20.52 20.49 20.36 20.46 20.42 20.45 20.51 20.47 20.63 20.55
