main/data/irradiance/17.04.2023.grid
ncols 839
nrows 679
xllcenter 112.0500
yllcenter -43.9500
cellsize 0.0500
nodata_value 99999.90
[rows 68 to 101 of 679, columns 385 to 461 of 839]
23.75 23.75 23.68 23.60 23.53 23.37 23.42 23.42 23.47 23.43 23.41 23.42 23.42 23.28 23.30 23.01 23.05 22.65 22.59 22.63 23.00 22.86 22.77 23.04 23.19 22.93 22.77 22.91 23.01 23.08 22.97 22.72 22.54 22.45 22.85 22.94 22.99 22.94 23.14 22.83 22.38 22.62 22.51 21.89 21.78 22.43 22.27 22.52 22.25 21.81 22.08 22.23 21.92 21.84 22.08 22.30 22.12 22.18 22.51 22.63 22.98 23.21 23.23 23.26 23.07 22.25 21.48 21.46 20.81 21.20 20.77 20.29 20.88 20.49 19.73 19.14 19.08
23.70 23.73 23.72 23.66 23.66 23.38 23.36 23.41 23.39 23.34 23.35 23.35 23.35 23.33 23.19 23.26 23.19 22.83 22.84 23.02 22.92 23.01 22.96 22.71 22.94 22.83 22.35 22.76 22.79 22.64 22.87 22.63 22.86 22.53 22.64 22.85 23.06 23.10 23.31 23.25 22.67 22.38 22.52 22.12 21.87 22.38 22.38 22.64 22.42 21.98 22.14 22.30 22.50 22.32 22.21 22.36 22.53 22.44 22.44 22.97 23.03 23.25 22.99 22.99 23.20 22.45 21.84 21.39 21.24 21.32 21.22 20.88 20.90 20.76 20.19 19.70 20.08
23.70 23.68 23.70 23.50 23.59 23.37 23.36 23.33 23.36 23.32 23.33 23.34 23.28 23.20 23.15 23.30 23.29 22.92 22.78 23.14 23.21 23.03 23.25 23.39 23.07 23.01 22.19 22.53 22.75 22.49 22.78 22.63 22.57 22.31 22.43 22.70 22.79 23.08 23.14 23.19 23.17 22.31 22.65 22.29 22.10 22.11 22.64 22.75 22.42 22.14 22.40 22.44 22.62 22.52 22.49 22.77 22.85 22.56 22.40 22.71 22.91 23.29 23.22 23.26 22.93 22.55 21.80 21.82 21.14 21.19 21.18 21.10 20.85 20.54 20.42 19.67 19.83
23.69 23.70 23.75 23.53 23.44 23.42 23.38 23.39 23.43 23.43 23.34 23.41 23.31 23.27 23.34 23.35 23.39 23.12 22.88 22.89 23.14 23.07 23.26 23.40 23.25 23.28 22.93 22.96 22.75 22.93 22.67 22.82 22.81 22.37 22.68 23.03 22.75 22.95 23.02 22.92 23.20 23.15 22.50 22.75 22.34 22.44 22.87 23.07 22.98 22.26 22.61 22.56 22.75 22.53 22.85 22.97 22.93 22.83 22.94 22.79 23.03 23.15 23.05 22.74 22.78 22.69 22.51 22.49 21.74 21.33 21.30 21.05 20.83 20.29 20.29 19.89 19.51
23.71 23.72 23.75 23.55 23.43 23.41 23.33 23.38 23.34 23.47 23.37 23.42 23.42 23.36 23.34 23.27 23.14 22.90 23.11 22.85 23.10 23.12 23.20 23.36 23.30 23.13 23.16 23.19 23.03 22.89 22.71 22.90 22.98 22.69 22.84 22.82 22.75 22.97 22.93 23.20 23.19 23.23 22.75 22.71 22.65 22.11 22.53 22.99 23.06 22.54 22.50 22.52 22.64 22.60 22.78 23.08 23.15 22.95 23.25 23.29 23.13 23.02 22.95 22.66 22.59 22.44 22.41 22.25 21.88 21.32 21.15 21.04 20.92 20.65 20.45 20.43 19.89
23.62 23.64 23.65 23.56 23.39 23.30 23.33 23.35 23.38 23.43 23.35 23.48 23.40 23.41 23.26 22.99 22.92 23.02 23.30 22.95 23.12 23.21 23.20 23.22 23.05 23.19 23.28 23.10 22.99 22.75 22.46 22.85 23.00 22.63 22.74 22.74 22.95 22.85 23.22 23.44 23.34 23.31 23.08 22.41 22.99 22.49 22.53 23.15 23.31 22.98 22.72 22.54 22.61 22.72 22.81 23.05 23.23 23.28 23.35 23.43 23.31 23.16 23.09 22.76 22.58 22.85 22.57 22.28 22.17 21.60 21.20 21.30 21.35 20.55 19.94 19.34 19.32
23.61 23.63 23.59 23.46 23.35 23.15 23.27 23.43 23.45 23.37 23.42 23.37 23.37 23.28 23.01 23.00 23.08 23.26 23.41 23.16 22.95 23.21 23.27 23.40 23.37 23.40 23.38 23.38 23.05 23.06 22.29 23.01 23.27 23.07 22.97 22.68 22.84 22.81 23.16 23.44 23.30 23.25 23.27 22.68 23.02 22.89 22.37 23.03 23.25 23.12 22.87 22.59 22.67 22.45 22.55 22.98 23.18 23.35 23.42 23.49 23.53 23.26 23.26 22.88 22.48 22.50 22.43 21.89 21.83 21.87 21.37 21.22 21.46 21.07 20.17 19.42 18.24
23.53 23.55 23.55 23.41 23.40 23.21 23.27 23.35 23.47 23.39 23.36 23.31 23.24 23.12 23.00 23.17 23.10 23.26 23.23 23.12 23.03 23.36 23.34 23.37 23.55 23.45 23.34 23.53 23.28 23.09 22.75 23.09 23.19 23.20 23.39 23.05 22.72 22.93 23.16 23.40 23.40 23.21 23.28 23.14 22.76 22.91 22.26 22.80 23.23 23.31 23.12 22.84 22.89 22.42 22.35 22.83 23.30 23.43 23.52 23.49 23.52 23.21 23.28 23.09 22.65 22.66 22.24 22.33 21.75 21.41 22.00 21.53 21.38 21.07 20.47 20.48 19.00
23.54 23.51 23.46 23.40 23.39 23.20 23.19 23.23 23.41 23.35 23.20 23.21 23.18 23.06 23.13 23.25 23.15 23.00 22.91 23.16 22.98 23.13 23.39 23.32 23.49 23.46 23.37 23.45 23.40 23.09 22.93 23.16 23.18 23.27 23.40 23.19 22.88 23.00 23.23 23.43 23.25 23.33 23.44 23.29 22.92 22.76 22.33 22.82 23.12 23.09 23.22 22.90 22.96 22.90 22.72 22.83 22.98 23.14 23.41 23.48 23.26 22.94 23.28 22.86 22.44 22.54 22.05 22.03 21.81 21.19 21.60 21.49 21.13 20.95 20.47 20.66 20.36
23.51 23.49 23.38 23.39 23.40 23.24 23.14 23.27 23.33 23.45 23.29 23.18 23.17 23.17 23.06 22.91 23.04 22.82 22.88 23.09 23.18 23.20 23.35 23.35 23.31 23.52 23.42 23.28 23.31 23.15 23.03 23.07 23.22 23.33 23.46 23.03 22.92 22.88 23.40 23.39 23.19 23.30 23.50 23.48 22.87 22.55 22.47 22.80 22.89 22.80 23.11 23.09 23.10 23.30 23.14 22.83 23.15 23.08 23.35 23.54 23.21 22.75 22.88 22.39 22.50 22.26 22.29 21.70 21.44 21.15 21.42 21.23 21.31 21.26 20.56 20.21 19.80
23.48 23.55 23.49 23.43 23.33 23.39 23.16 23.42 23.43 23.46 23.42 23.06 23.23 23.12 23.09 22.92 22.84 22.90 23.05 23.23 23.34 23.27 23.26 23.41 23.34 23.40 23.37 23.41 23.38 23.18 23.21 23.10 23.20 23.39 23.51 22.97 22.86 22.93 23.31 23.41 23.30 23.36 23.52 23.50 23.02 22.64 22.41 22.69 22.71 22.44 23.07 23.29 23.38 23.30 23.44 23.10 23.08 23.23 23.37 23.38 23.11 22.33 22.47 22.47 22.21 21.76 21.94 21.77 21.80 21.52 21.41 21.38 21.22 21.26 20.72 20.53 19.82
23.56 23.54 23.54 23.45 23.26 23.28 23.14 23.41 23.40 23.37 23.33 22.95 23.25 23.02 23.13 22.95 22.96 22.99 23.13 23.29 23.42 23.43 23.33 23.47 23.48 23.40 23.44 23.53 23.33 23.23 23.33 23.25 23.04 23.36 23.49 23.26 22.95 22.99 23.32 23.37 23.25 23.43 23.58 23.56 23.22 22.84 22.38 22.60 22.49 22.24 22.94 23.34 23.39 23.19 23.28 23.24 22.96 23.16 23.25 23.42 23.14 22.42 22.19 22.33 22.51 22.09 21.93 22.35 21.89 22.05 21.80 21.28 21.47 21.22 20.92 20.41 19.54
23.56 23.44 23.48 23.37 23.15 23.19 22.99 23.33 23.28 23.27 23.34 23.11 23.27 23.15 23.21 23.04 23.10 23.17 23.30 23.34 23.38 23.47 23.38 23.46 23.39 23.33 23.52 23.48 23.41 23.42 23.23 23.28 23.03 23.19 23.38 23.20 23.02 23.15 23.51 23.39 23.18 23.42 23.55 23.45 23.28 23.04 22.23 22.53 22.73 22.21 22.69 23.23 23.41 23.29 23.32 23.40 22.88 23.00 23.34 23.40 23.12 22.62 22.14 22.33 22.37 22.40 21.93 22.45 22.12 22.30 22.49 22.24 22.14 21.91 21.22 20.60 19.66
23.53 23.46 23.53 23.18 23.34 23.19 23.06 23.16 23.29 23.35 23.28 23.08 23.13 23.14 23.15 23.06 23.06 23.22 23.32 23.34 23.41 23.38 23.44 23.43 23.34 23.38 23.52 23.45 23.38 23.38 23.18 23.23 23.25 23.23 23.31 23.16 23.14 23.23 23.43 23.45 23.16 23.37 23.61 23.56 23.47 23.29 22.50 22.54 22.70 22.46 22.53 23.21 23.38 23.31 23.25 23.40 23.42 23.28 23.43 23.42 23.06 22.79 22.57 22.04 22.23 22.34 22.58 22.51 22.55 22.57 22.99 22.62 22.39 21.93 21.54 21.13 20.61
23.46 23.44 23.53 23.35 23.48 23.41 23.29 23.13 23.17 23.39 23.28 23.19 23.05 23.33 23.33 23.20 23.13 23.26 23.40 23.24 23.33 23.47 23.47 23.29 23.47 23.45 23.55 23.50 23.41 23.47 23.25 23.23 23.31 23.32 23.27 23.22 23.30 23.30 23.37 23.47 23.26 23.34 23.51 23.58 23.55 23.33 22.80 22.58 22.74 22.56 22.68 23.13 23.33 23.39 23.32 23.30 23.49 23.39 23.25 23.44 23.11 22.91 22.31 21.96 22.46 22.42 22.91 22.60 22.13 22.63 22.74 22.91 22.71 22.56 22.17 21.46 20.71
23.41 23.36 23.37 23.36 23.57 23.49 23.38 23.30 23.13 23.32 23.24 23.17 23.15 23.24 23.39 23.27 23.10 23.18 23.38 23.24 23.34 23.46 23.45 23.28 23.42 23.40 23.59 23.51 23.54 23.49 23.27 23.34 23.34 23.33 23.38 23.24 23.27 23.20 23.39 23.50 23.26 23.30 23.38 23.50 23.51 23.35 23.03 22.59 22.72 22.74 22.73 23.08 23.14 23.32 23.44 23.23 23.32 23.39 23.37 23.44 23.30 23.05 22.66 22.20 22.43 22.31 22.63 22.85 22.49 22.66 22.88 22.80 22.86 22.43 22.45 21.79 21.24
23.42 23.32 23.34 23.29 23.49 23.48 23.42 23.38 23.22 23.30 23.35 23.21 23.09 23.26 23.36 23.27 23.16 23.13 23.41 23.33 23.37 23.44 23.42 23.43 23.46 23.51 23.49 23.52 23.54 23.44 23.37 23.38 23.36 23.30 23.29 23.37 23.34 23.34 23.47 23.54 23.36 23.39 23.43 23.48 23.53 23.29 22.87 22.80 22.60 22.87 22.99 23.15 23.21 23.26 23.36 23.19 23.22 23.26 23.39 23.06 23.20 23.08 23.06 22.73 22.61 22.18 22.77 23.03 22.44 22.78 22.85 22.64 22.86 22.67 22.69 22.34 21.72
23.41 23.37 23.31 23.34 23.42 23.42 23.31 23.43 23.33 23.38 23.34 23.24 23.10 23.17 23.35 23.24 23.27 23.03 23.36 23.38 23.41 23.43 23.39 23.49 23.50 23.52 23.46 23.52 23.52 23.47 23.43 23.44 23.42 23.37 23.30 23.37 23.34 23.42 23.57 23.58 23.43 23.35 23.39 23.46 23.49 23.34 23.07 22.86 22.69 22.90 23.09 23.25 23.16 23.18 23.38 23.26 23.29 23.32 23.24 23.12 23.16 22.90 23.11 22.91 22.77 22.23 22.63 23.08 22.73 22.80 22.94 22.98 23.07 23.02 22.77 22.59 22.55
23.39 23.40 23.41 23.42 23.45 23.28 23.27 23.37 23.38 23.35 23.35 23.30 23.18 23.05 23.29 23.28 23.25 23.08 23.36 23.37 23.36 23.38 23.40 23.49 23.50 23.51 23.50 23.52 23.51 23.51 23.44 23.43 23.38 23.43 23.48 23.40 23.36 23.41 23.52 23.56 23.47 23.35 23.41 23.48 23.48 23.38 23.26 23.01 22.83 22.94 23.12 23.27 23.14 23.19 23.29 23.31 23.37 23.25 23.20 23.09 23.01 22.88 23.02 22.93 22.90 22.68 22.76 23.01 23.17 22.96 22.78 22.94 23.03 23.39 22.88 22.75 22.66
23.41 23.43 23.41 23.43 23.43 23.29 23.28 23.26 23.38 23.42 23.43 23.32 23.23 23.08 23.23 23.21 23.28 23.16 23.27 23.44 23.36 23.38 23.35 23.44 23.51 23.54 23.51 23.54 23.48 23.50 23.44 23.43 23.30 23.43 23.52 23.45 23.39 23.38 23.46 23.57 23.52 23.39 23.36 23.43 23.38 23.41 23.36 23.23 23.03 22.98 23.05 23.30 23.26 23.36 23.32 23.32 23.28 23.32 23.22 23.06 22.84 22.97 23.08 23.11 23.08 23.08 22.97 23.13 23.18 23.12 23.11 22.67 22.82 23.30 23.02 22.64 22.41
23.40 23.43 23.38 23.37 23.38 23.35 23.43 23.31 23.30 23.32 23.46 23.40 23.30 23.22 23.12 23.27 23.30 23.16 23.11 23.36 23.35 23.33 23.32 23.37 23.40 23.47 23.51 23.47 23.38 23.50 23.46 23.39 23.37 23.42 23.52 23.44 23.37 23.42 23.49 23.52 23.49 23.49 23.41 23.42 23.32 23.42 23.42 23.20 22.98 23.03 23.04 23.30 23.33 23.38 23.39 23.30 23.23 23.16 23.11 23.06 22.73 22.92 23.16 23.05 23.06 23.16 23.21 23.11 23.12 23.23 23.31 23.08 23.02 23.17 23.08 23.13 22.67
23.42 23.42 23.38 23.39 23.37 23.42 23.41 23.41 23.29 23.25 23.43 23.47 23.39 23.37 23.25 23.36 23.27 23.10 23.08 23.20 23.32 23.29 23.32 23.40 23.39 23.45 23.50 23.50 23.37 23.45 23.45 23.43 23.33 23.44 23.50 23.45 23.36 23.33 23.39 23.50 23.51 23.48 23.44 23.38 23.34 23.32 23.35 23.11 23.10 23.11 23.11 23.21 23.40 23.42 23.38 23.34 23.27 23.18 22.93 22.95 22.72 22.87 23.07 23.00 23.30 23.28 23.19 23.08 23.07 23.22 23.29 23.25 23.19 22.95 23.00 22.85 22.90
23.46 23.42 23.38 23.32 23.34 23.40 23.42 23.37 23.32 23.26 23.38 23.47 23.39 23.47 23.38 23.38 23.38 23.23 23.03 23.18 23.33 23.25 23.26 23.40 23.43 23.44 23.46 23.48 23.45 23.38 23.40 23.40 23.32 23.38 23.48 23.45 23.37 23.31 23.37 23.44 23.51 23.51 23.44 23.41 23.30 23.25 23.33 23.22 23.18 23.20 23.13 23.30 23.41 23.43 23.39 23.35 23.27 23.23 23.17 23.06 22.85 22.77 22.81 22.94 23.28 23.29 23.15 23.08 23.18 23.04 23.12 23.18 23.19 23.11 22.99 22.61 22.92
23.44 23.39 23.35 23.33 23.33 23.42 23.42 23.39 23.32 23.32 23.38 23.46 23.44 23.38 23.29 23.32 23.45 23.26 23.11 23.20 23.15 23.28 23.34 23.35 23.43 23.43 23.45 23.46 23.41 23.45 23.43 23.36 23.33 23.39 23.46 23.42 23.33 23.30 23.38 23.40 23.49 23.52 23.44 23.43 23.26 23.27 23.29 23.27 23.33 23.32 23.21 23.35 23.45 23.40 23.36 23.30 23.22 23.18 23.28 23.20 23.01 22.57 22.83 22.76 22.99 23.07 23.34 23.19 23.21 23.15 23.15 23.05 23.13 23.23 23.16 23.22 23.07
23.43 23.41 23.40 23.33 23.35 23.43 23.44 23.35 23.35 23.38 23.40 23.35 23.36 23.30 23.35 23.33 23.41 23.30 23.25 23.38 23.18 23.24 23.27 23.39 23.39 23.43 23.45 23.43 23.42 23.40 23.44 23.35 23.32 23.42 23.44 23.42 23.34 23.34 23.37 23.41 23.44 23.45 23.37 23.36 23.27 23.29 23.27 23.22 23.32 23.25 23.25 23.35 23.43 23.38 23.36 23.30 23.22 23.22 23.24 23.37 23.19 22.78 22.72 22.74 23.01 22.97 23.35 23.35 23.28 23.20 23.23 23.18 23.22 23.13 23.00 23.35 23.25
23.41 23.39 23.40 23.36 23.35 23.43 23.40 23.28 23.30 23.36 23.34 23.35 23.34 23.29 23.32 23.31 23.34 23.31 23.32 23.35 23.18 23.30 23.36 23.41 23.40 23.41 23.40 23.44 23.44 23.41 23.44 23.38 23.32 23.41 23.43 23.40 23.33 23.32 23.36 23.38 23.39 23.41 23.38 23.31 23.29 23.22 23.18 23.17 23.32 23.37 23.24 23.38 23.43 23.33 23.36 23.37 23.33 23.25 23.22 23.30 23.31 23.01 22.85 22.81 22.97 22.94 23.15 23.03 23.28 23.26 23.21 23.28 23.27 23.30 23.15 23.22 23.03
23.42 23.41 23.43 23.39 23.39 23.38 23.36 23.32 23.35 23.41 23.27 23.36 23.40 23.35 23.35 23.35 23.29 23.27 23.31 23.27 23.15 23.23 23.29 23.39 23.41 23.40 23.41 23.45 23.45 23.40 23.43 23.41 23.36 23.38 23.37 23.34 23.35 23.29 23.29 23.35 23.41 23.38 23.41 23.31 23.26 23.22 23.17 23.11 23.22 23.40 23.42 23.40 23.41 23.27 23.34 23.42 23.39 23.36 23.25 23.28 23.17 23.05 22.95 23.00 22.91 22.90 23.08 22.90 23.13 23.16 23.16 23.28 23.23 23.29 23.21 23.05 22.82
23.43 23.41 23.42 23.40 23.37 23.38 23.37 23.38 23.33 23.33 23.27 23.31 23.41 23.37 23.38 23.41 23.35 23.26 23.26 23.26 23.15 23.24 23.29 23.36 23.40 23.39 23.40 23.41 23.44 23.42 23.42 23.40 23.37 23.37 23.28 23.29 23.34 23.28 23.28 23.36 23.35 23.40 23.39 23.34 23.28 23.21 23.22 23.13 23.21 23.39 23.39 23.40 23.34 23.33 23.35 23.43 23.43 23.37 23.33 23.36 23.26 23.11 23.00 23.07 22.87 22.78 22.87 22.69 23.03 23.01 23.09 23.20 23.14 23.20 23.08 23.09 23.05
23.40 23.42 23.42 23.40 23.37 23.34 23.36 23.38 23.35 23.31 23.34 23.32 23.42 23.42 23.42 23.41 23.40 23.29 23.22 23.27 23.14 23.18 23.31 23.33 23.41 23.40 23.39 23.39 23.42 23.42 23.42 23.40 23.38 23.38 23.31 23.26 23.29 23.25 23.28 23.35 23.37 23.39 23.36 23.34 23.31 23.24 23.25 23.16 23.18 23.31 23.36 23.37 23.34 23.38 23.31 23.42 23.43 23.42 23.32 23.30 23.26 23.06 22.79 22.81 22.68 22.50 22.52 22.65 22.80 22.74 22.99 23.05 23.33 23.22 23.04 23.10 23.13
23.42 23.41 23.41 23.39 23.35 23.35 23.37 23.37 23.36 23.34 23.38 23.33 23.39 23.40 23.40 23.39 23.37 23.30 23.25 23.23 23.12 23.19 23.27 23.25 23.33 23.38 23.38 23.38 23.40 23.40 23.39 23.40 23.39 23.36 23.36 23.28 23.23 23.26 23.27 23.34 23.39 23.37 23.35 23.34 23.30 23.24 23.24 23.15 23.25 23.32 23.38 23.42 23.42 23.42 23.33 23.39 23.39 23.39 23.32 23.26 23.18 23.21 22.81 22.83 22.78 22.46 22.56 22.66 22.81 22.85 22.89 23.04 23.11 23.37 23.27 23.25 23.26
23.37 23.38 23.39 23.38 23.31 23.27 23.36 23.37 23.34 23.34 23.36 23.32 23.32 23.36 23.31 23.38 23.36 23.35 23.29 23.25 23.14 23.17 23.25 23.20 23.24 23.37 23.38 23.37 23.39 23.38 23.38 23.37 23.37 23.39 23.37 23.30 23.27 23.28 23.29 23.34 23.36 23.35 23.36 23.32 23.30 23.29 23.23 23.16 23.23 23.31 23.33 23.39 23.39 23.42 23.36 23.33 23.35 23.37 23.32 23.24 23.21 23.29 23.15 22.88 22.99 22.95 22.77 22.76 22.80 22.72 22.73 22.86 22.85 23.00 23.34 23.26 23.08
23.40 23.36 23.38 23.35 23.29 23.26 23.36 23.35 23.34 23.35 23.34 23.29 23.35 23.34 23.30 23.36 23.36 23.37 23.33 23.30 23.26 23.18 23.28 23.18 23.16 23.31 23.32 23.36 23.36 23.36 23.36 23.37 23.37 23.37 23.35 23.34 23.34 23.33 23.29 23.33 23.35 23.34 23.36 23.30 23.30 23.29 23.20 23.19 23.19 23.26 23.31 23.37 23.39 23.39 23.37 23.34 23.35 23.36 23.34 23.27 23.21 23.31 23.13 23.02 22.76 22.99 22.86 22.85 22.95 22.88 23.02 23.03 23.05 22.79 22.79 23.06 23.08
23.38 23.37 23.37 23.27 23.27 23.30 23.34 23.33 23.33 23.33 23.32 23.33 23.34 23.27 23.17 23.34 23.36 23.36 23.36 23.31 23.24 23.16 23.29 23.21 23.19 23.25 23.27 23.28 23.32 23.33 23.32 23.35 23.36 23.36 23.33 23.32 23.29 23.29 23.28 23.30 23.33 23.34 23.35 23.33 23.29 23.29 23.24 23.16 23.15 23.18 23.29 23.34 23.36 23.37 23.31 23.34 23.32 23.33 23.32 23.18 23.16 23.11 22.93 23.04 23.02 22.90 22.85 23.11 23.03 23.01 23.13 23.08 23.12 22.99 23.01 23.05 23.06
23.36 23.36 23.35 23.31 23.26 23.31 23.32 23.30 23.32 23.31 23.31 23.32 23.29 23.25 23.16 23.33 23.34 23.34 23.34 23.30 23.24 23.15 23.28 23.23 23.22 23.23 23.21 23.18 23.25 23.27 23.28 23.31 23.33 23.34 23.32 23.28 23.29 23.30 23.28 23.29 23.32 23.33 23.34 23.34 23.30 23.31 23.26 23.13 23.07 23.10 23.27 23.36 23.31 23.34 23.33 23.31 23.30 23.29 23.30 23.32 23.34 23.10 22.88 23.07 23.13 22.88 22.96 22.91 22.90 22.78 23.00 23.22 23.22 23.18 23.20 23.22 23.15
