main/data/irradiance/17.02.2023.grid
ncols 839
nrows 679
xllcenter 112.0500
yllcenter -43.9500
cellsize 0.0500
nodata_value 99999.90
[rows 68 to 101 of 679, columns 462 to 538 of 839]
24.62 24.30 24.23 24.13 23.73 23.86 24.08 23.82 23.55 23.72 23.48 23.27 23.69 22.95 22.45 22.09 22.09 22.09 22.16 22.16 22.16 22.16 22.16 22.16 22.16 21.84 22.04 22.04 22.04 18.10 18.10 18.10 18.10 18.10 18.10 18.10 18.10 17.63 17.63 17.63 17.63 17.63 17.63 17.63 17.63 99999.90 99999.90 99999.90 99999.90 99999.90 99999.90 99999.90 99999.90 99999.90 99999.90 99999.90 99999.90 99999.90 99999.90 99999.90 99999.90 99999.90 99999.90 99999.90 99999.90 99999.90 99999.90 99999.90 99999.90 99999.90 99999.90 99999.90 99999.90 99999.90 99999.90 99999.90 99999.90
24.23 24.28 24.00 23.59 23.76 23.62 23.44 23.35 23.60 23.73 23.60 23.76 24.04 23.18 23.18 22.09 22.09 22.09 22.16 22.16 22.16 22.16 22.16 22.16 22.16 22.16 19.69 19.69 18.10 18.10 18.10 18.10 18.10 18.10 18.10 18.10 17.63 17.63 17.63 17.63 17.63 17.63 17.63 17.63 17.63 99999.90 99999.90 99999.90 99999.90 99999.90 99999.90 99999.90 99999.90 99999.90 99999.90 99999.90 99999.90 99999.90 99999.90 99999.90 99999.90 99999.90 99999.90 99999.90 99999.90 99999.90 99999.90 99999.90 99999.90 99999.90 99999.90 99999.90 99999.90 99999.90 99999.90 99999.90 99999.90
24.20 24.24 24.02 23.62 23.93 23.76 23.21 23.78 24.33 24.25 23.99 23.72 23.63 23.26 23.26 23.26 23.40 22.09 22.16 22.16 22.16 22.16 22.16 22.16 20.78 19.69 19.69 19.69 19.69 18.10 18.10 18.10 18.10 18.10 18.10 18.10 17.63 17.63 17.63 17.63 17.63 17.63 17.63 17.63 17.63 99999.90 99999.90 99999.90 99999.90 99999.90 99999.90 99999.90 99999.90 99999.90 99999.90 99999.90 99999.90 99999.90 99999.90 99999.90 99999.90 99999.90 99999.90 99999.90 99999.90 99999.90 99999.90 99999.90 99999.90 99999.90 99999.90 99999.90 99999.90 99999.90 99999.90 99999.90 99999.90
24.51 24.51 23.85 23.73 23.71 23.77 23.84 24.26 24.28 24.38 24.18 23.88 23.29 23.43 23.43 23.40 23.40 21.03 21.03 20.78 20.78 20.78 20.78 20.78 20.78 19.69 19.69 19.69 19.69 18.10 18.10 18.10 18.10 18.10 18.10 17.63 17.63 17.63 17.63 17.63 17.63 17.63 17.63 17.63 17.63 99999.90 99999.90 99999.90 99999.90 99999.90 99999.90 99999.90 99999.90 99999.90 99999.90 99999.90 99999.90 99999.90 99999.90 99999.90 99999.90 99999.90 99999.90 99999.90 99999.90 99999.90 99999.90 99999.90 99999.90 99999.90 99999.90 99999.90 99999.90 99999.90 99999.90 99999.90 99999.90
24.68 24.90 24.43 23.98 23.76 24.25 24.61 24.54 24.34 24.38 24.13 23.74 23.30 22.71 23.40 23.40 23.40 21.03 21.03 20.78 20.78 20.78 20.78 20.78 20.78 19.69 19.69 19.69 19.69 18.10 18.10 18.10 18.10 18.10 17.63 17.63 17.63 17.63 17.63 17.63 17.63 17.63 17.63 17.63 17.63 99999.90 99999.90 99999.90 99999.90 99999.90 99999.90 99999.90 99999.90 99999.90 99999.90 99999.90 99999.90 99999.90 99999.90 99999.90 99999.90 99999.90 99999.90 99999.90 99999.90 99999.90 99999.90 99999.90 99999.90 99999.90 99999.90 99999.90 99999.90 99999.90 99999.90 99999.90 99999.90
24.44 25.18 24.97 24.30 23.97 24.63 24.72 24.18 24.02 23.62 22.92 22.82 23.28 23.11 23.11 23.11 21.03 21.03 21.03 20.78 20.78 20.78 20.78 20.78 20.78 19.69 19.69 19.69 19.69 18.99 18.10 18.10 18.10 18.10 17.63 17.63 17.63 17.63 17.63 17.63 17.63 17.63 17.63 17.63 17.63 99999.90 99999.90 99999.90 99999.90 99999.90 99999.90 99999.90 99999.90 99999.90 99999.90 99999.90 99999.90 99999.90 99999.90 99999.90 99999.90 99999.90 99999.90 99999.90 99999.90 99999.90 99999.90 99999.90 99999.90 99999.90 99999.90 99999.90 99999.90 99999.90 99999.90 99999.90 99999.90
24.05 24.74 24.58 24.42 23.75 23.68 24.33 24.00 23.71 23.21 22.50 22.81 22.97 23.08 23.08 23.08 21.03 21.03 21.03 21.03 20.91 20.91 20.91 20.91 20.91 19.69 19.69 19.69 19.69 18.99 18.99 18.10 18.10 17.63 17.63 17.63 17.63 17.63 17.63 17.63 17.63 17.63 17.63 17.63 17.63 15.87 99999.90 99999.90 99999.90 99999.90 99999.90 99999.90 99999.90 99999.90 99999.90 99999.90 99999.90 99999.90 99999.90 99999.90 99999.90 99999.90 99999.90 99999.90 99999.90 99999.90 99999.90 99999.90 99999.90 99999.90 99999.90 99999.90 99999.90 99999.90 99999.90 99999.90 99999.90
23.13 23.94 24.48 24.01 23.42 23.18 22.83 23.37 23.18 23.04 22.38 22.83 22.76 22.41 22.63 22.76 22.10 21.03 21.03 21.03 20.91 20.91 20.91 20.91 18.96 19.69 19.69 19.69 18.83 18.53 18.53 18.53 17.98 17.63 17.63 17.63 17.63 17.63 17.63 17.63 17.63 17.63 17.63 17.63 17.63 15.87 99999.90 99999.90 99999.90 99999.90 99999.90 99999.90 99999.90 99999.90 99999.90 99999.90 99999.90 99999.90 99999.90 99999.90 99999.90 99999.90 99999.90 99999.90 99999.90 99999.90 99999.90 99999.90 99999.90 99999.90 99999.90 99999.90 99999.90 99999.90 99999.90 99999.90 99999.90
23.07 23.64 23.85 23.29 23.33 23.21 23.25 23.19 22.98 22.77 21.56 22.54 22.75 22.29 22.14 21.35 21.50 21.50 21.50 21.03 20.91 20.91 20.91 20.91 18.96 18.96 19.18 19.18 18.83 18.77 18.43 17.98 17.98 17.91 17.91 17.91 17.91 17.91 17.91 17.91 17.91 17.91 17.91 17.91 17.91 15.87 99999.90 99999.90 99999.90 99999.90 99999.90 99999.90 99999.90 99999.90 99999.90 99999.90 99999.90 99999.90 99999.90 99999.90 99999.90 99999.90 99999.90 99999.90 99999.90 99999.90 99999.90 99999.90 99999.90 99999.90 99999.90 99999.90 99999.90 99999.90 99999.90 99999.90 99999.90
22.84 22.75 22.65 22.41 22.52 22.71 22.97 23.32 23.25 22.39 21.61 22.01 21.99 21.68 21.77 21.12 21.17 21.17 21.17 21.17 20.91 20.91 20.91 18.96 18.96 18.96 18.96 18.93 18.88 18.67 18.27 18.02 18.42 17.60 17.91 17.91 17.91 17.91 17.91 17.91 17.91 17.91 17.91 17.91 17.91 15.87 99999.90 99999.90 99999.90 99999.90 99999.90 99999.90 99999.90 99999.90 99999.90 99999.90 99999.90 99999.90 99999.90 99999.90 99999.90 99999.90 99999.90 99999.90 99999.90 99999.90 99999.90 99999.90 99999.90 99999.90 99999.90 99999.90 99999.90 99999.90 99999.90 99999.90 99999.90
22.18 22.33 22.58 22.41 22.33 22.54 21.99 22.55 23.25 22.43 21.85 22.31 21.66 21.42 21.52 21.27 21.17 21.17 21.17 21.17 20.91 20.91 19.89 19.89 19.89 19.89 19.89 19.63 19.54 18.97 18.61 18.05 18.42 17.60 17.60 17.91 17.91 17.91 17.91 17.91 17.91 17.91 17.91 17.91 17.91 15.87 99999.90 99999.90 99999.90 99999.90 99999.90 99999.90 99999.90 99999.90 99999.90 99999.90 99999.90 99999.90 99999.90 99999.90 99999.90 99999.90 99999.90 99999.90 99999.90 99999.90 99999.90 99999.90 99999.90 99999.90 99999.90 99999.90 99999.90 99999.90 99999.90 99999.90 99999.90
21.63 21.74 21.44 21.23 21.40 21.53 20.92 21.81 22.72 22.53 22.68 22.74 22.17 22.05 21.12 21.27 21.27 21.17 21.17 21.17 21.17 20.91 20.15 20.15 20.15 20.15 20.15 19.98 20.03 19.52 18.90 18.41 18.41 17.60 17.60 17.60 17.91 17.91 17.91 17.91 17.91 17.91 17.91 15.87 15.87 15.87 99999.90 99999.90 99999.90 99999.90 99999.90 99999.90 99999.90 99999.90 99999.90 99999.90 99999.90 99999.90 99999.90 99999.90 99999.90 99999.90 99999.90 99999.90 99999.90 99999.90 99999.90 99999.90 99999.90 99999.90 99999.90 99999.90 99999.90 99999.90 99999.90 99999.90 99999.90
21.38 21.06 20.88 20.54 20.75 20.66 20.46 21.37 22.16 22.27 22.27 22.12 21.85 21.78 21.00 21.00 21.00 21.27 21.17 21.17 21.17 19.64 19.64 19.64 19.64 19.64 19.64 20.00 20.07 19.38 18.76 18.68 18.68 18.68 18.68 17.60 15.87 15.87 15.87 15.87 15.87 15.87 15.87 15.87 15.87 15.87 99999.90 99999.90 99999.90 99999.90 99999.90 99999.90 99999.90 99999.90 99999.90 99999.90 99999.90 99999.90 99999.90 99999.90 99999.90 99999.90 99999.90 99999.90 99999.90 99999.90 99999.90 99999.90 99999.90 99999.90 99999.90 99999.90 99999.90 99999.90 99999.90 99999.90 99999.90
20.84 20.41 20.40 20.18 20.46 20.03 19.88 20.69 20.93 21.59 21.97 21.86 21.57 21.28 21.10 21.10 21.10 21.10 21.10 21.17 21.17 19.19 19.19 19.19 19.19 19.19 19.19 19.48 19.38 19.26 19.03 18.68 18.68 17.31 17.31 17.31 15.87 15.87 15.87 15.87 15.87 15.87 15.87 15.87 15.87 15.87 99999.90 99999.90 99999.90 99999.90 99999.90 99999.90 99999.90 99999.90 99999.90 99999.90 99999.90 99999.90 99999.90 99999.90 99999.90 99999.90 99999.90 99999.90 99999.90 99999.90 99999.90 99999.90 99999.90 99999.90 99999.90 99999.90 99999.90 99999.90 99999.90 99999.90 99999.90
20.83 20.58 20.37 20.71 20.72 20.67 20.57 20.29 20.54 20.71 20.63 20.51 20.76 21.58 21.40 21.40 21.40 21.40 21.40 21.40 21.40 19.02 19.02 19.02 19.02 19.02 19.02 19.21 19.09 19.06 18.41 18.41 17.79 17.31 17.31 15.87 15.87 15.87 15.87 15.87 15.87 15.87 15.87 15.87 15.87 15.87 99999.90 99999.90 99999.90 99999.90 99999.90 99999.90 99999.90 99999.90 99999.90 99999.90 99999.90 99999.90 99999.90 99999.90 99999.90 99999.90 99999.90 99999.90 99999.90 99999.90 99999.90 99999.90 99999.90 99999.90 99999.90 99999.90 99999.90 99999.90 99999.90 99999.90 99999.90
21.08 20.71 20.54 21.91 21.78 21.39 20.22 19.98 20.53 21.04 20.52 19.94 20.24 21.94 21.40 21.40 21.40 21.40 21.40 21.40 19.00 19.00 19.00 19.00 19.00 19.00 19.00 18.79 18.72 18.24 18.23 17.79 17.79 17.31 17.31 15.87 15.87 15.87 15.87 15.87 15.87 15.87 15.87 15.87 15.87 15.87 99999.90 99999.90 99999.90 99999.90 99999.90 99999.90 99999.90 99999.90 99999.90 99999.90 99999.90 99999.90 99999.90 99999.90 99999.90 99999.90 99999.90 99999.90 99999.90 99999.90 99999.90 99999.90 99999.90 99999.90 99999.90 99999.90 99999.90 99999.90 99999.90 99999.90 99999.90
20.09 19.52 19.93 21.22 21.53 20.60 20.07 20.28 20.75 20.30 19.88 20.15 20.24 21.94 21.94 21.40 21.40 21.40 21.40 21.40 19.00 19.00 19.00 19.00 19.00 19.00 19.00 18.79 18.72 17.76 18.28 18.40 17.66 17.27 16.96 15.87 15.87 15.87 15.87 15.87 15.87 15.87 15.87 15.87 15.87 15.87 99999.90 99999.90 99999.90 99999.90 99999.90 99999.90 99999.90 99999.90 99999.90 99999.90 99999.90 99999.90 99999.90 99999.90 99999.90 99999.90 99999.90 99999.90 99999.90 99999.90 99999.90 99999.90 99999.90 99999.90 99999.90 99999.90 99999.90 99999.90 99999.90 99999.90 99999.90
19.56 19.74 19.53 20.01 20.67 20.03 19.80 19.17 19.36 19.28 19.35 19.90 19.90 21.94 21.94 21.94 21.40 21.40 21.40 21.40 19.00 19.00 19.00 19.00 19.00 19.00 19.00 18.79 17.76 17.76 18.28 18.40 17.66 17.27 16.96 15.87 15.87 15.87 15.87 15.87 15.87 15.87 15.87 15.87 15.87 15.87 99999.90 99999.90 99999.90 99999.90 99999.90 99999.90 99999.90 99999.90 99999.90 99999.90 99999.90 99999.90 99999.90 99999.90 99999.90 99999.90 99999.90 99999.90 99999.90 99999.90 99999.90 99999.90 99999.90 99999.90 99999.90 99999.90 99999.90 99999.90 99999.90 99999.90 99999.90
19.35 19.75 19.16 19.02 19.60 19.41 19.41 19.69 18.79 18.35 17.76 19.90 19.90 19.90 21.94 21.94 21.94 21.40 21.40 21.40 19.00 19.00 19.00 19.00 19.00 19.00 19.00 17.76 17.76 17.76 18.28 18.40 17.66 17.27 16.96 15.87 15.87 15.87 15.87 15.87 15.87 15.87 15.87 15.87 15.87 15.87 99999.90 99999.90 99999.90 99999.90 99999.90 99999.90 99999.90 99999.90 99999.90 99999.90 99999.90 99999.90 99999.90 99999.90 99999.90 99999.90 99999.90 99999.90 99999.90 99999.90 99999.90 99999.90 99999.90 99999.90 99999.90 99999.90 99999.90 99999.90 99999.90 99999.90 99999.90
20.31 19.99 19.10 18.97 19.56 19.13 19.47 19.56 19.17 19.76 18.94 18.94 18.94 19.90 19.90 21.94 21.94 21.94 21.40 21.40 19.00 19.00 19.00 19.00 19.00 19.00 19.00 17.76 17.76 17.76 18.28 18.40 17.66 17.27 16.96 15.87 15.87 15.87 15.87 15.87 15.87 15.87 15.87 15.87 15.87 15.87 99999.90 99999.90 99999.90 99999.90 99999.90 99999.90 99999.90 99999.90 99999.90 99999.90 99999.90 99999.90 99999.90 99999.90 99999.90 99999.90 99999.90 99999.90 99999.90 99999.90 99999.90 99999.90 99999.90 99999.90 99999.90 99999.90 99999.90 99999.90 99999.90 99999.90 99999.90
20.54 20.13 19.71 18.99 19.29 18.83 18.77 19.01 19.26 19.76 18.94 18.94 18.94 18.94 18.94 19.90 21.94 21.94 21.94 21.40 19.00 19.00 19.00 19.00 19.00 19.00 19.00 17.76 17.76 17.76 18.28 18.40 17.66 17.27 16.96 15.87 15.87 15.87 15.87 15.87 15.87 15.87 15.87 15.87 15.87 15.87 99999.90 99999.90 99999.90 99999.90 99999.90 99999.90 99999.90 99999.90 99999.90 99999.90 99999.90 99999.90 99999.90 99999.90 99999.90 99999.90 99999.90 99999.90 99999.90 99999.90 99999.90 99999.90 99999.90 99999.90 99999.90 99999.90 99999.90 99999.90 99999.90 99999.90 99999.90
21.04 20.15 19.47 19.45 19.65 18.73 18.11 18.85 19.48 19.48 18.94 18.94 18.94 18.94 18.94 18.94 18.94 21.94 21.94 21.94 19.00 19.00 19.00 19.00 19.00 19.00 17.76 17.76 17.76 17.76 18.28 18.40 17.66 17.27 16.96 15.87 15.87 15.87 15.87 15.87 15.87 15.87 15.87 15.87 15.87 15.87 99999.90 99999.90 99999.90 99999.90 99999.90 99999.90 99999.90 99999.90 99999.90 99999.90 99999.90 99999.90 99999.90 99999.90 99999.90 99999.90 99999.90 99999.90 99999.90 99999.90 99999.90 99999.90 99999.90 99999.90 99999.90 99999.90 99999.90 99999.90 99999.90 99999.90 99999.90
20.52 20.62 20.89 20.94 19.99 18.15 18.46 18.33 19.48 19.48 19.48 18.94 18.94 18.94 18.94 18.94 18.94 18.94 18.94 21.94 19.00 19.00 19.00 19.00 19.00 19.00 17.76 17.76 17.76 17.76 18.28 18.40 17.66 17.27 16.96 15.87 15.87 15.87 15.87 15.87 15.87 15.87 15.87 15.87 15.87 15.87 99999.90 99999.90 99999.90 99999.90 99999.90 99999.90 99999.90 99999.90 99999.90 99999.90 99999.90 99999.90 99999.90 99999.90 99999.90 99999.90 99999.90 99999.90 99999.90 99999.90 99999.90 99999.90 99999.90 99999.90 99999.90 99999.90 99999.90 99999.90 99999.90 99999.90 99999.90
19.96 21.21 21.42 21.59 21.08 19.69 19.59 19.78 19.78 19.78 19.48 19.48 18.94 18.94 18.94 18.94 18.94 18.94 18.94 18.94 19.00 19.00 19.00 19.00 19.00 19.00 17.76 17.76 17.76 17.76 18.28 18.40 17.66 17.27 16.96 15.87 15.87 15.87 15.87 15.87 15.87 15.87 15.87 15.87 15.87 15.87 99999.90 99999.90 99999.90 99999.90 99999.90 99999.90 99999.90 99999.90 99999.90 99999.90 99999.90 99999.90 99999.90 99999.90 99999.90 99999.90 99999.90 99999.90 99999.90 99999.90 99999.90 99999.90 99999.90 99999.90 99999.90 99999.90 99999.90 99999.90 99999.90 99999.90 99999.90
20.86 22.18 22.51 21.76 21.13 20.56 20.10 21.00 21.00 21.00 21.00 21.00 19.48 18.94 18.94 18.94 18.94 18.94 18.94 18.94 19.00 19.00 19.00 19.00 19.00 17.76 17.76 17.76 17.76 17.76 18.28 18.40 17.66 17.27 16.96 15.87 15.87 15.87 15.87 15.87 15.87 15.87 15.87 15.87 15.87 15.87 99999.90 99999.90 99999.90 99999.90 99999.90 99999.90 99999.90 99999.90 99999.90 99999.90 99999.90 99999.90 99999.90 99999.90 99999.90 99999.90 99999.90 99999.90 99999.90 99999.90 99999.90 99999.90 99999.90 99999.90 99999.90 99999.90 99999.90 99999.90 99999.90 99999.90 99999.90
21.71 23.50 21.97 20.42 19.73 20.56 20.10 21.00 21.00 21.00 21.00 21.00 21.00 21.00 21.00 18.94 18.94 18.94 18.94 18.94 19.00 19.00 19.00 19.00 19.00 17.76 17.76 17.76 17.76 17.76 18.28 18.40 17.66 17.27 16.96 15.87 15.87 15.87 15.87 15.87 15.87 15.87 15.87 15.87 15.87 15.87 99999.90 99999.90 99999.90 99999.90 99999.90 99999.90 99999.90 99999.90 99999.90 99999.90 99999.90 99999.90 99999.90 99999.90 99999.90 99999.90 99999.90 99999.90 99999.90 99999.90 99999.90 99999.90 99999.90 99999.90 99999.90 99999.90 99999.90 99999.90 99999.90 99999.90 99999.90
23.05 22.88 20.67 20.16 20.13 20.56 20.56 21.00 21.00 21.00 21.00 21.00 21.00 21.00 21.00 21.00 23.82 23.82 23.82 23.82 23.28 23.28 17.76 17.76 17.76 17.76 17.76 17.76 17.76 17.76 18.28 18.40 17.66 17.27 16.96 15.87 15.87 15.87 15.87 15.87 15.87 15.87 15.87 15.87 15.87 15.87 99999.90 99999.90 99999.90 99999.90 99999.90 99999.90 99999.90 99999.90 99999.90 99999.90 99999.90 99999.90 99999.90 99999.90 99999.90 99999.90 99999.90 99999.90 99999.90 99999.90 99999.90 99999.90 99999.90 99999.90 99999.90 99999.90 99999.90 99999.90 99999.90 99999.90 99999.90
21.88 20.23 19.80 20.47 21.68 21.68 21.68 20.56 21.00 21.00 21.00 21.00 21.00 21.00 22.82 23.82 23.82 23.82 23.82 23.28 23.28 23.28 23.28 23.28 23.28 23.28 22.01 99999.90 99999.90 99999.90 99999.90 99999.90 99999.90 99999.90 99999.90 99999.90 99999.90 99999.90 99999.90 99999.90 99999.90 99999.90 99999.90 99999.90 99999.90 99999.90 99999.90 99999.90 99999.90 99999.90 99999.90 99999.90 99999.90 99999.90 99999.90 99999.90 99999.90 99999.90 99999.90 99999.90 99999.90 99999.90 99999.90 99999.90 99999.90 99999.90 99999.90 99999.90 99999.90 99999.90 99999.90 99999.90 99999.90 99999.90 99999.90 99999.90 99999.90
18.75 19.59 19.40 20.33 21.56 21.56 23.06 23.06 23.06 23.06 23.04 23.04 22.82 22.82 23.82 23.82 23.82 23.82 23.82 23.28 23.28 23.28 23.28 22.39 22.39 22.39 22.39 22.39 22.39 99999.90 99999.90 99999.90 99999.90 99999.90 99999.90 99999.90 99999.90 99999.90 99999.90 99999.90 99999.90 99999.90 99999.90 99999.90 99999.90 99999.90 99999.90 99999.90 99999.90 99999.90 99999.90 99999.90 99999.90 99999.90 99999.90 99999.90 99999.90 99999.90 99999.90 99999.90 99999.90 99999.90 99999.90 99999.90 99999.90 99999.90 99999.90 99999.90 99999.90 99999.90 99999.90 99999.90 99999.90 99999.90 99999.90 99999.90 99999.90
17.83 19.75 18.97 19.59 21.56 23.06 23.06 23.06 22.50 23.04 23.04 22.82 22.82 22.82 23.82 23.82 23.82 23.82 23.28 23.28 23.28 23.28 22.39 22.39 22.39 22.39 22.39 22.39 22.39 21.66 99999.90 99999.90 99999.90 99999.90 99999.90 99999.90 99999.90 99999.90 99999.90 99999.90 99999.90 99999.90 99999.90 99999.90 99999.90 99999.90 99999.90 99999.90 99999.90 99999.90 99999.90 99999.90 99999.90 99999.90 99999.90 99999.90 99999.90 99999.90 99999.90 99999.90 99999.90 99999.90 99999.90 99999.90 99999.90 99999.90 99999.90 99999.90 99999.90 99999.90 99999.90 99999.90 99999.90 99999.90 99999.90 99999.90 99999.90
18.64 18.96 18.94 20.48 22.87 22.82 22.82 22.50 23.04 23.04 23.04 22.82 22.82 23.82 23.82 23.82 23.82 23.28 23.28 23.28 23.28 23.28 22.39 22.39 22.39 22.39 22.38 22.38 22.38 22.38 22.38 22.38 99999.90 99999.90 99999.90 99999.90 99999.90 99999.90 99999.90 99999.90 99999.90 99999.90 99999.90 99999.90 99999.90 99999.90 99999.90 99999.90 99999.90 99999.90 99999.90 99999.90 99999.90 99999.90 99999.90 99999.90 99999.90 99999.90 99999.90 99999.90 99999.90 99999.90 99999.90 99999.90 99999.90 99999.90 99999.90 99999.90 99999.90 99999.90 99999.90 99999.90 99999.90 99999.90 99999.90 99999.90 99999.90
18.90 19.75 20.79 21.58 21.47 21.11 22.50 22.50 23.04 23.04 22.82 22.82 22.82 23.82 23.82 23.82 23.82 23.28 23.28 23.28 23.28 22.39 22.39 22.39 22.39 22.38 22.38 22.38 22.38 22.38 22.38 22.38 99999.90 99999.90 99999.90 99999.90 99999.90 99999.90 99999.90 99999.90 99999.90 99999.90 99999.90 99999.90 99999.90 99999.90 99999.90 99999.90 99999.90 99999.90 99999.90 99999.90 99999.90 99999.90 99999.90 99999.90 99999.90 99999.90 99999.90 99999.90 99999.90 99999.90 99999.90 99999.90 99999.90 99999.90 99999.90 99999.90 99999.90 99999.90 99999.90 99999.90 99999.90 99999.90 99999.90 99999.90 99999.90
20.10 20.83 22.58 22.24 21.57 21.94 21.65 22.70 23.04 23.04 22.82 22.82 23.82 23.82 23.82 23.82 23.28 23.28 23.28 23.28 22.39 22.39 22.39 22.39 22.39 22.38 22.38 22.38 22.38 22.38 22.38 22.38 99999.90 99999.90 99999.90 99999.90 99999.90 99999.90 99999.90 99999.90 99999.90 99999.90 99999.90 99999.90 99999.90 99999.90 99999.90 99999.90 99999.90 99999.90 99999.90 99999.90 99999.90 99999.90 99999.90 99999.90 99999.90 99999.90 99999.90 99999.90 99999.90 99999.90 99999.90 99999.90 99999.90 99999.90 99999.90 99999.90 99999.90 99999.90 99999.90 99999.90 99999.90 99999.90 99999.90 99999.90 99999.90
21.89 21.62 22.66 21.38 21.53 21.59 21.51 21.71 22.40 21.72 22.82 22.82 23.82 23.82 23.82 22.28 23.28 23.28 23.28 23.28 22.39 22.39 22.39 22.39 22.38 22.38 22.38 22.38 22.38 21.25 21.25 21.25 21.95 21.95 21.95 21.95 21.95 21.95 21.95 21.95 21.95 21.95 21.95 21.95 21.95 99999.90 99999.90 99999.90 99999.90 99999.90 99999.90 99999.90 99999.90 99999.90 99999.90 99999.90 99999.90 99999.90 99999.90 99999.90 99999.90 99999.90 99999.90 99999.90 99999.90 99999.90 99999.90 99999.90 99999.90 99999.90 99999.90 99999.90 99999.90 99999.90 99999.90 99999.90 99999.90
