main/data/irradiance/17.07.2023.grid
ncols 839
nrows 679
xllcenter 112.0500
yllcenter -43.9500
cellsize 0.0500
nodata_value 99999.90
[rows 340 to 373 of 679, columns 693 to 769 of 839]
14.73 14.70 14.64 14.59 14.81 14.74 14.46 14.85 14.50 14.01 14.49 14.65 14.47 14.06 14.01 14.57 14.31 13.95 14.07 14.36 14.16 14.13 14.01 13.89 13.65 13.76 13.58 13.51 13.71 13.93 14.23 13.99 13.71 13.51 13.00 13.12 12.97 12.61 12.67 12.07 11.78 11.57 11.85 11.82 11.84 11.76 11.62 11.79 11.77 11.20 10.93 10.87 11.18 11.54 11.65 11.98 12.34 12.90 13.08 12.93 12.89 12.76 12.64 12.55 12.30 12.40 12.32 12.54 12.40 12.35 12.34 12.10 11.89 12.33 12.77 12.92 12.89
14.76 14.84 14.68 14.75 14.83 14.69 14.85 14.78 14.70 14.70 14.45 14.27 14.32 14.08 14.15 14.17 13.97 14.10 14.09 14.35 13.71 13.73 13.99 13.84 13.31 12.76 13.24 13.50 13.56 12.97 12.88 13.06 13.22 13.30 13.61 13.46 13.21 12.91 12.80 12.02 11.49 11.84 11.94 12.02 12.25 11.93 11.67 11.89 11.85 11.56 11.90 12.04 11.57 11.11 11.22 11.35 11.79 12.35 12.63 13.06 12.88 12.62 12.40 12.27 12.30 12.39 12.26 12.46 12.69 12.44 12.27 12.34 12.22 12.04 12.47 12.49 12.89
14.89 14.65 14.84 14.83 14.84 14.71 14.85 14.77 14.62 14.65 14.72 13.99 14.18 14.36 14.35 14.64 14.68 14.67 14.24 14.31 14.44 14.23 13.92 13.26 12.86 13.43 12.81 12.04 12.82 12.96 12.74 13.34 13.72 13.70 13.76 13.81 13.53 13.23 13.44 13.02 12.42 12.19 12.32 12.30 12.08 11.90 12.02 11.94 12.09 11.92 11.74 11.55 11.86 11.90 11.56 11.60 11.59 12.03 12.20 12.77 13.05 13.19 13.05 12.70 12.18 12.12 12.43 12.56 12.39 12.30 12.39 12.73 12.63 12.68 12.75 12.90 12.92
14.81 14.75 14.73 14.85 14.88 14.83 14.87 14.80 14.62 14.80 14.73 14.64 14.50 14.36 14.36 14.49 14.67 14.75 14.48 14.41 14.69 14.57 14.35 14.06 13.67 13.41 13.23 13.20 13.15 13.73 13.05 13.08 13.33 13.62 13.47 13.72 13.62 13.45 13.27 13.24 13.12 12.57 12.42 12.30 12.23 12.24 11.94 12.07 12.20 12.35 12.25 11.93 11.72 11.81 11.79 11.80 11.60 11.42 11.56 12.00 12.75 12.89 12.91 13.08 12.81 12.50 12.33 12.58 12.73 12.67 12.56 12.59 12.65 12.69 12.40 12.65 12.89
14.71 14.82 14.84 14.70 14.83 14.69 14.76 14.84 14.83 14.83 14.82 14.75 14.74 14.66 14.62 14.44 14.46 14.45 14.68 14.67 14.43 14.35 14.15 13.98 13.76 13.47 13.71 13.35 13.22 13.89 13.50 13.35 13.58 13.74 13.68 14.21 13.99 13.94 13.47 13.56 13.50 13.41 13.29 13.15 12.76 12.41 12.39 11.81 12.16 12.55 12.63 12.79 12.32 11.93 11.66 12.12 12.25 11.83 11.64 11.34 12.08 12.39 12.50 12.69 12.95 13.02 13.11 12.83 12.69 12.87 12.85 12.86 12.92 13.10 12.75 12.44 12.37
14.67 14.76 14.63 14.51 14.74 14.83 14.77 14.84 14.86 14.83 14.87 14.88 14.80 14.71 14.67 14.79 14.38 14.30 14.50 14.69 14.62 14.31 14.31 14.55 14.51 14.55 14.18 13.84 13.56 13.78 13.89 13.81 13.83 13.84 14.15 14.29 14.20 14.16 13.97 13.80 13.68 13.61 13.73 13.65 13.23 13.09 13.03 12.58 12.55 12.54 12.54 12.77 12.67 12.58 12.38 12.34 12.37 12.28 12.26 12.20 12.26 12.14 12.30 12.15 12.70 13.06 13.09 13.06 13.16 13.09 13.01 12.84 12.92 13.04 12.91 12.86 12.79
14.74 14.63 14.76 14.83 14.83 14.79 14.85 14.89 14.83 14.86 14.87 14.84 14.82 14.78 14.81 14.76 14.68 14.43 14.42 14.61 14.71 14.59 14.57 14.59 14.61 14.55 14.37 14.43 14.11 14.02 14.25 14.00 14.02 13.98 13.86 14.23 14.18 13.77 13.87 13.93 13.94 13.73 13.76 14.02 14.00 13.52 13.48 13.21 12.99 13.08 13.07 12.64 12.43 12.79 12.78 12.57 12.59 12.63 12.52 12.49 12.50 12.76 12.86 12.78 12.47 12.57 12.89 13.04 12.96 12.95 12.98 13.12 13.02 12.85 12.97 13.05 12.95
14.83 14.57 14.64 14.78 14.48 14.81 14.69 14.80 14.79 14.79 14.78 14.89 14.86 14.83 14.83 14.80 14.79 14.73 14.79 14.59 14.65 14.62 14.70 14.64 14.50 14.36 14.57 14.51 14.44 14.51 14.44 14.23 13.94 13.77 13.88 14.34 14.37 13.97 13.55 13.84 13.93 13.88 13.81 13.98 13.95 13.94 13.77 13.55 13.53 13.06 13.35 13.27 13.03 13.11 13.25 13.08 12.86 12.70 12.86 12.78 12.62 12.97 13.06 12.98 12.86 12.88 12.67 12.80 12.74 12.81 13.02 13.12 13.21 13.10 13.13 13.23 13.07
14.83 14.65 14.65 14.70 14.69 14.80 14.80 14.70 14.73 14.77 14.86 14.86 14.84 14.77 14.79 14.80 14.74 14.75 14.53 14.81 14.70 14.60 14.54 14.60 14.56 14.55 14.35 14.29 14.27 14.37 14.60 14.72 14.58 14.18 14.34 14.27 14.50 14.24 13.81 13.86 13.93 13.46 13.24 13.41 13.29 13.32 13.64 13.91 14.14 13.68 13.40 13.57 13.40 13.35 13.37 13.41 13.20 13.06 13.19 13.10 12.99 12.93 13.09 12.83 12.81 12.74 12.98 12.78 12.81 13.06 13.11 13.05 13.17 13.27 13.15 13.25 13.00
14.59 14.72 14.56 14.35 14.55 14.62 14.62 14.69 14.76 14.81 14.82 14.81 14.76 14.81 14.55 14.70 14.66 14.71 14.73 14.69 14.67 14.56 14.73 14.58 14.36 14.58 14.64 14.65 14.62 14.51 14.41 14.50 14.42 14.27 14.06 14.30 14.25 14.40 14.44 14.09 14.06 14.09 13.62 13.29 13.42 13.33 13.37 13.36 13.79 14.01 13.60 13.70 13.50 13.64 13.74 13.67 13.52 13.30 13.12 13.20 13.12 13.00 12.86 12.94 12.96 12.89 12.82 12.67 12.57 12.85 13.05 13.16 13.13 13.15 13.32 13.12 12.73
14.30 14.73 14.43 14.71 14.42 14.49 14.57 14.73 14.76 14.71 14.78 14.78 14.76 14.73 14.78 14.72 14.68 14.74 14.72 14.72 14.72 14.76 14.70 14.68 14.50 14.51 14.65 14.46 14.66 14.63 14.75 14.71 14.61 14.62 14.63 14.59 14.45 14.46 14.55 14.35 14.16 13.99 13.93 13.96 13.82 13.86 13.88 13.34 13.40 13.83 13.80 13.61 13.67 13.72 13.89 13.99 14.13 13.92 13.57 13.31 13.40 13.28 13.09 13.18 13.25 13.03 12.84 12.87 12.92 12.80 12.98 13.20 13.28 13.26 13.25 13.29 13.14
14.38 14.61 14.71 14.66 14.72 14.66 14.41 14.66 14.69 14.72 14.79 14.81 14.81 14.67 14.72 14.78 14.75 14.75 14.66 14.71 14.76 14.75 14.72 14.72 14.53 14.52 14.52 14.22 14.43 14.34 14.62 14.70 14.62 14.66 14.66 14.60 14.70 14.58 14.46 14.34 14.29 14.38 14.21 14.38 14.25 14.12 14.27 13.84 13.76 13.59 13.47 13.80 14.00 13.84 13.78 13.78 13.96 14.01 13.78 13.71 13.73 13.52 13.23 13.29 13.32 13.15 13.08 13.07 12.89 12.98 13.04 13.18 13.03 13.06 13.19 13.20 13.44
14.16 14.47 14.65 14.52 14.65 14.59 14.53 14.66 14.59 14.53 14.67 14.71 14.65 14.65 14.68 14.61 14.60 14.53 14.58 14.66 14.59 14.67 14.71 14.70 14.71 14.74 14.72 14.61 14.59 14.50 14.06 14.47 14.55 14.35 14.57 14.39 14.20 14.36 14.55 14.54 14.28 13.95 14.38 14.36 14.41 14.29 14.18 14.16 14.15 13.87 13.61 13.75 13.93 14.08 14.13 13.98 13.88 13.88 13.99 13.88 13.96 13.90 13.70 13.61 13.44 13.38 13.27 13.21 13.10 13.12 13.08 13.21 13.24 13.27 13.21 13.26 13.38
14.32 14.37 14.41 14.13 14.53 14.29 14.61 14.68 14.45 14.49 14.43 14.32 14.52 14.58 14.54 14.54 14.41 14.51 14.42 14.60 14.55 14.59 14.70 14.65 14.69 14.72 14.70 14.67 14.54 14.70 14.64 14.44 14.54 14.63 14.69 14.67 14.07 14.21 14.37 14.03 14.25 14.47 13.81 14.00 14.43 14.26 13.97 14.08 14.15 14.35 14.27 14.29 14.18 14.27 14.38 14.26 14.10 14.11 13.73 14.20 14.15 14.09 13.85 13.65 13.44 13.61 13.44 13.42 13.38 13.33 13.40 13.34 13.18 13.31 13.41 13.23 12.99
14.39 14.21 14.17 14.43 14.36 13.98 14.60 14.51 14.56 14.54 14.44 14.32 14.37 14.45 14.39 14.45 14.33 14.36 14.22 14.30 14.42 14.47 14.59 14.64 14.53 14.65 14.69 14.71 14.65 14.66 14.56 14.64 14.60 14.59 14.69 14.65 14.44 14.44 14.49 14.52 14.37 13.92 14.15 14.46 13.88 13.79 14.25 14.29 14.30 14.31 14.52 14.55 14.50 14.39 14.52 14.31 14.34 14.31 14.07 14.12 13.92 13.63 13.56 13.60 13.75 13.68 13.52 13.39 13.33 13.44 13.34 13.34 13.23 13.17 12.94 12.97 12.79
14.35 14.35 14.25 14.18 14.54 14.23 14.42 14.39 14.19 14.52 14.21 14.11 14.17 14.29 14.08 14.42 14.31 14.48 13.98 14.23 14.21 14.36 14.51 14.45 14.34 14.47 14.51 14.33 14.54 14.61 14.51 14.59 14.39 14.31 14.65 14.67 14.61 14.64 14.66 14.64 14.60 14.58 14.45 14.30 14.22 14.13 14.32 14.29 14.24 14.30 14.45 14.56 14.54 14.35 14.39 14.35 14.42 14.42 14.43 14.34 14.02 13.64 13.36 13.37 13.72 13.66 13.70 13.58 13.65 13.45 13.76 13.78 13.64 13.34 12.91 12.65 12.93
14.12 14.10 14.17 14.45 14.31 14.21 14.28 14.47 14.16 14.50 14.47 14.52 14.29 13.76 14.24 13.82 13.78 13.98 14.17 14.06 14.23 13.81 14.40 14.38 14.42 14.21 14.19 14.31 14.40 14.33 14.38 14.50 14.61 14.66 14.55 14.45 14.52 14.47 14.61 14.46 14.55 14.56 14.64 14.57 14.60 14.36 14.17 14.14 14.33 14.37 14.36 14.29 14.49 14.43 14.50 14.39 14.53 14.42 14.51 14.44 14.18 14.01 13.81 13.81 13.18 13.55 13.60 13.54 13.60 13.51 13.84 14.15 14.08 13.85 13.33 13.11 12.73
13.74 14.08 14.16 14.44 14.34 14.44 14.42 14.44 14.51 14.04 14.08 14.50 14.26 13.88 13.94 14.21 14.17 14.26 13.84 13.82 14.26 14.22 14.09 14.55 14.17 14.35 14.41 14.19 13.98 14.07 14.32 14.40 14.44 14.58 14.61 14.61 14.63 14.59 14.54 14.47 14.32 14.51 14.52 14.55 14.59 14.43 14.46 14.38 14.42 14.27 14.33 14.32 14.58 14.58 14.61 14.60 14.54 14.45 14.56 14.51 14.52 14.34 14.19 14.02 13.92 13.75 13.69 13.74 14.02 14.12 14.03 14.06 14.00 13.70 13.45 13.20 13.10
14.16 13.60 13.83 14.33 14.22 14.37 14.42 14.48 14.55 14.20 14.42 14.29 14.36 14.20 14.04 14.36 14.23 14.35 14.08 14.04 13.93 13.49 13.99 14.29 14.21 14.43 14.33 14.29 14.26 14.26 14.55 14.40 14.31 14.53 14.60 14.48 14.60 14.55 14.56 14.53 14.49 14.48 14.38 14.50 14.55 14.54 14.46 14.51 14.45 14.42 14.34 14.50 14.44 14.50 14.58 14.57 14.56 14.46 14.38 14.47 14.51 14.55 14.44 14.16 13.99 13.86 14.03 14.09 13.99 14.03 13.91 13.88 13.80 13.86 13.94 13.92 13.21
13.54 13.67 14.01 14.11 14.33 14.32 14.11 14.42 14.30 14.18 14.44 13.86 14.40 14.28 14.10 14.33 14.25 14.40 14.41 13.82 14.12 14.19 13.91 13.89 13.89 14.19 14.27 14.24 14.14 14.34 14.00 14.44 14.22 14.16 14.01 14.48 14.60 14.43 14.44 14.57 14.53 14.45 14.48 14.54 14.44 14.46 14.52 14.55 14.53 14.51 14.47 14.49 14.40 14.33 14.37 14.47 14.39 14.46 14.47 14.55 14.55 14.50 14.49 14.53 14.39 14.26 13.96 14.09 14.05 14.11 13.91 14.03 14.10 14.07 14.27 14.33 14.22
12.13 13.46 13.59 14.02 13.85 13.68 14.02 14.10 14.16 14.35 14.29 14.39 14.48 14.34 14.20 14.18 14.15 14.34 14.14 14.14 14.24 14.19 13.92 14.23 13.56 13.83 14.35 13.71 14.37 14.37 14.16 14.33 14.26 14.43 14.46 14.28 14.39 14.52 14.40 14.49 14.42 14.39 14.56 14.53 14.54 14.55 14.54 14.53 14.49 14.51 14.55 14.54 14.53 14.42 14.41 14.46 14.49 14.54 14.48 14.45 14.49 14.49 14.52 14.54 14.54 14.38 14.24 14.22 14.20 14.03 14.02 14.03 13.99 14.12 14.31 14.45 14.47
11.93 12.28 12.73 13.26 12.92 13.84 14.05 14.12 14.41 14.24 14.27 14.37 14.23 14.36 14.44 14.18 13.92 14.27 13.63 14.28 14.24 13.98 14.28 14.39 13.75 14.44 13.94 13.86 14.15 13.86 14.04 14.40 13.97 14.06 14.42 14.42 14.55 14.40 13.99 14.37 14.52 14.54 14.47 14.34 14.49 14.31 14.43 14.29 14.53 14.55 14.49 14.56 14.55 14.50 14.53 14.53 14.46 14.47 14.48 14.54 14.55 14.54 14.54 14.52 14.51 14.52 14.38 14.31 14.25 14.15 14.11 14.11 14.11 14.34 14.27 13.89 14.32
11.75 12.00 11.68 12.57 13.33 13.62 14.04 13.94 14.12 14.15 14.32 14.24 14.23 14.36 14.40 14.48 14.12 14.42 14.13 14.30 14.22 14.21 13.94 14.20 13.59 14.12 14.00 14.16 14.02 13.91 14.00 14.16 14.10 13.82 14.47 14.13 14.45 14.32 14.43 14.40 14.22 14.40 14.48 14.53 14.44 14.23 14.35 14.45 14.40 14.53 14.45 14.48 14.51 14.52 14.52 14.52 14.51 14.51 14.50 14.49 14.51 14.52 14.53 14.51 14.53 14.53 14.52 14.37 14.28 14.21 14.20 14.25 14.20 14.31 14.35 14.25 14.36
11.77 12.22 12.00 12.72 13.16 13.43 13.70 13.63 13.70 13.94 14.21 14.16 14.35 14.47 14.39 14.39 14.40 14.23 14.05 13.69 13.91 14.28 14.06 14.05 14.13 13.68 14.19 14.40 13.38 14.27 14.24 14.07 14.31 14.20 14.39 13.69 14.15 14.32 14.13 14.26 14.05 14.16 14.34 14.45 14.13 14.36 14.35 14.10 14.44 14.44 14.48 14.50 14.47 14.50 14.50 14.49 14.48 14.50 14.49 14.49 14.48 14.49 14.50 14.50 14.50 14.49 14.47 14.36 14.37 14.24 14.32 14.29 14.23 14.26 14.33 14.18 14.16
11.80 12.05 12.04 12.50 13.11 13.21 13.49 13.48 13.69 13.89 14.14 14.24 14.11 14.36 14.37 14.19 14.23 14.37 14.18 14.10 13.51 14.09 13.41 13.96 14.25 13.85 13.90 14.13 14.23 14.12 14.26 14.20 14.28 14.15 14.41 14.06 14.39 13.82 14.10 14.34 14.21 14.00 14.20 14.16 14.45 14.07 13.93 14.42 14.49 14.44 14.42 14.48 14.48 14.48 14.48 14.47 14.48 14.49 14.48 14.48 14.47 14.48 14.48 14.47 14.48 14.46 14.44 14.43 14.34 14.26 14.25 14.28 14.26 14.30 14.31 14.26 14.14
10.99 10.78 11.67 12.19 11.93 12.54 13.15 13.24 13.47 13.55 13.80 13.95 14.10 14.09 14.31 14.28 14.31 14.06 14.12 14.31 13.95 13.97 13.61 13.66 13.96 13.73 13.68 14.37 14.35 13.63 14.35 14.41 14.06 14.08 14.23 14.26 14.33 14.21 13.97 14.05 14.03 13.65 14.23 14.12 14.32 14.39 14.16 14.47 14.37 14.24 14.46 14.45 14.44 14.46 14.48 14.47 14.48 14.48 14.46 14.46 14.47 14.46 14.46 14.45 14.46 14.43 14.40 14.39 14.34 14.35 14.35 14.30 14.31 14.33 14.28 14.26 14.12
10.57 10.12 11.20 11.79 12.09 12.22 12.26 12.17 12.57 13.05 13.35 13.74 13.93 14.16 14.27 14.29 14.13 14.24 13.99 14.13 14.25 14.09 14.21 14.08 13.70 14.20 14.34 13.96 14.18 14.08 14.43 14.25 14.11 14.28 14.33 14.17 14.38 14.34 14.01 14.26 14.22 14.33 14.22 14.28 14.30 14.31 14.17 14.35 14.37 14.43 14.41 14.43 14.44 14.43 14.44 14.44 14.45 14.43 14.44 14.43 14.43 14.43 14.42 14.42 14.44 14.43 14.38 14.37 14.39 14.34 14.31 14.31 14.28 14.27 14.27 14.14 14.13
10.28 10.03 10.40 10.47 10.79 11.50 11.75 11.92 11.98 12.48 12.44 13.05 13.46 13.64 13.99 14.00 14.12 14.31 14.26 14.33 14.14 14.11 13.80 14.30 14.18 14.36 14.10 14.35 13.90 13.98 13.88 14.32 14.13 14.18 14.22 14.13 14.15 14.07 14.37 14.37 14.13 14.42 14.40 14.17 14.41 14.42 14.41 14.37 14.31 14.41 14.41 14.41 14.41 14.41 14.43 14.42 14.42 14.42 14.41 14.40 14.41 14.39 14.40 14.40 14.39 14.40 14.41 14.39 14.38 14.34 14.31 14.25 14.23 14.25 14.26 14.17 14.16
10.72 10.49 10.05 9.88 10.30 10.88 11.03 11.13 11.27 11.46 12.06 11.97 12.42 12.82 13.37 13.94 14.02 14.28 14.17 14.25 14.11 14.23 14.32 14.21 13.83 14.32 14.39 14.13 13.72 13.85 13.86 13.65 13.39 13.60 14.20 14.13 14.23 13.82 14.28 14.38 14.40 14.39 14.35 14.35 14.35 14.38 14.38 14.42 14.42 14.41 14.40 14.40 14.41 14.41 14.40 14.41 14.40 14.39 14.38 14.38 14.38 14.39 14.40 14.40 14.38 14.39 14.39 14.37 14.30 14.29 14.27 14.27 14.19 14.22 14.20 14.21 14.23
10.44 10.61 10.28 10.08 9.92 10.04 10.18 10.38 10.75 10.90 11.24 11.67 12.22 11.65 12.70 13.68 13.82 14.30 14.33 14.33 14.29 14.32 14.39 14.35 14.26 14.11 14.17 13.93 14.04 13.60 13.83 13.46 13.44 13.58 13.89 13.48 14.00 14.27 14.27 14.37 14.23 14.35 14.37 14.34 14.38 14.39 14.38 14.38 14.39 14.39 14.36 14.35 14.37 14.39 14.38 14.38 14.35 14.36 14.38 14.38 14.37 14.38 14.38 14.37 14.38 14.38 14.36 14.34 14.33 14.27 14.26 14.23 14.21 14.16 14.17 14.19 14.14
10.06 10.04 9.95 10.00 9.56 9.70 9.78 10.14 10.09 10.50 10.93 11.41 11.99 11.33 12.02 12.80 13.23 13.35 14.24 14.19 14.33 14.37 14.29 14.15 14.16 14.19 14.03 14.04 13.59 13.29 13.64 13.11 13.25 13.74 13.61 13.57 14.21 14.21 14.21 14.34 14.16 14.36 14.35 14.34 14.37 14.37 14.36 14.35 14.35 14.36 14.35 14.35 14.35 14.34 14.35 14.36 14.36 14.31 14.33 14.34 14.35 14.34 14.34 14.35 14.34 14.35 14.34 14.30 14.32 14.28 14.24 14.20 14.23 14.23 14.20 14.08 13.96
10.25 9.73 9.87 9.72 9.64 9.66 9.67 9.83 9.78 10.03 10.62 10.98 11.44 11.74 11.63 11.73 12.74 12.91 13.76 14.23 14.23 14.30 14.19 13.99 14.06 13.76 13.24 13.99 13.88 13.77 13.91 13.45 13.56 13.34 13.12 13.36 14.03 14.29 14.28 14.16 14.23 14.35 14.31 14.31 14.32 14.33 14.33 14.33 14.32 14.32 14.33 14.34 14.34 14.33 14.33 14.29 14.30 14.30 14.28 14.32 14.33 14.30 14.30 14.31 14.30 14.31 14.30 14.28 14.29 14.26 14.29 14.30 14.26 14.25 14.26 14.22 14.29
10.43 9.98 9.79 9.72 9.45 9.59 9.32 9.21 9.40 9.94 11.15 11.19 11.52 11.98 11.56 11.44 11.85 13.00 13.53 13.61 13.88 14.18 13.49 13.94 13.89 13.78 13.68 13.93 13.07 13.23 13.96 13.02 13.35 13.58 13.89 13.80 14.15 14.30 14.13 14.22 14.32 14.28 14.31 14.30 14.29 14.31 14.31 14.30 14.31 14.32 14.32 14.31 14.32 14.31 14.31 14.27 14.28 14.27 14.28 14.26 14.28 14.27 14.29 14.29 14.27 14.29 14.29 14.29 14.29 14.26 14.27 14.28 14.28 14.27 14.25 14.26 14.31
10.41 10.22 9.86 9.78 9.53 9.55 9.38 9.40 9.44 10.17 10.77 10.76 10.88 11.51 11.77 11.74 12.08 12.89 12.89 13.08 13.34 13.43 13.33 13.69 13.59 13.72 14.04 14.04 13.55 13.63 14.02 13.65 13.94 13.86 14.04 14.22 14.23 14.21 14.06 14.29 14.29 14.29 14.20 14.19 14.29 14.29 14.27 14.26 14.26 14.29 14.28 14.28 14.27 14.26 14.25 14.26 14.24 14.25 14.25 14.26 14.29 14.27 14.20 14.27 14.28 14.29 14.27 14.27 14.24 14.26 14.07 14.08 14.24 14.25 14.24 14.24 14.25
