main/data/irradiance/17.01.2023.grid
ncols 839
nrows 679
xllcenter 112.0500
yllcenter -43.9500
cellsize 0.0500
nodata_value 99999.90
[rows 272 to 305 of 679, columns 308 to 384 of 839]
28.54 28.37 28.44 29.50 29.33 29.16 28.44 28.16 28.10 29.06 29.34 29.36 29.69 29.95 28.68 29.18 29.44 28.41 29.50 29.82 30.21 30.31 30.27 29.23 29.47 29.86 29.69 30.33 29.52 29.09 30.30 30.26 29.82 28.73 29.34 29.12 27.88 25.97 27.36 27.26 29.08 28.55 28.56 27.84 27.87 28.55 29.63 28.63 29.34 29.32 28.43 27.29 26.67 29.17 29.96 30.15 30.36 29.78 30.04 29.28 29.78 29.81 29.13 30.15 28.71 28.53 26.94 27.49 25.76 26.15 27.63 28.99 27.47 25.98 28.54 27.97 25.35
28.45 28.43 29.14 29.35 29.31 28.62 28.90 26.94 27.83 28.37 29.07 29.00 29.51 30.14 28.96 29.43 28.97 28.39 29.43 29.06 30.18 30.33 29.84 29.89 29.65 29.97 30.21 30.13 30.23 30.30 30.48 30.30 29.34 30.14 29.01 27.95 28.56 27.24 24.82 28.09 28.89 28.37 28.87 28.16 29.37 26.86 28.87 28.73 28.43 29.35 29.43 28.94 27.59 28.62 29.74 28.93 30.44 30.54 30.36 29.06 29.07 30.21 29.25 29.81 28.84 27.64 28.52 28.34 24.55 26.25 26.12 29.43 28.71 25.06 27.37 26.50 27.67
28.52 26.56 28.24 29.10 29.60 27.96 25.78 27.73 28.42 27.55 27.91 28.23 27.63 29.62 29.16 28.63 29.25 29.47 29.86 29.49 29.54 29.47 29.68 29.10 28.78 29.59 29.69 29.21 30.20 30.34 30.59 30.26 29.96 29.62 29.58 29.02 29.43 27.31 24.73 25.57 29.03 28.70 28.93 28.61 27.22 27.80 28.11 28.99 29.19 29.40 29.59 29.07 29.22 28.54 30.30 28.52 29.29 29.64 29.92 30.25 29.23 29.27 30.17 28.25 29.15 29.31 26.53 27.52 26.91 24.81 26.08 27.85 28.31 25.85 27.05 27.71 26.99
27.65 28.42 28.39 27.57 29.18 28.53 27.39 26.64 28.26 26.54 28.26 27.64 26.93 27.36 29.62 29.55 29.58 29.58 28.81 29.65 30.23 30.41 29.94 29.63 29.04 29.61 29.32 30.06 29.85 29.77 30.25 29.66 28.23 29.26 28.50 28.04 27.39 28.25 25.40 26.43 26.68 28.55 29.49 29.07 28.06 28.28 27.97 29.04 30.16 29.71 28.65 28.76 29.21 27.98 29.53 29.77 29.14 30.18 29.68 29.56 29.83 29.96 29.29 29.41 29.54 28.68 27.64 28.13 26.59 24.70 25.53 25.70 27.37 26.18 25.84 27.15 27.43
24.50 27.99 29.23 28.26 29.16 29.21 27.40 27.46 27.54 26.06 26.62 27.17 27.29 25.90 29.39 28.49 28.78 28.82 29.37 28.95 29.91 30.23 30.49 30.64 30.43 30.58 30.23 30.25 29.55 29.43 29.35 28.47 28.64 28.95 29.24 27.15 28.08 27.19 26.17 25.21 24.67 27.92 28.47 29.32 29.22 29.18 30.03 29.72 29.43 30.17 29.59 29.26 29.51 28.77 28.15 27.76 29.36 28.75 29.05 29.17 28.87 28.92 29.52 29.52 29.86 29.01 27.20 27.29 26.69 28.61 25.50 26.37 27.78 26.48 26.52 27.58 28.07
26.77 25.24 26.25 27.45 29.42 29.30 27.56 26.82 25.62 25.99 26.36 25.67 27.23 28.18 28.87 29.33 28.35 28.56 28.43 28.81 30.03 30.54 30.57 30.57 30.36 30.24 30.21 29.33 28.85 28.98 29.33 28.12 27.45 28.85 28.33 28.01 26.80 23.93 24.09 24.62 26.68 28.78 28.80 27.51 28.52 28.27 29.46 30.25 29.95 29.76 30.50 29.53 29.88 29.67 28.24 27.37 29.25 29.00 28.96 29.36 28.05 27.22 28.41 28.71 27.86 29.45 28.02 28.54 28.72 27.32 26.90 27.43 27.15 26.58 26.47 28.45 26.95
25.16 27.21 27.33 25.96 27.08 29.36 27.14 25.11 25.21 25.10 25.18 25.14 25.62 27.58 28.07 29.63 30.07 28.63 27.24 28.22 28.19 30.09 30.37 30.17 30.45 30.05 27.82 28.21 27.01 28.15 29.40 28.26 27.47 26.43 27.50 23.39 23.64 21.37 21.44 21.90 22.86 28.68 28.43 27.33 28.71 27.31 29.51 29.69 29.35 29.30 30.21 29.38 29.70 28.65 30.13 27.61 28.07 27.09 30.00 29.67 28.76 28.53 28.41 28.67 27.08 28.90 27.30 28.55 30.22 29.02 27.17 28.79 27.59 26.99 29.35 28.75 27.28
24.90 25.57 26.45 26.41 26.30 27.76 26.79 26.48 26.33 24.26 27.33 27.11 27.70 28.38 28.19 29.38 29.37 27.54 29.19 29.84 29.98 30.18 29.58 29.90 30.29 29.60 29.78 27.25 27.62 28.15 29.35 27.92 27.44 28.16 27.92 24.33 22.10 21.74 22.59 22.05 21.98 26.30 27.76 28.42 28.90 28.20 29.55 29.86 29.70 28.12 28.23 29.89 30.66 29.83 27.68 28.71 27.66 27.77 27.61 30.15 29.50 29.30 28.49 28.18 29.15 27.60 27.68 27.20 28.31 28.56 27.57 28.86 26.64 26.58 28.98 28.99 27.91
24.78 24.00 28.00 25.56 25.33 26.27 27.13 25.95 24.53 24.25 27.37 27.92 26.17 27.46 27.34 28.80 29.50 28.71 29.67 29.48 30.04 30.19 29.55 30.05 30.39 30.18 29.70 27.06 25.71 25.11 28.68 28.28 26.39 24.47 26.45 24.14 22.11 24.29 23.68 21.73 24.25 25.42 24.18 26.96 28.64 28.74 28.92 29.01 29.05 29.77 28.89 29.93 29.45 30.32 30.07 29.28 27.67 27.76 27.97 28.46 28.30 27.54 27.74 27.69 27.75 28.03 27.83 27.77 27.43 28.02 26.99 28.49 27.58 27.71 28.58 26.75 28.60
25.51 24.70 26.85 26.07 23.77 25.59 26.85 26.16 24.93 25.82 27.67 26.94 26.29 27.30 26.37 28.11 28.48 29.46 28.43 27.89 28.53 30.02 30.27 29.93 30.29 30.22 28.68 26.46 25.92 25.49 25.92 27.44 25.86 25.88 23.74 23.31 23.27 25.26 22.67 21.50 23.66 22.08 22.22 27.21 28.01 29.39 28.34 28.39 28.96 29.48 29.20 29.55 28.21 29.28 29.65 29.26 29.41 25.84 27.68 28.63 27.74 27.82 26.00 25.55 26.19 26.10 26.24 28.33 27.75 26.86 25.84 27.82 28.00 29.48 28.98 28.04 29.49
27.68 27.83 27.11 26.68 26.97 23.54 25.09 26.72 27.62 26.64 27.29 26.21 25.38 25.26 26.50 26.32 28.39 29.69 29.44 29.89 29.61 29.92 30.29 30.05 29.76 28.48 26.61 26.47 27.65 26.85 26.24 25.34 23.23 19.94 20.77 21.10 24.10 24.47 24.42 23.85 21.65 20.34 21.42 22.49 26.98 26.85 28.25 28.13 28.42 29.11 28.86 28.88 28.81 28.48 29.25 29.38 29.67 29.97 29.39 28.68 28.66 27.48 28.10 27.25 27.37 27.21 23.49 28.60 29.23 29.00 28.02 29.26 27.76 28.24 27.19 27.59 27.74
26.43 28.59 27.23 27.12 27.41 25.01 24.32 26.22 24.43 25.47 27.36 26.15 26.28 26.84 25.91 25.42 28.55 28.84 29.05 29.81 29.42 30.32 30.36 29.90 28.96 28.50 26.14 27.12 28.00 27.10 27.03 26.29 24.08 21.51 21.40 17.96 19.71 19.59 20.33 23.21 19.92 19.65 20.20 21.24 23.98 26.01 27.81 27.98 27.28 27.90 28.65 27.53 27.55 26.67 28.74 29.05 28.33 27.48 28.70 28.91 28.68 28.43 27.84 28.55 26.74 27.58 27.05 27.43 27.99 28.81 28.04 27.54 28.78 29.00 28.42 28.26 28.49
26.82 26.90 27.36 25.36 26.02 28.68 24.98 26.81 26.22 26.99 28.01 26.57 24.57 26.40 25.23 24.05 27.30 28.11 28.51 27.97 29.64 29.67 29.58 29.40 29.22 27.24 26.90 26.03 26.52 26.49 25.19 25.83 23.01 22.35 21.38 18.79 19.19 17.67 17.70 19.47 19.52 18.60 19.44 21.61 23.91 22.80 26.49 27.14 27.56 23.80 24.10 26.23 27.39 26.90 28.31 27.93 27.57 26.44 27.44 29.30 29.05 29.77 29.03 27.01 26.30 28.20 27.85 28.21 26.90 28.56 27.77 27.94 28.50 28.40 27.79 25.97 26.90
28.48 27.77 28.67 23.43 25.11 26.68 26.54 25.73 26.99 25.05 27.35 25.11 24.10 24.14 24.56 25.41 25.42 27.79 28.04 28.94 29.49 29.89 28.58 27.58 27.92 26.20 25.39 25.51 24.77 25.97 22.52 20.77 19.30 18.33 18.29 20.09 18.55 19.21 19.34 20.94 23.25 21.80 20.85 22.45 23.99 22.72 23.71 26.25 26.16 23.94 22.09 25.46 26.05 28.14 27.85 28.99 28.17 28.28 27.72 29.32 28.54 29.80 30.60 27.20 28.59 28.37 27.23 28.60 28.24 29.41 27.40 28.93 28.33 28.46 26.91 26.38 26.48
27.97 28.37 29.22 28.05 27.93 27.30 27.53 26.22 28.23 24.90 25.81 26.37 26.20 24.12 24.28 25.41 26.73 29.02 27.73 28.51 30.14 29.70 28.59 27.28 27.97 27.53 24.72 23.38 23.30 24.02 22.12 20.15 19.92 19.55 21.46 22.23 21.33 18.65 20.94 24.20 24.85 24.92 23.80 24.86 27.42 24.90 25.55 26.04 27.42 25.48 23.98 24.84 25.93 25.71 24.79 27.28 25.55 28.47 28.98 29.33 29.27 28.63 29.93 28.09 28.68 27.84 27.80 27.50 26.91 28.81 29.30 29.74 27.55 26.65 26.96 26.02 27.75
28.04 28.78 29.13 26.36 28.81 27.47 26.47 24.48 24.49 24.66 27.00 26.87 24.70 23.76 24.43 26.43 26.41 27.64 27.92 28.81 28.91 30.03 27.94 27.48 26.37 23.96 21.60 22.62 22.67 23.40 20.82 23.11 24.57 22.00 20.53 22.19 20.29 18.72 18.49 21.97 23.92 25.34 25.25 25.83 26.38 25.10 27.58 26.62 25.40 24.88 23.51 24.14 21.51 22.27 22.94 26.95 27.16 27.89 28.74 30.36 29.59 29.73 29.01 29.02 29.10 28.57 28.39 27.70 27.92 27.61 27.89 27.54 27.65 27.57 27.89 27.37 25.72
28.61 27.92 28.42 28.56 26.51 25.95 27.22 27.45 24.96 25.36 26.09 25.48 25.78 24.14 23.63 25.03 25.19 25.98 26.66 28.46 28.00 28.79 28.20 26.25 26.44 22.71 22.01 22.23 20.91 21.34 20.16 22.65 25.49 20.99 20.85 22.29 21.71 20.95 20.36 22.70 22.76 23.64 22.97 22.21 26.45 24.54 25.77 27.92 26.42 25.38 23.97 23.25 21.88 23.04 20.93 25.09 24.69 25.57 27.30 30.19 27.79 27.52 28.77 28.21 27.87 26.34 28.08 26.71 27.55 27.80 27.49 28.77 28.49 28.83 26.55 27.17 27.99
28.82 28.57 28.20 27.32 26.74 26.33 25.87 27.94 26.39 26.24 26.55 25.90 25.48 24.07 24.58 25.71 26.89 26.50 26.61 27.49 28.00 27.54 28.68 28.22 25.64 23.29 23.63 22.87 22.00 22.87 23.37 22.55 20.40 17.69 19.01 23.17 22.45 23.45 23.83 22.44 22.24 25.16 22.78 22.64 25.79 26.63 27.02 27.50 24.07 25.31 22.68 23.26 22.65 22.20 23.34 25.05 23.40 23.43 26.44 27.95 26.64 27.35 29.30 28.97 27.01 28.17 28.30 28.21 26.13 28.44 27.68 26.68 27.94 28.49 27.41 27.07 27.43
27.91 28.45 27.62 28.10 26.84 24.87 25.58 27.50 26.71 27.04 25.19 26.76 24.85 24.22 23.00 25.90 25.07 26.69 27.55 27.97 26.76 26.02 27.90 28.30 27.25 23.99 23.29 22.66 21.40 23.07 21.12 23.52 22.58 20.65 21.02 22.30 22.93 22.91 25.88 27.47 26.93 27.15 24.73 25.73 27.88 27.19 27.71 28.28 26.84 26.34 23.96 23.90 22.32 23.35 25.40 25.82 23.01 24.65 26.41 27.07 26.71 26.23 28.92 27.13 26.29 27.09 27.58 27.62 27.44 28.58 27.71 28.15 25.77 27.01 27.92 28.02 27.95
28.52 28.68 28.43 29.11 29.65 26.11 28.51 26.69 26.02 25.46 25.07 25.84 24.85 24.51 24.36 26.23 24.73 26.80 26.33 26.26 26.42 26.51 25.93 24.01 24.96 22.91 22.35 20.63 20.77 22.20 20.71 23.08 25.54 25.73 23.21 24.09 24.33 25.46 25.82 26.46 28.38 28.26 26.70 26.96 26.51 28.13 27.78 26.48 27.86 28.19 26.57 23.88 21.63 21.71 22.96 23.69 23.26 21.91 24.32 28.41 27.73 27.15 26.02 27.82 27.43 27.16 26.91 27.85 29.02 27.00 26.04 28.30 25.25 27.12 27.23 27.36 26.95
28.78 28.95 27.77 28.49 28.14 28.88 27.89 27.90 26.92 25.92 25.08 25.03 23.64 25.35 24.26 25.07 24.65 24.44 24.49 26.28 25.22 26.83 28.29 27.27 23.64 22.35 23.27 21.45 25.16 23.12 21.85 23.73 26.66 27.80 26.62 26.06 25.29 27.05 25.41 27.69 27.89 29.21 27.03 26.57 26.29 26.97 27.84 28.48 27.91 27.74 27.39 26.64 21.31 21.17 22.10 22.81 25.12 23.38 22.95 25.34 25.09 26.29 26.77 27.61 26.36 25.46 27.39 27.48 27.66 25.31 26.82 28.42 26.07 27.77 26.88 27.03 27.31
28.38 28.65 28.10 29.02 28.58 28.60 27.55 27.70 29.18 28.13 26.99 26.47 25.06 26.73 26.21 27.26 26.93 22.75 23.02 26.28 27.52 26.46 27.37 26.38 25.38 23.03 22.01 23.21 26.34 25.11 21.80 23.01 22.81 25.84 27.28 27.29 27.13 25.46 24.73 25.93 26.23 27.99 26.87 26.30 27.78 27.60 28.17 28.13 28.62 28.47 29.14 27.35 21.60 21.09 20.50 21.84 23.45 22.84 23.52 26.48 25.04 26.69 24.88 25.22 29.04 28.52 27.78 28.48 28.28 26.38 26.34 27.50 27.54 27.96 28.52 27.42 26.08
28.55 28.93 27.34 28.65 26.87 27.78 27.73 28.49 28.35 26.98 27.03 28.06 27.06 26.64 25.90 26.69 28.33 24.94 24.20 25.98 24.27 24.01 24.20 25.75 25.83 25.63 25.76 27.39 28.10 24.97 24.30 23.60 22.71 24.20 28.75 27.56 27.45 24.36 22.65 24.70 26.33 26.27 26.93 24.40 26.96 26.39 26.56 26.35 27.94 27.28 28.73 28.92 25.78 22.89 22.43 23.70 23.97 22.93 26.58 25.90 26.54 25.67 27.48 25.60 26.51 27.05 29.34 29.46 29.16 28.29 28.32 27.33 27.37 25.72 26.06 27.19 27.35
28.79 28.75 28.19 28.83 28.42 28.15 26.65 27.19 27.42 27.57 27.89 26.61 25.67 26.36 27.29 25.53 29.06 27.10 25.00 26.63 25.62 24.66 25.64 26.64 25.90 25.27 25.30 25.57 27.88 27.55 27.03 23.94 24.06 23.74 27.54 27.42 25.07 24.76 25.66 25.10 26.47 25.92 25.08 22.85 24.91 26.97 26.39 23.90 26.97 26.76 27.22 28.25 27.52 26.08 24.71 23.26 25.86 26.64 26.73 27.29 27.13 26.35 25.40 27.81 25.97 27.08 27.69 29.41 30.49 29.53 27.82 28.34 28.70 27.23 26.79 25.04 28.17
29.67 29.27 29.33 28.25 29.66 29.04 27.88 29.57 27.97 28.87 29.09 28.72 28.88 26.80 27.71 27.91 27.63 28.06 25.07 26.68 26.26 23.05 23.42 26.67 26.12 27.33 27.15 27.01 28.42 29.09 29.07 26.02 24.86 25.99 27.63 26.73 25.55 25.27 26.11 25.67 26.23 25.62 22.38 22.23 23.68 26.51 27.01 25.53 25.80 24.83 26.46 27.21 26.40 26.93 25.17 24.17 25.21 26.37 26.58 27.57 26.73 28.71 27.18 27.71 26.67 26.92 25.89 28.38 30.00 30.27 28.71 29.14 28.12 27.66 25.74 25.99 27.50
29.24 29.20 29.22 28.97 28.70 29.30 28.28 28.57 29.69 29.32 30.20 29.99 30.30 29.14 27.98 28.67 27.25 27.91 26.56 26.66 25.50 23.15 24.03 24.43 23.77 25.21 25.52 27.37 28.51 28.71 29.66 26.99 25.61 25.15 24.17 26.50 25.94 26.02 26.26 26.64 25.73 25.53 25.57 25.56 24.99 24.91 25.67 26.62 25.89 25.49 26.68 28.03 28.40 27.98 26.59 25.18 23.96 26.93 25.76 26.23 27.51 26.09 24.77 25.75 27.77 28.39 26.55 27.80 29.70 29.73 28.77 29.77 29.00 29.98 28.22 27.78 26.93
28.30 28.60 29.73 29.41 29.10 29.33 29.08 27.58 28.55 30.16 30.31 30.51 29.72 29.51 27.44 28.55 28.44 27.92 25.96 24.69 25.69 26.07 24.15 23.07 21.58 23.03 23.93 26.22 27.03 29.39 29.48 25.63 25.27 25.21 24.54 25.05 26.69 25.60 26.31 27.25 27.13 24.68 24.91 24.12 25.39 24.79 26.13 24.93 25.73 24.88 24.98 26.86 27.85 27.85 25.73 26.52 26.32 25.57 23.58 22.03 24.53 23.78 24.36 25.91 27.10 28.82 28.73 28.50 29.22 29.78 28.47 30.02 29.41 29.07 29.85 27.33 28.24
29.47 29.32 28.78 28.36 30.04 29.14 29.40 28.22 28.33 29.16 29.51 30.05 29.38 29.16 28.68 26.64 28.18 28.95 28.13 25.36 22.80 25.95 25.12 24.87 24.85 23.03 22.99 26.02 25.19 27.35 27.70 26.97 24.76 23.27 25.04 25.97 25.42 26.25 27.26 26.72 26.72 24.49 24.94 24.88 25.47 23.65 24.89 25.83 24.69 24.62 24.12 25.55 25.38 27.82 27.57 27.53 25.17 23.58 22.19 21.55 21.78 24.81 26.01 26.51 27.17 29.28 28.68 29.57 29.61 30.13 29.15 29.69 30.23 29.24 29.48 28.16 28.79
28.82 27.88 27.64 29.38 29.44 28.66 29.67 28.57 28.45 28.54 27.69 29.67 29.67 29.47 28.57 29.06 27.41 28.51 27.83 26.11 24.85 25.33 24.22 24.50 24.09 21.47 23.50 24.64 22.92 25.39 25.97 25.63 24.38 23.49 24.55 22.87 23.41 24.81 26.69 24.89 25.66 21.53 23.54 25.17 24.61 25.74 25.10 24.44 25.69 24.22 25.50 26.07 27.15 26.95 26.18 27.10 26.69 25.53 24.93 21.42 23.86 23.14 22.62 26.14 29.01 27.28 28.63 30.47 30.24 30.24 29.97 29.70 29.86 29.97 30.04 29.35 28.93
28.26 29.14 28.27 29.03 28.82 29.26 28.54 29.79 27.94 26.55 27.65 29.15 29.05 28.43 27.56 29.28 28.23 28.18 26.55 25.93 25.60 26.88 25.63 25.40 26.53 23.12 24.25 23.00 26.18 27.06 26.34 25.11 22.16 24.65 23.06 23.66 22.94 24.38 26.81 25.66 22.88 21.67 23.59 23.48 22.61 24.84 24.12 24.55 25.72 24.30 24.25 25.84 25.86 26.22 26.73 25.78 26.01 27.80 26.70 25.34 25.95 22.41 24.53 25.57 27.00 26.29 28.44 30.04 29.52 29.83 29.98 29.54 29.71 29.40 29.17 29.67 30.09
28.29 28.87 28.29 26.92 29.39 29.40 28.11 28.20 29.08 27.25 28.66 28.37 28.63 28.22 28.38 28.46 27.74 27.95 27.77 26.13 25.90 25.33 25.33 27.32 26.57 24.66 23.39 22.93 24.83 26.29 24.91 25.14 23.05 23.24 24.49 26.17 24.24 24.56 25.11 26.13 25.77 23.42 21.07 20.94 23.59 23.34 24.69 23.74 24.36 24.19 24.18 24.31 24.28 25.31 27.47 26.34 27.04 27.06 26.69 26.98 28.81 25.41 24.91 26.46 27.37 28.16 28.75 29.33 29.40 30.10 29.81 29.43 30.16 28.74 29.68 29.82 29.83
29.85 28.99 28.30 28.26 28.10 28.89 28.61 28.36 28.14 27.94 26.92 26.87 27.92 28.35 28.01 27.41 27.57 27.02 25.93 26.17 25.37 26.00 25.65 28.45 27.96 26.43 24.62 23.36 24.70 24.69 23.78 27.09 25.13 25.78 26.61 26.58 27.13 25.32 22.45 24.51 24.65 22.44 22.94 20.75 22.32 21.87 24.47 24.70 25.78 24.22 23.09 23.22 26.99 25.55 27.17 28.02 25.21 24.28 24.93 25.14 29.49 27.19 26.38 24.93 25.67 26.19 27.82 28.67 28.81 29.52 29.90 30.05 28.67 29.03 29.99 29.47 29.33
30.01 29.04 30.51 29.25 28.13 28.24 27.81 27.18 28.29 28.89 27.60 27.99 27.91 28.74 27.43 27.13 26.42 27.32 28.26 28.33 28.67 26.96 26.23 26.62 27.74 25.36 24.58 24.36 26.01 24.38 24.00 21.62 23.60 25.22 24.32 25.39 24.40 24.19 23.65 22.84 26.53 23.60 23.95 23.30 22.87 21.73 22.52 24.92 25.74 24.78 20.88 22.77 26.02 23.01 24.85 25.44 24.05 23.20 24.45 23.38 28.76 27.06 24.43 25.78 26.90 23.95 25.78 26.26 27.94 29.18 28.79 30.10 28.99 29.82 28.64 28.23 29.03
29.09 30.01 30.39 28.79 28.49 27.78 27.73 27.11 29.20 27.95 26.92 26.95 26.99 27.19 26.10 27.05 27.71 27.33 27.92 27.59 28.48 26.33 27.52 25.15 27.31 26.59 22.70 23.58 25.12 27.60 25.19 20.73 19.50 23.29 22.22 23.77 22.46 23.04 22.09 23.05 25.34 25.41 25.38 25.03 26.14 21.39 23.26 24.16 24.55 25.19 20.36 22.12 25.54 24.82 26.27 26.92 27.55 25.38 23.61 24.55 28.17 27.03 23.33 23.57 25.94 26.42 26.08 25.65 27.11 28.75 30.54 28.89 29.23 28.97 29.04 29.40 28.47
