main/data/irradiance/17.04.2023.grid
ncols 839
nrows 679
xllcenter 112.0500
yllcenter -43.9500
cellsize 0.0500
nodata_value 99999.90
[rows 238 to 271 of 679, columns 693 to 769 of 839]
8.95 10.59 11.51 12.55 14.36 14.80 15.00 15.73 16.86 16.66 16.22 15.09 15.33 15.04 15.06 15.29 15.88 15.73 14.98 14.06 12.87 13.37 14.26 14.99 14.84 14.76 13.43 13.00 12.54 12.54 12.55 10.79 10.37 11.26 12.38 11.09 12.25 11.32 12.59 13.19 13.54 13.69 13.54 12.78 12.60 12.79 13.62 14.02 15.36 16.27 16.97 17.77 18.99 19.09 18.75 18.32 18.32 18.32 16.31 16.31 16.31 15.08 15.08 15.08 15.08 15.08 15.08 15.08 14.43 14.43 14.43 14.43 14.43 16.73 16.73 16.73 16.73
9.49 11.50 12.01 12.71 14.40 15.52 15.28 15.66 16.70 16.99 15.91 14.86 14.85 15.47 15.30 15.68 15.83 15.40 14.37 13.78 12.99 13.79 14.33 14.58 14.59 14.29 14.22 13.07 13.03 13.13 12.02 10.71 10.47 11.98 11.18 11.01 12.88 11.94 12.10 13.23 13.12 13.09 13.65 13.00 13.19 13.28 14.11 13.42 14.39 15.41 16.07 16.74 17.75 18.31 19.35 18.39 18.39 16.31 16.31 16.31 16.31 15.08 15.08 15.08 15.08 15.08 15.08 14.43 14.43 14.43 14.43 14.43 14.43 16.73 16.73 16.73 16.73
10.34 11.16 11.32 13.27 14.30 14.75 14.41 14.66 16.05 15.97 14.98 15.15 15.16 15.79 14.95 14.97 14.51 13.83 13.72 13.35 13.92 14.85 14.97 14.22 14.14 14.92 14.28 13.63 13.55 13.36 11.96 11.70 11.43 11.65 10.81 10.53 12.76 12.43 11.83 12.91 13.37 13.18 13.84 12.97 13.52 13.21 13.83 14.67 14.96 14.32 14.87 15.66 16.92 17.51 18.14 17.89 16.31 16.31 16.31 16.31 16.31 15.08 15.08 15.08 15.08 15.08 15.08 14.43 14.43 14.43 14.43 14.43 14.43 16.73 16.73 16.73 16.73
12.08 12.43 13.45 13.36 13.37 14.83 15.07 14.97 15.40 15.29 15.56 16.31 15.92 14.95 14.88 14.79 13.94 14.61 13.77 14.22 14.25 14.80 15.58 14.66 14.90 14.66 14.81 14.42 13.56 13.75 12.34 11.85 11.68 11.75 11.69 10.49 11.70 12.78 12.74 12.41 12.90 13.67 13.84 13.25 12.79 13.25 13.87 14.60 14.64 14.85 14.86 15.42 16.40 17.37 17.63 16.82 16.01 16.01 16.01 16.01 16.01 15.08 15.08 15.08 15.08 15.08 15.17 14.43 14.43 14.43 14.43 14.43 14.43 16.73 16.73 16.73 16.73
12.30 13.58 13.81 13.05 13.68 14.89 15.30 15.36 15.12 14.23 15.77 15.51 15.00 14.21 14.91 13.69 13.51 14.73 13.16 13.86 14.87 14.92 15.05 14.89 15.49 15.09 14.97 13.77 13.75 14.14 13.48 13.05 12.78 12.95 12.65 11.74 11.20 11.00 11.58 12.05 12.98 12.91 14.08 12.14 13.38 13.39 13.33 13.63 14.29 15.02 14.30 14.77 15.94 17.34 17.01 16.35 16.20 16.20 16.20 16.98 16.98 15.08 15.08 15.08 15.08 15.08 15.17 14.43 14.43 14.43 14.43 14.43 14.61 16.73 16.73 16.73 16.73
12.58 14.16 14.56 14.61 15.17 15.44 15.06 14.83 14.13 13.68 14.84 14.97 14.24 14.26 14.29 13.51 13.58 14.18 13.79 14.03 14.40 14.71 15.54 16.20 15.73 14.92 13.92 13.46 13.76 14.25 14.04 13.45 13.18 13.62 12.97 11.52 10.44 10.57 11.38 12.36 12.41 12.23 12.80 12.86 13.07 13.12 12.58 13.58 14.13 14.39 14.16 14.22 14.97 16.25 16.42 16.09 16.47 16.47 16.98 16.98 16.98 15.87 15.87 15.87 15.87 15.87 15.17 14.43 14.43 14.43 14.61 14.61 15.39 16.73 16.73 16.73 16.73
13.61 13.89 14.30 14.57 14.98 14.54 14.00 13.83 13.29 13.18 14.04 14.26 14.28 14.53 13.90 13.24 13.96 13.54 13.46 14.00 14.47 15.00 15.78 16.32 15.99 15.36 14.26 13.27 12.96 12.79 13.54 13.44 13.50 13.22 12.56 11.55 10.79 11.89 12.29 12.53 12.11 12.18 12.33 12.61 12.51 12.41 12.28 12.73 13.05 13.69 13.93 14.11 14.47 14.94 15.23 16.42 16.96 16.98 16.98 16.98 15.70 15.87 15.87 15.87 15.87 16.03 16.03 14.93 14.93 14.61 14.61 15.39 15.39 16.73 16.73 16.73 16.73
13.36 13.71 13.89 13.80 13.41 13.61 13.80 14.27 13.89 13.92 13.75 13.44 13.69 13.52 13.98 14.03 14.32 14.78 14.68 14.10 14.79 15.24 15.02 15.19 15.35 14.66 14.01 13.80 12.30 12.32 12.22 12.89 13.47 13.88 12.66 12.30 11.79 12.36 12.66 11.21 11.83 11.53 11.04 11.58 12.09 12.03 12.10 13.08 13.31 14.31 13.44 13.39 14.04 14.11 15.06 16.05 16.71 17.00 17.00 15.70 16.02 16.02 15.87 16.34 16.34 16.34 16.21 15.60 14.61 14.61 15.39 15.39 14.29 16.73 16.73 16.73 16.73
12.84 13.18 13.62 13.46 13.26 13.41 13.93 13.88 13.92 14.05 14.55 14.05 13.63 14.86 15.50 14.98 14.92 14.81 14.13 14.50 15.38 14.64 14.41 14.86 15.14 14.70 14.88 12.92 11.46 11.24 11.70 12.49 13.80 13.75 12.69 12.41 11.47 11.84 11.90 11.69 11.10 9.91 10.59 11.60 12.49 12.69 11.85 12.54 13.78 14.26 13.66 13.37 14.09 13.98 14.75 15.08 15.31 15.53 15.70 15.70 16.02 16.02 16.54 16.13 16.13 16.13 15.74 16.25 15.32 15.39 15.39 15.39 14.29 14.29 16.73 16.73 16.73
12.49 12.66 13.30 13.60 13.47 13.46 12.98 13.27 14.05 13.77 14.13 13.93 14.02 15.31 15.94 16.36 15.18 15.10 14.52 14.65 15.12 14.87 14.42 14.88 14.52 14.03 14.46 13.21 12.08 11.49 11.59 11.85 13.14 13.08 12.66 13.19 12.57 12.01 10.92 10.40 10.16 9.78 10.73 11.75 12.95 12.77 11.54 12.48 13.35 14.20 14.10 13.35 13.64 13.78 14.28 14.76 14.91 14.28 15.64 15.87 16.02 16.02 16.54 16.54 16.13 16.13 16.08 15.73 16.01 16.20 16.20 15.92 14.29 14.29 14.29 16.93 16.93
12.45 12.44 12.79 13.52 13.99 13.76 13.59 13.05 13.61 12.89 11.96 12.60 13.81 14.78 15.26 14.99 14.59 14.71 14.34 14.64 15.03 14.99 14.56 14.12 14.23 13.51 13.82 12.44 11.49 11.31 11.46 12.01 13.26 13.42 13.47 13.88 13.32 12.03 10.23 10.45 11.23 10.99 11.29 12.09 12.84 12.73 12.83 12.86 13.30 14.47 14.35 13.39 13.59 14.00 14.02 13.81 14.25 13.38 14.52 15.74 16.02 16.54 16.54 16.54 15.86 16.61 16.61 16.40 16.26 16.49 16.27 15.92 14.29 14.29 15.19 15.91 15.91
13.14 13.50 13.82 14.91 15.26 14.59 13.55 12.42 12.48 11.54 11.83 12.47 13.01 14.11 14.37 14.75 14.05 14.25 13.86 14.52 14.52 14.31 13.55 12.77 12.90 13.49 12.61 11.24 11.33 11.82 12.06 12.89 12.81 12.86 12.58 12.73 12.35 11.55 11.25 10.83 10.35 10.74 11.54 12.63 12.98 13.14 13.26 13.26 13.35 14.08 14.28 13.57 14.04 13.87 14.10 13.59 13.49 13.40 14.13 14.78 14.78 16.21 15.89 15.86 15.86 16.61 16.61 15.59 16.46 17.24 17.40 17.14 15.82 15.19 15.19 15.50 15.91
13.48 14.51 14.53 14.50 14.28 13.05 12.42 10.60 11.02 11.88 12.44 12.99 13.42 13.63 14.29 14.62 13.44 13.43 14.35 13.75 14.32 14.13 13.17 13.09 12.50 12.52 12.74 11.72 11.47 12.11 12.77 12.87 11.85 11.32 11.93 11.82 12.80 12.28 11.83 11.15 10.42 11.02 11.28 12.21 12.91 13.54 13.37 12.93 13.69 13.51 14.53 14.38 14.02 13.65 14.21 13.85 13.02 13.32 13.49 13.46 14.85 15.53 15.59 15.91 16.04 16.04 15.24 15.24 16.28 17.43 17.64 17.09 16.99 15.78 14.87 15.50 15.50
13.04 13.94 14.16 13.86 13.60 12.37 11.24 10.97 11.59 12.15 12.00 13.05 13.21 13.16 14.59 14.72 14.06 13.49 14.28 13.72 14.04 13.41 12.40 12.01 11.76 12.13 12.81 12.05 11.32 11.60 12.36 12.19 10.91 11.16 11.09 12.17 11.96 11.79 10.78 10.92 11.50 10.97 11.16 11.75 12.81 12.89 13.22 13.34 14.22 13.99 14.58 14.71 14.25 14.25 13.86 13.77 13.08 13.30 13.41 14.05 15.02 14.86 15.45 15.15 15.65 16.48 16.48 15.66 16.34 16.98 16.52 17.28 17.07 16.20 14.85 15.34 15.16
12.43 12.81 12.95 12.93 12.81 12.19 12.16 11.54 11.13 11.15 11.92 11.73 12.64 13.65 14.16 14.02 13.54 13.27 13.88 14.03 13.60 12.45 11.95 12.75 12.69 12.76 13.11 12.18 12.08 12.26 12.39 12.00 11.81 10.73 10.92 12.15 11.87 11.23 10.45 11.78 11.00 10.96 11.70 12.42 13.17 13.43 13.62 14.21 14.92 14.97 14.85 15.23 14.72 14.77 13.98 14.08 13.23 12.83 13.31 13.82 13.20 13.52 14.07 14.90 15.12 15.09 15.69 16.39 16.56 16.28 17.05 16.26 16.69 16.84 15.67 15.18 14.38
13.17 12.44 12.11 12.29 12.54 12.24 10.62 10.09 10.16 11.51 11.23 10.76 12.35 12.94 13.23 13.32 12.99 12.68 13.64 12.86 11.43 11.68 11.80 13.03 13.05 12.94 12.91 12.89 12.83 12.69 13.22 12.72 12.41 10.88 10.51 12.33 11.81 11.34 11.72 12.64 12.41 12.59 12.79 13.46 13.80 14.43 13.75 14.34 15.02 15.12 15.48 15.68 15.31 14.35 13.84 14.05 13.01 13.25 13.98 13.36 12.34 13.06 14.60 15.30 14.60 15.11 14.80 15.56 15.72 16.39 17.06 17.58 16.34 16.26 15.81 15.40 15.07
12.34 11.48 11.41 11.51 11.06 11.55 10.41 10.47 10.20 10.22 10.64 10.21 12.04 12.46 12.71 12.91 13.32 12.77 12.80 13.00 10.91 10.58 10.90 12.61 13.15 13.34 13.04 12.77 12.45 13.22 13.09 12.73 11.20 11.60 11.26 12.54 11.39 11.75 11.85 12.45 13.55 13.93 14.64 14.39 14.15 14.32 13.71 14.29 15.18 15.26 15.50 15.79 14.94 14.01 14.05 14.65 13.32 13.84 14.09 12.96 12.42 13.22 14.16 12.80 14.16 15.40 15.44 15.35 15.43 16.17 17.05 17.62 17.84 16.37 15.57 15.48 15.66
10.96 10.51 10.11 9.80 9.61 11.72 12.06 11.07 10.37 11.15 10.82 10.39 11.30 12.17 12.58 12.49 12.65 12.59 12.33 11.27 9.81 11.01 11.93 12.64 12.89 13.65 13.23 12.09 11.92 12.54 12.17 11.28 11.13 11.26 11.86 12.36 11.72 12.14 12.43 13.49 14.07 14.39 13.89 14.31 14.20 14.20 14.65 14.65 15.15 14.94 15.94 15.08 14.53 14.23 14.24 14.16 14.33 14.24 14.40 13.57 13.63 14.09 13.77 13.05 13.37 15.66 15.90 16.23 15.69 16.13 16.70 16.89 17.25 16.34 16.67 15.84 15.36
10.51 10.21 9.93 9.55 9.80 12.00 12.18 11.25 11.27 11.26 11.18 10.59 11.53 11.41 11.93 12.08 12.89 12.47 10.65 9.84 10.36 11.08 11.86 12.59 12.66 12.90 13.32 13.18 12.64 12.75 11.83 10.09 10.38 11.38 11.57 11.50 11.96 12.44 13.10 14.10 14.54 14.27 14.02 14.34 14.71 15.25 15.71 15.18 14.94 14.86 15.22 15.52 15.00 14.60 14.40 13.18 12.94 13.40 14.60 14.58 14.83 14.61 13.71 13.86 13.16 14.42 15.50 15.52 15.99 16.51 16.92 17.11 17.42 17.48 17.41 16.38 15.89
11.38 10.85 10.61 9.44 9.90 11.28 12.35 11.88 11.72 10.16 10.61 10.79 12.07 11.51 11.29 11.35 11.12 10.89 9.80 9.70 9.93 10.04 12.15 12.80 13.09 11.64 11.57 12.47 12.57 12.29 11.28 10.37 9.84 11.96 11.34 11.05 11.62 12.94 13.64 13.88 14.41 14.55 14.62 15.11 15.22 15.66 15.53 15.21 15.27 15.55 15.61 15.26 14.46 14.41 14.62 14.65 13.63 13.98 14.07 14.46 14.45 13.76 14.69 15.53 15.52 14.61 14.32 15.46 16.68 16.50 17.40 17.38 17.72 17.47 16.99 16.13 15.59
10.74 10.39 9.70 9.44 10.01 10.29 11.72 11.46 11.33 10.85 10.71 10.96 12.19 10.75 10.48 11.20 10.71 10.09 10.18 10.22 10.16 10.91 12.07 14.08 13.33 11.84 12.14 12.30 11.45 11.61 9.34 9.32 9.86 11.71 11.36 12.11 12.69 13.89 13.66 14.45 15.23 15.27 15.43 15.33 15.11 15.65 16.02 15.93 15.82 15.82 15.71 14.89 14.63 14.93 14.75 14.18 14.43 14.92 13.70 13.78 13.31 13.93 14.73 15.37 15.87 14.53 14.80 15.87 15.65 16.56 15.78 16.69 17.38 16.64 16.62 15.91 15.60
8.55 8.74 9.79 9.26 10.08 10.03 10.76 10.58 11.88 12.09 12.13 11.92 11.35 9.59 9.06 10.32 10.73 9.91 10.66 11.25 10.94 10.57 12.78 12.90 11.89 12.24 12.19 10.51 10.21 9.84 9.48 9.95 9.77 11.36 11.84 13.45 13.12 14.22 14.70 15.05 15.45 15.91 16.13 16.31 15.21 15.46 15.71 15.34 15.57 15.73 15.17 15.32 15.42 15.10 14.51 13.62 14.01 13.75 13.51 13.67 12.99 14.40 15.09 14.76 14.64 15.04 14.91 15.07 16.28 15.80 15.87 16.97 15.52 16.52 16.25 15.95 15.03
8.21 9.23 9.63 9.49 8.75 8.04 9.37 10.31 11.65 12.15 11.99 11.05 10.37 9.41 8.55 9.95 10.77 10.23 10.39 11.97 11.77 11.53 11.32 11.56 10.83 9.82 10.15 10.37 9.71 9.48 10.15 10.77 11.02 11.81 12.27 12.86 14.66 15.28 15.59 15.24 15.40 15.93 16.43 16.91 16.65 15.69 15.21 15.57 15.66 15.77 14.81 15.12 14.62 14.06 13.64 13.83 13.75 13.21 13.41 12.78 11.49 12.92 14.39 15.53 15.68 16.28 16.48 16.36 15.73 16.45 15.54 16.24 16.29 15.85 15.57 15.84 15.49
9.10 9.35 10.11 9.93 8.51 7.18 8.93 11.30 11.18 11.97 11.86 10.70 10.32 9.66 9.19 9.90 11.08 9.77 10.53 11.04 10.54 10.73 10.72 10.93 10.05 9.42 9.16 9.53 9.21 9.70 10.40 11.19 11.83 12.10 13.08 13.45 14.00 15.32 15.75 15.20 15.62 15.59 16.24 17.33 17.04 16.57 15.65 15.61 15.33 14.70 14.43 14.32 14.75 13.83 13.19 13.95 13.93 13.36 13.50 12.08 11.80 11.85 13.28 14.57 15.77 16.56 16.24 16.48 15.77 16.64 15.18 16.07 16.41 15.98 15.99 15.43 15.33
9.14 9.15 9.66 9.64 8.03 7.86 10.23 12.11 11.90 12.25 12.27 10.89 9.78 9.65 10.30 9.03 11.86 11.83 11.20 10.01 9.73 9.52 9.76 9.82 10.40 9.74 10.29 10.87 9.98 9.82 11.43 12.12 12.11 12.18 12.78 13.57 14.70 15.41 15.16 14.93 16.18 16.25 15.59 15.77 16.73 16.60 16.48 15.89 15.27 14.82 14.74 14.96 15.18 14.33 14.27 14.50 13.79 13.96 13.69 12.45 12.39 12.43 11.94 12.13 14.34 15.71 16.51 17.82 17.98 17.41 16.00 15.71 16.28 16.07 15.91 16.06 15.85
9.87 9.26 8.63 8.61 7.84 9.20 10.87 12.21 12.51 12.50 12.40 12.74 11.47 10.95 12.07 11.87 12.48 13.00 11.82 11.70 11.36 10.96 10.67 10.11 10.40 11.17 11.24 12.04 11.12 11.45 12.86 13.45 13.44 13.49 13.96 14.33 15.15 14.51 15.02 15.92 16.52 15.35 14.87 15.88 16.97 17.45 17.05 15.93 15.05 15.20 15.37 15.52 15.99 15.54 14.93 15.19 14.07 14.44 14.06 13.89 14.02 12.42 12.65 12.21 13.54 14.91 15.84 17.32 18.22 17.81 16.94 16.78 16.64 16.22 16.30 16.56 16.12
10.26 9.86 8.94 8.72 8.00 9.47 12.47 12.70 12.57 13.26 12.80 13.02 12.72 12.32 12.14 11.72 12.70 13.40 11.87 11.69 12.77 12.81 12.18 11.70 11.93 11.87 12.50 13.88 13.10 13.09 13.55 14.14 14.08 14.35 14.92 14.40 15.59 15.15 14.59 15.28 15.65 15.58 14.98 15.44 16.11 16.58 16.80 16.39 15.89 15.85 16.07 16.71 16.75 16.12 15.84 15.76 15.30 15.39 14.54 14.32 13.97 13.77 13.45 13.27 12.88 12.94 15.05 17.24 18.17 17.88 17.38 17.25 16.94 16.58 16.50 16.42 16.21
11.08 10.53 10.36 10.09 9.46 10.51 12.11 12.27 12.76 13.14 13.65 13.62 13.12 12.14 11.82 11.54 12.71 13.24 11.33 12.30 13.11 13.13 13.13 13.24 13.42 13.00 13.77 14.36 14.63 14.38 14.69 14.82 13.97 14.53 15.09 15.86 15.87 15.44 15.26 15.91 15.71 16.18 15.69 15.46 15.88 16.19 16.33 16.94 16.20 16.00 16.52 16.87 17.28 16.52 16.38 16.33 16.07 15.54 14.60 13.87 13.65 13.83 13.65 13.40 12.25 12.55 14.71 16.57 16.91 17.35 17.27 17.80 17.18 16.94 16.65 16.19 16.58
11.05 9.71 10.32 11.19 10.32 10.12 11.03 12.43 12.49 13.26 13.66 13.78 12.56 11.27 11.69 10.44 12.21 13.31 12.75 12.70 13.05 13.21 13.98 13.84 13.87 13.05 13.23 13.76 14.78 15.07 15.28 15.28 14.51 14.66 15.33 16.16 16.29 16.20 16.52 15.92 16.48 16.61 16.07 15.69 15.19 15.71 16.07 16.80 16.53 16.37 16.93 16.85 17.20 17.25 16.85 16.53 16.05 15.05 14.84 14.65 14.53 14.88 14.02 13.70 12.68 12.43 12.85 13.45 14.71 16.24 16.84 17.33 16.60 16.46 16.32 16.49 17.01
11.21 11.19 11.88 12.39 10.85 10.88 10.10 10.90 12.08 12.47 12.94 13.35 12.41 11.35 11.68 11.60 12.07 13.62 13.92 14.09 14.35 13.25 14.02 14.23 13.52 13.44 13.89 14.43 15.14 15.05 15.02 15.26 15.46 15.40 15.83 15.94 16.51 16.67 17.01 16.95 17.08 17.05 16.09 15.73 15.50 15.73 16.27 15.91 16.23 16.18 16.49 16.62 17.00 17.39 16.74 16.72 16.76 15.88 15.74 15.05 14.91 14.85 13.20 12.41 12.71 11.84 12.75 13.53 14.38 15.57 16.02 16.12 16.28 16.18 16.42 16.42 17.17
10.91 10.52 12.77 11.66 10.31 10.44 10.90 10.58 11.89 12.38 12.13 12.37 11.46 12.27 12.66 12.30 13.08 13.63 14.63 14.74 14.42 14.38 14.78 14.11 15.08 14.68 15.19 15.62 15.73 15.26 15.58 16.03 16.06 15.81 15.40 16.55 17.10 17.02 17.14 17.53 17.30 16.71 15.83 15.99 16.09 16.61 16.43 16.12 15.39 15.17 15.52 15.72 16.60 17.37 17.15 16.25 16.52 16.98 16.56 15.87 14.98 13.79 14.17 14.35 14.51 13.08 11.88 12.72 13.90 13.75 14.33 14.08 15.64 16.78 17.47 17.85 17.11
10.47 10.34 11.49 11.61 11.93 12.46 12.63 12.43 12.63 12.68 12.41 11.03 10.41 10.95 10.99 11.61 12.59 13.39 14.27 14.99 15.18 15.13 14.71 14.25 14.59 15.43 15.56 15.86 15.95 16.14 15.87 16.27 16.54 15.76 15.62 16.70 17.19 17.38 17.52 17.52 17.74 16.88 16.74 16.16 16.28 16.86 16.95 16.39 15.71 15.49 16.06 15.82 15.94 16.39 16.86 16.73 17.12 16.86 16.44 16.37 15.43 14.42 14.25 15.37 14.85 13.39 13.54 14.24 13.76 12.84 13.49 13.60 15.43 16.43 17.33 18.16 17.57
10.67 10.51 11.58 11.89 12.91 13.54 13.94 13.67 13.92 13.16 11.74 9.67 9.44 10.46 11.42 12.65 12.96 14.08 14.99 15.34 15.14 15.05 15.61 15.09 15.52 16.01 15.57 16.18 15.48 15.60 16.23 16.87 17.49 16.47 16.56 16.18 17.03 17.92 18.28 18.18 17.73 17.46 16.30 17.06 17.14 17.81 17.93 17.10 16.21 16.33 16.64 15.84 15.67 16.10 15.42 16.24 16.95 17.53 16.38 15.46 14.40 14.25 15.42 15.87 15.73 15.71 15.91 13.29 12.23 13.53 12.70 13.49 13.60 15.56 16.89 18.19 17.58
12.50 11.93 11.93 12.35 12.89 13.28 13.19 13.13 13.91 13.77 12.40 10.19 10.38 11.01 11.78 12.74 13.83 14.80 15.58 15.45 15.73 15.95 16.25 16.26 16.19 15.65 15.82 16.05 15.47 15.90 16.77 16.93 16.75 16.69 16.79 17.10 18.22 18.41 18.08 17.93 18.08 17.67 17.17 17.87 18.26 18.50 17.98 17.17 17.40 16.43 16.48 16.79 16.11 16.45 16.30 16.60 15.72 16.19 16.09 15.69 15.49 14.93 15.86 16.54 17.00 16.45 15.91 14.59 14.53 13.27 13.27 13.82 13.63 13.77 16.02 16.80 17.84
