main/data/irradiance/17.08.2023.grid
ncols 839
nrows 679
xllcenter 112.0500
yllcenter -43.9500
cellsize 0.0500
nodata_value 99999.90
[rows 306 to 339 of 679, columns 156 to 233 of 839]
18.64 18.58 18.55 18.51 18.51 18.55 18.51 18.55 18.57 18.53 18.58 18.64 18.62 18.61 18.57 18.62 18.74 18.77 18.74 18.69 18.70 18.65 18.64 18.64 18.69 18.69 18.72 18.74 18.68 18.59 18.61 18.59 18.58 18.60 18.66 18.64 18.63 18.64 18.62 18.62 18.64 18.70 18.71 18.73 18.66 18.61 18.66 18.64 18.66 18.62 18.63 18.65 18.64 18.61 18.62 18.58 18.57 18.61 18.59 18.64 18.73 18.74 18.90 18.93 18.87 18.66 18.65 18.67 18.61 18.64 18.64 18.62 18.64 18.66 18.66 18.66 18.68 18.63
18.54 18.55 18.42 18.35 18.43 18.51 18.52 18.58 18.58 18.55 18.54 18.58 18.60 18.60 18.57 18.54 18.64 18.68 18.66 18.68 18.68 18.65 18.60 18.60 18.60 18.66 18.69 18.62 18.68 18.56 18.56 18.59 18.58 18.56 18.58 18.60 18.62 18.61 18.60 18.63 18.62 18.65 18.66 18.65 18.66 18.61 18.61 18.57 18.59 18.58 18.63 18.59 18.61 18.60 18.61 18.62 18.64 18.59 18.58 18.59 18.71 18.82 18.62 18.60 18.63 18.56 18.66 18.67 18.68 18.65 18.61 18.60 18.63 18.65 18.65 18.63 18.63 18.63
18.49 18.53 18.46 18.48 18.51 18.46 18.54 18.57 18.59 18.56 18.51 18.56 18.58 18.59 18.60 18.61 18.61 18.64 18.59 18.60 18.61 18.62 18.66 18.60 18.59 18.59 18.63 18.63 18.58 18.59 18.58 18.57 18.58 18.54 18.56 18.56 18.55 18.56 18.58 18.62 18.60 18.62 18.59 18.62 18.63 18.64 18.61 18.59 18.59 18.60 18.57 18.61 18.61 18.63 18.64 18.61 18.62 18.60 18.57 18.57 18.57 18.64 18.69 17.76 18.63 18.63 18.60 18.64 18.64 18.60 18.56 18.55 18.58 18.59 18.58 18.59 18.60 18.60
18.50 18.53 18.49 18.50 18.59 18.50 18.53 18.55 18.57 18.53 18.47 18.55 18.58 18.63 18.67 18.57 18.64 18.60 18.60 18.54 18.51 18.54 18.53 18.50 18.58 18.44 18.48 18.61 18.53 18.49 18.53 18.54 18.49 18.50 18.53 18.53 18.53 18.51 18.48 18.52 18.44 18.40 18.46 18.53 18.61 18.65 18.66 18.63 18.61 18.57 18.58 18.60 18.59 18.56 18.56 18.58 18.61 18.64 18.63 18.63 18.60 18.60 18.65 18.45 18.71 18.64 18.59 18.59 18.63 18.63 18.59 18.58 18.59 18.59 18.60 18.60 18.57 18.58
18.66 18.66 18.71 18.56 18.58 18.54 18.62 18.50 18.48 18.51 18.50 18.54 18.54 18.54 18.59 18.56 18.59 18.66 18.60 18.58 18.50 18.49 18.41 18.47 18.45 18.49 18.47 18.39 18.39 18.52 18.45 18.43 18.40 18.42 18.41 18.33 18.41 18.38 18.43 18.45 18.50 18.50 18.49 18.56 18.59 18.59 18.61 18.64 18.62 18.57 18.55 18.55 18.62 18.58 18.54 18.53 18.57 18.61 18.57 18.55 18.57 18.58 18.62 18.63 18.31 18.62 18.65 18.56 18.55 18.54 18.57 18.59 18.58 18.57 18.57 18.58 18.58 18.58
18.80 18.79 18.77 18.56 18.31 18.33 18.42 18.55 18.53 18.53 18.54 18.48 18.42 18.47 18.52 18.32 18.28 18.08 18.57 18.56 18.53 18.47 18.44 18.42 18.47 18.47 18.43 18.43 18.41 18.35 18.43 18.45 18.50 18.50 18.29 18.29 18.45 18.49 18.45 18.41 18.44 18.52 18.49 18.52 18.52 18.54 18.54 18.56 18.56 18.59 18.56 18.56 18.56 18.60 18.57 18.57 18.56 18.59 18.61 18.61 18.57 18.59 18.60 18.51 18.50 18.68 18.57 18.57 18.56 18.55 18.52 18.55 18.55 18.55 18.55 18.56 18.56 18.58
18.76 18.68 18.71 18.51 18.50 18.46 18.55 18.46 18.40 18.37 18.43 18.45 18.45 18.46 18.56 18.50 18.52 18.50 18.61 18.56 18.52 18.49 18.49 18.46 18.48 18.46 18.46 18.45 18.44 18.40 18.46 18.48 18.42 18.42 18.46 18.41 18.42 18.50 18.46 18.44 18.51 18.47 18.51 18.43 18.39 18.42 18.51 18.54 18.51 18.51 18.53 18.49 18.49 18.57 18.58 18.57 18.56 18.56 18.57 18.57 18.58 18.59 18.55 18.59 18.69 18.61 18.56 18.54 18.51 18.53 18.53 18.52 18.52 18.52 18.52 18.53 18.54 18.53
18.48 18.49 18.49 18.45 18.48 18.47 18.47 18.40 18.47 18.43 18.42 18.39 18.37 18.34 18.33 18.46 18.43 18.50 18.49 18.52 18.58 18.59 18.58 18.54 18.47 18.43 18.47 18.43 18.42 18.39 18.40 18.43 18.42 18.42 18.36 18.43 18.44 18.35 18.35 18.46 18.38 18.46 18.46 18.49 18.47 18.49 18.55 18.58 18.60 18.56 18.52 18.43 18.44 18.38 18.43 18.49 18.52 18.52 18.54 18.53 18.57 18.54 18.53 18.50 18.61 18.54 18.51 18.49 18.50 18.53 18.54 18.55 18.52 18.51 18.50 18.49 18.49 18.51
18.45 18.44 18.40 18.41 18.39 18.33 18.40 18.40 18.46 18.47 18.38 18.40 18.46 18.29 18.27 18.41 18.41 18.45 18.44 18.45 18.39 18.50 18.64 18.58 18.48 18.46 18.43 18.43 18.43 18.37 18.34 18.39 18.38 18.33 18.41 18.44 18.46 18.46 18.38 18.50 18.52 18.57 18.54 18.63 18.58 18.55 18.49 18.46 18.40 18.37 18.39 18.45 18.39 18.45 18.43 18.58 18.56 18.59 18.51 18.63 18.61 18.57 18.55 18.54 18.51 18.54 18.50 18.50 18.45 18.45 18.50 18.49 18.50 18.51 18.48 18.46 18.49 18.48
18.35 18.33 18.36 18.38 18.35 18.38 18.33 18.29 18.38 18.52 18.52 18.49 18.52 18.49 18.48 18.44 18.43 18.46 18.43 18.14 18.42 18.45 18.37 18.50 18.50 18.41 18.39 18.35 18.37 18.35 18.37 18.28 18.26 18.26 18.28 18.36 18.34 18.35 18.36 18.39 18.54 18.77 18.54 18.52 18.50 18.48 18.44 18.32 18.44 18.41 18.43 18.46 18.51 18.60 18.58 18.54 18.57 18.53 18.56 18.60 18.62 18.61 18.54 18.57 18.49 18.50 18.46 18.43 18.34 18.43 18.48 18.48 18.47 18.48 18.49 18.48 18.49 18.49
18.32 18.27 18.29 18.32 18.33 18.40 18.38 18.31 18.40 18.47 18.55 18.48 18.38 18.35 18.44 18.46 18.44 18.39 18.43 18.34 18.34 18.52 18.43 18.41 18.34 18.31 18.34 18.34 18.27 18.31 18.33 18.27 18.23 18.17 18.28 18.33 18.27 18.17 18.27 18.31 18.40 18.51 18.55 18.62 18.55 18.56 18.50 18.49 18.44 18.37 18.38 18.49 18.57 18.56 18.54 18.54 18.50 18.47 18.54 18.57 18.54 18.58 18.48 18.54 18.44 18.36 18.30 18.32 18.46 18.57 18.58 18.54 18.46 18.45 18.46 18.45 18.47 18.49
18.27 18.27 18.26 18.22 18.27 18.31 18.32 18.29 18.36 18.37 18.40 18.44 18.34 18.47 18.39 18.43 18.37 18.30 18.39 18.36 18.28 18.40 18.39 18.32 18.34 18.34 18.31 18.29 18.20 18.32 18.33 18.26 18.18 18.19 18.14 18.23 18.17 18.12 18.16 18.29 18.45 18.49 18.46 18.49 18.52 18.47 18.42 18.38 18.38 18.34 18.37 18.47 18.52 18.47 18.45 18.45 18.41 18.47 18.50 18.51 18.45 18.40 18.46 18.45 18.52 18.55 18.37 18.55 18.53 18.57 18.51 18.47 18.44 18.45 18.44 18.44 18.46 18.46
18.28 18.22 18.19 18.16 18.17 18.15 18.19 18.15 18.18 18.30 18.25 18.28 18.34 18.41 18.45 18.48 18.46 18.37 18.35 18.29 18.34 18.31 18.29 18.24 18.29 18.23 18.17 18.13 18.22 18.29 18.22 18.22 18.10 18.14 18.03 18.05 17.83 17.99 18.11 18.15 18.27 18.36 18.33 18.22 18.22 18.19 18.32 18.15 18.10 18.25 18.29 18.40 18.43 18.34 18.29 18.34 18.36 18.47 18.41 18.45 18.45 18.36 18.34 18.35 18.45 18.62 18.61 18.49 18.50 18.51 18.47 18.44 18.43 18.42 18.47 18.46 18.44 18.42
18.16 18.18 18.16 18.13 18.02 17.97 18.03 18.06 18.04 18.17 18.23 18.35 18.37 18.39 18.39 18.34 18.35 18.33 18.36 18.30 18.40 18.31 18.22 18.26 18.28 18.26 18.21 18.23 18.19 18.25 18.20 18.18 18.09 17.93 17.89 17.95 17.75 17.86 18.16 18.28 18.20 18.20 18.20 18.22 18.20 18.26 18.23 17.41 17.50 17.75 17.96 18.02 17.99 18.24 18.21 18.21 18.24 18.17 18.15 18.32 18.29 18.34 18.38 18.40 18.53 18.66 18.51 18.46 18.44 18.40 18.25 18.35 18.45 18.46 18.43 18.44 18.45 18.43
18.11 18.13 18.12 18.12 18.14 18.04 17.96 18.09 18.15 18.08 18.13 18.27 18.36 18.38 18.40 18.26 18.21 18.22 18.24 18.24 18.27 18.31 18.32 18.35 18.31 18.30 18.24 18.21 18.24 18.18 18.17 18.23 18.16 18.00 17.96 17.93 17.83 17.98 18.04 18.08 18.03 18.06 18.13 18.10 18.13 18.16 18.15 17.70 17.60 17.54 17.80 17.61 17.56 18.03 18.05 18.03 18.04 17.98 17.96 18.06 18.08 18.13 18.33 18.34 18.48 18.56 18.44 18.36 18.18 18.25 18.38 18.33 18.37 18.30 18.32 18.37 18.45 18.46
18.11 18.10 18.10 18.08 18.11 18.11 18.10 18.20 18.12 18.09 18.13 18.21 18.20 18.30 18.20 18.21 18.26 18.27 18.26 18.24 18.19 18.30 18.33 18.31 18.36 18.27 18.29 18.22 18.20 18.13 18.11 18.10 18.14 18.14 18.12 18.16 18.02 18.14 18.14 18.10 18.10 18.09 18.09 17.99 17.94 18.09 17.91 17.32 17.62 17.60 17.84 17.97 17.18 17.76 17.60 17.59 17.76 17.74 17.85 17.83 17.97 17.95 18.23 18.23 18.45 18.41 18.46 18.26 18.23 18.34 18.40 18.28 18.25 18.21 18.29 18.25 18.29 18.39
17.99 18.00 18.04 18.05 18.05 18.02 18.01 18.06 17.92 18.09 18.16 18.23 18.13 18.15 18.13 18.15 18.17 18.21 18.22 18.17 18.18 18.26 18.23 18.23 18.20 18.23 18.23 18.35 18.25 18.07 18.00 18.00 18.06 18.07 18.11 18.02 17.98 18.05 17.99 18.12 18.11 18.19 18.22 18.16 18.08 18.03 17.77 17.38 17.45 17.44 17.69 17.82 17.41 17.77 17.66 17.17 17.52 17.72 17.80 17.88 17.87 17.99 18.10 18.23 18.28 18.25 18.38 18.05 17.94 18.05 18.19 18.13 18.08 18.25 18.34 18.28 18.33 18.34
17.94 17.95 17.96 17.93 17.90 17.90 17.91 17.85 17.73 17.88 18.05 18.06 18.01 17.99 18.06 18.13 18.12 18.20 18.14 18.18 18.21 18.22 18.18 18.11 18.19 18.21 18.30 18.28 18.15 18.13 18.12 18.05 18.05 18.06 18.08 18.07 18.02 17.99 17.95 17.95 18.06 18.04 18.03 17.98 18.06 18.02 18.06 17.62 17.26 17.80 17.88 17.47 17.47 17.24 17.41 17.36 17.33 17.51 17.74 17.74 17.94 18.14 18.13 18.28 18.14 18.11 18.28 18.19 18.00 18.01 18.04 18.01 18.08 18.09 18.13 18.18 18.27 18.23
17.87 17.93 17.88 17.84 17.84 17.81 17.66 17.64 17.67 17.79 17.96 18.09 18.04 18.02 18.08 18.10 18.11 18.17 18.12 18.17 18.20 18.24 18.24 18.20 18.22 18.20 18.19 18.15 18.19 18.22 18.14 18.07 18.05 18.09 18.16 18.25 18.17 18.21 18.17 18.13 18.12 18.05 18.10 18.10 18.10 18.12 18.10 18.04 17.87 17.63 17.89 17.39 17.88 17.67 16.79 17.23 17.77 17.79 17.70 17.77 17.88 17.97 18.16 18.18 18.06 17.95 18.01 18.11 18.07 18.04 18.15 18.07 18.02 17.95 18.15 18.13 18.08 18.26
17.62 17.69 17.77 17.73 17.77 17.69 17.55 17.58 17.62 17.78 17.92 18.08 18.00 18.03 18.09 18.14 18.14 18.12 18.14 18.20 18.22 18.26 18.16 18.16 18.22 18.19 18.11 18.11 18.25 18.27 18.24 18.16 18.14 18.15 18.15 18.27 18.30 18.18 18.24 18.19 18.09 18.09 18.06 17.99 17.94 17.95 18.03 18.02 18.05 17.97 17.83 17.75 17.93 17.80 17.63 17.72 17.75 17.76 17.76 17.87 18.01 17.94 17.81 17.98 18.05 17.92 17.91 18.01 18.10 18.00 18.03 17.93 17.83 17.91 18.14 18.15 18.28 18.28
17.63 17.52 17.72 17.75 17.75 17.76 17.60 17.50 17.58 17.70 17.94 18.07 18.08 18.04 18.04 18.11 18.06 18.16 18.22 18.33 18.35 18.13 18.06 18.15 18.13 18.10 18.10 18.11 18.16 18.21 18.24 18.21 18.24 18.27 18.25 18.26 18.33 18.26 18.26 18.20 18.13 18.12 18.09 18.04 17.96 18.06 18.08 18.04 18.01 17.94 17.98 18.05 18.01 18.02 17.98 17.93 17.93 17.87 17.70 17.81 17.73 17.58 17.65 17.74 17.96 17.82 17.89 17.88 18.02 17.80 17.83 17.82 17.92 17.96 18.01 18.01 18.03 18.00
17.61 17.72 17.74 17.89 17.84 17.71 17.48 17.21 17.38 17.56 17.71 17.92 18.16 18.12 18.06 18.01 18.02 18.09 18.12 18.20 18.09 18.05 18.07 18.16 18.07 18.05 18.10 18.17 18.18 18.22 18.25 18.25 18.27 18.23 18.27 18.28 18.29 18.27 18.29 18.20 18.01 17.94 17.99 18.10 18.13 18.11 18.17 18.03 17.93 17.75 17.90 17.98 17.96 17.96 17.98 18.01 17.97 17.88 17.71 17.57 17.54 17.53 17.55 17.51 17.75 17.74 17.81 17.70 17.55 17.52 17.50 17.57 17.71 17.79 17.64 17.68 17.68 17.58
17.50 17.63 17.58 17.70 17.56 17.35 17.26 17.10 17.28 17.36 17.62 17.87 17.93 17.97 18.01 17.93 17.77 17.75 17.85 17.94 18.01 18.06 18.03 18.01 17.99 18.03 18.06 18.13 18.16 18.29 18.24 18.23 18.18 18.21 18.27 18.25 18.28 18.22 18.16 18.14 17.94 17.88 17.99 18.06 18.15 18.08 18.04 17.94 17.90 17.99 17.97 17.92 17.95 17.96 17.86 17.77 17.65 17.58 17.59 17.52 17.45 17.45 17.39 17.39 17.46 17.54 17.55 17.44 17.21 17.30 17.44 17.17 17.26 17.14 17.11 16.95 17.16 17.19
17.39 17.51 17.71 17.53 17.63 17.15 17.09 17.31 17.18 17.43 17.49 17.75 17.96 17.96 17.92 17.73 17.62 17.68 17.71 17.68 17.85 18.05 18.02 17.94 17.93 18.12 18.07 18.12 18.11 18.10 18.14 18.23 18.21 18.27 18.23 18.20 18.24 18.21 18.10 18.02 17.90 17.89 18.03 18.18 18.13 18.06 17.95 17.93 17.97 18.01 17.96 17.82 17.85 17.75 17.47 17.55 17.42 17.30 17.41 17.38 17.23 17.29 17.33 17.31 17.32 17.37 17.37 17.27 17.12 16.94 17.13 17.09 17.19 17.01 16.77 17.02 17.11 17.20
17.28 17.39 17.47 17.59 17.39 17.49 17.17 17.22 17.19 17.32 17.55 17.67 17.83 17.96 18.00 17.87 17.63 17.71 17.80 17.70 17.85 17.86 18.01 18.10 18.07 18.12 18.16 18.21 18.32 18.17 18.21 18.23 18.31 18.25 18.24 18.19 18.17 18.18 18.14 18.14 18.04 17.92 18.10 18.11 18.11 18.04 18.08 18.01 17.99 17.97 17.94 17.82 17.72 17.66 17.51 17.54 17.48 17.51 17.52 17.48 17.60 17.44 17.35 17.19 17.05 17.28 17.28 17.09 17.12 17.11 16.93 17.10 17.16 17.12 16.88 16.77 16.95 17.25
17.30 17.41 17.46 17.44 17.31 17.33 17.17 17.18 17.49 17.50 17.36 17.69 17.74 17.82 17.96 18.07 17.76 17.61 17.82 17.74 17.85 17.83 17.82 17.99 17.94 18.04 18.09 18.11 18.19 18.20 18.23 18.26 18.17 18.16 18.21 18.19 18.17 18.17 18.06 18.10 18.02 17.83 17.90 18.07 18.01 17.98 17.98 17.95 17.94 17.81 17.79 17.76 17.71 17.64 17.52 17.61 17.52 17.68 17.58 17.58 17.39 17.30 17.25 17.20 17.14 17.22 17.19 17.31 17.16 17.20 17.13 17.07 17.03 17.20 17.06 17.13 17.06 17.14
17.04 17.48 17.39 17.53 17.43 17.39 17.24 17.39 17.37 17.31 17.43 17.57 17.62 17.59 17.75 18.00 17.90 17.72 17.63 17.74 17.76 17.82 17.81 17.85 17.89 17.98 17.95 18.07 18.14 18.16 18.28 18.27 18.18 18.14 18.15 18.18 18.17 18.16 18.10 18.08 18.01 17.75 17.84 17.87 18.00 17.95 17.92 17.88 17.85 17.86 17.65 17.66 17.47 17.47 17.39 17.45 17.35 17.48 17.39 17.38 17.36 17.12 17.22 17.05 16.86 16.96 17.11 17.19 17.37 17.23 17.24 17.30 17.23 17.29 17.20 17.40 17.65 17.76
16.97 17.14 17.31 17.40 17.47 17.49 17.30 17.37 17.33 17.23 17.37 17.41 17.62 17.74 17.87 17.77 17.86 17.99 17.80 17.90 17.86 17.82 17.82 17.88 17.96 17.97 18.00 18.02 18.10 18.20 18.19 18.17 18.22 18.10 18.08 18.05 18.13 18.03 18.03 18.10 18.01 17.85 17.68 17.71 17.83 17.84 17.81 17.83 17.75 17.68 17.63 17.54 17.19 17.34 17.28 17.32 17.31 17.42 17.55 17.49 17.44 17.40 17.27 17.25 16.85 16.96 17.02 16.87 16.93 17.41 17.36 17.49 17.60 17.39 17.56 17.73 17.78 17.92
17.42 17.17 17.17 17.49 17.65 17.68 17.66 17.52 17.68 16.82 17.39 17.34 17.44 17.61 17.66 17.86 17.87 17.96 17.96 17.98 17.98 17.95 17.86 17.81 17.88 17.93 17.90 18.01 18.11 18.13 18.15 18.14 18.09 18.08 17.99 17.98 17.93 17.99 17.91 18.04 17.96 18.03 17.75 17.81 17.74 17.79 17.84 17.74 17.74 17.73 17.66 17.66 17.65 17.61 17.46 17.28 17.41 17.40 17.37 17.48 17.40 17.31 17.27 17.21 17.26 17.52 17.64 17.55 16.97 16.90 17.54 17.74 17.79 17.74 17.74 17.84 17.74 17.66
17.33 17.19 17.11 17.43 17.47 17.42 17.52 17.49 17.47 17.44 17.26 17.42 17.50 17.76 17.87 17.89 18.00 18.02 17.97 17.89 17.83 17.83 17.91 17.90 17.82 17.87 17.99 18.10 18.16 18.14 18.13 18.12 18.08 18.05 17.99 17.89 17.85 17.94 17.90 18.08 18.00 17.96 18.01 17.96 17.82 17.77 17.86 17.91 17.86 17.89 17.86 17.77 17.68 17.59 17.61 17.37 17.47 17.32 17.60 17.51 17.55 17.56 17.65 17.80 17.80 17.74 17.53 17.68 17.67 17.57 17.39 17.79 17.72 17.76 17.73 17.66 17.58 17.49
17.30 17.39 16.98 17.02 17.39 17.61 17.13 17.30 17.25 17.36 17.53 17.40 17.71 17.52 17.58 17.95 17.76 18.00 18.06 17.99 17.82 17.85 18.01 17.99 17.96 18.03 18.16 18.07 18.15 18.19 18.13 18.10 18.06 18.02 17.95 17.92 17.92 17.88 17.91 17.86 17.84 17.91 17.95 18.00 17.89 17.79 17.79 17.90 17.78 17.87 17.82 17.78 17.70 17.64 17.67 17.58 17.63 17.59 17.71 17.74 17.74 17.70 17.63 17.63 17.61 17.52 17.27 17.52 17.40 17.48 17.52 17.54 17.53 17.34 17.31 17.47 17.49 17.47
17.36 17.36 17.21 17.02 17.10 17.54 17.61 17.33 17.40 17.36 17.47 17.53 17.41 17.60 17.65 17.94 17.89 17.92 18.02 17.93 17.85 17.79 18.03 18.05 18.07 18.09 18.09 18.09 18.13 18.17 18.15 18.09 18.03 17.97 17.94 17.93 17.96 17.95 17.89 17.91 17.95 17.90 17.88 17.80 17.90 17.89 17.79 17.80 17.85 17.95 17.91 18.06 17.74 17.90 17.81 17.69 17.67 17.64 17.79 17.78 17.73 17.66 17.63 17.59 17.54 17.57 17.39 17.36 17.37 17.35 17.50 17.38 17.27 17.17 17.22 17.34 17.40 17.39
17.17 17.25 17.36 17.36 17.36 17.51 17.72 17.47 17.37 17.54 17.51 17.57 17.46 17.53 17.68 17.79 17.88 17.96 17.91 17.96 17.99 17.83 17.97 17.91 18.00 18.05 18.13 18.08 18.09 18.07 18.10 18.03 18.01 17.98 18.05 17.98 17.95 17.99 17.90 17.95 17.90 17.89 17.98 18.03 17.97 17.93 17.90 17.80 17.81 17.86 17.84 17.91 17.93 17.83 17.89 17.59 17.73 17.54 17.66 17.58 17.58 17.64 17.58 17.42 17.29 17.31 17.16 17.14 17.15 17.33 17.61 17.59 17.72 17.80 17.86 17.74 17.61 17.54
17.15 17.29 17.43 17.79 17.66 17.61 17.74 17.61 17.44 17.49 17.58 17.76 17.66 17.49 17.57 17.66 17.85 17.85 17.91 17.82 17.90 17.85 17.99 17.98 18.01 18.02 18.11 18.08 18.04 18.02 18.01 17.99 17.97 18.02 18.05 18.02 17.93 17.84 17.78 17.79 17.82 17.95 17.96 18.02 18.01 18.00 17.98 17.89 17.82 17.95 17.94 17.96 17.95 17.89 17.86 17.47 17.81 17.30 17.25 17.43 17.44 17.49 17.60 17.33 17.15 17.16 17.20 17.11 17.10 17.30 17.61 17.77 17.94 17.95 17.56 17.50 17.20 17.36
