main/data/irradiance/17.10.2023.grid
ncols 839
nrows 679
xllcenter 112.0500
yllcenter -43.9500
cellsize 0.0500
nodata_value 99999.90
[rows 374 to 407 of 679, columns 231 to 307 of 839]
26.50 26.56 26.61 26.67 26.74 26.71 26.70 26.65 26.65 25.74 24.94 26.57 26.66 26.61 26.60 26.56 25.70 25.06 26.23 26.65 26.65 26.65 26.62 26.65 26.68 26.75 26.67 26.65 26.62 26.60 26.62 26.66 26.65 26.58 26.60 26.56 26.54 26.59 26.58 26.60 26.60 26.62 26.62 26.60 26.57 26.56 26.54 26.55 26.52 26.54 26.54 26.53 26.54 26.55 26.56 26.56 26.59 26.55 26.55 26.49 26.53 26.55 26.51 26.51 26.51 26.52 26.53 26.53 26.54 26.54 26.59 26.59 26.57 26.56 26.54 26.51 26.49
26.47 26.43 26.56 26.59 26.53 26.64 26.61 26.64 26.62 26.61 26.64 26.63 26.64 26.60 26.58 26.58 26.49 25.23 25.62 26.30 26.58 26.58 26.65 26.66 26.66 26.72 26.68 26.56 26.58 26.61 26.61 26.64 26.61 26.60 26.61 26.56 26.53 26.58 26.61 26.61 26.59 26.58 26.59 26.57 26.55 26.59 26.59 26.54 26.56 26.53 26.55 26.51 26.49 26.48 26.50 26.52 26.53 26.53 26.49 26.47 26.48 26.52 26.49 26.44 26.49 26.49 26.51 26.51 26.53 26.55 26.52 26.60 26.62 26.60 26.59 26.52 26.49
26.54 26.45 26.51 26.52 26.56 26.53 26.55 26.61 26.60 26.65 26.62 26.62 26.61 26.56 26.56 26.59 26.56 26.61 26.58 26.60 26.58 26.68 26.67 26.67 26.63 26.68 26.65 26.63 26.62 26.59 26.61 26.57 26.61 26.60 26.57 26.55 26.52 26.61 26.64 26.61 26.57 26.58 26.57 26.57 26.60 26.58 26.53 26.52 26.55 26.53 26.51 26.53 26.48 26.49 26.45 26.47 26.53 26.51 26.48 26.42 26.43 26.46 26.43 26.42 26.44 26.47 26.47 26.47 26.46 26.46 26.45 26.47 26.54 26.55 26.51 26.50 26.46
26.52 26.54 26.51 26.49 26.49 26.57 26.59 26.62 26.57 26.59 26.60 26.59 26.59 26.54 26.52 26.51 26.55 26.58 26.65 26.51 26.57 26.66 26.65 26.66 26.69 26.72 26.61 26.57 26.54 26.56 26.61 26.66 26.59 26.57 26.55 26.55 26.54 26.63 26.66 26.62 26.59 26.62 26.62 26.59 26.55 26.53 26.55 26.53 26.49 26.48 26.47 26.49 26.52 26.53 26.45 26.45 26.47 26.44 26.47 26.48 26.48 26.48 26.46 26.45 26.46 26.46 26.47 26.48 26.47 26.45 26.44 26.44 26.41 26.43 26.47 26.48 26.41
26.37 26.49 26.39 26.40 26.53 26.53 26.57 26.59 26.59 26.59 26.56 26.57 26.59 26.56 26.45 26.56 26.60 26.58 26.52 26.37 26.53 26.59 26.67 26.65 26.61 26.59 26.59 26.52 26.52 26.57 26.56 26.56 26.57 26.57 26.53 26.54 26.54 26.62 26.60 26.63 26.61 26.62 26.61 26.58 26.53 26.50 26.48 26.51 26.49 26.44 26.44 26.45 26.50 26.46 26.49 26.44 26.45 26.45 26.43 26.46 26.46 26.45 26.48 26.45 26.46 26.45 26.45 26.45 26.46 26.45 26.44 26.45 26.47 26.47 26.44 26.44 26.43
26.18 26.20 26.30 26.49 26.53 26.50 26.51 26.48 26.54 26.55 26.56 26.52 26.53 26.59 26.53 26.59 26.60 26.57 26.51 26.43 26.56 26.63 26.63 26.57 26.58 26.54 26.58 26.55 26.56 26.56 26.57 26.55 26.58 26.60 26.60 26.55 26.50 26.57 26.59 26.54 26.54 26.53 26.55 26.51 26.49 26.52 26.49 26.51 26.52 26.52 26.54 26.52 26.54 26.55 26.49 26.46 26.45 26.45 26.45 26.48 26.42 26.42 26.41 26.47 26.44 26.42 26.44 26.42 26.43 26.41 26.45 26.48 26.44 26.46 26.42 26.40 26.45
25.95 26.32 26.25 26.57 26.51 26.49 26.49 26.49 26.48 26.52 26.53 26.54 26.53 26.53 26.59 26.63 26.69 26.52 26.57 26.53 26.54 26.52 26.54 26.58 26.55 26.54 26.55 26.54 26.54 26.56 26.50 26.53 26.51 26.54 26.53 26.55 26.55 26.49 26.52 26.51 26.51 26.51 26.52 26.49 26.41 26.41 26.50 26.47 26.44 26.52 26.49 26.47 26.49 26.47 26.51 26.47 26.49 26.48 26.43 26.48 26.43 26.48 26.47 26.45 26.40 26.49 26.46 26.45 26.48 26.46 26.48 26.46 26.45 26.45 26.47 26.42 26.39
26.14 26.16 26.36 26.55 26.46 26.49 26.50 26.50 26.47 26.43 26.53 26.58 26.63 26.73 26.72 26.69 26.70 26.64 26.56 26.50 26.53 26.53 26.59 26.54 26.51 26.48 26.49 26.55 26.56 26.52 26.51 26.50 26.52 26.49 26.48 26.50 26.50 26.51 26.47 26.47 26.49 26.52 26.50 26.50 26.53 26.51 26.47 26.48 26.50 26.49 26.48 26.51 26.52 26.48 26.51 26.51 26.49 26.43 26.48 26.36 26.34 26.25 26.47 26.47 26.45 26.44 26.42 26.44 26.48 26.49 26.44 26.45 26.44 26.40 26.44 26.43 26.44
26.15 26.24 26.56 26.54 26.48 26.51 26.58 26.57 26.46 26.44 26.39 26.47 26.56 26.65 26.65 26.58 26.63 26.62 26.57 26.59 26.51 26.52 26.53 26.56 26.55 26.55 26.52 26.52 26.58 26.49 26.53 26.52 26.52 26.47 26.48 26.48 26.48 26.49 26.42 26.47 26.50 26.51 26.48 26.48 26.43 26.47 26.47 26.49 26.52 26.46 26.52 26.47 26.47 26.45 26.49 26.49 26.51 26.52 26.47 26.09 26.23 26.34 26.44 26.46 26.39 26.44 26.41 26.40 26.40 26.42 26.41 26.36 26.48 26.46 26.40 26.41 26.38
26.49 26.55 26.57 26.63 26.59 26.55 26.53 26.58 26.51 26.49 26.40 26.50 26.58 26.58 26.59 26.61 26.57 26.55 26.54 26.55 26.59 26.52 26.57 26.57 26.56 26.53 26.49 26.45 26.53 26.55 26.52 26.55 26.51 26.46 26.53 26.51 26.48 26.47 26.46 26.45 26.49 26.50 26.43 26.44 26.48 26.51 26.47 26.46 26.50 26.47 26.47 26.46 26.43 26.46 26.50 26.47 26.48 26.39 26.45 26.46 26.34 26.36 26.46 26.43 26.43 26.40 26.38 26.36 26.34 26.32 26.35 26.44 26.41 26.40 26.42 26.40 26.40
26.51 26.56 26.61 26.68 26.60 26.59 26.60 26.53 26.57 26.58 26.54 26.53 26.50 26.53 26.52 26.58 26.54 26.51 26.47 26.22 26.51 26.55 26.56 26.55 26.58 26.51 26.53 26.49 26.49 26.47 26.51 26.56 26.52 26.48 26.50 26.49 26.51 26.46 26.46 26.41 26.42 26.42 26.45 26.45 26.46 26.47 26.50 26.49 26.44 26.47 26.47 26.42 26.35 26.35 26.46 26.43 26.43 26.38 26.50 26.47 26.45 26.43 26.44 26.45 26.43 26.42 26.41 26.37 26.39 26.40 26.44 26.38 26.38 26.38 26.36 26.33 26.33
26.48 26.50 26.53 26.52 26.48 26.49 26.44 26.43 26.56 26.55 26.55 26.53 26.51 26.52 26.48 26.56 26.60 26.53 26.51 26.56 26.51 26.53 26.51 26.50 26.50 26.49 26.49 26.46 26.53 26.51 26.47 26.54 26.47 26.44 26.43 26.43 26.37 26.39 26.44 26.38 26.40 26.44 26.34 26.44 26.37 26.40 26.43 26.40 26.43 26.43 26.50 26.43 26.36 26.32 26.37 26.40 26.41 26.45 26.45 26.45 26.48 26.46 26.43 26.44 26.42 26.44 26.43 26.46 26.45 26.43 26.42 26.41 26.37 26.33 26.35 26.43 26.43
26.53 26.46 26.44 26.46 26.46 26.41 26.41 26.46 26.51 26.50 26.46 26.54 26.55 26.55 26.52 26.53 26.54 26.56 26.51 26.55 26.49 26.52 26.53 26.51 26.43 26.45 26.47 26.44 26.51 26.51 26.44 26.44 26.46 26.39 26.37 26.35 26.39 26.41 26.49 26.50 26.50 26.50 26.39 26.32 26.36 26.38 26.39 26.40 26.46 26.40 26.38 26.41 26.37 26.38 26.40 26.39 26.43 26.42 26.40 26.42 26.46 26.45 26.42 26.45 26.47 26.46 26.49 26.48 26.47 26.47 26.42 26.36 26.41 26.42 26.41 26.40 26.40
26.53 26.46 26.38 26.38 26.38 26.48 26.48 26.41 26.47 26.50 26.50 26.51 26.51 26.57 26.51 26.55 26.51 26.57 26.54 26.58 26.52 26.51 26.49 26.52 26.49 26.40 26.41 26.37 26.48 26.52 26.44 26.43 26.41 26.25 26.27 26.18 26.34 26.38 26.43 26.45 26.39 26.38 26.43 26.45 26.48 26.49 26.44 26.46 26.46 26.43 26.42 26.37 26.33 26.38 26.42 26.40 26.41 26.40 26.38 26.42 26.41 26.43 26.43 26.43 26.38 26.42 26.43 26.45 26.45 26.42 26.43 26.41 26.39 26.34 26.40 26.33 26.36
26.55 26.52 26.47 26.42 26.46 26.60 26.50 26.46 26.48 26.54 26.58 26.59 26.49 26.51 26.52 26.55 26.52 26.51 26.42 26.49 26.49 26.51 26.47 26.48 26.48 26.47 26.42 26.38 26.50 26.45 26.43 26.36 26.20 26.15 26.16 26.30 26.36 26.36 26.38 26.40 26.41 26.41 26.36 26.42 26.45 26.45 26.48 26.48 26.47 26.45 26.46 26.47 26.41 26.41 26.41 26.38 26.35 26.40 26.41 26.39 26.43 26.46 26.48 26.46 26.46 26.44 26.44 26.44 26.47 26.42 26.39 26.38 26.40 26.41 26.41 26.37 26.37
26.57 26.42 26.39 26.37 26.54 26.54 26.43 26.39 26.35 26.42 26.39 26.40 26.50 26.53 26.55 26.52 26.49 26.55 26.50 26.40 26.39 26.38 26.44 26.48 26.44 26.45 26.43 26.38 26.41 26.43 26.37 26.36 26.25 26.18 26.27 26.33 26.35 26.34 26.33 26.36 26.44 26.42 26.42 26.41 26.43 26.44 26.46 26.45 26.47 26.47 26.48 26.47 26.39 26.38 26.38 26.43 26.43 26.40 26.43 26.44 26.46 26.49 26.49 26.49 26.45 26.44 26.39 26.41 26.42 26.43 26.40 26.39 26.38 26.39 26.37 26.39 26.40
26.46 26.39 26.37 26.40 26.42 26.54 26.56 26.43 26.33 26.36 26.30 26.34 26.36 26.42 26.45 26.44 26.51 26.59 26.59 26.40 26.41 26.39 26.44 26.45 26.43 26.39 26.39 26.36 26.44 26.39 26.36 26.38 26.35 26.27 26.34 26.30 26.38 26.38 26.36 26.37 26.43 26.48 26.46 26.48 26.47 26.44 26.46 26.49 26.55 26.51 26.51 26.50 26.53 26.47 26.41 26.44 26.46 26.45 26.45 26.45 26.46 26.52 26.50 26.46 26.48 26.45 26.43 26.39 26.40 26.40 26.39 26.39 26.36 26.39 26.41 26.40 26.40
26.38 26.31 26.39 26.39 26.40 26.42 26.46 26.45 26.42 26.35 26.27 26.31 26.31 26.36 26.39 26.35 26.49 26.49 26.61 26.58 26.43 26.40 26.48 26.54 26.46 26.47 26.46 26.42 26.39 26.36 26.35 26.38 26.40 26.31 26.40 26.31 26.35 26.35 26.37 26.39 26.40 26.43 26.42 26.44 26.39 26.36 26.38 26.44 26.50 26.46 26.43 26.46 26.48 26.46 26.51 26.40 26.41 26.48 26.50 26.50 26.50 26.50 26.49 26.46 26.48 26.46 26.43 26.41 26.40 26.38 26.38 26.42 26.42 26.45 26.40 26.41 26.39
26.34 26.37 26.34 26.42 26.36 26.34 26.32 26.32 26.30 26.34 26.31 26.27 26.26 26.29 26.29 26.32 26.41 26.47 26.58 26.59 26.48 26.40 26.46 26.46 26.43 26.41 26.40 26.41 26.43 26.34 26.32 26.37 26.32 26.29 26.38 26.36 26.31 26.30 26.30 26.35 26.37 26.42 26.44 26.48 26.50 26.45 26.41 26.41 26.43 26.45 26.47 26.48 26.47 26.53 26.52 26.53 26.49 26.46 26.52 26.57 26.56 26.58 26.59 26.50 26.50 26.46 26.50 26.47 26.46 26.46 26.44 26.46 26.45 26.45 26.45 26.46 26.42
26.29 26.41 26.35 26.33 26.41 26.27 26.29 26.30 26.27 26.29 26.31 26.32 26.32 26.41 26.36 26.27 26.28 26.43 26.55 26.59 26.52 26.42 26.41 26.34 26.36 26.38 26.36 26.41 26.35 26.30 26.30 26.29 26.35 26.35 26.32 26.31 26.33 26.34 26.39 26.41 26.41 26.44 26.47 26.51 26.54 26.55 26.48 26.43 26.48 26.55 26.56 26.54 26.56 26.58 26.54 26.58 26.54 26.50 26.52 26.56 26.60 26.58 26.61 26.51 26.56 26.54 26.47 26.48 26.48 26.47 26.44 26.45 26.47 26.47 26.46 26.49 26.46
26.41 26.35 26.31 26.37 26.35 26.23 26.24 26.24 26.31 26.31 26.28 26.26 26.26 26.31 26.48 26.49 26.36 26.36 26.39 26.42 26.39 26.38 26.38 26.31 26.32 26.33 26.30 26.36 26.31 26.26 26.29 26.29 26.30 26.30 26.27 26.30 26.30 26.34 26.41 26.42 26.44 26.46 26.44 26.44 26.46 26.49 26.52 26.51 26.46 26.55 26.60 26.61 26.61 26.61 26.58 26.55 26.56 26.55 26.56 26.56 26.55 26.50 26.47 26.48 26.45 26.51 26.59 26.49 26.45 26.46 26.47 26.50 26.48 26.47 26.46 26.46 26.44
26.36 26.33 26.30 26.31 26.35 26.40 26.30 26.26 26.19 26.29 26.26 26.21 26.32 26.22 26.30 26.38 26.30 26.32 26.34 26.36 26.38 26.39 26.37 26.34 26.33 26.30 26.31 26.27 26.31 26.29 26.31 26.32 26.27 26.28 26.26 26.27 26.25 26.29 26.29 26.34 26.34 26.38 26.36 26.40 26.37 26.40 26.44 26.49 26.53 26.51 26.52 26.54 26.57 26.56 26.58 26.59 26.61 26.57 26.53 26.51 26.50 26.48 26.48 26.54 26.55 26.47 26.50 26.50 26.50 26.46 26.48 26.49 26.51 26.48 26.47 26.45 26.42
26.26 26.26 26.34 26.37 26.26 26.33 26.36 26.27 26.27 26.29 26.30 26.40 26.31 26.31 26.31 26.33 26.38 26.33 26.32 26.36 26.35 26.37 26.36 26.29 26.32 26.31 26.30 26.31 26.26 26.25 26.30 26.28 26.23 26.23 26.24 26.23 26.25 26.25 26.32 26.34 26.36 26.34 26.35 26.42 26.41 26.41 26.42 26.48 26.48 26.52 26.54 26.57 26.53 26.49 26.50 26.52 26.54 26.59 26.57 26.56 26.56 26.52 26.49 26.50 26.53 26.55 26.55 26.52 26.50 26.51 26.51 26.50 26.48 26.47 26.47 26.47 26.49
26.27 26.26 26.28 26.20 26.25 26.30 26.30 26.29 26.25 26.26 26.34 26.42 26.35 26.33 26.34 26.37 26.41 26.33 26.32 26.35 26.37 26.37 26.38 26.34 26.35 26.33 26.31 26.37 26.27 26.24 26.25 26.25 26.25 26.26 26.26 26.25 26.26 26.30 26.33 26.35 26.35 26.40 26.41 26.41 26.41 26.44 26.48 26.50 26.48 26.49 26.51 26.50 26.49 26.48 26.46 26.50 26.52 26.51 26.52 26.51 26.49 26.53 26.54 26.51 26.53 26.56 26.56 26.51 26.50 26.52 26.51 26.52 26.51 26.48 26.44 26.47 26.48
26.27 26.28 26.19 26.24 26.21 26.15 26.19 26.14 26.27 26.40 26.52 26.48 26.41 26.26 26.35 26.38 26.37 26.34 26.37 26.36 26.39 26.38 26.36 26.33 26.35 26.31 26.30 26.29 26.27 26.25 26.23 26.24 26.24 26.26 26.23 26.23 26.26 26.29 26.33 26.35 26.39 26.42 26.45 26.45 26.45 26.47 26.54 26.51 26.55 26.49 26.44 26.45 26.48 26.47 26.46 26.46 26.51 26.52 26.51 26.49 26.51 26.55 26.51 26.55 26.52 26.50 26.51 26.52 26.51 26.51 26.52 26.46 26.47 26.47 26.48 26.50 26.49
26.24 26.21 26.32 26.31 26.36 26.37 26.32 26.35 26.25 26.41 26.32 26.36 26.35 26.37 26.29 26.31 26.35 26.34 26.33 26.31 26.36 26.42 26.34 26.32 26.29 26.26 26.26 26.25 26.26 26.25 26.23 26.20 26.24 26.27 26.25 26.27 26.24 26.31 26.35 26.36 26.35 26.41 26.45 26.41 26.46 26.47 26.44 26.50 26.53 26.51 26.47 26.47 26.42 26.41 26.41 26.44 26.49 26.50 26.48 26.42 26.48 26.54 26.48 26.44 26.27 26.40 26.48 26.51 26.47 26.52 26.53 26.52 26.49 26.43 26.44 26.48 26.47
26.19 26.26 26.26 26.25 26.23 26.34 26.41 26.49 26.47 26.46 26.40 26.41 26.35 26.30 26.24 26.04 26.33 26.33 26.31 26.29 26.33 26.39 26.42 26.37 26.28 26.23 26.22 26.22 26.23 26.23 26.24 26.27 26.28 26.28 26.31 26.31 26.28 26.26 26.34 26.32 26.34 26.38 26.40 26.43 26.42 26.45 26.48 26.48 26.41 26.46 26.43 26.45 26.42 26.43 26.47 26.43 26.48 26.53 26.52 26.51 26.49 26.51 26.51 26.52 26.49 26.44 26.45 26.55 26.48 26.47 26.54 26.54 26.54 26.49 26.39 26.43 26.44
26.21 26.25 26.22 26.28 26.30 26.37 26.28 26.47 26.37 26.23 26.27 26.29 26.34 26.20 26.18 26.18 26.27 26.32 26.30 26.28 26.30 26.33 26.29 26.30 26.25 26.21 26.22 26.23 26.26 26.24 26.24 26.29 26.27 26.32 26.31 26.36 26.32 26.32 26.33 26.34 26.34 26.36 26.37 26.40 26.45 26.33 26.24 26.42 26.45 26.46 26.43 26.40 26.39 26.44 26.48 26.49 26.47 26.48 26.48 26.52 26.51 26.50 26.51 26.52 26.53 26.51 26.48 26.49 26.51 26.48 26.52 26.51 26.50 26.46 26.48 26.45 26.42
26.31 26.32 26.46 26.41 26.29 26.37 26.43 26.37 26.38 26.39 26.23 26.10 26.03 26.05 26.12 26.15 26.20 26.32 26.29 26.29 26.35 26.37 26.24 26.26 26.27 26.22 26.24 26.26 26.26 26.25 26.27 26.30 26.31 26.34 26.32 26.37 26.36 26.35 26.34 26.36 26.35 26.35 26.37 26.44 26.45 26.46 26.32 26.23 26.39 26.36 26.35 26.34 26.41 26.41 26.46 26.49 26.52 26.49 26.49 26.49 26.51 26.43 26.48 26.48 26.51 26.47 26.50 26.50 26.50 26.53 26.50 26.49 26.48 26.45 26.46 26.48 26.47
26.47 26.42 26.33 26.31 26.21 26.23 26.22 26.24 26.29 26.27 26.14 26.00 25.94 25.87 25.97 26.06 26.03 26.26 26.26 26.29 26.28 26.25 26.24 26.22 26.24 26.21 26.25 26.26 26.20 26.23 26.27 26.30 26.30 26.29 26.33 26.34 26.35 26.39 26.40 26.46 26.46 26.41 26.47 26.49 26.48 26.51 26.44 26.29 26.21 26.15 26.33 26.34 26.36 26.35 26.38 26.43 26.45 26.49 26.51 26.47 26.49 26.49 26.43 26.47 26.42 26.42 26.46 26.48 26.50 26.45 26.49 26.47 26.47 26.46 26.49 26.45 26.46
26.46 26.42 26.41 26.34 26.32 26.33 26.24 26.24 26.25 26.28 26.12 26.03 25.76 25.86 25.82 25.80 25.93 26.28 26.30 26.27 26.26 26.27 26.24 26.20 26.19 26.18 26.21 26.24 26.23 26.26 26.27 26.31 26.32 26.34 26.38 26.41 26.39 26.42 26.45 26.43 26.43 26.45 26.39 26.43 26.47 26.48 26.47 26.40 26.47 26.30 26.33 26.31 26.35 26.34 26.35 26.33 26.38 26.42 26.44 26.42 26.45 26.41 26.42 26.38 26.33 26.33 26.36 26.44 26.43 26.41 26.37 26.43 26.39 26.41 26.39 26.36 26.28
26.59 26.60 26.50 26.42 26.32 26.30 26.28 26.19 26.19 26.11 25.95 25.85 25.61 25.86 26.05 25.67 26.05 26.29 26.29 26.23 26.26 26.22 26.20 26.19 26.19 26.18 26.20 26.23 26.25 26.30 26.33 26.29 26.32 26.36 26.37 26.42 26.41 26.43 26.45 26.43 26.28 26.28 26.35 26.34 26.49 26.45 26.49 26.47 26.48 26.38 26.41 26.44 26.40 26.36 26.39 26.36 26.34 26.33 26.40 26.41 26.38 26.44 26.44 26.42 26.44 26.43 26.40 26.40 26.40 26.46 26.39 26.45 26.47 26.43 26.46 26.37 26.26
26.49 26.53 26.41 26.47 26.36 26.27 26.33 26.26 25.96 25.83 25.75 25.69 25.64 26.00 26.17 26.09 26.26 26.37 26.28 26.24 26.24 26.23 26.19 26.20 26.21 26.23 26.22 26.26 26.32 26.40 26.37 26.38 26.34 26.33 26.36 26.37 26.37 26.43 26.43 26.43 26.45 26.48 26.43 26.50 26.50 26.49 26.53 26.47 26.26 26.19 26.27 26.18 26.11 26.12 26.18 26.24 26.29 26.21 26.22 26.31 26.33 26.38 26.40 26.38 26.39 26.37 26.43 26.37 26.35 26.30 26.35 26.46 26.46 26.44 26.43 26.44 26.32
26.43 26.36 26.37 26.38 26.35 26.35 26.27 25.96 25.75 25.68 25.58 25.57 25.63 26.09 26.26 26.28 26.25 26.27 26.34 26.29 26.27 26.18 26.19 26.20 26.24 26.26 26.26 26.28 26.33 26.35 26.40 26.37 26.41 26.39 26.41 26.43 26.45 26.36 26.43 26.46 26.46 26.29 26.46 26.43 26.52 26.42 26.41 26.45 26.34 25.87 26.05 25.49 25.36 25.54 25.71 25.92 26.11 26.20 26.34 26.30 26.17 26.28 26.33 26.31 26.36 26.41 26.39 26.37 26.35 26.31 26.37 26.41 26.43 26.44 26.40 26.42 26.29
