main/data/irradiance/17.10.2023.grid
ncols 839
nrows 679
xllcenter 112.0500
yllcenter -43.9500
cellsize 0.0500
nodata_value 99999.90
[rows 170 to 203 of 679, columns 308 to 384 of 839]
27.69 27.67 27.63 27.57 27.54 27.54 27.53 27.54 27.54 27.52 27.51 27.55 27.51 27.49 27.59 27.52 27.45 27.37 27.30 27.35 27.28 27.39 27.64 27.18 27.02 27.22 27.30 27.22 27.26 27.30 27.23 27.23 27.31 27.19 27.16 27.05 27.12 27.13 27.06 27.11 27.21 27.17 27.15 27.16 27.28 27.23 27.17 27.11 27.35 27.20 27.18 27.20 27.20 27.22 27.29 27.28 27.18 27.14 26.97 26.96 27.29 27.33 27.29 27.29 27.31 27.18 27.13 27.16 27.24 27.31 27.39 27.37 27.27 27.13 27.07 27.02 27.04
27.60 27.59 27.54 27.45 27.41 27.48 27.44 27.42 27.46 27.50 27.50 27.51 27.39 27.42 27.44 27.50 27.35 27.42 27.28 27.24 27.22 27.55 27.62 27.07 27.20 27.33 27.31 27.37 27.39 27.32 27.29 27.33 27.33 27.29 27.26 27.30 27.26 27.23 27.16 27.19 27.24 27.17 27.13 27.19 27.28 27.14 27.11 27.19 27.31 27.46 27.25 27.10 27.20 27.15 26.99 27.01 27.17 27.26 27.19 27.10 27.13 27.07 27.39 27.35 27.26 27.28 27.39 27.43 27.37 27.29 27.24 27.21 27.09 27.15 27.07 27.05 27.09
27.62 27.53 27.44 27.37 27.24 27.30 27.37 27.31 27.27 27.33 27.38 27.35 27.29 27.37 27.39 27.41 27.42 27.41 27.33 27.25 27.28 27.19 27.26 27.36 27.62 27.62 27.62 27.49 27.39 27.37 27.34 27.30 27.30 27.29 27.26 27.30 27.32 27.30 27.17 27.25 27.27 27.28 27.29 27.36 27.36 27.18 27.16 27.25 27.30 27.48 27.49 27.39 27.31 27.25 27.23 27.10 27.21 27.48 27.47 27.23 27.21 27.04 27.09 27.28 27.36 27.33 27.25 27.18 27.27 27.30 27.31 27.17 27.22 27.24 27.18 27.13 27.10
27.57 27.52 27.27 27.41 27.31 27.28 27.34 27.34 27.27 27.31 27.36 27.42 27.40 27.43 27.41 27.47 27.44 27.42 27.40 27.33 27.21 26.93 27.16 27.58 27.67 27.47 27.61 27.59 27.60 27.52 27.45 27.55 27.59 27.54 27.56 27.54 27.54 27.57 27.58 27.62 27.60 27.58 27.56 27.49 27.32 27.28 27.28 27.41 27.45 27.43 27.42 27.48 27.38 27.17 27.12 27.18 27.33 27.40 27.43 27.38 27.11 27.06 27.13 27.24 27.20 27.19 27.05 26.97 26.97 27.02 27.10 27.04 27.04 27.02 27.28 27.27 27.15
27.54 27.46 27.37 27.37 27.41 27.25 27.28 27.40 27.35 27.35 27.42 27.44 27.42 27.48 27.52 27.48 27.41 27.42 27.32 27.25 27.15 27.24 27.45 27.50 27.56 27.47 27.48 27.61 27.63 27.57 27.62 27.61 27.60 27.59 27.59 27.52 27.57 27.62 27.51 27.50 27.50 27.43 27.47 27.40 27.21 27.31 27.22 27.30 27.29 27.37 27.44 27.40 27.36 27.21 27.23 27.29 27.31 27.31 27.39 27.25 27.15 27.22 27.24 27.44 27.51 27.46 27.46 27.36 27.49 27.40 27.09 27.06 27.20 27.27 27.25 27.33 27.19
27.40 27.48 27.46 27.35 27.46 27.38 27.33 27.25 27.24 27.25 27.36 27.43 27.51 27.52 27.53 27.53 27.46 27.46 27.59 27.64 27.63 27.59 27.51 27.60 27.60 27.54 27.58 27.62 27.66 27.63 27.61 27.61 27.61 27.62 27.62 27.53 27.50 27.46 27.40 27.26 27.21 27.11 27.22 27.27 27.12 27.25 27.16 27.24 27.28 27.27 27.31 27.33 27.35 27.33 27.31 27.29 27.16 27.09 27.25 27.24 27.21 27.27 27.44 27.40 27.48 27.51 27.39 27.16 27.35 27.41 27.17 27.08 27.39 27.43 27.07 26.99 27.05
27.38 27.38 27.42 27.49 27.38 27.47 27.40 27.45 27.33 27.35 27.37 27.44 27.47 27.42 27.57 27.53 27.44 27.57 27.62 27.68 27.63 27.64 27.62 27.61 27.59 27.57 27.59 27.59 27.60 27.62 27.61 27.56 27.57 27.56 27.62 27.55 27.37 27.23 27.21 27.16 27.12 27.08 27.19 27.19 27.25 27.22 27.06 27.11 27.17 27.37 27.30 27.35 27.33 27.29 27.32 27.26 27.36 27.07 27.15 27.24 27.16 27.18 27.35 27.37 27.37 27.47 27.50 27.41 27.27 27.16 26.92 26.85 27.26 27.46 27.08 27.08 27.08
27.42 27.39 27.38 27.48 27.41 27.42 27.44 27.51 27.42 27.47 27.53 27.50 27.43 27.40 27.47 27.54 27.39 27.66 27.66 27.65 27.61 27.61 27.59 27.58 27.59 27.52 27.56 27.62 27.61 27.60 27.56 27.58 27.60 27.58 27.56 27.58 27.30 27.30 27.26 27.18 27.17 27.15 27.13 27.21 27.35 27.39 27.22 27.17 27.13 27.18 27.29 27.28 27.23 27.23 27.30 27.17 27.25 27.40 27.34 27.36 27.22 27.12 27.35 27.44 27.34 27.20 27.41 27.23 27.24 27.06 26.89 27.06 27.19 27.33 27.22 27.22 27.25
27.43 27.40 27.39 27.46 27.46 27.47 27.48 27.57 27.53 27.50 27.55 27.49 27.38 27.37 27.50 27.50 27.37 27.64 27.61 27.55 27.51 27.51 27.52 27.53 27.53 27.53 27.50 27.55 27.60 27.60 27.55 27.61 27.56 27.59 27.57 27.64 27.49 27.23 27.20 27.13 27.19 27.17 27.09 27.03 27.18 27.16 27.15 27.22 27.09 27.26 27.22 27.22 27.20 27.09 27.17 27.15 27.18 27.16 27.18 27.11 26.99 27.17 27.42 27.43 27.30 27.14 27.31 27.23 27.23 27.17 27.14 27.16 27.16 27.10 27.16 27.25 27.25
27.36 27.37 27.46 27.48 27.45 27.37 27.59 27.58 27.53 27.54 27.51 27.41 27.44 27.45 27.46 27.50 27.44 27.46 27.48 27.50 27.51 27.52 27.52 27.47 27.47 27.45 27.47 27.51 27.55 27.59 27.61 27.61 27.58 27.55 27.59 27.68 27.61 27.21 27.11 27.19 27.17 27.12 27.08 27.10 27.12 27.14 27.16 27.17 27.16 27.13 27.27 27.17 27.20 26.98 27.07 27.24 27.23 27.38 27.18 27.05 27.08 27.34 27.31 27.25 27.23 27.23 27.34 27.09 27.06 27.15 27.09 27.08 27.02 27.10 27.00 27.07 27.15
27.41 27.46 27.45 27.37 27.51 27.34 27.52 27.59 27.63 27.53 27.34 27.42 27.45 27.48 27.46 27.49 27.50 27.33 27.46 27.47 27.49 27.49 27.48 27.35 27.42 27.40 27.37 27.42 27.47 27.46 27.55 27.61 27.62 27.62 27.66 27.64 27.65 27.35 27.17 27.20 27.19 27.12 27.04 27.08 27.10 27.16 27.14 27.14 27.14 27.05 27.08 27.24 27.18 27.07 27.08 27.21 27.28 27.23 27.27 27.26 27.27 27.34 27.22 27.24 27.28 27.29 27.14 27.13 27.13 27.12 27.06 27.01 26.99 27.13 27.06 27.11 27.10
27.43 27.47 27.44 27.46 27.48 27.40 27.51 27.64 27.59 27.42 27.40 27.40 27.40 27.46 27.48 27.46 27.44 27.40 27.43 27.46 27.48 27.49 27.54 27.59 27.51 27.44 27.39 27.45 27.53 27.35 27.31 27.40 27.53 27.23 27.48 27.44 27.57 27.27 27.20 27.13 27.08 27.06 27.04 27.04 27.05 27.03 27.19 27.14 27.12 27.05 26.93 27.26 27.16 27.10 27.19 27.24 27.18 27.21 27.32 27.32 27.16 27.14 27.10 27.15 27.24 27.25 27.18 27.25 27.18 27.11 27.05 27.02 26.98 27.18 27.27 27.27 27.22
27.56 27.53 27.46 27.54 27.46 27.35 27.41 27.64 27.41 27.39 27.42 27.38 27.38 27.42 27.45 27.37 27.45 27.55 27.45 27.45 27.43 27.46 27.61 27.54 27.51 27.41 27.36 27.53 27.51 27.51 27.43 27.27 27.36 27.15 27.33 27.43 27.45 27.41 27.20 27.13 27.01 26.99 26.97 26.98 27.03 27.01 27.07 27.06 27.12 26.96 26.86 26.94 27.05 27.29 27.22 27.25 27.18 27.14 27.31 27.11 27.12 27.27 27.19 27.17 27.24 27.26 27.24 27.10 26.95 26.98 26.96 26.97 27.01 27.14 27.30 27.20 27.24
27.47 27.47 27.40 27.41 27.44 27.41 27.33 27.46 27.32 27.37 27.37 27.37 27.33 27.25 27.23 27.31 27.42 27.47 27.53 27.56 27.29 27.44 27.55 27.56 27.57 27.63 27.51 27.52 27.56 27.49 27.49 27.45 27.43 27.38 27.38 27.43 27.48 27.36 27.15 27.14 27.10 26.96 26.97 26.98 27.06 26.96 26.99 27.00 27.04 27.08 27.11 27.16 27.42 27.32 27.24 27.19 27.22 27.22 27.29 27.32 27.33 27.33 27.15 27.15 27.16 27.14 27.22 27.16 27.00 26.93 26.86 27.01 27.18 27.20 27.21 27.15 27.13
27.32 27.38 27.42 27.38 27.40 27.35 27.32 27.38 27.36 27.35 27.15 27.08 27.06 27.22 27.32 27.23 27.30 27.35 27.31 27.41 27.28 27.42 27.53 27.57 27.50 27.47 27.52 27.51 27.54 27.57 27.57 27.55 27.51 27.62 27.55 27.53 27.51 27.14 27.03 27.11 27.00 26.95 26.94 26.98 27.04 26.99 26.94 27.05 27.05 26.96 26.93 27.04 27.23 27.28 27.36 27.28 27.16 27.24 27.30 27.25 27.19 27.19 27.09 27.17 27.02 27.07 27.03 27.11 27.13 26.97 26.90 27.05 27.15 27.14 27.14 27.14 27.16
27.40 27.41 27.46 27.42 27.36 27.37 27.30 27.31 27.36 27.41 27.41 27.23 27.35 27.45 27.43 27.28 27.32 27.39 27.48 27.46 27.46 27.53 27.48 27.48 27.49 27.46 27.41 27.54 27.49 27.57 27.53 27.47 27.42 27.54 27.64 27.58 27.33 27.08 27.09 27.08 27.03 27.01 26.98 27.19 26.95 27.03 26.98 26.98 26.97 27.04 26.98 27.01 26.98 27.06 27.30 27.31 27.26 27.24 27.27 27.35 27.25 27.08 27.08 26.99 27.17 27.10 27.10 27.12 27.15 27.03 26.96 27.06 27.07 27.15 27.14 27.13 27.13
27.56 27.52 27.47 27.44 27.35 27.37 27.28 27.12 27.42 27.63 27.58 27.45 27.48 27.43 27.51 27.46 27.58 27.57 27.58 27.37 27.36 27.37 27.50 27.53 27.50 27.54 27.54 27.50 27.57 27.60 27.58 27.61 27.58 27.55 27.49 27.44 27.12 27.13 27.12 27.02 26.98 26.92 26.92 27.07 26.96 26.94 26.91 26.90 27.05 27.09 27.00 27.21 27.25 27.38 27.46 27.36 27.21 27.31 27.38 27.47 27.36 27.14 27.16 27.17 27.16 27.10 27.08 27.11 27.10 27.17 27.07 26.95 27.11 27.17 27.11 27.09 27.08
27.50 27.52 27.49 27.40 27.38 27.40 27.49 27.60 27.69 27.64 27.55 27.52 27.48 27.52 27.51 27.46 27.49 27.52 27.56 27.42 27.37 27.34 27.41 27.50 27.42 27.49 27.40 27.39 27.62 27.59 27.56 27.61 27.61 27.51 27.40 27.16 26.99 27.14 27.13 27.10 27.06 26.98 27.05 26.85 26.77 26.95 26.85 27.02 27.06 27.07 27.04 27.13 27.20 27.33 27.39 27.25 27.32 27.40 27.38 27.46 27.27 27.19 27.15 27.17 27.17 27.15 27.14 27.26 27.13 27.08 27.15 27.01 26.99 27.07 27.05 27.01 27.03
27.56 27.41 27.40 27.42 27.49 27.44 27.58 27.68 27.68 27.70 27.65 27.58 27.54 27.53 27.49 27.44 27.48 27.49 27.50 27.46 27.36 27.37 27.37 27.42 27.46 27.48 27.39 27.53 27.41 27.45 27.47 27.49 27.48 27.47 27.13 27.13 27.10 27.11 27.10 27.19 27.13 26.93 26.90 26.91 26.92 27.00 26.99 26.99 27.07 27.05 27.05 27.05 27.12 27.13 27.40 27.38 27.37 27.48 27.50 27.51 27.52 27.24 27.20 27.22 27.23 27.23 27.19 27.13 27.06 27.08 27.09 27.00 27.02 27.00 27.02 27.03 27.03
27.63 27.55 27.44 27.49 27.52 27.46 27.58 27.68 27.72 27.64 27.58 27.60 27.58 27.45 27.43 27.39 27.46 27.50 27.52 27.52 27.45 27.48 27.47 27.51 27.50 27.55 27.51 27.42 27.32 27.42 27.45 27.52 27.52 27.37 27.13 27.20 27.32 27.10 27.19 27.23 27.19 27.10 26.98 26.97 26.91 26.91 26.95 27.03 27.08 26.96 27.02 27.08 27.08 27.06 27.24 27.46 27.34 27.24 27.29 27.06 27.14 27.06 27.05 27.08 27.11 27.11 27.00 26.96 27.01 27.12 27.12 27.10 27.08 27.01 27.04 27.01 27.08
27.53 27.50 27.47 27.54 27.51 27.42 27.56 27.58 27.46 27.51 27.57 27.59 27.49 27.51 27.50 27.56 27.60 27.56 27.56 27.54 27.53 27.40 27.36 27.46 27.55 27.52 27.48 27.33 27.37 27.36 27.40 27.31 27.36 27.28 27.29 27.36 27.42 27.29 27.30 27.15 27.10 27.26 27.25 27.19 27.30 27.05 26.92 27.01 27.05 27.05 26.95 27.07 27.05 27.04 26.95 27.05 27.01 27.00 27.04 26.92 26.91 27.00 27.01 27.03 27.00 27.07 27.05 26.95 26.88 26.95 26.94 26.99 27.04 27.03 26.97 26.99 27.04
27.57 27.33 27.43 27.53 27.54 27.56 27.54 27.55 27.55 27.52 27.56 27.56 27.49 27.51 27.49 27.57 27.60 27.61 27.58 27.59 27.58 27.50 27.51 27.47 27.43 27.46 27.43 27.36 27.39 27.28 27.22 27.35 27.31 27.18 27.32 27.33 27.48 27.38 27.43 27.18 27.35 27.27 27.31 27.20 27.26 27.19 26.99 27.09 27.15 27.06 26.98 26.98 26.86 27.04 27.09 27.06 26.97 26.94 26.99 27.04 26.92 26.98 26.92 26.98 26.94 26.93 27.05 27.12 27.06 26.98 27.03 27.07 27.04 27.09 27.05 27.10 27.03
27.60 27.51 27.53 27.55 27.54 27.55 27.60 27.60 27.61 27.66 27.60 27.56 27.50 27.46 27.47 27.51 27.61 27.55 27.53 27.54 27.60 27.57 27.56 27.58 27.57 27.52 27.53 27.55 27.60 27.38 27.36 27.45 27.36 27.37 27.32 27.34 27.46 27.47 27.41 27.45 27.41 27.37 27.31 27.35 27.35 27.29 27.21 27.24 27.34 27.20 27.24 27.21 27.08 27.18 27.12 27.04 27.02 26.98 26.86 26.89 27.05 27.08 26.94 27.06 26.85 26.94 27.06 27.08 27.04 27.02 27.06 27.05 27.05 27.06 27.02 27.00 26.99
27.48 27.50 27.44 27.51 27.60 27.70 27.68 27.65 27.71 27.74 27.68 27.67 27.55 27.43 27.51 27.53 27.55 27.59 27.58 27.62 27.62 27.59 27.62 27.60 27.59 27.58 27.58 27.55 27.62 27.59 27.47 27.51 27.38 27.44 27.41 27.44 27.45 27.48 27.47 27.41 27.40 27.34 27.38 27.37 27.37 27.30 27.40 27.44 27.41 27.35 27.30 27.17 27.02 27.11 27.23 27.11 27.13 27.12 27.03 26.92 26.87 26.78 26.85 27.00 27.00 26.98 27.05 27.09 27.07 27.04 27.05 27.05 27.11 27.08 27.00 26.98 26.90
27.59 27.58 27.66 27.72 27.73 27.69 27.68 27.63 27.69 27.68 27.66 27.67 27.61 27.56 27.51 27.61 27.68 27.67 27.66 27.67 27.69 27.62 27.65 27.59 27.58 27.56 27.53 27.57 27.62 27.57 27.62 27.60 27.48 27.51 27.42 27.46 27.47 27.47 27.45 27.36 27.45 27.42 27.43 27.45 27.41 27.39 27.48 27.47 27.41 27.36 27.35 27.26 27.19 27.25 27.30 27.26 27.14 27.03 27.00 26.92 26.93 27.05 27.09 27.00 26.92 27.11 27.17 27.16 27.12 27.14 27.16 27.20 27.17 27.08 27.08 27.05 27.08
27.73 27.66 27.75 27.73 27.71 27.69 27.61 27.65 27.72 27.54 27.64 27.70 27.71 27.65 27.55 27.62 27.64 27.63 27.64 27.64 27.66 27.63 27.62 27.59 27.62 27.58 27.58 27.58 27.65 27.64 27.60 27.62 27.52 27.51 27.44 27.51 27.50 27.36 27.45 27.48 27.42 27.42 27.48 27.42 27.40 27.45 27.40 27.42 27.40 27.43 27.40 27.41 27.38 27.37 27.33 27.27 27.04 27.05 26.91 26.79 27.14 27.12 26.89 27.15 27.19 27.33 27.31 27.20 27.28 27.25 27.16 27.23 27.22 27.17 27.17 27.16 27.19
27.70 27.65 27.70 27.74 27.70 27.66 27.66 27.70 27.75 27.54 27.66 27.73 27.74 27.66 27.54 27.64 27.64 27.61 27.60 27.62 27.65 27.63 27.65 27.65 27.64 27.53 27.58 27.57 27.62 27.61 27.61 27.60 27.60 27.57 27.48 27.58 27.49 27.33 27.41 27.55 27.43 27.43 27.47 27.47 27.46 27.53 27.52 27.48 27.44 27.46 27.49 27.43 27.52 27.50 27.37 27.15 27.23 27.15 27.12 26.94 27.10 27.06 26.93 27.04 27.04 27.32 27.40 27.40 27.37 27.32 27.24 27.30 27.38 27.36 27.27 27.24 27.15
27.67 27.60 27.61 27.61 27.63 27.66 27.61 27.60 27.64 27.57 27.55 27.69 27.76 27.67 27.64 27.67 27.68 27.61 27.59 27.64 27.62 27.62 27.63 27.65 27.60 27.52 27.57 27.59 27.56 27.60 27.56 27.57 27.60 27.55 27.50 27.56 27.54 27.47 27.44 27.42 27.39 27.45 27.41 27.50 27.55 27.57 27.53 27.52 27.51 27.54 27.50 27.52 27.57 27.57 27.45 27.41 27.22 27.28 27.41 27.29 27.21 27.28 27.15 27.18 27.16 27.33 27.40 27.40 27.38 27.32 27.29 27.41 27.43 27.40 27.29 27.23 27.21
27.62 27.56 27.51 27.55 27.59 27.61 27.61 27.64 27.64 27.61 27.53 27.62 27.65 27.67 27.65 27.68 27.70 27.62 27.61 27.62 27.59 27.62 27.59 27.60 27.52 27.49 27.54 27.59 27.61 27.59 27.57 27.62 27.58 27.55 27.57 27.57 27.56 27.52 27.47 27.51 27.47 27.46 27.52 27.54 27.55 27.51 27.53 27.49 27.51 27.55 27.58 27.61 27.60 27.61 27.53 27.51 27.35 27.38 27.63 27.61 27.61 27.49 27.39 27.26 27.35 27.42 27.36 27.39 27.37 27.32 27.37 27.40 27.38 27.45 27.42 27.40 27.38
27.65 27.54 27.52 27.57 27.59 27.59 27.60 27.61 27.57 27.62 27.55 27.52 27.53 27.58 27.59 27.61 27.66 27.61 27.67 27.60 27.56 27.58 27.57 27.59 27.57 27.53 27.52 27.54 27.58 27.58 27.58 27.61 27.58 27.57 27.58 27.53 27.54 27.56 27.56 27.57 27.55 27.54 27.50 27.49 27.53 27.50 27.47 27.50 27.50 27.51 27.56 27.62 27.60 27.59 27.58 27.51 27.53 27.57 27.60 27.64 27.66 27.64 27.62 27.54 27.41 27.47 27.43 27.40 27.40 27.41 27.41 27.37 27.41 27.45 27.42 27.39 27.45
27.63 27.59 27.48 27.57 27.56 27.58 27.60 27.56 27.59 27.62 27.55 27.51 27.55 27.56 27.56 27.59 27.63 27.56 27.51 27.57 27.59 27.58 27.60 27.64 27.61 27.56 27.57 27.59 27.61 27.59 27.55 27.53 27.56 27.59 27.60 27.53 27.48 27.45 27.52 27.55 27.55 27.51 27.41 27.50 27.43 27.41 27.38 27.46 27.53 27.53 27.50 27.51 27.46 27.51 27.54 27.52 27.55 27.59 27.62 27.62 27.63 27.63 27.62 27.62 27.62 27.58 27.49 27.42 27.39 27.44 27.34 27.34 27.42 27.37 27.36 27.40 27.47
27.66 27.57 27.56 27.60 27.61 27.58 27.56 27.54 27.54 27.55 27.61 27.57 27.57 27.58 27.66 27.59 27.57 27.54 27.56 27.55 27.59 27.62 27.58 27.62 27.64 27.61 27.62 27.63 27.58 27.57 27.53 27.51 27.55 27.54 27.53 27.53 27.50 27.43 27.52 27.53 27.55 27.48 27.31 27.54 27.37 27.33 27.36 27.39 27.39 27.36 27.35 27.31 27.33 27.43 27.54 27.51 27.59 27.60 27.62 27.63 27.63 27.63 27.61 27.49 27.58 27.62 27.62 27.62 27.64 27.52 27.22 27.21 27.28 27.30 27.36 27.45 27.51
27.50 27.29 27.57 27.61 27.66 27.65 27.61 27.49 27.46 27.45 27.57 27.54 27.53 27.55 27.60 27.60 27.56 27.53 27.53 27.51 27.55 27.61 27.62 27.65 27.69 27.66 27.64 27.62 27.61 27.60 27.55 27.53 27.53 27.49 27.49 27.52 27.51 27.50 27.47 27.44 27.46 27.59 27.58 27.55 27.49 27.34 27.25 27.25 27.30 27.34 27.28 27.20 27.19 27.27 27.31 27.39 27.52 27.59 27.60 27.60 27.58 27.57 27.62 27.61 27.61 27.59 27.63 27.63 27.60 27.59 27.53 27.22 27.29 27.34 27.37 27.42 27.49
26.73 26.88 27.60 27.63 27.65 27.67 27.63 27.48 27.53 27.44 27.50 27.53 27.49 27.46 27.50 27.50 27.48 27.52 27.59 27.56 27.53 27.58 27.65 27.55 27.62 27.61 27.59 27.57 27.56 27.55 27.54 27.54 27.49 27.47 27.48 27.50 27.53 27.47 27.48 27.50 27.48 27.51 27.51 27.53 27.49 27.37 27.16 27.15 27.29 27.28 27.19 27.21 27.17 26.99 27.05 27.13 27.25 27.16 27.28 27.44 27.55 27.55 27.60 27.62 27.56 27.56 27.60 27.62 27.59 27.58 27.62 27.59 27.33 27.33 27.36 27.38 27.41
