main/data/irradiance/17.12.2023.grid
ncols 839
nrows 679
xllcenter 112.0500
yllcenter -43.9500
cellsize 0.0500
nodata_value 99999.90
[rows 136 to 169 of 679, columns 539 to 615 of 839]
28.33 28.33 28.33 29.15 29.15 29.15 29.53 29.53 29.53 29.69 29.69 29.69 29.69 29.69 29.69 29.69 29.69 29.15 29.15 29.15 29.15 29.15 29.15 29.15 99999.90 99999.90 99999.90 99999.90 23.73 22.98 21.56 21.56 21.56 21.56 21.56 21.56 21.56 21.56 21.52 21.52 19.02 19.02 19.02 20.47 19.57 17.64 18.38 19.02 19.18 18.98 17.02 17.50 18.10 16.20 15.56 13.77 13.59 14.58 15.31 14.44 14.36 15.08 15.76 15.05 15.14 14.31 13.18 12.49 11.94 12.12 12.36 12.88 13.46 13.76 13.97 12.63 11.12
28.33 28.33 28.33 28.78 28.78 29.15 29.53 29.53 29.69 29.69 29.69 29.69 29.69 29.69 29.69 29.69 29.69 29.69 29.69 29.69 29.69 29.15 29.15 29.15 99999.90 99999.90 99999.90 99999.90 23.73 22.98 21.56 21.56 21.56 21.56 21.56 21.56 21.56 21.56 21.56 21.52 21.52 20.55 20.55 20.80 19.73 18.89 18.70 19.06 17.58 17.80 16.42 17.55 18.03 17.37 15.78 14.15 14.16 15.08 14.69 13.99 14.62 14.71 15.32 15.24 13.86 12.97 11.79 11.33 11.53 11.81 12.75 13.34 13.92 14.22 13.67 12.50 11.35
28.33 28.33 28.78 28.78 28.99 28.99 28.99 29.69 29.69 29.69 29.69 29.69 29.69 29.69 29.69 29.69 29.69 29.69 29.69 29.69 29.69 29.15 29.15 29.15 99999.90 99999.90 99999.90 24.69 23.73 22.98 21.56 21.56 21.56 21.56 21.56 21.56 21.56 21.56 21.56 21.56 21.52 21.52 22.27 19.98 20.49 19.86 18.97 18.37 17.29 17.80 16.55 17.53 18.11 16.83 16.01 14.37 14.82 14.07 13.42 14.15 15.08 15.28 15.85 14.37 13.43 11.93 11.25 11.08 11.25 11.24 11.65 11.98 12.81 13.42 12.84 12.25 11.37
26.83 28.78 28.78 28.99 28.99 28.99 28.99 29.69 29.69 29.69 29.69 29.69 29.69 29.69 29.69 29.69 29.69 29.69 29.69 29.69 29.69 29.15 29.15 29.15 99999.90 99999.90 24.44 24.69 23.73 22.98 22.98 22.98 21.56 21.56 21.56 21.56 21.56 21.56 21.56 21.56 21.56 22.05 22.99 20.79 20.34 19.16 19.20 18.99 19.52 19.08 17.03 16.61 17.73 16.05 16.10 15.62 14.24 13.96 13.63 14.27 16.10 15.73 15.48 14.51 12.79 11.96 11.39 11.25 11.06 10.55 10.58 10.74 11.51 11.60 11.56 11.55 11.01
25.90 28.13 28.99 28.99 28.99 28.99 28.99 29.69 29.69 29.69 29.69 29.69 29.69 29.69 29.69 29.69 29.69 29.69 29.69 29.69 29.69 26.98 27.75 99999.90 25.77 25.77 25.77 25.77 23.73 22.98 22.98 22.98 22.98 22.98 22.98 21.28 21.28 21.28 21.28 21.28 21.28 20.69 22.83 21.65 21.35 18.20 18.00 18.73 21.34 20.83 18.67 16.34 17.29 16.00 16.53 15.19 13.94 14.38 13.87 15.04 16.36 16.10 15.06 13.87 12.85 12.13 11.57 11.18 10.38 10.56 10.12 10.01 10.11 9.99 10.23 10.63 10.30
26.60 28.09 28.28 28.28 28.28 28.28 28.28 29.65 29.65 29.65 29.65 29.65 29.65 29.65 29.65 29.65 29.65 29.65 29.65 29.65 29.65 25.10 25.10 25.10 25.10 25.77 25.77 25.77 25.77 22.98 22.98 22.98 22.98 22.98 22.98 22.98 22.98 22.98 21.36 21.36 21.36 20.10 22.88 23.11 21.89 20.48 18.74 19.56 19.96 21.01 17.70 17.65 18.31 16.86 15.29 14.02 13.72 14.01 14.00 15.33 16.31 15.84 15.22 14.75 13.58 12.79 11.52 10.82 10.50 10.12 9.74 9.49 9.33 9.14 9.62 9.72 9.37
25.79 25.88 28.60 28.60 28.60 27.11 27.11 29.65 29.65 29.65 29.65 29.65 29.65 29.65 29.65 29.65 29.65 29.65 29.65 29.65 25.10 25.10 25.10 25.10 25.10 27.27 27.27 25.77 25.77 25.77 23.73 22.98 22.98 22.98 22.98 22.98 22.98 22.98 22.98 21.77 21.77 20.08 21.97 22.62 20.97 21.13 19.30 19.59 19.37 20.77 19.39 18.73 17.98 17.38 14.52 14.22 12.98 13.29 13.60 14.78 15.40 15.92 15.61 15.46 14.96 13.70 12.13 10.95 10.29 9.28 9.01 8.72 8.82 9.09 8.75 8.74 8.82
24.57 24.08 28.03 28.03 27.11 27.11 27.11 29.65 29.65 29.65 29.65 29.65 29.65 29.65 29.65 29.65 29.65 29.65 29.65 25.10 25.10 25.10 25.10 25.10 25.76 25.76 25.76 27.27 25.77 25.77 25.77 23.73 23.73 23.73 22.98 22.98 22.98 22.98 22.98 22.98 21.13 22.46 21.87 20.97 20.97 21.59 20.47 20.39 20.65 20.51 18.87 19.44 18.37 17.84 16.07 14.56 14.20 13.81 13.54 13.91 15.49 15.77 16.10 15.88 15.37 14.39 12.52 10.20 9.92 8.74 8.30 8.27 8.57 8.96 8.35 8.43 8.21
26.78 24.85 26.21 27.11 27.11 27.11 25.96 28.28 26.92 29.65 29.65 29.65 29.65 29.65 29.65 29.65 29.65 25.10 25.10 25.10 25.10 25.10 25.10 25.10 25.76 25.76 25.76 27.27 25.77 25.77 25.77 25.77 23.73 23.73 23.73 23.73 23.73 23.93 23.93 23.93 23.54 23.71 22.97 20.79 20.74 20.30 18.76 18.87 21.53 20.91 18.81 18.51 18.08 18.50 16.77 15.17 14.97 15.41 14.78 13.47 14.80 15.65 16.54 16.47 15.66 15.22 12.59 10.49 9.36 8.17 7.75 7.67 8.22 8.41 8.84 8.60 8.21
27.54 25.71 26.37 27.05 27.05 25.96 29.06 28.28 26.92 26.92 26.92 27.46 27.46 27.46 27.46 26.98 25.10 25.10 25.10 25.10 25.10 25.10 25.10 25.10 25.76 25.76 25.76 27.27 27.27 25.77 25.77 25.77 25.77 24.69 23.73 23.73 23.73 23.73 24.40 24.40 24.50 25.31 24.12 20.68 19.91 20.65 18.46 17.93 19.75 19.69 18.94 16.19 16.44 17.60 16.51 15.21 15.07 14.96 14.21 14.03 13.84 15.75 16.47 16.86 16.42 16.00 13.11 10.80 9.29 8.33 7.47 7.54 8.33 8.82 9.08 8.41 8.83
26.11 24.38 24.33 25.92 25.96 25.96 29.06 28.28 26.92 26.92 27.46 27.46 27.46 27.46 26.98 26.98 25.10 25.10 25.10 25.10 25.10 25.10 25.10 25.10 24.35 25.76 25.76 25.76 27.27 27.27 25.77 25.77 25.77 25.77 24.69 24.69 23.73 23.73 23.73 23.70 23.87 23.55 24.21 21.72 19.60 20.47 18.76 17.66 18.03 17.45 18.33 17.30 13.50 15.20 15.30 15.17 15.26 15.32 14.97 14.70 14.77 16.22 17.22 16.28 16.58 16.19 13.36 11.09 9.75 8.90 8.28 8.86 9.03 9.24 9.32 9.21 9.20
25.26 23.46 24.33 24.29 25.71 27.38 29.06 28.28 26.92 26.92 27.46 27.46 27.46 26.98 26.98 23.49 25.10 25.10 25.10 25.10 25.10 25.10 25.10 24.58 24.35 25.76 25.76 25.76 27.27 27.27 25.77 25.77 25.77 25.77 24.44 24.69 24.69 23.84 23.84 23.81 24.50 23.98 22.51 22.77 19.99 19.52 19.31 19.23 18.88 16.92 18.03 17.20 14.84 12.36 14.45 15.33 16.08 16.07 15.73 15.97 16.95 17.00 17.13 16.50 16.27 16.60 14.36 11.98 11.03 9.91 9.44 9.56 8.95 9.06 9.33 9.18 8.71
24.34 25.58 25.29 25.51 23.99 26.51 29.05 27.94 28.40 27.83 27.46 27.46 26.98 26.98 27.75 23.49 25.10 25.10 25.10 25.10 25.10 25.10 25.10 24.58 24.35 25.76 25.76 25.76 27.27 27.27 27.27 25.77 25.77 25.77 25.77 24.44 24.69 24.69 24.87 24.56 23.53 23.14 22.28 22.48 19.85 19.38 19.03 19.14 18.46 17.89 17.98 17.71 16.49 13.89 14.16 14.19 14.44 15.73 16.40 15.78 16.58 16.91 17.15 17.05 17.05 16.82 15.69 13.59 11.70 9.82 9.82 9.70 9.11 9.24 9.27 8.51 8.57
25.58 25.23 26.07 25.74 25.54 24.15 26.73 26.89 27.05 28.70 27.92 26.98 26.98 27.75 24.14 23.49 25.10 25.10 25.10 25.10 25.10 25.10 25.10 24.58 24.35 25.76 25.76 25.76 25.76 27.27 27.27 26.37 25.77 25.77 25.77 24.44 24.44 24.63 25.24 24.30 22.16 23.02 21.65 21.07 19.80 19.62 20.10 18.95 19.23 19.16 17.50 16.59 15.92 15.32 14.23 12.98 14.22 14.94 15.95 15.96 16.65 16.21 16.11 16.63 17.05 17.23 15.92 14.02 12.16 10.49 10.23 9.44 9.41 8.19 8.63 7.65 8.68
26.49 26.59 24.97 25.94 26.01 24.93 26.11 27.79 27.23 27.33 28.26 28.34 27.75 27.75 24.14 23.49 25.10 25.10 25.10 25.10 25.10 25.10 24.32 24.58 24.35 25.92 25.76 25.76 25.76 27.27 27.27 27.27 26.37 25.77 25.77 24.41 23.82 23.02 22.64 23.98 21.47 23.83 23.47 23.13 21.13 20.35 21.55 19.59 17.95 18.76 17.62 16.97 16.17 15.04 14.30 13.57 13.51 13.78 14.11 14.61 15.63 15.82 15.58 16.09 16.58 17.45 16.40 15.91 13.74 11.67 10.64 9.56 9.06 9.09 7.44 7.15 8.20
25.75 26.47 26.09 25.91 26.00 25.49 25.86 25.15 25.20 25.37 26.08 28.17 27.41 25.70 24.14 23.49 25.10 25.10 25.10 25.10 25.10 24.09 24.32 24.58 24.35 25.92 25.76 25.76 25.76 25.12 27.27 27.27 26.37 26.37 26.35 25.19 24.57 24.26 20.43 21.95 22.85 24.18 22.24 22.15 21.41 20.24 21.38 20.39 19.03 17.95 17.97 17.52 17.33 15.14 14.45 14.92 13.87 13.67 13.68 13.56 14.40 15.69 15.75 15.14 16.39 17.09 16.80 16.49 14.69 11.89 10.69 10.02 9.12 9.06 7.17 8.13 8.53
27.21 25.59 26.74 27.19 26.47 26.52 26.04 26.23 25.05 24.48 24.16 26.26 27.57 24.10 23.17 24.98 23.21 23.66 25.10 25.10 24.09 24.92 24.32 24.58 24.35 25.92 26.77 25.76 25.76 25.12 27.27 27.27 27.34 25.60 25.38 25.87 25.41 24.48 23.21 20.04 21.83 20.59 20.14 20.04 19.89 21.16 21.90 21.54 18.45 18.83 19.51 19.54 19.52 16.18 13.84 15.63 14.56 12.87 13.40 13.81 13.95 14.57 15.29 14.86 16.02 15.93 16.02 16.10 14.47 12.86 11.37 10.45 10.03 9.31 8.55 8.33 7.82
26.85 25.51 25.74 26.47 25.73 25.75 26.19 24.92 23.71 24.69 24.25 25.18 26.56 24.67 21.44 23.97 22.28 21.69 23.43 24.09 24.09 24.92 24.32 24.58 24.35 25.92 26.77 25.76 25.76 25.12 26.03 26.33 27.06 25.58 25.12 26.26 26.20 26.19 23.76 23.24 21.83 20.13 19.51 19.78 19.97 21.34 23.43 22.38 21.09 19.79 19.65 19.22 18.68 17.98 15.24 14.19 13.89 12.73 12.39 12.90 13.43 13.15 13.58 14.22 15.19 15.15 15.21 14.98 13.54 12.53 11.56 10.61 10.13 8.87 8.25 8.05 7.73
26.43 26.66 26.88 25.33 25.67 25.94 25.62 26.57 24.17 24.76 24.34 24.08 26.46 24.88 23.41 23.47 21.94 23.12 23.80 24.67 24.23 24.92 24.32 24.58 24.35 25.92 26.77 25.90 24.39 24.41 26.42 26.50 27.24 26.93 25.32 25.27 25.21 26.62 25.04 23.85 22.52 18.33 18.77 20.41 21.00 22.15 22.58 21.94 21.30 20.23 18.88 18.43 16.88 16.77 15.78 13.86 13.27 13.26 13.21 12.77 12.35 12.22 12.50 12.97 14.51 15.29 14.95 15.28 14.45 13.19 11.58 10.46 9.71 8.82 8.53 8.11 7.75
27.03 27.86 27.16 26.72 26.10 26.24 25.56 26.03 24.93 24.41 24.49 24.05 25.23 25.66 22.65 22.35 20.98 21.52 22.53 23.50 25.55 25.68 25.58 24.40 23.75 24.61 25.64 26.12 25.08 25.91 26.50 26.69 26.72 26.91 26.73 26.47 25.40 26.15 25.25 23.59 22.65 19.86 19.44 19.80 19.62 21.25 22.69 22.62 21.56 20.15 19.50 18.12 17.35 15.97 15.66 13.88 13.68 13.34 12.64 12.83 11.98 11.87 12.45 13.00 13.70 13.69 14.01 14.50 13.99 13.35 12.24 10.55 9.71 9.32 8.25 8.38 8.01
27.71 27.51 26.27 27.35 27.18 26.85 25.84 25.91 26.38 26.45 25.46 24.49 24.73 23.39 23.36 21.73 22.09 22.98 24.72 24.58 25.75 24.80 24.61 24.48 25.17 26.24 26.10 25.97 24.92 26.77 27.33 27.21 26.35 26.53 26.87 26.77 24.83 24.70 24.56 22.99 23.05 20.87 19.64 19.38 19.78 20.93 22.53 22.15 21.49 20.03 20.02 18.09 16.56 15.38 15.53 15.90 14.73 14.59 13.64 12.80 11.86 11.79 12.38 13.06 12.90 12.99 12.86 13.10 13.27 13.05 13.20 11.66 10.41 10.17 9.93 8.98 8.84
26.60 27.44 26.10 27.23 26.11 26.77 26.35 25.72 27.06 26.12 24.44 25.38 25.41 23.77 23.64 21.54 22.08 24.11 23.84 24.83 25.38 23.87 24.54 24.09 25.67 24.82 25.97 26.20 27.03 27.17 27.56 27.22 27.23 27.03 27.47 26.88 25.87 25.09 24.29 22.72 23.40 21.73 21.78 20.63 20.30 21.18 22.43 22.65 20.36 19.73 18.48 17.71 16.94 16.28 15.30 15.00 14.78 14.68 14.80 14.83 13.29 11.95 12.28 12.80 12.95 13.39 12.78 13.32 13.64 13.50 12.52 12.45 12.33 11.39 9.77 9.82 10.17
27.30 27.41 25.79 25.38 24.56 25.53 26.49 26.70 27.81 25.78 24.32 24.24 24.61 25.34 24.01 23.88 23.61 24.40 23.64 24.22 24.81 24.30 26.01 25.52 26.14 26.28 26.46 26.08 27.54 27.53 28.14 28.16 27.50 27.31 27.88 27.75 25.88 25.46 23.41 22.35 22.27 22.27 21.90 21.22 19.97 19.25 21.56 21.50 20.62 20.74 18.33 17.10 17.52 15.96 14.56 13.74 13.98 13.15 14.02 14.83 14.52 12.86 12.03 12.38 13.40 13.92 13.79 14.18 14.52 14.04 13.59 13.49 12.93 11.63 10.37 10.82 10.83
27.54 27.54 26.47 27.34 26.38 26.08 25.68 26.04 27.14 26.01 25.46 24.15 24.71 23.61 25.29 26.25 24.21 22.90 23.37 25.14 23.70 23.85 25.42 25.99 25.83 25.94 25.53 25.96 26.20 26.65 27.47 27.77 27.12 26.72 27.24 27.26 25.99 25.38 23.18 23.02 23.13 24.42 22.53 20.87 20.51 20.86 20.77 21.22 20.35 20.32 19.97 19.82 18.76 18.31 18.18 15.23 13.94 13.02 13.77 14.22 14.32 13.49 13.39 13.68 14.08 14.53 14.64 14.29 14.50 14.81 14.66 13.97 13.45 12.23 11.64 11.61 11.33
28.32 26.71 26.90 26.94 27.46 25.90 26.42 25.67 26.76 25.87 26.95 25.22 23.97 23.92 24.44 25.20 25.49 24.74 25.45 25.08 23.64 25.59 25.79 24.82 25.67 25.74 26.07 26.19 25.73 26.40 26.41 26.69 26.51 26.60 26.06 26.61 27.43 26.11 25.02 24.28 22.62 23.73 23.77 22.05 23.47 21.67 21.18 19.85 20.72 20.51 20.85 19.53 18.58 17.83 17.74 17.17 16.26 14.00 13.88 13.67 13.42 13.24 14.21 14.57 14.95 14.57 14.52 14.30 14.33 14.41 14.34 14.30 13.32 12.45 12.36 12.26 12.45
26.84 24.62 27.10 27.00 27.02 27.74 26.31 24.88 24.41 25.38 25.86 25.18 24.45 23.42 23.18 25.82 26.36 26.14 24.64 26.44 23.21 25.48 26.64 26.44 25.74 25.21 25.56 24.70 25.27 26.82 25.94 26.34 26.06 27.18 26.86 26.33 25.80 25.35 25.71 24.73 24.13 23.04 24.04 22.87 23.52 23.19 21.63 19.80 20.72 21.19 20.17 18.99 18.26 18.79 19.27 18.73 15.59 15.72 14.26 12.94 13.17 13.52 14.63 15.45 16.23 15.40 13.89 13.65 15.01 14.53 14.53 14.07 13.98 13.98 13.23 12.92 13.54
27.46 24.89 27.42 25.95 26.40 26.75 27.14 25.61 25.59 24.79 25.23 26.22 24.76 25.49 24.50 24.93 25.94 25.36 25.42 25.76 25.06 26.27 25.85 26.03 26.29 25.81 25.60 25.03 26.11 25.34 26.80 26.57 26.05 27.07 26.47 25.95 26.12 25.44 25.74 25.56 24.53 23.83 24.90 24.18 23.71 23.26 21.55 21.84 21.74 20.56 20.13 18.75 17.56 18.16 18.03 17.43 15.26 15.02 15.84 14.30 13.89 14.32 16.33 17.08 17.68 17.09 15.46 15.27 15.50 15.18 14.76 14.53 14.31 14.24 13.70 13.65 13.51
27.94 28.45 26.94 26.03 26.11 26.58 26.56 26.84 25.02 24.58 22.73 25.16 24.58 26.11 26.35 24.75 26.56 25.45 24.25 26.02 25.44 25.47 25.89 25.72 26.08 25.44 26.05 25.98 25.81 26.50 27.29 27.23 26.08 26.56 25.36 25.99 26.46 26.29 25.95 24.64 23.66 24.30 24.08 25.66 25.36 24.24 22.77 22.37 20.99 19.83 20.89 19.13 17.55 17.93 17.58 17.10 16.25 15.08 15.75 15.06 14.90 15.17 15.93 16.51 16.53 16.27 16.23 16.13 15.68 15.09 15.36 14.73 14.70 14.83 13.66 13.80 14.01
28.07 27.22 27.98 28.24 26.02 26.62 27.31 26.25 23.82 26.39 24.51 24.28 23.09 24.86 25.71 26.40 26.50 25.65 25.58 26.67 26.47 26.27 24.51 25.69 26.21 25.19 26.06 25.77 25.71 26.54 27.22 27.91 26.57 26.33 24.41 25.61 26.17 26.52 25.74 24.18 23.50 23.91 23.78 25.90 25.98 24.14 22.90 21.67 20.83 19.60 20.30 20.05 18.58 16.99 17.33 17.83 18.13 17.35 16.70 16.34 15.35 15.20 15.71 15.39 14.84 14.76 15.25 15.16 15.01 15.42 15.55 15.55 15.22 14.03 14.24 14.42 14.17
27.92 27.45 26.85 26.61 26.31 26.09 26.08 25.51 25.04 25.49 23.92 23.48 24.15 23.30 22.94 25.13 26.52 26.73 26.61 26.65 25.89 25.93 25.70 26.59 26.74 25.59 24.26 24.68 25.44 27.95 28.01 27.84 26.78 26.70 24.47 25.47 26.25 26.11 25.75 25.30 24.52 25.61 25.44 25.94 24.56 23.73 22.55 21.93 20.12 21.28 21.92 20.71 19.67 18.06 18.21 18.17 18.13 18.28 18.45 16.79 15.51 15.10 15.13 15.54 14.69 14.62 14.41 14.27 14.85 15.07 15.28 16.43 15.77 15.14 14.90 14.89 14.75
28.76 26.26 27.67 27.54 28.81 25.67 25.84 26.98 24.64 25.36 24.06 23.02 23.11 24.52 23.49 23.60 24.86 25.57 26.69 26.36 27.56 26.53 24.57 26.61 26.45 27.71 25.12 25.03 25.49 26.70 27.67 27.94 27.62 25.96 25.85 25.47 26.32 26.92 26.41 25.63 24.18 25.65 26.13 25.45 25.18 23.28 22.99 21.55 22.43 22.51 21.13 21.34 21.58 18.38 18.30 18.63 18.55 18.24 18.19 17.82 17.25 15.53 15.57 14.92 14.43 14.54 14.00 13.82 14.68 15.11 15.91 16.17 16.88 17.06 16.11 15.98 15.42
27.79 26.74 27.72 27.67 27.18 27.41 26.50 27.99 26.60 25.86 25.56 24.89 24.37 24.23 23.42 24.88 25.09 23.45 25.27 25.75 26.46 27.60 26.29 25.86 26.66 26.70 25.67 24.31 27.19 27.09 25.93 27.26 28.06 26.97 26.95 25.07 25.53 25.52 26.01 26.10 25.96 26.01 25.35 25.66 25.77 23.55 23.75 22.12 23.74 24.11 22.29 21.51 22.98 21.14 18.88 17.58 18.05 18.22 16.87 17.39 18.07 16.42 15.20 14.72 13.94 14.19 13.74 13.66 14.69 14.91 15.95 15.41 16.97 17.63 16.92 16.33 15.54
27.13 26.17 27.94 28.29 27.95 27.30 26.40 27.54 26.11 26.58 26.05 25.72 25.20 23.11 24.65 23.57 24.81 24.33 26.08 25.33 24.98 26.73 27.16 26.44 26.49 27.21 26.38 25.32 26.86 27.88 26.05 26.71 26.74 26.76 25.48 25.35 26.00 24.19 24.21 25.08 26.87 27.28 26.10 25.75 25.68 25.45 24.61 22.60 24.41 25.03 24.53 23.45 22.37 22.08 19.33 17.22 17.16 18.27 18.02 18.62 19.14 17.72 16.98 15.62 14.17 13.77 14.22 14.67 14.89 14.92 15.67 15.08 16.32 17.46 17.22 16.23 15.57
27.82 26.03 26.22 26.35 26.97 27.51 27.59 27.29 26.14 27.08 25.95 25.36 25.02 25.60 25.24 23.53 25.48 25.32 24.36 24.83 24.81 26.54 25.19 26.12 27.01 27.06 27.20 26.71 25.31 25.88 27.23 26.88 26.39 25.10 25.19 24.69 24.69 24.88 24.85 24.34 26.53 26.68 26.03 26.85 26.07 24.11 23.98 23.80 23.86 24.90 23.38 24.06 23.08 20.55 19.64 18.82 19.78 19.08 17.33 18.77 18.24 16.70 17.96 17.78 16.06 15.17 14.40 14.03 14.10 14.93 15.29 14.87 16.70 17.00 16.90 16.37 15.43
