main/data/irradiance/17.12.2023.grid
ncols 839
nrows 679
xllcenter 112.0500
yllcenter -43.9500
cellsize 0.0500
nodata_value 99999.90
[rows 170 to 203 of 679, columns 154 to 230 of 839]
99999.90 99999.90 99999.90 99999.90 99999.90 99999.90 99999.90 99999.90 99999.90 99999.90 99999.90 99999.90 99999.90 99999.90 99999.90 99999.90 99999.90 99999.90 99999.90 99999.90 99999.90 99999.90 99999.90 99999.90 99999.90 99999.90 28.45 27.97 27.95 27.95 27.95 27.95 27.95 27.95 27.95 27.95 27.95 28.81 28.81 28.81 28.81 28.81 29.05 29.37 29.46 29.56 29.61 29.56 29.59 29.52 29.36 29.54 29.36 29.35 29.33 29.62 29.58 29.45 29.50 29.18 29.24 29.28 29.48 29.47 29.03 29.34 29.31 29.63 29.62 29.65 29.16 29.20 29.21 29.57 29.36 29.54 29.50
99999.90 99999.90 99999.90 99999.90 99999.90 99999.90 99999.90 99999.90 99999.90 99999.90 99999.90 99999.90 99999.90 99999.90 99999.90 99999.90 99999.90 99999.90 99999.90 99999.90 99999.90 99999.90 99999.90 99999.90 99999.90 99999.90 28.45 27.97 27.95 27.95 27.95 27.95 27.95 27.95 27.95 27.95 27.95 27.95 28.62 28.27 28.27 28.27 28.60 29.30 29.50 29.52 29.59 29.64 29.58 29.67 29.51 29.30 29.09 29.17 29.29 29.39 29.54 29.50 29.53 29.20 29.23 29.11 29.27 29.18 28.92 29.25 29.50 29.54 29.28 29.58 29.22 29.07 29.37 29.44 29.31 29.38 29.33
99999.90 99999.90 99999.90 99999.90 99999.90 99999.90 99999.90 99999.90 99999.90 99999.90 99999.90 99999.90 99999.90 99999.90 99999.90 99999.90 99999.90 99999.90 99999.90 99999.90 99999.90 99999.90 99999.90 99999.90 99999.90 28.41 28.45 27.97 27.95 27.95 27.95 27.95 27.95 27.95 27.95 27.95 27.95 27.95 27.95 28.62 28.46 28.46 28.82 29.43 29.47 29.58 29.59 29.62 29.60 29.62 29.69 29.53 29.12 29.26 29.28 29.39 29.58 29.37 29.39 29.54 28.99 28.87 28.59 29.20 28.89 28.02 28.62 29.06 28.98 28.98 28.57 28.36 28.87 29.13 29.30 29.16 29.11
99999.90 99999.90 99999.90 99999.90 99999.90 99999.90 99999.90 99999.90 99999.90 99999.90 99999.90 99999.90 99999.90 99999.90 99999.90 99999.90 99999.90 99999.90 99999.90 99999.90 99999.90 99999.90 99999.90 99999.90 27.54 28.41 28.45 27.97 27.95 27.95 27.95 27.95 27.95 27.95 27.95 27.95 27.95 27.95 27.95 28.62 28.62 29.14 29.12 29.33 29.31 29.39 29.42 29.51 29.61 29.34 29.56 29.71 29.52 29.45 29.45 29.44 29.40 29.43 29.28 29.35 28.75 28.69 28.45 28.83 28.86 28.37 27.87 28.13 28.40 28.52 28.52 28.77 29.15 29.11 29.15 28.32 27.27
99999.90 99999.90 99999.90 99999.90 99999.90 99999.90 99999.90 99999.90 99999.90 99999.90 99999.90 99999.90 99999.90 99999.90 99999.90 99999.90 99999.90 99999.90 99999.90 99999.90 99999.90 99999.90 99999.90 99999.90 27.54 27.54 28.45 27.97 27.97 27.97 27.95 27.95 27.95 27.95 27.95 27.95 27.95 27.95 27.95 28.26 29.09 29.32 29.16 29.10 29.20 28.78 28.62 28.84 29.34 29.50 29.57 29.63 29.19 29.38 29.25 29.20 29.21 29.22 29.24 29.20 28.80 28.97 28.32 28.81 28.52 28.62 27.88 27.51 27.88 27.81 27.85 28.56 29.08 29.03 28.76 27.89 26.66
99999.90 99999.90 99999.90 99999.90 99999.90 99999.90 99999.90 99999.90 99999.90 99999.90 99999.90 99999.90 99999.90 99999.90 99999.90 99999.90 99999.90 99999.90 99999.90 99999.90 99999.90 99999.90 99999.90 28.08 27.54 27.54 28.45 28.45 28.45 27.97 27.97 27.97 27.97 27.97 27.95 27.95 27.95 27.95 27.95 28.57 28.93 29.36 29.03 29.06 29.17 28.73 28.74 28.67 28.85 29.48 29.42 29.48 29.24 29.07 28.96 29.18 29.17 29.25 29.22 29.16 29.01 28.79 27.57 27.95 27.81 28.02 27.49 27.82 27.53 27.34 27.72 27.97 28.84 29.06 28.89 28.43 27.05
99999.90 99999.90 99999.90 99999.90 99999.90 99999.90 99999.90 99999.90 99999.90 99999.90 99999.90 99999.90 99999.90 99999.90 99999.90 99999.90 99999.90 99999.90 99999.90 99999.90 99999.90 99999.90 28.38 28.08 27.54 27.54 27.54 28.45 28.45 28.45 28.45 27.97 27.97 27.97 27.97 27.97 28.33 28.33 28.33 28.75 28.95 29.03 29.05 28.97 29.00 28.83 28.76 28.77 28.75 29.35 29.36 29.40 29.38 29.16 28.92 29.08 29.08 29.05 28.94 28.99 29.24 29.09 28.00 27.84 27.91 28.00 27.91 28.44 27.67 27.59 28.00 28.87 29.05 29.07 29.07 28.53 28.00
99999.90 99999.90 99999.90 99999.90 99999.90 99999.90 99999.90 99999.90 99999.90 99999.90 99999.90 99999.90 99999.90 99999.90 99999.90 99999.90 99999.90 99999.90 99999.90 99999.90 99999.90 28.28 28.38 28.38 27.54 27.54 27.54 27.54 27.54 28.45 28.45 28.45 28.45 27.97 27.97 27.97 27.97 29.09 29.09 29.26 29.05 28.97 29.03 29.06 29.14 28.82 28.65 28.76 29.06 29.21 29.34 29.24 28.99 29.17 29.25 29.04 28.97 28.76 28.47 28.77 28.81 28.57 27.76 27.65 27.95 28.61 28.15 28.70 28.17 27.83 27.88 27.87 28.74 29.04 28.81 28.83 28.77
99999.90 99999.90 99999.90 99999.90 99999.90 99999.90 99999.90 99999.90 99999.90 99999.90 99999.90 99999.90 99999.90 99999.90 99999.90 99999.90 99999.90 99999.90 99999.90 99999.90 28.06 28.28 28.28 28.38 27.54 27.54 27.54 27.54 27.54 27.54 28.45 28.45 28.45 28.45 28.45 27.97 27.97 27.97 28.83 29.28 28.84 29.02 29.10 29.00 29.13 29.00 28.60 28.09 28.23 28.20 28.35 28.11 28.03 28.30 28.13 28.42 27.87 27.92 28.08 28.92 28.60 28.60 27.96 27.79 28.09 28.65 27.84 28.13 27.75 27.93 27.46 27.52 28.16 27.88 27.60 28.09 28.77
99999.90 99999.90 99999.90 99999.90 99999.90 99999.90 99999.90 99999.90 99999.90 99999.90 99999.90 99999.90 99999.90 99999.90 99999.90 99999.90 99999.90 99999.90 99999.90 28.72 28.06 28.06 28.28 28.28 28.38 27.54 27.54 27.54 27.54 27.54 27.54 28.41 28.45 28.45 28.45 28.45 28.91 28.91 29.28 29.22 29.32 29.31 29.02 28.73 29.02 28.97 28.18 27.65 27.56 27.70 27.64 27.67 27.91 28.96 28.61 28.27 27.43 27.20 27.58 28.39 29.01 28.57 27.13 27.31 28.21 28.05 27.84 27.85 27.78 27.83 27.77 27.00 27.03 27.60 27.76 27.84 27.70
99999.90 99999.90 99999.90 99999.90 99999.90 99999.90 99999.90 99999.90 99999.90 99999.90 99999.90 99999.90 99999.90 99999.90 99999.90 99999.90 99999.90 99999.90 29.09 28.72 28.72 28.06 28.06 28.28 28.28 28.38 28.38 27.54 27.54 27.54 27.54 27.54 28.41 28.41 28.45 28.45 28.45 28.96 29.25 29.45 29.53 29.75 29.62 29.19 29.12 29.00 28.77 28.20 27.40 27.28 27.69 27.73 27.63 28.06 28.02 28.16 28.00 27.37 27.58 27.98 28.87 29.02 28.56 27.93 27.71 27.51 28.47 28.83 29.05 28.53 26.88 27.40 27.16 27.37 27.66 28.29 28.22
99999.90 99999.90 99999.90 99999.90 99999.90 99999.90 99999.90 99999.90 99999.90 99999.90 99999.90 99999.90 99999.90 99999.90 99999.90 99999.90 28.65 28.65 28.65 28.65 28.65 28.65 28.06 28.06 28.28 28.28 28.38 28.38 27.54 27.54 27.54 27.54 27.54 28.41 28.41 28.84 28.84 28.96 29.26 29.37 29.29 29.42 29.37 29.58 29.30 29.12 28.85 28.94 27.77 27.18 27.14 27.69 27.24 27.55 27.36 27.33 27.53 27.59 27.68 27.83 28.92 29.04 28.74 28.82 28.43 27.42 27.37 28.45 28.90 29.00 28.79 28.09 27.62 28.72 28.35 27.29 27.14
99999.90 99999.90 99999.90 99999.90 99999.90 99999.90 99999.90 99999.90 99999.90 99999.90 99999.90 99999.90 99999.90 99999.90 27.84 27.84 27.84 27.84 27.84 27.84 27.84 28.65 28.65 28.06 28.06 28.28 28.28 28.38 28.38 28.08 27.54 27.54 27.54 27.54 28.41 28.41 28.76 29.24 29.49 29.48 29.41 29.39 29.05 29.02 29.27 29.64 29.47 29.13 28.84 27.56 27.58 27.13 27.05 27.45 28.19 27.21 27.26 27.89 27.83 27.65 27.38 27.60 27.33 27.36 27.59 27.46 27.60 28.28 28.15 27.91 27.54 28.36 27.18 27.47 27.34 27.77 28.45
99999.90 99999.90 99999.90 99999.90 99999.90 99999.90 99999.90 99999.90 99999.90 99999.90 99999.90 99999.90 28.59 28.59 28.59 28.59 28.59 28.59 28.59 27.84 27.84 28.65 28.65 28.72 28.06 28.06 28.28 28.28 28.38 28.38 28.08 28.08 27.54 27.54 27.54 28.58 29.15 29.11 29.30 29.41 29.54 29.55 29.37 29.22 28.67 28.79 29.03 29.31 28.75 27.84 27.35 27.59 27.63 27.31 27.41 27.10 27.21 27.81 27.24 27.52 27.31 27.10 27.25 27.32 27.23 27.02 26.86 26.99 26.89 26.94 26.87 27.02 27.31 27.40 27.70 27.65 28.81
99999.90 99999.90 99999.90 99999.90 99999.90 99999.90 99999.90 99999.90 99999.90 99999.90 28.73 28.73 28.73 28.73 28.73 28.73 28.73 28.59 28.59 27.84 27.84 27.84 28.65 28.65 28.72 28.06 28.06 28.28 28.28 28.38 28.38 28.08 28.08 28.30 28.30 28.95 29.23 29.36 29.41 29.45 29.55 29.54 29.65 29.32 29.19 29.65 29.52 29.11 28.96 28.17 28.18 28.11 27.64 28.08 27.84 26.76 27.07 27.16 26.95 27.17 27.28 26.94 27.18 27.09 27.37 27.27 27.63 27.40 26.97 26.91 26.97 27.21 27.23 27.69 28.11 28.23 28.64
99999.90 99999.90 99999.90 99999.90 99999.90 99999.90 99999.90 28.86 28.86 28.86 28.86 28.86 28.86 28.86 28.86 28.86 28.73 28.59 28.59 28.59 27.84 27.84 28.65 28.65 28.65 28.72 28.06 28.06 28.28 28.28 28.38 28.38 28.08 28.08 28.51 28.92 29.27 29.28 29.20 28.97 28.38 28.44 28.72 29.25 29.52 29.67 28.32 27.72 27.86 27.41 27.52 28.04 28.66 28.46 27.72 26.70 27.09 27.52 27.22 26.95 26.59 26.70 26.95 27.33 27.71 28.50 28.88 28.89 28.53 28.20 27.46 27.36 27.26 27.09 27.02 27.77 27.89
99999.90 99999.90 99999.90 99999.90 28.99 28.99 28.99 28.99 28.99 28.99 28.99 28.99 28.99 28.86 28.86 28.86 28.73 28.73 28.59 28.59 27.84 27.84 27.84 28.65 28.65 28.72 28.72 28.06 28.06 28.28 28.28 28.38 28.38 28.35 28.96 29.14 28.81 28.16 28.42 27.79 27.74 27.65 27.34 27.34 28.00 27.99 28.39 29.30 27.65 26.82 27.58 27.62 28.01 28.86 28.33 26.42 26.72 26.80 26.86 27.12 27.20 27.34 26.69 26.59 26.92 27.47 28.25 28.74 27.96 27.79 28.07 28.50 28.34 28.12 28.01 28.07 28.28
99999.90 99999.90 29.68 29.68 29.68 29.68 29.68 29.68 29.68 28.99 28.99 28.99 28.99 28.86 28.86 28.86 28.73 28.73 28.59 28.59 28.59 27.84 27.84 28.65 28.65 28.65 28.72 28.72 28.06 28.06 28.28 28.28 28.59 28.41 29.01 29.14 28.72 28.20 27.88 27.70 27.94 28.09 27.91 27.67 27.77 27.24 27.42 28.55 28.36 27.60 28.33 28.82 28.05 27.39 27.32 27.99 27.87 27.45 27.51 27.95 28.11 27.55 27.56 26.79 26.90 27.83 28.14 28.13 27.77 27.87 28.37 28.47 28.58 28.49 28.35 27.82 28.11
29.26 29.26 29.26 29.26 29.26 29.26 29.26 29.45 29.68 28.99 28.99 28.99 28.99 28.86 28.86 28.86 28.86 28.73 28.73 28.59 28.59 27.84 27.84 27.84 28.65 28.65 29.09 28.72 28.72 28.06 28.06 28.79 28.77 28.86 28.73 28.59 28.37 28.24 28.33 28.04 27.64 27.64 27.94 28.10 27.75 27.27 27.61 27.67 28.14 27.54 26.57 26.94 27.82 27.26 26.60 26.99 26.52 26.65 27.20 27.84 28.17 28.41 28.36 28.66 27.46 26.75 26.95 27.08 27.39 27.25 27.92 28.42 28.41 27.97 27.75 27.45 27.48
29.05 29.41 29.26 29.26 29.26 29.26 29.26 29.45 29.68 29.68 28.99 28.99 28.99 28.99 28.86 28.86 28.86 28.73 28.73 28.59 28.59 28.59 27.84 27.84 28.65 28.65 28.65 29.09 28.72 28.72 28.62 28.74 29.08 28.84 28.34 28.65 28.25 27.97 28.20 28.12 28.11 27.98 28.16 27.69 27.47 26.93 27.24 27.22 27.69 27.77 27.58 26.79 27.34 26.75 26.77 26.95 26.64 26.37 26.68 27.02 26.92 26.80 27.44 27.98 27.85 26.95 26.82 26.95 26.96 27.16 27.65 27.68 27.78 27.86 27.53 27.13 26.90
29.05 29.41 29.26 29.26 29.26 29.26 29.26 29.45 29.48 29.68 28.99 28.99 28.99 28.99 28.86 28.86 28.86 28.73 28.73 28.73 28.59 28.59 27.84 27.84 27.84 28.65 28.65 29.09 29.09 28.75 28.84 29.13 28.43 28.20 28.19 28.51 28.24 27.83 28.30 28.39 28.14 27.89 27.92 27.70 27.32 26.97 26.80 27.00 27.59 27.63 27.95 27.20 26.96 26.70 27.56 27.28 28.11 27.62 28.02 27.48 26.66 27.01 26.80 27.64 28.18 27.78 27.09 26.93 27.14 27.13 27.14 27.03 26.96 26.88 27.06 27.40 27.56
29.05 29.41 29.55 29.26 29.26 29.26 29.26 29.45 29.48 29.68 29.68 28.99 28.99 28.99 28.86 28.86 28.86 28.86 28.73 28.73 28.59 28.59 28.59 27.84 27.84 28.65 28.65 29.32 29.11 28.55 28.84 29.21 28.71 28.08 28.27 28.41 28.22 28.16 27.88 28.12 28.42 28.03 27.77 27.73 27.66 27.20 26.77 26.99 27.21 28.49 29.35 28.66 27.07 26.69 26.64 26.96 27.31 27.84 27.93 27.97 27.70 27.09 26.66 26.88 27.25 27.58 27.41 27.18 27.01 27.03 26.91 26.95 27.15 27.18 27.93 28.73 29.16
29.05 29.41 29.55 29.26 29.26 29.26 29.26 29.45 29.48 29.68 29.68 28.99 28.99 28.99 28.99 28.86 28.86 28.86 28.73 28.73 28.73 28.59 28.59 27.84 27.84 29.01 28.86 28.66 29.03 28.84 29.17 29.52 29.27 28.92 27.64 28.05 28.01 27.83 27.90 28.81 28.03 28.09 27.43 27.34 27.82 27.39 27.51 27.57 26.74 27.23 27.87 27.91 28.02 27.03 26.67 27.61 28.44 28.49 27.78 27.96 28.11 27.42 26.70 26.88 27.19 27.45 27.44 27.32 27.34 27.53 27.98 27.66 27.52 27.79 27.18 27.39 27.88
29.05 29.41 29.55 29.26 29.26 29.26 29.26 29.45 29.48 29.68 29.68 29.68 28.99 28.99 28.99 28.86 28.86 28.86 29.29 28.73 28.73 28.59 28.59 28.60 28.58 28.90 28.42 28.60 28.58 28.95 29.08 29.40 29.17 29.13 28.26 27.45 28.98 28.00 27.63 27.99 28.13 28.54 27.87 27.41 27.29 27.43 27.92 28.05 27.61 28.07 28.69 28.43 27.17 26.46 26.53 26.86 27.84 27.88 27.17 27.05 27.45 27.52 27.96 27.79 28.21 29.15 28.91 28.41 27.61 28.54 28.74 27.87 28.13 28.47 28.31 28.13 28.18
29.05 29.41 29.55 29.26 29.26 29.26 29.26 29.45 29.48 29.51 29.68 29.68 28.99 28.99 28.99 29.72 28.86 28.86 29.29 28.73 28.73 29.00 29.09 29.17 29.43 29.26 29.44 29.52 29.47 29.51 28.98 29.49 29.18 29.08 29.43 29.18 29.45 29.64 29.70 29.48 28.82 28.71 28.14 28.07 27.54 27.35 27.63 27.35 27.57 27.46 27.97 27.90 27.25 26.80 26.72 27.23 27.31 27.53 26.99 27.10 27.49 28.48 27.65 27.49 26.97 27.01 27.10 27.56 27.42 27.72 28.35 27.81 27.25 27.37 27.62 26.65 27.04
29.05 29.41 29.55 29.58 29.26 29.26 29.26 29.45 29.48 29.51 29.68 29.68 29.68 28.99 28.99 29.72 28.86 28.86 29.29 29.34 29.17 29.51 29.49 29.65 29.61 29.48 29.36 29.46 29.53 29.63 29.55 29.56 29.50 29.39 29.30 29.27 29.52 29.59 29.63 29.66 29.54 29.38 29.43 29.22 29.46 28.83 27.97 27.92 27.84 27.44 27.81 28.05 27.41 28.41 28.71 29.05 28.57 27.53 27.91 27.98 27.78 27.88 27.81 26.98 26.92 27.27 27.81 28.07 27.61 27.44 28.17 27.98 27.33 27.16 27.83 26.68 26.50
29.05 29.41 29.55 29.58 29.26 29.26 29.26 29.45 29.48 29.51 29.77 29.68 29.68 28.99 28.99 29.72 29.64 29.44 29.55 29.56 29.49 29.57 29.42 29.31 29.40 29.46 29.26 29.01 29.47 29.43 28.94 28.76 28.96 28.47 28.97 28.86 29.01 29.34 29.42 29.52 29.62 29.53 29.32 29.53 29.77 29.68 29.53 29.18 28.80 28.86 28.79 28.78 28.14 28.01 27.75 28.15 28.02 27.60 27.40 27.47 27.16 27.02 26.99 27.07 28.12 27.93 28.23 28.50 27.99 27.77 27.79 27.52 27.33 27.13 26.87 27.24 27.50
29.05 29.41 29.55 29.58 29.71 29.26 29.26 29.45 29.48 29.51 29.77 29.68 29.68 29.68 29.53 29.38 29.15 29.47 29.51 29.62 29.67 29.59 29.35 28.68 28.29 28.61 28.45 28.63 28.47 29.30 28.23 27.66 27.59 27.14 28.54 28.86 28.87 29.38 29.59 29.53 29.53 29.56 29.29 29.02 29.28 29.59 29.64 29.65 29.53 29.15 29.21 29.21 29.06 29.05 28.24 28.12 27.79 27.44 27.80 27.93 27.64 27.43 27.78 28.23 28.75 28.53 28.23 27.77 27.85 27.50 27.23 28.53 27.81 28.07 26.88 26.84 27.42
29.05 29.41 29.55 29.58 29.71 29.26 29.26 29.45 29.48 29.51 29.77 29.83 29.73 29.63 29.64 29.53 29.53 29.42 29.49 29.56 29.60 29.47 29.62 29.27 28.56 28.35 27.20 27.50 27.63 27.98 28.27 28.16 27.79 27.64 28.15 28.91 28.93 28.54 28.83 29.10 29.47 29.51 29.30 29.36 29.31 29.28 29.31 29.34 28.78 28.95 28.80 28.58 28.38 28.81 28.96 28.93 29.16 29.17 28.20 28.33 28.86 29.11 29.02 28.82 28.69 28.89 28.56 28.05 27.19 27.18 28.07 29.07 29.05 29.15 28.62 28.07 28.51
29.05 29.41 29.55 29.58 29.71 29.54 29.68 29.41 29.27 29.31 29.56 29.66 29.60 29.26 28.95 29.43 29.45 29.54 29.63 29.72 29.62 29.46 29.36 29.47 29.34 28.29 27.24 27.86 27.52 27.89 28.56 28.58 28.81 28.32 29.44 29.48 29.44 29.39 29.11 28.06 29.33 29.37 28.86 29.11 29.22 29.32 28.92 27.99 28.25 28.56 28.78 28.59 28.70 28.76 28.92 28.82 28.54 28.63 29.06 28.86 29.10 29.26 28.96 29.14 29.55 29.41 29.18 28.10 28.70 28.89 29.16 28.58 29.08 29.34 29.41 29.34 29.00
28.71 29.62 29.62 29.40 29.45 29.50 29.31 29.26 29.45 29.50 29.65 29.66 29.58 27.95 27.50 28.09 28.54 29.28 29.68 29.62 29.60 29.63 29.65 29.68 29.66 29.35 28.52 28.20 28.62 28.36 28.33 28.71 28.81 28.67 29.31 29.32 29.32 29.53 29.55 29.30 28.93 28.56 27.85 27.93 27.99 28.86 28.67 28.00 28.30 28.84 29.21 28.90 29.31 29.63 29.44 29.27 28.95 28.47 28.86 29.22 29.32 29.01 29.06 28.70 29.01 28.34 28.81 28.51 28.83 29.05 28.76 28.55 29.17 29.36 29.43 28.74 28.53
29.73 29.64 29.54 29.44 29.34 29.27 29.53 29.54 29.57 29.52 29.60 29.67 29.54 29.06 27.96 27.40 27.75 28.66 29.66 29.65 29.52 29.56 29.61 29.63 29.68 29.78 29.57 28.94 28.70 28.37 28.62 28.25 28.45 28.46 29.01 28.83 29.30 29.69 29.54 29.62 29.54 29.37 28.32 28.43 28.35 27.79 29.06 28.93 28.71 29.30 29.19 29.63 29.09 29.01 29.51 29.19 29.17 28.00 28.57 28.60 28.93 29.08 29.21 28.10 28.06 28.36 29.23 28.90 28.48 29.21 29.10 28.52 29.34 29.59 29.12 28.55 29.39
29.66 29.55 29.36 29.40 29.35 29.52 29.66 29.56 29.49 29.48 29.43 29.50 29.47 29.43 29.25 28.34 28.47 28.36 29.38 29.73 29.69 29.66 29.60 29.54 29.63 29.68 29.77 29.65 27.89 28.05 28.59 28.92 28.98 28.88 28.96 28.43 28.87 29.52 29.58 29.48 29.46 29.47 29.03 28.93 28.52 28.04 28.96 29.63 28.46 28.32 28.15 29.21 29.15 29.13 28.75 28.25 29.14 28.59 28.86 28.15 28.56 28.31 28.15 27.68 27.67 28.83 29.01 28.60 28.20 27.98 28.38 29.12 29.53 29.70 29.64 29.27 29.46
29.55 29.52 29.48 29.39 29.50 29.66 29.61 29.51 29.43 29.38 29.44 29.58 29.48 29.57 29.52 29.47 29.46 29.59 29.52 29.68 29.77 29.77 29.41 28.55 29.53 29.77 29.75 29.69 29.41 29.13 28.49 28.84 29.30 28.76 28.60 28.83 28.94 28.48 29.21 29.48 29.46 29.53 29.61 29.70 29.48 29.14 28.69 29.25 28.67 29.40 29.26 29.27 28.61 27.83 27.86 28.46 28.49 29.60 29.12 29.21 28.79 28.39 28.14 28.43 29.02 29.28 29.19 28.90 27.51 27.53 28.72 29.01 29.09 29.25 29.72 29.19 29.22
