main/data/irradiance/17.11.2023.grid
ncols 839
nrows 679
xllcenter 112.0500
yllcenter -43.9500
cellsize 0.0500
nodata_value 99999.90
[rows 170 to 203 of 679, columns 154 to 230 of 839]
99999.90 99999.90 99999.90 99999.90 99999.90 99999.90 99999.90 99999.90 99999.90 99999.90 99999.90 99999.90 99999.90 99999.90 99999.90 99999.90 99999.90 99999.90 99999.90 99999.90 99999.90 99999.90 99999.90 99999.90 99999.90 99999.90 29.13 29.08 28.60 28.60 28.60 28.60 28.60 28.60 28.60 28.60 28.60 29.23 29.23 29.23 29.23 29.23 29.32 29.35 29.35 29.38 29.37 29.36 29.35 29.29 29.29 29.36 29.38 29.28 29.37 29.32 29.39 29.34 29.30 29.24 29.07 29.15 29.31 29.38 29.32 29.35 29.34 29.37 29.39 29.42 29.29 29.27 29.26 29.38 29.32 29.29 29.27
99999.90 99999.90 99999.90 99999.90 99999.90 99999.90 99999.90 99999.90 99999.90 99999.90 99999.90 99999.90 99999.90 99999.90 99999.90 99999.90 99999.90 99999.90 99999.90 99999.90 99999.90 99999.90 99999.90 99999.90 99999.90 99999.90 29.13 29.08 28.60 28.60 28.60 28.60 28.60 28.60 28.60 28.60 28.60 28.60 28.80 29.16 29.16 29.16 29.25 29.34 29.37 29.38 29.37 29.39 29.38 29.38 29.39 29.41 29.42 29.37 29.35 29.34 29.34 29.39 29.39 29.27 29.21 29.29 29.14 29.34 29.33 29.35 29.40 29.38 29.40 29.40 29.30 29.33 29.27 29.29 29.26 29.16 29.18
99999.90 99999.90 99999.90 99999.90 99999.90 99999.90 99999.90 99999.90 99999.90 99999.90 99999.90 99999.90 99999.90 99999.90 99999.90 99999.90 99999.90 99999.90 99999.90 99999.90 99999.90 99999.90 99999.90 99999.90 99999.90 29.17 29.13 29.08 28.60 28.60 28.60 28.60 28.60 28.60 28.60 28.60 28.60 28.60 28.60 28.80 28.92 28.92 29.26 29.38 29.42 29.41 29.40 29.43 29.41 29.41 29.38 29.39 29.14 29.18 29.30 29.39 29.38 29.32 29.37 29.31 29.23 29.38 29.37 29.28 29.20 28.50 28.66 29.33 29.41 29.41 29.39 29.40 29.41 29.23 29.20 29.17 29.12
99999.90 99999.90 99999.90 99999.90 99999.90 99999.90 99999.90 99999.90 99999.90 99999.90 99999.90 99999.90 99999.90 99999.90 99999.90 99999.90 99999.90 99999.90 99999.90 99999.90 99999.90 99999.90 99999.90 99999.90 28.50 29.17 29.13 29.08 28.60 28.60 28.60 28.60 28.60 28.60 28.60 28.60 28.60 28.60 28.60 28.80 28.80 29.19 29.26 29.39 29.40 29.41 29.41 29.44 29.45 29.45 29.40 29.41 29.40 29.35 29.37 29.41 29.18 29.34 29.20 29.31 29.40 29.40 29.25 29.01 29.06 28.49 27.53 28.10 28.71 28.84 29.30 29.35 29.31 29.21 29.29 29.09 28.94
99999.90 99999.90 99999.90 99999.90 99999.90 99999.90 99999.90 99999.90 99999.90 99999.90 99999.90 99999.90 99999.90 99999.90 99999.90 99999.90 99999.90 99999.90 99999.90 99999.90 99999.90 99999.90 99999.90 99999.90 28.50 28.50 29.13 29.08 29.08 29.08 28.60 28.60 28.60 28.60 28.60 28.60 28.60 28.60 28.60 28.98 29.22 29.26 29.29 29.35 29.35 29.26 29.18 29.33 29.40 29.46 29.45 29.41 29.36 29.37 29.37 29.31 29.24 29.40 29.23 29.23 29.14 29.29 29.27 29.17 28.88 28.89 27.95 27.87 28.26 28.51 28.51 29.08 29.21 29.11 29.13 28.70 28.18
99999.90 99999.90 99999.90 99999.90 99999.90 99999.90 99999.90 99999.90 99999.90 99999.90 99999.90 99999.90 99999.90 99999.90 99999.90 99999.90 99999.90 99999.90 99999.90 99999.90 99999.90 99999.90 99999.90 29.10 28.50 28.50 29.13 29.13 29.13 29.08 29.08 29.08 29.08 29.08 28.60 28.60 28.60 28.60 28.60 29.21 29.18 29.28 29.20 29.25 29.30 29.29 29.29 29.24 29.24 29.45 29.45 29.44 29.34 29.26 29.23 29.31 29.37 29.27 29.03 29.01 29.14 28.94 28.49 28.76 28.58 28.61 28.00 28.23 28.37 28.44 28.32 28.71 29.03 29.08 28.99 28.81 28.49
99999.90 99999.90 99999.90 99999.90 99999.90 99999.90 99999.90 99999.90 99999.90 99999.90 99999.90 99999.90 99999.90 99999.90 99999.90 99999.90 99999.90 99999.90 99999.90 99999.90 99999.90 99999.90 29.04 29.10 28.50 28.50 28.50 29.13 29.13 29.13 29.13 29.08 29.08 29.08 29.08 29.08 28.99 28.99 28.99 29.21 29.21 29.20 29.22 29.26 29.35 29.33 29.29 29.32 29.14 29.36 29.38 29.41 29.40 29.31 29.12 29.24 29.27 29.30 29.30 29.22 29.28 29.02 28.60 28.81 28.58 28.55 28.16 28.54 28.44 28.72 28.59 28.96 29.05 28.89 28.91 28.71 28.63
99999.90 99999.90 99999.90 99999.90 99999.90 99999.90 99999.90 99999.90 99999.90 99999.90 99999.90 99999.90 99999.90 99999.90 99999.90 99999.90 99999.90 99999.90 99999.90 99999.90 99999.90 29.00 29.04 29.04 28.50 28.50 28.50 28.50 28.50 29.13 29.13 29.13 29.13 29.08 29.08 29.08 29.08 29.32 29.32 29.36 29.28 29.25 29.19 29.31 29.29 29.24 29.14 29.24 29.18 29.30 29.20 29.36 29.23 29.28 29.30 29.16 29.14 29.23 29.40 29.44 29.24 28.96 28.38 28.06 28.21 28.81 28.37 28.68 28.45 28.30 28.55 28.55 29.03 29.07 28.95 28.93 28.79
99999.90 99999.90 99999.90 99999.90 99999.90 99999.90 99999.90 99999.90 99999.90 99999.90 99999.90 99999.90 99999.90 99999.90 99999.90 99999.90 99999.90 99999.90 99999.90 99999.90 28.85 29.00 29.00 29.04 28.50 28.50 28.50 28.50 28.50 28.50 29.13 29.13 29.13 29.13 29.13 29.08 29.08 29.08 29.44 29.42 29.29 29.32 29.31 29.26 29.27 29.18 29.00 28.78 28.94 28.87 29.13 29.07 29.03 29.08 28.89 28.93 28.59 28.43 28.71 29.32 29.00 28.92 28.42 28.16 28.21 28.82 28.00 28.15 28.05 28.26 28.43 28.16 28.81 28.81 28.48 28.56 28.83
99999.90 99999.90 99999.90 99999.90 99999.90 99999.90 99999.90 99999.90 99999.90 99999.90 99999.90 99999.90 99999.90 99999.90 99999.90 99999.90 99999.90 99999.90 99999.90 29.26 28.85 28.85 29.00 29.00 29.04 28.50 28.50 28.50 28.50 28.50 28.50 29.17 29.13 29.13 29.13 29.13 29.38 29.38 29.48 29.40 29.40 29.39 29.32 29.15 29.25 29.21 28.81 28.50 28.65 28.62 28.56 28.85 28.94 29.20 29.05 28.71 27.97 27.82 28.21 28.86 29.18 29.01 28.00 27.95 28.54 28.47 28.34 28.25 28.32 28.44 28.45 28.08 28.39 28.45 28.67 28.50 28.13
99999.90 99999.90 99999.90 99999.90 99999.90 99999.90 99999.90 99999.90 99999.90 99999.90 99999.90 99999.90 99999.90 99999.90 99999.90 99999.90 99999.90 99999.90 29.48 29.26 29.26 28.85 28.85 29.00 29.00 29.04 29.04 28.50 28.50 28.50 28.50 28.50 29.17 29.17 29.13 29.13 29.13 29.34 29.44 29.47 29.47 29.48 29.47 29.30 29.28 29.20 29.13 28.82 28.65 28.56 28.61 28.68 28.78 28.70 28.47 28.47 28.33 27.96 28.15 28.51 29.09 29.15 28.84 28.31 28.31 28.04 28.81 29.17 29.17 28.77 28.08 28.39 28.42 28.53 28.63 28.78 28.81
99999.90 99999.90 99999.90 99999.90 99999.90 99999.90 99999.90 99999.90 99999.90 99999.90 99999.90 99999.90 99999.90 99999.90 99999.90 99999.90 29.25 29.25 29.25 29.25 29.25 29.25 28.85 28.85 29.00 29.00 29.04 29.04 28.50 28.50 28.50 28.50 28.50 29.17 29.17 29.33 29.33 29.37 29.41 29.46 29.45 29.46 29.45 29.48 29.35 29.23 29.24 29.15 28.73 28.51 28.15 28.28 28.37 28.55 27.91 27.91 28.13 28.20 28.30 28.28 28.99 29.06 28.96 29.02 28.66 27.96 28.10 28.91 29.21 29.11 28.82 28.68 28.74 29.07 28.75 28.04 27.84
99999.90 99999.90 99999.90 99999.90 99999.90 99999.90 99999.90 99999.90 99999.90 99999.90 99999.90 99999.90 99999.90 99999.90 28.44 28.44 28.44 28.44 28.44 28.44 28.44 29.25 29.25 28.85 28.85 29.00 29.00 29.04 29.04 29.10 28.50 28.50 28.50 28.50 29.17 29.17 29.40 29.45 29.46 29.48 29.49 29.45 29.38 29.33 29.41 29.43 29.40 29.26 29.08 28.57 28.53 28.04 27.99 28.24 28.52 27.96 28.04 28.44 28.33 28.24 28.06 28.27 28.15 28.16 28.22 28.07 28.23 28.87 28.79 28.69 28.18 28.77 28.17 28.15 28.08 28.37 28.82
99999.90 99999.90 99999.90 99999.90 99999.90 99999.90 99999.90 99999.90 99999.90 99999.90 99999.90 99999.90 29.04 29.04 29.04 29.04 29.04 29.04 29.04 28.44 28.44 29.25 29.25 29.26 28.85 28.85 29.00 29.00 29.04 29.04 29.10 29.10 28.50 28.50 28.50 29.34 29.46 29.47 29.49 29.48 29.47 29.48 29.44 29.39 29.17 29.17 29.17 29.31 29.08 28.74 28.48 28.32 28.24 27.98 28.07 28.00 27.91 28.27 28.09 28.11 28.10 27.93 28.15 28.11 28.12 28.02 27.81 27.84 27.80 27.89 27.94 27.93 27.99 28.07 28.31 28.44 29.15
99999.90 99999.90 99999.90 99999.90 99999.90 99999.90 99999.90 99999.90 99999.90 99999.90 29.28 29.28 29.28 29.28 29.28 29.28 29.28 29.04 29.04 28.44 28.44 28.44 29.25 29.25 29.26 28.85 28.85 29.00 29.00 29.04 29.04 29.10 29.10 29.04 29.04 29.40 29.52 29.53 29.53 29.53 29.51 29.46 29.51 29.40 29.30 29.42 29.41 29.25 29.11 28.75 28.75 28.65 28.04 28.42 28.25 27.56 27.78 27.95 27.70 27.85 27.97 27.71 27.80 27.85 28.24 28.21 28.21 28.09 28.15 28.06 28.07 28.20 28.25 28.48 28.81 28.74 29.02
99999.90 99999.90 99999.90 99999.90 99999.90 99999.90 99999.90 29.21 29.21 29.21 29.21 29.21 29.21 29.21 29.21 29.21 29.28 29.04 29.04 29.04 28.44 28.44 29.25 29.25 29.25 29.26 28.85 28.85 29.00 29.00 29.04 29.04 29.10 29.10 29.30 29.37 29.52 29.55 29.51 29.44 28.92 29.09 29.14 29.40 29.47 29.50 29.00 28.47 28.56 28.11 28.33 28.43 28.84 28.79 28.20 27.50 27.80 28.18 27.93 27.73 27.54 27.57 27.77 27.99 28.26 28.81 29.08 29.07 28.88 28.54 28.35 28.45 28.45 28.49 28.50 28.70 28.67
99999.90 99999.90 99999.90 99999.90 29.21 29.21 29.21 29.21 29.21 29.21 29.21 29.21 29.21 29.21 29.21 29.21 29.28 29.28 29.04 29.04 28.44 28.44 28.44 29.25 29.25 29.26 29.26 28.85 28.85 29.00 29.00 29.04 29.04 29.36 29.36 29.41 29.44 29.23 29.10 28.86 28.65 28.78 28.32 28.28 28.56 28.61 28.81 29.27 28.11 27.28 27.99 27.87 28.31 29.13 28.76 27.35 27.55 27.59 27.67 27.94 27.77 27.97 27.64 27.49 27.78 28.17 28.71 29.08 28.51 28.54 28.72 28.97 29.00 28.72 28.64 28.70 28.78
99999.90 99999.90 29.58 29.58 29.58 29.58 29.58 29.58 29.58 29.21 29.21 29.21 29.21 29.21 29.21 29.21 29.28 29.28 29.04 29.04 29.04 28.44 28.44 29.25 29.25 29.25 29.26 29.26 28.85 28.85 29.00 29.00 29.24 29.29 29.47 29.47 29.45 29.27 29.03 28.94 29.02 29.09 28.73 28.47 28.43 28.09 28.38 29.00 28.56 27.98 28.74 28.82 28.22 28.10 27.93 28.35 28.34 28.03 28.01 28.32 28.38 27.96 27.95 27.52 27.71 28.33 28.54 28.55 28.28 28.45 28.98 29.08 29.08 28.65 28.76 28.47 28.39
29.43 29.43 29.43 29.43 29.43 29.43 29.43 29.59 29.58 29.21 29.21 29.21 29.21 29.21 29.21 29.21 29.21 29.28 29.28 29.04 29.04 28.44 28.44 28.44 29.25 29.25 29.48 29.26 29.26 28.85 28.85 29.36 29.36 29.38 29.53 29.52 29.38 28.95 29.14 29.01 28.98 28.79 28.92 28.72 28.68 28.43 28.58 28.74 28.71 28.26 27.53 27.51 28.17 27.78 27.30 27.59 27.28 27.49 28.08 28.27 28.46 28.57 28.56 28.79 28.08 27.71 27.89 27.81 27.98 27.98 28.53 28.82 28.80 28.45 28.19 28.09 28.07
29.25 29.61 29.43 29.43 29.43 29.43 29.43 29.59 29.58 29.58 29.21 29.21 29.21 29.21 29.21 29.21 29.21 29.28 29.28 29.04 29.04 29.04 28.44 28.44 29.25 29.25 29.25 29.48 29.26 29.26 29.36 29.28 29.43 29.40 29.47 29.52 29.07 28.88 29.05 29.10 28.99 28.98 29.02 28.69 28.46 28.15 28.13 28.28 28.84 28.45 27.93 27.72 27.62 27.20 27.14 27.38 27.07 27.10 27.49 27.90 27.62 27.65 28.08 28.46 28.29 27.89 27.88 27.78 27.65 27.68 28.25 28.26 28.46 28.39 28.24 28.07 27.66
29.25 29.61 29.43 29.43 29.43 29.43 29.43 29.59 29.58 29.58 29.21 29.21 29.21 29.21 29.21 29.21 29.21 29.28 29.28 29.28 29.04 29.04 28.44 28.44 28.44 29.25 29.25 29.48 29.48 29.39 29.24 29.46 29.18 29.09 29.41 29.50 29.22 28.98 29.14 29.00 29.08 29.06 29.04 28.81 28.58 27.80 27.68 28.20 28.38 28.52 28.38 28.12 27.51 27.17 27.78 27.56 28.11 27.69 28.26 28.07 27.60 27.61 27.93 28.25 28.57 28.40 28.04 27.90 27.77 27.83 27.63 27.81 27.97 28.11 28.24 28.26 27.97
29.25 29.61 29.62 29.43 29.43 29.43 29.43 29.59 29.58 29.58 29.58 29.21 29.21 29.21 29.21 29.21 29.21 29.21 29.28 29.28 29.04 29.04 29.04 28.44 28.44 29.25 29.25 29.57 29.56 29.46 29.45 29.44 29.09 29.26 29.47 29.55 29.39 29.09 29.05 29.18 29.26 28.81 28.76 29.03 28.64 28.06 27.87 28.24 28.27 28.83 29.36 28.50 27.58 27.26 26.89 27.41 27.54 28.10 28.37 28.40 28.12 27.85 27.86 28.00 28.19 28.22 27.93 27.69 27.64 27.85 27.80 27.91 28.21 28.29 28.79 28.98 29.03
29.25 29.61 29.62 29.43 29.43 29.43 29.43 29.59 29.58 29.58 29.58 29.21 29.21 29.21 29.21 29.21 29.21 29.21 29.28 29.28 29.28 29.04 29.04 28.44 28.44 29.49 29.57 29.49 29.57 29.53 29.50 29.49 29.44 29.43 29.15 29.25 29.11 29.01 29.11 29.30 28.89 28.70 28.33 28.86 29.03 28.68 28.34 28.78 27.82 28.14 28.54 28.38 28.19 27.35 26.99 27.84 28.45 28.75 28.36 28.34 28.35 28.19 27.88 27.86 27.88 27.89 28.19 28.00 27.87 27.82 28.01 28.23 28.23 28.43 28.26 28.59 28.88
29.25 29.61 29.62 29.43 29.43 29.43 29.43 29.59 29.58 29.58 29.58 29.58 29.21 29.21 29.21 29.21 29.21 29.21 29.52 29.28 29.28 29.04 29.04 29.37 29.26 29.48 29.35 29.48 29.48 29.51 29.56 29.52 29.44 29.32 28.93 29.04 29.28 29.15 28.48 28.71 28.63 28.75 28.80 28.38 28.90 28.44 28.32 28.86 28.28 28.65 28.78 28.48 27.91 27.40 27.30 27.20 28.02 28.42 27.63 27.39 27.66 28.04 28.56 28.19 28.12 29.26 28.98 28.80 28.32 28.72 29.01 28.23 28.79 29.34 29.19 29.12 29.22
29.25 29.61 29.62 29.43 29.43 29.43 29.43 29.59 29.58 29.59 29.58 29.58 29.21 29.21 29.21 29.54 29.21 29.21 29.52 29.28 29.28 29.44 29.38 29.32 29.46 29.54 29.54 29.63 29.63 29.59 29.58 29.66 29.63 29.54 29.40 29.37 29.37 29.05 29.21 29.10 28.34 29.37 27.97 28.55 28.87 28.34 28.51 28.29 28.50 28.45 28.58 28.44 28.10 27.81 27.42 27.30 27.70 28.01 27.53 27.69 28.08 28.81 27.88 28.19 27.30 27.60 27.77 28.19 28.14 28.36 28.53 28.25 28.49 28.77 28.78 28.39 28.63
29.25 29.61 29.62 29.64 29.43 29.43 29.43 29.59 29.58 29.59 29.58 29.58 29.58 29.21 29.21 29.54 29.21 29.21 29.52 29.54 29.52 29.50 29.53 29.51 29.55 29.56 29.57 29.66 29.63 29.65 29.66 29.70 29.50 29.42 29.58 29.23 29.20 29.20 29.31 28.17 29.46 29.26 29.12 29.13 29.47 28.85 28.28 28.68 28.64 28.21 28.30 28.43 28.11 28.50 28.65 28.87 28.62 27.91 28.29 28.31 28.14 28.66 28.35 27.77 27.45 27.54 28.61 28.69 28.32 28.02 28.56 28.75 28.52 28.51 28.72 28.35 28.11
29.25 29.61 29.62 29.64 29.43 29.43 29.43 29.59 29.58 29.59 29.58 29.58 29.58 29.21 29.21 29.54 29.53 29.56 29.55 29.57 29.50 29.48 29.49 29.46 29.53 29.54 29.57 29.60 29.65 29.64 29.62 29.62 29.54 29.46 29.58 29.43 29.06 29.54 28.83 28.95 29.20 28.46 29.16 29.30 29.24 29.56 29.38 29.36 29.24 29.23 29.13 29.00 28.28 28.49 28.04 28.26 27.92 27.55 27.73 27.88 28.00 27.66 27.29 27.67 28.17 28.76 28.81 28.92 28.44 28.62 28.81 28.64 28.33 28.56 28.46 28.81 28.87
29.25 29.61 29.62 29.64 29.61 29.43 29.43 29.59 29.58 29.59 29.58 29.58 29.58 29.58 29.58 29.56 29.56 29.57 29.57 29.58 29.58 29.53 29.50 29.52 29.56 29.53 29.57 29.59 29.66 29.66 29.66 29.49 28.82 29.18 28.94 29.07 29.48 29.15 28.79 29.58 28.82 28.31 29.22 28.43 29.50 29.56 29.22 29.63 29.62 29.52 29.47 29.33 29.34 29.27 28.55 27.90 28.00 27.67 27.91 28.12 28.29 27.97 28.29 29.01 29.02 28.88 29.15 28.49 28.36 28.50 28.21 29.12 28.92 29.11 28.45 28.67 28.04
29.25 29.61 29.62 29.64 29.61 29.43 29.43 29.59 29.58 29.59 29.58 29.59 29.59 29.59 29.59 29.59 29.59 29.56 29.58 29.62 29.60 29.55 29.54 29.55 29.56 29.49 29.53 29.61 29.59 29.67 29.65 29.53 29.04 28.93 29.05 29.22 29.25 29.05 29.12 29.48 28.72 29.14 28.97 28.72 28.84 29.21 29.53 28.97 29.45 29.43 29.13 28.90 29.03 29.29 28.71 28.91 28.79 28.86 28.24 28.68 28.70 29.06 28.82 29.18 28.50 28.96 29.26 28.62 27.35 28.15 28.71 29.35 29.14 29.29 28.83 28.88 28.63
29.25 29.61 29.62 29.64 29.61 29.61 29.62 29.62 29.62 29.60 29.62 29.62 29.63 29.63 29.60 29.63 29.62 29.59 29.39 29.26 29.63 29.56 29.56 29.56 29.54 29.54 29.52 29.48 29.62 29.68 29.65 29.57 28.91 29.27 29.58 29.20 29.33 29.36 29.34 29.01 28.73 28.87 28.86 28.57 28.23 28.88 29.21 28.34 28.94 29.20 29.25 28.99 29.24 28.68 28.78 29.01 28.71 28.88 28.98 28.48 28.78 29.21 28.03 28.64 29.27 29.18 29.41 28.99 29.16 28.82 29.51 28.95 29.30 29.22 29.49 29.14 29.46
29.13 29.62 29.63 29.65 29.64 29.62 29.63 29.63 29.61 29.64 29.64 29.62 29.64 29.61 29.56 29.56 29.56 29.55 29.50 29.43 29.54 29.62 29.57 29.49 29.49 29.52 29.59 29.61 29.61 29.68 29.69 29.22 28.21 29.36 29.51 29.05 29.09 29.03 29.30 28.75 28.99 29.07 28.64 28.23 28.41 29.11 29.37 28.71 28.86 29.09 29.17 29.38 29.27 28.88 29.19 29.49 29.24 28.33 29.04 28.84 29.05 28.48 28.70 29.28 29.07 29.16 28.72 29.43 29.56 29.44 29.01 28.52 29.55 29.32 29.40 29.09 29.28
29.64 29.64 29.65 29.67 29.67 29.58 29.60 29.60 29.62 29.63 29.66 29.65 29.65 29.64 29.60 29.52 29.50 29.45 29.27 29.44 29.47 29.62 29.57 29.50 29.34 29.43 29.55 29.54 29.49 29.65 29.70 29.40 29.22 29.41 29.69 29.11 28.74 29.50 29.60 29.06 29.31 29.37 29.07 29.14 28.84 28.67 29.43 29.36 29.36 28.72 29.43 29.35 29.28 28.54 29.50 29.52 29.21 28.82 28.45 28.88 29.00 28.65 29.29 29.00 29.17 28.93 28.59 29.29 29.16 29.34 28.80 29.03 29.45 29.10 28.96 29.63 29.38
29.65 29.64 29.65 29.66 29.67 29.61 29.63 29.65 29.63 29.63 29.64 29.67 29.66 29.66 29.64 29.64 29.64 29.55 29.60 29.26 29.57 29.53 29.53 29.18 28.95 29.54 29.42 29.45 29.52 29.52 29.67 29.63 29.59 29.61 29.73 28.96 29.27 29.65 29.31 28.87 29.50 28.79 29.52 29.01 28.80 28.85 29.09 29.66 29.17 29.20 28.92 29.07 28.64 28.51 29.23 28.27 29.15 28.81 29.45 29.37 28.32 29.01 29.13 28.93 29.00 28.76 29.22 29.41 29.25 28.55 28.53 29.59 29.32 28.54 29.53 29.62 29.36
29.66 29.66 29.66 29.68 29.69 29.66 29.65 29.67 29.66 29.65 29.64 29.66 29.67 29.65 29.65 29.67 29.65 29.57 29.63 29.60 29.43 29.58 29.55 29.26 29.56 29.37 29.34 29.54 29.52 29.57 29.60 29.52 29.60 29.59 29.72 28.98 29.66 29.74 29.18 28.73 29.22 29.29 29.31 29.57 29.51 29.55 29.41 29.49 29.11 29.37 29.41 29.43 28.57 28.66 28.38 28.70 28.35 29.18 29.39 28.94 29.25 29.03 29.22 28.68 28.74 29.53 29.45 29.13 28.67 27.71 29.29 29.32 29.05 28.72 29.54 29.16 29.35
