main/data/irradiance/17.10.2023.grid
ncols 839
nrows 679
xllcenter 112.0500
yllcenter -43.9500
cellsize 0.0500
nodata_value 99999.90
[rows 306 to 339 of 679, columns 154 to 230 of 839]
27.07 27.10 27.10 27.07 27.08 27.05 26.96 27.03 27.02 27.03 27.03 27.04 27.08 27.09 27.06 27.02 27.02 27.01 27.11 27.10 27.10 27.07 27.06 27.01 27.00 26.95 27.02 27.05 27.05 27.07 27.03 27.00 27.01 27.01 27.02 27.02 27.03 27.02 27.04 27.03 27.02 27.01 26.99 27.05 27.04 27.05 27.02 26.95 27.04 27.02 27.02 27.02 27.01 27.06 27.07 27.04 27.00 27.04 27.07 27.06 27.07 27.08 27.07 26.85 26.30 25.16 25.98 26.50 27.11 27.11 27.09 27.11 27.10 27.10 27.12 27.17 27.15
27.03 27.06 27.08 26.97 26.89 26.90 26.96 26.97 26.97 27.02 27.04 27.05 27.07 27.09 27.09 27.05 27.03 27.03 27.09 27.06 27.10 27.10 27.06 27.05 27.00 27.01 27.00 27.00 27.03 27.03 27.02 26.92 27.00 27.02 27.01 27.04 27.01 27.01 27.02 27.00 26.97 26.97 26.95 27.00 26.98 26.94 26.91 26.91 27.00 26.98 26.98 26.98 26.95 26.90 26.95 26.99 27.01 26.99 27.03 27.04 26.98 27.05 27.05 26.75 26.24 24.49 26.80 26.96 27.08 27.11 27.12 27.12 27.10 27.09 27.13 27.14 27.14
27.11 27.05 27.07 27.01 26.85 26.74 26.92 26.96 27.01 27.02 27.04 27.07 27.05 27.06 27.08 27.03 27.07 27.04 27.07 27.10 27.08 27.02 27.08 27.04 27.00 26.98 26.99 26.93 26.95 26.99 26.95 26.91 26.96 26.99 27.01 27.02 27.02 27.00 26.98 26.99 26.94 26.96 26.94 26.94 26.96 26.92 26.95 26.91 26.95 26.96 26.95 26.99 26.97 26.96 26.99 27.02 27.04 26.99 26.97 26.96 26.96 27.01 27.00 27.07 27.05 25.67 27.02 27.14 27.10 27.12 27.10 27.09 27.11 27.11 27.12 27.11 27.11
27.08 27.06 26.99 26.94 26.86 26.92 26.91 26.97 26.94 26.76 27.03 27.03 27.02 27.05 27.10 27.17 27.04 27.07 27.03 27.01 27.03 27.01 27.05 27.07 27.07 27.05 27.02 27.01 27.03 26.95 26.94 26.93 26.93 26.95 26.97 27.00 26.98 26.98 26.95 26.97 26.96 26.95 26.94 26.93 26.89 26.92 26.94 26.95 26.96 26.95 26.90 26.95 27.01 26.99 26.97 26.96 26.93 26.95 27.02 27.03 27.05 27.03 27.03 27.04 27.02 26.82 26.77 27.10 27.08 27.10 27.09 27.11 27.12 27.12 27.10 27.09 27.10
27.15 27.09 27.08 27.00 26.92 26.90 26.84 26.74 26.45 25.93 26.60 26.76 27.05 27.04 27.03 27.04 27.04 26.77 27.07 27.09 27.09 27.05 27.03 27.06 27.04 27.04 27.07 27.03 27.00 27.05 27.07 26.99 27.01 26.99 26.97 27.03 27.00 26.98 26.96 26.94 26.93 26.91 26.99 26.99 26.88 26.92 26.97 26.97 26.95 26.90 26.94 26.90 26.93 26.95 27.00 26.99 26.97 26.90 26.97 27.06 27.00 26.97 26.98 26.96 26.99 26.78 25.83 26.49 27.09 27.12 27.14 27.13 27.12 27.13 27.11 27.11 27.13
27.07 27.07 27.00 27.01 27.00 26.86 27.01 26.53 26.26 26.92 27.01 26.88 26.96 26.88 26.33 26.70 26.93 25.78 26.69 26.65 27.02 27.04 27.04 27.01 27.01 27.03 27.05 27.05 27.05 27.01 27.01 27.04 27.04 26.96 27.08 27.05 27.02 27.02 26.99 27.00 26.98 26.95 26.97 26.99 27.00 26.98 26.93 26.90 26.92 26.96 26.95 26.96 26.92 27.01 27.01 27.00 26.90 26.97 27.01 27.05 27.06 27.04 27.00 27.00 27.05 26.55 26.38 26.94 27.05 27.10 27.12 27.09 27.08 27.09 27.08 27.09 27.08
26.93 26.97 26.92 26.96 26.95 26.82 26.71 26.54 26.89 26.96 27.01 26.98 26.97 27.01 27.03 26.91 26.67 26.92 27.06 27.11 27.17 27.05 27.06 27.01 27.00 27.03 27.06 27.04 27.06 27.03 27.00 27.00 26.95 27.05 26.97 26.95 27.03 26.99 26.98 26.99 26.94 26.94 26.86 26.94 26.98 27.00 27.00 26.98 26.93 26.97 26.92 26.94 26.86 26.96 26.99 27.00 26.95 26.94 26.95 26.98 26.98 27.00 27.00 27.02 27.01 26.64 25.90 27.00 27.09 27.06 27.02 27.03 27.02 27.05 27.08 27.07 27.07
27.00 27.01 27.02 27.07 27.07 27.04 26.99 26.89 26.93 27.00 27.08 27.03 26.91 26.92 26.99 26.95 26.88 26.97 26.92 27.00 27.05 27.10 27.11 27.07 27.06 27.01 27.02 27.03 27.00 27.02 26.99 27.00 27.01 26.98 26.97 26.96 26.97 27.00 27.06 26.99 27.05 26.99 26.95 26.92 26.95 26.96 26.99 27.02 26.92 27.02 27.01 26.86 26.88 26.76 26.86 26.99 26.95 26.90 26.96 26.96 26.96 26.87 26.97 26.96 26.96 26.60 26.51 26.98 27.01 27.01 27.00 26.96 27.00 27.04 27.03 27.04 27.06
27.03 27.07 27.06 27.05 27.04 27.02 27.03 26.92 26.94 27.00 27.05 26.96 26.92 26.98 27.03 26.97 26.91 26.96 27.03 27.01 27.00 27.02 26.87 27.00 27.13 27.08 27.04 27.03 27.00 26.99 27.01 27.02 27.02 26.99 26.97 26.98 26.99 27.03 27.09 26.99 26.98 27.02 26.87 26.93 26.86 26.93 26.96 27.06 27.04 26.99 27.00 27.00 26.89 26.87 26.87 26.21 26.94 26.98 26.91 26.93 26.83 27.00 26.99 26.96 26.95 26.62 26.97 27.00 26.97 26.97 26.97 26.99 26.96 26.97 26.98 27.00 27.00
27.07 27.06 27.04 27.01 27.01 27.01 26.99 26.99 27.02 27.01 27.04 27.02 26.97 27.03 27.07 27.08 27.03 26.94 26.95 26.98 26.65 25.62 26.68 27.03 27.09 26.88 27.03 27.01 27.01 26.98 26.96 26.96 26.98 26.97 26.95 26.95 26.96 26.94 26.94 26.97 27.00 27.00 26.82 26.09 27.01 27.02 27.15 26.89 27.00 27.03 27.02 27.06 26.97 27.03 27.03 27.04 27.03 26.95 26.92 26.90 26.99 27.01 27.03 26.98 26.96 26.68 26.85 26.95 26.95 26.95 26.98 26.95 26.94 26.92 26.95 26.99 27.00
27.01 27.02 26.99 27.01 27.01 27.03 26.95 27.03 27.02 27.01 27.00 27.01 27.02 27.04 26.99 26.95 26.94 26.85 26.92 26.98 26.97 26.84 26.03 26.87 27.04 26.96 27.01 26.98 26.99 27.00 26.96 26.96 26.96 26.98 26.97 26.91 26.93 26.96 26.99 26.98 26.97 26.99 27.02 27.04 27.02 27.04 27.12 27.11 27.10 27.09 27.12 27.12 27.10 27.10 27.07 27.02 27.00 26.99 26.97 26.95 27.02 27.01 27.01 27.03 26.88 26.89 26.77 26.92 26.90 26.89 26.90 26.92 26.92 26.95 26.92 26.93 26.92
27.01 26.99 26.98 26.98 26.99 27.02 26.94 27.02 27.00 27.01 27.01 27.00 27.00 26.99 26.91 26.94 26.85 26.87 26.99 26.96 27.00 26.98 26.99 26.86 27.08 27.01 26.98 27.02 27.01 26.97 26.96 26.99 26.97 26.97 26.94 26.96 26.98 26.97 26.98 27.02 27.03 27.07 27.08 27.03 27.09 27.08 27.05 27.05 27.05 27.05 27.05 27.07 27.04 27.10 27.03 26.97 26.98 27.00 26.99 27.01 27.03 27.02 26.97 27.01 26.94 26.87 26.51 26.46 26.93 26.90 26.93 26.94 26.95 26.89 26.92 26.90 26.95
26.99 26.99 26.99 26.98 27.01 26.98 26.97 26.94 27.01 27.00 27.04 26.97 26.97 26.96 26.93 26.94 26.97 26.96 26.96 27.05 27.08 26.96 26.96 27.01 27.04 26.98 26.96 26.97 27.00 27.00 27.00 26.98 26.97 27.01 27.00 26.97 26.94 26.93 26.97 26.96 27.00 27.04 27.08 27.07 27.06 27.02 26.99 27.00 27.03 26.95 26.65 27.02 27.07 27.06 27.05 26.96 26.88 26.89 26.95 27.01 27.01 27.05 26.99 26.98 26.91 26.90 26.46 24.74 26.11 26.97 26.96 26.97 26.88 26.94 26.90 26.95 26.95
27.00 26.99 26.99 26.99 26.97 27.01 26.94 26.93 26.98 26.98 27.03 27.04 26.99 27.02 26.95 26.92 26.93 26.97 26.99 27.06 27.06 26.97 26.99 27.07 26.97 26.95 26.98 26.96 26.94 26.97 26.99 26.94 26.95 26.98 26.99 26.96 27.04 27.00 27.01 27.02 27.04 26.98 27.07 27.06 27.04 27.03 27.05 27.05 27.03 26.19 24.22 24.22 26.59 26.61 26.97 26.97 26.92 26.87 26.95 26.97 26.97 26.98 26.95 26.96 26.93 26.92 26.74 26.75 26.96 26.99 26.96 26.95 26.95 26.95 26.95 26.98 26.96
26.99 26.98 27.01 26.99 27.00 26.98 27.00 27.00 26.99 27.00 27.02 26.97 26.99 27.00 27.01 26.97 26.93 26.99 27.01 26.93 26.98 26.99 26.99 27.07 27.04 27.03 27.02 27.01 26.98 26.97 26.96 26.93 26.95 26.97 26.95 26.91 26.97 27.01 27.02 27.01 26.99 27.03 27.00 26.99 27.00 27.02 27.02 27.05 26.96 26.72 26.43 26.32 26.05 25.72 26.87 27.02 26.97 26.93 26.98 26.98 26.98 26.98 26.98 26.98 26.98 26.93 26.85 26.73 26.86 26.92 26.97 26.94 26.91 26.93 26.96 26.95 26.95
26.96 26.97 26.98 26.97 27.01 27.02 27.01 26.95 26.99 27.01 27.03 26.97 26.96 26.96 26.98 26.99 26.98 26.94 26.97 26.98 26.91 26.98 26.97 26.99 27.05 27.01 27.03 27.02 27.01 26.96 26.95 26.92 26.92 26.94 26.96 26.93 26.90 26.95 27.01 27.06 27.02 27.01 27.03 27.01 26.98 27.00 26.93 26.82 26.28 25.95 26.11 26.42 26.64 26.50 25.69 26.74 26.49 26.54 26.25 26.91 26.95 26.91 26.94 26.95 27.00 27.01 26.98 26.85 26.71 26.92 26.95 26.95 26.95 26.90 26.91 26.93 26.95
26.96 26.95 26.95 26.97 26.96 27.00 27.03 26.94 26.97 27.02 27.03 27.01 26.98 26.98 26.95 26.97 26.94 26.95 26.98 27.05 27.05 26.98 26.95 26.98 27.03 26.98 27.00 27.03 27.01 27.01 26.96 26.94 26.91 26.94 26.94 26.90 26.95 26.92 27.00 27.01 27.03 27.01 27.00 27.02 27.03 27.05 26.80 26.62 26.57 25.69 25.90 26.09 25.92 25.94 24.16 26.22 25.58 25.44 25.61 25.98 26.18 26.79 26.83 26.93 26.97 26.98 27.01 26.95 26.80 26.71 26.89 26.93 26.96 26.86 26.91 26.95 26.98
26.97 26.95 26.95 26.95 26.94 26.96 26.98 26.97 26.98 26.98 27.00 27.01 27.00 26.98 26.96 26.95 27.05 26.96 26.94 26.99 26.99 26.99 26.92 26.94 26.98 27.01 26.99 26.97 26.99 26.99 26.97 26.95 26.92 26.89 26.94 26.95 26.91 26.96 27.03 27.00 26.96 27.00 27.00 27.00 27.01 27.01 27.02 26.96 26.91 25.97 24.19 25.00 26.87 23.13 19.65 22.30 23.06 21.55 22.53 23.73 23.66 25.20 25.93 26.58 26.81 26.91 26.99 26.99 26.90 25.73 26.91 26.93 26.92 26.85 26.88 26.92 27.01
26.97 26.99 26.96 26.97 26.95 26.93 26.95 27.00 26.98 26.96 26.99 26.95 27.01 26.99 26.97 26.93 26.94 26.99 26.95 26.97 26.99 26.98 26.91 26.64 26.88 26.96 26.97 26.97 26.98 27.01 26.99 26.97 26.94 26.94 26.88 26.85 26.97 27.01 27.06 26.98 26.97 27.00 27.01 26.99 26.97 26.99 26.99 26.92 27.00 26.97 26.20 24.34 26.01 22.71 25.19 25.54 24.73 24.99 25.75 25.65 26.55 26.86 26.58 26.41 26.39 26.39 26.40 26.86 27.00 26.95 26.69 26.90 26.80 26.87 26.91 26.90 26.98
26.92 26.95 26.97 26.96 26.95 26.91 26.93 26.93 26.85 26.93 26.95 26.99 27.01 27.00 27.01 26.96 26.95 26.97 26.95 26.92 26.94 26.99 26.96 26.97 26.96 26.99 27.00 26.99 26.93 26.94 26.97 26.99 26.99 26.96 26.95 26.95 26.97 27.01 27.01 26.98 26.97 26.96 27.00 26.99 27.00 26.99 26.95 26.86 26.98 27.00 26.99 26.98 26.63 25.98 26.89 26.66 25.89 26.41 26.61 26.92 26.71 26.74 26.99 26.76 26.12 26.52 26.72 26.41 26.96 26.97 26.91 26.95 26.91 26.85 26.89 27.00 26.96
26.89 26.95 26.96 26.98 26.97 26.96 26.94 26.93 26.89 26.94 26.96 26.99 27.03 26.97 27.01 26.94 26.93 26.89 26.84 26.91 26.99 27.03 27.06 26.95 26.95 27.06 26.99 26.99 27.01 26.95 26.93 26.95 26.96 26.96 26.96 26.98 26.96 27.00 27.02 27.02 26.99 26.99 26.98 26.99 27.02 26.96 26.94 26.93 26.97 26.95 26.95 26.97 27.00 27.01 27.01 27.03 27.02 27.02 26.97 27.04 26.88 26.82 26.91 26.72 26.06 26.73 26.70 26.92 26.98 26.98 26.96 26.91 26.92 26.91 26.89 26.92 26.97
26.85 26.92 26.93 26.96 26.99 26.95 26.93 26.94 26.91 26.87 26.93 26.94 26.99 26.97 26.97 26.86 26.91 26.97 26.95 26.93 26.98 27.01 26.97 26.94 26.98 27.03 26.99 26.93 26.94 26.99 26.93 26.95 27.02 26.92 26.96 26.96 26.94 26.98 27.00 27.00 27.03 27.03 26.97 26.93 26.95 26.95 26.99 26.98 26.99 26.98 26.98 26.94 27.00 26.97 26.97 27.00 27.02 27.00 27.04 27.04 26.94 26.89 26.98 26.96 26.41 26.47 25.88 26.73 27.01 27.00 26.92 26.89 26.91 26.93 26.92 26.97 26.97
26.90 26.87 26.92 26.93 27.00 26.98 26.95 26.92 26.91 26.90 26.95 26.90 26.92 26.94 26.95 26.94 26.91 26.96 26.97 27.00 26.98 26.97 26.91 26.95 27.00 26.94 26.98 26.97 26.97 26.99 26.97 27.00 27.01 27.01 26.93 26.96 26.99 26.98 26.95 26.94 26.99 27.01 27.01 26.94 26.96 26.93 26.92 26.99 27.01 27.01 27.01 26.97 26.98 27.00 27.00 27.01 26.99 26.99 26.98 26.96 27.02 27.01 26.97 26.99 26.97 26.51 26.22 26.77 26.97 27.01 26.95 26.88 26.87 26.92 26.97 26.91 26.92
26.94 26.95 26.98 26.87 26.88 26.98 26.93 26.87 26.91 26.93 26.92 26.89 26.88 26.93 26.91 26.93 26.96 26.88 26.88 26.92 26.93 26.92 26.92 26.90 26.94 26.78 26.67 26.92 26.85 26.96 26.93 26.99 26.95 26.92 26.90 26.83 26.93 26.98 26.95 26.87 26.91 26.93 26.96 26.93 26.93 27.01 27.00 26.98 27.01 26.99 27.01 26.97 26.97 26.95 27.00 26.98 26.98 26.95 26.95 26.96 27.01 27.02 27.03 26.98 26.89 26.87 26.56 26.28 26.90 26.98 26.93 26.92 26.85 26.84 26.93 26.96 26.92
26.85 26.84 26.85 26.94 26.90 26.86 26.84 26.82 26.86 26.92 26.94 26.88 26.91 26.97 26.93 26.99 27.01 26.88 26.72 26.81 26.89 26.88 26.77 26.79 26.90 26.89 26.86 26.92 26.94 27.01 27.04 26.93 26.94 26.90 26.88 26.93 26.96 26.92 26.92 26.91 26.91 26.97 26.93 26.96 26.98 26.98 26.97 27.00 27.01 27.01 27.04 26.98 26.98 26.98 26.99 26.93 26.91 26.94 26.96 26.96 27.01 27.02 27.02 26.97 26.96 26.98 26.93 26.69 26.70 26.88 26.89 26.90 26.83 26.89 26.96 26.97 26.95
26.86 26.81 26.85 26.75 26.74 26.80 26.83 26.84 26.86 26.91 26.93 26.91 26.86 26.89 26.88 26.94 27.02 26.93 26.77 26.64 26.86 26.91 26.99 26.88 26.83 26.94 26.91 26.86 26.87 26.87 26.96 26.95 26.90 26.79 26.85 26.93 26.98 26.93 26.97 26.97 26.91 26.92 26.94 26.94 26.98 26.99 27.01 26.95 26.93 26.96 26.98 26.97 26.92 26.95 26.98 26.97 26.91 26.91 26.85 26.93 27.01 27.03 27.00 26.97 26.92 27.00 26.93 26.94 26.91 26.89 26.85 26.82 26.91 26.95 26.98 26.96 26.97
26.78 26.79 26.81 26.77 26.76 26.74 26.78 26.77 26.69 26.83 26.93 26.81 26.77 26.84 26.85 26.74 26.87 26.89 26.77 26.69 26.72 26.77 26.90 26.92 26.76 26.73 26.83 26.86 26.80 26.79 26.89 26.82 26.69 26.83 26.88 26.91 26.94 26.96 26.93 26.94 26.95 26.91 26.90 26.90 26.92 26.96 26.96 26.93 26.89 26.90 26.91 26.98 26.92 26.96 26.93 26.93 26.88 26.69 26.90 26.92 26.96 26.93 26.92 26.94 26.92 26.40 26.20 26.77 26.29 26.00 26.70 26.90 26.92 26.92 26.94 26.93 26.90
26.86 26.83 26.78 26.77 26.85 26.79 26.75 26.74 26.76 26.89 26.73 26.52 26.67 26.86 26.85 26.85 26.95 26.89 26.85 26.83 26.82 26.72 26.83 26.82 26.78 26.74 26.76 26.86 26.82 26.81 26.78 26.85 26.83 26.87 26.86 26.82 26.89 26.92 26.91 26.92 26.93 26.90 26.90 26.90 26.89 26.92 26.89 26.89 26.89 26.93 26.88 26.91 26.92 26.90 26.85 26.89 26.85 26.79 26.92 26.96 26.88 26.93 26.96 26.92 26.92 26.62 25.01 26.42 26.11 24.73 25.61 26.75 26.88 26.86 26.91 26.93 26.90
26.87 26.90 26.90 26.76 26.84 26.87 26.83 26.82 26.88 26.96 26.79 25.24 23.54 26.16 26.87 26.82 26.78 26.91 26.84 26.85 26.80 26.85 26.86 26.82 26.83 26.82 26.79 26.86 26.89 26.88 26.83 26.84 26.82 26.81 26.83 26.87 26.90 26.86 26.90 26.88 26.87 26.91 26.89 26.87 26.81 26.88 26.87 26.89 26.87 26.89 26.89 26.87 26.87 26.84 26.83 26.84 26.87 26.90 26.91 26.91 26.90 26.96 26.97 26.94 27.00 27.03 26.88 26.97 26.85 26.68 25.59 25.26 26.48 26.83 26.92 26.98 26.99
26.92 26.85 26.86 26.77 26.86 26.86 26.85 26.85 26.88 26.84 26.96 25.66 24.52 25.41 26.56 26.89 26.86 26.92 26.82 26.95 26.91 26.89 26.85 26.87 26.87 26.91 26.86 26.89 26.89 26.90 26.85 26.77 26.83 26.81 26.83 26.87 26.78 26.81 26.87 26.83 26.87 26.89 26.86 26.86 26.83 26.84 26.84 26.85 26.86 26.82 26.83 26.81 26.80 26.77 26.80 26.82 26.86 26.85 26.90 26.92 26.93 26.91 26.95 26.96 26.97 26.94 26.90 26.87 26.86 26.80 26.81 26.52 26.31 26.86 26.91 26.92 26.95
26.84 26.86 26.86 26.86 26.84 26.85 26.86 26.84 26.84 26.83 26.90 26.90 26.34 25.45 26.20 26.73 26.89 26.87 26.78 26.87 26.90 26.91 26.89 26.90 26.95 26.87 26.85 26.84 26.88 26.84 26.90 26.89 26.85 26.82 26.85 26.88 26.80 26.84 26.82 26.84 26.92 26.87 26.86 26.87 26.83 26.85 26.86 26.78 26.83 26.85 26.80 26.80 26.76 26.64 26.68 26.81 26.88 26.89 26.85 26.87 26.92 26.91 26.91 26.93 26.89 26.86 26.76 26.68 26.66 26.83 26.93 26.90 26.59 26.73 26.90 26.92 26.96
26.80 26.84 26.90 26.89 26.87 26.82 26.82 26.79 26.77 26.79 26.80 26.83 26.86 26.86 26.77 26.70 26.72 26.84 26.84 26.82 26.92 26.91 26.92 26.94 26.93 26.93 26.83 26.82 26.80 26.86 26.89 26.90 26.87 26.82 26.85 26.87 26.79 26.84 26.86 26.89 26.90 26.92 26.92 26.84 26.82 26.84 26.84 26.81 26.86 26.86 26.80 26.75 26.67 26.62 26.76 26.87 26.87 26.88 26.87 26.85 26.94 26.93 26.92 26.87 26.87 26.84 26.65 26.71 26.88 26.91 26.94 26.90 26.70 26.74 26.84 26.86 26.93
26.81 26.83 26.89 26.87 26.86 26.81 26.85 26.81 26.81 26.77 26.81 26.89 26.88 26.83 26.86 26.89 26.85 26.84 26.92 26.90 26.88 26.90 26.95 26.89 26.91 26.90 26.87 26.76 26.87 26.76 26.89 26.86 26.83 26.81 26.88 26.87 26.85 26.79 26.87 26.90 26.88 26.95 26.85 26.82 26.84 26.85 26.85 26.82 26.83 26.80 26.78 26.74 26.39 26.56 26.67 26.82 26.82 26.84 26.89 26.89 26.90 26.88 26.85 26.79 26.78 26.54 26.62 26.81 26.89 26.89 26.84 26.43 25.83 26.60 26.91 26.94 26.93
26.83 26.83 26.92 26.83 26.86 26.87 26.86 26.78 26.80 26.83 26.81 26.85 26.82 26.88 26.89 26.93 26.82 26.82 26.85 26.84 26.80 26.80 26.88 26.84 26.91 26.89 26.86 26.75 26.92 26.79 26.80 26.86 26.82 26.85 26.81 26.90 26.84 26.85 26.84 26.86 26.90 26.88 26.86 26.83 26.82 26.84 26.83 26.82 26.71 26.76 26.79 26.79 26.74 26.74 26.80 26.81 26.83 26.86 26.92 26.92 26.91 26.85 26.83 26.80 26.69 26.78 26.83 26.85 26.89 26.87 26.84 26.62 26.50 26.77 26.89 26.94 26.91
