main/data/irradiance/17.11.2023.grid
ncols 839
nrows 679
xllcenter 112.0500
yllcenter -43.9500
cellsize 0.0500
nodata_value 99999.90
[rows 34 to 67 of 679, columns 462 to 538 of 839]
25.98 27.89 27.89 27.84 27.84 27.84 27.84 27.84 27.84 27.84 25.97 24.90 24.90 24.90 24.90 24.90 24.71 24.71 24.71 24.71 24.71 24.71 24.71 27.39 27.39 27.39 27.39 27.39 27.39 27.39 27.39 27.39 27.39 27.15 27.46 27.22 27.22 27.22 26.83 26.83 26.83 26.83 26.83 26.83 26.83 99999.90 99999.90 99999.90 99999.90 99999.90 99999.90 99999.90 99999.90 99999.90 99999.90 99999.90 99999.90 99999.90 99999.90 99999.90 99999.90 99999.90 99999.90 99999.90 99999.90 99999.90 99999.90 99999.90 99999.90 99999.90 99999.90 99999.90 99999.90 99999.90 99999.90 99999.90 99999.90
25.98 27.89 27.89 27.89 27.84 27.84 27.84 27.84 27.84 27.84 25.97 24.90 24.90 24.90 24.90 24.90 24.90 24.71 24.71 24.71 24.71 24.71 24.71 27.39 27.39 27.39 27.39 27.39 27.39 27.39 27.39 27.39 27.15 27.15 27.22 27.22 27.22 27.22 26.83 26.83 26.83 26.83 26.83 26.83 26.83 27.24 99999.90 99999.90 99999.90 99999.90 99999.90 99999.90 99999.90 99999.90 99999.90 99999.90 99999.90 99999.90 99999.90 99999.90 99999.90 99999.90 99999.90 99999.90 99999.90 99999.90 99999.90 99999.90 99999.90 99999.90 99999.90 99999.90 99999.90 99999.90 99999.90 99999.90 99999.90
25.98 27.89 27.89 27.89 27.84 27.84 27.84 27.84 27.84 27.84 25.97 25.29 24.90 24.90 24.90 24.90 24.90 24.90 24.71 24.71 27.55 27.55 27.55 27.39 27.39 27.39 27.39 27.39 27.39 27.39 27.39 27.15 27.15 27.15 27.22 27.22 27.22 26.83 26.83 26.83 26.83 26.83 26.83 26.83 27.24 27.24 99999.90 99999.90 99999.90 99999.90 99999.90 99999.90 99999.90 99999.90 99999.90 99999.90 99999.90 99999.90 99999.90 99999.90 99999.90 99999.90 99999.90 99999.90 99999.90 99999.90 99999.90 99999.90 99999.90 99999.90 99999.90 99999.90 99999.90 99999.90 99999.90 99999.90 99999.90
25.98 27.89 27.89 27.89 27.89 27.84 27.84 27.84 27.84 27.84 25.97 25.29 25.29 24.90 24.90 24.90 24.90 24.90 24.90 27.55 27.55 27.55 27.55 27.39 27.39 27.39 27.39 27.39 27.39 27.39 27.15 27.15 27.15 27.22 27.22 27.22 27.22 26.83 26.83 26.83 26.83 26.83 26.83 27.24 27.24 27.24 99999.90 99999.90 99999.90 99999.90 99999.90 99999.90 99999.90 99999.90 99999.90 99999.90 99999.90 99999.90 99999.90 99999.90 99999.90 99999.90 99999.90 99999.90 99999.90 99999.90 99999.90 99999.90 99999.90 99999.90 99999.90 99999.90 99999.90 99999.90 99999.90 99999.90 99999.90
27.89 27.89 27.89 27.89 27.89 28.17 27.84 27.84 27.84 27.84 25.97 25.29 25.29 25.29 26.64 24.90 24.90 24.90 27.55 27.55 27.55 27.55 27.55 27.69 27.39 27.39 27.39 27.39 27.39 27.15 27.15 27.15 27.15 27.22 27.22 27.22 26.83 26.83 26.83 26.83 26.83 26.83 27.24 27.24 27.24 27.24 99999.90 99999.90 99999.90 99999.90 99999.90 99999.90 99999.90 99999.90 99999.90 99999.90 99999.90 99999.90 99999.90 99999.90 99999.90 99999.90 99999.90 99999.90 99999.90 99999.90 99999.90 99999.90 99999.90 99999.90 99999.90 99999.90 99999.90 99999.90 99999.90 99999.90 99999.90
27.89 27.89 27.89 27.89 27.89 28.17 27.84 27.84 27.84 27.84 25.97 25.29 25.29 26.64 26.64 26.64 24.90 27.55 27.55 27.55 27.55 27.55 27.55 27.70 27.69 27.39 27.39 27.39 27.15 27.15 27.15 27.15 27.22 27.22 27.22 27.22 26.83 26.83 26.83 26.83 26.83 27.24 27.24 27.24 27.24 27.24 99999.90 99999.90 99999.90 99999.90 99999.90 99999.90 99999.90 99999.90 99999.90 99999.90 99999.90 99999.90 99999.90 99999.90 99999.90 99999.90 99999.90 99999.90 99999.90 99999.90 99999.90 99999.90 99999.90 99999.90 99999.90 99999.90 99999.90 99999.90 99999.90 99999.90 99999.90
27.33 27.89 27.89 27.89 27.89 28.17 28.22 28.01 27.84 27.84 25.97 27.10 26.64 26.64 26.64 26.64 26.95 27.55 27.55 27.55 27.55 27.55 27.70 27.70 27.69 27.69 27.67 27.15 27.15 27.15 27.15 27.15 27.22 27.22 27.22 26.83 26.83 26.83 26.83 26.83 27.24 27.24 27.24 27.24 27.24 27.24 99999.90 99999.90 99999.90 99999.90 99999.90 99999.90 99999.90 99999.90 99999.90 99999.90 99999.90 99999.90 99999.90 99999.90 99999.90 99999.90 99999.90 99999.90 99999.90 99999.90 99999.90 99999.90 99999.90 99999.90 99999.90 99999.90 99999.90 99999.90 99999.90 99999.90 99999.90
27.33 27.33 27.89 27.89 27.89 28.17 28.22 28.01 28.11 25.28 25.28 26.06 26.64 26.64 26.64 26.95 26.95 26.95 27.55 27.55 27.55 27.55 27.70 27.70 27.26 27.46 27.45 27.49 27.15 27.15 27.15 27.22 27.22 27.22 27.22 26.83 26.83 26.83 26.83 27.24 27.24 27.24 27.24 27.24 27.24 27.24 99999.90 99999.90 99999.90 99999.90 99999.90 99999.90 99999.90 99999.90 99999.90 99999.90 99999.90 99999.90 99999.90 99999.90 99999.90 99999.90 99999.90 99999.90 99999.90 99999.90 99999.90 99999.90 99999.90 99999.90 99999.90 99999.90 99999.90 99999.90 99999.90 99999.90 99999.90
27.54 27.33 27.33 27.89 27.89 28.17 28.22 28.01 28.11 25.42 25.42 26.06 26.06 27.50 26.95 26.95 26.95 26.95 27.55 27.55 27.55 26.60 26.60 26.38 26.55 27.48 27.44 27.43 27.41 27.41 27.41 27.22 27.22 27.22 26.83 26.83 26.83 26.83 27.24 27.24 27.24 27.24 27.24 27.24 27.24 27.24 99999.90 99999.90 99999.90 99999.90 99999.90 99999.90 99999.90 99999.90 99999.90 99999.90 99999.90 99999.90 99999.90 99999.90 99999.90 99999.90 99999.90 99999.90 99999.90 99999.90 99999.90 99999.90 99999.90 99999.90 99999.90 99999.90 99999.90 99999.90 99999.90 99999.90 99999.90
27.77 27.54 27.33 27.33 27.31 27.83 28.18 27.41 26.48 26.66 25.42 25.42 27.50 27.50 26.95 26.95 26.95 26.95 27.63 27.63 26.24 26.24 26.24 24.90 25.34 27.11 27.40 27.88 27.52 27.52 27.63 27.22 27.22 27.22 26.83 26.83 26.83 27.24 27.24 27.24 27.24 27.24 27.24 27.24 27.24 27.24 99999.90 99999.90 99999.90 99999.90 99999.90 99999.90 99999.90 99999.90 99999.90 99999.90 99999.90 99999.90 99999.90 99999.90 99999.90 99999.90 99999.90 99999.90 99999.90 99999.90 99999.90 99999.90 99999.90 99999.90 99999.90 99999.90 99999.90 99999.90 99999.90 99999.90 99999.90
27.77 27.54 27.54 27.33 27.06 27.24 27.67 26.84 26.50 27.56 28.27 28.27 27.50 27.50 26.99 26.65 26.65 27.63 27.63 27.63 26.24 26.24 26.24 24.90 25.34 25.70 27.63 27.41 27.45 27.63 27.63 27.22 27.22 27.26 26.83 26.83 27.24 27.24 27.24 27.24 27.24 27.24 27.24 27.24 27.24 27.24 99999.90 99999.90 99999.90 99999.90 99999.90 99999.90 99999.90 99999.90 99999.90 99999.90 99999.90 99999.90 99999.90 99999.90 99999.90 99999.90 99999.90 99999.90 99999.90 99999.90 99999.90 99999.90 99999.90 99999.90 99999.90 99999.90 99999.90 99999.90 99999.90 99999.90 99999.90
27.77 27.77 26.68 27.66 28.00 26.89 27.47 26.76 27.51 28.03 28.04 28.01 27.82 27.08 26.93 27.34 28.17 27.63 27.63 27.63 26.24 26.24 26.24 27.09 25.34 25.34 27.39 27.29 27.58 27.63 28.07 28.07 27.17 27.41 27.48 27.24 27.24 27.24 27.24 27.24 27.24 27.24 27.24 27.24 27.24 27.24 99999.90 99999.90 99999.90 99999.90 99999.90 99999.90 99999.90 99999.90 99999.90 99999.90 99999.90 99999.90 99999.90 99999.90 99999.90 99999.90 99999.90 99999.90 99999.90 99999.90 99999.90 99999.90 99999.90 99999.90 99999.90 99999.90 99999.90 99999.90 99999.90 99999.90 99999.90
27.51 27.46 27.25 27.72 27.93 27.52 27.14 26.65 27.60 28.00 28.14 27.96 27.45 26.49 26.41 28.14 27.74 27.63 27.63 27.63 28.24 27.57 27.09 27.09 27.09 25.66 26.34 27.10 27.33 27.55 27.74 27.18 26.39 27.39 27.48 27.13 27.13 27.13 27.13 27.13 27.13 27.13 27.13 27.13 27.13 27.13 99999.90 99999.90 99999.90 99999.90 99999.90 99999.90 99999.90 99999.90 99999.90 99999.90 99999.90 99999.90 99999.90 99999.90 99999.90 99999.90 99999.90 99999.90 99999.90 99999.90 99999.90 99999.90 99999.90 99999.90 99999.90 99999.90 99999.90 99999.90 99999.90 99999.90 99999.90
27.19 27.00 27.62 27.72 27.67 27.58 27.15 27.46 28.10 27.93 27.72 27.73 26.95 26.34 27.22 28.17 28.15 28.15 28.15 27.87 28.24 28.15 27.57 27.30 27.30 26.14 25.91 27.26 27.61 27.27 27.07 25.86 25.94 27.21 27.61 27.13 27.13 27.13 27.13 27.13 27.13 27.13 27.13 27.13 27.13 27.13 99999.90 99999.90 99999.90 99999.90 99999.90 99999.90 99999.90 99999.90 99999.90 99999.90 99999.90 99999.90 99999.90 99999.90 99999.90 99999.90 99999.90 99999.90 99999.90 99999.90 99999.90 99999.90 99999.90 99999.90 99999.90 99999.90 99999.90 99999.90 99999.90 99999.90 99999.90
27.04 27.34 27.55 27.37 27.33 27.73 27.06 26.68 26.98 27.52 27.71 27.10 26.64 25.25 27.55 28.04 28.04 28.04 28.04 27.87 28.24 28.15 27.57 27.57 26.92 25.31 25.19 26.27 26.46 25.35 24.77 22.87 26.00 27.49 27.61 27.61 27.13 27.13 27.13 27.13 27.13 27.13 27.13 27.13 27.13 27.13 99999.90 99999.90 99999.90 99999.90 99999.90 99999.90 99999.90 99999.90 99999.90 99999.90 99999.90 99999.90 99999.90 99999.90 99999.90 99999.90 99999.90 99999.90 99999.90 99999.90 99999.90 99999.90 99999.90 99999.90 99999.90 99999.90 99999.90 99999.90 99999.90 99999.90 99999.90
26.47 27.25 27.43 26.94 27.48 27.18 27.51 25.91 27.14 27.26 27.22 26.56 25.97 25.83 27.63 28.20 28.22 28.07 28.04 27.87 28.24 28.15 27.50 27.17 26.96 24.45 24.05 25.08 25.36 24.81 25.76 26.53 26.00 27.49 27.49 27.61 27.61 27.13 27.13 27.13 27.13 27.13 27.13 27.13 27.13 27.13 99999.90 99999.90 99999.90 99999.90 99999.90 99999.90 99999.90 99999.90 99999.90 99999.90 99999.90 99999.90 99999.90 99999.90 99999.90 99999.90 99999.90 99999.90 99999.90 99999.90 99999.90 99999.90 99999.90 99999.90 99999.90 99999.90 99999.90 99999.90 99999.90 99999.90 99999.90
26.59 27.37 27.32 27.20 27.68 27.43 27.20 25.98 27.77 27.22 26.76 26.27 26.91 26.62 27.77 28.25 28.25 28.23 28.02 28.05 28.18 27.65 27.26 27.41 26.61 25.07 24.29 23.20 24.54 25.50 26.79 27.71 27.71 27.49 27.49 27.49 27.61 27.61 27.13 27.13 27.13 27.13 27.13 27.13 27.13 27.13 99999.90 99999.90 99999.90 99999.90 99999.90 99999.90 99999.90 99999.90 99999.90 99999.90 99999.90 99999.90 99999.90 99999.90 99999.90 99999.90 99999.90 99999.90 99999.90 99999.90 99999.90 99999.90 99999.90 99999.90 99999.90 99999.90 99999.90 99999.90 99999.90 99999.90 99999.90
26.35 26.24 26.59 27.22 27.23 27.32 27.81 27.04 27.57 26.81 26.28 26.64 26.98 26.84 28.02 28.24 28.18 28.11 27.76 28.11 28.15 26.87 27.23 27.62 23.95 23.10 24.12 24.47 25.84 27.18 27.59 27.71 27.71 27.71 27.49 27.49 27.49 27.61 27.61 27.13 27.13 27.13 27.13 27.13 27.13 27.13 99999.90 99999.90 99999.90 99999.90 99999.90 99999.90 99999.90 99999.90 99999.90 99999.90 99999.90 99999.90 99999.90 99999.90 99999.90 99999.90 99999.90 99999.90 99999.90 99999.90 99999.90 99999.90 99999.90 99999.90 99999.90 99999.90 99999.90 99999.90 99999.90 99999.90 99999.90
26.15 25.77 26.46 26.51 26.76 27.30 27.47 27.25 27.40 27.18 26.73 26.77 27.70 27.68 28.25 28.25 28.15 28.06 27.92 27.92 27.32 26.67 26.68 25.27 23.50 23.07 24.77 26.06 26.48 27.53 27.91 27.91 27.91 27.71 27.71 27.49 27.49 27.49 27.61 27.61 27.13 27.13 27.13 27.13 27.13 27.13 99999.90 99999.90 99999.90 99999.90 99999.90 99999.90 99999.90 99999.90 99999.90 99999.90 99999.90 99999.90 99999.90 99999.90 99999.90 99999.90 99999.90 99999.90 99999.90 99999.90 99999.90 99999.90 99999.90 99999.90 99999.90 99999.90 99999.90 99999.90 99999.90 99999.90 99999.90
26.67 25.15 27.41 26.55 27.00 26.97 26.89 26.78 27.34 27.04 26.45 27.51 27.48 27.98 28.24 28.20 28.21 27.89 27.97 27.83 26.83 26.25 24.87 24.51 25.17 25.77 25.96 26.93 27.07 27.47 28.02 28.02 28.02 28.02 28.02 27.71 27.49 27.49 27.49 27.61 27.61 27.13 27.13 27.13 27.13 27.13 99999.90 99999.90 99999.90 99999.90 99999.90 99999.90 99999.90 99999.90 99999.90 99999.90 99999.90 99999.90 99999.90 99999.90 99999.90 99999.90 99999.90 99999.90 99999.90 99999.90 99999.90 99999.90 99999.90 99999.90 99999.90 99999.90 99999.90 99999.90 99999.90 99999.90 99999.90
27.09 26.62 27.02 26.66 27.29 27.10 27.83 27.73 27.27 26.94 26.92 27.70 27.88 28.21 28.05 28.04 28.19 28.19 27.96 27.36 26.96 25.74 24.42 24.68 25.54 27.14 27.09 27.40 27.07 27.47 28.02 28.02 28.02 28.02 28.02 28.02 28.02 28.02 27.49 27.49 27.61 27.61 27.13 27.13 27.13 27.13 99999.90 99999.90 99999.90 99999.90 99999.90 99999.90 99999.90 99999.90 99999.90 99999.90 99999.90 99999.90 99999.90 99999.90 99999.90 99999.90 99999.90 99999.90 99999.90 99999.90 99999.90 99999.90 99999.90 99999.90 99999.90 99999.90 99999.90 99999.90 99999.90 99999.90 99999.90
27.53 26.85 27.18 26.75 27.01 27.45 27.47 27.66 27.33 27.29 27.99 28.22 28.20 28.03 27.88 27.98 27.97 28.08 28.06 27.55 27.29 26.38 24.50 26.48 27.06 27.45 27.82 27.40 27.40 27.47 28.02 28.02 28.02 28.02 28.02 28.02 28.02 28.02 28.02 27.49 27.49 27.61 27.61 27.13 27.13 27.13 99999.90 99999.90 99999.90 99999.90 99999.90 99999.90 99999.90 99999.90 99999.90 99999.90 99999.90 99999.90 99999.90 99999.90 99999.90 99999.90 99999.90 99999.90 99999.90 99999.90 99999.90 99999.90 99999.90 99999.90 99999.90 99999.90 99999.90 99999.90 99999.90 99999.90 99999.90
27.95 27.22 27.27 27.43 27.51 28.16 27.56 27.13 27.27 27.71 27.98 28.18 28.13 28.08 27.97 27.79 27.45 27.44 27.82 27.77 27.62 26.44 26.14 27.48 27.39 27.68 27.92 27.92 28.08 28.08 28.10 28.02 28.02 28.02 28.02 28.02 28.02 28.02 28.02 28.02 28.02 27.49 27.61 27.61 27.13 27.13 99999.90 99999.90 99999.90 99999.90 99999.90 99999.90 99999.90 99999.90 99999.90 99999.90 99999.90 99999.90 99999.90 99999.90 99999.90 99999.90 99999.90 99999.90 99999.90 99999.90 99999.90 99999.90 99999.90 99999.90 99999.90 99999.90 99999.90 99999.90 99999.90 99999.90 99999.90
27.41 27.00 26.80 27.22 27.85 28.40 27.99 26.57 26.85 27.92 27.89 28.08 27.71 27.45 26.80 26.83 27.15 27.41 27.37 27.78 27.65 27.04 26.99 27.61 27.41 27.66 28.02 28.08 28.08 28.10 28.10 28.10 28.10 28.02 28.02 28.02 28.02 28.02 28.02 28.02 28.02 27.49 27.49 27.61 27.61 99999.90 99999.90 99999.90 99999.90 99999.90 99999.90 99999.90 99999.90 99999.90 99999.90 99999.90 99999.90 99999.90 99999.90 99999.90 99999.90 99999.90 99999.90 99999.90 99999.90 99999.90 99999.90 99999.90 99999.90 99999.90 99999.90 99999.90 99999.90 99999.90 99999.90 99999.90 99999.90
26.32 27.15 26.91 27.48 27.82 28.14 27.82 26.93 27.23 27.88 27.77 27.86 27.76 27.68 26.39 26.91 27.40 27.52 26.76 27.40 26.31 27.33 27.13 26.67 27.20 27.09 28.05 27.92 28.10 28.10 28.10 28.10 28.10 28.10 28.10 28.10 28.02 28.02 28.02 28.02 28.02 27.49 27.49 27.49 99999.90 99999.90 99999.90 99999.90 99999.90 99999.90 99999.90 99999.90 99999.90 99999.90 99999.90 99999.90 99999.90 99999.90 99999.90 99999.90 99999.90 99999.90 99999.90 99999.90 99999.90 99999.90 99999.90 99999.90 99999.90 99999.90 99999.90 99999.90 99999.90 99999.90 99999.90 99999.90 99999.90
27.25 27.23 27.48 27.79 28.11 28.39 27.68 26.85 27.31 28.23 27.94 27.34 28.11 27.98 27.03 26.89 27.68 27.79 27.21 26.79 26.48 27.19 26.10 27.26 27.22 27.38 28.00 27.92 28.10 28.10 28.10 28.10 28.10 28.10 28.10 28.10 28.10 28.10 28.02 28.02 28.02 27.71 99999.90 99999.90 99999.90 99999.90 99999.90 99999.90 99999.90 99999.90 99999.90 99999.90 99999.90 99999.90 99999.90 99999.90 99999.90 99999.90 99999.90 99999.90 99999.90 99999.90 99999.90 99999.90 99999.90 99999.90 99999.90 99999.90 99999.90 99999.90 99999.90 99999.90 99999.90 99999.90 99999.90 99999.90 99999.90
27.17 27.16 27.96 27.89 28.02 27.75 27.89 27.48 27.74 27.76 27.97 27.55 27.84 27.73 27.96 27.89 28.24 27.63 27.18 27.28 27.55 26.96 25.61 27.56 27.22 27.33 28.11 28.06 28.06 28.06 28.10 28.10 28.10 28.10 28.10 28.10 28.10 28.10 28.10 28.02 28.02 27.71 99999.90 99999.90 99999.90 99999.90 99999.90 99999.90 99999.90 99999.90 99999.90 99999.90 99999.90 99999.90 99999.90 99999.90 99999.90 99999.90 99999.90 99999.90 99999.90 99999.90 99999.90 99999.90 99999.90 99999.90 99999.90 99999.90 99999.90 99999.90 99999.90 99999.90 99999.90 99999.90 99999.90 99999.90 99999.90
27.22 27.36 27.70 28.27 28.03 27.61 27.38 27.05 28.20 28.06 27.65 27.73 28.04 27.97 27.67 27.98 27.94 28.17 27.67 27.54 28.22 27.61 26.66 27.56 26.55 26.55 28.08 28.06 28.06 28.06 28.06 28.06 28.10 28.10 28.10 28.10 28.10 28.10 28.10 28.02 28.02 99999.90 99999.90 99999.90 99999.90 99999.90 99999.90 99999.90 99999.90 99999.90 99999.90 99999.90 99999.90 99999.90 99999.90 99999.90 99999.90 99999.90 99999.90 99999.90 99999.90 99999.90 99999.90 99999.90 99999.90 99999.90 99999.90 99999.90 99999.90 99999.90 99999.90 99999.90 99999.90 99999.90 99999.90 99999.90 99999.90
27.34 27.99 28.11 28.15 28.01 27.28 27.85 27.75 28.11 28.04 27.82 28.12 28.18 27.42 28.01 28.00 28.15 27.93 27.72 27.54 28.22 27.73 26.66 26.66 25.84 25.84 27.87 28.06 28.06 28.06 28.06 28.06 28.06 28.06 28.06 28.10 28.10 28.10 28.10 28.02 28.02 99999.90 99999.90 99999.90 99999.90 99999.90 99999.90 99999.90 99999.90 99999.90 99999.90 99999.90 99999.90 99999.90 99999.90 99999.90 99999.90 99999.90 99999.90 99999.90 99999.90 99999.90 99999.90 99999.90 99999.90 99999.90 99999.90 99999.90 99999.90 99999.90 99999.90 99999.90 99999.90 99999.90 99999.90 99999.90 99999.90
27.83 28.17 27.82 28.07 27.85 27.22 27.85 28.11 28.13 28.17 27.89 28.27 28.24 27.83 28.01 27.98 28.22 28.03 28.01 28.01 27.48 27.48 27.48 27.48 26.32 26.32 28.07 28.07 28.07 28.06 28.06 28.06 28.06 28.06 28.06 28.06 28.06 28.06 28.10 27.94 27.94 27.94 99999.90 99999.90 99999.90 99999.90 99999.90 99999.90 99999.90 99999.90 99999.90 99999.90 99999.90 99999.90 99999.90 99999.90 99999.90 99999.90 99999.90 99999.90 99999.90 99999.90 99999.90 99999.90 99999.90 99999.90 99999.90 99999.90 99999.90 99999.90 99999.90 99999.90 99999.90 99999.90 99999.90 99999.90 99999.90
28.04 28.10 27.92 27.39 27.85 27.42 27.98 28.30 28.17 28.35 28.28 28.41 28.33 28.33 28.41 28.24 28.20 28.03 28.01 28.01 27.48 27.48 27.48 27.48 26.32 26.32 28.07 28.07 28.07 28.07 28.07 28.06 28.06 28.06 28.06 28.06 28.06 28.06 27.94 27.94 27.94 27.94 99999.90 99999.90 99999.90 99999.90 99999.90 99999.90 99999.90 99999.90 99999.90 99999.90 99999.90 99999.90 99999.90 99999.90 99999.90 99999.90 99999.90 99999.90 99999.90 99999.90 99999.90 99999.90 99999.90 99999.90 99999.90 99999.90 99999.90 99999.90 99999.90 99999.90 99999.90 99999.90 99999.90 99999.90 99999.90
28.22 28.12 27.41 27.77 27.23 28.04 28.39 28.32 28.28 28.28 28.29 28.45 28.36 28.38 28.29 28.24 28.20 28.20 28.01 28.01 27.48 27.48 27.48 27.48 26.32 26.32 28.07 28.07 28.07 28.07 28.07 28.07 28.07 28.06 28.06 28.06 27.94 27.94 27.94 28.28 28.28 28.28 28.28 28.28 28.28 99999.90 99999.90 99999.90 99999.90 99999.90 99999.90 99999.90 99999.90 99999.90 99999.90 99999.90 99999.90 99999.90 99999.90 99999.90 99999.90 99999.90 99999.90 99999.90 99999.90 99999.90 99999.90 99999.90 99999.90 99999.90 99999.90 99999.90 99999.90 99999.90 99999.90 99999.90 99999.90
28.11 28.10 27.57 27.92 27.56 27.96 28.32 28.47 28.49 28.39 27.94 28.26 28.35 28.40 28.38 28.38 28.19 28.20 28.20 27.98 27.98 27.98 27.98 27.48 26.32 26.32 28.07 28.07 28.07 28.07 28.07 28.07 28.07 27.94 27.94 27.94 27.94 27.94 28.28 28.28 28.28 28.28 28.28 28.28 28.28 99999.90 99999.90 99999.90 99999.90 99999.90 99999.90 99999.90 99999.90 99999.90 99999.90 99999.90 99999.90 99999.90 99999.90 99999.90 99999.90 99999.90 99999.90 99999.90 99999.90 99999.90 99999.90 99999.90 99999.90 99999.90 99999.90 99999.90 99999.90 99999.90 99999.90 99999.90 99999.90
27.98 28.02 27.96 28.01 28.10 28.20 28.40 28.39 28.14 28.22 28.15 28.35 28.28 28.14 28.34 28.19 28.19 28.19 27.98 27.98 27.98 27.98 27.98 27.98 26.32 26.32 28.07 28.07 28.07 28.07 28.07 27.94 27.94 27.94 27.94 27.94 27.94 27.94 28.28 28.28 28.28 28.28 28.28 28.28 28.28 99999.90 99999.90 99999.90 99999.90 99999.90 99999.90 99999.90 99999.90 99999.90 99999.90 99999.90 99999.90 99999.90 99999.90 99999.90 99999.90 99999.90 99999.90 99999.90 99999.90 99999.90 99999.90 99999.90 99999.90 99999.90 99999.90 99999.90 99999.90 99999.90 99999.90 99999.90 99999.90
