main/data/irradiance/17.11.2023.grid
ncols 839
nrows 679
xllcenter 112.0500
yllcenter -43.9500
cellsize 0.0500
nodata_value 99999.90
[rows 238 to 271 of 679, columns 462 to 538 of 839]
18.32 17.88 17.61 17.62 17.81 18.64 19.18 19.44 19.67 21.73 21.50 21.93 19.86 20.09 20.80 19.66 17.74 19.63 21.61 21.55 22.51 21.82 19.22 17.10 16.77 16.89 19.60 20.70 22.53 21.48 22.46 22.57 23.18 21.80 22.54 23.92 24.52 25.55 25.40 26.33 25.48 23.57 21.83 19.92 23.12 25.86 26.13 27.32 27.78 27.37 26.89 25.91 25.57 25.26 25.54 27.54 26.92 26.16 26.33 26.06 24.42 24.62 25.14 26.63 26.81 26.43 26.53 24.86 25.83 25.41 24.90 25.74 26.22 26.60 27.16 26.09 23.61
16.86 17.86 17.95 18.73 20.13 18.69 18.75 19.10 19.92 20.65 20.64 19.74 20.61 21.00 20.85 20.36 18.77 19.40 20.31 20.11 21.15 19.86 17.61 16.40 14.34 17.42 19.94 19.18 19.83 20.00 22.05 22.28 22.32 20.59 21.54 23.13 24.53 24.89 24.26 24.28 23.69 21.56 20.74 19.80 20.60 22.40 23.91 26.00 25.98 25.53 26.05 25.77 25.08 24.87 24.99 25.84 25.75 25.66 25.98 25.55 23.85 22.28 22.85 25.31 25.98 25.66 25.92 24.58 24.76 24.98 24.93 24.89 25.63 26.58 26.82 26.54 25.48
17.50 18.31 16.99 16.94 18.57 18.78 17.69 18.61 18.76 18.84 19.85 19.52 19.54 18.73 17.13 17.84 18.08 17.68 19.27 19.09 19.99 19.99 18.17 17.66 17.65 18.94 20.54 20.21 19.50 21.21 21.79 21.26 20.86 19.36 20.32 23.41 24.91 25.23 23.69 23.57 21.99 22.15 21.46 20.72 19.79 21.50 22.53 24.90 25.00 24.62 24.24 24.60 24.07 23.33 24.17 25.11 24.84 24.86 25.72 27.18 26.21 24.08 22.90 23.90 25.68 26.02 24.93 24.60 24.92 24.69 24.68 25.26 25.12 25.29 24.81 25.04 24.96
15.15 16.75 16.59 15.65 15.45 16.37 16.36 16.75 17.23 17.64 19.01 18.34 19.12 18.37 16.41 15.43 16.32 16.25 17.51 19.21 19.01 17.41 16.07 17.16 16.61 18.23 16.95 18.89 19.25 21.72 20.52 19.28 20.12 19.77 19.13 20.48 23.55 23.79 24.06 23.42 22.17 22.06 21.93 21.13 19.91 19.44 20.15 23.78 23.79 23.49 23.80 23.88 23.88 22.78 23.39 24.26 25.77 25.09 25.08 25.68 24.88 23.68 23.17 23.66 23.59 23.01 24.40 23.64 23.94 25.10 24.98 24.98 24.66 25.49 25.38 25.54 24.54
13.91 14.71 14.63 13.68 15.48 16.37 15.87 15.60 14.89 17.64 18.86 17.56 18.12 16.86 15.58 14.62 16.89 15.68 16.54 17.45 16.31 14.81 14.77 16.65 16.25 16.09 15.60 18.16 19.58 20.49 20.05 19.41 19.40 18.15 17.94 18.17 20.26 21.34 22.44 22.43 23.33 22.36 21.62 22.75 22.11 21.13 20.05 21.85 22.72 22.88 25.34 23.67 22.75 23.77 22.97 22.68 24.20 25.29 25.63 25.52 24.76 22.49 21.71 21.92 22.26 22.01 22.33 23.28 23.73 23.76 24.51 24.47 24.63 25.43 25.74 25.99 24.81
13.81 13.44 12.20 12.64 14.07 16.21 15.24 15.06 15.03 15.97 16.06 15.24 14.65 14.97 14.21 15.23 16.33 17.25 17.58 16.57 15.62 14.94 14.47 16.69 16.49 15.60 17.17 18.79 17.83 19.36 18.72 18.62 17.55 16.80 17.36 16.91 18.79 20.07 20.70 22.09 21.80 20.58 22.17 22.90 20.82 19.86 21.26 21.84 22.17 21.67 24.03 23.31 21.78 23.15 22.93 22.29 23.25 24.72 24.64 23.62 22.76 22.67 21.89 22.82 22.33 22.61 22.27 23.41 23.52 22.33 23.04 22.64 22.62 23.05 23.43 24.60 24.16
14.29 13.10 11.96 11.83 12.97 14.87 14.01 14.29 15.55 16.41 15.80 13.85 13.50 14.09 14.01 14.46 16.04 17.60 17.39 15.73 15.77 14.73 14.28 16.45 14.66 14.82 16.70 17.61 18.37 18.72 17.57 18.12 18.11 16.42 16.26 17.18 17.11 17.97 19.39 20.95 20.38 20.65 20.93 21.53 19.69 18.87 20.63 21.40 22.00 21.08 23.41 23.04 21.83 23.20 24.60 23.42 21.57 22.92 23.01 23.30 23.00 22.97 22.70 22.90 22.55 22.47 22.33 23.70 23.40 20.72 21.54 22.94 20.83 21.24 21.19 22.27 24.61
13.98 13.12 11.85 12.09 14.46 14.28 13.29 14.99 14.55 14.08 13.57 13.89 13.77 13.61 14.29 13.99 15.09 14.54 14.26 14.51 14.11 14.07 15.40 15.29 14.22 13.88 15.10 15.66 16.12 17.30 15.96 17.38 17.36 18.32 17.17 17.86 16.69 17.09 18.08 19.72 17.93 20.82 20.88 21.38 21.18 20.04 19.34 20.31 19.86 20.73 22.13 23.09 22.01 21.24 22.31 21.95 21.51 21.15 20.92 21.57 21.85 22.61 22.53 22.44 23.23 22.03 22.16 22.05 22.92 21.71 22.11 21.49 19.92 20.33 20.47 21.14 22.82
13.73 13.75 12.29 12.28 13.61 13.66 14.34 16.16 15.55 13.86 13.91 14.59 14.97 15.98 15.57 14.70 14.16 13.79 13.65 13.87 14.23 13.49 13.86 14.68 14.23 13.59 15.22 15.01 15.73 15.46 15.54 16.48 16.54 16.75 17.59 18.03 17.39 15.98 15.83 17.34 17.23 20.19 19.48 18.89 18.32 17.29 16.16 17.89 17.10 17.70 18.90 22.34 21.88 20.46 21.37 19.90 21.03 20.46 21.01 19.91 20.33 20.48 19.96 21.97 21.96 23.00 22.73 21.62 21.94 22.57 21.83 20.35 19.11 20.03 20.97 22.16 23.15
11.88 12.14 12.22 11.52 11.94 13.69 13.30 14.23 13.25 11.83 12.64 12.66 13.75 14.65 14.51 15.41 13.90 14.38 14.13 13.90 14.54 13.59 13.15 13.73 13.98 15.20 15.42 15.58 15.98 15.20 14.71 14.75 16.57 17.58 18.14 16.31 15.64 15.39 15.82 15.52 16.27 18.53 19.35 18.30 16.65 16.30 15.62 15.80 14.54 15.88 18.21 20.81 19.91 20.06 21.23 20.41 20.55 20.14 19.10 19.22 19.84 19.75 18.90 20.19 20.47 21.58 22.28 21.32 21.12 22.09 21.24 20.71 19.80 19.76 19.88 23.27 22.44
11.54 11.52 10.03 9.81 10.66 11.34 12.03 12.48 10.32 8.76 10.79 10.61 9.96 11.03 11.96 13.99 11.79 13.72 14.07 13.64 14.84 12.86 12.41 13.22 12.85 15.13 15.01 14.32 15.33 15.35 14.70 14.57 16.38 17.28 17.44 15.17 15.23 15.38 15.46 14.68 14.66 17.05 19.81 18.20 17.99 16.34 15.71 15.18 13.43 14.82 16.23 18.71 19.38 19.04 18.42 18.49 17.81 17.10 17.41 18.55 18.97 19.35 18.27 18.89 18.31 20.13 21.20 21.75 21.26 21.93 21.77 21.07 20.62 18.16 17.89 19.87 21.66
9.83 9.80 7.86 8.41 9.32 10.27 10.43 10.97 9.77 8.31 9.20 8.82 8.55 8.94 11.45 13.65 11.96 12.85 13.78 12.55 12.65 11.08 10.49 11.95 11.95 13.11 13.83 13.81 12.84 13.48 14.28 14.85 14.92 16.00 15.64 15.18 13.69 14.88 16.31 15.33 15.68 18.23 18.31 17.75 16.97 15.55 15.88 15.19 12.97 14.77 15.63 15.83 17.03 17.80 18.27 17.16 16.21 17.07 17.36 17.16 17.45 17.59 18.16 17.77 18.32 18.97 20.59 20.60 19.04 20.87 21.50 21.78 20.83 18.72 18.25 19.66 21.27
10.10 9.87 8.71 8.22 8.41 9.30 9.58 9.79 8.90 8.04 8.03 7.26 7.42 7.71 10.11 11.75 11.04 10.64 11.95 11.71 11.31 9.32 9.26 10.23 10.74 10.73 11.56 11.90 11.17 11.27 12.27 13.50 14.19 14.92 14.00 13.16 12.38 13.98 15.37 14.24 14.25 14.94 14.80 15.44 15.93 14.76 16.33 15.50 14.84 14.97 16.17 16.18 15.91 17.19 17.29 16.40 16.34 16.43 17.34 16.73 16.87 16.13 16.66 17.97 18.51 19.24 19.46 19.24 19.19 18.89 20.55 21.22 21.04 20.37 18.71 18.62 19.91
9.06 8.99 9.03 8.21 8.81 10.14 10.36 9.50 9.53 10.68 9.62 7.73 7.08 7.92 8.75 10.02 8.95 9.06 10.08 9.57 9.66 8.19 7.69 8.49 9.44 8.83 8.74 8.43 9.87 10.08 9.99 12.89 12.76 13.98 12.61 12.85 13.42 13.31 13.38 14.14 13.33 12.95 12.98 12.49 14.95 14.37 14.12 14.95 15.78 15.56 16.11 16.37 15.21 16.39 16.37 16.01 16.16 16.09 16.19 16.51 17.23 16.61 17.01 17.93 18.72 18.35 19.30 19.86 19.08 19.45 18.86 18.79 20.72 20.89 19.08 17.82 19.29
9.01 8.86 8.91 7.44 8.56 9.77 10.61 8.39 7.61 7.31 7.25 6.76 6.61 7.68 9.35 9.97 9.01 9.52 9.64 9.78 8.29 7.90 6.52 7.91 8.39 8.69 8.07 7.93 8.57 8.64 8.56 9.81 11.51 12.09 11.95 11.76 12.40 12.43 12.54 12.83 11.25 12.30 12.00 12.16 13.36 14.27 12.94 13.50 14.85 15.47 15.91 15.89 16.92 16.38 15.64 14.95 16.06 15.81 16.50 15.65 15.34 16.11 17.62 17.15 17.90 17.22 17.32 17.65 18.47 17.78 17.56 17.30 17.78 17.82 16.81 16.29 17.62
7.99 8.25 7.68 7.65 6.90 8.69 9.67 8.88 6.83 5.70 7.15 6.99 6.02 8.66 9.25 9.70 9.67 9.08 8.79 8.68 8.67 9.17 7.52 7.95 8.59 9.27 8.97 7.64 7.35 8.74 8.52 7.79 10.09 11.70 10.92 10.48 10.95 11.52 12.26 12.83 10.81 12.43 12.30 11.75 14.07 14.42 12.56 13.58 13.70 13.77 14.99 15.18 15.03 13.89 14.81 13.68 15.51 15.79 15.82 15.86 15.51 15.78 16.35 15.74 15.01 15.03 14.28 14.93 15.91 15.55 15.12 16.02 16.52 17.21 16.58 16.20 15.22
5.91 7.18 7.08 8.12 7.90 8.75 8.70 8.85 6.50 6.57 7.83 7.11 6.52 7.59 7.31 7.81 6.51 8.17 7.09 6.86 7.04 8.81 8.14 8.24 8.64 8.20 7.94 6.68 6.60 7.61 9.20 9.72 9.92 10.23 9.30 8.63 9.71 9.76 11.40 12.60 11.67 13.11 13.04 12.41 13.53 13.65 13.19 12.01 12.02 12.46 13.05 13.71 13.54 12.41 14.08 12.98 13.22 13.95 14.79 14.72 15.61 14.61 14.10 13.99 13.14 12.67 13.19 13.62 14.50 13.93 14.44 15.92 16.99 16.83 17.59 17.47 15.83
6.38 6.80 5.93 5.71 6.27 8.01 7.94 7.28 6.94 6.85 7.62 7.22 6.15 6.47 5.58 6.09 5.48 5.67 5.63 6.41 6.55 7.55 8.81 9.34 8.37 7.23 6.35 6.11 6.10 7.49 10.27 10.56 9.32 9.78 9.00 8.84 9.23 9.11 10.81 11.83 10.97 12.64 12.78 12.65 12.61 12.51 12.30 11.22 12.34 12.87 12.64 13.53 13.14 12.59 12.81 11.99 11.54 11.88 13.06 12.68 13.22 11.73 11.65 12.85 12.35 11.79 12.45 12.61 13.44 13.92 14.59 15.90 16.19 16.19 16.05 16.81 15.14
6.94 6.48 5.42 6.45 6.56 7.10 6.86 7.20 8.33 8.23 7.94 6.51 4.92 5.59 4.25 4.99 5.00 6.96 7.23 7.14 6.87 7.76 8.13 8.80 7.30 5.99 6.18 6.33 7.10 8.60 10.68 10.54 9.75 9.81 9.03 9.03 8.56 8.22 11.16 12.47 11.96 13.29 11.87 11.54 12.25 11.63 11.03 11.51 12.01 12.21 11.98 12.66 13.20 12.80 12.40 11.35 11.25 11.31 11.25 12.13 11.85 10.48 10.88 12.28 11.71 11.80 12.55 13.21 13.56 12.92 14.04 16.32 16.50 16.62 15.47 15.55 15.24
6.36 6.03 5.97 7.81 7.33 7.83 7.57 7.55 8.26 7.18 7.75 5.65 5.60 6.60 5.43 5.41 6.52 8.23 8.62 8.01 7.25 7.32 7.42 7.54 7.22 6.15 7.37 8.40 7.89 8.32 8.44 8.85 9.11 8.13 7.86 8.38 9.28 9.73 11.17 11.51 11.83 12.12 11.60 11.78 11.78 11.03 10.98 12.29 11.69 12.47 13.02 12.54 12.07 12.80 12.71 11.65 10.79 11.86 11.55 12.76 12.14 10.95 9.94 10.56 11.63 10.92 12.06 13.21 14.29 13.96 13.37 14.76 15.95 15.83 15.35 16.37 15.63
7.28 6.92 7.57 8.36 7.52 7.29 7.59 8.52 7.45 7.24 7.21 5.84 5.65 6.67 6.28 7.44 8.14 9.46 8.38 8.19 8.53 8.17 8.02 6.86 7.12 6.94 6.62 6.45 7.43 7.19 6.84 7.66 8.04 8.05 8.17 9.31 9.03 9.11 9.63 10.48 10.50 11.18 11.55 10.64 10.76 10.23 10.83 12.21 12.63 11.95 11.91 11.12 11.11 11.55 12.08 11.26 11.84 12.78 12.97 12.52 12.31 11.04 9.95 9.73 11.61 11.37 11.88 12.72 13.89 14.89 13.75 13.36 14.66 15.85 15.81 15.32 15.75
7.12 7.92 8.21 8.48 7.60 7.86 7.55 8.29 8.03 7.25 6.56 5.61 6.49 7.07 5.86 5.92 6.26 7.13 6.67 7.75 8.41 7.19 7.26 7.08 7.24 7.21 7.71 6.99 6.88 6.95 7.98 7.38 6.36 7.98 10.01 8.99 7.60 7.73 7.62 9.18 9.73 11.02 10.18 11.18 10.28 10.83 11.47 12.76 12.74 11.46 10.83 11.15 11.22 11.50 11.86 12.26 13.09 13.40 12.98 11.92 11.28 11.04 11.09 9.79 10.72 11.39 12.00 12.17 12.40 13.16 13.81 13.44 15.00 15.48 14.58 14.78 13.91
7.40 8.22 7.53 8.52 7.46 6.77 7.60 7.79 7.18 6.90 7.17 6.19 6.61 6.06 5.15 5.34 5.75 5.91 7.85 7.25 8.19 8.24 7.23 6.26 6.32 6.98 8.32 7.45 7.03 6.67 8.41 8.38 7.69 9.65 10.36 8.67 7.74 7.53 7.28 7.95 8.46 9.90 9.86 10.77 11.08 11.85 11.53 10.97 11.39 11.42 11.80 11.55 11.41 11.20 11.84 12.44 12.33 12.81 12.06 11.14 10.76 10.99 11.65 10.85 10.20 11.00 11.49 11.37 11.62 12.39 13.41 13.46 14.91 15.20 14.20 12.96 13.07
7.84 8.53 7.82 7.37 6.46 5.87 6.39 6.51 6.88 6.87 7.70 7.29 6.77 5.22 5.88 6.48 6.99 6.87 9.33 10.44 9.36 9.70 9.56 7.77 7.51 7.76 8.35 7.33 7.16 7.43 8.76 9.16 9.32 9.94 10.07 9.83 9.31 9.79 8.18 8.05 8.28 9.36 10.56 11.56 11.85 11.71 11.53 11.62 10.61 11.18 11.13 10.85 11.05 12.48 12.19 12.67 10.56 10.99 12.45 12.01 11.40 11.84 11.94 10.75 10.43 11.05 11.95 11.04 11.43 12.28 12.32 13.28 13.81 13.92 12.80 12.19 13.32
8.62 8.62 8.69 7.70 5.57 5.81 6.12 6.58 7.46 7.05 7.63 7.20 7.25 5.71 7.46 7.12 7.63 6.70 10.06 11.41 10.25 10.11 8.64 7.93 7.85 8.53 8.38 7.91 7.56 9.19 10.47 11.15 10.04 10.59 8.85 10.47 10.19 10.23 8.76 8.89 9.23 9.21 10.42 10.91 11.50 12.13 11.43 11.71 10.54 10.88 10.08 10.25 10.33 10.79 10.24 10.33 9.36 9.75 10.09 10.88 10.95 11.18 11.17 10.51 10.27 10.38 11.63 11.39 11.08 10.90 11.80 13.13 13.12 13.58 12.71 12.52 11.58
7.12 8.07 8.55 8.37 7.10 7.02 6.24 6.51 8.11 8.05 8.08 8.74 6.82 6.17 6.57 7.85 7.81 6.65 9.60 9.07 8.64 7.61 7.63 8.78 9.80 9.70 8.94 8.07 8.86 9.74 11.09 10.26 10.63 10.54 9.47 9.59 9.80 9.85 8.90 8.10 9.49 10.94 10.61 11.00 10.40 10.89 9.85 9.65 9.08 9.63 8.16 8.80 9.18 8.93 9.64 10.07 9.25 9.24 9.63 10.26 9.89 10.47 10.26 10.91 10.93 9.65 10.97 10.52 11.03 10.99 11.98 12.12 12.41 12.53 11.41 10.47 10.86
6.96 7.53 6.58 5.73 6.94 7.07 6.69 7.32 8.44 8.24 8.59 8.26 8.59 7.78 6.56 5.64 7.18 7.02 6.64 6.20 7.31 7.05 6.68 8.38 9.37 7.97 7.43 7.77 7.52 8.88 9.46 10.38 10.57 9.93 9.31 9.48 8.55 7.58 7.71 8.26 8.83 8.70 8.68 8.86 9.79 9.16 8.16 8.27 7.70 8.48 7.86 9.35 7.02 7.96 8.37 8.07 8.13 9.10 9.81 9.52 8.67 9.56 9.93 10.16 9.78 9.35 10.51 9.63 11.30 11.39 11.58 12.10 11.43 10.44 10.01 9.50 10.26
6.36 7.52 5.68 5.31 6.89 8.35 7.40 8.10 9.34 8.45 8.54 9.20 9.57 9.00 7.29 6.65 7.04 6.12 5.98 5.66 6.45 6.71 6.57 7.65 9.21 9.44 7.43 7.05 8.51 8.58 8.84 9.85 11.01 8.90 8.01 8.12 7.62 8.55 7.14 7.68 7.57 6.66 7.48 7.67 8.98 8.59 7.73 7.19 7.25 7.06 7.44 8.14 6.54 7.22 7.25 6.60 7.50 9.23 10.10 9.37 9.40 9.47 9.06 10.24 9.18 9.45 9.15 9.52 9.84 10.22 10.97 11.56 12.02 10.10 9.22 9.83 9.56
5.52 6.27 5.77 5.28 6.70 7.43 7.85 7.98 7.68 7.56 9.36 10.92 10.83 9.77 8.32 7.10 6.40 6.16 6.38 5.10 5.71 6.54 7.21 8.84 10.39 10.12 9.66 9.06 9.04 9.36 8.87 8.92 7.68 7.17 7.43 7.41 7.60 8.48 7.28 6.69 6.87 6.55 6.95 7.59 8.03 7.75 6.84 7.07 7.02 6.54 7.17 7.56 7.87 6.97 6.15 6.16 7.53 9.70 9.39 9.47 9.84 9.74 9.08 10.10 10.40 8.91 8.30 9.11 8.59 10.30 10.88 10.60 11.01 10.46 9.64 10.86 10.13
5.35 6.87 7.31 7.80 7.71 8.06 6.86 7.31 7.00 8.43 9.80 10.21 9.82 9.53 8.77 8.48 7.01 7.23 6.66 4.98 5.43 7.74 9.25 10.50 9.34 9.35 8.76 8.63 8.98 9.24 8.63 8.33 6.34 6.80 8.28 7.47 7.54 7.64 6.69 7.27 7.31 7.19 7.16 7.84 7.90 6.91 7.84 7.99 7.05 7.03 7.63 7.89 7.40 7.36 5.34 6.66 8.20 8.67 8.22 9.27 9.77 9.42 9.32 9.21 9.16 8.01 8.34 7.77 8.57 8.53 8.12 8.29 10.60 11.17 10.17 9.56 8.53
6.06 7.66 8.48 8.51 6.98 7.89 6.65 5.82 6.43 7.28 8.46 9.91 9.40 8.75 7.48 6.67 7.72 6.52 6.58 5.70 6.74 7.55 8.33 8.92 8.54 8.43 7.91 8.61 8.79 7.75 7.09 7.04 6.52 7.00 8.09 7.13 7.53 7.54 7.14 7.42 8.41 7.59 7.92 7.83 7.60 6.50 6.50 6.35 7.10 6.79 7.74 8.36 8.04 7.08 6.81 7.99 8.81 8.29 8.68 8.92 9.13 9.71 10.31 8.92 8.02 7.76 7.78 8.25 8.79 8.69 7.18 7.98 8.90 9.93 8.23 7.68 7.56
6.87 6.98 7.84 6.71 7.66 7.88 7.23 6.65 6.95 6.77 7.59 9.18 8.56 8.05 7.24 6.64 7.11 6.55 7.25 6.76 7.04 6.35 6.78 7.20 8.27 7.58 6.39 7.28 7.93 6.75 6.31 6.59 7.27 7.23 7.77 7.15 7.97 7.17 6.54 6.91 8.20 9.00 8.49 8.90 8.35 6.52 6.23 5.78 6.97 7.46 7.03 7.46 7.13 7.24 8.45 9.41 8.75 7.99 8.40 8.71 9.25 8.89 8.59 9.11 8.25 7.90 7.88 8.45 8.77 8.62 8.46 7.38 7.73 7.75 7.53 7.22 7.74
7.88 7.24 6.39 5.55 7.42 8.03 6.72 5.93 6.57 8.68 8.72 8.82 8.78 7.88 7.55 7.05 6.79 5.64 5.75 5.83 5.98 6.27 6.64 7.88 7.90 7.78 6.11 6.75 7.76 7.15 6.39 6.66 7.27 7.11 7.10 8.04 8.73 8.05 7.73 8.15 7.63 9.35 8.81 9.17 8.10 6.64 5.87 6.04 7.44 7.91 6.73 6.61 7.91 7.17 7.20 7.98 8.02 8.04 8.47 7.89 7.93 8.05 8.57 8.25 8.20 7.16 7.10 7.87 9.34 8.54 8.44 7.39 6.85 7.53 7.51 8.05 7.90
7.73 6.59 6.70 5.71 6.97 7.36 6.28 4.97 6.21 7.93 8.48 8.28 8.76 7.19 5.54 6.27 6.31 5.41 5.68 5.38 4.97 5.92 6.14 6.25 6.66 7.35 6.38 7.56 7.71 8.45 8.51 7.70 8.14 7.01 7.95 8.16 8.64 8.04 7.65 9.14 9.41 10.58 9.89 9.67 9.08 6.87 6.83 6.69 7.57 6.95 7.04 6.94 6.94 6.97 7.65 8.13 7.39 8.10 8.56 7.72 7.98 7.45 8.40 8.81 8.45 7.51 7.99 8.58 8.26 6.64 7.80 7.51 7.27 8.23 7.70 8.03 8.36
