main/data/irradiance/17.12.2023.grid
ncols 839
nrows 679
xllcenter 112.0500
yllcenter -43.9500
cellsize 0.0500
nodata_value 99999.90
[rows 306 to 339 of 679, columns 616 to 692 of 839]
30.65 31.02 31.22 30.44 30.97 30.89 30.49 30.77 30.73 30.85 30.44 30.94 31.07 31.20 31.18 31.10 31.04 31.01 30.14 30.02 30.55 30.75 31.12 30.09 30.81 30.74 30.99 31.19 31.12 30.62 30.14 29.42 28.99 30.08 28.47 29.87 30.37 30.93 30.85 30.45 31.04 31.03 30.47 30.99 29.79 29.36 29.46 29.01 29.51 28.59 29.72 29.23 28.86 30.06 29.68 29.39 29.70 29.55 29.61 29.69 29.09 28.11 26.77 27.24 26.61 28.40 27.26 27.06 29.40 28.46 27.38 25.88 26.89 27.25 27.56 27.71 27.22
30.94 31.07 30.71 30.84 30.87 31.05 29.78 30.62 30.79 31.06 30.77 30.44 30.94 31.06 31.06 31.01 30.85 29.79 30.73 29.81 30.81 30.56 30.56 30.83 30.55 30.17 30.81 30.87 31.19 30.68 30.78 28.44 29.85 29.45 29.07 29.86 29.84 30.42 30.90 30.91 31.06 30.97 30.29 30.33 28.74 29.57 29.20 29.25 28.13 29.20 28.64 28.57 29.54 28.38 28.52 29.25 28.88 29.87 28.39 28.37 28.06 27.23 28.27 28.62 29.52 28.80 28.27 27.53 29.44 28.83 28.43 27.67 28.26 29.26 28.42 26.75 25.48
31.01 30.58 31.17 31.00 30.78 29.91 30.24 30.18 30.93 31.13 30.53 31.05 31.00 30.82 30.61 30.94 31.18 30.98 30.65 29.82 30.90 30.97 30.56 29.73 29.91 30.47 30.43 30.44 30.74 30.79 30.61 29.14 29.21 28.26 30.63 30.78 30.43 30.54 30.94 30.84 31.15 30.42 29.72 30.50 28.82 29.30 28.56 28.31 28.19 29.16 29.79 29.48 29.97 30.78 29.41 29.80 28.41 28.53 28.05 29.15 28.67 28.41 28.99 30.03 29.19 29.62 29.81 29.77 30.26 29.52 28.80 30.64 30.39 29.84 29.25 27.47 25.78
30.72 30.75 30.67 30.46 30.12 30.41 31.21 30.94 30.63 31.05 31.06 31.12 31.05 31.06 30.79 30.71 30.89 31.08 30.71 29.69 30.74 30.21 29.51 29.03 28.62 29.61 30.45 30.71 31.08 31.11 30.16 30.18 30.13 30.94 30.18 28.75 29.37 29.94 30.53 30.22 31.02 29.73 30.03 30.45 29.63 27.84 29.17 28.48 28.40 28.77 28.54 30.11 27.98 27.07 28.55 28.61 28.47 29.27 29.34 29.59 29.36 30.73 30.34 30.26 29.99 30.23 30.41 30.76 28.89 29.46 29.12 30.63 30.76 29.79 28.70 28.77 28.03
30.72 30.62 29.73 30.81 30.27 30.76 31.18 31.01 31.16 30.95 30.07 30.61 29.99 30.07 29.86 30.75 30.50 31.04 31.03 30.32 30.55 29.88 30.29 28.36 27.20 28.80 30.02 30.34 30.48 29.87 30.51 30.61 29.66 30.19 30.49 30.35 29.73 29.42 30.22 29.98 30.29 30.35 30.58 30.17 28.92 29.24 28.86 28.45 28.56 29.78 30.30 30.73 29.41 28.93 29.94 30.37 30.64 30.49 30.95 30.22 30.02 31.18 30.96 29.73 29.42 28.98 29.19 29.90 29.18 29.95 29.45 30.69 30.78 29.81 29.72 29.64 28.80
30.61 31.00 31.23 31.08 30.39 30.89 30.56 30.96 30.96 30.73 29.70 29.98 30.48 30.85 30.72 30.68 30.57 31.04 31.02 30.42 29.76 31.00 30.25 28.39 28.71 28.26 29.52 29.09 30.41 29.43 30.12 30.47 30.30 31.01 30.62 30.45 30.18 29.85 30.15 29.61 29.78 29.26 29.24 29.97 29.66 30.76 30.45 28.69 27.22 27.76 29.80 29.29 28.58 30.07 30.50 31.01 31.02 30.34 30.15 30.23 30.16 30.67 30.59 31.07 30.82 30.43 29.74 29.90 30.51 30.94 30.94 30.87 29.44 29.66 29.52 28.67 29.27
31.01 30.89 30.73 31.02 31.28 30.86 30.90 30.64 31.23 30.57 30.49 30.27 30.31 29.68 30.65 30.81 30.36 30.51 30.47 30.44 29.25 30.57 30.14 30.38 29.82 27.97 27.99 29.45 29.96 30.36 30.54 29.39 30.79 31.17 31.26 30.38 28.92 29.76 30.40 29.61 29.41 29.31 28.98 29.89 30.55 30.64 29.37 26.55 27.91 28.81 28.61 28.71 28.02 28.05 30.24 30.95 30.12 29.84 28.23 29.79 30.24 30.07 29.65 29.42 29.64 29.61 29.10 30.01 30.50 30.28 30.35 30.28 29.36 28.07 28.99 27.47 28.81
31.14 30.60 30.86 30.68 30.58 31.05 30.78 30.86 31.17 30.69 30.54 29.90 30.27 30.73 30.71 30.28 30.82 29.62 29.44 29.17 27.83 27.84 29.32 29.49 28.66 26.65 29.10 30.12 29.00 30.00 30.29 31.09 31.19 31.06 31.11 30.60 30.45 30.80 31.06 29.87 28.33 29.14 28.71 28.58 29.86 28.79 28.71 27.29 28.23 28.81 27.14 27.90 29.70 29.75 30.32 30.85 29.77 29.33 28.55 28.11 29.58 28.37 29.09 29.30 27.93 28.06 29.13 29.10 29.41 28.11 29.32 30.31 30.06 29.21 28.26 25.86 27.98
30.76 30.98 30.84 31.23 30.86 31.10 30.66 30.97 30.70 30.69 30.91 30.58 30.31 30.98 30.84 30.23 29.37 29.06 28.21 28.89 26.29 26.47 28.87 29.40 29.09 29.09 29.66 29.27 28.18 28.45 29.79 30.33 30.29 30.50 29.36 30.01 30.48 31.08 31.26 30.42 28.89 28.69 28.15 27.82 28.65 29.31 29.53 27.93 26.95 27.15 27.93 27.83 29.20 30.72 30.33 30.38 29.24 29.37 29.64 27.35 28.57 28.88 29.39 30.35 30.18 29.06 27.85 28.79 28.50 28.97 27.77 28.85 30.01 30.19 28.88 29.23 29.16
31.13 30.82 30.70 30.97 30.86 31.23 30.97 30.99 30.75 31.10 30.94 30.26 30.80 30.42 30.27 28.89 29.98 29.13 28.86 29.15 28.80 26.36 28.86 29.37 29.86 30.17 29.98 29.89 27.98 28.26 29.64 29.55 29.63 29.22 29.74 30.61 30.63 30.26 30.65 31.07 30.51 29.49 28.52 29.77 29.34 29.70 28.62 25.77 26.15 27.23 28.96 29.62 29.83 30.37 30.47 30.72 30.62 29.26 29.19 28.79 28.29 28.28 28.37 28.20 28.74 27.85 26.92 27.93 28.57 29.60 29.28 28.19 29.65 29.08 28.79 26.95 28.14
30.84 31.11 30.83 31.14 31.07 31.28 31.20 31.17 31.14 31.17 30.35 30.23 30.59 30.10 30.03 30.75 30.98 29.26 28.88 29.60 27.89 28.40 28.73 27.00 29.50 30.29 30.23 29.60 29.99 28.87 29.48 29.62 29.37 28.88 27.54 30.46 30.32 30.49 30.13 30.68 30.00 28.34 28.07 28.52 27.12 28.39 27.56 26.69 27.45 29.35 30.26 30.85 31.12 31.00 30.71 30.45 30.68 30.81 29.11 29.56 28.58 29.24 29.23 27.79 28.97 28.46 29.10 29.05 27.78 27.56 28.98 30.03 30.85 30.46 30.26 30.06 29.06
31.24 31.20 31.24 31.25 31.17 31.19 31.32 31.32 31.39 31.25 30.71 30.96 30.65 30.87 30.56 30.31 29.90 29.62 28.94 29.67 27.88 28.25 27.95 27.23 28.21 31.03 30.67 30.74 29.94 30.48 30.54 29.64 28.51 29.01 28.64 30.62 30.23 30.79 31.11 31.01 30.21 28.05 27.75 28.49 28.76 28.68 27.96 27.85 28.42 28.65 29.66 29.59 30.75 30.96 30.45 30.87 31.20 31.12 30.13 29.78 29.70 28.95 28.85 29.04 29.00 29.16 29.33 29.77 29.03 27.84 28.37 29.88 31.03 30.89 30.38 30.91 30.38
31.11 31.28 31.25 31.30 31.35 31.33 31.34 31.29 31.30 31.25 31.21 31.12 31.21 31.27 30.54 30.23 29.19 29.25 28.48 29.31 29.95 28.28 26.61 30.00 30.60 31.07 30.74 30.75 30.30 30.73 31.14 30.14 29.81 30.13 30.94 31.24 30.70 30.64 30.69 31.03 30.52 29.75 27.39 28.00 28.68 28.71 28.93 29.20 28.74 28.14 28.98 30.09 29.57 30.74 30.27 31.04 31.29 31.16 31.32 31.04 30.86 30.11 29.95 30.17 30.04 29.91 30.06 29.25 29.76 29.90 28.10 28.08 30.13 31.07 30.92 30.31 30.80
31.30 31.35 31.26 31.27 31.38 31.39 31.37 31.39 31.36 31.28 31.16 31.22 30.95 31.03 30.34 30.20 29.75 29.38 29.36 29.99 30.78 29.73 28.63 30.09 30.32 31.10 30.75 30.66 30.61 30.47 31.21 31.12 30.62 30.38 30.78 31.10 30.70 29.71 29.95 30.57 29.80 28.66 28.20 26.42 26.71 27.85 28.62 27.33 27.77 28.42 28.23 30.19 30.50 30.36 30.92 31.07 31.28 31.27 31.27 31.27 31.31 31.17 31.07 31.07 31.27 31.08 30.96 30.20 30.10 30.00 30.52 29.53 28.28 29.67 29.99 29.45 29.85
31.30 31.20 31.20 31.27 31.26 31.20 31.25 31.25 31.31 31.26 31.20 31.26 30.97 30.30 30.10 30.00 30.01 29.59 30.66 30.72 31.16 30.74 30.35 30.67 30.94 30.68 30.64 30.84 30.98 31.14 31.04 30.99 31.27 29.91 30.10 30.82 30.49 29.76 30.38 29.72 28.14 27.18 27.60 27.05 27.20 27.95 28.59 27.82 28.70 30.90 30.61 29.15 30.41 29.82 30.73 29.59 30.96 30.96 31.11 30.67 31.02 31.12 31.34 31.33 31.00 30.64 30.87 29.77 30.01 30.42 29.52 30.20 29.91 30.86 30.07 30.05 29.93
31.31 31.12 31.12 31.01 30.67 30.68 31.15 31.20 31.10 31.03 31.17 31.29 30.89 30.05 29.92 29.92 30.49 30.26 30.79 30.39 31.05 30.37 30.54 30.50 30.97 30.62 30.89 31.09 30.85 31.08 30.65 28.70 29.29 30.20 30.47 30.34 29.83 30.19 30.82 30.11 29.02 26.77 27.67 26.98 26.45 28.16 28.60 29.97 28.80 30.69 30.25 29.24 29.79 30.17 29.60 28.77 28.75 29.42 29.75 30.62 29.73 30.18 30.90 30.67 31.09 30.20 30.70 30.66 29.92 29.60 30.44 30.79 30.44 30.06 29.47 29.30 30.06
31.39 31.35 31.28 31.22 30.68 30.72 31.09 31.32 31.19 31.27 31.22 31.36 30.44 30.32 30.42 30.54 30.69 30.68 30.96 30.98 30.72 30.62 30.34 31.01 30.62 30.74 31.14 31.01 30.95 30.34 29.74 28.11 29.13 30.33 30.97 30.83 29.99 30.26 30.77 30.62 30.07 27.91 27.35 26.58 26.90 26.33 28.60 30.14 30.75 30.73 30.68 29.60 30.06 29.60 29.25 29.38 29.42 29.35 29.27 30.16 29.18 30.36 29.82 30.80 30.50 30.40 31.01 30.44 29.79 30.63 31.16 31.08 30.86 30.75 29.66 29.58 30.03
31.39 31.41 31.35 31.22 31.18 31.09 30.98 31.24 31.26 31.17 31.15 31.21 30.55 30.91 31.04 31.06 30.36 30.59 30.86 30.77 31.07 31.05 30.56 30.66 31.26 31.09 30.62 31.24 31.12 30.73 29.00 28.88 29.74 30.65 30.58 30.70 31.05 30.74 30.49 31.21 29.98 27.57 27.06 27.14 28.85 28.20 27.93 30.50 30.35 29.66 28.60 29.95 29.75 28.69 29.61 30.17 30.21 30.50 29.35 29.83 29.05 27.57 29.42 31.07 31.03 31.02 31.34 30.94 29.33 30.93 31.18 31.06 30.80 30.57 30.41 30.19 28.71
31.34 31.40 31.38 31.26 31.15 31.05 30.54 31.04 31.25 31.22 31.13 30.96 30.46 30.09 30.74 31.10 30.59 30.87 31.08 30.75 30.52 30.65 30.55 30.06 30.98 30.69 30.72 30.91 30.93 30.45 30.20 30.15 29.82 30.58 30.78 30.74 29.55 30.33 30.33 30.87 29.66 27.83 27.64 27.46 28.64 28.66 29.00 30.35 30.57 29.19 29.83 29.66 29.86 29.64 29.90 29.98 29.57 30.48 28.59 29.00 29.27 27.69 28.03 29.42 30.58 30.07 29.36 29.86 29.79 30.49 29.62 30.54 31.01 30.99 30.65 30.01 30.56
31.35 31.41 31.43 31.32 31.19 30.91 30.95 31.23 31.19 30.95 30.46 30.35 30.12 30.31 30.21 30.35 30.99 31.09 31.00 30.87 30.87 30.10 30.15 30.91 30.95 30.29 30.73 30.65 30.00 30.78 29.90 30.54 29.79 29.70 30.92 30.69 30.47 29.86 29.25 29.95 29.59 30.58 29.25 27.61 28.73 27.48 29.21 30.32 30.49 30.51 30.08 30.31 31.01 30.55 29.40 30.63 29.90 30.30 30.54 28.90 29.41 27.29 26.85 28.53 29.09 29.16 29.12 27.82 27.89 28.55 30.51 30.00 29.05 30.36 29.41 29.82 30.86
31.23 31.41 31.37 31.29 31.20 30.86 30.81 30.96 30.99 30.95 30.30 29.97 30.18 31.08 30.91 30.86 30.82 31.01 30.75 30.94 30.97 30.75 30.81 30.79 30.56 30.86 30.98 30.43 30.92 30.80 30.79 30.53 30.14 30.31 30.94 31.22 31.19 31.27 30.50 30.14 29.86 29.52 29.82 29.36 28.29 29.16 29.41 29.90 29.72 30.16 29.66 30.00 29.03 30.05 29.12 30.14 30.29 30.09 30.50 30.69 30.36 28.73 28.77 28.39 28.81 28.07 27.71 28.09 28.30 28.61 27.60 28.97 29.29 28.94 28.64 30.17 30.94
31.10 31.39 31.30 31.18 31.12 30.95 30.48 30.61 30.70 30.69 30.42 30.48 30.67 30.58 30.74 30.59 30.61 31.00 31.36 30.54 30.77 30.18 30.96 30.35 30.12 31.10 31.15 30.96 30.99 31.07 31.10 31.40 30.53 30.96 31.25 31.32 31.08 31.04 30.65 30.18 30.44 30.73 30.82 30.04 28.97 28.01 29.39 30.39 30.55 29.91 29.87 29.97 29.67 30.20 29.80 29.32 30.72 30.72 30.21 30.20 30.69 30.91 28.45 27.90 28.66 27.30 27.27 28.11 29.71 28.67 28.17 27.79 28.18 28.57 28.67 28.24 29.95
30.95 31.41 31.37 31.28 31.25 31.07 30.93 30.72 30.81 30.89 30.44 30.91 30.75 30.84 31.00 30.98 31.29 31.56 31.30 31.15 31.20 30.41 30.90 30.94 31.19 31.22 31.36 31.27 31.10 31.43 31.31 31.28 31.40 31.30 31.36 31.34 31.32 31.37 30.87 29.81 30.44 30.33 30.94 30.74 29.95 29.10 29.49 30.56 30.77 30.43 31.18 30.40 29.38 30.01 29.80 30.08 30.97 30.90 31.29 31.28 31.08 30.61 28.90 28.58 29.79 30.24 27.79 28.58 27.67 27.65 26.98 27.37 26.35 28.72 27.62 26.37 26.78
31.37 31.36 31.30 31.29 31.29 31.04 30.78 30.78 30.70 30.80 31.01 31.30 31.07 30.77 31.10 31.13 31.11 31.01 31.15 31.01 31.22 30.97 30.99 30.92 31.24 30.99 31.19 31.25 31.29 31.33 31.38 31.26 31.27 31.30 31.15 31.34 31.20 31.03 30.01 30.12 30.37 30.75 31.04 30.31 30.57 29.37 30.28 30.24 30.34 30.09 30.33 31.27 31.40 30.71 30.27 29.79 30.49 30.96 31.26 31.29 31.33 30.80 30.62 28.95 29.03 30.21 28.84 28.20 28.32 28.92 29.74 29.79 27.76 28.76 27.86 28.49 26.16
31.35 31.11 31.15 31.24 31.09 31.15 31.06 31.02 30.77 30.96 30.98 31.18 31.39 31.29 30.98 31.05 31.13 30.78 31.15 30.97 30.76 30.69 30.95 31.21 30.87 31.19 31.27 31.22 31.28 31.28 31.37 31.28 31.25 31.23 31.01 31.30 31.29 30.85 31.23 30.48 31.04 31.37 31.12 30.53 30.72 30.19 30.55 30.50 30.58 30.65 31.30 31.07 31.43 31.28 30.96 29.55 30.61 29.38 30.48 30.27 31.05 30.24 30.59 29.80 29.87 28.99 29.13 27.85 28.44 29.24 30.04 31.30 28.97 28.55 29.96 28.25 27.69
31.43 31.36 31.00 31.14 31.12 31.14 31.23 31.15 31.01 30.93 31.14 31.17 31.25 31.19 30.57 30.76 31.30 31.09 31.03 31.21 31.22 31.12 31.20 31.29 31.30 31.38 31.30 31.32 31.30 31.01 31.23 31.22 31.32 31.30 31.22 31.31 31.48 31.42 31.36 31.31 31.42 31.48 31.40 31.12 30.91 31.24 30.47 30.33 30.63 31.02 31.17 31.25 31.38 31.33 30.37 30.24 30.90 29.07 29.53 28.53 30.41 29.12 30.39 31.16 30.96 31.04 30.09 29.24 29.33 29.80 30.69 31.35 31.06 30.44 30.70 29.64 28.73
31.43 31.40 31.24 31.16 31.31 31.28 31.31 31.39 31.20 31.09 31.21 31.29 31.31 31.23 30.61 30.65 31.24 31.12 31.17 31.20 31.20 30.97 31.29 31.39 31.49 31.41 31.41 31.46 31.42 31.28 31.36 31.39 31.42 31.38 31.34 31.48 31.44 31.39 31.41 31.42 31.48 31.48 31.46 31.42 31.17 31.01 31.08 31.22 31.07 30.13 29.94 31.40 31.52 31.39 30.78 29.72 29.91 31.35 31.24 30.23 30.62 31.48 31.52 31.50 31.48 31.48 30.52 30.75 30.21 30.46 31.30 31.09 31.32 30.47 30.89 30.74 30.20
31.43 31.42 31.25 31.13 31.25 31.20 31.06 31.27 31.43 31.15 31.14 31.30 31.25 31.02 30.93 30.59 31.25 31.13 31.34 31.28 31.35 31.30 31.43 31.45 31.47 31.39 31.41 31.39 31.40 31.45 31.35 31.44 31.33 31.41 31.47 31.37 31.42 31.41 31.40 31.43 31.42 31.40 31.38 31.41 31.47 31.47 31.35 31.42 31.12 31.02 30.53 31.36 31.42 30.91 31.43 31.04 31.09 31.50 31.49 31.49 31.49 31.53 31.52 31.52 31.49 31.52 31.21 30.92 30.31 30.17 30.46 30.85 30.66 30.84 29.85 29.53 29.79
31.37 31.44 31.34 31.08 31.23 31.25 31.15 31.30 31.32 31.25 31.36 31.16 30.71 30.94 30.46 30.77 30.99 31.26 31.42 31.29 31.38 31.46 31.46 31.47 31.49 31.47 31.48 31.40 31.42 31.52 31.40 31.39 31.40 31.43 31.44 31.43 31.45 31.42 31.40 31.42 31.41 31.42 31.37 31.38 31.46 31.50 31.39 31.34 31.12 30.64 30.01 31.37 31.42 31.38 31.46 31.18 31.40 31.52 31.50 31.48 31.50 31.55 31.54 31.57 31.55 31.49 31.45 31.42 30.46 30.23 29.37 30.78 31.34 30.60 30.51 29.64 30.04
31.38 31.32 31.25 31.16 31.29 31.26 31.18 31.22 31.30 30.97 31.24 31.23 31.11 30.98 30.96 30.81 30.98 31.31 31.41 31.36 31.30 31.28 31.38 31.41 31.44 31.41 31.41 31.34 31.19 31.39 31.39 31.46 31.49 31.44 31.47 31.46 31.46 31.47 31.44 31.35 31.36 31.44 31.46 31.39 31.29 31.11 31.24 31.21 31.40 30.99 31.30 31.17 31.27 30.69 31.25 31.14 31.48 31.46 31.47 31.45 31.48 31.55 31.57 31.58 31.55 31.50 31.46 31.43 31.14 31.31 31.42 31.26 31.38 30.19 30.23 30.31 30.62
31.40 31.35 31.24 31.16 31.12 31.37 31.29 30.94 30.92 30.97 31.18 31.29 31.37 31.05 31.12 31.26 31.24 31.37 31.45 31.43 31.38 31.24 31.40 31.48 31.49 31.38 31.22 31.23 31.23 31.29 31.51 31.44 31.48 31.48 31.51 31.49 31.47 31.48 31.38 31.43 31.46 31.46 31.46 31.41 31.34 31.05 31.11 31.35 31.45 31.30 31.47 31.35 30.63 30.16 30.49 31.37 30.86 31.18 31.29 31.51 31.52 31.56 31.55 31.54 31.53 31.53 31.47 31.44 31.43 31.43 31.44 31.44 31.44 31.37 31.19 31.41 31.43
31.42 31.28 31.32 31.10 30.99 31.26 31.28 31.12 31.23 31.10 30.98 31.08 31.07 30.90 30.61 31.08 31.22 31.42 31.50 31.43 31.37 31.41 31.50 31.48 31.45 31.43 31.32 31.38 31.52 31.25 31.43 31.53 31.45 31.49 31.49 31.52 31.48 31.47 31.51 31.48 31.47 31.45 31.47 31.38 31.32 31.18 31.01 31.27 31.38 31.41 31.38 31.29 30.64 29.73 30.50 31.12 31.21 31.26 31.52 31.53 31.57 31.56 31.53 31.61 31.56 31.48 31.49 31.49 31.46 31.47 31.45 31.46 31.43 31.44 31.39 31.43 31.41
31.27 31.35 31.43 31.38 31.21 31.16 31.36 31.26 31.28 31.25 31.13 30.92 30.92 31.09 30.97 31.11 31.25 31.36 31.50 31.48 31.28 31.41 31.57 31.47 31.51 31.53 31.60 31.49 31.51 31.40 31.38 31.47 31.52 31.52 31.51 31.49 31.47 31.48 31.50 31.51 31.48 31.48 31.47 31.43 31.39 31.45 31.04 31.32 31.07 31.31 31.32 31.27 30.21 29.25 29.24 30.56 31.22 31.25 31.51 31.54 31.54 31.56 31.58 31.56 31.53 31.50 31.54 31.51 31.51 31.48 31.43 31.45 31.42 31.43 31.38 31.43 31.44
31.26 31.29 31.17 31.32 31.25 31.33 31.36 31.30 31.22 31.23 31.13 31.15 31.19 31.26 31.33 31.21 31.13 31.38 31.47 31.38 31.35 31.41 31.50 31.59 31.54 31.61 31.66 31.55 31.59 31.48 31.28 31.41 31.43 31.40 31.40 31.48 31.49 31.48 31.48 31.51 31.54 31.51 31.49 31.33 31.20 30.97 30.92 30.73 31.17 30.99 31.25 31.11 31.00 30.37 30.13 30.68 31.44 31.24 31.37 31.54 31.56 31.57 31.57 31.53 31.52 31.50 31.48 31.50 31.48 31.49 31.45 31.47 31.44 31.40 31.39 31.40 31.41
