main/data/irradiance/18.01.2023.grid
ncols 839
nrows 679
xllcenter 112.0500
yllcenter -43.9500
cellsize 0.0500
nodata_value 99999.90
[rows 442 to 475 of 679, columns 539 to 615 of 839]
14.90 14.50 14.51 14.85 15.09 14.86 16.01 15.61 12.66 10.78 14.53 16.16 15.61 15.77 16.65 16.95 17.57 14.26 13.83 12.74 12.83 11.79 10.80 10.31 9.13 10.82 10.30 10.14 9.38 9.55 10.17 10.21 9.33 9.00 9.05 9.72 10.34 10.36 10.85 10.86 11.43 10.04 8.52 7.19 8.52 10.04 10.36 9.80 10.00 10.18 12.15 11.17 10.33 9.91 9.87 9.15 12.06 13.36 14.71 11.01 10.56 10.83 10.20 9.40 10.68 12.32 14.67 14.86 12.80 13.38 12.48 12.45 13.79 14.34 14.62 14.67 16.29
14.34 13.96 13.85 15.62 17.00 14.86 14.53 15.66 14.75 13.28 14.11 17.44 16.78 16.04 16.22 15.14 16.80 15.25 14.37 13.31 14.16 12.48 12.56 12.46 11.76 11.91 10.78 9.24 8.61 10.15 11.02 10.14 8.38 7.69 7.06 8.66 8.60 9.75 10.54 10.76 10.47 9.11 8.89 8.59 6.77 8.03 8.18 9.39 10.43 10.01 9.88 9.89 9.59 11.04 10.33 8.54 10.69 11.70 13.34 10.35 10.74 11.41 9.68 10.08 11.24 13.05 13.55 14.00 11.59 11.16 12.41 12.29 13.62 14.37 15.27 15.65 16.15
11.38 14.75 16.06 16.45 17.40 16.17 14.97 13.03 14.47 13.88 14.17 14.92 16.21 14.70 15.66 14.96 15.54 15.16 13.30 13.64 14.36 12.56 11.56 12.92 12.10 13.51 11.71 10.11 8.46 8.00 10.80 9.34 7.42 7.20 6.58 7.36 6.88 9.24 8.55 8.85 8.93 7.74 7.11 7.17 7.08 7.42 7.63 8.84 9.62 10.14 8.27 7.91 9.49 12.32 10.73 8.18 9.95 10.69 12.70 12.07 11.14 10.59 10.52 10.75 11.36 12.39 13.91 14.18 11.59 11.16 12.41 12.48 14.06 14.13 15.23 16.36 16.57
11.63 14.74 15.04 16.62 18.74 17.48 15.48 14.50 14.86 15.29 15.31 14.26 13.07 13.41 13.59 14.74 14.99 13.40 14.10 14.72 14.80 11.78 11.65 11.17 11.53 13.68 13.61 12.09 9.60 9.59 9.71 8.82 8.60 7.38 7.26 6.40 6.79 7.55 7.57 7.66 7.71 7.67 7.78 6.15 5.89 6.69 6.29 7.06 8.97 9.36 8.20 7.36 9.42 10.41 10.78 8.98 8.47 9.45 10.48 10.93 11.26 9.67 10.52 10.59 10.97 12.39 13.91 14.18 14.18 11.97 11.25 11.25 13.60 14.98 15.91 15.93 15.76
13.65 14.59 15.46 16.32 18.55 16.99 16.03 16.40 16.88 16.84 17.24 17.44 16.42 14.33 14.68 14.96 14.49 14.00 13.79 14.47 14.53 11.26 10.30 10.44 10.62 12.93 13.68 12.94 11.65 10.73 9.41 8.79 7.96 7.25 5.92 6.20 6.50 7.25 7.63 7.25 7.20 8.43 8.11 5.99 6.35 6.73 5.90 5.81 8.52 9.10 7.54 7.29 9.63 9.27 9.74 9.56 9.43 9.36 9.57 9.30 11.09 10.43 11.19 10.66 11.00 11.00 11.27 14.18 11.97 11.97 10.94 10.20 11.54 14.29 15.35 15.86 14.89
14.35 14.66 13.84 14.58 17.27 17.25 16.38 17.62 16.85 15.92 16.23 18.35 19.04 17.12 17.04 15.42 14.60 15.00 12.36 13.16 11.99 10.97 9.97 10.48 11.88 12.08 13.12 12.99 11.89 9.79 8.35 8.56 8.00 6.58 7.37 7.03 7.31 7.49 8.04 7.64 7.33 7.76 8.15 7.41 5.77 5.68 5.35 5.59 6.89 7.96 8.06 8.02 8.59 8.76 8.44 8.89 9.59 8.73 9.71 11.15 11.08 10.84 10.66 10.16 10.76 11.27 11.27 12.48 10.92 10.92 10.69 10.80 11.25 12.95 15.09 15.77 15.10
13.17 13.33 14.70 15.94 16.54 17.02 16.91 18.81 17.54 17.51 17.33 17.93 17.75 16.85 16.74 14.29 14.37 14.53 12.73 12.56 10.80 10.48 10.55 9.91 10.41 10.48 12.82 12.94 12.26 9.91 9.59 8.59 8.90 7.47 7.67 7.17 6.95 6.31 8.10 8.66 7.52 7.79 7.39 6.63 5.22 4.70 4.68 5.97 5.86 7.10 8.12 9.18 8.16 9.03 8.03 8.73 8.45 8.03 9.70 10.60 12.27 10.80 9.05 8.96 10.76 11.27 12.30 12.48 11.68 11.10 10.93 12.00 12.18 12.09 13.74 14.94 14.87
12.32 12.93 14.89 16.92 17.59 18.09 16.95 18.29 17.68 18.59 17.11 17.39 18.09 14.37 13.65 14.70 15.91 15.13 13.94 12.57 11.44 11.71 10.45 9.84 9.39 10.13 12.98 12.70 13.34 11.75 9.64 8.62 9.71 7.10 7.43 8.18 7.32 5.70 7.47 8.02 7.52 8.91 7.99 6.79 6.50 5.51 5.00 5.28 5.62 6.89 7.40 7.54 8.96 7.99 8.06 8.29 8.19 7.55 8.97 9.52 11.85 12.23 9.60 10.19 10.19 12.30 12.30 11.97 12.17 10.74 11.95 12.51 12.73 12.70 12.10 13.46 14.43
11.87 12.57 13.58 15.68 16.12 15.84 17.71 16.60 15.03 15.47 15.09 15.51 15.49 14.84 14.57 15.08 15.46 14.42 14.21 11.33 10.08 9.81 10.70 10.47 9.58 10.52 12.46 12.17 12.98 12.33 11.71 10.78 10.65 7.79 7.50 8.08 7.37 6.90 7.37 6.30 7.53 9.35 7.54 7.57 8.26 6.61 5.30 4.86 4.53 6.35 7.37 7.68 8.78 9.38 8.40 8.08 7.68 7.47 7.30 8.03 9.72 10.62 11.33 10.00 10.00 12.72 12.72 12.13 11.98 11.42 12.22 12.50 12.70 13.16 11.96 12.11 13.81
10.68 12.64 14.48 14.43 14.24 13.99 14.91 15.73 13.49 13.80 14.02 13.76 13.10 14.26 14.33 12.15 13.65 12.03 11.20 10.92 11.64 9.81 7.88 8.96 9.60 11.01 12.33 11.98 13.93 13.78 13.40 12.54 11.01 7.45 7.30 8.91 7.66 7.29 7.69 7.01 6.86 9.27 9.22 8.53 7.47 6.17 5.35 5.27 4.83 5.88 6.61 7.13 8.20 8.95 7.97 7.36 6.50 6.37 6.89 6.57 8.07 9.01 10.17 11.18 12.20 13.35 14.21 13.94 12.30 12.23 11.39 13.13 12.60 11.78 11.67 12.28 13.99
12.02 13.12 14.98 14.59 15.14 14.71 15.02 16.53 15.30 14.67 15.34 14.16 11.25 11.76 12.94 11.24 10.75 10.22 9.84 11.95 11.23 10.86 10.88 9.26 10.63 11.17 12.08 11.22 12.22 12.91 13.83 14.00 11.67 8.27 7.37 8.42 8.12 8.07 8.04 8.75 7.35 7.54 8.10 8.23 7.25 7.00 5.34 5.52 5.04 5.81 5.52 6.02 6.85 7.77 8.36 6.38 5.91 4.65 6.91 7.22 7.82 8.83 8.81 9.50 12.05 13.39 13.51 13.12 12.40 13.03 12.45 13.56 13.82 11.63 11.59 14.24 14.35
15.13 15.48 16.23 15.52 18.06 17.75 15.82 15.48 15.51 14.10 14.40 12.41 10.76 10.43 11.21 9.77 10.43 10.64 10.47 10.50 11.23 11.54 11.05 10.09 10.56 10.51 11.73 10.76 11.02 12.21 11.39 10.46 11.37 9.95 7.50 6.32 7.64 8.69 8.27 8.16 7.23 8.03 8.07 7.85 7.76 7.20 5.45 4.90 5.77 5.27 5.22 4.78 5.94 6.95 8.32 5.36 5.49 4.94 7.56 7.39 8.48 9.14 8.76 8.45 10.20 11.50 12.89 11.81 12.35 13.63 12.31 12.10 12.70 11.86 12.71 13.63 14.00
16.50 16.70 17.98 16.38 17.11 18.19 14.89 15.22 14.59 14.94 14.80 12.90 12.28 11.93 12.89 12.31 11.71 12.27 11.81 11.07 11.28 10.51 10.32 9.99 10.72 12.20 12.20 11.86 11.10 12.93 12.03 10.63 10.32 9.48 8.73 6.84 7.48 8.29 7.72 8.10 7.60 7.81 9.23 9.03 8.45 7.64 6.07 5.49 5.81 5.55 5.45 5.48 6.53 6.21 6.90 5.39 4.90 5.81 7.00 7.43 7.48 7.94 8.76 8.59 9.15 10.34 11.55 11.09 11.15 12.77 12.08 11.82 10.58 10.89 12.99 13.17 11.86
15.19 16.78 17.50 16.89 14.93 14.62 13.57 13.63 13.77 14.83 15.18 14.28 13.72 13.62 12.38 12.43 12.04 13.14 13.35 13.03 11.46 10.68 10.34 10.35 12.08 11.94 11.57 11.88 11.68 12.36 13.07 12.24 10.42 10.35 9.26 8.48 7.71 7.56 7.92 8.50 7.88 7.51 8.54 8.45 9.95 9.04 6.81 5.06 5.67 4.50 4.51 4.85 5.40 6.32 6.69 5.08 4.78 5.57 7.09 6.86 7.36 8.22 8.34 9.05 8.34 9.77 10.25 9.86 10.68 11.27 11.07 10.73 10.48 10.27 11.26 11.51 12.65
13.30 13.09 12.17 11.79 10.67 12.04 11.12 11.98 13.13 13.29 14.64 14.63 14.23 14.29 13.60 14.74 13.24 13.14 13.05 12.23 10.72 9.97 11.17 11.38 11.81 10.35 11.53 12.99 11.80 11.12 12.25 11.39 10.41 10.77 10.33 9.42 8.48 7.71 8.05 8.73 9.25 6.87 7.67 7.94 8.48 8.46 6.72 5.30 5.67 5.28 4.94 4.95 5.76 5.83 5.58 4.99 5.75 5.89 6.02 5.67 7.06 8.24 9.12 9.04 7.95 7.10 7.63 8.32 9.72 11.06 10.69 9.45 10.01 9.44 10.48 9.95 11.08
11.70 10.31 9.32 8.55 7.84 9.29 10.23 12.64 12.06 12.48 13.80 13.63 14.73 13.93 12.67 13.79 14.08 12.81 13.44 11.34 11.77 11.17 11.11 10.67 11.10 9.73 10.73 11.37 11.00 9.39 11.15 11.58 11.05 12.23 11.64 9.63 8.82 8.59 8.85 10.10 10.12 8.58 8.32 8.72 7.72 8.19 7.39 6.42 5.98 5.52 6.49 5.35 5.83 5.51 4.85 4.64 5.74 5.95 6.13 5.66 6.74 6.97 7.24 7.59 7.31 5.72 5.31 8.52 8.55 10.31 11.16 10.92 9.50 10.01 9.25 10.26 9.92
9.35 8.97 7.79 8.01 9.30 9.22 9.67 9.80 10.11 11.61 12.23 12.83 13.03 12.29 11.39 12.08 12.00 12.63 12.67 10.45 10.91 11.46 11.03 10.34 10.40 10.72 10.65 10.43 10.79 9.40 10.54 12.02 10.62 12.66 13.35 10.56 10.02 10.26 9.79 9.49 9.51 9.32 8.44 10.47 8.77 8.10 8.52 8.26 6.55 5.95 5.77 5.05 4.99 4.96 4.46 3.68 3.64 5.13 5.85 5.80 5.83 5.61 5.28 6.34 7.05 5.27 5.08 7.20 7.20 9.67 10.47 10.70 9.37 8.78 10.09 9.92 10.42
8.21 7.98 8.36 9.13 9.42 8.76 7.88 8.16 10.06 10.47 10.08 10.08 9.88 9.62 10.05 11.37 10.49 11.84 11.61 10.14 11.13 11.57 11.54 11.16 11.47 11.13 12.46 12.43 12.61 11.23 10.84 12.01 11.87 12.61 11.85 11.49 11.21 10.79 9.28 8.74 8.38 8.80 9.65 10.57 9.20 7.18 8.69 10.28 9.31 7.31 6.24 5.39 5.36 4.69 4.12 3.45 3.37 4.75 5.68 5.87 5.79 5.04 4.58 5.87 6.54 5.75 4.46 6.54 6.85 8.66 9.51 8.84 9.20 8.50 7.87 8.49 7.98
7.01 7.31 8.38 9.87 8.99 7.40 7.61 8.03 9.17 7.63 8.01 8.85 8.72 9.63 10.09 10.88 10.07 10.52 11.76 11.20 9.99 9.89 10.60 11.90 13.00 12.74 14.45 14.47 14.05 13.00 11.50 12.24 11.74 11.44 12.71 10.97 11.00 10.61 8.98 8.47 8.19 8.61 8.92 10.13 9.72 9.11 9.52 10.37 9.69 7.62 6.80 6.83 5.76 6.04 4.50 4.61 3.70 4.00 5.55 4.57 4.98 5.08 4.93 5.91 6.54 5.82 5.38 6.47 6.18 6.84 7.82 7.89 8.21 8.02 7.21 7.82 7.19
6.78 5.65 7.88 9.30 7.70 7.46 7.68 7.67 7.70 6.67 6.26 7.45 8.43 9.58 10.58 10.78 10.24 11.33 11.63 11.09 10.61 8.91 10.28 10.50 12.14 12.85 13.13 15.00 13.78 14.50 13.87 11.39 10.51 10.34 10.85 10.35 12.05 12.51 9.92 8.27 8.72 9.49 8.28 8.55 9.12 9.55 10.11 10.06 9.62 9.08 7.56 7.41 7.30 7.39 6.44 5.72 4.79 4.32 5.38 4.42 5.15 5.10 5.53 6.51 7.15 5.54 4.50 4.14 5.09 5.85 6.46 7.54 7.52 6.88 6.64 7.41 7.08
5.25 5.31 7.66 7.24 7.74 6.82 6.63 6.86 7.49 7.15 6.14 6.68 8.60 10.14 10.89 10.66 8.64 10.68 11.75 12.40 11.18 10.16 12.58 10.63 9.08 12.46 13.24 14.91 15.73 14.71 13.65 11.72 11.32 10.49 9.82 10.08 11.20 12.68 11.32 10.34 9.67 9.37 9.59 9.54 9.04 9.46 9.08 9.80 10.34 8.17 8.13 6.78 6.77 6.94 6.97 8.16 5.58 5.17 5.34 5.27 5.45 5.56 5.84 5.50 6.39 5.47 4.61 4.82 5.14 5.48 6.11 7.00 5.89 6.16 5.36 5.72 6.40
5.25 5.43 5.90 5.62 6.20 6.97 6.90 7.54 6.49 7.56 7.57 7.75 9.11 9.49 11.07 11.77 10.18 10.05 11.00 12.94 12.65 9.87 11.87 12.07 9.99 10.68 12.31 14.29 15.05 14.42 13.90 12.69 12.59 10.67 11.18 11.20 11.07 12.71 12.20 11.06 10.67 10.18 8.50 9.72 8.97 8.01 8.21 7.70 9.20 7.93 7.83 7.41 6.79 7.58 6.31 7.46 6.24 5.43 5.59 5.98 6.67 5.97 5.47 4.39 5.10 4.98 4.42 4.55 4.94 5.07 5.84 7.35 6.37 5.63 5.43 4.94 4.98
6.00 5.35 4.67 4.67 6.31 6.74 7.53 8.51 7.61 7.78 8.05 9.48 9.61 10.31 10.77 11.70 12.31 11.26 9.93 11.41 10.30 10.29 10.55 11.39 10.74 9.11 9.67 11.15 11.53 12.67 12.51 12.40 12.65 10.26 12.27 12.66 12.14 11.30 11.35 10.73 10.64 10.76 10.16 10.04 8.67 8.52 8.11 6.49 7.73 8.44 8.53 9.14 9.25 8.79 8.38 6.80 6.10 5.38 6.00 5.85 5.80 6.26 5.82 4.94 4.08 5.36 4.41 5.04 4.90 5.45 5.94 6.00 5.90 5.96 5.88 5.09 4.64
5.51 4.91 5.29 5.41 6.60 7.34 7.93 8.24 8.33 7.62 7.94 10.16 11.37 10.88 9.93 10.67 12.70 11.93 10.58 9.96 10.23 9.52 10.46 10.86 9.50 9.03 10.60 10.84 10.83 10.36 11.52 12.30 12.28 11.21 10.69 11.97 12.91 11.91 11.31 10.95 12.72 11.21 10.41 9.62 9.20 8.65 8.50 7.29 8.16 8.97 8.67 7.98 9.81 10.55 10.09 8.39 6.08 4.70 6.72 7.50 6.30 7.14 6.14 4.99 3.96 3.59 4.98 5.51 5.75 4.76 6.26 5.53 5.39 5.43 5.53 4.92 6.14
6.80 5.60 4.25 4.84 6.49 7.53 8.20 8.40 8.73 8.54 7.72 8.49 9.56 9.37 9.22 10.00 11.16 11.17 10.87 9.68 10.02 8.77 9.14 8.53 8.53 9.31 11.88 11.54 10.61 11.08 10.57 11.41 12.23 11.63 10.67 11.01 12.86 12.97 11.78 11.63 10.81 9.80 10.03 10.53 9.79 9.11 8.19 8.41 8.68 8.36 8.99 8.10 9.63 9.45 10.29 9.40 7.04 7.43 6.35 5.81 6.24 6.41 6.19 5.19 3.49 4.51 5.62 6.91 7.09 6.11 6.01 5.61 6.19 5.74 5.21 4.76 5.62
6.75 6.86 5.50 5.57 7.28 7.54 8.11 8.63 8.66 8.61 7.67 7.56 7.92 8.68 8.60 9.49 10.00 10.14 9.50 9.21 9.67 9.31 9.31 9.05 8.86 7.45 9.28 9.86 10.13 10.40 10.51 10.72 11.41 10.53 10.34 11.04 12.48 11.78 10.99 10.71 10.56 9.82 8.08 9.86 10.93 10.25 10.03 10.62 10.05 8.76 8.13 8.87 8.79 9.47 8.73 9.43 8.97 8.78 6.84 5.57 5.42 6.21 7.23 6.78 5.72 6.70 7.19 7.15 7.66 7.39 6.15 5.56 6.41 6.12 4.74 4.39 4.91
7.07 5.67 5.25 5.74 7.75 8.05 8.41 8.59 8.95 9.42 8.74 8.63 8.24 10.21 10.67 11.43 10.60 9.90 10.26 10.46 10.45 10.11 10.32 10.28 10.06 8.14 9.22 10.06 9.51 9.99 10.28 10.46 9.83 10.35 9.78 10.92 11.87 12.03 10.74 10.35 10.31 9.91 9.33 9.63 10.38 9.07 10.80 11.35 9.90 9.60 9.14 8.81 10.38 9.81 9.13 10.38 10.64 8.79 7.14 6.47 6.37 6.41 7.53 8.34 7.88 7.54 7.61 8.10 8.50 7.57 6.78 6.53 6.22 5.46 5.23 4.96 5.21
5.21 4.67 5.04 5.84 7.81 8.86 8.35 8.53 9.56 10.28 9.37 9.71 10.28 10.82 11.39 10.61 11.29 10.71 10.73 10.63 11.09 11.61 11.47 10.42 10.00 9.55 9.24 10.18 9.40 9.93 9.71 9.42 9.94 9.36 9.45 9.31 10.44 10.95 10.87 10.77 11.10 11.20 11.36 11.47 10.33 9.23 10.45 10.13 9.82 10.39 10.59 9.21 10.46 10.30 10.77 12.50 11.34 9.90 8.22 7.85 6.93 7.51 8.24 7.57 7.20 7.59 7.74 8.75 8.70 7.39 7.01 6.52 5.66 5.06 5.42 5.09 5.28
6.91 5.84 5.32 6.05 8.26 9.14 8.76 10.10 10.78 11.19 9.51 10.60 10.97 10.89 12.56 11.69 11.73 10.63 9.89 10.32 10.39 10.74 11.21 11.05 9.98 10.43 9.62 9.06 9.20 9.02 8.73 9.05 9.03 9.05 9.15 8.69 10.15 10.58 10.92 10.64 10.42 10.86 11.64 11.76 11.04 10.85 9.82 9.28 10.21 10.48 10.50 9.85 8.91 10.48 10.80 10.99 10.09 10.84 10.62 8.19 7.38 7.55 7.85 7.52 7.50 8.16 8.09 8.84 8.36 6.35 6.77 5.75 5.57 5.19 4.62 5.90 5.87
5.10 4.64 5.06 6.02 8.07 9.21 10.14 11.75 11.52 11.99 12.08 11.36 11.55 11.01 12.65 12.88 12.55 12.64 11.79 11.24 10.97 10.70 10.65 10.73 10.18 9.48 8.88 9.77 10.58 8.60 8.36 7.62 8.72 10.29 9.86 9.64 10.00 9.96 10.93 10.78 11.13 10.96 10.35 11.81 12.62 11.74 11.15 10.28 10.41 10.51 8.85 9.51 9.19 10.04 10.28 10.74 10.80 11.51 11.18 9.47 7.82 6.93 6.33 6.16 7.78 8.54 8.66 8.75 7.89 6.62 5.72 6.06 5.32 5.35 5.23 5.62 6.02
4.37 4.86 4.90 6.30 8.45 9.67 10.53 12.49 12.22 12.31 13.04 12.00 11.87 12.28 13.52 13.96 14.08 13.61 13.41 11.81 11.59 11.67 10.75 10.42 10.19 10.27 9.20 10.04 11.33 10.17 9.06 8.54 8.63 9.88 9.87 9.37 10.54 10.55 10.13 9.46 10.25 10.72 10.13 11.22 12.27 11.67 11.52 10.52 10.47 10.60 9.54 9.88 10.41 10.02 10.13 11.75 11.05 10.21 11.69 10.29 9.48 7.69 6.93 6.66 8.16 9.25 8.14 6.21 6.95 6.18 6.07 6.22 6.19 6.20 5.91 6.28 6.10
4.77 5.29 6.00 7.98 9.68 10.71 11.26 12.33 12.15 13.53 13.31 12.29 11.94 12.41 12.34 15.45 15.52 15.37 14.47 12.76 12.17 12.49 11.23 10.03 9.33 9.55 8.43 8.88 8.69 9.57 9.83 9.37 8.94 9.99 10.78 9.25 9.91 9.59 10.84 10.31 10.16 10.44 10.52 12.46 13.07 13.21 12.74 11.45 11.36 11.07 10.80 10.95 11.21 9.91 10.39 11.43 11.35 9.84 11.18 11.02 10.76 8.15 7.81 7.45 9.54 9.37 7.30 6.12 6.09 5.12 5.73 6.47 6.58 6.93 6.00 5.55 6.93
5.60 5.92 6.62 9.26 10.57 12.56 12.72 12.43 11.14 13.32 13.29 12.16 12.29 12.00 13.60 16.22 16.14 14.73 13.23 13.31 12.41 11.69 11.95 10.30 9.80 9.68 9.23 7.69 8.68 9.08 10.26 10.50 9.19 9.80 11.31 9.94 9.88 10.25 10.75 11.79 11.09 10.48 10.94 12.41 13.35 13.24 13.24 12.61 12.89 11.73 11.17 11.39 10.81 10.28 9.94 11.08 11.73 11.20 11.90 11.52 11.35 9.11 8.25 8.08 9.22 8.55 8.35 7.42 7.38 5.57 5.53 6.23 6.17 7.03 6.84 6.36 6.08
5.79 6.32 7.52 8.37 10.82 11.35 11.61 11.58 11.53 13.39 12.34 12.92 13.44 12.87 14.06 15.26 14.97 14.17 13.78 13.16 13.28 11.54 11.64 11.69 12.25 11.25 11.20 9.39 10.03 9.88 9.91 10.55 10.28 10.33 11.09 10.87 10.22 10.87 10.86 11.77 11.87 11.70 12.19 11.93 12.77 13.28 12.56 11.52 12.57 11.76 10.73 10.68 10.18 10.32 10.55 10.09 10.70 11.20 11.31 10.88 9.95 9.23 9.31 8.91 8.62 8.13 7.38 7.23 8.77 8.28 6.07 5.76 5.33 6.58 7.00 7.02 6.50
