main/data/irradiance/18.02.2023.grid
ncols 839
nrows 679
xllcenter 112.0500
yllcenter -43.9500
cellsize 0.0500
nodata_value 99999.90
[rows 238 to 271 of 679, columns 0 to 76 of 839]
99999.90 99999.90 99999.90 99999.90 99999.90 99999.90 99999.90 99999.90 99999.90 99999.90 99999.90 99999.90 99999.90 99999.90 99999.90 99999.90 99999.90 99999.90 99999.90 99999.90 99999.90 99999.90 99999.90 99999.90 28.17 28.04 28.15 28.17 28.17 28.17 28.17 28.17 28.17 28.17 28.06 28.06 28.06 28.06 27.92 27.92 27.77 27.71 27.71 27.71 27.71 27.71 27.71 28.25 28.25 28.25 28.25 27.69 27.69 24.35 25.20 28.06 28.24 28.21 28.38 28.36 28.24 28.21 28.29 27.92 27.35 27.86 27.67 27.30 27.89 28.00 27.17 26.99 27.91 27.87 28.24 27.71 28.34
99999.90 99999.90 99999.90 99999.90 99999.90 99999.90 99999.90 99999.90 99999.90 99999.90 99999.90 99999.90 99999.90 99999.90 99999.90 99999.90 99999.90 99999.90 99999.90 99999.90 99999.90 99999.90 99999.90 99999.90 28.17 28.17 28.15 28.17 28.17 28.17 28.17 28.17 28.17 28.17 28.17 28.17 28.06 28.06 28.06 27.76 27.69 27.75 27.75 27.75 27.75 27.75 27.20 27.20 27.20 28.25 28.25 28.25 25.36 22.71 26.33 28.06 28.13 28.19 28.27 28.30 28.29 28.19 28.31 28.25 27.92 27.81 27.14 27.06 27.60 27.23 26.57 28.02 27.46 27.47 28.32 27.95 27.97
99999.90 99999.90 99999.90 99999.90 99999.90 99999.90 99999.90 99999.90 99999.90 99999.90 99999.90 99999.90 99999.90 99999.90 99999.90 99999.90 99999.90 99999.90 99999.90 99999.90 99999.90 99999.90 99999.90 28.08 28.17 28.17 28.15 28.15 28.15 28.17 28.17 28.17 28.17 28.17 28.17 28.17 28.17 27.81 27.81 27.70 27.63 27.75 27.75 27.75 27.75 27.75 27.20 27.20 27.20 27.20 26.45 26.45 22.80 25.58 28.23 28.21 28.11 28.10 28.26 28.35 28.31 28.28 28.12 28.16 28.03 28.25 26.99 27.10 27.50 27.34 26.98 27.14 27.83 27.49 27.86 28.25 27.61
99999.90 99999.90 99999.90 99999.90 99999.90 99999.90 99999.90 99999.90 99999.90 99999.90 99999.90 99999.90 99999.90 99999.90 99999.90 99999.90 99999.90 99999.90 99999.90 99999.90 99999.90 99999.90 99999.90 28.08 28.17 28.17 28.15 28.15 28.15 28.15 28.15 28.15 28.17 28.17 28.17 28.17 28.17 28.17 27.71 27.72 27.65 27.65 27.65 27.75 27.75 27.75 27.90 27.90 27.20 27.20 27.20 24.53 26.54 27.77 28.29 28.16 28.14 28.19 28.26 28.37 28.32 28.30 28.32 27.79 27.51 28.24 27.59 27.88 27.16 27.67 26.62 26.90 27.19 27.63 27.86 28.22 27.00
99999.90 99999.90 99999.90 99999.90 99999.90 99999.90 99999.90 99999.90 99999.90 99999.90 99999.90 99999.90 99999.90 99999.90 99999.90 99999.90 99999.90 99999.90 99999.90 99999.90 99999.90 99999.90 99999.90 28.08 28.17 28.17 28.17 28.15 28.15 28.15 28.15 28.15 28.15 28.15 28.15 27.93 27.93 27.93 27.73 27.72 27.71 27.71 27.71 27.71 27.71 27.90 27.90 27.90 27.90 27.16 27.16 28.22 27.47 28.16 28.24 28.16 28.25 28.27 28.39 28.39 28.38 28.43 28.36 27.86 27.69 28.23 27.42 27.83 27.56 27.86 27.43 27.06 27.48 27.62 27.44 27.85 26.66
99999.90 99999.90 99999.90 99999.90 99999.90 99999.90 99999.90 99999.90 99999.90 99999.90 99999.90 99999.90 99999.90 99999.90 99999.90 99999.90 99999.90 99999.90 99999.90 99999.90 99999.90 99999.90 99999.90 28.08 28.17 28.17 28.17 28.17 28.17 28.15 28.15 28.15 28.15 28.15 28.15 28.15 27.86 27.86 27.70 27.71 27.71 27.71 27.71 27.71 27.71 27.83 27.83 27.90 27.90 27.90 24.56 26.47 27.87 28.25 28.11 28.13 28.25 28.18 28.41 28.40 28.38 28.40 28.41 27.76 27.62 28.01 28.29 28.00 27.83 27.46 27.49 27.21 27.61 28.26 27.69 27.93 26.48
99999.90 99999.90 99999.90 99999.90 99999.90 99999.90 99999.90 99999.90 99999.90 99999.90 99999.90 99999.90 99999.90 99999.90 99999.90 99999.90 99999.90 99999.90 99999.90 99999.90 99999.90 99999.90 99999.90 28.08 28.17 28.17 28.17 28.17 28.17 28.17 28.17 28.15 28.15 28.15 28.15 28.15 28.15 27.96 27.85 27.80 27.79 27.79 27.79 27.87 27.87 27.83 27.83 27.83 26.63 26.63 27.23 27.95 28.22 28.24 28.22 28.27 28.33 28.16 28.25 28.38 28.36 28.35 28.38 28.21 27.96 27.59 28.20 27.78 26.99 27.16 27.08 26.96 27.56 27.63 28.14 27.63 27.47
99999.90 99999.90 99999.90 99999.90 99999.90 99999.90 99999.90 99999.90 99999.90 99999.90 99999.90 99999.90 99999.90 99999.90 99999.90 99999.90 99999.90 99999.90 99999.90 99999.90 99999.90 99999.90 99999.90 28.08 28.08 28.08 28.17 28.17 28.17 28.17 28.17 28.17 28.04 28.04 28.01 28.01 28.01 27.96 27.87 27.72 27.78 27.78 27.87 27.87 27.87 28.16 27.83 27.83 27.83 24.02 27.99 28.08 28.17 28.21 28.30 28.23 28.12 28.00 28.24 28.27 28.37 28.11 28.25 28.25 28.28 28.35 28.02 28.23 27.75 26.62 27.60 26.96 27.27 27.48 27.61 27.71 27.35
99999.90 99999.90 99999.90 99999.90 99999.90 99999.90 99999.90 99999.90 99999.90 99999.90 99999.90 99999.90 99999.90 99999.90 99999.90 99999.90 99999.90 99999.90 99999.90 99999.90 99999.90 99999.90 99999.90 28.08 28.08 28.08 28.08 28.08 28.17 28.17 28.17 28.17 28.17 28.04 28.04 27.86 27.86 27.85 27.84 27.79 27.79 27.87 27.87 27.87 27.87 28.16 28.16 27.08 27.08 26.90 27.90 27.99 28.06 28.17 28.19 28.14 28.06 28.19 28.30 28.34 28.37 28.18 28.19 28.23 28.33 28.35 28.32 28.28 28.18 27.61 27.09 26.57 27.67 27.27 27.27 27.93 27.81
99999.90 99999.90 99999.90 99999.90 99999.90 99999.90 99999.90 99999.90 99999.90 99999.90 99999.90 99999.90 99999.90 99999.90 99999.90 99999.90 99999.90 99999.90 99999.90 99999.90 99999.90 99999.90 99999.90 28.08 28.08 28.08 28.08 28.08 28.08 28.08 28.17 28.17 28.17 28.17 28.04 28.04 27.94 27.90 27.82 27.80 27.71 27.70 27.70 27.70 27.97 28.16 28.16 28.16 24.83 28.55 27.91 28.01 28.06 28.07 28.10 28.12 28.10 28.11 28.22 28.26 28.35 28.33 28.28 28.38 28.36 28.26 28.26 28.21 28.22 27.88 27.33 25.78 26.98 27.20 27.87 27.23 27.38
99999.90 99999.90 99999.90 99999.90 99999.90 99999.90 99999.90 99999.90 99999.90 99999.90 99999.90 99999.90 99999.90 99999.90 99999.90 99999.90 99999.90 99999.90 99999.90 99999.90 99999.90 99999.90 99999.90 28.08 28.08 28.08 28.08 28.08 28.08 28.08 28.08 28.08 28.17 28.17 28.17 28.04 28.03 27.95 27.82 27.84 27.86 27.70 27.70 27.97 27.97 27.97 28.04 28.04 26.21 28.13 27.94 27.92 28.08 28.22 27.85 28.08 28.12 28.19 28.17 28.24 28.31 28.29 28.34 28.42 28.39 28.33 28.32 28.39 28.32 28.12 27.23 26.50 26.20 26.91 27.10 27.32 28.18
99999.90 99999.90 99999.90 99999.90 99999.90 99999.90 99999.90 99999.90 99999.90 99999.90 99999.90 99999.90 99999.90 99999.90 99999.90 99999.90 99999.90 99999.90 99999.90 99999.90 99999.90 99999.90 99999.90 28.08 28.08 28.08 28.08 28.08 28.08 28.08 28.08 28.08 28.08 28.10 28.10 28.08 28.01 27.88 27.65 27.85 27.88 27.88 27.99 27.97 27.97 27.97 26.77 26.77 28.19 28.26 27.98 28.06 28.06 28.09 28.25 28.01 28.01 28.11 28.18 28.23 28.20 28.31 28.29 28.41 28.39 28.00 28.15 28.34 28.38 28.26 27.55 26.07 26.59 26.83 26.64 27.73 28.08
99999.90 99999.90 99999.90 99999.90 99999.90 99999.90 99999.90 99999.90 99999.90 99999.90 99999.90 99999.90 99999.90 99999.90 99999.90 99999.90 99999.90 99999.90 99999.90 99999.90 99999.90 99999.90 99999.90 28.08 28.08 28.08 28.08 28.08 28.08 28.08 28.08 28.08 28.08 28.08 28.02 27.97 27.82 27.50 27.57 27.78 27.82 27.97 27.99 27.95 27.86 27.81 27.07 28.60 28.50 28.06 28.02 28.01 28.14 27.97 27.90 27.94 28.07 28.05 28.12 28.19 28.20 28.36 28.38 28.40 28.40 28.34 28.24 28.28 28.37 28.34 27.68 27.42 26.84 26.67 26.97 27.59 27.46
99999.90 99999.90 99999.90 99999.90 99999.90 99999.90 99999.90 99999.90 99999.90 99999.90 99999.90 99999.90 99999.90 99999.90 99999.90 99999.90 99999.90 99999.90 99999.90 99999.90 99999.90 99999.90 99999.90 28.05 28.05 28.05 28.05 28.05 28.05 28.05 28.05 28.05 28.05 28.05 27.94 27.83 27.77 27.71 27.80 27.77 27.89 27.83 27.90 27.94 27.87 27.94 28.15 28.03 28.14 28.09 28.16 28.06 28.05 27.92 27.84 27.76 28.07 28.11 28.22 28.34 28.31 28.36 28.33 28.37 28.37 28.35 28.36 28.34 28.27 28.36 28.05 27.63 27.30 27.00 27.34 27.34 27.74
99999.90 99999.90 99999.90 99999.90 99999.90 99999.90 99999.90 99999.90 99999.90 99999.90 99999.90 99999.90 99999.90 99999.90 99999.90 99999.90 99999.90 99999.90 99999.90 99999.90 99999.90 99999.90 99999.90 28.11 28.11 28.11 28.11 28.11 28.11 28.11 28.11 28.11 28.11 28.11 27.90 27.85 27.86 27.78 27.83 27.97 27.92 27.54 27.84 27.93 27.88 28.13 28.17 28.09 28.05 28.03 28.17 28.10 28.09 27.95 27.82 27.71 28.12 28.33 28.33 28.36 28.39 28.39 28.39 28.40 28.38 28.36 28.35 28.36 28.31 28.36 28.34 28.22 27.83 27.69 27.78 26.60 27.01
99999.90 99999.90 99999.90 99999.90 99999.90 99999.90 99999.90 99999.90 99999.90 99999.90 99999.90 99999.90 99999.90 99999.90 99999.90 99999.90 99999.90 99999.90 99999.90 99999.90 99999.90 99999.90 99999.90 28.17 28.17 28.17 28.17 28.17 28.17 28.17 28.17 28.17 28.17 28.17 28.08 27.96 28.00 27.88 27.89 27.96 27.80 27.88 27.94 27.76 27.80 28.02 28.19 28.12 28.03 28.00 28.09 28.11 28.07 28.08 28.14 27.93 28.23 28.36 28.26 28.33 28.39 28.37 28.35 28.38 28.37 28.35 28.38 28.35 28.36 28.26 28.36 28.24 28.15 27.93 28.17 27.97 26.89
99999.90 99999.90 99999.90 99999.90 99999.90 99999.90 99999.90 99999.90 99999.90 99999.90 99999.90 99999.90 99999.90 99999.90 99999.90 99999.90 99999.90 99999.90 99999.90 99999.90 99999.90 99999.90 99999.90 28.17 28.17 28.17 28.17 28.17 28.17 28.17 28.17 28.17 28.17 28.17 28.21 27.98 28.03 27.82 27.98 27.84 27.89 27.92 27.95 27.84 27.88 27.90 28.01 28.03 27.98 27.97 28.04 28.14 28.20 28.11 28.07 27.99 28.05 28.36 28.28 28.27 28.31 28.31 28.29 28.34 28.33 28.31 28.33 28.38 28.32 28.34 28.35 28.37 28.24 28.22 28.15 28.18 27.55
99999.90 99999.90 99999.90 99999.90 99999.90 99999.90 99999.90 99999.90 99999.90 99999.90 99999.90 99999.90 99999.90 99999.90 99999.90 99999.90 99999.90 99999.90 99999.90 99999.90 99999.90 99999.90 99999.90 28.17 28.17 28.17 28.17 28.17 28.17 28.17 28.17 28.17 28.17 28.21 28.21 28.07 28.06 27.98 27.99 27.82 27.80 27.64 27.81 27.85 27.92 27.82 27.98 27.94 27.88 27.84 27.94 27.95 28.08 28.06 28.07 28.04 27.96 28.18 28.36 28.34 28.36 28.35 28.25 28.26 28.26 28.26 28.24 28.35 28.35 28.34 28.31 28.33 28.34 28.32 28.22 28.27 28.23
99999.90 99999.90 99999.90 99999.90 99999.90 99999.90 99999.90 99999.90 99999.90 99999.90 99999.90 99999.90 99999.90 99999.90 99999.90 99999.90 99999.90 99999.90 99999.90 99999.90 99999.90 99999.90 99999.90 28.17 28.17 28.17 28.17 28.17 28.17 28.17 28.17 28.17 28.21 28.18 28.18 28.18 28.00 27.92 27.72 27.33 27.28 27.22 27.71 27.86 27.93 27.82 27.94 27.98 27.94 27.89 27.88 27.90 27.95 28.04 28.05 28.16 28.16 28.30 28.30 28.34 28.36 28.33 28.27 28.06 28.11 28.21 28.28 28.30 28.32 28.35 28.33 28.34 28.32 28.36 28.31 28.26 28.20
99999.90 99999.90 99999.90 99999.90 99999.90 99999.90 99999.90 99999.90 99999.90 99999.90 99999.90 99999.90 99999.90 99999.90 99999.90 99999.90 99999.90 99999.90 99999.90 99999.90 99999.90 99999.90 99999.90 28.17 28.17 28.17 28.17 28.17 28.17 28.17 28.17 28.18 28.18 28.18 28.18 28.18 27.95 27.96 27.74 27.42 27.14 27.22 27.59 27.80 27.68 27.61 27.88 27.77 27.80 27.78 27.89 27.90 27.92 28.04 28.13 28.25 28.20 28.12 28.15 28.29 28.33 28.29 28.18 28.07 28.12 28.22 28.24 28.30 28.31 28.32 28.29 28.33 28.25 28.35 28.39 28.25 28.27
99999.90 99999.90 99999.90 99999.90 99999.90 99999.90 99999.90 99999.90 99999.90 99999.90 99999.90 99999.90 99999.90 99999.90 99999.90 99999.90 99999.90 99999.90 99999.90 99999.90 99999.90 99999.90 99999.90 28.17 28.17 28.17 28.17 28.17 28.17 28.18 28.18 28.18 28.18 28.18 27.97 27.97 27.97 27.97 27.85 27.69 27.60 27.64 27.59 27.84 27.81 27.53 27.82 27.73 27.80 27.83 27.92 27.89 27.77 27.93 28.04 28.26 28.26 28.18 27.96 28.19 28.29 28.27 28.23 28.14 28.17 28.24 28.22 28.25 28.28 28.31 28.36 28.35 28.33 28.34 28.35 28.27 28.19
99999.90 99999.90 99999.90 99999.90 99999.90 99999.90 99999.90 99999.90 99999.90 99999.90 99999.90 99999.90 99999.90 99999.90 99999.90 99999.90 99999.90 99999.90 99999.90 99999.90 99999.90 99999.90 99999.90 28.17 28.17 28.17 28.17 28.17 28.18 28.18 28.18 28.18 28.01 28.01 28.01 28.01 28.01 28.00 27.93 27.81 27.85 27.91 27.68 27.77 28.09 27.88 27.87 27.30 27.14 27.88 27.98 27.92 27.68 27.95 28.03 28.22 28.15 28.14 28.13 28.25 28.31 28.29 28.22 28.12 28.20 28.18 28.22 28.18 28.18 28.26 28.36 28.36 28.36 28.34 28.34 28.27 28.19
99999.90 99999.90 99999.90 99999.90 99999.90 99999.90 99999.90 99999.90 99999.90 99999.90 99999.90 99999.90 99999.90 99999.90 99999.90 99999.90 99999.90 99999.90 99999.90 99999.90 99999.90 99999.90 99999.90 28.17 28.17 27.84 27.84 27.84 27.84 27.84 27.84 27.84 27.84 27.84 28.04 28.04 28.04 28.01 27.90 27.88 27.85 27.85 27.73 27.74 28.02 27.75 27.14 27.62 27.49 28.00 27.95 27.71 27.69 27.99 28.21 28.15 28.12 28.11 28.19 28.28 28.30 28.33 28.34 28.19 28.09 28.15 28.21 28.28 28.25 28.32 28.36 28.33 28.37 28.32 28.30 28.31 28.24
99999.90 99999.90 99999.90 99999.90 99999.90 99999.90 99999.90 99999.90 99999.90 99999.90 99999.90 99999.90 99999.90 99999.90 99999.90 99999.90 99999.90 99999.90 99999.90 99999.90 99999.90 99999.90 99999.90 28.17 28.17 27.84 27.84 27.84 27.84 27.84 27.84 27.84 27.84 27.84 27.84 27.95 27.95 28.04 27.99 27.90 27.81 27.80 27.61 27.63 28.02 28.01 27.92 27.81 27.61 27.88 27.64 27.19 27.87 27.97 28.05 28.10 28.25 28.29 28.24 28.25 28.24 28.23 28.28 28.28 28.14 28.15 28.27 28.31 28.34 28.33 28.35 28.33 28.35 28.34 28.31 28.25 28.21
99999.90 99999.90 99999.90 99999.90 99999.90 99999.90 99999.90 99999.90 99999.90 99999.90 99999.90 99999.90 99999.90 99999.90 99999.90 99999.90 99999.90 99999.90 99999.90 99999.90 99999.90 99999.90 27.99 28.17 28.17 27.84 27.84 27.84 27.84 27.84 27.84 27.84 27.84 27.84 27.84 27.84 27.94 28.02 27.95 27.88 27.76 27.28 27.23 27.74 28.00 27.97 27.62 27.71 27.90 27.83 27.70 27.69 27.73 27.84 27.94 28.12 28.22 28.21 27.90 28.13 28.28 28.21 28.17 28.08 28.04 28.10 28.25 28.29 28.31 28.28 28.28 28.32 28.32 28.32 28.29 28.25 28.18
99999.90 99999.90 99999.90 99999.90 99999.90 99999.90 99999.90 99999.90 99999.90 99999.90 99999.90 99999.90 99999.90 99999.90 99999.90 99999.90 99999.90 99999.90 99999.90 99999.90 99999.90 28.07 27.99 27.99 27.98 27.87 27.87 27.87 27.87 27.87 27.87 27.87 27.87 27.87 27.87 27.87 27.97 28.00 27.94 27.91 27.75 27.14 27.18 27.73 27.78 27.65 27.52 27.91 27.92 27.94 27.84 27.92 27.96 27.87 27.88 27.96 28.16 28.06 27.80 27.81 28.14 28.11 28.04 27.99 28.09 28.20 28.17 28.26 28.22 28.30 28.34 28.37 28.34 28.31 28.30 28.26 28.21
99999.90 99999.90 99999.90 99999.90 99999.90 99999.90 99999.90 99999.90 99999.90 99999.90 99999.90 99999.90 99999.90 99999.90 99999.90 99999.90 99999.90 99999.90 99999.90 99999.90 99999.90 28.07 28.07 27.99 27.99 28.00 28.00 28.00 28.00 28.00 28.00 28.00 28.00 28.00 28.00 28.00 28.01 27.96 27.87 27.83 27.57 27.30 27.50 27.46 27.57 27.45 27.78 27.84 27.87 27.82 27.81 27.82 27.85 27.98 27.90 27.83 27.94 27.92 27.80 27.84 28.12 28.10 28.03 28.02 27.96 28.06 28.15 28.22 28.16 28.26 28.33 28.34 28.32 28.27 28.32 28.27 28.27
99999.90 99999.90 99999.90 99999.90 99999.90 99999.90 99999.90 99999.90 99999.90 99999.90 99999.90 99999.90 99999.90 99999.90 99999.90 99999.90 99999.90 99999.90 99999.90 99999.90 28.01 28.07 28.07 28.07 27.99 27.99 28.13 28.13 28.13 28.13 28.13 28.13 28.13 28.13 28.13 28.13 27.98 27.79 27.90 27.87 27.74 27.71 27.65 27.51 27.51 27.59 27.80 27.84 27.81 27.78 27.82 27.86 27.94 27.93 27.93 27.90 27.86 27.90 27.79 27.92 28.05 28.09 28.21 28.07 28.12 28.11 28.13 28.21 28.27 28.33 28.33 28.29 28.35 28.31 28.33 28.29 28.27
99999.90 99999.90 99999.90 99999.90 99999.90 99999.90 99999.90 99999.90 99999.90 99999.90 99999.90 99999.90 99999.90 99999.90 99999.90 99999.90 99999.90 99999.90 99999.90 99999.90 28.01 28.07 28.07 28.07 28.07 27.99 27.99 27.98 28.15 28.15 28.15 28.15 28.15 28.15 28.15 28.15 27.93 27.71 27.79 27.79 27.75 27.73 27.74 27.65 27.74 27.79 27.80 27.77 27.90 27.78 27.76 27.84 27.97 27.91 27.95 27.88 27.88 27.89 27.98 28.02 28.07 28.13 28.14 28.06 28.09 28.05 28.13 28.22 28.33 28.23 28.32 28.31 28.32 28.31 28.31 28.31 28.23
99999.90 99999.90 99999.90 99999.90 99999.90 99999.90 99999.90 99999.90 99999.90 99999.90 99999.90 99999.90 99999.90 99999.90 99999.90 99999.90 99999.90 99999.90 99999.90 27.93 28.01 28.07 28.07 28.07 28.07 28.07 27.99 27.99 27.98 27.98 27.99 27.99 27.99 27.99 27.99 27.99 27.82 27.69 27.79 27.81 27.71 27.47 27.59 27.63 27.71 27.79 27.89 27.81 27.82 27.89 27.87 27.77 27.87 27.94 27.97 27.92 27.88 27.89 27.82 27.98 27.99 28.01 28.10 28.11 28.11 28.16 28.22 28.20 28.31 28.27 28.34 28.33 28.30 28.27 28.26 28.29 28.24
99999.90 99999.90 99999.90 99999.90 99999.90 99999.90 99999.90 99999.90 99999.90 99999.90 99999.90 99999.90 99999.90 99999.90 99999.90 99999.90 99999.90 99999.90 99999.90 27.93 28.01 28.07 28.07 28.07 28.07 28.07 28.07 27.99 27.99 27.98 27.98 27.95 27.95 27.91 27.91 27.91 27.74 27.68 27.67 27.70 27.59 27.28 27.88 27.77 27.74 27.77 27.82 27.86 27.92 27.86 27.24 27.17 26.75 27.78 27.94 27.96 27.94 27.99 27.93 28.02 27.96 28.10 28.08 28.04 28.05 28.08 28.17 28.23 28.28 28.27 28.32 28.27 28.22 28.24 28.24 28.23 28.22
99999.90 99999.90 99999.90 99999.90 99999.90 99999.90 99999.90 99999.90 99999.90 99999.90 99999.90 99999.90 99999.90 99999.90 99999.90 99999.90 99999.90 99999.90 99999.90 27.93 28.01 28.07 28.07 28.07 28.07 28.07 28.07 28.07 27.99 27.99 27.98 27.98 27.95 27.95 27.74 27.74 27.76 27.62 27.60 27.76 27.55 27.52 27.73 27.76 27.65 27.80 27.82 27.85 27.90 27.88 26.84 25.83 26.16 27.08 27.83 27.92 28.00 27.97 27.92 28.01 28.14 28.19 28.16 28.09 28.11 28.05 28.08 28.22 28.28 28.31 28.28 28.16 28.23 28.14 28.11 28.13 28.15
99999.90 99999.90 99999.90 99999.90 99999.90 99999.90 99999.90 99999.90 99999.90 99999.90 99999.90 99999.90 99999.90 99999.90 99999.90 99999.90 99999.90 99999.90 28.04 27.93 28.01 28.01 28.01 28.07 28.07 28.07 28.07 28.07 28.07 27.99 27.99 27.98 27.98 27.95 27.95 27.88 27.88 27.71 27.77 27.72 27.43 27.74 27.82 27.42 27.12 27.82 27.83 27.84 27.89 27.91 27.56 27.01 26.17 26.35 27.39 27.89 28.01 27.93 27.95 27.73 27.90 28.00 28.06 28.06 28.12 28.11 28.14 28.22 28.24 28.21 28.19 28.17 28.19 28.08 27.96 27.99 28.06
99999.90 99999.90 99999.90 99999.90 99999.90 99999.90 99999.90 99999.90 99999.90 99999.90 99999.90 99999.90 99999.90 99999.90 99999.90 99999.90 99999.90 99999.90 28.04 27.93 28.01 28.01 28.01 28.01 28.01 28.07 28.07 28.07 28.07 28.07 27.99 27.99 27.98 27.98 27.88 27.94 27.72 27.86 27.72 27.73 27.77 27.79 27.70 27.34 27.42 27.80 27.74 27.77 27.86 27.80 27.87 27.90 27.68 27.69 27.63 27.88 27.95 28.01 27.96 27.92 27.88 27.95 28.03 28.05 28.10 28.20 28.21 28.21 28.20 28.25 28.19 28.09 28.18 28.04 27.96 27.91 27.97
