main/data/irradiance/18.09.2023.grid
ncols 839
nrows 679
xllcenter 112.0500
yllcenter -43.9500
cellsize 0.0500
nodata_value 99999.90
[rows 374 to 407 of 679, columns 308 to 384 of 839]
21.71 21.68 21.69 21.72 21.76 21.82 21.88 21.90 21.89 21.90 21.82 21.81 21.81 21.81 21.87 21.88 21.98 21.89 21.83 21.80 21.79 21.72 21.82 21.80 21.55 21.80 21.75 21.50 21.80 21.80 21.64 21.94 21.79 21.85 21.80 21.64 21.48 21.32 21.42 21.67 21.73 21.50 21.71 21.77 21.74 21.72 21.68 21.79 21.84 21.78 21.83 21.86 21.88 21.96 21.94 21.90 21.87 21.90 21.78 21.58 21.65 21.71 21.50 21.16 21.51 21.73 21.70 21.64 21.36 21.72 21.89 21.94 21.87 21.84 21.86 21.78 21.87
21.79 21.59 21.71 21.74 21.75 21.68 21.77 21.72 21.83 21.78 21.82 21.72 21.77 21.77 21.78 21.80 21.78 21.80 21.76 21.77 21.72 21.74 21.78 21.78 21.75 21.80 21.83 21.80 21.80 21.78 21.77 21.72 21.70 21.76 21.90 21.84 21.56 21.47 21.66 21.49 21.64 21.82 21.74 21.59 21.69 21.69 21.68 21.61 21.78 21.76 21.82 21.85 21.86 21.87 21.95 21.91 21.88 21.82 21.78 21.67 21.64 21.42 21.48 21.47 21.47 21.68 21.65 21.59 21.25 21.39 21.82 21.91 21.88 21.67 21.79 21.80 21.87
21.72 21.75 21.73 21.69 21.70 21.64 21.67 21.70 21.77 21.71 21.81 21.73 21.73 21.63 21.78 21.75 21.69 21.80 21.77 21.79 21.70 21.68 21.70 21.73 21.71 21.81 21.89 21.89 21.91 21.87 21.84 21.85 21.80 21.65 21.87 21.72 21.75 21.75 21.54 21.55 21.60 21.63 21.73 21.58 21.67 21.61 21.56 21.76 21.66 21.65 21.82 21.82 21.80 21.82 21.83 21.81 21.82 21.79 21.75 21.68 21.60 21.33 21.48 21.60 21.47 21.59 21.55 21.63 21.28 21.35 21.64 21.72 21.85 21.44 21.65 21.79 21.84
21.72 21.79 21.82 21.78 21.75 21.65 21.64 21.68 21.73 21.67 21.84 21.70 21.83 21.77 21.77 21.77 21.78 21.78 21.75 21.73 21.72 21.72 21.80 21.76 21.71 21.72 21.81 21.85 21.88 21.92 21.88 21.83 21.81 21.76 21.74 21.83 21.74 21.69 21.67 21.65 21.65 21.72 21.70 21.83 21.68 21.83 21.63 21.78 21.79 21.64 21.78 21.74 21.75 21.78 21.78 21.74 21.72 21.68 21.70 21.69 21.62 21.62 21.64 21.64 21.63 21.61 21.59 21.54 21.29 21.40 21.61 21.68 21.79 21.65 21.70 21.78 21.79
21.79 21.77 21.69 21.76 21.76 21.62 21.59 21.68 21.75 21.68 21.83 21.84 21.80 21.68 21.75 21.76 21.67 21.72 21.75 21.75 21.74 21.70 21.72 21.73 21.66 21.69 21.73 21.80 21.76 21.72 21.76 21.72 21.73 21.62 21.62 21.65 21.71 21.77 21.78 21.75 21.69 21.76 21.90 21.87 21.79 21.84 21.83 21.83 21.78 21.72 21.80 21.79 21.74 21.69 21.75 21.69 21.73 21.74 21.66 21.61 21.60 21.64 21.61 21.63 21.65 21.58 21.57 21.47 21.24 21.38 21.58 21.68 21.70 21.56 21.68 21.71 21.72
21.83 21.96 21.73 21.63 21.77 21.75 21.75 21.68 21.62 21.72 21.68 21.76 21.80 21.76 21.66 21.77 21.64 21.60 21.76 21.67 21.61 21.69 21.82 21.73 21.86 21.81 21.69 21.70 21.69 21.67 21.66 21.61 21.58 21.57 21.55 21.55 21.55 21.60 21.73 21.71 21.66 21.76 21.83 21.83 21.74 21.75 21.82 21.78 21.68 21.73 21.74 21.72 21.70 21.75 21.74 21.75 21.73 21.72 21.67 21.62 21.62 21.63 21.62 21.61 21.63 21.60 21.61 21.47 21.42 21.52 21.61 21.62 21.65 21.66 21.65 21.70 21.73
21.80 21.85 21.78 21.72 21.73 21.66 21.67 21.84 21.72 21.70 21.65 21.68 21.81 21.86 21.97 21.90 21.67 21.68 21.86 21.75 21.52 21.73 21.78 21.77 21.86 21.77 21.77 21.74 21.73 21.66 21.65 21.60 21.55 21.59 21.70 21.56 21.60 21.64 21.67 21.65 21.63 21.68 21.69 21.56 21.61 21.62 21.70 21.70 21.70 21.65 21.73 21.66 21.87 21.94 21.88 21.78 21.72 21.73 21.66 21.59 21.62 21.64 21.58 21.56 21.57 21.56 21.54 21.57 21.44 21.48 21.46 21.54 21.57 21.64 21.63 21.64 21.67
21.83 21.78 21.78 21.73 21.68 21.61 21.49 21.41 21.47 21.41 21.47 21.56 21.74 21.82 21.95 21.97 21.81 21.73 21.83 21.74 21.82 21.87 21.67 21.72 21.73 21.73 21.69 21.74 21.85 21.89 21.78 21.63 21.61 21.69 21.71 21.77 21.69 21.61 21.57 21.54 21.55 21.62 21.64 21.59 21.55 21.57 21.61 21.61 21.61 21.64 21.74 21.70 21.77 21.79 21.74 21.67 21.60 21.70 21.68 21.64 21.65 21.66 21.58 21.54 21.56 21.57 21.61 21.61 21.46 21.48 21.42 21.47 21.59 21.59 21.65 21.63 21.64
21.57 21.71 21.71 21.68 21.62 21.60 21.52 21.45 21.41 21.45 21.39 21.55 21.81 21.87 21.91 21.88 21.83 21.74 21.70 21.75 21.81 21.77 21.75 21.76 21.79 21.68 21.77 21.76 21.87 21.91 21.84 21.74 21.78 21.76 21.71 21.65 21.52 21.56 21.54 21.57 21.57 21.60 21.66 21.67 21.63 21.62 21.65 21.64 21.68 21.81 21.82 21.76 21.77 21.71 21.70 21.67 21.72 21.74 21.68 21.67 21.69 21.68 21.64 21.60 21.59 21.54 21.61 21.66 21.56 21.55 21.45 21.57 21.46 21.65 21.57 21.54 21.57
21.35 21.71 22.02 21.78 21.65 21.81 21.52 21.46 21.43 21.50 21.54 21.64 21.79 21.79 21.80 21.74 21.77 21.70 21.66 21.69 21.76 21.76 21.84 21.81 21.75 21.71 21.90 21.87 21.88 21.88 21.82 21.73 21.80 21.79 21.80 21.69 21.62 21.57 21.57 21.58 21.56 21.64 21.73 21.72 21.65 21.65 21.58 21.68 21.73 21.73 21.83 21.70 21.69 21.68 21.65 21.69 21.67 21.57 21.63 21.69 21.63 21.80 21.63 21.57 21.52 21.48 21.52 21.57 21.49 21.43 21.46 21.40 21.09 21.53 21.54 21.52 21.50
21.48 21.59 21.54 21.77 21.82 21.71 21.72 21.67 21.50 21.46 21.50 21.49 21.60 21.62 21.65 21.66 21.72 21.64 21.63 21.59 21.56 21.75 21.77 21.77 21.76 21.72 21.71 21.75 21.71 21.64 21.63 21.62 21.62 21.72 21.73 21.72 21.76 21.62 21.53 21.48 21.53 21.55 21.62 21.65 21.64 21.74 21.67 21.59 21.55 21.60 21.66 21.67 21.69 21.69 21.66 21.65 21.62 21.70 21.59 21.70 21.73 21.72 21.63 21.52 21.50 21.50 21.51 21.50 21.40 21.39 21.33 21.54 21.44 21.45 21.51 21.48 21.50
21.56 21.59 21.38 21.55 21.77 21.62 21.53 21.55 21.49 21.45 21.45 21.45 21.45 21.49 21.51 21.61 21.76 21.63 21.65 21.64 21.58 21.55 21.55 21.55 21.55 21.64 21.69 21.70 21.68 21.60 21.74 21.60 21.59 21.77 21.85 21.86 21.84 21.73 21.58 21.50 21.50 21.52 21.55 21.57 21.59 21.65 21.83 21.67 21.50 21.61 21.65 21.64 21.65 21.64 21.63 21.78 21.62 21.73 21.63 21.76 21.79 21.79 21.64 21.50 21.50 21.50 21.45 21.40 21.35 21.36 21.32 21.35 21.29 21.36 21.41 21.46 21.51
21.40 21.43 21.42 21.51 21.45 21.57 21.53 21.60 21.56 21.52 21.51 21.49 21.47 21.51 21.52 21.51 21.59 21.57 21.55 21.59 21.47 21.44 21.44 21.51 21.51 21.56 21.54 21.58 21.69 21.70 21.59 21.56 21.75 21.63 21.68 21.63 21.65 21.55 21.52 21.47 21.52 21.48 21.49 21.51 21.52 21.50 21.55 21.49 21.45 21.53 21.60 21.57 21.63 21.58 21.63 21.70 21.69 21.77 21.87 21.83 21.86 21.81 21.60 21.55 21.48 21.43 21.35 21.33 21.41 21.40 21.26 21.14 21.35 21.34 21.37 21.42 21.44
21.27 21.37 21.32 21.45 21.43 21.47 21.45 21.56 21.50 21.53 21.57 21.58 21.56 21.49 21.50 21.48 21.40 21.44 21.47 21.45 21.42 21.37 21.38 21.46 21.49 21.48 21.60 21.55 21.59 21.62 21.63 21.56 21.57 21.62 21.59 21.52 21.48 21.44 21.43 21.46 21.49 21.45 21.53 21.56 21.54 21.56 21.52 21.53 21.56 21.53 21.52 21.49 21.54 21.53 21.57 21.59 21.81 21.80 21.84 21.81 21.79 21.75 21.60 21.49 21.47 21.42 21.38 21.37 21.44 21.32 21.37 21.30 21.00 21.26 21.33 21.49 21.52
21.28 21.25 21.34 21.27 21.35 21.53 21.39 21.32 21.46 21.59 21.59 21.60 21.54 21.48 21.52 21.50 21.48 21.42 21.45 21.45 21.34 21.35 21.29 21.41 21.47 21.44 21.47 21.49 21.55 21.51 21.48 21.51 21.53 21.55 21.53 21.52 21.49 21.45 21.42 21.41 21.42 21.47 21.49 21.48 21.46 21.50 21.57 21.62 21.62 21.50 21.47 21.44 21.48 21.47 21.50 21.54 21.64 21.68 21.75 21.77 21.80 21.74 21.68 21.48 21.48 21.39 21.37 21.33 21.33 21.12 20.95 21.24 21.06 21.11 21.39 21.41 21.43
21.16 21.16 21.21 21.30 21.28 21.30 21.61 21.46 21.26 21.52 21.48 21.50 21.44 21.48 21.57 21.53 21.47 21.48 21.44 21.42 21.37 21.33 21.34 21.30 21.30 21.43 21.51 21.47 21.49 21.52 21.54 21.55 21.51 21.41 21.53 21.52 21.51 21.50 21.46 21.40 21.38 21.37 21.40 21.46 21.43 21.46 21.48 21.53 21.62 21.55 21.48 21.53 21.45 21.44 21.47 21.51 21.49 21.62 21.71 21.76 21.71 21.64 21.54 21.48 21.50 21.49 21.46 21.49 21.49 21.35 21.38 20.99 21.37 21.30 21.29 21.32 21.38
21.01 20.89 20.97 21.12 21.10 21.16 21.17 21.45 21.44 21.25 21.37 21.39 21.40 21.46 21.48 21.52 21.52 21.52 21.43 21.44 21.39 21.36 21.30 21.31 21.33 21.45 21.51 21.53 21.54 21.58 21.59 21.53 21.46 21.39 21.43 21.45 21.49 21.47 21.46 21.38 21.36 21.38 21.36 21.39 21.37 21.41 21.45 21.44 21.50 21.53 21.50 21.48 21.42 21.44 21.44 21.54 21.50 21.46 21.55 21.63 21.61 21.59 21.55 21.52 21.46 21.42 21.47 21.54 21.65 21.56 21.52 21.32 21.42 21.28 21.33 21.36 21.37
21.38 20.99 20.92 20.86 20.97 21.14 21.07 21.14 21.26 21.19 21.22 21.35 21.24 21.37 21.39 21.51 21.53 21.51 21.52 21.42 21.45 21.51 21.51 21.41 21.37 21.44 21.50 21.48 21.59 21.61 21.66 21.65 21.54 21.47 21.48 21.45 21.44 21.46 21.40 21.31 21.33 21.37 21.33 21.29 21.30 21.27 21.33 21.44 21.51 21.49 21.57 21.53 21.55 21.51 21.43 21.47 21.48 21.47 21.51 21.52 21.46 21.43 21.56 21.55 21.55 21.47 21.36 21.47 21.56 21.53 21.51 21.39 21.40 21.33 21.31 21.29 21.33
21.11 21.10 20.81 20.93 21.08 21.03 21.11 21.09 21.07 21.27 21.26 21.39 21.28 21.29 21.33 21.47 21.47 21.50 21.44 21.37 21.49 21.63 21.49 21.40 21.37 21.41 21.53 21.55 21.65 21.68 21.68 21.63 21.61 21.58 21.55 21.53 21.52 21.49 21.44 21.31 21.35 21.28 21.28 21.28 21.22 21.18 21.22 21.28 21.41 21.48 21.57 21.59 21.57 21.66 21.62 21.47 21.38 21.46 21.45 21.47 21.52 21.40 21.33 21.40 21.57 21.56 21.52 21.51 21.45 21.37 21.41 21.46 21.42 21.30 21.30 21.27 21.28
20.62 20.60 20.64 20.79 20.87 20.87 20.89 20.98 20.89 21.06 21.17 21.11 21.26 21.24 21.33 21.41 21.52 21.41 21.44 21.43 21.50 21.51 21.43 21.49 21.31 21.42 21.51 21.55 21.65 21.70 21.71 21.64 21.56 21.52 21.51 21.47 21.52 21.48 21.44 21.35 21.28 21.27 21.36 21.27 21.22 21.16 21.20 21.30 21.39 21.31 21.41 21.42 21.45 21.52 21.59 21.56 21.46 21.45 21.41 21.36 21.30 21.24 21.20 21.19 21.27 21.38 21.43 21.45 21.32 21.32 21.31 21.42 21.34 21.30 21.31 21.24 21.26
20.28 20.36 20.13 20.30 20.51 20.58 20.71 21.02 20.80 20.70 20.84 21.02 21.29 21.17 21.15 21.17 21.29 21.40 21.35 21.42 21.37 21.33 21.47 21.57 21.51 21.48 21.43 21.48 21.50 21.51 21.66 21.62 21.62 21.57 21.47 21.47 21.49 21.48 21.48 21.43 21.34 21.36 21.45 21.39 21.33 21.29 21.23 21.27 21.31 21.28 21.32 21.38 21.45 21.45 21.45 21.43 21.46 21.42 21.32 21.35 21.21 21.11 21.10 21.16 21.14 21.03 21.05 21.12 21.27 21.34 21.31 21.28 21.31 21.24 21.34 21.21 21.22
20.37 20.28 19.82 19.80 20.21 20.15 20.27 20.79 20.81 20.90 20.94 21.02 20.98 21.05 21.22 21.11 21.19 21.29 21.16 21.26 21.25 21.37 21.47 21.46 21.63 21.65 21.51 21.42 21.51 21.40 21.46 21.51 21.47 21.40 21.46 21.41 21.36 21.41 21.46 21.47 21.49 21.34 21.47 21.43 21.48 21.50 21.46 21.38 21.29 21.37 21.45 21.27 21.31 21.45 21.54 21.50 21.46 21.46 21.32 21.22 21.18 21.02 21.05 21.05 20.97 20.91 20.89 20.86 20.93 21.15 21.21 21.26 21.29 21.31 21.24 21.23 21.17
19.98 20.04 20.15 20.18 19.68 20.08 20.09 20.47 20.68 20.82 20.98 20.95 21.12 21.00 21.10 20.97 21.01 21.30 21.24 21.17 21.01 21.18 21.33 21.38 21.50 21.52 21.63 21.37 21.31 21.44 21.41 21.28 21.45 21.33 21.41 21.32 21.31 21.37 21.36 21.40 21.49 21.43 21.43 21.42 21.47 21.42 21.37 21.32 21.32 21.34 21.33 21.27 21.34 21.43 21.48 21.50 21.41 21.51 21.43 21.28 21.15 21.00 20.92 20.85 20.82 20.81 20.77 20.79 20.82 20.93 21.00 21.02 21.14 21.20 21.20 21.22 21.16
20.58 19.98 20.03 19.96 20.07 20.11 19.94 20.33 20.33 20.35 20.72 20.67 21.03 21.43 21.15 20.75 20.77 21.17 21.16 21.14 21.03 20.96 21.14 21.24 21.44 21.48 21.43 21.43 21.18 21.22 21.46 21.27 21.38 21.37 21.30 21.36 21.29 21.37 21.38 21.31 21.40 21.45 21.45 21.44 21.45 21.41 21.33 21.29 21.24 21.35 21.31 21.36 21.39 21.46 21.53 21.51 21.43 21.57 21.45 21.22 21.16 21.11 20.99 20.90 20.89 20.79 20.76 20.72 20.74 20.89 20.89 20.94 21.00 20.99 21.05 21.09 21.10
20.64 20.37 19.98 20.00 19.93 20.40 20.27 19.90 19.99 20.07 20.21 20.40 20.69 21.22 21.44 21.25 20.74 20.67 20.98 21.23 21.01 20.85 21.19 20.96 21.31 21.55 21.46 21.39 21.44 21.34 21.25 21.57 21.39 21.25 21.32 21.42 21.38 21.37 21.43 21.39 21.38 21.42 21.49 21.49 21.48 21.45 21.47 21.40 21.26 21.33 21.36 21.41 21.47 21.44 21.47 21.54 21.53 21.53 21.26 21.19 21.13 21.04 21.04 20.91 20.84 20.82 20.74 20.90 20.90 20.88 20.95 20.95 20.93 20.93 20.85 20.95 21.00
19.88 20.90 20.22 20.11 20.17 20.24 20.31 19.83 19.72 19.83 20.29 20.41 20.08 20.74 21.16 21.36 21.38 20.64 20.63 21.05 21.06 21.00 21.09 21.28 21.05 21.19 21.36 21.39 21.54 21.52 21.43 21.56 21.33 21.30 21.24 21.32 21.38 21.27 21.43 21.27 21.43 21.48 21.45 21.41 21.40 21.41 21.43 21.46 21.39 21.27 21.30 21.36 21.45 21.51 21.65 21.66 21.59 21.51 21.24 21.26 21.21 21.16 21.16 21.03 21.05 20.91 20.84 20.86 20.98 21.12 21.06 21.03 20.98 20.98 20.88 20.79 20.70
19.75 20.06 20.85 20.44 19.79 20.51 20.33 19.96 19.50 20.03 20.28 20.11 20.45 20.27 20.77 21.14 21.12 21.25 20.70 20.55 20.52 20.99 21.07 21.17 21.26 21.31 21.08 21.31 21.57 21.55 21.44 21.53 21.53 21.54 21.38 21.17 21.35 21.45 21.36 21.40 21.34 21.35 21.57 21.50 21.45 21.45 21.38 21.42 21.42 21.41 21.40 21.42 21.48 21.57 21.65 21.71 21.66 21.50 21.50 21.37 21.23 21.18 21.12 21.16 21.23 20.95 20.95 20.94 20.98 21.00 21.04 21.05 21.04 21.08 20.97 20.82 20.64
19.81 19.59 20.16 20.69 20.06 20.05 20.41 20.11 20.20 19.82 20.26 20.02 20.12 20.37 20.64 20.89 20.59 21.19 20.93 20.69 20.72 20.87 20.95 20.99 21.21 21.52 21.34 21.35 21.38 21.53 21.56 21.46 21.53 21.54 21.53 21.23 21.31 21.34 21.52 21.51 21.42 21.50 21.40 21.40 21.53 21.56 21.51 21.51 21.56 21.61 21.54 21.57 21.61 21.62 21.54 21.69 21.68 21.62 21.45 21.40 21.20 21.19 21.13 21.16 21.05 20.94 20.92 20.83 20.78 20.83 20.94 20.91 20.89 20.91 20.82 20.82 20.78
19.73 19.88 19.57 19.97 20.00 19.77 19.79 19.62 20.06 19.92 20.39 20.17 20.25 20.27 20.43 20.56 20.78 20.76 21.10 20.77 20.79 20.52 20.81 20.72 21.04 21.44 21.54 21.63 21.45 21.56 21.46 21.39 21.45 21.47 21.42 21.40 21.31 21.29 21.47 21.64 21.51 21.41 21.48 21.40 21.52 21.59 21.64 21.61 21.71 21.75 21.74 21.71 21.67 21.67 21.50 21.60 21.62 21.58 21.56 21.58 21.50 21.46 21.50 21.56 21.44 21.43 21.48 21.33 21.35 21.18 21.19 21.01 20.81 20.78 20.78 20.75 20.73
19.02 19.94 19.99 19.52 20.11 19.72 19.61 19.49 19.64 19.46 20.13 20.41 20.29 20.18 20.19 20.44 20.40 20.49 20.88 21.10 21.13 20.51 20.72 20.91 20.87 21.35 21.36 21.65 21.56 21.42 21.57 21.53 21.48 21.51 21.55 21.39 21.44 21.32 21.37 21.54 21.52 21.51 21.68 21.57 21.40 21.48 21.56 21.47 21.56 21.65 21.68 21.66 21.65 21.62 21.54 21.44 21.46 21.48 21.51 21.55 21.66 21.60 21.52 21.55 21.56 21.51 21.52 21.44 21.39 21.43 21.28 21.40 21.20 21.02 21.01 20.85 20.80
18.71 18.52 19.88 19.59 19.65 19.67 19.75 19.22 18.91 19.27 19.38 20.16 20.02 20.03 20.49 20.42 20.59 20.45 20.45 20.81 21.24 20.87 20.68 20.53 20.52 20.97 20.91 21.43 21.48 21.55 21.47 21.58 21.65 21.63 21.61 21.51 21.30 21.54 21.42 21.45 21.44 21.52 21.62 21.46 21.54 21.52 21.52 21.48 21.52 21.33 21.43 21.54 21.56 21.59 21.55 21.46 21.43 21.42 21.55 21.49 21.43 21.57 21.57 21.54 21.55 21.53 21.50 21.55 21.49 21.44 21.33 21.35 21.35 21.20 21.19 21.14 21.09
19.57 18.38 19.03 19.72 19.92 19.39 19.82 19.39 19.40 19.00 19.20 19.23 19.62 19.86 20.23 20.31 20.44 20.45 20.22 20.66 20.75 20.85 20.45 20.35 20.61 20.92 20.70 20.77 21.23 21.55 21.54 21.51 21.54 21.53 21.68 21.59 21.48 21.23 21.36 21.52 21.49 21.30 21.45 21.55 21.55 21.48 21.61 21.38 21.39 21.35 21.39 21.49 21.33 21.52 21.58 21.65 21.60 21.41 21.46 21.45 21.34 21.43 21.52 21.42 21.49 21.48 21.49 21.56 21.52 21.48 21.29 21.36 21.40 21.30 21.19 21.17 21.05
19.45 19.30 18.60 18.75 19.84 20.21 19.71 19.68 18.66 18.51 18.96 19.46 19.03 19.16 18.97 20.08 20.30 20.38 20.53 20.21 20.54 20.68 20.90 20.44 20.89 20.78 21.10 20.32 20.89 21.13 21.31 21.33 21.38 21.63 21.41 21.40 21.39 21.39 21.17 21.26 21.39 21.45 21.46 21.36 21.48 21.46 21.51 21.43 21.34 21.32 21.38 21.40 21.34 21.27 21.48 21.59 21.59 21.48 21.50 21.56 21.58 21.36 21.44 21.39 21.44 21.47 21.52 21.47 21.45 21.47 21.44 21.37 21.41 21.38 21.35 21.25 21.18
19.18 19.50 19.12 17.81 18.63 19.54 19.05 19.73 18.87 18.31 18.60 18.76 19.26 19.73 19.41 19.57 20.15 19.74 20.26 20.57 20.16 20.84 20.90 20.80 20.83 20.80 20.77 20.94 20.68 20.86 21.02 20.83 21.15 21.36 21.33 21.25 21.31 21.37 21.37 21.25 21.31 21.38 21.40 21.33 21.36 21.34 21.51 21.48 21.32 21.33 21.37 21.34 21.15 21.38 21.33 21.58 21.53 21.56 21.42 21.50 21.57 21.34 21.43 21.39 21.33 21.38 21.44 21.47 21.48 21.47 21.44 21.45 21.40 21.40 21.45 21.39 21.31
