main/data/irradiance/18.09.2023.grid
ncols 839
nrows 679
xllcenter 112.0500
yllcenter -43.9500
cellsize 0.0500
nodata_value 99999.90
[rows 374 to 407 of 679, columns 539 to 615 of 839]
21.44 21.75 21.71 21.72 21.81 21.89 21.91 21.91 21.89 21.88 21.98 22.00 21.96 21.99 21.93 21.91 21.88 21.79 21.84 21.90 21.89 21.88 21.89 21.78 21.81 21.88 21.86 21.82 21.87 21.88 21.96 21.89 21.88 21.87 21.83 21.83 21.88 21.88 21.87 21.77 21.78 21.83 21.82 21.82 21.81 21.83 21.80 21.80 21.70 21.71 21.74 21.77 21.75 21.75 21.80 21.74 21.76 21.79 21.79 21.82 21.79 21.71 21.62 21.77 21.91 22.02 21.79 21.73 22.22 21.91 21.72 21.69 21.78 21.67 21.76 21.65 21.59
21.30 21.79 21.80 21.81 21.84 21.84 21.91 21.89 21.97 21.95 21.88 21.76 21.96 21.91 21.87 21.87 21.82 21.81 21.73 21.81 21.85 21.88 21.87 21.71 21.79 21.85 21.80 21.78 21.87 21.89 21.95 21.87 21.79 21.81 21.81 21.83 21.78 21.84 21.89 21.75 21.76 21.82 21.83 21.84 21.83 21.83 21.74 21.74 21.69 21.73 21.65 21.70 21.72 21.67 21.68 21.65 21.88 21.74 21.80 21.82 21.77 21.71 21.69 21.78 21.80 21.75 21.73 21.74 21.62 21.73 21.64 21.60 21.69 21.64 21.64 21.65 21.71
22.07 21.93 21.93 21.90 21.87 21.93 21.97 21.93 21.80 21.81 21.96 22.06 22.05 21.95 21.93 21.86 21.79 21.84 21.79 21.84 21.86 21.84 21.81 21.68 21.75 21.74 21.71 21.69 21.80 21.83 21.87 21.89 21.79 21.87 21.92 21.81 21.79 21.89 21.91 21.75 21.78 21.82 21.74 21.84 21.77 21.73 21.78 21.75 21.74 21.83 21.73 21.67 21.69 21.66 21.49 21.71 21.70 21.69 21.67 21.79 21.72 21.79 21.67 21.69 21.70 21.75 21.62 21.57 21.71 21.65 21.55 21.61 21.60 21.67 21.68 21.84 21.83
21.85 22.02 22.14 21.95 21.88 21.90 22.02 21.97 22.01 21.53 22.03 22.06 22.00 21.93 21.98 21.87 21.75 21.78 21.75 21.83 21.82 21.78 21.73 21.64 21.74 21.70 21.71 21.61 21.75 21.79 21.78 21.74 21.73 21.75 21.84 21.79 21.71 21.86 21.82 21.70 21.69 21.72 21.72 21.82 21.72 21.67 21.81 21.70 21.78 21.80 21.78 21.58 21.53 21.56 21.62 21.72 21.66 21.68 21.60 21.59 21.59 21.81 21.65 21.61 21.96 21.94 21.69 21.61 21.81 21.78 21.57 21.57 21.58 21.57 21.78 22.00 21.91
21.96 22.19 22.17 22.08 21.96 21.98 21.98 22.06 22.11 22.17 22.16 21.90 21.93 21.87 21.90 21.76 21.81 21.77 21.77 21.82 21.85 21.78 21.70 21.67 21.68 21.69 21.72 21.67 21.78 21.77 21.75 21.75 21.64 21.67 21.72 21.71 21.61 21.92 21.87 21.72 21.68 21.70 21.65 21.71 21.70 21.71 21.82 21.72 21.74 21.76 21.73 21.58 21.52 21.52 21.67 21.68 21.54 21.62 21.55 21.61 21.78 21.71 21.61 21.62 21.71 21.64 21.81 21.90 21.75 22.00 21.62 21.45 21.59 21.52 21.65 21.80 21.65
21.87 22.05 22.23 22.07 21.95 21.94 21.80 22.27 22.20 22.05 22.13 21.96 21.79 21.92 21.91 21.88 21.77 21.77 21.78 21.78 21.87 21.77 21.72 21.62 21.61 21.58 21.68 21.75 21.82 21.81 21.87 21.79 21.61 21.57 21.71 21.61 21.60 21.79 21.81 21.70 21.66 21.79 21.73 21.69 21.69 21.69 21.74 21.69 21.77 21.82 21.64 21.60 21.71 21.56 21.55 21.63 21.64 21.71 21.65 21.77 21.77 21.68 21.65 21.65 21.59 21.53 21.57 21.95 22.18 22.01 21.76 21.55 21.53 21.49 21.71 21.79 21.39
22.17 22.17 22.16 22.18 21.92 21.71 21.94 22.15 21.80 21.85 22.06 22.06 22.00 21.91 21.80 21.83 21.77 21.72 21.77 21.89 21.87 21.77 21.71 21.62 21.57 21.61 21.73 21.82 21.81 21.75 21.80 21.77 21.58 21.53 21.65 21.65 21.63 21.77 21.78 21.77 21.66 21.71 21.69 21.61 21.61 21.64 21.72 21.73 21.68 21.75 21.70 21.67 21.75 21.69 21.68 21.74 21.79 21.79 21.78 21.89 21.79 21.79 21.78 21.77 21.68 21.63 21.73 21.90 22.07 22.15 22.02 21.61 21.46 21.57 21.54 21.76 21.61
22.03 22.10 22.12 22.11 22.02 22.02 22.11 22.03 21.65 21.91 22.13 22.17 22.14 22.01 21.89 21.87 21.83 21.78 21.76 21.85 21.97 21.84 21.71 21.74 21.74 21.69 21.69 21.77 21.80 21.78 21.80 21.73 21.61 21.54 21.58 21.63 21.70 21.73 21.74 21.71 21.66 21.67 21.70 21.63 21.46 21.53 21.63 21.67 21.70 21.73 21.72 21.66 21.66 21.66 21.76 21.82 21.81 21.80 21.83 21.76 21.69 21.66 21.62 21.70 21.73 21.73 21.70 21.77 21.93 22.01 21.93 21.62 21.63 21.53 21.61 21.70 21.67
21.93 21.91 21.96 22.01 22.07 22.11 22.16 22.04 21.85 21.76 22.25 22.39 22.38 22.41 22.19 21.86 21.79 21.79 21.79 21.86 21.97 21.80 21.66 21.71 21.65 21.73 21.74 21.72 21.76 21.71 21.73 21.64 21.57 21.55 21.60 21.57 21.57 21.70 21.76 21.73 21.70 21.66 21.60 21.63 21.61 21.64 21.54 21.58 21.67 21.70 21.68 21.62 21.61 21.69 21.78 21.76 21.69 21.64 21.68 21.61 21.60 21.59 21.52 21.49 21.59 21.64 21.62 21.68 21.68 21.80 21.62 21.55 21.53 21.60 21.55 21.61 21.72
21.93 21.82 21.91 21.93 22.03 22.04 21.96 22.12 21.93 22.02 22.19 22.21 22.17 22.24 22.27 22.15 21.88 21.82 21.82 22.03 21.98 21.77 21.69 21.69 21.71 21.77 21.71 21.71 21.73 21.71 21.78 21.71 21.63 21.64 21.65 21.62 21.61 21.65 21.65 21.66 21.68 21.63 21.58 21.52 21.56 21.65 21.71 21.70 21.63 21.69 21.75 21.77 21.81 21.72 21.79 21.77 21.65 21.58 21.47 21.59 21.60 21.42 21.46 21.43 21.59 21.60 21.60 21.68 21.71 21.65 21.48 21.49 21.48 21.44 21.53 21.57 21.63
21.86 21.87 21.89 21.95 22.00 21.99 22.00 22.00 22.01 22.20 22.19 22.19 22.21 22.09 22.13 22.21 22.27 21.74 21.82 22.00 21.99 21.84 21.72 21.66 21.65 21.77 21.77 21.74 21.71 21.69 21.73 21.70 21.59 21.64 21.73 21.67 21.73 21.62 21.59 21.60 21.62 21.57 21.60 21.58 21.55 21.64 21.70 21.69 21.63 21.67 21.70 21.73 21.77 21.72 21.75 21.65 21.52 21.54 21.39 21.45 21.53 21.51 21.51 21.33 21.52 21.62 21.59 21.55 21.61 21.65 21.57 21.45 21.49 21.35 21.49 21.58 21.52
21.85 21.88 21.95 21.91 21.93 21.93 21.97 21.94 22.04 22.10 22.10 22.12 22.17 22.23 22.13 22.15 22.22 21.15 21.64 21.89 22.05 21.85 21.78 21.62 21.60 21.80 21.79 21.75 21.78 21.73 21.72 21.77 21.60 21.58 21.64 21.69 21.66 21.59 21.66 21.71 21.63 21.57 21.58 21.58 21.56 21.61 21.69 21.62 21.68 21.69 21.72 21.78 21.79 21.81 21.74 21.63 21.71 21.60 21.53 21.46 21.56 21.52 21.46 21.36 21.49 21.63 21.62 21.54 21.49 21.54 21.43 21.42 21.46 21.45 21.51 21.58 21.45
21.84 21.94 21.86 21.78 21.73 21.83 21.83 21.86 22.00 22.02 22.01 22.01 21.93 22.04 22.20 22.09 21.87 21.84 21.74 21.83 21.98 21.84 21.71 21.67 21.66 21.75 21.74 21.77 21.79 21.66 21.67 21.73 21.66 21.61 21.53 21.61 21.61 21.54 21.57 21.64 21.65 21.59 21.54 21.62 21.56 21.57 21.75 21.69 21.73 21.67 21.71 21.71 21.62 21.67 21.67 21.63 21.62 21.56 21.56 21.61 21.68 21.52 21.44 21.48 21.55 21.61 21.56 21.46 21.44 21.36 21.42 21.53 21.68 21.57 21.67 21.54 21.61
21.77 21.86 21.82 21.69 21.78 21.81 21.80 21.79 21.85 21.93 21.84 21.82 21.90 22.01 22.01 22.03 22.03 21.94 21.70 21.90 22.03 21.66 21.36 21.74 21.72 21.73 21.72 21.87 21.79 21.66 21.60 21.65 21.68 21.63 21.60 21.57 21.48 21.47 21.52 21.58 21.60 21.51 21.50 21.57 21.54 21.54 21.59 21.70 21.68 21.74 21.69 21.67 21.59 21.64 21.65 21.52 21.67 21.59 21.78 21.75 21.71 21.53 21.36 21.40 21.57 21.53 21.48 21.53 21.53 21.46 21.56 21.50 21.43 21.63 21.72 21.76 21.77
21.91 21.89 21.72 21.87 21.82 21.90 21.88 21.86 21.88 21.94 21.83 21.91 21.99 21.98 21.86 21.99 21.98 21.96 21.91 21.97 21.87 21.77 21.71 21.64 21.61 21.63 21.69 21.70 21.70 21.68 21.61 21.64 21.64 21.57 21.60 21.55 21.38 21.40 21.44 21.49 21.53 21.46 21.47 21.60 21.52 21.50 21.48 21.59 21.65 21.70 21.76 21.73 21.64 21.77 21.80 21.76 21.85 21.89 21.82 21.64 21.60 21.59 21.24 21.31 21.57 21.49 21.15 21.35 21.49 21.47 21.46 21.45 21.36 21.68 21.62 21.66 21.88
21.87 21.89 21.73 21.84 21.95 21.87 21.88 21.86 21.96 21.82 21.72 21.85 21.77 21.85 21.80 21.95 22.01 22.05 22.00 21.66 21.70 21.79 21.63 21.62 21.58 21.59 21.61 21.59 21.61 21.59 21.56 21.50 21.44 21.44 21.45 21.39 21.37 21.45 21.47 21.46 21.43 21.42 21.51 21.46 21.46 21.49 21.53 21.56 21.54 21.68 21.84 21.77 21.64 21.91 21.96 21.78 21.84 21.73 21.73 21.75 21.70 21.53 21.41 21.48 21.47 21.20 21.18 21.45 21.47 21.47 21.52 21.54 21.22 21.20 21.42 21.63 21.75
21.84 21.84 21.79 21.87 21.90 21.81 21.87 21.78 21.87 21.84 21.71 21.78 21.82 21.83 21.90 21.86 21.81 21.86 21.92 21.77 21.62 21.73 21.67 21.63 21.50 21.07 21.54 21.52 21.53 21.53 21.47 21.48 21.52 21.53 21.44 21.36 21.46 21.47 21.47 21.48 21.40 21.39 21.49 21.43 21.41 21.49 21.59 21.58 21.62 21.85 21.90 21.99 21.80 21.85 21.86 21.84 21.78 21.62 21.63 21.51 21.58 21.48 21.58 21.52 21.51 21.29 21.24 21.26 21.38 21.39 21.39 21.47 21.18 20.94 21.24 21.46 21.60
21.89 21.90 21.87 21.91 21.86 21.82 21.87 21.86 21.86 21.90 21.77 21.75 21.85 21.83 21.79 21.79 21.72 21.70 21.77 21.58 21.06 21.27 20.51 20.72 21.24 21.50 21.54 21.52 21.49 21.54 21.53 21.54 21.57 21.60 21.52 21.54 21.47 21.48 21.48 21.44 21.45 21.41 21.44 21.38 21.31 21.38 21.54 21.55 21.75 21.86 21.80 21.82 21.67 21.76 21.79 21.86 21.74 21.62 21.62 21.60 21.64 21.62 21.58 21.41 21.37 21.24 21.40 21.34 21.37 21.34 21.36 21.46 21.40 21.07 21.20 21.43 21.64
21.96 21.80 21.88 21.81 21.83 21.83 21.83 21.89 21.79 21.70 21.75 21.92 21.86 21.99 21.77 21.75 21.74 21.66 21.66 21.56 20.18 20.50 20.18 21.11 21.66 21.61 21.60 21.61 21.60 21.58 21.56 21.61 21.61 21.59 21.57 21.54 21.48 21.44 21.46 21.46 21.43 21.37 21.44 21.40 21.35 21.38 21.49 21.69 21.73 21.81 21.83 21.93 21.88 21.83 21.78 21.90 21.74 21.73 21.74 21.56 21.55 21.53 21.48 21.36 21.31 21.33 21.38 21.33 21.37 21.39 21.10 21.58 21.48 21.39 21.37 21.62 21.62
21.84 21.76 21.78 21.73 21.75 21.75 21.74 21.78 21.66 21.70 21.78 21.93 21.86 21.85 21.71 21.67 21.67 21.69 21.75 21.59 18.79 19.61 20.56 21.23 21.58 21.63 21.63 21.62 21.60 21.58 21.58 21.58 21.62 21.62 21.55 21.53 21.49 21.41 21.42 21.37 21.36 21.32 21.31 21.31 21.26 21.27 21.44 21.65 21.63 21.72 21.81 21.86 21.85 21.86 21.89 21.94 21.86 21.74 21.68 21.74 21.70 21.53 21.39 21.35 21.30 21.20 21.37 21.36 21.43 21.40 21.29 21.42 21.37 21.44 21.54 21.51 21.47
21.78 21.76 21.73 21.68 21.70 21.64 21.77 21.65 21.71 21.75 21.96 21.99 21.78 21.72 21.70 21.52 21.63 21.70 21.82 21.91 21.98 21.32 20.92 20.94 21.52 21.55 21.60 21.62 21.61 21.54 21.57 21.59 21.56 21.52 21.51 21.54 21.49 21.48 21.46 21.39 21.35 21.30 21.30 21.28 21.36 21.45 21.63 21.71 21.70 21.64 21.68 21.69 21.77 21.82 21.85 21.84 21.78 21.88 21.49 21.79 21.65 21.46 21.30 21.24 21.34 21.35 21.34 21.39 21.42 21.36 21.39 21.33 21.31 21.36 21.34 21.39 21.38
21.81 21.74 21.70 21.68 21.69 21.64 21.61 21.60 21.76 21.90 21.90 21.86 21.76 21.71 21.80 21.72 21.76 21.65 21.74 21.74 21.87 21.54 21.44 20.84 21.38 21.50 21.52 21.57 21.53 21.55 21.58 21.55 21.54 21.49 21.54 21.52 21.51 21.49 21.43 21.35 21.42 21.41 21.38 21.43 21.38 21.37 21.58 21.61 21.61 21.54 21.61 21.62 21.68 21.64 21.73 21.78 21.79 21.76 21.55 21.52 21.58 21.46 21.27 21.20 21.25 21.32 21.32 21.40 21.40 21.36 21.41 21.38 21.26 21.18 21.26 21.24 21.36
21.75 21.71 21.69 21.65 21.64 21.66 21.69 21.61 21.75 21.83 21.85 21.87 21.84 21.92 21.83 21.82 21.70 21.63 21.70 21.65 21.68 21.79 21.78 20.99 21.49 21.50 21.48 21.55 21.52 21.52 21.56 21.52 21.54 21.56 21.61 21.59 21.59 21.45 21.44 21.38 21.44 21.45 21.41 21.45 21.31 21.39 21.48 21.54 21.57 21.58 21.61 21.60 21.66 21.60 21.61 21.61 21.69 21.67 21.58 21.15 21.21 21.20 21.12 21.18 21.33 21.33 21.26 21.36 21.38 21.33 21.35 21.35 21.20 21.15 21.32 21.30 21.34
21.69 21.69 21.69 21.71 21.61 21.60 21.58 21.59 21.68 21.80 21.75 21.76 21.82 21.76 21.72 21.72 21.63 21.62 21.63 21.56 21.62 21.74 21.85 21.28 21.57 21.53 21.54 21.52 21.55 21.51 21.60 21.53 21.47 21.55 21.53 21.55 21.53 21.45 21.38 21.36 21.43 21.42 21.38 21.40 21.37 21.35 21.41 21.28 21.46 21.56 21.70 21.74 21.72 21.62 21.58 21.68 21.61 21.50 21.56 21.22 21.23 21.21 21.16 21.19 21.27 21.46 21.48 21.29 21.35 21.40 21.35 21.27 21.21 21.26 21.34 21.31 21.29
21.68 21.69 21.70 21.68 21.60 21.64 21.55 21.64 21.74 21.76 21.76 21.69 21.68 21.76 21.71 21.57 21.51 21.37 21.48 21.43 21.48 21.62 21.75 20.76 21.62 21.61 21.68 21.80 21.77 21.55 21.50 21.45 21.43 21.38 21.38 21.48 21.60 21.35 21.32 21.31 21.38 21.29 21.32 21.41 21.29 21.32 21.34 21.36 21.24 21.48 21.52 21.51 21.62 21.65 21.47 21.47 21.55 21.46 21.39 21.34 21.11 21.17 21.23 21.27 21.26 21.37 21.44 21.32 21.27 21.32 21.33 21.26 21.25 21.30 21.23 21.18 21.27
21.68 21.66 21.59 21.62 21.64 21.63 21.58 21.61 21.66 21.72 21.63 21.62 21.61 21.66 21.62 21.64 21.54 21.50 21.49 21.46 21.48 21.56 21.61 21.03 21.65 21.62 21.68 21.80 21.81 21.59 21.48 21.32 21.39 21.35 21.38 21.42 21.38 21.30 21.28 21.27 21.30 21.29 21.25 21.22 21.22 21.17 21.06 21.07 21.31 21.39 21.29 21.32 21.48 21.42 21.39 21.44 21.46 21.46 21.48 21.28 21.20 21.19 21.25 21.26 21.34 21.30 21.28 21.23 21.33 21.29 21.36 21.31 21.27 21.27 21.21 21.16 21.08
21.56 21.58 21.57 21.66 21.72 21.76 21.72 21.70 21.62 21.66 21.72 21.69 21.60 21.57 21.59 21.53 21.48 21.54 21.62 21.53 21.51 21.60 21.30 21.28 21.63 21.60 21.90 21.83 21.62 21.55 21.49 21.44 21.48 21.44 21.32 21.30 21.34 21.41 21.37 21.29 21.17 21.10 21.11 21.03 21.03 21.08 21.12 21.24 21.24 21.28 21.14 21.21 21.44 21.44 21.42 21.42 21.38 21.33 21.39 21.22 21.21 21.29 21.18 21.05 21.22 21.18 21.27 21.32 21.41 21.34 21.36 21.33 21.27 21.27 21.20 21.21 21.38
21.65 21.64 21.63 21.61 21.63 21.64 21.62 21.61 21.63 21.69 21.60 21.55 21.47 21.54 21.49 21.52 21.52 21.55 21.53 21.52 21.50 21.49 20.44 21.63 21.64 21.64 21.76 21.75 21.66 21.55 21.47 21.49 21.48 21.53 21.40 21.26 21.20 21.23 21.37 21.30 21.10 21.14 21.18 21.10 21.16 21.15 21.14 21.14 21.11 21.13 21.19 21.08 21.45 21.52 21.40 21.45 21.54 21.47 21.38 21.21 21.29 21.30 20.71 20.72 21.23 21.17 21.22 21.23 21.40 21.28 21.34 21.27 21.25 21.29 21.30 21.19 21.28
21.60 21.65 21.59 21.61 21.69 21.66 21.62 21.55 21.54 21.58 21.49 21.48 21.49 21.50 21.47 21.50 21.48 21.49 21.52 21.54 21.44 21.50 21.70 21.69 21.60 21.68 21.75 21.59 21.46 21.38 21.39 21.33 21.36 21.46 21.44 21.27 21.30 21.36 21.39 21.21 20.92 21.12 21.32 21.16 21.13 21.23 21.26 21.14 21.18 21.24 21.23 21.21 21.49 21.53 21.37 21.41 21.49 21.50 21.36 21.15 21.03 21.18 21.16 21.02 21.35 21.37 21.35 21.29 21.22 21.28 21.26 21.19 21.20 21.26 21.31 21.32 21.34
21.68 21.60 21.57 21.61 21.67 21.64 21.64 21.64 21.65 21.55 21.56 21.60 21.58 21.65 21.65 21.57 21.53 21.52 21.51 21.53 20.95 21.57 21.49 21.18 21.08 21.58 21.56 21.37 21.29 21.35 21.39 21.33 21.34 21.43 21.42 21.34 21.33 21.28 21.28 21.30 21.24 21.28 21.35 21.25 21.21 21.17 21.12 21.11 21.01 21.14 21.24 21.21 21.33 21.38 21.46 21.33 21.32 21.31 21.31 21.23 21.11 21.15 21.24 21.48 21.25 21.26 21.29 21.27 21.28 21.27 21.28 21.24 21.21 21.20 21.24 21.28 21.37
21.66 21.65 21.67 21.66 21.64 21.58 21.55 21.58 21.60 21.52 21.55 21.58 21.54 21.49 21.43 21.40 21.39 21.47 21.50 21.41 21.19 21.62 21.38 21.22 21.49 21.52 21.52 21.42 21.40 21.35 21.33 21.44 21.44 21.42 21.37 21.32 21.35 21.33 21.38 21.39 21.38 21.41 21.43 21.23 21.19 21.01 21.06 20.97 21.11 21.24 21.29 21.26 21.13 21.32 21.41 21.38 21.33 21.26 21.30 21.28 21.16 21.05 21.20 21.13 20.88 21.18 21.11 21.13 21.26 21.18 21.21 21.28 21.24 21.21 21.18 21.27 21.24
21.70 21.67 21.67 21.65 21.63 21.59 21.57 21.54 21.54 21.56 21.60 21.57 21.51 21.57 21.45 21.51 21.50 21.56 21.49 20.47 21.66 21.71 21.77 21.67 21.59 21.58 21.50 21.43 21.41 21.42 21.49 21.54 21.43 21.35 21.32 21.23 21.21 21.31 21.43 21.46 21.45 21.50 21.41 21.26 21.12 21.02 21.00 21.05 21.22 21.27 21.24 21.17 21.18 21.16 21.27 21.48 21.38 21.33 21.32 21.27 21.32 21.18 21.09 21.06 20.90 21.24 21.08 21.08 21.23 21.06 21.11 21.24 21.21 21.25 21.26 21.23 21.16
21.59 21.61 21.57 21.58 21.59 21.60 21.57 21.53 21.48 21.50 21.50 21.57 21.52 21.56 21.54 21.52 21.56 21.57 20.57 19.76 20.54 21.68 21.61 21.57 21.59 21.58 21.46 21.37 21.40 21.34 21.53 21.60 21.54 21.44 21.31 21.30 21.24 21.27 21.36 21.34 21.43 21.51 21.42 21.31 21.14 21.04 20.97 21.06 21.14 20.94 21.14 21.16 21.21 21.16 21.18 21.32 21.28 21.29 21.33 21.29 21.34 21.19 21.11 21.31 21.04 21.18 21.02 20.97 21.20 21.19 21.08 21.20 21.22 21.26 21.29 21.16 21.13
21.60 21.55 21.55 21.62 21.61 21.56 21.56 21.51 21.45 21.49 21.53 21.50 21.45 21.45 21.53 21.57 21.57 21.34 19.68 19.18 18.54 20.99 21.55 21.45 21.64 21.57 21.19 21.39 21.39 21.33 21.46 21.54 21.60 21.43 21.30 21.27 21.29 21.24 21.26 21.25 21.43 21.57 21.48 21.30 21.18 21.09 21.12 21.10 21.07 21.11 21.03 21.08 21.17 21.25 21.31 21.24 21.18 21.33 21.37 21.38 21.34 21.30 21.25 21.60 21.44 21.37 21.32 21.28 21.22 21.31 21.24 21.26 21.16 21.26 21.31 21.18 21.18
