main/data/irradiance/18.02.2023.grid
ncols 839
nrows 679
xllcenter 112.0500
yllcenter -43.9500
cellsize 0.0500
nodata_value 99999.90
[rows 306 to 339 of 679, columns 154 to 230 of 839]
25.22 25.60 23.45 23.80 25.53 26.47 26.41 24.50 22.94 21.02 19.71 20.28 22.35 24.67 21.01 22.23 22.57 23.93 23.60 23.11 25.97 25.91 24.29 24.07 23.70 23.41 22.68 22.65 21.90 23.46 25.06 25.43 24.86 25.45 26.27 25.50 26.42 26.31 27.04 26.80 27.56 27.32 27.20 26.91 27.61 27.44 26.28 26.22 26.26 26.96 27.11 26.36 27.55 27.39 27.04 27.60 27.57 27.22 27.25 27.45 27.33 27.00 27.38 27.28 26.68 26.46 25.73 25.94 26.44 26.08 24.20 25.03 26.24 24.90 24.07 23.99 22.86
24.81 26.38 23.56 23.59 24.21 24.83 23.33 22.59 24.52 23.94 21.95 22.19 21.95 23.15 22.52 23.41 23.66 22.95 23.92 23.31 26.06 26.29 25.21 25.21 23.91 23.46 22.31 22.74 21.65 24.96 25.19 26.18 26.34 26.66 25.80 26.07 26.65 26.84 25.96 27.15 27.78 27.47 27.14 27.20 27.48 27.62 27.56 27.23 27.49 27.04 26.54 27.22 27.07 27.34 26.92 27.12 27.24 27.52 27.25 27.26 27.30 26.67 27.51 27.11 25.91 24.80 26.36 26.49 26.97 26.39 25.63 25.96 26.36 26.23 24.33 24.51 23.45
25.74 26.64 24.22 23.39 24.79 23.75 21.79 23.54 22.45 23.48 22.16 22.55 22.50 22.19 23.96 24.98 24.28 24.88 22.70 22.68 24.21 24.80 25.15 25.41 25.21 24.88 23.49 23.16 24.18 24.50 25.10 25.42 25.82 25.61 23.76 25.82 27.14 26.22 26.88 27.22 27.21 27.41 27.43 26.67 26.94 27.46 27.02 27.46 27.04 27.57 27.20 27.37 27.64 27.08 27.01 27.06 27.58 27.51 27.27 27.33 27.28 27.08 27.22 26.99 26.62 26.28 26.63 26.28 25.83 27.50 25.63 24.89 25.28 25.61 24.77 25.25 24.50
26.18 24.13 23.04 23.28 24.47 24.44 23.89 24.55 23.98 24.64 22.40 23.27 23.41 22.22 23.61 24.64 23.94 23.97 23.50 24.09 24.97 24.24 25.39 25.72 25.05 25.01 23.75 22.84 24.20 25.47 25.42 26.30 25.99 25.67 24.07 25.69 26.26 26.63 27.52 26.81 26.27 27.43 27.56 27.01 27.17 27.33 27.18 27.25 27.36 27.36 27.55 27.25 27.54 27.47 27.48 27.49 27.38 27.40 27.27 27.39 27.52 27.30 26.89 27.11 26.34 26.38 25.99 25.83 26.62 26.19 26.84 24.99 24.19 26.14 24.92 24.79 24.66
24.72 23.86 24.15 23.81 25.82 25.59 24.75 23.16 22.54 23.22 22.52 21.88 24.87 24.39 24.33 25.33 24.23 25.06 24.20 24.39 25.09 24.59 24.83 25.66 24.09 24.70 24.27 24.19 26.14 27.09 25.96 27.00 25.80 24.80 23.34 24.37 26.23 25.37 26.32 26.30 27.28 27.53 27.16 26.77 26.76 26.71 27.60 27.58 26.83 27.20 27.70 27.10 27.20 27.68 27.51 27.13 26.94 26.66 26.73 27.40 26.79 26.85 27.00 26.90 26.04 25.64 25.12 25.32 26.11 25.57 26.22 25.40 25.37 26.06 24.46 23.48 24.90
23.60 23.82 23.79 24.64 26.17 26.87 24.70 22.55 22.18 22.09 19.87 21.28 21.02 20.97 21.23 23.54 24.59 24.09 23.37 23.22 25.31 23.96 24.79 25.32 22.00 24.16 24.11 23.37 25.90 25.79 26.73 26.43 24.59 26.17 24.36 25.90 25.12 24.90 26.03 26.79 27.08 26.58 26.85 26.46 26.74 26.61 27.20 27.67 27.08 26.83 27.09 27.07 26.41 27.54 27.20 27.14 27.21 26.49 26.36 27.13 27.21 27.63 26.34 26.34 27.07 25.73 25.09 25.85 25.56 25.99 25.38 25.23 24.68 26.47 25.48 24.59 24.38
23.53 25.37 23.96 24.88 26.11 26.67 24.73 21.84 23.63 21.15 20.81 19.07 19.55 18.04 21.57 23.50 24.03 21.97 22.83 22.79 24.39 24.29 25.61 24.86 23.44 24.23 23.69 24.88 23.55 25.74 26.58 25.50 25.58 24.60 25.29 25.84 25.91 26.21 26.02 26.73 27.79 26.98 26.72 26.76 27.22 26.65 26.62 27.57 26.99 26.84 27.27 27.04 26.47 27.37 27.13 27.20 26.78 25.49 26.83 26.78 26.66 27.13 26.08 26.39 27.00 25.91 24.03 25.24 24.61 25.86 24.70 25.32 24.55 26.06 25.27 26.71 25.61
24.52 24.80 23.51 25.61 26.02 26.94 26.04 24.45 23.68 24.03 22.30 23.46 22.10 23.42 23.24 24.26 21.84 21.75 20.51 22.97 25.22 24.33 23.25 23.28 23.31 24.85 24.24 23.45 23.99 25.68 24.80 24.43 26.15 24.51 25.71 26.23 26.67 27.07 26.87 26.98 26.87 26.74 26.69 26.19 27.04 27.69 27.03 26.99 27.40 26.65 27.68 27.49 26.66 26.42 27.30 27.42 26.15 27.15 26.21 25.76 26.76 26.63 25.94 26.57 26.56 26.00 24.64 24.54 22.91 25.36 24.95 24.85 25.17 25.33 24.74 26.31 25.04
23.21 23.04 22.03 22.40 24.75 26.25 24.54 23.14 23.19 24.05 23.02 23.14 24.39 22.21 23.36 23.61 22.35 22.41 21.97 22.57 24.95 23.84 22.46 23.51 23.16 23.18 24.24 24.11 24.38 25.22 24.04 24.87 25.56 25.23 25.55 26.23 26.53 27.41 27.38 27.68 27.10 27.20 26.69 26.91 27.09 27.29 26.71 26.97 27.57 26.59 27.46 26.94 26.76 26.32 26.88 26.17 25.62 26.51 26.81 25.85 25.92 25.36 25.83 26.04 26.20 25.58 25.41 24.46 25.34 24.10 24.01 23.21 25.04 24.85 25.51 24.85 25.23
22.41 22.93 22.26 21.62 23.39 25.31 24.10 23.00 23.72 22.94 22.43 21.19 23.85 22.22 24.12 23.75 22.38 23.47 23.36 21.81 22.98 22.12 22.35 23.43 22.13 23.36 23.38 21.85 23.60 24.06 23.87 24.03 25.46 25.29 25.19 26.11 26.94 27.22 26.96 27.20 27.66 25.52 26.61 26.67 27.50 26.76 26.13 27.32 26.44 26.79 27.32 26.63 26.70 26.97 25.62 27.22 26.48 25.35 26.35 24.21 25.67 24.54 24.90 24.84 25.71 25.12 25.57 25.69 25.26 25.68 25.30 25.61 24.70 25.19 25.21 25.48 23.83
21.30 20.08 21.53 23.16 24.80 24.22 21.25 21.49 23.23 21.55 21.81 21.13 21.75 23.08 24.97 25.92 25.69 24.40 22.48 22.51 22.17 21.45 22.92 23.59 21.90 23.59 22.31 23.49 24.52 23.86 23.14 23.74 24.09 24.83 25.22 26.31 26.58 26.95 27.26 27.46 27.30 25.67 27.28 26.68 26.32 26.84 27.17 27.29 27.05 27.02 27.15 26.47 27.02 26.12 25.59 26.28 25.69 25.55 25.79 24.91 24.21 24.61 25.15 25.59 24.59 25.23 26.11 25.51 25.10 25.56 26.29 25.92 25.13 24.29 24.11 24.91 24.96
23.57 21.50 23.53 24.59 23.76 22.45 21.03 20.97 23.51 22.55 22.91 23.26 22.62 21.88 23.29 23.88 22.61 21.09 20.51 21.51 23.73 23.78 23.48 22.53 21.12 21.85 23.48 23.13 24.82 22.07 22.53 23.07 22.85 24.63 25.35 26.33 27.05 26.48 25.51 27.40 27.41 26.18 26.74 26.99 26.82 27.07 27.25 27.59 26.27 27.58 26.49 26.08 26.40 26.34 25.09 26.09 26.12 24.30 25.34 25.69 24.73 25.40 25.71 25.07 26.00 24.94 25.20 24.78 25.73 25.44 25.12 25.14 23.77 25.13 25.86 24.39 25.83
25.74 24.91 23.64 23.72 22.93 22.10 22.49 21.69 22.29 22.44 22.65 23.28 24.65 24.52 24.24 22.50 20.34 17.70 19.11 21.05 22.26 23.08 22.60 22.11 22.90 20.26 21.75 22.54 22.00 22.05 21.64 23.41 23.45 24.20 24.47 24.97 26.29 25.56 26.65 26.55 26.80 27.28 26.89 26.64 27.65 27.09 27.59 26.64 25.75 27.06 25.88 25.16 24.35 26.43 26.24 25.69 25.07 26.39 27.35 26.68 25.50 24.96 26.30 25.26 26.05 25.10 25.22 26.07 25.12 25.13 23.09 24.90 26.01 26.41 24.65 24.46 25.59
25.00 23.46 22.47 23.69 23.46 19.57 21.32 21.71 21.24 22.71 23.52 24.80 25.12 23.43 23.66 23.36 21.52 22.53 20.98 21.63 20.91 21.76 21.78 21.16 22.10 21.75 22.41 22.59 21.88 21.50 23.03 22.78 23.86 23.00 23.41 25.26 26.02 26.83 25.60 25.92 27.00 26.80 27.11 27.51 27.66 26.71 27.48 27.20 26.71 26.10 25.45 22.46 25.07 25.60 26.87 25.59 23.85 24.40 27.34 26.62 24.73 25.06 25.04 25.54 26.69 26.34 24.82 25.57 25.61 24.28 23.17 24.56 26.09 26.75 25.71 25.02 27.16
25.33 25.21 25.23 23.74 23.41 21.85 22.19 18.85 20.06 22.95 24.06 25.43 23.79 22.00 22.85 22.67 24.17 22.88 22.92 23.07 20.28 19.98 22.53 20.40 21.05 22.36 21.47 20.74 21.37 21.31 21.40 22.16 23.71 24.56 24.93 25.12 25.16 25.94 25.93 26.88 26.47 24.50 25.88 27.24 27.24 27.42 27.28 26.83 26.56 25.92 26.10 24.91 25.74 25.39 26.42 24.64 24.75 25.24 26.63 25.57 25.29 25.29 25.71 24.32 25.45 25.71 25.48 24.56 24.09 24.31 23.52 24.88 26.25 25.64 24.89 23.76 26.34
25.30 25.22 24.49 24.36 23.61 22.17 21.41 21.14 20.96 20.65 20.84 24.27 23.60 23.13 24.84 25.40 22.84 20.38 20.29 18.59 18.23 18.99 20.51 21.58 22.00 21.38 21.27 21.64 21.14 19.75 19.85 22.34 22.52 21.93 23.07 24.03 24.62 24.87 25.64 26.16 25.94 25.12 26.63 26.40 27.15 27.63 26.89 25.47 25.03 23.14 24.81 25.57 25.89 25.46 25.86 26.49 24.63 25.59 26.16 25.08 25.63 25.94 25.74 24.87 25.66 26.39 25.02 25.06 23.50 23.91 23.88 24.60 25.81 25.28 25.46 26.22 27.14
25.74 24.75 23.71 25.35 23.91 23.05 23.26 23.64 20.56 20.86 22.09 21.39 22.54 24.30 24.52 22.79 19.64 20.97 18.38 19.19 21.16 17.36 18.38 20.84 20.35 21.68 21.42 20.95 20.39 21.75 22.50 21.88 23.19 23.03 23.73 22.47 21.44 24.11 24.38 24.67 25.67 26.89 27.39 27.15 27.67 27.45 27.52 26.38 26.32 26.54 26.10 26.98 26.53 26.66 26.01 26.18 25.77 26.02 25.23 25.58 25.74 26.48 26.30 26.95 25.65 26.30 26.35 26.11 24.67 26.03 24.59 24.47 26.63 26.09 25.49 26.93 27.46
25.22 24.64 24.55 25.59 25.96 25.69 24.19 22.95 20.78 22.55 23.85 24.83 26.07 24.68 22.22 21.31 20.42 21.83 20.33 19.62 19.42 18.57 19.06 19.64 17.26 21.03 19.86 18.58 19.39 20.64 20.89 22.38 22.13 22.68 21.93 21.69 20.21 22.42 24.49 25.21 23.84 26.08 26.78 26.70 26.60 26.57 27.24 27.46 27.36 27.34 28.01 27.29 27.38 25.98 26.83 26.31 26.09 25.40 25.28 26.51 26.88 25.13 26.20 26.50 25.99 27.14 26.06 26.28 26.14 25.72 24.81 26.00 26.68 26.84 26.34 26.71 27.07
24.76 26.00 24.78 23.63 23.76 24.21 23.52 22.47 22.79 23.40 22.41 23.20 24.09 23.88 23.17 23.38 23.21 22.78 23.75 18.75 17.76 18.29 19.74 19.12 18.73 17.47 17.35 16.77 16.77 19.33 21.21 20.45 21.64 22.49 23.13 21.63 20.61 22.94 23.37 23.10 25.11 25.86 26.96 27.27 27.04 26.83 26.56 26.40 27.04 26.17 27.28 27.53 26.76 27.08 27.88 26.92 25.33 26.10 26.63 27.36 27.32 26.99 27.03 26.24 26.27 26.48 26.52 26.91 26.97 26.37 26.41 25.92 26.73 27.30 26.62 26.53 26.85
25.34 25.02 24.31 22.77 22.90 22.71 21.58 20.53 23.70 22.09 22.68 22.38 23.18 24.26 25.40 23.85 23.90 25.71 23.23 20.18 18.00 19.36 17.85 17.89 19.28 16.49 16.69 16.75 17.35 19.43 20.62 20.98 21.69 24.00 24.08 24.03 23.34 23.75 22.18 22.65 23.81 24.31 25.19 26.78 26.54 27.07 26.19 26.99 25.98 26.94 27.12 27.16 27.29 27.42 27.21 27.31 27.04 27.14 26.90 27.41 27.12 26.95 27.17 27.01 26.73 26.53 26.79 26.08 27.25 26.71 26.03 26.64 26.55 26.49 26.78 26.90 27.27
25.06 23.69 24.14 22.46 23.50 21.71 20.34 21.51 22.72 21.16 20.97 22.67 22.35 23.58 22.79 23.57 23.13 22.25 20.93 20.71 19.53 20.75 20.18 18.49 20.52 22.46 20.06 19.65 20.29 20.55 20.55 20.85 23.25 22.01 22.29 21.17 22.41 23.05 23.37 23.28 25.26 25.13 24.67 25.58 26.43 26.35 26.82 26.62 27.13 26.92 27.02 26.35 27.39 27.37 27.59 27.00 26.88 27.76 27.53 27.67 27.65 27.54 27.43 27.20 26.99 26.27 26.93 27.09 26.59 27.27 26.78 26.97 27.15 26.53 26.45 27.24 26.42
24.40 25.50 23.38 24.10 24.38 23.42 22.96 22.18 21.46 21.59 20.38 22.87 23.03 21.29 20.88 21.44 20.74 21.46 23.42 23.28 20.00 19.40 20.11 20.22 22.14 23.26 22.91 22.40 22.46 21.01 18.38 19.73 22.27 22.03 20.72 20.63 20.51 22.29 21.89 23.93 24.25 25.23 25.00 24.34 25.27 27.25 27.05 25.32 25.19 24.83 25.78 25.14 26.61 27.10 27.23 27.06 26.85 27.07 27.35 27.55 27.09 27.75 27.68 27.53 27.42 26.71 26.56 27.65 27.45 26.90 26.84 26.96 26.94 27.48 27.33 27.43 25.86
24.83 23.97 25.89 25.79 25.16 21.65 22.25 22.50 19.80 20.63 22.09 22.92 20.72 21.25 21.28 20.01 20.35 23.15 24.15 23.41 21.13 21.18 20.13 22.30 23.05 20.72 21.39 22.48 21.62 20.22 18.82 18.46 20.12 22.19 21.41 20.43 19.51 22.47 21.33 22.76 24.76 24.73 24.59 23.57 25.01 25.99 26.14 24.13 24.32 26.33 25.98 25.96 27.75 26.88 27.15 26.80 27.31 27.71 27.52 27.71 27.58 27.67 27.68 27.64 27.58 27.07 26.82 27.46 27.12 27.18 27.04 27.23 26.85 26.95 27.08 26.70 26.20
24.54 25.66 25.73 26.01 25.13 23.02 22.11 21.63 19.21 20.57 21.76 22.14 21.58 22.10 21.39 21.11 20.91 20.97 22.24 24.73 21.76 23.35 22.42 22.95 21.54 20.39 20.32 22.57 22.71 22.12 21.44 19.96 19.08 20.51 23.69 23.26 22.64 21.93 23.66 23.76 24.54 24.38 24.31 23.40 24.56 24.88 25.55 24.79 24.66 26.51 26.29 26.96 27.19 27.05 27.50 27.64 26.96 27.31 27.59 27.54 27.42 27.58 27.78 27.76 27.69 27.70 27.48 27.15 27.42 27.17 27.14 27.48 27.47 26.55 26.57 26.23 26.51
25.24 24.22 24.92 25.09 24.03 23.27 23.60 22.89 21.76 21.75 22.54 21.66 21.42 19.56 19.70 20.65 20.87 20.63 20.05 22.84 23.38 21.55 20.95 22.28 22.00 22.53 22.74 24.79 22.34 22.71 23.71 22.29 20.31 21.78 23.93 23.95 23.56 24.44 24.19 24.65 24.47 23.64 24.79 23.17 23.82 24.23 23.92 24.73 24.75 25.93 25.59 26.14 27.17 27.43 27.45 27.32 27.22 27.55 27.85 27.68 27.03 27.37 27.75 27.57 27.64 27.49 27.51 27.27 27.37 27.37 27.25 27.10 27.04 27.07 27.19 25.87 26.19
24.23 23.93 25.15 24.84 24.30 22.78 23.70 24.12 23.38 23.44 21.37 21.85 18.84 20.23 18.99 19.97 20.48 19.48 20.73 22.22 20.24 20.17 20.44 21.85 20.64 21.34 22.31 22.89 22.97 21.85 22.41 22.25 22.66 22.60 23.46 22.52 21.75 22.42 23.44 23.18 24.20 23.63 24.74 23.33 24.40 23.83 23.82 24.38 25.00 26.45 26.37 27.23 27.03 27.54 27.57 26.31 27.41 27.81 27.77 27.67 27.70 27.74 27.70 27.67 27.67 27.68 27.76 26.87 27.12 27.71 27.61 27.06 27.00 27.03 26.52 25.60 26.23
23.25 24.28 23.79 22.53 23.73 23.47 23.03 24.27 25.22 23.48 22.66 20.97 20.17 20.78 21.56 21.67 20.97 20.07 20.92 20.64 18.80 20.00 20.01 20.89 20.44 21.72 21.40 21.30 22.69 24.63 24.53 24.42 25.10 24.35 22.15 20.81 22.40 24.03 23.85 23.42 23.01 23.43 24.79 23.93 25.06 23.01 21.81 23.02 25.97 27.01 26.85 27.48 27.56 27.37 27.67 27.62 27.68 27.70 27.72 27.67 27.70 27.74 27.81 27.77 27.77 27.54 27.38 26.90 26.49 27.49 27.36 27.13 27.02 27.08 26.52 25.90 26.60
24.46 24.14 23.70 21.69 22.75 21.69 23.37 24.66 24.66 23.73 23.21 21.80 23.10 22.11 21.59 23.19 22.58 20.92 19.80 21.08 20.20 20.63 21.03 20.27 19.19 20.83 19.39 20.83 21.26 21.70 23.49 24.15 24.49 24.79 23.55 22.90 24.02 24.08 23.37 21.82 22.30 23.74 23.72 24.66 25.40 22.97 22.64 24.31 26.04 26.96 27.44 26.99 26.90 27.64 27.52 27.74 27.66 27.78 27.74 27.79 27.72 27.85 27.93 27.84 27.89 27.68 27.34 26.45 27.25 27.32 27.41 27.49 27.19 27.07 27.18 26.42 26.26
24.31 23.98 23.94 21.86 22.63 23.74 22.76 24.00 24.03 24.36 25.73 25.80 23.46 22.56 22.76 23.88 23.40 21.75 20.93 21.79 20.59 21.85 22.20 21.54 19.76 20.88 22.89 22.54 21.06 22.14 21.29 21.73 22.98 24.16 22.91 23.69 23.36 24.07 23.15 22.76 22.51 23.49 22.71 24.57 25.06 23.53 23.87 25.26 26.42 26.33 27.18 27.10 27.10 27.79 27.51 27.77 27.78 27.66 27.74 27.67 27.75 27.88 27.87 27.82 27.71 27.76 27.51 27.55 27.18 27.71 27.84 28.19 27.54 27.35 27.29 27.06 25.63
24.40 24.31 24.81 23.28 22.97 23.28 22.83 23.50 23.65 24.07 26.56 26.40 25.81 23.95 23.10 24.29 22.50 21.31 20.72 23.14 22.28 23.30 22.50 23.14 22.34 21.98 23.11 22.40 22.07 20.88 21.63 22.20 22.27 21.91 22.46 21.93 21.79 22.23 23.88 22.01 21.67 23.53 24.25 25.36 26.24 23.84 23.34 24.25 25.25 26.86 26.68 27.15 27.36 27.53 27.08 27.69 27.58 27.69 27.62 27.78 27.81 27.77 27.79 27.91 27.78 27.66 27.67 27.18 27.28 27.76 27.69 27.97 27.68 27.41 27.24 27.08 25.98
24.58 23.90 22.61 23.99 23.74 23.96 24.90 25.45 23.42 24.97 26.21 26.21 25.31 24.81 25.60 23.76 22.06 22.45 22.37 22.00 20.92 21.23 21.39 22.86 21.93 22.30 22.56 23.06 23.13 21.98 21.45 23.13 23.36 23.53 22.66 22.42 22.11 23.67 22.46 21.28 23.55 23.56 23.35 23.51 23.78 23.03 24.22 25.49 26.59 26.23 27.26 27.12 26.80 27.26 27.52 27.36 27.54 27.80 27.62 27.29 27.77 27.59 27.76 27.71 27.82 27.87 27.97 27.18 27.60 27.83 27.80 27.67 27.97 27.74 27.21 27.01 26.36
24.72 24.29 23.80 25.29 24.04 24.31 24.74 25.26 23.93 26.15 25.33 25.30 26.93 26.27 24.71 24.48 22.96 23.09 22.24 22.46 21.80 19.16 21.41 21.82 22.49 23.33 23.11 21.98 22.41 23.24 23.61 24.07 22.66 23.28 22.52 22.22 23.48 24.51 24.60 24.58 24.55 24.84 24.82 23.24 23.28 22.96 24.59 25.73 26.58 26.36 26.74 27.85 27.44 27.68 27.49 27.58 27.50 27.48 27.77 27.64 27.66 27.72 27.68 27.74 27.74 27.96 28.02 27.38 27.16 27.59 27.42 27.54 27.12 27.60 27.27 27.09 26.44
24.28 25.32 24.84 24.75 24.94 24.52 25.10 24.59 25.64 24.58 25.23 26.45 27.02 25.06 24.60 24.61 24.45 23.78 21.85 23.49 21.58 21.45 22.85 21.76 23.12 23.77 21.99 22.80 24.50 23.08 22.41 23.43 22.03 23.86 24.93 25.27 23.68 21.79 23.44 23.29 24.30 23.67 25.11 23.80 24.32 24.40 24.96 26.71 26.72 26.60 26.46 27.76 27.41 27.59 27.65 27.48 27.61 27.65 27.74 27.55 27.70 27.35 27.70 27.75 27.76 27.93 27.87 27.62 27.14 27.61 27.29 27.56 27.49 27.95 27.23 26.90 26.42
25.69 24.94 24.54 24.64 25.61 25.65 24.70 24.46 25.43 25.44 25.83 26.29 25.81 24.84 25.97 25.78 24.87 22.39 22.78 22.37 22.11 22.12 23.02 22.39 22.20 22.10 22.74 23.85 23.81 24.46 22.28 22.82 22.87 22.37 22.33 23.81 24.84 24.10 23.15 23.07 23.64 23.30 25.67 25.20 22.93 24.03 23.76 25.03 26.50 26.71 27.07 27.18 27.41 27.66 27.52 27.08 27.61 27.61 27.54 27.33 27.71 27.65 27.65 27.72 27.73 27.70 27.72 27.66 27.26 27.58 27.74 27.98 27.62 27.60 27.52 27.19 26.45
