main/data/irradiance/18.04.2023.grid
ncols 839
nrows 679
xllcenter 112.0500
yllcenter -43.9500
cellsize 0.0500
nodata_value 99999.90
[rows 238 to 271 of 679, columns 462 to 538 of 839]
20.98 20.99 21.00 20.99 20.84 20.80 20.90 20.93 20.94 20.98 20.99 20.99 20.99 20.97 21.01 21.02 21.01 20.81 20.66 20.59 20.63 20.61 20.64 20.77 20.75 20.89 20.91 20.94 20.88 20.81 20.90 20.91 20.88 20.89 20.93 20.89 20.93 20.90 20.94 20.90 20.86 20.74 20.60 20.63 20.77 20.58 20.63 20.51 20.36 20.32 20.33 20.40 20.29 20.28 20.26 20.21 20.21 20.28 20.20 20.36 20.36 20.37 20.30 20.03 20.25 20.31 20.57 20.32 20.03 20.40 20.30 20.34 20.33 20.23 20.24 20.23 20.35
20.90 20.94 20.90 20.91 20.71 20.78 20.84 20.93 20.97 20.97 20.98 20.97 20.97 20.97 20.98 20.96 20.82 20.71 20.71 20.61 20.69 20.56 20.49 20.53 20.57 20.74 20.75 20.96 20.90 20.85 20.89 20.92 20.96 20.98 20.95 20.92 20.89 20.95 20.98 20.93 20.92 20.92 20.89 20.70 20.63 20.63 20.65 20.59 20.53 20.34 20.43 20.28 20.31 20.19 20.30 20.25 20.12 20.37 20.38 20.42 20.41 20.49 20.50 20.35 20.29 20.35 20.53 20.60 20.54 20.17 20.34 20.42 20.42 20.27 20.34 20.08 20.25
20.91 20.82 20.77 20.82 20.66 20.64 20.75 20.81 20.86 20.90 20.94 20.95 20.96 20.96 20.83 20.77 20.71 20.67 20.59 20.68 20.79 20.60 20.53 20.53 20.67 20.79 20.83 20.91 20.91 20.85 20.82 20.90 20.92 20.95 20.95 20.96 20.89 20.90 20.91 20.90 20.91 20.90 20.90 20.85 20.74 20.69 20.62 20.65 20.60 20.36 20.30 20.27 20.38 20.40 20.34 20.28 20.29 20.36 20.33 20.44 20.49 20.45 20.51 20.29 20.15 20.26 20.36 20.27 20.42 20.50 20.24 20.14 20.28 20.28 20.30 20.23 20.22
20.94 20.93 20.90 20.77 20.60 20.57 20.73 20.54 20.51 20.83 20.87 20.90 20.94 20.93 20.87 20.67 20.67 20.61 20.53 20.69 20.70 20.70 20.62 20.67 20.79 20.85 20.90 20.87 20.89 20.87 20.90 20.88 20.89 20.95 20.95 20.94 20.93 20.91 20.88 20.89 20.86 20.78 20.73 20.70 20.78 20.72 20.53 20.62 20.70 20.57 20.62 20.59 20.32 20.30 20.23 20.05 20.10 20.21 20.50 20.38 20.49 20.42 20.50 20.40 20.17 20.11 20.05 19.86 20.01 20.45 20.41 20.11 20.27 20.28 20.35 20.28 20.38
20.83 20.90 20.88 20.84 20.81 20.69 20.51 20.42 20.54 20.53 20.83 20.73 20.84 20.82 20.70 20.60 20.53 20.68 20.54 20.58 20.70 20.67 20.69 20.60 20.78 20.86 20.79 20.63 20.60 20.72 20.66 20.65 20.79 20.88 20.93 20.94 20.95 20.92 20.89 20.82 20.82 20.86 20.77 20.75 20.61 20.52 20.55 20.53 20.49 20.59 20.54 20.45 20.18 20.21 20.17 20.17 20.01 20.22 20.61 20.53 20.53 20.41 20.29 20.21 20.14 19.97 19.97 19.92 20.18 20.36 20.34 20.40 20.25 20.19 20.15 20.20 20.39
20.87 20.87 20.68 20.88 20.87 20.80 20.74 20.63 20.55 20.57 20.68 20.84 20.59 20.32 20.27 20.38 20.40 20.58 20.57 20.66 20.70 20.69 20.52 20.39 20.50 20.47 20.30 20.04 20.33 20.44 20.59 20.83 20.81 20.82 20.74 20.83 20.84 20.86 20.87 20.87 20.84 20.84 20.86 20.88 20.67 20.62 20.53 20.54 20.45 20.42 20.52 20.61 20.39 20.34 20.21 20.57 20.19 20.31 20.57 20.53 20.43 20.35 20.20 19.95 20.02 19.66 19.65 19.87 20.34 20.41 20.47 20.32 20.37 20.03 20.00 20.04 20.14
20.75 20.82 20.65 20.79 20.74 20.63 20.67 20.76 20.73 20.56 20.52 20.64 20.41 20.24 20.41 20.35 20.44 20.51 20.62 20.62 20.62 20.68 20.52 20.48 20.50 20.39 20.18 20.32 20.60 20.76 20.73 20.77 20.85 20.78 20.67 20.76 20.87 20.83 20.80 20.82 20.86 20.80 20.84 20.87 20.83 20.61 20.57 20.62 20.71 20.79 20.69 20.76 20.78 20.70 20.48 20.46 20.59 20.69 20.72 20.43 20.39 20.15 19.99 20.06 19.92 20.10 20.14 20.34 20.50 20.68 20.10 20.28 20.71 20.02 19.95 20.02 20.30
20.72 20.76 20.60 20.65 20.67 20.63 20.66 20.79 20.61 20.36 20.51 20.62 20.54 20.55 20.54 20.62 20.61 20.55 20.50 20.38 20.45 20.58 20.60 20.62 20.51 20.45 20.36 20.51 20.58 20.70 20.69 20.70 20.56 20.68 20.62 20.73 20.68 20.75 20.71 20.65 20.72 20.78 20.76 20.76 20.66 20.56 20.59 20.64 20.71 20.79 20.83 20.74 20.73 20.65 20.63 20.62 20.61 20.53 20.45 20.29 20.11 20.15 20.12 20.30 20.33 20.40 20.33 20.17 20.37 20.59 20.38 20.25 20.72 20.49 20.20 19.99 20.34
20.58 20.58 20.60 20.61 20.65 20.66 20.66 20.64 20.67 20.69 20.46 20.48 20.56 20.61 20.56 20.60 20.57 20.51 20.34 20.27 20.35 20.41 20.58 20.49 20.43 20.39 20.32 20.31 20.34 20.51 20.64 20.59 20.62 20.71 20.66 20.64 20.64 20.65 20.70 20.61 20.51 20.51 20.36 20.50 20.56 20.64 20.61 20.46 20.58 20.70 20.58 20.69 20.59 20.64 20.67 20.34 20.26 20.36 20.42 20.36 20.22 19.74 20.16 20.22 20.33 20.31 20.31 20.33 20.39 20.37 20.21 20.17 20.42 20.62 20.33 19.98 19.94
20.49 20.42 20.39 20.48 20.62 20.62 20.65 20.61 20.60 20.66 20.55 20.54 20.65 20.69 20.62 20.62 20.49 20.45 20.20 20.25 20.32 20.39 20.41 20.40 20.51 20.44 20.32 20.43 20.31 20.53 20.61 20.62 20.59 20.65 20.65 20.65 20.63 20.69 20.63 20.57 20.51 20.39 20.37 20.31 20.58 20.71 20.52 20.26 20.44 20.56 20.51 20.62 20.50 20.50 20.70 20.02 19.76 20.19 20.46 20.48 20.56 20.31 20.37 20.45 20.46 20.45 20.56 20.48 20.43 20.40 20.33 20.01 20.30 20.56 20.32 19.93 19.97
20.52 20.47 20.33 20.41 20.54 20.63 20.65 20.55 20.65 20.63 20.60 20.58 20.57 20.62 20.54 20.48 20.49 20.38 20.25 20.30 20.40 20.44 20.30 20.46 20.43 20.16 20.27 20.30 20.23 20.57 20.62 20.54 20.59 20.66 20.40 20.55 20.54 20.60 20.49 20.49 20.56 20.51 20.54 20.56 20.44 20.60 20.58 20.58 20.55 20.44 20.32 20.41 20.37 20.32 20.54 20.46 20.26 20.20 20.47 20.36 20.38 20.24 20.47 20.49 20.41 20.65 20.28 20.42 20.28 20.29 20.32 20.23 20.26 20.52 20.59 20.33 20.35
20.39 20.44 20.40 20.49 20.51 20.60 20.48 20.48 20.64 20.63 20.58 20.62 20.60 20.59 20.55 20.53 20.57 20.43 20.33 20.42 20.54 20.38 20.20 20.37 20.29 20.12 20.15 20.34 20.47 20.60 20.65 20.56 20.63 20.66 20.62 20.52 20.55 20.56 20.54 20.60 20.53 20.46 20.42 20.49 20.55 20.53 20.42 20.53 20.54 20.44 20.35 20.45 20.15 20.46 20.63 20.52 20.46 20.40 20.52 20.37 20.24 20.11 20.17 20.39 20.38 20.32 20.17 20.22 20.26 20.32 20.33 20.34 20.37 20.47 20.66 20.35 20.17
20.40 20.49 20.43 20.42 20.45 20.46 20.39 20.48 20.52 20.54 20.54 20.52 20.59 20.58 20.56 20.53 20.47 20.44 20.27 20.42 20.65 20.57 20.53 20.53 20.50 20.29 20.36 20.54 20.63 20.57 20.61 20.61 20.59 20.46 20.63 20.63 20.65 20.58 20.61 20.58 20.56 20.49 20.48 20.48 20.57 20.59 20.49 20.35 20.41 20.45 20.54 20.60 20.36 20.58 20.69 20.63 20.58 20.50 20.59 20.57 20.49 20.28 20.45 20.29 20.29 20.07 20.36 20.13 20.15 20.14 20.34 20.11 20.14 20.26 20.65 20.39 20.31
20.43 20.47 20.39 20.17 20.10 20.23 20.37 20.48 20.45 20.36 20.45 20.53 20.56 20.51 20.52 20.45 20.30 20.19 20.42 20.47 20.61 20.62 20.64 20.57 20.56 20.51 20.53 20.54 20.60 20.64 20.56 20.55 20.60 20.52 20.52 20.59 20.57 20.59 20.48 20.43 20.51 20.46 20.47 20.44 20.66 20.45 20.42 20.39 20.28 20.41 20.51 20.55 20.54 20.48 20.54 20.49 20.27 20.31 20.47 20.69 20.68 20.65 20.53 20.39 20.12 19.98 19.94 19.84 19.93 20.35 20.30 20.01 19.94 20.28 20.70 20.33 20.33
20.42 20.38 20.29 20.23 20.06 20.35 20.26 20.34 20.43 20.38 20.37 20.27 20.34 20.40 20.21 20.17 20.28 20.42 20.42 20.39 20.56 20.61 20.62 20.52 20.52 20.43 20.48 20.42 20.53 20.42 20.40 20.47 20.55 20.55 20.51 20.51 20.66 20.60 20.37 20.37 20.50 20.47 20.51 20.45 20.50 20.51 20.45 20.42 20.28 20.41 20.44 20.51 20.53 20.54 20.57 20.50 20.54 20.52 20.63 20.56 20.59 20.60 20.40 20.25 20.18 20.26 20.26 20.08 20.18 20.04 20.05 20.19 19.98 20.21 20.74 20.25 20.53
20.12 20.11 20.14 20.42 20.35 20.36 20.27 20.29 20.40 20.28 20.34 20.37 20.22 20.21 20.21 20.25 20.27 20.49 20.53 20.51 20.45 20.63 20.54 20.48 20.48 20.37 20.32 20.38 20.51 20.56 20.48 20.58 20.71 20.63 20.60 20.49 20.56 20.47 20.46 20.49 20.52 20.58 20.58 20.56 20.50 20.54 20.55 20.49 20.45 20.45 20.47 20.53 20.55 20.56 20.48 20.57 20.44 20.48 20.39 20.42 20.49 20.41 20.49 20.55 20.33 20.35 20.45 20.24 20.33 20.11 19.81 19.94 20.17 20.37 20.67 20.41 20.35
20.24 20.27 20.34 20.38 20.31 20.29 20.17 20.26 20.32 20.22 20.26 20.15 20.10 20.28 20.36 20.30 20.15 20.36 20.46 20.44 20.43 20.48 20.39 20.34 20.40 20.48 20.40 20.44 20.42 20.49 20.54 20.62 20.64 20.65 20.62 20.45 20.42 20.36 20.36 20.53 20.53 20.52 20.65 20.63 20.62 20.54 20.52 20.49 20.43 20.41 20.35 20.40 20.56 20.50 20.59 20.58 20.55 20.56 20.33 20.27 20.36 20.52 20.51 20.33 20.42 20.39 20.55 20.30 20.12 20.47 20.28 20.21 20.06 20.45 20.65 20.34 20.50
20.24 20.24 20.43 20.42 20.37 20.29 20.15 20.07 20.11 20.22 20.18 20.15 20.21 20.34 20.46 20.46 20.34 20.31 20.45 20.40 20.50 20.52 20.50 20.45 20.54 20.52 20.36 20.55 20.62 20.54 20.45 20.50 20.52 20.50 20.36 20.19 20.20 20.28 20.38 20.53 20.57 20.58 20.59 20.52 20.49 20.47 20.57 20.54 20.41 20.42 20.31 20.43 20.54 20.63 20.63 20.55 20.46 20.48 20.54 20.48 20.16 20.42 20.44 20.34 20.29 20.24 20.51 20.22 20.32 20.48 20.46 20.29 20.31 20.38 20.67 20.47 20.44
20.16 20.00 20.09 20.37 20.30 20.30 20.34 20.24 20.22 20.16 20.18 20.34 20.40 20.47 20.43 20.40 20.38 20.37 20.37 20.48 20.57 20.54 20.42 20.49 20.53 20.49 20.45 20.54 20.55 20.50 20.48 20.41 20.53 20.46 20.36 20.43 20.30 20.22 20.38 20.45 20.52 20.55 20.63 20.46 20.48 20.47 20.45 20.46 20.48 20.52 20.49 20.34 20.37 20.42 20.56 20.53 20.52 20.54 20.56 20.52 20.50 20.32 20.44 20.35 20.29 20.09 20.04 19.99 20.23 20.34 20.50 20.21 20.31 20.16 20.61 20.28 20.41
20.17 20.04 20.06 20.00 20.18 20.12 20.27 20.35 20.42 20.48 20.48 20.45 20.48 20.37 20.19 20.13 20.25 20.24 20.33 20.32 20.43 20.53 20.53 20.45 20.40 20.44 20.28 20.41 20.36 20.34 20.37 20.20 20.11 20.40 20.43 20.49 20.50 20.36 20.38 20.44 20.53 20.56 20.60 20.62 20.32 20.37 20.33 20.39 20.44 20.46 20.52 20.37 20.37 20.44 20.61 20.54 20.55 20.49 20.47 20.47 20.51 20.54 20.31 20.23 20.25 20.15 20.06 20.09 20.22 20.35 20.34 20.16 20.35 20.28 20.41 20.28 20.29
20.14 19.96 19.90 20.05 20.12 20.27 20.30 20.42 20.47 20.31 20.39 20.45 20.47 20.36 20.30 20.27 20.29 20.27 20.26 20.25 20.30 20.47 20.43 20.33 20.35 20.39 20.34 20.34 20.44 20.47 20.42 20.25 20.21 20.20 20.46 20.45 20.49 20.47 20.41 20.43 20.40 20.48 20.50 20.60 20.43 20.40 20.22 20.39 20.41 20.52 20.50 20.49 20.35 20.44 20.50 20.53 20.51 20.44 20.44 20.43 20.32 20.42 20.50 20.32 20.19 20.07 20.02 20.23 20.29 20.35 20.23 20.16 20.27 20.48 20.43 20.49 20.37
20.03 20.05 19.97 20.01 19.93 20.05 20.18 20.36 20.31 20.30 20.28 20.27 20.39 20.34 20.11 20.01 20.31 20.44 20.45 20.41 20.35 20.47 20.50 20.46 20.42 20.43 20.35 20.41 20.46 20.43 20.41 20.42 20.33 20.37 20.41 20.42 20.48 20.38 20.42 20.44 20.39 20.40 20.48 20.47 20.37 20.27 20.14 20.32 20.46 20.50 20.46 20.45 20.37 20.43 20.41 20.40 20.47 20.44 20.38 20.33 20.34 20.39 20.38 20.50 20.23 20.30 20.25 20.27 20.26 20.38 20.38 20.18 19.98 20.01 20.42 20.57 20.61
20.08 20.11 20.04 19.97 19.95 20.00 20.03 20.01 20.10 20.09 20.12 20.12 20.17 20.34 20.14 20.02 20.27 20.33 20.32 20.44 20.40 20.26 20.48 20.45 20.51 20.40 20.27 20.34 20.43 20.38 20.34 20.37 20.35 20.33 20.23 20.36 20.41 20.29 20.46 20.55 20.57 20.47 20.53 20.52 20.43 20.31 20.25 20.25 20.40 20.46 20.42 20.48 20.40 20.47 20.44 20.45 20.47 20.41 20.40 20.36 20.31 20.35 20.31 20.23 20.33 20.26 20.29 20.28 20.32 20.41 20.31 19.97 19.90 19.59 19.96 20.25 20.33
20.04 20.06 20.12 20.15 20.12 20.07 20.18 20.15 20.04 20.29 20.04 20.14 20.27 20.22 20.37 20.22 20.22 20.25 20.31 20.27 20.39 20.28 20.28 20.32 20.39 20.39 20.28 20.30 20.38 20.42 20.41 20.38 20.39 20.41 20.39 20.41 20.43 20.47 20.43 20.55 20.55 20.48 20.49 20.51 20.48 20.36 20.24 20.32 20.46 20.49 20.43 20.50 20.57 20.53 20.53 20.31 20.20 20.24 20.33 20.29 20.42 20.36 20.36 20.30 20.37 20.10 19.97 20.18 20.18 20.04 19.83 19.72 19.53 19.29 19.57 19.77 20.08
20.18 20.20 20.26 20.21 20.11 20.08 20.10 20.21 20.19 20.30 20.26 20.26 20.37 20.33 20.36 20.26 20.17 20.27 20.31 20.23 20.25 20.29 20.22 19.93 20.15 20.30 20.26 20.32 20.33 20.34 20.36 20.38 20.41 20.44 20.46 20.43 20.37 20.42 20.39 20.50 20.55 20.55 20.50 20.54 20.46 20.38 20.39 20.31 20.32 20.46 20.35 20.24 20.30 20.45 20.47 20.25 20.27 20.25 20.18 20.26 20.36 20.34 20.33 20.38 20.35 20.30 20.27 20.18 20.07 19.92 19.81 19.58 19.55 18.93 19.29 19.38 19.85
20.18 20.30 20.31 20.26 20.25 20.19 20.17 20.30 20.30 20.28 20.40 20.43 20.40 20.37 20.26 20.30 20.28 20.26 20.30 20.37 20.37 20.30 20.22 19.94 19.76 20.08 20.22 20.32 20.31 20.31 20.30 20.36 20.37 20.42 20.44 20.48 20.38 20.35 20.45 20.46 20.48 20.53 20.50 20.48 20.41 20.43 20.40 20.20 20.25 20.33 20.35 20.25 20.01 20.18 20.14 19.94 20.03 20.15 20.17 20.21 20.32 20.28 20.28 20.28 20.24 20.13 20.19 20.08 19.95 19.97 19.81 19.82 19.45 19.11 18.75 19.46 19.60
20.40 20.35 20.31 20.27 20.14 20.19 20.17 20.10 20.15 20.17 20.27 20.24 20.18 20.15 20.20 20.20 20.16 20.22 20.22 20.23 20.29 20.33 20.30 19.88 19.77 19.81 20.07 20.19 20.24 20.32 20.34 20.41 20.42 20.37 20.40 20.37 20.33 20.21 20.38 20.50 20.42 20.44 20.55 20.41 20.39 20.36 20.34 20.23 20.10 20.22 20.26 20.36 20.25 20.04 19.99 19.89 20.13 20.04 20.20 20.20 20.29 20.24 20.32 20.37 20.25 20.18 20.12 20.03 20.10 20.03 19.87 19.79 19.74 20.07 19.66 19.86 19.90
20.32 20.37 20.25 20.33 20.17 20.06 20.07 20.11 20.28 20.35 20.34 20.23 20.26 20.27 20.24 20.24 20.24 20.28 20.34 20.35 20.35 20.33 20.32 19.88 20.05 20.03 19.88 19.97 20.21 20.39 20.44 20.49 20.37 20.40 20.46 20.43 20.35 20.20 20.23 20.49 20.44 20.35 20.36 20.39 20.39 20.41 20.34 20.31 20.25 20.19 20.14 20.06 20.23 19.94 19.82 20.02 20.04 20.17 20.22 20.36 20.31 20.22 20.35 20.45 20.37 20.18 20.08 20.06 20.08 20.21 20.09 20.18 19.93 20.31 20.37 20.42 20.36
20.22 20.29 20.32 20.36 20.29 20.14 20.14 20.00 20.17 20.35 20.33 20.24 20.24 20.30 20.31 20.17 20.15 20.27 20.25 20.33 20.27 20.20 20.13 19.94 19.95 20.02 19.94 20.07 20.10 20.27 20.36 20.38 20.37 20.35 20.36 20.40 20.40 20.25 20.13 20.28 20.27 20.27 20.29 20.31 20.26 20.28 20.30 20.30 20.23 20.22 20.21 20.17 20.11 20.02 19.87 20.09 19.81 20.14 20.29 20.26 20.26 20.17 20.30 20.27 20.17 20.08 19.99 20.09 20.27 20.15 20.07 20.18 20.13 20.28 20.30 20.36 20.24
20.35 20.33 20.30 20.28 20.31 20.22 20.22 20.19 20.12 20.17 20.26 20.25 20.24 20.27 20.28 20.21 20.14 20.03 20.12 20.13 20.06 20.20 20.22 20.18 20.13 19.92 20.02 20.02 20.04 20.21 20.34 20.37 20.33 20.39 20.42 20.40 20.39 20.32 20.19 20.20 20.28 20.35 20.36 20.39 20.44 20.30 20.31 20.32 20.27 20.35 20.34 20.27 20.22 20.26 20.04 20.00 19.90 20.00 20.17 20.32 20.28 20.18 20.17 20.15 20.18 20.07 19.95 20.05 20.28 20.20 20.01 20.04 19.94 20.03 20.01 20.13 20.27
20.26 20.29 20.33 20.25 20.25 20.25 20.22 20.16 20.12 20.20 20.21 20.31 20.31 20.35 20.29 20.23 20.23 20.07 20.10 20.13 20.21 20.18 20.21 20.25 20.27 20.28 20.24 20.09 20.02 20.04 20.29 20.35 20.33 20.38 20.40 20.34 20.25 20.21 20.26 20.19 20.33 20.40 20.41 20.42 20.44 20.37 20.33 20.30 20.24 20.33 20.45 20.38 20.36 20.20 20.13 20.14 19.99 20.06 20.09 20.20 20.14 19.92 19.98 19.87 20.07 20.06 19.82 19.93 20.03 19.91 19.80 19.91 20.08 19.90 20.23 20.42 20.15
20.41 20.39 20.42 20.45 20.44 20.36 20.23 20.25 20.23 20.18 20.28 20.30 20.30 20.31 20.32 20.26 20.25 20.05 19.97 20.05 20.17 20.27 20.23 20.25 20.32 20.29 20.32 20.09 19.82 19.90 20.18 20.25 20.29 20.33 20.36 20.25 20.21 20.19 20.20 20.19 20.30 20.41 20.45 20.44 20.41 20.43 20.45 20.44 20.34 20.32 20.40 20.48 20.45 20.08 20.06 20.15 20.10 20.05 20.08 20.21 20.21 20.01 19.99 19.98 19.93 20.05 20.02 19.97 20.08 19.85 19.93 20.23 20.07 20.13 20.25 20.36 20.46
20.41 20.43 20.41 20.42 20.42 20.44 20.38 20.23 20.25 20.14 20.23 20.32 20.30 20.30 20.23 20.21 20.27 20.09 20.05 20.07 20.12 20.19 20.33 20.35 20.27 20.26 20.28 20.21 19.83 19.80 20.04 20.18 20.26 20.26 20.28 20.17 20.21 20.24 20.25 20.22 20.01 20.36 20.43 20.47 20.40 20.41 20.46 20.42 20.38 20.30 20.32 20.35 20.45 20.40 20.11 20.11 20.06 20.04 20.04 20.11 19.99 19.82 19.88 19.90 19.90 19.84 19.97 19.87 19.97 20.01 20.13 20.32 20.33 20.31 20.24 20.29 20.38
20.39 20.40 20.45 20.45 20.41 20.31 20.31 20.21 20.16 20.25 20.13 20.27 20.33 20.31 20.29 20.24 20.31 20.29 20.11 20.14 20.19 20.27 20.34 20.28 20.24 20.23 20.25 20.21 19.95 19.68 19.91 20.18 20.23 20.28 20.19 20.20 20.19 20.16 20.12 20.18 20.09 20.10 20.34 20.41 20.41 20.37 20.42 20.43 20.38 20.44 20.41 20.35 20.39 20.42 20.29 20.15 20.16 20.04 20.08 20.11 20.07 19.87 19.86 19.84 19.90 19.88 19.91 19.95 20.19 20.05 20.08 19.98 20.32 20.28 20.25 20.24 20.13
