main/data/irradiance/18.04.2023.grid
ncols 839
nrows 679
xllcenter 112.0500
yllcenter -43.9500
cellsize 0.0500
nodata_value 99999.90
[rows 306 to 339 of 679, columns 616 to 692 of 839]
18.25 18.75 19.25 19.20 18.72 18.35 18.45 18.57 18.70 18.80 18.82 18.62 18.65 18.52 18.50 17.86 17.73 17.54 18.17 17.59 17.01 16.58 15.88 15.58 15.14 14.64 14.47 14.69 13.94 14.54 15.66 15.45 14.99 12.98 13.26 13.80 14.59 14.26 13.97 14.16 15.77 15.56 15.31 15.22 15.00 15.03 15.28 16.22 15.60 17.17 17.84 18.47 18.15 17.50 17.04 17.41 18.40 18.47 18.66 18.07 18.01 18.06 18.07 17.99 18.33 17.87 17.78 17.92 18.07 18.16 17.62 17.40 17.31 16.96 17.53 16.83 17.16
18.70 18.80 18.56 18.76 18.59 18.69 18.93 18.68 18.83 18.98 18.91 18.63 18.26 18.31 17.67 16.67 16.26 16.81 17.35 16.49 15.82 15.82 14.73 14.47 14.62 14.20 13.53 13.88 13.56 13.70 13.86 15.48 14.85 14.12 13.63 13.62 14.15 13.15 13.76 14.24 15.86 16.27 15.31 14.53 15.82 16.02 15.90 16.76 16.53 16.54 17.80 18.56 17.88 18.18 18.35 18.19 18.33 18.85 17.88 17.51 18.15 18.04 18.05 18.05 18.07 17.86 18.32 18.10 17.57 17.85 17.76 17.42 17.36 16.85 17.51 17.17 17.67
18.83 19.02 18.56 18.39 18.80 19.04 19.15 19.03 19.10 19.14 19.31 18.91 18.78 18.81 17.84 16.95 16.18 15.91 15.87 15.48 15.28 15.04 14.32 13.75 14.06 14.32 13.24 13.31 13.48 13.89 14.04 14.73 14.87 14.95 13.82 14.18 13.79 12.72 12.80 13.97 15.78 16.21 16.10 16.57 15.50 16.57 16.59 16.63 16.36 16.62 17.67 18.56 18.40 18.49 18.62 18.30 18.13 18.68 18.34 18.46 18.25 18.07 18.20 18.62 18.51 18.24 17.62 17.41 17.98 17.68 17.51 17.71 17.34 17.62 17.82 17.49 17.71
18.53 18.78 18.77 18.42 18.12 18.88 19.27 19.42 19.40 19.25 18.74 18.51 18.54 18.22 17.74 17.12 16.75 14.41 14.62 13.85 13.39 15.27 14.27 14.46 14.61 13.67 13.25 12.84 12.55 13.67 13.88 13.91 14.35 13.94 14.02 13.43 13.55 13.13 13.73 14.58 16.46 16.73 17.06 16.68 16.68 15.91 16.11 17.29 17.65 17.57 17.67 18.33 18.04 18.52 18.94 18.55 18.49 18.63 18.66 18.55 18.39 18.35 18.64 18.65 18.65 18.13 17.63 17.54 18.14 18.19 17.49 18.10 17.43 17.61 18.25 17.88 17.38
18.31 18.63 18.52 18.90 18.49 18.29 18.72 19.13 19.19 19.02 18.50 17.46 17.66 16.75 15.91 15.41 16.52 14.51 14.40 13.24 12.27 12.93 13.66 13.58 13.28 13.10 12.03 12.35 12.56 13.87 13.83 14.66 14.64 14.90 14.89 15.50 14.89 15.06 14.69 15.82 16.45 16.76 17.26 16.08 15.86 16.35 17.37 17.83 18.65 17.77 17.22 17.45 18.06 18.83 18.82 18.84 18.81 18.77 18.63 18.58 18.15 18.03 18.44 18.62 18.58 18.27 18.13 18.35 18.18 18.18 17.54 17.88 18.09 18.04 18.22 17.94 17.57
18.54 18.37 18.50 18.68 18.28 18.49 18.41 18.51 18.78 18.60 18.37 17.90 17.39 16.33 15.15 13.77 14.46 14.73 13.04 12.74 13.26 13.29 13.33 13.15 12.80 13.30 12.79 12.48 12.41 13.77 15.11 16.06 14.92 16.12 15.76 15.54 15.80 16.20 15.74 16.56 16.69 16.35 17.20 16.85 16.84 17.48 17.38 18.36 17.94 18.46 17.89 18.09 18.60 18.65 18.76 18.97 19.13 19.02 18.70 18.53 18.08 18.03 18.18 18.60 18.70 18.61 18.01 18.08 17.83 17.67 17.43 17.75 17.95 17.91 17.39 17.33 17.57
18.71 18.59 18.50 18.61 18.59 18.43 18.34 17.99 17.99 18.40 18.53 18.14 16.89 14.98 14.95 13.62 12.91 14.89 13.18 12.93 13.49 13.63 13.60 14.23 13.29 12.62 12.70 12.10 12.47 14.26 15.09 15.91 15.61 15.83 16.37 16.18 16.63 16.64 16.54 16.68 17.90 16.81 16.86 16.93 17.21 17.59 18.26 18.26 18.41 18.38 18.38 18.31 18.08 18.81 18.94 18.77 19.06 18.70 18.92 18.64 18.54 18.05 18.13 18.25 18.67 18.56 18.36 17.95 17.89 17.40 17.43 17.61 17.49 17.79 17.50 17.54 17.91
18.64 18.98 18.87 18.55 18.48 18.65 18.17 17.54 17.45 17.89 18.28 17.39 16.14 15.20 14.67 14.40 13.32 13.38 13.35 12.87 13.52 11.43 11.35 12.42 12.06 12.39 12.04 12.07 12.64 14.48 15.96 15.81 15.76 15.69 15.58 16.53 17.26 16.77 16.97 17.21 17.27 17.09 17.02 17.85 17.40 17.51 17.88 18.53 18.37 17.81 18.73 18.25 18.43 19.09 19.25 18.90 17.87 18.65 18.66 18.79 18.56 18.41 18.36 18.77 18.77 18.58 18.66 18.19 17.85 18.13 17.70 17.78 18.01 17.98 17.43 17.30 17.86
18.58 18.94 18.85 18.78 18.83 19.02 18.61 18.20 16.85 16.40 16.37 15.69 15.83 15.17 13.47 12.58 13.33 12.89 12.47 13.05 13.50 12.52 12.45 11.72 10.90 12.08 12.26 13.10 12.61 13.34 14.77 15.21 15.37 15.53 15.46 15.98 17.14 17.24 17.48 16.21 17.28 17.29 17.18 17.06 17.63 18.13 18.38 17.52 17.80 18.33 19.03 18.44 18.91 19.19 19.21 18.96 18.14 18.86 18.34 18.89 18.98 18.81 18.00 18.55 18.80 18.79 18.45 18.17 17.80 17.98 18.09 17.82 18.59 18.21 17.81 18.07 17.86
18.43 18.82 18.86 18.84 18.68 19.02 18.93 18.31 16.50 15.31 14.93 14.72 14.47 13.56 13.64 12.66 12.68 13.26 12.99 12.50 12.29 11.75 11.29 10.81 10.18 10.28 11.99 12.50 13.01 12.68 14.51 14.54 14.50 14.07 14.54 15.03 16.98 17.10 17.42 16.86 16.60 17.21 17.64 17.28 17.61 18.26 17.63 18.49 18.37 18.64 18.26 18.36 18.62 19.16 18.98 18.87 18.52 18.46 18.67 18.89 18.86 18.96 18.44 18.88 18.64 18.68 18.90 18.22 17.91 18.32 18.51 18.39 17.85 17.90 18.19 18.15 17.98
18.41 18.72 18.63 18.98 18.98 18.81 18.94 18.34 16.58 16.23 15.23 14.73 13.53 13.63 12.61 13.43 12.79 13.13 12.34 11.95 13.01 12.43 11.62 10.77 10.53 10.06 11.30 11.33 12.64 12.37 13.99 14.51 14.82 14.88 15.86 17.11 16.24 16.15 16.15 16.74 17.27 17.18 17.81 17.95 18.04 18.67 18.49 17.94 18.61 18.49 18.69 18.27 18.60 19.05 19.27 18.75 18.55 18.83 18.80 18.70 18.69 18.89 18.44 18.94 18.74 18.87 18.81 18.82 18.62 18.42 18.53 18.59 18.01 17.64 18.15 18.22 17.58
18.55 18.58 18.29 18.44 18.73 18.13 17.88 16.95 16.91 16.05 15.08 14.47 12.79 13.56 12.83 13.35 12.79 12.38 10.58 11.21 11.55 11.50 11.88 10.92 10.60 12.00 12.00 11.18 11.57 11.19 11.09 12.99 14.25 15.36 16.14 16.96 15.37 15.42 16.21 16.71 17.52 17.76 17.65 18.19 17.79 17.79 17.35 18.40 18.75 18.25 18.49 18.15 18.57 18.57 18.96 18.11 18.48 18.82 18.81 18.50 18.69 18.80 18.80 18.72 18.70 18.70 18.80 18.52 18.75 18.71 18.35 18.56 18.41 17.93 18.28 18.37 18.03
18.12 18.17 18.23 18.25 18.27 18.29 17.23 16.76 16.25 14.26 14.15 14.65 13.33 13.33 12.89 12.70 12.65 10.56 10.96 9.99 10.86 10.69 11.17 10.59 10.83 11.37 11.92 11.63 11.02 10.24 10.75 13.20 13.69 14.84 14.65 14.80 16.40 16.24 16.78 16.93 16.94 17.76 17.88 17.80 18.08 17.59 18.04 18.59 18.63 17.74 18.57 17.95 18.30 17.96 18.90 18.32 18.70 18.62 18.80 18.83 19.03 19.05 18.77 18.69 18.43 18.68 18.46 18.70 18.86 18.57 18.42 18.78 18.50 18.41 18.32 18.61 18.38
18.10 17.83 18.08 17.82 18.07 18.28 17.11 16.49 16.75 15.16 13.10 14.21 13.86 14.16 11.97 10.42 11.82 11.72 11.89 11.59 11.00 10.46 11.07 11.96 11.72 12.67 13.71 12.14 11.33 11.55 10.84 12.24 13.55 13.88 14.83 14.99 15.80 16.26 17.53 17.32 17.11 17.89 17.87 17.37 17.46 17.97 18.13 17.93 17.56 17.77 18.47 18.52 18.72 18.56 18.30 18.77 18.53 18.51 18.34 18.81 18.82 19.07 18.85 18.78 18.93 18.72 18.79 18.47 19.19 18.79 18.86 18.83 18.70 18.81 18.73 18.60 18.60
18.21 17.66 17.73 17.21 16.68 16.66 16.10 14.76 15.78 16.25 14.72 14.05 13.83 13.66 13.01 11.44 11.44 12.32 12.54 12.50 12.35 11.38 12.11 12.07 13.48 13.73 13.94 13.87 13.25 12.35 12.33 12.49 13.15 13.75 14.81 14.89 16.12 17.02 18.15 17.71 17.63 18.34 17.56 17.46 17.55 17.79 18.16 17.56 17.92 18.67 18.38 18.58 17.93 18.68 18.07 18.32 18.74 18.41 18.53 18.57 18.58 18.90 19.01 18.68 18.99 18.75 18.83 18.78 19.19 18.92 19.12 19.01 18.93 18.86 18.72 18.30 18.47
17.76 17.60 17.13 17.19 17.50 17.29 16.58 14.82 14.85 14.77 14.20 14.59 13.52 13.11 13.15 12.98 12.27 12.06 11.33 12.20 13.37 12.19 13.32 13.39 13.97 14.57 14.84 14.61 13.45 13.85 13.34 13.80 13.24 14.57 15.46 14.95 14.74 15.78 17.34 18.14 18.01 18.08 18.02 17.67 17.33 17.01 17.17 17.78 18.70 19.32 18.86 18.32 18.81 18.13 18.54 18.38 18.40 18.63 18.38 18.58 18.44 18.86 19.04 18.61 19.03 18.87 18.86 18.84 19.02 18.86 18.91 18.76 19.08 18.88 18.62 18.39 18.57
17.96 17.66 17.80 17.86 17.69 16.92 17.06 16.76 15.70 15.68 14.97 15.06 13.99 12.84 12.61 13.26 12.49 12.03 11.68 12.30 13.92 13.90 13.64 13.66 13.20 13.72 14.12 13.52 12.74 13.78 15.03 15.12 14.76 15.30 14.94 14.77 14.81 15.70 16.71 17.67 18.31 18.49 18.69 18.40 17.78 16.93 17.13 17.78 16.90 18.06 18.43 18.15 18.56 17.92 18.28 18.09 18.17 18.71 18.98 18.69 18.75 18.63 18.73 18.65 18.94 19.05 18.91 18.49 18.85 18.96 18.99 19.05 19.10 19.06 18.93 18.74 18.44
18.19 17.83 17.65 17.69 17.61 16.73 16.72 16.52 16.27 16.17 15.23 15.04 14.41 13.51 13.38 13.72 13.22 12.76 13.22 14.01 13.98 13.40 14.09 14.09 14.15 13.45 14.14 14.14 13.81 14.72 15.84 15.98 15.60 15.63 15.50 15.12 15.57 15.65 16.11 16.75 17.69 18.72 18.43 17.89 17.21 17.47 17.70 17.64 16.57 17.42 18.01 18.32 18.62 17.93 18.69 17.82 17.84 18.51 19.13 18.48 18.79 18.93 18.71 18.97 19.15 19.13 18.80 18.63 18.97 18.92 18.83 19.05 19.08 19.06 18.98 18.63 18.46
17.61 17.75 17.71 17.60 17.30 16.92 17.11 16.88 17.07 15.98 15.99 15.65 15.65 15.25 14.84 13.33 12.95 13.18 12.98 13.87 14.73 13.22 13.55 14.57 14.71 14.41 13.90 13.65 13.22 14.16 15.61 16.47 16.62 15.98 16.30 16.21 16.62 16.77 16.72 16.88 17.16 17.94 18.50 18.09 17.38 18.14 18.51 18.38 18.20 18.32 18.42 18.64 18.96 18.51 18.51 17.91 18.49 18.27 18.88 18.63 19.02 18.92 18.79 18.90 19.00 19.03 18.89 18.82 19.09 18.94 19.10 19.07 19.11 18.83 18.53 18.45 18.45
17.46 17.62 17.65 17.36 16.79 16.53 17.06 17.07 17.69 16.72 16.02 15.98 16.12 15.74 15.19 14.83 13.06 13.05 13.14 13.79 14.82 14.44 14.21 15.06 14.46 14.73 14.12 13.28 13.37 14.48 15.28 15.29 16.21 16.74 16.88 17.07 16.68 16.78 16.57 16.96 17.09 17.84 17.83 17.60 17.28 17.69 18.45 18.41 18.02 18.63 18.19 18.74 18.53 18.86 18.79 18.51 18.64 18.21 18.50 18.82 18.86 18.85 18.80 18.89 18.92 18.91 18.87 19.03 19.21 18.99 18.97 19.11 19.16 18.90 18.48 18.53 18.61
17.56 17.47 17.69 17.46 17.54 17.29 17.01 17.14 17.52 17.45 16.69 16.11 16.21 16.00 15.43 14.36 14.50 13.93 13.86 13.87 14.04 13.87 15.74 16.07 15.59 16.12 15.68 15.33 15.34 15.80 16.10 16.74 16.86 16.97 17.05 17.20 17.43 16.84 17.44 16.78 17.35 18.34 18.38 17.97 18.00 18.17 18.33 18.33 18.47 18.69 18.52 18.67 18.80 18.97 18.86 18.93 18.82 18.75 18.84 19.04 18.78 19.01 19.02 19.03 19.02 18.84 18.89 19.09 19.03 18.86 19.06 19.10 19.07 18.94 18.74 19.01 18.98
17.99 17.91 17.90 17.66 17.63 17.21 17.18 17.65 17.60 17.20 16.84 16.26 16.14 16.97 16.75 15.78 15.37 15.49 15.52 15.45 15.41 14.49 15.32 15.94 15.34 15.94 15.61 14.99 15.03 16.20 16.96 16.89 17.33 17.18 17.30 17.32 17.57 17.54 17.52 17.09 17.57 17.73 18.09 17.81 17.86 18.45 18.36 18.76 18.25 18.30 18.48 18.75 18.46 19.06 18.76 18.70 18.90 18.97 19.02 19.06 19.02 19.09 19.05 19.04 18.98 18.99 19.02 18.95 18.93 18.91 19.08 19.08 19.00 18.89 18.82 19.06 19.01
18.02 17.91 17.83 17.49 17.14 16.96 17.53 17.59 17.68 17.23 17.19 17.06 16.10 16.46 16.88 16.14 15.92 15.68 16.10 16.16 15.97 15.42 15.68 16.17 16.92 16.67 16.19 15.24 15.84 16.22 16.16 16.85 16.91 16.82 17.49 18.22 18.37 18.17 17.92 17.67 17.51 17.57 18.12 17.97 18.21 18.17 18.29 18.95 18.69 18.20 18.59 18.64 18.84 19.03 18.78 18.92 18.77 19.00 18.93 18.79 18.76 18.97 19.01 18.99 19.09 19.03 19.04 18.93 19.10 19.16 19.12 19.14 19.04 19.14 19.10 19.07 19.16
17.65 17.51 17.76 17.59 17.23 17.33 17.02 17.14 17.56 17.70 17.18 17.55 17.46 16.59 16.81 16.38 16.17 16.02 15.72 15.90 15.41 15.76 16.41 16.42 17.22 17.33 17.16 16.90 16.30 16.35 16.33 16.63 16.88 16.81 17.03 17.69 18.30 18.33 18.32 18.33 18.43 17.84 18.03 18.38 18.44 18.19 18.60 18.85 18.91 18.46 18.68 18.87 18.86 18.77 18.99 18.89 19.06 18.93 18.84 19.04 19.00 19.06 19.13 19.08 19.09 19.04 19.09 19.11 19.16 19.13 19.07 19.11 19.07 19.01 19.11 19.09 19.13
17.88 17.49 17.40 17.52 17.60 17.17 17.37 17.40 17.28 16.87 17.01 17.52 17.83 17.46 17.32 16.61 16.43 16.94 16.76 16.65 16.85 16.85 16.41 16.17 16.65 17.50 16.58 16.71 16.76 16.21 15.48 15.90 16.43 16.84 17.58 17.74 17.94 18.06 18.31 18.46 18.46 18.35 18.01 18.06 18.54 18.46 18.57 18.74 18.77 18.82 18.82 18.92 18.93 18.90 18.99 19.11 19.13 19.12 19.02 19.04 19.07 19.07 19.09 19.03 19.08 19.02 19.04 19.13 19.15 19.15 19.08 19.00 19.05 19.10 19.10 19.12 19.12
18.26 18.02 17.29 16.92 17.27 17.34 17.63 17.82 17.21 17.31 17.40 17.69 17.72 17.53 17.24 17.40 17.08 17.11 17.02 16.93 16.56 16.59 16.24 16.48 17.04 17.65 17.72 17.40 16.60 16.54 16.19 16.28 17.24 17.52 17.74 18.28 18.22 18.09 18.38 18.52 18.56 18.53 18.50 18.04 18.32 18.54 18.62 18.73 18.64 18.68 18.66 18.91 18.86 18.87 18.90 19.08 19.06 19.04 19.13 19.06 19.07 19.05 19.11 19.02 19.04 19.01 18.81 19.05 19.08 19.13 19.06 19.01 18.87 19.06 19.02 19.01 19.10
18.95 18.51 18.20 17.53 16.99 17.08 17.72 18.08 17.81 17.50 17.82 17.74 17.58 17.65 17.77 17.57 17.84 17.99 17.47 17.37 16.93 16.68 16.81 17.00 16.69 17.50 17.67 17.72 17.44 16.90 16.51 16.94 17.09 17.46 17.40 18.10 17.75 18.07 17.67 17.99 18.19 18.14 18.76 18.49 18.41 18.29 18.59 18.75 18.79 18.70 18.85 18.85 18.83 18.78 18.78 18.94 18.97 18.97 19.06 19.00 18.99 18.83 18.84 18.95 18.96 18.77 18.87 19.03 19.04 19.08 19.10 19.03 18.96 18.99 18.99 19.00 18.99
18.90 18.64 18.48 17.86 17.68 17.42 17.43 17.76 17.43 17.11 17.60 17.95 17.67 17.69 17.84 18.33 18.23 18.34 18.21 17.74 17.27 17.85 17.55 17.17 16.55 17.09 17.85 18.05 17.80 17.23 16.90 16.87 17.71 18.21 17.50 17.73 17.67 17.80 17.90 18.20 18.01 17.93 18.04 18.21 18.09 18.50 18.44 18.56 18.78 18.89 18.94 18.90 18.58 18.83 18.81 18.90 18.70 18.78 18.85 18.85 18.92 18.95 18.94 18.91 18.98 18.74 18.94 18.98 18.99 19.05 19.02 19.01 19.04 19.08 19.07 19.03 19.03
18.73 18.50 18.55 18.16 18.01 17.82 17.76 17.81 17.65 17.28 17.73 18.00 17.85 17.71 18.19 18.46 18.35 18.25 18.24 18.03 17.93 18.14 17.97 17.45 17.19 17.10 17.51 17.41 17.70 17.48 17.41 16.91 16.84 18.05 18.16 18.04 18.01 17.75 17.93 18.29 18.13 18.06 17.71 17.74 18.18 18.48 18.57 18.58 18.75 18.72 18.57 18.58 18.64 18.89 18.93 18.81 18.83 18.63 18.77 18.75 18.95 18.78 18.59 18.31 18.63 18.87 19.01 19.00 18.97 19.00 19.02 19.02 19.04 19.05 19.02 19.05 19.06
18.62 18.32 18.29 18.20 18.16 18.39 18.34 18.05 17.93 17.59 17.82 17.94 18.04 17.98 18.21 18.22 18.31 18.35 18.08 17.97 17.92 17.94 17.84 17.21 17.18 17.45 17.80 17.81 17.91 17.91 18.08 18.00 17.34 17.32 17.21 17.83 18.29 18.14 18.24 18.09 17.83 17.95 18.47 18.31 18.23 18.47 18.71 18.59 18.80 18.91 18.91 18.51 18.48 18.85 19.00 18.90 18.73 18.70 18.63 18.80 18.70 18.50 18.41 18.07 18.36 18.55 18.93 18.99 18.99 18.95 18.92 18.99 18.97 19.00 19.00 19.03 19.05
18.71 18.39 18.28 18.16 18.04 18.49 18.48 18.29 17.83 17.48 17.80 17.89 17.68 17.36 17.85 18.21 18.37 18.54 18.25 18.13 17.95 17.88 17.72 17.16 17.41 17.74 17.78 17.67 17.79 17.87 18.11 18.17 17.83 17.94 17.98 18.20 18.09 18.07 18.10 18.28 17.92 18.02 18.16 18.25 18.13 17.70 18.40 18.69 18.81 18.91 18.67 18.54 18.53 18.83 18.94 18.96 19.00 18.92 18.62 18.69 18.55 18.25 18.41 18.41 18.54 18.39 18.90 18.95 18.98 18.92 18.90 18.96 18.96 18.97 18.97 18.95 18.99
18.39 18.38 18.23 18.31 18.28 18.34 18.39 18.44 17.86 17.59 17.56 17.77 17.61 17.69 17.88 18.31 18.47 18.59 18.33 18.00 17.77 17.73 17.72 17.56 17.54 17.70 17.75 17.69 17.75 17.48 17.79 17.97 18.00 18.18 18.26 18.29 17.97 17.88 18.16 18.47 18.17 18.20 18.08 18.04 18.17 18.35 18.44 18.58 18.72 18.82 18.76 18.66 18.46 18.66 18.83 18.88 18.81 18.74 18.64 18.54 18.52 18.49 18.69 18.65 18.63 18.86 18.96 18.97 18.98 18.89 18.77 18.86 18.95 18.99 18.99 18.94 18.97
18.07 17.90 17.97 18.34 18.57 18.38 18.25 18.38 17.99 17.39 17.44 17.63 17.46 17.75 17.95 17.93 17.75 18.12 18.27 18.34 18.08 17.96 17.86 17.93 17.67 17.69 17.80 17.91 18.08 18.01 18.01 17.99 18.04 18.03 18.18 18.17 18.25 18.20 18.31 18.20 18.09 18.18 17.89 18.12 18.52 18.58 18.50 18.42 18.79 18.81 18.73 18.83 18.77 18.86 18.87 18.80 18.90 18.83 18.70 18.48 18.29 18.46 18.48 18.69 18.73 18.90 18.87 18.96 18.93 18.90 18.65 18.76 18.94 18.98 18.99 18.96 18.98
18.05 17.96 18.25 18.53 18.47 18.49 18.19 18.04 17.84 17.63 17.42 17.15 17.21 17.61 17.82 17.49 17.48 17.95 18.32 18.35 18.22 18.13 18.00 17.71 17.69 17.67 17.71 18.07 18.57 18.46 18.17 18.06 17.95 18.09 18.34 18.62 18.30 18.03 17.92 18.11 17.90 17.98 17.95 18.52 18.64 18.81 18.65 18.70 18.83 18.85 18.94 18.89 18.91 18.82 18.90 18.81 18.82 18.84 18.80 18.56 18.31 18.36 18.51 18.57 18.77 18.84 18.92 18.93 18.92 18.93 18.85 18.83 18.89 18.91 18.94 18.94 18.96
