main/data/irradiance/18.04.2023.grid
ncols 839
nrows 679
xllcenter 112.0500
yllcenter -43.9500
cellsize 0.0500
nodata_value 99999.90
[rows 442 to 475 of 679, columns 154 to 230 of 839]
15.98 15.90 16.01 16.06 15.90 15.92 15.71 15.84 16.06 15.96 15.78 15.58 15.12 14.70 14.45 13.86 14.09 14.39 14.28 15.56 15.80 14.82 14.44 14.68 14.49 13.58 14.17 14.33 14.41 13.39 13.76 13.02 12.97 13.17 13.49 13.20 13.18 13.00 13.23 12.25 13.68 13.64 14.46 14.15 13.59 13.61 14.11 14.66 14.22 14.12 14.03 14.59 14.62 14.91 14.93 14.82 14.62 14.82 15.07 14.87 14.84 14.72 14.62 14.94 14.02 13.71 14.25 13.94 13.95 13.69 13.64 13.74 13.42 13.79 13.73 13.62 13.31
15.80 15.70 16.00 15.87 16.02 16.15 15.54 15.77 15.67 15.52 15.42 14.39 14.80 14.50 14.43 14.18 13.23 14.23 13.88 15.00 15.82 14.06 14.69 14.41 14.15 14.37 14.66 14.55 13.64 13.98 13.91 13.98 13.81 13.74 13.61 13.63 13.66 13.48 12.97 12.54 13.90 14.01 14.11 13.77 13.47 13.58 13.83 14.27 14.15 13.43 14.03 14.56 14.24 14.63 14.67 14.95 14.16 14.68 15.24 14.92 14.71 14.69 14.94 14.62 14.56 14.15 14.48 13.64 13.58 13.18 13.74 13.56 13.71 13.47 13.50 13.34 13.48
15.74 15.61 15.73 15.75 15.76 15.91 15.85 15.59 15.56 15.58 14.54 14.39 14.61 14.67 14.39 14.81 14.03 14.29 14.65 13.93 15.70 15.07 14.61 14.77 14.43 14.13 13.72 14.02 14.06 13.76 13.26 13.73 13.57 13.63 13.97 13.95 13.72 13.94 13.00 13.02 12.94 13.48 13.74 14.03 13.46 13.58 13.79 13.79 14.28 14.02 14.01 14.29 13.92 14.35 14.75 14.91 15.24 15.27 15.19 14.99 14.78 14.27 14.60 14.58 14.67 14.41 15.12 14.35 14.13 13.89 13.68 13.46 13.70 13.39 13.59 13.57 13.55
16.04 15.94 15.92 15.78 15.98 15.87 16.13 15.76 14.88 14.96 15.08 15.02 14.63 14.85 14.82 15.07 15.12 14.35 14.66 14.34 15.48 15.46 14.93 15.05 14.72 14.07 14.50 13.60 13.27 13.60 13.49 13.32 13.91 14.11 13.98 13.87 13.68 13.34 13.21 13.19 12.95 13.18 12.95 13.60 13.32 13.07 13.38 13.57 14.07 13.31 13.31 13.46 13.58 13.72 14.21 14.92 15.05 15.31 15.06 14.81 15.06 14.12 14.29 14.54 14.63 14.62 14.61 14.69 14.73 14.25 14.66 13.71 13.34 13.47 13.61 13.55 12.91
16.20 16.15 16.00 15.92 16.01 16.23 15.86 15.91 15.21 15.53 14.92 15.12 14.99 15.44 15.71 15.64 15.61 14.40 14.90 14.48 15.33 15.28 14.33 15.17 14.15 14.54 13.47 13.02 13.74 13.47 14.28 13.94 13.86 13.68 13.15 13.19 13.04 13.41 13.18 12.78 12.34 12.63 13.35 13.65 12.62 12.92 13.26 13.14 13.78 13.96 13.59 13.80 14.00 13.48 14.12 14.66 14.88 14.84 15.10 15.08 14.58 14.73 14.71 14.99 14.37 14.51 14.33 14.73 14.64 14.89 14.50 13.98 14.35 13.93 13.98 13.87 13.87
16.21 16.22 16.04 15.89 15.73 15.74 15.35 15.70 15.77 15.84 15.54 15.17 15.46 15.21 15.79 14.76 15.72 15.58 15.28 14.97 14.70 15.00 14.84 14.28 14.33 13.96 13.49 13.56 13.44 12.97 13.43 13.57 13.91 14.33 13.97 13.19 12.39 12.68 12.73 12.68 12.50 13.73 13.24 12.81 12.55 12.58 12.82 12.92 13.32 13.78 13.63 13.89 13.55 13.18 13.57 14.03 14.50 14.56 14.64 15.00 15.21 15.13 14.99 14.92 14.88 14.53 14.72 14.46 14.92 14.29 14.60 14.41 14.18 14.01 13.61 14.20 14.04
16.56 16.51 16.20 16.18 15.96 15.73 15.51 15.80 15.73 15.85 15.73 15.36 15.16 15.43 16.19 16.06 15.95 15.88 15.32 15.26 14.55 15.10 14.88 14.48 14.39 14.39 14.25 13.81 13.77 13.71 13.75 14.01 13.59 13.37 13.04 13.13 12.92 13.22 12.61 12.39 12.37 14.06 14.34 13.11 12.63 12.74 12.34 12.06 12.24 12.97 12.93 13.19 13.40 13.19 13.60 13.55 14.05 14.38 14.65 14.15 14.81 15.36 15.43 15.31 15.20 14.67 14.59 14.45 14.39 14.77 14.48 14.19 14.24 13.89 14.27 14.30 13.49
16.34 16.33 16.30 16.19 15.88 16.05 15.71 15.89 16.23 16.11 16.02 15.81 15.46 15.22 15.98 15.80 15.81 15.49 15.31 15.12 15.11 15.00 14.61 14.52 14.69 14.41 14.22 14.09 14.17 14.09 14.27 13.44 13.28 13.53 13.43 12.86 12.27 12.42 12.21 11.77 11.13 12.48 13.24 12.96 12.33 12.00 11.51 11.55 12.17 12.17 12.04 12.13 12.44 12.96 12.92 13.07 13.17 14.09 14.11 13.84 14.17 14.51 14.92 15.12 15.07 15.55 15.36 14.62 14.24 14.51 14.20 14.33 14.54 14.54 14.56 14.09 14.12
16.24 16.16 16.13 16.03 15.75 15.86 15.81 15.56 15.52 15.53 16.09 16.16 15.89 15.83 15.59 16.01 15.64 15.69 15.59 15.34 15.04 15.05 15.04 15.17 14.89 15.23 14.68 14.44 13.67 14.06 14.13 13.87 13.54 12.81 12.84 12.47 12.41 12.27 12.17 12.04 11.93 12.72 12.46 12.29 11.64 11.16 11.20 11.30 11.46 11.83 12.02 12.15 12.11 12.56 12.36 12.90 12.78 13.23 12.85 13.22 13.69 13.68 14.14 14.63 14.86 14.83 15.14 14.89 14.76 14.64 13.92 14.18 14.87 14.16 14.32 13.87 13.90
16.13 16.15 16.19 16.35 16.25 15.96 16.29 15.98 15.89 15.90 16.33 16.28 16.06 15.93 15.75 16.34 15.98 15.93 15.67 15.74 15.74 15.43 15.07 14.86 15.29 15.00 14.52 14.16 14.28 14.01 13.11 12.47 12.36 12.56 12.90 12.50 11.58 11.57 12.03 11.67 11.45 12.61 12.51 12.05 11.71 11.20 11.69 11.28 11.63 12.25 12.04 11.94 12.21 12.22 12.18 12.22 12.35 12.09 12.43 12.51 12.83 13.07 13.92 13.58 14.21 14.75 14.83 14.76 14.01 13.89 14.13 14.58 14.63 14.48 13.94 14.34 13.63
15.93 16.13 16.24 16.10 16.09 16.03 16.05 16.27 16.16 16.08 16.05 16.10 16.07 16.03 15.89 15.90 15.77 15.58 15.66 15.69 15.33 15.45 15.39 15.17 15.28 14.94 14.70 14.38 14.01 14.04 12.78 12.61 12.19 11.97 12.38 12.48 12.25 11.77 11.62 11.59 12.39 12.90 12.71 12.45 11.29 10.91 11.31 11.72 11.44 12.06 11.93 11.64 12.20 11.62 11.85 12.12 12.50 12.40 11.95 12.57 12.78 12.77 13.53 13.09 13.76 13.46 13.69 14.25 13.77 13.62 13.86 13.86 13.48 14.17 13.26 12.66 12.97
15.71 15.72 15.80 16.06 16.17 16.38 15.87 15.95 16.05 16.03 16.01 16.25 16.07 15.81 15.55 15.90 16.09 16.02 15.75 15.47 15.28 15.68 15.36 15.06 14.75 14.41 14.36 13.47 13.21 13.18 13.30 13.10 12.80 13.37 13.40 12.87 12.54 12.90 12.27 12.16 11.76 12.51 12.54 11.96 11.37 11.24 11.61 11.54 12.07 11.86 11.68 11.73 12.06 12.12 11.96 11.95 11.83 12.40 12.53 12.30 12.58 13.09 13.25 13.51 14.00 13.70 13.74 13.40 13.38 13.13 12.88 13.27 13.72 13.37 12.79 12.73 12.13
15.77 15.57 15.77 15.67 15.73 15.85 15.88 15.62 15.81 15.67 15.81 15.85 15.92 15.84 15.68 15.63 15.37 15.46 15.65 15.57 15.33 14.97 15.07 15.21 14.96 14.07 14.22 14.04 13.79 13.06 13.17 13.37 13.43 13.05 13.36 12.48 12.96 13.66 13.43 12.80 12.94 12.16 12.06 12.36 11.77 11.45 11.67 11.46 11.52 12.03 12.09 11.60 11.90 12.47 11.67 11.27 10.92 11.42 11.87 11.54 12.03 12.50 13.09 13.19 13.16 13.48 13.46 13.32 13.29 12.76 12.54 13.11 13.53 13.07 12.31 11.88 11.62
15.13 15.29 15.12 15.27 15.44 15.81 15.72 15.79 16.09 15.77 15.39 15.44 16.10 16.08 15.53 15.35 15.42 15.54 15.23 14.96 14.71 15.06 14.39 14.49 14.79 14.67 14.62 14.16 13.54 13.03 12.70 12.78 12.35 13.72 13.26 13.08 12.59 12.33 12.67 12.25 12.74 12.45 12.19 12.07 11.31 11.87 11.37 11.59 12.21 12.20 12.52 11.75 11.18 11.48 11.27 11.43 10.92 11.03 11.08 11.46 11.43 12.15 12.55 12.67 12.76 13.10 12.81 13.18 13.24 13.18 12.42 12.89 12.91 13.27 12.44 11.80 12.02
15.13 15.36 15.31 15.15 15.13 15.40 15.48 15.26 15.25 15.48 15.52 15.60 15.61 15.49 15.24 15.41 15.22 14.67 14.35 14.13 14.16 14.30 13.99 14.02 14.56 14.60 14.20 13.80 13.79 14.47 13.22 12.45 12.17 12.14 12.96 12.80 13.35 12.32 12.59 12.25 12.72 12.48 11.95 12.42 12.32 11.32 11.18 11.75 11.94 11.77 11.72 11.42 10.97 10.64 10.63 10.94 11.11 10.56 11.16 10.95 10.76 11.32 12.22 12.22 12.28 12.22 12.41 13.19 12.74 12.39 12.85 12.83 12.80 12.69 11.91 11.50 11.67
14.96 14.63 14.65 14.66 15.09 15.20 15.60 15.42 15.11 15.05 14.95 15.30 15.42 15.56 15.21 14.90 15.01 15.03 14.96 14.45 14.08 14.95 14.56 14.13 14.63 14.26 13.94 13.54 13.34 13.74 13.52 13.48 12.02 12.26 12.86 13.39 12.89 12.18 12.06 11.97 12.15 12.20 12.03 11.97 11.93 11.42 11.06 11.01 11.46 11.33 11.29 10.56 10.41 10.66 11.16 11.46 12.04 11.12 10.80 11.32 11.26 11.04 11.37 11.49 11.94 12.19 12.34 12.45 12.57 12.00 11.94 12.01 12.06 11.87 11.52 11.37 11.01
15.00 14.76 14.46 14.24 14.19 14.61 14.69 14.97 14.75 15.02 15.08 15.18 15.19 15.10 15.04 15.10 15.58 14.85 14.48 14.59 14.54 14.02 14.25 14.66 14.23 14.33 14.05 13.51 13.22 12.75 12.97 13.15 13.06 13.09 13.12 13.10 12.99 12.61 11.74 12.22 12.50 12.38 12.44 12.95 12.21 11.26 11.12 11.09 11.12 10.53 10.35 9.96 11.10 10.86 10.56 10.97 12.02 12.19 11.33 12.20 11.17 11.67 11.39 11.58 11.23 12.19 12.13 12.17 12.10 11.73 11.71 11.68 11.17 11.28 11.51 10.56 10.79
14.90 14.25 14.48 14.75 14.06 14.34 15.08 15.12 15.10 15.24 15.47 15.20 15.01 15.28 15.47 15.32 14.53 14.65 14.37 14.40 14.44 13.53 14.01 13.91 14.18 13.84 13.51 13.66 13.49 12.41 12.00 11.84 12.08 12.54 13.34 12.59 12.48 12.78 13.02 12.90 13.10 12.74 12.40 12.66 12.45 12.11 11.89 11.33 10.90 10.68 9.77 9.90 10.28 10.29 10.38 10.99 11.58 10.90 10.98 11.27 11.49 11.64 10.67 11.27 11.42 10.99 11.74 12.13 12.16 11.89 12.02 12.48 11.79 11.26 11.33 11.01 10.87
14.50 14.58 14.32 14.15 14.43 14.19 14.46 15.23 14.71 15.00 14.99 15.25 15.19 15.15 14.88 14.53 14.63 14.78 13.46 13.87 13.71 13.30 13.22 13.11 12.95 13.47 13.35 12.78 12.92 12.76 12.47 11.03 11.56 11.54 12.77 12.49 12.22 12.38 12.52 12.87 12.78 11.98 12.10 12.91 11.81 11.29 11.27 10.91 11.13 11.09 9.34 9.51 9.70 9.50 9.70 9.98 10.73 10.85 10.97 10.94 11.27 10.30 10.59 11.15 11.64 12.15 12.62 12.61 11.91 11.91 12.38 11.92 12.19 12.26 11.88 11.45 10.49
14.51 14.01 13.83 13.70 13.76 14.33 14.06 14.82 14.84 14.67 14.70 14.60 14.66 14.58 14.42 14.59 14.29 13.86 14.02 13.58 13.51 12.73 12.79 12.25 12.47 12.60 12.60 12.37 12.39 12.34 11.69 11.38 11.06 11.13 12.51 12.59 12.15 11.94 12.18 12.36 11.71 11.06 11.41 12.08 10.84 10.63 10.19 10.24 10.34 10.19 10.54 10.44 9.93 10.03 9.74 10.05 10.27 11.12 10.70 9.09 10.51 10.15 10.96 11.53 11.64 12.19 12.52 12.22 12.16 12.77 13.02 12.19 11.65 12.04 11.19 10.67 10.06
14.34 14.25 13.90 13.98 13.45 13.67 14.09 14.04 14.40 14.63 14.54 14.49 14.34 14.41 14.01 13.55 13.85 14.03 13.77 13.32 13.03 12.98 12.54 12.12 12.77 12.13 12.13 12.19 12.63 12.31 12.09 11.72 11.95 12.50 12.17 12.98 12.89 12.42 11.74 12.23 12.00 12.12 12.12 12.13 10.95 10.44 9.68 10.15 11.10 10.47 10.51 10.49 10.15 10.97 10.28 10.28 11.25 10.99 10.98 10.38 9.99 10.67 10.95 10.84 11.12 11.70 11.75 11.88 12.08 11.98 11.99 11.55 11.82 12.17 10.81 10.08 9.98
13.84 14.13 14.27 13.67 14.22 13.42 13.89 14.20 13.78 14.02 14.32 13.90 13.71 13.70 13.42 13.14 13.54 13.29 12.96 12.94 12.38 13.14 12.30 12.35 13.01 12.33 11.82 11.83 12.53 11.67 11.25 11.52 11.67 11.97 12.41 11.99 11.89 12.64 12.13 12.12 12.05 12.52 12.73 11.95 11.47 11.23 9.78 10.11 10.39 10.30 11.00 11.18 10.71 10.42 9.21 10.33 11.36 11.12 10.79 9.86 9.98 10.97 10.36 10.46 10.72 11.16 11.48 11.59 11.57 11.48 11.25 11.20 11.79 11.64 11.49 10.65 11.00
12.96 13.10 13.61 13.57 13.17 13.39 13.38 13.64 13.39 13.41 13.50 12.93 13.07 12.75 12.85 12.42 12.12 11.81 12.03 12.14 12.17 12.22 12.30 12.27 11.71 11.71 11.26 11.34 12.39 11.62 11.73 11.52 11.68 11.31 11.30 11.72 11.73 11.77 12.23 11.48 11.13 11.77 12.22 11.25 11.56 11.43 10.99 9.94 9.59 9.94 10.21 10.16 9.65 10.37 10.21 11.11 10.57 9.99 10.41 10.95 10.46 10.45 10.26 10.33 10.69 12.07 11.98 11.96 11.76 11.77 12.03 12.19 11.88 11.46 11.26 10.64 10.74
12.96 12.87 13.11 13.55 13.16 13.13 12.77 12.67 13.24 12.87 12.27 12.08 12.38 12.02 12.09 12.53 12.36 12.06 11.72 11.96 12.29 12.08 11.89 11.76 11.02 11.10 11.24 11.30 11.77 11.31 11.47 10.97 11.14 11.72 11.86 11.81 11.50 11.70 11.55 11.34 11.59 11.85 10.79 10.88 11.13 10.53 10.32 9.57 9.59 9.88 10.34 9.60 9.80 8.63 9.16 10.51 10.04 10.08 10.50 9.90 10.31 9.97 10.32 11.10 11.39 11.85 12.27 11.58 11.55 11.81 11.70 12.25 11.10 9.89 10.20 10.78 10.89
13.13 12.90 13.30 12.98 12.68 12.71 12.71 12.11 12.35 12.11 11.32 11.17 11.49 11.75 11.61 11.48 11.81 11.74 11.73 11.95 11.89 11.21 11.78 11.66 10.85 10.64 10.76 11.93 12.57 12.35 11.81 11.34 11.56 11.62 12.41 12.61 11.73 11.74 11.29 11.76 12.20 11.80 11.37 11.09 10.35 10.14 10.40 10.42 10.07 10.33 9.75 10.24 10.24 10.41 10.47 9.82 9.60 10.01 10.01 9.71 10.41 11.20 11.30 11.08 11.12 11.08 11.55 12.03 12.48 12.18 11.99 10.79 9.59 9.48 10.44 11.34 11.08
12.33 12.45 12.98 12.89 13.32 12.73 12.41 11.91 11.97 11.79 10.56 10.63 11.30 10.92 10.41 10.63 10.68 11.21 11.10 11.84 11.17 11.35 11.60 11.51 11.13 11.13 10.63 10.82 11.62 11.65 11.65 11.09 10.82 11.38 12.18 12.15 11.74 11.49 11.13 10.85 11.89 11.14 11.61 11.66 10.82 10.37 10.52 10.09 10.49 10.47 10.53 10.75 10.68 10.71 10.94 10.59 10.45 10.30 9.73 10.55 10.21 9.45 11.12 11.47 11.05 10.87 10.82 10.92 11.24 11.83 11.60 10.27 7.94 8.43 10.84 11.75 11.73
12.46 11.90 11.90 12.32 12.73 11.94 11.41 11.52 11.31 11.33 10.32 10.18 9.50 9.75 10.00 10.04 9.84 10.80 10.64 10.95 11.53 10.81 11.44 11.26 10.83 10.43 10.24 10.47 10.73 10.95 10.81 11.16 10.65 11.16 11.27 10.83 11.19 11.30 11.18 10.81 11.63 11.16 11.41 12.02 10.80 10.67 10.90 10.79 10.15 9.97 10.03 10.98 11.21 11.58 11.14 10.63 11.05 10.31 10.17 10.37 10.70 10.64 11.14 11.58 10.64 10.65 11.18 11.01 11.67 11.19 10.58 10.30 9.80 10.14 11.51 11.97 11.99
12.04 11.93 11.79 11.58 12.27 11.18 10.51 10.18 10.63 10.76 10.36 9.73 9.16 9.02 9.79 9.83 9.85 10.60 9.58 10.30 10.44 10.85 11.31 10.45 10.31 9.54 9.77 10.00 11.19 10.98 10.55 10.53 10.74 10.29 10.13 10.64 10.59 11.54 11.68 11.04 10.65 11.20 10.47 11.08 11.29 10.30 9.82 9.40 9.98 9.36 9.02 9.94 10.99 10.98 10.72 10.66 10.73 10.51 10.48 10.26 9.76 10.32 11.02 11.06 10.81 10.35 10.37 9.77 10.13 10.40 10.47 11.05 11.78 10.87 11.17 11.15 11.52
12.44 11.63 11.21 11.44 11.49 10.56 10.18 9.90 10.13 9.45 9.80 9.77 9.30 8.26 9.38 9.36 9.67 10.60 9.82 9.23 10.34 10.88 10.28 10.67 10.21 9.40 9.59 9.72 9.68 10.12 10.76 10.26 10.65 10.97 10.35 9.86 10.62 11.43 11.64 10.97 10.77 11.74 10.64 11.25 10.98 10.62 10.05 10.13 10.13 9.23 9.33 10.40 10.40 10.77 10.68 9.29 10.34 10.50 10.80 10.55 10.80 11.24 10.19 10.66 10.86 10.41 9.29 9.61 9.99 10.51 9.70 10.43 10.40 9.79 9.65 10.83 11.27
12.07 11.03 10.57 11.27 11.00 10.57 9.91 9.80 9.44 9.96 9.61 9.74 9.33 8.78 9.27 9.79 9.76 9.86 9.38 9.89 10.03 10.04 10.27 10.28 10.42 10.08 10.37 9.71 9.77 9.94 10.49 10.68 10.96 10.63 10.38 10.04 10.95 10.79 10.84 10.83 9.88 10.57 10.23 11.03 10.96 10.73 10.42 10.22 9.58 9.61 9.29 11.34 10.81 11.39 10.07 9.92 10.25 9.81 9.92 10.33 11.46 10.80 10.58 10.91 9.83 9.89 9.92 10.26 10.01 10.06 9.62 9.81 9.45 9.59 9.42 9.90 10.60
12.03 11.35 10.46 10.87 9.93 10.06 9.49 8.82 9.02 8.85 9.67 9.76 8.76 8.75 8.79 8.96 9.10 9.04 8.64 9.28 9.44 9.91 9.90 10.23 10.33 9.50 9.01 9.51 9.23 9.70 9.29 9.99 10.04 9.72 10.33 10.26 10.14 10.86 10.30 10.44 9.65 9.94 10.49 10.66 10.42 10.62 10.45 10.26 10.10 10.32 10.47 10.79 10.18 10.22 10.60 10.50 9.28 8.66 9.67 9.82 11.57 11.57 10.39 10.38 9.90 9.98 10.67 10.42 9.70 9.42 9.30 9.94 10.51 10.45 9.90 10.47 11.74
11.66 11.41 10.73 10.12 10.14 9.78 8.97 8.41 8.42 8.96 9.36 8.52 8.89 8.96 9.06 9.35 9.16 9.40 8.65 8.95 8.59 10.07 11.18 10.65 9.83 9.46 9.18 9.15 8.86 9.80 9.83 10.08 9.85 10.28 10.68 10.50 10.09 10.70 10.44 10.34 9.83 9.18 10.55 10.01 11.07 11.53 10.94 10.33 9.98 10.81 10.47 10.40 10.16 10.89 11.68 10.27 9.24 7.97 9.54 11.13 11.81 11.73 10.63 10.66 9.80 9.67 11.01 10.72 10.63 11.13 10.28 10.03 10.19 10.38 10.73 11.29 11.28
11.01 11.22 10.94 10.44 10.34 10.27 9.04 8.64 8.41 9.21 9.32 8.75 8.65 9.34 8.09 8.91 9.16 9.23 8.76 9.06 8.28 9.86 10.95 10.52 9.76 9.57 9.67 9.55 9.62 9.31 9.14 10.37 10.54 10.32 10.30 10.06 10.52 10.89 10.65 11.41 10.17 9.52 10.24 9.95 10.94 11.28 9.95 10.28 10.57 10.90 11.22 10.68 10.31 11.97 12.18 11.25 9.74 10.89 12.19 11.95 11.03 11.26 11.42 11.32 10.80 10.76 10.58 10.86 11.77 12.88 12.06 8.90 9.64 10.79 10.94 11.61 11.58
10.84 10.96 10.71 10.11 10.24 9.98 9.60 9.34 9.14 9.78 10.03 9.32 9.59 9.19 8.48 8.64 9.87 9.71 9.37 9.30 8.85 10.38 11.39 10.84 10.44 10.54 10.77 10.93 10.14 9.92 9.39 10.38 10.25 10.66 10.04 10.20 11.03 10.60 10.55 11.67 11.16 10.65 10.21 10.62 11.87 11.02 10.73 10.89 10.17 10.40 10.57 10.29 10.43 10.87 10.72 10.97 10.76 9.86 12.29 11.32 11.03 10.82 11.30 11.70 10.90 10.13 9.81 10.75 12.19 12.44 10.72 9.51 10.53 12.00 10.97 11.37 11.87
