main/data/irradiance/18.02.2023.grid
ncols 839
nrows 679
xllcenter 112.0500
yllcenter -43.9500
cellsize 0.0500
nodata_value 99999.90
[rows 442 to 475 of 679, columns 77 to 153 of 839]
26.81 26.46 26.84 26.79 26.84 26.84 26.85 26.84 26.92 26.84 26.80 26.81 26.73 26.36 26.65 26.21 26.18 26.20 26.11 25.93 26.05 26.13 25.93 26.28 26.36 26.39 26.38 26.35 25.83 26.13 25.87 26.18 25.94 26.00 26.00 26.10 25.42 25.93 25.43 26.20 26.10 25.88 25.58 25.84 26.07 26.34 26.26 26.29 26.37 26.40 26.58 26.45 26.09 26.28 26.00 25.93 25.95 25.87 26.32 26.15 26.31 26.26 26.54 26.35 26.40 26.01 26.87 26.90 26.79 26.79 26.88 26.90 26.91 26.89 26.93 26.92 26.89
26.79 26.68 26.78 26.81 26.82 26.82 26.86 26.84 26.96 26.91 26.80 26.79 26.79 26.76 26.76 26.26 26.19 26.33 26.04 25.94 26.19 26.08 25.84 26.32 26.06 26.30 25.76 26.34 26.29 25.96 26.14 26.14 26.04 26.27 26.03 25.07 25.87 26.24 25.82 25.94 26.04 25.87 25.49 25.77 26.10 26.35 26.31 26.19 26.33 26.33 26.07 26.02 25.75 26.11 26.06 26.05 25.24 25.67 26.22 26.17 26.34 26.23 25.83 26.48 26.30 26.60 26.88 26.88 26.82 26.85 26.85 26.84 26.83 26.89 26.93 26.94 26.92
26.57 26.37 26.62 26.82 26.83 26.84 26.84 26.84 26.83 26.84 26.83 26.81 26.80 26.62 26.31 26.47 26.03 26.02 26.09 26.14 26.53 26.24 26.14 26.04 26.04 25.92 26.04 25.46 24.84 25.73 25.36 25.26 25.89 25.66 25.99 25.97 25.68 26.22 26.15 25.96 26.03 25.44 25.71 25.51 25.48 25.45 25.94 26.09 25.72 25.67 25.27 25.28 25.30 25.87 26.12 26.01 25.65 26.33 26.31 26.14 26.55 26.13 26.47 26.35 25.96 25.91 26.53 26.66 26.57 26.79 26.80 26.85 26.87 26.92 26.89 26.90 26.90
26.60 26.28 26.48 26.82 26.82 26.89 26.86 26.87 26.84 26.83 26.81 26.80 26.64 26.18 26.24 26.16 26.05 26.15 26.02 26.07 26.03 25.85 26.03 25.99 26.21 26.09 25.90 25.72 25.81 25.50 25.84 25.42 25.18 25.37 25.91 26.25 25.73 25.80 26.19 25.40 25.95 25.96 26.13 25.98 25.45 25.85 25.86 25.50 25.85 25.65 25.75 25.85 25.77 26.14 26.13 26.01 25.49 25.88 25.97 26.31 26.35 26.39 26.11 26.19 26.43 26.60 26.29 26.40 26.65 26.82 26.82 26.94 26.81 26.83 26.91 26.91 26.91
26.70 26.34 26.49 26.81 26.82 26.83 26.80 26.81 26.83 26.87 26.81 26.75 26.41 26.17 26.16 26.07 26.03 26.29 26.05 26.04 26.12 26.03 26.46 25.86 25.54 25.84 26.00 26.06 25.49 25.61 26.01 25.85 25.93 26.00 25.47 26.10 26.10 26.29 25.84 26.34 26.08 26.21 26.02 25.26 25.55 25.88 25.82 25.80 25.84 26.34 25.49 26.11 26.66 26.00 25.91 25.87 26.30 26.07 26.08 26.19 26.24 26.37 26.06 26.12 26.39 26.29 26.30 26.12 26.80 26.78 26.78 26.73 26.77 26.79 26.94 26.89 26.91
26.36 26.34 26.59 26.78 26.82 26.79 26.79 26.79 26.78 26.86 26.82 26.78 26.79 26.64 26.36 26.15 26.29 26.06 26.02 26.24 25.86 26.20 26.29 25.85 26.21 25.77 25.89 26.18 26.11 25.76 25.49 25.97 26.32 26.50 26.03 25.86 26.14 26.58 26.58 26.18 26.00 26.03 26.30 26.30 25.89 24.72 26.28 25.70 26.01 26.39 25.79 25.87 26.43 25.68 25.82 25.49 26.18 26.08 26.02 25.79 25.80 26.04 25.75 26.21 26.47 26.57 26.01 26.19 26.52 26.26 26.56 26.62 26.59 26.68 26.86 26.81 26.89
26.15 26.02 26.59 26.53 26.67 26.54 26.70 26.81 26.82 26.84 26.79 26.77 26.79 26.70 26.29 26.64 26.70 26.27 25.87 26.50 26.40 26.06 25.68 25.80 25.92 26.09 26.30 25.42 25.94 25.07 25.60 25.54 26.17 26.27 26.29 26.40 25.84 26.37 25.94 26.18 26.38 26.39 26.23 25.96 25.45 26.21 26.38 26.38 25.89 26.24 26.13 25.89 26.31 26.07 26.03 25.69 26.14 25.93 26.31 26.27 26.21 26.20 26.33 26.44 26.38 26.09 25.98 25.89 26.17 26.03 26.49 26.71 26.72 26.79 26.78 26.81 26.88
26.11 26.07 26.62 26.67 26.76 26.82 26.77 26.79 26.83 26.80 26.80 26.81 26.80 26.77 26.67 26.75 26.41 26.33 26.29 26.64 26.33 26.09 25.83 25.93 26.33 26.84 26.54 26.19 25.65 25.77 25.80 26.12 26.12 26.29 26.25 26.53 26.10 26.58 26.42 26.45 25.89 25.88 26.28 26.05 26.24 26.56 26.10 26.08 26.32 26.25 25.99 25.36 25.88 26.31 26.29 26.08 26.19 26.21 26.11 26.09 25.84 26.13 26.06 26.05 26.07 26.06 25.74 26.16 26.02 26.36 26.50 26.37 26.54 26.56 26.64 26.72 26.87
26.07 25.86 26.71 26.79 26.82 26.78 26.81 26.80 26.83 26.79 26.81 26.81 26.60 26.52 26.80 26.78 26.32 26.05 26.27 26.01 25.82 25.83 25.89 26.11 26.22 26.44 26.24 26.22 26.64 26.26 26.28 26.37 26.23 26.13 25.79 26.30 26.07 26.27 26.40 26.10 26.21 26.30 25.79 25.95 26.07 25.80 25.99 25.53 25.99 26.31 26.02 25.75 26.41 25.93 26.16 25.87 26.10 25.94 25.85 25.52 25.66 25.62 26.01 26.06 25.88 25.82 26.04 26.15 26.46 25.98 26.57 26.38 26.67 26.68 26.49 26.55 26.91
26.05 26.08 26.75 26.79 26.80 26.80 26.81 26.81 26.78 26.76 26.84 26.79 26.44 26.23 26.21 26.58 26.32 26.10 26.04 25.89 25.97 26.30 26.21 26.24 26.20 25.32 26.01 25.96 26.31 26.37 26.40 26.22 26.13 26.39 26.32 25.75 26.05 25.71 26.29 26.32 26.13 26.20 26.20 25.76 26.08 26.15 25.87 25.75 25.88 26.57 26.39 25.93 25.72 25.98 25.98 26.05 26.04 25.65 26.09 25.97 25.93 26.04 26.12 25.59 26.11 25.66 26.29 26.05 26.12 26.55 26.41 26.41 26.37 26.39 26.66 26.76 26.87
26.26 26.67 26.76 26.82 26.79 26.80 26.77 26.78 26.75 26.75 26.79 26.67 26.42 26.22 26.09 26.12 26.30 26.09 25.82 25.96 25.90 26.12 25.94 26.24 26.24 26.07 25.86 26.08 26.35 26.60 26.48 26.18 26.21 26.21 26.43 26.23 26.36 26.19 26.15 26.18 26.35 25.70 26.37 25.92 26.23 26.47 26.39 25.91 26.11 25.05 26.02 25.59 25.63 25.91 26.14 26.32 26.22 26.13 26.42 26.26 26.20 26.68 26.74 26.09 25.96 26.01 26.24 25.66 25.16 26.56 25.98 26.41 26.31 26.25 26.34 26.76 26.86
25.83 26.35 26.72 26.77 26.76 26.77 26.74 26.72 26.72 26.66 26.77 26.57 26.05 26.33 26.26 26.08 26.23 25.92 25.78 25.97 26.07 25.76 26.05 26.43 26.32 26.24 26.03 25.72 26.24 26.26 26.25 26.12 26.05 26.37 26.22 25.57 26.31 26.41 25.58 25.64 26.26 25.99 26.36 26.37 26.21 26.35 26.36 26.21 25.93 24.94 25.77 25.66 25.44 25.98 26.09 26.20 26.41 26.11 26.39 26.58 26.40 26.68 26.75 26.27 26.08 26.34 25.56 25.79 25.57 26.23 26.39 26.53 26.12 26.91 26.63 26.55 26.82
25.81 26.26 26.71 26.68 26.75 26.76 26.77 26.73 26.62 26.49 26.73 26.39 26.04 26.21 26.48 26.07 25.95 25.91 26.03 26.41 26.68 26.27 26.22 26.43 26.41 26.38 26.01 25.98 26.13 25.96 26.13 26.33 26.40 26.42 26.32 26.16 26.18 26.40 26.13 26.20 26.08 26.39 26.60 26.25 26.40 26.44 26.19 26.36 26.11 25.87 26.20 25.28 26.16 25.93 26.13 26.25 25.85 25.99 26.24 26.34 26.05 26.72 26.81 26.42 26.30 26.24 26.28 25.78 25.87 25.77 26.21 25.92 26.57 26.70 26.49 26.68 26.78
25.73 26.41 26.69 26.76 26.75 26.73 26.75 26.74 26.71 26.42 26.40 26.29 26.36 26.09 26.25 26.02 25.74 26.11 26.30 26.70 26.80 26.61 26.59 26.46 26.57 26.41 26.16 26.16 26.29 26.29 26.12 26.30 26.36 26.39 26.20 26.31 26.08 25.80 26.07 26.11 25.94 26.45 26.71 26.65 26.48 25.90 25.74 26.27 26.29 26.05 26.08 26.24 26.05 26.22 26.23 26.06 25.88 25.90 26.06 26.10 26.13 26.64 26.82 26.82 26.80 26.19 26.00 26.32 26.28 26.26 25.78 26.10 26.24 26.37 26.42 26.44 26.31
25.86 26.51 26.73 26.77 26.77 26.76 26.75 26.76 26.71 26.17 26.39 26.60 26.54 26.44 26.08 26.20 26.14 25.96 26.45 26.24 26.59 26.57 26.41 26.10 26.12 26.02 25.67 26.22 26.20 26.46 26.64 26.24 26.03 26.17 26.19 26.21 25.86 25.68 25.84 25.87 26.26 26.31 26.50 26.33 26.18 25.99 26.02 26.13 25.93 25.79 26.25 26.09 26.13 26.03 25.94 26.06 26.31 26.37 26.59 26.01 26.07 26.06 26.35 26.56 26.71 26.60 26.19 26.05 26.26 26.09 26.21 26.14 26.16 26.39 26.63 26.53 26.71
26.17 26.57 26.74 26.75 26.74 26.78 26.75 26.75 26.75 26.66 26.36 26.40 26.20 26.30 25.98 25.88 26.18 26.33 26.24 26.21 26.56 26.62 26.46 26.24 26.10 25.91 25.83 26.21 26.10 26.10 26.77 26.28 26.26 25.96 26.16 26.31 26.19 26.29 26.29 26.37 26.65 26.08 26.09 26.18 26.41 26.35 26.21 25.94 26.20 26.18 26.48 26.28 25.66 26.07 25.84 26.22 26.36 26.17 26.27 26.07 25.81 25.68 26.37 26.46 26.46 26.37 26.27 26.43 26.26 26.20 25.96 26.18 26.54 26.29 26.60 26.65 26.68
26.02 26.59 26.72 26.69 26.74 26.75 26.73 26.75 26.74 26.68 26.53 26.62 26.35 26.31 26.26 25.92 26.02 25.90 26.29 26.47 26.43 26.23 26.70 26.13 25.99 26.51 26.27 26.16 26.11 26.19 26.47 26.30 26.06 25.86 26.19 25.96 26.29 26.14 26.58 26.14 25.82 25.93 26.26 26.70 26.35 26.00 25.95 26.12 26.04 26.13 26.21 26.39 26.17 25.49 26.22 26.00 26.16 26.13 26.14 26.28 26.21 26.46 26.57 26.53 26.20 26.25 26.37 26.35 26.02 26.30 24.99 25.74 26.53 26.52 26.76 26.65 26.95
25.90 26.51 26.76 26.68 26.78 26.76 26.75 26.73 26.70 26.53 26.28 26.45 26.63 26.54 26.14 25.73 25.91 26.08 26.31 26.16 26.27 26.32 26.35 26.21 26.32 26.35 26.19 26.19 26.20 26.05 26.40 26.18 26.11 25.46 25.75 25.46 25.96 26.09 25.70 25.96 25.88 25.61 26.06 26.13 26.14 25.72 26.03 26.26 26.15 25.99 26.34 26.44 26.36 26.28 26.29 26.62 26.27 26.42 26.39 26.39 26.31 26.71 26.56 26.65 26.51 26.51 26.25 25.81 26.16 26.32 26.14 25.90 26.53 26.36 26.54 26.48 26.57
25.96 26.72 26.77 26.85 26.77 26.75 26.74 26.75 26.72 26.72 26.68 26.48 26.11 26.06 26.14 26.35 26.29 26.19 26.11 26.21 26.18 26.06 26.07 26.04 26.22 26.33 26.37 26.56 26.53 26.69 26.64 26.03 25.96 26.37 25.82 25.36 26.16 25.96 25.98 26.09 25.91 25.82 26.17 26.12 26.14 26.00 26.31 25.86 25.79 26.31 26.10 26.73 26.30 26.09 25.90 26.01 25.84 25.96 26.26 26.32 26.34 26.41 26.85 26.47 26.28 26.21 26.16 26.23 26.37 26.49 26.35 26.01 26.15 25.98 26.62 26.84 26.81
25.98 26.46 26.51 26.74 26.73 26.73 26.73 26.74 26.73 26.73 26.70 26.71 26.51 26.25 26.09 26.13 26.15 25.98 26.01 26.19 25.90 25.75 26.18 25.90 26.23 26.32 26.37 26.45 26.55 26.36 26.39 26.20 26.14 26.30 25.92 25.96 26.31 26.25 25.99 26.15 26.08 25.84 25.95 26.24 26.52 26.63 26.39 26.57 26.54 26.25 26.47 26.37 26.19 25.76 25.94 26.10 25.93 26.12 26.45 26.10 26.38 26.55 26.41 26.35 26.40 26.22 26.29 26.40 26.33 26.48 26.65 26.62 26.78 26.14 26.18 26.69 26.95
25.71 26.64 26.68 26.71 26.69 26.71 26.71 26.71 26.71 26.72 26.72 26.73 26.69 26.20 26.17 25.97 26.04 25.84 26.06 26.38 26.15 26.03 25.84 26.23 25.89 26.30 26.18 26.21 26.04 26.29 26.04 26.25 26.13 26.24 26.28 26.25 26.26 25.99 25.63 25.63 26.22 25.97 26.09 25.69 25.94 26.63 26.04 26.45 26.32 26.51 26.29 26.40 26.27 26.05 25.55 26.32 25.81 26.53 26.72 26.49 26.40 26.48 26.17 26.34 26.51 26.30 26.42 26.42 26.40 26.13 26.79 26.80 26.79 26.75 26.43 26.49 26.51
26.30 26.74 26.74 26.71 26.72 26.70 26.71 26.56 26.63 26.69 26.67 26.69 26.67 26.15 25.92 26.11 25.79 26.00 26.05 26.27 26.05 26.04 26.18 26.00 25.77 26.00 26.31 26.40 25.88 26.24 26.01 26.04 26.08 26.23 26.44 26.54 26.14 25.99 25.97 26.29 26.23 26.15 26.12 26.23 26.14 26.07 26.12 26.29 25.97 26.24 26.90 26.31 26.24 26.14 25.95 26.67 26.31 26.22 26.63 26.54 26.64 26.41 25.92 25.71 26.45 26.29 26.44 26.25 26.52 26.71 26.84 26.77 26.74 26.62 26.70 26.60 26.71
26.26 26.67 26.68 26.60 26.78 26.69 26.71 26.62 26.61 26.66 26.66 26.70 26.69 26.58 26.15 26.08 25.94 26.07 26.18 26.16 26.12 26.22 26.15 26.22 26.13 26.14 25.91 26.05 25.90 26.11 25.83 25.71 25.95 26.09 26.44 25.95 26.06 26.06 26.16 26.22 26.14 26.20 26.06 26.10 25.95 26.16 26.39 26.49 26.22 26.62 27.13 26.57 26.19 26.16 26.23 26.56 26.51 26.28 26.46 26.36 26.71 26.39 26.18 26.25 26.45 26.07 25.69 26.18 26.28 25.92 26.59 26.79 26.56 26.74 26.90 26.73 26.83
26.49 26.70 26.64 26.66 26.66 26.56 26.55 26.51 26.56 26.67 26.69 26.65 26.66 26.51 26.08 26.10 26.06 26.34 26.12 26.27 26.33 26.07 26.24 25.91 25.69 25.77 25.75 25.98 26.22 26.19 25.98 26.19 25.92 26.29 26.24 26.12 26.03 26.29 26.01 26.34 26.41 26.38 26.29 26.04 25.86 25.93 25.95 26.28 25.84 25.26 26.47 26.71 26.17 26.52 26.58 26.08 26.56 26.44 26.44 26.58 26.65 26.35 26.30 25.93 26.29 26.45 26.69 26.61 26.45 26.21 26.63 26.78 26.68 26.67 26.76 26.51 26.49
26.55 26.68 26.66 26.53 26.55 26.42 26.48 26.63 26.53 26.63 26.66 26.70 26.64 26.32 26.14 26.03 26.08 25.97 25.85 26.11 26.29 26.29 26.57 26.15 26.11 25.99 25.84 25.93 26.19 26.16 25.75 25.83 25.36 26.07 26.49 26.58 26.10 25.88 26.06 26.54 26.13 26.09 26.36 26.21 26.02 25.90 25.82 26.15 25.98 26.36 26.22 26.81 26.08 26.43 26.44 26.47 26.45 26.43 26.64 26.50 26.65 26.18 26.02 26.54 26.51 26.62 26.77 26.63 26.71 26.67 26.64 26.78 26.79 26.79 26.57 26.49 26.77
26.67 26.62 26.65 26.67 26.63 26.52 26.56 26.55 26.53 26.55 26.65 26.61 26.57 26.48 26.14 26.01 25.62 25.78 25.85 26.02 25.71 26.21 26.23 25.90 26.06 26.05 26.25 26.05 26.00 25.59 25.61 26.02 25.82 25.85 26.05 26.16 25.95 25.82 26.22 25.89 25.73 26.07 26.14 25.99 26.24 25.82 26.27 26.30 25.29 26.30 26.49 25.44 26.23 26.22 26.24 25.95 26.24 25.85 25.90 26.32 26.69 26.17 26.09 26.35 26.69 26.48 26.58 26.43 26.10 26.57 26.51 26.57 26.50 26.63 26.76 26.68 26.88
26.61 26.66 26.65 26.65 26.61 26.50 26.49 26.53 26.43 26.26 26.46 26.52 26.56 26.54 26.40 25.85 25.77 25.65 25.84 26.01 25.64 26.19 26.11 26.26 25.89 25.92 26.02 26.33 26.29 26.06 25.80 25.88 25.77 25.86 25.65 25.82 25.89 26.37 25.75 25.23 25.45 25.99 26.19 26.41 26.39 26.32 26.24 26.20 25.85 26.37 26.24 26.00 26.15 25.96 25.80 25.76 26.25 26.17 26.18 26.56 26.66 26.59 26.59 26.58 26.63 25.94 25.89 26.17 26.58 26.48 26.43 25.98 25.82 26.02 26.60 26.70 26.71
26.54 26.48 26.58 26.51 26.57 26.62 26.42 26.28 26.33 25.94 26.43 26.47 26.54 26.49 26.31 26.25 25.97 25.90 25.72 25.97 26.18 26.04 26.21 26.09 25.97 26.08 25.54 25.45 26.23 26.03 25.95 25.95 25.84 25.98 26.25 25.96 25.80 26.22 26.01 25.75 25.68 25.92 26.36 26.49 26.44 26.46 26.21 25.80 26.03 25.86 26.15 25.86 26.05 26.02 25.92 26.39 25.68 25.91 26.26 26.71 26.82 26.79 26.78 26.77 26.78 25.89 26.26 26.76 26.70 26.70 26.68 26.58 26.65 26.55 26.06 26.62 26.58
26.11 26.10 26.26 26.62 26.39 26.41 26.48 26.35 26.13 26.13 26.40 26.50 26.32 26.39 26.28 25.91 25.89 25.95 25.97 25.67 25.60 26.01 25.63 25.79 25.95 25.84 25.61 25.85 25.92 25.53 25.80 26.11 25.77 26.11 25.99 25.94 26.04 26.04 25.64 25.85 25.90 25.92 25.91 26.06 26.49 26.34 26.43 26.50 26.36 26.30 26.25 25.84 26.17 26.20 26.25 26.26 26.31 26.09 26.31 26.76 26.79 26.78 26.78 26.78 26.75 26.48 26.67 26.75 26.74 26.77 26.74 26.68 26.69 26.85 26.62 26.69 26.60
26.36 25.98 26.46 26.48 26.32 26.25 26.42 26.18 26.10 26.35 26.34 26.18 26.12 26.18 26.35 26.18 26.04 26.22 26.03 25.76 25.34 25.89 26.04 25.92 25.78 25.65 25.99 25.90 25.82 26.02 26.28 26.29 25.98 25.95 25.96 25.66 26.23 26.43 25.89 25.87 25.56 25.82 25.80 26.24 26.36 26.18 26.49 26.33 25.97 25.95 25.99 25.95 26.54 26.21 26.32 26.32 26.08 25.83 26.27 26.70 26.76 26.75 26.75 26.76 26.77 26.75 26.68 26.77 26.60 26.65 26.49 26.44 26.30 26.34 26.42 26.64 26.34
26.16 25.95 26.46 26.60 26.53 26.43 26.27 26.41 26.38 26.39 26.13 25.66 26.10 26.07 26.10 25.94 25.91 25.90 25.80 25.85 25.88 25.75 25.56 25.80 25.78 25.98 26.28 26.24 25.95 25.93 26.07 26.53 26.01 26.12 26.24 26.10 26.22 25.90 25.88 25.73 26.08 25.80 25.87 26.04 26.08 26.36 26.37 26.32 26.22 25.63 26.14 26.27 25.95 26.60 26.34 26.40 26.44 26.29 26.19 26.67 26.76 26.76 26.75 26.74 26.76 26.74 26.52 26.50 26.51 26.12 26.26 26.40 26.32 26.40 26.45 26.63 26.48
26.44 26.60 26.60 26.66 26.55 26.49 26.43 26.32 26.31 26.34 26.24 26.02 25.85 26.01 26.16 26.01 26.07 25.92 25.90 25.82 25.69 25.89 26.06 26.05 26.17 25.92 26.11 26.18 26.06 25.92 26.17 26.30 26.29 26.32 26.21 26.35 26.21 26.40 26.13 26.07 26.13 25.82 25.62 25.85 25.91 26.11 26.08 25.68 26.44 25.80 25.50 25.42 25.82 25.93 26.31 26.18 26.19 26.22 26.05 26.54 26.71 26.76 26.69 26.64 26.61 26.58 26.40 25.84 26.22 26.04 26.52 26.51 26.66 26.66 26.52 26.56 26.58
26.46 26.31 26.50 26.39 26.48 26.52 26.36 26.23 25.89 26.13 25.81 26.12 25.70 25.73 26.01 25.89 25.88 25.99 25.95 25.95 25.97 25.58 26.01 26.05 26.14 26.06 26.06 25.90 26.15 25.96 26.15 26.07 26.43 26.37 26.27 25.93 25.51 26.33 26.10 26.31 25.95 25.93 25.96 26.13 26.09 25.95 25.47 26.21 26.00 25.53 25.93 25.58 26.01 26.25 26.32 26.39 26.29 26.03 26.18 26.22 26.25 26.57 26.54 26.09 26.49 26.43 26.21 26.03 26.54 26.43 26.49 26.68 26.62 26.70 26.70 26.69 26.61
26.59 26.12 26.43 26.31 26.31 26.25 26.29 26.21 25.61 25.78 25.97 25.97 25.77 25.92 25.57 25.68 25.97 25.92 25.71 25.68 25.76 25.94 25.59 25.72 26.17 26.25 26.17 26.05 26.11 25.94 26.23 26.26 26.44 26.42 26.69 26.26 25.82 25.83 25.94 25.98 25.80 25.60 25.57 25.41 26.00 26.35 26.08 26.29 25.77 25.29 25.52 26.10 25.95 26.03 26.25 26.48 26.03 26.33 26.51 26.34 26.62 26.43 26.50 25.94 26.36 26.53 26.09 26.47 26.33 26.67 26.46 26.60 26.64 26.71 26.70 26.67 26.69
