main/data/irradiance/18.09.2023.grid
ncols 839
nrows 679
xllcenter 112.0500
yllcenter -43.9500
cellsize 0.0500
nodata_value 99999.90
[rows 68 to 101 of 679, columns 616 to 692 of 839]
23.11 22.23 22.82 22.60 23.69 23.58 23.19 24.49 22.77 20.99 21.52 23.07 21.56 19.08 23.19 23.19 23.19 23.19 23.19 23.19 23.19 23.19 23.19 23.19 23.19 99999.90 99999.90 99999.90 99999.90 99999.90 99999.90 99999.90 99999.90 99999.90 99999.90 99999.90 99999.90 99999.90 99999.90 99999.90 99999.90 99999.90 99999.90 99999.90 99999.90 99999.90 99999.90 99999.90 99999.90 99999.90 99999.90 99999.90 99999.90 99999.90 99999.90 99999.90 99999.90 99999.90 99999.90 99999.90 99999.90 99999.90 99999.90 99999.90 99999.90 99999.90 99999.90 99999.90 99999.90 99999.90 99999.90 99999.90 99999.90 99999.90 99999.90 99999.90 99999.90
23.43 22.74 22.29 23.02 23.05 22.13 21.99 22.96 22.48 20.17 20.46 21.48 20.51 18.99 22.99 22.99 22.99 22.99 22.99 22.99 22.99 22.99 22.99 22.99 22.99 25.18 99999.90 99999.90 99999.90 99999.90 99999.90 99999.90 99999.90 99999.90 99999.90 99999.90 99999.90 99999.90 99999.90 99999.90 99999.90 99999.90 99999.90 99999.90 99999.90 99999.90 99999.90 99999.90 99999.90 99999.90 99999.90 99999.90 99999.90 99999.90 99999.90 99999.90 99999.90 99999.90 99999.90 99999.90 99999.90 99999.90 99999.90 99999.90 99999.90 99999.90 99999.90 99999.90 99999.90 99999.90 99999.90 99999.90 99999.90 99999.90 99999.90 99999.90 99999.90
22.82 22.41 23.41 23.51 22.90 23.16 22.38 22.92 22.81 20.95 20.47 19.97 21.46 22.42 23.46 23.46 23.46 23.46 23.46 23.46 23.46 23.46 23.46 23.46 23.46 25.18 25.06 99999.90 99999.90 99999.90 99999.90 99999.90 99999.90 99999.90 99999.90 99999.90 99999.90 99999.90 99999.90 99999.90 99999.90 99999.90 99999.90 99999.90 99999.90 99999.90 99999.90 99999.90 99999.90 99999.90 99999.90 99999.90 99999.90 99999.90 99999.90 99999.90 99999.90 99999.90 99999.90 99999.90 99999.90 99999.90 99999.90 99999.90 99999.90 99999.90 99999.90 99999.90 99999.90 99999.90 99999.90 99999.90 99999.90 99999.90 99999.90 99999.90 99999.90
23.15 23.49 23.39 23.21 23.48 22.30 23.09 22.84 21.88 19.56 19.01 20.74 21.90 22.90 23.46 23.46 23.46 23.46 23.46 23.46 23.46 23.46 23.46 23.46 23.46 25.06 25.06 99999.90 99999.90 99999.90 99999.90 99999.90 99999.90 99999.90 99999.90 99999.90 99999.90 99999.90 99999.90 99999.90 99999.90 99999.90 99999.90 99999.90 99999.90 99999.90 99999.90 99999.90 99999.90 99999.90 99999.90 99999.90 99999.90 99999.90 99999.90 99999.90 99999.90 99999.90 99999.90 99999.90 99999.90 99999.90 99999.90 99999.90 99999.90 99999.90 99999.90 99999.90 99999.90 99999.90 99999.90 99999.90 99999.90 99999.90 99999.90 99999.90 99999.90
23.13 23.13 21.97 23.04 22.89 22.38 22.99 23.72 22.08 20.33 20.02 20.50 21.43 23.98 23.98 23.98 23.46 23.46 23.46 23.46 23.46 23.46 23.46 23.46 23.46 25.06 25.06 99999.90 99999.90 99999.90 99999.90 99999.90 99999.90 99999.90 99999.90 99999.90 99999.90 99999.90 99999.90 99999.90 99999.90 99999.90 99999.90 99999.90 99999.90 99999.90 99999.90 99999.90 99999.90 99999.90 99999.90 99999.90 99999.90 99999.90 99999.90 99999.90 99999.90 99999.90 99999.90 99999.90 99999.90 99999.90 99999.90 99999.90 99999.90 99999.90 99999.90 99999.90 99999.90 99999.90 99999.90 99999.90 99999.90 99999.90 99999.90 99999.90 99999.90
23.66 22.65 23.59 23.57 23.62 23.29 23.22 22.78 23.16 21.30 19.50 19.66 22.95 24.28 24.28 24.28 24.28 24.28 23.46 23.46 23.46 23.46 23.46 23.46 23.46 25.06 25.06 24.07 24.07 24.07 24.07 24.07 24.07 24.07 24.07 24.07 24.07 24.07 24.07 24.07 24.07 24.07 24.07 24.07 99999.90 99999.90 99999.90 99999.90 99999.90 99999.90 99999.90 99999.90 99999.90 99999.90 99999.90 99999.90 99999.90 99999.90 99999.90 99999.90 99999.90 99999.90 99999.90 99999.90 99999.90 99999.90 99999.90 99999.90 99999.90 99999.90 99999.90 99999.90 99999.90 99999.90 99999.90 99999.90 99999.90
23.84 23.53 23.45 23.69 23.86 23.53 23.08 23.67 23.90 21.59 19.25 19.31 23.35 24.99 24.99 24.99 24.99 24.99 24.99 25.16 25.16 25.16 25.06 25.06 25.06 25.06 24.07 24.07 24.07 24.07 24.07 24.07 24.07 24.07 24.07 24.07 24.07 24.07 24.07 24.07 24.07 24.07 24.07 24.07 99999.90 99999.90 99999.90 99999.90 99999.90 99999.90 99999.90 99999.90 99999.90 99999.90 99999.90 99999.90 99999.90 99999.90 99999.90 99999.90 99999.90 99999.90 99999.90 99999.90 99999.90 99999.90 99999.90 99999.90 99999.90 99999.90 99999.90 99999.90 99999.90 99999.90 99999.90 99999.90 99999.90
23.46 23.64 22.71 23.37 23.15 23.17 23.49 22.97 21.63 20.57 18.30 18.66 23.83 25.00 25.00 25.00 25.16 25.16 25.16 25.16 25.16 25.06 25.06 25.06 25.06 24.55 24.55 24.07 24.07 24.07 24.07 24.07 24.07 24.07 24.07 24.07 24.07 24.07 24.07 24.07 24.07 24.07 24.07 24.07 23.58 99999.90 99999.90 99999.90 99999.90 99999.90 99999.90 99999.90 99999.90 99999.90 99999.90 99999.90 99999.90 99999.90 99999.90 99999.90 99999.90 99999.90 99999.90 99999.90 99999.90 99999.90 99999.90 99999.90 99999.90 99999.90 99999.90 99999.90 99999.90 99999.90 99999.90 99999.90 99999.90
23.53 23.99 23.73 24.40 23.47 23.50 22.95 22.59 21.41 20.04 19.24 19.92 23.08 24.80 24.80 25.16 25.16 25.16 25.16 25.18 25.06 25.06 25.06 25.06 25.06 24.55 24.55 24.55 24.07 24.07 24.07 24.07 24.07 24.07 24.07 24.07 24.07 24.07 24.07 24.07 24.07 24.07 24.07 24.07 23.58 99999.90 99999.90 99999.90 99999.90 99999.90 99999.90 99999.90 99999.90 99999.90 99999.90 99999.90 99999.90 99999.90 99999.90 99999.90 99999.90 99999.90 99999.90 99999.90 99999.90 99999.90 99999.90 99999.90 99999.90 99999.90 99999.90 99999.90 99999.90 99999.90 99999.90 99999.90 99999.90
23.34 24.10 23.86 23.54 22.83 22.91 22.87 21.85 21.24 18.56 19.06 22.29 23.78 24.91 25.16 25.16 25.16 25.18 25.18 25.06 25.06 25.06 25.06 25.06 25.06 24.55 24.55 24.55 24.07 24.07 24.07 24.07 24.07 24.07 24.07 24.07 24.07 24.07 24.07 24.07 24.07 24.07 24.07 24.07 23.58 24.79 99999.90 99999.90 99999.90 99999.90 99999.90 99999.90 99999.90 99999.90 99999.90 99999.90 99999.90 99999.90 99999.90 99999.90 99999.90 99999.90 99999.90 99999.90 99999.90 99999.90 99999.90 99999.90 99999.90 99999.90 99999.90 99999.90 99999.90 99999.90 99999.90 99999.90 99999.90
24.02 23.21 23.38 22.97 22.40 22.17 22.46 21.86 21.44 19.07 20.46 23.49 24.13 24.76 25.02 25.02 25.18 25.18 25.06 25.06 25.06 25.06 25.06 25.06 24.55 24.55 24.55 24.55 24.07 24.07 24.07 24.07 24.07 24.07 24.07 24.07 24.07 24.07 24.07 24.07 24.07 24.07 24.07 24.07 23.58 24.79 99999.90 99999.90 99999.90 99999.90 99999.90 99999.90 99999.90 99999.90 99999.90 99999.90 99999.90 99999.90 99999.90 99999.90 99999.90 99999.90 99999.90 99999.90 99999.90 99999.90 99999.90 99999.90 99999.90 99999.90 99999.90 99999.90 99999.90 99999.90 99999.90 99999.90 99999.90
23.71 22.77 23.21 23.58 22.87 22.50 22.13 21.80 22.29 21.23 22.22 23.17 23.82 23.86 24.76 25.18 25.18 25.06 25.06 25.06 25.06 25.06 25.06 25.06 24.55 24.55 24.55 24.55 24.55 24.07 24.07 24.07 24.07 24.07 24.07 24.07 24.07 24.07 24.07 24.07 24.07 24.07 24.07 24.07 23.58 24.79 99999.90 99999.90 99999.90 99999.90 99999.90 99999.90 99999.90 99999.90 99999.90 99999.90 99999.90 99999.90 99999.90 99999.90 99999.90 99999.90 99999.90 99999.90 99999.90 99999.90 99999.90 99999.90 99999.90 99999.90 99999.90 99999.90 99999.90 99999.90 99999.90 99999.90 99999.90
23.43 22.91 23.17 23.42 23.24 22.86 22.03 21.86 22.70 22.79 22.28 22.88 23.39 24.03 24.58 25.03 25.06 25.06 25.06 25.06 25.06 25.06 25.06 24.55 24.55 24.55 24.55 24.55 24.55 24.07 24.07 24.07 24.07 24.07 24.07 24.07 24.07 24.07 24.07 24.07 24.07 24.07 23.58 23.58 23.58 24.79 99999.90 99999.90 99999.90 99999.90 99999.90 99999.90 99999.90 99999.90 99999.90 99999.90 99999.90 99999.90 99999.90 99999.90 99999.90 99999.90 99999.90 99999.90 99999.90 99999.90 99999.90 99999.90 99999.90 99999.90 99999.90 99999.90 99999.90 99999.90 99999.90 99999.90 99999.90
22.91 23.25 23.48 23.26 22.94 23.24 22.95 23.13 22.71 23.24 23.01 23.36 23.45 24.09 24.42 24.74 25.06 25.06 25.06 25.06 25.06 25.06 25.06 24.55 24.55 24.55 24.55 24.55 24.55 24.07 24.07 24.07 24.07 24.07 24.07 24.07 24.07 24.07 24.07 24.07 23.58 23.58 23.58 23.58 23.58 24.79 24.30 24.30 24.30 99999.90 99999.90 99999.90 99999.90 99999.90 99999.90 99999.90 99999.90 99999.90 99999.90 99999.90 99999.90 99999.90 99999.90 99999.90 99999.90 99999.90 99999.90 99999.90 99999.90 99999.90 99999.90 99999.90 99999.90 99999.90 99999.90 99999.90 99999.90
23.14 22.83 22.75 23.28 23.12 23.07 23.56 23.31 23.15 23.19 23.48 24.03 23.98 24.33 24.41 24.73 25.08 25.08 25.08 25.08 25.08 25.08 25.10 24.55 24.55 24.55 24.55 24.55 24.55 24.55 24.07 24.07 24.07 24.07 24.07 24.07 24.07 24.07 23.58 23.58 23.58 23.58 23.58 24.79 24.79 24.79 24.79 24.79 24.79 24.79 24.79 99999.90 99999.90 99999.90 99999.90 99999.90 99999.90 99999.90 99999.90 99999.90 99999.90 99999.90 99999.90 99999.90 99999.90 99999.90 99999.90 99999.90 99999.90 99999.90 99999.90 99999.90 99999.90 99999.90 99999.90 99999.90 99999.90
23.56 23.12 23.26 22.91 23.18 23.40 23.52 23.30 23.16 23.24 23.53 23.78 24.14 24.35 24.45 24.74 25.11 25.11 25.11 25.10 25.10 25.10 25.10 24.55 24.55 24.55 24.55 24.55 24.55 24.55 23.15 24.07 24.07 24.07 24.07 24.07 23.58 23.58 23.58 23.58 23.58 24.79 24.79 24.79 24.79 24.79 24.79 24.79 24.79 24.79 24.79 24.73 99999.90 99999.90 99999.90 99999.90 99999.90 99999.90 99999.90 99999.90 99999.90 99999.90 99999.90 99999.90 99999.90 99999.90 99999.90 99999.90 99999.90 99999.90 99999.90 99999.90 99999.90 99999.90 99999.90 99999.90 99999.90
23.43 23.86 23.27 22.87 23.79 23.34 23.51 23.39 23.44 23.15 23.39 23.83 24.12 24.09 24.60 24.74 25.13 25.13 25.10 25.10 25.10 25.10 25.27 24.55 24.55 24.55 24.55 24.55 24.55 24.00 23.15 23.15 19.08 19.08 19.08 23.58 23.58 23.58 23.58 24.79 24.79 24.79 24.79 24.79 24.79 24.79 24.79 24.79 24.79 24.79 24.73 24.73 99999.90 99999.90 99999.90 99999.90 99999.90 99999.90 99999.90 99999.90 99999.90 99999.90 99999.90 99999.90 99999.90 99999.90 99999.90 99999.90 99999.90 99999.90 99999.90 99999.90 99999.90 99999.90 99999.90 99999.90 99999.90
23.05 23.19 23.50 23.37 23.70 23.77 23.83 23.63 23.84 23.58 22.96 23.91 24.53 24.24 24.23 24.92 25.09 25.10 25.10 25.10 25.27 25.27 25.27 24.55 24.55 24.55 24.55 24.55 24.55 24.00 23.15 23.15 19.96 18.54 23.58 23.58 23.58 24.79 24.79 24.79 24.79 24.79 24.30 24.79 24.79 24.79 24.79 24.79 24.79 24.73 24.73 24.73 21.65 99999.90 99999.90 99999.90 99999.90 99999.90 99999.90 99999.90 99999.90 99999.90 99999.90 99999.90 99999.90 99999.90 99999.90 99999.90 99999.90 99999.90 99999.90 99999.90 99999.90 99999.90 99999.90 99999.90 99999.90
23.98 23.20 23.33 23.64 24.16 23.99 23.29 23.37 23.66 23.69 23.56 24.01 24.22 23.93 24.26 24.73 25.06 25.16 25.16 25.27 25.27 25.27 24.32 23.23 24.74 25.00 25.00 25.00 24.61 24.00 23.09 21.23 20.88 21.56 23.10 23.10 24.79 24.79 24.79 24.79 24.79 24.30 24.79 24.79 24.79 24.79 24.79 24.79 24.73 24.73 22.23 22.23 22.23 22.23 22.23 22.23 99999.90 99999.90 99999.90 99999.90 99999.90 99999.90 99999.90 99999.90 99999.90 99999.90 99999.90 99999.90 99999.90 99999.90 99999.90 99999.90 99999.90 99999.90 99999.90 99999.90 99999.90
23.62 23.41 23.28 23.72 23.30 23.94 23.93 23.93 23.86 23.93 23.99 23.94 23.96 24.02 24.34 24.38 24.81 25.12 25.27 25.27 25.27 24.32 24.32 23.23 23.23 24.74 24.84 24.84 24.46 23.85 23.05 22.41 23.42 23.22 24.23 24.79 24.79 24.79 24.79 24.79 24.30 24.30 24.79 24.79 24.79 24.79 24.79 24.73 24.73 22.23 22.23 22.23 22.23 22.23 22.23 22.23 20.92 99999.90 99999.90 99999.90 99999.90 99999.90 99999.90 99999.90 99999.90 99999.90 99999.90 99999.90 99999.90 99999.90 99999.90 99999.90 99999.90 99999.90 99999.90 99999.90 99999.90
23.45 23.32 23.38 23.54 23.86 23.35 23.24 23.77 24.15 23.37 23.30 22.82 23.67 23.61 23.46 23.65 24.28 24.93 24.99 24.99 24.32 24.32 24.05 23.23 23.23 24.74 24.74 24.60 24.13 23.64 23.55 23.54 24.62 24.64 24.63 24.79 24.79 24.79 24.30 24.30 24.30 24.79 24.79 24.79 24.79 24.79 24.73 24.73 22.23 22.23 22.23 22.23 22.23 22.23 22.23 20.92 20.92 21.33 99999.90 99999.90 99999.90 99999.90 99999.90 99999.90 99999.90 99999.90 99999.90 99999.90 99999.90 99999.90 99999.90 99999.90 99999.90 99999.90 99999.90 99999.90 99999.90
23.09 23.43 23.75 23.46 23.02 22.97 22.61 23.67 23.44 22.53 22.79 22.46 22.65 23.65 23.27 23.25 23.25 24.07 24.00 24.64 24.32 24.32 24.05 23.23 23.23 22.72 23.29 23.69 24.29 23.70 23.52 23.19 23.47 23.34 24.65 25.21 25.21 25.21 24.30 24.30 24.30 24.79 24.79 24.79 24.79 24.73 24.73 24.73 22.23 22.23 22.23 22.23 22.23 22.23 20.92 20.92 21.33 21.33 24.89 99999.90 99999.90 99999.90 99999.90 99999.90 99999.90 99999.90 99999.90 99999.90 99999.90 99999.90 99999.90 99999.90 99999.90 99999.90 99999.90 99999.90 99999.90
22.46 22.24 22.55 22.60 23.20 22.64 22.39 22.97 22.05 21.93 22.30 22.84 22.36 22.53 23.01 22.10 21.30 22.40 22.62 23.91 23.56 23.03 24.05 23.88 22.99 23.16 23.92 23.98 23.47 24.33 23.80 23.18 22.34 23.61 24.61 22.81 22.81 23.94 24.30 24.30 24.79 24.79 24.79 24.79 24.73 24.73 24.73 22.23 22.23 22.23 22.23 22.23 22.23 20.92 20.92 21.33 21.33 24.89 24.89 99999.90 99999.90 99999.90 99999.90 99999.90 99999.90 99999.90 99999.90 99999.90 99999.90 99999.90 99999.90 99999.90 99999.90 99999.90 99999.90 99999.90 99999.90
21.30 22.54 21.63 22.31 22.21 22.58 21.75 21.76 22.00 21.58 22.38 21.02 21.07 22.35 22.89 22.10 22.48 22.39 22.71 22.16 21.49 21.92 21.78 23.33 22.93 23.19 23.32 23.35 23.48 23.93 22.14 23.83 23.69 23.65 21.93 20.38 22.91 23.94 24.30 24.30 24.79 24.79 24.79 24.73 24.73 24.73 22.23 22.23 22.23 22.23 22.23 22.23 20.92 20.92 21.33 21.33 24.89 24.89 24.89 99999.90 99999.90 99999.90 99999.90 99999.90 99999.90 99999.90 99999.90 99999.90 99999.90 99999.90 99999.90 99999.90 99999.90 99999.90 99999.90 99999.90 99999.90
21.31 22.53 21.49 22.76 20.85 21.91 22.04 22.42 22.93 22.65 22.47 21.01 20.80 21.87 20.00 21.31 22.14 22.26 21.41 20.63 21.05 21.69 22.13 22.55 21.44 22.39 22.83 22.36 22.52 22.88 23.20 23.25 23.64 24.19 23.78 23.61 24.34 24.70 24.67 24.50 24.79 24.79 24.73 24.73 24.73 22.23 22.23 22.23 22.23 22.23 22.23 20.92 20.92 21.33 21.33 24.89 24.89 24.89 24.89 99999.90 99999.90 99999.90 99999.90 99999.90 99999.90 99999.90 99999.90 99999.90 99999.90 99999.90 99999.90 99999.90 99999.90 99999.90 99999.90 99999.90 99999.90
21.40 22.56 22.49 21.79 21.22 21.08 21.79 23.03 21.87 22.01 21.60 22.62 21.88 22.51 22.34 22.47 23.13 20.88 22.80 23.34 21.36 20.65 21.47 22.22 22.34 23.05 21.22 22.45 23.35 22.63 23.42 23.45 22.88 22.95 22.47 23.21 23.07 23.97 23.91 24.56 24.98 24.73 24.73 24.73 21.65 22.23 22.23 22.23 22.23 22.23 20.92 20.92 21.33 21.33 24.89 24.89 24.89 24.89 24.89 99999.90 99999.90 99999.90 99999.90 99999.90 99999.90 99999.90 99999.90 99999.90 99999.90 99999.90 99999.90 99999.90 99999.90 99999.90 99999.90 99999.90 99999.90
22.23 21.64 22.39 21.90 21.50 22.07 22.84 22.09 22.44 22.39 21.92 21.88 22.40 22.39 22.26 20.47 20.90 21.46 21.85 21.64 20.73 22.43 22.03 22.89 21.75 21.92 21.65 21.87 21.17 21.10 22.03 22.81 21.34 23.18 23.27 22.93 23.82 23.80 20.41 21.78 23.91 23.73 23.73 21.65 21.41 22.23 22.23 22.23 22.23 20.92 20.92 21.33 21.33 24.89 24.89 24.89 24.89 24.89 24.89 99999.90 99999.90 99999.90 99999.90 99999.90 99999.90 99999.90 99999.90 99999.90 99999.90 99999.90 99999.90 99999.90 99999.90 99999.90 99999.90 99999.90 99999.90
22.22 21.65 21.90 21.85 21.70 22.39 21.90 22.88 23.37 22.31 22.34 21.23 21.51 21.38 21.96 21.41 20.01 21.61 22.02 21.11 22.24 22.23 22.61 22.96 21.47 22.57 21.04 21.53 21.83 22.22 23.07 21.87 21.24 22.35 21.27 21.17 22.84 23.12 21.14 21.31 21.67 21.53 21.65 21.65 21.41 22.23 22.23 22.23 20.92 20.92 21.33 21.33 24.89 24.89 24.89 24.89 24.89 24.89 24.89 99999.90 99999.90 99999.90 99999.90 99999.90 99999.90 99999.90 99999.90 99999.90 99999.90 99999.90 99999.90 99999.90 99999.90 99999.90 99999.90 99999.90 99999.90
21.58 21.79 21.67 22.05 21.15 22.25 23.03 22.68 21.95 21.76 22.01 20.39 20.14 20.55 20.54 20.85 21.11 21.92 22.14 22.38 21.39 22.07 22.44 22.22 21.51 21.02 20.79 21.68 21.48 22.43 23.19 22.38 22.42 21.72 21.52 21.17 20.46 19.75 21.47 24.18 22.02 20.82 22.43 21.25 21.41 22.23 22.23 20.92 20.92 21.33 21.33 24.89 24.89 24.89 24.89 24.89 24.89 24.89 24.89 99999.90 99999.90 99999.90 99999.90 99999.90 99999.90 99999.90 99999.90 99999.90 99999.90 99999.90 99999.90 99999.90 99999.90 99999.90 99999.90 99999.90 99999.90
22.19 22.19 21.71 21.05 21.95 21.80 22.28 22.40 22.22 22.16 21.93 19.89 19.93 20.38 20.05 20.72 20.96 22.15 21.65 21.17 21.81 22.29 21.83 22.02 21.53 20.94 21.64 22.68 22.54 22.92 23.82 23.50 23.28 22.57 21.97 21.62 22.40 23.44 23.35 23.16 22.59 21.34 22.53 21.05 19.84 20.48 20.92 20.92 21.33 21.33 24.89 24.89 24.89 24.89 24.89 24.89 24.89 24.89 24.89 99999.90 99999.90 99999.90 99999.90 99999.90 99999.90 99999.90 99999.90 99999.90 99999.90 99999.90 99999.90 99999.90 99999.90 99999.90 99999.90 99999.90 99999.90
22.94 21.80 21.89 21.33 21.98 23.06 21.33 23.02 21.77 22.53 21.54 22.26 21.32 21.45 21.86 20.98 22.33 22.72 21.93 21.97 22.10 21.62 22.28 22.24 21.96 22.51 21.54 22.30 22.22 22.42 23.65 23.39 21.98 21.60 21.04 22.67 22.93 24.27 24.37 24.25 23.64 23.12 21.52 21.00 18.78 20.91 21.99 21.33 21.33 24.89 24.89 24.89 24.89 24.89 24.89 24.89 24.89 24.89 24.89 99999.90 99999.90 99999.90 99999.90 99999.90 99999.90 99999.90 99999.90 99999.90 99999.90 99999.90 99999.90 99999.90 99999.90 99999.90 99999.90 99999.90 99999.90
21.63 21.28 22.55 21.78 22.57 20.65 21.60 22.07 20.67 21.19 22.19 20.72 21.63 20.03 19.89 21.15 22.95 23.04 21.95 22.91 22.93 23.44 22.88 22.01 22.38 22.62 21.15 22.11 23.51 23.67 23.26 22.66 22.22 22.22 23.34 22.55 22.11 23.55 23.77 22.96 22.87 21.88 21.60 19.16 17.60 19.49 20.93 22.51 24.89 24.89 24.89 24.89 24.89 24.89 24.89 24.89 24.89 24.89 24.89 99999.90 99999.90 99999.90 99999.90 99999.90 99999.90 99999.90 99999.90 99999.90 99999.90 99999.90 99999.90 99999.90 99999.90 99999.90 99999.90 99999.90 99999.90
21.82 22.32 21.22 20.93 21.35 20.82 22.87 21.01 22.12 21.65 22.31 21.39 22.03 21.36 21.12 21.90 22.24 22.98 22.08 21.65 21.53 21.81 21.93 22.10 22.69 22.46 21.97 22.42 23.06 23.47 22.91 22.72 22.76 21.47 22.40 22.34 23.11 23.32 23.87 23.34 23.58 22.99 20.81 20.72 20.32 21.14 22.62 23.34 23.26 23.26 23.26 23.26 23.26 23.26 23.26 23.26 23.26 23.26 23.26 99999.90 99999.90 99999.90 99999.90 99999.90 99999.90 99999.90 99999.90 99999.90 99999.90 99999.90 99999.90 99999.90 99999.90 99999.90 99999.90 99999.90 99999.90
21.51 20.96 21.16 21.29 22.18 21.19 21.76 21.41 21.78 22.23 21.08 21.71 21.19 20.71 20.02 21.21 21.96 22.50 23.03 21.92 22.19 21.74 22.15 22.08 22.33 22.20 22.43 22.31 23.17 23.49 22.61 21.85 20.55 20.83 20.87 22.85 22.48 23.21 23.47 22.71 22.46 20.37 19.34 20.96 21.48 21.89 22.57 24.33 23.26 23.26 23.26 23.26 23.26 23.26 23.26 23.26 23.26 23.26 23.26 99999.90 99999.90 99999.90 99999.90 99999.90 99999.90 99999.90 99999.90 99999.90 99999.90 99999.90 99999.90 99999.90 99999.90 99999.90 99999.90 99999.90 99999.90
