main/data/irradiance/18.01.2023.grid
ncols 839
nrows 679
xllcenter 112.0500
yllcenter -43.9500
cellsize 0.0500
nodata_value 99999.90
[rows 306 to 339 of 679, columns 0 to 76 of 839]
99999.90 99999.90 99999.90 99999.90 99999.90 99999.90 99999.90 99999.90 29.95 29.95 29.95 29.95 29.95 29.95 29.95 29.95 29.95 29.95 29.95 29.95 29.95 29.95 29.95 29.95 28.14 28.14 28.14 28.14 28.14 28.14 28.14 28.30 29.07 29.07 29.07 27.78 27.78 27.78 26.76 27.97 29.23 28.69 28.03 27.34 26.74 25.18 24.30 24.05 24.82 24.42 25.66 24.01 24.39 24.59 26.63 27.38 25.85 25.06 25.37 25.05 25.31 26.94 24.84 26.11 26.45 26.59 26.34 26.16 26.04 25.57 24.43 25.47 24.12 24.96 23.23 24.16 24.83
99999.90 99999.90 99999.90 99999.90 99999.90 99999.90 99999.90 99999.90 29.95 29.95 29.95 29.95 29.95 29.95 29.95 29.95 29.95 29.95 29.95 29.95 29.95 29.95 29.95 29.95 28.14 28.14 28.14 28.14 28.14 28.14 28.14 28.14 29.07 27.78 27.78 27.78 27.78 27.78 27.71 27.83 28.26 28.32 28.73 28.43 27.49 25.85 23.65 23.03 24.13 23.73 24.92 25.92 25.46 26.25 26.95 27.67 27.27 25.88 25.60 26.78 25.79 25.36 24.85 24.59 24.12 25.67 25.96 25.74 26.20 24.48 25.82 26.27 24.97 26.80 26.52 27.03 26.11
99999.90 99999.90 99999.90 99999.90 99999.90 99999.90 99999.90 99999.90 29.95 29.95 29.95 29.95 29.95 29.95 29.95 29.95 29.95 29.95 29.95 29.95 29.95 29.95 29.95 29.95 28.14 28.14 28.14 28.14 28.14 28.14 28.14 28.14 28.14 27.78 27.78 27.78 28.39 28.39 28.39 27.61 28.04 27.61 28.45 27.48 27.88 26.61 26.41 25.62 23.32 23.71 23.51 24.44 26.31 25.70 26.19 26.78 27.09 27.25 26.24 25.69 25.56 26.76 26.65 25.59 25.74 23.91 27.07 26.29 26.56 26.19 27.21 26.37 24.63 26.94 27.50 26.54 25.94
99999.90 99999.90 99999.90 99999.90 99999.90 99999.90 99999.90 99999.90 29.95 29.95 29.95 29.95 29.95 29.95 29.95 29.95 29.95 29.95 29.95 29.95 29.95 29.95 29.95 30.16 28.14 28.14 28.14 28.14 28.14 28.14 28.14 28.14 29.00 27.78 28.39 28.39 28.39 28.39 28.39 28.53 28.16 28.33 28.45 27.91 27.58 25.73 26.09 25.94 24.19 23.01 22.93 23.73 25.61 25.79 24.78 25.59 25.46 25.52 24.29 26.36 27.19 26.78 26.81 27.41 26.79 24.28 25.28 26.39 27.20 26.65 27.48 27.69 26.99 27.56 27.30 26.50 25.63
99999.90 99999.90 99999.90 99999.90 99999.90 99999.90 99999.90 99999.90 29.95 29.95 29.95 29.95 29.95 29.95 29.95 29.95 29.95 29.95 29.95 29.95 29.95 30.16 30.16 30.16 28.14 28.14 28.14 28.14 28.14 28.14 28.14 29.00 29.00 29.27 28.39 28.39 28.39 28.39 28.53 28.53 27.80 28.95 28.01 27.73 27.11 26.66 25.39 24.80 24.36 25.03 24.05 21.75 25.22 25.03 25.75 24.78 26.64 25.08 25.07 25.97 27.32 28.23 24.82 24.21 25.59 26.86 24.83 23.32 26.32 25.29 24.90 27.08 28.21 26.27 25.98 25.90 26.73
99999.90 99999.90 99999.90 99999.90 99999.90 99999.90 99999.90 99999.90 30.02 30.02 30.02 30.02 30.02 30.02 30.02 30.02 30.02 30.02 30.02 30.02 30.16 30.16 30.16 30.16 28.14 28.14 28.14 28.14 28.14 28.14 29.00 29.00 29.27 29.27 28.32 28.39 28.39 28.53 27.13 27.13 27.13 27.77 28.46 27.14 27.39 26.53 25.60 24.33 25.13 25.21 25.10 23.87 25.03 23.83 26.72 26.75 25.85 25.16 25.57 23.81 24.74 25.28 25.91 25.16 26.08 27.57 26.19 24.61 25.34 24.50 25.72 25.59 27.57 27.03 27.26 28.24 25.60
99999.90 99999.90 99999.90 99999.90 99999.90 99999.90 99999.90 99999.90 30.19 30.19 30.19 30.19 30.19 30.19 30.19 30.19 30.19 30.19 30.19 30.16 30.16 30.16 30.16 30.16 28.79 28.79 28.79 28.79 28.79 29.00 29.00 29.27 29.27 28.32 28.32 30.00 30.00 27.13 27.13 27.13 27.13 27.68 28.41 28.39 28.61 28.41 25.80 24.40 25.24 24.84 25.09 25.56 24.43 24.40 25.84 26.35 25.11 26.83 25.00 23.73 23.91 25.89 24.53 27.28 28.59 28.53 26.42 25.80 25.09 25.64 27.04 26.99 26.84 27.10 27.61 26.76 26.13
99999.90 99999.90 99999.90 99999.90 99999.90 99999.90 99999.90 99999.90 29.86 29.86 29.86 29.86 29.86 29.86 29.86 29.86 29.86 29.86 29.86 30.16 30.16 30.16 30.05 30.05 29.08 29.08 29.08 29.08 29.08 28.95 29.27 29.27 28.32 28.32 27.96 30.00 30.00 30.00 27.13 27.13 27.68 27.68 28.09 28.57 28.41 27.89 26.75 26.76 25.80 24.37 25.88 23.78 24.33 25.73 24.53 25.79 23.47 22.27 25.32 26.13 26.09 28.02 28.56 27.09 26.95 27.70 28.78 28.22 26.86 26.07 25.25 25.85 25.15 26.06 25.68 25.50 26.56
99999.90 99999.90 99999.90 99999.90 99999.90 99999.90 99999.90 99999.90 29.86 29.86 29.86 29.86 29.86 29.86 29.86 29.86 29.86 29.86 29.86 30.09 30.09 30.05 30.05 30.05 30.24 30.24 30.24 30.24 30.24 29.73 29.57 28.32 28.32 27.96 27.96 30.00 30.00 30.00 30.00 27.68 28.67 28.67 28.67 28.43 28.52 28.60 27.11 26.53 26.37 25.75 26.04 25.98 25.00 26.56 25.35 25.91 25.59 24.66 23.38 24.14 25.47 25.29 26.72 25.99 25.41 25.04 25.79 28.68 28.06 26.53 25.66 25.62 24.91 24.90 23.60 25.72 27.69
99999.90 99999.90 99999.90 99999.90 99999.90 99999.90 99999.90 99999.90 29.86 29.86 29.86 29.86 29.86 29.86 29.86 29.86 29.86 30.03 30.03 30.03 30.05 30.05 30.05 29.92 29.92 30.24 30.24 30.24 30.24 30.24 29.87 29.11 27.96 27.96 27.96 30.00 30.00 30.00 30.00 28.67 28.67 28.67 28.67 29.13 28.53 28.15 27.91 27.33 26.14 26.08 25.56 26.93 26.46 25.53 26.30 24.74 24.88 26.24 26.15 24.60 25.62 24.85 25.40 24.46 24.61 25.34 26.85 28.33 27.53 25.21 24.97 24.90 25.66 26.48 25.87 26.19 24.09
99999.90 99999.90 99999.90 99999.90 99999.90 99999.90 99999.90 99999.90 29.86 29.86 29.86 29.86 29.86 29.86 29.86 30.03 30.03 30.03 30.03 30.03 29.78 29.78 29.92 29.92 29.92 30.24 30.24 30.25 30.25 30.25 29.84 29.90 28.98 28.98 29.68 30.00 30.00 30.00 30.00 30.00 28.67 28.67 29.13 29.13 28.53 28.68 27.78 28.11 26.46 26.26 26.03 27.41 27.19 26.46 26.82 25.57 25.33 24.12 26.71 25.81 25.70 26.40 26.63 26.99 26.10 26.84 26.90 26.90 28.54 27.72 27.15 25.85 27.38 26.32 27.51 27.62 24.45
99999.90 99999.90 99999.90 99999.90 99999.90 99999.90 99999.90 99999.90 29.86 29.86 29.86 29.86 29.86 30.03 30.03 30.03 30.03 30.03 29.68 29.68 29.68 29.92 29.92 29.92 29.92 29.92 30.25 30.25 30.25 30.25 30.10 30.02 29.81 29.68 29.68 30.00 30.00 30.00 30.00 30.00 28.67 29.13 29.13 29.33 29.01 29.01 28.86 28.74 28.93 26.80 25.89 26.55 26.09 26.33 26.01 24.89 24.37 24.51 23.34 26.86 24.89 24.98 26.17 27.96 24.87 25.99 28.00 27.13 29.43 28.37 26.60 24.96 25.57 25.91 25.58 26.35 26.05
99999.90 99999.90 99999.90 99999.90 99999.90 99999.90 99999.90 99999.90 29.86 29.86 29.86 30.03 30.03 30.03 30.03 30.03 29.68 29.68 29.68 29.68 29.68 29.92 29.92 29.92 30.07 30.07 30.25 30.25 30.53 30.53 30.53 30.22 30.13 29.68 29.68 30.00 30.00 30.00 30.00 30.00 29.33 29.33 29.33 29.33 29.33 29.02 27.14 29.04 27.32 27.36 25.75 24.69 24.98 25.59 26.09 25.29 24.68 25.79 25.12 25.91 26.41 25.06 26.13 27.14 25.76 26.54 28.78 28.06 27.91 29.37 28.00 26.92 24.82 26.07 25.16 26.36 26.60
99999.90 99999.90 99999.90 99999.90 99999.90 99999.90 99999.90 99999.90 29.86 30.03 30.03 30.03 30.03 30.03 29.68 29.68 29.68 29.68 29.68 29.68 29.68 30.07 30.07 30.07 30.07 30.12 30.12 30.25 30.25 30.25 30.25 30.34 29.73 29.73 29.73 29.68 30.00 30.00 30.00 30.00 29.33 29.33 29.33 29.33 29.33 29.98 29.18 27.69 27.47 27.18 25.60 25.48 24.96 24.67 24.84 25.36 26.19 25.82 27.11 25.95 25.78 28.01 27.26 24.95 24.64 26.75 27.27 27.22 26.14 28.78 28.61 27.59 25.64 26.10 27.03 26.25 24.86
99999.90 99999.90 99999.90 99999.90 99999.90 99999.90 99999.90 99999.90 29.86 30.03 30.03 30.03 29.68 29.68 29.68 29.68 29.68 29.68 29.68 30.07 30.07 30.07 30.07 30.07 30.12 30.12 30.12 29.84 30.25 30.25 30.25 30.13 29.76 29.76 29.76 30.21 30.21 30.21 30.21 30.21 29.50 29.50 29.65 29.65 29.65 29.75 29.56 28.68 27.33 27.91 26.05 26.37 25.93 25.37 26.05 26.04 25.65 25.62 24.91 24.79 25.42 27.20 27.06 26.73 26.52 27.23 26.22 27.06 25.66 26.12 28.58 28.20 28.16 25.23 28.06 27.07 25.61
99999.90 99999.90 99999.90 99999.90 99999.90 99999.90 99999.90 99999.90 29.86 30.03 29.68 29.68 29.68 29.68 29.68 29.68 29.68 29.68 30.07 30.07 30.07 30.07 30.07 30.12 30.12 30.12 29.84 29.84 29.84 30.25 30.13 30.13 30.19 30.19 30.19 30.21 30.21 30.21 30.21 30.33 29.50 29.50 29.50 29.82 29.82 29.77 29.06 29.44 28.28 28.16 26.62 25.93 26.31 26.66 27.20 24.80 22.87 24.75 26.22 25.61 26.18 26.57 25.92 25.75 26.68 27.28 27.48 26.60 26.16 24.39 27.33 28.80 27.17 27.43 27.81 27.75 26.93
99999.90 99999.90 99999.90 99999.90 99999.90 99999.90 99999.90 99999.90 29.86 30.03 29.68 29.68 29.68 29.68 29.68 29.68 30.07 30.07 30.07 30.07 30.07 30.07 30.12 30.12 30.12 30.12 29.84 29.84 29.84 29.84 30.40 30.40 30.40 30.40 29.83 30.21 30.21 30.21 30.33 30.33 29.50 29.50 29.50 29.50 29.05 29.63 28.74 28.42 28.83 28.66 27.41 25.87 25.68 26.63 27.24 26.85 25.79 26.31 26.28 25.56 26.51 27.07 25.83 26.89 26.81 25.16 27.73 26.41 27.34 27.43 25.53 26.56 27.35 27.25 27.66 25.45 26.87
99999.90 99999.90 99999.90 99999.90 99999.90 99999.90 99999.90 99999.90 29.86 30.03 29.68 29.68 29.68 29.68 29.68 30.07 30.07 30.07 30.07 30.28 30.28 30.28 30.28 30.28 30.28 30.12 29.84 29.84 29.84 29.84 30.40 30.40 30.40 30.40 29.83 29.83 30.12 30.33 30.33 30.33 30.33 30.30 30.30 30.30 30.31 29.93 29.44 28.76 28.49 29.65 27.78 27.45 25.35 24.97 24.76 25.74 26.80 25.08 25.93 26.37 27.45 27.44 26.01 27.54 27.59 27.03 26.97 25.73 25.91 27.29 26.73 25.64 25.57 27.15 26.77 25.75 27.56
99999.90 99999.90 99999.90 99999.90 99999.90 99999.90 99999.90 99999.90 99999.90 30.03 29.68 29.68 29.68 30.07 30.07 30.07 30.28 30.28 30.28 30.28 30.28 30.28 30.28 30.28 30.12 30.12 30.21 30.21 30.21 30.21 30.40 30.40 30.40 30.49 30.49 30.49 29.79 30.05 30.05 30.05 30.40 30.35 30.35 30.35 30.14 30.05 29.13 28.38 29.34 29.07 28.41 28.38 28.35 26.55 24.98 26.03 26.61 26.22 25.43 26.94 26.45 25.85 23.46 26.37 26.64 27.18 25.55 25.67 25.78 26.60 26.47 25.99 27.02 27.24 28.31 27.00 27.65
99999.90 99999.90 99999.90 99999.90 99999.90 99999.90 99999.90 99999.90 99999.90 30.03 29.68 29.68 30.07 30.28 30.28 30.28 30.28 30.28 30.28 30.28 30.28 30.28 30.28 30.12 30.12 29.58 29.58 29.95 29.95 29.89 29.89 29.96 30.40 30.49 30.49 30.49 30.37 30.11 30.11 30.40 30.40 30.35 30.35 30.35 30.11 30.01 29.59 28.50 29.42 28.82 27.97 28.54 28.11 27.88 26.99 27.00 27.68 27.83 25.58 25.81 27.72 25.26 27.10 28.07 27.91 27.16 25.93 26.42 26.14 27.99 25.79 26.06 27.42 27.83 28.19 27.95 28.71
99999.90 99999.90 99999.90 99999.90 99999.90 99999.90 99999.90 99999.90 99999.90 99999.90 29.68 29.68 30.07 30.28 30.28 30.28 30.28 30.28 30.28 30.28 30.28 30.28 30.12 30.17 30.17 30.17 30.11 29.75 29.89 29.89 29.96 29.96 29.96 30.49 30.49 30.37 30.37 30.37 30.40 30.40 30.33 29.72 29.72 30.05 30.05 30.05 29.74 28.55 28.80 29.13 28.47 28.73 28.48 28.45 26.14 25.31 26.53 26.97 26.08 25.06 27.75 26.65 27.63 27.98 27.72 28.18 25.68 25.22 24.50 25.18 25.08 25.28 28.02 27.31 25.91 27.79 27.27
99999.90 99999.90 99999.90 99999.90 99999.90 99999.90 99999.90 99999.90 99999.90 99999.90 29.68 29.68 30.07 30.28 30.28 30.28 30.28 30.28 30.28 30.28 30.28 30.32 30.32 30.32 30.32 30.32 30.16 29.91 29.94 29.96 29.96 29.96 29.96 30.49 30.37 30.40 30.40 30.40 30.26 30.33 30.33 29.72 29.72 29.98 30.04 30.09 29.75 28.28 29.37 29.76 28.65 28.37 28.88 29.29 27.03 25.61 26.16 25.29 26.17 26.83 25.84 25.55 25.01 27.71 25.88 25.25 25.44 27.76 24.72 23.70 24.51 26.32 27.60 27.82 27.65 27.70 28.33
99999.90 99999.90 99999.90 99999.90 99999.90 99999.90 99999.90 99999.90 99999.90 99999.90 99999.90 99999.90 30.07 30.28 30.28 30.28 30.28 30.28 30.28 30.32 30.32 30.32 30.32 30.32 30.32 30.32 30.16 30.27 29.92 30.15 30.15 30.15 30.15 30.03 30.03 30.45 30.45 30.45 30.17 30.24 30.24 29.29 30.24 30.14 30.01 29.62 29.20 29.00 29.39 29.46 29.31 29.18 27.80 28.87 27.35 25.77 25.69 26.88 27.52 27.38 27.38 25.24 26.00 26.67 27.15 24.16 26.70 28.24 28.66 28.11 26.25 26.48 25.99 27.01 26.10 27.37 26.64
99999.90 99999.90 99999.90 99999.90 99999.90 99999.90 99999.90 99999.90 99999.90 99999.90 99999.90 99999.90 30.07 30.28 30.28 30.28 30.28 30.32 30.32 30.32 30.32 30.32 30.32 30.32 30.32 30.32 30.44 30.44 30.02 29.63 29.63 29.63 29.87 29.87 30.03 30.03 30.47 30.47 30.33 30.13 30.22 30.52 30.23 30.23 29.83 29.74 28.55 29.24 29.61 29.83 29.12 29.28 27.52 28.90 26.97 26.67 26.90 27.71 27.43 28.68 26.53 25.51 27.11 27.10 27.69 27.59 26.17 27.39 29.47 28.96 27.28 27.14 29.21 27.53 27.36 26.74 27.23
99999.90 99999.90 99999.90 99999.90 99999.90 99999.90 99999.90 99999.90 99999.90 99999.90 99999.90 99999.90 30.07 30.28 30.28 30.32 30.32 30.32 30.32 30.32 30.32 30.32 30.32 30.32 30.32 30.44 30.44 30.44 30.02 30.14 30.14 29.87 29.87 29.88 30.03 30.03 30.03 30.37 30.41 30.41 30.32 30.05 30.33 29.71 28.84 28.89 28.96 29.46 29.94 30.27 29.32 29.16 27.99 28.91 27.07 26.52 26.42 26.02 26.62 27.68 27.55 25.68 26.92 28.74 27.95 28.29 27.12 26.04 27.72 26.01 25.02 26.21 27.02 26.11 26.60 27.66 26.47
99999.90 99999.90 99999.90 99999.90 99999.90 99999.90 99999.90 99999.90 99999.90 99999.90 99999.90 99999.90 99999.90 30.28 30.28 30.32 30.32 30.32 30.32 30.32 30.32 30.32 30.32 30.32 30.44 30.44 30.44 30.44 30.14 30.14 29.87 29.87 29.87 29.88 30.11 30.56 30.56 30.36 30.36 30.41 30.26 28.90 28.33 29.47 29.05 28.34 29.01 29.31 29.85 30.27 29.62 28.69 28.19 28.99 27.03 25.23 25.93 24.81 26.58 27.69 27.97 26.02 25.78 27.52 26.38 27.26 27.46 27.65 26.67 27.32 26.79 27.56 26.62 27.09 26.27 27.11 27.36
99999.90 99999.90 99999.90 99999.90 99999.90 99999.90 99999.90 99999.90 99999.90 99999.90 99999.90 99999.90 99999.90 30.28 30.28 30.32 30.32 30.32 30.32 30.32 30.32 30.32 30.32 30.44 30.44 30.44 30.44 30.14 30.14 30.14 30.21 30.21 30.21 29.88 30.11 30.34 30.32 30.43 30.21 29.71 28.50 29.38 28.69 29.51 28.55 29.87 28.66 29.25 29.41 28.80 28.66 28.32 29.11 29.52 28.84 26.82 26.93 26.77 27.89 25.63 27.41 26.01 26.01 25.56 24.58 25.10 26.58 27.17 27.69 26.07 27.58 28.16 28.20 29.11 27.23 28.47 29.85
99999.90 99999.90 99999.90 99999.90 99999.90 99999.90 99999.90 99999.90 99999.90 99999.90 99999.90 99999.90 99999.90 30.28 30.28 30.32 30.32 30.32 30.32 30.32 30.32 30.32 30.44 30.44 30.44 30.44 30.44 30.14 30.14 30.21 30.21 30.21 30.09 30.04 30.22 30.19 30.31 30.25 30.40 28.94 29.47 29.42 28.33 28.70 28.78 29.81 29.50 29.88 29.94 28.75 28.34 28.89 28.02 28.28 27.99 28.95 26.83 25.95 28.57 28.00 26.57 28.84 28.17 26.83 26.95 25.91 27.49 28.31 27.83 26.51 27.68 28.88 28.62 29.82 29.46 29.31 29.53
99999.90 99999.90 99999.90 99999.90 99999.90 99999.90 99999.90 99999.90 99999.90 99999.90 99999.90 99999.90 99999.90 99999.90 30.12 30.32 30.32 30.32 30.32 30.32 30.32 30.44 30.44 30.44 30.44 30.44 30.14 30.14 30.21 30.21 30.31 30.31 30.31 29.89 29.92 29.98 30.17 30.22 30.15 29.72 29.36 30.01 28.99 28.67 29.42 29.93 29.34 29.16 28.62 28.30 28.25 28.82 28.21 27.85 29.00 27.99 27.79 26.92 28.59 28.81 28.23 27.89 27.73 26.88 26.70 26.71 28.33 29.55 28.93 28.72 28.08 28.59 29.35 28.69 30.07 29.85 28.67
99999.90 99999.90 99999.90 99999.90 99999.90 99999.90 99999.90 99999.90 99999.90 99999.90 99999.90 99999.90 99999.90 99999.90 99999.90 30.32 30.32 30.32 30.32 30.32 30.44 30.44 30.44 30.44 30.44 30.44 30.14 30.21 30.31 30.31 30.31 30.31 30.31 30.10 30.11 29.87 30.23 30.27 30.16 29.61 29.70 30.12 29.43 28.32 29.86 28.67 27.55 28.57 28.78 28.40 29.03 28.17 28.58 28.70 29.05 29.02 28.05 26.66 26.88 27.79 26.99 28.22 28.56 27.42 26.95 26.97 28.49 29.27 29.06 28.67 28.92 26.02 27.48 29.09 28.72 28.85 28.68
99999.90 99999.90 99999.90 99999.90 99999.90 99999.90 99999.90 99999.90 99999.90 99999.90 99999.90 99999.90 99999.90 99999.90 99999.90 30.32 30.32 30.32 30.32 30.44 30.44 30.44 30.44 30.44 30.44 30.14 30.31 30.31 30.31 30.31 30.31 30.31 30.10 30.10 30.33 30.31 30.26 30.23 29.27 29.96 29.88 29.43 28.83 28.78 29.80 27.70 28.12 28.96 28.46 29.71 28.86 28.16 28.15 29.27 29.80 29.80 28.61 27.47 27.17 28.03 28.20 27.80 28.34 27.91 25.46 27.34 27.67 29.16 28.30 28.21 29.05 26.03 27.08 28.50 28.67 28.54 27.87
99999.90 99999.90 99999.90 99999.90 99999.90 99999.90 99999.90 99999.90 99999.90 99999.90 99999.90 99999.90 99999.90 99999.90 99999.90 30.32 30.32 30.32 30.44 30.44 30.44 30.44 30.44 30.44 30.44 30.31 30.31 30.31 30.31 30.31 30.31 30.10 30.10 30.33 30.33 30.33 30.26 30.27 29.83 29.19 29.68 29.54 28.19 29.28 29.76 28.56 28.07 28.83 28.91 29.17 28.51 28.39 27.52 27.77 28.96 28.66 29.43 28.40 27.04 27.02 28.47 29.42 28.54 28.23 27.43 27.51 27.27 27.69 27.16 29.00 29.52 27.84 27.02 27.58 28.60 28.15 28.33
99999.90 99999.90 99999.90 99999.90 99999.90 99999.90 99999.90 99999.90 99999.90 99999.90 99999.90 99999.90 99999.90 99999.90 99999.90 99999.90 99999.90 30.44 30.44 30.44 30.44 30.44 30.44 30.44 30.31 30.31 30.31 30.31 30.31 30.31 30.10 30.10 30.33 30.49 30.49 30.49 30.37 30.21 30.29 29.75 28.86 29.87 29.20 28.08 29.08 28.43 28.66 28.98 30.13 29.58 29.42 28.68 29.53 28.45 28.88 29.49 29.45 28.42 27.03 26.86 27.14 29.10 28.92 28.73 28.51 28.20 28.01 25.19 28.11 29.54 28.79 29.65 28.88 28.05 28.44 27.94 27.90
99999.90 99999.90 99999.90 99999.90 99999.90 99999.90 99999.90 99999.90 99999.90 99999.90 99999.90 99999.90 99999.90 99999.90 99999.90 99999.90 99999.90 30.44 30.44 30.44 30.44 30.44 30.44 30.31 30.31 30.31 30.31 30.31 30.31 30.10 30.10 30.49 30.49 30.49 30.49 30.49 30.30 30.34 30.25 29.70 29.86 29.72 30.00 29.36 30.17 28.41 28.08 28.94 29.55 29.58 28.94 29.15 28.84 28.38 28.75 29.58 29.90 29.41 26.95 27.57 27.77 28.47 28.45 28.38 29.28 28.26 27.10 25.79 27.25 28.81 28.83 29.70 29.57 28.62 28.38 27.54 29.01
