main/data/irradiance/18.10.2023.grid
ncols 839
nrows 679
xllcenter 112.0500
yllcenter -43.9500
cellsize 0.0500
nodata_value 99999.90
[rows 238 to 271 of 679, columns 77 to 153 of 839]
27.63 27.63 27.61 27.58 27.57 27.59 27.59 27.59 27.60 27.60 27.62 27.61 27.57 27.56 27.55 27.53 27.56 27.52 27.51 27.52 27.55 27.55 27.54 27.54 27.53 27.53 27.55 27.55 27.55 27.56 27.57 27.58 27.58 27.56 27.54 27.54 27.57 27.57 27.57 27.56 27.55 27.49 27.46 27.53 27.55 27.58 27.63 27.62 27.62 27.63 27.63 27.63 27.64 27.67 27.67 27.66 27.65 27.64 27.66 27.68 27.63 27.65 27.65 27.67 27.66 27.63 27.62 27.67 27.66 27.63 27.61 27.65 27.64 27.64 27.64 27.64 27.62
27.61 27.62 27.63 27.57 27.57 27.57 27.60 27.60 27.59 27.60 27.59 27.53 27.56 27.55 27.54 27.54 27.53 27.52 27.54 27.52 27.53 27.56 27.56 27.54 27.54 27.54 27.54 27.52 27.53 27.53 27.55 27.56 27.55 27.56 27.56 27.54 27.56 27.51 27.51 27.52 27.55 27.50 27.48 27.48 27.55 27.56 27.61 27.61 27.61 27.60 27.60 27.62 27.62 27.62 27.66 27.67 27.63 27.64 27.64 27.64 27.66 27.67 27.63 27.67 27.67 27.67 27.60 27.66 27.64 27.63 27.67 27.64 27.65 27.64 27.62 27.63 27.65
27.61 27.62 27.62 27.59 27.61 27.57 27.58 27.54 27.58 27.58 27.53 27.52 27.52 27.55 27.56 27.55 27.53 27.53 27.52 27.53 27.50 27.49 27.53 27.54 27.54 27.51 27.49 27.51 27.53 27.53 27.54 27.53 27.54 27.54 27.51 27.52 27.51 27.48 27.49 27.50 27.51 27.50 27.46 27.46 27.50 27.50 27.55 27.55 27.57 27.55 27.57 27.60 27.59 27.59 27.60 27.60 27.62 27.60 27.62 27.62 27.61 27.63 27.62 27.61 27.65 27.65 27.62 27.64 27.63 27.63 27.63 27.64 27.62 27.63 27.66 27.64 27.63
27.60 27.63 27.61 27.62 27.62 27.60 27.52 27.49 27.53 27.49 27.52 27.53 27.51 27.54 27.54 27.54 27.53 27.53 27.52 27.50 27.53 27.51 27.53 27.51 27.52 27.52 27.53 27.53 27.54 27.54 27.54 27.55 27.54 27.54 27.54 27.53 27.51 27.48 27.47 27.47 27.49 27.54 27.48 27.47 27.45 27.43 27.49 27.47 27.50 27.54 27.50 27.53 27.54 27.59 27.59 27.61 27.61 27.60 27.62 27.62 27.61 27.62 27.61 27.63 27.63 27.66 27.64 27.63 27.65 27.65 27.66 27.63 27.64 27.59 27.62 27.62 27.61
27.61 27.62 27.61 27.58 27.61 27.61 27.53 27.49 27.46 27.46 27.50 27.49 27.48 27.48 27.51 27.51 27.52 27.52 27.52 27.52 27.51 27.49 27.51 27.50 27.50 27.53 27.54 27.53 27.54 27.52 27.54 27.54 27.54 27.53 27.54 27.57 27.57 27.51 27.49 27.49 27.48 27.51 27.45 27.46 27.45 27.43 27.55 27.51 27.53 27.52 27.48 27.51 27.48 27.46 27.50 27.55 27.56 27.57 27.56 27.60 27.60 27.58 27.59 27.59 27.60 27.63 27.62 27.61 27.63 27.61 27.63 27.63 27.63 27.61 27.63 27.60 27.60
27.59 27.60 27.59 27.58 27.57 27.53 27.49 27.52 27.50 27.46 27.44 27.47 27.47 27.48 27.47 27.49 27.50 27.50 27.51 27.52 27.53 27.51 27.49 27.46 27.50 27.50 27.52 27.49 27.51 27.51 27.55 27.57 27.56 27.55 27.57 27.57 27.56 27.50 27.50 27.47 27.47 27.49 27.51 27.51 27.53 27.54 27.52 27.57 27.53 27.50 27.46 27.51 27.53 27.49 27.52 27.46 27.46 27.49 27.49 27.54 27.54 27.56 27.57 27.57 27.58 27.61 27.62 27.61 27.62 27.62 27.62 27.61 27.59 27.60 27.61 27.61 27.57
27.60 27.59 27.58 27.58 27.54 27.52 27.53 27.51 27.53 27.53 27.48 27.45 27.49 27.50 27.46 27.49 27.51 27.47 27.49 27.50 27.50 27.49 27.49 27.48 27.47 27.47 27.45 27.47 27.50 27.51 27.50 27.57 27.57 27.57 27.56 27.55 27.50 27.47 27.48 27.46 27.46 27.46 27.49 27.51 27.49 27.52 27.57 27.57 27.60 27.58 27.53 27.55 27.56 27.54 27.52 27.51 27.52 27.47 27.46 27.46 27.46 27.46 27.46 27.47 27.48 27.53 27.55 27.53 27.56 27.61 27.61 27.61 27.60 27.60 27.60 27.59 27.59
27.59 27.60 27.51 27.52 27.52 27.52 27.54 27.53 27.50 27.52 27.52 27.47 27.45 27.48 27.50 27.49 27.48 27.45 27.46 27.49 27.49 27.51 27.50 27.49 27.51 27.50 27.47 27.48 27.45 27.45 27.49 27.53 27.55 27.54 27.55 27.54 27.57 27.56 27.57 27.51 27.48 27.46 27.46 27.49 27.49 27.46 27.49 27.54 27.56 27.57 27.60 27.60 27.54 27.54 27.51 27.48 27.48 27.50 27.51 27.45 27.47 27.50 27.48 27.46 27.45 27.44 27.47 27.47 27.53 27.56 27.58 27.59 27.59 27.59 27.60 27.59 27.58
27.59 27.56 27.51 27.51 27.46 27.50 27.53 27.56 27.52 27.50 27.50 27.49 27.48 27.51 27.51 27.53 27.53 27.51 27.50 27.44 27.47 27.47 27.52 27.53 27.53 27.53 27.50 27.47 27.49 27.50 27.52 27.49 27.48 27.47 27.47 27.54 27.56 27.56 27.55 27.49 27.48 27.47 27.48 27.43 27.45 27.45 27.45 27.54 27.53 27.55 27.57 27.57 27.58 27.58 27.54 27.53 27.50 27.49 27.49 27.51 27.54 27.55 27.56 27.54 27.56 27.58 27.57 27.49 27.49 27.49 27.53 27.53 27.55 27.55 27.56 27.55 27.55
27.62 27.56 27.48 27.48 27.43 27.50 27.52 27.52 27.53 27.52 27.49 27.45 27.44 27.45 27.47 27.49 27.51 27.55 27.55 27.55 27.55 27.56 27.56 27.57 27.55 27.54 27.54 27.52 27.52 27.49 27.35 27.45 27.48 27.45 27.48 27.51 27.46 27.45 27.49 27.48 27.46 27.47 27.42 27.46 27.45 27.45 27.45 27.53 27.53 27.53 27.55 27.54 27.55 27.55 27.57 27.56 27.53 27.52 27.49 27.48 27.48 27.51 27.56 27.54 27.56 27.56 27.61 27.53 27.56 27.50 27.45 27.46 27.47 27.48 27.48 27.48 27.47
27.61 27.53 27.54 27.51 27.50 27.49 27.47 27.52 27.53 27.54 27.53 27.50 27.45 27.43 27.46 27.49 27.51 27.51 27.54 27.56 27.55 27.56 27.56 27.55 27.55 27.53 27.53 27.49 27.51 27.50 27.51 27.51 27.51 27.49 27.48 27.48 27.44 27.44 27.45 27.43 27.45 27.45 27.39 27.41 27.45 27.45 27.45 27.49 27.48 27.52 27.55 27.53 27.51 27.49 27.55 27.54 27.53 27.57 27.57 27.55 27.53 27.50 27.47 27.45 27.51 27.53 27.50 27.52 27.52 27.52 27.54 27.56 27.54 27.52 27.11 27.27 27.39
27.56 27.53 27.53 27.52 27.53 27.52 27.48 27.46 27.50 27.52 27.52 27.50 27.46 27.46 27.47 27.43 27.48 27.46 27.47 27.49 27.50 27.52 27.53 27.54 27.54 27.52 27.51 27.48 27.47 27.48 27.46 27.50 27.53 27.54 27.51 27.43 27.44 27.47 27.50 27.49 27.47 27.44 27.45 27.47 27.47 27.44 27.44 27.53 27.50 27.52 27.52 27.53 27.50 27.51 27.52 27.53 27.52 27.50 27.54 27.55 27.55 27.55 27.53 27.51 27.49 27.53 27.48 27.44 27.47 27.48 27.48 27.54 27.55 27.54 27.55 27.28 26.84
27.55 27.54 27.55 27.54 27.57 27.57 27.56 27.53 27.52 27.52 27.53 27.55 27.53 27.52 27.50 27.45 27.42 27.47 27.49 27.49 27.50 27.50 27.50 27.51 27.49 27.47 27.43 27.45 27.46 27.47 27.49 27.52 27.52 27.55 27.51 27.50 27.48 27.46 27.49 27.50 27.47 27.45 27.43 27.42 27.42 27.44 27.39 27.52 27.53 27.53 27.53 27.51 27.53 27.52 27.53 27.52 27.54 27.50 27.50 27.51 27.51 27.54 27.52 27.54 27.54 27.52 27.51 27.52 27.53 27.49 27.46 27.45 27.50 27.54 27.59 27.62 27.58
27.54 27.55 27.57 27.56 27.53 27.55 27.56 27.55 27.54 27.46 27.43 27.45 27.48 27.49 27.53 27.50 27.49 27.46 27.50 27.49 27.52 27.51 27.50 27.52 27.49 27.46 27.45 27.46 27.47 27.49 27.51 27.47 27.46 27.52 27.52 27.52 27.53 27.45 27.40 27.45 27.46 27.45 27.40 27.31 27.44 27.46 27.42 27.47 27.51 27.53 27.52 27.50 27.51 27.50 27.52 27.55 27.52 27.48 27.47 27.44 27.42 27.50 27.50 27.53 27.54 27.53 27.52 27.52 27.50 27.49 27.46 27.46 27.44 27.46 27.56 27.61 27.59
27.60 27.60 27.63 27.59 27.57 27.54 27.57 27.54 27.52 27.52 27.51 27.47 27.48 27.45 27.45 27.49 27.49 27.48 27.46 27.47 27.51 27.52 27.52 27.50 27.51 27.53 27.52 27.50 27.51 27.52 27.51 27.50 27.52 27.51 27.48 27.48 27.48 27.48 27.48 27.45 27.47 27.49 27.46 27.44 27.42 27.45 27.37 27.50 27.48 27.49 27.49 27.49 27.51 27.50 27.50 27.50 27.48 27.43 27.43 27.45 27.48 27.50 27.52 27.52 27.51 27.52 27.53 27.52 27.49 27.49 27.45 27.45 27.45 27.43 27.46 27.55 27.55
27.56 27.57 27.58 27.54 27.55 27.56 27.53 27.54 27.53 27.52 27.52 27.50 27.48 27.44 27.47 27.49 27.48 27.49 27.50 27.50 27.52 27.50 27.46 27.49 27.53 27.55 27.55 27.53 27.53 27.50 27.46 27.47 27.46 27.46 27.45 27.46 27.47 27.47 27.46 27.50 27.48 27.47 27.49 27.48 27.49 27.47 27.43 27.41 27.48 27.51 27.50 27.52 27.50 27.50 27.50 27.49 27.48 27.52 27.51 27.47 27.48 27.50 27.54 27.51 27.50 27.53 27.51 27.51 27.50 27.51 27.49 27.48 27.47 27.43 27.43 27.46 27.48
27.57 27.54 27.53 27.53 27.55 27.54 27.54 27.53 27.48 27.55 27.56 27.53 27.45 27.48 27.46 27.50 27.50 27.44 27.48 27.50 27.49 27.48 27.51 27.54 27.53 27.53 27.54 27.51 27.51 27.50 27.48 27.45 27.44 27.47 27.47 27.46 27.45 27.45 27.44 27.47 27.48 27.41 27.44 27.46 27.48 27.47 27.46 27.42 27.45 27.46 27.48 27.51 27.46 27.48 27.47 27.46 27.48 27.49 27.46 27.48 27.52 27.51 27.51 27.53 27.50 27.54 27.50 27.52 27.50 27.51 27.52 27.51 27.50 27.48 27.45 27.51 27.49
27.56 27.52 27.52 27.54 27.56 27.52 27.39 27.54 27.53 27.53 27.52 27.53 27.50 27.47 27.48 27.49 27.48 27.47 27.39 27.42 27.43 27.45 27.51 27.52 27.52 27.51 27.52 27.51 27.53 27.51 27.49 27.48 27.40 27.42 27.44 27.46 27.47 27.43 27.45 27.47 27.48 27.48 27.48 27.49 27.49 27.47 27.49 27.45 27.49 27.47 27.48 27.48 27.48 27.47 27.45 27.44 27.47 27.42 27.44 27.49 27.56 27.54 27.56 27.55 27.53 27.51 27.49 27.46 27.47 27.50 27.53 27.52 27.50 27.51 27.46 27.44 27.44
27.58 27.55 27.53 27.54 27.53 27.54 27.46 27.29 27.54 27.54 27.53 27.53 27.51 27.52 27.47 27.42 27.43 27.45 27.46 27.44 27.43 27.39 27.42 27.46 27.49 27.50 27.51 27.51 27.53 27.49 27.49 27.43 27.44 27.44 27.38 27.43 27.49 27.48 27.46 27.47 27.47 27.47 27.47 27.48 27.48 27.46 27.44 27.46 27.53 27.51 27.46 27.44 27.41 27.42 27.42 27.45 27.47 27.46 27.49 27.49 27.49 27.50 27.51 27.50 27.50 27.53 27.55 27.51 27.51 27.53 27.53 27.55 27.54 27.54 27.52 27.42 27.45
27.59 27.59 27.53 27.53 27.53 27.53 27.54 27.52 27.51 27.52 27.52 27.49 27.47 27.48 27.45 27.46 27.46 27.49 27.52 27.47 27.46 27.46 27.45 27.46 27.43 27.45 27.47 27.48 27.49 27.49 27.44 27.44 27.45 27.40 27.38 27.37 27.46 27.49 27.48 27.45 27.50 27.50 27.50 27.49 27.50 27.49 27.48 27.47 27.48 27.50 27.49 27.43 27.44 27.46 27.47 27.47 27.44 27.45 27.46 27.48 27.49 27.51 27.50 27.51 27.52 27.55 27.52 27.52 27.52 27.52 27.53 27.56 27.53 27.53 27.52 27.47 27.49
27.56 27.54 27.52 27.53 27.53 27.52 27.51 27.54 27.49 27.54 27.52 27.51 27.50 27.49 27.52 27.50 27.49 27.47 27.47 27.47 27.46 27.43 27.45 27.43 27.43 27.45 27.44 27.46 27.48 27.46 27.47 27.47 27.49 27.46 27.49 27.48 27.46 27.48 27.48 27.43 27.47 27.47 27.49 27.49 27.49 27.48 27.48 27.46 27.49 27.47 27.47 27.48 27.46 27.49 27.48 27.48 27.48 27.45 27.45 27.46 27.49 27.50 27.48 27.45 27.48 27.49 27.53 27.48 27.51 27.53 27.52 27.53 27.53 27.53 27.51 27.50 27.52
27.54 27.56 27.50 27.50 27.53 27.54 27.52 27.57 27.53 27.51 27.55 27.55 27.51 27.45 27.45 27.46 27.46 27.46 27.46 27.47 27.49 27.50 27.51 27.47 27.44 27.42 27.47 27.48 27.50 27.52 27.51 27.45 27.41 27.42 27.45 27.41 27.42 27.43 27.42 27.42 27.45 27.45 27.46 27.45 27.49 27.47 27.43 27.40 27.46 27.45 27.42 27.48 27.48 27.45 27.45 27.47 27.44 27.47 27.45 27.49 27.45 27.48 27.47 27.50 27.47 27.46 27.52 27.50 27.50 27.50 27.50 27.51 27.50 27.52 27.53 27.54 27.53
27.51 27.53 27.54 27.50 27.50 27.49 27.52 27.51 27.55 27.54 27.53 27.52 27.50 27.51 27.51 27.49 27.48 27.44 27.44 27.44 27.45 27.47 27.48 27.50 27.45 27.40 27.42 27.45 27.50 27.49 27.52 27.46 27.45 27.40 27.41 27.40 27.42 27.44 27.38 27.38 27.39 27.38 27.39 27.43 27.45 27.45 27.42 27.38 27.38 27.48 27.47 27.46 27.43 27.44 27.46 27.48 27.47 27.46 27.47 27.45 27.48 27.41 27.44 27.47 27.47 27.49 27.50 27.48 27.48 27.48 27.51 27.54 27.53 27.52 27.50 27.51 27.50
27.51 27.55 27.51 27.51 27.49 27.48 27.49 27.51 27.52 27.52 27.57 27.52 27.47 27.48 27.50 27.49 27.49 27.48 27.46 27.44 27.43 27.42 27.43 27.50 27.50 27.44 27.39 27.41 27.46 27.48 27.46 27.46 27.45 27.44 27.45 27.44 27.42 27.41 27.40 27.41 27.41 27.42 27.47 27.46 27.45 27.42 27.37 27.35 27.48 27.48 27.45 27.49 27.49 27.45 27.45 27.47 27.46 27.45 27.46 27.47 27.43 27.45 27.47 27.48 27.47 27.47 27.47 27.45 27.40 27.43 27.46 27.47 27.49 27.50 27.51 27.51 27.51
27.51 27.52 27.52 27.52 27.45 27.45 27.48 27.46 27.47 27.49 27.47 27.46 27.36 27.46 27.51 27.50 27.50 27.46 27.43 27.42 27.43 27.45 27.46 27.44 27.50 27.49 27.47 27.43 27.40 27.41 27.41 27.42 27.42 27.42 27.41 27.42 27.44 27.42 27.41 27.45 27.45 27.45 27.45 27.44 27.38 27.38 27.39 27.39 27.39 27.48 27.46 27.46 27.49 27.47 27.45 27.46 27.45 27.49 27.51 27.50 27.50 27.47 27.49 27.49 27.51 27.51 27.43 27.44 27.42 27.44 27.45 27.40 27.43 27.47 27.45 27.51 27.52
27.50 27.51 27.50 27.49 27.44 27.41 27.43 27.47 27.47 27.50 27.51 27.47 27.47 27.53 27.49 27.49 27.49 27.42 27.41 27.41 27.43 27.44 27.45 27.46 27.49 27.47 27.51 27.49 27.45 27.38 27.40 27.40 27.40 27.44 27.42 27.42 27.43 27.44 27.42 27.41 27.39 27.37 27.38 27.39 27.44 27.44 27.44 27.44 27.42 27.44 27.44 27.43 27.46 27.48 27.48 27.50 27.49 27.51 27.50 27.49 27.47 27.47 27.46 27.45 27.41 27.41 27.46 27.47 27.43 27.44 27.44 27.42 27.46 27.50 27.49 27.49 27.49
27.48 27.50 27.49 27.47 27.48 27.41 27.45 27.41 27.44 27.49 27.48 27.48 27.43 27.44 27.43 27.43 27.47 27.49 27.45 27.43 27.45 27.49 27.48 27.50 27.49 27.52 27.52 27.50 27.43 27.45 27.45 27.39 27.38 27.41 27.41 27.38 27.39 27.43 27.43 27.43 27.41 27.40 27.37 27.42 27.41 27.41 27.42 27.41 27.40 27.45 27.45 27.45 27.48 27.48 27.47 27.44 27.47 27.44 27.44 27.42 27.41 27.41 27.43 27.45 27.42 27.44 27.47 27.46 27.48 27.49 27.47 27.45 27.46 27.49 27.49 27.50 27.49
27.46 27.47 27.46 27.46 27.47 27.41 27.42 27.39 27.38 27.44 27.47 27.47 27.45 27.40 27.38 27.41 27.43 27.42 27.41 27.43 27.41 27.45 27.48 27.47 27.45 27.50 27.51 27.55 27.45 27.44 27.46 27.43 27.44 27.46 27.38 27.34 27.35 27.35 27.36 27.36 27.40 27.45 27.43 27.43 27.43 27.42 27.44 27.39 27.39 27.44 27.45 27.46 27.45 27.46 27.48 27.48 27.43 27.41 27.41 27.43 27.40 27.39 27.42 27.39 27.40 27.43 27.43 27.44 27.45 27.46 27.46 27.45 27.46 27.42 27.44 27.47 27.45
27.46 27.46 27.44 27.40 27.45 27.43 27.41 27.40 27.38 27.38 27.37 27.39 27.43 27.36 27.36 27.39 27.42 27.45 27.46 27.40 27.34 27.44 27.54 27.23 27.42 27.41 27.42 27.47 27.46 27.47 27.42 27.46 27.47 27.52 27.45 27.33 27.37 27.38 27.36 27.33 27.36 27.36 27.40 27.42 27.41 27.41 27.44 27.42 27.40 27.44 27.47 27.50 27.50 27.46 27.46 27.46 27.45 27.45 27.47 27.47 27.47 27.40 27.40 27.40 27.43 27.44 27.42 27.41 27.43 27.42 27.44 27.48 27.50 27.51 27.51 27.47 27.46
27.43 27.40 27.39 27.39 27.39 27.38 27.37 27.41 27.39 27.39 27.39 27.40 27.40 27.42 27.40 27.39 27.42 27.44 27.45 27.41 27.39 27.41 27.43 27.45 27.44 27.44 27.44 27.42 27.44 27.43 27.38 27.38 27.47 27.50 27.40 27.41 27.41 27.40 27.39 27.36 27.36 27.34 27.37 27.40 27.44 27.42 27.44 27.44 27.40 27.45 27.45 27.46 27.47 27.45 27.46 27.45 27.43 27.43 27.45 27.48 27.49 27.50 27.48 27.40 27.41 27.45 27.45 27.41 27.40 27.43 27.45 27.42 27.47 27.45 27.44 27.45 27.46
27.44 27.38 27.37 27.38 27.39 27.38 27.36 27.41 27.39 27.41 27.38 27.40 27.37 27.36 27.38 27.38 27.39 27.40 27.41 27.40 27.39 27.38 27.38 27.37 27.39 27.40 27.36 27.37 27.36 27.37 27.43 27.42 27.45 27.45 27.42 27.49 27.48 27.48 27.44 27.38 27.35 27.36 27.37 27.36 27.38 27.39 27.37 27.34 27.37 27.41 27.43 27.40 27.41 27.43 27.39 27.44 27.43 27.46 27.44 27.45 27.47 27.48 27.44 27.48 27.48 27.46 27.44 27.39 27.43 27.44 27.46 27.43 27.47 27.43 27.47 27.48 27.44
27.41 27.37 27.39 27.38 27.39 27.41 27.36 27.41 27.43 27.39 27.36 27.35 27.38 27.36 27.32 27.33 27.37 27.41 27.40 27.39 27.38 27.38 27.36 27.35 27.36 27.44 27.39 27.32 27.33 27.36 27.35 27.39 27.48 27.44 27.43 27.47 27.37 27.41 27.46 27.43 27.34 27.34 27.33 27.33 27.35 27.35 27.34 27.35 27.35 27.43 27.46 27.46 27.39 27.39 27.41 27.43 27.44 27.41 27.44 27.41 27.43 27.40 27.44 27.47 27.44 27.40 27.43 27.43 27.41 27.41 27.41 27.42 27.44 27.41 27.42 27.43 27.41
27.39 27.37 27.36 27.35 27.37 27.39 27.36 27.35 27.38 27.43 27.40 27.33 27.33 27.36 27.38 27.40 27.38 27.36 27.39 27.40 27.37 27.37 27.38 27.42 27.45 27.47 27.50 27.42 27.30 27.18 27.30 27.42 27.46 27.43 27.50 27.46 27.47 27.40 27.48 27.42 27.40 27.34 27.36 27.37 27.37 27.37 27.36 27.36 27.35 27.34 27.44 27.42 27.42 27.39 27.38 27.41 27.36 27.39 27.39 27.39 27.38 27.39 27.40 27.40 27.41 27.42 27.47 27.46 27.44 27.43 27.45 27.44 27.43 27.42 27.44 27.43 27.43
27.44 27.37 27.37 27.36 27.37 27.36 27.39 27.35 27.34 27.35 27.36 27.34 27.34 27.34 27.33 27.35 27.39 27.39 27.39 27.36 27.40 27.37 27.38 27.41 27.44 27.46 27.51 27.47 27.43 27.40 27.26 27.40 27.40 27.44 27.46 27.46 27.46 27.46 27.45 27.42 27.41 27.39 27.40 27.40 27.34 27.38 27.40 27.41 27.40 27.42 27.42 27.41 27.44 27.40 27.39 27.41 27.39 27.35 27.40 27.40 27.41 27.40 27.39 27.48 27.45 27.42 27.45 27.46 27.44 27.41 27.46 27.49 27.49 27.48 27.47 27.43 27.49
