main/data/irradiance/18.10.2023.grid
ncols 839
nrows 679
xllcenter 112.0500
yllcenter -43.9500
cellsize 0.0500
nodata_value 99999.90
[rows 68 to 101 of 679, columns 308 to 384 of 839]
27.57 27.57 27.57 27.57 27.57 27.57 27.57 27.57 27.57 99999.90 99999.90 99999.90 99999.90 99999.90 99999.90 99999.90 99999.90 99999.90 99999.90 99999.90 99999.90 99999.90 99999.90 99999.90 99999.90 99999.90 99999.90 99999.90 99999.90 99999.90 99999.90 99999.90 99999.90 99999.90 99999.90 99999.90 27.47 27.36 27.42 27.42 27.42 27.42 27.42 27.42 27.42 27.42 27.42 27.42 27.42 27.59 27.51 27.55 27.54 27.54 27.50 27.50 27.55 27.31 27.24 27.36 27.58 26.51 25.70 26.75 26.86 26.71 27.00 27.34 27.51 27.49 27.48 27.28 27.57 27.61 27.57 27.51 27.63
27.57 27.57 27.57 27.57 27.57 27.57 27.57 27.57 27.57 27.64 99999.90 99999.90 99999.90 99999.90 99999.90 99999.90 99999.90 99999.90 99999.90 99999.90 99999.90 99999.90 99999.90 99999.90 99999.90 99999.90 99999.90 99999.90 99999.90 99999.90 99999.90 99999.90 99999.90 99999.90 99999.90 99999.90 27.47 27.36 27.36 27.36 27.42 27.42 27.42 27.42 27.42 27.42 27.42 27.42 27.42 27.59 27.51 27.55 27.54 27.54 27.52 27.50 27.14 27.64 27.13 27.47 27.52 26.88 26.67 27.23 27.21 26.20 25.99 27.04 27.05 26.05 27.36 27.61 27.40 27.64 27.42 27.52 27.53
27.57 27.57 27.57 27.57 27.57 27.57 27.57 27.57 27.64 27.64 99999.90 99999.90 99999.90 99999.90 99999.90 99999.90 99999.90 99999.90 99999.90 99999.90 99999.90 99999.90 99999.90 99999.90 99999.90 99999.90 99999.90 99999.90 99999.90 99999.90 99999.90 99999.90 99999.90 99999.90 99999.90 27.46 27.47 27.36 27.36 27.36 27.36 27.36 27.36 27.42 27.42 27.42 27.42 27.42 27.42 27.59 27.51 27.55 27.50 27.51 27.36 26.94 27.14 27.55 26.92 26.93 27.44 27.44 27.55 27.40 27.32 26.64 26.98 26.98 27.14 27.43 26.87 27.72 27.39 27.42 27.46 27.44 27.55
27.57 27.57 27.57 27.57 27.57 27.57 27.57 27.64 27.64 27.64 27.55 27.55 99999.90 99999.90 99999.90 99999.90 99999.90 99999.90 99999.90 99999.90 99999.90 99999.90 99999.90 99999.90 99999.90 99999.90 99999.90 99999.90 99999.90 99999.90 99999.90 99999.90 26.99 26.99 26.99 26.99 27.47 27.36 27.36 27.36 27.36 27.36 27.36 27.36 27.36 27.36 27.38 27.38 27.38 27.42 27.50 26.99 27.32 27.24 27.23 26.97 27.30 27.46 27.25 26.75 27.28 26.80 27.20 26.77 27.30 26.89 27.09 26.62 26.97 26.43 27.24 27.77 27.44 27.60 27.82 27.52 27.46
27.57 27.57 27.57 27.57 27.57 27.57 27.64 27.64 27.64 27.55 27.55 27.55 27.64 99999.90 99999.90 99999.90 99999.90 99999.90 99999.90 99999.90 99999.90 99999.90 99999.90 99999.90 99999.90 99999.90 99999.90 99999.90 99999.90 99999.90 99999.90 99999.90 26.99 26.99 26.99 26.99 27.47 27.47 27.47 27.36 27.36 27.36 27.36 27.36 27.36 27.36 27.36 27.50 27.50 26.96 27.50 27.12 27.21 27.04 27.39 27.28 27.32 27.27 27.05 27.27 27.24 26.83 26.69 27.20 27.40 27.63 27.48 27.35 27.42 27.74 27.75 27.80 27.79 27.86 27.84 27.62 27.45
27.57 27.57 27.57 27.57 27.57 27.64 27.64 27.64 27.55 27.50 27.50 27.50 27.50 27.50 27.50 99999.90 99999.90 99999.90 99999.90 99999.90 99999.90 99999.90 99999.90 99999.90 99999.90 99999.90 99999.90 99999.90 99999.90 99999.90 99999.90 27.35 26.99 26.99 26.99 26.99 26.99 26.99 27.47 27.47 27.47 27.47 27.36 27.36 27.36 27.36 27.36 27.36 27.32 27.14 27.11 27.29 26.66 26.44 26.92 26.97 27.19 26.84 27.27 27.19 26.35 26.41 27.21 27.05 27.10 27.56 27.49 27.58 27.63 27.52 27.77 27.79 27.80 27.78 27.63 27.54 27.59
27.57 27.57 27.57 27.57 27.64 27.64 27.64 27.55 27.50 27.50 27.50 27.50 27.50 27.50 27.50 99999.90 99999.90 99999.90 99999.90 99999.90 99999.90 99999.90 99999.90 99999.90 99999.90 99999.90 99999.90 99999.90 99999.90 99999.90 27.48 27.35 26.99 26.99 26.99 26.99 26.99 26.99 26.99 27.47 27.47 27.47 27.47 27.47 27.47 27.10 27.10 27.10 27.49 27.28 26.79 26.47 27.12 26.94 27.22 26.66 26.82 27.22 26.52 26.47 27.22 26.99 27.49 27.37 27.40 27.48 27.58 27.34 27.72 27.26 27.32 27.71 27.76 27.66 27.52 27.47 27.65
27.57 27.57 27.57 27.64 27.64 27.64 27.55 27.55 27.50 27.50 27.50 27.50 27.50 27.50 27.50 27.64 99999.90 99999.90 99999.90 99999.90 99999.90 99999.90 99999.90 99999.90 99999.90 99999.90 99999.90 99999.90 99999.90 99999.90 27.48 27.48 26.99 26.99 26.99 26.99 26.99 26.99 26.99 26.99 27.47 27.47 27.47 27.47 27.47 27.47 27.47 27.10 27.46 26.71 27.12 26.80 26.80 26.91 26.71 26.12 26.42 27.51 27.14 27.05 27.46 27.18 27.64 27.68 27.54 27.64 27.65 27.62 27.59 27.63 27.64 27.70 27.77 27.65 27.47 27.63 27.58
27.57 27.57 27.64 27.64 27.64 27.55 27.55 27.50 27.50 27.50 27.50 27.50 27.50 27.50 27.50 27.64 27.66 99999.90 99999.90 99999.90 99999.90 99999.90 99999.90 99999.90 99999.90 99999.90 99999.90 99999.90 99999.90 27.02 27.48 27.48 26.99 26.99 26.99 26.99 26.99 26.99 26.99 26.99 26.99 27.47 27.47 27.47 27.47 27.47 27.47 27.56 27.16 26.97 26.63 27.35 27.12 27.00 27.49 27.64 27.45 27.66 27.55 27.32 27.54 27.59 27.44 27.73 27.61 27.64 27.62 27.63 27.66 27.62 27.66 27.73 27.61 27.60 27.65 27.79 27.82
27.57 27.64 27.64 27.64 27.55 27.55 27.50 27.50 27.50 27.50 27.50 27.50 27.50 27.50 27.50 27.66 27.66 27.33 99999.90 99999.90 99999.90 99999.90 99999.90 99999.90 99999.90 99999.90 99999.90 99999.90 99999.90 27.02 27.48 27.48 27.48 26.99 26.99 26.99 26.99 26.99 26.99 26.99 26.99 26.99 27.40 27.40 27.40 27.40 27.40 27.57 27.58 27.30 27.51 27.34 27.62 27.56 27.57 27.62 27.69 27.68 27.64 27.61 27.60 27.54 27.67 27.67 27.56 27.58 27.57 27.57 27.70 27.68 27.59 27.56 27.58 27.66 27.69 27.58 27.66
27.64 27.64 27.64 27.55 27.55 27.55 27.50 27.50 27.50 27.50 27.50 27.50 27.50 27.50 27.50 27.66 27.33 27.33 99999.90 99999.90 99999.90 99999.90 99999.90 99999.90 99999.90 99999.90 99999.90 99999.90 99999.90 27.02 27.48 27.48 27.48 27.48 27.48 26.99 26.99 26.99 26.99 26.99 26.99 26.99 26.99 27.46 27.40 27.40 27.40 27.48 27.17 27.57 27.52 27.53 27.57 27.53 27.53 27.65 27.66 27.56 27.34 27.55 27.51 27.33 27.62 27.61 27.58 27.37 27.55 27.59 27.54 27.64 27.60 27.63 27.61 27.74 27.66 27.67 27.69
27.64 27.64 27.55 27.55 27.55 27.50 27.50 27.50 27.50 27.50 27.50 27.50 27.50 27.50 27.66 27.33 27.33 27.33 27.50 99999.90 99999.90 99999.90 99999.90 99999.90 99999.90 99999.90 99999.90 99999.90 99999.90 27.02 27.48 27.48 27.48 27.48 27.48 27.48 26.99 26.99 26.99 26.99 26.99 26.99 26.99 27.47 27.46 27.39 27.39 27.49 27.46 27.55 27.56 27.56 27.62 27.61 27.41 27.60 27.62 27.53 27.64 27.57 27.45 27.37 27.38 27.51 27.60 27.46 27.56 27.41 27.44 27.62 27.59 27.53 27.63 27.73 27.79 27.73 27.73
27.65 27.55 27.55 27.55 27.64 27.50 27.50 27.50 27.50 27.50 27.50 27.50 27.66 27.66 27.33 27.33 27.33 27.33 27.50 27.57 99999.90 99999.90 99999.90 99999.90 99999.90 99999.90 99999.90 99999.90 99999.90 27.02 27.48 27.48 27.48 27.48 27.48 27.48 27.48 27.35 26.99 26.99 26.99 26.99 26.99 27.47 27.46 27.46 27.41 27.39 27.46 27.43 27.58 27.53 27.37 27.63 27.63 27.60 27.54 27.55 27.52 27.50 27.49 27.53 27.68 27.75 27.70 27.65 27.57 27.56 27.52 27.66 27.70 27.64 27.28 27.72 27.79 27.47 27.61
27.62 27.55 27.55 27.64 27.50 27.50 27.50 27.50 27.50 27.50 27.50 27.66 27.66 27.33 27.33 27.33 27.33 27.33 27.47 27.47 27.47 27.47 99999.90 99999.90 99999.90 99999.90 99999.90 99999.90 99999.90 27.02 27.02 27.02 27.48 27.48 27.48 27.48 27.48 27.48 27.35 27.35 26.99 26.99 26.99 27.47 27.57 27.58 27.47 27.30 27.20 27.26 27.36 27.51 27.41 27.44 27.64 27.66 27.57 27.55 27.59 27.62 27.55 27.53 27.50 27.70 27.65 27.64 27.70 27.68 27.58 27.65 27.64 27.65 27.43 27.61 27.76 27.62 27.34
27.63 27.57 27.64 27.64 27.50 27.50 27.50 27.50 27.50 27.64 27.66 27.66 27.33 27.33 27.33 27.33 27.33 27.47 27.47 27.47 27.47 27.47 27.50 99999.90 99999.90 99999.90 99999.90 99999.90 99999.90 27.02 27.02 27.02 27.02 27.02 27.48 27.48 27.48 27.48 27.48 27.35 27.35 27.24 27.24 27.50 27.53 27.62 27.61 27.49 27.40 27.54 27.38 27.25 27.44 27.58 27.65 27.60 27.59 27.63 27.67 27.73 27.73 27.67 27.72 27.65 27.57 27.45 27.59 27.74 27.71 27.70 27.67 27.67 27.64 27.62 27.63 27.64 27.47
27.64 27.60 27.60 27.70 27.50 27.50 27.50 27.64 27.64 27.66 27.66 27.33 27.33 27.33 27.33 27.33 27.47 27.47 27.47 27.47 27.47 27.50 27.50 27.53 99999.90 99999.90 99999.90 99999.90 99999.90 27.02 27.02 27.02 27.02 27.02 27.02 27.02 27.48 27.48 27.48 27.48 27.35 27.35 27.32 27.58 27.67 27.64 27.66 27.56 27.49 27.57 27.25 27.40 27.57 27.56 27.70 27.74 27.72 27.57 27.67 27.75 27.72 27.74 27.77 27.65 27.69 27.71 27.65 27.66 27.70 27.73 27.70 27.64 27.66 27.67 27.74 27.56 27.51
27.55 27.55 27.59 27.62 27.69 27.69 27.64 27.64 27.66 27.66 27.33 27.33 27.33 27.33 27.33 27.47 27.47 27.47 27.47 27.47 27.50 27.50 27.53 27.53 27.44 99999.90 99999.90 99999.90 99999.90 27.02 27.02 27.02 27.02 27.02 27.02 27.02 27.02 27.02 27.48 27.48 27.48 27.48 27.55 27.63 27.68 27.68 27.66 27.59 27.59 27.34 27.31 27.58 27.64 27.64 27.76 27.67 27.60 27.57 27.56 27.72 27.65 27.66 27.73 27.67 27.68 27.71 27.65 27.65 27.69 27.80 27.65 27.74 27.76 27.75 27.80 27.77 27.67
27.54 27.53 27.58 27.64 27.63 27.64 27.64 27.66 27.66 27.33 27.33 27.33 27.33 27.33 27.47 27.47 27.47 27.47 27.47 27.50 27.61 27.61 27.43 27.18 27.18 27.18 27.18 27.18 27.18 27.02 27.02 27.02 27.02 27.02 27.02 27.02 27.02 27.02 27.02 27.39 27.39 27.54 27.64 27.70 27.65 27.66 27.60 27.66 27.58 27.34 27.58 27.61 27.74 27.64 27.68 27.66 27.57 27.55 27.51 27.59 27.58 27.66 27.75 27.71 27.71 27.68 27.66 27.69 27.75 27.72 27.79 27.78 27.78 27.70 27.77 27.79 27.74
27.58 27.57 27.53 27.51 27.60 27.63 27.66 27.66 27.33 27.33 27.33 27.33 27.50 27.47 27.47 27.47 27.47 27.47 27.50 27.50 27.61 27.61 27.43 27.18 27.18 27.18 27.18 27.18 27.51 27.02 27.02 27.02 27.02 27.02 27.02 27.02 27.02 27.02 27.02 27.02 27.31 27.52 27.14 27.39 27.52 27.67 27.61 27.57 27.47 27.62 27.57 27.66 27.67 27.76 27.76 27.70 27.70 27.65 27.53 27.60 27.64 27.63 27.67 27.70 27.71 27.72 27.73 27.77 27.77 27.69 27.72 27.78 27.75 27.69 27.72 27.69 27.76
27.57 27.54 27.52 27.35 27.51 27.54 27.54 27.33 27.33 27.33 27.50 27.50 27.47 27.47 27.47 27.47 27.47 27.50 27.50 27.61 27.61 27.61 27.43 27.18 27.18 27.18 27.18 27.18 27.51 27.51 27.34 27.34 27.34 27.34 27.34 27.34 27.34 27.34 27.34 27.34 27.36 27.41 27.28 27.45 27.32 27.60 27.52 27.38 27.42 27.55 27.59 27.69 27.70 27.79 27.73 27.72 27.71 27.60 27.59 27.56 27.56 27.63 27.61 27.58 27.67 27.73 27.74 27.76 27.78 27.79 27.78 27.71 27.66 27.69 27.68 27.65 27.68
27.49 27.49 27.53 27.50 27.43 27.51 27.49 27.42 27.42 27.50 27.50 27.57 27.47 27.47 27.47 27.47 27.50 27.50 27.53 27.61 27.61 27.61 27.43 27.18 27.18 27.18 27.18 27.18 27.51 27.51 27.51 27.34 27.34 27.34 27.34 27.34 27.34 27.34 27.34 27.34 27.22 27.31 27.43 27.43 27.54 27.45 27.39 27.34 27.14 27.52 27.64 27.74 27.73 27.76 27.72 27.72 27.71 27.67 27.55 27.51 27.54 27.59 27.56 27.62 27.64 27.69 27.69 27.67 27.74 27.73 27.75 27.71 27.66 27.67 27.67 27.68 27.55
27.50 27.44 27.38 27.48 27.48 27.49 27.54 27.55 27.50 27.50 27.57 27.47 27.47 27.47 27.47 27.50 27.50 27.53 27.53 27.61 27.61 27.61 27.43 27.18 27.18 27.18 27.18 27.51 27.51 27.51 27.78 27.37 27.34 27.34 27.34 27.34 27.34 27.34 27.34 27.22 27.22 27.44 27.58 27.75 27.67 27.71 27.52 27.73 27.02 27.43 27.55 27.65 27.77 27.68 27.69 27.72 27.70 27.66 27.56 27.58 27.60 27.62 27.65 27.62 27.58 27.58 27.61 27.61 27.68 27.64 27.64 27.66 27.67 27.67 27.69 27.66 27.56
27.47 27.49 27.56 27.55 27.55 27.55 27.49 27.51 27.52 27.57 27.57 27.47 27.47 27.47 27.50 27.50 27.53 27.53 27.44 27.61 27.61 27.61 27.43 27.18 27.18 27.18 27.18 27.51 27.51 27.51 27.78 27.37 27.37 27.34 27.34 27.34 27.34 27.34 27.22 27.22 27.44 27.44 27.58 27.78 27.69 27.89 27.52 27.78 27.77 27.76 27.82 27.84 27.80 27.72 27.66 27.70 27.72 27.66 27.55 27.55 27.63 27.64 27.63 27.60 27.50 27.59 27.56 27.59 27.61 27.63 27.64 27.64 27.67 27.73 27.68 27.58 27.58
27.51 27.54 27.50 27.56 27.55 27.57 27.44 27.45 27.50 27.53 27.48 27.47 27.47 27.50 27.50 27.53 27.53 27.44 27.44 27.61 27.61 27.61 27.43 27.18 27.18 27.18 27.18 27.51 27.51 27.51 27.78 27.37 27.37 27.37 27.40 27.34 27.34 27.22 27.22 27.44 27.44 27.44 27.78 27.78 27.69 27.89 27.74 27.82 27.79 27.77 27.72 27.67 27.71 27.63 27.61 27.69 27.66 27.67 27.57 27.53 27.58 27.68 27.58 27.53 27.52 27.56 27.60 27.65 27.59 27.61 27.63 27.64 27.69 27.70 27.63 27.58 27.55
27.48 27.42 27.46 27.53 27.53 27.55 27.52 27.53 27.50 27.58 27.53 27.51 27.50 27.50 27.53 27.53 27.44 27.44 27.61 27.61 27.61 27.61 27.43 27.18 27.18 27.18 27.51 27.51 27.51 27.51 27.78 27.37 27.37 27.37 27.40 27.40 27.40 27.22 27.44 27.44 27.55 27.55 27.55 27.55 27.66 27.73 27.81 27.82 27.82 27.72 27.63 27.66 27.63 27.58 27.61 27.65 27.61 27.59 27.52 27.54 27.46 27.57 27.54 27.47 27.49 27.57 27.68 27.74 27.70 27.60 27.62 27.59 27.69 27.71 27.67 27.49 27.38
27.47 27.38 27.38 27.39 27.47 27.53 27.56 27.44 27.46 27.60 27.67 27.65 27.57 27.53 27.53 27.44 27.44 27.44 27.61 27.61 27.61 27.61 27.43 27.18 27.18 27.18 27.51 27.51 27.51 27.96 27.78 27.37 27.37 27.37 27.40 27.40 27.40 27.53 27.53 27.55 27.55 27.55 27.55 27.55 27.52 27.78 27.78 27.80 27.81 27.73 27.88 27.73 27.68 27.67 27.64 27.59 27.62 27.54 27.54 27.49 27.32 27.47 27.55 27.40 27.47 27.47 27.59 27.69 27.72 27.65 27.61 27.62 27.61 27.67 27.67 27.58 27.43
27.41 27.47 27.46 27.44 27.48 27.51 27.49 27.43 27.44 27.53 27.61 27.53 27.61 27.58 27.44 27.44 27.44 27.44 27.44 27.61 27.61 27.61 27.43 27.18 27.18 26.82 27.51 27.51 27.51 27.96 27.78 27.37 27.37 27.37 27.40 27.40 27.40 27.53 27.53 27.53 27.55 27.55 27.55 27.52 27.52 27.68 27.76 27.71 27.78 27.75 27.88 27.80 27.78 27.67 27.60 27.42 27.50 27.27 27.39 27.31 27.41 27.44 27.49 27.47 27.46 27.46 27.58 27.61 27.61 27.62 27.60 27.63 27.32 27.42 27.42 27.55 27.55
27.43 27.49 27.46 27.50 27.50 27.49 27.48 27.49 27.44 27.44 27.55 27.55 27.52 27.49 27.48 27.48 27.48 27.48 27.44 27.44 27.61 27.61 27.43 27.18 27.18 26.82 27.51 27.51 27.10 27.96 27.78 27.37 27.37 27.37 27.40 27.40 27.40 27.53 27.53 27.53 27.67 27.67 27.52 27.52 27.68 27.68 27.76 27.73 27.78 27.75 27.88 27.73 27.70 27.58 27.45 27.48 27.38 27.22 27.32 27.26 27.37 27.41 27.53 27.54 27.50 27.48 27.56 27.64 27.66 27.67 27.68 27.62 27.50 27.34 27.39 27.50 27.45
27.49 27.49 27.55 27.51 27.48 27.47 27.55 27.53 27.46 27.49 27.50 27.58 27.53 27.51 27.48 27.48 27.48 26.98 27.44 27.44 27.44 27.66 27.97 27.36 27.45 26.82 27.51 27.51 27.10 27.96 27.78 27.37 27.37 27.37 27.40 27.40 27.40 27.53 27.53 27.52 27.67 27.67 27.52 27.52 27.52 27.76 27.86 27.73 27.79 27.79 27.80 27.77 27.71 27.68 27.50 27.57 27.33 27.28 27.37 27.35 27.50 27.53 27.51 27.55 27.60 27.48 27.58 27.64 27.63 27.69 27.69 27.69 27.53 27.46 27.50 27.52 27.53
27.57 27.51 27.44 27.46 27.44 27.47 27.60 27.52 27.48 27.47 27.48 27.63 27.62 27.44 27.44 27.44 26.98 26.98 26.98 27.10 27.10 27.53 27.65 27.94 27.84 27.92 27.37 28.01 27.10 27.96 27.78 27.37 27.37 27.28 27.40 27.40 27.40 27.53 27.53 27.52 27.67 27.67 27.52 27.52 27.52 27.76 27.86 27.88 27.81 27.79 27.69 27.67 27.65 27.63 27.66 27.61 27.47 27.44 27.44 27.55 27.60 27.50 27.50 27.53 27.49 27.55 27.63 27.76 27.67 27.67 27.68 27.62 27.54 27.59 27.63 27.60 27.60
27.45 27.44 27.50 27.53 27.51 27.49 27.53 27.50 27.52 27.47 27.32 27.55 27.63 27.44 27.44 26.98 26.98 26.98 26.98 27.30 27.28 27.50 27.53 27.43 27.50 27.44 27.58 27.92 27.62 28.06 27.21 27.25 27.28 27.28 27.44 27.39 27.39 27.61 27.64 27.52 27.67 27.67 27.67 27.72 27.72 27.75 27.88 27.88 27.78 27.75 27.75 27.70 27.74 27.67 27.67 27.65 27.65 27.56 27.50 27.53 27.59 27.61 27.60 27.61 27.52 27.41 27.56 27.73 27.71 27.61 27.63 27.60 27.58 27.58 27.61 27.57 27.65
27.57 27.54 27.49 27.55 27.47 27.45 27.41 27.53 27.51 27.48 27.39 27.56 27.66 27.66 27.66 27.56 27.33 27.33 27.33 27.30 27.48 27.52 27.61 27.45 27.41 27.33 27.48 27.59 27.78 28.01 27.98 27.40 27.31 27.50 27.44 27.44 27.49 27.68 27.70 27.66 27.69 27.69 27.61 27.71 27.71 27.82 27.83 27.82 27.75 27.74 27.69 27.68 27.69 27.65 27.69 27.62 27.66 27.68 27.55 27.61 27.61 27.55 27.54 27.53 27.55 27.51 27.62 27.78 27.68 27.60 27.81 27.67 27.63 27.55 27.66 27.67 27.62
27.56 27.57 27.56 27.54 27.45 27.49 27.47 27.59 27.57 27.51 27.56 27.62 27.59 27.59 27.59 27.56 27.56 27.55 27.39 27.56 27.58 27.56 27.56 27.38 27.39 27.39 27.28 27.47 27.56 27.82 28.01 27.65 27.60 27.57 27.56 27.56 27.49 27.87 27.76 27.72 27.70 27.61 27.61 27.67 27.67 27.85 27.80 27.78 27.78 27.74 27.68 27.74 27.65 27.62 27.62 27.48 27.51 27.54 27.55 27.58 27.45 27.51 27.59 27.57 27.52 27.59 27.62 27.67 27.69 27.68 27.72 27.85 27.76 27.61 27.67 27.65 27.65
27.40 27.46 27.50 27.49 27.50 27.54 27.61 27.66 27.61 27.44 27.64 27.58 27.66 27.66 27.60 27.48 27.48 27.49 27.54 27.57 27.55 27.50 27.53 27.55 27.49 27.37 27.25 27.46 27.56 27.65 27.72 27.82 27.90 27.55 27.47 27.47 27.87 27.87 27.78 27.78 27.89 27.75 27.71 27.71 27.67 27.74 27.76 27.75 27.71 27.72 27.66 27.63 27.55 27.52 27.48 27.42 27.56 27.51 27.49 27.53 27.49 27.51 27.54 27.62 27.57 27.57 27.60 27.60 27.78 27.87 27.88 27.89 27.90 27.71 27.56 27.61 27.64
