main/data/irradiance/18.12.2023.grid
ncols 839
nrows 679
xllcenter 112.0500
yllcenter -43.9500
cellsize 0.0500
nodata_value 99999.90
[rows 544 to 577 of 679, columns 693 to 769 of 839]
13.70 14.61 16.06 15.59 16.55 14.11 13.52 14.12 14.40 13.18 12.28 11.51 11.17 13.64 14.49 13.97 15.33 17.17 19.93 20.29 20.87 21.49 22.06 21.62 23.19 23.38 25.06 25.84 26.73 27.84 27.90 28.75 29.58 29.43 28.61 29.23 28.96 27.66 27.38 29.21 28.22 29.30 30.52 30.36 29.40 29.08 29.83 31.09 29.75 28.72 26.61 26.60 26.38 26.32 26.32 24.77 24.46 24.94 25.30 25.48 26.39 27.09 27.66 27.21 24.80 24.40 24.40 24.40 24.40 24.40 24.40 24.40 24.40 24.40 24.40 24.40 99999.90
12.09 14.45 14.63 15.58 14.18 12.89 13.10 13.48 14.11 12.65 12.55 10.59 11.34 12.46 12.07 13.59 15.06 18.52 19.51 20.52 21.77 22.07 21.38 21.93 22.52 23.20 25.22 27.03 26.67 28.30 29.10 29.12 28.14 28.06 28.72 28.86 29.12 29.15 28.32 29.10 26.84 28.08 30.34 31.02 30.67 30.15 30.78 30.34 27.89 27.95 28.21 26.33 26.31 26.38 25.93 24.56 23.65 24.66 25.01 25.05 26.16 27.41 27.67 25.98 24.99 24.40 24.40 24.40 24.40 24.40 24.40 24.40 24.40 24.40 24.40 24.40 99999.90
13.08 13.41 13.01 13.58 11.26 12.19 11.01 13.37 13.55 11.65 11.86 10.63 11.42 10.20 10.34 13.01 15.94 18.89 19.64 21.08 21.80 21.54 21.16 20.74 20.67 23.28 24.65 27.68 26.86 28.29 29.10 28.90 27.92 26.55 28.43 29.05 29.37 30.17 29.79 28.19 27.35 28.39 29.72 30.68 31.43 31.12 30.94 28.92 27.86 28.07 27.90 25.52 25.27 25.68 25.37 24.69 23.93 24.97 25.20 25.44 26.23 27.51 27.64 26.85 25.45 25.45 25.45 24.40 24.40 24.40 24.40 24.40 24.40 24.40 24.40 24.40 99999.90
13.52 12.92 11.59 11.54 10.52 10.82 10.28 11.92 11.50 12.31 11.16 8.96 10.53 8.66 10.72 12.38 15.75 17.12 19.38 19.87 20.31 20.71 21.58 20.42 20.42 22.51 24.19 26.28 26.91 27.92 28.82 27.74 26.59 26.30 28.32 29.10 29.97 29.73 29.21 28.54 26.27 28.13 29.08 30.57 31.29 31.36 30.02 27.86 28.90 28.73 27.50 25.78 25.41 25.54 25.68 25.03 24.80 24.69 24.94 25.82 26.44 27.71 28.42 27.72 26.69 26.69 26.69 29.23 29.23 29.23 29.23 29.23 29.23 29.23 29.23 29.23 99999.90
11.76 11.74 10.59 10.03 10.18 11.49 11.68 9.92 11.19 12.42 10.08 8.21 9.52 9.29 11.63 13.72 15.66 15.91 19.27 18.39 20.01 20.32 21.30 21.02 22.17 22.81 24.11 25.44 27.45 27.09 27.36 26.61 25.14 25.03 28.41 29.87 29.40 29.73 28.60 28.65 26.79 27.72 28.51 29.84 30.58 30.00 29.76 28.22 28.72 29.65 26.94 26.33 25.70 25.94 26.71 25.23 23.77 24.59 25.23 25.10 25.78 27.68 28.25 26.66 26.89 26.89 29.23 29.23 29.23 29.23 29.23 29.23 29.23 29.23 29.23 29.23 99999.90
12.26 11.50 10.20 10.16 10.39 10.69 11.06 10.43 11.04 10.27 8.70 8.51 10.76 10.82 13.33 14.06 15.85 16.29 18.36 17.68 18.66 19.39 21.59 21.71 22.24 23.32 25.00 25.60 26.55 26.73 27.87 26.61 26.11 25.86 28.86 30.05 29.10 29.62 28.78 28.39 27.50 28.60 28.89 28.81 29.16 29.44 30.40 28.44 28.59 29.59 27.94 27.34 26.92 26.97 27.02 26.09 25.48 25.61 24.87 24.90 26.02 27.52 27.95 27.12 28.33 29.23 29.23 29.23 29.23 29.23 29.23 29.23 29.23 29.23 29.23 29.23 99999.90
11.85 9.06 9.01 11.61 9.84 9.52 9.18 9.19 9.35 9.38 8.71 10.77 12.09 13.16 13.92 14.48 16.35 16.05 16.34 17.58 19.94 19.02 21.28 20.28 22.02 23.28 24.78 24.48 25.65 25.77 26.83 27.05 26.93 26.97 28.51 29.60 29.22 29.69 29.83 28.91 28.92 29.40 29.63 28.65 28.68 29.33 30.04 29.19 27.51 30.06 29.48 28.34 27.74 27.61 27.11 26.82 25.62 25.32 24.56 24.82 26.68 27.52 27.95 27.12 28.33 29.23 29.23 29.23 29.23 29.23 29.23 29.23 29.23 29.23 29.23 29.23 99999.90
11.16 9.71 10.22 11.15 9.62 8.46 8.94 9.19 8.73 10.07 10.24 11.69 12.59 13.71 13.90 13.64 15.11 15.39 16.96 18.02 20.02 19.13 19.87 17.70 20.68 22.14 22.49 22.96 25.61 25.69 25.94 26.89 27.14 27.17 27.82 28.84 28.25 29.15 29.96 27.97 28.66 29.60 30.48 28.68 28.66 28.85 29.01 29.46 28.48 29.54 29.91 28.39 27.44 26.97 27.02 26.43 24.77 24.70 24.14 24.27 26.55 26.55 27.95 27.12 28.33 29.23 29.23 29.23 29.23 29.23 29.23 29.23 29.23 29.23 29.23 29.23 99999.90
9.93 9.49 10.37 9.16 9.20 8.66 8.45 9.84 9.81 11.09 10.82 10.86 12.62 12.49 13.44 14.21 15.05 15.89 17.03 18.28 19.29 19.44 18.79 17.82 20.58 21.88 22.24 24.24 25.07 25.12 25.83 26.38 26.77 26.57 26.44 27.88 26.99 28.07 29.72 29.00 28.48 28.40 29.90 29.32 29.10 28.41 28.98 29.45 30.07 30.17 30.16 29.02 27.33 27.02 27.66 27.01 24.99 23.31 23.82 23.86 26.55 26.55 26.55 27.12 28.33 29.23 29.23 29.23 29.23 29.23 29.23 29.23 29.23 29.23 29.23 29.23 99999.90
9.57 9.15 9.25 9.25 9.13 8.30 8.40 10.35 10.56 10.61 11.94 11.88 12.38 12.54 13.50 14.87 14.49 15.18 17.84 19.60 19.46 19.40 18.25 17.45 19.88 20.45 22.51 23.76 24.36 24.64 24.38 25.67 26.06 25.14 26.04 27.06 27.63 28.29 29.39 28.88 28.21 27.82 27.94 29.19 29.35 28.96 27.96 29.17 29.36 29.78 29.46 29.19 27.58 26.29 27.33 27.25 26.02 23.00 22.92 23.86 23.86 26.55 26.55 26.55 28.33 29.23 29.23 29.23 29.23 29.23 29.23 29.23 29.23 29.23 29.23 29.23 99999.90
8.38 7.65 8.46 8.92 8.99 8.26 8.58 10.65 11.87 12.06 13.78 12.69 12.60 13.43 14.32 15.21 15.51 16.66 18.49 20.05 21.03 19.31 18.48 17.73 18.87 20.15 21.80 22.17 23.53 23.36 22.69 23.62 26.19 26.03 25.67 26.76 28.28 29.10 28.91 28.62 27.32 27.13 27.63 28.85 29.16 29.58 28.70 29.24 29.57 28.32 28.24 28.33 27.93 26.75 26.24 26.71 25.49 23.00 22.92 22.92 23.86 23.86 26.55 26.55 28.33 29.23 29.23 29.23 29.23 29.23 29.23 29.23 29.23 29.23 29.23 29.23 99999.90
6.92 6.98 7.68 9.30 9.21 10.58 10.32 10.17 11.16 11.83 13.12 13.12 12.29 13.83 14.40 15.42 16.25 17.24 17.82 19.97 20.53 19.44 18.92 17.86 18.26 18.73 19.86 21.30 22.56 22.95 23.34 23.51 24.08 25.48 26.86 27.08 26.63 28.72 29.26 28.06 26.36 26.98 27.63 28.85 29.16 29.58 28.70 29.24 29.57 28.32 28.24 28.33 27.93 26.75 26.24 26.71 25.49 25.49 22.92 22.92 22.92 23.86 23.86 26.55 26.55 29.23 29.23 29.23 29.23 29.23 29.23 29.23 29.23 29.23 29.23 29.23 99999.90
6.22 6.13 6.92 8.77 9.67 11.49 11.90 12.10 10.68 11.58 11.84 13.79 13.00 14.46 13.19 15.03 16.93 17.42 18.37 17.65 19.02 19.48 18.52 17.06 18.76 20.07 19.51 22.14 23.12 22.95 23.34 23.51 24.08 25.48 26.86 27.08 26.63 28.72 29.26 28.06 26.36 26.98 26.98 28.85 29.16 29.58 28.70 29.24 29.57 28.32 28.24 28.33 27.93 26.75 26.24 26.71 25.49 25.49 25.49 22.92 22.92 22.92 23.86 23.86 26.55 29.23 29.23 29.23 29.23 29.23 29.23 29.23 29.23 29.23 29.23 29.23 99999.90
6.00 5.70 6.76 8.37 8.99 10.45 12.34 11.75 10.11 11.22 11.12 14.25 13.61 12.88 13.62 15.11 15.70 16.21 16.94 17.59 17.70 18.47 17.16 16.68 18.15 20.07 19.51 22.14 23.12 23.12 23.34 23.51 24.08 25.48 26.86 27.08 26.63 28.72 29.26 28.06 26.36 26.98 26.98 26.98 29.16 29.58 28.70 29.24 29.57 28.32 28.24 28.33 27.93 26.75 26.24 26.71 25.49 25.49 25.49 22.92 22.92 22.92 22.92 23.86 23.86 26.55 29.23 29.23 29.23 29.23 29.23 29.23 29.23 29.23 29.23 29.23 99999.90
7.44 7.25 8.29 8.52 9.99 12.14 11.78 10.21 10.82 10.86 12.07 12.61 11.86 13.41 13.69 14.90 15.04 16.21 15.60 17.10 17.79 17.39 16.74 16.68 18.15 18.15 19.51 22.14 23.12 23.12 23.12 23.51 24.08 25.48 26.86 27.08 26.63 28.72 29.26 28.06 26.36 26.98 26.98 26.98 29.16 29.58 28.70 29.24 29.57 28.32 28.24 28.33 27.93 26.75 26.24 26.71 25.49 25.49 25.49 25.49 22.92 22.92 22.92 22.92 23.86 23.86 29.23 29.23 29.23 29.23 29.23 29.23 29.23 29.23 29.23 29.23 99999.90
8.42 9.14 9.21 8.84 10.58 12.60 11.14 9.74 10.07 9.76 11.46 12.32 11.08 12.71 13.05 13.95 14.90 15.70 15.06 16.79 17.26 17.39 16.74 16.74 18.15 18.15 18.15 22.14 23.12 23.12 23.12 23.51 24.08 25.48 26.86 27.08 26.63 28.72 29.26 28.06 26.36 26.98 26.98 26.98 29.16 29.58 28.70 29.24 29.57 28.32 28.24 28.33 27.93 26.75 26.24 26.71 25.49 25.49 25.49 25.49 22.92 22.92 22.92 22.92 22.92 23.86 23.86 29.23 29.23 29.23 29.23 29.23 29.23 29.23 29.23 29.23 99999.90
8.87 9.89 10.15 8.88 10.09 11.00 11.00 10.67 10.55 10.35 10.43 12.32 11.08 12.71 13.05 13.12 13.59 14.75 14.70 16.79 17.26 17.26 16.74 16.74 16.74 18.15 18.15 22.14 23.12 23.12 23.12 23.51 24.08 25.48 26.86 27.08 26.63 28.72 29.26 28.06 26.36 26.98 26.98 26.98 26.98 29.58 28.70 29.24 29.57 28.32 28.24 28.33 27.93 26.75 26.24 26.71 25.49 25.49 25.49 25.49 25.49 22.92 22.92 22.92 22.92 22.92 23.86 23.86 26.55 26.55 26.55 99999.90 99999.90 99999.90 99999.90 99999.90 99999.90
9.03 10.39 10.61 9.76 9.80 11.54 11.87 12.54 12.52 11.43 11.32 11.32 11.08 11.08 12.37 12.37 13.31 14.75 14.70 14.70 17.26 17.26 17.26 16.74 16.74 18.15 18.15 22.14 23.12 23.12 23.12 23.12 24.08 25.48 26.86 27.08 26.63 28.72 29.26 28.06 26.36 26.98 26.98 26.98 26.98 29.58 28.70 29.24 29.57 28.32 28.24 28.33 27.93 26.75 26.24 26.71 25.49 25.49 25.49 25.49 25.49 22.92 22.92 22.92 22.92 22.92 22.92 23.86 23.86 26.55 26.55 99999.90 99999.90 99999.90 99999.90 99999.90 99999.90
10.21 11.91 11.85 11.24 11.05 12.23 12.77 12.90 12.85 11.03 11.63 11.63 13.47 11.08 11.08 12.97 13.31 13.31 14.70 14.70 14.70 17.26 17.26 16.74 16.74 16.74 18.15 18.15 23.12 23.12 23.12 23.12 24.08 25.48 26.86 27.08 26.63 28.72 29.26 28.06 26.36 26.98 26.98 26.98 26.98 29.58 28.70 29.24 29.57 28.32 28.24 28.33 27.93 26.75 26.24 26.71 25.49 25.49 25.49 25.49 25.49 25.49 22.92 22.92 22.92 22.92 22.92 22.92 23.86 23.86 99999.90 99999.90 99999.90 99999.90 99999.90 99999.90 99999.90
10.10 10.77 10.61 11.51 11.23 13.16 12.38 11.18 12.13 11.46 12.16 13.50 13.47 11.68 10.95 12.97 12.97 13.31 13.31 14.70 14.70 17.26 17.26 17.26 16.74 16.74 18.15 18.15 23.12 23.12 23.12 23.12 24.08 25.48 26.86 27.08 26.63 28.72 29.26 28.06 26.36 26.98 26.98 26.98 26.98 26.98 28.70 29.24 29.57 28.32 28.24 28.33 27.93 26.75 26.24 26.71 25.49 25.49 25.49 25.49 25.49 25.49 22.92 22.92 22.92 22.92 22.92 22.92 22.92 99999.90 99999.90 99999.90 99999.90 99999.90 99999.90 99999.90 99999.90
10.66 10.08 10.33 10.80 12.02 13.17 11.51 11.63 11.20 11.78 12.32 12.56 13.58 11.68 10.95 10.95 12.97 12.97 13.31 14.70 14.70 14.70 17.26 17.26 16.74 16.74 16.74 18.15 23.12 23.12 23.12 23.12 23.12 25.48 26.86 27.08 26.63 28.72 29.26 28.06 26.36 26.98 26.98 26.98 26.98 26.98 28.70 29.24 29.57 28.32 28.24 28.33 27.93 26.75 26.24 26.71 25.49 25.49 25.49 25.49 25.49 25.49 25.49 25.49 25.49 25.49 25.49 99999.90 99999.90 99999.90 99999.90 99999.90 99999.90 99999.90 99999.90 99999.90 99999.90
11.63 11.40 12.22 12.01 11.89 11.99 10.89 12.08 11.26 12.26 12.27 13.57 13.58 13.58 10.95 10.95 10.95 12.97 12.97 13.31 14.70 14.70 17.26 17.26 17.26 16.74 16.74 18.15 18.15 23.12 23.12 23.12 23.12 25.48 26.86 27.08 26.63 28.72 29.26 28.06 26.36 26.98 26.98 26.98 26.98 26.98 26.98 26.98 26.98 26.98 26.98 26.98 99999.90 99999.90 99999.90 99999.90 99999.90 99999.90 99999.90 99999.90 99999.90 99999.90 99999.90 99999.90 99999.90 99999.90 99999.90 99999.90 99999.90 99999.90 99999.90 99999.90 99999.90 99999.90 99999.90 99999.90 99999.90
11.37 12.05 11.52 11.48 10.58 11.02 10.50 10.62 10.46 11.54 13.18 13.57 13.57 13.58 13.58 10.95 10.95 10.95 12.97 12.97 14.70 14.70 14.70 17.26 17.26 16.74 16.74 16.74 18.15 23.12 23.12 23.12 23.12 23.12 23.12 23.12 23.12 23.12 23.12 99999.90 99999.90 99999.90 99999.90 99999.90 99999.90 99999.90 99999.90 99999.90 99999.90 99999.90 99999.90 99999.90 99999.90 99999.90 99999.90 99999.90 99999.90 99999.90 99999.90 99999.90 99999.90 99999.90 99999.90 99999.90 99999.90 99999.90 99999.90 99999.90 99999.90 99999.90 99999.90 99999.90 99999.90 99999.90 99999.90 99999.90 99999.90
11.28 10.29 10.28 9.83 9.84 10.78 12.08 11.55 11.04 11.05 13.18 13.18 13.57 13.57 13.58 10.95 10.95 10.95 10.95 12.97 12.97 14.70 14.70 17.26 17.26 17.26 16.74 16.74 18.15 18.15 18.15 18.15 18.15 18.15 18.15 99999.90 99999.90 99999.90 99999.90 99999.90 99999.90 99999.90 99999.90 99999.90 99999.90 99999.90 99999.90 99999.90 99999.90 99999.90 99999.90 99999.90 99999.90 99999.90 99999.90 99999.90 99999.90 99999.90 99999.90 99999.90 99999.90 99999.90 99999.90 99999.90 99999.90 99999.90 99999.90 99999.90 99999.90 99999.90 99999.90 99999.90 99999.90 99999.90 99999.90 99999.90 99999.90
10.58 10.39 10.50 9.95 10.74 11.57 12.79 12.49 11.04 11.05 11.05 13.18 13.18 13.57 13.57 13.58 10.95 10.95 10.95 10.95 12.97 12.97 14.70 14.70 17.26 17.26 16.74 16.74 16.74 16.74 16.74 16.74 16.74 99999.90 99999.90 99999.90 99999.90 99999.90 99999.90 99999.90 99999.90 99999.90 99999.90 99999.90 99999.90 99999.90 99999.90 99999.90 99999.90 99999.90 99999.90 99999.90 99999.90 99999.90 99999.90 99999.90 99999.90 99999.90 99999.90 99999.90 99999.90 99999.90 99999.90 99999.90 99999.90 99999.90 99999.90 99999.90 99999.90 99999.90 99999.90 99999.90 99999.90 99999.90 99999.90 99999.90 99999.90
9.87 10.49 10.98 10.97 11.54 11.83 12.39 12.49 12.49 11.05 11.05 11.05 13.18 13.18 13.57 13.57 10.95 10.95 10.95 10.95 10.95 12.97 14.70 14.70 17.26 17.26 17.26 17.26 17.26 17.26 17.26 99999.90 99999.90 99999.90 99999.90 99999.90 99999.90 99999.90 99999.90 99999.90 99999.90 99999.90 99999.90 99999.90 99999.90 99999.90 99999.90 99999.90 99999.90 99999.90 99999.90 99999.90 99999.90 99999.90 99999.90 99999.90 99999.90 99999.90 99999.90 99999.90 99999.90 99999.90 99999.90 99999.90 99999.90 99999.90 99999.90 99999.90 99999.90 99999.90 99999.90 99999.90 99999.90 99999.90 99999.90 99999.90 99999.90
9.70 10.49 10.58 10.78 11.79 12.32 12.39 12.39 12.49 12.49 11.05 11.05 11.05 13.18 13.18 13.57 13.57 10.95 10.95 10.95 10.95 10.95 12.97 14.70 14.70 14.70 14.70 14.70 14.70 99999.90 99999.90 99999.90 99999.90 99999.90 99999.90 99999.90 99999.90 99999.90 99999.90 99999.90 99999.90 99999.90 99999.90 99999.90 99999.90 99999.90 99999.90 99999.90 99999.90 99999.90 99999.90 99999.90 99999.90 99999.90 99999.90 99999.90 99999.90 99999.90 99999.90 99999.90 99999.90 99999.90 99999.90 99999.90 99999.90 99999.90 99999.90 99999.90 99999.90 99999.90 99999.90 99999.90 99999.90 99999.90 99999.90 99999.90 99999.90
10.02 10.30 10.66 11.26 12.25 12.32 12.32 12.39 12.39 12.49 11.05 11.05 11.05 11.05 13.18 13.18 13.57 13.57 10.95 10.95 10.95 10.95 10.95 12.97 12.97 13.31 13.31 99999.90 99999.90 99999.90 99999.90 99999.90 99999.90 99999.90 99999.90 99999.90 99999.90 99999.90 99999.90 99999.90 99999.90 99999.90 99999.90 99999.90 99999.90 99999.90 99999.90 99999.90 99999.90 99999.90 99999.90 99999.90 99999.90 99999.90 99999.90 99999.90 99999.90 99999.90 99999.90 99999.90 99999.90 99999.90 99999.90 99999.90 99999.90 99999.90 99999.90 99999.90 99999.90 99999.90 99999.90 99999.90 99999.90 99999.90 99999.90 99999.90 99999.90
8.55 8.78 9.88 11.38 12.25 12.25 12.32 12.32 12.39 12.39 12.49 11.05 11.05 11.05 11.05 13.18 13.18 13.57 10.95 10.95 10.95 10.95 10.95 10.95 12.97 12.97 99999.90 99999.90 99999.90 99999.90 99999.90 99999.90 99999.90 99999.90 99999.90 99999.90 99999.90 99999.90 99999.90 99999.90 99999.90 99999.90 99999.90 99999.90 99999.90 99999.90 99999.90 99999.90 99999.90 99999.90 99999.90 99999.90 99999.90 99999.90 99999.90 99999.90 99999.90 99999.90 99999.90 99999.90 99999.90 99999.90 99999.90 99999.90 99999.90 99999.90 99999.90 99999.90 99999.90 99999.90 99999.90 99999.90 99999.90 99999.90 99999.90 99999.90 99999.90
8.55 8.78 9.88 11.38 11.38 12.25 12.25 12.32 12.32 12.39 12.39 11.05 11.05 11.05 11.05 11.05 13.18 13.18 13.57 10.95 10.95 10.95 10.95 10.95 10.95 99999.90 99999.90 99999.90 99999.90 99999.90 99999.90 99999.90 99999.90 99999.90 99999.90 99999.90 99999.90 99999.90 99999.90 99999.90 99999.90 99999.90 99999.90 99999.90 99999.90 99999.90 99999.90 99999.90 99999.90 99999.90 99999.90 99999.90 99999.90 99999.90 99999.90 99999.90 99999.90 99999.90 99999.90 99999.90 99999.90 99999.90 99999.90 99999.90 99999.90 99999.90 99999.90 99999.90 99999.90 99999.90 99999.90 99999.90 99999.90 99999.90 99999.90 99999.90 99999.90
8.55 8.78 9.88 11.38 11.38 11.38 12.25 12.25 12.32 12.32 12.39 12.39 11.05 11.05 11.05 11.05 11.05 13.18 13.18 13.57 13.57 13.58 13.58 99999.90 99999.90 99999.90 99999.90 99999.90 99999.90 99999.90 99999.90 99999.90 99999.90 99999.90 99999.90 99999.90 99999.90 99999.90 99999.90 99999.90 99999.90 99999.90 99999.90 99999.90 99999.90 99999.90 99999.90 99999.90 99999.90 99999.90 99999.90 99999.90 99999.90 99999.90 99999.90 99999.90 99999.90 99999.90 99999.90 99999.90 99999.90 99999.90 99999.90 99999.90 99999.90 99999.90 99999.90 99999.90 99999.90 99999.90 99999.90 99999.90 99999.90 99999.90 99999.90 99999.90 99999.90
8.55 8.78 9.88 11.38 11.38 11.38 11.38 12.25 12.25 12.32 12.32 12.39 12.39 11.05 11.05 11.05 11.05 11.05 13.18 13.18 13.57 13.57 99999.90 99999.90 99999.90 99999.90 99999.90 99999.90 99999.90 99999.90 99999.90 99999.90 99999.90 99999.90 99999.90 99999.90 99999.90 99999.90 99999.90 99999.90 99999.90 99999.90 99999.90 99999.90 99999.90 99999.90 99999.90 99999.90 99999.90 99999.90 99999.90 99999.90 99999.90 99999.90 99999.90 99999.90 99999.90 99999.90 99999.90 99999.90 99999.90 99999.90 99999.90 99999.90 99999.90 99999.90 99999.90 99999.90 99999.90 99999.90 99999.90 99999.90 99999.90 99999.90 99999.90 99999.90 99999.90
8.55 8.78 9.88 11.38 11.38 11.38 11.38 11.38 12.25 12.25 12.32 12.32 12.39 11.05 11.05 11.05 11.05 11.05 11.05 13.18 13.18 99999.90 99999.90 99999.90 99999.90 99999.90 99999.90 99999.90 99999.90 99999.90 99999.90 99999.90 99999.90 99999.90 99999.90 99999.90 99999.90 99999.90 99999.90 99999.90 99999.90 99999.90 99999.90 99999.90 99999.90 99999.90 99999.90 99999.90 99999.90 99999.90 99999.90 99999.90 99999.90 99999.90 99999.90 99999.90 99999.90 99999.90 99999.90 99999.90 99999.90 99999.90 99999.90 99999.90 99999.90 99999.90 99999.90 99999.90 99999.90 99999.90 99999.90 99999.90 99999.90 99999.90 99999.90 99999.90 99999.90
8.55 8.78 9.88 11.38 11.38 11.38 11.38 11.38 11.38 12.25 12.25 12.32 12.32 12.39 11.05 11.05 11.05 11.05 11.05 11.05 99999.90 99999.90 99999.90 99999.90 99999.90 99999.90 99999.90 99999.90 99999.90 99999.90 99999.90 99999.90 99999.90 99999.90 99999.90 99999.90 99999.90 99999.90 99999.90 99999.90 99999.90 99999.90 99999.90 99999.90 99999.90 99999.90 99999.90 99999.90 99999.90 99999.90 99999.90 99999.90 99999.90 99999.90 99999.90 99999.90 99999.90 99999.90 99999.90 99999.90 99999.90 99999.90 99999.90 99999.90 99999.90 99999.90 99999.90 99999.90 99999.90 99999.90 99999.90 99999.90 99999.90 99999.90 99999.90 99999.90 99999.90
