main/data/irradiance/18.12.2023.grid
ncols 839
nrows 679
xllcenter 112.0500
yllcenter -43.9500
cellsize 0.0500
nodata_value 99999.90
[rows 442 to 475 of 679, columns 154 to 230 of 839]
26.57 26.53 27.15 26.74 26.71 25.91 25.87 25.21 25.58 25.08 25.20 25.58 25.73 25.67 25.14 24.75 25.45 26.10 26.42 26.36 26.22 26.76 27.21 27.25 27.14 28.07 28.08 27.91 28.19 28.91 28.90 28.98 28.50 28.38 28.50 27.67 27.22 26.58 26.54 25.85 25.97 25.16 25.11 25.51 24.73 25.05 25.46 24.98 23.79 23.95 24.04 24.62 23.76 23.18 22.97 22.94 22.69 23.12 23.52 23.60 23.58 22.26 22.25 23.90 24.41 23.23 23.39 24.45 25.18 24.12 23.71 23.44 21.63 21.51 21.44 23.22 21.04
27.18 27.33 27.34 27.25 26.74 26.45 25.64 25.35 25.42 24.60 25.19 25.46 25.02 25.02 25.54 25.81 26.00 25.84 26.85 27.13 27.35 27.06 26.80 27.44 27.18 27.28 27.32 27.62 27.33 28.11 28.56 28.35 28.29 27.96 28.19 27.82 26.87 26.28 25.97 26.05 26.35 25.57 25.58 25.59 24.96 25.19 25.26 24.89 24.02 23.72 23.90 23.79 23.37 23.12 22.93 22.72 23.12 22.68 23.09 23.65 22.76 21.21 22.33 23.77 23.25 22.56 23.93 24.30 24.43 23.96 24.09 24.21 22.59 22.03 21.61 22.06 21.05
28.02 28.03 28.51 28.15 27.67 27.34 26.62 25.94 25.57 25.21 25.74 25.93 26.27 25.65 24.64 25.23 24.98 25.91 27.22 27.78 27.51 26.64 26.71 27.12 26.56 26.70 26.70 26.54 27.35 27.17 27.66 27.84 28.25 27.75 28.43 27.78 27.92 27.43 27.09 26.58 26.03 25.83 26.57 26.41 25.13 24.86 25.11 25.87 24.35 23.40 23.74 24.22 23.84 23.27 23.60 23.90 23.56 22.81 22.14 22.89 23.12 22.57 22.56 23.77 24.73 23.66 22.58 23.26 23.52 23.91 24.60 25.52 24.69 24.46 23.55 23.37 22.39
27.45 27.39 27.85 27.94 27.62 27.76 27.19 27.63 27.21 26.48 26.29 26.31 26.12 26.09 25.27 24.68 25.49 26.71 26.46 25.53 26.53 26.98 26.67 26.92 27.07 26.39 25.87 26.49 27.09 26.84 26.97 27.63 27.86 27.99 28.50 27.93 27.82 28.10 28.00 27.31 26.65 26.48 26.70 26.29 25.64 25.25 25.11 25.43 24.71 23.92 23.84 24.37 24.54 24.43 24.45 24.13 23.01 22.68 23.06 23.37 23.48 22.78 22.65 23.96 24.67 22.81 22.93 23.62 24.05 23.87 24.67 24.95 25.58 25.30 24.80 23.72 22.13
27.76 27.86 27.83 27.56 27.22 27.00 26.96 27.26 27.15 26.95 26.87 27.39 27.18 26.00 25.34 25.27 25.96 26.27 27.13 26.14 26.26 26.44 26.54 26.57 26.86 26.12 26.13 26.55 26.89 26.92 26.99 27.00 27.26 27.66 27.99 28.13 27.83 27.81 28.02 27.78 27.12 26.85 26.65 26.33 25.98 25.31 25.16 25.84 25.27 24.88 23.68 24.74 25.31 24.77 24.37 24.49 23.63 22.82 23.45 24.09 23.75 23.01 23.30 24.14 23.90 23.68 23.97 24.09 25.03 24.38 24.42 25.51 24.56 24.47 23.60 22.90 22.14
28.17 29.08 28.38 28.08 27.93 27.99 27.72 28.17 27.94 27.45 27.26 27.66 27.27 27.21 27.47 27.48 26.76 26.60 27.33 27.06 26.45 27.16 26.96 27.59 26.95 26.32 26.31 26.37 27.14 27.63 27.33 27.25 27.50 27.85 27.55 28.41 28.43 27.79 27.99 27.49 27.90 27.53 27.36 26.48 25.88 26.35 25.95 25.68 25.34 25.17 24.17 24.44 24.38 24.47 24.25 24.09 23.70 23.28 23.31 23.91 23.38 23.48 23.82 24.31 24.41 24.17 24.03 25.41 25.07 25.10 25.40 24.57 24.82 24.88 23.36 23.46 23.12
28.35 29.11 29.38 28.98 28.86 28.79 29.14 29.02 28.61 28.32 28.02 27.60 27.45 27.22 27.38 27.96 27.79 28.13 27.82 26.97 26.97 27.26 26.57 26.94 27.27 26.80 26.70 26.80 26.89 26.94 26.34 26.95 27.36 27.64 27.44 27.96 28.07 27.81 27.84 27.72 27.91 27.79 27.69 28.25 26.58 26.62 26.80 25.79 25.01 25.37 24.95 24.30 24.53 24.37 23.71 23.88 24.32 24.01 23.78 24.35 23.74 23.82 24.20 24.59 24.91 24.68 24.73 24.75 23.55 24.04 24.49 24.91 24.16 24.03 23.73 23.89 23.94
28.47 28.69 28.79 28.68 28.63 29.36 29.19 29.06 28.94 28.52 28.14 27.56 27.34 27.64 27.68 28.12 27.71 27.44 27.13 26.71 26.48 26.52 26.73 26.97 26.39 26.45 26.48 26.86 27.07 26.97 26.76 26.37 26.72 27.06 27.66 27.73 28.00 28.31 28.11 27.81 28.12 28.66 28.79 28.96 27.34 26.81 27.01 27.33 25.46 25.51 25.55 25.12 25.10 24.96 23.99 24.45 24.71 24.46 24.44 24.70 24.32 24.30 24.82 24.60 26.02 24.98 24.57 24.62 24.09 23.60 24.22 24.77 24.75 24.95 24.30 25.15 24.89
28.16 28.40 28.61 28.57 28.51 28.91 29.03 28.75 28.88 28.80 28.54 28.05 27.83 27.95 27.66 27.86 27.07 27.10 26.94 27.19 26.79 26.81 27.33 27.37 27.17 26.97 26.35 26.69 27.69 27.58 27.05 26.75 26.56 26.85 27.26 27.74 27.82 27.69 27.66 27.85 28.09 28.86 28.85 28.71 28.64 28.04 26.89 26.95 27.00 26.14 25.79 26.39 26.26 25.82 24.92 25.13 25.00 25.15 24.65 24.79 24.66 24.29 24.37 24.98 25.19 24.73 25.37 24.91 25.15 23.78 23.93 25.19 24.65 25.24 25.12 24.71 25.23
28.78 28.95 29.13 28.71 28.50 28.72 29.23 28.59 28.39 28.73 29.01 28.68 28.26 28.40 28.27 28.28 28.20 27.90 27.57 27.25 27.55 27.41 27.64 27.90 27.86 27.44 27.35 27.37 27.34 27.72 27.91 27.81 27.27 27.18 27.47 28.43 28.43 28.61 28.51 28.03 28.65 29.15 29.28 29.24 28.53 28.48 28.21 27.02 27.53 27.48 26.13 26.15 26.49 26.56 25.85 25.45 26.06 25.60 25.72 25.32 25.26 25.03 25.40 25.29 25.91 25.90 25.52 25.62 26.14 25.28 24.21 25.31 25.65 25.06 24.90 26.45 25.79
29.69 29.42 29.37 29.88 29.48 29.40 29.56 29.37 28.87 28.97 29.24 29.16 28.82 28.73 28.78 28.68 28.46 28.76 28.62 28.33 28.30 28.19 28.07 28.04 28.12 28.48 28.33 28.04 28.49 28.03 28.37 29.01 28.45 28.26 28.39 28.55 28.85 28.85 28.69 28.46 28.92 29.49 28.93 29.15 28.88 28.60 28.67 28.06 27.34 28.20 26.83 26.54 26.80 26.58 26.86 26.43 26.78 26.36 25.92 26.53 25.82 25.90 25.64 25.74 26.15 26.63 25.85 25.34 26.48 26.46 26.22 26.36 24.99 25.22 24.63 24.01 25.39
29.57 29.93 29.67 29.65 29.76 29.65 29.16 29.45 29.16 29.28 29.29 29.21 29.08 29.00 29.17 29.22 28.59 28.56 28.21 28.13 28.19 28.69 28.89 28.84 28.32 28.60 28.71 28.40 28.64 28.73 28.98 28.75 28.38 28.69 29.22 29.27 28.77 29.20 29.23 29.33 28.88 29.44 29.26 28.82 28.62 29.23 29.24 28.74 28.08 27.67 28.52 27.48 27.00 26.87 27.19 27.29 27.54 27.13 26.77 27.50 27.10 26.55 26.06 26.08 25.99 26.53 26.29 25.94 26.07 26.17 26.39 25.72 25.72 24.92 24.88 24.74 25.15
29.22 29.43 29.25 29.83 29.69 29.54 29.21 29.34 29.35 29.20 29.37 29.43 29.33 29.09 29.04 29.30 29.15 29.05 28.36 28.18 28.19 28.40 28.97 28.89 28.87 28.77 28.72 28.41 28.31 28.40 28.26 28.47 28.67 28.88 29.78 29.63 29.82 30.09 29.59 29.53 29.64 29.43 29.24 29.31 28.56 28.99 29.23 29.25 28.73 28.12 27.68 28.71 27.25 26.78 27.40 27.22 27.64 27.86 27.19 27.31 27.74 27.72 27.25 27.12 27.06 26.54 26.99 26.05 25.75 26.95 26.66 26.03 26.27 26.04 24.81 25.69 26.93
28.71 29.28 29.11 29.32 29.63 29.74 29.41 29.47 29.80 29.78 29.66 29.65 30.08 30.20 30.40 30.03 30.20 30.09 29.80 29.80 29.18 28.64 29.03 29.02 29.46 29.28 28.90 28.96 29.01 28.92 28.95 28.75 28.61 29.48 29.43 29.43 29.26 30.01 29.96 29.67 29.54 30.12 29.87 29.58 29.56 29.04 28.97 29.72 29.37 28.65 27.96 28.54 28.40 27.38 27.02 27.86 27.58 27.84 27.56 27.27 27.71 28.05 27.32 27.61 27.43 27.43 27.59 27.17 25.94 26.71 26.71 26.87 26.01 26.16 26.37 25.38 26.74
29.17 29.37 29.21 29.11 29.21 29.11 29.24 29.13 29.20 29.36 29.78 29.95 30.19 30.31 30.47 30.60 30.58 30.76 30.80 30.58 30.29 29.96 29.67 29.55 29.73 29.74 29.50 29.67 29.46 29.87 29.48 30.23 30.28 29.56 30.33 30.16 30.19 30.28 30.56 30.27 29.95 30.01 30.00 29.73 29.93 29.34 29.40 29.74 30.18 29.50 28.67 28.38 28.49 28.52 27.42 27.68 28.03 27.58 27.38 27.68 27.66 27.49 27.81 28.12 27.73 28.16 27.44 27.96 27.25 26.60 26.99 27.68 26.71 26.89 26.20 27.20 25.40
29.28 28.83 28.99 29.46 29.79 29.63 29.45 29.61 29.35 29.34 29.37 29.54 30.05 30.07 29.97 29.83 29.76 29.52 29.53 29.76 30.38 29.91 30.30 29.97 30.04 30.30 29.82 29.74 29.76 30.25 29.66 30.11 29.58 30.11 30.13 30.78 30.47 29.88 30.04 30.22 30.12 30.46 30.43 29.76 29.84 29.48 30.07 29.94 30.44 30.08 29.61 29.15 28.55 29.47 28.41 28.02 27.96 28.02 28.13 28.56 28.44 28.15 28.50 28.32 28.48 28.14 27.84 27.69 28.00 27.97 28.66 26.15 28.39 27.18 27.34 27.12 25.97
29.84 29.04 29.76 30.24 30.03 30.34 30.09 29.83 29.50 29.47 29.98 30.07 30.26 30.05 30.29 30.26 29.81 29.92 29.59 29.55 29.37 28.38 29.71 29.51 29.40 29.05 28.91 29.30 29.56 29.54 29.39 29.67 29.58 29.81 29.68 29.99 30.67 30.87 30.68 30.73 31.14 30.79 30.21 30.21 30.11 29.64 29.84 30.36 30.61 30.48 30.44 29.94 29.59 30.34 29.39 28.88 28.69 28.90 28.34 29.05 28.95 28.61 28.96 29.28 28.98 28.59 28.14 28.45 28.62 28.19 28.62 27.90 27.71 27.68 28.38 26.77 25.65
30.90 30.25 30.26 30.93 30.82 30.45 30.44 30.41 30.39 30.14 30.17 30.09 29.79 30.14 30.46 30.61 30.21 30.35 29.75 30.10 29.90 29.68 29.34 29.55 29.53 29.09 28.72 29.39 29.71 29.64 29.63 29.57 29.51 29.00 29.28 29.18 29.76 30.06 29.86 30.40 31.16 31.13 30.95 30.04 30.57 30.89 30.00 29.96 30.04 30.16 30.71 30.66 30.25 29.83 30.12 29.68 28.81 29.29 29.30 28.84 28.69 29.02 28.83 29.29 29.76 29.56 29.39 29.09 29.20 29.18 28.07 28.48 28.10 27.53 28.76 27.08 27.12
30.85 31.01 30.94 31.11 30.79 30.88 30.79 31.03 30.94 30.82 30.26 30.27 30.15 30.05 30.37 30.80 30.08 30.49 30.01 30.38 30.19 29.63 30.05 30.05 30.04 29.93 29.50 29.18 29.53 29.62 29.83 29.64 29.22 29.49 29.01 29.47 29.49 30.82 30.35 30.61 29.80 30.72 30.78 30.86 30.20 30.28 30.32 29.80 30.06 29.70 30.32 30.69 30.00 29.85 29.93 29.84 29.33 28.93 30.08 29.90 29.34 29.64 29.30 29.06 29.83 29.85 29.50 29.56 30.05 29.32 28.65 28.53 27.91 28.44 28.56 28.51 27.05
31.34 31.66 31.43 31.06 31.11 31.30 31.39 31.33 31.33 31.27 30.75 30.56 29.88 30.21 30.43 30.44 30.37 30.27 30.26 30.01 29.80 29.73 30.33 30.34 30.19 29.78 29.88 29.64 29.19 29.78 29.88 29.89 29.73 29.46 29.37 29.30 29.93 29.77 30.77 30.25 30.64 30.90 30.88 30.74 30.08 29.83 29.66 29.75 29.84 29.70 29.91 30.35 30.24 30.00 30.26 29.64 30.04 29.49 29.90 29.83 29.84 29.86 29.40 29.78 30.08 30.04 29.43 29.87 29.40 29.56 29.14 28.88 28.39 28.56 27.98 28.69 26.92
31.66 31.62 31.63 30.84 31.16 31.66 32.03 31.63 31.64 31.53 31.29 30.85 30.94 31.01 30.96 30.81 30.82 30.65 30.69 30.40 29.93 29.89 30.52 29.92 30.44 30.08 29.63 29.88 29.54 29.73 30.36 30.26 30.13 29.99 29.82 29.83 29.90 30.35 30.46 30.82 30.81 30.92 31.37 31.06 31.13 29.87 29.56 29.64 29.51 29.30 29.54 29.54 29.91 30.04 29.70 30.20 29.87 30.28 29.55 30.35 30.12 30.24 30.07 29.77 29.99 29.83 29.74 30.14 29.99 29.41 28.81 29.52 28.82 29.10 27.66 28.66 27.43
31.34 31.66 31.39 31.15 31.63 31.93 31.55 31.73 31.60 31.66 31.19 31.14 31.19 31.10 31.00 30.89 31.02 30.93 30.96 30.73 30.40 30.27 29.89 30.70 30.95 30.05 29.79 29.70 29.64 30.09 30.15 30.04 30.38 30.10 29.91 29.98 29.19 30.34 29.21 30.78 30.90 31.34 31.33 30.95 31.28 30.54 29.37 29.83 30.44 29.77 29.68 29.47 29.87 30.28 30.36 30.46 29.78 30.60 29.51 29.78 29.68 29.58 30.06 29.74 29.52 30.07 30.37 30.55 30.34 29.96 29.14 29.99 29.84 29.41 29.04 28.61 26.57
31.34 31.47 31.54 31.47 31.07 31.00 30.63 31.65 31.47 31.02 30.70 30.20 30.83 30.44 31.17 30.61 30.56 30.21 30.76 30.94 30.69 30.51 30.44 30.70 30.84 30.47 29.89 30.14 29.83 30.64 29.86 30.31 31.00 30.67 30.61 30.40 30.63 30.39 30.85 30.43 31.13 31.22 31.37 31.32 31.51 31.14 31.08 30.01 30.01 29.85 29.84 29.19 28.63 29.76 30.04 29.97 29.98 30.52 29.79 29.66 30.12 30.05 30.17 29.64 29.86 30.13 30.02 30.55 30.06 29.71 29.54 30.33 30.54 30.19 28.72 29.02 27.06
30.89 31.78 31.43 31.00 31.28 31.27 31.17 30.91 30.90 30.41 30.15 29.90 29.94 30.11 29.80 30.60 30.07 30.18 30.25 30.35 30.50 30.55 30.25 30.67 30.49 30.48 30.50 30.99 30.41 30.87 30.56 30.17 30.84 30.65 30.47 30.42 30.25 30.57 30.49 30.73 30.79 31.19 31.28 30.99 31.25 31.01 31.24 30.59 29.53 29.15 28.83 29.03 29.22 29.64 29.72 30.08 30.44 30.46 30.45 29.43 29.97 29.87 29.85 29.97 30.21 30.70 30.80 30.75 29.42 29.82 29.50 29.40 29.61 29.60 28.64 28.83 27.29
30.56 30.78 30.77 30.57 30.88 30.49 30.95 30.70 30.18 30.11 29.74 29.38 29.22 29.38 29.60 29.40 29.21 29.32 29.54 30.13 30.14 29.99 30.97 30.47 31.08 30.35 30.62 31.00 31.13 31.27 30.87 30.87 31.06 30.49 30.78 30.81 31.03 30.20 30.55 30.90 31.36 31.43 31.52 31.48 31.23 31.02 31.35 30.85 30.10 29.81 29.33 28.78 29.06 29.47 30.04 30.19 30.11 30.61 30.31 30.19 30.04 30.52 30.12 30.20 30.65 31.01 30.60 30.53 30.05 29.46 29.02 29.20 29.23 29.09 28.60 28.58 26.41
29.73 29.99 29.10 29.82 30.42 30.34 30.54 30.41 30.50 29.75 29.53 29.50 29.36 29.47 29.17 29.48 29.42 30.01 29.12 29.52 29.25 29.17 30.06 31.05 30.93 31.34 31.12 30.97 30.61 31.52 30.85 30.91 30.82 30.32 30.37 30.26 30.27 30.37 30.35 31.04 31.00 31.17 31.46 31.20 31.40 31.26 31.10 30.91 30.55 29.91 29.44 28.98 28.89 29.13 29.95 29.79 30.38 30.69 30.50 30.53 30.80 30.47 30.88 31.20 30.71 31.25 30.03 30.07 29.79 29.95 29.11 29.80 28.54 28.59 28.36 28.36 27.17
29.29 28.78 28.28 28.43 29.36 29.70 29.53 29.83 29.86 29.87 29.40 29.68 29.16 28.78 29.17 28.61 28.31 28.87 28.34 28.34 29.03 29.13 29.43 29.28 29.74 30.29 30.08 30.65 30.83 31.03 30.76 30.90 30.72 30.22 30.45 29.90 30.24 29.70 30.45 30.97 30.11 31.00 31.54 32.02 31.65 31.47 30.96 31.41 30.77 29.76 29.54 29.00 29.72 29.95 29.65 28.90 30.07 30.49 30.81 31.09 31.32 31.05 31.37 31.53 31.00 31.42 30.66 30.02 30.12 30.23 29.25 29.39 28.68 29.05 28.88 29.21 27.66
28.07 27.70 27.95 28.09 28.92 29.13 29.17 28.91 28.46 28.82 28.71 29.28 28.91 28.71 28.65 28.83 28.40 29.08 28.90 28.66 29.21 29.40 28.95 28.19 28.57 28.88 28.61 29.15 29.67 30.61 30.44 30.99 30.75 30.48 30.31 30.53 29.56 29.25 29.46 30.03 30.07 30.73 30.60 31.46 31.64 31.36 31.03 31.40 31.40 30.00 29.29 29.70 28.45 28.31 28.17 28.28 29.05 29.62 30.04 30.71 30.45 30.86 31.23 31.65 30.61 31.52 30.96 30.07 29.78 29.91 29.75 28.88 28.43 28.32 28.98 28.35 26.23
27.91 27.65 27.54 27.59 28.07 27.76 28.36 28.42 28.26 28.35 28.51 28.68 28.38 28.49 28.58 28.71 28.35 28.90 29.10 28.65 28.56 27.88 27.59 27.28 27.86 28.66 28.35 28.61 28.97 30.17 30.24 31.15 29.76 30.03 30.11 30.27 29.01 29.41 28.60 29.58 29.35 30.30 30.35 30.66 30.70 31.62 30.99 31.43 30.70 29.75 29.38 29.61 27.63 27.17 28.49 28.79 28.72 28.96 29.15 29.96 29.65 30.27 30.92 31.04 31.31 30.87 30.34 30.32 29.42 29.24 29.73 28.66 28.69 28.44 28.04 28.10 26.05
27.17 27.52 27.67 27.75 28.28 27.91 28.00 27.99 28.04 28.59 28.58 28.22 28.42 28.26 29.04 28.07 28.54 27.94 28.21 27.86 27.61 27.02 27.86 26.89 28.53 28.07 28.28 28.76 28.82 29.40 29.43 30.36 29.40 30.47 29.85 29.08 28.84 27.91 28.81 28.09 28.05 29.44 29.82 29.99 30.74 29.74 30.43 30.21 29.80 29.07 28.09 29.10 28.39 28.16 27.83 26.42 27.65 28.45 28.09 27.79 28.27 29.85 29.90 30.64 30.32 30.27 30.14 30.12 29.32 28.56 29.27 29.09 28.40 27.87 27.16 27.31 25.99
27.46 27.83 27.59 27.58 27.86 27.99 27.86 27.76 27.51 27.37 27.66 28.02 27.69 28.13 27.94 28.48 28.29 27.88 28.20 28.19 28.38 28.45 28.28 27.90 27.96 28.61 28.21 28.17 29.04 28.84 28.19 28.89 29.75 30.27 29.29 28.99 28.64 28.26 27.30 27.07 27.93 28.76 29.47 29.61 29.68 28.93 29.49 29.45 29.35 28.74 28.34 27.85 27.60 26.47 26.41 25.04 25.25 26.06 26.91 26.77 27.63 28.51 28.46 29.30 30.02 29.69 29.60 29.58 29.57 29.01 29.28 28.55 27.81 27.74 26.56 25.80 25.03
27.59 27.44 26.54 26.60 26.63 26.76 27.06 27.50 27.24 27.34 27.07 27.37 27.80 27.41 27.69 27.94 27.30 27.00 28.26 27.67 27.59 28.25 27.73 27.09 27.66 28.53 28.26 27.80 28.09 28.20 27.92 27.77 28.08 28.54 27.98 27.63 27.77 27.95 26.57 28.26 27.58 28.13 28.06 28.52 29.83 28.74 29.18 29.33 29.40 28.66 28.09 27.26 26.05 25.65 25.07 25.37 24.60 23.64 24.69 27.29 26.87 27.31 27.57 27.92 28.37 29.35 28.41 28.72 28.56 28.89 28.24 28.08 27.40 26.65 24.62 25.69 23.92
26.71 25.91 26.32 25.82 26.43 26.74 26.22 26.77 27.26 27.86 27.47 27.47 27.49 27.80 27.21 26.91 27.68 26.84 27.22 27.74 26.34 26.65 27.23 27.47 27.36 26.62 27.48 27.22 26.51 27.57 26.98 26.54 27.15 27.18 27.92 27.15 27.63 27.59 26.42 27.53 27.68 27.58 27.90 27.49 28.17 27.86 26.92 27.39 27.61 28.01 28.71 27.34 26.73 24.07 24.79 25.08 23.97 23.40 22.88 25.04 25.03 26.42 27.08 27.21 28.34 29.31 29.07 27.44 26.28 27.14 28.37 27.48 27.31 25.99 24.08 24.54 24.10
24.22 24.98 25.15 25.21 24.74 24.34 25.10 25.62 26.19 26.51 26.99 26.62 26.97 27.27 26.56 25.76 26.16 24.49 24.86 24.77 25.79 25.70 26.15 26.83 26.94 27.05 26.93 27.26 27.15 27.32 29.12 29.16 28.98 29.03 28.87 28.72 27.15 28.26 27.65 27.10 26.68 27.05 28.43 27.68 27.45 26.14 24.29 25.21 26.07 26.74 27.22 27.37 26.17 24.48 23.05 23.46 23.31 22.04 21.03 23.05 22.61 24.56 26.67 26.73 29.07 30.69 29.75 27.80 26.08 25.96 26.69 28.15 27.87 26.79 26.00 23.22 24.67
