main/data/irradiance/18.10.2023.grid
ncols 839
nrows 679
xllcenter 112.0500
yllcenter -43.9500
cellsize 0.0500
nodata_value 99999.90
[rows 408 to 441 of 679, columns 231 to 307 of 839]
26.72 26.68 26.75 26.67 26.70 26.50 26.53 26.53 26.54 26.52 26.50 26.42 26.47 26.51 26.42 26.41 26.35 26.33 26.36 26.41 26.41 26.45 26.47 26.45 26.44 26.45 26.43 26.08 26.35 26.59 26.61 26.56 26.42 26.37 26.46 26.43 26.50 26.48 26.20 26.02 26.18 26.35 26.43 26.74 26.77 26.74 26.72 26.71 26.71 26.77 26.65 26.33 25.98 25.91 26.33 26.62 26.61 26.65 26.62 26.60 26.60 26.56 26.56 26.54 26.51 26.58 26.56 26.55 26.53 26.54 26.57 26.59 26.56 26.57 26.54 26.50 26.54
26.56 26.62 26.66 26.69 26.54 26.50 26.40 26.48 26.52 26.51 26.43 26.39 26.57 26.62 26.47 26.40 26.34 26.36 26.35 26.38 26.45 26.42 26.42 26.44 26.46 26.40 26.18 26.40 26.48 26.50 26.36 26.61 26.58 26.58 26.60 26.36 26.47 26.52 26.13 26.12 26.20 26.22 26.35 26.59 26.74 26.72 26.71 26.68 26.66 26.65 26.69 26.69 26.39 26.45 26.53 26.64 26.61 26.59 26.59 26.59 26.57 26.58 26.57 26.54 26.55 26.57 26.53 26.56 26.54 26.54 26.53 26.55 26.56 26.55 26.57 26.48 26.52
26.48 26.51 26.44 26.39 26.51 26.50 26.40 26.40 26.46 26.44 26.45 26.40 26.56 26.52 26.53 26.49 26.37 26.38 26.40 26.41 26.39 26.42 26.47 26.35 26.47 26.47 26.43 26.45 26.42 26.44 26.55 26.52 26.56 26.70 26.70 26.63 26.37 26.61 26.40 26.31 26.02 26.06 26.41 26.45 26.73 26.74 26.71 26.70 26.62 26.54 26.54 26.64 26.59 26.52 26.52 26.54 26.53 26.61 26.57 26.57 26.61 26.58 26.56 26.51 26.55 26.53 26.53 26.56 26.58 26.55 26.58 26.58 26.57 26.56 26.52 26.52 26.51
26.41 26.39 26.37 26.38 26.49 26.51 26.41 26.38 26.36 26.35 26.39 26.39 26.40 26.41 26.42 26.40 26.39 26.41 26.42 26.39 26.45 26.43 26.44 26.45 26.44 26.45 26.43 26.41 26.21 26.14 26.58 26.66 26.67 26.64 26.65 26.45 26.56 26.68 26.57 26.35 26.19 26.24 26.21 26.34 26.57 26.58 26.71 26.68 26.51 26.51 26.59 26.62 26.64 26.49 26.59 26.57 26.57 26.62 26.62 26.63 26.62 26.59 26.60 26.58 26.56 26.56 26.50 26.51 26.56 26.55 26.58 26.56 26.59 26.57 26.57 26.57 26.55
26.35 26.41 26.49 26.44 26.46 26.48 26.39 26.33 26.32 26.40 26.37 26.38 26.38 26.39 26.40 26.34 26.30 26.39 26.48 26.39 26.42 26.46 26.50 26.44 26.49 26.45 26.44 26.44 26.33 26.28 26.57 26.68 26.56 26.50 26.67 26.71 26.60 26.54 26.40 26.33 26.51 26.44 26.10 26.44 26.61 26.49 26.54 26.60 26.56 26.63 26.67 26.57 26.60 26.55 26.47 26.64 26.62 26.60 26.59 26.57 26.64 26.58 26.56 26.53 26.52 26.56 26.57 26.56 26.54 26.54 26.52 26.56 26.58 26.57 26.57 26.55 26.54
26.44 26.42 26.51 26.49 26.41 26.44 26.49 26.44 26.44 26.48 26.43 26.43 26.34 26.34 26.34 26.27 26.27 26.33 26.39 26.40 26.44 26.47 26.51 26.47 26.50 26.50 26.46 26.41 26.39 26.45 26.36 26.43 26.54 26.60 26.50 26.37 26.45 26.42 26.21 26.45 26.53 26.46 26.12 26.35 26.59 26.58 26.61 26.59 26.61 26.66 26.65 26.60 26.61 26.63 26.69 26.62 26.62 26.63 26.60 26.60 26.61 26.59 26.59 26.56 26.54 26.56 26.53 26.51 26.55 26.54 26.56 26.56 26.54 26.53 26.55 26.51 26.56
26.42 26.41 26.46 26.41 26.44 26.37 26.47 26.50 26.47 26.48 26.46 26.42 26.33 26.34 26.33 26.27 26.36 26.35 26.37 26.42 26.43 26.45 26.47 26.47 26.52 26.44 26.45 26.43 26.43 26.39 26.46 26.54 26.43 25.85 26.30 26.51 26.44 26.52 26.51 26.51 26.45 26.23 26.01 26.22 26.49 26.61 26.63 26.66 26.64 26.61 26.62 26.56 26.51 26.54 26.62 26.68 26.62 26.63 26.59 26.59 26.58 26.55 26.56 26.55 26.51 26.52 26.55 26.52 26.54 26.55 26.55 26.53 26.53 26.52 26.52 26.52 26.47
26.44 26.44 26.49 26.47 26.48 26.45 26.38 26.43 26.43 26.35 26.44 26.45 26.36 26.35 26.34 26.32 26.39 26.43 26.44 26.45 26.48 26.49 26.45 26.45 26.46 26.43 26.42 26.46 26.49 26.51 26.54 26.45 26.45 26.16 26.25 26.43 26.31 26.55 26.39 26.29 26.15 25.99 26.20 26.29 26.40 26.44 26.54 26.62 26.63 26.66 26.62 26.57 26.57 26.57 26.49 26.62 26.62 26.62 26.60 26.59 26.54 26.56 26.57 26.58 26.58 26.52 26.51 26.53 26.54 26.53 26.51 26.57 26.53 26.51 26.50 26.50 26.50
26.41 26.50 26.45 26.47 26.49 26.47 26.43 26.32 26.29 26.35 26.40 26.48 26.42 26.38 26.38 26.38 26.43 26.42 26.46 26.45 26.52 26.52 26.46 26.46 26.47 26.39 26.49 26.55 26.53 26.41 26.56 26.43 26.56 26.53 26.29 26.43 26.62 26.60 26.23 26.23 26.24 26.29 26.06 26.16 26.11 26.22 26.58 26.58 26.60 26.63 26.61 26.57 26.58 26.61 26.62 26.49 26.60 26.57 26.60 26.61 26.55 26.57 26.55 26.56 26.54 26.54 26.52 26.48 26.52 26.51 26.53 26.53 26.54 26.51 26.52 26.49 26.49
26.42 26.45 26.41 26.39 26.42 26.43 26.39 26.35 26.28 26.33 26.39 26.46 26.33 26.37 26.33 26.37 26.40 26.46 26.51 26.56 26.56 26.51 26.50 26.50 26.46 26.39 26.41 26.51 26.55 26.57 26.40 26.55 26.55 26.48 25.84 26.00 26.45 26.59 26.58 26.57 26.45 26.43 26.21 26.17 26.17 26.19 26.50 26.58 26.62 26.62 26.58 26.44 26.50 26.59 26.59 26.59 26.60 26.57 26.59 26.60 26.58 26.57 26.57 26.54 26.54 26.52 26.52 26.49 26.49 26.49 26.47 26.49 26.49 26.53 26.51 26.53 26.49
26.49 26.53 26.52 26.45 26.43 26.42 26.36 26.30 26.28 26.33 26.42 26.40 26.35 26.38 26.37 26.38 26.40 26.47 26.49 26.55 26.59 26.49 26.48 26.50 26.51 26.42 26.49 26.51 26.50 26.55 26.52 26.57 26.59 26.48 26.29 26.11 26.32 26.28 26.39 26.45 26.57 26.54 26.24 26.21 26.26 26.15 26.16 26.27 26.53 26.60 26.62 26.59 26.58 26.59 26.61 26.57 26.60 26.60 26.58 26.56 26.56 26.57 26.55 26.52 26.48 26.50 26.52 26.47 26.49 26.45 26.48 26.48 26.48 26.51 26.55 26.55 26.55
26.36 26.51 26.52 26.46 26.45 26.47 26.37 26.32 26.30 26.27 26.35 26.29 26.32 26.33 26.41 26.40 26.44 26.44 26.47 26.51 26.56 26.57 26.49 26.51 26.49 26.49 26.48 26.49 26.54 26.54 26.52 26.58 26.59 26.57 26.49 26.19 26.41 26.50 26.43 26.19 26.52 26.52 26.49 26.24 26.26 26.31 26.34 26.42 26.53 26.59 26.60 26.60 26.57 26.56 26.58 26.59 26.55 26.56 26.56 26.51 26.43 26.51 26.48 26.50 26.50 26.50 26.52 26.48 26.51 26.47 26.43 26.48 26.53 26.52 26.56 26.56 26.56
26.38 26.38 26.42 26.47 26.46 26.45 26.44 26.35 26.34 26.42 26.41 26.39 26.36 26.34 26.48 26.46 26.45 26.47 26.50 26.57 26.58 26.59 26.57 26.55 26.50 26.42 26.38 26.45 26.50 26.52 26.52 26.59 26.61 26.60 26.51 26.32 26.46 26.43 26.55 26.54 26.57 26.53 26.57 26.49 26.44 26.41 26.34 26.55 26.57 26.55 26.55 26.56 26.54 26.56 26.54 26.52 26.55 26.54 26.55 26.51 26.37 26.41 26.31 26.51 26.51 26.49 26.49 26.50 26.51 26.49 26.44 26.47 26.50 26.50 26.51 26.54 26.53
26.36 26.42 26.41 26.37 26.29 26.34 26.35 26.30 26.26 26.35 26.42 26.44 26.38 26.42 26.31 26.43 26.38 26.33 26.28 26.33 26.56 26.57 26.59 26.40 26.36 26.31 26.30 26.30 26.45 26.56 26.60 26.62 26.60 26.56 26.56 26.48 26.45 26.29 26.39 26.59 26.58 26.54 26.59 26.55 26.56 26.54 26.59 26.60 26.55 26.56 26.53 26.55 26.55 26.54 26.57 26.53 26.56 26.50 26.49 26.52 26.52 26.49 26.50 26.43 26.50 26.48 26.44 26.50 26.53 26.49 26.46 26.44 26.46 26.49 26.46 26.47 26.50
26.33 26.39 26.42 26.30 26.28 26.28 26.32 26.34 26.31 26.35 26.44 26.49 26.33 26.29 26.24 26.30 26.20 26.31 26.27 26.28 26.37 26.48 26.42 26.31 26.41 26.53 26.49 26.47 26.40 26.53 26.58 26.57 26.56 26.53 26.52 26.50 26.41 26.17 25.96 26.36 26.56 26.57 26.57 26.54 26.57 26.58 26.59 26.60 26.61 26.59 26.55 26.53 26.55 26.54 26.56 26.50 26.53 26.50 26.50 26.51 26.48 26.48 26.50 26.52 26.51 26.50 26.47 26.46 26.47 26.49 26.50 26.47 26.45 26.45 26.49 26.48 26.49
26.31 26.38 26.31 26.23 26.28 26.30 26.25 26.23 26.24 26.35 26.43 26.41 26.35 26.29 26.34 26.44 26.37 26.39 26.27 26.29 26.47 26.47 26.44 26.33 26.40 26.56 26.58 26.54 26.53 26.54 26.51 26.43 26.45 26.39 26.45 26.51 26.54 26.47 26.44 26.30 26.28 26.55 26.58 26.57 26.57 26.58 26.63 26.61 26.58 26.58 26.56 26.53 26.53 26.51 26.50 26.53 26.48 26.49 26.53 26.55 26.50 26.48 26.48 26.50 26.50 26.50 26.49 26.50 26.46 26.48 26.48 26.47 26.50 26.46 26.45 26.47 26.49
26.23 26.29 26.26 26.26 26.32 26.33 26.26 26.22 26.30 26.38 26.42 26.37 26.25 26.25 26.40 26.33 26.28 26.41 26.37 26.40 26.54 26.52 26.48 26.29 26.30 26.35 26.45 26.47 26.53 26.54 26.50 26.42 26.42 26.41 26.47 26.51 26.54 26.56 26.47 26.26 26.05 26.34 26.58 26.59 26.58 26.60 26.61 26.65 26.58 26.53 26.53 26.51 26.50 26.52 26.54 26.53 26.50 26.48 26.52 26.52 26.49 26.52 26.49 26.50 26.48 26.49 26.52 26.47 26.48 26.45 26.48 26.48 26.47 26.44 26.46 26.46 26.47
26.07 26.28 26.26 26.29 26.32 26.26 26.30 26.34 26.23 26.31 26.31 26.38 26.30 26.24 26.42 26.45 26.33 26.30 26.27 26.32 26.37 26.46 26.43 26.35 26.24 26.29 26.28 26.33 26.40 26.45 26.41 26.38 26.45 26.52 26.53 26.52 26.52 26.52 26.44 26.43 26.26 26.13 26.30 26.57 26.56 26.59 26.59 26.60 26.59 26.56 26.53 26.54 26.52 26.51 26.50 26.50 26.49 26.48 26.48 26.49 26.46 26.47 26.51 26.50 26.51 26.46 26.48 26.47 26.47 26.44 26.47 26.48 26.49 26.49 26.45 26.43 26.44
26.22 26.22 26.25 26.31 26.33 26.33 26.34 26.41 26.29 26.27 26.19 26.29 26.33 26.27 26.34 26.39 26.44 26.42 26.34 26.29 26.28 26.35 26.32 26.32 26.28 26.33 26.34 26.36 26.37 26.38 26.33 26.37 26.30 26.45 26.49 26.50 26.48 26.55 26.52 26.47 26.33 26.19 26.14 26.39 26.53 26.55 26.54 26.54 26.53 26.53 26.50 26.50 26.49 26.49 26.52 26.51 26.47 26.47 26.48 26.46 26.43 26.44 26.44 26.47 26.47 26.49 26.44 26.44 26.42 26.43 26.43 26.47 26.44 26.44 26.46 26.45 26.45
26.30 26.28 26.30 26.32 26.31 26.33 26.34 26.40 26.37 26.29 26.19 26.28 26.35 26.26 26.25 26.28 26.32 26.32 26.26 26.27 26.24 26.32 26.31 26.31 26.31 26.33 26.36 26.34 26.42 26.41 26.44 26.52 26.35 26.42 26.48 26.51 26.54 26.52 26.56 26.46 26.25 26.37 26.43 26.49 26.46 26.38 26.48 26.52 26.50 26.50 26.47 26.49 26.46 26.47 26.48 26.48 26.47 26.45 26.47 26.48 26.48 26.45 26.46 26.46 26.46 26.42 26.46 26.46 26.47 26.43 26.42 26.41 26.40 26.40 26.43 26.43 26.42
26.23 26.27 26.30 26.31 26.26 26.25 26.33 26.33 26.37 26.38 26.26 26.22 26.28 26.23 26.21 26.22 26.30 26.26 26.25 26.28 26.25 26.28 26.31 26.31 26.32 26.35 26.30 26.29 26.35 26.40 26.36 26.38 26.49 26.46 26.48 26.51 26.50 26.59 26.53 26.51 26.46 26.45 26.44 26.40 26.45 26.49 26.48 26.47 26.49 26.49 26.49 26.44 26.43 26.44 26.46 26.46 26.47 26.44 26.43 26.44 26.43 26.46 26.48 26.45 26.47 26.47 26.44 26.44 26.44 26.42 26.41 26.40 26.38 26.36 26.35 26.34 26.35
26.22 26.27 26.24 26.26 26.25 26.20 26.29 26.34 26.23 26.32 26.30 26.30 26.25 26.23 26.23 26.26 26.27 26.25 26.26 26.37 26.36 26.30 26.29 26.31 26.34 26.40 26.34 26.32 26.34 26.40 26.37 26.40 26.46 26.43 26.42 26.47 26.49 26.53 26.52 26.48 26.47 26.48 26.47 26.43 26.48 26.49 26.47 26.48 26.49 26.48 26.48 26.47 26.48 26.47 26.45 26.46 26.46 26.45 26.46 26.47 26.49 26.48 26.49 26.49 26.46 26.49 26.48 26.48 26.49 26.48 26.45 26.41 26.39 26.41 26.41 26.40 26.32
26.21 26.21 26.21 26.23 26.23 26.25 26.25 26.19 26.27 26.29 26.26 26.19 26.23 26.22 26.24 26.22 26.23 26.24 26.28 26.25 26.31 26.38 26.34 26.35 26.36 26.39 26.37 26.39 26.44 26.45 26.43 26.43 26.45 26.45 26.39 26.42 26.46 26.45 26.46 26.47 26.46 26.48 26.46 26.49 26.52 26.51 26.48 26.50 26.50 26.47 26.46 26.44 26.47 26.48 26.47 26.45 26.43 26.44 26.43 26.47 26.48 26.46 26.49 26.52 26.45 26.46 26.44 26.48 26.47 26.43 26.42 26.41 26.38 26.38 26.40 26.40 26.38
26.22 26.22 26.22 26.23 26.21 26.23 26.22 26.22 26.26 26.24 26.24 26.21 26.16 26.18 26.24 26.19 26.19 26.23 26.25 26.26 26.27 26.24 26.31 26.38 26.38 26.37 26.35 26.33 26.39 26.40 26.38 26.42 26.36 26.37 26.37 26.43 26.44 26.44 26.50 26.49 26.45 26.47 26.51 26.51 26.46 26.47 26.47 26.47 26.47 26.50 26.47 26.48 26.48 26.45 26.44 26.43 26.45 26.42 26.44 26.45 26.43 26.45 26.47 26.44 26.44 26.40 26.38 26.40 26.45 26.45 26.43 26.46 26.42 26.39 26.38 26.35 26.33
26.14 26.16 26.18 26.19 26.16 26.15 26.16 26.20 26.24 26.26 26.25 26.21 26.20 26.19 26.18 26.19 26.18 26.21 26.14 26.28 26.26 26.25 26.27 26.31 26.32 26.31 26.31 26.33 26.35 26.36 26.38 26.39 26.46 26.43 26.35 26.33 26.43 26.41 26.46 26.50 26.44 26.46 26.48 26.45 26.46 26.44 26.43 26.44 26.44 26.45 26.45 26.47 26.45 26.43 26.41 26.42 26.41 26.41 26.39 26.41 26.42 26.42 26.45 26.45 26.43 26.41 26.37 26.41 26.41 26.41 26.38 26.40 26.38 26.38 26.39 26.34 26.32
26.09 26.11 26.15 26.15 26.16 26.22 26.18 26.17 26.19 26.28 26.25 26.20 26.19 26.21 26.21 26.20 26.21 26.21 26.22 26.29 26.25 26.25 26.25 26.28 26.37 26.37 26.34 26.39 26.36 26.34 26.40 26.37 26.44 26.47 26.45 26.40 26.12 26.43 26.45 26.45 26.45 26.44 26.48 26.46 26.43 26.42 26.44 26.41 26.45 26.47 26.47 26.49 26.47 26.48 26.43 26.42 26.39 26.40 26.42 26.40 26.43 26.42 26.39 26.40 26.39 26.41 26.34 26.38 26.36 26.36 26.40 26.36 26.35 26.33 26.28 26.28 26.28
26.10 26.10 26.08 26.11 26.18 26.21 26.22 26.23 26.23 26.21 26.24 26.26 26.22 26.19 26.20 26.19 26.23 26.27 26.26 26.31 26.28 26.23 26.23 26.29 26.32 26.38 26.38 26.33 26.37 26.38 26.36 26.39 26.43 26.45 26.48 26.37 26.25 26.37 26.36 26.39 26.38 26.42 26.43 26.42 26.43 26.40 26.42 26.42 26.41 26.47 26.49 26.47 26.45 26.42 26.36 26.37 26.41 26.40 26.41 26.42 26.42 26.39 26.37 26.36 26.35 26.37 26.37 26.37 26.38 26.35 26.34 26.36 26.33 26.32 26.26 26.23 26.23
26.09 26.09 26.06 26.06 26.16 26.18 26.21 26.21 26.24 26.22 26.20 26.24 26.20 26.21 26.23 26.25 26.34 26.25 26.23 26.28 26.25 26.24 26.22 26.30 26.31 26.33 26.28 26.36 26.35 26.32 26.30 26.34 26.37 26.40 26.40 26.38 26.35 26.37 26.37 26.38 26.41 26.40 26.42 26.41 26.43 26.43 26.42 26.43 26.42 26.46 26.42 26.44 26.43 26.40 26.41 26.37 26.38 26.38 26.40 26.36 26.35 26.36 26.36 26.33 26.31 26.32 26.31 26.29 26.32 26.32 26.33 26.32 26.31 26.26 26.19 26.17 26.17
26.08 26.06 26.07 26.10 26.14 26.14 26.16 26.21 26.21 26.18 26.21 26.24 26.17 26.20 26.21 26.21 26.26 26.25 26.26 26.28 26.23 26.22 26.22 26.29 26.30 26.27 26.25 26.30 26.30 26.33 26.31 26.33 26.31 26.33 26.35 26.36 26.36 26.38 26.36 26.39 26.40 26.40 26.38 26.37 26.38 26.38 26.36 26.37 26.41 26.44 26.41 26.41 26.38 26.39 26.36 26.38 26.36 26.33 26.32 26.35 26.31 26.35 26.33 26.31 26.30 26.27 26.27 26.25 26.23 26.21 26.15 26.16 26.13 26.14 26.14 26.15 26.17
26.09 26.07 26.05 26.09 26.15 26.17 26.19 26.17 26.18 26.17 26.16 26.20 26.16 26.15 26.16 26.17 26.19 26.20 26.22 26.23 26.26 26.24 26.22 26.24 26.24 26.29 26.26 26.29 26.27 26.29 26.27 26.30 26.31 26.35 26.37 26.35 26.38 26.44 26.43 26.45 26.43 26.40 26.40 26.41 26.36 26.32 26.32 26.37 26.38 26.39 26.38 26.37 26.34 26.34 26.32 26.31 26.23 26.20 26.19 26.21 26.24 26.26 26.22 26.22 26.24 26.22 26.20 26.16 26.16 26.16 26.11 26.11 26.10 26.14 26.15 26.21 26.23
26.09 26.07 26.12 26.11 26.13 26.15 26.19 26.25 26.21 26.20 26.21 26.13 26.14 26.15 26.17 26.15 26.14 26.19 26.19 26.20 26.22 26.18 26.19 26.18 26.19 26.21 26.21 26.27 26.31 26.28 26.27 26.24 26.29 26.37 26.39 26.40 26.40 26.42 26.42 26.43 26.45 26.42 26.40 26.45 26.37 26.21 26.24 26.27 26.31 26.33 26.27 26.28 26.23 26.26 26.22 26.03 26.03 26.02 26.02 26.05 26.15 26.17 26.13 26.09 26.12 26.11 26.11 26.12 26.15 26.19 26.18 26.17 26.15 26.20 26.21 26.23 26.23
26.11 26.09 26.11 26.14 26.16 26.13 26.15 26.23 26.22 26.16 26.16 26.12 26.12 26.12 26.13 26.14 26.12 26.18 26.21 26.19 26.21 26.18 26.17 26.21 26.18 26.15 26.15 26.15 26.19 26.19 26.19 26.21 26.25 26.26 26.27 26.34 26.39 26.40 26.42 26.39 26.42 26.39 26.39 26.36 26.30 26.19 26.17 26.16 26.20 26.27 26.28 26.17 26.06 25.98 25.97 25.83 25.84 25.86 25.84 25.86 25.94 25.94 25.98 26.05 26.09 26.10 26.14 26.16 26.11 26.16 26.17 26.17 26.14 26.17 26.16 26.16 26.17
26.05 26.07 26.07 26.08 26.14 26.16 26.18 26.21 26.24 26.20 26.21 26.09 26.12 26.11 26.07 26.09 26.14 26.18 26.19 26.24 26.21 26.17 26.20 26.21 26.15 26.16 26.07 26.07 26.11 26.17 26.19 26.17 26.24 26.16 26.15 26.25 26.30 26.33 26.32 26.29 26.31 26.29 26.28 26.24 26.25 26.20 26.22 26.16 26.13 26.11 26.07 25.92 25.85 25.77 25.74 25.66 25.70 25.66 25.74 25.74 25.76 25.80 25.85 25.94 26.02 26.05 26.06 26.05 26.03 26.04 26.02 26.04 26.06 26.09 26.10 26.12 26.12
26.03 26.03 26.05 26.02 26.07 26.14 26.14 26.23 26.27 26.21 26.21 26.16 26.15 26.10 26.11 26.08 26.11 26.12 26.14 26.17 26.18 26.21 26.22 26.20 26.16 26.18 26.14 26.15 26.11 26.13 26.16 26.14 26.15 26.17 26.18 26.18 26.27 26.24 26.23 26.23 26.24 26.23 26.22 26.21 26.12 26.11 26.12 26.13 26.02 25.87 25.82 25.74 25.64 25.66 25.61 25.57 25.60 25.63 25.61 25.64 25.65 25.68 25.70 25.74 25.82 25.86 25.96 25.92 25.90 25.97 26.03 26.03 26.04 26.07 26.06 26.07 26.05
