main/data/irradiance/19.02.2023.grid
ncols 839
nrows 679
xllcenter 112.0500
yllcenter -43.9500
cellsize 0.0500
nodata_value 99999.90
[rows 306 to 339 of 679, columns 462 to 538 of 839]
27.60 27.88 28.08 28.09 28.13 28.11 27.95 27.95 27.88 28.12 28.07 28.01 28.08 28.20 28.18 28.18 28.19 28.17 28.15 28.15 28.04 28.10 28.12 28.08 28.12 28.10 28.08 28.11 28.12 28.11 28.08 28.10 28.07 28.09 28.09 28.09 28.10 28.10 27.99 27.97 27.95 28.06 28.07 28.06 27.99 28.15 28.21 28.23 28.26 28.26 28.26 28.24 28.21 28.13 27.93 28.04 28.08 28.24 28.24 28.25 28.17 27.81 27.78 27.75 27.63 27.49 27.47 27.26 27.43 27.40 27.73 27.79 27.93 28.18 27.90 27.56 27.53
27.92 27.96 27.72 27.89 27.59 28.06 27.98 27.95 27.87 27.90 28.00 28.16 28.17 28.16 28.18 28.08 28.17 28.16 28.15 28.14 28.15 28.06 27.97 27.98 27.98 28.13 28.13 28.06 28.11 28.11 28.10 28.05 28.03 28.00 28.08 28.08 28.09 28.07 28.08 28.08 28.10 28.10 28.12 28.10 28.11 28.11 28.17 28.19 28.24 28.26 28.25 28.23 28.14 27.94 27.83 27.98 28.09 28.15 28.19 28.22 28.16 27.86 27.78 27.81 27.66 27.62 27.53 27.45 27.44 27.38 27.53 27.66 27.74 27.75 27.92 27.74 27.47
27.54 27.55 27.89 27.62 27.91 27.93 27.73 27.75 27.85 27.91 28.00 27.66 27.94 28.00 28.11 28.14 27.95 28.14 28.15 28.14 28.14 27.97 28.02 27.98 28.02 28.07 28.12 28.13 28.11 28.11 28.05 28.08 28.07 28.05 28.04 28.03 28.10 28.10 28.09 28.11 28.10 28.11 28.11 28.14 28.16 28.16 28.18 28.19 28.21 28.22 28.15 27.97 27.85 27.76 27.74 27.70 27.91 27.63 27.56 28.09 28.23 27.86 27.75 27.74 27.72 27.71 27.65 27.63 27.62 27.47 27.42 27.63 27.58 27.70 27.65 27.69 27.59
27.46 27.50 27.79 27.81 27.80 27.89 28.05 27.68 27.77 27.76 27.91 28.01 28.08 28.02 28.02 28.09 28.05 28.06 28.15 28.11 28.12 28.13 28.10 28.07 28.00 28.08 28.12 28.12 28.05 28.11 28.12 28.11 28.09 28.07 28.02 28.08 28.10 28.10 28.09 28.10 28.11 28.10 28.11 28.14 28.15 28.16 28.17 28.16 28.18 28.04 27.94 27.76 27.74 27.75 27.59 27.50 27.80 27.36 27.28 27.70 28.02 27.74 27.70 27.63 27.38 27.53 27.55 27.58 27.65 27.51 27.40 27.60 27.69 27.78 27.59 27.80 27.78
27.54 27.67 27.81 27.84 27.99 27.92 28.01 28.04 27.85 27.76 27.94 27.91 28.01 28.11 28.03 28.12 28.11 28.08 28.13 28.10 28.02 28.07 28.09 28.11 28.10 28.03 27.98 28.10 28.07 28.08 28.11 28.12 28.11 28.11 28.09 28.09 28.12 28.12 28.12 28.12 28.11 28.11 28.12 28.14 28.15 28.14 28.14 28.17 28.15 28.03 28.02 28.07 27.89 27.62 27.64 27.46 27.58 27.30 27.37 27.33 27.40 27.33 27.43 27.35 27.19 27.37 27.49 27.43 27.49 27.41 27.44 27.37 27.66 28.24 28.30 27.84 27.56
27.38 27.60 27.95 27.92 28.10 28.14 28.15 28.07 28.14 28.04 28.02 28.00 27.99 28.11 28.10 28.01 28.09 28.07 28.08 28.06 27.99 28.03 28.10 28.12 28.10 28.10 28.05 28.06 28.06 28.09 28.10 28.10 28.10 28.11 28.11 28.11 28.11 28.13 28.14 28.15 28.14 28.13 28.15 28.15 28.13 28.11 28.02 28.17 28.18 28.09 28.12 28.17 28.14 28.02 27.69 27.25 27.18 27.16 27.21 27.15 27.22 27.40 27.89 27.85 27.38 27.36 27.48 27.32 27.41 27.49 27.45 27.48 28.18 28.24 28.15 28.06 27.57
28.02 28.03 28.07 28.09 27.96 28.15 28.14 28.15 28.15 28.13 28.17 28.12 28.08 28.10 28.09 28.03 28.08 28.10 28.03 28.03 27.93 27.90 28.03 28.01 28.02 28.07 28.07 28.08 28.07 28.06 28.11 28.10 28.08 27.98 28.07 28.12 28.11 28.12 28.14 28.15 28.14 28.14 28.14 28.14 28.15 28.13 28.04 27.90 28.14 28.09 28.04 28.13 28.11 28.07 28.01 27.59 27.39 27.36 27.55 27.16 27.29 28.10 28.14 28.19 28.19 28.19 27.84 27.87 27.94 28.07 28.14 28.04 27.85 27.78 27.85 27.86 27.70
27.98 28.00 27.80 28.03 28.08 28.03 28.10 28.11 28.15 28.16 28.10 28.15 28.16 28.12 28.06 28.07 28.09 28.06 28.01 27.94 27.91 27.89 27.97 27.95 27.88 27.96 28.04 28.08 28.10 28.09 28.11 28.13 28.12 28.11 28.10 28.10 28.11 28.11 28.12 28.15 28.14 28.13 28.13 28.13 28.11 28.11 28.03 28.12 28.22 28.22 28.15 28.06 27.98 27.81 27.79 27.77 27.63 27.81 27.56 27.10 27.43 28.17 28.15 28.15 27.97 28.14 28.21 27.90 27.99 28.14 28.20 27.71 27.19 27.52 27.51 27.74 27.93
27.98 27.95 27.94 27.82 27.82 27.89 27.81 27.87 28.12 28.16 28.17 28.18 28.02 27.94 28.02 28.05 28.06 28.04 28.01 27.97 27.90 27.88 27.90 27.91 27.91 27.97 27.90 27.93 28.09 28.10 28.12 28.15 28.15 28.14 28.13 28.12 28.11 28.12 28.07 28.04 28.11 28.12 28.10 28.12 28.13 28.00 27.88 27.95 27.97 28.10 28.18 28.15 28.02 27.90 27.61 27.55 27.24 27.42 27.31 26.91 27.18 27.89 27.62 27.72 27.85 27.46 27.35 27.51 28.11 28.13 27.79 27.60 27.18 27.43 27.42 27.51 27.51
27.96 27.88 27.78 27.63 27.71 27.82 27.74 27.62 27.51 27.98 28.03 28.11 28.06 27.96 28.08 28.08 28.04 27.98 28.02 28.05 28.01 27.94 27.90 27.90 27.89 27.90 27.95 27.99 27.98 28.08 28.14 28.17 28.16 28.16 28.15 28.13 28.13 28.12 28.08 28.05 28.09 28.13 28.13 28.11 28.08 28.13 28.14 27.90 27.96 28.06 28.13 28.05 27.87 27.74 27.52 27.50 27.62 27.16 27.03 26.83 26.96 27.28 27.39 27.39 27.55 27.38 27.28 27.28 27.68 27.71 27.67 27.30 27.29 27.44 27.95 27.49 27.41
27.70 27.75 27.48 27.94 27.93 27.95 27.77 27.74 27.75 27.68 27.91 27.86 27.87 27.86 28.16 28.14 27.93 28.01 27.93 27.93 28.04 28.00 27.94 27.93 27.95 27.89 27.87 27.75 27.76 27.87 27.97 28.15 28.16 28.17 28.16 28.15 28.14 28.13 28.09 27.96 27.97 28.11 28.14 28.14 28.04 28.06 28.14 28.05 27.97 27.93 28.02 27.83 27.77 27.59 27.33 27.37 27.47 27.49 27.28 27.08 27.07 27.11 27.35 27.48 27.51 27.39 27.30 27.20 27.29 27.23 27.57 27.88 28.16 27.86 27.57 27.18 27.17
27.63 27.74 27.91 27.91 27.97 27.92 27.80 27.72 27.65 27.67 27.95 28.01 27.81 27.64 27.90 28.08 28.07 27.94 27.87 27.89 27.89 27.96 27.94 27.92 27.92 27.84 27.85 27.91 27.75 27.78 27.97 28.09 28.10 28.10 28.15 28.16 28.13 28.12 28.12 27.97 27.88 28.12 28.16 28.15 28.10 28.01 28.07 27.95 27.75 27.76 27.83 27.82 27.65 27.51 27.33 27.34 27.35 27.25 27.25 27.15 27.61 27.68 27.45 27.83 27.74 27.57 27.41 27.31 27.42 27.25 27.27 27.21 27.48 27.39 27.37 27.22 27.07
27.75 27.81 27.88 27.60 28.04 27.85 27.78 27.79 27.65 27.76 27.90 27.90 27.79 27.70 27.65 27.59 27.99 27.92 27.83 27.78 27.72 27.87 27.94 27.90 27.86 27.82 27.82 27.80 27.86 27.86 27.82 27.90 27.97 27.92 27.68 27.72 28.10 28.13 28.13 28.04 28.13 28.14 28.15 28.15 28.05 28.04 27.84 28.01 27.99 27.72 28.04 26.96 27.43 27.41 27.43 27.46 27.25 26.86 26.87 27.22 27.53 27.68 28.04 28.21 27.74 27.69 27.60 27.44 27.49 27.39 27.27 27.28 27.27 27.18 27.47 27.24 27.20
27.86 27.88 27.95 27.82 27.84 27.91 27.81 27.65 27.77 27.79 27.75 27.77 27.67 27.60 27.61 27.73 27.94 27.94 27.76 27.68 27.81 27.81 27.83 27.82 27.79 27.68 27.67 27.74 27.84 27.87 27.82 27.94 27.82 27.80 27.69 27.66 28.12 28.14 28.15 28.14 28.12 28.13 28.13 28.15 28.14 27.94 27.71 27.85 28.14 28.02 27.73 27.36 27.30 27.47 27.47 27.46 27.41 26.62 26.17 27.09 27.17 27.25 27.64 27.97 27.55 27.51 27.38 27.63 27.46 27.48 27.31 27.27 27.28 27.24 27.23 27.28 27.31
27.70 27.87 27.41 27.69 27.76 27.77 27.78 27.66 27.73 27.78 27.71 27.65 27.76 27.70 27.67 27.73 27.68 27.87 27.80 27.59 27.60 27.72 27.65 27.69 27.66 27.57 27.62 27.70 27.78 27.83 27.76 27.88 27.93 27.79 27.77 27.82 27.94 28.17 28.18 28.16 28.13 28.12 28.11 28.14 28.15 28.16 28.02 27.98 27.89 27.84 27.74 27.37 27.69 27.50 27.12 27.01 26.18 26.90 26.95 26.89 27.00 27.11 27.26 27.31 27.30 27.21 27.25 27.43 27.30 27.35 27.33 27.61 27.38 26.89 27.13 27.55 27.19
27.72 27.72 27.82 27.72 27.73 27.41 27.68 27.73 27.73 27.77 27.66 27.63 27.80 27.76 27.64 27.71 27.75 27.72 27.74 27.68 27.72 27.61 27.63 27.67 27.67 27.66 27.62 27.62 27.85 27.90 27.79 27.78 27.95 27.73 27.73 27.76 28.05 28.17 28.13 28.15 28.13 28.11 27.97 28.15 28.15 28.17 28.20 28.15 27.96 27.94 28.00 27.87 27.00 27.54 27.75 27.56 26.37 26.88 27.22 27.15 27.13 27.34 27.30 27.12 27.18 27.22 27.18 27.14 27.02 27.06 27.15 27.20 27.18 27.32 27.27 27.39 27.38
27.77 27.79 27.69 27.81 27.70 27.78 27.67 27.76 27.72 27.72 27.82 27.83 27.73 27.68 27.79 27.83 27.64 27.73 27.65 27.61 27.68 27.63 27.59 27.60 27.62 27.68 27.68 27.63 27.65 27.73 27.74 27.70 27.72 27.76 27.65 27.65 27.67 27.79 27.87 27.94 27.87 27.82 27.87 28.04 28.08 28.12 28.17 28.18 28.15 27.96 27.86 27.81 27.66 26.06 27.50 27.70 27.23 27.40 27.09 27.10 27.23 27.42 27.49 27.24 27.39 27.47 27.27 27.15 27.03 27.03 26.88 26.98 26.96 26.95 26.94 27.25 27.64
27.72 27.92 27.73 27.63 27.82 27.86 27.69 27.58 27.74 27.71 27.83 27.91 27.78 27.71 27.73 27.83 27.77 27.76 27.69 27.62 27.65 27.65 27.62 27.57 27.55 27.51 27.57 27.60 27.66 27.69 27.76 27.69 27.66 27.74 27.69 27.68 27.68 27.70 27.67 27.72 27.74 27.69 27.63 27.79 27.91 27.80 27.62 27.97 28.10 28.16 27.90 27.61 27.44 27.59 27.69 26.44 27.26 27.50 27.35 27.20 27.30 27.28 27.38 27.31 27.33 27.48 27.40 27.15 27.13 27.02 27.04 26.95 26.96 26.83 26.74 27.21 27.32
27.76 27.76 27.80 27.68 27.68 27.60 27.73 27.60 27.78 27.68 27.72 27.79 27.72 27.70 27.79 27.81 27.75 27.63 27.69 27.56 27.53 27.44 27.39 27.55 27.51 27.48 27.46 27.52 27.58 27.56 27.65 27.93 27.94 27.81 27.74 27.65 27.63 27.68 27.78 27.75 27.62 27.64 27.60 27.78 27.84 27.53 27.27 27.56 27.78 28.11 28.16 28.11 27.20 27.59 27.20 26.64 27.48 27.90 27.57 27.46 27.39 27.31 27.24 27.37 27.40 27.55 27.44 27.38 27.20 27.11 27.08 26.99 27.00 27.28 27.06 27.34 27.23
27.85 27.58 27.80 27.79 27.72 27.59 27.76 27.78 27.79 27.77 27.82 27.74 27.79 27.73 27.69 27.74 27.83 27.75 27.68 27.58 27.44 27.48 27.44 27.46 27.56 27.60 27.61 27.54 27.53 27.58 27.58 27.61 27.79 27.91 27.74 27.65 27.60 27.72 27.84 27.85 27.73 27.73 27.73 27.86 27.88 27.53 27.41 27.29 27.36 27.41 27.78 28.07 27.02 25.48 25.87 27.07 27.50 27.42 27.54 27.51 27.32 27.39 27.32 27.26 27.40 27.49 27.40 27.39 27.34 27.18 27.15 27.13 27.06 27.15 27.25 27.35 27.28
27.78 27.65 27.62 27.77 27.72 27.64 27.68 27.51 27.55 27.81 27.84 27.75 27.71 27.59 27.46 27.40 27.57 27.64 27.73 27.72 27.56 27.51 27.48 27.46 27.55 27.64 27.60 27.57 27.51 27.56 27.68 27.60 27.62 27.95 28.02 27.85 27.77 27.73 27.71 27.63 27.55 27.58 27.60 27.73 27.87 27.77 27.81 27.68 27.63 27.17 27.39 27.29 25.37 25.32 25.11 25.16 26.94 26.79 27.79 27.54 27.44 27.29 27.38 27.22 27.21 27.29 27.23 27.25 27.17 27.18 27.21 27.08 27.06 27.13 27.26 27.11 27.26
27.64 27.68 27.65 27.72 27.76 27.71 27.45 26.08 26.39 27.35 26.58 26.73 27.30 27.18 27.54 27.54 27.48 27.31 27.49 27.72 27.78 27.81 27.59 27.46 27.55 27.56 27.62 27.53 27.58 27.67 27.68 27.56 27.50 27.61 27.84 27.93 27.97 28.05 27.97 27.60 27.39 27.69 27.88 27.98 28.05 28.11 28.06 27.89 27.72 27.45 27.33 27.26 27.41 27.06 26.31 24.82 26.32 26.88 27.34 27.54 27.16 27.20 27.34 27.24 27.19 27.20 27.24 27.20 27.19 27.17 27.11 27.10 26.99 27.14 27.24 27.30 27.31
27.59 27.69 27.64 27.66 27.71 27.71 27.34 26.73 26.83 27.69 27.60 27.71 27.75 27.68 27.71 27.67 27.78 27.52 27.55 27.55 27.72 27.64 27.65 27.56 27.58 27.58 27.59 27.55 27.50 27.50 27.50 27.54 27.62 27.44 27.61 27.91 27.91 27.85 27.78 27.99 27.86 27.78 27.84 27.79 27.73 27.82 27.76 27.83 27.57 27.42 27.33 27.24 25.91 26.44 26.19 25.38 26.69 26.55 27.21 27.51 27.27 27.09 27.36 27.15 26.83 27.32 27.32 27.25 27.26 27.23 27.06 26.88 27.02 27.40 27.25 27.18 27.38
27.44 27.47 27.60 27.51 27.67 27.52 27.17 26.78 27.15 27.75 27.71 27.74 27.66 27.72 27.70 27.70 27.80 27.63 27.58 27.63 27.58 27.58 27.69 27.57 27.57 27.55 27.59 27.54 27.54 27.53 27.52 27.40 27.54 27.63 27.48 27.56 27.87 27.81 27.76 27.57 27.65 27.61 27.52 27.75 27.57 27.61 27.59 27.25 27.33 27.33 27.44 27.07 26.00 24.96 26.56 26.12 25.10 26.97 27.16 26.83 26.52 26.22 26.82 27.23 27.08 27.37 27.26 27.42 27.12 26.97 27.03 26.96 26.89 27.05 27.10 27.04 27.33
27.54 27.29 27.43 27.66 27.48 27.62 27.58 27.25 27.41 27.75 27.70 27.78 27.73 27.79 27.75 27.57 27.76 27.57 27.64 27.56 27.63 27.64 27.78 27.70 27.69 27.63 27.58 27.47 27.51 27.52 27.49 27.47 27.49 27.57 27.56 27.51 27.67 27.81 27.54 27.48 27.64 27.58 27.54 27.64 27.58 27.44 27.48 27.33 27.16 27.26 27.09 27.03 26.99 26.04 25.42 25.40 24.96 26.60 26.98 26.78 26.05 26.22 26.36 27.29 27.26 27.15 26.84 27.29 27.05 27.00 26.91 27.11 26.93 26.89 27.11 27.02 27.22
27.48 27.59 27.58 27.61 27.14 27.29 27.63 27.73 27.51 27.70 27.64 27.74 27.58 27.74 27.83 27.42 27.69 27.70 27.48 27.48 27.71 27.66 27.72 27.72 27.70 27.66 27.68 27.69 27.55 27.55 27.49 27.49 27.56 27.52 27.68 27.54 27.56 27.57 27.56 27.59 27.46 27.56 27.51 27.51 27.57 27.52 27.33 27.30 26.72 25.65 27.27 27.24 27.36 27.07 26.66 25.02 24.70 26.59 26.13 26.56 26.32 26.67 27.07 27.10 27.17 27.06 26.84 26.82 26.74 26.91 26.83 26.90 27.00 26.95 26.87 26.88 26.79
27.60 27.52 27.49 27.29 27.41 27.33 27.58 27.68 27.66 27.34 27.45 27.66 27.72 27.51 27.63 27.72 27.71 27.62 27.51 27.58 27.48 27.70 27.50 27.67 27.69 27.68 27.67 27.69 27.66 27.55 27.53 27.57 27.62 27.67 27.67 27.60 27.58 27.51 27.60 27.51 27.57 27.40 27.45 27.43 27.83 27.45 27.48 27.18 27.51 26.81 27.96 28.15 27.30 26.85 26.63 26.33 26.60 26.73 26.71 26.43 26.38 27.13 27.28 27.06 27.14 26.59 26.76 26.56 26.94 26.87 27.04 26.90 27.11 26.96 26.64 26.12 26.67
27.58 27.13 27.68 27.37 27.52 27.43 27.63 27.30 27.02 27.26 27.49 27.65 27.12 27.70 27.44 27.60 27.50 27.50 27.54 27.64 27.57 27.63 27.67 27.77 27.67 27.70 27.71 27.73 27.68 27.60 27.61 27.60 27.56 27.64 27.80 28.09 28.02 27.89 27.79 27.78 27.63 27.53 27.31 27.31 27.71 27.68 27.48 27.33 27.53 27.51 28.06 27.19 26.48 27.52 26.03 25.93 27.13 27.08 26.87 26.77 26.65 27.01 27.25 27.26 26.95 26.38 26.91 26.29 25.84 26.29 26.98 26.59 27.06 26.80 25.86 25.46 26.92
26.95 27.37 27.14 27.30 27.20 27.37 27.36 26.45 27.30 27.04 27.43 27.58 27.05 26.95 27.08 27.35 27.07 26.99 27.59 27.59 27.66 27.56 27.54 27.70 27.71 27.69 27.71 27.70 27.68 27.64 27.68 27.71 27.68 27.57 27.68 27.78 28.07 28.12 28.14 28.03 27.71 27.65 27.48 27.54 27.57 27.08 27.59 26.98 27.32 27.79 27.70 27.28 26.26 25.83 24.93 26.56 27.27 27.12 27.26 26.34 26.39 27.25 27.36 27.03 26.96 26.74 26.92 26.57 26.51 26.46 26.03 26.86 26.14 26.83 26.32 27.06 27.23
27.28 27.31 27.38 27.58 26.82 26.94 26.92 27.35 27.53 27.34 27.35 27.28 27.54 27.12 27.22 26.67 27.19 27.18 26.85 27.42 27.15 27.66 27.53 27.70 27.65 27.62 27.72 27.66 27.70 27.63 27.62 27.59 27.62 27.56 27.56 27.62 27.74 27.74 27.81 28.11 28.08 26.96 27.44 27.36 27.47 26.61 25.35 27.46 27.41 27.47 27.24 27.06 26.75 26.77 26.37 26.79 27.27 27.51 27.24 27.37 26.50 27.08 27.22 26.86 26.76 26.88 26.68 26.67 27.04 26.68 26.39 26.71 26.42 27.25 27.37 26.41 26.83
27.43 26.71 26.94 27.53 27.31 27.19 26.93 27.48 27.40 26.96 27.46 27.43 27.47 27.25 27.34 27.10 27.29 27.02 27.35 27.42 27.26 27.54 27.52 27.46 27.56 27.56 27.63 27.61 27.61 27.54 27.51 27.55 27.47 27.51 27.50 27.48 27.60 27.57 27.44 27.41 27.82 26.77 27.06 27.35 27.20 27.02 26.34 27.53 27.27 27.09 27.31 26.79 26.87 26.77 27.07 26.91 27.12 26.98 27.01 25.62 25.94 26.86 27.17 26.75 26.55 26.62 26.95 27.11 26.97 26.58 26.66 26.85 25.66 27.01 26.68 27.01 27.10
27.10 27.57 26.49 27.21 26.92 26.83 27.39 27.48 27.44 27.14 27.39 27.51 27.39 26.87 27.41 27.34 27.59 27.05 26.79 27.20 27.38 27.06 27.35 27.31 27.46 27.50 27.51 27.51 27.50 27.50 27.43 27.45 27.59 27.49 27.42 27.37 27.39 27.44 27.45 27.46 27.26 27.21 26.06 26.69 26.86 26.78 26.84 27.38 27.19 27.73 27.92 26.80 26.56 26.99 26.95 27.27 27.45 26.80 25.84 26.00 26.11 27.32 27.27 27.09 26.78 26.74 27.31 27.15 27.10 26.66 26.90 27.36 27.33 27.08 27.00 27.11 26.84
26.90 27.18 27.38 27.20 27.33 27.33 26.92 27.47 27.19 27.10 27.29 27.51 27.27 27.53 27.61 27.22 27.52 27.60 27.30 27.38 26.79 27.15 27.10 27.42 27.45 27.53 27.51 27.55 27.49 27.21 27.47 27.56 27.55 27.51 27.50 27.48 27.43 27.35 27.46 27.23 27.35 27.28 25.89 24.81 24.82 26.49 27.25 27.22 26.91 27.04 27.44 26.97 27.07 27.74 27.10 27.08 27.26 26.96 25.62 25.47 23.57 27.03 27.52 27.24 26.57 27.44 27.05 26.26 27.00 26.38 26.67 27.08 27.19 27.25 27.08 27.42 26.89
27.11 27.38 27.19 27.31 26.73 27.31 27.39 26.68 27.07 27.05 26.38 27.53 27.05 27.32 27.35 27.47 27.28 27.49 27.45 27.49 27.37 27.40 26.84 27.11 27.39 27.28 27.35 27.25 27.48 27.13 27.56 27.50 27.41 27.19 27.44 27.40 27.44 27.41 27.43 27.19 27.26 27.03 26.48 25.02 25.65 26.66 27.34 27.35 27.15 25.89 27.86 27.06 26.82 27.31 27.35 27.25 27.45 27.03 26.43 26.13 26.57 27.02 26.73 25.97 26.29 27.46 27.84 26.62 27.16 26.20 26.58 26.67 27.37 27.28 26.99 27.01 27.49
