main/data/irradiance/19.03.2023.grid
ncols 839
nrows 679
xllcenter 112.0500
yllcenter -43.9500
cellsize 0.0500
nodata_value 99999.90
[rows 204 to 237 of 679, columns 539 to 615 of 839]
24.97 25.08 25.02 24.58 24.71 24.80 25.24 24.86 24.62 25.10 24.12 24.75 25.00 24.72 24.72 23.94 24.30 23.60 24.35 24.32 24.39 24.68 24.90 24.88 25.26 25.31 25.31 25.43 25.44 25.42 25.41 25.41 25.41 25.39 25.41 25.42 25.42 25.39 25.41 25.42 25.41 25.42 25.39 25.44 25.44 25.39 25.41 25.43 25.40 25.42 25.43 25.40 25.41 25.38 25.37 25.36 25.36 25.40 25.40 25.40 25.40 25.37 25.38 25.38 25.39 25.37 25.36 25.36 25.37 25.35 25.35 25.35 25.35 25.38 25.39 25.40 25.34
24.67 24.77 24.90 24.43 24.98 24.66 25.12 24.60 24.70 24.95 24.72 24.61 24.25 24.19 24.58 24.22 24.61 24.14 24.56 24.56 24.44 24.89 25.03 25.12 25.38 25.36 25.37 25.36 25.32 25.37 25.40 25.42 25.42 25.41 25.42 25.29 25.40 25.38 25.39 25.38 25.40 25.40 25.38 25.45 25.41 25.39 25.39 25.40 25.39 25.42 25.41 25.43 25.41 25.39 25.36 25.34 25.35 25.35 25.37 25.39 25.38 25.36 25.38 25.38 25.39 25.34 25.35 25.33 25.34 25.33 25.32 25.33 25.35 25.36 25.36 25.34 25.33
24.90 24.81 24.86 24.56 25.02 24.72 24.38 24.79 24.87 24.84 24.45 24.98 24.58 24.91 24.56 24.49 24.40 24.37 24.89 24.69 24.57 24.38 25.05 25.29 24.92 25.35 25.31 25.23 25.23 25.40 25.37 25.40 25.42 25.41 25.42 25.39 25.33 25.33 25.34 25.38 25.41 25.38 25.38 25.42 25.38 25.40 25.36 25.38 25.40 25.42 25.41 25.42 25.42 25.39 25.37 25.34 25.33 25.34 25.34 25.37 25.38 25.37 25.37 25.39 25.39 25.37 25.20 25.30 25.34 25.34 25.34 25.35 25.37 25.37 25.34 25.31 25.32
24.13 24.68 24.60 24.93 24.44 24.16 24.94 25.02 24.94 25.05 24.54 25.06 24.79 24.73 24.59 24.84 24.83 24.72 24.83 24.77 24.61 24.50 25.08 25.16 25.13 25.26 25.31 25.38 25.26 25.35 25.33 25.38 25.38 25.40 25.39 25.35 25.33 25.35 25.37 25.38 25.37 25.37 25.37 25.38 25.41 25.42 25.42 25.41 25.39 25.41 25.43 25.41 25.43 25.41 25.35 25.32 25.32 25.33 25.32 25.33 25.38 25.39 25.39 25.38 25.38 25.36 25.32 25.34 25.34 25.32 25.34 25.35 25.40 25.40 25.36 25.35 25.34
24.65 24.54 24.73 24.81 24.91 25.01 24.57 24.77 24.67 25.12 24.88 24.84 24.45 24.51 24.77 24.02 25.11 24.66 24.29 24.82 25.03 24.99 24.91 25.19 25.08 25.32 25.32 25.36 25.34 25.30 25.28 25.32 25.34 25.38 25.39 25.37 25.34 25.35 25.35 25.36 25.37 25.38 25.33 25.36 25.43 25.43 25.40 25.41 25.39 25.39 25.40 25.39 25.40 25.40 25.35 25.34 25.32 25.31 25.31 25.31 25.35 25.36 25.39 25.39 25.38 25.38 25.34 25.32 25.36 25.35 25.35 25.34 25.36 25.37 25.38 25.36 25.35
24.58 24.68 24.71 24.19 24.44 24.26 24.63 25.00 24.96 24.22 24.95 24.44 24.68 24.59 25.06 25.22 25.13 24.99 24.98 24.82 24.98 24.86 24.99 25.12 25.17 25.33 25.28 25.18 25.30 25.32 25.32 25.34 25.37 25.41 25.40 25.39 25.35 25.35 25.35 25.36 25.36 25.39 25.36 25.37 25.42 25.44 25.40 25.39 25.37 25.39 25.37 25.41 25.40 25.39 25.35 25.34 25.27 25.26 25.29 25.31 25.33 25.37 25.35 25.37 25.33 25.36 25.35 25.25 25.35 25.35 25.33 25.33 25.34 25.34 25.34 25.36 25.35
24.84 24.82 24.90 24.86 24.42 24.55 24.56 24.68 24.86 23.50 24.60 24.58 24.52 24.07 24.74 25.08 25.07 25.01 24.58 24.68 24.82 25.23 25.06 25.17 25.18 25.35 25.33 25.31 25.15 25.35 25.36 25.37 25.38 25.38 25.37 25.36 25.36 25.34 25.34 25.36 25.36 25.36 25.38 25.40 25.40 25.42 25.43 25.41 25.35 25.36 25.39 25.39 25.39 25.38 25.34 25.32 25.20 25.27 25.28 25.32 25.32 25.35 25.36 25.35 25.33 25.31 25.31 25.31 25.28 25.36 25.32 25.28 25.35 25.32 25.33 25.35 25.32
24.11 24.87 24.65 24.61 24.04 24.60 24.65 24.85 24.82 24.58 25.02 24.99 24.92 24.83 24.97 25.17 24.92 24.81 25.27 25.20 24.90 25.16 25.09 25.28 25.11 25.28 25.23 25.22 25.26 25.26 25.34 25.14 25.26 25.31 25.31 25.34 25.35 25.29 25.32 25.31 25.35 25.36 25.39 25.39 25.40 25.35 25.36 25.38 25.41 25.40 25.39 25.39 25.35 25.34 25.35 25.33 25.32 25.31 25.32 25.34 25.34 25.31 25.31 25.35 25.31 25.28 25.30 25.27 25.28 25.32 25.36 25.35 25.35 25.35 25.33 25.34 25.34
24.47 24.22 24.64 24.66 24.65 24.69 25.20 25.02 24.93 24.74 24.84 24.81 24.99 24.70 25.04 25.11 25.04 25.18 25.24 24.86 25.06 25.06 25.08 24.90 25.07 25.00 24.93 25.08 25.18 25.32 25.33 25.16 25.23 25.12 25.22 25.32 25.33 25.30 25.30 25.31 25.32 25.35 25.39 25.40 25.40 25.38 25.40 25.38 25.41 25.40 25.38 25.38 25.33 25.33 25.33 25.35 25.31 25.31 25.27 25.33 25.31 25.22 25.19 25.30 25.04 25.25 25.26 25.29 25.32 25.34 25.37 25.38 25.37 25.36 25.37 25.37 25.38
24.54 24.54 24.78 24.62 24.91 24.66 25.01 24.57 24.80 23.91 24.73 24.89 24.62 24.66 25.10 25.06 24.99 24.82 24.95 25.24 24.88 24.82 24.80 24.92 25.01 24.93 24.46 24.86 25.14 25.10 25.14 25.18 25.18 25.22 25.28 25.33 25.33 25.31 25.33 25.31 25.32 25.36 25.38 25.40 25.39 25.39 25.42 25.40 25.43 25.43 25.36 25.34 25.32 25.32 25.34 25.32 25.33 25.30 25.32 25.33 25.31 25.29 25.29 25.30 25.29 25.25 25.25 25.34 25.36 25.37 25.34 25.34 25.31 25.24 25.35 25.36 25.35
24.59 24.17 24.36 24.80 24.11 24.07 24.94 24.41 24.38 24.58 24.60 24.61 24.78 24.77 24.69 24.86 24.78 24.77 24.92 25.05 25.03 24.37 24.88 24.91 24.87 25.10 24.83 24.88 24.93 24.93 25.12 25.29 25.05 25.23 25.28 25.32 25.30 25.33 25.35 25.32 25.35 25.35 25.37 25.38 25.34 25.35 25.38 25.40 25.39 25.39 25.35 25.32 25.30 25.29 25.32 25.30 25.30 25.31 25.30 25.30 25.27 25.30 25.30 25.31 25.33 25.19 25.28 25.30 25.31 25.27 25.31 25.35 25.17 25.33 25.30 25.28 25.30
24.06 24.63 24.46 24.58 24.53 24.51 24.36 24.77 24.77 24.94 24.10 24.93 24.62 24.52 24.36 25.03 24.88 24.94 24.67 24.72 24.90 24.27 24.52 24.67 24.41 24.52 24.75 24.63 24.81 24.90 24.97 25.02 24.78 25.02 25.24 25.15 25.29 25.34 25.34 25.31 25.34 25.34 25.34 25.35 25.32 25.33 25.36 25.34 25.37 25.33 25.33 25.30 25.32 25.32 25.29 25.28 25.29 25.30 25.25 25.29 25.29 25.30 25.32 25.31 25.25 25.29 25.18 25.32 25.29 25.30 25.25 25.30 25.32 25.33 25.32 25.32 25.34
24.89 23.91 24.62 24.50 24.13 24.24 24.25 24.69 24.10 24.62 24.56 24.55 24.74 24.82 24.65 24.48 24.96 24.91 24.92 24.56 24.59 24.68 24.25 24.57 24.59 25.03 24.77 24.93 24.65 25.09 25.02 25.14 25.06 25.04 25.23 25.26 25.25 25.32 25.29 25.30 25.30 25.32 25.33 25.31 25.31 25.31 25.32 25.31 25.35 25.34 25.30 25.29 25.32 25.30 25.26 25.26 25.25 25.26 25.23 25.24 25.28 25.27 25.25 25.29 25.29 25.26 25.26 25.24 25.28 25.26 25.27 25.30 25.31 25.32 25.33 25.33 25.35
24.37 24.74 24.62 24.57 24.34 24.34 24.51 24.32 24.33 24.34 24.46 24.47 24.54 24.91 24.52 24.99 24.74 25.06 25.01 24.87 24.52 24.30 24.74 24.61 24.76 25.14 24.69 24.68 24.75 24.93 24.77 25.10 24.95 25.04 24.98 25.12 25.24 25.28 25.29 25.28 25.27 25.29 25.29 25.33 25.34 25.32 25.31 25.32 25.34 25.32 25.30 25.31 25.30 25.29 25.27 25.25 25.23 25.23 25.25 25.21 25.27 25.27 25.28 25.29 25.27 25.22 25.23 25.24 25.26 25.26 25.27 25.30 25.31 25.30 25.29 25.29 25.32
24.69 24.68 24.71 24.32 24.21 24.41 24.60 24.39 24.55 24.82 24.36 24.41 24.26 24.92 24.43 24.61 24.78 24.78 24.30 24.43 24.73 24.66 24.65 24.59 24.68 24.71 24.97 24.97 24.81 24.80 25.03 25.06 25.19 25.07 25.21 25.04 25.22 25.26 25.28 25.28 25.29 25.29 25.29 25.29 25.32 25.28 25.30 25.31 25.33 25.30 25.29 25.29 25.28 25.25 25.27 25.26 25.27 25.23 25.22 25.18 25.22 25.26 25.28 25.27 25.24 25.23 25.20 25.21 25.25 25.22 25.31 25.27 25.27 25.29 25.28 25.26 25.28
24.77 24.36 24.49 24.53 24.50 24.12 24.41 24.71 24.55 24.81 24.40 24.73 24.50 24.61 23.93 23.71 24.54 24.59 24.90 24.27 24.37 24.33 24.57 24.52 25.14 24.55 24.93 25.12 24.92 24.95 25.18 24.94 25.18 25.23 25.08 25.09 25.12 25.25 25.23 25.27 25.28 25.31 25.30 25.28 25.29 25.28 25.29 25.31 25.33 25.27 25.26 25.28 25.27 25.25 25.23 25.26 25.24 25.26 25.25 25.18 25.14 25.20 25.27 25.24 25.21 25.19 25.21 25.19 25.29 25.27 25.24 25.20 25.18 25.26 25.20 25.26 25.26
24.44 24.55 24.52 24.14 24.04 24.34 24.37 24.09 24.17 24.30 24.79 24.45 23.81 24.98 23.78 24.67 24.67 24.90 24.65 24.27 24.43 24.59 24.54 24.61 25.11 24.94 24.76 24.87 24.96 25.18 25.03 25.06 25.07 25.12 25.19 25.14 25.21 25.23 25.26 25.24 25.27 25.29 25.27 25.26 25.27 25.30 25.31 25.29 25.29 25.28 25.26 25.28 25.29 25.24 25.23 25.23 25.22 25.25 25.25 25.27 25.26 25.22 25.21 25.25 25.25 25.20 25.05 25.25 25.19 25.22 25.21 25.14 25.26 25.23 25.21 25.20 25.16
24.95 24.29 24.48 24.34 24.18 23.92 24.30 24.46 24.13 24.31 24.34 24.38 24.72 24.25 24.41 24.13 24.49 24.64 24.76 24.55 24.66 24.55 25.08 24.60 24.83 24.90 24.80 24.79 25.19 25.02 24.93 25.10 24.94 24.96 25.12 25.17 25.20 25.22 25.25 25.25 25.28 25.27 25.24 25.27 25.29 25.29 25.28 25.28 25.24 25.27 25.26 25.27 25.28 25.24 25.23 25.24 25.25 25.27 25.24 25.26 25.28 25.26 25.17 25.12 25.27 25.25 25.25 25.22 25.12 25.17 25.23 25.27 25.29 25.28 25.27 25.28 25.24
24.63 24.84 24.37 24.32 24.26 23.53 23.58 23.75 24.65 24.09 24.58 24.71 24.27 24.52 25.01 24.96 24.86 24.81 24.99 24.79 24.79 24.92 25.10 25.09 24.86 24.68 24.99 24.97 25.04 24.95 24.99 24.84 25.01 25.00 25.19 25.16 25.19 25.22 25.22 25.23 25.26 25.26 25.26 25.27 25.26 25.28 25.25 25.26 25.21 25.25 25.27 25.28 25.27 25.24 25.25 25.25 25.26 25.26 25.27 25.27 25.28 25.20 25.22 25.20 25.15 24.95 25.18 25.04 25.12 24.88 25.27 25.29 25.29 25.30 25.20 25.26 25.24
24.85 24.61 23.85 24.13 23.65 23.78 24.16 24.42 24.22 24.37 24.72 24.61 24.76 24.90 24.99 24.90 24.93 24.84 24.99 25.03 24.91 25.08 24.94 25.04 24.99 25.15 25.10 25.15 25.08 25.15 25.10 25.04 24.92 25.04 25.03 25.14 25.20 25.18 25.20 25.21 25.24 25.26 25.27 25.25 25.25 25.25 25.23 25.20 25.21 25.22 25.27 25.27 25.26 25.25 25.23 25.23 25.23 25.21 25.22 25.22 25.19 25.21 25.25 25.22 25.21 24.84 25.20 25.22 25.21 25.15 25.23 25.30 25.29 25.29 24.85 24.94 25.19
24.98 24.29 24.44 24.34 23.85 24.26 23.94 24.45 24.33 24.66 24.71 24.70 24.88 25.04 24.99 24.91 25.03 24.86 24.68 24.70 25.06 24.90 24.61 24.87 24.82 24.90 25.01 25.13 25.06 25.06 25.02 25.12 25.09 25.18 25.13 25.01 25.21 25.16 25.20 25.21 25.22 25.24 25.23 25.22 25.25 25.25 25.21 25.19 25.21 25.23 25.25 25.25 25.25 25.25 25.22 25.24 25.22 25.22 25.24 25.21 25.20 25.16 25.14 25.11 25.00 24.85 25.19 25.19 25.21 25.11 24.99 25.03 25.24 25.13 24.99 24.57 24.73
24.85 24.63 24.45 24.42 24.41 24.36 24.65 24.70 24.59 24.46 24.54 24.86 24.45 24.54 25.11 24.53 24.34 24.69 24.64 24.61 24.75 25.02 24.66 24.93 25.03 25.06 24.94 25.11 25.01 25.11 25.15 25.00 25.04 25.07 25.09 25.10 25.18 25.19 25.22 25.21 25.23 25.20 25.19 25.22 25.24 25.24 25.21 25.21 25.22 25.21 25.23 25.21 25.22 25.22 25.22 25.21 25.20 25.20 25.23 25.23 25.20 25.15 25.04 25.15 24.61 25.04 24.86 25.10 25.21 25.25 25.03 24.87 25.25 24.79 25.06 25.04 24.80
24.64 24.44 24.13 24.27 24.63 24.36 24.60 24.75 24.01 24.49 24.83 24.62 24.56 24.62 24.81 24.81 24.80 24.58 24.43 24.80 25.11 25.18 24.89 25.05 25.10 25.04 25.01 24.99 25.16 25.19 25.15 25.15 25.18 25.10 25.13 25.03 25.07 25.18 25.21 25.22 25.21 25.22 25.23 25.23 25.24 25.21 25.20 25.21 25.21 25.17 25.20 25.20 25.21 25.20 25.19 25.20 25.17 25.19 25.21 25.22 25.17 25.15 25.21 25.02 25.12 24.97 25.00 25.19 25.11 24.95 25.14 25.18 25.21 24.97 25.12 25.20 25.01
24.64 24.94 24.03 24.68 24.27 24.60 24.55 24.17 24.52 24.38 24.62 24.20 24.48 24.72 24.91 24.66 24.96 24.72 24.73 24.74 24.56 24.76 25.06 25.04 24.92 24.96 24.94 25.03 25.17 25.15 25.09 25.05 24.94 25.14 25.13 25.05 25.08 25.17 25.21 25.22 25.23 25.24 25.22 25.20 25.18 25.18 25.15 25.16 25.16 25.15 25.16 25.17 25.18 25.17 25.17 25.19 25.19 25.18 25.16 25.19 25.20 25.06 25.12 25.18 24.90 24.75 24.69 24.70 24.99 25.20 25.17 25.07 25.11 25.18 25.03 24.78 24.90
24.59 24.10 24.80 24.24 24.47 24.32 24.23 24.54 24.21 24.25 24.63 24.49 24.81 24.55 24.51 24.67 24.54 24.92 24.46 24.71 24.38 24.74 24.80 24.91 25.01 24.81 25.01 25.03 25.08 25.15 25.06 25.11 25.13 25.11 25.11 25.13 24.95 25.20 25.21 25.20 25.20 25.21 25.20 25.19 25.10 25.12 25.15 25.16 25.17 25.16 25.15 25.15 25.17 25.15 25.15 25.17 25.18 25.17 25.16 25.17 25.20 25.20 25.19 25.14 25.15 25.00 24.99 25.09 25.03 24.98 24.95 24.93 25.09 25.13 24.69 24.98 24.81
24.54 24.99 24.48 24.66 24.44 24.47 23.96 24.57 24.29 24.39 24.82 24.85 24.77 24.75 24.88 24.69 24.73 24.63 24.61 24.61 24.53 24.41 25.08 24.44 24.66 24.30 24.92 24.57 25.10 24.98 25.03 25.00 24.86 25.00 25.08 25.11 25.03 25.11 25.20 25.19 25.20 25.18 25.19 25.15 25.10 25.12 25.12 25.13 25.14 25.14 25.12 25.12 25.15 25.16 25.14 25.14 25.15 25.16 25.17 25.17 25.18 25.18 25.15 25.14 25.08 25.14 25.11 25.13 25.14 25.05 25.05 25.06 25.14 25.06 25.11 25.00 25.16
25.07 24.79 24.64 24.77 24.63 24.76 24.55 24.18 24.42 24.31 24.54 24.40 24.34 24.50 24.97 24.84 25.14 24.52 24.70 24.89 24.52 24.58 24.55 24.43 24.78 24.74 24.73 24.51 25.05 24.89 24.65 24.90 24.99 25.11 25.06 25.10 25.10 24.98 25.16 25.18 25.19 25.12 25.12 25.11 25.10 25.13 25.13 25.14 25.13 25.13 25.11 25.13 25.14 25.12 25.15 25.15 25.11 25.14 25.14 25.16 25.15 25.14 25.13 25.11 25.13 25.14 25.13 25.11 25.13 25.13 25.14 25.13 25.08 25.17 25.15 25.14 25.05
24.82 24.59 24.88 24.96 25.03 24.93 24.61 24.39 24.61 24.26 24.65 24.63 23.98 24.75 24.71 24.50 24.52 24.91 25.02 24.54 24.60 24.58 24.91 24.12 24.50 24.62 24.50 24.75 24.62 24.64 24.53 24.93 25.09 25.07 25.06 25.08 25.01 25.09 25.12 25.17 25.15 25.08 25.04 25.11 25.09 25.10 25.12 25.14 25.14 25.12 25.12 25.12 25.14 25.13 25.12 25.14 25.13 25.15 25.15 25.15 25.16 25.15 25.13 25.12 25.13 25.13 25.14 25.12 25.13 25.11 25.11 25.11 25.10 25.13 25.13 25.13 25.11
24.47 24.32 24.95 24.36 24.79 24.69 24.29 24.50 24.19 24.27 24.89 24.57 24.43 24.96 24.88 24.46 24.74 24.95 24.42 24.16 23.51 23.83 23.78 24.38 23.95 24.73 24.73 24.85 24.90 24.73 24.56 24.83 24.99 24.96 25.02 25.05 25.07 25.01 25.00 25.15 25.14 25.03 25.01 25.02 25.13 25.10 25.10 25.10 25.11 25.11 25.09 25.08 25.10 25.13 25.14 25.14 25.10 25.11 25.12 25.11 25.11 25.09 25.09 25.14 25.11 25.13 25.14 25.11 25.11 25.12 25.10 25.09 25.10 25.13 25.12 25.11 25.11
24.33 24.42 24.32 24.61 24.41 24.32 24.75 24.48 24.19 24.50 24.67 24.23 24.55 24.55 24.38 24.61 24.57 24.79 24.13 24.48 24.32 24.52 24.72 24.22 24.44 24.72 24.86 24.80 24.73 24.72 24.97 24.77 24.81 24.83 24.75 25.03 25.03 24.88 24.92 25.15 25.11 25.01 25.04 25.09 25.06 25.09 25.06 25.10 25.12 25.07 25.12 25.06 25.10 25.11 25.11 25.11 25.12 25.11 25.10 25.09 25.06 25.04 25.06 25.11 25.14 25.10 25.10 25.09 25.11 25.11 25.10 25.08 25.07 25.10 25.11 25.09 25.10
24.30 24.49 24.69 24.69 24.35 24.66 24.51 24.84 24.43 24.60 24.51 24.81 24.72 24.86 23.71 24.27 24.60 24.42 24.36 24.42 24.57 24.60 24.76 24.35 24.76 24.95 24.90 24.65 24.81 25.01 24.90 25.07 24.68 24.68 24.65 24.94 24.72 24.95 24.62 25.09 25.08 25.05 25.10 25.12 25.10 25.08 25.06 25.08 25.09 25.08 25.09 25.09 25.06 25.06 25.09 25.11 25.11 25.14 25.12 25.11 25.04 25.03 25.06 25.08 25.10 25.15 25.09 25.08 25.10 25.11 25.11 25.07 25.03 25.10 25.11 25.10 25.10
24.42 24.57 24.43 24.69 24.72 24.58 24.62 24.42 24.34 24.65 24.49 24.53 24.46 24.30 24.41 24.70 24.62 24.62 24.84 24.61 24.43 24.53 24.64 24.88 24.78 24.81 24.54 24.57 24.53 24.89 24.72 24.64 24.84 24.90 25.02 24.59 24.81 25.04 24.99 25.10 25.11 25.09 25.09 25.11 25.04 25.04 25.05 25.02 25.07 25.10 25.03 25.06 25.02 25.06 25.06 25.06 25.05 25.11 25.10 25.08 25.04 25.05 25.04 25.06 25.08 25.10 25.13 25.07 25.10 25.12 25.10 25.07 25.06 25.08 25.09 25.09 25.08
24.16 24.22 24.36 24.36 24.66 24.79 24.76 24.56 25.04 24.59 24.49 24.11 24.71 24.63 24.25 24.25 24.42 24.86 24.49 24.57 24.63 24.58 24.91 24.99 24.95 24.97 24.98 24.93 24.75 24.92 25.00 25.07 24.97 24.78 25.09 24.87 25.03 25.11 25.13 25.08 25.06 25.08 25.08 25.11 25.07 25.03 25.04 25.07 25.06 25.07 25.00 25.04 25.01 25.04 25.10 25.05 25.01 25.05 25.02 25.09 25.07 25.05 25.05 25.05 25.05 25.08 25.10 25.10 25.10 25.08 25.08 25.07 25.06 25.06 25.09 25.06 25.02
24.58 24.32 24.22 24.60 24.57 24.55 24.44 24.59 24.68 24.55 24.75 24.45 24.70 24.97 24.03 24.30 24.52 24.64 24.36 24.46 24.64 24.91 24.96 25.06 25.11 24.89 24.67 25.00 25.00 25.10 25.11 25.08 25.06 25.06 25.07 24.99 24.97 25.14 25.14 25.09 25.04 25.05 25.04 25.12 25.07 25.01 25.04 25.08 25.03 25.06 24.99 24.98 24.99 25.04 25.07 25.02 24.97 24.99 25.03 25.05 25.06 25.06 24.99 25.01 25.05 25.05 25.07 25.10 25.05 25.07 25.06 25.05 25.04 25.07 25.08 25.05 25.06
