main/data/irradiance/19.03.2023.grid
ncols 839
nrows 679
xllcenter 112.0500
yllcenter -43.9500
cellsize 0.0500
nodata_value 99999.90
[rows 306 to 339 of 679, columns 154 to 230 of 839]
22.92 23.81 23.59 23.56 23.49 23.77 23.66 23.61 23.28 23.68 23.42 23.42 23.89 22.84 23.45 23.27 23.81 23.87 23.80 23.70 23.67 23.55 23.83 23.85 23.82 23.86 23.86 23.82 23.80 23.78 23.79 23.78 23.77 23.74 23.81 23.79 23.86 23.91 23.87 23.87 23.90 23.87 23.84 23.83 23.85 23.86 23.86 23.87 23.88 23.90 23.81 23.81 23.77 23.78 23.77 23.70 23.70 23.68 23.57 23.65 23.62 23.70 23.77 23.74 23.58 23.46 23.47 23.66 23.60 23.54 23.71 23.52 23.45 23.29 23.57 23.52 23.44
23.11 23.35 23.61 23.70 23.54 23.60 22.82 22.73 23.47 23.46 23.79 23.71 23.62 23.59 23.82 23.77 23.77 23.80 23.77 23.76 23.66 23.66 23.76 23.80 23.80 23.88 23.91 23.85 23.78 23.81 23.79 23.79 23.72 23.70 23.78 23.77 23.77 23.80 23.86 23.78 23.77 23.74 23.74 23.79 23.81 23.84 23.82 23.86 23.87 23.81 23.79 23.76 23.76 23.77 23.72 23.70 23.72 23.68 23.67 23.61 23.67 23.66 23.70 23.60 23.87 23.03 23.70 23.76 23.66 23.57 23.67 23.53 23.53 23.27 23.43 23.63 23.66
23.52 23.64 23.78 23.61 23.57 23.31 23.21 23.46 23.65 23.56 23.87 23.40 23.73 23.79 23.87 23.87 23.79 23.73 23.77 23.76 23.75 23.82 23.81 23.87 23.78 23.81 23.88 23.88 23.84 23.80 23.81 23.79 23.80 23.76 23.78 23.75 23.74 23.78 23.78 23.80 23.78 23.75 23.74 23.73 23.78 23.81 23.82 23.78 23.79 23.76 23.79 23.78 23.77 23.67 23.71 23.62 23.61 23.68 23.69 23.70 23.73 23.79 23.81 23.77 23.65 23.22 23.64 23.75 23.64 23.58 23.57 23.51 23.33 23.36 23.41 23.51 23.46
23.88 23.74 23.77 23.25 23.68 23.26 23.20 23.57 22.83 23.63 23.58 23.84 23.82 23.79 23.82 23.84 23.82 23.80 23.79 23.79 23.77 23.79 23.79 23.80 23.74 23.76 23.79 23.79 23.80 23.83 23.86 23.83 23.80 23.77 23.77 23.76 23.75 23.75 23.74 23.73 23.77 23.77 23.77 23.78 23.77 23.81 23.76 23.76 23.78 23.77 23.75 23.73 23.70 23.78 23.76 23.76 23.73 23.74 23.75 23.86 23.76 23.74 23.76 23.72 23.69 23.35 23.38 23.65 23.70 23.64 23.57 23.42 23.20 23.50 23.54 23.62 23.39
23.60 23.53 23.35 23.72 23.31 22.74 22.49 23.39 23.31 23.12 23.63 23.67 23.81 23.72 23.83 23.85 23.72 23.69 23.68 23.55 23.65 23.77 23.80 23.79 23.76 23.79 23.73 23.73 23.79 23.78 23.71 23.83 23.83 23.79 23.79 23.83 23.75 23.76 23.73 23.78 23.75 23.77 23.73 23.72 23.79 23.78 23.75 23.73 23.76 23.76 23.70 23.72 23.65 23.70 23.86 23.76 23.71 23.67 23.70 23.75 23.70 23.68 23.63 23.70 23.75 23.75 23.55 23.56 23.65 23.67 23.61 23.39 23.28 23.37 23.53 23.51 23.39
23.62 23.47 22.83 22.92 22.29 22.45 21.70 23.22 23.27 23.56 23.66 23.46 23.73 23.75 23.67 23.82 23.83 23.48 23.14 22.56 23.40 23.78 23.79 23.75 23.78 23.78 23.74 23.80 23.79 23.77 23.73 23.76 23.85 23.85 23.85 23.79 23.79 23.76 23.81 23.78 23.74 23.77 23.70 23.76 23.78 23.77 23.77 23.75 23.73 23.73 23.72 23.70 23.69 23.72 23.78 23.93 23.74 23.74 23.69 23.72 23.67 23.63 23.54 23.67 23.68 23.59 23.30 23.46 23.64 23.64 23.59 23.57 23.46 23.40 23.25 23.41 23.55
23.48 23.30 23.40 23.33 23.41 23.41 22.96 22.97 23.49 23.76 23.73 23.77 23.76 23.71 23.69 23.60 23.59 23.71 23.77 23.67 23.55 23.80 23.80 23.84 23.86 23.72 23.73 23.78 23.70 23.70 23.75 23.77 23.76 23.78 23.73 23.74 23.77 23.82 23.82 23.78 23.75 23.74 23.70 23.69 23.70 23.76 23.77 23.72 23.80 23.81 23.76 23.79 23.75 23.73 23.79 23.81 23.80 23.78 23.67 23.71 23.64 23.61 23.64 23.66 23.69 23.55 23.82 23.53 23.65 23.64 23.61 23.56 23.56 23.49 23.42 23.44 23.34
23.71 23.22 23.19 22.96 23.41 23.50 23.06 23.36 23.49 23.75 23.69 23.66 23.69 23.74 23.73 23.72 23.67 23.71 23.75 23.76 23.73 23.70 23.66 23.75 23.83 23.85 23.74 23.67 23.70 23.65 23.71 23.70 23.77 23.77 23.77 23.74 23.71 23.80 23.81 23.77 23.78 23.72 23.74 23.73 23.70 23.70 23.71 23.67 23.67 23.74 23.71 23.65 23.72 23.63 23.73 23.79 23.76 23.71 23.70 23.73 23.65 23.68 23.69 23.67 23.62 23.48 23.48 23.65 23.66 23.62 23.63 23.61 23.54 23.48 23.50 23.52 23.56
23.26 23.79 22.88 23.15 23.59 23.59 23.46 23.58 23.79 23.78 23.70 23.62 23.70 23.64 23.66 23.61 23.63 23.70 23.65 23.62 23.70 23.66 23.17 23.10 23.48 23.79 23.75 23.70 23.72 23.64 23.67 23.67 23.72 23.72 23.73 23.68 23.69 23.78 23.72 23.76 23.74 23.73 23.70 23.74 23.73 23.71 23.82 23.72 23.68 23.68 23.76 23.74 23.77 23.69 23.71 23.39 23.79 23.74 23.71 23.76 23.65 23.71 23.71 23.66 23.66 23.42 23.59 23.60 23.61 23.62 23.61 23.63 23.60 23.53 23.49 23.54 23.58
23.69 23.05 22.35 23.13 23.69 23.56 23.21 23.78 23.80 23.76 23.68 23.64 23.68 23.63 23.58 23.51 23.59 23.64 23.70 23.65 23.15 21.95 23.31 23.58 22.90 23.11 23.75 23.71 23.73 23.74 23.68 23.67 23.68 23.69 23.69 23.66 23.64 23.73 23.74 23.71 23.71 23.71 23.68 23.85 23.75 23.63 23.43 23.65 23.74 23.77 23.73 23.69 23.75 23.71 23.84 23.73 23.82 23.68 23.63 23.63 23.62 23.63 23.61 23.66 23.65 23.68 23.58 23.54 23.51 23.58 23.60 23.58 23.60 23.59 23.61 23.60 23.56
22.76 22.76 22.93 23.37 23.66 23.39 23.63 23.70 23.72 23.72 23.67 23.59 23.54 23.52 23.55 23.47 23.52 23.65 23.64 23.63 23.64 23.22 22.76 23.59 23.53 23.09 23.72 23.67 23.72 23.73 23.70 23.67 23.67 23.63 23.64 23.71 23.67 23.71 23.73 23.72 23.74 23.79 23.78 23.74 23.78 23.62 23.64 23.72 23.68 23.69 23.67 23.83 23.86 23.85 23.96 23.86 23.80 23.72 23.65 23.67 23.68 23.69 23.63 23.61 23.65 23.63 23.52 23.50 23.55 23.58 23.50 23.49 23.57 23.57 23.56 23.60 23.62
22.73 23.24 23.25 23.53 23.61 23.63 23.63 23.54 23.69 23.68 23.60 23.50 23.53 23.51 23.55 23.55 23.61 23.61 23.66 23.61 23.66 23.70 23.47 23.28 23.39 23.64 23.72 23.64 23.68 23.72 23.71 23.73 23.69 23.70 23.65 23.68 23.65 23.66 23.68 23.71 23.71 23.75 23.67 23.70 23.68 23.65 23.73 23.69 23.72 23.75 23.84 23.87 23.77 23.88 23.81 23.79 23.74 23.66 23.64 23.67 23.71 23.73 23.63 23.60 23.63 23.63 23.43 23.44 23.48 23.49 23.49 23.58 23.58 23.55 23.54 23.56 23.57
22.82 23.47 23.58 23.60 23.59 23.54 23.50 23.62 23.69 23.71 23.65 23.52 23.47 23.48 23.48 23.53 23.56 23.62 23.59 23.55 23.61 23.59 23.65 23.62 23.58 23.68 23.67 23.67 23.66 23.66 23.69 23.67 23.69 23.69 23.67 23.67 23.67 23.67 23.65 23.70 23.71 23.67 23.71 23.69 23.72 23.74 23.74 23.74 23.77 23.70 23.23 23.80 23.69 23.73 23.83 23.73 23.72 23.67 23.69 23.68 23.65 23.70 23.64 23.57 23.62 23.57 23.23 22.62 23.41 23.53 23.53 23.55 23.48 23.52 23.51 23.57 23.49
23.19 23.13 23.65 23.63 23.53 23.51 23.18 23.53 23.59 23.55 23.26 23.55 23.45 23.41 23.53 23.65 23.58 23.62 23.63 23.52 23.52 23.52 23.49 23.61 23.63 23.67 23.61 23.63 23.70 23.70 23.69 23.71 23.68 23.72 23.69 23.69 23.65 23.62 23.66 23.68 23.63 23.67 23.70 23.69 23.72 23.67 23.62 23.79 23.64 19.72 20.60 21.83 22.21 22.40 22.66 23.65 23.63 23.62 23.63 23.65 23.66 23.64 23.59 23.55 23.59 23.56 23.48 23.39 23.54 23.55 23.54 23.52 23.52 23.52 23.47 23.51 23.47
23.26 23.57 23.61 23.54 23.47 23.46 23.45 23.25 23.37 23.28 23.61 23.54 23.33 23.41 23.45 23.56 23.60 23.54 23.46 23.51 23.53 23.54 23.55 23.60 23.60 23.60 23.50 23.50 23.61 23.68 23.67 23.67 23.65 23.68 23.68 23.71 23.69 23.62 23.64 23.64 23.63 23.65 23.65 23.65 23.67 23.61 23.53 23.64 23.44 21.65 20.47 20.24 21.26 19.47 21.10 23.43 23.56 23.60 23.62 23.63 23.67 23.70 23.53 23.55 23.57 23.60 23.53 23.54 23.51 23.56 23.50 23.54 23.57 23.56 23.52 23.51 23.50
23.39 23.34 23.40 23.49 23.46 23.31 23.09 23.14 23.18 23.43 23.40 23.33 23.43 23.46 23.42 23.52 23.58 23.54 23.45 23.50 23.46 23.42 23.54 23.56 23.53 23.58 23.46 23.48 23.47 23.57 23.62 23.64 23.63 23.65 23.55 23.64 23.65 23.63 23.66 23.56 23.64 23.59 23.60 23.58 23.55 23.62 23.65 23.00 21.29 17.69 19.97 19.57 20.74 22.99 19.99 23.03 23.17 23.00 22.69 23.67 23.68 23.61 23.51 23.47 23.62 23.54 23.54 23.48 23.60 23.52 23.55 23.57 23.53 23.56 23.58 23.51 23.54
22.73 23.37 23.02 22.87 22.96 22.89 23.23 23.34 23.55 23.28 23.04 23.14 23.55 23.55 23.47 23.58 23.60 23.60 23.56 23.50 23.44 23.49 23.56 23.45 23.50 23.49 23.50 23.46 23.39 23.44 23.49 23.60 23.61 23.63 23.62 23.60 23.56 23.59 23.62 23.62 23.62 23.62 23.61 23.56 23.57 23.67 23.22 22.95 20.46 17.78 17.16 19.62 22.10 22.85 22.06 23.10 22.00 21.47 22.12 22.85 23.32 23.42 23.50 23.12 23.32 23.65 23.51 23.49 23.39 23.50 23.56 23.56 23.58 23.58 23.60 23.57 23.58
22.59 22.91 22.71 23.39 23.20 22.77 23.03 23.41 23.34 23.35 23.22 23.03 23.20 23.35 23.37 23.47 23.53 23.51 23.43 23.45 23.47 23.47 23.52 23.50 23.48 23.40 23.49 23.46 23.39 23.37 23.53 23.63 23.64 23.65 23.60 23.58 23.63 23.66 23.61 23.64 23.69 23.66 23.65 23.64 23.65 23.69 23.59 23.46 23.42 21.92 19.26 22.71 23.49 20.91 20.55 21.13 21.46 21.38 22.15 22.23 22.06 22.13 22.18 22.40 23.05 23.40 23.57 23.51 23.52 22.77 23.60 23.59 23.61 23.63 23.63 23.54 23.55
22.57 22.58 22.11 23.12 23.03 22.73 22.91 23.44 23.10 23.19 22.89 22.72 23.03 23.22 23.32 23.41 23.42 23.46 23.38 23.40 23.54 23.44 23.40 23.25 23.29 23.31 23.53 23.51 23.47 23.49 23.49 23.45 23.57 23.59 23.55 23.59 23.56 23.59 23.55 23.63 23.66 23.66 23.65 23.65 23.66 23.64 23.65 23.55 23.56 23.58 23.04 22.12 22.13 19.55 22.02 22.82 21.24 22.23 22.88 22.60 22.87 23.30 23.05 22.72 22.67 22.78 23.33 23.52 23.57 23.50 23.38 23.51 23.33 23.57 23.59 23.57 23.60
22.63 21.99 22.45 22.98 22.83 23.11 23.34 23.18 23.18 22.81 22.78 22.19 22.84 23.07 23.33 23.40 23.33 23.24 23.11 23.10 23.49 23.59 23.48 23.40 23.41 23.39 23.42 23.44 23.50 23.47 23.45 23.36 23.43 23.39 23.54 23.62 23.61 23.57 23.53 23.57 23.58 23.60 23.61 23.59 23.60 23.58 23.60 23.57 23.58 23.56 23.55 23.35 22.90 22.42 23.18 23.24 22.68 23.31 23.20 23.52 23.55 23.55 23.49 23.34 22.94 22.88 22.71 22.73 23.46 23.57 23.49 23.50 23.54 23.55 23.63 23.57 23.53
22.89 22.18 22.13 22.10 21.39 22.89 23.28 23.13 23.30 22.94 22.61 22.56 22.78 22.87 22.96 23.16 23.39 23.32 23.42 23.13 22.78 23.01 23.53 23.59 23.46 23.47 23.48 23.45 23.45 23.43 23.46 23.43 23.43 23.44 23.54 23.52 23.52 23.55 23.49 23.58 23.60 23.58 23.63 23.58 23.59 23.58 23.53 23.45 23.57 23.56 23.45 23.51 23.56 23.51 23.58 23.57 23.61 23.61 23.56 23.61 23.61 23.52 23.52 22.85 22.12 22.59 22.48 23.13 23.31 23.36 23.49 23.48 23.47 23.50 23.57 23.53 23.42
22.78 22.43 22.29 21.75 21.59 22.78 23.01 22.86 23.02 23.10 21.22 22.26 22.77 22.86 23.13 23.11 23.23 23.23 23.40 23.26 23.13 23.05 22.85 23.06 23.01 23.14 23.34 23.37 23.43 23.48 23.54 23.41 23.41 23.57 23.53 23.47 23.48 23.57 23.52 23.55 23.48 23.38 23.68 23.68 23.63 23.63 23.62 23.57 23.57 23.52 23.49 23.44 23.54 23.59 23.62 23.57 23.54 23.56 23.52 23.54 23.58 23.54 23.48 23.19 22.79 22.46 21.75 23.01 23.53 23.34 22.91 23.27 23.52 23.53 23.53 23.50 23.49
22.86 22.27 21.90 21.43 22.02 22.16 22.92 23.33 22.95 22.80 21.41 22.30 22.43 22.30 22.93 23.15 23.19 23.38 23.39 23.40 23.27 23.34 23.30 23.33 23.10 22.90 23.00 23.13 23.39 23.53 23.34 23.52 23.50 23.39 23.46 23.45 23.50 23.52 23.48 23.55 23.53 23.54 23.39 23.50 23.70 23.58 23.52 23.54 23.52 23.49 23.50 23.57 23.56 23.56 23.57 23.51 23.53 23.52 23.54 23.56 23.57 23.59 23.53 23.55 23.48 22.74 22.07 22.96 23.43 23.43 23.24 23.17 23.40 23.48 23.39 23.51 23.48
22.77 21.59 21.78 21.05 22.36 22.88 22.18 22.94 22.86 22.54 22.05 22.74 22.70 22.36 22.76 22.75 22.84 23.19 23.30 23.45 23.55 23.26 23.26 23.27 23.36 23.51 23.23 23.24 23.31 23.36 23.23 23.39 23.38 23.54 23.55 23.57 23.55 23.48 23.42 23.44 23.56 23.60 23.56 23.59 23.49 23.53 23.49 23.54 23.54 23.55 23.53 23.54 23.55 23.56 23.48 23.50 23.54 23.53 23.54 23.55 23.52 23.48 23.50 23.54 23.51 23.22 21.94 22.22 23.43 23.50 23.47 23.43 23.35 23.41 23.44 23.34 23.48
23.03 22.31 21.71 22.14 21.84 23.00 22.04 23.18 22.89 21.68 21.59 22.57 22.85 22.57 22.61 22.70 22.10 22.76 23.15 23.26 23.46 23.47 23.43 23.39 23.32 23.34 23.36 23.26 23.09 23.26 23.49 23.47 23.19 23.44 23.55 23.55 23.51 23.50 23.48 23.50 23.47 23.57 23.53 23.47 23.56 23.56 23.57 23.56 23.47 23.49 23.51 23.59 23.55 23.54 23.49 23.51 23.47 23.50 23.66 23.57 23.54 23.54 23.50 23.49 23.52 23.45 23.37 22.49 22.71 23.49 23.50 23.47 23.45 23.38 23.27 23.28 23.46
22.96 22.72 22.57 22.10 22.14 22.79 23.12 23.32 22.75 20.45 21.52 22.43 22.50 22.81 22.64 22.59 20.80 21.33 22.92 23.09 23.38 23.34 23.24 23.40 23.53 23.40 23.47 23.37 23.31 23.20 22.94 23.26 23.50 23.48 23.45 23.53 23.51 23.49 23.44 23.40 23.48 23.41 23.47 23.50 23.51 23.51 23.48 23.50 23.46 23.53 23.57 23.55 23.55 23.59 23.50 23.51 23.53 23.60 23.59 23.49 23.49 23.45 23.49 23.50 23.52 23.59 23.56 23.35 23.52 23.57 23.44 23.37 23.46 23.46 23.39 23.38 23.40
22.59 22.47 22.39 22.10 22.40 22.97 22.85 22.83 22.16 19.70 21.59 22.31 22.75 22.83 23.05 21.69 20.38 20.55 22.12 22.76 23.01 23.35 23.35 23.38 23.41 23.38 23.37 23.36 23.34 23.29 22.97 23.48 23.44 23.41 23.53 23.53 23.56 23.41 23.45 23.49 23.44 23.38 23.45 23.54 23.50 23.47 23.41 23.44 23.52 23.51 23.56 23.51 23.47 23.43 23.42 23.43 23.44 23.50 23.54 23.49 23.46 23.55 23.50 23.53 23.46 22.57 22.70 23.22 21.96 21.41 23.46 23.46 23.45 23.44 23.43 23.37 22.97
22.28 22.53 21.50 22.26 23.16 23.13 22.85 23.19 22.85 21.28 21.46 20.17 22.54 23.13 23.06 21.35 21.07 20.73 20.63 21.89 22.59 22.91 23.18 23.29 23.35 23.35 23.37 23.15 23.18 23.22 23.36 23.41 23.30 23.47 23.47 23.53 23.60 23.47 23.42 23.49 23.37 23.38 23.43 23.42 23.43 23.47 23.47 23.48 23.47 23.42 23.42 23.38 23.42 23.44 23.43 23.45 23.46 23.53 23.49 23.48 23.40 23.49 23.48 23.21 23.27 22.19 19.91 20.97 19.66 18.30 21.95 22.98 23.46 23.44 23.43 23.42 23.35
22.30 22.65 22.31 22.98 23.27 23.09 23.12 23.03 21.81 22.64 22.01 21.16 21.67 22.54 23.19 22.76 21.24 21.05 21.01 21.03 22.12 22.47 22.94 22.80 22.97 23.27 23.32 23.33 23.35 23.23 23.19 23.25 23.39 23.44 23.51 23.47 23.45 23.38 23.37 23.40 23.37 23.39 23.39 23.42 23.41 23.38 23.44 23.46 23.49 23.38 23.37 23.41 23.37 23.38 23.40 23.43 23.46 23.52 23.50 23.48 23.41 23.41 23.36 23.06 23.32 23.48 22.90 23.46 23.37 22.91 21.32 20.62 22.82 23.44 23.32 23.39 23.38
22.44 22.82 22.08 22.78 23.29 23.32 23.22 22.27 21.04 21.75 21.46 21.47 21.92 22.56 23.00 22.62 21.85 20.91 20.52 20.94 21.54 22.37 22.46 22.74 22.24 22.96 23.26 23.25 23.28 23.31 23.38 23.28 23.32 23.47 23.56 23.49 23.46 23.35 23.14 23.38 23.27 23.45 23.41 23.41 23.36 23.42 23.39 23.44 23.46 23.45 23.47 23.44 23.42 23.40 23.43 23.45 23.43 23.49 23.50 23.49 23.46 23.38 23.46 23.42 22.76 23.03 23.19 23.30 23.30 23.38 23.32 22.37 22.14 23.44 23.31 23.31 23.37
22.84 22.45 22.85 23.20 23.28 23.26 23.18 22.12 22.17 22.02 21.54 21.65 21.81 22.46 22.69 22.10 21.83 20.99 20.08 21.54 21.80 21.97 20.63 20.85 21.04 22.69 22.92 22.91 23.13 23.38 23.24 23.27 23.37 23.41 23.44 23.49 23.43 23.37 23.33 23.20 23.15 23.34 23.35 23.34 23.37 23.38 23.34 23.39 23.44 23.45 23.44 23.45 23.43 23.45 23.45 23.39 23.41 23.45 23.42 23.46 23.52 23.37 23.48 23.47 22.88 22.81 23.08 23.09 23.33 23.34 23.34 23.23 23.09 23.37 23.38 23.15 23.12
22.39 21.86 22.58 23.20 23.18 23.25 23.24 22.20 22.92 21.91 22.06 21.70 22.52 22.60 22.77 21.63 21.34 21.47 20.96 21.70 22.32 21.23 20.85 19.62 21.09 22.45 22.51 22.81 23.25 23.23 23.12 23.09 23.28 23.46 23.37 23.42 23.42 23.44 23.34 23.20 23.15 23.17 23.15 23.34 23.33 23.36 23.37 23.33 23.33 23.46 23.47 23.47 23.41 23.41 23.40 23.39 23.37 23.35 23.46 23.50 23.46 23.40 23.29 23.40 23.35 23.29 22.99 22.95 23.04 23.28 23.23 23.31 23.00 23.23 23.51 23.32 23.14
21.67 21.21 22.15 23.08 22.74 23.01 22.95 22.26 23.14 22.96 22.72 22.30 22.61 21.91 22.27 21.48 21.81 21.95 22.18 21.91 21.68 21.43 21.14 19.75 20.83 21.57 21.72 22.42 22.50 22.89 23.27 22.90 23.15 23.18 23.31 23.37 23.34 23.36 23.27 23.19 23.17 23.13 23.19 23.29 23.24 23.33 23.32 23.36 23.34 23.38 23.46 23.46 23.38 23.43 23.44 23.43 23.38 23.39 23.43 23.45 23.44 23.21 23.21 23.29 23.40 23.15 23.07 23.15 22.96 23.19 23.19 22.85 22.23 22.76 23.39 23.33 23.27
20.43 21.19 22.34 22.29 22.41 22.53 22.57 22.34 22.88 23.04 22.53 22.66 22.67 22.84 22.15 20.64 21.61 22.45 22.64 22.21 22.21 20.96 20.55 20.26 20.32 21.07 22.40 22.16 22.10 22.74 23.20 23.04 23.12 23.30 23.19 23.28 23.38 23.29 23.16 23.22 23.05 23.08 23.09 23.30 23.14 23.20 23.27 23.30 23.32 23.39 23.45 23.50 23.46 23.39 23.30 23.36 23.35 23.35 23.32 23.40 23.40 23.24 22.88 23.20 23.24 23.16 23.04 23.14 22.93 22.93 22.97 21.74 22.63 23.20 23.34 23.39 23.09
