main/data/irradiance/19.08.2023.grid
ncols 839
nrows 679
xllcenter 112.0500
yllcenter -43.9500
cellsize 0.0500
nodata_value 99999.90
[rows 204 to 237 of 679, columns 385 to 461 of 839]
20.88 20.91 20.91 20.91 20.87 20.85 20.86 20.86 20.84 20.82 20.64 20.48 20.15 19.67 19.86 20.77 20.81 20.83 20.84 20.84 20.53 20.08 19.60 19.91 19.93 19.78 20.28 20.81 20.81 20.80 20.79 20.78 20.78 20.78 20.82 20.84 20.83 20.84 20.84 20.83 20.85 20.87 20.85 20.85 20.85 20.84 20.83 20.86 20.88 20.87 20.85 20.82 20.80 20.79 20.79 20.82 20.82 20.80 20.77 20.73 20.79 20.79 20.80 20.82 20.76 20.74 20.78 20.74 20.73 20.79 20.79 20.79 20.77 20.79 20.80 20.80 20.80
20.81 20.82 20.85 20.87 20.84 20.85 20.86 20.85 20.82 20.80 20.80 20.75 20.64 20.55 20.39 20.31 20.78 20.83 20.83 20.82 20.83 20.50 19.77 20.32 19.95 20.14 20.06 20.58 20.68 20.56 20.75 20.81 20.77 20.76 20.80 20.84 20.80 20.83 20.83 20.86 20.85 20.85 20.85 20.87 20.85 20.84 20.83 20.87 20.88 20.85 20.85 20.84 20.76 20.83 20.81 20.79 20.76 20.73 20.69 20.77 20.75 20.80 20.80 20.81 20.77 20.75 20.76 20.73 20.74 20.79 20.82 20.81 20.81 20.79 20.75 20.78 20.79
20.80 20.78 20.82 20.84 20.82 20.86 20.83 20.83 20.82 20.80 20.79 20.78 20.76 20.81 20.83 20.82 20.81 20.81 20.82 20.21 20.06 19.92 19.94 19.91 19.58 20.49 20.14 20.76 20.76 20.66 20.18 20.77 20.75 20.66 20.72 20.73 20.74 20.76 20.82 20.85 20.85 20.82 20.79 20.83 20.82 20.82 20.84 20.86 20.84 20.82 20.81 20.84 20.74 20.80 20.75 20.76 20.78 20.78 20.76 20.70 20.68 20.73 20.75 20.73 20.73 20.73 20.74 20.70 20.66 20.73 20.75 20.74 20.79 20.78 20.78 20.78 20.72
20.76 20.77 20.77 20.77 20.74 20.76 20.76 20.78 20.78 20.80 20.77 20.80 20.78 20.76 20.81 20.78 20.79 20.79 20.82 20.79 20.57 19.60 20.77 20.21 19.71 20.17 20.41 20.38 20.76 20.69 20.62 20.13 20.72 20.73 20.70 20.74 20.70 20.69 20.73 20.78 20.81 20.80 20.75 20.81 20.81 20.80 20.81 20.81 20.79 20.77 20.77 20.75 20.76 20.67 20.70 20.64 20.63 20.68 20.73 20.77 20.75 20.75 20.77 20.77 20.77 20.75 20.76 20.77 20.69 20.72 20.63 20.74 20.76 20.76 20.77 20.76 20.61
20.76 20.74 20.75 20.73 20.73 20.73 20.72 20.73 20.75 20.75 20.77 20.82 20.83 20.80 20.77 20.76 20.76 20.73 20.73 20.76 20.77 20.79 20.80 20.10 19.50 19.64 19.39 20.00 20.77 20.79 20.79 20.57 20.69 20.76 20.70 20.71 20.67 20.38 20.46 20.72 20.76 20.75 20.77 20.76 20.77 20.78 20.76 20.75 20.74 20.75 20.73 20.74 20.77 20.69 20.66 20.64 20.65 20.66 20.74 20.75 20.75 20.74 20.75 20.74 20.76 20.76 20.77 20.76 20.76 20.70 20.69 20.71 20.71 20.73 20.68 20.65 20.73
20.74 20.73 20.73 20.73 20.74 20.72 20.71 20.71 20.71 20.74 20.76 20.77 20.75 20.75 20.77 20.76 20.73 20.72 20.73 20.77 20.77 20.77 20.80 20.45 19.66 19.45 19.24 19.21 19.80 20.80 20.82 20.76 20.76 20.75 20.69 20.66 20.41 19.85 19.85 20.70 20.75 20.73 20.76 20.77 20.76 20.75 20.75 20.74 20.72 20.70 20.73 20.69 20.73 20.70 20.69 20.70 20.76 20.76 20.74 20.77 20.78 20.74 20.71 20.72 20.76 20.74 20.76 20.75 20.74 20.71 20.67 20.68 20.69 20.70 20.68 20.68 20.71
20.71 20.72 20.72 20.72 20.70 20.70 20.70 20.68 20.73 20.71 20.73 20.73 20.68 20.70 20.73 20.75 20.75 20.74 20.77 20.78 20.79 20.76 20.80 20.79 20.43 20.18 19.75 19.76 20.12 20.69 20.80 20.79 20.78 20.52 20.49 20.31 19.56 18.84 19.02 20.70 20.69 20.71 20.72 20.74 20.73 20.73 20.71 20.72 20.71 20.71 20.67 20.67 20.69 20.71 20.69 20.70 20.68 20.70 20.73 20.73 20.73 20.76 20.75 20.76 20.75 20.72 20.76 20.74 20.74 20.70 20.69 20.70 20.68 20.64 20.63 20.63 20.65
20.70 20.70 20.72 20.70 20.70 20.68 20.69 20.69 20.69 20.69 20.71 20.71 20.68 20.66 20.68 20.69 20.71 20.68 20.72 20.74 20.74 20.75 20.77 20.81 20.80 20.71 20.48 20.53 20.26 20.79 20.78 20.80 20.76 20.24 19.76 19.88 19.62 19.17 19.06 20.65 20.67 20.68 20.73 20.75 20.71 20.74 20.73 20.70 20.69 20.69 20.69 20.68 20.68 20.69 20.67 20.68 20.65 20.64 20.66 20.71 20.73 20.72 20.74 20.76 20.74 20.73 20.68 20.68 20.63 20.50 20.65 20.67 20.65 20.65 20.63 20.63 20.63
20.68 20.68 20.70 20.72 20.69 20.66 20.65 20.67 20.68 20.67 20.67 20.66 20.65 20.67 20.70 20.69 20.69 20.69 20.71 20.71 20.71 20.74 20.77 20.76 20.75 20.77 20.76 20.76 20.76 20.73 20.76 20.76 20.64 19.77 19.81 20.21 20.32 20.08 20.20 20.68 20.66 20.65 20.68 20.74 20.73 20.72 20.71 20.69 20.67 20.66 20.66 20.67 20.68 20.68 20.68 20.65 20.63 20.65 20.65 20.65 20.68 20.70 20.69 20.71 20.71 20.72 20.73 20.69 20.67 20.66 20.67 20.64 20.62 20.66 20.63 20.62 20.62
20.67 20.69 20.72 20.72 20.70 20.65 20.63 20.67 20.66 20.66 20.66 20.65 20.64 20.64 20.67 20.66 20.66 20.68 20.67 20.67 20.68 20.69 20.74 20.75 20.77 20.76 20.74 20.75 20.74 20.76 20.77 20.77 20.52 19.94 20.18 20.73 20.59 20.67 20.64 20.68 20.67 20.66 20.66 20.68 20.72 20.73 20.72 20.68 20.65 20.63 20.61 20.63 20.67 20.68 20.69 20.68 20.62 20.61 20.64 20.65 20.64 20.66 20.64 20.67 20.71 20.69 20.69 20.69 20.67 20.67 20.67 20.67 20.68 20.66 20.65 20.64 20.62
20.67 20.67 20.68 20.69 20.67 20.65 20.63 20.66 20.64 20.65 20.64 20.65 20.61 20.62 20.66 20.64 20.62 20.64 20.65 20.65 20.66 20.66 20.66 20.70 20.72 20.73 20.72 20.73 20.71 20.72 20.74 20.73 20.74 20.69 20.74 20.71 20.69 20.66 20.63 20.63 20.64 20.64 20.63 20.67 20.69 20.69 20.71 20.70 20.67 20.65 20.64 20.61 20.62 20.64 20.66 20.68 20.69 20.61 20.59 20.59 20.63 20.64 20.59 20.64 20.65 20.67 20.68 20.67 20.68 20.64 20.64 20.63 20.63 20.62 20.61 20.61 20.64
20.68 20.68 20.67 20.66 20.64 20.62 20.63 20.63 20.64 20.62 20.64 20.63 20.63 20.61 20.62 20.62 20.60 20.61 20.62 20.63 20.63 20.65 20.67 20.67 20.67 20.73 20.71 20.71 20.71 20.71 20.69 20.70 20.68 20.68 20.69 20.73 20.69 20.69 20.64 20.61 20.66 20.64 20.63 20.66 20.71 20.69 20.67 20.66 20.64 20.65 20.67 20.62 20.60 20.62 20.63 20.64 20.62 20.63 20.61 20.55 20.57 20.56 20.62 20.62 20.62 20.62 20.63 20.60 20.64 20.66 20.64 20.63 20.61 20.63 20.65 20.63 20.62
20.63 20.63 20.64 20.64 20.63 20.61 20.61 20.63 20.64 20.64 20.63 20.64 20.64 20.61 20.63 20.63 20.62 20.61 20.61 20.62 20.63 20.65 20.67 20.68 20.67 20.71 20.72 20.71 20.71 20.68 20.68 20.68 20.66 20.65 20.66 20.70 20.71 20.71 20.68 20.62 20.63 20.63 20.63 20.63 20.64 20.69 20.67 20.63 20.63 20.63 20.62 20.61 20.61 20.58 20.61 20.63 20.61 20.63 20.62 20.61 20.49 20.55 20.60 20.62 20.61 20.58 20.59 20.53 20.59 20.67 20.67 20.65 20.65 20.63 20.63 20.64 20.61
20.60 20.62 20.63 20.63 20.63 20.60 20.57 20.60 20.58 20.60 20.62 20.60 20.59 20.59 20.61 20.59 20.58 20.59 20.59 20.61 20.62 20.62 20.65 20.66 20.68 20.68 20.69 20.71 20.69 20.68 20.65 20.64 20.66 20.66 20.65 20.65 20.69 20.68 20.67 20.63 20.60 20.61 20.60 20.59 20.60 20.61 20.60 20.61 20.59 20.60 20.57 20.55 20.57 20.57 20.59 20.61 20.60 20.60 20.60 20.59 20.58 20.58 20.59 20.58 20.55 20.57 20.55 20.47 20.52 20.55 20.64 20.64 20.65 20.63 20.61 20.64 20.64
20.62 20.62 20.62 20.61 20.61 20.60 20.60 20.62 20.61 20.61 20.58 20.58 20.59 20.57 20.57 20.57 20.59 20.59 20.59 20.58 20.58 20.62 20.64 20.66 20.67 20.63 20.65 20.68 20.70 20.67 20.63 20.64 20.68 20.65 20.62 20.62 20.65 20.66 20.67 20.64 20.60 20.58 20.57 20.60 20.57 20.57 20.59 20.61 20.60 20.59 20.60 20.58 20.58 20.57 20.58 20.60 20.59 20.60 20.61 20.59 20.61 20.61 20.56 20.57 20.53 20.53 20.47 20.51 20.57 20.52 20.56 20.56 20.58 20.64 20.64 20.61 20.64
20.62 20.62 20.60 20.60 20.55 20.57 20.57 20.57 20.58 20.58 20.56 20.56 20.53 20.56 20.57 20.54 20.55 20.53 20.53 20.56 20.56 20.61 20.63 20.64 20.65 20.65 20.64 20.64 20.62 20.62 20.66 20.68 20.67 20.62 20.60 20.63 20.64 20.67 20.66 20.62 20.59 20.59 20.55 20.58 20.54 20.55 20.59 20.57 20.58 20.57 20.61 20.60 20.57 20.57 20.55 20.57 20.56 20.57 20.58 20.57 20.59 20.58 20.56 20.52 20.48 20.48 20.47 20.46 20.53 20.54 20.51 20.56 20.58 20.58 20.61 20.64 20.64
20.60 20.60 20.57 20.56 20.52 20.51 20.51 20.51 20.53 20.55 20.56 20.56 20.56 20.55 20.53 20.52 20.52 20.54 20.54 20.55 20.54 20.56 20.60 20.63 20.64 20.62 20.67 20.64 20.62 20.62 20.62 20.64 20.66 20.63 20.65 20.65 20.64 20.63 20.63 20.60 20.59 20.59 20.60 20.57 20.53 20.51 20.56 20.59 20.52 20.52 20.55 20.57 20.56 20.56 20.55 20.54 20.55 20.55 20.56 20.56 20.56 20.55 20.55 20.53 20.54 20.54 20.53 20.50 20.51 20.49 20.54 20.54 20.53 20.57 20.60 20.59 20.58
20.58 20.59 20.57 20.54 20.54 20.53 20.50 20.51 20.52 20.53 20.55 20.55 20.55 20.56 20.53 20.53 20.54 20.55 20.54 20.57 20.56 20.58 20.59 20.58 20.61 20.62 20.64 20.65 20.63 20.65 20.63 20.63 20.63 20.63 20.63 20.64 20.64 20.65 20.64 20.64 20.62 20.60 20.63 20.61 20.52 20.55 20.55 20.58 20.55 20.51 20.50 20.55 20.62 20.55 20.54 20.57 20.53 20.54 20.55 20.55 20.56 20.54 20.52 20.50 20.52 20.50 20.51 20.51 20.49 20.52 20.52 20.50 20.55 20.56 20.54 20.56 20.57
20.56 20.55 20.56 20.58 20.55 20.56 20.57 20.52 20.50 20.50 20.51 20.52 20.53 20.54 20.53 20.53 20.51 20.54 20.50 20.53 20.56 20.62 20.63 20.61 20.60 20.56 20.65 20.63 20.57 20.63 20.64 20.64 20.62 20.57 20.53 20.56 20.60 20.64 20.63 20.62 20.62 20.62 20.64 20.59 20.52 20.54 20.49 20.49 20.56 20.55 20.50 20.50 20.56 20.53 20.51 20.58 20.53 20.52 20.52 20.53 20.56 20.54 20.53 20.52 20.43 20.47 20.48 20.49 20.53 20.51 20.54 20.49 20.47 20.50 20.54 20.53 20.53
20.54 20.54 20.54 20.50 20.15 20.49 20.57 20.55 20.53 20.52 20.49 20.49 20.49 20.48 20.50 20.50 20.50 20.52 20.51 20.53 20.52 20.56 20.59 20.59 20.60 20.61 20.59 20.59 20.58 20.58 20.63 20.65 20.60 20.58 20.55 20.55 20.57 20.62 20.61 20.61 20.61 20.60 20.59 20.58 20.59 20.55 20.53 20.47 20.51 20.46 20.45 20.47 20.50 20.54 20.49 20.52 20.54 20.51 20.49 20.50 20.49 20.50 20.50 20.50 20.41 20.38 20.44 20.44 20.47 20.45 20.42 20.43 20.44 20.46 20.46 20.48 20.47
20.48 20.49 20.49 20.49 20.49 20.47 20.51 20.55 20.51 20.50 20.51 20.46 20.43 20.44 20.44 20.47 20.45 20.46 20.48 20.48 20.50 20.52 20.57 20.57 20.54 20.53 20.64 20.60 20.60 20.56 20.64 20.64 20.63 20.59 20.53 20.59 20.55 20.58 20.63 20.60 20.60 20.59 20.58 20.56 20.57 20.50 20.55 20.52 20.49 20.46 20.46 20.48 20.46 20.48 20.51 20.46 20.47 20.50 20.50 20.48 20.49 20.49 20.49 20.52 20.49 20.39 20.42 20.36 20.44 20.48 20.41 20.39 20.40 20.44 20.45 20.44 20.51
20.46 20.45 20.50 20.53 20.52 20.47 20.49 20.50 20.49 20.49 20.52 20.49 20.45 20.44 20.44 20.44 20.44 20.47 20.42 20.42 20.46 20.51 20.53 20.57 20.56 20.54 20.60 20.60 20.58 20.55 20.58 20.61 20.62 20.60 20.57 20.55 20.55 20.55 20.58 20.59 20.60 20.58 20.57 20.54 20.56 20.58 20.54 20.51 20.49 20.47 20.47 20.49 20.48 20.47 20.48 20.48 20.45 20.51 20.47 20.48 20.48 20.46 20.46 20.47 20.47 20.45 20.42 20.37 20.43 20.44 20.45 20.44 20.42 20.44 20.45 20.46 20.46
20.47 20.47 20.49 20.51 20.50 20.49 20.48 20.48 20.50 20.48 20.51 20.50 20.46 20.44 20.42 20.45 20.42 20.44 20.41 20.42 20.48 20.49 20.54 20.55 20.51 20.53 20.54 20.57 20.58 20.57 20.53 20.57 20.60 20.61 20.53 20.54 20.54 20.53 20.52 20.55 20.54 20.51 20.53 20.48 20.56 20.59 20.53 20.51 20.49 20.49 20.42 20.45 20.45 20.44 20.43 20.45 20.44 20.46 20.48 20.48 20.45 20.44 20.44 20.44 20.44 20.45 20.43 20.44 20.43 20.42 20.42 20.40 20.43 20.42 20.43 20.40 20.40
20.49 20.49 20.48 20.48 20.48 20.49 20.48 20.47 20.48 20.45 20.48 20.49 20.48 20.44 20.44 20.42 20.42 20.39 20.39 20.40 20.46 20.47 20.48 20.47 20.49 20.50 20.52 20.53 20.54 20.51 20.56 20.46 20.51 20.53 20.51 20.55 20.54 20.52 20.51 20.51 20.51 20.47 20.46 20.44 20.50 20.49 20.46 20.47 20.50 20.48 20.43 20.42 20.40 20.40 20.43 20.42 20.44 20.41 20.44 20.45 20.44 20.41 20.40 20.39 20.40 20.40 20.40 20.42 20.42 20.42 20.42 20.37 20.35 20.37 20.39 20.39 20.40
20.47 20.47 20.47 20.45 20.47 20.44 20.46 20.47 20.47 20.45 20.46 20.43 20.42 20.42 20.44 20.45 20.42 20.40 20.43 20.43 20.47 20.49 20.47 20.46 20.47 20.45 20.45 20.48 20.50 20.50 20.55 20.56 20.54 20.49 20.50 20.51 20.57 20.52 20.49 20.51 20.46 20.48 20.44 20.41 20.48 20.48 20.48 20.51 20.46 20.49 20.51 20.46 20.42 20.44 20.43 20.39 20.41 20.37 20.40 20.41 20.41 20.42 20.41 20.41 20.39 20.41 20.39 20.41 20.42 20.42 20.40 20.39 20.37 20.36 20.36 20.36 20.37
20.44 20.44 20.44 20.45 20.41 20.42 20.39 20.42 20.45 20.43 20.44 20.45 20.40 20.39 20.41 20.42 20.43 20.43 20.48 20.45 20.47 20.50 20.48 20.48 20.44 20.44 20.44 20.45 20.47 20.47 20.50 20.54 20.52 20.48 20.50 20.50 20.53 20.53 20.49 20.47 20.48 20.49 20.45 20.42 20.46 20.48 20.48 20.48 20.42 20.45 20.52 20.50 20.50 20.46 20.44 20.44 20.38 20.36 20.37 20.40 20.39 20.41 20.38 20.39 20.40 20.39 20.39 20.39 20.38 20.43 20.42 20.35 20.34 20.33 20.30 20.35 20.33
20.42 20.42 20.42 20.42 20.41 20.41 20.39 20.38 20.44 20.45 20.45 20.46 20.42 20.40 20.40 20.41 20.43 20.44 20.48 20.47 20.47 20.50 20.49 20.46 20.46 20.42 20.40 20.42 20.45 20.49 20.52 20.52 20.52 20.53 20.53 20.51 20.49 20.49 20.50 20.49 20.44 20.50 20.48 20.40 20.43 20.48 20.46 20.45 20.43 20.45 20.51 20.53 20.48 20.44 20.41 20.44 20.45 20.39 20.36 20.38 20.37 20.36 20.37 20.37 20.36 20.38 20.41 20.38 20.41 20.43 20.42 20.34 20.31 20.32 20.31 20.34 20.30
20.39 20.41 20.44 20.46 20.44 20.40 20.39 20.39 20.42 20.47 20.45 20.44 20.43 20.49 20.46 20.41 20.40 20.42 20.47 20.46 20.47 20.49 20.47 20.44 20.45 20.45 20.40 20.40 20.41 20.41 20.46 20.51 20.52 20.53 20.52 20.51 20.49 20.49 20.49 20.51 20.49 20.46 20.48 20.48 20.45 20.46 20.45 20.47 20.46 20.45 20.46 20.46 20.47 20.42 20.45 20.41 20.42 20.40 20.41 20.39 20.39 20.39 20.39 20.38 20.40 20.41 20.41 20.39 20.37 20.39 20.36 20.34 20.33 20.33 20.35 20.32 20.27
20.39 20.41 20.42 20.42 20.44 20.42 20.37 20.38 20.43 20.46 20.44 20.43 20.45 20.39 20.38 20.37 20.38 20.42 20.44 20.45 20.40 20.40 20.40 20.38 20.40 20.41 20.39 20.38 20.40 20.47 20.47 20.50 20.47 20.49 20.51 20.49 20.49 20.48 20.48 20.47 20.48 20.49 20.50 20.49 20.44 20.40 20.40 20.45 20.43 20.39 20.42 20.43 20.44 20.40 20.42 20.42 20.31 20.35 20.36 20.38 20.39 20.36 20.39 20.39 20.41 20.40 20.39 20.36 20.36 20.33 20.34 20.32 20.34 20.34 20.33 20.31 20.30
20.34 20.38 20.39 20.42 20.41 20.42 20.40 20.40 20.38 20.41 20.43 20.39 20.37 20.36 20.36 20.37 20.38 20.39 20.43 20.44 20.37 20.37 20.37 20.35 20.37 20.36 20.35 20.36 20.37 20.47 20.48 20.48 20.47 20.45 20.49 20.47 20.49 20.46 20.44 20.44 20.47 20.49 20.49 20.44 20.43 20.40 20.39 20.38 20.40 20.39 20.39 20.43 20.43 20.41 20.41 20.38 20.32 20.29 20.32 20.36 20.37 20.35 20.36 20.37 20.39 20.41 20.36 20.37 20.37 20.36 20.32 20.32 20.34 20.33 20.32 20.33 20.30
20.34 20.35 20.37 20.39 20.39 20.39 20.36 20.37 20.35 20.39 20.39 20.39 20.35 20.35 20.37 20.35 20.36 20.35 20.38 20.44 20.36 20.34 20.34 20.38 20.40 20.41 20.39 20.37 20.42 20.44 20.44 20.44 20.43 20.45 20.48 20.47 20.44 20.47 20.45 20.43 20.44 20.46 20.47 20.43 20.44 20.40 20.41 20.35 20.35 20.35 20.39 20.36 20.36 20.40 20.41 20.40 20.36 20.35 20.29 20.33 20.35 20.34 20.35 20.35 20.39 20.37 20.35 20.37 20.37 20.35 20.38 20.37 20.34 20.32 20.33 20.30 20.30
20.34 20.34 20.29 20.35 20.34 20.34 20.34 20.33 20.31 20.34 20.36 20.34 20.35 20.32 20.33 20.33 20.33 20.31 20.32 20.35 20.33 20.30 20.33 20.33 20.39 20.38 20.41 20.41 20.43 20.41 20.37 20.39 20.42 20.42 20.46 20.45 20.42 20.41 20.41 20.42 20.43 20.42 20.42 20.45 20.43 20.42 20.43 20.39 20.32 20.32 20.34 20.34 20.37 20.39 20.41 20.41 20.39 20.37 20.29 20.31 20.34 20.34 20.33 20.35 20.37 20.36 20.34 20.34 20.36 20.33 20.36 20.33 20.33 20.34 20.32 20.29 20.28
20.28 20.29 20.22 20.25 20.29 20.27 20.28 20.30 20.33 20.35 20.34 20.33 20.35 20.30 20.30 20.33 20.36 20.33 20.32 20.34 20.33 20.30 20.33 20.35 20.32 20.34 20.33 20.34 20.34 20.30 20.32 20.37 20.36 20.41 20.48 20.45 20.41 20.41 20.42 20.42 20.43 20.44 20.43 20.43 20.44 20.47 20.45 20.43 20.41 20.35 20.33 20.34 20.36 20.34 20.37 20.37 20.35 20.34 20.31 20.29 20.29 20.30 20.30 20.29 20.36 20.33 20.34 20.34 20.32 20.31 20.33 20.31 20.27 20.32 20.27 20.26 20.24
20.23 20.18 20.16 20.11 20.20 20.23 20.26 20.26 20.30 20.32 20.33 20.31 20.25 20.20 20.22 20.32 20.36 20.36 20.28 20.24 20.26 20.23 20.27 20.25 20.29 20.32 20.28 20.32 20.30 20.30 20.30 20.29 20.34 20.44 20.44 20.42 20.37 20.34 20.39 20.41 20.41 20.43 20.41 20.40 20.42 20.43 20.40 20.42 20.39 20.30 20.29 20.28 20.28 20.32 20.34 20.30 20.27 20.28 20.29 20.24 20.30 20.27 20.24 20.27 20.20 20.28 20.30 20.32 20.30 20.31 20.32 20.28 20.29 20.28 20.26 20.24 20.22
