main/data/irradiance/19.07.2023.grid
ncols 839
nrows 679
xllcenter 112.0500
yllcenter -43.9500
cellsize 0.0500
nodata_value 99999.90
[rows 442 to 475 of 679, columns 616 to 692 of 839]
12.95 12.93 12.93 12.94 12.93 12.94 12.95 12.94 12.92 12.91 12.91 12.91 12.90 12.90 12.89 12.89 12.89 12.89 12.89 12.90 12.89 12.88 12.89 12.90 12.90 12.89 12.90 12.90 12.91 12.90 12.89 12.91 12.89 12.89 12.90 12.89 12.89 12.88 12.88 12.88 12.88 12.89 12.89 12.90 12.91 12.90 12.88 12.87 12.86 12.85 12.86 12.86 12.87 12.87 12.88 12.88 12.87 12.90 12.89 12.87 12.88 12.88 12.88 12.87 12.87 12.87 12.86 12.86 12.86 12.87 12.86 12.86 12.85 12.85 12.86 12.89 12.87
12.93 12.93 12.93 12.93 12.93 12.93 12.93 12.93 12.91 12.90 12.90 12.88 12.88 12.88 12.87 12.88 12.87 12.87 12.87 12.87 12.87 12.86 12.86 12.87 12.88 12.88 12.89 12.89 12.89 12.89 12.88 12.87 12.86 12.87 12.87 12.85 12.85 12.85 12.86 12.86 12.86 12.86 12.86 12.86 12.88 12.87 12.86 12.85 12.84 12.84 12.84 12.84 12.85 12.85 12.88 12.88 12.86 12.87 12.86 12.87 12.87 12.87 12.87 12.87 12.85 12.84 12.85 12.84 12.83 12.84 12.84 12.84 12.85 12.86 12.88 12.87 12.85
12.91 12.92 12.91 12.91 12.90 12.89 12.89 12.89 12.90 12.87 12.87 12.86 12.87 12.86 12.86 12.85 12.85 12.85 12.85 12.85 12.85 12.84 12.84 12.85 12.86 12.86 12.86 12.86 12.86 12.84 12.82 12.85 12.84 12.84 12.83 12.82 12.82 12.83 12.84 12.83 12.83 12.82 12.83 12.82 12.84 12.85 12.83 12.82 12.83 12.82 12.82 12.82 12.83 12.84 12.86 12.84 12.83 12.85 12.86 12.85 12.86 12.86 12.84 12.87 12.85 12.83 12.84 12.83 12.82 12.83 12.82 12.84 12.85 12.85 12.86 12.86 12.84
12.91 12.90 12.89 12.89 12.89 12.90 12.88 12.87 12.87 12.85 12.82 12.84 12.84 12.85 12.84 12.83 12.83 12.83 12.83 12.82 12.83 12.83 12.83 12.83 12.83 12.83 12.83 12.83 12.84 12.82 12.81 12.81 12.81 12.82 12.81 12.81 12.80 12.80 12.80 12.81 12.80 12.80 12.80 12.81 12.83 12.81 12.80 12.80 12.82 12.80 12.79 12.80 12.80 12.80 12.83 12.83 12.81 12.82 12.83 12.83 12.83 12.84 12.83 12.83 12.82 12.82 12.82 12.84 12.84 12.84 12.82 12.82 12.82 12.81 12.82 12.83 12.83
12.87 12.85 12.86 12.86 12.86 12.87 12.86 12.85 12.82 12.82 12.81 12.81 12.82 12.82 12.82 12.80 12.80 12.80 12.80 12.80 12.80 12.80 12.80 12.80 12.81 12.80 12.80 12.81 12.81 12.80 12.78 12.77 12.78 12.79 12.79 12.79 12.78 12.79 12.79 12.79 12.78 12.78 12.78 12.80 12.79 12.78 12.78 12.77 12.77 12.77 12.76 12.76 12.77 12.78 12.78 12.77 12.77 12.79 12.81 12.82 12.81 12.80 12.80 12.79 12.80 12.79 12.78 12.79 12.79 12.79 12.79 12.79 12.79 12.79 12.79 12.78 12.79
12.84 12.83 12.83 12.84 12.84 12.82 12.82 12.82 12.81 12.80 12.79 12.79 12.80 12.80 12.80 12.79 12.78 12.78 12.79 12.78 12.78 12.79 12.79 12.79 12.79 12.79 12.79 12.79 12.79 12.78 12.77 12.76 12.76 12.76 12.77 12.77 12.76 12.78 12.77 12.76 12.77 12.78 12.78 12.77 12.77 12.76 12.75 12.75 12.75 12.75 12.75 12.76 12.76 12.76 12.75 12.76 12.75 12.76 12.78 12.79 12.79 12.75 12.75 12.77 12.77 12.77 12.77 12.77 12.78 12.78 12.78 12.77 12.77 12.78 12.78 12.76 12.77
12.79 12.80 12.79 12.78 12.78 12.79 12.79 12.79 12.78 12.77 12.77 12.78 12.78 12.78 12.78 12.78 12.77 12.77 12.77 12.76 12.77 12.78 12.78 12.77 12.76 12.77 12.77 12.77 12.77 12.76 12.75 12.74 12.74 12.74 12.75 12.76 12.75 12.76 12.75 12.76 12.76 12.76 12.76 12.75 12.74 12.78 12.77 12.75 12.76 12.73 12.76 12.75 12.73 12.73 12.74 12.74 12.73 12.74 12.76 12.76 12.75 12.73 12.73 12.75 12.75 12.77 12.77 12.77 12.76 12.76 12.76 12.75 12.76 12.77 12.77 12.77 12.75
12.75 12.75 12.76 12.75 12.76 12.76 12.77 12.76 12.75 12.75 12.72 12.75 12.74 12.74 12.74 12.74 12.74 12.74 12.74 12.74 12.75 12.77 12.75 12.75 12.74 12.75 12.76 12.75 12.74 12.74 12.73 12.73 12.73 12.73 12.73 12.73 12.73 12.73 12.74 12.74 12.72 12.72 12.73 12.73 12.72 12.74 12.74 12.73 12.74 12.74 12.72 12.70 12.70 12.72 12.72 12.72 12.71 12.72 12.74 12.74 12.73 12.73 12.73 12.74 12.73 12.75 12.75 12.75 12.75 12.75 12.74 12.73 12.74 12.73 12.75 12.77 12.74
12.70 12.72 12.73 12.73 12.73 12.73 12.74 12.73 12.73 12.72 12.71 12.70 12.72 12.71 12.71 12.71 12.71 12.72 12.72 12.71 12.72 12.71 12.70 12.71 12.70 12.70 12.71 12.71 12.71 12.71 12.71 12.70 12.69 12.71 12.70 12.71 12.71 12.71 12.70 12.72 12.70 12.70 12.70 12.71 12.69 12.69 12.71 12.71 12.70 12.70 12.68 12.67 12.67 12.68 12.70 12.71 12.69 12.69 12.71 12.71 12.71 12.72 12.73 12.73 12.73 12.71 12.70 12.70 12.72 12.72 12.72 12.71 12.71 12.70 12.71 12.72 12.72
12.68 12.70 12.71 12.70 12.71 12.71 12.71 12.71 12.70 12.71 12.68 12.70 12.69 12.70 12.69 12.69 12.69 12.70 12.69 12.69 12.68 12.67 12.67 12.68 12.67 12.65 12.69 12.69 12.68 12.69 12.67 12.67 12.66 12.67 12.69 12.67 12.69 12.69 12.68 12.68 12.69 12.68 12.68 12.69 12.67 12.67 12.69 12.68 12.68 12.66 12.66 12.65 12.66 12.66 12.68 12.68 12.66 12.66 12.68 12.70 12.69 12.69 12.68 12.70 12.68 12.65 12.66 12.69 12.69 12.70 12.70 12.68 12.67 12.66 12.70 12.72 12.71
12.67 12.66 12.67 12.67 12.69 12.70 12.69 12.70 12.69 12.69 12.68 12.68 12.67 12.67 12.67 12.67 12.67 12.67 12.67 12.66 12.66 12.65 12.65 12.65 12.65 12.66 12.66 12.66 12.67 12.66 12.65 12.65 12.64 12.65 12.67 12.66 12.66 12.65 12.65 12.65 12.66 12.66 12.65 12.67 12.65 12.66 12.67 12.65 12.65 12.64 12.64 12.64 12.64 12.64 12.66 12.64 12.66 12.66 12.67 12.68 12.66 12.67 12.68 12.67 12.63 12.63 12.65 12.68 12.66 12.66 12.68 12.67 12.64 12.66 12.65 12.70 12.68
12.63 12.64 12.64 12.65 12.66 12.66 12.66 12.66 12.66 12.66 12.67 12.67 12.66 12.65 12.66 12.65 12.65 12.64 12.65 12.64 12.63 12.63 12.64 12.64 12.63 12.63 12.63 12.63 12.63 12.63 12.63 12.63 12.62 12.64 12.64 12.64 12.63 12.62 12.63 12.63 12.65 12.64 12.64 12.65 12.63 12.63 12.63 12.63 12.61 12.61 12.62 12.62 12.62 12.62 12.63 12.63 12.63 12.63 12.62 12.64 12.64 12.64 12.64 12.64 12.62 12.61 12.63 12.63 12.61 12.67 12.67 12.66 12.63 12.63 12.61 12.66 12.67
12.61 12.62 12.61 12.62 12.62 12.63 12.63 12.64 12.64 12.64 12.65 12.64 12.64 12.63 12.63 12.62 12.62 12.62 12.62 12.62 12.60 12.61 12.60 12.60 12.61 12.61 12.61 12.60 12.60 12.61 12.60 12.61 12.60 12.60 12.60 12.61 12.60 12.61 12.61 12.61 12.61 12.61 12.62 12.62 12.61 12.61 12.61 12.62 12.61 12.59 12.58 12.59 12.60 12.60 12.59 12.60 12.60 12.60 12.61 12.61 12.61 12.61 12.62 12.62 12.60 12.58 12.62 12.64 12.59 12.62 12.66 12.67 12.64 12.61 12.59 12.60 12.64
12.59 12.60 12.60 12.59 12.59 12.61 12.60 12.60 12.61 12.62 12.63 12.64 12.62 12.61 12.60 12.60 12.59 12.60 12.59 12.58 12.58 12.59 12.58 12.58 12.59 12.58 12.58 12.59 12.59 12.59 12.59 12.59 12.58 12.60 12.60 12.59 12.59 12.59 12.59 12.58 12.59 12.58 12.60 12.61 12.60 12.59 12.60 12.61 12.59 12.58 12.59 12.59 12.59 12.57 12.57 12.57 12.56 12.55 12.54 12.57 12.56 12.59 12.59 12.58 12.57 12.56 12.59 12.60 12.60 12.63 12.64 12.62 12.61 12.61 12.61 12.59 12.58
12.57 12.57 12.58 12.57 12.59 12.59 12.59 12.60 12.60 12.61 12.60 12.61 12.59 12.59 12.59 12.59 12.58 12.58 12.57 12.57 12.57 12.57 12.56 12.56 12.57 12.56 12.55 12.56 12.56 12.56 12.57 12.59 12.59 12.58 12.58 12.58 12.61 12.59 12.59 12.60 12.58 12.57 12.58 12.58 12.57 12.56 12.57 12.56 12.56 12.56 12.57 12.56 12.56 12.55 12.55 12.55 12.54 12.53 12.53 12.49 12.56 12.54 12.54 12.56 12.54 12.52 12.54 12.57 12.56 12.58 12.61 12.60 12.58 12.59 12.59 12.58 12.57
12.55 12.55 12.54 12.55 12.56 12.56 12.56 12.56 12.57 12.57 12.56 12.56 12.55 12.55 12.56 12.56 12.55 12.56 12.56 12.56 12.55 12.55 12.54 12.54 12.55 12.54 12.54 12.54 12.55 12.55 12.56 12.57 12.57 12.57 12.58 12.56 12.57 12.57 12.55 12.56 12.58 12.56 12.56 12.55 12.54 12.53 12.52 12.51 12.51 12.52 12.53 12.53 12.53 12.52 12.54 12.54 12.53 12.49 12.45 12.45 12.54 12.53 12.52 12.54 12.57 12.54 12.50 12.55 12.52 12.54 12.57 12.56 12.56 12.57 12.58 12.57 12.56
12.54 12.53 12.53 12.53 12.53 12.54 12.55 12.56 12.55 12.55 12.55 12.53 12.52 12.52 12.53 12.53 12.52 12.54 12.54 12.54 12.54 12.53 12.54 12.53 12.52 12.53 12.53 12.54 12.55 12.55 12.55 12.54 12.53 12.54 12.56 12.56 12.55 12.54 12.53 12.57 12.57 12.55 12.55 12.54 12.52 12.51 12.51 12.50 12.51 12.52 12.51 12.51 12.51 12.52 12.51 12.51 12.48 12.45 12.46 12.45 12.47 12.49 12.52 12.49 12.52 12.54 12.49 12.52 12.52 12.52 12.55 12.54 12.55 12.54 12.51 12.55 12.54
12.50 12.50 12.50 12.51 12.51 12.50 12.51 12.53 12.53 12.52 12.51 12.50 12.50 12.50 12.51 12.51 12.50 12.52 12.52 12.52 12.52 12.52 12.49 12.50 12.49 12.52 12.52 12.52 12.53 12.52 12.53 12.51 12.49 12.52 12.53 12.56 12.52 12.53 12.53 12.56 12.55 12.55 12.54 12.53 12.51 12.49 12.49 12.50 12.50 12.49 12.49 12.51 12.50 12.52 12.46 12.45 12.44 12.46 12.46 12.44 12.44 12.44 12.45 12.45 12.47 12.47 12.46 12.47 12.50 12.50 12.50 12.53 12.52 12.50 12.48 12.50 12.52
12.48 12.48 12.49 12.49 12.48 12.48 12.48 12.48 12.49 12.48 12.48 12.47 12.47 12.48 12.48 12.49 12.50 12.51 12.50 12.50 12.51 12.50 12.49 12.49 12.50 12.50 12.50 12.50 12.50 12.49 12.50 12.49 12.50 12.51 12.51 12.50 12.52 12.52 12.51 12.53 12.53 12.53 12.53 12.54 12.52 12.51 12.49 12.49 12.49 12.49 12.47 12.48 12.48 12.45 12.44 12.43 12.44 12.44 12.44 12.43 12.43 12.43 12.43 12.42 12.44 12.44 12.44 12.44 12.48 12.47 12.48 12.50 12.49 12.50 12.50 12.49 12.49
12.45 12.43 12.45 12.45 12.44 12.47 12.47 12.45 12.45 12.45 12.45 12.45 12.46 12.47 12.46 12.47 12.47 12.48 12.48 12.48 12.50 12.49 12.48 12.47 12.46 12.47 12.45 12.47 12.48 12.48 12.47 12.48 12.47 12.47 12.48 12.49 12.49 12.49 12.49 12.51 12.50 12.50 12.51 12.51 12.53 12.52 12.51 12.49 12.48 12.48 12.46 12.44 12.43 12.42 12.43 12.42 12.41 12.41 12.41 12.41 12.42 12.41 12.41 12.42 12.45 12.45 12.42 12.43 12.44 12.46 12.46 12.47 12.46 12.46 12.47 12.48 12.48
12.43 12.43 12.42 12.42 12.44 12.44 12.43 12.42 12.42 12.42 12.44 12.44 12.43 12.43 12.42 12.43 12.42 12.44 12.46 12.47 12.47 12.46 12.43 12.46 12.45 12.44 12.43 12.44 12.45 12.44 12.45 12.44 12.43 12.43 12.44 12.44 12.45 12.46 12.47 12.47 12.48 12.47 12.47 12.46 12.47 12.47 12.47 12.46 12.47 12.48 12.47 12.44 12.42 12.41 12.42 12.41 12.41 12.40 12.39 12.39 12.40 12.41 12.41 12.41 12.45 12.45 12.41 12.41 12.45 12.44 12.45 12.45 12.46 12.46 12.47 12.45 12.46
12.41 12.41 12.39 12.40 12.42 12.41 12.41 12.40 12.40 12.43 12.43 12.44 12.41 12.40 12.40 12.40 12.41 12.43 12.45 12.44 12.43 12.42 12.40 12.44 12.44 12.43 12.41 12.44 12.45 12.43 12.44 12.43 12.42 12.42 12.42 12.43 12.44 12.44 12.44 12.45 12.45 12.44 12.43 12.42 12.42 12.42 12.42 12.43 12.43 12.44 12.43 12.43 12.42 12.44 12.43 12.42 12.42 12.40 12.38 12.37 12.39 12.40 12.39 12.41 12.43 12.42 12.42 12.42 12.42 12.44 12.44 12.43 12.42 12.44 12.44 12.43 12.44
12.40 12.39 12.38 12.38 12.39 12.39 12.39 12.40 12.40 12.42 12.43 12.43 12.39 12.38 12.39 12.40 12.41 12.43 12.43 12.41 12.40 12.42 12.43 12.41 12.40 12.41 12.42 12.42 12.43 12.43 12.43 12.41 12.41 12.41 12.41 12.42 12.41 12.42 12.42 12.42 12.42 12.41 12.41 12.41 12.41 12.41 12.42 12.42 12.42 12.42 12.40 12.41 12.40 12.39 12.40 12.39 12.40 12.40 12.38 12.38 12.38 12.39 12.37 12.37 12.37 12.41 12.39 12.40 12.40 12.41 12.42 12.40 12.40 12.42 12.42 12.42 12.42
12.37 12.37 12.37 12.36 12.36 12.38 12.39 12.40 12.40 12.41 12.40 12.41 12.36 12.36 12.37 12.38 12.39 12.41 12.41 12.40 12.39 12.38 12.39 12.39 12.38 12.40 12.40 12.39 12.40 12.41 12.40 12.38 12.39 12.40 12.40 12.40 12.40 12.40 12.40 12.40 12.40 12.39 12.38 12.39 12.39 12.39 12.39 12.39 12.38 12.38 12.38 12.39 12.39 12.38 12.37 12.38 12.37 12.36 12.36 12.37 12.38 12.38 12.39 12.38 12.38 12.38 12.39 12.39 12.39 12.39 12.40 12.37 12.40 12.40 12.40 12.40 12.39
12.34 12.33 12.32 12.32 12.33 12.36 12.39 12.38 12.37 12.36 12.36 12.36 12.37 12.37 12.36 12.36 12.36 12.37 12.36 12.37 12.34 12.36 12.35 12.36 12.37 12.37 12.36 12.37 12.37 12.37 12.37 12.37 12.36 12.36 12.36 12.37 12.38 12.38 12.37 12.37 12.37 12.36 12.36 12.36 12.36 12.36 12.37 12.36 12.36 12.35 12.35 12.36 12.36 12.36 12.35 12.34 12.33 12.33 12.32 12.32 12.33 12.34 12.33 12.35 12.35 12.35 12.37 12.34 12.35 12.36 12.36 12.37 12.37 12.38 12.37 12.36 12.36
12.31 12.30 12.30 12.31 12.33 12.36 12.36 12.35 12.35 12.32 12.31 12.32 12.33 12.34 12.32 12.32 12.32 12.32 12.33 12.32 12.32 12.34 12.33 12.34 12.35 12.34 12.34 12.35 12.33 12.35 12.34 12.34 12.34 12.33 12.33 12.33 12.34 12.34 12.34 12.34 12.34 12.35 12.35 12.35 12.33 12.34 12.34 12.34 12.34 12.35 12.34 12.33 12.34 12.34 12.34 12.32 12.31 12.34 12.32 12.33 12.31 12.31 12.31 12.31 12.31 12.34 12.32 12.29 12.31 12.34 12.34 12.35 12.35 12.35 12.34 12.35 12.34
12.28 12.28 12.29 12.31 12.33 12.32 12.34 12.33 12.33 12.33 12.29 12.28 12.28 12.28 12.28 12.28 12.28 12.28 12.27 12.27 12.29 12.30 12.32 12.32 12.31 12.33 12.33 12.33 12.33 12.32 12.31 12.31 12.32 12.32 12.32 12.31 12.31 12.30 12.31 12.31 12.31 12.32 12.31 12.32 12.31 12.32 12.33 12.33 12.33 12.33 12.34 12.32 12.33 12.32 12.30 12.29 12.32 12.33 12.31 12.30 12.30 12.29 12.15 12.31 12.32 12.32 12.31 12.31 12.31 12.29 12.31 12.32 12.31 12.32 12.32 12.32 12.32
12.26 12.26 12.28 12.29 12.30 12.32 12.31 12.30 12.31 12.32 12.27 12.26 12.26 12.26 12.26 12.26 12.27 12.26 12.27 12.28 12.29 12.30 12.28 12.29 12.29 12.30 12.31 12.30 12.30 12.29 12.29 12.29 12.29 12.30 12.30 12.31 12.30 12.29 12.29 12.29 12.30 12.30 12.30 12.30 12.30 12.30 12.31 12.31 12.30 12.30 12.32 12.29 12.29 12.29 12.28 12.29 12.29 12.30 12.31 12.30 12.29 12.27 12.03 12.25 12.30 12.29 12.29 12.29 12.28 12.25 12.28 12.30 12.30 12.29 12.29 12.30 12.29
12.24 12.24 12.25 12.27 12.26 12.27 12.27 12.27 12.28 12.28 12.24 12.24 12.24 12.25 12.24 12.25 12.25 12.25 12.26 12.25 12.27 12.26 12.26 12.25 12.27 12.27 12.27 12.26 12.26 12.26 12.27 12.27 12.28 12.28 12.27 12.27 12.27 12.27 12.27 12.27 12.28 12.28 12.28 12.28 12.27 12.27 12.28 12.29 12.28 12.27 12.27 12.26 12.27 12.28 12.28 12.29 12.27 12.28 12.28 12.27 12.26 12.24 12.24 12.26 12.28 12.25 12.27 12.26 12.27 12.26 12.25 12.25 12.26 12.26 12.27 12.26 12.26
12.23 12.22 12.25 12.25 12.24 12.24 12.25 12.25 12.25 12.23 12.22 12.21 12.21 12.21 12.22 12.23 12.23 12.22 12.23 12.24 12.25 12.23 12.24 12.24 12.24 12.25 12.24 12.24 12.25 12.25 12.26 12.26 12.25 12.25 12.25 12.25 12.26 12.27 12.26 12.26 12.26 12.26 12.26 12.26 12.26 12.25 12.26 12.24 12.25 12.26 12.27 12.26 12.26 12.26 12.26 12.26 12.26 12.25 12.25 12.23 12.25 12.23 12.24 12.26 12.25 12.24 12.25 12.25 12.25 12.24 12.24 12.23 12.24 12.24 12.24 12.23 12.24
12.21 12.21 12.26 12.25 12.24 12.22 12.22 12.21 12.21 12.20 12.19 12.19 12.19 12.20 12.20 12.24 12.22 12.22 12.22 12.22 12.22 12.23 12.22 12.22 12.22 12.21 12.23 12.23 12.25 12.24 12.24 12.23 12.23 12.23 12.24 12.24 12.25 12.24 12.24 12.23 12.22 12.22 12.24 12.22 12.23 12.23 12.23 12.23 12.22 12.23 12.24 12.25 12.24 12.24 12.24 12.24 12.24 12.25 12.22 12.22 12.23 12.22 12.22 12.23 12.23 12.21 12.22 12.22 12.20 12.20 12.22 12.22 12.22 12.23 12.22 12.22 12.22
12.21 12.22 12.21 12.22 12.21 12.24 12.19 12.17 12.17 12.18 12.17 12.17 12.16 12.17 12.18 12.18 12.20 12.20 12.20 12.20 12.21 12.21 12.20 12.21 12.19 12.20 12.21 12.22 12.22 12.22 12.21 12.20 12.21 12.21 12.22 12.22 12.23 12.22 12.21 12.20 12.20 12.20 12.19 12.18 12.18 12.18 12.18 12.18 12.20 12.22 12.21 12.22 12.23 12.22 12.22 12.23 12.22 12.23 12.21 12.20 12.20 12.21 12.21 12.21 12.21 12.19 12.18 12.17 12.17 12.15 12.19 12.20 12.21 12.21 12.21 12.20 12.20
12.15 12.17 12.18 12.18 12.18 12.20 12.19 12.14 12.14 12.14 12.14 12.14 12.14 12.14 12.16 12.17 12.16 12.19 12.19 12.19 12.19 12.19 12.19 12.18 12.18 12.18 12.18 12.19 12.19 12.19 12.18 12.19 12.19 12.18 12.18 12.18 12.18 12.18 12.17 12.18 12.17 12.15 12.14 12.15 12.14 12.14 12.16 12.16 12.18 12.16 12.18 12.18 12.20 12.20 12.19 12.20 12.19 12.20 12.20 12.20 12.19 12.19 12.19 12.18 12.17 12.16 12.17 12.16 12.12 12.12 12.16 12.18 12.18 12.18 12.19 12.19 12.17
12.13 12.17 12.18 12.16 12.16 12.18 12.14 12.13 12.12 12.12 12.12 12.12 12.12 12.15 12.15 12.14 12.15 12.16 12.18 12.17 12.17 12.16 12.16 12.14 12.15 12.16 12.17 12.17 12.16 12.16 12.17 12.16 12.17 12.16 12.15 12.14 12.14 12.14 12.13 12.13 12.12 12.12 12.13 12.13 12.13 12.14 12.15 12.14 12.15 12.16 12.15 12.15 12.17 12.18 12.18 12.17 12.16 12.18 12.18 12.18 12.17 12.17 12.17 12.16 12.15 12.13 12.12 12.12 12.12 12.11 12.13 12.16 12.17 12.17 12.17 12.16 12.15
