main/data/irradiance/19.02.2023.grid
ncols 839
nrows 679
xllcenter 112.0500
yllcenter -43.9500
cellsize 0.0500
nodata_value 99999.90
[rows 442 to 475 of 679, columns 231 to 307 of 839]
19.41 19.37 18.94 18.47 19.95 20.53 20.69 20.98 21.31 22.20 22.96 23.25 23.23 23.44 23.57 24.23 24.17 24.00 22.99 23.66 24.03 24.46 23.48 23.63 23.34 24.26 23.60 24.16 24.71 24.74 24.55 24.43 24.84 25.03 25.15 25.29 25.17 25.59 25.89 25.67 25.72 25.84 25.90 25.42 25.52 26.17 25.77 25.86 26.06 26.24 26.03 25.81 25.39 25.81 26.07 25.49 25.97 26.57 26.22 25.35 25.59 25.66 26.13 26.16 26.31 26.00 25.65 24.11 25.08 25.87 25.86 25.41 25.87 25.22 26.71 26.80 26.88
19.21 19.33 20.01 18.65 20.38 20.16 20.47 20.30 20.48 22.52 23.55 23.51 23.18 23.56 23.61 24.21 23.79 24.45 24.99 25.05 25.17 25.27 24.23 23.01 23.32 23.71 24.76 24.49 24.80 25.00 24.84 24.47 25.05 24.92 25.18 25.24 25.20 25.51 25.62 25.79 25.66 25.69 25.78 25.88 25.79 25.31 25.08 25.30 26.31 24.82 26.57 26.64 25.92 26.09 25.82 25.66 26.90 26.22 25.36 26.34 25.63 24.92 26.47 25.50 25.54 25.19 25.94 26.03 25.59 26.11 25.94 26.16 26.58 26.46 26.70 26.75 26.87
19.57 19.50 19.95 19.65 20.24 20.13 20.27 20.02 20.53 21.90 22.91 23.57 24.01 23.90 23.62 23.97 24.17 24.44 25.42 25.51 25.83 26.02 24.42 23.97 24.04 23.84 24.69 24.90 24.73 24.65 24.76 24.65 24.26 24.75 25.01 25.43 24.78 24.69 25.09 25.60 25.58 25.96 25.71 26.33 26.08 25.95 24.99 25.42 26.06 25.79 26.15 26.64 25.92 26.09 26.30 26.60 26.77 26.25 25.89 25.30 25.69 26.32 26.61 26.25 26.29 26.06 26.56 26.31 25.92 26.37 26.81 26.67 26.81 26.74 26.93 26.51 26.87
20.41 20.14 20.78 20.51 21.15 20.02 20.39 19.72 20.29 21.09 21.59 22.83 24.31 24.08 23.80 23.73 23.52 24.13 25.70 25.68 25.80 25.75 25.19 25.03 24.54 24.28 24.44 24.37 24.42 24.74 24.71 24.70 24.82 24.29 24.63 25.10 25.26 25.42 25.78 25.85 26.04 26.08 25.89 26.20 25.99 26.44 24.99 25.42 26.06 25.79 26.15 26.15 25.92 26.30 26.30 26.60 26.77 26.25 25.89 25.30 26.73 26.50 26.53 26.25 26.29 26.06 26.56 26.31 25.92 26.37 26.81 26.67 26.81 26.74 26.93 26.51 26.51
20.53 20.32 21.23 21.79 21.41 20.31 19.97 19.96 19.82 20.41 21.44 22.81 23.66 23.92 24.23 24.31 24.22 23.93 25.05 25.58 25.38 25.64 25.21 24.94 24.39 24.45 24.44 24.71 24.30 24.76 25.05 24.70 24.48 25.19 24.23 24.94 25.60 25.80 26.36 25.95 26.43 25.71 26.32 26.45 25.99 26.44 26.44 25.42 26.06 25.79 26.15 26.15 26.15 26.30 26.30 26.60 26.77 26.25 25.89 26.73 26.73 26.50 26.53 26.53 26.29 26.06 26.56 26.31 25.92 26.37 26.81 26.67 26.81 26.74 26.93 26.51 26.51
19.85 20.24 21.25 21.44 21.13 20.14 20.04 20.43 20.22 20.11 21.71 23.21 23.81 23.60 23.32 24.20 24.25 24.01 24.30 25.59 25.99 25.73 25.52 25.15 24.90 24.46 24.36 24.65 23.85 25.18 24.97 24.85 24.76 25.28 24.82 24.87 25.62 25.91 26.14 26.26 26.25 26.28 26.33 26.45 26.45 26.44 26.44 26.44 26.06 25.79 26.15 26.15 26.15 26.30 26.30 26.60 26.77 26.25 26.73 26.73 26.73 26.50 26.53 26.53 26.53 26.06 26.56 26.31 25.92 26.37 26.81 26.67 26.81 26.74 26.93 26.51 26.51
19.37 19.96 20.51 21.38 21.47 20.44 20.24 20.61 20.90 20.09 22.29 23.14 23.58 22.26 22.49 24.15 24.12 24.77 24.74 25.44 26.03 25.78 25.71 25.31 24.71 24.73 24.61 24.46 24.01 24.56 24.87 25.04 25.09 25.33 25.03 25.27 25.59 25.86 26.25 26.47 26.22 26.28 26.33 26.33 26.45 26.45 26.44 26.44 26.06 25.79 26.15 26.15 26.15 26.30 26.30 26.60 26.77 26.25 26.73 26.73 26.73 26.50 26.53 26.53 26.53 26.06 26.56 26.31 25.92 26.37 26.81 26.67 26.81 26.74 26.93 26.51 26.51
19.93 19.80 20.75 21.67 21.36 21.26 20.89 21.00 21.53 21.32 21.92 23.00 23.55 23.19 22.98 23.70 24.76 24.38 23.16 25.05 25.41 25.48 25.33 25.09 25.02 24.99 24.74 24.75 24.84 24.39 24.85 24.92 25.43 25.50 25.12 25.44 26.05 26.09 26.43 26.26 26.22 26.22 26.33 26.33 26.33 26.45 26.44 26.44 26.06 25.79 26.15 26.15 26.15 26.30 26.30 26.60 26.77 26.25 26.73 26.73 26.73 26.50 26.53 26.53 26.53 26.06 26.56 26.31 25.92 26.37 26.81 26.67 26.81 26.74 26.93 26.51 26.51
19.10 19.28 20.81 21.93 22.01 21.96 21.96 22.00 21.81 22.34 22.05 22.59 23.15 23.20 23.00 23.06 24.52 24.56 23.60 24.52 25.59 25.52 25.40 25.52 25.02 25.18 25.58 25.41 25.16 25.13 25.41 25.27 25.35 25.27 25.68 26.02 26.09 26.12 26.43 26.26 26.26 26.22 26.22 26.33 26.33 26.33 26.45 26.44 26.44 25.79 26.15 26.15 26.15 26.30 26.30 26.60 26.77 26.73 26.73 26.73 26.73 26.50 26.53 26.53 26.53 26.53 26.56 26.31 25.92 26.37 26.81 26.67 26.81 26.74 26.93 26.51 26.51
20.00 19.38 21.41 22.19 21.68 21.92 22.62 22.90 22.33 22.25 20.87 22.50 23.24 23.05 23.02 22.82 24.17 24.26 23.47 23.78 24.99 25.63 25.57 25.71 25.62 25.32 25.37 25.44 25.53 25.58 25.75 25.67 25.43 25.48 25.68 26.02 26.09 26.12 26.12 26.26 26.26 26.26 26.22 26.33 26.33 26.33 26.33 26.44 26.44 25.79 26.15 26.15 26.15 26.30 26.30 26.60 26.77 26.73 26.73 26.73 26.73 26.50 26.53 26.53 26.53 26.53 26.56 26.31 25.92 26.37 26.81 26.67 26.81 26.74 26.93 26.51 26.51
21.06 21.20 22.67 22.79 20.73 21.33 22.41 22.29 22.84 22.18 21.12 22.32 23.19 23.18 23.44 22.94 24.32 24.49 23.73 23.96 24.61 25.77 25.76 25.77 25.96 25.85 25.52 25.90 25.80 25.78 26.00 26.11 25.43 25.48 25.48 26.02 26.09 26.12 26.12 26.12 26.26 26.26 26.26 26.22 26.33 26.33 26.33 26.33 26.44 25.79 26.15 26.15 26.15 26.30 26.30 26.60 26.77 26.73 26.73 26.73 26.73 26.50 26.53 26.53 26.53 26.53 26.56 26.31 25.92 26.37 26.81 26.67 26.81 26.74 26.93 26.51 26.51
22.41 23.16 23.07 22.99 21.41 22.05 22.20 21.84 22.10 21.34 22.18 22.95 22.94 23.13 23.31 22.66 24.07 24.76 24.94 24.11 25.25 25.58 25.92 26.16 25.27 25.66 26.33 26.03 25.90 26.07 26.00 26.11 26.11 25.48 25.48 25.48 26.09 26.12 26.12 26.12 26.26 26.26 26.26 26.26 26.33 26.33 26.33 26.33 26.33 26.44 26.15 26.15 26.15 26.30 26.30 26.60 26.73 26.73 26.73 26.73 26.73 26.50 26.53 26.53 26.53 26.53 26.53 26.31 25.92 26.37 26.81 26.67 26.81 26.74 26.93 26.51 26.51
22.88 23.03 22.95 22.99 21.32 21.77 22.50 22.62 22.61 21.99 22.75 23.26 23.36 23.18 23.42 23.18 23.99 24.85 25.15 25.56 25.41 25.92 25.93 26.10 26.03 25.58 26.28 26.30 25.90 26.07 26.07 26.11 26.11 26.11 25.48 25.48 26.09 26.12 26.12 26.12 26.12 26.26 26.26 26.26 26.26 26.33 26.33 26.33 26.33 26.44 26.15 26.15 26.15 26.30 26.30 26.60 26.73 26.73 26.73 26.73 26.73 26.50 26.53 26.53 26.53 26.53 26.53 26.31 25.92 26.37 26.81 26.67 26.81 26.74 26.93 26.51 26.51
22.63 22.61 22.73 22.75 21.91 22.35 22.87 21.82 22.48 22.42 22.77 22.70 23.33 23.34 23.62 23.91 24.44 24.92 25.09 25.50 25.54 25.75 25.84 26.08 26.16 26.04 26.28 26.30 26.30 26.07 26.07 26.07 26.11 26.11 25.48 25.48 26.09 26.12 26.12 26.12 26.12 26.26 26.26 26.26 26.26 26.26 26.33 26.33 26.33 26.33 26.44 26.44 26.44 26.73 26.73 26.73 26.73 26.73 26.73 26.73 26.73 26.50 26.53 26.53 26.53 26.53 26.53 26.53 26.53 26.53 26.53 26.53 26.53 99999.90 99999.90 99999.90 99999.90
22.69 22.92 22.68 22.80 22.18 22.65 22.83 22.54 22.77 23.16 22.82 22.84 23.35 23.48 23.91 24.27 24.97 25.14 25.26 25.25 25.12 25.39 25.78 26.08 26.09 26.04 26.04 26.30 26.30 26.30 26.07 26.07 26.11 26.11 26.11 25.48 25.48 26.12 26.12 26.12 26.12 26.12 26.26 26.26 26.26 26.26 26.33 26.33 26.33 26.33 26.33 26.33 26.45 26.45 99999.90 99999.90 99999.90 99999.90 99999.90 99999.90 99999.90 99999.90 99999.90 99999.90 99999.90 99999.90 99999.90 99999.90 99999.90 99999.90 99999.90 99999.90 99999.90 99999.90 99999.90 99999.90 99999.90
23.04 23.19 22.42 22.40 22.32 22.81 22.89 23.13 22.91 22.93 23.03 23.61 23.64 23.87 24.46 25.08 25.24 25.42 25.30 25.21 25.23 25.44 25.68 26.08 26.09 26.09 26.04 26.04 26.30 26.30 26.07 26.07 26.07 26.11 26.11 25.48 25.48 26.12 26.12 26.12 26.12 26.12 26.26 26.26 26.26 26.26 26.26 26.33 26.33 26.33 26.33 26.33 26.33 99999.90 99999.90 99999.90 99999.90 99999.90 99999.90 99999.90 99999.90 99999.90 99999.90 99999.90 99999.90 99999.90 99999.90 99999.90 99999.90 99999.90 99999.90 99999.90 99999.90 99999.90 99999.90 99999.90 99999.90
22.96 22.54 22.73 22.70 22.76 23.18 23.24 23.31 22.95 22.93 23.50 24.23 24.18 24.44 24.89 25.08 25.24 25.42 25.30 25.21 25.23 25.44 25.68 25.68 26.09 26.09 26.09 26.04 26.30 26.30 26.30 26.07 26.07 26.11 26.11 26.11 25.48 26.12 26.12 26.12 26.12 26.12 26.12 26.26 26.26 26.26 26.26 26.26 26.26 26.22 26.22 99999.90 99999.90 99999.90 99999.90 99999.90 99999.90 99999.90 99999.90 99999.90 99999.90 99999.90 99999.90 99999.90 99999.90 99999.90 99999.90 99999.90 99999.90 99999.90 99999.90 99999.90 99999.90 99999.90 99999.90 99999.90 99999.90
22.90 22.83 22.87 22.76 22.44 23.59 23.38 23.47 23.15 23.39 23.89 24.31 24.51 24.44 24.89 24.89 25.24 25.42 25.30 25.21 25.23 25.44 25.68 25.68 25.68 26.09 26.09 26.09 26.04 26.30 26.30 26.07 26.07 26.07 26.11 26.11 25.48 25.48 26.12 26.12 26.12 26.12 26.12 26.26 26.26 26.26 26.26 26.26 26.26 26.26 99999.90 99999.90 99999.90 99999.90 99999.90 99999.90 99999.90 99999.90 99999.90 99999.90 99999.90 99999.90 99999.90 99999.90 99999.90 99999.90 99999.90 99999.90 99999.90 99999.90 99999.90 99999.90 99999.90 99999.90 99999.90 99999.90 99999.90
23.31 23.34 23.24 22.84 22.95 23.73 24.02 23.97 23.55 23.59 23.98 24.39 24.51 24.51 24.89 24.89 24.89 25.42 25.30 25.21 25.23 25.44 25.68 25.68 25.68 26.09 26.09 26.09 26.09 26.30 26.30 26.30 26.07 26.07 26.11 26.11 26.11 25.48 26.12 26.12 26.12 26.12 26.12 26.12 26.12 26.12 26.12 26.12 99999.90 99999.90 99999.90 99999.90 99999.90 99999.90 99999.90 99999.90 99999.90 99999.90 99999.90 99999.90 99999.90 99999.90 99999.90 99999.90 99999.90 99999.90 99999.90 99999.90 99999.90 99999.90 99999.90 99999.90 99999.90 99999.90 99999.90 99999.90 99999.90
24.02 23.90 23.59 23.15 23.43 23.93 24.73 24.52 23.90 23.88 24.00 24.39 24.39 24.51 24.51 24.89 24.89 25.42 25.30 25.21 25.23 25.44 25.68 25.68 25.68 25.68 26.09 26.09 26.09 26.09 26.30 26.30 26.07 26.07 26.07 26.11 26.11 25.48 25.48 25.48 25.48 25.48 25.48 25.48 99999.90 99999.90 99999.90 99999.90 99999.90 99999.90 99999.90 99999.90 99999.90 99999.90 99999.90 99999.90 99999.90 99999.90 99999.90 99999.90 99999.90 99999.90 99999.90 99999.90 99999.90 99999.90 99999.90 99999.90 99999.90 99999.90 99999.90 99999.90 99999.90 99999.90 99999.90 99999.90 99999.90
24.85 24.69 24.28 23.74 24.21 24.37 25.10 24.67 24.22 24.27 24.00 24.00 24.39 24.39 24.51 24.89 24.89 25.42 25.30 25.21 25.23 25.44 25.68 25.68 25.68 25.68 26.09 26.09 26.09 26.09 26.09 26.30 26.30 26.07 26.07 26.11 26.11 26.11 26.11 26.11 26.11 26.11 99999.90 99999.90 99999.90 99999.90 99999.90 99999.90 99999.90 99999.90 99999.90 99999.90 99999.90 99999.90 99999.90 99999.90 99999.90 99999.90 99999.90 99999.90 99999.90 99999.90 99999.90 99999.90 99999.90 99999.90 99999.90 99999.90 99999.90 99999.90 99999.90 99999.90 99999.90 99999.90 99999.90 99999.90 99999.90
25.04 25.32 24.91 24.58 25.08 24.17 24.93 24.90 24.26 24.33 24.33 24.33 24.00 24.39 24.39 24.51 24.89 24.89 25.30 25.21 25.23 25.44 25.68 25.68 25.68 25.68 25.68 26.09 26.09 26.09 26.09 26.30 26.30 26.07 26.07 26.07 26.07 26.07 26.07 26.07 99999.90 99999.90 99999.90 99999.90 99999.90 99999.90 99999.90 99999.90 99999.90 99999.90 99999.90 99999.90 99999.90 99999.90 99999.90 99999.90 99999.90 99999.90 99999.90 99999.90 99999.90 99999.90 99999.90 99999.90 99999.90 99999.90 99999.90 99999.90 99999.90 99999.90 99999.90 99999.90 99999.90 99999.90 99999.90 99999.90 99999.90
25.22 25.40 25.28 25.13 25.39 24.44 24.80 24.97 24.64 24.33 24.33 24.33 24.33 24.33 24.39 24.39 24.89 24.89 25.30 25.21 25.23 25.44 25.68 25.68 25.68 25.68 25.68 26.09 26.09 26.09 26.09 26.09 26.30 26.30 26.30 26.30 26.30 26.30 99999.90 99999.90 99999.90 99999.90 99999.90 99999.90 99999.90 99999.90 99999.90 99999.90 99999.90 99999.90 99999.90 99999.90 99999.90 99999.90 99999.90 99999.90 99999.90 99999.90 99999.90 99999.90 99999.90 99999.90 99999.90 99999.90 99999.90 99999.90 99999.90 99999.90 99999.90 99999.90 99999.90 99999.90 99999.90 99999.90 99999.90 99999.90 99999.90
25.53 25.47 25.19 25.34 25.32 24.59 24.67 24.53 24.62 24.62 24.62 24.33 24.33 24.33 24.33 24.33 24.39 24.89 25.30 25.21 25.23 25.44 25.68 25.68 25.68 25.68 25.68 25.68 26.09 26.09 26.09 26.09 26.09 26.09 26.04 26.04 99999.90 99999.90 99999.90 99999.90 99999.90 99999.90 99999.90 99999.90 99999.90 99999.90 99999.90 99999.90 99999.90 99999.90 99999.90 99999.90 99999.90 99999.90 99999.90 99999.90 99999.90 99999.90 99999.90 99999.90 99999.90 99999.90 99999.90 99999.90 99999.90 99999.90 99999.90 99999.90 99999.90 99999.90 99999.90 99999.90 99999.90 99999.90 99999.90 99999.90 99999.90
25.81 25.49 25.53 25.42 25.25 24.91 24.85 24.95 24.62 24.62 24.62 24.62 24.62 24.33 24.33 24.33 24.33 24.39 24.89 25.21 25.23 25.44 25.68 25.68 25.68 25.68 25.68 25.68 26.09 26.09 26.09 26.09 26.09 26.09 26.09 99999.90 99999.90 99999.90 99999.90 99999.90 99999.90 99999.90 99999.90 99999.90 99999.90 99999.90 99999.90 99999.90 99999.90 99999.90 99999.90 99999.90 99999.90 99999.90 99999.90 99999.90 99999.90 99999.90 99999.90 99999.90 99999.90 99999.90 99999.90 99999.90 99999.90 99999.90 99999.90 99999.90 99999.90 99999.90 99999.90 99999.90 99999.90 99999.90 99999.90 99999.90 99999.90
25.85 25.64 25.64 25.17 25.19 24.28 24.59 24.95 24.95 24.95 24.62 24.62 24.62 24.62 24.62 24.33 24.33 24.33 24.89 25.21 25.23 25.44 25.68 25.68 25.68 25.68 25.68 25.68 25.68 25.68 25.68 25.68 25.68 99999.90 99999.90 99999.90 99999.90 99999.90 99999.90 99999.90 99999.90 99999.90 99999.90 99999.90 99999.90 99999.90 99999.90 99999.90 99999.90 99999.90 99999.90 99999.90 99999.90 99999.90 99999.90 99999.90 99999.90 99999.90 99999.90 99999.90 99999.90 99999.90 99999.90 99999.90 99999.90 99999.90 99999.90 99999.90 99999.90 99999.90 99999.90 99999.90 99999.90 99999.90 99999.90 99999.90 99999.90
25.75 25.54 25.75 24.96 24.27 24.78 24.23 24.58 24.58 24.58 24.58 24.58 24.62 24.62 24.62 24.62 24.62 24.33 24.33 24.89 24.89 24.89 24.89 24.89 24.89 99999.90 99999.90 99999.90 99999.90 99999.90 99999.90 99999.90 99999.90 99999.90 99999.90 99999.90 99999.90 99999.90 99999.90 99999.90 99999.90 99999.90 99999.90 99999.90 99999.90 99999.90 99999.90 99999.90 99999.90 99999.90 99999.90 99999.90 99999.90 99999.90 99999.90 99999.90 99999.90 99999.90 99999.90 99999.90 99999.90 99999.90 99999.90 99999.90 99999.90 99999.90 99999.90 99999.90 99999.90 99999.90 99999.90 99999.90 99999.90 99999.90 99999.90 99999.90 99999.90
25.74 25.14 25.35 25.38 25.28 24.52 24.90 24.58 24.58 24.58 24.58 24.58 24.58 24.58 24.58 24.62 24.62 24.62 24.62 24.33 24.39 24.51 24.51 99999.90 99999.90 99999.90 99999.90 99999.90 99999.90 99999.90 99999.90 99999.90 99999.90 99999.90 99999.90 99999.90 99999.90 99999.90 99999.90 99999.90 99999.90 99999.90 99999.90 99999.90 99999.90 99999.90 99999.90 99999.90 99999.90 99999.90 99999.90 99999.90 99999.90 99999.90 99999.90 99999.90 99999.90 99999.90 99999.90 99999.90 99999.90 99999.90 99999.90 99999.90 99999.90 99999.90 99999.90 99999.90 99999.90 99999.90 99999.90 99999.90 99999.90 99999.90 99999.90 99999.90 99999.90
25.39 25.19 25.62 25.81 25.61 24.82 24.63 24.63 24.63 24.58 24.58 24.58 24.58 24.58 24.58 24.58 24.58 24.58 24.62 24.33 24.39 24.39 99999.90 99999.90 99999.90 99999.90 99999.90 99999.90 99999.90 99999.90 99999.90 99999.90 99999.90 99999.90 99999.90 99999.90 99999.90 99999.90 99999.90 99999.90 99999.90 99999.90 99999.90 99999.90 99999.90 99999.90 99999.90 99999.90 99999.90 99999.90 99999.90 99999.90 99999.90 99999.90 99999.90 99999.90 99999.90 99999.90 99999.90 99999.90 99999.90 99999.90 99999.90 99999.90 99999.90 99999.90 99999.90 99999.90 99999.90 99999.90 99999.90 99999.90 99999.90 99999.90 99999.90 99999.90 99999.90
25.77 25.72 24.75 24.99 25.43 25.28 24.63 24.63 24.63 24.63 24.63 24.58 24.58 24.58 24.58 24.58 24.58 24.58 24.62 24.33 24.00 99999.90 99999.90 99999.90 99999.90 99999.90 99999.90 99999.90 99999.90 99999.90 99999.90 99999.90 99999.90 99999.90 99999.90 99999.90 99999.90 99999.90 99999.90 99999.90 99999.90 99999.90 99999.90 99999.90 99999.90 99999.90 99999.90 99999.90 99999.90 99999.90 99999.90 99999.90 99999.90 99999.90 99999.90 99999.90 99999.90 99999.90 99999.90 99999.90 99999.90 99999.90 99999.90 99999.90 99999.90 99999.90 99999.90 99999.90 99999.90 99999.90 99999.90 99999.90 99999.90 99999.90 99999.90 99999.90 99999.90
25.70 25.45 24.87 24.15 25.14 25.28 25.28 24.63 24.63 24.63 24.63 24.63 24.63 24.58 24.58 24.58 24.58 24.58 24.62 24.33 99999.90 99999.90 99999.90 99999.90 99999.90 99999.90 99999.90 99999.90 99999.90 99999.90 99999.90 99999.90 99999.90 99999.90 99999.90 99999.90 99999.90 99999.90 99999.90 99999.90 99999.90 99999.90 99999.90 99999.90 99999.90 99999.90 99999.90 99999.90 99999.90 99999.90 99999.90 99999.90 99999.90 99999.90 99999.90 99999.90 99999.90 99999.90 99999.90 99999.90 99999.90 99999.90 99999.90 99999.90 99999.90 99999.90 99999.90 99999.90 99999.90 99999.90 99999.90 99999.90 99999.90 99999.90 99999.90 99999.90 99999.90
25.63 25.43 25.51 24.15 25.14 25.14 25.28 25.28 24.63 24.63 24.63 24.63 24.63 24.63 24.63 24.58 24.58 24.58 24.62 24.33 99999.90 99999.90 99999.90 99999.90 99999.90 99999.90 99999.90 99999.90 99999.90 99999.90 99999.90 99999.90 99999.90 99999.90 99999.90 99999.90 99999.90 99999.90 99999.90 99999.90 99999.90 99999.90 99999.90 99999.90 99999.90 99999.90 99999.90 99999.90 99999.90 99999.90 99999.90 99999.90 99999.90 99999.90 99999.90 99999.90 99999.90 99999.90 99999.90 99999.90 99999.90 99999.90 99999.90 99999.90 99999.90 99999.90 99999.90 99999.90 99999.90 99999.90 99999.90 99999.90 99999.90 99999.90 99999.90 99999.90 99999.90
25.84 25.82 25.62 25.62 25.14 25.14 25.14 25.28 25.28 24.63 24.63 24.63 24.63 24.63 24.63 24.63 24.63 24.58 24.62 99999.90 99999.90 99999.90 99999.90 99999.90 99999.90 99999.90 99999.90 99999.90 99999.90 99999.90 99999.90 99999.90 99999.90 99999.90 99999.90 99999.90 99999.90 99999.90 99999.90 99999.90 99999.90 99999.90 99999.90 99999.90 99999.90 99999.90 99999.90 99999.90 99999.90 99999.90 99999.90 99999.90 99999.90 99999.90 99999.90 99999.90 99999.90 99999.90 99999.90 99999.90 99999.90 99999.90 99999.90 99999.90 99999.90 99999.90 99999.90 99999.90 99999.90 99999.90 99999.90 99999.90 99999.90 99999.90 99999.90 99999.90 99999.90
25.58 25.54 25.69 25.69 25.69 25.69 25.14 25.14 25.28 25.28 24.63 24.63 24.63 24.63 24.63 24.63 24.63 24.58 24.62 99999.90 99999.90 99999.90 99999.90 99999.90 99999.90 99999.90 99999.90 99999.90 99999.90 99999.90 99999.90 99999.90 99999.90 99999.90 99999.90 99999.90 99999.90 99999.90 99999.90 99999.90 99999.90 99999.90 99999.90 99999.90 99999.90 99999.90 99999.90 99999.90 99999.90 99999.90 99999.90 99999.90 99999.90 99999.90 99999.90 99999.90 99999.90 99999.90 99999.90 99999.90 99999.90 99999.90 99999.90 99999.90 99999.90 99999.90 99999.90 99999.90 99999.90 99999.90 99999.90 99999.90 99999.90 99999.90 99999.90 99999.90 99999.90
