main/data/irradiance/19.08.2023.grid
ncols 839
nrows 679
xllcenter 112.0500
yllcenter -43.9500
cellsize 0.0500
nodata_value 99999.90
[rows 204 to 237 of 679, columns 231 to 307 of 839]
20.88 20.77 20.78 20.86 20.93 21.01 21.02 20.96 20.93 20.90 20.93 20.83 20.93 20.92 20.92 20.91 20.97 20.90 20.86 20.88 20.90 20.92 20.89 20.05 19.81 20.01 20.06 20.26 20.30 20.39 20.05 20.15 20.79 20.82 20.79 20.80 20.77 20.72 20.71 20.70 20.73 20.70 20.75 20.78 20.75 20.70 20.72 20.72 20.74 20.75 20.72 20.75 20.76 20.76 20.73 20.75 20.77 20.77 20.74 20.73 20.72 20.76 20.79 20.79 20.79 20.79 20.78 20.78 20.75 20.75 20.75 20.74 20.75 20.74 20.71 20.48 20.71
20.88 20.82 20.78 20.84 20.85 20.92 20.93 20.91 20.92 20.85 20.93 20.97 20.91 20.87 20.89 20.91 20.94 20.91 20.85 20.83 20.86 20.86 20.83 20.60 19.93 19.98 20.26 20.02 20.00 20.58 20.46 20.13 20.26 20.64 20.68 20.74 20.78 20.65 20.75 20.70 20.70 20.68 20.72 20.73 20.71 20.69 20.69 20.70 20.73 20.72 20.70 20.73 20.74 20.75 20.72 20.72 20.75 20.78 20.76 20.72 20.72 20.74 20.74 20.79 20.79 20.75 20.79 20.78 20.76 20.71 20.70 20.75 20.75 20.75 20.76 20.67 20.63
20.85 20.80 20.80 20.76 20.74 20.76 20.87 20.92 20.91 20.84 20.84 20.85 20.84 20.83 20.85 20.88 20.88 20.83 20.80 20.77 20.77 20.76 20.76 20.79 20.75 20.58 20.67 20.32 20.20 20.11 20.41 20.09 20.34 20.40 20.70 20.61 20.72 20.71 20.71 20.68 20.67 20.67 20.68 20.69 20.66 20.64 20.65 20.64 20.70 20.69 20.69 20.71 20.71 20.71 20.72 20.72 20.75 20.76 20.72 20.65 20.69 20.71 20.71 20.71 20.74 20.74 20.75 20.75 20.75 20.71 20.67 20.72 20.76 20.79 20.75 20.77 20.73
20.88 20.89 20.90 20.78 20.82 20.83 20.78 20.83 20.82 20.82 20.79 20.81 20.84 20.75 20.88 20.85 20.88 20.86 20.82 20.79 20.74 20.80 20.78 20.82 20.84 20.79 20.80 20.80 20.75 20.54 20.38 20.39 20.09 20.32 20.44 20.51 20.66 20.67 20.69 20.73 20.74 20.72 20.72 20.71 20.72 20.67 20.65 20.67 20.70 20.68 20.69 20.72 20.71 20.69 20.69 20.68 20.71 20.71 20.71 20.71 20.68 20.71 20.76 20.74 20.73 20.74 20.74 20.76 20.75 20.73 20.73 20.75 20.81 20.82 20.82 20.85 20.85
20.87 20.80 20.79 20.73 20.70 20.74 20.80 20.75 20.74 20.84 20.83 20.82 20.84 20.73 20.79 20.69 20.71 20.78 20.75 20.75 20.76 20.77 20.77 20.76 20.78 20.78 20.78 20.82 20.78 20.75 20.73 20.72 20.77 20.70 20.68 20.67 20.67 20.66 20.67 20.71 20.76 20.70 20.68 20.64 20.64 20.64 20.66 20.63 20.61 20.63 20.66 20.67 20.69 20.69 20.70 20.68 20.66 20.69 20.71 20.71 20.70 20.73 20.73 20.73 20.71 20.73 20.73 20.74 20.69 20.73 20.69 20.75 20.77 20.73 20.79 20.85 20.83
20.88 20.85 20.72 20.70 20.69 20.73 20.78 20.74 20.76 20.82 20.87 20.81 20.83 20.86 20.87 20.85 20.82 20.83 20.79 20.74 20.75 20.72 20.71 20.68 20.71 20.73 20.71 20.73 20.73 20.75 20.74 20.69 20.69 20.74 20.69 20.65 20.66 20.66 20.64 20.67 20.68 20.65 20.63 20.61 20.58 20.62 20.65 20.64 20.60 20.59 20.62 20.64 20.66 20.66 20.66 20.65 20.67 20.66 20.67 20.68 20.71 20.72 20.74 20.75 20.73 20.77 20.76 20.68 20.69 20.72 20.76 20.57 20.72 20.74 20.72 20.73 20.77
20.78 20.82 20.82 20.73 20.74 20.85 20.84 20.84 20.82 20.85 20.88 20.84 20.86 20.84 20.86 20.84 20.82 20.80 20.78 20.82 20.83 20.67 20.19 20.28 20.52 20.49 20.50 20.68 20.71 20.73 20.75 20.86 20.76 20.71 20.67 20.63 20.63 20.64 20.62 20.65 20.64 20.65 20.62 20.64 20.66 20.61 20.62 20.64 20.62 20.57 20.60 20.63 20.64 20.66 20.66 20.67 20.68 20.58 20.59 20.66 20.68 20.69 20.75 20.75 20.74 20.76 20.77 20.71 20.69 20.74 20.78 20.78 20.72 20.66 20.66 20.63 20.71
20.64 20.69 20.76 20.78 20.80 20.87 20.81 20.84 20.87 20.87 20.81 20.70 20.73 20.75 20.70 20.70 20.78 20.83 20.75 20.77 20.75 20.42 19.99 20.14 20.21 19.83 20.17 20.61 20.74 20.76 20.78 20.81 20.77 20.72 20.71 20.71 20.65 20.63 20.60 20.61 20.61 20.61 20.60 20.66 20.62 20.61 20.61 20.63 20.61 20.59 20.59 20.60 20.63 20.64 20.62 20.63 20.63 20.61 20.58 20.62 20.65 20.68 20.71 20.75 20.77 20.76 20.73 20.68 20.71 20.73 20.75 20.74 20.71 20.68 20.68 20.70 20.70
20.60 20.61 20.63 20.65 20.67 20.67 20.68 20.68 20.69 20.68 20.76 20.82 20.80 20.71 20.66 20.68 20.77 20.74 20.77 20.74 20.74 20.54 19.84 19.84 20.22 20.24 20.37 20.19 20.46 20.63 20.74 20.74 20.66 20.51 20.63 20.61 20.67 20.65 20.60 20.61 20.60 20.60 20.57 20.62 20.61 20.60 20.59 20.62 20.62 20.59 20.59 20.61 20.62 20.61 20.57 20.60 20.61 20.59 20.56 20.58 20.61 20.68 20.68 20.66 20.74 20.74 20.71 20.72 20.75 20.73 20.80 20.71 20.70 20.65 20.68 20.69 20.66
20.59 20.58 20.57 20.60 20.65 20.63 20.65 20.67 20.65 20.64 20.68 20.68 20.67 20.65 20.66 20.72 20.80 20.77 20.75 20.67 20.71 20.67 20.34 20.19 20.18 19.97 20.10 20.12 19.93 20.56 20.64 20.51 20.48 20.57 20.64 20.59 20.61 20.61 20.61 20.60 20.59 20.57 20.58 20.63 20.64 20.61 20.58 20.59 20.59 20.58 20.59 20.60 20.57 20.52 20.58 20.59 20.58 20.56 20.54 20.56 20.58 20.63 20.65 20.64 20.65 20.68 20.64 20.66 20.72 20.71 20.74 20.75 20.72 20.71 20.69 20.68 20.67
20.60 20.60 20.62 20.63 20.69 20.60 20.64 20.69 20.61 20.64 20.64 20.63 20.65 20.63 20.65 20.64 20.79 20.72 20.69 20.69 20.63 20.61 20.59 20.51 20.51 20.22 20.13 20.34 20.24 20.69 20.68 20.52 20.61 20.66 20.61 20.60 20.59 20.61 20.63 20.63 20.62 20.61 20.63 20.62 20.63 20.63 20.58 20.56 20.55 20.58 20.58 20.58 20.54 20.55 20.57 20.57 20.57 20.57 20.58 20.59 20.56 20.58 20.61 20.65 20.65 20.66 20.64 20.66 20.67 20.66 20.65 20.63 20.57 20.64 20.62 20.62 20.64
20.63 20.61 20.60 20.59 20.63 20.72 20.72 20.71 20.63 20.62 20.63 20.64 20.66 20.63 20.60 20.64 20.67 20.62 20.62 20.71 20.62 20.56 20.48 20.16 20.56 20.42 20.38 20.07 20.21 20.53 20.68 20.64 20.62 20.64 20.60 20.55 20.54 20.57 20.57 20.56 20.57 20.59 20.59 20.59 20.60 20.60 20.58 20.56 20.53 20.55 20.59 20.59 20.56 20.55 20.57 20.55 20.56 20.58 20.58 20.58 20.58 20.57 20.59 20.61 20.64 20.62 20.64 20.65 20.66 20.66 20.64 20.58 20.62 20.59 20.59 20.62 20.63
20.55 20.59 20.59 20.62 20.68 20.79 20.77 20.71 20.64 20.58 20.59 20.60 20.61 20.60 20.59 20.63 20.57 20.58 20.68 20.71 20.66 20.64 20.50 20.28 20.23 20.15 20.50 20.29 20.08 20.43 20.30 20.59 20.61 20.60 20.57 20.52 20.55 20.52 20.54 20.56 20.59 20.60 20.59 20.60 20.61 20.58 20.57 20.53 20.50 20.52 20.57 20.57 20.56 20.55 20.57 20.58 20.55 20.56 20.57 20.56 20.57 20.55 20.58 20.61 20.61 20.58 20.60 20.56 20.53 20.52 20.58 20.61 20.60 20.59 20.57 20.63 20.64
20.57 20.58 20.57 20.56 20.58 20.65 20.67 20.65 20.58 20.56 20.55 20.55 20.57 20.59 20.60 20.62 20.55 20.52 20.60 20.65 20.61 20.60 20.61 20.57 20.30 20.21 20.27 20.21 20.10 20.13 19.99 20.40 20.62 20.60 20.61 20.53 20.54 20.53 20.54 20.54 20.55 20.58 20.56 20.60 20.57 20.56 20.54 20.53 20.52 20.54 20.55 20.57 20.55 20.54 20.53 20.57 20.56 20.53 20.57 20.57 20.56 20.57 20.55 20.57 20.57 20.58 20.44 20.45 20.47 20.58 20.62 20.62 20.55 20.65 20.60 20.64 20.63
20.62 20.61 20.56 20.57 20.61 20.61 20.61 20.56 20.53 20.53 20.54 20.56 20.56 20.62 20.68 20.64 20.58 20.55 20.55 20.50 20.56 20.59 20.55 20.56 20.54 20.27 20.15 20.34 20.35 20.32 20.18 20.51 20.58 20.57 20.58 20.55 20.52 20.52 20.52 20.54 20.57 20.55 20.51 20.56 20.55 20.55 20.56 20.56 20.57 20.56 20.56 20.53 20.55 20.54 20.52 20.56 20.56 20.54 20.53 20.53 20.54 20.53 20.55 20.57 20.58 20.56 20.55 20.57 20.58 20.59 20.62 20.63 20.54 20.60 20.61 20.63 20.59
20.62 20.60 20.60 20.61 20.62 20.77 20.56 20.54 20.55 20.56 20.59 20.58 20.57 20.62 20.68 20.71 20.62 20.56 20.55 20.55 20.58 20.52 20.52 20.59 20.41 20.51 20.36 20.28 20.11 20.54 20.53 20.52 20.54 20.55 20.55 20.51 20.52 20.54 20.51 20.52 20.54 20.53 20.54 20.55 20.58 20.56 20.56 20.57 20.58 20.57 20.56 20.54 20.55 20.56 20.56 20.58 20.57 20.58 20.53 20.50 20.47 20.47 20.50 20.53 20.54 20.37 20.39 20.49 20.58 20.58 20.60 20.61 20.60 20.60 20.60 20.62 20.58
20.57 20.55 20.62 20.64 20.63 20.79 20.52 20.52 20.53 20.52 20.57 20.59 20.64 20.56 20.59 20.60 20.54 20.54 20.48 20.51 20.55 20.52 20.55 20.51 20.50 20.51 20.51 20.48 20.50 20.51 20.50 20.49 20.52 20.54 20.54 20.51 20.52 20.55 20.56 20.56 20.55 20.53 20.55 20.55 20.56 20.55 20.54 20.57 20.55 20.58 20.60 20.59 20.56 20.56 20.57 20.59 20.56 20.57 20.56 20.50 20.47 20.48 20.48 20.50 20.51 20.51 20.51 20.53 20.55 20.57 20.59 20.59 20.59 20.58 20.57 20.56 20.54
20.50 20.55 20.57 20.56 20.72 20.75 20.74 20.72 20.72 20.68 20.67 20.57 20.57 20.65 20.66 20.62 20.54 20.42 20.44 20.49 20.52 20.54 20.53 20.52 20.49 20.48 20.46 20.44 20.48 20.48 20.48 20.48 20.50 20.53 20.54 20.49 20.50 20.54 20.52 20.50 20.53 20.52 20.52 20.53 20.53 20.54 20.53 20.53 20.57 20.59 20.60 20.59 20.58 20.59 20.56 20.59 20.55 20.53 20.52 20.50 20.48 20.47 20.45 20.45 20.47 20.47 20.48 20.50 20.51 20.56 20.57 20.51 20.53 20.58 20.59 20.42 20.48
20.49 20.51 20.60 20.64 20.63 20.68 20.62 20.65 20.57 20.52 20.47 20.51 20.55 20.51 20.56 20.64 20.54 20.31 20.25 20.47 20.45 20.47 20.50 20.45 20.49 20.49 20.46 20.42 20.43 20.42 20.45 20.42 20.45 20.47 20.49 20.47 20.48 20.50 20.52 20.53 20.52 20.49 20.51 20.48 20.54 20.54 20.54 20.54 20.56 20.59 20.60 20.57 20.56 20.56 20.56 20.53 20.51 20.49 20.50 20.47 20.49 20.48 20.47 20.43 20.44 20.45 20.47 20.49 20.50 20.49 20.49 20.52 20.51 20.55 20.52 20.50 20.47
20.49 20.59 20.61 20.64 20.65 20.63 20.58 20.51 20.48 20.46 20.44 20.44 20.44 20.44 20.45 20.49 20.58 20.52 20.26 19.47 20.43 20.46 20.42 20.44 20.43 20.45 20.44 20.42 20.40 20.40 20.41 20.41 20.41 20.45 20.47 20.45 20.46 20.48 20.50 20.54 20.54 20.51 20.48 20.50 20.53 20.53 20.52 20.50 20.52 20.57 20.58 20.56 20.52 20.49 20.52 20.51 20.48 20.49 20.48 20.46 20.47 20.45 20.47 20.43 20.43 20.44 20.45 20.46 20.47 20.49 20.47 20.52 20.55 20.53 20.40 20.49 20.41
20.62 20.62 20.61 20.60 20.56 20.51 20.50 20.51 20.49 20.48 20.44 20.43 20.44 20.44 20.43 20.43 20.43 20.46 20.43 19.77 19.65 20.48 20.42 20.43 20.44 20.38 20.41 20.40 20.40 20.41 20.39 20.39 20.39 20.42 20.44 20.44 20.44 20.44 20.42 20.47 20.44 20.46 20.50 20.52 20.52 20.51 20.50 20.49 20.50 20.52 20.53 20.51 20.50 20.47 20.47 20.49 20.46 20.45 20.45 20.47 20.47 20.44 20.43 20.42 20.43 20.45 20.46 20.46 20.47 20.45 20.48 20.54 20.55 20.52 20.50 20.48 20.34
20.59 20.58 20.53 20.51 20.47 20.46 20.47 20.47 20.55 20.56 20.53 20.45 20.46 20.45 20.41 20.40 20.40 20.42 20.40 20.33 19.81 20.45 20.43 20.31 19.32 20.30 20.39 20.40 20.40 20.38 20.39 20.39 20.39 20.39 20.41 20.40 20.41 20.38 20.43 20.44 20.42 20.43 20.46 20.49 20.49 20.47 20.33 20.53 20.50 20.47 20.47 20.46 20.49 20.48 20.48 20.44 20.39 20.44 20.44 20.42 20.43 20.43 20.41 20.40 20.41 20.38 20.39 20.40 20.41 20.44 20.44 20.45 20.50 20.50 20.49 20.47 20.48
20.54 20.47 20.47 20.44 20.42 20.40 20.39 20.40 20.46 20.55 20.59 20.56 20.54 20.45 20.39 20.38 20.39 20.38 20.38 20.37 20.38 19.20 19.03 17.47 16.97 18.13 20.15 19.20 19.74 19.95 20.35 20.35 20.36 20.37 20.40 20.40 20.38 20.38 20.40 20.40 20.41 20.42 20.41 20.46 20.46 20.45 20.50 20.51 20.50 20.44 20.43 20.46 20.48 20.46 20.45 20.40 20.40 20.42 20.42 20.38 20.40 20.42 20.42 20.39 20.38 20.37 20.38 20.39 20.40 20.43 20.45 20.45 20.45 20.46 20.44 20.39 20.44
20.43 20.40 20.39 20.37 20.35 20.36 20.38 20.39 20.40 20.37 20.37 20.42 20.48 20.44 20.39 20.38 20.37 20.39 20.38 20.25 19.18 16.93 18.88 19.87 20.35 20.27 20.08 18.93 19.25 19.56 19.78 18.81 19.73 20.34 20.37 20.37 20.38 20.38 20.37 20.39 20.38 20.35 20.36 20.40 20.41 20.43 20.44 20.42 20.46 20.45 20.44 20.48 20.44 20.43 20.42 20.38 20.41 20.43 20.43 20.40 20.39 20.44 20.44 20.40 20.36 20.36 20.37 20.35 20.36 20.39 20.45 20.45 20.45 20.44 20.43 20.42 20.40
20.38 20.36 20.34 20.36 20.35 20.35 20.36 20.38 20.35 20.35 20.34 20.36 20.38 20.41 20.37 20.30 20.21 19.63 18.82 18.39 19.55 20.23 20.40 20.38 20.42 20.39 20.37 20.31 20.20 18.96 19.97 20.27 19.86 18.11 18.76 20.19 20.36 20.35 20.36 20.38 20.36 20.36 20.36 20.38 20.38 20.38 20.40 20.41 20.38 20.39 20.40 20.37 20.39 20.37 20.38 20.39 20.42 20.44 20.42 20.40 20.37 20.40 20.40 20.37 20.36 20.36 20.37 20.36 20.38 20.38 20.41 20.43 20.43 20.40 20.39 20.39 20.39
20.37 20.39 20.40 20.36 20.34 20.36 20.37 20.35 20.33 20.32 20.36 20.41 20.38 20.37 20.06 18.54 18.72 19.99 20.46 20.41 20.36 20.35 20.34 20.33 20.34 20.39 20.36 20.33 20.33 20.33 20.32 20.32 20.32 19.99 18.66 19.09 20.30 20.35 20.42 20.34 20.35 20.33 20.32 20.35 20.36 20.36 20.36 20.34 20.33 20.35 20.35 20.32 20.34 20.34 20.34 20.38 20.41 20.39 20.39 20.38 20.37 20.38 20.38 20.37 20.35 20.34 20.34 20.34 20.37 20.34 20.35 20.38 20.37 20.37 20.35 20.37 20.36
20.33 20.31 20.31 20.31 20.32 20.31 20.28 20.29 20.32 20.32 20.34 20.34 20.31 20.31 20.40 20.41 20.45 20.54 20.45 20.35 20.31 20.36 20.32 20.31 20.30 20.32 20.32 20.31 20.32 20.32 20.31 20.32 20.31 20.29 20.31 20.28 20.20 20.18 20.47 20.35 20.32 20.32 20.31 20.34 20.36 20.35 20.38 20.37 20.35 20.33 20.31 20.32 20.29 20.30 20.33 20.36 20.36 20.33 20.36 20.36 20.36 20.36 20.35 20.32 20.33 20.32 20.35 20.36 20.36 20.34 20.35 20.34 20.36 20.34 20.32 20.33 20.33
20.29 20.28 20.27 20.26 20.26 20.29 20.27 20.26 20.25 20.31 20.29 20.30 20.34 20.36 20.38 20.33 20.32 20.34 20.34 20.33 20.29 20.31 20.31 20.29 20.28 20.29 20.28 20.31 20.30 20.28 20.29 20.27 20.29 20.30 20.29 20.29 20.29 20.28 20.27 20.30 20.28 20.28 20.30 20.31 20.33 20.37 20.35 20.34 20.29 20.29 20.29 20.28 20.27 20.28 20.31 20.34 20.36 20.33 20.34 20.33 20.33 20.33 20.31 20.30 20.30 20.31 20.30 20.31 20.33 20.33 20.33 20.31 20.31 20.30 20.28 20.30 20.28
20.32 20.27 20.25 20.24 20.24 20.28 20.26 20.32 20.29 20.26 20.26 20.30 20.34 20.33 20.32 20.31 20.32 20.30 20.33 20.32 20.27 20.28 20.28 20.28 20.26 20.27 20.26 20.28 20.35 20.33 20.33 20.31 20.29 19.96 19.65 20.08 20.08 20.30 20.24 20.07 20.24 20.29 20.30 20.30 20.31 20.34 20.32 20.29 20.29 20.29 20.29 20.29 20.29 20.28 20.30 20.33 20.32 20.33 20.34 20.31 20.31 20.30 20.29 20.28 20.26 20.27 20.28 20.31 20.31 20.31 20.32 20.31 20.30 20.29 20.29 20.30 20.30
20.27 20.25 20.21 20.24 20.27 20.33 20.28 20.28 20.25 20.25 20.26 20.27 20.28 20.27 20.28 20.29 20.29 20.29 20.31 20.32 20.32 20.27 20.27 20.24 20.23 20.25 20.29 20.30 20.34 20.45 20.40 20.37 20.36 20.16 19.81 19.86 20.05 20.24 20.31 20.29 20.14 19.95 20.25 20.16 20.30 20.30 20.32 20.31 20.28 20.26 20.26 20.27 20.29 20.28 20.30 20.31 20.28 20.33 20.31 20.32 20.29 20.32 20.31 20.28 20.26 20.25 20.28 20.29 20.29 20.28 20.28 20.28 20.29 20.28 20.27 20.28 20.27
20.23 20.22 20.12 20.26 20.31 20.31 20.33 20.27 20.23 20.25 20.23 20.23 20.24 20.28 20.29 20.29 20.28 20.27 20.29 20.28 20.27 20.26 20.25 20.26 20.24 20.21 20.26 20.27 20.31 20.29 20.35 20.32 20.26 20.19 20.25 20.24 19.96 20.14 20.28 20.29 20.28 20.22 20.18 20.13 20.28 20.26 20.28 20.27 20.26 20.26 20.25 20.25 20.29 20.29 20.29 20.28 20.30 20.27 20.28 20.28 20.29 20.28 20.27 20.27 20.27 20.27 20.27 20.27 20.26 20.24 20.25 20.25 20.25 20.23 20.13 20.25 20.27
20.22 20.19 20.16 20.20 20.22 20.23 20.21 20.21 20.21 20.23 20.21 20.21 20.22 20.24 20.25 20.25 20.28 20.28 20.28 20.26 20.25 20.22 20.25 20.23 20.24 20.21 20.22 20.29 20.33 20.30 20.26 20.25 20.14 19.86 19.95 20.21 20.11 19.84 20.08 20.19 20.26 20.27 20.27 20.22 20.16 20.21 20.27 20.26 20.27 20.25 20.26 20.24 20.26 20.26 20.26 20.28 20.26 20.26 20.26 20.27 20.27 20.24 20.25 20.25 20.24 20.27 20.27 20.25 20.25 20.24 20.23 20.22 20.22 20.23 20.17 20.08 20.24
20.19 20.18 20.16 20.13 20.19 20.21 20.22 20.19 20.19 20.19 20.20 20.20 20.18 20.20 20.21 20.21 20.23 20.26 20.25 20.23 20.24 20.22 20.20 20.23 20.21 20.20 20.22 20.30 20.30 20.26 20.24 20.23 19.86 19.89 19.90 19.88 19.75 20.18 20.26 20.24 20.26 20.25 20.26 20.28 20.24 20.22 20.18 20.20 20.24 20.24 20.24 20.26 20.25 20.24 20.21 20.22 20.24 20.25 20.24 20.23 20.25 20.26 20.26 20.26 20.26 20.27 20.26 20.25 20.24 20.23 20.21 20.21 20.21 20.21 20.21 20.20 19.85
20.16 20.15 20.16 20.10 20.15 20.15 20.21 20.18 20.17 20.17 20.17 20.17 20.18 20.18 20.19 20.20 20.21 20.20 20.22 20.22 20.22 20.22 20.18 20.20 20.20 20.19 20.17 20.18 20.22 20.20 20.21 20.23 20.10 20.11 20.17 19.70 19.69 19.82 20.20 20.21 20.19 19.96 20.09 20.21 20.26 20.27 20.23 20.12 20.11 20.11 20.18 20.22 20.20 20.19 20.20 20.21 20.20 20.22 20.23 20.22 20.21 20.22 20.23 20.24 20.25 20.25 20.24 20.25 20.23 20.22 20.21 20.22 20.20 20.21 20.19 20.17 20.20
