main/data/irradiance/19.03.2023.grid
ncols 839
nrows 679
xllcenter 112.0500
yllcenter -43.9500
cellsize 0.0500
nodata_value 99999.90
[rows 68 to 101 of 679, columns 231 to 307 of 839]
99999.90 99999.90 99999.90 99999.90 99999.90 99999.90 99999.90 99999.90 99999.90 99999.90 99999.90 99999.90 99999.90 99999.90 99999.90 99999.90 99999.90 99999.90 99999.90 99999.90 99999.90 99999.90 99999.90 99999.90 99999.90 99999.90 99999.90 99999.90 99999.90 99999.90 99999.90 99999.90 99999.90 99999.90 99999.90 99999.90 99999.90 99999.90 99999.90 99999.90 20.01 20.01 20.01 20.01 20.01 20.01 20.01 20.01 20.01 20.01 20.01 20.01 20.01 20.01 20.01 20.01 14.86 14.86 14.86 14.86 14.86 14.86 14.86 14.86 14.86 14.86 13.49 13.42 13.42 13.42 13.42 13.42 13.42 13.42 13.42 13.18 13.18
99999.90 99999.90 99999.90 99999.90 99999.90 99999.90 99999.90 99999.90 99999.90 99999.90 99999.90 99999.90 99999.90 99999.90 99999.90 99999.90 99999.90 99999.90 99999.90 99999.90 99999.90 99999.90 99999.90 99999.90 99999.90 99999.90 99999.90 99999.90 99999.90 99999.90 99999.90 99999.90 99999.90 99999.90 99999.90 99999.90 99999.90 99999.90 99999.90 99999.90 20.01 20.01 20.01 20.01 20.01 20.01 20.01 20.01 20.01 20.01 20.01 20.01 20.01 20.01 20.01 20.01 14.86 14.86 14.86 14.86 14.86 14.86 14.86 14.86 14.86 14.86 13.49 13.42 13.42 13.42 13.42 13.42 13.42 13.42 11.73 13.18 13.18
99999.90 99999.90 99999.90 99999.90 99999.90 99999.90 99999.90 99999.90 99999.90 99999.90 99999.90 99999.90 99999.90 99999.90 99999.90 99999.90 99999.90 99999.90 99999.90 99999.90 99999.90 99999.90 99999.90 99999.90 99999.90 99999.90 99999.90 99999.90 99999.90 99999.90 99999.90 99999.90 99999.90 99999.90 99999.90 99999.90 99999.90 99999.90 19.23 19.23 20.01 20.01 20.01 20.01 20.01 20.01 20.01 20.01 20.01 20.01 20.01 20.01 20.01 20.01 20.01 20.01 14.86 14.86 14.86 14.86 14.86 14.86 14.86 14.86 14.86 14.86 13.49 13.42 13.42 13.42 13.42 13.42 13.42 13.42 11.73 13.18 13.18
99999.90 99999.90 99999.90 99999.90 99999.90 99999.90 99999.90 99999.90 99999.90 99999.90 99999.90 99999.90 99999.90 99999.90 99999.90 99999.90 99999.90 99999.90 99999.90 99999.90 99999.90 99999.90 99999.90 99999.90 99999.90 99999.90 99999.90 99999.90 99999.90 99999.90 99999.90 99999.90 99999.90 99999.90 99999.90 99999.90 99999.90 99999.90 19.23 19.23 19.23 20.01 20.01 20.01 20.01 20.01 20.01 20.01 20.01 20.01 20.01 20.01 20.01 20.01 20.01 20.01 14.86 14.86 14.86 14.86 14.86 14.86 14.86 14.86 14.86 14.86 13.49 13.42 13.42 13.42 13.42 13.42 13.42 11.73 11.73 13.18 13.18
99999.90 99999.90 99999.90 99999.90 99999.90 99999.90 99999.90 99999.90 99999.90 99999.90 99999.90 99999.90 99999.90 99999.90 99999.90 99999.90 99999.90 99999.90 99999.90 99999.90 99999.90 99999.90 99999.90 99999.90 99999.90 99999.90 99999.90 99999.90 99999.90 99999.90 99999.90 99999.90 99999.90 99999.90 99999.90 99999.90 99999.90 99999.90 19.23 19.23 19.23 19.23 20.01 20.01 20.01 20.01 20.01 20.01 20.01 20.01 20.01 20.01 20.01 20.01 20.01 20.01 15.66 14.86 14.86 14.86 14.86 14.86 14.86 14.86 14.86 14.86 13.49 13.42 13.42 13.42 13.42 13.42 11.32 11.73 11.73 13.18 13.18
99999.90 99999.90 99999.90 99999.90 99999.90 99999.90 99999.90 99999.90 99999.90 99999.90 99999.90 99999.90 99999.90 99999.90 99999.90 99999.90 99999.90 99999.90 99999.90 99999.90 99999.90 99999.90 99999.90 99999.90 99999.90 99999.90 99999.90 99999.90 99999.90 99999.90 99999.90 99999.90 99999.90 99999.90 99999.90 99999.90 99999.90 99999.90 19.23 19.23 19.23 19.23 19.23 20.01 20.01 20.01 20.01 20.01 20.01 20.01 20.01 20.01 20.01 20.01 20.01 20.01 15.66 15.97 14.86 14.86 14.86 14.86 14.86 14.86 14.86 14.86 13.49 13.42 13.42 13.42 13.42 11.32 11.32 11.73 11.73 13.18 13.18
99999.90 99999.90 99999.90 99999.90 99999.90 99999.90 99999.90 99999.90 99999.90 99999.90 99999.90 99999.90 99999.90 99999.90 99999.90 99999.90 99999.90 99999.90 99999.90 99999.90 99999.90 99999.90 99999.90 99999.90 99999.90 99999.90 99999.90 99999.90 99999.90 99999.90 99999.90 99999.90 99999.90 99999.90 99999.90 99999.90 99999.90 99999.90 19.23 19.23 19.23 19.23 19.23 19.23 20.01 20.01 20.01 20.01 20.01 20.01 20.01 20.01 20.01 20.01 20.01 15.66 15.66 15.97 14.86 14.86 14.86 14.86 14.86 14.86 14.86 14.86 13.49 13.42 13.42 13.42 11.32 11.32 11.73 11.73 11.73 13.18 13.18
99999.90 99999.90 99999.90 99999.90 99999.90 99999.90 99999.90 99999.90 99999.90 99999.90 99999.90 99999.90 99999.90 99999.90 99999.90 99999.90 99999.90 99999.90 99999.90 99999.90 99999.90 99999.90 99999.90 99999.90 99999.90 99999.90 99999.90 99999.90 99999.90 99999.90 20.06 20.06 20.06 20.06 20.06 20.06 20.06 20.06 20.06 20.06 19.23 19.23 19.23 19.23 19.23 20.01 20.01 20.01 20.01 20.01 20.01 20.01 20.01 20.01 20.01 15.66 15.66 15.97 15.97 14.86 14.86 14.86 14.86 14.86 14.86 14.86 13.49 13.42 13.42 11.32 11.32 11.05 11.73 11.73 11.73 13.18 13.18
99999.90 99999.90 99999.90 99999.90 99999.90 99999.90 99999.90 99999.90 99999.90 99999.90 99999.90 99999.90 99999.90 99999.90 99999.90 99999.90 99999.90 99999.90 99999.90 99999.90 99999.90 99999.90 99999.90 99999.90 99999.90 99999.90 99999.90 99999.90 99999.90 99999.90 20.06 20.06 20.06 20.06 20.06 20.06 20.06 20.06 20.06 20.06 19.23 19.23 19.23 19.23 19.23 19.23 20.01 20.01 20.01 20.01 20.01 20.01 20.01 20.01 20.01 15.66 15.66 15.97 15.97 15.97 14.96 14.96 14.96 14.96 14.96 14.13 13.71 12.35 11.32 11.32 11.05 11.05 11.73 11.73 11.73 13.18 13.18
99999.90 99999.90 99999.90 99999.90 99999.90 99999.90 99999.90 99999.90 99999.90 99999.90 99999.90 99999.90 99999.90 99999.90 99999.90 99999.90 99999.90 99999.90 99999.90 99999.90 99999.90 99999.90 99999.90 99999.90 99999.90 99999.90 99999.90 99999.90 99999.90 99999.90 20.06 20.06 20.06 20.06 20.06 20.06 20.06 20.06 20.06 20.06 20.06 19.23 19.23 19.23 19.23 19.23 19.23 20.01 20.01 20.01 20.01 20.01 20.01 20.01 15.66 15.66 15.66 15.97 15.97 15.97 14.96 14.96 14.96 14.96 14.96 14.39 13.82 13.25 11.02 11.05 11.05 11.05 11.73 11.73 11.73 13.18 13.18
99999.90 99999.90 99999.90 99999.90 99999.90 99999.90 99999.90 99999.90 99999.90 99999.90 99999.90 99999.90 99999.90 99999.90 99999.90 99999.90 99999.90 99999.90 99999.90 99999.90 99999.90 99999.90 99999.90 99999.90 99999.90 99999.90 99999.90 99999.90 99999.90 99999.90 20.06 20.06 20.06 20.06 20.06 20.06 20.06 20.06 20.06 20.06 20.06 18.81 19.23 19.23 19.23 19.23 19.23 19.23 20.01 20.01 20.01 20.01 20.01 16.25 15.66 15.66 15.66 15.97 15.97 15.97 15.97 15.42 13.95 13.95 14.90 14.90 14.53 13.54 11.58 11.63 11.63 12.59 11.73 11.73 11.73 13.18 13.18
99999.90 99999.90 99999.90 99999.90 99999.90 99999.90 99999.90 99999.90 99999.90 99999.90 99999.90 99999.90 99999.90 99999.90 99999.90 99999.90 99999.90 99999.90 99999.90 99999.90 99999.90 18.11 18.11 18.11 18.11 18.11 18.11 18.11 18.11 18.11 18.11 18.11 20.06 20.06 20.06 20.06 20.06 20.06 20.06 20.06 20.06 18.81 19.23 19.23 19.23 19.23 19.23 19.23 19.23 19.10 20.01 16.25 16.25 16.25 15.66 15.66 15.66 15.97 15.97 15.97 15.97 15.42 15.42 13.95 13.95 13.85 13.56 13.50 11.20 11.00 11.58 12.59 12.74 12.42 12.52 14.30 14.23
99999.90 99999.90 99999.90 99999.90 99999.90 99999.90 99999.90 99999.90 99999.90 99999.90 99999.90 99999.90 99999.90 99999.90 99999.90 99999.90 99999.90 99999.90 99999.90 99999.90 99999.90 18.11 18.11 18.11 18.11 18.11 18.11 18.11 18.11 18.11 18.11 18.11 18.11 20.06 20.06 20.06 20.06 20.06 20.06 20.06 20.06 18.81 18.81 19.23 19.23 19.23 19.23 19.23 19.23 19.10 17.84 16.25 16.25 16.25 16.25 15.66 15.66 15.97 15.97 15.97 15.74 15.42 15.42 15.42 14.87 14.40 13.69 13.45 11.68 11.69 11.83 12.89 13.26 13.42 12.21 13.21 14.67
99999.90 99999.90 99999.90 99999.90 99999.90 99999.90 99999.90 99999.90 99999.90 99999.90 99999.90 99999.90 99999.90 99999.90 99999.90 99999.90 99999.90 99999.90 99999.90 99999.90 19.97 18.11 18.11 18.11 18.11 18.11 18.11 18.11 18.11 18.11 18.11 18.11 18.11 20.06 20.06 20.06 20.06 20.06 20.06 20.06 20.06 18.81 18.81 18.81 19.23 19.23 19.23 19.23 19.23 19.10 17.84 19.19 19.19 19.19 16.25 16.25 15.35 16.28 16.28 16.28 15.74 15.74 15.26 15.26 14.79 14.58 14.74 14.76 12.88 12.19 13.35 13.69 14.05 13.59 13.79 14.06 14.56
99999.90 99999.90 99999.90 99999.90 99999.90 99999.90 99999.90 99999.90 99999.90 99999.90 99999.90 99999.90 99999.90 99999.90 99999.90 99999.90 99999.90 99999.90 99999.90 99999.90 19.97 18.11 18.11 18.11 18.11 18.11 18.11 18.11 18.11 18.11 18.11 18.11 18.11 18.11 20.06 20.06 20.06 20.06 20.06 20.06 20.06 18.81 18.81 18.81 18.81 19.23 19.23 19.23 19.23 19.10 19.19 19.19 19.22 19.22 16.10 16.10 15.27 16.28 16.28 16.83 17.34 15.74 15.74 14.97 14.73 15.15 15.33 15.11 13.60 12.94 13.87 14.09 15.52 15.91 15.83 15.27 14.23
99999.90 99999.90 99999.90 99999.90 99999.90 99999.90 99999.90 99999.90 99999.90 99999.90 99999.90 99999.90 99999.90 99999.90 99999.90 99999.90 99999.90 99999.90 99999.90 99999.90 19.97 18.11 18.11 18.11 18.11 18.11 18.11 18.11 18.11 18.11 18.11 18.11 18.11 18.11 20.06 20.06 20.06 20.06 20.06 20.06 20.06 18.81 18.81 18.81 18.81 19.23 19.23 19.23 19.30 19.30 19.63 19.63 19.22 19.22 16.42 16.42 16.61 16.84 16.83 16.83 17.34 17.34 16.26 15.54 14.96 15.02 14.96 15.56 14.93 13.79 14.74 14.96 17.40 18.90 18.79 16.73 15.81
99999.90 99999.90 99999.90 99999.90 99999.90 99999.90 99999.90 99999.90 99999.90 99999.90 99999.90 99999.90 99999.90 99999.90 99999.90 99999.90 99999.90 99999.90 99999.90 99999.90 19.97 18.11 18.11 18.11 18.11 18.11 18.11 18.11 18.11 18.11 18.11 18.11 18.11 18.11 18.11 20.06 20.06 20.06 20.06 20.06 20.06 18.81 18.81 18.81 18.81 18.81 17.91 19.30 19.30 19.30 19.30 19.34 17.86 15.85 16.15 16.50 16.52 16.84 16.35 16.60 16.13 16.45 16.91 15.83 15.24 14.81 15.51 16.43 16.02 14.41 14.81 16.80 19.39 19.91 20.41 19.01 17.82
99999.90 99999.90 99999.90 99999.90 99999.90 99999.90 99999.90 99999.90 99999.90 99999.90 99999.90 99999.90 99999.90 99999.90 99999.90 99999.90 99999.90 99999.90 99999.90 99999.90 19.97 18.11 18.11 18.11 18.11 18.11 18.11 18.11 18.11 18.11 18.11 18.11 18.11 18.11 18.11 20.06 20.06 20.06 20.06 20.06 20.06 18.81 18.81 18.81 18.81 17.91 17.91 17.91 19.27 19.27 19.27 17.27 18.00 15.72 14.63 16.47 15.97 16.84 16.90 16.68 16.64 17.02 16.63 15.88 15.61 15.14 15.05 16.26 17.31 16.28 16.11 18.08 19.35 19.96 21.61 20.33 19.00
99999.90 99999.90 99999.90 99999.90 99999.90 99999.90 99999.90 99999.90 99999.90 99999.90 99999.90 99999.90 99999.90 99999.90 99999.90 99999.90 99999.90 99999.90 99999.90 99999.90 19.97 19.97 19.97 18.11 18.11 18.11 18.11 18.11 18.11 18.11 18.11 18.11 18.11 18.11 18.11 18.36 18.36 18.36 18.36 18.36 18.36 18.81 18.81 18.81 19.13 17.91 17.91 17.91 17.91 18.03 18.03 17.86 17.12 16.09 15.38 16.24 15.93 16.19 16.47 17.05 15.95 17.08 16.06 15.21 15.52 15.65 15.51 16.76 17.89 17.54 15.53 17.70 19.49 20.50 21.38 20.11 20.03
99999.90 99999.90 99999.90 99999.90 99999.90 99999.90 99999.90 99999.90 99999.90 99999.90 99999.90 99999.90 99999.90 99999.90 99999.90 99999.90 99999.90 99999.90 99999.90 99999.90 19.97 19.97 19.97 19.97 19.97 18.11 18.11 18.11 18.11 18.11 18.11 18.11 18.11 18.11 18.11 15.46 17.56 18.36 18.36 18.36 18.36 19.06 19.06 20.18 19.13 19.13 17.91 17.91 17.91 18.26 16.80 15.84 15.89 15.44 15.46 16.24 16.56 16.14 16.78 16.57 16.83 15.76 14.52 14.94 15.60 16.35 16.85 17.58 18.34 17.43 16.59 17.96 20.49 21.17 22.19 20.56 21.42
99999.90 99999.90 99999.90 99999.90 99999.90 99999.90 99999.90 99999.90 99999.90 99999.90 99999.90 99999.90 99999.90 99999.90 99999.90 99999.90 99999.90 99999.90 99999.90 99999.90 19.97 19.97 19.97 19.97 19.97 19.97 19.97 18.11 18.11 18.11 18.11 18.11 18.11 18.11 17.12 15.46 17.56 17.56 17.56 19.06 19.06 19.06 19.06 20.18 19.13 19.13 17.91 17.91 17.91 16.51 15.27 14.55 15.62 14.44 14.92 16.14 16.37 15.85 16.57 16.93 16.75 14.34 14.63 14.90 15.64 16.80 16.39 16.01 17.05 17.22 16.95 17.90 19.30 20.95 22.81 21.83 22.31
99999.90 99999.90 99999.90 99999.90 99999.90 99999.90 99999.90 99999.90 99999.90 99999.90 99999.90 99999.90 99999.90 99999.90 99999.90 99999.90 99999.90 99999.90 99999.90 99999.90 19.97 19.97 19.97 19.97 19.97 19.97 19.97 19.97 19.97 18.11 18.11 18.11 18.11 18.11 17.12 15.46 17.56 17.56 17.56 17.56 16.56 16.56 16.56 20.18 19.13 19.13 15.40 15.40 16.18 16.18 15.68 15.40 15.15 15.30 15.59 15.61 16.51 16.61 16.28 16.86 15.51 14.24 14.57 14.74 14.92 15.34 15.37 15.79 15.67 16.08 17.20 16.39 17.09 18.44 19.89 19.46 20.24
99999.90 99999.90 99999.90 99999.90 99999.90 99999.90 99999.90 99999.90 99999.90 99999.90 99999.90 99999.90 99999.90 99999.90 99999.90 99999.90 99999.90 99999.90 99999.90 22.08 19.97 19.97 19.97 19.97 19.97 19.97 19.97 19.97 19.97 19.97 18.08 18.08 18.08 17.12 17.12 15.46 15.46 17.56 17.56 17.56 17.95 14.10 15.69 17.06 18.60 18.60 15.40 15.40 15.40 16.69 15.17 14.49 14.67 14.32 15.97 15.99 16.34 17.49 17.47 17.11 14.44 13.64 14.08 14.33 14.66 15.55 15.56 15.70 15.64 15.03 15.65 15.44 15.14 16.35 18.66 17.73 18.90
99999.90 99999.90 99999.90 99999.90 99999.90 99999.90 99999.90 99999.90 99999.90 99999.90 99999.90 99999.90 99999.90 99999.90 99999.90 99999.90 99999.90 99999.90 99999.90 22.08 19.97 19.97 19.97 19.97 19.97 19.97 19.97 19.97 19.97 19.97 19.97 18.62 18.62 17.12 17.12 15.46 15.46 15.31 15.31 15.35 14.63 14.10 14.87 14.81 17.16 17.16 13.46 13.46 13.42 13.99 14.82 13.61 14.23 14.23 15.67 15.62 15.93 16.64 16.53 16.67 14.85 14.02 14.18 14.66 14.69 15.46 15.42 15.95 16.43 15.41 15.42 14.97 15.87 16.81 18.15 17.42 17.80
99999.90 99999.90 99999.90 99999.90 99999.90 99999.90 99999.90 99999.90 99999.90 99999.90 99999.90 99999.90 99999.90 99999.90 99999.90 99999.90 22.75 22.75 22.75 22.75 19.97 19.97 19.97 19.97 19.97 19.97 19.97 19.97 19.97 19.97 19.97 18.62 18.62 15.71 15.71 16.28 16.69 17.32 13.79 14.17 15.08 14.90 14.72 15.70 16.64 18.17 18.17 16.21 14.20 11.92 13.22 12.55 13.15 12.56 12.64 13.85 14.36 13.83 15.08 16.68 15.19 14.56 15.40 15.76 15.61 16.09 16.02 16.93 16.96 14.23 15.51 15.60 16.01 17.02 18.09 16.90 17.79
99999.90 99999.90 99999.90 99999.90 99999.90 99999.90 99999.90 99999.90 99999.90 99999.90 99999.90 99999.90 99999.90 99999.90 99999.90 99999.90 22.75 22.75 22.75 22.75 19.97 19.97 19.97 19.97 19.97 19.97 19.97 19.97 19.97 19.97 17.70 17.70 16.49 16.49 15.12 15.51 15.98 16.40 15.60 16.26 15.20 15.41 15.62 14.72 15.79 18.52 15.64 15.96 15.94 14.02 12.65 12.80 13.56 12.13 12.46 13.63 13.96 13.94 14.94 16.26 15.07 16.22 15.93 17.03 17.64 18.11 17.38 17.61 16.98 14.64 15.48 16.18 15.32 16.34 17.25 16.67 17.12
99999.90 99999.90 99999.90 99999.90 99999.90 99999.90 99999.90 99999.90 99999.90 99999.90 99999.90 99999.90 99999.90 99999.90 99999.90 99999.90 22.75 22.75 22.75 22.75 22.75 22.75 19.97 19.97 19.97 19.97 19.97 17.70 17.70 17.70 17.70 17.70 16.35 14.07 13.37 14.13 14.73 16.11 16.16 14.90 14.55 15.09 15.25 15.83 17.15 18.64 15.46 14.94 15.27 14.09 14.31 13.60 13.72 13.80 14.51 14.21 13.38 13.19 13.50 15.79 14.44 15.60 16.09 17.50 18.20 18.99 18.37 17.87 17.30 15.77 16.25 17.02 15.56 15.47 15.57 15.68 15.76
99999.90 99999.90 99999.90 99999.90 99999.90 99999.90 99999.90 99999.90 99999.90 99999.90 99999.90 99999.90 25.78 25.78 25.78 25.78 25.78 25.78 22.75 22.75 22.75 22.75 22.75 22.75 17.70 17.70 17.70 17.70 17.70 17.70 17.70 17.70 17.96 15.90 14.53 13.44 12.53 14.89 15.73 14.69 16.64 15.06 14.34 14.71 16.27 16.61 14.73 14.90 14.99 14.69 14.51 13.53 13.05 14.93 14.75 14.72 15.92 15.36 15.74 16.13 16.26 16.55 16.63 16.85 16.63 17.07 18.38 18.03 17.29 17.34 17.47 17.90 16.00 15.34 16.01 16.78 17.66
99999.90 99999.90 99999.90 99999.90 99999.90 99999.90 99999.90 99999.90 26.12 26.12 26.12 26.12 26.12 26.12 26.12 26.12 26.12 26.12 25.78 22.75 22.75 22.75 22.75 22.75 22.75 22.08 22.08 17.70 17.70 17.70 17.70 17.96 17.96 15.90 17.72 14.11 11.47 13.06 12.61 15.12 16.21 15.89 14.11 14.60 16.56 16.75 14.82 14.85 14.60 15.23 14.62 14.14 13.11 15.36 15.98 16.02 16.91 16.64 16.15 16.47 17.26 17.07 16.59 17.49 16.72 16.91 17.30 17.48 17.32 17.80 16.74 18.36 17.72 17.88 18.18 19.52 18.64
99999.90 99999.90 99999.90 99999.90 99999.90 99999.90 99999.90 99999.90 26.12 26.12 26.12 26.12 26.12 26.12 26.12 26.12 26.12 26.12 25.78 25.78 22.75 22.75 22.75 22.75 22.75 22.08 22.08 22.08 22.08 22.08 17.96 17.96 21.16 21.16 17.72 15.02 14.69 14.61 14.78 14.37 14.97 16.59 15.94 15.51 16.01 16.21 14.87 14.95 13.45 14.01 12.89 13.96 14.01 14.88 16.07 15.47 15.47 16.22 16.15 16.73 17.31 17.21 17.28 17.57 16.23 16.45 17.05 17.38 17.92 18.01 16.88 18.83 20.93 20.79 20.03 20.39 19.62
99999.90 99999.90 99999.90 99999.90 99999.90 99999.90 99999.90 99999.90 26.12 26.12 26.12 26.12 26.12 26.12 26.12 26.12 26.12 26.12 26.12 25.78 22.75 22.75 22.75 22.75 22.75 22.75 22.08 22.08 22.08 22.08 22.08 21.16 21.16 21.16 18.67 16.85 17.20 16.60 17.33 14.96 14.42 15.58 16.25 14.97 14.91 16.00 15.78 16.74 16.61 15.01 15.52 15.97 14.13 15.57 16.12 16.32 16.45 17.41 17.33 16.47 16.52 18.16 17.39 17.19 15.85 17.12 18.40 19.10 19.41 20.46 20.95 20.45 21.30 21.42 21.14 20.54 19.80
99999.90 99999.90 99999.90 99999.90 99999.90 99999.90 99999.90 99999.90 26.12 26.12 26.12 26.12 26.12 26.12 26.12 26.12 26.12 26.12 26.12 25.78 25.78 22.75 22.75 22.75 22.75 22.75 22.75 22.08 22.08 22.08 22.08 21.16 21.16 21.16 18.67 16.85 18.77 17.93 17.81 15.83 15.02 15.10 16.22 15.21 14.99 16.63 17.20 17.61 17.66 17.05 16.15 16.67 14.76 16.15 16.27 16.79 16.93 17.03 17.74 17.47 18.59 18.51 17.48 16.86 18.18 19.72 18.01 18.38 19.74 20.37 20.86 20.38 21.50 21.17 20.85 20.60 20.32
99999.90 99999.90 99999.90 99999.90 99999.90 99999.90 99999.90 25.48 26.12 26.12 26.12 26.12 26.12 26.12 26.12 26.12 26.12 26.12 26.12 25.78 25.78 25.78 22.75 22.75 22.75 22.75 22.75 22.08 22.08 22.08 22.08 18.97 19.75 19.75 18.67 18.77 18.77 17.07 15.45 14.79 16.26 16.93 15.58 15.60 17.12 17.92 18.18 15.82 17.09 17.83 16.77 16.65 15.77 16.76 16.64 17.10 16.09 15.70 16.61 17.86 19.24 17.09 17.60 18.82 19.49 19.65 20.37 20.36 20.70 22.11 22.35 21.29 21.19 21.13 21.24 21.58 21.03
99999.90 99999.90 99999.90 99999.90 99999.90 99999.90 99999.90 25.48 26.12 26.12 26.12 26.12 26.12 26.12 26.12 26.12 26.12 26.12 26.12 25.78 25.78 25.78 25.78 22.75 22.75 22.75 22.75 22.27 21.78 21.78 18.97 18.97 19.75 19.75 19.77 19.29 19.29 17.80 16.47 16.70 18.57 16.89 16.21 16.41 17.35 17.06 16.49 14.92 17.30 16.08 16.65 16.61 17.75 18.22 18.20 17.07 15.99 18.02 18.73 18.68 17.94 18.43 18.88 18.60 18.64 19.20 20.00 20.11 19.77 22.36 23.14 22.08 20.73 20.78 21.96 21.74 20.59
