main/data/irradiance/19.07.2023.grid
ncols 839
nrows 679
xllcenter 112.0500
yllcenter -43.9500
cellsize 0.0500
nodata_value 99999.90
[rows 136 to 169 of 679, columns 616 to 692 of 839]
18.94 18.75 19.04 19.08 19.05 18.86 18.95 18.94 19.22 18.98 19.12 19.01 19.08 19.13 19.03 19.06 19.19 19.29 19.16 19.12 19.25 19.25 19.23 19.07 19.23 19.29 19.17 19.22 19.16 19.08 19.13 18.88 18.95 18.82 18.64 18.85 18.76 18.92 19.03 18.95 18.77 18.08 18.10 18.18 18.56 18.42 19.12 18.72 17.63 18.05 18.59 18.36 19.03 19.31 19.34 19.35 19.28 19.16 19.16 19.16 19.32 19.33 19.33 19.33 19.33 19.33 19.33 19.33 19.33 19.33 19.33 19.33 17.50 17.69 99999.90 99999.90 99999.90
18.51 18.90 19.02 19.06 19.09 19.04 18.94 18.73 18.16 18.78 18.92 19.02 19.09 18.94 18.92 19.15 19.09 19.06 19.09 19.21 19.21 19.24 19.19 18.96 19.27 19.06 18.94 19.11 19.18 19.10 19.01 19.15 19.01 18.91 19.06 18.99 18.88 19.05 19.08 18.73 18.73 18.77 18.62 18.00 17.67 17.56 18.14 18.84 17.78 17.79 16.70 17.47 18.21 19.29 19.37 19.37 19.36 19.23 19.23 19.33 19.32 19.33 19.33 19.33 19.33 19.33 19.33 19.33 19.33 19.33 19.33 19.33 17.50 17.69 17.52 99999.90 99999.90
19.11 19.04 18.90 19.16 18.99 19.02 18.65 18.02 18.46 18.03 18.58 18.80 19.02 19.06 18.71 18.99 18.81 19.12 18.97 19.18 19.04 19.21 19.13 19.16 19.26 19.03 19.03 19.03 19.19 19.14 19.06 19.04 19.23 19.05 19.04 18.89 18.65 18.59 19.00 18.91 18.92 18.51 18.90 18.66 18.59 18.59 18.35 18.31 18.66 18.43 17.22 16.70 16.85 18.36 19.29 19.34 19.28 19.17 19.17 19.33 19.32 19.33 19.33 19.33 19.33 19.33 19.33 19.33 19.33 19.33 19.33 19.33 17.50 17.52 17.52 99999.90 99999.90
18.49 18.85 18.99 19.04 18.89 18.42 18.41 17.99 18.24 18.52 18.14 18.27 18.84 19.03 18.86 18.92 19.04 19.06 18.98 18.90 19.00 19.02 19.10 19.07 18.72 18.99 18.96 19.02 19.15 19.04 19.09 19.09 19.15 19.10 19.13 18.86 18.86 18.56 18.86 18.66 18.54 18.51 18.71 18.68 19.01 18.72 18.94 18.91 18.52 18.63 18.07 17.37 16.61 17.28 19.09 19.32 18.92 18.82 19.35 19.32 19.27 19.33 19.33 19.33 19.33 19.33 19.33 19.33 19.33 19.33 19.33 19.33 17.50 17.52 17.52 99999.90 99999.90
18.59 18.67 18.74 18.89 18.61 18.74 17.92 18.33 18.40 18.28 18.80 18.87 18.77 18.91 18.68 19.01 19.06 18.95 18.66 19.03 18.83 18.85 19.11 19.04 18.78 18.81 18.90 18.82 19.00 19.13 19.16 19.12 19.05 19.14 19.19 18.92 19.03 18.67 18.34 18.52 18.58 18.48 18.58 18.71 19.08 19.01 19.04 19.21 19.21 19.14 19.10 18.96 18.42 16.57 18.32 19.28 19.24 18.41 18.22 19.32 19.06 19.06 19.06 19.33 19.33 19.33 19.33 19.33 17.50 17.50 17.50 17.50 17.52 17.52 17.52 99999.90 99999.90
18.11 18.14 18.20 18.43 18.39 18.55 18.58 18.08 18.32 18.02 18.22 18.39 18.61 18.95 18.93 18.93 18.90 18.85 18.88 18.98 18.91 18.97 19.22 19.14 18.96 18.89 18.93 18.83 18.99 19.09 19.13 19.14 19.10 19.04 19.15 18.88 19.04 19.10 19.09 19.00 18.92 18.17 18.11 18.35 19.02 19.17 19.27 19.24 19.12 19.17 19.14 19.28 19.25 19.03 19.11 17.81 18.55 19.06 18.33 18.57 19.24 19.24 18.62 18.62 18.62 18.62 17.50 17.50 17.50 17.50 17.52 17.52 17.52 17.52 17.52 99999.90 99999.90
18.70 18.51 18.72 18.32 18.76 18.58 18.32 18.58 18.54 18.47 18.29 18.32 18.67 18.64 18.96 18.82 18.93 19.04 18.91 18.91 19.01 19.00 18.99 19.08 19.01 19.04 18.99 19.02 19.04 18.91 19.01 19.12 19.01 19.07 19.14 18.74 18.42 18.95 19.02 19.14 19.19 18.92 18.73 18.75 19.04 19.20 19.14 19.13 18.97 19.07 19.16 19.21 19.21 19.15 18.61 16.68 17.60 19.11 18.82 17.67 19.21 18.62 18.62 18.62 17.50 17.50 17.50 17.50 17.50 17.52 17.52 17.52 17.52 17.52 17.52 17.78 99999.90
18.78 18.95 18.72 18.33 17.81 18.29 18.10 18.20 18.06 18.48 18.54 18.34 18.37 18.56 19.04 18.85 18.83 18.93 18.97 18.92 19.00 18.95 18.95 19.06 19.10 19.10 19.01 19.09 19.08 19.11 19.15 18.98 19.09 19.01 19.14 18.85 18.36 18.59 18.91 19.11 18.85 19.22 18.50 17.88 18.79 18.01 17.53 18.60 18.69 18.85 19.07 19.13 18.99 19.08 18.58 18.10 18.44 19.12 19.09 17.66 18.46 19.00 19.00 17.50 17.50 17.50 17.50 17.69 17.52 17.52 17.52 17.52 17.52 17.52 17.52 17.78 99999.90
18.40 18.55 18.63 18.64 18.67 18.40 18.46 18.52 18.31 18.37 18.11 18.53 18.38 18.29 18.82 18.95 18.86 18.82 18.73 18.89 19.00 18.95 19.00 19.03 18.98 19.08 19.12 19.09 19.02 19.16 19.10 19.03 18.91 18.93 19.08 19.22 18.67 18.32 18.43 18.73 18.83 18.85 18.16 18.47 18.11 16.67 16.67 17.15 17.74 18.23 19.12 19.19 18.89 18.69 18.59 18.59 17.90 17.21 19.12 19.19 18.67 17.93 17.50 17.50 17.50 17.69 17.69 17.52 17.52 17.52 17.52 17.52 17.52 17.52 17.52 17.78 99999.90
18.59 18.75 18.63 18.26 17.93 18.07 17.98 17.73 18.04 18.84 18.71 18.34 18.39 18.62 18.31 18.79 18.86 18.81 18.81 19.02 18.74 18.91 18.94 18.93 18.83 19.02 19.08 19.06 19.18 19.12 19.22 19.15 19.07 18.86 18.87 19.10 18.66 18.41 18.17 18.20 18.51 18.60 18.28 17.42 16.49 16.71 16.86 17.28 17.77 18.48 19.04 19.15 18.50 18.39 18.25 18.18 17.82 16.74 17.49 19.00 15.06 15.98 17.65 17.65 17.69 17.69 17.52 17.52 17.52 17.52 17.52 17.52 17.52 17.52 17.52 17.78 99999.90
18.07 18.24 18.16 18.34 18.35 18.37 18.38 18.62 18.43 18.49 18.47 18.61 18.56 18.60 18.61 18.73 18.76 18.49 18.73 18.81 18.53 18.71 18.85 18.91 18.79 18.88 19.11 19.14 19.19 19.13 19.10 19.10 19.11 19.01 19.00 18.78 18.76 18.49 18.38 18.31 18.61 18.34 18.04 17.54 17.74 17.19 17.26 17.25 17.56 18.48 19.06 18.96 18.79 17.99 18.16 17.59 17.74 18.48 17.69 18.48 17.01 15.30 16.74 17.69 17.69 17.52 17.52 17.52 17.52 17.52 17.52 17.52 17.52 17.52 17.52 17.78 99999.90
18.55 18.43 18.59 18.42 18.44 17.99 18.14 18.32 18.09 18.93 18.82 18.54 18.56 18.67 18.55 18.65 18.53 18.42 18.27 18.53 18.35 18.41 18.69 18.85 18.89 18.91 18.78 19.12 19.12 19.11 19.09 18.95 19.15 19.04 18.97 18.98 18.90 18.63 17.93 18.19 18.40 18.50 18.81 18.21 17.02 17.21 17.15 17.72 18.10 18.57 19.08 19.02 18.86 18.37 18.51 18.01 17.40 17.28 17.63 17.90 14.38 17.21 17.32 17.33 17.52 17.52 17.52 17.52 17.52 17.52 17.52 17.52 17.52 17.52 17.52 17.78 99999.90
18.23 17.93 18.28 17.91 18.58 18.54 18.70 18.76 18.65 18.84 18.60 18.64 18.69 18.52 18.56 18.51 18.52 18.59 18.50 18.57 18.52 18.32 18.50 18.77 18.56 18.70 18.91 18.85 19.12 19.10 19.11 19.12 19.09 19.00 18.97 18.97 18.84 18.48 17.87 18.14 18.47 18.27 18.53 18.17 17.23 17.75 16.86 16.68 18.15 18.20 18.35 18.69 19.01 18.96 18.31 18.00 17.55 17.06 15.84 16.47 15.54 17.70 17.65 16.99 17.52 17.52 17.52 17.52 17.52 17.52 17.52 17.52 17.52 17.78 17.78 17.78 99999.90
18.38 18.55 18.50 18.31 18.29 17.89 18.37 18.60 18.58 18.60 18.92 18.54 18.50 18.66 18.69 18.57 18.44 18.42 18.47 18.44 18.32 18.35 18.34 18.53 18.50 18.71 18.60 18.77 18.89 19.01 19.10 19.10 19.04 18.92 18.99 19.01 18.54 18.58 18.30 18.22 18.54 18.26 18.62 17.98 18.31 17.95 17.37 16.88 17.07 16.25 17.11 17.56 18.62 18.33 18.47 18.20 18.58 17.59 17.31 17.89 16.75 18.14 17.39 16.22 16.80 16.80 16.80 16.80 16.80 16.80 17.78 17.78 17.78 17.78 17.78 17.78 99999.90
18.16 18.10 18.18 18.30 18.28 18.27 18.65 18.69 18.57 18.66 18.77 18.51 18.67 18.85 18.86 18.83 18.59 18.72 18.60 18.49 18.65 18.41 18.36 18.27 18.20 18.58 18.76 18.72 18.83 18.76 18.89 19.03 19.02 18.94 18.71 18.86 18.75 18.35 18.41 18.37 18.56 18.45 18.64 18.52 18.56 18.50 18.01 17.47 17.21 16.93 16.51 17.04 18.03 18.70 17.67 17.45 17.93 17.85 17.95 16.96 17.69 17.33 17.01 17.66 16.94 16.94 16.94 17.78 17.78 17.78 17.78 17.78 17.78 17.78 17.78 17.78 99999.90
18.00 18.24 18.14 18.57 18.34 18.68 18.37 18.69 18.60 18.65 18.70 18.86 18.84 18.84 18.78 18.58 18.76 18.64 18.77 18.65 18.22 18.29 18.42 18.33 18.29 18.36 18.80 18.75 18.94 18.81 18.86 19.03 18.88 18.94 18.75 18.64 18.71 18.64 18.61 18.19 18.42 18.36 18.72 18.98 18.91 18.37 18.44 18.20 17.90 17.91 17.39 17.07 18.52 18.66 17.49 16.06 16.93 17.76 17.29 17.92 18.02 17.80 17.93 17.85 17.14 17.14 17.78 17.78 17.78 17.78 17.78 17.78 17.78 17.78 17.78 17.78 99999.90
18.11 18.25 18.40 18.34 18.39 18.60 18.58 18.62 18.62 18.50 18.54 18.66 18.85 18.86 18.89 18.91 18.90 18.67 18.57 18.71 18.51 18.36 18.45 18.43 18.42 18.53 18.73 18.89 18.95 18.95 18.96 18.80 18.82 18.72 18.81 18.34 18.51 18.45 18.23 18.23 18.18 18.33 18.77 18.93 18.88 18.82 18.77 18.47 18.39 18.15 18.29 18.07 18.39 18.92 18.12 15.60 16.44 15.93 17.31 17.81 18.16 17.96 17.40 17.90 17.45 17.78 17.78 17.78 17.78 17.78 17.78 17.78 17.78 17.78 17.78 17.78 99999.90
18.16 18.47 18.32 18.46 18.55 18.27 18.57 18.41 18.44 18.67 18.74 18.78 18.68 18.75 18.82 18.82 18.92 18.89 18.81 18.58 18.56 18.52 18.49 18.31 18.64 18.53 18.84 18.88 18.92 18.99 18.89 18.74 18.68 18.51 18.37 18.33 18.46 18.41 18.14 18.30 18.16 18.43 18.59 18.72 18.89 18.92 18.79 18.71 18.74 18.84 18.66 18.55 18.64 18.42 17.29 16.64 16.59 17.59 17.15 16.79 17.12 17.58 17.32 17.38 16.77 17.78 17.78 17.78 17.78 17.78 17.78 17.78 17.78 17.78 17.78 17.78 99999.90
18.68 18.58 18.41 18.42 18.58 18.39 18.38 18.33 18.21 18.37 18.47 18.58 18.66 18.68 18.71 18.69 18.71 18.83 18.90 18.80 18.63 18.67 18.66 18.61 18.59 18.67 18.87 18.90 18.85 18.88 18.63 18.46 18.50 18.42 18.54 18.54 18.15 18.25 18.23 17.52 18.22 18.06 18.28 18.57 18.78 18.78 18.66 18.73 18.72 18.73 18.48 18.18 18.18 18.16 18.41 18.12 17.80 18.02 18.21 16.50 15.87 17.00 17.59 17.62 16.85 16.85 16.85 17.78 17.78 17.78 17.78 17.78 17.78 17.78 17.78 17.78 99999.90
18.46 18.47 18.43 18.35 18.12 18.47 18.41 17.80 18.22 18.65 18.59 18.62 18.69 18.52 18.38 18.39 18.69 18.61 18.78 18.77 18.62 18.54 18.61 18.63 18.60 18.79 18.69 18.85 18.72 18.70 18.44 18.08 17.93 18.16 18.34 18.24 17.97 18.13 18.27 17.95 18.23 18.28 18.14 18.06 18.31 18.61 18.57 18.63 18.72 18.60 18.39 18.25 18.46 18.48 18.04 17.88 18.54 18.50 18.41 18.44 17.90 17.20 18.38 17.93 17.26 17.26 17.26 17.26 17.26 17.78 17.78 17.78 17.78 17.78 17.78 17.78 18.24
18.51 18.37 18.16 18.28 18.30 18.27 18.23 18.33 17.97 18.04 18.32 18.43 18.82 18.47 18.69 18.54 18.51 18.42 18.58 18.80 18.53 18.69 18.49 18.39 18.47 18.79 18.72 18.73 18.82 18.67 18.22 18.44 17.87 18.28 18.28 18.47 18.46 18.01 17.93 17.84 17.46 17.79 17.67 18.15 18.11 18.18 18.18 18.50 18.63 18.51 18.26 17.86 18.13 18.50 18.14 18.03 17.40 17.66 17.45 17.52 16.81 15.54 16.82 17.54 16.27 16.27 16.27 16.27 16.27 16.27 16.27 16.27 16.27 17.78 17.78 17.78 18.24
18.39 18.49 18.42 18.04 18.54 18.13 18.28 18.00 18.00 18.36 18.34 18.42 18.47 18.45 18.45 18.50 18.68 18.24 18.45 18.28 18.65 18.40 18.53 18.67 18.56 18.72 18.66 18.59 18.41 18.53 18.11 18.30 18.21 18.19 18.36 18.05 18.05 18.13 18.02 17.88 18.06 17.77 17.47 17.88 17.56 17.88 17.69 17.97 18.25 18.37 18.22 18.30 18.42 18.42 18.27 18.02 17.36 16.87 17.54 17.11 16.75 16.20 17.05 16.81 16.28 16.28 16.28 16.28 16.28 16.28 16.28 16.28 16.28 16.28 16.28 18.24 18.24
18.18 18.34 18.27 18.25 18.23 18.27 18.08 18.33 17.99 17.86 18.30 18.14 18.27 18.42 18.50 18.61 18.54 18.21 18.52 18.22 18.42 18.47 18.29 18.34 18.64 18.69 18.43 18.31 18.36 18.49 18.29 17.85 18.25 17.79 18.37 18.40 18.01 18.10 18.17 17.83 17.77 17.86 17.69 17.65 16.71 17.19 17.68 17.92 17.85 18.33 18.10 18.02 17.92 17.96 18.40 17.53 17.77 17.62 17.80 17.14 16.66 16.25 17.28 16.44 15.86 15.86 15.86 15.86 15.86 15.86 15.86 15.86 15.86 18.24 18.24 18.24 18.24
18.36 18.29 18.33 18.15 18.32 18.30 18.28 18.47 18.09 18.19 17.98 18.21 18.21 18.34 18.52 18.37 18.33 18.35 18.22 18.30 18.52 18.26 17.92 18.61 18.18 18.25 17.98 18.45 17.87 18.42 18.13 17.68 17.56 17.36 17.71 18.07 17.75 17.53 17.82 17.54 17.86 17.60 16.88 17.09 16.89 17.37 17.74 17.40 17.28 18.02 18.34 18.07 18.11 18.46 17.94 17.81 17.22 16.52 18.30 17.76 17.37 17.32 17.29 17.10 15.86 15.86 15.86 15.86 15.86 15.86 15.86 18.24 18.24 18.24 18.24 18.24 18.24
18.52 17.91 18.26 18.13 18.09 18.14 18.25 18.16 18.54 18.33 17.97 18.14 18.01 17.90 18.13 18.32 18.03 18.29 17.91 17.84 18.06 17.79 18.43 17.90 18.15 18.03 17.73 18.20 17.64 17.80 17.60 17.30 17.82 18.11 17.93 17.92 17.98 18.10 18.04 17.68 17.74 17.52 16.85 16.55 16.20 16.77 17.50 16.30 15.71 15.96 17.23 18.13 18.52 18.53 18.31 17.47 16.82 16.02 17.46 18.29 17.88 18.34 17.98 18.08 18.08 18.08 15.86 15.86 15.86 18.24 18.24 18.24 18.24 18.24 18.24 18.24 18.24
18.06 18.18 18.29 17.92 18.14 18.31 18.21 18.36 18.39 18.47 18.39 18.30 18.15 18.02 18.28 18.09 17.97 18.26 18.31 18.19 17.68 18.38 17.67 17.90 17.78 17.73 18.00 17.31 17.68 17.92 17.95 17.78 17.21 17.43 17.25 17.25 17.54 17.59 17.69 17.78 17.95 17.59 17.21 17.02 17.16 16.97 16.90 16.74 16.47 15.87 16.01 16.23 16.89 16.16 17.39 18.31 17.68 17.81 16.61 17.26 18.57 18.23 18.15 18.29 18.29 18.29 18.29 18.29 18.24 18.24 18.24 18.24 18.24 18.24 18.24 18.24 18.24
18.10 17.67 18.19 18.23 18.29 18.05 18.14 18.05 18.01 18.17 18.37 18.42 18.52 18.24 18.14 18.24 18.20 18.14 18.26 18.16 17.73 18.25 17.86 17.62 17.59 17.60 17.15 17.59 17.61 16.98 17.06 17.23 17.21 18.05 17.41 17.32 17.59 17.60 17.15 17.04 17.54 17.63 17.23 17.22 17.22 17.30 17.06 16.78 16.75 16.51 16.93 16.59 16.95 16.52 14.63 15.77 17.68 16.70 16.94 17.09 18.26 18.53 18.47 18.29 18.29 18.29 18.13 18.13 18.24 18.24 18.24 18.24 18.24 18.24 18.24 18.24 18.24
18.17 18.24 18.04 17.91 17.99 17.87 18.27 18.19 18.13 18.08 18.01 17.82 18.01 18.14 18.08 18.17 18.10 18.07 18.26 18.10 18.24 17.98 17.91 18.10 18.07 17.70 17.32 17.54 17.53 16.81 16.98 16.65 16.75 17.27 17.01 17.62 17.34 17.84 17.29 16.98 17.27 17.37 17.22 16.81 16.82 17.34 17.42 17.34 17.16 17.31 17.40 17.49 17.73 17.58 16.80 15.80 14.82 15.90 16.86 16.88 17.96 18.51 18.52 18.52 18.52 18.13 18.13 18.13 18.24 18.24 18.24 18.24 18.24 18.24 18.24 18.03 18.03
18.06 18.01 18.03 17.82 17.95 18.24 18.27 18.10 17.93 17.93 18.11 18.03 18.26 18.30 18.22 18.13 18.18 18.33 18.22 17.69 18.14 18.15 18.19 18.52 18.17 17.38 17.55 18.13 17.76 16.88 17.04 16.88 16.80 17.15 17.54 17.55 17.42 17.70 17.61 17.67 17.15 16.56 16.74 17.29 16.86 17.07 17.38 17.81 17.54 17.76 17.76 17.89 18.28 18.36 18.38 18.24 17.35 17.20 17.67 16.00 15.57 18.05 18.63 18.63 18.25 18.13 18.13 18.13 18.24 18.24 18.24 18.24 18.24 18.03 18.03 18.03 18.03
17.90 17.89 18.10 18.10 18.07 18.08 18.11 18.03 18.17 18.12 17.85 17.93 17.94 18.24 18.27 18.24 18.35 18.41 18.42 18.38 18.45 18.34 18.42 18.33 17.80 17.66 18.29 18.17 18.08 17.40 17.44 17.67 17.12 17.36 17.35 17.56 17.57 17.40 17.93 17.10 17.13 17.33 17.09 17.49 17.98 17.60 17.98 18.15 17.53 17.72 17.91 18.22 18.45 18.39 18.55 18.41 18.77 18.52 18.01 18.12 17.80 17.84 17.91 18.25 18.25 18.13 18.13 18.13 18.24 18.24 18.24 18.03 18.03 18.03 18.03 18.03 18.03
17.79 18.09 17.91 17.80 17.68 18.08 18.02 18.09 18.23 18.21 18.09 18.00 17.86 18.04 18.12 18.32 18.39 18.41 18.43 18.50 18.61 18.59 18.58 18.34 17.84 18.07 18.15 18.07 18.05 17.87 18.17 17.73 17.74 18.03 17.72 17.87 17.47 17.23 17.01 17.16 17.42 17.15 17.22 17.17 17.30 17.98 18.33 18.44 18.16 18.11 18.36 18.36 18.42 18.40 18.22 18.27 18.62 18.06 17.54 17.68 18.09 17.70 17.67 17.61 18.07 18.07 18.13 17.92 17.84 17.84 18.03 18.03 18.03 18.03 18.03 18.03 18.03
18.03 18.07 17.84 17.91 18.01 17.93 18.09 18.08 18.16 17.73 17.85 17.99 18.16 18.11 18.17 18.37 18.33 18.38 18.51 18.64 18.63 18.63 18.47 18.18 18.12 18.39 18.06 18.14 18.41 18.27 18.43 17.76 18.20 18.17 17.94 17.79 17.90 17.62 17.24 17.15 16.51 17.04 17.55 17.67 17.07 17.22 17.92 18.22 18.32 18.22 17.98 17.92 17.99 18.13 18.02 18.11 17.54 17.78 17.78 17.46 17.21 17.44 17.53 16.95 17.16 17.89 18.37 17.92 16.97 18.03 18.03 18.03 18.03 18.03 18.03 18.03 18.03
17.81 17.81 17.86 17.99 17.85 17.90 17.98 17.64 17.85 17.80 18.03 18.35 18.17 18.32 18.25 18.27 18.42 18.34 18.54 18.60 18.58 18.48 18.42 17.99 18.09 18.33 18.15 18.26 18.27 18.48 18.32 18.18 18.50 18.15 18.14 18.19 17.98 17.16 17.16 17.24 17.43 16.82 16.62 16.72 17.37 17.59 17.35 17.65 18.00 17.95 17.71 18.20 18.23 18.04 17.92 17.88 17.84 17.53 17.13 17.36 17.38 17.26 17.30 17.19 16.67 16.91 16.97 16.97 16.80 16.89 16.89 16.89 16.89 16.89 16.89 16.89 16.89
18.13 18.32 18.04 17.77 18.15 18.25 17.84 18.00 17.86 17.83 17.97 18.28 18.29 18.11 18.00 18.23 18.23 18.23 18.43 18.56 18.53 18.08 17.80 17.66 17.62 17.98 18.10 18.19 18.17 18.19 17.97 18.19 18.27 17.87 17.78 18.21 18.04 17.25 17.06 16.78 17.01 16.93 16.38 16.53 16.82 17.43 17.31 17.48 17.57 17.88 17.82 17.71 18.13 18.30 18.12 18.33 18.16 17.58 17.25 16.86 17.15 17.89 17.87 17.44 17.13 16.85 17.10 17.10 16.80 16.89 16.89 16.89 16.89 16.89 16.89 16.89 16.89
