main/data/irradiance/19.07.2023.grid
ncols 839
nrows 679
xllcenter 112.0500
yllcenter -43.9500
cellsize 0.0500
nodata_value 99999.90
[rows 408 to 441 of 679, columns 77 to 153 of 839]
12.36 11.24 10.50 11.17 11.53 13.03 13.07 13.37 12.27 11.31 10.76 10.92 12.42 12.49 12.55 13.27 13.15 12.96 12.47 12.29 12.97 13.47 13.57 13.39 13.25 12.85 12.46 12.64 12.06 11.87 12.06 11.63 11.45 9.77 10.75 11.89 12.52 12.60 11.82 11.37 11.06 11.13 11.00 11.46 11.65 11.60 11.57 11.86 12.54 12.46 11.30 10.78 11.89 11.48 10.93 9.89 9.67 9.66 9.41 9.98 9.67 10.08 10.63 10.88 10.04 10.94 10.23 9.62 9.52 9.07 9.38 9.08 8.69 8.32 8.73 8.72 9.72
12.77 11.86 11.75 11.39 11.85 12.68 11.93 11.81 11.51 11.40 11.90 12.27 11.72 11.53 11.51 12.12 12.58 13.07 12.89 12.36 11.83 12.53 12.88 13.43 13.45 12.90 11.97 12.31 12.60 11.36 12.08 11.81 11.33 10.41 9.73 11.34 12.09 12.33 12.23 10.69 10.11 11.02 11.02 11.46 11.97 11.49 11.02 11.62 11.53 12.07 12.04 11.05 11.55 10.55 10.19 10.79 9.90 9.23 9.24 10.16 10.47 10.26 10.51 11.70 11.33 10.43 10.18 9.55 9.60 9.65 9.70 8.96 8.93 8.04 8.73 8.99 9.14
12.24 13.35 13.28 12.25 11.66 12.09 12.95 12.25 12.24 12.04 12.50 11.88 11.92 11.39 11.60 13.08 12.77 12.32 12.94 12.31 12.96 12.75 12.91 12.56 13.56 12.67 12.39 12.40 12.11 12.68 12.51 12.22 11.61 12.32 12.42 12.14 11.53 11.55 12.21 12.09 11.48 10.68 10.92 10.94 11.31 11.95 12.20 11.78 12.45 12.24 12.71 11.34 11.01 11.38 10.51 9.85 9.40 9.47 9.65 9.61 10.06 10.58 11.14 10.92 10.68 11.04 10.17 8.54 8.32 9.02 8.79 8.64 8.14 7.23 8.04 8.30 8.19
13.32 13.46 12.69 12.77 12.69 11.89 12.61 12.71 12.49 12.35 12.40 12.09 12.34 12.36 12.91 13.04 11.91 12.01 12.00 12.76 13.17 13.07 12.36 13.10 13.12 12.41 12.02 12.54 12.53 12.75 12.39 12.33 11.85 12.80 12.59 12.61 12.26 12.73 11.59 12.36 12.22 11.41 10.75 10.52 11.80 12.28 12.59 12.06 11.40 11.33 11.25 11.18 10.01 10.37 10.81 10.06 9.80 9.90 10.48 10.41 9.62 9.38 9.76 9.58 10.21 10.75 9.66 8.50 8.26 9.11 8.90 8.23 7.69 8.12 8.44 8.93 8.25
13.04 13.28 13.37 12.88 12.55 12.84 12.71 12.12 12.36 11.66 12.23 11.80 10.99 11.60 12.85 12.62 12.21 12.29 12.14 12.20 12.04 11.67 11.10 12.41 12.05 12.74 12.69 12.35 12.81 12.77 12.82 12.93 12.32 12.32 12.89 13.00 12.90 13.08 12.85 12.13 11.69 11.10 10.76 10.61 11.21 11.19 10.38 10.64 10.74 11.69 11.20 10.55 11.02 11.36 11.32 10.46 10.30 9.38 9.42 10.65 10.20 9.73 10.17 10.79 10.89 10.18 10.40 9.59 9.36 10.00 10.61 9.93 8.96 9.56 8.52 7.83 7.99
12.91 13.07 13.15 11.90 12.22 12.74 12.69 11.02 11.58 11.59 12.73 12.39 12.41 12.85 12.87 13.15 12.41 11.58 11.66 11.76 11.58 11.09 11.28 12.29 12.61 12.06 12.79 13.13 12.75 12.91 12.78 12.90 13.06 12.95 13.05 13.29 13.05 13.37 13.01 12.86 12.18 10.90 11.01 11.21 10.28 11.18 11.29 11.16 11.36 11.32 10.56 11.14 11.42 11.15 11.04 9.77 9.47 8.83 9.01 8.88 8.81 9.01 10.10 11.32 11.23 10.78 10.40 9.86 10.31 11.04 9.52 9.56 9.43 9.26 8.97 8.66 7.85
12.08 11.78 13.07 12.63 12.13 12.74 12.81 12.75 11.54 11.02 12.40 13.04 12.96 12.69 12.25 12.75 12.33 11.89 11.70 12.61 12.38 11.39 11.77 11.69 12.29 12.44 12.42 12.04 12.60 12.32 12.45 12.38 12.61 12.46 13.07 13.01 12.86 12.85 12.79 12.93 12.65 11.59 10.57 10.01 10.64 11.74 12.46 11.88 11.41 11.71 11.98 11.08 10.52 10.77 10.11 9.31 9.74 9.35 8.59 8.90 7.94 8.69 8.18 8.09 9.30 9.55 9.75 9.87 10.14 9.94 9.88 10.21 10.77 8.84 8.76 8.87 9.37
11.10 11.16 11.84 11.96 11.66 11.84 12.74 13.26 12.53 12.75 13.32 13.03 12.70 12.30 12.19 12.49 12.33 12.38 11.73 11.78 11.93 11.40 12.46 12.67 12.58 12.40 12.28 11.55 11.47 12.10 12.40 12.09 12.69 12.13 12.60 12.63 13.04 13.13 13.38 13.14 12.95 12.42 10.60 10.16 10.74 12.24 12.65 12.16 11.39 12.12 12.53 11.55 10.22 10.86 10.15 10.09 10.10 11.05 9.32 9.46 9.11 9.45 10.26 9.50 8.65 8.57 8.89 9.84 9.96 10.55 10.82 10.94 10.78 9.93 9.66 9.59 8.92
12.29 11.01 10.80 11.05 11.35 12.01 12.52 12.67 12.79 12.40 12.16 13.00 12.63 12.49 12.18 12.10 12.13 12.94 11.80 11.70 12.22 12.21 12.18 12.60 11.70 11.89 11.51 11.39 11.20 10.88 11.38 11.74 11.95 12.11 12.67 12.65 12.79 12.58 12.83 12.82 12.42 11.85 11.40 11.24 10.57 11.50 12.44 11.87 11.98 12.09 12.62 11.66 10.37 10.21 11.27 11.14 10.86 11.00 9.46 8.63 9.34 9.94 9.75 9.88 9.10 9.24 8.61 9.00 9.54 10.37 10.38 10.66 9.38 9.94 10.04 9.70 9.59
11.86 11.28 10.48 11.08 11.53 11.65 11.46 11.67 12.06 12.29 12.45 13.00 12.68 12.82 12.49 12.68 13.01 12.68 12.03 12.35 12.42 12.71 12.64 12.89 12.74 13.12 12.23 11.75 11.42 11.26 10.56 11.04 10.86 10.62 10.89 11.95 11.65 11.10 11.62 11.38 11.82 11.69 11.44 10.23 10.13 10.63 10.52 10.33 10.14 9.77 10.28 9.94 9.86 10.11 10.84 10.34 11.25 11.46 10.79 10.04 9.76 10.25 9.82 10.31 10.24 8.56 8.73 8.26 9.42 9.25 9.57 10.38 9.99 10.43 10.27 10.05 9.59
11.09 11.94 11.52 10.87 11.32 11.31 10.69 10.88 11.29 11.75 10.80 11.42 11.95 12.95 12.30 11.76 12.91 12.23 11.58 11.57 12.13 12.74 13.19 12.99 13.07 13.20 12.61 12.30 12.49 11.25 10.57 11.10 11.39 11.63 11.13 11.44 11.63 11.18 10.51 10.74 11.27 11.73 11.07 9.88 9.96 9.52 10.26 10.00 8.57 9.40 10.08 10.75 9.62 8.71 9.14 10.83 12.00 11.71 11.83 11.29 10.15 9.96 9.11 9.02 10.12 10.46 8.97 8.27 9.86 9.68 10.81 10.45 9.57 10.42 10.58 10.33 9.04
10.78 12.92 12.32 11.87 10.86 11.32 11.79 12.07 11.75 12.81 12.72 12.57 12.35 12.28 12.78 12.53 12.73 12.26 11.78 11.91 12.46 12.68 12.88 13.10 12.99 12.67 12.13 12.07 11.81 11.67 11.27 11.17 10.87 10.55 10.86 11.19 11.96 11.44 11.45 11.93 12.27 12.28 11.97 11.19 11.05 10.90 11.19 11.07 9.77 9.75 10.38 10.51 10.42 10.19 9.51 10.63 10.72 11.61 11.75 11.77 11.12 10.09 9.87 9.56 9.57 10.80 9.78 9.24 9.66 10.09 9.43 8.73 9.63 10.13 9.86 9.40 8.19
11.45 12.52 12.23 11.34 11.24 10.96 11.47 11.58 12.08 12.56 12.58 12.50 12.29 11.92 11.94 12.52 12.16 12.78 12.41 12.51 12.45 12.73 12.69 12.87 12.56 12.35 12.59 12.75 12.40 12.67 12.23 12.31 12.20 12.37 11.58 11.14 11.30 11.57 11.93 11.55 11.76 11.91 11.21 10.94 11.46 11.18 10.19 10.24 9.74 9.92 10.40 10.49 10.82 10.41 10.62 11.20 11.11 11.21 11.06 10.91 11.40 10.78 9.77 9.29 9.37 10.07 10.91 10.62 9.90 9.39 8.61 7.27 8.24 9.11 9.18 9.38 8.65
12.13 11.94 12.14 12.40 11.75 10.97 10.21 10.68 11.32 11.76 11.28 11.26 11.20 11.78 11.62 11.86 11.89 11.81 12.58 13.02 13.18 13.01 12.74 12.41 11.90 11.97 13.03 12.87 12.23 11.01 11.37 11.25 11.46 11.42 11.57 10.76 11.11 11.34 12.01 11.58 11.79 11.70 11.61 11.11 11.95 11.81 10.78 10.31 9.60 9.83 10.25 9.92 10.48 10.25 10.44 11.25 12.08 11.44 11.60 11.06 11.50 10.86 9.79 9.40 9.30 9.76 11.06 10.62 10.47 11.11 10.52 8.59 8.34 10.18 9.76 9.76 9.36
11.96 12.12 12.39 13.02 12.12 11.39 10.05 10.16 11.67 11.63 12.13 12.36 12.10 11.90 12.06 11.67 11.24 11.03 11.02 11.17 11.45 11.48 11.28 11.78 11.57 11.15 10.84 11.21 11.09 9.45 9.71 10.11 11.01 12.07 12.52 11.95 11.31 11.60 11.74 11.20 11.94 11.59 10.87 10.25 11.19 11.08 10.74 9.91 9.19 9.33 10.27 10.14 10.25 10.83 9.78 10.20 11.35 11.11 11.49 11.06 11.07 10.72 10.54 10.38 10.16 10.38 10.46 10.58 11.14 10.87 11.20 10.02 9.38 9.92 10.26 9.98 9.79
9.52 11.01 11.44 11.76 12.37 11.83 11.61 10.77 11.80 12.58 12.33 12.36 12.56 12.05 12.19 12.07 11.63 11.51 11.86 12.03 11.43 11.88 12.53 12.60 12.31 11.76 11.30 11.33 11.09 10.85 10.69 9.72 10.80 11.33 11.83 11.88 11.89 11.98 12.06 11.58 11.33 11.70 11.72 10.41 9.42 9.85 10.16 9.51 9.53 9.55 10.50 10.40 10.40 10.21 10.07 10.45 10.52 11.62 11.42 11.14 10.66 10.73 10.89 9.89 8.43 9.44 11.20 10.54 11.32 10.99 10.37 9.74 9.18 9.74 10.02 9.66 10.23
10.91 10.45 10.72 11.85 12.43 12.43 12.42 11.81 12.36 12.19 11.82 11.66 12.47 12.89 12.64 11.96 11.84 11.55 11.96 12.06 11.66 11.94 12.70 12.39 12.40 12.20 12.64 12.53 12.44 11.25 11.20 10.95 10.65 11.62 11.84 11.57 11.59 11.84 11.98 12.54 12.29 12.19 11.71 11.58 10.83 11.01 10.68 9.69 9.96 10.17 10.63 11.17 11.16 10.80 10.37 9.74 10.83 11.60 12.00 11.63 11.00 11.06 10.89 10.04 9.27 10.39 11.22 11.19 11.27 10.91 10.58 9.95 9.99 10.19 8.89 9.71 9.57
12.28 11.52 10.89 10.45 10.81 12.09 12.31 11.98 12.01 12.51 12.69 12.26 12.39 12.45 12.42 12.04 12.13 11.92 12.24 12.53 12.36 12.40 12.51 12.37 12.77 11.93 12.37 12.43 12.01 12.19 12.46 11.99 11.41 11.21 10.93 11.06 11.71 10.92 11.29 12.07 12.54 12.32 11.61 11.96 10.99 11.15 11.95 11.52 10.81 9.14 10.24 11.14 11.79 11.60 10.55 9.65 9.52 9.80 10.04 10.81 10.93 11.28 11.13 10.37 9.46 10.00 9.42 9.38 10.27 9.49 9.90 9.72 9.56 9.44 9.87 10.23 9.82
12.32 11.98 11.09 10.04 9.95 10.13 10.67 10.29 10.48 11.80 11.46 11.45 11.81 12.24 11.40 11.89 11.90 11.82 11.78 11.83 12.13 12.48 12.56 12.33 12.60 12.72 13.11 12.32 12.81 11.82 11.50 11.06 11.02 11.14 10.56 11.23 11.30 10.98 10.94 11.51 11.84 12.44 12.12 11.84 11.67 11.19 11.87 11.87 11.81 10.05 9.86 10.44 10.73 10.70 10.37 10.61 9.54 9.73 10.54 11.33 11.09 10.42 10.96 10.78 10.26 10.13 9.14 8.67 9.19 9.78 10.07 9.56 9.23 9.85 10.31 10.26 10.02
11.92 11.71 12.28 11.18 9.68 9.01 9.53 9.92 10.35 10.94 12.17 12.17 11.34 10.63 10.74 10.72 11.42 11.82 10.91 11.12 11.77 11.95 12.50 12.05 12.39 12.73 13.10 12.37 12.07 12.17 11.35 10.93 10.29 9.95 10.87 11.19 10.66 10.48 10.73 10.59 11.75 11.93 12.32 11.96 11.46 11.36 11.66 12.16 12.03 10.40 9.95 9.85 10.93 11.13 10.52 10.60 10.45 10.07 10.71 10.41 10.24 9.85 10.34 11.20 10.85 10.45 9.21 8.77 9.24 10.33 9.84 9.36 9.75 9.75 9.27 10.09 9.68
11.75 11.72 11.58 12.04 11.43 10.12 8.76 10.19 10.80 10.62 11.84 12.48 12.64 11.73 11.52 10.52 10.01 10.98 11.60 11.59 12.14 12.00 11.49 11.31 11.59 12.05 12.94 12.71 12.52 12.31 12.54 11.86 10.37 9.29 9.52 10.60 10.81 10.70 10.49 10.84 11.36 11.45 12.42 12.30 11.63 11.10 11.23 11.07 11.41 9.80 9.42 10.01 11.02 11.28 10.71 10.23 11.05 11.05 10.89 10.88 10.71 9.81 9.96 10.70 10.93 10.57 9.72 8.42 8.95 10.99 10.57 9.11 9.16 9.74 9.30 8.90 9.65
11.59 11.71 10.27 11.41 11.91 11.75 10.67 10.77 10.32 10.76 11.58 11.84 12.18 11.97 12.12 11.56 11.60 11.48 11.32 12.07 12.40 11.91 11.42 11.13 11.47 12.59 12.74 12.59 12.44 12.42 12.23 11.44 10.20 9.91 9.26 10.24 11.03 10.97 10.38 10.64 11.61 11.49 11.82 11.12 11.21 11.60 11.34 10.78 10.12 9.71 8.78 9.24 10.02 10.83 10.99 11.01 10.72 11.09 11.38 10.77 10.39 10.16 10.48 10.32 11.16 10.63 9.40 9.07 9.30 9.73 11.15 10.26 9.22 9.33 9.56 9.56 9.79
11.61 11.23 9.70 10.09 10.81 10.88 10.29 10.19 10.45 11.31 11.78 12.26 12.20 11.55 11.64 11.35 10.09 10.81 11.51 12.19 12.74 12.01 11.43 11.90 12.01 11.27 11.66 12.25 11.41 11.64 12.15 12.00 11.05 10.66 10.90 10.89 10.89 11.02 10.26 10.11 10.22 10.08 10.92 11.09 10.76 11.18 11.47 11.30 9.97 9.80 9.24 8.30 9.35 10.98 11.21 11.81 10.77 10.71 10.96 11.24 11.29 10.39 9.77 9.07 9.39 10.54 11.34 9.77 8.67 9.04 9.84 10.68 9.07 8.72 9.49 9.91 9.77
10.23 10.80 10.71 11.16 11.28 10.89 10.95 10.32 10.37 10.47 12.12 12.19 12.10 12.13 11.73 11.73 10.62 10.53 10.04 10.56 11.74 11.89 12.12 12.33 12.22 11.61 11.24 11.68 12.00 12.06 11.73 11.56 11.79 11.75 11.57 10.57 10.66 10.92 10.72 10.63 10.68 10.16 10.17 10.62 10.90 11.08 10.40 10.75 10.41 9.91 9.08 8.45 9.17 10.85 10.78 10.68 10.09 10.38 11.06 11.25 11.25 10.65 9.75 9.28 8.42 9.44 10.76 9.97 9.19 8.51 8.93 9.67 9.44 9.82 10.40 9.69 8.75
10.27 10.76 10.13 10.57 11.10 10.79 10.66 10.78 11.48 11.14 11.02 11.20 11.18 12.18 11.76 11.31 11.11 10.10 9.95 10.62 11.39 12.07 12.24 12.59 12.39 11.61 11.48 11.73 12.33 11.69 11.22 11.50 11.27 11.65 11.66 10.71 10.38 10.70 10.41 10.39 10.37 10.82 10.46 10.70 11.11 10.84 11.40 10.49 10.73 9.80 9.97 9.89 10.10 10.68 10.88 10.40 9.67 10.64 11.51 11.46 11.15 9.99 9.99 9.44 8.31 9.27 9.10 9.12 9.57 8.75 8.56 8.65 9.00 8.75 9.80 9.63 8.96
11.55 11.32 11.40 10.54 10.22 9.67 8.89 9.29 9.92 9.46 9.00 10.29 10.55 11.40 11.58 10.88 10.88 11.04 10.65 11.01 10.16 10.16 12.00 12.62 11.79 10.79 11.07 11.33 11.91 12.04 11.87 11.81 11.32 11.02 10.82 10.90 11.10 10.47 10.17 10.80 11.13 10.87 10.81 11.06 11.41 10.30 10.17 10.05 10.68 10.10 9.75 9.74 9.34 10.00 11.70 11.56 10.18 9.96 10.69 10.65 11.15 10.50 9.47 9.20 9.09 9.44 9.70 10.17 8.87 8.21 8.17 8.66 8.44 8.46 9.12 9.96 9.54
10.95 10.99 11.31 10.37 9.03 9.25 10.14 9.99 11.44 10.35 9.69 10.40 10.03 10.74 11.40 10.99 10.74 11.35 11.00 10.61 10.71 9.84 10.03 10.46 10.63 10.51 10.73 11.34 12.17 12.22 12.17 11.48 10.46 10.01 9.78 10.43 10.94 11.02 10.77 10.43 10.60 10.63 11.04 11.28 11.84 11.45 10.73 10.15 10.89 11.19 10.61 10.23 9.81 9.20 9.45 9.87 9.88 10.26 10.12 10.21 10.01 10.30 9.79 9.32 10.20 10.50 10.24 10.90 9.61 9.65 9.67 9.95 9.80 9.48 8.48 8.80 9.30
12.13 10.80 8.96 10.39 9.13 8.50 9.78 10.24 10.51 10.97 11.51 11.67 10.39 10.53 11.14 11.71 11.30 11.50 11.60 10.97 11.40 10.75 10.68 9.32 8.76 9.07 9.76 11.25 11.91 12.55 12.85 12.29 11.77 10.36 10.40 10.24 9.97 10.87 11.69 11.19 10.28 9.68 10.84 11.18 12.00 12.03 11.43 10.89 10.36 10.75 11.37 10.46 10.75 10.15 9.81 9.47 10.30 10.25 10.38 11.00 11.13 10.93 11.29 10.75 10.66 11.20 10.33 11.00 10.75 10.21 10.01 10.36 10.36 9.88 8.81 8.31 9.24
12.39 11.76 9.84 9.86 8.11 7.27 8.57 10.02 10.95 12.16 12.50 11.69 11.02 10.86 11.48 11.49 11.67 11.94 12.13 11.12 11.45 11.29 10.89 9.90 9.52 9.72 9.74 10.27 11.86 12.21 12.72 12.80 12.69 10.99 10.35 10.40 9.64 10.10 11.17 11.64 10.94 10.65 11.17 11.30 11.28 11.55 11.33 11.57 11.49 10.80 11.31 10.92 10.31 10.39 10.04 10.00 9.46 9.79 10.71 11.24 11.41 11.11 10.57 11.04 10.64 10.47 11.26 10.91 11.32 10.39 10.10 9.50 9.83 10.08 9.46 9.18 9.21
11.22 11.12 10.76 10.41 9.66 8.89 9.15 9.69 11.31 12.19 12.35 10.81 10.21 10.80 11.00 10.92 11.92 12.39 11.29 10.71 10.79 11.37 11.45 11.27 11.15 10.68 10.11 10.28 11.50 11.83 12.36 12.39 12.35 11.75 10.81 10.42 10.02 10.02 11.02 11.31 11.92 11.31 11.09 11.03 10.82 11.72 11.87 11.40 10.88 11.01 11.02 10.74 9.36 8.87 9.31 9.63 9.70 9.44 9.19 10.39 11.18 11.09 11.02 10.49 10.29 10.31 10.75 10.61 11.32 10.76 10.50 9.29 9.64 9.52 9.84 9.47 9.21
11.19 11.01 10.75 10.14 10.00 9.29 7.93 9.70 10.93 11.19 11.16 10.68 10.46 11.05 10.69 11.34 11.82 12.25 11.65 11.53 10.86 10.04 9.76 10.77 10.96 11.10 10.69 10.97 10.98 10.96 11.58 11.98 12.24 12.47 11.63 11.15 10.95 10.61 10.56 10.60 11.47 11.48 10.56 10.30 11.04 11.36 10.39 11.02 10.69 11.11 11.23 11.49 10.21 9.91 9.63 10.03 9.74 8.87 9.10 9.95 10.87 10.81 11.16 10.83 10.98 11.06 11.38 10.71 11.06 10.89 11.02 9.60 9.25 9.29 9.23 9.47 8.92
10.89 11.13 9.83 9.05 9.32 8.54 8.16 8.08 8.65 9.13 9.83 10.94 11.79 11.04 11.10 11.63 11.99 12.42 11.16 11.22 9.76 9.92 10.19 11.13 10.59 11.26 10.72 10.69 10.57 10.39 10.45 10.67 11.46 12.19 12.31 11.69 11.08 10.92 10.33 10.79 11.04 11.08 11.13 10.41 11.29 11.26 10.38 10.83 10.54 10.95 11.02 11.40 10.84 10.54 10.76 11.20 10.69 10.47 9.93 9.79 10.39 10.63 10.87 10.77 11.34 11.47 11.53 11.20 10.87 10.80 10.74 9.98 9.19 8.54 8.44 7.99 8.49
10.77 11.29 11.19 10.70 9.92 9.63 8.09 9.67 9.19 9.98 10.81 10.79 10.57 11.08 11.10 11.70 12.44 11.70 12.49 12.21 11.51 10.61 10.06 10.02 10.17 10.74 10.16 10.40 10.31 10.77 11.23 11.49 11.11 11.06 11.37 11.83 12.38 11.71 11.40 11.33 11.32 11.35 10.97 11.18 10.95 11.98 11.33 11.48 11.07 10.84 11.16 11.33 10.62 10.13 10.34 10.87 10.16 10.36 10.08 10.03 10.11 10.58 11.24 10.82 10.56 10.78 10.66 10.74 10.94 11.06 10.69 10.15 10.02 10.03 9.68 9.27 8.48
10.57 11.69 11.46 10.36 9.38 8.47 8.10 8.99 10.31 10.51 10.88 10.78 11.13 10.49 10.21 10.58 11.45 11.24 11.78 12.56 12.40 11.92 11.44 10.40 10.63 11.19 10.57 10.69 10.63 10.46 10.44 10.79 11.04 11.51 11.26 11.48 12.17 12.43 11.97 11.69 11.61 11.32 10.86 11.00 10.62 10.78 11.58 11.58 11.46 10.80 11.22 11.62 11.05 10.28 10.70 11.14 11.15 11.47 10.35 10.00 10.04 10.61 10.74 11.25 10.79 10.60 10.37 10.60 10.44 10.84 10.51 10.03 9.46 9.43 9.80 9.18 8.99
