main/data/irradiance/19.02.2023.grid
ncols 839
nrows 679
xllcenter 112.0500
yllcenter -43.9500
cellsize 0.0500
nodata_value 99999.90
[rows 374 to 407 of 679, columns 693 to 769 of 839]
24.70 24.66 25.38 25.35 23.99 24.07 25.06 25.57 25.80 25.64 25.47 24.49 24.59 24.88 24.79 25.97 26.07 25.28 24.80 24.66 25.67 25.49 25.55 24.74 24.37 24.37 25.40 25.08 25.30 25.06 25.77 26.21 25.13 24.87 25.26 25.32 24.93 24.93 26.31 25.34 24.70 24.72 24.03 23.33 23.47 23.18 23.62 24.53 23.73 24.22 23.77 23.89 24.28 24.06 24.40 24.33 23.29 22.90 23.08 24.19 23.69 23.62 24.67 24.69 24.37 25.04 24.38 25.37 24.62 24.78 24.99 24.25 23.58 23.53 24.19 24.47 23.63
24.14 25.47 24.95 25.85 25.30 24.74 25.53 25.58 25.05 24.99 24.74 24.24 25.15 24.69 25.33 25.94 25.86 25.30 23.74 24.38 25.61 25.40 25.19 26.46 26.61 25.85 26.74 25.35 24.01 25.57 25.77 26.36 26.12 25.77 25.58 25.74 26.47 24.92 25.21 25.82 25.34 24.23 24.33 24.34 24.57 24.31 24.58 25.02 25.57 24.62 24.29 24.41 23.61 24.08 23.45 23.98 24.11 23.20 24.24 24.13 22.70 22.23 23.25 23.84 22.46 22.37 22.13 23.40 24.18 23.87 24.25 24.12 23.83 23.40 23.44 24.00 23.45
25.26 24.64 24.75 25.45 25.27 24.99 25.05 25.83 25.17 25.09 24.75 24.59 24.14 24.99 25.34 25.43 26.76 25.30 23.98 25.03 25.43 25.20 26.07 26.46 26.23 26.78 27.07 25.50 24.81 24.40 24.94 25.51 25.61 25.70 24.91 25.58 25.68 25.70 26.17 26.06 26.44 24.99 25.26 25.19 25.69 25.91 26.17 25.13 25.97 25.38 25.01 24.17 24.60 24.17 24.61 25.13 24.85 24.09 25.11 23.80 24.10 24.60 24.32 22.99 22.22 21.30 20.73 21.96 21.67 23.06 22.50 22.28 21.97 23.23 23.54 22.87 21.36
26.20 26.42 26.06 25.57 26.05 25.07 25.05 24.76 25.16 24.26 25.41 23.42 24.12 24.97 24.16 24.65 24.98 23.96 24.72 25.91 24.75 25.14 25.10 25.64 26.48 26.53 26.53 26.42 24.74 24.66 25.11 24.62 25.51 25.11 25.84 26.73 25.79 25.78 26.87 26.75 26.37 25.98 24.70 24.58 24.70 25.22 25.14 26.05 25.39 24.52 24.60 24.48 24.99 24.65 24.22 24.61 24.44 24.28 24.80 24.24 23.97 24.64 23.71 22.46 23.49 22.95 22.37 23.01 22.06 22.09 22.38 21.22 20.98 21.02 23.08 22.43 21.01
26.45 27.09 25.94 25.65 25.43 24.79 24.94 24.77 25.24 24.53 24.53 24.53 25.29 24.30 22.91 24.07 23.81 23.37 24.54 25.46 24.59 24.40 24.62 25.23 25.93 26.16 26.22 26.56 25.76 24.76 24.86 25.20 26.35 26.14 26.14 25.92 25.57 25.91 25.80 26.80 25.78 25.35 25.09 24.33 24.73 25.29 26.31 26.95 25.59 25.01 24.26 23.34 24.42 24.83 23.73 23.67 23.83 24.43 24.21 23.68 23.31 24.26 23.95 22.77 23.61 21.37 22.77 22.72 23.20 23.30 21.47 21.45 20.20 21.82 21.68 22.16 20.48
25.66 26.45 25.96 25.67 25.50 26.36 25.97 25.57 25.91 24.96 24.89 25.21 24.22 23.65 23.69 24.26 22.94 22.07 23.42 24.46 23.65 23.24 23.44 24.84 25.37 25.13 25.81 26.01 25.48 24.36 25.26 25.86 25.94 25.43 25.64 25.58 25.97 26.31 26.41 26.65 26.00 25.61 26.14 25.76 25.95 26.01 26.39 26.99 26.14 26.38 25.50 23.90 23.92 23.11 24.13 24.21 23.47 23.55 23.41 23.51 22.60 23.09 24.16 24.98 25.10 22.60 22.40 21.99 23.73 24.69 23.39 22.60 21.22 21.86 20.70 21.24 20.77
25.20 26.04 25.81 25.96 25.28 26.05 26.30 25.42 24.66 24.22 24.95 25.28 24.49 24.48 25.59 25.02 24.22 22.73 22.65 24.43 23.91 23.32 23.87 24.09 23.95 25.17 25.62 25.09 25.39 24.63 25.13 25.54 25.09 24.82 25.14 26.02 26.38 26.46 25.79 25.59 25.28 25.31 25.95 25.03 26.43 26.28 26.09 25.52 24.41 24.91 26.26 25.18 24.17 23.54 24.74 24.87 24.48 23.96 23.71 24.00 23.45 23.10 23.93 24.73 23.63 22.07 23.02 23.03 22.45 23.91 24.42 21.93 21.34 21.06 20.68 20.93 21.62
25.27 25.60 25.35 25.59 24.79 25.97 25.51 25.14 24.37 23.00 22.99 23.47 24.88 25.41 25.51 24.18 25.14 22.99 22.33 24.18 24.10 23.30 22.57 22.17 23.03 24.65 24.68 24.18 24.63 24.56 24.18 25.16 24.22 24.97 25.94 26.19 25.94 26.45 26.00 25.93 25.48 25.69 25.76 25.41 25.57 25.40 25.57 25.22 24.43 25.02 26.04 25.32 24.80 24.87 25.09 25.63 25.26 24.91 24.61 24.26 23.89 22.95 24.67 24.08 23.59 22.79 20.78 21.70 21.62 22.89 23.17 23.10 21.67 20.93 20.01 20.97 22.47
24.62 25.03 24.99 24.88 25.77 25.89 25.38 25.20 25.14 24.49 23.95 24.01 24.92 25.70 24.59 24.93 25.11 24.21 23.62 24.75 24.30 23.71 23.44 22.30 22.48 23.86 24.34 23.62 24.32 24.14 24.06 24.88 24.55 25.39 26.04 25.32 25.81 26.57 26.29 26.25 26.14 25.58 26.13 26.21 25.75 25.40 25.95 25.31 24.51 24.64 26.37 26.20 26.02 24.62 25.14 25.46 25.45 24.31 23.23 24.58 23.06 23.45 23.90 23.94 23.11 22.66 22.91 23.67 21.87 22.56 23.26 23.67 21.88 21.64 20.83 20.98 21.88
25.13 24.36 24.62 24.19 25.10 25.58 25.34 24.73 25.66 24.30 24.10 25.39 23.60 25.61 25.34 24.95 24.98 25.31 25.17 24.40 24.70 23.81 23.34 23.40 23.17 24.58 24.18 23.99 24.11 22.99 22.98 23.63 24.22 24.81 25.57 25.58 25.44 26.10 25.80 26.00 26.16 26.55 27.01 26.52 26.03 25.85 26.54 26.87 25.35 24.54 25.19 25.89 25.47 25.11 24.40 24.24 24.50 25.50 25.94 25.97 24.52 23.28 23.48 23.02 22.86 23.64 23.34 24.05 23.89 24.08 22.36 22.09 21.86 21.22 20.07 20.75 20.38
25.22 24.83 24.69 24.26 25.33 25.35 25.62 25.25 24.67 24.87 24.63 24.44 24.32 24.28 24.60 25.07 24.01 23.78 24.61 25.35 25.59 24.75 23.83 24.03 24.06 23.91 23.81 24.69 22.83 22.15 22.92 22.40 22.89 24.50 25.32 24.43 24.41 24.64 25.22 25.43 25.54 26.26 25.91 26.67 26.16 25.52 25.75 26.32 26.56 25.60 25.71 26.34 25.21 24.25 24.64 24.90 25.42 25.69 26.37 25.87 24.04 23.48 24.62 24.31 23.01 22.98 23.08 24.24 23.90 23.69 22.15 21.24 20.67 21.00 20.85 19.84 19.18
25.32 24.83 24.83 23.23 24.67 25.02 24.94 25.59 25.08 25.78 26.08 24.46 24.39 24.07 24.65 25.49 24.48 24.96 23.92 24.05 24.77 24.73 23.93 23.81 24.29 23.57 23.49 23.95 22.93 22.34 22.58 21.58 22.53 23.89 23.33 23.03 24.23 24.31 24.66 25.03 25.10 25.95 25.24 25.34 25.57 25.64 26.48 26.36 26.69 26.49 26.03 26.66 24.99 24.05 24.48 24.42 25.15 25.60 25.36 24.58 24.20 24.90 25.01 24.73 24.46 23.12 22.78 24.53 23.76 22.82 22.30 20.48 20.57 19.83 20.16 20.75 20.50
25.18 24.78 24.71 23.04 22.87 23.68 24.31 24.97 25.73 25.81 25.85 25.26 25.29 24.08 24.81 25.67 25.44 24.74 22.94 23.54 23.80 24.66 23.67 23.47 23.73 23.97 23.50 24.14 24.19 22.96 22.69 21.94 21.98 22.97 23.35 22.46 23.99 24.24 24.19 24.18 24.76 25.08 24.69 25.06 25.33 25.47 24.64 25.98 25.23 24.95 25.09 25.91 25.08 23.88 24.94 24.63 24.60 24.87 24.69 24.95 23.78 24.76 24.83 23.86 24.80 24.60 23.69 23.26 23.18 23.57 23.53 21.74 21.06 19.71 19.84 20.64 21.65
25.22 25.29 24.97 25.04 23.78 23.49 24.42 24.51 26.36 26.44 25.57 24.88 25.61 26.03 25.77 26.11 26.74 25.75 24.81 24.53 24.93 24.99 24.29 24.28 23.31 23.87 24.35 23.84 24.33 24.02 22.96 22.30 22.37 22.50 23.74 23.21 23.55 23.85 23.99 23.34 23.60 23.54 24.43 24.83 23.90 23.44 24.52 25.44 25.11 24.54 25.19 25.29 25.80 26.12 26.39 25.59 25.61 25.17 24.92 25.48 24.99 24.70 25.20 24.59 25.01 24.78 25.01 24.46 23.72 23.62 23.71 23.65 22.95 20.94 20.02 19.56 20.15
26.02 25.57 25.51 25.41 25.69 24.80 24.37 25.30 25.70 26.78 25.12 24.00 24.80 25.22 25.96 26.06 26.54 27.01 26.11 25.52 25.72 25.50 24.22 24.14 23.16 23.81 25.87 24.80 24.85 24.59 24.11 22.38 22.69 22.18 22.77 23.48 23.06 23.62 23.81 23.01 23.22 23.35 23.37 23.48 23.24 23.86 24.93 24.50 24.82 23.57 25.37 25.46 25.57 26.01 25.94 25.67 25.40 26.20 26.18 26.11 25.61 25.80 25.17 24.86 24.99 24.16 23.96 23.51 23.70 23.46 23.30 22.32 22.51 22.75 22.12 21.70 20.24
25.12 24.89 25.54 25.20 25.94 26.12 25.56 25.93 25.97 26.73 26.44 25.32 25.22 24.27 24.95 25.84 27.01 26.99 25.98 26.35 26.72 26.56 25.12 23.71 23.36 24.19 25.14 25.01 25.23 25.06 24.36 23.82 23.49 23.23 23.14 23.59 23.06 24.46 24.15 24.04 24.14 22.83 22.96 23.00 24.30 24.31 23.99 24.91 24.81 24.01 25.47 25.01 25.38 25.63 26.07 25.12 24.97 25.89 26.96 26.93 25.89 25.71 25.11 24.92 25.09 24.10 23.26 23.08 23.36 23.99 23.83 22.87 23.73 22.96 21.48 21.15 20.46
26.09 25.30 25.14 26.77 26.55 26.69 26.26 26.18 26.61 26.11 26.17 26.19 25.79 25.16 24.40 25.70 26.05 26.32 26.05 26.48 25.95 26.42 26.13 25.59 24.43 24.96 24.67 25.16 24.47 25.35 25.25 24.80 24.74 23.98 24.18 25.04 23.53 23.87 24.40 24.03 24.80 23.62 23.20 23.36 23.69 23.49 23.90 23.88 23.73 23.69 24.71 24.43 25.44 24.90 25.21 24.42 24.18 24.76 24.93 25.63 24.89 25.07 25.33 24.09 24.47 24.71 24.67 23.41 24.53 23.89 23.14 22.87 23.37 23.83 23.26 21.51 21.56
26.56 25.22 26.06 26.34 26.48 26.62 26.63 26.65 26.73 26.83 26.67 26.34 26.33 26.35 25.83 25.36 25.98 25.81 25.91 26.34 26.41 26.47 26.72 25.87 25.92 24.31 24.39 25.55 25.46 25.62 25.53 25.17 25.67 24.72 24.31 24.37 24.19 23.73 24.79 23.67 24.77 24.47 23.91 23.12 23.43 24.62 24.41 24.44 23.41 23.32 23.56 24.68 25.06 24.05 24.01 23.65 23.55 23.65 24.14 24.73 23.44 22.78 24.41 24.16 24.45 26.27 25.43 23.75 23.89 23.79 23.44 22.32 23.84 23.98 23.51 22.14 22.63
26.20 25.70 26.58 26.34 26.71 26.66 26.48 26.26 26.73 26.76 26.83 26.40 26.65 27.15 26.73 26.48 26.30 26.75 25.63 25.41 26.13 26.75 26.59 25.96 25.74 25.76 24.35 24.65 25.40 26.10 25.87 25.74 25.83 24.39 24.89 24.83 24.70 23.84 25.19 24.31 24.73 24.86 24.71 23.92 24.43 25.13 24.28 24.01 24.29 24.23 24.00 24.66 24.95 24.45 24.29 23.17 22.74 23.47 24.39 24.08 22.91 21.77 23.20 23.43 24.84 26.02 25.15 24.57 22.98 22.82 21.13 20.98 22.48 23.69 23.45 22.64 21.15
26.03 26.28 26.52 26.61 26.50 26.53 26.30 26.11 26.13 26.41 26.69 26.64 27.03 26.90 27.04 26.78 26.90 26.88 26.70 26.20 25.86 25.85 26.19 26.45 25.99 25.41 24.71 25.10 25.25 26.17 25.44 25.87 25.78 24.41 24.52 25.26 25.19 24.56 25.77 25.06 25.69 24.93 24.34 24.44 24.46 25.01 24.37 23.97 24.53 24.58 24.02 24.75 25.05 25.24 24.91 23.72 23.91 24.57 24.31 23.99 23.22 22.55 22.96 22.84 24.29 25.40 24.73 24.12 23.80 22.75 21.59 21.50 21.56 22.08 23.07 21.78 21.68
25.75 26.22 25.83 26.38 26.23 26.87 26.34 26.61 26.33 26.45 26.40 26.41 26.93 26.98 26.93 27.13 27.09 27.08 27.02 26.83 26.34 26.48 26.26 26.56 26.34 25.91 25.65 25.68 25.69 25.57 25.24 26.04 26.18 24.69 25.20 25.47 26.14 25.30 25.35 25.57 24.95 25.56 25.63 25.42 25.88 24.34 24.94 24.90 25.01 24.94 24.96 24.57 24.35 25.20 24.86 24.82 24.84 25.11 24.89 23.60 24.06 23.51 22.77 22.82 21.91 23.49 24.48 24.58 23.99 21.33 21.07 21.28 21.25 21.49 20.82 21.19 21.39
26.06 25.56 26.09 26.20 26.90 26.68 26.67 26.68 26.68 26.12 26.05 26.34 26.99 26.37 26.47 26.63 26.82 26.98 27.24 27.18 27.01 26.80 26.51 26.61 26.35 26.38 26.67 26.58 25.43 25.78 25.74 26.10 25.38 25.47 25.51 26.07 25.43 26.23 25.47 26.42 25.65 25.52 25.27 25.28 26.36 25.36 25.04 24.46 24.22 24.79 25.26 25.00 24.73 24.83 25.59 24.93 24.15 25.55 25.20 24.41 24.82 23.35 22.92 23.49 22.60 21.94 23.53 24.21 24.04 21.73 22.23 22.56 21.63 22.05 20.63 21.47 21.53
26.49 25.81 26.23 26.38 26.66 26.80 26.85 26.87 27.05 26.72 25.79 26.24 27.59 27.59 26.70 26.51 26.61 26.72 26.65 26.65 26.94 26.90 26.90 26.74 26.82 27.11 27.09 26.75 25.98 26.20 26.59 26.77 25.55 25.82 25.75 26.52 26.04 25.78 25.53 25.75 25.88 25.07 25.27 25.65 25.67 25.65 25.12 24.57 24.26 25.04 25.41 24.69 24.68 25.33 25.80 25.04 25.44 25.66 24.71 23.99 24.39 23.77 23.06 22.26 22.71 22.85 23.53 24.38 24.67 23.93 23.50 24.07 24.22 23.50 22.62 21.93 22.01
26.71 26.65 26.66 25.80 26.26 26.17 26.77 26.94 27.01 26.31 26.53 26.79 27.54 27.51 27.13 26.70 26.64 26.75 26.59 26.33 26.53 26.76 26.69 26.60 26.94 26.64 26.98 26.70 26.16 26.86 27.34 26.91 26.70 26.31 26.12 25.84 26.05 26.51 26.10 26.45 26.61 26.48 25.63 25.99 25.10 25.78 25.37 25.36 25.01 24.86 25.55 25.97 25.40 25.57 26.04 25.49 25.55 25.30 25.03 24.50 25.38 24.43 22.04 23.26 23.68 22.90 21.46 22.93 22.96 22.53 23.45 23.79 23.67 24.27 22.78 22.47 22.01
26.73 26.73 26.87 26.90 26.56 26.89 26.84 26.17 26.42 26.56 26.87 26.84 26.73 27.43 26.68 26.56 26.64 26.59 26.47 26.52 26.07 25.92 26.58 26.68 26.82 26.90 26.58 26.76 26.56 26.95 27.16 27.17 26.86 26.21 26.27 25.70 25.53 26.51 26.18 26.35 27.05 27.24 26.90 26.16 26.22 25.77 25.71 25.74 25.55 25.10 25.76 25.24 24.48 26.09 26.17 26.12 25.76 25.16 24.90 24.81 25.98 25.28 23.48 23.22 23.81 22.45 19.18 20.36 21.28 21.92 22.10 22.23 22.67 23.76 23.76 23.63 23.07
25.90 25.93 26.05 26.89 27.23 27.16 27.13 27.08 26.99 26.44 26.50 27.08 26.31 26.54 26.90 27.12 27.02 26.72 26.12 26.67 26.33 25.97 26.31 26.98 26.35 26.52 26.35 26.58 27.02 27.38 26.93 26.93 26.77 26.67 26.66 26.42 26.77 26.48 26.58 26.42 26.25 27.06 26.80 25.96 26.20 26.45 26.33 26.42 26.23 26.12 25.99 25.56 25.15 25.83 26.42 25.95 26.33 26.15 25.15 25.70 25.98 26.46 23.92 24.20 23.38 22.70 21.82 20.83 20.97 21.57 21.16 22.93 22.10 22.93 23.80 23.98 23.84
26.27 26.38 26.48 26.62 27.06 27.08 27.18 27.09 27.06 27.15 26.56 27.04 27.19 26.73 26.94 27.21 27.49 26.70 26.00 26.51 26.57 26.73 26.43 26.50 25.70 25.61 26.19 26.94 27.03 27.14 27.37 27.01 26.66 27.24 26.71 26.95 27.04 27.20 26.66 26.28 26.55 25.90 26.43 26.49 26.49 25.79 26.02 26.89 26.87 26.70 26.17 26.15 26.15 26.64 26.48 26.61 26.15 26.43 26.48 25.96 26.18 25.75 25.29 24.51 22.87 22.19 23.19 21.78 20.54 20.70 22.33 22.40 22.50 22.29 23.06 23.64 23.62
26.28 25.69 25.93 26.55 26.37 26.71 26.89 26.96 27.02 27.14 27.19 27.11 27.24 27.05 26.91 27.34 27.36 26.24 26.26 27.02 27.33 27.00 26.65 26.88 26.56 26.42 26.43 26.46 27.00 27.07 27.11 27.12 27.02 27.06 26.26 26.65 27.09 26.91 26.85 26.82 26.92 25.73 26.17 26.52 26.96 26.62 26.06 26.58 27.08 26.71 26.76 27.07 26.94 26.42 26.10 26.61 25.96 26.29 26.29 26.79 26.42 26.17 26.02 24.96 23.73 22.71 21.63 20.02 19.58 20.12 21.37 21.12 21.95 21.45 21.90 22.89 22.11
26.92 25.48 25.70 26.25 26.33 25.83 25.97 26.37 26.60 26.60 26.93 27.18 27.29 27.32 27.30 27.36 27.36 27.18 26.27 26.47 26.21 27.17 26.77 26.71 26.75 26.64 26.91 26.07 26.21 26.74 26.63 26.40 26.71 27.11 26.80 26.67 26.46 26.57 26.90 26.87 27.17 26.74 26.57 26.58 27.08 26.61 26.38 26.68 26.83 26.97 27.23 27.17 26.97 26.00 26.87 26.62 26.51 26.59 26.07 26.54 26.33 26.52 26.67 25.72 24.48 23.62 21.45 20.29 21.02 21.46 22.37 21.22 21.11 21.32 22.28 22.73 21.88
26.87 26.27 25.85 25.90 25.72 25.66 25.19 25.80 26.23 26.66 26.50 27.25 27.27 27.28 27.28 26.99 27.14 27.10 27.10 27.35 27.04 26.88 27.13 26.62 27.25 26.90 26.66 26.55 26.95 26.79 26.62 27.04 27.29 27.29 27.01 27.07 27.17 26.63 27.26 27.38 27.20 26.84 26.22 26.32 26.48 26.65 26.57 26.54 26.88 26.70 27.06 27.22 26.93 26.56 26.64 26.49 26.59 26.52 26.26 26.90 26.70 26.57 26.66 25.76 25.91 26.18 23.62 21.40 21.10 23.59 23.65 23.23 22.27 21.83 22.10 22.86 22.69
26.62 26.24 26.20 26.01 26.05 26.03 25.03 25.88 25.65 26.45 26.46 26.51 26.39 26.53 26.85 26.37 26.73 26.79 27.02 27.17 27.09 26.77 27.27 26.98 26.87 27.04 27.34 27.48 27.15 27.26 26.21 26.15 26.50 26.40 26.86 26.41 26.57 26.20 26.62 26.31 26.69 26.74 26.84 26.64 26.59 26.79 26.75 26.75 26.94 27.06 26.97 27.33 27.29 27.07 26.77 26.35 26.45 26.84 26.24 26.34 26.16 26.04 26.31 25.54 26.01 26.62 26.16 25.62 23.66 23.48 24.33 24.44 23.81 24.41 23.68 24.00 24.01
27.08 26.80 26.15 26.20 26.41 26.03 25.49 26.16 25.46 25.68 26.28 25.97 26.45 26.47 26.58 26.53 26.56 26.70 26.38 26.39 26.22 26.67 26.95 26.76 26.55 26.75 27.32 27.41 27.32 27.37 26.11 26.22 25.99 26.14 26.98 26.48 26.79 26.88 26.78 26.99 26.95 27.12 26.87 26.16 25.96 25.86 25.92 26.15 26.38 27.00 26.63 27.19 26.96 26.64 26.79 26.86 26.78 26.50 26.34 26.28 26.16 26.33 26.51 26.10 26.26 26.29 26.36 26.25 25.39 25.51 24.72 25.78 24.16 24.36 24.48 24.69 24.64
27.01 27.08 26.92 26.63 26.36 26.32 26.29 26.31 26.25 25.89 25.75 25.97 26.57 26.41 26.62 26.58 26.95 26.85 26.59 26.43 26.54 26.70 26.81 26.75 26.38 26.09 26.78 27.23 27.11 26.73 26.76 25.94 25.75 25.77 26.14 25.80 26.07 26.78 26.62 27.07 27.06 26.83 25.70 25.63 25.56 25.83 25.53 25.30 25.75 26.43 26.45 26.31 26.50 26.51 26.94 27.02 26.58 26.59 26.42 26.05 26.16 26.26 26.25 26.22 26.28 26.44 26.28 26.27 26.41 26.05 25.68 25.88 25.50 25.09 25.37 24.76 25.82
26.73 27.09 27.05 26.90 26.87 26.63 26.72 26.28 26.37 26.12 26.26 26.26 26.47 26.86 26.96 26.85 26.90 26.86 26.76 26.64 26.59 26.82 26.83 26.82 26.69 26.30 26.30 26.50 26.23 26.65 27.30 26.27 25.65 24.82 25.85 25.41 25.96 26.08 26.55 26.24 25.76 25.76 25.61 25.46 25.51 25.15 24.89 24.76 25.67 26.08 25.94 26.34 26.64 26.61 26.84 26.83 26.84 26.88 26.73 26.29 26.19 25.88 26.43 26.40 26.26 26.63 26.35 26.26 26.15 25.87 25.23 25.71 25.51 24.18 25.21 25.09 24.04
