main/data/irradiance/19.12.2023.grid
ncols 839
nrows 679
xllcenter 112.0500
yllcenter -43.9500
cellsize 0.0500
nodata_value 99999.90
[rows 136 to 169 of 679, columns 539 to 615 of 839]
28.49 28.49 28.49 26.63 26.63 26.63 26.83 26.83 26.83 27.70 27.70 27.70 27.70 27.70 27.70 27.70 27.70 25.03 25.03 25.03 25.03 25.03 25.03 25.03 99999.90 99999.90 99999.90 99999.90 24.77 24.09 23.16 23.16 23.16 23.16 23.16 23.16 23.16 23.16 23.86 23.86 23.83 23.83 23.83 23.61 23.28 22.85 22.74 22.80 22.98 23.88 23.31 23.80 23.93 26.02 25.79 24.68 25.90 24.81 25.60 25.47 26.06 26.47 27.11 26.31 25.77 27.47 27.47 27.73 27.83 28.29 28.42 28.63 28.17 28.02 28.11 28.26 28.80
28.49 28.49 28.49 28.11 28.11 26.63 26.83 26.83 27.70 27.70 27.70 27.70 27.70 27.70 27.70 27.70 27.70 27.70 27.70 27.70 27.70 25.03 25.03 25.03 99999.90 99999.90 99999.90 99999.90 24.77 24.09 23.16 23.16 23.16 23.16 23.16 23.16 23.16 23.16 23.16 23.86 23.86 23.88 23.88 24.09 24.16 23.73 22.88 23.87 23.95 23.07 23.88 24.13 24.30 24.64 25.04 24.45 24.71 25.02 24.93 25.45 26.02 25.72 24.40 25.96 26.25 27.55 27.62 27.75 27.90 28.45 28.79 29.08 28.86 28.09 27.75 28.01 28.79
28.49 28.49 28.11 28.11 26.96 26.96 26.96 27.70 27.70 27.70 27.70 27.70 27.70 27.70 27.70 27.70 27.70 27.70 27.70 27.70 27.70 25.03 25.03 25.03 99999.90 99999.90 99999.90 24.18 24.77 24.09 23.16 23.16 23.16 23.16 23.16 23.16 23.16 23.16 23.16 23.16 23.86 23.86 24.98 24.85 24.71 23.50 23.98 23.64 24.10 23.15 22.55 24.17 23.97 25.41 25.33 24.32 25.92 25.54 25.49 25.26 24.14 24.43 25.40 26.10 26.53 27.09 27.23 27.18 27.85 28.60 28.35 28.55 28.21 28.10 27.66 27.89 27.93
27.65 28.11 28.11 26.96 26.96 26.96 26.96 27.70 27.70 27.70 27.70 27.70 27.70 27.70 27.70 27.70 27.70 27.70 27.70 27.70 27.70 25.03 25.03 25.03 99999.90 99999.90 23.54 24.18 24.77 24.09 24.09 24.09 23.16 23.16 23.16 23.16 23.16 23.16 23.16 23.16 23.16 24.49 25.08 24.71 25.21 25.78 24.28 22.70 23.64 23.22 22.94 24.31 23.78 24.81 25.03 24.31 25.78 26.41 25.44 24.88 25.92 27.18 25.76 25.71 26.66 26.61 27.19 27.19 27.87 28.20 28.04 28.00 28.32 28.50 28.70 28.70 28.70
26.04 25.75 26.96 26.96 26.96 26.96 26.96 27.70 27.70 27.70 27.70 27.70 27.70 27.70 27.70 27.70 27.70 27.70 27.70 27.70 27.70 28.64 27.94 99999.90 28.30 28.30 28.30 28.30 24.77 24.09 24.09 24.09 24.09 24.09 24.09 23.83 23.83 23.83 23.83 23.83 23.83 23.38 23.70 24.77 25.59 24.88 24.54 23.04 24.05 22.73 23.34 24.84 23.36 22.91 25.07 25.08 25.32 26.71 26.13 25.98 25.59 26.78 27.00 25.77 27.03 27.27 27.44 27.77 27.96 27.79 28.10 28.16 28.34 28.67 28.89 29.24 29.33
23.84 25.19 26.86 26.86 26.86 26.86 26.86 27.65 27.65 27.65 27.65 27.65 27.65 27.65 27.65 27.65 27.65 27.65 27.65 27.65 27.65 28.57 28.57 28.57 28.57 28.30 28.30 28.30 28.30 24.09 24.09 24.09 24.09 24.09 24.09 24.09 24.09 24.09 24.03 24.03 24.03 23.64 24.67 24.46 24.46 23.35 23.79 23.74 24.31 24.99 23.57 24.54 23.25 23.81 24.54 26.10 25.92 25.96 26.70 26.54 25.79 26.03 27.31 27.61 27.66 27.63 28.06 27.63 27.61 27.66 28.43 28.68 28.54 28.26 28.27 29.13 28.74
25.63 23.38 22.05 22.05 22.05 27.85 27.85 27.65 27.65 27.65 27.65 27.65 27.65 27.65 27.65 27.65 27.65 27.65 27.65 27.65 28.57 28.57 29.54 29.54 29.54 29.67 29.67 28.30 28.30 28.30 24.77 24.09 24.09 24.09 24.09 24.09 24.09 24.09 24.09 24.47 24.47 25.14 24.94 24.64 23.56 23.58 24.15 25.15 25.89 25.64 24.70 23.08 23.78 24.13 24.99 25.55 26.77 26.18 27.00 27.24 27.06 27.70 27.79 28.19 27.58 27.68 28.02 28.46 28.27 28.41 28.93 28.87 28.29 27.29 28.13 28.47 27.54
23.66 22.65 25.27 25.27 27.85 27.85 27.85 27.65 27.65 27.65 27.65 27.65 27.65 27.65 27.65 27.65 27.65 27.65 27.65 28.57 28.57 28.57 29.54 29.54 29.86 29.86 29.86 29.67 28.30 28.30 28.30 24.77 24.77 24.77 24.09 24.09 24.09 24.09 24.09 24.09 25.63 25.05 25.64 25.27 25.05 23.99 23.77 25.21 24.39 24.77 23.41 24.44 24.48 25.15 25.30 25.04 25.62 26.54 27.74 28.87 29.44 29.19 28.74 28.07 28.17 28.31 28.99 29.14 28.76 28.93 28.86 28.68 27.49 27.51 27.74 27.04 27.39
24.64 25.62 26.77 27.85 27.85 27.85 27.67 27.46 28.45 27.65 27.65 27.65 27.65 27.65 27.65 27.65 27.65 28.57 28.57 28.57 28.57 29.54 29.54 29.54 29.86 29.86 29.86 29.67 28.30 28.30 28.30 28.30 24.77 24.77 24.77 24.77 24.77 26.13 26.13 26.13 25.70 26.00 25.83 25.56 24.85 24.86 25.48 26.26 25.47 24.69 26.43 26.03 26.26 26.44 25.75 24.88 26.56 27.18 28.22 28.75 29.17 29.40 29.62 29.36 28.64 28.66 28.77 28.29 28.36 27.83 28.45 28.45 27.62 27.93 28.07 27.92 28.26
27.18 26.54 26.36 27.76 27.76 27.67 28.23 27.46 28.45 28.45 28.45 28.58 28.58 28.58 28.58 28.64 28.57 28.57 28.57 28.57 28.57 29.54 29.54 29.54 29.86 29.86 29.86 29.67 29.67 28.30 28.30 28.30 28.30 24.18 24.77 24.77 24.77 24.77 26.57 26.57 26.33 26.20 25.76 25.18 25.24 24.95 25.20 24.74 26.17 25.92 27.24 26.46 26.34 25.98 26.62 26.81 27.36 27.75 27.78 28.25 29.08 29.30 29.59 29.80 28.36 28.34 28.13 27.90 27.40 27.91 27.87 28.18 28.58 28.16 27.92 28.49 28.59
26.30 25.86 25.97 26.81 27.67 27.67 28.23 27.46 28.45 28.45 28.58 28.58 28.58 28.58 28.64 28.64 28.57 28.57 28.57 28.57 29.54 29.54 29.54 29.54 29.57 29.86 29.86 29.86 29.67 29.67 28.30 28.30 28.30 28.30 24.18 24.18 24.77 24.77 24.77 26.05 25.84 25.52 23.99 23.13 24.80 25.12 25.83 26.67 26.05 27.00 26.16 25.79 26.20 27.45 27.90 28.17 28.26 28.10 29.07 28.75 28.88 29.24 28.73 28.75 28.75 28.32 28.32 28.41 27.53 28.46 28.84 28.20 27.85 27.64 28.04 28.67 28.48
26.37 24.92 25.25 25.70 27.00 28.12 28.23 27.46 28.45 28.45 28.58 28.58 28.58 28.64 28.64 28.21 28.57 28.57 28.57 28.57 29.54 29.54 29.54 29.64 29.57 29.86 29.86 29.86 29.67 29.67 28.30 28.30 28.30 28.30 23.54 24.18 24.18 24.24 24.24 24.30 25.17 24.63 24.27 24.22 24.70 25.41 27.06 26.09 25.97 26.07 25.38 26.37 26.86 27.79 27.69 27.96 28.25 29.09 29.05 28.79 29.21 29.12 28.74 28.26 28.54 28.73 28.40 27.81 27.79 28.54 28.47 28.27 28.56 28.90 28.05 28.52 28.82
25.05 24.87 25.41 26.67 27.14 27.98 27.92 27.61 27.89 27.83 28.58 28.58 28.64 28.64 27.94 28.21 28.57 28.57 28.57 29.54 29.54 29.54 29.54 29.64 29.57 29.86 29.86 29.86 29.67 29.67 29.67 28.30 28.30 28.30 28.30 23.54 24.18 24.18 24.53 25.68 24.68 25.80 25.69 26.36 26.05 26.25 26.73 25.24 25.11 25.72 25.30 26.37 26.83 27.28 27.01 27.84 28.43 29.26 29.26 29.07 29.06 29.17 29.31 29.34 29.12 29.55 29.65 28.95 29.00 29.12 28.97 29.07 29.33 29.14 29.43 28.88 27.83
26.28 26.78 25.77 26.32 27.12 27.77 28.36 28.20 28.09 28.68 28.90 28.64 28.64 27.94 28.19 28.21 28.57 28.57 28.57 29.54 29.54 29.54 29.54 29.64 29.57 29.86 29.86 29.86 29.86 29.67 29.67 29.17 28.30 28.30 28.30 23.54 23.54 24.32 25.22 25.22 25.54 26.30 26.61 27.25 26.44 25.62 24.78 24.65 26.08 26.18 27.06 26.34 25.85 27.64 28.16 28.19 28.79 29.28 28.96 28.98 29.15 29.28 29.53 29.39 29.50 29.77 29.82 29.82 29.58 29.54 29.54 29.44 29.23 29.24 29.12 29.26 29.40
26.48 26.27 25.45 25.33 25.58 27.50 28.86 28.49 28.44 28.78 28.67 28.42 27.94 27.94 28.19 28.21 28.57 28.57 29.54 29.54 29.54 29.54 29.52 29.64 29.57 29.77 29.86 29.86 29.86 29.67 29.67 29.67 29.17 28.30 28.30 26.49 26.57 26.53 25.75 25.87 26.58 27.17 26.65 26.74 27.03 25.41 26.41 25.91 27.34 26.23 26.59 27.26 27.21 28.05 28.44 28.85 28.76 28.61 28.81 29.05 28.93 29.68 29.70 29.65 29.48 29.67 29.79 29.92 29.89 29.72 29.66 29.69 29.31 29.16 29.34 28.96 29.01
26.60 25.75 25.56 25.36 26.00 26.51 26.91 26.87 27.64 28.14 28.46 28.27 28.02 27.73 28.19 28.21 28.57 28.57 29.54 29.54 29.54 29.25 29.52 29.64 29.57 29.77 29.86 29.86 29.86 29.78 29.67 29.67 29.17 29.17 27.53 27.56 27.97 27.82 26.81 26.81 27.11 26.66 27.38 26.47 26.67 27.46 27.53 27.76 26.37 27.38 27.58 26.26 27.60 27.90 28.34 28.58 28.43 29.08 29.35 29.50 29.43 29.50 29.45 29.42 29.43 29.56 29.78 29.85 29.75 29.63 29.77 29.73 29.72 29.22 29.36 29.67 29.53
26.57 26.13 25.51 25.84 25.40 25.09 25.52 26.38 26.76 27.46 28.23 28.87 28.90 28.86 28.77 28.98 29.40 29.44 29.54 29.54 29.25 29.54 29.52 29.64 29.57 29.77 29.88 29.86 29.86 29.78 29.67 29.67 28.53 28.44 28.69 28.01 28.37 28.44 27.47 27.79 28.39 27.53 26.99 27.46 27.75 28.00 28.55 27.64 27.40 28.06 28.46 27.53 28.35 28.24 28.14 28.49 27.63 28.99 28.69 28.89 28.90 29.08 29.32 29.43 29.57 29.63 29.41 29.73 29.77 29.63 29.68 29.77 29.78 29.83 29.48 29.72 29.88
26.75 27.14 26.19 25.69 25.05 25.21 25.32 26.07 26.50 27.16 27.65 27.95 28.77 28.92 29.28 29.53 29.64 29.67 29.37 29.25 29.25 29.54 29.52 29.64 29.57 29.77 29.88 29.86 29.86 29.78 29.36 28.70 28.25 28.78 28.81 28.73 27.92 28.19 27.52 27.11 27.76 27.91 27.22 27.80 27.94 27.86 27.90 27.87 28.57 27.70 28.35 27.39 27.71 28.38 28.70 27.95 28.17 28.86 28.90 28.25 28.65 28.35 28.61 29.12 29.30 28.84 29.35 29.80 29.76 29.67 29.63 29.56 29.71 29.82 29.77 29.75 29.71
26.97 26.90 26.58 25.88 26.05 25.96 26.04 26.12 26.16 26.57 27.66 28.01 28.68 29.33 29.17 29.73 29.76 29.29 29.80 29.27 29.61 29.54 29.52 29.64 29.57 29.77 29.88 29.93 29.93 29.59 29.15 28.66 28.40 28.80 28.34 27.96 27.79 27.74 28.01 27.91 28.28 27.67 28.18 27.53 27.22 27.64 26.88 27.81 28.24 28.90 28.78 28.87 29.00 29.29 28.61 28.64 28.88 28.59 28.59 27.55 27.76 27.83 28.44 28.99 28.85 28.20 29.60 29.80 29.90 29.70 29.52 29.53 29.42 29.80 29.77 29.83 29.77
26.56 26.56 27.43 26.80 26.45 26.60 26.33 26.41 26.46 27.24 27.39 28.49 28.87 28.98 29.44 29.74 29.79 29.76 29.84 29.82 29.83 29.86 29.75 29.91 29.85 29.88 29.95 29.95 29.57 28.17 28.31 28.10 27.44 27.60 27.51 27.39 27.22 27.17 28.41 27.76 28.24 28.15 27.87 27.09 27.67 27.75 27.37 28.37 28.43 28.78 28.65 28.96 28.33 27.82 28.24 28.35 28.28 27.88 27.49 27.21 28.28 28.28 28.34 29.07 28.36 28.34 29.27 28.87 28.62 29.17 29.73 29.65 29.48 29.23 29.79 29.75 29.79
27.32 27.37 27.36 27.02 27.37 27.25 27.05 26.95 27.04 27.30 28.36 28.08 28.09 28.49 29.49 29.35 29.76 29.84 29.87 29.83 29.83 29.86 29.81 29.77 29.44 29.91 29.55 29.36 28.73 28.23 29.11 28.21 27.50 28.06 27.77 27.52 27.27 26.72 28.25 28.26 27.28 27.27 28.14 27.62 27.54 28.01 28.87 28.60 28.50 28.25 28.96 28.49 28.66 28.72 27.73 27.37 27.90 27.60 28.24 28.17 28.12 28.08 27.78 27.97 27.99 28.69 28.55 28.51 28.10 28.91 29.23 29.60 29.37 29.12 29.11 29.61 29.10
27.70 28.27 27.71 27.88 27.69 27.50 27.54 27.52 27.46 28.09 28.54 28.35 28.68 28.96 28.78 29.27 29.62 29.52 29.71 29.87 29.92 29.86 29.81 29.73 29.22 29.02 28.82 29.05 28.14 28.67 28.12 28.11 28.36 28.07 27.92 27.42 25.35 27.02 27.65 28.12 28.24 27.53 28.28 27.57 28.95 27.95 28.72 28.06 27.68 28.06 28.17 28.15 28.57 27.70 27.29 28.34 28.58 28.93 27.86 28.22 27.47 27.32 27.45 27.56 28.08 28.18 28.18 28.26 29.28 28.94 29.33 28.96 28.63 29.07 28.60 29.24 28.88
28.06 28.16 28.37 27.61 28.10 27.73 28.40 28.39 28.66 29.07 28.78 28.87 29.08 29.07 29.13 28.85 28.84 28.89 29.07 29.59 29.76 29.42 28.99 29.11 28.92 28.62 29.08 28.82 28.03 27.79 28.01 28.24 28.58 28.46 27.36 28.44 28.06 28.02 28.20 28.33 28.27 28.01 29.00 28.03 28.96 28.75 28.22 27.29 27.59 27.09 27.78 27.52 28.19 27.94 28.07 28.57 28.62 28.55 28.07 28.78 27.77 27.76 27.14 28.17 27.90 28.26 28.13 29.05 28.75 29.21 28.88 29.10 29.49 28.74 27.90 28.82 28.64
27.78 28.14 28.00 27.80 27.44 28.09 28.47 28.72 29.40 28.97 28.54 29.18 29.25 29.03 29.63 29.02 28.86 28.65 28.82 28.98 29.30 29.15 29.23 29.34 28.75 28.89 28.85 28.79 28.43 27.44 28.36 27.61 27.69 28.27 28.24 27.77 28.80 28.07 28.74 28.00 28.17 28.79 28.33 28.95 28.77 28.63 27.56 26.92 27.72 27.52 27.67 27.95 27.34 28.24 28.47 28.15 27.83 28.24 28.15 27.98 28.13 27.96 27.76 28.79 27.84 28.49 28.82 29.23 28.98 29.10 29.62 29.60 29.79 29.37 28.34 27.52 28.01
27.76 27.89 28.09 28.22 28.07 27.96 29.06 29.09 29.30 29.36 29.38 29.22 29.21 29.19 29.74 29.48 28.84 28.94 28.68 29.39 29.35 29.58 29.52 29.41 28.70 28.92 28.44 29.06 28.05 28.66 29.03 28.77 28.37 28.58 27.60 27.35 27.82 28.31 28.34 29.40 28.83 29.26 28.96 29.06 27.90 27.05 27.42 27.27 26.81 27.23 27.37 27.32 27.47 28.49 28.09 28.23 27.99 27.87 28.23 28.45 28.47 27.82 28.07 28.73 28.40 28.87 29.05 29.22 29.36 29.57 29.77 29.44 29.30 28.94 29.33 28.00 26.88
28.10 28.28 28.17 28.29 28.58 28.44 28.99 29.16 28.73 29.05 28.91 29.19 29.29 29.40 29.62 29.51 29.43 29.24 29.43 29.48 28.99 29.11 29.29 29.54 28.65 28.85 28.47 28.36 27.33 28.28 28.44 28.44 28.11 28.02 26.84 28.32 28.59 28.30 28.57 29.11 29.27 29.31 29.57 28.87 28.81 28.86 27.19 28.06 27.45 27.45 27.37 28.38 28.58 28.58 28.51 28.62 27.75 27.37 28.06 27.80 27.57 27.57 28.74 28.71 29.90 29.72 29.34 29.20 29.80 29.76 29.85 29.53 29.51 28.90 29.38 27.74 28.08
28.27 28.16 28.32 28.80 29.03 29.16 29.16 28.32 28.88 28.96 29.39 29.23 29.61 29.40 29.39 29.14 29.74 29.41 29.54 29.84 28.71 29.01 29.36 28.83 28.32 27.80 28.13 27.50 27.99 27.57 28.03 28.16 27.31 28.04 27.68 27.57 29.30 28.26 28.92 28.90 29.41 29.14 28.71 28.74 28.61 27.36 28.10 27.55 27.75 28.12 28.52 28.73 28.53 28.10 28.60 28.43 27.47 26.63 27.60 27.67 28.16 28.26 29.54 29.07 29.93 29.41 29.96 29.75 29.68 29.84 29.83 29.84 29.69 29.15 28.92 28.38 28.80
28.04 28.58 28.45 29.24 29.19 29.35 28.60 28.82 29.24 28.88 29.18 29.00 29.66 29.71 29.58 29.21 29.66 29.39 28.86 29.52 28.91 29.12 29.03 28.62 28.26 28.45 28.05 27.40 27.13 26.64 27.79 27.62 28.04 28.32 27.86 28.39 28.47 28.92 28.83 29.51 29.35 28.85 29.03 26.74 27.58 28.34 27.97 28.48 28.94 28.41 28.68 28.92 28.49 28.20 27.87 27.94 27.06 27.79 27.61 27.48 28.48 28.94 28.86 29.35 29.91 29.93 29.80 29.88 29.77 29.68 29.85 29.83 29.62 29.50 29.19 28.80 29.08
28.29 28.15 28.48 29.02 28.97 29.03 29.00 29.16 29.12 29.26 29.02 29.23 29.65 29.84 29.84 29.75 29.55 28.47 27.56 28.52 28.70 29.04 28.83 28.76 27.82 28.72 28.26 26.75 27.54 27.50 27.93 28.65 28.38 27.96 28.28 29.04 29.03 28.50 29.21 28.45 29.26 28.40 27.74 28.06 26.94 27.84 28.78 28.51 29.06 29.06 29.05 28.57 27.90 28.13 26.70 27.72 27.64 27.95 27.66 28.51 28.81 29.05 29.53 29.60 29.73 29.93 29.99 29.84 29.62 29.07 29.65 29.70 29.56 29.41 29.29 28.22 29.20
28.82 29.04 28.83 28.98 28.81 29.01 28.86 29.21 29.47 29.49 29.45 29.28 29.67 29.50 29.20 29.18 29.00 28.56 28.53 28.46 28.74 27.42 28.80 28.24 27.82 28.69 28.07 28.03 28.27 28.98 27.96 29.36 28.70 28.76 27.75 29.14 28.96 28.97 29.31 28.91 28.19 29.02 27.87 28.15 28.52 28.57 28.41 28.20 28.44 28.67 28.76 28.14 27.91 28.07 27.27 27.33 28.10 27.60 28.79 28.54 28.36 29.10 29.57 29.74 29.78 29.88 29.69 29.61 28.66 28.25 29.42 29.07 29.15 29.36 29.56 28.97 29.23
29.39 29.21 29.10 28.48 28.82 28.82 28.84 29.13 28.97 29.60 29.63 29.14 28.92 28.44 28.86 28.92 28.19 28.42 27.18 28.22 27.92 27.61 28.24 28.05 28.59 28.23 28.17 28.71 28.16 28.99 28.60 28.31 28.71 29.10 27.95 28.37 28.43 29.46 29.44 29.54 28.43 27.44 28.40 28.16 28.31 28.83 28.70 28.91 28.39 28.05 27.39 28.17 27.81 27.52 27.27 27.22 28.23 28.93 28.49 28.26 29.03 29.24 29.59 28.99 29.29 29.53 29.03 29.23 29.12 28.61 28.50 28.84 28.70 29.20 29.23 29.45 29.34
29.30 28.64 28.91 28.91 29.04 29.11 29.12 29.05 28.92 29.66 29.37 28.92 29.53 29.08 28.22 28.23 28.53 27.88 28.69 27.89 28.17 28.40 27.79 28.24 28.87 27.06 28.80 28.64 28.93 29.26 29.38 28.21 29.14 29.46 29.39 28.72 29.37 29.48 29.65 29.06 28.70 28.88 29.04 28.89 28.95 28.37 28.59 28.17 28.35 28.75 28.27 29.02 28.66 28.56 28.87 28.55 29.03 28.90 28.43 29.11 29.40 29.14 29.37 29.24 28.96 29.01 28.48 28.03 27.99 28.07 28.54 29.18 28.79 29.11 28.61 29.04 28.38
28.70 29.19 28.73 29.07 28.92 28.44 28.02 29.38 29.26 28.68 28.92 28.35 28.48 28.72 28.75 28.20 28.57 28.85 28.81 29.07 27.84 28.30 27.81 28.56 28.94 28.19 29.04 28.71 29.26 29.28 29.01 28.86 28.65 29.28 29.57 29.12 29.57 29.04 28.35 28.74 29.05 28.43 29.32 29.35 29.18 29.25 29.19 28.60 28.23 28.26 28.44 28.67 28.77 28.89 29.40 29.21 29.34 28.43 28.71 29.53 29.38 29.21 28.94 28.52 28.50 28.63 27.54 28.43 27.96 28.51 29.22 29.31 29.50 29.74 29.36 28.79 29.36
29.07 28.97 28.72 28.83 28.41 28.51 28.19 28.61 29.01 28.90 28.59 29.12 28.33 28.37 28.17 28.87 28.61 28.67 28.71 28.57 28.65 29.05 29.13 28.58 28.85 29.09 28.83 28.79 28.73 28.96 28.52 29.35 29.37 29.17 29.66 29.78 29.38 28.97 29.13 28.73 28.67 29.58 29.38 29.35 29.18 29.16 29.08 28.31 28.41 28.97 29.26 29.36 29.02 29.20 29.59 29.16 29.16 29.02 29.62 29.50 29.77 29.66 28.43 28.15 28.07 27.37 28.02 27.41 28.37 27.96 29.02 28.51 28.80 29.10 29.71 28.77 29.23
