main/data/irradiance/19.11.2023.grid
ncols 839
nrows 679
xllcenter 112.0500
yllcenter -43.9500
cellsize 0.0500
nodata_value 99999.90
[rows 102 to 135 of 679, columns 231 to 307 of 839]
99999.90 99999.90 99999.90 99999.90 99999.90 99999.90 99999.90 26.44 26.93 26.93 26.93 26.93 26.93 26.93 26.93 26.93 26.93 26.93 26.93 26.58 26.75 26.75 26.75 28.49 28.49 28.49 28.49 28.49 28.53 28.50 28.06 28.06 28.39 27.94 27.94 27.68 27.69 27.86 28.01 28.55 28.67 28.16 28.63 28.61 28.59 28.51 28.72 28.79 28.69 28.63 28.75 28.71 28.77 28.83 28.85 28.84 28.87 28.87 28.88 28.91 28.90 28.93 28.90 28.74 28.85 28.69 27.89 27.01 27.39 28.37 28.54 27.19 26.58 27.92 28.20 27.97 27.77
99999.90 99999.90 99999.90 99999.90 99999.90 99999.90 27.05 26.44 26.93 26.93 26.93 26.93 26.93 26.93 26.93 26.93 26.93 26.93 26.93 26.58 26.75 26.75 26.75 26.75 28.29 28.29 28.29 28.49 28.53 28.32 28.23 28.29 28.28 28.23 28.47 27.68 27.78 27.93 27.76 28.29 28.58 28.32 28.25 28.70 28.62 28.40 28.61 28.70 28.69 28.80 28.73 28.78 28.81 28.84 28.87 28.87 28.88 28.89 28.89 28.93 28.92 28.93 28.93 28.92 28.35 28.51 28.60 27.41 27.20 28.08 28.63 27.84 26.70 27.58 28.56 28.07 27.57
99999.90 99999.90 99999.90 99999.90 99999.90 99999.90 27.05 26.44 26.93 26.93 26.93 26.93 26.93 26.93 26.93 26.93 26.93 26.93 26.93 26.58 26.75 26.75 26.75 26.75 27.65 28.29 28.29 28.21 28.22 28.48 28.29 28.33 28.18 28.40 28.01 27.98 27.63 27.52 27.00 28.18 27.79 28.25 28.07 28.18 28.28 28.60 28.29 28.47 28.50 28.79 28.75 28.68 28.77 28.88 28.86 28.86 28.87 28.90 28.91 28.92 28.95 28.95 28.92 28.92 27.96 28.09 28.13 27.36 27.00 27.90 28.67 28.11 27.60 27.04 28.16 27.35 28.48
99999.90 99999.90 99999.90 99999.90 99999.90 99999.90 27.05 26.44 26.93 26.93 26.93 26.93 26.93 26.93 26.93 26.93 26.93 26.93 26.93 26.58 26.58 26.75 26.75 26.75 27.65 27.63 27.63 27.48 28.22 28.48 28.29 28.11 27.89 28.03 28.10 27.91 27.96 27.87 27.95 27.65 27.78 27.76 28.17 27.97 27.98 28.43 28.36 28.28 28.30 28.70 28.82 28.58 28.83 28.89 28.89 28.88 28.89 28.92 28.94 28.95 28.96 28.93 28.91 28.72 28.30 28.30 28.41 27.91 27.78 28.01 28.44 27.80 27.76 28.45 28.24 28.24 28.17
99999.90 99999.90 99999.90 99999.90 99999.90 99999.90 27.05 26.44 26.44 26.44 26.93 26.93 26.93 26.93 26.93 26.93 26.93 26.93 26.93 26.58 26.58 26.75 26.75 26.93 27.65 27.65 27.63 27.48 27.48 26.61 27.54 27.54 28.13 28.03 28.10 27.99 28.11 28.17 28.04 28.24 28.10 27.57 27.87 28.03 27.98 27.29 27.73 27.76 28.21 27.87 28.29 28.80 28.77 28.81 28.74 28.91 28.90 28.91 28.93 28.94 28.95 28.70 28.92 28.90 28.75 27.83 27.30 28.15 28.07 27.77 28.29 27.92 28.20 28.27 28.22 28.37 28.09
99999.90 99999.90 99999.90 99999.90 99999.90 99999.90 27.05 26.44 26.44 26.44 26.44 26.44 26.44 26.44 26.93 26.93 26.93 26.93 26.93 26.58 25.84 25.84 26.27 26.55 27.36 27.22 27.32 27.32 27.30 26.61 26.61 27.30 27.50 28.30 27.95 27.69 27.88 28.05 27.95 28.18 28.07 27.82 27.91 27.87 28.23 27.80 27.63 27.44 27.70 27.98 27.99 28.66 28.63 28.80 28.80 28.85 28.91 28.93 28.93 28.93 28.83 28.39 28.60 28.73 28.73 27.77 27.34 27.62 28.17 28.04 28.55 28.39 28.28 28.18 28.32 27.31 27.87
99999.90 99999.90 99999.90 99999.90 99999.90 99999.90 27.05 26.44 26.44 26.44 26.44 26.44 26.44 26.44 26.44 26.44 24.25 24.25 24.25 25.84 25.84 26.45 26.45 26.59 27.10 26.81 27.20 27.30 27.30 27.29 27.29 26.79 27.70 27.94 27.27 27.51 27.80 27.75 28.27 28.21 28.16 27.48 27.75 28.06 27.68 27.47 27.19 27.16 27.21 27.85 27.62 28.03 28.72 28.37 28.75 28.77 28.90 28.91 28.92 28.81 28.78 28.77 28.53 28.05 27.87 28.07 27.37 26.97 28.05 28.38 27.87 28.48 28.61 28.64 27.53 27.89 27.87
99999.90 99999.90 99999.90 99999.90 99999.90 99999.90 27.05 27.05 27.05 26.44 26.44 26.44 26.44 26.44 26.44 26.44 26.44 24.25 24.25 24.25 25.99 25.99 26.05 26.98 26.56 26.99 27.25 27.42 27.85 27.85 27.29 27.59 27.00 27.06 27.81 27.42 27.68 27.54 27.50 27.97 28.07 28.02 27.10 26.41 26.84 26.85 27.16 28.09 28.12 28.63 28.31 28.54 28.70 28.15 28.55 28.72 28.86 28.89 28.60 28.79 28.95 28.89 28.58 28.00 27.97 28.65 28.01 28.21 28.11 27.71 28.72 28.67 28.46 28.52 28.45 27.67 28.04
99999.90 99999.90 99999.90 99999.90 99999.90 99999.90 27.05 27.05 27.05 27.05 27.05 27.05 26.44 26.44 26.44 26.44 26.44 26.44 26.35 27.32 26.77 27.58 26.90 26.14 25.96 26.81 27.45 27.51 27.71 28.36 28.10 28.06 27.52 26.92 26.86 26.86 26.57 27.67 27.75 27.61 28.32 27.46 27.80 27.60 27.56 27.25 26.58 27.23 27.53 27.50 27.87 27.97 27.82 27.97 28.29 28.43 28.87 28.79 27.96 28.60 28.87 28.97 28.98 28.89 28.48 28.53 26.32 28.20 27.37 27.99 28.03 27.83 28.42 27.06 28.54 27.38 28.12
99999.90 99999.90 99999.90 99999.90 99999.90 99999.90 27.05 27.05 27.05 27.05 27.05 27.05 27.05 27.05 27.05 27.09 27.09 27.09 27.77 27.71 27.73 27.95 27.46 26.27 25.39 26.31 26.16 26.89 27.39 27.87 27.91 27.76 27.98 27.91 28.06 28.20 28.01 27.90 27.93 27.80 27.33 27.68 27.32 27.40 28.18 27.64 26.89 26.22 27.00 26.61 26.85 27.48 27.80 27.29 27.94 27.97 28.18 28.21 28.55 28.84 28.90 28.96 28.87 29.00 28.85 28.27 27.42 27.11 27.66 27.02 27.91 27.05 27.75 28.06 28.14 28.17 28.48
99999.90 99999.90 99999.90 99999.90 99999.90 99999.90 27.05 27.05 27.05 27.05 27.05 27.05 27.05 27.05 27.05 27.05 27.72 27.72 27.77 27.28 27.39 27.85 27.40 25.65 26.10 25.94 25.26 26.28 26.90 27.40 26.71 27.62 27.98 27.64 27.68 27.72 28.27 28.41 28.23 27.51 27.19 27.41 27.74 27.21 27.97 28.00 27.23 27.08 26.83 27.03 26.96 27.45 26.53 26.98 27.06 27.20 27.14 27.38 27.94 28.66 28.77 28.92 28.78 28.46 28.68 27.32 28.20 27.39 27.50 27.10 27.20 27.18 27.80 27.90 28.07 27.05 28.32
28.52 28.85 28.69 28.72 28.72 28.72 27.05 27.05 27.05 27.05 27.05 27.05 27.05 27.05 27.05 27.05 27.05 27.68 27.72 28.03 27.55 27.78 26.89 25.97 25.87 25.37 24.79 26.57 26.76 27.51 26.44 27.13 28.18 27.88 27.64 27.88 28.21 28.35 28.04 27.77 27.81 28.07 27.71 26.85 26.84 27.77 27.79 27.51 27.79 27.80 27.80 27.05 27.30 26.31 24.50 25.93 26.98 27.19 28.06 28.46 28.41 28.58 28.21 28.28 27.84 28.24 28.44 28.49 27.94 27.48 27.30 26.82 27.36 26.95 27.83 27.54 27.92
28.52 28.85 28.69 28.72 28.72 28.72 28.72 27.67 27.67 27.67 27.67 27.67 27.67 27.67 27.67 27.67 27.67 28.09 28.10 27.47 27.76 27.17 26.32 27.30 25.64 24.56 24.86 26.38 25.44 25.82 26.75 26.94 27.07 27.13 27.61 27.81 27.26 27.88 28.12 26.99 25.71 27.21 27.34 26.14 26.06 27.47 27.84 27.55 27.44 27.20 27.50 27.29 26.87 25.08 25.56 26.79 26.92 27.58 28.07 27.99 28.23 27.88 28.05 28.30 28.07 28.40 28.45 28.20 27.80 26.93 27.05 25.78 26.22 28.00 27.70 27.70 27.87
28.52 28.85 28.69 28.72 28.72 28.72 28.72 28.72 27.67 27.67 27.67 27.67 27.67 27.67 27.67 27.67 27.67 27.38 27.40 27.33 27.76 27.17 26.32 26.98 26.10 26.65 25.34 25.47 27.14 26.98 27.40 26.98 27.10 26.86 27.51 27.65 27.12 26.63 26.67 27.25 26.84 25.65 25.70 26.64 26.79 27.20 27.52 27.50 26.82 26.71 26.54 25.93 26.41 26.14 26.58 26.92 27.30 26.90 26.24 27.23 27.63 27.73 27.86 28.18 28.23 27.29 28.20 27.86 27.06 27.94 26.29 26.76 27.82 28.15 27.84 27.50 28.14
28.52 28.85 28.69 28.72 28.72 28.72 28.72 28.72 27.67 27.67 27.67 27.67 27.67 27.67 27.67 27.96 27.96 27.96 27.80 26.26 26.26 27.20 27.20 27.33 26.86 27.12 26.43 26.71 27.22 27.25 27.18 27.47 27.54 27.52 27.21 27.40 26.39 26.87 26.76 27.59 27.24 27.59 25.20 25.84 26.95 26.90 26.55 27.65 27.37 26.37 26.57 26.66 25.94 26.61 26.53 27.55 27.04 26.66 26.19 26.75 26.98 27.52 27.40 27.38 27.27 26.88 27.16 27.10 27.12 27.90 26.27 26.56 27.62 28.24 28.18 28.63 28.29
28.52 28.85 28.69 28.72 28.72 28.72 28.72 28.72 28.72 27.67 27.67 27.67 27.67 27.96 27.96 27.96 27.96 27.96 28.18 26.26 28.03 28.03 28.06 27.48 27.50 26.73 26.78 26.94 26.83 27.26 27.52 27.46 27.27 26.43 27.50 26.75 27.22 27.38 26.78 26.21 27.02 27.05 26.24 25.54 25.46 26.59 26.62 27.17 27.14 26.47 27.39 26.66 26.07 25.47 26.09 25.49 25.22 25.91 25.56 26.03 27.10 26.97 26.94 27.13 27.65 26.29 26.47 27.14 26.35 28.45 28.10 25.65 27.82 27.41 27.77 28.82 27.86
28.52 28.85 28.69 28.72 28.72 28.72 28.72 28.72 28.16 28.61 28.57 27.96 27.96 27.96 27.96 27.96 27.79 27.79 27.79 27.79 27.91 27.91 28.35 28.01 27.61 26.33 26.89 27.45 27.26 27.75 27.25 27.69 27.00 27.44 27.22 28.11 27.55 27.48 27.67 27.11 27.35 27.42 26.84 26.54 26.27 25.64 25.96 26.63 26.51 26.08 27.26 27.49 26.96 26.86 26.61 26.93 27.01 27.37 26.32 26.51 26.08 26.79 26.25 25.47 26.48 24.87 25.42 25.67 26.64 27.56 27.85 26.99 27.95 27.81 27.53 28.16 28.10
28.52 28.85 28.69 28.72 28.72 28.72 28.72 28.72 28.16 28.61 28.57 28.57 27.27 27.27 27.27 27.27 27.79 27.79 27.79 27.83 27.83 27.42 28.24 27.99 27.88 26.39 26.39 27.22 27.41 27.29 27.07 26.54 26.84 26.63 26.96 27.96 27.94 27.06 27.14 26.82 26.49 27.20 26.83 25.86 26.07 26.28 27.12 26.38 26.24 25.37 26.10 26.62 26.36 27.08 27.05 26.56 25.53 26.33 26.43 25.37 26.19 26.51 26.12 24.92 25.39 24.45 25.07 25.98 25.15 25.46 26.98 26.65 27.71 27.85 28.15 27.49 28.44
28.52 28.85 28.69 28.72 28.72 28.72 28.72 28.72 28.16 28.61 28.57 28.57 28.03 27.27 27.27 27.27 27.27 27.27 27.27 27.53 27.53 26.86 26.93 27.16 27.78 27.26 26.55 26.30 27.19 27.76 26.62 26.45 27.37 26.84 27.10 27.17 27.45 26.98 27.12 27.38 27.49 27.72 27.55 26.92 26.72 27.13 27.60 27.79 27.30 24.79 24.09 26.11 25.12 25.75 25.86 25.51 25.02 25.97 26.09 25.89 25.34 24.80 24.80 23.91 24.61 24.56 23.12 24.50 25.06 25.94 26.61 26.61 26.23 27.50 27.32 27.88 28.28
28.52 28.85 28.69 28.72 28.72 28.72 28.72 28.16 28.16 28.61 28.57 28.57 28.03 28.03 28.03 27.27 27.27 27.27 27.27 27.07 27.07 27.17 27.55 27.10 27.68 27.47 26.25 26.91 26.12 26.74 27.06 26.35 27.46 27.46 26.13 25.79 26.60 25.62 25.68 25.97 26.56 26.70 26.57 26.64 26.29 25.99 25.21 26.69 27.36 26.77 25.73 25.58 24.74 25.28 25.26 25.31 25.68 24.68 25.95 25.72 25.46 24.06 23.87 24.04 25.01 24.18 23.71 23.09 25.11 26.41 25.77 25.93 24.20 25.48 27.10 27.28 27.16
28.52 28.85 28.69 28.72 28.72 28.72 28.72 28.16 28.16 28.61 28.57 28.57 28.57 28.03 28.03 28.03 27.20 27.20 27.20 27.99 28.21 27.95 27.97 28.16 27.66 26.96 26.75 27.11 26.43 24.92 25.64 24.98 26.65 27.59 26.73 25.38 26.74 26.84 26.75 26.31 25.54 26.54 25.64 25.03 26.38 25.66 25.12 25.88 23.12 24.28 26.16 25.94 25.23 25.46 25.06 24.79 25.98 26.31 26.20 25.97 25.55 24.79 23.62 23.88 23.97 24.90 23.61 23.72 24.18 25.36 25.78 25.73 26.41 25.84 27.42 26.36 26.49
28.52 28.85 28.69 28.72 28.72 28.72 28.16 28.16 28.16 28.61 28.57 28.57 28.57 28.03 28.03 28.03 28.03 28.34 27.83 27.94 28.21 28.39 28.39 28.63 27.82 27.35 27.10 27.18 27.12 26.24 26.28 25.13 25.63 26.35 26.26 26.55 25.32 26.01 26.25 25.42 26.37 26.58 27.45 25.60 26.70 25.68 25.38 24.59 25.41 24.58 24.36 26.21 23.17 25.45 25.54 24.68 25.64 27.42 25.62 26.06 25.71 25.53 23.21 23.18 23.99 24.44 24.86 23.72 22.86 23.97 23.62 24.84 26.26 26.70 27.16 25.79 25.94
28.58 28.79 28.91 28.72 28.72 28.72 28.16 28.16 28.16 28.61 28.57 28.57 28.57 28.59 27.88 27.88 27.88 28.42 28.14 27.74 27.91 28.25 28.16 27.99 27.70 27.98 28.08 27.56 27.58 27.42 27.12 27.13 26.73 27.36 26.36 26.29 25.70 27.12 26.05 25.13 26.43 26.33 25.54 23.87 25.96 25.12 25.10 24.90 25.35 23.66 22.39 24.62 25.02 24.66 23.64 24.61 26.33 25.56 25.04 26.23 26.12 25.77 24.96 23.99 23.92 24.91 24.32 23.50 23.97 24.93 25.44 24.84 25.67 24.96 26.30 25.54 25.51
28.76 28.71 28.94 28.84 28.84 28.91 28.16 28.16 28.16 28.61 28.57 28.57 28.59 28.59 28.04 28.04 28.04 28.29 27.82 27.94 28.38 27.98 28.16 28.63 27.20 27.23 28.65 28.07 27.06 26.30 28.13 27.35 27.07 27.36 26.33 26.63 26.39 25.47 24.92 24.29 25.19 24.04 23.72 24.34 25.21 23.70 24.19 24.52 24.93 24.70 24.29 23.67 24.50 26.84 25.89 24.52 24.01 25.15 24.83 24.78 25.23 25.66 24.83 25.33 24.93 25.10 25.29 25.57 25.67 25.36 24.78 24.47 24.99 25.09 25.70 24.86 25.18
28.76 28.71 28.94 28.91 28.91 28.91 28.85 28.50 28.50 28.38 28.72 28.59 28.59 28.59 27.94 28.04 28.04 28.29 27.82 27.94 28.38 27.98 28.16 28.37 27.71 27.59 28.57 28.54 27.46 26.16 26.74 28.03 27.20 27.24 24.98 25.47 24.75 25.04 25.00 23.61 25.17 23.85 22.87 24.96 23.70 24.21 24.78 23.45 25.47 25.70 24.41 24.61 23.85 24.90 26.31 24.51 23.69 24.73 25.76 24.86 24.65 23.73 23.70 25.25 25.66 25.60 26.15 26.62 26.64 26.02 26.04 24.59 24.41 24.84 24.92 25.02 25.78
28.78 28.87 28.87 28.95 28.94 28.94 28.85 28.85 28.76 28.55 28.43 28.73 28.73 28.30 27.94 28.00 28.00 28.00 28.45 28.69 28.66 28.71 27.75 27.75 27.71 27.59 28.33 28.32 27.48 26.03 26.42 25.22 24.26 25.35 25.19 24.58 25.27 25.65 25.12 25.65 24.20 24.03 23.40 23.92 21.29 22.02 23.42 23.47 23.23 23.33 23.40 24.01 22.89 21.83 25.20 25.15 22.85 23.35 24.43 24.30 24.10 22.39 22.72 24.29 25.34 25.97 26.04 26.24 26.40 25.58 25.41 25.06 24.86 25.40 25.39 25.20 25.42
28.78 28.78 28.85 29.01 29.02 28.84 28.89 28.60 28.43 28.79 28.83 28.87 28.62 28.30 27.94 27.12 27.73 28.20 28.45 28.69 28.66 28.71 28.73 28.77 28.44 28.24 28.49 28.21 27.73 26.70 27.03 27.15 26.39 26.86 24.88 24.26 22.43 23.77 23.76 23.33 23.33 24.38 23.11 21.60 21.37 22.26 19.88 20.55 19.70 21.52 22.25 21.44 21.91 22.04 24.31 24.51 23.24 22.82 23.51 21.86 23.27 22.32 22.97 23.69 24.81 25.56 25.76 25.39 23.75 24.69 25.03 24.51 25.16 26.20 26.05 25.96 26.60
28.78 28.66 28.91 28.99 29.04 28.99 28.88 28.83 28.95 28.82 28.44 28.79 28.53 28.21 28.20 27.89 28.16 28.05 28.84 28.90 28.86 28.96 29.03 28.68 28.22 28.51 28.57 28.26 26.96 26.59 26.67 27.25 27.75 28.07 26.86 26.81 25.88 24.89 25.04 23.80 24.25 23.66 21.67 21.46 19.44 19.39 17.80 18.93 19.88 20.56 19.97 21.37 23.03 24.49 23.41 24.42 25.20 23.44 23.58 22.50 20.59 20.38 22.73 24.80 23.47 24.32 23.83 23.23 22.60 22.62 23.43 24.81 24.81 26.31 26.53 26.30 26.06
28.95 28.95 28.96 28.98 28.92 28.92 28.80 28.94 28.89 28.65 28.66 28.95 28.56 28.64 28.90 28.50 28.73 28.80 28.80 28.69 28.71 29.06 29.11 29.05 28.64 28.62 28.81 28.71 26.75 25.36 25.71 27.40 27.15 27.53 27.77 27.30 27.64 26.55 25.36 26.62 25.07 24.61 22.56 20.53 19.74 19.95 20.29 19.10 20.61 20.36 20.35 20.15 20.48 23.20 24.63 23.96 25.71 25.60 24.37 22.95 20.84 18.78 21.06 22.18 21.86 22.14 20.84 20.88 21.75 22.39 23.88 23.63 24.33 25.91 25.56 25.43 26.63
28.94 29.03 29.03 29.01 28.87 28.81 28.87 28.83 28.76 28.52 28.74 28.87 28.02 28.40 28.61 28.62 28.91 28.89 28.78 28.58 28.85 29.09 29.02 29.16 29.01 28.98 28.97 28.80 26.74 26.26 26.59 26.77 27.08 27.93 27.94 28.12 27.91 27.53 26.72 26.95 24.32 26.36 25.60 22.90 23.90 21.55 22.32 23.34 22.65 19.50 17.81 20.05 20.30 21.98 24.01 22.92 22.53 23.01 24.45 23.67 20.33 18.90 17.90 20.10 17.92 19.40 20.00 19.53 20.61 22.18 23.28 23.46 25.10 25.36 26.07 26.78 26.94
29.00 29.08 29.03 28.97 28.91 28.80 28.85 28.80 28.80 28.80 28.56 28.59 28.52 27.71 28.20 28.31 28.59 28.77 28.67 28.78 28.96 28.92 28.60 28.63 28.72 28.60 28.74 28.62 26.68 27.12 28.19 28.07 28.14 28.26 28.44 28.15 27.85 27.89 27.79 27.41 26.18 25.68 26.99 26.50 22.91 20.74 22.98 23.55 21.89 19.30 18.57 21.41 21.05 21.04 22.58 20.54 19.59 21.64 22.81 19.97 21.12 17.26 18.14 18.30 16.05 17.73 17.27 18.39 19.95 21.36 21.87 23.12 24.79 24.87 25.96 26.75 26.70
29.00 28.94 29.06 28.95 28.99 28.90 28.73 28.76 28.76 28.97 28.46 28.46 28.39 27.93 28.20 28.29 28.46 28.70 28.80 28.95 28.64 28.25 28.35 28.44 28.29 28.69 28.95 29.02 28.27 27.25 27.79 27.29 28.46 28.44 28.70 28.50 28.73 28.01 28.49 27.98 27.38 26.50 25.63 26.65 25.46 25.24 24.19 23.21 23.12 21.58 20.48 22.98 24.09 24.32 23.63 21.72 22.16 19.76 19.65 20.66 20.12 17.13 17.29 15.23 14.09 15.74 17.91 18.34 19.99 20.97 23.15 23.73 24.79 25.25 26.73 26.96 26.83
28.94 28.94 29.06 28.91 28.74 28.84 28.93 28.90 28.99 29.02 28.99 28.55 28.27 28.17 28.17 28.34 28.81 28.79 28.78 28.94 28.93 28.87 28.61 28.57 28.94 28.75 28.88 28.93 28.98 27.99 26.62 26.99 28.43 27.59 28.08 28.53 28.65 28.39 28.36 27.90 28.16 27.52 27.49 26.77 27.22 27.08 26.33 26.04 23.20 20.77 22.78 25.20 27.08 27.50 26.21 24.97 24.92 20.77 18.31 19.99 18.29 16.91 16.08 14.03 14.42 15.83 17.60 18.23 18.86 20.79 21.99 23.62 24.89 25.50 26.56 27.34 27.30
28.94 28.94 28.78 28.78 28.91 28.96 29.02 28.97 29.05 29.04 29.02 28.92 28.12 28.30 28.08 28.43 28.84 28.82 28.69 28.64 28.72 28.82 28.65 28.47 28.63 29.02 28.73 27.91 28.10 28.73 27.11 27.34 28.29 27.44 26.36 27.82 28.13 27.81 28.07 27.67 27.97 28.37 28.01 27.48 27.24 26.84 27.57 27.85 26.62 24.34 24.08 26.75 26.22 26.96 26.31 26.53 25.35 21.67 19.31 18.60 19.24 16.05 15.83 14.60 16.36 17.48 19.34 19.01 18.87 18.51 19.81 24.05 26.11 26.37 26.41 27.00 26.59
