main/data/irradiance/19.11.2023.grid
ncols 839
nrows 679
xllcenter 112.0500
yllcenter -43.9500
cellsize 0.0500
nodata_value 99999.90
[rows 306 to 339 of 679, columns 77 to 153 of 839]
30.31 30.30 30.31 30.31 30.34 30.34 30.33 30.32 30.33 30.36 30.33 30.31 30.32 30.33 30.35 30.31 30.27 30.25 30.25 30.26 30.28 30.06 30.02 30.09 29.80 29.93 29.34 30.01 29.78 30.07 29.67 29.49 29.05 28.93 29.38 29.33 29.24 28.02 29.29 29.76 29.78 29.11 29.58 29.24 29.93 29.08 29.04 29.14 29.81 29.87 29.29 29.40 28.27 29.23 28.25 28.85 29.39 29.95 29.70 28.99 30.02 29.59 29.67 30.05 29.18 29.85 30.14 29.95 29.78 29.47 30.23 28.96 28.81 29.63 29.55 29.20 29.48
30.27 30.27 30.29 30.31 30.34 30.28 30.30 30.28 30.32 30.35 30.37 30.35 30.32 30.31 30.27 30.28 30.29 30.28 30.30 30.25 30.25 30.26 29.58 29.92 29.14 30.22 29.89 29.87 29.72 29.35 29.81 29.07 29.41 29.05 29.17 28.68 28.87 27.19 28.79 29.85 29.36 29.95 29.61 29.41 29.52 29.72 28.37 29.44 30.15 29.20 29.40 29.26 29.12 28.89 28.73 27.73 29.31 29.90 29.60 29.30 29.83 29.64 29.97 29.68 29.79 29.94 30.09 29.70 29.79 29.96 29.52 27.63 29.30 29.44 29.55 29.74 28.88
30.29 30.32 30.35 30.36 30.35 30.35 30.33 30.29 30.30 30.33 30.34 30.34 30.36 30.29 30.26 30.30 30.29 30.30 30.30 30.15 29.93 30.21 29.49 29.97 29.23 30.16 29.98 29.84 29.47 29.84 29.09 28.74 29.62 29.32 29.41 29.31 28.93 29.05 29.69 29.90 28.65 29.47 29.69 29.72 29.19 29.25 29.59 29.85 29.96 28.91 28.42 27.90 28.93 28.70 29.68 29.88 29.76 29.46 29.78 29.73 28.78 29.83 29.78 29.64 29.96 30.15 30.14 29.72 29.98 29.15 29.67 29.48 29.64 29.30 28.96 29.33 28.16
30.21 30.28 30.32 30.33 30.34 30.33 30.32 30.33 30.32 30.32 30.35 30.33 30.35 30.31 30.27 30.30 30.29 30.07 29.88 30.27 29.97 29.72 30.22 30.05 29.02 30.15 30.02 29.43 28.98 29.94 29.68 28.77 29.29 28.66 29.24 29.29 27.45 29.24 28.93 29.99 29.27 29.17 28.78 29.53 29.24 29.55 28.50 29.80 29.70 27.64 28.07 28.97 29.62 29.11 29.24 30.06 29.92 29.37 29.74 29.39 28.45 29.16 29.86 29.38 29.64 29.73 29.86 29.46 29.33 29.35 29.49 29.84 28.97 28.67 28.23 28.36 28.51
30.23 30.30 30.31 30.34 30.34 30.31 30.31 30.28 30.30 30.31 30.30 30.30 30.30 30.32 30.33 30.31 30.24 30.32 30.32 30.25 30.02 29.84 29.89 29.14 29.50 29.51 30.11 29.33 29.47 29.26 29.19 28.40 28.51 28.44 28.19 29.70 29.23 29.54 29.43 29.06 29.41 29.53 29.53 28.55 29.11 28.53 28.94 28.84 29.45 28.43 27.97 29.36 29.38 29.01 29.65 29.65 29.30 29.74 30.06 29.58 29.23 29.40 29.86 30.13 29.70 29.56 29.76 29.64 30.18 29.56 29.38 29.35 29.41 27.85 29.41 29.68 29.22
30.28 30.30 30.30 30.31 30.32 30.33 30.29 30.27 30.28 30.29 30.29 30.28 30.29 30.27 30.32 30.26 30.28 30.29 30.14 30.03 29.89 29.88 29.83 29.71 29.63 29.37 29.72 29.52 29.70 29.94 29.43 28.71 29.15 29.15 29.82 29.15 29.06 29.30 29.43 28.84 29.71 29.68 29.88 29.36 28.83 28.74 29.86 28.91 28.11 27.15 26.93 28.91 28.88 29.22 29.80 29.10 29.30 29.56 29.71 29.61 29.45 29.76 29.80 29.82 29.64 29.35 30.07 30.04 30.07 28.21 28.06 28.02 28.74 29.73 29.69 29.78 29.90
30.28 30.30 30.28 30.30 30.27 30.30 30.31 30.32 30.33 30.31 30.31 30.18 30.32 30.11 30.28 30.30 30.16 29.95 30.27 30.13 29.81 29.45 29.64 29.47 29.40 29.56 29.44 29.10 28.49 29.49 29.50 29.41 29.19 28.02 28.48 29.76 29.02 28.69 28.37 29.57 29.77 28.49 28.50 29.39 28.27 29.37 29.11 28.05 28.70 29.61 29.13 28.99 28.81 28.72 29.31 29.38 29.53 29.51 28.81 29.43 29.84 30.02 30.23 29.66 28.62 28.97 29.82 29.47 28.34 28.70 28.96 29.30 29.80 29.92 29.64 29.97 30.12
30.29 30.27 30.22 30.22 30.25 30.30 30.29 30.28 30.28 30.27 30.14 30.30 30.21 30.28 30.24 30.16 30.28 29.94 30.03 30.16 29.45 29.44 29.91 28.94 29.47 28.84 29.84 29.58 28.70 29.27 28.74 28.67 28.34 27.98 29.00 29.97 29.19 29.80 29.53 30.17 29.31 29.30 28.22 28.51 27.90 29.30 29.02 28.32 28.94 28.83 28.39 28.98 29.05 28.20 28.79 29.48 29.35 29.43 29.31 29.69 29.68 29.69 29.22 29.53 29.13 29.04 28.87 29.25 28.40 28.65 29.52 29.52 30.01 29.97 29.76 29.78 30.02
30.35 30.26 30.24 30.22 30.24 30.22 30.23 30.22 30.27 30.27 30.29 30.10 30.27 30.11 30.18 30.03 29.79 30.04 30.08 29.72 29.03 28.33 29.14 29.47 29.65 28.44 29.57 29.37 28.72 28.26 29.65 29.72 28.60 29.10 29.47 29.83 28.47 29.05 29.89 28.94 28.59 28.06 28.77 29.68 29.06 28.76 29.63 29.18 29.04 28.23 28.39 29.22 29.24 28.71 28.73 28.94 29.29 29.42 29.08 28.96 29.55 28.68 28.72 29.46 28.78 29.34 29.76 29.52 29.84 29.79 30.06 29.57 29.95 29.99 29.50 29.58 30.05
30.29 30.28 30.25 30.24 30.25 30.25 30.23 30.22 30.20 30.18 30.21 29.92 30.19 30.02 30.07 29.82 29.83 29.84 30.22 29.51 28.98 28.80 28.75 28.62 29.31 28.79 29.10 29.24 26.95 27.98 28.58 29.31 28.78 28.78 29.28 29.49 28.14 28.66 28.99 29.50 29.00 27.57 28.85 29.38 29.72 30.04 29.02 27.85 28.32 27.73 27.78 27.52 29.43 28.90 28.00 29.41 29.74 29.66 29.60 29.04 28.46 28.72 28.87 29.42 29.18 29.04 28.83 29.41 29.60 29.80 29.66 29.11 29.74 30.07 29.86 29.61 29.98
30.27 30.25 30.26 30.25 30.20 30.21 30.16 30.24 30.25 30.25 30.28 30.18 30.17 30.22 29.72 29.82 29.97 29.54 30.09 29.61 29.26 28.98 29.48 29.31 29.41 28.00 29.38 29.99 28.30 28.40 29.36 29.23 27.53 29.31 29.27 29.58 29.56 29.86 30.10 28.85 28.78 29.34 29.40 29.95 29.25 28.71 28.75 28.33 28.67 28.72 28.84 29.27 29.52 28.30 29.18 29.48 28.95 28.53 29.04 28.56 28.04 28.90 28.88 29.38 29.36 29.98 29.04 29.58 29.99 29.81 29.97 29.21 29.43 29.76 29.90 29.27 29.63
30.27 30.26 30.25 30.26 30.24 30.17 30.08 30.31 30.10 30.07 30.01 29.87 30.04 29.52 30.10 29.00 29.88 29.42 29.60 28.89 28.67 28.66 29.28 29.22 29.36 28.16 29.05 28.73 27.98 29.03 28.32 29.30 29.15 29.22 29.55 29.27 29.07 29.46 29.36 29.38 29.10 29.12 29.50 29.84 29.68 28.48 28.82 29.31 28.71 29.02 29.56 28.67 28.63 28.69 29.33 29.55 29.52 28.46 29.76 29.71 29.90 29.20 29.57 29.26 28.68 29.64 29.51 29.49 29.91 29.49 28.96 29.71 29.72 29.51 29.61 29.01 29.02
30.18 30.26 30.24 30.11 30.24 30.34 30.34 30.30 29.87 30.22 29.91 30.14 29.89 29.76 29.78 29.68 29.05 29.07 29.66 28.84 28.11 28.92 29.21 28.66 29.78 29.83 28.34 27.91 27.29 29.61 28.53 28.71 29.26 29.58 29.31 29.14 29.53 29.47 29.75 29.29 29.46 29.95 29.65 29.67 28.82 28.66 29.43 29.03 27.97 30.13 28.82 27.96 29.10 29.13 29.81 29.95 28.21 29.44 30.17 29.61 28.62 29.87 29.58 29.47 28.84 28.86 29.89 29.55 29.67 28.54 29.00 29.64 28.74 28.71 29.33 29.29 29.37
30.28 30.10 30.26 30.25 30.30 29.99 30.24 29.67 30.02 29.65 29.77 29.91 29.89 29.47 29.72 29.86 28.99 29.78 28.38 29.06 28.87 28.21 29.01 28.27 28.90 27.96 28.47 28.79 28.69 29.54 29.33 28.67 28.35 28.81 29.43 29.54 29.47 29.26 29.91 29.03 29.88 29.49 30.08 29.43 29.30 29.04 29.49 30.01 29.27 29.22 29.38 27.66 28.82 29.36 29.31 29.35 28.78 29.23 30.08 29.46 29.98 29.39 28.36 28.57 28.99 29.60 29.68 29.29 29.38 28.89 29.16 28.84 29.22 28.97 29.46 29.52 29.08
30.19 30.07 29.68 30.08 30.21 30.03 29.64 29.57 29.86 29.89 29.56 29.65 29.17 28.75 29.61 29.92 29.73 29.16 28.17 28.40 28.35 28.10 28.66 29.32 29.90 28.23 28.43 29.13 29.12 29.60 29.41 29.70 30.09 29.40 29.81 29.35 29.52 28.57 30.16 28.34 29.70 29.73 30.13 27.68 28.74 28.94 29.42 29.51 29.33 29.38 29.01 28.10 28.24 27.92 29.46 29.56 29.46 29.72 29.69 29.94 29.68 28.33 28.04 29.09 29.35 28.12 27.96 29.65 29.20 29.63 28.78 29.17 29.64 28.86 28.87 28.98 29.17
29.83 29.87 30.22 30.01 29.99 30.24 29.21 29.59 29.63 29.11 29.52 28.68 28.82 29.06 29.93 28.89 29.07 29.41 28.62 28.46 28.87 29.12 28.91 30.14 29.06 28.68 28.32 27.82 29.19 29.24 29.36 29.83 29.16 29.31 30.11 29.53 30.06 29.45 29.71 29.52 29.83 29.19 29.44 28.84 28.66 29.44 29.64 29.98 29.61 29.17 29.91 27.61 29.13 28.77 29.56 29.66 29.69 29.65 29.74 29.09 29.71 28.31 28.65 28.19 27.90 27.94 28.81 29.27 29.09 29.66 28.99 27.70 28.90 29.61 29.37 29.60 29.73
28.75 30.08 30.29 29.83 29.13 29.96 29.39 29.67 29.18 29.13 29.64 29.39 28.88 29.26 29.93 29.17 28.89 29.34 28.90 29.85 28.18 29.03 29.88 29.55 28.50 28.29 28.73 28.97 30.09 30.10 29.03 29.40 28.00 29.74 29.49 29.74 29.22 29.18 29.25 29.89 29.50 29.61 29.29 28.78 29.79 29.29 30.04 30.19 29.32 29.38 29.47 28.21 28.82 29.08 29.88 29.62 29.64 29.21 29.71 29.79 29.98 29.06 29.21 29.08 28.36 28.82 28.58 28.22 27.78 28.18 28.96 28.63 28.74 29.73 29.27 29.22 29.45
29.26 29.96 29.25 29.79 30.21 29.22 29.40 29.05 28.22 28.83 28.24 28.97 28.74 29.35 29.36 28.88 28.71 28.62 29.75 29.75 27.64 28.38 29.62 28.02 28.20 28.48 29.05 28.88 29.77 30.29 29.82 29.78 29.59 29.90 30.25 29.96 29.11 29.05 28.91 29.88 29.70 30.23 29.19 28.32 29.72 30.09 30.30 29.63 28.66 29.61 29.25 29.56 29.82 29.14 29.66 29.69 28.61 28.44 29.26 30.11 29.78 27.10 27.63 27.98 29.55 29.84 29.46 29.03 28.98 28.86 29.91 29.42 29.07 29.14 29.22 29.54 29.34
29.86 29.95 28.77 29.48 29.49 28.57 29.71 29.07 28.24 29.19 28.05 29.47 28.41 29.76 26.61 29.23 29.38 29.31 28.94 28.60 28.04 29.00 29.64 28.17 28.18 27.43 29.05 28.86 29.82 29.96 28.62 29.51 29.12 29.52 30.16 29.01 29.00 29.96 28.91 29.47 29.84 29.88 28.65 28.24 29.01 29.55 29.92 28.86 28.69 29.81 29.09 29.81 29.00 28.02 29.39 29.45 29.90 29.25 29.54 29.60 28.33 27.40 27.33 28.20 29.21 28.95 29.01 29.00 29.42 29.17 29.36 29.36 29.77 29.70 29.62 29.80 29.91
29.48 28.97 29.48 28.58 28.35 28.92 29.49 28.90 29.19 28.67 28.47 28.91 29.94 29.44 28.59 28.05 28.78 29.85 29.40 27.59 29.06 29.69 28.97 28.59 28.28 28.39 28.68 29.07 29.71 30.14 29.91 29.71 29.05 30.35 30.25 28.26 29.22 30.11 29.34 29.09 29.31 30.15 28.11 28.82 29.70 29.53 29.38 29.80 29.79 29.51 29.41 29.65 28.47 28.21 29.51 29.71 29.85 29.79 29.38 29.77 28.54 28.35 28.91 27.72 28.35 28.20 28.85 28.78 27.85 28.97 29.21 29.63 29.91 30.09 30.05 29.96 29.86
29.85 29.06 29.19 28.12 28.87 29.17 28.65 28.44 28.74 28.60 28.93 29.28 28.88 29.13 29.43 28.79 27.91 29.61 28.64 29.00 29.36 28.57 28.43 28.84 29.10 29.54 29.71 29.11 28.94 30.14 29.65 29.06 29.16 30.09 29.03 28.69 29.18 29.04 28.94 29.60 30.11 29.54 29.38 29.45 29.58 29.73 29.65 29.85 29.82 28.49 29.95 30.25 29.59 29.26 29.59 30.04 28.96 28.42 29.55 30.19 28.51 27.80 28.70 28.39 29.44 28.67 29.24 28.88 29.36 29.24 29.56 29.58 29.91 29.79 29.90 29.75 29.78
29.72 28.91 28.93 28.96 29.44 28.64 29.40 28.76 28.50 27.99 28.37 29.69 29.01 29.45 29.16 28.64 28.80 29.57 29.08 28.86 28.32 28.55 28.37 29.54 27.81 29.26 29.86 28.97 29.97 29.14 30.14 29.76 29.71 29.91 28.71 29.35 28.64 29.14 29.97 29.36 29.32 29.41 30.24 29.12 29.59 29.84 30.11 30.03 28.43 28.03 29.01 29.65 29.63 29.86 29.58 29.72 29.62 28.46 29.04 30.02 28.96 28.17 28.93 29.40 28.76 29.44 29.49 29.44 29.66 29.67 29.62 29.26 29.68 29.84 30.06 29.90 29.94
28.94 28.53 28.65 29.44 29.46 27.75 28.76 29.60 29.23 29.43 29.15 28.89 29.39 29.40 28.70 29.20 29.23 28.47 29.92 29.43 29.44 29.57 29.96 29.85 29.56 29.79 28.67 28.80 28.33 29.68 30.00 29.27 29.16 29.05 29.10 29.31 28.02 28.92 30.36 29.43 30.03 29.16 30.13 28.91 29.26 30.14 30.30 29.97 27.24 28.24 29.30 30.07 30.03 29.29 29.41 29.81 29.69 28.63 29.37 29.56 29.98 27.85 28.27 28.49 29.10 29.80 29.83 29.41 29.69 29.60 29.48 29.72 29.39 29.54 30.08 30.25 30.03
29.19 29.56 29.34 26.83 29.45 28.24 28.63 28.79 28.70 29.49 29.19 28.44 29.14 29.24 28.95 28.96 28.81 29.09 29.77 29.10 28.05 29.43 29.10 28.05 29.91 29.82 30.09 29.48 29.06 29.15 29.18 28.99 28.56 29.32 29.47 28.72 29.18 29.55 30.07 28.41 29.99 29.94 29.61 29.13 29.75 29.47 29.71 29.97 28.34 28.29 29.28 29.61 29.09 29.03 30.11 29.59 29.78 29.48 28.58 29.33 29.39 29.10 28.61 28.85 29.40 29.22 30.01 29.67 29.35 29.61 30.09 29.89 29.74 29.28 29.60 29.93 29.95
27.79 28.91 28.61 27.93 28.47 28.33 28.92 28.76 29.25 29.16 29.09 29.08 29.92 29.34 29.11 28.94 28.96 29.36 29.97 28.74 29.19 29.31 29.52 29.86 29.25 29.07 29.55 28.83 30.03 30.38 28.94 29.30 28.40 30.16 30.32 28.46 29.86 29.01 30.14 30.28 29.99 29.44 29.62 29.13 29.06 29.54 29.67 29.77 28.70 29.03 29.64 29.53 30.12 29.16 29.38 29.35 29.24 29.75 29.46 29.52 29.44 27.51 28.65 29.40 28.00 28.18 29.54 29.47 29.39 29.20 29.85 30.16 30.01 29.58 29.48 29.90 30.04
27.21 28.51 29.15 28.40 29.07 28.69 29.11 29.48 30.04 29.68 28.89 28.19 29.36 28.84 29.37 27.83 29.30 29.66 29.53 29.15 29.53 29.43 29.86 29.75 29.99 29.02 29.26 29.16 28.94 29.28 28.75 29.12 29.58 29.90 28.78 28.39 29.18 29.63 29.44 30.02 29.41 29.77 30.26 29.65 29.77 29.48 29.33 30.32 29.00 29.33 30.09 30.25 29.57 29.22 28.61 28.08 28.93 30.05 29.70 28.50 29.75 28.72 28.29 28.90 30.17 28.79 28.82 29.14 30.05 29.51 29.09 29.28 29.58 29.75 29.50 29.28 29.74
28.46 29.15 29.57 28.81 28.83 28.59 29.39 29.88 30.02 29.78 29.37 29.57 28.77 29.67 29.21 29.11 29.76 30.17 29.55 29.68 29.87 29.67 29.45 29.07 28.63 29.02 29.28 29.97 30.08 29.53 29.44 29.63 29.79 29.67 29.04 28.93 29.69 30.08 30.26 30.07 30.00 29.39 29.78 29.99 29.56 29.96 29.51 30.00 29.66 29.95 30.06 29.65 28.05 29.10 29.40 29.46 28.54 29.42 29.00 28.74 30.00 29.91 29.75 28.58 29.47 29.22 28.75 29.48 29.55 29.85 29.65 30.00 29.62 29.56 29.51 29.88 29.83
29.31 28.46 29.21 28.72 28.79 29.29 29.20 30.00 28.76 28.91 29.37 29.49 29.34 28.47 29.29 29.26 29.05 30.09 29.55 29.54 29.44 28.67 28.99 28.09 28.82 29.65 29.36 29.77 29.79 29.79 29.75 30.05 29.87 28.87 29.69 29.29 29.52 30.23 30.08 30.24 30.03 29.21 29.15 30.06 30.44 29.95 29.92 30.31 30.06 29.55 29.41 28.95 27.98 28.97 29.89 28.33 29.19 29.93 29.48 29.31 30.14 30.12 29.41 29.57 29.48 29.41 29.23 29.26 29.63 29.95 29.92 30.02 30.15 29.53 29.69 30.08 29.72
29.09 28.56 28.49 28.85 28.82 29.56 28.60 30.17 29.09 29.11 28.30 29.66 29.77 29.22 29.58 29.41 28.52 28.69 29.84 29.62 29.33 29.17 28.14 28.88 29.06 29.84 29.70 29.97 30.35 30.20 29.77 29.66 29.84 29.70 29.68 29.76 30.14 30.19 29.81 29.79 30.29 29.61 29.65 30.35 30.33 29.47 29.51 29.50 30.16 29.44 29.72 29.13 28.72 29.03 28.84 29.74 29.78 29.89 29.76 29.32 30.29 30.24 29.84 30.03 29.59 29.54 30.10 30.04 28.93 29.91 30.30 30.33 30.26 30.22 29.96 30.08 30.20
29.21 28.71 29.24 29.48 29.04 30.01 29.37 29.01 29.64 29.28 29.05 28.76 29.51 30.08 28.64 29.49 29.12 29.16 30.03 29.49 28.83 28.16 29.04 29.80 29.91 30.25 30.00 30.11 30.03 29.19 30.15 29.55 29.85 29.37 29.91 30.07 30.25 29.29 29.82 30.37 30.25 30.16 29.98 30.43 29.69 29.48 29.43 30.02 28.94 29.86 30.18 30.02 29.51 29.68 29.57 29.92 29.80 30.23 29.98 29.97 29.63 29.51 29.91 30.36 29.85 29.89 29.65 30.12 29.29 29.59 30.24 30.22 30.28 30.26 30.18 30.27 30.23
28.61 28.12 29.38 30.21 29.09 29.79 29.46 28.39 29.50 28.60 28.82 29.91 28.15 29.75 28.99 29.40 28.91 29.15 29.28 29.24 29.05 28.78 29.51 30.22 29.73 29.69 29.76 29.39 28.65 28.86 30.01 29.75 30.10 28.84 29.56 29.90 29.33 29.70 30.20 30.12 29.57 30.08 30.35 30.19 29.77 29.28 29.53 30.07 29.43 29.95 29.91 30.12 30.10 29.94 29.74 30.09 29.87 30.33 30.16 29.95 29.64 30.04 30.22 30.23 30.10 29.74 30.04 29.79 29.95 29.86 29.94 30.07 30.24 30.13 30.18 30.26 30.33
29.65 29.09 29.76 29.47 29.44 27.89 28.64 29.66 28.63 29.82 28.59 29.26 29.76 29.10 29.38 28.88 29.08 29.19 29.45 28.31 28.87 29.38 29.99 29.95 29.88 29.96 29.46 29.42 29.33 29.17 28.80 29.68 29.99 29.76 29.84 28.95 29.14 29.71 29.24 30.03 30.03 29.64 30.00 30.34 30.44 29.90 30.00 30.16 29.84 30.05 30.22 30.31 30.32 30.24 30.08 30.13 30.32 30.33 29.77 29.78 30.22 30.37 30.17 30.08 30.10 29.73 30.00 30.22 30.09 29.89 29.58 29.89 30.18 30.27 30.31 30.27 30.38
29.91 29.38 29.74 28.71 29.59 29.15 28.80 29.92 29.66 29.40 28.85 28.58 29.57 29.11 29.49 30.03 29.67 30.06 29.90 29.51 28.71 29.73 30.15 30.11 29.63 29.61 29.51 29.35 29.09 28.51 29.05 29.28 30.22 29.96 29.48 28.54 28.13 29.45 30.02 29.78 30.15 30.25 30.43 30.28 30.33 30.40 30.34 30.32 29.76 29.25 30.39 30.30 30.18 30.29 30.24 30.30 30.35 30.38 30.01 29.63 30.16 30.37 30.43 30.23 30.21 29.99 30.11 30.13 30.10 30.09 30.20 30.14 30.20 30.30 30.27 30.27 30.27
29.58 29.11 29.67 29.71 29.23 29.86 29.27 29.10 29.65 28.29 29.73 29.89 29.28 28.94 28.94 29.56 29.37 29.93 29.57 29.45 29.25 30.16 30.26 30.10 29.00 29.82 29.24 28.77 28.94 28.76 27.87 28.30 29.63 28.49 29.02 29.72 29.69 29.65 29.76 29.99 29.74 30.14 30.37 30.31 30.35 30.22 30.26 30.36 30.37 30.42 30.38 30.36 30.28 30.23 30.17 29.92 30.29 30.42 30.27 30.28 30.41 30.44 30.38 30.38 30.37 30.40 30.39 30.31 30.25 30.24 30.19 30.25 30.23 30.27 30.28 30.31 30.29
