main/data/irradiance/19.11.2023.grid
ncols 839
nrows 679
xllcenter 112.0500
yllcenter -43.9500
cellsize 0.0500
nodata_value 99999.90
[rows 374 to 407 of 679, columns 462 to 538 of 839]
30.47 30.23 30.46 30.45 30.55 30.59 30.47 30.44 30.48 30.25 30.55 30.47 30.39 30.32 30.45 29.74 30.30 28.56 29.11 28.41 29.05 29.05 29.04 29.46 29.39 29.57 30.15 30.21 29.73 30.32 30.20 30.45 30.49 30.28 30.23 29.98 30.52 30.05 28.22 28.64 29.17 30.30 30.66 30.44 30.67 29.21 28.11 28.75 29.83 30.31 30.79 30.30 29.96 29.93 30.09 29.39 29.09 27.50 25.93 26.33 25.06 25.36 24.80 26.59 24.40 24.52 24.78 25.89 26.75 28.14 27.71 28.02 28.21 28.20 28.76 28.36 28.44
30.48 30.55 30.14 30.58 30.67 30.71 30.68 30.56 30.55 30.47 30.58 30.55 30.51 30.54 30.52 30.45 30.28 30.34 28.83 28.08 28.53 27.51 28.93 28.94 29.56 29.80 30.02 30.00 30.29 30.19 30.31 30.36 30.35 29.41 29.04 29.81 29.13 23.16 19.27 19.49 22.98 29.32 30.67 30.80 30.89 29.36 28.67 28.01 27.25 28.26 28.47 30.51 30.29 29.80 29.94 30.01 28.95 27.72 26.31 24.86 23.39 23.70 25.86 25.39 25.28 27.33 27.11 27.53 27.26 27.52 28.22 28.26 28.54 28.46 29.05 28.36 28.46
30.05 30.39 30.51 30.56 30.72 30.65 30.65 30.67 30.58 30.36 30.41 30.55 30.55 30.57 30.56 30.56 30.48 30.31 30.29 30.40 28.88 29.23 29.10 28.27 29.05 29.92 29.63 30.35 30.18 30.18 30.28 30.09 29.92 28.62 28.61 30.16 24.66 18.27 16.77 17.64 25.90 30.63 30.60 30.88 29.74 30.03 29.94 29.43 28.42 28.45 27.74 29.12 28.75 29.17 29.64 29.33 29.80 29.29 27.74 26.11 25.56 25.75 25.68 25.53 26.37 26.26 26.52 27.17 27.46 28.13 29.16 28.83 28.43 29.25 29.13 28.55 28.66
29.77 30.14 30.54 30.35 30.60 30.64 30.72 30.71 30.74 30.69 30.40 30.33 30.56 30.57 30.57 30.57 30.57 30.29 29.67 30.26 29.76 29.59 28.91 29.34 27.59 29.47 29.01 29.72 30.07 30.28 30.51 30.22 30.32 30.04 30.32 30.63 28.30 19.80 17.66 21.59 30.83 30.83 30.88 30.12 28.58 28.77 28.79 30.09 29.13 27.19 28.52 30.56 29.29 29.22 29.52 28.92 30.07 29.40 29.37 27.89 26.54 26.27 26.45 26.36 27.11 26.88 26.88 26.90 27.44 27.65 28.62 28.92 28.32 28.83 28.65 28.78 29.61
29.85 29.90 30.50 30.23 30.55 30.56 30.64 30.62 30.67 30.69 30.23 30.40 30.25 30.57 30.32 30.54 30.46 30.60 30.42 30.16 29.75 29.86 28.96 28.99 28.74 29.69 29.07 30.01 30.26 30.16 30.08 30.35 30.65 30.07 30.01 30.34 30.82 25.47 20.57 23.93 30.35 30.55 30.61 30.82 29.39 29.33 29.01 29.51 27.47 27.29 25.87 27.98 30.32 29.92 29.56 29.64 29.38 27.61 27.53 27.59 28.11 26.69 27.46 27.59 27.98 27.67 29.03 29.72 29.26 29.19 29.22 28.35 27.97 28.31 28.59 29.40 28.82
30.01 29.57 30.27 30.25 30.46 30.52 30.39 30.53 30.58 30.60 30.56 30.48 30.55 30.27 30.50 30.39 30.33 30.51 30.42 29.85 29.86 30.10 30.15 29.80 30.11 29.67 29.67 29.47 30.03 30.07 30.13 30.51 30.53 30.21 30.26 30.33 30.65 30.87 30.74 30.77 30.41 29.77 29.85 30.38 30.09 27.61 28.66 28.92 29.55 28.19 26.86 24.89 24.72 29.26 29.17 29.78 29.59 29.23 28.04 27.35 27.54 27.38 27.91 27.56 26.45 26.90 29.12 29.86 30.12 29.85 29.65 29.53 29.07 28.43 28.76 29.04 28.29
29.90 29.84 29.49 30.36 30.32 29.93 30.54 30.55 30.53 30.48 30.54 30.53 30.39 30.53 30.22 30.45 30.08 30.30 30.46 30.04 30.23 30.30 30.13 30.19 30.15 30.57 30.45 29.92 29.67 30.23 30.24 30.58 30.72 30.63 30.50 30.45 30.40 30.37 30.34 30.50 30.42 30.39 29.60 30.22 29.39 28.89 27.96 28.97 28.54 29.30 27.26 26.21 23.73 24.43 27.75 28.08 29.33 29.31 27.84 27.76 27.83 28.83 27.27 27.73 26.29 27.50 29.62 29.74 29.80 29.95 29.66 29.17 29.85 29.37 29.28 29.14 29.36
29.79 29.63 29.23 30.05 29.66 29.86 30.03 30.24 30.42 30.42 30.36 30.56 30.34 30.41 30.42 30.42 30.46 30.40 30.38 30.40 30.36 29.73 30.45 30.64 30.39 30.46 30.39 30.26 30.42 30.01 30.25 30.55 30.56 30.65 30.58 30.48 30.47 30.41 30.35 30.49 30.57 30.27 30.40 30.14 29.73 29.33 28.80 27.67 28.37 27.70 27.75 29.15 28.49 25.56 23.99 24.78 26.46 28.11 28.70 27.42 27.54 28.02 27.40 27.78 27.83 28.88 28.78 29.16 29.69 29.24 28.12 28.43 29.53 28.81 29.90 29.74 28.73
30.00 30.06 28.99 29.45 29.28 29.41 30.02 29.89 30.37 30.29 30.17 30.48 30.46 30.30 30.51 29.95 30.51 30.18 30.13 30.56 30.52 29.43 30.18 30.70 30.24 30.49 30.53 30.61 30.60 30.48 30.55 30.52 30.63 30.62 30.68 30.65 30.55 30.45 30.44 30.49 30.03 29.91 29.95 30.25 29.10 29.00 29.42 29.96 28.13 28.22 29.64 29.04 28.01 29.10 26.84 26.75 26.81 26.16 26.31 26.57 25.65 26.16 27.77 27.61 27.45 28.00 29.14 28.83 29.36 29.14 29.30 28.77 29.46 29.50 29.58 28.96 28.92
30.30 30.15 29.72 29.91 29.77 29.44 29.89 30.11 29.85 30.25 29.95 30.27 30.52 29.90 30.09 30.16 30.26 30.42 29.82 30.43 30.46 30.31 30.37 30.09 30.05 30.03 30.31 30.47 30.50 30.44 30.46 30.44 30.45 30.67 30.68 30.58 30.58 30.33 30.47 30.57 30.13 30.38 29.52 28.94 27.90 29.31 29.19 29.68 28.98 27.90 29.00 29.76 26.70 28.69 27.71 27.85 26.27 25.25 24.37 25.25 25.40 24.48 25.52 26.16 26.76 27.26 28.46 28.84 29.00 28.93 28.73 29.09 29.26 29.53 28.90 28.92 29.32
30.15 30.20 30.00 29.98 29.12 29.80 29.60 30.12 30.00 29.67 30.21 29.50 29.89 30.51 28.49 30.12 29.28 30.36 29.68 29.54 30.14 30.37 30.38 30.03 30.52 30.14 29.58 30.33 30.38 30.43 30.42 30.49 30.62 30.67 30.58 30.66 30.56 30.57 30.66 30.54 30.35 30.50 29.27 27.23 27.13 27.13 27.42 27.60 30.00 28.40 28.63 28.60 28.08 26.96 28.01 28.16 26.37 27.63 26.81 26.03 24.80 24.37 24.60 25.43 25.68 26.14 28.79 27.54 28.03 27.72 28.37 28.68 27.35 29.21 28.57 27.73 29.42
30.14 30.43 30.09 30.12 30.28 29.40 28.93 29.31 28.78 29.88 29.25 29.30 29.78 29.37 28.38 29.23 27.90 30.08 29.26 28.86 29.30 30.28 30.04 29.97 29.92 30.37 29.84 29.64 29.86 29.98 30.11 30.33 30.49 30.56 30.62 30.63 30.66 30.61 30.59 30.60 30.55 30.60 29.87 28.81 29.48 27.71 27.88 29.11 30.58 30.54 29.39 27.81 28.05 27.86 28.00 27.04 27.07 26.13 27.79 27.65 26.18 25.61 24.86 25.67 23.96 24.19 26.26 27.03 27.81 28.44 26.45 26.51 27.42 28.64 27.57 27.60 29.17
30.01 29.56 30.16 30.00 29.70 29.64 29.04 29.36 28.64 29.21 28.67 29.54 29.44 29.45 29.62 29.29 27.25 28.38 28.42 29.65 29.30 29.58 29.95 29.42 29.80 30.25 29.40 30.15 29.44 29.36 30.00 30.31 30.56 30.66 30.65 30.57 30.61 30.56 30.65 30.63 30.65 30.86 30.90 30.46 29.49 28.91 28.44 29.99 29.86 29.35 28.45 27.61 27.50 25.59 27.11 27.43 28.18 26.89 25.26 27.02 27.79 25.52 25.11 25.07 24.55 25.83 25.24 24.93 26.43 28.90 29.25 27.94 27.48 28.26 27.02 28.22 27.70
30.24 30.18 29.91 29.69 30.12 29.41 29.25 29.13 28.28 28.73 28.86 29.22 29.06 28.62 29.03 30.05 28.31 27.44 27.28 27.90 28.92 28.33 29.66 29.50 29.96 30.17 29.50 29.99 29.46 29.02 29.06 29.22 29.77 30.59 30.49 30.09 30.49 30.50 30.66 30.59 30.86 30.92 29.89 28.68 29.21 29.50 29.48 29.19 28.45 29.16 28.78 28.86 29.30 27.76 27.17 26.70 27.47 28.30 26.49 26.04 26.73 26.42 27.56 27.52 25.50 25.25 24.05 24.77 23.42 26.71 26.83 28.37 27.55 28.00 27.40 28.50 27.82
30.22 30.20 29.99 29.68 29.89 29.37 29.63 29.29 29.03 28.50 28.72 28.98 28.99 29.27 29.10 28.33 29.54 29.08 29.08 29.02 28.61 28.96 29.75 30.46 30.04 29.60 28.67 29.35 29.57 29.32 28.31 28.15 28.57 30.10 30.28 30.37 30.54 30.42 30.56 30.61 30.72 30.43 24.54 28.64 28.56 28.65 28.45 29.22 29.05 29.72 29.65 29.16 29.06 29.58 27.55 27.35 26.86 26.45 27.44 27.75 27.01 27.15 26.73 26.18 25.91 25.75 25.32 26.02 23.77 24.04 24.67 27.04 26.98 27.21 26.66 27.87 28.44
30.31 30.34 29.91 30.19 30.27 30.15 29.28 29.69 28.45 29.44 29.46 27.76 29.48 29.40 29.90 29.28 29.32 29.35 28.43 27.83 28.20 28.26 27.75 28.13 29.15 28.65 28.38 29.50 28.33 27.71 28.99 28.15 28.79 29.60 29.85 29.24 30.23 30.20 29.99 30.40 30.59 29.23 28.72 29.21 29.04 28.57 28.47 28.39 29.06 29.41 29.90 29.26 29.50 29.64 28.74 28.00 25.87 24.92 26.65 27.06 26.48 25.76 25.91 27.04 25.60 25.53 26.25 25.94 25.81 25.60 25.91 26.71 25.42 24.71 25.79 27.39 27.07
30.56 30.31 30.39 30.21 30.35 30.12 29.59 30.01 29.92 29.86 28.95 28.44 29.70 28.78 28.83 28.32 28.91 28.15 28.13 27.96 28.00 27.42 27.37 26.23 26.63 26.93 26.74 28.14 28.12 28.71 28.02 28.12 28.18 27.98 27.72 29.10 29.08 30.10 30.04 30.23 30.44 29.96 28.87 29.24 29.06 28.96 28.70 29.53 28.69 28.49 28.28 29.45 29.48 29.92 29.18 28.58 29.10 26.02 26.18 26.59 26.44 25.66 25.83 25.77 24.94 24.68 25.66 26.50 27.11 26.72 25.79 25.38 24.49 25.00 25.04 26.62 27.05
30.45 30.13 30.22 30.35 30.04 30.00 30.38 30.00 30.31 30.09 28.56 29.46 29.78 29.51 28.52 28.67 26.96 27.53 27.88 28.22 26.48 26.40 28.25 26.59 27.23 27.09 26.42 25.43 26.65 27.05 27.66 26.19 28.58 27.23 26.08 27.96 28.51 28.54 29.82 29.79 29.53 29.15 29.02 29.46 29.34 28.38 28.81 28.48 29.36 28.61 28.82 28.85 29.02 29.29 29.09 29.58 29.93 28.58 26.41 27.55 26.09 25.30 23.86 23.21 24.56 22.30 22.91 25.71 28.04 26.84 25.14 23.56 23.78 23.46 25.07 23.47 24.16
30.46 30.52 30.26 30.60 30.40 30.26 30.27 30.31 29.70 29.85 28.96 29.79 29.44 28.72 28.88 28.57 25.62 27.78 28.13 27.11 26.42 27.11 26.76 24.13 23.89 24.79 25.40 24.54 26.97 24.84 26.25 26.47 26.22 26.52 25.92 27.13 28.16 28.49 29.72 29.57 29.76 28.95 29.15 28.16 28.69 28.11 28.85 29.33 29.25 29.15 28.61 29.15 28.32 29.11 28.93 28.59 29.07 29.10 28.96 27.04 26.21 23.64 24.58 23.99 23.52 22.62 23.63 24.68 25.91 24.45 23.19 23.34 23.64 21.61 22.13 23.09 20.29
30.37 30.42 30.49 30.54 30.26 30.14 29.96 29.38 30.43 29.90 29.93 29.64 29.97 28.71 29.31 26.99 27.43 28.52 27.66 27.81 27.81 27.44 25.71 25.53 25.90 26.57 26.13 25.74 25.37 25.86 27.17 26.07 24.84 24.93 25.61 27.24 27.96 27.59 28.40 28.77 29.43 29.80 29.30 28.27 29.35 29.02 28.48 27.23 28.36 28.90 28.88 28.84 28.75 29.12 28.89 28.64 27.89 28.41 29.60 29.13 26.61 24.15 25.88 26.30 23.32 22.13 22.51 23.57 25.27 23.68 23.03 23.94 24.18 21.99 22.67 22.90 23.64
30.34 30.40 30.42 30.49 30.54 30.29 29.60 29.61 29.46 29.32 29.00 29.51 30.23 30.01 29.03 29.53 27.14 26.64 27.77 28.63 28.15 27.89 26.23 27.05 24.95 26.23 26.58 26.16 25.42 26.35 26.73 24.55 24.80 24.44 24.06 24.58 25.37 26.63 27.16 28.01 29.13 29.32 28.87 28.06 29.16 28.77 29.42 29.15 28.92 28.10 28.15 28.73 28.95 28.85 29.60 28.48 28.72 28.43 28.75 28.84 28.25 26.72 24.58 23.70 24.92 21.98 20.46 23.38 23.01 22.01 21.80 22.29 24.25 22.30 21.15 21.17 20.68
30.28 30.42 30.49 30.46 30.51 30.48 29.76 29.95 29.79 29.28 29.89 28.24 30.57 30.14 29.51 28.71 29.14 28.01 28.24 29.59 28.48 27.27 27.89 27.17 26.37 27.59 25.22 25.55 22.68 26.78 26.16 25.68 23.24 24.71 24.99 24.46 25.45 27.08 25.25 26.55 28.08 27.12 27.19 29.02 27.68 28.78 27.80 28.36 29.19 28.04 28.34 28.76 28.27 28.87 27.93 28.35 28.28 28.02 27.85 28.97 27.85 26.98 26.27 24.82 23.44 22.90 20.40 20.79 21.66 21.99 21.66 21.55 22.74 22.56 20.83 20.46 20.79
30.41 30.48 30.50 30.40 30.53 30.29 30.47 30.28 29.15 30.01 29.83 28.82 27.86 28.89 29.45 29.24 27.58 28.22 28.78 28.28 29.13 29.35 27.39 27.64 26.77 27.00 26.33 26.48 26.38 27.25 26.22 25.99 23.45 23.04 24.22 25.64 23.83 25.49 27.89 26.46 25.47 26.41 27.33 28.51 27.62 28.09 27.80 27.95 28.70 28.55 28.23 29.29 29.09 29.12 29.29 29.14 28.96 28.71 28.87 28.72 28.48 27.14 26.70 26.46 23.84 24.10 22.57 23.03 24.41 22.35 21.41 21.70 23.12 21.86 20.56 21.73 21.14
30.38 30.40 30.46 30.46 30.39 30.30 30.45 30.33 29.35 29.82 29.30 29.93 28.57 26.98 29.10 28.73 27.83 28.59 27.61 28.42 29.55 28.19 27.64 27.44 28.25 27.56 27.72 25.84 27.00 26.10 24.36 26.67 25.16 25.28 25.56 26.25 25.66 25.60 25.34 25.55 27.18 25.77 25.90 26.25 27.34 28.92 28.71 28.70 29.48 28.75 27.96 28.86 29.67 28.95 28.12 28.44 28.68 28.64 28.14 28.69 28.81 27.92 27.16 26.54 25.36 23.72 22.83 24.18 24.00 23.10 20.46 20.43 22.57 22.54 21.48 20.95 21.60
30.37 30.36 30.45 30.52 30.46 30.38 30.31 30.06 29.82 29.43 29.57 28.94 28.49 28.14 28.88 28.69 28.82 28.78 28.89 28.39 29.49 28.13 29.03 27.45 27.41 27.75 28.37 28.59 27.73 25.68 25.97 26.67 25.89 24.93 25.06 24.46 25.06 24.83 25.25 27.09 27.27 26.94 25.16 25.76 25.62 26.66 27.96 29.43 28.86 29.41 29.16 29.33 29.72 29.18 28.42 28.53 28.86 28.19 27.17 26.97 27.11 27.81 27.49 26.66 26.14 23.44 24.29 25.58 22.99 21.41 19.81 18.47 20.65 21.79 21.44 17.36 18.32
30.37 30.35 30.42 30.50 30.47 30.44 30.18 29.95 29.68 29.12 29.39 28.95 29.32 29.34 26.90 28.13 27.55 27.54 28.25 26.88 27.61 28.09 28.59 27.99 27.10 27.26 26.21 27.71 28.03 27.52 25.29 25.94 26.01 24.51 25.04 24.89 25.99 24.52 24.93 27.13 26.70 26.40 27.79 26.00 26.48 27.93 27.74 28.46 28.41 28.72 28.99 29.34 29.53 29.47 28.70 28.66 27.48 27.77 27.69 27.68 27.42 27.85 26.91 25.82 25.16 24.26 23.98 24.77 22.37 20.60 19.50 18.23 19.99 18.90 17.70 18.67 18.30
30.36 30.33 30.47 30.45 30.43 30.42 30.51 30.01 28.87 29.45 28.69 27.97 29.27 28.19 28.24 27.95 26.23 26.80 28.30 27.99 27.47 27.75 28.39 27.47 27.25 26.37 25.17 25.52 26.94 27.44 26.02 26.19 26.40 27.09 26.94 25.44 26.55 25.79 27.40 27.18 27.21 27.20 27.98 27.71 27.84 27.91 28.70 28.36 29.43 29.07 29.77 29.46 29.38 28.65 28.81 28.31 27.61 27.29 26.16 26.36 27.69 28.28 26.78 25.38 25.26 23.34 23.41 22.57 21.03 19.65 18.29 18.06 17.85 15.94 16.38 18.46 17.90
30.30 30.34 30.37 30.42 30.41 30.40 30.41 30.23 29.90 29.52 29.70 27.87 28.91 27.82 28.19 28.55 27.54 27.94 26.58 27.97 27.97 28.19 26.22 27.43 27.36 26.72 26.32 25.24 26.28 27.06 27.31 25.20 26.63 25.70 26.84 26.82 24.66 26.51 27.30 27.13 26.84 27.59 25.91 27.56 26.60 26.12 27.91 27.25 28.03 29.36 29.17 29.31 29.05 28.37 28.75 28.17 27.07 26.92 26.53 26.38 26.21 27.88 27.79 27.68 24.47 21.74 21.84 19.80 20.60 19.81 18.71 18.60 18.04 16.78 16.99 17.91 16.19
30.28 30.35 30.44 30.51 30.48 30.44 30.46 30.28 30.22 29.99 29.31 29.32 28.97 28.57 27.76 27.36 28.04 26.81 26.53 27.27 27.38 26.74 28.77 27.57 25.61 25.54 26.58 25.40 25.66 27.00 28.05 26.03 25.19 25.67 26.84 27.37 25.68 25.27 27.43 26.69 27.66 27.13 27.73 28.27 27.84 28.05 27.46 26.72 27.04 27.18 28.33 28.48 28.33 27.63 28.63 27.22 27.45 25.21 25.56 24.25 25.92 27.87 28.56 25.95 23.31 21.48 21.07 19.48 16.97 18.60 17.75 17.54 17.12 17.39 16.80 17.42 15.18
30.32 30.33 30.40 30.45 30.42 30.47 30.44 30.37 30.29 30.31 29.77 29.61 29.49 29.34 28.08 28.14 26.83 27.53 28.12 27.40 27.05 25.12 27.76 27.79 26.97 26.01 26.45 25.09 25.46 27.58 26.88 27.17 26.26 26.71 26.71 26.26 24.82 27.06 28.39 28.28 27.82 29.17 29.41 28.57 28.05 27.26 26.38 27.01 28.44 27.78 27.13 25.73 26.84 26.19 26.89 27.08 26.59 24.52 23.51 24.93 25.15 25.99 25.95 24.90 22.26 19.06 18.78 20.02 19.49 18.37 19.13 19.07 17.32 17.28 16.95 16.53 15.90
30.40 30.33 30.36 30.37 30.40 30.47 30.49 30.48 30.45 30.20 30.11 29.33 29.07 28.73 28.14 27.78 27.40 26.24 27.45 25.75 27.64 25.53 25.55 26.58 28.01 26.18 26.91 26.30 24.85 26.46 26.96 26.67 26.26 27.57 26.60 27.46 24.98 27.49 26.51 26.82 28.37 29.10 29.32 29.09 29.21 27.02 26.80 25.33 27.34 26.82 25.08 24.24 25.47 25.15 25.91 26.22 28.09 26.80 24.96 24.00 23.72 23.86 25.71 24.77 22.07 19.77 17.79 18.17 19.27 18.96 18.17 17.43 17.83 17.41 18.58 18.78 18.10
30.43 30.45 30.47 30.38 30.51 30.53 30.47 30.55 30.52 30.37 29.97 29.37 29.69 28.53 27.82 27.55 28.29 27.60 26.00 25.89 26.53 26.25 25.03 26.28 28.05 27.68 25.71 25.76 24.71 27.19 27.00 26.82 26.69 26.24 27.60 27.60 28.58 26.68 26.75 27.29 27.57 28.86 29.76 28.65 29.36 28.96 27.48 26.80 25.79 25.90 26.02 25.16 25.14 26.06 25.36 26.63 26.78 25.83 23.82 23.99 23.62 24.23 24.36 23.16 21.68 21.34 19.02 18.35 16.97 15.86 18.83 17.67 18.30 19.71 20.01 19.64 19.59
30.39 30.50 30.52 30.38 30.44 30.48 30.47 30.48 30.47 30.30 29.92 29.75 29.71 30.02 28.68 28.53 27.43 28.48 27.42 25.74 25.99 27.25 25.51 24.75 27.64 27.11 25.66 25.67 25.22 26.61 27.16 26.16 27.30 28.40 27.72 29.00 28.54 27.98 26.43 27.19 26.45 28.12 29.61 29.87 30.25 29.04 27.56 27.27 26.31 25.05 25.39 25.68 25.42 25.80 26.20 26.10 26.24 24.74 21.77 22.69 23.56 21.39 19.81 21.65 20.57 20.79 20.79 19.66 17.02 16.17 17.82 18.82 18.01 18.76 18.37 18.45 17.69
30.40 30.43 30.42 30.37 30.42 30.41 30.46 30.44 30.48 30.35 30.35 30.17 29.80 29.76 29.65 28.57 28.48 28.93 27.37 27.41 26.38 25.93 27.03 24.27 25.91 28.32 27.39 26.28 26.42 26.40 26.19 25.22 26.46 26.99 27.84 26.71 27.83 28.97 27.45 26.57 28.30 27.99 29.32 29.98 29.22 28.44 28.77 27.48 27.76 26.47 25.15 26.13 25.88 25.90 26.82 25.25 24.12 24.23 24.06 23.82 24.26 21.57 20.21 20.30 18.08 18.37 18.37 18.99 17.48 17.69 17.57 18.23 18.05 16.26 16.39 16.32 15.02
