main/data/irradiance/19.12.2023.grid
ncols 839
nrows 679
xllcenter 112.0500
yllcenter -43.9500
cellsize 0.0500
nodata_value 99999.90
[rows 272 to 305 of 679, columns 693 to 769 of 839]
30.80 30.80 30.54 30.74 30.49 30.48 30.76 29.85 30.07 30.51 30.24 29.64 29.69 28.83 28.41 28.99 29.29 28.65 29.26 28.36 28.32 28.00 28.09 27.54 29.01 29.32 28.70 28.33 28.91 29.62 29.11 28.80 28.28 26.71 26.97 26.99 25.84 24.80 23.07 23.16 23.62 24.59 24.81 25.09 24.22 25.19 24.92 23.53 24.16 25.76 24.96 25.40 25.92 26.07 27.53 27.69 27.27 26.37 26.89 27.53 28.61 28.84 27.14 27.60 27.17 28.36 27.89 29.49 29.53 29.70 29.26 28.11 27.45 28.12 28.47 27.38 28.45
30.86 30.91 30.86 30.61 30.77 30.54 30.97 30.67 30.60 30.28 30.37 29.86 29.99 29.94 29.59 29.32 29.18 28.67 28.08 28.57 27.19 27.59 28.05 29.90 29.71 30.56 30.19 28.89 28.80 28.69 28.78 28.17 27.95 27.65 26.93 26.57 25.42 24.37 24.22 24.14 23.58 24.09 24.32 25.02 25.27 24.54 24.69 24.31 25.37 24.19 24.21 24.32 25.87 25.84 25.27 25.86 26.26 26.98 27.39 27.99 27.31 27.63 26.22 26.23 26.60 27.96 27.24 28.16 27.87 28.60 28.82 28.94 29.03 29.10 28.95 27.46 24.65
30.78 30.81 30.44 30.54 30.88 30.93 31.00 30.67 30.91 30.73 30.27 30.02 30.48 30.95 30.38 29.19 29.48 28.44 28.77 28.53 28.05 28.79 29.99 30.48 31.02 31.04 31.04 29.06 28.63 27.11 27.70 28.60 28.02 26.88 26.18 26.51 25.46 23.42 22.98 23.13 24.00 23.42 24.30 24.78 26.19 27.19 27.32 24.80 24.47 24.35 23.76 23.77 23.52 24.15 24.64 26.48 27.22 27.04 27.73 27.23 26.96 27.09 26.78 27.70 27.87 27.53 26.20 26.69 26.84 26.59 28.03 28.64 28.17 28.67 29.12 27.64 26.35
30.85 30.84 30.74 30.96 30.70 30.94 30.95 30.96 31.06 31.06 30.82 30.79 30.55 30.49 29.99 29.97 29.49 29.39 28.37 28.28 29.92 29.84 30.42 30.75 30.73 30.91 30.59 27.90 29.15 27.43 26.73 27.18 26.67 26.51 25.38 26.51 26.77 23.88 21.31 22.80 21.88 23.41 24.66 24.46 24.69 25.13 24.30 23.52 23.23 23.91 23.97 24.91 26.80 26.37 27.43 28.18 28.16 26.87 27.15 27.23 26.22 27.11 26.86 27.66 27.40 27.48 26.00 27.18 27.26 28.87 29.43 29.49 28.83 27.36 29.03 27.91 28.05
30.88 31.01 30.97 30.59 30.93 31.11 30.99 30.95 30.96 30.98 31.03 30.35 30.51 29.97 29.91 29.85 30.38 29.35 29.33 30.80 30.33 30.44 30.59 29.89 30.60 29.34 29.22 29.27 30.10 27.02 26.13 27.30 26.60 25.50 24.42 23.66 24.19 24.07 21.76 21.92 22.07 22.93 23.46 24.40 24.10 23.63 25.16 24.59 24.29 25.13 25.57 26.51 26.76 27.28 26.59 26.67 25.26 27.50 27.22 27.32 27.14 26.00 26.11 27.09 28.19 27.57 27.04 28.01 29.57 28.78 28.55 28.61 28.97 27.57 27.81 27.09 25.86
30.56 31.00 30.97 31.09 30.83 31.10 31.00 31.10 30.85 30.55 30.91 30.45 30.50 29.67 30.21 30.41 29.82 30.27 30.61 30.44 30.62 30.00 30.64 30.36 30.54 29.07 29.35 29.38 29.57 29.00 27.64 27.93 26.45 24.60 24.11 24.25 25.74 25.70 24.25 24.62 24.51 23.78 24.38 25.28 23.66 23.51 26.38 25.52 24.76 24.90 24.56 23.65 24.12 26.55 25.34 25.38 25.91 25.91 27.12 28.62 27.63 27.76 27.10 27.75 27.83 27.56 27.30 27.83 28.47 29.23 29.67 28.05 26.83 26.53 27.49 28.64 29.00
31.05 30.97 30.91 30.96 31.09 31.10 31.07 30.70 30.88 30.83 30.67 30.42 30.94 30.83 30.32 30.64 30.83 30.71 30.94 30.98 30.31 29.68 30.66 30.05 29.71 30.09 29.78 29.68 29.94 29.48 26.66 26.77 26.06 24.44 23.15 24.71 26.55 25.77 27.03 26.26 26.35 25.60 23.64 24.79 23.02 24.97 27.18 26.94 25.43 23.68 24.75 24.95 25.24 25.85 25.36 25.73 25.97 25.54 26.22 27.66 27.92 27.17 26.06 27.78 25.53 26.59 27.84 27.19 26.60 27.41 27.26 27.56 28.11 29.00 29.16 30.37 30.44
30.82 31.05 31.03 31.05 30.86 30.60 31.10 31.00 30.36 30.44 30.80 30.81 30.73 30.77 30.98 31.11 31.10 30.80 30.65 30.78 29.71 29.62 29.78 29.93 30.25 30.53 30.33 30.06 29.32 28.07 27.53 27.13 28.08 27.74 25.27 24.20 25.53 26.13 24.68 25.37 26.12 24.43 24.72 24.77 24.00 26.63 27.25 26.26 24.57 24.90 24.37 24.44 25.53 25.05 25.47 26.49 25.90 24.50 25.58 25.84 27.74 27.95 28.27 26.89 25.72 26.94 27.82 27.55 27.46 27.94 27.73 28.92 29.85 30.27 29.83 28.85 28.56
30.97 31.10 31.05 30.75 30.56 31.02 30.57 31.02 31.08 30.89 30.51 30.74 30.78 30.81 31.00 31.12 31.08 30.73 30.07 30.47 29.86 29.77 29.83 30.20 30.90 30.48 30.53 29.31 28.24 28.32 27.69 27.68 27.37 24.76 25.19 26.65 26.81 24.91 25.06 24.62 25.61 25.05 27.21 28.34 27.59 26.64 26.86 26.10 26.02 24.89 25.59 25.75 25.73 25.76 25.01 24.24 25.33 24.32 25.13 26.62 27.86 28.22 27.58 26.45 27.23 27.98 28.47 27.93 28.15 30.18 29.84 29.31 28.24 27.45 28.02 28.04 26.60
31.01 30.40 30.69 30.69 30.80 30.59 30.81 31.05 31.10 30.60 30.79 30.59 30.90 30.93 31.14 31.14 30.64 30.44 30.83 30.22 30.41 30.64 30.16 30.32 30.93 30.42 30.60 29.57 28.88 27.95 27.10 26.73 26.39 23.80 25.72 26.82 26.25 26.63 25.53 24.78 26.99 28.85 29.29 29.15 28.17 28.32 27.78 26.74 25.82 26.45 25.84 24.91 27.10 27.56 26.02 24.88 25.99 26.41 25.62 26.09 27.83 26.64 27.36 27.92 28.05 29.21 29.01 29.04 28.47 29.07 28.10 28.06 27.66 28.78 28.34 27.51 28.33
30.87 31.00 30.56 30.76 30.81 31.03 30.81 30.71 30.68 30.69 30.37 31.07 31.08 31.12 31.15 30.99 30.62 30.55 30.39 30.41 30.21 30.11 30.37 30.22 29.89 30.00 29.88 30.03 30.22 28.73 28.18 27.44 27.53 26.39 28.21 28.05 28.02 28.33 28.59 28.72 28.71 28.39 28.00 27.62 27.37 27.00 26.99 26.22 26.22 25.74 26.03 25.37 26.97 27.71 26.26 25.81 25.35 25.42 24.01 26.34 26.26 27.05 26.67 27.73 27.89 28.09 28.49 27.60 27.76 27.40 28.06 28.65 29.71 27.96 28.44 26.84 28.29
30.77 30.85 30.80 30.81 30.89 30.56 30.62 30.62 30.74 30.68 30.90 30.94 31.06 31.09 31.13 30.47 30.27 30.26 30.36 30.33 29.96 29.91 29.86 29.99 29.66 30.04 29.35 29.34 28.97 30.01 28.14 28.47 27.87 26.21 27.74 29.30 30.74 30.58 30.06 28.76 28.03 28.44 27.67 27.36 25.85 25.61 25.98 25.98 25.54 24.69 25.27 25.80 25.81 26.41 25.48 26.60 23.86 24.33 25.14 24.99 26.80 27.19 27.31 27.74 27.46 26.58 27.60 26.92 27.01 28.49 29.39 29.09 28.88 27.22 27.82 28.45 29.00
30.78 31.09 31.05 31.04 30.49 30.24 30.69 30.54 30.60 30.85 30.97 30.97 30.95 30.80 30.80 30.36 29.63 29.87 30.03 30.20 30.43 30.44 30.54 30.07 30.13 30.12 29.55 29.23 29.46 28.84 28.55 28.75 28.43 28.01 30.63 31.07 30.42 30.16 28.80 28.88 27.87 27.66 28.50 27.82 25.86 25.72 26.18 26.38 25.91 25.24 24.30 24.36 23.34 24.63 26.16 25.24 24.50 25.00 26.14 25.43 25.43 27.63 27.09 26.40 26.71 26.55 26.51 26.86 28.15 28.36 28.50 28.24 27.82 28.03 28.60 28.66 27.73
30.46 30.92 30.82 30.90 30.93 30.69 30.65 30.79 30.69 30.89 30.99 30.97 30.76 30.24 30.07 30.08 30.47 30.17 30.23 30.44 30.98 30.68 30.86 30.02 30.35 29.58 29.49 29.78 29.14 28.97 28.94 28.62 28.42 27.39 29.62 30.08 30.08 30.25 30.29 29.15 28.38 28.43 27.12 28.35 28.33 26.45 26.04 25.58 26.23 25.77 25.38 24.82 23.56 25.14 25.16 26.42 26.80 26.92 27.33 26.03 27.29 26.51 26.58 27.95 27.40 27.26 27.06 26.81 27.77 28.24 29.07 29.23 29.54 28.34 28.16 27.48 28.33
30.61 30.94 30.78 30.95 30.79 30.33 30.81 31.08 31.03 31.13 31.12 30.77 30.32 30.11 29.52 29.77 30.24 30.31 29.77 30.72 30.76 30.70 30.51 30.32 29.40 29.76 29.34 29.26 29.89 28.59 28.95 28.29 26.97 28.86 29.70 30.06 28.50 28.27 28.58 28.89 28.48 28.00 28.67 29.32 28.51 26.99 26.92 27.26 27.81 27.70 26.07 25.70 26.00 25.84 25.73 27.79 28.32 28.28 27.26 28.05 26.11 25.86 27.69 27.17 27.80 27.32 25.81 27.10 28.77 29.61 29.93 30.68 29.89 28.26 29.30 28.90 28.38
30.75 30.89 30.89 30.78 30.58 30.72 30.73 30.97 30.99 30.94 31.01 30.33 30.24 30.31 30.54 30.28 29.96 29.78 30.01 30.40 30.18 29.93 30.72 30.58 30.66 30.50 30.51 30.60 30.40 28.79 28.27 27.84 28.81 29.82 30.04 29.40 29.54 30.23 28.78 29.82 29.18 29.15 29.39 29.51 29.30 29.08 27.72 27.48 26.84 26.14 25.62 26.30 27.74 27.07 27.40 28.01 27.45 27.96 27.69 26.53 26.25 26.54 27.12 26.87 27.29 26.77 28.18 28.52 29.59 29.77 30.40 29.71 29.79 28.42 28.39 27.80 28.28
30.79 31.03 30.43 30.62 30.60 31.02 31.11 30.81 31.02 30.66 30.12 30.47 30.79 30.77 30.46 30.38 29.90 30.38 30.43 30.22 29.40 30.43 30.94 30.84 30.73 30.91 31.00 30.49 29.80 28.74 27.61 28.63 29.69 30.47 30.62 30.60 28.39 28.74 30.40 29.88 30.26 29.60 29.71 30.26 30.01 29.37 27.76 27.11 27.15 27.11 29.14 28.81 27.52 28.05 26.43 27.24 27.05 27.79 27.78 27.90 27.79 28.08 27.92 28.07 26.61 27.04 27.89 28.75 28.62 29.53 29.86 30.03 29.69 29.13 28.72 27.54 27.13
30.98 30.73 30.62 30.70 30.96 31.15 31.17 30.90 30.74 30.74 30.90 30.73 30.66 30.55 30.79 30.95 30.74 31.02 30.17 30.12 31.08 31.01 30.77 31.10 31.10 31.13 31.01 30.99 30.19 29.17 29.58 29.58 29.86 30.29 30.39 29.60 29.00 29.96 30.51 30.37 30.73 30.50 30.04 29.40 28.35 28.44 27.78 27.34 27.45 28.44 29.20 29.58 28.23 27.00 25.44 24.80 26.39 27.74 28.63 28.96 28.59 27.29 27.67 26.73 26.23 26.70 28.25 28.96 28.93 29.47 29.25 29.64 30.02 28.14 27.65 28.18 28.20
30.77 30.72 30.63 30.78 31.03 31.10 31.00 30.63 31.13 30.97 30.66 30.96 30.98 30.61 31.09 31.17 30.94 30.82 31.03 31.12 31.08 31.02 31.02 31.11 31.09 31.09 30.70 31.03 29.69 29.49 30.57 29.80 30.48 30.88 30.16 29.95 29.58 30.35 30.60 30.37 30.74 29.33 28.63 29.01 28.50 28.72 28.67 27.53 27.55 28.69 28.62 28.88 26.61 26.78 27.84 27.58 28.12 27.21 27.44 28.36 28.80 28.80 29.07 27.75 27.04 28.13 28.78 29.52 29.63 29.92 29.59 29.41 28.58 28.18 27.01 27.81 30.11
30.67 30.57 30.87 30.77 31.01 31.02 31.04 30.66 31.16 31.00 31.11 30.58 30.93 30.41 31.04 31.08 30.76 31.17 31.17 31.18 31.15 31.05 31.03 31.02 30.98 30.50 30.62 29.55 28.66 29.08 30.62 30.84 30.88 29.89 30.14 30.30 30.28 29.57 29.79 29.79 28.65 28.59 29.79 30.07 28.87 27.62 28.02 28.02 27.64 28.06 28.21 27.22 26.35 26.99 26.74 25.94 26.70 26.83 27.40 27.30 29.19 29.50 27.35 26.55 27.79 27.65 28.05 28.36 29.40 29.73 29.39 29.35 28.01 28.51 28.27 28.69 28.63
30.69 30.74 31.05 30.91 30.67 30.83 31.03 31.01 30.75 30.96 31.14 31.11 30.48 31.05 30.99 30.87 31.07 31.13 31.16 31.17 30.99 30.75 30.39 29.94 30.19 30.24 30.58 29.88 29.71 31.01 30.53 30.82 30.42 29.85 30.65 30.80 30.15 29.57 30.05 29.85 28.40 29.55 30.16 29.70 29.08 28.71 27.26 26.85 26.68 27.13 26.94 27.21 27.61 26.85 26.36 25.74 25.42 27.66 27.12 28.43 28.73 28.00 27.70 27.95 28.80 27.48 26.82 26.23 27.02 28.39 27.46 29.09 28.69 29.06 29.51 29.12 28.39
30.92 31.11 31.03 31.06 30.76 30.86 30.89 30.89 30.92 31.17 31.18 30.79 30.43 30.81 30.48 31.18 31.20 31.18 31.12 30.96 30.79 30.32 30.37 29.42 30.42 30.13 30.34 29.60 30.79 30.73 30.96 31.06 30.30 30.70 31.13 30.22 28.44 30.00 29.60 28.98 29.64 30.28 30.16 29.97 29.40 28.25 27.21 26.20 26.98 25.99 26.92 27.97 26.98 27.33 27.42 26.80 26.42 26.60 26.97 27.85 27.91 26.81 28.06 26.65 27.92 27.77 26.95 26.31 26.19 24.90 27.55 29.24 29.18 29.16 28.08 28.64 28.45
31.07 31.18 31.07 31.02 30.88 30.91 30.87 30.67 30.85 31.01 31.05 30.74 30.52 30.45 31.09 31.19 31.22 31.12 30.85 30.70 29.99 30.53 30.60 30.02 30.39 30.63 30.44 30.99 30.70 30.87 31.06 30.52 30.47 31.06 31.02 29.36 28.90 29.97 29.23 28.77 30.04 30.77 30.27 29.85 28.63 29.41 27.12 26.70 26.73 26.72 28.81 28.90 26.69 27.44 27.56 28.48 27.45 26.22 26.47 27.83 27.24 26.11 26.98 26.38 28.06 28.84 27.05 24.22 26.70 27.47 28.66 29.09 29.97 29.51 27.39 28.26 27.42
31.04 31.10 31.10 30.93 30.96 31.03 30.99 30.90 30.97 30.91 30.67 30.79 30.56 30.85 31.03 31.09 30.95 30.26 29.54 30.04 30.19 30.78 30.03 30.61 30.79 31.01 30.96 30.85 30.78 30.98 30.36 31.03 30.81 31.10 30.42 29.16 29.56 28.80 29.01 28.80 30.33 30.51 29.72 28.91 29.44 28.96 27.21 26.92 27.68 28.53 28.47 27.05 27.00 26.83 27.43 27.77 27.32 26.98 26.02 26.69 27.15 26.82 27.20 28.31 29.64 28.63 27.02 26.18 27.50 29.74 30.15 28.50 27.23 27.16 27.31 27.01 26.95
31.15 31.13 31.07 31.00 31.13 31.07 30.92 30.89 30.96 30.99 30.55 30.54 30.75 30.91 31.07 30.98 30.25 29.60 28.90 30.67 30.49 30.17 30.79 31.06 31.09 30.89 30.95 30.55 31.03 30.64 31.08 31.10 30.95 31.14 29.07 29.18 29.62 28.51 29.02 29.52 29.60 29.42 29.08 29.28 29.33 29.33 27.38 27.25 28.95 29.27 28.63 28.34 27.30 27.33 27.13 26.45 26.13 25.86 24.93 25.42 26.22 26.31 26.05 27.55 29.35 28.28 28.05 28.20 29.55 30.20 29.45 28.32 26.76 28.35 29.34 28.46 28.65
31.18 31.18 31.09 31.08 31.17 31.16 30.86 30.92 30.97 30.82 30.60 30.34 30.75 31.01 31.00 31.00 29.96 30.27 28.17 29.03 30.21 30.18 31.07 31.10 31.10 31.09 31.04 31.03 30.82 31.09 31.07 31.06 31.05 31.08 29.16 28.51 28.71 28.75 30.25 29.82 28.94 28.54 28.81 28.75 29.65 29.36 29.24 29.17 29.72 29.56 28.74 27.64 27.28 27.64 26.75 24.94 25.78 25.41 25.15 26.50 29.11 28.84 28.87 29.12 28.62 28.25 27.45 28.31 29.32 29.22 27.34 27.39 28.58 30.00 29.85 29.44 27.78
31.26 31.23 31.19 31.12 31.11 31.08 31.11 30.99 30.74 30.75 30.39 30.63 30.77 30.90 30.76 30.82 29.88 29.46 29.37 29.92 30.47 30.74 30.96 30.81 30.87 30.78 31.08 31.11 31.10 30.66 30.97 31.07 31.00 30.96 29.50 28.93 29.04 30.13 30.59 29.88 28.92 29.28 30.04 29.91 29.73 29.16 29.76 29.93 29.51 29.09 27.95 28.46 27.84 26.22 25.57 25.38 25.99 25.21 25.92 26.93 28.16 28.09 27.79 27.35 27.72 27.84 27.37 27.72 26.99 28.37 27.45 29.58 30.60 30.29 29.38 27.58 27.96
31.20 31.18 31.18 31.22 31.09 31.01 31.20 31.11 30.84 30.76 30.38 30.69 30.72 31.00 30.40 30.56 29.89 29.83 30.09 30.48 30.50 30.59 30.39 29.58 30.25 30.13 30.44 30.77 30.37 31.09 31.08 31.01 30.79 30.90 29.63 29.93 30.09 30.92 30.82 29.85 28.65 29.96 30.70 29.09 28.97 29.50 29.83 29.91 29.48 28.59 26.35 25.85 25.73 25.82 26.41 26.01 26.92 25.83 25.80 26.51 26.53 27.69 27.70 25.86 26.32 27.93 28.58 28.00 26.49 27.63 27.78 29.70 30.26 29.64 28.36 28.92 29.02
31.18 31.14 31.25 31.25 31.14 31.09 31.16 31.18 30.70 30.90 30.54 30.96 30.86 31.03 29.92 29.62 28.64 28.37 29.23 30.32 30.13 29.71 30.00 29.23 27.71 28.58 29.55 30.72 31.12 31.08 31.09 31.01 31.16 30.52 29.17 30.09 29.20 29.87 30.38 30.70 30.15 30.53 29.60 28.92 29.70 29.99 29.66 29.63 28.90 27.76 25.40 24.98 25.29 26.38 26.16 26.43 25.96 26.53 26.72 26.79 26.10 26.83 26.68 25.29 27.82 25.85 26.76 27.40 26.76 27.64 30.44 29.14 28.62 27.92 29.28 29.71 29.42
31.25 31.16 31.16 31.25 30.94 31.16 31.23 30.90 30.97 30.92 30.97 30.83 30.46 30.16 29.14 28.43 27.93 26.72 27.33 29.69 29.89 30.14 29.89 29.13 27.71 28.23 29.59 30.59 31.13 31.11 31.07 30.99 31.16 30.17 27.69 29.59 29.49 29.68 29.79 30.24 28.95 29.22 29.62 29.75 29.71 29.74 29.12 28.76 27.47 26.21 24.56 24.94 26.07 26.78 26.09 26.02 25.15 26.87 26.42 26.94 25.01 25.60 24.26 24.78 25.91 25.58 26.14 28.27 28.75 29.41 29.61 29.84 29.09 29.76 29.54 29.74 30.39
31.19 31.23 31.16 30.94 31.19 31.18 31.28 30.97 30.98 30.97 31.08 30.87 30.97 29.83 28.83 27.71 26.36 26.45 27.43 28.88 28.91 30.09 29.41 27.37 27.79 29.94 30.70 31.12 31.13 31.13 31.12 30.87 30.47 29.00 28.06 28.50 30.12 30.43 28.72 29.57 28.50 28.93 29.70 30.16 30.41 29.74 28.40 27.68 25.17 25.27 25.33 24.11 26.20 27.00 25.99 26.36 25.98 27.37 28.07 26.42 27.46 24.82 26.15 25.74 25.87 26.38 28.41 28.53 28.59 29.12 28.76 29.38 29.49 30.29 30.77 30.66 30.01
30.92 31.23 31.19 30.90 31.20 31.19 31.23 30.71 31.09 30.93 30.92 30.76 30.22 28.92 28.86 27.70 25.91 26.44 28.66 28.68 29.10 30.17 29.22 27.27 28.17 30.42 30.92 31.14 31.15 31.17 31.14 31.08 30.43 29.49 29.33 29.10 29.95 30.62 28.69 28.85 28.30 28.39 29.30 30.65 30.12 29.28 27.60 25.08 25.30 24.95 25.65 25.92 25.87 26.91 26.56 26.99 27.22 27.99 26.47 26.66 27.41 26.53 26.21 26.55 27.73 27.85 29.17 29.09 29.08 29.17 29.61 28.82 30.45 30.71 30.57 29.92 29.68
30.88 31.25 31.05 30.52 31.24 31.25 31.23 30.75 31.10 30.99 30.93 30.38 30.50 29.17 28.36 28.98 27.71 28.29 28.13 28.16 28.76 28.82 26.98 27.93 29.58 30.73 31.12 31.18 31.19 31.19 31.08 31.04 30.59 30.31 29.98 29.84 30.17 29.89 28.83 28.59 27.55 28.39 28.88 30.09 29.74 28.99 26.85 24.69 25.00 26.71 27.49 27.10 27.44 27.54 26.84 26.55 27.25 26.32 27.09 26.45 27.56 27.02 26.50 27.03 28.21 28.64 28.36 28.57 28.84 29.36 29.47 29.76 30.37 30.29 29.55 29.02 29.09
30.83 31.13 30.69 30.43 31.06 31.16 30.86 31.03 31.13 30.81 30.16 30.57 30.66 28.75 27.99 29.37 27.88 27.48 27.07 27.75 29.73 28.55 28.00 29.77 31.15 31.15 31.16 31.17 31.19 31.12 31.19 30.82 30.74 30.00 30.13 30.41 30.05 29.25 29.18 29.66 27.93 28.49 29.80 29.27 29.86 28.52 25.08 26.26 25.29 27.00 27.34 27.26 27.03 26.51 26.65 27.47 27.08 26.68 27.37 27.21 27.73 28.13 27.09 27.41 28.96 28.61 28.96 28.08 28.55 29.61 28.22 29.67 30.00 29.89 29.04 28.90 28.75
