main/data/irradiance/20.07.2023.grid
ncols 839
nrows 679
xllcenter 112.0500
yllcenter -43.9500
cellsize 0.0500
nodata_value 99999.90
[rows 476 to 509 of 679, columns 693 to 769 of 839]
11.90 11.90 11.88 11.88 11.79 11.90 12.15 12.11 12.14 12.17 12.08 11.84 11.84 12.06 11.85 11.88 11.91 11.99 12.01 11.98 11.95 11.98 12.07 12.08 12.12 12.16 12.13 12.13 12.12 12.08 12.07 12.04 11.98 11.94 11.94 11.88 11.90 11.99 12.01 12.05 12.08 12.10 12.06 12.02 12.00 11.91 11.93 11.87 11.93 11.93 11.92 12.08 12.14 12.13 12.06 12.09 12.13 12.17 12.13 12.13 12.08 12.13 12.15 12.15 12.13 12.12 12.11 12.02 12.05 11.93 12.02 12.03 11.97 11.97 11.81 11.92 11.92
11.86 11.81 11.71 11.83 11.87 11.75 11.96 11.99 12.01 12.09 12.04 11.76 11.97 12.12 11.84 11.93 11.96 11.98 11.97 11.95 11.95 11.94 11.99 12.03 12.03 12.00 11.99 12.08 12.05 12.01 12.06 12.01 11.93 11.92 11.94 11.91 11.92 11.93 11.95 11.95 11.98 12.02 11.97 11.92 11.95 11.92 11.89 11.88 11.87 11.96 12.03 12.05 12.07 12.03 12.06 12.11 12.11 12.07 12.05 12.13 12.11 12.06 12.08 12.08 12.10 12.09 12.12 12.02 12.07 12.00 12.06 12.01 11.87 11.85 11.81 11.86 11.93
11.89 11.84 11.79 11.82 11.62 11.84 11.93 11.88 11.94 12.02 11.91 11.89 11.95 12.01 11.93 11.98 11.97 11.96 11.95 11.89 11.89 11.93 12.00 11.95 11.87 11.84 11.88 11.99 11.95 12.00 12.01 12.00 12.01 12.00 12.02 11.96 11.93 11.86 11.84 11.82 11.88 11.97 11.95 11.85 11.88 11.90 11.89 11.90 11.95 12.03 12.01 11.99 11.94 12.05 12.12 12.12 12.12 12.06 12.09 12.07 12.08 12.06 12.03 12.05 12.03 12.04 12.07 12.02 12.00 12.01 12.03 11.96 11.93 11.94 11.93 11.81 11.88
11.89 11.79 11.94 11.81 11.79 11.72 11.75 12.00 11.90 11.88 11.85 11.84 11.69 11.77 11.96 11.96 11.94 11.85 11.88 11.80 11.85 11.90 11.85 11.85 11.80 11.86 11.80 11.85 11.93 11.96 12.02 12.03 11.99 12.02 11.99 11.92 11.90 11.82 11.84 11.83 11.87 11.88 11.86 11.89 11.88 11.90 11.90 11.90 11.96 12.00 12.00 11.98 12.00 12.03 12.10 12.09 12.09 12.06 12.05 12.07 12.01 12.03 12.08 11.96 11.97 12.02 12.04 12.06 11.98 11.87 11.84 11.98 11.99 11.99 11.83 11.88 11.84
11.86 11.91 12.02 12.02 11.84 11.72 11.96 11.81 11.86 11.76 11.76 11.68 11.62 11.63 11.87 11.92 11.93 11.74 11.83 11.75 11.79 11.83 11.85 11.80 11.80 11.84 11.92 11.88 11.96 11.92 11.97 11.98 11.96 11.96 11.94 11.87 11.87 11.83 11.77 11.74 11.72 11.73 11.79 11.80 11.86 11.90 11.87 11.79 11.90 11.94 11.98 11.96 12.03 12.04 12.02 11.99 11.99 12.03 12.06 12.04 12.03 11.99 12.05 12.06 11.96 11.95 11.97 11.94 11.93 11.86 11.89 11.97 11.88 11.92 11.47 11.70 11.80
11.80 11.83 11.85 11.83 11.76 11.75 11.86 11.80 11.71 11.78 11.68 11.75 11.66 11.75 11.78 11.85 11.84 11.76 11.77 11.75 11.81 11.79 11.71 11.78 11.77 11.84 11.89 11.83 11.93 11.93 11.95 11.96 11.96 11.91 11.87 11.79 11.75 11.72 11.75 11.70 11.67 11.62 11.70 11.78 11.87 11.90 11.70 11.82 11.87 11.90 11.92 11.93 12.00 12.01 12.02 11.99 11.93 12.02 12.04 11.99 12.03 12.05 12.02 12.00 11.95 11.94 11.93 11.94 11.90 11.87 11.98 12.00 11.90 11.71 11.57 11.68 11.72
11.72 11.81 11.74 11.78 11.65 11.98 11.93 11.89 11.71 11.69 11.76 11.73 11.78 11.73 11.74 11.78 11.80 11.73 11.77 11.78 11.70 11.59 11.65 11.71 11.82 11.84 11.87 11.86 11.89 11.87 11.86 11.87 11.90 11.94 11.90 11.82 11.79 11.77 11.75 11.68 11.64 11.64 11.64 11.68 11.79 11.84 11.77 11.84 11.89 11.88 11.88 11.91 11.97 11.97 12.00 12.00 11.95 11.97 11.93 11.98 11.97 12.02 12.03 12.00 11.96 11.93 11.95 11.93 11.86 11.85 11.93 11.91 11.75 11.70 11.83 11.63 11.74
11.72 11.86 11.78 11.84 11.89 11.93 11.84 11.93 11.75 11.83 11.78 11.86 11.83 11.73 11.65 11.77 11.67 11.70 11.78 11.81 11.68 11.63 11.63 11.60 11.75 11.70 11.81 11.85 11.89 11.85 11.83 11.82 11.89 11.88 11.89 11.83 11.82 11.82 11.81 11.75 11.74 11.65 11.70 11.65 11.78 11.82 11.87 11.74 11.86 11.89 11.92 11.93 11.94 11.96 12.00 11.99 11.94 11.96 11.94 11.99 11.99 11.98 11.99 11.98 11.96 11.88 11.83 11.85 11.80 11.85 11.90 11.80 11.74 11.81 11.67 11.67 11.75
11.77 11.84 11.73 11.99 11.95 11.94 11.90 11.90 11.88 11.76 11.82 11.84 11.75 11.87 11.74 11.69 11.60 11.74 11.82 11.71 11.75 11.71 11.64 11.69 11.62 11.66 11.77 11.79 11.79 11.84 11.78 11.76 11.79 11.86 11.85 11.81 11.78 11.80 11.79 11.80 11.72 11.73 11.63 11.58 11.69 11.75 11.86 11.80 11.83 11.92 11.92 11.94 11.89 11.89 11.94 11.95 11.92 11.92 11.88 11.96 11.98 11.96 11.94 11.92 11.94 11.83 11.69 11.80 11.81 11.78 11.87 11.76 11.79 11.77 11.66 11.67 11.76
11.72 11.86 11.96 11.98 11.88 11.92 11.91 11.82 11.85 11.78 11.80 11.67 11.62 11.65 11.71 11.66 11.67 11.66 11.79 11.76 11.74 11.72 11.70 11.64 11.56 11.53 11.61 11.74 11.70 11.80 11.72 11.69 11.77 11.75 11.84 11.80 11.80 11.81 11.73 11.76 11.68 11.71 11.68 11.64 11.78 11.74 11.82 11.89 11.76 11.86 11.89 11.91 11.88 11.89 11.91 11.95 11.90 11.96 11.92 11.88 11.92 11.89 11.85 11.87 11.85 11.78 11.68 11.70 11.69 11.63 11.73 11.68 11.76 11.75 11.58 11.57 11.65
11.83 11.84 11.92 11.87 11.83 11.86 11.92 11.82 11.81 11.74 11.79 11.69 11.62 11.53 11.70 11.63 11.66 11.77 11.77 11.85 11.84 11.80 11.73 11.68 11.62 11.51 11.59 11.72 11.71 11.69 11.70 11.66 11.67 11.70 11.74 11.74 11.80 11.76 11.76 11.74 11.74 11.77 11.75 11.75 11.72 11.58 11.72 11.79 11.77 11.83 11.86 11.90 11.89 11.91 11.87 11.91 11.90 11.87 11.80 11.83 11.88 11.86 11.83 11.78 11.75 11.66 11.67 11.51 11.47 11.50 11.70 11.64 11.66 11.55 11.54 11.61 11.56
11.86 11.97 11.95 11.88 11.84 11.86 11.78 11.80 11.76 11.69 11.65 11.60 11.51 11.62 11.59 11.54 11.75 11.82 11.88 11.80 11.83 11.71 11.69 11.65 11.62 11.41 11.64 11.74 11.65 11.64 11.67 11.59 11.62 11.68 11.68 11.71 11.77 11.81 11.72 11.70 11.69 11.69 11.66 11.83 11.73 11.63 11.66 11.66 11.71 11.88 11.85 11.86 11.91 11.91 11.86 11.86 11.86 11.81 11.77 11.78 11.85 11.84 11.78 11.61 11.63 11.66 11.66 11.42 11.36 11.54 11.65 11.62 11.44 11.46 11.54 11.46 11.35
11.53 11.95 11.92 11.86 11.80 11.78 11.54 11.65 11.60 11.59 11.62 11.46 11.56 11.49 11.40 11.60 11.68 11.79 11.79 11.76 11.75 11.77 11.73 11.65 11.76 11.62 11.51 11.64 11.70 11.65 11.59 11.58 11.54 11.57 11.73 11.69 11.78 11.76 11.71 11.76 11.77 11.73 11.72 11.79 11.81 11.71 11.68 11.62 11.77 11.89 11.86 11.82 11.85 11.86 11.87 11.87 11.75 11.72 11.72 11.70 11.77 11.72 11.66 11.51 11.58 11.47 11.40 11.30 11.19 11.37 11.54 11.55 11.25 11.28 11.35 11.39 11.27
11.43 11.76 11.87 11.91 11.84 11.68 11.56 11.43 11.35 11.61 11.53 11.64 11.50 11.45 11.30 11.51 11.65 11.78 11.77 11.82 11.73 11.70 11.71 11.70 11.64 11.59 11.61 11.69 11.66 11.59 11.56 11.54 11.70 11.65 11.73 11.79 11.79 11.73 11.71 11.78 11.79 11.75 11.77 11.58 11.67 11.66 11.75 11.69 11.68 11.82 11.80 11.80 11.81 11.83 11.86 11.84 11.79 11.69 11.69 11.66 11.66 11.70 11.66 11.52 11.60 11.37 11.42 11.30 11.22 11.39 11.41 11.30 11.05 11.07 11.18 11.16 10.98
11.17 11.45 11.30 11.73 11.87 11.73 11.46 11.59 11.59 11.59 11.45 11.54 11.58 11.49 11.33 11.39 11.66 11.67 11.78 11.76 11.66 11.58 11.60 11.76 11.52 11.57 11.53 11.62 11.71 11.62 11.47 11.55 11.62 11.62 11.68 11.78 11.80 11.76 11.73 11.72 11.61 11.71 11.81 11.70 11.68 11.76 11.78 11.68 11.53 11.63 11.81 11.81 11.79 11.75 11.80 11.77 11.70 11.68 11.59 11.66 11.74 11.71 11.62 11.63 11.63 11.53 11.36 11.34 11.30 11.21 11.21 11.12 11.01 10.87 10.85 11.04 10.91
11.27 10.94 11.11 11.61 11.87 11.83 11.58 11.24 11.42 11.48 11.08 11.46 11.66 11.57 11.45 11.51 11.79 11.67 11.42 11.77 11.74 11.64 11.70 11.69 11.56 11.52 11.42 11.53 11.64 11.58 11.61 11.68 11.65 11.63 11.57 11.73 11.82 11.83 11.82 11.72 11.73 11.69 11.75 11.71 11.70 11.72 11.72 11.65 11.61 11.58 11.75 11.78 11.81 11.71 11.77 11.65 11.63 11.58 11.52 11.52 11.66 11.63 11.59 11.68 11.63 11.52 11.29 11.33 11.37 11.30 10.96 10.94 10.86 10.79 10.72 10.77 10.77
11.17 11.05 10.98 11.28 11.41 11.53 11.31 11.38 11.35 11.40 11.49 11.49 11.56 11.67 11.53 11.54 11.50 11.62 11.74 11.70 11.65 11.71 11.80 11.71 11.57 11.39 11.28 11.40 11.30 11.45 11.60 11.67 11.60 11.56 11.54 11.70 11.78 11.84 11.67 11.65 11.60 11.54 11.61 11.75 11.67 11.70 11.70 11.47 11.62 11.71 11.75 11.71 11.74 11.72 11.71 11.61 11.57 11.61 11.61 11.60 11.63 11.58 11.60 11.52 11.54 11.37 11.39 11.23 11.23 11.15 10.82 10.53 10.65 10.50 10.31 10.46 10.59
11.25 11.29 10.96 10.73 11.23 11.47 11.56 11.55 11.21 11.42 11.58 10.90 11.24 11.53 11.20 11.29 11.54 11.53 11.60 11.35 11.60 11.75 11.74 11.52 11.60 11.25 11.10 11.12 11.41 11.41 11.38 11.61 11.52 11.59 11.65 11.50 11.75 11.75 11.59 11.55 11.55 11.40 11.60 11.46 11.67 11.55 11.58 11.51 11.67 11.66 11.69 11.69 11.64 11.72 11.65 11.70 11.66 11.56 11.53 11.70 11.41 11.45 11.44 11.54 11.28 11.20 11.31 11.21 11.22 11.06 11.03 10.70 10.30 10.37 10.10 10.14 10.25
11.46 11.12 11.25 10.77 10.92 10.99 11.31 11.42 11.47 11.11 11.14 11.29 11.38 10.82 11.15 11.03 11.15 11.18 11.34 11.56 11.19 11.38 11.57 11.58 11.42 11.27 11.11 10.95 11.06 11.19 11.22 11.45 11.63 11.59 11.57 11.55 11.55 11.67 11.60 11.68 11.56 11.46 11.55 11.47 11.43 11.37 11.70 11.53 11.49 11.56 11.59 11.67 11.67 11.63 11.63 11.57 11.53 11.55 11.50 11.47 11.52 11.55 11.60 11.53 11.18 11.15 11.25 11.30 11.07 10.91 10.97 10.65 10.25 10.08 9.90 9.93 10.00
11.36 11.20 11.10 10.77 11.06 10.89 10.95 11.17 10.64 10.84 11.27 11.14 10.69 10.80 11.06 11.26 11.04 10.98 11.33 11.50 11.53 11.42 11.26 11.43 11.36 11.09 11.09 10.89 10.54 10.80 11.11 11.28 11.35 11.43 11.46 11.39 11.56 11.52 11.59 11.58 11.55 11.47 11.26 10.89 10.92 10.71 11.49 11.53 11.49 11.57 11.62 11.65 11.61 11.62 11.53 11.50 11.37 11.32 11.50 11.48 11.52 11.55 11.34 11.29 11.07 10.84 11.20 11.06 11.02 10.72 10.56 10.62 10.30 10.07 10.05 9.99 9.93
11.00 10.67 11.26 11.09 10.94 10.88 10.73 11.12 10.99 10.68 10.84 10.60 11.25 10.92 10.85 11.04 11.16 11.12 11.15 11.37 11.07 11.48 11.41 11.18 11.27 11.11 11.39 11.16 10.57 10.76 10.95 10.68 10.88 10.88 11.31 11.40 11.45 11.57 11.65 11.46 11.40 11.41 10.90 10.33 10.53 10.38 11.07 11.54 11.49 11.44 11.52 11.62 11.55 11.55 11.61 11.37 11.25 11.25 11.27 11.43 11.41 11.23 11.23 11.08 10.84 10.94 10.94 10.86 10.45 10.52 10.62 10.28 10.03 10.05 10.04 9.91 9.62
11.13 11.01 11.27 11.28 10.88 11.03 11.12 11.06 11.20 11.03 11.25 10.83 11.14 11.28 10.79 10.89 10.43 10.72 10.89 10.99 11.51 11.50 11.29 11.22 11.21 10.96 10.88 11.24 10.80 10.53 10.58 10.49 10.60 10.75 10.93 11.15 11.23 11.44 11.63 11.58 11.22 11.41 10.64 10.51 10.51 10.55 10.55 11.38 11.42 11.32 11.44 11.61 11.56 11.52 11.42 11.26 11.17 11.13 11.27 11.39 11.24 11.33 11.07 10.70 10.51 11.06 11.04 10.78 10.58 10.38 10.47 10.11 10.19 9.93 9.84 9.73 9.50
11.39 11.07 10.71 10.88 11.18 10.92 11.25 10.80 10.89 10.66 10.57 10.79 10.92 11.01 10.73 10.22 10.27 10.74 10.99 10.90 11.05 11.27 11.20 11.06 10.61 10.67 10.80 10.84 10.96 10.75 10.49 10.57 10.83 10.90 10.98 11.07 11.15 11.35 11.53 11.39 11.22 10.70 10.64 10.41 10.61 10.93 10.66 11.07 11.25 11.30 11.44 11.50 11.38 11.48 11.26 11.05 11.10 11.18 11.29 11.23 11.08 11.15 10.96 10.77 10.48 10.57 10.92 10.70 10.63 10.65 10.55 10.28 10.09 9.87 9.58 9.80 9.51
11.24 10.97 11.01 10.62 10.88 11.11 10.87 10.67 10.92 10.72 10.94 11.15 10.75 10.70 10.97 10.50 10.69 10.41 10.66 10.77 10.92 10.74 11.13 11.05 10.97 10.93 10.50 10.78 10.36 10.60 10.65 10.58 10.48 10.61 11.29 11.18 10.91 11.38 11.53 11.39 11.29 10.70 10.70 10.32 10.50 11.19 10.94 10.54 11.14 11.29 11.37 11.41 11.40 11.37 11.20 11.23 11.10 11.27 11.13 11.03 10.98 11.14 10.87 10.69 10.57 10.59 10.62 10.83 10.57 10.52 10.50 10.00 10.01 9.61 9.41 9.74 9.91
10.83 11.02 10.83 11.05 11.32 10.96 10.81 10.99 10.63 10.90 10.91 10.93 10.92 10.94 11.02 11.09 10.75 10.13 10.25 10.67 10.41 10.44 10.79 11.31 11.19 10.84 10.06 10.52 10.21 10.10 10.12 10.54 10.42 10.86 10.96 10.94 10.79 10.94 11.22 11.22 10.98 10.90 10.55 10.23 9.89 10.72 11.16 10.85 10.94 10.92 11.08 11.37 11.32 11.35 11.14 11.13 11.09 11.18 10.97 10.94 10.78 10.96 10.59 10.39 10.47 10.19 10.28 10.52 10.38 10.69 10.33 9.88 9.81 9.26 9.44 9.72 9.85
10.97 11.20 11.37 11.24 11.09 11.16 10.89 10.94 10.96 10.51 10.33 10.57 10.92 10.59 10.49 10.54 10.38 10.47 10.25 10.01 10.25 10.39 10.58 10.90 11.18 11.02 10.48 10.63 10.00 10.22 10.11 10.78 10.35 10.75 11.11 11.33 10.97 10.94 11.09 11.00 11.33 11.08 10.63 10.86 10.22 10.43 10.96 10.42 10.91 10.74 11.14 11.18 11.33 11.30 11.31 10.89 11.10 11.24 11.29 11.09 10.63 10.92 10.56 10.23 9.64 9.75 9.72 10.33 10.49 10.77 10.48 9.53 9.37 9.17 9.02 9.25 9.41
10.61 11.07 10.85 10.93 10.99 10.80 10.59 10.55 10.73 11.16 11.13 10.88 10.52 10.54 10.21 10.70 10.71 10.40 10.48 10.24 9.80 9.97 10.39 10.39 10.65 11.16 11.17 10.89 10.80 10.81 10.33 10.37 10.99 10.94 10.86 11.23 11.24 10.95 11.17 11.33 11.16 10.93 10.82 11.00 10.68 10.10 10.83 10.40 10.36 10.73 10.85 10.84 11.16 11.42 11.05 10.85 10.95 11.22 11.13 10.55 10.53 10.52 10.41 10.13 9.89 9.79 9.30 9.92 10.66 10.76 10.54 9.89 8.91 8.79 9.04 9.44 9.75
10.65 10.71 11.02 10.80 10.57 10.60 10.96 11.07 10.62 10.82 10.88 10.76 10.91 10.84 10.73 10.78 10.61 10.34 10.33 10.24 10.08 10.15 10.23 9.99 10.11 10.58 10.90 11.34 10.83 10.57 10.22 10.41 10.66 11.10 11.12 10.87 11.01 11.12 11.00 10.65 11.00 10.99 10.84 10.90 10.46 10.05 10.78 10.18 10.09 10.36 10.70 11.02 11.18 11.31 11.15 10.97 11.07 10.66 10.72 10.12 10.13 10.40 10.07 9.78 9.23 9.76 9.88 9.53 10.32 10.70 10.49 9.72 8.83 8.98 9.40 9.12 9.32
10.83 11.28 11.13 10.68 10.45 11.02 11.09 10.88 10.36 10.67 10.81 10.53 10.72 10.66 10.60 10.50 10.50 10.29 10.45 10.41 10.71 10.79 10.08 9.46 10.02 10.67 10.69 10.96 10.74 10.46 10.39 10.60 10.58 10.85 10.46 10.46 10.78 10.89 10.72 10.56 10.70 10.94 10.90 10.84 10.75 10.48 10.23 10.05 10.33 10.34 10.52 10.59 10.86 11.10 11.09 11.19 10.91 10.66 10.37 10.27 9.68 10.20 9.53 9.32 8.94 9.36 9.88 9.47 10.10 10.52 10.08 9.70 8.75 9.23 9.21 9.19 8.87
10.79 10.71 10.80 11.02 10.99 10.63 10.38 10.53 10.62 10.59 10.59 10.19 10.37 10.70 10.38 10.37 10.85 10.50 10.42 10.32 10.02 10.01 10.34 10.58 10.28 10.15 10.37 10.75 10.89 10.24 10.82 11.06 10.33 10.17 10.06 10.26 10.60 10.37 10.57 10.73 10.93 11.08 10.96 10.56 10.68 10.63 10.73 10.55 10.43 10.53 10.16 10.21 10.15 10.76 10.90 10.61 10.86 10.46 10.26 9.88 9.92 9.82 9.70 8.76 9.00 9.45 9.93 9.07 9.57 9.77 9.43 9.14 9.21 9.04 9.21 8.85 8.87
10.63 10.21 10.45 11.05 10.87 10.66 10.54 10.58 10.78 11.04 10.23 10.00 10.50 10.66 10.50 10.20 10.28 10.43 10.04 10.46 10.19 10.66 10.48 10.19 10.11 10.29 10.29 10.05 10.40 10.72 10.59 10.51 10.63 10.56 10.79 10.59 10.63 10.66 11.08 10.73 10.81 10.97 10.90 10.73 10.20 10.58 10.15 10.53 10.34 10.15 10.25 10.37 9.85 10.21 10.50 10.57 10.68 10.70 10.20 9.63 10.13 10.18 9.47 9.18 9.12 9.24 9.09 9.15 8.95 8.93 8.64 8.52 8.82 9.24 9.44 8.88 8.88
10.72 10.63 10.71 10.72 10.88 11.00 10.70 10.41 10.52 11.11 10.91 10.71 10.38 10.08 10.68 10.36 10.19 10.79 10.79 10.60 10.72 10.52 10.05 9.79 10.09 9.85 9.59 9.97 10.47 10.26 9.63 10.17 10.63 10.89 10.58 10.18 10.82 11.04 10.54 10.46 10.74 10.94 10.87 10.89 10.39 10.57 10.57 10.38 9.82 9.90 10.39 10.32 10.28 10.35 10.28 10.27 10.62 10.43 9.64 9.36 9.51 9.60 9.76 9.39 9.16 9.11 8.80 8.60 8.46 8.53 8.77 8.67 8.96 9.07 8.90 8.88 8.88
11.13 10.89 10.48 10.79 11.11 11.02 10.41 10.31 10.68 10.93 10.73 10.26 10.06 10.20 9.74 10.17 10.45 10.45 10.85 10.60 10.62 10.74 10.65 9.95 9.93 10.01 10.03 10.32 10.52 10.61 10.39 10.51 10.66 10.61 10.83 10.82 10.44 10.25 10.38 10.80 10.87 10.70 10.77 10.80 10.67 10.78 10.28 9.90 9.95 9.98 10.35 10.45 10.20 9.82 10.22 10.24 10.68 10.48 10.02 9.78 9.50 9.72 9.29 9.35 9.30 9.21 8.36 8.62 8.43 7.70 7.85 8.48 8.75 8.59 9.39 9.39 9.39
10.82 10.63 10.72 10.77 10.72 10.73 10.55 10.58 10.54 10.46 10.25 10.24 10.93 10.50 10.03 9.96 10.50 10.24 10.65 10.10 9.96 10.06 10.90 10.91 10.71 10.16 10.14 9.96 9.80 10.22 10.13 10.16 9.91 10.12 10.90 10.73 10.03 10.16 10.45 10.54 10.62 10.40 10.94 10.79 10.67 10.80 10.22 10.00 9.86 9.92 10.35 10.30 10.18 10.42 10.39 10.44 10.18 10.07 9.90 9.42 9.16 9.49 9.62 9.09 8.96 8.94 8.60 8.25 7.75 7.05 7.79 8.32 8.39 8.80 9.39 9.39 9.39
