main/data/irradiance/20.02.2023.grid
ncols 839
nrows 679
xllcenter 112.0500
yllcenter -43.9500
cellsize 0.0500
nodata_value 99999.90
[rows 340 to 373 of 679, columns 539 to 615 of 839]
27.24 27.35 27.40 27.14 27.32 26.99 26.74 26.72 26.80 26.74 26.70 26.78 26.48 26.79 25.95 26.15 26.46 26.17 25.76 26.09 26.20 25.92 26.04 25.16 26.22 25.97 26.01 25.98 22.75 25.18 25.75 25.26 25.46 24.23 23.54 24.38 26.21 26.62 26.00 25.47 24.85 25.56 26.12 26.60 26.87 26.81 25.99 26.88 26.94 27.47 27.40 27.30 26.66 27.17 27.25 26.38 25.33 27.26 27.58 26.38 25.94 26.70 27.66 26.58 27.33 26.98 27.36 27.36 27.31 27.62 27.64 27.56 27.80 27.83 27.53 27.78 27.83
27.25 27.30 27.36 27.12 27.24 27.29 27.17 27.08 27.11 26.92 26.80 27.15 26.63 26.39 26.18 26.53 26.49 26.49 26.45 26.55 25.72 25.73 25.65 25.62 26.18 25.52 24.76 24.61 25.94 24.80 25.49 25.87 26.12 25.14 25.55 24.79 24.99 24.90 25.54 25.38 25.20 26.70 26.14 26.44 26.23 26.25 26.09 27.07 26.83 26.62 26.82 26.68 27.32 26.68 27.10 26.77 26.43 25.96 27.26 27.32 26.09 27.00 27.16 26.65 26.84 26.17 27.57 27.36 27.33 27.47 27.69 27.55 27.74 27.76 27.59 27.80 27.87
27.21 27.19 27.37 27.46 27.32 27.47 27.38 27.24 27.27 27.36 27.26 27.44 27.13 26.79 26.56 26.99 26.80 26.59 26.47 26.64 26.45 26.37 26.23 26.13 25.73 25.95 25.95 25.79 25.97 26.15 24.91 25.82 26.03 25.32 25.18 25.21 26.06 25.79 26.01 26.00 25.49 26.37 25.93 26.90 26.91 25.69 25.09 26.75 26.70 26.26 26.96 26.57 27.39 27.21 26.86 27.52 27.09 26.72 26.99 26.88 26.97 26.20 27.01 26.76 25.45 25.43 27.11 26.17 27.31 27.27 26.93 27.57 27.36 27.68 27.72 27.66 27.70
27.25 27.17 27.33 27.45 27.35 27.45 27.31 27.35 27.33 27.48 27.33 27.46 27.43 27.02 27.31 27.34 27.06 27.07 26.95 26.81 26.53 26.45 26.93 26.25 26.00 26.27 24.86 26.05 25.54 26.45 25.49 26.43 25.87 26.30 26.10 25.97 25.42 25.49 24.74 25.84 26.13 26.70 25.83 26.21 26.52 26.90 26.30 26.24 26.06 26.24 25.74 26.79 27.17 27.28 26.99 27.17 27.17 26.63 27.06 26.74 26.39 26.81 25.71 26.24 27.18 26.84 27.28 27.05 26.97 26.99 27.57 27.36 27.53 27.56 27.60 27.71 27.75
27.32 27.38 27.18 27.34 27.41 27.41 27.23 27.22 27.30 27.56 27.60 27.82 27.58 26.62 26.94 27.42 27.10 27.18 26.93 27.07 26.71 26.78 26.27 26.63 25.89 25.47 26.26 24.85 24.19 26.03 25.98 26.68 25.77 24.99 26.04 26.02 25.44 26.10 25.12 25.52 25.72 26.91 25.54 26.37 26.78 26.86 26.74 26.67 26.82 26.62 26.87 26.60 26.73 25.70 26.82 26.91 26.88 26.48 26.75 25.83 26.68 26.63 26.14 26.20 26.72 25.98 26.97 26.08 27.52 27.02 27.48 27.11 27.28 27.64 27.34 27.76 27.61
27.19 27.28 27.40 27.30 27.22 27.39 27.26 27.17 27.25 27.11 27.14 28.01 27.47 27.10 26.88 27.20 26.97 27.09 27.02 27.24 26.83 26.54 26.34 26.13 26.69 25.45 26.30 25.79 25.01 25.79 25.01 26.01 25.40 25.84 25.75 24.96 25.14 26.08 25.89 24.93 25.14 26.64 25.23 25.81 26.43 26.74 26.53 27.22 26.84 26.96 26.86 27.35 27.52 26.76 26.41 27.12 26.60 26.90 26.94 25.24 26.47 26.70 26.32 27.09 26.91 27.03 27.30 26.78 26.61 27.27 27.32 27.33 27.34 27.60 27.57 27.40 27.55
27.12 27.03 27.25 27.15 27.21 27.42 27.33 27.12 26.98 26.83 26.53 26.83 27.19 27.27 27.04 27.09 26.92 26.97 27.44 27.07 27.18 26.57 26.79 26.89 26.80 26.79 26.73 26.56 26.40 25.78 25.07 25.50 25.56 25.94 25.64 25.47 25.81 25.76 26.28 25.90 25.92 26.07 26.36 26.05 26.16 26.46 26.98 26.98 26.89 26.28 26.67 27.37 27.49 27.27 26.53 26.21 26.39 26.92 26.32 26.86 26.59 26.78 26.96 27.09 27.17 27.22 27.26 27.06 27.34 27.34 27.10 27.70 27.57 27.45 27.23 27.60 27.25
27.17 27.15 27.13 26.95 27.02 27.20 27.33 26.99 26.77 26.76 26.51 26.55 27.07 27.38 27.18 27.30 27.18 27.05 27.19 27.25 27.14 26.88 26.86 26.78 26.71 27.02 26.89 26.61 26.40 26.40 26.15 26.47 25.15 25.37 26.08 25.60 24.90 25.87 26.26 26.11 25.99 26.34 26.18 26.85 26.14 25.73 26.38 26.65 26.94 25.48 25.40 26.58 27.29 27.54 27.17 26.87 25.92 27.32 26.74 26.51 26.24 25.37 27.62 25.93 27.37 26.99 27.52 27.47 27.39 27.37 27.67 27.54 27.45 26.99 27.60 27.42 27.29
26.95 27.13 27.00 27.08 27.01 27.11 27.13 27.13 27.01 26.78 26.66 26.68 26.88 27.10 27.16 26.92 26.96 26.99 27.33 27.21 27.05 26.95 27.09 27.02 26.91 26.76 27.03 26.87 26.67 26.45 26.84 26.53 25.23 26.08 25.65 25.09 26.33 26.68 25.67 26.57 26.14 25.87 25.87 26.76 26.85 26.38 26.60 26.93 26.44 26.10 25.05 26.71 27.22 26.86 26.92 27.23 25.48 24.74 27.21 26.56 26.80 26.04 25.13 27.21 27.51 26.79 26.70 27.33 27.15 27.17 27.31 27.34 27.48 27.57 27.52 27.55 27.73
27.08 27.16 27.01 26.88 26.98 26.96 26.78 26.86 26.91 26.75 27.00 27.00 27.02 26.83 27.06 27.28 27.00 27.10 26.89 26.81 27.14 27.09 27.14 26.91 26.90 27.08 26.98 27.29 26.64 26.48 26.06 26.83 25.97 25.73 26.06 25.77 25.51 26.23 26.23 26.32 26.20 25.83 26.64 26.16 26.75 26.43 26.33 27.17 26.69 26.69 27.34 26.25 27.09 26.88 26.69 26.68 26.86 25.80 26.50 27.10 27.44 26.91 26.36 26.99 27.32 26.63 26.94 27.33 27.29 27.55 27.38 27.49 27.43 27.61 27.59 27.40 27.74
27.14 27.15 27.01 27.01 27.03 26.83 27.06 26.93 26.42 26.37 26.58 26.63 26.98 27.10 27.12 27.17 26.95 27.22 26.96 27.05 26.98 26.92 27.24 27.03 26.80 26.95 27.02 27.08 27.00 26.67 26.92 26.10 26.71 26.17 25.81 26.23 26.07 26.35 26.08 25.57 26.57 26.56 26.47 26.49 26.43 26.54 26.80 26.44 26.37 25.90 25.56 26.68 26.39 26.67 27.17 26.99 27.19 27.71 27.23 27.65 26.52 26.33 26.57 25.80 26.32 27.48 27.29 27.01 27.27 27.44 27.29 27.72 27.58 27.67 27.55 27.37 27.40
27.07 27.06 26.96 26.95 26.98 26.80 26.83 26.82 26.41 26.27 26.49 26.72 26.71 26.83 27.10 27.05 26.81 27.10 27.10 27.02 27.03 26.90 27.03 26.58 27.27 26.99 27.24 26.99 27.00 26.94 26.69 26.16 26.05 25.78 25.45 26.11 25.54 26.73 25.97 26.23 26.47 26.33 26.64 26.55 26.83 26.30 26.35 26.39 26.46 26.62 26.02 26.15 27.01 26.44 26.95 26.77 25.89 25.68 26.59 27.23 26.94 26.87 27.37 26.40 24.89 26.39 26.52 27.27 26.97 27.42 27.54 27.34 27.48 27.57 27.10 27.38 27.48
27.31 27.30 26.80 26.93 27.13 26.86 26.58 26.54 26.55 26.55 26.71 26.63 26.15 26.75 27.10 27.00 27.06 27.21 27.28 27.16 27.10 26.69 27.02 26.81 27.12 26.96 27.03 26.92 26.86 27.19 27.07 26.89 26.89 26.90 26.77 26.71 26.35 26.83 26.67 26.12 25.72 25.45 25.55 26.18 26.30 26.71 26.97 26.69 26.87 26.46 26.58 26.69 26.40 26.19 26.42 26.43 26.85 27.10 26.37 26.46 26.21 26.65 26.49 26.48 26.48 27.23 26.78 26.96 27.03 26.71 27.59 27.61 27.51 27.40 26.84 26.98 27.17
27.33 27.21 26.89 26.98 27.04 26.69 26.46 26.43 26.11 26.86 26.74 26.42 26.47 26.71 26.98 27.07 26.99 27.00 27.10 27.19 27.22 26.97 27.15 26.70 27.09 27.05 27.15 26.77 27.17 26.97 27.20 27.14 27.11 26.94 26.87 27.13 27.08 27.10 26.89 26.68 26.33 25.91 26.01 25.60 24.91 26.23 25.99 26.12 25.67 26.40 26.15 26.40 26.25 26.77 27.13 26.13 25.69 27.13 27.01 25.79 26.32 26.33 26.47 25.93 25.42 26.63 26.68 26.64 26.16 26.52 26.48 27.20 27.61 27.35 27.27 27.28 26.15
27.31 27.02 26.97 26.95 27.02 26.82 26.96 26.43 26.46 27.10 26.65 26.37 26.68 26.55 26.52 26.68 26.74 26.86 27.05 27.16 27.18 27.37 26.92 26.92 27.23 27.02 27.17 26.73 27.16 27.31 27.35 27.20 27.22 26.72 27.11 27.20 27.13 27.08 26.83 26.92 26.55 25.97 26.29 26.25 25.89 25.74 25.78 25.38 24.53 25.76 25.55 26.66 26.41 26.77 26.75 27.34 27.30 27.18 27.49 26.59 26.74 26.76 26.45 26.68 26.81 26.48 27.22 26.21 26.53 25.87 26.47 26.90 27.24 27.22 26.88 27.14 26.71
27.19 27.17 26.91 26.85 26.84 26.70 26.59 26.25 25.45 26.69 26.44 26.37 26.74 26.68 26.51 26.56 26.70 26.82 26.96 26.95 26.81 27.22 27.26 27.09 27.21 27.15 27.15 27.08 27.09 27.11 27.05 27.07 27.05 27.18 27.12 27.25 27.14 26.94 26.97 26.95 26.58 26.00 25.58 26.11 26.10 26.41 26.43 24.72 23.36 24.09 24.43 25.29 25.77 26.00 25.39 26.87 26.98 27.52 25.81 26.07 26.10 26.02 26.78 26.29 27.09 26.52 26.29 26.42 25.71 26.33 26.10 26.71 27.31 27.00 26.91 27.43 27.50
27.16 27.08 26.84 26.87 26.63 26.49 26.23 26.52 26.51 26.73 26.49 26.39 26.80 26.68 26.59 26.60 26.73 26.80 26.75 26.85 26.70 26.99 27.42 27.13 27.07 27.05 27.07 27.08 27.03 26.95 26.65 26.79 27.04 26.98 27.09 27.09 27.06 26.96 26.70 26.68 26.59 26.57 25.81 26.12 25.91 26.44 25.90 26.02 24.52 23.99 23.95 24.49 24.28 25.65 25.70 25.63 26.00 26.57 26.15 25.15 25.15 26.08 26.41 26.91 27.09 26.72 26.07 26.83 26.52 26.68 26.63 26.48 26.93 27.05 27.00 26.75 27.19
26.88 27.09 26.95 26.88 26.85 26.71 26.58 26.66 26.75 26.86 26.76 26.52 26.78 26.77 26.77 26.70 26.62 26.89 26.68 26.84 26.81 26.78 27.29 27.03 27.19 27.37 27.12 27.20 27.28 27.08 26.76 26.78 26.86 26.79 26.94 27.01 27.07 26.84 26.73 26.60 26.54 26.66 26.56 26.18 25.76 25.65 25.50 24.70 24.72 23.52 23.23 23.56 23.91 23.63 25.28 25.24 25.33 25.09 25.93 25.43 24.93 26.09 27.02 26.79 27.02 26.23 25.58 26.81 26.83 26.30 26.48 26.39 26.15 27.00 26.65 26.44 26.82
26.62 27.12 26.94 26.93 26.96 26.63 26.92 26.97 26.96 26.84 26.78 26.81 26.84 26.82 26.87 26.79 26.78 26.69 26.63 26.64 26.83 27.23 27.15 27.18 27.30 27.27 27.10 27.08 27.11 26.92 26.90 26.87 26.91 26.92 26.96 26.96 27.17 27.09 27.04 26.63 26.35 26.55 26.35 26.30 26.06 25.27 25.59 24.45 23.90 23.36 22.14 23.69 23.48 23.95 25.57 23.29 24.96 24.83 24.22 25.32 24.87 25.76 26.27 26.61 26.81 25.79 26.25 26.22 26.28 25.56 26.23 26.43 25.93 26.11 26.48 26.27 26.14
26.75 26.88 26.82 26.83 26.78 26.68 26.78 26.83 26.79 26.81 26.78 26.78 26.78 26.71 26.77 26.68 26.69 26.72 26.65 26.55 27.05 27.32 27.10 27.02 27.21 27.22 26.72 27.01 27.02 27.03 26.93 27.24 26.92 27.05 27.01 26.88 27.11 27.12 27.00 26.54 26.42 26.73 26.50 26.17 26.22 25.79 24.84 24.63 24.95 24.18 24.07 24.17 22.45 23.80 24.18 23.31 23.12 24.64 23.51 22.85 24.42 24.85 25.71 26.64 26.94 25.02 24.03 25.72 25.64 25.71 25.67 26.01 26.17 25.80 25.90 25.99 26.23
26.94 26.68 26.62 26.78 26.72 26.69 26.81 26.83 26.70 26.85 26.82 26.82 26.83 26.80 26.75 26.74 26.68 26.73 26.59 26.45 26.62 26.89 26.72 26.69 26.84 26.89 26.64 26.93 27.30 27.11 26.93 26.99 27.11 27.02 27.00 26.96 26.92 27.00 27.03 26.68 26.54 26.72 26.49 26.56 25.93 25.81 25.35 24.49 24.23 23.58 24.88 23.53 23.64 22.98 25.03 23.08 24.40 25.07 24.34 21.92 22.50 24.38 25.03 25.61 26.93 25.89 23.96 24.71 25.52 25.61 25.70 25.02 25.11 25.65 26.02 26.22 25.71
26.75 26.42 26.41 26.71 26.75 26.63 26.80 26.77 26.84 26.85 26.78 26.53 26.76 26.71 26.73 26.73 26.70 26.65 26.52 26.35 26.47 26.63 26.53 26.59 26.62 26.75 26.39 26.67 26.97 27.22 26.99 27.11 26.96 27.08 27.15 26.94 26.92 26.91 26.83 26.83 26.56 26.64 26.70 26.73 26.26 26.12 25.55 24.78 23.68 22.85 23.66 23.83 24.26 23.99 23.21 20.09 23.73 24.79 23.96 22.55 22.49 22.49 24.37 24.51 25.00 25.80 23.70 23.44 24.19 25.03 25.61 25.20 24.49 25.33 26.18 26.65 26.33
27.10 26.74 26.41 26.60 26.81 26.75 26.71 26.73 26.73 26.73 26.79 26.48 26.81 26.62 26.75 26.66 26.75 26.71 26.54 26.49 26.42 26.39 26.50 26.58 26.41 26.26 26.35 26.51 26.76 27.18 27.24 27.17 26.97 27.11 27.07 26.95 26.96 26.83 26.68 26.77 26.72 26.67 26.69 26.58 26.11 26.03 25.61 25.00 24.07 23.79 23.43 24.01 24.16 24.20 24.64 22.31 23.61 23.75 23.01 23.31 23.50 22.55 23.49 24.24 23.32 23.73 24.70 23.25 21.47 22.93 25.34 25.54 24.38 25.80 25.24 25.94 25.26
27.24 27.16 27.00 26.84 26.77 26.93 26.13 26.55 26.69 26.58 26.51 26.55 26.67 26.79 26.86 26.83 26.80 26.83 26.79 26.60 26.66 26.47 26.45 26.41 26.37 26.45 26.24 26.47 26.49 26.88 27.16 27.17 26.91 26.88 26.89 27.10 26.98 26.83 26.64 26.62 26.70 26.72 26.74 26.75 26.47 25.88 25.42 24.86 24.47 23.90 24.17 24.10 24.75 24.54 23.49 24.24 21.93 24.25 23.79 22.11 23.86 22.76 23.49 25.17 23.53 22.51 23.89 23.52 21.79 22.55 23.47 24.56 25.18 23.05 24.92 24.66 25.03
26.75 26.96 26.96 26.80 26.74 26.87 26.94 26.59 26.72 26.65 26.60 26.52 26.57 26.75 26.87 26.96 26.92 26.94 26.85 26.65 26.61 26.67 26.50 26.20 26.26 26.45 26.38 26.44 26.43 26.63 26.73 26.84 26.86 26.80 26.98 27.06 26.96 26.91 26.75 26.67 26.65 26.70 26.79 26.75 26.37 26.04 25.63 25.29 24.31 23.49 23.44 24.51 23.31 24.25 23.62 23.46 22.54 22.93 23.65 23.44 23.52 21.60 20.60 22.94 22.84 23.25 21.82 22.34 22.43 21.85 23.18 24.09 23.77 23.65 23.75 23.70 24.46
26.66 26.77 26.82 26.33 26.70 26.48 26.56 26.66 26.93 26.88 26.81 26.70 26.61 26.80 26.87 26.97 27.06 27.09 26.89 26.69 26.73 26.72 26.65 26.35 26.63 26.70 26.33 26.57 26.46 26.56 26.79 26.85 26.86 26.86 27.16 27.11 27.09 27.10 27.00 26.72 26.68 26.78 26.76 26.74 26.64 26.34 26.36 25.96 24.66 24.04 23.44 24.12 23.81 24.44 23.10 23.24 22.32 21.95 23.38 23.10 22.10 22.63 22.61 20.21 21.81 23.25 21.91 21.47 21.63 20.73 21.84 22.85 22.37 23.60 22.15 22.01 23.89
26.64 26.66 26.83 26.74 26.58 26.25 26.73 26.81 26.87 26.88 26.96 26.88 26.97 27.19 27.30 27.38 27.43 27.57 27.31 27.02 26.90 26.58 26.51 26.84 26.89 26.63 26.62 26.67 26.68 26.57 26.93 26.95 26.74 26.82 26.99 27.05 27.10 27.02 27.05 26.69 26.73 26.70 26.61 26.68 26.74 26.79 26.57 26.37 25.19 24.14 24.12 24.63 25.05 25.21 24.34 24.27 22.31 23.26 22.61 22.63 22.66 22.25 21.28 21.84 20.78 22.08 22.63 21.65 21.27 20.26 21.14 21.81 21.15 23.29 22.48 21.63 23.54
26.18 26.72 26.73 26.81 26.34 26.40 26.03 26.54 26.76 26.65 26.80 27.05 27.35 27.32 27.25 27.49 27.66 27.63 27.26 26.93 26.89 26.99 27.02 26.98 27.15 26.84 26.72 26.68 26.57 26.78 27.02 26.95 27.03 27.05 26.72 26.70 26.80 26.85 26.82 26.66 26.77 26.61 26.31 26.58 26.90 26.72 26.68 26.35 25.39 24.77 24.61 24.85 25.17 24.57 24.76 23.83 22.10 22.82 23.49 22.12 21.93 21.66 22.13 21.95 21.46 21.46 21.77 21.79 20.80 20.93 20.96 20.69 21.19 21.28 21.48 23.08 23.64
26.83 26.85 26.73 26.80 26.83 26.75 26.67 26.76 26.78 26.72 26.78 26.89 26.94 27.04 27.17 27.34 27.56 27.49 27.32 27.01 26.67 27.19 27.19 26.99 27.00 26.84 26.75 26.67 26.50 27.02 26.99 26.88 26.96 27.14 26.88 26.78 26.81 26.95 26.96 26.77 26.71 26.51 26.32 26.46 26.82 26.72 26.67 26.35 25.66 25.38 25.05 25.15 25.11 24.33 24.90 24.74 24.06 23.31 23.06 22.97 23.03 22.77 21.94 21.48 22.25 20.92 22.21 22.10 21.60 21.11 19.98 20.98 21.60 21.67 22.71 22.49 23.61
26.79 26.86 26.72 26.68 26.74 26.70 26.53 26.59 26.70 26.75 26.80 26.76 26.72 26.86 27.04 27.11 27.21 27.16 27.10 26.89 26.82 27.18 27.06 26.90 26.95 26.62 26.63 26.92 26.89 27.02 26.97 26.96 26.83 26.87 26.81 26.97 26.86 26.93 26.94 26.72 26.62 26.42 26.35 26.39 26.54 26.38 26.20 25.83 25.61 25.39 25.45 25.48 25.21 24.64 24.62 24.28 23.80 23.56 23.58 22.15 21.58 21.01 22.13 22.48 21.77 21.99 21.91 21.01 21.92 21.46 21.19 21.40 20.95 21.35 21.76 22.29 21.59
26.62 26.65 26.63 26.54 26.63 26.59 26.51 26.61 26.32 26.70 26.78 26.44 26.82 26.89 26.89 26.99 27.05 26.99 26.95 26.67 26.70 26.80 26.86 26.88 26.82 26.67 26.71 26.77 27.08 27.06 26.82 26.99 26.97 26.91 26.92 26.81 26.95 26.99 26.93 26.77 26.77 26.65 26.62 26.53 26.53 26.43 26.34 26.11 25.65 25.40 25.38 25.43 25.33 25.25 24.96 24.39 23.94 24.03 22.81 22.95 20.92 19.88 21.89 22.12 22.78 21.45 22.60 21.62 21.98 21.69 20.30 20.34 19.05 20.57 21.42 22.18 21.07
26.53 26.77 26.65 26.82 26.63 26.46 26.39 26.55 26.60 26.63 26.76 26.78 26.73 26.71 26.82 26.88 26.85 26.90 26.90 26.67 26.84 26.68 26.90 26.92 26.90 26.72 26.94 27.06 27.13 27.13 27.02 27.15 26.97 26.92 27.01 27.19 27.03 27.06 26.98 26.83 26.86 26.58 26.62 26.65 26.59 26.53 26.08 26.48 26.07 25.40 25.40 25.41 25.47 25.45 24.78 24.28 24.99 25.22 23.39 22.92 20.92 22.01 22.10 22.53 22.34 22.55 22.82 21.24 21.95 20.58 20.32 20.59 20.01 20.08 19.79 21.81 20.04
26.83 26.73 26.80 26.90 26.72 26.55 26.50 26.50 26.56 26.60 26.63 26.74 26.73 26.70 26.60 26.74 26.86 26.83 26.75 26.64 27.00 26.92 27.05 27.01 26.93 26.93 27.12 27.18 27.08 27.05 27.15 27.11 27.03 26.94 27.07 27.03 27.09 27.09 26.96 26.81 26.83 26.79 26.33 26.34 26.36 26.08 26.46 26.72 26.44 25.64 25.41 25.33 25.16 25.39 25.48 24.60 24.73 24.70 24.08 24.08 21.99 21.76 21.96 22.55 22.43 22.14 23.29 21.38 21.66 20.68 19.87 19.81 20.63 21.93 20.04 20.33 21.39
26.65 26.80 26.65 26.77 26.74 26.59 26.56 26.52 26.56 26.51 26.12 26.74 26.77 26.80 26.76 26.64 26.88 26.97 26.83 26.86 26.79 27.04 27.08 26.95 26.93 27.03 27.20 27.21 27.10 27.08 27.15 27.09 26.97 27.11 27.13 27.06 27.05 27.01 27.04 26.76 26.74 26.70 26.61 26.49 26.21 26.23 26.36 26.49 26.65 26.60 25.90 25.49 25.32 25.45 25.43 25.26 25.29 24.53 25.21 24.47 24.51 24.00 23.32 23.10 23.93 23.01 21.57 22.25 21.84 21.50 19.93 20.87 21.08 20.25 21.18 20.35 21.03
