main/data/irradiance/20.03.2023.grid
ncols 839
nrows 679
xllcenter 112.0500
yllcenter -43.9500
cellsize 0.0500
nodata_value 99999.90
[rows 136 to 169 of 679, columns 616 to 692 of 839]
25.95 25.80 25.95 25.99 25.98 25.98 25.97 25.92 25.94 25.98 25.95 25.92 25.74 25.57 25.16 25.60 25.47 25.54 25.31 25.00 24.74 24.91 24.91 25.13 25.40 25.65 25.98 25.98 25.96 25.91 26.01 25.99 25.99 26.00 25.89 26.01 26.03 26.03 25.85 26.01 25.28 25.86 26.01 25.62 25.34 24.18 24.74 24.76 24.71 25.39 24.53 22.96 20.59 21.75 22.77 21.57 21.04 24.60 24.60 24.60 20.69 20.96 20.96 20.96 20.96 20.96 20.96 20.96 20.96 20.96 20.96 20.96 23.45 23.82 99999.90 99999.90 99999.90
25.80 25.94 25.97 25.96 25.97 25.81 25.93 25.89 25.77 25.28 25.71 25.87 25.90 25.78 25.84 25.89 25.64 25.44 25.64 25.36 25.33 25.17 24.88 24.60 25.11 25.33 25.63 25.81 25.65 25.85 25.88 26.01 26.03 25.96 26.02 26.03 26.03 26.03 26.02 25.85 25.65 25.64 25.73 24.79 25.20 24.82 24.96 24.50 23.13 22.86 21.99 22.45 21.75 22.57 23.14 20.85 19.74 22.51 22.51 22.88 20.69 20.96 20.96 20.96 20.96 20.96 20.96 20.96 20.96 20.96 20.96 20.96 23.45 23.82 21.65 99999.90 99999.90
25.83 25.85 25.86 25.76 25.87 25.68 25.70 25.96 25.72 25.89 25.76 25.84 25.89 25.73 25.60 25.89 25.54 25.48 25.25 25.59 25.45 25.09 24.80 24.63 25.14 24.51 25.39 25.47 25.36 25.81 25.92 25.73 26.01 26.01 25.99 26.02 26.00 26.03 25.91 25.97 26.03 25.58 25.14 25.57 25.36 24.07 24.22 23.27 23.82 23.61 23.42 22.96 23.68 22.01 21.33 19.58 19.80 19.66 19.66 22.88 20.69 20.96 20.96 20.96 20.96 20.96 20.96 20.96 20.96 20.96 20.96 20.96 23.45 21.65 21.65 99999.90 99999.90
25.82 25.77 25.61 25.61 25.56 25.67 25.44 25.94 25.58 25.64 25.95 25.82 25.14 25.13 25.20 25.41 25.74 25.72 25.88 25.24 25.32 25.52 25.53 25.09 25.70 25.33 25.10 25.48 25.64 25.87 25.61 25.74 25.96 25.96 25.96 25.98 25.92 25.98 25.86 25.73 25.96 25.92 25.49 25.57 25.81 25.14 25.50 25.27 25.01 24.32 24.73 24.78 24.03 22.98 23.17 22.89 24.12 20.81 21.91 24.32 21.75 20.96 20.96 20.96 20.96 20.96 20.96 20.96 20.96 20.96 20.96 20.96 23.45 21.65 21.65 99999.90 99999.90
25.82 25.68 25.77 24.95 25.42 25.42 25.91 25.72 25.36 25.94 25.95 25.77 25.60 25.92 25.79 25.94 25.66 25.72 25.60 25.50 25.31 25.48 25.45 25.00 25.43 25.13 25.21 25.55 25.80 25.76 25.94 25.92 25.93 25.93 25.71 25.62 25.90 25.95 25.81 25.24 25.92 24.90 24.92 25.01 24.09 24.83 24.85 24.81 24.37 23.84 24.36 23.73 23.56 23.96 23.67 23.06 19.47 23.44 25.01 25.57 24.90 24.90 24.90 20.96 20.96 20.96 20.96 20.96 23.45 23.45 23.45 23.45 21.65 21.65 21.65 99999.90 99999.90
25.76 25.16 25.65 25.42 25.61 25.53 25.69 25.60 25.13 25.81 25.66 25.61 25.92 25.70 25.62 25.69 25.92 25.82 25.34 25.62 25.37 25.41 25.79 25.43 25.78 25.41 24.71 24.38 25.47 25.67 25.46 25.60 25.50 25.53 25.56 25.77 25.63 25.51 25.11 25.71 25.85 25.44 23.89 25.01 25.51 25.55 24.83 25.46 24.69 24.64 24.85 23.72 23.85 24.26 23.29 22.65 21.17 21.86 24.77 25.25 25.18 25.18 22.85 22.85 22.85 22.85 23.45 23.45 23.45 23.45 21.65 21.65 21.65 21.65 21.65 99999.90 99999.90
25.28 25.47 25.24 25.23 25.06 25.68 25.01 25.55 25.18 25.45 25.57 25.95 25.43 25.11 24.49 25.13 25.30 25.30 25.33 25.45 25.44 25.21 25.39 25.71 25.75 25.77 25.65 25.43 25.83 25.44 25.71 25.60 25.91 25.91 25.87 25.80 25.93 25.92 25.67 25.81 25.58 25.04 24.40 25.27 24.51 24.86 25.30 25.41 25.38 24.99 24.24 23.67 23.91 22.76 22.37 22.19 23.09 21.50 23.87 25.72 25.19 22.85 22.85 22.85 23.45 23.45 23.45 23.45 23.45 21.65 21.65 21.65 21.65 21.65 21.65 23.09 99999.90
25.61 25.73 25.76 25.48 25.50 25.53 24.50 25.21 25.27 25.69 25.92 24.39 25.50 24.73 25.04 25.26 24.61 25.36 25.52 25.35 25.03 25.19 25.30 24.93 24.68 25.07 25.41 24.63 25.19 25.20 25.49 25.44 25.57 25.87 25.70 25.54 25.55 25.66 25.77 25.78 25.66 25.02 24.66 24.17 24.22 24.59 24.46 24.20 25.03 23.83 23.66 23.65 21.62 21.44 21.00 22.18 24.22 25.07 24.45 22.34 23.77 22.45 22.45 23.45 23.45 23.45 23.45 23.82 21.65 21.65 21.65 21.65 21.65 21.65 21.65 23.09 99999.90
25.85 25.40 25.56 25.34 25.50 25.77 25.63 25.69 25.05 24.74 25.28 24.71 25.62 24.61 25.72 24.84 25.24 24.94 25.19 24.50 24.88 24.78 25.18 25.19 24.34 24.58 24.81 24.54 24.55 25.38 25.00 25.44 25.46 24.81 25.33 25.23 25.33 25.78 25.28 25.47 24.99 23.19 23.48 24.29 23.61 23.01 22.74 24.15 24.09 23.69 22.46 22.14 19.80 21.11 21.20 23.36 24.76 25.03 22.55 20.95 16.96 19.81 23.45 23.45 23.45 23.82 23.82 21.65 21.65 21.65 21.65 21.65 21.65 21.65 21.65 23.09 99999.90
25.87 25.38 25.47 24.94 25.49 25.75 25.78 25.65 25.10 25.03 25.65 24.61 25.43 25.79 25.50 25.70 25.43 25.36 25.41 25.56 25.59 24.90 24.79 24.20 23.73 24.70 25.08 24.35 25.37 24.98 25.13 25.81 25.76 25.67 25.82 25.10 25.47 25.48 25.43 25.77 24.91 22.35 24.11 23.96 22.76 22.91 22.61 23.90 22.62 22.52 20.49 17.47 17.49 20.32 20.63 23.34 24.88 25.00 22.44 19.76 14.29 20.18 23.79 23.79 23.82 23.82 21.65 21.65 21.65 21.65 21.65 21.65 21.65 21.65 21.65 23.09 99999.90
25.57 25.52 25.68 25.50 25.07 25.52 25.84 25.54 25.53 25.32 25.54 25.83 25.88 25.74 25.88 25.86 25.81 25.79 25.40 25.06 24.91 25.00 24.60 24.30 23.67 24.74 24.89 23.88 25.27 25.41 25.30 24.91 25.80 25.28 25.63 24.82 25.45 25.67 25.78 24.88 23.48 23.61 24.29 24.49 22.81 23.71 23.79 22.19 21.26 22.26 20.84 19.11 18.25 19.35 20.96 22.86 24.51 21.48 19.27 18.09 16.69 18.23 21.74 23.82 23.82 21.65 21.65 21.65 21.65 21.65 21.65 21.65 21.65 21.65 21.65 23.09 99999.90
25.62 25.23 25.41 25.60 25.19 25.28 25.61 25.56 25.67 25.84 24.48 25.70 25.34 25.51 25.74 25.61 25.68 24.66 24.99 24.99 24.30 24.61 23.71 24.14 24.34 25.20 24.72 24.87 25.10 25.32 24.88 25.25 25.26 25.28 25.46 25.45 25.47 25.09 25.42 25.20 23.69 24.36 25.21 24.03 23.73 23.48 21.98 23.31 23.06 22.87 22.32 21.15 18.82 18.28 18.56 19.69 20.32 20.07 17.07 15.80 15.60 20.20 22.57 21.88 21.65 21.65 21.65 21.65 21.65 21.65 21.65 21.65 21.65 21.65 21.65 23.09 99999.90
25.50 25.67 25.52 25.66 24.93 25.56 25.54 25.06 25.14 25.30 25.17 25.45 25.04 25.26 25.24 25.37 25.06 25.25 25.00 25.03 25.20 24.54 24.08 23.44 24.27 24.37 24.22 24.76 25.06 25.03 25.59 25.38 25.69 25.66 25.85 25.64 25.78 25.26 24.53 24.06 23.45 24.09 25.25 23.64 22.46 21.73 21.66 22.33 23.70 23.52 22.19 19.83 18.69 18.21 17.96 19.06 20.45 19.53 18.72 15.53 16.72 19.59 22.56 20.73 21.65 21.65 21.65 21.65 21.65 21.65 21.65 21.65 21.65 23.09 23.09 23.09 99999.90
25.71 25.60 25.69 25.57 25.22 25.39 24.85 25.75 25.12 24.84 25.27 24.51 24.73 24.94 24.83 24.22 25.52 25.08 24.48 25.04 25.13 24.45 23.85 24.53 24.31 24.40 23.98 24.94 25.09 23.52 24.68 24.80 24.23 23.64 23.77 24.63 25.02 23.57 23.53 23.72 23.39 23.51 24.02 23.26 22.30 23.45 22.86 22.91 20.28 20.87 20.28 19.60 18.59 17.05 17.99 20.16 18.84 14.68 16.35 15.66 19.28 18.09 20.07 20.76 21.71 21.71 21.71 21.71 21.71 21.71 23.09 23.09 23.09 23.09 23.09 23.09 99999.90
25.72 25.15 25.58 25.54 25.02 25.49 25.02 25.55 25.15 24.60 24.58 24.70 23.84 24.83 24.67 24.92 24.12 24.90 25.35 25.13 23.91 24.64 24.68 24.42 23.14 23.48 24.76 24.58 24.44 24.58 24.89 24.49 23.73 24.36 24.11 23.94 24.21 23.69 23.32 22.24 23.47 22.79 22.84 22.18 20.33 21.81 22.06 22.08 18.96 19.49 21.84 21.84 21.48 19.93 18.50 18.28 17.79 18.73 16.29 18.88 20.54 22.18 20.55 21.60 21.53 21.53 21.53 23.09 23.09 23.09 23.09 23.09 23.09 23.09 23.09 23.09 99999.90
25.61 25.69 25.74 25.69 25.62 25.43 25.08 25.03 25.17 24.93 25.33 25.41 24.84 23.90 24.79 25.34 25.11 25.21 25.00 24.52 24.35 24.67 24.40 23.51 22.09 24.02 23.16 23.23 23.62 24.74 24.98 25.08 22.42 24.63 24.64 25.33 25.31 25.00 23.47 23.48 24.01 23.07 21.21 21.19 21.14 21.27 22.07 22.79 20.38 19.06 21.48 20.03 19.76 20.44 19.05 18.50 19.05 18.32 18.83 21.76 23.55 23.19 19.62 20.18 20.79 20.79 23.09 23.09 23.09 23.09 23.09 23.09 23.09 23.09 23.09 23.09 99999.90
25.34 25.27 25.49 25.59 25.53 25.54 25.50 25.42 25.55 25.62 25.40 25.49 25.34 24.17 24.58 24.60 23.97 24.80 24.44 24.34 24.18 24.72 24.04 23.83 24.63 24.92 24.07 23.09 22.84 23.90 25.06 22.25 22.40 24.61 24.35 24.06 24.48 24.75 24.17 24.14 24.15 23.82 21.96 21.91 23.12 20.94 22.95 20.91 21.01 19.64 18.97 21.66 21.32 19.61 17.48 20.43 22.33 18.42 20.02 20.84 22.68 22.49 20.36 22.46 21.91 23.09 23.09 23.09 23.09 23.09 23.09 23.09 23.09 23.09 23.09 23.09 99999.90
25.71 25.52 25.57 25.50 25.39 25.64 25.32 25.55 25.35 25.37 25.20 25.44 25.32 25.26 24.99 23.85 25.26 24.73 23.94 23.25 24.74 25.37 23.04 23.90 25.05 24.54 24.70 24.43 24.15 23.92 23.77 23.05 23.07 22.72 23.63 23.72 23.90 23.42 24.31 24.14 23.97 22.81 22.73 20.35 21.86 21.62 22.83 21.92 20.68 21.72 20.37 20.05 21.49 19.09 16.30 16.55 20.33 18.70 20.53 20.27 22.03 20.01 19.94 22.19 22.58 23.09 23.09 23.09 23.09 23.09 23.09 23.09 23.09 23.09 23.09 23.09 99999.90
25.27 25.50 25.54 25.48 25.64 25.47 25.57 25.36 25.36 25.38 25.32 25.30 25.39 25.17 24.79 24.72 25.20 24.60 24.36 24.09 24.77 24.48 25.26 24.90 24.47 23.27 24.52 24.74 24.69 23.36 23.36 22.55 23.65 22.82 22.03 22.67 23.68 22.92 23.37 22.22 20.62 20.73 21.82 19.99 21.44 21.68 23.50 22.20 21.60 22.14 19.08 20.44 21.83 20.73 15.19 14.39 18.52 18.30 17.87 19.30 21.02 20.62 21.53 21.93 22.71 22.71 22.71 23.09 23.09 23.09 23.09 23.09 23.09 23.09 23.09 23.09 99999.90
25.24 25.01 25.60 25.39 25.58 25.59 25.20 25.05 24.89 25.37 25.36 25.32 25.29 25.10 25.06 24.76 25.06 25.13 25.18 25.10 24.38 25.05 25.65 24.97 24.87 24.26 24.49 23.81 24.60 23.12 21.68 20.43 21.50 21.27 22.78 22.49 22.33 23.75 22.37 21.97 20.49 20.63 20.22 20.12 20.59 21.11 19.83 19.73 18.88 19.32 20.86 22.02 21.86 19.47 17.64 16.90 16.13 16.66 18.72 21.46 21.84 22.11 21.22 22.37 23.48 23.48 23.48 23.48 23.48 23.09 23.09 23.09 23.09 23.09 23.09 23.09 25.53
25.23 25.27 25.47 25.06 25.50 25.58 25.28 25.16 24.12 25.13 25.21 24.82 24.78 23.90 24.00 24.55 24.71 24.69 24.95 24.58 25.56 25.39 25.50 25.44 24.88 25.06 24.90 23.27 24.07 23.76 23.43 21.46 20.01 22.07 22.32 21.12 21.67 22.23 21.68 21.77 21.39 19.58 17.32 17.20 19.19 19.77 19.52 19.37 18.44 18.74 19.48 22.38 23.38 21.15 17.32 17.01 15.53 15.66 19.38 20.62 19.28 16.66 19.46 21.39 21.70 21.70 21.70 21.70 21.70 21.70 21.70 21.70 21.70 23.09 23.09 23.09 25.53
25.37 25.53 25.10 24.57 25.35 25.55 25.47 24.90 24.74 24.20 24.95 25.18 23.67 24.49 24.68 24.08 23.55 23.70 24.56 24.05 23.80 24.94 25.20 25.37 24.85 23.77 23.97 23.29 23.35 24.80 24.14 21.74 21.10 22.32 21.98 23.06 21.54 21.66 22.74 23.01 22.46 20.07 18.44 18.54 17.39 18.95 18.91 18.65 19.99 19.32 18.64 21.14 22.15 19.92 18.17 17.86 15.25 15.15 19.12 19.03 18.25 18.00 21.25 21.40 21.62 21.62 21.62 21.62 21.62 21.62 21.62 21.62 21.62 21.62 21.62 25.53 25.53
25.09 24.66 25.46 24.85 24.74 24.70 25.71 25.41 24.32 24.03 24.93 23.73 23.86 24.39 24.48 23.80 23.16 23.57 22.89 23.73 24.00 24.97 23.84 24.39 24.09 23.10 23.30 22.80 23.08 23.69 22.72 22.16 21.69 23.27 23.30 21.98 21.90 21.71 22.31 24.29 22.10 20.50 18.27 18.11 18.42 19.55 18.89 17.55 21.59 22.37 19.71 21.08 19.67 18.99 18.61 16.22 13.54 14.76 17.44 18.04 17.72 17.70 19.79 21.02 21.31 21.31 21.31 21.31 21.31 21.31 21.31 21.31 21.31 25.53 25.53 25.53 25.53
24.86 24.21 25.37 24.91 24.81 25.03 24.98 24.23 24.99 24.68 23.73 24.39 25.15 24.06 24.92 23.66 23.60 23.59 23.27 23.86 23.46 24.70 24.31 24.86 24.69 23.40 22.81 22.30 21.50 20.61 22.25 22.11 22.97 22.17 21.74 21.75 22.54 23.57 22.35 21.98 20.79 20.41 17.27 18.43 19.08 20.29 20.78 20.23 22.48 20.39 16.65 20.63 21.61 19.45 17.91 14.38 11.99 14.38 16.14 19.11 19.19 21.60 22.99 23.34 21.31 21.31 21.31 21.31 21.31 21.31 21.31 25.53 25.53 25.53 25.53 25.53 25.53
24.50 24.08 23.86 24.20 25.31 24.85 25.06 25.24 24.74 25.10 24.14 23.83 24.27 24.67 24.21 23.95 24.30 24.38 23.98 24.07 24.03 24.61 24.68 23.72 23.51 23.76 22.50 22.84 21.35 22.15 22.66 22.43 21.39 21.29 22.70 22.37 22.92 22.28 21.71 23.97 22.51 20.55 19.48 20.71 18.63 18.92 21.35 21.40 21.82 19.94 18.72 19.92 21.56 20.52 19.64 17.13 14.87 18.38 17.16 19.90 21.69 23.17 22.57 23.47 23.47 23.47 21.31 21.31 21.31 25.53 25.53 25.53 25.53 25.53 25.53 25.53 25.53
24.63 24.43 24.29 23.97 25.06 25.12 25.22 24.48 24.67 24.94 23.52 25.24 25.40 24.59 23.91 23.47 24.65 24.16 23.89 23.92 24.78 24.29 24.54 23.63 23.66 23.43 23.57 22.83 22.35 21.86 21.61 20.85 21.05 22.26 22.22 22.21 22.88 21.68 20.16 21.41 20.64 19.05 18.78 18.63 17.64 19.50 20.41 20.85 22.03 19.79 19.29 18.86 20.79 22.48 24.29 23.20 20.32 22.16 22.67 23.68 24.40 24.13 24.42 24.39 24.39 24.39 24.39 24.39 25.53 25.53 25.53 25.53 25.53 25.53 25.53 25.53 25.53
24.96 25.01 24.42 24.24 24.44 24.95 24.95 24.54 25.27 24.48 24.40 24.71 24.22 24.73 24.32 23.31 24.06 24.62 24.51 24.13 24.48 24.44 24.59 23.57 23.13 23.04 23.86 23.46 22.79 22.00 22.39 21.07 22.57 21.75 21.97 21.85 22.07 21.77 19.72 18.60 18.50 18.94 18.80 17.61 17.96 18.87 18.88 20.07 20.98 19.55 19.49 19.76 21.87 23.35 24.16 23.83 23.26 22.13 21.45 24.94 24.30 24.68 24.90 24.39 24.39 24.39 21.35 21.35 25.53 25.53 25.53 25.53 25.53 25.53 25.53 25.53 25.53
25.01 24.75 24.72 24.84 24.11 24.47 24.64 25.01 24.78 25.14 24.94 23.97 23.19 24.18 23.06 23.16 23.93 24.69 24.65 24.07 24.99 25.17 24.93 24.27 24.55 24.32 23.83 23.83 22.13 22.23 22.23 21.69 22.24 20.84 21.97 21.79 21.16 22.14 19.38 18.71 17.15 18.46 17.69 17.52 16.81 17.70 19.17 19.91 20.96 21.31 21.51 21.59 21.50 23.13 23.06 23.04 22.92 23.45 23.79 23.42 23.93 24.04 25.03 25.03 25.03 21.35 21.35 21.35 25.53 25.53 25.53 25.53 25.53 25.53 25.53 22.61 22.61
24.85 24.84 24.69 24.94 24.78 24.43 24.45 24.58 24.46 24.43 24.75 24.07 24.17 23.28 22.12 23.88 24.51 24.73 25.24 24.55 24.70 23.95 24.58 23.91 23.48 24.52 23.56 23.36 24.04 22.99 23.08 22.94 22.00 21.79 21.99 21.28 21.23 21.19 19.17 17.82 17.76 18.01 17.69 17.07 16.97 19.11 20.36 18.82 19.80 22.23 22.74 23.02 23.25 23.57 23.20 22.72 23.42 22.61 22.21 22.22 24.00 23.78 25.14 25.14 24.74 21.35 21.35 21.35 25.53 25.53 25.53 25.53 25.53 22.61 22.61 22.61 22.61
24.71 24.89 25.01 24.97 25.08 24.85 24.71 24.43 24.82 24.49 24.28 23.46 23.91 23.70 23.28 23.52 23.70 24.60 24.12 22.43 23.69 23.62 24.01 23.90 23.24 22.86 23.12 22.74 23.26 23.50 22.10 21.73 22.03 21.97 21.72 21.30 21.37 20.56 19.76 17.63 16.33 15.74 16.94 18.47 19.63 17.67 16.40 18.96 20.78 22.21 19.64 21.64 20.66 22.98 20.13 19.78 22.31 19.51 22.89 21.61 23.04 23.81 24.85 24.74 24.74 21.35 21.35 21.35 25.53 25.53 25.53 22.61 22.61 22.61 22.61 22.61 22.61
24.62 24.63 24.42 24.89 25.04 24.56 24.65 24.31 24.72 24.38 23.63 23.04 24.21 23.15 22.86 24.05 24.16 24.44 24.56 22.78 24.20 24.47 24.11 23.10 23.20 21.59 23.12 22.70 23.06 22.49 22.94 22.15 21.94 22.20 22.14 21.41 21.47 20.08 21.20 17.77 15.33 17.32 17.62 17.96 19.85 17.76 17.61 19.45 18.98 20.80 17.92 17.85 18.07 21.04 19.62 20.66 19.36 14.41 20.13 17.08 18.23 23.44 22.61 24.09 24.93 24.93 21.35 22.95 24.59 24.59 22.61 22.61 22.61 22.61 22.61 22.61 22.61
24.75 23.93 24.26 24.53 24.90 24.35 24.42 24.63 23.68 24.00 22.48 23.03 23.03 23.60 22.94 23.99 23.32 24.25 25.09 24.59 23.94 23.68 23.47 22.35 22.89 22.36 23.39 22.54 22.63 22.90 21.46 22.86 22.35 21.34 21.26 20.10 20.10 19.54 20.30 18.25 17.17 18.20 18.12 18.97 20.31 17.99 18.75 20.89 20.63 19.83 20.58 20.91 21.27 21.20 20.82 20.46 17.86 16.58 20.61 20.84 21.60 21.38 21.10 23.73 24.03 24.03 23.64 22.95 22.24 22.61 22.61 22.61 22.61 22.61 22.61 22.61 22.61
24.65 24.47 24.72 24.60 24.71 24.81 24.70 24.70 24.28 23.51 23.79 22.56 22.07 23.40 24.36 23.67 24.25 24.44 25.02 23.76 23.88 24.17 23.56 22.33 22.78 20.36 21.68 23.60 22.98 22.11 22.76 22.42 21.45 21.20 20.54 19.57 19.80 17.84 18.40 18.83 16.67 17.45 18.87 18.78 20.07 19.59 19.93 20.98 19.96 20.52 20.37 21.87 21.64 21.94 22.43 22.31 22.12 20.04 21.93 22.29 22.48 20.56 20.08 20.51 22.02 21.98 20.91 20.91 18.20 16.60 16.60 16.60 16.60 16.60 16.60 16.60 16.60
24.56 24.38 24.82 24.82 24.81 24.56 25.13 24.86 24.94 24.59 24.90 23.98 23.87 24.16 24.95 24.50 25.01 24.46 25.17 24.43 24.39 23.43 22.08 21.32 22.68 21.97 21.42 22.76 21.87 22.01 21.85 19.79 21.18 21.63 20.18 19.92 19.76 18.48 16.65 16.62 16.72 19.63 18.47 20.39 21.31 20.43 19.93 20.07 21.35 21.56 21.46 22.24 20.68 20.48 20.63 20.41 22.55 20.93 20.44 17.53 18.92 21.61 21.17 22.31 21.99 20.09 18.80 18.80 18.20 16.60 16.60 16.60 16.60 16.60 16.60 16.60 16.60
