main/data/irradiance/20.09.2023.grid
ncols 839
nrows 679
xllcenter 112.0500
yllcenter -43.9500
cellsize 0.0500
nodata_value 99999.90
[rows 340 to 373 of 679, columns 308 to 384 of 839]
23.11 23.21 23.21 23.21 23.09 22.95 22.93 22.96 22.95 22.92 22.92 22.88 22.92 23.00 23.14 23.13 23.11 23.22 23.17 23.04 22.73 22.93 22.96 22.94 22.98 22.97 22.98 22.81 22.90 22.90 22.82 22.88 22.78 22.74 22.73 22.76 22.75 22.69 22.73 22.70 22.75 22.80 22.88 22.85 22.77 22.74 22.74 22.78 22.86 22.78 22.66 22.64 22.69 22.74 22.78 22.72 22.70 22.70 22.63 22.66 22.87 22.85 22.83 22.79 22.80 22.84 22.71 22.79 22.85 22.89 22.94 22.92 22.90 22.98 23.07 23.09 22.77
22.97 23.13 23.19 23.19 23.18 23.02 22.97 22.94 22.91 22.92 22.91 22.96 22.92 22.82 22.98 22.87 23.01 23.13 23.14 23.12 22.98 22.89 22.89 22.90 22.91 23.03 23.02 22.93 22.91 22.82 22.85 22.85 22.86 22.87 22.73 22.71 22.76 22.74 22.68 22.70 22.72 22.78 22.82 22.65 22.64 22.87 22.69 22.67 22.70 22.65 22.66 22.62 22.59 22.62 22.63 22.61 22.65 22.66 22.79 22.73 22.85 22.81 22.74 22.72 22.69 22.70 22.71 22.77 22.79 22.85 22.83 22.92 22.94 23.02 22.93 22.90 22.76
22.97 23.11 23.06 23.01 23.02 22.97 22.91 22.89 22.86 22.91 22.89 22.85 22.77 22.73 22.80 22.95 23.07 23.03 22.98 22.87 22.97 22.95 22.89 22.99 22.83 22.87 22.99 22.94 22.86 22.74 22.76 22.71 22.73 22.79 22.73 22.72 22.74 22.78 22.73 22.64 22.64 22.65 22.65 22.62 22.66 22.74 22.69 22.64 22.58 22.63 22.63 22.65 22.65 22.72 22.63 22.60 22.61 22.78 22.79 22.74 22.80 22.76 22.72 22.73 22.67 22.61 22.68 22.73 22.61 22.71 22.73 22.81 22.87 22.90 22.91 22.77 22.75
22.86 22.94 22.98 22.87 22.83 22.80 22.83 22.81 22.83 22.91 22.85 22.76 22.73 22.75 22.67 22.68 22.97 23.00 22.91 22.82 22.90 22.96 22.91 22.88 22.76 22.94 22.95 22.95 22.91 22.87 22.74 22.68 22.72 22.74 22.76 22.74 22.75 22.74 22.70 22.64 22.60 22.66 22.64 22.63 22.72 22.64 22.54 22.55 22.65 22.57 22.52 22.59 22.65 22.71 22.71 22.61 22.63 22.80 22.70 22.82 22.76 22.61 22.61 22.60 22.57 22.55 22.64 22.64 22.67 22.60 22.73 22.75 22.84 22.76 22.74 22.77 22.75
22.83 22.91 22.86 22.77 22.77 22.86 22.79 22.81 22.89 22.90 22.86 22.80 22.78 22.74 22.79 22.96 23.03 23.01 22.99 22.88 22.88 23.00 22.98 22.83 22.76 23.00 22.95 22.96 22.90 22.93 22.86 22.69 22.70 22.69 22.70 22.71 22.76 22.75 22.71 22.68 22.58 22.67 22.65 22.66 22.70 22.74 22.65 22.67 22.73 22.61 22.69 22.66 22.65 22.63 22.69 22.65 22.69 22.74 22.61 22.69 22.74 22.69 22.61 22.56 22.58 22.56 22.61 22.59 22.53 22.57 22.72 22.75 22.81 22.80 22.76 22.74 22.77
22.81 22.82 22.77 22.72 22.72 22.79 22.79 22.93 22.77 22.80 22.86 22.88 22.84 22.95 22.99 22.93 22.95 23.01 23.07 22.95 22.98 22.94 22.89 22.95 22.80 22.95 22.87 22.81 22.89 22.92 22.91 22.84 22.76 22.72 22.75 22.64 22.69 22.76 22.65 22.70 22.72 22.69 22.66 22.71 22.75 22.81 22.72 22.67 22.58 22.57 22.57 22.54 22.58 22.61 22.59 22.59 22.74 22.66 22.63 22.72 22.74 22.71 22.60 22.61 22.64 22.56 22.59 22.54 22.56 22.66 22.74 22.75 22.73 22.75 22.72 22.72 22.72
22.93 22.84 22.77 22.70 22.70 22.74 22.71 22.75 22.72 22.86 22.78 22.88 22.94 22.80 22.72 22.84 22.75 22.85 23.02 22.78 22.78 22.77 22.84 22.79 22.70 22.91 22.87 22.77 22.71 22.76 22.86 22.81 22.74 22.75 22.73 22.72 22.68 22.65 22.65 22.67 22.65 22.68 22.73 22.72 22.71 22.77 22.76 22.78 22.63 22.55 22.48 22.62 22.48 22.53 22.60 22.64 22.64 22.65 22.65 22.74 22.71 22.69 22.62 22.55 22.56 22.56 22.52 22.48 22.43 22.53 22.72 22.72 22.70 22.74 22.65 22.67 22.66
23.07 22.97 22.88 22.73 22.73 22.77 22.71 22.66 22.72 22.71 22.73 22.95 22.88 22.79 22.73 22.62 22.76 22.65 22.73 22.83 22.79 22.81 22.81 22.71 22.66 22.74 22.82 22.83 22.82 22.76 22.74 22.78 22.84 22.83 22.82 22.77 22.77 22.66 22.57 22.53 22.56 22.56 22.67 22.71 22.70 22.79 22.77 22.73 22.72 22.59 22.63 22.61 22.62 22.65 22.64 22.68 22.68 22.74 22.70 22.73 22.76 22.62 22.57 22.57 22.53 22.53 22.59 22.59 22.50 22.43 22.50 22.65 22.64 22.67 22.60 22.60 22.55
22.77 22.78 22.86 22.72 22.84 22.76 22.70 22.77 22.76 22.71 22.78 22.95 22.96 22.89 22.77 22.85 22.62 22.62 22.77 22.86 22.85 22.82 22.90 22.73 22.76 22.68 22.68 22.65 22.86 22.78 22.75 22.80 22.84 22.86 22.84 22.82 22.71 22.69 22.64 22.63 22.56 22.59 22.67 22.72 22.68 22.73 22.78 22.74 22.71 22.62 22.62 22.72 22.71 22.64 22.60 22.56 22.54 22.70 22.69 22.67 22.56 22.57 22.55 22.57 22.52 22.51 22.57 22.61 22.52 22.42 22.42 22.52 22.63 22.66 22.62 22.54 22.49
22.74 22.84 22.68 22.79 22.77 22.65 22.68 22.77 22.80 22.75 22.82 22.95 22.99 22.98 22.78 22.81 22.76 22.79 22.88 22.71 22.77 22.78 22.89 22.82 22.80 22.83 22.86 22.83 22.77 22.63 22.78 22.80 22.79 22.77 22.71 22.74 22.73 22.69 22.64 22.62 22.58 22.57 22.55 22.67 22.71 22.75 22.71 22.73 22.68 22.69 22.62 22.58 22.63 22.64 22.62 22.48 22.44 22.49 22.54 22.52 22.48 22.47 22.56 22.59 22.55 22.57 22.57 22.55 22.55 22.49 22.51 22.45 22.51 22.62 22.63 22.53 22.55
22.86 22.73 22.76 22.81 22.83 22.74 22.76 22.77 22.78 22.81 22.83 22.92 22.93 22.89 22.75 22.80 22.71 22.89 22.75 22.88 22.73 22.79 22.75 22.74 22.66 22.80 22.86 22.91 22.77 22.65 22.77 22.75 22.78 22.81 22.81 22.74 22.67 22.62 22.59 22.64 22.61 22.55 22.52 22.52 22.67 22.71 22.72 22.71 22.74 22.70 22.59 22.56 22.55 22.58 22.59 22.56 22.44 22.49 22.53 22.54 22.55 22.48 22.41 22.47 22.50 22.52 22.59 22.49 22.54 22.52 22.51 22.44 22.45 22.52 22.58 22.55 22.60
22.81 22.75 22.74 22.77 22.67 22.64 22.71 22.68 22.72 22.81 22.91 22.88 22.86 22.87 22.86 22.81 22.92 22.94 22.73 22.83 22.68 22.69 22.85 22.76 22.70 22.71 22.68 22.85 22.74 22.72 22.66 22.66 22.66 22.70 22.67 22.61 22.57 22.59 22.59 22.58 22.60 22.58 22.60 22.59 22.59 22.63 22.63 22.66 22.66 22.62 22.58 22.57 22.55 22.56 22.52 22.52 22.47 22.65 22.64 22.64 22.55 22.52 22.51 22.49 22.51 22.50 22.55 22.54 22.54 22.54 22.50 22.45 22.49 22.49 22.52 22.54 22.58
22.76 22.72 22.79 22.76 22.68 22.65 22.60 22.71 22.82 22.88 22.86 22.78 22.86 22.81 22.65 22.80 22.80 22.76 22.61 22.70 22.71 22.70 22.83 22.82 22.89 22.70 22.65 22.68 22.65 22.59 22.65 22.73 22.68 22.63 22.63 22.61 22.60 22.62 22.59 22.53 22.59 22.62 22.59 22.64 22.63 22.64 22.62 22.68 22.65 22.66 22.57 22.59 22.58 22.58 22.50 22.45 22.44 22.55 22.56 22.51 22.56 22.56 22.51 22.49 22.50 22.53 22.58 22.53 22.52 22.53 22.51 22.46 22.51 22.52 22.53 22.54 22.57
22.87 22.89 22.86 22.82 22.71 22.63 22.63 22.73 22.65 22.76 22.78 22.74 22.64 22.56 22.82 22.89 22.88 22.94 22.87 22.69 22.74 22.53 22.54 22.57 22.67 22.57 22.60 22.59 22.60 22.60 22.64 22.64 22.66 22.60 22.57 22.59 22.58 22.64 22.65 22.59 22.55 22.62 22.64 22.60 22.59 22.58 22.55 22.55 22.59 22.63 22.63 22.63 22.58 22.55 22.56 22.50 22.47 22.53 22.53 22.52 22.52 22.52 22.56 22.56 22.61 22.57 22.53 22.56 22.57 22.54 22.52 22.49 22.51 22.52 22.52 22.53 22.56
22.78 22.68 22.64 22.62 22.61 22.68 22.66 22.64 22.59 22.62 22.66 22.80 22.65 22.59 22.68 22.77 22.80 22.90 22.91 22.93 22.82 22.57 22.49 22.51 22.53 22.58 22.57 22.62 22.60 22.65 22.65 22.62 22.53 22.60 22.62 22.63 22.53 22.50 22.47 22.49 22.56 22.59 22.58 22.54 22.53 22.54 22.51 22.53 22.60 22.59 22.55 22.54 22.52 22.49 22.49 22.48 22.48 22.52 22.59 22.60 22.56 22.56 22.53 22.56 22.60 22.58 22.60 22.63 22.59 22.52 22.48 22.51 22.53 22.52 22.49 22.52 22.55
22.63 22.58 22.54 22.45 22.59 22.71 22.57 22.65 22.61 22.58 22.67 22.65 22.52 22.46 22.69 22.64 22.68 22.79 22.69 22.62 22.75 22.76 22.75 22.61 22.61 22.61 22.65 22.67 22.60 22.56 22.60 22.61 22.58 22.61 22.55 22.55 22.51 22.48 22.48 22.49 22.53 22.62 22.58 22.60 22.62 22.64 22.63 22.61 22.54 22.56 22.58 22.56 22.50 22.50 22.51 22.54 22.57 22.55 22.60 22.61 22.60 22.61 22.56 22.60 22.61 22.62 22.63 22.60 22.58 22.52 22.50 22.50 22.50 22.50 22.47 22.52 22.54
22.58 22.63 22.60 22.46 22.67 22.65 22.53 22.52 22.51 22.70 22.68 22.58 22.63 22.55 22.61 22.58 22.75 22.71 22.64 22.60 22.51 22.60 22.67 22.63 22.60 22.58 22.56 22.52 22.59 22.51 22.52 22.56 22.51 22.50 22.51 22.51 22.53 22.46 22.46 22.45 22.49 22.52 22.63 22.61 22.63 22.65 22.69 22.63 22.61 22.70 22.69 22.68 22.58 22.56 22.50 22.50 22.51 22.49 22.51 22.52 22.56 22.52 22.48 22.51 22.53 22.56 22.53 22.53 22.51 22.53 22.52 22.53 22.47 22.47 22.46 22.47 22.49
22.40 22.50 22.54 22.64 22.75 22.52 22.48 22.46 22.36 22.59 22.60 22.48 22.50 22.53 22.55 22.69 22.68 22.68 22.72 22.75 22.62 22.71 22.81 22.71 22.49 22.47 22.49 22.51 22.52 22.50 22.46 22.48 22.46 22.45 22.45 22.47 22.50 22.44 22.43 22.48 22.49 22.48 22.54 22.64 22.66 22.62 22.75 22.70 22.63 22.69 22.69 22.70 22.63 22.56 22.51 22.49 22.52 22.56 22.53 22.47 22.49 22.45 22.42 22.46 22.51 22.45 22.45 22.52 22.50 22.49 22.51 22.49 22.47 22.48 22.47 22.48 22.46
22.36 22.36 22.47 22.59 22.59 22.41 22.55 22.45 22.39 22.46 22.65 22.67 22.63 22.66 22.49 22.60 22.78 22.83 22.77 22.71 22.67 22.64 22.66 22.47 22.41 22.48 22.53 22.54 22.51 22.45 22.44 22.48 22.49 22.43 22.40 22.47 22.49 22.39 22.40 22.43 22.42 22.54 22.64 22.73 22.71 22.61 22.64 22.66 22.64 22.67 22.69 22.65 22.65 22.58 22.49 22.47 22.46 22.52 22.54 22.51 22.48 22.47 22.40 22.40 22.43 22.42 22.44 22.47 22.47 22.46 22.47 22.48 22.47 22.47 22.46 22.47 22.47
22.48 22.36 22.47 22.67 22.60 22.43 22.51 22.43 22.43 22.40 22.55 22.73 22.77 22.86 22.49 22.49 22.66 22.74 22.74 22.68 22.56 22.64 22.40 22.37 22.45 22.49 22.49 22.47 22.43 22.47 22.44 22.42 22.47 22.43 22.44 22.47 22.56 22.41 22.38 22.41 22.41 22.45 22.54 22.59 22.61 22.67 22.66 22.57 22.59 22.58 22.65 22.66 22.60 22.58 22.50 22.48 22.47 22.49 22.49 22.49 22.44 22.43 22.38 22.35 22.38 22.42 22.38 22.39 22.44 22.47 22.45 22.47 22.49 22.46 22.48 22.48 22.44
22.38 22.31 22.39 22.56 22.65 22.44 22.45 22.36 22.36 22.31 22.46 22.77 22.73 22.78 22.55 22.49 22.73 22.81 22.79 22.68 22.49 22.46 22.43 22.44 22.43 22.58 22.55 22.52 22.48 22.52 22.45 22.38 22.54 22.40 22.48 22.44 22.46 22.39 22.50 22.38 22.44 22.47 22.54 22.60 22.61 22.63 22.59 22.60 22.55 22.54 22.54 22.57 22.58 22.52 22.49 22.49 22.46 22.48 22.49 22.48 22.42 22.38 22.43 22.37 22.37 22.39 22.38 22.41 22.43 22.46 22.46 22.46 22.47 22.43 22.48 22.47 22.46
22.38 22.35 22.34 22.39 22.65 22.40 22.39 22.38 22.41 22.39 22.36 22.63 22.50 22.68 22.75 22.45 22.48 22.64 22.67 22.56 22.51 22.43 22.48 22.45 22.39 22.43 22.45 22.45 22.50 22.53 22.46 22.36 22.58 22.57 22.52 22.46 22.39 22.59 22.63 22.48 22.45 22.42 22.41 22.59 22.54 22.62 22.57 22.66 22.59 22.49 22.44 22.47 22.56 22.57 22.47 22.46 22.46 22.54 22.49 22.46 22.47 22.49 22.47 22.41 22.41 22.40 22.43 22.43 22.45 22.47 22.47 22.46 22.44 22.45 22.45 22.45 22.47
22.34 22.37 22.33 22.34 22.40 22.36 22.32 22.35 22.41 22.36 22.43 22.38 22.34 22.47 22.54 22.41 22.40 22.45 22.49 22.50 22.49 22.47 22.42 22.38 22.39 22.41 22.41 22.47 22.49 22.53 22.51 22.41 22.48 22.58 22.53 22.45 22.42 22.50 22.60 22.57 22.45 22.43 22.37 22.49 22.53 22.63 22.59 22.55 22.49 22.50 22.51 22.45 22.46 22.47 22.46 22.44 22.47 22.53 22.48 22.45 22.45 22.44 22.46 22.44 22.41 22.38 22.42 22.42 22.39 22.45 22.46 22.47 22.44 22.43 22.42 22.42 22.45
22.35 22.32 22.30 22.30 22.32 22.33 22.34 22.38 22.44 22.32 22.33 22.33 22.35 22.32 22.37 22.38 22.40 22.35 22.45 22.52 22.52 22.49 22.40 22.35 22.43 22.48 22.40 22.35 22.44 22.54 22.47 22.39 22.44 22.58 22.52 22.43 22.39 22.39 22.40 22.44 22.40 22.57 22.58 22.49 22.54 22.57 22.64 22.54 22.43 22.41 22.44 22.46 22.42 22.44 22.46 22.45 22.41 22.44 22.42 22.41 22.41 22.42 22.40 22.40 22.39 22.31 22.32 22.34 22.37 22.41 22.42 22.42 22.41 22.44 22.40 22.40 22.41
22.50 22.45 22.27 22.27 22.28 22.27 22.33 22.34 22.46 22.35 22.36 22.38 22.29 22.30 22.34 22.31 22.31 22.38 22.46 22.60 22.62 22.48 22.43 22.51 22.61 22.49 22.41 22.43 22.47 22.50 22.44 22.36 22.41 22.57 22.59 22.50 22.45 22.48 22.51 22.39 22.37 22.40 22.38 22.45 22.41 22.42 22.48 22.45 22.34 22.38 22.40 22.45 22.42 22.45 22.48 22.46 22.43 22.43 22.41 22.40 22.39 22.40 22.39 22.36 22.37 22.39 22.39 22.32 22.30 22.32 22.39 22.41 22.42 22.42 22.41 22.36 22.36
22.52 22.50 22.34 22.23 22.28 22.28 22.29 22.29 22.30 22.36 22.35 22.33 22.27 22.30 22.31 22.34 22.32 22.35 22.42 22.47 22.58 22.43 22.41 22.39 22.40 22.38 22.37 22.35 22.38 22.38 22.40 22.34 22.33 22.47 22.56 22.51 22.51 22.50 22.51 22.45 22.37 22.35 22.35 22.44 22.35 22.35 22.33 22.36 22.38 22.35 22.39 22.37 22.37 22.40 22.44 22.40 22.42 22.41 22.44 22.41 22.42 22.42 22.42 22.40 22.46 22.43 22.37 22.38 22.35 22.36 22.39 22.36 22.37 22.38 22.33 22.34 22.34
22.48 22.49 22.42 22.30 22.25 22.25 22.23 22.33 22.31 22.33 22.29 22.32 22.36 22.28 22.29 22.29 22.29 22.33 22.33 22.32 22.52 22.43 22.37 22.38 22.39 22.42 22.36 22.35 22.38 22.37 22.37 22.31 22.31 22.35 22.37 22.36 22.43 22.49 22.46 22.41 22.33 22.29 22.32 22.36 22.33 22.37 22.30 22.35 22.35 22.36 22.43 22.37 22.34 22.45 22.49 22.40 22.45 22.47 22.44 22.42 22.41 22.40 22.41 22.39 22.40 22.39 22.33 22.32 22.31 22.33 22.32 22.31 22.28 22.29 22.28 22.31 22.30
22.38 22.36 22.41 22.37 22.32 22.25 22.27 22.38 22.42 22.40 22.31 22.29 22.29 22.25 22.32 22.32 22.32 22.27 22.28 22.27 22.36 22.42 22.39 22.38 22.41 22.37 22.32 22.24 22.32 22.34 22.30 22.34 22.34 22.31 22.27 22.35 22.44 22.43 22.37 22.34 22.33 22.32 22.34 22.39 22.29 22.40 22.36 22.35 22.33 22.32 22.37 22.34 22.34 22.40 22.42 22.37 22.47 22.42 22.37 22.33 22.34 22.36 22.34 22.35 22.34 22.33 22.35 22.32 22.27 22.25 22.24 22.24 22.25 22.27 22.24 22.25 22.27
22.38 22.33 22.29 22.30 22.32 22.22 22.21 22.23 22.23 22.24 22.26 22.28 22.22 22.27 22.24 22.23 22.25 22.25 22.26 22.27 22.36 22.38 22.44 22.34 22.29 22.41 22.37 22.31 22.23 22.34 22.29 22.45 22.32 22.29 22.26 22.31 22.35 22.35 22.38 22.43 22.41 22.43 22.33 22.31 22.35 22.44 22.40 22.38 22.44 22.33 22.33 22.38 22.30 22.29 22.33 22.36 22.38 22.38 22.39 22.31 22.26 22.33 22.39 22.36 22.35 22.35 22.33 22.31 22.28 22.29 22.29 22.31 22.27 22.29 22.33 22.33 22.34
22.34 22.39 22.41 22.34 22.23 22.21 22.21 22.18 22.25 22.31 22.36 22.28 22.26 22.25 22.24 22.22 22.24 22.23 22.23 22.24 22.32 22.36 22.37 22.35 22.28 22.35 22.34 22.34 22.30 22.38 22.40 22.45 22.35 22.30 22.32 22.29 22.31 22.33 22.30 22.29 22.30 22.30 22.27 22.31 22.33 22.43 22.48 22.49 22.46 22.32 22.27 22.28 22.28 22.34 22.37 22.36 22.38 22.42 22.40 22.28 22.23 22.27 22.33 22.30 22.29 22.32 22.30 22.31 22.33 22.33 22.33 22.33 22.34 22.31 22.28 22.30 22.30
22.24 22.26 22.24 22.23 22.24 22.22 22.19 22.17 22.21 22.24 22.26 22.25 22.22 22.22 22.19 22.21 22.21 22.22 22.22 22.25 22.26 22.35 22.38 22.35 22.25 22.20 22.29 22.30 22.30 22.31 22.35 22.36 22.46 22.35 22.29 22.28 22.25 22.27 22.24 22.20 22.23 22.26 22.30 22.31 22.29 22.32 22.49 22.45 22.39 22.28 22.24 22.27 22.32 22.34 22.31 22.33 22.32 22.34 22.29 22.22 22.22 22.23 22.29 22.26 22.24 22.30 22.29 22.29 22.31 22.29 22.32 22.31 22.28 22.26 22.28 22.31 22.31
22.29 22.26 22.35 22.27 22.20 22.22 22.17 22.13 22.12 22.17 22.20 22.21 22.23 22.20 22.20 22.18 22.16 22.15 22.12 22.22 22.28 22.32 22.35 22.28 22.27 22.24 22.27 22.31 22.31 22.33 22.35 22.33 22.16 22.31 22.34 22.33 22.32 22.35 22.31 22.28 22.27 22.28 22.31 22.37 22.34 22.37 22.50 22.40 22.30 22.31 22.28 22.28 22.30 22.32 22.32 22.32 22.36 22.34 22.31 22.27 22.28 22.24 22.29 22.32 22.30 22.27 22.25 22.24 22.23 22.29 22.28 22.24 22.26 22.31 22.28 22.30 22.32
22.25 22.26 22.26 22.29 22.25 22.25 22.19 22.15 22.14 22.06 22.07 22.12 22.11 22.12 22.11 22.11 22.08 22.09 22.08 22.17 22.20 22.25 22.26 22.27 22.28 22.24 22.25 22.26 22.24 22.23 22.30 22.29 22.27 22.30 22.29 22.27 22.26 22.27 22.26 22.29 22.29 22.31 22.29 22.27 22.28 22.32 22.46 22.46 22.35 22.32 22.33 22.29 22.29 22.36 22.39 22.27 22.34 22.27 22.28 22.26 22.21 22.21 22.26 22.21 22.22 22.19 22.19 22.18 22.21 22.24 22.25 22.24 22.25 22.28 22.27 22.28 22.25
22.23 22.17 22.17 22.14 22.16 22.18 22.16 22.15 22.12 22.00 21.95 21.95 21.94 21.94 21.97 21.97 21.99 22.10 22.08 22.07 22.10 22.07 22.14 22.21 22.17 22.23 22.12 22.12 22.17 22.15 22.14 22.31 22.26 22.27 22.28 22.26 22.23 22.22 22.26 22.28 22.29 22.32 22.29 22.28 22.20 22.24 22.36 22.35 22.35 22.34 22.35 22.33 22.30 22.28 22.29 22.26 22.33 22.26 22.26 22.22 22.18 22.18 22.20 22.15 22.15 22.14 22.13 22.22 22.17 22.22 22.23 22.25 22.29 22.27 22.26 22.27 22.29
