main/data/irradiance/20.05.2023.grid
ncols 839
nrows 679
xllcenter 112.0500
yllcenter -43.9500
cellsize 0.0500
nodata_value 99999.90
[rows 442 to 475 of 679, columns 462 to 538 of 839]
12.26 12.26 12.22 12.28 12.29 11.92 12.01 12.13 11.35 10.79 11.20 10.97 11.16 12.29 11.45 10.64 10.08 10.72 11.11 9.21 10.40 12.22 12.95 11.76 11.39 11.19 11.73 12.04 12.44 12.21 12.35 12.48 12.20 11.53 11.81 12.13 12.06 11.09 12.62 12.64 12.38 11.78 12.13 11.73 11.54 11.92 12.07 12.12 12.31 12.47 11.59 11.76 12.19 12.06 11.32 11.49 11.33 12.22 12.55 12.20 11.09 11.61 10.96 11.53 11.36 11.97 11.80 11.10 11.89 11.68 11.02 11.06 11.31 11.25 11.09 11.50 11.48
12.60 12.47 12.27 12.01 11.80 11.92 11.97 12.12 11.74 11.51 11.09 10.76 11.53 11.90 12.19 11.59 12.06 11.14 10.64 11.45 11.22 11.66 11.83 10.98 11.07 11.37 12.19 12.11 12.32 12.02 11.44 11.25 11.84 11.83 11.62 11.81 11.41 12.03 11.70 12.38 11.09 12.17 12.26 12.15 11.72 12.09 12.60 12.45 11.90 11.90 12.08 12.41 12.38 11.25 11.65 11.87 11.13 12.34 12.75 11.55 11.55 11.58 11.95 11.64 11.22 11.50 11.61 11.77 10.86 10.31 10.71 11.33 11.74 11.52 11.43 11.87 10.89
12.42 11.43 11.48 11.28 11.37 11.32 11.83 11.88 11.06 11.49 11.15 11.49 12.24 12.28 11.94 11.96 11.17 9.94 10.87 11.60 11.81 11.22 10.71 11.50 11.13 11.38 11.38 11.45 11.49 11.33 10.76 11.01 11.65 11.77 12.18 11.96 11.03 12.52 11.62 11.27 11.44 12.10 12.57 12.37 11.52 11.26 12.55 12.14 12.70 11.87 12.36 12.36 11.69 12.56 12.23 11.97 11.44 12.50 12.24 12.06 12.09 11.41 11.41 11.25 11.53 11.09 11.84 11.93 10.60 11.02 11.48 11.07 11.02 10.99 10.03 10.87 9.99
11.88 11.93 12.42 11.52 11.16 10.70 11.63 11.67 11.56 11.25 11.09 11.85 12.45 11.87 11.97 11.35 10.77 10.98 11.41 11.39 11.37 11.33 11.71 11.69 11.12 11.61 12.12 11.97 12.16 11.47 11.76 11.51 11.71 11.95 11.23 10.91 11.33 11.66 10.83 11.60 11.92 11.62 12.27 12.09 10.91 11.77 12.47 12.42 12.44 12.09 12.36 12.06 12.44 12.59 12.40 11.67 11.40 11.98 12.04 12.48 12.31 12.08 11.37 11.86 11.07 11.55 11.37 11.60 11.61 12.01 11.99 10.97 10.82 9.94 9.99 10.53 10.20
11.86 11.82 11.62 12.18 10.72 10.90 11.05 11.20 12.50 11.49 11.24 11.54 11.70 11.57 10.89 10.49 11.43 11.07 11.42 11.69 12.32 11.75 11.08 11.57 12.14 11.91 12.17 12.15 11.75 12.47 12.05 12.56 12.24 12.01 11.62 11.44 11.82 11.12 10.84 11.11 11.90 12.00 11.87 11.61 11.53 11.65 12.26 12.24 12.21 12.60 12.18 11.56 11.91 11.81 12.28 11.17 10.41 11.68 12.00 12.37 12.41 11.81 11.04 11.48 11.44 11.01 11.58 11.04 11.30 10.81 12.15 11.72 10.95 10.22 10.47 10.63 11.44
11.57 11.55 10.98 11.90 11.85 11.10 11.18 12.01 12.03 12.21 12.14 11.45 12.08 11.61 11.06 11.23 11.28 11.08 12.00 11.84 11.77 10.88 11.65 12.30 11.76 11.90 12.21 12.25 11.94 12.04 12.45 11.85 12.48 11.78 12.04 11.91 11.13 11.61 11.71 11.61 11.96 11.72 11.34 12.08 12.17 12.29 12.00 12.47 12.34 12.65 11.91 12.02 12.06 12.00 11.93 11.53 10.23 11.60 12.21 12.43 12.08 11.11 11.67 11.40 10.50 10.39 11.86 11.34 10.62 10.90 12.01 12.09 10.75 9.84 10.10 10.89 11.35
10.54 10.61 10.65 10.92 11.24 11.07 11.51 11.81 11.95 12.03 11.83 11.96 11.62 11.01 11.33 11.60 11.50 11.89 11.79 10.92 11.58 11.17 11.41 11.01 10.92 11.93 11.79 11.32 11.68 11.84 12.06 12.30 12.43 11.86 12.19 12.07 12.02 12.16 12.46 12.59 12.31 12.21 11.95 12.30 12.30 12.20 12.37 11.81 11.96 11.86 12.02 12.56 11.86 12.39 12.32 11.54 10.26 9.79 11.92 12.11 11.55 11.92 11.76 10.82 10.37 10.67 10.79 11.07 10.35 10.95 11.35 11.46 10.08 9.92 10.90 11.28 11.48
9.72 9.81 10.62 11.36 10.91 10.63 11.15 9.94 11.85 12.17 11.39 12.12 12.10 11.87 11.74 11.16 11.84 11.72 11.56 11.55 11.26 11.86 10.70 11.34 10.95 11.58 11.31 12.17 12.05 11.60 11.23 11.62 11.00 12.00 12.06 11.78 12.20 12.55 12.57 12.42 12.28 11.63 12.02 12.24 12.21 11.37 11.07 11.59 12.71 12.16 12.10 11.56 10.74 11.77 12.13 11.71 10.63 9.19 10.93 12.27 12.15 12.33 11.54 11.95 11.42 10.55 9.74 10.93 11.49 11.23 11.65 11.30 9.87 10.40 11.56 11.48 11.62
10.41 10.39 11.10 10.99 10.46 10.26 10.65 11.52 11.86 11.74 11.69 11.46 11.51 11.38 11.69 11.25 11.45 10.72 11.87 11.61 11.99 11.54 10.53 11.50 11.86 11.96 12.15 11.39 11.83 11.93 11.69 11.17 11.68 12.17 11.87 11.62 12.49 12.81 12.87 12.54 12.12 12.38 12.32 12.03 11.97 10.98 11.42 11.47 10.98 10.82 11.68 11.02 10.74 11.77 11.83 11.49 11.04 9.87 11.17 12.04 12.09 10.93 11.96 11.66 11.50 9.70 10.22 11.62 12.36 12.08 11.59 10.83 10.13 10.11 10.31 11.24 11.50
10.77 12.00 11.93 11.21 11.58 10.30 10.52 11.95 11.57 11.05 10.21 9.26 11.36 11.35 11.29 11.29 11.01 11.11 11.77 11.57 11.69 10.54 10.79 11.43 11.71 11.43 11.47 11.27 11.75 10.89 10.84 11.35 11.16 11.69 11.78 11.74 12.31 12.69 12.17 12.20 12.18 12.49 12.23 12.41 12.22 11.15 11.74 11.48 9.84 10.93 11.75 11.24 11.24 11.99 11.99 11.43 11.08 9.57 10.51 11.96 10.68 11.41 10.81 11.87 10.61 10.10 10.24 11.37 11.27 11.48 11.46 11.25 10.10 9.01 9.96 10.92 10.85
10.95 11.65 12.20 11.88 11.39 10.90 11.47 10.96 11.06 11.14 10.76 11.33 11.16 12.20 11.66 10.82 11.43 11.37 11.11 11.30 10.88 11.16 11.51 11.75 11.46 11.70 11.75 11.68 11.77 11.52 10.89 11.38 11.69 12.38 11.31 12.35 12.85 12.66 11.77 12.40 12.39 12.29 12.23 12.47 12.09 12.13 11.43 10.23 10.97 11.42 11.47 11.00 11.00 11.99 11.99 11.65 10.66 9.86 10.12 11.13 11.01 10.53 11.62 10.64 9.46 10.19 11.17 11.55 11.63 11.88 11.49 10.33 10.51 10.44 10.99 11.34 10.96
10.46 11.52 12.37 12.08 11.91 12.23 11.55 11.73 11.27 10.72 10.94 10.58 11.20 11.78 10.32 11.18 11.72 10.57 10.73 11.04 10.46 10.46 11.22 10.95 10.75 11.81 11.87 11.06 11.84 12.21 11.68 11.50 12.09 12.23 12.40 12.48 11.93 11.93 11.89 12.51 12.72 12.33 11.74 11.87 12.37 12.30 10.96 10.68 11.34 11.60 11.40 10.58 10.58 10.49 12.03 12.03 11.23 9.61 9.44 11.37 11.56 11.65 11.40 9.84 10.25 10.63 11.04 10.46 11.10 12.20 11.17 10.81 11.24 11.41 11.62 11.32 11.20
10.54 11.37 11.18 11.85 12.02 11.80 12.23 11.84 12.13 11.37 10.73 11.25 10.75 10.20 11.85 12.29 11.53 10.70 9.89 10.32 10.34 10.80 10.97 11.50 10.83 11.52 10.87 10.99 11.50 11.63 11.93 11.70 11.83 11.88 12.70 11.68 10.95 12.05 12.16 12.08 12.46 11.64 10.84 11.84 11.52 10.79 11.54 11.92 10.95 9.53 10.42 10.65 10.49 10.49 12.03 12.03 11.16 10.10 9.06 9.48 10.65 11.25 10.76 11.69 11.18 10.57 10.13 9.64 10.70 11.34 9.94 11.29 11.26 10.82 11.26 11.44 11.05
10.96 11.22 11.45 11.33 11.92 11.42 11.43 11.59 10.35 10.44 11.21 10.97 10.73 10.97 11.21 11.09 10.02 9.96 10.35 10.81 10.89 10.66 10.38 10.78 10.96 10.22 10.75 11.30 11.58 11.62 11.68 11.34 11.47 11.90 11.12 11.09 11.82 11.42 11.93 12.42 12.08 10.96 11.96 12.02 10.58 10.56 11.61 10.91 10.07 10.62 10.49 11.00 10.08 10.08 10.08 10.42 10.42 10.06 9.32 8.72 9.78 10.85 11.60 11.73 11.26 10.57 10.57 10.49 10.80 10.05 10.49 10.75 10.75 10.33 10.31 11.13 11.28
12.00 11.85 11.01 12.04 12.09 11.74 10.88 11.54 11.58 11.48 10.29 9.80 10.30 11.16 10.66 9.92 9.66 11.11 11.15 11.30 11.10 10.93 10.32 11.24 10.55 9.94 10.60 11.85 11.87 11.60 11.75 11.48 11.68 10.66 11.28 11.75 11.38 11.32 12.70 12.52 11.77 12.01 11.83 12.03 11.08 12.21 11.28 10.68 9.92 9.99 10.51 10.91 10.65 10.65 10.65 10.34 10.34 10.33 9.47 8.93 10.43 11.46 11.47 11.21 11.24 11.07 9.82 9.29 10.19 9.84 10.95 11.45 10.55 10.22 11.50 10.81 10.87
12.36 11.28 11.57 12.21 12.22 11.30 9.95 11.36 11.85 12.12 11.98 11.63 11.59 10.74 10.79 10.83 11.27 11.71 11.38 11.11 11.19 10.99 11.32 11.50 11.17 11.07 11.82 11.68 11.62 11.75 11.61 11.89 11.78 11.39 12.18 11.61 11.28 11.92 12.48 11.88 12.02 11.89 11.40 11.88 12.08 11.84 11.35 11.36 10.46 10.06 10.78 10.87 10.54 10.54 10.54 10.60 10.60 10.83 9.73 9.82 9.95 9.99 10.62 10.69 10.49 10.51 10.17 9.12 9.96 10.27 10.38 10.31 10.78 10.10 10.48 10.40 11.00
11.02 11.97 12.40 11.84 11.71 10.48 11.38 12.02 12.41 12.38 12.23 11.95 10.87 10.31 11.06 10.70 11.14 11.62 11.40 12.08 11.73 11.98 11.44 11.68 11.96 11.83 11.84 11.78 12.12 11.44 11.00 11.62 11.72 11.68 11.79 11.57 11.63 12.06 11.27 11.56 12.04 11.54 11.34 11.98 12.60 11.77 11.11 10.46 10.67 10.73 10.78 11.82 10.54 10.54 10.54 10.60 10.60 10.55 9.31 8.36 8.48 9.69 9.67 9.96 10.15 10.35 8.90 9.23 9.70 8.88 10.99 10.97 11.59 10.85 10.59 11.23 11.23
10.78 11.53 12.04 11.44 10.82 11.59 11.13 11.38 11.99 12.12 12.55 11.59 10.73 11.43 10.84 10.93 10.73 11.06 11.59 11.09 10.68 11.12 11.24 11.92 11.87 11.46 12.06 11.75 11.90 11.54 11.14 11.33 11.40 11.06 11.52 11.46 11.91 11.32 11.26 11.60 11.10 10.98 11.23 12.28 11.10 11.10 11.39 11.07 9.94 10.73 10.73 11.82 11.82 10.54 10.54 10.14 10.14 10.14 9.29 8.45 8.81 9.51 8.97 9.82 10.53 10.50 10.20 9.13 8.36 10.07 10.96 11.11 10.60 10.78 11.61 11.40 11.43
10.15 12.00 11.47 11.60 11.92 12.00 10.59 10.88 11.67 11.41 11.28 11.07 11.33 11.35 11.62 11.52 10.97 11.41 11.19 11.02 10.61 10.89 10.49 10.18 11.06 11.83 11.41 10.32 9.88 10.95 10.57 10.72 11.09 10.35 11.21 11.49 11.87 11.34 11.42 10.90 10.89 11.96 11.92 11.35 10.79 10.58 10.52 10.53 11.22 11.22 11.22 11.82 11.82 11.82 10.14 10.14 10.14 10.14 9.62 8.24 7.03 9.37 9.43 10.11 10.59 10.67 9.32 9.04 9.01 10.28 10.92 10.76 10.57 10.63 11.03 11.59 10.73
11.50 11.21 11.64 11.49 11.16 11.45 10.77 11.23 10.73 10.88 10.45 11.57 11.78 11.83 11.66 11.55 11.20 11.18 10.56 11.15 11.41 10.32 10.49 11.00 11.80 11.81 10.93 10.29 10.90 11.50 11.76 10.89 10.98 11.24 11.48 11.00 11.43 11.52 11.39 10.49 11.61 11.60 10.35 11.10 12.08 10.34 9.48 10.32 11.22 11.22 11.22 11.82 11.82 9.63 9.63 9.63 9.12 9.12 9.12 9.11 6.71 9.72 11.09 10.64 11.36 11.39 10.89 10.19 9.78 9.91 10.86 10.85 11.73 10.29 9.69 10.06 11.08
11.39 10.44 11.06 11.35 10.60 11.22 10.76 10.82 11.40 11.02 11.30 11.06 11.48 11.34 11.73 11.45 10.88 10.69 10.97 10.93 11.49 10.33 10.97 11.11 10.98 11.46 11.40 12.05 11.84 11.98 11.10 11.16 11.59 11.53 11.13 10.98 11.18 10.18 11.09 11.14 11.78 11.88 11.84 12.20 11.95 11.23 9.48 10.32 10.32 11.22 11.22 11.22 11.74 9.63 9.63 9.63 8.50 9.38 9.38 9.56 8.63 10.01 10.49 10.71 10.97 10.78 10.58 11.14 9.55 9.83 10.65 9.71 11.37 10.64 9.67 10.21 10.10
11.52 11.08 11.53 10.48 11.64 12.11 11.06 11.48 10.82 11.47 11.59 11.58 11.78 11.00 10.78 10.07 10.98 10.74 11.90 11.79 11.69 11.77 11.74 11.20 10.68 11.01 11.64 12.09 12.09 11.14 10.80 11.73 11.29 11.08 11.29 11.18 10.77 10.55 11.30 11.39 11.56 11.83 11.71 11.07 11.31 11.43 11.43 10.32 10.32 10.32 11.22 11.74 11.74 11.74 9.63 9.63 8.50 8.17 7.95 9.05 8.90 10.43 11.41 11.46 11.06 11.10 10.89 10.98 10.35 10.66 10.47 8.96 10.59 11.70 10.99 10.95 10.71
11.58 11.29 11.55 11.55 11.26 11.08 10.95 11.22 11.31 11.27 11.71 11.77 11.14 11.47 10.23 9.47 9.80 10.11 10.86 10.21 11.02 11.16 11.06 10.91 11.02 10.97 11.53 11.17 11.13 11.96 12.19 12.32 12.06 11.74 11.38 10.53 11.06 11.76 11.68 11.42 10.88 11.87 11.51 11.92 11.79 10.75 10.75 10.75 10.75 10.32 11.74 11.74 11.74 11.74 11.74 9.97 9.40 8.46 8.76 9.32 9.14 9.96 11.18 11.80 11.58 11.33 11.08 11.43 10.00 10.01 9.68 9.64 10.76 11.50 10.82 9.91 10.22
9.78 9.49 10.64 10.67 10.92 10.53 9.64 10.49 10.88 11.23 11.60 11.47 11.69 10.80 10.91 10.33 10.12 10.79 11.17 11.20 10.73 9.81 9.50 11.24 11.73 11.78 11.54 11.13 10.61 10.88 10.94 11.60 12.32 11.92 10.67 10.81 11.72 11.28 11.50 11.22 11.53 10.38 11.82 11.49 11.47 10.75 10.75 10.75 10.75 10.75 10.90 10.90 10.90 10.90 10.90 10.85 10.64 9.74 8.91 9.16 9.26 9.39 10.76 11.67 11.34 10.88 9.85 10.20 9.24 9.40 10.10 10.37 10.76 10.90 10.98 10.14 9.81
10.79 11.18 10.43 10.15 10.09 10.57 10.59 11.30 11.69 11.34 11.07 11.39 11.09 11.01 11.58 10.83 11.14 10.54 11.17 11.60 11.57 10.91 11.17 11.17 11.33 11.31 11.52 11.29 10.88 10.67 10.34 10.88 11.09 11.27 10.70 11.23 11.58 11.59 11.05 11.34 11.33 11.75 11.63 10.71 10.48 10.48 10.48 10.75 10.75 10.75 10.90 10.90 10.90 10.90 10.90 10.11 10.21 10.17 10.61 10.75 10.70 10.65 10.70 10.44 10.48 10.90 10.14 9.62 10.04 10.49 10.69 10.31 11.10 10.50 9.57 10.38 10.30
11.36 11.30 10.64 10.06 10.48 11.11 11.02 11.14 10.48 10.58 9.35 10.56 11.23 10.65 11.27 11.82 12.14 12.07 11.25 10.96 11.25 10.92 10.96 10.61 10.23 9.96 10.55 10.81 11.39 10.93 11.14 10.09 11.18 11.87 12.26 11.92 11.26 10.53 10.90 11.79 12.03 12.05 11.48 11.40 11.84 11.84 11.84 11.84 11.84 10.75 10.90 10.90 10.90 9.20 9.20 9.20 9.59 10.50 11.28 11.41 11.23 11.41 11.20 10.06 9.54 10.22 9.89 10.84 11.69 11.46 11.28 9.90 10.53 9.40 9.64 10.36 10.42
10.59 11.07 11.20 10.87 10.84 11.10 11.64 11.41 11.11 10.05 10.45 10.74 10.61 10.78 11.23 11.75 11.56 11.34 10.89 10.61 10.71 11.26 11.67 11.07 10.93 11.13 11.44 11.85 11.45 11.19 11.32 10.79 11.19 12.19 11.77 11.52 11.59 10.99 10.48 11.59 11.44 10.39 11.02 11.69 11.84 11.84 11.84 11.84 11.84 11.84 10.90 9.20 9.20 9.20 9.20 9.20 9.76 10.61 11.33 11.00 10.61 10.96 10.99 9.64 8.76 9.66 9.62 11.31 11.19 11.21 9.56 8.73 10.13 9.59 10.15 9.84 9.47
11.21 10.63 10.34 10.17 10.06 10.61 10.68 11.22 10.86 10.92 11.11 10.38 10.36 10.80 11.06 11.26 11.22 11.64 11.74 11.54 11.67 12.05 11.11 10.89 11.21 11.19 11.32 11.72 11.46 10.68 11.37 11.13 11.70 11.54 11.83 11.72 11.59 11.28 11.38 10.91 11.47 11.72 12.01 11.69 11.69 11.84 11.84 11.84 11.84 11.84 9.20 9.20 9.20 9.20 9.75 9.75 9.75 10.19 11.00 11.06 10.96 10.81 10.58 9.01 9.25 9.89 10.80 11.40 10.65 10.35 9.18 10.44 11.31 9.98 9.02 10.18 9.81
10.40 9.79 10.38 10.34 10.32 10.43 11.17 11.14 11.20 11.92 11.83 11.59 11.17 10.85 11.09 10.51 10.44 10.49 10.25 10.67 11.34 11.45 10.95 10.35 8.71 10.64 10.34 10.85 10.99 10.95 11.56 11.65 11.35 11.61 11.49 11.67 11.98 11.73 11.12 10.42 11.85 12.37 12.05 12.05 12.05 11.69 11.84 11.84 11.84 10.06 10.06 10.06 10.64 10.64 9.75 9.75 9.75 10.70 10.91 10.61 10.51 9.95 9.97 10.62 11.06 9.96 10.61 10.11 9.64 9.98 10.63 10.25 10.51 8.62 8.28 10.31 10.53
9.43 10.19 9.72 10.26 10.45 10.17 10.38 9.60 9.96 10.09 11.73 11.72 12.07 10.95 11.21 10.37 10.83 10.92 10.54 10.45 11.05 11.07 11.20 11.78 11.17 10.27 11.13 11.60 11.47 11.27 11.34 11.37 10.93 11.11 10.54 10.94 11.13 11.03 11.91 12.15 12.34 12.34 12.05 12.05 12.05 12.05 12.05 11.84 10.06 10.06 10.06 10.06 10.04 10.64 10.64 11.04 11.04 10.75 10.37 9.25 8.94 9.30 9.52 10.57 10.98 9.16 9.56 9.54 8.99 9.47 9.63 9.51 9.23 8.43 9.13 9.81 10.22
10.61 10.39 10.26 9.44 9.32 9.32 8.97 10.41 10.34 10.84 11.05 11.17 11.52 11.65 11.73 10.75 11.42 11.16 10.76 11.49 12.04 11.79 12.14 11.81 11.08 11.08 10.73 10.90 11.28 11.70 11.63 11.39 10.56 11.27 11.47 11.15 11.32 11.75 12.25 12.16 12.38 12.38 12.38 12.38 12.05 12.05 12.05 12.05 10.06 10.06 10.06 10.06 10.06 10.04 10.64 10.64 11.01 11.28 9.39 7.55 8.96 9.56 9.18 10.20 10.38 9.98 10.64 10.35 9.37 10.31 9.72 10.07 9.98 9.57 10.14 9.88 9.96
9.52 9.19 8.96 9.61 10.23 10.28 9.67 8.34 9.23 10.50 10.73 10.79 10.89 10.84 11.25 11.38 10.96 10.63 10.97 10.71 11.19 11.65 11.73 11.40 11.40 11.19 11.43 11.92 11.83 11.82 11.63 11.41 11.78 11.42 11.78 11.26 11.32 12.18 12.34 12.32 12.38 12.38 12.38 12.38 12.38 12.38 12.05 12.01 10.06 10.06 10.06 10.06 10.06 10.04 10.04 10.35 9.60 9.29 8.49 8.45 9.24 9.75 9.82 10.82 11.20 11.03 10.54 10.35 9.42 10.23 9.44 10.67 10.92 10.64 10.51 10.38 10.23
10.35 10.72 9.81 9.62 10.90 10.02 9.89 10.13 9.38 9.93 10.80 10.50 10.46 10.54 10.86 10.80 10.11 10.46 9.72 9.67 10.78 10.78 11.65 11.40 11.16 11.01 11.09 11.68 11.10 11.25 11.55 11.24 11.13 10.97 10.96 11.26 11.26 12.18 12.34 12.32 12.32 12.38 12.38 12.38 12.38 12.38 11.46 11.46 12.01 12.01 10.06 10.06 10.06 10.41 10.77 9.43 8.79 10.03 9.89 10.40 10.67 10.51 9.54 9.52 11.11 10.30 10.36 10.23 10.39 10.73 10.74 10.70 10.99 9.94 10.23 9.79 9.96
11.37 11.14 10.70 10.56 10.87 11.55 11.15 11.84 11.04 10.18 9.91 10.62 10.51 10.48 11.41 11.40 10.69 10.69 10.91 11.03 11.20 10.87 11.32 11.96 11.22 10.76 10.13 10.43 10.27 10.70 10.31 10.23 11.16 11.16 10.96 10.96 11.26 12.18 12.34 12.32 12.32 12.32 12.38 12.38 12.38 12.38 11.46 11.46 11.46 12.01 12.01 10.31 10.31 10.64 10.25 9.11 9.41 10.25 9.10 9.44 8.83 10.23 9.89 9.47 9.64 9.39 9.12 9.52 10.27 10.67 10.63 10.69 10.15 10.05 9.76 9.11 10.14
