main/data/irradiance/20.05.2023.grid
ncols 839
nrows 679
xllcenter 112.0500
yllcenter -43.9500
cellsize 0.0500
nodata_value 99999.90
[rows 510 to 543 of 679, columns 693 to 769 of 839]
6.34 6.10 6.10 6.84 6.93 6.97 7.25 7.23 7.63 7.46 7.02 7.11 6.62 7.05 6.71 5.71 5.97 5.89 6.12 6.37 6.34 6.50 5.97 5.76 5.99 5.85 5.15 4.86 5.27 5.60 5.97 7.09 5.91 5.45 5.42 5.93 5.68 6.35 5.86 7.10 7.31 7.16 9.56 9.52 8.23 8.72 7.53 6.19 6.27 7.10 7.14 6.54 6.87 7.32 7.05 7.14 7.42 7.83 8.19 7.93 8.14 8.51 8.71 8.73 9.23 9.11 8.73 8.95 9.51 10.07 10.27 10.06 9.66 9.90 9.90 9.90 10.52
7.59 7.28 7.24 7.23 6.87 7.07 6.88 6.72 6.63 6.70 6.65 6.94 6.23 6.77 7.09 6.51 6.46 6.23 5.46 5.13 6.22 5.83 5.62 5.05 5.98 5.38 5.02 4.59 4.87 4.83 5.44 6.79 6.07 5.87 5.28 4.87 5.74 5.22 6.21 7.39 6.36 7.15 9.34 9.26 7.75 9.07 7.21 5.39 6.05 6.52 6.43 6.81 6.38 6.19 6.12 6.51 6.65 7.13 7.27 6.92 8.26 8.15 8.39 8.40 8.87 8.81 8.05 8.64 9.22 9.60 10.09 10.08 10.04 9.90 9.90 9.90 9.90
6.59 7.07 7.27 7.14 6.91 7.26 7.16 6.74 6.07 6.30 6.52 6.15 6.49 7.23 7.04 6.27 6.34 6.09 5.81 5.63 6.36 6.48 5.70 5.89 5.66 5.14 4.95 4.95 4.67 4.69 5.51 5.69 5.34 5.49 5.80 5.58 5.79 5.44 6.10 7.48 6.92 6.89 8.86 8.10 7.68 8.97 7.67 6.12 5.71 5.91 5.76 5.63 5.69 5.53 6.07 6.40 6.87 6.68 6.54 7.19 7.72 8.03 8.17 7.85 8.61 8.75 8.46 8.43 8.74 9.22 9.67 9.98 10.08 10.08 10.08 9.90 9.90
7.21 6.72 7.11 8.21 7.94 7.68 7.57 7.19 6.86 6.68 6.67 6.52 5.98 5.80 6.71 6.77 6.29 6.31 5.99 5.86 6.29 6.48 6.42 6.55 6.12 5.69 5.06 4.39 3.49 3.92 4.32 4.91 4.93 5.30 6.70 6.73 4.86 5.73 5.16 6.01 6.83 6.78 8.97 8.52 7.50 8.61 6.22 5.62 6.30 5.79 5.26 5.14 5.29 5.37 5.64 6.83 7.35 6.83 6.67 7.35 7.82 8.13 7.52 7.33 8.24 8.31 7.84 8.34 8.56 9.08 9.79 9.86 10.08 10.08 10.08 10.08 10.08
7.63 7.65 6.94 7.50 7.50 7.21 7.31 6.98 6.87 6.28 5.70 6.42 6.48 6.12 6.26 5.77 6.24 6.03 5.71 6.22 5.91 6.50 6.35 6.16 5.67 5.50 5.33 4.45 3.98 4.34 4.42 6.14 5.96 5.83 5.75 5.77 5.14 6.18 5.90 6.98 6.57 6.76 8.95 8.66 7.88 8.27 5.59 5.00 6.21 5.49 5.50 5.38 6.02 6.07 5.61 6.70 7.25 7.17 6.92 6.56 7.58 7.26 6.38 6.66 7.81 7.89 7.57 8.09 8.35 8.75 9.79 9.86 9.86 10.08 10.08 10.08 10.08
7.63 7.92 7.53 7.35 7.50 7.13 7.02 6.97 7.54 6.87 6.26 6.04 6.18 6.23 6.37 6.40 6.22 6.22 6.03 6.06 5.52 5.69 5.96 5.90 5.71 5.78 5.89 4.82 4.73 4.35 5.45 5.49 5.51 5.70 5.72 5.15 4.59 5.76 5.05 7.09 7.12 8.03 9.28 7.97 8.84 8.58 5.20 4.79 5.89 5.42 5.87 5.76 6.34 6.55 6.30 6.66 7.06 7.24 7.09 6.25 6.45 6.08 5.90 6.31 6.80 6.84 7.45 7.89 8.35 8.67 8.87 8.87 8.87 9.86 10.08 10.08 10.08
6.45 7.67 7.13 7.21 7.66 7.35 6.54 6.14 7.26 6.57 6.63 6.44 6.20 6.09 5.75 6.19 5.59 5.71 4.89 5.29 5.17 5.71 6.33 6.26 6.66 6.48 5.61 5.47 5.20 5.43 4.98 4.23 4.86 6.18 5.74 5.11 4.74 5.20 5.81 6.67 7.88 8.78 9.14 8.47 9.27 9.61 5.93 4.90 5.15 5.49 5.26 5.70 6.23 6.57 6.58 6.67 7.04 7.89 6.26 5.80 6.09 6.25 5.88 6.56 6.49 6.43 6.97 7.57 7.98 8.41 8.87 8.87 8.87 8.87 8.87 10.08 10.08
6.65 6.52 6.28 6.91 7.02 7.29 6.51 6.60 6.58 6.31 6.16 6.36 5.94 6.25 5.69 6.25 5.30 5.78 4.96 5.49 4.69 5.22 5.23 5.25 6.18 6.26 5.44 4.70 4.67 4.70 4.44 3.02 3.62 4.64 4.82 4.49 5.03 4.61 6.30 7.37 9.13 8.85 8.75 7.64 9.23 9.16 6.83 6.16 6.31 5.50 5.23 5.89 6.22 6.86 6.66 6.35 7.20 8.17 6.33 4.77 5.71 6.16 6.10 6.50 6.28 6.70 7.19 7.78 7.88 8.41 8.41 8.87 8.87 8.87 8.87 8.87 8.87
7.06 7.40 6.76 6.92 6.00 5.98 5.93 6.20 6.87 6.51 6.07 5.84 6.56 7.03 6.52 7.09 6.70 6.70 5.88 6.27 5.16 5.69 6.48 5.96 5.83 6.10 5.73 5.40 4.73 4.55 4.53 3.20 2.96 3.20 3.64 3.38 4.34 5.99 6.72 8.59 9.73 9.67 8.61 7.63 8.15 8.63 7.02 7.45 7.63 5.61 5.48 6.27 6.23 6.57 7.33 7.24 7.61 8.05 6.11 4.80 5.61 5.46 5.71 6.33 6.64 6.97 7.35 7.76 7.92 7.92 7.92 8.41 8.87 8.87 8.87 8.87 8.87
7.07 7.16 7.05 6.61 6.47 6.76 6.55 6.20 6.87 6.51 6.14 6.29 5.94 6.18 5.59 6.68 7.12 7.21 6.19 6.53 6.55 6.87 6.53 6.40 5.54 6.12 6.07 6.03 5.52 4.63 4.63 4.14 3.62 4.09 4.55 4.55 5.09 7.65 8.16 8.76 9.98 9.71 7.98 7.19 7.95 8.18 7.44 8.64 8.25 5.48 5.64 6.72 6.74 7.18 7.74 8.29 8.59 8.52 6.39 4.81 5.28 5.41 5.22 6.09 6.64 7.09 7.69 7.94 8.51 8.51 8.51 8.51 8.51 8.87 8.87 8.87 8.87
6.60 6.66 6.72 7.01 7.30 7.13 6.62 5.87 5.87 5.85 6.14 6.12 6.08 5.94 5.09 6.07 6.61 6.83 6.11 6.25 5.32 6.05 5.88 6.45 5.99 6.34 7.00 6.19 5.42 4.58 4.37 3.30 4.62 3.81 4.46 5.11 5.29 8.29 9.09 8.49 9.65 9.34 7.63 7.32 7.79 7.89 7.67 8.54 7.50 5.58 6.41 7.00 6.91 7.77 8.49 8.65 8.60 8.48 7.69 5.61 5.27 5.48 5.48 5.80 6.32 6.80 7.54 7.92 8.51 8.51 8.51 8.51 8.51 8.51 8.51 8.87 8.87
7.12 6.96 6.64 7.16 7.54 7.18 6.79 5.87 6.05 5.85 6.38 6.54 6.42 5.51 5.77 6.19 6.34 5.97 5.76 5.90 5.27 6.86 5.84 6.35 5.82 6.86 7.04 6.49 5.70 4.81 3.93 3.64 4.14 4.03 5.62 5.69 6.77 7.70 9.66 8.50 7.77 7.67 8.13 7.60 7.68 7.59 7.54 7.80 7.02 6.29 6.48 6.79 7.09 7.52 8.19 8.61 8.72 8.48 7.79 5.91 5.66 6.20 6.17 6.01 6.52 7.01 7.40 7.80 7.80 8.37 8.37 8.37 8.37 8.37 8.37 8.37 8.37
5.84 6.17 6.17 6.74 7.30 6.98 6.75 6.75 6.32 6.17 6.21 6.32 5.64 5.51 5.91 6.04 5.63 5.29 5.24 5.61 5.74 7.70 6.54 5.85 6.00 5.99 5.82 5.71 5.32 4.79 3.87 4.63 4.83 4.33 5.20 6.39 8.05 7.71 10.10 8.82 8.16 7.32 6.69 6.91 7.38 7.12 7.23 6.94 6.80 6.45 6.30 7.06 7.47 7.55 7.74 8.12 8.82 8.84 7.59 5.14 5.12 6.31 6.78 6.59 6.75 7.23 7.65 7.94 8.37 8.37 8.37 8.37 8.37 8.37 8.37 8.37 8.37
6.39 6.24 5.85 5.77 6.56 7.00 6.90 6.90 6.32 6.17 6.40 5.92 5.73 5.73 5.35 5.18 4.65 4.88 5.10 4.94 5.86 7.04 6.07 6.38 6.37 5.51 5.88 5.71 5.16 4.36 3.83 3.54 3.72 3.70 4.62 6.49 7.80 7.00 9.52 9.15 8.14 7.34 6.49 6.34 7.19 7.23 6.57 6.09 6.94 7.34 6.70 6.63 7.09 7.30 7.20 8.06 9.05 9.03 7.50 5.18 5.00 5.74 6.66 6.98 7.01 7.36 7.77 7.94 8.01 8.01 8.01 8.01 8.01 8.01 8.01 8.01 8.01
6.05 5.80 5.51 5.84 6.27 6.47 5.22 5.93 5.93 5.75 5.38 5.87 5.83 5.69 5.19 4.55 4.25 4.90 5.09 5.41 5.27 5.65 6.10 6.26 6.18 6.02 5.87 5.17 4.68 4.22 3.74 2.66 2.98 3.80 3.98 5.97 7.78 7.03 8.52 8.31 7.30 7.60 6.61 5.75 6.48 6.86 6.38 6.43 6.80 7.62 6.96 6.82 6.83 6.73 6.79 7.82 8.37 8.27 6.48 5.06 4.45 5.34 6.19 6.53 6.80 6.95 7.27 7.48 7.57 7.57 7.57 7.57 7.57 7.57 7.57 7.57 7.57
5.75 5.42 5.05 5.56 5.96 5.56 5.43 5.38 4.48 4.16 5.61 5.72 5.81 5.58 5.42 5.37 4.57 5.24 5.08 5.08 4.93 4.40 5.71 5.73 5.72 5.25 5.34 4.21 4.48 4.44 3.74 3.12 3.21 3.58 3.45 6.34 7.91 7.84 7.43 6.82 6.54 7.34 7.53 6.52 6.29 6.20 6.53 6.45 6.47 6.75 6.53 6.35 6.84 6.95 7.09 7.79 7.69 7.21 6.16 5.13 4.47 5.17 5.73 6.44 6.48 6.70 6.73 6.99 7.21 7.21 7.21 7.21 7.21 7.21 7.21 7.21 7.21
5.42 5.52 5.26 5.48 5.47 4.92 5.82 5.63 4.87 4.71 6.21 6.74 6.57 5.98 5.17 4.61 4.71 5.18 4.37 4.29 5.13 5.18 6.30 4.88 4.66 4.46 4.41 3.91 4.19 3.81 3.71 2.59 2.91 2.15 4.20 6.56 6.97 8.26 7.94 6.11 6.09 6.97 7.09 7.10 6.99 6.24 5.96 6.28 6.70 6.46 7.20 6.77 6.82 6.57 6.95 7.15 7.29 6.84 6.10 5.29 4.50 4.77 5.58 6.12 6.12 6.67 6.87 6.93 7.21 7.21 7.21 7.21 7.21 7.21 7.21 7.21 7.21
5.81 5.49 5.28 5.41 4.61 4.31 6.10 5.32 4.98 4.79 6.00 5.90 5.90 5.15 4.81 5.00 4.49 4.55 3.97 3.84 4.77 5.42 6.12 3.59 3.81 3.43 3.56 3.61 2.89 3.29 3.29 2.61 2.66 3.21 5.23 6.21 7.12 8.88 7.32 5.82 7.21 7.50 6.72 6.71 6.72 6.27 6.39 6.69 6.37 6.55 6.93 7.17 7.13 7.19 7.30 7.12 6.55 6.09 5.68 5.40 4.97 4.56 5.11 5.84 5.83 6.12 6.54 6.67 6.67 6.67 7.21 7.21 7.21 7.21 7.21 7.21 7.21
5.50 5.18 5.36 5.62 3.44 4.37 5.15 4.66 4.50 4.70 5.44 5.35 5.44 4.75 5.46 5.18 4.77 4.10 3.68 3.31 3.91 4.23 4.25 3.69 3.18 3.33 3.10 3.39 3.00 3.12 2.54 1.92 2.72 4.12 5.67 7.37 8.06 8.90 7.96 6.72 7.45 8.33 7.18 6.34 6.68 6.32 6.58 7.44 7.24 6.78 6.93 7.17 6.60 6.88 7.61 7.10 6.68 6.29 5.38 5.46 5.69 4.91 4.44 5.07 5.62 5.76 5.83 6.17 6.17 6.17 6.17 6.17 7.21 7.21 7.21 7.21 7.21
4.70 4.79 5.60 5.23 3.63 4.12 5.16 4.64 4.54 5.29 5.29 5.73 4.94 5.44 5.65 4.91 4.57 3.92 3.47 3.99 4.26 3.81 3.21 3.44 3.35 3.65 2.78 3.39 3.33 3.82 2.48 2.01 4.03 6.36 6.13 7.26 8.17 8.80 8.30 7.50 8.25 9.03 7.22 6.48 7.05 6.59 6.90 7.64 7.61 7.40 7.35 7.12 6.66 6.24 6.95 7.35 7.07 6.17 5.32 5.71 6.13 5.45 4.76 4.68 5.30 5.80 6.08 6.17 6.17 6.17 6.17 6.17 6.17 6.17 6.17 7.21 7.21
5.09 5.53 4.66 4.68 4.26 4.74 5.40 4.82 5.04 5.45 5.12 4.68 5.12 5.24 5.07 5.07 5.39 4.69 5.73 4.33 3.84 3.85 3.08 3.71 3.85 3.34 3.06 3.82 4.01 2.88 2.16 2.72 4.83 5.37 7.34 8.67 8.87 8.30 8.09 7.68 8.13 8.23 7.14 7.06 7.14 6.43 6.41 7.09 7.60 7.95 7.58 6.94 6.48 6.37 6.79 7.10 6.88 5.86 5.24 5.49 6.13 5.71 5.26 5.00 5.32 5.81 6.22 6.22 6.22 6.17 6.17 6.17 6.17 6.17 6.17 6.17 6.17
5.26 5.18 4.94 4.79 4.46 4.40 5.21 5.13 5.51 5.19 5.73 4.45 5.03 5.09 4.46 4.65 5.00 6.38 5.94 4.97 4.64 3.98 3.56 4.24 3.59 2.68 3.46 4.77 4.31 3.58 3.21 3.37 4.73 6.94 7.59 8.71 8.11 7.69 7.64 7.39 7.11 6.82 6.82 7.30 7.11 6.77 6.84 6.70 6.93 6.95 6.71 7.09 7.21 7.15 7.20 7.05 6.65 5.56 5.12 5.45 5.59 5.45 5.34 5.43 5.60 5.94 6.16 6.16 6.16 6.16 6.16 6.17 6.17 6.17 6.17 6.17 6.17
4.65 4.26 4.57 5.25 4.75 4.16 4.59 4.92 6.00 4.74 5.21 4.39 4.51 5.09 4.63 5.09 5.57 5.94 4.92 4.41 2.92 3.59 4.39 4.39 2.37 3.06 3.92 4.30 3.68 3.37 4.31 3.76 5.13 8.07 8.23 7.97 7.91 7.76 6.94 6.99 7.06 7.18 7.47 7.14 7.07 7.13 6.78 6.97 7.00 6.43 6.59 7.16 7.00 7.21 7.39 6.99 6.09 4.96 4.83 5.45 5.77 5.39 5.32 5.79 5.87 5.99 6.16 6.16 6.16 6.16 6.16 6.16 6.16 6.16 6.17 6.17 6.17
3.93 2.78 3.36 4.89 4.83 3.95 4.61 3.94 4.51 5.08 3.89 4.15 3.82 4.75 5.40 6.21 5.56 5.59 5.06 3.54 2.70 3.49 4.12 2.36 3.42 4.14 3.57 3.86 3.21 4.50 4.98 4.43 5.82 7.61 8.08 5.80 7.79 7.55 6.00 6.58 7.44 7.17 6.93 7.16 6.99 7.39 7.40 7.58 7.05 6.65 7.32 7.05 6.12 7.00 7.30 7.14 6.42 4.57 3.91 5.30 6.13 5.54 5.02 5.41 5.73 5.67 5.67 5.67 6.16 6.16 6.16 6.16 6.16 6.16 6.16 6.16 6.16
3.41 2.65 4.01 5.05 4.44 4.16 4.49 3.99 3.64 4.43 3.40 2.76 3.91 6.58 6.97 6.71 5.77 5.67 5.11 3.38 3.46 4.41 2.12 2.92 4.61 3.71 3.42 3.69 4.30 5.01 4.74 5.98 7.22 8.02 6.86 5.90 6.47 7.27 6.66 6.80 7.69 7.36 6.74 6.84 6.75 6.85 7.00 7.56 7.82 7.59 7.25 6.85 6.70 6.57 6.54 6.85 6.80 4.90 3.81 4.53 5.84 5.84 5.56 5.48 5.48 5.44 5.44 5.44 5.44 5.44 6.16 6.16 6.16 6.16 6.16 6.16 6.16
3.93 3.10 4.59 5.42 4.35 3.60 3.87 3.92 3.63 3.15 2.82 3.29 3.90 7.10 7.55 6.76 6.35 6.06 5.38 4.19 4.84 2.95 3.30 5.41 4.12 2.24 3.52 4.94 5.88 4.16 4.79 6.76 7.30 8.19 7.58 6.82 6.20 7.22 7.07 7.22 6.63 7.01 8.05 7.89 7.27 7.06 6.95 7.63 7.78 7.52 6.93 7.32 7.36 7.26 7.35 7.30 6.59 5.47 4.62 4.49 5.19 5.58 5.65 5.67 5.78 5.44 5.44 5.44 5.44 5.44 5.44 5.44 5.44 6.16 6.16 6.16 6.16
3.90 3.49 3.88 4.47 3.73 3.63 3.44 3.39 3.01 2.68 3.11 3.84 4.42 7.80 8.74 6.20 6.57 5.96 5.80 5.65 4.88 4.44 4.77 5.06 3.39 3.11 4.46 5.32 4.34 4.25 6.08 6.91 6.49 7.81 8.28 6.52 6.03 6.56 7.30 7.03 6.53 6.90 7.42 8.13 8.05 7.75 7.09 7.16 7.82 7.26 6.87 6.98 7.14 7.25 7.66 7.85 7.06 5.52 4.53 5.05 5.54 4.99 5.06 5.43 5.34 5.34 5.34 5.44 5.44 5.44 5.44 5.44 5.44 5.44 5.44 5.44 6.16
3.46 3.38 4.12 4.52 2.95 3.27 3.52 3.43 2.54 1.78 3.42 4.47 6.23 8.89 8.92 6.92 6.34 6.52 7.33 6.04 4.72 4.49 5.47 4.88 4.10 4.48 4.96 4.93 3.81 4.54 6.79 7.67 7.37 7.95 8.09 6.44 5.67 6.57 6.95 6.90 7.37 7.57 7.38 7.55 7.87 7.79 7.87 7.62 7.67 7.70 7.38 7.13 6.56 6.76 7.16 7.02 6.65 6.50 5.36 4.77 5.21 5.35 5.23 5.55 5.34 5.34 5.34 5.34 5.34 5.44 5.44 5.44 5.44 5.44 5.44 5.44 6.16
4.40 4.16 4.01 3.84 3.84 3.51 3.16 2.99 2.37 2.87 4.46 6.09 7.58 8.78 8.80 8.43 7.70 6.98 6.67 6.94 7.08 6.41 5.99 5.05 4.67 5.16 4.21 4.17 4.79 5.76 6.95 7.81 7.25 7.07 7.11 6.37 6.36 6.72 7.31 6.70 6.85 7.62 7.49 7.70 8.11 7.99 7.55 7.56 7.28 7.08 7.37 7.25 6.95 7.05 7.38 7.28 6.57 6.39 6.25 5.61 5.21 4.94 5.11 5.73 5.73 5.21 5.21 5.21 5.21 5.21 5.21 5.21 5.44 5.44 5.44 5.44 6.16
4.48 5.16 4.22 4.15 3.91 4.38 4.21 3.87 3.55 3.98 6.44 7.31 8.03 8.71 8.57 7.57 7.38 7.27 6.32 6.15 7.14 6.85 5.79 5.87 6.16 4.57 4.40 5.28 6.64 6.97 7.72 8.50 7.13 6.46 6.70 6.36 6.37 6.68 6.74 6.25 6.75 7.67 7.57 7.66 8.33 8.36 8.18 7.82 7.00 6.86 7.08 7.29 6.99 6.92 7.17 7.36 6.60 6.21 6.63 6.63 6.07 5.23 4.28 4.86 5.21 5.21 5.21 5.21 5.21 5.21 5.69 5.69 5.69 5.69 5.69 5.69 6.16
5.94 4.56 4.64 4.42 4.21 3.76 3.17 3.85 4.69 5.29 6.40 7.99 8.56 8.59 8.39 7.22 6.82 7.23 6.86 6.55 5.70 5.55 5.64 6.06 4.93 3.93 4.52 6.10 6.83 7.28 7.52 8.01 6.98 6.05 6.51 6.52 6.20 6.23 6.15 6.30 7.16 7.78 7.06 7.34 7.89 8.37 8.23 8.11 7.88 7.34 7.12 6.84 6.45 6.50 6.46 6.92 6.66 6.17 6.57 6.65 6.54 5.76 4.61 4.48 4.99 4.99 4.99 5.69 5.69 5.69 5.69 5.69 5.69 5.69 5.69 5.69 6.16
5.44 6.05 5.50 5.00 5.07 4.05 3.71 4.55 4.06 5.57 7.29 8.42 8.59 8.74 8.39 7.50 7.08 6.74 7.00 6.33 4.61 4.78 5.82 5.39 3.74 4.17 4.87 6.06 7.59 7.51 6.70 7.31 7.43 6.78 6.61 5.83 5.27 5.76 6.13 6.64 7.24 7.18 7.42 7.62 7.79 7.99 8.01 8.25 7.79 7.39 6.80 6.43 5.89 6.18 6.43 6.71 6.61 6.17 6.32 6.79 6.35 6.07 5.36 4.90 4.99 5.69 5.69 5.69 5.69 5.69 5.69 5.69 5.69 5.69 5.69 5.69 6.16
7.10 7.21 7.15 5.94 5.58 4.27 5.20 5.44 5.01 5.53 6.96 8.24 8.55 8.83 8.54 8.09 7.34 7.21 6.22 5.10 4.62 5.66 6.27 4.06 3.53 4.52 5.26 6.88 7.48 6.92 6.04 7.01 7.06 6.67 5.97 5.46 5.65 6.06 5.44 6.03 6.72 6.76 6.95 7.51 8.06 8.25 7.94 8.10 7.83 7.06 6.34 6.14 6.04 6.31 6.50 6.80 6.41 6.16 6.19 6.24 6.34 6.27 6.00 5.30 5.30 5.69 5.69 5.69 5.69 5.69 5.69 5.69 5.69 5.69 5.69 5.69 99999.90
7.42 6.99 7.49 6.89 6.21 6.34 7.05 6.93 5.52 6.06 6.74 7.93 7.72 7.40 7.39 7.28 7.81 7.59 5.51 4.88 5.47 4.44 4.07 4.01 4.18 5.34 5.81 6.11 6.93 6.44 5.68 6.67 6.53 5.74 5.95 5.58 5.93 5.99 5.81 6.03 5.88 5.77 6.19 7.10 7.78 8.15 8.43 7.80 7.18 6.96 6.52 6.31 6.31 6.20 6.52 6.49 6.30 6.40 6.16 5.77 6.45 6.41 6.07 5.95 5.93 5.73 5.73 5.73 5.73 5.73 5.73 5.73 5.73 5.73 5.73 5.73 99999.90
