main/data/irradiance/20.01.2023.grid
ncols 839
nrows 679
xllcenter 112.0500
yllcenter -43.9500
cellsize 0.0500
nodata_value 99999.90
[rows 476 to 509 of 679, columns 616 to 692 of 839]
28.56 27.97 28.19 27.80 28.19 28.65 28.73 28.88 28.66 29.52 28.86 29.54 29.13 29.21 28.73 28.43 28.51 28.47 28.60 28.73 28.96 28.62 27.97 28.36 29.04 28.67 28.26 28.34 28.20 28.02 27.75 28.33 28.93 28.40 28.67 29.08 28.78 28.89 28.95 29.46 28.93 28.07 27.57 27.53 26.91 26.47 26.71 27.20 26.90 27.29 27.78 28.05 28.07 27.99 28.86 27.83 28.08 27.75 28.02 28.04 26.35 27.21 26.19 26.85 26.79 26.13 26.98 27.69 27.52 26.81 27.47 27.88 27.02 27.75 27.67 26.54 27.52
28.25 28.83 29.81 28.68 27.99 27.32 26.93 27.01 27.83 28.29 28.78 29.14 28.29 28.88 28.78 28.85 28.89 28.71 28.30 28.28 28.30 28.41 28.26 27.78 28.67 28.92 29.00 28.69 28.69 28.54 28.60 29.32 28.94 27.89 28.65 28.86 27.88 28.74 28.51 26.77 27.02 25.91 26.54 26.83 25.65 26.27 26.23 26.77 27.92 27.45 28.08 27.46 28.07 27.43 27.99 27.16 27.27 26.48 26.93 27.67 27.07 26.19 27.73 28.02 27.47 27.76 27.40 27.91 27.68 27.20 27.87 26.35 26.95 26.73 26.70 25.74 26.98
27.45 28.52 29.44 28.95 28.65 28.45 28.53 28.99 28.49 27.96 28.16 28.43 27.74 27.94 28.88 29.31 29.06 29.01 28.37 28.07 27.99 28.34 28.66 28.30 28.12 27.53 27.78 28.24 28.61 28.98 28.52 28.43 28.12 28.57 28.45 28.32 28.51 28.67 29.44 28.85 27.87 26.39 25.89 26.84 25.80 26.96 25.86 26.22 28.04 27.03 27.86 28.25 26.13 26.30 27.27 26.79 26.10 27.95 27.71 27.58 27.62 27.47 27.99 27.87 27.62 28.52 28.32 28.03 27.40 27.93 28.46 25.80 26.68 26.95 26.01 26.87 26.55
27.95 28.05 28.54 28.67 28.95 29.44 29.04 28.84 29.15 28.90 29.16 28.39 28.09 29.12 28.85 28.45 28.70 28.20 28.41 28.69 28.41 28.53 28.66 28.85 28.57 28.40 28.16 28.16 27.96 27.50 27.88 28.54 28.86 28.07 28.58 29.63 29.82 29.85 29.55 29.03 28.70 26.71 25.81 25.39 25.93 25.95 25.17 26.74 27.11 27.14 26.59 26.76 27.88 27.54 27.33 27.29 27.30 27.91 26.64 26.85 28.05 27.22 29.32 28.04 27.93 27.63 26.43 28.57 27.87 27.06 26.94 28.00 27.12 26.39 26.46 27.74 26.44
29.07 28.38 28.86 28.62 28.66 28.24 28.12 27.99 28.66 29.03 29.07 28.51 29.02 28.96 28.62 28.57 28.40 28.55 28.31 28.78 28.65 28.32 28.82 28.69 28.17 28.63 28.54 28.42 28.34 28.45 29.17 29.49 29.20 28.26 29.17 29.59 30.07 30.42 29.58 28.37 27.53 27.32 26.56 26.33 27.39 26.65 26.25 27.11 26.81 27.04 25.89 26.09 26.90 27.09 28.35 27.08 28.10 26.71 27.24 27.85 28.56 26.26 26.84 27.23 25.99 26.46 27.66 27.45 26.26 26.76 26.83 27.11 27.36 28.37 26.22 26.54 26.80
28.50 28.70 28.87 28.74 28.22 28.56 28.56 27.83 28.60 29.02 29.37 29.33 29.77 29.20 28.65 28.42 28.05 28.09 28.52 28.53 28.30 28.45 28.11 28.22 27.76 27.68 28.21 28.23 27.78 28.46 28.38 28.21 28.55 29.40 29.19 29.34 29.34 29.37 28.83 27.02 25.81 26.95 26.29 26.40 27.06 27.52 26.26 25.96 26.90 27.21 26.33 27.41 27.42 26.98 27.23 26.81 28.13 25.66 26.38 26.70 26.33 26.03 26.61 26.49 25.56 25.73 26.54 28.71 27.29 28.15 27.09 28.17 27.75 26.29 27.06 24.59 24.76
28.69 28.64 28.21 27.24 27.95 28.18 28.62 28.48 28.65 28.43 28.85 28.92 29.27 29.12 28.87 28.89 28.75 28.31 28.24 29.20 29.14 29.25 28.78 28.24 29.04 28.36 28.38 28.58 28.81 28.78 28.41 29.04 29.41 29.12 29.72 29.61 28.90 27.53 26.83 27.63 25.64 25.30 26.79 26.53 28.04 26.75 27.93 27.75 27.27 26.94 28.08 26.88 26.26 25.71 27.36 27.65 28.52 28.13 27.93 27.19 27.41 26.85 28.82 26.59 26.60 26.85 26.23 26.83 26.72 27.21 27.50 27.26 27.68 28.50 27.32 27.23 25.36
29.26 28.84 28.72 28.21 28.49 28.39 28.34 28.46 28.52 28.90 29.16 28.86 28.88 28.82 29.29 29.38 29.28 28.72 28.46 28.80 28.90 29.23 29.19 28.45 28.84 29.13 28.71 28.41 28.87 28.95 28.91 29.16 29.01 29.71 29.70 29.63 28.07 27.11 27.11 26.60 26.43 26.69 27.08 27.56 28.12 27.96 27.06 27.74 26.96 27.28 27.99 27.08 27.30 27.78 27.76 28.31 28.60 28.84 30.00 29.36 27.45 28.17 28.49 27.04 27.36 25.60 26.27 25.83 28.19 26.98 27.67 27.84 27.75 26.85 27.86 27.89 27.21
28.64 28.91 28.51 28.64 29.50 29.30 29.55 29.24 29.21 29.36 29.39 29.40 29.13 29.27 29.35 29.53 29.21 29.28 28.97 28.36 29.34 29.88 29.92 29.61 29.14 28.71 29.31 29.28 29.20 29.06 29.17 29.11 28.78 28.92 28.50 28.14 27.01 26.68 26.48 27.14 27.36 27.96 28.07 28.22 27.06 26.51 26.86 27.59 28.06 27.53 27.41 27.87 28.29 26.24 27.84 27.54 28.28 28.29 28.68 28.09 28.33 28.43 28.64 27.43 27.30 28.73 29.45 26.25 26.37 26.96 27.83 27.08 26.67 27.17 28.05 26.95 27.40
27.83 27.57 27.48 27.52 27.88 28.11 28.39 28.22 28.05 28.14 28.43 29.14 29.28 29.13 28.85 28.95 29.15 29.68 29.19 28.85 29.60 29.81 29.86 29.50 28.81 27.89 28.75 29.04 29.50 29.07 29.14 28.51 28.08 28.79 27.62 26.93 26.55 27.22 27.73 28.11 27.94 28.25 28.58 27.60 26.97 27.15 26.71 26.96 25.68 27.42 27.64 26.71 28.43 28.22 27.94 28.36 27.79 28.32 28.10 29.55 28.32 27.78 28.31 27.91 28.78 28.96 29.40 26.46 25.84 26.53 25.63 26.65 26.24 27.56 27.13 27.00 27.09
28.18 27.90 27.97 27.86 28.80 29.05 28.77 28.63 28.75 28.19 27.59 28.21 28.61 28.41 28.52 28.49 29.10 29.64 29.55 29.45 29.34 29.29 29.43 29.12 28.67 27.94 28.02 28.60 29.16 28.50 28.37 28.98 28.31 27.70 27.00 26.78 26.43 27.98 28.11 28.43 28.54 28.25 28.17 26.29 26.95 26.31 26.70 27.28 27.50 27.37 27.00 25.66 26.78 26.76 26.93 28.30 27.76 29.12 29.97 29.62 29.21 28.81 29.65 29.69 30.02 29.31 29.40 27.01 27.40 26.73 26.42 25.48 25.57 26.22 25.78 26.85 25.95
28.01 28.49 28.85 28.62 28.79 29.27 28.63 28.32 28.60 28.52 28.17 28.54 28.87 28.50 28.39 27.79 28.96 29.81 28.88 28.97 28.50 28.27 28.43 28.48 28.97 28.36 27.78 27.95 26.99 27.47 28.27 27.59 27.39 27.64 26.16 26.06 27.29 28.05 27.33 28.06 27.23 28.41 27.22 27.74 27.89 27.43 27.55 28.03 27.65 27.03 25.94 25.85 26.20 27.73 27.86 28.58 28.38 28.89 29.97 29.18 29.29 29.58 30.16 29.84 29.75 29.16 27.07 27.45 28.02 25.60 28.02 27.17 26.17 27.02 26.11 26.06 26.43
28.98 29.10 27.94 27.72 28.21 28.75 29.17 29.25 28.73 28.66 28.14 28.56 28.90 28.60 28.34 28.03 28.54 28.98 29.01 29.02 28.16 27.62 27.12 27.69 28.09 27.98 27.37 27.28 26.87 24.72 25.09 25.21 24.62 25.35 26.03 26.53 27.53 27.13 26.96 26.97 27.03 27.34 26.61 27.96 27.75 28.50 28.37 28.11 27.88 26.69 27.31 27.18 27.43 27.78 27.22 27.73 27.04 28.32 28.68 28.99 29.17 29.49 29.62 30.09 29.87 28.74 28.52 28.35 26.21 27.99 24.85 24.86 25.80 26.69 26.73 27.01 27.36
27.15 27.87 27.54 27.50 27.78 28.33 28.63 29.08 29.43 28.62 27.40 27.90 27.68 27.49 27.79 28.09 28.23 27.78 27.89 28.24 28.25 27.87 28.08 27.94 28.00 28.19 27.90 26.69 26.71 26.42 25.95 27.36 26.99 27.56 26.26 26.81 26.68 26.65 27.16 26.81 27.91 26.99 27.14 28.23 28.02 28.80 27.53 28.08 27.87 27.90 28.06 28.99 28.39 28.32 28.95 27.78 28.28 27.71 28.02 27.79 27.85 29.19 29.15 29.63 29.12 29.60 29.21 25.91 27.39 27.93 24.91 26.82 25.99 26.44 25.79 27.32 27.19
25.72 27.32 27.59 27.55 28.12 28.61 27.93 27.73 28.05 28.16 28.27 28.13 27.87 27.69 27.47 28.07 27.43 27.33 27.55 28.39 29.05 28.72 28.48 27.95 27.68 27.70 27.26 26.42 27.39 27.24 27.19 28.20 28.25 28.26 27.27 27.17 27.92 28.54 27.12 26.51 27.62 27.70 26.86 27.80 27.99 27.69 27.87 28.47 28.55 27.91 29.09 29.44 29.99 28.73 28.51 28.30 28.53 28.05 28.29 28.84 28.60 29.33 28.86 28.26 28.30 28.21 26.30 26.46 28.92 28.69 28.64 27.87 25.96 27.12 26.47 27.04 26.85
25.14 25.75 27.85 28.46 27.95 27.98 27.71 27.28 26.83 27.55 28.05 28.30 28.56 28.18 27.63 27.78 27.44 27.90 28.20 27.31 27.64 27.56 27.45 27.75 27.56 27.52 27.10 28.14 27.34 27.84 28.21 27.80 27.97 28.64 28.91 29.03 27.35 26.75 26.62 26.41 27.22 27.16 27.34 27.49 27.98 28.00 28.52 28.24 27.53 27.90 26.90 28.05 28.28 27.50 27.22 26.92 28.37 28.79 29.16 29.41 29.23 29.61 28.15 29.05 28.25 28.34 29.08 29.13 28.87 28.14 28.58 26.53 26.48 26.83 28.14 28.24 26.71
25.78 25.34 26.87 27.30 26.44 26.34 26.19 26.01 26.84 28.35 28.90 28.76 28.25 27.75 27.35 27.65 27.36 27.59 27.67 27.42 27.50 27.00 27.43 26.93 27.86 27.38 28.42 28.28 27.83 26.48 27.11 27.43 25.99 26.51 26.52 27.06 26.18 26.38 26.65 26.82 27.91 27.37 27.54 27.57 27.23 27.97 27.75 27.77 26.54 27.48 26.68 26.69 25.98 26.57 27.45 27.54 27.05 27.73 28.66 28.27 28.81 28.74 29.99 29.35 29.83 30.05 30.00 29.76 29.50 29.32 28.20 26.52 28.48 28.29 27.75 27.63 27.67
26.08 25.49 25.43 26.61 26.89 26.59 26.41 25.86 27.48 27.49 28.08 28.38 28.24 28.23 27.99 28.27 27.33 26.82 27.49 27.14 27.55 27.44 27.14 27.42 27.78 27.00 27.74 28.26 28.97 27.92 27.48 27.44 26.33 25.44 25.65 26.42 27.20 27.12 26.84 27.54 27.97 27.97 28.65 29.07 27.99 27.92 27.41 27.54 27.32 27.52 26.56 26.51 26.05 25.21 26.67 27.74 27.65 28.29 29.60 28.38 29.25 29.00 28.64 28.87 29.09 29.29 27.17 27.55 28.34 27.93 27.98 28.33 27.91 27.74 27.97 28.41 27.92
27.43 27.60 27.81 27.99 27.90 27.30 28.06 27.70 26.99 28.17 28.37 27.73 28.13 28.11 28.61 28.61 27.24 27.27 27.48 27.27 27.34 28.16 27.44 27.34 27.55 26.89 27.55 26.69 26.23 27.56 26.78 26.53 26.70 27.21 26.84 26.89 27.36 26.87 27.21 27.52 28.18 28.47 27.52 28.00 27.60 27.80 27.15 28.16 28.00 27.91 27.20 26.91 26.95 26.04 26.34 27.20 27.63 28.21 26.90 27.60 28.12 27.78 27.95 28.74 27.22 27.47 26.74 26.14 28.60 28.70 28.58 29.18 28.75 27.52 28.02 26.63 24.82
27.60 27.12 28.11 27.68 27.56 28.39 27.46 27.73 27.45 26.94 27.77 27.71 28.00 28.41 27.45 27.55 27.98 27.78 27.20 27.50 26.91 27.20 28.04 27.55 27.39 27.52 27.82 28.20 27.23 28.55 27.32 27.19 27.47 27.22 26.51 27.62 26.41 26.61 27.08 27.11 27.16 28.37 27.32 27.59 27.35 26.99 27.41 27.12 28.53 28.83 27.72 27.89 28.09 27.50 28.29 27.08 25.48 26.07 26.37 27.88 28.36 26.90 27.23 28.90 26.46 27.24 26.98 26.30 28.99 29.42 26.42 28.37 29.46 29.22 27.40 27.91 27.87
26.07 26.16 26.92 27.44 27.20 28.18 28.17 27.76 28.49 28.77 27.63 26.77 27.26 27.62 27.41 27.73 27.90 27.24 27.33 27.82 27.87 27.79 28.24 28.05 27.52 27.54 27.23 27.21 27.48 28.38 27.25 26.20 26.85 27.51 27.61 27.37 26.40 26.78 26.51 26.36 27.03 26.33 27.08 27.81 27.20 26.38 27.35 26.59 26.37 27.29 28.11 29.05 29.03 29.07 28.95 28.14 26.28 27.06 28.06 27.88 29.60 29.09 30.00 29.79 28.35 26.75 26.37 25.95 26.52 27.62 26.10 28.32 25.83 27.68 28.21 28.80 27.13
27.40 27.40 26.24 26.51 26.95 27.88 27.98 27.30 28.32 28.26 27.79 27.57 26.64 27.69 28.88 28.49 28.17 27.78 27.29 27.58 27.78 27.66 27.68 27.61 27.77 27.74 27.66 27.05 27.10 27.08 26.95 28.00 27.55 26.70 26.89 27.03 27.46 26.75 26.94 26.90 27.07 28.16 26.59 27.44 26.10 26.73 26.43 27.28 26.97 27.27 26.96 26.85 27.82 27.38 26.97 26.65 26.61 25.83 27.50 28.32 28.48 28.63 29.68 27.39 26.40 27.72 26.04 26.55 28.30 26.72 26.80 27.08 26.55 27.10 27.58 27.74 26.25
28.25 27.52 27.21 26.04 25.88 26.05 27.96 27.40 28.30 28.01 28.59 27.80 27.71 26.87 27.89 27.68 28.21 28.48 27.85 28.25 27.57 27.29 27.36 27.09 26.87 27.20 26.50 27.20 26.24 27.01 27.06 26.78 26.69 27.30 28.00 27.94 27.72 26.71 26.88 28.04 28.11 28.39 27.68 27.64 26.61 27.67 27.17 27.13 28.16 27.05 26.73 25.68 25.50 26.54 24.25 25.95 26.21 27.11 27.54 29.52 27.84 28.34 28.88 26.78 26.02 27.29 27.25 27.66 28.01 26.37 25.80 26.65 27.62 26.92 26.12 25.76 27.03
27.73 27.71 28.22 27.67 27.77 27.61 27.96 27.38 27.67 27.39 27.79 27.67 28.43 27.44 27.32 27.66 28.11 28.58 28.75 28.16 27.75 27.41 27.35 27.32 27.09 26.76 26.58 26.72 26.84 26.98 27.64 26.12 26.82 26.68 26.74 26.90 26.46 27.70 27.32 26.79 26.84 26.69 27.79 27.42 27.09 27.63 26.44 26.60 26.77 26.73 27.31 25.84 25.88 25.68 24.63 24.48 26.01 26.51 25.25 26.95 27.39 27.93 28.55 24.62 27.74 27.31 26.32 27.94 27.45 26.83 26.69 25.25 25.47 26.44 26.22 26.61 27.16
28.17 27.90 28.31 27.93 28.10 27.57 27.90 27.77 28.16 28.54 28.03 26.90 27.12 28.59 27.89 27.10 27.93 28.68 28.41 28.39 27.40 27.63 27.60 26.91 26.73 27.14 26.88 26.44 26.89 27.30 27.42 26.81 26.40 26.08 27.72 27.10 26.48 26.07 26.43 26.69 26.86 27.38 26.69 26.38 27.28 26.97 26.57 24.00 25.34 27.52 26.84 25.30 27.07 26.90 26.13 25.89 27.14 26.80 26.32 27.84 26.64 27.41 28.54 27.41 26.98 26.98 27.80 25.66 26.51 28.02 27.15 26.66 25.85 25.96 27.44 25.22 25.56
28.41 27.86 27.32 27.97 27.87 28.11 28.34 28.38 28.15 28.89 29.23 28.29 27.33 26.71 27.86 27.22 27.72 28.70 28.88 28.34 28.46 28.22 28.27 27.67 26.74 26.50 26.73 27.18 26.75 26.99 27.48 26.67 26.43 26.95 26.75 27.04 28.16 27.82 26.58 26.86 26.48 26.83 26.54 26.68 26.23 25.59 26.50 26.60 27.08 27.83 27.19 26.62 27.09 26.34 26.81 26.24 26.68 26.81 27.82 27.41 27.54 26.57 28.54 28.54 28.24 27.99 27.20 26.60 28.23 29.01 28.79 25.91 25.92 27.70 26.22 26.88 27.75
28.89 28.67 28.88 28.35 28.45 28.07 28.01 28.61 28.66 29.09 29.54 28.92 28.44 28.60 28.44 27.92 28.29 28.46 28.03 27.91 28.55 27.58 27.83 28.29 27.99 27.87 26.87 26.42 25.47 26.25 26.72 27.31 26.32 26.84 26.80 27.29 27.36 26.53 25.96 26.05 27.05 26.33 25.14 24.73 25.38 25.70 26.42 25.61 27.44 27.04 26.85 26.59 26.56 26.89 26.60 27.41 26.02 26.83 26.95 26.64 27.47 28.08 27.79 28.05 27.69 27.41 27.56 26.97 27.74 28.46 27.44 25.95 28.79 27.40 26.78 27.29 28.38
28.35 28.78 29.06 28.73 28.00 27.78 28.16 28.21 28.17 28.38 29.21 28.80 29.06 29.10 28.86 28.12 27.65 28.60 28.17 27.76 27.91 27.37 27.56 27.58 27.93 28.05 28.04 26.86 27.32 27.49 26.90 26.37 26.10 27.54 26.11 26.86 27.62 26.60 26.54 25.85 25.41 24.92 23.94 24.73 25.59 24.77 25.72 26.20 26.43 27.00 26.54 26.76 27.52 28.36 28.19 29.22 28.32 28.19 27.72 26.32 26.84 27.42 26.07 27.91 27.57 26.94 25.95 26.80 26.62 27.97 27.57 28.54 29.26 28.59 27.95 27.65 27.90
26.60 28.10 28.30 28.52 27.74 28.40 27.72 27.83 28.09 28.24 28.73 28.47 29.05 29.12 28.85 28.91 28.64 28.65 29.10 28.54 27.60 28.15 28.67 28.46 28.46 29.04 28.49 28.42 27.95 26.73 26.78 27.34 27.02 26.35 26.74 27.95 27.49 26.57 26.95 27.36 25.56 25.58 25.20 25.36 25.67 26.15 25.49 27.76 27.71 27.47 27.07 28.00 28.22 28.70 29.43 29.98 28.81 26.22 26.63 27.12 26.89 27.00 27.96 28.48 27.84 28.63 27.82 26.63 28.68 29.31 29.81 29.68 28.79 27.96 26.89 27.58 28.75
26.60 27.92 26.19 28.14 28.28 28.51 28.70 29.14 28.20 28.43 28.45 28.25 28.17 28.59 28.63 29.16 29.04 28.78 28.88 28.45 27.40 27.61 28.99 28.85 28.34 28.36 28.34 27.62 27.78 27.65 28.06 27.87 27.50 26.77 26.42 26.19 27.41 27.21 27.31 26.34 26.26 26.62 27.11 27.12 27.37 27.35 27.37 27.44 27.73 27.19 28.03 28.81 28.08 29.38 28.44 28.12 29.09 27.76 26.39 27.59 27.23 28.38 29.07 28.52 28.18 29.67 29.26 27.48 27.76 28.96 30.36 29.81 29.01 28.77 28.15 26.97 26.91
23.18 28.21 28.29 28.12 28.32 28.37 27.75 28.19 28.62 28.04 27.65 27.97 27.82 27.86 28.38 28.49 27.92 28.52 28.25 28.55 27.58 27.21 27.52 28.02 28.06 28.94 28.10 27.85 27.48 27.92 27.53 27.59 28.38 27.71 27.24 26.09 26.56 27.28 27.35 27.75 27.79 28.08 27.14 27.80 27.14 27.77 27.56 27.99 26.11 27.30 28.10 28.92 29.21 29.48 28.35 27.90 28.02 27.61 27.57 29.17 28.03 28.21 29.59 29.72 30.12 29.82 30.13 28.29 28.17 28.73 29.44 29.41 28.33 27.22 29.20 27.17 26.98
21.28 27.25 27.50 27.97 27.81 27.20 26.94 27.37 28.35 28.16 27.73 28.04 28.90 28.57 28.17 28.85 28.62 28.17 28.37 28.70 28.59 28.74 27.79 27.76 28.42 28.67 28.58 27.26 27.65 27.95 27.74 27.98 27.51 29.00 28.35 27.36 26.61 26.66 27.84 28.33 28.29 28.68 28.10 27.34 28.03 28.17 27.69 27.55 27.13 28.15 28.34 28.88 28.77 29.31 29.38 28.69 28.62 28.14 27.83 28.62 29.20 27.53 28.18 28.55 29.06 27.77 28.21 28.71 28.79 27.95 29.10 28.20 26.62 28.69 28.10 26.73 27.28
24.95 28.09 28.07 28.74 28.14 27.19 27.31 26.47 28.03 28.40 27.90 28.00 28.20 27.60 28.24 28.96 29.38 29.11 28.87 28.61 28.12 29.07 29.30 28.39 27.45 27.82 27.70 28.17 28.53 27.81 28.60 28.53 28.33 28.13 28.25 28.54 28.47 28.41 27.07 27.66 27.54 28.40 27.62 27.46 27.55 27.97 27.69 27.89 27.97 27.52 28.75 29.02 28.91 29.54 29.35 29.24 28.93 29.17 28.57 29.50 29.14 27.24 28.17 27.47 27.94 28.50 28.83 28.76 29.30 28.12 29.60 29.23 28.19 27.28 28.13 27.83 28.03
28.30 28.65 28.86 28.64 28.46 28.09 27.12 26.98 28.04 27.21 27.26 28.25 27.93 27.82 28.18 28.59 29.06 29.29 29.62 28.62 28.00 28.53 29.20 28.12 28.30 27.53 27.10 27.82 28.25 28.35 28.60 28.37 27.56 27.90 28.47 27.83 27.85 28.19 29.08 28.69 28.14 27.61 27.69 27.17 27.95 27.57 27.54 28.46 28.29 28.67 29.18 29.39 28.17 28.92 28.76 28.76 28.26 28.38 28.56 28.87 28.26 28.07 28.15 28.84 28.70 28.34 28.24 29.00 27.47 28.88 28.59 28.49 28.16 27.53 28.12 28.16 28.30
