main/data/irradiance/20.01.2023.grid
ncols 839
nrows 679
xllcenter 112.0500
yllcenter -43.9500
cellsize 0.0500
nodata_value 99999.90
[rows 442 to 475 of 679, columns 77 to 153 of 839]
29.55 28.43 28.45 27.05 27.39 27.78 27.23 27.45 27.01 26.17 27.96 27.99 28.00 28.19 28.62 27.99 27.47 27.54 27.77 27.57 28.02 27.42 26.19 26.60 26.86 26.60 25.82 27.23 25.95 26.51 26.90 26.70 26.45 26.36 26.23 26.52 26.52 26.30 26.52 25.80 26.36 26.82 26.75 26.62 27.39 27.04 26.96 27.57 26.89 26.80 26.49 26.62 26.75 26.78 25.47 26.66 26.57 26.95 27.14 26.68 27.11 26.21 26.86 26.67 25.74 27.64 26.80 27.85 27.09 27.82 27.22 27.29 28.35 27.61 28.06 28.14 28.67
28.99 27.98 28.86 28.69 27.25 27.73 27.00 26.89 28.24 26.98 28.50 27.84 26.90 28.49 28.32 27.89 26.56 27.01 26.80 27.84 28.22 27.86 26.53 26.85 26.09 25.81 25.45 26.10 25.45 26.57 26.56 26.98 27.00 26.92 25.58 25.73 26.92 27.03 26.43 26.38 25.29 27.10 27.14 27.07 27.25 26.26 25.76 25.35 24.51 25.78 24.40 26.14 26.19 27.07 25.94 26.96 26.01 25.71 25.51 25.14 26.75 25.97 24.52 26.16 26.23 27.53 26.47 27.54 26.45 29.27 27.70 29.12 27.97 28.64 27.37 28.42 28.15
29.38 27.58 28.54 28.96 27.21 28.25 27.59 28.34 28.73 28.02 28.56 28.53 28.48 27.68 27.59 27.56 27.38 27.82 27.50 27.86 27.35 27.22 26.87 26.53 27.25 26.06 25.98 25.23 24.80 25.59 25.59 26.17 25.93 24.67 27.02 26.58 26.84 27.63 27.99 27.85 26.91 27.38 26.75 27.38 25.64 24.99 25.94 26.62 26.35 25.92 25.59 25.79 25.32 24.77 23.65 26.40 26.30 26.18 26.06 25.45 26.45 26.22 25.35 25.95 26.29 26.77 26.38 27.73 27.59 27.70 27.35 29.25 27.90 28.11 27.44 28.26 27.24
29.22 28.42 28.26 28.13 28.70 28.22 27.07 27.74 26.80 27.49 27.49 26.08 26.97 27.23 27.39 26.79 26.69 27.77 27.67 28.52 27.41 26.42 27.39 26.74 27.65 27.18 26.23 26.51 25.64 25.40 26.08 25.96 25.55 25.87 27.45 27.12 26.00 26.73 26.77 26.86 27.05 26.77 27.18 26.84 25.52 25.32 26.36 25.79 27.48 26.96 26.23 24.85 24.82 24.98 24.16 25.10 25.40 24.93 26.54 25.19 26.36 25.57 27.27 26.35 27.53 28.16 26.79 27.65 28.71 27.70 26.71 27.86 26.86 28.12 28.37 27.42 28.46
29.30 28.86 29.00 28.95 28.73 28.73 28.40 27.38 27.51 28.08 28.65 28.53 27.97 27.37 27.71 27.38 28.49 28.15 28.55 28.16 28.00 27.55 27.36 28.02 26.98 27.71 26.60 25.91 26.11 25.22 26.87 25.20 24.66 24.20 25.30 27.27 26.45 27.47 26.42 27.94 26.98 26.96 27.11 25.40 26.07 26.09 27.17 25.32 26.91 25.03 24.76 24.59 22.96 24.19 23.79 24.18 24.21 25.27 25.65 26.11 26.14 25.98 27.27 27.12 28.28 27.47 28.18 25.91 27.03 27.04 27.62 27.76 28.65 26.36 29.45 25.71 28.92
29.61 28.56 29.25 28.38 28.88 28.66 28.37 28.68 28.52 28.78 28.21 29.17 29.44 28.34 27.85 28.54 28.59 28.31 28.43 27.81 27.67 28.78 27.10 27.58 28.63 28.26 27.37 26.43 26.61 26.23 25.87 26.06 25.82 26.31 26.15 27.00 27.70 26.71 27.61 26.45 25.91 26.82 26.47 25.55 26.00 25.68 26.71 25.33 24.38 23.91 24.01 22.60 24.21 24.27 24.18 23.90 25.36 24.57 25.41 24.55 26.13 24.64 28.04 26.52 27.95 28.04 26.77 26.79 26.55 26.59 29.15 27.74 29.34 26.21 27.83 26.94 28.74
28.39 27.99 29.74 29.18 28.89 28.53 28.35 28.29 28.70 29.06 28.65 28.76 29.16 28.84 27.56 28.93 28.78 28.47 27.80 28.71 27.64 28.46 26.65 27.12 27.97 27.21 27.30 25.82 26.54 27.14 26.77 26.96 26.94 26.49 26.13 26.67 27.30 27.12 26.51 27.14 26.75 26.72 25.97 26.23 25.71 26.36 27.00 24.16 23.62 23.38 24.21 24.16 23.30 24.74 23.94 25.09 24.99 25.48 25.70 25.73 27.18 25.53 27.61 27.15 27.39 26.81 28.01 27.48 27.74 25.68 28.81 27.94 29.07 27.62 28.52 27.31 28.87
28.40 28.25 29.53 29.11 29.49 29.81 28.38 28.01 29.21 29.62 27.67 28.61 27.75 28.76 28.06 28.43 28.59 27.78 27.58 27.84 27.70 28.01 27.72 28.08 27.26 26.44 26.62 27.94 25.82 27.20 26.12 26.35 26.81 26.86 27.15 26.05 26.48 26.64 26.01 27.02 26.57 25.61 26.57 26.07 25.80 27.26 26.44 24.85 23.59 23.31 23.02 23.49 23.36 25.56 24.37 26.90 25.95 26.52 26.69 26.81 27.75 26.85 27.95 26.96 27.82 28.11 26.35 27.44 28.34 28.02 28.29 28.11 29.12 28.26 29.33 28.09 27.82
28.09 27.99 29.49 29.15 28.72 29.07 28.14 27.62 28.99 28.89 27.58 28.65 26.90 27.58 28.98 28.70 27.85 26.08 26.37 26.24 26.73 28.11 26.41 27.37 27.41 27.16 26.96 27.19 28.04 27.97 26.93 26.52 26.76 26.97 26.65 26.33 25.83 26.26 25.97 26.02 26.00 25.51 26.11 25.26 26.27 26.24 25.36 24.55 24.73 24.39 24.54 25.41 24.54 24.85 26.39 26.97 25.91 26.28 25.68 27.05 27.55 27.40 27.22 28.47 26.86 27.50 26.32 26.19 27.96 28.28 27.97 28.61 29.10 28.30 28.47 28.80 28.48
28.54 28.65 29.40 29.41 28.42 28.33 28.52 27.55 27.16 28.21 28.16 27.60 27.38 27.74 27.72 27.95 27.69 26.22 27.08 26.44 27.93 28.60 28.14 27.69 27.65 26.54 26.27 25.41 26.22 27.05 26.87 26.57 26.83 26.72 26.14 26.94 26.64 25.95 26.46 26.77 24.78 25.72 24.63 26.46 25.02 26.32 24.66 26.42 25.11 25.55 25.16 24.47 25.46 25.46 25.24 26.96 26.67 27.07 26.61 27.61 27.16 27.85 26.62 26.25 26.29 26.21 25.76 27.08 26.32 28.53 28.76 27.92 28.61 27.33 29.06 27.46 28.76
28.45 28.91 29.42 29.08 28.79 28.13 28.09 28.45 27.74 28.05 27.91 28.38 28.03 27.96 27.60 27.60 27.25 28.20 27.15 26.89 27.17 27.49 27.06 27.96 27.27 26.97 26.82 26.52 26.65 27.60 27.38 27.34 26.15 26.21 25.84 26.82 25.84 26.70 25.94 25.13 24.72 24.46 25.66 26.06 26.63 27.24 25.45 25.84 26.04 23.79 25.90 25.23 25.97 24.63 24.54 27.53 26.53 28.03 26.97 28.21 26.62 27.05 26.58 26.71 25.56 26.19 24.84 26.85 24.76 27.00 26.21 27.39 27.44 27.80 28.26 27.01 28.98
27.11 28.61 29.09 28.79 27.96 27.49 28.09 28.06 28.11 27.68 27.65 28.84 27.39 28.50 27.73 27.65 28.19 28.40 28.21 28.04 28.22 27.95 28.44 27.79 27.65 28.02 26.93 26.31 27.23 27.89 26.60 27.02 27.11 26.56 25.36 25.70 25.50 25.28 24.06 23.23 25.33 24.28 26.10 26.09 26.85 26.00 26.87 26.49 25.92 25.60 25.51 25.61 24.19 25.36 24.41 27.34 24.80 26.83 25.51 27.27 25.97 26.96 25.73 26.95 25.53 26.33 24.37 27.80 25.80 26.89 26.32 26.67 27.44 25.89 27.89 27.74 27.74
27.87 27.68 28.14 28.30 27.57 28.39 28.63 28.92 28.49 27.77 28.81 27.85 28.76 27.94 28.83 28.44 28.20 28.58 27.91 28.55 29.24 29.01 28.62 27.98 27.88 28.20 26.30 26.54 27.08 27.69 27.21 26.31 25.92 26.65 25.97 25.36 24.91 24.09 25.65 23.79 25.60 24.92 27.80 25.40 27.02 25.99 26.23 26.16 25.93 26.30 26.06 25.68 24.82 26.54 25.18 27.16 26.07 26.83 26.12 27.36 26.23 26.85 25.08 26.79 24.99 27.61 25.09 27.88 26.88 27.62 26.31 26.57 27.23 26.48 28.17 27.76 28.08
26.62 27.81 28.21 26.84 27.65 27.25 27.98 28.25 27.93 28.06 28.16 28.58 27.90 28.67 28.91 28.21 27.67 28.58 28.06 27.50 28.59 28.36 28.21 28.54 27.36 27.41 27.05 27.24 26.66 26.68 26.20 27.01 25.25 25.90 25.53 24.30 25.73 22.91 24.94 24.92 26.50 26.83 27.91 26.64 26.69 26.52 25.62 27.07 27.01 26.81 26.78 26.82 25.34 26.30 26.71 26.88 26.01 27.06 26.87 26.16 25.32 26.11 26.22 26.93 27.61 25.95 27.12 26.42 26.28 27.41 27.35 28.41 27.24 27.40 25.96 26.79 27.04
26.70 28.25 29.16 28.95 28.07 28.39 28.59 29.13 28.54 28.37 28.79 27.90 28.51 28.92 28.17 27.67 27.48 27.39 27.47 27.00 27.91 27.77 28.61 27.72 27.57 27.61 26.64 26.67 26.71 27.30 25.99 26.04 25.49 25.61 25.33 24.12 25.87 24.34 24.63 24.40 25.99 26.95 26.67 26.75 26.40 26.16 25.98 26.75 26.26 25.96 26.08 25.57 25.83 25.50 26.09 26.37 26.21 25.83 26.84 25.78 25.01 26.05 25.03 26.19 27.40 25.47 28.06 26.37 28.53 26.88 26.78 28.61 27.22 28.41 27.53 27.40 28.09
27.30 29.46 29.74 29.53 29.12 28.76 28.51 28.21 28.35 28.55 28.87 28.77 27.79 28.06 27.70 27.38 27.64 28.38 28.28 27.13 27.57 27.67 28.28 26.71 27.46 27.59 27.12 26.18 25.73 26.85 26.43 25.88 25.22 26.44 26.64 25.46 26.13 26.00 25.45 26.32 25.20 27.01 25.41 27.29 26.17 26.52 26.80 25.91 26.79 24.86 26.59 26.84 25.22 25.12 26.09 25.03 25.52 26.41 27.34 25.99 25.39 25.64 24.37 27.07 27.12 26.64 28.03 27.53 26.94 27.28 27.41 26.48 28.48 26.91 28.02 27.44 28.00
27.64 28.61 29.01 29.79 29.38 28.49 28.43 28.13 28.63 28.25 28.31 28.56 28.77 28.47 28.24 27.78 27.64 28.06 27.76 27.52 28.07 27.33 27.52 27.56 27.19 27.16 26.53 26.57 27.20 26.58 27.15 26.20 27.06 26.66 26.90 26.02 26.54 25.51 27.09 25.84 26.03 26.44 26.22 26.64 25.97 26.08 26.78 26.31 26.90 24.82 26.82 25.66 26.55 25.76 27.33 25.76 26.63 27.42 27.07 27.16 27.05 26.95 26.03 28.44 26.23 28.88 28.65 28.31 26.91 28.18 26.20 27.05 27.59 26.19 27.82 26.94 28.18
28.15 28.76 29.50 29.64 30.01 29.28 28.80 28.72 28.81 28.75 28.02 27.47 28.74 28.84 27.10 27.58 27.75 27.80 28.21 27.34 27.43 27.66 27.37 27.31 27.30 27.17 25.59 26.22 27.21 27.55 27.06 26.07 26.41 24.94 27.09 26.21 27.14 25.97 26.12 25.87 25.69 25.44 26.90 27.52 26.88 25.59 27.47 26.40 26.55 26.51 26.66 26.14 25.91 26.41 27.59 27.07 27.49 26.26 26.60 27.85 25.53 27.42 27.00 28.23 26.43 28.51 26.98 27.53 26.80 28.45 27.32 26.58 26.93 28.62 27.59 28.90 28.67
28.49 29.45 29.51 29.02 29.55 28.95 28.71 28.60 28.98 28.72 28.54 28.38 28.19 27.49 26.98 28.04 27.72 27.77 27.90 27.43 26.92 28.09 28.39 27.10 27.60 27.80 27.70 27.72 28.07 27.70 27.92 27.36 26.57 26.19 26.66 26.94 27.36 27.04 26.61 27.49 25.41 26.59 26.83 26.59 26.96 26.55 27.59 25.04 26.33 27.03 25.85 25.97 25.86 26.10 26.26 27.16 26.54 27.64 26.50 27.47 26.50 27.69 25.79 27.57 26.81 27.55 27.62 27.12 27.72 27.47 28.15 27.32 28.31 27.81 27.58 28.25 28.18
27.62 28.78 29.11 28.71 29.24 29.21 28.37 28.23 28.64 29.27 28.97 28.84 28.21 28.31 27.32 28.05 27.03 27.46 26.47 27.92 27.92 27.90 28.15 27.28 27.40 27.27 28.72 27.23 28.14 27.06 27.07 26.49 26.65 25.72 25.47 27.46 26.03 27.07 26.58 26.34 26.48 26.40 27.00 25.82 27.18 27.19 25.86 25.70 27.61 26.06 27.00 28.02 26.90 26.98 25.18 27.11 27.62 28.18 27.78 27.26 27.23 26.82 29.34 27.16 28.40 27.26 27.09 28.64 28.05 28.16 29.08 28.67 28.72 27.55 27.36 28.40 28.61
27.17 29.03 29.12 28.37 28.52 28.87 28.70 28.22 28.22 28.59 27.85 28.29 28.21 26.69 27.71 27.08 26.72 27.31 27.39 26.91 27.38 27.36 27.02 27.44 28.01 26.79 28.04 27.28 26.67 26.82 26.43 27.02 26.38 26.87 26.22 25.72 26.60 25.97 25.24 25.86 26.91 26.19 25.49 26.22 25.50 26.46 25.69 25.99 25.87 24.75 26.80 27.46 26.53 26.70 26.33 27.50 26.07 28.36 28.30 27.29 28.54 27.27 28.02 26.93 28.47 28.07 27.37 27.66 27.36 28.77 28.14 28.46 28.19 29.17 27.75 28.27 28.33
27.52 29.24 28.92 28.69 28.51 28.00 28.08 27.96 27.46 27.51 27.32 28.18 28.70 28.06 28.53 26.75 27.33 27.45 27.20 27.63 27.59 26.67 27.37 26.71 26.98 26.31 26.63 26.01 26.28 26.79 26.17 26.39 26.86 26.55 25.78 26.55 25.16 25.50 25.13 27.41 26.03 25.70 27.33 26.71 26.04 26.14 25.76 26.92 25.84 23.97 26.22 27.24 27.46 27.51 26.99 27.74 27.50 26.89 27.91 26.84 28.49 27.60 27.56 26.33 27.62 28.39 27.39 28.81 27.86 28.11 28.25 28.75 29.02 29.14 28.65 29.81 28.48
27.59 28.06 28.96 28.67 28.59 28.78 27.84 28.19 28.07 27.92 27.11 28.20 28.56 28.52 27.60 27.54 27.99 28.12 27.14 28.08 28.39 27.54 27.95 27.24 26.41 26.22 24.69 25.51 25.66 26.96 26.09 26.76 26.39 26.52 27.26 26.71 25.16 25.18 24.83 25.73 26.10 26.76 27.12 26.73 26.11 26.51 26.54 27.35 26.80 27.97 24.97 27.28 26.34 26.49 27.10 26.54 28.45 26.67 27.97 27.40 29.10 28.26 27.84 27.00 28.90 27.55 26.99 28.54 26.79 27.82 27.61 29.23 28.43 28.95 29.65 29.38 30.24
27.98 29.19 27.51 27.90 29.07 28.76 28.19 28.19 27.70 27.81 27.09 27.90 28.01 26.77 28.09 27.67 27.92 27.63 27.28 27.73 26.67 26.58 25.59 25.32 26.50 25.84 25.99 25.60 26.61 26.48 26.95 26.27 27.72 27.82 27.77 27.77 26.44 25.82 25.69 25.47 26.03 25.76 26.44 26.16 26.21 27.05 25.33 27.53 26.49 26.57 26.38 26.84 27.22 27.82 27.35 26.90 27.39 27.06 27.30 27.00 27.55 27.59 27.89 29.12 28.55 27.51 28.04 28.04 28.48 27.64 28.79 29.38 28.23 29.19 29.49 29.72 28.91
28.60 29.36 28.12 27.72 28.30 28.30 27.79 27.08 26.97 27.42 27.75 28.06 27.92 27.98 27.89 27.18 26.92 26.72 27.43 26.92 27.48 27.39 27.58 26.06 25.92 25.44 26.31 25.81 26.64 27.59 27.98 27.16 27.17 28.34 27.93 28.31 27.60 25.80 26.76 26.27 26.29 26.27 27.07 26.17 27.31 26.48 26.47 25.96 26.31 26.86 26.34 27.13 27.92 26.39 28.11 26.48 27.43 25.59 26.95 27.26 28.34 27.28 27.73 29.06 29.07 27.95 28.08 27.25 27.97 28.74 28.40 29.03 29.19 29.57 29.61 29.15 29.83
28.45 28.51 28.87 28.99 27.97 28.25 26.97 27.96 27.79 27.15 27.37 26.66 26.93 27.46 28.91 28.05 26.97 26.46 26.87 25.90 25.82 26.12 27.04 26.34 26.62 26.58 26.99 27.24 26.94 28.34 28.58 28.59 28.32 27.79 28.51 28.01 27.91 26.75 27.67 26.71 27.39 25.65 27.50 25.68 27.79 26.23 27.77 25.44 25.26 26.61 27.94 27.68 28.35 27.25 28.03 27.36 27.39 26.22 27.62 27.54 28.21 28.18 27.20 28.23 27.39 27.72 28.08 28.18 27.66 28.50 28.97 28.82 28.58 29.56 28.62 29.65 29.10
28.62 28.63 28.48 28.21 28.66 27.56 27.74 28.58 27.64 26.99 26.77 27.86 26.73 27.33 28.33 27.46 26.66 26.11 25.63 26.47 27.04 27.69 26.14 26.77 26.47 27.59 27.22 28.61 28.62 27.42 28.41 26.47 27.96 26.58 27.17 27.51 27.45 26.20 27.05 24.81 26.75 25.19 27.02 26.41 27.40 27.08 27.52 27.03 27.72 27.15 27.93 27.04 27.03 26.88 27.07 27.02 27.59 26.24 27.97 27.48 28.98 28.51 28.94 29.31 29.57 28.36 27.97 26.24 28.53 29.24 29.11 28.46 28.71 29.14 29.67 30.01 29.09
28.53 27.91 28.39 27.20 28.16 27.74 26.76 26.67 26.91 26.50 27.68 27.79 26.99 26.63 27.78 26.79 26.90 26.94 26.59 27.03 28.33 28.41 27.24 26.44 27.96 27.41 28.25 26.52 28.40 27.00 27.28 27.25 26.61 27.12 27.87 27.32 27.19 26.56 27.12 26.22 26.64 26.78 26.83 25.54 27.53 27.23 27.07 27.13 27.22 27.78 27.20 27.76 26.29 26.85 27.52 26.17 27.77 25.90 27.34 27.58 29.13 28.70 29.76 29.12 30.33 28.63 29.50 29.59 30.22 29.13 29.88 29.82 30.07 29.16 28.57 30.01 30.09
27.20 28.26 27.68 28.34 27.15 28.00 27.88 27.62 26.89 26.29 27.50 27.83 27.82 28.00 26.07 25.61 26.45 26.83 26.97 26.58 28.56 28.02 28.07 27.91 27.88 26.99 27.53 27.06 27.36 25.88 26.73 26.45 26.64 26.68 27.13 27.48 26.56 26.27 26.04 26.36 26.06 25.54 26.31 25.64 27.53 27.51 27.34 27.37 27.30 27.95 29.74 26.87 26.42 27.03 25.94 26.52 27.35 25.87 27.95 27.67 28.99 28.36 29.96 29.02 30.30 29.59 29.76 30.00 29.70 29.88 30.01 29.30 29.13 29.36 29.31 29.53 29.64
27.43 26.92 27.73 27.38 27.13 26.07 26.86 25.96 26.97 27.39 27.40 26.97 27.78 27.90 27.41 26.34 27.37 26.69 27.36 27.63 27.06 27.82 27.45 27.65 26.35 26.68 27.53 26.63 27.32 26.73 27.78 28.26 26.77 27.17 26.78 26.06 26.37 26.94 24.75 26.52 25.40 26.29 24.88 26.76 26.45 28.07 27.69 27.72 26.53 28.27 27.12 27.75 26.07 26.17 26.91 27.58 26.99 27.55 27.74 29.09 28.37 29.26 29.48 29.53 29.84 29.77 29.95 30.42 30.18 29.96 29.41 29.54 29.26 29.59 29.69 29.57 29.28
27.11 27.36 27.61 26.94 27.12 27.19 27.59 28.57 28.69 27.67 27.25 26.71 27.34 27.22 27.70 27.39 26.89 26.73 26.75 27.08 27.01 26.88 27.24 26.67 26.82 26.51 27.27 27.21 26.22 27.29 27.23 27.66 26.41 27.47 26.66 27.50 25.19 26.38 25.39 27.10 25.01 27.20 25.93 27.08 27.28 28.12 28.15 26.44 27.21 27.83 28.47 28.93 28.08 28.77 27.78 27.86 27.78 28.32 28.56 28.96 28.47 29.48 28.80 29.88 29.69 30.22 30.13 29.86 30.39 29.41 29.54 29.40 29.51 29.73 29.84 30.04 29.85
27.41 27.86 27.13 26.61 27.08 27.71 28.13 28.13 27.98 28.64 27.98 27.48 27.47 27.38 26.15 27.24 27.60 26.95 26.41 26.94 26.80 26.36 26.43 26.93 25.98 26.05 26.02 28.03 26.52 27.29 26.87 27.81 25.83 27.94 27.30 27.37 26.75 26.98 26.07 26.83 26.47 26.65 27.23 27.39 27.53 27.57 27.48 27.26 27.45 27.85 27.62 28.25 27.61 27.59 28.87 27.80 27.96 28.95 28.57 28.83 28.97 29.60 29.84 29.86 29.87 30.06 29.89 29.49 29.89 29.67 30.00 29.99 29.68 29.57 30.17 30.11 30.07
26.50 27.43 27.37 26.94 25.99 26.65 27.88 27.44 28.07 26.96 26.33 26.60 26.50 26.97 26.96 25.96 26.78 26.19 26.66 27.20 27.35 26.56 26.69 27.20 25.84 26.38 25.46 26.57 26.87 28.11 26.55 27.91 26.62 28.23 26.30 25.93 25.36 26.15 26.82 26.65 26.53 26.89 27.79 27.54 27.24 27.85 27.28 28.20 27.74 28.16 27.40 28.04 28.10 29.18 29.59 29.50 29.14 28.99 28.55 28.48 28.49 29.75 30.00 29.17 29.99 29.63 29.40 29.60 29.69 29.85 30.10 30.07 30.05 30.21 30.24 30.60 30.51
27.46 27.00 27.85 27.42 26.81 27.34 26.77 28.24 27.60 27.35 26.95 26.33 26.61 27.39 26.04 26.63 26.31 25.80 25.29 26.17 24.95 26.58 25.25 27.01 25.35 27.15 25.65 27.01 25.58 26.56 25.98 27.72 26.97 27.48 27.00 26.52 26.02 26.04 26.22 26.50 26.24 27.58 27.26 27.88 28.10 27.95 28.59 28.72 28.55 28.01 28.13 29.01 28.62 28.82 29.09 29.25 28.98 29.32 29.27 29.11 29.50 29.79 30.28 29.53 29.80 29.75 29.54 30.26 29.59 29.81 29.64 29.99 30.43 30.51 30.48 30.53 30.53
