main/data/irradiance/20.07.2023.grid
ncols 839
nrows 679
xllcenter 112.0500
yllcenter -43.9500
cellsize 0.0500
nodata_value 99999.90
[rows 340 to 373 of 679, columns 539 to 615 of 839]
15.34 15.34 15.32 15.28 15.31 15.38 15.35 15.35 15.32 15.27 15.30 15.37 15.33 15.36 15.25 15.23 15.26 15.29 15.29 15.31 15.09 14.77 14.90 15.04 15.07 15.20 15.22 14.73 15.36 14.94 15.11 14.72 14.61 14.84 14.89 14.80 14.97 14.67 14.58 14.73 14.61 14.26 14.20 14.04 13.85 13.44 13.44 13.71 13.52 13.39 13.17 13.14 13.34 13.05 13.16 13.14 12.80 12.63 12.20 12.07 12.32 12.45 12.57 12.45 12.63 12.59 12.30 12.37 12.57 12.46 12.22 12.31 12.26 12.16 12.16 12.27 12.30
15.29 15.35 15.32 15.30 15.30 15.33 15.31 15.29 15.35 15.35 15.36 15.39 15.39 15.36 15.36 15.39 15.33 15.29 15.27 15.25 15.19 15.18 15.36 14.94 14.94 15.21 15.02 14.92 15.18 15.22 15.20 15.19 15.04 14.90 14.96 14.78 14.74 14.64 14.87 14.70 14.58 14.49 14.40 14.15 14.42 13.46 13.61 13.52 13.54 13.34 13.16 13.08 13.17 12.92 12.81 12.75 12.75 12.64 12.56 12.12 12.39 12.55 12.49 12.57 12.47 12.52 12.45 12.52 12.60 12.65 12.58 12.52 12.39 12.22 12.14 12.26 12.28
15.29 15.34 15.29 15.25 15.31 15.28 15.22 15.28 15.35 15.35 15.38 15.39 15.37 15.37 15.29 15.38 15.36 15.36 15.33 15.25 15.31 15.14 15.12 14.84 14.69 14.71 15.06 15.14 14.79 15.10 15.09 14.97 14.98 14.88 14.97 14.84 14.83 14.65 14.89 14.60 14.60 14.45 14.32 14.21 14.05 13.68 13.69 13.56 13.47 13.40 13.42 13.23 13.24 13.18 13.06 13.02 12.91 12.84 12.37 12.18 12.46 12.56 12.59 12.52 12.72 12.60 12.46 12.26 12.39 12.67 12.64 12.53 12.34 12.47 12.25 12.26 12.24
15.28 15.30 15.30 15.29 15.30 15.26 15.27 15.30 15.36 15.36 15.35 15.35 15.37 15.28 15.34 15.35 15.36 15.24 15.31 15.20 15.26 15.09 15.07 14.94 15.12 15.17 15.15 15.32 14.98 15.36 15.15 14.74 14.73 14.54 14.74 14.86 14.87 15.00 14.85 14.85 14.72 14.72 14.33 14.53 14.41 14.17 13.99 14.11 13.97 13.41 13.54 13.43 13.40 13.27 13.14 12.98 12.89 12.92 12.63 12.57 12.62 12.74 13.09 12.63 12.71 12.70 12.47 12.45 12.47 12.66 12.60 12.65 12.55 12.42 12.49 12.35 12.32
15.27 15.28 15.29 15.29 15.29 15.25 15.24 15.30 15.34 15.35 15.35 15.36 15.37 15.39 15.36 15.36 15.33 15.30 15.31 15.33 15.19 15.24 15.21 15.12 14.88 15.29 15.05 15.09 14.95 15.27 15.15 14.98 15.03 15.00 14.67 14.89 14.71 14.96 14.78 14.89 14.78 14.69 14.65 14.35 14.60 14.31 14.16 13.91 14.01 13.63 13.54 13.29 13.41 13.33 13.29 13.05 13.17 12.97 12.94 12.55 12.70 12.49 12.95 12.83 12.65 12.58 12.62 12.26 12.26 12.38 12.48 12.52 12.63 12.58 12.63 12.53 12.52
15.26 15.27 15.25 15.25 15.25 15.22 15.29 15.32 15.30 15.33 15.34 15.33 15.35 15.37 15.32 15.33 15.33 15.27 15.28 15.20 15.26 15.21 15.25 14.95 15.15 15.05 15.14 15.16 14.89 15.00 15.08 14.90 15.01 15.08 15.13 14.77 14.65 14.91 14.84 14.98 14.85 14.76 14.56 14.41 14.42 14.50 14.18 14.20 14.17 13.84 13.50 13.26 13.15 13.40 13.55 13.20 13.12 13.20 13.05 12.76 12.45 12.59 12.84 12.91 13.00 12.87 12.65 12.53 12.51 12.47 12.53 12.63 12.59 12.53 12.72 12.68 12.60
15.25 15.26 15.22 15.23 15.26 15.23 15.23 15.26 15.29 15.28 15.32 15.34 15.34 15.29 15.31 15.32 15.32 15.32 15.28 15.27 15.21 15.22 15.26 15.06 15.17 15.13 15.08 15.05 14.93 14.94 15.09 14.99 14.98 14.97 14.77 14.80 14.61 14.76 14.76 14.90 14.76 14.58 14.67 14.60 14.77 14.41 14.37 14.26 13.85 13.62 13.37 13.16 13.08 13.31 13.19 13.22 13.23 13.25 13.12 12.96 12.80 12.82 13.17 13.06 13.13 13.09 12.96 12.87 12.74 12.65 12.51 12.42 12.47 12.31 12.47 12.65 12.52
15.24 15.22 15.23 15.24 15.23 15.24 15.22 15.16 15.25 15.24 15.26 15.31 15.32 15.28 15.27 15.25 15.28 15.28 15.25 15.25 15.25 15.22 15.16 14.96 15.16 15.19 15.17 15.20 15.07 15.23 14.90 15.28 14.86 15.08 15.10 14.98 15.05 14.78 14.57 14.87 14.38 14.59 14.92 14.57 14.71 14.38 14.49 14.01 13.70 13.70 13.43 13.23 13.30 13.12 12.98 13.13 13.45 13.37 13.19 12.84 12.63 12.89 13.28 13.02 13.17 13.05 13.17 12.93 13.05 12.71 12.54 12.52 12.39 12.25 12.39 12.42 12.57
15.22 15.19 15.21 15.23 15.22 15.21 15.19 15.22 15.23 15.19 15.28 15.28 15.24 15.23 15.22 15.20 15.24 15.26 15.19 15.17 15.20 15.17 15.23 15.20 15.16 15.22 15.10 15.10 14.91 14.86 15.12 15.05 15.18 14.92 14.90 14.77 14.95 14.86 14.75 14.83 14.98 14.74 14.59 14.47 14.33 13.92 14.08 13.90 14.12 13.92 13.35 13.25 12.96 13.06 13.10 13.49 13.50 13.26 13.10 12.73 12.60 13.04 13.07 13.23 13.12 13.17 13.23 13.34 13.08 12.99 12.67 12.64 12.50 12.60 12.58 12.60 12.62
15.19 15.19 15.19 15.22 15.21 15.21 15.22 15.22 15.22 15.24 15.26 15.26 15.23 15.24 15.26 15.22 15.17 15.15 15.21 15.18 15.20 15.23 15.16 15.20 15.16 15.20 15.10 15.24 15.19 15.11 15.03 15.07 14.93 14.61 15.04 15.01 14.98 14.61 14.98 15.00 14.79 14.70 14.77 14.35 14.34 14.30 14.37 14.26 14.27 13.89 13.71 13.53 13.26 13.30 13.14 13.30 13.14 13.07 13.07 12.76 12.81 12.98 13.38 13.37 13.50 13.43 13.47 13.43 13.32 13.30 13.13 12.86 12.66 12.66 12.57 12.36 12.43
15.16 15.17 15.17 15.19 15.19 15.19 15.20 15.20 15.20 15.14 15.17 15.19 15.22 15.21 15.24 15.22 15.19 15.18 15.19 15.19 15.22 15.20 15.09 15.17 15.10 15.15 15.11 15.10 15.04 15.12 15.16 15.16 14.98 14.87 15.08 14.85 14.71 14.79 14.86 14.80 14.79 14.82 14.82 14.34 14.45 13.99 14.01 14.16 14.21 13.62 13.81 13.47 13.51 13.69 13.50 13.23 13.26 13.10 13.03 13.00 12.98 13.05 13.37 13.56 13.75 13.74 13.69 13.62 13.55 13.28 13.19 13.05 13.04 12.93 12.82 12.50 12.62
15.15 15.13 15.16 15.18 15.17 15.17 15.18 15.18 15.18 15.19 15.21 15.19 15.21 15.21 15.20 15.17 15.20 15.18 15.19 15.16 15.16 15.22 15.12 15.07 15.02 15.05 15.01 15.04 15.01 15.04 15.09 14.90 15.00 14.68 14.99 14.93 14.90 14.76 14.88 14.76 14.79 14.67 14.59 14.40 14.17 14.33 14.02 13.92 14.44 13.33 13.39 13.55 13.50 13.18 13.23 13.46 13.08 12.79 13.01 13.07 13.22 13.18 13.36 13.48 13.70 13.90 13.66 13.72 13.65 13.47 13.41 13.20 13.17 13.13 13.00 12.70 12.51
15.08 15.09 15.15 15.15 15.13 15.14 15.16 15.18 15.17 15.13 15.17 15.12 15.20 15.18 15.18 15.17 15.17 15.17 15.13 15.14 15.17 15.20 15.02 14.97 15.01 14.98 15.01 15.03 15.02 15.10 15.06 15.02 15.01 15.01 14.93 14.96 14.84 14.98 14.56 14.88 14.64 14.62 14.48 14.63 14.15 14.06 14.23 13.89 14.22 13.99 13.98 13.56 13.24 13.33 13.28 13.00 13.12 13.14 13.10 13.34 13.45 12.98 13.21 13.32 13.60 13.61 13.59 13.54 13.61 13.62 13.54 13.36 13.26 13.22 12.97 12.84 12.63
15.08 15.08 15.11 15.12 15.11 15.12 15.14 15.16 15.01 15.18 15.17 15.16 15.16 15.15 15.15 15.16 15.14 15.15 15.16 15.13 14.95 15.13 14.93 14.96 14.93 14.97 15.00 15.03 15.01 15.03 14.97 14.97 15.04 15.06 14.96 14.83 14.68 14.93 14.97 14.68 14.90 14.93 14.43 14.86 14.53 14.31 14.08 14.17 14.03 13.99 13.83 13.60 13.47 13.49 13.33 13.40 13.52 13.62 13.64 13.79 13.28 12.90 13.20 13.41 13.48 13.50 13.51 13.59 13.61 13.63 13.54 13.48 13.33 13.22 13.07 13.14 13.00
15.07 15.08 15.11 15.09 15.10 15.11 15.12 15.15 15.17 15.15 15.15 15.11 15.13 15.13 15.12 15.14 15.13 15.13 15.14 15.16 15.04 14.96 15.03 15.05 15.00 14.87 14.89 14.89 14.89 14.91 14.88 14.93 14.95 15.01 15.03 15.00 14.96 14.82 14.83 14.85 14.91 14.96 15.02 14.55 14.65 14.52 14.40 13.84 14.24 13.99 13.62 14.01 13.55 13.21 13.44 13.76 13.62 13.77 13.68 13.34 13.00 13.03 13.35 13.54 13.43 13.53 13.58 13.75 13.67 13.62 13.53 13.56 13.45 13.45 13.27 13.04 12.96
15.06 15.05 15.07 15.05 15.07 15.08 15.10 15.14 15.08 15.11 15.08 15.11 15.09 15.09 15.10 15.10 15.10 15.10 15.11 15.14 15.11 14.89 14.90 14.96 14.93 14.86 14.80 14.82 14.90 14.96 14.95 14.90 15.06 14.81 14.87 14.96 14.97 14.98 14.81 14.88 14.89 14.79 14.88 14.81 14.81 14.73 14.79 14.49 14.33 14.06 13.57 13.66 13.51 13.69 13.50 13.17 13.36 13.47 13.20 13.07 12.95 13.33 13.52 13.61 13.45 13.45 13.68 13.58 13.62 13.72 13.61 13.55 13.43 13.46 13.44 13.27 13.02
15.04 15.04 15.05 15.04 15.04 15.06 15.06 15.10 15.09 15.09 15.07 15.08 15.05 15.06 15.03 15.08 15.07 15.07 15.08 15.10 15.09 14.93 14.87 14.98 14.98 14.96 14.84 14.74 14.77 14.89 14.96 14.82 14.79 14.81 14.77 14.99 14.86 14.67 14.78 14.83 14.80 14.94 14.66 14.95 14.65 14.68 14.60 14.80 14.26 14.50 13.88 13.80 13.67 13.60 13.36 13.20 13.50 13.26 13.15 13.13 13.19 13.26 13.55 13.76 13.79 13.51 13.59 13.66 13.65 13.76 13.65 13.53 13.41 13.47 13.48 13.49 13.40
15.03 15.02 15.03 15.03 15.04 15.06 15.06 15.07 15.06 15.05 15.04 15.03 15.01 15.02 15.03 15.04 15.05 15.05 15.05 15.06 15.07 14.98 14.85 14.77 14.84 14.91 14.84 14.75 14.79 14.86 14.86 14.81 14.91 14.76 14.89 14.96 14.86 14.89 14.95 14.78 14.78 14.83 14.61 14.93 14.76 14.76 14.78 14.76 14.44 14.46 14.10 13.89 13.98 13.79 13.45 13.25 13.34 13.65 13.66 13.41 13.31 13.49 13.55 13.56 13.78 13.68 13.75 13.70 13.77 13.75 13.73 13.48 13.42 13.37 13.38 13.47 13.46
15.02 15.01 15.01 15.02 15.02 15.04 15.05 15.03 15.02 15.02 15.01 15.00 14.99 15.00 15.00 15.01 15.03 15.04 15.03 15.01 15.03 15.03 14.99 14.85 14.73 14.74 14.81 14.78 14.76 14.85 14.88 14.80 14.77 14.73 14.79 14.68 14.93 14.80 14.77 14.91 14.82 14.61 14.80 14.66 14.86 14.75 14.95 14.66 14.73 14.45 14.63 14.03 14.20 13.75 13.64 13.39 13.52 13.44 13.46 13.62 13.57 13.76 13.48 13.49 13.82 13.74 13.72 13.75 13.84 13.78 13.78 13.70 13.63 13.44 13.37 13.36 13.45
14.99 14.98 15.00 14.99 15.00 15.02 15.01 14.98 14.99 14.98 14.98 14.96 14.97 14.98 14.97 14.98 15.00 15.01 15.01 14.98 14.90 14.97 14.96 14.87 14.69 14.65 14.70 14.74 14.69 14.73 14.66 14.90 14.81 14.69 14.62 14.65 14.74 14.78 14.76 14.79 14.84 14.76 14.75 14.85 14.68 14.75 14.77 14.77 14.91 14.49 14.71 14.56 14.16 13.87 13.98 13.50 13.36 13.74 13.45 13.55 13.61 13.71 13.74 13.59 13.47 13.64 13.77 13.81 13.79 13.77 13.82 13.68 13.58 13.67 13.68 13.60 13.53
14.95 14.96 14.97 14.97 14.98 14.99 14.98 14.96 14.97 14.96 14.96 14.95 14.95 14.96 14.95 14.95 14.97 14.98 14.99 15.01 14.97 14.94 14.98 14.97 14.86 14.71 14.62 14.75 14.75 14.70 14.69 14.71 14.84 14.68 14.53 14.66 14.60 14.51 14.64 14.69 14.87 14.85 14.77 14.58 14.65 14.53 14.55 14.67 14.82 14.66 14.73 14.65 14.45 14.15 14.15 13.96 13.71 13.70 13.57 13.71 13.92 13.75 13.72 13.67 13.58 13.75 13.53 13.74 13.73 13.68 13.76 13.72 13.56 13.78 13.72 13.64 13.69
14.96 14.95 14.94 14.94 14.96 14.98 14.97 14.96 14.94 14.93 14.93 14.95 14.94 14.92 14.94 14.93 14.94 14.96 14.96 14.98 14.97 14.92 14.96 14.98 14.95 14.85 14.76 14.62 14.74 14.74 14.75 14.69 14.68 14.69 14.53 14.53 14.45 14.41 14.55 14.60 14.63 14.60 14.65 14.65 14.78 14.41 14.49 14.39 14.70 14.66 14.77 14.78 14.68 14.47 14.31 14.16 14.06 13.97 13.72 13.86 13.99 14.10 13.77 13.82 13.97 13.84 13.81 13.55 13.64 13.68 13.71 13.79 13.68 13.72 13.54 13.68 13.70
14.92 14.93 14.91 14.90 14.91 14.91 14.94 14.93 14.91 14.91 14.88 14.89 14.92 14.92 14.91 14.90 14.90 14.91 14.93 14.94 14.94 14.92 14.89 14.92 14.93 14.89 14.80 14.69 14.59 14.77 14.74 14.64 14.64 14.50 14.42 14.45 14.42 14.36 14.46 14.43 14.46 14.62 14.67 14.60 14.50 14.47 14.18 14.59 14.51 14.55 14.50 14.76 14.47 14.63 14.48 14.44 14.44 14.17 14.00 13.99 14.06 13.98 13.83 13.68 13.69 13.84 13.88 13.55 13.55 13.68 13.78 13.82 13.82 13.87 13.72 13.50 13.53
14.90 14.89 14.90 14.90 14.89 14.87 14.88 14.87 14.90 14.89 14.87 14.82 14.82 14.88 14.87 14.89 14.89 14.89 14.89 14.92 14.93 14.93 14.90 14.87 14.91 14.88 14.83 14.74 14.65 14.58 14.83 14.75 14.56 14.62 14.56 14.49 14.27 14.40 14.28 14.43 14.43 14.57 14.47 14.40 14.25 14.59 14.42 14.41 14.64 14.66 14.53 14.55 14.47 14.75 14.69 14.62 14.47 14.08 13.99 14.13 14.21 13.89 13.95 13.71 13.69 13.75 13.79 13.37 13.54 13.63 13.66 13.76 13.85 13.78 13.83 13.54 13.54
14.86 14.85 14.86 14.87 14.86 14.85 14.85 14.87 14.87 14.88 14.87 14.85 14.82 14.79 14.79 14.84 14.87 14.86 14.86 14.89 14.91 14.91 14.92 14.89 14.87 14.89 14.84 14.74 14.73 14.64 14.64 14.82 14.69 14.71 14.59 14.48 14.46 14.45 14.37 14.32 14.45 14.55 14.56 14.43 14.46 14.50 14.52 14.39 14.48 14.44 14.56 14.51 14.56 14.52 14.26 14.60 14.69 14.33 14.34 14.11 14.19 14.08 13.85 13.86 13.42 13.49 13.48 13.56 13.61 13.67 13.78 13.69 13.79 13.73 13.76 13.77 13.71
14.83 14.83 14.82 14.82 14.84 14.83 14.83 14.85 14.85 14.85 14.84 14.85 14.85 14.77 14.76 14.71 14.74 14.84 14.84 14.87 14.87 14.89 14.90 14.89 14.78 14.81 14.87 14.76 14.68 14.67 14.56 14.58 14.76 14.69 14.59 14.49 14.49 14.41 14.41 14.35 14.39 14.42 14.44 14.58 14.49 14.67 14.58 14.58 14.34 14.67 14.39 14.43 14.40 14.48 14.34 14.50 14.57 14.63 14.68 14.10 13.95 14.12 13.93 14.11 13.65 13.75 13.51 13.80 13.70 13.70 13.74 13.53 13.51 13.57 13.66 13.79 13.72
14.79 14.80 14.80 14.79 14.80 14.82 14.80 14.80 14.80 14.82 14.81 14.81 14.81 14.79 14.74 14.62 14.62 14.71 14.76 14.83 14.84 14.85 14.86 14.84 14.81 14.77 14.76 14.81 14.74 14.72 14.61 14.46 14.53 14.59 14.52 14.51 14.44 14.56 14.36 14.39 14.49 14.45 14.26 14.56 14.53 14.57 14.33 14.39 14.60 14.66 14.58 14.71 14.50 14.48 14.58 14.36 14.16 14.51 14.57 14.25 14.15 13.99 14.02 14.23 14.07 13.85 13.39 13.30 13.51 13.56 13.61 13.46 13.42 13.33 13.49 13.70 13.76
14.80 14.78 14.77 14.77 14.79 14.78 14.56 14.62 14.75 14.78 14.79 14.80 14.81 14.76 14.73 14.61 14.56 14.55 14.56 14.69 14.81 14.82 14.83 14.82 14.80 14.78 14.74 14.76 14.76 14.69 14.58 14.53 14.53 14.50 14.60 14.50 14.52 14.53 14.42 14.61 14.39 14.44 14.45 14.35 14.34 14.44 14.55 14.41 14.55 14.47 14.69 14.62 14.41 14.47 14.59 14.41 14.31 14.28 14.37 14.49 14.47 14.28 13.85 13.80 14.01 13.76 13.55 13.31 13.64 13.60 13.44 13.55 13.16 13.24 13.43 13.63 13.67
14.75 14.75 14.75 14.76 14.74 14.75 14.75 14.70 14.69 14.71 14.71 14.75 14.76 14.75 14.69 14.68 14.63 14.51 14.44 14.45 14.57 14.71 14.77 14.79 14.77 14.79 14.76 14.74 14.76 14.73 14.65 14.59 14.47 14.48 14.46 14.59 14.55 14.68 14.34 14.29 14.35 14.34 14.30 14.18 14.45 14.28 14.26 14.40 14.35 14.52 14.52 14.33 14.51 14.25 14.41 14.45 14.57 14.29 14.26 14.40 14.27 14.22 14.13 13.88 14.10 13.97 13.80 13.66 13.63 13.36 13.27 13.39 13.51 13.51 13.60 13.70 13.64
14.73 14.73 14.72 14.72 14.72 14.72 14.72 14.70 14.70 14.68 14.67 14.68 14.70 14.70 14.68 14.65 14.61 14.61 14.58 14.45 14.41 14.50 14.63 14.70 14.73 14.77 14.78 14.77 14.74 14.72 14.71 14.64 14.59 14.53 14.52 14.49 14.55 14.41 14.55 14.58 14.55 14.36 14.40 14.29 14.47 14.06 14.30 14.41 14.02 14.28 14.33 14.43 14.50 14.56 14.44 14.36 14.31 14.23 14.25 14.08 14.25 14.22 14.29 14.32 13.99 14.22 13.93 13.72 13.75 13.08 13.19 13.49 13.56 13.40 13.64 13.72 13.74
14.69 14.65 14.69 14.69 14.69 14.69 14.70 14.69 14.67 14.66 14.64 14.62 14.64 14.65 14.59 14.63 14.58 14.53 14.57 14.51 14.43 14.44 14.57 14.58 14.60 14.62 14.71 14.76 14.70 14.69 14.69 14.70 14.63 14.58 14.50 14.59 14.41 14.53 14.40 14.49 14.55 14.56 14.58 14.36 14.57 14.38 14.43 14.32 14.35 14.16 14.11 14.14 14.17 13.94 14.01 14.16 14.42 14.36 14.20 14.24 14.25 14.30 13.91 14.00 14.16 14.12 14.04 13.91 13.59 12.93 13.09 13.27 13.51 13.61 13.58 13.68 13.71
14.58 14.64 14.68 14.68 14.68 14.68 14.69 14.68 14.69 14.66 14.60 14.57 14.60 14.64 14.61 14.59 14.60 14.54 14.51 14.48 14.42 14.39 14.38 14.55 14.60 14.54 14.49 14.64 14.66 14.66 14.67 14.67 14.67 14.63 14.50 14.42 14.46 14.49 14.51 14.58 14.35 14.55 14.33 14.52 14.48 14.48 14.50 14.27 14.30 14.19 13.90 14.22 14.23 14.09 14.21 14.05 14.21 14.16 14.13 13.97 13.99 14.20 14.18 14.01 14.05 14.09 13.96 13.93 13.59 13.11 12.97 12.92 13.41 13.51 13.33 13.52 13.60
14.61 14.66 14.68 14.68 14.68 14.68 14.68 14.68 14.67 14.64 14.59 14.58 14.57 14.58 14.60 14.55 14.59 14.54 14.50 14.49 14.42 14.40 14.28 14.30 14.46 14.56 14.49 14.48 14.48 14.60 14.65 14.66 14.66 14.67 14.59 14.53 14.46 14.45 14.38 14.49 14.54 14.47 14.59 14.61 14.64 14.52 14.42 14.35 14.38 14.31 13.89 14.00 13.99 14.28 14.01 14.20 13.61 14.34 14.14 13.92 14.06 14.25 14.26 13.88 13.83 13.73 13.77 13.65 13.63 13.35 13.10 12.80 13.09 13.26 13.52 13.36 13.50
14.56 14.59 14.63 14.66 14.67 14.67 14.67 14.66 14.67 14.61 14.59 14.52 14.51 14.53 14.55 14.55 14.52 14.50 14.53 14.51 14.47 14.41 14.28 14.26 14.36 14.46 14.49 14.45 14.47 14.52 14.60 14.62 14.63 14.63 14.61 14.57 14.49 14.44 14.45 14.43 14.42 14.52 14.38 14.55 14.52 14.56 14.51 14.49 14.37 14.28 14.34 13.91 14.02 14.07 13.72 13.77 13.51 13.87 13.80 13.62 13.89 14.03 14.19 13.67 13.80 13.45 13.47 13.57 13.44 13.23 13.29 13.26 13.18 13.09 13.50 13.70 13.60
