main/data/irradiance/20.09.2023.grid
ncols 839
nrows 679
xllcenter 112.0500
yllcenter -43.9500
cellsize 0.0500
nodata_value 99999.90
[rows 544 to 577 of 679, columns 693 to 769 of 839]
6.61 9.08 9.10 8.27 9.19 7.72 8.92 10.67 9.66 10.44 12.47 16.52 16.86 14.30 12.80 13.79 14.69 12.85 12.28 12.08 13.26 15.33 14.14 12.80 12.08 14.80 16.64 17.71 18.18 18.15 15.64 14.01 15.07 15.05 15.13 13.99 14.68 15.67 17.59 18.37 18.37 18.30 18.95 18.90 18.87 18.38 18.56 18.15 18.14 17.31 17.27 16.94 17.27 17.34 17.81 17.27 17.37 17.83 18.14 17.67 17.26 17.33 17.72 18.56 18.42 18.39 18.39 18.39 18.39 18.39 18.39 18.39 18.39 18.39 18.39 18.39 99999.90
6.08 7.54 7.48 5.24 7.24 7.75 8.73 12.41 11.33 12.18 13.04 16.18 18.11 16.45 14.33 14.08 14.83 12.38 10.14 10.19 11.96 14.38 15.73 14.77 14.51 16.06 16.91 18.06 17.92 17.32 14.86 13.84 14.57 16.06 16.14 14.93 14.34 14.89 16.68 18.61 19.08 18.45 18.26 18.59 18.35 17.70 17.43 17.70 17.14 16.10 15.92 16.32 16.29 17.40 17.24 16.97 16.74 16.70 16.59 16.97 17.42 17.02 17.91 18.02 18.12 18.39 18.39 18.39 18.39 18.39 18.39 18.39 18.39 18.39 18.39 18.39 99999.90
7.16 7.03 8.66 8.47 9.79 12.93 13.37 14.22 13.02 10.01 10.22 14.11 16.79 15.70 13.95 12.45 11.86 10.84 10.94 10.13 11.79 14.22 15.99 16.17 14.37 14.74 15.95 17.27 17.26 16.18 15.60 13.42 14.31 14.83 16.08 14.99 14.22 13.84 16.56 18.06 18.68 18.92 18.66 17.91 16.69 16.80 16.56 16.81 16.19 15.71 15.14 15.51 16.16 17.14 17.16 15.74 15.44 16.13 16.53 16.69 15.96 16.26 16.51 17.21 17.60 17.60 17.60 18.39 18.39 18.39 18.39 18.39 18.39 18.39 18.39 18.39 99999.90
7.47 7.51 9.76 12.17 10.92 10.37 12.32 13.46 14.44 12.80 12.56 15.79 17.71 16.19 14.60 11.87 9.92 10.79 10.95 10.07 11.58 13.86 14.95 15.98 14.57 14.19 15.98 16.49 16.83 16.07 15.16 13.91 12.90 14.28 15.49 14.66 14.98 14.45 15.29 17.41 18.47 17.97 16.15 15.40 16.14 15.35 15.84 15.57 15.29 15.09 13.96 13.88 14.76 15.31 16.00 16.02 14.97 15.54 15.69 15.91 16.53 16.11 16.12 16.02 16.25 16.25 16.25 15.96 15.96 15.96 15.96 15.96 15.96 15.96 15.96 15.96 99999.90
6.67 6.99 9.87 13.14 14.17 11.04 10.50 10.33 13.75 15.10 15.93 17.63 17.92 15.60 11.79 10.40 10.65 12.34 13.47 13.71 12.73 14.65 16.57 15.32 13.49 13.69 14.83 15.44 16.72 15.12 15.47 14.73 14.21 14.13 14.41 13.78 15.22 13.51 14.51 16.35 17.09 16.22 14.67 15.28 15.00 13.71 14.90 15.08 14.21 13.17 12.29 11.95 13.05 14.21 14.84 15.56 15.54 14.59 15.03 15.36 15.48 15.31 14.79 13.78 15.56 15.56 15.96 15.96 15.96 15.96 15.96 15.96 15.96 15.96 15.96 15.96 99999.90
7.06 8.78 10.10 11.83 13.25 10.96 10.80 11.84 14.45 16.48 16.60 17.84 17.71 14.14 10.90 10.80 11.13 13.45 14.94 14.42 13.00 13.08 13.97 14.44 12.52 12.25 14.53 16.04 16.51 15.63 14.48 13.79 12.14 12.89 12.65 14.63 14.59 13.24 13.18 14.05 15.80 14.94 14.95 14.97 13.51 13.08 13.06 13.15 12.33 11.69 11.61 11.60 12.77 14.06 13.73 14.94 14.58 14.95 15.13 15.43 15.54 15.20 14.11 13.01 14.70 15.96 15.96 15.96 15.96 15.96 15.96 15.96 15.96 15.96 15.96 15.96 99999.90
9.59 10.70 9.76 10.50 13.96 13.23 12.50 13.45 14.89 14.52 14.02 14.61 15.08 14.17 13.04 12.03 11.70 13.36 14.34 14.28 13.89 13.17 12.06 12.25 11.81 11.49 11.94 13.64 15.68 15.60 14.50 12.71 12.35 13.09 11.34 13.18 13.63 14.46 13.84 14.55 14.17 14.18 13.75 14.22 13.10 12.44 12.57 11.98 12.00 11.89 11.16 11.54 12.32 13.16 13.98 14.64 14.52 15.82 14.29 14.78 14.74 15.20 14.11 13.01 14.70 15.96 15.96 15.96 15.96 15.96 15.96 15.96 15.96 15.96 15.96 15.96 99999.90
9.12 10.70 9.90 12.57 15.48 15.95 14.92 14.22 15.15 14.91 12.72 13.25 13.81 14.79 13.40 12.70 12.23 12.46 14.10 14.87 14.33 13.15 13.40 13.68 11.19 11.66 10.78 11.98 13.32 14.24 14.34 12.43 12.31 11.79 11.43 12.40 12.57 12.65 13.58 13.19 11.95 12.08 11.79 11.95 12.87 11.64 11.88 11.62 11.32 10.69 10.70 12.13 11.63 11.67 12.60 13.52 13.42 14.47 14.05 14.46 14.14 14.14 14.11 13.01 14.70 15.96 15.96 15.96 15.96 15.96 15.96 15.96 15.96 15.96 15.96 15.96 99999.90
11.41 11.16 9.81 13.31 15.16 15.75 14.38 11.46 11.98 12.90 13.12 12.71 13.91 14.87 13.46 11.86 11.89 13.48 14.39 15.01 15.69 14.11 13.41 14.10 13.26 13.46 11.54 12.06 13.12 12.83 11.88 11.83 11.90 12.79 12.33 12.13 11.96 12.53 13.16 12.65 11.56 11.00 10.56 10.11 12.13 11.51 10.91 10.73 10.74 10.55 10.45 11.73 11.91 12.14 12.05 12.52 13.54 14.19 14.16 13.74 14.14 14.14 14.14 13.01 14.70 15.96 15.96 15.96 15.96 15.96 15.96 15.96 15.96 15.96 15.96 15.96 99999.90
9.18 11.88 12.31 14.62 15.94 16.11 14.39 12.25 12.47 12.73 11.01 9.98 10.48 12.93 12.37 12.12 12.14 13.76 14.65 14.45 15.08 13.31 14.01 14.14 14.27 13.92 13.58 12.81 14.26 13.60 13.66 11.98 11.20 11.50 13.90 12.49 12.65 12.32 12.15 11.65 11.00 11.05 10.50 10.09 10.47 11.19 10.91 10.84 10.18 10.12 11.10 10.96 11.65 12.47 11.84 11.96 12.14 12.93 13.38 13.74 13.74 14.14 14.14 14.14 14.70 15.96 15.96 15.96 15.96 15.96 15.96 15.96 15.96 15.96 15.96 15.96 99999.90
9.63 11.27 13.17 14.08 15.06 15.84 15.32 13.28 12.29 13.01 13.01 13.26 11.11 10.76 10.96 9.90 11.61 12.75 14.99 13.38 14.13 13.52 14.13 14.53 14.36 14.27 14.00 13.37 13.66 12.91 13.63 13.20 13.13 11.57 11.93 13.50 13.58 13.11 13.14 11.55 11.99 11.46 10.23 10.17 10.17 10.31 11.29 11.47 10.45 9.58 10.47 10.52 11.12 11.64 11.83 11.69 11.70 12.93 13.38 13.38 13.74 13.74 14.14 14.14 14.70 15.96 15.96 15.96 15.96 15.96 15.96 15.96 15.96 15.96 15.96 15.96 99999.90
9.22 8.26 10.16 11.87 13.47 14.48 14.50 12.14 11.83 12.28 13.05 14.24 12.92 12.07 10.09 9.33 10.29 10.02 12.85 14.20 14.26 14.29 14.97 14.86 14.74 15.26 15.22 14.29 14.32 13.16 12.64 13.48 13.74 13.51 13.69 13.43 13.22 14.41 13.96 13.51 12.38 12.71 10.23 10.17 10.17 10.31 11.29 11.47 10.45 9.58 10.47 10.52 11.12 11.64 11.83 11.69 11.70 11.70 13.38 13.38 13.38 13.74 13.74 14.14 14.14 15.96 15.96 15.96 15.96 15.96 15.96 15.96 15.96 15.96 15.96 15.96 99999.90
10.21 8.08 7.54 8.78 10.04 10.83 10.73 9.77 9.27 9.97 12.15 13.76 13.88 13.24 12.21 10.44 9.82 7.66 8.87 11.49 12.62 12.70 13.14 15.02 15.85 15.79 15.83 15.24 14.66 13.16 12.64 13.48 13.74 13.51 13.69 13.43 13.22 14.41 13.96 13.51 12.38 12.71 12.71 10.17 10.17 10.31 11.29 11.47 10.45 9.58 10.47 10.52 11.12 11.64 11.83 11.69 11.70 11.70 11.70 13.38 13.38 13.38 13.74 13.74 14.14 15.96 15.96 15.96 15.96 15.96 15.96 15.96 15.96 15.96 15.96 15.96 99999.90
11.34 8.67 7.83 8.69 8.99 8.89 8.38 8.59 8.84 9.27 11.57 12.81 13.49 13.67 13.49 12.23 12.48 10.38 9.14 9.47 10.87 10.79 11.59 13.94 15.07 15.79 15.83 15.24 14.66 14.66 12.64 13.48 13.74 13.51 13.69 13.43 13.22 14.41 13.96 13.51 12.38 12.71 12.71 12.71 10.17 10.31 11.29 11.47 10.45 9.58 10.47 10.52 11.12 11.64 11.83 11.69 11.70 11.70 11.70 13.38 13.38 13.38 13.38 13.74 13.74 14.14 15.96 15.96 15.96 15.96 15.96 15.96 15.96 15.96 15.96 15.96 99999.90
11.14 9.57 7.72 7.17 8.36 8.37 7.37 6.59 7.28 8.39 10.53 12.23 12.51 12.42 12.61 12.55 13.33 13.62 11.95 10.37 10.68 9.87 9.45 13.94 15.07 15.07 15.83 15.24 14.66 14.66 14.66 13.48 13.74 13.51 13.69 13.43 13.22 14.41 13.96 13.51 12.38 12.71 12.71 12.71 10.17 10.31 11.29 11.47 10.45 9.58 10.47 10.52 11.12 11.64 11.83 11.69 11.70 11.70 11.70 11.70 13.38 13.38 13.38 13.38 13.74 13.74 15.96 15.96 15.96 15.96 15.96 15.96 15.96 15.96 15.96 15.96 99999.90
11.22 9.43 7.46 6.61 7.37 7.68 6.83 6.42 7.31 8.46 9.57 11.23 12.29 12.56 11.31 10.66 12.11 13.69 12.63 12.37 10.77 9.87 9.45 9.45 15.07 15.07 15.07 15.24 14.66 14.66 14.66 13.48 13.74 13.51 13.69 13.43 13.22 14.41 13.96 13.51 12.38 12.71 12.71 12.71 10.17 10.31 11.29 11.47 10.45 9.58 10.47 10.52 11.12 11.64 11.83 11.69 11.70 11.70 11.70 11.70 13.38 13.38 13.38 13.38 13.38 13.74 13.74 15.96 15.96 15.96 15.96 15.96 15.96 15.96 15.96 15.96 99999.90
10.57 8.36 7.16 6.33 6.53 7.61 7.69 7.16 6.84 7.97 10.01 11.23 12.29 12.56 11.31 9.20 9.67 11.94 12.60 12.37 10.77 10.77 9.45 9.45 9.45 15.07 15.07 15.24 14.66 14.66 14.66 13.48 13.74 13.51 13.69 13.43 13.22 14.41 13.96 13.51 12.38 12.71 12.71 12.71 12.71 10.31 11.29 11.47 10.45 9.58 10.47 10.52 11.12 11.64 11.83 11.69 11.70 11.70 11.70 11.70 11.70 13.38 13.38 13.38 13.38 13.38 13.74 13.74 14.14 14.14 14.14 99999.90 99999.90 99999.90 99999.90 99999.90 99999.90
10.53 7.72 6.51 6.05 6.53 7.59 8.60 8.59 7.68 7.60 8.03 8.03 12.29 8.29 8.18 8.18 8.18 11.94 12.60 12.60 10.77 10.77 10.77 9.45 9.45 15.07 15.07 15.24 14.66 14.66 14.66 14.66 13.74 13.51 13.69 13.43 13.22 14.41 13.96 13.51 12.38 12.71 12.71 12.71 12.71 10.31 11.29 11.47 10.45 9.58 10.47 10.52 11.12 11.64 11.83 11.69 11.70 11.70 11.70 11.70 11.70 13.38 13.38 13.38 13.38 13.38 13.38 13.74 13.74 14.14 14.14 99999.90 99999.90 99999.90 99999.90 99999.90 99999.90
9.59 8.56 7.40 6.51 6.49 8.16 9.84 10.07 8.77 6.97 7.59 7.59 7.83 8.29 8.29 7.52 8.18 8.18 12.60 12.60 12.60 10.77 10.77 9.45 9.45 9.45 15.07 15.07 14.66 14.66 14.66 14.66 13.74 13.51 13.69 13.43 13.22 14.41 13.96 13.51 12.38 12.71 12.71 12.71 12.71 10.31 11.29 11.47 10.45 9.58 10.47 10.52 11.12 11.64 11.83 11.69 11.70 11.70 11.70 11.70 11.70 11.70 13.38 13.38 13.38 13.38 13.38 13.38 13.74 13.74 99999.90 99999.90 99999.90 99999.90 99999.90 99999.90 99999.90
8.50 9.01 8.34 7.69 7.35 8.16 9.39 10.08 9.51 7.65 7.54 8.42 7.83 7.67 7.21 7.52 7.52 8.18 8.18 12.60 12.60 10.77 10.77 10.77 9.45 9.45 15.07 15.07 14.66 14.66 14.66 14.66 13.74 13.51 13.69 13.43 13.22 14.41 13.96 13.51 12.38 12.71 12.71 12.71 12.71 12.71 11.29 11.47 10.45 9.58 10.47 10.52 11.12 11.64 11.83 11.69 11.70 11.70 11.70 11.70 11.70 11.70 13.38 13.38 13.38 13.38 13.38 13.38 13.38 99999.90 99999.90 99999.90 99999.90 99999.90 99999.90 99999.90 99999.90
9.15 9.49 9.82 8.92 8.74 9.53 9.69 9.81 8.65 6.98 6.12 6.37 6.83 7.67 7.21 7.21 7.52 7.52 8.18 12.60 12.60 12.60 10.77 10.77 9.45 9.45 9.45 15.07 14.66 14.66 14.66 14.66 14.66 13.51 13.69 13.43 13.22 14.41 13.96 13.51 12.38 12.71 12.71 12.71 12.71 12.71 11.29 11.47 10.45 9.58 10.47 10.52 11.12 11.64 11.83 11.69 11.70 11.70 11.70 11.70 11.70 11.70 11.70 11.70 11.70 11.70 11.70 99999.90 99999.90 99999.90 99999.90 99999.90 99999.90 99999.90 99999.90 99999.90 99999.90
10.91 11.05 11.19 10.56 10.01 10.34 10.33 9.29 8.46 7.14 5.86 5.44 6.83 6.83 7.21 7.21 7.21 7.52 7.52 8.18 12.60 12.60 10.77 10.77 10.77 9.45 9.45 15.07 15.07 14.66 14.66 14.66 14.66 13.51 13.69 13.43 13.22 14.41 13.96 13.51 12.38 12.71 12.71 12.71 12.71 12.71 12.71 12.71 12.71 12.71 12.71 12.71 99999.90 99999.90 99999.90 99999.90 99999.90 99999.90 99999.90 99999.90 99999.90 99999.90 99999.90 99999.90 99999.90 99999.90 99999.90 99999.90 99999.90 99999.90 99999.90 99999.90 99999.90 99999.90 99999.90 99999.90 99999.90
11.08 11.87 12.66 12.52 11.65 11.04 10.32 9.13 7.62 7.07 6.57 5.44 5.44 6.83 6.83 7.21 7.21 7.21 7.52 7.52 12.60 12.60 12.60 10.77 10.77 9.45 9.45 9.45 15.07 14.66 14.66 14.66 14.66 14.66 14.66 14.66 14.66 14.66 14.66 99999.90 99999.90 99999.90 99999.90 99999.90 99999.90 99999.90 99999.90 99999.90 99999.90 99999.90 99999.90 99999.90 99999.90 99999.90 99999.90 99999.90 99999.90 99999.90 99999.90 99999.90 99999.90 99999.90 99999.90 99999.90 99999.90 99999.90 99999.90 99999.90 99999.90 99999.90 99999.90 99999.90 99999.90 99999.90 99999.90 99999.90 99999.90
11.42 12.09 12.64 12.84 11.97 9.83 9.03 8.44 8.02 7.57 6.57 6.57 5.44 5.44 6.83 7.21 7.21 7.21 7.21 7.52 7.52 12.60 12.60 10.77 10.77 10.77 9.45 9.45 15.07 15.07 15.07 15.07 15.07 15.07 15.07 99999.90 99999.90 99999.90 99999.90 99999.90 99999.90 99999.90 99999.90 99999.90 99999.90 99999.90 99999.90 99999.90 99999.90 99999.90 99999.90 99999.90 99999.90 99999.90 99999.90 99999.90 99999.90 99999.90 99999.90 99999.90 99999.90 99999.90 99999.90 99999.90 99999.90 99999.90 99999.90 99999.90 99999.90 99999.90 99999.90 99999.90 99999.90 99999.90 99999.90 99999.90 99999.90
11.62 12.08 11.98 10.90 9.49 8.88 8.36 9.48 8.02 7.57 7.57 6.57 6.57 5.44 5.44 6.83 7.21 7.21 7.21 7.21 7.52 7.52 12.60 12.60 10.77 10.77 9.45 9.45 9.45 9.45 9.45 9.45 9.45 99999.90 99999.90 99999.90 99999.90 99999.90 99999.90 99999.90 99999.90 99999.90 99999.90 99999.90 99999.90 99999.90 99999.90 99999.90 99999.90 99999.90 99999.90 99999.90 99999.90 99999.90 99999.90 99999.90 99999.90 99999.90 99999.90 99999.90 99999.90 99999.90 99999.90 99999.90 99999.90 99999.90 99999.90 99999.90 99999.90 99999.90 99999.90 99999.90 99999.90 99999.90 99999.90 99999.90 99999.90
11.18 10.67 9.51 8.91 8.46 9.36 9.80 9.48 9.48 7.57 7.57 7.57 6.57 6.57 5.44 5.44 7.21 7.21 7.21 7.21 7.21 7.52 12.60 12.60 10.77 10.77 10.77 10.77 10.77 10.77 10.77 99999.90 99999.90 99999.90 99999.90 99999.90 99999.90 99999.90 99999.90 99999.90 99999.90 99999.90 99999.90 99999.90 99999.90 99999.90 99999.90 99999.90 99999.90 99999.90 99999.90 99999.90 99999.90 99999.90 99999.90 99999.90 99999.90 99999.90 99999.90 99999.90 99999.90 99999.90 99999.90 99999.90 99999.90 99999.90 99999.90 99999.90 99999.90 99999.90 99999.90 99999.90 99999.90 99999.90 99999.90 99999.90 99999.90
10.05 9.47 8.80 8.57 9.17 10.07 9.80 9.80 9.48 9.48 7.57 7.57 7.57 6.57 6.57 5.44 5.44 7.21 7.21 7.21 7.21 7.21 7.52 12.60 12.60 12.60 12.60 12.60 12.60 99999.90 99999.90 99999.90 99999.90 99999.90 99999.90 99999.90 99999.90 99999.90 99999.90 99999.90 99999.90 99999.90 99999.90 99999.90 99999.90 99999.90 99999.90 99999.90 99999.90 99999.90 99999.90 99999.90 99999.90 99999.90 99999.90 99999.90 99999.90 99999.90 99999.90 99999.90 99999.90 99999.90 99999.90 99999.90 99999.90 99999.90 99999.90 99999.90 99999.90 99999.90 99999.90 99999.90 99999.90 99999.90 99999.90 99999.90 99999.90
9.60 9.00 9.02 9.29 9.30 10.07 10.07 9.80 9.80 9.48 7.57 7.57 7.57 7.57 6.57 6.57 5.44 5.44 7.21 7.21 7.21 7.21 7.21 7.52 7.52 8.18 8.18 99999.90 99999.90 99999.90 99999.90 99999.90 99999.90 99999.90 99999.90 99999.90 99999.90 99999.90 99999.90 99999.90 99999.90 99999.90 99999.90 99999.90 99999.90 99999.90 99999.90 99999.90 99999.90 99999.90 99999.90 99999.90 99999.90 99999.90 99999.90 99999.90 99999.90 99999.90 99999.90 99999.90 99999.90 99999.90 99999.90 99999.90 99999.90 99999.90 99999.90 99999.90 99999.90 99999.90 99999.90 99999.90 99999.90 99999.90 99999.90 99999.90 99999.90
10.31 10.21 9.90 9.47 9.30 9.30 10.07 10.07 9.80 9.80 9.48 7.57 7.57 7.57 7.57 6.57 6.57 5.44 7.21 7.21 7.21 7.21 7.21 7.21 7.52 7.52 99999.90 99999.90 99999.90 99999.90 99999.90 99999.90 99999.90 99999.90 99999.90 99999.90 99999.90 99999.90 99999.90 99999.90 99999.90 99999.90 99999.90 99999.90 99999.90 99999.90 99999.90 99999.90 99999.90 99999.90 99999.90 99999.90 99999.90 99999.90 99999.90 99999.90 99999.90 99999.90 99999.90 99999.90 99999.90 99999.90 99999.90 99999.90 99999.90 99999.90 99999.90 99999.90 99999.90 99999.90 99999.90 99999.90 99999.90 99999.90 99999.90 99999.90 99999.90
10.31 10.21 9.90 9.47 9.47 9.30 9.30 10.07 10.07 9.80 9.80 7.57 7.57 7.57 7.57 7.57 6.57 6.57 5.44 7.21 7.21 7.21 7.21 7.21 7.21 99999.90 99999.90 99999.90 99999.90 99999.90 99999.90 99999.90 99999.90 99999.90 99999.90 99999.90 99999.90 99999.90 99999.90 99999.90 99999.90 99999.90 99999.90 99999.90 99999.90 99999.90 99999.90 99999.90 99999.90 99999.90 99999.90 99999.90 99999.90 99999.90 99999.90 99999.90 99999.90 99999.90 99999.90 99999.90 99999.90 99999.90 99999.90 99999.90 99999.90 99999.90 99999.90 99999.90 99999.90 99999.90 99999.90 99999.90 99999.90 99999.90 99999.90 99999.90 99999.90
10.31 10.21 9.90 9.47 9.47 9.47 9.30 9.30 10.07 10.07 9.80 9.80 7.57 7.57 7.57 7.57 7.57 6.57 6.57 5.44 5.44 6.83 6.83 99999.90 99999.90 99999.90 99999.90 99999.90 99999.90 99999.90 99999.90 99999.90 99999.90 99999.90 99999.90 99999.90 99999.90 99999.90 99999.90 99999.90 99999.90 99999.90 99999.90 99999.90 99999.90 99999.90 99999.90 99999.90 99999.90 99999.90 99999.90 99999.90 99999.90 99999.90 99999.90 99999.90 99999.90 99999.90 99999.90 99999.90 99999.90 99999.90 99999.90 99999.90 99999.90 99999.90 99999.90 99999.90 99999.90 99999.90 99999.90 99999.90 99999.90 99999.90 99999.90 99999.90 99999.90
10.31 10.21 9.90 9.47 9.47 9.47 9.47 9.30 9.30 10.07 10.07 9.80 9.80 7.57 7.57 7.57 7.57 7.57 6.57 6.57 5.44 5.44 99999.90 99999.90 99999.90 99999.90 99999.90 99999.90 99999.90 99999.90 99999.90 99999.90 99999.90 99999.90 99999.90 99999.90 99999.90 99999.90 99999.90 99999.90 99999.90 99999.90 99999.90 99999.90 99999.90 99999.90 99999.90 99999.90 99999.90 99999.90 99999.90 99999.90 99999.90 99999.90 99999.90 99999.90 99999.90 99999.90 99999.90 99999.90 99999.90 99999.90 99999.90 99999.90 99999.90 99999.90 99999.90 99999.90 99999.90 99999.90 99999.90 99999.90 99999.90 99999.90 99999.90 99999.90 99999.90
10.31 10.21 9.90 9.47 9.47 9.47 9.47 9.47 9.30 9.30 10.07 10.07 9.80 7.57 7.57 7.57 7.57 7.57 7.57 6.57 6.57 99999.90 99999.90 99999.90 99999.90 99999.90 99999.90 99999.90 99999.90 99999.90 99999.90 99999.90 99999.90 99999.90 99999.90 99999.90 99999.90 99999.90 99999.90 99999.90 99999.90 99999.90 99999.90 99999.90 99999.90 99999.90 99999.90 99999.90 99999.90 99999.90 99999.90 99999.90 99999.90 99999.90 99999.90 99999.90 99999.90 99999.90 99999.90 99999.90 99999.90 99999.90 99999.90 99999.90 99999.90 99999.90 99999.90 99999.90 99999.90 99999.90 99999.90 99999.90 99999.90 99999.90 99999.90 99999.90 99999.90
10.31 10.21 9.90 9.47 9.47 9.47 9.47 9.47 9.47 9.30 9.30 10.07 10.07 9.80 7.57 7.57 7.57 7.57 7.57 7.57 99999.90 99999.90 99999.90 99999.90 99999.90 99999.90 99999.90 99999.90 99999.90 99999.90 99999.90 99999.90 99999.90 99999.90 99999.90 99999.90 99999.90 99999.90 99999.90 99999.90 99999.90 99999.90 99999.90 99999.90 99999.90 99999.90 99999.90 99999.90 99999.90 99999.90 99999.90 99999.90 99999.90 99999.90 99999.90 99999.90 99999.90 99999.90 99999.90 99999.90 99999.90 99999.90 99999.90 99999.90 99999.90 99999.90 99999.90 99999.90 99999.90 99999.90 99999.90 99999.90 99999.90 99999.90 99999.90 99999.90 99999.90
