main/data/irradiance/20.04.2023.grid
ncols 839
nrows 679
xllcenter 112.0500
yllcenter -43.9500
cellsize 0.0500
nodata_value 99999.90
[rows 612 to 645 of 679, columns 616 to 692 of 839]
99999.90 99999.90 99999.90 99999.90 99999.90 99999.90 99999.90 99999.90 99999.90 99999.90 99999.90 99999.90 99999.90 99999.90 99999.90 99999.90 99999.90 99999.90 99999.90 99999.90 99999.90 99999.90 99999.90 99999.90 99999.90 99999.90 6.55 7.45 7.45 7.45 7.45 7.45 7.45 7.45 7.45 7.45 7.45 7.45 7.45 6.95 6.91 6.91 6.91 6.91 6.91 6.67 7.01 7.00 7.97 7.96 7.96 7.96 7.96 6.56 6.56 6.56 6.56 7.51 7.51 7.51 8.66 8.66 9.42 9.42 7.73 7.73 7.73 7.73 7.73 9.33 9.33 9.46 9.46 10.55 10.55 10.55 10.55
99999.90 99999.90 99999.90 99999.90 99999.90 99999.90 99999.90 99999.90 99999.90 99999.90 99999.90 99999.90 99999.90 99999.90 99999.90 99999.90 99999.90 99999.90 99999.90 99999.90 99999.90 99999.90 99999.90 99999.90 99999.90 99999.90 6.55 7.45 7.45 7.45 7.45 7.45 7.45 7.45 7.45 7.45 7.45 7.45 7.45 6.95 6.91 6.91 6.91 6.91 6.67 6.67 7.01 7.00 7.97 7.96 7.96 7.96 7.12 6.56 6.56 6.56 6.56 7.51 7.51 8.66 8.66 8.66 9.42 7.73 7.73 7.73 7.73 7.73 7.73 9.33 9.80 10.61 9.46 10.55 10.55 10.55 10.55
99999.90 99999.90 99999.90 99999.90 99999.90 99999.90 99999.90 99999.90 99999.90 99999.90 99999.90 99999.90 99999.90 99999.90 99999.90 99999.90 99999.90 99999.90 99999.90 99999.90 99999.90 99999.90 99999.90 99999.90 99999.90 99999.90 6.55 6.55 6.55 7.45 7.45 7.45 7.45 7.45 7.45 7.45 7.45 7.45 6.98 6.95 6.95 6.91 6.16 6.67 6.67 6.66 7.01 7.00 7.97 7.96 7.96 7.96 7.12 6.56 6.56 6.56 7.51 7.51 7.51 8.66 8.66 9.42 9.42 7.73 7.73 7.73 7.73 7.73 9.33 9.33 9.80 10.61 9.46 9.46 10.55 10.55 10.55
99999.90 99999.90 99999.90 99999.90 99999.90 99999.90 99999.90 99999.90 99999.90 99999.90 99999.90 99999.90 99999.90 99999.90 99999.90 99999.90 99999.90 99999.90 99999.90 99999.90 99999.90 99999.90 99999.90 99999.90 99999.90 99999.90 6.55 6.55 6.55 6.55 6.55 6.55 6.55 6.55 7.45 7.45 6.48 6.48 6.48 6.12 6.20 5.55 6.16 6.67 6.67 6.66 7.01 7.00 7.97 7.96 7.96 7.16 7.12 6.56 6.56 6.56 7.51 7.51 8.66 8.66 8.66 9.42 9.42 7.73 7.73 7.73 7.73 7.73 9.33 8.36 9.80 10.61 10.84 9.46 10.55 10.55 10.55
99999.90 99999.90 99999.90 99999.90 99999.90 99999.90 99999.90 99999.90 99999.90 99999.90 99999.90 99999.90 99999.90 99999.90 99999.90 99999.90 99999.90 99999.90 99999.90 99999.90 99999.90 99999.90 99999.90 99999.90 99999.90 99999.90 6.55 6.55 6.55 6.55 6.55 6.55 6.55 6.55 6.55 6.55 6.51 6.51 6.51 5.61 5.85 5.64 5.34 5.81 6.73 6.66 7.01 7.00 7.97 7.96 7.96 7.16 7.12 6.56 6.56 7.51 7.51 7.51 8.66 8.66 9.42 9.42 9.42 7.73 7.73 7.73 7.73 9.33 9.33 8.36 9.80 10.61 10.84 9.46 9.46 10.55 10.55
99999.90 99999.90 99999.90 99999.90 99999.90 99999.90 99999.90 99999.90 99999.90 99999.90 99999.90 99999.90 99999.90 99999.90 99999.90 99999.90 99999.90 99999.90 99999.90 99999.90 99999.90 99999.90 99999.90 99999.90 99999.90 99999.90 6.55 6.55 6.55 6.55 6.55 6.55 6.55 6.55 6.55 6.55 6.55 6.17 6.17 5.59 5.69 5.84 4.87 5.15 6.73 6.62 6.73 6.41 6.62 6.21 6.68 7.16 7.12 6.56 6.56 7.51 7.51 8.66 8.66 8.66 9.42 9.42 7.20 7.73 7.73 7.73 7.73 9.33 9.33 8.36 9.80 10.61 10.84 9.46 9.46 10.55 10.55
99999.90 99999.90 99999.90 99999.90 99999.90 99999.90 99999.90 99999.90 99999.90 99999.90 99999.90 99999.90 99999.90 99999.90 99999.90 99999.90 99999.90 99999.90 99999.90 99999.90 99999.90 99999.90 99999.90 99999.90 99999.90 99999.90 6.55 6.55 6.55 6.55 6.55 6.55 6.55 6.55 6.55 6.55 6.55 6.73 6.69 5.66 5.34 5.35 4.92 4.65 5.33 5.62 5.24 6.10 6.00 6.30 5.98 6.24 6.52 6.75 7.21 7.51 7.51 8.66 8.66 9.42 9.42 9.42 7.20 7.73 7.73 7.73 9.33 9.33 9.33 8.36 9.80 10.61 10.84 9.46 9.46 9.46 10.55
99999.90 99999.90 99999.90 99999.90 99999.90 99999.90 99999.90 99999.90 99999.90 99999.90 99999.90 99999.90 99999.90 99999.90 99999.90 99999.90 99999.90 99999.90 99999.90 99999.90 99999.90 99999.90 99999.90 99999.90 99999.90 99999.90 5.70 5.70 5.70 5.70 5.70 5.70 5.70 5.70 5.70 5.70 5.70 6.56 6.69 5.68 5.13 5.71 5.06 4.73 4.85 4.51 4.71 5.50 5.30 5.85 5.45 5.91 5.66 5.38 6.87 7.22 7.63 8.66 8.66 9.42 9.42 8.92 7.20 7.73 7.73 7.73 9.33 9.33 7.90 8.36 9.80 10.61 10.84 11.13 9.46 9.46 10.55
99999.90 99999.90 99999.90 99999.90 99999.90 99999.90 99999.90 99999.90 99999.90 99999.90 99999.90 99999.90 99999.90 99999.90 99999.90 99999.90 99999.90 99999.90 99999.90 99999.90 99999.90 99999.90 99999.90 99999.90 99999.90 99999.90 5.70 5.70 5.70 5.70 5.70 5.70 5.70 5.70 5.70 5.70 5.70 6.20 5.62 5.47 5.17 5.72 5.69 5.71 4.87 4.66 5.72 5.93 5.67 5.54 5.16 4.88 4.18 5.59 7.55 8.41 7.07 7.54 8.57 9.42 9.42 8.92 7.20 7.73 7.73 9.33 9.33 9.33 7.90 8.36 9.80 10.61 10.84 11.13 9.46 9.46 9.46
99999.90 99999.90 99999.90 99999.90 99999.90 99999.90 99999.90 99999.90 99999.90 99999.90 99999.90 99999.90 99999.90 99999.90 99999.90 99999.90 99999.90 99999.90 99999.90 99999.90 99999.90 99999.90 99999.90 99999.90 99999.90 99999.90 5.70 5.70 5.70 5.70 5.70 5.70 5.70 5.70 5.70 5.63 5.63 5.63 5.32 5.24 5.61 4.91 5.18 4.82 4.70 4.46 5.85 5.82 5.63 4.84 4.41 4.40 3.34 4.76 5.87 7.48 6.17 7.23 7.95 8.50 8.63 8.92 7.20 7.73 7.73 9.33 9.33 6.78 7.90 8.36 9.80 10.61 10.84 11.13 11.03 9.46 9.46
99999.90 99999.90 99999.90 99999.90 99999.90 99999.90 99999.90 99999.90 99999.90 99999.90 99999.90 99999.90 99999.90 99999.90 99999.90 99999.90 99999.90 99999.90 99999.90 99999.90 99999.90 99999.90 99999.90 99999.90 99999.90 99999.90 5.70 5.70 5.70 5.70 5.70 5.70 5.70 5.60 5.60 5.60 5.60 5.60 4.90 4.78 5.17 5.08 4.15 4.46 4.99 4.76 5.37 5.81 4.83 4.49 4.36 4.85 3.95 4.18 4.87 6.23 5.89 6.35 6.39 7.40 6.89 8.03 7.76 7.86 8.10 9.33 9.33 6.78 7.90 8.36 9.80 10.61 10.84 11.13 11.03 9.46 9.46
99999.90 99999.90 99999.90 99999.90 99999.90 99999.90 99999.90 99999.90 99999.90 99999.90 99999.90 99999.90 99999.90 99999.90 99999.90 99999.90 99999.90 99999.90 99999.90 99999.90 99999.90 99999.90 99999.90 99999.90 99999.90 99999.90 5.70 5.70 5.70 6.05 6.05 6.05 6.05 6.05 6.05 6.05 6.05 6.05 5.45 4.54 5.01 5.55 4.30 4.30 4.29 4.19 4.54 4.91 4.19 4.85 4.55 5.16 4.26 4.03 4.60 6.19 6.44 6.48 5.81 5.60 5.33 6.57 7.71 5.74 6.54 9.03 9.39 6.78 7.90 8.36 9.80 10.61 10.84 11.13 11.03 10.41 9.18
99999.90 99999.90 99999.90 99999.90 99999.90 99999.90 99999.90 99999.90 99999.90 99999.90 99999.90 99999.90 99999.90 99999.90 99999.90 99999.90 99999.90 99999.90 99999.90 99999.90 99999.90 99999.90 99999.90 99999.90 99999.90 99999.90 5.70 6.05 6.05 6.05 6.05 6.05 6.05 6.05 6.05 6.05 6.05 6.05 5.01 4.86 5.01 5.72 4.75 4.81 4.11 4.37 3.66 4.16 4.18 4.33 4.11 3.71 4.34 5.16 5.09 5.59 6.43 6.31 5.96 5.28 5.09 5.80 6.26 6.20 6.75 8.78 9.02 8.44 7.32 8.42 8.58 9.57 9.84 10.16 10.19 9.46 9.08
99999.90 99999.90 99999.90 99999.90 99999.90 99999.90 99999.90 99999.90 99999.90 99999.90 99999.90 99999.90 99999.90 99999.90 99999.90 99999.90 99999.90 99999.90 99999.90 99999.90 99999.90 99999.90 99999.90 99999.90 99999.90 99999.90 5.70 6.05 6.05 6.05 6.05 6.05 6.05 6.05 6.05 6.05 5.03 5.03 5.03 4.78 4.51 5.24 5.14 5.16 4.69 3.70 3.50 4.39 4.26 4.52 4.11 4.89 4.96 5.75 5.66 5.77 5.83 5.37 5.65 5.39 5.53 6.45 6.64 7.52 6.85 7.73 8.03 8.05 5.98 7.46 7.90 9.82 9.46 9.59 8.33 8.48 8.57
99999.90 99999.90 99999.90 99999.90 99999.90 99999.90 99999.90 99999.90 99999.90 99999.90 99999.90 99999.90 99999.90 99999.90 99999.90 99999.90 99999.90 99999.90 99999.90 99999.90 99999.90 99999.90 99999.90 99999.90 99999.90 99999.90 5.70 6.05 6.05 6.05 6.05 6.05 6.05 6.05 5.03 5.03 5.03 5.03 5.03 4.43 4.40 4.33 5.36 5.24 4.68 3.75 2.88 4.67 4.62 4.33 5.31 5.11 5.43 5.80 5.59 5.71 4.66 5.20 4.66 5.20 5.28 6.27 5.81 6.24 4.45 5.78 7.17 8.11 6.73 8.13 7.18 9.19 9.40 9.11 7.30 7.49 8.17
99999.90 99999.90 99999.90 99999.90 99999.90 99999.90 99999.90 99999.90 99999.90 99999.90 99999.90 99999.90 99999.90 99999.90 99999.90 99999.90 99999.90 99999.90 99999.90 99999.90 99999.90 99999.90 99999.90 99999.90 99999.90 99999.90 5.70 6.05 6.05 6.05 6.05 6.05 5.03 5.03 5.03 5.03 5.03 4.67 4.67 4.67 3.77 3.77 4.44 5.51 4.29 4.05 3.29 4.84 5.05 4.48 4.84 5.22 4.71 5.37 4.85 5.22 4.81 4.71 4.55 5.70 5.58 6.83 6.50 5.46 4.93 5.57 6.46 7.80 7.30 8.06 7.54 7.23 7.56 9.16 8.96 7.60 7.77
99999.90 99999.90 99999.90 99999.90 99999.90 99999.90 99999.90 99999.90 99999.90 99999.90 99999.90 99999.90 99999.90 99999.90 99999.90 99999.90 99999.90 99999.90 99999.90 99999.90 99999.90 99999.90 99999.90 99999.90 99999.90 99999.90 5.70 6.05 6.05 6.05 5.03 5.03 5.03 5.03 5.03 4.67 4.67 4.67 4.67 4.67 3.89 3.56 3.41 5.15 5.02 5.49 4.46 4.10 4.74 4.92 4.17 4.82 4.60 5.14 4.83 4.83 4.71 5.12 4.65 5.25 4.32 4.05 4.78 4.68 5.28 5.47 6.42 7.19 7.20 6.44 7.13 6.30 5.55 8.29 8.76 7.34 6.63
99999.90 99999.90 99999.90 99999.90 99999.90 99999.90 99999.90 99999.90 99999.90 99999.90 99999.90 99999.90 99999.90 99999.90 99999.90 99999.90 99999.90 99999.90 99999.90 99999.90 99999.90 99999.90 99999.90 99999.90 99999.90 99999.90 5.70 6.05 5.03 5.03 5.03 5.03 5.03 4.67 4.67 4.67 4.67 4.67 4.29 4.29 4.29 4.12 3.45 4.09 5.41 4.32 4.75 4.18 3.56 4.34 4.04 3.88 4.48 5.22 5.47 5.00 4.90 4.87 5.22 5.66 3.98 3.89 5.08 6.42 6.62 6.04 6.56 5.36 5.22 6.77 7.52 6.49 5.43 7.11 8.21 8.07 8.93
99999.90 99999.90 99999.90 99999.90 99999.90 99999.90 99999.90 99999.90 99999.90 99999.90 99999.90 99999.90 99999.90 99999.90 99999.90 99999.90 99999.90 99999.90 99999.90 99999.90 99999.90 99999.90 99999.90 99999.90 99999.90 99999.90 99999.90 6.05 5.03 5.03 5.03 4.67 4.67 4.67 4.67 4.67 4.29 4.29 4.29 4.29 4.29 4.25 4.08 4.04 5.51 4.26 3.90 3.59 3.42 3.63 4.65 4.05 5.68 5.72 5.88 5.25 4.96 5.07 4.81 5.00 4.44 4.54 5.87 5.86 6.21 6.49 6.69 5.80 6.16 5.92 7.36 6.09 6.05 6.64 7.53 7.73 8.62
99999.90 99999.90 99999.90 99999.90 99999.90 99999.90 99999.90 99999.90 99999.90 99999.90 99999.90 99999.90 99999.90 99999.90 99999.90 99999.90 99999.90 99999.90 99999.90 99999.90 99999.90 99999.90 99999.90 99999.90 99999.90 99999.90 99999.90 6.05 5.03 4.67 4.67 4.67 4.67 4.67 4.29 4.29 4.29 4.29 4.29 4.41 4.41 4.41 4.21 4.09 4.79 4.45 4.25 3.79 3.10 4.13 4.86 6.31 6.15 5.97 5.41 5.29 4.52 5.12 4.86 4.22 3.86 4.10 5.00 5.47 5.44 6.27 6.78 6.06 6.12 6.02 6.76 4.84 6.56 6.31 7.31 7.29 7.62
99999.90 99999.90 99999.90 99999.90 99999.90 99999.90 99999.90 99999.90 99999.90 99999.90 99999.90 99999.90 99999.90 99999.90 99999.90 99999.90 99999.90 99999.90 99999.90 99999.90 99999.90 99999.90 99999.90 99999.90 99999.90 99999.90 99999.90 6.05 5.03 4.67 4.67 4.67 4.29 4.29 4.29 4.29 4.29 4.41 4.41 4.41 4.41 4.41 3.92 4.17 4.24 4.19 3.95 3.38 3.05 4.01 5.06 5.53 6.77 4.29 3.74 4.60 3.62 5.18 4.32 3.04 2.15 3.11 4.09 4.77 5.20 6.25 5.82 4.42 4.64 3.58 5.81 3.44 5.05 6.14 6.17 6.60 7.44
99999.90 99999.90 99999.90 99999.90 99999.90 99999.90 99999.90 99999.90 99999.90 99999.90 99999.90 99999.90 99999.90 99999.90 99999.90 99999.90 99999.90 99999.90 99999.90 99999.90 99999.90 99999.90 99999.90 99999.90 99999.90 99999.90 99999.90 6.05 5.03 4.67 4.29 4.29 4.29 4.29 4.29 4.41 4.41 4.41 4.41 4.41 4.54 4.54 4.54 4.78 4.38 4.17 3.44 3.17 3.09 3.53 5.15 5.36 4.88 4.13 2.97 3.96 3.60 4.00 3.31 3.00 2.82 3.07 3.39 5.45 4.96 6.13 4.06 4.44 5.33 4.03 3.85 4.12 4.05 5.21 4.87 5.83 6.11
99999.90 99999.90 99999.90 99999.90 99999.90 99999.90 99999.90 99999.90 99999.90 99999.90 99999.90 99999.90 99999.90 99999.90 99999.90 99999.90 99999.90 99999.90 99999.90 99999.90 99999.90 99999.90 99999.90 99999.90 99999.90 99999.90 99999.90 99999.90 5.03 4.67 4.29 4.29 4.29 4.41 4.41 4.41 4.41 4.41 4.54 4.54 4.54 4.54 4.54 4.75 4.45 4.47 3.77 4.03 4.10 3.91 4.74 4.05 4.35 3.73 3.33 4.03 4.23 3.99 3.79 3.77 3.52 4.05 5.72 6.96 5.45 4.34 5.48 4.71 5.37 3.46 4.05 4.45 5.03 6.23 5.79 5.79 5.81
99999.90 99999.90 99999.90 99999.90 99999.90 99999.90 99999.90 99999.90 99999.90 99999.90 99999.90 99999.90 99999.90 99999.90 99999.90 99999.90 99999.90 99999.90 99999.90 99999.90 99999.90 99999.90 99999.90 99999.90 99999.90 99999.90 99999.90 99999.90 5.03 4.67 4.29 4.41 4.41 4.41 4.41 4.41 4.54 4.54 4.54 4.54 4.54 4.54 4.75 4.75 4.22 4.35 4.26 4.37 4.87 4.46 3.84 3.97 3.86 3.38 2.94 3.34 3.62 3.88 4.52 3.61 3.56 3.77 5.27 5.39 4.00 4.39 5.53 3.99 4.18 4.13 4.48 5.28 5.48 6.37 6.70 7.12 7.08
99999.90 99999.90 99999.90 99999.90 99999.90 99999.90 99999.90 99999.90 99999.90 99999.90 99999.90 99999.90 99999.90 99999.90 99999.90 99999.90 99999.90 99999.90 99999.90 99999.90 99999.90 99999.90 99999.90 99999.90 99999.90 99999.90 99999.90 99999.90 99999.90 4.67 4.29 4.41 4.41 4.41 4.54 4.54 4.54 4.54 4.54 4.54 4.54 4.75 4.75 4.22 4.22 3.82 3.77 3.98 4.98 4.71 4.64 3.56 2.61 2.68 3.00 3.75 5.42 3.52 4.82 4.26 3.18 3.42 3.18 3.56 3.25 4.12 4.02 3.60 3.69 4.25 6.00 6.17 6.83 6.46 6.94 8.28 7.65
99999.90 99999.90 99999.90 99999.90 99999.90 99999.90 99999.90 99999.90 99999.90 99999.90 99999.90 99999.90 99999.90 99999.90 99999.90 99999.90 99999.90 99999.90 99999.90 99999.90 99999.90 99999.90 99999.90 99999.90 99999.90 99999.90 99999.90 99999.90 99999.90 4.67 4.29 4.41 4.54 4.54 4.54 4.54 4.54 4.54 4.54 4.54 4.75 4.75 4.22 4.22 3.82 3.82 3.56 3.93 5.46 4.21 4.97 3.91 2.69 3.07 3.58 3.05 4.25 4.47 5.05 3.79 4.13 4.17 3.35 3.57 3.62 4.06 3.12 3.75 3.87 4.88 6.96 6.54 7.01 7.32 6.74 8.64 8.75
99999.90 99999.90 99999.90 99999.90 99999.90 99999.90 99999.90 99999.90 99999.90 99999.90 99999.90 99999.90 99999.90 99999.90 99999.90 99999.90 99999.90 99999.90 99999.90 99999.90 99999.90 99999.90 99999.90 99999.90 99999.90 99999.90 99999.90 99999.90 99999.90 99999.90 4.29 4.41 4.54 4.54 4.54 4.54 4.54 4.54 4.54 4.75 4.75 4.22 4.22 3.82 3.82 3.56 3.56 4.79 5.36 4.22 4.58 3.61 2.61 3.17 2.93 2.57 4.08 4.44 4.18 3.62 3.86 5.35 3.77 3.53 3.16 4.49 3.52 3.62 4.86 5.33 7.08 6.96 5.81 8.10 7.80 9.25 9.92
99999.90 99999.90 99999.90 99999.90 99999.90 99999.90 99999.90 99999.90 99999.90 99999.90 99999.90 99999.90 99999.90 99999.90 99999.90 99999.90 99999.90 99999.90 99999.90 99999.90 99999.90 99999.90 99999.90 99999.90 99999.90 99999.90 99999.90 99999.90 99999.90 99999.90 4.29 4.41 4.54 4.54 4.54 4.54 4.54 4.54 4.75 4.75 4.22 4.22 3.82 3.82 3.56 3.56 4.79 4.79 4.31 4.57 4.41 4.33 3.89 3.21 2.64 3.04 4.74 3.85 3.69 2.86 3.06 4.64 3.34 4.54 3.82 4.49 3.54 4.48 5.89 7.13 7.72 7.09 6.64 5.88 7.52 8.70 9.66
99999.90 99999.90 99999.90 99999.90 99999.90 99999.90 99999.90 99999.90 99999.90 99999.90 99999.90 99999.90 99999.90 99999.90 99999.90 99999.90 99999.90 99999.90 99999.90 99999.90 99999.90 99999.90 99999.90 99999.90 99999.90 99999.90 99999.90 99999.90 99999.90 99999.90 99999.90 4.41 4.54 4.54 4.54 4.54 4.54 4.75 4.75 4.22 4.22 3.82 3.82 3.56 3.56 4.79 4.79 4.31 4.31 4.00 4.19 3.95 4.16 3.83 3.01 3.26 4.67 4.01 4.46 2.60 3.03 3.88 3.42 2.98 3.87 3.77 3.54 4.48 6.52 7.14 6.97 7.77 7.13 5.30 7.08 6.91 7.95
99999.90 99999.90 99999.90 99999.90 99999.90 99999.90 99999.90 99999.90 99999.90 99999.90 99999.90 99999.90 99999.90 99999.90 99999.90 99999.90 99999.90 99999.90 99999.90 99999.90 99999.90 99999.90 99999.90 99999.90 99999.90 99999.90 99999.90 99999.90 99999.90 99999.90 99999.90 4.41 4.54 4.54 4.54 4.54 4.75 4.75 4.22 4.22 3.82 3.82 3.56 3.56 4.79 4.79 4.31 3.35 3.35 3.35 3.49 3.61 3.25 3.87 3.44 2.59 4.54 3.35 2.53 3.81 3.77 4.17 4.21 4.07 3.59 4.01 5.05 5.05 6.38 6.84 6.05 6.82 7.20 5.05 5.39 6.08 7.81
99999.90 99999.90 99999.90 99999.90 99999.90 99999.90 99999.90 99999.90 99999.90 99999.90 99999.90 99999.90 99999.90 99999.90 99999.90 99999.90 99999.90 99999.90 99999.90 99999.90 99999.90 99999.90 99999.90 99999.90 99999.90 99999.90 99999.90 99999.90 99999.90 99999.90 99999.90 99999.90 4.54 4.54 4.54 4.75 4.75 4.22 4.22 3.82 3.82 3.56 4.53 4.53 4.53 4.53 4.53 4.53 4.53 3.35 3.49 3.48 3.28 2.59 2.54 2.23 4.57 2.63 1.98 3.46 4.45 3.65 4.66 3.35 3.21 4.20 5.53 6.06 5.38 6.13 6.44 7.21 8.88 5.56 5.46 7.44 8.20
99999.90 99999.90 99999.90 99999.90 99999.90 99999.90 99999.90 99999.90 99999.90 99999.90 99999.90 99999.90 99999.90 99999.90 99999.90 99999.90 99999.90 99999.90 99999.90 99999.90 99999.90 99999.90 99999.90 99999.90 99999.90 99999.90 99999.90 99999.90 99999.90 99999.90 99999.90 99999.90 4.54 4.54 4.75 4.75 4.22 4.22 3.82 4.53 4.53 4.53 4.53 4.53 4.53 4.53 4.53 4.53 4.53 4.53 3.49 3.28 3.61 2.67 2.35 3.01 4.82 2.44 3.41 2.93 4.70 4.09 4.45 3.94 3.76 4.56 4.36 5.45 5.38 5.06 6.43 6.85 7.59 6.38 5.80 7.62 8.24
99999.90 99999.90 99999.90 99999.90 99999.90 99999.90 99999.90 99999.90 99999.90 99999.90 99999.90 99999.90 99999.90 99999.90 99999.90 99999.90 99999.90 99999.90 99999.90 99999.90 99999.90 99999.90 99999.90 99999.90 99999.90 99999.90 99999.90 99999.90 99999.90 99999.90 99999.90 99999.90 99999.90 4.75 4.75 4.22 4.22 3.82 4.53 4.53 4.53 4.53 4.53 4.53 4.53 4.53 4.53 4.53 4.53 4.53 2.73 2.73 2.67 2.54 2.52 3.13 4.69 3.41 4.23 3.42 3.77 5.35 4.05 3.80 2.97 2.78 3.93 5.45 4.25 4.25 6.66 7.58 6.40 7.89 6.53 7.74 9.01
99999.90 99999.90 99999.90 99999.90 99999.90 99999.90 99999.90 99999.90 99999.90 99999.90 99999.90 99999.90 99999.90 99999.90 99999.90 99999.90 99999.90 99999.90 99999.90 99999.90 99999.90 99999.90 99999.90 99999.90 99999.90 99999.90 99999.90 99999.90 99999.90 99999.90 99999.90 99999.90 99999.90 99999.90 4.22 4.22 3.82 3.82 5.58 5.58 5.58 5.58 5.58 5.58 5.58 5.58 5.58 5.58 5.58 5.58 2.73 2.73 3.18 3.12 1.98 3.89 3.50 3.64 4.19 2.40 3.46 4.93 4.48 4.13 2.89 2.03 3.65 6.00 3.53 4.65 6.62 6.49 6.31 7.54 6.82 8.61 9.49
