main/data/irradiance/20.04.2023.grid
ncols 839
nrows 679
xllcenter 112.0500
yllcenter -43.9500
cellsize 0.0500
nodata_value 99999.90
[rows 306 to 339 of 679, columns 539 to 615 of 839]
19.27 19.01 19.26 19.38 19.25 19.21 19.08 19.13 19.18 18.96 19.21 19.20 19.13 19.25 19.15 19.23 19.20 19.32 19.40 19.33 19.40 19.39 19.58 19.64 19.54 19.52 19.37 19.30 19.46 19.54 19.49 19.55 19.57 19.51 19.24 19.40 19.28 19.24 19.11 19.04 19.30 19.27 19.17 19.09 18.98 18.88 18.90 18.96 19.03 19.22 19.30 19.29 18.98 19.03 19.07 19.22 19.31 19.36 19.26 19.32 19.32 18.96 18.83 19.03 19.11 18.86 18.84 18.28 18.37 18.64 18.98 19.11 19.19 19.22 19.22 19.20 19.15
19.01 19.34 19.35 19.36 19.34 19.07 18.90 19.11 19.19 19.18 19.11 19.13 18.83 19.14 19.22 19.29 19.24 19.25 19.33 19.34 19.46 19.54 19.53 19.55 19.52 19.47 19.09 19.12 19.52 19.51 19.50 19.59 19.63 19.47 19.14 19.29 19.24 19.24 19.22 19.19 19.15 19.19 19.09 18.96 19.05 19.04 19.07 19.18 19.11 19.25 19.30 19.18 18.99 19.01 19.15 19.23 19.30 19.33 19.16 19.23 19.20 19.17 18.93 19.01 18.96 18.60 18.39 18.58 18.57 18.57 18.74 19.10 19.15 19.19 19.26 19.32 19.21
19.08 19.31 19.38 19.33 19.44 19.02 18.96 19.10 19.20 19.28 19.16 19.25 19.03 19.05 19.26 19.37 19.32 19.28 19.32 19.34 19.51 19.41 19.50 19.55 19.55 19.42 19.17 19.32 19.46 19.47 19.53 19.61 19.64 19.58 19.26 19.39 19.08 19.23 19.19 19.10 19.14 19.14 19.07 19.08 19.01 19.01 19.00 19.18 19.20 19.25 19.24 19.16 19.12 19.09 19.12 19.26 19.32 19.31 19.17 19.17 19.17 19.20 19.08 18.80 18.25 18.45 18.43 18.46 18.67 18.92 19.04 19.15 19.24 19.22 19.32 19.30 19.18
19.23 19.33 19.34 19.28 18.95 18.91 18.99 19.10 18.74 19.10 19.32 19.26 19.24 19.29 19.26 19.26 19.37 19.59 19.60 19.50 19.43 19.48 19.52 19.52 19.37 19.42 19.43 19.38 19.43 19.48 19.55 19.62 19.56 19.54 18.81 19.30 19.18 19.15 19.14 19.11 19.04 19.06 18.96 18.82 18.92 19.09 19.13 19.18 19.14 19.24 19.23 19.08 19.02 19.18 19.21 19.27 19.10 19.20 19.15 19.08 19.15 19.14 19.10 18.60 18.50 18.60 18.29 18.78 18.91 18.98 19.02 19.20 19.26 19.20 19.21 19.22 19.02
19.22 19.33 19.28 19.35 19.27 19.29 19.21 19.26 19.18 18.98 19.15 19.25 19.25 19.34 19.36 19.21 19.56 19.50 19.49 19.40 19.50 19.30 19.49 19.41 19.34 19.33 19.36 19.42 19.40 19.43 19.52 19.59 19.60 19.50 19.13 19.19 19.22 19.15 19.10 19.08 18.91 18.83 18.88 19.19 19.15 19.17 19.15 19.22 19.15 19.21 19.13 19.15 19.17 19.21 19.31 19.25 19.13 19.13 19.12 19.14 19.07 19.06 18.99 18.53 18.56 18.76 18.71 18.74 18.92 18.99 19.11 19.20 19.19 19.19 19.20 19.17 19.14
19.14 19.21 19.25 19.17 19.25 19.24 19.04 19.21 19.24 19.18 19.10 19.14 19.22 19.14 19.10 19.18 19.47 19.41 19.45 19.46 19.50 19.41 19.37 19.35 19.31 19.26 19.20 19.37 19.36 19.33 19.43 19.52 19.57 19.55 18.99 18.67 18.96 19.12 19.14 19.07 19.05 19.03 19.20 19.23 19.20 19.18 19.18 19.16 19.17 19.12 19.13 19.20 19.22 19.20 19.22 19.10 19.14 19.17 19.15 19.10 19.09 19.03 18.93 18.52 18.64 18.77 18.60 18.55 18.80 19.00 19.07 19.18 19.16 19.23 19.16 19.22 19.26
19.23 19.16 19.19 19.18 18.92 19.30 19.18 19.15 19.19 19.14 19.15 19.21 19.14 19.12 19.13 19.31 19.41 19.49 19.46 19.40 19.42 19.39 19.22 19.32 19.32 19.32 19.34 19.33 19.29 19.27 19.32 19.53 19.55 19.44 18.89 18.45 19.01 19.15 19.13 18.98 18.91 19.05 19.15 19.16 19.10 19.06 19.08 19.12 19.15 19.26 19.25 19.16 19.17 19.26 19.25 19.12 19.14 19.15 19.13 19.12 19.11 18.98 18.87 18.34 18.51 18.73 18.77 18.94 18.99 19.03 19.12 19.19 19.24 19.27 19.14 19.24 19.21
19.01 18.91 18.93 19.05 19.14 19.08 19.19 19.31 19.17 19.18 19.05 19.08 19.00 19.06 18.91 19.00 19.47 19.48 19.19 19.19 19.14 19.13 19.13 19.14 19.13 19.32 19.16 19.36 19.38 19.35 19.49 19.55 19.40 18.87 18.85 18.91 19.10 19.15 19.08 19.08 19.09 19.07 19.16 19.07 18.96 18.88 18.97 19.17 19.18 19.13 19.18 19.20 19.19 19.20 19.17 19.12 19.01 19.03 18.89 18.97 18.99 18.91 18.69 18.62 18.58 18.67 18.60 19.07 19.16 19.10 19.18 19.12 19.19 19.12 19.03 19.11 19.22
19.05 18.96 18.81 19.06 19.11 19.13 19.15 19.20 19.01 18.91 18.76 19.16 19.46 19.45 19.46 19.35 19.41 19.15 19.13 19.11 19.12 19.09 19.07 19.08 19.11 19.09 19.47 19.46 19.41 19.40 19.44 19.36 19.12 19.08 19.11 19.05 19.04 19.02 19.07 19.04 19.01 19.02 19.08 19.05 18.92 18.94 18.89 19.04 19.04 18.94 19.14 19.13 19.15 19.16 19.11 19.06 18.96 18.88 18.87 18.91 18.82 18.41 18.69 18.84 18.93 18.81 18.89 19.05 19.02 19.09 19.03 19.05 19.00 19.11 19.09 19.20 19.19
18.97 19.00 18.97 19.12 19.21 19.17 19.21 19.12 18.92 18.73 19.20 19.42 19.41 19.45 19.15 19.18 19.23 19.18 19.17 19.12 19.14 19.13 19.09 19.08 19.10 19.01 18.91 19.05 19.03 19.09 19.08 18.93 18.93 19.00 19.04 19.00 19.09 19.13 19.05 18.94 19.06 18.96 19.01 18.98 19.03 18.97 18.89 18.94 18.97 19.04 19.21 19.19 19.18 19.15 19.12 19.06 19.06 18.88 18.91 18.78 18.65 18.69 18.63 18.93 19.06 19.05 19.11 19.02 19.02 19.05 19.09 19.14 19.04 19.07 19.11 19.21 19.20
19.07 19.04 18.96 18.88 19.18 19.22 19.22 19.11 19.08 19.40 19.43 19.45 19.11 19.10 19.15 19.17 19.19 19.13 19.16 19.07 19.11 19.10 19.03 19.11 19.09 19.06 19.00 18.93 18.84 18.94 18.97 18.99 19.08 19.06 19.02 19.00 19.14 19.16 19.05 18.99 19.01 18.97 18.87 18.89 18.95 18.92 18.89 18.98 19.02 19.05 19.15 19.04 19.18 19.17 19.03 19.05 19.10 18.81 18.90 18.92 18.93 19.07 19.04 18.99 19.07 19.09 19.03 19.09 19.09 19.09 19.20 19.18 19.02 18.85 19.01 19.15 19.16
19.12 18.99 19.02 19.05 19.17 19.08 18.97 19.23 19.31 19.03 18.97 19.15 19.14 19.08 19.11 19.11 19.18 19.13 19.11 18.97 19.10 19.10 19.07 19.04 19.06 19.10 19.05 19.03 18.96 18.98 18.94 19.03 19.01 19.03 18.99 19.04 19.08 19.10 19.04 19.04 19.01 18.92 18.81 18.88 18.93 18.83 18.88 18.99 19.01 19.06 19.01 19.03 19.03 19.02 19.07 19.08 19.00 18.61 18.81 18.91 18.90 18.90 18.94 18.97 19.09 19.12 18.99 19.00 19.11 19.07 19.03 19.15 19.00 19.00 19.07 19.07 19.13
19.06 19.04 19.05 19.03 19.15 19.07 18.80 18.99 18.86 18.91 19.10 19.07 19.14 19.09 19.05 19.06 19.12 19.05 19.11 19.04 18.97 19.09 19.08 19.02 19.06 19.10 19.07 19.03 19.01 19.04 19.05 18.99 19.03 19.01 19.00 18.96 19.04 19.03 18.89 18.91 18.94 18.86 18.75 18.85 18.93 18.81 18.90 18.99 19.03 19.03 19.01 19.05 19.00 19.10 19.06 19.04 18.89 18.79 18.96 18.91 18.96 19.04 19.07 19.02 19.13 19.09 18.98 19.03 19.04 19.02 18.85 18.82 19.03 19.06 19.05 18.90 19.00
19.09 19.05 18.94 18.97 18.95 19.17 18.65 18.70 18.82 18.81 18.94 19.06 19.06 19.08 19.01 19.05 19.05 19.02 19.04 18.94 19.02 19.13 19.09 19.07 19.02 19.08 19.02 19.09 19.03 19.07 19.05 19.01 19.00 18.97 18.97 18.98 19.04 19.05 18.87 18.93 18.83 18.73 18.72 18.82 18.86 18.75 18.86 18.97 19.06 19.00 19.01 19.08 19.08 19.11 19.05 18.83 18.84 19.01 19.06 19.02 19.04 19.00 19.01 19.01 19.07 19.04 18.97 19.07 19.09 19.03 19.05 18.91 18.98 19.07 19.07 19.08 19.05
19.03 19.02 18.90 18.86 18.94 18.92 18.66 18.70 18.85 18.81 18.94 19.00 18.99 19.02 19.00 18.98 19.02 19.02 18.98 18.76 18.94 19.01 19.02 19.04 19.07 19.11 18.93 19.04 19.04 19.05 19.02 18.88 18.95 18.90 18.91 18.94 18.98 19.07 18.88 18.90 18.87 18.81 18.78 18.75 18.81 18.85 18.80 18.66 18.93 19.00 18.91 19.03 19.03 19.05 18.93 18.93 19.03 19.06 19.02 18.81 18.99 19.09 19.11 19.09 19.00 19.05 18.90 19.05 19.06 19.06 19.05 19.03 19.03 19.04 19.05 19.07 19.07
18.98 18.92 19.00 18.97 18.92 18.90 18.60 18.80 18.85 18.89 18.90 18.95 19.00 18.96 19.02 18.94 18.83 18.89 19.05 19.03 19.00 18.98 18.95 18.92 19.03 19.06 19.02 18.96 19.00 18.98 18.92 18.95 18.94 18.90 18.87 18.93 18.93 19.05 18.66 18.86 18.74 18.75 18.80 18.80 18.74 18.88 18.78 18.75 18.85 18.91 18.89 18.96 19.04 18.95 18.98 18.98 19.11 18.94 18.92 18.94 19.04 19.14 19.07 19.07 19.02 19.06 19.03 19.03 19.06 19.06 19.07 19.04 19.05 19.05 19.06 19.06 19.05
18.95 18.88 18.98 18.89 18.85 18.86 18.81 18.78 18.81 18.82 18.80 18.87 18.91 18.97 18.98 18.83 18.74 18.91 19.02 19.04 18.99 19.00 18.95 18.95 19.06 18.99 18.98 19.02 18.94 18.98 18.67 18.84 18.93 18.90 18.89 18.88 18.87 18.89 18.68 18.75 18.79 18.68 18.86 18.81 18.76 18.75 18.84 18.86 18.87 18.85 18.91 18.93 18.84 18.76 18.94 18.94 18.95 18.81 18.83 18.96 18.71 18.88 19.00 19.01 19.01 18.98 18.98 19.01 19.02 19.03 19.02 19.01 19.00 19.03 19.11 19.07 19.05
18.84 18.87 18.96 18.92 18.85 18.65 18.68 18.74 18.66 18.80 18.71 18.85 18.87 18.91 18.79 18.72 18.80 18.95 18.95 18.97 18.96 18.99 18.88 18.91 18.99 18.96 18.73 18.93 18.87 18.93 18.86 18.88 18.87 18.85 18.88 18.89 18.89 18.87 18.76 18.65 18.56 18.70 18.75 18.75 18.79 18.68 18.87 18.86 18.89 18.97 18.92 18.94 18.98 18.99 18.97 18.87 18.93 18.82 18.64 18.71 18.71 18.81 18.87 19.02 18.99 18.87 18.81 18.96 18.98 18.98 18.98 18.98 18.98 19.02 19.03 19.02 19.02
18.80 18.84 18.98 18.93 18.81 18.65 18.72 18.57 18.78 18.71 18.75 18.79 18.92 18.82 18.75 18.67 18.64 18.89 18.98 18.91 18.85 18.88 18.89 18.87 18.94 18.96 18.76 18.93 18.87 18.86 18.78 18.75 18.83 18.78 18.77 18.80 18.83 18.82 18.84 18.65 18.69 18.66 18.71 18.78 18.76 18.74 18.93 18.85 18.67 18.92 19.04 19.01 18.86 18.95 18.93 18.96 18.90 18.72 18.63 18.78 18.95 18.91 19.01 18.96 18.88 18.72 18.96 18.96 18.93 18.93 18.95 19.00 19.01 19.03 18.95 18.93 18.99
18.77 18.87 18.81 18.78 18.85 18.65 18.71 18.75 18.81 18.84 18.70 18.82 19.02 18.91 19.19 19.04 18.86 19.01 18.97 18.84 18.77 18.76 18.84 18.93 18.92 18.96 18.89 18.77 18.88 18.81 18.78 18.77 18.75 18.70 18.71 18.81 18.82 18.82 18.81 18.78 18.77 18.78 18.77 18.81 18.77 18.71 18.93 18.37 18.76 18.90 18.77 18.73 18.78 18.88 18.81 18.95 18.89 18.64 18.70 18.83 18.93 18.97 18.95 18.86 18.84 18.77 18.91 18.93 18.90 18.88 18.96 18.97 18.99 18.96 18.88 18.82 18.89
18.70 18.84 18.78 18.70 18.75 18.55 18.55 18.65 18.80 19.20 18.77 18.85 18.93 18.86 18.98 19.02 18.91 18.93 18.89 18.82 18.73 18.89 18.87 18.94 18.92 18.94 18.85 18.64 18.77 18.79 18.73 18.68 18.70 18.72 18.74 18.80 18.80 18.83 18.76 18.74 18.70 18.70 18.75 18.79 18.81 18.78 18.78 18.77 18.77 18.92 18.72 18.68 18.83 18.92 18.97 18.96 18.83 18.77 18.73 18.88 18.82 18.82 18.83 18.69 18.79 18.74 18.91 18.90 18.91 18.86 18.93 18.94 18.96 18.94 18.92 18.90 18.87
18.81 18.84 18.87 18.79 18.76 18.62 18.77 18.72 18.88 19.17 18.71 18.66 18.73 18.62 18.92 18.95 18.95 18.96 18.97 18.89 18.91 18.90 18.90 18.91 18.83 18.83 18.76 18.83 18.85 18.77 18.64 18.63 18.73 18.66 18.66 18.77 18.77 18.79 18.77 18.73 18.70 18.74 18.76 18.84 18.89 18.79 18.75 18.65 18.98 18.95 18.72 18.79 18.78 18.85 18.98 18.92 18.74 18.69 18.76 18.88 18.85 18.82 18.82 18.64 18.81 18.85 18.81 18.83 18.86 18.89 18.91 18.94 18.90 18.91 18.88 18.89 18.85
18.89 18.91 18.87 18.80 18.67 18.67 18.63 18.73 18.83 18.82 18.67 18.71 18.82 18.84 18.86 18.95 18.84 18.81 18.93 18.94 18.88 18.98 18.95 18.90 18.72 18.75 18.70 18.70 18.74 18.68 18.62 18.64 18.70 18.77 18.71 18.79 18.76 18.75 18.69 18.69 18.67 18.63 18.67 18.84 18.85 18.86 18.88 18.52 18.94 18.77 18.85 18.84 18.86 18.94 19.01 18.96 18.85 18.92 18.84 18.79 18.78 18.82 18.74 18.67 18.66 18.70 18.79 18.78 18.87 18.90 18.90 18.88 18.89 18.92 18.89 18.86 18.84
18.96 18.95 18.85 18.72 18.68 18.72 18.89 18.63 18.68 18.74 18.55 18.62 18.72 18.76 18.86 18.89 18.85 18.82 18.90 18.76 18.76 18.84 18.82 18.74 18.56 18.51 18.43 18.30 18.58 18.64 18.59 18.58 18.66 18.75 18.78 18.76 18.72 18.71 18.70 18.71 18.71 18.66 18.50 18.68 18.81 18.86 18.87 18.90 18.76 18.84 18.91 18.85 18.91 18.92 18.82 18.87 18.87 18.85 18.66 18.71 18.78 18.74 18.73 18.69 18.69 18.68 18.68 18.68 18.63 18.70 18.76 18.83 18.87 18.84 18.87 18.87 18.83
18.84 18.93 18.87 18.78 19.05 18.87 18.68 18.64 18.64 19.01 19.05 18.69 18.57 18.73 18.86 18.87 18.84 18.77 18.90 18.85 18.65 18.65 18.68 18.65 18.46 18.57 18.37 18.33 18.45 18.65 18.67 18.53 18.63 18.74 18.75 18.71 18.70 18.70 18.67 18.68 18.70 18.70 18.70 18.71 18.80 18.89 18.91 18.90 18.95 18.94 18.91 18.81 18.87 18.84 18.78 18.91 18.84 18.74 18.69 18.84 18.82 18.69 18.78 18.79 18.79 18.70 18.64 18.68 18.59 18.37 18.65 18.81 18.85 18.81 18.81 18.84 18.86
18.83 18.85 18.94 18.91 19.01 18.83 18.78 18.80 19.05 18.96 19.00 19.00 18.55 18.64 18.82 18.85 18.90 18.72 18.72 18.81 18.68 18.63 18.56 18.57 18.45 18.58 18.68 18.44 18.57 18.70 18.68 18.60 18.67 18.71 18.70 18.69 18.71 18.69 18.70 18.71 18.71 18.66 18.75 18.74 18.80 18.86 18.84 18.89 18.91 18.95 18.92 18.77 18.77 18.85 18.86 18.87 18.88 18.62 18.82 18.86 18.69 18.69 18.67 18.62 18.75 18.56 18.70 18.75 18.67 18.62 18.76 18.79 18.86 18.84 18.75 18.81 18.82
18.72 18.71 18.98 18.89 18.94 19.00 18.96 18.94 18.84 18.85 18.87 19.01 18.59 18.52 18.60 18.86 18.81 18.72 18.81 18.70 18.67 18.65 18.63 18.49 18.45 18.64 18.66 18.19 18.34 18.67 18.63 18.61 18.62 18.72 18.67 18.67 18.70 18.71 18.69 18.74 18.73 18.61 18.76 18.78 18.78 18.75 18.81 18.83 18.83 18.86 18.80 18.66 18.73 18.82 18.82 18.85 18.88 18.70 18.83 18.73 18.65 18.63 18.73 18.58 18.64 18.67 18.72 18.74 18.69 18.65 18.72 18.79 18.78 18.83 18.78 18.81 18.81
18.70 18.88 18.95 18.90 18.82 19.00 18.93 18.92 18.87 18.86 18.97 19.04 18.56 18.70 18.83 18.82 18.75 18.75 18.75 18.72 18.63 18.68 18.69 18.60 18.65 18.67 18.55 18.32 18.59 18.65 18.66 18.68 18.72 18.70 18.69 18.68 18.71 18.68 18.73 18.76 18.73 18.72 18.78 18.82 18.80 18.76 18.81 18.80 18.83 18.84 18.77 18.71 18.67 18.69 18.66 18.61 18.78 18.80 18.83 18.77 18.60 18.64 18.65 18.62 18.52 18.61 18.70 18.66 18.73 18.67 18.72 18.66 18.68 18.71 18.78 18.79 18.84
18.76 18.93 18.96 18.93 18.95 18.97 18.98 18.97 19.02 18.90 18.47 18.62 18.83 18.76 18.82 18.76 18.79 18.76 18.71 18.79 18.83 18.71 18.66 18.59 18.61 18.68 18.61 18.62 18.59 18.51 18.66 18.64 18.73 18.70 18.69 18.68 18.70 18.71 18.71 18.73 18.74 18.73 18.79 18.79 18.78 18.75 18.82 18.81 18.78 18.78 18.77 18.71 18.64 18.70 18.69 18.67 18.83 18.73 18.88 18.84 18.54 18.70 18.67 18.68 18.62 18.62 18.68 18.67 18.61 18.66 18.70 18.67 18.73 18.72 18.75 18.77 18.79
18.76 18.77 18.69 18.76 18.72 19.00 18.75 18.82 18.65 18.82 18.72 18.82 18.70 18.66 18.66 18.77 18.68 18.69 18.62 18.72 18.73 18.53 18.60 18.59 18.52 18.57 18.61 18.62 18.64 18.60 18.66 18.68 18.70 18.67 18.65 18.65 18.67 18.73 18.76 18.73 18.72 18.70 18.75 18.76 18.71 18.80 18.76 18.75 18.72 18.68 18.65 18.69 18.62 18.71 18.68 18.76 18.78 18.77 18.86 18.88 18.66 18.66 18.85 18.82 18.66 18.72 18.72 18.71 18.69 18.64 18.62 18.55 18.67 18.74 18.74 18.71 18.75
18.71 18.72 18.58 18.59 18.66 18.74 18.73 18.72 18.53 18.75 18.77 18.62 18.77 18.68 18.61 18.71 18.72 18.69 18.69 18.74 18.70 18.59 18.51 18.55 18.61 18.55 18.60 18.60 18.51 18.62 18.68 18.70 18.69 18.71 18.68 18.68 18.64 18.63 18.69 18.68 18.68 18.68 18.71 18.74 18.73 18.79 18.76 18.74 18.75 18.70 18.70 18.67 18.64 18.70 18.66 18.72 18.71 18.81 18.82 18.88 18.63 18.44 18.61 18.67 18.62 18.65 18.66 18.63 18.56 18.55 18.65 18.65 18.66 18.69 18.67 18.64 18.71
18.70 18.68 18.65 18.63 18.58 18.62 18.63 18.60 18.68 18.68 18.66 18.69 18.69 18.68 18.59 18.61 18.66 18.64 18.69 18.82 18.70 18.59 18.45 18.55 18.74 18.56 18.56 18.52 18.43 18.59 18.70 18.71 18.70 18.71 18.70 18.71 18.69 18.62 18.66 18.69 18.66 18.69 18.69 18.74 18.73 18.77 18.73 18.70 18.70 18.71 18.67 18.69 18.65 18.65 18.58 18.60 18.57 18.76 18.74 18.71 18.43 18.43 18.48 18.55 18.67 18.65 18.68 18.65 18.49 18.46 18.51 18.59 18.58 18.71 18.71 18.61 18.64
18.77 18.73 18.58 18.70 18.62 18.56 18.59 18.59 18.62 18.63 18.66 18.65 18.63 18.62 18.69 18.32 18.57 18.63 18.64 18.72 18.67 18.60 18.58 18.52 18.49 18.57 18.61 18.62 18.53 18.62 18.71 18.69 18.69 18.67 18.64 18.67 18.66 18.67 18.66 18.66 18.65 18.67 18.69 18.69 18.76 18.76 18.70 18.71 18.72 18.67 18.62 18.64 18.63 18.66 18.64 18.63 18.61 18.74 18.72 18.68 18.47 18.40 18.55 18.59 18.61 18.63 18.60 18.60 18.66 18.64 18.56 18.62 18.63 18.60 18.69 18.63 18.63
18.62 18.63 18.63 18.65 18.61 18.65 18.59 18.66 18.66 18.62 18.63 18.65 18.58 18.59 18.65 18.65 18.61 18.61 18.60 18.62 18.66 18.57 18.58 18.12 18.11 18.56 18.54 18.76 18.65 18.62 18.65 18.67 18.71 18.69 18.67 18.64 18.64 18.65 18.62 18.64 18.64 18.65 18.68 18.64 18.66 18.73 18.69 18.71 18.70 18.62 18.58 18.54 18.56 18.63 18.63 18.65 18.62 18.59 18.73 18.70 18.47 18.45 18.59 18.65 18.62 18.58 18.57 18.59 18.59 18.62 18.52 18.49 18.50 18.63 18.68 18.64 18.58
