main/data/irradiance/20.03.2023.grid
ncols 839
nrows 679
xllcenter 112.0500
yllcenter -43.9500
cellsize 0.0500
nodata_value 99999.90
[rows 238 to 271 of 679, columns 231 to 307 of 839]
23.84 24.30 22.61 22.25 22.70 20.73 20.71 22.12 22.51 22.89 20.61 21.61 23.31 22.04 22.15 21.59 22.02 23.61 23.08 21.87 20.51 21.14 20.51 21.24 19.94 21.12 21.96 21.73 21.93 21.18 21.77 21.91 23.19 24.13 23.92 23.66 23.95 23.62 23.85 24.18 24.11 24.28 24.69 24.32 24.38 24.34 24.39 24.24 23.93 23.16 23.16 23.84 24.02 23.60 23.55 24.20 23.43 24.05 23.97 23.96 23.65 23.95 23.86 23.92 23.67 24.04 23.68 23.55 23.60 22.58 23.40 23.32 23.90 23.28 23.72 23.55 23.70
23.74 23.83 22.38 22.37 23.00 22.08 21.23 21.57 21.45 22.84 21.91 22.22 22.38 21.38 22.79 20.99 21.91 22.90 22.81 22.42 22.14 21.45 19.97 21.26 21.02 21.81 22.12 22.19 22.63 22.83 22.58 23.36 23.74 24.04 23.99 24.52 24.16 24.32 24.11 24.40 24.69 24.57 24.68 24.59 24.45 24.19 24.42 24.20 24.23 24.03 23.65 24.24 24.14 23.34 23.38 24.26 23.61 24.44 23.68 23.69 23.56 23.93 23.70 24.07 23.74 23.69 24.01 24.10 23.65 23.91 23.44 24.02 23.75 23.92 23.51 22.91 23.67
23.72 23.35 23.18 22.88 22.41 22.95 22.79 22.97 21.07 21.83 22.61 22.89 22.54 21.90 22.36 21.48 21.51 21.10 21.16 21.81 22.20 21.39 20.03 20.61 20.61 21.20 22.14 22.40 22.69 22.90 22.91 23.63 23.92 23.78 24.01 24.23 24.28 24.43 24.74 24.29 24.88 24.93 24.77 24.79 24.37 24.47 23.94 24.20 24.28 24.37 24.13 24.02 23.88 23.69 23.10 23.10 23.42 24.22 23.45 23.37 23.68 23.38 23.68 24.23 23.91 24.03 24.16 24.06 23.82 23.61 23.70 24.05 23.79 23.63 23.69 23.45 23.62
23.29 23.04 22.97 22.90 22.52 23.37 22.59 23.12 23.04 22.05 22.27 22.28 22.01 21.51 21.98 21.29 22.13 21.27 21.52 21.09 20.92 20.24 20.11 20.06 21.68 20.96 21.78 22.54 21.53 21.62 22.48 23.09 23.36 24.21 24.25 24.07 24.30 24.14 24.04 24.50 24.62 24.60 24.43 24.64 24.54 24.30 24.12 23.97 24.06 24.34 23.94 24.22 23.99 23.83 23.29 22.98 23.64 24.23 24.05 23.75 24.00 23.80 24.05 24.15 24.41 23.73 23.90 24.21 23.78 23.85 23.03 23.64 23.83 23.95 23.54 24.10 23.76
23.08 23.03 23.01 23.60 23.15 23.12 22.65 22.34 22.35 23.33 23.38 23.21 22.14 21.34 21.30 21.22 22.64 21.44 19.70 19.52 19.75 20.10 19.57 19.60 21.07 20.69 20.95 20.23 21.49 21.34 21.68 22.86 23.13 23.80 24.16 23.89 23.94 24.12 24.24 24.47 24.47 24.61 24.51 24.49 24.56 24.42 24.55 24.33 23.54 23.45 23.81 24.25 23.70 24.07 23.05 24.05 24.14 24.25 24.02 24.12 24.51 24.21 23.76 24.63 24.22 23.76 23.48 24.30 23.97 23.98 23.44 23.56 23.48 23.81 23.54 23.45 23.52
23.52 23.11 23.02 23.36 23.39 22.61 22.96 22.39 21.69 22.93 23.60 23.30 21.59 21.81 22.16 20.81 20.75 21.17 20.74 19.54 19.40 19.41 18.05 20.12 19.50 19.41 20.43 19.77 20.62 20.27 21.05 23.21 22.02 23.39 23.83 23.90 23.59 23.66 24.00 24.40 24.50 24.46 24.41 24.43 24.70 24.40 24.68 24.65 24.60 24.02 23.48 24.36 24.10 23.58 23.94 24.06 24.23 24.18 24.35 23.88 23.53 23.97 24.33 24.17 24.37 24.18 23.88 23.65 24.17 23.66 23.50 23.75 23.32 23.66 23.87 23.44 23.65
23.64 23.52 23.37 23.59 22.77 23.19 23.28 22.94 22.88 23.74 23.48 22.92 22.02 22.28 21.83 21.42 21.25 22.01 22.25 21.19 21.66 20.94 18.54 19.44 20.14 19.84 19.79 20.42 20.86 21.50 20.90 20.97 20.93 22.81 23.09 23.11 23.82 24.02 24.11 24.49 24.48 24.53 24.54 24.50 24.63 23.92 23.92 24.11 24.40 24.37 24.36 24.38 24.18 23.20 23.26 23.79 24.24 24.13 23.61 23.32 22.88 23.64 23.90 23.38 24.18 24.12 24.06 23.99 24.24 23.80 23.37 23.69 23.45 23.72 23.72 23.89 23.81
23.85 23.77 23.49 24.22 20.13 21.72 23.41 23.16 23.30 23.44 23.51 22.93 21.87 22.70 21.81 21.40 21.80 21.62 23.13 22.74 22.15 22.46 19.74 20.03 20.18 20.28 19.32 19.05 20.02 19.94 20.48 20.97 20.50 21.16 21.77 22.01 23.26 23.56 23.91 23.49 24.27 23.94 24.26 24.10 24.55 24.03 23.39 23.38 24.09 24.13 24.44 24.33 24.15 23.15 23.11 23.58 24.28 23.98 24.12 23.60 23.97 23.86 24.24 23.92 23.62 24.06 23.80 23.84 23.89 23.86 23.92 23.65 23.92 23.69 23.73 24.01 23.78
23.83 23.83 23.82 24.05 23.13 22.44 23.45 23.14 22.98 23.23 23.52 23.26 23.24 22.57 22.32 21.12 20.63 22.22 21.00 22.08 22.67 22.84 21.15 20.55 21.13 20.52 20.85 18.98 20.41 19.43 19.06 19.91 20.05 21.51 21.27 21.32 21.59 22.89 22.79 24.02 23.62 23.93 23.34 24.02 23.79 23.57 23.82 23.43 23.56 24.05 23.76 24.18 24.00 23.30 22.45 23.61 24.29 23.28 23.67 24.12 24.08 24.22 24.14 24.12 24.30 23.92 23.67 24.16 23.97 23.75 24.28 23.87 23.74 24.01 23.42 23.91 23.77
23.80 24.15 24.00 24.06 24.12 23.69 23.97 23.74 23.28 22.88 23.23 23.24 23.02 22.82 22.60 22.88 21.94 22.56 20.12 20.80 22.50 22.60 21.61 21.60 20.96 21.26 20.80 19.83 19.78 20.62 21.05 20.32 18.47 20.54 22.23 22.60 22.05 21.15 22.03 23.63 23.27 23.30 22.64 23.79 23.85 23.72 23.98 23.88 23.84 23.84 23.39 23.33 23.88 24.13 23.91 23.66 24.45 23.22 22.94 23.27 22.55 24.12 24.25 24.10 24.01 23.80 23.11 24.06 23.68 24.14 24.09 24.21 24.07 24.27 23.94 23.95 24.06
24.17 24.12 24.28 24.33 24.71 24.30 23.58 23.75 23.89 23.38 23.37 22.94 22.89 23.06 23.03 22.83 22.74 22.99 22.15 20.17 22.15 22.26 21.82 19.97 20.15 21.54 22.26 21.57 19.82 19.71 22.58 22.26 21.40 22.00 22.38 22.35 21.90 22.76 23.52 22.72 22.68 22.93 23.26 23.30 23.98 23.33 23.98 23.86 23.70 23.41 23.17 23.40 23.26 24.06 24.04 24.08 23.72 23.71 23.81 22.88 23.39 23.91 23.32 24.03 23.49 24.17 24.10 24.16 24.18 24.02 24.14 23.97 24.22 24.25 23.94 24.12 24.16
24.36 24.39 24.12 24.53 24.46 24.30 24.03 23.64 23.54 23.43 23.05 23.15 23.28 22.56 22.45 23.05 22.84 23.19 22.60 21.33 22.09 21.05 21.79 19.55 21.01 20.56 22.59 22.10 19.83 20.87 22.27 22.06 21.86 21.52 21.74 22.28 22.17 22.72 22.57 22.65 22.84 23.07 23.33 23.72 23.42 23.02 23.67 23.44 23.25 23.12 22.26 23.28 23.61 23.94 24.16 24.01 22.83 23.34 23.88 23.12 23.89 23.42 23.42 23.63 24.09 23.58 24.13 24.08 24.17 24.28 24.25 24.16 24.18 23.98 23.94 24.20 23.89
23.76 24.29 24.39 24.38 24.10 24.16 23.96 23.54 23.38 22.91 23.14 22.61 22.55 22.30 22.25 22.59 22.94 22.68 22.46 22.23 22.37 22.93 22.36 21.19 21.45 19.72 21.81 20.72 20.48 20.72 22.08 22.31 21.41 20.00 20.92 21.07 21.25 21.99 21.98 22.67 22.59 22.99 22.96 23.09 23.17 22.20 22.06 22.79 23.52 23.13 22.90 23.83 23.76 24.13 24.03 24.14 23.64 23.25 23.95 23.88 23.98 23.70 24.16 24.00 23.79 23.92 23.85 23.64 24.21 24.07 24.05 24.11 23.97 24.16 23.93 23.91 24.01
23.78 24.27 23.85 24.05 23.50 24.01 23.69 23.72 23.17 22.24 22.55 22.65 21.97 22.01 22.44 22.16 22.19 22.26 22.72 22.50 21.68 22.42 22.32 22.10 22.43 22.13 20.86 21.63 22.09 22.19 22.48 22.84 22.49 22.07 22.61 22.11 21.76 20.96 20.67 22.37 23.08 22.48 23.06 22.84 23.27 23.01 22.13 22.85 23.21 23.16 23.25 23.88 23.66 23.68 23.73 24.17 23.50 23.19 23.75 24.10 24.09 23.62 24.18 24.00 23.75 23.95 23.64 24.21 23.94 24.13 23.93 24.23 23.90 24.05 24.02 23.98 23.91
24.43 24.40 24.51 24.05 23.80 23.55 23.04 23.34 23.24 22.59 22.38 23.11 22.43 22.27 22.21 21.32 21.82 22.02 22.83 22.41 22.32 22.79 22.48 22.58 22.68 22.52 22.00 22.39 23.12 23.19 22.26 22.59 23.13 23.41 23.45 22.61 22.52 22.25 21.46 22.42 22.16 23.38 23.14 23.48 23.44 23.37 23.15 23.19 23.08 23.28 23.34 22.85 22.46 23.12 23.55 23.24 23.55 23.88 23.61 24.13 23.80 24.00 23.85 24.13 23.75 23.56 23.81 24.00 23.28 24.05 24.10 24.08 24.16 24.18 24.17 24.04 24.11
24.30 24.29 24.34 24.48 24.18 23.97 23.21 23.45 23.81 23.77 23.49 23.66 23.41 23.43 22.74 22.18 21.63 21.93 22.33 21.89 22.52 22.52 22.59 22.63 22.10 22.59 22.28 21.89 22.83 22.27 21.62 22.68 23.03 23.16 23.31 22.98 22.64 22.17 22.10 22.81 22.81 23.16 23.29 23.65 23.43 23.30 23.34 23.10 22.77 22.94 23.32 22.20 22.36 22.75 23.04 22.97 23.45 24.02 23.84 23.82 24.02 24.02 23.51 24.16 23.99 23.92 23.96 23.80 23.98 24.11 23.90 24.17 23.99 24.12 24.00 24.00 24.14
24.07 23.83 24.34 24.26 24.30 24.13 23.97 23.60 23.73 23.55 23.78 23.92 23.98 24.11 23.98 22.68 22.00 22.61 22.05 22.23 22.61 22.47 22.71 21.61 22.30 22.83 22.71 22.43 21.83 21.78 21.24 21.92 22.84 21.54 22.55 22.49 22.82 22.40 21.96 22.57 22.43 23.37 23.44 23.50 23.08 23.05 23.38 23.31 22.32 22.29 23.18 22.97 22.01 22.90 23.23 23.31 23.85 24.01 24.11 23.50 23.95 23.99 23.65 23.89 23.56 24.19 24.15 23.39 23.96 24.14 24.02 24.00 24.01 24.06 24.01 24.05 23.91
24.26 24.08 24.18 24.21 24.24 24.30 24.41 23.91 23.73 23.50 23.42 23.83 23.78 23.91 23.88 23.04 22.92 22.97 22.30 22.18 22.49 22.63 21.29 21.92 22.49 22.94 22.32 20.95 20.57 20.95 20.54 21.64 21.76 21.46 21.77 21.94 21.92 22.14 22.03 21.95 22.50 22.43 22.60 23.10 22.81 22.86 22.90 23.46 22.72 22.16 22.81 23.04 22.41 22.57 22.93 23.67 23.62 23.59 23.84 23.83 23.77 24.02 23.89 24.08 23.92 24.10 23.68 23.71 24.05 24.11 23.90 23.83 24.11 24.19 24.02 23.80 24.04
24.31 23.61 23.82 24.19 24.24 23.67 24.10 23.93 23.63 23.67 23.75 23.80 23.92 23.86 24.06 23.67 23.86 23.47 23.33 22.95 22.57 21.98 20.66 21.77 21.83 22.66 21.57 20.41 20.27 21.27 21.06 21.05 21.45 21.55 20.87 21.11 20.98 21.72 21.20 20.98 22.10 21.50 22.07 22.63 22.82 23.49 23.13 23.18 22.50 22.33 22.39 23.13 22.88 22.65 22.78 23.63 24.05 23.77 24.28 24.18 23.49 24.14 23.88 23.87 24.14 23.67 23.58 23.61 24.14 23.57 24.15 23.94 24.26 23.99 23.93 23.54 23.28
24.31 23.92 23.33 24.12 24.04 23.27 23.83 23.70 23.83 23.58 23.67 23.94 23.71 23.73 23.45 23.95 24.01 23.27 23.17 23.44 22.78 22.99 22.53 23.05 22.82 22.90 22.07 20.65 21.12 20.84 20.40 20.97 20.87 20.44 20.74 21.15 21.15 21.69 21.58 20.87 22.12 22.44 22.07 22.53 22.84 23.18 23.25 22.68 22.55 22.36 22.59 22.47 22.44 23.05 23.22 23.77 23.83 23.24 24.30 24.28 23.92 24.07 24.07 24.11 23.79 23.81 23.90 23.96 23.97 24.10 24.28 23.51 23.93 23.78 23.85 23.49 23.52
24.08 23.84 23.81 23.89 24.10 23.89 23.63 23.43 23.70 23.81 23.73 24.06 23.92 23.68 24.05 23.48 23.20 23.45 23.03 23.01 23.30 23.75 23.30 22.99 23.29 22.55 21.97 21.14 21.08 20.48 19.62 21.40 20.79 20.92 21.12 21.07 20.98 21.68 21.69 22.42 22.50 22.75 22.57 22.76 22.81 23.47 23.13 22.41 22.48 22.73 22.97 22.53 22.61 22.94 22.91 23.13 23.84 24.08 24.20 23.62 24.06 23.88 23.88 23.87 23.84 24.01 23.98 24.13 24.04 24.20 24.02 23.43 23.57 23.33 23.72 23.13 23.02
24.23 23.57 23.92 24.02 24.12 23.89 23.79 23.45 23.53 23.79 23.98 23.51 23.49 23.75 23.93 22.74 22.51 23.21 22.66 22.73 23.11 23.45 22.65 22.36 22.63 22.23 21.88 21.37 21.29 20.54 19.70 20.70 20.31 20.04 21.56 21.57 21.33 21.83 21.40 22.38 22.47 22.72 22.79 22.69 23.48 23.18 22.83 22.47 22.63 22.89 22.56 22.54 22.55 23.10 21.89 23.25 23.88 24.12 23.77 23.05 23.96 23.78 23.87 23.93 23.87 23.86 23.92 24.04 24.01 23.89 23.53 23.29 23.07 23.15 23.72 23.52 22.37
23.90 23.69 23.64 23.94 23.98 23.91 23.76 23.66 23.67 24.07 23.95 23.35 23.01 23.27 23.33 22.88 22.02 21.92 22.23 22.30 22.18 21.75 21.49 21.69 22.55 22.46 21.58 21.06 21.84 20.79 20.70 20.95 20.73 21.15 21.11 21.03 22.02 22.62 21.82 22.42 22.94 22.69 22.53 22.84 23.24 22.65 22.63 22.82 22.96 22.85 22.57 22.63 22.60 23.24 22.62 22.98 23.75 24.14 23.67 23.83 24.11 24.09 23.85 24.05 23.83 23.78 23.96 24.17 24.02 24.18 23.58 23.58 23.43 23.81 23.73 24.06 23.64
24.25 23.99 23.51 23.66 23.87 24.32 24.21 24.15 24.29 24.27 23.90 23.38 23.47 23.44 22.94 23.05 22.52 21.51 22.56 23.19 22.86 21.32 20.90 21.22 21.52 21.13 20.82 20.80 20.93 20.64 21.60 20.84 21.02 21.37 21.01 20.97 21.91 22.82 22.30 22.69 22.63 22.40 22.38 22.37 22.82 22.30 22.26 22.93 23.39 23.11 22.38 22.48 22.16 23.42 23.68 23.06 23.73 23.96 23.61 23.44 24.07 24.28 23.90 23.96 24.14 23.93 23.88 23.97 24.27 24.26 23.40 24.07 24.05 23.94 23.56 22.66 23.31
24.26 24.02 24.11 23.83 24.00 24.08 24.26 24.28 24.24 24.16 24.16 23.68 23.70 24.27 23.45 22.90 23.29 22.77 22.25 23.60 23.31 22.43 21.25 21.32 20.82 20.96 20.83 21.60 21.18 21.00 22.17 22.31 21.76 21.78 20.87 21.46 21.53 21.86 21.94 22.96 22.90 22.38 21.80 22.08 21.48 22.11 22.34 22.12 22.98 22.86 22.81 22.59 22.44 22.55 22.97 22.98 23.11 23.81 23.48 23.74 23.92 23.78 24.03 24.27 24.19 23.78 24.09 23.98 24.32 24.15 23.51 23.39 23.44 24.20 23.95 23.06 22.81
24.30 24.32 23.89 23.87 24.14 24.11 23.93 24.23 24.18 24.29 24.16 24.15 24.21 23.66 23.41 23.63 23.46 23.08 22.77 22.77 22.45 22.40 21.84 21.30 21.61 22.41 22.76 22.36 21.49 21.23 22.73 22.53 22.24 22.11 22.02 22.01 21.73 21.08 21.56 22.54 22.67 22.14 21.56 21.55 21.37 21.41 21.99 21.71 22.74 23.05 22.92 23.07 23.27 23.55 23.04 23.24 22.62 22.50 23.42 23.95 24.12 24.19 23.95 23.98 24.05 23.78 24.18 23.97 23.57 23.82 23.14 23.01 23.56 23.77 23.97 23.67 21.76
24.29 24.09 24.04 24.00 23.96 23.47 23.97 23.96 24.04 24.01 24.17 24.25 23.95 23.29 23.50 23.80 23.54 22.65 22.57 22.36 22.90 22.32 22.36 21.49 21.80 22.68 22.99 22.06 22.53 22.34 21.94 22.06 22.95 22.72 22.50 21.86 21.96 21.22 21.37 22.58 21.65 21.57 21.90 21.35 21.73 21.42 21.48 21.70 23.07 23.32 23.17 23.09 23.61 23.64 23.52 23.42 23.10 22.65 23.54 24.16 24.18 24.21 24.07 24.06 24.05 23.79 23.71 23.97 23.93 23.27 23.98 23.56 23.89 24.01 23.81 23.24 23.75
24.00 24.18 24.11 23.82 23.80 23.53 23.89 23.65 24.10 24.21 24.27 24.17 23.90 23.40 23.48 23.65 23.26 22.54 22.29 22.23 22.49 22.53 22.55 21.34 20.60 22.15 22.55 21.49 22.60 22.82 22.28 22.74 22.64 22.75 22.89 22.78 22.36 22.33 22.50 22.64 21.73 21.84 21.71 21.79 22.12 22.33 21.58 21.77 22.79 23.27 23.09 23.32 23.55 23.53 23.36 23.57 23.87 23.60 23.92 24.17 24.08 23.64 23.48 23.99 23.95 23.77 23.44 23.78 23.63 23.78 23.92 24.05 23.87 23.62 23.95 23.31 23.79
24.14 24.20 24.15 24.02 23.68 23.76 23.65 23.56 24.10 24.05 24.18 24.05 23.74 23.82 23.75 23.97 23.48 23.22 22.78 22.58 22.53 22.55 21.65 21.28 21.71 22.48 22.76 22.34 22.35 21.90 22.39 23.19 23.21 22.97 23.79 23.53 23.27 23.47 23.18 22.46 21.51 21.57 21.38 21.94 22.41 22.50 22.14 22.08 22.82 23.24 22.85 23.53 23.38 23.54 23.75 23.75 24.00 23.60 23.55 23.50 24.23 23.48 24.28 23.15 24.20 24.20 23.76 23.87 23.82 23.86 24.35 23.98 23.78 23.76 24.05 23.76 23.03
24.05 24.13 24.03 24.07 23.93 23.86 23.84 23.85 23.63 23.90 23.76 24.05 23.72 23.60 23.52 23.75 23.08 22.67 22.39 22.43 21.86 22.57 22.86 22.17 21.88 23.34 22.86 22.62 22.81 22.50 22.93 23.28 23.22 23.12 23.55 23.23 23.36 23.05 22.44 22.46 22.69 22.00 21.33 21.56 21.64 21.84 22.06 22.74 23.50 22.98 23.17 23.60 23.36 23.63 23.88 23.93 23.49 23.34 23.32 23.91 23.30 24.16 24.15 24.08 24.18 24.08 23.85 22.98 23.61 23.91 23.92 23.71 23.95 23.87 23.68 23.11 23.57
24.06 24.09 24.07 23.97 23.98 24.16 23.79 23.75 23.70 23.69 23.74 23.81 23.64 22.94 23.00 23.04 22.91 22.67 23.40 23.17 22.67 22.54 22.78 22.83 23.06 23.58 22.75 22.61 23.12 23.11 23.11 22.37 23.01 23.21 23.18 22.90 22.93 22.59 22.78 21.97 22.72 22.78 22.26 21.67 21.26 21.51 22.46 22.88 23.20 23.29 23.46 23.72 23.42 23.51 23.70 23.84 23.82 23.08 23.65 23.91 23.86 24.05 23.96 24.24 23.96 23.88 23.69 23.64 23.88 23.96 23.86 23.96 24.19 24.14 24.05 23.72 23.62
23.84 23.77 24.06 23.72 23.80 24.10 24.09 23.94 23.94 24.06 23.86 23.89 23.38 22.93 23.01 22.49 23.12 23.63 23.75 23.08 22.47 22.64 23.03 22.78 23.64 22.94 22.88 22.59 22.79 23.09 22.93 22.43 22.45 22.19 22.45 22.83 22.38 22.33 21.91 22.65 23.18 22.90 22.65 22.02 21.72 22.12 21.94 22.31 22.19 22.86 23.14 23.50 23.54 23.50 23.74 23.69 23.35 22.77 22.99 23.30 23.95 23.70 23.72 23.89 24.15 23.73 23.85 23.98 24.03 23.64 24.01 24.00 24.41 23.85 23.57 24.28 23.35
23.61 23.92 24.11 24.18 23.90 23.69 23.97 23.88 23.94 24.11 23.90 23.83 23.24 23.40 23.60 23.24 23.23 23.83 23.61 23.15 22.46 21.66 22.02 22.47 22.78 23.49 23.84 23.08 23.00 23.30 23.01 22.37 22.06 22.37 22.33 22.58 22.30 23.00 22.86 23.29 22.63 22.24 22.17 22.23 22.60 22.51 22.45 22.39 22.69 22.79 22.99 23.34 23.51 23.22 23.63 23.63 23.21 22.28 22.65 22.47 23.69 24.02 23.75 23.93 23.71 24.14 23.88 24.10 23.76 23.84 23.90 23.59 23.92 23.89 23.73 24.19 23.38
24.11 24.05 23.98 24.09 24.05 23.78 23.79 23.91 23.84 23.55 23.80 23.86 23.47 23.82 23.51 23.56 23.34 23.30 23.36 23.05 22.81 22.83 22.61 22.72 22.98 22.87 23.38 23.07 22.42 23.28 23.23 22.33 22.10 22.13 22.29 22.38 22.97 23.45 23.00 22.84 22.86 22.51 21.88 21.75 22.15 22.38 22.68 22.50 22.83 22.89 23.31 23.38 23.73 23.44 23.91 22.89 22.75 22.63 22.91 21.96 23.14 22.92 23.43 23.64 23.78 24.11 23.96 23.84 23.86 23.70 23.80 23.74 24.04 23.94 23.99 24.30 23.94
