main/data/irradiance/20.08.2023.grid
ncols 839
nrows 679
xllcenter 112.0500
yllcenter -43.9500
cellsize 0.0500
nodata_value 99999.90
[rows 476 to 509 of 679, columns 539 to 615 of 839]
15.59 15.46 15.55 15.01 14.42 13.69 14.81 14.39 14.93 15.61 15.64 15.57 15.72 15.65 15.55 15.60 15.56 15.31 15.23 15.04 14.63 14.41 14.08 13.85 13.67 13.50 13.15 12.66 12.33 12.07 11.95 11.66 11.60 11.31 11.15 10.93 10.70 10.28 10.13 10.05 9.98 10.07 9.96 9.90 9.80 9.63 9.54 9.38 9.51 9.65 9.62 9.47 9.30 9.02 8.85 8.55 8.23 8.03 7.67 7.42 7.16 7.12 7.31 7.76 8.11 8.64 9.04 9.52 9.93 10.23 10.22 10.36 10.30 10.45 10.13 10.68 10.57
15.64 15.44 15.34 15.17 14.58 13.89 14.00 14.89 15.37 15.66 15.66 15.50 15.67 15.65 15.54 15.56 15.41 15.22 15.04 14.82 14.50 14.50 14.30 13.65 13.38 13.24 12.85 12.42 12.08 11.96 11.74 11.61 11.41 11.16 10.92 10.82 10.54 10.14 9.81 9.72 9.52 9.62 9.52 9.49 9.53 9.41 9.24 9.12 9.18 9.39 9.41 9.30 9.00 8.86 8.58 8.41 8.26 8.12 7.74 7.42 7.07 7.04 7.12 7.37 7.83 8.59 9.31 9.71 9.90 9.89 10.13 10.19 10.10 9.77 9.87 10.28 10.19
15.70 15.60 15.15 15.10 14.29 12.89 13.25 15.14 15.55 15.54 15.72 15.69 15.67 15.64 15.57 15.58 15.51 15.27 15.05 14.68 14.37 14.43 13.84 13.41 13.23 12.71 12.43 12.03 11.68 11.67 11.61 11.58 11.40 11.23 11.08 10.79 10.55 10.26 9.85 9.37 9.36 9.09 9.16 9.29 9.31 9.41 9.24 9.00 9.00 9.22 9.17 9.13 8.86 8.60 8.51 8.38 8.28 8.15 7.80 7.58 7.18 7.03 7.17 7.23 7.69 8.28 9.17 9.59 9.91 9.74 10.23 10.12 10.18 9.65 10.13 9.90 9.94
15.67 15.69 15.38 15.34 14.40 13.62 13.41 14.78 15.30 15.49 15.60 15.57 15.61 15.61 15.55 15.61 15.52 15.26 15.02 14.54 14.17 14.25 13.55 13.14 12.52 12.17 11.92 11.44 11.18 11.26 11.59 11.57 11.63 11.38 10.96 10.75 10.38 10.20 9.56 8.85 8.73 8.72 8.72 8.97 9.31 9.31 9.00 9.00 8.83 8.91 8.85 8.91 8.91 8.61 8.47 8.22 8.24 8.18 7.73 7.57 7.23 7.01 7.01 7.09 7.55 8.09 8.71 9.16 9.78 9.86 9.86 9.96 10.14 9.70 10.41 10.08 10.12
15.47 15.67 15.59 15.39 14.79 14.07 14.08 14.83 15.24 15.56 15.52 15.48 15.48 15.52 15.51 15.47 15.33 15.18 14.97 14.45 13.91 13.89 13.38 13.04 12.36 11.91 11.65 11.18 11.03 11.17 11.48 11.32 11.08 10.86 10.89 10.68 10.08 9.67 9.45 8.91 8.57 8.41 8.58 8.65 8.39 8.39 8.47 8.47 8.42 8.37 8.59 8.54 8.46 8.43 8.38 8.20 8.25 7.93 7.86 7.65 7.34 7.03 6.94 7.03 7.45 8.23 8.71 8.96 9.48 9.54 10.02 10.04 10.43 10.03 10.48 10.33 10.14
15.08 15.65 15.56 15.32 14.91 14.24 13.84 14.42 15.11 15.54 15.50 15.46 15.46 15.47 15.51 15.45 15.24 15.00 14.79 14.20 13.96 13.67 13.37 13.08 12.30 11.81 11.74 11.39 11.01 11.03 11.46 11.27 11.01 10.56 10.48 10.18 9.66 9.16 9.18 8.79 8.43 8.48 8.36 8.25 8.23 7.99 8.26 8.18 7.93 8.07 8.37 8.42 8.28 8.31 8.30 8.03 7.98 7.95 7.74 7.64 7.32 7.14 7.06 7.24 7.58 8.34 8.88 8.88 9.43 9.33 9.48 9.75 10.11 9.97 10.27 10.45 10.23
14.59 15.49 15.63 15.16 15.05 14.25 12.83 13.89 14.46 14.94 15.24 15.42 15.33 15.29 15.41 15.29 15.06 14.81 14.32 14.01 13.70 13.17 12.65 12.37 12.10 11.68 11.48 11.59 11.38 11.40 11.36 11.09 10.71 10.36 9.80 9.75 9.44 9.27 9.04 8.38 8.11 8.09 8.00 8.02 7.99 7.88 7.76 7.72 7.62 7.69 7.86 8.01 7.90 8.18 8.03 7.91 7.70 7.57 7.42 7.37 7.20 7.05 7.12 7.24 7.44 7.94 8.39 8.51 8.89 8.92 8.79 9.30 9.38 10.15 10.35 10.79 10.86
14.43 14.84 15.45 15.46 14.63 14.61 12.95 12.99 13.82 14.48 14.38 14.98 15.02 15.15 15.21 15.14 14.93 14.58 14.28 13.69 13.54 12.77 12.33 12.03 12.04 11.75 11.28 11.03 11.26 11.18 11.13 10.89 10.65 9.99 9.64 9.34 9.22 9.44 9.08 8.56 8.02 7.96 8.07 7.85 7.69 7.63 7.70 7.74 7.63 7.61 7.73 7.88 7.89 7.98 7.89 7.82 7.56 7.53 7.41 7.35 7.16 7.18 7.05 7.41 7.36 7.52 7.93 8.27 8.40 8.38 8.65 9.34 9.63 10.56 10.68 10.90 11.15
13.93 13.29 14.62 15.50 14.82 14.17 13.67 13.24 13.25 14.15 14.20 14.27 14.61 15.06 15.23 15.08 14.65 14.38 14.15 13.38 13.26 12.50 12.09 12.05 11.58 11.27 10.86 10.81 11.19 11.40 11.03 10.31 10.03 9.52 9.22 9.09 9.33 8.90 8.83 8.33 8.01 8.03 7.86 7.65 7.65 7.49 7.68 7.92 7.91 7.65 7.69 7.58 7.72 7.76 7.74 7.82 7.91 7.81 7.73 7.73 7.34 7.06 6.96 7.01 7.18 7.41 7.84 7.88 8.15 8.37 8.93 9.48 10.00 10.72 11.03 11.49 11.79
12.55 12.41 13.00 15.33 15.03 14.27 13.88 13.23 13.67 14.59 14.33 14.27 14.50 14.91 14.64 14.88 14.30 13.98 13.54 13.29 12.71 12.09 12.11 11.80 11.59 10.91 10.82 10.74 11.01 10.91 10.75 9.96 9.56 9.34 9.54 9.16 9.17 9.09 8.95 8.77 8.43 8.20 8.09 8.03 7.82 7.87 7.69 7.91 8.02 7.97 7.99 7.84 7.60 7.52 7.77 7.87 8.04 7.74 7.70 7.64 7.44 7.02 6.77 6.69 6.73 7.17 7.62 8.02 8.32 8.61 9.25 9.77 10.36 11.13 11.54 12.08 12.18
11.25 11.35 12.36 14.80 15.25 14.79 13.88 13.38 13.71 14.18 14.54 14.21 14.62 14.81 14.62 14.58 14.26 13.60 13.07 12.62 12.63 12.11 11.73 11.56 11.22 10.84 10.61 10.65 10.72 10.41 10.18 9.90 9.63 9.74 9.94 9.28 9.10 9.09 8.93 9.05 8.44 8.19 8.07 7.91 7.84 7.68 7.49 7.47 7.88 7.77 7.77 7.69 7.69 7.90 7.71 7.65 7.83 7.76 7.60 7.42 7.34 7.04 6.89 6.67 6.49 6.92 7.52 7.98 8.41 8.81 9.09 9.84 10.96 11.68 11.92 12.01 12.04
10.42 10.40 12.17 14.02 15.05 14.89 14.24 13.48 13.69 14.04 14.32 14.42 14.21 14.18 14.40 14.21 13.95 13.45 12.93 12.18 12.08 11.65 11.12 11.27 11.06 10.79 10.78 10.85 10.83 10.79 10.45 9.91 9.90 9.52 9.50 9.32 9.09 9.08 9.46 9.12 8.54 8.24 8.00 7.75 7.69 7.38 7.44 7.34 7.44 7.52 7.47 7.31 7.73 7.88 7.70 7.64 7.78 7.75 7.48 7.48 7.26 7.20 7.27 7.26 7.02 7.12 7.54 7.92 8.25 8.86 9.33 10.35 11.56 11.87 11.80 11.99 12.02
9.84 9.75 10.84 12.45 14.57 14.98 14.50 13.70 13.61 14.07 14.53 14.31 14.38 14.02 13.95 13.77 13.67 12.91 12.88 12.48 11.86 11.51 11.53 11.18 10.88 10.92 10.83 10.92 10.61 10.58 10.69 9.78 9.14 9.44 9.30 9.12 9.12 9.03 9.17 8.84 8.45 8.12 7.89 7.78 7.79 7.32 7.41 7.31 7.50 7.39 7.50 7.57 7.85 7.81 7.73 7.65 7.66 7.55 7.40 7.62 7.27 7.24 7.45 7.84 7.71 7.48 7.44 7.85 8.30 9.06 9.78 10.69 11.61 11.89 11.74 12.17 12.02
9.07 9.09 10.01 10.95 13.79 14.74 14.43 14.59 14.07 14.42 14.38 14.20 13.97 14.37 13.47 13.45 13.62 12.66 12.23 11.89 11.77 11.55 11.34 11.21 10.76 10.68 10.45 10.49 10.47 10.27 9.57 9.59 9.41 9.16 9.07 9.04 8.99 9.17 9.14 9.23 8.62 8.09 7.77 7.68 7.50 7.44 7.32 7.19 7.26 7.35 7.59 7.45 7.35 7.42 7.69 7.66 7.47 7.61 7.76 7.54 7.28 7.52 7.58 7.75 7.86 7.75 7.78 7.90 8.13 8.67 9.70 10.54 11.45 11.97 12.13 11.68 11.20
8.87 9.22 10.01 10.81 14.13 15.24 15.04 15.24 14.71 14.42 14.53 14.33 14.06 13.96 13.35 12.95 12.98 12.55 11.97 11.60 10.85 10.91 10.91 10.60 10.71 10.46 10.27 10.39 10.14 9.71 9.39 9.29 9.05 8.99 8.93 8.94 8.86 9.02 9.06 8.78 8.30 7.96 7.83 7.63 7.30 7.23 7.07 7.00 7.18 7.25 7.36 7.29 7.27 7.15 7.39 7.40 7.31 7.77 7.83 7.71 7.53 7.49 7.68 7.59 7.75 8.22 8.29 8.03 8.09 8.28 9.39 11.10 11.81 12.05 11.86 11.84 11.20
8.60 9.27 10.53 11.42 14.27 15.23 15.19 14.98 14.67 14.47 14.48 14.46 13.67 13.62 13.06 12.91 12.76 11.78 11.89 11.28 10.47 10.56 10.57 10.21 10.22 10.00 9.73 9.52 9.60 9.28 9.33 9.43 8.89 8.63 8.62 8.79 8.62 8.53 8.35 8.37 8.11 7.94 7.65 7.47 7.23 7.01 6.94 6.94 6.94 7.05 7.11 7.12 7.13 7.10 7.17 7.28 7.26 7.61 7.60 7.82 8.18 8.10 7.77 8.00 7.80 7.96 8.01 8.19 8.40 8.58 9.43 11.12 11.84 12.08 11.80 11.28 10.93
8.29 8.92 10.40 11.65 14.04 14.80 14.81 14.76 14.61 14.53 14.44 13.99 13.49 13.37 13.20 12.39 12.60 11.99 11.42 11.03 10.79 10.57 10.75 10.33 10.06 9.82 9.91 9.67 9.28 8.85 8.92 9.04 8.58 8.30 8.51 8.50 8.28 8.07 7.92 8.08 7.95 7.85 7.55 7.43 7.26 7.10 7.10 7.10 7.07 7.32 7.42 7.34 7.45 7.38 7.46 7.45 7.55 7.65 7.92 8.01 8.44 8.14 8.16 8.25 8.24 8.01 8.24 8.68 9.20 9.25 10.01 11.28 12.01 11.79 11.30 11.23 10.67
8.80 9.53 10.24 11.47 14.28 14.90 14.70 14.58 14.70 14.49 13.84 13.64 13.47 13.57 13.50 12.88 12.23 12.00 11.76 11.32 11.13 10.68 10.92 10.59 10.46 10.18 10.06 9.53 9.34 8.86 8.89 8.91 8.27 8.23 8.32 8.28 7.88 7.88 7.89 7.82 7.69 7.83 7.59 7.45 7.39 7.31 7.24 7.31 7.38 7.75 7.96 8.05 7.79 7.74 7.72 7.56 7.52 7.62 7.98 8.24 8.48 8.53 8.39 8.53 8.45 8.38 8.60 8.93 9.39 9.88 10.25 11.11 11.78 11.32 10.56 10.59 10.48
8.69 9.50 10.29 11.56 14.26 14.42 13.75 14.09 14.67 14.16 13.98 13.54 13.55 13.08 12.82 12.45 12.07 11.53 11.49 11.43 10.94 10.93 10.89 10.46 10.04 9.88 9.81 9.45 9.13 8.69 8.51 8.21 8.33 8.26 8.07 8.21 8.20 7.66 7.53 7.75 7.63 7.79 7.59 7.44 7.52 7.46 7.40 7.76 8.08 8.55 8.76 8.40 8.29 7.97 7.91 7.96 7.92 8.32 8.67 8.57 8.32 8.49 8.52 8.46 8.58 8.79 9.14 9.17 9.47 9.71 9.89 10.02 10.63 10.78 10.32 10.38 10.63
9.17 9.74 10.35 11.17 14.12 14.42 13.96 13.85 14.12 13.86 13.69 13.27 13.56 13.27 12.66 12.33 11.88 11.76 11.14 11.00 10.71 10.79 10.64 10.31 10.07 9.96 9.50 9.17 8.82 8.43 8.10 8.03 8.25 8.06 8.07 7.82 7.91 7.78 7.21 7.57 7.59 7.65 7.68 7.54 7.52 7.54 7.73 7.98 8.12 8.72 8.71 8.86 8.55 8.41 8.54 8.68 8.79 8.93 8.95 8.77 8.48 8.47 8.59 8.52 8.55 8.69 9.17 9.32 9.17 9.67 9.93 9.61 9.64 10.20 10.40 10.11 10.35
9.72 9.90 10.26 10.82 13.46 14.35 14.02 13.55 13.45 13.24 12.82 12.91 12.86 12.24 12.03 11.53 10.76 10.86 10.88 10.88 10.62 10.59 10.43 10.49 9.84 9.59 9.27 9.00 8.48 8.22 8.06 8.01 8.27 7.92 7.78 7.72 7.64 7.46 7.14 7.15 7.13 7.34 7.58 7.59 7.43 7.64 7.92 8.46 8.74 8.92 9.31 9.15 8.82 8.91 9.02 9.18 9.50 9.09 8.82 8.90 8.86 8.48 8.48 8.57 8.63 8.92 9.04 9.39 9.47 9.67 9.77 10.09 9.75 9.79 10.04 10.66 10.52
10.27 10.65 10.78 11.00 13.20 14.19 13.54 12.43 12.55 12.87 12.32 12.03 11.90 11.61 11.25 10.94 10.60 10.42 10.35 10.54 10.25 9.94 9.87 9.76 9.57 9.30 9.06 8.76 8.38 8.03 8.04 8.05 8.07 7.85 7.71 7.70 7.55 7.46 7.17 7.12 7.17 7.33 7.50 7.52 7.64 7.66 8.24 8.45 8.74 8.63 8.94 8.85 9.21 9.22 9.63 9.89 9.79 9.09 9.19 8.97 8.83 9.10 8.80 8.52 8.87 8.95 9.05 9.85 9.89 9.62 9.61 10.29 10.44 10.03 10.47 10.33 10.76
10.69 10.87 11.42 10.94 12.34 13.21 12.89 12.59 12.44 12.12 11.78 11.48 11.38 11.09 10.80 10.70 10.65 10.69 10.18 9.91 9.79 9.72 9.43 9.17 8.98 8.94 8.86 8.46 8.22 8.03 7.91 7.97 7.98 7.86 7.78 7.66 7.56 7.42 7.04 7.12 7.33 7.25 7.41 7.38 7.33 7.38 7.83 8.45 8.83 8.95 9.07 8.97 9.21 9.06 8.95 8.82 8.78 9.01 8.94 8.98 9.11 9.07 8.81 8.94 8.88 9.20 9.40 9.41 9.60 9.68 9.44 9.73 10.21 10.13 10.19 10.07 9.76
11.30 11.62 11.47 11.34 11.81 12.48 12.35 12.06 11.59 11.10 11.13 10.58 10.09 10.19 10.10 10.26 10.12 10.06 9.94 9.86 9.73 9.53 9.26 8.98 8.94 8.62 8.52 8.11 7.91 7.79 7.81 7.74 7.71 7.52 7.57 7.57 7.34 7.33 7.23 7.24 7.24 7.46 7.23 7.31 7.19 7.21 7.71 8.13 8.62 8.82 8.89 8.81 9.12 8.38 8.49 8.04 8.32 8.49 8.88 9.02 8.95 8.75 8.96 9.06 9.01 8.86 9.10 9.44 9.43 9.51 9.63 10.02 10.34 10.43 10.13 9.93 10.24
12.27 12.30 11.65 11.58 11.80 12.48 12.50 11.94 11.64 11.15 11.08 10.68 10.07 10.07 9.59 9.69 9.99 9.86 9.56 9.82 9.68 9.56 9.09 8.64 8.33 8.43 7.85 7.66 7.82 7.77 7.77 7.81 7.25 7.25 7.21 7.26 7.57 7.62 7.37 7.47 7.42 7.36 7.20 7.33 7.33 7.30 7.78 8.26 8.43 8.81 8.93 8.49 8.38 8.13 8.33 8.26 8.06 8.36 8.71 8.74 8.68 8.59 8.77 8.80 8.96 8.76 8.88 8.87 8.90 8.91 9.04 9.31 9.74 10.30 10.26 10.11 10.03
12.07 11.84 11.79 11.93 12.17 12.44 12.24 12.31 11.60 11.32 11.10 10.55 10.09 9.91 9.79 9.66 9.71 9.83 9.48 9.51 9.34 9.11 8.83 8.43 8.20 8.00 7.77 7.66 7.73 7.59 7.49 7.44 7.18 7.26 7.19 7.59 7.84 7.81 7.57 7.43 7.66 7.29 7.15 7.36 7.53 7.44 7.46 7.74 8.18 8.24 8.00 8.12 8.00 8.05 8.07 8.09 8.31 8.28 8.27 8.64 8.38 8.72 8.78 8.69 8.67 8.69 8.71 8.64 8.71 9.06 9.11 9.06 9.35 9.52 9.70 10.09 9.92
12.37 11.63 11.03 11.23 11.94 12.10 12.38 11.93 11.33 11.32 11.13 10.91 10.37 10.33 10.32 9.54 9.49 9.51 9.13 9.02 9.23 9.08 8.87 8.31 8.00 7.80 7.72 7.63 7.68 7.38 7.43 7.38 7.44 7.58 7.38 7.52 7.36 7.59 7.50 7.35 7.29 7.13 7.15 7.27 7.13 7.13 7.21 7.04 7.23 7.46 7.80 7.88 7.82 7.94 7.84 8.13 8.30 8.48 8.50 8.64 8.42 8.48 8.95 8.80 8.62 8.65 9.08 8.96 8.89 8.89 9.09 9.14 9.13 9.48 9.48 9.79 10.10
12.45 11.93 11.40 10.95 11.18 11.84 11.56 11.71 10.89 10.62 10.48 10.71 10.49 10.06 10.12 9.93 9.77 9.49 9.21 8.93 8.79 8.48 8.12 7.98 8.11 7.77 7.71 7.71 7.69 7.68 7.48 7.24 7.15 7.33 7.45 7.36 7.25 7.38 7.46 7.52 7.12 7.06 7.20 7.11 7.02 6.99 6.97 7.15 6.97 7.33 7.54 7.73 7.97 7.95 8.18 8.07 8.07 8.36 8.52 8.53 8.85 8.76 8.96 8.76 9.06 9.48 9.17 9.03 9.02 9.23 9.13 9.28 9.54 9.57 9.39 9.66 9.76
12.35 11.73 11.15 10.89 10.88 11.52 11.35 11.78 10.66 10.55 10.46 10.10 9.77 9.69 9.22 9.25 9.64 9.70 9.65 9.12 8.49 8.31 8.26 8.09 7.97 7.79 7.71 7.75 7.63 7.45 7.14 7.29 7.23 7.20 7.25 7.47 7.15 7.29 7.49 7.45 7.21 7.08 6.99 7.08 6.93 6.96 7.18 6.92 7.01 7.19 7.53 7.67 8.10 8.16 8.31 8.31 8.35 8.21 8.39 8.56 8.65 8.89 9.02 9.31 9.51 9.33 8.91 8.82 8.95 9.03 9.13 9.34 9.35 9.77 9.93 9.84 10.16
12.15 11.97 11.45 10.70 10.85 11.05 10.57 10.24 10.58 10.22 9.71 9.72 9.76 9.79 9.67 9.17 8.95 9.23 8.85 8.88 8.82 8.43 8.41 8.15 8.09 8.00 7.87 7.65 7.34 7.32 7.25 7.33 7.31 7.01 7.12 7.42 7.32 7.21 7.43 7.27 7.28 7.23 7.09 7.14 7.07 7.28 7.10 7.06 7.10 7.42 7.40 7.34 7.54 7.69 7.68 7.78 8.01 8.13 8.25 8.43 8.34 8.92 8.60 8.86 9.12 9.33 9.24 9.29 9.64 9.21 9.43 9.24 9.54 9.43 9.94 9.82 9.68
11.97 10.99 10.54 10.70 10.85 11.05 11.03 9.84 10.35 10.15 9.69 9.76 9.61 9.57 9.72 8.92 9.25 9.13 8.81 9.10 8.63 8.55 8.35 8.51 8.43 7.93 7.73 7.40 7.39 7.29 7.32 7.25 7.24 7.13 7.25 7.43 7.38 7.46 7.43 7.46 7.35 7.54 7.38 7.33 7.31 7.21 7.23 7.20 7.36 7.37 7.39 7.48 7.63 7.56 7.78 7.88 7.97 8.03 8.35 8.54 8.61 8.93 9.18 9.23 9.09 9.32 9.37 9.21 9.30 9.70 9.79 9.84 9.42 9.70 9.77 9.68 9.86
11.97 10.99 10.54 10.54 10.85 11.03 11.03 9.84 10.73 9.84 9.31 9.82 9.92 9.73 9.75 9.39 8.96 8.91 8.99 8.78 8.32 8.39 8.49 8.54 8.18 7.99 7.53 7.44 7.32 7.34 7.30 7.24 7.13 7.24 7.34 7.34 7.42 7.74 7.57 7.58 7.40 7.22 7.23 7.24 7.28 7.33 7.40 7.72 7.57 7.51 7.53 7.58 7.67 7.58 7.78 7.87 7.95 8.19 8.42 8.63 8.90 9.01 8.96 9.06 9.19 9.46 9.27 9.35 9.30 9.57 10.10 10.13 10.03 10.20 10.29 10.52 10.49
12.15 10.99 10.54 12.93 12.93 11.03 11.03 10.93 10.93 10.99 10.48 9.96 10.12 9.40 9.64 9.27 9.09 8.86 8.81 8.59 8.09 7.94 8.11 7.85 7.93 7.72 7.58 7.38 7.42 7.43 7.27 7.24 7.33 7.43 7.22 7.24 7.08 7.22 7.14 7.18 7.33 7.33 7.53 7.59 7.44 7.61 7.83 7.83 7.89 7.90 8.18 8.15 7.97 7.92 8.03 7.95 7.88 8.28 8.57 8.49 8.73 8.40 8.76 8.98 9.29 9.05 9.20 9.57 9.53 9.59 9.95 10.59 10.44 10.27 10.30 10.12 10.11
12.15 12.99 12.99 12.93 12.93 12.93 11.56 11.89 11.89 11.42 11.19 10.54 10.54 10.27 9.54 9.16 9.03 8.71 8.49 8.15 8.01 7.69 7.67 7.46 7.61 7.66 7.79 7.54 7.73 7.40 7.73 7.51 7.15 7.04 7.00 7.08 7.32 7.33 7.38 7.75 7.52 7.39 7.76 7.61 7.80 7.99 7.78 7.71 7.77 7.81 7.82 7.68 7.81 7.96 7.88 8.04 8.29 8.25 8.15 8.09 8.06 8.22 8.41 8.73 8.87 9.12 9.16 9.19 9.36 9.99 10.31 10.38 10.02 10.14 10.02 9.88 9.57
