main/data/irradiance/20.05.2023.grid
ncols 839
nrows 679
xllcenter 112.0500
yllcenter -43.9500
cellsize 0.0500
nodata_value 99999.90
[rows 204 to 237 of 679, columns 231 to 307 of 839]
17.53 17.98 18.11 17.75 17.56 17.41 17.24 17.12 17.48 17.84 17.75 17.68 17.71 18.02 18.21 18.22 17.25 18.11 18.31 18.32 17.80 17.60 17.54 18.20 18.29 18.28 18.29 18.31 18.31 18.29 18.30 18.29 18.33 18.32 18.29 18.29 18.31 18.29 18.27 18.29 18.30 18.31 18.30 18.29 18.30 18.32 18.32 18.31 18.29 18.24 18.22 18.27 18.30 18.31 18.26 18.22 18.20 18.22 18.21 18.16 18.24 18.22 18.22 18.19 18.23 18.23 18.25 18.26 18.24 18.23 18.18 18.14 18.14 18.22 18.06 17.86 18.12
17.44 17.47 18.01 17.79 17.74 17.54 17.62 17.45 17.44 17.87 17.51 17.29 17.39 17.71 17.93 17.53 17.18 17.30 17.90 18.22 17.92 17.78 18.09 18.26 18.31 18.33 18.32 18.30 18.29 18.27 18.26 18.24 18.28 18.32 18.30 18.29 18.31 18.30 18.27 18.22 18.25 18.27 18.30 18.29 18.30 18.30 18.29 18.30 18.27 18.25 18.22 18.28 18.26 18.27 18.23 18.19 18.19 18.20 18.20 18.23 18.21 18.20 18.17 18.11 18.21 18.21 18.19 18.21 18.18 18.21 18.20 18.16 18.20 18.23 18.18 17.98 17.98
17.52 17.58 17.75 18.01 18.01 17.78 17.46 17.33 17.57 17.83 18.00 18.00 17.68 17.77 17.64 17.04 16.82 17.03 17.56 17.89 18.20 18.26 18.29 18.31 18.31 18.27 18.28 18.26 18.26 18.25 18.25 18.24 18.24 18.22 18.26 18.26 18.27 18.27 18.27 18.22 18.29 18.27 18.26 18.26 18.28 18.29 18.28 18.29 18.29 18.26 18.25 18.25 18.24 18.25 18.21 18.18 18.08 18.03 18.17 18.21 18.22 18.18 18.19 18.19 18.18 18.21 18.20 18.20 18.17 18.20 18.17 18.11 18.19 18.24 18.21 18.16 18.18
17.50 17.37 17.41 17.90 17.77 17.77 17.84 17.65 17.88 17.91 18.05 17.89 17.46 17.72 17.35 17.24 17.25 17.23 17.41 17.61 17.82 18.20 18.22 18.20 18.19 18.23 18.22 18.20 18.23 18.24 18.19 18.06 18.09 18.15 18.25 18.27 18.25 18.24 18.27 18.23 18.20 18.25 18.25 18.25 18.26 18.28 18.26 18.27 18.26 18.27 18.25 18.25 18.23 18.23 18.18 18.15 18.17 18.16 18.17 18.21 18.17 18.16 18.13 18.17 18.18 18.18 18.16 18.17 18.17 18.18 18.18 18.12 18.17 18.19 18.19 18.21 18.25
17.28 17.57 17.75 18.07 18.12 17.95 17.65 17.88 18.07 17.80 17.43 17.52 17.33 17.86 17.79 18.14 18.10 17.71 17.67 17.78 17.93 18.16 18.17 18.23 18.19 18.18 18.16 18.12 18.16 18.20 18.22 18.20 18.05 18.17 18.24 18.26 18.26 18.22 18.23 18.23 18.15 18.21 18.22 18.23 18.23 18.24 18.24 18.23 18.23 18.23 18.21 18.22 18.22 18.20 18.21 18.19 18.17 18.14 18.17 18.03 18.07 18.08 18.11 18.11 18.13 18.15 18.17 18.20 18.15 18.12 18.02 18.07 18.12 18.02 18.12 18.17 18.22
17.11 17.49 18.07 18.07 18.11 17.81 17.52 18.05 17.98 17.79 17.15 17.22 17.09 17.18 17.13 17.50 17.43 17.44 17.48 17.35 17.66 18.03 18.14 18.17 18.18 18.18 18.16 18.16 18.15 18.14 18.22 18.21 18.17 18.20 18.21 18.23 18.22 18.19 18.23 18.24 18.25 18.24 18.22 18.20 18.20 18.22 18.23 18.21 18.21 18.21 18.21 18.21 18.21 18.19 18.17 18.18 18.17 18.15 18.18 17.96 18.13 18.09 18.08 18.07 18.12 18.19 18.17 18.14 18.12 18.09 18.07 18.17 18.08 18.11 18.10 18.09 18.17
17.63 17.55 17.50 17.84 17.81 17.45 17.52 17.45 17.23 17.45 17.19 17.41 17.53 18.03 17.44 17.40 17.49 17.55 17.67 17.39 17.41 17.70 18.06 18.18 18.16 18.15 18.12 18.12 18.14 18.13 18.06 17.53 17.67 17.94 18.17 18.22 18.20 18.20 18.21 18.22 18.23 18.21 18.18 18.19 18.17 18.18 18.20 18.19 18.20 18.19 18.16 18.15 18.13 18.14 18.13 18.18 18.20 18.10 17.96 18.14 18.11 18.08 18.08 18.06 18.06 18.14 18.12 18.10 18.07 18.08 18.05 18.10 18.08 18.09 18.07 18.04 18.11
18.11 18.06 17.67 17.66 17.54 17.16 17.55 17.59 17.35 17.25 17.55 18.15 18.17 18.16 18.14 18.04 17.52 17.29 17.69 17.68 17.56 18.12 18.16 18.14 18.14 18.15 18.15 18.11 18.08 18.07 18.03 17.53 17.44 17.49 17.80 17.84 18.16 18.17 18.19 18.19 18.22 18.21 18.18 18.16 18.17 18.18 18.15 18.15 18.16 18.16 18.15 18.13 18.10 17.95 18.12 18.15 18.15 18.14 18.07 18.09 18.08 18.06 18.03 18.04 18.03 18.02 18.05 18.08 18.08 18.05 18.01 18.05 18.05 18.04 18.05 18.11 18.12
18.10 18.07 18.12 18.15 18.20 18.18 18.18 18.15 18.03 18.13 17.65 17.37 17.56 18.03 18.10 18.08 17.49 17.40 17.39 17.63 17.41 17.81 18.14 18.13 18.13 18.05 18.05 18.02 18.03 18.07 18.08 17.98 17.81 18.05 18.18 18.16 18.17 18.14 18.20 18.17 18.20 18.20 18.18 18.16 18.14 18.15 18.15 18.15 18.14 18.12 18.13 18.14 18.11 18.10 18.07 18.07 18.08 18.07 18.07 18.09 18.08 18.17 18.13 18.02 18.02 17.99 18.01 18.02 18.02 18.03 17.98 18.02 18.06 18.00 18.07 18.12 18.14
18.07 18.04 18.04 18.15 18.16 18.16 18.13 18.08 18.06 18.07 18.09 18.05 18.09 18.11 18.11 17.57 17.20 17.11 17.41 17.84 17.45 17.65 18.12 18.15 18.11 18.02 18.00 17.94 17.93 18.03 18.02 18.05 18.05 18.03 18.13 18.18 18.16 18.14 18.18 18.16 18.15 18.16 18.15 18.09 18.05 18.08 18.12 18.11 18.12 18.13 18.13 18.11 18.09 18.05 18.05 18.02 18.04 18.04 18.04 18.03 18.05 18.02 18.00 18.01 17.99 17.98 17.92 17.98 18.00 17.98 18.00 18.05 18.09 18.12 18.14 18.13 18.11
17.97 18.01 17.99 17.84 17.65 18.07 18.13 18.14 18.07 18.09 18.07 18.07 18.08 18.08 18.07 17.93 17.33 17.36 17.56 17.46 17.77 18.10 18.11 18.10 18.07 17.98 17.96 17.97 17.94 17.96 18.02 18.02 18.02 18.04 18.08 18.16 18.16 18.16 18.16 18.14 18.13 18.12 18.06 18.01 17.98 18.06 18.10 18.07 18.08 18.12 18.09 18.09 18.07 18.07 18.06 18.04 18.02 18.04 18.05 18.02 18.01 17.99 17.99 17.98 17.99 17.97 17.95 17.98 18.00 17.99 18.04 18.08 18.03 18.08 18.10 18.10 18.10
17.73 17.62 17.77 17.61 17.61 17.42 17.67 18.06 18.07 18.06 18.06 18.05 18.01 18.04 18.04 18.02 17.51 17.56 17.62 17.15 17.63 18.05 18.08 18.06 18.03 17.98 17.99 17.99 17.94 17.95 17.96 17.98 18.02 18.02 18.02 18.12 18.11 18.13 18.13 18.11 18.13 18.10 18.12 18.10 18.05 18.07 18.06 18.05 18.08 18.10 18.07 18.07 18.07 18.06 18.03 18.00 18.02 18.01 18.03 18.02 18.03 18.03 18.01 17.98 17.95 17.95 17.94 17.99 18.00 17.98 18.03 18.08 18.04 18.03 18.07 18.07 18.09
17.98 17.98 18.03 17.88 17.49 17.27 17.31 17.89 18.02 18.03 18.03 17.99 18.00 18.02 18.07 18.06 18.04 18.00 17.40 16.99 17.30 17.41 17.49 17.77 17.95 17.89 17.94 18.00 18.02 18.02 17.75 17.87 18.01 18.00 18.05 18.09 18.11 18.12 18.11 18.10 18.11 18.11 18.09 18.10 18.05 18.05 18.05 18.05 18.07 18.07 18.02 18.02 18.04 18.03 18.05 18.04 18.01 18.02 18.01 18.01 18.02 18.01 17.97 18.01 17.99 17.94 17.90 17.93 17.94 17.93 17.93 17.99 17.99 18.02 18.05 18.04 18.05
17.95 18.01 18.03 17.98 17.82 17.72 17.90 18.00 17.94 17.99 17.98 17.92 17.91 17.87 18.01 17.99 18.01 18.03 17.60 17.50 17.67 17.46 17.36 17.49 17.92 17.88 17.93 17.94 17.98 18.03 17.97 18.01 17.71 17.89 17.98 18.06 18.07 18.08 18.07 18.07 18.06 18.07 18.08 18.08 18.07 18.02 17.98 18.02 18.04 18.03 18.02 17.98 18.00 18.02 18.02 18.04 18.04 18.01 18.01 18.01 17.99 17.98 17.95 17.97 17.96 17.87 17.90 17.95 17.93 17.91 17.97 17.93 17.86 18.00 18.00 18.01 18.04
17.89 17.97 18.00 18.00 18.00 17.97 17.96 17.99 17.95 17.99 17.96 17.85 17.71 17.47 17.39 17.54 17.68 17.87 17.83 17.75 17.37 17.35 17.46 17.67 17.59 17.92 17.89 17.96 17.99 18.02 17.98 18.03 18.00 17.99 17.98 18.06 18.07 18.06 18.05 18.06 18.05 18.05 18.05 18.05 18.03 17.99 18.00 18.02 18.03 18.03 18.02 17.96 17.96 17.99 17.98 18.02 18.02 18.01 18.02 18.00 18.01 17.97 17.95 17.97 18.00 17.98 17.93 17.89 17.90 17.89 17.94 17.94 17.82 18.00 17.99 17.98 18.02
17.89 17.96 17.97 17.97 17.95 17.95 17.92 17.93 17.94 17.92 17.63 17.65 17.59 17.32 17.37 17.16 17.52 17.66 17.51 17.53 17.78 17.96 17.96 17.95 17.78 17.95 17.95 17.98 17.98 17.99 17.97 17.98 18.01 18.01 18.03 18.03 18.04 18.04 18.03 18.02 18.01 18.03 18.01 18.03 18.03 18.05 18.01 18.00 18.02 18.03 18.01 17.98 17.95 17.96 17.97 17.97 17.99 18.02 18.02 18.02 17.98 17.94 17.91 17.92 17.97 17.95 17.92 17.91 17.91 17.93 17.91 17.91 17.91 17.94 17.93 17.96 17.98
17.92 17.91 17.92 17.97 17.95 17.97 17.96 17.96 17.94 17.95 17.77 17.72 17.43 17.96 17.87 17.52 17.90 17.95 17.97 17.97 17.93 17.96 17.98 18.00 17.97 17.98 18.02 18.01 18.01 17.98 17.99 17.96 17.96 17.96 18.00 18.02 18.02 18.02 17.99 18.01 18.01 18.00 17.99 17.98 18.02 18.01 17.97 17.97 17.97 17.97 17.97 17.96 17.94 17.93 17.95 17.92 17.93 17.98 18.00 17.99 17.95 17.95 17.91 17.92 17.95 17.95 17.91 17.90 17.87 17.89 17.89 17.85 17.89 17.90 17.93 17.93 17.96
17.91 17.91 17.88 17.88 17.88 17.91 17.89 17.91 17.91 17.91 17.81 17.71 17.74 17.42 17.31 17.47 17.89 17.89 17.90 17.94 17.94 17.90 17.90 17.92 17.94 17.98 18.01 18.00 18.00 17.99 17.97 17.97 17.93 17.91 17.93 17.99 17.99 17.98 17.94 17.96 17.97 17.97 17.98 17.97 17.98 17.99 17.94 17.92 17.92 17.97 17.95 17.93 17.94 17.96 17.93 17.92 17.91 17.96 17.95 17.97 17.95 17.92 17.92 17.92 17.94 17.94 17.92 17.92 17.92 17.88 17.83 17.78 17.78 17.87 17.92 17.91 17.93
17.88 17.88 17.85 17.88 17.89 17.90 17.91 17.91 17.92 17.91 17.90 17.89 17.88 17.81 17.64 17.25 17.76 17.65 17.73 17.92 17.94 17.93 17.89 17.86 17.89 17.91 17.96 17.96 17.93 17.95 17.96 17.96 17.95 17.92 17.91 17.92 17.96 17.92 17.92 17.93 17.95 17.95 17.95 17.94 17.95 17.95 17.95 17.91 17.89 17.87 17.91 17.89 17.89 17.92 17.92 17.91 17.90 17.90 17.92 17.96 17.94 17.93 17.91 17.92 17.94 17.92 17.92 17.91 17.89 17.88 17.84 17.82 17.82 17.86 17.90 17.91 17.92
17.84 17.85 17.84 17.85 17.86 17.87 17.88 17.87 17.88 17.89 17.89 17.90 17.90 17.91 17.92 17.73 17.51 17.76 17.80 17.66 17.89 17.88 17.93 17.88 17.89 17.89 17.89 17.90 17.91 17.93 17.95 17.96 17.95 17.94 17.93 17.94 17.96 17.94 17.92 17.92 17.93 17.93 17.92 17.93 17.91 17.89 17.91 17.88 17.89 17.86 17.90 17.88 17.88 17.90 17.90 17.89 17.91 17.93 17.91 17.92 17.92 17.91 17.91 17.92 17.91 17.88 17.89 17.89 17.87 17.86 17.84 17.83 17.84 17.87 17.85 17.85 17.81
17.84 17.84 17.85 17.85 17.85 17.85 17.85 17.85 17.84 17.80 17.86 17.86 17.86 17.88 17.90 17.91 17.92 17.91 17.88 17.63 17.00 17.46 17.93 17.91 17.89 17.89 17.90 17.88 17.90 17.89 17.91 17.88 17.89 17.92 17.91 17.92 17.92 17.93 17.91 17.91 17.91 17.92 17.90 17.88 17.88 17.88 17.88 17.89 17.85 17.85 17.84 17.82 17.86 17.87 17.86 17.84 17.89 17.90 17.88 17.88 17.88 17.89 17.88 17.90 17.89 17.89 17.92 17.90 17.87 17.85 17.83 17.90 17.82 17.84 17.83 17.82 17.69
17.83 17.83 17.81 17.82 17.81 17.84 17.84 17.84 17.55 17.41 17.36 17.84 17.67 17.82 17.88 17.88 17.89 17.87 17.88 17.79 17.19 17.42 17.62 17.68 16.89 17.79 17.81 17.86 17.86 17.87 17.88 17.87 17.89 17.91 17.88 17.90 17.90 17.91 17.90 17.88 17.90 17.89 17.88 17.85 17.86 17.86 17.73 17.86 17.84 17.81 17.79 17.80 17.81 17.80 17.82 17.86 17.87 17.88 17.86 17.85 17.86 17.88 17.85 17.86 17.86 17.87 17.87 17.85 17.83 17.80 17.81 17.76 17.80 17.83 17.78 17.81 17.82
17.76 17.77 17.74 17.78 17.79 17.77 17.77 17.81 17.72 17.34 17.14 17.16 17.11 17.59 17.83 17.86 17.86 17.85 17.83 17.84 17.81 16.66 16.43 14.78 13.85 14.83 17.56 16.95 17.53 17.58 17.86 17.83 17.86 17.87 17.85 17.86 17.88 17.88 17.89 17.87 17.89 17.88 17.88 17.85 17.84 17.85 17.86 17.85 17.83 17.81 17.77 17.79 17.80 17.80 17.79 17.85 17.85 17.82 17.81 17.83 17.86 17.86 17.85 17.86 17.85 17.86 17.84 17.84 17.86 17.83 17.81 17.80 17.77 17.80 17.80 17.84 17.85
17.76 17.76 17.74 17.76 17.76 17.78 17.76 17.79 17.80 17.82 17.83 17.71 17.47 17.79 17.83 17.86 17.85 17.83 17.78 17.57 16.41 13.66 15.47 17.38 17.82 17.67 17.51 16.74 17.24 17.21 17.30 16.74 17.49 17.84 17.83 17.85 17.86 17.87 17.86 17.85 17.86 17.87 17.86 17.86 17.85 17.84 17.85 17.83 17.83 17.78 17.80 17.79 17.79 17.81 17.82 17.84 17.79 17.80 17.82 17.83 17.84 17.84 17.83 17.84 17.83 17.84 17.83 17.81 17.82 17.81 17.81 17.79 17.79 17.81 17.83 17.83 17.84
17.78 17.76 17.74 17.75 17.78 17.78 17.79 17.79 17.80 17.81 17.83 17.82 17.82 17.80 17.80 17.75 17.62 17.23 16.57 15.54 17.00 17.67 17.81 17.84 17.86 17.86 17.84 17.81 17.70 16.41 17.48 17.78 17.45 15.46 16.51 17.73 17.82 17.82 17.84 17.83 17.82 17.83 17.84 17.84 17.84 17.82 17.83 17.82 17.83 17.82 17.80 17.77 17.78 17.79 17.81 17.83 17.75 17.76 17.79 17.80 17.81 17.81 17.80 17.82 17.82 17.82 17.80 17.77 17.79 17.78 17.78 17.78 17.80 17.81 17.82 17.82 17.82
17.77 17.75 17.77 17.75 17.77 17.75 17.78 17.78 17.80 17.80 17.82 17.73 17.79 17.76 17.23 15.80 15.79 16.86 17.24 17.73 17.75 17.76 17.79 17.80 17.84 17.86 17.84 17.82 17.82 17.82 17.80 17.80 17.79 17.54 16.40 16.98 17.78 17.80 17.84 17.83 17.81 17.82 17.83 17.83 17.81 17.81 17.81 17.79 17.80 17.80 17.73 17.73 17.78 17.79 17.80 17.80 17.77 17.75 17.76 17.76 17.77 17.78 17.78 17.80 17.81 17.80 17.79 17.78 17.75 17.77 17.78 17.75 17.77 17.77 17.78 17.79 17.80
17.73 17.73 17.72 17.72 17.72 17.67 17.71 17.75 17.77 17.77 17.78 17.78 17.75 17.72 17.70 17.59 17.40 17.12 17.37 17.68 17.70 17.66 17.72 17.76 17.78 17.80 17.80 17.79 17.78 17.80 17.78 17.80 17.81 17.78 17.77 17.74 17.67 17.68 17.84 17.82 17.80 17.79 17.80 17.81 17.80 17.77 17.79 17.79 17.79 17.79 17.79 17.76 17.77 17.77 17.77 17.76 17.77 17.76 17.76 17.76 17.78 17.77 17.77 17.77 17.78 17.77 17.72 17.71 17.74 17.77 17.76 17.74 17.78 17.76 17.77 17.79 17.80
17.72 17.73 17.72 17.66 17.60 17.72 17.74 17.74 17.69 17.72 17.72 17.74 17.76 17.77 17.74 17.74 17.70 17.60 17.65 17.68 17.69 17.71 17.73 17.74 17.76 17.76 17.71 17.74 17.74 17.73 17.73 17.76 17.77 17.77 17.76 17.77 17.75 17.76 17.76 17.76 17.77 17.77 17.78 17.79 17.78 17.77 17.78 17.79 17.77 17.75 17.73 17.70 17.71 17.73 17.74 17.74 17.75 17.75 17.74 17.74 17.74 17.75 17.75 17.76 17.77 17.75 17.76 17.74 17.73 17.74 17.74 17.73 17.73 17.74 17.75 17.76 17.79
17.66 17.68 17.68 17.44 17.65 17.68 17.69 17.61 17.68 17.73 17.72 17.75 17.75 17.74 17.73 17.73 17.71 17.67 17.66 17.66 17.67 17.70 17.71 17.70 17.72 17.74 17.72 17.72 17.55 17.63 17.60 17.73 17.74 17.75 17.74 17.75 17.74 17.72 17.74 17.52 17.69 17.73 17.74 17.76 17.76 17.75 17.76 17.77 17.75 17.75 17.74 17.74 17.71 17.73 17.73 17.71 17.72 17.72 17.73 17.72 17.72 17.72 17.72 17.73 17.74 17.75 17.73 17.74 17.74 17.73 17.72 17.72 17.73 17.73 17.75 17.74 17.74
17.64 17.63 17.63 17.55 17.59 17.35 17.54 17.51 17.66 17.68 17.66 17.67 17.70 17.70 17.71 17.69 17.68 17.65 17.58 17.58 17.65 17.68 17.70 17.69 17.67 17.67 17.61 17.55 17.32 17.01 17.14 17.20 17.15 17.59 17.72 17.71 17.72 17.72 17.71 17.71 17.59 17.45 17.72 17.59 17.73 17.72 17.74 17.75 17.74 17.73 17.73 17.72 17.69 17.68 17.70 17.70 17.68 17.71 17.72 17.71 17.70 17.71 17.70 17.70 17.71 17.72 17.71 17.72 17.73 17.70 17.69 17.69 17.71 17.71 17.71 17.71 17.71
17.60 17.54 17.34 17.47 17.33 17.34 17.29 17.57 17.67 17.67 17.66 17.66 17.67 17.68 17.68 17.64 17.63 17.60 17.57 17.56 17.58 17.58 17.61 17.65 17.65 17.61 17.48 17.48 17.28 17.43 17.20 17.03 17.35 17.65 17.69 17.68 17.70 17.71 17.69 17.68 17.69 17.67 17.65 17.62 17.70 17.70 17.71 17.73 17.72 17.72 17.72 17.70 17.68 17.68 17.67 17.67 17.68 17.71 17.70 17.70 17.69 17.69 17.69 17.69 17.69 17.70 17.70 17.70 17.69 17.68 17.68 17.68 17.69 17.69 17.69 17.70 17.69
17.60 17.54 17.43 17.59 17.58 17.62 17.65 17.65 17.67 17.67 17.65 17.65 17.65 17.66 17.63 17.59 17.59 17.55 17.51 17.55 17.60 17.62 17.58 17.63 17.65 17.64 17.58 17.35 17.00 17.29 17.47 17.54 17.47 17.63 17.67 17.69 17.69 17.68 17.69 17.68 17.70 17.70 17.69 17.68 17.66 17.68 17.70 17.71 17.71 17.70 17.69 17.68 17.68 17.67 17.66 17.66 17.67 17.69 17.69 17.68 17.68 17.68 17.68 17.68 17.67 17.68 17.68 17.68 17.68 17.67 17.66 17.66 17.65 17.67 17.67 17.66 17.67
17.63 17.60 17.62 17.57 17.57 17.63 17.64 17.63 17.63 17.66 17.64 17.64 17.64 17.64 17.60 17.58 17.55 17.54 17.57 17.57 17.60 17.60 17.60 17.59 17.63 17.62 17.53 17.26 17.12 17.48 17.56 17.60 17.58 17.64 17.65 17.65 17.66 17.65 17.65 17.68 17.69 17.68 17.67 17.67 17.66 17.66 17.66 17.67 17.69 17.67 17.68 17.67 17.67 17.68 17.64 17.65 17.66 17.67 17.66 17.66 17.67 17.67 17.65 17.64 17.63 17.64 17.64 17.65 17.65 17.64 17.63 17.64 17.65 17.66 17.66 17.64 17.65
17.62 17.62 17.65 17.53 17.60 17.66 17.63 17.63 17.63 17.65 17.62 17.61 17.58 17.59 17.59 17.57 17.57 17.54 17.59 17.61 17.58 17.54 17.59 17.62 17.61 17.62 17.62 17.63 17.57 17.52 17.56 17.56 17.60 17.61 17.61 17.62 17.63 17.62 17.65 17.66 17.64 17.64 17.65 17.66 17.64 17.63 17.65 17.61 17.59 17.61 17.64 17.64 17.63 17.63 17.60 17.63 17.62 17.63 17.63 17.64 17.64 17.63 17.63 17.61 17.62 17.61 17.62 17.62 17.61 17.62 17.60 17.61 17.64 17.63 17.62 17.62 17.62
