main/data/irradiance/20.03.2023.grid
ncols 839
nrows 679
xllcenter 112.0500
yllcenter -43.9500
cellsize 0.0500
nodata_value 99999.90
[rows 442 to 475 of 679, columns 77 to 153 of 839]
21.71 21.53 21.65 21.64 21.68 21.69 21.70 21.70 21.73 21.68 21.68 21.66 21.65 21.65 21.63 21.66 21.65 21.76 21.50 21.72 21.59 21.54 21.40 21.50 21.40 21.42 21.31 21.34 21.00 21.30 21.05 21.01 20.95 21.17 21.05 21.00 21.06 21.12 20.93 21.19 20.95 20.81 20.82 21.08 21.06 21.29 21.19 21.29 21.31 21.07 21.41 21.23 21.13 21.07 20.96 20.85 21.39 20.81 20.96 20.95 21.01 21.06 21.20 21.18 21.22 21.15 21.64 21.71 21.71 21.63 21.70 21.69 21.74 21.77 21.70 21.77 21.77
21.74 21.78 21.66 21.64 21.67 21.67 21.69 21.68 21.73 21.72 21.66 21.64 21.64 21.64 21.63 21.57 21.68 21.76 21.52 21.38 21.50 21.65 21.62 21.47 21.26 21.36 21.20 21.29 21.41 20.97 21.07 21.10 21.05 21.29 21.37 21.26 21.31 21.14 21.00 21.05 21.02 20.75 20.59 20.69 20.99 21.11 21.08 21.01 21.16 21.15 21.02 21.02 20.96 20.77 20.99 20.94 21.19 20.96 20.89 21.17 21.05 21.20 21.22 21.26 21.20 21.25 21.62 21.63 21.58 21.63 21.59 21.61 21.67 21.66 21.70 21.74 21.75
21.79 21.78 21.64 21.61 21.67 21.67 21.68 21.67 21.65 21.65 21.65 21.63 21.62 21.57 21.57 21.59 21.65 21.57 21.63 21.41 21.63 21.43 21.36 21.39 21.34 21.20 21.11 20.83 20.53 21.13 21.05 20.84 21.05 21.02 21.21 21.31 21.26 21.18 20.96 21.06 21.19 20.73 20.69 20.43 20.69 20.57 20.85 20.97 20.94 20.78 20.88 20.56 20.77 21.02 21.16 20.83 21.18 22.09 21.48 21.05 21.27 20.97 21.05 21.26 21.05 21.10 21.17 21.49 21.30 21.49 21.60 21.61 21.56 21.63 21.68 21.67 21.70
21.91 21.86 21.72 21.62 21.68 21.69 21.68 21.67 21.66 21.63 21.61 21.62 21.58 21.53 21.48 21.53 21.48 21.48 21.46 21.41 21.44 21.46 21.43 21.31 21.23 21.21 21.05 20.83 21.12 20.81 20.96 21.07 21.10 21.05 21.18 21.20 21.01 21.13 21.12 20.99 21.16 21.05 20.95 20.92 20.63 20.92 20.83 20.66 20.76 21.19 20.88 20.91 20.81 21.15 21.01 20.83 21.11 21.78 21.26 21.18 21.13 21.24 20.90 20.90 21.38 21.40 20.94 21.09 21.41 21.51 21.53 21.56 21.59 21.57 21.61 21.67 21.71
21.78 21.79 21.65 21.64 21.66 21.67 21.65 21.63 21.63 21.64 21.60 21.60 21.52 21.62 21.56 21.46 21.34 21.45 21.40 21.41 21.40 21.48 21.64 21.48 21.33 21.27 21.14 21.02 20.66 20.91 20.99 21.11 21.02 21.22 21.30 21.00 21.08 21.00 21.30 21.28 21.23 21.07 20.84 20.55 20.69 20.90 20.85 21.02 20.89 21.11 21.12 21.21 21.47 20.97 20.85 20.75 21.17 21.01 20.99 21.12 21.11 21.12 20.98 20.86 20.94 21.27 21.16 21.02 21.41 21.47 21.48 21.49 21.48 21.59 21.63 21.60 21.70
21.73 21.70 21.55 21.62 21.63 21.60 21.62 21.60 21.57 21.62 21.62 21.61 21.59 21.59 21.58 21.47 21.37 21.44 21.50 21.61 21.47 21.35 21.52 21.39 21.47 21.49 21.49 21.36 21.19 20.88 20.60 20.90 21.16 21.09 20.87 21.04 21.06 21.20 21.22 21.04 20.89 21.01 20.95 20.96 20.77 19.82 20.97 20.86 21.00 21.09 21.16 21.00 21.28 20.66 20.63 20.55 20.97 20.92 20.92 21.11 20.85 20.98 20.79 20.95 20.97 21.34 21.15 21.05 21.24 21.06 21.27 21.38 21.43 21.36 21.63 21.59 21.63
21.69 21.61 21.56 21.54 21.45 21.52 21.35 21.58 21.59 21.61 21.60 21.60 21.60 21.61 21.59 21.48 21.58 21.52 21.45 21.45 21.61 21.64 21.63 21.26 21.34 21.64 21.58 21.28 21.33 20.74 20.89 20.50 21.01 21.06 21.19 21.15 21.23 21.27 20.99 20.88 21.10 21.22 21.30 21.00 20.87 21.10 21.13 21.04 20.73 21.00 20.81 20.94 21.07 20.87 20.81 20.68 20.84 20.76 21.07 21.16 20.99 20.90 21.11 21.15 21.18 21.01 21.05 20.94 21.10 20.94 21.23 21.46 21.52 21.54 21.56 21.54 21.61
21.70 21.64 21.55 21.59 21.55 21.58 21.55 21.57 21.61 21.58 21.59 21.59 21.59 21.60 21.56 21.57 21.57 21.50 21.51 21.48 21.49 21.59 21.56 21.32 21.66 21.82 21.75 21.50 21.48 21.29 21.25 21.21 21.09 20.95 21.06 21.29 21.17 21.25 21.09 21.10 20.97 20.91 21.01 21.23 21.21 21.23 20.86 20.79 21.04 21.08 20.78 20.61 20.79 21.08 20.98 20.86 20.86 20.86 20.82 20.93 20.74 20.82 20.74 20.84 20.84 20.92 20.88 21.21 20.92 21.18 21.22 21.03 21.31 21.38 21.40 21.36 21.59
21.62 21.67 21.51 21.60 21.61 21.58 21.58 21.58 21.60 21.57 21.56 21.56 21.57 21.43 21.56 21.56 21.53 21.52 21.74 21.54 21.35 21.24 21.54 21.37 21.50 21.66 21.58 21.34 21.48 21.52 21.35 21.38 21.50 21.19 21.03 21.09 21.05 20.95 21.07 20.98 20.97 20.99 21.05 21.12 21.06 21.09 20.87 20.54 20.86 20.86 20.79 20.69 21.18 20.78 20.84 20.81 20.87 20.76 20.90 20.74 20.69 20.74 20.83 20.84 20.87 20.90 21.18 20.99 21.38 21.19 21.27 21.21 21.17 21.38 21.32 21.31 21.57
21.75 21.64 21.51 21.58 21.58 21.58 21.59 21.59 21.58 21.55 21.62 21.56 21.59 21.52 21.44 21.45 21.56 21.52 21.34 21.30 21.48 21.45 21.47 21.49 21.50 21.66 21.47 21.40 21.30 21.42 21.40 21.37 21.18 21.17 21.11 20.90 20.93 20.55 20.84 20.93 20.96 21.10 20.94 21.05 21.08 20.90 21.12 20.80 20.54 21.04 20.96 20.65 20.40 20.62 20.77 20.83 20.74 20.73 20.73 20.77 20.78 20.83 20.98 20.71 20.94 20.64 21.16 20.88 20.90 21.18 21.01 21.22 20.99 21.10 21.40 21.49 21.56
21.68 21.44 21.54 21.59 21.58 21.59 21.58 21.58 21.57 21.54 21.56 21.54 21.51 21.46 21.43 21.35 21.43 21.42 21.30 21.32 21.30 21.37 21.30 21.35 21.43 21.36 21.25 21.46 21.43 21.47 21.32 21.38 21.47 21.25 21.24 21.10 21.18 21.03 20.77 20.67 21.00 20.95 21.02 20.98 20.94 21.03 21.12 20.98 20.93 20.93 20.58 20.63 20.46 20.55 20.80 20.99 20.91 20.90 20.95 20.96 21.10 21.28 21.37 21.19 20.80 20.88 21.08 20.79 20.68 21.16 20.85 21.09 20.95 20.95 20.92 21.37 21.56
21.62 21.48 21.53 21.57 21.57 21.59 21.56 21.55 21.53 21.65 21.48 21.50 21.51 21.43 21.46 21.35 21.34 21.41 21.35 21.33 21.30 21.28 21.32 21.36 21.39 21.31 21.43 21.39 21.35 21.15 21.28 21.39 21.38 21.32 21.24 21.12 21.26 21.15 20.98 20.73 21.00 21.09 21.13 21.11 20.91 20.95 20.84 20.96 20.97 20.80 20.77 20.84 20.77 20.70 20.69 20.85 21.07 20.98 20.81 20.97 20.95 21.17 21.47 21.18 21.03 21.13 20.94 20.95 20.45 20.98 20.98 21.20 21.13 21.42 21.14 21.29 21.39
21.63 21.47 21.50 21.58 21.54 21.56 21.56 21.53 21.49 21.27 21.49 21.56 21.50 21.39 21.42 21.44 21.27 21.18 21.37 21.53 21.51 21.49 21.34 21.54 21.45 21.44 21.34 21.30 21.26 21.11 21.31 21.47 21.31 21.39 21.41 21.23 21.08 21.16 21.08 21.01 20.95 21.03 21.20 21.02 20.97 21.11 20.78 20.80 20.84 20.81 20.39 19.56 21.17 21.12 20.72 20.85 20.79 20.79 20.72 20.80 20.86 21.10 21.48 21.31 21.27 21.20 21.26 21.16 20.82 20.68 20.85 21.04 21.10 21.22 21.12 21.28 21.25
21.62 21.45 21.49 21.47 21.49 21.50 21.53 21.51 21.51 21.52 21.48 21.51 21.54 21.52 21.45 21.39 21.37 21.36 21.27 21.40 21.46 21.46 21.50 21.44 21.52 21.52 21.70 21.35 21.37 21.31 21.28 21.33 21.43 21.37 21.22 21.20 21.20 21.28 21.11 20.99 20.83 21.09 21.18 21.16 21.17 20.91 21.01 20.89 20.94 20.78 20.89 20.81 20.81 21.08 21.08 20.78 20.73 20.67 20.70 20.71 20.72 21.10 21.42 21.42 21.51 21.39 21.08 21.14 21.17 21.20 20.79 20.88 21.18 21.10 21.11 21.15 21.06
21.67 21.52 21.48 21.48 21.49 21.50 21.50 21.50 21.49 21.56 21.42 21.45 21.55 21.46 21.39 21.52 21.38 21.37 21.38 21.35 21.44 21.49 21.45 21.39 21.40 21.58 21.59 21.57 21.37 21.49 21.45 21.33 21.50 21.29 21.13 21.24 21.05 21.11 21.05 21.02 21.05 21.06 21.18 20.93 20.97 21.01 21.01 20.75 20.60 20.92 21.09 20.87 21.09 21.03 20.83 20.79 21.07 21.09 21.27 21.25 20.80 20.84 20.96 21.08 21.18 21.43 21.21 21.07 21.24 21.05 21.17 20.98 20.84 21.15 21.30 21.32 21.13
21.58 21.44 21.47 21.47 21.44 21.44 21.48 21.47 21.49 21.48 21.50 21.51 21.53 21.44 21.51 21.62 21.52 21.36 21.28 21.43 21.32 21.55 21.55 21.61 21.50 21.58 21.48 21.47 21.42 21.39 21.43 21.50 21.49 21.49 21.12 21.22 21.05 21.20 21.10 21.08 21.49 21.04 20.99 21.02 21.16 21.01 20.90 20.68 20.76 20.93 21.06 20.98 20.89 20.96 20.60 20.84 20.96 20.98 21.00 20.87 20.75 20.82 20.95 21.32 21.06 21.16 21.22 21.28 21.18 21.04 21.22 21.19 21.48 21.21 21.24 21.43 21.30
21.59 21.44 21.48 21.43 21.40 21.43 21.43 21.46 21.47 21.45 21.40 21.27 21.51 21.44 21.56 21.54 21.41 21.53 21.56 21.60 21.54 21.53 21.49 21.17 21.20 21.36 21.40 21.31 21.32 21.40 21.44 21.34 21.29 20.66 20.98 21.07 21.15 21.20 21.22 21.09 21.20 21.15 21.15 21.24 21.10 20.92 20.70 20.84 20.92 20.92 20.94 21.06 20.91 20.73 20.84 20.89 20.80 20.85 20.97 21.10 20.88 21.05 21.05 21.27 21.23 21.00 21.00 21.37 21.33 21.14 21.19 21.36 21.19 21.76 21.38 21.26 21.43
21.64 21.49 21.46 21.47 21.45 21.45 21.42 21.41 21.40 21.43 21.44 21.33 21.37 21.46 21.57 21.47 21.59 21.63 21.58 21.52 21.53 21.50 21.32 21.31 21.37 21.48 21.29 21.13 21.20 21.27 21.59 21.45 21.28 21.06 21.03 20.89 20.96 21.24 21.11 21.00 21.01 21.00 20.85 20.89 20.96 20.86 20.85 21.10 20.97 20.78 20.95 20.97 21.07 21.02 20.88 21.22 21.12 21.08 21.11 21.08 21.07 21.26 21.27 21.28 21.17 21.14 20.89 21.04 21.34 21.26 21.36 21.19 21.26 21.42 21.38 21.53 21.58
21.61 21.42 21.47 21.50 21.40 21.46 21.41 21.36 21.40 21.42 21.43 21.46 21.48 21.46 21.51 21.47 21.61 21.62 21.58 21.43 21.52 21.45 21.29 21.18 21.22 21.25 21.35 21.25 21.21 21.50 21.53 21.33 21.29 21.21 21.23 21.23 21.17 21.30 21.10 21.01 20.92 20.89 20.98 20.81 20.85 20.87 20.98 21.07 20.89 21.03 21.06 21.13 21.13 21.07 20.84 20.82 20.83 20.93 20.90 21.00 21.13 21.20 21.42 21.00 21.04 20.99 21.04 21.32 21.25 21.34 21.28 21.16 21.44 21.24 21.42 21.35 21.37
21.55 21.50 21.49 21.42 21.37 21.43 21.42 21.41 21.42 21.41 21.40 21.39 21.42 21.38 21.45 21.40 21.52 21.61 21.63 21.47 21.59 21.55 21.38 21.41 21.21 21.22 21.38 21.38 21.34 21.40 21.43 21.35 21.30 21.28 21.32 21.21 21.39 21.20 20.95 20.99 20.82 20.68 20.84 20.89 20.91 21.20 21.18 21.20 21.14 21.20 20.98 20.85 21.03 21.09 21.13 21.01 21.15 21.11 21.15 21.16 21.17 21.13 21.18 20.99 21.06 21.00 20.98 21.13 21.19 21.00 21.22 21.26 21.45 21.59 21.48 21.32 21.39
21.65 21.38 21.36 21.40 21.38 21.30 21.32 21.42 21.39 21.39 21.39 21.37 21.38 21.38 21.44 21.42 21.45 21.57 21.58 21.47 21.52 21.62 21.50 21.24 21.25 21.33 21.10 21.26 21.18 21.28 21.41 21.33 21.21 21.25 21.20 21.35 21.37 21.16 21.16 20.95 20.88 20.71 20.79 21.07 21.09 21.13 20.98 21.10 21.15 21.02 20.82 20.96 20.91 21.06 20.82 21.00 21.04 21.07 21.18 21.19 20.95 20.99 20.94 21.34 21.03 21.16 21.25 21.18 21.08 21.03 21.34 21.45 21.46 21.42 21.67 21.50 21.31
21.53 21.38 21.38 21.37 21.34 21.22 21.31 21.41 21.32 21.31 21.40 21.37 21.36 21.44 21.48 21.42 21.40 21.39 21.56 21.50 21.57 21.61 21.54 21.44 21.28 21.19 21.27 21.25 21.19 21.17 21.24 21.22 21.27 21.26 21.29 21.36 21.29 20.97 21.03 21.04 20.94 20.80 20.87 20.91 20.90 20.85 20.97 21.06 21.25 22.00 21.51 21.13 20.88 20.97 21.29 21.34 20.97 21.08 21.12 21.28 21.17 21.03 20.85 21.20 21.05 21.12 21.34 20.88 21.14 21.20 21.36 21.44 21.42 21.46 21.52 21.55 21.53
21.53 21.27 21.31 21.12 21.26 21.25 21.28 21.29 21.39 21.38 21.34 21.25 21.37 21.37 21.45 21.39 21.40 21.36 21.36 21.41 21.39 21.48 21.48 21.45 21.37 21.17 21.36 21.34 21.12 21.26 21.16 21.05 21.23 21.44 21.49 21.28 21.14 20.97 21.03 20.90 20.88 20.95 20.86 20.89 20.98 21.01 21.07 21.13 21.17 21.56 21.87 21.13 20.80 20.96 21.18 21.35 21.06 21.25 21.09 21.13 21.08 21.22 20.97 21.17 21.01 21.20 21.24 21.07 21.08 21.04 21.01 21.41 21.40 21.33 21.47 21.46 21.39
21.38 21.33 21.35 21.34 21.28 21.27 21.30 21.20 21.37 21.33 21.34 21.27 21.26 21.32 21.39 21.38 21.46 21.40 21.40 21.26 21.41 21.43 21.54 21.61 21.61 21.52 21.56 21.55 21.41 21.25 21.31 21.33 20.97 21.20 21.41 21.36 21.16 21.19 21.02 21.15 21.13 21.08 20.94 20.86 20.78 20.79 20.89 20.93 21.06 21.32 21.85 21.21 20.78 21.38 21.20 21.33 21.09 21.15 21.08 21.19 21.11 21.04 21.18 20.86 21.00 21.15 21.09 21.37 21.12 21.27 21.08 21.39 21.44 21.39 21.40 21.29 21.19
21.23 21.29 21.29 21.33 21.37 21.38 21.34 21.17 21.29 21.34 21.31 21.34 21.32 21.34 21.32 21.32 21.46 21.32 21.36 21.49 21.48 21.49 21.55 21.56 21.64 21.56 21.49 21.38 21.36 21.23 21.12 21.20 20.92 21.20 21.14 21.33 21.21 20.97 21.12 21.26 21.24 21.02 20.96 20.93 20.79 20.67 20.89 20.93 21.06 21.02 21.34 21.25 20.66 20.92 21.07 21.20 21.10 20.98 21.09 21.24 21.21 21.17 21.29 21.30 21.27 21.33 21.13 21.24 21.17 21.37 21.33 21.31 21.39 21.40 21.41 21.25 21.41
21.24 21.19 21.19 21.28 21.31 21.31 21.28 21.31 21.29 21.32 21.30 21.10 21.18 21.40 21.29 21.29 21.28 21.26 21.28 21.41 21.56 21.59 21.47 21.40 21.32 21.45 21.50 21.34 21.07 20.93 21.08 21.01 21.05 21.17 21.04 20.92 21.01 21.08 21.11 20.84 20.92 20.86 20.95 20.93 20.95 20.79 20.98 21.02 21.16 20.98 21.10 20.43 20.73 20.78 20.87 20.94 20.75 20.97 20.87 21.07 21.12 21.10 21.34 21.33 21.21 21.39 21.17 21.08 20.99 21.11 21.22 21.25 21.17 21.21 21.27 21.34 21.39
21.26 21.29 21.25 21.29 21.25 21.33 21.26 21.27 21.11 21.30 21.32 21.24 21.17 21.31 21.27 21.35 21.27 21.39 21.25 21.25 21.39 21.54 21.45 21.36 21.13 21.32 21.45 21.35 20.98 21.14 21.06 21.12 21.20 21.29 21.26 21.02 21.06 21.40 21.08 20.88 20.70 20.80 21.07 21.10 21.05 20.99 21.12 21.07 20.77 20.93 20.90 21.05 20.70 20.84 21.01 21.10 20.93 20.96 21.08 21.16 21.23 21.26 21.32 21.34 21.37 21.30 21.13 21.57 21.09 21.04 20.93 21.09 21.00 21.23 21.22 21.28 21.31
21.25 21.24 21.11 21.21 21.31 21.31 21.30 21.31 21.29 21.48 21.13 21.17 21.19 21.07 21.23 21.37 21.34 21.48 21.39 21.17 21.06 21.37 21.36 21.21 21.16 21.28 21.01 20.52 21.20 21.23 21.23 21.18 21.27 21.41 21.28 21.02 20.92 21.15 21.02 20.78 20.81 20.96 21.03 21.23 21.06 21.14 21.31 21.19 20.86 20.91 20.98 20.95 21.01 20.74 20.92 20.91 20.91 20.96 21.11 21.18 21.34 21.33 21.31 21.36 21.38 21.29 21.19 21.46 21.36 21.35 21.36 21.38 21.25 21.39 21.40 21.30 21.32
21.25 21.22 21.22 21.20 21.23 21.23 21.27 21.21 21.30 21.29 21.15 21.26 21.40 21.10 21.52 21.49 21.42 21.16 21.24 21.19 21.19 21.31 21.31 21.41 21.22 21.14 20.96 20.93 20.96 21.37 21.28 21.34 21.16 21.26 21.28 21.09 20.83 21.16 20.89 20.87 21.11 21.09 21.04 21.10 20.99 21.13 21.35 21.17 21.19 21.12 20.98 21.22 21.00 20.83 20.93 21.02 20.82 21.13 21.17 21.14 21.30 21.29 21.35 21.32 21.37 21.25 21.27 21.36 21.41 21.37 21.35 21.36 21.40 21.39 21.30 21.42 21.33
21.31 21.28 21.03 21.03 21.13 21.18 21.14 21.30 21.29 21.21 21.29 21.30 21.42 21.38 21.34 21.36 21.48 21.35 21.11 21.06 21.31 21.05 21.06 21.14 21.26 20.86 21.15 20.96 20.96 21.17 21.10 21.20 21.26 21.38 21.15 21.15 21.07 21.13 21.07 21.03 21.08 21.13 21.10 20.96 21.07 21.00 21.30 21.11 21.17 21.21 20.80 21.09 21.32 20.98 20.89 21.01 20.98 20.91 20.89 21.03 21.24 21.25 21.28 21.32 21.34 21.32 21.37 21.32 21.16 21.28 21.33 21.47 21.42 21.29 21.20 21.43 21.35
21.22 21.17 21.06 21.00 21.03 21.00 21.11 20.96 21.06 21.13 21.43 21.59 21.27 21.39 21.37 21.40 21.36 21.34 21.39 21.15 21.13 21.08 20.98 21.22 20.93 20.80 20.69 20.99 20.90 20.92 21.35 21.44 21.46 21.27 21.17 21.03 21.08 20.84 20.86 20.87 21.09 20.88 21.02 21.11 20.99 21.08 21.04 21.16 21.18 21.01 20.96 20.97 20.78 21.22 20.77 20.98 21.09 20.91 20.98 21.07 21.21 21.13 21.20 21.24 21.28 21.33 21.24 21.21 21.09 21.19 21.00 21.21 21.12 21.04 21.23 21.29 21.31
21.14 21.03 21.09 21.11 21.00 20.91 20.96 21.03 21.05 21.09 21.19 21.20 21.31 21.29 21.17 21.30 21.13 21.25 21.33 21.38 21.10 20.96 20.97 21.20 21.15 20.86 20.72 20.88 20.73 20.71 20.96 21.29 21.29 21.16 21.13 20.97 21.03 21.03 20.92 20.92 20.93 20.73 20.83 20.88 20.98 20.94 21.02 21.23 21.19 21.15 20.94 20.84 20.96 20.92 20.95 21.11 20.93 20.82 20.95 20.95 21.13 21.21 21.29 21.13 21.20 21.22 21.21 20.99 20.92 20.99 21.05 21.27 21.39 21.24 21.07 21.16 21.14
20.86 21.17 20.81 21.10 20.90 20.66 21.01 20.64 21.01 20.95 21.10 20.99 21.17 21.23 21.35 21.21 21.30 21.22 21.32 21.31 21.11 21.17 21.19 21.30 21.09 20.83 20.98 20.80 20.85 21.08 20.83 21.05 21.18 21.34 21.04 21.02 20.93 21.14 20.90 21.01 21.01 20.93 20.88 20.81 21.02 20.93 20.90 20.82 21.01 21.19 21.11 20.96 20.88 21.07 20.98 20.94 21.03 20.88 20.82 20.93 21.07 21.19 21.11 21.13 20.97 21.07 21.23 21.14 21.16 21.11 21.09 21.25 21.27 21.29 21.36 21.29 21.24
20.66 21.00 21.11 21.22 20.83 21.06 20.81 20.21 20.79 20.97 21.09 20.94 20.69 21.09 21.05 21.04 21.12 21.22 21.22 21.33 20.90 21.16 21.22 21.25 21.19 21.30 21.17 20.90 21.07 21.22 21.03 21.22 21.10 21.13 21.22 20.90 21.02 21.13 21.03 21.09 21.00 20.65 20.69 20.89 21.09 21.09 20.58 20.71 20.88 21.11 21.10 20.97 20.95 21.08 20.98 20.96 20.82 20.94 20.91 20.94 21.11 20.89 20.97 21.08 21.04 21.22 21.17 21.07 21.18 21.19 21.33 21.36 21.30 21.25 21.26 21.28 21.29
