main/data/irradiance/20.02.2023.grid
ncols 839
nrows 679
xllcenter 112.0500
yllcenter -43.9500
cellsize 0.0500
nodata_value 99999.90
[rows 476 to 509 of 679, columns 693 to 769 of 839]
25.82 25.91 25.39 25.31 25.56 24.38 24.60 23.74 23.00 24.58 24.38 23.38 23.80 24.49 24.38 25.48 26.01 25.46 25.82 25.72 26.03 25.84 25.89 24.98 25.02 24.74 25.04 25.25 24.75 24.32 24.21 24.16 23.95 24.79 24.35 24.80 24.62 24.01 24.05 25.55 25.68 25.54 25.54 24.89 24.64 24.51 24.43 24.94 24.43 23.85 23.49 23.25 22.92 22.78 22.98 22.96 21.62 21.57 21.77 20.50 20.43 20.02 19.53 19.18 18.98 18.82 18.07 16.93 19.56 20.26 22.62 24.04 25.27 25.69 25.82 26.37 26.34
26.11 25.79 25.67 25.20 24.93 25.39 25.56 23.93 24.16 24.67 24.51 24.14 23.43 23.04 25.02 24.73 24.37 23.43 24.38 25.10 25.61 25.85 25.93 26.33 25.37 24.56 24.15 24.28 24.15 24.56 24.34 24.80 24.57 25.50 23.98 23.86 24.70 23.62 24.33 24.96 25.14 25.80 25.54 25.03 24.86 24.25 24.32 24.27 24.12 23.87 23.68 22.11 23.82 23.44 22.36 22.92 22.56 21.86 22.37 22.12 21.94 21.32 20.90 20.81 19.05 19.69 17.11 18.34 18.57 20.82 23.02 23.91 25.51 25.27 25.92 26.38 26.29
25.95 25.88 25.85 25.65 25.22 25.25 25.23 25.45 25.11 24.72 24.51 24.27 24.38 23.97 24.49 23.68 23.98 24.17 24.50 24.98 25.38 25.45 25.10 26.39 25.96 25.53 24.23 24.93 24.22 25.09 25.25 25.17 24.59 25.03 24.86 24.30 24.82 24.40 24.34 24.41 24.32 24.74 25.94 25.81 25.71 25.18 24.32 24.87 25.51 25.30 24.65 22.40 23.72 23.76 23.77 23.62 23.10 22.49 22.74 22.34 22.14 21.58 21.22 20.50 19.73 18.25 18.71 17.36 18.35 19.71 22.99 24.86 25.19 25.78 26.19 26.38 26.31
25.94 25.96 25.98 26.04 25.68 25.60 25.82 25.17 24.38 24.21 24.44 24.66 23.74 24.09 24.11 22.97 24.05 23.06 22.91 23.71 24.77 25.09 25.21 26.00 25.98 25.98 25.58 24.92 23.92 24.98 24.99 25.46 24.99 25.03 24.75 25.22 24.98 25.54 24.80 24.69 24.06 24.78 24.96 24.99 25.44 25.18 25.89 25.89 25.72 24.79 25.07 24.16 24.39 24.01 23.63 23.38 23.83 22.98 22.23 22.22 22.31 20.72 20.54 20.43 19.68 19.22 19.55 16.51 18.19 21.38 22.80 24.69 25.43 25.88 26.01 26.34 26.31
26.23 26.03 26.19 26.00 25.85 25.66 25.74 25.41 25.18 25.04 24.89 24.27 24.25 24.26 24.19 23.97 24.32 24.45 23.03 23.30 25.07 25.00 25.07 25.13 25.54 25.53 26.34 25.12 24.94 23.81 23.57 24.97 24.91 24.58 24.33 24.17 24.22 24.25 25.09 24.30 24.43 25.02 24.66 24.82 25.13 25.32 25.65 25.80 25.70 25.57 24.80 24.75 24.58 24.62 23.81 23.56 23.50 22.79 22.72 22.68 21.10 20.77 20.49 20.47 19.34 17.02 17.54 17.77 18.47 20.94 21.21 24.44 25.53 25.75 25.92 26.29 26.23
26.38 26.07 26.15 26.34 26.24 25.94 25.82 25.84 25.19 25.36 25.16 25.63 25.06 24.51 24.58 23.31 24.93 24.71 24.09 23.42 24.18 24.56 24.69 25.06 25.15 24.94 25.71 25.51 25.60 24.17 23.99 23.56 23.57 24.15 24.58 23.92 24.22 23.87 24.33 24.22 23.79 23.60 24.26 24.20 24.29 25.03 24.70 25.87 25.35 25.26 25.51 25.32 24.85 24.05 24.11 23.99 23.28 23.29 22.52 22.31 21.73 21.00 20.87 20.12 18.66 18.06 18.17 17.61 19.04 20.20 21.98 24.11 25.54 25.75 25.95 26.27 26.24
26.35 26.11 26.35 25.90 26.01 26.10 25.91 25.84 25.79 25.44 25.10 24.87 25.40 25.26 24.80 24.21 24.33 25.12 24.95 25.13 24.09 25.22 24.41 24.31 25.13 24.61 24.95 25.48 25.20 25.05 24.43 24.37 23.77 24.18 24.61 24.66 24.43 23.84 23.46 23.01 23.90 23.38 23.79 24.42 24.23 24.21 24.76 24.97 24.70 23.88 25.00 25.35 25.23 24.33 24.25 23.21 23.55 22.46 22.92 23.41 22.30 20.87 21.04 20.80 20.31 19.43 19.23 19.22 21.67 22.30 23.80 24.62 25.43 25.93 25.97 26.25 26.10
26.43 26.22 26.19 26.05 26.22 25.98 25.98 26.00 26.09 25.50 26.00 25.88 24.86 25.12 24.75 24.97 24.42 24.15 25.38 24.96 23.79 25.16 24.42 24.03 24.94 25.00 24.68 25.26 25.05 25.09 24.45 24.48 24.13 23.77 23.91 23.82 23.52 24.64 23.70 24.36 23.10 22.85 23.25 24.14 23.61 23.73 23.92 24.24 25.51 24.87 24.83 25.02 24.41 24.82 24.68 24.45 23.32 23.12 22.86 24.09 22.47 22.10 22.50 22.47 22.02 22.22 21.18 19.82 20.04 23.52 24.94 24.97 25.51 25.49 25.69 26.04 25.86
26.54 26.44 26.35 26.31 26.16 26.16 26.10 26.45 26.23 26.06 25.94 25.41 25.60 25.00 24.99 25.33 24.88 24.59 24.43 23.71 25.08 24.72 24.76 24.85 24.39 24.86 25.20 24.98 24.90 24.97 24.76 24.71 24.57 24.52 24.01 24.25 23.81 24.61 24.45 24.89 24.01 22.87 22.04 22.43 23.56 23.02 23.99 23.21 24.40 25.56 25.66 25.44 24.75 25.34 25.09 24.98 24.76 24.31 22.88 22.95 23.07 22.17 21.23 21.43 21.81 22.05 22.02 20.80 20.90 23.89 24.71 25.06 24.85 25.08 25.13 25.55 25.18
26.38 26.24 26.17 26.34 26.33 26.28 26.07 26.21 26.03 26.43 26.11 26.09 25.43 26.21 25.14 25.08 24.67 24.88 24.52 24.52 24.94 25.21 25.18 25.04 25.02 25.05 24.80 25.30 24.32 24.55 24.89 25.04 25.05 24.57 24.31 23.14 23.88 24.14 24.09 22.72 24.84 23.71 22.99 22.25 22.94 24.16 24.01 24.03 24.89 24.34 24.87 25.43 25.36 25.66 25.43 24.54 24.84 24.05 24.68 23.17 23.40 23.26 21.43 21.86 23.08 22.61 22.39 21.50 23.21 24.11 23.98 23.80 22.87 24.82 24.78 24.98 24.55
26.49 26.41 26.12 26.28 26.28 26.34 26.49 26.05 26.28 26.10 26.21 26.41 26.25 26.29 25.68 25.46 24.95 24.75 24.52 24.55 25.04 24.91 25.70 23.96 25.19 24.22 24.49 24.77 25.06 24.57 25.06 24.83 25.15 25.07 24.94 24.44 24.00 23.61 24.45 24.61 24.34 23.63 23.85 23.50 22.84 22.83 24.16 24.89 24.16 24.79 24.56 25.32 25.00 24.71 24.77 25.12 25.05 25.14 25.17 24.61 23.86 24.11 23.29 23.41 23.04 22.96 21.96 21.38 22.94 22.93 23.25 22.26 21.24 24.35 23.77 24.20 24.32
26.09 26.22 26.26 26.09 26.06 26.16 26.23 26.09 26.03 26.17 25.86 25.92 25.94 25.86 25.95 25.65 25.68 25.10 24.99 25.11 24.50 24.79 24.13 24.36 24.32 24.04 25.00 24.84 25.12 24.84 24.35 25.13 24.96 25.23 24.99 25.01 24.42 23.19 24.78 24.23 24.61 24.90 22.67 23.21 23.17 23.89 23.46 24.36 24.47 23.96 22.74 23.09 23.69 23.45 24.77 24.72 25.30 25.28 25.25 25.27 24.86 24.77 24.65 24.31 23.76 23.10 21.10 22.72 22.43 19.63 21.45 21.48 21.09 21.73 22.76 24.10 24.19
26.16 26.46 26.39 26.18 26.46 25.93 25.93 25.97 26.15 25.94 26.14 26.23 26.14 25.86 25.92 25.45 25.68 25.75 25.87 25.00 25.28 25.12 24.66 24.61 25.15 24.89 24.52 24.18 23.53 24.21 24.96 24.56 25.20 24.40 24.87 24.78 24.70 24.13 24.82 23.32 24.80 25.02 24.69 23.79 22.92 23.94 25.07 24.29 22.80 23.04 21.39 23.05 22.72 23.38 24.48 24.69 25.20 24.00 25.29 24.59 25.44 24.82 24.98 24.79 24.80 23.99 22.64 21.40 21.73 20.96 20.64 19.90 20.51 21.23 22.43 23.54 23.89
26.21 26.38 26.54 25.94 26.30 26.13 25.85 25.88 26.18 26.28 25.90 26.34 26.22 25.72 25.89 25.41 25.78 25.76 25.87 25.73 25.26 24.92 25.10 24.62 24.57 23.79 23.77 24.20 23.81 24.30 24.93 24.07 24.66 25.36 25.33 24.48 25.41 24.90 23.88 24.07 24.82 25.06 24.83 24.87 24.41 23.86 24.53 24.05 24.41 23.22 23.63 23.55 23.87 23.81 24.70 24.65 25.06 24.62 24.95 25.60 25.16 25.32 25.45 25.56 25.46 23.90 23.60 22.69 22.20 20.57 19.00 20.14 21.41 22.33 22.32 22.70 22.95
26.11 26.24 26.40 26.24 26.32 26.31 25.94 25.88 26.33 26.48 26.08 26.18 26.38 26.49 26.40 25.83 25.73 26.05 25.56 25.15 25.40 25.18 25.02 24.52 25.00 23.73 23.88 24.34 24.33 24.87 24.69 24.04 24.87 24.35 24.51 25.29 25.18 24.59 24.09 24.61 24.06 23.89 24.05 25.24 24.29 23.35 25.10 25.21 25.32 24.05 24.17 23.53 23.77 23.77 24.89 24.48 25.17 24.22 24.92 25.51 25.35 24.82 25.14 25.13 25.47 24.51 24.11 23.17 22.22 21.70 19.15 19.19 20.49 22.60 21.55 21.68 23.30
25.99 26.00 26.23 26.09 26.31 26.34 26.24 26.16 26.33 26.55 26.24 26.28 26.51 26.53 26.40 26.53 26.46 25.73 25.80 25.19 24.33 25.14 25.41 25.07 24.29 24.34 24.21 23.66 25.07 24.23 24.35 24.71 24.42 24.92 24.94 25.19 24.51 24.33 24.56 23.89 24.51 24.09 23.98 24.80 23.91 24.57 25.46 25.36 25.96 25.25 24.42 23.96 24.08 23.63 24.25 24.22 24.22 23.24 24.84 24.39 24.95 24.94 25.77 25.73 25.33 25.27 24.94 24.13 23.93 23.49 22.11 21.45 21.42 23.02 24.33 22.70 23.24
25.82 26.16 26.11 26.05 25.97 26.05 26.37 26.30 26.02 26.36 26.18 26.39 26.62 26.61 26.46 26.59 26.55 26.49 25.99 25.48 25.01 25.08 25.38 24.64 24.72 24.03 23.88 24.76 24.90 24.99 24.34 25.00 24.78 24.74 24.87 25.44 25.13 24.66 24.55 23.98 24.31 23.71 24.25 23.89 24.05 24.45 24.13 24.62 25.43 25.08 25.11 25.29 23.60 24.05 23.69 24.61 25.18 24.50 24.50 25.10 25.10 23.50 24.45 24.38 25.46 24.82 24.82 24.04 24.07 24.14 23.60 21.93 22.47 21.15 22.01 22.46 21.73
25.90 26.37 26.26 26.11 26.26 26.00 26.01 25.95 26.22 26.20 26.02 26.39 26.25 26.41 26.48 26.57 26.59 26.60 26.50 26.33 25.71 25.24 25.10 24.35 24.63 24.45 24.32 24.84 24.40 25.24 24.95 24.92 24.52 24.56 24.90 24.88 24.59 24.50 25.18 24.49 23.81 23.69 23.86 23.72 24.65 23.56 24.22 23.04 23.81 24.19 24.53 25.00 25.07 24.65 24.22 23.64 24.77 24.52 24.55 24.28 22.77 23.15 24.02 24.15 24.39 23.51 23.38 21.94 22.71 23.28 23.24 23.54 22.84 23.25 21.65 24.03 24.40
25.85 26.17 26.17 26.22 26.12 26.26 26.02 25.93 26.22 26.24 26.20 26.33 26.35 26.02 26.42 26.42 26.49 26.56 26.51 26.38 26.25 25.71 24.97 24.81 25.22 25.02 25.38 24.35 24.32 23.90 25.00 25.30 25.27 24.73 25.05 24.78 24.83 24.39 25.47 25.67 25.65 25.38 24.72 24.89 24.35 24.39 24.50 24.69 23.95 23.25 23.12 24.12 23.88 24.47 24.67 24.10 24.95 24.59 24.65 24.10 23.37 22.94 24.16 24.47 23.40 24.07 24.99 24.03 24.15 23.50 23.88 24.04 24.72 24.90 25.33 25.58 26.01
26.04 26.20 26.25 26.05 26.09 25.89 26.11 26.28 26.40 26.27 26.19 26.09 26.34 26.45 25.90 26.32 26.43 26.51 26.58 26.38 25.97 26.25 26.02 25.89 25.70 25.43 24.63 25.07 24.40 24.52 24.73 24.77 25.28 25.28 24.42 24.10 24.82 23.42 24.92 24.97 25.40 25.42 25.44 25.84 25.16 24.35 24.98 24.40 23.68 23.90 23.19 22.79 24.09 22.69 23.60 24.70 24.43 24.28 23.88 24.42 24.11 22.69 24.68 23.94 23.64 24.02 23.64 24.12 24.96 25.11 24.26 24.34 25.31 25.94 25.90 25.79 26.13
26.16 26.06 26.26 26.03 26.20 25.95 26.23 26.20 26.36 26.35 26.40 26.54 26.56 26.42 26.32 26.24 26.16 26.25 26.42 26.28 26.35 26.28 26.18 26.35 26.13 25.45 25.70 25.84 24.95 24.69 24.98 24.87 24.54 24.47 25.74 25.34 24.87 25.27 25.16 25.43 25.06 24.81 25.47 26.04 25.88 25.63 25.08 25.11 25.19 24.90 24.48 25.13 25.07 23.45 23.14 23.75 23.69 23.96 24.05 24.41 23.62 24.16 23.77 23.87 23.30 23.76 23.48 23.62 23.43 23.39 23.56 24.31 24.94 25.62 26.11 26.17 26.24
25.99 26.32 26.38 26.36 26.18 25.90 26.00 26.03 26.44 26.47 26.33 26.48 26.46 26.21 25.98 26.20 26.18 26.07 26.25 26.31 26.30 26.31 26.30 26.30 26.01 25.56 25.88 26.00 25.88 25.25 25.40 24.95 24.73 23.71 24.34 24.12 24.60 24.01 24.68 23.79 24.66 24.81 25.11 25.01 25.57 25.60 25.77 25.46 25.06 25.15 24.73 24.92 25.50 24.81 24.06 24.45 24.14 24.21 24.45 24.12 25.38 24.18 24.51 22.88 23.60 24.10 23.77 23.42 23.06 24.39 23.63 23.71 25.30 26.01 26.22 26.23 26.26
26.15 26.19 25.90 26.16 26.13 26.22 26.07 26.24 26.30 26.42 26.46 26.18 26.03 26.24 25.75 26.17 26.34 26.11 26.32 26.19 26.14 26.02 26.17 25.98 25.99 25.75 25.84 26.15 26.06 25.86 25.64 25.88 25.72 25.57 25.19 25.10 24.98 25.42 25.32 24.42 24.66 25.98 25.11 24.77 24.50 24.52 24.32 25.63 25.15 25.40 25.41 25.03 25.22 25.36 24.48 24.65 24.13 24.26 24.10 23.15 25.27 23.88 24.03 22.85 24.87 24.61 24.00 24.88 24.26 24.50 24.85 25.00 25.41 26.04 26.25 26.20 26.25
26.25 26.09 26.03 26.27 26.43 26.28 26.24 26.07 26.00 26.03 26.13 26.13 26.35 26.42 26.28 26.49 26.43 26.14 26.00 26.28 26.39 26.17 26.37 26.17 26.34 26.11 25.96 26.19 26.37 25.99 25.88 25.86 26.02 26.25 25.84 25.10 24.19 25.09 25.32 24.42 25.24 25.98 25.98 25.31 25.69 25.63 25.21 25.01 24.90 25.32 25.19 24.59 24.86 25.09 25.48 25.83 25.25 25.26 24.59 24.66 24.85 24.62 24.03 24.71 25.03 24.92 24.68 24.88 25.37 24.97 24.51 24.29 24.84 25.86 26.18 26.20 26.24
26.47 26.20 26.24 26.30 26.28 26.38 26.31 26.31 26.18 26.26 26.13 26.24 26.25 26.42 26.48 26.47 26.44 26.32 26.37 26.45 26.43 26.45 26.38 26.32 26.13 26.35 26.32 26.31 26.28 26.31 26.21 25.85 25.88 25.76 25.77 25.70 25.49 24.75 24.80 24.80 25.99 25.89 24.96 25.33 25.47 25.09 25.27 25.53 24.90 24.93 25.64 25.33 25.57 25.66 25.77 26.27 25.98 25.80 25.79 25.55 25.48 25.26 25.17 24.90 25.52 24.89 24.87 24.99 24.05 24.92 24.69 25.33 24.65 25.40 26.11 26.21 26.22
26.43 26.38 26.40 26.44 26.42 26.45 26.30 26.25 26.29 26.41 26.25 26.25 26.36 26.33 26.40 26.41 26.41 26.39 26.42 26.38 26.38 26.29 26.41 26.37 26.31 26.18 26.39 26.36 26.31 26.30 26.36 26.02 25.99 26.17 25.90 25.52 25.68 25.84 25.58 25.46 25.62 25.44 25.62 25.73 25.03 25.62 25.54 25.11 25.42 25.23 25.35 25.67 25.91 25.80 26.20 26.30 26.09 25.70 26.08 25.94 25.96 26.16 26.15 26.02 25.92 25.64 25.85 25.80 25.46 25.95 25.92 25.52 25.06 24.70 26.07 26.20 26.24
26.39 26.41 26.13 26.32 26.43 26.40 26.39 26.32 26.33 26.35 26.41 26.41 26.37 26.28 26.37 26.42 26.42 26.41 26.40 26.41 26.40 26.35 26.39 26.29 26.19 26.08 26.25 26.36 26.42 26.42 26.14 26.41 26.35 25.92 25.61 25.88 25.97 25.95 25.86 25.82 25.63 25.59 25.66 25.49 25.58 25.78 25.57 25.51 25.74 25.66 25.37 25.86 26.03 25.95 25.88 26.05 25.86 25.68 25.88 25.97 26.00 26.15 26.15 26.21 25.95 25.67 25.80 25.99 25.99 26.12 26.16 25.86 25.29 25.70 26.08 26.21 26.21
26.34 26.37 26.35 26.47 26.42 26.42 26.15 26.38 26.39 26.32 26.44 26.43 26.40 26.36 26.39 26.43 26.41 26.39 26.39 26.40 26.40 26.29 26.37 26.20 26.29 26.19 26.11 26.31 26.37 26.38 26.34 26.32 26.05 26.34 26.23 25.95 26.05 26.15 26.23 26.13 25.99 25.79 26.01 25.88 25.73 25.91 25.80 25.85 25.89 25.95 25.89 25.80 26.02 25.83 25.70 25.57 25.61 25.76 25.74 25.84 25.85 26.07 26.16 26.20 26.18 26.02 26.00 25.97 25.89 25.91 25.76 25.20 25.67 25.86 26.20 26.20 26.18
26.45 26.15 26.40 26.43 26.44 26.42 26.40 26.41 26.41 26.39 26.40 26.41 26.42 26.32 26.34 26.37 26.38 26.38 26.37 26.34 26.32 26.32 26.28 26.10 26.16 26.31 26.20 26.25 26.35 26.24 26.31 26.35 26.32 26.34 26.23 26.23 26.23 26.23 26.22 26.13 26.09 26.00 26.07 26.06 25.93 26.12 26.23 26.12 26.01 26.11 25.92 25.97 25.74 25.53 25.20 25.20 25.25 25.58 25.70 25.73 25.86 26.00 26.04 26.09 26.14 26.15 26.17 26.20 26.14 25.70 24.53 25.34 25.83 26.17 26.22 26.21 26.21
26.47 26.47 26.43 26.42 26.41 26.40 26.41 26.39 26.26 26.37 26.38 26.39 26.39 26.33 26.33 26.32 26.37 26.36 26.34 26.33 26.30 26.15 26.25 26.19 26.18 26.24 26.27 26.31 26.33 26.32 26.29 26.31 26.33 26.31 26.22 26.21 26.22 26.23 26.22 26.18 26.17 26.16 26.20 26.17 26.04 25.89 25.89 26.28 26.13 25.96 25.64 26.05 25.91 25.58 25.08 25.16 25.31 25.25 25.41 25.63 25.80 25.91 25.98 25.90 25.96 25.97 26.04 26.12 26.03 25.67 25.34 24.77 26.11 26.21 26.23 26.22 26.21
26.42 26.42 26.46 26.39 26.41 26.35 26.28 26.23 26.19 26.15 26.29 26.30 26.32 26.20 26.34 26.36 26.36 26.35 26.38 26.37 26.33 26.28 26.33 26.19 26.15 26.30 26.30 26.34 26.28 26.30 26.16 26.10 26.20 26.23 26.19 26.20 26.21 26.22 26.22 26.21 26.19 26.13 26.18 26.13 26.02 25.44 25.47 26.01 26.06 25.66 25.83 25.72 25.52 25.34 25.11 25.21 25.68 25.86 25.63 25.76 25.85 25.78 25.92 25.81 25.84 25.88 25.85 25.69 25.51 25.69 25.57 25.95 26.18 26.17 26.22 26.22 26.22
26.42 26.38 26.32 26.37 26.38 26.33 26.34 26.34 26.23 26.36 26.35 26.33 26.36 26.26 26.29 26.32 26.28 26.31 26.33 26.32 26.28 26.32 26.31 26.29 26.15 26.21 26.21 26.19 26.24 26.28 26.15 26.11 26.15 26.17 26.13 26.18 26.18 26.20 26.21 26.20 26.17 26.17 26.20 26.15 26.02 25.24 25.27 25.71 26.10 26.07 26.13 25.81 25.88 25.49 24.21 24.84 26.10 26.17 25.79 26.15 26.06 25.72 25.81 25.74 25.87 25.79 25.64 25.29 25.23 25.80 25.87 26.01 26.14 26.18 26.15 26.22 26.22
26.29 26.36 26.18 26.03 26.19 26.30 26.28 26.18 26.22 26.29 26.30 26.32 26.35 26.35 26.35 26.33 26.24 26.22 26.31 26.23 26.26 26.26 26.29 26.30 26.26 26.21 26.21 26.16 26.17 26.02 26.17 26.12 26.11 26.19 26.19 26.14 26.15 26.18 26.20 26.21 26.18 26.19 26.18 26.16 25.71 25.01 25.12 25.65 26.10 26.16 26.12 26.07 25.92 25.34 24.74 25.08 25.65 26.15 26.18 26.01 25.98 25.68 25.77 25.82 25.78 25.79 24.91 23.40 24.36 25.34 25.94 26.13 26.13 26.15 26.17 26.17 26.17
26.36 26.09 26.19 26.07 25.92 26.28 26.24 26.10 26.11 26.16 26.14 26.16 26.27 26.29 26.32 26.24 26.13 26.25 26.19 26.09 26.17 26.23 26.29 26.29 26.30 26.31 26.23 26.21 26.11 26.03 26.07 26.08 26.14 26.18 26.18 26.18 26.17 26.15 26.18 26.19 26.18 26.19 26.19 26.16 25.89 25.87 25.11 25.31 25.70 25.91 26.11 26.06 26.01 25.34 25.57 25.29 25.85 26.17 26.13 26.07 25.80 25.53 25.69 25.63 25.64 25.59 24.44 24.51 24.87 25.42 25.89 26.04 26.12 26.15 26.17 26.17 26.17
