main/data/irradiance/20.09.2023.grid
ncols 839
nrows 679
xllcenter 112.0500
yllcenter -43.9500
cellsize 0.0500
nodata_value 99999.90
[rows 408 to 441 of 679, columns 308 to 384 of 839]
21.80 21.79 21.76 21.78 21.78 21.79 21.82 21.80 21.76 21.66 21.58 21.63 21.59 21.58 21.56 21.55 21.61 21.62 21.51 21.57 21.64 21.65 21.59 21.57 21.53 21.52 21.44 21.43 21.25 21.12 21.13 21.20 21.17 21.30 21.20 21.41 21.45 21.38 21.39 21.42 21.45 21.53 21.60 21.64 21.59 21.58 21.56 21.62 21.58 21.52 21.51 21.57 21.59 21.63 21.64 21.61 21.49 21.45 21.35 21.46 21.40 21.44 21.47 21.54 21.43 21.48 21.58 21.66 21.47 21.59 21.54 21.55 21.69 21.71 21.77 21.82 21.81
21.80 21.78 21.83 21.79 21.76 21.75 21.79 21.73 21.82 21.68 21.59 21.66 21.52 21.45 21.42 21.38 21.46 21.51 21.51 21.52 21.50 21.60 21.66 21.58 21.54 21.57 21.56 21.44 21.43 21.30 21.31 21.24 21.19 21.21 21.16 21.28 21.39 21.31 21.20 21.33 21.36 21.39 21.62 21.56 21.56 21.54 21.56 21.56 21.52 21.45 21.48 21.47 21.50 21.52 21.58 21.52 21.45 21.47 21.48 21.48 21.46 21.51 21.43 21.41 21.38 21.41 21.37 21.46 21.35 21.51 21.48 21.53 21.67 21.58 21.66 21.73 21.75
21.70 21.82 21.77 21.72 21.82 21.76 21.67 21.64 21.69 21.77 21.72 21.68 21.64 21.55 21.35 21.30 21.36 21.56 21.59 21.57 21.50 21.55 21.58 21.54 21.54 21.50 21.45 21.48 21.44 21.47 21.40 21.33 21.32 21.27 21.13 21.22 21.09 21.27 21.20 21.12 21.08 21.31 21.41 21.44 21.53 21.50 21.46 21.40 21.44 21.46 21.42 21.33 21.49 21.46 21.46 21.44 21.37 21.50 21.45 21.47 21.50 21.31 21.50 21.55 21.40 21.40 21.43 21.52 21.41 21.47 21.56 21.60 21.60 21.68 21.61 21.56 21.66
21.85 21.73 21.76 21.76 21.76 21.74 21.73 21.71 21.78 21.80 21.78 21.79 21.71 21.60 21.49 21.41 21.36 21.38 21.48 21.49 21.55 21.50 21.57 21.54 21.51 21.56 21.53 21.58 21.49 21.48 21.52 21.44 21.34 21.18 21.24 21.33 21.25 21.26 21.25 21.10 21.16 21.08 21.14 21.26 21.22 21.40 21.28 21.21 21.27 21.26 21.24 21.33 21.24 21.30 21.39 21.35 21.34 21.31 21.38 21.32 21.45 21.32 21.31 21.54 21.36 21.43 21.50 21.57 21.39 21.59 21.59 21.65 21.50 21.71 21.58 21.57 21.44
21.83 21.75 21.79 21.71 21.70 21.69 21.68 21.75 21.79 21.79 21.80 21.86 21.84 21.74 21.64 21.64 21.42 21.56 21.52 21.45 21.32 21.43 21.46 21.41 21.47 21.43 21.50 21.49 21.55 21.37 21.44 21.44 21.40 21.35 21.33 21.31 21.39 21.25 21.28 21.21 21.21 21.35 21.12 21.13 21.11 21.18 21.12 21.12 21.26 21.13 21.11 21.29 21.22 21.24 21.19 21.22 21.41 21.32 21.38 21.26 21.33 21.29 21.24 21.42 21.32 21.28 21.43 21.56 21.46 21.50 21.52 21.59 21.53 21.51 21.53 21.52 21.43
21.76 21.76 21.65 21.62 21.61 21.62 21.63 21.68 21.70 21.76 21.77 21.77 21.78 21.72 21.71 21.56 21.55 21.54 21.65 21.61 21.54 21.39 21.34 21.27 21.47 21.50 21.39 21.41 21.46 21.45 21.50 21.43 21.53 21.45 21.35 21.43 21.43 21.41 21.32 21.36 21.22 21.29 21.12 21.20 21.07 21.18 21.19 21.06 21.13 21.06 20.99 21.15 21.30 21.01 20.98 21.18 21.19 21.30 21.28 21.25 21.23 21.29 21.31 21.29 21.30 21.09 21.29 21.31 21.48 21.38 21.27 21.50 21.48 21.54 21.59 21.41 21.43
21.66 21.71 21.62 21.53 21.54 21.57 21.52 21.62 21.69 21.68 21.68 21.70 21.66 21.69 21.68 21.61 21.56 21.51 21.58 21.57 21.54 21.60 21.54 21.48 21.47 21.44 21.44 21.41 21.37 21.42 21.53 21.39 21.45 21.45 21.43 21.36 21.46 21.47 21.42 21.30 21.37 21.16 21.30 21.31 21.20 21.25 21.19 21.13 21.08 21.01 21.15 21.16 21.05 21.11 21.03 21.07 21.14 21.22 21.05 20.98 21.01 21.15 21.01 21.21 21.08 21.10 21.16 21.33 21.44 21.37 21.23 21.35 21.39 21.27 21.60 21.28 21.50
21.72 21.69 21.73 21.59 21.67 21.68 21.60 21.61 21.68 21.61 21.61 21.71 21.70 21.67 21.65 21.60 21.63 21.58 21.46 21.54 21.53 21.46 21.55 21.54 21.50 21.42 21.31 21.40 21.34 21.30 21.29 21.38 21.38 21.31 21.43 21.39 21.43 21.45 21.38 21.30 21.34 21.24 21.24 21.31 21.32 21.22 21.27 21.19 21.23 21.00 21.11 21.11 21.17 21.22 21.01 20.91 21.06 21.11 21.19 20.98 20.99 21.04 20.99 21.12 21.01 21.18 21.22 21.25 21.27 21.40 21.24 21.35 21.49 21.41 21.40 21.40 21.42
21.74 21.74 21.73 21.78 21.72 21.71 21.71 21.66 21.62 21.65 21.59 21.59 21.66 21.66 21.63 21.75 21.76 21.67 21.52 21.45 21.42 21.43 21.47 21.42 21.51 21.46 21.45 21.45 21.44 21.39 21.19 21.21 21.27 21.24 21.12 21.24 21.17 21.34 21.40 21.37 21.19 21.18 21.26 21.09 21.17 21.21 21.16 21.09 21.02 21.11 21.17 21.14 21.17 21.14 21.28 21.02 20.93 21.00 20.91 20.91 21.02 20.95 20.93 21.10 21.17 20.92 21.06 21.10 21.14 21.07 21.18 21.19 21.50 21.31 21.47 21.34 21.43
21.76 21.76 21.72 21.82 21.84 21.72 21.77 21.73 21.61 21.58 21.59 21.53 21.50 21.62 21.62 21.69 21.69 21.62 21.61 21.46 21.49 21.48 21.50 21.43 21.41 21.51 21.49 21.50 21.51 21.40 21.33 21.07 21.18 21.14 21.12 21.10 21.12 21.12 21.14 21.12 21.04 20.99 21.18 21.09 20.97 21.14 21.04 20.96 20.91 21.01 21.12 21.09 21.20 21.18 21.16 21.01 21.10 21.12 20.90 20.86 20.85 20.86 20.92 20.82 21.10 20.90 21.02 21.02 20.97 20.96 21.13 21.14 21.33 21.09 21.23 21.37 21.45
21.81 21.78 21.73 21.75 21.75 21.76 21.76 21.76 21.68 21.55 21.56 21.45 21.47 21.56 21.47 21.53 21.51 21.56 21.56 21.56 21.49 21.54 21.49 21.49 21.47 21.42 21.44 21.49 21.56 21.44 21.38 21.30 21.16 21.16 21.13 21.05 21.08 21.16 21.13 21.06 20.99 21.06 21.16 21.13 21.01 21.12 21.00 21.19 21.05 21.13 21.16 21.22 21.20 21.14 21.05 21.12 20.99 21.09 20.98 20.89 21.02 21.08 21.04 21.04 21.11 21.10 21.09 21.05 20.99 21.13 21.13 21.01 20.95 21.17 21.14 21.30 21.32
21.68 21.65 21.63 21.67 21.64 21.71 21.73 21.74 21.70 21.67 21.68 21.52 21.48 21.46 21.37 21.42 21.39 21.44 21.54 21.60 21.45 21.52 21.50 21.50 21.50 21.47 21.48 21.51 21.43 21.44 21.44 21.37 21.36 21.32 21.20 21.19 21.17 21.01 21.07 21.04 21.10 21.17 21.08 21.16 21.11 21.13 21.09 21.18 21.14 21.09 21.19 21.22 21.21 21.08 21.02 21.10 21.06 21.07 21.11 21.07 20.96 20.94 21.08 20.95 21.02 21.15 21.13 21.04 21.00 21.04 20.96 21.16 21.15 21.18 21.35 21.25 21.42
21.70 21.57 21.49 21.52 21.56 21.65 21.73 21.73 21.65 21.62 21.69 21.58 21.51 21.52 21.45 21.47 21.39 21.33 21.42 21.35 21.29 21.37 21.25 21.41 21.37 21.44 21.43 21.47 21.44 21.42 21.39 21.32 21.39 21.39 21.24 21.28 21.19 21.17 21.15 21.20 21.10 21.13 21.15 21.02 21.08 21.08 21.13 21.09 21.12 21.11 21.20 21.22 21.26 21.29 21.14 21.17 21.10 21.15 21.21 21.19 21.16 21.03 21.09 21.02 21.09 21.15 21.05 21.12 20.96 21.03 21.18 21.15 21.19 21.13 21.26 21.31 21.34
21.45 21.58 21.58 21.53 21.63 21.55 21.46 21.60 21.54 21.53 21.53 21.55 21.46 21.53 21.28 21.28 21.25 21.13 21.08 21.10 21.09 21.15 21.11 21.23 21.28 21.27 21.37 21.41 21.35 21.37 21.42 21.30 21.34 21.29 21.36 21.35 21.37 21.30 21.22 21.25 21.24 21.21 21.25 21.13 21.08 21.10 21.03 21.12 21.14 21.11 21.13 21.05 21.17 21.25 21.31 21.24 21.19 21.28 21.24 21.19 21.15 21.15 21.12 21.18 21.11 21.05 21.08 21.10 21.10 21.18 21.28 21.24 21.30 21.18 21.27 21.27 21.12
21.22 21.39 21.51 21.56 21.61 21.52 21.49 21.46 21.30 21.45 21.41 21.35 21.35 21.42 21.41 21.25 21.21 21.13 21.06 21.08 20.88 20.79 20.87 21.07 21.15 21.23 21.16 21.13 21.16 21.11 21.25 21.27 21.28 21.33 21.29 21.34 21.34 21.38 21.36 21.33 21.17 21.27 21.26 21.19 21.20 21.21 21.16 21.17 21.14 21.05 21.16 21.08 21.16 21.21 21.14 21.19 21.24 21.29 21.21 21.22 21.22 21.15 21.07 21.19 21.10 21.13 21.06 21.16 21.25 21.29 21.34 21.35 21.28 21.26 21.33 21.29 21.18
21.20 21.30 21.29 21.32 21.24 21.34 21.07 21.28 21.14 21.27 21.27 21.51 21.36 21.35 21.37 21.41 21.18 21.28 20.99 20.89 20.95 20.76 20.70 20.73 20.84 21.02 21.05 20.96 20.96 20.95 21.07 21.05 21.17 21.17 21.21 21.29 21.22 21.32 21.28 21.27 21.24 21.27 21.28 21.19 21.21 21.29 21.17 21.12 21.05 21.11 21.08 21.09 21.03 21.08 21.03 21.06 21.06 21.15 21.22 21.20 21.22 21.09 21.00 21.12 21.12 21.13 21.17 21.29 21.24 21.27 21.29 21.30 21.34 21.16 21.27 21.19 21.14
20.91 21.12 21.15 21.25 21.05 21.12 21.19 21.13 21.07 21.09 21.19 21.13 21.17 21.28 21.35 21.41 21.34 21.25 21.10 21.18 21.03 21.00 21.16 21.04 20.94 20.94 20.87 20.81 20.87 20.79 20.92 20.96 21.10 21.06 21.15 21.16 21.18 21.10 21.14 21.19 21.19 21.17 21.23 21.28 21.25 21.25 21.08 21.14 20.98 21.07 21.00 21.03 20.93 20.89 20.82 20.99 20.98 21.04 21.01 21.12 21.07 20.91 20.97 21.06 21.10 21.09 21.19 21.34 21.40 21.35 21.31 21.29 21.30 21.25 21.04 20.87 21.02
20.93 20.80 20.99 21.02 20.84 20.86 20.94 20.76 21.05 20.93 21.11 21.00 21.03 21.06 21.10 21.22 21.29 21.29 21.36 21.30 21.14 21.21 21.08 21.15 20.77 20.76 20.72 20.62 20.62 20.56 20.78 20.85 21.06 21.05 21.01 21.06 21.00 21.04 21.09 21.14 21.20 21.12 21.20 21.23 21.20 21.27 21.08 21.10 21.06 21.04 20.89 21.00 20.79 20.76 20.81 20.85 20.91 20.97 20.84 20.92 20.64 20.82 20.82 21.01 21.07 21.11 21.26 21.34 21.31 21.36 21.33 21.27 21.15 21.17 21.03 20.90 20.92
20.68 20.84 20.81 20.85 20.67 20.66 20.95 20.78 20.91 20.72 20.79 20.78 20.63 20.73 20.86 20.92 21.05 21.06 21.14 21.17 21.02 21.12 21.25 21.06 20.85 20.83 20.74 20.68 20.70 20.64 20.60 20.62 20.78 20.95 21.01 21.11 21.14 21.17 21.09 21.19 21.15 21.11 21.15 21.16 21.26 21.13 21.04 21.08 21.12 21.13 20.92 20.99 20.84 20.91 20.92 20.83 20.66 20.65 20.42 20.61 20.50 20.76 20.76 20.93 20.89 21.13 21.22 21.20 21.09 21.19 21.09 21.22 21.12 20.89 20.91 21.01 20.90
20.54 20.67 20.37 20.65 20.45 20.56 20.70 20.65 20.64 20.54 20.56 20.49 20.49 20.32 20.52 20.42 20.57 20.38 20.58 20.77 21.04 21.09 21.09 21.00 20.92 20.64 20.62 20.43 20.40 20.36 20.56 20.81 20.93 20.82 21.08 21.16 21.22 21.29 21.13 21.17 21.13 21.24 21.23 21.23 21.21 21.28 21.25 21.13 21.18 21.16 20.90 20.97 21.03 20.96 20.91 20.83 20.67 20.61 20.12 20.41 20.63 20.62 20.74 20.87 20.86 21.13 21.04 21.00 21.20 21.01 21.03 21.15 21.05 20.85 21.20 21.11 20.96
20.57 20.62 20.40 20.70 20.12 20.34 20.30 20.46 20.66 20.44 20.55 20.39 20.22 20.18 19.97 19.98 20.18 20.19 20.19 20.42 20.60 20.75 20.83 20.70 20.62 20.69 20.67 20.52 20.34 20.48 20.62 20.63 20.78 20.82 21.13 21.17 21.19 21.23 21.21 21.25 21.17 21.15 21.12 21.21 20.99 21.21 21.18 21.04 20.98 20.97 20.87 20.99 20.93 20.96 20.66 20.64 20.60 20.37 20.13 20.52 20.53 20.66 20.81 20.87 20.81 20.85 20.96 20.89 21.04 20.94 20.89 21.04 20.95 20.82 21.35 21.30 20.80
20.63 20.49 20.53 20.51 20.68 20.15 20.18 20.42 20.52 20.77 20.44 20.47 20.24 20.08 19.96 19.78 20.24 19.81 20.10 20.16 20.24 20.28 20.33 20.67 20.43 20.50 20.52 20.70 20.58 20.62 20.66 20.59 20.81 20.91 21.21 21.26 21.13 21.15 21.15 21.03 21.10 21.05 20.92 20.96 20.82 20.91 20.86 20.74 20.85 20.85 20.62 20.80 20.56 20.22 20.12 19.85 19.69 19.48 19.50 19.81 19.82 20.21 20.51 20.38 20.38 20.19 20.25 20.30 20.43 20.40 20.69 20.97 21.08 20.82 21.35 21.30 20.80
20.55 20.36 20.55 20.64 20.81 20.37 20.32 20.31 20.57 20.73 20.72 20.65 20.53 20.33 20.06 19.91 19.89 19.62 19.85 19.86 19.83 20.01 20.05 20.10 20.38 20.52 20.50 20.60 20.31 20.62 20.82 20.90 21.09 21.07 21.11 21.11 21.13 21.14 21.09 20.98 20.83 20.82 20.77 20.85 20.80 20.66 20.59 20.44 20.57 20.28 20.61 20.75 20.37 19.71 19.37 19.26 19.43 19.90 19.42 19.63 19.88 20.19 20.05 20.32 20.15 20.04 19.71 19.95 19.78 20.31 20.48 20.97 21.08 21.08 21.35 21.30 20.69
20.72 20.59 20.61 20.56 20.47 20.61 20.62 20.62 20.49 20.64 20.29 20.05 20.14 20.05 19.86 19.29 19.39 19.31 19.55 19.48 19.33 19.63 19.67 19.92 19.98 20.27 20.41 20.60 20.68 20.51 20.81 20.93 20.96 21.00 20.99 21.04 21.05 21.07 20.95 20.66 20.78 20.78 20.94 20.97 20.85 20.77 20.86 20.84 20.98 20.28 20.61 20.75 20.37 19.71 19.37 19.26 19.43 19.90 19.42 19.63 19.88 20.19 20.05 20.32 20.15 20.04 20.70 19.95 19.78 20.31 20.48 20.48 21.08 21.08 21.08 20.69 20.69
20.57 20.44 20.47 20.41 20.38 20.51 20.46 20.51 20.37 20.64 20.32 19.92 19.95 20.02 20.08 19.88 19.93 19.67 19.51 19.54 19.49 19.60 19.53 19.72 19.54 20.06 20.21 20.38 20.58 20.65 20.92 20.90 20.99 21.01 21.16 21.04 21.05 21.07 20.95 20.66 20.78 20.78 20.94 20.97 20.85 20.77 20.86 20.84 20.98 20.98 20.61 20.75 20.37 19.71 19.37 19.26 19.43 19.90 19.42 19.63 19.88 20.19 20.05 20.32 20.15 20.70 20.70 20.70 19.78 20.31 20.48 20.48 20.48 21.08 21.08 20.69 20.69
20.36 20.25 20.40 20.30 20.45 20.53 20.35 20.35 20.26 20.08 20.30 20.16 20.04 19.64 19.73 19.63 19.69 19.68 19.57 19.84 19.62 19.73 19.74 19.85 19.70 20.34 20.43 20.46 20.74 21.09 20.92 20.90 20.99 21.01 21.16 21.16 21.05 21.07 20.95 20.66 20.78 20.78 20.94 20.97 20.85 20.77 20.86 20.84 20.98 20.98 20.98 20.75 20.37 19.71 19.37 19.26 19.43 19.90 19.42 19.63 19.88 20.19 20.05 20.32 20.70 20.70 20.70 20.70 20.70 20.31 20.48 20.48 20.48 21.08 21.08 20.69 20.69
20.44 20.48 20.31 20.36 20.38 20.05 20.02 19.99 20.21 20.11 19.92 19.96 19.83 19.70 19.99 20.04 19.82 19.58 19.53 19.94 19.56 19.78 19.97 19.68 20.06 20.43 20.70 21.01 20.74 21.09 21.09 20.90 20.99 21.01 21.16 21.16 21.16 21.07 20.95 20.66 20.78 20.78 20.94 20.97 20.85 20.77 20.86 20.84 20.98 20.98 20.98 20.75 20.37 19.71 19.37 19.26 19.43 19.90 19.42 19.63 19.88 20.19 20.05 20.32 20.70 20.70 20.70 20.70 20.70 20.31 20.48 20.48 20.48 20.48 21.08 20.69 20.92
20.10 20.10 19.91 20.19 20.18 19.89 19.85 19.55 19.38 19.49 19.48 19.33 19.55 19.46 19.67 19.95 19.95 19.85 19.94 20.06 19.94 20.24 20.20 20.23 20.66 20.98 20.70 21.01 21.01 21.09 21.09 21.09 20.99 21.01 21.16 21.16 21.16 21.07 20.95 20.66 20.78 20.78 20.94 20.97 20.85 20.77 20.86 20.84 20.98 20.98 20.98 20.75 20.37 19.71 19.37 19.26 19.43 19.90 19.42 19.63 19.88 20.19 20.05 20.32 20.70 20.70 20.70 20.70 20.70 20.31 20.48 20.48 20.48 20.48 21.08 20.69 20.92
20.19 19.88 19.71 19.44 19.52 19.57 19.65 19.33 19.03 18.86 18.68 18.85 18.94 18.97 19.20 19.50 19.58 19.66 19.99 20.06 20.53 20.67 20.84 20.93 20.66 20.98 20.98 21.01 21.01 21.01 21.09 21.09 20.99 21.01 21.16 21.16 21.16 21.07 20.95 20.66 20.78 20.78 20.94 20.97 20.85 20.77 20.86 20.84 20.98 20.98 20.98 20.98 20.37 19.71 19.37 19.26 19.43 19.90 19.42 19.63 19.88 20.19 20.05 20.70 20.70 20.70 20.70 20.70 20.70 20.70 20.48 20.48 20.48 20.48 20.48 20.92 20.92
19.97 19.84 19.64 19.34 19.12 18.88 19.20 19.14 19.28 19.16 19.10 18.81 19.19 19.46 19.47 19.69 20.29 20.50 20.57 20.84 20.92 20.67 20.84 20.93 20.93 20.98 20.98 20.98 21.01 21.01 21.09 21.09 20.99 21.01 21.16 21.16 21.16 21.16 20.95 20.66 20.78 20.78 20.94 20.97 20.85 20.77 20.86 20.84 20.98 20.98 20.98 20.98 20.37 19.71 19.37 19.26 19.43 19.90 19.42 19.63 19.88 20.19 20.05 20.70 20.70 20.70 20.70 20.70 20.70 20.70 20.48 20.48 20.48 20.48 20.48 20.92 20.92
19.77 19.91 19.41 19.28 19.03 19.55 19.87 19.75 19.41 19.39 19.68 19.74 19.59 19.74 20.00 20.40 20.73 20.86 20.93 20.84 20.92 20.92 20.84 20.93 20.93 20.93 20.98 20.98 21.01 21.01 21.01 21.09 21.09 21.01 21.16 21.16 21.16 21.16 20.95 20.66 20.78 20.78 20.94 20.97 20.85 20.77 20.86 20.84 20.98 20.98 20.98 20.98 20.37 19.71 19.37 19.26 19.43 19.90 19.42 19.63 19.88 20.19 20.05 20.70 20.70 20.70 20.70 20.70 20.70 20.70 20.48 20.48 20.48 20.48 20.48 20.92 20.92
20.01 19.85 20.17 19.72 19.13 19.47 19.71 19.74 19.39 19.49 19.83 20.41 20.55 20.42 20.46 20.67 20.73 20.86 20.93 20.93 20.92 20.92 20.92 20.93 20.93 20.93 20.98 20.98 20.98 21.01 21.01 21.09 21.09 21.01 21.16 21.16 21.16 21.16 20.95 20.66 20.78 20.78 20.94 20.97 20.85 20.77 20.86 20.84 20.98 20.98 20.98 20.98 20.98 19.71 19.37 19.26 19.43 19.90 19.42 19.63 19.88 20.19 20.70 20.70 20.70 20.70 20.70 20.70 20.70 20.70 20.70 20.48 20.48 20.48 20.48 20.92 20.92
20.39 20.32 20.23 19.77 19.66 19.86 20.01 20.03 19.76 20.11 20.64 20.84 20.82 20.42 20.46 20.67 20.67 20.86 20.93 20.93 20.93 20.92 20.92 20.93 20.93 20.93 20.93 20.98 20.98 21.01 21.01 21.01 21.09 21.01 21.16 21.16 21.16 21.16 21.16 20.66 20.78 20.78 20.94 20.97 20.85 20.77 20.86 20.84 20.98 20.98 20.98 20.98 20.98 19.71 19.37 19.26 19.43 19.90 19.42 19.63 19.88 20.19 20.70 20.70 20.70 20.70 20.70 20.70 20.70 20.70 20.70 20.48 20.48 20.48 20.48 20.92 20.92
20.06 20.17 19.94 19.60 19.64 19.65 20.20 20.41 20.60 20.11 20.64 20.84 20.82 20.82 20.46 20.67 20.67 20.67 20.93 20.93 20.93 20.92 20.92 20.93 20.93 20.93 20.93 20.98 20.98 20.98 21.01 21.01 21.09 21.09 21.16 21.16 21.16 21.16 21.16 20.66 20.78 20.78 20.94 20.97 20.85 20.77 20.86 20.84 20.98 20.98 20.98 20.98 20.98 20.98 20.98 20.98 20.98 20.98 20.70 20.70 20.70 20.70 20.70 20.70 20.70 20.70 20.70 20.70 20.70 20.70 20.70 20.70 20.70 20.70 20.70 19.95 19.95
