main/data/irradiance/20.08.2023.grid
ncols 839
nrows 679
xllcenter 112.0500
yllcenter -43.9500
cellsize 0.0500
nodata_value 99999.90
[rows 102 to 135 of 679, columns 231 to 307 of 839]
99999.90 99999.90 99999.90 99999.90 99999.90 99999.90 99999.90 22.46 22.51 22.51 22.51 22.51 22.51 22.51 22.51 22.51 22.51 22.51 22.51 22.50 22.54 22.54 22.54 22.54 22.54 22.54 22.54 22.50 22.48 22.48 22.48 22.48 22.46 22.48 22.48 22.48 22.46 22.26 22.40 22.46 22.46 22.42 22.42 22.42 22.43 22.44 22.39 22.38 22.41 22.41 22.44 22.43 22.45 22.45 22.47 22.43 22.31 22.37 22.42 22.43 22.42 22.43 22.44 22.42 22.41 22.42 22.43 22.43 22.40 22.41 22.39 22.38 22.38 22.38 22.39 22.38 22.36
99999.90 99999.90 99999.90 99999.90 99999.90 99999.90 22.37 22.46 22.51 22.51 22.51 22.51 22.51 22.51 22.51 22.51 22.51 22.51 22.51 22.50 22.54 22.54 22.54 22.54 22.54 22.54 22.54 22.50 22.48 22.47 22.46 22.47 22.45 22.45 22.47 22.48 22.49 22.43 22.41 22.41 22.46 22.39 22.40 22.42 22.42 22.39 22.39 22.41 22.41 22.44 22.36 22.39 22.42 22.43 22.37 22.35 22.29 22.39 22.40 22.42 22.42 22.38 22.43 22.41 22.36 22.39 22.44 22.42 22.41 22.40 22.40 22.39 22.40 22.36 22.35 22.37 22.37
99999.90 99999.90 99999.90 99999.90 99999.90 99999.90 22.37 22.46 22.51 22.51 22.51 22.51 22.51 22.51 22.51 22.51 22.51 22.51 22.51 22.50 22.54 22.54 22.54 22.54 22.48 22.54 22.54 22.48 22.48 22.53 22.46 22.47 22.44 22.45 22.45 22.45 22.46 22.44 22.43 22.42 22.39 22.40 22.39 22.41 22.41 22.40 22.34 22.40 22.38 22.38 22.36 22.41 22.38 22.35 22.38 22.38 22.44 22.41 22.39 22.39 22.38 22.39 22.40 22.37 22.38 22.41 22.44 22.43 22.42 22.40 22.37 22.36 22.38 22.38 22.37 22.36 22.35
99999.90 99999.90 99999.90 99999.90 99999.90 99999.90 22.37 22.46 22.51 22.51 22.51 22.51 22.51 22.51 22.51 22.51 22.51 22.51 22.51 22.50 22.50 22.54 22.54 22.54 22.48 22.41 22.41 22.49 22.48 22.53 22.46 22.46 22.43 22.44 22.43 22.44 22.42 22.44 22.42 22.40 22.40 22.38 22.38 22.39 22.42 22.39 22.39 22.38 22.39 22.35 22.33 22.38 22.36 22.32 22.38 22.39 22.43 22.38 22.35 22.36 22.36 22.39 22.43 22.40 22.38 22.39 22.40 22.39 22.40 22.39 22.35 22.35 22.36 22.37 22.36 22.35 22.35
99999.90 99999.90 99999.90 99999.90 99999.90 99999.90 22.37 22.46 22.46 22.46 22.51 22.51 22.51 22.51 22.51 22.51 22.51 22.51 22.51 22.50 22.50 22.54 22.54 22.47 22.48 22.48 22.41 22.49 22.49 22.39 22.44 22.44 22.43 22.44 22.44 22.44 22.42 22.45 22.41 22.41 22.40 22.38 22.36 22.37 22.39 22.38 22.37 22.37 22.40 22.36 22.31 22.39 22.37 22.34 22.32 22.36 22.35 22.33 22.31 22.36 22.37 22.36 22.41 22.37 22.38 22.40 22.38 22.38 22.39 22.40 22.36 22.35 22.34 22.35 22.35 22.35 22.35
99999.90 99999.90 99999.90 99999.90 99999.90 99999.90 22.37 22.46 22.46 22.46 22.46 22.46 22.46 22.46 22.51 22.51 22.51 22.51 22.51 22.50 22.51 22.51 22.45 22.45 22.46 22.47 22.46 22.46 22.43 22.39 22.39 22.46 22.44 22.43 22.44 22.43 22.41 22.41 22.41 22.41 22.39 22.40 22.37 22.35 22.38 22.36 22.30 22.30 22.30 22.30 22.29 22.31 22.36 22.34 22.31 22.31 22.32 22.30 22.28 22.35 22.37 22.33 22.35 22.36 22.37 22.36 22.38 22.35 22.35 22.35 22.36 22.36 22.36 22.34 22.36 22.37 22.36
99999.90 99999.90 99999.90 99999.90 99999.90 99999.90 22.37 22.46 22.46 22.46 22.46 22.46 22.46 22.46 22.46 22.46 22.44 22.44 22.44 22.51 22.51 22.45 22.45 22.42 22.44 22.44 22.42 22.43 22.43 22.37 22.37 22.43 22.43 22.42 22.44 22.41 22.41 22.39 22.41 22.41 22.39 22.38 22.38 22.34 22.35 22.33 22.26 22.33 22.32 22.29 22.24 22.25 22.34 22.34 22.30 22.29 22.30 22.30 22.26 22.32 22.34 22.33 22.29 22.37 22.36 22.34 22.31 22.31 22.30 22.31 22.32 22.35 22.34 22.37 22.38 22.38 22.36
99999.90 99999.90 99999.90 99999.90 99999.90 99999.90 22.37 22.37 22.37 22.46 22.46 22.46 22.46 22.46 22.46 22.46 22.46 22.44 22.44 22.44 22.45 22.45 22.43 22.44 22.41 22.43 22.44 22.39 22.34 22.34 22.37 22.38 22.39 22.39 22.39 22.40 22.38 22.36 22.40 22.40 22.38 22.34 22.35 22.35 22.35 22.32 22.35 22.36 22.33 22.24 22.25 22.27 22.31 22.31 22.29 22.26 22.29 22.29 22.26 22.31 22.33 22.23 22.27 22.35 22.32 22.31 22.27 22.31 22.30 22.26 22.31 22.32 22.30 22.31 22.32 22.34 22.33
99999.90 99999.90 99999.90 99999.90 99999.90 99999.90 22.37 22.37 22.37 22.37 22.37 22.37 22.46 22.46 22.46 22.46 22.46 22.46 22.42 22.40 22.42 22.40 22.38 22.40 22.38 22.37 22.39 22.36 22.37 22.39 22.37 22.36 22.37 22.36 22.38 22.40 22.38 22.37 22.39 22.40 22.37 22.35 22.30 22.36 22.34 22.32 22.37 22.37 22.35 22.24 22.29 22.29 22.31 22.28 22.29 22.28 22.26 22.25 22.24 22.28 22.32 22.19 22.26 22.32 22.28 22.27 22.25 22.27 22.25 22.25 22.27 22.31 22.29 22.30 22.29 22.29 22.27
99999.90 99999.90 99999.90 99999.90 99999.90 99999.90 22.37 22.37 22.37 22.37 22.37 22.37 22.37 22.37 22.37 22.44 22.44 22.44 22.41 22.39 22.41 22.38 22.35 22.32 22.35 22.33 22.32 22.30 22.34 22.37 22.38 22.36 22.34 22.35 22.36 22.36 22.36 22.36 22.36 22.35 22.37 22.36 22.31 22.32 22.36 22.28 22.34 22.35 22.35 22.31 22.26 22.22 22.30 22.27 22.27 22.28 22.25 22.23 22.27 22.31 22.29 22.30 22.28 22.31 22.29 22.26 22.26 22.26 22.25 22.26 22.25 22.28 22.29 22.31 22.32 22.29 22.28
99999.90 99999.90 99999.90 99999.90 99999.90 99999.90 22.37 22.37 22.37 22.37 22.37 22.37 22.37 22.37 22.37 22.37 22.42 22.42 22.38 22.37 22.36 22.35 22.27 22.28 22.19 22.30 22.34 22.33 22.34 22.36 22.37 22.38 22.37 22.36 22.36 22.33 22.33 22.35 22.35 22.34 22.35 22.36 22.32 22.29 22.32 22.34 22.30 22.35 22.38 22.34 22.30 22.28 22.32 22.30 22.30 22.27 22.21 22.18 22.23 22.29 22.29 22.27 22.30 22.31 22.29 22.26 22.24 22.18 22.25 22.28 22.27 22.25 22.28 22.27 22.27 22.27 22.26
22.12 22.11 22.07 22.10 22.10 22.10 22.37 22.37 22.37 22.37 22.37 22.37 22.37 22.37 22.37 22.37 22.37 22.37 22.35 22.38 22.35 22.35 22.33 22.19 22.34 22.35 22.34 22.34 22.33 22.34 22.35 22.37 22.34 22.35 22.34 22.34 22.33 22.33 22.34 22.36 22.34 22.29 22.28 22.26 22.29 22.27 22.33 22.34 22.30 22.27 22.32 22.29 22.29 22.28 22.30 22.25 22.28 22.27 22.29 22.26 22.27 22.23 22.29 22.27 22.26 22.24 22.22 22.14 22.30 22.27 22.28 22.24 22.26 22.25 22.24 22.25 22.25
22.12 22.11 22.07 22.10 22.10 22.10 22.10 22.33 22.33 22.33 22.33 22.33 22.33 22.33 22.33 22.33 22.33 22.34 22.31 22.35 22.35 22.34 22.33 22.30 22.32 22.33 22.33 22.34 22.31 22.30 22.31 22.33 22.32 22.31 22.32 22.33 22.32 22.32 22.33 22.32 22.33 22.30 22.25 22.29 22.29 22.24 22.31 22.34 22.27 22.24 22.29 22.31 22.30 22.28 22.30 22.24 22.27 22.27 22.26 22.26 22.24 22.26 22.27 22.26 22.24 22.22 22.23 22.23 22.29 22.24 22.23 22.24 22.25 22.25 22.23 22.22 22.23
22.12 22.11 22.07 22.10 22.10 22.10 22.10 22.10 22.33 22.33 22.33 22.33 22.33 22.33 22.33 22.33 22.33 22.31 22.29 22.32 22.35 22.34 22.33 22.28 22.31 22.34 22.31 22.31 22.32 22.30 22.31 22.32 22.31 22.32 22.34 22.32 22.31 22.29 22.30 22.34 22.32 22.30 22.25 22.25 22.28 22.16 22.28 22.27 22.24 22.29 22.31 22.31 22.29 22.26 22.26 22.26 22.26 22.27 22.26 22.28 22.26 22.26 22.30 22.25 22.25 22.25 22.24 22.24 22.25 22.26 22.23 22.24 22.23 22.26 22.27 22.19 22.21
22.12 22.11 22.07 22.10 22.10 22.10 22.10 22.10 22.33 22.33 22.33 22.33 22.33 22.33 22.33 22.22 22.22 22.22 22.27 22.29 22.29 22.13 22.13 22.31 22.31 22.31 22.30 22.30 22.30 22.27 22.29 22.31 22.31 22.30 22.31 22.33 22.29 22.28 22.31 22.30 22.31 22.32 22.27 22.24 22.24 22.24 22.26 22.21 22.27 22.26 22.30 22.29 22.27 22.29 22.25 22.22 22.24 22.27 22.27 22.28 22.28 22.24 22.26 22.29 22.28 22.31 22.25 22.24 22.23 22.24 22.24 22.22 22.24 22.27 22.22 22.19 22.21
22.12 22.11 22.07 22.10 22.10 22.10 22.10 22.10 22.10 22.33 22.33 22.33 22.33 22.22 22.22 22.22 22.22 22.22 22.20 22.29 22.25 22.25 22.28 22.28 22.27 22.29 22.29 22.28 22.28 22.26 22.26 22.29 22.28 22.29 22.28 22.26 22.29 22.25 22.25 22.24 22.27 22.29 22.27 22.29 22.27 22.26 22.27 22.18 22.21 22.26 22.20 22.28 22.25 22.27 22.26 22.23 22.24 22.25 22.25 22.24 22.24 22.24 22.23 22.25 22.28 22.25 22.28 22.26 22.26 22.22 22.21 22.21 22.19 22.20 22.21 22.21 22.25
22.12 22.11 22.07 22.10 22.10 22.10 22.10 22.10 22.10 22.11 22.11 22.22 22.22 22.22 22.22 22.22 22.11 22.11 22.11 22.11 22.23 22.23 22.27 22.27 22.26 22.27 22.26 22.26 22.26 22.26 22.28 22.28 22.26 22.24 22.26 22.26 22.26 22.23 22.24 22.23 22.25 22.24 22.25 22.29 22.28 22.27 22.24 22.24 22.25 22.23 22.18 22.28 22.23 22.19 22.20 22.23 22.23 22.23 22.23 22.22 22.23 22.23 22.23 22.24 22.25 22.23 22.24 22.24 22.24 22.21 22.21 22.18 22.20 22.20 22.23 22.19 22.19
22.12 22.11 22.07 22.10 22.10 22.10 22.10 22.10 22.10 22.11 22.11 22.11 22.01 22.01 22.01 22.01 22.11 22.11 22.11 22.14 22.14 22.21 22.25 22.24 22.25 22.27 22.24 22.25 22.25 22.23 22.25 22.16 22.19 22.23 22.24 22.23 22.23 22.22 22.21 22.19 22.17 22.20 22.22 22.27 22.25 22.23 22.21 22.25 22.23 22.23 22.24 22.26 22.22 22.23 22.23 22.21 22.22 22.23 22.22 22.23 22.23 22.21 22.23 22.21 22.22 22.18 22.20 22.22 22.21 22.21 22.20 22.20 22.21 22.19 22.19 22.20 22.19
22.12 22.11 22.07 22.10 22.10 22.10 22.10 22.10 22.10 22.11 22.11 22.11 22.06 22.01 22.01 22.01 22.01 22.01 22.01 22.14 22.14 22.22 22.23 22.22 22.22 22.22 22.22 22.22 22.24 22.22 22.24 22.20 22.21 22.22 22.20 22.20 22.22 22.21 22.22 22.17 22.17 22.19 22.20 22.20 22.19 22.21 22.13 22.20 22.21 22.19 22.22 22.23 22.21 22.08 22.11 22.21 22.20 22.19 22.19 22.20 22.22 22.21 22.19 22.19 22.16 22.19 22.20 22.21 22.20 22.20 22.22 22.18 22.19 22.16 22.17 22.18 22.19
22.12 22.11 22.07 22.10 22.10 22.10 22.10 22.10 22.10 22.11 22.11 22.11 22.06 22.06 22.06 22.01 22.01 22.01 22.01 22.06 22.06 22.17 22.22 22.22 22.21 22.20 22.18 22.17 22.16 22.17 22.19 22.22 22.22 22.17 22.20 22.20 22.17 22.20 22.18 22.20 22.09 22.15 22.20 22.20 22.17 22.14 22.17 22.20 22.21 22.23 22.16 22.20 22.17 22.09 22.05 22.13 22.20 22.17 22.17 22.18 22.18 22.18 22.17 22.16 22.11 22.18 22.20 22.20 22.17 22.17 22.18 22.19 22.18 22.18 22.17 22.18 22.16
22.12 22.11 22.07 22.10 22.10 22.10 22.10 22.10 22.10 22.11 22.11 22.11 22.11 22.06 22.06 22.06 22.02 22.02 22.02 22.04 22.18 22.20 22.20 22.20 22.18 22.17 22.15 22.17 22.18 22.20 22.15 22.20 22.20 22.19 22.19 22.17 22.18 22.21 22.18 22.18 22.18 22.16 22.15 22.12 22.15 22.16 22.19 22.18 22.18 22.18 22.03 22.19 22.18 22.12 22.15 22.11 22.12 22.15 22.16 22.17 22.16 22.12 22.17 22.17 22.12 22.17 22.20 22.21 22.17 22.15 22.16 22.16 22.16 22.15 22.17 22.15 22.14
22.12 22.11 22.07 22.10 22.10 22.10 22.10 22.10 22.10 22.11 22.11 22.11 22.11 22.06 22.06 22.06 22.06 22.20 22.18 22.17 22.14 22.14 22.14 22.16 22.13 22.14 22.13 22.15 22.16 22.14 22.14 22.14 22.16 22.17 22.16 22.16 22.17 22.18 22.17 22.18 22.19 22.15 22.16 22.16 22.17 22.16 22.17 22.19 22.19 22.13 22.06 22.15 22.19 22.19 22.20 22.17 22.13 22.15 22.16 22.17 22.17 22.17 22.17 22.17 22.13 22.16 22.16 22.17 22.16 22.13 22.15 22.18 22.15 22.12 22.15 22.16 22.13
22.13 22.09 22.10 22.10 22.10 22.10 22.10 22.10 22.10 22.11 22.11 22.11 22.11 22.10 22.03 22.03 22.03 22.15 22.13 22.11 22.12 22.12 22.12 22.14 22.12 22.15 22.13 22.13 22.11 22.13 22.09 22.11 22.14 22.16 22.12 22.15 22.17 22.19 22.15 22.16 22.17 22.16 22.17 22.16 22.16 22.16 22.16 22.14 22.14 22.16 22.15 22.14 22.14 22.15 22.08 22.10 22.11 22.07 22.15 22.14 22.15 22.16 22.15 22.14 22.15 22.13 22.14 22.15 22.13 22.12 22.11 22.15 22.11 22.14 22.13 22.15 22.14
22.08 22.08 22.07 22.08 22.08 22.05 22.10 22.10 22.10 22.11 22.11 22.11 22.10 22.10 22.08 22.08 22.08 22.14 22.12 22.10 22.10 22.09 22.13 22.15 22.12 22.10 22.07 22.06 22.07 22.12 22.12 22.12 22.11 22.12 22.12 22.12 22.08 22.11 22.15 22.13 22.12 22.12 22.13 22.15 22.15 22.14 22.10 22.08 22.14 22.15 22.14 22.13 22.13 22.13 22.13 22.15 22.09 22.04 22.14 22.16 22.17 22.18 22.16 22.15 22.15 22.15 22.11 22.12 22.11 22.13 22.11 22.13 22.11 22.12 22.12 22.12 22.12
22.08 22.08 22.07 22.06 22.05 22.05 22.05 22.05 22.05 22.07 22.09 22.10 22.10 22.10 22.06 22.08 22.08 22.14 22.12 22.10 22.10 22.09 22.13 22.09 22.11 22.05 22.08 22.10 22.09 22.10 22.11 22.09 22.10 22.10 22.09 22.09 22.09 22.10 22.05 22.11 22.10 22.11 22.12 22.12 22.11 22.13 22.09 22.11 22.12 22.14 22.13 22.10 22.12 22.13 22.12 22.13 22.02 22.12 22.10 22.12 22.13 22.15 22.14 22.12 22.15 22.14 22.14 22.13 22.10 22.11 22.10 22.09 22.11 22.13 22.12 22.08 22.04
22.06 22.05 22.05 22.04 22.05 22.05 22.05 22.05 22.08 22.07 22.08 22.09 22.09 22.08 22.06 22.08 22.08 22.08 22.07 22.07 22.09 22.08 21.92 21.92 22.11 22.05 22.07 22.11 22.11 22.11 22.13 22.12 22.12 22.08 22.03 22.07 22.11 22.11 22.11 22.11 22.13 22.10 22.09 22.07 22.12 22.12 22.07 22.10 22.10 22.11 22.10 22.09 22.11 22.12 22.11 22.10 22.09 22.11 22.10 22.12 22.12 22.14 22.14 22.15 22.14 22.13 22.12 22.11 22.09 22.12 22.11 22.09 22.06 22.11 21.90 22.09 22.10
22.06 22.06 22.04 22.04 22.02 22.01 22.03 22.03 22.02 22.06 22.06 22.03 22.04 22.08 22.06 21.86 21.96 22.06 22.07 22.07 22.09 22.08 22.06 22.01 22.03 22.09 22.12 22.11 22.09 22.10 22.09 22.06 22.06 22.05 22.06 22.10 22.07 22.08 22.08 22.08 22.05 22.03 22.08 22.07 22.08 22.09 22.07 22.09 22.07 22.10 22.10 22.02 22.11 22.12 22.13 22.13 22.11 22.03 22.08 22.09 22.10 22.12 22.13 22.12 22.14 22.12 22.14 22.12 22.10 22.09 22.11 22.10 22.11 22.11 21.96 22.10 22.10
22.06 21.94 21.93 21.95 21.96 21.95 21.95 21.84 21.92 21.95 22.03 22.01 22.03 22.03 22.06 22.04 21.97 21.93 22.03 22.01 22.02 22.05 22.06 22.07 22.09 22.07 22.10 22.10 22.07 22.05 22.07 22.01 22.02 22.04 22.05 22.06 22.05 22.04 22.05 22.04 22.02 22.03 22.04 22.06 22.00 22.02 22.07 22.08 22.08 22.09 22.04 22.06 22.08 22.09 22.09 22.08 22.05 22.09 22.07 22.07 22.10 22.11 22.13 22.13 22.08 22.10 22.08 22.08 22.05 22.06 22.08 22.03 22.10 22.12 22.04 22.09 22.10
21.59 21.59 21.29 21.74 21.80 21.72 21.40 21.66 21.76 21.85 21.96 21.98 21.99 22.02 22.00 22.03 22.01 22.05 22.05 22.03 21.99 22.01 22.03 22.02 22.04 22.07 22.05 22.05 22.03 21.99 22.01 22.02 21.99 21.99 22.03 22.02 22.03 22.06 22.04 22.04 22.05 22.02 22.05 22.04 22.00 22.03 22.07 22.06 22.07 22.08 22.06 22.06 22.07 22.06 22.07 22.07 22.09 22.07 22.08 22.11 22.09 22.12 22.10 22.09 22.07 22.08 22.05 22.08 22.08 22.08 22.07 22.08 22.07 22.08 22.07 22.07 22.07
21.60 21.28 21.43 21.45 21.06 21.45 21.59 21.85 21.91 21.95 21.98 21.98 21.96 22.00 21.99 21.98 22.03 22.01 22.00 22.02 21.97 21.99 22.04 22.01 21.99 22.03 22.04 22.02 22.01 21.99 21.99 22.03 22.03 21.95 21.96 22.00 22.01 22.02 22.03 22.03 22.01 22.03 22.06 22.01 21.98 22.02 22.06 22.06 22.06 22.03 22.04 22.07 22.07 22.06 22.07 22.07 22.05 22.08 22.07 22.06 22.08 22.09 22.09 22.10 22.08 22.08 22.09 22.07 22.06 22.02 22.06 22.06 22.06 22.09 22.04 22.06 22.05
21.92 21.77 21.09 20.97 21.49 21.22 21.83 21.96 21.91 21.86 21.92 21.91 21.90 21.98 21.94 21.92 21.94 21.98 21.98 22.00 21.96 21.99 21.99 21.96 21.97 22.01 22.02 22.04 21.98 21.98 22.00 22.00 22.01 21.98 21.97 22.02 22.02 21.99 22.01 22.00 22.01 22.04 22.06 21.98 22.02 22.01 22.06 22.05 22.02 22.04 22.05 22.05 22.06 22.07 22.06 22.07 22.07 22.07 22.03 22.08 22.08 22.08 22.08 22.07 22.05 22.06 22.06 22.05 22.04 22.03 22.06 22.05 22.06 22.04 22.02 22.02 22.03
21.92 21.93 21.90 21.55 21.51 21.13 21.42 21.85 21.86 21.77 21.86 21.88 21.86 21.84 21.85 21.87 21.90 21.88 21.94 21.96 21.95 21.98 22.00 21.96 21.96 21.98 21.99 21.98 22.02 21.95 21.95 21.96 21.98 21.97 21.96 21.97 21.98 21.98 21.99 21.98 21.95 21.95 21.99 21.99 22.00 22.00 22.03 22.02 22.03 22.03 22.02 22.04 22.05 22.06 22.00 22.03 22.02 22.02 22.02 22.09 22.09 21.95 22.06 22.06 22.05 22.05 22.06 22.02 22.01 22.02 22.03 22.02 22.04 22.02 22.04 22.03 22.02
21.93 21.93 21.90 21.83 21.34 21.67 21.63 21.79 21.85 21.97 21.92 21.85 21.88 21.85 21.86 21.90 21.86 21.86 21.92 21.95 21.96 21.94 21.95 21.98 21.98 21.94 21.97 21.97 21.97 21.95 21.97 22.00 21.97 21.96 21.94 21.92 22.00 21.97 21.95 21.99 22.00 21.98 21.94 21.95 22.01 21.97 21.95 22.01 22.00 22.01 22.02 22.01 22.03 22.02 21.99 21.97 22.01 22.01 22.02 22.04 21.96 21.98 22.05 22.04 22.04 22.02 22.01 22.01 21.98 22.00 22.00 21.98 22.00 22.01 22.02 22.00 21.99
21.93 21.93 21.83 21.83 21.88 21.49 21.66 21.84 21.85 21.94 21.98 21.87 21.88 21.84 21.83 21.84 21.86 21.85 21.86 21.94 21.93 21.93 21.92 21.97 21.95 21.97 21.92 21.94 21.94 21.92 21.96 21.98 21.93 21.92 21.94 21.94 22.00 21.97 21.96 21.99 22.00 21.93 21.90 21.99 21.95 21.96 21.96 21.92 21.97 21.95 22.02 21.99 21.96 21.93 21.87 21.91 21.96 22.02 22.02 22.02 21.91 21.95 22.05 22.05 22.02 21.97 21.95 21.94 21.92 21.98 21.99 21.97 22.00 22.01 22.00 22.01 22.00
