main/data/irradiance/20.02.2023.grid
ncols 839
nrows 679
xllcenter 112.0500
yllcenter -43.9500
cellsize 0.0500
nodata_value 99999.90
[rows 136 to 169 of 679, columns 385 to 461 of 839]
7.61 9.39 10.33 12.13 13.67 14.28 15.47 15.99 16.59 16.95 16.78 18.07 19.01 19.47 19.57 19.62 20.30 21.35 21.53 22.05 22.04 20.90 21.34 21.60 20.15 19.94 20.55 21.45 23.66 23.69 22.52 22.10 21.98 22.64 23.01 22.73 21.33 21.02 21.01 22.46 21.35 21.34 19.95 20.16 20.80 18.99 21.06 20.06 19.14 19.24 20.76 19.14 19.07 19.05 19.40 18.33 19.54 20.76 18.34 14.76 14.83 13.27 12.85 14.62 13.02 13.55 12.57 12.91 14.05 15.20 14.43 16.12 15.98 17.88 16.31 17.38 17.35
7.92 9.83 11.06 12.08 14.98 17.00 17.79 18.09 17.56 18.07 19.40 20.78 20.87 20.59 19.55 19.48 20.45 21.01 20.93 20.59 21.76 21.13 20.79 21.08 20.94 20.75 21.94 21.92 22.31 22.76 22.46 21.54 21.50 21.39 21.63 22.91 21.66 21.91 22.18 23.87 22.31 18.34 16.00 19.74 18.92 20.87 20.68 19.75 18.80 18.78 18.89 20.75 20.89 19.59 18.36 16.49 18.32 20.88 16.88 15.42 15.63 15.42 12.71 13.74 15.11 15.06 13.11 14.50 14.76 16.05 14.71 16.81 15.99 16.32 16.13 17.29 17.57
9.80 8.99 10.58 13.63 16.07 17.81 19.02 18.86 17.92 19.58 21.57 21.72 20.62 20.74 19.97 20.35 20.22 21.48 21.00 21.18 20.74 20.33 21.21 21.94 21.37 22.43 22.40 22.34 22.89 23.05 20.49 18.91 20.08 20.30 20.14 21.31 22.23 23.48 22.58 23.63 22.26 16.83 16.09 18.25 16.64 18.54 20.42 20.09 20.63 19.83 19.51 17.53 20.03 19.86 16.80 15.02 17.18 19.69 17.37 17.47 15.98 15.94 14.75 12.91 14.98 16.38 15.38 13.99 16.28 16.31 15.32 15.30 16.39 15.87 16.42 16.34 17.12
11.16 9.57 11.13 14.20 17.07 18.17 19.42 19.75 19.45 19.91 20.96 21.22 20.88 21.22 21.05 21.56 21.90 21.92 20.66 21.45 22.21 21.81 20.95 21.14 22.28 22.21 22.80 23.19 23.84 21.86 19.00 20.05 20.52 20.17 18.10 19.63 21.55 22.66 24.00 24.80 19.96 18.55 15.52 14.15 16.85 18.64 21.73 20.46 20.34 19.20 19.04 17.47 17.55 17.48 15.56 16.08 17.01 16.19 15.74 18.75 18.44 16.72 14.33 13.79 14.27 14.83 15.94 14.21 14.91 17.84 17.98 15.45 16.35 17.30 17.26 16.94 18.52
10.50 10.97 12.26 16.08 18.05 19.07 19.56 20.37 20.28 19.93 20.66 20.79 21.42 20.85 22.19 22.78 22.30 22.94 22.52 21.93 22.08 21.04 21.57 21.87 22.84 22.50 22.99 22.46 22.75 21.53 21.55 20.46 21.24 20.19 19.23 19.62 22.13 22.53 20.84 21.13 20.25 19.67 18.27 16.28 17.44 17.97 21.12 22.78 19.30 18.70 18.69 17.36 17.30 17.14 14.54 14.56 17.05 15.23 16.28 16.71 17.15 14.87 15.15 14.12 14.16 14.51 14.76 15.39 15.52 17.21 16.23 16.69 16.98 18.76 19.03 17.34 16.45
9.23 11.01 13.94 17.35 19.66 19.60 20.82 21.05 21.61 22.08 21.94 21.86 21.92 21.72 22.74 22.86 22.25 22.90 22.00 21.65 21.97 21.77 21.24 22.07 23.18 23.50 23.73 22.66 21.54 22.53 22.24 20.67 19.75 19.13 19.09 18.98 20.15 20.71 19.86 21.33 20.89 20.61 19.79 18.18 18.54 18.44 18.87 20.12 20.06 17.72 17.03 17.33 17.66 16.55 13.84 14.80 15.83 15.41 14.56 15.05 16.68 16.17 15.32 16.05 15.89 15.87 16.08 18.18 17.81 17.84 17.97 18.22 18.56 19.05 18.93 18.59 16.82
9.48 11.48 13.80 17.43 19.38 20.40 20.83 21.67 22.54 22.27 21.94 22.31 21.58 21.94 22.55 22.38 22.98 23.66 22.70 22.46 22.70 22.40 21.37 21.57 22.37 22.27 21.05 20.40 21.94 22.50 22.21 21.22 20.11 19.99 20.27 19.53 18.23 18.73 17.48 18.31 19.52 19.38 20.43 17.96 17.06 18.33 19.52 19.65 17.95 18.77 17.48 18.28 17.47 17.34 15.66 15.26 16.47 15.61 15.88 17.76 17.02 15.43 14.02 15.21 17.91 18.19 16.47 17.99 18.42 18.93 20.11 18.50 17.86 16.37 16.96 16.05 16.22
12.18 14.13 15.83 17.61 19.57 20.21 21.36 22.91 23.22 22.23 21.55 20.87 20.67 22.22 22.35 21.95 22.59 23.82 23.19 21.83 22.49 22.04 21.86 21.79 23.15 22.41 22.11 23.16 24.17 22.53 21.35 20.65 19.30 19.28 19.59 19.24 18.23 18.74 18.60 18.42 21.08 21.92 20.94 19.38 18.83 17.11 19.82 20.62 20.64 22.06 19.49 17.42 17.29 17.52 16.09 14.87 14.87 14.33 15.00 16.41 15.64 13.65 14.76 16.06 15.96 17.56 17.05 16.40 18.13 18.44 18.62 19.24 19.51 18.42 18.70 17.02 16.68
11.68 14.60 16.55 18.69 19.61 21.00 22.76 23.23 23.05 22.66 22.95 21.77 21.44 22.14 22.65 22.32 22.00 22.58 22.56 20.08 20.10 20.63 20.90 22.45 22.41 22.02 22.09 23.97 23.92 22.01 20.63 20.65 19.50 19.03 19.76 19.46 18.35 18.45 19.23 19.75 20.51 21.10 20.64 19.34 19.38 17.64 18.85 19.74 20.49 20.46 18.06 16.17 14.35 16.16 17.41 15.38 14.65 15.23 15.90 16.23 15.31 14.87 15.36 17.43 16.77 16.54 16.79 17.08 16.42 17.38 19.01 17.53 18.33 20.18 19.31 17.15 15.98
10.80 13.14 14.98 17.31 18.31 19.81 21.14 21.88 22.04 22.23 22.56 21.80 22.02 21.96 22.66 21.75 22.64 23.14 22.32 21.11 20.35 21.04 21.68 21.72 20.52 21.85 22.27 21.84 21.30 21.33 20.71 18.99 17.82 18.08 18.70 18.21 18.92 19.99 20.09 19.09 19.85 20.57 20.47 20.48 19.34 18.43 20.16 21.56 20.41 19.43 19.33 16.36 13.22 16.35 17.74 16.69 15.64 17.28 17.03 17.66 15.37 15.30 17.66 18.77 17.53 16.67 16.11 15.32 15.41 16.31 17.53 17.84 17.37 18.96 17.41 16.11 16.05
11.36 14.00 15.58 17.47 18.57 19.32 19.67 20.66 21.83 22.16 23.08 21.70 23.14 22.72 22.66 21.56 22.47 22.78 21.78 21.42 21.61 22.31 22.21 21.53 21.14 21.34 20.86 20.16 19.84 20.75 19.90 18.62 17.74 18.09 18.83 18.91 17.58 18.93 18.78 18.45 19.82 20.89 21.70 20.42 19.71 18.42 17.90 18.28 19.48 19.84 18.10 18.99 17.87 17.53 16.20 17.50 18.03 16.82 16.98 18.48 16.63 17.17 18.26 18.01 17.07 16.15 17.07 18.13 17.82 18.25 18.53 16.68 17.32 19.08 18.83 18.73 18.94
13.10 14.26 16.92 17.95 18.77 18.51 19.25 21.13 20.31 21.99 23.00 22.58 23.33 23.32 23.30 23.07 22.40 22.25 20.55 20.50 21.17 21.14 21.05 22.23 22.89 21.85 21.44 20.75 20.50 19.75 19.52 19.45 19.23 18.25 18.80 18.96 17.23 17.81 18.80 18.93 19.38 19.32 22.11 20.79 21.10 19.18 18.42 17.43 17.28 18.03 18.53 18.67 18.90 19.64 19.03 19.07 19.51 20.93 18.97 17.76 16.57 15.93 17.92 17.12 17.03 15.27 17.27 17.64 17.08 18.80 19.25 18.25 17.30 16.95 17.09 17.88 17.05
13.89 15.62 17.56 17.54 16.54 17.19 17.41 20.18 20.94 22.29 23.35 22.81 23.39 23.65 23.53 23.41 22.40 22.17 21.06 21.51 21.53 21.01 21.59 21.97 22.55 21.67 20.20 20.34 20.75 19.65 18.90 18.78 18.78 19.25 19.41 17.40 17.09 16.84 18.12 18.64 19.07 18.03 18.81 21.27 21.73 20.70 17.81 18.46 18.73 18.02 18.35 19.84 20.38 21.31 21.46 22.13 22.57 22.60 20.79 19.95 19.02 18.75 18.31 15.73 15.34 14.22 14.00 15.20 16.16 16.73 17.24 16.65 17.89 18.44 16.24 15.71 15.33
15.66 16.90 19.24 19.86 18.05 17.43 17.72 19.14 21.27 22.45 23.92 23.57 22.39 22.92 22.87 23.44 24.07 23.71 22.48 22.07 21.72 21.62 22.73 21.95 21.94 21.36 20.11 20.50 19.56 18.83 18.20 18.42 17.92 17.53 18.87 18.10 18.21 17.48 18.04 18.32 19.63 19.60 18.80 18.91 18.60 18.68 17.36 18.92 19.40 18.18 18.91 20.22 21.36 23.43 22.93 23.56 22.50 21.95 20.96 20.98 21.31 21.09 18.95 16.38 15.72 16.26 14.87 15.62 16.98 15.14 15.02 16.16 16.29 17.56 18.04 16.52 15.28
16.54 15.86 18.07 17.68 17.52 18.77 19.71 21.07 22.01 22.58 23.60 23.47 22.71 22.55 23.91 24.39 24.57 22.81 21.80 21.12 21.58 21.43 21.26 20.43 21.46 20.51 20.60 20.81 19.97 19.48 18.02 18.95 18.70 17.31 18.77 19.54 19.45 19.07 18.62 19.33 19.07 19.04 20.88 20.49 19.48 17.38 17.42 18.84 18.71 19.91 19.77 21.78 22.63 23.25 24.38 24.41 23.16 22.03 21.28 21.23 20.93 21.68 20.29 20.15 20.00 18.99 16.94 15.21 15.94 16.22 15.22 14.92 15.12 17.50 17.38 15.69 14.44
15.64 16.25 17.05 17.98 17.51 18.07 20.15 22.23 23.85 23.96 24.26 23.83 23.35 24.39 24.78 24.52 23.51 22.79 22.59 22.13 22.46 22.20 21.72 20.78 20.21 20.70 20.63 19.84 19.94 19.29 18.07 18.65 18.95 17.87 16.93 18.85 19.88 18.88 17.11 17.88 17.07 16.99 19.28 20.71 19.03 17.84 18.71 18.04 17.69 19.21 22.21 22.31 20.91 20.49 21.83 22.79 21.90 22.90 21.39 20.77 23.79 21.14 20.76 21.41 22.54 20.27 19.26 18.29 17.49 19.16 18.90 18.76 18.38 17.58 16.80 14.92 15.28
15.39 17.10 17.84 17.62 17.86 19.00 19.44 21.34 22.83 23.21 23.25 23.12 22.97 23.70 24.81 24.90 24.07 22.83 23.68 23.13 22.73 22.82 21.81 21.93 21.38 20.45 20.03 19.74 19.91 19.95 19.01 18.36 19.17 18.05 16.93 17.09 18.45 19.13 17.20 16.65 16.17 16.16 17.97 17.29 18.75 17.84 18.27 17.74 18.25 19.72 20.31 20.15 19.99 21.17 21.37 22.69 20.84 22.26 22.42 22.07 22.90 22.31 21.93 20.50 19.39 19.84 19.09 20.36 19.13 19.85 19.29 19.33 18.53 18.42 18.22 17.86 16.32
16.10 15.96 16.65 18.42 19.85 20.53 20.80 20.95 21.74 21.09 22.35 22.18 22.79 23.52 24.29 24.01 23.81 23.93 23.12 22.72 22.36 23.53 23.14 22.49 23.24 21.44 21.12 20.77 21.27 19.99 20.52 19.14 19.15 19.39 16.94 16.06 19.25 19.35 19.15 18.13 18.13 19.33 19.17 17.29 18.75 19.03 19.03 17.61 19.07 19.40 19.49 20.32 21.09 21.79 21.94 23.15 22.48 20.86 23.26 23.60 23.17 22.31 20.41 19.63 20.24 19.44 17.91 20.12 18.59 18.31 17.05 16.83 17.94 17.96 18.54 18.49 17.27
16.51 16.16 17.29 18.66 19.50 21.14 21.67 21.58 21.00 20.51 21.25 22.67 23.28 22.65 23.30 23.88 23.65 24.92 23.82 23.41 22.72 23.06 23.11 22.65 22.71 22.38 22.08 20.85 21.58 20.81 20.11 20.46 20.33 19.17 18.15 19.24 20.52 19.26 20.18 19.31 20.22 21.20 19.17 19.17 18.75 21.45 21.45 20.20 19.20 19.44 19.96 21.23 20.81 20.43 19.94 20.23 21.64 20.81 23.11 22.81 20.28 20.77 19.31 19.86 20.00 18.99 17.65 19.11 18.79 18.10 17.35 17.95 17.12 17.66 15.85 16.26 16.41
15.45 16.85 18.62 19.34 19.90 19.98 20.38 20.49 21.57 21.00 21.12 22.70 23.41 24.85 23.67 23.99 22.88 24.13 24.33 24.12 23.96 22.85 23.11 22.88 23.18 23.34 22.52 22.71 22.44 21.99 21.41 20.52 19.96 20.99 21.16 21.90 22.94 22.74 21.52 22.50 23.25 22.98 22.98 23.56 22.23 22.23 22.23 20.11 19.82 19.92 19.93 19.28 18.54 18.55 19.57 19.81 20.96 21.26 21.15 19.89 19.63 19.18 18.04 18.77 20.29 19.32 19.94 19.31 16.60 16.75 17.79 19.89 18.57 14.71 18.00 18.68 18.36
16.31 16.70 18.29 19.05 21.67 19.31 20.74 21.31 22.37 22.61 23.27 23.95 23.72 24.48 23.03 22.22 22.64 23.25 23.98 24.15 23.84 23.92 22.94 23.50 22.80 22.66 22.29 23.06 23.01 23.51 22.39 23.22 22.12 21.84 23.24 22.03 22.87 22.62 22.59 22.93 23.15 22.48 23.56 23.56 23.56 22.23 22.23 21.58 21.26 21.36 19.87 19.25 19.64 21.32 19.53 21.15 20.60 21.00 20.92 21.84 20.96 20.35 18.96 20.20 19.64 19.73 20.12 18.83 17.53 18.19 17.19 18.82 18.53 19.18 20.22 21.66 20.27
15.99 16.04 18.07 19.17 20.04 20.02 21.49 22.46 23.78 22.77 22.77 23.40 23.79 24.15 23.02 23.35 22.60 22.77 23.33 22.25 22.52 23.68 22.51 22.49 21.41 22.09 21.35 23.27 22.18 21.90 23.05 22.99 22.74 22.46 22.95 23.72 23.67 23.92 24.60 23.98 22.60 22.80 24.34 24.34 24.34 21.46 21.46 21.04 19.13 18.90 19.50 19.60 18.80 20.99 21.50 20.47 20.76 20.09 21.10 21.40 23.35 23.42 22.78 21.02 18.90 18.49 18.83 19.31 19.91 19.08 16.49 18.03 18.07 19.08 20.30 20.14 21.98
14.29 15.65 17.97 18.52 17.75 22.55 22.80 21.81 22.29 23.61 22.72 23.24 23.98 22.75 24.01 23.87 23.62 21.71 23.29 22.06 23.11 22.48 23.23 22.46 19.69 21.33 22.64 21.19 22.72 21.57 24.74 24.09 23.74 24.49 24.93 25.07 24.10 25.25 25.45 24.69 24.88 25.90 25.85 25.85 26.25 20.92 20.92 20.34 19.80 19.45 19.84 21.32 21.79 21.33 21.05 22.62 23.64 22.55 22.41 22.94 23.60 22.97 22.35 20.98 20.02 18.70 20.95 19.62 20.47 21.73 19.58 18.50 17.25 19.69 18.83 20.63 22.26
15.77 15.47 18.42 18.97 19.67 21.79 22.14 22.81 23.77 24.13 24.65 24.37 23.45 24.15 23.64 24.53 24.10 23.06 23.17 22.73 22.52 23.64 23.26 21.45 20.91 21.24 21.58 21.30 21.10 23.38 22.81 23.70 24.97 24.42 24.29 24.11 24.97 25.97 24.63 24.34 24.62 25.15 25.41 25.62 26.25 24.98 22.83 20.78 19.91 20.50 19.75 19.96 21.05 19.55 21.80 23.41 23.55 24.08 23.88 23.71 22.69 22.28 21.38 21.52 20.89 21.44 22.06 21.07 21.83 22.11 22.18 19.68 17.50 18.64 21.01 19.98 21.25
16.33 17.44 19.78 19.82 21.04 24.02 24.64 24.22 24.86 24.33 24.52 22.73 22.67 23.65 23.14 23.96 23.75 23.50 24.12 24.33 23.03 23.42 22.78 23.90 21.15 20.30 21.40 21.88 24.05 23.00 23.30 24.46 25.03 25.20 25.81 25.74 24.86 25.06 26.40 25.27 24.72 24.19 22.40 21.83 23.12 24.32 24.84 23.01 21.28 21.07 19.75 21.07 21.24 20.81 20.65 22.21 23.03 23.98 24.07 23.45 21.60 22.28 22.50 22.64 21.48 22.52 23.18 23.28 23.58 22.60 23.03 21.78 21.90 20.81 22.50 20.69 19.97
16.59 17.84 19.84 21.39 23.08 23.86 23.99 23.88 23.74 23.77 24.22 24.24 24.10 25.12 23.84 23.38 23.53 24.17 24.01 23.79 24.21 23.18 22.47 22.96 22.32 19.81 21.04 22.70 21.60 23.04 23.27 24.39 25.38 24.92 24.97 24.36 24.87 25.32 24.96 24.86 24.10 22.69 22.03 24.33 25.96 25.50 25.22 23.05 21.44 20.50 19.70 19.53 20.83 21.13 21.60 21.51 21.41 20.53 20.21 21.98 21.31 22.03 22.68 22.35 22.76 23.27 23.08 23.49 23.83 23.03 23.36 23.86 23.88 23.37 22.76 22.60 22.79
19.19 18.91 20.04 21.43 22.64 23.29 24.05 24.86 24.52 24.36 24.24 24.33 24.14 24.57 23.28 23.28 24.02 24.05 23.28 23.80 22.75 23.24 22.46 22.35 21.60 20.05 20.44 21.29 21.35 23.44 23.77 24.31 25.22 24.69 24.84 24.98 25.29 25.78 25.61 25.36 24.40 24.39 24.84 26.29 26.12 24.19 23.37 23.03 22.26 21.88 21.06 20.48 21.34 21.80 22.20 21.82 21.85 20.84 22.19 23.66 22.67 22.35 23.41 23.36 23.40 23.91 23.22 24.17 23.89 23.86 23.06 23.22 22.89 22.00 21.68 22.43 23.42
21.51 21.62 21.01 20.80 21.09 22.63 23.51 24.32 24.20 23.00 23.30 25.08 24.26 23.99 22.28 23.65 23.56 23.23 23.24 23.48 23.66 23.06 22.09 22.45 23.05 21.50 21.36 22.92 23.54 23.37 24.45 24.66 24.52 24.31 25.53 25.34 26.08 26.51 25.41 25.45 25.46 25.50 25.30 24.67 24.10 25.44 24.76 24.28 24.79 24.26 23.39 22.51 22.42 23.03 23.08 23.61 22.74 22.13 22.31 22.81 23.37 24.14 24.02 24.30 24.34 24.42 24.23 24.42 23.96 24.02 23.29 21.20 21.11 21.69 20.69 23.60 24.70
22.62 21.86 22.24 20.89 21.95 22.98 24.28 24.25 23.38 24.26 23.47 24.30 22.95 22.16 21.13 22.39 22.38 23.40 24.26 24.64 22.27 22.51 23.60 23.29 20.83 21.06 22.57 24.28 24.38 23.29 24.72 24.33 25.18 25.56 25.51 26.21 26.33 26.45 26.55 26.12 26.37 25.91 25.53 25.77 25.89 26.69 26.69 25.84 24.90 24.76 24.19 22.90 22.44 24.46 24.86 23.54 24.34 24.07 24.06 23.59 24.08 24.89 25.21 23.82 24.90 25.51 25.14 23.61 23.66 23.28 23.89 23.92 22.98 24.74 24.10 24.50 23.84
21.02 21.24 22.81 23.06 23.25 24.32 23.87 22.52 23.97 25.21 25.04 24.07 22.41 21.99 21.72 21.71 23.63 23.16 24.19 24.29 24.38 23.43 24.38 22.78 22.67 22.21 24.24 24.94 25.50 25.25 25.85 25.80 26.27 26.80 25.87 26.77 26.76 26.85 25.96 26.68 26.31 25.59 25.19 25.37 26.55 26.90 26.88 26.18 25.62 25.30 24.44 23.54 22.36 22.74 23.95 24.57 25.12 24.99 24.40 24.99 23.46 25.73 25.77 24.68 24.51 24.94 24.60 25.33 25.24 23.47 22.95 23.64 25.21 25.88 25.20 26.30 23.87
21.12 20.95 21.79 22.33 23.40 23.17 23.25 23.01 23.82 24.64 23.02 23.45 22.38 22.88 23.36 23.51 22.24 22.88 23.22 24.24 22.73 22.30 21.48 22.44 22.92 24.05 25.57 26.38 26.65 26.19 26.19 26.25 25.13 25.96 26.27 26.38 26.57 25.75 26.01 25.95 26.29 25.74 26.24 26.28 26.61 26.55 26.62 26.28 26.47 25.76 26.06 25.00 24.43 23.50 23.74 24.15 24.26 24.82 24.42 24.06 24.43 24.29 24.96 25.73 25.68 26.63 25.80 24.42 24.96 23.66 23.85 22.99 23.10 23.31 24.85 24.79 23.77
21.94 20.96 21.57 21.93 21.82 23.51 23.22 23.30 23.39 25.14 22.77 22.77 23.19 23.68 21.80 23.00 23.15 23.20 24.14 23.52 22.90 22.76 23.88 24.83 25.08 25.50 25.89 25.53 26.17 25.83 25.29 24.56 24.83 25.76 26.00 24.57 25.02 24.54 25.13 24.88 25.12 25.26 24.23 24.87 25.53 26.32 26.42 26.31 26.36 25.97 25.99 25.33 25.70 23.88 22.55 23.02 24.30 25.54 25.22 25.25 24.89 25.48 25.97 26.86 26.59 26.63 26.13 25.27 24.75 25.80 26.17 25.72 23.92 24.58 24.45 23.50 23.37
21.14 21.40 20.13 21.66 23.07 23.79 23.09 23.71 23.91 23.94 24.03 23.24 24.26 22.59 21.73 21.85 22.84 22.92 23.65 23.11 23.74 23.25 23.21 24.36 25.29 25.97 25.94 25.48 25.42 25.27 25.14 24.78 24.64 25.24 24.70 25.16 25.13 25.01 24.29 25.60 25.18 25.42 24.63 24.52 24.99 24.63 26.09 25.35 25.21 25.19 25.01 25.18 25.28 24.09 23.78 23.53 23.82 24.88 25.20 25.39 25.69 26.10 25.15 25.51 25.25 25.44 25.52 25.43 25.62 26.61 27.10 27.27 26.10 22.70 22.82 23.64 23.80
21.20 21.67 22.40 22.55 22.27 23.31 24.92 23.90 23.14 22.53 22.24 23.59 23.43 22.25 21.44 22.13 23.26 22.53 23.80 24.58 23.40 23.12 23.44 25.00 24.57 25.74 24.92 25.09 24.33 24.73 24.29 23.23 23.89 24.14 24.38 23.89 23.64 22.96 22.03 23.94 23.55 24.08 24.41 24.02 23.21 23.24 24.67 24.84 24.66 24.31 23.87 24.08 24.57 23.91 23.61 24.50 24.73 25.51 26.00 26.62 25.83 25.85 25.26 25.46 25.34 25.25 26.65 26.56 26.64 27.21 26.37 27.33 25.63 23.32 23.34 25.00 24.76
