main/data/irradiance/20.01.2023.grid
ncols 839
nrows 679
xllcenter 112.0500
yllcenter -43.9500
cellsize 0.0500
nodata_value 99999.90
[rows 442 to 475 of 679, columns 539 to 615 of 839]
28.78 29.10 29.12 29.47 29.91 29.67 29.74 30.23 29.78 30.01 29.37 28.69 29.09 28.71 28.46 28.51 29.25 29.47 29.89 29.70 30.14 30.03 30.16 29.83 30.22 29.99 30.11 29.89 29.94 29.59 29.74 29.85 29.70 30.03 29.70 30.08 30.15 29.97 29.77 29.69 30.40 30.54 30.43 29.84 29.94 29.73 29.72 29.48 29.17 29.53 29.78 29.80 29.70 29.61 29.49 29.69 29.56 28.97 28.99 28.94 28.91 28.84 29.31 29.14 29.40 29.19 29.84 29.76 29.63 30.03 29.99 29.56 29.51 29.28 29.69 29.75 29.71
29.74 29.60 29.49 29.39 29.74 30.09 29.80 29.67 30.10 29.59 29.21 29.09 28.41 29.14 29.53 29.94 30.02 30.04 29.82 30.21 30.36 30.18 30.23 30.09 30.05 29.72 28.85 29.67 29.54 29.85 29.73 29.40 29.86 29.99 29.98 29.94 30.02 30.06 30.00 29.85 30.15 29.84 29.75 30.03 29.81 29.75 29.27 29.45 29.88 29.69 29.62 29.27 29.34 28.90 28.78 29.00 29.08 28.81 28.79 28.76 29.17 29.12 29.56 29.47 29.45 29.40 29.30 29.47 29.20 29.15 29.29 29.27 29.92 30.02 29.24 29.47 28.90
29.83 29.62 29.31 29.44 29.78 29.82 29.75 29.43 28.89 29.02 29.15 29.29 29.32 29.62 29.65 29.99 30.16 30.07 29.75 30.13 30.29 30.27 30.14 30.12 29.80 29.78 29.47 29.33 29.34 29.82 29.66 29.96 29.96 30.05 30.23 30.36 30.21 30.15 29.98 29.68 29.45 29.25 29.53 30.04 29.42 29.59 29.33 29.42 29.97 29.85 29.47 29.54 29.60 29.22 28.76 28.63 29.12 28.94 29.00 28.10 28.54 29.62 29.57 29.46 29.05 28.82 29.56 29.54 29.20 29.15 29.29 29.48 30.27 29.75 29.00 29.02 29.77
30.06 29.41 29.57 29.70 28.91 29.83 29.54 29.56 29.42 29.80 29.98 29.80 29.80 30.05 29.94 30.07 30.48 30.27 29.61 29.85 30.49 30.01 29.94 29.68 29.64 29.76 29.57 29.52 29.62 29.94 29.79 30.06 30.08 29.62 29.94 30.27 30.40 30.08 29.83 29.52 29.10 28.72 29.28 29.66 29.51 30.01 29.92 29.59 29.49 29.30 29.55 29.72 29.34 28.81 28.05 28.13 28.40 27.91 27.70 27.65 28.55 29.13 29.60 29.67 28.82 28.82 29.56 29.54 29.54 30.31 30.51 30.51 29.76 29.17 28.95 28.96 29.45
29.07 29.77 29.30 28.38 28.66 29.35 29.45 29.85 29.25 29.53 29.99 29.67 29.70 29.86 30.06 30.22 30.54 30.40 30.06 29.81 29.68 30.35 30.30 30.19 29.82 30.25 30.54 29.94 29.92 29.99 30.10 30.06 30.27 29.98 29.97 30.19 30.19 29.87 30.09 29.82 29.80 29.78 29.59 29.09 29.91 29.94 29.54 29.33 29.14 29.27 29.77 29.34 29.26 29.04 28.75 28.69 28.51 28.18 27.87 27.95 29.17 29.46 29.48 29.63 28.54 28.54 28.95 29.54 30.31 30.31 30.29 29.56 28.94 29.29 29.31 29.26 29.58
29.34 29.58 29.37 28.85 29.73 30.06 29.83 29.63 29.71 29.90 29.87 29.61 29.97 30.05 29.91 30.02 29.99 29.80 29.49 29.09 29.96 30.57 29.71 29.75 30.14 30.21 30.42 29.85 30.16 30.31 30.29 30.13 30.28 29.79 29.64 29.49 29.50 29.45 28.63 29.07 29.61 29.86 30.25 29.64 29.80 29.66 29.62 29.70 29.47 28.90 29.22 28.82 28.78 29.32 29.36 29.67 29.55 29.28 29.24 29.34 29.41 29.49 29.46 29.00 28.55 28.95 28.95 28.74 30.47 30.47 30.28 30.12 29.57 29.44 29.26 29.41 29.92
29.51 29.57 29.05 29.81 30.15 30.07 29.96 29.63 29.73 29.81 29.77 29.69 30.28 30.19 29.98 29.98 29.70 29.14 28.65 29.53 30.15 30.05 29.89 30.30 30.22 29.72 29.87 29.76 29.98 29.51 29.75 29.62 29.58 29.20 29.06 29.18 29.60 29.34 29.20 29.59 29.71 29.73 29.34 29.70 29.61 29.49 29.53 29.58 28.52 28.51 28.07 27.35 28.55 28.89 29.02 29.55 29.69 29.82 30.11 30.10 29.80 29.87 29.57 28.75 28.55 28.95 28.30 28.74 28.89 29.57 29.58 29.73 29.91 29.85 29.46 29.07 29.50
29.47 29.07 29.03 29.19 29.97 29.80 29.40 29.64 30.02 29.99 29.69 29.83 30.11 30.03 30.18 30.13 29.85 29.71 29.52 30.26 30.14 29.96 30.06 30.42 30.10 29.67 29.37 29.93 30.11 29.97 29.88 29.54 29.67 29.15 29.27 29.65 29.85 29.58 29.50 29.34 30.00 29.71 29.46 29.28 28.98 28.62 28.58 28.53 28.33 28.42 28.91 29.12 29.45 29.55 29.60 29.22 29.11 29.31 29.12 29.59 29.28 28.95 28.40 28.58 28.58 28.30 28.30 29.41 28.95 29.42 29.41 28.97 29.12 28.97 28.41 28.49 29.10
29.41 29.24 29.44 29.56 29.38 29.33 29.82 30.29 30.18 30.09 29.91 30.12 29.59 29.62 29.97 29.87 29.41 29.48 29.27 29.87 30.00 29.78 30.19 30.25 29.97 29.69 29.65 30.04 29.96 29.95 30.04 29.30 28.90 28.21 28.78 29.51 30.02 29.92 29.76 29.97 29.79 29.81 29.31 29.48 29.34 28.53 28.28 28.47 28.26 28.02 28.58 29.10 29.48 28.95 28.98 29.11 29.14 29.39 29.19 28.77 28.67 27.78 28.14 28.45 28.45 30.66 30.66 30.25 30.11 30.22 30.03 29.17 28.80 28.68 28.65 28.97 29.13
29.64 29.29 29.76 29.97 29.95 29.73 30.00 30.10 30.01 29.81 29.83 29.72 29.73 29.55 29.31 29.64 29.60 29.40 29.54 30.08 30.33 30.38 30.30 30.06 29.77 29.93 30.01 30.03 29.70 30.00 30.10 28.75 27.91 28.20 28.72 29.62 30.25 29.76 29.46 28.91 28.92 29.46 29.68 29.92 29.46 29.18 28.67 27.89 27.81 27.78 28.31 28.88 29.34 29.24 29.15 29.29 29.52 29.36 29.20 28.26 27.90 27.44 27.69 28.85 29.40 30.11 30.61 30.85 30.43 30.39 30.31 29.73 29.69 29.38 29.01 29.16 29.33
29.07 29.09 29.56 29.96 29.77 29.73 29.95 30.07 29.65 29.71 29.80 29.72 29.91 29.66 30.09 30.29 29.94 29.30 29.28 30.25 30.49 30.42 30.27 30.18 29.75 30.32 30.23 30.27 30.15 29.74 29.13 27.88 28.11 28.97 29.61 30.00 30.08 29.34 28.31 27.95 28.74 29.16 29.05 29.27 29.20 28.52 27.87 27.55 27.80 28.36 28.71 29.22 29.71 29.71 29.79 29.74 29.49 29.61 29.91 29.39 28.58 28.39 27.86 28.40 29.64 29.98 29.64 29.14 29.46 29.94 29.22 29.69 29.57 29.16 28.97 29.43 29.14
29.28 29.35 30.06 29.65 29.76 30.06 29.83 29.55 29.61 29.98 30.07 30.09 30.12 30.14 30.11 30.02 29.11 29.19 29.97 29.97 30.10 30.37 30.11 29.83 30.08 29.88 29.17 28.90 28.48 28.81 28.53 27.91 28.56 29.16 29.15 29.48 28.99 28.52 28.52 28.61 28.81 28.74 28.61 28.68 28.81 28.65 28.10 28.20 28.64 28.65 28.72 29.13 29.40 29.69 29.77 30.00 29.78 29.72 29.43 28.89 28.59 28.59 28.68 30.19 29.90 29.01 28.49 28.82 29.57 30.00 29.74 29.98 29.83 29.60 29.82 30.06 29.54
29.58 29.91 30.09 30.01 30.07 30.06 30.18 30.03 29.98 30.29 30.09 29.93 30.07 29.91 29.57 28.95 29.15 29.81 29.99 30.09 30.46 30.38 29.88 29.65 28.98 29.14 28.56 28.51 28.77 29.15 29.09 29.02 29.35 29.52 29.10 29.39 29.43 28.98 28.87 28.93 29.31 29.42 29.51 29.71 29.10 28.55 28.55 28.40 28.39 28.73 28.98 28.59 28.66 29.58 29.43 29.59 29.42 29.47 29.50 29.31 29.50 29.83 30.11 29.01 28.99 28.79 29.11 29.33 29.59 29.54 28.42 28.77 29.19 29.50 29.22 29.29 29.36
29.23 29.86 30.22 29.78 29.31 28.92 30.11 29.68 30.20 29.79 29.51 29.51 29.82 29.83 29.72 29.77 29.73 29.84 29.67 29.91 29.97 29.31 28.93 29.38 29.01 28.49 28.48 28.91 29.01 29.01 29.53 29.47 29.42 29.05 28.93 29.48 29.18 28.67 28.63 28.83 28.73 28.95 29.44 29.77 29.95 29.76 29.18 29.29 29.54 29.79 29.09 28.91 28.81 28.31 28.10 28.92 29.25 29.79 29.78 29.38 29.31 28.63 29.06 28.65 29.06 28.75 28.70 28.63 28.52 28.34 28.06 28.90 29.42 29.33 29.79 29.88 29.70
28.91 28.78 29.21 29.04 29.10 28.44 29.12 28.86 30.05 29.59 29.22 29.06 29.05 29.28 29.71 29.85 29.66 29.61 29.63 29.82 29.44 29.22 29.23 29.35 28.92 28.75 28.60 29.09 28.65 29.09 29.08 29.24 29.58 29.31 29.52 29.27 28.70 28.60 28.69 28.32 28.82 29.13 28.97 29.39 29.59 29.30 29.24 29.51 29.29 28.72 28.83 28.44 28.19 27.84 28.70 29.38 29.80 29.27 28.79 28.94 29.41 29.10 29.26 30.40 29.44 29.64 29.65 29.48 28.28 28.54 28.74 28.77 29.11 29.38 29.72 29.98 29.61
28.92 28.87 28.78 29.54 29.39 29.10 29.06 28.98 29.71 29.45 29.63 29.27 28.87 28.78 29.26 29.30 29.31 29.85 29.66 29.55 29.25 28.78 28.30 29.13 28.76 28.01 27.98 28.75 28.63 29.03 28.83 29.18 29.70 29.32 28.77 28.52 28.76 28.72 28.95 28.96 29.00 28.88 29.23 29.76 29.77 29.53 29.18 29.01 28.91 28.75 28.67 28.40 27.71 28.22 28.82 29.35 29.62 29.48 29.02 29.22 29.13 28.81 29.65 30.49 29.28 29.37 29.46 29.62 29.62 29.25 29.54 29.77 29.90 30.06 29.37 29.74 28.55
28.78 29.06 28.76 29.71 30.04 30.05 29.30 29.33 29.39 28.90 28.82 28.78 28.71 29.19 28.82 28.87 29.55 29.37 28.57 27.82 28.11 28.07 28.08 28.74 28.67 28.74 29.00 28.80 27.74 27.76 28.77 29.51 29.62 29.26 28.65 28.40 28.72 28.20 28.37 28.16 27.86 28.79 29.91 29.88 29.61 29.61 29.32 29.18 29.56 29.45 28.96 28.37 28.21 28.66 29.53 29.49 29.79 30.12 30.21 29.95 29.27 29.35 30.42 29.31 28.97 29.41 28.60 29.47 29.44 29.87 30.25 30.31 30.16 29.95 29.43 28.36 27.73
28.09 28.68 28.39 28.01 28.70 28.93 28.88 29.31 29.32 28.80 27.94 27.55 27.41 27.28 27.25 28.06 28.22 28.19 28.22 28.18 28.67 28.57 28.30 28.67 28.26 28.15 28.85 28.28 28.30 28.65 29.33 29.70 29.33 28.69 28.32 28.83 28.32 28.09 28.02 27.89 28.50 29.29 29.96 29.63 29.61 29.79 29.50 29.72 29.98 29.55 28.37 28.84 29.21 28.80 28.92 28.86 29.45 30.11 30.22 29.70 29.58 29.94 28.88 27.89 27.88 28.22 28.18 29.14 29.24 29.52 29.41 29.16 28.97 29.19 28.58 28.19 28.24
28.72 28.35 27.84 28.60 29.46 29.55 29.36 29.38 29.29 28.76 28.35 27.55 27.31 27.53 27.70 27.52 27.37 27.78 27.52 27.99 28.07 27.78 28.09 28.21 28.22 28.28 28.46 28.22 28.73 29.25 29.66 29.94 29.45 29.32 29.36 29.44 28.48 27.73 28.19 28.90 29.42 29.52 29.88 29.70 29.62 29.51 29.21 29.58 28.85 28.35 28.18 28.32 28.18 28.01 27.85 27.85 28.33 29.52 29.33 28.46 28.76 29.11 27.95 27.12 26.80 27.81 28.73 29.54 29.11 29.41 29.57 29.05 28.19 28.50 28.43 28.30 28.56
28.66 27.59 27.61 28.14 28.24 28.42 28.39 28.75 28.13 27.85 28.16 27.60 28.02 27.99 27.55 27.70 27.73 27.72 28.10 28.13 28.25 27.85 27.81 27.97 27.82 28.59 28.70 28.84 28.78 28.55 28.90 28.56 27.60 27.72 27.88 27.91 28.14 28.89 28.90 28.92 28.73 29.14 28.82 29.16 29.55 29.19 29.51 29.78 29.73 30.08 29.37 28.94 28.50 29.31 29.19 29.55 28.88 29.28 29.21 29.03 29.51 29.65 29.22 28.60 27.68 28.51 29.05 28.83 28.81 29.54 29.49 28.81 28.23 28.47 28.35 28.30 28.67
27.99 28.18 28.91 28.66 29.13 28.72 28.46 28.95 28.93 29.08 28.59 27.60 28.29 28.69 28.06 27.58 27.64 27.80 28.30 28.47 28.52 28.09 27.53 26.93 27.10 28.28 28.62 28.24 27.95 27.81 28.31 28.63 28.24 28.48 28.37 28.84 29.01 29.30 29.35 28.63 28.71 28.61 28.58 28.79 28.26 28.32 29.13 28.68 29.78 29.47 28.30 28.57 27.92 27.74 28.60 28.83 28.27 29.31 29.63 29.55 29.46 29.15 28.85 28.61 27.76 27.90 28.17 28.23 27.95 28.22 28.75 29.78 29.29 29.29 29.11 29.98 30.05
29.22 28.25 28.62 29.35 29.24 28.86 28.44 28.48 28.36 28.37 28.04 28.50 28.96 28.89 28.28 27.39 27.32 27.85 28.13 28.18 28.06 27.60 26.94 26.85 27.34 28.14 28.89 28.69 28.21 28.42 28.20 28.20 29.03 29.71 29.90 29.45 29.13 28.97 28.76 28.29 28.46 28.32 28.61 29.25 28.11 27.51 27.83 28.26 28.69 28.88 28.78 28.92 28.47 28.76 28.41 28.69 28.89 29.30 29.67 29.46 29.08 28.04 27.89 27.53 27.50 27.92 27.76 28.88 28.78 28.51 28.75 28.78 29.61 29.68 29.72 29.61 29.21
28.90 28.32 28.47 28.21 28.32 28.85 28.92 28.65 28.49 28.33 28.74 28.94 28.83 28.56 28.15 27.98 28.03 28.33 28.51 28.18 27.94 27.19 27.27 27.78 28.48 28.70 29.26 29.36 29.17 28.73 28.85 28.90 29.03 29.75 30.06 29.54 28.70 27.94 27.66 27.04 28.16 29.03 28.56 29.15 28.47 28.20 28.51 28.29 28.39 27.89 27.89 28.51 28.99 28.16 28.37 28.27 29.10 29.06 29.44 29.78 29.11 28.31 28.41 28.17 28.35 28.39 27.65 28.32 28.75 28.88 28.47 28.95 29.55 29.53 29.28 29.63 29.33
28.48 28.67 28.67 27.90 28.64 28.68 28.10 27.68 27.54 27.12 27.82 29.06 29.32 28.29 27.84 27.19 26.60 27.46 28.16 27.77 27.09 27.13 27.98 28.71 28.86 28.40 28.61 29.16 28.61 27.81 27.60 27.80 27.70 28.53 28.55 28.27 28.31 28.47 28.28 28.29 29.22 29.38 28.88 28.88 28.60 28.71 29.23 28.87 28.39 27.99 28.02 28.22 27.64 28.30 28.62 29.38 29.47 29.57 28.71 28.63 29.20 28.63 27.55 27.64 27.19 28.35 27.91 27.62 28.27 28.37 27.63 27.71 27.88 28.04 28.44 28.79 28.90
28.33 28.35 28.43 28.18 28.38 28.16 27.55 27.60 27.36 27.08 28.10 29.23 28.91 28.64 28.49 28.10 27.77 28.10 28.61 28.26 27.98 27.96 28.46 28.86 28.58 28.13 29.14 28.52 27.59 27.22 27.76 27.52 27.86 28.01 27.89 28.56 28.97 29.09 28.39 27.45 28.58 28.71 28.37 28.29 28.35 28.65 28.69 27.87 27.13 27.77 27.99 27.58 27.45 28.12 30.01 30.10 29.07 29.84 27.74 25.92 26.89 27.78 27.26 26.68 26.86 28.03 28.89 29.08 28.89 29.33 28.64 27.47 28.06 27.69 27.68 28.42 29.06
27.12 28.23 28.12 27.52 27.44 26.80 26.87 26.84 27.26 28.00 28.62 28.08 27.65 27.72 27.64 27.59 27.79 27.86 27.87 27.60 28.07 28.31 28.61 28.80 29.29 28.68 27.92 27.73 27.56 27.41 27.32 27.14 27.81 28.50 28.84 29.49 29.13 28.35 26.94 26.29 28.05 28.06 28.40 28.57 28.93 28.53 27.93 27.30 27.32 28.74 28.34 27.90 27.34 27.79 28.30 29.27 29.92 29.15 27.91 26.35 26.84 27.17 27.60 27.79 27.79 28.29 28.40 29.46 29.42 29.58 28.99 28.06 27.95 28.06 28.45 29.12 29.30
27.93 28.53 28.00 26.71 26.62 27.03 28.10 27.91 27.87 27.79 27.49 27.46 27.08 27.46 27.57 27.33 27.04 27.57 27.74 27.65 27.71 27.83 27.80 28.14 28.40 27.97 27.16 26.69 26.86 27.38 27.29 27.09 27.85 28.34 28.29 28.11 28.13 27.17 26.89 26.49 27.15 28.02 27.90 27.58 28.52 28.31 28.12 28.17 27.76 27.45 27.71 28.36 27.51 27.19 28.00 29.26 29.13 29.77 29.12 26.93 26.92 27.04 26.67 27.59 28.62 28.99 28.79 29.10 29.39 28.80 28.35 28.91 28.81 28.38 28.93 28.86 29.05
27.69 27.89 27.40 26.57 27.33 27.12 27.08 27.38 27.81 28.28 28.40 27.78 27.25 28.09 27.65 27.58 28.50 28.48 27.82 27.72 27.20 27.17 27.46 27.09 26.99 27.45 28.02 27.13 27.19 27.34 27.77 27.91 28.25 28.66 28.79 28.12 26.97 27.01 27.00 26.66 26.74 27.81 28.48 28.17 28.12 27.81 28.14 27.87 27.86 27.51 28.12 27.99 26.90 27.04 27.50 29.17 28.70 27.64 26.40 25.14 26.52 27.39 27.36 26.89 27.88 28.39 28.43 28.18 28.91 28.73 28.38 28.21 28.19 28.22 28.72 28.38 28.18
27.68 27.07 27.45 27.47 27.66 27.62 27.49 27.34 27.22 27.96 28.02 27.80 27.32 27.11 26.90 27.80 28.21 27.61 27.45 27.28 27.45 27.59 27.13 27.41 27.74 27.95 27.05 26.13 26.91 28.33 28.53 28.84 28.66 28.27 28.00 27.32 27.05 27.49 27.52 27.15 27.50 28.46 28.15 27.41 28.22 27.61 26.81 26.05 26.49 26.87 27.02 27.68 27.38 27.34 27.35 27.60 27.06 26.96 25.37 26.34 27.58 27.58 27.47 27.67 27.56 27.55 27.57 28.16 28.92 29.50 28.83 27.77 28.00 28.28 28.93 29.60 28.70
27.11 26.51 26.04 26.76 27.59 27.80 27.40 27.09 27.88 28.06 27.90 27.26 27.27 27.60 27.56 26.61 26.26 26.44 26.38 27.08 27.77 27.94 28.24 28.62 28.46 27.42 26.81 26.67 27.05 27.84 28.46 28.45 27.90 27.37 26.94 26.33 26.50 26.62 27.01 27.66 28.32 28.03 27.01 27.39 26.83 26.18 26.39 26.23 26.41 26.29 26.66 27.09 28.23 28.25 27.62 27.38 26.53 26.18 26.42 27.55 27.39 27.60 27.22 27.37 27.40 27.11 27.72 27.84 28.83 28.82 27.00 27.56 28.50 28.65 29.13 29.64 28.88
27.27 26.28 25.57 26.59 27.67 27.49 27.25 27.28 27.56 27.59 27.29 27.68 28.32 27.71 26.70 26.06 26.80 27.12 27.24 27.46 28.13 28.36 28.24 28.30 27.42 26.54 27.41 27.16 27.16 27.89 28.12 27.78 27.35 26.59 25.92 26.53 27.17 27.89 27.99 28.24 28.10 28.24 26.84 26.82 25.71 26.04 27.20 26.83 26.35 26.11 26.96 27.67 28.01 27.11 27.06 27.15 26.74 26.36 26.82 27.09 26.96 27.66 28.17 27.95 27.91 26.86 27.20 27.66 28.41 28.53 28.80 28.50 28.07 27.54 28.35 28.66 27.89
26.42 26.12 25.51 26.52 27.70 27.16 27.06 27.63 27.56 27.75 27.33 27.73 26.26 25.91 25.22 25.32 26.89 27.46 27.32 27.21 27.30 27.67 27.16 27.72 27.70 26.75 28.30 28.71 28.92 28.58 27.92 27.64 27.15 27.44 27.38 27.09 27.10 27.79 28.04 28.18 27.60 27.48 26.71 27.17 25.44 25.90 27.12 26.95 27.10 27.37 28.31 28.63 28.52 26.78 25.47 25.62 26.40 26.24 27.29 27.35 26.92 27.54 28.55 28.42 27.52 27.38 27.81 28.17 28.58 28.43 28.22 28.39 28.33 27.93 28.16 28.12 27.49
25.62 25.90 26.75 26.45 26.03 26.46 26.93 26.82 27.30 27.71 27.66 27.40 26.46 26.49 26.36 26.63 27.47 28.07 27.51 27.63 28.09 28.11 27.69 27.11 27.26 27.45 28.45 28.65 29.05 28.89 28.41 27.05 26.32 27.23 27.90 28.13 28.41 28.40 27.97 28.03 28.40 28.36 27.15 26.50 25.77 26.57 26.96 26.72 26.95 27.65 28.30 28.57 27.78 26.99 26.65 27.07 27.28 26.88 26.98 27.49 28.20 27.91 27.67 28.14 27.46 27.06 27.47 28.15 28.77 28.65 28.53 28.30 28.38 27.69 27.17 27.56 27.74
25.15 25.82 26.09 26.41 26.57 27.25 27.30 27.55 28.04 28.31 27.24 27.03 27.35 27.33 26.99 27.17 27.29 27.72 28.36 28.52 28.26 27.68 27.48 27.87 27.56 26.98 27.72 28.62 28.41 27.87 27.13 26.39 27.26 28.11 28.33 28.38 28.41 28.88 28.56 28.76 29.53 29.28 28.08 27.36 26.09 25.63 26.87 26.95 27.54 28.28 28.18 28.29 26.89 27.45 27.12 27.52 27.83 26.89 26.63 26.85 27.57 28.19 27.72 27.38 27.15 26.73 27.06 28.15 28.55 29.48 29.41 29.29 29.27 28.96 28.56 28.06 28.07
