main/data/irradiance/20.04.2023.grid
ncols 839
nrows 679
xllcenter 112.0500
yllcenter -43.9500
cellsize 0.0500
nodata_value 99999.90
[rows 510 to 543 of 679, columns 616 to 692 of 839]
14.49 14.82 14.94 14.96 14.94 15.04 14.99 15.09 15.23 15.28 15.24 15.24 15.19 15.15 15.22 15.13 15.25 15.24 15.18 15.25 15.19 15.13 15.22 15.15 15.11 15.17 15.15 15.21 15.15 15.12 15.12 15.19 15.18 15.25 15.22 15.17 15.23 15.22 15.12 15.20 15.19 15.24 15.20 15.19 15.23 15.19 15.22 15.15 15.22 15.15 15.21 15.19 15.18 15.18 15.20 15.16 15.16 15.11 15.17 15.21 14.89 15.12 15.22 15.20 15.19 15.15 15.13 15.17 15.15 15.10 15.11 15.12 15.15 15.15 15.18 15.23 15.19
14.43 14.69 14.85 14.76 14.90 15.08 14.93 15.17 15.27 15.25 15.23 15.21 15.24 15.22 15.20 15.26 15.17 15.19 15.16 15.18 15.21 15.19 15.22 15.23 15.17 15.15 15.18 15.11 15.15 15.17 15.23 15.22 15.20 15.21 15.22 15.19 15.20 15.15 15.16 15.15 15.19 15.19 15.15 15.11 15.15 15.20 15.20 15.18 15.10 15.21 15.18 15.13 15.17 15.18 15.18 15.15 15.18 15.21 15.13 15.14 15.14 15.11 15.16 15.14 15.16 15.14 15.11 15.15 15.12 15.14 15.12 15.14 15.12 15.17 15.16 15.19 15.17
14.47 14.66 14.62 14.80 14.80 14.82 14.88 14.92 15.18 15.21 15.21 15.25 15.22 15.22 15.17 15.16 15.19 15.18 15.14 15.19 15.17 15.09 15.19 15.21 15.21 15.19 15.15 15.13 15.06 15.19 15.19 15.20 15.19 15.17 15.11 15.01 15.10 15.13 15.15 15.17 15.17 15.17 15.06 15.07 15.13 15.11 15.13 15.19 15.15 15.09 15.12 15.15 15.13 15.15 15.16 15.12 15.15 15.19 15.18 15.15 15.17 15.14 15.10 15.09 15.15 15.14 15.01 15.07 15.11 15.17 15.18 15.19 15.15 15.17 15.17 15.16 15.11
14.44 14.49 14.78 14.80 14.75 14.79 14.78 14.83 15.12 15.15 15.16 15.22 15.21 15.10 15.12 15.09 15.15 15.13 15.04 15.20 15.18 15.08 15.13 15.11 15.19 15.20 15.12 15.04 15.03 15.06 15.13 15.17 15.19 15.21 15.10 15.07 15.13 15.16 15.16 15.13 15.17 15.13 15.02 15.14 15.10 15.05 15.04 15.07 15.09 15.10 15.17 15.15 15.12 15.13 15.15 15.11 15.12 15.14 15.13 15.08 15.11 15.11 15.01 15.08 15.16 15.15 15.14 15.15 15.16 15.15 15.15 15.15 15.14 15.14 15.16 15.16 15.08
14.66 14.64 14.39 14.27 14.86 14.81 14.60 14.65 14.83 15.01 15.13 15.20 15.19 15.15 15.15 15.08 15.10 15.13 15.15 15.18 15.12 15.12 15.05 14.93 15.15 15.18 15.16 15.07 15.01 15.01 15.02 15.03 15.15 15.16 15.18 15.16 15.17 15.16 15.16 15.12 15.13 15.09 14.94 14.98 15.07 15.10 15.10 15.05 15.09 15.10 15.01 14.93 15.01 15.03 15.10 15.12 15.13 15.07 15.00 15.09 15.09 15.08 15.10 15.06 15.11 15.14 15.14 15.12 15.14 15.13 15.12 15.13 15.13 15.11 15.12 15.10 15.12
14.66 14.24 14.63 14.56 14.77 14.40 14.61 14.65 14.81 14.97 15.13 15.16 15.11 15.11 15.04 15.13 15.10 15.11 15.14 15.12 15.13 15.11 15.07 15.13 15.03 15.14 15.14 15.12 15.06 15.00 15.01 14.99 15.11 15.15 15.15 15.14 15.14 15.14 15.10 15.11 15.14 15.08 14.98 14.99 14.98 14.99 15.01 15.00 14.99 15.02 14.99 15.05 14.98 15.03 15.04 15.11 15.07 15.07 15.08 15.05 15.12 15.06 15.10 15.09 15.10 15.11 15.10 15.10 15.10 15.10 15.11 15.09 15.09 15.09 15.10 15.12 15.11
14.18 14.09 14.40 14.33 14.44 14.45 14.49 14.71 14.88 14.79 15.08 15.13 15.12 15.12 15.07 15.05 15.10 15.10 15.06 15.10 15.10 15.06 15.09 15.11 14.96 15.09 15.10 15.12 15.10 15.05 15.01 14.98 14.99 15.14 15.13 15.12 15.14 15.12 15.10 15.12 15.10 15.08 14.95 14.94 14.94 14.95 14.95 14.95 14.94 14.97 15.00 15.02 15.03 15.02 15.03 14.99 15.08 15.07 15.09 15.05 15.10 14.99 15.08 15.06 15.09 15.08 15.07 15.07 15.07 15.07 15.08 15.07 15.08 15.06 15.09 15.09 15.01
14.25 13.91 14.04 14.55 14.36 14.11 14.17 14.75 14.68 14.70 14.94 14.99 15.06 15.05 15.05 15.08 15.10 15.10 15.09 15.01 15.08 15.06 15.08 14.98 15.05 15.06 15.02 15.07 15.08 15.07 15.05 14.98 14.96 15.04 15.11 15.11 15.07 15.10 15.05 15.08 15.11 15.05 14.92 14.93 14.91 14.93 14.93 15.04 15.03 15.06 15.03 15.03 15.07 15.06 15.06 15.03 14.99 15.04 15.07 15.08 15.07 15.07 15.08 15.06 15.06 15.06 15.05 15.05 15.03 15.05 15.05 15.06 15.05 15.06 15.06 15.06 15.04
13.81 13.73 13.89 13.76 14.03 13.79 14.17 14.52 14.51 14.69 14.76 14.98 15.03 15.02 14.94 15.03 15.10 15.09 15.09 15.03 15.03 15.05 15.02 15.03 15.07 15.06 15.03 15.02 15.01 14.95 15.03 15.01 14.98 14.91 15.04 15.08 15.08 15.07 15.03 15.08 15.07 14.99 14.92 14.92 14.97 14.96 15.05 15.02 15.05 15.05 15.00 15.07 15.05 15.03 15.01 15.02 15.01 14.95 15.00 15.06 15.04 15.00 15.03 15.02 15.01 15.05 15.04 15.03 15.01 15.01 15.01 15.02 14.98 14.93 15.00 14.99 14.88
13.48 13.59 13.92 14.08 14.01 13.97 14.27 14.33 14.46 14.43 14.40 14.79 15.04 14.99 15.05 15.03 15.05 14.99 15.06 15.00 14.97 14.79 14.92 15.04 15.05 15.00 15.03 14.98 14.99 15.01 15.05 15.03 15.03 15.02 14.98 15.06 15.06 15.04 15.04 15.04 15.04 14.94 14.89 14.97 14.98 14.99 15.04 15.03 15.01 15.01 15.00 15.01 15.00 15.01 15.03 14.98 15.00 14.99 15.01 14.92 14.94 15.00 14.96 15.02 15.01 15.05 15.04 15.02 14.97 14.96 14.95 14.91 14.89 14.88 14.88 14.86 14.74
12.80 13.17 13.70 13.79 13.17 13.81 13.98 14.50 14.23 14.41 14.37 14.46 14.95 15.01 15.06 15.05 15.04 15.02 15.02 14.90 14.92 14.99 15.04 15.03 15.03 14.87 15.01 15.02 14.99 15.05 14.98 15.01 15.03 15.01 15.01 14.96 15.02 14.99 14.93 14.90 14.89 14.89 14.93 14.93 15.01 15.00 15.00 14.99 14.98 14.99 14.98 14.99 14.99 14.99 14.97 15.00 15.00 15.00 14.98 14.96 15.00 15.00 14.98 14.99 15.01 15.01 14.90 14.90 14.92 14.92 14.89 14.87 14.90 14.81 14.89 14.88 14.76
12.48 13.40 13.21 13.52 13.95 14.48 13.55 13.84 14.03 14.05 14.00 14.55 14.67 14.88 15.03 15.01 15.02 15.03 14.89 15.00 14.96 14.93 15.01 15.00 14.79 14.83 15.00 14.89 14.98 14.98 15.01 14.98 14.99 14.94 14.97 14.99 15.00 14.93 14.91 14.86 14.88 14.94 14.93 14.77 14.67 14.82 14.83 14.92 14.95 14.95 14.97 14.98 14.93 14.95 14.95 15.00 15.00 14.94 14.97 14.94 14.95 14.97 14.99 15.00 14.97 15.00 14.99 14.93 14.96 14.95 14.88 14.89 14.88 14.91 14.81 14.83 14.71
12.86 13.42 13.42 13.18 14.30 13.85 13.39 13.49 12.87 13.26 13.98 14.11 14.46 14.54 14.76 14.94 14.93 14.97 14.91 14.97 14.96 14.99 14.99 14.83 14.73 14.91 14.81 14.92 14.86 14.99 15.00 15.00 14.91 14.98 14.99 14.98 14.97 14.96 14.91 14.94 14.94 14.90 14.96 14.91 14.88 14.91 14.88 14.88 14.82 14.94 14.91 14.90 14.85 14.89 14.96 14.95 14.95 14.95 14.96 14.98 14.96 14.93 14.95 14.98 14.98 14.97 14.97 14.93 14.91 14.92 14.89 14.91 14.93 14.92 14.90 14.43 14.55
13.13 12.84 12.80 13.58 13.98 13.59 13.34 13.67 12.94 13.15 13.33 14.29 14.56 14.68 14.73 14.82 14.73 14.82 14.97 14.96 14.94 14.95 14.93 14.75 14.84 14.85 14.97 14.88 14.95 14.96 14.98 14.98 14.97 14.98 14.96 14.96 14.95 14.95 14.92 14.94 14.92 14.92 14.93 14.93 14.93 14.91 14.85 14.82 14.81 14.86 14.88 14.88 14.88 14.91 14.93 14.93 14.95 14.96 14.96 14.96 14.90 14.89 14.92 14.95 14.94 14.94 14.88 14.89 14.86 14.91 14.89 14.91 14.91 14.88 14.55 14.74 14.29
12.78 12.92 12.63 13.89 12.84 13.26 13.59 13.47 12.92 13.00 13.24 14.06 14.05 14.70 14.84 14.56 14.90 14.96 14.93 14.94 14.93 14.92 14.90 14.71 14.81 14.90 14.93 14.86 14.94 14.94 14.93 14.94 14.94 14.94 14.92 14.91 14.93 14.92 14.92 14.92 14.92 14.91 14.90 14.91 14.93 14.91 14.92 14.90 14.79 14.77 14.84 14.91 14.91 14.91 14.91 14.94 14.93 14.94 14.94 14.92 14.89 14.93 14.93 14.93 14.92 14.88 14.85 14.83 14.85 14.89 14.88 14.91 14.89 14.83 13.91 14.42 14.42
12.51 12.60 12.49 13.59 13.01 12.90 12.82 12.35 12.56 12.78 13.01 13.28 13.81 14.47 14.55 14.32 14.78 14.92 14.94 14.95 14.73 14.90 14.87 14.83 14.81 14.91 14.85 14.94 14.93 14.92 14.93 14.93 14.92 14.89 14.90 14.79 14.90 14.84 14.89 14.90 14.85 14.91 14.89 14.88 14.88 14.88 14.88 14.84 14.79 14.81 14.78 14.88 14.90 14.88 14.90 14.91 14.92 14.93 14.93 14.92 14.90 14.92 14.89 14.90 14.90 14.90 14.83 14.79 14.85 14.84 14.88 14.87 14.88 14.85 14.70 14.23 13.93
12.84 13.04 12.71 12.74 13.57 13.28 12.47 12.87 12.94 13.08 12.78 13.23 13.55 13.64 14.00 14.12 14.73 14.84 14.93 14.91 14.87 14.84 14.89 14.92 14.91 14.90 14.91 14.92 14.91 14.88 14.87 14.91 14.85 14.84 14.91 14.85 14.89 14.84 14.87 14.86 14.87 14.89 14.88 14.85 14.85 14.85 14.85 14.84 14.80 14.79 14.77 14.85 14.84 14.86 14.88 14.90 14.91 14.91 14.90 14.88 14.88 14.87 14.87 14.87 14.86 14.86 14.83 14.76 14.83 14.82 14.81 14.84 14.85 14.84 14.77 14.20 14.06
13.01 13.02 12.49 13.08 13.48 13.07 12.70 12.83 12.58 12.86 13.27 13.51 13.31 13.21 13.78 13.82 14.46 14.78 14.90 14.85 14.84 14.86 14.89 14.89 14.90 14.89 14.89 14.86 14.82 14.87 14.85 14.82 14.85 14.89 14.78 14.79 14.87 14.86 14.87 14.84 14.74 14.82 14.84 14.84 14.84 14.84 14.84 14.82 14.83 14.81 14.78 14.73 14.80 14.83 14.86 14.87 14.85 14.85 14.85 14.84 14.85 14.84 14.84 14.83 14.83 14.80 14.82 14.78 14.81 14.83 14.80 14.81 14.82 14.82 14.79 14.69 14.37
13.08 12.99 12.85 13.07 13.17 12.85 12.71 12.94 12.98 13.17 13.71 13.47 13.41 13.01 13.34 13.97 14.31 14.72 14.25 14.70 14.88 14.83 14.86 14.88 14.88 14.84 14.85 14.88 14.80 14.83 14.87 14.51 14.86 14.71 14.82 14.77 14.85 14.87 14.85 14.79 14.62 14.82 14.83 14.82 14.83 14.82 14.81 14.81 14.81 14.80 14.76 14.79 14.79 14.79 14.81 14.82 14.83 14.82 14.81 14.82 14.79 14.82 14.82 14.81 14.75 14.71 14.79 14.78 14.79 14.80 14.79 14.78 14.78 14.77 14.79 14.80 14.78
12.48 13.06 13.06 12.73 13.25 12.80 13.07 13.13 12.99 12.89 13.00 12.99 13.24 12.53 13.31 14.17 13.84 14.11 14.16 14.42 14.73 14.79 14.74 14.82 14.86 14.67 14.84 14.85 14.85 14.83 14.64 14.58 14.76 14.68 14.76 14.78 14.73 14.82 14.53 14.40 14.70 14.72 14.80 14.80 14.82 14.79 14.80 14.79 14.80 14.80 14.76 14.79 14.80 14.78 14.80 14.80 14.81 14.80 14.79 14.79 14.78 14.79 14.78 14.78 14.76 14.76 14.78 14.78 14.77 14.78 14.78 14.72 14.77 14.75 14.71 14.74 14.71
11.81 12.75 13.03 12.52 13.04 12.96 12.74 12.73 12.76 12.71 13.26 12.93 12.79 13.67 12.82 13.81 13.58 13.51 13.92 14.33 14.23 14.74 14.55 14.78 14.69 14.82 14.80 14.79 14.79 14.79 14.52 14.71 14.66 14.63 14.70 14.79 14.73 14.77 14.24 13.89 14.63 14.71 14.79 14.79 14.74 14.67 14.75 14.78 14.76 14.75 14.77 14.78 14.73 14.77 14.77 14.78 14.78 14.75 14.74 14.76 14.76 14.76 14.74 14.75 14.75 14.76 14.76 14.74 14.75 14.77 14.77 14.71 14.73 14.72 14.68 14.69 14.67
11.00 11.42 12.28 13.21 12.83 13.48 12.83 11.73 12.02 12.58 12.49 13.18 13.02 12.51 12.42 13.06 12.85 13.09 13.55 13.76 14.32 14.74 14.74 14.78 14.81 14.80 14.63 14.77 14.67 14.56 14.73 14.75 14.63 14.67 14.44 14.72 14.78 14.50 13.75 14.23 14.72 14.78 14.78 14.69 14.68 14.68 14.74 14.76 14.75 14.76 14.76 14.75 14.75 14.76 14.75 14.75 14.76 14.73 14.73 14.73 14.72 14.71 14.67 14.72 14.73 14.73 14.72 14.71 14.72 14.74 14.74 14.68 14.68 14.68 14.69 14.63 13.95
10.94 11.33 11.48 11.74 12.07 12.57 12.69 11.57 11.92 12.47 12.62 13.07 12.71 12.85 12.35 12.12 13.02 13.10 13.56 14.00 14.37 14.65 14.51 14.74 14.73 14.70 14.49 14.71 14.63 14.57 14.70 14.66 14.63 14.68 14.70 14.76 14.54 14.30 13.61 14.20 14.44 14.66 14.71 14.63 14.64 14.61 14.68 14.69 14.72 14.72 14.75 14.73 14.73 14.73 14.73 14.73 14.72 14.71 14.72 14.72 14.70 14.69 14.70 14.71 14.72 14.71 14.70 14.69 14.67 14.69 14.68 14.66 14.63 14.57 14.66 14.18 13.86
10.91 11.22 11.52 11.00 11.70 12.41 12.13 11.93 11.56 12.89 12.38 12.00 12.77 12.66 12.43 11.81 12.42 13.02 13.73 13.91 14.21 14.42 14.50 14.73 14.68 14.46 14.41 14.64 14.58 14.58 14.57 14.51 14.60 14.63 14.71 14.41 14.40 14.19 13.44 13.92 14.50 14.61 14.55 14.58 14.67 14.65 14.67 14.69 14.69 14.69 14.70 14.71 14.71 14.70 14.69 14.69 14.71 14.69 14.68 14.64 14.64 14.69 14.68 14.68 14.69 14.68 14.65 14.63 14.60 14.64 14.64 14.64 14.64 14.58 14.58 14.31 14.18
11.31 11.77 10.41 10.52 11.35 11.44 12.35 12.34 12.18 12.30 12.76 11.78 12.17 11.84 11.44 11.98 12.13 12.86 13.42 13.36 13.66 14.14 14.41 14.56 14.67 14.16 14.36 14.30 14.53 14.60 14.47 14.49 14.52 14.60 14.60 14.26 14.17 13.51 13.32 13.58 13.93 14.51 14.39 14.59 14.63 14.65 14.67 14.70 14.64 14.69 14.68 14.67 14.68 14.67 14.66 14.67 14.68 14.63 14.62 14.60 14.57 14.55 14.65 14.66 14.66 14.66 14.58 14.54 14.54 14.57 14.58 14.62 14.60 14.55 13.50 13.64 14.28
11.34 11.30 10.57 10.73 11.21 11.63 11.53 11.40 11.24 11.84 11.62 11.76 11.48 11.29 11.39 11.48 11.86 11.43 12.59 12.26 12.92 13.84 13.65 14.34 14.14 14.16 14.22 13.94 14.34 14.45 14.51 14.57 14.59 14.59 14.57 14.47 14.02 13.74 13.27 12.90 13.58 14.57 14.56 14.61 14.63 14.64 14.66 14.61 14.66 14.67 14.66 14.66 14.65 14.66 14.64 14.65 14.65 14.65 14.62 14.61 14.57 14.53 14.62 14.62 14.63 14.58 14.56 14.52 14.52 14.52 14.38 14.54 14.57 14.20 12.70 14.10 14.36
10.72 10.54 10.19 10.76 11.77 11.98 11.00 10.97 10.70 11.23 11.93 11.47 11.15 10.66 10.92 11.15 11.13 11.11 11.60 11.86 12.81 13.52 13.39 14.13 13.85 14.29 14.06 13.84 14.28 14.44 14.60 14.60 14.37 14.52 14.42 14.13 13.94 13.49 12.46 13.12 13.39 14.34 14.51 14.60 14.57 14.61 14.63 14.65 14.64 14.64 14.64 14.63 14.61 14.63 14.62 14.65 14.61 14.60 14.62 14.61 14.56 14.50 14.51 14.55 14.52 14.51 14.52 14.50 14.49 14.49 14.50 14.51 14.51 14.41 14.12 14.35 14.39
11.61 10.22 11.14 11.72 11.90 11.40 11.35 10.90 10.09 10.83 11.48 11.47 11.04 10.14 10.92 11.43 11.05 11.04 10.79 11.98 12.15 12.91 12.40 13.21 13.09 13.95 13.61 14.28 14.29 14.46 14.46 14.31 14.57 14.36 13.34 13.03 13.30 13.42 12.73 13.21 13.40 13.83 14.36 14.57 14.58 14.60 14.61 14.62 14.60 14.61 14.61 14.60 14.58 14.59 14.61 14.62 14.59 14.60 14.60 14.56 14.53 14.48 14.47 14.55 14.54 14.49 14.49 14.49 14.50 14.47 14.46 14.48 14.44 14.38 14.44 14.23 13.99
11.25 11.17 11.10 12.47 11.72 11.02 10.72 11.05 10.10 10.43 11.13 11.03 10.06 10.28 10.96 10.35 10.54 10.54 11.14 10.51 11.98 11.97 12.04 12.05 12.08 13.03 13.02 13.76 13.95 14.41 14.32 14.31 14.58 13.78 12.87 12.85 13.13 13.11 12.48 12.94 13.60 13.57 13.70 14.32 14.51 14.57 14.58 14.59 14.59 14.59 14.58 14.60 14.59 14.58 14.58 14.56 14.57 14.56 14.55 14.53 14.47 14.48 14.48 14.57 14.54 14.53 14.52 14.49 14.49 14.46 14.45 14.44 14.37 14.35 14.34 14.28 13.55
11.41 11.11 11.10 11.24 10.81 9.79 10.34 10.39 9.71 10.17 11.10 10.79 9.73 10.48 10.44 10.43 10.39 10.23 10.33 9.97 11.28 11.21 11.42 11.78 11.50 11.97 12.06 13.13 13.53 13.67 14.38 14.38 14.26 13.52 12.73 13.04 13.02 13.00 12.87 13.23 13.52 13.21 13.76 13.97 14.24 14.54 14.54 14.57 14.37 14.53 14.57 14.58 14.58 14.56 14.55 14.54 14.56 14.56 14.57 14.58 14.53 14.55 14.56 14.58 14.56 14.57 14.55 14.53 14.50 14.44 14.43 14.43 14.43 14.32 14.33 14.22 13.57
10.73 11.06 11.25 11.04 10.08 9.74 10.19 8.89 9.31 9.79 10.03 10.45 10.59 10.27 9.70 9.69 10.53 9.83 9.59 9.69 10.32 10.61 11.04 10.89 10.79 11.39 12.04 12.96 12.93 13.69 14.18 13.69 13.83 13.03 12.34 12.48 13.17 12.28 12.76 13.59 13.42 13.29 13.71 13.88 14.00 14.19 14.37 14.30 14.34 14.54 14.52 14.55 14.52 14.52 14.51 14.50 14.51 14.55 14.56 14.54 14.50 14.52 14.54 14.54 14.55 14.54 14.54 14.54 14.50 14.44 14.41 14.40 14.39 14.05 13.81 13.17 13.29
10.59 11.81 11.53 11.17 9.65 10.24 9.78 9.25 9.47 8.96 9.53 10.25 10.52 9.49 9.67 9.66 9.49 9.05 9.98 9.82 9.68 10.04 9.79 9.96 10.57 10.36 11.39 12.67 12.56 13.32 13.66 13.01 12.57 12.67 12.57 12.95 13.09 12.61 12.92 13.39 12.70 12.92 13.62 13.62 13.98 14.17 13.98 13.73 14.27 14.46 14.51 14.51 14.39 14.47 14.46 14.44 14.50 14.52 14.49 14.45 14.42 14.43 14.48 14.48 14.51 14.49 14.51 14.52 14.51 14.46 14.42 14.35 14.25 14.32 13.59 12.11 12.51
10.85 11.34 11.57 10.22 10.57 10.84 9.77 10.17 9.20 9.33 9.32 10.31 10.30 10.66 10.19 9.86 9.60 9.42 9.00 9.47 9.76 9.52 9.97 9.42 10.27 10.60 11.21 12.39 11.71 12.34 12.85 11.97 12.05 12.83 13.00 12.47 12.26 12.65 12.97 13.38 12.85 12.89 13.14 13.25 13.74 14.21 13.44 13.00 13.73 14.00 14.49 14.46 14.42 14.43 14.45 14.45 14.50 14.50 14.46 14.41 14.38 14.37 14.39 14.43 14.48 14.47 14.48 14.48 14.46 14.38 14.35 14.35 14.32 13.74 13.51 13.59 11.73
10.98 10.85 11.19 10.36 10.76 10.80 10.99 10.93 9.69 9.76 10.07 9.89 9.80 10.24 10.27 9.38 8.21 8.64 9.04 9.24 9.43 9.47 9.56 9.78 9.97 10.30 11.11 11.63 11.61 11.88 12.06 11.84 12.26 12.46 12.93 12.92 12.04 12.11 12.48 12.99 13.07 12.74 12.76 13.00 13.35 13.54 12.94 12.71 13.80 14.35 14.40 14.46 14.48 14.48 14.44 14.43 14.47 14.45 14.46 14.43 14.38 14.35 14.34 14.34 14.35 14.41 14.42 14.42 14.36 14.34 14.34 14.34 14.35 14.35 14.34 14.26 13.87
