main/data/irradiance/20.12.2023.grid
ncols 839
nrows 679
xllcenter 112.0500
yllcenter -43.9500
cellsize 0.0500
nodata_value 99999.90
[rows 340 to 373 of 679, columns 154 to 230 of 839]
30.80 30.98 31.12 31.32 31.21 31.25 31.23 31.25 31.30 31.24 31.36 31.36 31.27 31.32 31.27 31.34 31.40 31.33 31.18 31.22 30.99 31.05 31.19 31.24 31.26 31.32 31.36 31.32 31.21 31.23 31.38 31.39 31.23 31.20 31.16 31.16 30.96 30.77 30.69 30.89 30.71 30.50 30.61 30.44 30.36 30.24 30.31 30.51 30.57 30.25 30.59 30.42 30.30 29.91 30.49 29.81 29.41 29.76 30.17 30.00 29.83 29.81 29.60 29.13 29.50 29.84 29.62 29.44 27.95 28.39 30.05 29.02 29.34 29.89 29.02 29.44 29.12
30.74 30.88 31.06 31.13 31.09 31.31 31.24 31.32 31.23 31.31 31.25 31.19 31.38 31.38 31.32 31.34 31.36 31.31 31.27 31.20 31.18 31.19 31.13 31.25 31.21 31.25 31.28 31.27 31.24 31.29 31.23 31.31 31.36 31.30 31.25 31.23 30.83 30.68 30.94 30.67 30.79 30.67 30.56 30.48 30.34 30.18 30.39 30.59 30.27 30.61 30.53 30.07 30.33 30.19 30.34 29.74 29.50 30.10 30.07 30.10 30.09 29.58 28.18 28.88 29.58 28.73 28.38 28.22 29.12 28.97 28.50 29.05 29.97 27.86 28.33 28.19 27.81
31.23 30.63 30.74 31.23 31.06 31.40 31.43 31.41 31.34 31.22 31.42 31.32 31.27 31.29 31.43 31.45 31.45 31.25 31.23 31.16 31.05 31.11 31.09 31.22 31.25 31.26 31.15 31.20 31.27 31.36 31.32 31.29 31.29 31.33 31.26 31.19 30.89 30.60 30.74 30.67 30.60 30.65 30.51 30.34 30.05 30.02 30.50 30.51 30.21 30.26 30.01 30.03 30.39 29.93 29.92 29.99 29.77 29.54 30.47 29.09 28.84 28.61 29.49 30.08 29.65 29.41 28.99 28.57 29.59 29.24 29.79 28.56 28.19 27.93 27.53 26.21 26.07
31.35 31.00 30.78 30.92 30.83 31.14 31.29 31.33 31.34 31.39 31.36 31.36 31.43 31.33 31.35 31.44 31.33 31.31 31.36 31.26 31.21 31.23 31.14 31.12 31.19 31.18 31.25 31.35 31.23 31.31 31.32 31.36 31.36 31.24 31.18 31.26 30.84 30.50 30.42 30.74 30.81 30.84 30.84 30.80 30.16 30.34 30.41 30.55 30.26 30.07 30.05 29.95 30.25 30.61 30.33 29.46 29.55 29.16 28.85 29.38 29.77 29.84 29.69 29.74 29.59 28.23 28.85 29.26 29.29 29.33 27.98 27.18 28.25 28.32 28.19 27.26 28.10
31.27 31.35 31.16 31.36 31.00 31.31 31.38 31.35 31.31 31.45 31.40 31.35 31.37 31.39 31.42 31.33 31.49 31.59 31.41 31.36 31.34 31.29 31.26 31.26 31.31 31.32 31.35 31.29 31.25 31.29 31.39 31.34 31.37 31.31 31.25 31.22 30.87 30.46 30.29 30.57 30.64 30.82 30.78 30.78 30.12 30.34 30.29 30.36 30.12 30.33 29.85 29.59 30.40 30.50 30.15 29.91 29.29 28.85 29.63 29.80 28.78 28.45 29.52 29.80 29.91 29.03 29.38 29.44 29.00 28.81 28.77 28.43 28.40 28.00 28.71 29.13 29.10
31.38 31.44 31.37 31.40 31.45 31.41 31.36 31.36 31.30 31.21 31.25 31.31 31.26 31.36 31.38 31.46 31.45 31.44 31.27 31.37 31.28 31.26 31.27 31.41 31.38 31.38 31.36 31.30 31.16 31.30 31.33 31.36 31.38 31.35 31.23 31.12 30.63 30.62 30.36 30.41 30.72 30.84 30.94 30.74 30.22 30.46 30.81 30.55 30.49 30.53 30.18 30.30 29.68 30.30 30.19 30.07 29.92 30.52 30.32 30.15 30.04 30.60 29.91 29.69 29.80 29.66 29.88 29.24 29.33 30.00 29.56 28.65 29.00 29.99 29.19 29.33 30.28
31.37 31.36 31.39 31.45 31.45 31.40 31.43 31.40 31.38 31.46 31.39 31.32 31.27 31.29 31.38 31.12 31.31 31.35 31.46 31.32 31.15 31.27 31.40 31.46 31.42 31.39 31.37 31.36 31.34 31.36 31.37 31.33 31.34 31.29 31.11 30.93 30.72 30.68 30.70 30.57 30.35 30.97 30.61 30.95 30.16 30.84 30.54 30.48 30.32 30.55 30.36 30.06 30.23 30.48 30.13 29.84 29.92 30.24 30.54 30.10 29.27 29.73 30.28 30.12 28.91 28.77 28.89 29.87 30.63 29.78 29.29 29.31 29.81 29.39 28.57 29.24 30.01
31.33 31.38 31.33 31.40 31.36 31.47 31.39 31.32 31.39 31.44 31.34 31.30 31.30 31.29 31.38 31.13 31.24 31.37 31.34 31.22 31.23 31.29 31.34 31.44 31.39 31.40 31.41 31.37 31.35 31.36 31.34 31.34 31.35 31.26 31.20 31.06 30.84 30.71 30.45 30.46 30.49 30.67 30.63 30.80 30.77 30.41 30.87 30.58 30.64 30.29 30.29 30.54 30.54 30.20 30.10 30.18 30.32 30.30 29.85 29.78 29.90 30.01 29.80 29.37 29.82 30.22 30.20 30.31 30.20 29.49 28.85 28.44 28.76 29.15 29.49 29.35 28.86
31.38 31.34 31.40 31.39 31.41 31.43 31.40 31.45 31.40 31.40 31.49 31.45 31.47 31.41 31.13 31.22 31.25 31.27 31.18 31.27 31.27 31.27 31.37 31.43 31.49 31.44 31.45 31.41 31.47 31.35 31.31 31.29 31.29 31.28 31.16 31.00 31.00 30.93 30.77 30.60 30.60 30.62 30.73 31.00 30.97 30.76 30.90 30.86 30.59 30.82 30.56 30.52 30.60 30.37 30.24 30.30 30.18 30.16 30.08 30.19 29.27 29.58 29.52 30.16 30.16 30.23 30.11 28.98 29.26 29.92 28.90 28.89 29.81 30.74 29.23 28.83 29.77
31.38 31.46 31.40 31.39 31.42 31.47 31.50 31.43 31.43 31.48 31.38 31.39 31.46 31.42 31.32 31.33 31.38 31.33 31.31 31.31 31.35 31.42 31.31 31.39 31.41 31.33 31.40 31.44 31.42 31.29 31.47 31.45 31.33 31.24 31.10 31.01 30.96 30.86 30.90 30.94 30.98 30.73 30.59 30.84 30.88 30.98 31.09 30.98 31.19 30.59 30.85 30.86 30.79 30.52 30.23 30.40 30.19 30.23 30.41 29.68 29.44 29.98 30.39 29.57 29.39 29.96 30.42 30.36 30.27 29.40 30.46 30.32 29.48 29.86 29.91 29.96 30.64
31.15 31.05 31.15 31.39 31.38 31.39 31.32 31.46 31.48 31.37 31.37 31.28 31.40 31.36 31.31 31.36 31.39 31.36 31.32 31.26 31.30 31.38 31.38 31.29 31.32 31.35 31.41 31.46 31.44 31.38 31.34 31.30 31.23 31.24 31.11 30.99 30.83 30.91 30.77 30.72 30.73 30.66 30.98 31.00 30.97 31.04 31.21 31.04 30.60 30.39 30.74 30.85 30.67 30.92 30.66 30.47 30.44 30.41 30.59 30.23 30.47 30.20 30.50 30.52 31.08 30.89 30.21 29.86 30.13 30.43 30.17 28.99 29.97 30.30 30.80 30.55 28.92
31.54 31.50 31.50 31.31 31.38 31.41 31.37 31.37 31.46 31.49 31.46 31.42 31.48 31.37 31.39 31.27 31.29 31.30 31.33 31.18 31.30 31.30 31.37 31.36 31.35 31.33 31.32 31.45 31.48 31.38 31.40 31.37 31.27 31.18 30.89 30.87 30.67 30.80 30.66 30.59 30.56 30.81 30.81 31.13 30.79 31.04 31.30 31.11 30.85 30.63 30.64 31.04 31.06 30.58 30.65 30.89 30.27 30.65 30.74 30.63 30.69 30.54 30.89 29.98 30.16 30.80 30.29 30.67 30.84 30.52 29.74 29.50 29.81 29.73 30.34 29.12 29.74
31.49 31.47 31.43 31.47 31.42 31.41 31.43 31.53 31.52 31.42 31.35 31.47 31.28 31.15 30.94 30.67 30.63 31.21 31.30 31.29 31.33 31.33 31.33 31.32 31.39 31.38 31.37 31.44 31.44 31.34 31.35 31.22 30.97 30.82 30.87 30.82 31.00 31.09 31.04 30.55 30.61 30.86 30.97 31.11 30.51 31.07 31.11 31.19 31.11 31.15 30.97 30.90 30.67 30.57 30.63 30.54 30.56 30.95 30.97 30.88 30.97 30.75 30.62 30.31 30.52 30.59 30.60 30.15 30.88 30.96 30.37 30.75 30.37 30.74 30.68 30.19 29.46
31.48 31.43 31.48 31.49 31.42 31.37 31.46 31.53 31.55 31.49 31.54 31.53 31.40 31.42 30.89 30.93 31.03 31.42 31.35 31.39 31.27 31.29 31.37 31.41 31.38 31.40 31.33 31.37 31.37 31.28 31.19 30.92 30.94 30.93 30.92 30.85 30.80 30.79 30.36 30.41 30.80 31.03 31.18 31.05 30.93 31.33 31.18 31.10 31.11 30.86 30.89 30.99 30.85 30.73 30.33 30.57 30.57 30.18 30.57 30.73 30.85 30.70 31.13 31.02 30.88 30.20 29.90 29.87 30.24 30.79 30.85 31.22 30.37 29.15 28.97 28.74 29.10
31.53 31.58 31.50 31.57 31.45 31.52 31.50 31.49 31.45 31.34 31.55 31.45 31.44 31.39 31.31 31.42 31.43 31.39 31.44 31.31 31.37 31.38 31.41 31.40 31.44 31.39 31.20 31.04 31.06 31.02 30.95 30.80 30.57 30.41 30.45 30.05 30.12 30.25 30.43 30.75 30.91 30.95 30.95 30.84 30.78 31.07 30.92 30.95 31.17 30.93 31.30 31.01 31.20 31.27 31.21 30.76 30.53 30.88 31.24 30.67 30.47 30.99 30.83 30.69 30.60 30.25 30.73 30.95 30.51 30.67 30.67 30.65 29.89 29.90 29.88 28.82 28.04
31.50 31.49 31.53 31.54 31.50 31.62 31.48 31.47 31.38 31.37 31.39 31.39 31.45 31.44 31.45 31.44 31.45 31.47 31.42 31.38 31.35 31.35 31.40 31.44 31.44 31.50 31.44 30.36 30.22 30.42 31.32 31.10 30.93 30.68 30.44 30.01 29.84 29.92 30.09 30.51 30.77 30.94 30.62 31.08 30.81 31.01 30.90 30.93 31.14 31.16 31.15 30.94 31.12 30.80 30.96 30.89 30.46 30.84 30.67 30.68 30.51 30.66 30.60 30.82 30.08 30.11 30.09 29.99 29.95 30.54 30.78 29.76 29.20 29.13 29.46 28.68 29.36
31.49 31.53 31.59 31.54 31.49 31.51 31.62 31.56 31.44 31.40 31.35 31.48 31.48 31.41 31.39 31.45 31.46 31.50 31.54 31.49 31.45 31.40 31.42 31.39 31.39 31.45 31.41 31.35 31.18 31.21 31.03 30.94 30.71 30.49 30.44 30.41 30.55 30.25 30.43 30.73 30.93 31.02 30.99 30.89 31.06 31.08 30.99 30.97 31.16 31.24 31.11 31.08 31.06 31.13 31.03 30.91 30.74 30.77 30.48 30.26 30.52 30.71 30.44 30.58 30.18 30.09 30.35 30.28 29.89 30.19 29.43 28.89 28.26 28.53 27.68 28.40 28.49
31.54 31.61 31.61 31.51 31.54 31.57 31.61 31.49 31.58 31.58 31.18 31.46 31.39 31.36 31.41 31.44 31.45 31.46 31.41 31.48 31.52 31.46 31.40 31.40 31.42 31.46 31.42 31.25 31.17 30.93 30.68 30.57 30.64 30.62 30.42 30.63 30.67 30.69 30.72 30.83 30.87 31.03 31.23 31.14 30.92 31.15 31.00 31.00 30.82 31.06 30.93 31.20 30.88 30.95 30.92 30.97 30.66 30.37 30.35 30.13 30.35 30.99 30.43 30.50 30.21 30.28 30.95 30.21 29.81 30.61 29.78 29.76 29.69 30.16 29.73 27.98 27.26
31.52 31.51 31.50 31.56 31.50 31.54 31.72 31.68 31.52 31.45 31.51 31.46 31.32 31.31 31.41 31.50 31.49 31.47 31.43 31.52 31.49 31.50 31.42 31.45 31.42 31.43 31.40 31.36 31.20 31.12 30.95 30.60 30.56 30.61 30.60 30.76 30.75 30.89 30.90 30.69 31.13 31.27 31.15 31.03 30.92 30.90 30.73 30.97 31.17 30.80 30.99 30.82 30.80 30.99 31.15 30.76 30.40 30.46 30.55 30.48 30.29 31.15 30.48 30.57 29.21 29.72 30.04 29.93 30.64 30.85 29.31 28.34 27.90 29.33 29.26 29.52 28.98
31.54 31.51 31.59 31.58 31.56 31.61 31.63 31.68 31.73 31.53 31.39 31.36 31.37 31.38 31.43 31.49 31.51 31.54 31.50 31.47 31.48 31.45 31.50 31.41 31.37 31.34 31.31 31.33 31.31 31.19 30.92 30.78 30.76 30.84 30.82 30.79 30.64 30.08 30.11 30.52 31.09 31.21 31.09 31.14 30.97 30.99 30.87 31.00 30.93 30.73 31.00 30.87 31.08 30.58 30.96 30.70 30.83 30.75 30.24 30.11 30.40 30.51 30.50 30.27 30.66 30.44 30.40 30.28 30.37 30.29 29.41 28.25 28.95 29.05 29.85 29.53 28.48
31.49 31.53 31.58 31.54 31.56 31.60 31.59 31.69 31.57 31.59 31.58 31.61 31.56 31.51 31.42 31.43 31.55 31.53 31.55 31.53 31.45 31.46 31.47 31.41 31.48 31.39 31.26 31.18 31.19 31.17 30.95 30.92 30.89 30.90 30.90 30.86 30.97 30.99 30.91 30.87 31.18 31.26 31.16 31.14 31.06 31.10 31.15 31.06 31.07 31.07 30.84 30.91 30.76 30.71 30.97 31.16 30.85 30.67 31.11 31.16 30.80 30.57 30.24 30.60 30.71 30.35 30.91 30.56 30.49 30.26 30.14 29.33 28.76 29.09 30.46 29.08 28.21
31.47 31.47 31.47 31.51 31.50 31.52 31.59 31.56 31.52 31.35 31.43 31.37 31.49 31.54 31.51 31.49 31.47 31.54 31.53 31.50 31.40 31.45 31.47 31.41 31.41 31.36 31.39 31.24 31.19 31.11 30.95 30.93 30.86 30.83 31.05 30.99 30.99 31.02 31.06 31.14 31.09 31.23 31.10 31.16 31.36 31.17 31.06 31.29 31.03 30.94 31.14 31.00 30.69 30.65 31.03 31.23 31.43 31.07 30.65 30.76 30.65 30.40 30.67 30.68 29.70 29.95 30.89 30.91 30.25 29.89 29.87 29.68 29.08 30.56 31.00 30.07 29.45
31.33 31.49 31.25 31.09 31.35 31.51 31.68 31.61 31.51 31.47 31.36 31.44 31.52 31.49 31.52 31.46 31.52 31.47 31.55 31.55 31.53 31.37 31.47 31.51 31.47 31.57 31.54 31.50 31.41 31.30 31.30 31.08 31.14 31.14 31.17 31.24 31.21 31.29 31.35 31.24 31.15 31.08 30.58 30.88 31.37 31.31 31.29 31.23 31.29 31.04 31.31 30.61 30.94 31.10 30.66 31.25 31.14 30.39 30.80 31.22 30.71 30.43 30.99 30.95 30.47 30.57 30.22 31.38 30.95 30.94 30.69 29.95 30.40 30.57 30.29 29.65 29.53
31.41 31.43 31.39 31.39 31.52 31.55 31.55 31.57 31.52 31.50 31.36 31.42 31.50 31.49 31.59 31.57 31.65 31.50 31.50 31.53 31.48 31.46 31.57 31.50 31.57 31.65 31.62 31.57 31.47 31.42 31.31 31.27 31.25 31.35 31.24 31.07 31.26 31.39 31.38 31.41 31.42 31.48 31.15 30.52 30.56 30.61 31.17 31.25 31.03 31.20 31.24 30.76 31.35 30.89 31.02 31.27 30.86 30.76 30.52 31.08 30.56 30.66 31.10 30.29 30.23 30.72 31.09 31.20 30.82 31.08 30.45 29.85 29.68 30.58 30.49 30.57 29.32
31.48 31.54 31.52 31.57 31.61 31.62 31.51 31.52 31.59 31.60 31.63 31.52 31.55 31.56 31.57 31.54 31.51 31.47 31.51 31.56 31.54 31.57 31.49 31.36 31.48 31.54 31.65 31.63 31.59 31.53 31.37 31.22 31.17 31.22 31.09 31.22 31.19 31.17 31.28 31.23 31.37 31.38 31.35 31.01 30.88 30.55 30.77 31.26 31.10 31.33 30.87 31.15 31.21 31.04 31.21 31.00 31.06 31.14 31.27 31.16 30.42 30.77 30.62 30.08 29.88 30.03 30.41 30.71 30.62 30.07 29.76 29.90 30.16 29.76 29.74 28.60 28.06
31.42 31.63 31.57 31.57 31.48 31.46 31.58 31.58 31.57 31.62 31.61 31.63 31.58 31.48 31.49 31.53 31.38 31.15 31.52 31.54 31.47 31.57 31.52 31.54 31.60 31.61 31.61 31.60 31.59 31.55 31.34 31.34 31.30 31.17 31.02 31.22 31.37 31.23 31.23 31.11 31.24 31.31 31.30 31.27 31.26 31.23 31.30 31.30 31.18 31.24 31.21 31.11 30.98 31.03 31.18 30.89 30.80 30.93 30.65 30.75 30.45 30.55 30.53 30.23 30.43 30.09 30.75 30.30 28.91 28.53 29.36 30.26 29.98 29.37 28.89 27.25 28.72
31.57 31.58 31.35 31.29 31.61 31.61 31.61 31.57 31.53 31.59 31.56 31.55 31.60 31.68 31.62 31.08 31.36 31.50 31.52 31.49 31.53 31.51 31.51 31.54 31.58 31.58 31.59 31.66 31.62 31.47 31.33 31.30 31.20 31.26 31.31 31.39 31.37 31.29 31.28 31.23 31.31 31.36 31.25 31.06 31.11 31.31 30.99 31.06 31.15 31.28 31.07 30.99 31.24 30.92 30.89 30.91 30.26 30.56 30.36 30.05 29.88 30.74 30.85 30.65 30.30 30.80 30.83 30.89 29.46 30.05 30.22 28.90 28.82 29.11 28.72 27.68 29.59
31.16 30.99 30.92 31.60 31.63 31.58 31.66 31.68 31.64 31.50 31.56 31.54 31.60 31.58 31.58 31.45 31.71 31.50 31.44 31.48 31.47 31.45 31.42 31.47 31.52 31.58 31.59 31.57 31.53 31.45 31.37 31.17 31.24 31.17 31.15 31.29 31.38 31.38 31.40 31.38 31.33 31.24 31.37 31.29 31.25 31.09 31.00 31.22 31.34 31.25 30.92 31.10 30.87 30.74 30.46 30.94 30.55 30.45 30.22 30.25 30.37 30.63 30.58 30.92 30.82 30.57 29.93 30.22 30.41 30.59 30.44 29.14 29.95 29.41 28.97 29.40 30.55
31.64 31.62 31.62 31.60 31.51 31.50 31.49 31.54 31.57 31.52 31.54 31.54 31.52 31.51 31.56 31.49 31.50 31.56 31.57 31.50 31.41 31.45 31.28 31.52 31.51 31.54 31.51 31.53 31.58 31.58 31.51 31.40 31.19 31.12 31.10 31.25 31.37 31.42 31.37 31.34 31.45 31.26 31.22 31.19 31.03 31.10 30.85 30.95 30.91 31.11 30.71 30.78 30.64 30.72 30.95 30.83 30.75 30.34 30.64 30.84 30.77 30.39 30.50 30.23 30.30 30.37 29.57 30.35 30.75 30.48 30.36 31.00 30.89 30.22 30.30 29.65 30.05
31.55 31.58 31.61 31.64 31.56 31.55 31.54 31.55 31.63 31.60 31.59 31.55 31.48 31.60 31.50 31.47 31.57 31.57 31.50 31.45 31.45 31.46 31.42 31.46 31.46 31.56 31.57 31.54 31.56 31.50 31.50 31.34 31.20 31.21 30.99 30.90 31.17 31.10 31.15 31.20 31.10 31.09 31.09 30.98 31.06 30.80 30.84 31.00 31.02 30.74 30.46 30.44 30.74 30.90 30.94 30.67 30.15 30.35 30.22 30.02 29.89 30.22 30.18 30.26 30.72 30.70 30.81 30.97 30.84 30.31 30.60 30.69 31.24 30.39 29.62 29.96 30.59
31.61 31.53 31.60 31.57 31.50 31.50 31.55 31.60 31.63 31.61 31.55 31.55 31.48 31.51 31.54 31.59 31.63 31.56 31.46 31.44 31.52 31.47 31.46 31.41 31.32 31.60 31.59 31.56 31.54 31.55 31.47 31.42 31.15 31.21 31.13 31.11 31.18 31.04 31.18 31.03 31.06 31.15 31.32 31.28 31.39 31.26 31.26 31.19 30.99 31.08 30.47 30.69 30.51 30.81 30.62 30.68 30.59 30.85 30.34 30.28 30.04 30.54 30.68 30.40 30.54 30.13 30.50 30.42 30.40 29.91 30.31 31.08 30.75 30.28 30.69 29.99 29.96
31.48 31.44 31.66 31.50 31.51 31.49 31.47 31.52 31.55 31.45 31.47 31.63 31.60 31.72 31.65 31.64 31.64 31.47 31.54 31.62 31.61 31.61 31.57 31.50 31.44 31.59 31.56 31.52 31.47 31.36 31.34 31.03 30.87 31.19 31.10 31.27 31.07 31.07 30.90 30.99 31.12 31.22 31.31 31.34 30.74 30.94 31.18 30.91 31.43 31.24 30.76 30.52 30.57 30.72 30.48 30.64 30.77 31.04 30.58 30.48 30.45 30.53 30.53 30.69 30.05 29.55 30.22 30.40 30.50 30.22 29.29 29.49 29.20 29.48 29.66 29.54 30.37
31.37 31.50 31.53 31.39 31.32 31.56 31.60 31.45 31.53 31.53 31.58 31.59 31.59 31.63 31.67 31.64 31.67 31.63 31.59 31.62 31.68 31.61 31.54 31.51 31.51 31.58 31.57 31.47 31.16 30.96 31.35 31.51 31.53 31.46 31.14 31.10 31.27 31.26 31.05 31.13 31.11 30.91 31.33 31.40 30.53 30.80 31.05 31.29 31.42 30.86 31.06 31.31 31.38 31.07 30.68 31.08 31.21 30.86 30.88 30.32 30.51 30.11 30.39 30.39 30.30 30.32 29.85 29.72 30.18 29.25 29.62 30.55 30.21 30.57 29.45 29.94 31.00
31.61 31.58 31.48 31.53 31.58 31.52 31.50 31.67 31.61 31.59 31.64 31.57 31.56 31.59 31.59 31.61 31.63 31.58 31.60 31.61 31.59 31.54 31.48 31.49 31.48 31.61 31.51 31.34 31.41 31.24 31.13 31.19 31.25 31.35 31.43 31.52 31.49 31.34 31.20 31.21 31.10 31.27 31.40 31.27 31.33 31.34 31.46 31.38 31.32 30.83 31.26 31.18 31.17 30.91 30.83 30.56 30.78 30.30 30.39 30.52 30.63 30.48 30.18 30.19 30.10 30.16 29.59 29.05 30.25 30.36 31.10 30.91 30.08 30.19 30.47 30.77 30.09
