main/data/irradiance/20.11.2023.grid
ncols 839
nrows 679
xllcenter 112.0500
yllcenter -43.9500
cellsize 0.0500
nodata_value 99999.90
[rows 510 to 543 of 679, columns 539 to 615 of 839]
19.50 21.36 21.36 21.51 21.51 21.76 23.07 23.07 23.18 22.56 22.83 23.67 24.31 25.53 24.51 24.85 24.83 24.49 25.10 24.88 25.21 25.43 24.75 24.11 24.01 24.25 24.88 25.73 26.17 26.04 25.91 25.64 25.26 24.61 24.51 24.64 24.58 25.27 25.62 25.42 26.21 26.40 26.22 26.16 25.86 25.74 25.53 25.27 24.56 24.62 25.57 25.17 24.98 24.71 24.72 23.95 23.18 23.42 23.84 23.13 23.09 22.65 21.56 21.23 21.55 22.56 22.37 21.59 24.13 24.61 22.73 22.44 22.13 22.75 21.87 22.32 22.50
19.50 19.50 20.21 21.15 21.76 21.76 23.07 23.07 23.12 23.82 23.64 23.74 23.80 23.87 23.88 24.62 25.08 25.78 25.27 26.07 26.17 26.13 25.88 25.29 25.00 24.83 25.36 25.14 25.81 25.56 24.94 25.47 24.82 24.59 25.04 25.21 25.21 25.48 25.72 26.17 26.80 26.64 26.78 26.47 26.59 26.47 26.12 25.45 24.61 24.59 25.25 26.09 25.82 24.94 24.81 25.28 25.09 23.97 23.32 23.51 23.35 22.89 22.74 21.55 21.84 22.86 23.67 22.23 22.56 22.63 21.90 22.23 21.99 22.54 22.15 21.55 22.36
19.50 19.50 20.21 19.42 20.28 20.28 22.61 22.61 23.06 23.60 23.28 23.63 23.59 23.67 24.25 24.49 24.56 24.57 24.84 25.46 26.30 26.76 26.75 26.35 25.10 25.25 25.08 25.35 25.53 25.34 25.46 25.44 24.94 24.84 25.32 25.17 25.67 25.42 24.71 25.70 26.29 27.06 27.09 26.86 26.39 25.82 25.78 25.35 24.61 24.39 25.63 26.50 26.03 25.26 24.98 25.77 26.06 24.94 23.74 23.54 22.71 22.84 22.58 21.64 21.62 21.55 22.00 22.65 21.66 21.80 22.02 22.45 22.76 22.20 22.12 22.11 22.72
19.50 19.50 19.42 19.42 20.28 20.28 22.81 22.81 23.38 23.91 23.77 23.63 23.87 24.27 24.71 24.73 23.76 23.46 24.23 25.52 25.67 26.22 26.47 26.22 24.78 24.56 24.48 25.12 25.12 25.03 25.45 25.67 25.26 25.18 25.52 25.74 25.94 26.00 25.41 25.30 25.71 26.92 27.25 26.42 26.25 26.38 26.01 25.70 24.91 25.45 26.32 26.07 26.39 25.87 25.25 25.54 25.37 25.19 24.00 23.05 21.12 21.79 21.66 20.73 20.72 19.81 20.68 21.99 21.48 22.60 22.39 21.84 22.46 21.89 22.58 23.65 23.78
19.50 19.42 19.42 19.42 20.28 21.08 21.08 21.97 22.81 24.07 24.77 25.12 24.96 25.25 25.16 24.43 24.02 23.98 24.00 24.77 25.53 26.00 25.58 25.65 25.74 25.70 25.51 25.32 25.10 24.79 25.21 25.67 25.73 25.76 25.74 25.65 25.78 25.69 25.36 25.81 26.30 26.99 26.48 25.94 25.63 25.99 26.36 26.27 25.39 26.26 27.07 26.44 26.19 25.62 25.26 25.19 24.82 25.19 24.42 23.00 21.36 20.51 19.96 19.98 19.77 21.12 21.10 22.27 22.60 22.41 21.61 22.18 21.80 22.02 22.96 23.49 24.23
19.50 19.42 19.42 19.42 21.08 21.08 21.08 21.31 22.10 23.30 24.38 25.49 25.25 25.32 25.68 25.79 25.25 24.43 24.13 25.16 25.31 25.66 24.77 24.68 25.20 25.67 25.76 25.08 24.57 24.61 25.42 25.72 25.91 26.41 26.56 26.60 25.91 25.33 25.13 26.14 26.92 26.60 26.35 26.38 26.26 26.33 26.33 25.93 26.17 26.94 27.52 27.14 26.29 25.76 25.44 25.16 25.28 24.27 23.36 22.68 21.36 20.26 19.91 19.96 21.03 20.68 21.12 21.67 22.36 22.50 22.49 21.03 22.33 22.38 24.04 23.48 23.53
19.42 19.42 19.42 21.08 21.08 21.08 21.31 21.31 22.10 23.49 23.38 24.51 25.12 25.90 25.91 25.74 25.67 24.98 24.51 23.79 23.72 23.76 25.29 25.34 25.45 25.63 25.19 24.92 24.82 24.71 25.42 25.79 26.60 26.67 26.58 26.46 25.39 24.96 24.94 26.24 26.60 26.55 26.60 26.31 25.94 26.18 26.03 25.85 26.79 27.48 27.33 26.47 26.22 26.16 26.78 25.43 23.57 23.35 23.14 22.11 21.71 21.06 20.38 19.68 19.75 20.73 20.94 21.91 20.83 21.93 22.77 21.78 22.68 23.11 22.63 23.74 22.87
19.42 19.42 21.08 21.08 21.08 21.31 21.31 21.31 23.49 23.49 23.54 24.49 24.86 25.46 25.11 24.04 24.37 24.96 25.53 25.60 25.14 24.35 24.90 25.44 25.87 25.69 25.04 25.00 24.79 24.49 24.74 25.47 26.17 26.61 26.51 26.25 25.69 24.92 25.42 25.77 26.29 26.70 26.25 25.69 25.69 25.60 25.98 26.28 26.51 26.38 26.38 25.93 25.97 26.56 27.47 26.74 25.31 24.37 23.68 23.71 22.68 22.16 20.45 20.13 20.80 21.33 20.69 21.72 21.56 21.97 22.27 22.60 22.22 22.29 22.94 23.45 23.78
19.42 19.42 21.08 21.08 21.31 21.31 21.31 23.49 23.49 23.54 23.54 24.74 25.33 25.62 25.14 24.70 24.38 24.94 25.53 25.53 25.34 25.22 24.88 25.53 25.46 25.40 25.62 25.22 25.11 24.76 24.73 24.89 24.98 25.45 25.46 25.54 25.62 25.36 25.19 25.21 25.19 25.78 25.17 25.44 25.49 25.51 26.37 26.72 26.47 26.27 25.47 25.44 25.11 26.38 27.19 26.97 26.79 26.45 25.02 23.22 22.80 21.86 20.48 20.05 20.39 21.66 21.45 21.90 21.87 21.83 22.72 23.19 23.50 22.50 23.19 23.75 24.10
19.42 21.08 21.08 21.31 21.31 21.31 21.31 23.49 23.54 23.54 24.74 24.74 24.65 25.49 25.94 25.40 24.92 25.33 25.93 25.53 25.50 25.96 24.82 25.38 25.96 25.21 24.96 24.69 24.28 24.58 24.56 24.63 24.28 24.49 25.15 25.32 25.78 25.80 24.75 24.88 24.80 25.21 25.26 25.42 25.38 25.47 25.72 26.13 25.90 26.32 25.05 24.83 25.00 25.58 25.94 26.18 25.32 26.45 25.02 23.85 23.04 21.66 21.08 20.95 21.20 21.60 21.74 21.56 22.74 21.71 23.07 23.29 23.45 23.54 23.25 24.76 24.69
21.08 21.08 21.31 21.31 21.31 21.31 23.49 23.54 23.54 24.74 24.74 24.65 24.65 25.35 26.10 25.85 26.19 26.67 26.43 26.49 26.30 26.15 25.71 25.79 25.57 25.21 24.59 24.48 23.71 24.13 24.45 22.85 23.23 23.73 24.15 24.82 24.76 24.87 24.81 25.48 25.17 24.99 25.28 24.80 26.04 25.74 25.29 25.58 25.59 26.05 25.00 23.80 23.32 24.05 24.04 23.85 24.30 25.09 25.09 23.85 23.89 21.62 20.88 21.16 22.16 21.98 21.61 21.75 22.76 21.91 22.76 23.78 24.13 24.10 23.74 24.57 24.12
21.08 21.31 21.31 21.31 21.31 21.31 23.54 23.54 24.74 24.74 24.65 25.10 25.10 25.10 26.09 25.99 26.08 26.30 26.63 26.45 26.57 26.59 25.71 25.08 25.23 24.78 24.12 24.35 23.68 22.96 23.22 23.57 22.92 23.25 24.37 24.63 24.50 24.23 24.48 24.72 24.68 25.19 24.74 24.69 25.15 25.12 25.25 25.38 24.82 23.62 23.57 23.75 23.14 23.35 23.26 23.57 23.43 23.57 23.57 23.33 23.33 22.29 21.41 21.53 22.17 21.94 21.83 21.56 22.13 22.06 22.33 24.01 24.63 24.38 23.38 24.34 24.81
21.31 21.31 21.31 21.31 21.31 23.54 23.54 24.74 24.74 25.10 25.10 25.10 25.10 25.10 26.35 26.46 26.83 26.40 26.98 27.30 26.73 27.01 26.59 26.64 26.04 24.56 24.00 24.12 23.88 23.37 22.62 23.37 23.17 22.37 23.25 23.50 24.42 24.11 23.10 24.13 24.53 25.24 25.55 25.53 25.31 24.61 24.14 24.00 23.75 23.74 23.79 24.19 24.08 23.60 23.29 23.44 23.41 23.54 24.18 24.18 23.97 23.07 22.14 21.48 21.30 21.76 22.97 22.03 21.45 21.77 22.55 23.36 23.98 25.49 23.97 24.53 24.08
21.31 21.31 21.31 21.31 23.54 23.54 24.74 25.10 25.10 25.10 25.10 25.10 25.82 25.82 25.82 26.20 26.12 26.77 26.80 27.17 27.45 27.31 27.40 27.19 26.25 25.23 24.81 25.21 25.10 24.36 23.94 23.78 23.85 22.96 22.58 22.79 23.55 23.50 23.30 23.62 24.28 25.20 25.33 25.19 24.64 23.61 23.79 23.95 23.71 24.21 24.09 24.32 24.21 23.65 23.60 22.98 23.43 23.51 23.81 24.26 23.94 23.05 22.26 22.12 21.38 21.64 22.67 21.43 21.96 21.83 22.41 22.72 23.51 23.98 24.22 24.72 24.99
21.31 21.31 21.31 21.31 23.54 24.74 25.10 25.10 25.10 25.10 24.81 24.81 24.81 24.81 24.81 25.41 25.69 25.34 26.27 27.02 27.09 27.94 27.85 27.45 26.18 25.91 25.60 25.75 25.46 25.57 25.19 24.09 23.40 23.08 23.51 24.30 24.21 23.39 22.84 22.54 23.62 25.09 24.61 24.47 24.14 24.17 23.83 24.51 24.99 24.67 23.65 23.46 23.25 23.63 23.40 22.54 23.30 24.19 23.70 24.44 24.41 23.37 22.59 22.83 22.41 22.79 22.63 22.06 22.87 22.60 23.02 22.70 23.59 23.81 23.82 24.23 24.42
21.31 21.31 21.31 23.54 25.10 25.10 25.10 24.81 24.81 24.81 24.81 24.81 24.81 24.81 24.81 24.25 24.94 25.36 25.74 26.06 26.59 27.33 27.66 27.29 26.22 25.96 25.95 25.61 25.35 25.64 25.97 24.94 24.44 23.54 23.18 23.85 23.40 23.47 22.89 22.83 22.38 23.28 23.03 23.56 23.93 23.64 23.44 23.82 24.55 23.97 23.66 23.39 23.33 23.41 23.41 23.84 23.56 23.96 24.01 24.16 24.56 24.15 23.36 22.98 22.95 23.08 22.22 22.39 22.92 22.87 22.57 22.59 23.17 23.10 23.40 23.36 24.00
23.49 23.54 23.54 25.10 24.81 24.81 24.81 24.81 24.81 24.81 24.81 24.81 24.81 24.00 24.00 24.00 23.47 24.54 25.07 25.38 26.00 25.90 26.38 26.67 25.89 25.42 26.17 25.74 26.27 25.76 24.83 25.25 24.98 24.94 24.09 23.48 24.04 23.65 23.15 23.11 23.27 22.53 22.58 23.42 24.11 23.36 23.10 23.33 24.11 24.47 23.86 24.11 23.74 24.63 23.76 23.80 23.91 23.79 24.06 24.74 24.95 24.08 23.30 22.84 22.92 23.26 23.54 23.17 22.93 22.74 22.82 22.67 23.32 23.20 23.68 23.61 24.05
23.54 23.54 24.74 25.10 24.81 24.81 24.81 24.81 24.81 24.81 24.81 24.81 24.81 24.81 24.81 24.81 23.70 24.15 24.65 25.09 25.44 25.49 25.72 25.68 25.95 25.62 25.97 25.83 26.58 25.56 25.71 26.31 26.07 25.35 24.48 23.82 23.68 23.42 23.23 23.09 22.53 22.18 22.45 23.02 23.94 23.18 23.29 22.81 23.18 23.87 24.73 24.71 24.36 24.15 23.88 25.24 25.18 23.94 24.76 25.51 24.72 24.29 23.82 23.24 23.01 23.44 23.53 23.16 23.76 22.97 22.87 22.35 22.64 23.04 22.90 23.48 24.49
99999.90 24.74 24.74 25.10 24.81 24.81 24.81 24.81 24.81 24.81 24.81 24.81 24.81 24.81 24.81 24.81 24.09 23.71 23.90 24.24 24.75 25.20 24.94 24.75 25.88 25.65 25.45 25.86 25.71 25.87 26.25 26.71 26.94 26.52 25.34 24.97 24.65 25.13 24.54 23.85 23.95 23.41 22.49 22.55 22.98 23.43 23.41 22.87 23.73 24.31 24.72 24.96 25.10 24.75 25.12 26.03 26.15 25.05 24.85 25.68 26.15 25.66 24.27 23.50 23.02 23.74 23.95 23.99 23.99 23.23 23.08 23.11 23.25 22.96 22.82 23.67 24.27
99999.90 99999.90 24.65 25.10 24.81 24.81 24.81 24.81 24.81 24.81 24.81 24.81 24.81 24.81 24.81 24.09 24.09 23.08 23.40 23.85 23.40 24.12 24.40 24.49 24.74 24.68 24.88 25.42 25.60 25.68 25.81 26.49 26.79 26.62 26.30 25.45 25.55 26.55 27.10 26.63 26.19 26.19 25.40 24.45 24.26 23.94 23.93 23.87 23.85 25.24 25.78 25.50 26.33 26.69 27.43 26.98 26.96 27.19 26.59 26.41 26.60 25.91 24.71 24.46 23.28 23.55 24.51 25.16 24.78 23.71 23.82 23.88 23.35 22.55 23.48 23.81 24.42
99999.90 99999.90 99999.90 25.10 24.81 24.81 24.81 24.81 24.81 24.81 24.81 24.81 24.81 24.81 24.09 23.95 23.95 23.95 24.08 23.98 23.37 23.20 24.57 24.66 24.95 25.18 25.40 25.14 24.51 25.08 25.02 26.27 26.72 26.38 25.93 25.87 25.73 26.67 26.48 27.12 26.71 26.40 26.21 26.18 26.12 25.18 23.89 24.32 24.95 25.05 25.26 25.30 26.18 26.81 27.49 27.72 27.39 27.23 26.68 26.33 25.64 24.71 24.02 24.12 24.30 24.43 24.83 24.56 24.98 24.56 23.81 23.91 23.96 23.54 23.94 23.74 24.71
99999.90 99999.90 99999.90 25.10 24.81 24.81 24.81 24.81 24.81 24.81 24.81 24.81 24.81 23.99 23.99 23.99 23.99 23.99 23.38 23.68 23.63 23.21 24.40 25.17 24.88 25.03 24.94 23.77 23.68 24.64 25.04 25.63 25.61 26.09 25.78 25.87 26.62 26.62 26.09 26.80 27.36 27.02 26.90 26.24 25.90 24.61 24.01 24.58 25.58 25.44 25.66 25.80 26.02 26.16 26.90 27.35 26.35 26.25 26.02 25.33 24.14 24.06 24.16 24.40 24.49 24.17 24.53 24.35 24.16 24.62 24.39 24.27 23.29 24.36 23.69 24.10 24.72
99999.90 99999.90 99999.90 99999.90 24.81 24.81 24.81 24.81 24.81 24.81 24.81 23.99 23.99 23.99 23.99 23.99 23.99 23.99 22.99 22.93 23.77 23.12 23.03 24.56 24.82 24.56 24.60 24.32 23.51 23.24 24.40 25.32 25.65 26.11 26.13 25.78 25.77 25.81 26.16 26.47 26.95 27.05 26.66 26.10 25.04 24.37 23.64 23.75 24.12 25.10 25.02 24.37 24.29 24.69 24.38 25.38 25.07 23.90 23.26 23.51 23.13 24.23 24.48 23.84 23.84 24.38 24.28 24.75 24.20 24.45 24.32 23.95 24.43 23.90 24.69 24.41 24.03
99999.90 99999.90 99999.90 99999.90 24.81 22.59 22.59 22.59 22.59 22.59 22.59 23.99 23.99 23.99 23.99 23.99 23.81 23.81 23.81 23.47 23.89 23.83 22.94 23.70 24.45 24.14 24.23 24.16 24.04 24.17 24.47 24.98 25.38 25.52 24.78 24.29 24.86 25.50 25.27 25.14 24.91 24.91 24.68 25.30 24.18 24.05 23.25 23.31 24.20 24.51 24.98 24.22 23.42 23.54 24.16 23.66 23.04 22.59 22.02 22.18 23.06 23.90 24.14 23.91 24.24 24.64 24.56 25.31 24.76 25.49 25.14 24.46 24.41 24.99 24.67 24.95 24.74
99999.90 99999.90 99999.90 99999.90 24.81 22.59 22.59 22.59 22.59 22.59 22.59 22.59 22.59 22.59 23.90 23.90 23.90 23.90 23.90 23.16 23.30 23.38 23.64 22.64 23.41 24.28 23.71 24.18 24.72 24.45 25.08 24.93 25.41 25.53 25.41 25.56 25.42 25.76 25.76 25.09 24.77 24.55 24.38 25.53 25.52 24.75 23.95 23.39 24.32 25.01 24.41 23.62 23.48 23.93 24.18 23.85 22.53 21.90 22.10 23.20 23.47 24.15 24.39 24.43 25.08 23.74 23.90 24.51 24.60 25.20 24.70 24.53 24.79 24.58 25.40 25.51 25.04
99999.90 99999.90 99999.90 99999.90 99999.90 22.59 22.59 22.59 22.59 22.59 22.59 22.59 22.59 22.59 22.59 24.06 25.33 25.33 25.33 24.53 23.34 23.22 23.34 22.45 22.67 23.35 23.58 23.25 24.49 24.98 24.70 25.33 25.70 25.61 26.28 25.79 25.30 25.25 24.64 24.39 24.96 25.17 25.64 25.50 25.28 24.51 24.70 24.17 24.73 24.44 24.56 25.02 24.37 24.64 25.13 23.99 22.81 22.63 23.42 22.88 22.15 22.86 23.15 23.82 24.61 23.60 23.96 24.83 24.48 24.74 24.38 23.74 23.87 24.54 24.93 25.65 25.21
99999.90 99999.90 99999.90 99999.90 99999.90 22.59 22.59 22.59 22.59 22.59 22.59 22.59 22.59 22.59 22.59 22.59 24.06 24.94 24.94 24.55 24.50 23.81 23.27 23.10 23.09 23.26 23.61 22.83 23.45 24.87 25.26 25.19 25.79 25.51 25.94 26.04 25.82 25.25 25.19 24.56 24.51 24.87 24.95 25.23 24.93 25.47 25.25 24.67 25.42 24.59 24.56 25.31 25.19 24.69 25.19 24.45 24.30 22.78 22.79 22.93 23.04 23.02 23.13 23.69 24.32 23.59 23.88 24.86 24.90 24.88 24.09 24.14 24.55 24.73 24.90 25.66 25.35
99999.90 99999.90 99999.90 99999.90 99999.90 22.59 22.59 22.59 22.59 22.59 22.59 22.59 22.59 22.59 22.59 22.59 24.06 24.06 24.47 24.54 23.73 23.83 23.47 22.96 23.06 23.36 22.69 22.83 23.42 24.76 25.04 25.45 26.06 25.63 25.61 26.07 25.34 24.92 25.08 25.29 25.14 25.07 24.36 23.82 23.38 24.46 25.33 25.59 24.91 24.83 23.90 24.31 24.01 23.90 25.18 25.08 24.39 23.59 23.28 23.68 24.34 24.02 23.66 23.37 23.92 24.13 23.79 25.48 26.22 25.60 24.82 24.42 24.73 24.76 25.09 25.48 25.33
99999.90 99999.90 99999.90 99999.90 99999.90 22.59 22.59 22.59 22.59 22.59 22.59 22.59 22.59 22.59 22.59 22.59 22.34 22.61 22.65 23.33 23.76 23.66 23.90 23.56 23.48 23.28 22.62 22.75 23.01 24.12 24.82 24.94 25.74 25.60 25.28 26.06 25.59 25.44 24.90 24.60 24.62 24.57 24.27 23.82 24.40 24.88 25.03 25.41 25.10 25.35 24.74 25.11 24.84 24.19 25.27 25.44 25.17 23.85 23.34 23.71 23.81 24.01 24.42 24.70 25.04 24.06 23.73 24.77 25.56 25.95 25.46 23.51 24.16 24.59 25.08 24.85 25.73
99999.90 99999.90 99999.90 99999.90 99999.90 22.47 22.47 22.47 22.47 22.47 22.47 22.47 22.47 22.47 22.47 22.47 23.02 23.02 23.13 23.43 22.89 22.98 23.44 23.83 23.02 22.62 22.29 22.33 21.60 22.36 23.51 23.66 24.39 25.27 25.12 26.10 25.62 25.46 25.31 25.16 25.33 25.58 24.07 23.84 24.87 25.00 24.54 25.30 25.19 24.80 24.13 24.30 24.58 24.65 25.67 24.86 24.27 24.06 23.59 24.11 24.34 24.06 24.85 25.43 25.03 24.73 24.31 24.59 24.92 25.41 24.73 22.88 24.31 25.20 25.58 26.03 26.31
99999.90 99999.90 99999.90 99999.90 99999.90 22.22 22.22 22.22 22.22 22.22 22.22 22.22 22.22 22.22 22.22 22.22 22.56 23.04 22.99 23.88 23.84 22.87 23.13 22.90 23.23 22.39 22.11 21.65 21.48 21.82 22.27 22.77 23.72 24.77 25.47 25.89 26.71 26.39 25.40 24.94 25.05 24.31 23.36 23.72 24.68 24.65 24.85 25.50 25.60 25.70 25.63 24.89 24.82 24.90 24.71 24.86 25.09 24.89 23.71 24.08 24.12 24.61 25.12 25.18 24.59 24.67 24.42 24.86 25.69 25.28 23.84 22.70 24.21 24.84 25.61 26.94 25.75
99999.90 99999.90 99999.90 99999.90 99999.90 22.22 22.22 22.22 22.22 22.22 22.22 22.22 22.22 22.22 22.22 22.22 21.85 22.81 23.23 24.02 24.60 24.00 23.24 23.38 23.64 23.70 22.75 22.39 22.12 22.74 22.36 23.49 23.67 24.57 25.28 25.54 25.70 26.42 25.80 25.53 25.52 24.46 24.99 25.66 25.45 24.53 24.99 25.91 25.92 26.17 25.98 25.19 24.86 24.94 24.64 24.40 24.42 24.19 23.38 23.81 25.00 25.47 25.96 25.36 25.00 24.66 25.04 25.85 26.01 25.19 23.30 21.97 24.09 23.99 24.51 25.53 25.04
99999.90 99999.90 99999.90 99999.90 99999.90 22.22 22.22 22.22 22.22 22.22 22.22 22.22 22.22 22.22 21.88 21.88 21.88 22.94 23.12 23.47 23.60 24.15 23.95 23.73 24.33 23.41 23.12 22.93 22.06 22.34 22.40 22.93 23.66 24.17 24.08 24.54 25.20 25.90 25.79 25.92 25.42 24.97 24.58 25.43 25.19 25.23 24.47 25.38 25.67 25.86 25.61 25.73 24.99 24.25 24.29 23.83 24.04 24.18 23.63 23.44 24.35 25.72 25.62 25.15 24.88 24.83 25.23 25.21 24.93 24.66 23.19 22.66 23.00 23.03 24.32 24.84 24.38
99999.90 99999.90 99999.90 99999.90 99999.90 22.22 22.22 22.22 22.22 22.22 22.22 22.22 22.60 22.60 22.60 22.60 22.60 22.69 22.71 23.11 23.85 24.52 24.08 23.82 23.96 23.85 23.28 23.38 23.05 22.96 22.02 21.56 22.40 23.55 24.03 24.31 24.79 25.33 25.69 25.83 25.26 25.04 24.57 24.68 24.77 24.66 23.98 24.57 25.65 25.81 25.69 25.70 25.33 24.24 23.96 23.62 23.40 24.02 24.49 24.30 24.17 25.50 25.82 25.26 25.13 25.28 25.37 25.24 24.58 24.70 23.72 24.35 23.34 22.56 22.87 23.42 23.97
