main/data/irradiance/20.11.2023.grid
ncols 839
nrows 679
xllcenter 112.0500
yllcenter -43.9500
cellsize 0.0500
nodata_value 99999.90
[rows 306 to 339 of 679, columns 616 to 692 of 839]
27.84 28.24 27.67 28.12 28.63 29.17 27.85 27.44 27.62 27.80 27.30 26.42 26.82 24.35 25.71 26.20 27.05 27.99 28.40 28.23 26.50 25.71 25.20 24.64 25.61 25.76 25.41 25.20 25.30 26.05 25.13 25.04 25.81 25.52 25.62 24.16 22.37 21.00 19.62 20.55 21.22 21.28 21.88 23.20 22.63 23.21 23.32 23.21 21.84 21.87 23.73 24.49 24.61 23.63 23.17 23.00 23.01 24.30 24.03 23.16 23.86 23.40 23.52 23.36 24.43 25.10 25.15 24.84 25.19 24.77 25.32 24.77 23.40 22.91 23.16 24.49 24.99
26.92 26.66 28.08 28.96 28.48 28.24 27.40 27.30 26.55 26.94 27.54 26.54 24.58 25.24 25.23 26.37 26.33 25.23 27.05 28.15 27.32 26.28 25.58 27.12 26.66 27.48 25.87 25.96 25.17 25.04 24.74 25.69 25.30 25.78 24.88 23.32 22.30 19.70 18.76 20.24 19.34 20.53 22.19 22.07 20.68 21.88 22.65 22.67 22.98 21.83 22.60 22.77 23.78 23.56 23.62 23.59 23.05 23.88 24.73 24.75 25.10 23.29 24.08 23.23 23.13 24.13 24.56 24.32 25.57 26.93 25.60 24.80 24.09 23.77 24.22 24.33 24.80
26.80 27.36 27.87 27.10 27.37 28.08 27.01 26.96 26.22 26.49 27.20 26.44 26.74 25.65 24.95 25.36 26.03 27.30 28.04 28.45 28.18 28.13 27.55 27.36 27.00 26.73 25.46 25.56 23.55 23.89 24.35 24.84 24.08 24.67 22.27 20.50 22.77 19.72 19.33 17.72 18.45 20.89 20.85 19.83 20.71 21.57 21.59 22.36 22.46 22.30 22.39 22.50 22.19 22.37 23.61 23.35 22.14 22.66 24.19 25.17 25.37 25.09 25.60 25.07 24.48 24.60 24.77 24.11 24.72 25.08 25.54 24.23 24.33 23.79 24.15 24.43 25.07
26.92 28.02 27.11 26.49 27.41 26.53 26.02 27.53 27.95 27.30 27.93 27.48 27.31 26.91 26.97 25.90 26.41 26.38 26.85 27.99 28.72 28.36 28.46 27.88 27.53 27.10 25.82 25.25 25.63 23.69 23.79 24.62 23.87 24.59 21.84 20.95 20.77 21.55 21.82 18.40 18.54 19.63 21.10 21.66 21.85 22.80 22.67 22.72 22.69 22.81 21.82 22.63 21.96 21.60 22.84 22.09 21.91 22.43 23.12 23.88 24.76 24.58 24.71 24.66 24.07 23.33 24.59 25.20 24.25 24.68 24.42 24.60 24.39 24.15 24.67 23.81 24.24
26.71 26.73 27.13 27.76 27.70 27.33 26.63 27.68 28.38 27.75 27.67 27.31 27.59 26.81 26.92 26.63 26.83 27.91 27.10 26.43 28.29 27.70 27.99 27.35 26.96 26.88 26.18 25.02 25.07 23.52 23.63 24.05 22.12 21.37 21.83 20.21 21.14 21.03 21.51 19.29 17.83 19.97 20.66 20.50 22.15 23.21 24.32 23.19 22.80 21.90 22.15 21.97 21.44 21.77 20.74 21.92 21.35 22.04 22.46 22.87 23.29 24.09 24.88 23.29 23.77 23.78 24.62 25.06 25.34 25.24 22.76 23.72 23.86 24.01 24.88 25.27 24.58
26.51 26.78 27.59 28.30 28.61 28.10 27.55 27.73 27.52 26.42 26.65 27.75 26.99 26.79 26.30 25.62 26.26 26.60 26.66 26.66 27.69 27.74 27.51 26.48 27.35 26.32 26.23 25.21 22.96 21.60 23.40 22.06 20.21 20.65 21.60 21.92 20.98 22.52 22.25 19.43 19.24 20.65 20.87 21.37 21.65 22.30 23.60 21.92 21.18 20.94 20.92 22.27 22.92 21.60 20.15 21.88 22.27 23.47 23.12 23.25 22.85 22.84 23.29 22.89 23.49 24.73 23.63 23.52 22.84 23.85 21.54 22.12 22.23 23.57 24.45 25.28 24.82
27.15 24.84 27.02 27.50 27.94 27.08 27.52 27.68 25.96 27.24 27.21 27.92 27.94 27.31 26.12 25.42 26.62 27.40 27.52 26.43 26.71 27.47 26.36 26.25 27.39 25.65 25.82 25.33 23.06 23.29 22.39 21.16 20.61 21.19 20.88 20.85 20.42 22.47 21.06 20.69 19.58 19.54 22.09 22.39 20.61 20.14 20.59 20.79 21.24 21.86 22.30 21.84 22.32 22.23 22.60 22.46 22.85 24.05 23.45 22.69 22.11 21.53 21.44 22.29 23.52 24.21 23.22 21.78 21.56 21.40 20.32 20.90 21.82 22.80 24.49 24.93 24.39
27.42 26.75 25.49 24.40 25.40 26.63 27.41 26.65 26.67 27.56 27.73 28.07 28.34 28.47 26.85 27.65 27.26 26.23 28.01 27.16 26.96 27.78 26.87 24.87 26.18 24.56 24.86 25.83 23.69 23.02 22.19 22.20 22.02 21.27 20.01 19.49 21.29 21.57 21.13 20.46 20.18 19.61 19.98 20.29 20.01 20.00 20.47 20.38 19.61 22.01 22.91 21.23 21.53 22.85 24.03 23.63 23.52 24.27 24.05 22.06 21.92 22.08 21.11 23.54 24.10 23.84 24.39 22.67 22.13 21.07 20.71 20.13 20.83 23.04 23.87 24.25 24.03
25.92 26.59 26.26 24.78 25.66 27.18 27.12 27.76 27.65 28.00 28.07 28.44 28.65 28.12 27.69 28.01 27.77 27.17 27.54 27.08 27.48 27.76 27.91 27.22 23.82 24.28 26.26 25.58 23.90 22.19 23.99 24.11 23.38 21.85 23.42 21.87 21.74 21.67 22.54 20.63 21.05 20.97 18.90 20.64 21.29 21.67 20.19 20.27 19.93 21.48 23.47 22.88 21.14 21.23 22.41 23.11 24.00 24.91 24.97 22.75 22.06 20.99 21.57 22.38 22.61 23.32 23.78 24.71 24.82 23.20 21.13 21.43 22.47 23.03 23.37 23.74 23.26
26.31 25.84 27.27 27.42 27.60 27.77 27.04 27.67 27.44 28.74 28.41 28.74 28.53 28.62 28.87 27.72 28.19 27.19 26.45 26.50 26.32 27.32 27.46 27.41 25.00 25.81 26.65 23.96 23.50 22.83 24.45 25.11 23.27 24.04 24.26 21.95 20.50 20.06 22.59 21.94 22.47 23.32 20.39 20.01 18.66 19.31 19.12 20.03 20.67 20.68 22.97 22.45 21.83 20.14 22.23 24.01 23.32 23.78 23.49 23.03 22.75 22.87 21.99 21.26 21.88 22.40 24.59 25.33 25.40 24.63 22.57 20.96 21.93 22.53 23.19 23.85 23.09
26.72 26.70 26.83 26.43 27.66 26.69 27.34 27.41 27.36 28.29 28.55 27.52 27.89 28.50 29.29 28.74 28.66 27.78 28.11 26.96 27.10 27.29 27.49 27.39 25.65 24.62 26.97 25.57 25.14 25.75 23.75 24.79 24.46 22.23 23.38 22.92 20.91 20.95 23.46 22.30 23.09 22.50 19.58 18.96 19.60 20.77 19.70 20.78 20.43 20.77 22.78 23.64 23.26 22.35 22.57 23.86 23.03 23.95 24.58 23.90 24.25 23.09 22.26 22.33 21.90 21.42 22.94 23.78 24.27 23.22 23.09 22.47 21.38 21.86 22.87 22.39 22.98
26.19 27.30 26.38 26.05 26.75 25.05 27.09 27.17 28.10 28.39 28.28 28.35 28.02 28.15 29.02 28.57 28.69 28.52 28.64 27.20 26.70 27.31 26.87 26.91 25.45 26.09 26.14 26.59 27.23 24.63 24.70 25.94 25.49 24.12 23.47 23.82 23.47 22.02 22.55 22.18 21.30 22.89 22.30 19.74 20.96 20.14 20.18 20.21 20.76 20.79 23.15 25.08 24.14 23.20 23.17 23.23 22.91 23.44 24.28 24.43 23.99 23.11 22.76 21.83 21.18 21.26 21.86 22.72 23.31 23.54 23.02 22.28 20.80 22.04 23.05 22.26 22.29
25.48 26.44 26.24 25.56 25.18 25.31 25.84 26.83 27.20 27.39 28.94 28.50 28.40 28.04 28.32 28.54 28.35 28.29 28.48 27.80 26.90 26.84 26.81 27.04 26.26 24.94 26.44 27.07 26.86 26.83 26.08 25.51 24.47 25.65 25.18 22.87 23.58 22.87 20.43 21.91 22.11 22.40 23.07 21.30 19.59 20.11 20.79 19.54 20.33 21.97 21.03 23.53 24.04 22.00 21.60 23.28 23.38 23.17 23.65 25.31 24.14 22.04 21.47 21.33 21.08 21.51 22.17 22.44 23.44 23.66 23.27 21.09 20.55 21.44 23.66 24.12 23.24
23.21 24.31 26.48 25.83 24.76 24.95 25.67 26.06 26.53 27.08 28.33 28.63 27.94 26.92 27.63 28.17 28.78 29.31 28.18 27.91 27.05 26.85 26.62 27.24 26.24 25.14 24.90 24.97 25.42 26.14 25.60 24.85 22.88 24.49 24.68 23.80 23.60 23.28 19.74 21.89 22.38 22.69 23.11 21.41 21.20 20.56 20.72 21.84 21.15 22.72 22.94 23.78 23.21 22.17 21.50 23.35 22.83 22.74 22.47 23.62 24.03 21.79 22.00 21.98 20.89 21.26 22.06 23.13 24.49 24.22 23.89 22.00 21.61 22.07 22.98 23.31 24.81
23.48 23.47 24.81 26.76 25.61 24.48 26.06 26.70 27.09 27.02 27.77 27.73 27.97 28.59 27.64 28.09 28.79 28.62 27.82 28.31 27.83 26.89 27.35 26.96 27.34 27.08 25.97 25.26 26.46 26.36 26.27 26.64 25.77 25.68 26.03 25.08 24.61 23.27 21.60 20.00 20.90 22.06 22.80 22.63 21.62 20.11 21.83 21.97 23.05 23.06 22.82 23.28 23.70 23.06 22.12 21.85 22.15 21.84 21.42 22.93 23.03 21.23 20.82 21.66 20.72 22.70 23.52 23.72 24.05 24.12 22.64 23.38 21.83 21.92 22.73 23.34 25.18
24.05 24.60 24.50 24.49 25.93 25.95 25.76 26.45 27.51 27.19 26.88 26.89 27.69 28.09 27.89 28.00 28.38 28.03 27.27 27.17 27.29 27.37 26.49 26.36 27.10 27.16 26.44 25.80 25.97 25.48 26.27 26.12 25.71 25.86 25.58 25.17 23.84 22.85 22.42 22.74 22.24 21.98 22.18 22.34 22.68 22.15 21.45 23.55 22.46 23.45 23.20 23.14 23.02 22.54 22.08 22.23 21.75 21.09 21.28 21.96 21.17 20.52 20.27 20.91 21.01 23.08 23.67 23.75 23.29 24.14 23.61 23.97 23.18 22.33 23.68 22.93 24.29
24.00 24.38 24.11 24.29 25.26 25.62 26.72 27.04 26.99 27.04 26.56 26.79 27.70 28.97 28.88 27.71 27.69 27.94 27.09 27.16 27.45 27.57 27.20 27.56 27.17 27.47 26.48 26.01 25.70 26.25 26.47 26.57 25.80 24.41 24.63 23.86 24.53 25.28 23.73 22.61 23.81 22.33 21.65 22.32 22.93 22.67 21.81 22.25 22.90 24.03 22.82 23.57 23.50 22.94 20.67 20.69 20.88 20.80 21.74 21.16 20.66 20.11 20.53 20.30 20.70 22.03 23.04 22.91 24.55 24.50 24.59 23.92 25.58 23.34 23.40 23.69 23.45
24.57 25.08 25.19 25.46 24.74 24.06 26.20 26.27 27.02 26.31 26.74 26.56 27.00 28.34 28.30 27.91 28.21 27.12 27.08 27.35 27.63 27.67 28.23 28.30 27.06 26.99 26.82 26.02 26.67 26.24 27.13 27.50 26.10 25.66 24.68 23.09 24.85 25.26 26.07 23.77 24.53 22.38 22.08 22.25 21.81 21.89 21.50 23.27 23.32 23.73 23.95 22.71 22.19 22.58 19.83 17.73 19.77 20.90 21.66 21.62 20.01 20.06 20.15 19.60 20.03 21.12 22.19 22.48 23.14 23.45 23.07 22.83 24.76 22.99 22.71 23.30 24.55
24.70 25.97 24.19 23.96 23.97 25.11 26.66 26.46 25.89 26.77 27.08 26.86 26.44 27.20 26.81 26.21 27.19 27.97 27.70 27.46 27.96 27.05 27.75 26.74 27.30 26.84 26.07 26.42 26.80 25.23 25.82 27.93 27.28 25.75 26.47 26.58 25.84 25.61 25.81 23.82 25.40 24.12 21.01 21.91 22.50 22.75 21.31 23.17 23.82 23.77 22.75 21.65 21.17 21.74 19.11 18.43 18.61 18.93 19.26 20.61 20.79 20.88 21.50 21.31 20.75 21.38 21.73 21.96 21.04 21.61 21.71 23.80 23.95 23.60 24.54 23.58 23.50
23.51 24.28 23.72 24.11 24.49 24.80 25.84 25.86 26.86 26.76 26.58 26.69 26.85 26.03 26.62 26.57 26.74 27.66 27.65 27.52 28.12 28.23 27.55 27.87 26.75 26.68 26.33 28.01 27.76 27.05 25.90 27.43 28.20 26.24 26.15 26.26 26.52 25.99 26.09 24.88 24.50 25.00 23.91 22.95 22.52 22.89 21.61 22.19 23.42 21.90 21.96 20.60 21.35 21.16 19.82 19.99 18.60 18.81 19.65 19.88 20.50 21.27 20.81 21.19 21.15 21.05 21.00 21.87 20.62 21.51 23.13 23.29 23.25 23.21 24.10 24.06 23.63
23.73 24.77 24.11 22.89 23.68 24.80 25.72 26.56 26.50 26.80 27.15 26.53 26.09 26.53 25.84 27.00 27.29 27.05 26.93 27.47 27.88 26.96 27.09 27.53 27.80 27.35 26.72 27.83 28.41 28.58 26.96 27.22 27.36 27.03 25.98 25.97 25.79 25.88 26.02 26.18 25.60 24.96 24.87 23.57 23.05 22.11 20.62 21.89 21.26 20.52 18.63 19.36 20.93 21.33 20.60 21.49 20.24 19.58 19.10 19.43 20.18 20.49 21.92 21.61 21.76 21.19 20.17 22.52 22.00 22.00 21.92 23.62 23.25 23.83 23.64 24.02 23.33
23.84 23.63 22.40 23.27 23.97 25.04 25.42 26.57 26.35 26.37 27.53 26.65 25.11 24.16 26.29 26.77 26.68 27.90 27.96 28.10 28.12 27.96 27.09 27.74 28.45 27.98 28.77 27.86 28.13 29.42 27.56 25.92 26.35 26.99 26.33 25.83 26.18 25.75 26.40 25.95 25.90 25.24 25.36 25.26 22.79 21.08 19.97 20.83 21.63 20.12 19.51 20.13 21.25 22.58 23.22 22.73 22.27 19.38 19.17 20.43 21.28 21.74 22.57 23.08 22.57 21.43 21.06 21.41 22.42 21.75 22.38 22.70 23.80 23.85 23.74 23.51 22.15
25.51 23.24 22.06 23.62 24.82 26.31 26.43 26.54 26.33 26.74 27.11 25.55 23.51 24.85 25.36 25.52 26.98 27.48 27.15 27.96 28.35 28.46 29.09 28.74 28.28 27.70 28.10 27.06 27.06 27.46 26.48 26.42 25.35 25.77 26.67 26.56 25.49 25.60 25.17 25.34 24.16 24.18 24.57 24.58 24.60 23.55 21.92 22.83 23.69 24.24 23.03 20.81 21.36 23.53 25.24 24.19 22.07 22.04 21.28 21.74 22.08 22.29 22.25 23.43 21.72 21.80 22.19 22.08 22.19 22.04 22.01 22.56 23.65 23.95 23.91 23.13 22.27
26.19 25.02 23.61 25.08 25.67 25.48 26.08 25.41 26.02 27.11 27.33 25.93 25.56 25.25 24.84 24.96 26.31 26.70 26.73 26.60 28.27 27.51 27.84 28.75 28.43 27.29 26.73 25.34 25.51 24.78 24.89 25.50 26.29 26.09 24.17 26.49 26.35 26.44 26.14 25.22 23.28 23.62 24.41 24.15 23.74 23.70 23.04 23.05 22.47 24.79 25.77 22.90 21.86 21.28 22.24 21.71 20.66 20.94 20.66 21.76 21.79 22.24 23.12 23.31 22.48 21.39 21.44 22.04 22.10 21.64 21.04 21.42 22.79 22.88 23.23 22.93 22.32
24.75 24.95 24.66 25.46 25.94 25.96 25.21 25.80 25.28 25.62 26.36 26.47 24.97 25.57 25.52 25.05 25.42 26.48 26.69 26.36 27.57 27.28 27.81 28.72 28.09 27.01 25.06 24.39 25.11 26.47 26.39 26.55 25.38 27.09 24.56 26.31 26.25 26.43 26.89 24.41 24.39 25.36 22.95 23.94 23.26 23.99 23.02 22.57 22.01 23.89 22.19 20.07 21.28 21.57 21.95 21.37 21.66 21.39 21.25 22.21 22.92 21.65 22.83 22.54 21.88 21.37 21.35 21.44 20.80 20.80 20.16 21.09 21.39 22.63 23.61 22.64 22.43
25.78 26.89 26.21 25.82 25.21 25.42 25.45 26.24 25.99 25.90 26.16 26.60 25.58 25.23 25.59 26.00 25.87 27.11 27.72 26.68 26.97 27.70 28.37 28.00 27.57 26.55 25.22 26.27 24.06 28.06 27.47 26.43 26.60 26.01 25.04 26.71 23.66 24.78 25.95 24.71 24.28 25.36 23.39 24.23 22.39 22.46 22.60 23.03 22.35 22.44 22.38 19.66 21.72 22.75 23.68 22.47 22.33 21.92 22.35 22.76 22.75 22.80 21.91 21.66 22.02 23.14 23.14 21.51 21.02 21.56 20.28 20.67 21.78 21.62 23.13 21.89 21.38
24.42 26.62 26.06 25.36 25.12 25.28 24.84 26.91 27.67 27.60 27.68 26.68 27.03 26.85 26.31 27.22 26.63 27.93 27.66 28.04 27.53 27.37 27.17 27.89 27.23 28.24 27.38 24.37 25.42 26.73 26.03 25.72 25.94 25.40 25.53 24.90 25.09 24.39 24.78 24.42 25.09 23.68 21.94 24.10 24.25 22.92 23.91 21.68 21.18 22.56 22.90 21.01 22.15 22.77 24.17 24.37 23.09 21.99 21.08 21.08 21.22 21.13 21.55 20.70 21.76 22.58 23.69 23.24 22.37 22.51 21.78 20.33 21.62 22.26 21.80 21.34 21.16
25.43 26.74 26.67 26.80 26.15 24.29 26.36 28.28 28.56 28.40 27.52 26.79 26.87 27.79 27.54 27.72 27.64 27.59 28.56 28.29 27.24 28.09 27.32 26.55 27.12 27.23 26.51 26.08 24.31 26.31 26.10 25.63 24.79 26.01 26.09 24.92 24.57 23.44 24.79 26.13 26.33 25.73 21.67 23.12 23.07 23.09 22.86 21.55 21.49 23.62 24.18 22.41 22.93 21.59 22.67 24.31 23.53 23.24 23.73 22.97 21.09 22.56 22.03 21.03 21.51 22.51 23.02 22.52 22.29 22.31 22.09 20.38 19.95 21.14 21.66 21.41 21.18
27.77 27.63 28.40 28.21 28.46 27.81 28.52 28.80 29.21 29.26 28.47 28.24 27.95 28.16 28.78 29.05 28.61 28.45 27.52 27.94 27.82 27.96 28.03 27.09 26.29 25.53 26.24 27.18 25.14 24.53 24.35 24.74 24.59 24.41 24.65 23.21 23.06 23.49 24.35 25.43 26.53 25.62 22.74 24.11 24.05 24.12 23.49 23.02 20.16 21.09 22.65 23.60 22.60 21.81 22.30 22.77 23.93 22.33 21.64 23.42 24.78 23.60 21.88 21.31 22.18 22.07 23.13 22.08 22.10 21.08 21.01 19.93 19.87 19.88 20.82 22.53 21.70
27.98 27.77 28.81 28.55 28.44 27.49 28.06 27.95 29.00 29.09 29.32 28.28 27.89 28.49 29.32 28.90 28.87 28.01 28.18 27.68 26.46 26.86 26.49 27.25 27.24 24.55 25.31 25.90 25.15 24.31 22.45 23.63 24.41 22.54 21.66 24.10 23.94 24.38 24.23 23.63 24.10 25.13 23.92 24.40 24.20 23.91 23.82 22.65 21.46 20.59 22.15 23.45 23.34 20.64 19.26 20.16 22.86 20.91 20.72 21.24 24.06 25.61 23.07 21.51 21.07 21.13 22.09 20.96 20.54 20.70 20.39 21.13 20.82 19.96 21.23 22.13 21.58
27.70 27.49 28.27 28.65 28.13 27.71 28.31 28.93 28.99 28.66 28.90 28.63 27.88 28.55 29.19 29.07 27.96 28.18 27.68 28.01 27.64 27.82 27.19 26.99 26.37 25.93 25.71 24.88 25.28 24.63 22.64 21.72 22.66 23.19 23.58 22.85 23.61 23.55 23.17 23.44 22.28 24.08 25.61 25.11 25.48 25.88 25.07 23.04 22.68 21.70 21.92 22.32 19.88 19.43 21.30 22.49 24.10 22.90 22.30 22.50 23.67 23.08 23.39 22.02 20.46 20.83 21.14 20.89 20.96 19.37 20.20 19.98 20.57 20.26 20.66 21.34 22.61
27.77 26.94 27.49 27.81 28.47 28.16 29.06 28.67 28.88 29.17 28.57 28.67 28.30 28.43 28.71 29.01 28.66 28.28 27.00 27.98 27.58 27.73 26.25 26.25 26.11 25.42 24.11 26.12 24.98 22.60 23.60 20.48 20.66 23.20 21.48 22.18 22.56 22.62 24.17 23.91 23.89 22.47 23.53 23.37 23.46 23.21 23.81 24.76 23.68 22.58 21.52 23.02 21.54 20.01 21.81 23.02 24.55 23.41 23.87 22.56 23.86 22.79 22.10 23.73 21.25 21.87 21.78 20.65 20.50 19.58 18.49 20.05 19.90 21.11 21.86 21.57 21.04
27.13 25.99 27.22 27.11 27.99 27.77 28.85 28.64 29.41 29.34 28.88 28.46 28.62 28.95 29.08 29.36 28.80 29.05 29.11 28.62 27.75 27.01 24.90 26.36 26.31 25.86 26.87 25.57 23.80 23.35 24.90 23.94 22.57 22.70 22.70 21.86 23.19 22.38 23.64 23.97 23.22 23.21 21.99 22.44 24.76 24.42 24.66 24.62 24.09 23.47 20.73 22.06 21.12 21.75 21.44 20.43 21.35 23.52 24.63 22.01 22.57 23.14 22.64 21.78 20.39 20.73 21.56 21.71 21.04 20.37 18.09 19.68 18.94 20.15 20.94 20.49 19.89
27.64 25.89 26.23 25.87 26.95 27.56 28.07 28.09 28.89 29.93 29.22 29.13 28.96 28.97 29.44 29.42 29.24 29.17 29.21 29.26 29.29 26.74 26.45 26.64 28.03 26.53 26.79 26.87 25.83 24.98 26.10 26.20 22.64 22.06 22.99 24.10 22.83 22.44 22.72 22.62 23.74 23.39 20.74 22.98 24.07 23.70 24.55 24.93 23.96 23.99 21.91 20.90 19.18 21.04 21.19 20.78 19.83 22.70 23.68 22.49 22.51 21.77 21.59 22.74 22.35 19.63 20.95 21.25 21.05 20.18 19.57 20.06 19.70 19.15 19.79 18.87 19.50
