main/data/irradiance/20.10.2023.grid
ncols 839
nrows 679
xllcenter 112.0500
yllcenter -43.9500
cellsize 0.0500
nodata_value 99999.90
[rows 442 to 475 of 679, columns 616 to 692 of 839]
25.22 25.29 25.15 25.03 25.24 25.45 25.36 25.55 25.40 25.67 25.61 25.68 25.69 25.56 25.60 25.48 25.45 25.59 25.62 25.48 25.78 25.81 25.79 25.63 25.41 25.37 25.41 25.47 25.69 25.94 26.08 26.03 25.97 25.94 25.84 25.92 25.91 26.05 26.10 26.08 26.09 26.01 25.93 25.87 25.28 25.74 25.97 26.08 26.06 26.10 26.10 26.11 26.11 26.07 25.88 25.78 25.96 25.79 25.90 26.03 25.81 25.87 26.01 25.98 25.96 25.93 26.05 25.99 25.97 26.01 26.00 25.96 25.99 25.93 25.95 25.75 25.90
25.18 25.00 25.33 25.59 25.42 25.21 25.44 25.26 25.37 25.41 25.34 25.63 25.67 25.71 25.69 25.40 25.44 25.69 25.60 25.52 25.61 25.83 25.78 25.67 25.49 25.48 25.34 25.44 25.40 25.66 25.73 25.80 26.03 25.95 26.04 26.07 26.12 26.12 26.13 26.12 26.08 26.08 26.04 26.02 25.58 25.81 26.04 26.06 26.05 26.06 26.09 26.08 26.04 26.00 25.53 25.61 25.97 25.88 25.94 25.83 25.94 25.87 25.86 25.85 25.95 26.01 25.88 25.98 26.03 26.03 25.93 26.02 25.88 25.75 25.62 25.63 25.86
25.38 25.35 25.40 25.49 25.42 25.61 25.62 25.54 25.30 25.65 25.66 25.63 25.60 25.67 25.89 25.67 25.60 25.64 25.68 25.52 25.54 25.72 25.81 25.65 25.46 25.58 25.67 25.59 25.79 26.03 26.09 25.98 25.94 25.94 26.12 26.12 26.11 26.06 26.04 26.04 26.06 26.08 26.03 26.08 25.93 25.79 26.03 26.07 25.99 26.06 26.10 26.08 26.04 25.92 25.34 25.86 25.84 25.84 25.76 25.79 25.78 25.80 25.85 25.72 25.85 25.98 25.74 25.90 25.99 25.99 26.03 25.87 25.79 25.81 25.73 25.67 25.54
25.37 25.43 25.46 25.32 25.44 25.34 25.26 25.30 25.43 25.50 25.36 25.58 25.44 25.55 25.86 25.82 25.87 25.80 25.69 25.77 25.66 25.47 25.38 25.43 25.50 25.38 25.54 25.68 25.78 25.96 26.11 26.13 26.04 25.89 26.07 26.08 26.07 26.08 26.08 26.04 26.09 26.07 26.09 26.10 25.72 25.94 26.03 25.91 25.57 26.01 26.06 26.08 26.08 26.01 25.70 25.81 25.96 25.83 25.84 25.83 25.83 25.75 25.84 25.80 25.97 25.93 25.81 25.61 25.81 25.85 25.87 25.84 25.94 25.84 25.91 25.54 25.64
25.51 25.50 25.58 25.45 25.55 25.48 25.59 25.47 25.50 25.59 25.65 25.65 25.75 25.78 25.64 25.77 25.82 25.82 25.69 25.76 25.73 25.54 25.47 25.57 25.42 25.51 25.53 25.76 25.94 26.11 26.14 26.15 26.10 26.05 26.11 26.09 26.06 26.00 26.00 25.98 26.03 26.12 26.10 26.04 25.98 26.03 26.01 26.08 26.07 26.08 26.08 26.02 25.93 25.92 25.99 26.02 26.03 26.02 25.91 25.77 25.73 25.83 25.82 25.92 25.96 25.94 25.96 25.90 25.89 25.83 25.93 25.91 25.95 25.84 25.82 25.51 25.94
25.55 25.78 25.68 25.72 25.68 25.79 25.82 25.62 25.63 25.47 25.57 25.70 25.80 25.67 25.66 25.78 25.73 25.72 25.76 25.68 25.59 25.50 25.41 25.45 25.43 25.45 25.37 25.55 25.74 25.99 26.04 26.13 26.11 26.12 26.06 26.09 26.03 25.86 25.93 26.00 26.07 26.11 26.12 26.07 26.04 26.07 26.08 26.07 26.06 26.05 26.02 25.91 25.98 26.00 25.98 25.99 26.03 25.97 25.82 25.79 25.84 25.93 25.93 25.87 25.88 25.91 25.85 25.88 25.79 25.83 25.88 25.92 25.88 25.71 25.55 25.66 25.72
25.68 25.54 25.54 25.61 25.72 25.65 25.72 25.70 25.68 25.52 25.37 25.38 25.61 25.57 25.83 25.74 25.45 25.69 25.72 25.59 25.60 25.58 25.44 25.50 25.54 25.31 25.26 25.49 25.57 25.81 25.98 26.07 26.03 26.01 25.87 25.83 25.93 25.83 25.93 25.91 26.04 26.09 26.04 26.10 26.04 25.81 25.92 25.98 25.96 26.04 25.96 25.91 26.04 26.02 25.97 25.83 25.98 25.95 25.68 25.79 25.88 25.96 25.96 25.86 25.88 25.89 25.83 25.83 25.84 25.88 25.84 25.88 25.83 25.53 25.39 25.58 25.55
25.87 25.88 25.71 25.85 25.79 25.63 25.57 25.69 25.66 25.68 25.22 25.24 25.44 25.48 25.73 25.63 25.55 25.50 25.53 25.34 25.47 25.54 25.54 25.48 25.47 25.31 25.10 25.31 25.56 25.70 25.80 25.91 25.90 25.95 26.00 25.94 25.90 25.90 26.00 26.06 26.06 26.09 26.08 26.02 25.97 25.92 25.98 26.01 25.84 25.79 25.98 26.04 26.05 26.02 25.97 25.75 25.91 25.91 25.73 25.81 25.84 25.88 25.92 25.94 25.66 25.40 25.85 25.92 25.73 25.79 25.80 25.81 25.69 25.81 25.47 25.12 25.64
26.09 26.02 25.81 25.76 25.71 25.46 25.46 25.61 25.37 25.48 25.35 25.25 25.46 25.54 25.28 25.45 25.31 25.36 25.32 25.38 25.53 25.74 25.83 25.70 25.61 25.39 25.14 25.46 25.59 25.85 25.83 25.86 25.92 25.97 25.96 25.91 25.85 25.88 25.92 25.89 26.02 26.01 26.00 25.95 26.04 26.06 26.04 26.00 25.99 26.00 26.07 26.06 26.03 26.03 25.95 25.79 25.94 25.89 25.76 25.78 25.75 25.78 25.84 25.86 25.76 25.70 25.83 25.92 25.79 25.73 25.74 25.80 25.79 25.80 25.67 25.43 25.27
26.10 26.00 25.98 25.81 25.50 25.43 25.32 25.25 25.52 25.58 25.29 25.27 25.35 25.12 25.25 25.53 25.38 25.51 25.61 25.80 25.65 25.72 25.70 25.84 25.78 25.33 25.20 25.51 25.66 25.67 25.86 25.91 25.92 25.89 25.82 25.92 25.85 25.86 25.95 25.99 25.98 26.00 26.01 25.92 26.02 26.05 26.00 26.03 25.94 26.04 26.08 26.05 26.03 26.03 25.83 25.86 25.95 25.97 25.84 25.77 25.77 25.65 25.91 25.89 25.81 25.99 26.01 25.85 25.82 25.65 25.65 25.86 25.77 25.82 25.73 25.20 25.03
26.05 26.06 26.00 25.89 25.61 25.55 25.39 25.07 25.35 25.54 25.53 25.52 25.37 25.34 25.53 25.48 25.09 25.43 25.58 25.71 25.71 25.81 25.69 25.81 25.78 25.69 25.49 25.54 25.41 25.49 25.70 25.89 25.86 25.81 25.71 25.92 25.90 25.90 25.93 25.96 26.00 26.05 26.02 25.94 26.03 26.00 26.02 26.06 26.05 26.07 26.06 26.03 26.01 25.98 25.89 25.93 25.94 25.93 25.79 25.62 25.80 25.77 25.92 25.84 26.00 25.98 25.94 25.72 25.70 25.45 25.70 25.81 25.66 25.88 25.76 25.76 25.47
26.09 26.01 26.05 26.02 25.80 25.58 25.42 25.33 25.43 25.39 25.34 25.48 25.34 25.46 25.61 25.64 25.56 25.57 25.37 25.66 25.62 25.71 25.55 25.57 25.70 25.77 25.78 25.71 25.63 25.65 25.81 25.95 25.89 25.84 25.74 25.85 25.86 25.89 25.90 25.82 25.95 25.97 25.98 25.98 26.04 26.01 26.03 26.02 26.06 26.07 26.05 26.04 26.03 25.95 25.87 26.01 25.97 25.94 25.89 25.85 25.86 25.85 25.82 25.99 25.95 25.98 25.89 25.77 25.75 24.62 25.55 25.82 25.92 25.94 25.68 25.32 25.51
26.09 26.05 26.06 26.06 25.94 25.70 25.70 25.63 25.73 25.47 25.28 25.33 25.63 25.70 25.67 25.53 25.75 25.50 25.61 25.74 25.72 25.62 25.58 25.57 25.41 25.50 25.70 25.76 25.73 25.69 25.82 25.87 25.92 25.83 25.78 25.89 25.91 25.87 25.82 25.81 25.83 25.93 25.90 26.00 26.04 26.05 26.04 25.97 26.07 26.08 26.04 25.97 25.93 25.84 25.88 25.95 25.98 25.99 25.93 25.81 25.82 25.84 25.64 25.96 25.94 25.98 25.49 25.03 25.82 25.66 24.84 25.34 25.57 25.83 25.65 25.41 24.66
26.06 26.06 26.07 26.08 25.99 25.77 25.90 25.93 25.78 25.78 25.37 25.25 25.60 25.67 25.52 25.49 25.76 25.69 25.73 25.76 25.65 25.52 25.73 25.61 25.35 25.71 25.79 25.69 25.74 25.69 25.63 25.73 25.77 25.73 25.71 25.69 25.76 25.80 25.82 25.71 25.86 25.89 25.91 25.94 25.91 26.02 25.98 25.87 25.99 26.01 25.94 25.89 25.80 25.90 25.90 25.99 26.02 26.01 25.99 25.88 25.87 25.88 25.88 25.95 25.96 25.96 25.62 25.57 25.34 24.86 24.64 25.30 25.72 25.63 25.26 25.07 25.42
26.01 26.00 25.92 25.82 25.56 25.46 25.63 25.65 25.72 25.78 25.81 25.59 25.62 25.45 25.28 25.32 25.56 25.60 25.77 25.72 25.66 25.74 25.77 25.68 25.54 25.58 25.73 25.74 25.71 25.79 25.78 25.63 25.44 25.52 25.62 25.64 25.48 25.56 25.54 25.35 25.75 25.86 25.90 25.87 25.96 26.01 26.03 25.97 25.95 25.94 25.92 25.93 25.88 25.86 25.90 25.95 25.99 25.99 25.94 25.91 25.92 25.93 25.94 25.70 25.89 25.94 25.91 25.47 25.78 25.66 25.11 25.56 25.73 25.73 25.71 25.52 25.44
26.00 25.93 25.99 25.71 25.38 25.22 25.42 25.46 25.60 25.57 25.79 25.75 25.64 25.57 25.41 25.33 25.51 25.39 25.35 25.47 25.59 25.78 25.72 25.65 25.62 25.74 25.66 25.62 25.63 25.71 25.63 25.39 25.25 25.22 25.26 25.42 25.39 25.27 25.35 25.23 25.48 25.67 25.76 25.88 25.88 25.97 26.03 26.04 26.01 25.99 25.96 25.98 25.98 25.95 25.83 25.89 25.93 25.97 25.96 25.94 25.86 25.96 25.97 25.64 24.83 25.48 25.91 25.02 25.82 25.64 25.29 25.69 25.72 24.81 25.25 25.23 25.07
25.86 25.96 25.88 25.91 25.63 25.18 25.24 25.37 25.47 25.56 25.67 25.77 25.73 25.64 25.60 25.46 25.53 25.16 25.06 25.36 25.40 25.63 25.60 25.62 25.67 25.56 25.67 25.59 25.54 25.41 25.57 25.38 25.34 25.23 24.82 25.21 25.42 25.36 25.43 25.08 25.19 25.45 25.59 25.68 25.82 25.90 25.97 25.99 25.96 25.96 25.95 25.95 25.94 25.93 25.91 25.88 25.97 25.98 25.97 25.96 25.91 25.88 25.74 25.86 25.33 25.38 25.92 25.51 24.93 25.34 25.01 24.88 24.69 25.53 25.58 25.76 25.43
25.95 26.01 26.02 25.97 25.82 25.54 25.56 25.56 25.60 25.71 25.81 25.82 25.82 25.76 25.67 25.46 25.38 25.24 25.05 25.21 25.40 25.25 25.46 25.61 25.79 25.54 25.50 25.69 25.47 25.54 25.50 25.34 25.42 25.27 25.22 25.08 25.46 25.30 25.16 25.11 25.21 25.31 25.54 25.64 25.66 25.74 25.86 25.87 25.92 25.93 25.89 25.77 25.79 25.72 25.96 25.98 25.98 25.97 25.96 25.94 25.95 25.90 25.87 25.88 25.75 25.84 25.94 25.88 25.74 25.54 25.33 24.54 25.50 25.79 25.77 25.29 25.50
25.96 26.05 26.02 26.01 26.01 25.81 25.75 25.81 25.78 25.79 25.85 25.87 25.77 25.67 25.66 25.51 24.98 25.17 25.17 25.30 25.11 25.17 24.96 25.23 25.56 25.22 25.26 25.67 25.63 25.47 25.35 25.13 25.12 25.16 25.42 25.35 25.06 25.13 24.79 24.92 25.12 25.12 25.17 25.34 25.39 25.50 25.61 25.51 25.80 25.69 25.77 25.81 25.76 25.92 25.97 25.97 25.94 25.92 25.92 25.92 25.92 25.92 25.93 25.94 25.93 25.91 25.93 25.90 25.84 26.01 25.62 24.98 25.59 25.48 25.48 25.15 25.66
26.01 26.07 26.03 26.00 25.96 25.84 25.78 25.98 25.94 25.88 25.88 25.85 25.70 25.63 25.72 25.51 25.46 25.54 25.40 25.35 25.12 25.48 25.49 25.39 25.66 25.56 25.85 25.27 25.20 25.21 25.46 25.31 25.69 25.66 25.16 25.00 25.04 24.94 24.90 25.04 24.99 24.90 24.88 25.28 25.24 25.11 25.16 25.27 25.53 25.77 25.72 25.87 25.91 25.93 25.93 25.92 25.93 25.91 25.91 25.93 25.92 25.92 25.91 25.90 25.76 25.66 25.85 25.78 25.45 25.84 25.74 25.31 25.29 25.30 25.37 25.12 25.17
26.02 26.09 25.95 25.93 25.81 25.73 25.78 25.98 25.90 25.80 25.80 25.87 25.92 25.93 25.90 25.80 25.87 25.74 25.19 24.87 25.02 25.08 25.15 25.52 24.99 24.91 25.29 25.29 25.19 25.15 25.10 25.45 25.49 25.37 25.32 25.16 24.96 25.08 24.99 24.75 24.75 24.76 24.82 24.99 24.92 25.00 24.74 24.91 25.27 25.46 25.33 25.48 25.71 25.79 25.68 25.90 25.88 25.88 25.90 25.92 25.91 25.82 25.86 25.84 25.02 25.34 25.81 25.62 24.45 25.32 25.25 25.15 24.80 24.01 24.16 25.06 24.96
25.98 25.96 25.95 25.88 25.81 25.61 25.88 25.96 25.83 25.49 25.24 25.56 25.94 25.95 25.87 25.88 25.78 25.41 24.85 25.25 25.57 25.63 25.74 25.63 25.53 25.65 25.29 25.36 25.44 25.44 25.08 25.33 25.45 25.29 25.39 25.25 25.11 25.06 25.00 24.91 24.85 24.95 25.01 25.08 25.16 25.14 25.09 24.97 24.84 25.22 25.14 25.14 25.42 25.06 25.16 25.43 25.62 25.75 25.83 25.91 25.85 25.49 25.70 25.20 24.96 24.91 25.01 25.51 24.92 25.17 25.35 25.25 25.09 23.32 24.37 24.94 25.17
25.96 26.04 25.99 26.01 25.94 25.93 25.91 25.80 25.63 25.36 25.16 25.34 25.87 25.88 25.83 25.59 25.50 25.33 24.99 25.60 25.74 25.74 25.76 25.84 25.75 25.71 25.65 25.47 25.40 25.49 25.07 25.33 25.39 25.49 25.33 25.25 25.24 25.01 25.00 24.84 24.90 25.01 25.11 25.09 25.14 25.09 24.92 24.79 24.71 24.62 24.36 24.79 25.08 25.29 24.96 25.22 25.11 25.46 25.68 25.77 25.43 25.67 25.80 25.62 25.48 24.63 25.05 24.86 25.06 25.01 24.75 25.35 24.97 23.13 24.32 24.61 24.84
25.94 26.01 25.97 25.99 25.92 25.74 25.58 25.31 25.40 25.20 25.39 25.29 25.83 25.77 25.54 25.51 25.27 25.32 25.25 25.54 25.66 25.82 25.73 25.70 25.80 25.75 25.71 25.69 25.54 25.25 25.16 25.48 25.43 25.50 25.30 25.25 25.16 24.83 24.79 24.93 24.81 24.86 25.24 25.15 24.99 25.01 24.88 24.91 24.73 24.55 24.65 24.85 24.84 24.78 24.85 24.94 25.06 25.27 25.38 25.40 25.49 24.93 24.69 25.13 25.21 24.70 24.52 24.49 24.50 24.98 25.20 25.37 24.47 23.91 24.64 24.05 23.97
25.98 25.97 25.99 25.99 25.90 25.64 25.60 25.67 25.71 25.48 25.62 25.61 25.25 25.45 25.57 25.56 25.44 25.47 25.71 25.52 25.73 25.68 25.73 25.73 25.69 25.70 25.81 25.73 25.36 25.01 25.21 25.09 25.06 25.33 25.52 25.20 25.19 24.97 24.82 24.86 24.81 24.82 25.03 25.07 25.12 25.06 25.03 25.06 25.02 24.79 24.69 24.86 24.95 25.19 25.46 25.39 25.39 25.00 25.35 25.25 25.47 25.08 25.43 25.16 24.81 24.87 24.21 25.34 24.38 24.87 25.12 24.73 24.83 24.78 24.54 24.26 24.79
26.05 26.02 25.98 25.89 25.32 25.30 25.24 25.46 25.55 25.75 25.91 25.76 25.70 25.43 25.87 25.70 25.58 25.75 25.72 25.78 25.73 25.51 25.25 25.49 25.76 25.75 25.79 25.69 25.02 25.17 24.89 25.00 24.64 24.94 25.18 25.20 25.24 25.37 25.21 24.72 24.70 24.80 24.88 25.33 25.32 24.96 24.99 25.12 25.17 25.12 25.16 25.43 25.34 25.03 25.20 25.43 25.55 25.09 24.72 24.68 25.16 25.32 25.36 25.09 24.81 24.20 24.50 25.64 24.66 24.44 24.71 24.50 24.36 24.31 24.53 23.84 24.70
26.03 26.02 26.03 25.90 25.33 25.26 25.24 25.43 25.41 25.47 25.90 25.98 25.95 25.93 25.80 25.80 25.82 25.79 25.83 25.85 25.75 25.63 25.26 25.20 25.58 25.56 25.62 25.39 25.28 25.11 25.26 25.25 24.90 24.76 24.67 24.92 25.28 25.19 25.15 24.98 25.16 24.77 24.81 24.92 25.11 24.91 24.73 24.88 24.87 25.08 25.05 25.32 25.16 25.26 25.39 25.39 25.19 24.69 24.94 24.19 24.25 25.03 25.62 24.51 23.70 24.13 23.59 23.36 24.31 25.06 24.25 24.02 24.33 24.01 24.39 24.43 24.57
25.99 25.97 25.97 25.81 25.29 25.63 25.38 25.31 25.13 25.21 25.78 25.88 25.83 25.89 25.87 25.60 25.63 25.76 25.63 25.55 25.38 25.34 25.51 25.27 25.27 25.25 25.40 25.19 25.12 25.21 25.13 25.15 25.23 25.04 24.96 24.92 25.03 25.14 25.17 25.19 24.83 25.03 25.10 25.24 25.05 24.76 24.75 24.79 25.29 25.62 25.29 25.62 25.44 25.39 25.16 24.66 24.98 24.78 23.33 23.41 23.80 24.77 25.78 25.07 23.36 22.82 23.51 23.83 24.91 25.58 24.55 24.37 23.82 24.61 24.48 24.11 24.34
25.96 25.99 25.85 25.23 25.23 25.54 25.63 25.16 25.02 25.38 25.83 25.87 25.68 25.59 25.82 25.68 25.57 25.48 25.36 25.44 25.37 25.43 25.47 25.58 25.53 25.34 25.19 25.09 25.03 25.15 25.14 25.13 25.10 24.92 24.99 25.18 25.26 25.27 25.36 25.17 24.95 24.91 25.06 24.97 25.11 25.11 25.17 25.44 25.58 25.57 25.37 25.48 25.50 25.01 24.14 23.43 24.73 23.91 23.53 23.60 24.19 25.63 25.46 24.52 23.55 24.32 23.62 24.32 23.26 23.66 24.68 24.63 24.26 24.71 23.67 24.34 24.57
26.01 25.98 25.85 25.39 25.20 25.22 25.52 25.60 25.42 25.75 25.84 25.80 25.74 25.65 25.61 25.60 25.68 25.63 25.52 25.31 25.22 25.44 25.40 25.55 25.46 25.29 25.08 25.19 25.23 24.98 24.92 25.00 24.78 24.84 25.20 25.13 25.10 25.07 24.89 24.82 24.88 24.80 24.94 25.03 24.93 24.94 24.95 25.48 26.02 25.25 25.29 25.17 24.63 24.23 23.87 24.08 23.95 24.19 24.31 24.29 23.92 25.37 24.33 24.30 24.21 24.07 23.27 23.41 23.54 23.63 24.32 24.55 24.28 23.98 23.49 24.74 25.04
25.89 25.80 25.48 25.31 25.37 24.96 25.38 25.61 25.67 25.79 25.84 25.88 25.84 25.70 25.60 25.43 25.49 25.41 25.35 25.37 25.22 25.22 25.20 25.32 25.27 25.19 25.27 25.37 25.27 25.16 24.93 24.98 25.05 25.03 25.16 25.00 24.98 25.11 24.98 24.69 24.80 24.67 24.94 25.13 24.74 25.07 25.06 25.19 25.41 25.45 25.27 24.15 24.09 23.97 24.28 24.46 24.24 23.86 24.37 24.05 23.56 23.98 24.34 24.04 23.84 24.85 24.30 24.13 24.83 25.08 24.71 24.01 23.97 23.90 24.16 24.29 24.44
25.64 25.62 25.59 25.47 25.45 25.63 25.73 25.84 25.87 25.91 25.87 25.85 25.85 25.85 25.72 25.61 25.34 25.41 25.46 25.16 25.01 25.09 25.07 24.94 25.14 25.05 25.20 25.34 25.30 25.29 25.15 25.16 24.96 24.96 24.98 24.84 24.87 25.15 25.10 25.14 24.96 24.70 24.97 25.12 25.27 25.45 25.56 25.40 24.98 24.99 24.88 24.10 24.44 24.10 23.77 23.97 23.81 23.68 24.36 24.12 23.88 22.99 23.92 24.64 23.88 24.92 25.09 25.10 25.50 25.70 24.05 24.37 24.15 24.44 24.23 24.43 24.70
25.91 25.73 25.82 25.64 25.21 25.35 25.69 25.88 25.90 25.91 25.85 25.87 25.88 25.80 25.54 25.38 25.51 25.48 25.38 25.24 25.11 25.01 24.92 24.98 24.97 25.25 25.41 25.34 25.33 25.35 25.22 25.07 24.85 24.65 24.84 24.62 24.75 24.68 25.23 25.28 25.39 25.59 25.54 25.45 25.55 25.82 25.32 25.15 25.00 25.18 25.27 25.00 23.79 24.00 23.70 23.54 23.46 23.38 24.33 23.21 23.03 23.51 23.83 24.34 24.31 24.98 24.54 25.10 25.73 25.73 24.77 23.84 24.12 24.60 24.14 23.78 24.68
25.83 25.45 25.39 25.54 25.47 25.58 25.66 25.89 25.89 25.89 25.77 25.86 25.82 25.57 25.40 25.50 25.50 25.37 25.30 25.34 25.24 25.00 25.05 24.91 25.05 25.16 25.31 25.24 25.17 25.22 24.85 24.96 24.85 24.72 24.60 24.75 24.73 25.14 25.40 25.71 25.84 25.73 25.20 25.22 25.38 25.27 25.00 25.01 25.05 24.99 25.03 24.38 24.26 23.84 24.12 23.19 24.12 24.22 23.49 23.92 23.40 24.44 23.89 24.15 24.51 25.30 25.45 25.55 25.58 25.54 24.93 23.95 24.47 24.86 24.76 23.89 23.88
