main/data/irradiance/20.12.2023.grid
ncols 839
nrows 679
xllcenter 112.0500
yllcenter -43.9500
cellsize 0.0500
nodata_value 99999.90
[rows 408 to 441 of 679, columns 539 to 615 of 839]
31.81 31.82 31.86 31.82 31.83 31.85 31.79 31.83 31.79 31.78 31.74 31.62 31.71 31.75 31.82 31.85 31.91 32.15 32.15 32.20 31.85 32.10 31.50 31.40 31.23 31.31 31.27 31.66 31.56 31.59 31.52 31.51 31.24 31.39 31.66 31.69 31.56 31.52 31.53 31.66 31.65 31.38 31.02 31.38 31.34 31.71 31.64 31.15 30.30 31.05 30.91 30.49 29.97 30.08 30.03 30.72 30.57 30.35 30.14 30.56 30.38 29.66 29.53 29.39 29.36 28.64 27.83 29.15 28.03 27.26 28.28 27.95 28.65 28.71 28.25 28.36 28.28
31.81 31.80 31.82 31.83 31.85 31.85 31.89 31.79 31.81 31.82 31.74 31.71 31.71 31.83 31.85 31.82 32.13 32.29 32.23 30.74 30.81 32.20 31.65 31.48 31.16 31.31 31.47 31.56 31.35 31.27 31.41 31.50 31.52 31.58 31.73 31.71 31.61 31.61 31.61 31.86 31.74 31.61 31.52 31.50 31.42 31.42 31.02 30.53 30.90 31.28 30.49 30.27 29.81 30.66 30.92 30.62 30.20 30.24 30.31 30.56 30.07 30.17 30.16 29.86 29.61 28.40 27.47 27.95 27.83 27.65 28.01 28.64 28.50 28.61 28.36 27.09 27.98
31.75 31.83 31.85 31.82 31.82 31.83 31.87 31.92 31.95 31.82 31.73 31.77 31.69 31.84 32.10 32.21 32.30 32.24 32.13 31.56 31.62 31.76 31.48 31.36 31.44 31.57 31.57 31.56 31.47 31.43 31.36 31.54 31.58 31.61 31.60 31.55 31.52 31.77 31.74 31.92 31.86 31.65 31.71 31.68 31.66 31.38 30.91 30.98 30.93 31.10 30.62 30.48 31.08 31.23 31.13 30.96 30.58 30.08 29.96 30.31 30.58 30.68 30.18 29.99 30.13 29.24 27.73 27.77 28.46 28.69 28.14 28.59 28.81 27.82 28.59 27.51 27.64
31.84 31.81 31.84 31.84 31.80 31.84 31.94 31.87 31.92 31.80 31.74 31.77 31.74 31.64 32.17 32.17 32.11 32.06 30.74 29.91 32.24 30.96 30.90 31.15 31.51 31.60 31.57 31.52 31.52 31.41 31.48 31.48 31.32 31.47 31.50 31.63 31.54 31.67 31.73 31.69 31.78 31.86 31.93 31.65 31.42 31.57 31.26 31.10 30.85 30.74 30.86 31.19 31.22 31.11 31.04 31.07 30.73 29.83 29.91 30.30 30.53 30.71 30.33 30.63 30.04 29.56 29.38 28.50 29.15 29.81 29.14 28.54 29.18 28.79 28.32 27.10 28.61
31.83 31.84 31.87 31.85 31.89 31.91 31.85 31.75 31.76 31.72 31.73 31.80 31.92 32.34 29.72 30.18 30.23 28.41 28.04 29.50 32.02 31.32 31.08 31.28 31.33 31.20 31.34 31.45 31.47 31.45 31.55 31.61 31.40 31.37 31.39 31.42 31.57 31.55 31.53 31.48 31.59 31.85 31.96 31.58 31.61 31.71 31.50 31.44 31.09 30.74 31.11 31.10 31.23 31.32 31.24 31.14 30.74 30.27 30.42 30.43 30.75 30.69 30.53 30.48 29.82 29.89 30.41 29.71 29.76 29.73 29.65 28.97 29.22 29.35 28.75 27.97 29.67
31.85 31.81 31.90 31.90 31.95 31.91 31.89 31.58 31.64 31.66 31.73 31.78 32.01 32.20 24.21 27.76 28.68 27.86 30.60 28.91 31.49 31.48 31.04 31.10 31.23 31.32 31.29 31.33 31.31 31.38 31.48 31.48 31.15 31.39 31.40 31.39 31.45 31.53 31.54 31.51 31.46 31.31 31.77 31.91 31.89 31.76 31.59 31.56 31.39 31.32 31.00 31.29 31.35 31.49 31.52 31.46 30.93 30.99 30.94 30.80 30.93 30.65 30.56 30.15 29.94 30.20 30.13 29.49 29.34 29.19 29.60 29.56 29.28 28.41 29.27 28.67 28.32
31.80 31.89 31.87 31.93 31.95 31.93 31.83 31.83 31.73 31.81 31.79 31.21 30.74 26.92 24.63 26.53 26.88 27.43 27.45 29.13 32.21 31.44 31.01 30.96 31.39 31.36 31.55 31.41 31.32 31.35 31.33 31.39 31.47 31.49 31.41 31.45 31.42 31.37 31.34 31.53 31.41 31.29 31.40 31.92 31.83 31.73 31.59 31.50 31.40 31.44 31.10 31.39 31.61 31.59 31.54 31.68 31.59 31.42 31.40 31.12 31.24 31.10 31.15 30.38 30.36 30.46 30.23 30.05 29.49 29.04 28.99 28.91 29.03 29.36 29.16 28.90 28.09
31.91 31.90 31.83 31.96 31.94 31.93 31.91 31.86 31.85 31.82 31.73 29.07 31.76 25.83 29.90 32.21 29.65 31.53 29.40 30.08 31.08 31.28 31.23 31.18 31.27 31.33 31.43 31.61 31.38 31.36 31.43 31.36 31.44 31.44 31.48 31.31 31.14 31.39 31.49 31.53 31.43 31.41 31.52 31.54 31.60 31.66 31.61 31.47 31.51 31.28 31.46 31.39 31.64 31.71 31.63 31.55 31.56 31.35 31.28 31.34 31.22 31.61 31.67 31.10 30.51 30.53 30.60 30.73 30.04 29.32 28.89 28.91 28.89 29.33 29.40 29.63 28.65
31.93 31.89 31.91 31.85 31.89 31.91 31.94 31.90 31.83 31.96 32.20 29.17 28.99 25.50 31.40 31.89 29.29 27.98 31.93 29.01 31.64 31.54 31.46 31.15 31.10 31.39 31.49 31.56 31.43 31.38 31.36 31.21 31.37 31.37 31.26 31.38 31.35 31.56 31.53 31.56 31.43 31.30 31.43 31.54 31.59 31.46 31.61 31.58 31.56 31.51 31.51 31.46 31.45 31.73 31.68 31.57 31.60 31.58 31.43 31.58 31.60 31.77 31.56 31.55 31.01 31.16 31.51 31.23 31.13 30.02 29.29 29.32 29.10 28.74 28.78 29.83 29.59
31.91 31.89 31.90 31.82 31.92 31.91 31.94 31.79 31.79 31.93 32.19 32.28 28.49 24.64 32.24 32.34 32.03 29.16 31.34 29.28 31.30 31.30 31.76 31.49 31.39 31.02 31.32 31.49 31.44 31.48 31.52 31.43 31.36 31.23 31.18 31.36 31.60 31.43 31.46 31.46 31.54 31.52 31.62 31.61 31.56 31.45 31.45 31.46 31.44 31.62 31.69 31.50 31.66 31.78 31.73 31.70 31.64 31.69 31.68 31.68 31.56 31.41 31.52 31.35 31.38 31.66 31.71 31.58 31.74 30.22 29.87 30.16 30.26 30.07 30.28 30.21 29.72
31.93 31.88 31.94 31.90 31.93 31.95 31.93 31.79 31.88 31.92 31.98 31.87 31.39 31.81 26.99 31.85 32.48 32.29 28.45 30.82 31.31 31.70 31.15 31.10 31.04 31.05 31.16 31.21 31.40 31.29 31.22 31.07 31.22 31.39 31.31 31.19 31.36 31.42 31.52 31.57 31.53 31.54 31.41 31.45 31.57 31.62 31.61 31.52 31.61 31.61 31.70 31.77 31.71 31.75 31.79 31.70 31.72 31.66 31.39 31.65 31.69 31.70 31.61 31.57 31.78 31.79 31.64 31.61 31.49 30.71 30.57 31.06 31.42 31.43 31.01 30.56 29.87
31.95 31.91 32.00 31.95 32.01 32.01 32.00 31.92 31.81 31.75 31.91 31.90 31.13 30.25 32.01 32.36 32.12 32.17 31.69 31.62 31.24 31.44 31.38 31.86 31.02 30.75 31.23 31.43 31.39 31.26 31.13 31.07 31.37 31.54 31.48 31.45 31.54 31.59 31.60 31.60 31.48 31.53 31.47 31.31 31.37 31.51 31.60 31.48 31.73 31.74 31.71 31.71 31.68 31.66 31.61 31.61 31.68 31.50 31.63 31.57 31.59 31.69 31.63 31.47 31.40 31.34 31.46 31.45 31.61 31.67 31.56 31.35 31.47 31.57 31.37 31.11 30.69
31.93 32.01 32.02 32.00 32.00 31.93 32.02 31.93 31.91 31.88 31.93 31.79 31.75 31.48 32.06 31.91 31.17 31.72 31.89 30.49 31.10 31.47 31.33 31.35 31.12 31.29 31.34 31.43 31.26 31.31 31.18 31.12 31.19 31.03 31.03 31.23 31.36 31.41 31.35 31.25 31.35 31.24 31.05 31.01 31.24 31.53 31.41 31.51 31.77 31.77 31.54 31.61 31.68 31.58 31.70 31.65 31.59 31.53 31.62 31.71 31.57 31.53 31.60 31.56 31.30 31.21 31.46 31.57 31.60 31.70 31.87 31.75 31.60 31.84 31.62 31.65 31.10
31.91 32.04 32.07 32.08 32.00 32.03 32.09 31.95 31.96 31.97 31.94 31.95 31.88 31.84 31.75 31.78 31.42 31.15 31.71 31.49 31.46 31.46 31.38 31.55 31.58 31.48 31.43 31.28 31.27 31.38 31.32 31.20 31.17 31.20 31.14 31.36 31.46 31.50 31.54 31.42 31.47 31.35 31.09 30.98 31.07 31.61 31.49 31.63 31.75 31.74 31.51 31.52 31.57 31.65 31.71 31.71 31.66 31.40 31.48 31.76 31.54 31.64 31.64 31.74 31.55 31.60 31.54 31.58 31.65 31.72 31.79 31.76 31.89 31.92 31.74 31.78 31.70
31.91 31.95 32.01 32.04 31.98 32.06 32.03 32.02 31.96 32.04 32.00 31.97 32.00 31.98 31.79 31.85 31.84 31.74 31.64 31.50 31.45 31.25 31.28 31.59 31.60 31.57 31.62 31.46 31.44 31.34 31.44 31.41 31.32 31.39 31.23 31.45 31.47 31.46 31.62 31.57 31.57 31.50 31.34 31.37 31.30 31.66 31.51 31.49 31.56 31.76 31.69 31.63 31.65 31.66 31.66 31.67 31.51 31.23 31.61 31.50 31.43 31.47 31.61 31.63 31.58 31.69 31.68 31.63 31.66 31.61 31.75 31.81 31.86 31.92 31.89 31.85 31.90
31.85 31.96 31.95 32.02 31.92 31.91 31.97 31.95 31.93 32.02 32.04 32.05 32.00 31.98 31.94 31.96 31.76 31.76 31.71 31.65 31.65 31.51 31.55 31.70 31.42 31.80 31.59 31.56 31.56 31.52 31.52 31.56 31.39 31.52 31.42 31.47 31.53 31.38 31.52 31.61 31.54 31.50 31.34 31.18 31.46 31.75 31.65 31.49 31.52 31.80 31.73 31.56 31.65 31.61 31.69 31.66 31.70 31.54 31.42 31.48 31.67 31.47 31.52 31.48 31.50 31.60 31.77 31.73 31.66 31.74 31.71 31.87 31.85 31.89 31.81 31.78 31.86
31.86 31.94 31.99 32.01 31.95 32.01 32.03 32.08 32.07 32.09 32.03 32.01 31.98 31.94 32.02 31.88 31.83 31.81 31.81 31.80 31.74 31.63 31.61 31.67 31.53 31.81 31.69 31.66 31.68 31.56 31.57 31.57 31.40 31.50 31.47 31.52 31.50 31.44 31.51 31.73 31.72 31.57 31.39 31.19 31.52 31.73 31.51 31.58 31.64 31.84 31.77 31.66 31.65 31.63 31.60 31.78 31.77 31.62 31.48 31.48 31.66 31.44 31.49 31.53 31.53 31.60 31.81 31.87 31.78 31.68 31.72 31.80 31.91 31.88 31.96 31.92 31.88
31.91 31.99 31.99 32.04 31.91 31.87 31.97 32.00 32.08 32.01 31.99 31.98 31.91 31.96 31.93 31.87 31.73 31.76 31.75 31.74 31.75 31.67 31.64 31.67 31.66 31.72 31.69 31.68 31.65 31.54 31.57 31.54 31.31 31.41 31.44 31.48 31.51 31.53 31.46 31.52 31.65 31.59 31.49 31.05 31.41 31.75 31.62 31.59 31.65 31.63 31.87 31.74 31.66 31.60 31.73 31.76 31.68 31.73 31.55 31.16 31.39 31.56 31.50 31.63 31.60 31.60 31.71 31.83 31.82 31.72 31.72 31.71 31.71 31.81 31.97 31.99 31.88
31.97 31.97 31.96 32.03 31.91 32.04 32.08 31.97 32.09 32.03 32.03 31.98 31.97 31.97 31.88 31.90 31.86 31.84 31.75 31.74 31.67 31.75 31.68 31.64 31.64 31.67 31.58 31.60 31.46 31.52 31.51 31.45 31.37 31.38 31.41 31.45 31.54 31.55 31.48 31.43 31.61 31.67 31.58 31.34 31.27 31.67 31.64 31.67 31.75 31.74 31.86 31.83 31.79 31.68 31.77 31.69 31.72 31.73 31.62 31.29 31.43 31.60 31.68 31.55 31.53 31.56 31.75 31.88 31.88 31.92 31.85 31.74 31.75 31.90 31.97 31.99 32.00
32.00 32.09 32.05 32.10 32.01 32.01 32.03 32.02 32.04 31.98 31.92 32.00 31.92 31.92 31.85 31.69 31.63 31.66 31.73 31.73 31.56 31.62 31.56 31.62 31.68 31.65 31.63 31.58 31.43 31.44 31.40 31.42 31.36 31.41 31.47 31.42 31.44 31.49 31.53 31.47 31.57 31.65 31.55 31.65 31.58 31.67 31.58 31.70 31.85 31.80 31.72 31.79 31.77 31.63 31.69 31.67 31.59 31.75 31.42 31.52 31.56 31.40 31.61 31.59 31.51 31.57 31.55 31.83 31.83 31.93 31.93 31.79 31.79 31.82 31.93 31.93 31.91
32.07 31.96 32.03 32.11 32.07 31.97 31.91 32.02 31.97 32.07 32.00 32.02 32.04 31.89 31.75 31.65 31.64 31.67 31.69 31.59 31.52 31.63 31.65 31.74 31.73 31.72 31.59 31.63 31.59 31.60 31.38 31.35 31.24 31.45 31.51 31.45 31.51 31.42 31.42 31.45 31.56 31.62 31.55 31.73 31.77 31.69 31.63 31.63 31.87 31.84 31.70 31.74 31.83 31.58 31.58 31.72 31.76 31.63 31.54 31.58 31.59 31.52 31.45 31.50 31.49 31.46 31.60 31.72 31.72 31.79 31.77 31.79 31.82 31.83 31.96 32.00 31.99
32.07 32.07 32.08 32.10 31.99 31.88 31.97 31.90 31.88 32.00 31.99 31.84 31.89 31.77 31.65 31.60 31.71 31.67 31.58 31.63 31.67 31.62 31.65 31.66 31.67 31.62 31.49 31.58 31.54 31.47 31.32 31.39 31.35 31.41 31.48 31.40 31.52 31.54 31.55 31.53 31.59 31.51 31.66 31.66 31.74 31.62 31.58 31.82 31.79 31.82 31.61 31.74 31.84 31.75 31.70 31.73 31.79 31.62 31.56 31.53 31.60 31.61 31.45 31.48 31.41 31.32 31.49 31.70 31.69 31.72 31.77 31.85 31.77 31.70 31.73 31.75 31.84
32.05 32.07 31.99 32.07 32.06 31.96 31.85 31.84 31.88 31.86 31.91 31.96 31.98 31.93 31.77 31.79 31.74 31.71 31.70 31.68 31.68 31.70 31.59 31.57 31.46 31.50 31.45 31.62 31.49 31.34 31.31 31.43 31.36 31.40 31.47 31.38 31.29 31.55 31.61 31.56 31.59 31.61 31.68 31.58 31.68 31.62 31.63 31.86 31.78 31.86 31.68 31.80 31.81 31.81 31.80 31.69 31.69 31.63 31.77 31.72 31.63 31.68 31.63 31.48 31.65 31.53 31.52 31.65 31.69 31.69 31.84 31.89 31.77 31.59 31.67 31.65 31.81
32.06 32.06 32.01 32.08 32.07 31.89 31.98 31.96 31.88 31.83 31.85 31.98 32.03 31.93 31.94 31.94 31.78 31.78 31.68 31.71 31.64 31.63 31.67 31.68 31.51 31.42 31.41 31.47 31.49 31.36 31.29 31.43 31.38 31.44 31.49 31.46 31.48 31.49 31.58 31.52 31.55 31.54 31.55 31.53 31.71 31.72 31.63 31.94 31.73 31.88 31.82 31.79 31.75 31.81 31.95 31.76 31.82 31.76 31.72 31.69 31.71 31.62 31.79 31.71 31.71 31.65 31.45 31.59 31.75 31.80 31.90 31.84 31.82 31.80 31.70 31.68 31.88
32.02 32.06 32.05 31.94 32.06 31.85 31.93 31.89 31.93 31.85 31.86 31.89 31.95 31.96 32.02 32.04 32.00 31.83 31.69 31.67 31.66 31.61 31.57 31.56 31.51 31.39 31.27 31.43 31.41 31.55 31.41 31.36 31.30 31.27 31.37 31.48 31.48 31.54 31.57 31.44 31.45 31.31 31.41 31.50 31.69 31.71 31.92 31.82 31.67 31.81 31.85 31.79 31.71 31.81 31.89 31.86 31.77 31.64 31.64 31.69 31.73 31.56 31.72 31.72 31.57 31.54 31.51 31.63 31.81 31.82 31.71 31.80 31.92 31.92 31.89 31.87 31.85
32.01 32.07 32.09 32.00 32.01 31.96 31.97 31.92 31.92 32.00 31.88 32.02 31.99 32.07 32.06 32.11 32.11 31.95 31.87 31.75 31.71 31.58 31.54 31.58 31.59 31.45 31.39 31.34 31.51 31.41 31.42 31.36 31.33 31.30 31.45 31.38 31.42 31.55 31.50 31.37 31.35 31.42 31.33 31.56 31.72 31.87 31.93 31.76 31.76 31.78 31.78 31.81 31.77 31.71 31.90 31.85 31.84 31.91 31.69 31.71 31.73 31.55 31.66 31.72 31.71 31.58 31.51 31.65 31.67 31.88 31.75 31.87 31.85 31.88 31.82 31.82 31.91
32.06 32.08 32.07 32.03 32.03 31.99 31.91 31.91 31.86 31.98 31.96 31.97 31.99 32.05 32.10 32.05 32.00 31.94 31.83 31.74 31.60 31.55 31.57 31.64 31.59 31.42 31.51 31.43 31.61 31.50 31.48 31.37 31.42 31.42 31.47 31.39 31.41 31.48 31.41 31.41 31.42 31.47 31.36 31.43 31.67 31.94 31.92 31.78 31.74 31.76 31.85 31.89 31.88 31.83 31.84 31.88 31.90 31.95 31.82 31.74 31.62 31.53 31.62 31.65 31.75 31.58 31.68 31.73 31.71 31.89 31.79 31.92 31.87 31.94 31.97 31.81 31.66
32.05 32.03 32.00 32.03 32.06 31.97 32.02 32.06 32.01 32.04 32.00 31.97 32.00 32.10 32.03 31.96 31.88 31.84 31.73 31.76 31.62 31.52 31.53 31.56 31.52 31.45 31.52 31.53 31.78 31.68 31.44 31.40 31.44 31.48 31.47 31.45 31.39 31.35 31.30 31.34 31.35 31.39 31.56 31.51 31.76 31.87 31.82 31.74 31.81 31.79 31.84 31.82 31.83 31.96 31.90 31.90 31.90 31.96 31.78 31.81 31.71 31.61 31.65 31.75 31.67 31.62 31.62 31.65 31.92 31.89 31.75 31.79 31.80 31.87 31.86 31.86 31.67
31.96 31.93 31.97 32.03 32.06 32.04 32.02 32.09 32.04 32.05 32.04 32.00 32.05 32.06 32.01 31.97 31.86 31.80 31.79 31.75 31.69 31.63 31.47 31.50 31.54 31.67 31.54 31.58 31.60 31.66 31.56 31.53 31.49 31.46 31.51 31.55 31.48 31.50 31.54 31.45 31.42 31.46 31.61 31.53 31.65 31.72 31.74 31.79 31.81 31.81 31.83 31.82 31.86 31.94 31.93 31.85 31.83 32.02 32.01 31.92 31.82 31.63 31.60 31.63 31.63 31.67 31.66 31.91 31.91 31.77 31.76 31.81 31.91 31.82 31.82 31.75 31.72
32.05 32.02 32.00 32.01 32.04 31.80 31.91 32.05 32.04 32.04 32.04 31.93 31.99 32.00 32.00 31.95 31.82 31.93 31.92 31.78 31.78 31.78 31.58 31.48 31.52 31.59 31.59 31.48 31.55 31.67 31.57 31.63 31.50 31.44 31.62 31.62 31.61 31.54 31.55 31.59 31.49 31.37 31.40 31.60 31.58 31.70 31.75 31.78 31.83 31.90 31.86 31.84 31.80 31.81 31.86 31.83 31.98 31.97 31.90 31.75 31.81 31.67 31.44 31.33 31.63 31.58 31.67 31.90 31.79 31.80 31.80 31.77 31.84 31.89 31.73 31.57 31.65
32.13 32.10 32.05 32.07 32.05 32.00 32.00 32.07 32.05 32.09 32.12 32.03 32.02 31.99 31.97 31.91 31.92 32.00 31.86 31.77 31.79 31.80 31.66 31.65 31.70 31.69 31.63 31.53 31.60 31.75 31.61 31.68 31.59 31.63 31.66 31.61 31.66 31.62 31.45 31.54 31.43 31.34 31.43 31.73 31.63 31.60 31.72 31.78 31.85 31.89 31.90 31.86 31.94 31.81 31.74 31.83 31.92 31.90 31.76 31.79 31.70 31.66 31.68 31.35 31.67 31.74 31.79 31.65 31.85 31.76 31.63 31.67 31.80 31.84 31.74 31.59 31.68
32.12 32.10 32.13 32.14 32.14 32.11 32.09 32.14 32.11 32.11 32.09 32.04 31.94 32.01 31.96 31.84 32.01 31.96 31.85 31.77 31.83 31.80 31.79 31.70 31.76 31.96 31.80 31.90 31.94 31.69 31.67 31.66 31.46 31.55 31.67 31.54 31.49 31.57 31.52 31.54 31.59 31.53 31.48 31.72 31.49 31.60 31.73 31.75 31.84 31.94 31.88 31.91 31.87 31.82 31.73 31.77 31.86 31.79 31.70 31.80 31.47 31.40 31.56 31.50 31.63 31.65 31.53 31.60 31.76 31.71 31.53 31.60 31.71 31.72 31.69 31.69 31.65
32.09 32.12 32.12 32.14 32.14 31.86 31.79 32.06 32.12 32.12 32.11 32.04 32.04 31.89 32.01 31.99 32.07 31.93 31.85 31.78 31.78 31.76 31.76 31.81 31.77 31.92 31.90 31.84 31.81 31.68 31.75 31.65 31.58 31.57 31.51 31.47 31.51 31.58 31.48 31.50 31.47 31.39 31.53 31.67 31.53 31.57 31.72 31.77 31.90 31.83 31.89 31.88 31.80 31.74 31.75 31.88 31.89 31.86 31.78 31.79 31.78 31.57 31.60 31.44 31.65 31.63 31.55 31.46 31.56 31.45 31.49 31.61 31.57 31.67 31.71 31.64 31.69
32.05 32.12 32.13 31.96 31.97 32.05 31.98 32.11 32.13 32.07 32.12 32.04 32.00 31.99 31.99 31.86 31.82 31.83 31.93 31.86 31.84 31.75 31.88 31.86 31.71 31.85 31.90 31.85 31.79 31.66 31.65 31.75 31.73 31.48 31.37 31.60 31.54 31.62 31.47 31.34 31.32 31.50 31.60 31.67 31.57 31.67 31.69 31.74 31.84 31.88 31.94 31.96 31.87 31.80 31.88 31.90 31.95 31.93 31.81 31.76 31.79 31.76 31.69 31.71 31.62 31.64 31.58 31.44 31.43 31.33 31.60 31.66 31.57 31.56 31.66 31.53 31.54
