main/data/irradiance/20.11.2023.grid
ncols 839
nrows 679
xllcenter 112.0500
yllcenter -43.9500
cellsize 0.0500
nodata_value 99999.90
[rows 408 to 441 of 679, columns 231 to 307 of 839]
30.49 30.39 30.43 30.47 30.48 30.27 30.47 30.48 30.51 30.46 30.40 30.34 30.33 30.20 30.34 30.33 30.31 30.32 30.36 30.40 30.39 30.46 30.48 30.44 30.40 30.45 30.41 30.47 30.46 30.55 30.57 30.42 30.48 30.70 30.76 30.78 30.78 30.77 30.78 30.75 30.83 30.89 30.89 30.87 30.87 30.90 30.89 30.91 30.80 30.83 30.98 31.03 31.02 30.90 30.91 30.86 30.84 30.81 30.78 30.78 30.73 30.71 30.63 30.48 30.55 30.45 30.42 30.50 30.67 30.55 30.42 30.45 30.58 30.51 30.44 30.47 30.37
30.36 30.46 30.49 30.55 30.43 30.33 30.31 30.40 30.44 30.39 30.32 30.30 30.23 30.10 30.36 30.31 30.26 30.29 30.33 30.39 30.42 30.44 30.42 30.44 30.46 30.47 30.44 30.45 30.41 30.41 30.54 30.64 30.59 30.75 30.77 30.84 30.83 30.81 30.82 30.85 30.92 30.95 30.94 30.90 30.90 30.91 30.93 30.88 30.80 30.71 30.78 30.90 30.90 30.88 30.95 30.92 30.92 30.91 30.88 30.84 30.77 30.70 30.72 30.50 30.45 30.48 30.55 30.46 30.60 30.59 30.52 30.42 30.50 30.60 30.55 30.58 30.60
30.32 30.28 30.36 30.38 30.46 30.42 30.34 30.35 30.44 30.41 30.40 30.35 30.39 30.36 30.41 30.40 30.26 30.00 30.36 30.33 30.23 30.35 30.45 30.43 30.48 30.43 30.37 30.35 30.41 30.34 30.52 30.66 30.48 30.82 30.80 30.83 30.83 30.86 30.93 30.91 30.95 30.98 30.94 30.93 30.95 30.93 30.94 30.88 30.74 30.62 30.66 30.80 31.02 31.01 31.01 30.94 30.90 30.86 30.85 30.79 30.76 30.78 30.70 30.71 30.71 30.71 30.56 30.30 30.47 30.57 30.63 30.60 30.57 30.56 30.49 30.50 30.47
30.25 30.24 30.28 30.34 30.43 30.43 30.37 30.37 30.29 30.33 30.34 30.22 30.17 30.19 30.29 30.39 30.38 29.72 30.19 30.17 30.33 30.40 30.47 30.44 30.44 30.42 30.34 30.24 30.41 30.51 30.54 30.63 30.43 30.54 30.84 30.86 30.86 30.88 30.91 30.89 30.96 30.93 30.92 30.95 30.98 30.95 30.93 30.90 30.65 30.63 30.74 30.74 30.84 31.02 30.97 30.96 30.88 30.82 30.79 30.80 30.73 30.74 30.71 30.75 30.76 30.73 30.53 30.40 30.45 30.35 30.27 30.15 30.28 30.31 30.44 30.39 30.44
30.16 30.29 30.35 30.34 30.31 30.29 30.26 30.18 30.09 30.20 30.16 30.24 30.27 30.31 30.36 30.41 30.34 30.20 29.97 30.22 30.35 30.44 30.53 30.52 30.49 30.42 30.30 30.27 30.28 30.49 30.40 30.53 30.41 30.41 30.82 30.85 30.83 30.79 30.83 30.86 30.86 30.91 30.87 30.91 30.93 31.00 30.99 30.81 30.64 30.73 30.83 30.72 30.75 31.02 31.05 30.91 30.90 30.86 30.82 30.83 30.79 30.85 30.80 30.76 30.76 30.73 30.73 30.76 30.69 30.51 30.56 30.62 30.65 30.73 30.73 30.49 30.52
30.34 30.36 30.37 30.36 30.32 30.38 30.29 30.24 30.20 30.21 30.26 30.36 30.26 30.31 30.36 30.36 30.25 30.30 30.37 30.30 30.39 30.47 30.51 30.46 30.51 30.40 30.26 30.26 30.12 30.37 30.22 30.33 30.37 30.35 30.49 30.79 30.79 30.81 30.80 30.83 30.84 30.85 30.86 30.82 30.80 30.92 30.94 30.91 30.87 30.87 30.87 30.82 30.67 30.85 30.97 30.94 30.80 30.79 30.75 30.66 30.82 30.81 30.79 30.79 30.81 30.80 30.82 30.77 30.80 30.84 30.81 30.73 30.72 30.71 30.75 30.75 30.75
30.38 30.43 30.42 30.39 30.39 30.34 30.33 30.28 30.17 30.25 30.25 30.21 30.23 30.31 30.26 30.22 30.23 30.31 30.37 30.33 30.39 30.44 30.46 30.44 30.52 30.14 30.18 30.16 30.19 30.17 30.23 30.50 30.38 30.40 30.66 30.82 30.83 30.86 30.84 30.84 30.89 30.89 30.88 30.85 30.83 30.83 30.85 30.84 30.86 30.82 30.85 30.74 30.58 30.58 30.67 30.80 30.87 30.88 30.76 30.74 30.76 30.80 30.71 30.68 30.67 30.63 30.67 30.76 30.79 30.80 30.75 30.71 30.72 30.71 30.70 30.74 30.72
30.35 30.40 30.45 30.42 30.38 30.31 30.30 30.18 29.98 30.03 30.18 30.19 30.27 30.26 29.96 30.16 30.35 30.41 30.38 30.30 30.24 30.46 30.50 30.40 30.39 30.32 30.20 30.27 30.40 30.35 30.41 30.39 30.43 30.55 30.60 30.90 30.87 30.87 30.86 30.83 30.92 30.94 30.91 30.93 30.95 30.96 30.78 30.77 30.78 30.84 30.83 30.72 30.61 30.68 30.63 30.81 30.84 30.88 30.85 30.84 30.85 30.69 30.71 30.74 30.58 30.56 30.64 30.68 30.66 30.63 30.60 30.62 30.71 30.71 30.70 30.73 30.72
30.19 30.23 30.26 30.27 30.22 30.16 30.17 30.03 29.79 29.98 30.17 30.37 30.33 30.37 30.14 30.22 30.37 30.41 30.37 30.23 29.96 30.37 30.44 30.27 30.32 30.47 30.26 30.42 30.45 30.53 30.62 30.54 30.56 30.61 30.76 30.74 30.88 30.82 30.80 30.84 30.90 30.93 30.89 30.82 30.84 30.88 30.79 30.68 30.74 30.76 30.78 30.63 30.65 30.79 30.98 30.95 30.90 30.92 30.93 30.95 30.89 30.94 30.85 30.74 30.66 30.63 30.71 30.72 30.74 30.72 30.72 30.75 30.76 30.77 30.74 30.71 30.74
30.06 30.08 30.19 30.10 30.18 30.22 30.23 30.16 30.13 30.23 30.33 30.38 30.32 30.35 30.35 30.28 30.32 30.51 30.55 30.32 30.25 30.16 30.31 30.30 30.36 30.58 30.71 30.46 30.44 30.46 30.49 30.55 30.49 30.60 30.74 30.70 30.86 30.84 30.82 30.85 30.82 30.84 30.87 30.83 30.80 30.72 30.63 30.60 30.51 30.52 30.73 30.60 30.57 30.65 30.91 30.91 30.89 30.87 30.88 30.85 30.82 30.82 30.75 30.70 30.72 30.74 30.71 30.71 30.73 30.71 30.72 30.73 30.76 30.78 30.74 30.65 30.76
30.06 30.16 30.32 30.25 30.27 30.14 30.21 30.17 30.20 30.28 30.38 30.41 30.33 30.34 30.42 30.34 30.38 30.51 30.42 30.35 30.28 30.24 30.18 30.29 30.37 30.49 30.62 30.62 30.43 30.47 30.47 30.51 30.47 30.49 30.53 30.69 30.78 30.86 30.86 30.77 30.76 30.82 30.87 30.88 30.81 30.60 30.35 30.46 30.46 30.54 30.66 30.85 30.84 30.84 30.90 30.87 30.86 30.87 30.87 30.89 30.90 30.85 30.77 30.76 30.71 30.71 30.72 30.72 30.74 30.83 30.73 30.76 30.73 30.76 30.72 30.59 30.76
30.05 30.28 30.35 30.21 30.33 30.25 30.25 30.31 30.35 30.23 30.33 30.24 30.23 30.33 30.48 30.35 30.36 30.38 30.26 30.21 30.12 30.29 30.26 30.28 30.24 30.51 30.55 30.56 30.32 30.28 30.35 30.47 30.42 30.28 30.33 30.33 30.52 30.87 30.85 30.80 30.75 30.84 30.84 30.78 30.55 30.31 30.23 30.42 30.55 30.70 30.57 30.87 30.88 30.88 30.92 30.89 30.88 30.92 30.95 30.98 30.99 30.94 30.91 30.87 30.86 30.78 30.73 30.72 30.74 30.79 30.74 30.71 30.78 30.75 30.75 30.75 30.57
30.25 30.27 30.37 30.15 30.11 30.34 30.45 30.40 30.37 30.34 30.42 30.34 30.18 30.23 30.51 30.18 30.17 30.21 30.24 30.15 30.26 30.37 30.32 30.32 30.31 30.44 30.39 30.24 30.27 30.36 30.35 30.32 30.32 30.50 30.49 30.16 30.29 30.59 30.71 30.87 30.87 30.88 30.87 30.78 30.31 30.36 30.28 30.39 30.40 30.56 30.68 30.72 30.65 30.74 30.86 30.82 30.85 30.89 30.94 30.99 30.99 30.96 30.97 30.88 30.72 30.69 30.59 30.45 30.73 30.80 30.71 30.70 30.72 30.74 30.69 30.74 30.66
30.13 30.18 30.22 29.96 30.09 30.25 30.26 30.14 29.98 29.97 30.11 30.23 29.92 29.96 29.91 30.11 30.21 30.00 30.06 30.15 30.29 30.31 30.40 30.10 30.27 30.16 30.36 30.38 30.43 30.37 30.31 30.16 30.36 30.46 30.45 30.13 30.19 30.37 30.62 30.77 30.82 30.86 30.84 30.59 30.33 30.36 30.23 30.37 30.60 30.52 30.24 30.38 30.34 30.45 30.63 30.76 30.82 30.83 30.92 30.91 30.92 30.92 30.89 30.65 30.42 30.28 30.46 30.65 30.78 30.83 30.74 30.75 30.72 30.74 30.62 30.72 30.74
30.01 30.09 30.32 30.23 30.15 30.18 30.26 30.03 30.10 29.90 29.95 30.21 29.90 29.77 29.66 29.86 29.95 29.86 29.93 30.15 30.10 30.17 30.14 30.17 30.36 30.47 30.54 30.53 30.49 30.29 30.16 30.15 30.10 29.98 30.05 30.16 30.30 30.53 30.67 30.66 30.77 30.82 30.85 30.85 30.70 30.50 30.39 30.24 30.34 30.41 30.33 30.60 30.83 30.73 30.75 30.79 30.74 30.72 30.81 30.76 30.70 30.78 30.47 30.52 30.61 30.52 30.48 30.63 30.64 30.73 30.80 30.75 30.69 30.64 30.55 30.73 30.46
30.15 30.28 30.31 30.30 30.31 30.25 30.17 29.98 29.90 30.06 29.88 29.95 29.85 29.82 29.93 30.00 30.01 29.83 29.82 30.10 30.34 30.19 30.26 30.30 30.31 30.53 30.51 30.28 30.25 30.23 30.26 30.16 30.15 30.06 30.14 30.27 30.44 30.63 30.67 30.83 30.82 30.90 30.87 30.90 30.88 30.76 30.77 30.74 30.74 30.67 30.73 30.78 30.81 30.80 30.80 30.84 30.76 30.71 30.65 30.65 30.81 30.72 30.57 30.76 30.78 30.75 30.72 30.54 30.70 30.77 30.51 30.66 30.78 30.71 30.25 30.29 30.58
30.22 30.28 30.27 30.28 30.15 30.06 30.05 30.03 30.14 30.02 29.94 29.82 29.69 29.75 30.05 29.92 30.02 30.17 30.16 30.43 30.64 30.51 30.44 30.21 30.11 30.18 30.13 30.15 30.21 30.26 30.27 30.25 30.31 30.29 30.30 30.37 30.34 30.58 30.67 30.74 30.76 30.84 30.86 30.82 30.78 30.62 30.83 30.90 30.84 30.79 30.82 30.80 30.82 30.81 30.84 30.84 30.78 30.75 30.75 30.69 30.76 30.71 30.57 30.77 30.78 30.79 30.80 30.77 30.77 30.78 30.61 30.82 30.82 30.76 30.31 30.40 30.07
30.17 30.25 30.08 30.29 30.03 29.84 30.08 30.14 30.19 30.05 30.01 29.92 29.74 29.72 30.08 30.33 30.24 30.01 30.16 30.44 30.47 30.52 30.40 30.11 30.04 30.12 30.04 30.06 30.20 30.34 30.25 30.34 30.45 30.43 30.47 30.40 30.54 30.66 30.69 30.69 30.70 30.67 30.75 30.85 30.84 30.82 30.85 30.83 30.84 30.83 30.78 30.85 30.84 30.82 30.83 30.83 30.79 30.78 30.79 30.74 30.78 30.80 30.77 30.52 30.66 30.67 30.76 30.78 30.59 30.57 30.56 30.24 30.04 30.74 30.58 30.60 29.89
30.07 30.05 30.28 30.36 29.98 29.95 30.17 30.25 30.14 30.17 30.11 30.02 29.76 29.84 30.11 30.23 30.43 30.41 30.37 30.30 30.16 30.33 30.29 30.23 30.00 30.14 30.11 30.13 30.16 30.25 30.16 30.22 30.27 30.35 30.58 30.60 30.52 30.64 30.68 30.65 30.77 30.70 30.72 30.75 30.82 30.85 30.83 30.76 30.76 30.80 30.78 30.78 30.81 30.81 30.79 30.82 30.79 30.78 30.78 30.79 30.81 30.79 30.78 30.80 30.76 30.65 30.42 30.48 30.50 30.43 30.08 29.91 29.92 30.56 30.51 30.38 29.96
30.21 30.31 30.22 30.10 29.69 29.77 30.12 29.83 30.05 30.11 30.19 30.17 29.75 29.94 30.03 29.90 30.18 30.02 29.90 29.95 29.89 30.14 30.05 30.14 30.15 30.17 30.18 30.14 30.20 30.19 30.18 30.29 30.21 30.42 30.60 30.57 30.54 30.61 30.52 30.51 30.74 30.72 30.68 30.69 30.71 30.67 30.78 30.78 30.78 30.79 30.79 30.76 30.77 30.75 30.71 30.77 30.79 30.80 30.77 30.78 30.72 30.78 30.78 30.76 30.35 30.03 30.29 30.30 30.24 29.76 30.42 30.12 30.29 30.36 30.69 30.17 29.62
30.05 30.22 30.31 30.17 29.76 29.82 29.80 29.65 29.94 30.17 30.24 29.78 29.34 29.48 29.71 29.97 29.90 29.81 29.83 29.95 29.78 29.60 29.80 30.06 30.27 30.22 30.10 30.06 29.92 29.97 29.59 29.68 30.09 30.59 30.61 30.59 30.54 30.61 30.62 30.57 30.57 30.62 30.65 30.69 30.69 30.68 30.67 30.77 30.78 30.79 30.82 30.78 30.77 30.81 30.81 30.80 30.79 30.83 30.81 30.78 30.81 30.80 30.64 30.62 30.48 30.44 30.41 30.48 30.50 30.30 30.19 29.99 30.09 29.21 29.62 29.43 28.77
29.90 30.15 30.11 30.22 29.77 29.62 29.78 29.75 29.56 30.06 30.21 29.78 29.66 29.69 29.97 30.08 29.49 29.56 29.78 29.90 29.99 30.17 30.29 30.25 30.20 30.29 30.17 29.71 29.55 29.82 29.61 29.91 30.28 30.53 30.45 30.48 30.53 30.63 30.66 30.66 30.62 30.71 30.64 30.56 30.71 30.75 30.75 30.77 30.72 30.82 30.82 30.77 30.79 30.82 30.79 30.81 30.73 30.73 30.79 30.76 30.60 30.83 30.69 30.44 29.78 30.46 30.17 30.25 30.31 30.53 30.37 29.82 29.57 30.10 30.26 29.97 29.45
29.95 30.10 30.13 30.13 29.48 29.40 29.62 29.75 29.75 30.07 29.99 29.92 29.77 29.96 29.91 29.63 29.23 29.21 29.69 29.91 30.18 30.37 30.34 30.32 30.31 30.29 30.14 29.75 29.71 30.04 30.02 30.04 30.31 30.23 30.28 30.60 30.63 30.68 30.68 30.66 30.59 30.73 30.72 30.76 30.73 30.71 30.78 30.80 30.72 30.71 30.81 30.69 30.82 30.80 30.72 30.61 30.69 30.54 30.69 30.67 30.73 30.08 30.28 30.71 30.23 30.33 30.17 29.76 29.96 30.45 29.50 29.40 29.79 30.27 30.28 30.29 30.09
30.13 30.16 30.22 30.20 29.98 29.95 30.04 30.07 29.95 30.15 30.09 29.96 29.87 29.83 29.82 29.62 29.46 29.49 29.77 30.05 30.13 30.18 30.22 30.26 30.32 30.30 30.29 30.05 30.24 30.01 30.06 29.99 29.98 30.03 30.44 30.50 30.62 30.64 30.65 30.48 30.35 30.52 30.79 30.56 30.70 30.74 30.78 30.80 30.67 30.55 30.61 30.48 30.71 30.71 30.73 30.46 30.33 30.68 30.74 30.67 30.49 30.18 29.39 29.82 30.14 30.56 30.40 30.03 30.43 30.77 30.48 30.44 30.51 29.99 30.18 30.59 30.02
29.99 30.06 30.15 30.26 30.29 30.13 29.99 29.70 29.75 30.03 29.97 29.74 29.55 29.35 29.14 29.13 29.41 29.57 29.57 30.08 30.09 30.00 30.11 30.29 30.26 30.16 30.33 30.32 30.30 30.32 30.30 30.28 30.47 30.45 30.47 30.47 30.33 30.24 30.29 30.30 30.38 30.48 30.76 30.76 30.75 30.74 30.74 30.77 30.78 30.74 30.72 30.55 30.67 30.76 30.67 30.69 30.75 30.72 30.53 30.54 29.91 29.51 30.19 29.41 30.21 30.57 30.28 29.93 29.88 30.40 30.19 29.62 29.27 29.97 30.39 30.06 29.95
29.90 29.96 30.19 30.27 30.19 30.00 29.82 29.82 29.95 30.05 29.41 29.32 29.44 29.44 29.36 29.25 29.50 29.72 29.86 30.02 29.98 30.13 30.21 30.34 30.45 30.28 30.18 30.35 30.47 30.42 30.36 30.44 30.46 30.49 30.55 30.54 30.31 30.28 30.38 30.45 30.35 30.35 30.78 30.78 30.75 30.74 30.74 30.72 30.71 30.74 30.71 30.73 30.62 30.64 30.47 30.68 30.71 30.30 30.25 30.18 30.06 30.09 30.35 30.27 30.42 30.24 29.87 30.42 30.05 30.31 30.20 29.02 28.70 28.68 29.39 30.02 30.23
29.99 29.98 30.06 30.12 29.88 29.62 29.62 29.69 29.84 29.48 29.16 29.39 29.51 29.22 29.26 29.21 29.40 29.77 29.88 30.05 30.06 30.16 30.29 30.33 30.41 30.57 30.59 30.49 30.57 30.58 30.62 30.52 30.53 30.50 30.62 30.45 30.53 30.47 30.52 30.54 30.48 30.38 30.47 30.75 30.69 30.67 30.58 30.46 30.43 30.58 30.47 30.52 30.63 30.22 30.06 30.55 30.50 30.09 29.89 30.24 29.96 30.35 29.97 30.42 30.03 29.86 29.43 29.86 29.66 29.67 28.96 29.11 28.84 28.70 27.39 28.97 29.43
29.84 29.83 29.92 29.80 29.73 29.68 29.87 29.80 29.41 28.87 29.19 29.39 29.48 29.47 29.42 29.44 29.69 29.84 30.00 30.17 30.16 30.29 30.32 30.51 30.53 30.59 30.54 30.62 30.58 30.51 30.51 30.50 30.46 30.52 30.55 30.53 30.51 30.53 30.56 30.58 30.59 30.59 30.60 30.68 30.68 30.70 30.62 30.40 30.65 30.43 29.79 30.08 30.44 30.04 29.53 29.65 30.32 29.67 30.39 30.30 30.29 30.27 29.23 28.74 29.35 29.84 29.42 28.96 28.68 29.25 28.68 28.85 29.60 29.43 29.31 28.60 29.18
29.54 29.46 29.43 29.33 29.27 29.77 29.89 29.86 29.13 29.13 29.18 29.31 29.49 29.43 29.38 29.52 29.85 30.03 30.07 30.19 30.25 30.26 30.27 30.54 30.55 30.56 30.55 30.58 30.55 30.54 30.54 30.49 30.38 30.55 30.62 30.49 30.42 30.58 30.59 30.60 30.60 30.45 30.50 30.06 30.36 30.28 30.14 30.64 30.66 30.43 29.83 30.42 30.14 29.80 29.98 30.39 30.53 29.92 30.25 30.30 30.12 29.26 28.92 29.46 29.65 29.36 29.02 28.50 27.95 28.89 29.92 29.42 28.91 30.15 30.14 28.71 28.93
29.45 29.18 29.06 28.88 29.21 29.82 29.80 29.55 29.19 29.32 29.45 29.38 29.33 29.41 29.47 29.55 29.65 29.97 30.13 30.12 30.10 30.10 30.11 30.38 30.42 30.55 30.53 30.55 30.47 30.47 30.55 30.42 30.41 30.56 30.64 30.44 30.47 30.51 30.59 30.65 30.26 30.25 30.58 30.24 30.53 30.20 29.95 30.69 30.60 30.01 30.14 30.57 30.64 30.44 30.56 30.54 30.60 30.11 29.76 30.00 30.23 29.67 29.92 30.15 29.44 29.78 30.01 29.66 29.63 29.62 30.20 30.35 29.83 29.95 29.94 29.82 30.27
29.45 29.25 29.17 28.96 29.26 29.46 29.39 29.38 29.23 29.38 29.49 29.40 29.25 29.24 29.55 29.86 30.03 30.24 30.21 30.22 30.22 30.11 30.24 30.32 30.26 30.37 30.35 30.36 30.26 30.37 30.28 30.38 30.39 30.45 30.61 30.43 30.57 30.57 30.64 30.59 30.35 30.36 30.70 30.56 30.52 30.55 30.61 30.70 30.34 30.22 30.20 30.44 30.14 29.98 30.39 30.06 30.20 29.93 29.92 30.25 30.10 30.27 30.24 30.12 29.61 29.99 30.33 30.30 29.82 30.27 30.41 30.36 30.42 30.51 30.53 30.41 30.48
29.29 29.13 29.22 29.30 29.51 29.49 29.21 29.40 29.34 29.34 28.98 28.89 28.75 28.89 29.41 29.86 30.09 30.18 30.39 30.32 30.35 30.40 30.43 30.37 30.15 30.10 30.30 30.38 30.30 30.33 30.30 30.32 30.33 30.31 30.54 30.52 30.44 30.44 30.65 30.37 30.28 30.53 30.34 30.39 30.63 30.63 30.55 30.25 30.24 30.20 30.65 30.21 30.12 29.92 30.42 30.33 30.36 30.40 30.33 30.45 30.35 30.36 30.29 30.37 30.11 30.14 30.35 30.34 30.20 30.25 30.28 30.40 30.41 30.34 30.06 30.38 29.89
28.87 28.96 28.95 29.14 29.24 29.21 29.32 29.68 29.65 29.41 28.86 28.94 29.31 29.44 29.80 30.00 30.18 30.05 30.08 30.26 30.26 30.17 30.27 30.27 30.22 30.24 30.16 30.25 29.95 30.23 30.37 30.44 30.51 30.37 30.54 30.43 30.20 30.25 30.39 30.07 30.06 30.40 30.29 30.34 30.61 30.62 30.63 30.33 30.36 30.04 30.32 30.20 30.29 30.32 30.45 30.39 30.13 30.28 30.25 29.93 29.62 29.32 29.51 29.59 29.74 30.21 30.10 29.93 30.13 29.64 29.43 29.58 29.57 29.04 29.47 29.22 29.14
29.05 29.13 28.99 29.02 28.95 28.92 29.25 29.71 29.74 29.68 29.59 29.66 29.60 29.90 29.93 29.95 30.25 30.32 30.15 30.15 30.17 30.01 30.00 30.28 30.31 30.12 29.99 29.99 29.88 30.07 30.35 30.47 30.42 30.23 30.50 30.35 30.16 30.13 30.03 30.51 30.43 30.21 30.25 30.45 30.40 29.96 29.87 29.84 30.08 30.07 29.78 29.56 29.59 30.19 30.36 29.91 30.13 30.08 29.51 29.81 30.08 30.16 29.80 29.69 29.55 30.14 30.03 29.67 30.20 29.18 29.20 28.87 28.85 29.06 29.49 29.13 29.12
