main/data/irradiance/20.12.2023.grid
ncols 839
nrows 679
xllcenter 112.0500
yllcenter -43.9500
cellsize 0.0500
nodata_value 99999.90
[rows 204 to 237 of 679, columns 693 to 769 of 839]
26.97 27.06 28.07 28.05 28.67 27.69 28.02 28.42 28.31 27.30 28.81 29.51 27.94 26.94 26.57 27.14 26.44 26.75 25.85 28.36 29.47 28.71 29.04 27.83 27.30 29.25 26.38 26.23 28.32 27.75 27.28 27.01 26.39 27.42 25.94 24.25 27.84 25.93 26.83 29.38 29.38 29.20 29.20 28.44 28.44 26.83 26.83 26.83 26.83 26.83 26.83 26.83 26.83 26.83 26.83 26.83 26.83 99999.90 99999.90 99999.90 99999.90 99999.90 99999.90 99999.90 99999.90 99999.90 99999.90 99999.90 99999.90 99999.90 99999.90 99999.90 99999.90 99999.90 99999.90 99999.90 99999.90
28.07 28.76 28.02 28.37 28.41 28.77 29.06 29.27 28.10 27.36 28.58 29.67 27.39 26.04 27.05 27.31 27.50 26.96 27.17 27.64 28.47 28.89 28.94 27.97 27.87 27.87 26.12 28.36 28.97 28.81 27.72 26.42 26.03 24.71 25.39 24.35 26.00 26.75 26.98 26.69 26.47 29.20 29.20 29.00 26.83 26.83 26.83 26.83 26.83 26.83 26.83 26.83 26.83 26.83 26.83 26.83 26.83 99999.90 99999.90 99999.90 99999.90 99999.90 99999.90 99999.90 99999.90 99999.90 99999.90 99999.90 99999.90 99999.90 99999.90 99999.90 99999.90 99999.90 99999.90 99999.90 99999.90
28.85 28.07 28.08 28.29 28.40 28.86 29.18 28.58 28.75 28.77 28.72 29.07 25.62 27.10 27.01 26.61 26.94 27.18 27.01 29.20 28.93 28.10 29.84 28.25 28.51 28.08 28.05 27.79 28.35 28.03 26.31 28.15 28.53 25.20 22.96 27.60 28.56 26.80 26.98 24.12 26.15 26.54 29.00 29.00 29.00 26.83 26.83 26.83 26.83 26.83 26.83 26.83 26.83 26.83 26.83 26.83 26.83 99999.90 99999.90 99999.90 99999.90 99999.90 99999.90 99999.90 99999.90 99999.90 99999.90 99999.90 99999.90 99999.90 99999.90 99999.90 99999.90 99999.90 99999.90 99999.90 99999.90
28.01 28.77 28.19 28.18 28.02 28.24 28.93 28.55 29.28 29.49 29.20 26.74 26.69 25.95 27.86 28.54 27.42 27.08 29.10 29.56 29.08 29.53 29.00 28.59 29.40 27.51 28.01 28.23 27.34 27.60 28.07 28.55 29.41 25.98 23.96 27.01 27.54 28.34 27.35 27.15 27.30 28.09 29.31 29.31 29.31 26.83 26.83 26.83 26.83 26.83 26.83 26.83 26.83 26.83 26.83 26.83 26.83 99999.90 99999.90 99999.90 99999.90 99999.90 99999.90 99999.90 99999.90 99999.90 99999.90 99999.90 99999.90 99999.90 99999.90 99999.90 99999.90 99999.90 99999.90 99999.90 99999.90
28.93 28.79 28.24 28.59 27.76 28.30 28.33 28.56 28.58 28.83 28.59 27.38 28.26 28.02 28.55 28.28 27.61 29.03 29.34 29.17 29.66 29.72 29.48 28.67 28.30 27.72 28.02 27.57 26.25 26.42 28.09 28.10 27.09 26.78 25.69 26.70 28.48 29.05 29.16 28.95 27.30 29.17 29.31 29.31 29.31 26.83 26.83 26.83 26.83 26.83 26.83 26.83 26.83 26.83 26.83 26.83 26.83 99999.90 99999.90 99999.90 99999.90 99999.90 99999.90 99999.90 99999.90 99999.90 99999.90 99999.90 99999.90 99999.90 99999.90 99999.90 99999.90 99999.90 99999.90 99999.90 99999.90
27.58 28.95 28.52 29.50 27.48 28.41 28.33 28.23 28.59 28.71 27.78 29.32 28.83 28.78 28.45 28.80 29.31 29.39 28.84 29.37 29.33 28.76 28.80 29.15 29.06 27.71 28.24 26.97 27.23 24.79 27.21 27.11 25.24 27.66 26.20 27.33 29.12 29.74 29.91 29.92 30.14 29.17 29.17 29.31 29.31 29.31 26.83 26.83 26.83 26.83 26.83 26.83 26.83 26.83 26.83 26.83 26.83 29.36 99999.90 99999.90 99999.90 99999.90 99999.90 99999.90 99999.90 99999.90 99999.90 99999.90 99999.90 99999.90 99999.90 99999.90 99999.90 99999.90 99999.90 99999.90 99999.90
28.66 29.17 29.22 28.86 28.20 28.86 28.01 27.86 28.60 29.02 28.19 28.92 27.97 28.40 27.77 28.02 29.16 29.39 28.40 28.64 28.89 27.25 28.90 28.92 29.03 29.14 28.40 27.39 26.87 27.13 26.57 28.63 26.16 28.67 27.44 27.70 29.04 29.76 29.30 29.69 30.14 30.14 29.17 29.17 29.31 29.31 26.83 26.83 26.83 26.83 26.83 26.83 26.83 26.83 26.83 26.83 26.83 30.36 30.36 30.36 99999.90 99999.90 99999.90 99999.90 99999.90 99999.90 99999.90 99999.90 99999.90 99999.90 99999.90 99999.90 99999.90 99999.90 99999.90 99999.90 99999.90
29.13 29.16 28.62 28.81 28.64 28.67 28.23 28.30 29.08 29.48 29.83 29.76 28.88 28.59 28.53 29.11 29.30 29.21 29.37 28.72 27.76 27.91 29.28 28.35 27.79 28.87 28.63 26.51 27.92 28.47 29.12 29.52 28.71 27.73 26.98 27.98 28.82 29.52 29.37 29.86 29.86 29.86 30.14 29.17 29.17 29.31 29.31 26.83 26.83 26.83 26.83 26.83 26.83 26.83 26.83 26.83 30.36 30.36 30.36 30.36 30.46 99999.90 99999.90 99999.90 99999.90 99999.90 99999.90 99999.90 99999.90 99999.90 99999.90 99999.90 99999.90 99999.90 99999.90 99999.90 99999.90
29.12 28.45 28.74 29.20 29.05 29.38 30.16 29.87 29.09 30.22 29.84 29.70 29.16 29.52 29.23 29.52 28.95 29.47 29.36 28.39 28.56 27.78 29.70 28.07 28.20 28.22 29.08 27.78 28.05 29.18 29.35 29.56 29.29 27.64 28.50 28.03 28.75 29.55 29.69 29.57 29.57 29.97 29.97 29.97 30.36 30.36 30.36 29.99 29.99 29.99 29.99 29.99 29.96 30.36 30.36 30.36 30.36 30.36 30.36 30.46 30.46 99999.90 99999.90 99999.90 99999.90 99999.90 99999.90 99999.90 99999.90 99999.90 99999.90 99999.90 99999.90 99999.90 99999.90 99999.90 99999.90
29.17 28.46 28.89 28.75 29.73 30.40 30.05 30.34 29.90 29.96 29.67 29.71 29.34 29.06 29.71 29.29 29.02 29.10 28.15 28.68 29.14 28.33 28.73 27.84 27.42 27.37 28.79 27.38 28.87 29.02 29.93 30.02 29.76 29.98 28.72 26.84 28.59 29.47 29.75 29.93 29.97 29.97 29.97 30.36 30.36 30.36 29.99 29.99 29.99 29.99 29.99 29.96 30.36 30.36 30.36 30.36 30.36 30.36 30.46 30.46 30.46 99999.90 99999.90 99999.90 99999.90 99999.90 99999.90 99999.90 99999.90 99999.90 99999.90 99999.90 99999.90 99999.90 99999.90 99999.90 99999.90
28.74 28.53 28.37 29.30 30.02 30.32 30.11 29.87 29.28 29.55 29.72 29.55 29.04 29.22 29.73 29.28 29.09 29.12 26.91 28.86 29.02 28.81 28.24 28.46 27.59 27.96 29.07 27.88 28.78 28.93 29.71 30.06 29.57 28.94 28.86 28.00 27.08 28.52 29.80 29.74 29.58 29.58 30.36 30.36 30.36 29.99 29.99 29.99 29.99 29.99 29.96 30.36 30.36 30.36 30.36 30.36 30.36 30.46 30.46 30.46 30.46 99999.90 99999.90 99999.90 99999.90 99999.90 99999.90 99999.90 99999.90 99999.90 99999.90 99999.90 99999.90 99999.90 99999.90 99999.90 99999.90
28.46 29.95 30.08 30.11 30.37 30.37 30.10 29.78 29.94 29.45 29.48 29.22 29.19 29.37 29.77 29.56 29.34 29.32 27.71 26.31 27.57 28.60 29.03 28.38 27.16 28.84 28.32 28.63 28.61 29.47 29.54 30.07 29.23 28.37 29.06 29.13 26.71 26.66 27.48 28.16 29.66 30.07 30.36 30.36 30.36 29.99 29.99 29.99 29.99 29.96 29.96 30.36 30.36 30.36 30.36 30.36 30.46 30.46 30.46 30.46 30.46 29.94 99999.90 99999.90 99999.90 99999.90 99999.90 99999.90 99999.90 99999.90 99999.90 99999.90 99999.90 99999.90 99999.90 99999.90 99999.90
30.02 29.88 29.30 30.27 30.42 30.15 29.47 29.63 29.48 29.02 28.95 29.11 29.49 28.91 29.27 29.35 28.37 28.99 28.39 28.85 28.60 27.59 29.57 28.41 25.96 28.35 28.46 29.17 29.02 29.58 29.94 29.10 28.32 27.85 28.53 28.65 28.34 27.18 25.26 27.50 29.46 29.32 30.28 30.28 29.97 29.99 29.99 29.99 29.96 29.96 30.36 30.36 30.36 30.36 30.36 30.46 30.46 30.46 30.46 30.46 30.46 29.94 99999.90 99999.90 99999.90 99999.90 99999.90 99999.90 99999.90 99999.90 99999.90 99999.90 99999.90 99999.90 99999.90 99999.90 99999.90
29.91 29.46 29.91 30.28 30.22 29.67 29.07 28.89 29.22 27.77 29.20 29.24 28.75 28.68 28.20 28.80 28.54 28.86 28.28 28.70 28.10 29.24 29.08 28.47 27.48 27.20 28.57 28.07 29.67 29.30 29.20 29.15 28.25 29.29 29.79 28.69 29.04 28.76 25.95 28.15 28.02 29.16 29.33 29.41 29.97 29.99 29.99 29.96 29.96 29.36 30.36 30.36 30.36 30.36 30.46 30.46 30.46 30.46 30.46 30.46 30.46 29.94 99999.90 99999.90 99999.90 99999.90 99999.90 99999.90 99999.90 99999.90 99999.90 99999.90 99999.90 99999.90 99999.90 99999.90 99999.90
30.07 29.52 30.28 30.01 30.18 29.12 28.84 28.02 29.26 28.92 28.57 28.23 29.05 28.60 27.82 27.52 28.75 28.87 29.26 28.84 29.69 28.83 29.77 28.78 29.14 28.25 28.00 28.07 29.04 27.91 27.15 28.32 27.48 29.83 30.10 28.58 27.17 29.03 26.97 25.28 27.29 27.62 28.01 28.71 28.25 29.00 29.96 29.96 29.36 30.36 30.36 30.36 30.36 30.46 30.46 30.46 30.46 30.46 30.46 30.46 30.46 29.94 99999.90 99999.90 99999.90 99999.90 99999.90 99999.90 99999.90 99999.90 99999.90 99999.90 99999.90 99999.90 99999.90 99999.90 99999.90
29.77 29.91 29.86 29.95 29.82 28.72 27.97 29.74 29.01 29.34 29.32 28.58 29.47 27.79 27.81 27.46 28.59 28.53 29.44 29.21 29.24 29.55 29.34 28.30 28.59 28.37 27.53 28.26 27.98 26.41 26.98 28.41 27.43 29.69 27.27 26.22 27.30 28.44 26.87 25.95 26.46 28.16 28.36 28.99 27.50 29.08 29.87 29.36 29.36 30.36 30.36 30.36 30.46 30.46 30.46 30.46 30.46 30.46 30.46 30.46 30.46 29.94 99999.90 99999.90 99999.90 99999.90 99999.90 99999.90 99999.90 99999.90 99999.90 99999.90 99999.90 99999.90 99999.90 99999.90 99999.90
29.83 29.55 29.78 29.99 29.81 29.79 29.22 29.70 29.36 29.25 29.44 28.84 28.75 27.34 27.78 27.40 28.83 29.14 28.86 29.46 29.77 29.89 29.05 28.44 27.43 28.36 28.34 27.85 27.75 27.67 26.81 26.83 26.35 28.20 26.22 28.51 29.10 28.54 27.56 26.58 26.76 27.27 27.28 27.88 27.41 29.25 28.26 28.48 29.63 30.36 30.36 30.46 30.46 30.46 30.46 30.46 30.46 30.46 30.46 30.46 30.46 29.94 30.03 30.03 99999.90 99999.90 99999.90 99999.90 99999.90 99999.90 99999.90 99999.90 99999.90 99999.90 99999.90 99999.90 99999.90
29.78 29.69 30.00 30.11 29.82 30.08 30.22 29.08 29.27 29.55 29.69 29.15 27.91 27.26 26.82 28.10 29.44 29.68 28.80 29.30 29.70 29.85 28.88 28.63 28.55 28.21 28.79 27.75 28.25 27.58 27.00 27.42 26.95 28.59 29.42 29.72 30.28 29.06 28.83 29.08 28.71 26.98 28.31 27.67 28.54 27.89 27.78 28.84 29.45 29.93 30.46 30.46 30.46 30.46 30.46 30.46 30.46 30.46 30.46 29.94 29.94 29.94 30.03 30.03 28.85 99999.90 99999.90 99999.90 99999.90 99999.90 99999.90 99999.90 99999.90 99999.90 99999.90 99999.90 99999.90
29.90 29.72 30.10 30.37 30.33 29.98 29.09 28.72 29.96 29.25 29.26 28.37 27.67 28.87 27.38 27.98 29.04 28.63 27.82 28.93 28.52 29.81 27.03 27.85 27.13 28.45 28.31 27.22 28.43 28.91 29.52 28.66 29.73 30.49 30.33 30.19 29.63 29.62 29.71 28.60 27.94 27.77 28.55 28.88 28.49 28.73 28.94 29.37 29.24 30.31 30.46 30.46 30.46 30.46 30.46 29.94 29.94 29.94 29.94 29.94 29.94 29.94 30.03 28.85 28.85 99999.90 99999.90 99999.90 99999.90 99999.90 99999.90 99999.90 99999.90 99999.90 99999.90 99999.90 99999.90
30.23 29.45 30.06 30.23 30.15 30.50 28.72 28.72 29.30 29.20 28.98 27.04 27.18 28.85 27.07 27.58 27.64 26.97 27.72 29.36 28.20 28.34 26.96 27.97 26.85 27.58 27.96 28.46 28.17 27.11 28.88 29.91 30.49 30.51 30.44 30.38 30.08 28.51 26.95 27.89 28.23 28.76 29.36 29.58 28.42 28.45 29.49 28.68 30.23 30.04 30.04 30.04 29.94 29.94 29.94 29.94 29.94 29.94 29.94 29.94 29.94 29.94 28.85 28.85 28.85 99999.90 99999.90 99999.90 99999.90 99999.90 99999.90 99999.90 99999.90 99999.90 99999.90 99999.90 99999.90
29.75 29.86 29.91 30.03 30.01 29.86 28.81 29.21 29.33 29.39 28.94 27.92 27.64 28.67 26.12 27.47 26.85 27.06 26.90 26.68 28.06 26.89 26.83 27.30 27.75 28.14 29.17 29.13 29.62 29.67 29.51 30.32 30.45 30.48 30.30 30.43 30.31 29.15 27.35 27.34 28.43 28.75 29.92 28.95 28.79 28.74 28.82 29.34 30.17 29.66 29.66 29.94 29.94 29.94 29.94 29.94 29.94 29.94 29.94 29.94 29.94 28.85 28.85 28.85 28.85 99999.90 99999.90 99999.90 99999.90 99999.90 99999.90 99999.90 99999.90 99999.90 99999.90 99999.90 99999.90
29.12 29.04 29.38 30.18 30.43 29.74 28.42 29.23 29.76 29.65 27.95 28.49 27.40 27.40 27.28 29.44 28.32 29.38 28.07 26.46 28.56 28.02 28.28 28.68 29.66 29.62 29.78 29.33 29.81 29.94 30.29 30.16 30.31 30.55 30.15 30.23 30.24 29.29 27.99 26.98 28.23 28.84 28.76 28.82 28.61 28.96 29.66 29.66 29.68 29.64 28.28 29.94 29.94 29.94 29.94 29.94 29.94 29.94 29.94 30.03 28.85 28.85 28.85 28.85 28.85 99999.90 99999.90 99999.90 99999.90 99999.90 99999.90 99999.90 99999.90 99999.90 99999.90 99999.90 99999.90
29.04 29.67 29.72 30.35 30.30 29.61 28.44 28.42 28.58 29.15 27.69 26.64 26.14 27.70 28.36 28.92 28.31 29.55 27.96 28.37 28.85 29.13 28.90 29.86 29.80 29.89 30.05 29.80 29.57 29.88 29.81 30.21 29.27 29.74 30.13 29.85 30.32 29.69 27.51 28.07 28.04 27.71 28.30 28.93 28.33 29.17 28.22 28.09 29.13 28.21 29.87 30.22 30.22 30.22 30.22 30.22 30.22 30.03 30.03 28.85 28.85 28.85 28.85 28.85 28.85 99999.90 99999.90 99999.90 99999.90 99999.90 99999.90 99999.90 99999.90 99999.90 99999.90 99999.90 99999.90
29.93 30.37 30.06 30.61 30.19 30.05 27.88 29.41 28.12 28.42 27.86 26.36 27.42 27.11 28.15 28.18 28.62 28.90 28.71 29.08 29.37 29.94 29.31 29.66 29.66 29.55 28.79 28.91 29.74 29.06 29.42 29.18 28.76 28.99 29.52 29.58 29.82 30.10 29.17 28.96 28.16 26.98 27.53 27.91 28.66 29.15 27.92 27.25 26.15 28.84 29.96 29.87 29.87 29.87 29.87 30.03 30.03 30.03 28.85 28.85 28.85 28.85 28.85 28.85 28.85 30.22 99999.90 99999.90 99999.90 99999.90 99999.90 99999.90 99999.90 99999.90 99999.90 99999.90 99999.90
30.00 30.33 30.60 30.61 30.42 30.15 29.04 29.42 28.30 29.29 28.51 26.32 26.47 28.66 28.33 28.01 29.65 29.83 30.05 29.91 29.94 29.39 29.00 28.27 28.62 29.37 28.40 28.85 29.26 29.05 29.30 29.34 28.46 28.85 28.56 28.36 29.45 29.75 29.52 29.61 28.98 27.93 27.54 28.47 28.20 29.38 29.42 27.14 26.80 28.88 29.30 30.28 30.28 30.28 30.03 30.03 30.03 28.85 28.85 28.85 28.85 28.85 28.85 28.85 28.85 30.22 99999.90 99999.90 99999.90 99999.90 99999.90 99999.90 99999.90 99999.90 99999.90 99999.90 99999.90
30.26 30.45 30.57 30.37 30.16 30.05 29.32 29.62 28.52 28.72 27.92 26.88 28.28 28.85 29.00 29.48 29.56 30.15 29.84 28.02 28.82 28.25 27.50 28.43 28.30 28.30 27.70 28.27 29.45 29.85 29.59 29.76 29.53 28.58 29.40 29.92 29.14 29.50 29.64 28.81 28.76 28.02 28.51 28.47 28.01 28.52 29.41 28.28 28.92 28.86 28.53 30.10 30.10 30.03 30.03 30.03 28.85 28.85 28.85 28.85 28.85 28.85 28.85 28.85 28.85 30.22 99999.90 99999.90 99999.90 99999.90 99999.90 99999.90 99999.90 99999.90 99999.90 99999.90 99999.90
30.22 30.53 30.48 30.13 30.15 30.13 29.66 29.70 29.42 29.13 28.20 29.03 29.19 29.10 29.03 29.26 28.59 28.80 28.44 27.44 28.05 27.56 27.68 27.96 28.54 28.98 30.15 30.07 30.04 30.34 29.61 29.38 28.63 29.29 29.07 29.72 30.29 29.76 29.22 29.14 28.94 28.65 28.61 27.73 28.65 27.72 29.21 28.61 28.74 29.28 28.49 29.17 29.13 30.03 30.03 28.85 28.85 28.85 28.85 28.85 28.85 28.85 28.85 28.85 28.85 30.22 30.22 99999.90 99999.90 99999.90 99999.90 99999.90 99999.90 99999.90 99999.90 99999.90 99999.90
30.53 30.23 30.02 29.99 29.66 29.18 29.81 29.97 30.08 30.00 29.97 29.78 29.59 28.53 29.58 29.20 28.17 28.69 27.97 27.31 28.23 27.23 27.27 28.09 29.22 29.20 30.05 29.36 29.44 29.63 29.65 29.22 29.30 29.88 29.58 29.99 30.01 30.00 29.85 29.65 28.86 28.67 28.35 28.38 28.85 27.98 28.86 29.24 30.32 28.70 28.47 29.50 29.63 28.83 28.85 28.85 28.85 28.85 28.85 28.85 28.85 28.85 28.85 28.85 28.85 30.22 30.22 99999.90 99999.90 99999.90 99999.90 99999.90 99999.90 99999.90 99999.90 99999.90 99999.90
30.25 30.18 29.75 28.43 28.61 29.05 29.05 29.28 29.35 29.79 29.58 29.56 29.63 29.26 29.44 29.10 29.50 28.61 28.67 28.60 28.64 28.43 28.07 28.84 29.39 28.22 28.09 28.82 29.80 29.55 29.83 29.44 29.68 30.14 30.20 30.08 29.93 30.19 29.94 29.76 29.54 28.60 28.83 29.37 29.31 29.14 28.99 29.65 29.25 28.91 27.41 28.33 27.85 28.99 29.71 29.71 29.71 29.71 29.71 29.71 29.71 29.71 29.71 29.71 29.71 30.13 30.13 30.13 30.13 30.13 30.13 30.13 30.13 30.13 30.13 99999.90 99999.90
30.06 30.31 28.65 27.92 29.06 29.25 29.75 29.70 29.51 29.08 29.23 28.84 29.29 29.63 29.71 29.70 29.37 27.85 28.36 29.23 29.64 28.95 27.61 28.78 28.67 29.38 28.92 28.31 29.17 29.68 29.99 30.13 30.06 30.23 30.52 30.31 30.45 30.55 30.32 29.94 29.54 29.55 29.99 29.91 29.35 29.81 29.55 29.44 28.71 28.26 27.23 28.60 29.28 29.91 30.34 30.34 30.34 30.34 30.34 30.34 30.34 30.34 30.34 30.22 30.13 30.13 30.13 30.13 30.13 30.28 30.28 30.28 30.28 30.28 30.28 30.28 30.28
29.58 29.81 28.40 27.77 28.69 29.58 30.20 29.23 28.73 28.65 28.78 28.73 29.11 29.55 29.83 29.22 28.92 28.98 28.75 28.52 29.16 28.45 28.89 28.70 29.61 29.71 29.31 29.36 29.25 28.93 29.74 29.35 29.87 30.38 30.34 30.51 30.48 30.50 29.65 29.45 29.74 30.13 29.56 29.31 30.11 30.30 30.21 29.33 28.33 28.31 28.20 28.66 29.42 30.09 30.39 30.39 30.39 30.39 30.39 30.39 30.22 30.22 30.22 30.13 30.13 30.13 30.13 30.13 30.13 30.28 30.28 30.28 30.28 30.28 30.28 30.28 30.28
29.52 29.32 28.88 29.07 28.77 29.99 29.80 29.57 28.86 28.86 29.08 28.69 29.08 29.10 29.77 29.36 29.14 29.01 28.94 29.56 27.68 29.32 28.33 28.46 29.16 29.25 29.62 29.35 29.75 28.55 29.56 29.72 29.49 29.10 29.78 29.95 29.43 29.75 29.19 29.30 29.52 29.39 29.94 29.64 29.98 30.12 29.42 28.85 29.05 28.90 28.72 28.66 28.81 30.15 30.60 30.60 30.60 30.22 30.22 30.22 30.22 30.22 30.22 30.13 30.13 30.13 30.13 30.13 30.13 30.28 30.28 30.28 30.28 30.28 29.22 29.22 29.22
29.24 28.12 28.98 29.53 29.68 29.62 29.90 30.10 29.81 29.36 28.69 28.82 29.01 29.30 29.60 29.65 29.79 28.91 28.80 27.90 28.69 28.43 28.54 29.26 29.84 29.37 29.69 29.40 29.06 28.91 28.46 29.30 28.76 28.93 29.40 29.74 29.42 29.90 29.94 29.80 29.97 29.15 29.65 30.11 29.43 29.08 29.73 29.73 29.76 29.83 29.68 29.60 29.57 29.75 30.47 30.47 30.22 30.22 30.22 30.22 30.22 30.22 30.13 30.13 30.13 30.13 30.13 30.13 30.28 30.28 30.28 30.28 30.28 30.28 29.22 29.22 29.22
28.05 28.20 28.34 28.93 29.41 29.94 29.91 30.22 29.79 29.44 29.04 28.08 28.54 28.75 29.08 29.54 29.40 29.07 28.54 28.82 28.63 28.56 28.46 28.92 29.24 28.94 29.33 29.21 29.06 28.62 28.40 29.41 29.49 28.36 28.82 29.76 29.20 29.92 29.90 29.73 29.35 29.57 29.46 29.36 30.09 30.20 30.02 30.37 30.45 30.24 30.00 28.50 28.97 29.48 30.07 30.22 30.22 30.22 30.22 30.22 30.22 30.22 30.13 30.13 30.13 30.13 30.13 30.13 30.28 30.28 30.28 30.28 30.28 30.28 29.22 29.22 29.22
