main/data/irradiance/20.10.2023.grid
ncols 839
nrows 679
xllcenter 112.0500
yllcenter -43.9500
cellsize 0.0500
nodata_value 99999.90
[rows 306 to 339 of 679, columns 308 to 384 of 839]
27.23 27.22 27.11 27.30 27.29 27.32 27.31 27.26 26.87 27.05 27.09 27.09 27.13 27.23 27.25 27.25 27.19 27.09 27.03 26.88 26.63 27.36 27.09 26.76 27.00 27.26 27.25 27.27 27.24 27.17 26.93 26.64 26.71 27.22 27.16 27.21 27.02 27.25 27.35 27.40 27.36 27.31 26.99 26.65 27.08 27.15 27.07 27.20 26.89 27.07 27.34 27.44 27.32 27.31 27.24 27.20 27.27 27.25 27.42 27.41 27.43 27.38 26.91 27.13 27.36 27.30 27.10 27.23 27.22 27.19 27.28 27.31 27.34 27.34 27.30 27.33 27.44
27.24 27.20 27.14 27.21 27.31 27.30 27.28 27.24 26.80 27.11 27.23 27.18 27.10 27.28 27.24 27.25 27.20 27.21 27.01 26.73 26.51 26.99 27.20 26.93 26.90 26.92 27.03 27.08 27.12 27.01 26.54 26.58 26.80 27.27 26.94 27.31 27.14 27.09 27.14 27.37 27.34 27.21 26.64 26.56 26.79 27.16 26.99 27.02 26.74 27.11 27.15 27.14 27.03 27.30 27.19 27.03 27.22 27.15 27.18 27.26 27.44 27.33 27.31 27.30 27.36 27.31 27.35 27.27 27.25 27.19 27.25 27.27 27.37 27.26 27.32 27.46 27.46
27.15 27.12 27.16 27.25 27.22 27.29 27.28 27.23 27.16 26.94 27.07 27.21 27.20 27.16 27.20 27.22 27.21 27.18 27.12 26.94 26.39 26.80 27.29 27.07 26.24 26.71 27.00 26.96 26.94 26.81 26.50 26.82 26.61 26.84 27.04 27.12 27.15 26.85 27.01 27.33 27.11 27.19 26.61 26.77 27.04 26.77 26.78 27.11 27.29 27.24 27.06 27.00 27.12 27.23 27.16 27.13 27.34 27.22 27.13 27.16 27.25 27.45 27.39 27.38 27.34 27.43 27.45 27.29 27.13 27.06 27.06 27.05 27.26 27.37 27.39 27.45 27.42
27.12 26.96 27.04 27.14 27.18 27.25 27.32 27.34 27.28 27.13 27.08 27.17 27.31 27.26 27.15 27.16 27.21 27.24 27.18 27.12 26.63 26.59 27.01 27.21 26.81 27.05 27.13 27.12 27.05 27.01 26.78 26.73 26.77 26.68 27.05 27.28 27.09 26.99 27.13 27.21 27.11 27.07 26.68 26.88 27.09 26.82 26.77 27.05 27.30 27.27 27.18 27.20 27.19 27.21 27.12 27.05 27.20 27.26 27.15 27.09 27.15 27.28 27.28 27.39 27.45 27.53 27.51 27.38 27.27 27.13 27.04 27.20 27.25 27.43 27.43 27.43 27.36
26.91 26.91 26.98 27.07 27.24 27.22 27.27 27.34 27.26 27.18 27.07 27.03 27.20 27.17 27.19 27.22 27.24 27.29 27.23 27.19 27.07 26.88 26.73 26.79 27.00 27.16 27.20 27.18 27.08 27.10 27.14 26.94 26.90 26.64 26.54 27.22 27.17 27.01 26.93 26.80 27.01 27.13 27.07 26.77 26.80 26.91 26.74 26.92 27.05 27.24 27.29 27.34 27.31 27.25 27.20 27.09 26.98 27.13 27.32 27.21 27.19 27.25 27.19 27.15 27.50 27.57 27.56 27.44 27.27 27.19 27.16 27.14 27.27 27.41 27.43 27.38 27.41
27.05 26.79 27.07 27.14 27.28 27.30 27.29 27.30 27.25 27.23 27.23 26.95 27.03 27.08 27.00 27.16 27.22 27.23 27.29 27.22 27.05 27.18 26.95 26.75 27.05 27.15 27.03 27.25 27.09 27.20 27.25 27.15 26.96 26.82 26.74 26.71 26.97 26.97 26.94 26.84 26.79 27.06 27.19 26.90 27.01 26.94 27.01 27.06 26.91 27.13 27.27 27.37 27.35 27.36 27.28 27.28 26.90 27.07 27.23 27.18 27.27 27.26 27.18 27.28 27.31 27.39 27.44 27.41 27.45 27.28 27.22 27.25 27.28 27.33 27.39 27.36 27.45
27.03 26.75 26.83 27.01 27.13 27.21 27.31 27.30 27.30 27.34 27.26 27.17 26.91 26.77 26.89 26.94 27.10 27.13 27.14 27.17 27.14 27.19 27.17 26.75 26.83 27.14 27.04 27.14 27.18 27.25 27.25 27.22 27.06 27.01 27.02 26.71 26.73 26.88 26.95 27.10 27.05 27.05 27.05 27.05 27.09 27.04 27.21 27.15 26.91 26.94 27.15 27.23 27.31 27.22 27.18 27.21 27.10 27.00 27.10 27.18 27.28 27.25 27.05 27.21 27.25 27.36 27.49 27.33 27.25 27.19 27.09 27.21 27.35 27.33 27.25 27.12 27.33
27.21 27.08 26.87 26.85 27.22 27.27 27.30 27.32 27.33 27.30 27.22 27.27 27.20 26.88 26.58 26.78 27.00 27.05 27.04 27.09 27.04 27.09 27.19 26.87 26.90 26.74 26.74 27.11 26.96 27.16 27.27 27.25 27.17 27.14 26.94 26.77 26.86 26.95 26.93 27.06 27.12 26.92 27.13 27.02 27.03 27.12 27.11 27.10 26.90 26.83 27.06 27.10 27.04 27.15 27.04 27.25 27.34 27.23 27.20 27.22 27.31 27.31 27.18 27.07 27.13 27.32 27.30 27.29 27.26 27.21 27.15 27.14 27.25 27.30 27.24 27.28 27.29
27.28 27.35 27.08 26.92 26.79 27.05 27.22 27.24 27.32 27.37 27.30 27.29 27.28 27.14 26.80 26.61 26.70 26.87 27.02 26.98 27.05 27.20 27.18 27.01 26.95 26.89 26.67 26.60 26.96 27.07 27.18 27.33 27.24 27.19 27.07 27.05 26.89 27.04 26.94 26.85 26.80 27.13 27.25 27.15 27.11 27.21 27.21 27.18 27.14 27.00 26.99 26.99 26.97 26.95 27.04 27.20 27.36 27.30 27.17 27.33 27.30 27.28 27.22 27.05 26.94 27.16 27.29 27.27 27.27 27.31 27.25 27.05 27.04 27.17 27.23 27.24 27.29
27.32 27.24 27.23 27.13 27.07 27.10 27.22 27.25 27.25 27.28 27.34 27.32 27.29 27.24 27.10 27.09 26.53 26.80 26.97 26.91 26.96 27.15 26.94 27.07 27.20 27.12 27.02 26.77 26.68 26.94 27.11 27.29 27.29 27.15 27.11 27.12 27.02 27.08 27.07 26.93 26.74 26.97 27.06 26.88 27.10 27.24 27.31 27.26 27.29 27.18 27.15 27.06 27.04 27.02 26.96 27.09 27.28 27.32 27.24 27.35 27.35 27.32 27.26 27.12 27.08 27.02 27.08 27.17 27.25 27.24 27.19 27.06 27.01 27.18 27.16 27.19 27.30
27.28 27.27 27.26 27.22 27.11 27.26 27.30 27.29 27.26 27.32 27.33 27.28 27.27 27.27 27.19 27.22 27.09 26.96 27.09 27.10 27.02 27.10 27.09 27.22 27.28 27.20 27.11 26.93 26.66 26.59 27.00 27.22 27.37 27.33 27.24 27.21 27.09 27.14 27.06 26.96 26.66 26.58 26.88 26.91 27.14 27.26 27.33 27.28 27.30 27.26 27.25 27.15 27.16 27.07 26.89 26.91 26.95 27.20 27.30 27.24 27.31 27.33 27.24 27.17 27.23 27.07 27.03 27.05 27.17 27.09 27.16 27.16 27.12 27.14 27.21 27.14 27.29
27.25 27.26 27.31 27.29 27.28 27.22 27.30 27.32 27.30 27.33 27.38 27.39 27.35 27.28 27.18 27.24 27.09 26.94 27.09 27.14 27.07 27.05 27.00 27.17 27.08 27.18 27.10 27.12 27.06 26.99 26.98 27.17 27.19 27.24 27.23 27.11 27.11 27.12 27.09 27.09 26.90 26.73 26.53 26.85 27.11 27.12 27.18 27.33 27.33 27.28 27.25 27.25 27.24 27.20 26.99 26.85 26.88 26.97 27.08 27.25 27.29 27.30 27.32 27.30 27.26 27.26 27.14 27.08 27.07 27.04 27.12 27.14 27.10 27.09 27.19 27.17 27.27
27.20 27.22 27.19 27.37 27.29 27.25 27.28 27.30 27.28 27.30 27.33 27.34 27.35 27.35 27.17 27.04 27.18 27.18 27.05 27.15 27.16 27.16 27.18 27.12 27.06 27.11 27.05 27.15 27.11 27.17 27.20 27.10 27.24 27.27 27.21 27.18 27.18 27.12 27.07 27.08 27.15 27.09 26.86 26.78 26.90 27.06 27.08 27.22 27.26 27.18 27.07 27.15 27.15 27.25 27.14 27.01 26.93 26.92 27.09 27.27 27.24 27.24 27.24 27.30 27.34 27.28 27.27 27.23 27.23 27.22 27.13 26.98 27.04 27.04 27.13 27.14 27.25
27.20 27.27 27.25 27.34 27.24 27.24 27.31 27.34 27.33 27.35 27.32 27.36 27.40 27.36 27.24 27.23 27.22 27.26 27.23 27.23 27.13 27.14 27.21 27.26 27.20 27.18 27.22 27.20 27.17 27.05 27.19 27.22 27.18 27.24 27.27 27.21 27.23 27.15 27.15 27.11 27.13 27.12 27.14 27.16 27.01 27.13 27.11 27.05 27.06 27.08 27.17 27.17 27.09 27.19 27.18 27.10 27.12 27.10 27.06 27.17 27.24 27.27 27.24 27.26 27.25 27.27 27.26 27.31 27.32 27.26 27.27 27.28 27.14 27.10 27.04 27.11 27.19
27.35 27.29 27.22 27.23 27.25 27.23 27.30 27.29 27.30 27.30 27.29 27.34 27.27 27.31 27.33 27.22 27.19 27.19 27.23 27.26 27.22 27.22 27.14 27.14 27.15 27.13 27.15 27.12 27.02 27.19 26.99 27.20 27.16 27.01 27.11 27.20 27.12 27.14 27.17 27.16 27.11 27.13 27.18 27.26 27.12 27.04 27.09 27.12 27.18 27.23 27.19 27.17 27.16 27.21 27.17 27.11 27.11 27.02 27.08 27.22 27.25 27.24 27.23 27.27 27.25 27.29 27.35 27.35 27.36 27.23 27.22 27.21 27.23 27.13 27.10 27.11 27.19
27.28 27.11 27.25 27.24 27.36 27.37 27.28 27.28 27.34 27.34 27.36 27.37 27.31 27.22 27.20 27.17 27.26 27.26 27.26 27.29 27.28 27.27 27.21 27.17 27.16 27.13 27.03 27.07 26.77 27.08 27.10 27.19 27.19 27.24 27.18 27.05 27.16 27.10 27.16 27.18 27.07 27.06 27.05 27.14 27.12 27.18 27.15 27.17 27.13 27.07 27.14 27.11 27.08 27.09 27.12 27.15 27.09 27.02 27.03 27.33 27.32 27.23 27.26 27.28 27.28 27.25 27.28 27.32 27.28 27.22 27.08 27.10 27.10 27.05 27.02 27.17 27.18
27.19 27.09 27.22 27.25 27.34 27.27 27.27 27.30 27.30 27.31 27.32 27.32 27.24 27.23 27.09 27.25 27.27 27.21 27.20 27.19 27.14 27.25 27.22 27.23 27.24 27.19 27.05 26.99 26.78 26.91 27.04 27.10 27.13 27.20 27.21 27.15 27.02 27.05 27.13 27.11 27.06 26.84 26.84 26.89 26.96 27.13 27.07 27.20 27.15 27.11 27.17 27.20 27.15 27.08 27.04 27.01 26.76 26.72 26.84 27.16 27.25 27.08 27.23 27.24 27.25 27.18 27.17 27.27 27.16 27.19 27.14 26.95 26.80 26.94 26.98 27.06 27.10
27.20 27.23 27.21 27.16 27.18 27.24 27.33 27.30 27.27 27.29 27.27 27.24 27.28 27.24 27.18 27.09 27.17 27.25 27.19 27.16 27.11 27.28 27.25 27.20 27.15 27.21 27.25 27.15 27.04 27.02 27.09 27.14 27.17 27.13 27.05 27.24 27.27 27.22 27.05 27.03 26.96 26.90 26.77 26.67 26.89 27.08 27.10 27.17 27.16 27.13 27.08 27.16 27.18 27.16 27.03 27.00 26.86 26.64 26.78 27.03 27.05 27.12 27.27 27.21 27.14 27.03 27.01 27.05 27.08 27.09 26.87 26.66 26.69 26.85 26.90 26.81 27.03
27.19 27.03 27.14 27.29 27.24 27.28 27.26 27.30 27.23 27.29 27.29 27.27 27.29 27.09 27.12 27.03 27.12 27.18 27.24 27.31 27.31 27.29 27.20 27.14 27.16 27.16 27.14 27.11 27.18 26.97 27.09 27.14 27.14 27.08 27.13 27.08 27.24 27.21 27.08 26.81 26.64 26.67 26.60 26.67 26.90 27.03 27.08 27.12 27.16 27.09 27.07 27.09 27.21 27.14 27.10 26.98 26.87 26.73 26.90 27.01 26.93 27.02 27.19 27.11 27.10 26.99 27.10 27.09 26.99 26.98 26.78 26.63 26.66 26.77 26.71 26.84 26.90
27.22 27.03 27.32 27.18 27.18 27.22 27.27 27.05 27.16 27.26 27.31 27.33 27.26 27.15 27.14 27.13 27.07 27.10 27.16 27.16 27.23 27.25 27.21 27.19 27.15 27.23 27.18 27.11 27.16 27.03 27.06 27.13 27.05 27.00 27.09 27.07 27.19 27.17 27.07 26.98 26.88 26.73 26.57 26.49 26.61 26.61 26.65 26.95 27.09 26.94 26.88 26.99 27.13 27.01 26.88 27.00 26.82 26.58 26.70 26.88 26.88 26.97 27.09 27.07 27.03 27.05 27.11 27.19 27.09 27.09 26.93 26.73 26.78 26.79 26.79 26.63 26.69
27.36 27.17 27.31 27.14 27.12 27.23 27.19 27.20 27.24 27.20 27.34 27.35 27.22 27.18 27.19 27.23 27.22 27.32 27.26 27.25 27.22 27.23 27.25 27.17 27.17 27.15 27.20 27.13 27.14 27.14 27.16 27.22 26.98 26.77 26.96 26.97 27.07 27.09 27.17 27.12 27.07 26.79 26.69 26.61 26.77 26.85 26.83 26.81 26.69 26.90 27.02 26.99 26.95 27.03 27.01 26.89 26.99 26.84 26.84 26.81 26.93 26.91 26.99 27.01 27.07 26.96 26.84 26.85 26.97 26.93 26.90 26.87 26.91 27.01 27.04 27.01 26.94
27.34 27.24 27.25 27.21 27.08 27.10 27.16 27.22 27.18 27.09 27.19 27.22 27.23 27.15 27.25 27.28 27.14 27.27 27.33 27.08 27.17 27.28 27.29 27.24 27.17 27.21 27.23 27.13 27.15 27.19 27.21 27.10 27.15 26.99 26.97 26.97 27.04 27.08 26.92 26.88 27.10 27.02 26.81 26.80 26.91 26.99 26.98 26.91 26.88 27.00 26.92 26.80 26.87 26.89 26.92 26.86 26.75 26.69 26.98 27.02 27.10 27.01 27.00 27.03 27.07 26.79 26.65 26.64 26.75 26.78 26.72 26.69 26.77 26.84 26.99 27.10 27.13
27.24 27.23 27.27 27.11 27.14 27.05 27.03 27.11 27.11 27.11 27.23 27.26 27.25 27.21 27.22 27.22 27.13 27.23 27.29 27.11 27.09 27.16 27.20 27.17 27.11 27.11 27.17 27.20 27.24 27.22 27.26 27.15 27.18 27.15 27.08 27.03 26.97 26.91 27.07 26.98 26.96 26.89 26.96 26.96 26.95 26.89 26.96 26.98 26.95 26.91 26.88 26.76 26.69 26.86 26.89 26.96 26.93 26.91 26.89 26.95 27.11 27.12 27.08 27.05 27.04 26.93 26.83 26.96 26.86 26.83 26.86 26.83 26.83 26.87 27.09 27.09 27.14
27.13 27.07 27.06 26.92 27.08 27.11 27.14 27.15 27.13 27.01 27.04 27.16 27.17 27.09 27.15 27.26 27.23 27.22 27.17 27.17 27.17 27.20 27.20 27.16 27.15 27.16 27.16 27.17 27.18 27.18 27.19 27.19 27.17 27.13 27.21 27.10 27.06 27.08 27.09 27.06 27.05 26.99 27.00 27.02 27.08 27.00 27.00 27.03 27.06 26.96 26.95 26.95 26.89 26.92 26.93 26.99 26.94 26.94 26.91 26.97 27.09 27.14 27.17 27.11 27.10 27.07 27.02 27.04 27.04 26.94 27.04 27.04 26.87 26.83 27.00 27.17 27.14
27.21 27.07 27.02 27.02 27.02 27.10 27.10 27.14 27.11 27.06 26.97 27.12 27.14 27.09 27.16 27.18 27.18 27.15 27.13 27.07 27.09 27.17 27.22 27.18 27.13 27.17 27.16 27.16 27.19 27.15 27.16 27.19 27.18 27.17 27.24 27.21 27.11 27.14 27.15 27.14 27.09 27.04 26.99 27.05 27.07 27.07 27.05 27.01 27.05 27.12 27.04 27.03 27.01 26.97 26.98 27.05 27.06 26.95 26.83 26.89 26.98 27.04 27.15 27.12 27.02 27.01 27.09 27.14 27.11 26.99 26.95 26.96 26.98 26.75 26.93 27.17 27.19
27.16 27.26 27.25 27.11 27.01 27.01 27.06 27.08 27.11 27.07 27.07 27.08 27.14 27.10 27.16 27.14 27.16 27.11 27.05 27.02 27.05 27.10 27.11 27.14 27.12 27.17 27.21 27.17 27.11 27.11 27.18 27.15 27.20 27.14 27.14 27.14 27.14 27.11 27.10 27.11 27.11 27.09 27.08 27.12 27.10 27.08 27.11 27.02 26.94 27.12 27.12 27.06 27.03 27.03 27.03 27.08 27.06 27.04 26.97 26.98 26.92 26.89 27.01 27.11 27.07 27.04 27.06 27.01 27.10 27.03 26.98 27.04 27.09 26.90 26.96 27.12 27.17
27.16 27.20 27.24 27.16 26.98 26.95 27.03 27.07 27.10 27.07 27.12 27.13 27.08 27.16 27.17 27.20 27.16 27.19 27.14 27.14 27.13 27.16 27.13 27.16 27.14 27.17 27.15 27.14 27.13 27.16 27.15 27.15 27.12 27.15 27.26 27.21 27.15 27.13 27.10 27.08 27.11 27.09 27.06 27.08 27.10 27.12 27.15 27.04 27.02 27.09 27.09 27.07 27.07 27.09 27.07 27.05 27.08 27.06 27.04 27.04 27.06 27.04 27.06 27.16 27.16 27.08 27.03 26.95 27.02 27.13 27.10 27.11 27.05 26.93 26.96 27.13 27.16
27.20 27.13 27.14 27.18 27.07 27.03 27.08 27.11 27.10 27.08 27.13 27.13 27.13 27.08 27.13 27.24 27.20 27.16 27.22 27.19 27.17 27.18 27.17 27.20 27.16 27.15 27.13 27.18 27.19 27.18 27.17 27.18 27.19 27.21 27.21 27.20 27.16 27.12 27.11 27.11 27.13 27.12 27.15 27.15 27.14 27.14 27.13 27.09 27.05 27.06 27.07 27.09 27.10 27.11 27.09 27.02 27.10 27.10 27.09 27.03 27.06 27.06 27.02 26.99 27.01 27.13 27.12 27.03 26.96 27.06 27.01 27.07 27.05 26.96 26.95 27.08 26.97
27.17 27.17 27.12 27.13 27.12 27.04 27.06 27.00 26.97 27.09 27.10 27.11 27.11 27.10 27.11 27.18 27.19 27.17 27.20 27.18 27.13 27.16 27.15 27.17 27.19 27.19 27.20 27.21 27.19 27.14 27.19 27.18 27.16 27.14 27.13 27.10 27.11 27.12 27.10 27.09 27.04 27.04 27.11 27.14 27.13 27.13 27.12 27.14 27.10 27.07 27.09 27.08 27.09 27.11 27.08 27.02 27.01 27.06 27.07 27.01 27.02 27.07 27.07 27.07 26.96 27.07 27.15 27.14 27.11 27.12 27.10 27.14 27.13 27.12 27.08 27.10 27.03
27.17 27.17 27.17 27.17 27.16 27.09 27.05 27.12 27.10 27.08 27.10 27.09 27.08 27.10 27.09 27.11 27.17 27.16 27.15 27.14 27.13 27.14 27.22 27.19 27.20 27.16 27.18 27.19 27.17 27.23 27.21 27.20 27.15 27.14 27.12 27.11 27.06 27.10 27.10 27.07 27.06 27.06 27.04 27.06 27.10 27.13 27.10 27.06 27.09 27.11 27.11 27.09 27.07 27.08 27.06 27.03 27.06 27.07 27.10 27.12 27.11 27.11 27.08 27.08 27.11 27.12 27.16 27.11 27.10 27.14 27.16 27.11 27.13 27.14 27.15 27.13 27.10
27.10 27.11 27.17 27.16 27.20 27.18 27.06 27.04 27.13 27.08 27.08 27.06 27.10 27.09 27.07 27.06 27.08 27.08 27.11 27.15 27.18 27.14 27.18 27.17 27.16 27.17 27.18 27.20 27.19 27.21 27.23 27.17 27.12 27.09 27.10 27.13 27.09 27.09 27.06 27.10 27.03 27.01 27.01 27.03 27.01 27.06 27.09 27.06 27.04 27.07 27.10 27.11 27.09 27.09 27.08 27.08 27.09 27.08 27.07 27.09 27.10 27.12 27.11 27.06 27.10 27.09 27.09 27.16 27.11 27.13 27.18 27.15 27.11 27.10 27.11 27.10 27.11
27.09 27.12 27.17 27.19 27.16 27.17 27.06 27.07 27.10 27.14 27.10 27.10 27.07 27.07 27.06 27.04 27.07 27.11 27.11 27.16 27.16 27.13 27.18 27.15 27.15 27.16 27.15 27.16 27.14 27.15 27.14 27.15 27.15 27.11 27.11 27.10 27.08 27.04 27.04 27.07 27.00 27.03 27.07 27.08 27.04 27.06 27.04 27.05 27.06 27.08 27.06 27.08 27.09 27.08 27.05 27.01 26.99 27.01 27.01 27.05 27.09 27.09 27.09 27.09 27.03 27.00 26.95 27.08 27.08 27.10 27.11 27.09 26.99 26.93 27.07 27.08 27.06
27.20 27.14 27.10 27.15 27.15 27.14 27.12 27.08 27.07 27.05 27.11 27.14 27.11 27.06 27.07 27.12 27.14 27.14 27.12 27.13 27.15 27.15 27.15 27.15 27.14 27.16 27.17 27.14 27.14 27.15 27.18 27.16 27.14 27.14 27.12 27.08 27.04 27.00 27.01 27.01 27.05 27.05 27.04 27.07 27.04 27.03 27.06 27.03 27.02 27.05 27.07 27.07 27.05 27.05 27.07 27.05 27.01 26.99 26.99 27.04 27.09 27.09 27.10 27.10 27.08 27.02 27.00 27.07 27.12 27.13 27.11 27.04 27.06 26.99 26.99 26.95 26.91
27.26 27.23 27.20 27.20 27.15 27.18 27.16 27.16 27.12 27.08 27.11 27.11 27.17 27.14 27.11 27.14 27.12 27.11 27.14 27.09 27.10 27.17 27.16 27.18 27.18 27.18 27.17 27.16 27.18 27.17 27.16 27.16 27.15 27.16 27.14 27.11 27.07 27.02 26.97 26.98 27.00 27.08 27.05 27.04 27.00 27.04 27.06 27.04 27.06 27.05 27.04 27.04 27.02 27.05 27.06 27.03 26.98 26.99 27.01 27.03 27.09 27.10 27.07 27.06 27.08 27.10 27.02 27.08 27.08 27.11 27.04 26.99 27.05 27.07 26.99 26.96 26.75
