main/data/irradiance/21.04.2023.grid
ncols 839
nrows 679
xllcenter 112.0500
yllcenter -43.9500
cellsize 0.0500
nodata_value 99999.90
[rows 408 to 441 of 679, columns 308 to 384 of 839]
16.88 16.89 16.93 16.96 16.92 16.89 16.89 16.93 16.90 16.95 17.03 17.03 17.10 17.13 17.12 17.16 17.14 17.15 17.18 17.20 17.18 17.17 17.11 17.09 17.06 17.08 17.13 17.17 17.25 17.25 17.33 17.36 17.33 17.33 17.34 17.33 17.32 17.29 17.31 17.34 17.27 17.26 17.26 17.27 17.28 17.25 17.19 17.17 17.19 17.17 17.17 17.22 17.19 17.19 17.17 17.13 17.15 17.14 17.16 17.14 17.11 17.14 17.15 17.11 17.11 17.08 17.06 17.10 17.00 17.04 17.05 17.03 17.04 17.03 17.07 17.06 17.08
16.73 16.88 16.93 16.92 16.97 16.94 16.98 16.93 16.97 16.98 16.99 17.01 17.12 17.16 17.23 17.15 17.14 17.20 17.18 17.25 17.23 17.18 17.13 17.13 17.11 17.08 17.06 17.08 17.19 17.26 17.27 17.31 17.32 17.32 17.32 17.34 17.36 17.34 17.31 17.30 17.26 17.21 17.22 17.22 17.22 17.19 17.17 17.16 17.19 17.14 17.13 17.15 17.16 17.17 17.16 17.13 17.09 17.10 17.10 17.09 17.08 17.07 17.06 17.09 17.11 17.08 17.09 17.09 17.06 17.03 17.05 17.03 17.10 17.04 17.01 17.03 17.05
16.74 16.74 16.90 16.92 16.90 16.98 16.99 17.00 16.96 17.02 17.02 17.01 17.02 17.14 17.18 17.25 17.16 17.10 17.15 17.20 17.20 17.18 17.18 17.17 17.19 17.13 17.12 17.12 17.10 17.10 17.23 17.29 17.29 17.29 17.30 17.33 17.33 17.33 17.32 17.33 17.31 17.30 17.25 17.27 17.26 17.23 17.22 17.17 17.15 17.15 17.12 17.14 17.14 17.13 17.15 17.14 17.12 17.08 17.11 17.10 17.05 17.08 17.05 17.02 17.06 17.03 17.03 17.08 17.05 17.03 17.03 17.05 17.07 17.11 17.03 17.01 17.02
16.68 16.79 16.83 16.86 16.93 16.95 16.93 16.99 16.95 16.88 16.85 16.87 16.94 17.04 17.08 17.14 17.19 17.21 17.18 17.17 17.17 17.15 17.16 17.13 17.12 17.10 17.14 17.11 17.09 17.07 17.11 17.23 17.29 17.25 17.28 17.29 17.32 17.31 17.26 17.29 17.29 17.31 17.29 17.23 17.25 17.23 17.19 17.16 17.14 17.14 17.14 17.16 17.13 17.13 17.14 17.14 17.11 17.07 17.07 17.07 17.06 17.07 17.04 17.02 17.02 17.01 16.97 17.01 17.05 17.03 17.02 17.01 17.03 17.06 17.03 17.03 17.05
16.61 16.55 16.76 16.82 16.85 16.92 16.94 16.99 16.98 16.97 16.87 16.74 16.82 16.81 16.92 16.95 17.06 17.11 17.14 17.17 17.21 17.16 17.16 17.17 17.16 17.14 17.13 17.11 17.13 17.19 17.10 17.13 17.17 17.20 17.19 17.26 17.27 17.27 17.27 17.26 17.23 17.24 17.25 17.25 17.25 17.23 17.21 17.20 17.13 17.11 17.09 17.10 17.07 17.04 17.05 17.05 17.06 17.09 17.06 17.02 17.03 17.09 17.07 17.06 17.05 17.02 16.94 16.93 16.94 16.99 17.05 17.04 17.03 17.03 17.02 17.00 17.00
16.43 16.48 16.70 16.81 16.77 16.84 16.86 16.91 16.97 16.91 16.91 16.85 16.86 16.86 16.78 16.93 17.00 17.06 17.09 17.09 17.13 17.21 17.22 17.21 17.21 17.17 17.22 17.20 17.15 17.13 17.16 17.11 17.12 17.13 17.18 17.15 17.23 17.23 17.22 17.22 17.23 17.20 17.20 17.22 17.19 17.19 17.18 17.16 17.15 17.08 17.05 17.05 17.07 17.04 17.06 17.04 17.02 17.01 17.05 17.04 17.06 17.05 17.08 17.05 17.06 17.04 16.99 16.99 16.97 16.96 17.00 16.98 17.04 17.02 17.00 16.99 16.97
16.48 16.50 16.65 16.72 16.74 16.77 16.79 16.86 16.87 16.97 16.80 16.77 16.80 16.85 16.83 16.84 16.92 17.02 17.03 17.03 17.01 17.05 17.12 17.14 17.17 17.17 17.18 17.17 17.18 17.15 17.11 17.14 17.11 17.06 17.15 17.10 17.09 17.10 17.16 17.16 17.18 17.11 17.13 17.17 17.18 17.15 17.15 17.16 17.15 17.12 17.06 17.07 17.07 17.08 17.10 17.08 17.08 17.08 17.05 17.08 17.02 17.06 17.05 17.03 17.06 17.06 17.06 17.04 17.02 17.00 17.01 16.94 17.01 17.01 17.05 17.06 17.01
16.68 16.63 16.72 16.80 16.78 16.80 16.75 16.81 16.79 16.89 16.84 16.87 16.83 16.89 16.88 16.90 16.93 17.00 16.98 17.03 17.02 17.02 17.02 17.04 17.09 17.13 17.17 17.19 17.20 17.19 17.16 17.13 17.11 17.06 17.04 17.08 17.05 17.02 17.06 17.09 17.10 17.13 17.12 17.09 17.10 17.14 17.12 17.10 17.12 17.10 17.08 17.05 17.01 17.04 17.07 17.08 17.06 17.08 17.10 17.08 17.08 17.08 17.05 17.05 17.06 17.04 17.03 17.02 17.01 16.99 17.02 16.98 16.98 17.00 17.02 17.07 17.08
16.66 16.72 16.67 16.79 16.90 16.89 16.96 16.99 16.96 16.97 16.97 16.91 16.87 16.79 16.81 16.76 16.81 16.88 16.97 16.98 17.00 17.05 17.04 16.99 16.98 17.01 17.04 17.09 17.12 17.14 17.15 17.14 17.11 17.13 17.13 17.11 17.08 17.09 17.03 17.02 17.04 17.09 17.13 17.10 17.09 17.11 17.08 17.12 17.08 17.09 17.10 17.11 17.05 17.03 17.04 17.05 17.04 17.05 17.07 17.04 17.06 17.07 17.07 17.05 17.07 17.03 17.03 17.01 17.02 16.99 16.97 16.97 17.00 17.01 17.02 17.03 17.05
16.58 16.67 16.57 16.63 16.82 16.90 16.95 16.90 16.88 16.86 16.93 16.96 16.91 16.90 16.82 16.89 16.84 16.88 16.90 16.93 16.94 16.95 16.99 17.04 17.03 16.98 16.97 17.01 17.03 17.10 17.12 17.14 17.13 17.11 17.13 17.11 17.10 17.09 17.09 17.11 17.05 17.08 17.09 17.06 17.04 17.04 17.05 17.06 17.08 17.10 17.08 17.10 17.10 17.08 17.08 17.05 17.02 17.01 17.03 17.03 16.99 17.00 17.01 17.01 17.04 17.04 17.04 17.04 17.02 17.01 16.98 16.95 16.94 16.93 16.99 16.98 16.93
16.45 16.53 16.68 16.61 16.69 16.75 16.79 16.85 16.85 16.83 16.78 16.79 16.88 16.92 16.89 16.87 16.90 16.96 16.93 16.93 16.97 16.94 16.97 16.94 17.01 17.02 17.00 16.96 16.97 16.97 17.02 17.06 17.09 17.11 17.10 17.12 17.11 17.09 17.09 17.08 17.07 17.07 17.10 17.07 17.07 17.04 17.04 17.07 17.07 17.09 17.10 17.09 17.07 17.08 17.07 17.08 17.06 17.02 16.98 16.97 16.95 16.97 16.93 16.94 16.95 16.97 17.00 17.03 17.05 17.01 17.00 16.96 16.95 16.93 16.94 16.92 16.91
16.49 16.43 16.53 16.61 16.64 16.61 16.68 16.82 16.89 16.82 16.77 16.69 16.81 16.82 16.84 16.86 16.84 16.87 16.95 16.96 16.97 16.98 16.94 16.92 16.93 16.99 16.98 17.00 17.00 16.97 16.96 17.03 17.05 17.10 17.08 17.07 17.09 17.11 17.10 17.10 17.09 17.06 17.05 17.03 17.06 17.05 17.05 17.03 17.04 17.07 17.06 17.12 17.11 17.07 17.06 17.06 17.06 17.05 17.03 16.99 16.98 16.96 16.94 16.92 16.90 16.92 16.94 16.94 16.94 16.99 17.00 16.96 16.91 16.98 16.94 16.93 16.94
16.52 16.49 16.42 16.48 16.46 16.51 16.63 16.66 16.77 16.83 16.83 16.78 16.86 16.87 16.81 16.82 16.85 16.79 16.81 16.88 16.92 16.95 16.95 16.93 16.92 16.94 16.96 16.95 16.95 16.96 16.94 16.92 16.92 16.97 17.04 17.03 17.05 17.10 17.07 17.09 17.07 17.08 17.05 17.03 17.01 17.00 17.02 17.01 17.01 17.03 17.02 17.06 17.11 17.10 17.05 17.06 17.05 17.06 17.03 17.02 17.01 17.01 17.01 17.00 16.98 16.92 16.89 16.95 16.98 16.99 16.96 16.98 17.01 17.00 17.01 17.02 17.02
16.40 16.49 16.51 16.53 16.60 16.58 16.60 16.56 16.62 16.71 16.81 16.83 16.78 16.81 16.80 16.82 16.86 16.90 16.88 16.86 16.84 16.85 16.88 16.84 16.85 16.84 16.89 16.91 16.89 16.89 16.93 16.94 16.95 16.90 16.92 16.92 16.98 17.05 17.04 17.04 17.05 17.04 17.03 17.01 16.98 16.99 16.98 17.00 16.99 16.99 16.98 17.00 16.99 17.02 17.04 17.05 17.04 17.04 17.03 17.00 17.00 16.98 17.00 17.00 17.00 16.99 16.98 16.92 16.95 16.98 16.96 16.97 16.95 16.93 16.97 17.02 17.01
16.44 16.31 16.44 16.56 16.60 16.63 16.63 16.61 16.61 16.64 16.66 16.70 16.73 16.76 16.74 16.81 16.82 16.85 16.82 16.83 16.83 16.82 16.81 16.81 16.83 16.84 16.83 16.83 16.85 16.85 16.84 16.86 16.87 16.91 16.91 16.90 16.92 16.94 17.00 17.03 17.01 17.02 17.02 17.00 16.95 16.94 16.95 16.95 16.97 17.00 17.00 16.99 16.98 16.96 16.95 16.98 17.00 16.98 16.99 16.99 16.96 16.97 16.99 16.98 16.98 16.99 16.99 16.97 16.94 16.97 16.98 17.01 16.96 16.96 16.96 16.95 16.97
16.39 16.35 16.30 16.40 16.54 16.59 16.67 16.63 16.62 16.69 16.68 16.67 16.69 16.68 16.70 16.72 16.75 16.82 16.83 16.80 16.79 16.80 16.79 16.76 16.78 16.80 16.83 16.83 16.82 16.82 16.81 16.80 16.80 16.82 16.84 16.85 16.90 16.95 16.92 16.94 17.00 17.02 17.03 16.99 16.98 16.91 16.93 16.96 16.97 16.96 17.00 16.99 16.97 16.93 16.91 17.01 16.94 16.92 16.97 17.00 17.02 16.96 16.95 16.95 16.97 16.96 16.94 16.95 16.95 16.97 16.98 16.98 17.00 16.99 16.92 16.95 16.97
16.49 16.44 16.42 16.38 16.56 16.57 16.68 16.67 16.66 16.64 16.66 16.71 16.69 16.67 16.68 16.69 16.66 16.70 16.77 16.78 16.77 16.78 16.78 16.78 16.77 16.78 16.77 16.80 16.80 16.79 16.74 16.74 16.74 16.75 16.78 16.77 16.79 16.84 16.91 16.95 16.97 16.96 17.00 17.01 16.97 16.93 16.93 16.93 16.92 16.97 16.98 16.94 16.93 16.92 16.91 17.03 16.94 16.91 16.90 16.93 16.94 16.95 16.94 16.91 16.95 16.99 16.96 16.91 16.92 16.94 16.98 16.97 16.95 16.94 16.94 16.88 16.89
16.54 16.50 16.47 16.44 16.52 16.56 16.58 16.58 16.66 16.64 16.65 16.73 16.73 16.70 16.67 16.64 16.64 16.60 16.68 16.75 16.75 16.77 16.77 16.75 16.76 16.74 16.72 16.76 16.73 16.72 16.68 16.70 16.70 16.71 16.74 16.73 16.74 16.76 16.83 16.89 16.93 16.94 16.94 16.94 16.94 16.97 16.95 16.89 16.88 16.86 16.94 16.93 16.89 16.92 16.90 16.91 16.92 16.92 16.90 16.91 16.91 16.88 16.88 16.87 16.89 16.91 16.92 16.94 16.93 16.90 16.89 16.92 16.91 16.88 16.88 16.88 16.84
16.59 16.56 16.56 16.51 16.49 16.54 16.59 16.55 16.62 16.67 16.71 16.72 16.71 16.74 16.73 16.68 16.66 16.65 16.61 16.63 16.73 16.70 16.74 16.73 16.72 16.73 16.73 16.77 16.75 16.69 16.67 16.68 16.72 16.69 16.72 16.73 16.71 16.70 16.74 16.75 16.80 16.85 16.87 16.85 16.88 16.91 16.94 16.90 16.84 16.88 16.90 16.88 16.87 16.88 16.89 16.89 16.87 16.86 16.88 16.87 16.88 16.84 16.80 16.77 16.78 16.80 16.82 16.88 16.87 16.88 16.86 16.87 16.86 16.87 16.83 16.84 16.80
16.67 16.66 16.64 16.64 16.47 16.50 16.57 16.54 16.61 16.65 16.64 16.67 16.74 16.72 16.74 16.72 16.71 16.68 16.64 16.63 16.64 16.67 16.64 16.65 16.64 16.69 16.71 16.73 16.75 16.73 16.71 16.72 16.75 16.73 16.74 16.72 16.74 16.71 16.74 16.69 16.70 16.72 16.69 16.71 16.77 16.82 16.85 16.88 16.87 16.85 16.85 16.86 16.86 16.84 16.84 16.86 16.89 16.85 16.85 16.81 16.82 16.77 16.77 16.77 16.79 16.77 16.77 16.76 16.78 16.80 16.83 16.82 16.84 16.79 16.93 16.85 16.85
16.64 16.60 16.67 16.64 16.59 16.54 16.50 16.46 16.54 16.58 16.60 16.62 16.66 16.69 16.67 16.70 16.70 16.70 16.60 16.63 16.60 16.61 16.61 16.63 16.60 16.61 16.63 16.67 16.68 16.69 16.71 16.68 16.66 16.66 16.68 16.73 16.72 16.70 16.71 16.69 16.69 16.73 16.71 16.73 16.75 16.74 16.76 16.84 16.83 16.83 16.84 16.82 16.83 16.84 16.85 16.85 16.88 16.86 16.84 16.82 16.81 16.79 16.79 16.78 16.82 16.81 16.79 16.80 16.79 16.78 16.77 16.80 16.78 16.53 16.56 16.97 16.83
16.64 16.57 16.62 16.62 16.61 16.55 16.43 16.35 16.37 16.49 16.51 16.55 16.65 16.68 16.64 16.62 16.68 16.67 16.62 16.62 16.61 16.62 16.58 16.54 16.53 16.54 16.57 16.59 16.64 16.66 16.71 16.67 16.63 16.63 16.66 16.71 16.68 16.70 16.69 16.66 16.70 16.73 16.70 16.74 16.70 16.71 16.73 16.75 16.76 16.73 16.76 16.75 16.79 16.80 16.81 16.83 16.84 16.84 16.81 16.82 16.81 16.79 16.78 16.79 16.80 16.81 16.80 16.79 16.78 16.78 16.76 16.77 16.74 16.53 16.56 16.97 16.83
16.62 16.61 16.60 16.59 16.60 16.63 16.59 16.52 16.42 16.40 16.46 16.48 16.52 16.61 16.65 16.62 16.60 16.63 16.60 16.61 16.62 16.64 16.63 16.63 16.57 16.56 16.60 16.59 16.61 16.67 16.67 16.66 16.65 16.65 16.64 16.68 16.69 16.72 16.71 16.70 16.68 16.70 16.68 16.71 16.69 16.69 16.70 16.70 16.71 16.71 16.71 16.71 16.70 16.75 16.77 16.78 16.79 16.76 16.78 16.80 16.79 16.77 16.77 16.75 16.77 16.77 16.78 16.77 16.74 16.75 16.69 16.77 16.74 16.74 16.56 16.97 16.70
16.59 16.54 16.58 16.62 16.64 16.60 16.60 16.56 16.56 16.54 16.55 16.54 16.56 16.58 16.60 16.67 16.64 16.61 16.65 16.67 16.64 16.68 16.70 16.66 16.66 16.59 16.61 16.63 16.62 16.63 16.66 16.65 16.65 16.67 16.65 16.63 16.71 16.71 16.74 16.70 16.71 16.72 16.70 16.69 16.67 16.64 16.63 16.60 16.62 16.71 16.71 16.71 16.70 16.75 16.77 16.78 16.79 16.76 16.78 16.80 16.79 16.77 16.77 16.75 16.77 16.77 16.60 16.77 16.74 16.75 16.69 16.69 16.74 16.74 16.74 16.70 16.70
16.60 16.61 16.61 16.58 16.63 16.60 16.63 16.61 16.54 16.48 16.53 16.62 16.58 16.61 16.61 16.65 16.64 16.63 16.63 16.66 16.66 16.68 16.66 16.61 16.67 16.67 16.66 16.63 16.65 16.65 16.64 16.67 16.69 16.70 16.64 16.63 16.71 16.71 16.74 16.70 16.71 16.72 16.70 16.69 16.67 16.64 16.63 16.60 16.62 16.62 16.71 16.71 16.70 16.75 16.77 16.78 16.79 16.76 16.78 16.80 16.79 16.77 16.77 16.75 16.77 16.60 16.60 16.60 16.74 16.75 16.69 16.69 16.69 16.74 16.74 16.70 16.70
16.59 16.60 16.61 16.60 16.64 16.62 16.60 16.58 16.56 16.55 16.58 16.62 16.65 16.60 16.63 16.62 16.61 16.62 16.62 16.63 16.64 16.65 16.67 16.64 16.64 16.66 16.68 16.70 16.67 16.71 16.64 16.67 16.69 16.70 16.64 16.64 16.71 16.71 16.74 16.70 16.71 16.72 16.70 16.69 16.67 16.64 16.63 16.60 16.62 16.62 16.62 16.71 16.70 16.75 16.77 16.78 16.79 16.76 16.78 16.80 16.79 16.77 16.77 16.75 16.60 16.60 16.60 16.60 16.60 16.75 16.69 16.69 16.69 16.74 16.74 16.70 16.70
16.56 16.58 16.56 16.52 16.57 16.56 16.56 16.56 16.57 16.59 16.63 16.64 16.65 16.66 16.64 16.62 16.65 16.65 16.63 16.61 16.63 16.64 16.64 16.66 16.69 16.68 16.73 16.65 16.67 16.71 16.71 16.67 16.69 16.70 16.64 16.64 16.64 16.71 16.74 16.70 16.71 16.72 16.70 16.69 16.67 16.64 16.63 16.60 16.62 16.62 16.62 16.71 16.70 16.75 16.77 16.78 16.79 16.76 16.78 16.80 16.79 16.77 16.77 16.75 16.60 16.60 16.60 16.60 16.60 16.75 16.69 16.69 16.69 16.69 16.74 16.70 16.54
16.57 16.54 16.55 16.54 16.53 16.52 16.53 16.55 16.56 16.62 16.59 16.62 16.63 16.60 16.60 16.59 16.64 16.62 16.61 16.58 16.60 16.62 16.60 16.59 16.62 16.66 16.73 16.65 16.65 16.71 16.71 16.71 16.69 16.70 16.64 16.64 16.64 16.71 16.74 16.70 16.71 16.72 16.70 16.69 16.67 16.64 16.63 16.60 16.62 16.62 16.62 16.71 16.70 16.75 16.77 16.78 16.79 16.76 16.78 16.80 16.79 16.77 16.77 16.75 16.60 16.60 16.60 16.60 16.60 16.75 16.69 16.69 16.69 16.69 16.74 16.70 16.54
16.57 16.53 16.54 16.54 16.55 16.53 16.54 16.56 16.56 16.57 16.59 16.57 16.61 16.59 16.55 16.54 16.58 16.58 16.59 16.64 16.63 16.59 16.54 16.51 16.62 16.66 16.66 16.65 16.65 16.65 16.71 16.71 16.69 16.70 16.64 16.64 16.64 16.71 16.74 16.70 16.71 16.72 16.70 16.69 16.67 16.64 16.63 16.60 16.62 16.62 16.62 16.62 16.70 16.75 16.77 16.78 16.79 16.76 16.78 16.80 16.79 16.77 16.77 16.60 16.60 16.60 16.60 16.60 16.60 16.60 16.69 16.69 16.69 16.69 16.69 16.54 16.54
16.55 16.56 16.54 16.55 16.55 16.51 16.50 16.47 16.50 16.48 16.51 16.51 16.54 16.55 16.53 16.55 16.61 16.53 16.52 16.51 16.49 16.59 16.54 16.51 16.51 16.66 16.66 16.66 16.65 16.65 16.71 16.71 16.69 16.70 16.64 16.64 16.64 16.64 16.74 16.70 16.71 16.72 16.70 16.69 16.67 16.64 16.63 16.60 16.62 16.62 16.62 16.62 16.70 16.75 16.77 16.78 16.79 16.76 16.78 16.80 16.79 16.77 16.77 16.60 16.60 16.60 16.60 16.60 16.60 16.60 16.69 16.69 16.69 16.69 16.69 16.54 16.54
16.53 16.46 16.47 16.47 16.50 16.47 16.45 16.47 16.51 16.53 16.54 16.53 16.54 16.52 16.48 16.41 16.42 16.49 16.57 16.51 16.49 16.49 16.54 16.51 16.51 16.51 16.66 16.66 16.65 16.65 16.65 16.71 16.71 16.70 16.64 16.64 16.64 16.64 16.74 16.70 16.71 16.72 16.70 16.69 16.67 16.64 16.63 16.60 16.62 16.62 16.62 16.62 16.70 16.75 16.77 16.78 16.79 16.76 16.78 16.80 16.79 16.77 16.77 16.60 16.60 16.60 16.60 16.60 16.60 16.60 16.69 16.69 16.69 16.69 16.69 16.54 16.54
16.53 16.48 16.47 16.48 16.49 16.49 16.50 16.50 16.49 16.46 16.52 16.51 16.51 16.51 16.55 16.52 16.42 16.49 16.57 16.57 16.49 16.49 16.49 16.51 16.51 16.51 16.66 16.66 16.66 16.65 16.65 16.71 16.71 16.70 16.64 16.64 16.64 16.64 16.74 16.70 16.71 16.72 16.70 16.69 16.67 16.64 16.63 16.60 16.62 16.62 16.62 16.62 16.62 16.75 16.77 16.78 16.79 16.76 16.78 16.80 16.79 16.77 16.60 16.60 16.60 16.60 16.60 16.60 16.60 16.60 16.60 16.69 16.69 16.69 16.69 16.54 16.54
16.45 16.45 16.46 16.46 16.47 16.46 16.48 16.49 16.50 16.48 16.48 16.57 16.55 16.51 16.55 16.52 16.52 16.49 16.57 16.57 16.57 16.49 16.49 16.51 16.51 16.51 16.51 16.66 16.66 16.65 16.65 16.65 16.71 16.70 16.64 16.64 16.64 16.64 16.64 16.70 16.71 16.72 16.70 16.69 16.67 16.64 16.63 16.60 16.62 16.62 16.62 16.62 16.62 16.75 16.77 16.78 16.79 16.76 16.78 16.80 16.79 16.77 16.60 16.60 16.60 16.60 16.60 16.60 16.60 16.60 16.60 16.69 16.69 16.69 16.69 16.54 16.54
16.47 16.47 16.48 16.48 16.48 16.48 16.50 16.49 16.49 16.48 16.48 16.57 16.55 16.55 16.55 16.52 16.52 16.52 16.57 16.57 16.57 16.49 16.49 16.51 16.51 16.51 16.51 16.66 16.66 16.66 16.65 16.65 16.71 16.71 16.64 16.64 16.64 16.64 16.64 16.70 16.71 16.72 16.70 16.69 16.67 16.64 16.63 16.60 16.62 16.62 16.62 16.62 16.62 16.62 16.62 16.62 16.62 16.62 16.60 16.60 16.60 16.60 16.60 16.60 16.60 16.60 16.60 16.60 16.60 16.60 16.60 16.60 16.60 16.60 16.60 16.79 16.79
