main/data/irradiance/21.04.2023.grid
ncols 839
nrows 679
xllcenter 112.0500
yllcenter -43.9500
cellsize 0.0500
nodata_value 99999.90
[rows 340 to 373 of 679, columns 616 to 692 of 839]
18.39 18.41 18.23 18.11 18.29 18.28 18.35 18.45 18.43 18.34 18.12 18.14 18.36 18.42 18.45 18.42 18.33 18.31 18.48 18.48 18.44 18.44 18.38 18.44 18.29 18.37 18.38 18.36 18.46 18.43 18.49 18.39 18.32 18.28 18.31 18.40 18.43 18.44 18.50 18.36 18.40 18.37 18.34 18.11 18.11 18.13 18.28 18.33 18.19 18.25 18.36 18.33 18.21 18.41 18.08 18.42 18.19 18.27 18.29 17.97 17.77 17.98 18.15 17.98 18.18 18.15 17.96 18.35 18.20 17.96 18.09 18.19 17.99 18.19 17.79 18.34 18.04
18.37 18.44 18.32 18.14 18.04 17.92 18.35 18.48 18.52 18.41 18.24 18.21 18.44 18.43 18.39 18.37 18.27 18.37 18.43 18.45 18.42 18.42 18.42 18.41 18.34 18.37 18.38 18.34 18.17 18.39 18.35 18.33 18.42 18.36 18.18 18.30 18.34 18.31 18.41 18.48 18.17 18.33 18.27 18.28 18.27 18.25 18.13 18.07 18.31 18.19 18.26 18.21 18.31 18.16 18.17 17.91 18.04 18.10 17.85 17.89 17.97 17.82 17.84 17.68 18.14 18.07 18.13 17.95 18.18 18.36 18.13 17.75 18.13 18.20 18.20 18.22 18.06
18.43 18.40 18.29 18.07 17.81 17.94 18.35 18.48 18.49 18.44 18.43 18.40 18.35 18.38 18.35 18.35 18.32 18.30 18.38 18.37 18.39 18.42 18.38 18.28 18.26 18.27 18.29 18.22 18.25 18.33 18.26 18.28 18.34 18.23 18.39 18.18 18.28 18.34 18.27 18.35 18.44 18.38 18.42 18.33 18.26 18.33 18.12 18.28 17.94 18.10 18.26 18.05 18.35 18.20 18.31 18.11 18.19 18.09 18.10 17.89 17.92 17.70 17.72 17.78 18.10 17.91 18.13 18.13 18.06 17.82 18.13 18.32 18.25 18.17 18.21 17.90 18.03
18.38 18.37 18.27 18.01 17.84 17.71 18.10 18.31 18.41 18.42 18.42 18.41 18.37 18.27 18.24 18.27 18.27 18.15 18.34 18.38 18.38 18.33 18.38 18.28 18.24 18.25 18.26 18.32 18.25 18.23 18.25 18.31 18.30 18.34 18.23 18.17 18.07 18.01 18.21 18.17 18.17 18.34 18.38 18.39 18.32 17.98 18.23 17.81 17.69 18.26 18.05 18.16 18.17 18.03 18.06 17.81 17.97 17.76 17.86 17.91 17.97 17.84 17.46 17.88 17.84 17.40 17.72 17.88 18.26 18.18 18.13 17.94 17.68 18.08 17.83 18.18 18.18
18.33 18.29 18.27 18.17 17.87 17.84 18.26 18.19 18.36 18.39 18.41 18.38 18.44 18.35 18.33 18.24 18.13 18.22 18.34 18.35 18.38 18.37 18.36 18.30 18.27 18.11 18.20 18.23 18.17 18.22 18.18 18.15 18.28 18.29 18.32 18.16 18.07 18.01 17.99 18.27 18.27 18.40 18.40 18.38 18.27 18.08 18.18 18.04 18.01 18.07 18.02 17.91 18.20 18.08 18.15 18.01 18.03 17.87 17.69 17.54 17.62 17.56 17.99 17.84 17.57 18.09 18.12 17.97 17.62 18.08 17.86 17.20 17.82 17.73 17.86 17.81 17.98
18.24 18.24 18.19 18.14 18.03 18.09 18.23 18.27 18.30 18.36 18.35 18.36 18.29 18.37 18.30 18.30 18.28 18.19 18.29 18.31 18.26 18.28 18.36 18.32 18.22 18.19 18.08 18.15 18.15 18.16 17.96 18.08 18.28 18.30 18.24 18.12 18.19 18.11 18.12 17.98 18.10 18.29 18.23 18.33 18.26 18.12 17.95 18.05 17.83 17.94 17.72 18.15 18.00 17.61 17.80 17.63 17.75 17.70 17.45 17.61 17.20 17.34 17.61 17.77 17.86 17.76 17.84 17.55 18.07 18.15 18.01 18.01 18.17 17.97 17.70 17.36 17.77
18.17 18.25 18.14 18.05 18.17 18.20 18.22 18.27 18.30 18.34 18.32 18.26 18.22 18.23 18.25 18.25 18.21 18.18 18.24 18.30 18.30 18.28 18.28 18.28 18.20 18.20 18.11 18.13 18.24 18.13 18.10 18.18 18.16 18.15 18.30 18.25 18.23 18.19 18.25 17.89 18.13 18.12 18.19 18.34 18.18 18.26 18.24 18.11 17.92 17.91 17.85 18.16 18.07 18.02 17.94 17.88 17.82 17.56 17.67 17.78 17.51 17.67 17.77 17.76 17.45 17.80 17.74 17.41 17.86 17.80 17.73 18.05 17.62 17.90 17.86 17.93 18.08
18.01 17.96 18.01 17.96 18.13 18.18 18.27 18.24 18.20 18.29 18.33 18.29 18.19 18.17 18.23 18.23 18.21 18.14 18.12 18.23 18.25 18.23 18.21 18.11 18.06 18.14 18.21 18.16 18.19 18.20 18.20 18.18 18.29 18.05 18.26 18.26 18.24 18.30 18.27 18.08 18.12 17.95 18.23 18.18 18.36 18.36 18.27 17.83 17.58 18.06 17.79 17.99 17.89 17.79 17.79 17.51 17.76 17.66 17.69 17.38 17.53 17.55 17.72 17.76 17.80 17.51 17.69 17.45 17.91 17.51 17.87 17.44 18.14 17.56 18.03 17.68 17.97
18.07 18.05 18.01 17.88 18.18 18.19 18.24 18.27 18.16 18.21 18.26 18.22 18.18 18.18 18.19 18.18 18.10 18.02 18.20 18.18 18.21 18.24 18.21 18.22 18.19 18.34 18.21 18.28 18.27 18.28 18.26 18.21 18.34 18.25 18.25 18.25 18.23 18.19 18.20 18.25 18.28 18.09 18.07 18.01 18.31 18.24 18.12 18.12 17.81 17.78 17.94 17.95 18.11 18.01 18.10 17.92 17.71 17.68 17.76 17.60 17.53 17.77 17.64 17.86 17.81 17.29 17.44 17.71 17.67 17.53 17.99 17.64 17.26 17.83 17.68 16.96 17.63
18.16 17.96 18.09 18.11 18.11 18.24 18.14 18.23 18.23 18.20 18.21 18.22 18.17 18.23 18.18 18.14 18.04 18.15 18.19 18.14 18.18 18.17 18.22 18.21 18.28 18.24 18.24 18.18 18.22 18.24 18.28 18.16 18.28 18.26 18.23 18.30 18.24 18.33 18.18 18.29 18.29 18.30 18.08 18.15 18.22 18.20 18.08 17.86 17.93 17.96 17.85 18.13 18.00 17.97 17.90 17.83 17.73 17.76 17.94 17.87 17.65 17.63 17.64 17.55 17.65 17.87 17.63 17.51 17.55 17.63 18.06 17.58 17.96 18.07 17.62 17.36 17.81
18.21 18.06 18.06 18.13 18.20 18.13 18.12 18.19 18.23 18.20 18.19 18.21 18.18 18.21 18.14 18.13 18.18 18.16 18.17 18.19 18.18 18.14 18.28 18.24 18.31 18.30 18.19 18.19 18.05 18.18 18.22 18.20 18.24 18.20 18.22 18.12 18.14 18.30 18.25 18.25 18.15 18.22 18.24 18.12 17.96 18.14 17.99 18.15 18.07 18.03 17.93 17.78 17.92 17.85 17.84 17.94 17.98 18.08 17.70 17.66 17.79 17.10 17.60 17.54 17.72 17.57 18.13 17.77 17.92 17.94 17.40 17.65 18.09 17.51 17.62 17.85 17.81
18.18 18.03 18.04 18.15 18.16 18.06 18.02 18.13 18.23 18.16 18.22 18.16 18.24 18.23 18.21 18.15 18.13 18.13 18.10 18.16 18.16 18.19 18.22 18.25 18.28 18.23 18.19 18.21 18.22 18.10 18.14 18.23 18.24 18.04 18.22 18.23 18.28 18.23 18.27 18.29 18.15 18.19 17.99 18.17 18.15 17.83 18.11 17.84 17.98 18.06 17.87 18.06 18.12 17.93 17.86 17.78 17.84 17.62 17.51 17.90 17.87 17.43 17.73 17.54 17.75 17.60 17.60 17.70 18.01 17.75 17.94 17.78 17.67 16.95 17.08 17.65 17.71
18.11 18.06 17.98 18.05 18.13 18.02 17.90 18.07 18.16 18.15 18.13 18.05 18.16 18.18 18.18 18.20 18.15 18.13 18.07 18.07 18.15 18.18 18.17 18.23 18.30 18.24 18.16 18.22 18.22 18.15 18.22 18.20 18.22 18.25 18.20 18.24 18.26 18.27 18.15 18.13 18.26 18.23 18.21 18.19 18.16 18.09 17.69 17.84 17.93 18.16 17.92 17.88 17.90 17.97 17.86 17.93 17.75 17.75 17.91 17.89 17.85 17.76 18.03 17.68 17.83 18.04 18.04 17.56 17.95 17.94 17.62 18.03 17.67 17.93 17.92 17.77 17.40
18.07 18.09 18.11 18.12 18.09 18.11 18.09 18.11 18.11 18.15 18.08 17.94 18.01 18.10 18.14 18.15 18.13 18.10 18.06 18.05 18.09 18.15 18.14 18.23 18.22 18.21 18.17 18.15 18.18 18.17 18.21 18.20 18.21 18.23 18.23 18.17 18.21 18.23 18.17 18.14 18.10 18.19 17.97 18.09 17.91 18.12 17.79 17.71 17.81 17.52 17.51 17.81 17.81 17.86 17.92 17.69 17.77 17.73 17.51 17.87 17.73 17.73 18.09 17.85 17.72 17.45 17.23 17.89 17.78 18.04 17.91 17.29 17.70 17.84 18.00 17.45 17.56
18.09 18.12 18.13 18.15 18.13 18.15 18.18 18.14 18.12 18.15 18.11 18.03 17.94 18.08 18.10 18.13 18.11 18.08 18.10 18.06 18.07 18.07 18.18 18.24 18.27 18.24 18.26 18.16 18.14 18.22 18.18 18.24 18.26 18.21 18.15 18.20 18.07 18.16 18.07 18.06 18.08 18.11 18.04 17.96 18.07 17.87 17.90 17.72 17.67 17.97 17.99 17.89 17.99 17.72 18.00 17.76 17.95 17.77 17.83 17.71 17.68 17.88 17.85 17.53 17.79 17.84 17.95 17.98 17.83 17.52 17.43 17.99 17.92 17.52 17.61 17.42 17.88
18.03 18.14 18.16 18.11 18.14 18.11 18.09 18.11 18.08 18.13 18.16 18.06 17.94 18.00 18.04 18.07 18.09 18.06 18.09 18.08 18.05 18.18 18.17 18.19 18.15 18.23 18.27 18.21 18.18 18.18 18.16 18.19 18.21 18.20 18.20 18.16 17.99 18.09 18.13 18.16 17.99 17.94 18.09 18.12 18.06 17.98 17.97 18.04 18.01 17.93 17.58 17.89 17.74 17.99 17.79 17.64 17.65 17.58 17.99 17.70 17.79 17.68 17.86 17.86 17.52 17.82 18.03 17.60 17.78 17.66 17.64 17.18 17.81 17.72 17.62 17.75 17.69
18.26 18.16 18.05 18.04 18.12 18.09 18.07 18.08 18.07 18.07 18.08 18.07 17.93 17.87 18.09 17.97 18.04 18.04 18.07 18.01 18.05 18.02 18.10 18.14 18.11 18.11 18.16 18.16 18.14 18.17 18.15 18.11 18.14 18.17 18.14 18.16 18.18 18.04 17.94 17.74 17.86 17.90 17.95 18.07 17.86 18.06 17.84 17.83 17.95 17.93 17.73 17.95 17.86 17.91 17.83 17.89 17.77 17.79 17.74 17.72 17.72 17.87 17.39 17.85 17.62 17.61 17.57 17.85 17.92 17.57 17.47 17.52 17.98 17.64 17.88 17.84 17.63
18.14 18.10 17.99 18.06 18.09 18.05 18.08 18.07 18.07 18.04 18.06 18.02 17.99 18.11 18.13 18.07 18.05 18.04 18.05 18.06 18.11 18.05 18.10 18.09 18.07 18.08 18.06 18.12 18.13 18.17 18.12 18.13 18.10 18.16 18.19 17.95 17.93 17.89 18.00 17.88 17.77 17.81 18.03 18.05 18.07 18.11 17.83 17.91 17.75 17.71 17.78 17.69 17.80 18.03 17.79 17.63 17.75 17.79 17.88 17.78 17.70 17.79 17.77 17.82 17.79 17.63 17.76 17.59 17.59 17.77 17.35 17.56 17.92 17.78 17.26 17.09 17.31
18.00 18.01 18.08 18.04 18.02 18.07 18.06 18.07 18.04 18.03 18.01 18.05 17.98 17.84 17.99 18.04 18.04 18.07 18.05 18.13 18.09 18.02 18.02 18.03 18.02 17.93 18.02 18.11 18.12 18.10 18.09 18.15 18.16 18.08 18.05 18.15 17.99 18.01 17.85 17.76 17.71 17.65 18.00 17.82 17.86 17.86 17.87 17.75 17.74 17.79 18.03 17.94 17.83 18.06 17.81 17.65 17.55 17.65 17.79 17.61 17.82 17.61 17.71 17.63 17.49 17.77 17.80 17.58 17.70 17.54 17.46 17.36 17.60 17.28 17.14 17.59 17.57
18.00 18.00 18.04 17.91 17.93 18.05 18.04 18.03 18.02 18.01 18.02 18.01 18.10 18.08 18.08 18.11 18.14 18.11 18.01 18.14 18.09 18.03 18.01 18.02 18.02 17.87 17.97 18.04 18.07 18.01 18.09 18.14 18.13 18.10 18.11 18.05 17.97 18.05 17.83 17.61 17.94 18.00 17.89 17.81 17.90 17.77 17.89 17.80 17.83 17.63 17.72 17.78 17.73 17.52 17.82 17.39 17.52 17.93 17.73 17.84 17.93 17.89 17.75 17.93 17.55 17.57 17.45 17.80 17.60 17.71 17.56 17.67 17.28 17.20 17.66 17.03 17.18
17.98 17.95 17.97 17.93 18.02 18.06 18.01 18.05 18.04 17.96 17.90 17.94 17.97 17.95 17.93 18.05 17.98 17.93 17.95 18.00 18.02 17.99 17.98 17.92 17.94 17.91 17.76 17.91 18.04 18.05 18.06 18.05 18.11 18.13 18.07 18.01 18.06 17.98 17.78 17.64 17.61 17.86 17.90 17.87 17.70 17.55 17.81 17.79 17.81 17.79 17.67 17.65 17.53 17.47 17.48 17.49 17.59 17.84 17.49 17.82 17.53 17.84 17.87 17.79 17.70 17.83 17.78 17.72 17.87 17.79 17.75 17.34 17.19 17.71 17.33 17.62 17.30
18.00 17.98 18.01 17.98 18.05 18.02 18.03 17.99 18.00 17.96 17.74 17.99 17.81 17.94 17.91 17.95 18.03 18.05 18.04 17.90 17.85 17.91 17.88 17.91 17.93 17.93 17.72 17.95 17.99 17.99 18.00 18.04 18.06 18.03 17.93 17.96 17.93 17.97 17.92 17.89 17.78 17.78 17.93 17.81 17.97 17.51 17.74 17.72 17.51 17.78 17.75 17.58 17.60 17.80 17.72 17.55 17.43 17.62 17.79 17.85 17.76 17.77 17.79 17.61 17.79 17.94 17.61 17.52 17.67 17.66 17.54 17.25 17.32 17.45 17.16 17.30 17.35
18.01 17.94 17.94 17.94 18.01 17.98 17.98 17.95 17.95 17.93 17.77 17.93 17.85 17.91 17.90 17.94 17.91 17.95 17.96 17.92 17.95 17.94 17.90 17.90 17.85 17.81 17.93 17.99 17.88 18.00 17.96 17.94 17.95 17.98 17.91 17.95 17.80 17.91 17.98 17.81 17.73 17.70 17.73 17.80 17.72 17.52 17.64 17.61 17.85 17.67 17.47 17.33 17.52 17.50 17.35 17.51 17.83 17.25 17.72 17.50 17.32 17.84 17.74 17.72 17.74 17.65 17.93 17.86 17.82 17.80 17.54 17.41 17.65 17.57 17.37 17.47 17.40
17.96 17.97 17.94 17.94 17.97 17.92 17.96 17.95 17.99 17.90 17.92 18.00 17.95 17.86 17.89 17.88 17.89 17.92 17.88 17.92 17.98 17.93 17.91 17.89 17.87 17.86 17.90 17.91 17.93 17.98 17.98 17.97 18.01 17.91 17.82 17.96 17.92 17.98 17.93 17.84 17.82 17.65 17.68 17.74 17.79 17.42 17.68 17.60 17.71 17.67 17.54 17.49 17.42 17.86 17.52 17.67 17.52 17.73 17.68 17.73 17.75 17.83 17.77 17.66 17.83 17.80 17.86 17.64 17.42 17.37 17.69 17.63 17.61 17.62 17.49 16.77 16.56
17.93 17.84 17.89 17.88 17.91 17.68 17.82 17.88 17.96 17.93 17.85 17.88 17.84 17.84 17.82 17.82 17.85 17.89 17.84 17.89 17.91 17.87 17.91 17.86 17.84 17.84 17.92 17.96 17.92 17.94 17.91 17.95 17.92 17.89 17.97 17.86 17.95 17.92 17.74 17.90 17.88 17.65 17.49 17.59 17.60 17.56 17.36 17.62 17.70 17.53 17.64 17.80 17.54 17.67 17.68 17.95 17.69 17.84 17.80 17.85 17.83 17.79 17.86 17.85 17.74 17.74 17.56 17.64 17.55 17.71 17.74 17.66 17.59 17.46 17.23 17.35 17.13
17.80 17.89 17.86 17.84 17.77 17.50 17.85 17.74 17.83 17.95 17.79 17.84 17.83 17.80 17.82 17.83 17.79 17.88 17.82 17.83 17.86 17.90 17.86 17.81 17.82 17.82 17.93 17.89 17.84 17.88 17.90 17.93 17.86 17.84 17.88 17.83 17.86 17.87 17.92 17.86 17.83 17.67 17.66 17.59 17.76 17.61 17.56 17.41 17.43 17.52 17.54 17.79 17.67 17.86 17.55 17.74 17.87 17.60 17.69 17.49 17.80 17.78 17.86 17.71 17.48 17.51 17.69 17.71 17.48 17.57 17.54 17.44 17.47 17.24 16.93 16.54 16.83
17.72 17.74 17.86 17.83 17.81 17.82 17.63 17.83 17.92 17.87 17.81 17.76 17.76 17.81 17.77 17.76 17.80 17.81 17.78 17.76 17.84 17.89 17.86 17.82 17.81 17.85 17.87 17.88 17.87 17.86 17.85 17.81 17.94 17.78 17.92 17.88 17.69 17.81 17.89 17.88 17.71 17.85 17.77 17.82 17.53 17.34 17.34 17.43 17.22 17.35 17.52 17.68 17.71 17.71 17.52 17.80 17.76 17.57 17.62 17.44 17.57 17.77 17.42 17.38 17.62 17.66 17.54 17.24 17.47 17.53 17.30 17.32 17.49 17.59 17.31 17.24 16.94
17.77 17.81 17.81 17.81 17.75 17.85 17.72 17.98 17.89 17.80 17.76 17.74 17.76 17.76 17.81 17.78 17.79 17.79 17.76 17.76 17.81 17.79 17.80 17.82 17.81 17.84 17.88 17.85 17.90 17.84 17.80 17.86 17.84 17.81 17.76 17.71 17.84 17.91 17.74 17.75 17.77 17.69 17.71 17.50 17.75 17.46 17.39 17.33 17.63 17.57 17.50 17.68 17.73 17.72 17.78 17.37 17.61 17.53 17.30 17.72 17.45 17.51 17.83 17.55 17.69 17.22 17.30 17.40 17.48 17.12 17.06 16.85 17.22 17.18 16.87 17.34 17.55
17.81 17.80 17.84 17.77 17.85 17.79 17.81 17.87 17.90 17.77 17.77 17.73 17.77 17.73 17.74 17.80 17.79 17.77 17.81 17.80 17.80 17.84 17.77 17.79 17.80 17.84 17.86 17.82 17.88 17.82 17.79 17.72 17.75 17.73 17.84 17.82 17.82 17.68 17.81 17.81 17.71 17.74 17.65 17.61 17.71 17.69 17.39 17.35 17.46 17.71 17.62 17.69 17.63 17.73 17.78 17.81 17.70 17.62 17.49 17.58 17.64 17.61 17.63 17.50 17.40 17.60 17.51 17.35 17.49 16.69 16.89 17.30 17.49 17.31 17.41 17.46 17.41
17.77 17.63 17.76 17.66 17.77 17.76 17.80 17.80 17.79 17.82 17.78 17.77 17.72 17.70 17.71 17.76 17.78 17.73 17.74 17.74 17.78 17.77 17.71 17.76 17.77 17.78 17.81 17.84 17.84 17.83 17.85 17.78 17.76 17.70 17.64 17.82 17.71 17.88 17.63 17.56 17.72 17.64 17.70 17.56 17.53 17.58 17.38 17.61 17.43 17.56 17.64 17.73 17.71 17.69 17.71 17.82 17.81 17.52 17.75 17.67 17.66 17.72 17.41 16.83 17.61 17.30 17.05 17.37 17.21 17.22 16.85 17.32 17.14 17.14 16.90 17.26 17.41
17.76 17.70 17.71 17.74 17.78 17.78 17.80 17.77 17.72 17.75 17.75 17.73 17.68 17.67 17.65 17.71 17.74 17.72 17.76 17.78 17.79 17.78 17.79 17.75 17.75 17.79 17.80 17.82 17.85 17.87 17.79 17.82 17.77 17.78 17.83 17.65 17.77 17.69 17.61 17.64 17.72 17.38 17.67 17.67 17.39 17.49 17.40 17.54 17.63 17.83 17.70 17.66 17.71 17.67 17.70 17.76 17.69 17.60 17.52 17.57 17.71 17.62 17.64 17.54 17.34 17.22 17.57 17.47 17.42 17.57 17.34 16.63 16.91 17.18 16.97 16.83 17.50
17.75 17.71 17.60 17.67 17.73 17.71 17.69 17.70 17.71 17.69 17.71 17.73 17.68 17.58 17.51 17.67 17.72 17.68 17.74 17.75 17.75 17.76 17.80 17.73 17.77 17.77 17.79 17.83 17.86 17.86 17.84 17.77 17.84 17.78 17.76 17.75 17.59 17.59 17.75 17.56 17.37 17.63 17.59 17.38 17.52 17.39 17.41 17.59 17.63 17.72 17.79 17.71 17.66 17.70 17.69 17.72 17.73 17.74 17.58 17.63 17.61 17.67 17.63 17.53 17.29 17.25 17.36 17.24 16.80 17.62 17.33 16.89 17.24 17.58 16.66 17.00 16.65
17.67 17.58 17.47 17.43 17.58 17.67 17.75 17.78 17.69 17.71 17.73 17.74 17.71 17.65 17.63 17.71 17.72 17.71 17.74 17.77 17.72 17.82 17.82 17.78 17.75 17.79 17.79 17.75 17.88 17.85 17.83 17.82 17.79 17.82 17.75 17.80 17.67 17.55 17.65 17.57 17.38 17.40 17.30 17.32 17.39 17.42 17.62 17.43 17.59 17.66 17.59 17.69 17.61 17.58 17.64 17.74 17.65 17.59 17.63 17.63 17.71 17.76 17.73 17.72 17.59 17.59 17.26 17.21 17.21 16.99 17.30 17.23 17.17 17.14 17.03 16.46 16.96
17.54 17.47 17.50 17.53 17.52 17.58 17.72 17.77 17.72 17.68 17.71 17.71 17.66 17.69 17.63 17.66 17.69 17.69 17.69 17.69 17.71 17.78 17.80 17.71 17.72 17.75 17.73 17.56 16.45 17.71 17.79 17.84 17.78 17.82 17.83 17.66 17.69 17.68 17.57 17.51 17.50 17.26 17.50 17.48 17.25 17.39 17.47 17.54 17.77 17.66 17.71 17.72 17.68 17.74 17.71 17.71 17.47 17.54 17.61 17.73 17.75 17.77 17.77 17.63 17.55 17.53 17.20 17.32 17.23 17.37 17.29 17.22 16.62 17.11 16.70 16.95 16.43
