main/data/irradiance/21.03.2023.grid
ncols 839
nrows 679
xllcenter 112.0500
yllcenter -43.9500
cellsize 0.0500
nodata_value 99999.90
[rows 204 to 237 of 679, columns 308 to 384 of 839]
23.44 23.20 23.02 23.39 23.48 23.73 23.19 23.37 23.38 23.43 23.18 23.52 23.92 23.58 24.01 23.70 24.20 23.90 24.03 23.31 23.51 23.46 23.67 23.61 24.03 23.70 23.45 22.95 23.82 24.22 24.07 23.88 23.23 23.26 22.81 23.11 23.39 22.96 22.77 22.67 22.78 22.11 23.85 22.94 23.06 23.00 22.51 23.95 23.47 23.25 23.30 23.19 22.11 22.89 23.21 22.81 23.34 23.12 22.56 22.92 23.83 23.74 23.52 23.00 24.00 24.09 24.09 23.42 24.21 24.25 24.21 24.25 24.08 23.79 23.63 23.91 24.16
22.85 23.41 23.37 23.75 23.27 23.45 23.12 23.39 23.90 23.79 23.93 23.47 23.97 23.89 24.16 23.52 24.20 24.16 23.79 23.25 23.72 23.86 24.33 23.64 23.76 23.60 23.56 23.88 24.10 23.39 24.04 23.94 23.16 23.75 23.50 23.54 23.74 23.91 23.78 23.22 23.33 23.68 23.27 23.49 23.58 23.36 23.55 23.15 23.46 23.39 22.46 21.20 23.87 23.00 23.85 23.06 23.56 22.06 23.36 23.13 23.47 22.82 24.19 23.32 23.60 23.91 23.80 24.24 23.93 24.21 24.22 24.41 24.51 24.25 24.18 24.15 23.88
22.85 22.78 23.05 23.36 22.83 23.11 24.11 23.03 23.44 23.50 23.66 23.39 23.89 24.06 23.71 23.51 23.82 23.85 23.50 23.55 23.31 23.98 23.79 23.68 23.58 22.50 23.47 23.16 22.92 23.21 23.76 23.81 23.72 23.54 23.42 23.47 23.21 23.63 23.43 23.51 23.21 23.77 23.52 23.70 22.88 23.13 22.94 23.07 23.28 23.74 23.49 23.70 23.17 23.12 23.57 23.74 22.72 23.84 22.96 22.97 23.78 23.98 23.20 23.65 23.43 23.34 23.77 23.06 23.38 24.01 23.91 22.84 24.17 24.00 23.92 23.85 23.82
23.51 23.10 22.62 22.18 22.62 22.84 23.39 23.43 23.51 23.28 23.69 23.97 23.35 23.37 23.89 23.17 23.33 23.66 23.12 22.60 22.23 23.72 23.86 23.63 23.22 23.45 23.96 23.72 22.98 23.92 22.91 23.22 22.94 22.85 23.36 23.07 23.08 23.85 23.61 23.21 23.65 23.68 23.85 24.00 23.90 23.48 23.15 23.50 23.69 23.56 23.33 23.26 23.54 23.82 23.53 23.42 23.47 23.92 23.41 23.08 22.46 23.37 23.63 23.23 23.04 23.41 23.41 23.11 23.20 22.99 23.19 23.22 24.09 23.44 23.97 23.77 23.75
22.95 22.16 21.13 22.73 23.18 23.25 23.22 23.19 23.21 22.79 23.68 23.55 23.18 23.63 23.27 23.03 23.06 24.04 23.83 23.04 23.11 23.80 24.02 24.09 23.41 22.83 23.62 23.27 22.97 23.76 23.49 22.92 22.78 23.08 23.06 22.82 22.75 22.35 22.87 22.65 23.23 23.42 23.52 24.05 23.80 23.81 23.86 23.70 22.91 23.25 23.48 23.80 23.16 23.15 23.68 23.50 24.07 24.10 24.01 23.99 23.83 23.73 23.52 23.75 23.65 23.86 23.72 24.08 24.31 23.82 24.14 24.13 23.57 24.07 24.13 23.30 23.38
23.36 23.30 22.80 23.02 22.91 23.92 23.53 23.96 23.28 23.03 23.85 23.76 23.70 22.96 23.52 23.00 23.27 23.69 24.02 23.80 23.21 24.13 23.47 24.20 23.77 23.40 23.64 23.18 22.68 23.31 22.76 22.51 23.30 23.41 23.07 22.79 22.95 23.34 23.69 22.04 22.50 22.65 23.37 23.27 23.30 23.17 24.15 23.31 22.76 23.57 23.40 22.92 23.61 23.59 24.10 23.81 23.91 24.22 24.09 24.14 24.28 24.21 24.40 24.44 24.10 24.37 24.24 24.51 24.10 24.35 24.35 23.55 24.19 24.33 23.87 23.71 23.78
23.67 24.03 23.10 23.63 23.62 23.70 23.30 23.84 24.12 23.46 24.23 24.25 23.80 23.57 23.69 23.69 23.53 23.67 23.28 23.94 23.50 23.82 24.06 23.99 22.73 22.95 23.60 22.10 23.38 22.48 23.14 22.91 23.17 22.90 22.76 23.67 23.05 22.89 22.21 22.33 22.04 22.92 23.07 23.57 23.23 21.92 22.96 23.67 23.61 23.00 23.24 23.40 23.98 24.07 23.61 24.19 23.88 24.25 23.57 24.01 24.30 24.29 24.28 24.41 24.30 24.46 24.30 24.47 24.11 24.42 24.32 24.28 23.86 23.82 24.38 23.79 24.24
23.80 23.68 23.81 23.47 23.44 23.32 23.20 23.72 23.36 23.47 23.80 23.43 23.90 23.45 23.10 23.33 23.72 23.94 22.65 22.64 23.01 23.53 23.21 24.13 24.12 23.76 23.29 22.88 22.10 22.64 23.03 23.65 22.97 22.79 23.12 22.96 23.20 22.76 23.59 22.69 22.96 23.30 23.02 23.00 22.37 22.89 21.93 23.73 23.81 23.31 23.04 22.77 22.83 23.38 24.09 24.10 23.88 23.69 23.65 24.12 24.17 24.18 24.58 24.12 24.25 24.34 24.18 24.21 24.24 23.93 24.29 23.97 23.66 23.34 24.03 23.66 24.11
23.54 23.16 23.68 22.96 23.70 22.90 23.49 22.89 23.40 22.85 24.19 23.31 23.53 23.35 22.87 23.30 23.19 23.80 23.90 23.66 23.51 22.99 23.16 24.33 22.76 23.39 23.95 22.64 22.85 23.03 23.29 22.72 22.78 23.29 23.74 23.21 23.11 23.01 23.82 23.27 23.61 24.23 23.48 23.59 23.84 22.90 23.07 23.14 23.05 23.13 23.34 23.43 23.15 23.43 23.47 23.54 23.84 23.79 23.84 23.66 23.78 23.99 24.13 23.99 24.26 24.18 24.45 24.06 23.97 24.16 24.40 24.25 24.01 24.09 23.77 24.07 24.05
23.28 23.00 23.79 23.35 23.71 23.98 23.65 23.46 23.94 23.77 23.48 22.81 23.85 24.06 23.58 23.68 23.43 23.56 24.01 23.63 23.38 23.49 23.56 23.55 22.73 23.96 23.04 23.53 23.20 22.98 23.44 23.35 23.61 23.75 23.73 24.17 23.90 23.52 23.42 23.16 23.48 23.34 23.41 24.01 23.26 23.39 23.44 23.44 23.49 23.74 23.52 23.52 23.20 23.41 23.45 23.40 23.74 23.75 23.29 23.46 23.95 23.98 23.96 24.17 24.34 24.26 24.06 24.21 24.18 24.19 24.18 24.49 24.36 24.11 23.97 24.13 24.10
23.88 23.90 23.81 23.12 24.62 23.99 24.22 23.64 23.70 23.65 23.60 23.20 23.49 23.76 23.70 23.61 24.25 23.76 23.86 23.91 24.14 23.98 22.36 23.02 23.57 23.34 23.17 23.66 22.75 23.45 23.56 23.56 23.29 23.81 23.46 23.80 23.58 23.26 23.60 22.87 23.71 23.67 23.66 23.70 23.89 23.90 23.91 23.88 23.85 24.18 24.02 24.00 24.02 23.83 23.70 23.77 24.24 24.25 24.25 23.82 23.85 23.83 24.04 24.21 24.10 24.13 24.26 23.93 24.10 24.11 24.25 24.43 24.23 24.15 24.19 24.04 24.12
23.95 23.42 23.48 23.32 24.23 23.32 23.92 23.83 23.75 23.26 23.17 23.28 23.28 23.13 24.11 23.09 24.14 23.89 23.50 23.72 23.78 23.86 23.43 22.95 22.92 22.57 23.24 23.40 23.51 23.32 23.51 23.57 23.15 23.19 23.71 23.92 23.13 23.14 23.56 23.15 22.35 23.37 23.55 23.47 23.16 23.81 24.17 23.71 23.64 23.68 23.90 23.93 24.16 23.80 23.85 23.98 23.96 24.09 24.33 24.28 24.24 24.31 24.17 23.90 23.93 24.28 23.82 24.00 24.25 23.93 24.12 23.77 24.01 23.89 24.00 24.15 23.96
24.04 22.92 23.58 23.26 22.79 22.27 23.27 23.48 22.59 23.01 23.10 23.15 23.22 23.65 23.64 23.53 24.08 23.78 23.82 24.03 23.20 23.49 23.99 23.11 23.48 23.06 22.59 23.37 22.36 23.25 23.54 22.73 23.44 23.43 23.71 23.91 24.07 22.32 23.31 23.18 22.92 23.38 23.48 23.65 23.68 22.82 23.25 23.73 23.01 23.13 24.22 23.64 23.89 24.01 23.72 23.57 24.03 24.19 23.58 23.68 23.35 23.48 22.92 23.19 23.53 24.00 24.26 24.30 24.37 24.19 24.50 24.35 23.99 24.15 23.98 23.88 24.21
23.74 23.23 23.50 23.38 23.63 23.33 23.17 23.31 23.59 23.29 23.13 23.09 23.59 23.45 23.48 23.78 23.20 23.63 23.58 23.68 23.70 24.08 23.94 23.81 23.28 22.76 23.23 22.03 23.16 22.45 22.83 23.83 23.92 24.34 24.15 24.07 24.08 23.08 24.17 23.42 23.56 23.13 23.82 23.77 23.57 23.56 23.84 23.62 23.40 23.54 23.76 23.14 23.90 23.67 23.75 23.70 23.82 24.08 23.77 23.65 23.12 23.37 22.99 23.56 23.54 23.88 23.83 24.29 24.14 23.97 24.15 23.52 23.92 24.11 24.06 23.81 24.01
23.48 23.12 22.77 23.46 23.08 22.83 23.11 23.99 23.51 23.32 22.95 22.53 22.69 22.94 23.85 23.22 23.49 23.35 23.87 23.87 24.06 24.25 24.18 23.89 23.87 23.62 23.80 23.92 23.47 23.23 23.39 23.55 23.60 24.52 24.42 24.39 24.25 23.93 23.49 23.58 23.71 23.61 23.40 23.61 23.37 23.27 23.38 23.81 23.23 23.83 23.85 23.76 23.72 24.16 23.70 23.81 23.75 23.64 23.56 23.82 23.58 23.70 24.17 24.27 24.26 23.95 24.11 23.94 23.88 23.92 24.03 23.83 24.20 23.83 24.12 24.11 24.02
23.50 22.59 22.74 23.26 22.90 23.47 23.29 23.35 22.79 23.33 23.48 23.34 23.21 23.56 23.35 23.24 23.38 23.40 23.97 24.14 23.91 24.01 24.17 24.05 23.88 24.14 23.50 23.32 23.86 24.00 24.02 23.67 23.65 24.48 24.47 24.15 23.94 23.70 23.33 23.81 24.15 23.79 23.64 23.68 23.77 23.24 23.50 23.49 23.61 23.86 23.97 23.87 23.80 23.57 23.44 23.30 23.24 23.42 24.39 24.17 23.89 23.51 23.71 23.78 24.10 23.98 24.29 24.17 24.33 24.24 23.87 24.15 23.72 24.20 23.79 24.28 24.15
23.75 22.82 23.32 22.87 23.13 23.36 23.40 22.83 22.91 23.02 24.29 23.16 23.93 23.81 23.29 23.24 22.93 23.55 23.64 23.85 23.86 23.85 23.86 23.91 24.12 24.05 23.86 23.67 23.31 23.78 23.82 23.86 23.41 23.42 23.67 23.52 23.78 23.42 23.49 23.45 23.73 24.10 23.71 23.35 23.77 23.66 23.46 23.50 23.36 23.94 23.56 23.50 23.30 23.60 24.05 23.81 24.27 24.08 23.98 23.53 23.96 23.98 23.84 23.70 23.70 24.25 23.84 23.77 24.12 23.96 24.05 23.71 23.47 24.38 23.85 23.89 23.56
23.00 22.95 23.10 22.83 23.19 22.77 22.62 22.84 23.02 23.10 23.90 23.78 23.69 23.29 23.38 22.59 22.96 23.80 23.26 23.18 23.48 23.53 23.79 24.01 24.21 23.96 23.28 24.14 23.95 23.51 23.40 22.94 23.05 23.00 23.41 22.72 23.64 23.59 23.20 23.09 23.45 23.47 23.27 23.34 23.13 24.00 23.52 24.05 23.94 23.93 24.18 23.97 24.16 24.09 23.59 23.64 23.85 23.85 24.27 24.11 24.09 24.05 23.99 24.03 23.98 24.07 23.96 24.08 23.83 24.41 24.13 24.16 24.11 23.98 24.28 23.79 23.63
22.93 23.09 23.22 23.37 23.86 23.76 23.47 23.40 23.52 23.29 23.51 23.50 23.42 23.81 23.60 23.57 22.74 23.78 23.27 23.66 23.68 23.74 23.95 24.11 24.45 23.98 23.39 23.96 23.29 23.00 22.57 23.11 22.84 23.50 23.69 23.00 23.28 23.34 23.73 23.07 23.37 23.63 23.67 23.92 23.93 23.61 23.81 23.23 24.02 24.10 24.09 23.92 23.86 24.02 24.08 23.91 23.51 24.21 23.79 23.89 24.18 23.93 23.83 23.60 24.13 23.83 23.86 23.81 23.91 24.08 23.99 24.06 24.39 24.10 24.42 24.45 24.16
22.73 23.20 23.33 23.26 23.58 23.45 23.55 23.36 23.33 23.55 23.31 23.50 24.02 23.73 23.86 23.53 23.79 23.60 23.69 23.87 24.22 24.26 24.01 24.08 23.79 24.20 23.60 24.01 23.50 23.11 23.36 23.53 23.89 23.47 23.66 23.31 23.63 23.66 23.69 23.42 23.87 23.53 23.42 23.84 23.77 23.86 23.39 23.93 23.52 23.93 23.69 23.78 23.24 24.16 23.76 24.11 23.82 23.48 24.03 24.18 24.28 24.18 24.31 24.02 24.17 23.75 24.03 23.91 23.76 23.92 23.80 24.03 24.26 24.14 24.20 24.48 24.48
23.06 23.27 22.94 23.05 23.65 23.46 23.25 23.52 23.52 24.12 23.82 23.61 23.90 23.33 23.88 23.74 23.86 23.09 23.12 23.84 23.54 24.12 23.61 23.62 23.69 23.64 23.71 23.94 24.32 23.50 23.88 23.98 24.15 23.79 23.23 23.47 23.57 23.70 23.54 23.70 23.55 23.94 23.85 23.76 23.68 23.74 23.89 23.97 23.61 23.92 23.84 23.98 23.87 23.95 23.53 24.09 23.92 24.05 23.87 24.23 24.33 23.83 24.17 23.93 24.38 24.42 24.15 23.88 23.73 23.95 23.95 23.90 24.29 24.34 24.22 24.40 24.53
23.15 22.92 22.96 23.08 23.68 23.71 23.62 23.96 23.65 24.08 24.01 23.88 24.03 23.81 23.54 23.99 23.23 23.25 23.41 24.01 23.78 23.92 23.72 23.26 23.06 23.53 24.08 23.26 23.55 23.25 23.78 23.77 23.88 23.45 23.44 23.33 23.68 23.57 24.03 23.66 23.73 23.90 23.82 24.00 23.76 23.88 24.02 23.98 24.17 23.94 24.08 23.95 23.75 23.95 23.67 23.72 23.67 24.02 23.82 23.89 23.97 24.11 23.63 23.96 24.23 24.29 24.07 23.79 24.02 23.68 23.88 23.94 24.05 24.04 24.18 24.05 24.39
22.90 23.28 23.46 22.89 23.57 24.18 23.72 23.63 23.97 24.11 24.03 23.89 23.90 23.60 23.82 23.52 23.53 23.59 23.29 24.00 23.31 23.57 22.43 22.20 22.75 22.86 23.47 23.84 23.46 23.17 23.70 24.14 23.77 23.83 23.61 23.91 23.36 23.87 24.01 24.06 24.00 23.94 23.68 23.94 23.99 24.01 23.84 24.11 23.93 23.98 24.14 24.19 23.98 24.07 23.63 23.87 23.96 24.03 24.08 23.95 24.18 24.04 23.78 24.02 23.72 24.05 24.13 23.71 24.08 23.47 23.74 23.91 23.62 23.99 23.93 23.93 24.39
23.18 23.18 22.58 23.72 23.31 22.97 23.21 23.73 23.96 23.46 23.71 23.64 23.93 23.44 23.82 24.42 23.85 24.12 23.86 24.11 23.92 23.29 21.10 22.62 22.87 23.24 23.38 23.89 23.86 24.07 23.79 24.14 24.32 24.02 23.90 23.73 23.87 24.04 24.18 23.59 24.12 23.79 23.80 23.94 23.78 23.75 24.02 24.13 24.03 24.01 24.00 24.06 24.18 24.17 23.93 24.13 23.88 24.17 24.29 24.11 24.19 24.15 24.05 23.88 24.08 23.83 24.13 23.95 23.75 23.46 23.56 23.69 23.77 23.47 23.59 24.05 24.08
23.18 23.20 23.16 23.38 23.15 23.15 23.42 23.00 23.30 23.54 23.52 23.84 23.77 23.83 24.10 23.86 23.64 23.38 23.51 23.86 23.42 22.60 20.24 21.27 22.70 23.34 23.43 23.41 23.90 23.52 23.90 24.20 24.14 23.91 23.74 23.98 23.54 23.58 23.96 23.55 23.60 23.98 23.88 23.88 23.86 23.87 24.02 24.02 24.12 23.98 23.90 23.90 24.07 24.08 24.05 24.06 24.06 24.09 24.26 24.22 24.09 24.19 24.20 24.12 24.11 24.33 24.23 24.18 24.11 23.89 24.14 23.98 23.41 23.71 24.09 24.06 24.10
23.29 22.58 23.50 23.13 23.07 23.56 23.19 22.98 23.71 23.56 23.24 23.75 24.26 23.85 24.10 23.64 23.79 23.76 23.80 24.09 23.10 23.36 22.80 22.86 23.20 23.41 22.86 23.39 22.70 23.34 24.13 23.93 24.09 24.19 23.57 23.81 23.58 23.65 23.93 23.50 23.57 23.67 23.55 23.46 23.82 23.65 23.82 24.07 24.17 23.91 23.93 23.69 23.99 23.82 24.05 24.05 24.23 24.05 24.13 24.42 24.06 24.32 24.28 24.32 24.14 24.09 24.13 24.20 24.27 24.10 23.96 23.99 24.04 24.14 24.18 24.00 24.00
23.40 23.29 23.08 23.46 23.58 23.21 23.71 23.81 23.13 23.54 23.92 24.04 23.94 23.60 24.19 24.13 23.87 23.84 23.89 23.87 23.68 23.87 23.10 22.74 22.95 23.18 22.81 23.28 22.93 23.51 23.88 24.09 24.15 24.11 23.85 23.62 23.80 23.66 23.78 23.71 23.45 23.54 23.67 23.78 23.69 23.69 23.58 23.90 23.91 23.97 23.89 23.52 23.71 23.89 23.29 23.49 24.16 24.04 24.12 23.95 24.16 23.80 24.33 24.09 24.25 24.01 23.75 24.21 23.90 23.58 23.78 24.18 24.05 24.13 23.82 23.75 23.74
23.62 22.82 22.95 23.26 23.85 23.44 23.41 23.61 23.28 23.92 23.72 23.47 23.47 23.40 23.64 23.70 23.62 23.23 22.95 23.24 23.65 23.63 23.59 23.61 23.45 23.44 23.18 23.42 23.70 23.85 24.01 23.94 24.01 23.94 23.73 24.00 24.00 23.81 24.24 24.20 23.69 23.84 23.73 23.66 23.62 23.57 23.82 23.68 23.50 23.82 23.77 23.64 23.81 23.76 23.71 23.29 23.66 23.63 23.63 23.57 23.73 24.00 24.40 24.41 24.25 23.99 23.68 23.80 23.97 23.79 23.23 23.82 23.53 23.97 23.86 23.48 23.65
23.40 23.13 22.87 22.98 23.94 23.13 22.84 23.04 23.94 23.12 23.71 23.31 23.52 23.74 23.79 23.84 23.56 23.00 23.34 23.65 23.85 23.90 23.46 23.27 23.60 23.75 23.24 23.40 23.67 23.71 23.90 23.79 23.60 23.78 23.67 23.89 24.17 23.82 24.00 24.32 24.03 23.94 23.63 23.78 23.72 23.17 23.75 23.78 23.53 23.61 23.86 23.69 23.55 23.77 23.93 23.89 23.83 23.42 23.63 23.75 23.41 23.87 23.93 23.99 24.23 24.12 24.08 23.60 23.72 23.58 23.53 24.08 23.35 23.68 23.76 23.14 23.64
23.88 23.16 23.55 22.90 23.59 23.45 23.30 23.45 23.65 23.53 23.59 23.55 22.92 23.73 23.62 23.41 23.85 23.55 23.44 23.86 23.81 23.85 23.71 23.60 23.72 23.28 23.64 23.61 23.90 23.75 23.88 23.65 23.80 23.98 24.04 23.88 24.00 24.04 23.87 24.02 24.15 23.71 24.01 23.97 23.82 23.35 23.52 23.46 23.40 23.62 23.61 23.85 23.50 23.27 23.60 23.93 23.64 23.81 23.92 23.93 22.93 23.44 24.13 23.96 23.85 23.73 23.85 23.48 23.57 23.76 23.40 23.76 23.34 23.49 23.32 23.02 23.76
22.99 22.93 22.97 23.51 23.49 23.30 23.64 23.31 23.36 23.60 23.29 22.91 23.09 23.21 23.14 23.35 23.96 23.51 23.24 23.54 23.76 23.71 23.86 23.43 23.56 23.63 23.45 23.26 24.10 24.22 23.99 23.23 23.78 23.74 23.87 23.72 23.94 24.23 23.92 23.98 24.19 24.13 24.35 24.01 23.61 23.49 23.38 23.62 23.50 23.56 23.84 24.01 23.96 23.51 23.61 23.52 23.35 23.88 24.04 24.02 23.94 23.40 24.08 23.47 23.42 23.29 23.75 22.76 23.37 23.58 23.52 23.53 23.15 23.41 23.44 23.11 23.80
23.24 23.15 22.59 23.05 23.84 23.29 23.61 23.29 23.41 23.38 23.96 23.43 23.94 23.36 23.81 23.68 23.68 23.62 23.44 23.28 23.30 23.81 23.85 23.73 23.63 23.86 23.50 23.15 23.61 24.06 23.57 23.78 23.60 23.74 23.27 23.45 23.93 23.79 23.75 23.83 23.89 24.16 24.49 24.11 23.80 23.42 23.67 23.58 23.59 23.37 23.36 23.73 24.11 23.69 23.89 23.62 23.63 23.66 23.77 24.20 24.31 23.89 23.81 23.52 23.84 23.60 23.60 23.21 23.25 23.04 23.12 23.52 23.72 23.18 22.67 23.17 23.53
23.35 22.74 23.45 22.81 23.59 23.32 23.45 23.40 22.86 23.78 23.87 23.84 23.86 23.15 23.81 23.85 23.62 24.01 23.63 23.68 23.93 24.12 23.46 23.80 23.66 23.94 23.37 23.74 23.81 23.66 23.31 23.45 23.35 23.19 23.22 23.04 23.78 23.71 23.70 23.83 23.96 24.00 24.16 23.98 23.90 23.63 23.91 23.54 23.71 23.62 23.35 23.85 23.97 23.69 23.74 23.80 23.93 23.86 23.63 23.88 24.21 24.11 23.92 23.68 23.71 24.02 23.50 23.25 23.14 22.91 23.52 23.46 23.45 23.47 22.67 23.23 23.98
23.06 22.94 23.31 23.51 23.38 23.13 22.97 23.51 23.95 23.56 23.69 24.00 23.41 23.65 23.70 23.61 23.66 23.57 23.89 23.55 23.92 23.90 23.63 23.35 23.50 23.57 23.84 23.48 23.02 23.17 23.01 23.24 23.66 23.71 23.43 23.16 23.18 23.77 23.86 23.65 23.93 23.67 23.99 23.74 24.03 23.76 23.90 23.36 23.64 23.45 23.39 23.37 23.77 23.78 23.54 23.71 23.73 23.94 23.79 23.69 23.95 23.83 23.88 23.65 23.66 23.84 23.86 23.51 23.38 23.48 23.50 23.64 23.39 23.63 22.51 22.60 23.09
