main/data/irradiance/21.05.2023.grid
ncols 839
nrows 679
xllcenter 112.0500
yllcenter -43.9500
cellsize 0.0500
nodata_value 99999.90
[rows 442 to 475 of 679, columns 77 to 153 of 839]
10.67 11.41 11.74 11.53 11.22 11.54 11.90 12.21 11.87 11.75 11.31 10.12 9.81 10.83 11.29 12.06 12.21 12.77 11.96 12.07 12.69 12.91 13.02 12.84 12.80 12.83 12.80 12.59 12.67 12.54 12.20 12.54 12.73 12.60 12.88 12.83 12.26 12.16 11.81 11.65 12.07 12.38 12.63 12.81 12.65 12.86 12.70 12.74 12.82 12.59 12.42 12.46 12.79 12.89 12.89 12.67 12.40 12.39 12.10 11.97 11.96 12.32 12.23 12.08 12.40 12.84 12.87 12.83 12.78 12.42 11.79 12.11 12.15 12.72 12.83 12.79 12.84
9.70 11.26 11.71 11.43 11.69 11.70 11.58 11.46 11.26 11.19 10.35 9.55 9.99 10.69 11.91 12.26 12.39 12.70 12.33 12.90 12.85 12.80 12.97 12.90 12.80 12.73 12.48 12.72 12.74 12.49 12.68 12.85 12.89 12.86 12.72 12.50 12.50 12.10 11.75 11.31 11.74 12.41 12.74 12.36 12.34 12.73 12.51 12.69 12.58 12.11 11.86 11.78 12.26 12.57 12.57 12.34 12.44 12.48 12.42 12.38 12.14 12.06 12.06 12.47 12.68 12.81 12.66 12.34 12.35 12.26 12.19 12.52 12.61 12.80 12.76 12.77 12.75
10.90 11.74 11.56 11.52 11.41 11.66 11.35 10.87 10.49 10.20 10.30 10.61 10.74 11.53 12.42 12.75 12.84 12.60 12.40 12.82 12.80 12.96 12.85 12.71 12.67 12.60 12.61 12.54 12.35 12.51 12.70 12.97 12.71 12.78 12.39 12.25 12.60 12.42 12.27 11.82 12.06 12.46 12.92 12.89 12.81 12.85 12.78 12.56 12.37 12.29 12.46 12.34 12.38 12.38 12.39 12.17 12.39 12.56 12.47 12.20 12.08 12.28 12.21 12.54 12.75 12.37 12.22 12.34 12.39 12.48 12.46 12.73 12.82 12.63 12.34 12.60 12.70
11.70 11.87 11.84 11.38 10.92 10.59 10.29 10.23 9.89 9.90 10.51 10.74 11.82 12.48 12.83 12.73 12.71 12.76 12.75 12.77 12.95 12.92 12.85 12.71 12.77 12.78 12.78 11.92 11.66 12.29 12.38 12.45 12.33 12.24 12.14 12.53 12.80 12.82 12.33 11.93 12.06 12.67 12.83 12.82 12.88 12.76 12.58 12.16 11.89 11.60 12.20 12.80 12.72 12.57 12.47 12.56 12.56 12.56 12.21 12.05 12.15 12.31 12.56 12.68 12.37 12.28 12.19 12.29 12.20 12.12 12.36 12.65 12.59 12.31 12.01 12.69 12.75
11.44 11.44 10.88 10.27 10.41 9.64 10.06 9.71 9.89 10.21 11.02 11.51 12.16 12.43 12.77 12.74 12.83 12.84 12.90 12.64 12.87 12.92 12.92 12.92 12.60 12.41 12.33 11.67 11.72 12.59 12.66 12.44 12.22 12.20 12.38 12.66 12.68 12.44 12.28 12.20 12.45 12.64 12.74 12.60 12.17 11.86 12.01 11.94 11.96 11.98 12.56 12.67 12.55 12.67 12.76 12.71 12.54 12.32 12.01 11.73 11.95 12.27 12.53 12.52 11.84 12.32 12.34 11.98 11.55 11.83 12.07 12.28 12.28 12.21 12.67 12.73 12.67
11.15 10.57 10.04 10.24 10.00 9.78 10.07 10.05 10.45 11.31 11.97 11.83 11.63 11.95 12.22 12.47 12.66 12.63 12.28 12.13 12.27 12.62 12.62 12.39 12.31 12.60 12.39 12.06 12.69 12.78 12.86 12.76 12.52 12.69 12.27 12.58 12.81 12.56 12.27 12.23 12.52 12.65 12.70 12.48 11.90 11.46 11.43 12.36 12.19 12.33 12.65 12.53 12.64 12.48 12.52 12.76 12.36 11.89 11.71 11.87 12.02 12.35 12.44 12.36 11.89 12.01 12.32 12.16 12.02 12.14 11.91 11.93 12.03 12.34 12.56 12.58 12.50
10.84 11.27 10.77 10.91 10.58 10.01 9.90 10.07 10.67 11.55 11.64 11.38 11.37 11.75 12.22 12.16 11.94 12.20 12.41 11.04 10.91 11.96 12.72 12.60 12.34 12.71 12.57 12.66 12.75 12.74 12.76 12.77 12.73 12.62 12.62 12.64 12.82 12.79 12.52 12.63 12.57 12.46 12.71 12.46 12.20 11.85 12.17 12.43 12.51 12.63 12.25 12.22 12.18 12.38 12.61 12.39 12.10 11.83 12.04 12.06 12.33 12.39 12.24 12.19 12.15 12.31 12.20 12.18 12.04 12.10 12.12 11.96 11.78 12.24 12.30 12.43 12.37
9.92 10.54 10.82 10.99 11.14 10.54 10.34 10.61 11.21 11.71 11.54 11.71 11.98 12.20 12.26 11.79 11.74 12.22 11.83 11.31 12.03 12.51 12.53 12.35 12.01 12.50 12.87 12.64 12.32 12.62 12.62 12.65 12.38 12.39 12.44 11.94 12.13 12.21 12.11 12.71 12.77 12.64 12.13 11.98 12.45 12.51 12.35 12.38 12.73 12.26 12.10 12.29 12.16 12.66 12.53 12.37 11.91 11.72 11.82 11.75 11.94 12.35 12.12 12.01 12.05 12.19 12.08 11.87 11.68 12.06 12.43 11.77 12.25 12.38 11.91 12.20 12.09
11.05 11.47 11.38 11.20 11.24 11.02 10.68 10.87 11.28 11.40 11.64 11.89 12.20 12.25 11.87 11.74 12.03 11.52 11.90 12.45 12.28 12.68 12.54 12.56 12.69 12.71 12.76 12.78 12.64 12.78 12.81 12.63 12.55 12.57 12.25 11.59 11.81 12.14 12.37 12.54 12.25 11.58 11.82 12.19 12.40 12.55 12.73 12.35 12.45 12.38 12.61 12.71 12.64 12.21 11.79 12.12 11.89 11.61 11.98 11.79 12.13 11.81 11.55 12.12 12.35 12.15 11.88 11.96 11.85 11.94 12.25 12.06 12.49 11.90 11.83 12.09 12.14
11.25 11.55 10.44 10.70 10.78 10.78 10.71 11.38 11.78 11.87 11.81 11.95 12.19 12.27 11.98 11.71 11.27 12.17 12.27 12.63 12.73 12.30 12.31 12.33 12.56 12.68 12.54 12.71 12.62 12.64 12.48 12.30 12.42 12.51 12.20 12.10 12.12 12.15 12.37 12.37 12.14 11.78 12.05 12.52 12.58 12.73 12.68 12.44 12.44 12.49 12.59 12.71 12.40 12.03 11.79 11.80 12.35 12.01 12.26 12.30 12.19 12.07 12.15 12.15 12.29 12.21 12.14 12.20 12.03 11.69 12.07 12.44 12.25 11.84 11.97 12.26 12.14
10.68 10.89 10.43 10.55 10.96 11.18 11.46 12.01 12.00 11.58 11.17 11.24 11.34 11.70 11.22 11.14 11.35 12.15 12.43 12.57 12.07 12.36 12.46 12.39 12.27 12.25 12.22 12.46 12.62 12.32 12.31 12.30 12.43 12.59 12.75 12.69 12.68 12.63 12.65 12.50 11.64 11.91 12.27 12.71 12.69 12.50 12.43 12.33 12.29 12.26 12.36 12.55 12.41 12.46 11.92 11.80 12.47 12.53 12.49 12.00 12.01 12.17 12.07 11.99 12.31 12.45 12.10 11.65 11.84 11.77 12.20 12.43 12.36 12.46 12.52 12.34 12.06
11.36 11.11 10.55 11.56 11.64 11.38 11.02 11.28 11.77 11.53 11.08 11.62 12.01 12.05 11.95 12.41 12.34 12.53 12.57 12.62 12.03 12.39 12.22 12.41 12.57 12.56 12.66 12.56 12.03 11.72 11.83 12.43 12.33 12.52 12.72 12.76 12.55 12.61 12.60 12.40 11.81 11.99 12.51 12.44 12.21 12.11 12.13 12.18 12.04 12.32 12.58 12.53 12.37 12.27 12.02 12.01 12.52 12.57 12.44 11.73 11.95 11.90 11.81 11.95 12.15 12.15 12.07 11.48 11.74 12.11 12.24 12.34 12.54 12.60 12.67 12.60 12.25
11.55 11.20 10.83 11.31 10.99 10.90 10.91 11.08 11.95 11.63 11.63 11.76 12.16 12.24 12.27 12.37 12.60 12.73 12.64 12.51 12.30 12.32 12.57 12.50 12.29 12.07 12.28 12.23 11.76 12.06 12.18 11.89 11.99 12.27 12.59 12.46 12.43 12.16 12.26 12.56 12.55 12.33 12.48 12.32 11.86 11.75 12.13 12.37 12.36 12.26 12.07 12.28 12.34 12.50 12.59 12.32 12.34 12.54 12.41 11.69 11.82 11.71 11.54 11.41 11.66 12.12 12.00 11.87 11.38 11.73 12.09 12.43 12.63 12.68 12.40 12.46 12.60
10.99 10.60 10.65 11.07 10.97 11.13 11.25 11.36 11.54 11.61 11.96 11.98 11.90 12.05 11.97 12.00 12.51 12.41 12.50 12.66 12.47 12.32 12.29 12.52 12.49 12.25 11.95 12.01 12.21 12.55 12.55 12.49 12.35 12.57 12.62 12.61 12.54 12.47 12.41 12.40 12.62 12.33 11.79 11.76 11.77 12.03 12.38 12.38 12.36 11.96 12.09 12.01 12.27 12.54 12.39 12.28 12.19 12.28 12.00 11.93 11.87 11.89 11.34 11.70 12.19 12.30 12.31 12.02 11.64 11.83 11.90 11.86 12.04 12.15 12.24 12.33 12.49
10.59 10.59 10.57 10.43 10.49 10.97 11.37 11.26 11.52 12.02 12.28 12.02 12.08 12.07 11.63 11.84 12.34 12.44 12.29 12.28 12.34 12.26 12.32 12.33 12.10 11.70 11.77 12.05 12.13 12.23 12.36 12.56 12.57 12.23 12.46 12.32 12.38 12.31 12.22 12.33 12.32 12.07 11.89 12.21 12.32 12.24 12.31 12.38 12.44 12.00 11.87 12.18 12.25 12.31 12.37 11.98 12.22 12.28 12.22 12.22 12.35 12.18 12.10 12.24 12.15 11.90 12.23 12.23 11.68 12.01 12.04 12.00 11.85 12.08 12.24 12.33 12.36
10.44 10.81 10.66 10.27 10.70 11.41 11.97 11.83 11.60 11.76 12.10 11.78 11.95 12.47 12.63 12.37 12.18 12.22 12.05 12.29 12.11 12.05 12.19 12.17 11.35 11.57 12.20 12.06 11.50 11.70 12.19 12.28 12.23 12.31 12.24 12.02 12.07 12.03 12.28 12.42 12.27 12.18 12.41 12.47 12.34 12.16 12.45 12.45 12.06 11.83 12.23 12.31 12.38 11.94 12.31 12.28 12.41 12.23 11.91 11.97 11.94 12.35 12.34 12.25 12.37 11.88 12.30 12.32 12.20 12.02 12.07 12.03 11.66 11.73 11.76 12.08 12.30
10.23 10.19 10.78 10.68 10.80 11.65 12.01 12.04 12.30 12.19 11.65 11.83 12.36 12.25 12.24 12.19 12.35 12.19 11.86 11.83 11.54 12.11 12.38 11.77 11.87 11.98 12.41 12.21 12.25 11.92 12.04 12.52 12.62 12.59 12.54 12.41 12.20 11.84 12.10 12.01 12.07 12.15 12.39 12.38 12.27 12.48 12.47 12.08 11.77 11.71 12.46 12.47 12.44 12.26 12.34 12.27 11.56 11.31 11.11 11.58 11.83 12.10 12.28 12.24 12.31 12.07 12.33 12.23 11.81 11.36 11.42 11.32 11.28 11.23 11.68 12.28 12.13
9.96 10.45 10.84 10.92 11.25 11.86 11.98 12.16 11.77 11.84 11.55 12.15 12.34 12.20 12.01 12.28 12.29 12.26 12.06 12.05 12.31 12.49 12.43 12.29 12.43 12.57 12.53 12.60 12.44 12.52 12.02 12.59 12.63 12.60 12.44 12.03 12.02 11.98 12.01 11.99 11.88 11.84 12.24 12.10 12.31 12.27 11.97 11.77 12.15 12.32 12.19 11.99 12.09 11.82 12.08 11.86 11.55 11.67 11.90 12.20 12.01 12.06 11.90 12.28 12.28 12.17 12.33 11.93 11.40 10.91 10.96 10.75 11.26 10.98 11.70 11.91 12.01
10.53 11.12 11.57 11.15 11.63 11.60 11.69 11.27 11.21 11.35 10.86 11.87 11.84 12.15 11.96 12.10 12.25 12.51 12.59 12.48 12.45 12.31 12.35 12.41 12.30 12.41 12.47 12.50 12.21 12.37 12.31 12.50 12.57 12.53 12.08 11.87 11.70 12.13 12.25 12.37 12.21 12.32 12.27 12.45 12.15 12.04 12.23 12.36 12.31 12.02 11.68 11.69 12.13 12.01 12.41 12.48 12.44 12.38 12.23 12.16 12.02 11.88 12.10 12.18 12.27 12.05 12.19 11.78 11.21 11.08 10.87 10.69 10.83 11.01 11.71 11.75 11.52
10.47 10.91 11.32 11.20 11.57 11.60 11.11 10.66 11.24 11.09 11.21 11.59 11.47 11.98 11.91 11.56 11.91 12.52 12.54 12.25 12.14 12.31 12.09 11.80 11.63 11.71 12.08 12.33 12.23 12.24 12.21 12.34 12.36 12.38 11.89 11.86 11.99 12.32 12.38 12.22 12.42 12.51 12.59 12.60 12.36 12.12 11.91 12.27 12.19 11.69 11.69 12.24 12.34 12.35 12.47 12.48 12.47 12.12 11.66 11.60 11.70 12.11 11.82 11.90 11.83 11.76 11.83 11.77 11.16 10.98 10.28 10.24 10.48 11.04 10.98 11.29 11.71
11.26 11.15 10.68 10.58 11.01 11.37 11.00 10.83 11.43 11.31 11.48 11.39 11.01 11.66 12.03 11.94 12.07 12.35 12.19 11.96 12.20 12.39 12.11 11.86 11.32 12.15 12.40 12.38 12.47 12.43 12.51 12.38 11.88 12.02 11.85 11.90 11.91 11.98 11.79 12.06 12.43 12.55 12.22 12.21 12.43 12.00 11.74 11.86 11.60 11.91 12.38 12.42 12.42 12.37 12.04 12.41 12.34 11.80 11.02 11.62 11.87 12.23 12.14 11.87 12.07 12.31 11.97 11.64 11.43 11.49 10.74 10.53 10.55 10.86 11.06 11.18 11.60
11.08 10.76 10.63 10.68 10.88 11.33 11.73 11.63 11.36 10.91 10.88 10.39 10.86 11.25 11.96 12.23 12.27 12.36 12.44 12.50 12.46 12.28 11.94 11.79 12.02 12.11 12.30 12.42 12.47 12.46 12.29 12.07 11.97 12.14 12.11 11.82 12.13 12.11 11.81 12.19 12.52 12.54 12.24 12.02 12.02 11.94 11.84 11.84 11.80 11.47 11.85 12.35 12.36 12.11 12.19 12.31 11.98 11.13 11.49 12.00 12.16 12.20 12.08 12.08 11.89 11.32 11.32 11.51 11.67 11.92 11.19 10.72 10.50 10.72 10.86 10.79 11.04
10.90 10.28 10.14 10.47 11.23 11.59 11.67 10.81 10.51 10.02 10.42 10.54 10.58 11.29 12.12 12.43 12.43 12.44 12.38 12.40 12.43 12.23 11.94 11.63 11.83 12.03 12.35 12.52 12.52 12.47 12.48 12.49 12.35 12.29 12.21 12.09 12.22 12.15 12.33 12.49 12.51 12.50 12.22 12.16 11.99 11.95 12.01 11.71 11.82 11.63 11.92 12.12 11.92 12.04 12.15 11.73 11.15 11.20 11.57 11.90 11.74 11.73 11.87 11.89 11.28 11.39 11.81 11.73 11.71 11.69 11.43 10.97 11.18 11.27 10.79 10.72 10.84
10.17 10.64 10.44 10.47 10.48 11.02 10.59 10.10 10.10 9.66 10.09 10.89 11.36 11.76 12.19 12.41 12.30 12.22 12.17 12.16 12.23 11.95 12.03 12.15 12.02 12.40 12.48 12.49 12.49 12.46 12.46 12.43 12.37 12.34 12.23 12.33 12.28 12.29 12.42 12.44 12.45 12.39 12.11 12.29 11.95 11.88 12.00 11.54 11.72 12.11 12.00 11.77 12.10 12.21 11.68 11.45 11.44 11.73 11.83 11.63 11.69 11.81 11.80 11.64 11.62 11.91 12.00 11.92 11.98 12.05 11.86 11.43 11.52 11.12 10.53 10.69 11.04
10.59 10.94 10.51 10.69 10.66 11.31 10.64 10.84 10.67 10.74 10.67 11.06 11.53 12.01 12.16 12.28 12.36 12.40 12.24 11.98 11.80 11.98 11.78 12.03 12.21 12.12 12.39 12.45 12.43 12.34 12.39 12.02 12.08 12.17 11.68 11.76 11.97 12.29 12.29 12.23 12.27 11.84 11.72 11.97 12.08 12.39 12.41 11.78 11.68 11.97 12.10 11.89 12.09 12.27 11.99 11.87 12.12 11.94 11.44 11.58 11.83 11.82 11.72 11.58 11.82 12.12 12.20 12.03 11.82 11.60 11.48 11.54 10.91 10.16 10.42 11.04 10.70
10.77 10.84 10.62 10.78 11.01 10.63 10.62 11.05 11.28 11.25 11.66 11.69 12.03 12.16 12.24 12.32 12.35 12.29 12.07 11.76 11.88 11.94 11.96 11.82 11.71 12.03 12.26 12.44 12.10 12.04 12.23 12.27 12.21 11.98 11.69 11.92 12.21 12.36 12.31 12.41 12.38 11.74 11.71 11.92 12.14 12.31 12.03 11.34 11.57 12.01 12.06 12.17 12.12 12.09 12.31 11.78 11.74 11.46 11.69 11.46 11.43 11.88 11.93 11.70 11.80 11.82 11.98 11.15 11.43 11.48 11.46 11.13 11.07 11.37 11.27 11.17 11.13
10.64 10.32 10.74 11.09 10.89 10.35 10.90 11.15 11.14 11.52 11.83 11.69 12.06 12.11 12.25 12.30 12.09 11.89 11.96 11.52 11.58 11.64 11.54 11.55 12.03 12.31 12.31 12.31 12.00 12.14 12.04 12.02 11.91 11.74 12.04 12.38 12.39 12.25 12.39 12.44 12.33 11.66 12.05 12.13 12.20 12.14 12.00 11.50 11.71 11.98 12.13 11.72 11.76 12.08 11.91 11.49 11.34 11.59 11.85 11.39 11.21 11.73 11.59 10.98 10.69 11.65 11.76 11.38 11.47 11.25 11.31 11.47 11.75 11.70 11.08 10.76 10.94
10.78 10.43 10.72 10.95 10.44 10.27 11.11 10.74 11.10 11.47 11.21 10.86 10.97 11.44 11.76 11.75 11.90 11.91 11.67 11.60 11.83 11.92 11.64 11.91 12.05 12.12 12.21 12.20 12.18 12.01 11.91 12.11 12.11 11.95 12.34 12.20 12.29 12.06 12.38 12.39 12.20 12.06 12.20 12.05 11.97 12.19 12.20 11.72 11.82 11.85 11.89 11.62 11.76 11.55 11.82 11.75 11.21 11.45 11.85 11.55 11.46 11.21 10.92 10.84 11.15 11.42 11.17 11.22 11.21 11.28 11.22 11.53 11.65 11.57 11.45 10.93 10.96
10.69 11.38 11.33 9.99 10.14 10.21 10.04 10.71 10.71 11.16 11.00 10.82 11.12 11.55 11.60 11.62 11.94 11.89 11.56 11.39 11.53 11.54 11.36 11.94 12.18 12.25 12.32 12.26 12.25 12.31 12.30 12.23 12.14 11.99 11.90 12.01 12.12 11.94 12.38 12.30 12.31 12.20 12.17 11.96 11.79 11.94 11.98 11.97 12.04 11.84 11.58 11.68 11.72 11.65 11.80 11.43 11.20 11.35 11.68 11.73 11.64 11.22 11.28 11.47 11.38 11.29 10.93 10.71 10.93 11.27 11.39 11.70 11.83 11.69 11.74 11.50 11.55
11.68 11.54 10.76 10.10 10.42 10.78 11.03 11.00 10.80 10.69 10.81 10.93 11.17 11.14 11.16 11.42 11.81 11.96 11.76 11.35 11.25 11.32 11.37 11.95 12.21 12.35 12.35 12.32 12.32 12.16 11.94 12.19 12.25 11.69 11.96 11.92 12.11 11.87 12.24 12.22 12.34 11.96 12.03 11.60 11.76 11.67 11.60 11.85 11.69 11.56 11.46 11.68 11.86 11.36 11.62 11.72 11.55 11.44 11.77 11.90 11.29 10.72 11.24 11.56 11.67 11.04 11.09 10.94 11.44 11.54 11.74 11.94 12.04 11.95 11.78 11.39 11.29
11.01 10.89 10.84 10.71 10.42 10.67 10.63 10.42 10.86 10.69 10.85 11.15 11.12 11.22 11.70 11.70 12.11 12.16 11.89 11.62 11.37 11.51 11.82 12.08 12.07 12.29 12.29 12.29 12.22 12.16 11.98 12.23 12.11 12.22 11.89 11.91 12.05 11.98 12.31 12.32 12.33 12.26 12.19 11.99 11.58 11.46 11.82 12.23 11.86 11.50 11.51 11.23 11.59 11.43 11.59 11.83 11.87 11.78 11.45 11.61 11.08 10.92 11.26 11.11 11.43 11.34 11.08 11.30 11.52 11.60 11.61 11.72 11.67 11.53 11.13 11.20 11.46
10.55 10.31 10.93 10.79 10.42 10.58 10.17 10.21 10.73 10.98 10.80 11.20 11.16 11.57 11.85 11.96 11.76 11.99 11.88 11.66 11.40 11.68 11.84 12.05 12.24 12.23 12.20 12.04 11.94 11.85 11.95 12.09 11.90 11.76 11.61 11.78 11.91 11.72 11.90 11.64 11.85 12.17 12.19 11.97 11.76 11.63 11.75 12.13 12.03 11.75 11.94 11.41 11.29 11.42 11.77 11.85 12.02 11.78 11.33 11.17 11.02 11.45 11.45 11.21 11.51 10.90 11.03 11.42 11.62 11.72 11.39 11.44 11.45 11.55 11.56 11.70 11.59
11.28 10.85 10.68 10.47 10.78 10.61 10.55 10.74 11.23 11.21 11.05 11.43 11.46 11.68 11.86 11.94 12.06 11.84 11.86 11.83 11.89 11.90 12.21 12.21 12.14 12.10 12.09 11.68 11.81 11.97 12.18 12.28 12.20 11.70 12.04 12.08 12.02 11.72 11.74 11.68 11.67 11.60 11.61 11.60 11.95 11.92 11.50 11.85 11.95 11.78 11.81 11.53 11.54 11.33 11.78 11.96 11.83 11.71 11.49 11.29 11.56 11.71 11.52 11.42 11.17 10.80 10.90 11.02 11.04 11.40 11.29 11.01 11.37 11.31 11.59 11.65 11.32
11.21 10.84 10.89 10.65 11.47 11.24 10.89 11.48 11.91 11.75 11.50 11.83 12.00 11.99 11.88 11.90 11.74 11.72 11.87 11.58 11.57 11.70 12.07 12.20 12.22 12.12 11.92 11.48 11.47 11.78 11.82 12.18 12.03 11.96 12.19 12.05 11.66 11.65 11.58 11.76 11.96 11.92 11.91 12.02 11.90 11.47 11.21 11.70 12.05 11.97 11.76 11.55 11.34 11.27 11.69 11.95 11.85 11.27 11.55 11.36 11.32 11.25 10.97 10.93 11.14 10.88 11.23 11.31 11.65 11.49 11.31 10.85 10.73 10.75 10.67 10.67 10.34
