main/data/irradiance/21.03.2023.grid
ncols 839
nrows 679
xllcenter 112.0500
yllcenter -43.9500
cellsize 0.0500
nodata_value 99999.90
[rows 238 to 271 of 679, columns 77 to 153 of 839]
21.18 20.68 19.97 19.85 20.62 21.23 20.03 19.57 20.38 21.09 19.48 20.50 21.05 20.64 19.82 20.41 20.64 19.73 20.91 21.77 22.55 22.86 20.86 19.79 19.84 21.26 21.10 21.41 20.87 20.18 20.13 20.62 21.12 20.95 21.38 21.52 21.73 21.88 21.91 22.16 21.75 22.41 22.79 22.45 23.23 24.15 23.70 23.58 23.31 24.09 24.00 24.18 23.12 23.31 23.32 23.05 23.23 23.68 22.65 22.63 22.71 22.75 22.38 22.86 23.54 23.17 23.77 21.35 21.80 21.85 22.71 23.31 23.52 24.04 22.91 22.17 21.63
22.07 21.79 20.12 20.52 19.90 20.90 20.42 19.11 20.30 21.12 19.96 20.27 21.18 20.37 19.84 20.63 21.47 19.95 19.88 20.00 20.15 21.99 20.74 19.63 19.07 19.35 20.36 21.06 20.31 20.84 20.22 20.42 20.43 20.66 21.21 21.24 19.67 21.58 21.84 22.16 21.10 22.31 22.06 22.25 22.81 22.86 23.02 22.58 22.56 23.29 23.46 23.86 23.42 23.18 23.54 23.31 23.34 23.45 22.25 22.31 22.75 22.89 22.84 22.90 22.88 23.27 22.59 22.43 22.77 22.55 22.92 23.61 23.13 23.60 22.87 22.26 21.05
21.59 22.43 21.15 21.03 19.51 20.32 20.78 18.99 20.55 20.58 20.60 20.41 20.66 21.24 22.11 21.01 19.28 19.78 19.33 19.39 21.12 20.62 19.70 18.21 17.72 19.40 18.70 19.92 20.44 20.89 19.72 19.79 20.49 20.71 21.37 21.38 20.47 21.13 21.26 21.67 21.88 22.77 22.34 22.32 21.39 21.94 22.52 22.17 22.72 22.87 22.90 23.42 23.15 23.39 23.64 23.78 23.13 22.99 22.94 22.91 22.98 23.08 22.77 22.45 22.88 23.42 23.59 22.65 22.21 21.58 23.88 24.12 23.74 23.29 23.55 22.88 21.38
22.08 21.88 21.99 21.58 21.97 21.00 20.33 20.78 21.52 21.56 21.75 20.94 21.12 20.81 21.47 20.10 18.79 19.57 20.03 20.03 19.63 18.50 18.24 18.24 17.42 18.66 18.36 19.32 20.16 19.55 19.13 18.98 18.87 19.61 20.91 20.16 21.36 21.90 21.27 22.27 22.15 22.84 21.38 21.82 22.10 21.63 22.23 22.43 22.70 22.46 22.57 22.47 22.61 23.61 23.31 23.13 22.83 22.60 22.92 23.14 23.80 23.64 23.45 22.39 22.66 24.03 23.87 22.40 21.73 21.46 23.19 24.31 23.30 23.46 22.09 24.07 23.26
21.98 22.74 22.90 23.24 22.97 21.08 20.76 20.30 21.03 22.41 22.26 21.05 20.81 20.43 20.49 19.95 19.33 19.69 20.63 19.06 17.08 16.35 17.28 15.83 16.65 16.52 17.85 19.77 19.49 19.28 18.61 19.16 19.85 20.44 20.05 20.39 21.93 22.05 22.07 23.09 22.56 21.45 22.64 22.84 22.01 21.16 21.35 22.49 22.26 19.95 21.31 22.13 22.60 22.26 23.12 22.36 21.75 22.39 23.29 23.46 23.69 23.06 23.45 22.38 22.47 23.93 23.15 22.56 20.42 21.06 22.73 23.51 23.30 21.75 21.54 23.99 23.90
22.01 23.69 23.28 22.86 21.07 20.70 21.44 21.20 20.87 20.24 20.41 21.11 20.70 21.10 20.59 20.46 20.71 20.35 19.46 17.88 16.48 16.92 18.21 15.54 14.45 15.74 15.19 16.51 16.34 17.40 17.68 18.82 19.66 19.54 20.71 21.77 22.32 21.71 22.36 22.70 22.20 21.96 22.43 21.75 21.37 19.79 21.61 21.15 20.99 20.85 21.15 21.89 22.71 22.23 22.85 21.58 21.25 22.32 23.10 22.88 22.96 23.94 24.08 23.72 23.61 22.90 22.33 23.55 22.48 20.72 22.88 23.45 23.25 22.25 21.82 23.85 24.08
22.62 23.11 22.55 21.89 20.66 21.85 22.44 21.19 21.58 21.22 19.35 20.93 21.85 22.15 21.10 21.06 20.35 19.23 17.72 16.67 17.09 18.46 18.23 17.30 16.14 15.15 14.61 14.91 16.60 16.45 16.65 17.37 19.83 19.97 21.54 22.28 21.74 21.81 22.60 23.27 22.00 21.39 22.43 20.84 19.99 19.25 21.32 20.74 21.06 21.24 21.84 22.76 22.72 21.27 22.07 20.71 19.95 22.63 22.73 22.33 23.38 23.16 23.43 23.44 23.81 23.39 22.47 23.78 24.24 23.69 22.98 21.35 22.84 22.26 21.82 22.46 22.65
22.70 22.47 22.02 21.32 21.62 22.89 21.81 20.81 20.87 22.14 20.56 20.55 19.82 18.91 20.22 20.07 19.27 18.93 17.82 16.87 17.31 17.50 17.81 18.92 17.21 16.32 15.90 15.61 15.74 15.16 17.43 17.48 18.76 20.78 21.32 20.33 20.25 21.76 22.19 22.54 21.59 21.67 21.31 20.65 20.62 19.97 21.44 22.76 21.36 20.76 21.43 21.76 21.69 20.42 20.02 20.82 21.90 21.28 21.65 23.58 23.13 21.33 21.35 22.99 23.28 23.85 23.39 24.28 23.36 22.61 21.99 22.72 22.53 23.00 23.19 21.69 20.53
22.93 21.65 22.57 22.11 22.34 22.40 22.32 20.77 20.70 21.24 19.39 20.10 19.92 20.33 21.32 19.96 20.39 20.02 19.17 18.21 18.41 18.48 19.10 18.71 18.76 16.81 15.22 15.58 16.09 17.18 19.08 19.85 21.50 21.42 20.64 20.28 20.47 20.27 20.52 21.37 21.25 20.20 19.44 19.92 19.99 20.64 20.44 21.96 21.41 20.88 21.52 21.66 21.60 20.51 21.73 21.66 22.24 21.54 21.67 22.80 23.62 22.85 23.27 23.62 24.09 24.10 23.66 24.13 23.99 22.76 22.46 22.87 22.87 23.52 22.80 20.82 20.96
23.12 21.97 22.79 22.46 22.70 22.00 21.59 21.95 21.13 20.39 20.22 20.42 21.50 20.76 20.88 21.42 20.65 19.83 20.00 18.79 19.11 18.47 18.46 18.00 17.45 16.19 15.83 16.57 16.41 16.67 18.82 20.48 18.89 20.05 19.79 20.13 19.78 19.94 20.32 20.88 20.50 19.29 20.04 20.08 20.55 21.07 20.78 21.78 21.50 21.11 21.65 21.98 22.20 22.39 22.48 22.60 21.79 22.98 21.94 22.47 23.04 23.09 23.83 23.63 23.39 23.85 23.51 23.15 24.04 22.97 21.45 23.11 23.85 23.72 23.35 21.62 22.84
22.63 22.56 22.64 22.74 22.13 21.85 20.19 20.40 20.95 20.69 20.09 20.98 22.24 21.73 21.56 21.44 21.33 21.02 21.52 18.45 17.63 19.04 18.07 18.98 17.66 14.15 15.05 15.98 16.56 17.96 19.20 16.91 17.23 19.41 19.93 19.33 19.13 19.74 19.90 19.34 20.55 20.58 20.68 21.11 20.57 19.51 20.76 21.81 20.95 20.42 20.29 21.65 21.74 21.69 21.49 22.96 23.49 23.12 23.54 22.88 23.92 22.07 23.78 22.95 22.75 23.90 23.87 23.41 23.05 23.53 22.75 23.84 23.86 24.01 23.52 22.26 22.50
22.67 22.91 22.95 22.53 21.32 21.55 21.71 20.79 22.00 21.24 21.24 20.70 21.69 20.89 19.86 19.82 21.33 22.01 22.28 20.67 18.75 17.90 19.11 19.34 19.15 16.90 16.46 17.62 17.99 18.61 18.66 16.83 19.62 20.11 19.08 18.17 17.39 17.27 19.05 20.13 20.01 21.37 20.96 19.91 19.37 18.90 19.58 20.39 20.77 21.09 22.28 22.58 22.58 22.96 23.29 22.06 22.37 23.21 23.21 22.98 23.28 23.05 23.54 22.68 23.24 22.36 24.09 22.82 23.25 23.33 23.73 22.53 23.63 23.99 23.82 23.24 23.55
23.79 23.71 23.95 23.23 22.34 21.97 22.29 22.21 22.54 21.47 21.84 21.38 22.48 21.75 20.84 20.37 21.19 18.88 20.01 19.47 19.01 18.95 18.75 19.34 19.67 20.33 19.85 19.53 19.28 20.35 20.46 19.96 20.04 19.24 18.18 17.03 17.42 17.76 19.12 19.45 20.38 19.26 20.54 20.09 19.16 20.81 19.86 20.58 20.52 21.26 22.45 22.77 22.39 22.80 22.79 21.56 22.32 23.41 21.86 23.36 24.05 23.07 23.69 23.04 23.19 23.33 23.81 23.99 23.02 22.57 23.38 23.23 22.78 23.11 23.40 23.64 23.38
23.95 24.16 23.68 23.39 23.09 22.41 23.45 22.83 21.52 19.84 21.01 21.35 23.25 21.38 20.11 20.55 21.35 21.08 20.99 20.29 19.48 19.17 19.32 19.62 20.96 21.31 20.42 18.10 20.46 19.49 20.77 19.48 18.88 18.12 18.62 18.20 17.36 17.69 19.29 17.78 17.86 17.10 16.40 19.06 19.46 20.89 20.35 20.90 20.53 20.98 22.84 22.61 23.16 23.60 23.23 23.43 22.22 23.39 23.91 23.13 23.16 22.34 23.41 23.69 23.25 23.56 23.55 24.07 23.82 23.35 23.13 23.81 23.81 23.95 22.28 23.31 23.24
24.14 24.15 23.67 23.91 24.05 23.27 23.44 23.13 21.45 21.95 22.33 21.75 20.83 20.66 20.29 19.86 21.39 22.89 19.56 19.88 19.93 20.12 20.12 20.00 20.32 20.90 21.80 19.45 19.78 19.60 19.84 18.68 19.17 19.00 17.48 17.21 18.22 17.82 18.65 16.90 16.03 16.05 17.04 19.33 20.61 20.82 20.82 21.25 21.24 21.76 22.88 22.84 22.55 23.34 23.33 23.04 23.00 23.11 23.84 23.73 23.27 22.95 23.66 23.97 23.33 23.46 23.16 23.74 23.26 23.66 23.03 24.00 23.57 23.03 22.86 23.97 23.74
24.07 23.73 23.34 24.04 23.48 23.92 24.02 23.41 21.22 21.55 22.14 21.51 20.65 19.54 20.26 22.62 21.40 21.48 20.55 21.05 20.60 19.29 20.18 19.04 20.23 19.03 20.41 19.75 18.10 18.91 18.69 18.28 19.47 18.13 16.15 17.18 17.40 15.98 18.99 16.01 14.67 15.62 17.45 20.21 18.88 20.22 21.27 21.10 21.54 21.61 22.79 22.29 23.64 22.77 22.83 23.03 22.66 23.64 23.00 23.10 22.69 23.80 23.51 22.99 22.31 22.77 22.20 23.79 23.32 23.25 23.85 23.53 23.49 23.19 23.86 24.06 23.94
23.77 23.81 23.55 23.64 24.17 24.09 23.68 22.95 21.29 20.57 21.21 21.31 21.03 21.57 20.80 20.94 20.01 20.21 20.21 21.84 20.51 20.71 21.15 20.20 19.23 18.52 19.50 19.10 17.61 17.82 18.00 18.21 17.81 16.80 17.35 16.74 17.34 17.88 18.79 16.54 17.05 18.43 19.73 19.59 20.66 20.90 21.49 21.42 21.82 21.84 22.16 22.81 23.50 22.29 23.15 23.09 23.58 23.70 22.80 23.65 23.67 23.86 23.43 22.92 22.29 23.25 23.18 23.20 23.13 23.15 23.43 23.64 22.82 23.07 24.01 23.67 23.41
23.61 23.82 23.69 24.39 24.24 24.23 23.91 23.86 22.27 22.07 21.46 21.20 22.48 22.09 20.20 19.68 20.69 20.00 20.18 21.31 20.58 21.03 20.52 20.22 19.18 19.59 18.88 18.48 17.58 17.92 17.97 16.93 15.13 15.63 15.45 15.64 15.48 16.21 17.06 15.43 15.61 19.33 21.16 20.47 21.60 21.87 22.01 21.44 22.45 22.61 22.68 22.90 23.28 22.77 23.26 23.00 23.76 23.09 22.40 23.19 23.77 23.10 23.78 23.70 23.47 24.03 23.18 22.53 23.14 22.35 23.39 23.56 23.60 22.98 23.63 23.65 23.74
23.86 23.81 23.75 24.13 24.34 24.41 24.44 24.12 23.61 22.58 22.28 22.12 23.00 22.24 21.65 21.30 21.29 20.62 19.85 19.26 21.59 20.98 20.51 18.36 19.75 20.53 20.31 19.02 17.27 17.75 18.06 16.79 16.74 14.48 15.00 14.49 14.18 15.28 15.85 13.40 16.56 21.05 21.83 21.92 19.73 21.16 21.77 22.76 22.43 22.32 23.36 23.42 22.38 22.54 23.28 23.06 23.18 23.06 23.41 23.20 22.83 23.56 22.75 22.76 23.06 23.81 23.54 23.67 22.37 22.43 23.18 23.65 23.05 22.93 23.62 23.52 23.53
23.95 23.92 24.12 24.12 24.30 24.49 24.50 24.13 23.56 22.87 22.89 22.66 22.63 22.45 22.63 20.64 21.47 20.99 19.66 19.58 20.55 20.25 20.76 21.17 20.40 20.30 20.37 19.66 18.25 17.78 18.37 17.37 16.71 16.10 13.76 14.46 15.16 14.81 15.65 16.50 17.52 20.44 21.03 22.31 20.97 22.66 22.76 21.48 22.26 22.39 21.16 22.21 22.58 23.07 23.23 22.21 22.85 23.30 23.41 22.76 23.32 23.19 23.23 22.62 23.17 22.96 22.70 23.60 23.35 23.39 23.36 22.96 23.47 22.68 22.90 23.37 24.07
24.10 23.86 24.05 23.75 24.19 24.47 24.42 24.02 23.81 23.73 23.05 22.59 22.97 22.64 22.49 22.57 22.47 21.61 21.34 21.63 20.44 21.27 21.43 21.15 21.06 20.95 20.31 19.92 18.33 17.93 17.00 15.82 16.48 16.94 14.92 14.87 14.53 16.62 18.46 16.41 17.15 18.48 20.95 21.81 22.75 21.35 21.43 22.41 23.16 22.78 21.90 21.89 23.16 23.19 22.29 22.78 23.42 23.76 23.33 23.30 23.43 23.10 23.61 23.57 23.41 23.11 23.52 23.79 23.32 22.71 23.14 23.24 23.10 23.62 22.63 23.19 23.75
23.81 23.40 23.53 24.20 23.99 24.34 24.19 23.86 23.84 23.95 23.75 22.88 22.27 22.65 22.67 22.31 21.19 21.87 21.77 21.54 21.15 20.81 21.80 21.30 21.85 21.64 20.01 20.75 20.24 18.99 16.43 15.96 16.88 17.87 18.03 18.69 17.45 17.49 18.30 18.25 18.73 20.22 19.41 17.44 19.34 21.19 21.06 22.87 22.53 22.25 22.57 21.96 23.24 23.22 23.48 22.93 21.94 22.22 22.78 22.10 23.58 23.31 23.78 23.41 23.13 23.73 22.72 22.99 23.20 23.54 22.77 23.34 23.36 23.04 23.13 22.74 23.61
23.52 23.24 23.58 23.70 23.48 24.10 23.81 23.79 23.85 23.90 23.89 23.16 22.77 22.61 22.61 22.63 22.43 22.32 22.49 21.68 21.56 21.85 21.04 21.91 22.17 20.73 20.25 20.93 20.85 20.88 20.27 18.22 18.35 20.99 21.91 20.80 19.13 17.20 18.34 20.42 21.66 22.09 20.31 18.92 20.48 20.37 19.59 22.00 22.28 23.27 22.78 21.61 22.92 23.69 23.28 22.21 21.18 21.84 23.27 23.74 23.09 23.25 23.64 23.42 23.17 23.52 23.05 22.74 22.70 23.57 23.41 23.44 23.46 23.48 22.84 22.95 22.72
23.40 23.54 23.44 23.69 23.64 23.73 24.23 23.93 23.92 23.81 24.00 23.77 23.14 22.56 22.57 22.78 22.98 22.98 22.77 22.07 20.98 21.86 22.04 21.29 21.90 20.78 21.42 21.66 21.53 21.55 22.79 22.82 21.39 21.99 22.30 21.76 21.33 20.44 21.80 22.76 22.83 20.67 20.20 20.57 19.72 21.73 21.65 22.37 22.65 22.22 22.48 21.93 23.26 22.92 23.15 23.09 22.57 22.52 23.30 22.73 22.99 21.47 21.97 22.52 23.60 23.70 23.47 23.16 23.29 23.33 23.50 22.75 23.36 23.54 23.06 22.95 23.19
23.42 23.47 23.25 23.56 23.63 23.70 24.09 24.12 23.76 23.80 23.88 23.84 23.42 22.90 22.37 22.54 22.23 22.58 22.48 22.10 21.20 22.43 21.79 22.42 22.97 22.64 22.02 22.02 20.98 21.26 22.88 23.62 22.60 23.13 23.08 23.12 22.88 22.87 22.54 22.04 22.17 20.46 19.62 21.10 20.89 22.28 22.33 21.68 21.37 21.86 23.12 23.15 21.98 21.60 22.51 22.48 22.32 22.70 23.06 22.82 22.44 22.28 22.89 23.30 23.76 22.97 22.91 23.03 22.68 23.10 23.48 23.34 23.45 23.43 23.02 23.55 23.18
23.28 23.92 23.36 23.25 23.10 23.46 24.07 24.05 23.66 23.85 23.92 23.68 23.76 23.32 22.94 22.25 21.62 21.72 21.79 22.62 22.40 21.85 22.19 22.60 22.61 22.05 21.02 21.83 20.39 21.92 22.48 22.88 21.59 21.19 22.93 23.20 22.01 21.27 21.74 22.30 22.34 20.78 20.97 22.42 23.42 23.92 22.64 19.10 21.07 21.75 23.09 23.26 22.01 22.09 22.77 22.65 23.04 22.57 22.60 22.15 21.35 22.94 22.40 23.50 22.42 21.83 22.84 22.78 23.50 22.41 22.88 23.12 23.21 23.00 22.83 22.90 23.01
23.34 23.43 22.95 23.43 23.30 23.44 23.74 23.84 23.86 23.82 23.77 23.72 23.57 23.34 23.17 23.13 22.15 22.26 21.97 22.41 22.68 22.37 21.44 22.26 23.31 21.89 21.51 22.30 20.52 21.09 21.73 21.65 20.53 20.81 21.94 22.17 21.08 20.80 20.69 21.84 21.76 22.08 21.55 22.10 23.02 23.57 22.76 19.56 21.29 22.60 23.27 21.61 21.49 21.74 22.69 22.09 22.11 23.05 22.88 22.66 22.62 22.81 22.82 23.30 22.19 22.84 22.56 22.62 22.28 22.11 23.39 23.10 22.99 23.19 23.03 23.20 23.69
23.30 22.84 23.36 23.60 23.79 23.32 23.58 23.67 23.82 23.79 23.52 23.57 23.82 23.34 23.21 23.68 23.21 23.00 22.89 22.03 23.06 22.77 22.13 22.54 22.81 21.83 22.01 22.69 21.97 20.72 20.47 20.51 20.22 21.60 20.52 19.52 19.72 19.40 20.54 22.66 23.40 22.44 21.23 21.83 22.19 22.70 22.51 22.26 23.14 22.52 22.34 22.08 21.71 23.17 22.51 21.90 21.19 21.37 22.54 22.64 22.43 22.76 21.97 22.77 23.23 23.03 23.44 22.75 22.49 23.15 23.35 23.28 22.16 23.16 23.33 23.33 23.43
23.00 22.28 23.65 23.59 23.66 23.44 23.81 23.70 23.56 23.64 23.47 23.55 23.56 23.31 23.41 23.57 23.59 23.33 23.39 22.22 23.08 22.26 22.62 22.32 21.79 21.64 21.78 22.04 21.22 22.24 22.14 22.16 20.37 20.70 20.48 20.29 19.23 20.31 20.44 21.82 23.33 22.66 21.12 22.22 23.42 22.63 21.75 22.58 22.55 22.49 22.32 22.71 22.49 23.21 22.08 21.93 20.80 22.01 22.89 22.83 22.62 21.60 22.58 22.87 22.92 23.01 21.91 22.65 23.60 23.51 23.14 23.16 22.75 22.61 23.63 23.45 22.79
22.68 23.02 23.35 23.79 23.96 23.72 24.05 24.03 23.33 23.47 23.26 23.60 23.27 23.41 23.52 23.44 23.31 23.37 23.26 22.97 22.98 22.72 22.82 22.92 22.56 21.70 21.32 21.69 23.23 23.20 22.31 22.69 20.96 20.90 21.17 21.48 21.57 22.03 21.34 21.98 21.51 20.98 20.02 22.05 23.19 22.31 20.18 22.39 22.40 22.90 22.39 22.29 22.93 22.28 21.71 21.96 22.77 23.16 23.05 22.72 21.78 23.29 23.10 23.05 23.38 23.14 23.30 22.65 23.53 23.26 23.22 23.28 22.95 23.11 23.43 23.70 23.16
22.70 22.90 23.35 23.83 23.67 23.51 23.53 23.50 23.52 23.62 23.40 23.62 23.35 23.39 23.74 23.71 23.64 23.51 23.10 23.47 22.82 23.25 23.10 22.89 22.98 22.95 22.20 21.77 22.76 22.80 22.86 23.04 22.97 21.96 21.66 22.64 23.17 22.58 21.59 22.17 22.00 22.44 21.72 22.90 21.78 22.15 22.43 21.92 22.69 21.62 21.80 22.93 23.25 23.38 22.87 23.27 22.98 22.52 22.75 23.28 22.69 22.95 22.40 23.27 23.03 23.54 23.51 23.50 23.30 23.70 23.13 22.83 23.67 22.81 23.88 23.39 23.21
22.53 23.39 23.06 23.37 23.22 23.42 23.36 23.74 23.93 23.45 23.42 22.82 22.87 23.21 23.43 23.89 23.73 23.72 23.73 23.63 23.59 23.19 22.42 23.08 23.54 23.32 22.76 22.08 22.10 22.77 24.00 23.47 21.82 22.61 23.33 23.01 23.48 22.68 22.04 22.04 20.28 21.84 22.83 22.85 21.17 22.27 23.74 23.23 22.27 21.36 23.55 22.72 22.00 23.09 23.11 22.76 22.18 22.76 23.01 23.42 23.67 22.98 22.66 23.36 23.58 23.65 23.40 23.81 23.61 23.44 22.90 22.88 23.50 23.20 23.57 22.86 22.96
22.12 23.19 23.05 23.17 22.88 23.67 23.75 23.94 22.96 22.89 23.39 22.92 23.50 23.02 23.12 23.34 23.89 24.03 23.60 23.63 23.38 22.67 23.34 23.65 23.06 23.77 23.56 22.89 21.88 22.70 23.05 23.64 22.36 22.55 23.20 23.11 23.56 21.40 22.83 23.28 21.76 21.76 22.38 23.10 22.68 23.13 23.15 23.38 23.30 23.83 22.89 22.48 22.91 23.18 23.15 23.25 22.88 22.66 23.01 23.96 22.73 23.17 23.15 23.29 22.74 23.66 23.38 23.68 23.04 23.85 23.02 23.59 23.04 23.87 22.72 23.73 23.75
22.11 22.88 22.15 23.09 23.28 23.06 23.40 23.68 23.69 23.13 23.63 23.37 22.26 23.47 23.36 23.56 23.69 23.59 23.18 23.54 23.52 22.73 22.83 23.18 23.38 23.92 23.64 22.63 22.29 22.89 23.44 22.77 21.10 22.45 23.17 23.82 22.68 21.66 21.26 23.02 23.03 22.62 23.19 23.75 23.24 23.51 23.12 23.04 22.83 23.69 23.22 22.86 22.59 23.40 23.39 23.49 22.72 22.98 22.49 23.64 23.61 23.59 22.77 24.07 22.99 23.75 23.54 24.01 23.61 23.67 23.35 23.43 23.89 23.55 23.21 22.95 23.67
