main/data/irradiance/21.05.2023.grid
ncols 839
nrows 679
xllcenter 112.0500
yllcenter -43.9500
cellsize 0.0500
nodata_value 99999.90
[rows 136 to 169 of 679, columns 616 to 692 of 839]
19.43 19.49 19.51 19.52 19.49 19.53 19.53 19.54 19.55 19.54 19.53 19.51 19.47 19.49 19.55 19.52 19.55 19.51 19.48 19.50 19.43 19.38 19.46 19.47 19.55 19.55 19.52 19.35 19.25 19.47 19.52 19.50 19.39 19.35 19.23 19.02 19.17 19.33 19.39 19.51 19.55 19.51 19.40 19.49 19.48 19.17 19.17 19.51 19.11 18.71 18.23 18.31 18.46 19.05 18.97 18.98 19.40 18.82 18.82 18.82 19.42 19.45 19.45 19.45 19.45 19.45 19.45 19.45 19.45 19.45 19.45 19.45 17.13 18.39 99999.90 99999.90 99999.90
19.38 19.46 19.49 19.51 19.52 19.51 19.52 19.53 19.50 19.50 19.51 19.50 19.49 19.45 19.51 19.51 19.51 19.48 19.46 19.49 19.48 19.46 19.46 19.43 19.41 19.44 19.47 19.49 19.34 19.31 19.42 19.47 19.43 19.50 19.44 19.44 19.34 19.37 19.35 19.49 19.53 19.32 19.50 19.54 19.53 19.53 19.51 19.55 19.49 19.30 18.49 17.73 18.37 19.08 19.46 19.24 19.30 17.97 17.97 19.39 19.42 19.45 19.45 19.45 19.45 19.45 19.45 19.45 19.45 19.45 19.45 19.45 17.13 18.39 19.23 99999.90 99999.90
19.39 19.48 19.47 19.51 19.52 19.50 19.50 19.49 19.50 19.45 19.44 19.47 19.47 19.43 19.46 19.42 19.49 19.45 19.47 19.45 19.46 19.46 19.49 19.47 19.49 19.36 19.27 19.20 19.34 19.16 19.46 19.41 19.48 19.46 19.49 19.48 19.48 19.40 19.41 19.39 19.35 19.03 19.29 19.30 19.40 19.51 19.52 19.52 19.51 19.19 19.03 18.29 18.09 18.85 18.92 19.46 18.92 18.24 18.24 19.39 19.42 19.45 19.45 19.45 19.45 19.45 19.45 19.45 19.45 19.45 19.45 19.45 17.13 19.23 19.23 99999.90 99999.90
19.38 19.41 19.47 19.47 19.48 19.50 19.48 19.48 19.47 19.47 19.44 19.46 19.47 19.44 19.45 19.51 19.51 19.49 19.46 19.45 19.45 19.43 19.48 19.48 19.45 19.41 19.37 19.37 19.30 19.44 19.36 19.33 19.46 19.44 19.49 19.47 19.43 19.43 19.03 19.33 19.02 19.12 19.33 19.37 19.43 19.47 19.48 19.47 19.45 19.42 19.37 19.33 18.56 17.63 19.03 19.25 18.45 17.20 18.34 18.14 19.31 19.45 19.45 19.45 19.45 19.45 19.45 19.45 19.45 19.45 19.45 19.45 17.13 19.23 19.23 99999.90 99999.90
19.40 19.39 19.41 19.45 19.46 19.46 19.45 19.46 19.45 19.44 19.46 19.41 19.43 19.39 19.39 19.45 19.45 19.48 19.45 19.42 19.42 19.42 19.45 19.46 19.40 19.37 19.36 19.41 19.41 19.42 19.42 19.42 19.34 19.42 19.45 19.44 19.40 19.44 19.30 19.29 18.97 19.15 19.16 19.23 19.44 19.45 19.41 19.45 19.46 19.40 19.43 19.43 19.41 19.02 18.98 19.18 18.95 16.37 17.46 18.62 19.33 19.33 19.33 19.45 19.45 19.45 19.45 19.45 17.13 17.13 17.13 17.13 19.23 19.23 19.23 99999.90 99999.90
19.38 19.38 19.38 19.41 19.44 19.44 19.44 19.44 19.38 19.41 19.41 19.42 19.42 19.43 19.43 19.45 19.43 19.44 19.44 19.43 19.40 19.38 19.44 19.42 19.37 19.36 19.37 19.37 19.38 19.43 19.42 19.42 19.40 19.39 19.44 19.37 19.34 19.28 19.37 19.43 19.20 18.94 19.30 19.40 19.44 19.42 19.42 19.43 19.44 19.41 19.39 19.42 19.39 19.40 19.33 17.94 17.77 18.80 16.21 17.12 19.17 19.17 18.98 18.98 18.98 18.98 17.13 17.13 17.13 17.13 19.23 19.23 19.23 19.23 19.23 99999.90 99999.90
19.38 19.38 19.37 19.37 19.41 19.40 19.40 19.40 19.41 19.40 19.39 19.38 19.42 19.43 19.43 19.46 19.42 19.47 19.45 19.44 19.42 19.42 19.43 19.41 19.33 19.32 19.33 19.35 19.34 19.36 19.38 19.41 19.39 19.40 19.41 19.33 19.36 19.33 19.21 19.22 19.34 19.40 19.38 19.36 19.38 19.38 19.37 19.35 19.39 19.40 19.41 19.41 19.34 19.17 18.87 17.21 16.30 19.22 18.69 15.47 19.04 18.98 18.98 18.98 17.13 17.13 17.13 17.13 17.13 19.23 19.23 19.23 19.23 19.23 19.23 19.14 99999.90
19.36 19.36 19.36 19.34 19.35 19.37 19.37 19.37 19.38 19.39 19.39 19.34 19.38 19.40 19.39 19.43 19.44 19.44 19.42 19.42 19.41 19.41 19.42 19.41 19.33 19.34 19.33 19.27 19.34 19.34 19.37 19.36 19.35 19.41 19.40 19.38 19.40 19.17 19.28 19.28 19.24 19.29 18.91 19.21 18.95 19.25 19.28 19.29 19.37 19.37 19.40 19.40 19.26 19.01 18.50 18.52 17.59 18.48 19.24 18.03 18.70 17.26 17.26 17.13 17.13 17.13 17.13 18.39 19.23 19.23 19.23 19.23 19.23 19.23 19.23 19.14 99999.90
19.36 19.36 19.35 19.34 19.34 19.34 19.34 19.32 19.31 19.29 19.30 19.33 19.25 19.35 19.36 19.39 19.40 19.38 19.41 19.42 19.42 19.41 19.41 19.39 19.33 19.32 19.34 19.33 19.30 19.31 19.34 19.36 19.38 19.36 19.36 19.40 19.40 19.39 19.23 19.35 19.31 19.31 19.09 19.20 18.94 19.10 19.05 19.08 19.08 19.38 19.39 19.37 18.86 18.74 18.62 18.21 17.72 16.71 19.12 19.27 17.99 14.53 17.13 17.13 17.13 18.39 18.39 19.23 19.23 19.23 19.23 19.23 19.23 19.23 19.23 19.14 99999.90
19.30 19.33 19.33 19.33 19.33 19.34 19.31 19.24 19.27 19.30 19.27 19.27 19.32 19.35 19.38 19.33 19.34 19.37 19.37 19.38 19.37 19.35 19.33 19.33 19.30 19.32 19.28 19.28 19.32 19.31 19.32 19.32 19.30 19.33 19.31 19.35 19.37 19.35 19.36 19.37 19.27 19.28 19.37 19.20 19.15 19.19 19.18 19.39 19.40 19.39 19.38 19.33 18.14 18.21 18.10 18.13 18.33 16.99 16.43 18.98 15.35 14.67 17.46 17.46 18.39 18.39 19.23 19.23 19.23 19.23 19.23 19.23 19.23 19.23 19.23 19.14 99999.90
19.27 19.30 19.31 19.30 19.30 19.31 19.30 19.14 19.16 19.27 19.27 19.24 19.30 19.36 19.33 19.33 19.28 19.28 19.30 19.32 19.32 19.35 19.33 19.33 19.32 19.29 19.28 19.29 19.30 19.30 19.30 19.31 19.30 19.31 19.33 19.34 19.34 19.34 19.35 19.34 19.37 19.36 19.36 19.36 19.36 19.33 19.27 19.18 19.38 19.37 19.37 19.32 18.57 17.56 18.29 18.70 18.44 18.70 18.17 17.85 16.47 16.13 17.01 18.39 18.39 19.23 19.23 19.23 19.23 19.23 19.23 19.23 19.23 19.23 19.23 19.14 99999.90
19.19 19.21 19.22 19.26 19.26 19.28 19.28 19.27 19.21 19.25 19.23 19.26 19.29 19.32 19.32 19.34 19.29 19.33 19.30 19.32 19.33 19.34 19.31 19.30 19.29 19.27 19.28 19.28 19.30 19.29 19.29 19.31 19.28 19.26 19.30 19.32 19.33 19.33 19.33 19.33 19.33 19.33 19.34 19.33 19.34 19.34 19.34 19.33 19.35 19.36 19.28 19.32 18.85 17.38 17.91 18.51 18.25 17.21 18.30 18.22 15.56 17.36 18.12 18.63 19.23 19.23 19.23 19.23 19.23 19.23 19.23 19.23 19.23 19.23 19.23 19.14 99999.90
19.15 19.13 19.09 19.10 19.19 19.21 19.21 19.20 19.25 19.27 19.23 19.22 19.25 19.27 19.31 19.31 19.29 19.33 19.28 19.28 19.31 19.29 19.27 19.25 19.28 19.28 19.26 19.23 19.25 19.25 19.28 19.25 19.28 19.27 19.28 19.27 19.29 19.32 19.32 19.31 19.31 19.32 19.32 19.33 19.33 19.33 19.32 19.32 19.32 19.31 19.25 19.16 19.06 18.05 17.59 18.42 17.91 18.23 16.52 16.52 15.93 16.41 17.91 18.58 19.23 19.23 19.23 19.23 19.23 19.23 19.23 19.23 19.23 19.14 19.14 19.14 99999.90
19.16 19.12 19.12 19.05 19.09 19.16 19.18 19.18 19.19 19.22 19.25 19.19 19.20 19.24 19.29 19.28 19.28 19.30 19.28 19.25 19.30 19.29 19.25 19.23 19.25 19.26 19.26 19.25 19.22 19.23 19.25 19.24 19.28 19.28 19.28 19.26 19.29 19.30 19.30 19.30 19.29 19.30 19.32 19.32 19.32 19.31 19.31 19.30 19.30 19.28 19.26 19.21 19.22 18.64 17.96 17.17 17.33 16.92 17.36 17.05 17.69 18.02 18.04 18.36 18.39 18.39 18.39 18.39 18.39 18.39 19.14 19.14 19.14 19.14 19.14 19.14 99999.90
19.07 19.11 19.08 19.05 19.08 19.16 19.11 19.14 19.02 19.17 19.22 19.22 19.20 19.21 19.24 19.25 19.27 19.28 19.27 19.25 19.26 19.27 19.23 19.18 19.21 19.21 19.22 19.25 19.19 19.20 19.20 19.20 19.25 19.25 19.25 19.26 19.26 19.28 19.28 19.27 19.26 19.27 19.28 19.29 19.28 19.28 19.28 19.28 19.28 19.22 19.23 19.15 19.14 19.17 18.43 16.14 16.91 17.79 18.15 18.12 18.15 18.30 18.29 18.12 17.88 17.88 17.88 19.14 19.14 19.14 19.14 19.14 19.14 19.14 19.14 19.14 99999.90
18.88 19.01 18.99 18.92 18.98 19.04 18.91 18.99 19.05 19.14 19.17 19.18 19.18 19.18 19.21 19.26 19.26 19.24 19.24 19.24 19.24 19.23 19.22 19.17 19.17 19.14 19.15 19.23 19.23 19.21 19.19 19.17 19.18 19.25 19.26 19.24 19.23 19.26 19.26 19.25 19.21 19.23 19.23 19.28 19.26 19.24 19.24 19.25 19.23 19.18 19.17 19.15 19.12 19.08 18.16 17.19 17.05 18.15 18.47 17.89 18.55 17.70 18.26 17.99 18.53 18.53 19.14 19.14 19.14 19.14 19.14 19.14 19.14 19.14 19.14 19.14 99999.90
18.95 19.03 19.03 19.06 19.04 19.03 19.03 19.09 19.05 19.04 19.08 19.00 19.12 19.16 19.17 19.22 19.23 19.21 19.21 19.21 19.21 19.20 19.21 19.18 19.16 19.16 19.14 19.14 19.19 19.20 19.16 19.17 19.18 19.24 19.24 19.20 19.21 19.24 19.24 19.24 19.24 19.23 19.23 19.21 19.18 19.16 19.21 19.21 19.16 19.11 19.14 19.06 19.15 19.04 18.62 17.22 16.47 16.54 16.84 16.68 18.08 18.26 18.32 18.20 18.62 19.14 19.14 19.14 19.14 19.14 19.14 19.14 19.14 19.14 19.14 19.14 99999.90
19.04 19.10 19.08 18.98 18.97 19.05 19.08 18.96 19.06 19.07 19.12 19.11 19.12 19.11 19.11 19.15 19.17 19.17 19.18 19.17 19.19 19.16 19.15 19.15 19.12 19.14 19.15 19.13 19.18 19.13 19.11 19.14 19.14 19.17 19.16 19.15 19.13 19.20 19.21 19.21 19.21 19.21 19.15 19.02 19.04 18.97 19.08 19.12 19.15 19.10 19.14 19.06 19.00 18.69 17.73 18.29 18.12 18.14 16.59 17.11 18.77 18.95 18.59 17.96 18.64 19.14 19.14 19.14 19.14 19.14 19.14 19.14 19.14 19.14 19.14 19.14 99999.90
19.03 19.08 19.11 19.10 19.02 19.04 19.08 19.09 19.11 19.09 19.09 19.13 19.13 18.98 18.89 19.09 19.12 19.09 19.13 19.07 19.08 19.15 19.13 19.13 19.12 19.14 19.13 19.13 19.14 19.11 19.12 19.12 19.12 19.10 19.12 19.13 19.12 19.12 19.18 19.19 19.19 19.17 19.14 18.98 18.96 18.92 18.98 18.91 18.98 18.92 18.81 18.58 18.59 18.67 18.55 18.87 18.29 17.73 18.56 16.57 16.76 18.45 18.49 18.35 18.31 18.31 18.31 19.14 19.14 19.14 19.14 19.14 19.14 19.14 19.14 19.14 99999.90
19.00 19.07 19.09 19.09 19.11 19.05 19.08 19.09 19.07 19.09 19.11 19.12 19.11 19.06 19.04 19.03 18.98 19.08 19.02 19.08 19.05 19.11 19.11 19.14 19.13 19.11 19.13 19.12 19.14 19.09 19.11 19.14 19.16 19.14 19.14 19.14 19.13 19.15 19.17 19.17 19.16 19.11 19.11 19.07 19.00 18.91 18.95 18.93 18.90 18.71 18.81 18.75 18.88 18.60 18.40 18.08 18.75 18.11 17.91 18.29 18.49 18.15 18.11 18.04 18.64 18.64 18.64 18.64 18.64 19.14 19.14 19.14 19.14 19.14 19.14 19.14 18.78
18.88 18.99 19.01 19.05 19.06 19.09 19.07 19.06 19.03 19.09 19.08 19.09 19.11 19.12 19.04 18.98 18.92 18.95 19.01 19.07 19.04 19.11 19.12 19.11 19.10 19.11 19.10 19.11 19.12 19.10 19.08 19.10 19.13 19.11 19.12 19.13 19.15 19.14 19.14 19.14 19.11 19.10 19.06 19.09 19.09 18.99 18.95 18.80 18.90 18.97 18.92 18.90 18.68 18.78 18.40 18.40 17.07 18.07 18.80 18.93 18.21 18.06 18.16 18.57 18.96 18.96 18.96 18.96 18.96 18.96 18.96 18.96 18.96 19.14 19.14 19.14 18.78
18.96 18.90 18.96 19.01 19.05 19.06 19.04 18.98 19.00 19.05 19.05 19.06 19.09 19.08 18.99 18.83 18.94 18.97 19.00 19.00 18.96 19.02 19.06 19.08 19.09 19.09 19.08 19.06 19.09 19.11 19.11 19.11 19.10 19.11 19.11 19.12 19.14 19.12 19.13 19.11 19.11 19.10 19.09 19.08 19.08 19.08 19.03 18.97 18.93 19.03 18.96 18.83 18.81 18.80 18.62 18.44 18.09 17.39 18.22 18.49 18.01 17.95 18.14 18.85 18.32 18.32 18.32 18.32 18.32 18.32 18.32 18.32 18.32 18.32 18.32 18.78 18.78
18.98 19.02 18.99 18.99 19.02 19.03 19.01 18.97 19.01 19.04 19.01 19.03 18.98 19.02 18.98 18.97 18.99 18.95 18.98 19.01 19.00 19.01 18.98 19.04 19.06 19.07 19.08 19.04 19.04 19.06 19.10 19.10 19.07 19.09 19.10 19.11 19.10 19.10 19.10 19.10 19.10 19.10 19.09 19.09 19.04 19.08 19.03 19.00 18.95 18.89 18.75 18.78 18.88 18.80 18.71 18.21 17.37 16.51 18.33 18.51 18.72 18.73 18.43 18.09 18.40 18.40 18.40 18.40 18.40 18.40 18.40 18.40 18.40 18.78 18.78 18.78 18.78
18.97 18.98 19.02 19.02 18.99 19.00 18.99 19.00 19.01 18.98 18.97 18.95 18.94 18.94 18.97 18.90 18.93 18.92 18.97 18.96 18.99 19.00 18.97 19.01 19.03 19.04 19.06 19.06 19.05 19.05 19.09 19.05 19.05 19.06 19.08 19.09 19.10 19.09 19.08 19.08 19.08 19.09 19.09 19.07 19.05 19.05 19.08 19.00 18.95 18.95 18.90 18.81 18.99 18.67 18.80 18.53 17.13 17.37 18.36 18.78 18.64 18.56 18.40 18.69 18.40 18.40 18.40 18.40 18.40 18.40 18.40 18.78 18.78 18.78 18.78 18.78 18.78
18.99 18.96 18.98 19.01 19.00 19.01 19.02 19.00 18.92 18.94 18.90 18.96 18.88 18.92 18.91 18.85 18.90 18.88 18.93 18.93 19.00 19.01 18.94 18.95 18.99 19.00 19.02 19.03 19.02 18.98 19.02 18.99 19.03 19.05 19.04 19.05 19.07 19.05 19.05 19.06 19.06 19.06 19.06 19.04 19.03 19.01 19.04 18.98 18.92 18.76 18.70 18.78 18.52 18.72 18.61 18.50 18.01 18.17 17.45 18.16 18.66 18.84 19.00 18.97 18.97 18.97 18.40 18.40 18.40 18.78 18.78 18.78 18.78 18.78 18.78 18.78 18.78
18.93 18.96 18.98 18.98 18.96 18.98 18.97 18.94 18.93 18.92 18.93 18.92 18.89 18.89 18.87 18.87 18.88 18.91 18.83 18.94 19.00 18.99 18.94 18.97 18.99 18.98 19.00 18.99 18.94 18.97 19.00 19.00 19.01 19.02 19.02 19.05 19.05 19.06 19.05 19.04 19.03 19.03 19.00 18.95 19.00 19.02 18.98 19.01 18.87 18.83 18.32 18.30 18.13 17.82 18.17 18.51 18.32 17.76 17.33 17.56 18.79 18.90 19.02 18.99 18.99 18.99 18.99 18.99 18.78 18.78 18.78 18.78 18.78 18.78 18.78 18.78 18.78
18.81 18.94 18.97 18.95 18.94 18.92 18.95 18.90 18.88 18.92 18.85 18.86 18.70 18.68 18.77 18.85 18.83 18.84 18.87 18.92 18.95 18.93 18.94 18.95 18.97 18.93 18.98 19.00 18.98 18.97 18.99 19.00 18.98 19.01 18.99 19.00 19.01 19.03 19.03 19.01 19.01 18.97 18.89 18.80 18.64 18.73 18.93 19.00 19.01 18.98 18.92 18.78 18.43 18.22 17.59 17.14 17.58 18.43 17.49 17.00 18.10 18.94 19.00 18.99 18.99 18.99 18.26 18.26 18.78 18.78 18.78 18.78 18.78 18.78 18.78 18.78 18.78
18.82 18.87 18.89 18.88 18.88 18.91 18.92 18.82 18.78 18.80 18.68 18.67 18.67 18.71 18.81 18.83 18.83 18.83 18.87 18.90 18.77 18.91 18.87 18.88 18.90 18.92 18.95 18.96 18.99 18.97 18.97 18.99 18.98 19.00 18.99 19.00 18.99 19.00 19.00 18.95 18.95 18.82 18.61 18.51 18.04 18.19 18.82 18.96 19.00 18.96 18.95 18.93 18.89 18.29 18.43 17.67 17.30 17.86 17.87 18.22 17.60 18.54 18.98 18.98 18.98 18.26 18.26 18.26 18.78 18.78 18.78 18.78 18.78 18.78 18.78 18.78 18.78
18.86 18.76 18.84 18.91 18.88 18.88 18.90 18.86 18.73 18.75 18.73 18.68 18.73 18.75 18.84 18.83 18.79 18.76 18.83 18.85 18.85 18.88 18.83 18.80 18.79 18.91 18.93 18.95 18.97 18.95 18.95 18.97 18.98 18.97 18.97 18.98 18.99 18.97 18.96 18.83 18.72 18.79 18.38 18.31 18.17 18.33 18.58 18.78 18.88 18.87 18.88 18.87 18.85 18.80 18.79 18.59 17.75 17.54 18.46 18.33 16.47 17.00 18.92 18.92 18.81 18.26 18.26 18.26 18.78 18.78 18.78 18.78 18.78 18.78 18.78 18.78 18.78
18.84 18.74 18.78 18.91 18.88 18.81 18.75 18.83 18.77 18.75 18.72 18.57 18.58 18.67 18.80 18.85 18.71 18.65 18.71 18.86 18.87 18.86 18.86 18.89 18.82 18.87 18.89 18.94 18.94 18.92 18.90 18.94 18.95 18.95 18.95 18.96 18.97 18.95 18.91 18.70 18.24 18.25 18.36 18.23 18.04 18.12 18.44 18.64 18.78 18.86 18.85 18.88 18.81 18.81 18.89 18.85 18.27 18.66 18.49 17.88 17.40 16.20 18.00 18.81 18.81 18.26 18.26 18.26 18.78 18.78 18.78 18.78 18.78 18.78 18.78 18.78 18.78
18.73 18.71 18.70 18.82 18.83 18.85 18.78 18.84 18.74 18.68 18.62 18.77 18.65 18.56 18.78 18.83 18.82 18.69 18.72 18.83 18.89 18.85 18.88 18.88 18.80 18.83 18.92 18.94 18.90 18.86 18.90 18.92 18.91 18.92 18.93 18.95 18.95 18.92 18.78 18.51 18.20 18.05 18.27 18.27 18.09 18.09 18.45 18.69 18.83 18.84 18.78 18.75 18.78 18.92 18.85 18.77 18.66 18.86 18.90 18.83 18.76 18.43 17.94 17.28 18.66 18.66 18.26 18.53 18.70 18.70 18.78 18.78 18.78 18.78 18.78 18.78 18.78
18.66 18.74 18.67 18.74 18.81 18.84 18.81 18.72 18.64 18.69 18.71 18.80 18.82 18.71 18.72 18.75 18.71 18.66 18.73 18.81 18.84 18.82 18.83 18.75 18.78 18.79 18.90 18.89 18.85 18.81 18.88 18.89 18.89 18.86 18.88 18.90 18.89 18.78 18.59 18.40 18.26 18.10 18.20 18.27 18.10 18.24 18.44 18.76 18.84 18.78 18.68 18.66 18.84 18.88 18.84 18.79 18.54 18.71 18.86 18.79 18.80 18.85 18.87 18.40 18.12 18.76 18.78 18.53 18.68 18.78 18.78 18.78 18.78 18.78 18.78 18.78 18.78
18.57 18.58 18.65 18.74 18.81 18.85 18.80 18.76 18.75 18.74 18.74 18.79 18.82 18.75 18.59 18.58 18.62 18.65 18.77 18.84 18.77 18.61 18.59 18.61 18.69 18.84 18.90 18.88 18.85 18.84 18.88 18.88 18.80 18.77 18.83 18.80 18.84 18.67 18.42 18.10 18.15 18.31 18.35 18.41 18.42 18.46 18.47 18.60 18.75 18.72 18.72 18.75 18.82 18.82 18.66 18.69 18.59 18.48 18.72 18.72 18.64 18.57 18.58 18.68 18.37 18.13 18.53 18.53 18.30 17.68 17.68 17.68 17.68 17.68 17.68 17.68 17.68
18.65 18.48 18.63 18.76 18.83 18.83 18.81 18.76 18.76 18.77 18.75 18.79 18.80 18.72 18.60 18.63 18.59 18.57 18.70 18.76 18.61 18.26 18.28 18.43 18.63 18.78 18.87 18.85 18.80 18.77 18.74 18.76 18.71 18.66 18.71 18.66 18.66 18.39 18.18 18.09 18.23 18.37 18.54 18.59 18.57 18.57 18.53 18.53 18.67 18.71 18.83 18.82 18.83 18.82 18.75 18.67 18.61 18.55 18.48 18.54 18.61 18.57 18.69 18.40 18.42 18.27 18.47 18.47 18.30 17.68 17.68 17.68 17.68 17.68 17.68 17.68 17.68
