main/data/irradiance/21.07.2023.grid
ncols 839
nrows 679
xllcenter 112.0500
yllcenter -43.9500
cellsize 0.0500
nodata_value 99999.90
[rows 408 to 441 of 679, columns 308 to 384 of 839]
13.85 13.89 13.90 13.93 13.91 13.90 13.90 13.91 13.90 13.90 13.90 13.90 13.88 13.88 13.87 13.85 13.86 13.86 13.85 13.85 13.86 13.87 13.87 13.86 13.87 13.90 13.91 13.90 13.89 13.89 13.91 13.90 13.89 13.90 13.91 13.92 13.91 13.88 13.87 13.89 13.84 13.86 13.88 13.88 13.88 13.89 13.86 13.86 13.86 13.85 13.85 13.87 13.86 13.86 13.86 13.84 13.92 13.92 13.91 13.89 13.88 13.86 13.89 13.90 13.90 13.92 13.92 13.90 13.87 13.91 13.90 13.87 13.87 13.90 13.90 13.91 13.89
13.89 13.85 13.85 13.86 13.87 13.86 13.86 13.85 13.87 13.86 13.86 13.85 13.83 13.82 13.81 13.78 13.81 13.82 13.84 13.84 13.85 13.83 13.83 13.84 13.84 13.85 13.85 13.87 13.89 13.88 13.88 13.87 13.87 13.87 13.88 13.89 13.88 13.87 13.84 13.86 13.86 13.83 13.83 13.83 13.83 13.84 13.83 13.83 13.83 13.83 13.84 13.84 13.85 13.84 13.83 13.82 13.85 13.88 13.88 13.88 13.89 13.88 13.87 13.85 13.85 13.88 13.88 13.88 13.87 13.87 13.88 13.87 13.86 13.86 13.84 13.86 13.86
13.85 13.86 13.83 13.82 13.84 13.84 13.83 13.84 13.83 13.83 13.83 13.84 13.82 13.80 13.77 13.75 13.78 13.77 13.79 13.80 13.82 13.82 13.82 13.82 13.83 13.84 13.84 13.85 13.84 13.85 13.86 13.86 13.85 13.86 13.86 13.86 13.83 13.83 13.84 13.81 13.80 13.84 13.80 13.78 13.78 13.79 13.78 13.79 13.79 13.80 13.81 13.81 13.83 13.84 13.83 13.82 13.82 13.84 13.87 13.85 13.85 13.85 13.83 13.82 13.82 13.84 13.85 13.86 13.85 13.86 13.87 13.88 13.89 13.87 13.84 13.82 13.86
13.81 13.84 13.83 13.82 13.83 13.86 13.83 13.82 13.80 13.80 13.81 13.84 13.84 13.82 13.79 13.74 13.75 13.75 13.74 13.76 13.77 13.79 13.81 13.80 13.82 13.82 13.80 13.80 13.82 13.82 13.80 13.80 13.79 13.82 13.84 13.83 13.82 13.80 13.78 13.80 13.81 13.81 13.80 13.79 13.76 13.77 13.76 13.76 13.76 13.78 13.78 13.79 13.80 13.81 13.81 13.80 13.79 13.80 13.81 13.84 13.84 13.81 13.79 13.81 13.82 13.83 13.83 13.82 13.84 13.82 13.82 13.82 13.84 13.86 13.84 13.86 13.82
13.79 13.81 13.83 13.82 13.80 13.82 13.83 13.80 13.80 13.80 13.78 13.77 13.79 13.81 13.81 13.78 13.77 13.75 13.73 13.75 13.75 13.75 13.74 13.75 13.76 13.77 13.80 13.79 13.76 13.75 13.77 13.78 13.77 13.76 13.78 13.79 13.79 13.79 13.76 13.73 13.72 13.74 13.75 13.79 13.79 13.77 13.77 13.77 13.75 13.75 13.76 13.76 13.76 13.76 13.78 13.78 13.79 13.80 13.79 13.77 13.80 13.81 13.77 13.78 13.79 13.80 13.79 13.81 13.80 13.80 13.80 13.82 13.80 13.81 13.83 13.84 13.81
13.78 13.75 13.79 13.78 13.80 13.81 13.77 13.78 13.78 13.77 13.78 13.74 13.75 13.75 13.77 13.77 13.76 13.75 13.72 13.71 13.71 13.70 13.70 13.71 13.73 13.74 13.74 13.73 13.72 13.73 13.71 13.70 13.73 13.75 13.76 13.74 13.75 13.76 13.76 13.75 13.72 13.72 13.75 13.77 13.76 13.77 13.74 13.74 13.73 13.73 13.74 13.73 13.74 13.73 13.74 13.74 13.74 13.75 13.75 13.74 13.77 13.76 13.76 13.76 13.76 13.78 13.76 13.78 13.79 13.77 13.78 13.76 13.77 13.77 13.78 13.77 13.78
13.76 13.75 13.73 13.73 13.72 13.74 13.76 13.76 13.76 13.77 13.76 13.76 13.74 13.74 13.73 13.75 13.74 13.74 13.71 13.71 13.71 13.71 13.69 13.67 13.68 13.68 13.67 13.71 13.70 13.71 13.73 13.70 13.70 13.72 13.73 13.71 13.72 13.72 13.74 13.74 13.73 13.74 13.75 13.70 13.72 13.71 13.72 13.73 13.73 13.72 13.71 13.69 13.70 13.70 13.71 13.69 13.71 13.71 13.72 13.73 13.71 13.73 13.72 13.71 13.72 13.73 13.76 13.74 13.73 13.74 13.73 13.74 13.74 13.74 13.75 13.73 13.74
13.74 13.71 13.71 13.70 13.70 13.71 13.72 13.71 13.71 13.74 13.74 13.74 13.71 13.73 13.71 13.72 13.71 13.72 13.69 13.69 13.67 13.67 13.67 13.67 13.69 13.69 13.68 13.67 13.68 13.69 13.68 13.68 13.68 13.70 13.70 13.73 13.73 13.73 13.73 13.70 13.71 13.72 13.71 13.69 13.69 13.67 13.70 13.72 13.72 13.70 13.67 13.65 13.66 13.67 13.67 13.68 13.67 13.67 13.68 13.67 13.69 13.70 13.71 13.70 13.69 13.72 13.70 13.72 13.69 13.72 13.71 13.73 13.75 13.72 13.72 13.72 13.69
13.70 13.71 13.70 13.69 13.70 13.69 13.67 13.69 13.67 13.68 13.70 13.70 13.69 13.70 13.67 13.65 13.65 13.68 13.67 13.67 13.67 13.64 13.65 13.63 13.66 13.68 13.66 13.62 13.64 13.65 13.67 13.69 13.68 13.69 13.68 13.69 13.70 13.70 13.67 13.68 13.67 13.66 13.68 13.68 13.65 13.66 13.66 13.66 13.67 13.67 13.65 13.63 13.62 13.63 13.62 13.64 13.66 13.66 13.65 13.65 13.65 13.65 13.66 13.66 13.65 13.67 13.68 13.68 13.67 13.66 13.66 13.67 13.73 13.71 13.70 13.67 13.69
13.65 13.66 13.67 13.65 13.67 13.66 13.64 13.65 13.69 13.69 13.68 13.65 13.63 13.66 13.64 13.61 13.63 13.67 13.66 13.66 13.65 13.64 13.61 13.62 13.60 13.63 13.66 13.64 13.65 13.64 13.62 13.62 13.62 13.62 13.65 13.66 13.68 13.68 13.65 13.65 13.65 13.65 13.64 13.64 13.62 13.62 13.64 13.62 13.60 13.60 13.62 13.60 13.61 13.61 13.60 13.59 13.60 13.62 13.62 13.62 13.62 13.62 13.64 13.62 13.61 13.65 13.66 13.66 13.67 13.68 13.64 13.64 13.65 13.69 13.68 13.64 13.61
13.62 13.62 13.61 13.61 13.64 13.65 13.65 13.62 13.63 13.65 13.65 13.65 13.62 13.62 13.62 13.64 13.62 13.61 13.64 13.65 13.60 13.59 13.60 13.59 13.57 13.55 13.56 13.59 13.59 13.62 13.60 13.59 13.59 13.61 13.62 13.62 13.65 13.62 13.62 13.60 13.63 13.62 13.61 13.59 13.59 13.59 13.58 13.60 13.57 13.55 13.56 13.58 13.57 13.57 13.57 13.58 13.57 13.58 13.57 13.58 13.58 13.58 13.60 13.60 13.61 13.59 13.59 13.61 13.66 13.65 13.65 13.66 13.66 13.68 13.65 13.61 13.59
13.59 13.59 13.60 13.62 13.61 13.60 13.62 13.62 13.62 13.60 13.61 13.58 13.60 13.59 13.61 13.62 13.64 13.62 13.60 13.61 13.63 13.60 13.58 13.59 13.57 13.54 13.54 13.56 13.56 13.57 13.60 13.58 13.56 13.59 13.60 13.62 13.63 13.62 13.60 13.59 13.58 13.60 13.59 13.58 13.59 13.57 13.56 13.55 13.53 13.53 13.52 13.57 13.55 13.53 13.52 13.52 13.55 13.57 13.55 13.57 13.58 13.57 13.57 13.57 13.58 13.57 13.59 13.59 13.60 13.62 13.62 13.62 13.60 13.63 13.62 13.59 13.58
13.58 13.58 13.57 13.57 13.59 13.60 13.60 13.60 13.62 13.62 13.60 13.56 13.56 13.55 13.57 13.57 13.61 13.61 13.62 13.62 13.61 13.58 13.58 13.57 13.57 13.57 13.55 13.55 13.53 13.52 13.53 13.57 13.56 13.57 13.60 13.60 13.59 13.56 13.56 13.57 13.56 13.56 13.56 13.56 13.55 13.54 13.53 13.51 13.50 13.51 13.49 13.49 13.51 13.52 13.50 13.50 13.50 13.52 13.53 13.54 13.52 13.54 13.55 13.54 13.53 13.54 13.55 13.58 13.58 13.56 13.56 13.58 13.58 13.58 13.60 13.59 13.55
13.57 13.54 13.55 13.53 13.57 13.55 13.56 13.57 13.57 13.57 13.56 13.54 13.53 13.52 13.54 13.54 13.54 13.56 13.54 13.56 13.56 13.57 13.56 13.57 13.58 13.58 13.56 13.52 13.56 13.56 13.54 13.55 13.57 13.56 13.56 13.55 13.57 13.55 13.53 13.52 13.53 13.53 13.53 13.55 13.55 13.54 13.52 13.51 13.49 13.50 13.50 13.48 13.47 13.48 13.51 13.51 13.51 13.49 13.49 13.49 13.51 13.53 13.53 13.53 13.51 13.54 13.54 13.53 13.55 13.55 13.55 13.53 13.55 13.56 13.59 13.57 13.55
13.56 13.54 13.53 13.53 13.51 13.53 13.53 13.53 13.54 13.54 13.55 13.53 13.52 13.53 13.51 13.50 13.50 13.53 13.54 13.53 13.55 13.54 13.54 13.55 13.54 13.55 13.55 13.53 13.53 13.54 13.54 13.54 13.54 13.52 13.53 13.52 13.50 13.48 13.50 13.51 13.50 13.49 13.50 13.50 13.52 13.53 13.52 13.50 13.48 13.48 13.46 13.45 13.45 13.46 13.44 13.46 13.48 13.47 13.46 13.47 13.45 13.50 13.52 13.51 13.51 13.50 13.49 13.47 13.48 13.51 13.51 13.51 13.50 13.52 13.52 13.54 13.55
13.52 13.52 13.51 13.51 13.52 13.49 13.51 13.54 13.54 13.54 13.51 13.50 13.52 13.52 13.51 13.51 13.49 13.51 13.52 13.52 13.52 13.53 13.52 13.53 13.53 13.53 13.53 13.51 13.51 13.52 13.54 13.52 13.53 13.50 13.49 13.50 13.51 13.50 13.48 13.47 13.47 13.45 13.47 13.47 13.48 13.48 13.47 13.47 13.46 13.44 13.42 13.43 13.43 13.44 13.40 13.44 13.46 13.43 13.44 13.44 13.47 13.47 13.48 13.48 13.49 13.49 13.48 13.47 13.48 13.48 13.47 13.46 13.47 13.45 13.50 13.48 13.53
13.50 13.49 13.50 13.48 13.49 13.49 13.50 13.51 13.50 13.49 13.51 13.48 13.49 13.49 13.49 13.48 13.47 13.49 13.49 13.50 13.50 13.49 13.49 13.49 13.51 13.52 13.52 13.52 13.51 13.50 13.50 13.48 13.50 13.50 13.48 13.46 13.48 13.48 13.49 13.45 13.43 13.43 13.44 13.44 13.45 13.46 13.44 13.42 13.42 13.42 13.39 13.39 13.41 13.41 13.39 13.41 13.41 13.41 13.41 13.40 13.41 13.43 13.47 13.45 13.46 13.49 13.47 13.47 13.45 13.44 13.41 13.42 13.44 13.46 13.43 13.44 13.49
13.49 13.48 13.46 13.46 13.47 13.48 13.48 13.47 13.47 13.48 13.46 13.46 13.45 13.46 13.45 13.47 13.48 13.45 13.48 13.49 13.48 13.46 13.47 13.47 13.47 13.49 13.49 13.49 13.48 13.48 13.48 13.47 13.46 13.47 13.47 13.45 13.46 13.47 13.45 13.43 13.41 13.42 13.40 13.40 13.40 13.42 13.38 13.40 13.39 13.40 13.39 13.40 13.38 13.37 13.36 13.36 13.37 13.38 13.37 13.39 13.40 13.42 13.43 13.44 13.42 13.44 13.43 13.43 13.43 13.39 13.40 13.42 13.42 13.40 13.38 13.36 13.37
13.45 13.44 13.44 13.42 13.44 13.46 13.47 13.45 13.44 13.46 13.44 13.42 13.41 13.42 13.44 13.44 13.46 13.45 13.43 13.46 13.46 13.43 13.43 13.44 13.44 13.42 13.44 13.45 13.45 13.45 13.45 13.43 13.44 13.43 13.43 13.42 13.42 13.44 13.45 13.42 13.40 13.40 13.38 13.37 13.38 13.38 13.33 13.36 13.37 13.37 13.35 13.35 13.35 13.35 13.33 13.35 13.35 13.32 13.33 13.36 13.37 13.39 13.41 13.41 13.39 13.40 13.39 13.38 13.37 13.37 13.35 13.36 13.36 13.38 13.27 13.30 13.26
13.45 13.46 13.43 13.43 13.43 13.45 13.45 13.44 13.42 13.43 13.42 13.39 13.40 13.40 13.42 13.42 13.41 13.42 13.42 13.41 13.40 13.41 13.41 13.42 13.44 13.44 13.43 13.43 13.43 13.43 13.43 13.42 13.43 13.39 13.40 13.40 13.41 13.39 13.41 13.39 13.41 13.40 13.39 13.39 13.38 13.35 13.32 13.33 13.29 13.29 13.31 13.33 13.34 13.32 13.32 13.33 13.34 13.34 13.32 13.32 13.35 13.35 13.36 13.38 13.37 13.35 13.34 13.34 13.31 13.31 13.29 13.27 13.26 13.31 13.33 13.09 13.03
13.44 13.43 13.42 13.41 13.43 13.44 13.44 13.41 13.42 13.42 13.42 13.42 13.41 13.39 13.39 13.39 13.39 13.37 13.36 13.37 13.38 13.38 13.39 13.40 13.42 13.42 13.42 13.42 13.43 13.43 13.41 13.40 13.41 13.42 13.38 13.38 13.37 13.36 13.37 13.35 13.36 13.35 13.35 13.34 13.32 13.32 13.31 13.33 13.28 13.28 13.30 13.32 13.32 13.29 13.28 13.25 13.27 13.28 13.27 13.28 13.32 13.31 13.32 13.34 13.33 13.30 13.26 13.26 13.23 13.26 13.24 13.15 13.18 13.14 13.32 13.27 12.80
13.41 13.40 13.39 13.39 13.40 13.40 13.38 13.35 13.37 13.40 13.39 13.40 13.39 13.37 13.36 13.36 13.36 13.34 13.36 13.36 13.35 13.36 13.37 13.38 13.37 13.38 13.39 13.42 13.41 13.39 13.38 13.36 13.37 13.36 13.36 13.36 13.34 13.33 13.32 13.29 13.32 13.31 13.30 13.31 13.31 13.30 13.30 13.31 13.28 13.26 13.29 13.31 13.29 13.29 13.26 13.26 13.28 13.27 13.27 13.29 13.29 13.28 13.28 13.27 13.26 13.22 13.22 13.20 13.17 13.07 13.02 12.93 12.96 13.14 13.32 13.27 12.80
13.40 13.38 13.39 13.39 13.37 13.38 13.38 13.36 13.37 13.38 13.38 13.37 13.37 13.38 13.35 13.35 13.35 13.35 13.33 13.32 13.37 13.36 13.35 13.37 13.38 13.37 13.39 13.40 13.39 13.38 13.36 13.33 13.31 13.31 13.31 13.31 13.31 13.32 13.31 13.28 13.28 13.28 13.27 13.28 13.28 13.29 13.29 13.27 13.28 13.27 13.27 13.28 13.29 13.28 13.29 13.30 13.29 13.29 13.30 13.31 13.30 13.28 13.25 13.25 13.21 13.17 13.13 13.07 12.98 12.92 12.89 12.93 12.96 12.96 13.32 13.27 12.92
13.35 13.35 13.36 13.37 13.36 13.35 13.34 13.35 13.35 13.35 13.35 13.33 13.35 13.34 13.34 13.35 13.34 13.33 13.32 13.32 13.32 13.34 13.36 13.37 13.36 13.35 13.35 13.35 13.33 13.31 13.30 13.28 13.27 13.28 13.28 13.27 13.30 13.31 13.30 13.27 13.27 13.27 13.27 13.26 13.25 13.26 13.24 13.22 13.21 13.27 13.27 13.28 13.29 13.28 13.29 13.30 13.29 13.29 13.30 13.31 13.30 13.28 13.25 13.25 13.21 13.17 12.96 13.07 12.98 12.92 12.89 12.89 12.96 12.96 12.96 12.92 12.92
13.33 13.31 13.31 13.29 13.31 13.31 13.29 13.34 13.33 13.33 13.33 13.33 13.31 13.31 13.31 13.31 13.30 13.31 13.30 13.31 13.31 13.31 13.32 13.30 13.31 13.30 13.27 13.26 13.26 13.25 13.24 13.24 13.25 13.27 13.26 13.27 13.30 13.31 13.30 13.27 13.27 13.27 13.27 13.26 13.25 13.26 13.24 13.22 13.21 13.21 13.27 13.28 13.29 13.28 13.29 13.30 13.29 13.29 13.30 13.31 13.30 13.28 13.25 13.25 13.21 12.96 12.96 12.96 12.98 12.92 12.89 12.89 12.89 12.96 12.96 12.92 12.92
13.28 13.28 13.29 13.28 13.31 13.29 13.30 13.29 13.28 13.29 13.29 13.28 13.27 13.26 13.28 13.27 13.27 13.28 13.27 13.28 13.26 13.24 13.25 13.24 13.23 13.23 13.23 13.24 13.25 13.28 13.24 13.24 13.25 13.27 13.26 13.26 13.30 13.31 13.30 13.27 13.27 13.27 13.27 13.26 13.25 13.26 13.24 13.22 13.21 13.21 13.21 13.28 13.29 13.28 13.29 13.30 13.29 13.29 13.30 13.31 13.30 13.28 13.25 13.25 12.96 12.96 12.96 12.96 12.96 12.92 12.89 12.89 12.89 12.96 12.96 12.92 12.92
13.25 13.26 13.25 13.26 13.26 13.25 13.25 13.24 13.25 13.27 13.26 13.25 13.25 13.25 13.24 13.24 13.25 13.23 13.23 13.22 13.22 13.21 13.21 13.22 13.25 13.25 13.25 13.23 13.25 13.28 13.28 13.24 13.25 13.27 13.26 13.26 13.26 13.31 13.30 13.27 13.27 13.27 13.27 13.26 13.25 13.26 13.24 13.22 13.21 13.21 13.21 13.28 13.29 13.28 13.29 13.30 13.29 13.29 13.30 13.31 13.30 13.28 13.25 13.25 12.96 12.96 12.96 12.96 12.96 12.92 12.89 12.89 12.89 12.89 12.96 12.92 13.18
13.22 13.21 13.21 13.21 13.21 13.21 13.22 13.21 13.23 13.25 13.24 13.23 13.23 13.22 13.20 13.19 13.21 13.19 13.20 13.21 13.21 13.20 13.21 13.17 13.04 13.21 13.25 13.23 13.23 13.28 13.28 13.28 13.25 13.27 13.26 13.26 13.26 13.31 13.30 13.27 13.27 13.27 13.27 13.26 13.25 13.26 13.24 13.22 13.21 13.21 13.21 13.28 13.29 13.28 13.29 13.30 13.29 13.29 13.30 13.31 13.30 13.28 13.25 13.25 12.96 12.96 12.96 12.96 12.96 12.92 12.89 12.89 12.89 12.89 12.96 12.92 13.18
13.19 13.18 13.19 13.18 13.18 13.17 13.19 13.20 13.21 13.22 13.21 13.20 13.20 13.19 13.17 13.16 13.18 13.18 13.18 13.21 13.19 13.22 13.21 13.19 13.04 13.21 13.21 13.23 13.23 13.23 13.28 13.28 13.25 13.27 13.26 13.26 13.26 13.31 13.30 13.27 13.27 13.27 13.27 13.26 13.25 13.26 13.24 13.22 13.21 13.21 13.21 13.21 13.29 13.28 13.29 13.30 13.29 13.29 13.30 13.31 13.30 13.28 13.25 12.96 12.96 12.96 12.96 12.96 12.96 12.96 12.89 12.89 12.89 12.89 12.89 13.18 13.18
13.17 13.17 13.16 13.17 13.17 13.16 13.18 13.18 13.19 13.18 13.16 13.15 13.15 13.14 13.13 13.14 13.19 13.18 13.17 13.10 13.11 13.22 13.21 13.19 13.19 13.21 13.21 13.21 13.23 13.23 13.28 13.28 13.25 13.27 13.26 13.26 13.26 13.26 13.30 13.27 13.27 13.27 13.27 13.26 13.25 13.26 13.24 13.22 13.21 13.21 13.21 13.21 13.29 13.28 13.29 13.30 13.29 13.29 13.30 13.31 13.30 13.28 13.25 12.96 12.96 12.96 12.96 12.96 12.96 12.96 12.89 12.89 12.89 12.89 12.89 13.18 13.18
13.14 13.12 13.14 13.12 13.12 13.11 13.12 13.15 13.14 13.12 13.11 13.10 13.10 13.11 13.11 13.09 13.14 13.15 13.14 13.10 13.11 13.11 13.21 13.19 13.19 13.19 13.21 13.21 13.23 13.23 13.23 13.28 13.28 13.27 13.26 13.26 13.26 13.26 13.30 13.27 13.27 13.27 13.27 13.26 13.25 13.26 13.24 13.22 13.21 13.21 13.21 13.21 13.29 13.28 13.29 13.30 13.29 13.29 13.30 13.31 13.30 13.28 13.25 12.96 12.96 12.96 12.96 12.96 12.96 12.96 12.89 12.89 12.89 12.89 12.89 13.18 13.18
13.12 13.10 13.09 13.08 13.08 13.08 13.09 13.08 13.08 13.08 13.09 13.08 13.08 13.07 13.09 13.09 13.14 13.15 13.14 13.14 13.11 13.11 13.11 13.19 13.19 13.19 13.21 13.21 13.21 13.23 13.23 13.28 13.28 13.27 13.26 13.26 13.26 13.26 13.30 13.27 13.27 13.27 13.27 13.26 13.25 13.26 13.24 13.22 13.21 13.21 13.21 13.21 13.21 13.28 13.29 13.30 13.29 13.29 13.30 13.31 13.30 13.28 12.96 12.96 12.96 12.96 12.96 12.96 12.96 12.96 12.96 12.89 12.89 12.89 12.89 13.18 13.18
13.06 13.05 13.05 13.06 13.06 13.06 13.06 13.06 13.06 13.05 13.06 13.07 13.08 13.07 13.09 13.09 13.09 13.15 13.14 13.14 13.14 13.11 13.11 13.19 13.19 13.19 13.19 13.21 13.21 13.23 13.23 13.23 13.28 13.27 13.26 13.26 13.26 13.26 13.26 13.27 13.27 13.27 13.27 13.26 13.25 13.26 13.24 13.22 13.21 13.21 13.21 13.21 13.21 13.28 13.29 13.30 13.29 13.29 13.30 13.31 13.30 13.28 12.96 12.96 12.96 12.96 12.96 12.96 12.96 12.96 12.96 12.89 12.89 12.89 12.89 13.18 13.18
13.03 13.03 13.04 13.03 13.04 13.04 13.04 13.04 13.05 13.05 13.06 13.07 13.08 13.08 13.09 13.09 13.09 13.09 13.14 13.14 13.14 13.11 13.11 13.19 13.19 13.19 13.19 13.21 13.21 13.21 13.23 13.23 13.28 13.28 13.26 13.26 13.26 13.26 13.26 13.27 13.27 13.27 13.27 13.26 13.25 13.26 13.24 13.22 13.21 13.21 13.21 13.21 13.21 13.21 13.21 13.21 13.21 13.21 12.96 12.96 12.96 12.96 12.96 12.96 12.96 12.96 12.96 12.96 12.96 12.96 12.96 12.96 12.96 12.96 12.96 13.32 13.32
