main/data/irradiance/21.07.2023.grid
ncols 839
nrows 679
xllcenter 112.0500
yllcenter -43.9500
cellsize 0.0500
nodata_value 99999.90
[rows 374 to 407 of 679, columns 693 to 769 of 839]
13.55 13.77 13.70 13.43 13.44 13.41 13.52 13.45 13.33 12.81 12.18 13.03 13.68 12.89 13.46 13.64 13.08 13.03 12.80 13.23 13.30 13.53 13.51 13.09 13.33 13.55 13.29 12.45 12.58 12.90 13.83 14.16 13.97 13.39 12.69 12.06 11.89 12.12 12.31 12.17 12.48 13.55 12.33 12.13 11.87 12.14 11.57 11.19 11.44 11.05 11.44 11.35 11.40 11.38 11.96 12.16 12.29 12.78 12.42 12.74 12.95 13.24 12.88 12.60 12.31 12.08 12.40 11.96 11.76 11.95 12.17 12.21 12.36 12.08 11.94 12.53 13.08
13.68 13.78 13.70 13.33 12.93 13.16 13.49 12.88 12.53 12.61 12.65 13.35 13.38 13.01 13.03 12.89 12.97 13.04 13.06 13.32 13.56 13.62 14.01 13.50 13.54 13.64 12.83 12.00 12.29 13.04 14.16 14.07 13.49 13.20 12.27 11.46 11.93 11.33 11.22 12.10 12.28 12.23 11.95 11.96 12.38 12.07 11.73 12.10 11.71 11.62 11.85 11.12 11.17 11.43 11.55 11.52 11.74 12.25 12.47 13.15 13.04 13.36 13.51 13.72 13.46 13.47 12.76 12.99 13.24 13.13 13.34 13.21 12.60 12.64 13.10 13.51 13.53
13.30 13.26 13.65 13.44 12.83 13.03 12.81 12.47 13.15 13.45 13.84 14.02 13.04 12.99 13.45 13.22 12.59 12.23 12.17 13.33 13.85 13.96 14.03 13.77 13.58 13.36 12.87 12.37 12.54 12.81 13.36 12.78 13.22 12.65 12.14 12.02 11.79 12.20 11.77 12.60 12.24 11.43 11.58 10.88 11.40 11.26 12.14 12.03 11.99 11.29 11.17 11.56 12.49 12.60 11.82 11.72 12.09 11.97 11.85 12.41 12.39 12.45 12.96 13.10 13.01 13.49 13.51 13.59 12.50 13.23 13.67 13.25 13.20 12.98 13.52 13.57 13.43
12.87 13.26 13.52 13.13 12.65 12.99 12.72 12.13 13.28 13.76 14.23 14.13 14.19 13.77 13.41 13.22 12.56 11.94 13.08 13.22 13.07 13.94 13.86 13.48 13.97 13.62 12.19 11.60 11.62 11.89 12.20 12.85 12.69 12.07 11.44 11.43 11.38 12.36 12.40 12.66 12.11 11.45 11.36 11.07 11.31 11.44 11.95 12.41 12.17 12.02 11.41 12.48 12.60 12.03 12.65 12.54 12.87 12.60 12.31 12.39 13.08 13.35 13.10 13.37 13.48 13.77 13.55 13.41 13.62 13.78 13.85 13.90 13.62 13.70 13.58 13.32 13.20
13.40 13.20 13.01 12.92 12.75 12.09 11.75 12.12 12.72 13.27 13.88 13.73 13.56 13.00 12.97 13.11 12.24 12.03 12.97 13.08 13.60 13.52 12.95 12.90 13.45 13.19 12.80 12.68 12.29 12.66 12.75 12.49 12.46 12.00 11.18 11.82 12.02 12.35 11.94 12.56 12.48 12.49 12.81 12.56 12.56 11.87 12.43 12.51 12.80 12.43 12.75 12.22 12.33 12.63 13.39 13.08 13.71 13.87 13.18 13.39 13.48 14.04 14.02 13.59 13.32 13.30 13.60 13.62 14.10 14.09 13.95 14.08 14.08 13.97 13.89 13.73 13.21
13.56 13.07 12.86 12.29 12.14 12.06 11.82 11.63 12.07 11.92 12.71 13.26 13.36 13.23 12.69 12.31 12.11 12.66 12.23 12.74 13.04 12.74 12.89 12.93 13.04 13.23 13.40 12.89 13.03 12.75 11.60 10.91 11.83 11.19 11.26 11.11 11.79 11.76 11.86 12.17 12.71 13.19 13.06 12.93 13.19 12.52 12.86 13.08 12.07 12.74 12.66 12.87 13.04 13.01 13.60 13.46 13.46 13.63 13.21 12.90 13.02 13.23 13.26 13.60 13.51 13.82 13.55 13.75 13.96 13.46 13.43 13.53 13.66 13.62 13.82 13.83 13.66
13.33 13.26 12.66 12.34 12.04 11.82 11.73 11.90 11.63 11.73 11.48 12.40 12.80 12.50 12.57 12.83 12.55 12.73 12.03 12.49 13.13 13.45 13.30 12.93 13.05 12.85 13.10 13.34 13.12 13.05 13.23 13.13 11.96 11.35 11.06 10.86 12.34 12.84 12.35 12.31 12.41 12.61 12.77 12.53 12.76 12.50 12.19 12.74 12.15 12.54 12.71 13.04 12.94 12.98 13.02 12.98 13.58 13.19 12.61 12.34 12.23 12.47 12.61 12.90 13.19 13.38 13.32 13.33 13.21 12.85 12.81 13.01 12.85 13.10 13.21 13.13 13.23
12.57 12.37 11.89 12.48 11.90 11.76 12.31 11.94 12.22 12.09 11.54 11.77 11.86 12.08 12.62 12.85 13.05 12.45 12.29 12.54 12.05 12.55 12.73 12.96 11.81 12.26 13.07 12.84 12.43 12.73 13.09 13.24 12.96 12.59 11.78 12.00 12.83 12.51 12.76 12.70 12.43 12.12 12.80 12.51 12.62 12.51 12.34 12.63 11.98 13.03 12.73 12.41 12.53 12.55 12.81 13.23 13.17 13.19 12.96 13.13 12.93 12.78 12.93 12.54 12.42 12.64 12.90 12.86 12.74 12.91 13.15 13.24 13.15 13.28 13.19 12.92 13.21
12.50 12.48 12.92 13.03 12.29 11.99 12.53 11.78 12.12 11.85 12.40 12.22 12.90 13.07 12.91 12.88 12.63 11.81 12.03 12.69 12.93 13.08 12.77 11.82 11.70 12.28 12.82 13.30 12.83 12.62 12.69 13.25 13.41 13.60 12.91 12.27 11.91 11.98 12.08 11.92 11.84 11.93 12.41 12.73 12.72 12.71 12.57 12.79 12.95 13.12 12.98 12.25 12.29 12.33 12.71 12.68 12.09 12.42 13.26 13.57 12.81 12.91 12.39 11.98 12.15 11.86 12.26 12.03 12.47 12.84 13.21 13.38 13.42 13.40 13.40 13.38 13.40
11.66 11.93 12.69 12.59 12.00 12.03 12.25 12.15 11.88 10.86 11.80 12.24 13.03 13.36 12.70 12.76 12.47 11.38 12.14 12.16 12.80 12.97 13.76 12.80 13.48 13.77 13.81 13.46 12.41 11.78 12.00 12.46 13.20 13.12 13.56 13.06 12.66 12.10 12.30 12.29 11.96 11.83 12.19 12.63 13.09 12.84 12.27 12.27 12.91 13.25 12.11 12.14 12.00 12.02 12.22 12.35 12.40 12.80 13.05 13.47 13.33 12.70 12.93 13.14 12.56 12.17 12.15 12.33 11.91 12.19 12.52 12.85 13.21 13.17 13.24 13.18 13.24
11.26 11.71 11.98 12.34 12.24 12.31 12.98 12.47 11.28 10.99 11.69 11.88 11.14 11.84 12.04 12.29 12.85 12.24 11.93 11.68 12.73 13.33 13.55 13.21 13.06 13.28 13.72 13.77 13.51 12.24 11.55 12.16 12.90 12.94 13.04 12.65 13.19 12.57 11.97 12.13 12.28 12.03 12.18 12.35 12.80 12.58 12.38 12.51 12.19 12.47 12.67 12.49 12.44 12.31 12.70 12.83 12.73 12.68 12.71 13.31 12.96 13.22 12.89 12.79 12.83 12.98 12.37 12.31 12.89 12.67 12.43 12.45 12.90 13.19 13.02 12.94 12.95
11.04 11.55 12.05 12.30 12.27 12.81 12.65 11.48 11.18 11.56 12.14 12.35 12.25 12.13 12.21 12.92 13.41 13.32 12.58 12.38 12.79 13.07 13.36 13.58 13.17 13.24 13.65 13.62 13.14 11.72 12.06 12.14 12.44 12.42 12.25 12.21 12.47 12.74 11.74 12.08 12.20 12.16 12.35 12.66 12.42 12.09 12.35 12.88 12.24 12.51 12.76 12.77 11.93 12.23 12.90 12.67 12.45 12.09 12.32 12.73 12.54 12.95 12.93 12.78 12.63 12.40 12.52 13.00 12.77 11.56 11.91 11.89 11.79 12.16 12.95 13.03 12.78
10.73 11.34 11.62 12.19 12.44 12.82 11.87 11.28 11.65 12.15 13.32 12.96 12.86 12.56 12.01 13.14 13.31 13.75 12.38 11.67 12.21 13.17 12.96 13.67 12.81 12.54 12.97 12.92 11.81 11.48 12.07 12.89 12.64 11.97 11.67 11.36 11.61 12.15 12.54 12.45 12.13 12.27 12.11 12.65 12.31 12.30 13.09 12.84 11.87 11.87 11.75 11.74 11.92 11.70 12.27 12.50 12.04 12.06 12.64 13.22 12.70 12.50 12.39 12.73 12.43 12.59 12.60 12.42 12.22 12.22 12.50 11.83 11.65 11.75 12.59 13.11 12.50
11.16 10.83 11.63 12.58 12.50 12.42 12.24 11.55 12.33 12.42 13.13 12.65 12.67 12.52 12.00 12.21 12.69 13.38 12.58 12.07 12.29 12.22 12.18 13.04 12.72 11.93 12.52 11.92 11.37 11.66 12.03 12.54 12.58 12.09 12.25 11.48 11.55 11.92 12.03 12.13 12.30 12.38 12.59 12.43 12.55 11.84 11.85 11.70 11.86 11.87 11.53 11.75 11.73 11.69 11.93 12.18 12.24 12.39 12.66 12.79 12.98 12.78 12.85 12.89 12.61 12.26 12.41 12.45 11.97 12.12 12.17 11.94 11.70 11.95 11.49 12.66 12.46
11.63 11.92 12.05 12.11 12.23 11.77 12.05 11.47 11.89 12.86 13.21 13.11 13.41 13.03 12.60 12.65 13.07 13.18 13.09 12.11 12.33 12.80 12.48 12.55 12.25 12.09 12.72 12.23 11.21 11.22 11.65 11.96 12.02 12.85 12.53 12.48 11.93 11.70 11.43 10.72 11.40 11.68 12.66 12.21 11.43 11.44 11.33 11.48 12.06 11.90 12.15 11.72 11.23 11.28 11.80 11.99 12.04 12.64 12.69 12.59 12.08 12.58 12.26 12.30 12.69 12.33 12.57 12.57 12.36 12.41 12.07 12.61 12.00 11.93 11.74 11.90 12.19
12.52 12.96 12.89 12.38 12.10 12.10 12.67 12.16 11.96 12.22 12.54 13.49 13.60 13.17 12.70 12.56 12.66 12.96 13.09 12.09 12.53 12.46 12.52 12.03 11.92 11.65 12.30 12.66 12.09 11.64 10.91 11.32 11.94 12.10 12.56 12.99 12.05 11.44 11.34 10.74 11.46 11.48 11.67 12.00 12.20 11.78 12.07 12.14 12.57 11.92 11.65 11.68 12.35 11.34 11.44 11.62 12.00 12.26 12.56 12.73 12.23 12.70 12.46 12.17 12.53 12.31 12.59 12.29 12.16 11.97 11.86 12.45 12.14 11.72 11.75 11.91 11.96
12.53 12.87 13.45 12.72 12.17 11.23 12.28 12.55 12.54 12.85 12.83 13.17 12.99 13.07 12.59 12.32 11.93 12.31 12.05 11.83 11.96 12.17 12.63 12.91 12.83 12.02 11.74 11.43 11.31 12.07 11.55 11.89 12.54 12.65 12.59 12.94 12.25 11.52 11.12 10.70 11.80 11.49 12.02 12.16 12.12 11.86 12.21 12.19 12.25 11.68 11.12 11.25 11.68 11.91 11.56 11.32 11.54 12.19 11.74 11.86 11.73 12.09 11.86 12.27 12.47 12.38 12.26 12.17 12.13 12.25 12.02 12.08 11.94 11.66 12.10 11.92 11.56
12.75 13.30 13.23 12.65 12.62 11.90 11.44 12.29 12.75 13.22 12.87 12.59 12.46 12.72 12.47 11.63 11.97 12.34 11.90 11.61 11.60 12.20 12.35 12.54 13.10 12.16 11.40 10.78 10.85 10.99 11.42 11.17 12.02 12.36 12.88 12.41 11.72 12.04 12.04 11.53 11.56 11.14 11.83 12.01 11.56 11.44 11.29 11.92 12.12 12.10 11.52 11.91 11.70 11.67 11.11 11.61 12.14 11.99 11.79 11.57 11.99 12.16 12.15 13.04 12.79 12.43 12.71 12.16 12.00 12.13 11.73 11.65 11.45 12.05 11.94 12.12 12.27
12.60 13.01 13.36 12.96 12.58 12.48 11.62 11.99 12.56 12.36 12.55 12.69 12.44 12.54 12.94 12.44 12.17 12.52 12.57 12.11 11.86 11.43 11.49 11.91 11.40 11.63 10.85 11.09 10.42 10.66 11.38 10.65 11.46 11.58 11.75 11.55 11.55 11.28 11.25 11.66 11.42 11.43 12.35 11.77 11.16 12.22 12.33 11.63 11.42 12.08 11.69 12.26 12.27 12.71 13.02 12.67 12.87 12.13 12.08 11.68 11.61 11.47 11.85 12.67 12.48 12.84 12.93 12.34 12.24 12.17 11.94 11.99 11.72 12.02 11.17 11.50 11.72
13.11 13.15 12.39 13.06 12.01 12.14 12.19 11.68 11.72 11.85 11.95 11.91 12.58 11.89 12.32 11.86 11.45 11.70 12.54 12.05 11.15 11.11 11.51 11.38 10.67 11.14 10.19 10.78 10.97 11.52 11.99 11.46 11.44 11.33 11.05 10.82 11.05 11.78 11.37 11.54 11.23 11.26 11.82 11.86 11.69 12.27 12.06 11.78 11.95 11.25 11.23 12.00 12.19 13.00 13.33 12.81 12.80 12.59 12.29 11.97 10.95 11.00 11.71 11.79 12.49 12.83 12.95 12.64 12.65 12.59 12.31 12.19 11.73 11.51 11.50 11.64 11.74
13.30 13.43 12.23 12.79 11.92 11.76 12.31 11.20 11.35 12.31 12.31 11.71 12.13 11.77 11.47 11.63 11.40 11.55 11.91 11.00 10.82 11.37 11.63 10.84 10.99 11.08 10.98 11.47 11.24 11.25 11.17 11.46 11.64 11.41 11.26 11.27 11.63 11.23 11.23 10.89 11.10 11.81 12.31 12.70 12.47 12.51 12.15 11.75 11.06 11.30 11.53 11.51 11.77 12.30 12.29 12.49 12.21 12.74 11.96 12.24 11.99 11.05 10.82 11.65 11.89 12.03 12.49 12.27 12.58 12.08 11.99 12.26 11.80 11.72 11.78 11.72 11.52
12.96 13.43 12.55 12.91 13.38 12.21 11.35 11.01 10.90 11.80 12.21 11.69 11.41 10.98 10.47 11.13 11.58 11.43 11.50 10.96 10.57 10.93 11.42 10.68 11.63 11.98 11.68 11.42 10.87 10.42 10.61 10.45 10.78 10.88 11.58 11.23 10.78 10.61 10.67 10.52 11.08 11.22 11.81 12.33 11.87 11.93 11.43 11.82 11.45 10.96 11.51 11.94 12.00 11.67 11.64 11.71 11.93 12.11 11.59 11.07 11.51 11.31 11.04 11.82 11.83 12.04 12.28 12.01 12.07 11.74 12.27 11.88 11.61 10.87 10.88 11.04 10.89
13.18 12.73 13.02 13.07 13.44 13.46 12.67 11.88 11.09 10.83 12.16 12.28 11.15 10.39 10.42 10.53 11.03 11.17 11.35 10.74 10.12 9.87 10.01 10.93 11.05 11.02 11.53 11.23 10.79 11.02 10.42 10.48 9.69 10.49 11.12 11.06 10.89 10.14 10.32 11.57 11.25 11.27 12.24 12.14 11.54 11.94 12.14 12.10 12.04 11.04 10.65 11.32 11.75 11.76 11.33 10.91 11.00 12.24 11.36 11.00 11.18 11.56 12.11 11.57 11.60 11.52 11.73 12.03 11.83 11.28 11.12 11.69 11.88 9.92 10.79 10.48 10.79
12.27 12.28 12.83 12.36 12.48 12.91 12.67 12.49 10.72 10.51 11.75 12.06 11.23 11.40 11.03 10.24 9.80 10.10 10.27 9.59 8.82 8.60 9.97 9.82 10.30 10.12 10.39 10.31 10.08 10.56 10.99 10.76 9.73 10.06 10.44 10.57 11.01 10.46 10.93 11.66 10.78 11.22 12.57 12.28 11.75 11.76 11.90 12.02 11.94 11.25 10.98 11.90 11.70 11.75 11.12 10.00 10.44 11.01 11.02 11.28 10.90 11.49 12.39 11.65 10.77 11.24 11.62 11.93 11.46 11.39 10.77 10.87 11.46 11.12 10.76 11.04 11.03
11.65 12.21 12.11 11.73 11.52 11.83 12.38 11.51 10.22 10.35 11.27 11.96 11.77 11.97 11.79 10.96 9.70 9.95 10.01 9.72 9.18 9.39 9.74 9.42 9.18 9.10 9.26 9.28 9.97 10.41 11.34 11.24 10.15 9.40 9.52 9.90 10.85 10.80 10.60 10.61 10.97 10.91 11.75 12.17 11.74 11.42 11.09 11.08 11.64 11.54 11.49 12.23 11.34 10.31 10.46 10.65 10.86 11.04 10.85 10.71 11.37 11.44 11.12 10.56 10.19 10.89 11.33 11.31 11.00 10.82 10.96 10.90 11.08 10.41 10.69 11.32 10.95
12.03 11.50 12.13 11.87 11.32 11.01 11.22 10.07 9.75 10.09 10.45 11.11 11.49 11.26 10.95 10.86 10.50 10.12 10.42 10.25 9.98 9.75 9.62 9.01 9.44 9.44 8.88 9.50 9.81 10.02 11.00 11.43 11.46 10.87 10.46 10.91 11.06 10.95 11.33 11.06 11.60 11.26 11.36 11.45 11.12 11.24 10.40 11.22 11.16 10.79 10.65 10.86 10.84 10.23 10.01 9.64 10.29 11.26 10.89 10.60 10.65 11.24 11.57 10.93 10.73 11.02 10.80 10.29 10.79 10.49 10.51 10.43 10.33 10.21 10.06 10.95 10.27
11.76 11.50 11.38 10.68 11.23 10.55 10.72 10.78 9.65 9.58 10.62 10.83 10.52 10.79 10.75 9.95 10.49 10.61 10.99 11.33 10.21 9.72 9.73 9.44 9.99 9.81 9.89 9.84 9.86 9.90 10.65 11.26 11.68 11.50 10.93 10.83 11.06 10.73 10.58 10.66 10.96 10.56 10.88 11.05 10.82 10.57 10.74 11.16 11.05 11.10 10.84 10.14 10.15 9.83 10.51 9.97 10.36 10.72 10.98 10.61 10.57 10.57 10.20 10.18 10.71 10.91 10.98 10.96 11.73 10.54 10.64 10.35 9.38 9.59 10.13 9.87 9.53
11.01 11.23 11.19 9.71 10.01 10.44 10.49 9.87 10.03 9.58 10.05 10.63 9.73 10.25 10.45 10.09 9.56 10.08 9.85 10.34 9.86 9.31 9.56 9.95 10.30 10.70 10.50 10.30 10.45 10.09 10.46 10.67 11.29 11.29 11.24 11.03 10.87 10.96 10.69 10.49 9.96 9.64 10.39 10.49 10.07 9.97 10.49 10.88 11.60 11.47 11.32 10.79 10.06 9.99 10.17 10.88 10.45 11.18 11.15 10.73 10.89 10.55 10.10 10.02 9.94 10.44 10.84 11.13 12.44 11.01 10.51 10.28 9.78 10.10 9.64 9.36 9.28
10.48 11.16 10.23 10.37 10.31 10.48 10.21 9.78 9.85 9.53 9.85 9.22 9.33 9.94 9.94 10.54 9.40 9.22 9.34 10.16 10.84 10.39 9.72 10.19 11.26 10.78 9.41 9.15 9.65 9.54 10.17 10.03 10.87 10.12 10.54 10.69 10.86 10.96 10.45 10.02 10.21 9.98 10.56 10.31 10.05 9.42 9.97 10.18 10.85 10.66 10.48 10.92 10.48 9.79 10.13 10.18 10.44 11.38 11.63 11.46 11.18 10.74 10.31 9.76 9.77 10.38 10.23 10.62 11.78 11.57 10.42 10.30 9.38 10.22 9.70 9.02 9.25
10.25 11.05 10.83 10.68 10.26 9.87 8.95 9.18 9.22 10.31 10.34 9.67 9.62 9.87 9.78 9.22 8.73 9.36 9.81 10.47 10.95 10.66 9.84 10.24 11.01 11.22 9.84 9.41 9.49 9.35 9.95 10.18 10.19 9.48 9.88 10.11 10.84 9.87 9.63 10.05 10.36 10.00 10.54 10.16 9.97 9.74 10.04 10.77 10.64 10.42 9.88 10.50 10.39 10.66 10.51 10.41 10.84 11.10 12.08 11.89 10.72 10.03 10.22 10.33 10.02 10.38 9.98 10.37 10.92 11.00 10.34 10.07 9.37 9.15 8.93 8.43 8.80
9.78 10.52 10.80 10.23 8.98 9.91 9.53 9.12 9.82 10.34 10.08 10.69 10.59 10.58 9.52 8.63 9.11 9.45 9.78 10.10 9.29 9.73 9.75 10.25 10.67 10.48 10.54 10.31 9.74 9.54 9.70 9.88 9.94 9.90 9.78 9.42 9.63 9.25 9.51 9.09 9.02 9.94 10.10 10.00 10.29 10.30 10.53 10.96 11.44 10.81 9.97 10.61 10.81 10.17 9.78 10.34 10.54 10.91 11.28 10.44 10.01 9.90 9.72 9.59 9.63 9.66 9.66 10.00 10.17 10.78 11.07 9.27 9.88 8.64 9.23 8.25 7.91
10.33 10.83 10.77 10.47 9.75 9.00 9.41 9.92 10.58 10.59 10.67 11.10 10.99 11.15 11.10 9.68 9.77 10.15 10.00 9.43 9.28 10.06 10.40 10.36 10.80 10.21 9.53 9.28 9.43 9.42 9.04 9.38 8.69 9.14 9.63 9.43 9.12 9.41 8.80 8.65 8.67 7.90 8.55 9.81 10.28 10.39 10.27 11.15 10.98 10.81 10.34 10.49 10.09 9.80 9.42 9.24 9.75 9.71 10.68 10.34 9.38 9.95 9.42 9.42 9.38 9.14 9.21 9.41 9.67 9.91 11.12 10.71 9.58 8.54 7.73 8.17 8.34
10.31 10.54 10.61 9.13 10.30 9.45 9.00 9.37 10.32 10.43 11.29 11.89 11.40 10.93 10.65 10.36 9.99 10.21 9.81 9.23 9.59 9.56 9.73 9.79 9.51 9.70 9.21 8.71 8.65 9.20 9.23 8.53 8.42 8.91 9.04 8.89 9.54 9.82 8.55 8.42 8.79 9.50 10.04 10.00 10.54 10.61 10.51 10.72 10.32 9.76 9.60 9.92 9.74 9.61 8.70 9.02 9.78 9.03 9.19 9.65 10.33 10.15 9.74 8.74 8.96 9.01 8.75 8.61 8.70 9.36 10.26 11.02 9.89 9.80 9.35 8.89 8.17
11.09 11.15 10.93 10.02 10.03 9.26 9.17 9.75 10.37 10.23 10.65 10.85 10.57 10.42 10.08 9.80 9.56 10.03 9.65 9.30 8.99 9.10 9.81 8.81 8.66 9.04 9.24 9.27 9.37 9.51 9.41 8.04 7.86 8.27 8.84 9.42 10.47 9.51 9.14 9.16 9.29 9.92 10.20 10.07 10.66 10.56 10.84 10.41 9.38 9.61 9.65 9.95 9.13 9.48 8.82 9.28 9.72 8.74 8.71 8.94 9.19 9.90 9.62 9.05 9.33 9.09 8.66 8.56 8.73 9.01 8.86 9.79 9.45 9.68 9.22 8.98 8.22
