main/data/irradiance/21.04.2023.grid
ncols 839
nrows 679
xllcenter 112.0500
yllcenter -43.9500
cellsize 0.0500
nodata_value 99999.90
[rows 102 to 135 of 679, columns 385 to 461 of 839]
19.29 19.14 18.99 18.97 19.13 19.30 19.36 19.42 19.79 19.69 18.96 19.15 19.04 19.24 19.58 19.98 20.01 19.36 18.88 18.63 18.36 17.95 18.46 18.26 17.11 17.05 16.30 15.89 15.55 17.06 17.21 17.26 17.01 16.89 16.97 16.85 16.47 16.73 16.33 15.78 16.28 15.73 16.02 16.43 16.85 16.19 16.29 16.55 16.03 17.20 16.34 17.57 17.20 17.27 18.26 17.99 17.40 17.09 17.72 17.15 17.02 16.36 16.91 17.74 17.83 17.21 16.65 17.16 17.23 17.82 17.94 16.66 16.70 17.33 17.53 17.34 17.18
18.58 18.30 18.78 19.24 19.21 19.35 19.11 19.72 19.38 19.55 19.33 18.37 18.87 19.77 19.42 20.02 19.89 19.19 18.32 18.77 19.15 18.57 18.29 17.65 16.98 17.34 16.35 15.67 15.83 16.37 16.84 16.83 17.13 17.54 17.53 17.53 17.26 17.73 17.07 16.61 16.44 15.99 16.39 17.52 17.72 17.51 17.33 17.20 17.32 17.77 16.47 15.91 17.06 17.42 17.87 17.92 17.12 15.73 16.80 16.98 17.66 17.08 16.54 18.45 17.84 16.91 16.25 17.34 17.49 17.86 17.87 17.66 16.89 17.07 17.25 18.09 18.25
18.63 18.04 18.81 18.83 18.85 18.89 18.95 18.96 18.52 18.54 18.76 18.93 19.08 18.74 18.73 19.46 19.18 19.90 18.59 18.98 18.71 18.41 18.02 17.79 17.00 17.20 17.13 16.23 16.72 16.25 16.51 16.92 16.98 17.06 17.75 17.84 16.69 17.05 17.71 17.33 17.54 16.42 16.47 17.60 17.56 18.20 17.45 17.35 17.89 18.50 17.54 17.34 17.70 17.14 17.98 17.75 17.17 16.33 16.15 17.15 17.75 17.16 17.51 17.86 17.51 16.88 16.86 17.00 16.98 17.48 18.12 18.10 17.34 16.35 17.34 18.12 17.84
18.83 18.17 18.73 19.29 19.47 19.19 18.97 19.08 19.01 19.33 19.19 19.25 19.04 19.02 18.88 18.93 19.46 19.27 19.53 18.71 19.26 19.41 18.11 17.80 18.09 18.06 17.33 16.82 17.05 16.44 17.13 16.91 17.60 17.90 17.58 17.30 17.82 16.89 17.45 17.54 18.10 17.87 17.31 16.81 17.59 18.17 17.36 17.30 18.07 18.34 17.95 17.90 17.70 17.39 17.71 18.23 18.12 17.67 17.71 17.78 18.30 17.94 17.71 17.69 17.62 17.84 17.74 16.97 17.47 17.61 17.74 17.49 17.59 17.38 17.55 17.93 18.36
18.95 18.70 18.93 19.49 19.24 19.29 19.48 19.22 19.51 19.58 19.45 19.18 19.38 19.42 19.47 19.40 19.77 19.81 19.62 18.59 18.88 19.81 18.31 17.83 18.23 17.83 16.91 16.93 17.00 16.94 17.15 17.44 17.93 18.63 18.26 17.83 17.78 16.91 17.39 17.21 17.91 17.64 17.50 17.20 18.34 17.65 17.95 17.59 18.11 18.43 17.79 17.25 17.34 17.30 17.49 17.94 17.69 18.23 18.75 18.54 18.65 18.11 17.50 17.79 18.57 18.47 17.46 17.10 16.95 17.27 17.55 18.09 17.82 18.13 18.12 18.27 18.90
18.74 18.78 18.86 18.93 19.02 19.37 19.78 19.81 19.13 19.27 19.14 19.44 19.45 19.50 19.15 18.43 19.68 19.50 19.68 19.28 19.46 19.60 17.84 17.68 18.59 18.14 17.52 16.62 17.35 17.47 16.66 17.64 17.99 18.50 18.35 17.77 17.85 18.12 17.71 17.75 18.21 17.58 17.52 17.98 17.70 17.68 17.63 17.95 18.13 18.23 16.93 16.54 17.00 16.65 16.85 17.37 17.93 17.82 18.55 18.99 18.82 18.93 18.41 18.75 19.03 19.39 18.33 18.06 18.05 17.70 18.27 19.09 18.56 18.83 18.86 18.54 19.12
19.38 19.33 19.27 19.24 18.94 19.05 18.99 19.18 18.84 19.06 19.15 18.59 19.44 19.89 19.01 18.67 19.66 19.33 18.46 18.32 18.77 18.06 17.36 17.73 18.66 18.70 18.10 17.83 17.92 17.70 17.39 17.21 17.52 18.09 18.34 17.12 17.91 18.73 18.60 18.41 18.86 18.78 17.97 18.14 18.04 18.25 17.99 18.67 18.52 18.87 18.17 17.64 16.85 16.36 16.76 16.58 18.38 18.10 18.60 18.74 18.94 18.96 19.10 19.37 19.76 19.88 19.22 19.36 18.97 18.79 18.80 19.50 19.56 19.10 18.83 19.45 19.34
20.09 20.37 20.01 19.74 19.18 18.65 19.19 18.70 18.50 19.24 19.44 19.16 19.71 19.54 19.92 19.01 18.95 19.24 18.18 17.84 18.59 17.55 16.20 16.74 18.15 19.12 19.11 18.43 17.73 18.06 18.21 17.95 18.50 18.18 17.94 17.00 17.14 18.27 18.67 18.66 18.59 19.12 18.71 19.02 18.90 18.82 18.92 19.27 19.15 19.01 19.07 18.59 17.67 16.63 16.45 16.58 17.92 18.26 18.58 18.81 19.00 19.19 19.29 19.89 20.36 20.52 20.26 20.33 19.81 19.46 19.29 19.71 19.49 19.48 19.24 19.03 19.30
20.01 20.29 20.28 19.97 19.74 18.87 18.81 18.66 18.82 18.81 19.09 18.12 19.41 20.18 19.83 18.69 18.00 19.02 18.67 18.40 18.94 18.10 16.45 17.30 18.25 18.10 18.49 19.01 18.58 18.55 17.92 18.42 18.82 18.92 18.40 17.38 17.84 17.94 18.18 18.43 18.29 18.81 18.87 19.31 19.57 19.30 19.84 19.76 19.79 19.45 19.31 18.19 17.67 16.94 16.97 17.09 17.99 18.53 18.70 19.28 19.40 19.56 19.08 19.30 19.99 20.48 20.49 20.13 20.31 19.92 19.93 20.31 20.33 20.27 19.93 19.65 19.68
19.91 19.89 20.11 19.98 20.01 19.95 19.42 18.82 18.95 19.00 19.47 18.64 18.13 18.87 19.55 19.13 18.68 18.40 18.22 18.78 19.20 18.37 17.52 17.94 18.08 18.67 18.62 18.68 18.56 18.88 17.95 18.81 18.56 19.06 18.41 18.32 18.04 18.17 18.73 19.28 18.98 19.16 18.90 19.04 19.42 19.30 19.62 19.47 18.93 18.91 18.81 18.07 17.91 17.60 17.29 17.22 17.92 18.66 18.90 19.32 19.81 20.10 19.78 19.86 20.15 20.50 20.56 20.67 21.00 20.84 20.95 21.13 21.37 21.46 21.35 21.02 21.30
19.84 19.56 20.03 19.81 19.40 19.52 19.19 18.83 18.74 19.02 18.69 18.71 18.58 18.43 18.49 18.56 18.85 18.67 18.30 17.72 18.53 18.48 18.29 18.79 19.14 18.83 19.06 19.12 19.16 19.19 18.85 18.99 19.16 19.49 19.31 19.16 18.60 18.74 18.98 19.48 19.70 19.39 19.35 19.55 19.02 18.76 18.91 18.97 18.59 18.40 18.47 17.99 17.94 18.04 17.54 17.65 17.52 18.54 18.90 19.44 19.86 20.11 20.57 20.37 20.56 20.95 20.70 21.07 21.50 21.57 22.00 22.21 22.00 21.70 21.60 21.40 21.39
18.76 18.25 19.40 19.61 19.39 19.10 18.87 18.83 18.37 18.68 18.58 17.93 17.82 17.93 18.49 18.45 18.33 19.11 19.00 17.66 18.14 17.80 17.54 18.51 18.72 19.08 18.78 19.62 19.74 19.53 19.75 19.18 19.74 19.72 19.26 19.50 19.03 19.34 19.52 19.37 19.38 19.46 19.49 19.69 19.34 19.24 19.05 18.85 18.44 18.37 18.67 18.00 18.34 18.44 18.22 17.70 17.92 18.48 19.42 20.16 20.30 20.37 20.77 20.84 21.12 21.27 21.07 21.21 21.34 21.84 22.17 22.20 22.27 22.09 21.59 21.55 21.39
19.03 18.56 18.95 18.80 19.01 18.62 18.35 17.46 18.48 18.59 18.93 18.22 17.78 18.20 18.38 18.05 18.39 18.80 18.75 18.09 18.07 18.73 18.11 18.64 19.16 20.13 19.89 19.87 20.24 20.73 20.14 20.10 19.79 19.58 19.21 19.33 18.89 19.18 19.65 19.52 19.61 19.64 18.84 18.96 18.92 19.24 19.00 18.64 18.61 18.74 18.94 18.79 18.61 18.83 19.05 18.37 18.08 18.78 19.99 20.71 20.76 20.89 21.18 21.37 21.44 21.55 21.53 21.46 21.52 21.82 22.05 22.02 22.15 21.91 21.75 21.53 21.38
19.82 19.19 19.25 18.97 19.24 18.43 18.48 18.71 18.60 18.71 18.69 18.64 18.40 18.75 18.42 18.10 18.30 18.90 18.76 18.90 18.96 19.22 19.64 19.84 19.92 19.98 20.27 20.27 20.30 20.41 20.68 20.64 20.14 19.96 19.81 19.34 19.61 19.30 19.50 19.93 20.30 20.02 19.31 19.47 19.18 19.08 19.14 19.02 19.12 19.14 19.29 19.43 19.15 19.74 19.90 19.35 19.05 19.51 20.36 20.82 21.04 21.23 21.60 21.46 21.47 21.55 21.77 21.83 21.89 21.88 22.06 22.22 22.28 22.01 21.60 21.38 21.31
20.09 19.41 19.76 19.69 19.44 19.24 19.36 18.86 18.66 18.93 18.55 18.27 18.10 18.97 18.66 18.31 18.60 19.20 19.45 19.68 19.72 20.02 20.24 19.57 19.72 19.79 19.80 19.72 20.08 19.87 20.47 20.65 20.12 19.98 19.50 19.28 19.04 19.52 19.76 19.95 20.42 20.22 19.82 19.61 19.39 19.09 19.33 19.41 19.14 18.87 19.17 19.43 19.69 19.99 19.82 19.72 20.15 20.45 20.64 21.00 21.26 21.32 21.64 21.36 21.81 22.08 22.15 22.18 22.15 22.31 22.38 22.48 22.53 22.08 21.71 21.99 21.96
20.26 19.81 20.39 20.05 19.86 19.42 19.64 19.26 18.98 18.90 18.80 18.60 18.27 18.83 18.50 19.00 18.89 19.56 19.43 19.69 19.88 19.81 20.02 19.62 19.89 20.09 19.81 20.01 20.56 20.27 19.88 20.13 19.95 20.08 19.76 19.21 19.18 19.86 19.93 20.63 20.95 20.12 19.39 19.53 19.88 19.37 19.76 19.96 19.73 19.23 19.56 19.73 19.89 19.90 19.83 20.13 20.41 20.57 20.74 20.99 21.52 21.74 21.76 21.71 22.06 22.31 22.20 22.07 22.13 22.27 22.44 22.51 22.34 21.96 21.65 21.57 21.66
20.21 20.11 20.14 20.11 19.93 19.29 19.56 19.55 19.24 19.28 19.78 18.94 19.02 19.01 18.87 19.37 19.50 20.02 20.23 19.95 19.23 18.87 18.94 19.24 19.55 19.68 20.01 20.10 20.57 20.62 20.09 19.87 19.86 20.03 19.71 19.38 19.46 20.08 20.23 20.66 20.63 20.34 19.98 19.60 19.76 20.13 20.06 19.96 19.99 19.81 19.73 20.27 20.42 20.58 20.64 21.30 21.00 21.22 21.12 21.48 21.94 21.93 21.94 21.87 21.96 22.01 21.97 21.94 22.00 21.98 22.13 22.26 22.45 22.08 21.86 21.99 22.20
19.75 19.86 20.26 20.31 20.21 19.81 20.15 19.41 18.28 19.20 18.78 18.82 19.57 19.71 19.71 20.28 19.95 20.33 20.66 20.58 19.70 19.44 19.19 18.83 19.05 18.85 19.32 19.83 19.96 19.79 19.79 20.20 20.01 20.33 20.20 19.75 20.10 19.95 20.31 20.68 20.29 20.31 20.01 20.42 20.15 20.32 20.01 20.38 20.51 20.33 20.49 20.39 20.65 21.33 21.26 21.60 21.60 21.64 21.70 21.77 22.01 21.92 22.14 21.80 22.06 22.03 22.13 22.16 22.23 21.98 22.05 22.16 22.09 22.31 22.35 22.58 21.93
19.86 19.57 19.94 20.02 20.16 20.44 20.70 20.08 19.50 19.47 19.19 19.16 19.75 20.22 20.64 20.52 20.80 20.40 21.05 20.82 20.09 20.27 20.12 19.43 19.43 19.27 19.49 19.22 20.32 19.81 19.84 20.22 20.44 20.67 20.17 20.16 20.42 20.58 20.71 20.78 20.75 20.28 20.46 20.81 20.36 20.25 20.39 20.64 20.68 20.57 20.94 20.71 21.15 21.67 21.84 21.69 21.71 21.83 21.65 21.56 21.73 22.03 22.02 22.03 22.28 22.16 22.15 22.14 22.20 22.25 22.26 22.25 21.98 22.13 22.57 22.57 22.46
19.92 20.13 20.38 20.01 20.47 20.41 20.24 19.86 20.15 19.55 19.26 19.71 19.88 20.27 20.40 20.66 20.84 20.79 20.74 20.19 20.89 21.12 21.38 21.08 20.92 20.75 20.85 20.62 21.19 20.69 20.00 20.21 20.12 20.50 20.67 20.65 20.59 20.66 21.19 21.19 21.17 20.58 20.27 20.48 20.64 20.62 20.78 20.96 20.91 21.07 21.49 20.95 21.31 21.84 21.82 21.86 21.99 21.98 21.84 22.10 22.17 22.28 22.15 22.41 22.38 22.21 22.15 22.16 22.40 22.49 22.47 22.22 22.10 22.05 21.67 21.97 22.51
20.07 20.31 20.37 20.37 20.49 20.57 20.45 20.25 20.06 19.50 19.46 19.78 20.40 20.53 21.04 20.92 20.64 20.99 20.66 20.63 21.22 21.78 21.95 21.94 21.85 21.61 21.23 21.39 21.51 21.18 20.51 20.23 19.87 20.21 20.80 20.97 20.50 20.71 20.95 21.42 20.84 20.87 20.51 20.63 20.58 20.64 21.02 21.41 21.27 21.59 21.55 21.40 20.96 21.35 21.62 21.78 21.85 22.01 22.07 22.28 22.39 22.36 22.18 22.24 22.31 22.34 22.26 22.47 22.53 22.51 22.54 22.33 22.28 22.32 22.02 22.26 22.27
19.74 20.61 20.59 20.75 20.41 20.33 20.05 20.59 20.60 20.48 20.45 20.88 20.98 20.61 21.37 20.96 20.89 21.61 21.45 21.43 21.79 21.82 22.15 22.15 21.87 21.75 21.75 21.46 21.56 21.53 20.83 20.24 20.51 20.35 20.30 20.44 20.65 21.05 21.04 21.07 21.00 20.62 20.52 20.82 20.73 20.68 20.95 21.30 21.51 21.84 21.49 21.00 21.08 21.63 21.75 21.85 21.85 22.10 22.23 22.18 22.34 22.20 22.26 22.34 22.40 22.48 22.45 22.54 22.47 22.51 22.49 22.56 22.50 22.55 22.55 22.57 22.48
20.28 20.47 20.62 20.45 20.33 20.75 20.91 20.87 20.81 20.96 21.34 20.98 20.87 20.72 21.03 20.94 21.49 21.85 21.53 21.78 21.97 21.91 21.86 21.92 21.98 21.80 21.66 21.46 21.54 21.18 20.96 20.91 20.97 20.58 20.43 20.58 20.77 21.34 21.83 21.08 20.97 20.79 20.08 20.08 20.68 20.73 21.32 21.25 21.40 21.45 21.33 21.16 21.12 21.29 21.36 21.77 21.96 22.09 21.99 22.20 22.33 22.22 22.36 22.45 22.30 22.43 22.47 22.46 22.42 22.49 22.33 22.50 22.52 22.57 22.57 22.54 22.29
20.04 20.18 20.16 20.06 20.20 20.27 20.64 20.64 21.11 21.29 21.63 21.32 21.17 21.41 21.45 21.04 21.36 21.43 21.50 21.73 21.85 21.91 21.84 21.68 22.01 22.00 21.80 21.29 21.27 21.09 21.25 21.00 20.87 21.00 20.85 21.19 21.33 21.42 21.59 21.51 21.78 21.93 21.73 21.23 20.80 21.00 21.37 21.46 21.75 21.91 21.70 21.53 21.58 21.72 21.77 21.98 22.12 22.12 22.04 22.36 22.41 22.33 22.35 22.29 22.48 22.43 22.42 22.42 22.52 22.52 22.33 22.53 22.56 22.56 22.55 22.51 22.56
20.11 20.58 20.38 20.05 20.38 20.36 20.47 20.38 20.30 20.62 20.76 21.00 21.04 21.21 21.71 21.34 21.40 21.66 21.73 21.84 21.77 21.75 21.72 21.65 21.84 21.93 21.76 21.27 21.47 21.45 21.67 21.26 20.91 20.97 21.27 21.39 21.32 21.41 21.83 21.90 21.79 22.01 21.78 21.98 21.51 21.28 21.71 21.93 22.24 22.18 22.20 22.08 21.93 22.06 22.23 22.25 22.43 22.38 22.27 22.42 22.35 22.28 22.41 22.46 22.43 22.41 22.42 22.47 22.52 22.43 22.34 22.51 22.53 22.53 22.53 22.49 22.56
20.16 20.42 20.83 20.47 20.49 20.53 20.72 20.85 21.02 21.03 21.19 21.18 21.09 21.21 21.25 21.42 21.52 21.71 22.00 22.12 21.84 21.88 21.78 21.40 21.96 21.99 21.73 21.23 21.60 21.58 21.59 20.97 21.25 21.07 21.12 21.30 21.41 21.74 21.80 22.03 22.10 21.87 21.79 21.72 21.66 21.66 21.96 21.82 21.94 22.12 22.28 22.32 21.99 21.97 22.18 22.33 22.32 22.34 22.13 22.43 22.35 22.32 22.46 22.43 22.47 22.47 22.34 22.44 22.52 22.49 22.46 22.49 22.48 22.47 22.45 22.52 22.53
20.30 20.34 20.80 21.02 20.72 20.73 20.74 20.81 20.71 20.77 21.20 21.30 21.64 21.49 21.37 21.53 21.47 21.88 22.00 22.22 22.11 21.97 21.97 21.87 22.06 21.93 21.82 21.41 21.68 21.41 21.33 20.99 20.91 20.78 21.01 21.01 21.05 21.50 21.81 21.98 21.95 22.06 21.98 21.82 22.03 22.22 22.22 22.20 21.82 22.00 22.16 22.14 22.19 22.02 22.04 22.40 22.26 22.13 22.25 22.36 22.42 22.35 22.42 22.44 22.44 22.37 22.37 22.41 22.52 22.52 22.45 22.42 22.46 22.49 22.52 22.50 22.50
20.88 20.81 20.94 21.06 20.78 20.94 21.31 21.32 21.33 21.34 21.16 21.22 21.38 21.50 21.72 21.80 21.83 21.97 22.10 22.37 22.22 22.11 21.84 21.74 21.95 22.06 22.00 21.68 21.50 21.67 21.54 21.59 21.33 21.13 20.97 21.24 20.83 20.84 21.27 22.03 22.11 21.99 21.80 22.12 22.10 22.20 22.32 22.21 22.10 22.04 22.17 22.22 22.31 22.30 22.11 22.34 22.16 21.99 22.26 22.45 22.43 22.36 22.25 22.24 22.22 22.41 22.46 22.48 22.49 22.50 22.48 22.50 22.49 22.50 22.43 22.39 22.47
20.76 20.37 20.15 20.95 21.20 21.42 21.38 21.27 21.15 21.22 21.68 21.74 21.68 21.82 21.94 21.83 21.66 21.78 22.16 22.33 22.22 22.11 22.07 21.82 21.78 22.01 22.16 22.10 21.87 21.75 21.63 21.72 21.94 21.74 21.63 21.39 21.60 21.73 21.52 21.79 21.67 21.83 21.71 21.93 21.93 21.95 22.07 22.11 22.30 22.21 22.23 22.16 22.22 22.32 22.24 22.21 22.02 22.34 22.38 22.42 22.41 22.41 22.36 22.27 22.39 22.45 22.45 22.42 22.46 22.48 22.48 22.49 22.45 22.43 22.46 22.44 22.46
21.06 21.02 20.96 21.03 21.24 21.15 21.28 21.59 21.44 21.26 21.41 21.66 21.57 21.83 21.62 21.44 21.31 21.76 22.25 22.27 22.12 22.20 22.19 21.91 21.74 22.06 22.06 22.19 22.01 21.92 22.10 22.11 22.00 21.88 21.95 21.91 22.06 22.05 21.94 21.93 21.75 21.91 22.04 22.07 22.15 22.05 22.11 22.19 22.15 22.21 22.04 22.31 22.24 22.36 22.27 22.18 22.11 22.09 22.36 22.36 22.34 22.40 22.38 22.40 22.38 22.40 22.42 22.44 22.44 22.44 22.46 22.46 22.41 22.31 22.41 22.37 22.46
20.44 21.06 21.45 21.60 21.47 21.48 21.57 21.52 21.69 21.50 21.58 21.56 21.34 21.60 21.69 21.80 21.75 21.99 22.11 22.19 22.03 22.21 22.34 22.10 22.00 22.17 22.10 21.73 21.85 21.97 22.12 22.10 22.09 22.04 22.09 22.33 22.29 22.26 21.99 22.16 22.08 21.95 22.08 21.93 22.02 22.18 22.30 22.17 22.32 22.35 22.36 22.30 22.28 22.30 22.11 22.13 22.32 22.00 22.26 22.29 22.13 22.35 22.35 22.38 22.41 22.42 22.40 22.42 22.41 22.44 22.43 22.44 22.44 22.41 22.36 22.37 22.39
20.09 20.68 20.80 21.53 21.37 21.58 21.80 21.70 21.87 21.97 21.96 21.62 21.60 21.78 21.92 21.98 21.96 22.16 22.22 22.18 21.93 22.06 22.18 22.07 22.01 22.12 22.11 22.05 21.85 21.84 22.19 21.84 21.71 21.91 22.22 22.15 22.26 22.21 22.08 22.01 22.05 21.98 22.10 22.03 22.19 22.29 22.31 22.29 22.33 22.25 22.26 22.26 22.31 22.17 22.09 22.18 22.35 22.07 21.94 22.13 22.04 22.35 22.36 22.39 22.44 22.41 22.41 22.40 22.40 22.40 22.40 22.41 22.42 22.39 22.44 22.42 22.35
21.06 20.99 20.91 20.81 20.85 21.35 21.82 22.10 21.96 22.22 22.16 22.18 21.99 22.06 21.97 21.86 21.98 22.13 22.26 22.16 22.19 22.09 22.09 22.06 21.94 21.97 21.96 21.94 22.09 22.11 21.92 21.48 21.31 21.37 21.69 22.07 22.15 21.96 22.10 22.12 22.18 22.12 22.27 22.17 22.23 22.21 22.24 22.21 22.24 22.17 22.25 22.30 22.29 22.22 22.19 22.30 22.21 22.25 22.28 22.24 22.18 22.36 22.36 22.32 22.37 22.36 22.36 22.36 22.39 22.39 22.38 22.38 22.39 22.40 22.40 22.39 22.32
21.12 21.44 21.28 21.19 21.21 21.30 21.80 21.70 21.85 22.07 22.16 22.27 22.18 22.13 22.09 22.05 22.15 22.06 22.04 22.27 22.19 21.88 21.81 21.88 21.61 21.64 21.81 22.09 22.09 22.15 22.00 21.81 21.77 21.73 21.91 21.98 22.00 21.99 22.06 21.98 22.18 22.30 22.21 22.14 22.20 22.14 21.96 22.11 22.19 22.13 22.24 22.26 22.28 22.22 22.24 22.30 22.24 22.16 22.30 22.36 22.25 22.28 22.33 22.31 22.31 22.34 22.32 22.33 22.35 22.37 22.37 22.37 22.37 22.37 22.38 22.31 22.28
