main/data/irradiance/21.10.2023.grid
ncols 839
nrows 679
xllcenter 112.0500
yllcenter -43.9500
cellsize 0.0500
nodata_value 99999.90
[rows 170 to 203 of 679, columns 616 to 692 of 839]
25.85 26.86 27.06 26.71 25.64 27.31 26.85 27.16 27.24 27.08 26.93 26.80 26.39 25.14 24.70 25.52 24.31 21.91 21.61 23.17 25.18 25.46 25.89 25.66 25.45 26.39 26.08 25.85 26.60 26.84 26.59 26.05 26.77 26.47 25.82 25.45 26.56 26.07 25.83 26.21 25.59 25.83 26.47 26.65 26.75 27.20 27.21 27.20 27.14 27.05 27.18 27.27 27.33 27.39 27.36 27.20 26.99 26.71 26.14 25.80 26.04 25.99 26.17 26.74 27.06 26.60 26.52 26.48 26.65 26.68 26.68 26.68 26.68 26.68 26.68 26.68 26.68
25.41 26.85 27.15 26.46 26.21 27.15 27.03 27.05 27.20 27.18 27.02 26.61 26.55 25.45 25.11 25.83 23.86 22.36 22.63 24.99 24.36 24.40 24.68 25.06 24.48 25.70 26.37 25.59 26.33 26.52 26.75 26.27 26.70 26.75 26.20 26.12 26.19 26.14 26.18 25.51 25.29 24.80 26.51 26.09 25.94 26.53 27.09 27.13 27.13 27.17 27.31 27.32 27.34 27.40 27.35 27.29 27.24 27.08 26.56 26.25 26.00 26.09 26.09 26.61 26.84 26.47 26.23 26.52 26.51 26.45 26.45 26.45 26.45 26.45 26.45 26.45 26.45
24.70 25.51 27.08 26.72 26.31 26.86 26.75 26.97 27.18 27.24 27.02 26.36 26.52 25.65 24.83 25.76 24.83 24.63 24.31 24.18 24.16 25.95 25.84 25.36 25.59 26.25 25.78 25.01 25.60 26.55 26.36 26.02 26.34 26.25 25.96 26.39 26.52 26.31 25.51 25.95 25.91 26.06 24.77 25.55 25.96 26.68 26.91 27.16 26.94 27.27 27.22 27.20 27.24 27.39 27.38 27.39 27.38 27.23 26.69 25.92 25.39 24.95 25.65 26.33 26.77 26.98 26.87 26.70 26.58 26.79 26.79 26.79 26.79 26.79 26.79 26.79 26.79
24.74 24.90 26.48 26.51 27.03 26.94 26.73 26.49 26.39 27.11 26.98 26.48 26.59 26.57 24.64 24.74 23.94 23.61 23.02 23.00 24.06 25.27 25.39 25.49 25.62 26.54 25.40 25.89 25.95 26.56 26.23 25.94 26.39 26.12 26.50 26.43 26.72 26.25 26.69 25.82 26.23 26.15 25.95 26.23 26.69 26.98 27.12 27.22 27.04 27.18 27.22 27.19 27.21 27.16 27.20 27.32 27.46 27.40 27.24 26.48 25.83 25.34 25.99 26.52 26.51 26.85 26.33 26.92 26.61 26.79 26.79 26.79 26.79 26.79 26.79 26.79 26.79
25.46 24.87 26.60 26.19 27.18 27.12 27.02 26.31 26.40 26.79 27.05 26.76 26.30 26.69 25.70 24.57 23.83 24.61 22.37 23.05 23.78 24.06 24.08 24.79 24.81 25.67 25.40 25.61 26.70 26.74 26.21 26.21 26.27 26.13 26.53 26.39 26.84 26.49 26.42 26.51 26.69 26.13 25.83 25.83 26.45 26.90 26.98 27.06 27.01 26.99 27.12 27.14 27.10 27.15 27.16 27.57 27.21 27.26 27.34 27.17 26.49 26.51 26.80 26.57 26.49 26.68 26.80 26.70 26.69 26.69 26.69 26.79 26.79 26.79 26.79 26.79 26.79
24.30 24.85 27.07 25.05 26.23 27.04 26.91 26.54 26.21 25.35 26.50 26.80 25.78 26.08 26.21 24.64 24.01 24.49 23.51 23.38 23.73 23.53 23.37 24.42 25.24 25.07 25.74 25.36 26.22 26.49 26.65 26.75 26.22 26.33 26.60 26.32 26.66 26.17 26.36 26.51 26.62 26.41 26.33 25.79 26.32 26.61 26.66 26.68 26.36 26.83 27.06 26.97 27.06 27.05 27.14 27.26 27.14 27.13 27.20 27.08 26.58 26.44 26.82 26.81 26.77 26.85 26.54 26.49 26.61 26.61 26.61 26.61 26.61 26.79 27.45 27.45 27.42
24.57 23.46 26.31 25.97 26.24 26.37 26.56 26.83 26.88 26.25 25.43 24.74 24.34 24.47 25.04 24.21 22.63 23.75 23.39 23.35 24.40 24.53 23.78 23.13 24.79 25.87 25.56 25.14 25.67 26.20 26.50 26.64 26.42 26.08 25.66 26.00 25.74 26.57 26.48 25.70 25.92 25.62 25.67 24.47 26.06 26.57 26.84 26.33 26.28 26.92 26.60 26.78 26.85 27.10 27.18 27.15 27.10 27.01 27.13 27.29 27.30 27.27 27.15 27.27 27.32 27.44 27.19 27.27 26.61 26.61 26.61 27.30 27.30 27.45 27.45 27.42 27.42
26.38 24.97 26.81 26.75 26.36 26.50 26.00 26.96 26.74 26.98 26.28 25.70 24.97 24.45 24.51 25.00 24.34 22.81 21.71 22.48 23.26 23.81 23.44 23.57 23.66 25.56 24.83 25.44 25.65 25.57 25.85 26.07 26.09 26.27 26.62 26.63 26.50 26.75 26.30 25.77 25.90 26.34 26.61 25.68 25.91 26.43 26.49 26.37 26.21 26.39 26.71 26.77 26.62 27.05 27.10 27.13 27.07 27.08 27.13 27.20 27.34 27.36 27.43 27.32 27.27 26.84 27.17 27.34 26.63 26.63 27.30 27.30 27.45 27.45 27.42 27.42 27.44
26.16 25.29 26.31 25.62 25.81 26.71 25.80 26.61 26.37 26.89 26.68 25.58 25.36 24.82 24.97 25.23 24.02 23.58 23.72 24.23 24.62 23.58 23.12 23.42 24.52 23.72 23.00 24.17 25.33 26.36 26.34 25.99 25.83 26.15 26.07 26.96 26.25 26.46 26.43 25.43 25.76 26.11 26.13 25.82 25.06 25.14 25.61 25.48 26.50 26.73 26.43 26.89 26.96 27.07 27.02 27.08 27.09 27.07 27.04 27.14 27.30 27.44 27.49 27.41 27.38 27.39 27.28 27.20 27.17 27.30 27.30 27.45 27.45 27.42 27.42 27.44 27.44
26.66 25.23 26.38 26.63 26.49 26.22 25.70 26.83 25.99 26.91 26.75 26.06 25.16 23.77 24.78 24.93 25.21 24.97 25.06 24.31 24.05 23.52 22.72 23.30 24.84 24.15 24.82 25.30 25.92 26.05 25.59 25.44 26.10 26.08 26.56 26.61 26.00 26.24 26.27 26.44 26.35 26.18 26.29 25.00 25.41 24.61 25.91 26.24 26.59 26.75 26.75 26.86 26.91 27.02 26.96 26.82 27.01 26.88 27.13 27.00 27.31 27.34 27.43 27.41 27.45 27.52 27.52 27.56 27.48 27.48 27.45 27.45 27.42 27.42 27.44 27.44 27.45
26.56 24.99 25.16 26.24 25.09 25.90 25.48 26.34 25.87 26.57 26.79 26.75 25.93 24.17 23.28 24.27 23.13 23.33 24.50 23.19 22.57 22.04 22.17 21.86 24.05 24.68 25.62 25.29 25.70 26.17 26.11 26.38 25.70 26.02 25.97 26.07 26.60 25.97 26.00 26.45 26.32 26.04 26.65 26.13 25.58 26.12 26.51 25.54 26.30 26.88 25.93 26.83 26.39 26.82 26.90 26.82 26.91 25.51 26.10 26.30 27.15 27.19 27.29 27.38 27.41 27.51 27.52 27.51 27.45 27.49 27.39 27.42 27.42 27.44 27.44 27.36 27.45
25.24 25.30 26.29 25.82 25.47 26.27 26.15 26.49 25.39 25.98 26.79 26.97 25.31 24.76 24.13 24.47 24.03 23.26 23.94 23.74 24.02 22.59 23.29 21.33 22.23 25.70 25.89 25.18 25.94 25.53 25.73 26.01 26.24 25.85 25.49 26.19 26.02 26.07 26.74 26.20 26.96 26.16 26.43 26.67 26.03 26.58 26.31 26.69 25.77 26.32 25.83 26.28 26.80 26.59 26.65 26.36 26.22 25.00 26.27 26.85 27.10 27.20 27.26 27.29 27.30 27.37 27.42 27.33 27.46 27.51 27.59 27.46 27.44 27.44 27.36 27.45 27.45
25.81 25.43 26.06 26.48 26.41 26.57 26.91 26.12 26.41 24.94 25.05 25.84 25.24 24.43 25.62 24.08 24.28 24.15 23.52 23.36 23.91 23.91 23.45 21.07 22.50 23.74 25.51 25.53 24.72 25.25 25.76 26.12 24.44 25.82 26.26 25.53 26.56 26.61 26.78 26.56 26.60 25.51 26.35 26.66 26.28 26.92 26.97 26.45 26.48 26.24 26.25 25.99 26.59 26.76 26.10 26.11 26.30 25.66 26.25 26.95 27.09 27.13 27.30 27.26 27.28 27.30 27.44 27.48 27.34 27.46 27.55 27.44 27.35 27.36 27.36 27.45 27.45
25.93 25.90 25.39 26.53 25.14 25.33 26.67 25.45 26.54 24.88 24.83 24.93 24.62 25.29 25.98 24.99 25.49 24.03 22.53 22.69 23.06 23.83 22.37 22.46 23.00 24.02 23.98 24.02 24.09 24.57 25.71 25.23 25.20 25.50 25.67 25.67 26.20 26.82 26.14 26.29 26.30 24.94 26.75 26.42 26.05 26.92 26.99 26.64 24.99 26.90 26.22 26.74 26.74 26.26 26.09 26.76 25.50 26.41 26.74 26.83 27.39 27.65 27.38 27.36 27.32 27.48 27.52 27.62 27.54 27.34 27.50 27.48 27.42 27.33 27.35 27.45 27.45
25.39 25.94 25.39 26.68 26.02 25.42 26.01 25.53 26.10 26.48 25.68 25.24 25.73 25.27 24.40 24.16 23.04 23.10 21.74 23.42 24.09 24.77 23.79 23.08 22.37 23.92 23.47 23.15 23.96 24.30 24.22 24.75 24.48 24.92 25.72 25.99 26.59 26.47 26.09 25.54 26.09 25.91 26.27 26.22 26.01 26.38 26.85 26.72 26.23 25.92 26.51 26.00 25.73 26.30 26.82 26.84 26.27 27.04 26.79 26.90 27.29 27.41 27.31 27.42 27.49 27.55 27.21 27.12 27.57 27.33 27.41 27.44 27.18 27.05 27.05 27.18 27.23
25.44 25.24 23.64 25.28 25.72 25.69 26.49 25.26 26.19 26.72 24.34 23.75 25.44 24.47 23.35 23.41 22.32 22.98 22.69 23.23 21.97 24.67 25.40 24.10 23.30 24.33 24.21 23.86 23.75 23.18 24.33 24.40 24.39 25.12 25.61 26.06 26.77 26.10 25.79 25.75 26.54 26.52 25.99 26.17 26.48 26.70 26.72 26.46 26.11 26.33 26.10 25.88 26.31 26.81 26.83 26.55 26.87 26.64 26.69 26.99 26.96 26.86 26.93 26.96 26.98 27.12 27.01 27.12 27.27 27.36 27.36 27.39 27.08 27.09 27.30 27.27 27.28
25.18 25.71 25.25 25.55 26.04 25.66 26.08 25.49 25.11 25.73 24.90 24.02 24.85 22.87 24.08 23.88 24.05 24.30 24.02 23.25 21.88 22.34 22.94 22.94 21.89 23.47 22.35 23.26 24.26 24.66 24.39 24.91 25.34 26.16 26.42 26.71 26.43 26.50 26.24 26.48 26.96 26.53 26.47 26.34 26.16 26.84 26.45 26.34 26.06 25.76 26.25 26.19 26.81 26.96 26.83 26.57 26.46 26.25 26.86 26.92 27.01 26.93 26.96 26.90 26.98 27.09 27.23 27.35 27.37 27.36 27.35 27.36 27.37 27.32 27.30 27.26 27.30
25.45 24.92 24.62 24.13 24.94 26.08 25.70 26.68 24.48 24.66 24.34 24.79 23.76 24.13 23.46 24.95 24.78 24.54 24.75 23.65 22.74 21.32 21.16 21.95 22.05 21.26 22.02 23.06 23.78 25.28 25.39 25.21 25.21 25.86 26.65 26.50 25.90 26.47 26.26 26.48 26.08 26.66 26.90 26.45 26.75 26.54 26.23 25.65 26.80 26.07 26.59 26.47 26.83 26.73 26.34 26.59 25.80 26.54 26.79 27.03 26.80 26.96 26.91 26.95 27.06 27.15 27.29 27.34 27.35 27.30 27.20 27.35 27.43 27.44 27.46 27.33 27.22
25.41 24.88 23.88 22.56 24.56 25.75 25.94 26.90 25.98 24.08 24.26 23.98 22.62 23.25 23.53 23.34 22.56 23.78 25.03 24.64 22.82 21.74 20.21 19.63 21.19 20.92 21.68 22.53 24.28 25.33 24.87 25.46 25.70 26.50 25.55 25.89 25.99 26.38 26.47 26.61 26.21 26.41 26.35 26.61 26.83 26.87 26.21 26.69 26.29 26.32 26.61 26.21 26.41 26.42 26.42 27.06 26.44 26.70 26.80 26.81 26.74 26.73 27.01 27.05 27.01 27.05 27.18 27.34 27.30 27.20 27.15 27.22 27.31 27.39 27.43 27.28 27.18
25.32 24.95 24.01 23.62 25.03 25.34 25.26 25.35 25.20 24.22 25.27 23.57 23.10 23.76 24.20 22.06 19.89 22.14 21.10 21.54 22.46 22.21 22.50 21.63 21.48 21.33 21.36 24.05 25.18 24.64 24.93 25.44 25.29 25.21 25.76 25.96 26.88 26.58 26.64 25.88 25.91 26.12 26.71 26.62 26.93 26.63 26.67 26.76 26.49 26.92 26.99 26.81 25.84 26.33 26.49 26.68 26.94 26.36 26.73 26.97 26.91 26.75 27.00 26.94 27.26 27.22 27.22 27.28 27.34 27.34 27.21 27.22 27.48 27.30 27.23 27.09 27.16
25.86 24.71 23.11 24.18 24.16 25.15 23.95 22.94 24.41 23.51 23.73 23.28 23.66 24.46 24.01 23.63 22.43 21.96 19.61 18.98 20.47 21.38 19.25 17.97 19.51 20.51 22.57 25.01 24.17 23.80 24.77 25.45 25.17 24.91 25.68 26.38 26.45 26.33 25.82 25.99 25.35 25.85 25.70 26.57 26.84 26.61 26.26 26.41 26.60 26.75 26.79 26.54 26.13 26.46 26.49 26.93 26.75 26.54 26.87 26.62 27.03 26.59 26.93 26.98 27.09 27.19 27.27 27.17 27.50 27.28 27.16 27.23 27.56 27.52 27.32 27.33 27.37
26.37 23.30 22.68 22.73 23.72 24.90 25.42 23.88 24.25 25.34 23.33 21.65 22.33 23.65 22.62 19.97 20.67 21.26 20.39 19.58 20.61 20.60 17.67 19.21 20.54 21.78 22.60 24.24 23.96 23.79 25.69 25.33 24.60 25.02 25.29 25.84 25.42 25.68 25.86 26.67 25.78 26.49 25.71 26.38 26.80 26.09 26.40 26.09 26.39 26.80 26.20 26.30 26.62 26.83 26.80 26.84 26.68 26.72 26.81 26.96 26.79 26.84 26.94 27.08 26.99 27.17 27.39 27.28 27.31 27.40 27.50 27.38 27.30 27.56 27.31 27.35 27.33
25.40 23.98 23.66 22.08 23.39 24.35 24.63 25.02 25.76 24.44 24.00 22.27 22.39 23.97 22.72 20.86 19.24 20.38 20.74 20.59 21.86 18.58 18.29 21.43 21.87 21.99 23.26 24.06 23.60 24.28 25.15 24.61 25.77 25.61 24.63 25.67 25.54 25.54 26.35 25.88 25.68 26.08 26.73 26.85 26.26 26.50 26.12 26.50 26.80 26.30 26.27 26.28 26.71 26.29 26.94 26.68 26.97 26.88 26.95 26.95 26.94 27.13 27.00 27.13 27.01 27.04 26.95 26.60 26.72 26.75 27.25 27.27 27.44 27.46 27.22 27.30 27.34
23.69 24.76 24.65 23.19 22.27 21.52 22.78 25.16 24.66 23.59 24.59 24.33 23.13 22.15 22.84 21.45 20.64 20.89 19.05 18.91 19.59 19.91 21.10 20.99 20.23 21.62 22.39 22.39 25.17 24.56 23.17 24.49 25.18 24.65 24.10 24.95 24.18 25.68 26.02 25.15 25.50 24.77 25.87 25.53 26.31 26.59 26.20 26.52 26.25 26.24 26.25 26.71 26.96 26.45 26.79 26.83 26.98 26.98 27.09 27.11 27.11 26.99 27.01 27.14 26.71 26.97 26.80 26.87 26.81 27.02 27.16 27.19 26.92 26.86 27.00 27.04 27.13
24.41 24.04 24.43 22.72 23.17 23.58 22.60 22.69 21.75 23.49 24.49 24.73 22.47 21.62 21.53 21.13 21.05 21.24 19.99 18.78 20.49 21.39 21.13 21.38 21.84 21.50 23.93 22.70 22.96 22.82 22.70 24.16 24.88 25.20 25.49 24.41 24.93 25.48 24.88 25.44 25.81 24.95 25.57 25.65 25.65 25.50 25.43 25.42 25.40 26.59 27.01 26.86 26.04 27.02 27.12 26.48 26.92 27.10 27.02 27.12 27.13 27.01 27.03 26.99 27.12 26.78 27.05 27.09 27.11 26.92 26.93 26.82 26.93 27.01 26.72 26.78 26.75
24.76 24.67 22.78 23.14 22.93 23.78 24.38 23.60 23.28 23.36 25.55 24.71 24.80 24.22 23.39 22.82 21.26 19.55 20.05 18.75 19.55 19.27 18.86 19.29 21.84 21.89 20.76 20.62 22.80 23.55 22.07 23.18 24.85 24.83 25.43 25.02 24.95 24.80 24.84 25.18 25.36 26.84 25.92 25.18 25.59 24.81 25.30 25.23 25.72 26.56 26.81 26.55 26.47 26.65 27.10 27.00 27.05 27.01 26.98 27.07 27.00 26.99 27.04 27.01 27.08 27.06 27.16 27.18 27.09 27.11 27.11 27.17 27.09 27.04 26.97 26.99 27.02
22.90 22.77 22.37 25.08 23.28 23.24 22.61 23.08 23.75 22.59 23.38 24.01 25.48 24.02 22.44 22.57 21.59 21.02 21.72 20.77 20.36 19.75 20.56 20.25 20.84 20.77 21.19 22.37 21.96 24.68 23.20 23.68 24.31 24.77 25.33 25.91 26.19 25.92 24.07 25.23 25.96 26.58 26.18 25.82 25.17 25.10 26.22 26.67 26.63 26.00 26.14 26.23 26.15 26.83 26.92 26.88 26.84 27.24 27.11 27.27 27.14 27.14 27.10 27.12 27.16 27.15 27.13 27.02 27.03 27.08 27.01 27.10 27.04 27.04 27.12 27.16 27.13
25.61 24.30 23.89 23.43 24.41 24.94 23.30 23.83 23.17 23.05 21.87 24.05 23.97 24.33 22.82 23.27 22.64 22.02 19.32 18.89 17.53 20.11 20.92 22.36 19.08 19.38 22.72 23.79 23.95 24.45 23.05 23.81 21.90 23.28 24.80 25.32 24.06 24.64 25.98 26.11 25.07 25.26 25.89 25.89 25.52 26.37 26.86 26.46 26.08 26.03 25.56 26.08 26.11 26.83 26.71 26.86 26.55 27.15 27.18 26.99 27.03 27.03 27.15 27.06 27.15 27.04 27.14 27.07 27.10 27.00 27.04 27.04 27.01 27.13 27.18 27.16 27.17
25.54 24.62 24.84 24.66 25.13 25.23 25.65 24.31 21.76 21.07 21.91 23.62 24.20 24.75 24.38 22.58 23.64 22.03 22.69 20.89 20.25 20.33 21.81 22.25 21.53 22.20 22.31 22.59 24.34 24.57 22.17 22.82 22.46 22.47 23.47 23.67 25.07 25.45 25.18 25.65 25.26 25.19 25.89 25.61 25.78 26.40 26.29 25.48 26.64 26.66 26.08 26.63 26.63 26.39 27.13 26.42 26.69 27.01 26.94 26.82 27.14 27.08 27.02 27.19 27.28 27.12 27.17 27.05 27.04 27.10 27.05 27.11 27.07 27.13 27.12 26.98 27.02
23.81 22.72 23.56 22.15 24.45 26.24 25.82 24.06 22.14 21.51 23.65 22.74 24.13 24.62 24.82 24.01 24.92 23.10 22.85 23.68 22.46 20.78 23.40 21.28 22.60 20.90 22.86 24.22 25.06 24.19 24.50 21.73 24.17 25.39 23.44 24.05 24.83 25.04 25.06 25.37 24.61 25.16 24.53 24.41 25.45 25.84 24.82 25.15 25.18 26.33 26.77 26.13 26.08 26.54 26.42 26.62 26.83 27.05 26.93 26.85 27.04 26.62 26.99 27.19 27.16 27.09 27.09 27.02 27.09 27.02 27.05 27.03 27.07 27.15 27.11 27.05 26.91
25.02 23.46 23.93 23.33 24.85 25.43 24.42 23.91 23.27 21.02 22.31 21.54 22.29 22.72 24.36 25.48 24.91 24.89 24.04 25.19 23.93 24.15 23.62 21.93 21.67 21.20 23.29 23.41 24.53 22.40 23.72 23.45 24.24 24.87 24.45 24.12 25.26 24.30 23.75 25.31 24.97 24.80 24.60 24.02 25.89 25.26 25.08 25.20 26.04 26.25 26.11 26.10 26.27 26.84 26.56 26.88 26.67 26.89 26.45 26.75 27.08 26.75 26.87 27.15 27.17 27.07 27.01 27.11 27.09 27.00 27.00 27.04 26.94 27.10 27.08 26.97 26.93
24.74 23.78 23.67 24.33 25.34 24.81 23.68 23.30 22.36 21.62 22.26 23.82 23.38 24.70 23.84 23.62 25.13 22.97 22.36 24.55 24.24 24.59 24.03 24.60 22.59 22.26 21.36 22.73 23.14 21.74 22.88 22.89 24.96 24.59 24.83 23.19 23.82 24.52 25.36 24.82 24.91 25.22 23.85 24.80 26.04 25.44 25.64 25.63 25.17 25.37 26.10 26.46 26.28 26.22 26.48 26.39 26.78 26.79 26.27 26.59 26.91 26.98 26.90 27.18 27.19 27.04 27.03 27.13 27.13 27.08 26.97 27.00 26.98 26.76 26.94 26.77 26.81
24.17 22.96 23.55 23.94 25.27 25.11 23.70 23.42 21.89 21.18 22.36 23.03 21.43 24.26 24.51 25.17 25.42 24.26 23.93 23.26 23.67 23.54 24.90 25.27 25.00 24.01 24.06 23.25 23.50 23.45 23.53 23.17 24.87 23.73 23.89 24.58 25.51 25.21 24.89 24.20 23.78 24.99 24.14 25.27 25.77 25.51 25.51 25.33 25.14 26.22 24.67 26.42 26.93 26.62 26.46 26.71 26.62 26.89 26.34 26.69 26.57 26.89 27.02 27.08 26.56 26.92 26.98 26.99 26.75 26.80 27.07 26.99 26.70 26.62 26.62 26.51 26.57
25.75 25.68 24.74 25.62 25.76 24.96 25.48 24.71 22.02 21.62 21.25 22.25 21.39 22.19 23.76 24.60 24.27 25.04 24.31 25.86 24.91 25.02 24.58 24.46 24.24 24.37 24.86 24.17 24.19 23.75 22.81 22.21 23.63 24.88 24.49 24.78 24.45 24.63 24.84 24.32 23.22 24.96 25.79 25.30 24.13 25.70 25.45 25.16 25.40 26.35 26.20 26.35 27.00 26.85 26.86 26.68 26.71 26.89 26.95 26.99 26.50 26.89 26.66 26.79 26.64 26.86 26.87 26.87 26.83 27.03 27.06 26.75 26.74 26.66 26.82 26.80 26.90
