main/data/irradiance/21.10.2023.grid
ncols 839
nrows 679
xllcenter 112.0500
yllcenter -43.9500
cellsize 0.0500
nodata_value 99999.90
[rows 238 to 271 of 679, columns 308 to 384 of 839]
27.52 27.52 27.60 27.63 27.58 27.64 27.67 27.71 27.62 27.65 27.69 27.71 27.69 27.72 27.74 27.75 27.68 27.63 27.62 27.61 27.66 27.55 27.58 27.63 27.68 27.64 27.57 27.44 27.33 27.43 27.60 27.44 27.61 27.58 27.51 27.60 27.49 27.59 27.45 27.34 27.21 27.41 27.11 27.63 27.40 27.40 27.61 27.58 27.33 26.88 27.29 27.20 26.99 27.17 27.53 26.96 27.15 27.25 27.31 27.27 26.82 27.14 27.51 27.33 27.31 27.47 27.59 27.62 27.66 27.77 27.86 27.74 27.79 27.82 27.71 27.77 27.79
27.31 27.32 27.60 27.52 27.50 27.62 27.64 27.67 27.63 27.69 27.66 27.61 27.69 27.71 27.69 27.73 27.72 27.65 27.68 27.75 27.67 27.70 27.70 27.70 27.56 27.53 27.61 27.52 27.59 27.62 27.56 27.33 26.89 27.24 27.37 27.55 27.62 27.57 27.31 27.45 27.23 27.19 27.02 27.70 27.22 27.05 27.69 27.41 27.22 27.44 27.37 27.02 27.13 27.52 27.47 26.85 26.79 27.33 27.47 27.01 26.73 27.20 27.46 27.20 27.15 27.48 27.51 27.55 27.59 27.65 27.74 27.70 27.70 27.65 27.67 27.75 27.77
27.36 27.33 27.62 27.49 27.40 27.57 27.65 27.60 27.65 27.65 27.63 27.69 27.78 27.68 27.73 27.73 27.70 27.67 27.70 27.70 27.76 27.76 27.70 27.70 27.53 27.52 27.62 27.69 27.57 27.34 26.59 22.52 25.77 26.19 26.99 27.07 27.50 27.44 27.41 27.49 27.36 26.96 27.26 27.67 27.64 27.38 27.34 27.14 27.37 27.24 27.10 26.81 27.57 27.48 27.40 26.96 27.09 27.25 27.09 27.03 26.54 26.89 27.42 27.03 26.75 27.34 27.45 27.31 27.52 27.48 27.67 27.77 27.76 27.75 27.68 27.67 27.76
27.59 27.54 27.46 27.66 27.49 27.58 27.64 27.64 27.65 27.62 27.67 27.64 27.68 27.65 27.65 27.64 27.70 27.71 27.71 27.75 27.69 27.74 27.74 27.75 27.64 27.58 27.55 27.63 27.40 26.99 22.12 20.47 25.10 26.56 27.04 27.05 27.57 27.55 27.68 27.55 26.96 27.26 27.14 27.59 27.48 27.45 27.55 27.30 27.50 27.19 27.22 27.24 27.47 27.45 27.41 27.15 27.38 27.52 27.35 26.75 26.08 26.81 26.96 26.59 27.18 27.35 27.24 27.02 27.28 27.25 27.57 27.53 27.62 27.67 27.66 27.75 27.75
27.57 27.55 27.71 27.49 27.49 27.62 27.57 27.64 27.66 27.62 27.61 27.67 27.64 27.57 27.63 27.58 27.59 27.68 27.72 27.71 27.75 27.75 27.69 27.75 27.73 27.65 27.68 27.52 27.28 24.64 19.72 22.84 24.79 26.79 27.59 27.46 27.68 27.44 27.37 27.56 27.22 27.37 27.15 27.64 27.38 27.45 27.20 27.14 26.91 27.08 27.20 27.53 27.42 27.30 27.53 27.10 27.21 27.50 27.19 26.60 26.85 26.98 26.98 25.64 27.09 27.13 27.03 27.06 27.26 27.21 27.50 27.58 27.65 27.68 27.71 27.70 27.74
27.58 27.55 27.54 27.43 27.35 27.64 27.68 27.58 27.58 27.64 27.55 27.55 27.54 27.60 27.63 27.54 27.56 27.62 27.72 27.76 27.75 27.70 27.59 27.67 27.69 27.61 27.58 27.40 22.75 21.96 23.42 25.60 26.16 27.27 27.62 27.64 27.66 27.60 27.42 27.56 27.58 27.44 27.35 27.56 27.17 27.56 27.00 27.42 27.20 27.12 27.29 27.41 27.25 27.34 27.15 26.97 27.48 27.25 27.12 26.76 27.25 27.00 26.93 26.61 26.84 26.55 27.15 27.19 27.26 27.13 27.26 27.42 27.67 27.62 27.50 27.67 27.61
27.64 27.60 27.47 27.64 27.65 27.70 27.70 27.69 27.54 27.57 27.68 27.50 27.55 27.61 27.56 27.56 27.63 27.63 27.62 27.63 27.66 27.65 27.65 27.66 27.61 27.53 27.19 22.64 20.61 22.64 22.61 26.01 27.02 27.57 27.63 27.72 27.53 27.63 27.47 27.41 27.59 27.61 27.50 27.58 27.45 27.39 27.24 27.31 27.29 27.43 27.10 27.13 27.39 27.27 27.09 26.97 27.21 27.25 26.62 27.26 26.85 27.11 26.44 26.83 27.03 26.06 26.90 26.69 27.07 27.41 27.33 27.39 27.38 27.51 27.37 27.50 27.63
27.58 27.53 27.61 27.71 27.70 27.58 27.61 27.55 27.64 27.72 27.77 27.59 27.50 27.62 27.60 27.62 27.68 27.64 27.67 27.62 27.69 27.68 27.54 27.45 27.18 25.67 22.34 20.77 23.30 22.60 24.48 25.55 26.33 27.53 27.66 27.63 27.57 27.51 27.38 27.34 27.58 27.56 27.56 27.57 27.31 27.35 27.43 27.18 27.48 27.22 27.05 26.94 27.09 27.57 27.18 27.19 27.11 26.89 27.06 26.75 26.77 27.19 26.48 26.92 27.04 26.17 26.83 27.04 27.30 27.07 27.22 27.32 27.33 27.38 27.24 27.38 27.55
27.46 27.36 27.69 27.71 27.77 27.68 27.12 27.47 27.61 27.74 27.74 27.66 27.48 27.48 27.59 27.52 27.57 27.58 27.61 27.45 27.42 26.27 24.46 23.54 21.84 22.13 22.57 21.51 21.84 23.57 25.13 25.25 25.36 25.48 26.56 27.04 27.59 27.60 27.57 27.54 27.38 27.59 27.37 27.56 27.25 27.47 27.25 27.41 27.50 26.70 27.09 27.13 26.88 27.24 27.35 27.20 26.69 26.33 27.16 26.90 26.99 27.07 26.93 26.48 27.08 26.66 26.61 26.99 27.15 26.89 27.43 27.49 27.44 27.45 27.39 27.32 27.63
27.54 27.15 27.54 27.62 27.82 27.66 27.51 27.58 27.66 27.63 27.60 27.61 27.47 27.59 27.73 27.48 27.45 27.51 26.93 27.44 26.96 23.33 22.47 22.46 22.03 23.65 23.11 24.30 23.52 23.59 26.31 24.50 25.27 25.32 25.45 25.63 27.47 27.59 27.62 27.46 27.45 27.48 27.40 27.35 27.18 27.60 27.53 27.05 27.53 27.06 27.05 27.44 27.42 26.96 26.39 26.67 26.89 26.60 27.10 27.02 26.82 26.87 27.31 26.38 26.91 27.01 27.26 27.25 26.79 27.18 27.28 27.40 27.54 27.43 27.46 27.37 27.37
27.65 27.46 27.37 27.68 27.61 27.68 27.69 27.53 27.51 27.49 27.49 27.54 27.57 27.62 27.62 27.49 27.22 26.70 25.99 27.20 26.87 23.03 21.10 22.06 22.75 23.99 23.97 22.43 25.89 24.82 25.65 25.44 23.88 24.91 27.28 27.46 27.72 27.64 27.59 27.42 27.55 27.50 27.51 27.51 27.41 27.65 27.34 27.26 27.46 27.17 26.37 27.54 27.38 27.24 26.74 25.83 27.39 27.14 26.78 26.98 26.86 27.04 27.11 26.96 27.02 27.35 27.17 27.42 27.46 27.26 27.04 27.33 27.54 27.29 27.49 27.15 27.32
27.73 27.46 27.29 27.57 27.57 27.62 27.79 27.52 27.52 27.55 27.59 27.53 27.64 27.57 27.63 27.50 27.31 27.13 26.63 25.79 24.14 22.37 22.17 24.09 24.54 24.64 23.75 23.58 23.09 25.76 26.29 26.17 25.94 26.22 27.49 27.72 27.72 27.70 27.62 27.56 27.55 27.66 27.59 27.59 27.55 27.49 27.29 27.52 27.44 26.75 27.02 27.49 27.42 26.78 26.62 27.07 27.16 27.42 26.84 27.27 27.41 27.27 27.25 26.81 27.01 27.08 27.46 27.55 27.34 27.08 27.49 27.52 27.50 27.46 27.45 27.43 27.34
27.69 27.28 27.35 27.62 27.72 27.55 27.75 27.60 27.63 27.64 27.64 27.68 27.52 27.46 26.71 27.29 27.61 27.26 26.09 22.54 20.96 21.62 21.92 25.13 24.24 24.34 23.24 24.41 24.85 26.64 26.77 26.59 25.24 26.47 27.61 27.66 27.69 27.70 27.66 27.52 27.56 27.60 27.60 27.53 27.62 27.36 27.00 27.36 27.43 27.28 27.38 27.18 27.19 26.99 26.88 27.19 27.23 27.14 27.06 27.57 27.14 27.10 27.36 27.34 27.26 27.48 27.49 27.50 27.33 27.37 27.48 27.45 27.38 27.39 27.43 27.36 27.41
27.41 27.51 27.59 27.63 27.69 27.36 27.69 27.74 27.41 27.36 27.67 27.74 27.55 27.50 27.39 27.51 27.44 27.27 25.24 25.35 25.02 22.85 22.82 24.72 25.56 24.85 22.92 22.71 24.29 25.07 26.54 27.27 27.32 27.66 27.70 27.70 27.66 27.69 27.66 27.60 27.59 27.51 27.49 27.53 27.56 27.42 27.36 27.52 27.25 27.41 27.55 27.33 27.23 27.29 27.37 27.27 26.84 27.01 27.64 27.60 26.97 27.01 27.49 27.36 27.54 27.61 27.57 27.20 27.42 27.58 27.53 27.32 27.47 27.36 27.41 27.44 27.54
27.50 27.26 27.77 27.55 27.67 27.56 27.75 27.64 27.52 27.39 27.63 27.70 27.56 27.66 27.55 27.53 27.40 27.49 27.30 27.38 27.27 27.21 26.56 26.41 26.86 24.43 23.45 22.36 22.29 23.49 26.95 27.54 27.65 27.67 27.72 27.73 27.72 27.65 27.64 27.63 27.66 27.61 27.55 27.51 27.58 27.54 27.44 27.44 27.34 27.15 27.26 27.47 27.27 27.62 27.59 27.38 27.10 26.76 27.67 27.71 26.89 26.93 27.48 27.61 27.63 27.75 27.58 27.43 27.30 27.40 27.22 27.43 27.37 27.37 27.02 27.44 27.51
27.77 27.43 27.66 27.71 27.73 27.52 27.78 27.70 27.49 27.48 27.77 27.67 27.57 27.58 27.42 27.43 27.47 27.44 27.45 27.50 27.51 27.54 27.36 27.27 27.42 27.25 26.35 24.68 23.74 24.34 27.51 27.63 27.62 27.72 27.73 27.72 27.67 27.63 27.64 27.63 27.61 27.61 27.62 27.57 27.65 27.55 27.41 27.42 27.38 27.03 26.99 27.46 27.27 27.37 27.40 27.54 27.15 27.45 27.63 27.09 26.67 27.14 27.51 27.54 27.62 27.82 27.41 27.37 27.34 27.34 27.22 27.49 27.45 27.52 27.47 27.44 27.35
27.66 27.57 27.78 27.70 27.62 27.67 27.72 27.67 27.41 27.66 27.72 27.62 27.62 27.57 27.58 27.54 27.52 27.64 27.58 27.62 27.68 27.50 27.56 27.50 27.55 27.53 27.61 27.56 27.53 27.61 27.71 27.72 27.69 27.64 27.71 27.68 27.66 27.61 27.63 27.64 27.63 27.55 27.62 27.49 27.47 27.56 27.61 27.59 27.62 27.59 27.43 27.40 27.48 27.39 27.16 27.34 27.55 27.58 27.46 27.48 27.07 27.19 27.78 27.56 27.50 27.46 27.47 27.33 27.23 27.38 27.36 27.25 27.37 27.36 27.30 27.43 27.36
27.26 27.74 27.80 27.75 27.71 27.70 27.62 27.66 27.68 27.76 27.78 27.69 27.74 27.71 27.60 27.67 27.68 27.59 27.53 27.55 27.62 27.62 27.73 27.52 27.55 27.56 27.63 27.57 27.67 27.64 27.67 27.72 27.70 27.66 27.70 27.63 27.68 27.63 27.62 27.67 27.68 27.62 27.55 27.52 27.61 27.66 27.71 27.64 27.64 27.62 27.61 27.43 27.22 27.56 26.80 27.06 27.25 27.46 27.54 27.43 27.56 27.45 27.31 27.26 27.27 27.39 27.52 27.50 27.37 27.26 27.35 23.59 25.96 27.31 27.32 27.37 27.46
27.78 27.76 27.70 27.74 27.71 27.68 27.67 27.73 27.84 27.69 27.76 27.76 27.75 27.71 27.68 27.71 27.58 27.54 27.64 27.75 27.81 27.81 27.75 27.65 27.56 27.54 27.64 27.71 27.57 27.58 27.56 27.63 27.64 27.71 27.71 27.71 27.69 27.61 27.60 27.62 27.71 27.68 27.71 27.71 27.70 27.72 27.76 27.74 27.70 27.65 27.70 27.58 27.64 27.57 27.32 27.60 27.25 27.19 27.46 27.35 27.46 27.43 27.35 27.38 27.48 27.54 27.46 27.46 27.35 27.09 27.41 25.68 24.71 27.25 27.33 27.22 27.20
27.66 27.69 27.68 27.76 27.74 27.71 27.69 27.69 27.71 27.73 27.79 27.84 27.78 27.66 27.64 27.68 27.62 27.67 27.65 27.75 27.76 27.79 27.70 27.60 27.58 27.57 27.59 27.60 27.48 27.53 27.59 27.56 27.51 27.55 27.62 27.66 27.70 27.66 27.62 27.69 27.76 27.78 27.76 27.76 27.73 27.74 27.71 27.69 27.69 27.75 27.69 27.71 27.63 27.67 27.80 27.69 27.16 27.39 27.22 27.25 27.56 27.55 27.30 27.37 27.46 27.49 27.38 27.31 27.45 27.33 27.41 26.05 26.91 27.16 27.22 27.32 27.21
27.66 27.70 27.75 27.80 27.65 27.75 27.63 27.67 27.70 27.74 27.78 27.57 27.75 27.69 27.49 27.63 27.61 27.73 27.67 27.73 27.73 27.66 27.71 27.65 27.66 27.70 27.65 27.64 27.68 27.57 27.51 27.56 27.55 27.57 27.63 27.67 27.72 27.74 27.71 27.73 27.72 27.68 27.73 27.76 27.73 27.73 27.69 27.71 27.71 27.69 27.66 27.61 27.64 27.68 27.62 27.51 27.17 27.59 27.42 27.47 27.51 27.29 27.07 27.51 27.46 27.39 27.04 27.19 27.54 27.46 27.32 27.45 27.37 27.35 27.32 27.24 27.15
27.71 27.77 27.80 27.81 27.55 27.41 27.49 27.56 27.56 27.57 27.44 27.51 27.61 27.57 27.54 27.61 27.60 27.62 27.64 27.64 27.59 27.54 27.64 27.64 27.59 27.65 27.50 27.69 27.46 27.46 27.47 27.56 27.57 27.59 27.59 27.67 27.70 27.70 27.69 27.73 27.68 27.71 27.70 27.73 27.69 27.75 27.74 27.71 27.48 27.50 27.59 27.69 27.60 27.68 27.51 27.09 27.43 27.65 27.63 27.62 27.46 27.31 27.20 27.17 27.38 27.17 27.32 27.48 27.65 27.47 27.45 27.46 27.57 27.65 27.62 27.57 27.54
27.75 27.64 27.65 27.63 27.66 27.52 27.52 27.66 27.62 27.61 27.29 27.29 27.58 27.42 27.54 27.51 27.60 27.75 27.57 27.48 27.57 27.60 27.59 27.61 27.54 27.64 27.58 27.44 27.52 27.41 27.46 27.46 27.49 27.52 27.66 27.63 27.68 27.64 27.68 27.72 27.66 27.66 27.69 27.70 27.69 27.67 27.61 27.61 27.41 27.45 27.60 27.66 27.40 27.52 27.64 27.39 27.26 27.62 27.68 27.75 27.68 27.45 27.30 27.37 27.24 27.33 27.42 27.46 27.58 27.46 27.55 27.62 27.62 27.62 27.65 27.72 27.68
27.75 27.76 27.68 27.74 27.76 27.80 27.74 27.71 27.67 27.58 27.52 27.33 27.56 27.50 27.66 27.45 27.61 27.47 27.47 27.54 27.62 27.61 27.63 27.62 27.60 27.59 27.61 27.65 27.65 27.65 27.46 27.26 27.44 27.56 27.65 27.63 27.72 27.69 27.70 27.69 27.67 27.64 27.63 27.58 27.58 27.57 27.58 27.62 27.62 27.61 27.61 27.60 27.45 27.58 27.59 27.61 27.38 27.11 27.29 27.69 27.74 27.43 27.54 27.44 27.38 27.36 27.34 27.48 27.52 27.44 27.52 27.58 27.61 27.59 27.55 27.69 27.75
27.78 27.75 27.77 27.79 27.73 27.77 27.68 27.68 27.50 27.32 27.38 27.58 27.73 27.57 27.66 27.63 27.45 27.44 27.48 27.54 27.63 27.65 27.61 27.57 27.61 27.52 27.45 27.40 27.48 27.55 27.46 27.21 27.16 27.53 27.63 27.65 27.66 27.69 27.73 27.73 27.67 27.67 27.68 27.59 27.55 27.54 27.47 27.66 27.69 27.63 27.61 27.60 27.51 27.60 27.64 27.55 27.41 27.50 27.47 27.56 27.45 27.42 27.45 27.28 27.60 27.39 26.90 27.23 27.51 27.44 27.58 27.51 27.59 27.54 27.45 27.53 27.69
27.77 27.70 27.78 27.81 27.81 27.73 27.70 27.63 27.54 27.55 27.55 27.57 27.65 27.62 27.70 27.36 27.50 27.48 27.57 27.58 27.68 27.62 27.56 27.59 27.65 27.65 27.61 27.56 27.60 27.49 27.32 27.38 27.23 27.26 27.61 27.60 27.61 27.69 27.68 27.73 27.71 27.70 27.74 27.70 27.75 27.72 27.65 27.68 27.63 27.60 27.61 27.66 27.55 27.57 27.50 27.47 27.38 27.48 27.39 27.33 27.41 27.39 27.40 27.41 27.46 27.29 26.89 26.94 27.15 27.28 27.29 27.28 27.55 27.52 27.44 27.44 27.58
27.77 27.79 27.77 27.74 27.82 27.62 27.59 27.66 27.67 27.53 27.64 27.65 27.55 27.60 27.71 27.52 27.53 27.50 27.65 27.67 27.60 27.67 27.45 27.56 27.62 27.71 27.71 27.69 27.68 27.65 27.60 27.62 27.66 27.66 27.64 27.65 27.67 27.64 27.64 27.65 27.63 27.67 27.70 27.76 27.65 27.64 27.65 27.68 27.67 27.61 27.56 27.51 27.57 27.37 27.53 27.49 27.49 27.41 27.15 27.48 27.42 27.39 27.50 27.58 27.28 27.39 27.04 27.01 27.03 27.24 27.39 27.42 27.28 27.29 27.26 27.38 27.52
27.81 27.77 27.79 27.80 27.78 27.74 27.66 27.73 27.71 27.64 27.66 27.66 27.57 27.51 27.58 27.61 27.61 27.61 27.69 27.61 27.53 27.56 27.46 27.44 27.43 27.56 27.59 27.68 27.69 27.70 27.65 27.60 27.62 27.63 27.70 27.69 27.69 27.62 27.55 27.58 27.63 27.63 27.56 27.68 27.63 27.61 27.63 27.55 27.54 27.42 27.53 27.35 27.35 27.41 27.45 27.47 27.53 27.45 27.50 27.44 27.47 27.43 27.48 27.50 27.29 27.51 27.41 27.19 27.03 27.20 27.34 27.27 27.38 27.35 27.16 27.26 27.43
27.78 27.78 27.78 27.80 27.77 27.73 27.69 27.58 27.66 27.62 27.68 27.63 27.57 27.56 27.54 27.59 27.60 27.70 27.64 27.54 27.47 27.46 27.53 27.50 27.51 27.55 27.52 27.58 27.68 27.66 27.60 27.59 27.63 27.67 27.71 27.74 27.70 27.67 27.63 27.58 27.65 27.63 27.49 27.54 27.63 27.62 27.52 27.57 27.55 27.52 27.57 27.49 27.21 27.34 27.39 27.53 27.47 27.31 27.31 27.38 27.45 27.29 27.44 27.45 27.36 27.45 27.53 27.44 27.38 27.32 27.28 27.14 27.17 27.33 27.41 27.41 27.30
27.76 27.77 27.74 27.68 27.62 27.72 27.61 27.46 27.50 27.55 27.58 27.65 27.67 27.66 27.60 27.59 27.62 27.69 27.68 27.57 27.51 27.57 27.58 27.55 27.60 27.68 27.67 27.47 27.27 26.84 26.18 26.88 27.42 27.63 27.66 27.74 27.80 27.72 27.69 27.71 27.67 27.68 27.60 27.55 27.63 27.60 27.61 27.65 27.64 27.55 27.59 27.60 27.36 27.23 27.45 27.60 27.51 27.43 27.18 27.17 27.38 27.37 27.47 27.45 27.31 27.49 27.47 27.44 27.30 27.23 27.18 27.31 27.19 27.33 27.46 27.48 27.36
27.68 27.74 27.72 27.68 27.69 27.75 27.70 27.50 27.54 27.53 27.57 27.73 27.70 27.66 27.60 27.58 27.60 27.63 27.60 27.65 27.73 27.58 27.52 27.55 27.57 27.71 27.45 27.33 27.06 26.41 26.11 26.22 27.25 27.69 27.66 27.72 27.74 27.76 27.69 27.61 27.60 27.57 27.64 27.70 27.70 27.67 27.64 27.67 27.62 27.59 27.55 27.56 27.53 27.44 27.44 27.52 27.57 27.60 27.36 27.39 27.44 27.53 27.50 27.35 27.26 27.46 27.52 27.38 27.27 27.24 27.20 27.28 27.36 27.49 27.41 27.46 27.37
27.72 27.70 27.70 27.70 27.69 27.76 27.74 27.63 27.70 27.63 27.61 27.79 27.71 27.69 27.66 27.62 27.59 27.60 27.65 27.67 27.65 27.52 27.57 27.54 27.65 27.72 27.38 27.24 27.28 27.03 25.41 24.08 27.48 27.69 27.69 27.74 27.75 27.74 27.71 27.59 27.61 27.63 27.63 27.61 27.58 27.63 27.62 27.63 27.61 27.58 27.64 27.68 27.61 27.59 27.58 27.50 27.50 27.51 27.53 27.60 27.58 27.63 27.51 27.37 27.41 27.44 27.50 27.41 27.28 27.29 27.31 27.46 27.37 27.49 27.53 27.60 27.58
27.66 27.69 27.69 27.74 27.69 27.73 27.74 27.69 27.67 27.70 27.70 27.73 27.73 27.74 27.74 27.66 27.63 27.59 27.60 27.64 27.64 27.64 27.64 27.60 27.60 27.62 27.29 27.39 27.56 27.37 24.59 25.38 27.48 27.63 27.66 27.80 27.80 27.80 27.70 27.61 27.64 27.67 27.68 27.62 27.55 27.50 27.67 27.62 27.64 27.62 27.65 27.64 27.55 27.48 27.54 27.58 27.57 27.56 27.60 27.58 27.59 27.59 27.59 27.56 27.51 27.49 27.41 27.46 27.40 27.33 27.40 27.42 27.24 27.47 27.59 27.51 27.46
27.62 27.62 27.64 27.68 27.68 27.66 27.71 27.71 27.65 27.68 27.73 27.71 27.75 27.74 27.72 27.71 27.63 27.53 27.62 27.64 27.63 27.69 27.67 27.67 27.65 27.55 27.41 27.39 27.49 27.56 27.59 27.58 27.51 27.59 27.63 27.68 27.72 27.80 27.65 27.60 27.63 27.58 27.60 27.66 27.66 27.64 27.61 27.57 27.58 27.71 27.70 27.70 27.60 27.58 27.55 27.62 27.64 27.63 27.61 27.59 27.59 27.55 27.53 27.59 27.57 27.56 27.60 27.62 27.65 27.62 27.50 27.47 27.43 27.36 27.40 27.43 27.49
