main/data/irradiance/21.10.2023.grid
ncols 839
nrows 679
xllcenter 112.0500
yllcenter -43.9500
cellsize 0.0500
nodata_value 99999.90
[rows 408 to 441 of 679, columns 231 to 307 of 839]
26.96 26.66 26.76 26.88 26.98 26.71 26.82 26.86 26.86 26.86 26.81 26.43 26.66 26.52 26.63 26.66 26.73 26.72 26.77 26.81 26.80 26.85 26.87 26.84 26.58 26.71 26.82 26.80 26.91 27.00 27.04 27.00 26.99 27.03 27.05 27.08 27.05 27.09 27.11 27.06 27.04 27.08 27.10 27.19 27.17 27.12 27.08 27.11 27.15 27.10 26.86 26.38 25.96 25.72 26.20 26.84 26.84 26.95 26.96 26.96 26.99 26.97 26.99 26.93 26.92 27.06 27.01 27.01 27.00 27.02 27.06 27.08 27.03 27.04 27.00 26.97 27.01
26.60 26.78 26.93 26.92 26.65 26.69 26.67 26.78 26.81 26.86 26.77 26.73 26.79 26.91 26.73 26.67 26.70 26.69 26.74 26.79 26.87 26.82 26.81 26.83 26.85 26.83 26.82 26.86 26.92 26.97 26.97 27.01 27.05 27.07 27.01 27.10 27.08 27.06 27.07 27.07 26.99 26.86 26.89 27.04 27.02 26.88 26.89 27.08 27.10 27.08 27.08 26.96 26.31 26.23 26.37 26.92 26.82 26.81 26.89 26.94 26.97 26.98 26.94 26.97 27.02 27.04 26.97 27.04 27.01 27.02 27.02 27.06 27.05 27.01 27.02 26.95 26.99
26.36 26.40 26.64 26.65 26.78 26.76 26.50 26.55 26.71 26.77 26.73 26.69 26.85 26.79 26.84 26.88 26.73 26.75 26.79 26.81 26.79 26.80 26.87 26.83 26.90 26.88 26.84 26.87 26.88 26.93 26.98 27.09 27.07 27.12 27.12 27.13 27.13 27.07 26.79 26.99 26.87 26.57 26.85 26.86 26.75 26.90 26.83 27.04 27.03 26.95 26.94 27.00 26.77 26.49 26.38 26.66 26.75 26.88 26.82 26.92 26.98 26.99 26.97 26.91 26.97 26.99 26.97 27.01 27.04 27.01 27.03 27.03 27.05 27.02 26.98 26.99 26.99
26.30 26.24 26.32 26.53 26.48 26.49 26.51 26.65 26.67 26.63 26.63 26.71 26.73 26.73 26.76 26.76 26.74 26.79 26.77 26.71 26.80 26.85 26.86 26.86 26.87 26.85 26.86 26.83 26.85 26.93 27.03 27.03 27.05 27.05 27.03 27.05 27.14 27.13 26.99 27.03 26.83 26.80 26.86 26.54 26.49 26.28 26.69 27.01 26.91 26.88 27.00 27.03 26.94 26.48 26.39 26.75 26.63 26.89 26.92 26.96 27.01 26.97 26.98 26.97 26.98 26.97 26.92 26.97 27.03 27.02 27.05 27.03 27.05 27.06 27.05 27.04 27.02
26.16 26.46 26.62 26.59 26.38 26.15 26.22 26.52 26.48 26.59 26.63 26.71 26.74 26.73 26.68 26.71 26.59 26.39 26.52 26.43 26.73 26.86 26.88 26.86 26.91 26.86 26.85 26.86 26.82 26.95 26.95 26.82 26.89 26.96 27.04 27.11 27.08 27.01 27.02 26.99 26.94 26.81 26.79 26.88 26.77 26.23 26.44 26.90 26.85 27.02 27.06 26.99 26.96 26.58 26.41 26.93 26.78 26.90 26.91 26.89 27.01 26.93 26.92 26.94 26.96 27.01 27.03 27.03 27.02 27.01 27.00 27.04 27.05 27.02 27.04 27.02 27.03
26.44 26.40 26.60 26.33 26.48 26.59 26.51 26.55 26.46 26.54 26.56 26.54 26.61 26.68 26.65 26.66 26.57 26.29 26.31 26.48 26.61 26.68 26.80 26.80 26.84 26.88 26.88 26.85 26.89 26.84 26.73 26.69 26.71 26.76 26.86 26.91 26.97 27.01 26.98 26.95 26.98 26.80 26.81 26.95 26.82 26.63 26.72 26.70 26.74 26.96 26.99 26.99 27.02 26.95 26.99 26.92 26.83 26.95 26.86 26.94 26.95 26.92 26.99 26.98 26.98 27.01 26.99 26.95 27.01 27.02 27.04 27.03 27.01 27.00 26.99 26.97 27.03
26.61 26.54 26.48 26.47 26.48 26.62 26.68 26.69 26.71 26.68 26.68 26.64 26.55 26.66 26.64 26.61 26.55 26.65 26.71 26.71 26.66 26.70 26.78 26.83 26.90 26.84 26.85 26.82 26.82 26.81 26.83 26.96 26.91 26.96 26.91 26.99 26.94 26.94 26.90 26.93 26.85 26.71 26.79 26.79 26.73 26.70 26.78 26.81 26.88 26.91 26.90 26.95 26.91 26.96 27.03 27.04 26.97 26.98 26.91 26.97 26.95 26.94 26.99 26.99 26.96 26.98 27.01 26.99 27.00 27.03 27.01 26.99 27.00 26.98 26.98 26.98 26.93
26.65 26.71 26.74 26.68 26.72 26.67 26.67 26.71 26.71 26.62 26.53 26.52 26.39 26.53 26.46 26.48 26.69 26.79 26.79 26.78 26.68 26.68 26.80 26.84 26.82 26.75 26.76 26.78 26.83 26.83 26.90 26.94 26.93 26.93 26.98 26.91 27.01 26.92 26.90 26.84 26.64 26.51 26.79 26.85 26.83 26.61 26.62 26.88 26.86 26.90 26.95 26.96 26.95 26.83 26.80 26.97 26.95 26.96 26.92 26.97 26.82 26.92 26.95 27.00 27.01 26.96 26.96 26.97 26.99 26.99 26.96 27.01 26.99 26.97 26.96 26.96 26.96
26.62 26.75 26.69 26.65 26.65 26.73 26.70 26.62 26.59 26.60 26.62 26.65 26.58 26.55 26.61 26.75 26.78 26.75 26.79 26.83 26.90 26.86 26.81 26.77 26.61 26.38 26.55 26.62 26.68 26.60 26.81 26.70 26.92 26.90 26.82 26.84 26.96 26.97 26.86 26.80 26.74 26.74 26.76 26.93 26.84 26.65 26.65 26.81 26.79 26.82 26.96 26.93 26.96 26.98 26.81 26.60 27.01 26.92 26.82 26.88 26.78 26.86 26.91 26.98 26.98 26.98 26.97 26.93 26.96 26.97 26.98 26.99 26.99 26.98 26.98 26.96 26.95
26.67 26.69 26.64 26.63 26.64 26.60 26.50 26.45 26.50 26.56 26.65 26.71 26.50 26.62 26.73 26.75 26.79 26.79 26.79 26.79 26.75 26.78 26.79 26.76 26.63 26.34 26.41 26.66 26.74 26.82 26.79 26.85 26.89 26.88 26.71 26.65 26.79 26.88 26.83 26.85 26.93 26.88 26.88 26.86 26.77 26.57 26.72 26.85 26.86 26.82 26.86 26.81 26.87 26.95 26.98 26.86 26.91 26.78 26.90 26.97 26.95 26.91 26.93 26.89 26.92 26.95 26.95 26.92 26.90 26.94 26.93 26.98 26.95 26.99 26.98 26.97 26.97
26.61 26.77 26.84 26.77 26.69 26.63 26.46 26.31 26.31 26.51 26.69 26.56 26.53 26.75 26.79 26.76 26.79 26.86 26.85 26.79 26.57 26.60 26.67 26.60 26.68 26.59 26.67 26.74 26.76 26.81 26.75 26.85 27.00 26.84 26.91 26.86 26.88 26.73 26.75 26.93 26.90 26.90 26.95 26.95 26.83 26.74 26.80 26.81 26.83 26.84 26.85 26.89 26.89 26.90 26.93 26.98 26.73 26.65 26.66 26.75 26.84 26.78 26.62 26.62 26.73 26.82 26.94 26.94 26.90 26.87 26.92 26.92 27.00 26.98 26.97 26.96 26.98
26.23 26.67 26.82 26.70 26.59 26.72 26.51 26.14 25.95 26.02 26.19 26.30 26.60 26.47 26.74 26.78 26.83 26.84 26.87 26.80 26.61 26.49 26.44 26.60 26.58 26.55 26.63 26.77 26.84 26.85 26.91 26.95 27.00 26.98 26.90 26.68 26.57 26.65 26.82 26.78 26.83 26.82 26.91 26.90 26.77 26.78 26.90 26.91 26.91 26.86 26.85 26.90 26.91 26.88 26.80 26.95 26.89 26.63 26.52 26.34 26.19 26.55 26.68 26.61 26.45 26.60 26.83 26.86 26.95 26.86 26.85 26.90 26.93 26.96 27.03 26.94 26.99
26.21 26.25 26.47 26.49 26.75 26.72 26.67 26.34 26.18 26.09 26.03 26.40 26.67 26.22 26.48 26.78 26.78 26.87 26.88 26.93 26.80 26.52 26.32 26.04 26.05 26.33 26.34 26.69 26.70 26.76 26.83 26.98 27.01 27.00 26.86 26.53 26.77 26.61 26.58 26.57 26.80 26.67 26.84 26.82 26.79 26.87 26.91 26.98 26.98 26.77 26.76 26.89 26.83 26.90 26.86 26.93 26.92 26.80 26.80 26.54 26.17 26.21 26.08 26.65 26.76 26.64 26.70 26.67 26.70 26.82 26.79 26.87 26.94 26.91 26.84 26.92 26.93
26.52 26.26 26.40 26.46 26.35 26.49 26.62 26.56 26.41 26.44 26.40 26.50 26.68 26.62 26.47 26.51 26.58 26.64 26.65 26.73 26.84 26.79 26.63 26.20 25.94 26.19 26.08 26.12 26.77 26.78 26.84 26.85 26.95 26.94 26.89 26.78 26.57 26.38 26.30 26.35 26.55 26.69 26.79 26.74 26.79 26.94 27.03 27.02 26.96 26.81 26.70 26.74 26.72 26.82 26.89 26.90 26.88 26.82 26.79 26.89 26.78 26.51 26.47 26.45 26.53 26.66 26.64 26.58 26.62 26.62 26.72 26.76 26.89 26.87 26.84 26.94 26.83
26.61 26.63 26.47 26.17 26.02 26.08 26.46 26.50 26.43 26.43 26.56 26.72 26.48 26.49 26.56 26.44 26.48 26.64 26.51 26.58 26.63 26.70 26.62 26.29 26.28 26.31 26.44 26.61 26.78 26.84 26.79 26.79 26.72 26.87 26.88 26.84 26.67 26.38 26.02 26.28 26.50 26.49 26.42 26.54 26.74 26.93 26.98 27.03 27.01 26.86 26.79 26.34 26.49 26.64 26.61 26.54 26.59 26.72 26.77 26.80 26.90 26.80 26.66 26.54 26.41 26.42 26.48 26.63 26.68 26.69 26.80 26.87 26.87 26.71 26.44 26.64 26.56
26.48 26.43 26.34 26.25 26.27 26.12 26.13 26.29 26.38 26.43 26.47 26.41 26.40 26.50 26.58 26.72 26.70 26.74 26.54 26.52 26.64 26.60 26.53 26.29 26.20 26.49 26.68 26.67 26.81 26.82 26.83 26.83 26.64 26.60 26.69 26.71 26.66 26.52 26.48 26.60 26.61 26.48 26.62 26.66 26.68 26.68 26.71 26.87 26.94 27.00 26.87 26.66 26.61 26.69 26.55 26.55 26.54 26.53 26.43 26.51 26.67 26.92 26.76 26.63 26.54 26.51 26.44 26.45 26.38 26.47 26.67 26.89 26.87 26.71 26.59 26.46 26.54
26.38 26.36 26.34 26.36 26.38 26.47 26.30 26.28 26.43 26.51 26.36 26.03 26.20 26.39 26.40 26.51 26.51 26.76 26.71 26.59 26.67 26.63 26.47 26.16 26.29 26.30 26.37 26.54 26.69 26.73 26.61 26.65 26.79 26.69 26.46 26.52 26.49 26.44 26.46 26.53 26.55 26.63 26.80 26.96 26.85 26.58 26.51 26.78 26.87 26.68 26.61 26.60 26.68 26.70 26.52 26.49 26.63 26.47 26.49 26.56 26.57 26.78 26.80 26.71 26.53 26.42 26.43 26.43 26.38 26.36 26.44 26.65 26.52 26.56 26.54 26.39 26.38
26.14 26.42 26.40 26.41 26.46 26.39 26.40 26.32 26.04 26.26 26.24 26.10 26.09 26.27 26.42 26.55 26.45 26.51 26.52 26.63 26.65 26.65 26.42 26.25 26.20 26.34 26.28 26.36 26.41 26.59 26.57 26.62 26.81 26.84 26.69 26.67 26.46 26.37 26.43 26.47 26.55 26.57 26.76 26.80 26.70 26.62 26.68 26.82 26.80 26.54 26.21 26.35 26.72 26.56 26.54 26.57 26.51 26.45 26.44 26.44 26.46 26.57 26.67 26.71 26.68 26.40 26.36 26.41 26.44 26.37 26.39 26.52 26.44 26.28 26.11 26.23 26.23
26.38 26.40 26.42 26.54 26.42 26.30 26.24 26.34 26.16 26.10 26.07 26.27 26.23 26.35 26.51 26.59 26.74 26.72 26.70 26.63 26.60 26.55 26.48 26.31 26.30 26.28 26.37 26.38 26.53 26.74 26.67 26.69 26.72 26.81 26.76 26.71 26.55 26.52 26.31 26.30 26.44 26.50 26.59 26.63 26.61 26.72 26.75 26.57 26.52 26.38 26.02 26.34 26.51 26.61 26.72 26.59 26.51 26.55 26.41 26.38 26.37 26.37 26.43 26.59 26.68 26.35 26.42 26.32 26.33 26.29 26.33 26.46 26.40 26.10 26.01 26.11 26.17
26.43 26.52 26.58 26.56 26.48 26.33 26.33 26.35 26.23 26.29 26.26 26.32 26.48 26.30 26.15 26.46 26.68 26.69 26.63 26.62 26.53 26.48 26.51 26.41 26.04 26.17 26.28 26.36 26.43 26.32 26.55 26.77 26.65 26.62 26.76 26.75 26.62 26.45 26.50 26.38 26.36 26.45 26.45 26.43 26.58 26.73 26.79 26.53 26.39 26.33 26.31 26.42 26.24 26.32 26.47 26.45 26.56 26.60 26.49 26.42 26.47 26.41 26.43 26.43 26.49 26.40 26.49 26.52 26.41 26.26 26.27 26.20 26.12 26.18 26.30 26.19 26.21
26.38 26.39 26.54 26.54 26.52 26.41 26.38 26.16 26.30 26.54 26.45 26.34 26.51 26.47 26.31 26.31 26.55 26.58 26.48 26.56 26.43 26.57 26.63 26.61 26.19 26.19 26.32 26.40 26.49 26.37 26.30 26.43 26.57 26.76 26.74 26.59 26.68 26.57 26.57 26.47 26.40 26.47 26.34 26.43 26.57 26.73 26.75 26.46 26.50 26.46 26.43 26.31 26.26 26.23 26.12 26.38 26.50 26.57 26.49 26.45 26.45 26.54 26.42 26.36 26.38 26.38 26.48 26.51 26.40 26.30 26.18 26.02 26.02 26.16 26.30 26.17 26.23
26.40 26.40 26.32 26.46 26.49 26.33 26.26 26.22 26.18 26.38 26.53 26.60 26.57 26.60 26.52 26.55 26.57 26.43 26.25 26.56 26.63 26.55 26.51 26.62 26.53 26.48 26.54 26.59 26.66 26.65 26.40 26.43 26.52 26.49 26.45 26.11 26.40 26.70 26.79 26.61 26.49 26.34 26.28 26.59 26.64 26.59 26.35 26.21 26.36 26.34 26.38 26.40 26.42 26.40 26.45 26.47 26.31 26.38 26.43 26.48 26.49 26.50 26.41 26.37 26.35 26.27 26.30 26.23 26.35 26.17 26.13 25.89 25.97 26.15 26.25 26.21 26.23
26.34 26.37 26.36 26.32 26.36 26.20 26.12 26.08 26.31 26.51 26.56 26.51 26.53 26.56 26.52 26.50 26.59 26.53 26.51 26.49 26.49 26.52 26.58 26.64 26.62 26.66 26.54 26.69 26.82 26.83 26.75 26.57 26.62 26.36 26.52 26.47 26.44 26.58 26.69 26.54 26.41 26.62 26.49 26.73 26.87 26.68 26.32 26.14 26.24 26.24 26.16 26.37 26.57 26.54 26.45 26.42 26.37 26.41 26.32 26.28 26.41 26.42 26.41 26.32 26.21 26.05 26.03 26.11 25.97 26.09 26.00 25.98 26.10 26.17 26.17 26.09 26.21
26.37 26.42 26.22 26.19 26.04 26.10 26.10 26.08 26.39 26.49 26.53 26.48 26.39 26.50 26.50 26.37 26.47 26.56 26.48 26.45 26.47 26.42 26.61 26.73 26.67 26.70 26.70 26.66 26.77 26.79 26.83 26.75 26.35 26.29 26.51 26.54 26.50 26.52 26.45 26.18 26.54 26.68 26.55 26.67 26.63 26.35 26.35 26.34 26.05 25.94 26.17 26.46 26.51 26.44 26.42 26.38 26.42 26.41 26.27 26.18 26.15 26.20 26.23 26.08 25.98 25.91 25.67 25.88 26.02 26.04 26.00 26.11 26.10 26.06 26.04 26.09 26.06
26.24 26.38 26.21 25.93 26.00 26.02 26.13 26.24 26.36 26.53 26.54 26.48 26.52 26.50 26.46 26.45 26.40 26.42 26.27 26.34 26.39 26.48 26.54 26.64 26.66 26.65 26.70 26.73 26.73 26.77 26.80 26.44 26.50 26.42 26.57 26.49 26.76 26.39 26.23 26.35 26.50 26.65 26.50 26.34 26.40 26.36 26.29 26.31 26.39 26.35 26.45 26.37 26.30 26.34 26.36 26.35 26.39 26.35 26.04 25.94 26.01 25.97 25.90 25.80 25.76 25.85 25.78 25.89 25.96 25.95 26.01 26.06 25.88 25.84 25.84 25.99 25.92
25.98 26.02 26.10 26.05 26.25 26.24 26.28 26.40 26.41 26.55 26.52 26.46 26.53 26.55 26.48 26.52 26.48 26.39 26.38 26.47 26.49 26.55 26.59 26.59 26.71 26.71 26.70 26.73 26.73 26.76 26.56 26.45 26.55 26.56 26.79 26.58 26.57 26.12 26.18 26.27 26.37 26.42 26.41 26.43 26.32 26.28 26.21 26.34 26.45 26.49 26.53 26.42 26.25 26.31 26.28 26.39 26.39 26.07 25.96 25.79 25.78 25.71 25.62 25.50 25.66 25.73 25.72 25.81 25.90 25.88 26.02 25.86 25.98 25.88 25.78 25.72 25.87
26.20 25.87 25.94 25.97 26.15 26.38 26.46 26.51 26.50 26.42 26.48 26.52 26.55 26.47 26.42 26.39 26.45 26.52 26.46 26.51 26.54 26.54 26.58 26.64 26.70 26.74 26.79 26.72 26.77 26.66 26.61 26.63 26.52 26.60 26.81 26.77 26.44 26.07 25.98 25.98 26.16 26.20 26.26 26.31 26.25 26.18 26.23 26.36 26.28 26.37 26.37 26.51 26.35 26.06 26.04 26.14 26.01 25.85 25.72 25.51 25.48 25.59 25.54 25.46 25.62 25.54 25.76 25.85 25.83 25.88 25.81 25.95 26.06 25.95 25.76 25.55 25.64
25.86 25.67 25.70 25.82 26.04 26.43 26.53 26.52 26.56 26.47 26.43 26.50 26.51 26.45 26.50 26.54 26.57 26.46 26.37 26.39 26.43 26.52 26.56 26.65 26.65 26.70 26.65 26.75 26.69 26.53 26.58 26.50 26.59 26.48 26.50 26.48 26.03 25.79 25.76 25.79 25.93 26.02 26.06 26.03 26.02 26.18 26.26 26.28 26.23 26.18 26.20 26.27 26.17 26.03 26.00 25.77 25.67 25.48 25.32 25.34 25.34 25.38 25.41 25.26 25.30 25.45 25.66 25.56 25.54 25.73 25.88 25.76 25.80 25.49 25.37 25.34 25.29
25.63 25.62 25.58 25.84 26.21 26.33 26.45 26.52 26.54 26.47 26.23 26.25 26.35 26.25 26.25 26.33 26.40 26.40 26.48 26.45 26.41 26.49 26.53 26.64 26.63 26.65 26.65 26.70 26.67 26.51 26.52 26.49 26.52 26.33 26.13 26.10 26.00 25.87 25.79 25.74 25.69 25.82 25.80 25.74 25.92 26.02 26.15 26.19 26.14 26.18 26.22 26.15 25.81 25.79 25.69 25.63 25.34 25.20 25.09 25.20 25.11 25.25 25.34 25.18 25.26 25.33 25.30 25.14 25.32 25.29 25.10 25.12 24.98 24.97 25.04 25.00 25.12
25.75 25.72 25.66 25.82 26.25 26.38 26.46 26.45 26.47 26.50 26.46 26.44 26.27 26.35 26.35 26.27 26.32 26.29 26.29 26.36 26.36 26.37 26.47 26.54 26.56 26.63 26.64 26.67 26.64 26.40 26.36 26.40 26.41 26.28 26.23 25.95 25.92 25.98 25.92 25.72 25.67 25.65 25.72 25.88 25.97 25.93 25.98 26.10 26.20 25.93 25.93 25.66 25.57 25.52 25.41 25.29 25.06 24.95 24.89 24.87 24.93 25.00 24.83 24.88 24.96 24.92 24.96 24.80 25.00 24.93 24.91 24.74 24.65 24.57 24.72 25.18 25.00
26.22 26.02 25.88 25.89 26.22 26.40 26.42 26.53 26.52 26.52 26.51 26.49 26.49 26.48 26.47 26.43 26.40 26.34 26.38 26.50 26.50 26.40 26.42 26.46 26.48 26.55 26.60 26.67 26.65 26.45 26.40 26.23 26.17 26.05 25.91 25.77 25.86 25.84 25.77 25.77 25.81 25.76 25.71 25.91 25.86 25.73 25.86 25.87 25.82 25.69 25.55 25.40 25.30 25.41 25.12 24.88 24.77 24.83 24.77 24.64 24.65 24.45 24.36 24.42 24.30 24.38 24.40 24.62 24.45 24.64 24.49 24.57 24.57 24.33 24.55 24.48 24.19
26.33 26.31 26.11 25.99 26.17 26.35 26.41 26.50 26.49 26.47 26.47 26.48 26.49 26.47 26.44 26.42 26.45 26.55 26.58 26.58 26.56 26.48 26.44 26.47 26.45 26.48 26.51 26.39 26.18 26.05 25.90 25.89 25.73 25.58 25.57 25.68 25.72 25.67 25.75 25.85 25.94 25.68 25.55 25.52 25.52 25.49 25.50 25.55 25.40 25.40 25.30 25.11 25.01 24.78 24.56 24.47 24.42 24.38 24.24 24.12 23.95 23.81 23.82 23.74 23.77 23.97 24.39 24.40 23.88 23.90 23.95 23.86 23.49 23.48 23.49 23.59 23.52
26.31 26.27 26.18 26.09 25.90 26.06 26.29 26.48 26.55 26.51 26.51 26.32 26.42 26.42 26.32 26.42 26.51 26.56 26.54 26.63 26.58 26.41 26.43 26.50 26.46 26.47 26.05 25.90 25.81 25.70 25.49 25.38 25.37 25.19 25.15 25.32 25.41 25.56 25.61 25.67 25.61 25.50 25.27 25.19 25.26 25.19 25.30 25.33 25.10 24.82 24.71 24.64 24.48 24.32 24.14 24.05 23.91 23.91 23.84 23.35 23.51 23.67 23.50 23.34 23.47 23.73 23.53 23.45 23.25 23.40 22.76 22.46 22.22 22.21 22.63 22.60 22.47
26.26 26.16 26.07 25.86 25.78 25.78 25.85 26.48 26.59 26.50 26.53 26.41 26.47 26.46 26.48 26.48 26.48 26.47 26.48 26.52 26.58 26.52 26.47 26.50 26.41 26.19 25.97 25.75 25.58 25.36 25.17 25.06 24.94 24.93 25.05 25.13 25.33 25.34 25.48 25.33 25.29 25.27 25.24 25.18 24.96 24.81 24.83 24.82 24.71 24.50 24.32 24.12 24.03 24.09 24.04 23.86 23.96 23.90 23.36 23.15 23.46 23.10 22.78 23.05 23.31 23.24 22.82 22.89 22.91 22.60 22.11 21.78 21.80 21.84 22.04 21.96 22.07
