main/data/irradiance/22.06.2023.grid
ncols 839
nrows 679
xllcenter 112.0500
yllcenter -43.9500
cellsize 0.0500
nodata_value 99999.90
[rows 245 to 279 of 679, columns 312 to 389 of 839]
16.23 16.22 16.22 16.21 16.22 16.22 16.23 16.20 16.19 16.20 16.21 16.21 16.21 16.21 16.22 16.22 16.22 16.22 16.22 16.22 16.23 15.53 15.19 14.91 14.71 14.61 15.76 16.24 16.21 16.21 16.22 16.21 16.22 16.20 16.12 16.11 16.19 16.22 16.22 16.20 16.22 16.15 16.14 16.08 16.19 16.21 16.19 16.13 16.10 16.07 16.04 16.05 16.06 16.07 16.06 16.03 15.99 15.94 15.89 15.85 15.83 15.78 15.83 15.93 15.83 15.83 15.82 15.76 15.72 15.74 15.54 15.45 15.42 15.46 15.45 15.30 15.22 15.18
16.21 16.20 16.20 16.19 16.19 16.21 16.20 16.19 16.17 16.18 16.18 16.18 16.19 16.19 16.19 16.20 16.20 14.66 13.40 13.76 12.83 13.74 15.58 15.43 14.56 15.65 16.24 15.91 15.88 16.00 16.10 16.18 16.19 16.19 16.12 16.05 16.11 16.21 16.20 16.19 16.20 16.19 16.06 16.05 16.15 16.13 16.09 16.09 16.09 16.05 16.09 16.07 16.01 16.07 15.93 15.80 15.89 15.99 15.96 15.91 15.91 15.96 15.86 15.70 15.65 15.62 15.74 15.77 15.76 15.78 15.58 15.35 15.33 15.33 15.22 15.29 15.17 15.19
16.20 16.19 16.19 16.18 16.18 16.19 16.18 16.18 16.16 16.17 16.18 16.17 16.15 16.16 16.19 16.19 15.87 11.58 10.96 12.02 13.96 15.56 16.14 15.83 15.33 14.81 16.22 15.97 16.00 16.12 16.17 16.16 16.17 16.16 16.16 16.12 16.15 16.16 16.13 16.11 16.12 16.18 16.11 16.06 16.10 16.06 16.10 16.13 16.16 16.11 16.10 16.09 16.10 16.07 15.91 15.83 15.87 15.96 15.88 15.91 15.95 15.81 15.73 15.75 15.78 15.71 15.75 15.75 15.76 15.71 15.56 15.41 15.40 15.38 15.35 15.43 15.35 15.26
16.17 16.17 16.16 16.16 16.16 16.16 16.16 16.18 16.15 16.15 16.15 16.16 16.15 16.18 16.18 16.16 15.96 12.70 13.03 13.62 14.65 15.78 16.24 16.22 16.20 16.22 16.22 15.26 15.63 16.17 16.15 16.16 16.15 16.14 16.13 16.15 16.15 16.15 16.15 16.16 16.15 16.11 16.07 16.06 16.14 16.06 16.12 16.12 16.14 16.11 16.08 16.05 16.06 16.00 15.96 15.85 15.86 15.91 15.79 15.90 15.86 15.79 15.70 15.68 15.84 15.91 15.81 15.73 15.66 15.68 15.59 15.43 15.49 15.55 15.49 15.40 15.40 15.42
16.14 16.15 16.15 16.15 16.15 16.14 16.14 16.16 16.16 16.14 16.15 16.16 16.16 16.14 16.18 16.02 14.70 15.25 15.15 16.15 16.15 16.15 16.19 16.22 16.20 16.01 16.18 16.02 15.96 16.19 16.13 16.12 16.12 16.12 16.11 16.10 16.12 16.13 16.14 16.14 16.13 16.06 16.03 15.96 15.98 16.04 16.10 16.12 16.11 16.09 16.08 16.08 16.06 16.00 15.86 15.78 15.67 15.68 15.64 15.84 15.86 15.80 15.77 15.80 15.91 15.86 15.78 15.77 15.78 15.64 15.52 15.45 15.49 15.48 15.45 15.45 15.57 15.64
16.11 16.10 16.11 16.12 16.12 16.11 16.11 16.11 16.12 16.13 16.16 16.16 16.16 16.13 16.15 15.85 16.15 16.24 16.23 16.27 16.24 16.15 16.08 16.16 16.11 15.68 16.00 16.09 16.10 16.18 16.11 16.09 16.09 16.09 16.09 16.08 16.09 16.10 16.11 16.11 16.10 16.10 16.03 15.96 16.04 15.94 15.97 15.98 15.97 15.92 15.91 15.98 16.00 16.00 16.02 15.92 15.72 15.60 15.61 15.57 15.73 15.80 15.77 15.83 15.81 15.84 15.83 15.76 15.70 15.64 15.59 15.47 15.32 15.20 15.41 15.50 15.67 15.68
16.09 16.09 16.09 16.10 16.10 16.10 16.10 16.10 16.10 16.10 16.10 16.09 16.10 16.13 16.19 16.20 16.17 16.16 16.27 16.23 16.24 16.18 16.15 15.72 16.09 15.37 15.71 16.11 16.11 16.10 16.09 16.08 16.08 16.08 16.07 16.07 16.08 16.07 16.08 16.09 16.09 16.09 16.07 16.06 16.03 16.07 16.04 16.00 15.88 15.78 15.60 15.62 15.80 15.89 15.92 15.88 15.87 15.90 15.91 15.75 15.74 15.60 15.64 15.73 15.77 15.80 15.77 15.74 15.72 15.67 15.63 15.63 15.55 15.47 15.63 15.61 15.60 15.73
16.09 16.09 16.07 16.07 16.07 16.06 16.07 16.08 16.08 16.07 16.07 16.07 16.09 16.08 16.08 16.09 16.09 16.13 16.17 16.20 16.17 16.16 16.15 15.89 15.39 15.69 16.07 16.06 16.06 16.06 16.07 16.06 16.06 16.05 16.06 16.06 16.06 16.07 16.07 16.07 16.08 16.08 16.08 16.07 16.05 16.05 16.00 15.98 16.01 15.90 15.76 15.53 15.45 15.52 15.59 15.68 15.82 15.93 15.90 15.93 15.93 15.87 15.69 15.56 15.59 15.71 15.84 15.86 15.78 15.77 15.81 15.72 15.58 15.48 15.66 15.45 15.67 15.77
16.06 16.06 16.05 16.05 16.06 16.06 16.06 16.07 16.07 16.06 16.05 16.06 16.06 16.06 16.06 16.05 16.05 16.05 16.05 16.05 16.06 16.07 16.09 16.07 16.04 16.04 16.07 16.05 16.08 16.06 16.04 16.04 16.03 16.03 16.03 16.04 16.04 16.04 16.05 16.05 16.05 16.04 16.03 16.03 16.00 15.96 15.95 16.00 16.02 15.92 15.72 15.58 15.37 15.12 15.35 15.54 15.69 15.78 15.89 15.91 15.79 15.72 15.73 15.70 15.71 15.71 15.73 15.77 15.73 15.74 15.80 15.78 15.63 15.46 15.46 15.38 15.73 15.85
16.04 16.05 16.04 16.04 16.04 16.04 16.04 16.04 16.04 16.04 16.04 16.04 16.04 16.04 16.04 16.03 16.03 16.02 16.02 16.02 16.02 16.03 16.03 16.04 16.04 16.04 16.04 16.03 16.05 16.04 16.02 16.01 16.01 16.02 16.02 16.02 16.02 16.01 16.02 16.01 16.00 16.01 16.01 16.02 15.99 15.96 15.97 15.99 15.98 15.90 15.75 15.57 15.41 15.39 15.39 15.45 15.60 15.81 15.80 15.68 15.71 15.64 15.70 15.83 15.84 15.70 15.70 15.75 15.66 15.57 15.69 15.81 15.63 15.50 15.38 15.49 15.64 15.78
16.01 16.01 16.01 16.01 16.01 16.02 16.02 16.02 16.02 16.02 16.02 16.02 16.02 16.02 16.02 16.02 16.02 16.02 16.01 16.00 16.00 16.00 16.01 16.00 16.00 16.01 16.01 16.01 16.01 16.00 16.00 16.00 15.99 15.99 16.00 16.01 16.01 16.02 16.02 16.02 16.01 16.01 16.01 16.01 15.95 15.87 15.85 15.82 15.81 15.78 15.74 15.69 15.43 15.47 15.58 15.54 15.72 15.70 15.60 15.60 15.57 15.68 15.74 15.70 15.59 15.71 15.82 15.91 15.85 15.62 15.67 15.71 15.44 15.18 15.26 15.67 15.82 15.79
15.99 15.99 16.00 16.01 16.00 16.00 16.01 16.00 16.01 16.00 15.99 15.99 16.00 15.99 16.00 16.00 16.00 16.00 15.99 15.99 15.99 15.99 15.99 15.99 15.99 15.99 15.99 15.99 15.99 15.99 15.98 15.99 15.99 15.97 15.98 15.98 15.99 15.98 15.99 15.98 15.99 16.00 16.00 16.00 15.97 15.86 15.85 15.78 15.72 15.64 15.59 15.48 15.41 15.37 15.59 15.75 15.85 15.73 15.56 15.58 15.66 15.74 15.68 15.70 15.73 15.63 15.72 15.82 15.84 15.59 15.57 15.54 15.36 15.49 15.73 15.82 15.82 15.81
15.96 15.96 15.96 15.97 15.97 15.97 15.98 15.98 15.98 15.97 15.97 15.98 15.98 15.98 15.98 15.98 15.98 15.98 15.97 15.96 15.96 15.97 15.98 15.97 15.96 15.96 15.96 15.96 15.95 15.95 15.95 15.96 15.96 15.96 15.95 15.95 15.96 15.97 15.97 15.97 15.98 15.98 15.98 15.94 15.90 15.87 15.81 15.83 15.83 15.67 15.40 15.25 15.23 15.42 15.59 15.77 15.82 15.81 15.73 15.78 15.86 15.77 15.68 15.71 15.72 15.56 15.62 15.72 15.60 15.50 15.32 15.44 15.53 15.64 15.78 15.77 15.70 15.59
15.95 15.95 15.94 15.96 15.96 15.95 15.95 15.95 15.95 15.95 15.96 15.96 15.95 15.95 15.94 15.95 15.95 15.95 15.95 15.94 15.94 15.94 15.95 15.95 15.95 15.95 15.96 15.95 15.95 15.93 15.93 15.94 15.95 15.96 15.95 15.95 15.94 15.93 15.94 15.94 15.95 15.95 15.95 15.87 15.85 15.88 15.91 15.90 15.88 15.84 15.59 15.41 15.53 15.66 15.70 15.65 15.79 15.82 15.72 15.84 15.81 15.64 15.43 15.52 15.62 15.60 15.39 15.34 15.30 15.47 15.73 15.63 15.64 15.68 15.71 15.81 15.86 15.78
15.93 15.93 15.93 15.93 15.92 15.91 15.92 15.91 15.91 15.92 15.92 15.93 15.94 15.94 15.94 15.94 15.94 15.93 15.92 15.92 15.92 15.94 15.93 15.93 15.93 15.92 15.92 15.92 15.92 15.93 15.92 15.92 15.92 15.92 15.92 15.92 15.92 15.92 15.92 15.93 15.92 15.94 15.93 15.88 15.90 15.91 15.93 15.91 15.90 15.91 15.85 15.80 15.73 15.69 15.57 15.61 15.81 15.70 15.68 15.84 15.76 15.68 15.52 15.63 15.70 15.62 15.49 15.30 15.44 15.59 15.62 15.71 15.88 15.83 15.74 15.83 15.89 15.88
15.90 15.90 15.92 15.92 15.92 15.90 15.89 15.89 15.90 15.90 15.89 15.92 15.91 15.92 15.91 15.92 15.91 15.90 15.90 15.90 15.90 15.91 15.90 15.90 15.91 15.91 15.90 15.90 15.90 15.91 15.91 15.90 15.91 15.91 15.91 15.91 15.91 15.91 15.91 15.91 15.91 15.91 15.88 15.90 15.87 15.87 15.89 15.89 15.87 15.91 15.85 15.82 15.81 15.73 15.77 15.81 15.85 15.77 15.78 15.77 15.65 15.58 15.61 15.71 15.72 15.61 15.34 15.34 15.47 15.52 15.51 15.58 15.69 15.68 15.80 15.84 15.87 15.86
15.90 15.90 15.90 15.91 15.91 15.91 15.90 15.88 15.87 15.88 15.88 15.87 15.87 15.88 15.88 15.88 15.90 15.89 15.87 15.88 15.88 15.87 15.88 15.90 15.90 15.90 15.89 15.88 15.88 15.88 15.88 15.87 15.89 15.89 15.89 15.89 15.88 15.87 15.87 15.86 15.85 15.86 15.88 15.88 15.88 15.88 15.87 15.87 15.82 15.85 15.82 15.71 15.60 15.56 15.71 15.80 15.85 15.86 15.79 15.71 15.64 15.53 15.50 15.57 15.56 15.65 15.36 15.24 15.34 15.47 15.57 15.51 15.56 15.65 15.65 15.82 15.84 15.84
15.89 15.87 15.88 15.88 15.87 15.87 15.87 15.87 15.87 15.87 15.87 15.87 15.87 15.86 15.86 15.87 15.86 15.86 15.87 15.85 15.84 15.85 15.86 15.86 15.86 15.87 15.87 15.85 15.85 15.85 15.85 15.85 15.86 15.87 15.88 15.88 15.87 15.86 15.86 15.84 15.83 15.85 15.86 15.86 15.87 15.85 15.85 15.85 15.81 15.76 15.65 15.47 15.44 15.52 15.64 15.81 15.82 15.82 15.80 15.76 15.69 15.46 15.49 15.45 15.47 15.44 15.33 15.30 15.38 15.52 15.59 15.66 15.75 15.69 15.78 15.83 15.82 15.82
15.88 15.86 15.87 15.87 15.86 15.85 15.85 15.85 15.85 15.86 15.85 15.85 15.85 15.84 15.84 15.83 15.83 15.84 15.84 15.82 15.83 15.84 15.85 15.85 15.86 15.85 15.84 15.85 15.85 15.84 15.85 15.84 15.83 15.84 15.84 15.85 15.85 15.84 15.85 15.84 15.84 15.85 15.84 15.84 15.84 15.83 15.83 15.84 15.84 15.68 15.48 15.41 15.54 15.74 15.72 15.79 15.80 15.76 15.78 15.80 15.76 15.67 15.47 15.48 15.43 15.48 15.41 15.21 15.28 15.39 15.62 15.59 15.67 15.75 15.83 15.81 15.79 15.78
15.86 15.83 15.83 15.84 15.84 15.83 15.83 15.83 15.82 15.83 15.83 15.83 15.83 15.83 15.83 15.82 15.82 15.83 15.81 15.81 15.80 15.82 15.82 15.82 15.82 15.83 15.82 15.81 15.82 15.83 15.83 15.81 15.82 15.82 15.83 15.82 15.81 15.82 15.82 15.83 15.82 15.82 15.83 15.83 15.83 15.83 15.81 15.81 15.81 15.65 15.54 15.61 15.79 15.79 15.67 15.74 15.77 15.76 15.76 15.75 15.74 15.61 15.58 15.60 15.50 15.58 15.60 15.48 15.46 15.53 15.55 15.57 15.57 15.63 15.77 15.74 15.71 15.71
15.81 15.82 15.81 15.83 15.83 15.80 15.80 15.80 15.80 15.80 15.80 15.81 15.81 15.81 15.80 15.79 15.79 15.79 15.78 15.77 15.78 15.78 15.78 15.79 15.79 15.80 15.80 15.79 15.80 15.80 15.80 15.79 15.79 15.79 15.79 15.78 15.78 15.80 15.80 15.79 15.79 15.79 15.79 15.79 15.80 15.80 15.79 15.78 15.71 15.62 15.51 15.60 15.77 15.75 15.77 15.72 15.74 15.76 15.68 15.60 15.64 15.60 15.69 15.69 15.62 15.51 15.56 15.54 15.60 15.59 15.59 15.59 15.66 15.62 15.64 15.68 15.69 15.71
15.77 15.78 15.79 15.79 15.80 15.77 15.77 15.77 15.77 15.78 15.78 15.78 15.78 15.78 15.78 15.78 15.78 15.77 15.76 15.74 15.76 15.78 15.78 15.77 15.77 15.77 15.76 15.76 15.76 15.76 15.76 15.77 15.77 15.76 15.75 15.75 15.77 15.76 15.76 15.76 15.76 15.77 15.77 15.77 15.77 15.78 15.76 15.77 15.74 15.67 15.59 15.71 15.68 15.64 15.62 15.65 15.72 15.73 15.73 15.65 15.66 15.70 15.70 15.63 15.61 15.59 15.57 15.54 15.60 15.68 15.67 15.66 15.65 15.51 15.70 15.68 15.70 15.68
15.74 15.76 15.76 15.76 15.75 15.75 15.75 15.76 15.77 15.78 15.77 15.76 15.76 15.77 15.77 15.76 15.76 15.76 15.74 15.72 15.74 15.76 15.76 15.76 15.75 15.75 15.77 15.78 15.77 15.75 15.75 15.76 15.77 15.76 15.75 15.76 15.76 15.75 15.75 15.75 15.74 15.74 15.74 15.76 15.77 15.76 15.74 15.74 15.73 15.72 15.70 15.73 15.73 15.72 15.72 15.73 15.66 15.57 15.58 15.60 15.55 15.64 15.70 15.68 15.53 15.50 15.56 15.53 15.60 15.61 15.61 15.60 15.59 15.48 15.02 14.99 15.36 15.33
15.73 15.75 15.76 15.73 15.74 15.73 15.74 15.76 15.76 15.75 15.74 15.74 15.74 15.74 15.73 15.73 15.74 15.73 15.71 15.74 15.77 15.78 15.79 15.78 15.78 15.78 15.80 15.83 15.79 15.75 15.73 15.74 15.75 15.74 15.73 15.74 15.73 15.72 15.73 15.73 15.73 15.73 15.73 15.73 15.74 15.75 15.73 15.73 15.73 15.72 15.64 15.60 15.70 15.73 15.72 15.72 15.70 15.70 15.70 15.58 15.50 15.63 15.64 15.63 15.63 15.56 15.41 15.51 15.62 15.57 15.54 15.59 15.53 15.36 15.15 15.11 15.36 15.30
15.71 15.72 15.72 15.71 15.72 15.73 15.73 15.75 15.74 15.74 15.72 15.72 15.72 15.71 15.71 15.70 15.70 15.71 15.71 15.72 15.72 15.71 15.72 15.73 15.75 15.75 15.84 15.86 15.74 15.72 15.72 15.73 15.72 15.73 15.72 15.71 15.71 15.72 15.72 15.71 15.71 15.71 15.71 15.72 15.72 15.72 15.71 15.72 15.71 15.70 15.56 15.60 15.70 15.69 15.69 15.70 15.66 15.64 15.48 15.45 15.54 15.62 15.45 15.55 15.37 15.45 15.42 15.44 15.55 15.48 15.38 15.38 15.47 15.44 15.36 15.40 15.55 15.43
15.69 15.69 15.69 15.68 15.68 15.69 15.70 15.71 15.72 15.72 15.71 15.72 15.70 15.69 15.68 15.68 15.68 15.68 15.67 15.67 15.66 15.66 15.66 15.68 15.69 15.71 15.82 15.77 15.71 15.68 15.68 15.71 15.71 15.71 15.70 15.70 15.69 15.69 15.69 15.68 15.67 15.68 15.68 15.67 15.68 15.69 15.69 15.68 15.67 15.64 15.60 15.67 15.66 15.66 15.61 15.65 15.64 15.65 15.63 15.58 15.60 15.60 15.64 15.63 15.57 15.42 15.43 15.35 15.40 15.44 15.37 15.45 15.31 15.34 15.29 15.05 15.23 15.35
15.68 15.68 15.68 15.67 15.66 15.67 15.68 15.68 15.70 15.70 15.69 15.68 15.68 15.67 15.67 15.66 15.65 15.65 15.66 15.66 15.66 15.64 15.64 15.65 15.65 15.66 15.66 15.64 15.66 15.66 15.67 15.67 15.67 15.69 15.67 15.66 15.67 15.66 15.65 15.66 15.67 15.66 15.65 15.64 15.66 15.68 15.67 15.67 15.66 15.63 15.57 15.66 15.67 15.63 15.64 15.64 15.64 15.63 15.62 15.57 15.60 15.58 15.64 15.64 15.65 15.63 15.58 15.50 15.49 15.54 15.42 15.41 15.18 15.44 15.58 15.51 15.13 15.05
15.65 15.66 15.69 15.64 15.65 15.66 15.66 15.66 15.66 15.66 15.66 15.67 15.67 15.65 15.65 15.63 15.64 15.65 15.64 15.64 15.62 15.62 15.62 15.62 15.63 15.63 15.61 15.63 15.63 15.67 15.66 15.66 15.65 15.66 15.65 15.64 15.63 15.63 15.65 15.65 15.64 15.64 15.62 15.64 15.63 15.64 15.65 15.63 15.61 15.55 15.54 15.63 15.64 15.64 15.59 15.64 15.63 15.63 15.64 15.56 15.63 15.61 15.62 15.58 15.59 15.57 15.59 15.59 15.60 15.61 15.58 15.46 15.35 15.39 15.61 15.62 15.55 15.32
15.63 15.64 15.64 15.62 15.63 15.63 15.63 15.63 15.63 15.63 15.63 15.63 15.61 15.63 15.60 15.59 15.60 15.60 15.61 15.60 15.58 15.59 15.59 15.60 15.61 15.62 15.62 15.62 15.61 15.63 15.63 15.63 15.62 15.62 15.61 15.61 15.60 15.61 15.62 15.61 15.61 15.60 15.59 15.60 15.61 15.61 15.61 15.62 15.61 15.51 15.60 15.59 15.60 15.61 15.62 15.61 15.62 15.64 15.62 15.49 15.53 15.50 15.49 15.53 15.54 15.55 15.52 15.54 15.56 15.57 15.56 15.56 15.46 15.37 15.38 15.56 15.58 15.56
15.60 15.60 15.60 15.59 15.59 15.60 15.61 15.61 15.59 15.59 15.59 15.60 15.61 15.61 15.61 15.59 15.60 15.59 15.58 15.58 15.57 15.59 15.59 15.59 15.59 15.58 15.60 15.59 15.60 15.60 15.60 15.60 15.61 15.61 15.60 15.58 15.58 15.57 15.59 15.59 15.58 15.57 15.57 15.59 15.59 15.59 15.58 15.58 15.56 15.56 15.57 15.57 15.55 15.57 15.56 15.57 15.59 15.59 15.61 15.58 15.49 15.51 15.47 15.46 15.45 15.43 15.48 15.52 15.53 15.55 15.55 15.53 15.56 15.51 15.45 15.40 15.56 15.56
15.57 15.57 15.58 15.57 15.57 15.59 15.59 15.58 15.58 15.57 15.58 15.58 15.58 15.59 15.58 15.59 15.58 15.58 15.60 15.58 15.58 15.58 15.57 15.58 15.56 15.58 15.58 15.58 15.57 15.58 15.59 15.59 15.59 15.59 15.58 15.58 15.58 15.56 15.55 15.54 15.55 15.55 15.55 15.57 15.57 15.56 15.55 15.57 15.56 15.55 15.55 15.57 15.57 15.56 15.56 15.56 15.59 15.60 15.59 15.60 15.58 15.57 15.52 15.51 15.54 15.49 15.50 15.45 15.49 15.53 15.53 15.53 15.51 15.44 15.54 15.56 15.56 15.55
15.57 15.57 15.56 15.56 15.54 15.56 15.56 15.55 15.55 15.53 15.56 15.55 15.54 15.56 15.54 15.54 15.52 15.53 15.56 15.57 15.56 15.56 15.55 15.55 15.54 15.55 15.56 15.54 15.56 15.56 15.57 15.56 15.57 15.57 15.56 15.56 15.58 15.56 15.56 15.54 15.53 15.53 15.54 15.59 15.59 15.55 15.55 15.55 15.56 15.59 15.57 15.55 15.56 15.52 15.54 15.55 15.53 15.54 15.56 15.55 15.57 15.56 15.52 15.51 15.51 15.51 15.47 15.46 15.35 15.47 15.52 15.52 15.52 15.48 15.52 15.52 15.53 15.52
15.52 15.52 15.52 15.52 15.53 15.53 15.52 15.51 15.52 15.54 15.53 15.50 15.50 15.50 15.50 15.49 15.50 15.52 15.53 15.52 15.52 15.51 15.50 15.49 15.50 15.52 15.52 15.54 15.55 15.55 15.54 15.53 15.53 15.53 15.52 15.54 15.54 15.54 15.54 15.53 15.52 15.51 15.52 15.55 15.57 15.58 15.56 15.56 15.57 15.56 15.57 15.55 15.54 15.53 15.52 15.51 15.50 15.51 15.52 15.53 15.54 15.55 15.51 15.52 15.52 15.51 15.48 15.43 15.48 15.47 15.50 15.50 15.50 15.39 15.48 15.49 15.47 15.47
15.49 15.50 15.49 15.50 15.51 15.51 15.51 15.51 15.49 15.49 15.48 15.48 15.47 15.48 15.48 15.47 15.48 15.49 15.49 15.48 15.49 15.48 15.48 15.48 15.48 15.50 15.51 15.51 15.54 15.52 15.52 15.52 15.50 15.54 15.51 15.50 15.54 15.53 15.51 15.51 15.49 15.50 15.53 15.52 15.54 15.55 15.54 15.54 15.54 15.53 15.54 15.53 15.52 15.51 15.49 15.50 15.49 15.50 15.49 15.49 15.50 15.50 15.49 15.48 15.50 15.50 15.49 15.44 15.46 15.50 15.45 15.42 15.44 15.35 15.33 15.45 15.46 15.44
15.47 15.46 15.48 15.49 15.48 15.49 15.49 15.48 15.48 15.47 15.47 15.45 15.45 15.45 15.46 15.46 15.46 15.47 15.46 15.47 15.47 15.48 15.50 15.48 15.48 15.48 15.49 15.49 15.49 15.50 15.50 15.51 15.52 15.53 15.53 15.51 15.50 15.50 15.47 15.47 15.46 15.51 15.52 15.52 15.51 15.53 15.51 15.51 15.51 15.51 15.51 15.50 15.50 15.50 15.47 15.48 15.48 15.49 15.47 15.48 15.47 15.47 15.46 15.45 15.47 15.45 15.48 15.47 15.45 15.45 15.48 15.47 15.44 15.41 15.38 15.37 15.40 15.33
