main/data/irradiance/22.05.2023.grid
ncols 839
nrows 679
xllcenter 112.0500
yllcenter -43.9500
cellsize 0.0500
nodata_value 99999.90
[rows 136 to 169 of 679, columns 539 to 615 of 839]
18.13 18.13 18.13 19.10 19.10 19.10 19.42 19.42 19.42 18.52 18.52 18.52 18.52 18.52 18.52 18.52 18.52 19.49 19.49 19.49 19.49 19.49 19.49 19.49 99999.90 99999.90 99999.90 99999.90 18.25 18.22 18.57 18.57 18.57 18.57 18.57 18.57 18.57 18.57 18.76 18.76 19.03 19.03 19.03 18.16 18.92 19.28 19.18 19.30 19.35 18.94 18.93 18.91 18.99 19.02 18.99 19.03 19.07 19.00 18.94 19.24 19.19 19.19 19.30 19.29 19.27 19.22 19.14 19.15 19.16 19.25 19.32 19.37 19.36 19.36 19.32 19.29 19.32
18.13 18.13 18.13 18.18 18.18 19.10 19.42 19.42 18.52 18.52 18.52 18.52 18.52 18.52 18.52 18.52 18.52 18.52 18.52 18.52 18.52 19.49 19.49 19.49 99999.90 99999.90 99999.90 99999.90 18.25 18.22 18.57 18.57 18.57 18.57 18.57 18.57 18.57 18.57 18.57 18.76 18.76 18.61 18.61 18.83 19.01 19.01 19.06 19.15 19.36 19.37 19.01 19.03 18.99 19.04 19.13 19.09 19.03 19.10 19.06 19.13 19.29 19.19 19.19 19.24 19.29 19.24 19.20 19.19 19.22 19.20 19.21 19.28 19.33 19.34 19.34 19.32 19.24
18.13 18.13 18.18 18.18 18.41 18.41 18.41 18.52 18.52 18.52 18.52 18.52 18.52 18.52 18.52 18.52 18.52 18.52 18.52 18.52 18.52 19.49 19.49 19.49 99999.90 99999.90 99999.90 18.76 18.25 18.22 18.57 18.57 18.57 18.57 18.57 18.57 18.57 18.57 18.57 18.57 18.76 18.76 18.83 18.90 19.05 18.94 18.93 19.00 19.09 19.05 19.29 19.06 18.97 18.93 18.98 18.96 19.03 19.14 19.11 19.02 19.16 19.20 19.24 19.23 19.23 19.27 19.24 19.22 19.25 19.21 19.16 19.24 19.30 19.34 19.32 19.33 19.31
19.07 18.18 18.18 18.41 18.41 18.41 18.41 18.52 18.52 18.52 18.52 18.52 18.52 18.52 18.52 18.52 18.52 18.52 18.52 18.52 18.52 19.49 19.49 19.49 99999.90 99999.90 18.34 18.76 18.25 18.22 18.22 18.22 18.57 18.57 18.57 18.57 18.57 18.57 18.57 18.57 18.57 18.66 18.84 18.98 19.03 18.94 19.02 19.01 19.02 19.00 19.03 19.19 18.99 18.84 18.88 18.93 18.91 18.93 18.97 18.95 19.01 19.03 19.22 19.24 19.23 19.28 19.24 19.20 19.22 19.23 19.21 19.23 19.21 19.29 19.30 19.33 19.35
19.17 18.35 18.41 18.41 18.41 18.41 18.41 18.52 18.52 18.52 18.52 18.52 18.52 18.52 18.52 18.52 18.52 18.52 18.52 18.52 18.52 18.16 18.18 99999.90 18.48 18.48 18.48 18.48 18.25 18.22 18.22 18.22 18.22 18.22 18.22 18.43 18.43 18.43 18.43 18.43 18.43 18.80 18.81 18.94 18.89 18.86 19.02 19.05 18.97 19.01 18.93 19.08 19.15 18.77 18.78 18.91 18.94 18.98 18.92 18.90 18.95 19.10 18.98 19.24 19.30 19.20 19.23 19.15 19.11 19.17 19.19 19.19 19.19 19.18 19.24 19.27 19.33
19.22 19.03 19.00 19.00 19.00 19.00 19.00 18.92 18.92 18.92 18.92 18.92 18.92 18.92 18.92 18.92 18.92 18.92 18.92 18.92 18.92 18.62 18.62 18.62 18.62 18.48 18.48 18.48 18.48 18.22 18.22 18.22 18.22 18.22 18.22 18.22 18.22 18.22 18.63 18.63 18.63 18.67 18.70 18.94 18.87 18.87 18.82 18.94 18.93 18.99 19.08 18.98 18.91 19.04 18.97 18.86 18.89 18.92 18.87 18.93 19.02 19.11 18.96 19.01 19.14 19.13 19.05 19.10 19.17 19.21 19.12 19.16 19.20 19.19 19.23 19.23 19.32
19.17 19.16 18.30 18.30 18.30 19.05 19.05 18.92 18.92 18.92 18.92 18.92 18.92 18.92 18.92 18.92 18.92 18.92 18.92 18.92 18.62 18.62 18.08 18.08 18.08 18.07 18.07 18.48 18.48 18.48 18.25 18.22 18.22 18.22 18.22 18.22 18.22 18.22 18.22 18.22 18.22 18.08 18.67 18.85 18.87 18.89 18.70 18.79 18.88 18.91 18.93 19.01 18.93 19.02 19.02 19.00 18.85 18.84 18.85 18.89 18.91 18.97 19.00 19.04 18.92 19.09 19.15 19.19 19.17 19.26 19.25 19.17 19.15 19.09 19.16 19.25 19.32
19.16 19.27 19.21 19.21 19.05 19.05 19.05 18.92 18.92 18.92 18.92 18.92 18.92 18.92 18.92 18.92 18.92 18.92 18.92 18.62 18.62 18.62 18.08 18.08 17.75 17.75 17.75 18.07 18.48 18.48 18.48 18.25 18.25 18.25 18.22 18.22 18.22 18.22 18.22 18.22 18.20 17.77 18.68 18.84 18.85 18.91 18.81 18.74 18.82 18.81 18.86 18.82 18.79 18.74 18.89 18.89 18.92 18.97 18.85 18.89 18.86 18.78 18.86 19.00 19.02 19.10 19.15 19.12 19.13 19.16 19.19 19.23 19.23 19.20 19.24 19.28 19.30
19.19 19.20 19.26 19.05 19.05 19.05 18.90 18.13 18.13 18.92 18.92 18.92 18.92 18.92 18.92 18.92 18.92 18.62 18.62 18.62 18.62 18.08 18.08 18.08 17.75 17.75 17.75 18.07 18.48 18.48 18.48 18.48 18.25 18.25 18.25 18.25 18.25 17.99 17.99 17.99 18.28 18.12 18.77 18.76 18.82 18.92 18.97 18.95 18.93 18.95 18.91 18.90 18.84 18.91 18.90 18.97 18.91 18.99 18.87 18.97 18.81 18.85 18.68 18.79 18.91 18.96 19.14 19.13 19.09 19.10 19.11 19.19 19.21 19.19 19.20 19.26 19.29
19.17 19.13 19.19 19.10 19.10 18.90 17.68 18.13 18.13 18.13 18.13 18.22 18.22 18.22 18.22 18.16 18.62 18.62 18.62 18.62 18.62 18.08 18.08 18.08 17.75 17.75 17.75 18.07 18.07 18.48 18.48 18.48 18.48 18.76 18.25 18.25 18.25 18.25 17.86 17.86 18.35 18.47 18.77 18.98 19.03 19.01 19.03 18.90 18.85 18.85 18.86 18.89 18.98 18.93 18.74 18.79 18.92 18.93 18.80 18.73 18.83 18.75 18.81 18.69 18.80 18.89 18.99 19.12 19.12 19.04 19.10 19.16 19.17 19.16 19.20 19.22 19.19
19.09 19.12 19.13 19.09 18.90 18.90 17.68 18.13 18.13 18.13 18.22 18.22 18.22 18.22 18.16 18.16 18.62 18.62 18.62 18.62 18.08 18.08 18.08 18.08 16.99 17.75 17.75 17.75 18.07 18.07 18.48 18.48 18.48 18.48 18.76 18.76 18.25 18.25 18.25 18.31 17.91 18.64 18.72 18.77 18.86 18.98 18.99 18.94 18.93 18.88 18.88 18.96 19.02 18.99 19.01 18.96 18.94 18.85 18.60 18.78 18.95 18.96 18.80 18.77 18.54 18.82 18.95 19.00 19.12 19.08 19.12 19.15 19.16 19.15 19.20 19.23 19.19
19.12 19.13 19.08 19.08 19.02 18.20 17.68 18.13 18.13 18.13 18.22 18.22 18.22 18.16 18.16 18.32 18.62 18.62 18.62 18.62 18.08 18.08 18.08 16.71 16.99 17.75 17.75 17.75 18.07 18.07 18.48 18.48 18.48 18.48 18.34 18.76 18.76 18.08 18.08 18.05 17.70 18.40 18.75 18.82 18.78 18.77 18.79 18.78 18.79 18.95 19.09 19.07 18.96 18.99 18.97 18.96 18.94 18.78 18.78 18.65 18.74 18.96 18.94 18.86 18.89 18.65 18.72 18.87 18.98 19.12 19.09 19.11 19.13 19.14 19.17 19.18 19.18
19.00 18.96 19.01 19.00 19.05 18.62 17.45 17.74 17.77 17.96 18.22 18.22 18.16 18.16 18.18 18.32 18.62 18.62 18.62 18.08 18.08 18.08 18.08 16.71 16.99 17.75 17.75 17.75 18.07 18.07 18.07 18.48 18.48 18.48 18.48 18.34 18.76 18.76 18.45 18.33 18.15 18.40 18.79 18.98 19.01 19.00 18.89 19.05 19.10 18.98 19.01 18.95 19.01 18.99 18.96 18.96 19.00 18.91 18.96 18.95 18.99 18.94 19.03 18.95 18.90 18.97 18.83 18.72 18.95 19.07 19.11 19.07 19.12 19.12 19.15 19.13 19.10
19.01 19.02 19.00 19.11 19.14 19.02 16.72 16.72 17.97 17.42 17.96 18.16 18.16 18.18 17.71 18.32 18.62 18.62 18.62 18.08 18.08 18.08 18.08 16.71 16.99 17.75 17.75 17.75 17.75 18.07 18.07 18.35 18.48 18.48 18.48 18.34 18.34 18.27 17.91 17.69 17.67 18.64 18.95 19.05 19.04 19.05 19.04 19.07 19.10 19.07 19.06 19.04 19.02 19.03 19.04 19.04 19.01 19.01 18.99 19.01 19.02 18.98 18.96 18.97 18.82 18.82 18.88 18.81 18.87 19.05 19.04 19.09 19.10 19.09 19.14 19.14 19.14
18.94 19.00 19.03 19.07 19.07 19.07 18.33 17.01 17.68 17.93 17.83 17.96 18.18 18.18 17.71 18.32 18.62 18.62 18.08 18.08 18.08 18.08 16.79 16.71 16.99 16.91 17.75 17.75 17.75 18.07 18.07 18.07 18.35 18.48 18.48 18.24 18.34 18.09 18.01 17.13 17.33 18.06 18.83 18.99 19.06 19.06 19.04 19.02 19.02 19.02 19.09 19.04 19.02 19.01 19.07 19.08 19.07 19.02 19.01 19.00 19.01 19.07 19.03 18.93 18.82 18.65 18.73 18.44 18.65 18.89 18.99 19.02 19.01 18.97 19.04 19.05 19.03
18.98 18.97 19.00 19.01 19.04 19.07 18.88 18.20 17.56 17.64 18.09 17.92 17.63 17.64 17.71 18.32 18.62 18.62 18.08 18.08 18.08 17.61 16.79 16.71 16.99 16.91 17.75 17.75 17.75 17.89 18.07 18.07 18.35 18.35 18.63 18.52 18.06 18.35 18.06 17.91 17.66 17.94 18.74 18.96 19.02 19.04 18.98 18.97 19.00 19.04 19.08 19.04 19.00 19.00 19.04 19.08 19.02 19.06 19.04 19.01 19.04 19.04 19.02 18.97 18.97 18.71 18.60 18.54 18.51 18.83 18.84 18.86 18.85 18.87 18.90 18.90 18.83
18.99 18.94 19.02 19.09 19.10 19.01 18.98 18.91 18.82 18.80 18.46 16.39 16.48 17.26 17.75 18.11 18.50 18.13 18.08 18.08 17.61 17.14 16.79 16.71 16.99 16.91 16.68 17.75 17.75 17.89 18.07 18.07 18.31 18.58 18.48 18.45 18.65 18.72 18.44 18.18 18.40 18.35 18.31 18.87 18.92 18.94 18.88 18.92 18.93 18.96 18.98 18.96 18.95 18.96 18.99 18.99 18.99 19.00 18.96 18.97 19.03 19.02 19.02 19.03 18.99 18.93 18.89 18.70 18.55 18.68 18.79 18.70 18.69 18.68 18.76 18.81 18.92
19.02 19.03 19.07 19.06 19.08 19.00 18.94 19.08 19.07 19.02 18.30 16.65 16.81 18.01 17.38 17.83 18.90 17.94 17.54 17.61 17.61 17.14 16.79 16.71 16.99 16.91 16.68 17.75 17.75 17.89 17.52 17.43 17.94 18.47 18.12 18.07 18.97 18.95 18.83 18.75 18.78 18.86 18.63 18.92 18.97 18.95 18.98 18.93 18.94 18.88 18.89 18.92 18.91 18.90 18.98 18.97 18.98 19.01 18.98 18.99 19.01 18.94 19.02 19.05 19.00 18.99 18.94 18.84 18.59 18.57 18.72 18.71 18.66 18.77 18.93 18.97 18.99
18.97 19.06 19.05 19.05 19.08 19.04 18.98 19.09 19.10 18.97 18.81 18.97 18.67 18.36 17.19 18.67 18.86 17.83 18.61 18.28 17.27 17.14 16.79 16.71 16.99 16.91 16.68 16.12 16.76 17.01 17.57 17.26 17.43 18.27 18.58 18.57 19.00 18.88 18.73 18.79 18.84 18.90 18.78 18.92 18.94 18.94 18.95 18.96 18.94 18.94 18.96 18.89 18.90 18.91 18.95 18.96 18.99 18.99 18.99 18.95 18.93 18.94 18.93 18.96 19.01 19.01 18.97 18.93 18.59 18.58 18.78 18.94 18.99 19.00 18.99 18.95 19.00
19.02 19.01 19.01 19.06 19.05 19.04 18.99 19.11 18.99 18.99 19.04 18.83 18.49 18.31 18.15 18.82 18.81 18.70 18.75 18.81 18.77 18.83 18.36 16.99 16.69 16.22 15.73 16.75 16.61 15.92 16.32 16.72 17.49 18.44 18.80 18.54 18.72 18.71 18.63 18.84 18.90 18.85 18.87 18.96 18.98 18.99 18.93 18.94 18.88 18.96 18.96 19.01 18.99 18.91 18.95 18.94 18.95 18.96 18.94 18.91 18.96 18.95 18.95 18.94 19.00 19.01 18.97 18.95 18.87 18.64 18.71 18.92 18.97 18.99 18.99 18.98 18.97
18.99 18.99 18.97 18.94 18.85 18.89 19.07 19.09 19.03 18.97 18.83 18.82 18.81 18.58 18.62 19.01 18.82 18.82 18.75 18.86 18.88 18.88 18.89 18.59 17.61 17.42 18.03 18.56 15.77 15.82 18.20 18.35 18.25 18.26 18.75 18.67 18.82 18.79 18.85 18.86 18.89 18.82 18.85 18.95 18.95 18.96 18.94 18.93 18.94 18.93 18.96 18.96 18.95 18.92 18.93 18.95 18.93 18.90 18.93 18.93 18.95 18.93 18.92 18.93 18.97 18.96 18.94 18.97 19.00 18.92 18.75 18.76 18.81 18.94 19.00 18.97 18.96
18.96 18.98 18.99 19.00 19.07 19.09 19.09 19.05 18.94 18.85 18.78 18.79 18.69 18.77 18.78 18.91 18.91 18.93 18.89 18.75 18.70 18.87 18.88 18.77 18.41 18.26 18.77 18.62 16.63 14.99 18.15 18.43 18.44 18.31 18.72 18.67 18.96 18.89 18.84 18.91 18.95 18.95 19.01 18.93 18.97 18.97 18.96 18.95 18.90 18.90 18.92 18.92 18.86 18.87 18.93 18.88 18.88 18.86 18.88 18.81 18.85 18.91 18.91 18.92 18.93 18.92 18.90 18.92 18.96 18.95 18.86 18.71 18.53 18.86 18.97 18.94 18.96
18.92 18.98 19.00 19.00 19.02 19.04 18.99 18.97 18.81 18.84 18.80 18.78 18.79 18.76 18.69 18.72 19.03 18.83 18.83 18.75 18.67 18.78 18.69 18.74 18.60 18.66 18.74 18.69 17.89 17.54 18.30 18.68 18.60 18.28 18.71 18.79 18.81 19.04 18.88 18.93 18.98 18.99 18.93 18.85 18.90 18.92 18.93 18.91 18.91 18.88 18.90 18.90 18.87 18.83 18.83 18.83 18.80 18.76 18.78 18.80 18.84 18.87 18.87 18.83 18.84 18.82 18.79 18.84 18.89 18.87 18.88 18.85 18.72 18.73 18.97 18.95 18.95
18.94 18.92 18.84 18.97 19.03 18.93 18.79 18.84 18.77 18.77 18.80 18.80 18.75 18.67 18.56 18.66 18.94 18.77 18.44 18.74 18.67 18.78 18.78 18.75 18.78 18.75 18.72 18.75 18.56 18.60 18.60 18.72 18.51 18.18 18.59 18.80 18.74 19.00 18.79 18.91 18.91 18.94 18.90 18.87 18.87 18.87 18.89 18.88 18.92 18.93 18.91 18.88 18.85 18.82 18.77 18.83 18.83 18.80 18.78 18.83 18.79 18.86 18.83 18.84 18.82 18.73 18.73 18.75 18.84 18.84 18.79 18.70 18.76 18.78 18.83 18.94 18.91
18.92 18.87 18.91 19.00 18.95 18.81 18.75 18.82 18.72 18.67 18.77 18.82 18.78 18.67 18.62 18.66 18.77 18.75 18.42 18.56 18.64 18.84 18.83 18.83 18.74 18.71 18.70 18.69 18.59 18.60 18.58 18.67 18.39 18.13 18.54 18.82 18.79 18.99 18.79 18.78 18.77 18.87 18.84 18.75 18.86 18.92 18.85 18.84 18.83 18.86 18.84 18.82 18.82 18.81 18.76 18.76 18.74 18.72 18.72 18.82 18.77 18.79 18.80 18.78 18.57 18.59 18.60 18.66 18.77 18.76 18.79 18.78 18.76 18.80 18.72 18.80 18.93
18.93 18.95 18.96 18.85 18.78 18.68 18.75 18.78 18.68 18.68 18.77 18.79 18.69 18.56 18.63 18.66 18.64 18.88 18.53 18.51 18.76 18.80 18.78 18.74 18.72 18.78 18.73 18.57 18.48 18.56 18.65 18.72 18.63 18.16 18.45 18.74 18.71 18.92 18.74 18.69 18.69 18.69 18.83 18.71 18.78 18.79 18.78 18.81 18.75 18.82 18.80 18.84 18.78 18.77 18.74 18.73 18.67 18.72 18.77 18.86 18.85 18.84 18.85 18.81 18.54 18.61 18.70 18.70 18.66 18.62 18.63 18.68 18.68 18.66 18.78 18.79 18.76
18.74 18.82 18.79 18.72 18.73 18.57 18.66 18.79 18.74 18.68 18.70 18.77 18.66 18.65 18.66 18.61 18.56 18.89 18.71 18.53 18.69 18.67 18.71 18.66 18.74 18.78 18.75 18.59 18.52 18.58 18.70 18.82 18.72 18.38 18.58 18.69 18.73 18.88 18.64 18.72 18.70 18.73 18.85 18.70 18.72 18.80 18.81 18.76 18.68 18.70 18.74 18.77 18.76 18.78 18.80 18.72 18.71 18.77 18.80 18.90 18.88 18.86 18.85 18.65 18.60 18.58 18.61 18.57 18.62 18.62 18.59 18.70 18.63 18.65 18.65 18.69 18.76
18.63 18.62 18.86 18.82 18.67 18.61 18.67 18.72 18.73 18.69 18.68 18.75 18.64 18.72 18.72 18.64 18.55 18.79 18.79 18.61 18.64 18.67 18.69 18.68 18.73 18.58 18.60 18.67 18.68 18.56 18.62 18.64 18.62 18.51 18.66 18.70 18.72 18.95 18.81 18.70 18.70 18.66 18.81 18.80 18.67 18.58 18.72 18.62 18.48 18.59 18.60 18.69 18.65 18.77 18.84 18.75 18.75 18.77 18.77 18.77 18.78 18.80 18.62 18.44 18.59 18.65 18.51 18.53 18.60 18.70 18.67 18.71 18.65 18.58 18.83 18.80 18.71
18.60 18.67 18.81 18.81 18.76 18.63 18.62 18.67 18.67 18.72 18.73 18.71 18.77 18.72 18.57 18.48 18.50 18.59 18.80 18.62 18.61 18.69 18.63 18.61 18.69 18.50 18.68 18.70 18.59 18.68 18.44 18.55 18.28 18.05 18.50 18.65 18.73 18.84 18.90 18.75 18.78 18.68 18.73 18.78 18.71 18.53 18.55 18.49 18.46 18.59 18.64 18.64 18.57 18.73 18.78 18.68 18.70 18.70 18.70 18.67 18.65 18.63 18.52 18.48 18.50 18.60 18.50 18.39 18.47 18.57 18.65 18.60 18.56 18.77 18.81 18.83 18.82
18.69 18.70 18.74 18.76 18.77 18.73 18.62 18.65 18.68 18.77 18.74 18.72 18.66 18.65 18.53 18.64 18.42 18.63 18.76 18.54 18.69 18.69 18.58 18.55 18.54 18.61 18.70 18.66 18.62 18.58 18.43 18.48 18.42 18.29 18.62 18.57 18.62 18.81 18.92 18.78 18.78 18.66 18.73 18.73 18.66 18.68 18.64 18.61 18.69 18.74 18.60 18.61 18.67 18.60 18.64 18.59 18.61 18.66 18.64 18.66 18.70 18.64 18.58 18.49 18.53 18.57 18.53 18.62 18.61 18.52 18.58 18.59 18.65 18.69 18.70 18.74 18.84
18.72 18.59 18.57 18.69 18.69 18.73 18.70 18.68 18.79 18.68 18.63 18.58 18.58 18.73 18.65 18.50 18.44 18.74 18.70 18.38 18.37 18.71 18.69 18.53 18.52 18.49 18.63 18.68 18.74 18.59 18.54 18.51 18.35 18.29 18.45 18.55 18.57 18.75 18.83 18.70 18.72 18.65 18.73 18.56 18.66 18.70 18.68 18.61 18.76 18.80 18.73 18.64 18.66 18.57 18.57 18.55 18.58 18.64 18.69 18.71 18.64 18.60 18.55 18.53 18.52 18.53 18.54 18.68 18.68 18.52 18.56 18.60 18.57 18.56 18.54 18.54 18.70
18.76 18.64 18.52 18.60 18.72 18.73 18.67 18.59 18.69 18.62 18.54 18.47 18.44 18.54 18.69 18.30 18.45 18.84 18.63 18.35 18.38 18.49 18.54 18.56 18.51 18.63 18.64 18.67 18.71 18.65 18.75 18.58 18.35 18.41 18.46 18.49 18.46 18.61 18.81 18.52 18.54 18.60 18.67 18.47 18.63 18.75 18.64 18.54 18.64 18.68 18.68 18.63 18.63 18.63 18.73 18.74 18.68 18.69 18.66 18.67 18.68 18.63 18.65 18.61 18.57 18.56 18.62 18.55 18.54 18.57 18.53 18.59 18.57 18.61 18.67 18.63 18.60
18.65 18.56 18.46 18.45 18.67 18.66 18.57 18.48 18.56 18.60 18.53 18.39 18.41 18.39 18.43 18.60 18.56 18.62 18.50 18.31 18.35 18.60 18.61 18.62 18.54 18.70 18.72 18.70 18.71 18.66 18.71 18.73 18.66 18.61 18.53 18.55 18.40 18.81 18.73 18.57 18.47 18.55 18.58 18.54 18.50 18.62 18.61 18.67 18.59 18.57 18.70 18.70 18.68 18.68 18.66 18.64 18.66 18.70 18.66 18.63 18.66 18.66 18.67 18.64 18.63 18.63 18.68 18.64 18.47 18.39 18.50 18.61 18.59 18.59 18.56 18.58 18.54
18.61 18.47 18.44 18.55 18.59 18.55 18.47 18.39 18.29 18.45 18.43 18.41 18.38 18.33 18.48 18.48 18.51 18.77 18.45 18.41 18.28 18.48 18.41 18.56 18.51 18.70 18.69 18.70 18.67 18.66 18.70 18.64 18.70 18.40 18.39 18.50 18.77 18.73 18.72 18.47 18.45 18.46 18.46 18.53 18.54 18.60 18.64 18.74 18.70 18.59 18.67 18.70 18.65 18.67 18.65 18.63 18.65 18.65 18.63 18.60 18.56 18.59 18.65 18.68 18.71 18.67 18.74 18.73 18.57 18.42 18.49 18.61 18.60 18.63 18.59 18.60 18.56
