main/data/irradiance/22.06.2023.grid
ncols 839
nrows 679
xllcenter 112.0500
yllcenter -43.9500
cellsize 0.0500
nodata_value 99999.90
[rows 210 to 244 of 679, columns 312 to 389 of 839]
16.97 16.97 16.92 16.89 16.90 16.92 16.93 16.90 16.85 16.88 16.84 16.83 16.88 16.87 16.89 16.91 16.84 16.87 16.92 16.95 16.95 16.96 16.94 16.86 16.75 16.72 16.67 16.56 16.55 16.55 16.63 16.47 16.42 16.55 16.62 16.63 16.59 16.47 16.44 16.47 16.54 16.50 16.54 16.46 16.44 16.45 16.49 16.46 16.54 16.48 16.40 16.30 16.31 16.47 16.36 16.31 16.17 15.81 15.75 15.88 15.67 16.05 16.14 15.99 15.61 15.80 15.49 15.40 15.80 16.14 16.01 15.93 15.84 15.90 15.83 15.76 15.58 15.66
16.94 16.94 16.94 16.90 16.91 16.92 16.92 16.92 16.89 16.88 16.83 16.84 16.82 16.85 16.86 16.88 16.86 16.84 16.91 16.95 16.95 16.88 16.82 16.82 16.74 16.68 16.62 16.64 16.65 16.66 16.70 16.68 16.62 16.63 16.64 16.86 16.84 16.76 16.70 16.50 16.50 16.51 16.48 16.54 16.54 16.48 16.51 16.47 16.47 16.44 16.45 16.36 16.35 16.47 16.29 16.30 16.30 16.21 15.86 15.61 15.45 15.23 15.45 15.64 15.42 15.35 15.53 15.60 15.65 15.99 16.11 15.99 16.22 16.53 16.51 16.37 15.91 15.47
16.90 16.92 16.92 16.91 16.92 16.93 16.93 16.92 16.89 16.88 16.83 16.84 16.86 16.85 16.85 16.81 16.78 16.83 16.86 16.87 16.83 16.80 16.77 16.75 16.78 16.56 16.64 16.66 16.64 16.65 16.77 16.63 16.67 16.78 16.74 16.83 16.84 16.77 16.77 16.68 16.58 16.62 16.60 16.18 16.48 16.53 16.51 16.27 16.33 16.38 16.47 16.42 16.44 16.53 16.50 16.15 16.19 16.41 16.21 16.02 15.75 15.51 15.32 15.31 15.02 15.03 15.41 15.27 15.86 15.79 15.95 16.23 15.96 16.06 16.15 16.41 16.39 16.13
16.88 16.88 16.89 16.87 16.89 16.90 16.90 16.89 16.89 16.88 16.87 16.91 16.89 16.90 16.88 16.84 16.80 16.81 16.81 16.80 16.82 16.83 16.82 16.72 16.61 16.49 16.57 16.59 16.72 16.74 16.62 16.58 16.51 16.65 16.73 16.75 16.74 16.78 16.64 16.70 16.69 16.68 16.62 16.38 16.61 16.72 16.58 16.43 16.33 16.32 16.37 16.31 16.38 16.49 16.56 16.44 16.14 16.19 16.29 16.37 16.28 15.96 15.84 15.48 15.35 14.92 14.93 15.01 15.42 15.73 15.59 15.91 15.72 15.87 15.71 16.06 16.19 16.33
16.87 16.86 16.86 16.87 16.89 16.89 16.88 16.88 16.87 16.87 16.87 16.90 16.89 16.90 16.90 16.85 16.83 16.80 16.83 16.81 16.82 16.80 16.74 16.68 16.50 16.44 16.42 16.52 16.59 16.62 16.50 16.63 16.68 16.67 16.70 16.76 16.77 16.74 16.75 16.76 16.73 16.71 16.62 16.66 16.77 16.75 16.68 16.56 16.38 16.43 16.54 16.52 16.40 16.48 16.47 16.46 16.53 16.34 16.21 16.29 16.23 16.27 16.38 15.93 15.62 15.42 15.16 14.96 15.12 15.55 15.51 15.55 15.38 15.22 15.61 15.70 15.72 15.96
16.84 16.85 16.86 16.85 16.84 16.84 16.84 16.83 16.85 16.85 16.86 16.88 16.89 16.89 16.89 16.87 16.87 16.84 16.81 16.79 16.77 16.73 16.70 16.66 16.60 16.37 16.40 16.41 16.46 16.46 16.62 16.75 16.74 16.68 16.70 16.74 16.77 16.74 16.76 16.76 16.76 16.76 16.71 16.76 16.61 16.70 16.60 16.63 16.60 16.50 16.60 16.56 16.67 16.57 16.40 16.39 16.49 16.53 16.43 16.32 16.32 16.17 16.44 16.15 15.64 15.72 15.67 15.47 15.20 15.16 15.43 15.43 15.45 15.51 15.38 15.55 15.64 15.75
16.77 16.79 16.81 16.82 16.81 16.80 16.82 16.82 16.85 16.84 16.82 16.84 16.86 16.86 16.86 16.85 16.84 16.84 16.81 16.80 16.79 16.69 16.62 16.59 16.47 16.38 16.35 16.36 16.34 16.28 16.30 16.45 16.39 16.31 16.45 16.50 16.61 16.66 16.70 16.74 16.74 16.76 16.76 16.75 16.63 16.65 16.68 16.62 16.51 16.59 16.67 16.71 16.76 16.69 16.57 16.41 16.29 16.32 16.38 16.45 16.47 16.19 16.34 16.40 16.18 15.62 15.71 15.57 15.44 15.71 15.43 15.38 15.65 15.65 15.57 15.62 15.53 15.74
16.75 16.72 16.75 16.76 16.75 16.75 16.72 16.73 16.79 16.81 16.82 16.82 16.81 16.79 16.79 16.80 16.80 16.81 16.81 16.80 16.77 16.71 16.61 16.56 16.51 16.32 16.40 16.34 16.28 16.20 16.07 15.97 16.05 16.04 16.12 16.25 16.34 16.44 16.64 16.69 16.51 16.68 16.63 16.67 16.64 16.55 16.44 16.53 16.57 16.55 16.48 16.65 16.70 16.69 16.60 16.58 16.55 16.41 16.29 16.36 16.38 16.29 16.35 16.43 16.40 16.36 16.13 15.77 15.75 15.91 15.67 15.53 15.65 15.75 15.72 15.70 15.66 15.68
16.71 16.67 16.70 16.70 16.70 16.71 16.69 16.69 16.65 16.72 16.73 16.77 16.77 16.77 16.77 16.76 16.77 16.79 16.79 16.77 16.69 16.67 16.62 16.61 16.61 16.43 14.94 16.30 16.31 16.14 16.02 15.97 15.90 15.89 16.03 16.09 16.43 16.53 16.62 16.68 16.70 16.68 16.68 16.65 16.54 16.43 16.51 16.54 16.62 16.52 16.59 16.60 16.61 16.56 16.55 16.69 16.65 16.65 16.59 16.62 16.48 16.41 16.44 16.36 16.42 16.51 16.43 16.26 15.96 15.97 16.14 15.81 15.61 15.84 15.72 15.62 15.69 15.90
16.70 16.68 16.65 16.62 16.63 16.66 16.66 16.66 16.61 16.68 16.71 16.75 16.77 16.77 16.77 16.76 16.76 16.75 16.77 16.65 16.61 16.60 16.54 16.54 16.58 16.55 15.58 16.10 16.24 16.20 16.01 15.90 15.82 15.80 15.91 16.09 16.36 16.43 16.46 16.52 16.65 16.65 16.68 16.69 16.65 16.54 16.43 16.36 16.48 16.61 16.63 16.48 16.38 16.49 16.62 16.63 16.62 16.69 16.68 16.73 16.71 16.64 16.58 16.53 16.34 16.42 16.43 16.44 16.31 16.15 16.02 16.21 16.14 15.82 15.87 15.65 15.54 15.89
16.67 16.67 16.66 16.65 16.60 16.63 16.68 16.68 16.70 16.71 16.72 16.72 16.73 16.70 16.71 16.71 16.72 16.71 16.68 16.58 16.53 16.50 16.50 16.45 16.45 16.49 16.51 16.40 16.16 16.28 16.04 15.90 15.68 15.88 15.85 15.92 16.11 16.12 16.05 16.10 16.38 16.49 16.58 16.63 16.62 16.62 16.39 16.31 16.36 16.46 16.63 16.66 16.67 16.62 16.61 16.62 16.66 16.69 16.65 16.69 16.69 16.72 16.65 16.66 16.63 16.45 16.45 16.46 16.45 16.34 16.22 16.33 16.34 16.18 16.21 15.86 15.56 15.51
16.60 16.60 16.62 16.63 16.59 16.59 16.61 16.63 16.67 16.70 16.66 16.66 16.67 16.67 16.69 16.69 16.68 16.63 16.58 16.49 16.49 16.51 16.49 16.44 16.50 16.60 16.63 16.50 16.35 16.12 16.28 16.16 15.98 15.82 15.77 15.80 15.90 15.99 15.97 16.00 16.08 16.32 16.44 16.51 16.60 16.54 16.37 16.18 16.41 16.59 16.64 16.65 16.63 16.58 16.61 16.62 16.62 16.61 16.62 16.66 16.69 16.67 16.64 16.68 16.65 16.62 16.67 16.51 16.43 16.36 16.27 16.24 16.15 16.29 16.06 16.11 15.89 15.77
16.62 16.59 16.58 16.58 16.56 16.55 16.55 16.58 16.61 16.64 16.61 16.63 16.65 16.67 16.67 16.65 16.61 16.50 16.50 16.44 16.46 16.59 16.62 16.63 16.67 16.69 16.69 16.65 16.41 16.30 16.33 16.32 16.14 15.96 15.76 15.67 15.71 15.71 15.71 15.77 15.89 16.17 16.35 16.47 16.52 16.57 16.51 16.36 16.35 16.57 16.60 16.63 16.60 16.56 16.52 16.58 16.56 16.58 16.61 16.62 16.65 16.64 16.63 16.65 16.63 16.59 16.63 16.64 16.64 16.60 16.44 16.42 16.18 16.04 16.26 16.22 15.93 15.84
16.59 16.57 16.54 16.49 16.50 16.51 16.45 16.49 16.54 16.56 16.56 16.58 16.63 16.66 16.65 16.63 16.59 16.52 16.51 16.55 16.58 16.63 16.68 16.63 16.66 16.65 16.66 16.64 16.52 16.42 16.45 16.38 16.30 16.16 16.00 15.89 15.71 15.62 15.54 15.54 15.66 15.77 15.92 16.13 16.26 16.44 16.52 16.52 16.48 16.48 16.55 16.59 16.56 16.48 16.49 16.55 16.52 16.53 16.60 16.61 16.58 16.60 16.60 16.63 16.62 16.57 16.63 16.63 16.60 16.66 16.59 16.38 16.42 16.29 16.08 16.29 16.20 15.98
16.59 16.56 16.47 16.43 16.45 16.50 16.50 16.50 16.51 16.53 16.58 16.56 16.57 16.60 16.61 16.59 16.57 16.51 16.52 16.57 16.57 16.57 16.46 16.57 16.61 16.30 16.60 16.63 16.60 16.58 16.47 16.30 16.28 16.27 16.15 16.04 15.85 15.69 15.48 15.47 15.46 15.40 15.54 15.74 15.93 16.01 16.13 16.44 16.51 16.51 16.50 16.55 16.53 16.52 16.50 16.44 16.51 16.53 16.52 16.56 16.59 16.60 16.60 16.58 16.60 16.57 16.58 16.61 16.61 16.62 16.55 16.48 16.51 16.52 16.26 16.27 15.90 15.85
16.59 16.60 16.52 16.51 16.52 16.56 16.52 16.53 16.49 16.52 16.52 16.52 16.55 16.57 16.56 16.55 16.57 16.51 16.54 16.55 16.09 16.57 16.56 16.56 16.58 16.59 16.53 16.58 16.59 16.56 16.48 16.45 16.31 16.29 16.22 16.16 15.92 15.75 15.65 15.44 15.34 15.34 15.42 15.44 15.56 15.65 15.68 15.98 16.37 16.51 16.47 16.43 16.44 16.51 16.51 16.49 16.48 16.52 16.53 16.56 16.52 16.53 16.56 16.55 16.59 16.57 16.56 16.55 16.54 16.52 16.52 16.54 16.47 16.48 16.36 16.41 16.36 15.88
16.59 16.62 16.57 16.54 16.53 16.52 16.53 16.50 16.48 16.49 16.53 16.52 16.55 16.54 16.53 16.53 16.52 16.50 16.52 15.09 15.73 16.43 16.50 16.53 16.55 16.53 16.55 16.56 16.57 16.53 16.48 16.47 16.36 16.29 16.25 16.17 16.14 16.10 15.97 15.70 15.44 15.32 15.31 15.33 15.36 15.37 15.40 15.72 16.12 16.40 16.46 16.42 16.40 16.42 16.47 16.50 16.53 16.51 16.54 16.52 16.48 16.50 16.53 16.55 16.55 16.55 16.55 16.53 16.52 16.50 16.51 16.53 16.51 16.50 16.45 16.46 16.44 16.36
16.55 16.56 16.51 16.48 16.52 16.52 16.52 16.50 16.49 16.49 16.52 16.55 16.56 16.54 16.51 16.50 16.51 16.53 16.54 16.00 15.40 15.52 16.22 16.49 16.51 16.58 16.54 16.55 16.52 16.46 16.43 16.36 16.33 16.25 16.19 16.17 16.16 16.15 16.13 16.06 15.76 15.44 15.32 15.34 15.36 15.27 15.20 15.30 15.55 15.86 16.23 16.07 16.14 16.20 16.45 16.45 16.49 16.39 16.37 16.31 16.21 16.33 16.42 16.46 16.49 16.48 16.45 16.48 16.49 16.50 16.51 16.55 16.53 16.50 16.43 16.48 16.53 16.52
16.56 16.54 16.51 16.48 16.46 16.46 16.44 16.50 16.44 16.44 16.53 16.56 16.55 16.54 16.53 16.54 16.53 16.50 15.71 14.90 16.11 15.96 16.05 16.47 16.48 16.46 16.48 16.50 16.42 16.42 16.47 16.32 16.28 16.19 16.11 16.14 16.12 16.10 16.07 16.08 15.88 15.68 15.45 15.41 15.51 15.45 15.33 15.40 15.43 15.49 15.69 15.92 15.95 16.08 16.32 16.40 16.43 16.35 16.39 16.40 16.15 16.25 16.37 16.38 16.40 16.42 16.36 16.40 16.45 16.48 16.49 16.50 16.52 16.51 16.49 16.46 16.39 16.47
16.55 16.51 16.47 16.46 16.47 16.47 16.47 16.46 16.43 16.44 16.50 16.54 16.51 16.52 16.51 16.52 16.50 16.49 16.50 15.54 15.33 15.60 16.49 16.41 16.41 16.44 16.48 16.47 16.38 16.44 16.47 16.47 16.39 16.33 16.18 16.14 16.15 16.04 16.00 16.02 15.98 15.79 15.69 15.50 15.53 15.65 15.60 15.58 15.70 15.72 15.68 15.80 15.88 16.03 16.04 16.15 16.24 16.23 16.26 16.39 16.42 16.29 16.21 16.34 16.31 16.41 16.37 16.37 16.40 16.43 16.45 16.44 16.48 16.48 16.44 16.47 16.33 16.40
16.52 16.50 16.46 16.43 16.44 16.45 16.46 16.45 16.42 16.44 16.49 16.53 16.50 16.50 16.52 16.50 16.49 16.48 16.48 16.22 15.69 16.10 16.41 16.40 16.41 16.43 16.43 16.48 16.44 16.45 16.48 16.44 16.39 16.36 16.33 16.21 16.15 16.05 15.98 15.99 16.02 16.04 15.99 15.84 15.78 15.81 15.86 15.76 15.72 15.77 15.86 15.87 15.97 15.96 15.94 15.92 15.88 15.89 15.98 16.12 16.28 16.32 16.24 16.20 16.14 16.26 16.34 16.35 16.36 16.36 16.41 16.39 16.43 16.46 16.43 16.38 16.37 16.42
16.51 16.48 16.46 16.44 16.45 16.44 16.46 16.47 16.45 16.46 16.47 16.50 16.47 16.46 16.49 16.48 16.48 16.49 16.46 16.46 16.42 16.41 16.38 16.40 16.40 16.42 16.42 16.43 16.39 16.44 16.46 16.43 16.41 16.37 16.36 16.27 16.20 16.08 16.11 16.00 15.90 15.90 15.97 15.99 16.04 16.09 16.08 16.05 15.90 15.79 15.86 15.93 15.97 16.10 16.25 16.19 16.10 15.92 15.89 15.86 15.92 16.14 16.14 16.18 16.16 16.20 16.26 16.29 16.30 16.30 16.34 16.30 16.33 16.38 16.40 16.41 16.42 16.42
16.47 16.45 16.43 16.43 16.43 16.44 16.48 16.47 16.44 16.44 16.48 16.48 16.43 16.46 16.44 16.46 16.47 16.45 16.42 16.42 16.41 16.41 16.43 16.43 16.42 16.41 16.39 16.37 16.36 16.40 16.45 16.43 16.42 16.36 16.29 16.32 16.27 16.22 16.18 16.16 15.96 15.91 15.91 15.83 15.84 15.95 16.05 16.03 15.94 15.87 15.80 15.91 16.00 16.02 16.08 16.19 16.21 16.12 16.10 15.82 15.65 15.66 15.88 16.01 16.10 16.10 16.07 16.17 16.27 16.28 16.31 16.14 16.28 16.28 16.33 16.35 16.35 16.39
16.44 16.45 16.43 16.44 16.45 16.45 16.46 16.46 16.44 16.45 16.46 16.46 16.42 16.46 16.44 16.43 16.43 16.40 16.41 16.39 16.40 16.39 16.41 16.42 16.42 16.42 16.42 16.36 16.35 16.29 16.42 16.41 16.40 16.39 16.37 16.34 16.26 16.25 16.22 16.15 16.04 15.99 15.95 15.79 15.78 15.80 15.89 15.95 15.95 15.90 15.99 16.18 16.23 16.25 16.25 16.25 16.24 16.09 16.00 16.00 15.75 15.65 15.66 15.91 16.03 16.06 16.01 16.14 16.17 16.21 16.18 16.10 16.29 16.25 16.22 16.25 16.28 16.29
16.43 16.43 16.42 16.41 16.43 16.42 16.43 16.43 16.43 16.43 16.44 16.43 16.43 16.42 16.40 16.38 16.38 16.36 16.37 16.40 16.40 16.41 16.39 16.37 16.42 16.41 16.39 16.34 16.27 16.26 16.32 16.37 16.39 16.39 16.37 16.34 16.31 16.25 16.24 16.17 16.09 16.06 16.08 16.05 16.00 15.93 15.95 15.94 16.04 16.07 16.14 16.20 16.28 16.31 16.29 16.29 16.29 16.19 15.99 16.01 16.14 15.98 15.93 15.91 15.86 16.04 16.13 16.23 16.20 16.13 16.13 16.15 16.26 16.23 16.18 16.17 16.16 16.20
16.39 16.41 16.40 16.39 16.38 16.37 16.39 16.42 16.43 16.43 16.42 16.40 16.39 16.40 16.38 16.36 16.33 16.34 16.37 16.37 16.38 16.37 16.35 16.35 16.38 16.36 16.39 16.35 16.31 16.29 16.32 16.34 16.36 16.37 16.38 16.34 16.28 16.26 16.22 16.19 16.12 16.13 16.07 16.15 16.13 16.16 16.16 16.05 16.04 16.03 16.06 16.13 16.21 16.32 16.30 16.29 16.29 16.21 16.09 15.93 16.01 16.04 16.06 15.96 15.80 15.81 16.04 16.01 16.16 16.09 16.10 16.20 16.24 16.22 16.22 16.14 16.21 16.15
16.37 16.38 16.39 16.37 16.35 16.35 16.37 16.40 16.40 16.40 16.35 16.32 16.34 16.37 16.37 16.34 16.30 16.35 16.39 16.37 16.36 16.37 16.36 16.38 16.40 16.38 16.36 16.36 16.37 16.32 16.33 16.29 16.34 16.34 16.33 16.34 16.33 16.34 16.19 16.15 16.22 16.21 16.09 16.15 16.22 16.21 16.24 16.23 16.13 16.04 16.02 16.07 16.06 16.15 16.20 16.25 16.23 16.13 16.01 15.86 15.79 15.91 16.11 16.05 15.95 15.63 15.74 15.89 16.02 16.17 16.19 16.18 16.21 16.22 16.20 16.13 16.14 16.18
16.36 16.36 16.36 16.36 16.32 16.33 16.36 16.39 16.38 16.35 16.34 16.33 16.34 16.35 16.35 16.33 16.32 16.31 16.34 16.33 16.33 16.31 16.28 16.30 16.32 16.33 16.34 16.36 16.33 16.34 16.34 16.30 16.31 16.31 16.31 16.31 16.32 16.27 16.19 16.21 16.26 16.26 16.24 16.13 16.09 16.12 16.18 16.20 16.12 16.10 16.04 16.05 16.00 16.01 15.93 15.95 15.94 15.90 15.86 15.81 15.79 15.88 15.99 15.93 15.91 15.60 15.67 15.78 15.84 16.16 16.16 16.18 16.19 16.13 16.14 16.10 15.97 16.11
16.36 16.36 16.36 16.38 16.35 16.33 16.33 16.36 16.35 16.34 16.29 16.30 16.31 16.33 16.32 16.34 16.31 16.31 16.32 16.32 16.32 16.33 16.31 16.29 16.30 16.33 16.33 16.35 16.33 16.32 16.31 16.28 16.28 16.30 16.31 16.32 16.32 16.30 16.28 16.25 16.25 16.22 16.22 16.16 16.14 16.10 16.14 16.13 16.07 16.07 16.07 16.07 15.99 15.96 15.89 15.87 15.76 15.75 15.80 15.82 15.87 15.85 15.87 15.81 15.74 15.86 15.84 15.79 15.80 16.06 16.10 16.15 16.15 16.13 16.07 16.16 16.12 16.13
16.31 16.31 16.32 16.32 16.32 16.32 16.33 16.34 16.34 16.35 16.32 16.31 16.33 16.33 16.33 16.36 16.33 16.32 16.34 16.32 16.31 16.32 16.32 16.31 16.32 16.32 16.33 16.37 16.36 16.31 16.30 16.29 16.30 16.29 16.30 16.30 16.30 16.31 16.29 16.33 16.27 16.25 16.24 16.21 16.19 16.16 16.14 16.13 16.04 16.03 16.04 15.98 15.95 15.98 15.95 15.93 15.84 15.79 15.76 15.74 15.79 15.80 15.76 15.71 15.76 15.86 15.87 15.73 15.82 16.08 16.10 16.11 16.13 16.15 16.08 16.16 16.11 16.14
16.30 16.29 16.31 16.30 16.31 16.32 16.31 16.32 16.33 16.33 16.32 16.33 16.33 16.31 16.31 16.32 16.32 16.32 16.32 16.31 16.30 16.31 16.32 16.33 16.32 16.31 16.34 16.04 16.35 16.39 16.36 16.33 16.29 16.29 16.28 16.29 16.31 16.31 16.30 16.29 16.27 16.23 16.22 16.22 16.19 16.17 16.09 16.17 16.09 15.97 15.86 15.89 15.94 16.11 16.13 16.06 16.06 15.90 15.80 15.79 15.79 15.75 15.79 15.84 15.88 15.90 15.85 15.57 15.80 15.93 15.95 16.04 16.09 16.15 16.15 16.08 16.06 16.13
16.28 16.27 16.27 16.29 16.29 16.28 16.28 16.29 16.29 16.29 16.28 16.30 16.31 16.31 16.31 16.30 16.31 16.31 16.31 16.31 16.30 16.31 16.31 16.31 16.29 16.32 15.79 15.39 16.38 16.36 16.32 16.29 16.27 16.27 16.29 16.29 16.31 16.30 16.29 16.29 16.26 16.21 16.17 16.18 16.14 16.10 16.09 16.13 16.13 16.10 16.01 15.94 16.03 16.16 16.18 16.11 16.03 15.93 15.81 15.75 15.77 15.75 15.73 15.76 15.79 15.83 15.82 15.63 15.74 15.92 15.81 15.82 15.86 16.04 16.16 16.15 16.14 16.10
16.27 16.26 16.25 16.26 16.28 16.27 16.27 16.27 16.28 16.27 16.27 16.25 16.26 16.27 16.29 16.28 16.26 16.26 16.25 16.24 16.27 16.28 16.29 16.28 16.28 16.20 14.62 15.66 16.20 16.31 16.26 16.24 16.24 16.25 16.26 16.28 16.27 16.28 16.27 16.29 16.29 16.24 16.19 16.18 16.11 16.14 16.18 16.12 16.16 16.11 16.14 16.12 16.14 16.15 16.15 16.09 16.01 15.91 15.81 15.74 15.72 15.68 15.69 15.73 15.79 15.72 15.76 15.73 15.79 15.93 15.70 15.61 15.61 15.81 16.05 16.15 16.10 15.98
16.24 16.24 16.24 16.25 16.25 16.25 16.24 16.24 16.24 16.25 16.24 16.24 16.24 16.25 16.25 16.26 16.25 16.24 16.25 16.24 16.25 16.26 16.25 16.29 15.53 15.52 15.53 16.23 16.28 16.27 16.25 16.23 16.22 16.22 16.22 16.23 16.24 16.24 16.26 16.25 16.28 16.24 16.22 16.17 16.17 16.14 16.17 16.15 16.11 16.09 16.11 16.14 16.17 16.16 16.12 16.10 16.07 15.97 15.80 15.78 15.79 15.77 15.71 15.67 15.77 15.76 15.73 15.81 15.83 15.92 15.72 15.58 15.59 15.67 15.72 15.83 15.77 15.80
16.23 16.24 16.24 16.24 16.24 16.24 16.24 16.22 16.22 16.23 16.22 16.23 16.23 16.23 16.23 16.23 16.23 16.23 16.23 16.23 16.22 16.23 16.26 14.82 13.73 15.55 15.19 16.17 16.26 16.23 16.23 16.22 16.21 16.22 16.20 16.21 16.23 16.24 16.24 16.24 16.24 16.22 16.24 16.16 16.19 16.21 16.18 16.15 16.09 16.08 16.06 16.08 16.11 16.13 16.11 16.12 16.09 16.01 15.92 15.83 15.70 15.71 15.80 15.83 15.82 15.78 15.76 15.72 15.72 15.72 15.61 15.51 15.49 15.53 15.57 15.45 15.43 15.50
