main/data/irradiance/22.09.2023.grid
ncols 839
nrows 679
xllcenter 112.0500
yllcenter -43.9500
cellsize 0.0500
nodata_value 99999.90
[rows 476 to 509 of 679, columns 77 to 153 of 839]
20.08 19.93 20.19 20.20 19.84 19.81 19.65 19.55 19.57 19.45 19.90 20.26 20.79 20.75 20.91 21.02 20.99 20.87 20.73 20.86 21.00 20.94 20.92 20.74 20.58 20.73 20.55 20.43 20.42 20.37 20.19 20.54 20.88 20.75 21.05 20.59 20.59 20.77 20.87 20.83 20.44 20.42 20.04 20.15 20.16 19.38 19.33 18.45 19.19 19.88 19.90 19.66 18.95 19.45 19.38 19.24 19.10 18.70 18.38 18.34 17.68 17.45 17.26 17.23 17.05 16.20 15.75 15.80 15.37 14.78 14.94 15.34 14.87 14.88 16.12 16.89 17.17
20.52 19.88 19.73 19.94 20.02 20.12 19.72 19.53 19.58 19.60 19.63 19.80 20.59 20.42 20.59 20.75 20.88 20.94 20.83 20.59 20.93 20.95 21.01 20.92 20.80 20.79 20.67 20.35 20.58 20.51 20.70 20.86 20.93 20.78 20.60 20.68 20.99 20.52 20.63 20.22 20.23 20.58 20.55 20.80 20.66 19.88 19.33 18.75 18.58 19.41 19.76 20.19 19.27 18.55 19.09 18.90 18.87 18.88 18.63 18.71 18.22 17.48 16.77 16.84 15.80 15.79 15.29 16.09 14.63 15.26 14.61 14.40 14.95 16.16 16.72 16.37 17.18
20.04 19.88 19.68 19.74 19.80 19.84 19.86 19.48 19.46 19.84 19.56 19.77 20.16 20.85 20.65 20.54 20.52 20.35 20.17 20.09 20.06 20.85 20.95 20.89 20.94 20.72 20.39 20.52 20.45 20.68 20.61 20.81 20.64 20.12 20.54 20.42 20.81 20.78 20.87 20.62 20.24 20.06 20.22 20.37 20.39 20.21 20.50 19.81 18.74 19.65 19.40 19.48 18.90 18.33 18.60 18.60 19.21 19.77 18.91 18.98 18.72 18.16 17.00 16.26 15.70 16.04 15.84 17.32 16.29 15.12 14.79 13.34 15.15 16.98 17.73 17.95 18.44
19.72 19.57 19.28 19.43 19.67 19.63 19.84 19.77 19.61 19.66 19.83 19.63 19.90 20.10 20.40 20.32 20.40 20.02 19.56 19.58 19.94 20.59 20.76 20.80 20.76 20.92 20.60 20.55 20.51 20.05 20.08 20.30 19.97 18.99 19.54 20.42 20.40 20.32 20.53 20.37 20.44 20.29 20.25 20.74 20.53 20.26 19.89 19.43 19.24 18.51 19.23 19.63 19.87 19.59 19.68 19.19 19.50 19.52 19.14 19.16 19.51 19.30 17.96 16.60 16.55 16.25 16.37 16.55 16.18 15.61 16.08 15.79 16.73 16.01 16.64 17.50 17.53
19.39 19.54 19.57 19.26 19.25 19.02 19.41 20.27 20.05 19.73 19.59 19.64 19.36 19.60 19.67 19.75 19.42 19.83 19.80 19.49 19.73 20.31 20.58 20.63 20.57 20.64 20.62 20.89 20.64 20.06 19.36 19.80 19.66 18.81 19.46 20.41 20.21 19.95 20.09 19.90 20.40 19.97 20.08 20.58 20.50 20.15 19.40 19.30 18.89 18.98 19.32 19.60 20.02 20.11 19.87 19.94 19.37 19.37 18.36 18.93 19.44 18.15 17.81 17.36 16.78 17.01 16.36 15.81 16.27 15.47 16.28 16.91 17.47 16.58 15.34 15.58 15.31
19.00 19.50 19.44 19.28 18.42 18.78 18.92 19.26 19.32 19.01 18.94 18.78 18.91 19.03 19.04 18.63 18.55 19.24 19.57 19.43 19.33 19.60 19.84 20.40 20.85 20.54 20.43 20.77 20.43 20.41 20.44 19.65 20.80 19.92 19.93 20.36 19.79 20.13 20.08 19.81 19.91 19.89 20.29 20.59 20.56 20.64 20.17 19.57 19.80 19.97 19.21 19.19 19.95 19.47 19.94 19.90 19.31 19.41 18.57 19.13 19.64 18.40 18.30 17.57 17.06 17.24 17.08 16.65 16.38 14.84 15.64 16.16 17.41 17.17 16.87 15.58 15.31
18.94 18.98 19.16 19.17 18.44 18.45 18.63 18.73 18.63 18.33 18.61 18.60 18.45 18.43 18.81 18.42 17.97 18.47 19.12 18.91 18.79 18.36 18.46 18.96 19.50 19.99 20.28 20.45 20.57 20.67 20.71 20.24 20.54 20.60 20.21 20.41 20.45 19.84 20.16 20.24 19.64 20.16 20.35 20.68 20.38 20.66 20.25 19.85 20.42 20.18 19.35 19.68 19.77 19.15 19.12 19.69 19.78 19.16 19.55 19.74 20.16 18.74 19.17 19.17 18.53 17.52 17.18 17.19 17.36 15.99 16.14 16.07 15.95 17.17 16.87 16.87 15.31
19.06 18.65 18.72 19.20 18.68 18.30 18.15 18.28 18.43 18.13 18.01 18.34 18.49 18.67 18.49 18.15 17.84 17.86 18.19 18.23 18.15 17.48 17.68 17.87 18.77 19.08 19.60 19.79 19.83 19.90 20.05 20.56 20.12 20.56 20.91 20.88 20.58 20.64 20.39 20.01 20.11 20.17 19.95 20.71 20.25 20.29 20.15 20.14 20.33 19.81 19.27 19.23 19.63 19.77 19.61 19.46 20.41 20.57 20.60 20.49 20.89 20.90 20.86 20.39 19.12 19.38 18.59 18.93 18.90 17.42 16.85 17.25 16.97 16.97 16.87 16.87 16.87
19.01 18.73 18.93 19.17 18.62 18.20 18.20 17.89 17.82 18.12 18.14 18.20 18.47 18.59 18.61 18.05 17.73 17.89 17.98 18.06 17.91 17.50 17.53 18.60 18.64 18.80 18.32 19.43 19.86 19.42 19.48 20.03 20.51 20.82 20.92 21.13 21.05 20.84 20.76 20.17 19.68 19.50 19.61 20.39 20.50 19.97 19.89 19.76 20.01 20.15 20.17 20.11 20.11 20.23 20.37 20.54 20.92 20.99 20.92 20.97 20.77 20.92 21.03 20.94 20.71 20.00 19.76 19.55 18.99 17.91 17.56 17.10 16.97 16.97 16.97 16.87 16.87
18.96 18.13 18.41 18.74 18.75 18.38 18.00 17.69 17.54 17.57 17.96 18.24 18.37 18.39 18.53 18.55 18.12 17.82 17.75 17.92 17.99 17.57 17.49 18.34 18.43 18.40 18.53 18.75 19.28 20.21 20.16 19.73 20.24 20.71 20.61 20.92 20.80 20.91 20.81 20.57 20.29 19.72 19.67 20.27 20.73 20.38 19.81 19.78 19.91 20.63 20.66 20.71 20.52 20.54 20.44 20.75 20.90 20.93 20.97 21.01 20.74 20.67 20.41 20.69 20.69 20.29 19.81 19.40 18.94 18.19 17.72 17.47 17.47 17.47 16.97 16.97 16.87
18.41 18.51 18.53 18.36 18.52 18.28 17.92 17.82 17.50 17.55 17.81 17.98 18.11 18.33 18.51 18.63 18.43 18.26 18.20 17.99 17.86 17.98 17.42 17.48 17.79 18.04 18.34 18.24 18.82 19.54 19.53 19.15 19.35 20.38 20.62 20.84 20.67 20.69 20.63 20.49 20.25 20.33 20.10 20.34 20.05 20.35 20.51 20.14 19.96 20.40 20.72 20.93 20.89 20.67 20.64 21.00 20.95 21.00 20.86 20.70 20.20 20.11 19.75 19.96 20.32 20.06 20.17 19.59 18.78 18.46 17.58 17.67 17.67 17.67 17.67 17.67 16.97
17.78 17.75 18.03 18.31 18.37 18.27 18.18 18.09 18.28 18.33 18.11 17.95 18.04 18.02 18.31 18.48 18.53 18.19 17.97 18.29 18.08 18.07 17.82 17.28 17.32 17.71 18.13 17.99 17.93 18.21 18.07 18.22 19.11 19.59 19.89 20.47 20.88 20.58 20.49 20.40 20.49 20.41 20.35 20.15 19.45 19.83 20.09 20.60 20.14 20.31 20.28 20.71 20.72 20.28 20.61 20.76 20.23 20.73 20.80 20.49 20.17 19.98 19.37 19.49 20.15 19.34 19.32 19.25 18.70 18.49 17.58 17.67 17.67 17.67 17.67 17.67 17.67
18.05 17.49 17.46 17.52 18.16 18.12 18.61 18.49 18.58 18.83 18.81 18.34 18.21 18.07 18.47 18.40 18.52 18.12 17.53 18.14 18.19 18.31 18.43 18.46 18.03 18.11 17.92 17.80 17.93 16.88 16.81 17.54 18.34 19.10 19.31 19.78 20.38 20.40 20.43 20.64 20.39 19.80 20.28 20.47 19.84 19.80 20.35 20.67 20.54 20.65 20.38 20.48 20.68 20.48 20.66 20.24 19.04 19.70 19.88 18.83 20.17 19.98 19.37 17.74 19.19 18.54 18.94 18.77 18.70 17.95 17.95 17.67 17.67 17.67 17.67 17.67 17.67
19.08 17.95 17.55 17.93 17.90 18.54 18.62 18.75 18.79 19.15 19.18 19.07 18.83 18.48 18.65 18.66 18.50 18.65 17.81 17.94 18.54 18.69 18.84 18.68 18.64 18.57 18.52 17.98 17.23 17.21 16.79 17.12 18.03 18.29 18.92 18.68 19.49 20.37 20.69 20.97 20.98 20.43 19.96 20.92 20.76 20.75 20.57 20.10 20.18 20.33 20.28 20.11 20.41 20.63 20.63 20.55 19.62 19.23 18.19 18.83 18.83 19.98 17.74 17.74 19.19 18.54 18.94 18.77 18.77 17.95 17.95 17.95 17.67 17.67 17.67 17.67 17.67
19.25 18.44 18.11 17.97 17.87 18.39 18.85 18.98 18.85 19.05 19.14 19.19 19.26 19.04 19.06 18.97 18.79 18.95 18.73 18.60 18.73 18.93 18.66 18.84 19.06 19.15 19.04 18.60 18.48 18.11 17.68 17.31 17.50 17.90 18.36 19.03 19.69 20.22 19.86 20.34 20.60 20.32 19.99 20.97 20.30 20.62 20.07 20.21 19.91 19.99 19.90 20.14 19.93 20.79 20.62 20.37 19.28 19.23 18.19 18.19 18.83 18.83 17.74 17.74 19.19 18.54 18.94 18.77 18.77 17.95 17.95 17.95 17.95 17.67 17.67 17.67 17.67
19.38 18.69 18.22 18.17 18.27 18.11 18.13 18.79 18.82 18.84 18.81 19.18 19.18 19.05 19.26 19.32 18.89 19.09 19.02 18.84 18.71 19.14 19.30 18.95 19.03 19.16 19.00 19.12 19.04 18.41 18.48 17.86 17.95 17.54 17.98 19.13 19.79 20.37 19.85 19.62 19.94 19.98 19.85 20.05 20.39 20.33 20.07 20.11 20.03 19.81 19.87 19.34 19.74 20.38 20.59 20.37 19.04 19.04 18.19 18.19 18.19 18.83 17.74 17.74 19.19 18.54 18.94 18.77 18.77 17.95 17.95 17.95 17.95 17.95 17.67 17.67 17.67
19.71 19.48 19.09 18.42 18.51 18.22 17.94 18.00 18.85 18.93 18.75 18.98 19.17 19.13 19.23 19.30 19.12 19.29 19.39 19.30 18.70 18.99 18.99 19.00 19.12 18.91 19.00 19.28 19.41 19.51 19.07 18.49 18.33 17.97 17.96 18.51 18.76 19.09 19.69 19.83 19.61 19.66 20.20 20.06 20.13 19.98 20.24 19.76 19.98 19.75 19.55 19.34 18.69 19.02 19.17 18.93 19.04 19.04 19.04 18.19 18.19 18.19 17.74 17.74 19.19 18.54 18.94 18.77 18.77 17.95 17.95 17.95 17.95 17.95 17.95 17.67 17.67
19.71 20.07 19.57 18.50 18.39 18.15 17.87 17.82 17.94 18.60 18.72 18.88 19.17 19.16 19.20 19.29 19.16 19.20 19.09 19.45 19.19 18.95 18.86 18.83 19.04 19.08 18.95 19.17 19.37 19.59 19.59 19.36 18.93 18.45 18.11 17.83 17.72 17.83 17.99 18.35 18.88 19.66 20.14 20.15 20.13 19.74 19.76 19.64 19.63 19.67 19.40 19.12 18.75 19.02 19.17 18.93 18.93 19.04 19.04 19.04 18.19 18.19 17.74 17.74 19.19 18.54 18.94 18.77 18.77 17.95 17.95 17.95 17.95 17.95 17.95 17.95 17.67
19.51 19.51 18.79 18.77 18.37 18.07 17.68 17.62 17.90 18.23 18.63 18.78 18.90 19.08 19.24 19.34 19.01 19.06 19.45 19.21 19.33 19.35 19.15 19.04 18.95 18.89 19.05 19.06 19.33 19.54 19.60 19.63 19.40 19.06 18.73 18.27 17.80 17.38 17.39 17.25 17.53 18.24 18.82 18.56 18.77 18.81 18.81 19.08 19.75 19.74 19.28 19.12 18.75 18.75 19.17 18.93 18.93 18.93 19.04 19.04 19.04 18.19 17.74 17.74 19.19 18.54 18.94 18.77 18.77 17.95 17.95 17.95 17.95 17.95 17.95 17.95 17.95
19.51 19.51 18.32 17.62 17.26 17.40 17.36 17.65 17.71 17.77 18.19 18.77 18.87 18.56 18.68 18.86 19.06 18.98 19.14 19.28 19.23 18.97 19.12 19.00 18.96 18.89 18.72 18.95 19.19 19.28 19.30 19.44 19.32 19.23 18.99 18.72 18.48 17.91 17.73 17.52 17.54 17.46 17.26 17.40 17.53 18.12 18.66 18.91 19.08 19.88 19.28 19.28 18.75 18.75 18.75 18.93 18.93 18.93 18.93 19.04 19.04 19.04 17.74 17.74 19.19 18.54 18.94 18.77 18.77 17.95 17.95 17.95 17.95 17.95 17.95 17.95 17.95
19.51 18.32 18.32 17.62 17.26 17.40 16.16 16.22 16.55 16.78 17.64 18.45 18.73 18.46 18.46 18.34 18.75 18.71 18.79 18.81 18.86 18.87 18.78 18.75 18.98 18.90 18.66 18.70 19.32 19.12 19.27 19.13 19.12 19.16 19.06 18.77 18.53 18.43 18.22 17.94 17.80 17.55 17.09 17.18 17.58 17.89 18.11 18.72 19.41 19.72 19.72 19.72 19.28 18.75 18.75 18.93 18.93 18.93 18.93 18.93 19.04 19.04 19.04 17.74 19.19 18.54 18.94 18.77 18.77 17.95 17.95 17.95 17.95 17.95 17.95 17.95 17.95
18.32 18.32 18.32 17.62 17.26 16.16 16.16 16.22 16.55 16.51 17.64 18.49 18.59 18.33 18.31 17.94 18.03 17.88 18.43 18.32 18.36 18.24 18.55 18.40 18.47 18.29 18.66 18.79 19.00 18.59 18.54 18.80 18.43 18.89 18.91 18.86 18.77 18.30 18.29 17.96 17.84 17.77 17.21 17.12 17.45 17.83 17.79 18.93 18.59 17.99 17.99 17.99 17.99 17.99 18.75 18.93 18.93 18.93 18.93 18.93 18.93 19.04 19.04 17.74 19.19 18.54 18.94 18.77 18.77 17.95 17.95 17.95 17.95 17.95 17.95 17.95 17.95
18.32 18.32 18.32 17.62 16.16 16.16 16.16 16.22 16.51 16.51 16.51 18.49 18.69 18.52 18.43 17.66 17.78 17.95 17.91 18.19 18.17 17.56 18.20 17.85 17.86 17.49 17.66 18.28 18.62 18.00 18.12 18.24 18.23 18.65 18.71 18.68 18.56 18.61 18.28 18.12 18.01 17.94 17.66 17.34 17.42 17.17 17.79 18.93 18.59 17.99 17.99 17.99 17.99 17.99 17.99 18.75 18.93 18.93 18.93 18.93 18.93 18.93 19.04 19.04 19.19 18.54 18.94 18.77 18.77 17.95 17.95 17.95 17.95 17.95 17.95 17.95 17.95
18.32 18.32 18.32 17.62 16.16 16.16 16.16 16.51 16.51 16.51 16.51 18.69 18.69 18.02 17.68 16.67 17.50 18.12 17.72 18.03 17.87 17.83 17.77 17.42 17.23 17.28 17.07 16.34 16.77 17.54 17.84 17.99 17.43 17.67 18.44 18.93 18.79 18.51 18.49 18.38 17.96 17.86 17.86 17.34 17.42 17.17 17.17 18.93 18.59 17.99 17.99 17.99 17.99 17.99 17.99 17.99 18.93 18.93 18.93 18.93 18.93 18.93 18.93 19.04 19.04 19.04 18.19 18.19 18.19 99999.90 99999.90 99999.90 99999.90 99999.90 99999.90 99999.90 99999.90
18.32 18.32 18.32 17.62 16.16 16.16 16.16 16.51 16.51 16.51 18.69 18.69 18.02 18.02 17.68 16.67 17.50 18.12 17.72 18.03 17.87 17.83 17.77 17.42 17.23 17.28 17.07 16.34 16.77 17.54 17.84 17.65 17.21 17.12 17.78 18.93 18.79 18.51 18.67 18.38 17.96 17.86 17.86 17.86 17.42 17.17 17.17 17.17 18.59 17.99 17.99 17.99 17.99 17.99 17.99 17.99 17.99 18.93 18.93 18.93 18.93 18.93 18.93 18.93 19.04 19.04 19.04 99999.90 99999.90 99999.90 99999.90 99999.90 99999.90 99999.90 99999.90 99999.90 99999.90
18.32 18.32 18.32 16.16 16.16 16.16 16.16 16.51 16.51 16.51 18.69 18.02 18.02 18.02 17.68 16.67 17.50 18.12 17.72 18.03 17.87 17.83 17.77 17.42 17.23 17.28 17.07 16.34 16.77 17.54 17.65 17.65 17.21 17.12 17.78 17.78 18.79 18.67 18.67 18.38 18.38 18.38 17.86 17.86 17.86 17.17 17.17 17.17 18.59 17.99 17.99 17.99 17.99 17.99 17.99 17.99 17.99 17.99 18.93 18.93 18.93 18.93 18.93 18.93 18.93 19.04 19.04 99999.90 99999.90 99999.90 99999.90 99999.90 99999.90 99999.90 99999.90 99999.90 99999.90
18.32 18.32 18.32 16.16 16.16 16.16 16.51 16.51 16.51 16.51 18.02 18.02 18.02 18.02 17.68 16.67 17.50 18.12 17.72 18.03 17.87 17.83 17.77 17.42 17.23 17.28 17.07 16.34 16.77 17.65 17.65 17.65 17.21 17.12 17.78 17.78 17.78 18.67 18.67 18.38 18.38 18.38 18.38 17.86 17.86 17.17 17.17 17.17 18.59 17.99 17.99 17.99 17.99 17.99 17.99 17.99 17.99 17.99 17.99 18.93 18.93 18.93 18.93 18.93 18.93 18.93 99999.90 99999.90 99999.90 99999.90 99999.90 99999.90 99999.90 99999.90 99999.90 99999.90 99999.90
18.32 18.32 18.32 16.16 16.16 16.16 16.51 16.51 16.51 18.02 18.02 18.02 18.02 18.02 17.68 16.67 17.50 18.12 17.72 18.03 17.87 17.83 17.77 17.42 17.23 17.28 17.07 16.34 16.77 17.65 17.65 17.65 17.21 17.12 17.78 17.78 17.78 18.67 18.38 18.38 18.38 18.38 18.38 18.38 17.86 17.17 17.17 17.17 17.17 17.99 17.99 17.99 17.99 17.99 17.99 17.99 17.99 17.99 17.99 17.99 18.75 18.75 18.75 99999.90 99999.90 99999.90 99999.90 99999.90 99999.90 99999.90 99999.90 99999.90 99999.90 99999.90 99999.90 99999.90 99999.90
18.32 18.32 16.16 16.16 16.16 16.16 16.51 16.51 16.51 18.02 18.02 18.02 18.02 18.02 17.68 16.67 17.50 18.12 17.72 18.03 17.87 17.83 17.77 17.42 17.23 17.28 17.07 16.34 16.77 17.65 17.65 17.65 17.21 17.12 17.78 17.78 17.78 18.67 18.38 18.38 18.38 18.38 18.38 18.38 18.38 17.86 17.17 17.17 17.17 17.99 17.99 17.99 17.99 17.99 17.99 17.99 17.99 17.99 17.99 17.99 19.28 99999.90 99999.90 99999.90 99999.90 99999.90 99999.90 99999.90 99999.90 99999.90 99999.90 99999.90 99999.90 99999.90 99999.90 99999.90 99999.90
18.32 18.32 16.16 16.16 16.16 16.51 16.51 16.51 18.02 18.02 18.02 18.02 18.02 18.02 17.68 16.67 17.50 18.12 17.72 18.03 17.87 17.83 17.77 17.42 17.23 17.28 17.07 16.34 17.65 17.65 17.65 17.65 17.21 17.12 17.78 17.78 17.78 18.38 18.38 18.38 18.38 18.38 18.38 18.38 18.38 18.38 17.17 17.17 17.17 17.99 17.99 17.99 17.99 17.99 17.99 17.99 17.99 17.99 17.99 17.99 99999.90 99999.90 99999.90 99999.90 99999.90 99999.90 99999.90 99999.90 99999.90 99999.90 99999.90 99999.90 99999.90 99999.90 99999.90 99999.90 99999.90
16.16 16.16 16.16 16.16 16.16 16.51 16.51 16.51 18.02 18.02 18.02 18.02 18.02 18.02 17.68 16.67 17.50 18.12 17.72 18.03 17.87 17.83 17.77 17.42 17.23 17.28 17.07 16.34 17.65 17.65 17.65 17.65 17.21 17.12 17.78 17.78 17.78 18.38 18.38 18.38 18.38 18.38 18.38 18.38 18.38 18.38 18.38 17.17 17.17 17.17 17.99 17.99 17.99 17.99 17.99 17.99 17.99 17.99 17.99 17.99 99999.90 99999.90 99999.90 99999.90 99999.90 99999.90 99999.90 99999.90 99999.90 99999.90 99999.90 99999.90 99999.90 99999.90 99999.90 99999.90 99999.90
16.51 16.51 16.51 16.51 16.51 16.51 16.51 18.02 18.02 18.02 18.02 18.02 18.02 18.02 17.68 16.67 17.50 18.12 17.72 18.03 17.87 17.83 17.77 17.42 17.23 17.28 17.07 16.34 17.65 17.65 17.65 17.65 17.21 17.12 17.78 17.78 18.38 18.38 18.38 18.38 18.38 18.38 18.38 18.38 18.38 18.38 18.38 17.17 17.17 17.17 17.99 17.99 17.99 17.99 17.99 17.99 17.99 17.99 17.99 17.99 99999.90 99999.90 99999.90 99999.90 99999.90 99999.90 99999.90 99999.90 99999.90 99999.90 99999.90 99999.90 99999.90 99999.90 99999.90 99999.90 99999.90
99999.90 99999.90 18.69 18.69 18.02 18.02 18.02 18.02 18.02 18.02 18.02 18.02 18.02 18.02 17.68 16.67 17.50 18.12 17.72 18.03 17.87 17.83 17.77 17.42 17.23 17.28 17.07 17.65 17.65 17.65 17.65 17.65 17.21 17.12 17.78 17.78 18.38 18.38 18.38 18.38 18.38 18.38 18.38 18.38 18.38 18.38 18.38 18.38 17.17 17.17 17.17 17.17 17.17 17.17 17.17 17.17 99999.90 99999.90 99999.90 99999.90 99999.90 99999.90 99999.90 99999.90 99999.90 99999.90 99999.90 99999.90 99999.90 99999.90 99999.90 99999.90 99999.90 99999.90 99999.90 99999.90 99999.90
99999.90 99999.90 99999.90 18.02 18.02 18.02 18.02 18.02 18.02 18.02 18.02 18.02 18.02 18.02 17.68 16.67 17.50 18.12 17.72 18.03 17.87 17.83 17.77 17.42 17.23 17.28 17.07 17.65 17.65 17.65 17.65 17.65 17.21 17.12 17.78 17.78 18.38 18.38 18.38 18.38 18.38 18.38 18.38 18.38 18.38 18.38 18.38 18.38 18.38 18.38 17.86 17.86 17.86 99999.90 99999.90 99999.90 99999.90 99999.90 99999.90 99999.90 99999.90 99999.90 99999.90 99999.90 99999.90 99999.90 99999.90 99999.90 99999.90 99999.90 99999.90 99999.90 99999.90 99999.90 99999.90 99999.90 99999.90
