main/data/irradiance/22.04.2023.grid
ncols 839
nrows 679
xllcenter 112.0500
yllcenter -43.9500
cellsize 0.0500
nodata_value 99999.90
[rows 544 to 577 of 679, columns 539 to 615 of 839]
99999.90 99999.90 99999.90 99999.90 99999.90 11.34 11.34 11.34 10.20 10.20 10.20 10.20 10.20 10.20 10.20 10.20 10.20 11.45 11.05 10.32 9.86 10.12 9.80 9.74 10.41 10.61 10.12 9.83 9.83 10.03 10.17 9.59 9.50 9.58 9.29 9.61 9.34 9.34 9.17 8.94 8.88 8.71 8.73 8.57 8.32 8.42 8.00 8.02 7.79 7.76 8.13 7.79 8.22 7.87 7.58 7.17 7.48 7.23 6.88 6.36 6.11 5.81 5.65 5.55 5.25 4.75 4.69 4.87 4.94 4.89 4.72 5.04 5.69 6.35 6.42 5.85 6.19
99999.90 99999.90 99999.90 99999.90 99999.90 11.34 10.20 10.20 10.20 10.20 10.20 10.20 10.20 10.20 10.20 10.20 10.20 10.20 11.05 10.25 10.15 9.69 9.46 9.38 9.37 10.18 10.04 9.86 9.35 9.21 9.37 9.40 9.58 8.83 8.67 9.27 9.20 9.75 9.60 8.54 8.61 8.55 8.37 8.48 8.29 8.09 7.64 7.32 7.90 7.75 7.39 7.83 7.60 7.65 7.74 7.25 7.12 6.95 7.17 6.77 6.36 5.98 5.95 5.64 5.06 4.68 4.61 4.97 4.88 4.56 4.59 5.03 5.98 5.95 6.29 5.79 5.60
99999.90 99999.90 99999.90 99999.90 99999.90 11.34 10.20 10.20 10.20 10.20 10.20 10.20 10.20 10.20 10.20 10.20 10.20 10.20 10.25 10.25 9.86 9.84 9.51 9.50 9.64 9.28 9.95 10.30 9.68 9.36 8.89 8.48 9.36 9.25 8.61 9.05 9.01 8.88 9.36 8.50 8.48 8.68 8.89 8.68 8.25 8.14 7.94 7.56 7.45 7.56 7.43 7.31 7.57 7.47 7.48 7.07 7.03 6.75 7.00 6.84 6.42 5.87 5.82 5.91 5.07 4.91 5.01 5.33 5.22 4.67 4.57 5.13 5.94 5.97 6.36 6.15 5.58
99999.90 99999.90 99999.90 99999.90 99999.90 11.34 10.20 10.20 10.20 10.20 10.20 10.20 10.20 10.20 10.20 10.20 10.20 10.25 10.25 9.86 9.86 9.83 9.80 9.06 9.49 9.44 10.05 10.01 9.74 8.89 8.91 8.53 8.78 9.74 9.06 9.10 8.78 9.08 9.28 8.74 8.50 8.26 8.11 7.89 8.27 8.54 8.39 7.81 7.59 8.13 7.59 7.30 6.92 7.05 7.03 6.73 6.87 6.53 6.49 6.53 6.20 5.95 5.89 5.80 5.31 5.32 5.29 5.07 5.42 5.19 5.07 5.12 5.58 5.69 6.09 5.89 5.51
99999.90 99999.90 99999.90 99999.90 99999.90 11.34 10.20 10.20 10.20 10.20 10.20 10.20 10.20 10.20 10.20 10.20 10.20 10.25 9.86 9.65 9.65 9.65 9.50 9.14 9.73 9.44 9.72 9.50 9.48 9.40 9.33 8.71 9.00 9.73 9.22 9.38 8.67 8.45 8.63 8.83 8.64 8.73 8.17 8.05 7.81 8.68 8.92 8.13 7.95 8.17 7.63 7.20 6.83 6.68 6.71 6.85 6.40 6.19 6.17 6.35 6.41 6.29 6.09 5.99 5.35 5.52 5.52 5.35 5.07 5.00 5.13 5.54 5.85 5.59 5.44 5.58 5.44
99999.90 99999.90 99999.90 99999.90 99999.90 11.34 10.20 10.20 10.20 10.20 10.20 10.20 10.20 10.20 10.20 10.20 10.20 9.65 9.65 9.65 9.65 9.65 9.59 9.29 9.91 9.79 9.57 9.94 9.42 9.61 9.57 9.11 8.84 9.09 9.12 9.54 8.50 7.61 7.96 9.05 8.81 8.71 8.56 8.63 8.14 8.01 8.54 8.86 8.63 7.90 7.67 7.57 7.49 6.86 6.78 6.57 6.43 6.57 6.19 6.00 6.23 6.31 6.11 6.14 5.72 5.65 5.79 5.41 5.31 5.16 5.59 5.87 5.89 5.88 5.76 5.62 5.41
99999.90 99999.90 99999.90 99999.90 99999.90 11.34 10.20 10.20 10.20 10.20 10.20 10.20 10.20 10.20 10.20 10.20 9.65 9.65 9.65 9.65 9.65 9.59 9.59 9.46 9.46 9.59 9.91 9.63 8.93 9.08 8.93 8.67 8.54 8.95 8.54 8.78 8.61 8.47 8.27 8.43 8.99 9.29 8.85 8.43 8.43 8.24 8.40 8.18 8.33 7.94 7.67 7.69 7.56 7.40 6.80 6.41 6.41 6.66 6.54 6.03 6.00 6.14 6.16 6.17 6.08 6.34 6.21 5.53 5.75 5.57 5.58 5.70 5.77 5.74 5.83 5.65 5.38
99999.90 99999.90 99999.90 99999.90 99999.90 99999.90 10.20 10.20 10.20 10.20 10.20 10.20 10.20 10.20 10.20 9.65 9.65 9.65 9.65 9.65 9.59 9.59 9.46 9.46 9.89 10.21 10.25 9.98 9.05 8.93 8.76 9.10 9.13 8.88 8.55 8.33 8.50 8.48 8.62 8.43 8.62 9.12 9.12 8.73 8.38 8.52 8.46 8.17 7.67 7.81 8.09 7.90 7.91 7.24 6.87 6.76 6.79 6.85 7.01 6.17 6.27 5.99 6.01 5.93 5.81 5.86 6.03 6.01 6.30 6.04 5.88 5.66 5.55 5.46 5.84 5.91 5.77
99999.90 99999.90 99999.90 99999.90 99999.90 99999.90 10.20 10.20 10.20 10.20 10.20 10.20 10.20 10.20 9.65 9.65 9.65 9.65 9.65 9.59 9.59 9.46 9.46 9.89 9.89 10.29 10.75 11.14 10.36 9.72 9.49 9.35 8.65 9.47 8.68 8.82 8.67 8.74 8.62 8.59 9.16 9.10 8.81 8.40 8.56 8.55 8.05 8.13 7.46 7.41 7.64 8.02 7.75 7.46 7.17 7.09 6.95 6.64 6.96 6.31 6.34 6.70 6.74 6.40 6.04 5.90 5.70 6.22 6.31 6.31 6.19 6.01 5.78 5.47 5.47 5.59 5.76
99999.90 99999.90 99999.90 99999.90 99999.90 99999.90 10.20 10.20 10.20 10.20 10.20 10.20 10.20 9.65 9.65 9.65 9.65 9.65 9.59 9.59 9.46 9.46 9.89 9.89 10.29 10.29 11.33 11.42 10.58 10.01 9.84 9.40 9.19 8.85 8.86 9.12 8.88 8.28 8.46 8.91 9.06 9.07 8.80 8.61 8.77 8.77 8.01 7.49 7.02 7.10 7.62 8.16 8.06 7.89 7.46 7.31 7.28 7.04 6.90 6.70 6.38 6.31 6.88 6.75 6.77 6.36 6.28 6.09 6.21 6.02 6.14 6.04 5.93 5.78 5.40 5.39 5.79
99999.90 99999.90 99999.90 99999.90 99999.90 99999.90 10.20 10.20 10.20 10.20 10.20 10.20 10.20 9.65 9.65 9.65 9.65 9.59 9.59 9.46 9.46 9.89 9.89 10.29 11.27 11.27 11.27 11.19 10.64 9.50 9.77 9.64 10.30 9.32 9.67 9.04 9.11 8.60 8.51 8.22 8.96 8.99 8.88 8.69 7.92 8.67 8.32 7.89 7.00 7.34 7.28 7.31 7.21 7.57 7.62 7.23 7.37 7.33 7.07 6.90 6.74 6.54 6.42 6.55 6.33 6.47 6.69 6.47 6.23 6.24 6.14 6.02 6.08 5.62 5.65 5.57 5.62
99999.90 99999.90 99999.90 99999.90 99999.90 99999.90 99999.90 99999.90 99999.90 10.25 10.25 9.65 9.65 9.65 9.65 9.65 9.59 9.59 9.46 9.46 9.89 9.89 11.27 11.27 11.27 11.27 11.27 11.61 11.57 10.78 9.16 9.36 9.39 9.59 9.83 9.12 8.98 8.96 8.24 8.05 8.37 8.35 8.69 8.20 8.40 8.53 8.14 7.50 7.24 7.29 7.67 7.41 7.12 6.93 7.15 7.38 7.28 7.37 6.77 6.89 7.15 7.06 6.81 6.28 6.43 6.57 6.75 6.50 6.32 6.29 6.33 6.13 5.81 5.79 5.77 5.83 5.52
99999.90 99999.90 99999.90 99999.90 99999.90 99999.90 99999.90 99999.90 99999.90 99999.90 9.86 9.65 9.65 9.65 9.65 9.59 9.59 9.46 9.46 9.89 11.27 11.27 11.27 11.27 11.27 11.27 11.61 11.61 11.06 10.97 10.72 10.03 9.92 9.30 10.12 8.55 8.78 8.43 8.45 8.49 8.10 7.95 8.24 7.88 8.85 8.27 7.18 7.07 6.92 6.78 7.96 7.68 6.88 6.85 6.73 6.91 7.04 6.96 6.87 6.90 7.13 7.52 6.98 6.43 6.47 6.35 6.54 6.63 6.41 6.44 6.49 6.25 6.01 5.90 5.75 5.34 5.66
99999.90 99999.90 99999.90 99999.90 99999.90 99999.90 99999.90 99999.90 99999.90 99999.90 99999.90 9.65 9.65 9.65 9.59 9.59 9.46 9.46 9.89 11.27 11.27 11.27 11.27 11.27 11.27 11.61 10.13 10.13 10.13 10.50 11.06 10.16 9.93 9.69 9.73 9.49 8.92 8.01 7.07 7.85 7.43 7.70 7.42 8.25 7.76 7.65 7.35 7.54 6.79 6.16 7.54 7.28 6.90 6.63 6.45 6.70 6.93 6.46 6.80 6.55 6.42 7.16 7.16 6.75 6.90 6.84 6.82 6.78 6.78 6.55 6.44 6.17 5.92 6.01 5.74 5.44 5.67
99999.90 99999.90 99999.90 99999.90 99999.90 99999.90 99999.90 99999.90 99999.90 99999.90 99999.90 9.65 9.65 9.59 9.59 9.46 9.46 11.27 11.27 11.27 11.27 11.27 11.27 11.27 10.13 10.13 10.13 10.13 10.13 10.50 11.21 10.31 10.01 9.58 9.16 9.71 9.16 8.17 7.71 7.23 8.25 7.24 7.10 7.44 7.15 7.44 7.63 7.54 6.43 6.54 7.22 7.10 6.84 6.70 6.67 7.11 6.93 6.48 6.49 6.55 6.76 7.25 7.08 6.70 6.66 6.81 6.89 6.98 6.86 6.87 6.49 6.19 5.97 5.98 5.68 5.59 5.62
99999.90 99999.90 99999.90 99999.90 99999.90 99999.90 99999.90 99999.90 99999.90 99999.90 99999.90 99999.90 9.59 9.59 9.46 9.46 11.27 11.27 11.27 11.27 11.27 11.27 10.13 10.13 10.13 10.13 10.13 10.13 10.13 11.21 11.21 10.31 10.87 10.29 10.27 9.44 9.29 8.72 7.80 7.92 7.69 7.36 8.12 7.85 6.95 6.45 7.02 7.16 6.85 7.15 7.01 6.95 6.96 7.08 6.91 7.41 6.46 6.10 6.20 6.31 6.51 6.81 6.88 6.60 6.53 6.60 6.75 7.09 7.01 6.82 6.63 6.22 6.13 6.01 5.64 5.89 5.71
99999.90 99999.90 99999.90 99999.90 99999.90 99999.90 99999.90 99999.90 99999.90 99999.90 99999.90 99999.90 99999.90 9.46 9.46 9.89 11.27 11.27 11.27 11.27 11.27 10.13 10.13 10.13 10.13 10.13 10.13 10.13 11.21 11.21 11.21 10.87 10.87 10.29 9.54 9.10 8.60 8.72 7.85 7.71 7.85 8.38 7.95 7.16 6.80 6.52 6.31 7.18 7.22 7.54 7.62 7.21 7.19 7.32 7.39 7.24 6.69 5.93 6.23 6.47 6.50 6.55 6.97 6.97 6.75 6.67 6.95 7.01 6.88 7.11 6.40 6.33 6.19 6.22 5.99 5.88 5.66
99999.90 99999.90 99999.90 99999.90 99999.90 99999.90 99999.90 99999.90 99999.90 99999.90 99999.90 99999.90 99999.90 99999.90 9.89 9.89 11.27 11.27 11.27 10.13 10.13 10.13 10.13 10.13 10.13 10.13 10.13 10.13 11.21 11.21 10.87 10.87 10.87 9.54 9.54 9.10 8.60 8.60 7.85 7.71 7.85 8.38 7.52 7.11 6.72 6.80 6.28 6.28 6.94 7.59 7.12 7.30 7.41 7.15 7.23 7.51 6.82 6.46 6.28 6.35 6.70 6.81 7.03 7.36 7.31 6.93 7.26 7.22 7.13 6.97 6.46 6.01 6.05 5.98 5.82 5.68 5.97
99999.90 99999.90 99999.90 99999.90 99999.90 99999.90 99999.90 99999.90 99999.90 99999.90 99999.90 99999.90 99999.90 99999.90 99999.90 10.29 11.27 11.27 10.13 10.13 10.13 10.13 10.13 10.13 10.13 10.13 10.13 11.21 11.21 11.21 10.87 10.87 9.54 9.54 9.54 9.10 8.60 8.60 7.85 7.71 7.85 7.52 7.52 7.11 7.64 7.49 7.37 6.79 6.50 7.61 7.59 7.45 7.22 6.79 6.97 7.17 7.26 7.37 7.28 6.86 6.80 7.09 7.11 7.02 7.17 7.32 6.96 7.09 7.31 6.70 6.57 6.07 5.59 5.72 5.82 5.75 5.71
99999.90 99999.90 99999.90 99999.90 99999.90 99999.90 99999.90 99999.90 99999.90 99999.90 99999.90 99999.90 99999.90 99999.90 99999.90 99999.90 11.27 11.27 10.13 10.13 10.13 10.13 10.13 10.13 10.13 10.13 10.13 11.21 11.21 10.87 10.87 10.87 9.54 9.54 9.54 9.10 8.60 8.60 7.85 7.71 7.52 7.52 7.52 7.64 7.64 7.49 7.43 7.73 7.29 7.69 7.42 7.26 7.78 6.92 6.56 7.37 7.63 7.47 7.71 7.21 7.07 7.10 7.28 7.44 7.65 7.53 7.18 7.12 6.51 6.43 6.32 5.88 5.97 5.79 5.52 5.55 5.54
99999.90 99999.90 99999.90 99999.90 99999.90 99999.90 99999.90 99999.90 99999.90 99999.90 99999.90 99999.90 99999.90 99999.90 99999.90 99999.90 11.27 11.27 10.13 10.13 10.13 10.13 10.13 10.13 10.13 10.13 11.21 11.21 11.21 10.87 10.87 9.54 9.54 9.54 9.54 9.10 8.60 8.60 7.85 7.71 7.52 7.52 7.64 7.64 7.64 7.43 7.43 8.38 8.28 8.57 8.26 8.04 7.58 7.27 7.29 7.37 7.49 7.66 7.88 7.43 7.72 7.71 7.73 7.35 7.75 7.61 6.92 7.23 6.80 6.70 6.28 5.80 5.84 5.73 5.70 5.48 5.16
99999.90 99999.90 99999.90 99999.90 99999.90 99999.90 99999.90 99999.90 99999.90 99999.90 99999.90 99999.90 99999.90 99999.90 99999.90 99999.90 99999.90 11.61 10.13 10.13 10.13 10.13 10.13 10.13 10.13 10.13 11.21 11.21 10.87 10.87 10.87 9.54 9.54 9.54 9.54 9.10 8.60 8.60 7.85 7.71 7.52 7.52 7.64 7.64 7.43 7.43 8.38 8.38 8.91 9.12 9.09 8.26 8.27 7.27 7.29 7.37 7.49 7.66 7.88 7.43 7.36 7.59 7.28 7.25 7.83 7.27 6.64 6.83 6.36 6.43 6.08 5.83 5.63 5.96 5.72 5.65 5.39
99999.90 99999.90 99999.90 99999.90 99999.90 99999.90 99999.90 99999.90 99999.90 99999.90 99999.90 99999.90 99999.90 99999.90 99999.90 99999.90 99999.90 99999.90 10.13 10.13 10.13 10.13 10.13 10.13 10.13 11.21 11.21 11.21 10.87 10.87 9.54 9.54 9.54 9.54 9.54 9.10 8.60 8.60 7.85 7.52 7.52 7.64 7.64 7.64 7.43 8.38 8.38 8.91 8.91 9.64 9.71 8.99 8.27 8.27 7.29 7.37 7.49 7.66 7.88 7.36 7.36 7.59 7.79 8.14 8.35 7.90 7.35 6.52 5.85 6.34 6.09 5.79 5.72 5.82 5.84 5.39 5.20
99999.90 99999.90 99999.90 99999.90 99999.90 99999.90 99999.90 99999.90 99999.90 99999.90 99999.90 99999.90 99999.90 99999.90 99999.90 99999.90 99999.90 99999.90 10.13 10.13 10.13 10.13 10.13 10.13 10.13 11.21 11.21 10.87 10.87 10.87 9.54 9.54 9.54 9.54 9.54 9.10 8.60 8.60 7.85 7.52 7.52 7.64 7.64 7.43 8.38 8.38 8.91 8.91 9.64 9.64 9.71 9.57 9.57 9.57 8.27 7.37 7.49 7.66 7.36 7.36 7.36 7.79 7.79 8.14 8.35 7.90 7.35 6.52 5.85 6.34 6.09 6.47 6.06 5.45 5.77 5.16 5.27
99999.90 99999.90 99999.90 99999.90 99999.90 99999.90 99999.90 99999.90 99999.90 99999.90 99999.90 99999.90 99999.90 99999.90 99999.90 99999.90 99999.90 99999.90 99999.90 99999.90 11.21 11.21 11.21 11.21 11.21 11.21 11.21 10.87 10.87 9.54 9.54 9.54 9.54 9.54 9.54 9.10 8.60 8.60 7.85 7.52 7.64 7.64 7.64 8.38 8.38 8.91 8.91 9.64 9.64 9.64 9.57 9.57 9.57 9.57 9.57 7.37 7.49 7.66 7.36 7.36 7.79 7.79 7.79 8.14 8.35 7.90 7.35 6.52 5.85 6.34 6.47 6.47 6.06 7.16 6.51 5.92 5.81
99999.90 99999.90 99999.90 99999.90 99999.90 99999.90 99999.90 99999.90 99999.90 99999.90 99999.90 99999.90 99999.90 99999.90 99999.90 99999.90 99999.90 99999.90 99999.90 99999.90 99999.90 99999.90 10.87 10.87 10.87 10.87 10.87 10.87 10.87 9.54 9.54 9.54 9.54 9.54 9.54 9.10 8.60 8.60 7.52 7.52 7.64 7.64 8.38 8.38 8.91 8.91 9.64 9.64 9.64 9.57 9.57 9.57 9.57 9.57 9.57 9.57 7.49 7.66 7.36 7.36 7.79 7.79 7.79 8.14 8.35 7.90 7.35 6.52 5.85 6.47 6.47 6.47 7.16 7.16 6.51 7.05 6.77
99999.90 99999.90 99999.90 99999.90 99999.90 99999.90 99999.90 99999.90 99999.90 99999.90 99999.90 99999.90 99999.90 99999.90 99999.90 99999.90 99999.90 99999.90 99999.90 99999.90 99999.90 99999.90 99999.90 99999.90 9.54 9.54 9.54 9.54 9.54 9.54 9.54 9.54 9.54 9.54 9.54 9.10 8.60 8.60 7.52 7.64 7.64 8.38 8.38 8.91 8.91 9.64 9.64 9.64 9.64 9.57 9.57 9.57 9.57 9.57 9.57 9.57 9.57 7.36 7.36 7.79 7.79 7.79 7.79 8.14 8.35 7.90 7.35 6.52 5.85 6.47 6.47 7.16 7.16 7.16 7.05 7.05 8.34
99999.90 99999.90 99999.90 99999.90 99999.90 99999.90 99999.90 99999.90 99999.90 99999.90 99999.90 99999.90 99999.90 99999.90 99999.90 99999.90 99999.90 99999.90 99999.90 99999.90 99999.90 99999.90 99999.90 99999.90 99999.90 99999.90 99999.90 99999.90 99999.90 99999.90 99999.90 99999.90 7.52 7.52 7.52 7.52 7.52 7.52 7.52 7.64 7.64 8.38 8.91 8.91 9.64 9.64 9.64 9.64 9.57 9.57 9.57 9.57 9.57 9.57 9.57 9.57 9.57 7.36 7.36 7.79 7.79 7.79 7.79 8.14 8.35 7.90 7.35 6.52 5.85 6.47 6.47 7.16 7.16 7.05 7.05 8.34 8.34
99999.90 99999.90 99999.90 99999.90 99999.90 99999.90 99999.90 99999.90 99999.90 99999.90 99999.90 99999.90 99999.90 99999.90 99999.90 99999.90 99999.90 99999.90 99999.90 99999.90 99999.90 99999.90 99999.90 99999.90 99999.90 99999.90 99999.90 99999.90 99999.90 99999.90 99999.90 99999.90 99999.90 99999.90 7.64 7.64 7.64 7.64 7.64 7.64 8.38 8.91 8.91 9.64 9.64 9.64 9.64 9.64 9.57 9.57 9.57 9.57 9.57 9.57 9.57 9.57 9.57 7.36 7.79 7.79 7.79 7.79 7.79 8.14 8.35 7.90 7.35 6.52 6.47 6.47 7.16 7.16 7.16 7.05 8.34 8.34 8.34
99999.90 99999.90 99999.90 99999.90 99999.90 99999.90 99999.90 99999.90 99999.90 99999.90 99999.90 99999.90 99999.90 99999.90 99999.90 99999.90 99999.90 99999.90 99999.90 99999.90 99999.90 99999.90 99999.90 99999.90 99999.90 99999.90 99999.90 99999.90 99999.90 99999.90 99999.90 99999.90 99999.90 99999.90 99999.90 99999.90 7.43 7.43 8.38 8.38 8.91 8.91 9.64 9.64 9.64 9.64 9.64 9.57 9.57 9.57 9.57 9.57 9.57 9.57 9.57 9.57 9.57 9.57 7.79 7.79 7.79 7.79 7.79 8.14 8.35 7.90 7.35 6.52 6.47 6.47 7.16 7.16 7.05 8.34 8.34 8.34 8.34
99999.90 99999.90 99999.90 99999.90 99999.90 99999.90 99999.90 99999.90 99999.90 99999.90 99999.90 99999.90 99999.90 99999.90 99999.90 99999.90 99999.90 99999.90 99999.90 99999.90 99999.90 99999.90 99999.90 99999.90 99999.90 99999.90 99999.90 99999.90 99999.90 99999.90 99999.90 99999.90 99999.90 99999.90 99999.90 99999.90 99999.90 8.38 8.38 8.91 8.91 9.64 9.64 9.64 9.64 9.64 9.64 9.57 9.57 9.57 9.57 9.57 9.57 9.57 9.57 9.57 9.57 9.57 7.79 7.79 7.79 7.79 7.79 8.14 8.35 7.90 7.35 6.52 6.47 7.16 7.16 7.16 8.34 8.34 8.34 8.34 8.34
99999.90 99999.90 99999.90 99999.90 99999.90 99999.90 99999.90 99999.90 99999.90 99999.90 99999.90 99999.90 99999.90 99999.90 99999.90 99999.90 99999.90 99999.90 99999.90 99999.90 99999.90 99999.90 99999.90 99999.90 99999.90 99999.90 99999.90 99999.90 99999.90 99999.90 99999.90 99999.90 99999.90 99999.90 99999.90 99999.90 99999.90 99999.90 8.91 8.91 9.64 9.64 9.64 9.64 9.64 9.64 9.57 9.57 9.57 9.57 9.57 9.57 9.57 9.57 9.57 9.57 9.57 9.57 7.79 7.79 7.79 7.79 7.79 8.14 8.35 7.90 7.35 6.47 6.47 7.16 7.16 8.34 8.34 8.34 8.34 8.34 8.34
99999.90 99999.90 99999.90 99999.90 99999.90 99999.90 99999.90 99999.90 99999.90 99999.90 99999.90 99999.90 99999.90 99999.90 99999.90 99999.90 99999.90 99999.90 99999.90 99999.90 99999.90 99999.90 99999.90 99999.90 99999.90 99999.90 99999.90 99999.90 99999.90 99999.90 99999.90 99999.90 99999.90 99999.90 99999.90 99999.90 99999.90 99999.90 99999.90 9.64 9.64 9.64 9.64 9.64 9.64 9.64 9.57 9.57 9.57 9.57 9.57 9.57 9.57 9.57 9.57 9.57 9.57 9.57 7.79 7.79 7.79 7.79 7.79 8.14 8.35 7.90 7.35 6.47 7.16 7.16 8.34 8.34 8.34 8.34 8.34 8.34 6.38
99999.90 99999.90 99999.90 99999.90 99999.90 99999.90 99999.90 99999.90 99999.90 99999.90 99999.90 99999.90 99999.90 99999.90 99999.90 99999.90 99999.90 99999.90 99999.90 99999.90 99999.90 99999.90 99999.90 99999.90 99999.90 99999.90 99999.90 99999.90 99999.90 99999.90 99999.90 99999.90 99999.90 99999.90 99999.90 99999.90 99999.90 99999.90 99999.90 99999.90 99999.90 9.57 9.57 9.57 9.57 9.57 9.57 9.57 9.57 9.57 9.57 9.57 9.57 9.57 9.57 9.57 9.57 9.57 9.57 9.57 9.57 9.57 6.47 6.47 6.47 6.47 6.47 6.47 7.16 7.16 8.34 8.34 8.34 8.34 8.34 8.34 6.38
