main/data/irradiance/22.09.2023.grid
ncols 839
nrows 679
xllcenter 112.0500
yllcenter -43.9500
cellsize 0.0500
nodata_value 99999.90
[rows 306 to 339 of 679, columns 385 to 461 of 839]
23.87 23.86 23.90 23.92 23.90 23.88 23.88 23.84 23.75 23.73 23.63 23.52 23.60 23.51 23.48 23.41 23.39 23.29 23.22 23.23 22.95 22.79 23.35 23.36 23.34 23.24 22.88 23.38 23.15 22.60 23.26 23.34 23.29 23.28 23.45 23.51 23.48 23.35 23.33 23.29 23.24 23.24 23.27 23.25 23.27 23.20 23.13 23.00 23.23 23.25 23.29 23.30 23.26 23.32 23.30 23.08 23.13 23.27 23.28 23.33 23.22 23.29 23.26 23.29 23.26 23.30 23.23 23.20 23.15 23.17 23.15 23.18 23.15 23.14 23.11 23.00 22.89
23.83 23.84 23.87 23.82 23.74 23.79 23.84 23.82 23.77 23.82 23.71 23.64 23.61 23.55 23.55 23.45 23.39 23.23 23.31 23.26 23.28 23.32 23.25 23.26 23.26 23.29 23.27 23.18 23.19 23.25 23.09 23.20 23.14 23.27 23.25 23.34 23.23 23.11 23.15 23.14 23.18 23.20 23.22 23.24 23.27 23.24 23.11 23.12 23.18 23.23 23.26 23.39 23.32 23.28 23.23 23.16 23.31 23.24 23.24 23.30 23.24 23.23 23.12 23.23 23.31 23.30 23.24 23.23 23.12 23.08 23.12 23.15 23.17 23.12 23.12 23.06 22.94
23.79 23.83 23.80 23.82 23.68 23.77 23.79 23.82 23.85 23.86 23.76 23.65 23.69 23.62 23.48 23.34 23.37 23.33 23.33 23.24 23.33 23.37 23.22 23.17 23.28 23.30 23.29 23.30 23.25 23.24 23.21 23.22 23.26 23.23 23.32 23.30 23.19 23.14 23.15 23.16 23.12 23.21 23.26 23.23 23.16 23.15 23.26 23.22 23.21 23.26 23.28 23.28 23.21 23.26 23.30 23.09 23.11 23.08 23.18 23.17 23.12 23.16 23.13 23.14 23.22 23.27 23.28 23.22 23.15 23.13 23.08 23.06 23.10 23.12 23.10 23.01 23.15
23.83 23.82 23.83 23.78 23.74 23.74 23.77 23.75 23.79 23.84 23.73 23.62 23.60 23.65 23.59 23.42 23.40 23.37 23.37 23.31 23.29 23.37 23.33 23.42 23.37 23.41 23.27 23.22 23.25 23.31 23.28 23.28 23.17 23.25 23.26 23.33 23.19 23.16 23.23 23.19 23.17 23.19 23.18 23.22 23.16 23.15 23.19 23.19 23.16 23.20 23.24 23.28 23.24 23.31 23.32 23.17 22.97 22.92 23.01 22.94 22.97 23.03 23.16 23.26 23.17 23.16 23.23 23.22 23.22 23.10 23.08 23.08 23.07 23.05 23.00 23.17 23.27
23.84 23.81 23.81 23.77 23.82 23.74 23.75 23.74 23.74 23.77 23.72 23.68 23.66 23.65 23.62 23.56 23.46 23.39 23.37 23.32 23.31 23.30 23.34 23.35 23.36 23.39 23.30 23.20 23.22 23.20 23.21 23.18 23.15 23.19 23.19 23.22 23.23 23.17 23.19 23.21 23.19 23.19 23.11 23.16 23.13 23.21 23.13 23.14 23.21 23.20 23.16 23.16 23.21 23.16 23.08 23.02 22.98 23.14 23.05 23.20 23.31 23.24 23.13 23.07 23.12 23.11 23.02 23.00 23.16 23.15 23.11 23.06 23.04 23.06 23.16 23.26 23.26
23.85 23.85 23.85 23.83 23.84 23.73 23.66 23.74 23.70 23.67 23.62 23.58 23.66 23.63 23.48 23.39 23.41 23.46 23.38 23.33 23.29 23.29 23.29 23.25 23.25 23.32 23.29 23.19 23.18 23.19 23.18 23.15 23.14 23.21 23.18 23.11 23.15 23.18 23.19 23.17 23.21 23.12 23.06 23.16 23.15 23.13 23.09 23.09 23.14 23.19 23.18 23.21 23.20 23.23 23.03 23.12 23.12 23.08 23.12 23.16 23.21 23.15 23.10 23.14 23.08 23.00 22.97 23.02 23.02 22.99 23.06 23.01 23.01 23.14 23.16 23.17 23.21
23.79 23.79 23.77 23.75 23.74 23.73 23.73 23.62 23.65 23.59 23.56 23.55 23.59 23.63 23.55 23.42 23.42 23.46 23.38 23.33 23.30 23.28 23.23 23.22 23.29 23.28 23.19 23.19 23.18 23.15 23.13 23.16 23.11 23.15 23.07 23.01 23.08 23.12 23.13 23.05 23.11 23.09 23.01 23.05 23.06 23.09 23.07 23.02 23.07 23.03 23.04 23.06 23.09 23.21 23.19 23.17 23.10 23.12 23.15 23.13 23.08 23.03 22.94 22.95 23.01 23.08 23.10 22.99 22.86 22.86 22.96 22.92 23.00 23.03 23.10 23.10 23.09
23.74 23.76 23.77 23.72 23.71 23.73 23.68 23.57 23.55 23.58 23.57 23.61 23.56 23.56 23.51 23.51 23.45 23.43 23.39 23.28 23.25 23.22 23.26 23.32 23.25 23.23 23.16 23.13 23.15 23.17 23.15 23.21 23.04 23.05 23.07 23.03 23.06 23.08 23.10 23.07 23.06 23.01 22.94 23.03 23.04 23.04 23.06 23.07 23.06 23.11 23.09 23.10 23.08 23.13 23.12 23.08 23.06 23.11 23.06 23.10 23.09 22.97 23.03 22.98 22.93 22.94 23.00 23.06 23.15 23.06 22.88 22.87 22.86 22.97 22.98 23.00 22.98
23.72 23.71 23.74 23.67 23.70 23.63 23.61 23.54 23.50 23.60 23.47 23.55 23.55 23.56 23.59 23.72 23.66 23.51 23.52 23.35 23.29 23.37 23.41 23.28 23.20 23.18 23.19 23.18 23.15 23.16 23.15 23.19 23.13 23.07 23.07 23.05 23.10 23.10 23.04 23.06 22.96 22.91 22.83 22.94 22.99 23.01 23.04 23.04 23.14 23.08 23.05 23.04 23.08 23.21 23.18 23.11 23.09 23.09 23.12 23.01 22.98 22.95 22.91 22.95 22.98 22.90 22.94 22.95 23.07 23.04 22.95 22.98 22.76 22.91 23.01 23.00 22.93
23.74 23.71 23.69 23.66 23.67 23.61 23.53 23.58 23.46 23.55 23.49 23.48 23.44 23.50 23.58 23.70 23.63 23.51 23.52 23.45 23.33 23.38 23.30 23.23 23.21 23.17 23.21 23.17 23.10 23.09 23.14 23.18 23.20 23.09 23.12 23.07 23.01 23.02 23.00 23.03 22.94 22.87 22.78 22.82 22.87 22.95 22.97 22.91 22.96 22.94 23.04 23.05 23.07 23.15 23.10 23.05 23.01 22.95 23.03 23.02 23.01 22.99 22.88 22.87 22.87 22.83 22.84 23.03 23.00 22.99 22.94 22.95 22.86 22.63 22.78 22.97 22.96
23.71 23.66 23.60 23.50 23.62 23.64 23.64 23.55 23.44 23.45 23.41 23.40 23.45 23.54 23.64 23.72 23.57 23.44 23.45 23.46 23.48 23.41 23.34 23.30 23.26 23.24 23.24 23.21 23.13 23.12 23.12 23.16 23.14 23.13 23.13 23.10 23.04 23.00 23.02 23.00 22.99 22.91 22.89 22.94 22.92 22.93 22.95 22.94 22.91 22.94 22.97 23.08 23.08 22.99 23.03 23.08 23.09 23.04 23.01 23.01 23.00 23.04 23.15 23.10 23.02 22.93 22.79 23.03 23.04 22.92 22.98 22.88 22.94 22.86 22.80 22.60 22.71
23.72 23.63 23.57 23.50 23.54 23.58 23.54 23.53 23.45 23.38 23.33 23.34 23.46 23.54 23.51 23.58 23.50 23.42 23.37 23.41 23.34 23.36 23.35 23.32 23.28 23.28 23.25 23.19 23.16 23.16 23.14 23.08 22.98 23.09 23.05 23.03 23.03 23.04 23.00 23.00 23.08 23.01 23.00 22.99 23.08 22.93 22.99 22.97 22.95 22.91 22.88 22.93 23.00 22.91 22.95 23.00 22.99 23.00 22.98 22.99 22.92 22.97 23.05 23.07 23.00 23.05 22.99 22.75 22.71 22.72 22.80 22.63 22.92 23.06 23.01 22.79 22.46
23.63 23.62 23.59 23.59 23.48 23.50 23.54 23.57 23.46 23.40 23.33 23.40 23.53 23.46 23.47 23.54 23.59 23.57 23.39 23.33 23.34 23.31 23.33 23.31 23.24 23.27 23.28 23.26 23.18 23.16 23.13 23.09 23.00 22.99 22.97 22.91 22.97 23.05 23.01 23.01 23.02 22.99 22.99 23.00 23.01 23.05 23.00 22.99 22.96 22.95 22.90 22.90 22.99 22.93 22.99 23.02 22.92 23.00 23.02 23.00 23.00 22.98 23.05 22.91 22.92 22.97 22.95 22.81 22.81 22.99 22.94 23.06 23.09 22.95 23.01 22.74 22.57
23.59 23.60 23.51 23.57 23.60 23.56 23.56 23.52 23.50 23.44 23.41 23.48 23.60 23.63 23.55 23.56 23.56 23.53 23.52 23.40 23.35 23.29 23.30 23.31 23.30 23.31 23.29 23.26 23.24 23.21 23.20 23.15 23.06 23.08 23.08 23.06 22.93 22.88 22.95 22.97 22.98 23.01 22.97 23.00 23.03 23.05 22.99 22.93 22.90 22.94 22.99 23.08 23.00 22.93 22.82 22.88 22.79 22.89 23.01 22.94 22.97 22.96 22.99 23.01 23.01 23.06 22.96 22.94 23.00 23.02 23.14 23.21 23.13 23.22 23.11 22.99 23.08
23.65 23.64 23.62 23.72 23.78 23.74 23.66 23.55 23.45 23.50 23.47 23.38 23.52 23.50 23.59 23.57 23.49 23.48 23.44 23.46 23.42 23.40 23.35 23.42 23.38 23.32 23.32 23.30 23.22 23.18 23.15 23.13 23.01 22.96 23.03 23.01 22.98 22.94 22.97 22.98 22.95 22.98 23.01 22.96 22.99 23.01 22.98 22.89 22.87 22.95 22.97 22.95 23.03 23.05 22.89 22.90 22.96 22.95 22.89 23.01 23.03 23.00 23.00 22.97 23.14 23.07 23.07 23.13 23.00 22.95 23.06 23.13 23.16 23.21 23.21 23.17 23.19
23.73 23.76 23.77 23.77 23.78 23.76 23.69 23.60 23.54 23.50 23.53 23.34 23.34 23.46 23.50 23.46 23.47 23.51 23.50 23.49 23.41 23.45 23.35 23.33 23.34 23.36 23.32 23.27 23.23 23.18 23.14 23.12 23.05 23.01 22.96 22.99 22.96 22.94 22.93 22.92 22.83 22.89 22.93 22.99 22.99 22.93 22.92 22.88 22.96 22.93 22.82 22.85 22.92 22.96 22.95 23.02 23.00 22.96 23.09 23.06 23.16 23.15 23.18 23.28 23.32 23.10 23.08 23.07 23.06 23.01 23.04 23.02 23.02 23.07 23.05 23.06 23.09
23.60 23.71 23.75 23.76 23.78 23.71 23.74 23.68 23.58 23.54 23.50 23.42 23.40 23.40 23.45 23.45 23.48 23.44 23.49 23.50 23.47 23.39 23.35 23.33 23.37 23.36 23.36 23.31 23.29 23.27 23.21 23.17 23.09 23.02 23.04 23.06 23.03 22.97 22.93 22.91 22.86 22.88 22.92 22.94 23.03 23.00 22.89 22.78 22.80 22.83 22.91 22.91 22.85 22.98 23.04 22.97 22.99 22.99 23.08 23.11 23.10 23.24 23.22 23.14 23.17 23.15 23.10 23.17 23.09 23.10 23.06 23.04 23.06 22.99 23.07 23.09 23.09
23.59 23.59 23.59 23.64 23.66 23.64 23.66 23.68 23.53 23.56 23.48 23.38 23.41 23.33 23.41 23.38 23.36 23.40 23.45 23.44 23.41 23.34 23.38 23.34 23.29 23.32 23.36 23.36 23.29 23.22 23.25 23.21 23.13 23.10 23.05 23.07 22.98 22.95 22.98 22.97 22.93 22.84 22.83 22.92 22.99 22.98 22.95 22.82 22.77 22.79 22.80 22.91 22.88 22.96 22.99 22.97 23.00 22.99 23.05 23.15 23.17 23.13 23.17 23.23 23.24 23.14 23.16 23.17 23.18 23.08 22.96 22.94 23.05 22.88 22.97 23.03 23.08
23.46 23.53 23.51 23.44 23.47 23.58 23.59 23.55 23.52 23.52 23.56 23.56 23.48 23.39 23.40 23.35 23.32 23.41 23.37 23.37 23.40 23.39 23.39 23.39 23.32 23.33 23.32 23.28 23.26 23.29 23.31 23.32 23.22 23.12 23.12 23.11 23.01 23.00 22.97 22.95 22.91 22.87 22.94 23.00 22.92 22.95 22.98 22.97 22.87 22.88 22.84 22.92 22.87 22.97 22.93 22.94 23.02 23.00 23.01 23.05 23.10 23.10 23.06 23.15 23.06 22.99 23.01 23.00 22.95 23.01 22.92 23.02 23.02 22.94 22.96 22.82 22.91
23.31 23.37 23.39 23.44 23.49 23.53 23.48 23.50 23.54 23.60 23.54 23.40 23.36 23.37 23.32 23.32 23.35 23.35 23.41 23.39 23.37 23.32 23.29 23.28 23.30 23.32 23.26 23.25 23.28 23.28 23.32 23.33 23.16 23.11 23.11 23.08 23.05 22.95 22.90 22.91 22.94 22.96 23.00 22.99 23.01 23.02 23.00 22.95 22.92 22.91 22.93 23.02 22.92 22.84 22.92 22.99 23.02 23.00 23.00 23.01 23.04 22.96 22.97 22.94 22.90 22.91 22.88 22.87 22.95 22.95 22.88 22.92 22.95 22.94 22.86 22.89 22.90
23.41 23.31 23.40 23.43 23.28 23.18 23.33 23.43 23.50 23.40 23.44 23.30 23.37 23.33 23.26 23.30 23.36 23.33 23.36 23.39 23.32 23.30 23.31 23.31 23.28 23.27 23.21 23.17 23.17 23.24 23.22 23.18 23.11 23.07 23.07 23.11 23.07 23.08 23.01 22.96 22.92 22.89 22.96 22.98 23.04 23.04 22.97 23.02 22.97 22.90 22.90 22.93 22.98 22.93 22.87 22.91 22.98 23.02 23.02 22.99 22.99 22.90 22.86 22.90 22.92 22.91 22.89 22.90 22.89 22.92 22.93 22.98 23.01 22.89 22.83 22.88 22.89
23.52 23.43 23.34 23.28 23.30 23.30 23.37 23.38 23.26 23.37 23.33 23.29 23.24 23.27 23.33 23.28 23.31 23.28 23.24 23.24 23.18 23.17 23.21 23.30 23.27 23.22 23.24 23.24 23.19 23.17 23.14 23.13 23.15 23.16 23.14 23.09 23.08 23.04 23.01 22.91 22.91 22.90 22.92 22.93 22.97 22.99 22.99 23.03 23.00 23.00 23.05 22.98 23.06 23.10 23.06 22.99 22.95 22.95 22.99 23.01 22.97 22.89 22.88 22.87 22.89 22.93 22.91 22.92 22.97 22.93 22.90 22.93 22.96 23.02 22.92 22.92 22.96
23.52 23.49 23.28 23.29 23.31 23.28 23.24 23.35 23.25 23.19 23.22 23.26 23.26 23.28 23.30 23.24 23.26 23.20 23.19 23.15 23.11 23.16 23.16 23.18 23.18 23.28 23.25 23.22 23.22 23.19 23.19 23.15 23.11 23.13 23.13 23.12 23.16 23.14 23.12 23.11 23.06 23.03 22.86 22.85 22.93 22.97 23.05 23.03 23.05 23.08 23.08 23.04 22.96 22.99 23.04 22.95 22.98 22.97 22.93 22.90 22.93 22.89 22.87 22.92 22.87 22.89 22.99 22.98 22.98 22.98 22.99 23.00 22.93 22.89 22.92 22.94 23.02
23.51 23.54 23.51 23.50 23.44 23.26 23.16 23.20 23.17 23.19 23.16 23.17 23.15 23.12 23.21 23.25 23.19 23.08 23.15 23.11 23.13 23.13 23.09 23.07 23.16 23.14 23.14 23.14 23.14 23.19 23.18 23.20 23.15 23.18 23.23 23.23 23.24 23.24 23.21 23.17 23.00 23.00 22.90 22.86 22.89 22.81 22.95 22.99 23.00 22.97 23.06 23.07 23.01 23.01 23.02 22.98 23.01 23.02 22.98 22.88 22.84 22.88 22.92 22.92 22.91 22.90 22.91 22.96 23.02 23.00 23.03 22.96 22.94 22.94 22.91 22.95 22.95
23.48 23.54 23.50 23.49 23.46 23.43 23.26 23.22 23.21 23.16 23.18 23.15 23.13 23.16 23.21 23.27 23.13 23.04 23.11 23.13 23.15 23.17 23.26 23.21 23.13 23.04 23.07 23.10 23.08 23.05 23.13 23.15 23.18 23.18 23.15 23.17 23.19 23.18 23.17 23.17 23.12 23.05 23.05 22.95 22.91 22.93 22.99 23.00 22.99 22.99 22.99 23.00 23.03 23.06 23.06 22.97 22.94 22.98 22.98 22.94 22.81 22.85 22.84 22.84 22.86 22.84 22.86 22.89 22.95 22.94 22.93 22.90 22.87 22.90 22.87 22.88 22.92
23.48 23.48 23.44 23.45 23.42 23.34 23.24 23.28 23.26 23.20 23.19 23.14 23.14 23.16 23.19 23.21 23.22 23.19 23.17 23.23 23.25 23.32 23.27 23.28 23.25 23.10 23.04 23.05 23.04 23.06 23.07 23.09 23.07 23.11 23.11 23.15 23.18 23.12 23.16 23.15 23.17 23.05 23.07 23.00 23.03 23.01 23.00 22.99 22.93 22.97 23.00 23.03 23.03 23.10 23.03 23.02 22.96 22.94 22.95 22.94 22.92 22.90 22.86 22.84 22.88 22.87 22.83 22.92 22.96 22.97 22.91 22.89 22.87 22.87 22.94 22.91 22.90
23.43 23.41 23.35 23.33 23.30 23.29 23.28 23.24 23.27 23.21 23.15 23.08 23.10 23.12 23.15 23.19 23.21 23.18 23.20 23.19 23.24 23.21 23.20 23.21 23.19 23.10 22.99 23.03 23.00 23.00 23.01 23.02 22.99 23.04 23.04 23.04 23.08 23.14 23.14 23.09 23.09 23.08 23.05 23.05 23.05 23.02 22.98 22.93 22.97 23.01 23.07 23.06 23.03 23.08 23.02 23.00 23.06 23.01 23.03 23.02 23.03 23.03 22.97 22.94 22.88 22.91 22.90 22.95 22.98 22.96 22.95 23.02 22.92 22.91 22.91 22.94 22.88
23.43 23.44 23.37 23.35 23.28 23.28 23.31 23.26 23.22 23.27 23.16 23.08 23.09 23.14 23.12 23.15 23.22 23.26 23.21 23.13 23.09 23.07 23.12 23.15 23.08 23.07 23.04 22.99 23.06 23.02 22.97 22.98 22.97 22.95 22.93 22.92 23.02 23.03 23.10 23.06 23.09 23.13 23.11 23.08 23.06 23.03 22.97 22.97 22.90 22.98 23.05 23.02 23.01 23.03 23.05 23.05 23.09 23.08 23.05 23.09 23.07 23.02 22.95 22.90 22.92 22.90 22.89 22.83 22.85 22.88 22.92 22.98 22.94 22.93 22.91 22.93 22.95
23.31 23.40 23.36 23.30 23.23 23.27 23.27 23.19 23.20 23.18 23.17 23.10 23.03 23.01 23.05 23.12 23.17 23.22 23.13 23.00 23.02 23.01 23.03 22.90 22.95 22.99 23.06 23.01 22.98 23.00 23.02 22.96 22.84 22.87 22.85 22.91 22.92 22.96 22.98 23.04 23.03 23.10 23.08 23.07 23.09 23.12 22.99 22.98 22.98 22.90 22.96 22.99 22.97 22.99 23.06 23.03 23.03 23.01 23.05 23.03 23.06 23.07 23.04 22.97 22.91 22.86 22.83 22.83 22.95 22.96 22.98 22.99 22.94 22.99 23.05 23.07 23.13
23.29 23.30 23.27 23.27 23.24 23.24 23.25 23.24 23.23 23.21 23.18 23.16 23.16 23.09 23.09 23.07 23.12 23.12 23.07 22.99 23.03 23.01 22.90 22.89 22.84 22.89 22.95 23.04 23.05 23.05 23.02 23.02 22.91 22.89 22.91 22.87 22.89 22.94 22.93 22.88 22.94 23.00 23.02 23.07 23.01 23.07 23.08 22.94 22.97 23.00 23.01 23.02 23.01 22.98 22.96 22.90 22.95 22.92 22.93 23.01 23.01 23.01 23.01 23.01 23.00 22.99 22.94 22.95 22.95 23.00 23.01 22.97 22.88 22.84 22.90 23.02 23.07
23.29 23.27 23.24 23.28 23.23 23.18 23.20 23.24 23.20 23.23 23.13 23.14 23.09 23.02 22.96 22.97 23.01 23.05 23.08 23.14 23.08 23.08 22.95 22.97 23.02 23.07 23.04 23.04 23.05 23.05 23.09 23.11 23.06 23.08 22.96 22.90 22.89 22.92 22.95 22.93 22.89 22.88 22.93 22.91 22.92 22.94 23.00 22.99 22.92 22.97 23.01 23.03 22.95 22.91 22.89 22.93 22.90 22.90 22.88 22.89 22.93 22.97 22.97 22.98 22.98 22.98 22.95 22.91 22.92 22.92 22.99 23.03 22.98 22.97 22.87 22.86 22.89
23.24 23.23 23.23 23.20 23.15 23.09 23.09 23.05 23.01 23.05 23.10 23.09 23.00 22.93 22.94 23.07 23.08 23.02 22.99 22.96 22.99 23.01 23.04 23.00 22.98 22.97 22.98 22.97 22.95 22.94 22.98 23.05 23.07 22.99 22.92 22.92 22.93 22.93 22.96 22.91 22.86 22.84 22.79 22.79 22.84 22.85 23.02 23.04 23.03 22.98 22.92 22.91 22.86 22.82 22.81 22.89 22.83 22.82 22.84 22.83 22.88 22.90 22.91 22.93 22.93 22.92 22.91 22.89 22.94 22.94 22.94 22.99 23.02 23.00 22.96 22.83 22.76
23.19 23.24 23.28 23.13 23.01 23.07 23.04 23.03 23.02 23.02 23.09 23.04 22.92 22.90 22.93 23.02 23.03 22.99 22.96 22.93 22.85 22.88 22.87 22.97 22.97 22.94 22.90 22.96 22.99 22.96 22.93 22.91 22.90 22.92 22.94 23.03 22.99 22.98 22.99 22.97 22.85 22.78 22.74 22.70 22.80 22.88 22.89 22.90 22.92 22.96 22.98 22.97 22.90 22.88 22.93 23.00 22.91 22.89 23.01 22.88 22.85 22.92 22.93 22.91 22.92 22.92 22.89 22.87 22.86 22.90 22.99 23.02 23.03 23.02 22.96 22.85 22.77
23.05 23.17 23.15 23.07 23.03 23.01 22.96 22.95 22.98 22.97 23.06 23.04 22.89 22.89 22.85 23.02 22.99 23.01 22.98 22.97 22.85 22.80 22.72 22.79 22.97 22.92 22.90 22.93 22.99 22.91 22.91 22.93 22.86 22.87 22.92 22.92 22.95 22.96 22.97 22.98 22.99 22.88 22.79 22.83 22.87 22.94 22.97 22.94 22.91 22.95 22.99 23.02 22.91 22.96 22.91 22.95 22.91 22.98 22.95 22.94 22.91 22.76 22.80 22.82 22.85 22.87 22.88 22.86 22.84 22.77 22.85 22.92 22.98 22.98 22.96 22.89 22.82
