main/data/irradiance/22.09.2023.grid
ncols 839
nrows 679
xllcenter 112.0500
yllcenter -43.9500
cellsize 0.0500
nodata_value 99999.90
[rows 136 to 169 of 679, columns 539 to 615 of 839]
25.18 25.18 25.18 24.81 24.81 24.81 24.73 24.73 24.73 24.67 24.67 24.67 24.67 24.67 24.67 24.67 24.67 24.84 24.84 24.84 24.84 24.84 24.84 24.84 99999.90 99999.90 99999.90 99999.90 25.09 25.19 25.03 25.03 25.03 25.03 25.03 25.03 25.03 25.03 25.09 25.09 24.96 24.96 24.96 25.04 24.80 24.55 24.10 23.60 24.13 24.61 23.88 24.30 24.26 24.57 24.63 23.96 23.73 23.38 23.66 24.21 24.02 24.11 23.54 23.51 23.92 24.11 23.98 23.45 22.69 23.95 23.22 23.44 23.59 23.72 23.76 24.07 24.18
25.18 25.18 25.18 24.85 24.85 24.81 24.73 24.73 24.67 24.67 24.67 24.67 24.67 24.67 24.67 24.67 24.67 24.67 24.67 24.67 24.67 24.84 24.84 24.84 99999.90 99999.90 99999.90 99999.90 25.09 25.19 25.03 25.03 25.03 25.03 25.03 25.03 25.03 25.03 25.03 25.09 25.09 25.13 25.13 25.15 24.71 24.84 24.75 24.50 23.67 23.57 24.31 24.26 23.98 24.53 24.19 23.86 24.42 24.20 23.48 23.93 24.04 23.90 23.99 23.50 23.41 23.68 23.58 23.56 23.58 24.44 23.87 24.02 24.06 23.20 23.59 23.59 24.10
25.18 25.18 24.85 24.85 25.10 25.10 25.10 24.67 24.67 24.67 24.67 24.67 24.67 24.67 24.67 24.67 24.67 24.67 24.67 24.67 24.67 24.84 24.84 24.84 99999.90 99999.90 99999.90 24.45 25.09 25.19 25.03 25.03 25.03 25.03 25.03 25.03 25.03 25.03 25.03 25.03 25.09 25.09 25.13 24.89 24.65 24.70 24.73 24.46 24.39 24.45 24.31 24.44 24.62 24.40 23.95 24.42 24.02 24.31 24.23 23.69 23.40 23.33 23.74 24.13 23.69 23.56 23.43 23.71 23.61 23.85 23.91 23.94 23.07 23.75 23.83 23.41 23.75
25.24 24.85 24.85 25.10 25.10 25.10 25.10 24.67 24.67 24.67 24.67 24.67 24.67 24.67 24.67 24.67 24.67 24.67 24.67 24.67 24.67 24.84 24.84 24.84 99999.90 99999.90 24.87 24.45 25.09 25.19 25.19 25.19 25.03 25.03 25.03 25.03 25.03 25.03 25.03 25.03 25.03 24.92 24.93 24.58 24.28 24.58 24.25 24.08 24.24 24.01 24.63 24.64 24.20 24.30 24.41 24.57 24.27 23.77 24.04 24.04 24.29 23.69 24.11 23.86 23.91 23.24 23.99 23.67 23.29 23.80 23.76 23.71 22.99 24.31 23.73 23.14 23.70
25.07 25.13 25.10 25.10 25.10 25.10 25.10 24.67 24.67 24.67 24.67 24.67 24.67 24.67 24.67 24.67 24.67 24.67 24.67 24.67 24.67 25.14 25.21 99999.90 25.05 25.05 25.05 25.05 25.09 25.19 25.19 25.19 25.19 25.19 25.19 25.19 25.19 25.19 25.19 25.19 25.19 24.90 24.91 24.71 24.47 24.18 23.86 24.36 23.65 23.79 24.22 24.26 24.30 24.46 24.45 24.13 24.56 24.46 24.10 24.31 23.69 24.41 23.56 23.82 23.96 23.94 23.99 23.93 23.99 23.93 24.01 23.78 24.08 24.20 23.50 24.13 23.64
24.99 25.06 25.03 25.03 25.03 25.03 25.03 24.88 24.88 24.88 24.88 24.88 24.88 24.88 24.88 24.88 24.88 24.88 24.88 24.88 24.88 25.13 25.13 25.13 25.13 25.05 25.05 25.05 25.05 25.19 25.19 25.19 25.19 25.19 25.19 25.19 25.19 25.19 25.18 25.18 25.18 25.02 25.00 24.88 24.82 24.23 24.07 24.45 24.30 23.91 23.95 24.56 24.50 24.56 24.53 24.24 24.49 24.61 24.10 24.43 24.23 24.25 23.82 24.05 24.26 24.06 24.11 24.29 24.19 24.01 24.04 24.03 24.19 23.88 24.24 24.19 23.82
24.92 24.88 24.89 24.89 24.89 25.13 25.13 24.88 24.88 24.88 24.88 24.88 24.88 24.88 24.88 24.88 24.88 24.88 24.88 24.88 25.13 25.13 25.24 25.24 25.24 25.01 25.01 25.05 25.05 25.05 25.09 25.19 25.19 25.19 25.19 25.19 25.19 25.19 25.19 25.20 25.20 25.14 24.82 24.68 23.64 24.06 24.35 23.71 24.20 23.70 23.84 24.57 24.41 24.43 24.59 24.55 24.42 24.48 24.40 24.54 24.30 24.41 24.24 23.96 24.16 23.81 24.23 24.26 24.18 24.28 23.95 24.38 24.44 24.39 24.32 24.22 23.96
24.93 24.88 24.97 24.97 25.13 25.13 25.13 24.88 24.88 24.88 24.88 24.88 24.88 24.88 24.88 24.88 24.88 24.88 24.88 25.13 25.13 25.13 25.24 25.24 25.08 25.08 25.08 25.01 25.05 25.05 25.05 25.09 25.09 25.09 25.19 25.19 25.19 25.19 25.19 25.19 25.22 25.14 24.85 24.40 24.20 24.01 24.55 23.93 24.13 24.10 23.98 24.41 24.15 24.56 24.04 24.72 24.54 24.34 24.49 24.66 24.54 24.60 24.56 24.13 24.37 24.31 24.29 24.36 24.23 24.21 24.11 24.11 24.41 24.12 24.19 24.38 24.36
24.83 24.86 24.89 25.13 25.13 25.13 25.03 24.86 24.75 24.88 24.88 24.88 24.88 24.88 24.88 24.88 24.88 25.13 25.13 25.13 25.13 25.24 25.24 25.24 25.08 25.08 25.08 25.01 25.05 25.05 25.05 25.05 25.09 25.09 25.09 25.09 25.09 25.37 25.37 25.37 24.90 25.20 24.67 24.31 23.97 23.87 24.17 23.54 23.15 23.27 22.88 23.98 23.50 24.10 23.95 23.96 24.66 24.46 24.44 24.35 24.12 24.72 24.67 24.40 24.43 24.03 23.86 24.20 24.30 24.39 24.27 24.14 23.93 24.26 24.37 24.24 24.30
24.78 24.88 24.89 24.89 24.89 25.03 24.57 24.86 24.75 24.75 24.75 25.20 25.20 25.20 25.20 25.14 25.13 25.13 25.13 25.13 25.13 25.24 25.24 25.24 25.08 25.08 25.08 25.01 25.01 25.05 25.05 25.05 25.05 24.45 25.09 25.09 25.09 25.09 25.11 25.11 24.98 24.92 24.09 24.11 23.31 24.04 24.24 24.45 24.16 24.16 23.78 23.90 24.46 23.34 23.36 23.93 24.15 24.45 24.50 24.35 24.22 24.64 24.69 24.53 24.46 24.20 24.24 24.26 24.23 24.27 24.30 24.20 24.21 24.34 24.40 24.31 24.48
24.82 24.80 24.85 24.88 25.03 25.03 24.57 24.86 24.75 24.75 25.20 25.20 25.20 25.20 25.14 25.14 25.13 25.13 25.13 25.13 25.24 25.24 25.24 25.24 25.27 25.08 25.08 25.08 25.01 25.01 25.05 25.05 25.05 25.05 24.45 24.45 25.09 25.09 25.09 25.15 25.07 25.12 24.57 24.30 24.05 24.20 24.39 23.93 24.49 24.33 23.56 23.96 23.78 24.03 24.11 24.50 24.15 23.29 24.61 24.53 24.60 24.38 24.70 24.66 24.70 24.38 24.32 24.19 24.30 24.31 24.04 24.31 24.41 24.20 24.06 24.35 24.34
24.77 24.78 24.81 24.77 24.91 25.19 24.57 24.86 24.75 24.75 25.20 25.20 25.20 25.14 25.14 25.25 25.13 25.13 25.13 25.13 25.24 25.24 25.24 25.37 25.27 25.08 25.08 25.08 25.01 25.01 25.05 25.05 25.05 25.05 24.87 24.45 24.45 24.91 24.91 24.74 25.37 24.98 24.27 24.35 24.51 24.36 24.17 23.93 23.75 24.25 23.10 24.10 23.88 23.98 22.90 23.37 23.87 23.87 24.36 24.32 24.54 24.53 24.61 24.47 24.62 24.70 24.40 24.03 24.48 24.45 24.28 24.18 24.36 24.23 23.97 24.14 23.98
24.82 24.75 24.77 24.70 24.74 24.88 23.93 24.19 24.97 25.02 25.20 25.20 25.14 25.14 25.21 25.25 25.13 25.13 25.13 25.24 25.24 25.24 25.24 25.37 25.27 25.08 25.08 25.08 25.01 25.01 25.01 25.05 25.05 25.05 25.05 24.87 24.45 24.45 24.68 24.95 24.94 23.96 23.96 23.70 24.18 23.93 23.94 24.45 24.18 23.98 23.90 24.39 24.14 23.40 22.93 23.74 23.58 24.36 24.25 23.92 24.06 24.21 24.35 24.35 24.37 24.42 24.46 24.26 24.59 24.43 24.30 24.36 24.39 24.36 24.29 24.35 24.30
24.75 24.69 24.68 24.68 24.65 24.83 24.60 23.58 23.16 24.44 25.34 25.14 25.14 25.21 25.09 25.25 25.13 25.13 25.13 25.24 25.24 25.24 25.24 25.37 25.27 25.08 25.08 25.08 25.08 25.01 25.01 24.94 25.05 25.05 25.05 24.87 24.87 24.49 23.43 24.89 24.92 23.72 23.87 23.62 23.91 24.32 23.92 23.74 24.21 24.25 24.07 23.74 24.09 24.20 23.91 23.85 23.62 24.11 24.34 23.99 23.29 24.21 24.28 24.45 24.63 24.31 24.49 24.47 24.41 24.34 24.12 24.34 24.12 24.20 23.94 24.35 24.33
24.77 24.76 24.75 24.64 24.66 24.70 25.12 24.53 24.77 25.14 24.81 25.15 25.21 25.21 25.09 25.25 25.13 25.13 25.24 25.24 25.24 25.24 25.28 25.37 25.27 25.39 25.08 25.08 25.08 25.01 25.01 25.01 24.94 25.05 25.05 25.24 24.37 24.57 24.13 23.97 24.44 24.41 23.66 23.68 23.69 23.62 23.07 24.07 24.20 24.33 24.08 23.51 23.52 23.29 24.01 23.16 23.99 23.77 23.13 23.43 23.97 23.78 24.32 24.35 24.61 24.51 24.02 24.35 24.08 24.34 24.46 23.78 24.38 24.37 24.29 24.35 24.31
25.05 25.06 24.97 24.67 24.65 24.63 24.83 25.19 25.20 25.22 25.05 24.82 24.61 24.88 25.09 25.25 25.13 25.13 25.24 25.24 25.24 25.10 25.28 25.37 25.27 25.39 25.08 25.08 25.08 25.02 25.01 25.01 24.94 24.94 24.76 24.93 24.65 24.42 23.35 23.66 23.57 22.51 24.33 24.11 22.42 23.47 23.61 23.61 23.29 23.83 23.47 24.17 23.83 24.00 23.72 23.71 23.62 23.49 22.24 23.94 23.90 23.87 24.05 23.86 24.17 24.65 24.41 24.17 24.32 24.03 24.35 24.20 24.20 24.40 24.36 24.37 24.44
24.70 24.55 24.68 24.51 24.64 24.64 24.65 24.88 25.01 24.97 25.06 25.16 24.86 24.53 25.25 25.27 25.15 25.20 25.24 25.24 25.10 25.28 25.28 25.37 25.27 25.39 25.49 25.08 25.08 25.02 25.01 25.01 24.97 24.17 24.51 23.66 24.09 24.10 24.18 23.24 24.09 23.68 23.82 22.65 23.58 23.13 22.79 23.42 23.76 23.72 23.77 23.97 24.28 24.36 24.00 23.68 24.12 23.65 23.89 23.51 22.92 23.10 23.57 24.00 23.68 24.05 24.52 24.10 23.98 24.18 24.29 24.04 24.20 24.26 24.33 24.39 24.30
24.53 24.57 24.46 24.62 24.69 24.61 24.52 24.63 24.80 24.78 25.16 25.50 25.24 25.25 24.93 24.98 24.91 24.94 25.08 25.10 25.10 25.28 25.28 25.37 25.27 25.39 25.49 25.08 25.08 25.02 25.39 25.30 25.03 24.34 24.07 24.07 24.08 24.02 24.28 23.55 24.05 23.36 24.35 23.17 23.63 22.85 22.73 23.81 23.39 23.68 23.59 24.01 23.99 24.05 24.03 23.89 23.71 24.04 24.09 24.03 24.02 23.33 23.52 23.07 23.78 23.95 24.28 24.37 24.06 23.99 24.25 23.98 24.49 24.44 24.25 24.36 24.09
24.53 24.50 24.58 24.61 24.64 24.61 24.41 24.34 24.63 24.74 24.92 24.88 25.03 24.84 25.21 24.85 24.77 25.04 24.94 25.16 25.19 25.28 25.28 25.37 25.27 25.39 25.49 25.44 25.08 24.85 24.84 24.57 24.46 24.18 23.76 24.30 23.67 24.23 24.25 23.11 23.64 23.93 24.10 23.80 23.20 23.39 23.58 23.75 23.77 23.84 22.86 23.63 24.13 23.64 23.69 24.00 23.87 23.54 23.61 23.38 23.82 23.50 23.58 23.91 23.89 23.73 24.11 24.24 24.39 24.04 24.08 24.05 24.08 24.41 24.15 24.40 24.15
24.49 24.43 24.50 24.65 24.47 24.52 24.42 24.40 24.53 24.39 24.57 24.70 24.97 24.86 25.18 24.72 24.73 24.92 24.76 24.87 24.97 24.80 24.96 25.24 25.03 25.01 25.29 25.19 25.15 24.88 25.26 25.13 25.09 24.18 23.77 23.27 23.44 23.43 23.32 24.03 24.15 23.78 23.62 23.90 23.49 22.93 23.11 23.42 23.58 23.66 23.79 22.77 23.36 23.69 23.72 23.39 23.46 24.18 24.15 23.25 23.35 23.67 24.22 24.17 23.37 23.82 24.32 23.70 24.32 24.29 23.95 24.35 24.18 24.28 24.34 24.12 24.00
24.49 24.41 24.46 24.44 24.49 24.47 24.46 24.52 24.56 24.42 24.55 24.65 24.76 24.91 24.68 24.60 24.56 24.67 24.74 24.68 24.73 24.78 24.55 24.62 25.11 24.83 25.18 24.62 24.98 25.32 24.45 24.11 24.51 24.22 23.86 23.98 23.63 23.23 23.31 23.82 23.90 23.51 23.98 23.95 23.82 23.57 23.03 23.13 22.57 23.15 23.90 23.65 22.96 23.93 23.60 23.42 23.87 23.83 23.70 23.87 23.16 23.60 23.85 23.13 23.68 23.93 24.19 24.03 24.31 24.06 24.47 24.36 24.32 24.13 23.95 24.38 23.96
24.42 24.44 24.47 24.48 24.58 24.53 24.54 24.32 24.55 24.51 24.50 24.60 24.57 24.59 24.51 24.47 24.25 24.64 24.77 24.47 24.44 24.61 24.23 24.47 24.79 24.58 23.84 24.25 25.27 24.63 23.89 23.75 24.45 24.30 24.13 24.35 22.84 23.87 24.01 23.79 23.01 24.05 23.26 23.28 23.38 22.56 23.20 23.86 23.80 23.39 23.24 24.17 23.77 23.72 23.62 23.22 23.74 23.87 23.61 23.61 23.78 23.28 23.88 23.71 24.05 23.74 23.99 23.82 24.26 23.98 24.17 24.33 24.17 24.21 23.81 24.21 24.24
24.59 24.42 24.44 24.51 24.48 24.53 24.40 24.46 24.49 24.48 24.46 24.42 24.51 24.57 24.45 24.44 24.51 24.61 24.59 24.55 24.54 24.06 22.93 23.65 23.95 24.09 23.97 23.63 25.15 23.88 23.96 24.58 24.28 23.57 24.12 23.64 23.50 22.77 23.57 24.03 23.80 23.94 23.87 23.48 23.52 23.57 23.31 23.11 23.66 23.93 23.90 24.12 23.58 23.57 23.11 24.05 23.79 23.99 23.73 23.83 23.76 23.82 23.49 23.85 24.01 24.09 23.31 24.02 23.81 23.75 24.04 24.20 24.26 24.02 24.17 24.30 24.03
24.57 24.42 24.37 24.41 24.46 24.50 24.38 24.50 24.43 24.44 24.46 24.41 24.46 24.46 24.41 24.35 24.38 24.57 24.58 24.39 24.63 24.44 23.98 24.14 24.08 23.49 24.07 24.10 24.41 24.04 24.18 23.91 23.88 23.94 23.38 23.74 23.59 23.34 22.74 23.24 24.11 23.23 23.41 23.77 23.08 23.13 24.04 23.46 23.69 23.83 23.79 23.61 23.88 23.98 23.67 23.67 23.84 23.70 23.47 23.71 23.62 23.21 24.04 23.85 22.62 24.12 23.96 24.35 23.72 23.76 24.02 24.13 24.39 24.30 24.19 24.23 24.26
24.39 24.33 24.35 24.39 24.38 24.55 24.37 24.38 24.40 24.38 24.39 24.39 24.35 24.43 24.38 24.45 24.47 24.43 24.55 24.59 24.35 24.13 24.26 24.39 24.02 23.53 24.03 24.36 23.99 24.13 24.19 24.24 23.58 24.27 24.18 23.38 23.27 23.35 24.04 23.77 23.65 23.46 23.61 23.88 23.81 23.37 23.87 23.83 23.71 23.56 23.93 23.68 23.25 24.03 23.25 23.55 23.89 23.82 23.95 23.99 23.49 23.47 23.47 23.61 23.17 23.52 24.36 24.35 24.17 24.16 24.17 24.28 24.11 24.32 24.13 24.03 24.20
24.37 24.34 24.38 24.38 24.34 24.33 24.32 24.43 24.43 24.41 24.39 24.36 24.37 24.34 24.40 24.43 24.42 24.47 24.62 24.52 24.69 24.57 24.34 24.22 23.89 23.75 23.88 24.34 23.42 24.46 24.04 24.25 24.39 23.90 24.27 24.21 23.62 23.51 23.47 22.42 22.87 23.40 23.80 22.90 23.49 23.49 23.57 23.66 23.82 24.05 23.21 23.59 24.01 23.81 23.94 23.89 24.13 24.14 23.59 23.44 23.92 24.01 23.60 23.65 23.21 23.48 23.89 24.24 24.25 24.32 24.19 23.95 23.76 24.35 24.24 24.16 24.02
24.27 24.36 24.33 24.33 24.20 24.31 24.18 24.42 24.44 24.36 24.32 24.32 24.39 24.35 24.41 24.45 24.41 24.46 24.58 24.49 24.56 24.48 24.48 24.43 24.22 24.19 23.93 23.81 23.69 23.78 24.25 23.86 23.87 24.28 24.44 24.22 23.95 23.79 23.97 23.38 22.75 23.64 23.00 22.94 23.38 24.03 23.91 23.29 23.90 23.43 23.46 22.90 23.94 23.93 23.27 23.85 23.65 24.09 24.29 23.72 23.87 23.87 24.14 23.91 23.44 23.86 23.45 23.69 24.36 24.11 24.29 24.18 24.03 24.24 24.08 24.12 24.33
24.45 24.38 24.36 24.39 24.24 24.43 24.27 24.46 24.43 24.38 24.33 24.34 24.38 24.39 24.46 24.45 24.43 24.45 24.47 24.45 24.44 24.50 24.41 24.54 24.33 24.39 24.04 24.24 24.13 23.95 24.19 23.73 23.68 24.21 24.25 24.15 23.96 23.52 23.87 24.12 23.92 23.98 23.59 23.55 23.21 23.62 23.34 23.60 23.82 23.57 24.05 23.68 23.95 23.89 23.77 23.89 23.45 23.57 24.01 23.91 23.76 23.48 23.57 23.23 23.06 24.01 23.71 23.91 24.24 24.32 24.30 24.36 24.30 24.05 24.23 24.33 24.39
24.35 24.29 24.27 24.33 24.38 24.41 24.41 24.36 24.34 24.42 24.32 24.26 24.26 24.35 24.31 24.46 24.50 24.76 24.45 24.44 24.51 24.54 24.42 24.50 24.54 24.38 24.13 23.83 23.89 23.71 23.73 24.05 23.63 23.81 23.65 23.94 23.13 23.72 24.20 24.12 23.87 23.68 23.70 23.85 23.82 22.77 23.08 24.22 24.18 23.69 23.79 22.96 23.52 24.07 23.99 24.02 24.03 24.20 23.90 23.73 23.33 23.69 23.93 23.61 23.46 23.51 23.63 24.09 24.24 24.29 24.32 24.51 24.23 24.40 24.19 24.35 24.39
24.33 24.29 24.37 24.28 24.27 24.24 24.26 24.29 24.39 24.32 24.36 24.31 24.33 24.43 24.29 24.44 24.58 24.47 24.49 24.46 24.51 24.53 24.40 24.64 24.54 24.33 24.43 24.34 24.12 23.73 23.20 23.73 24.17 24.40 24.07 23.81 23.59 23.42 24.20 24.25 24.04 24.18 23.37 23.42 23.62 23.73 22.95 23.95 24.08 24.10 23.63 24.07 24.02 24.07 23.88 23.71 23.64 23.99 23.86 24.04 23.75 23.65 23.51 23.79 23.77 23.92 24.08 24.04 23.50 24.34 23.94 24.37 24.46 24.33 24.30 24.29 24.45
24.31 24.43 24.36 24.28 24.18 24.17 24.17 24.19 24.32 24.34 24.30 24.37 24.35 24.29 24.39 24.58 24.40 24.44 24.39 24.21 24.20 24.44 24.46 24.46 24.38 24.46 24.54 24.46 24.45 24.09 23.91 23.71 23.84 23.85 24.30 24.12 24.11 23.91 23.94 24.18 23.88 23.84 23.90 23.55 23.64 23.60 23.55 23.11 23.33 23.62 23.57 23.37 24.19 23.15 23.57 23.59 24.19 23.77 23.84 23.71 23.90 24.15 23.50 23.21 23.64 24.15 24.04 23.87 23.77 24.09 23.42 24.43 24.21 24.33 24.36 24.43 24.42
24.31 24.46 24.34 24.25 24.29 24.19 24.23 24.35 24.42 24.31 24.23 24.33 24.42 24.37 24.60 24.46 24.50 24.68 24.43 24.32 24.34 24.28 24.32 24.36 24.23 24.40 24.32 24.39 24.38 24.09 24.13 23.66 22.74 22.45 23.59 23.55 23.75 23.81 23.55 23.66 23.66 23.89 23.77 23.85 23.31 23.57 23.97 24.09 23.74 22.47 23.90 22.83 24.02 24.11 24.03 23.86 23.65 23.59 23.76 23.69 24.12 24.04 23.88 24.19 23.88 23.53 23.87 24.23 24.34 23.79 23.95 24.07 24.30 24.39 24.48 24.50 24.48
24.41 24.35 24.27 24.22 24.30 24.27 24.26 24.32 24.43 24.17 24.23 24.32 24.36 24.31 24.45 24.45 24.48 24.52 24.35 24.30 24.29 24.38 24.33 24.28 24.23 24.44 24.40 24.23 24.23 24.28 24.41 23.87 23.88 23.40 23.71 22.80 22.77 23.28 22.86 23.92 24.24 23.77 23.53 23.58 23.87 23.72 23.26 23.69 23.14 23.80 23.42 23.85 23.73 24.10 24.05 23.64 24.11 23.93 24.11 23.83 24.15 24.07 23.98 23.87 23.62 23.41 23.68 23.90 24.27 23.98 23.92 23.62 24.14 24.55 24.39 24.29 24.41
24.46 24.32 24.28 24.27 24.25 24.26 24.28 24.23 24.18 24.22 24.23 24.29 24.28 24.32 24.27 24.45 24.38 24.34 24.30 24.29 24.18 24.23 24.23 24.25 24.26 24.34 24.26 24.36 24.30 24.18 24.38 24.17 23.91 23.88 23.65 23.98 23.71 23.05 23.83 24.07 23.96 23.39 23.45 23.12 23.66 23.16 24.06 23.44 24.01 23.64 23.55 24.24 23.83 23.18 24.01 23.45 23.76 23.99 23.72 23.88 24.15 24.01 24.28 24.18 24.10 23.94 23.83 23.43 23.57 24.09 24.02 23.68 24.23 24.41 24.47 24.45 24.19
