main/data/irradiance/22.08.2023.grid
ncols 839
nrows 679
xllcenter 112.0500
yllcenter -43.9500
cellsize 0.0500
nodata_value 99999.90
[rows 136 to 169 of 679, columns 385 to 461 of 839]
22.05 22.00 21.98 22.00 21.99 22.05 22.03 22.02 21.99 21.95 21.96 21.99 22.05 22.00 21.97 21.97 21.94 21.91 21.95 21.93 21.91 21.95 21.98 21.95 21.96 21.94 21.92 21.94 21.91 21.91 21.94 21.93 21.87 21.83 21.88 21.99 21.94 21.88 21.80 21.83 21.85 21.82 21.79 21.96 21.90 21.90 21.92 21.96 21.94 21.90 21.93 21.95 21.95 21.94 21.92 21.92 21.93 21.88 21.91 21.93 21.93 21.92 21.97 21.99 21.97 21.94 21.95 21.97 21.96 21.98 21.98 21.96 21.89 21.90 21.95 21.95 21.94
22.03 21.95 21.97 22.03 21.98 22.02 22.02 21.98 21.99 21.96 21.96 22.05 22.01 21.97 21.97 21.98 21.94 21.91 21.87 21.91 21.91 21.94 21.93 21.89 21.92 21.92 21.90 21.89 21.85 21.85 21.88 21.87 21.83 21.84 21.92 21.89 21.85 21.83 21.86 21.71 21.57 21.72 21.94 21.93 21.84 21.92 21.97 21.98 21.96 21.91 21.93 21.92 21.91 21.93 21.92 21.96 21.95 21.87 21.93 21.95 21.93 21.97 22.00 21.97 21.96 21.95 21.94 21.93 21.96 21.90 21.97 21.83 21.92 21.93 21.94 21.97 21.94
22.07 22.02 22.04 22.07 22.00 22.02 21.97 21.98 21.99 21.97 21.98 21.96 21.95 21.98 21.95 21.95 21.94 21.92 21.91 21.94 21.93 21.89 21.89 21.88 21.87 21.89 21.86 21.86 21.89 21.86 21.88 21.90 21.89 21.90 21.90 21.83 21.54 21.61 21.73 21.67 21.65 21.82 21.93 21.90 21.91 21.94 21.94 21.96 21.95 21.89 21.93 21.92 21.91 21.94 21.91 21.97 21.95 21.93 21.94 21.91 21.92 21.94 21.95 21.94 21.89 21.94 21.90 21.91 21.90 21.91 21.89 21.89 21.98 21.94 21.94 21.94 21.94
22.02 22.01 21.98 21.97 22.01 21.97 21.94 21.95 21.99 21.95 21.94 21.92 21.93 21.96 21.93 21.88 21.85 21.86 21.85 21.86 21.88 21.87 21.86 21.87 21.87 21.87 21.88 21.87 21.88 21.90 21.91 21.90 21.91 21.91 21.89 21.82 21.56 21.68 21.67 21.76 21.61 21.84 21.88 21.89 21.89 21.93 21.96 21.96 21.95 21.91 21.91 21.93 21.93 21.97 21.95 21.98 21.97 21.97 21.96 21.89 21.91 21.93 21.94 21.92 21.90 21.90 21.91 21.95 21.93 21.93 21.89 21.93 21.94 21.96 21.95 21.93 21.90
21.94 22.00 22.06 22.05 22.02 21.98 22.02 22.00 21.93 21.94 21.94 21.94 21.92 21.92 21.88 21.89 21.91 21.86 21.83 21.82 21.83 21.83 21.84 21.89 21.90 21.87 21.88 21.85 21.88 21.89 21.92 21.90 21.89 21.93 21.89 21.88 21.94 21.78 21.85 21.83 21.85 21.63 21.76 21.90 21.90 21.95 21.96 21.95 21.96 21.94 21.95 21.95 21.92 21.92 21.89 21.92 21.90 21.91 21.95 21.94 21.96 21.92 21.95 21.94 21.88 21.91 21.92 21.92 21.93 21.86 21.91 21.96 21.95 21.94 21.93 21.94 21.92
21.86 21.96 22.02 22.00 21.98 21.97 21.95 21.92 21.88 21.91 21.91 21.94 21.93 21.87 21.85 21.88 21.84 21.83 21.85 21.82 21.85 21.80 21.81 21.88 21.88 21.87 21.88 21.85 21.85 21.89 21.90 21.92 21.92 21.93 21.91 21.91 21.84 21.84 21.81 21.80 21.78 21.68 21.65 21.85 21.92 21.94 21.94 21.94 21.94 21.95 21.94 21.94 21.96 21.88 21.79 21.86 21.84 21.85 21.85 21.94 21.89 21.85 21.94 21.95 21.92 21.88 21.91 21.87 21.85 21.83 21.93 21.93 21.92 21.91 21.92 21.90 21.92
21.88 21.91 21.93 21.93 21.94 21.96 21.95 21.88 21.87 21.91 21.93 21.92 21.90 21.85 21.86 21.87 21.83 21.84 21.85 21.84 21.89 21.86 21.87 21.90 21.92 21.90 21.88 21.91 21.87 21.89 21.91 21.90 21.87 21.89 21.92 21.94 21.87 21.83 21.89 21.84 21.82 21.77 21.70 21.72 21.92 21.92 21.90 21.90 21.91 21.90 21.76 21.83 21.85 21.77 21.73 21.94 21.89 21.85 21.65 21.75 21.83 21.87 21.90 21.90 21.88 21.88 21.83 21.75 21.78 21.89 21.87 21.87 21.92 21.88 21.90 21.95 21.96
21.86 21.87 21.90 21.86 21.90 21.98 21.91 21.86 21.81 21.89 21.95 21.90 21.84 21.84 21.83 21.81 21.86 21.81 21.84 21.83 21.82 21.84 21.86 21.88 21.89 21.85 21.84 21.87 21.87 21.87 21.87 21.87 21.86 21.93 21.94 21.88 21.86 21.86 21.91 21.81 21.88 21.83 21.66 21.66 21.92 21.92 21.87 21.87 21.76 21.75 21.73 21.88 21.79 21.74 21.88 21.94 21.87 21.86 21.72 21.78 21.80 21.92 21.89 21.86 21.68 21.54 21.64 21.81 21.90 21.92 21.85 21.85 21.88 21.90 21.92 21.94 21.95
21.78 21.83 21.87 21.86 21.91 21.93 21.90 21.89 21.86 21.84 21.86 21.84 21.81 21.83 21.86 21.83 21.82 21.86 21.87 21.83 21.80 21.81 21.79 21.85 21.86 21.85 21.82 21.80 21.82 21.87 21.79 21.77 21.80 21.81 21.86 21.82 21.81 21.84 21.84 21.57 21.77 21.84 21.86 21.80 21.84 21.69 21.76 21.76 21.81 21.82 21.90 21.87 21.85 21.87 21.91 21.90 21.88 21.87 21.82 21.81 21.66 21.84 21.86 21.46 21.27 21.40 21.70 21.81 21.85 21.84 21.85 21.87 21.92 21.93 21.91 21.80 21.83
21.68 21.77 21.80 21.82 21.88 21.92 21.86 21.86 21.90 21.86 21.87 21.86 21.83 21.82 21.82 21.83 21.83 21.82 21.83 21.80 21.80 21.79 21.79 21.81 21.83 21.81 21.79 21.81 21.82 21.80 21.81 21.79 21.80 21.81 21.81 21.78 21.74 21.77 21.56 21.62 21.65 21.81 21.82 21.77 21.65 21.76 21.86 21.80 21.85 21.89 21.89 21.82 21.87 21.89 21.89 21.86 21.88 21.87 21.86 21.83 21.79 21.71 21.72 21.60 21.69 21.64 21.78 21.83 21.79 21.85 21.85 21.86 21.86 21.86 21.84 21.85 21.85
21.65 21.69 21.76 21.80 21.83 21.91 21.87 21.90 21.90 21.86 21.90 21.90 21.85 21.82 21.83 21.82 21.84 21.80 21.84 21.82 21.81 21.82 21.80 21.81 21.81 21.76 21.79 21.79 21.82 21.79 21.83 21.85 21.78 21.79 21.81 21.80 21.82 21.84 21.83 21.78 21.81 21.75 21.72 21.74 21.48 21.83 21.81 21.72 21.77 21.81 21.81 21.76 21.62 21.74 21.81 21.83 21.88 21.89 21.87 21.85 21.85 21.66 21.61 21.54 21.65 21.85 21.78 21.72 21.82 21.79 21.81 21.81 21.82 21.77 21.83 21.85 21.84
21.69 21.73 21.82 21.75 21.80 21.91 21.90 21.92 21.91 21.84 21.87 21.86 21.84 21.85 21.88 21.90 21.83 21.81 21.83 21.83 21.80 21.79 21.82 21.84 21.81 21.81 21.76 21.78 21.82 21.77 21.78 21.83 21.81 21.81 21.81 21.81 21.82 21.82 21.83 21.81 21.77 21.78 21.70 21.78 21.60 21.80 21.82 21.84 21.85 21.84 21.82 21.81 21.68 21.55 21.72 21.73 21.74 21.80 21.85 21.86 21.82 21.76 21.53 21.58 21.62 21.71 21.82 21.80 21.79 21.84 21.81 21.80 21.81 21.75 21.81 21.75 21.82
21.75 21.72 21.73 21.77 21.82 21.89 21.92 21.92 21.94 21.88 21.84 21.86 21.89 21.87 21.89 21.89 21.86 21.84 21.84 21.83 21.82 21.82 21.83 21.81 21.79 21.77 21.76 21.79 21.82 21.83 21.80 21.87 21.84 21.77 21.79 21.80 21.81 21.79 21.79 21.77 21.80 21.77 21.77 21.79 21.69 21.69 21.84 21.85 21.83 21.82 21.77 21.80 21.81 21.76 21.67 21.65 21.68 21.82 21.78 21.82 21.83 21.75 21.53 21.62 21.70 21.59 21.76 21.80 21.77 21.81 21.78 21.79 21.83 21.82 21.81 21.82 21.83
21.77 21.80 21.75 21.68 21.82 21.81 21.85 21.88 21.88 21.83 21.87 21.88 21.86 21.87 21.91 21.91 21.88 21.86 21.86 21.87 21.85 21.85 21.85 21.84 21.84 21.80 21.80 21.79 21.82 21.84 21.83 21.83 21.85 21.84 21.80 21.82 21.81 21.79 21.77 21.73 21.75 21.74 21.73 21.80 21.69 21.49 21.75 21.81 21.83 21.83 21.64 21.64 21.73 21.66 21.61 21.54 21.63 21.75 21.78 21.83 21.83 21.76 21.74 21.83 21.79 21.58 21.50 21.71 21.77 21.79 21.72 21.76 21.82 21.81 21.85 21.77 21.78
21.75 21.83 21.72 21.58 21.69 21.77 21.83 21.87 21.84 21.75 21.83 21.81 21.81 21.84 21.88 21.88 21.86 21.85 21.89 21.89 21.88 21.89 21.84 21.84 21.84 21.80 21.81 21.81 21.81 21.82 21.83 21.81 21.82 21.79 21.80 21.81 21.79 21.77 21.72 21.73 21.71 21.72 21.65 21.76 21.74 21.58 21.61 21.44 21.65 21.76 21.45 21.51 21.62 21.59 21.68 21.63 21.65 21.80 21.65 21.84 21.85 21.81 21.83 21.86 21.85 21.64 21.58 21.61 21.72 21.68 21.73 21.79 21.78 21.78 21.74 21.74 21.72
21.78 21.81 21.72 21.70 21.66 21.75 21.83 21.85 21.84 21.80 21.81 21.83 21.81 21.87 21.89 21.85 21.83 21.86 21.85 21.87 21.87 21.87 21.84 21.83 21.79 21.82 21.81 21.80 21.80 21.80 21.80 21.83 21.83 21.85 21.80 21.80 21.76 21.76 21.74 21.73 21.70 21.72 21.65 21.68 21.71 21.78 21.72 21.62 21.60 21.52 21.38 21.52 21.32 21.66 21.73 21.66 21.68 21.73 21.45 21.89 21.86 21.84 21.84 21.85 21.83 21.82 21.75 21.62 21.64 21.67 21.65 21.79 21.72 21.77 21.77 21.78 21.79
21.84 21.79 21.66 21.69 21.69 21.76 21.83 21.84 21.84 21.83 21.81 21.82 21.83 21.82 21.82 21.81 21.82 21.82 21.83 21.83 21.89 21.90 21.87 21.84 21.82 21.84 21.82 21.81 21.82 21.87 21.87 21.86 21.83 21.84 21.81 21.79 21.79 21.84 21.80 21.70 21.71 21.71 21.66 21.62 21.65 21.78 21.87 21.78 21.55 21.50 21.37 21.48 21.34 21.81 21.84 21.72 21.64 21.58 21.71 21.81 21.83 21.76 21.79 21.80 21.78 21.79 21.81 21.69 21.50 21.57 21.51 21.63 21.79 21.77 21.78 21.76 21.71
21.78 21.73 21.72 21.61 21.69 21.79 21.83 21.84 21.83 21.80 21.82 21.82 21.82 21.80 21.80 21.80 21.82 21.82 21.82 21.86 21.88 21.90 21.89 21.86 21.85 21.84 21.81 21.78 21.82 21.85 21.89 21.88 21.84 21.83 21.85 21.82 21.82 21.80 21.73 21.70 21.73 21.65 21.63 21.62 21.65 21.86 21.86 21.93 21.65 21.33 21.40 21.35 21.57 21.79 21.83 21.68 21.66 21.74 21.78 21.73 21.68 21.78 21.78 21.77 21.79 21.75 21.79 21.78 21.68 21.67 21.66 21.50 21.54 21.70 21.58 21.47 21.67
21.77 21.74 21.75 21.76 21.80 21.81 21.82 21.85 21.82 21.82 21.82 21.81 21.80 21.78 21.79 21.79 21.78 21.81 21.84 21.86 21.91 21.91 21.89 21.88 21.86 21.85 21.80 21.81 21.87 21.92 21.91 21.88 21.88 21.81 21.85 21.85 21.83 21.80 21.72 21.73 21.74 21.62 21.63 21.63 21.65 21.78 21.78 21.89 21.77 21.76 21.49 21.36 21.76 21.88 21.82 21.82 21.53 21.77 21.63 21.42 21.40 21.81 21.78 21.79 21.78 21.76 21.77 21.75 21.66 21.74 21.74 21.65 21.72 21.63 21.58 21.64 21.76
21.79 21.73 21.75 21.78 21.78 21.79 21.77 21.78 21.79 21.80 21.83 21.81 21.82 21.81 21.80 21.78 21.77 21.77 21.79 21.79 21.85 21.90 21.89 21.88 21.88 21.85 21.85 21.84 21.86 21.92 21.92 21.94 21.88 21.83 21.83 21.83 21.83 21.74 21.70 21.71 21.68 21.53 21.53 21.48 21.81 21.81 21.81 21.86 21.78 21.50 21.42 21.72 21.90 21.88 21.81 21.78 21.68 21.85 21.87 21.65 21.29 21.79 21.80 21.74 21.75 21.75 21.71 21.56 21.72 21.78 21.73 21.71 21.67 21.67 21.64 21.75 21.76
21.73 21.69 21.71 21.76 21.78 21.76 21.75 21.75 21.77 21.77 21.80 21.81 21.82 21.84 21.87 21.83 21.82 21.83 21.81 21.80 21.80 21.78 21.81 21.83 21.86 21.83 21.85 21.88 21.87 21.91 21.94 21.93 21.91 21.87 21.88 21.87 21.80 21.77 21.76 21.70 21.55 21.41 21.48 21.48 21.48 21.81 21.81 21.73 21.82 21.51 21.32 21.47 21.84 21.89 21.67 21.64 21.46 21.53 21.74 21.77 21.62 21.66 21.71 21.76 21.65 21.64 21.57 21.62 21.64 21.77 21.74 21.72 21.61 21.63 21.64 21.67 21.72
21.75 21.71 21.75 21.83 21.78 21.79 21.79 21.73 21.72 21.73 21.78 21.81 21.82 21.82 21.85 21.86 21.84 21.83 21.84 21.84 21.83 21.86 21.79 21.77 21.79 21.80 21.76 21.82 21.85 21.87 21.87 21.84 21.85 21.87 21.87 21.84 21.77 21.76 21.73 21.71 21.53 21.45 21.40 21.40 21.40 21.46 21.46 21.67 21.79 21.75 21.52 21.68 21.38 21.47 21.38 21.43 21.39 21.31 21.35 21.39 21.37 21.46 21.54 21.61 21.60 21.54 21.53 21.58 21.44 21.56 21.67 21.70 21.67 21.68 21.64 21.63 21.63
21.75 21.79 21.80 21.76 21.77 21.76 21.76 21.72 21.71 21.72 21.79 21.83 21.84 21.82 21.82 21.81 21.79 21.77 21.81 21.83 21.84 21.80 21.83 21.78 21.68 21.80 21.80 21.79 21.81 21.85 21.86 21.80 21.84 21.83 21.86 21.82 21.77 21.74 21.75 21.71 21.65 21.37 21.40 21.40 21.52 21.38 21.38 21.73 21.79 21.82 21.71 21.55 21.48 21.52 21.38 21.32 21.30 21.31 21.32 21.30 21.33 21.37 21.39 21.68 21.58 21.59 21.40 21.43 21.52 21.56 21.68 21.60 21.61 21.68 21.71 21.48 21.46
21.74 21.74 21.75 21.77 21.76 21.76 21.77 21.74 21.73 21.74 21.77 21.81 21.80 21.80 21.82 21.72 21.78 21.76 21.77 21.77 21.79 21.79 21.81 21.79 21.77 21.78 21.80 21.85 21.81 21.80 21.82 21.82 21.81 21.80 21.83 21.83 21.82 21.77 21.78 21.77 21.73 21.61 21.45 21.54 21.52 21.49 21.64 21.79 21.80 21.84 21.68 21.78 21.80 21.66 21.50 21.34 21.26 21.25 21.28 21.29 21.34 21.40 21.33 21.52 21.55 21.56 21.40 21.42 21.48 21.60 21.63 21.57 21.46 21.60 21.63 21.50 21.51
21.79 21.78 21.79 21.80 21.83 21.75 21.75 21.76 21.73 21.77 21.78 21.82 21.83 21.83 21.81 21.71 21.74 21.81 21.84 21.79 21.78 21.78 21.79 21.78 21.77 21.77 21.76 21.74 21.80 21.80 21.82 21.79 21.79 21.78 21.86 21.85 21.81 21.82 21.76 21.75 21.79 21.76 21.65 21.30 21.57 21.70 21.72 21.72 21.78 21.86 21.76 21.60 21.62 21.64 21.27 21.36 21.34 21.30 21.23 21.39 21.37 21.33 21.41 21.56 21.55 21.52 21.37 21.42 21.38 21.67 21.66 21.51 21.54 21.53 21.44 21.53 21.43
21.79 21.77 21.76 21.75 21.79 21.78 21.74 21.72 21.70 21.73 21.77 21.79 21.79 21.77 21.69 21.72 21.80 21.80 21.82 21.82 21.80 21.75 21.77 21.78 21.79 21.77 21.77 21.75 21.76 21.75 21.78 21.79 21.82 21.79 21.84 21.83 21.86 21.85 21.80 21.74 21.77 21.72 21.67 21.46 21.52 21.61 21.58 21.72 21.72 21.79 21.82 21.71 21.36 21.46 21.56 21.50 21.61 21.66 21.51 21.32 21.22 21.31 21.29 21.31 21.58 21.45 21.45 21.41 21.57 22.00 21.81 21.35 21.53 21.55 21.43 21.36 21.44
21.78 21.77 21.78 21.75 21.75 21.75 21.74 21.72 21.74 21.70 21.79 21.82 21.79 21.77 21.76 21.78 21.80 21.82 21.83 21.82 21.81 21.78 21.75 21.73 21.75 21.78 21.77 21.77 21.79 21.77 21.76 21.71 21.77 21.81 21.85 21.87 21.87 21.82 21.83 21.82 21.78 21.80 21.75 21.61 21.65 21.54 21.72 21.74 21.70 21.78 21.82 21.79 21.47 21.38 21.40 21.50 21.60 21.65 21.36 21.32 21.48 21.37 21.35 21.37 21.46 21.42 21.49 21.26 21.56 21.61 21.42 21.39 21.42 21.49 21.22 21.17 21.21
21.78 21.74 21.77 21.76 21.74 21.69 21.70 21.68 21.71 21.78 21.80 21.80 21.79 21.81 21.79 21.77 21.78 21.80 21.80 21.79 21.77 21.77 21.75 21.75 21.73 21.74 21.69 21.77 21.75 21.77 21.75 21.71 21.74 21.79 21.72 21.77 21.80 21.81 21.84 21.80 21.72 21.75 21.84 21.75 21.63 21.60 21.72 21.72 21.69 21.74 21.76 21.79 21.50 21.21 21.29 21.27 21.49 21.66 21.42 21.41 21.60 21.46 21.41 21.33 21.41 21.53 21.38 21.41 21.29 21.41 21.42 21.22 21.24 21.50 21.54 21.41 21.44
21.76 21.74 21.76 21.77 21.76 21.72 21.70 21.67 21.72 21.76 21.80 21.81 21.80 21.78 21.79 21.78 21.80 21.80 21.80 21.77 21.73 21.75 21.66 21.71 21.72 21.71 21.72 21.76 21.75 21.75 21.75 21.72 21.72 21.71 21.67 21.76 21.78 21.76 21.75 21.79 21.78 21.76 21.77 21.65 21.62 21.66 21.69 21.71 21.71 21.70 21.70 21.71 21.60 21.25 21.13 21.24 21.22 21.39 21.39 21.42 21.67 21.38 21.26 21.27 21.36 21.59 21.62 21.43 21.59 21.54 21.62 21.55 21.64 21.59 21.82 21.77 21.68
21.72 21.75 21.74 21.75 21.74 21.70 21.68 21.67 21.66 21.70 21.77 21.76 21.75 21.77 21.79 21.77 21.68 21.71 21.75 21.73 21.71 21.69 21.72 21.72 21.70 21.67 21.70 21.73 21.71 21.68 21.74 21.73 21.70 21.59 21.69 21.69 21.75 21.78 21.77 21.79 21.73 21.71 21.70 21.56 21.63 21.71 21.67 21.67 21.69 21.77 21.65 21.57 21.62 21.27 21.23 21.14 21.14 21.19 21.28 21.45 21.83 21.37 21.26 21.34 21.38 21.42 21.65 21.55 21.59 21.68 21.74 21.78 21.91 21.92 21.95 21.82 21.67
21.70 21.72 21.72 21.75 21.72 21.72 21.73 21.69 21.66 21.69 21.76 21.76 21.78 21.76 21.73 21.73 21.69 21.70 21.70 21.68 21.71 21.67 21.70 21.71 21.68 21.66 21.69 21.69 21.68 21.69 21.69 21.61 21.57 21.68 21.69 21.69 21.68 21.74 21.71 21.72 21.73 21.71 21.70 21.71 21.69 21.68 21.68 21.68 21.63 21.71 21.59 21.56 21.46 21.32 21.70 21.54 21.21 21.17 21.19 21.27 21.49 21.30 21.21 21.23 21.34 21.37 21.58 21.66 21.33 21.57 21.77 21.41 21.69 21.57 21.89 21.84 21.78
21.70 21.70 21.70 21.72 21.73 21.70 21.75 21.73 21.67 21.69 21.73 21.74 21.75 21.77 21.78 21.76 21.62 21.72 21.70 21.68 21.68 21.67 21.66 21.72 21.73 21.69 21.67 21.68 21.71 21.70 21.65 21.65 21.67 21.67 21.67 21.66 21.72 21.69 21.66 21.66 21.71 21.71 21.75 21.72 21.74 21.73 21.69 21.65 21.61 21.64 21.65 21.56 21.51 21.63 21.66 21.66 21.43 21.14 21.20 21.24 21.25 21.28 21.25 21.36 21.22 21.29 21.38 21.39 21.43 21.71 21.72 21.25 21.77 21.95 21.93 21.77 21.65
21.71 21.68 21.68 21.70 21.71 21.71 21.71 21.72 21.62 21.66 21.70 21.73 21.76 21.77 21.78 21.76 21.73 21.66 21.67 21.69 21.66 21.72 21.70 21.67 21.66 21.72 21.70 21.70 21.71 21.68 21.60 21.65 21.62 21.63 21.64 21.65 21.72 21.71 21.68 21.68 21.71 21.75 21.73 21.70 21.71 21.72 21.74 21.69 21.65 21.65 21.69 21.64 21.46 21.62 21.62 21.65 21.65 21.25 21.17 21.22 21.30 21.24 21.42 21.38 21.35 21.41 21.38 21.48 21.51 21.77 21.75 21.29 21.56 21.78 21.92 21.75 21.19
21.68 21.69 21.69 21.71 21.69 21.67 21.72 21.70 21.59 21.69 21.72 21.72 21.75 21.78 21.74 21.72 21.73 21.67 21.65 21.66 21.68 21.69 21.71 21.70 21.65 21.71 21.70 21.68 21.67 21.67 21.63 21.61 21.61 21.62 21.60 21.59 21.63 21.68 21.69 21.70 21.72 21.74 21.75 21.73 21.67 21.59 21.57 21.65 21.66 21.68 21.64 21.61 21.55 21.59 21.63 21.61 21.65 21.62 21.32 21.13 21.17 21.36 21.38 21.23 21.30 21.29 21.39 21.43 21.48 21.69 21.75 21.73 21.57 21.70 21.91 21.78 21.22
