main/data/irradiance/22.04.2023.grid
ncols 839
nrows 679
xllcenter 112.0500
yllcenter -43.9500
cellsize 0.0500
nodata_value 99999.90
[rows 136 to 169 of 679, columns 308 to 384 of 839]
19.84 19.57 19.28 20.12 20.34 20.18 19.98 20.25 19.43 19.63 19.91 19.15 18.38 17.29 16.46 16.27 16.40 17.00 17.85 18.48 19.07 19.26 18.96 18.74 18.58 18.04 18.31 18.39 17.85 17.64 18.74 19.14 18.85 18.28 18.72 19.55 19.76 18.88 19.08 20.12 20.32 20.67 20.39 20.79 21.07 21.64 21.87 22.08 22.28 22.27 22.30 22.28 22.26 22.26 22.27 22.26 22.26 22.26 22.23 22.11 21.84 21.95 21.98 22.02 22.14 22.23 22.19 22.18 22.00 21.93 22.04 22.10 22.10 22.16 22.12 22.17 22.24
19.54 18.81 19.63 20.48 20.38 20.30 19.73 19.73 19.19 19.90 19.30 18.87 18.51 17.76 16.89 17.96 16.95 16.71 17.45 18.21 18.13 18.73 18.54 18.88 18.42 18.04 18.71 18.63 18.00 18.22 18.80 19.21 18.68 19.08 19.58 19.98 20.12 19.92 19.58 19.96 20.56 20.78 20.78 20.83 21.23 21.76 22.05 22.24 22.28 22.24 22.26 22.25 22.23 22.24 22.25 22.25 22.25 22.23 22.18 21.93 22.01 22.09 21.92 22.07 22.06 22.13 22.10 22.10 22.03 22.08 22.14 22.09 22.04 22.09 22.14 22.15 22.22
19.67 19.39 20.25 20.04 20.02 19.63 19.63 19.72 19.45 19.45 19.32 18.81 18.96 17.73 17.47 17.54 18.37 18.43 18.22 18.38 18.80 19.38 18.42 18.21 18.42 18.50 18.84 19.26 18.94 18.86 19.10 19.20 18.74 19.09 19.99 20.09 20.35 20.08 19.57 20.04 20.48 20.84 20.62 21.17 21.61 21.99 22.11 22.17 22.19 22.15 22.24 22.20 22.20 22.21 22.19 22.23 22.22 22.22 22.16 22.05 22.15 22.03 21.92 22.00 22.11 22.20 22.22 22.20 22.05 22.11 22.07 22.00 22.00 22.05 22.02 22.21 22.12
19.62 20.98 20.22 20.12 20.11 20.24 19.56 19.50 19.52 19.69 19.19 18.83 17.81 17.59 17.09 16.89 17.66 18.61 17.96 19.65 19.64 20.12 18.43 18.49 18.59 18.29 18.93 19.48 19.28 19.46 19.57 19.43 19.36 19.57 20.09 19.85 20.58 20.59 20.24 20.45 20.68 21.27 21.11 21.50 21.70 22.07 22.10 22.12 22.13 22.11 22.18 22.08 22.15 22.14 22.19 22.21 22.16 22.14 22.02 21.88 22.01 21.86 21.96 21.99 22.12 22.12 22.17 22.17 22.12 22.18 21.99 21.88 21.97 21.98 22.11 22.00 22.13
21.60 21.31 20.60 20.47 20.24 20.50 19.75 19.75 20.02 20.05 19.12 18.35 18.07 17.43 16.70 16.29 18.35 19.08 17.88 19.63 20.16 20.29 19.35 19.00 18.78 17.73 19.01 19.78 19.47 19.22 19.49 19.82 19.83 19.70 20.42 20.52 21.09 20.89 20.88 20.90 21.35 21.81 21.67 21.71 21.79 22.08 22.07 22.07 22.06 22.09 22.13 22.06 22.05 22.11 22.16 22.18 22.13 22.12 22.06 22.11 22.07 21.96 21.90 21.93 21.96 22.08 22.08 21.95 22.04 22.19 21.99 21.90 21.94 21.93 21.83 21.85 22.04
21.82 20.78 20.46 20.45 20.44 20.08 19.91 19.76 19.81 19.80 19.13 17.93 17.51 17.10 15.77 18.05 19.63 18.22 19.36 20.54 20.86 20.74 20.25 19.62 19.52 18.58 19.36 19.84 19.41 19.08 19.63 20.02 20.02 20.14 20.67 21.08 21.26 20.37 20.83 21.29 21.62 21.98 21.93 21.87 21.91 22.08 22.10 22.09 22.10 22.05 22.02 22.00 21.99 22.09 22.14 22.06 22.12 22.08 22.02 22.12 22.12 22.07 22.02 21.94 21.98 22.02 21.94 21.94 21.94 22.00 22.04 22.09 21.98 21.94 21.80 21.97 22.03
21.71 21.16 20.79 20.69 20.27 19.29 19.13 19.49 19.01 18.85 19.07 18.04 16.91 16.98 17.54 19.10 20.19 19.79 21.09 20.96 20.34 20.89 20.87 20.02 19.88 19.34 19.93 20.18 19.35 19.51 19.96 20.40 20.46 20.36 20.77 21.06 21.09 20.79 21.12 21.38 21.72 22.06 22.01 21.84 21.75 22.06 22.02 22.01 21.99 21.95 21.94 22.05 22.04 22.08 22.12 22.10 22.08 22.04 21.93 21.99 22.05 22.13 22.05 21.96 21.86 21.88 21.91 21.89 22.01 22.03 22.09 22.07 22.07 21.97 21.81 21.88 21.89
21.28 21.15 21.08 20.85 20.40 19.89 20.13 19.85 18.96 18.41 18.25 18.41 17.56 17.51 18.78 18.20 20.35 20.77 21.02 20.57 20.68 21.02 20.98 20.31 20.59 20.31 20.48 20.24 20.08 19.84 20.18 20.60 20.72 20.64 21.03 21.30 21.12 21.01 21.16 21.37 21.64 22.04 22.04 21.95 22.02 22.07 22.03 21.89 21.96 21.86 21.88 21.97 22.05 22.06 22.04 21.98 22.01 21.91 21.92 21.90 21.93 22.07 21.97 21.90 21.86 21.90 21.92 21.97 22.02 21.98 22.06 22.02 22.04 21.91 21.87 21.82 21.89
20.89 21.26 21.30 21.15 20.35 20.66 20.29 19.32 19.19 18.53 18.41 18.29 18.40 16.26 17.22 19.42 20.99 20.67 20.83 21.13 20.78 21.08 21.37 20.67 20.98 20.81 20.42 20.29 20.36 20.17 20.47 20.81 20.89 20.76 21.13 21.41 21.20 21.32 21.50 21.47 21.72 22.00 22.05 22.06 22.00 21.93 21.91 21.85 21.97 21.97 21.90 22.05 22.05 22.03 22.02 21.98 21.95 21.78 21.73 21.83 21.81 21.82 21.94 22.01 22.03 21.94 21.95 22.01 21.97 21.94 21.94 21.98 22.02 21.90 21.92 21.82 21.86
21.35 21.54 21.34 21.01 20.89 20.81 20.90 19.72 19.18 18.95 18.33 17.75 16.76 17.38 18.48 20.00 21.04 20.58 20.45 21.29 21.07 21.35 21.51 20.89 21.06 20.83 20.32 20.51 20.46 20.64 20.64 20.70 21.10 21.16 21.18 21.55 21.33 21.31 21.71 21.56 21.76 22.03 22.01 22.09 22.05 21.94 21.98 22.00 22.07 22.05 22.03 22.01 22.05 22.03 21.96 21.93 21.90 21.86 21.92 21.89 21.91 21.92 21.95 22.03 22.03 22.06 22.01 21.96 21.83 21.83 21.86 21.97 21.89 21.97 21.85 21.88 21.93
21.68 21.77 21.51 21.38 21.23 20.72 21.19 20.64 20.07 19.28 19.09 18.19 17.63 18.92 19.38 20.61 20.52 20.66 20.71 21.40 21.08 20.90 21.12 21.09 21.07 20.88 20.66 20.88 20.75 20.69 20.83 20.62 21.17 21.60 21.45 21.49 21.37 21.40 21.77 21.82 21.79 21.97 22.02 22.09 22.06 22.04 22.08 22.08 22.05 22.07 22.07 22.07 22.05 21.99 21.91 21.88 21.89 22.00 22.03 22.06 22.06 22.06 22.06 22.06 22.04 22.06 22.03 22.03 22.00 21.84 21.92 21.87 21.83 21.95 21.87 21.92 21.90
21.86 21.76 21.57 21.41 21.22 21.10 20.96 20.65 20.39 20.09 19.82 19.55 19.37 18.48 20.27 20.53 20.65 20.53 20.91 21.15 20.91 21.04 21.26 21.21 20.88 20.80 20.94 20.91 20.68 20.75 20.76 20.77 21.26 21.82 21.79 21.77 21.66 21.47 21.78 21.92 21.72 21.77 22.02 22.08 22.00 21.96 22.02 22.07 22.03 22.06 22.07 22.06 22.06 22.01 21.95 21.97 21.97 22.01 22.04 22.06 22.06 22.05 22.06 22.07 22.06 22.04 22.06 22.01 22.02 21.94 21.87 21.87 21.89 21.92 21.89 21.83 21.92
21.91 21.73 21.56 21.17 21.27 21.03 20.88 20.85 20.66 20.25 19.98 19.73 19.95 20.14 21.03 20.97 20.76 20.89 21.37 21.35 21.34 21.28 21.41 21.35 20.84 20.39 20.43 20.94 20.85 20.86 20.80 20.97 21.39 21.76 21.88 22.06 21.81 21.55 21.71 21.91 21.82 21.85 21.99 22.01 22.01 21.95 22.05 22.02 22.00 22.04 22.03 22.03 22.03 22.00 21.94 21.92 22.02 22.03 22.01 22.05 22.04 22.05 22.05 22.04 22.00 21.98 22.06 21.88 21.95 21.77 21.85 21.83 21.88 21.85 21.92 21.91 21.98
21.97 21.76 21.57 21.32 21.42 21.39 21.00 20.77 20.45 20.52 20.20 20.63 21.01 20.78 21.39 20.91 21.19 21.47 21.83 21.70 21.64 21.52 21.07 21.15 20.87 20.62 20.79 20.93 20.80 20.95 21.15 21.00 21.35 21.55 21.73 21.99 21.98 21.71 21.72 21.90 21.87 21.90 21.92 21.95 22.01 22.01 22.03 22.03 22.00 22.04 22.04 22.01 22.01 22.01 22.01 22.01 22.03 22.03 22.03 22.04 22.04 22.01 21.98 22.02 22.01 22.00 22.01 21.89 21.86 21.83 21.82 21.82 21.87 21.87 21.83 21.91 22.01
21.95 21.75 21.64 21.52 21.63 21.69 21.43 21.59 21.60 21.49 21.46 21.46 21.17 21.38 21.74 21.47 21.54 21.62 21.72 21.72 21.68 21.25 21.28 20.82 20.80 20.73 21.11 21.20 21.02 21.14 21.20 21.23 21.15 21.33 21.78 21.92 21.95 21.69 21.73 21.78 21.89 21.91 21.99 21.95 22.01 22.02 22.01 22.01 22.01 22.01 22.02 21.97 21.99 22.00 21.99 21.94 21.88 21.95 21.92 22.01 21.98 22.00 21.99 22.02 21.97 21.67 21.85 21.89 21.87 21.85 21.81 21.89 21.80 21.87 21.90 21.93 21.86
21.87 21.83 21.71 21.61 21.50 21.39 21.16 21.52 21.75 21.82 21.79 21.64 21.62 21.70 21.67 21.55 21.74 21.83 21.96 21.88 21.56 21.34 21.63 21.31 21.15 21.18 21.32 21.40 21.38 21.24 21.22 21.20 21.22 21.29 21.75 21.93 21.94 21.58 21.62 21.63 21.95 21.92 21.98 21.99 21.97 21.98 21.99 22.00 21.99 21.99 22.02 21.96 21.97 21.98 21.97 21.92 21.96 21.97 22.00 21.96 21.97 21.98 21.96 21.98 21.88 21.61 21.84 21.93 21.87 21.84 21.88 21.86 21.88 21.83 21.87 21.87 21.90
21.88 21.77 21.72 21.56 21.57 21.49 21.39 21.52 21.79 21.87 21.79 21.62 21.84 21.70 21.52 21.76 21.70 21.86 21.93 21.87 21.80 21.71 21.59 21.44 21.26 21.34 21.44 21.51 21.58 21.47 21.23 21.04 21.38 21.48 21.91 21.98 21.96 21.68 21.74 21.70 21.89 21.87 21.96 21.97 21.98 21.98 21.98 21.98 21.99 21.96 21.93 21.98 21.94 21.95 21.97 21.93 21.88 21.88 21.92 21.95 21.97 21.97 21.97 21.95 21.85 21.80 21.91 21.88 21.88 21.91 21.91 21.90 21.93 21.89 21.94 21.89 21.97
21.77 21.79 21.67 21.78 21.77 21.72 21.47 21.61 21.80 21.87 21.66 21.73 21.84 21.85 21.81 21.70 21.74 21.85 21.87 21.83 21.73 21.60 21.54 21.34 21.47 21.61 21.61 21.58 21.65 21.62 21.43 21.34 21.51 21.64 21.95 21.95 21.94 21.87 21.71 21.60 21.88 21.94 21.95 21.94 21.94 21.94 21.91 21.95 21.98 21.94 21.92 21.93 21.90 21.89 21.91 21.96 21.81 21.89 21.92 21.95 21.94 21.81 21.76 21.81 21.79 21.86 21.89 21.89 21.90 21.95 21.93 21.91 21.95 21.96 21.96 21.98 21.88
21.55 21.73 21.73 21.79 21.82 21.76 21.68 21.75 21.73 21.84 21.73 21.70 21.80 21.89 21.83 21.84 21.83 21.73 21.76 21.75 21.66 21.51 21.49 21.48 21.74 21.90 21.84 21.76 21.72 21.73 21.63 21.59 21.60 21.83 21.92 21.95 21.93 21.95 21.86 21.76 21.91 21.94 21.93 21.92 21.91 21.89 21.89 21.91 21.93 21.92 21.90 21.91 21.91 21.91 21.92 21.91 21.85 21.85 21.83 21.88 21.83 21.82 21.85 21.74 21.72 21.87 21.87 21.95 21.95 21.93 21.93 21.94 21.94 21.96 21.94 21.95 21.70
21.51 21.66 21.68 21.71 21.79 21.76 21.78 21.68 21.77 21.73 21.53 21.44 21.85 21.76 21.84 21.83 21.79 21.69 21.64 21.75 21.71 21.69 21.65 21.84 21.85 21.82 21.75 21.79 21.79 21.79 21.81 21.79 21.64 21.86 21.70 21.92 21.92 21.93 21.91 21.89 21.85 21.94 21.92 21.91 21.86 21.89 21.91 21.91 21.91 21.91 21.88 21.90 21.88 21.90 21.90 21.85 21.81 21.81 21.83 21.85 21.84 21.83 21.83 21.64 21.70 21.89 21.93 21.95 21.96 21.93 21.93 21.93 21.94 21.93 21.94 21.97 21.88
21.65 21.65 21.59 21.59 21.74 21.74 21.65 21.72 21.71 21.57 21.59 21.84 21.75 21.79 21.80 21.68 21.65 21.64 21.74 21.79 21.70 21.72 21.73 21.76 21.73 21.74 21.68 21.77 21.81 21.77 21.82 21.86 21.87 21.83 21.90 21.92 21.92 21.91 21.87 21.90 21.88 21.82 21.88 21.87 21.88 21.89 21.89 21.88 21.90 21.88 21.89 21.88 21.82 21.85 21.80 21.79 21.77 21.78 21.84 21.82 21.80 21.83 21.85 21.72 21.72 21.89 21.91 21.92 21.94 21.92 21.89 21.92 21.93 21.93 21.92 21.64 21.63
21.74 21.62 21.69 21.64 21.63 21.67 21.53 21.70 21.72 21.71 21.74 21.77 21.67 21.78 21.50 21.58 21.59 21.64 21.72 21.75 21.73 21.72 21.76 21.74 21.74 21.69 21.69 21.72 21.81 21.86 21.81 21.84 21.75 21.82 21.89 21.90 21.89 21.88 21.90 21.90 21.88 21.88 21.88 21.85 21.86 21.84 21.87 21.87 21.87 21.88 21.88 21.86 21.80 21.77 21.81 21.87 21.83 21.85 21.86 21.85 21.80 21.85 21.85 21.84 21.86 21.89 21.89 21.88 21.89 21.87 21.88 21.90 21.89 21.92 21.79 21.55 21.40
21.60 21.69 21.70 21.68 21.66 21.60 21.56 21.67 21.61 21.66 21.77 21.61 21.71 21.80 21.70 21.56 21.64 21.71 21.79 21.67 21.64 21.74 21.76 21.74 21.77 21.70 21.72 21.77 21.70 21.81 21.80 21.62 21.70 21.87 21.90 21.89 21.86 21.87 21.88 21.87 21.85 21.88 21.89 21.88 21.85 21.86 21.80 21.83 21.86 21.86 21.87 21.87 21.82 21.84 21.87 21.88 21.88 21.85 21.86 21.87 21.88 21.89 21.87 21.84 21.90 21.90 21.90 21.89 21.89 21.88 21.89 21.83 21.86 21.87 21.79 21.78 21.72
21.61 21.60 21.36 21.52 21.70 21.73 21.52 21.54 21.49 21.55 21.59 21.51 21.61 21.80 21.70 21.47 21.61 21.69 21.74 21.64 21.71 21.47 21.67 21.74 21.60 21.50 21.44 21.61 21.58 21.59 21.61 21.61 21.68 21.82 21.84 21.86 21.81 21.83 21.83 21.81 21.82 21.84 21.86 21.85 21.81 21.83 21.85 21.82 21.80 21.86 21.84 21.83 21.83 21.86 21.86 21.84 21.85 21.82 21.83 21.86 21.86 21.87 21.88 21.87 21.84 21.88 21.90 21.89 21.88 21.88 21.66 21.44 21.89 21.90 21.91 21.84 21.87
21.64 21.52 21.29 21.48 21.52 21.65 21.55 21.44 21.67 21.55 21.53 21.56 21.70 21.80 21.55 21.29 21.64 21.67 21.71 21.68 21.66 21.37 21.74 21.79 21.68 21.74 21.74 21.65 21.66 21.72 21.73 21.64 21.78 21.77 21.80 21.79 21.74 21.80 21.79 21.83 21.81 21.82 21.83 21.81 21.76 21.79 21.84 21.84 21.83 21.79 21.82 21.80 21.82 21.83 21.83 21.83 21.82 21.82 21.84 21.82 21.85 21.86 21.85 21.86 21.86 21.86 21.88 21.87 21.86 21.85 21.86 21.73 21.89 21.91 21.90 21.89 21.79
21.61 21.50 21.40 21.45 21.56 21.67 21.52 21.57 21.62 21.62 21.44 21.36 21.61 21.78 21.43 21.47 21.66 21.71 21.69 21.59 21.53 21.67 21.73 21.76 21.78 21.83 21.79 21.75 21.78 21.76 21.82 21.78 21.74 21.80 21.81 21.60 21.71 21.81 21.79 21.84 21.82 21.82 21.82 21.82 21.81 21.81 21.81 21.81 21.82 21.79 21.78 21.78 21.76 21.77 21.80 21.80 21.82 21.80 21.80 21.77 21.74 21.82 21.77 21.84 21.84 21.81 21.84 21.86 21.86 21.80 21.87 21.87 21.88 21.89 21.89 21.88 21.80
21.67 21.58 21.50 21.30 21.62 21.66 21.59 21.71 21.69 21.52 21.43 21.55 21.60 21.75 21.61 21.43 21.67 21.71 21.67 21.44 21.64 21.57 21.72 21.71 21.73 21.81 21.80 21.78 21.77 21.79 21.79 21.79 21.80 21.81 21.82 21.61 21.77 21.78 21.80 21.80 21.79 21.79 21.80 21.78 21.77 21.71 21.77 21.71 21.76 21.77 21.66 21.75 21.78 21.78 21.79 21.78 21.81 21.82 21.80 21.74 21.72 21.78 21.79 21.81 21.82 21.79 21.82 21.83 21.81 21.84 21.85 21.86 21.86 21.84 21.85 21.84 21.81
21.65 21.68 21.69 21.55 21.57 21.59 21.69 21.69 21.65 21.60 21.36 21.49 21.73 21.72 21.60 21.58 21.52 21.61 21.39 21.38 21.55 21.36 21.57 21.65 21.68 21.73 21.74 21.76 21.76 21.79 21.78 21.78 21.79 21.80 21.78 21.76 21.76 21.76 21.77 21.78 21.77 21.77 21.77 21.79 21.75 21.72 21.89 21.74 21.69 21.66 21.74 21.81 21.78 21.82 21.79 21.78 21.80 21.80 21.80 21.78 21.78 21.80 21.80 21.80 21.80 21.80 21.81 21.81 21.82 21.83 21.83 21.83 21.83 21.83 21.84 21.78 21.80
21.75 21.78 21.57 21.66 21.59 21.62 21.70 21.68 21.67 21.71 21.62 21.61 21.65 21.70 21.55 21.48 21.56 21.55 21.45 21.40 21.41 21.53 21.66 21.66 21.61 21.70 21.64 21.70 21.73 21.77 21.76 21.77 21.78 21.77 21.74 21.72 21.72 21.73 21.76 21.72 21.74 21.77 21.77 21.77 21.77 21.77 21.75 21.78 21.73 21.60 21.78 21.81 21.79 21.81 21.79 21.79 21.79 21.78 21.79 21.80 21.77 21.79 21.78 21.78 21.78 21.76 21.80 21.80 21.80 21.82 21.82 21.81 21.80 21.82 21.83 21.78 21.74
21.73 21.67 21.61 21.61 21.69 21.71 21.76 21.69 21.66 21.62 21.67 21.61 21.54 21.58 21.52 21.50 21.22 21.28 21.35 21.30 21.32 21.34 21.56 21.59 21.75 21.74 21.62 21.63 21.67 21.64 21.64 21.69 21.74 21.75 21.56 21.61 21.72 21.74 21.75 21.72 21.75 21.75 21.75 21.75 21.76 21.76 21.76 21.76 21.73 21.71 21.80 21.82 21.79 21.78 21.78 21.78 21.78 21.77 21.78 21.80 21.79 21.78 21.77 21.77 21.78 21.77 21.77 21.78 21.78 21.79 21.80 21.78 21.79 21.79 21.79 21.78 21.70
21.70 21.66 21.66 21.63 21.69 21.73 21.72 21.71 21.68 21.69 21.71 21.48 21.46 21.60 21.37 21.43 21.26 21.25 21.36 21.28 21.44 21.46 21.55 21.57 21.68 21.68 21.60 21.67 21.71 21.53 21.39 21.46 21.49 21.67 21.57 21.66 21.65 21.67 21.71 21.68 21.72 21.73 21.73 21.72 21.74 21.74 21.74 21.74 21.71 21.73 21.75 21.79 21.78 21.78 21.78 21.77 21.76 21.77 21.79 21.77 21.79 21.79 21.79 21.76 21.72 21.73 21.76 21.74 21.70 21.75 21.77 21.77 21.76 21.74 21.78 21.75 21.71
21.68 21.67 21.67 21.59 21.62 21.61 21.64 21.60 21.56 21.62 21.55 21.64 21.42 21.59 21.54 21.12 21.16 21.30 21.44 21.43 21.40 21.26 21.18 21.22 21.31 21.43 21.55 21.62 21.68 21.64 21.64 21.55 21.67 21.66 21.63 21.69 21.69 21.64 21.62 21.53 21.55 21.64 21.71 21.71 21.72 21.72 21.72 21.74 21.72 21.72 21.73 21.75 21.74 21.75 21.75 21.75 21.74 21.76 21.75 21.76 21.77 21.76 21.79 21.75 21.73 21.63 21.73 21.68 21.58 21.60 21.66 21.76 21.74 21.74 21.76 21.75 21.75
21.68 21.66 21.68 21.55 21.28 21.32 21.60 21.54 21.35 21.43 21.47 21.52 21.44 21.45 21.59 21.04 21.12 21.18 21.16 21.48 21.51 21.36 21.18 21.40 21.41 21.33 21.51 21.45 21.57 21.63 21.55 21.55 21.67 21.67 21.67 21.66 21.64 21.61 21.54 21.52 21.64 21.62 21.67 21.70 21.70 21.70 21.69 21.69 21.69 21.72 21.73 21.72 21.74 21.73 21.73 21.73 21.72 21.73 21.73 21.74 21.74 21.76 21.78 21.75 21.74 21.70 21.67 21.69 21.67 21.71 21.67 21.71 21.73 21.75 21.71 21.72 21.75
21.69 21.68 21.62 21.57 21.58 21.56 21.56 21.54 21.28 21.27 21.45 21.53 21.52 21.42 21.54 21.16 21.18 21.12 21.16 21.48 21.53 21.33 21.17 21.23 21.43 21.48 21.26 21.15 21.57 21.66 21.68 21.70 21.63 21.59 21.52 21.54 21.55 21.50 21.56 21.51 21.60 21.66 21.65 21.68 21.71 21.70 21.70 21.67 21.72 21.72 21.68 21.63 21.69 21.70 21.70 21.70 21.71 21.71 21.72 21.73 21.73 21.74 21.75 21.76 21.76 21.74 21.73 21.73 21.70 21.72 21.73 21.71 21.71 21.72 21.73 21.69 21.74
