main/data/irradiance/22.08.2023.grid
ncols 839
nrows 679
xllcenter 112.0500
yllcenter -43.9500
cellsize 0.0500
nodata_value 99999.90
[rows 442 to 475 of 679, columns 539 to 615 of 839]
15.55 15.63 15.85 15.79 15.90 16.22 16.09 16.33 16.54 16.65 16.67 16.62 16.65 16.60 16.61 16.70 16.67 16.60 16.72 16.73 16.74 16.77 16.80 16.81 16.80 16.80 16.75 16.76 16.81 16.75 16.74 16.75 16.72 16.72 16.73 16.82 16.82 16.77 16.82 16.75 16.67 16.67 16.71 16.80 16.81 16.81 16.76 16.74 16.71 16.63 16.66 16.57 16.48 16.42 16.67 16.79 16.68 16.31 16.44 16.73 16.37 16.42 16.72 16.73 16.70 16.60 16.40 16.36 16.02 16.10 16.13 16.39 16.50 16.54 16.40 16.38 16.58
14.95 15.26 15.76 15.27 15.59 15.71 15.82 15.98 16.49 16.63 16.66 16.59 16.67 16.76 16.65 16.64 16.72 16.70 16.68 16.74 16.75 16.72 16.78 16.80 16.82 16.78 16.76 16.75 16.76 16.74 16.73 16.72 16.68 16.69 16.67 16.71 16.76 16.78 16.73 16.65 16.68 16.63 16.75 16.78 16.72 16.77 16.74 16.77 16.72 16.70 16.70 16.66 16.47 16.34 16.70 16.76 16.73 16.57 16.60 16.71 16.63 16.48 16.64 16.69 16.58 16.70 16.66 16.44 16.15 16.09 15.99 16.15 16.40 16.69 16.49 16.41 16.56
15.66 15.36 15.59 15.79 15.92 15.55 15.89 15.91 16.47 16.55 16.50 16.57 16.60 16.60 16.59 16.66 16.66 16.62 16.62 16.63 16.73 16.67 16.69 16.75 16.78 16.76 16.72 16.74 16.76 16.82 16.79 16.76 16.73 16.72 16.76 16.70 16.77 16.70 16.71 16.70 16.71 16.62 16.64 16.74 16.78 16.82 16.78 16.80 16.74 16.74 16.70 16.70 16.56 16.63 16.23 16.67 16.73 16.62 16.59 16.61 16.66 16.45 16.63 16.67 16.54 16.55 16.65 16.46 16.15 16.09 15.99 16.13 16.31 16.43 16.45 16.33 16.46
15.56 15.39 15.13 15.77 15.71 15.62 15.33 16.13 16.42 16.48 16.56 16.51 16.60 16.62 16.60 16.60 16.67 16.60 16.58 16.67 16.71 16.70 16.73 16.67 16.70 16.72 16.67 16.73 16.73 16.79 16.72 16.74 16.69 16.70 16.71 16.71 16.70 16.69 16.76 16.72 16.70 16.71 16.73 16.76 16.76 16.81 16.82 16.79 16.74 16.76 16.71 16.58 16.68 16.62 16.33 16.24 16.58 16.65 16.61 16.62 16.61 16.55 16.58 16.57 16.50 16.55 16.65 16.46 16.46 16.33 16.10 16.10 16.36 16.45 16.51 16.42 16.49
15.36 15.32 15.62 15.69 15.84 15.81 15.90 16.36 16.39 16.49 16.51 16.55 16.53 16.58 16.55 16.57 16.56 16.59 16.63 16.60 16.69 16.66 16.66 16.65 16.68 16.66 16.66 16.65 16.65 16.74 16.74 16.70 16.69 16.72 16.70 16.69 16.64 16.71 16.72 16.69 16.66 16.66 16.61 16.71 16.74 16.71 16.74 16.74 16.76 16.72 16.64 16.54 16.60 16.59 16.35 16.57 16.66 16.66 16.61 16.54 16.66 16.48 16.64 16.64 16.59 16.59 16.45 16.46 16.33 16.33 16.04 16.06 16.00 16.52 16.49 16.52 16.25
15.26 15.44 15.54 15.94 15.84 15.76 15.96 16.18 16.28 16.42 16.40 16.44 16.45 16.50 16.57 16.58 16.59 16.61 16.68 16.68 16.60 16.64 16.64 16.66 16.67 16.67 16.66 16.64 16.62 16.68 16.71 16.71 16.65 16.67 16.70 16.64 16.69 16.72 16.69 16.60 16.65 16.58 16.55 16.65 16.76 16.67 16.70 16.69 16.69 16.75 16.64 16.59 16.59 16.56 16.38 16.46 16.60 16.64 16.61 16.61 16.60 16.44 16.61 16.65 16.55 16.45 16.45 16.45 16.45 16.45 16.19 15.84 15.94 16.15 16.63 16.43 16.32
15.05 15.53 15.89 15.74 15.62 15.91 15.94 16.51 16.39 16.52 16.53 16.57 16.57 16.56 16.61 16.56 16.56 16.60 16.60 16.61 16.58 16.55 16.62 16.62 16.59 16.57 16.52 16.57 16.52 16.59 16.67 16.62 16.64 16.72 16.66 16.62 16.67 16.62 16.66 16.58 16.58 16.59 16.63 16.65 16.68 16.60 16.70 16.68 16.60 16.69 16.49 16.43 16.59 16.60 16.53 16.39 16.45 16.57 16.63 16.52 16.54 16.32 16.42 16.58 16.55 16.45 16.62 16.45 16.31 16.46 16.47 16.20 15.95 15.98 16.16 16.30 16.34
15.24 15.48 15.69 15.84 15.55 15.63 16.29 16.28 16.51 16.50 16.45 16.57 16.60 16.59 16.61 16.58 16.55 16.57 16.55 16.55 16.59 16.59 16.58 16.56 16.50 16.56 16.56 16.58 16.56 16.62 16.60 16.57 16.61 16.67 16.61 16.54 16.61 16.67 16.63 16.66 16.58 16.67 16.62 16.65 16.64 16.55 16.49 16.54 16.58 16.55 16.60 16.41 16.55 16.50 16.46 16.43 16.36 16.43 16.49 16.43 16.57 16.31 16.37 16.49 16.49 16.62 16.62 16.45 16.31 16.41 16.48 16.51 15.98 15.79 16.19 16.22 16.30
15.18 15.14 15.45 15.58 16.20 16.04 16.40 16.49 16.57 16.61 16.59 16.62 16.63 16.64 16.62 16.59 16.56 16.58 16.59 16.51 16.55 16.54 16.45 16.47 16.44 16.51 16.55 16.44 16.49 16.52 16.52 16.37 16.49 16.65 16.60 16.52 16.54 16.57 16.61 16.58 16.54 16.43 16.53 16.53 16.59 16.50 16.45 16.42 16.53 16.51 16.38 16.40 16.50 16.53 16.35 16.47 16.41 16.24 16.32 16.23 16.38 16.37 16.25 16.39 16.39 16.41 16.41 16.41 16.41 16.27 16.54 16.55 16.17 15.74 16.06 16.10 16.18
15.57 15.88 15.99 15.87 15.98 16.31 16.43 16.52 16.57 16.60 16.56 16.59 16.60 16.62 16.58 16.57 16.59 16.55 16.56 16.56 16.51 16.44 16.49 16.40 16.28 16.46 16.48 16.39 16.42 16.40 16.36 16.46 16.35 16.47 16.35 16.48 16.42 16.49 16.40 16.38 16.53 16.48 16.58 16.55 16.38 16.64 16.35 16.21 16.53 16.29 16.44 16.25 16.42 16.50 16.48 16.48 16.41 16.36 16.42 16.41 16.39 16.32 16.10 16.35 16.23 16.44 16.29 16.32 16.43 16.25 16.17 16.47 16.32 16.13 16.19 16.25 16.15
15.80 15.88 15.81 15.83 15.81 16.33 16.45 16.57 16.59 16.53 16.50 16.58 16.59 16.60 16.58 16.54 16.59 16.58 16.60 16.44 16.36 16.41 16.39 16.43 16.42 16.46 16.43 16.33 16.30 16.20 16.42 16.36 16.39 16.25 16.31 16.32 16.34 16.23 16.15 16.35 16.31 16.39 16.42 16.52 16.48 16.47 16.47 16.21 16.22 16.24 16.24 16.31 16.32 16.44 16.37 16.33 16.42 16.36 16.45 16.36 16.32 16.53 16.12 16.29 16.31 16.51 16.18 16.17 16.37 16.28 15.74 16.16 16.27 15.96 15.96 15.80 15.93
15.54 15.67 15.47 16.10 16.23 16.25 16.50 16.52 16.50 16.52 16.53 16.53 16.56 16.52 16.56 16.59 16.60 16.60 16.59 16.49 16.45 16.47 16.46 16.44 16.31 16.45 16.42 16.39 16.21 16.13 16.26 16.14 16.24 16.09 16.15 16.18 16.16 16.07 15.84 16.21 16.31 16.24 15.99 16.06 16.36 16.17 16.43 16.32 16.18 16.30 16.22 16.08 16.18 16.28 16.22 16.39 16.31 16.10 16.22 16.13 16.36 16.49 15.89 16.02 16.54 16.30 16.34 16.24 16.36 16.17 15.99 15.81 16.11 16.33 15.73 15.59 15.87
15.93 15.73 15.87 15.88 16.25 16.34 16.43 16.48 16.49 16.53 16.51 16.50 16.47 16.45 16.47 16.57 16.59 16.56 16.53 16.41 16.36 16.38 16.33 16.30 16.23 16.24 16.30 16.40 16.34 16.32 16.11 16.05 16.08 15.94 16.03 16.06 16.04 16.07 15.64 15.75 15.91 15.97 15.61 16.07 16.12 16.27 16.13 16.07 15.96 16.18 15.88 15.85 16.04 15.99 16.06 16.34 16.18 15.99 16.20 16.22 16.15 16.29 16.27 15.71 16.31 16.26 16.27 16.22 16.34 16.42 16.23 15.57 15.58 16.07 15.86 15.43 15.86
15.78 15.86 15.90 16.26 16.19 16.43 16.43 16.41 16.40 16.45 16.44 16.44 16.51 16.48 16.47 16.51 16.52 16.52 16.50 16.37 16.26 16.09 16.17 16.13 16.28 16.28 16.01 16.00 16.22 16.08 16.17 15.97 15.81 16.10 15.97 15.87 15.81 15.76 15.82 15.93 15.48 15.62 15.70 15.71 15.96 16.02 16.12 15.79 15.96 15.74 15.83 15.92 15.49 15.82 15.71 15.98 15.77 16.05 16.11 16.15 16.14 16.27 16.26 16.12 16.13 16.09 16.27 16.14 16.14 16.34 16.17 15.63 15.49 15.80 15.99 15.34 15.43
15.56 15.25 15.65 16.15 16.32 16.46 16.45 16.42 16.42 16.43 16.42 16.40 16.45 16.46 16.50 16.49 16.48 16.42 16.25 16.31 16.29 16.28 16.20 16.23 15.99 15.90 16.04 16.16 16.01 15.86 15.94 15.85 16.01 16.10 15.78 15.69 15.87 16.13 15.93 15.89 15.46 15.52 15.67 15.80 15.73 15.75 15.86 15.59 15.91 15.37 15.84 15.43 15.55 15.76 16.19 15.67 15.48 15.81 15.81 15.64 15.96 16.01 16.15 15.90 15.86 15.87 15.85 16.19 16.09 16.11 16.24 15.75 15.08 15.17 15.51 15.42 15.45
15.24 15.47 15.68 15.94 16.10 16.42 16.44 16.40 16.41 16.40 16.39 16.37 16.38 16.36 16.45 16.48 16.47 16.33 16.31 16.23 16.28 16.03 16.08 15.97 15.99 15.94 15.91 15.68 15.73 15.88 15.66 15.58 15.72 15.66 15.50 15.78 15.81 15.81 15.98 15.64 15.18 15.55 15.49 15.68 15.64 15.50 15.60 15.63 15.69 15.53 15.85 16.00 16.05 15.87 15.51 15.65 15.35 15.63 15.79 15.52 15.83 15.78 16.00 16.16 16.07 16.13 16.05 15.89 15.71 15.96 16.01 15.66 15.46 14.88 15.02 15.32 15.38
15.54 15.41 15.75 16.00 16.24 16.42 16.42 16.35 16.41 16.39 16.32 16.34 16.33 16.37 16.42 16.40 16.47 16.45 16.34 16.28 16.13 15.93 15.96 16.03 15.99 15.75 15.66 15.95 16.03 15.86 15.66 15.39 15.69 15.49 15.93 15.81 15.76 15.73 15.49 15.71 15.55 15.59 15.24 15.10 15.46 15.77 15.54 15.53 15.44 16.18 15.77 16.09 15.58 16.08 15.22 15.94 15.44 15.69 15.64 15.47 15.55 15.54 15.64 15.73 15.96 15.96 15.91 15.42 15.57 15.77 15.61 15.31 15.22 14.80 14.89 14.60 15.23
15.20 15.67 15.98 16.27 16.34 16.33 16.36 16.35 16.38 16.33 16.32 16.30 16.30 16.40 16.38 16.39 16.38 16.33 16.31 16.10 15.80 16.14 16.06 15.76 15.69 15.68 15.76 15.95 16.07 15.95 15.67 15.85 15.57 15.65 15.27 15.25 15.08 15.37 15.62 15.09 15.15 15.24 15.26 14.80 15.36 15.33 15.51 15.26 15.45 15.90 16.01 15.85 16.17 16.13 15.52 15.51 15.51 15.63 15.45 15.29 15.68 14.74 15.90 15.63 15.66 15.59 15.38 15.19 15.12 15.41 15.28 14.65 14.91 14.22 14.27 14.53 14.34
15.40 15.43 15.83 16.03 16.35 16.36 16.36 16.36 16.33 16.31 16.31 16.30 16.40 16.41 16.33 16.28 16.25 16.00 15.93 16.08 15.91 15.70 15.82 15.87 15.82 15.57 16.01 15.69 15.59 15.73 15.76 15.66 15.22 15.44 15.13 14.91 15.10 14.49 15.11 14.98 15.78 15.48 15.18 14.95 14.80 14.92 15.07 14.70 15.04 15.22 15.77 15.40 16.09 15.25 15.18 15.88 15.59 15.48 15.31 15.29 15.44 15.46 15.12 15.76 15.46 15.81 15.25 15.00 14.46 14.48 14.57 14.85 14.78 14.43 14.10 14.66 14.47
15.43 15.58 15.93 16.21 16.29 16.36 16.39 16.38 16.35 16.31 16.26 16.32 16.37 16.35 16.19 16.22 16.31 16.03 16.13 16.09 15.91 15.85 15.92 15.71 15.14 15.32 15.25 15.62 15.39 15.37 15.22 14.81 15.09 14.50 15.14 15.30 14.82 14.86 14.80 14.85 15.38 14.91 15.13 15.10 14.77 14.73 14.35 15.30 15.00 15.04 14.88 14.83 15.10 15.67 15.21 16.09 15.52 15.56 15.00 15.37 15.26 14.68 14.54 15.04 15.75 15.29 15.51 15.07 13.61 13.81 14.70 14.57 14.04 14.46 14.71 14.32 14.12
14.92 15.37 16.05 15.95 16.25 16.38 16.39 16.37 16.38 16.34 16.32 16.34 16.36 16.22 15.95 16.15 16.13 16.07 15.99 16.22 16.18 16.01 15.71 15.28 15.34 15.28 15.33 15.28 15.28 15.24 14.87 14.88 14.76 14.86 14.70 14.60 13.84 14.50 14.97 15.22 14.54 14.57 14.87 14.06 14.14 14.53 15.10 15.01 15.24 14.46 14.51 14.62 15.32 14.85 15.07 15.47 14.50 14.50 14.94 13.99 14.81 14.58 14.23 15.16 14.75 15.04 15.28 14.89 14.13 13.75 14.18 14.73 14.67 14.07 14.04 13.70 13.77
15.41 15.72 16.04 16.19 16.25 16.33 16.35 16.35 16.28 16.25 16.35 16.35 16.31 16.08 16.11 16.22 15.92 16.02 16.07 16.23 16.01 15.48 15.79 15.79 15.63 15.36 15.13 15.21 14.87 15.18 15.05 14.43 14.91 14.35 14.44 14.74 14.68 14.71 14.52 14.75 14.20 14.72 14.28 15.02 14.62 14.46 13.86 14.68 15.15 15.13 14.85 15.36 14.93 15.07 14.80 14.83 14.61 15.63 15.76 14.63 15.24 15.38 14.84 14.88 14.52 15.08 14.63 14.19 14.12 13.24 12.56 13.53 14.47 13.59 13.66 13.89 13.64
15.27 15.81 15.90 16.20 16.29 16.35 16.30 16.27 16.17 16.09 16.21 16.02 16.24 16.13 16.15 15.80 15.88 16.10 16.04 15.94 15.74 15.78 15.45 15.47 15.44 15.51 15.58 15.53 14.91 14.33 15.22 14.23 14.59 14.67 14.74 14.13 14.02 14.43 14.55 14.16 14.42 14.11 14.52 14.49 13.60 14.32 14.10 14.33 14.59 15.10 14.58 14.69 14.76 14.75 14.65 15.15 15.45 15.25 15.46 14.45 15.23 15.07 15.25 15.43 14.48 14.58 14.52 13.66 13.55 12.94 12.16 13.04 14.26 13.90 14.43 13.20 13.13
15.50 15.91 15.98 16.12 16.28 16.29 16.29 16.15 16.07 16.12 16.11 15.96 16.16 15.73 15.75 15.77 15.84 15.69 15.71 15.68 15.69 15.15 15.46 15.69 15.52 15.62 15.75 15.18 15.15 14.94 14.35 14.45 14.45 14.49 14.44 14.66 14.68 14.60 13.64 14.53 14.10 14.17 13.30 13.67 13.92 14.07 14.08 13.91 14.59 14.82 14.56 14.31 14.43 15.00 14.55 14.18 14.56 15.61 15.10 13.90 13.33 14.24 14.92 15.29 14.34 13.62 14.46 14.32 13.35 12.87 12.73 12.70 12.87 13.17 13.77 13.37 13.64
15.47 15.82 15.96 16.19 16.18 16.22 16.21 16.13 16.14 16.04 16.03 15.96 15.60 15.33 15.38 15.49 15.64 15.78 15.35 15.53 15.26 15.34 15.45 15.66 15.53 15.40 15.37 14.98 15.14 14.83 15.42 15.03 14.25 14.68 15.07 14.87 14.94 14.84 14.59 14.40 13.86 14.27 14.69 14.85 14.84 14.04 13.82 13.98 13.82 13.93 14.31 14.10 14.06 14.02 14.31 13.73 13.86 14.25 14.88 13.69 12.90 13.88 13.32 13.98 14.39 13.63 13.80 14.02 13.36 13.01 12.55 12.34 12.53 12.95 13.00 12.64 12.83
15.69 16.02 16.12 16.19 16.25 16.20 16.23 16.13 16.23 16.10 15.95 15.89 15.93 15.48 15.01 15.10 15.31 15.39 15.11 14.91 14.88 15.34 15.47 15.65 15.01 15.13 15.13 14.87 15.54 15.37 15.16 14.96 15.15 14.83 14.97 14.52 14.55 14.71 13.49 14.36 14.15 14.63 14.24 14.43 14.43 13.99 14.36 14.05 14.52 13.74 14.00 13.63 13.59 13.77 14.10 14.44 14.14 13.70 14.14 14.79 14.18 13.93 13.41 13.45 14.27 13.84 13.76 13.94 13.63 11.96 12.67 12.67 13.14 13.40 13.90 12.55 11.59
15.72 15.95 15.96 16.11 16.20 16.20 16.17 16.00 16.12 16.02 16.05 16.09 15.54 15.67 15.65 15.74 15.69 15.31 15.26 14.65 14.86 15.06 14.71 14.84 15.39 14.87 14.87 15.09 15.17 15.22 14.72 15.25 15.07 15.18 15.28 15.03 14.80 14.61 14.70 14.21 14.05 13.53 14.09 14.61 14.98 15.05 14.89 14.70 14.33 13.41 13.73 13.26 13.49 13.84 14.51 14.46 13.99 13.65 14.29 14.78 13.79 13.92 13.31 12.93 13.11 12.95 13.59 13.61 13.10 12.26 12.98 13.14 12.79 12.47 12.71 12.54 11.47
15.80 16.03 15.95 16.13 16.19 16.15 16.07 15.92 16.09 16.14 15.72 15.79 15.16 15.49 15.58 15.43 15.24 15.45 15.11 15.02 15.40 14.87 14.69 15.14 15.12 15.08 15.17 14.73 14.45 14.79 14.60 14.69 14.81 15.03 14.99 15.09 15.41 15.30 14.48 14.82 14.60 14.82 14.38 14.69 15.00 14.60 14.41 14.63 14.43 14.68 14.89 14.17 13.52 14.38 13.79 13.94 13.85 13.96 14.64 14.00 12.46 11.93 12.28 12.57 13.29 13.58 13.71 13.24 12.58 12.51 12.03 12.30 13.38 13.09 12.54 13.62 12.33
15.74 15.98 16.05 16.11 16.16 16.16 16.01 15.85 16.05 15.90 15.36 15.65 15.59 15.72 15.79 15.39 15.19 15.10 14.96 15.31 15.12 15.24 15.07 14.83 14.57 14.47 14.56 14.48 14.45 14.77 14.75 13.92 15.05 14.52 14.61 15.20 14.96 15.11 15.08 14.82 14.89 14.75 14.72 14.72 15.39 15.04 14.32 14.56 14.39 14.52 14.54 14.06 13.83 13.97 14.08 13.74 13.26 13.82 13.74 14.00 12.89 13.07 13.09 12.67 12.85 13.21 13.44 12.97 13.19 12.80 12.97 12.54 12.96 12.58 12.19 12.02 12.61
15.53 16.02 16.05 15.98 16.07 15.98 15.87 15.90 15.70 15.49 15.64 15.71 15.74 15.80 15.73 15.30 14.87 14.86 14.77 15.52 14.33 14.61 14.47 14.60 14.47 14.82 14.42 14.72 14.72 14.75 14.64 14.57 14.42 14.43 14.34 14.64 14.80 14.56 14.88 14.63 15.32 15.25 14.92 15.09 15.07 15.30 15.04 14.82 14.42 14.02 14.14 14.24 13.97 12.85 13.30 14.28 13.80 14.28 14.02 13.43 13.50 14.02 13.41 12.63 11.90 11.54 12.73 12.15 13.01 13.13 12.74 12.19 12.93 13.65 11.99 12.11 12.48
15.92 16.05 15.96 15.95 15.91 15.66 15.74 15.65 15.58 15.44 15.43 15.11 15.63 15.44 15.20 14.84 15.03 14.73 13.89 14.47 14.41 15.00 14.40 14.31 14.61 14.17 14.69 14.09 14.15 14.01 14.04 14.55 14.77 14.05 13.59 14.33 14.48 14.46 14.37 14.64 14.80 15.29 14.90 15.30 14.74 14.88 14.88 14.56 13.71 13.20 14.04 14.19 14.33 14.17 13.89 14.03 13.92 13.72 13.14 13.12 13.80 13.33 12.83 13.33 12.41 12.47 12.29 12.59 12.74 12.96 12.53 12.25 12.85 13.09 12.43 12.61 12.71
15.89 15.93 15.92 15.82 15.75 15.92 15.83 15.84 15.60 15.33 15.71 15.85 15.38 14.90 15.17 14.57 14.04 14.89 14.13 13.58 14.60 14.21 14.06 15.00 14.81 14.27 14.21 14.64 14.27 14.09 13.55 12.93 13.79 14.14 13.82 14.00 14.56 14.22 14.51 14.10 14.13 14.94 15.62 15.65 15.01 15.61 14.97 14.37 14.61 14.29 13.72 14.25 14.79 14.44 13.67 13.73 13.70 13.38 13.18 12.76 12.91 12.24 12.30 12.59 12.03 12.81 13.02 12.71 13.23 12.66 12.15 12.03 12.39 12.38 12.58 12.26 12.18
15.90 16.11 15.97 15.82 15.95 16.00 16.09 15.73 15.43 15.24 15.63 15.35 15.19 15.08 14.66 14.38 14.10 13.81 14.64 14.22 14.09 13.42 14.79 14.50 14.76 14.77 14.54 13.73 14.40 14.20 14.42 12.80 14.22 14.10 13.68 13.02 13.88 14.06 13.68 14.04 15.19 15.15 15.48 15.51 15.45 15.90 15.37 14.84 14.10 13.94 13.61 13.33 13.61 13.96 14.45 13.66 14.17 13.75 14.09 12.71 13.46 13.78 12.91 12.26 12.08 13.06 13.32 12.27 13.05 12.68 11.99 12.81 12.41 12.25 12.75 12.69 12.66
15.61 16.13 15.98 15.99 15.87 15.94 16.10 15.86 15.51 15.31 15.74 15.42 14.99 15.48 14.91 14.94 14.51 13.97 13.08 13.96 13.81 13.86 14.04 14.40 14.11 14.02 14.51 12.70 12.86 13.70 14.41 13.92 14.41 13.30 14.14 13.70 13.87 14.33 14.42 14.74 14.99 14.55 15.14 15.67 15.57 15.94 15.75 14.58 14.21 13.95 13.22 12.97 13.73 14.03 13.71 13.79 13.83 14.11 13.84 13.59 12.59 12.96 13.01 12.65 11.58 11.54 13.13 12.43 12.48 13.55 12.61 12.34 13.08 12.85 12.74 13.55 12.30
