main/data/irradiance/22.07.2023.grid
ncols 839
nrows 679
xllcenter 112.0500
yllcenter -43.9500
cellsize 0.0500
nodata_value 99999.90
[rows 204 to 237 of 679, columns 385 to 461 of 839]
18.32 18.32 18.34 18.35 18.36 18.35 18.34 18.33 18.33 18.32 18.19 17.87 17.48 17.09 17.31 18.31 18.35 18.35 18.34 18.30 18.01 17.63 17.26 17.53 17.52 17.37 17.84 18.33 18.33 18.32 18.31 18.30 18.30 18.30 18.30 18.29 18.28 18.30 18.30 18.31 18.33 18.31 18.30 18.30 18.31 18.29 18.31 18.30 18.28 18.31 18.31 18.29 18.28 18.28 18.30 18.32 18.32 18.31 18.30 18.29 18.32 18.32 18.31 18.31 18.30 18.31 18.29 18.30 18.31 18.28 18.28 18.27 18.28 18.28 18.29 18.28 18.26
18.30 18.30 18.31 18.31 18.32 18.31 18.30 18.30 18.32 18.31 18.30 18.29 18.08 17.94 17.75 17.76 18.29 18.32 18.30 18.31 18.32 17.99 17.46 17.88 17.57 17.79 17.72 18.06 18.18 18.09 18.28 18.29 18.29 18.29 18.30 18.30 18.29 18.29 18.28 18.29 18.30 18.29 18.28 18.29 18.30 18.28 18.29 18.27 18.26 18.29 18.29 18.27 18.25 18.27 18.27 18.25 18.24 18.28 18.28 18.27 18.28 18.28 18.28 18.28 18.29 18.31 18.29 18.28 18.27 18.26 18.26 18.26 18.26 18.26 18.26 18.24 18.24
18.27 18.27 18.27 18.27 18.28 18.27 18.27 18.28 18.29 18.28 18.28 18.27 18.25 18.26 18.30 18.31 18.31 18.31 18.30 17.73 17.64 17.53 17.58 17.52 17.25 18.03 17.76 18.27 18.27 18.14 17.72 18.25 18.27 18.27 18.29 18.28 18.27 18.28 18.28 18.27 18.27 18.25 18.25 18.25 18.27 18.27 18.25 18.25 18.25 18.27 18.28 18.26 18.24 18.24 18.24 18.25 18.25 18.24 18.26 18.27 18.27 18.27 18.26 18.26 18.25 18.27 18.26 18.26 18.25 18.23 18.23 18.23 18.22 18.22 18.23 18.23 18.24
18.25 18.25 18.25 18.26 18.25 18.25 18.24 18.24 18.25 18.25 18.25 18.24 18.24 18.23 18.26 18.28 18.26 18.27 18.27 18.27 18.01 17.22 18.24 17.74 17.36 17.81 18.04 18.04 18.26 18.18 18.10 17.63 18.24 18.25 18.25 18.26 18.25 18.25 18.28 18.27 18.25 18.24 18.23 18.23 18.25 18.24 18.23 18.22 18.22 18.25 18.25 18.24 18.22 18.21 18.22 18.23 18.24 18.24 18.24 18.25 18.25 18.23 18.26 18.26 18.25 18.26 18.25 18.22 18.21 18.22 18.23 18.21 18.20 18.21 18.22 18.22 18.23
18.22 18.23 18.22 18.22 18.22 18.23 18.23 18.23 18.24 18.23 18.24 18.25 18.25 18.24 18.22 18.23 18.25 18.25 18.25 18.25 18.25 18.26 18.27 17.57 17.18 17.32 17.16 17.67 18.24 18.24 18.24 18.07 18.22 18.25 18.25 18.24 18.22 18.02 18.08 18.25 18.25 18.23 18.21 18.20 18.22 18.22 18.21 18.21 18.20 18.21 18.21 18.21 18.21 18.20 18.20 18.21 18.21 18.22 18.22 18.22 18.23 18.23 18.23 18.24 18.23 18.23 18.23 18.22 18.21 18.21 18.21 18.19 18.19 18.19 18.21 18.20 18.20
18.20 18.21 18.21 18.21 18.21 18.21 18.21 18.20 18.21 18.21 18.22 18.22 18.21 18.21 18.21 18.20 18.19 18.21 18.23 18.22 18.22 18.23 18.23 17.90 17.26 17.09 16.97 16.93 17.46 18.22 18.24 18.24 18.24 18.23 18.23 18.22 18.00 17.59 17.58 18.25 18.24 18.21 18.21 18.19 18.20 18.21 18.19 18.19 18.18 18.17 18.18 18.16 18.17 18.17 18.18 18.19 18.20 18.20 18.20 18.20 18.21 18.20 18.20 18.20 18.21 18.20 18.21 18.20 18.20 18.19 18.20 18.18 18.19 18.17 18.20 18.18 18.19
18.18 18.18 18.18 18.18 18.18 18.18 18.18 18.19 18.19 18.20 18.19 18.20 18.20 18.20 18.19 18.19 18.17 18.18 18.19 18.21 18.21 18.22 18.22 18.20 17.86 17.65 17.36 17.33 17.64 18.15 18.20 18.21 18.21 17.98 18.00 17.90 17.21 16.75 16.91 18.21 18.20 18.18 18.17 18.18 18.17 18.17 18.17 18.18 18.17 18.16 18.15 18.13 18.15 18.16 18.16 18.16 18.17 18.19 18.19 18.18 18.18 18.19 18.18 18.19 18.19 18.19 18.19 18.18 18.18 18.17 18.15 18.16 18.16 18.16 18.17 18.16 18.17
18.17 18.17 18.16 18.16 18.16 18.16 18.17 18.17 18.16 18.17 18.16 18.16 18.15 18.15 18.15 18.16 18.16 18.13 18.16 18.17 18.18 18.18 18.18 18.18 18.18 18.13 17.87 17.90 17.73 18.17 18.18 18.19 18.19 17.67 17.41 17.57 17.35 16.96 16.92 18.16 18.20 18.18 18.17 18.16 18.15 18.17 18.17 18.17 18.18 18.15 18.14 18.12 18.11 18.14 18.14 18.13 18.12 18.13 18.15 18.16 18.17 18.15 18.17 18.17 18.17 18.17 18.16 18.16 18.14 18.03 18.13 18.16 18.15 18.15 18.15 18.17 18.15
18.14 18.14 18.14 18.14 18.14 18.14 18.14 18.15 18.14 18.14 18.15 18.13 18.13 18.12 18.13 18.14 18.14 18.13 18.13 18.14 18.14 18.14 18.15 18.14 18.14 18.13 18.13 18.14 18.14 18.13 18.15 18.17 18.05 17.30 17.44 17.76 17.84 17.65 17.75 18.15 18.16 18.15 18.14 18.15 18.13 18.14 18.15 18.16 18.16 18.16 18.15 18.15 18.14 18.13 18.12 18.11 18.10 18.11 18.12 18.13 18.13 18.13 18.13 18.14 18.14 18.15 18.15 18.15 18.15 18.15 18.14 18.13 18.14 18.14 18.13 18.13 18.13
18.12 18.13 18.13 18.13 18.13 18.12 18.13 18.15 18.12 18.11 18.11 18.11 18.10 18.10 18.10 18.10 18.10 18.10 18.11 18.11 18.10 18.12 18.12 18.12 18.12 18.12 18.11 18.12 18.11 18.11 18.13 18.14 17.91 17.48 17.71 18.14 18.00 18.12 18.13 18.13 18.14 18.13 18.12 18.11 18.11 18.12 18.12 18.11 18.12 18.12 18.12 18.13 18.13 18.13 18.12 18.10 18.07 18.08 18.08 18.08 18.09 18.09 18.10 18.10 18.11 18.11 18.12 18.12 18.10 18.12 18.12 18.09 18.10 18.11 18.11 18.10 18.11
18.11 18.11 18.11 18.11 18.12 18.11 18.10 18.10 18.09 18.10 18.11 18.10 18.10 18.10 18.09 18.09 18.09 18.09 18.09 18.09 18.09 18.10 18.09 18.09 18.10 18.10 18.10 18.09 18.09 18.09 18.10 18.11 18.10 18.08 18.10 18.09 18.09 18.09 18.10 18.11 18.10 18.09 18.10 18.09 18.08 18.09 18.10 18.11 18.12 18.11 18.11 18.12 18.12 18.11 18.12 18.11 18.10 18.07 18.06 18.07 18.07 18.07 18.09 18.08 18.10 18.09 18.11 18.10 18.10 18.10 18.10 18.08 18.07 18.06 18.08 18.08 18.09
18.08 18.09 18.10 18.09 18.09 18.09 18.09 18.09 18.09 18.09 18.09 18.08 18.08 18.07 18.07 18.06 18.06 18.07 18.07 18.07 18.07 18.07 18.07 18.07 18.06 18.07 18.07 18.07 18.07 18.07 18.07 18.07 18.06 18.07 18.08 18.07 18.07 18.07 18.08 18.09 18.07 18.07 18.07 18.08 18.08 18.08 18.11 18.12 18.11 18.10 18.11 18.10 18.10 18.08 18.08 18.09 18.07 18.06 18.05 18.04 18.05 18.06 18.06 18.06 18.07 18.08 18.08 18.08 18.07 18.08 18.07 18.07 18.07 18.07 18.07 18.06 18.05
18.05 18.06 18.06 18.06 18.06 18.06 18.06 18.07 18.07 18.08 18.08 18.08 18.08 18.06 18.06 18.06 18.05 18.05 18.06 18.06 18.05 18.06 18.06 18.06 18.04 18.05 18.05 18.05 18.06 18.05 18.05 18.04 18.03 18.04 18.05 18.05 18.05 18.05 18.05 18.05 18.05 18.05 18.05 18.06 18.07 18.06 18.08 18.09 18.08 18.08 18.07 18.08 18.08 18.06 18.06 18.06 18.04 18.05 18.05 18.04 18.04 18.04 18.03 18.04 18.05 18.06 18.06 18.05 18.07 18.07 18.07 18.07 18.06 18.07 18.07 18.05 18.04
18.04 18.04 18.05 18.05 18.04 18.03 18.03 18.05 18.04 18.05 18.06 18.04 18.04 18.04 18.04 18.03 18.03 18.03 18.04 18.04 18.04 18.04 18.03 18.03 18.03 18.03 18.02 18.03 18.03 18.03 18.02 18.02 18.02 18.02 18.03 18.03 18.03 18.03 18.03 18.03 18.03 18.03 18.04 18.03 18.04 18.03 18.05 18.06 18.04 18.05 18.05 18.05 18.04 18.03 18.03 18.02 18.02 18.03 18.02 18.02 18.02 18.00 18.01 18.00 18.00 18.01 18.02 18.03 18.03 18.04 18.03 18.03 18.04 18.04 18.04 18.05 18.04
18.03 18.02 18.02 18.04 18.04 18.02 18.02 18.02 18.02 18.01 18.01 18.01 18.01 18.02 18.01 18.01 18.02 18.02 18.02 18.02 18.02 18.02 18.02 18.02 18.02 18.01 18.03 18.01 18.02 18.01 17.99 17.99 18.00 18.00 18.00 18.00 18.00 18.00 18.00 18.00 17.99 18.00 18.00 18.01 18.01 17.99 17.99 18.01 18.01 18.02 18.02 18.01 18.01 18.03 18.01 18.01 18.00 18.02 18.02 18.02 18.02 18.03 17.99 17.99 17.96 17.97 18.01 18.02 18.02 18.02 18.01 18.01 18.01 18.02 18.01 18.02 18.03
18.00 18.00 18.00 18.01 18.01 18.01 18.00 18.01 18.00 18.00 17.99 17.98 17.96 17.98 17.99 17.98 17.98 17.99 17.98 17.99 18.00 18.00 18.00 18.00 18.01 18.00 18.00 17.99 17.97 17.98 17.98 17.99 17.99 17.98 17.97 17.99 17.99 17.99 17.98 17.96 17.97 17.98 17.96 17.98 17.98 17.99 17.98 17.97 17.97 17.98 18.00 17.99 17.98 17.98 17.99 17.98 17.97 17.99 18.00 17.99 18.00 18.01 17.99 17.96 17.95 17.97 17.98 17.98 17.97 17.98 17.99 17.99 17.99 17.99 17.99 18.00 18.02
17.98 17.99 17.98 17.98 17.98 17.98 17.98 17.98 17.98 17.98 17.98 17.97 17.97 17.98 17.97 17.97 17.96 17.97 17.97 17.98 17.98 17.98 17.99 18.00 17.99 17.99 17.99 17.98 17.97 17.96 17.96 17.98 17.98 17.98 17.96 17.97 17.97 17.96 17.95 17.94 17.95 17.96 17.96 17.96 17.96 17.96 17.98 17.97 17.95 17.94 17.96 17.96 17.96 17.97 17.97 17.96 17.95 17.96 17.98 17.97 17.98 17.98 17.98 17.96 17.95 17.94 17.95 17.97 17.97 17.98 17.98 17.98 17.98 17.98 17.98 17.98 17.98
17.96 17.96 17.97 17.97 17.96 17.95 17.95 17.95 17.96 17.97 17.97 17.96 17.97 17.97 17.95 17.95 17.95 17.95 17.95 17.97 17.97 17.96 17.96 17.97 17.97 17.96 17.96 17.96 17.96 17.97 17.96 17.95 17.95 17.96 17.97 17.95 17.94 17.95 17.94 17.94 17.93 17.93 17.95 17.95 17.94 17.95 17.96 17.97 17.93 17.91 17.93 17.95 17.96 17.95 17.95 17.95 17.96 17.94 17.95 17.95 17.95 17.95 17.95 17.93 17.92 17.92 17.93 17.94 17.94 17.94 17.95 17.95 17.95 17.95 17.94 17.94 17.95
17.94 17.94 17.95 17.96 17.95 17.95 17.95 17.93 17.93 17.93 17.94 17.94 17.94 17.94 17.92 17.92 17.93 17.94 17.93 17.93 17.94 17.96 17.96 17.95 17.96 17.93 17.95 17.96 17.96 17.95 17.94 17.94 17.94 17.92 17.90 17.90 17.91 17.93 17.93 17.93 17.93 17.93 17.93 17.93 17.92 17.91 17.89 17.91 17.93 17.91 17.89 17.91 17.92 17.92 17.93 17.94 17.93 17.92 17.92 17.93 17.94 17.93 17.92 17.92 17.91 17.91 17.90 17.91 17.91 17.92 17.93 17.93 17.91 17.92 17.92 17.93 17.93
17.92 17.92 17.94 17.90 17.58 17.92 17.94 17.92 17.92 17.92 17.92 17.92 17.92 17.91 17.91 17.91 17.89 17.91 17.91 17.91 17.91 17.92 17.93 17.93 17.95 17.94 17.92 17.92 17.93 17.91 17.93 17.93 17.90 17.89 17.88 17.88 17.89 17.90 17.91 17.92 17.92 17.92 17.92 17.91 17.91 17.88 17.88 17.89 17.90 17.87 17.87 17.88 17.91 17.91 17.91 17.91 17.92 17.91 17.91 17.91 17.91 17.91 17.90 17.90 17.88 17.88 17.87 17.88 17.89 17.89 17.90 17.90 17.90 17.89 17.89 17.90 17.90
17.90 17.89 17.90 17.90 17.90 17.89 17.90 17.92 17.90 17.90 17.90 17.89 17.88 17.88 17.89 17.89 17.88 17.88 17.89 17.90 17.90 17.91 17.92 17.91 17.91 17.89 17.93 17.93 17.91 17.88 17.91 17.91 17.90 17.88 17.87 17.86 17.85 17.87 17.90 17.89 17.88 17.91 17.90 17.88 17.87 17.84 17.87 17.87 17.86 17.84 17.84 17.86 17.85 17.87 17.86 17.85 17.91 17.90 17.90 17.89 17.89 17.90 17.90 17.90 17.88 17.87 17.86 17.90 17.87 17.88 17.88 17.89 17.89 17.88 17.87 17.88 17.89
17.88 17.88 17.89 17.90 17.89 17.88 17.89 17.89 17.88 17.88 17.89 17.89 17.88 17.87 17.87 17.87 17.87 17.88 17.87 17.87 17.87 17.88 17.89 17.91 17.87 17.89 17.89 17.90 17.88 17.86 17.87 17.88 17.89 17.87 17.84 17.84 17.84 17.85 17.87 17.88 17.88 17.89 17.88 17.87 17.86 17.86 17.85 17.85 17.84 17.84 17.85 17.87 17.86 17.86 17.86 17.86 17.89 17.87 17.87 17.87 17.87 17.88 17.87 17.87 17.87 17.88 17.85 17.85 17.85 17.85 17.85 17.86 17.86 17.85 17.85 17.85 17.85
17.86 17.87 17.86 17.88 17.87 17.86 17.85 17.86 17.86 17.86 17.87 17.87 17.86 17.85 17.84 17.84 17.84 17.85 17.85 17.85 17.87 17.86 17.87 17.88 17.87 17.87 17.87 17.87 17.86 17.86 17.83 17.85 17.86 17.85 17.82 17.82 17.83 17.83 17.81 17.84 17.84 17.83 17.84 17.83 17.84 17.85 17.83 17.82 17.82 17.83 17.84 17.83 17.83 17.84 17.83 17.85 17.83 17.84 17.84 17.84 17.84 17.84 17.84 17.85 17.85 17.86 17.86 17.84 17.84 17.82 17.82 17.82 17.84 17.83 17.83 17.83 17.83
17.84 17.84 17.85 17.85 17.86 17.85 17.85 17.84 17.85 17.84 17.85 17.85 17.84 17.83 17.83 17.83 17.82 17.82 17.82 17.82 17.82 17.83 17.84 17.85 17.84 17.84 17.85 17.85 17.84 17.83 17.83 17.81 17.81 17.81 17.81 17.84 17.83 17.81 17.79 17.79 17.81 17.80 17.79 17.79 17.80 17.80 17.79 17.81 17.82 17.83 17.85 17.83 17.81 17.82 17.82 17.84 17.82 17.82 17.82 17.83 17.83 17.82 17.82 17.83 17.83 17.83 17.83 17.83 17.82 17.81 17.81 17.80 17.80 17.80 17.80 17.80 17.80
17.83 17.82 17.82 17.83 17.83 17.83 17.83 17.83 17.82 17.82 17.82 17.82 17.81 17.81 17.81 17.82 17.81 17.81 17.82 17.82 17.81 17.82 17.83 17.82 17.81 17.82 17.82 17.82 17.82 17.81 17.81 17.82 17.81 17.82 17.81 17.84 17.82 17.80 17.77 17.78 17.77 17.77 17.75 17.77 17.78 17.78 17.78 17.80 17.80 17.82 17.84 17.81 17.79 17.79 17.80 17.80 17.78 17.78 17.79 17.79 17.80 17.81 17.81 17.81 17.81 17.82 17.82 17.82 17.82 17.81 17.80 17.79 17.78 17.77 17.78 17.78 17.78
17.80 17.80 17.79 17.80 17.80 17.81 17.79 17.81 17.80 17.80 17.80 17.81 17.80 17.80 17.80 17.80 17.80 17.80 17.82 17.81 17.81 17.81 17.81 17.81 17.78 17.79 17.79 17.79 17.79 17.79 17.80 17.81 17.81 17.81 17.78 17.80 17.80 17.77 17.75 17.74 17.74 17.77 17.75 17.75 17.77 17.76 17.77 17.78 17.79 17.79 17.79 17.80 17.79 17.79 17.78 17.77 17.76 17.77 17.75 17.77 17.79 17.80 17.81 17.80 17.79 17.79 17.80 17.81 17.80 17.81 17.79 17.76 17.77 17.77 17.75 17.76 17.76
17.78 17.78 17.78 17.78 17.78 17.78 17.77 17.77 17.78 17.79 17.78 17.79 17.79 17.79 17.77 17.77 17.78 17.78 17.80 17.79 17.78 17.79 17.80 17.78 17.78 17.77 17.77 17.76 17.77 17.78 17.79 17.78 17.78 17.77 17.76 17.77 17.75 17.73 17.74 17.73 17.74 17.74 17.74 17.74 17.74 17.74 17.73 17.74 17.74 17.75 17.77 17.78 17.77 17.75 17.77 17.75 17.74 17.74 17.74 17.75 17.76 17.78 17.78 17.79 17.78 17.77 17.78 17.78 17.80 17.81 17.80 17.73 17.73 17.74 17.73 17.74 17.73
17.75 17.75 17.76 17.76 17.76 17.75 17.76 17.76 17.76 17.78 17.76 17.78 17.78 17.80 17.78 17.76 17.75 17.76 17.78 17.78 17.78 17.78 17.79 17.76 17.76 17.75 17.75 17.73 17.74 17.75 17.75 17.76 17.76 17.76 17.76 17.75 17.75 17.72 17.71 17.73 17.73 17.71 17.74 17.74 17.73 17.73 17.72 17.73 17.75 17.74 17.73 17.74 17.75 17.74 17.74 17.74 17.73 17.73 17.74 17.73 17.76 17.78 17.77 17.77 17.76 17.76 17.78 17.76 17.76 17.77 17.75 17.71 17.71 17.72 17.71 17.71 17.71
17.74 17.74 17.75 17.75 17.75 17.75 17.75 17.74 17.76 17.77 17.75 17.74 17.76 17.75 17.75 17.73 17.73 17.74 17.75 17.76 17.74 17.74 17.74 17.73 17.74 17.74 17.74 17.73 17.73 17.75 17.74 17.75 17.73 17.74 17.74 17.73 17.74 17.72 17.70 17.70 17.71 17.72 17.73 17.73 17.72 17.72 17.71 17.72 17.72 17.71 17.70 17.70 17.70 17.69 17.71 17.71 17.69 17.70 17.71 17.72 17.74 17.76 17.73 17.74 17.75 17.75 17.74 17.73 17.72 17.72 17.71 17.70 17.71 17.71 17.71 17.70 17.71
17.72 17.71 17.71 17.72 17.71 17.72 17.73 17.72 17.72 17.72 17.73 17.72 17.72 17.71 17.71 17.71 17.71 17.71 17.73 17.74 17.72 17.72 17.72 17.71 17.72 17.72 17.71 17.70 17.71 17.73 17.72 17.72 17.71 17.70 17.71 17.69 17.71 17.70 17.67 17.67 17.68 17.70 17.71 17.68 17.69 17.69 17.69 17.68 17.67 17.68 17.68 17.70 17.69 17.68 17.68 17.68 17.67 17.67 17.68 17.71 17.74 17.74 17.73 17.73 17.73 17.74 17.73 17.71 17.70 17.70 17.69 17.67 17.68 17.68 17.69 17.69 17.68
17.70 17.70 17.69 17.70 17.71 17.71 17.72 17.71 17.70 17.71 17.70 17.70 17.69 17.69 17.69 17.69 17.69 17.68 17.69 17.71 17.70 17.69 17.69 17.70 17.71 17.71 17.71 17.68 17.69 17.71 17.70 17.71 17.70 17.68 17.69 17.68 17.69 17.71 17.67 17.65 17.66 17.67 17.68 17.66 17.67 17.67 17.67 17.68 17.67 17.65 17.65 17.66 17.65 17.66 17.66 17.66 17.67 17.66 17.66 17.67 17.69 17.72 17.71 17.70 17.71 17.70 17.71 17.71 17.69 17.68 17.68 17.69 17.68 17.66 17.67 17.67 17.67
17.69 17.69 17.68 17.68 17.68 17.68 17.68 17.68 17.67 17.67 17.68 17.69 17.68 17.67 17.67 17.67 17.66 17.66 17.67 17.68 17.67 17.66 17.68 17.67 17.69 17.68 17.68 17.69 17.69 17.68 17.67 17.68 17.66 17.65 17.67 17.66 17.67 17.66 17.64 17.64 17.65 17.64 17.64 17.65 17.64 17.65 17.66 17.67 17.68 17.63 17.63 17.63 17.65 17.64 17.65 17.64 17.65 17.66 17.65 17.66 17.65 17.67 17.68 17.68 17.69 17.70 17.69 17.70 17.70 17.68 17.68 17.67 17.66 17.65 17.65 17.64 17.64
17.67 17.67 17.66 17.66 17.66 17.65 17.66 17.66 17.65 17.66 17.66 17.67 17.66 17.64 17.64 17.64 17.64 17.65 17.65 17.65 17.65 17.65 17.65 17.64 17.64 17.66 17.66 17.64 17.64 17.62 17.63 17.65 17.65 17.65 17.66 17.66 17.64 17.64 17.64 17.63 17.64 17.64 17.63 17.63 17.63 17.66 17.67 17.65 17.64 17.63 17.61 17.61 17.63 17.62 17.62 17.64 17.62 17.62 17.62 17.62 17.62 17.62 17.66 17.58 17.68 17.67 17.66 17.65 17.66 17.65 17.66 17.64 17.63 17.63 17.62 17.63 17.65
17.64 17.59 17.61 17.61 17.63 17.63 17.63 17.63 17.62 17.62 17.64 17.63 17.61 17.57 17.61 17.62 17.63 17.63 17.61 17.59 17.61 17.60 17.63 17.62 17.63 17.64 17.62 17.62 17.62 17.61 17.60 17.61 17.61 17.64 17.64 17.62 17.59 17.59 17.61 17.62 17.61 17.63 17.61 17.60 17.62 17.63 17.61 17.62 17.61 17.57 17.59 17.57 17.58 17.59 17.59 17.58 17.58 17.59 17.59 17.59 17.60 17.61 17.62 17.63 17.53 17.65 17.63 17.63 17.64 17.64 17.65 17.63 17.62 17.61 17.61 17.61 17.61
