main/data/irradiance/22.02.2023.grid
ncols 839
nrows 679
xllcenter 112.0500
yllcenter -43.9500
cellsize 0.0500
nodata_value 99999.90
[rows 408 to 441 of 679, columns 385 to 461 of 839]
26.40 26.50 26.56 26.53 26.56 26.59 26.67 26.64 26.59 26.66 26.73 26.87 26.84 26.86 26.84 26.83 26.78 26.81 26.81 26.84 26.83 26.85 26.82 26.83 26.81 26.81 26.82 26.81 26.81 26.83 26.87 26.74 26.77 26.77 26.76 26.74 26.74 26.73 26.70 26.72 26.72 26.74 26.73 26.73 26.73 26.74 26.70 26.68 26.71 26.68 26.69 26.65 26.70 26.75 26.74 26.79 26.79 26.74 26.68 26.74 26.74 26.67 26.55 26.56 26.63 26.62 26.59 26.55 26.52 26.56 26.57 26.57 26.51 26.43 26.37 26.51 26.59
26.44 26.49 26.49 26.42 26.61 26.60 26.49 26.59 26.57 26.59 26.65 26.69 26.75 26.79 26.80 26.76 26.77 26.79 26.78 26.80 26.83 26.83 26.85 26.85 26.81 26.80 26.78 26.78 26.80 26.81 26.81 26.79 26.82 26.78 26.80 26.79 26.80 26.76 26.77 26.75 26.77 26.73 26.73 26.70 26.75 26.73 26.68 26.67 26.62 26.66 26.75 26.74 26.71 26.73 26.74 26.80 26.74 26.77 26.67 26.61 26.68 26.72 26.72 26.68 26.67 26.61 26.57 26.59 26.60 26.55 26.58 26.55 26.49 26.48 26.37 26.32 26.46
26.51 26.53 26.48 26.53 26.58 26.58 26.48 26.58 26.60 26.65 26.61 26.64 26.62 26.60 26.69 26.79 26.79 26.79 26.82 26.74 26.82 26.79 26.80 26.83 26.81 26.81 26.80 26.79 26.78 26.77 26.80 26.80 26.80 26.78 26.79 26.81 26.81 26.78 26.77 26.74 26.74 26.72 26.72 26.71 26.74 26.73 26.70 26.73 26.72 26.70 26.76 26.73 26.69 26.72 26.75 26.78 26.79 26.79 26.75 26.66 26.65 26.71 26.71 26.71 26.69 26.67 26.62 26.57 26.51 26.59 26.58 26.61 26.49 26.51 26.57 26.51 26.59
26.59 26.56 26.54 26.48 26.53 26.56 26.54 26.47 26.52 26.59 26.53 26.59 26.60 26.58 26.61 26.66 26.80 26.75 26.77 26.79 26.74 26.75 26.77 26.76 26.82 26.80 26.78 26.74 26.76 26.77 26.82 26.81 26.79 26.79 26.77 26.82 26.84 26.79 26.77 26.80 26.78 26.76 26.72 26.72 26.69 26.76 26.69 26.69 26.73 26.74 26.77 26.73 26.73 26.74 26.72 26.75 26.78 26.79 26.77 26.65 26.73 26.82 26.77 26.75 26.73 26.63 26.64 26.62 26.66 26.65 26.50 26.49 26.51 26.57 26.51 26.54 26.54
26.46 26.50 26.51 26.49 26.45 26.45 26.58 26.50 26.47 26.50 26.51 26.54 26.58 26.53 26.58 26.55 26.74 26.75 26.73 26.82 26.70 26.77 26.77 26.72 26.75 26.74 26.78 26.73 26.72 26.76 26.80 26.80 26.72 26.75 26.82 26.77 26.75 26.71 26.68 26.73 26.73 26.71 26.72 26.72 26.71 26.69 26.71 26.60 26.63 26.65 26.70 26.71 26.74 26.70 26.74 26.70 26.75 26.79 26.73 26.75 26.81 26.85 26.82 26.81 26.82 26.76 26.73 26.70 26.60 26.66 26.56 26.54 26.58 26.56 26.51 26.24 25.66
26.45 26.47 26.50 26.54 26.40 26.43 26.53 26.47 26.46 26.49 26.47 26.52 26.54 26.52 26.61 26.59 26.65 26.78 26.77 26.81 26.75 26.73 26.72 26.72 26.69 26.73 26.75 26.74 26.75 26.75 26.76 26.77 26.77 26.76 26.71 26.75 26.67 26.72 26.71 26.77 26.74 26.70 26.70 26.67 26.65 26.60 26.58 26.62 26.65 26.69 26.69 26.73 26.76 26.76 26.77 26.76 26.78 26.75 26.65 26.68 26.78 26.74 26.78 26.78 26.75 26.71 26.72 26.72 26.70 26.76 26.75 26.74 26.63 26.68 26.16 25.95 26.11
26.42 26.31 26.41 26.48 26.46 26.45 26.46 26.50 26.47 26.43 26.42 26.40 26.45 26.46 26.51 26.60 26.69 26.63 26.78 26.76 26.75 26.76 26.73 26.71 26.68 26.69 26.71 26.72 26.73 26.69 26.77 26.75 26.73 26.67 26.74 26.78 26.74 26.77 26.80 26.77 26.75 26.76 26.73 26.66 26.66 26.66 26.66 26.69 26.71 26.68 26.72 26.73 26.77 26.82 26.80 26.76 26.77 26.81 26.79 26.77 26.78 26.76 26.72 26.77 26.79 26.74 26.76 26.75 26.73 26.69 26.77 26.74 26.68 26.67 26.63 26.67 26.57
26.39 26.35 26.34 26.41 26.53 26.47 26.44 26.50 26.49 26.45 26.43 26.35 26.35 26.39 26.39 26.53 26.59 26.74 26.79 26.76 26.73 26.71 26.78 26.72 26.72 26.68 26.64 26.65 26.71 26.69 26.79 26.72 26.75 26.75 26.74 26.73 26.78 26.72 26.72 26.72 26.72 26.75 26.70 26.66 26.62 26.79 26.86 26.73 26.71 26.72 26.72 26.73 26.73 26.78 26.78 26.80 26.79 26.83 26.82 26.82 26.82 26.78 26.79 26.79 26.75 26.71 26.75 26.77 26.65 26.71 26.51 26.29 26.54 26.10 26.31 26.59 26.66
26.40 26.33 26.38 26.35 26.48 26.39 26.47 26.46 26.45 26.45 26.42 26.36 26.40 26.37 26.37 26.44 26.52 26.39 26.60 26.69 26.74 26.71 26.75 26.73 26.73 26.73 26.68 26.65 26.73 26.74 26.64 26.69 26.75 26.78 26.69 26.68 26.68 26.69 26.70 26.70 26.68 26.67 26.61 26.59 26.64 26.63 26.72 26.69 26.73 26.77 26.72 26.74 26.79 26.79 26.78 26.79 26.77 26.80 26.77 26.79 26.78 26.73 26.75 26.80 26.77 26.76 26.73 26.70 26.68 26.68 26.66 26.61 26.59 26.36 26.28 26.58 26.60
26.39 26.44 26.39 26.38 26.41 26.36 26.36 26.39 26.37 26.42 26.52 26.41 26.39 26.40 26.36 26.38 26.35 26.49 26.53 26.60 26.74 26.70 26.75 26.71 26.72 26.75 26.75 26.70 26.64 26.65 26.68 26.65 26.63 26.67 26.64 26.68 26.69 26.70 26.72 26.73 26.72 26.67 26.64 26.62 26.60 26.69 26.69 26.76 26.72 26.72 26.75 26.75 26.78 26.79 26.73 26.78 26.77 26.78 26.70 26.72 26.72 26.75 26.74 26.74 26.77 26.80 26.72 26.72 26.72 26.76 26.79 26.71 26.62 26.55 25.94 26.46 26.55
26.37 26.33 26.38 26.38 26.42 26.45 26.40 26.44 26.43 26.47 26.51 26.48 26.45 26.40 26.47 26.49 26.53 26.57 26.60 26.68 26.72 26.80 26.79 26.77 26.76 26.74 26.77 26.75 26.64 26.66 26.69 26.69 26.68 26.68 26.69 26.69 26.64 26.63 26.66 26.71 26.71 26.68 26.66 26.64 26.63 26.62 26.69 26.75 26.79 26.76 26.77 26.76 26.74 26.72 26.73 26.76 26.77 26.77 26.75 26.77 26.73 26.76 26.74 26.71 26.75 26.79 26.78 26.76 26.73 26.70 26.69 26.68 26.57 26.63 26.54 26.66 26.50
26.35 26.33 26.34 26.31 26.40 26.45 26.47 26.44 26.53 26.57 26.51 26.54 26.50 26.50 26.48 26.53 26.57 26.54 26.49 26.59 26.71 26.75 26.77 26.77 26.72 26.70 26.70 26.70 26.75 26.70 26.66 26.72 26.71 26.70 26.71 26.68 26.66 26.67 26.64 26.67 26.74 26.69 26.67 26.68 26.66 26.71 26.66 26.75 26.78 26.77 26.74 26.77 26.74 26.74 26.74 26.74 26.76 26.72 26.71 26.76 26.79 26.77 26.74 26.73 26.74 26.77 26.81 26.72 26.73 26.70 26.71 26.68 26.58 26.65 26.58 26.52 26.49
26.49 26.38 26.40 26.37 26.27 26.45 26.45 26.46 26.57 26.53 26.62 26.63 26.60 26.70 26.64 26.57 26.62 26.64 26.25 26.61 26.66 26.66 26.64 26.67 26.70 26.74 26.73 26.65 26.57 26.67 26.68 26.70 26.69 26.68 26.70 26.66 26.66 26.70 26.65 26.64 26.64 26.71 26.68 26.66 26.67 26.70 26.71 26.70 26.73 26.74 26.74 26.72 26.70 26.72 26.72 26.73 26.70 26.69 26.65 26.73 26.69 26.75 26.71 26.71 26.72 26.73 26.73 26.73 26.69 26.65 26.65 26.63 26.61 26.50 26.44 26.48 26.53
26.44 26.38 26.48 26.42 26.31 26.41 26.60 26.66 26.67 26.65 26.60 26.63 26.65 26.65 26.70 26.67 26.54 26.60 26.57 26.62 26.64 26.61 26.65 26.65 26.65 26.67 26.72 26.78 26.64 26.60 26.70 26.65 26.61 26.65 26.67 26.70 26.62 26.64 26.67 26.64 26.61 26.64 26.70 26.66 26.70 26.72 26.77 26.74 26.71 26.69 26.69 26.68 26.70 26.72 26.68 26.70 26.66 26.64 26.61 26.68 26.70 26.72 26.64 26.66 26.69 26.59 26.63 26.67 26.64 26.57 26.63 26.63 26.48 26.45 26.48 26.52 26.48
26.28 26.34 26.55 26.68 26.65 26.58 26.58 26.55 26.56 26.56 26.55 26.45 26.51 26.57 26.63 26.70 26.60 26.60 26.67 26.62 26.63 26.52 26.55 26.60 26.62 26.57 26.62 26.70 26.67 26.67 26.59 26.64 26.65 26.72 26.68 26.67 26.62 26.57 26.64 26.68 26.63 26.65 26.59 26.59 26.60 26.64 26.69 26.61 26.68 26.69 26.66 26.67 26.65 26.69 26.68 26.68 26.70 26.68 26.66 26.69 26.73 26.69 26.65 26.66 26.67 26.62 26.56 26.66 26.65 26.56 26.57 26.62 26.49 26.54 26.48 26.50 26.55
26.51 26.54 26.54 26.53 26.59 26.50 26.51 26.50 26.43 26.53 26.50 26.47 26.50 26.44 26.52 26.56 26.60 26.63 26.60 26.58 26.60 26.47 26.55 26.52 26.53 26.56 26.59 26.62 26.67 26.73 26.73 26.72 26.67 26.67 26.65 26.61 26.67 26.66 26.59 26.62 26.57 26.57 26.57 26.52 26.56 26.59 26.60 26.53 26.62 26.68 26.64 26.69 26.70 26.73 26.70 26.71 26.73 26.73 26.74 26.72 26.68 26.71 26.71 26.71 26.70 26.65 26.62 26.67 26.58 26.61 26.58 26.56 26.53 26.49 26.43 26.45 27.12
26.47 26.55 26.49 26.48 26.50 26.52 26.54 26.51 26.55 26.58 26.55 26.47 26.46 26.41 26.36 26.42 26.50 26.48 26.50 26.43 26.43 26.49 26.49 26.45 26.48 26.51 26.55 26.61 26.65 26.71 26.65 26.66 26.71 26.69 26.63 26.60 26.63 26.61 26.61 26.61 26.58 26.50 26.52 26.54 26.49 26.53 26.61 26.64 26.59 26.63 26.62 26.68 26.68 26.71 26.65 26.69 26.72 26.70 26.51 26.68 26.69 26.73 26.69 26.68 26.79 26.69 26.65 26.62 26.58 26.59 26.57 26.59 26.62 26.57 26.48 26.52 27.30
26.42 26.46 26.52 26.53 26.53 26.52 26.54 26.53 26.48 26.43 26.44 26.32 26.38 26.32 26.28 26.29 26.34 26.37 26.41 26.35 26.38 26.43 26.46 26.44 26.48 26.47 26.50 26.54 26.64 26.64 26.66 26.68 26.68 26.66 26.65 26.60 26.57 26.58 26.58 26.61 26.61 26.60 26.56 26.53 26.47 26.49 26.55 26.61 26.63 26.62 26.64 26.63 26.66 26.65 26.64 26.64 26.66 26.69 26.71 26.68 26.67 26.67 26.64 26.67 26.72 26.66 26.55 26.51 26.59 26.55 26.55 26.56 26.59 26.53 26.51 26.50 26.75
26.43 26.47 26.48 26.50 26.51 26.55 26.53 26.50 26.46 26.42 26.42 26.45 26.46 26.36 26.24 26.27 26.35 26.20 26.34 26.35 26.32 26.37 26.39 26.35 26.37 26.32 26.38 26.49 26.58 26.65 26.59 26.63 26.59 26.61 26.68 26.64 26.59 26.54 26.60 26.61 26.57 26.57 26.54 26.49 26.42 26.53 26.49 26.49 26.58 26.59 26.61 26.50 26.56 26.60 26.61 26.58 26.54 26.63 26.64 26.69 26.72 26.55 26.60 26.71 26.75 26.68 26.64 26.66 26.70 26.62 26.55 26.60 26.61 26.57 26.54 26.48 23.31
26.49 26.48 26.49 26.50 26.50 26.53 26.58 26.51 26.52 26.48 26.46 26.44 26.39 26.35 26.25 26.33 26.35 26.27 26.31 26.30 26.31 26.33 26.31 26.26 26.30 26.30 26.34 26.45 26.60 26.65 26.59 26.65 26.65 26.62 26.69 26.66 26.63 26.61 26.65 26.60 26.53 26.58 26.61 26.54 26.48 26.53 26.50 26.52 26.54 26.59 26.63 26.62 26.59 26.59 26.59 26.61 26.60 26.63 26.61 26.62 26.65 26.54 26.59 26.68 26.66 26.61 26.61 26.55 26.61 26.61 26.55 25.93 26.41 26.50 25.87 25.37 24.49
26.44 26.45 26.48 26.48 26.50 26.49 26.53 26.50 26.52 26.52 26.48 26.46 26.45 26.41 26.36 26.36 26.34 26.28 26.34 26.38 26.42 26.40 26.33 26.34 26.33 26.30 26.34 26.37 26.54 26.59 26.62 26.63 26.66 26.59 26.65 26.60 26.60 26.62 26.57 26.57 26.58 26.59 26.60 26.53 26.53 26.58 26.49 26.56 26.57 26.56 26.56 26.60 26.62 26.64 26.63 26.65 26.63 26.62 26.66 26.62 26.59 26.56 26.60 26.59 26.63 26.63 26.57 26.58 26.65 26.65 26.71 25.71 26.17 25.23 24.35 25.54 26.51
26.63 26.47 26.42 26.46 26.47 26.48 26.52 26.53 26.47 26.50 26.49 26.49 26.45 26.35 26.38 26.35 26.31 26.33 26.36 26.35 26.36 26.39 26.38 26.40 26.38 26.36 26.38 26.39 26.41 26.57 26.57 26.60 26.67 26.66 26.64 26.61 26.65 26.61 26.60 26.65 26.59 26.58 26.58 26.54 26.47 26.48 26.36 26.48 26.55 26.61 26.62 26.58 26.58 26.62 26.59 26.59 26.55 26.53 26.60 26.62 26.54 26.60 26.49 26.54 26.48 26.52 26.58 26.57 26.56 26.87 25.77 26.53 24.65 23.02 24.73 26.60 26.59
26.63 26.47 26.75 26.33 26.43 26.45 26.46 26.49 26.48 26.48 26.46 26.49 26.48 26.41 26.42 26.40 26.37 26.34 26.33 26.35 26.38 26.43 26.41 26.37 26.39 26.41 26.41 26.33 26.46 26.53 26.52 26.54 26.61 26.63 26.64 26.61 26.64 26.63 26.62 26.60 26.65 26.57 26.61 26.63 26.59 26.53 26.51 26.53 26.58 26.55 26.54 26.58 26.60 26.58 26.20 25.77 26.14 26.03 26.58 26.63 26.64 26.56 26.51 26.54 26.51 26.52 26.46 26.52 26.67 27.23 26.11 25.91 24.67 25.02 26.42 26.07 26.01
26.63 26.75 26.75 26.33 26.43 26.53 26.44 26.47 26.46 26.46 26.49 26.43 26.48 26.50 26.47 26.46 26.29 26.35 26.35 26.38 26.37 26.37 26.39 26.39 26.41 26.40 26.46 26.49 26.47 26.53 26.57 26.55 26.56 26.57 26.65 26.63 26.63 26.67 26.66 26.58 26.60 26.54 26.60 26.62 26.59 26.47 26.50 26.53 26.53 26.51 26.55 26.59 26.55 26.50 26.21 25.71 25.71 24.79 26.41 26.54 26.58 26.47 26.49 26.56 26.53 26.54 26.45 26.49 26.51 26.60 26.27 26.01 25.38 25.70 26.09 26.24 26.14
26.75 26.75 26.75 26.33 26.53 26.53 26.44 26.59 26.43 26.41 26.47 26.47 26.43 26.48 26.41 26.44 26.36 26.30 26.27 26.32 26.33 26.35 26.36 26.37 26.43 26.45 26.51 26.53 26.47 26.48 26.51 26.58 26.63 26.60 26.60 26.59 26.59 26.64 26.62 26.62 26.64 26.51 26.57 26.60 26.58 26.54 26.53 26.51 26.52 26.46 26.54 26.52 26.53 26.47 26.50 26.47 26.10 26.02 26.24 26.55 26.51 26.49 26.51 26.54 26.57 26.54 26.46 26.44 26.44 26.42 26.36 26.31 25.60 24.43 25.42 26.11 26.23
26.75 26.75 26.75 26.53 26.53 26.53 26.59 26.59 26.43 26.64 26.41 26.46 26.42 26.39 26.32 26.46 26.33 26.37 26.24 26.14 26.28 26.29 26.31 26.32 26.41 26.39 26.45 26.47 26.46 26.46 26.44 26.52 26.49 26.53 26.57 26.51 26.55 26.59 26.57 26.49 26.53 26.49 26.55 26.57 26.56 26.57 26.58 26.53 26.48 26.50 26.41 26.48 26.50 26.51 26.52 26.50 26.45 26.40 26.52 26.55 26.43 26.61 26.61 26.52 26.51 26.52 26.59 26.52 26.49 26.47 26.35 26.25 26.17 25.94 25.81 26.10 26.26
26.75 26.75 26.75 26.53 26.53 26.59 26.59 26.59 26.64 26.64 26.41 26.42 26.44 26.44 26.34 26.29 26.50 26.24 26.25 26.18 26.29 26.30 26.28 26.32 26.38 26.41 26.36 26.43 26.38 26.43 26.44 26.44 26.46 26.54 26.54 26.53 26.52 26.51 26.47 26.50 26.51 26.52 26.54 26.53 26.56 26.54 26.56 26.52 26.51 26.49 26.51 26.47 26.46 26.43 26.45 26.51 26.54 26.56 26.57 26.54 26.51 26.55 26.57 26.57 26.57 26.51 26.53 26.53 26.55 26.50 26.51 26.39 26.29 26.21 26.24 26.23 26.19
26.75 26.75 26.75 26.53 26.53 26.59 26.59 26.64 26.64 26.64 26.42 26.42 26.74 26.31 26.40 26.35 26.43 26.15 26.28 26.29 26.32 26.31 26.24 26.32 26.36 26.33 26.40 26.33 26.38 26.37 26.44 26.36 26.48 26.50 26.27 26.24 26.36 26.48 26.45 26.58 26.47 26.47 26.50 26.51 26.55 26.57 26.56 26.46 26.48 26.49 26.55 26.45 26.48 26.48 26.40 26.46 26.46 26.48 26.53 26.54 26.57 26.59 26.55 26.51 26.56 26.54 26.55 26.46 26.49 26.47 26.48 26.46 26.41 26.40 26.39 26.36 26.31
26.75 26.75 26.53 26.53 26.59 26.59 26.59 26.64 26.64 26.42 26.42 26.74 26.74 26.31 26.27 26.28 26.49 26.44 26.30 26.22 26.30 26.20 26.09 26.04 26.12 26.33 26.20 26.29 26.28 26.32 26.46 26.50 26.48 26.50 26.47 26.34 25.98 26.25 26.45 26.38 26.38 26.50 26.58 26.48 26.44 26.49 26.61 26.54 26.52 26.48 26.51 26.48 26.43 26.51 26.50 26.47 26.47 26.42 26.51 26.56 26.53 26.57 26.53 26.57 26.51 26.47 26.51 26.40 26.40 26.38 26.51 26.07 26.47 26.40 26.41 26.37 26.38
26.75 26.75 26.53 26.53 26.59 26.59 26.64 26.64 26.64 26.42 26.74 26.74 26.74 26.27 26.27 26.28 26.34 26.47 26.49 26.29 26.27 26.19 26.23 26.23 26.07 26.24 26.29 26.32 26.26 26.32 26.39 26.33 26.39 26.26 26.41 26.26 26.17 26.20 26.27 26.35 26.50 26.39 26.35 26.44 26.39 26.50 26.57 26.64 26.59 26.57 26.69 26.50 26.51 26.51 26.51 26.45 26.46 26.39 26.51 26.51 26.52 26.52 26.55 26.55 26.55 26.47 26.44 26.39 26.33 26.24 26.25 26.35 26.37 26.35 26.43 26.42 26.36
26.75 26.75 26.53 26.59 26.59 26.59 26.64 26.64 26.42 26.74 26.74 26.74 26.27 26.27 26.27 26.34 26.34 26.35 26.62 26.47 26.48 26.26 26.31 26.38 26.07 26.24 26.29 26.32 26.41 26.32 26.17 26.43 26.36 26.27 26.27 26.16 26.22 26.34 26.21 26.26 26.48 26.48 26.45 26.62 26.48 26.45 26.42 26.26 26.60 26.55 26.57 26.26 26.47 26.46 26.47 26.50 26.40 26.41 26.46 26.47 26.52 26.48 26.48 26.54 26.51 26.50 26.49 26.45 26.44 26.31 26.35 26.30 26.26 26.27 26.33 26.28 26.35
26.75 26.53 26.53 26.59 26.59 26.64 26.64 26.64 26.74 26.74 26.74 26.74 26.27 26.27 26.34 26.34 26.35 26.35 26.44 26.54 26.45 26.44 26.58 26.38 26.38 26.24 26.29 26.41 26.41 26.41 26.17 26.43 26.35 26.47 25.98 26.11 26.24 26.30 26.28 26.46 26.24 26.42 26.62 26.41 26.39 26.42 26.44 26.36 26.45 26.60 26.49 26.35 26.37 26.34 26.33 26.36 26.45 26.39 26.40 26.43 26.49 26.48 26.48 26.42 26.44 26.46 26.49 26.46 26.45 26.44 26.41 26.24 26.18 26.25 26.30 26.24 26.26
26.75 26.53 26.59 26.59 26.59 26.64 26.64 26.74 26.74 26.74 26.74 26.27 26.27 26.27 26.34 26.35 26.35 26.44 26.44 26.54 26.45 26.44 26.58 26.58 26.38 26.38 26.41 26.41 26.41 26.41 26.17 26.35 26.35 26.66 25.74 25.71 25.77 26.23 26.06 26.29 26.38 26.35 26.40 26.28 26.28 26.28 26.32 26.37 26.39 26.34 26.41 26.19 26.12 26.17 26.35 26.47 26.48 26.23 26.41 26.41 26.45 26.41 26.43 26.40 26.41 26.43 26.44 26.46 26.46 26.43 26.42 26.31 26.31 26.26 26.23 26.26 26.21
26.53 26.53 26.59 26.59 26.64 26.64 26.74 26.74 26.74 26.74 26.74 26.27 26.27 26.34 26.35 26.35 26.44 26.44 26.44 26.54 26.45 26.44 26.58 26.58 26.58 26.38 26.41 26.41 26.41 26.41 26.35 26.35 26.66 26.66 25.74 26.55 25.69 26.27 26.21 26.19 26.32 26.14 26.28 26.22 26.33 26.07 26.32 26.37 26.22 26.25 26.22 26.13 26.31 26.31 26.20 26.29 26.25 26.20 26.38 26.37 26.40 26.44 26.43 26.39 26.39 26.40 26.40 26.39 26.18 25.74 26.35 26.36 26.38 26.21 26.22 26.27 26.25
