main/data/irradiance/22.08.2023.grid
ncols 839
nrows 679
xllcenter 112.0500
yllcenter -43.9500
cellsize 0.0500
nodata_value 99999.90
[rows 170 to 203 of 679, columns 616 to 692 of 839]
21.33 21.29 21.24 21.26 21.39 21.32 21.29 21.30 21.30 21.28 21.26 21.26 21.29 21.26 21.22 21.23 21.23 21.26 21.34 21.49 21.47 21.41 21.42 21.41 21.39 21.41 21.39 21.42 21.36 21.33 21.40 21.31 21.31 21.31 21.25 21.18 21.04 20.83 20.39 20.14 20.29 19.74 19.57 20.36 20.45 19.96 18.99 17.77 17.07 16.71 16.37 16.39 16.09 15.58 16.41 16.44 15.98 16.62 16.65 16.03 17.98 17.25 17.18 19.26 19.07 17.53 17.39 20.07 20.89 20.98 20.98 20.98 20.98 20.98 20.98 20.98 20.98
21.33 21.28 21.24 21.24 21.35 21.33 21.30 21.23 21.21 21.28 21.29 21.29 21.23 21.19 21.16 21.19 21.20 21.28 21.41 21.46 21.50 21.46 21.45 21.43 21.42 21.44 21.42 21.39 21.46 21.49 21.47 21.38 21.33 21.32 21.15 21.22 20.67 20.46 20.38 20.40 19.80 19.67 19.44 19.16 19.87 19.70 19.50 18.79 17.56 16.90 16.98 15.45 15.78 14.77 15.97 17.17 16.70 16.15 16.52 18.06 18.05 17.93 17.96 18.67 19.29 19.26 19.57 20.89 21.03 21.34 21.34 21.34 21.34 21.34 21.34 21.34 21.34
21.32 21.23 21.26 21.24 21.29 21.34 21.33 21.32 21.32 21.30 21.28 21.31 21.27 21.22 21.18 21.17 21.21 21.32 21.42 21.42 21.37 21.38 21.35 21.38 21.39 21.36 21.42 21.37 21.35 21.41 21.48 21.40 21.46 21.17 21.25 21.01 20.91 20.60 20.08 19.91 20.00 20.18 19.43 19.83 19.59 19.88 19.36 19.78 16.56 16.72 16.65 15.29 14.90 14.31 15.56 16.84 16.16 15.46 16.17 17.40 17.38 16.26 18.17 19.01 19.38 20.13 21.10 21.19 21.03 21.49 21.49 21.49 21.49 21.49 21.49 21.49 21.49
21.32 21.26 21.28 21.30 21.33 21.33 21.33 21.34 21.29 21.25 21.20 21.23 21.26 21.25 21.25 21.24 21.27 21.33 21.34 21.39 21.37 21.42 21.31 21.38 21.35 21.34 21.39 21.38 21.40 21.39 21.38 21.42 21.43 21.36 21.18 21.10 20.45 20.30 20.38 19.96 19.79 20.25 19.99 19.80 19.58 19.53 19.64 19.46 17.55 16.70 16.00 16.00 15.44 14.63 15.42 15.53 15.19 16.03 16.62 17.28 18.38 18.80 19.28 19.14 19.97 20.98 21.34 21.16 21.23 21.49 21.49 21.49 21.49 21.49 21.49 21.49 21.49
21.34 21.31 21.30 21.33 21.32 21.33 21.34 21.26 21.20 21.30 21.21 21.20 21.24 21.25 21.24 21.23 21.22 21.22 21.33 21.42 21.43 21.33 21.34 21.34 21.34 21.34 21.35 21.38 21.45 21.31 21.32 21.34 21.24 21.34 21.23 21.03 20.88 21.07 20.47 20.31 20.31 20.30 19.90 20.03 19.78 19.86 19.17 18.80 18.33 17.31 17.00 16.81 17.29 15.57 16.40 16.88 15.82 16.35 17.66 18.27 17.63 17.16 18.71 19.37 20.34 21.04 21.18 21.14 21.28 21.28 21.28 21.49 21.49 21.49 21.49 21.49 21.49
21.36 21.35 21.32 21.34 21.34 21.32 21.28 21.27 21.28 21.29 21.33 21.24 21.18 21.21 21.24 21.24 21.23 21.20 21.31 21.41 21.41 21.36 21.39 21.34 21.27 21.32 21.25 21.40 21.38 21.28 21.22 21.24 21.26 21.25 21.22 21.17 21.24 21.04 20.98 20.84 20.09 20.14 19.78 19.77 19.43 19.46 18.98 18.40 18.91 17.46 17.45 17.61 17.41 16.05 16.49 16.81 16.42 16.85 18.48 19.46 18.32 19.77 20.13 20.01 20.00 20.91 21.17 21.01 21.24 21.24 21.24 21.24 21.24 21.49 20.89 20.89 21.08
21.38 21.34 21.34 21.36 21.38 21.35 21.29 21.27 21.27 21.30 21.25 21.36 21.22 21.20 21.27 21.25 21.19 21.17 21.26 21.41 21.40 21.40 21.36 21.33 21.34 21.33 21.31 21.36 21.38 21.29 21.25 21.13 21.14 21.19 21.24 21.22 21.13 21.11 21.10 20.95 20.78 20.09 19.94 20.03 19.94 20.37 19.63 19.47 19.79 18.92 18.13 17.59 16.94 16.93 15.83 16.83 17.21 17.61 18.15 18.90 18.64 19.25 18.60 18.34 19.55 20.51 21.15 21.02 21.24 21.24 21.24 20.84 20.84 20.89 20.89 21.08 21.08
21.37 21.30 21.32 21.34 21.36 21.32 21.34 21.28 21.26 21.23 21.24 21.24 21.27 21.22 21.16 21.19 21.21 21.22 21.30 21.39 21.40 21.37 21.30 21.28 21.33 21.34 21.35 21.34 21.34 21.33 21.29 21.21 21.19 21.12 21.19 21.19 21.25 21.32 21.15 20.88 20.72 20.63 20.60 20.13 20.15 20.13 20.05 19.05 19.60 19.61 18.40 17.97 17.44 17.87 16.01 17.14 16.52 16.55 16.69 17.67 17.47 18.12 17.75 17.91 18.69 19.14 19.58 20.96 21.13 21.13 20.84 20.84 20.89 20.89 21.08 21.08 21.00
21.32 21.35 21.31 21.32 21.35 21.31 21.29 21.23 21.29 21.27 21.29 21.32 21.30 21.29 21.18 21.18 21.23 21.25 21.32 21.35 21.36 21.35 21.32 21.28 21.30 21.30 21.35 21.35 21.34 21.36 21.27 21.22 21.29 21.24 21.31 21.23 21.33 21.19 21.31 21.21 20.99 20.86 20.42 20.84 20.45 20.14 19.88 19.21 19.55 19.44 18.57 17.50 17.19 16.83 17.37 17.48 16.59 16.64 16.82 17.38 18.10 18.32 18.01 18.00 17.90 18.26 18.51 20.29 20.84 20.84 20.84 20.89 20.89 21.08 21.08 21.00 21.00
21.26 21.31 21.29 21.32 21.32 21.21 21.24 21.27 21.30 21.30 21.34 21.31 21.31 21.31 21.22 21.15 21.23 21.29 21.28 21.24 21.30 21.32 21.30 21.29 21.29 21.26 21.36 21.37 21.36 21.32 21.19 21.23 21.36 21.33 21.33 21.25 21.19 21.31 21.21 21.20 21.08 20.93 20.44 20.69 20.36 20.27 20.04 19.71 19.32 19.59 18.82 18.43 18.00 18.13 17.44 17.98 17.81 17.16 15.79 17.57 16.83 17.39 18.11 18.73 18.18 19.60 20.10 19.62 20.35 20.71 20.89 20.89 21.08 21.08 21.00 21.00 20.28
21.24 21.17 21.21 21.31 21.24 21.17 21.23 21.28 21.30 21.28 21.30 21.30 21.31 21.31 21.26 21.19 21.22 21.23 21.24 21.20 21.22 21.30 21.28 21.22 21.23 21.32 21.37 21.31 21.32 21.24 21.19 21.33 21.32 21.30 21.31 21.21 21.28 21.24 21.11 21.07 20.89 20.88 20.64 20.71 20.53 20.53 20.59 20.49 19.42 19.62 18.61 18.59 18.69 18.27 18.20 18.65 18.04 17.83 15.91 16.41 16.82 18.14 18.82 18.96 18.23 19.47 19.81 18.87 19.71 20.61 20.70 21.08 21.08 21.00 21.00 20.80 20.28
21.17 21.14 21.16 21.17 21.16 21.21 21.21 21.27 21.25 21.26 21.29 21.30 21.28 21.27 21.28 21.29 21.25 21.25 21.19 21.22 21.26 21.26 21.24 21.20 21.29 21.32 21.29 21.27 21.27 21.22 21.25 21.33 21.33 21.29 21.30 21.26 21.32 21.20 21.23 21.03 20.98 20.96 20.59 20.43 20.55 20.49 20.79 20.38 20.12 19.91 18.28 18.47 18.07 18.66 18.53 18.48 18.09 17.73 17.00 18.24 17.91 18.84 18.50 17.99 18.77 20.00 19.55 19.70 19.47 20.96 20.58 21.01 21.00 21.00 20.80 20.28 20.28
21.08 21.12 21.13 21.08 21.16 21.22 21.26 21.26 21.26 21.26 21.30 21.31 21.28 21.23 21.27 21.21 21.24 21.23 21.21 21.27 21.21 21.23 21.22 21.21 21.26 21.25 21.25 21.23 21.20 21.26 21.29 21.33 21.27 21.33 21.29 21.25 21.23 21.21 21.20 21.02 21.05 20.64 20.89 20.78 20.72 20.78 20.79 20.71 20.30 20.61 19.60 19.62 18.37 19.22 19.55 18.65 19.01 19.00 18.55 17.70 18.92 18.50 18.93 19.75 19.33 20.06 19.75 19.06 17.81 19.00 19.68 20.22 20.45 20.80 20.80 20.28 20.28
21.09 21.12 21.15 21.13 21.14 21.19 21.22 21.22 21.22 21.25 21.25 21.26 21.24 21.23 21.21 21.24 21.24 21.19 21.21 21.25 21.19 21.21 21.19 21.25 21.21 21.19 21.23 21.19 21.26 21.25 21.25 21.26 21.25 21.27 21.30 21.24 21.38 21.33 21.27 21.13 20.92 20.89 20.91 20.71 20.96 20.53 20.69 20.57 20.42 20.67 20.38 19.95 19.58 19.48 18.81 17.99 18.68 18.25 19.19 18.27 19.06 19.25 19.93 19.48 19.40 19.24 18.67 19.04 18.76 20.15 20.44 19.74 19.94 20.37 20.30 20.28 20.28
21.13 21.13 21.16 21.18 21.11 21.09 21.10 21.17 21.22 21.14 21.14 21.17 21.25 21.23 21.21 21.19 21.17 21.18 21.23 21.25 21.23 21.20 21.16 21.13 21.23 21.19 21.19 21.20 21.22 21.22 21.20 21.28 21.26 21.27 21.26 21.29 21.33 21.31 21.23 21.15 21.01 21.01 20.92 21.03 20.60 20.28 20.47 20.29 20.40 20.42 20.41 19.88 18.89 19.30 18.59 19.01 18.90 19.92 19.98 19.60 19.60 19.97 19.77 19.65 19.85 19.44 19.48 19.86 19.79 20.14 20.47 19.92 19.56 19.45 19.60 20.18 20.39
21.09 21.10 21.15 21.13 21.12 21.08 21.11 21.11 21.12 21.18 21.12 21.18 21.16 21.18 21.19 21.18 21.18 21.17 21.20 21.24 21.26 21.24 21.18 21.15 21.17 21.12 21.21 21.21 21.22 21.22 21.22 21.23 21.23 21.18 21.15 21.31 21.33 21.28 21.25 21.21 21.13 21.14 20.66 20.51 20.75 20.81 20.38 20.23 20.44 19.99 19.92 19.94 19.35 19.28 18.62 19.41 19.51 19.72 19.85 20.22 20.29 20.47 20.30 20.33 19.82 19.19 20.02 19.94 19.38 19.37 19.88 19.58 19.45 19.04 19.62 20.12 20.37
21.09 21.09 21.03 21.17 21.17 21.08 21.05 21.18 21.22 21.16 21.07 20.81 20.88 21.13 21.09 21.09 21.06 21.13 21.15 21.25 21.22 21.22 21.20 21.22 21.21 21.22 21.21 21.24 21.21 21.21 21.27 21.25 21.20 21.16 21.22 21.26 21.22 21.24 21.18 21.25 21.21 21.16 21.14 21.08 21.06 20.68 20.84 20.30 20.50 20.12 20.47 20.03 19.95 19.72 19.66 20.21 20.29 20.65 20.41 20.54 20.53 20.49 20.21 19.99 19.64 19.50 19.71 19.45 19.41 19.26 19.58 20.05 19.48 19.18 19.50 19.55 20.54
21.06 21.07 21.05 21.07 21.12 21.08 21.12 21.21 21.20 21.13 21.01 21.13 21.13 20.94 20.99 20.99 21.00 21.11 21.03 21.15 21.13 21.15 21.12 21.17 21.22 21.23 21.20 21.24 21.23 21.19 21.26 21.25 21.23 21.24 21.27 21.23 21.25 21.23 21.24 21.21 21.23 21.25 21.27 21.21 21.03 21.12 21.09 20.92 20.78 20.56 20.44 20.22 20.36 20.47 20.39 20.57 20.77 20.61 20.65 20.45 20.33 20.48 19.73 19.75 19.41 19.33 18.93 19.14 17.78 17.46 19.03 20.03 19.65 19.08 18.41 19.01 20.53
21.13 21.06 21.04 21.09 21.13 21.13 21.17 21.19 21.22 21.20 21.13 20.95 21.02 20.86 20.98 20.70 20.99 20.62 21.04 21.07 21.14 21.14 21.17 21.18 21.22 21.22 21.22 21.24 21.23 21.20 21.24 21.25 21.27 21.18 21.13 21.19 21.22 21.24 21.26 21.28 21.28 21.27 21.28 21.25 21.20 21.12 21.05 21.05 20.74 20.44 20.47 20.62 20.97 20.76 20.70 20.89 20.96 20.91 20.77 20.56 20.61 20.40 20.04 19.71 19.67 18.96 18.71 18.53 18.53 18.70 18.49 18.06 18.65 19.35 19.92 19.64 20.06
21.08 21.04 21.02 21.07 21.06 21.10 21.10 21.13 21.18 21.18 21.11 21.11 20.97 20.98 20.89 20.55 20.82 21.04 20.82 21.03 21.11 21.15 21.19 21.20 21.20 21.19 21.20 21.23 21.23 21.24 21.24 21.22 21.15 21.12 21.09 21.19 21.23 21.22 21.25 21.29 21.27 21.27 21.28 21.26 21.22 21.21 21.09 20.80 20.62 20.60 20.81 20.72 20.86 20.96 21.01 21.00 20.99 20.97 20.79 20.69 20.48 20.46 20.21 19.47 19.00 19.57 18.67 18.05 18.44 18.39 17.59 18.10 18.80 20.09 19.79 19.35 19.99
21.13 21.10 21.02 21.07 20.99 21.01 21.06 21.11 21.14 21.18 21.18 21.16 21.07 20.99 20.85 20.96 20.58 20.61 20.71 20.84 21.11 21.14 21.16 21.16 21.17 21.18 21.20 21.19 21.24 21.21 21.23 21.21 21.12 21.09 21.13 21.14 21.17 21.20 21.23 21.26 21.24 21.22 21.22 21.25 21.27 21.17 21.02 21.00 20.92 20.97 20.96 21.05 20.94 20.86 20.83 20.92 20.95 20.85 20.70 20.92 20.56 20.67 20.25 19.70 19.54 19.42 18.76 18.28 18.05 18.31 17.97 19.18 19.79 19.31 19.60 18.93 19.19
21.16 21.12 21.07 21.07 21.05 21.00 21.02 21.07 21.09 21.10 21.10 21.13 21.10 20.95 20.96 20.73 20.77 20.92 20.81 20.93 21.09 21.13 21.15 21.17 21.21 21.17 21.18 21.16 21.21 21.21 21.27 21.19 21.08 21.08 21.15 21.11 21.17 21.21 21.23 21.23 21.24 21.28 21.26 21.23 21.24 21.20 21.15 21.03 21.01 21.02 21.15 21.08 21.00 20.94 21.07 20.97 21.03 20.99 21.04 20.92 20.80 20.71 20.45 20.25 19.68 19.74 19.11 18.22 18.72 18.87 19.26 19.35 19.08 18.93 19.09 18.93 18.79
21.12 21.11 21.10 21.11 21.07 21.09 21.03 21.08 21.07 21.09 21.12 21.12 21.10 21.03 21.04 20.93 20.88 20.76 20.98 21.07 21.12 21.16 21.15 21.15 21.15 21.17 21.18 21.16 21.18 21.18 21.15 21.00 20.92 20.97 21.06 21.17 21.17 21.21 21.19 21.15 21.20 21.25 21.27 21.23 21.20 21.18 21.13 21.11 21.06 21.06 20.83 21.01 21.09 21.07 21.01 21.04 21.04 21.04 21.05 21.05 20.97 20.74 20.52 20.08 19.78 19.84 19.24 18.65 18.75 19.02 19.15 19.37 19.73 19.39 18.81 18.31 19.36
21.10 21.10 21.09 21.03 21.07 21.10 21.08 21.08 21.05 21.10 21.08 21.11 21.13 21.12 20.95 21.03 20.69 20.98 20.96 21.11 21.14 21.14 21.12 21.11 21.14 21.16 21.15 21.16 21.17 21.11 20.90 20.85 20.91 21.01 21.12 21.24 21.19 21.18 21.17 21.15 21.16 21.22 21.24 21.20 21.23 21.18 21.17 21.16 21.10 21.11 21.09 20.95 21.00 20.97 21.02 20.98 20.99 21.06 21.00 21.10 21.05 20.76 20.64 20.36 20.21 19.62 19.58 19.19 19.27 19.33 18.80 19.72 19.66 19.52 19.13 19.50 19.20
21.09 21.10 21.12 21.08 21.07 21.07 21.02 21.03 21.02 21.08 21.07 21.13 21.15 21.13 21.11 21.03 20.82 21.04 21.01 21.02 21.10 21.09 21.09 21.07 21.12 21.08 21.14 21.15 21.15 21.04 20.92 20.97 21.04 21.08 21.16 21.20 21.19 21.18 21.19 21.16 21.17 21.19 21.19 21.19 21.20 21.16 21.15 21.14 21.14 21.11 20.96 21.05 21.02 21.03 21.06 21.04 21.08 21.07 21.12 21.12 21.00 20.73 20.60 20.34 20.33 19.54 19.95 19.94 19.59 19.50 19.57 19.97 19.50 20.16 19.76 19.86 20.12
21.09 21.09 21.12 21.03 21.03 21.10 21.09 21.04 21.05 21.07 21.10 21.13 21.11 21.10 21.03 20.94 20.96 20.97 20.96 21.02 21.06 21.04 21.08 21.08 21.10 21.11 21.08 21.13 21.13 21.03 20.96 21.02 21.07 21.16 21.17 21.18 21.19 21.18 21.16 21.15 21.17 21.19 21.20 21.19 21.19 21.17 21.14 21.15 21.10 21.11 21.03 21.05 21.02 20.93 20.91 21.06 21.09 21.07 21.04 21.13 20.97 20.68 20.75 20.53 20.23 20.11 19.77 20.07 19.53 19.62 20.15 19.90 20.07 19.95 19.67 19.27 19.41
21.06 21.05 21.06 21.06 20.99 21.01 21.05 21.05 21.03 21.05 21.05 21.08 21.10 21.08 21.07 21.01 20.98 21.01 20.92 20.99 21.05 21.03 21.10 21.09 21.05 21.07 21.09 21.04 21.09 21.02 21.01 21.06 21.10 21.15 21.17 21.19 21.14 21.10 21.17 21.18 21.20 21.21 21.18 21.15 21.17 21.17 21.14 21.12 21.10 21.09 21.02 21.04 21.01 20.89 20.97 21.07 21.09 21.10 20.89 21.08 20.86 20.85 20.74 20.55 20.13 19.89 20.21 19.70 19.84 19.75 19.80 19.74 19.96 20.20 19.94 20.20 20.00
21.03 21.02 21.03 21.05 21.00 20.99 20.99 21.01 21.01 20.97 20.98 21.02 21.02 21.01 20.99 21.06 21.00 21.00 20.85 20.76 21.04 21.06 21.06 20.99 21.03 21.07 21.08 21.07 21.01 21.08 21.11 21.10 21.09 21.13 21.15 21.15 21.11 21.13 21.16 21.16 21.15 21.12 21.10 21.12 21.12 21.14 21.13 21.07 21.07 21.04 20.99 21.06 20.96 20.93 21.00 21.01 21.02 21.08 21.04 21.08 20.79 20.72 20.56 20.53 20.28 20.26 20.17 20.13 20.14 19.94 19.81 19.87 19.77 20.09 19.95 19.89 19.58
20.97 20.97 20.97 20.95 20.96 20.97 20.90 20.93 20.99 21.01 20.85 21.00 21.00 21.00 21.01 20.99 21.02 21.00 21.03 21.01 21.04 21.05 21.05 21.00 20.95 20.96 21.05 21.06 21.05 21.06 21.06 21.09 21.12 21.15 21.12 21.11 21.10 21.10 21.11 21.10 21.08 21.06 21.03 21.08 21.11 21.12 21.05 21.07 21.09 21.07 21.04 21.02 20.89 20.91 20.95 20.97 21.01 20.98 21.05 20.89 20.80 20.63 20.69 20.40 20.30 19.90 19.76 19.97 19.83 19.60 19.97 19.58 19.66 19.64 19.17 19.13 18.75
20.93 20.97 20.95 20.98 20.98 20.94 20.89 20.91 20.97 20.99 20.97 20.99 20.99 20.98 20.98 21.01 20.95 21.00 20.91 21.02 21.03 21.04 21.02 20.96 20.98 20.96 21.01 21.04 21.03 21.08 21.10 21.09 21.11 21.09 21.10 21.11 21.09 21.07 21.08 21.12 21.05 21.06 21.07 21.08 21.10 21.06 21.07 21.11 21.11 21.10 21.07 21.04 20.97 21.06 20.94 20.92 20.91 21.00 20.93 20.97 20.65 20.28 20.77 20.08 20.29 20.17 20.14 20.05 19.66 20.05 19.81 19.79 19.43 19.51 19.50 19.00 19.14
20.97 20.94 20.98 20.97 20.97 20.87 20.92 20.96 20.96 20.95 20.99 20.99 20.99 21.00 21.00 21.01 20.99 20.96 20.96 21.02 21.04 21.03 20.98 20.96 20.89 21.00 20.96 21.01 21.03 21.06 21.11 21.11 21.06 21.08 21.10 21.11 21.07 21.07 21.06 21.07 21.06 21.08 21.11 21.08 21.09 21.05 21.11 21.07 21.07 21.07 21.06 21.03 21.00 21.06 20.94 20.96 20.97 20.95 20.97 20.84 20.80 20.58 20.57 20.24 20.30 20.02 20.38 20.12 20.12 19.50 19.60 19.36 19.31 19.51 19.14 19.08 18.84
20.93 20.97 21.00 20.96 20.96 20.88 20.85 20.89 20.90 20.93 20.95 20.96 21.01 21.00 21.01 20.99 20.98 20.93 20.99 21.00 21.03 20.98 20.93 20.89 20.89 20.95 20.97 20.99 21.02 21.06 21.13 21.14 21.07 21.13 21.13 21.08 21.04 21.00 21.03 21.03 21.08 21.11 21.06 21.05 21.11 21.05 21.06 21.01 21.06 21.01 21.02 21.05 21.02 20.94 20.90 20.90 20.78 20.98 20.81 20.70 20.72 20.58 20.53 20.52 20.48 20.49 20.25 20.36 19.94 19.61 19.78 19.44 19.29 19.91 18.90 18.92 18.58
20.96 20.97 20.96 20.92 20.89 20.93 20.89 20.92 20.93 20.94 20.94 20.95 20.97 20.94 20.97 20.99 20.90 20.95 20.93 20.99 20.99 20.98 20.96 20.78 20.97 20.94 20.95 20.99 21.00 21.09 21.08 21.10 21.16 21.14 21.12 21.10 21.02 21.00 21.02 21.08 21.04 21.10 21.09 21.04 21.04 21.03 21.03 20.99 21.01 20.97 20.96 21.02 20.95 20.86 20.76 20.83 20.78 20.79 20.57 20.44 20.62 20.75 20.51 20.43 20.72 19.99 20.02 19.87 19.87 20.07 19.98 19.78 19.90 19.62 18.91 19.29 19.06
20.92 20.93 20.92 20.91 20.97 20.96 21.00 20.94 20.91 20.89 20.94 20.94 20.92 20.92 20.95 20.94 20.93 20.92 20.98 20.99 20.96 20.96 20.94 20.99 20.95 21.01 21.00 21.02 21.07 21.14 21.11 21.13 21.11 21.11 21.11 21.06 21.03 20.99 21.02 21.05 21.03 21.04 21.02 20.93 20.93 20.92 20.98 21.04 21.03 21.02 21.08 21.00 20.95 20.90 20.80 20.85 20.79 20.50 20.25 20.26 20.67 20.47 20.63 20.59 20.47 20.27 20.04 20.06 20.27 19.97 20.17 19.80 19.68 19.62 19.18 19.24 18.93
