main/data/irradiance/22.07.2023.grid
ncols 839
nrows 679
xllcenter 112.0500
yllcenter -43.9500
cellsize 0.0500
nodata_value 99999.90
[rows 68 to 101 of 679, columns 462 to 538 of 839]
20.75 20.71 20.24 20.47 20.57 20.61 20.57 20.54 20.36 20.00 19.89 20.28 20.62 20.75 20.86 20.80 20.80 20.80 20.89 20.89 20.89 20.89 20.89 20.89 20.89 19.74 20.35 20.35 20.35 20.81 20.81 20.81 20.81 20.81 20.81 20.81 20.81 20.79 20.79 20.79 20.79 20.79 20.79 20.79 20.79 99999.90 99999.90 99999.90 99999.90 99999.90 99999.90 99999.90 99999.90 99999.90 99999.90 99999.90 99999.90 99999.90 99999.90 99999.90 99999.90 99999.90 99999.90 99999.90 99999.90 99999.90 99999.90 99999.90 99999.90 99999.90 99999.90 99999.90 99999.90 99999.90 99999.90 99999.90 99999.90
20.77 20.50 20.58 20.43 20.58 20.53 20.79 20.64 20.66 20.51 20.20 20.39 20.63 20.73 20.73 20.80 20.80 20.80 20.89 20.89 20.89 20.89 20.89 20.89 20.89 20.89 20.75 20.75 20.81 20.81 20.81 20.81 20.81 20.81 20.81 20.81 20.79 20.79 20.79 20.79 20.79 20.79 20.79 20.79 20.79 99999.90 99999.90 99999.90 99999.90 99999.90 99999.90 99999.90 99999.90 99999.90 99999.90 99999.90 99999.90 99999.90 99999.90 99999.90 99999.90 99999.90 99999.90 99999.90 99999.90 99999.90 99999.90 99999.90 99999.90 99999.90 99999.90 99999.90 99999.90 99999.90 99999.90 99999.90 99999.90
20.67 20.36 20.59 20.74 20.76 20.80 20.78 20.80 20.76 20.72 20.52 20.48 20.65 20.72 20.72 20.72 20.52 20.80 20.89 20.89 20.89 20.89 20.89 20.89 19.74 20.75 20.75 20.75 20.75 20.81 20.81 20.81 20.81 20.81 20.81 20.81 20.79 20.79 20.79 20.79 20.79 20.79 20.79 20.79 20.79 99999.90 99999.90 99999.90 99999.90 99999.90 99999.90 99999.90 99999.90 99999.90 99999.90 99999.90 99999.90 99999.90 99999.90 99999.90 99999.90 99999.90 99999.90 99999.90 99999.90 99999.90 99999.90 99999.90 99999.90 99999.90 99999.90 99999.90 99999.90 99999.90 99999.90 99999.90 99999.90
20.68 20.23 20.43 20.55 20.56 20.75 20.74 20.72 20.74 20.77 20.73 20.71 20.71 20.59 20.59 20.52 20.52 20.67 20.67 19.74 19.74 19.74 19.74 19.74 19.74 20.75 20.75 20.75 20.75 20.81 20.81 20.81 20.81 20.81 20.81 20.79 20.79 20.79 20.79 20.79 20.79 20.79 20.79 20.79 20.79 99999.90 99999.90 99999.90 99999.90 99999.90 99999.90 99999.90 99999.90 99999.90 99999.90 99999.90 99999.90 99999.90 99999.90 99999.90 99999.90 99999.90 99999.90 99999.90 99999.90 99999.90 99999.90 99999.90 99999.90 99999.90 99999.90 99999.90 99999.90 99999.90 99999.90 99999.90 99999.90
20.58 20.50 20.49 20.46 20.60 20.60 20.68 20.63 20.69 20.76 20.71 20.74 20.73 20.56 20.52 20.52 20.52 20.67 20.67 19.74 19.74 19.74 19.74 19.74 19.74 20.75 20.75 20.75 20.75 20.81 20.81 20.81 20.81 20.81 20.79 20.79 20.79 20.79 20.79 20.79 20.79 20.79 20.79 20.79 20.79 99999.90 99999.90 99999.90 99999.90 99999.90 99999.90 99999.90 99999.90 99999.90 99999.90 99999.90 99999.90 99999.90 99999.90 99999.90 99999.90 99999.90 99999.90 99999.90 99999.90 99999.90 99999.90 99999.90 99999.90 99999.90 99999.90 99999.90 99999.90 99999.90 99999.90 99999.90 99999.90
20.65 20.51 20.56 20.56 20.56 20.66 20.67 20.68 20.67 20.72 20.76 20.78 20.77 20.71 20.67 20.67 20.67 20.67 20.67 19.74 19.74 19.74 19.74 19.74 19.74 20.75 20.75 20.75 20.75 20.78 20.81 20.81 20.81 20.81 20.79 20.79 20.79 20.79 20.79 20.79 20.79 20.79 20.79 20.79 20.79 99999.90 99999.90 99999.90 99999.90 99999.90 99999.90 99999.90 99999.90 99999.90 99999.90 99999.90 99999.90 99999.90 99999.90 99999.90 99999.90 99999.90 99999.90 99999.90 99999.90 99999.90 99999.90 99999.90 99999.90 99999.90 99999.90 99999.90 99999.90 99999.90 99999.90 99999.90 99999.90
20.70 20.58 20.54 20.57 20.59 20.63 20.60 20.65 20.61 20.73 20.77 20.77 20.72 20.68 20.69 20.69 20.67 20.67 20.67 20.67 19.95 19.95 19.95 19.95 19.95 20.75 20.75 20.75 20.75 20.78 20.78 20.81 20.81 20.79 20.79 20.79 20.79 20.79 20.79 20.79 20.79 20.79 20.79 20.79 20.79 20.60 99999.90 99999.90 99999.90 99999.90 99999.90 99999.90 99999.90 99999.90 99999.90 99999.90 99999.90 99999.90 99999.90 99999.90 99999.90 99999.90 99999.90 99999.90 99999.90 99999.90 99999.90 99999.90 99999.90 99999.90 99999.90 99999.90 99999.90 99999.90 99999.90 99999.90 99999.90
20.71 20.69 20.67 20.63 20.54 20.57 20.66 20.69 20.69 20.72 20.75 20.74 20.70 20.71 20.67 20.63 20.74 20.67 20.67 20.67 19.95 19.95 19.95 19.95 20.74 20.75 20.75 20.75 20.70 20.76 20.76 20.76 20.73 20.79 20.79 20.79 20.79 20.79 20.79 20.79 20.79 20.79 20.79 20.79 20.79 20.60 99999.90 99999.90 99999.90 99999.90 99999.90 99999.90 99999.90 99999.90 99999.90 99999.90 99999.90 99999.90 99999.90 99999.90 99999.90 99999.90 99999.90 99999.90 99999.90 99999.90 99999.90 99999.90 99999.90 99999.90 99999.90 99999.90 99999.90 99999.90 99999.90 99999.90 99999.90
20.68 20.71 20.73 20.72 20.58 20.59 20.62 20.66 20.65 20.71 20.73 20.70 20.71 20.69 20.68 20.68 20.66 20.66 20.66 20.67 19.95 19.95 19.95 19.95 20.74 20.74 20.74 20.74 20.70 20.69 20.69 20.73 20.73 20.75 20.75 20.75 20.75 20.75 20.75 20.75 20.75 20.75 20.75 20.75 20.75 20.60 99999.90 99999.90 99999.90 99999.90 99999.90 99999.90 99999.90 99999.90 99999.90 99999.90 99999.90 99999.90 99999.90 99999.90 99999.90 99999.90 99999.90 99999.90 99999.90 99999.90 99999.90 99999.90 99999.90 99999.90 99999.90 99999.90 99999.90 99999.90 99999.90 99999.90 99999.90
20.70 20.72 20.74 20.71 20.64 20.55 20.56 20.62 20.70 20.73 20.72 20.70 20.69 20.67 20.69 20.69 20.67 20.67 20.67 20.67 19.95 19.95 19.95 20.74 20.74 20.74 20.74 20.72 20.70 20.73 20.70 20.70 20.77 20.75 20.75 20.75 20.75 20.75 20.75 20.75 20.75 20.75 20.75 20.75 20.75 20.60 99999.90 99999.90 99999.90 99999.90 99999.90 99999.90 99999.90 99999.90 99999.90 99999.90 99999.90 99999.90 99999.90 99999.90 99999.90 99999.90 99999.90 99999.90 99999.90 99999.90 99999.90 99999.90 99999.90 99999.90 99999.90 99999.90 99999.90 99999.90 99999.90 99999.90 99999.90
20.70 20.69 20.69 20.69 20.66 20.61 20.59 20.64 20.67 20.70 20.69 20.67 20.66 20.65 20.67 20.66 20.67 20.67 20.67 20.67 19.95 19.95 20.65 20.65 20.65 20.65 20.65 20.66 20.69 20.69 20.66 20.61 20.77 20.75 20.75 20.75 20.75 20.75 20.75 20.75 20.75 20.75 20.75 20.75 20.75 20.60 99999.90 99999.90 99999.90 99999.90 99999.90 99999.90 99999.90 99999.90 99999.90 99999.90 99999.90 99999.90 99999.90 99999.90 99999.90 99999.90 99999.90 99999.90 99999.90 99999.90 99999.90 99999.90 99999.90 99999.90 99999.90 99999.90 99999.90 99999.90 99999.90 99999.90 99999.90
20.68 20.69 20.68 20.66 20.68 20.64 20.61 20.63 20.67 20.70 20.67 20.65 20.62 20.61 20.62 20.66 20.66 20.67 20.67 20.67 20.67 19.95 20.63 20.63 20.63 20.63 20.63 20.56 20.64 20.69 20.68 20.69 20.69 20.75 20.75 20.75 20.75 20.75 20.75 20.75 20.75 20.75 20.75 20.60 20.60 20.60 99999.90 99999.90 99999.90 99999.90 99999.90 99999.90 99999.90 99999.90 99999.90 99999.90 99999.90 99999.90 99999.90 99999.90 99999.90 99999.90 99999.90 99999.90 99999.90 99999.90 99999.90 99999.90 99999.90 99999.90 99999.90 99999.90 99999.90 99999.90 99999.90 99999.90 99999.90
20.63 20.64 20.64 20.64 20.67 20.66 20.64 20.62 20.66 20.67 20.64 20.63 20.62 20.61 20.60 20.60 20.60 20.66 20.67 20.67 20.67 20.67 20.67 20.67 20.67 20.67 20.67 20.53 20.61 20.57 20.66 20.69 20.69 20.69 20.69 20.75 20.60 20.60 20.60 20.60 20.60 20.60 20.60 20.60 20.60 20.60 99999.90 99999.90 99999.90 99999.90 99999.90 99999.90 99999.90 99999.90 99999.90 99999.90 99999.90 99999.90 99999.90 99999.90 99999.90 99999.90 99999.90 99999.90 99999.90 99999.90 99999.90 99999.90 99999.90 99999.90 99999.90 99999.90 99999.90 99999.90 99999.90 99999.90 99999.90
20.61 20.62 20.66 20.66 20.65 20.62 20.59 20.59 20.61 20.65 20.62 20.61 20.61 20.60 20.59 20.59 20.59 20.59 20.59 20.67 20.67 20.61 20.61 20.61 20.61 20.61 20.61 20.61 20.58 20.53 20.61 20.69 20.69 20.55 20.55 20.55 20.60 20.60 20.60 20.60 20.60 20.60 20.60 20.60 20.60 20.60 99999.90 99999.90 99999.90 99999.90 99999.90 99999.90 99999.90 99999.90 99999.90 99999.90 99999.90 99999.90 99999.90 99999.90 99999.90 99999.90 99999.90 99999.90 99999.90 99999.90 99999.90 99999.90 99999.90 99999.90 99999.90 99999.90 99999.90 99999.90 99999.90 99999.90 99999.90
20.57 20.54 20.60 20.63 20.65 20.64 20.63 20.61 20.60 20.65 20.60 20.58 20.57 20.57 20.58 20.58 20.58 20.58 20.58 20.58 20.58 20.62 20.62 20.62 20.62 20.62 20.62 20.60 20.61 20.63 20.62 20.62 20.58 20.55 20.55 20.60 20.60 20.60 20.60 20.60 20.60 20.60 20.60 20.60 20.60 20.60 99999.90 99999.90 99999.90 99999.90 99999.90 99999.90 99999.90 99999.90 99999.90 99999.90 99999.90 99999.90 99999.90 99999.90 99999.90 99999.90 99999.90 99999.90 99999.90 99999.90 99999.90 99999.90 99999.90 99999.90 99999.90 99999.90 99999.90 99999.90 99999.90 99999.90 99999.90
20.56 20.50 20.53 20.60 20.57 20.58 20.53 20.55 20.57 20.59 20.57 20.59 20.57 20.53 20.58 20.58 20.58 20.58 20.58 20.58 20.58 20.58 20.58 20.58 20.58 20.58 20.58 20.60 20.62 20.61 20.62 20.58 20.58 20.55 20.55 20.60 20.60 20.60 20.60 20.60 20.60 20.60 20.60 20.60 20.60 20.60 99999.90 99999.90 99999.90 99999.90 99999.90 99999.90 99999.90 99999.90 99999.90 99999.90 99999.90 99999.90 99999.90 99999.90 99999.90 99999.90 99999.90 99999.90 99999.90 99999.90 99999.90 99999.90 99999.90 99999.90 99999.90 99999.90 99999.90 99999.90 99999.90 99999.90 99999.90
20.57 20.55 20.53 20.57 20.56 20.56 20.52 20.52 20.49 20.52 20.51 20.52 20.57 20.53 20.53 20.58 20.58 20.58 20.58 20.58 20.58 20.58 20.58 20.58 20.58 20.58 20.58 20.60 20.62 20.61 20.62 20.64 20.61 20.61 20.62 20.60 20.60 20.60 20.60 20.60 20.60 20.60 20.60 20.60 20.60 20.60 99999.90 99999.90 99999.90 99999.90 99999.90 99999.90 99999.90 99999.90 99999.90 99999.90 99999.90 99999.90 99999.90 99999.90 99999.90 99999.90 99999.90 99999.90 99999.90 99999.90 99999.90 99999.90 99999.90 99999.90 99999.90 99999.90 99999.90 99999.90 99999.90 99999.90 99999.90
20.55 20.56 20.54 20.52 20.54 20.51 20.53 20.54 20.51 20.48 20.46 20.47 20.47 20.53 20.53 20.53 20.58 20.58 20.58 20.58 20.58 20.58 20.58 20.58 20.58 20.58 20.58 20.60 20.61 20.61 20.62 20.64 20.61 20.61 20.62 20.60 20.60 20.60 20.60 20.60 20.60 20.60 20.60 20.60 20.60 20.60 99999.90 99999.90 99999.90 99999.90 99999.90 99999.90 99999.90 99999.90 99999.90 99999.90 99999.90 99999.90 99999.90 99999.90 99999.90 99999.90 99999.90 99999.90 99999.90 99999.90 99999.90 99999.90 99999.90 99999.90 99999.90 99999.90 99999.90 99999.90 99999.90 99999.90 99999.90
20.53 20.49 20.49 20.49 20.53 20.52 20.55 20.54 20.53 20.45 20.47 20.47 20.47 20.47 20.53 20.53 20.53 20.58 20.58 20.58 20.58 20.58 20.58 20.58 20.58 20.58 20.58 20.61 20.61 20.61 20.62 20.64 20.61 20.61 20.62 20.60 20.60 20.60 20.60 20.60 20.60 20.60 20.60 20.60 20.60 20.60 99999.90 99999.90 99999.90 99999.90 99999.90 99999.90 99999.90 99999.90 99999.90 99999.90 99999.90 99999.90 99999.90 99999.90 99999.90 99999.90 99999.90 99999.90 99999.90 99999.90 99999.90 99999.90 99999.90 99999.90 99999.90 99999.90 99999.90 99999.90 99999.90 99999.90 99999.90
20.44 20.46 20.47 20.47 20.50 20.51 20.49 20.52 20.51 20.44 20.42 20.42 20.42 20.47 20.47 20.53 20.53 20.53 20.58 20.58 20.58 20.58 20.58 20.58 20.58 20.58 20.58 20.61 20.61 20.61 20.62 20.64 20.61 20.61 20.62 20.60 20.60 20.60 20.60 20.60 20.60 20.60 20.60 20.60 20.60 20.60 99999.90 99999.90 99999.90 99999.90 99999.90 99999.90 99999.90 99999.90 99999.90 99999.90 99999.90 99999.90 99999.90 99999.90 99999.90 99999.90 99999.90 99999.90 99999.90 99999.90 99999.90 99999.90 99999.90 99999.90 99999.90 99999.90 99999.90 99999.90 99999.90 99999.90 99999.90
20.42 20.45 20.47 20.43 20.48 20.49 20.51 20.52 20.46 20.44 20.42 20.42 20.42 20.42 20.42 20.47 20.53 20.53 20.53 20.58 20.58 20.58 20.58 20.58 20.58 20.58 20.58 20.61 20.61 20.61 20.62 20.64 20.61 20.61 20.62 20.60 20.60 20.60 20.60 20.60 20.60 20.60 20.60 20.60 20.60 20.60 99999.90 99999.90 99999.90 99999.90 99999.90 99999.90 99999.90 99999.90 99999.90 99999.90 99999.90 99999.90 99999.90 99999.90 99999.90 99999.90 99999.90 99999.90 99999.90 99999.90 99999.90 99999.90 99999.90 99999.90 99999.90 99999.90 99999.90 99999.90 99999.90 99999.90 99999.90
20.39 20.41 20.45 20.37 20.46 20.47 20.51 20.49 20.33 20.33 20.42 20.42 20.42 20.42 20.42 20.42 20.42 20.53 20.53 20.53 20.58 20.58 20.58 20.58 20.58 20.58 20.61 20.61 20.61 20.61 20.62 20.64 20.61 20.61 20.62 20.60 20.60 20.60 20.60 20.60 20.60 20.60 20.60 20.60 20.60 20.60 99999.90 99999.90 99999.90 99999.90 99999.90 99999.90 99999.90 99999.90 99999.90 99999.90 99999.90 99999.90 99999.90 99999.90 99999.90 99999.90 99999.90 99999.90 99999.90 99999.90 99999.90 99999.90 99999.90 99999.90 99999.90 99999.90 99999.90 99999.90 99999.90 99999.90 99999.90
20.37 20.34 20.02 20.19 20.44 20.49 20.49 20.48 20.33 20.33 20.33 20.42 20.42 20.42 20.42 20.42 20.42 20.42 20.42 20.53 20.58 20.58 20.58 20.58 20.58 20.58 20.61 20.61 20.61 20.61 20.62 20.64 20.61 20.61 20.62 20.60 20.60 20.60 20.60 20.60 20.60 20.60 20.60 20.60 20.60 20.60 99999.90 99999.90 99999.90 99999.90 99999.90 99999.90 99999.90 99999.90 99999.90 99999.90 99999.90 99999.90 99999.90 99999.90 99999.90 99999.90 99999.90 99999.90 99999.90 99999.90 99999.90 99999.90 99999.90 99999.90 99999.90 99999.90 99999.90 99999.90 99999.90 99999.90 99999.90
20.33 19.92 19.62 20.23 20.43 20.44 20.43 20.42 20.42 20.42 20.33 20.33 20.42 20.42 20.42 20.42 20.42 20.42 20.42 20.42 20.58 20.58 20.58 20.58 20.58 20.58 20.61 20.61 20.61 20.61 20.62 20.64 20.61 20.61 20.62 20.60 20.60 20.60 20.60 20.60 20.60 20.60 20.60 20.60 20.60 20.60 99999.90 99999.90 99999.90 99999.90 99999.90 99999.90 99999.90 99999.90 99999.90 99999.90 99999.90 99999.90 99999.90 99999.90 99999.90 99999.90 99999.90 99999.90 99999.90 99999.90 99999.90 99999.90 99999.90 99999.90 99999.90 99999.90 99999.90 99999.90 99999.90 99999.90 99999.90
20.35 18.91 19.75 19.99 20.42 20.33 20.34 20.37 20.37 20.37 20.37 20.37 20.33 20.42 20.42 20.42 20.42 20.42 20.42 20.42 20.58 20.58 20.58 20.58 20.58 20.61 20.61 20.61 20.61 20.61 20.62 20.64 20.61 20.61 20.62 20.60 20.60 20.60 20.60 20.60 20.60 20.60 20.60 20.60 20.60 20.60 99999.90 99999.90 99999.90 99999.90 99999.90 99999.90 99999.90 99999.90 99999.90 99999.90 99999.90 99999.90 99999.90 99999.90 99999.90 99999.90 99999.90 99999.90 99999.90 99999.90 99999.90 99999.90 99999.90 99999.90 99999.90 99999.90 99999.90 99999.90 99999.90 99999.90 99999.90
20.28 19.69 20.17 20.12 20.18 20.29 20.34 20.37 20.37 20.37 20.37 20.37 20.37 20.37 20.37 20.42 20.42 20.42 20.42 20.42 20.58 20.58 20.58 20.58 20.58 20.61 20.61 20.61 20.61 20.61 20.62 20.64 20.61 20.61 20.62 20.60 20.60 20.60 20.60 20.60 20.60 20.60 20.60 20.60 20.60 20.60 99999.90 99999.90 99999.90 99999.90 99999.90 99999.90 99999.90 99999.90 99999.90 99999.90 99999.90 99999.90 99999.90 99999.90 99999.90 99999.90 99999.90 99999.90 99999.90 99999.90 99999.90 99999.90 99999.90 99999.90 99999.90 99999.90 99999.90 99999.90 99999.90 99999.90 99999.90
19.92 19.60 20.30 20.30 20.32 20.29 20.29 20.37 20.37 20.37 20.37 20.37 20.37 20.37 20.37 20.37 20.22 20.22 20.22 20.22 20.14 20.14 20.61 20.61 20.61 20.61 20.61 20.61 20.61 20.61 20.62 20.64 20.61 20.61 20.62 20.60 20.60 20.60 20.60 20.60 20.60 20.60 20.60 20.60 20.60 20.60 99999.90 99999.90 99999.90 99999.90 99999.90 99999.90 99999.90 99999.90 99999.90 99999.90 99999.90 99999.90 99999.90 99999.90 99999.90 99999.90 99999.90 99999.90 99999.90 99999.90 99999.90 99999.90 99999.90 99999.90 99999.90 99999.90 99999.90 99999.90 99999.90 99999.90 99999.90
20.34 20.32 20.31 20.31 20.30 20.30 20.30 20.29 20.37 20.37 20.37 20.37 20.37 20.37 20.15 20.22 20.22 20.22 20.22 20.14 20.14 20.14 20.14 20.14 20.14 20.14 20.13 99999.90 99999.90 99999.90 99999.90 99999.90 99999.90 99999.90 99999.90 99999.90 99999.90 99999.90 99999.90 99999.90 99999.90 99999.90 99999.90 99999.90 99999.90 99999.90 99999.90 99999.90 99999.90 99999.90 99999.90 99999.90 99999.90 99999.90 99999.90 99999.90 99999.90 99999.90 99999.90 99999.90 99999.90 99999.90 99999.90 99999.90 99999.90 99999.90 99999.90 99999.90 99999.90 99999.90 99999.90 99999.90 99999.90 99999.90 99999.90 99999.90 99999.90
20.35 20.34 20.30 20.29 20.23 20.23 20.27 20.27 20.27 20.27 20.24 20.24 20.15 20.15 20.22 20.22 20.22 20.22 20.22 20.14 20.14 20.14 20.14 20.16 20.16 20.16 20.16 20.16 20.16 99999.90 99999.90 99999.90 99999.90 99999.90 99999.90 99999.90 99999.90 99999.90 99999.90 99999.90 99999.90 99999.90 99999.90 99999.90 99999.90 99999.90 99999.90 99999.90 99999.90 99999.90 99999.90 99999.90 99999.90 99999.90 99999.90 99999.90 99999.90 99999.90 99999.90 99999.90 99999.90 99999.90 99999.90 99999.90 99999.90 99999.90 99999.90 99999.90 99999.90 99999.90 99999.90 99999.90 99999.90 99999.90 99999.90 99999.90 99999.90
20.31 20.30 20.27 20.13 19.81 20.27 20.27 20.27 19.92 20.24 20.24 20.15 20.15 20.15 20.22 20.22 20.22 20.22 20.14 20.14 20.14 20.14 20.16 20.16 20.16 20.16 20.16 20.16 20.16 20.15 99999.90 99999.90 99999.90 99999.90 99999.90 99999.90 99999.90 99999.90 99999.90 99999.90 99999.90 99999.90 99999.90 99999.90 99999.90 99999.90 99999.90 99999.90 99999.90 99999.90 99999.90 99999.90 99999.90 99999.90 99999.90 99999.90 99999.90 99999.90 99999.90 99999.90 99999.90 99999.90 99999.90 99999.90 99999.90 99999.90 99999.90 99999.90 99999.90 99999.90 99999.90 99999.90 99999.90 99999.90 99999.90 99999.90 99999.90
20.29 20.31 20.25 20.23 20.06 20.26 20.26 19.92 20.24 20.24 20.24 20.15 20.15 20.22 20.22 20.22 20.22 20.14 20.14 20.14 20.14 20.14 20.16 20.16 20.16 20.16 20.15 20.15 20.15 20.15 20.15 20.15 99999.90 99999.90 99999.90 99999.90 99999.90 99999.90 99999.90 99999.90 99999.90 99999.90 99999.90 99999.90 99999.90 99999.90 99999.90 99999.90 99999.90 99999.90 99999.90 99999.90 99999.90 99999.90 99999.90 99999.90 99999.90 99999.90 99999.90 99999.90 99999.90 99999.90 99999.90 99999.90 99999.90 99999.90 99999.90 99999.90 99999.90 99999.90 99999.90 99999.90 99999.90 99999.90 99999.90 99999.90 99999.90
20.28 20.28 20.26 20.26 20.20 20.25 19.92 19.92 20.24 20.24 20.15 20.15 20.15 20.22 20.22 20.22 20.22 20.14 20.14 20.14 20.14 20.16 20.16 20.16 20.16 20.15 20.15 20.15 20.15 20.15 20.15 20.15 99999.90 99999.90 99999.90 99999.90 99999.90 99999.90 99999.90 99999.90 99999.90 99999.90 99999.90 99999.90 99999.90 99999.90 99999.90 99999.90 99999.90 99999.90 99999.90 99999.90 99999.90 99999.90 99999.90 99999.90 99999.90 99999.90 99999.90 99999.90 99999.90 99999.90 99999.90 99999.90 99999.90 99999.90 99999.90 99999.90 99999.90 99999.90 99999.90 99999.90 99999.90 99999.90 99999.90 99999.90 99999.90
20.26 20.29 20.26 20.26 20.23 20.27 20.22 20.26 20.24 20.24 20.15 20.15 20.22 20.22 20.22 20.22 20.14 20.14 20.14 20.14 20.16 20.16 20.16 20.16 20.16 20.15 20.15 20.15 20.15 20.15 20.15 20.15 99999.90 99999.90 99999.90 99999.90 99999.90 99999.90 99999.90 99999.90 99999.90 99999.90 99999.90 99999.90 99999.90 99999.90 99999.90 99999.90 99999.90 99999.90 99999.90 99999.90 99999.90 99999.90 99999.90 99999.90 99999.90 99999.90 99999.90 99999.90 99999.90 99999.90 99999.90 99999.90 99999.90 99999.90 99999.90 99999.90 99999.90 99999.90 99999.90 99999.90 99999.90 99999.90 99999.90 99999.90 99999.90
20.24 20.27 20.26 20.23 20.25 20.25 20.23 20.21 20.15 20.22 20.15 20.15 20.22 20.22 20.22 20.20 20.14 20.14 20.14 20.14 20.16 20.16 20.16 20.16 20.15 20.15 20.15 20.15 20.15 20.10 20.10 20.10 20.04 20.04 20.04 20.04 20.04 20.04 20.04 20.04 20.04 20.04 20.04 20.04 20.04 99999.90 99999.90 99999.90 99999.90 99999.90 99999.90 99999.90 99999.90 99999.90 99999.90 99999.90 99999.90 99999.90 99999.90 99999.90 99999.90 99999.90 99999.90 99999.90 99999.90 99999.90 99999.90 99999.90 99999.90 99999.90 99999.90 99999.90 99999.90 99999.90 99999.90 99999.90 99999.90
