main/data/irradiance/22.02.2023.grid
ncols 839
nrows 679
xllcenter 112.0500
yllcenter -43.9500
cellsize 0.0500
nodata_value 99999.90
[rows 204 to 237 of 679, columns 308 to 384 of 839]
28.16 27.53 27.75 27.23 27.02 27.32 27.51 27.33 27.34 26.87 26.92 26.75 26.76 26.77 25.63 26.20 26.81 26.70 26.70 27.16 27.49 27.32 27.49 27.22 26.78 26.72 26.62 26.72 26.01 26.75 26.39 27.02 26.25 26.63 26.79 26.52 26.32 25.92 25.63 25.40 25.96 26.07 25.79 26.70 27.05 26.73 26.45 25.64 26.04 26.37 26.04 26.11 26.05 26.12 25.76 26.47 25.90 26.24 26.18 26.80 27.24 27.63 27.20 26.04 26.21 26.30 26.31 25.95 26.48 26.16 25.34 25.04 24.63 25.57 24.48 24.88 26.29
26.61 26.73 26.79 26.64 27.19 27.38 27.19 27.13 26.59 27.08 26.93 27.19 26.28 26.68 27.01 26.86 26.72 26.90 26.57 27.60 27.39 27.48 26.99 27.50 27.32 26.82 26.81 26.68 26.59 26.02 25.80 25.83 26.49 26.16 26.37 26.10 26.10 26.57 25.99 26.21 26.62 26.04 25.61 26.22 26.92 26.56 26.25 25.41 26.11 25.21 25.68 25.40 26.02 25.76 25.90 25.96 26.55 26.24 26.64 25.90 25.84 26.38 26.34 26.17 26.17 24.95 26.03 26.29 26.20 25.90 26.19 26.54 26.59 25.80 26.08 26.99 25.71
26.61 25.65 26.72 27.02 27.17 26.76 26.87 26.50 27.22 26.68 26.81 27.24 26.58 26.39 26.28 26.45 26.11 26.51 27.46 27.02 27.62 26.88 27.08 26.79 27.17 26.53 26.27 26.56 26.41 26.54 25.87 25.91 25.90 26.91 26.40 26.44 26.52 26.62 26.52 26.11 26.23 25.50 25.29 24.94 25.94 25.36 26.30 26.12 25.61 26.47 25.42 24.59 25.35 25.90 24.48 25.01 24.48 24.72 24.41 24.80 23.86 26.48 25.65 25.07 26.42 26.01 26.07 25.26 26.27 25.47 25.67 26.41 25.60 26.18 26.17 25.23 25.12
26.78 27.17 27.63 27.68 27.29 27.03 27.37 27.36 27.50 27.46 27.24 27.04 26.74 27.49 26.72 26.22 26.74 26.77 26.92 27.30 26.78 27.39 26.49 25.86 26.21 27.19 26.62 25.89 26.43 25.64 25.19 25.89 25.02 25.62 26.27 25.76 26.28 26.57 26.26 26.28 26.49 25.40 24.92 24.73 25.83 25.56 25.18 25.28 25.42 26.25 26.18 26.18 25.95 26.60 26.30 25.73 25.35 25.76 25.10 25.80 25.01 25.74 26.36 24.54 26.14 26.01 25.38 25.80 26.37 25.58 25.60 26.11 26.42 25.59 25.47 26.47 26.15
26.69 26.83 26.78 27.48 27.27 27.38 26.92 27.22 27.11 27.33 27.33 27.11 27.39 27.14 26.97 26.60 27.05 27.20 26.99 27.38 26.62 26.81 26.79 26.70 27.03 26.79 26.41 26.64 26.12 26.52 25.63 25.94 26.02 26.50 25.09 25.55 26.27 26.20 25.56 25.59 26.29 25.67 25.73 24.39 25.48 25.42 26.49 25.98 26.14 25.48 24.96 26.64 25.69 25.83 24.70 25.11 25.52 25.90 26.07 26.23 26.38 26.64 26.37 25.60 25.34 25.93 25.95 25.64 25.65 25.69 26.23 25.28 24.91 25.65 24.28 25.15 25.58
27.24 27.00 26.97 26.74 26.55 26.97 26.66 27.04 27.56 27.43 27.34 27.56 27.75 26.87 26.95 27.17 26.44 27.15 27.41 27.22 27.52 27.73 27.09 27.01 26.84 27.33 27.03 26.85 27.14 27.09 26.48 26.05 26.38 25.71 25.93 26.47 26.40 25.46 25.87 25.24 26.76 25.29 25.23 25.51 25.92 25.05 25.48 26.25 26.31 26.19 26.61 25.90 25.51 26.63 26.09 24.92 25.18 25.47 26.48 25.57 26.37 26.68 26.16 25.41 26.31 26.77 25.72 25.98 25.76 26.70 26.55 25.19 26.20 26.56 25.74 25.96 25.75
26.82 26.63 26.87 27.64 27.30 26.91 26.92 27.21 26.95 27.22 27.03 27.20 26.78 26.38 25.91 25.57 27.08 26.37 26.50 26.58 27.51 27.31 27.19 27.54 27.53 27.41 27.37 26.95 26.95 27.25 26.03 26.14 26.57 27.32 25.94 26.85 26.08 25.26 24.20 26.00 25.52 24.12 25.28 25.06 24.13 24.35 24.99 24.93 23.91 24.70 25.19 24.03 24.88 25.11 25.58 26.99 26.59 25.69 25.32 26.30 26.59 27.01 26.97 26.82 26.68 27.07 26.62 26.36 25.57 24.83 26.03 26.32 26.68 27.41 27.30 27.01 26.15
26.19 26.91 27.59 27.38 27.06 26.34 27.53 25.36 26.29 25.51 27.22 27.09 27.15 25.99 26.02 26.26 27.04 26.20 27.34 26.79 27.69 27.38 27.59 27.58 27.67 26.57 26.58 26.65 25.57 25.70 25.64 26.12 26.23 26.13 25.26 24.95 24.53 24.29 23.75 26.06 24.00 25.90 24.29 24.47 22.95 23.60 24.50 24.39 25.03 24.78 25.65 25.09 25.05 24.26 25.35 25.51 25.17 25.99 25.95 25.97 26.18 26.05 26.44 25.99 25.13 25.86 25.79 26.17 26.05 26.78 26.78 26.54 26.07 26.63 26.22 26.48 26.75
26.14 26.46 27.27 26.73 26.67 25.75 26.85 26.35 26.81 26.84 26.84 27.22 27.42 27.01 26.82 26.70 26.35 26.77 27.01 27.24 27.18 27.21 27.21 26.71 26.77 26.47 26.44 25.76 24.05 25.52 25.25 25.71 24.65 26.02 24.99 24.60 24.92 25.23 25.36 26.49 25.97 26.38 25.74 25.74 24.31 24.65 24.25 26.09 24.98 24.26 24.69 24.95 26.45 25.55 25.63 24.11 25.57 25.20 24.72 24.39 25.02 24.94 24.69 23.83 25.77 25.54 25.75 25.86 25.44 25.07 25.44 26.23 25.55 25.94 26.62 26.99 26.00
25.94 25.67 25.46 26.43 26.43 26.92 26.58 26.31 27.08 26.50 26.69 26.98 27.35 27.14 27.75 27.08 26.76 27.26 27.04 26.74 26.72 26.46 26.38 26.53 26.96 26.13 25.14 25.73 25.95 24.71 24.86 25.38 26.03 25.95 26.00 25.38 25.16 25.03 24.48 26.82 25.45 24.99 24.01 24.56 23.97 25.31 24.14 25.47 24.72 24.46 24.58 24.09 24.53 26.13 24.94 22.15 24.38 24.83 22.84 25.03 25.73 25.86 24.77 26.01 26.32 25.90 25.51 26.16 26.39 25.50 26.33 26.77 25.91 26.29 25.62 25.21 25.50
25.47 25.97 26.03 26.75 26.34 27.02 27.09 27.10 27.46 27.30 27.26 27.29 27.49 27.28 26.93 27.22 27.07 26.79 27.46 26.16 26.12 25.26 26.63 26.57 25.71 25.39 25.55 25.76 25.95 25.89 26.50 26.27 26.10 26.83 25.73 26.22 25.17 25.87 25.40 25.94 26.11 26.19 25.54 25.44 25.30 25.40 25.61 25.11 24.86 24.65 24.24 25.41 26.08 26.49 25.69 24.69 26.01 24.70 23.75 26.71 25.31 26.39 26.19 24.45 24.20 24.86 24.59 25.90 26.41 26.82 25.72 24.66 25.32 24.16 24.34 24.84 26.15
26.75 27.08 26.91 27.47 27.15 27.44 27.57 26.67 27.79 27.52 27.03 27.36 27.01 26.53 26.86 27.38 27.05 27.21 27.12 26.49 26.89 25.83 25.80 25.93 26.17 26.55 25.74 26.45 27.24 26.71 27.29 26.39 26.37 25.48 25.64 26.33 25.66 26.75 26.97 27.00 26.77 26.35 26.06 26.40 26.33 26.75 26.70 25.92 26.21 25.73 26.12 26.16 26.33 25.47 25.01 25.35 26.01 26.36 25.63 25.96 23.10 23.70 25.48 23.96 25.06 24.60 25.16 24.74 23.64 23.59 24.29 24.82 24.77 24.88 25.96 25.74 24.80
27.61 27.44 27.65 27.60 27.24 27.31 27.25 27.16 27.43 27.53 27.38 27.81 27.45 27.59 26.94 27.31 26.40 26.68 26.97 27.02 27.55 26.87 26.79 26.19 26.53 26.73 26.62 26.65 26.17 26.35 26.09 25.45 26.37 26.54 26.15 26.98 26.85 27.14 26.16 26.56 26.39 26.73 25.72 27.55 26.74 26.95 27.56 26.34 27.13 26.63 26.18 26.55 26.67 26.05 24.94 25.29 25.43 25.23 24.94 26.24 24.95 23.48 24.89 24.79 24.43 22.95 23.54 22.63 23.71 25.10 24.66 25.25 24.61 24.58 23.36 24.49 23.30
27.48 27.01 27.28 27.64 27.73 27.10 27.27 27.42 27.74 27.81 27.68 27.43 27.55 27.62 27.75 27.70 27.79 27.26 27.79 26.75 27.25 27.45 27.22 26.16 26.70 26.67 26.57 26.39 26.64 26.44 26.42 26.66 26.61 26.61 26.87 27.33 27.45 26.90 26.72 26.65 26.72 27.35 26.98 27.28 26.35 27.13 25.97 25.89 25.63 26.13 24.92 25.17 25.17 24.57 25.14 26.29 26.60 26.67 27.09 27.27 26.22 25.44 25.51 25.07 25.09 25.51 25.34 25.04 25.18 25.13 25.99 24.26 23.57 25.20 24.90 25.35 25.48
27.36 27.52 27.56 27.75 27.82 27.49 27.46 27.20 27.64 27.50 27.61 27.26 27.76 27.42 27.61 27.12 27.19 27.53 27.23 27.26 27.24 27.33 27.57 26.92 27.03 26.64 26.84 27.26 27.30 27.36 27.34 27.01 26.93 27.04 27.75 27.87 27.60 27.03 27.56 27.31 26.70 27.18 26.73 26.49 26.92 26.77 25.84 26.15 26.62 26.62 26.33 26.10 24.31 25.40 25.51 24.54 25.10 25.63 23.75 23.85 24.71 23.40 23.50 24.11 24.09 22.47 24.73 22.44 24.21 24.02 25.20 24.36 24.57 25.78 24.97 25.36 25.56
27.33 27.57 27.30 27.03 27.45 27.02 27.57 26.86 27.49 27.73 27.65 27.36 27.53 27.39 27.37 27.35 27.60 27.41 27.85 27.55 27.50 27.74 27.35 27.17 26.69 27.03 26.95 27.58 27.92 27.78 27.38 27.04 26.84 27.58 27.70 26.95 26.89 27.40 25.94 25.69 26.34 25.88 26.52 26.16 26.40 25.77 25.67 26.30 25.96 26.31 26.24 25.09 25.66 26.12 24.83 25.50 24.18 24.53 23.11 24.35 23.94 25.75 25.84 25.88 25.84 24.93 25.65 24.84 25.14 25.49 26.58 26.53 25.94 26.92 26.86 25.37 25.48
27.31 26.63 27.48 27.32 27.34 27.07 27.48 27.08 26.92 27.06 27.19 26.89 27.00 26.95 27.27 27.14 27.36 27.68 27.23 27.33 27.19 27.18 27.61 27.29 27.33 27.42 27.30 27.27 27.63 27.48 27.45 25.80 25.38 27.44 27.22 26.49 26.42 26.68 25.25 24.69 25.82 25.32 25.40 25.55 25.64 24.98 24.42 25.63 25.69 25.81 27.28 26.16 25.82 25.51 24.80 24.70 24.89 25.45 24.38 24.85 24.87 25.11 25.21 25.70 26.50 26.46 26.52 26.98 27.42 27.00 26.51 26.76 26.27 26.70 25.75 26.20 25.94
26.46 26.71 26.47 26.58 26.85 26.79 26.40 26.96 26.56 27.14 26.99 27.27 27.82 27.49 27.35 27.53 27.37 27.56 27.46 27.78 27.29 27.12 27.63 27.50 27.40 27.26 26.90 25.78 26.66 27.62 27.72 26.43 26.38 26.49 26.03 25.68 25.82 26.25 25.26 25.43 25.57 26.18 26.16 25.27 25.83 25.84 25.25 25.44 23.75 24.88 26.56 24.37 25.28 25.04 24.37 23.24 25.59 25.56 25.19 25.46 24.98 24.94 24.28 25.38 25.94 26.59 26.15 26.44 26.54 24.95 26.46 26.11 25.23 25.76 25.78 25.83 26.23
27.41 27.42 27.09 27.39 26.70 27.25 27.04 27.25 27.28 27.40 26.75 27.79 27.55 27.84 27.58 27.73 27.70 27.71 27.40 27.66 27.43 27.01 27.48 27.53 27.81 27.49 27.05 27.19 27.89 27.74 27.41 26.29 26.30 26.47 26.11 26.12 25.94 25.62 25.73 26.50 24.63 26.42 24.66 25.64 24.52 26.36 26.65 26.09 25.09 25.68 26.38 23.71 25.49 24.39 23.14 22.26 24.21 23.69 26.07 25.86 25.74 25.39 25.11 25.28 25.71 24.57 26.30 25.97 25.60 26.66 26.34 25.90 26.03 26.36 26.60 26.77 26.58
27.42 27.48 27.06 27.20 27.20 27.37 27.07 27.49 27.77 27.67 27.72 27.95 27.81 27.56 27.82 27.69 28.04 27.43 27.84 27.30 27.74 27.02 27.50 27.25 26.99 27.69 27.37 26.42 26.60 26.89 26.88 25.77 26.90 26.40 27.11 26.30 26.24 26.06 25.54 26.71 25.48 24.97 24.82 25.79 25.78 25.48 25.87 25.32 23.70 25.91 24.85 24.46 26.08 25.39 24.84 21.60 24.58 22.95 24.61 26.41 26.03 25.81 25.63 23.73 25.48 24.41 24.60 25.66 25.14 25.72 25.25 25.90 25.26 26.05 24.51 26.40 25.67
27.42 26.97 26.74 27.16 27.37 27.05 27.61 27.51 27.63 27.72 27.54 27.40 27.54 27.53 27.60 27.30 27.49 26.63 27.56 26.85 27.07 26.76 27.51 26.69 25.89 26.33 27.73 25.47 25.94 24.81 25.31 26.03 25.88 26.31 26.19 26.11 25.75 24.66 26.31 26.44 24.49 24.57 25.58 24.07 24.39 25.43 25.87 25.84 23.63 25.29 24.78 25.36 25.55 25.20 26.20 24.26 24.40 25.66 25.48 26.17 25.08 25.03 24.03 24.22 25.63 24.54 24.91 25.16 25.39 23.84 25.00 24.54 25.23 26.19 26.00 25.39 23.99
27.22 26.87 27.26 27.23 27.41 27.39 27.23 27.20 27.80 27.95 27.67 27.67 27.11 27.35 27.25 26.93 27.37 26.29 27.33 26.01 25.18 26.74 27.45 26.31 25.55 25.50 25.87 26.45 25.84 24.47 24.23 25.89 24.67 26.83 25.28 26.41 26.05 24.37 25.59 25.73 25.42 25.09 24.34 24.24 23.91 25.16 24.71 25.20 23.60 23.50 23.09 23.95 25.03 24.24 25.12 23.44 25.99 25.33 23.72 25.59 24.96 26.43 24.46 24.45 25.04 24.95 24.56 26.23 25.71 25.62 24.97 24.73 24.74 25.88 25.50 26.24 24.84
26.85 27.26 27.50 26.93 27.31 27.08 27.37 27.61 27.87 27.48 27.66 27.60 27.45 26.35 26.90 27.44 25.61 26.19 26.86 26.16 26.40 26.23 26.86 25.92 25.73 26.07 25.59 27.30 26.35 26.71 24.34 26.97 25.26 26.28 25.66 26.59 25.31 24.15 25.63 25.47 26.10 24.09 23.60 23.51 22.25 23.60 24.51 23.57 23.68 24.60 24.07 23.97 25.42 24.28 24.28 24.70 25.00 23.94 22.94 25.95 25.48 24.46 24.13 25.46 24.77 24.53 25.06 25.52 26.03 25.29 26.68 24.13 24.66 25.12 24.69 24.41 24.83
26.72 27.19 27.40 26.92 26.57 26.78 27.14 26.98 26.69 27.01 27.21 26.94 27.70 27.10 27.54 27.69 27.21 26.35 26.14 27.72 27.75 25.95 26.61 24.74 26.26 25.82 25.69 26.55 24.67 26.44 24.16 26.35 24.68 26.81 25.83 26.91 26.36 25.08 25.56 24.56 24.58 25.85 23.97 24.51 23.38 23.36 24.76 24.70 24.94 24.99 25.49 24.62 22.99 24.20 25.20 23.45 24.90 25.29 23.47 23.49 25.80 26.26 25.85 25.55 25.25 24.52 25.49 26.49 26.39 26.26 26.22 25.33 25.46 24.53 25.10 25.73 25.98
26.77 26.66 27.01 27.24 26.87 26.69 26.84 27.20 26.90 26.85 27.33 27.67 27.45 27.71 28.01 28.10 27.87 27.30 27.15 27.67 27.70 26.13 26.37 26.49 26.48 27.27 26.66 26.42 26.38 24.94 24.93 25.75 24.93 25.44 24.40 25.13 25.58 23.87 24.81 24.40 24.68 25.59 25.34 25.00 23.76 25.09 23.88 24.80 25.64 25.00 25.87 25.06 23.74 23.81 22.89 24.60 25.54 25.55 24.18 25.99 25.07 24.79 24.98 24.96 25.21 24.83 24.67 23.79 24.51 24.41 23.77 22.61 23.76 23.99 25.09 24.69 24.71
26.95 27.23 27.51 27.40 26.87 27.09 26.91 27.84 27.36 27.56 27.89 28.02 27.88 27.76 27.91 27.89 27.47 27.17 26.12 26.00 25.66 26.23 24.93 26.20 26.92 27.36 24.59 24.72 25.55 25.68 26.84 25.93 25.62 25.79 26.27 26.76 25.14 25.42 25.29 23.99 24.12 25.53 25.51 25.61 25.79 25.63 24.81 23.66 25.61 26.11 25.00 25.60 25.11 24.67 23.50 25.52 26.61 25.73 25.16 26.85 24.99 25.35 25.14 23.80 25.27 25.61 25.37 25.23 23.62 23.13 23.14 23.40 24.43 24.21 26.39 26.38 24.74
26.81 26.90 27.22 27.60 27.55 27.42 27.40 27.53 27.86 28.03 27.83 27.99 27.34 27.84 27.97 27.37 27.69 26.94 27.39 26.73 26.57 26.42 27.04 26.01 26.25 25.63 25.60 25.17 25.86 24.73 24.77 26.01 25.84 25.39 25.92 26.21 25.88 25.43 25.87 24.85 26.15 26.28 26.38 25.54 26.23 26.40 25.87 25.03 25.94 24.82 25.94 26.57 26.18 25.17 26.02 26.00 25.42 25.66 25.69 25.36 25.67 24.75 25.71 23.88 22.58 25.57 24.07 23.25 25.09 22.43 22.44 24.63 25.31 22.62 25.00 25.53 23.76
26.94 27.32 27.10 26.86 26.64 26.73 27.06 27.13 27.32 27.54 26.90 26.81 26.91 27.00 26.40 26.96 26.82 26.31 25.65 26.24 24.88 24.77 24.96 25.12 26.05 24.70 24.70 25.46 24.32 24.24 24.75 26.02 26.53 26.50 25.70 25.46 26.41 25.60 26.87 26.68 26.85 27.15 26.16 26.16 25.66 25.43 25.71 26.53 25.05 24.73 27.05 25.58 26.38 26.04 24.87 25.65 24.86 25.19 26.58 24.83 25.75 26.11 25.15 24.37 24.51 25.24 22.50 24.63 25.97 24.50 23.56 24.49 24.63 23.59 25.18 26.43 24.62
26.92 26.64 26.98 27.44 26.85 26.72 26.54 26.51 26.97 26.46 25.20 26.07 25.79 25.20 26.17 25.74 25.53 24.35 24.50 25.89 25.27 26.19 24.19 24.04 24.00 24.48 23.54 24.42 26.15 25.57 25.64 25.63 26.26 26.32 26.28 25.39 24.70 26.82 25.65 25.94 25.40 26.07 24.76 25.58 26.42 25.86 27.06 26.69 25.54 25.43 25.84 26.74 26.57 25.64 25.73 26.41 25.56 26.05 26.27 26.40 25.34 26.12 25.78 25.39 25.56 25.20 24.26 24.91 25.16 26.21 25.14 25.76 25.75 25.05 25.93 25.80 25.47
26.74 27.00 26.92 26.82 26.73 26.01 25.18 25.84 26.67 26.77 25.45 24.69 26.05 25.34 25.30 25.96 24.86 24.64 24.08 24.10 25.53 25.46 24.15 23.75 23.51 25.23 24.45 24.85 26.07 26.25 24.79 25.75 25.53 26.69 26.29 26.47 25.60 26.47 26.60 25.36 25.84 26.22 26.23 25.97 26.23 26.36 26.23 26.55 27.13 26.39 26.03 25.73 24.82 25.22 26.22 26.26 26.09 26.66 24.92 25.47 26.25 25.58 24.82 26.31 24.68 24.94 26.11 25.72 26.56 25.80 25.71 25.52 26.40 25.34 25.63 24.95 26.07
26.08 25.45 26.03 25.77 26.30 25.86 25.33 25.86 25.05 26.17 26.24 24.58 26.82 24.84 25.85 25.68 24.87 24.01 24.65 23.90 25.06 25.10 24.65 25.60 25.15 24.93 24.13 25.97 25.82 25.81 24.34 25.03 25.23 26.88 25.10 26.27 25.48 26.11 25.14 25.53 26.34 26.44 26.20 26.30 26.75 26.33 26.27 25.18 25.82 26.43 26.10 25.48 26.53 26.20 26.09 26.92 26.57 25.97 25.99 26.68 25.66 25.54 26.90 26.29 26.91 26.58 26.66 26.18 26.74 26.87 27.04 26.93 26.45 26.46 26.70 25.96 27.12
26.58 26.32 25.19 24.40 25.45 25.98 25.70 25.28 24.56 24.14 23.89 25.02 26.29 24.74 26.31 25.46 24.71 23.49 23.77 24.39 25.38 24.88 25.34 25.36 25.52 25.08 24.83 25.42 25.42 26.28 25.78 25.55 23.43 26.66 26.28 26.37 25.61 25.30 26.12 25.97 25.47 24.99 25.21 25.96 25.85 25.09 26.02 26.30 26.21 26.19 26.59 25.90 26.15 26.41 26.71 26.78 26.12 26.42 26.38 26.26 26.86 26.93 25.84 27.20 26.84 26.70 25.97 26.08 27.02 26.96 26.94 26.75 27.42 26.48 26.76 27.01 26.91
25.50 26.57 25.21 24.59 23.85 25.35 25.94 26.10 24.93 26.67 23.84 24.11 25.89 24.75 24.49 25.04 25.11 26.16 24.09 23.58 23.91 25.71 26.10 26.26 24.78 25.04 25.56 26.16 25.89 25.98 25.24 26.48 25.68 26.10 25.51 26.43 25.15 25.61 25.18 24.99 23.44 24.90 24.21 25.37 25.06 25.67 24.70 24.97 25.58 24.09 25.55 25.39 26.29 26.63 25.66 25.92 26.48 26.25 26.24 27.06 27.29 26.67 26.88 27.57 26.70 26.93 26.94 27.30 27.43 27.21 27.13 27.47 26.35 26.75 27.08 26.82 26.83
24.62 26.22 25.95 25.69 25.10 25.71 26.80 26.00 26.34 26.98 25.74 24.25 25.10 25.63 25.71 24.75 26.03 24.55 25.48 23.80 23.76 25.24 26.44 26.06 26.01 24.80 24.57 25.39 25.28 25.28 24.97 26.57 26.55 24.35 25.21 24.72 25.52 25.35 25.33 24.87 24.97 24.97 25.97 26.19 24.34 25.85 24.14 23.74 24.44 25.92 25.68 26.33 25.53 25.54 24.88 24.95 24.85 25.19 25.85 26.01 26.34 26.85 26.14 26.97 26.78 26.59 26.40 27.28 27.32 26.48 25.86 26.46 26.75 27.06 25.26 24.42 26.15
