main/data/irradiance/22.04.2023.grid
ncols 839
nrows 679
xllcenter 112.0500
yllcenter -43.9500
cellsize 0.0500
nodata_value 99999.90
[rows 204 to 237 of 679, columns 539 to 615 of 839]
20.99 21.04 21.06 21.06 21.05 21.05 21.03 21.02 21.02 21.03 21.04 21.02 21.03 21.03 21.02 21.00 21.01 21.02 21.02 20.97 21.03 21.05 21.05 21.05 21.04 21.06 21.06 20.97 20.99 20.94 20.88 20.93 20.91 20.75 20.69 20.57 20.81 20.91 20.91 20.90 20.90 20.98 20.94 21.07 20.94 20.59 20.36 20.60 20.69 20.44 20.58 20.22 20.37 20.75 20.66 20.64 20.67 20.45 20.34 20.30 20.49 20.27 20.30 20.31 20.09 19.96 19.95 19.96 19.78 19.67 20.07 20.22 20.23 20.47 20.43 20.38 20.61
21.05 21.04 21.04 21.05 21.06 21.04 21.03 21.03 21.04 21.05 21.04 21.01 21.00 21.00 21.00 20.99 21.01 21.02 21.01 20.98 21.02 21.03 21.03 21.04 21.05 21.04 21.04 21.02 20.93 20.93 20.94 20.93 20.97 20.78 20.71 20.54 20.70 20.90 20.90 20.93 20.95 20.90 20.70 20.87 20.99 20.46 20.43 20.38 20.51 20.41 20.50 20.53 20.35 20.68 20.69 20.53 20.59 20.56 20.35 20.35 20.36 20.16 19.91 20.02 19.78 20.03 20.06 19.38 19.39 19.35 19.49 19.70 19.85 20.31 20.63 20.71 20.68
21.01 21.00 21.01 21.02 21.03 21.03 21.03 21.01 21.01 21.00 20.99 20.93 20.94 20.95 20.94 20.97 20.97 20.98 20.99 20.95 20.92 21.00 21.02 21.00 21.01 21.02 20.99 20.94 20.94 20.92 20.93 20.90 20.88 20.75 20.52 20.59 20.65 20.92 20.97 20.91 20.60 20.48 20.49 20.77 20.52 20.81 20.32 20.08 20.25 20.19 20.36 20.40 20.48 20.54 20.61 20.47 20.40 20.54 20.33 20.29 20.12 20.15 20.10 20.00 20.04 20.05 19.81 19.30 19.34 19.09 19.09 19.15 19.56 19.79 20.49 20.70 20.64
21.00 21.00 20.99 20.99 21.00 21.02 21.01 21.00 21.00 20.95 21.00 20.97 20.94 20.95 20.94 20.96 20.96 20.94 20.97 20.93 20.95 20.99 21.02 20.97 20.96 20.96 20.98 20.96 20.89 20.88 20.83 20.95 20.87 20.81 20.49 20.43 20.63 20.95 20.96 20.77 20.50 20.66 20.33 20.58 20.36 20.61 20.67 20.46 20.24 20.15 20.22 20.27 20.68 20.60 20.47 20.57 20.45 20.38 20.28 20.32 20.25 20.12 20.24 20.24 20.26 19.81 19.55 19.38 19.19 19.13 19.20 19.23 19.11 19.37 20.33 20.61 20.64
20.97 20.97 20.98 20.97 20.97 20.99 20.99 21.01 20.98 20.90 20.97 20.95 20.95 20.94 20.94 20.95 20.95 20.94 20.95 20.94 20.98 20.97 20.96 20.95 20.93 20.94 20.94 20.86 20.86 20.77 20.78 20.66 20.64 20.70 20.63 20.36 20.60 20.78 20.79 20.82 20.67 20.46 20.28 20.38 20.73 20.46 20.03 20.36 20.68 20.28 20.20 20.29 20.29 20.50 20.49 20.42 20.42 20.34 20.28 20.30 20.32 20.07 20.30 20.37 20.40 19.88 19.62 19.51 19.24 18.98 19.02 19.09 19.03 19.12 20.12 20.29 20.40
20.96 20.98 20.98 20.97 20.95 20.97 20.98 20.99 21.01 20.96 20.95 20.94 20.93 20.95 20.96 20.97 20.95 20.93 20.95 20.96 20.97 20.96 20.93 20.95 20.95 20.93 20.90 20.82 20.74 20.65 20.64 20.70 20.68 20.50 20.52 20.62 20.72 20.87 20.76 20.69 20.25 20.40 20.13 20.10 20.32 20.73 19.98 20.20 20.28 20.65 20.39 19.88 19.97 20.36 20.50 20.32 20.25 20.14 20.41 20.46 20.53 20.52 20.31 20.33 20.32 20.04 19.91 19.39 19.18 19.44 19.34 19.41 19.53 19.72 19.62 20.00 20.10
20.92 20.96 20.94 20.97 20.95 20.95 20.96 20.95 21.00 20.97 20.93 20.94 20.92 20.92 20.91 20.94 20.92 20.93 20.91 20.93 20.93 20.93 20.92 20.94 20.93 20.89 20.82 20.85 20.75 20.71 20.74 20.81 20.48 20.58 20.72 20.58 20.67 20.76 20.61 20.44 20.44 20.29 20.12 20.17 20.26 20.57 20.53 20.37 20.16 20.14 20.49 20.22 20.09 20.19 20.44 20.33 20.30 20.39 20.36 20.40 20.39 20.37 20.47 20.29 19.97 20.17 20.05 19.51 19.75 19.78 19.59 19.54 19.65 19.67 19.77 19.48 19.84
20.90 20.92 20.94 20.94 20.95 20.95 20.97 20.95 20.95 20.98 20.96 20.91 20.88 20.89 20.89 20.92 20.91 20.91 20.91 20.92 20.92 20.92 20.91 20.92 20.93 20.89 20.87 20.90 20.86 20.69 20.82 20.75 20.77 20.68 20.65 20.53 20.47 20.39 20.56 20.30 20.27 20.12 20.29 20.21 20.33 20.31 20.27 20.38 20.57 19.98 20.30 20.27 20.09 20.17 20.27 20.24 20.36 20.40 20.32 20.25 20.25 20.35 20.28 20.45 20.13 19.62 19.69 19.87 20.19 20.26 19.96 19.97 19.54 19.57 19.50 19.49 19.50
20.93 20.93 20.93 20.94 20.92 20.88 20.92 20.97 20.93 20.94 20.91 20.88 20.84 20.84 20.89 20.89 20.87 20.88 20.90 20.90 20.90 20.88 20.90 20.89 20.91 20.89 20.88 20.87 20.84 20.80 20.78 20.56 20.64 20.77 20.78 20.57 20.53 20.55 20.48 20.32 20.27 20.18 20.31 20.42 20.19 20.06 19.97 20.13 20.38 20.50 20.26 20.52 20.15 20.10 20.04 20.23 20.42 20.50 20.45 20.16 20.05 20.29 20.03 20.30 20.28 20.05 19.84 19.74 19.67 19.87 19.48 19.87 20.06 20.17 20.27 19.74 19.73
20.89 20.92 20.93 20.92 20.91 20.91 20.90 20.93 20.91 20.96 20.88 20.87 20.84 20.86 20.86 20.88 20.87 20.88 20.88 20.87 20.87 20.84 20.88 20.87 20.86 20.85 20.88 20.87 20.86 20.83 20.68 20.70 20.80 20.84 20.69 20.59 20.56 20.44 20.44 20.41 20.34 20.62 20.57 20.45 20.31 20.22 19.92 19.96 19.93 20.22 20.19 20.43 20.25 20.18 20.03 20.22 20.37 20.44 20.28 20.20 20.53 20.36 20.13 20.22 20.25 20.17 20.03 20.05 20.07 19.99 19.69 19.76 19.65 19.71 19.95 19.88 19.70
20.84 20.88 20.92 20.90 20.90 20.89 20.89 20.82 20.91 20.97 20.87 20.85 20.86 20.86 20.83 20.86 20.86 20.85 20.86 20.85 20.84 20.82 20.86 20.85 20.85 20.85 20.83 20.85 20.81 20.83 20.83 20.76 20.82 20.82 20.80 20.77 20.73 20.69 20.56 20.51 20.57 20.54 20.24 20.35 20.29 20.24 20.01 19.86 20.07 20.18 20.44 20.36 20.42 20.24 20.02 20.14 20.30 20.25 20.29 20.41 20.86 20.41 20.23 19.92 20.04 20.17 20.30 20.57 19.85 19.84 19.78 19.91 19.69 19.92 19.79 19.68 19.37
20.87 20.89 20.89 20.85 20.90 20.89 20.88 20.83 20.89 20.90 20.87 20.86 20.86 20.84 20.83 20.83 20.84 20.85 20.83 20.81 20.84 20.82 20.84 20.84 20.83 20.87 20.86 20.83 20.82 20.80 20.80 20.75 20.84 20.84 20.81 20.72 20.78 20.65 20.44 20.25 20.29 20.26 20.27 20.33 20.45 20.35 20.26 20.19 20.10 20.38 20.26 20.13 20.21 20.44 20.38 20.35 20.32 20.26 20.36 20.45 20.42 20.41 20.42 20.25 20.16 20.28 20.31 20.37 20.10 19.96 19.87 20.20 20.14 19.81 19.60 19.70 19.39
20.80 20.88 20.90 20.93 20.89 20.90 20.87 20.86 20.86 20.85 20.85 20.85 20.85 20.83 20.84 20.84 20.80 20.80 20.79 20.79 20.82 20.81 20.81 20.82 20.82 20.83 20.83 20.82 20.81 20.81 20.75 20.78 20.82 20.83 20.82 20.79 20.74 20.73 20.53 20.37 20.43 20.37 20.24 20.26 20.36 20.20 20.20 20.21 20.11 20.12 20.33 20.20 20.15 20.47 20.21 20.47 20.39 20.18 20.25 20.32 20.42 20.46 20.45 20.31 20.36 20.34 20.23 20.31 20.03 19.93 19.84 19.87 19.70 19.41 19.37 19.46 19.64
20.75 20.82 20.81 20.84 20.86 20.87 20.85 20.83 20.82 20.84 20.83 20.84 20.84 20.84 20.85 20.84 20.83 20.82 20.81 20.79 20.79 20.80 20.83 20.82 20.83 20.82 20.81 20.80 20.80 20.78 20.79 20.80 20.82 20.81 20.79 20.81 20.81 20.63 20.57 20.28 20.48 20.49 20.38 20.55 20.47 20.26 20.17 20.20 20.06 20.23 20.33 20.31 20.34 20.63 20.35 20.46 20.46 20.23 20.15 20.21 20.38 20.40 20.46 20.58 20.40 20.33 20.31 20.26 20.56 19.87 19.46 19.39 19.59 19.48 19.43 19.46 19.69
20.78 20.78 20.81 20.81 20.81 20.83 20.79 20.82 20.83 20.84 20.81 20.81 20.81 20.80 20.79 20.81 20.82 20.79 20.79 20.80 20.77 20.79 20.80 20.79 20.81 20.80 20.80 20.78 20.78 20.79 20.78 20.78 20.76 20.75 20.77 20.79 20.78 20.76 20.75 20.64 20.63 20.54 20.46 20.55 20.65 20.42 20.21 20.16 20.17 20.15 20.29 20.23 20.35 20.40 20.57 20.45 20.52 20.21 20.15 20.18 20.03 20.38 20.39 20.44 20.38 20.31 20.32 20.26 20.76 19.79 19.28 19.51 19.46 19.28 19.48 19.55 19.61
20.74 20.76 20.81 20.77 20.78 20.70 20.74 20.79 20.80 20.81 20.80 20.79 20.78 20.79 20.78 20.80 20.80 20.79 20.78 20.78 20.77 20.78 20.74 20.78 20.78 20.77 20.78 20.75 20.75 20.76 20.76 20.74 20.74 20.68 20.71 20.76 20.73 20.74 20.73 20.78 20.69 20.59 20.68 20.72 20.52 20.30 20.25 20.16 20.40 20.15 20.33 20.39 20.39 20.37 20.31 20.40 20.19 20.32 20.10 20.15 20.12 20.20 20.43 20.22 20.29 20.39 20.36 20.31 20.44 20.21 19.51 19.48 19.36 19.35 19.64 19.51 19.47
20.65 20.70 20.73 20.75 20.70 20.60 20.70 20.72 20.73 20.76 20.78 20.79 20.79 20.81 20.79 20.78 20.79 20.78 20.76 20.71 20.75 20.78 20.77 20.75 20.71 20.68 20.75 20.77 20.75 20.73 20.76 20.72 20.74 20.63 20.68 20.72 20.67 20.72 20.69 20.56 20.60 20.52 20.52 20.75 20.64 20.40 20.06 20.23 20.36 20.24 20.17 20.32 20.38 20.22 20.15 20.24 20.17 20.40 20.26 20.26 20.09 20.16 20.37 20.24 20.11 20.24 20.25 20.24 20.27 20.53 19.85 19.61 19.54 19.47 19.49 19.50 19.36
20.53 20.61 20.56 20.68 20.66 20.62 20.61 20.66 20.71 20.73 20.75 20.78 20.77 20.78 20.77 20.76 20.76 20.75 20.72 20.71 20.73 20.73 20.75 20.71 20.64 20.71 20.73 20.75 20.70 20.70 20.71 20.69 20.71 20.65 20.70 20.71 20.67 20.68 20.66 20.59 20.59 20.65 20.65 20.65 20.37 20.08 20.05 20.25 20.25 20.21 20.06 20.14 20.38 20.30 20.07 19.99 19.96 20.12 20.30 20.21 20.09 19.96 19.95 20.05 20.06 20.29 20.36 20.34 20.36 20.29 20.13 19.75 19.59 19.53 19.54 19.45 19.78
20.32 20.12 20.35 20.62 20.59 20.63 20.64 20.63 20.69 20.72 20.73 20.75 20.75 20.76 20.74 20.70 20.73 20.71 20.71 20.70 20.71 20.69 20.67 20.69 20.57 20.61 20.71 20.71 20.70 20.70 20.64 20.63 20.69 20.66 20.69 20.72 20.69 20.63 20.64 20.60 20.48 20.42 20.46 20.26 20.17 19.96 20.15 20.18 20.19 20.17 20.25 20.26 20.31 20.40 20.09 20.22 20.40 20.13 20.42 20.45 20.21 20.11 20.07 20.04 20.21 20.35 20.30 20.51 20.36 20.54 20.31 20.01 19.86 19.51 19.42 19.48 19.85
20.50 20.50 20.42 20.50 20.54 20.59 20.61 20.68 20.66 20.68 20.69 20.68 20.66 20.71 20.70 20.71 20.70 20.70 20.69 20.68 20.64 20.63 20.65 20.65 20.58 20.54 20.63 20.62 20.70 20.65 20.61 20.59 20.63 20.64 20.68 20.70 20.67 20.66 20.63 20.53 20.34 20.28 20.24 20.33 20.05 19.97 20.17 20.15 20.09 20.26 20.37 20.20 20.20 20.17 20.23 20.28 20.37 20.33 20.38 20.55 20.26 20.15 20.18 20.06 20.39 20.39 20.29 20.31 20.18 20.11 20.24 19.78 19.82 19.73 19.56 19.41 19.69
20.51 20.36 20.21 20.59 20.60 20.51 20.51 20.60 20.65 20.69 20.69 20.69 20.62 20.67 20.65 20.70 20.67 20.67 20.67 20.64 20.61 20.55 20.69 20.67 20.53 20.55 20.63 20.66 20.66 20.66 20.65 20.61 20.64 20.63 20.64 20.65 20.66 20.69 20.69 20.56 20.41 20.46 20.29 20.27 20.20 20.12 20.28 20.17 20.22 20.30 20.35 20.21 20.28 20.18 20.03 20.19 20.47 20.44 20.51 20.47 20.54 20.43 20.44 20.50 20.68 20.48 20.32 20.01 19.96 20.03 20.10 19.80 19.82 19.72 19.79 19.89 20.03
20.24 20.09 20.23 20.45 20.67 20.54 20.55 20.58 20.65 20.65 20.67 20.66 20.66 20.65 20.62 20.65 20.63 20.63 20.63 20.64 20.62 20.63 20.70 20.70 20.63 20.58 20.53 20.62 20.67 20.58 20.58 20.60 20.60 20.68 20.65 20.64 20.63 20.68 20.67 20.59 20.61 20.49 20.14 20.11 20.04 20.17 20.21 20.31 20.33 20.30 20.33 20.23 20.26 20.25 20.15 20.19 20.52 20.53 20.48 20.45 20.45 20.41 20.29 20.39 20.62 20.59 20.53 20.31 20.63 20.45 20.04 19.62 19.69 19.75 19.92 20.21 20.08
20.12 20.02 20.37 20.59 20.58 20.56 20.51 20.61 20.65 20.64 20.64 20.63 20.64 20.66 20.63 20.62 20.63 20.59 20.55 20.56 20.59 20.62 20.68 20.67 20.59 20.58 20.53 20.52 20.59 20.57 20.52 20.46 20.54 20.65 20.64 20.62 20.65 20.68 20.67 20.58 20.50 20.43 20.20 20.07 20.16 20.25 20.44 20.33 20.40 20.17 20.36 20.13 20.13 20.23 20.25 20.30 20.49 20.38 20.46 20.37 20.10 20.29 20.17 20.44 20.53 20.48 20.57 20.65 20.67 20.56 19.99 19.71 19.71 19.97 19.89 19.84 19.77
20.17 20.37 20.36 20.41 20.46 20.49 20.52 20.58 20.57 20.61 20.62 20.62 20.60 20.64 20.64 20.59 20.56 20.60 20.57 20.61 20.60 20.56 20.67 20.61 20.53 20.59 20.59 20.56 20.56 20.50 20.52 20.46 20.54 20.55 20.60 20.62 20.60 20.62 20.58 20.50 20.37 20.33 20.18 20.25 20.20 20.22 20.18 20.29 20.29 20.18 20.21 20.19 20.19 20.32 20.27 19.99 20.18 20.42 20.42 20.45 20.45 20.48 20.39 20.43 20.54 20.55 20.63 20.65 20.66 20.46 20.35 20.27 20.07 19.91 19.81 19.72 19.80
20.43 20.45 20.34 20.20 20.47 20.53 20.57 20.52 20.57 20.57 20.61 20.61 20.59 20.60 20.58 20.60 20.59 20.58 20.57 20.62 20.68 20.64 20.58 20.60 20.56 20.56 20.57 20.63 20.64 20.55 20.55 20.55 20.50 20.54 20.57 20.58 20.60 20.64 20.65 20.54 20.42 20.36 20.13 20.29 20.15 20.17 20.19 20.21 20.29 20.23 20.19 20.29 20.34 20.38 20.50 20.12 20.34 20.55 20.61 20.61 20.60 20.65 20.63 20.61 20.50 20.51 20.63 20.64 20.56 20.39 20.58 20.49 20.63 20.22 20.02 20.27 20.14
20.17 20.11 20.00 19.92 20.44 20.46 20.55 20.54 20.54 20.57 20.59 20.62 20.61 20.60 20.55 20.49 20.61 20.58 20.48 20.56 20.64 20.66 20.59 20.55 20.53 20.54 20.56 20.64 20.64 20.61 20.59 20.58 20.56 20.55 20.57 20.58 20.58 20.60 20.65 20.51 20.36 20.20 20.15 20.23 20.11 20.11 20.22 20.09 20.07 20.14 20.18 20.27 20.43 20.23 20.41 20.46 20.41 20.62 20.63 20.63 20.62 20.58 20.33 20.36 20.41 20.36 20.23 20.41 20.45 20.33 20.54 20.53 20.52 20.10 20.27 20.20 20.10
19.91 19.95 19.80 19.84 20.32 20.29 20.49 20.46 20.50 20.52 20.56 20.59 20.57 20.58 20.56 20.48 20.55 20.58 20.51 20.53 20.54 20.59 20.45 20.52 20.52 20.57 20.59 20.61 20.61 20.61 20.59 20.58 20.57 20.57 20.55 20.56 20.58 20.62 20.61 20.54 20.42 20.20 20.11 20.25 20.05 20.19 20.20 19.95 19.89 19.95 20.08 20.20 20.41 20.32 20.27 20.46 20.45 20.46 20.59 20.60 20.59 20.46 20.27 20.31 20.33 20.17 20.13 20.40 20.52 20.50 20.50 20.55 20.42 20.20 20.21 20.13 20.04
19.81 19.80 19.77 19.93 20.00 20.05 20.30 20.42 20.49 20.50 20.51 20.55 20.50 20.55 20.50 20.51 20.47 20.48 20.45 20.50 20.46 20.41 20.40 20.53 20.57 20.54 20.58 20.54 20.57 20.51 20.53 20.53 20.57 20.56 20.53 20.55 20.55 20.57 20.60 20.61 20.40 20.21 20.22 20.06 20.03 20.12 20.37 20.21 20.28 20.32 20.06 20.01 20.28 20.24 20.23 20.24 20.42 20.35 20.27 20.39 20.25 20.43 20.26 20.13 20.18 20.27 20.50 20.55 20.52 20.48 20.52 20.48 20.49 20.16 20.02 20.18 20.06
19.63 19.75 19.72 19.82 20.09 20.21 20.26 20.28 20.45 20.51 20.52 20.52 20.45 20.43 20.44 20.49 20.48 20.46 20.37 20.46 20.38 20.27 20.44 20.55 20.58 20.55 20.51 20.46 20.44 20.51 20.47 20.43 20.44 20.49 20.49 20.51 20.52 20.52 20.55 20.50 20.29 20.29 20.26 20.22 20.25 20.38 20.52 20.52 20.51 20.50 20.37 20.11 20.17 20.19 20.30 20.32 20.39 20.33 20.35 20.35 20.40 20.00 20.07 20.33 20.19 20.12 20.17 20.53 20.48 20.34 20.44 20.47 20.44 20.36 20.19 20.30 20.10
19.66 19.87 20.06 20.15 20.15 20.21 20.19 20.21 20.38 20.40 20.41 20.41 20.42 20.44 20.42 20.51 20.43 20.39 20.46 20.37 20.30 20.17 20.31 20.39 20.52 20.53 20.45 20.40 20.40 20.48 20.47 20.37 20.45 20.44 20.49 20.49 20.49 20.52 20.46 20.36 20.31 20.40 20.45 20.46 20.44 20.51 20.53 20.52 20.42 20.49 20.44 20.38 20.14 20.16 20.11 20.15 20.13 20.16 20.22 20.13 20.03 20.07 20.02 19.92 20.29 20.18 20.05 20.33 20.47 20.32 20.48 20.50 20.48 20.26 20.00 20.03 20.14
19.88 20.05 20.09 20.17 20.26 20.29 20.23 20.30 20.34 20.41 20.41 20.26 20.36 20.35 20.41 20.51 20.51 20.34 20.41 20.42 20.33 20.06 20.17 20.33 20.46 20.53 20.47 20.47 20.44 20.52 20.47 20.36 20.44 20.42 20.44 20.47 20.46 20.49 20.41 20.25 20.45 20.48 20.45 20.48 20.51 20.49 20.49 20.50 20.47 20.43 20.41 20.39 20.31 20.28 20.26 20.15 20.25 19.88 19.91 19.90 19.90 19.92 19.97 19.98 20.04 20.41 20.34 20.24 20.39 20.41 20.41 20.23 20.03 19.84 19.87 19.88 19.84
20.08 20.05 20.22 20.25 20.30 20.24 20.23 20.25 20.25 20.34 20.33 20.17 20.32 20.32 20.37 20.44 20.41 20.33 20.40 20.32 20.31 19.96 19.96 20.21 20.26 20.40 20.47 20.46 20.48 20.47 20.43 20.37 20.41 20.38 20.35 20.35 20.45 20.46 20.29 20.43 20.44 20.47 20.43 20.40 20.46 20.47 20.46 20.45 20.47 20.41 20.45 20.37 20.44 20.26 20.35 20.42 20.37 20.00 20.09 19.99 19.87 19.82 19.81 19.96 19.89 20.13 20.35 20.05 20.23 20.29 20.29 20.12 19.97 19.93 19.70 19.69 19.56
20.11 20.16 20.22 20.35 20.33 20.28 20.27 20.12 20.09 20.25 20.24 20.19 20.25 20.29 20.28 20.41 20.34 20.38 20.25 20.04 20.11 19.97 20.00 20.20 20.26 20.34 20.45 20.47 20.41 20.44 20.40 20.38 20.41 20.41 20.35 20.35 20.44 20.26 20.17 20.41 20.26 20.02 20.41 20.44 20.49 20.46 20.44 20.42 20.42 20.40 20.44 20.39 20.44 20.45 20.44 20.47 20.45 20.42 20.40 20.08 20.00 20.04 19.99 20.04 20.04 20.16 20.20 20.33 19.86 20.08 20.22 20.13 20.13 19.97 19.91 19.87 19.89
20.15 20.17 20.23 20.30 20.22 20.27 20.19 20.23 20.09 20.08 20.29 20.36 20.23 20.21 20.22 20.39 20.33 20.33 20.39 20.19 20.15 20.07 20.10 20.04 20.03 20.24 20.34 20.36 20.42 20.42 20.38 20.39 20.33 20.31 20.37 20.05 20.39 20.21 19.95 20.27 20.14 20.25 20.45 20.35 20.48 20.45 20.42 20.41 20.44 20.42 20.43 20.43 20.43 20.44 20.48 20.46 20.41 20.42 20.41 20.32 20.25 20.36 20.37 20.18 19.97 20.17 19.95 20.40 19.94 20.02 20.00 20.08 19.92 19.92 19.98 19.99 20.03
