main/data/irradiance/22.07.2023.grid
ncols 839
nrows 679
xllcenter 112.0500
yllcenter -43.9500
cellsize 0.0500
nodata_value 99999.90
[rows 408 to 441 of 679, columns 231 to 307 of 839]
13.95 13.91 13.97 13.94 13.96 13.88 13.90 13.90 13.91 13.90 13.87 13.84 13.84 13.84 13.79 13.76 13.78 13.77 13.77 13.83 13.84 13.84 13.82 13.79 13.81 13.82 13.85 13.81 13.78 13.88 13.87 13.77 13.84 13.80 13.74 13.68 13.69 13.70 13.57 13.41 13.25 13.24 13.24 13.13 13.29 13.66 13.47 13.37 13.22 13.40 13.44 12.93 13.23 13.20 13.26 13.64 13.37 13.21 13.39 13.48 13.18 13.03 12.95 13.26 12.79 13.03 13.28 13.48 13.28 13.20 13.65 13.75 13.91 13.99 13.91 13.94 13.96
13.87 13.88 13.90 13.91 13.85 13.87 13.81 13.85 13.85 13.88 13.84 13.78 13.81 13.83 13.75 13.73 13.74 13.77 13.75 13.77 13.81 13.75 13.72 13.73 13.74 13.75 13.73 13.72 13.74 13.70 13.79 13.71 13.78 13.75 13.64 13.61 13.62 13.48 13.44 13.37 13.20 13.10 13.10 12.95 13.28 13.33 13.58 13.34 13.46 13.49 13.31 12.90 12.82 13.33 13.51 13.44 13.18 13.29 12.40 12.89 12.96 13.03 13.06 13.03 13.05 13.02 13.03 12.89 13.25 13.58 13.63 13.95 13.86 13.89 13.84 13.91 13.90
13.83 13.83 13.81 13.80 13.84 13.85 13.81 13.81 13.81 13.81 13.80 13.78 13.79 13.81 13.82 13.78 13.71 13.72 13.75 13.77 13.74 13.72 13.71 13.69 13.66 13.67 13.68 13.65 13.63 13.63 13.69 13.80 13.76 13.63 13.49 13.60 13.42 13.45 13.28 13.32 13.29 13.42 13.28 13.51 13.39 13.34 13.40 13.51 13.42 13.34 13.42 12.98 13.13 13.16 13.52 13.63 13.29 13.47 13.10 13.48 12.63 12.94 13.16 13.08 13.04 12.92 12.71 13.43 13.40 13.38 13.57 13.78 13.84 13.85 13.90 13.92 13.89
13.80 13.81 13.80 13.80 13.81 13.82 13.78 13.79 13.78 13.77 13.76 13.75 13.74 13.73 13.72 13.75 13.74 13.75 13.76 13.73 13.76 13.71 13.68 13.65 13.65 13.66 13.62 13.56 13.53 13.57 13.68 13.73 13.66 13.51 13.42 13.45 13.50 13.52 13.12 13.43 13.22 13.30 13.53 13.48 13.59 13.40 13.36 13.40 13.53 13.42 13.32 13.05 12.55 12.91 12.87 13.01 13.25 12.76 12.77 12.11 12.40 12.55 12.54 13.04 13.13 12.74 13.07 13.15 13.22 13.65 13.39 13.65 13.79 13.75 13.86 13.87 13.84
13.78 13.78 13.82 13.79 13.78 13.78 13.72 13.72 13.69 13.76 13.74 13.74 13.71 13.69 13.64 13.66 13.62 13.62 13.74 13.72 13.71 13.72 13.65 13.59 13.71 13.57 13.56 13.59 13.46 13.46 13.59 13.65 13.56 13.63 13.64 13.34 13.29 13.45 13.39 13.42 13.24 13.06 13.34 13.45 13.38 13.60 13.77 13.71 13.40 13.45 13.69 13.52 12.88 12.90 13.18 13.17 12.98 13.17 12.59 12.75 12.44 12.67 12.61 12.65 12.88 12.83 13.19 13.07 13.06 13.15 13.44 13.52 13.58 13.58 13.51 13.53 13.73
13.81 13.78 13.79 13.77 13.74 13.74 13.73 13.69 13.73 13.74 13.77 13.72 13.66 13.67 13.67 13.60 13.60 13.62 13.64 13.64 13.72 13.67 13.55 13.52 13.63 13.57 13.58 13.60 13.51 13.45 13.31 13.54 13.47 13.60 13.53 13.27 13.50 13.27 13.23 13.37 13.13 12.91 12.86 13.12 13.27 13.26 13.63 13.54 13.55 13.69 13.83 13.33 13.35 13.09 13.23 13.49 13.32 12.80 12.47 12.72 12.53 12.47 12.90 12.73 12.85 12.90 13.04 13.12 13.11 13.19 13.21 13.52 13.72 13.61 13.70 13.66 13.57
13.77 13.75 13.75 13.74 13.75 13.70 13.67 13.65 13.66 13.70 13.69 13.67 13.62 13.66 13.66 13.65 13.64 13.58 13.57 13.59 13.66 13.70 13.58 13.59 13.67 13.59 13.54 13.53 13.40 13.51 13.39 13.45 13.34 13.56 13.14 13.25 12.89 13.04 13.11 12.97 13.18 13.16 13.10 13.27 13.31 13.23 13.36 13.39 13.68 13.77 13.47 13.29 13.20 13.11 13.33 13.27 13.43 13.32 12.69 12.74 12.60 12.79 12.94 12.83 13.30 13.07 12.88 13.15 13.29 13.24 13.30 13.50 13.36 13.54 13.47 13.41 13.64
13.73 13.73 13.74 13.72 13.71 13.68 13.55 13.46 13.59 13.55 13.65 13.64 13.58 13.57 13.62 13.66 13.64 13.63 13.58 13.60 13.64 13.63 13.62 13.56 13.59 13.61 13.61 13.47 13.59 13.46 13.55 13.52 13.40 13.28 13.27 13.31 13.22 13.33 13.00 13.20 13.11 13.08 13.14 13.08 13.38 13.31 13.15 13.33 13.51 13.36 13.39 13.24 13.11 13.22 13.06 13.36 13.23 12.77 12.93 13.08 12.91 12.46 12.39 12.67 13.11 12.31 12.75 12.95 12.90 13.00 13.28 13.33 13.33 13.46 13.61 13.47 13.43
13.71 13.71 13.68 13.65 13.66 13.66 13.53 13.45 13.46 13.47 13.62 13.62 13.56 13.56 13.61 13.59 13.63 13.64 13.58 13.62 13.68 13.66 13.62 13.60 13.60 13.62 13.56 13.67 13.65 13.57 13.59 13.45 13.52 13.12 13.33 13.25 13.02 12.95 13.16 13.18 12.91 12.62 12.66 12.89 13.22 13.28 13.26 13.38 13.48 13.03 13.36 13.15 12.89 12.94 12.92 12.93 13.02 12.83 12.61 12.00 11.98 11.89 12.44 12.66 12.52 12.65 12.33 13.06 13.34 13.13 13.00 13.50 13.32 13.42 13.52 13.53 13.39
13.68 13.67 13.67 13.66 13.63 13.59 13.54 13.48 13.43 13.41 13.54 13.57 13.48 13.54 13.57 13.57 13.60 13.57 13.47 13.60 13.68 13.67 13.67 13.56 13.55 13.61 13.48 13.48 13.54 13.55 13.51 13.41 13.31 13.15 13.33 12.77 12.91 12.86 13.04 12.84 12.51 12.47 12.49 12.79 12.75 12.66 13.18 13.13 13.05 13.31 13.52 13.35 13.18 13.31 13.13 13.12 13.20 12.98 12.72 12.83 12.28 12.41 12.06 12.33 12.65 12.68 13.10 12.61 12.72 12.65 12.67 12.77 13.21 12.88 12.97 13.32 13.51
13.65 13.68 13.66 13.62 13.58 13.53 13.41 13.35 13.32 13.35 13.56 13.53 13.46 13.48 13.51 13.56 13.54 13.54 13.54 13.55 13.56 13.61 13.64 13.58 13.63 13.46 13.55 13.55 13.51 13.60 13.32 13.45 13.21 13.04 12.93 12.69 12.49 12.33 12.68 12.61 12.59 12.72 12.75 12.57 12.56 12.68 12.92 13.04 13.16 13.34 13.35 13.46 13.20 12.90 13.02 12.98 12.83 12.66 12.98 12.72 12.73 12.38 12.35 11.98 12.39 12.51 12.56 12.64 12.58 12.71 12.74 12.75 13.16 13.06 13.26 13.24 13.29
13.58 13.66 13.68 13.58 13.57 13.57 13.49 13.42 13.33 13.30 13.42 13.38 13.42 13.31 13.49 13.46 13.52 13.57 13.46 13.54 13.58 13.59 13.60 13.62 13.55 13.59 13.53 13.53 13.56 13.46 13.21 12.97 12.96 12.84 12.72 12.77 12.70 12.67 12.18 12.32 12.35 12.79 12.61 12.31 12.78 12.87 12.65 12.89 12.89 13.05 13.15 13.33 13.03 13.09 12.91 13.23 13.02 12.50 12.52 12.83 12.75 12.83 12.88 12.89 12.73 12.59 12.89 12.77 12.72 12.71 13.23 13.05 13.20 12.99 13.04 13.12 13.15
13.59 13.59 13.57 13.58 13.58 13.59 13.55 13.37 13.39 13.46 13.39 13.36 13.33 13.38 13.46 13.55 13.47 13.55 13.47 13.57 13.61 13.60 13.52 13.51 13.47 13.45 13.49 13.47 13.43 13.52 13.18 13.31 13.07 12.80 12.65 12.63 12.72 12.46 12.63 12.44 12.22 11.99 12.15 12.38 12.56 12.65 12.54 12.92 13.04 12.56 13.15 12.91 12.90 12.90 12.79 12.69 12.40 12.20 12.33 12.10 11.87 12.21 12.41 12.39 12.35 12.39 12.41 12.65 12.97 13.05 13.17 13.43 12.97 13.17 13.17 13.04 13.01
13.57 13.56 13.51 13.45 13.46 13.48 13.43 13.41 13.33 13.31 13.34 13.44 13.35 13.34 13.37 13.48 13.50 13.51 13.48 13.48 13.58 13.62 13.54 13.35 13.33 13.42 13.34 13.25 13.34 13.17 13.38 13.17 12.95 12.77 13.02 12.57 12.39 11.96 12.19 12.00 12.19 12.06 12.13 12.13 12.40 12.28 12.74 12.28 12.27 12.33 12.66 12.83 13.02 12.95 12.74 12.62 12.87 12.46 12.15 11.91 11.96 11.94 12.30 12.45 12.54 12.64 12.67 12.86 12.92 12.84 12.89 12.57 13.00 13.39 13.31 13.20 13.37
13.53 13.52 13.51 13.44 13.44 13.46 13.41 13.39 13.37 13.30 13.44 13.35 13.26 13.20 13.39 13.44 13.42 13.51 13.45 13.42 13.40 13.49 13.49 13.39 13.33 13.31 13.29 13.27 13.25 13.18 12.95 12.86 12.79 12.47 12.38 12.09 11.94 11.88 12.48 12.20 11.95 12.14 12.11 12.38 12.20 12.19 12.25 12.07 12.28 12.55 12.60 12.90 13.09 12.65 12.78 12.87 12.84 12.53 12.44 12.01 12.03 11.88 11.84 11.80 12.26 12.79 12.52 12.78 12.48 12.34 12.87 13.23 12.88 13.06 13.18 13.43 13.47
13.51 13.51 13.46 13.47 13.45 13.49 13.43 13.41 13.29 13.45 13.38 13.31 13.30 13.24 13.39 13.38 13.48 13.47 13.44 13.43 13.49 13.49 13.48 13.33 13.25 13.29 13.28 13.21 13.06 12.91 12.85 12.52 12.29 12.38 12.25 12.14 12.00 12.03 11.73 11.71 12.04 11.93 12.12 12.08 12.30 12.46 11.89 12.28 11.88 12.16 12.25 12.55 12.44 12.45 12.53 12.61 12.20 11.90 12.35 12.18 12.53 12.39 12.12 12.47 12.37 12.32 12.80 12.63 12.62 12.69 13.04 13.23 13.14 13.33 13.32 13.45 13.40
13.49 13.49 13.44 13.46 13.44 13.46 13.44 13.39 13.36 13.43 13.40 13.37 13.28 13.29 13.36 13.45 13.40 13.45 13.45 13.44 13.50 13.48 13.45 13.23 13.09 13.14 13.09 13.01 13.08 13.06 12.62 12.54 12.44 12.21 11.99 11.94 12.21 12.24 12.06 11.76 11.55 11.90 11.93 12.08 12.16 12.14 12.30 12.24 12.32 11.99 12.28 12.11 11.86 12.01 12.55 12.18 11.59 11.60 11.68 11.98 12.13 12.47 12.56 12.53 12.11 12.10 12.09 12.14 12.72 13.28 13.21 13.12 13.22 12.83 12.79 13.12 13.00
13.46 13.46 13.43 13.44 13.46 13.43 13.43 13.45 13.38 13.40 13.30 13.35 13.30 13.27 13.33 13.49 13.45 13.34 13.38 13.44 13.46 13.45 13.41 13.33 13.17 13.14 12.98 12.87 12.55 12.72 12.72 12.73 12.26 12.29 12.03 11.79 11.59 11.66 11.81 11.34 10.92 11.23 11.69 11.86 12.63 12.22 12.20 12.02 11.97 11.82 11.66 11.93 12.21 11.89 11.77 11.90 11.53 11.35 11.39 11.13 11.80 12.09 11.97 12.30 12.61 12.44 12.16 12.18 12.44 12.93 13.03 12.91 13.03 12.83 12.79 12.95 12.65
13.43 13.40 13.40 13.38 13.37 13.41 13.40 13.43 13.38 13.29 13.25 13.25 13.20 13.23 13.34 13.39 13.27 13.36 13.35 13.42 13.38 13.43 13.35 13.35 13.10 13.24 13.02 12.77 12.88 12.67 12.42 12.51 12.21 12.29 11.58 11.71 11.32 11.30 11.64 11.37 10.72 10.95 11.27 11.53 11.47 11.96 11.66 12.04 11.72 11.48 11.59 12.09 12.27 12.19 11.81 11.88 11.81 11.31 10.82 11.26 11.29 11.72 11.62 11.78 12.00 12.30 12.44 12.37 12.09 12.93 12.48 12.62 12.92 13.25 13.19 13.35 13.15
13.34 13.33 13.29 13.18 13.22 13.25 13.32 13.30 13.29 13.29 13.11 13.11 13.22 13.25 13.28 13.32 13.29 13.41 13.33 13.40 13.36 13.33 13.35 13.24 13.18 13.00 12.81 12.71 12.82 12.45 12.43 12.42 12.32 12.11 11.54 11.19 11.40 10.94 11.34 11.60 11.35 11.39 11.47 11.60 11.57 11.53 11.40 11.72 12.39 11.24 11.37 12.23 11.95 11.85 11.71 11.81 12.25 12.03 11.58 11.44 11.09 11.39 11.16 11.10 11.72 12.55 12.80 12.31 12.20 12.39 12.82 12.62 13.01 13.12 13.19 13.31 13.24
13.19 13.11 13.09 13.17 13.09 13.08 13.14 13.05 13.29 13.24 13.14 13.05 13.06 13.13 13.26 13.29 13.38 13.31 13.33 13.41 13.31 13.32 13.25 13.20 12.97 12.97 12.88 12.81 12.74 12.55 12.05 11.70 12.12 12.06 11.53 11.51 11.42 11.22 11.35 10.80 11.11 11.19 11.05 11.29 11.37 11.73 11.83 11.56 12.17 11.28 11.45 11.82 11.71 11.88 11.80 11.37 11.57 12.16 12.09 11.92 11.92 11.64 11.54 11.62 11.77 11.99 12.16 11.87 12.02 12.63 12.67 12.63 12.86 13.02 13.28 13.01 12.84
13.10 12.96 12.92 12.97 13.02 13.02 13.02 13.06 13.13 13.22 13.16 13.12 12.89 13.15 13.31 13.33 13.33 13.34 13.32 13.32 13.33 13.26 13.24 13.17 13.11 13.14 12.87 12.64 12.66 12.64 12.65 12.40 11.88 11.50 11.17 11.14 11.60 11.19 11.50 10.11 10.33 11.31 11.11 11.36 11.53 11.83 11.62 11.42 11.58 11.26 11.20 11.12 10.91 11.71 11.75 10.87 10.89 11.04 11.56 11.81 11.76 12.31 11.93 11.22 11.15 11.34 11.54 12.17 12.39 12.67 12.45 12.51 12.41 12.47 12.83 12.92 12.83
13.01 12.97 12.97 13.05 13.08 12.92 13.00 13.04 13.08 13.10 13.15 13.11 13.10 13.21 13.31 13.24 13.27 13.29 13.30 13.29 13.27 13.23 13.19 13.18 13.24 12.99 12.89 12.67 12.57 12.26 12.12 12.03 11.82 11.32 11.24 11.39 12.01 11.70 11.50 11.09 10.52 10.86 11.73 11.28 11.46 11.39 10.97 11.18 11.70 11.58 11.30 11.36 11.51 11.06 11.23 11.39 11.29 10.91 11.24 11.29 11.43 11.79 11.73 11.41 11.22 11.27 11.38 11.78 12.42 12.61 12.36 12.57 12.29 12.51 12.44 12.25 12.55
13.00 12.96 12.92 12.90 12.93 13.01 12.99 13.07 13.06 13.16 13.17 13.10 13.16 13.14 13.24 13.23 13.22 13.25 13.29 13.27 13.28 13.28 13.26 13.29 13.22 13.08 12.86 12.56 12.51 12.54 12.40 12.07 11.59 11.32 10.94 11.08 11.27 11.39 11.43 11.49 11.20 10.83 11.14 11.45 11.58 10.99 11.29 11.17 11.12 11.11 11.27 11.21 11.29 11.04 11.65 11.73 11.66 11.13 10.95 10.95 11.28 10.85 11.21 11.31 11.77 11.80 11.67 11.74 12.36 11.98 12.45 12.59 12.45 12.98 12.97 12.72 12.57
13.02 12.99 12.92 12.90 12.88 13.01 12.98 12.93 13.20 13.12 13.06 13.00 13.17 13.12 13.16 13.25 13.26 13.26 13.23 13.23 13.24 13.24 13.21 13.20 13.08 13.00 12.80 12.61 12.65 12.09 11.98 11.80 11.37 11.13 11.12 10.90 10.93 10.25 11.19 11.73 11.05 10.89 11.20 10.99 10.98 11.15 11.56 11.34 10.98 10.95 11.68 11.91 11.38 11.58 12.21 11.80 11.89 11.38 10.88 10.91 10.78 10.17 10.62 11.27 11.72 11.69 11.50 11.79 11.95 11.59 11.59 12.16 11.70 12.44 12.69 12.69 12.60
12.92 12.98 13.01 12.97 13.11 13.06 12.96 13.12 13.12 13.17 13.15 13.14 13.13 13.15 13.17 13.24 13.24 13.22 13.21 13.22 13.24 13.18 13.11 12.91 12.99 12.95 12.54 12.63 12.40 11.99 11.69 11.50 11.68 11.33 11.50 11.50 11.24 11.20 11.36 11.14 10.95 11.07 11.24 11.24 11.17 11.08 11.66 11.71 11.21 11.44 11.73 12.06 12.05 10.56 10.77 11.27 11.26 11.03 11.28 11.50 11.01 10.85 10.62 10.77 11.01 10.91 10.95 11.60 12.03 12.07 11.84 12.01 11.95 12.32 12.57 12.21 11.95
12.83 12.78 12.95 13.03 13.14 13.06 13.13 13.15 13.09 13.15 13.11 12.97 13.06 13.19 13.17 13.21 13.22 13.18 13.21 13.18 13.22 13.19 13.14 13.04 12.89 12.58 12.38 12.13 11.92 11.65 11.49 11.45 11.17 11.24 11.31 11.18 11.68 11.37 10.81 10.45 10.10 11.11 11.00 10.69 11.33 10.85 10.88 11.12 11.34 11.43 11.55 11.19 12.10 10.71 10.30 10.43 10.94 10.99 11.00 11.26 11.61 11.40 10.42 10.08 10.47 10.76 11.49 11.61 12.05 11.93 11.90 11.53 12.42 12.66 12.74 12.81 11.55
12.92 13.01 13.04 12.88 13.10 13.07 13.10 13.08 13.11 13.12 12.98 12.92 13.10 13.16 13.20 13.17 13.25 13.23 13.14 13.19 13.10 13.04 13.07 12.98 12.89 12.36 12.23 12.31 12.00 11.83 11.90 11.45 11.40 11.28 11.31 11.66 12.12 11.79 11.26 10.57 9.84 10.26 10.53 10.92 11.02 11.03 10.32 10.42 11.03 11.66 11.30 11.60 11.83 11.24 10.63 10.81 10.82 10.96 10.71 10.44 10.95 10.51 10.31 10.50 9.96 10.56 11.88 11.88 11.90 12.22 11.38 11.49 11.64 11.59 11.93 11.96 11.26
12.90 13.09 12.99 12.95 12.98 13.04 12.96 13.04 13.12 13.05 12.86 12.89 12.98 13.10 13.13 13.17 13.20 13.21 13.10 13.13 13.10 13.00 12.82 12.83 12.56 12.47 12.40 12.17 11.86 11.40 11.36 11.56 11.02 11.25 11.22 11.30 10.99 11.42 11.23 10.87 10.07 9.65 10.13 10.62 11.23 11.34 10.59 10.60 11.03 11.78 11.71 12.14 12.12 11.31 10.74 10.71 10.37 9.99 10.02 10.41 10.11 10.00 10.87 11.03 10.40 11.12 11.21 11.48 11.91 12.07 11.70 12.17 12.05 12.17 12.26 11.39 11.07
12.84 12.96 12.96 12.93 12.90 12.93 13.00 13.05 13.06 13.01 12.91 12.84 12.89 12.88 12.95 12.88 13.06 12.97 13.00 12.89 12.83 12.95 12.71 12.73 12.48 12.33 11.92 11.73 11.31 10.81 10.92 11.24 11.14 10.70 11.14 10.83 11.11 11.40 11.02 11.48 10.99 10.57 10.52 10.93 11.23 11.52 11.42 10.95 11.06 11.36 11.51 11.17 11.70 11.23 11.23 10.52 10.49 9.83 9.92 10.22 10.00 9.53 10.00 11.16 10.60 10.47 11.34 11.86 11.77 11.81 11.26 11.62 12.29 12.31 11.59 11.59 11.72
12.73 12.77 12.91 12.87 12.91 12.85 12.99 12.99 12.87 12.90 12.63 12.62 12.70 12.90 12.96 12.93 12.80 12.95 12.87 12.94 12.85 12.84 12.64 12.44 12.21 11.99 11.67 11.41 11.15 11.12 10.97 11.15 11.22 11.06 10.99 11.00 11.06 11.00 10.76 11.35 10.93 11.00 10.50 9.79 10.53 10.98 11.58 11.46 11.80 11.83 11.42 10.68 10.05 10.38 10.31 10.05 10.36 10.38 10.14 9.91 10.05 9.93 9.68 10.76 10.13 10.14 11.02 11.65 11.70 11.35 10.83 11.22 11.98 11.48 11.53 11.37 10.95
12.82 12.79 12.71 12.82 12.80 12.71 12.85 12.68 13.00 12.83 12.42 12.57 12.73 12.67 12.75 12.98 12.96 12.98 12.98 12.76 12.76 12.73 12.64 12.49 12.19 11.90 11.49 11.25 11.16 11.39 11.32 11.39 11.59 11.67 11.83 11.54 11.13 10.52 10.55 10.78 10.54 10.12 10.58 9.95 10.13 10.43 10.77 11.36 11.33 11.58 11.86 11.32 10.00 9.63 9.56 9.84 9.85 10.54 9.79 9.82 9.46 8.98 9.31 9.46 10.03 9.80 11.28 11.53 11.36 11.47 11.34 11.00 11.39 10.90 10.99 11.23 11.53
12.65 12.79 12.70 12.57 12.68 12.79 12.68 12.95 12.92 12.73 12.60 12.73 12.82 12.79 12.90 12.82 12.82 12.60 12.72 12.79 12.77 12.52 12.15 11.92 12.05 11.90 11.59 11.15 11.27 11.42 11.50 10.94 11.18 11.38 11.39 11.26 11.29 10.50 10.89 10.02 8.82 10.24 10.60 10.62 10.53 10.45 10.91 11.26 10.66 11.36 11.43 10.98 9.81 9.66 9.21 9.85 9.79 9.76 8.91 9.09 9.20 9.22 9.31 10.22 10.51 11.19 11.58 12.04 11.60 10.89 11.19 11.05 11.01 10.61 10.67 11.07 11.21
12.42 12.56 12.63 12.73 12.64 12.66 12.77 12.90 13.00 12.82 12.71 12.67 12.56 12.49 12.53 12.65 12.54 12.68 12.42 12.42 12.43 12.61 12.31 12.12 11.72 11.60 11.41 11.14 10.46 10.91 10.90 10.80 10.96 10.63 10.65 11.01 11.20 10.44 10.29 10.23 9.14 10.08 10.39 10.96 10.80 10.06 9.80 10.64 11.07 11.18 11.59 10.53 9.70 9.85 9.46 9.61 10.01 10.10 9.78 8.86 9.70 9.36 9.34 10.32 11.14 10.98 11.89 12.14 12.10 11.78 11.80 11.08 11.15 11.26 10.48 9.72 9.66
