main/data/irradiance/22.05.2023.grid
ncols 839
nrows 679
xllcenter 112.0500
yllcenter -43.9500
cellsize 0.0500
nodata_value 99999.90
[rows 374 to 407 of 679, columns 77 to 153 of 839]
13.98 14.26 14.32 14.25 14.16 14.15 14.06 13.85 13.87 14.13 14.15 14.13 14.10 14.06 14.13 14.19 14.18 14.17 14.17 14.04 13.94 13.96 13.91 13.91 13.96 14.08 14.09 14.18 14.19 14.20 14.25 14.18 14.14 14.20 14.16 14.28 14.31 14.20 14.04 14.06 13.98 14.06 13.92 13.81 13.72 13.74 13.98 14.06 14.12 14.23 14.18 14.13 13.97 14.10 14.10 13.92 13.85 13.93 14.10 14.16 14.17 14.18 14.19 14.28 14.14 14.21 14.21 13.97 14.32 14.28 14.38 14.30 14.16 14.16 14.03 14.15 14.38
13.93 14.10 14.20 14.23 14.10 14.10 14.05 13.92 13.92 14.05 14.13 14.09 14.03 14.04 14.09 14.07 14.10 14.12 14.13 14.03 14.07 14.05 13.98 13.99 13.86 13.79 14.00 14.18 14.16 14.23 14.27 14.20 14.10 14.31 14.26 14.21 14.17 14.21 14.14 14.02 14.08 14.06 13.94 13.81 13.80 13.70 13.79 13.87 14.13 14.18 14.21 14.15 13.95 14.04 14.08 13.97 13.80 13.76 14.00 14.01 14.08 14.11 14.15 14.31 14.23 14.24 14.09 14.21 14.30 14.14 14.29 14.27 14.22 14.26 14.34 14.16 14.28
13.79 13.82 14.11 14.19 14.14 14.09 13.93 13.94 13.83 13.96 14.05 13.99 14.00 14.01 14.01 13.92 13.92 13.86 14.10 14.16 14.11 14.02 13.96 14.00 14.07 14.09 14.00 13.99 14.04 14.19 14.21 14.21 14.25 14.18 14.15 14.04 14.01 14.02 14.05 14.02 14.00 13.99 13.95 13.88 13.74 13.67 13.86 13.91 14.07 14.17 14.22 14.03 13.90 14.07 14.08 14.06 14.06 13.84 13.87 13.61 13.94 14.03 13.82 14.11 14.24 14.28 14.23 14.36 14.32 13.97 14.15 14.02 14.31 14.29 14.36 14.09 13.99
13.70 13.70 13.78 14.06 14.11 14.08 13.96 13.82 13.82 13.97 13.93 13.80 13.91 14.04 13.67 13.53 14.01 13.74 13.96 13.99 13.97 13.94 13.93 13.99 14.03 14.10 13.96 14.00 13.91 14.08 14.09 14.14 14.18 14.12 14.16 14.05 13.94 13.89 13.91 13.65 13.69 13.69 13.76 13.95 13.58 13.74 13.77 13.93 14.03 14.17 14.17 13.86 13.97 14.11 14.11 14.10 13.99 14.03 13.85 13.83 14.08 14.21 13.72 13.79 14.12 14.23 14.30 14.31 14.33 14.28 14.10 14.03 14.24 14.27 14.32 14.07 13.80
13.42 13.47 13.63 13.74 13.89 13.83 13.90 13.78 13.79 13.62 13.86 13.60 13.41 13.90 13.96 14.02 13.86 13.93 13.76 13.85 13.88 13.94 13.95 14.07 14.01 13.98 13.98 13.91 13.95 13.91 13.83 13.79 13.97 14.12 14.13 14.03 13.81 13.80 13.73 13.68 14.00 13.97 13.73 13.73 13.67 14.18 13.94 14.00 14.02 14.23 14.20 13.94 14.05 14.14 14.14 14.04 13.94 14.00 14.01 13.76 14.07 14.20 14.15 13.94 14.18 14.14 14.21 14.09 14.33 14.28 14.02 13.99 14.12 14.26 14.25 14.20 13.97
13.24 13.35 13.45 13.68 13.73 13.75 13.82 13.71 13.71 13.64 13.70 13.59 13.73 13.78 13.93 13.99 13.98 13.97 14.02 14.04 13.87 13.79 13.75 13.93 13.87 13.86 13.65 13.75 13.85 13.82 13.60 13.64 13.66 13.78 13.69 13.66 13.64 13.51 13.91 14.02 14.09 13.98 13.85 13.92 14.00 14.14 14.19 13.95 13.97 14.15 14.21 14.17 14.07 13.96 13.97 13.89 13.84 13.79 13.68 13.55 13.74 14.05 13.87 13.84 13.93 14.12 14.10 13.87 14.25 14.38 14.04 13.63 14.00 14.10 14.13 14.19 14.15
13.28 13.26 13.34 13.46 13.60 13.56 13.74 13.56 13.50 13.61 13.39 13.46 13.56 13.70 13.63 13.82 13.85 13.96 13.90 13.93 13.68 13.61 13.84 13.92 14.04 13.94 13.97 13.80 13.97 13.68 13.34 13.37 13.65 13.51 13.23 13.21 13.30 13.39 13.69 13.92 13.78 13.89 13.67 13.75 13.78 13.78 13.96 14.11 14.14 14.15 13.92 14.05 14.07 14.06 13.79 13.74 13.41 13.41 13.26 13.52 13.76 14.19 13.77 13.85 14.01 14.09 13.90 13.83 14.20 14.39 13.99 13.67 13.87 14.13 14.06 14.14 14.02
13.33 13.27 13.31 13.15 13.31 13.38 13.43 13.38 13.15 13.11 13.02 13.14 13.47 13.71 13.58 13.59 13.65 13.70 13.73 13.68 13.67 13.70 13.80 13.86 13.81 13.86 13.97 13.89 13.57 13.83 13.75 13.47 13.59 13.61 13.36 13.26 13.39 13.27 13.54 13.86 13.94 13.89 13.78 13.75 13.80 13.74 13.85 13.96 14.12 13.95 13.58 13.64 13.84 13.69 13.39 13.57 13.33 13.54 13.57 13.52 13.54 14.00 14.01 14.07 14.20 14.30 13.98 13.97 14.27 14.34 14.35 14.14 14.12 14.27 14.06 13.88 13.64
13.47 13.49 13.34 13.06 13.35 13.27 13.16 13.28 13.33 13.50 13.37 13.24 13.66 13.72 13.79 13.59 13.71 13.68 13.78 13.75 13.72 13.73 13.63 13.80 13.76 13.77 13.77 13.49 13.33 13.49 13.79 13.42 13.57 13.71 13.58 13.52 13.58 13.58 13.72 13.84 13.72 13.72 13.64 13.75 13.94 13.71 13.84 13.97 13.96 13.57 13.26 13.14 13.50 13.45 13.48 13.45 13.44 13.62 13.88 13.65 13.57 13.69 14.06 14.27 14.17 14.13 14.17 14.20 14.21 14.29 14.21 14.06 13.70 13.65 13.88 13.61 13.61
13.72 13.64 13.56 13.44 13.47 13.48 13.34 13.26 13.29 13.37 13.20 13.30 13.44 13.49 13.41 13.74 13.80 13.72 13.56 13.59 13.62 13.57 13.54 13.69 13.68 13.55 13.37 13.37 13.31 13.42 13.70 13.61 13.32 13.49 13.73 13.69 13.74 13.75 13.78 13.84 13.85 13.87 13.88 13.85 14.00 13.82 13.77 13.96 13.82 13.62 13.57 13.52 13.44 13.27 13.35 13.24 13.32 13.63 13.89 14.11 13.87 13.60 13.73 14.06 14.02 13.98 13.88 14.11 13.83 13.78 13.38 13.46 13.15 13.36 13.59 13.55 13.73
13.81 13.76 13.75 13.72 13.52 13.51 13.35 13.20 13.39 13.19 13.15 13.30 13.42 13.47 13.58 13.78 13.79 13.77 13.40 13.60 13.57 13.75 13.68 13.62 13.48 13.45 13.36 13.38 13.25 13.32 13.47 13.82 13.61 13.79 13.81 13.76 13.77 13.67 13.68 13.89 13.79 13.71 13.74 13.70 13.91 13.96 13.84 13.71 13.80 13.53 13.40 13.29 13.32 13.27 13.18 13.28 13.32 13.53 13.80 13.96 13.71 13.73 13.79 13.89 13.94 14.18 13.97 13.87 13.74 13.59 13.38 13.53 13.80 13.53 13.65 13.61 13.75
13.91 13.71 13.79 13.64 13.50 13.35 13.64 13.68 13.62 13.41 13.47 13.21 13.34 13.59 13.70 13.77 13.78 13.82 13.75 13.60 13.57 13.69 13.59 13.57 13.62 13.57 13.63 13.44 13.53 13.34 13.55 13.64 13.76 13.83 13.69 13.62 13.78 13.67 13.54 13.67 13.85 13.80 13.61 13.50 13.65 13.89 13.78 13.44 13.59 13.71 13.40 13.29 13.21 13.33 13.41 13.58 13.68 13.68 13.92 14.00 13.72 13.59 13.75 13.89 13.91 14.09 14.22 13.98 13.78 13.67 13.73 13.76 13.58 13.66 13.50 13.69 13.87
13.73 13.45 13.59 13.77 13.49 13.41 13.64 13.49 13.33 13.47 13.41 13.39 13.61 13.66 13.78 13.66 13.76 13.78 13.73 13.79 13.72 13.76 13.69 13.76 13.79 13.79 13.75 13.36 13.30 13.29 13.31 13.31 13.40 13.56 13.58 13.54 13.69 13.62 13.23 13.40 13.72 13.65 13.57 13.48 13.64 13.70 13.70 13.36 13.15 13.34 13.33 13.30 13.45 13.53 13.52 13.54 13.76 13.75 13.95 13.89 13.77 13.61 13.78 13.96 13.92 13.92 14.07 13.79 13.89 13.83 13.79 13.56 13.24 13.62 13.55 13.77 13.90
13.65 13.46 13.29 13.60 13.60 13.32 13.28 13.51 13.35 13.34 13.26 13.52 13.67 13.72 13.75 13.59 13.68 13.75 13.76 13.75 13.88 13.90 13.84 13.71 13.81 13.71 13.52 13.40 13.33 13.16 13.32 13.30 13.38 13.51 13.49 13.60 13.74 13.05 13.29 13.24 13.63 13.44 13.40 13.42 13.28 13.41 13.55 13.50 13.25 13.49 13.57 13.44 13.62 13.73 13.78 13.56 13.74 13.82 13.81 13.84 13.87 13.89 13.90 13.87 13.94 13.86 13.54 13.47 13.68 13.75 13.45 12.93 13.03 13.72 13.61 13.70 13.73
13.73 13.67 13.38 13.67 13.58 13.41 13.42 13.18 13.30 13.25 13.03 13.34 13.67 13.58 13.64 13.45 13.69 13.71 13.59 13.80 13.72 13.87 13.82 13.76 13.70 13.42 13.57 13.55 13.55 13.51 13.63 13.56 13.69 13.67 13.67 13.67 13.71 13.28 13.38 13.29 13.36 13.25 13.46 13.43 13.48 13.48 13.54 13.47 13.35 13.36 13.30 13.50 13.58 13.69 13.71 13.64 13.79 13.83 13.60 13.65 13.92 13.83 13.94 13.88 13.80 13.70 13.60 13.56 13.51 13.45 13.71 13.55 13.59 13.65 13.56 13.71 13.77
13.79 13.62 13.67 13.89 13.50 13.02 12.82 12.84 13.10 13.27 13.13 13.34 13.68 13.40 13.60 13.20 12.41 13.77 13.74 13.68 13.45 13.72 13.62 13.58 13.71 13.64 13.63 13.72 13.69 13.67 13.84 13.73 13.57 13.65 13.68 13.55 13.31 13.70 13.58 13.59 13.50 13.40 13.39 13.41 13.41 13.46 13.41 13.14 13.07 13.21 13.17 13.37 13.62 13.55 13.62 13.75 13.77 13.81 13.71 13.60 13.88 13.80 13.72 13.85 13.83 13.78 13.84 13.83 13.59 13.57 13.51 13.49 13.75 13.72 13.57 13.73 13.85
13.74 13.62 13.80 13.78 13.17 13.37 13.46 12.91 12.94 13.23 13.26 13.32 13.45 13.41 13.44 13.66 13.68 13.79 13.64 13.54 13.50 13.71 13.62 13.44 13.37 13.48 13.65 13.72 13.83 13.75 13.78 13.65 13.66 13.55 13.55 13.43 13.77 13.70 13.64 13.59 13.58 13.52 13.53 13.42 13.51 13.18 13.05 13.25 13.12 13.40 13.19 13.38 13.50 13.45 13.62 13.80 13.83 13.62 13.63 13.77 13.72 13.78 13.78 13.52 13.80 13.88 13.87 13.73 13.68 13.58 13.46 13.45 13.67 13.81 13.79 13.89 13.86
13.95 13.85 13.90 14.05 13.66 13.79 13.74 13.08 13.13 13.47 13.49 13.48 13.56 13.51 13.51 13.75 13.77 13.81 13.62 13.43 13.46 13.54 13.42 13.12 13.12 13.12 13.56 13.72 13.87 13.86 13.77 13.74 13.77 13.78 13.54 13.49 13.82 13.75 13.74 13.63 13.62 13.62 13.54 13.36 13.39 13.13 13.19 13.28 13.11 13.45 13.38 13.47 13.57 13.62 13.69 13.80 13.86 13.49 13.61 13.87 13.59 13.45 13.75 13.66 13.49 13.77 13.71 13.69 13.73 13.64 13.60 13.59 13.71 13.78 13.87 13.92 13.93
13.89 14.02 13.94 13.92 13.92 13.76 13.72 13.55 13.40 13.60 13.53 13.47 13.46 13.54 13.72 13.90 13.92 13.89 13.50 13.34 13.17 13.29 13.07 13.05 12.99 13.13 13.29 13.50 13.76 13.85 13.86 13.80 13.78 13.85 13.74 13.53 13.64 13.84 13.74 13.73 13.75 13.58 13.22 13.12 13.41 13.44 13.43 13.45 13.48 13.52 13.51 13.64 13.71 13.71 13.91 13.85 13.84 13.65 13.70 13.84 13.65 13.52 13.64 13.79 13.55 13.61 13.72 13.64 13.68 13.80 13.77 13.74 13.79 13.78 13.85 13.95 14.00
13.83 13.88 13.96 13.74 13.78 13.93 13.83 13.73 13.55 13.69 13.46 13.55 13.44 13.42 13.55 13.79 13.65 13.59 13.29 13.23 13.27 13.30 13.33 13.30 13.23 13.15 13.10 13.25 13.46 13.73 13.87 13.92 13.85 13.74 13.56 13.69 13.80 13.76 13.66 13.77 13.65 13.31 13.36 12.98 13.06 13.39 13.16 13.44 13.57 13.60 13.44 13.74 13.77 13.82 13.97 13.97 13.94 13.81 13.86 13.89 13.80 13.70 13.61 13.66 13.55 13.39 13.62 13.69 13.68 13.78 13.84 13.81 13.73 13.66 13.80 13.94 13.96
13.68 13.79 13.66 13.63 13.93 13.89 13.89 13.77 13.65 13.48 13.50 13.49 13.17 13.27 13.29 13.70 13.71 13.70 13.81 13.64 13.63 13.66 13.61 13.45 13.57 13.61 13.30 13.38 13.47 13.66 13.85 13.87 13.88 13.80 13.44 13.51 13.71 13.64 13.66 13.58 13.42 13.61 13.52 13.35 13.08 13.08 13.28 13.46 13.58 13.71 13.80 13.76 13.76 13.80 13.83 13.90 13.95 13.88 13.91 13.90 13.88 13.79 13.55 13.49 13.71 13.38 13.50 13.52 13.65 13.73 13.62 13.83 13.77 13.73 13.78 13.87 13.92
13.44 13.47 13.40 13.71 13.79 13.75 13.89 13.83 13.72 13.53 13.56 13.53 13.40 13.49 13.55 13.52 13.51 13.63 13.84 13.69 13.69 13.73 13.64 13.58 13.65 13.69 13.33 13.54 13.62 13.69 13.74 13.84 13.83 13.73 13.59 13.55 13.63 13.39 13.27 13.24 13.41 13.59 13.30 13.17 12.87 12.80 13.04 13.40 13.54 13.69 13.80 13.84 13.84 13.74 13.82 13.91 13.90 13.91 13.90 13.87 13.85 13.78 13.60 13.56 13.74 13.54 13.50 13.59 13.61 13.70 13.65 13.77 13.75 13.80 13.81 13.83 13.88
13.33 13.13 13.35 13.57 13.61 13.62 13.78 13.70 13.67 13.59 13.57 13.46 13.41 13.56 13.65 13.72 13.83 13.74 13.25 13.72 13.62 13.72 13.65 13.59 13.65 13.54 13.57 13.58 13.65 13.62 13.56 13.80 13.84 13.75 13.78 13.75 13.69 13.48 13.25 13.41 13.56 13.65 13.58 13.37 13.24 13.33 13.28 13.26 13.47 13.79 13.84 13.83 13.83 13.84 13.74 13.88 13.92 13.94 13.86 13.82 13.78 13.74 13.42 13.21 13.26 13.41 13.35 13.47 13.62 13.73 13.74 13.77 13.76 13.78 13.76 13.87 13.88
13.31 13.34 13.28 13.29 13.24 13.42 13.77 13.70 13.41 13.37 13.54 13.42 13.36 13.38 13.50 13.65 13.66 13.70 13.15 13.71 13.54 13.59 13.52 13.38 13.58 13.69 13.60 13.63 13.62 13.63 13.60 13.62 13.48 13.44 13.50 13.71 13.60 13.69 13.45 13.39 13.46 13.54 13.63 13.54 13.45 13.45 13.43 13.38 13.41 13.70 13.79 13.80 13.77 13.83 13.75 13.67 13.69 13.68 13.65 13.56 13.64 13.78 13.54 13.35 13.40 13.47 13.51 13.56 13.67 13.73 13.78 13.81 13.80 13.76 13.84 13.86 13.88
13.12 13.11 12.95 12.87 12.66 13.29 13.79 13.65 13.50 13.65 13.56 13.58 13.49 13.30 13.50 13.61 13.50 13.59 13.46 13.65 13.51 13.64 13.51 13.45 13.68 13.81 13.80 13.65 13.65 13.66 13.64 13.58 13.45 13.54 13.59 13.72 13.57 13.67 13.65 13.48 13.39 13.55 13.56 13.60 13.54 13.54 13.30 13.56 13.74 13.72 13.76 13.81 13.79 13.76 13.72 13.65 13.71 13.68 13.48 13.61 13.78 13.79 13.75 13.51 13.33 13.30 13.52 13.60 13.62 13.69 13.76 13.80 13.79 13.62 13.66 13.78 13.82
12.56 12.95 13.02 12.99 13.28 13.49 13.61 13.64 13.58 13.52 13.24 13.28 13.46 13.36 13.48 13.55 13.55 13.56 13.66 13.58 13.35 13.25 13.13 13.36 13.66 13.78 13.73 13.67 13.64 13.49 13.45 13.62 13.50 13.57 13.64 13.65 13.60 13.63 13.72 13.67 13.57 13.60 13.54 13.61 13.56 13.58 13.48 13.63 13.74 13.79 13.79 13.77 13.71 13.54 13.59 13.56 13.66 13.61 13.68 13.75 13.79 13.77 13.82 13.68 13.39 13.46 13.57 13.62 13.61 13.72 13.76 13.77 13.79 13.74 13.48 13.57 13.61
12.41 12.97 13.40 13.53 13.49 13.40 13.62 13.56 13.32 13.25 13.17 13.30 13.28 13.15 13.27 13.41 13.41 13.45 13.52 13.47 13.28 13.13 12.92 13.08 13.25 13.50 13.62 13.63 13.58 13.11 13.25 13.60 13.58 13.59 13.59 13.62 13.63 13.65 13.67 13.64 13.65 13.61 13.57 13.59 13.51 13.60 13.69 13.66 13.65 13.71 13.75 13.72 13.61 13.47 13.59 13.54 13.53 13.61 13.65 13.73 13.70 13.73 13.74 13.74 13.58 13.56 13.56 13.40 13.51 13.66 13.78 13.79 13.77 13.69 13.48 13.47 13.51
13.05 13.00 13.45 13.61 13.22 13.19 13.47 13.41 13.40 13.33 13.20 13.06 13.25 13.11 13.02 13.36 13.54 13.62 13.48 13.45 13.45 13.20 12.66 12.79 12.74 13.02 13.22 13.42 13.57 12.94 13.16 13.52 13.50 13.53 13.56 13.59 13.64 13.73 13.70 13.71 13.64 13.59 13.55 13.48 13.43 13.58 13.64 13.65 13.64 13.64 13.67 13.67 13.62 13.55 13.55 13.62 13.55 13.57 13.63 13.68 13.65 13.68 13.70 13.70 13.68 13.63 13.43 13.34 13.57 13.76 13.79 13.81 13.73 13.53 13.49 13.51 13.57
13.33 13.35 13.39 13.30 13.08 13.01 13.20 13.37 13.27 13.06 12.99 12.99 12.75 12.61 12.55 13.25 13.43 13.52 13.37 13.06 12.94 12.66 12.66 13.00 13.08 13.16 13.25 13.32 13.36 13.19 13.32 13.45 13.45 13.52 13.59 13.60 13.65 13.74 13.65 13.74 13.68 13.52 13.31 13.24 13.28 13.46 13.54 13.62 13.66 13.59 13.32 13.46 13.58 13.55 13.49 13.59 13.57 13.62 13.58 13.61 13.63 13.68 13.63 13.61 13.63 13.65 13.53 13.55 13.71 13.75 13.77 13.78 13.73 13.56 13.60 13.58 13.56
13.00 12.97 13.30 13.37 13.16 12.77 13.06 13.24 12.62 12.83 13.14 12.97 13.10 12.64 12.49 12.67 13.24 13.00 12.87 12.48 12.40 12.47 12.83 13.02 13.19 13.31 13.43 13.58 13.60 13.46 13.27 13.37 13.50 13.62 13.61 13.58 13.67 13.64 13.53 13.42 13.40 13.39 13.18 13.05 13.02 13.11 13.35 13.52 13.56 13.55 13.18 13.34 13.44 13.55 13.51 13.56 13.58 13.61 13.61 13.62 13.62 13.65 13.66 13.64 13.61 13.61 13.66 13.69 13.70 13.72 13.75 13.74 13.72 13.70 13.67 13.59 13.58
12.43 12.65 12.79 13.08 13.01 12.67 12.91 13.27 13.11 12.68 13.21 12.99 13.19 12.92 12.53 12.38 12.54 12.81 13.07 12.65 13.01 12.88 13.31 13.33 13.16 13.36 13.36 13.59 13.63 13.48 13.34 13.26 13.44 13.45 13.43 13.47 13.44 13.46 13.36 13.27 13.25 13.11 12.86 12.85 12.90 13.02 13.13 13.21 13.28 13.50 13.45 13.32 13.38 13.48 13.57 13.57 13.60 13.63 13.63 13.60 13.61 13.63 13.64 13.57 13.57 13.48 13.62 13.65 13.67 13.65 13.57 13.57 13.65 13.66 13.65 13.61 13.56
12.41 12.37 12.65 12.83 12.91 12.53 12.13 12.32 12.39 12.60 12.90 12.66 13.15 13.26 13.09 12.73 12.77 13.15 13.42 13.32 13.24 13.38 13.46 13.28 13.56 13.52 13.50 13.49 13.34 13.28 13.07 12.90 13.09 13.12 13.25 13.47 13.38 13.31 13.17 13.03 12.90 12.75 12.70 13.00 12.95 13.31 13.36 13.48 13.40 13.40 13.39 13.37 13.30 13.43 13.52 13.58 13.60 13.61 13.61 13.61 13.62 13.63 13.62 13.50 13.47 13.42 13.53 13.50 13.54 13.52 13.45 13.52 13.53 13.61 13.60 13.62 13.58
12.28 12.15 12.36 12.67 12.41 12.50 12.12 12.19 12.45 12.63 12.90 12.58 12.98 13.06 13.25 13.29 13.21 13.23 13.31 13.45 13.20 13.22 13.32 13.53 13.44 13.60 13.48 12.92 13.05 13.33 13.06 13.17 13.27 13.18 13.17 13.50 13.43 12.91 12.67 12.53 12.50 12.46 12.63 13.06 13.27 13.42 13.55 13.53 13.47 13.35 13.28 13.16 13.21 13.24 13.42 13.51 13.59 13.61 13.62 13.63 13.62 13.55 13.46 13.29 13.20 13.04 13.23 13.34 13.39 13.49 13.49 13.57 13.52 13.57 13.57 13.55 13.49
11.98 12.00 12.17 12.11 11.97 12.66 12.03 12.21 12.45 12.80 12.72 12.45 12.66 13.19 13.35 13.16 13.04 12.94 13.28 13.51 13.38 13.15 13.14 13.32 13.62 13.69 13.29 13.14 13.35 13.45 13.51 13.41 13.30 13.18 13.19 13.20 12.99 12.95 12.83 12.65 12.70 12.65 12.96 13.22 13.25 13.34 13.42 13.59 13.37 13.19 13.25 13.15 13.05 13.07 13.16 13.37 13.61 13.64 13.63 13.62 13.57 13.24 13.01 12.94 12.96 13.08 13.38 13.37 13.48 13.51 13.57 13.51 13.56 13.49 13.58 13.58 13.52
