main/data/irradiance/22.05.2023.grid
ncols 839
nrows 679
xllcenter 112.0500
yllcenter -43.9500
cellsize 0.0500
nodata_value 99999.90
[rows 374 to 407 of 679, columns 154 to 230 of 839]
14.39 14.18 14.27 14.28 14.19 14.38 14.32 14.45 14.44 14.42 14.37 14.36 14.40 14.43 14.38 14.30 14.18 14.29 14.33 14.01 14.07 14.11 14.24 14.36 14.40 14.48 14.47 14.46 14.46 14.47 14.44 14.46 14.45 14.44 14.47 14.47 14.42 14.42 14.43 14.48 14.45 14.43 14.44 14.47 14.43 14.43 14.45 14.46 14.46 14.46 14.44 14.42 14.42 14.43 14.46 14.43 14.42 14.42 14.42 14.41 14.41 14.41 14.42 14.45 14.45 14.47 14.46 14.44 14.47 14.44 14.46 14.47 14.48 14.50 14.52 14.50 14.50
14.28 14.34 14.24 14.03 14.03 14.35 14.40 14.34 14.29 14.32 14.34 14.34 14.38 14.36 14.34 14.25 14.26 14.20 14.20 14.18 14.26 14.31 14.37 14.40 14.43 14.46 14.46 14.43 14.44 14.46 14.44 14.42 14.43 14.41 14.40 14.41 14.40 14.41 14.42 14.44 14.40 14.39 14.44 14.44 14.42 14.42 14.43 14.43 14.42 14.44 14.43 14.40 14.40 14.42 14.43 14.42 14.41 14.40 14.42 14.42 14.39 14.37 14.37 14.40 14.43 14.42 14.43 14.45 14.45 14.43 14.43 14.44 14.46 14.48 14.47 14.47 14.47
13.97 14.26 14.31 14.22 14.25 14.25 14.26 14.24 14.02 14.17 14.32 14.23 14.29 14.26 14.25 14.12 14.19 14.32 14.30 14.12 14.28 14.27 14.04 14.18 14.27 14.37 14.41 14.42 14.44 14.42 14.39 14.40 14.41 14.37 14.35 14.38 14.38 14.37 14.30 14.39 14.37 14.37 14.38 14.39 14.38 14.41 14.40 14.40 14.44 14.40 13.64 14.34 14.40 14.42 14.40 14.39 14.39 14.39 14.41 14.37 14.34 14.35 14.35 14.36 14.39 14.41 14.41 14.43 14.42 14.44 14.41 14.43 14.43 14.44 14.43 14.42 14.43
14.01 14.17 14.20 14.09 13.99 14.12 14.14 14.11 14.07 14.17 14.30 14.17 14.02 13.95 14.09 14.27 14.23 14.30 14.31 14.02 14.21 14.34 14.10 14.25 14.30 14.33 14.32 14.37 14.40 14.42 14.40 14.36 14.33 14.31 14.34 14.36 14.36 14.28 14.05 14.32 14.33 14.33 14.34 14.35 14.35 14.38 14.40 14.42 14.17 14.31 14.11 14.07 13.47 14.40 14.37 14.36 14.37 14.36 14.39 14.32 14.32 14.35 14.35 14.36 14.39 14.41 14.40 14.38 14.42 14.41 14.40 14.38 14.40 14.38 14.40 14.41 14.41
13.79 13.98 14.02 13.96 13.89 14.01 13.97 14.06 14.12 14.23 14.27 14.26 14.09 13.98 14.13 14.31 14.36 14.28 14.24 14.04 14.14 14.26 14.26 14.28 14.30 14.31 14.31 14.33 14.39 14.37 14.20 14.00 14.05 14.09 14.26 14.31 14.33 13.96 14.08 14.26 14.26 14.30 14.33 14.34 14.33 14.34 14.34 14.35 14.40 14.42 14.38 14.36 13.38 14.35 14.34 14.33 14.33 14.32 14.32 14.33 14.34 14.34 14.36 14.35 14.35 14.38 14.37 14.36 14.36 14.37 14.36 14.36 14.36 14.35 14.38 14.37 14.37
14.01 14.09 14.06 14.07 14.02 13.99 14.19 14.05 14.13 14.19 14.25 14.29 14.23 14.08 14.19 14.30 14.33 14.21 14.24 14.21 14.21 14.03 14.12 14.10 14.15 14.21 14.20 14.18 14.30 14.29 14.21 14.03 13.95 14.02 14.21 14.32 14.32 14.16 14.14 14.29 14.30 14.30 14.31 14.32 14.31 14.32 14.32 14.34 14.35 14.41 14.39 14.36 14.27 14.38 14.33 14.31 14.31 14.29 14.29 14.31 14.34 14.33 14.34 14.33 14.35 14.36 14.36 14.36 14.35 14.35 14.35 14.36 14.37 14.36 14.35 14.34 14.36
14.06 14.01 14.13 14.17 14.10 13.87 14.12 14.05 14.11 14.11 14.26 14.26 14.23 14.08 14.03 14.12 14.32 14.21 14.17 14.18 14.14 13.89 13.81 13.82 13.82 14.01 14.14 14.13 14.16 14.26 14.29 14.19 14.00 14.12 14.27 14.31 14.32 14.31 14.26 14.31 14.31 14.31 14.32 14.34 14.32 14.29 14.29 14.29 14.31 14.34 14.37 14.35 14.37 14.37 14.30 14.31 14.31 14.31 14.29 14.33 14.32 14.32 14.30 14.33 14.33 14.30 14.30 14.32 14.33 14.36 14.36 14.36 14.33 14.34 14.32 14.32 14.32
13.63 13.90 13.92 13.98 13.89 13.71 14.02 14.16 14.04 13.94 14.18 14.17 14.24 14.01 13.89 14.12 14.25 14.23 14.22 14.19 14.02 13.92 13.90 13.80 13.83 14.05 14.18 14.12 14.10 14.24 14.26 14.21 14.20 14.04 14.17 14.27 14.27 14.28 14.30 14.28 14.29 14.28 14.30 14.36 14.34 14.31 14.29 14.27 14.28 14.30 14.35 14.36 14.33 14.14 14.30 14.28 14.29 14.28 14.30 14.33 14.33 14.32 14.32 14.32 14.29 14.27 14.27 14.29 14.31 14.34 14.32 14.34 14.32 14.34 14.29 14.30 14.31
13.62 13.78 13.75 13.92 13.91 13.90 13.96 14.16 14.08 14.10 14.17 14.24 14.22 14.09 13.99 14.05 14.13 14.11 14.08 13.84 13.84 13.99 14.01 13.74 13.81 14.00 14.13 14.15 14.13 14.19 14.24 14.24 14.23 14.05 14.16 14.23 14.23 14.28 14.27 14.27 14.26 14.25 14.26 14.30 14.29 14.31 14.28 14.24 14.24 14.25 14.25 14.31 14.31 14.29 14.29 14.24 14.24 14.25 14.25 14.29 14.28 14.29 14.30 14.29 14.27 14.26 14.24 14.25 14.28 14.34 14.32 14.31 14.33 14.33 14.27 14.27 14.28
13.41 13.55 13.71 13.85 13.93 13.95 14.04 14.13 14.02 13.99 14.10 14.13 14.18 14.16 14.13 14.05 14.03 13.97 13.87 13.66 13.95 14.04 13.99 13.81 13.91 14.01 14.08 14.09 14.18 14.23 14.23 14.21 14.20 14.16 14.06 14.09 14.03 14.09 14.21 14.25 14.24 14.22 14.22 14.25 14.27 14.28 14.25 14.25 14.23 14.22 14.22 14.25 14.28 14.22 14.23 14.25 14.23 14.23 14.24 14.24 14.25 14.24 14.24 14.25 14.25 14.26 14.24 14.23 14.29 14.30 14.32 14.31 14.30 14.26 14.25 14.24 14.26
13.66 13.56 13.60 13.71 13.89 13.98 14.06 14.10 13.96 14.01 14.09 14.07 14.04 13.92 13.60 13.71 13.80 13.83 13.71 13.73 13.82 13.91 13.85 13.83 13.90 13.91 14.07 14.14 14.13 14.22 14.23 14.19 14.17 14.13 14.12 14.14 14.14 14.17 14.22 14.23 14.24 14.22 14.20 14.21 14.25 14.24 14.21 14.25 14.25 14.21 14.21 14.22 14.20 14.18 14.23 14.25 14.23 14.22 14.23 14.22 14.21 14.22 14.22 14.22 14.23 14.26 14.23 14.22 14.28 14.28 14.24 14.27 14.27 14.25 14.24 14.23 14.21
13.77 13.62 13.71 13.54 13.68 13.96 14.05 14.12 14.11 13.94 13.91 13.85 13.83 13.66 13.85 13.70 13.62 13.76 13.73 13.69 13.68 13.76 13.85 13.91 13.96 13.99 14.03 14.02 14.02 14.18 14.20 14.18 14.16 14.15 14.18 14.19 14.20 14.22 14.21 14.21 14.20 14.26 14.21 14.18 14.19 14.20 14.21 14.23 14.22 14.22 14.23 14.21 14.20 14.18 14.22 14.23 14.25 14.20 14.20 14.18 14.19 14.19 14.22 14.22 14.22 14.26 14.22 14.19 14.21 14.22 14.23 14.23 14.21 14.24 14.26 14.22 14.20
13.92 13.73 13.61 13.58 13.75 13.90 14.00 14.04 14.04 13.99 13.98 13.91 13.79 13.69 13.74 13.78 13.67 13.80 13.81 13.84 13.80 13.74 13.84 13.94 13.95 14.09 14.13 14.14 14.13 14.13 14.14 14.14 14.15 14.16 14.17 14.17 14.16 14.17 14.22 14.21 14.22 14.21 14.22 14.17 14.15 14.15 14.16 14.18 14.21 14.21 14.20 14.18 14.19 14.17 14.20 14.20 14.21 14.21 14.20 14.19 14.16 14.17 14.18 14.20 14.18 14.20 14.22 14.22 14.16 14.17 14.22 14.21 14.17 14.18 14.21 14.23 14.24
13.84 13.93 13.76 13.71 13.78 13.93 13.83 14.04 14.05 13.99 13.90 13.93 13.95 13.85 13.72 13.81 13.68 13.72 13.85 13.85 13.94 13.86 13.80 13.91 14.07 14.12 14.11 14.11 14.11 14.12 14.13 14.16 14.17 14.18 14.15 14.14 14.15 14.15 14.17 14.16 14.14 14.13 14.16 14.20 14.20 14.18 14.13 14.15 14.16 14.18 14.16 14.14 14.16 14.14 14.14 14.13 14.15 14.19 14.16 14.18 14.18 14.17 14.15 14.17 14.17 14.14 14.16 14.21 14.14 14.13 14.19 14.17 14.15 14.16 14.16 14.20 14.22
13.78 13.99 13.71 13.74 13.78 13.88 13.88 13.91 14.00 13.96 13.86 13.81 13.74 13.78 13.67 13.69 13.67 13.76 13.76 13.88 13.92 13.93 13.87 13.87 14.06 14.16 14.12 14.11 14.10 14.10 14.10 14.12 14.13 14.11 14.10 14.09 14.12 14.12 14.12 14.11 14.12 14.13 14.13 14.13 14.17 14.19 14.16 14.11 14.12 14.15 14.13 14.11 14.14 14.12 14.12 14.14 14.11 14.12 14.12 14.11 14.12 14.16 14.13 14.15 14.11 14.14 14.17 14.16 14.11 14.14 14.14 14.16 14.13 14.14 14.11 14.15 14.19
13.93 13.92 13.87 13.88 13.82 13.79 13.87 13.85 13.90 13.88 13.88 13.81 13.79 13.65 13.57 13.50 13.54 13.68 13.73 13.85 13.95 13.86 13.89 13.99 14.08 14.14 14.13 14.14 14.15 14.13 14.09 14.07 14.07 14.07 14.06 14.06 14.06 14.07 14.10 14.09 14.11 14.11 14.09 14.11 14.11 14.15 14.16 14.14 14.12 14.13 14.13 14.11 14.10 14.10 14.08 14.10 14.11 14.09 14.09 14.08 14.08 14.07 14.10 14.13 14.12 14.07 14.04 14.13 14.13 14.16 14.12 14.09 14.09 14.08 14.09 14.11 14.13
14.05 14.05 13.87 13.94 13.93 13.82 13.79 13.80 13.86 13.62 13.60 13.69 13.69 13.78 13.72 13.69 13.61 13.68 13.70 13.74 13.80 13.88 13.86 13.98 14.11 14.13 14.12 14.12 14.13 14.11 14.08 14.06 14.04 14.04 14.04 14.04 14.04 14.06 14.07 14.11 14.10 14.08 14.06 14.06 14.04 14.08 14.13 14.12 14.11 14.13 14.13 14.12 14.13 14.12 14.07 14.05 14.08 14.07 14.07 14.09 14.09 14.09 14.10 14.08 14.09 14.09 14.11 14.12 14.12 14.15 14.09 14.05 14.07 14.07 14.06 14.09 14.09
13.98 13.99 13.94 13.93 13.94 13.87 13.74 13.69 13.69 13.66 13.62 13.80 13.68 13.74 13.74 13.77 13.84 13.84 13.71 13.69 13.75 13.91 13.96 14.02 14.05 14.01 14.03 14.03 14.05 14.02 14.03 14.03 14.10 14.10 14.04 14.03 14.02 14.02 14.03 14.03 14.02 14.07 14.03 14.02 14.02 14.03 14.06 14.06 14.09 14.10 14.08 14.09 14.05 14.09 14.06 14.04 14.04 14.06 14.05 14.05 14.06 14.05 14.05 14.06 14.06 14.07 14.10 14.07 14.07 14.07 14.11 14.10 14.10 14.06 14.06 14.08 14.09
14.03 13.97 13.95 13.95 13.95 13.92 13.77 13.66 13.62 13.62 13.73 13.73 13.67 13.65 13.76 13.79 13.81 13.90 13.86 13.77 13.77 13.86 14.05 14.06 14.02 14.00 13.99 14.00 13.99 13.99 13.99 13.99 14.04 14.12 14.06 14.06 14.04 14.00 14.00 14.00 14.01 14.03 14.02 14.01 14.02 14.01 14.02 14.02 14.07 14.05 14.07 14.04 14.04 14.04 14.06 14.03 14.01 14.01 14.01 14.03 14.04 14.02 14.02 14.03 14.02 14.00 14.01 14.02 14.04 14.08 14.05 14.06 14.08 14.09 14.06 14.07 14.09
13.98 13.99 13.95 13.94 13.95 13.90 13.78 13.70 13.65 13.63 13.75 13.78 13.74 13.71 13.74 13.83 13.85 13.89 13.93 13.91 13.82 13.86 13.97 13.93 13.98 13.98 13.99 13.97 13.98 13.98 13.98 13.96 13.99 14.04 14.04 14.05 14.07 14.03 13.98 13.98 13.99 13.98 13.99 14.00 14.03 14.01 13.98 14.02 14.06 14.04 14.06 14.02 14.02 13.99 13.99 14.02 13.99 13.99 13.98 13.98 13.98 13.99 13.98 13.99 14.01 13.99 13.99 14.00 14.01 14.03 14.01 14.02 14.02 14.02 14.05 14.05 14.04
13.97 14.01 13.93 13.92 13.93 13.90 13.79 13.68 13.63 13.67 13.78 13.74 13.73 13.80 13.80 13.79 13.86 13.88 13.88 13.91 13.95 13.87 13.94 13.96 13.94 13.95 13.96 13.95 13.96 13.95 13.95 13.94 13.94 13.97 14.02 13.97 14.05 14.04 14.02 13.97 13.96 13.96 13.96 13.97 13.98 13.97 13.96 13.99 14.01 14.01 14.02 14.03 14.00 13.97 13.97 13.98 13.98 13.95 13.95 13.96 13.95 13.96 13.97 13.96 13.97 13.97 13.99 13.98 14.00 14.00 13.99 14.00 14.00 13.97 13.97 13.99 14.00
13.98 13.95 13.89 13.85 13.86 13.89 13.87 13.79 13.76 13.76 13.73 13.78 13.70 13.80 13.84 13.78 13.82 13.85 13.84 13.89 13.93 13.95 13.96 13.94 13.95 13.94 13.93 13.92 13.95 13.94 13.92 13.92 13.92 13.98 13.96 14.00 14.00 13.99 13.96 13.96 13.98 13.94 13.93 13.95 13.95 13.96 13.97 13.99 14.01 13.98 13.97 14.01 13.99 13.98 13.98 13.98 13.98 13.96 13.93 13.94 13.93 13.94 13.94 13.95 13.95 13.96 13.97 13.95 13.98 13.97 13.96 13.96 13.98 13.97 13.95 13.97 13.98
13.89 13.94 13.90 13.85 13.85 13.84 13.84 13.80 13.72 13.61 13.62 13.71 13.73 13.81 13.85 13.84 13.82 13.85 13.84 13.89 13.91 13.92 13.92 13.92 13.93 13.92 13.91 13.89 13.92 13.95 13.92 13.91 13.91 13.95 13.90 13.95 13.92 13.91 13.90 13.91 13.96 13.98 13.93 13.94 13.95 13.97 14.00 13.90 13.96 13.97 13.94 13.98 13.95 13.94 13.93 13.92 13.93 13.92 13.97 13.93 13.94 13.93 13.92 13.92 13.93 13.92 13.93 13.92 13.94 13.94 13.94 13.97 14.00 13.97 13.96 13.95 13.94
13.86 13.88 13.89 13.83 13.80 13.68 13.64 13.63 13.64 13.64 13.69 13.71 13.75 13.81 13.83 13.84 13.85 13.85 13.84 13.87 13.88 13.90 13.90 13.92 13.92 13.91 13.90 13.88 13.88 13.93 13.93 13.93 13.91 13.91 13.86 13.90 13.88 13.88 13.88 13.88 13.89 13.93 14.00 13.93 13.92 13.91 13.91 13.98 13.95 13.97 13.91 13.95 13.91 13.90 13.90 13.89 13.89 13.94 13.96 13.97 13.92 13.93 13.94 13.94 13.93 13.92 13.92 13.89 13.89 13.91 13.93 13.95 13.96 13.95 13.96 13.96 13.95
13.84 13.81 13.81 13.69 13.77 13.75 13.71 13.70 13.73 13.72 13.71 13.70 13.73 13.76 13.80 13.85 13.85 13.84 13.84 13.85 13.85 13.86 13.88 13.88 13.86 13.88 13.88 13.87 13.90 13.71 13.92 13.88 13.88 13.87 13.86 13.86 13.86 13.85 13.86 13.86 13.87 13.87 13.90 13.87 13.88 13.87 13.88 13.89 13.87 13.94 13.83 13.91 13.88 13.87 13.86 13.86 13.88 13.93 13.90 13.90 13.91 13.90 13.90 13.89 13.91 13.92 13.91 13.89 13.90 13.88 13.91 13.95 13.92 13.96 13.97 13.94 13.93
13.66 13.45 13.55 13.64 13.73 13.76 13.73 13.69 13.71 13.73 13.75 13.76 13.76 13.78 13.81 13.84 13.84 13.82 13.82 13.83 13.84 13.84 13.88 13.84 13.83 13.84 13.86 13.87 13.85 13.75 13.90 13.84 13.84 13.84 13.84 13.84 13.85 13.84 13.84 13.85 13.87 13.87 13.85 13.87 13.88 13.86 13.87 13.88 13.85 13.88 13.71 13.55 13.90 13.85 13.85 13.85 13.86 13.84 13.87 13.88 13.88 13.86 13.85 13.88 13.88 13.86 13.87 13.88 13.87 13.86 13.87 13.94 13.96 13.99 13.97 13.93 13.91
13.54 13.54 13.64 13.77 13.77 13.75 13.75 13.73 13.69 13.72 13.67 13.73 13.77 13.80 13.79 13.78 13.77 13.79 13.83 13.81 13.82 13.83 13.87 13.82 13.80 13.81 13.86 13.85 13.82 13.88 13.87 13.82 13.82 13.82 13.83 13.82 13.82 13.81 13.86 13.85 13.84 13.82 13.83 13.83 13.83 13.82 13.84 13.83 13.82 13.83 13.84 13.87 13.73 13.82 13.84 13.83 13.82 13.82 13.85 13.88 13.87 13.83 13.82 13.84 13.85 13.85 13.86 13.85 13.86 13.85 13.87 13.89 13.93 13.98 13.96 13.90 13.91
13.57 13.65 13.67 13.76 13.79 13.77 13.74 13.74 13.66 13.65 13.65 13.71 13.74 13.76 13.74 13.75 13.76 13.78 13.79 13.79 13.79 13.81 13.83 13.79 13.78 13.78 13.81 13.88 13.83 13.86 13.82 13.81 13.80 13.81 13.81 13.81 13.81 13.80 13.83 13.86 13.83 13.80 13.81 13.82 13.81 13.81 13.79 13.78 13.74 13.74 13.79 13.81 13.78 13.78 13.88 13.86 13.83 13.82 13.82 13.85 13.85 13.82 13.80 13.81 13.81 13.85 13.86 13.85 13.89 13.89 13.94 13.89 13.94 13.94 13.90 13.88 13.88
13.58 13.67 13.70 13.74 13.76 13.76 13.74 13.71 13.68 13.58 13.64 13.68 13.72 13.75 13.75 13.74 13.75 13.76 13.76 13.76 13.77 13.78 13.78 13.77 13.75 13.76 13.81 13.81 13.79 13.79 13.79 13.78 13.77 13.77 13.77 13.75 13.76 13.76 13.79 13.80 13.79 13.80 13.80 13.78 13.78 13.75 13.74 13.70 13.70 13.71 13.73 13.71 13.70 13.69 13.79 13.86 13.59 13.83 13.85 13.81 13.79 13.78 13.78 13.77 13.77 13.78 13.80 13.83 13.85 13.81 13.88 13.89 13.90 13.89 13.85 13.86 13.90
13.56 13.68 13.68 13.71 13.74 13.76 13.73 13.70 13.71 13.67 13.70 13.64 13.69 13.73 13.75 13.77 13.74 13.74 13.74 13.74 13.73 13.75 13.76 13.76 13.75 13.74 13.75 13.78 13.77 13.77 13.79 13.77 13.75 13.74 13.75 13.77 13.75 13.75 13.76 13.78 13.79 13.76 13.75 13.76 13.76 13.74 13.74 13.74 13.72 13.71 13.68 13.68 13.70 13.71 13.76 13.78 13.75 13.65 13.66 13.83 13.77 13.75 13.75 13.76 13.75 13.77 13.76 13.80 13.80 13.82 13.83 13.81 13.80 13.88 13.86 13.81 13.90
13.59 13.57 13.61 13.66 13.70 13.71 13.68 13.68 13.68 13.68 13.72 13.69 13.68 13.72 13.74 13.73 13.74 13.74 13.71 13.72 13.71 13.72 13.72 13.72 13.71 13.72 13.72 13.74 13.74 13.70 13.70 13.75 13.72 13.71 13.72 13.73 13.71 13.73 13.72 13.72 13.73 13.76 13.74 13.73 13.72 13.72 13.72 13.71 13.70 13.69 13.68 13.69 13.70 13.74 13.79 13.78 13.80 13.73 13.68 13.77 13.80 13.76 13.74 13.74 13.74 13.74 13.73 13.74 13.75 13.78 13.79 13.80 13.76 13.72 13.79 13.80 13.82
13.64 13.60 13.61 13.64 13.67 13.68 13.69 13.66 13.67 13.70 13.70 13.70 13.70 13.73 13.72 13.70 13.73 13.77 13.70 13.70 13.69 13.69 13.70 13.69 13.69 13.71 13.68 13.70 13.71 13.69 13.70 13.71 13.73 13.70 13.72 13.71 13.70 13.69 13.70 13.71 13.73 13.74 13.72 13.71 13.71 13.70 13.71 13.70 13.71 13.70 13.68 13.68 13.71 13.71 13.74 13.72 13.74 13.74 13.68 13.73 13.76 13.76 13.76 13.72 13.72 13.72 13.71 13.72 13.72 13.71 13.72 13.74 13.76 13.81 13.80 13.81 13.85
13.59 13.60 13.61 13.61 13.62 13.62 13.67 13.67 13.66 13.71 13.70 13.69 13.69 13.69 13.70 13.68 13.70 13.75 13.70 13.67 13.70 13.68 13.67 13.67 13.67 13.66 13.66 13.66 13.68 13.67 13.68 13.69 13.67 13.69 13.68 13.70 13.68 13.67 13.67 13.67 13.72 13.70 13.72 13.69 13.70 13.68 13.68 13.67 13.68 13.70 13.70 13.68 13.67 13.68 13.68 13.66 13.65 13.69 13.69 13.70 13.70 13.71 13.75 13.76 13.72 13.69 13.68 13.67 13.67 13.68 13.70 13.69 13.71 13.77 13.79 13.77 13.76
13.50 13.59 13.58 13.58 13.58 13.61 13.63 13.66 13.66 13.68 13.68 13.69 13.66 13.65 13.66 13.65 13.66 13.70 13.69 13.66 13.68 13.68 13.65 13.66 13.66 13.62 13.65 13.65 13.64 13.62 13.64 13.66 13.67 13.68 13.66 13.67 13.65 13.64 13.66 13.64 13.65 13.68 13.70 13.69 13.69 13.67 13.66 13.65 13.66 13.66 13.68 13.65 13.66 13.65 13.66 13.66 13.65 13.67 13.69 13.70 13.70 13.72 13.70 13.71 13.74 13.71 13.68 13.67 13.69 13.69 13.70 13.70 13.71 13.73 13.76 13.79 13.76
