main/data/irradiance/22.10.2023.grid
ncols 839
nrows 679
xllcenter 112.0500
yllcenter -43.9500
cellsize 0.0500
nodata_value 99999.90
[rows 136 to 169 of 679, columns 154 to 230 of 839]
99999.90 99999.90 99999.90 99999.90 99999.90 99999.90 99999.90 99999.90 99999.90 99999.90 99999.90 99999.90 99999.90 99999.90 99999.90 99999.90 99999.90 99999.90 99999.90 99999.90 99999.90 99999.90 99999.90 99999.90 99999.90 99999.90 99999.90 99999.90 99999.90 99999.90 99999.90 99999.90 99999.90 99999.90 99999.90 99999.90 99999.90 99999.90 99999.90 28.01 28.01 28.01 28.01 28.01 28.01 28.01 28.01 28.04 28.04 28.04 28.04 28.04 28.01 28.01 27.80 27.80 27.80 27.80 27.94 27.94 27.96 27.97 27.96 27.99 28.03 28.05 28.04 27.93 27.93 27.93 28.07 28.07 28.00 28.00 27.96 27.91 27.91
99999.90 99999.90 99999.90 99999.90 99999.90 99999.90 99999.90 99999.90 99999.90 99999.90 99999.90 99999.90 99999.90 99999.90 99999.90 99999.90 99999.90 99999.90 99999.90 99999.90 99999.90 99999.90 99999.90 99999.90 99999.90 99999.90 99999.90 99999.90 99999.90 99999.90 99999.90 99999.90 99999.90 99999.90 99999.90 99999.90 99999.90 99999.90 99999.90 28.01 28.01 28.01 28.01 28.01 28.01 28.01 28.01 28.01 28.04 28.04 28.04 28.04 28.01 28.01 28.01 27.79 27.79 27.79 27.85 27.91 27.92 27.82 27.78 27.88 27.92 27.96 27.98 27.99 27.99 28.07 28.07 28.00 28.00 28.00 28.01 28.01 28.01
99999.90 99999.90 99999.90 99999.90 99999.90 99999.90 99999.90 99999.90 99999.90 99999.90 99999.90 99999.90 99999.90 99999.90 99999.90 99999.90 99999.90 99999.90 99999.90 99999.90 99999.90 99999.90 99999.90 99999.90 99999.90 99999.90 99999.90 99999.90 99999.90 99999.90 99999.90 99999.90 99999.90 99999.90 99999.90 99999.90 99999.90 99999.90 99999.90 28.01 28.01 28.01 28.01 28.01 28.01 28.01 28.01 28.01 28.01 28.04 28.04 28.04 28.04 28.01 28.01 27.96 28.08 28.08 27.91 27.82 27.89 27.87 27.81 27.82 27.87 27.96 27.94 28.03 28.07 28.07 28.00 28.00 28.00 28.00 28.01 28.01 28.01
99999.90 99999.90 99999.90 99999.90 99999.90 99999.90 99999.90 99999.90 99999.90 99999.90 99999.90 99999.90 99999.90 99999.90 99999.90 99999.90 99999.90 99999.90 99999.90 99999.90 99999.90 99999.90 99999.90 99999.90 99999.90 99999.90 99999.90 99999.90 99999.90 99999.90 99999.90 99999.90 99999.90 99999.90 99999.90 99999.90 99999.90 99999.90 27.49 28.01 28.01 28.01 28.01 28.01 28.01 28.01 28.01 28.01 28.01 28.01 28.04 28.04 28.04 28.01 28.01 27.96 27.85 28.00 27.97 27.91 27.90 27.92 27.85 27.88 27.86 27.92 27.94 27.78 27.88 28.00 28.00 28.00 28.01 28.01 28.01 28.01 28.01
99999.90 99999.90 99999.90 99999.90 99999.90 99999.90 99999.90 99999.90 99999.90 99999.90 99999.90 99999.90 99999.90 99999.90 99999.90 99999.90 99999.90 99999.90 99999.90 99999.90 99999.90 99999.90 99999.90 99999.90 99999.90 99999.90 99999.90 99999.90 99999.90 99999.90 99999.90 99999.90 99999.90 99999.90 99999.90 99999.90 99999.90 99999.90 27.49 28.01 28.01 28.01 28.01 28.01 28.01 28.01 28.17 28.01 28.01 28.01 28.01 28.04 28.04 27.89 27.94 27.97 27.88 27.81 27.91 27.91 27.92 27.92 27.90 27.82 27.76 27.76 27.89 28.02 27.94 28.01 28.01 28.01 28.01 28.01 28.01 28.01 28.01
99999.90 99999.90 99999.90 99999.90 99999.90 99999.90 99999.90 99999.90 99999.90 99999.90 99999.90 99999.90 99999.90 99999.90 99999.90 99999.90 99999.90 99999.90 99999.90 99999.90 99999.90 99999.90 99999.90 99999.90 99999.90 99999.90 99999.90 99999.90 99999.90 99999.90 99999.90 99999.90 99999.90 99999.90 99999.90 99999.90 99999.90 99999.90 27.49 28.01 28.01 28.01 28.01 28.01 28.01 28.01 28.01 28.17 28.17 28.01 28.01 28.01 27.78 27.93 27.97 27.94 27.92 27.86 27.88 27.88 27.87 27.76 27.80 27.88 27.82 27.85 27.92 27.96 27.99 27.98 28.01 28.01 28.01 27.78 28.01 28.01 28.01
99999.90 99999.90 99999.90 99999.90 99999.90 99999.90 99999.90 99999.90 99999.90 99999.90 99999.90 99999.90 99999.90 99999.90 99999.90 99999.90 99999.90 99999.90 99999.90 99999.90 99999.90 99999.90 99999.90 99999.90 99999.90 99999.90 99999.90 99999.90 99999.90 99999.90 99999.90 99999.90 99999.90 99999.90 99999.90 99999.90 99999.90 99999.90 27.49 28.01 28.01 28.01 28.01 28.01 28.01 28.01 28.01 28.01 28.17 28.17 28.19 28.19 27.98 27.92 27.95 27.97 27.93 27.74 27.86 27.83 27.83 27.79 27.73 27.89 27.94 27.94 27.96 27.98 28.01 27.99 28.02 28.02 27.78 27.78 28.01 28.01 28.01
99999.90 99999.90 99999.90 99999.90 99999.90 99999.90 99999.90 99999.90 99999.90 99999.90 99999.90 99999.90 99999.90 99999.90 99999.90 99999.90 99999.90 99999.90 99999.90 99999.90 99999.90 99999.90 99999.90 99999.90 99999.90 99999.90 99999.90 99999.90 99999.90 99999.90 99999.90 99999.90 99999.90 99999.90 99999.90 99999.90 99999.90 99999.90 27.49 28.01 28.01 28.01 28.01 28.01 28.01 28.01 28.01 28.01 28.01 28.17 28.17 27.94 27.90 27.88 27.94 27.96 27.91 27.79 27.73 27.81 27.74 27.39 27.28 27.73 27.96 27.96 27.98 27.96 27.92 27.88 27.92 27.78 27.78 28.01 28.01 28.01 28.15
99999.90 99999.90 99999.90 99999.90 99999.90 99999.90 99999.90 99999.90 99999.90 99999.90 99999.90 99999.90 99999.90 99999.90 99999.90 99999.90 99999.90 99999.90 99999.90 99999.90 99999.90 99999.90 99999.90 99999.90 99999.90 99999.90 99999.90 99999.90 99999.90 99999.90 99999.90 99999.90 99999.90 99999.90 99999.90 99999.90 99999.90 99999.90 27.49 28.01 28.01 28.01 28.01 28.01 28.01 28.01 28.01 28.01 28.01 28.01 28.01 27.87 27.87 27.90 27.94 27.92 27.84 27.82 27.87 27.75 27.52 27.39 27.45 27.53 27.75 27.90 27.99 27.97 27.90 27.85 27.85 27.80 28.01 28.01 28.01 28.31 28.17
99999.90 99999.90 99999.90 99999.90 99999.90 99999.90 99999.90 99999.90 99999.90 99999.90 99999.90 99999.90 99999.90 99999.90 99999.90 99999.90 99999.90 99999.90 99999.90 99999.90 99999.90 99999.90 99999.90 99999.90 99999.90 99999.90 99999.90 99999.90 99999.90 99999.90 99999.90 99999.90 99999.90 99999.90 99999.90 99999.90 99999.90 99999.90 27.49 27.49 27.49 27.83 27.83 27.83 27.83 27.83 27.83 27.83 27.83 27.83 27.89 27.87 27.84 27.89 27.87 27.92 27.97 27.93 27.93 27.78 27.55 27.58 27.57 27.56 27.73 27.85 27.90 27.83 27.86 27.86 27.79 28.16 28.15 28.15 28.31 28.31 28.25
99999.90 99999.90 99999.90 99999.90 99999.90 99999.90 99999.90 99999.90 99999.90 99999.90 99999.90 99999.90 99999.90 99999.90 99999.90 99999.90 99999.90 99999.90 99999.90 99999.90 99999.90 99999.90 99999.90 99999.90 99999.90 99999.90 99999.90 99999.90 99999.90 99999.90 99999.90 99999.90 99999.90 99999.90 99999.90 99999.90 99999.90 99999.90 27.49 27.49 27.49 27.49 27.49 27.49 27.90 27.90 27.90 27.90 27.90 27.90 27.91 27.88 27.83 27.91 27.89 27.90 27.96 27.97 27.84 27.82 27.54 27.41 27.56 27.68 27.65 27.87 27.85 27.88 27.87 27.85 27.71 28.26 28.21 28.31 28.31 28.31 28.25
99999.90 99999.90 99999.90 99999.90 99999.90 99999.90 99999.90 99999.90 99999.90 99999.90 99999.90 99999.90 99999.90 99999.90 99999.90 99999.90 99999.90 99999.90 99999.90 99999.90 99999.90 99999.90 99999.90 99999.90 99999.90 99999.90 99999.90 99999.90 99999.90 99999.90 99999.90 99999.90 99999.90 99999.90 99999.90 99999.90 99999.90 99999.90 27.49 27.49 27.49 27.49 27.49 27.49 27.49 27.49 27.49 27.87 27.87 27.87 27.90 27.88 27.90 27.98 27.86 27.83 27.71 27.64 27.66 27.70 27.73 27.74 27.67 27.68 27.69 27.85 27.86 27.90 28.05 27.94 27.85 28.14 28.35 28.31 28.31 27.65 28.36
99999.90 99999.90 99999.90 99999.90 99999.90 99999.90 99999.90 99999.90 99999.90 99999.90 99999.90 99999.90 99999.90 99999.90 99999.90 99999.90 99999.90 99999.90 99999.90 99999.90 99999.90 99999.90 99999.90 99999.90 99999.90 99999.90 99999.90 99999.90 99999.90 99999.90 99999.90 99999.90 99999.90 99999.90 99999.90 99999.90 99999.90 99999.90 27.49 27.49 27.49 27.49 27.49 27.49 27.49 27.49 27.49 27.49 27.84 27.84 27.90 27.82 27.89 27.89 27.78 27.67 27.52 27.57 27.67 27.53 27.73 27.77 27.78 27.62 27.75 27.84 27.75 27.84 27.80 27.75 27.82 28.01 28.16 27.41 27.65 27.65 28.21
99999.90 99999.90 99999.90 99999.90 99999.90 99999.90 99999.90 99999.90 99999.90 99999.90 99999.90 99999.90 99999.90 99999.90 99999.90 99999.90 99999.90 99999.90 99999.90 99999.90 99999.90 99999.90 99999.90 99999.90 99999.90 99999.90 99999.90 99999.90 99999.90 99999.90 99999.90 99999.90 99999.90 99999.90 99999.90 99999.90 99999.90 99999.90 27.49 27.49 27.49 27.49 27.49 27.49 27.49 27.49 27.49 27.49 27.49 27.84 27.80 27.78 27.78 27.77 27.71 27.49 27.36 27.35 27.52 27.66 27.54 27.56 27.79 27.64 27.49 27.76 27.74 27.88 27.77 27.57 27.62 27.78 27.94 27.56 27.77 28.22 28.22
99999.90 99999.90 99999.90 99999.90 99999.90 99999.90 99999.90 99999.90 99999.90 99999.90 99999.90 99999.90 99999.90 99999.90 99999.90 99999.90 99999.90 99999.90 99999.90 99999.90 99999.90 99999.90 99999.90 99999.90 99999.90 99999.90 99999.90 99999.90 99999.90 99999.90 99999.90 99999.90 99999.90 99999.90 99999.90 99999.90 99999.90 99999.90 27.47 27.47 27.47 27.47 27.47 27.47 27.47 27.47 27.47 27.47 27.47 27.86 27.87 27.87 27.85 27.77 27.72 27.57 27.37 27.19 27.31 27.44 27.33 27.27 27.67 27.70 27.54 27.72 27.81 27.80 27.79 27.74 27.95 27.97 27.90 27.90 28.22 28.21 28.21
99999.90 99999.90 99999.90 99999.90 99999.90 99999.90 99999.90 99999.90 99999.90 99999.90 99999.90 99999.90 99999.90 99999.90 99999.90 99999.90 99999.90 99999.90 99999.90 99999.90 99999.90 99999.90 99999.90 99999.90 99999.90 99999.90 99999.90 99999.90 99999.90 99999.90 99999.90 99999.90 99999.90 99999.90 99999.90 99999.90 99999.90 99999.90 27.47 27.47 27.47 27.47 27.47 27.47 27.47 27.47 27.47 27.47 27.47 27.89 27.87 27.91 27.91 27.86 27.73 27.67 27.67 27.59 27.59 27.65 27.50 27.38 27.59 27.72 27.68 27.63 27.82 27.82 27.87 27.85 27.94 27.85 27.80 28.02 28.34 28.25 28.20
99999.90 99999.90 99999.90 99999.90 99999.90 99999.90 99999.90 99999.90 99999.90 99999.90 99999.90 99999.90 99999.90 99999.90 99999.90 99999.90 99999.90 99999.90 99999.90 99999.90 99999.90 99999.90 99999.90 99999.90 99999.90 99999.90 99999.90 99999.90 99999.90 99999.90 99999.90 99999.90 99999.90 99999.90 99999.90 99999.90 99999.90 99999.90 27.47 27.47 27.47 27.47 27.47 27.47 27.47 27.47 27.47 27.90 27.90 27.90 27.94 27.92 27.96 27.92 27.85 27.75 27.72 27.72 27.69 27.69 27.57 27.64 27.65 27.69 27.60 27.73 27.90 27.92 27.91 27.86 27.82 27.85 27.82 28.23 28.31 28.22 28.08
99999.90 99999.90 99999.90 99999.90 99999.90 99999.90 99999.90 99999.90 99999.90 99999.90 99999.90 99999.90 99999.90 99999.90 99999.90 99999.90 99999.90 99999.90 99999.90 99999.90 99999.90 99999.90 99999.90 99999.90 99999.90 99999.90 99999.90 99999.90 99999.90 99999.90 99999.90 99999.90 99999.90 99999.90 99999.90 99999.90 99999.90 99999.90 27.47 27.47 27.47 27.47 27.47 27.47 27.47 27.90 27.90 27.90 27.90 27.90 27.90 27.83 27.91 27.91 27.84 27.83 27.73 27.68 27.74 27.77 27.71 27.63 27.73 27.76 27.81 27.84 27.80 27.83 27.86 27.77 27.87 27.91 27.97 28.02 28.04 28.01 28.02
99999.90 99999.90 99999.90 99999.90 99999.90 99999.90 99999.90 99999.90 99999.90 99999.90 99999.90 99999.90 99999.90 99999.90 99999.90 99999.90 99999.90 99999.90 99999.90 99999.90 99999.90 99999.90 99999.90 99999.90 99999.90 99999.90 99999.90 99999.90 99999.90 99999.90 99999.90 99999.90 99999.90 99999.90 99999.90 99999.90 99999.90 99999.90 27.47 27.47 27.47 27.47 27.47 27.90 27.90 27.90 27.90 27.90 28.00 28.00 28.00 27.92 27.92 27.82 27.63 27.67 27.62 27.57 27.59 27.79 27.88 27.83 27.79 27.82 27.84 27.79 27.73 27.80 27.83 27.84 27.80 27.88 27.94 27.92 27.88 27.90 27.97
99999.90 99999.90 99999.90 99999.90 99999.90 99999.90 99999.90 99999.90 99999.90 99999.90 99999.90 99999.90 99999.90 99999.90 99999.90 99999.90 99999.90 99999.90 99999.90 99999.90 99999.90 99999.90 99999.90 99999.90 99999.90 99999.90 99999.90 99999.90 99999.90 99999.90 99999.90 99999.90 99999.90 99999.90 99999.90 99999.90 99999.90 99999.90 27.47 27.47 27.47 27.90 27.90 27.90 27.90 27.90 27.85 27.85 27.85 27.85 27.85 27.81 27.80 27.72 27.53 27.55 27.69 27.63 27.70 27.80 27.87 27.79 27.70 27.85 27.62 27.70 27.74 27.81 27.82 27.72 27.75 27.83 27.75 27.72 27.78 28.05 27.95
99999.90 99999.90 99999.90 99999.90 99999.90 99999.90 99999.90 99999.90 99999.90 99999.90 99999.90 99999.90 99999.90 99999.90 99999.90 99999.90 99999.90 99999.90 99999.90 99999.90 99999.90 99999.90 99999.90 99999.90 99999.90 99999.90 99999.90 99999.90 99999.90 99999.90 99999.90 99999.90 99999.90 99999.90 99999.90 99999.90 99999.90 27.33 27.47 27.90 27.90 27.90 27.73 27.73 27.73 27.73 27.73 27.73 27.73 27.73 27.73 27.69 27.67 27.55 27.53 27.48 27.64 27.75 27.85 27.79 27.76 27.48 27.37 27.41 27.55 27.61 27.66 27.75 27.77 27.89 27.78 27.67 27.69 27.80 27.84 27.86 27.92
99999.90 99999.90 99999.90 99999.90 99999.90 99999.90 99999.90 99999.90 99999.90 99999.90 99999.90 99999.90 99999.90 99999.90 99999.90 99999.90 99999.90 99999.90 99999.90 99999.90 99999.90 99999.90 99999.90 99999.90 99999.90 99999.90 99999.90 99999.90 99999.90 99999.90 99999.90 99999.90 99999.90 99999.90 99999.90 99999.90 27.50 27.33 27.47 27.90 27.74 27.74 27.74 27.74 27.74 27.74 27.74 27.74 27.74 27.74 27.74 27.60 27.56 27.48 27.40 27.43 27.80 27.76 27.62 27.61 27.50 27.50 27.42 27.31 27.56 27.72 27.89 27.91 27.80 27.78 27.70 27.50 27.49 27.40 27.51 27.72 27.90
99999.90 99999.90 99999.90 99999.90 99999.90 99999.90 99999.90 99999.90 99999.90 99999.90 99999.90 99999.90 99999.90 99999.90 99999.90 99999.90 99999.90 99999.90 99999.90 99999.90 99999.90 99999.90 99999.90 99999.90 99999.90 99999.90 99999.90 99999.90 99999.90 99999.90 99999.90 99999.90 99999.90 99999.90 99999.90 27.81 27.50 27.50 27.33 27.33 27.78 27.78 27.78 27.78 27.78 27.78 27.78 27.78 27.78 27.78 27.78 27.54 27.73 27.94 27.88 27.87 27.84 27.75 27.58 27.61 27.46 27.48 27.33 27.34 27.50 27.70 27.80 27.90 27.80 27.84 27.69 27.56 27.17 27.22 27.49 27.71 27.95
99999.90 99999.90 99999.90 99999.90 99999.90 99999.90 99999.90 99999.90 99999.90 99999.90 99999.90 99999.90 99999.90 99999.90 99999.90 99999.90 99999.90 99999.90 99999.90 99999.90 99999.90 99999.90 99999.90 99999.90 99999.90 99999.90 99999.90 99999.90 99999.90 99999.90 99999.90 99999.90 27.90 27.90 27.90 27.90 27.90 27.90 27.90 27.90 27.33 27.78 27.78 27.78 27.78 27.78 27.78 27.78 27.78 27.78 27.78 27.54 27.73 28.29 27.82 27.76 27.81 27.55 27.46 27.20 27.24 27.24 27.28 27.39 27.41 27.55 27.73 27.85 27.77 27.64 27.77 27.68 27.21 27.25 27.56 27.75 27.81
99999.90 99999.90 99999.90 99999.90 99999.90 99999.90 99999.90 99999.90 99999.90 99999.90 99999.90 99999.90 99999.90 99999.90 99999.90 99999.90 99999.90 99999.90 99999.90 99999.90 99999.90 99999.90 99999.90 99999.90 99999.90 99999.90 99999.90 99999.90 99999.90 99999.90 99999.90 27.94 27.90 27.90 27.90 27.90 27.90 27.90 27.90 27.90 27.33 27.33 27.40 27.40 27.78 27.78 27.78 27.78 27.78 27.78 27.78 27.54 28.15 28.15 27.69 27.55 27.16 26.95 26.90 26.91 26.95 26.89 27.11 27.31 27.28 27.32 27.47 27.58 27.59 27.60 27.60 27.60 27.31 27.19 27.31 27.40 27.65
99999.90 99999.90 99999.90 99999.90 99999.90 99999.90 99999.90 99999.90 99999.90 99999.90 99999.90 99999.90 99999.90 99999.90 99999.90 99999.90 99999.90 99999.90 99999.90 99999.90 99999.90 99999.90 99999.90 99999.90 99999.90 99999.90 99999.90 99999.90 99999.90 99999.90 99999.90 27.94 27.94 27.90 27.90 27.90 27.90 27.90 27.90 27.90 27.90 27.33 27.33 27.40 27.40 27.56 27.56 27.56 27.56 27.36 27.72 27.72 28.01 28.01 27.27 27.03 26.73 26.85 26.77 26.83 26.89 26.79 26.80 26.90 27.01 27.00 27.13 27.26 27.38 27.56 27.55 27.52 27.44 27.43 27.44 27.38 27.29
99999.90 99999.90 99999.90 99999.90 99999.90 99999.90 99999.90 99999.90 99999.90 99999.90 99999.90 99999.90 99999.90 99999.90 99999.90 99999.90 99999.90 99999.90 99999.90 99999.90 99999.90 99999.90 99999.90 99999.90 99999.90 99999.90 99999.90 99999.90 99999.90 99999.90 99999.90 27.94 27.94 27.94 27.90 27.90 27.90 27.90 27.90 27.90 27.90 27.50 27.33 27.33 27.40 27.40 27.56 27.56 27.56 27.56 27.36 27.72 27.72 27.16 26.88 26.74 26.82 26.84 26.75 26.88 27.17 27.07 26.90 26.48 26.42 26.41 26.46 26.76 27.10 27.41 27.39 27.41 27.34 27.49 27.62 27.64 27.58
99999.90 99999.90 99999.90 99999.90 99999.90 99999.90 99999.90 99999.90 99999.90 99999.90 99999.90 99999.90 99999.90 99999.90 99999.90 99999.90 99999.90 99999.90 99999.90 99999.90 99999.90 99999.90 99999.90 99999.90 99999.90 99999.90 99999.90 99999.90 99999.90 99999.90 28.04 27.94 27.94 27.94 27.94 27.90 27.90 27.90 27.90 27.90 27.90 27.90 27.50 27.33 27.33 27.40 27.40 27.56 27.56 27.56 27.36 27.36 27.04 26.74 26.64 26.60 26.99 27.09 27.04 27.33 27.56 27.48 27.13 26.64 26.33 26.18 26.41 26.57 27.07 27.32 27.29 27.32 27.39 27.49 27.70 27.79 27.83
99999.90 99999.90 99999.90 99999.90 99999.90 99999.90 99999.90 99999.90 99999.90 99999.90 99999.90 99999.90 99999.90 99999.90 99999.90 99999.90 99999.90 99999.90 99999.90 99999.90 99999.90 99999.90 99999.90 99999.90 99999.90 99999.90 99999.90 99999.90 27.97 27.97 27.97 27.94 27.94 27.94 27.94 27.94 27.90 27.90 27.90 27.90 27.90 27.90 27.50 27.50 27.33 27.33 27.40 27.40 27.56 27.56 27.35 26.83 26.72 26.66 26.74 26.81 27.07 27.17 27.46 27.56 27.58 27.56 27.41 27.39 27.33 27.06 26.97 26.88 27.11 27.20 27.25 27.33 27.45 27.56 27.77 27.84 27.88
99999.90 99999.90 99999.90 99999.90 99999.90 99999.90 99999.90 99999.90 99999.90 99999.90 99999.90 99999.90 99999.90 99999.90 99999.90 99999.90 99999.90 99999.90 99999.90 99999.90 99999.90 99999.90 99999.90 99999.90 99999.90 99999.90 99999.90 99999.90 27.97 27.97 27.97 27.94 27.94 27.94 27.94 27.94 27.94 27.90 27.90 27.90 27.90 27.90 27.90 27.50 27.50 27.33 27.33 27.40 27.40 27.60 27.20 27.09 27.01 27.05 27.15 27.23 27.22 27.26 27.39 27.36 27.50 27.70 27.69 27.57 27.73 27.62 27.60 27.48 27.49 27.61 27.60 27.67 27.76 27.72 27.78 27.88 27.83
99999.90 99999.90 99999.90 99999.90 99999.90 99999.90 99999.90 99999.90 99999.90 99999.90 99999.90 99999.90 99999.90 99999.90 99999.90 99999.90 99999.90 99999.90 99999.90 99999.90 99999.90 99999.90 99999.90 99999.90 99999.90 99999.90 99999.90 99999.90 27.97 27.97 27.97 27.97 27.94 27.94 27.94 27.94 27.94 27.94 27.90 27.90 27.90 27.90 27.90 27.81 27.50 27.50 27.33 27.33 27.15 27.24 27.30 27.11 27.01 26.96 27.04 27.21 27.26 27.33 27.41 27.50 27.55 27.67 27.67 27.62 27.78 27.85 27.81 27.82 27.63 27.72 27.76 27.86 27.88 27.84 27.88 27.91 27.93
99999.90 99999.90 99999.90 99999.90 99999.90 99999.90 99999.90 99999.90 99999.90 99999.90 99999.90 99999.90 99999.90 99999.90 99999.90 99999.90 99999.90 99999.90 99999.90 99999.90 99999.90 99999.90 99999.90 99999.90 99999.90 99999.90 99999.90 99999.90 27.97 27.97 27.97 27.97 27.97 27.94 27.94 27.94 27.94 27.94 27.94 27.90 27.90 27.90 27.90 27.92 27.81 27.50 27.50 27.41 27.45 27.41 27.26 27.28 27.15 27.13 27.21 27.26 27.32 27.36 27.31 27.43 27.45 27.38 27.28 27.41 27.65 27.86 27.89 27.84 27.85 27.88 27.80 27.89 27.92 27.96 27.94 27.90 27.97
99999.90 99999.90 99999.90 99999.90 99999.90 99999.90 99999.90 99999.90 99999.90 99999.90 99999.90 99999.90 99999.90 99999.90 99999.90 99999.90 99999.90 99999.90 99999.90 99999.90 99999.90 99999.90 99999.90 99999.90 99999.90 99999.90 99999.90 28.14 27.97 27.97 27.97 27.97 27.97 27.97 27.97 27.94 27.94 27.94 27.94 27.94 27.90 27.90 27.90 27.92 27.81 27.81 27.88 27.87 27.86 27.89 27.97 27.97 27.82 27.69 27.53 27.34 27.15 27.13 27.09 27.08 27.13 27.21 27.27 27.46 27.68 27.69 27.54 27.46 27.38 27.46 27.67 27.66 27.69 27.63 27.71 27.81 27.90
99999.90 99999.90 99999.90 99999.90 99999.90 99999.90 99999.90 99999.90 99999.90 99999.90 99999.90 99999.90 99999.90 99999.90 99999.90 99999.90 99999.90 99999.90 99999.90 99999.90 99999.90 99999.90 99999.90 99999.90 99999.90 99999.90 99999.90 28.14 27.97 27.97 27.97 27.97 27.97 27.97 27.97 27.97 27.94 27.94 27.94 27.94 27.94 27.90 27.90 27.92 27.86 27.90 27.88 27.88 27.90 27.91 27.97 27.99 27.98 27.91 27.60 27.25 27.17 26.96 26.93 27.18 27.33 27.56 27.59 27.54 27.41 27.28 27.07 27.23 27.37 27.61 27.73 27.75 27.61 27.62 27.56 27.68 27.89
