main/data/irradiance/22.10.2023.grid
ncols 839
nrows 679
xllcenter 112.0500
yllcenter -43.9500
cellsize 0.0500
nodata_value 99999.90
[rows 408 to 441 of 679, columns 385 to 461 of 839]
26.72 26.68 26.77 26.95 27.10 27.12 27.14 27.20 27.16 26.98 26.77 26.75 26.61 26.50 26.53 26.50 26.59 26.75 26.81 26.78 26.80 26.84 26.85 26.88 26.85 26.86 26.83 26.83 26.85 26.79 26.83 26.86 26.78 26.76 26.74 26.72 26.69 26.71 26.68 26.76 26.75 26.74 26.72 26.72 26.71 26.77 26.76 26.72 26.73 26.74 26.77 26.73 26.72 26.79 26.75 26.71 26.75 26.80 26.83 26.75 26.80 26.82 26.75 26.72 26.74 26.82 26.80 26.83 26.83 26.86 26.91 26.97 26.84 26.79 26.81 26.86 26.87
26.53 26.58 26.81 27.00 27.09 27.15 27.14 27.13 27.09 27.07 26.97 26.71 26.63 26.63 26.63 26.58 26.61 26.61 26.69 26.68 26.66 26.73 26.78 26.85 26.87 26.89 26.87 26.83 26.77 26.77 26.77 26.74 26.70 26.73 26.75 26.76 26.75 26.71 26.70 26.73 26.76 26.76 26.71 26.71 26.75 26.76 26.80 26.72 26.72 26.74 26.72 26.75 26.75 26.75 26.72 26.72 26.76 26.79 26.86 26.84 26.78 26.79 26.77 26.72 26.75 26.75 26.84 26.87 26.89 26.90 26.90 26.86 26.87 26.84 26.86 26.78 26.76
26.53 26.64 26.82 27.01 27.09 27.10 27.10 27.10 27.07 26.99 26.84 26.86 26.86 26.78 26.65 26.58 26.62 26.60 26.64 26.56 26.63 26.78 26.81 26.80 26.80 26.85 26.85 26.83 26.80 26.77 26.74 26.76 26.73 26.74 26.72 26.74 26.77 26.73 26.72 26.74 26.77 26.77 26.74 26.71 26.70 26.74 26.74 26.77 26.80 26.75 26.72 26.77 26.72 26.76 26.76 26.77 26.78 26.76 26.79 26.93 26.93 26.89 26.79 26.78 26.70 26.76 26.75 26.82 26.92 26.81 26.83 26.80 26.89 26.95 26.94 26.91 26.90
26.47 26.54 26.76 26.85 27.03 27.10 27.10 27.12 27.02 26.83 26.97 26.92 26.84 26.82 26.84 26.62 26.53 26.69 26.67 26.71 26.83 26.85 26.81 26.82 26.83 26.78 26.82 26.82 26.80 26.78 26.72 26.75 26.73 26.74 26.72 26.73 26.72 26.74 26.70 26.74 26.77 26.76 26.70 26.73 26.72 26.68 26.75 26.70 26.78 26.81 26.75 26.76 26.74 26.72 26.75 26.78 26.78 26.74 26.82 26.96 26.88 26.85 26.85 26.82 26.83 26.85 26.76 26.84 26.86 26.85 26.86 26.86 26.89 26.92 26.94 26.92 26.90
26.46 26.49 26.48 26.66 26.78 27.04 27.09 27.00 27.01 27.04 27.05 26.92 26.88 26.91 26.71 26.68 26.68 26.57 26.58 26.70 26.75 26.80 26.88 26.89 26.87 26.85 26.83 26.83 26.79 26.77 26.82 26.83 26.87 26.80 26.76 26.75 26.68 26.63 26.59 26.65 26.65 26.65 26.66 26.72 26.72 26.70 26.67 26.76 26.73 26.74 26.74 26.73 26.79 26.81 26.83 26.84 26.80 26.81 26.76 26.83 26.82 26.73 26.74 26.75 26.79 26.86 26.80 26.79 26.77 26.86 26.87 26.73 26.82 26.82 26.75 26.70 26.57
26.39 26.44 26.44 26.65 26.80 26.95 27.00 27.03 27.00 27.03 26.92 26.92 26.95 26.88 26.72 26.69 26.48 26.46 26.57 26.61 26.72 26.78 26.83 26.85 26.78 26.86 26.86 26.83 26.84 26.81 26.80 26.78 26.72 26.72 26.77 26.75 26.69 26.64 26.61 26.66 26.66 26.61 26.59 26.65 26.67 26.69 26.71 26.65 26.67 26.67 26.68 26.73 26.77 26.83 26.81 26.80 26.78 26.77 26.80 26.84 26.77 26.75 26.77 26.83 26.92 26.91 26.83 26.77 26.75 26.76 26.83 26.82 26.89 26.89 26.80 26.74 26.78
26.58 26.34 26.43 26.45 26.55 26.73 26.87 26.83 26.92 26.77 26.93 27.00 26.83 26.93 26.73 26.54 26.52 26.46 26.59 26.63 26.74 26.77 26.78 26.79 26.80 26.84 26.83 26.85 26.87 26.80 26.79 26.78 26.73 26.76 26.77 26.76 26.74 26.70 26.74 26.80 26.73 26.75 26.71 26.69 26.73 26.76 26.75 26.71 26.66 26.65 26.67 26.74 26.79 26.77 26.75 26.72 26.77 26.75 26.70 26.80 26.84 26.68 26.82 26.84 26.84 26.83 26.80 26.85 26.87 26.82 26.87 26.79 26.82 26.81 26.83 26.85 26.92
26.83 26.37 26.41 26.54 26.64 26.74 26.71 26.81 26.87 26.83 26.96 26.86 26.99 27.00 26.85 26.49 26.43 26.55 26.61 26.62 26.63 26.69 26.74 26.69 26.71 26.77 26.78 26.86 26.90 26.87 26.83 26.86 26.77 26.80 26.82 26.80 26.68 26.66 26.73 26.79 26.69 26.71 26.73 26.70 26.71 26.79 26.78 26.74 26.70 26.67 26.69 26.69 26.71 26.72 26.72 26.75 26.73 26.75 26.77 26.78 26.79 26.72 26.83 26.86 26.78 26.77 26.77 26.78 26.80 26.86 26.94 26.85 27.00 26.87 26.93 26.93 26.91
26.75 26.44 26.28 26.40 26.56 26.61 26.53 26.62 26.74 26.86 26.85 26.94 26.90 26.77 26.69 26.67 26.54 26.63 26.52 26.53 26.60 26.62 26.66 26.75 26.77 26.80 26.82 26.84 26.86 26.85 26.86 26.86 26.82 26.79 26.83 26.77 26.79 26.76 26.76 26.75 26.75 26.78 26.81 26.76 26.68 26.71 26.81 26.79 26.73 26.74 26.72 26.66 26.69 26.72 26.72 26.74 26.74 26.77 26.76 26.75 26.79 26.76 26.83 26.78 26.70 26.71 26.70 26.69 26.71 26.77 26.78 26.72 26.90 26.85 26.87 26.84 26.83
26.78 26.63 26.30 26.36 26.38 26.36 26.29 26.52 26.63 26.70 26.83 26.75 26.77 26.89 26.94 26.77 26.59 26.58 26.67 26.54 26.51 26.56 26.63 26.64 26.76 26.77 26.82 26.84 26.85 26.84 26.82 26.86 26.79 26.84 26.81 26.69 26.71 26.76 26.76 26.74 26.69 26.73 26.77 26.76 26.73 26.74 26.76 26.80 26.78 26.84 26.86 26.71 26.67 26.68 26.78 26.83 26.85 26.70 26.80 26.74 26.75 26.73 26.76 26.72 26.66 26.70 26.73 26.68 26.67 26.73 26.80 26.83 26.79 26.87 26.83 26.88 26.77
26.86 26.66 26.31 26.22 26.29 26.27 26.45 26.53 26.55 26.76 26.67 26.83 26.89 26.81 26.85 26.67 26.58 26.56 26.49 26.40 26.50 26.47 26.53 26.56 26.55 26.76 26.86 26.83 26.87 26.81 26.79 26.75 26.80 26.70 26.63 26.68 26.72 26.78 26.74 26.74 26.74 26.73 26.76 26.76 26.74 26.77 26.81 26.78 26.73 26.75 26.79 26.74 26.72 26.71 26.79 26.80 26.84 26.79 26.80 26.75 26.70 26.76 26.76 26.68 26.68 26.72 26.75 26.70 26.66 26.66 26.71 26.75 26.80 26.85 26.89 26.81 26.70
26.80 26.67 26.59 26.15 26.19 26.36 26.41 26.42 26.42 26.51 26.76 26.82 26.82 26.80 26.92 26.86 26.75 26.53 26.34 26.46 26.50 26.46 26.41 26.44 26.44 26.45 26.61 26.81 26.81 26.68 26.70 26.71 26.68 26.50 26.54 26.53 26.68 26.77 26.78 26.75 26.79 26.77 26.77 26.72 26.68 26.75 26.76 26.79 26.75 26.71 26.77 26.77 26.78 26.79 26.83 26.76 26.77 26.73 26.72 26.71 26.73 26.75 26.78 26.70 26.64 26.71 26.74 26.69 26.69 26.70 26.74 26.80 26.83 26.82 26.86 26.89 26.82
26.77 26.68 26.65 26.46 26.29 26.29 26.22 26.30 26.35 26.53 26.57 26.64 26.59 26.72 26.72 26.75 26.65 26.48 26.56 26.34 26.42 26.27 26.26 26.25 26.32 26.40 26.59 26.74 26.66 26.58 26.67 26.60 26.64 26.39 26.47 26.57 26.61 26.70 26.65 26.69 26.71 26.76 26.73 26.73 26.68 26.66 26.66 26.64 26.64 26.61 26.68 26.74 26.76 26.81 26.78 26.74 26.75 26.74 26.64 26.66 26.67 26.68 26.70 26.71 26.67 26.72 26.72 26.69 26.72 26.74 26.70 26.73 26.82 26.86 26.79 26.84 26.85
26.63 26.72 26.80 26.76 26.25 26.26 26.16 26.18 26.38 26.40 26.49 26.53 26.68 26.73 26.64 26.63 26.61 26.64 26.70 26.43 26.15 26.27 26.36 26.26 26.31 26.38 26.55 26.62 26.59 26.60 26.55 26.69 26.68 26.56 26.48 26.50 26.60 26.68 26.68 26.60 26.58 26.62 26.65 26.65 26.63 26.62 26.57 26.57 26.62 26.61 26.67 26.67 26.70 26.73 26.76 26.68 26.67 26.66 26.63 26.62 26.65 26.68 26.74 26.70 26.63 26.74 26.75 26.78 26.79 26.73 26.65 26.71 26.67 26.75 26.78 26.86 26.89
26.64 26.76 26.81 26.75 26.34 25.99 25.87 25.93 26.30 26.31 26.41 26.54 26.55 26.57 26.69 26.54 26.53 26.60 26.74 26.57 26.33 26.37 26.27 26.24 26.26 26.37 26.42 26.45 26.53 26.63 26.79 26.74 26.50 26.41 26.48 26.53 26.62 26.64 26.66 26.68 26.60 26.65 26.70 26.67 26.56 26.57 26.51 26.57 26.59 26.58 26.64 26.70 26.72 26.75 26.70 26.66 26.66 26.64 26.61 26.62 26.74 26.77 26.74 26.67 26.65 26.73 26.77 26.72 26.79 26.73 26.73 26.76 26.68 26.75 26.91 26.95 26.89
26.36 26.46 26.70 26.82 26.62 25.95 25.75 25.90 25.96 26.28 26.46 26.49 26.30 26.50 26.61 26.24 26.40 26.74 26.68 26.67 26.24 26.36 26.30 26.31 26.18 26.11 26.04 26.30 26.38 26.55 26.65 26.50 26.53 26.55 26.62 26.67 26.58 26.56 26.65 26.67 26.64 26.66 26.72 26.66 26.52 26.57 26.44 26.47 26.48 26.49 26.55 26.62 26.70 26.72 26.70 26.68 26.70 26.65 26.59 26.58 26.69 26.73 26.62 26.62 26.64 26.69 26.73 26.74 26.75 26.69 26.69 26.69 26.63 26.76 26.81 26.85 27.02
26.25 26.37 26.55 26.57 26.56 26.28 25.57 25.63 25.86 26.13 26.20 26.23 26.36 26.46 26.37 26.04 26.45 26.61 26.51 26.53 26.19 26.28 26.32 26.27 26.18 26.24 26.04 26.01 26.22 26.52 26.53 26.54 26.49 26.53 26.56 26.51 26.49 26.62 26.62 26.69 26.71 26.68 26.66 26.63 26.62 26.59 26.46 26.39 26.37 26.44 26.56 26.63 26.61 26.67 26.64 26.67 26.67 26.68 26.76 26.67 26.66 26.65 26.67 26.63 26.65 26.67 26.65 26.65 26.65 26.61 26.61 26.68 26.57 26.63 26.77 26.80 26.95
26.13 26.14 26.27 26.31 26.38 26.22 25.66 25.51 25.90 26.08 26.17 26.21 26.46 26.41 26.17 26.15 26.08 26.39 26.44 26.35 26.03 26.19 26.09 26.17 26.12 25.99 26.16 26.05 26.08 26.36 26.46 26.27 26.41 26.49 26.54 26.59 26.48 26.49 26.50 26.60 26.65 26.64 26.64 26.64 26.55 26.50 26.42 26.42 26.46 26.48 26.51 26.62 26.61 26.61 26.60 26.63 26.62 26.65 26.62 26.63 26.70 26.63 26.63 26.66 26.70 26.69 26.67 26.60 26.61 26.61 26.61 26.60 26.59 26.60 26.66 26.65 25.91
26.06 26.03 26.12 26.24 26.27 26.04 25.88 25.76 25.78 25.83 25.91 26.11 26.29 26.27 25.95 26.09 26.17 26.08 25.88 26.17 26.11 26.02 25.98 26.20 26.01 26.05 26.21 25.99 26.04 26.18 26.20 26.22 26.47 26.58 26.64 26.67 26.51 26.41 26.44 26.53 26.55 26.61 26.59 26.56 26.42 26.39 26.38 26.40 26.48 26.46 26.63 26.67 26.66 26.59 26.49 26.56 26.56 26.56 26.54 26.58 26.63 26.61 26.65 26.65 26.65 26.64 26.62 26.71 26.67 26.59 26.58 26.52 26.57 26.59 26.64 26.58 26.32
26.10 26.07 25.97 26.02 26.01 26.02 26.05 25.76 25.61 25.72 25.84 26.09 26.22 26.15 26.02 26.04 26.00 25.72 25.73 25.73 26.17 25.93 26.16 26.10 25.80 25.92 26.03 26.00 25.93 26.01 26.13 26.38 26.45 26.43 26.51 26.60 26.65 26.54 26.54 26.59 26.58 26.59 26.63 26.57 26.50 26.36 26.31 26.50 26.49 26.54 26.68 26.64 26.56 26.50 26.54 26.56 26.55 26.47 26.54 26.60 26.61 26.64 26.58 26.63 26.63 26.60 26.55 26.65 26.65 26.67 26.49 25.47 26.55 26.53 26.82 27.02 26.81
26.27 26.15 25.88 25.89 26.01 25.93 26.02 25.55 25.39 25.58 25.70 25.87 25.98 25.91 26.09 26.01 26.00 25.87 25.70 25.30 25.96 26.10 25.98 26.05 25.89 25.80 26.06 26.10 25.94 26.02 26.18 26.37 26.34 26.28 26.24 26.50 26.57 26.56 26.50 26.53 26.56 26.53 26.58 26.52 26.44 26.30 26.15 26.30 26.49 26.60 26.62 26.63 26.59 26.54 26.50 26.48 26.50 26.44 26.51 26.53 26.58 26.64 26.60 26.58 26.56 26.57 26.59 26.59 26.59 26.49 25.82 26.34 26.48 26.61 26.63 26.63 25.94
26.36 26.32 26.08 26.04 26.17 26.16 26.17 25.79 25.34 25.28 25.32 25.51 25.63 25.96 26.04 26.03 25.98 25.94 25.68 25.60 25.56 25.93 25.69 26.07 25.98 25.96 25.91 25.94 25.94 26.03 26.00 26.15 26.21 26.31 26.47 26.50 26.48 26.55 26.51 26.49 26.54 26.52 26.51 26.45 26.31 26.11 26.24 26.32 26.41 26.46 26.53 26.58 26.58 26.56 26.55 26.50 26.51 26.45 26.51 26.58 26.63 26.64 26.65 26.63 26.63 26.63 26.60 26.58 26.54 25.58 26.34 26.60 26.77 26.34 26.74 26.80 25.97
26.36 26.32 26.42 26.16 26.00 26.11 26.23 26.26 25.49 25.38 25.11 25.02 25.26 25.96 26.13 26.03 25.65 25.69 25.80 25.72 25.66 25.67 25.63 26.13 25.95 25.74 25.66 25.71 25.86 25.89 25.88 25.86 25.81 26.31 26.53 26.52 26.53 26.56 26.54 26.51 26.54 26.56 26.47 26.25 26.19 26.19 26.29 26.42 26.37 26.47 26.52 26.64 26.63 26.54 26.54 26.42 26.54 26.59 26.55 26.59 26.56 26.59 26.60 26.57 26.60 26.60 26.61 26.59 26.23 23.83 26.53 26.58 26.61 26.68 26.86 26.63 26.65
26.36 26.42 26.42 26.16 26.00 26.42 26.13 26.19 25.75 25.38 25.14 24.77 24.94 25.35 25.94 25.85 25.20 25.40 25.77 25.85 25.84 25.82 25.32 25.73 25.81 25.90 25.76 25.52 25.84 26.12 26.08 25.79 25.87 26.05 26.29 26.23 26.28 26.45 26.55 26.54 26.54 26.44 26.38 26.38 26.44 26.44 26.39 26.43 26.45 26.43 26.47 26.63 26.63 26.53 26.60 26.51 26.48 26.23 26.64 26.55 26.53 26.61 26.59 26.56 26.56 26.59 26.61 26.62 26.66 26.49 26.68 26.29 26.20 26.94 26.76 26.59 26.57
26.42 26.42 26.42 26.16 26.42 26.42 26.13 26.28 26.14 25.34 25.24 24.56 24.71 24.98 25.33 25.50 25.43 25.35 25.58 25.75 25.75 25.89 25.64 25.71 25.84 25.77 25.81 25.82 25.74 25.95 26.03 25.51 25.70 25.83 25.86 26.17 26.23 26.28 26.30 26.30 26.31 26.03 26.21 26.24 26.17 26.29 26.41 26.45 26.42 26.36 26.42 26.48 26.44 26.39 26.49 26.59 26.55 26.54 26.67 26.61 26.47 26.54 26.53 26.54 26.54 26.57 26.57 26.58 26.62 26.60 26.73 26.57 26.21 26.43 26.67 26.60 26.54
26.42 26.42 26.42 26.42 26.42 26.42 26.28 26.28 26.14 25.84 25.32 24.96 25.07 25.01 24.76 24.94 25.24 25.43 25.47 25.77 25.85 25.58 25.61 26.14 25.70 25.77 25.77 25.96 25.86 25.80 25.83 25.71 25.46 25.55 25.86 26.17 26.14 26.26 26.31 26.07 25.96 26.04 26.10 26.14 26.19 26.22 26.28 26.27 26.30 26.50 26.47 26.45 26.45 26.41 26.47 26.54 26.55 26.62 26.60 26.56 26.53 26.55 26.52 26.53 26.54 26.54 26.55 26.53 26.52 26.59 26.61 26.56 26.55 26.63 26.63 26.70 26.52
26.42 26.42 26.42 26.42 26.42 26.28 26.28 26.28 25.84 25.84 25.32 25.52 25.27 24.89 24.15 24.57 24.76 24.42 25.22 25.15 25.24 25.72 25.87 25.98 25.53 25.61 25.73 25.60 25.79 25.70 25.50 25.64 25.68 25.80 25.92 26.00 25.97 26.15 26.11 25.81 26.09 26.14 25.93 26.17 26.28 26.34 26.27 26.28 26.27 26.48 26.48 26.40 26.41 26.31 26.31 26.40 26.45 26.52 26.53 26.52 26.54 26.60 26.56 26.49 26.53 26.47 26.55 26.52 26.51 26.43 26.48 26.52 26.49 26.41 26.52 26.60 26.53
26.42 26.42 26.42 26.42 26.42 26.28 26.28 25.84 25.84 25.84 25.52 25.52 25.86 25.54 25.42 25.26 24.58 23.70 24.11 24.99 25.42 25.55 25.60 25.68 25.72 25.50 25.36 25.27 25.48 25.70 25.68 25.40 25.41 25.58 25.60 25.77 25.71 25.84 25.95 25.72 25.40 25.64 26.17 26.21 26.13 26.14 26.10 26.11 26.33 26.46 26.48 26.46 26.48 26.47 26.38 26.27 26.35 26.51 26.55 26.47 26.56 26.60 26.54 26.51 26.54 26.51 26.50 26.57 26.51 26.48 26.48 26.56 26.64 26.54 26.53 26.53 26.60
26.42 26.42 26.42 26.42 26.28 26.28 26.28 25.84 25.84 25.52 25.52 25.86 25.86 25.54 25.98 25.64 24.97 24.22 23.55 24.48 25.28 25.25 25.38 25.50 25.60 25.32 24.92 25.05 25.18 25.07 25.32 25.39 25.31 25.38 25.03 25.22 24.62 25.10 25.70 25.79 25.16 25.17 25.42 25.95 25.43 25.50 25.66 25.76 25.91 26.31 26.34 26.45 26.40 26.35 26.37 26.41 26.38 26.42 26.47 26.49 26.49 26.49 26.53 26.51 26.45 26.44 26.53 26.58 26.56 26.43 26.32 25.67 26.56 26.46 26.41 26.50 26.56
26.42 26.42 26.42 26.42 26.28 26.28 25.84 25.84 25.84 25.52 25.86 25.86 25.86 25.98 25.98 25.64 25.53 24.64 24.52 24.85 25.15 25.08 25.25 25.38 25.86 25.64 25.17 25.12 25.12 24.77 24.55 24.67 24.75 24.92 24.68 24.84 24.40 25.06 25.71 25.31 25.66 25.33 25.37 25.13 25.13 25.32 24.93 24.63 25.41 25.80 25.39 25.99 26.38 26.39 26.40 26.42 26.43 26.44 26.44 26.47 26.53 26.51 26.49 26.49 26.43 26.43 26.44 26.47 26.44 26.26 26.45 26.56 26.49 26.54 26.49 26.52 26.53
26.42 26.42 26.42 26.28 26.28 26.28 25.84 25.84 25.52 25.86 25.86 25.86 25.98 25.98 25.98 25.53 25.53 25.52 25.06 25.02 25.45 25.34 25.53 25.73 25.86 25.64 25.17 25.12 25.57 24.77 24.80 24.81 24.31 23.99 24.38 24.52 25.08 25.18 25.46 25.90 25.59 25.58 25.80 25.21 24.75 25.26 25.34 25.17 25.49 25.35 25.15 26.01 26.35 26.34 26.25 26.33 26.34 26.40 26.46 26.47 26.48 26.45 26.48 26.48 26.46 26.47 26.49 26.49 26.46 26.42 26.39 26.30 26.38 26.49 26.49 26.50 26.55
26.42 26.42 26.42 26.28 26.28 25.84 25.84 25.84 25.86 25.86 25.86 25.86 25.98 25.98 25.53 25.53 25.52 25.52 25.69 25.32 25.31 25.55 25.78 25.73 25.73 25.64 25.17 25.57 25.57 25.57 24.80 24.81 24.79 24.77 24.67 24.21 24.43 24.64 24.97 25.13 25.05 25.24 25.35 25.13 24.80 25.24 25.18 25.42 25.52 24.90 25.09 25.43 26.04 26.09 25.84 25.99 25.69 26.15 26.44 26.52 26.48 26.46 26.46 26.44 26.41 26.52 26.50 26.46 26.48 26.48 26.45 26.22 26.36 26.47 26.46 26.41 26.42
26.42 26.42 26.28 26.28 26.28 25.84 25.84 25.86 25.86 25.86 25.86 25.98 25.98 25.98 25.53 25.52 25.52 25.69 25.69 25.32 25.31 25.55 25.78 25.78 25.73 25.73 25.57 25.57 25.57 25.57 24.80 24.79 24.79 25.70 25.67 25.88 25.79 25.18 24.59 24.51 24.70 25.03 25.18 25.10 24.93 24.83 24.81 25.06 25.42 25.61 25.74 25.31 25.74 25.77 25.83 25.44 24.09 25.21 26.39 26.46 26.43 26.42 26.45 26.36 26.36 26.42 26.43 26.44 26.45 26.47 26.49 26.48 26.46 26.36 26.35 26.37 26.29
26.42 26.42 26.28 26.28 25.84 25.84 25.86 25.86 25.86 25.86 25.86 25.98 25.98 25.53 25.52 25.52 25.69 25.69 25.69 25.32 25.31 25.55 25.78 25.78 25.78 25.73 25.57 25.57 25.57 25.57 24.79 24.79 25.70 25.70 25.67 25.98 25.79 25.46 24.72 24.34 24.57 24.40 24.78 25.14 25.04 24.79 24.81 25.06 25.00 25.27 25.41 25.37 25.18 25.07 25.00 24.99 24.75 25.56 26.13 26.41 26.42 26.40 26.42 26.42 26.39 26.37 26.37 26.35 26.34 26.25 26.42 26.39 26.34 26.45 26.35 26.25 26.31
