main/data/irradiance/22.10.2023.grid
ncols 839
nrows 679
xllcenter 112.0500
yllcenter -43.9500
cellsize 0.0500
nodata_value 99999.90
[rows 306 to 339 of 679, columns 308 to 384 of 839]
27.37 27.57 27.61 27.68 27.57 27.49 27.37 27.19 27.06 27.44 27.35 27.15 27.25 27.38 27.39 27.34 27.55 27.54 27.52 27.37 26.86 27.02 27.14 27.29 27.39 27.31 27.36 27.32 27.35 27.39 27.20 27.22 27.01 27.29 27.37 27.33 27.23 27.49 27.47 27.42 27.43 27.58 27.56 27.31 27.35 27.46 27.37 27.47 27.48 27.45 27.55 27.66 27.64 27.57 27.60 27.57 27.60 27.55 27.55 27.65 27.69 27.76 27.76 27.68 27.64 27.53 27.46 27.50 27.50 27.52 27.59 27.60 27.57 27.59 27.63 27.67 27.66
27.45 27.48 27.57 27.53 27.25 27.44 27.37 27.37 27.08 27.19 27.35 27.47 27.23 27.19 27.17 27.20 27.32 27.60 27.58 27.56 27.16 26.92 26.96 27.26 27.30 27.15 27.14 27.14 27.30 27.38 27.28 27.13 27.03 27.45 27.33 27.36 27.20 27.25 27.47 27.44 27.22 27.33 27.25 27.28 27.41 27.67 27.32 27.40 27.43 27.43 27.37 27.43 27.40 27.52 27.53 27.55 27.42 27.46 27.59 27.61 27.70 27.73 27.80 27.71 27.68 27.62 27.61 27.50 27.44 27.52 27.52 27.51 27.58 27.61 27.62 27.67 27.67
27.28 27.29 27.58 27.52 27.18 27.39 27.30 27.41 27.23 27.04 27.01 27.25 27.42 27.34 27.21 27.15 27.14 27.60 27.55 27.47 27.22 26.89 27.03 27.08 26.48 26.92 27.13 27.15 27.14 27.35 27.31 27.38 27.12 27.44 27.46 27.27 27.19 27.29 27.46 27.49 27.15 27.20 27.23 27.43 27.57 27.52 27.44 27.49 27.54 27.45 27.35 27.39 27.44 27.40 27.46 27.54 27.49 27.54 27.62 27.60 27.61 27.69 27.66 27.69 27.66 27.69 27.70 27.57 27.37 27.32 27.36 27.30 27.52 27.59 27.59 27.66 27.63
26.91 26.92 27.24 27.21 27.34 27.44 27.31 27.40 27.33 27.19 27.03 27.26 27.35 27.34 27.20 27.24 27.37 27.44 27.36 27.32 27.11 26.93 26.71 26.88 26.94 27.14 27.32 27.20 27.16 27.09 27.21 27.19 27.30 27.32 27.31 27.34 27.06 27.38 27.39 27.45 27.24 27.07 27.17 27.51 27.51 27.44 27.49 27.51 27.54 27.48 27.42 27.47 27.46 27.42 27.45 27.45 27.50 27.53 27.53 27.55 27.44 27.51 27.54 27.68 27.78 27.82 27.77 27.62 27.57 27.37 27.23 27.36 27.48 27.64 27.65 27.65 27.64
27.28 27.40 27.40 27.25 27.45 27.42 27.42 27.36 27.42 27.45 27.43 27.27 27.20 27.16 27.09 27.32 27.33 27.25 27.31 27.20 27.18 27.11 26.81 26.82 27.05 27.26 27.50 27.43 27.30 27.36 27.42 27.38 27.35 27.13 27.11 27.29 26.84 27.19 27.08 27.08 27.19 27.15 27.41 27.37 27.36 27.29 27.25 27.45 27.45 27.50 27.47 27.53 27.55 27.46 27.38 27.43 27.41 27.38 27.59 27.36 27.40 27.51 27.50 27.48 27.78 27.84 27.77 27.66 27.55 27.44 27.27 27.32 27.49 27.64 27.65 27.61 27.64
27.20 27.35 27.41 27.24 27.43 27.54 27.43 27.31 27.53 27.48 27.55 27.52 27.26 26.99 27.12 27.19 27.34 27.15 27.25 27.22 27.24 27.03 26.91 26.87 26.97 27.21 27.33 27.34 27.31 27.50 27.53 27.44 27.16 26.88 26.98 27.15 26.99 26.73 26.86 26.83 27.04 27.22 27.48 27.34 27.41 27.29 27.35 27.38 27.51 27.57 27.54 27.57 27.59 27.55 27.41 27.40 27.36 27.56 27.59 27.40 27.41 27.53 27.55 27.60 27.56 27.64 27.68 27.63 27.64 27.57 27.40 27.46 27.55 27.59 27.65 27.61 27.68
27.24 27.13 27.16 27.20 27.18 27.50 27.56 27.35 27.27 27.41 27.54 27.56 27.53 27.16 26.85 26.98 27.16 27.17 27.17 27.26 27.30 27.24 27.06 26.99 26.93 27.06 27.09 27.10 27.31 27.45 27.51 27.51 27.23 27.18 26.92 27.00 27.29 27.11 26.81 26.98 27.00 27.34 27.50 27.26 27.41 27.42 27.48 27.46 27.54 27.58 27.57 27.55 27.58 27.49 27.40 27.43 27.34 27.59 27.64 27.56 27.45 27.54 27.53 27.61 27.52 27.56 27.70 27.59 27.49 27.48 27.49 27.55 27.60 27.60 27.59 27.50 27.62
27.39 27.14 26.85 27.00 27.24 27.47 27.58 27.52 27.20 27.18 27.31 27.57 27.56 27.48 26.85 27.05 27.09 27.13 27.04 27.01 27.40 27.32 27.26 27.19 27.11 26.95 26.91 26.99 27.17 27.42 27.50 27.50 27.43 27.34 27.11 27.00 27.35 27.35 27.19 26.82 27.19 27.29 27.30 27.36 27.38 27.43 27.35 27.37 27.44 27.53 27.53 27.49 27.54 27.49 27.45 27.53 27.56 27.58 27.63 27.54 27.54 27.53 27.54 27.51 27.54 27.60 27.49 27.37 27.33 27.39 27.42 27.55 27.57 27.57 27.50 27.55 27.60
27.48 27.17 26.90 26.92 27.24 27.50 27.56 27.49 27.27 26.97 26.91 27.37 27.56 27.46 27.02 27.05 27.12 27.07 26.97 26.96 27.29 27.44 27.38 27.35 27.15 26.99 26.68 26.98 27.17 27.47 27.55 27.59 27.54 27.49 27.22 26.99 27.32 27.34 27.45 27.13 27.04 27.18 27.05 27.38 27.50 27.48 27.50 27.34 27.49 27.58 27.58 27.50 27.46 27.43 27.43 27.55 27.61 27.59 27.53 27.55 27.53 27.46 27.51 27.44 27.47 27.54 27.51 27.37 27.33 27.40 27.22 27.48 27.54 27.48 27.45 27.46 27.52
27.25 27.15 27.18 27.18 26.90 26.93 27.42 27.55 27.43 27.12 26.94 27.41 27.50 27.55 27.02 26.84 26.94 26.91 26.87 26.96 27.10 27.42 27.27 27.40 27.43 27.25 26.75 26.82 27.00 27.26 27.48 27.54 27.55 27.50 27.12 27.06 27.19 27.34 27.41 27.15 27.15 26.97 26.91 27.13 27.46 27.54 27.54 27.35 27.59 27.63 27.57 27.51 27.46 27.40 27.34 27.47 27.57 27.61 27.48 27.60 27.59 27.57 27.56 27.47 27.44 27.44 27.38 27.40 27.50 27.29 27.18 27.46 27.49 27.45 27.37 27.41 27.55
26.86 26.85 27.34 27.53 27.26 27.14 27.07 27.29 27.37 27.28 27.19 27.46 27.57 27.58 27.24 26.78 26.78 26.77 26.98 27.21 27.12 27.13 27.19 27.45 27.47 27.36 26.79 26.75 26.99 27.04 27.12 27.31 27.57 27.60 27.46 27.37 27.20 27.20 27.24 27.11 27.14 26.86 26.97 27.06 27.48 27.57 27.55 27.41 27.58 27.60 27.54 27.56 27.52 27.38 27.35 27.47 27.40 27.44 27.52 27.53 27.55 27.56 27.51 27.47 27.51 27.42 27.28 27.32 27.54 27.32 27.46 27.50 27.41 27.44 27.41 27.39 27.53
27.13 27.12 27.33 27.47 27.34 26.70 26.92 27.11 27.13 27.22 27.33 27.39 27.53 27.59 27.29 26.83 26.47 26.52 26.98 27.31 27.39 27.25 27.08 27.20 27.09 27.33 26.95 26.85 26.91 26.95 27.00 26.98 27.27 27.47 27.43 27.34 27.34 27.14 27.20 27.08 27.08 27.06 26.94 27.03 27.40 27.44 27.43 27.55 27.58 27.49 27.49 27.53 27.46 27.43 27.46 27.35 27.14 27.20 27.44 27.51 27.53 27.54 27.57 27.57 27.49 27.47 27.34 27.30 27.38 27.38 27.56 27.51 27.35 27.38 27.39 27.39 27.51
27.31 27.21 27.15 27.25 27.27 26.97 26.95 27.01 26.99 27.01 27.34 27.28 27.30 27.43 27.46 27.20 26.58 26.54 26.78 27.10 27.34 27.39 27.27 27.05 26.88 27.29 27.20 27.10 26.93 26.74 27.07 27.21 27.34 27.47 27.42 27.48 27.46 27.18 27.08 27.22 27.19 27.10 26.87 27.04 27.23 27.25 27.32 27.47 27.45 27.36 27.24 27.33 27.37 27.42 27.43 27.30 27.14 27.24 27.48 27.52 27.50 27.54 27.54 27.53 27.52 27.41 27.48 27.41 27.36 27.30 27.51 27.47 27.43 27.41 27.39 27.37 27.50
27.35 27.37 27.20 27.15 27.07 27.15 27.18 27.43 27.29 27.12 27.37 27.30 27.24 27.30 27.16 27.26 27.00 26.93 26.96 27.04 27.29 27.33 27.37 27.09 27.04 27.36 27.38 27.22 26.81 26.53 26.82 27.01 27.29 27.40 27.38 27.47 27.48 27.27 27.02 27.35 27.29 27.05 26.98 27.17 27.10 27.26 27.28 27.27 27.30 27.31 27.34 27.29 27.32 27.48 27.44 27.26 27.15 27.32 27.45 27.46 27.51 27.53 27.51 27.50 27.42 27.47 27.44 27.46 27.30 27.35 27.42 27.46 27.39 27.49 27.40 27.38 27.44
27.03 27.35 27.29 27.15 27.01 27.32 27.36 27.50 27.36 27.31 27.46 27.47 27.21 26.97 26.74 27.11 26.88 26.78 26.67 27.02 27.02 27.21 27.18 27.10 27.13 27.38 27.39 27.28 26.75 26.29 26.43 26.77 27.09 27.08 27.17 27.43 27.26 27.26 26.99 27.27 27.34 27.10 27.02 27.22 27.00 26.95 27.11 27.19 27.43 27.51 27.43 27.38 27.44 27.49 27.34 27.02 27.29 27.36 27.41 27.51 27.52 27.53 27.50 27.50 27.46 27.47 27.47 27.40 27.41 27.52 27.44 27.31 27.32 27.41 27.45 27.42 27.44
27.01 27.16 27.45 27.31 27.22 27.30 27.30 27.39 27.42 27.49 27.53 27.54 27.38 26.96 26.70 26.93 27.00 27.09 27.02 26.73 26.83 27.12 27.00 26.97 27.05 27.38 27.33 27.38 26.88 26.50 26.52 26.64 26.94 27.21 27.38 27.30 27.36 27.26 27.12 27.19 27.32 27.20 27.18 26.99 27.14 26.98 27.16 27.26 27.30 27.30 27.36 27.34 27.35 27.30 27.21 27.23 27.27 27.38 27.41 27.59 27.57 27.48 27.49 27.51 27.47 27.37 27.39 27.43 27.52 27.52 27.36 27.10 27.22 27.43 27.39 27.41 27.38
27.23 26.57 26.57 27.31 27.37 27.29 27.36 27.30 27.30 27.45 27.48 27.50 27.44 27.20 26.96 27.03 27.06 27.02 26.93 26.79 27.14 27.29 27.06 27.05 27.24 27.30 27.37 27.34 27.03 26.65 26.74 26.69 26.78 27.14 27.26 27.34 27.22 27.11 27.05 27.16 27.24 27.13 27.20 27.09 27.06 27.02 27.07 27.28 27.41 27.29 27.43 27.47 27.40 27.37 27.34 27.32 27.11 27.26 27.38 27.51 27.55 27.45 27.47 27.45 27.42 27.34 27.38 27.47 27.41 27.44 27.34 27.11 27.21 27.38 27.41 27.36 27.38
27.47 27.05 26.40 26.78 27.39 27.35 27.37 27.39 27.41 27.52 27.52 27.36 27.53 27.43 27.30 27.09 26.95 26.94 27.16 27.35 27.56 27.50 27.32 27.25 27.22 27.13 27.39 27.47 27.21 26.91 26.65 26.72 26.74 26.99 27.09 27.18 27.24 27.07 26.93 27.12 27.07 27.04 27.13 27.14 26.95 27.07 26.98 27.05 27.20 27.19 27.39 27.37 27.36 27.43 27.39 27.24 27.13 27.22 27.40 27.43 27.38 27.43 27.46 27.47 27.31 27.25 27.24 27.31 27.29 27.25 27.11 27.23 27.27 27.36 27.38 27.36 27.32
27.62 27.43 26.93 26.60 26.83 27.43 27.26 27.29 27.25 27.54 27.57 27.48 27.48 27.42 27.32 27.02 27.01 26.97 26.93 27.38 27.51 27.52 27.46 27.33 27.32 27.24 27.31 27.37 27.13 26.99 26.72 26.81 26.94 26.90 27.03 27.04 27.05 27.09 27.00 26.86 26.92 26.83 26.85 27.05 27.08 27.11 27.12 27.04 27.14 27.17 27.34 27.32 27.41 27.40 27.32 27.18 27.14 27.43 27.42 27.36 27.37 27.42 27.40 27.32 27.31 27.27 27.30 27.33 27.15 27.06 27.04 27.14 27.30 27.35 27.33 27.34 27.25
27.49 27.41 27.36 26.87 26.05 26.83 27.24 26.90 26.87 27.34 27.44 27.60 27.54 27.49 27.33 27.09 27.07 27.09 26.87 26.87 27.15 27.41 27.48 27.45 27.41 27.43 27.36 27.30 26.94 26.99 27.05 26.79 27.00 26.91 26.88 27.07 27.17 27.30 27.23 27.11 27.04 26.82 26.70 26.77 26.92 27.17 27.10 27.01 27.10 27.18 27.26 27.26 27.25 27.24 27.13 27.23 27.30 27.47 27.45 27.44 27.44 27.42 27.40 27.34 27.38 27.37 27.41 27.43 27.24 27.16 27.15 27.20 27.31 27.37 27.32 27.20 27.21
27.59 27.39 27.53 27.09 26.50 26.61 27.01 27.29 27.12 27.18 27.32 27.48 27.54 27.56 27.57 27.33 27.25 27.16 27.23 27.16 27.09 27.03 27.13 27.25 27.46 27.36 27.28 27.19 26.96 27.06 27.12 26.93 26.89 26.76 26.75 26.84 27.03 27.10 27.14 27.12 27.14 26.80 26.80 26.79 27.04 27.19 27.19 27.16 26.86 27.06 27.17 27.20 27.17 27.18 27.24 27.30 27.39 27.42 27.46 27.43 27.45 27.42 27.46 27.44 27.43 27.38 27.35 27.24 27.29 27.14 27.01 27.14 27.43 27.46 27.44 27.36 27.27
27.59 27.58 27.57 27.27 26.75 26.69 26.69 27.31 27.52 27.41 27.36 27.17 27.25 27.45 27.54 27.55 27.19 27.20 27.27 27.19 27.25 27.21 27.12 27.36 27.35 27.35 27.28 27.16 27.11 27.17 27.13 27.08 26.96 26.99 26.96 26.93 26.94 26.99 27.06 27.13 27.07 26.98 26.86 26.73 27.17 27.16 27.22 27.17 27.14 27.00 27.01 27.00 27.19 27.16 27.21 27.35 27.34 27.32 27.40 27.44 27.45 27.43 27.41 27.37 27.39 27.19 27.26 27.33 27.15 27.10 26.96 27.11 27.30 27.36 27.39 27.43 27.38
27.48 27.59 27.59 27.26 26.90 26.97 26.98 26.93 27.33 27.51 27.57 27.53 27.34 27.35 27.44 27.45 27.19 27.28 27.15 27.02 27.06 27.00 27.10 27.41 27.29 27.35 27.39 27.27 27.31 27.37 27.26 27.18 27.16 27.05 26.97 26.97 26.86 27.00 27.07 27.20 27.24 27.22 26.94 26.64 26.87 26.93 27.15 27.09 27.08 27.05 27.03 27.11 27.11 27.25 27.19 27.30 27.20 27.20 27.08 27.37 27.48 27.48 27.46 27.42 27.34 27.16 27.17 27.34 27.18 26.95 26.93 27.16 27.33 27.30 27.37 27.42 27.41
27.40 27.55 27.60 27.22 26.90 26.90 27.02 26.80 26.83 27.01 27.39 27.55 27.54 27.46 27.43 27.20 26.82 26.93 26.95 27.19 27.02 27.11 27.08 27.30 27.41 27.33 27.40 27.42 27.36 27.28 27.11 27.03 27.12 27.12 27.03 27.04 26.90 27.00 27.10 27.13 27.26 27.19 27.01 26.91 26.95 27.02 27.06 27.10 27.04 27.02 27.16 27.21 27.19 27.21 27.21 27.18 27.16 27.09 27.05 27.41 27.48 27.47 27.55 27.51 27.37 27.33 27.33 27.34 27.24 27.06 27.16 27.31 27.18 27.19 27.36 27.49 27.41
27.44 27.45 27.47 27.31 27.23 26.99 27.04 26.97 26.60 26.72 26.94 27.13 27.25 27.47 27.52 27.36 26.93 26.55 26.61 27.18 27.18 26.95 27.02 27.30 27.43 27.32 27.44 27.43 27.41 27.30 27.21 26.95 26.76 27.15 26.93 26.99 26.77 26.87 27.04 27.17 27.25 27.13 27.08 26.94 26.87 27.05 27.03 27.11 27.06 26.95 27.13 27.23 27.22 27.24 27.19 27.16 27.16 26.91 27.00 27.24 27.30 27.34 27.47 27.44 27.36 27.30 27.35 27.30 27.22 27.15 27.16 27.26 27.23 27.01 27.20 27.37 27.44
27.36 27.52 27.52 27.30 27.32 27.19 27.14 27.15 26.95 26.45 27.07 27.15 27.03 27.03 27.18 27.14 27.12 26.95 26.59 26.96 27.16 26.89 27.05 27.20 27.37 27.45 27.43 27.39 27.38 27.38 27.34 27.24 27.17 27.09 27.08 27.07 26.95 26.78 26.80 26.86 26.94 27.04 27.10 26.99 26.89 27.08 26.89 27.18 27.00 27.21 27.18 27.15 27.11 27.21 27.23 27.14 27.18 27.00 27.06 27.15 27.09 27.17 27.30 27.33 27.33 27.31 27.23 27.15 27.28 27.27 27.24 27.32 27.26 27.02 27.17 27.38 27.43
27.30 27.48 27.43 27.41 27.19 26.90 27.20 27.20 27.16 26.87 26.41 27.00 26.83 27.04 27.29 27.38 27.20 27.16 26.90 26.93 27.06 27.24 27.15 26.92 27.19 27.30 27.36 27.33 27.37 27.43 27.37 27.23 26.90 27.01 27.20 27.21 26.95 27.00 26.81 26.81 26.88 26.91 27.02 26.94 26.87 27.10 27.06 26.90 26.99 27.12 27.21 27.12 27.14 27.25 27.18 27.19 27.27 27.24 27.19 27.23 27.24 27.30 27.27 27.39 27.34 27.28 27.32 27.18 27.27 27.39 27.35 27.32 27.17 26.96 27.21 27.39 27.41
27.38 27.42 27.32 27.30 27.23 26.79 27.10 27.09 27.04 27.23 27.20 26.69 26.46 26.60 26.80 27.22 27.32 27.36 27.25 26.92 26.95 27.38 27.31 27.04 27.05 27.17 27.29 27.31 27.31 27.22 27.32 27.15 26.98 27.11 27.21 26.99 26.93 27.13 26.97 26.84 26.81 26.80 27.00 27.05 27.09 27.21 27.05 26.70 27.09 27.07 27.11 27.05 27.17 27.24 27.14 27.24 27.42 27.38 27.32 27.29 27.33 27.29 27.25 27.17 27.11 27.34 27.34 27.25 27.19 27.31 27.20 27.08 27.13 27.15 27.26 27.35 27.28
27.14 27.41 27.18 27.17 27.28 27.10 27.01 27.09 26.94 27.20 27.28 27.24 26.62 26.47 26.55 26.74 26.96 27.44 27.50 27.12 26.67 27.15 27.36 27.36 27.07 26.92 27.31 27.28 27.13 26.94 26.78 26.83 27.00 26.94 26.88 26.95 27.01 27.26 27.22 27.10 26.83 26.69 26.64 26.92 27.13 27.21 27.00 26.94 27.03 27.14 27.12 27.19 27.11 27.07 26.96 27.12 27.36 27.32 27.35 27.38 27.29 27.34 27.33 27.14 27.12 27.33 27.41 27.37 27.30 27.27 27.11 26.98 27.25 27.35 27.36 27.38 27.33
26.60 27.28 27.32 27.30 27.12 26.97 27.01 27.14 27.23 27.19 27.27 27.15 26.62 26.60 26.63 26.47 26.65 26.94 27.36 27.17 26.81 26.64 27.38 27.46 27.24 27.05 27.13 27.34 27.24 27.22 26.97 26.78 26.83 27.08 26.77 26.82 27.02 27.12 27.01 27.05 26.92 26.85 26.85 26.90 27.01 27.13 27.03 26.98 26.94 26.99 27.02 27.15 27.09 26.96 27.00 27.00 27.02 27.20 27.35 27.39 27.39 27.38 27.26 27.23 27.42 27.41 27.43 27.34 27.21 27.15 27.09 27.07 27.25 27.32 27.37 27.40 27.36
25.76 26.23 27.25 27.34 27.43 27.34 27.17 27.23 27.21 27.34 27.35 27.23 26.69 26.46 26.30 26.18 26.25 26.65 26.95 27.15 27.14 26.93 27.11 27.39 27.24 26.98 27.07 27.32 27.35 27.41 27.21 26.98 26.85 26.96 27.03 27.03 27.05 26.92 26.98 27.01 27.03 27.11 27.01 26.89 26.89 27.04 27.08 27.08 26.87 26.97 27.08 27.10 27.15 27.01 26.99 27.16 27.00 27.19 27.22 27.29 27.33 27.35 27.19 27.33 27.42 27.40 27.32 27.36 27.19 27.03 27.20 27.24 27.25 27.28 27.36 27.37 27.34
26.24 25.68 26.36 26.98 27.49 27.43 27.25 27.19 26.86 27.23 27.45 27.37 27.09 26.31 26.16 26.17 26.15 26.56 26.98 27.15 27.24 27.34 27.28 27.17 27.08 26.91 26.78 26.75 27.14 27.42 27.42 27.40 27.26 27.12 27.20 26.98 26.69 26.93 27.16 27.21 27.07 27.24 27.28 27.23 27.06 27.09 27.00 26.94 27.10 27.13 27.16 26.97 26.85 26.95 26.96 27.07 26.95 26.91 27.05 27.18 27.30 27.25 27.21 27.40 27.33 27.30 27.18 27.25 27.19 27.16 27.33 27.25 27.17 27.15 27.33 27.29 27.28
26.37 26.03 25.86 26.56 27.05 27.18 27.28 27.21 26.54 26.77 27.30 27.29 27.17 26.55 25.95 25.98 26.26 26.54 26.88 27.12 27.37 27.35 27.15 27.07 27.08 27.26 26.98 26.59 26.85 27.29 27.40 27.42 27.32 27.37 27.29 27.19 26.80 26.92 26.86 26.66 26.86 26.98 27.23 27.24 27.18 27.19 27.11 27.01 27.08 27.18 27.18 27.01 26.81 26.97 27.03 27.04 26.98 26.86 26.82 27.07 27.31 27.16 27.21 27.39 27.35 27.27 27.18 27.25 27.29 27.37 27.36 27.29 27.29 27.27 27.26 27.15 27.10
27.02 26.62 26.56 26.61 26.55 26.99 27.25 27.20 27.19 27.01 27.17 27.28 27.32 26.99 26.30 26.10 26.36 26.59 26.79 27.13 27.39 27.39 26.98 27.06 27.16 27.12 27.00 26.68 26.78 27.25 27.31 27.28 27.23 27.29 27.23 27.26 27.23 27.07 26.82 26.89 27.01 27.08 27.12 27.18 27.19 27.22 27.20 27.21 27.14 27.18 27.17 27.13 26.94 26.95 26.97 27.02 26.97 27.02 26.95 26.96 27.16 27.08 27.19 27.32 27.31 27.22 27.17 27.22 27.15 27.38 27.33 27.21 27.32 27.35 27.27 27.17 26.86
