main/data/irradiance/23.04.2023.grid
ncols 839
nrows 679
xllcenter 112.0500
yllcenter -43.9500
cellsize 0.0500
nodata_value 99999.90
[rows 374 to 407 of 679, columns 462 to 538 of 839]
17.49 17.56 17.32 17.54 17.66 17.75 17.81 17.78 17.66 17.64 17.64 17.73 17.75 17.73 17.70 17.71 17.67 17.65 17.63 17.66 17.63 17.66 17.68 17.71 17.67 17.62 17.69 17.62 17.62 17.60 17.60 17.59 17.64 17.62 17.58 17.59 17.94 17.91 17.93 17.93 17.96 17.88 17.98 17.95 17.93 18.03 18.03 18.00 17.97 17.96 17.95 17.99 17.79 17.72 17.86 17.67 17.63 17.60 17.68 17.48 17.41 17.49 17.52 17.49 17.38 17.49 17.47 17.42 17.29 17.30 17.38 17.35 17.53 17.49 17.41 17.46 17.44
17.47 17.51 17.40 17.17 17.27 17.71 17.85 17.79 17.80 17.74 17.66 17.70 17.75 17.72 17.70 17.70 17.69 17.67 17.68 17.66 17.63 17.65 17.64 17.62 17.68 17.66 17.63 17.66 17.66 17.64 17.55 17.58 17.58 17.61 17.64 17.59 17.89 17.92 17.94 17.92 17.88 17.98 17.97 17.95 17.93 17.94 17.99 17.97 17.95 17.93 17.94 17.89 17.88 17.90 17.74 17.82 17.75 17.60 17.59 17.57 17.49 17.52 17.47 17.48 17.39 17.53 17.41 17.41 17.35 17.45 17.44 17.44 17.41 17.39 17.40 17.51 17.72
17.63 17.55 17.40 17.53 17.35 17.74 17.87 17.85 17.86 17.81 17.75 17.73 17.73 17.73 17.69 17.69 17.67 17.68 17.70 17.69 17.65 17.71 17.68 17.66 17.65 17.65 17.63 17.65 17.60 17.59 17.54 17.51 17.54 17.66 17.68 17.60 17.88 17.89 17.91 17.89 17.83 17.70 17.91 17.90 17.93 17.91 17.94 17.95 17.95 17.94 17.94 17.89 17.90 17.89 17.85 17.75 17.92 17.92 17.62 17.56 17.59 17.74 17.41 17.50 17.53 17.35 17.44 17.45 17.48 17.45 17.44 17.43 17.47 17.41 17.44 17.50 17.58
17.64 17.68 17.63 17.67 17.72 17.78 17.84 17.84 17.86 17.85 17.77 17.71 17.75 17.72 17.71 17.71 17.70 17.70 17.68 17.68 17.65 17.63 17.61 17.63 17.67 17.75 17.67 17.60 17.54 17.52 17.54 17.46 17.34 17.52 17.62 17.77 17.85 17.86 17.87 17.75 17.56 17.35 17.93 17.87 17.78 17.91 17.89 17.89 17.92 17.92 17.90 17.87 17.82 17.86 17.73 17.71 17.84 17.86 17.63 17.76 17.75 17.82 17.51 17.45 17.50 17.33 17.30 17.37 17.48 17.46 17.45 17.43 17.41 17.40 17.43 17.39 17.88
17.64 17.65 17.56 17.66 17.68 17.68 17.78 17.76 17.81 17.81 17.74 17.69 17.70 17.68 17.71 17.71 17.67 17.67 17.69 17.66 17.67 17.64 17.62 17.64 17.63 17.66 17.69 17.63 17.46 17.45 17.46 17.50 17.25 17.57 17.60 17.56 17.83 17.81 17.61 17.66 17.55 17.38 17.27 17.83 17.81 17.54 17.77 17.85 17.85 17.86 17.82 17.84 17.80 17.84 17.88 17.80 17.55 17.51 17.44 17.51 17.58 17.43 17.36 17.46 17.49 17.25 17.25 17.29 17.37 17.34 17.40 17.41 17.37 17.39 17.42 17.50 17.63
17.50 17.45 17.57 17.67 17.65 17.68 17.66 17.68 17.68 17.68 17.67 17.69 17.63 17.63 17.61 17.59 17.65 17.66 17.63 17.63 17.61 17.60 17.60 17.63 17.58 17.83 17.70 17.60 17.48 17.46 17.46 17.46 17.71 17.58 17.56 17.51 17.47 17.65 17.84 17.68 17.51 17.50 17.46 17.81 17.86 17.60 17.55 17.79 17.82 17.82 17.81 17.77 17.81 17.87 17.78 17.79 17.67 17.48 17.49 17.45 17.50 17.40 17.39 17.43 17.46 17.29 17.31 17.26 17.34 17.27 17.37 17.34 17.36 17.35 17.28 17.32 17.31
17.44 17.50 17.53 17.62 17.66 17.62 17.65 17.68 17.65 17.62 17.60 17.61 17.58 17.58 17.56 17.56 17.60 17.59 17.60 17.61 17.61 17.60 17.59 17.62 17.56 17.78 17.56 17.53 17.51 17.48 17.50 17.49 17.78 17.63 17.60 17.58 17.59 17.58 17.53 17.53 17.54 17.55 17.57 17.82 17.75 17.58 17.57 17.53 17.74 17.86 17.78 17.64 17.74 17.75 17.80 17.80 17.84 17.75 17.50 17.52 17.53 17.44 17.44 17.39 17.43 17.37 17.26 17.22 17.29 17.30 17.36 17.23 17.21 17.25 17.25 17.34 17.29
17.46 17.49 17.54 17.51 17.59 17.62 17.60 17.61 17.61 17.60 17.60 17.57 17.57 17.55 17.53 17.51 17.56 17.54 17.51 17.57 17.59 17.57 17.65 17.71 17.63 17.58 17.60 17.56 17.58 17.55 17.54 17.51 17.53 17.63 17.57 17.59 17.61 17.59 17.57 17.58 17.62 17.57 17.71 17.55 17.60 17.62 17.61 17.57 17.65 17.66 17.62 17.72 17.77 17.68 17.49 17.56 17.85 17.80 17.74 17.46 17.43 17.45 17.44 17.42 17.43 17.30 17.32 17.29 17.32 17.26 17.23 17.02 17.24 17.33 17.34 17.35 17.35
17.46 17.49 17.50 17.51 17.52 17.55 17.52 17.53 17.56 17.57 17.54 17.57 17.55 17.55 17.55 17.53 17.53 17.52 17.51 17.55 17.56 17.56 17.57 17.79 17.61 17.55 17.56 17.53 17.55 17.56 17.56 17.54 17.52 17.52 17.47 17.57 17.54 17.51 17.53 17.51 17.51 17.53 17.52 17.54 17.54 17.58 17.58 17.68 17.74 17.69 17.80 17.73 17.69 17.47 17.42 17.40 17.25 17.31 17.32 17.24 17.31 17.44 17.43 17.33 17.31 17.30 17.37 17.31 17.21 17.16 17.16 17.02 17.06 17.15 17.34 17.36 17.37
17.47 17.44 17.52 17.53 17.53 17.51 17.49 17.46 17.56 17.49 17.55 17.52 17.51 17.52 17.51 17.49 17.51 17.50 17.46 17.49 17.49 17.50 17.47 17.74 17.52 17.41 17.41 17.36 17.36 17.34 17.51 17.57 17.57 17.68 17.70 17.53 17.56 17.54 17.56 17.60 17.58 17.57 17.57 17.64 17.71 17.68 17.52 17.77 17.81 17.71 17.68 17.74 17.39 17.32 17.39 17.28 17.19 17.22 17.24 17.25 17.22 17.45 17.42 17.34 17.36 17.26 17.38 17.33 17.27 17.14 17.14 17.11 17.10 17.13 17.14 17.24 17.28
17.46 17.47 17.45 17.46 17.46 17.47 17.45 17.46 17.47 17.52 17.49 17.50 17.48 17.46 17.49 17.49 17.47 17.43 17.41 17.42 17.43 17.40 17.43 17.40 17.39 17.42 17.42 17.37 17.33 17.34 17.33 17.52 17.57 17.59 17.66 17.55 17.54 17.55 17.61 17.57 17.67 17.68 17.69 17.69 17.72 17.69 17.69 17.71 17.68 17.69 17.64 17.69 17.35 17.30 17.31 17.36 17.20 17.14 17.15 17.20 17.26 17.32 17.33 17.36 17.38 17.31 17.27 17.33 17.32 17.25 17.24 17.25 17.22 17.21 17.13 17.19 17.27
17.45 17.51 17.49 17.49 17.41 17.43 17.40 17.43 17.42 17.49 17.54 17.53 17.45 17.45 17.43 17.46 17.42 17.44 17.35 17.32 17.36 17.38 17.35 17.44 17.31 17.39 17.38 17.37 17.31 17.28 17.21 17.31 17.39 17.42 17.49 17.50 17.52 17.51 17.51 17.55 17.58 17.57 17.66 17.65 17.63 17.65 17.63 17.61 17.67 17.75 17.69 17.41 17.34 17.37 17.36 17.28 17.33 17.29 17.25 17.26 17.28 17.32 17.34 17.36 17.39 17.40 17.36 17.30 17.27 17.27 17.30 17.24 17.20 17.21 17.19 17.22 17.27
17.42 17.49 17.46 17.48 17.47 17.44 17.48 17.41 17.40 17.48 17.40 17.49 17.40 17.37 17.40 17.40 17.38 17.45 17.41 17.36 17.35 17.35 17.31 17.39 17.31 17.25 17.28 17.30 17.34 17.33 17.32 17.33 17.31 17.48 17.43 17.50 17.48 17.44 17.53 17.56 17.68 17.65 17.62 17.62 17.65 17.63 17.62 17.70 17.47 17.33 17.35 17.26 17.27 17.26 17.25 17.17 17.36 17.29 17.30 17.24 17.30 17.32 17.36 17.53 17.47 17.37 17.34 17.22 17.26 17.24 17.26 17.24 17.23 17.23 17.24 17.19 17.25
17.42 17.44 17.42 17.47 17.49 17.47 17.42 17.41 17.40 17.39 17.37 17.39 17.36 17.32 17.38 17.37 17.38 17.37 17.33 17.36 17.37 17.35 17.28 17.30 17.30 17.31 17.28 17.22 17.17 17.19 17.20 17.28 17.25 17.14 17.26 17.36 17.42 17.44 17.37 17.43 17.70 17.61 17.61 17.68 17.58 17.57 17.68 17.54 17.25 17.31 17.29 17.27 17.27 17.23 17.26 17.24 17.28 17.30 17.37 17.34 17.33 17.37 17.33 17.11 17.34 17.25 17.30 17.23 17.24 17.22 17.19 17.23 17.20 17.13 17.11 17.18 17.25
17.40 17.38 17.42 17.41 17.42 17.47 17.43 17.39 17.40 17.37 17.30 17.32 17.26 17.26 17.29 17.30 17.37 17.36 17.35 17.35 17.33 17.33 17.32 17.31 17.33 17.31 17.52 17.27 17.25 17.22 17.26 17.23 17.24 17.27 17.31 17.41 17.40 17.42 17.37 17.39 17.65 17.62 17.56 17.61 17.57 17.62 17.25 17.24 17.23 17.23 17.31 17.27 17.22 17.21 17.33 17.30 17.31 17.33 17.38 17.32 17.35 17.36 17.34 17.34 17.31 17.28 17.23 17.24 17.26 17.28 17.23 17.22 17.21 17.23 17.27 17.26 17.23
17.31 17.31 17.30 17.32 17.37 17.32 17.34 17.33 17.35 17.31 17.31 17.28 17.19 17.20 17.12 17.24 17.29 17.29 17.22 17.21 17.18 17.19 17.31 17.25 17.27 17.48 17.39 17.22 17.23 17.22 17.21 17.22 17.22 17.20 17.21 17.10 17.28 17.36 17.33 17.37 17.47 17.62 17.58 17.27 17.21 17.15 17.08 17.22 17.20 17.24 17.25 17.17 17.21 17.17 17.21 17.19 17.23 17.27 17.29 17.21 17.28 17.38 17.20 17.25 17.26 17.28 17.25 17.20 17.25 17.20 17.18 17.18 17.28 17.34 17.34 17.26 17.22
17.12 17.12 17.18 17.16 17.26 17.09 17.23 17.28 17.27 17.25 17.22 17.24 17.22 17.03 17.09 17.13 17.15 17.15 17.16 17.21 17.18 17.11 17.15 17.13 17.23 17.27 17.20 17.22 17.15 17.16 17.23 17.19 17.29 17.28 17.27 17.23 17.15 17.19 17.37 17.36 17.64 17.34 17.26 17.20 17.18 17.22 17.02 17.05 17.25 17.24 17.18 17.15 17.18 17.14 17.18 17.21 17.19 17.22 17.25 17.25 17.21 17.25 17.18 17.19 17.21 17.26 17.28 17.18 17.21 17.15 17.10 17.14 17.02 17.32 17.34 17.30 17.21
17.19 17.24 16.98 16.98 17.16 17.04 17.16 16.97 16.89 16.99 17.28 17.22 17.13 17.00 17.18 17.19 17.18 17.11 17.08 17.13 17.17 17.16 17.17 17.14 17.11 17.20 17.23 17.16 17.15 17.11 17.18 17.13 17.14 17.26 17.24 17.16 17.14 17.24 17.28 17.33 17.33 17.25 17.27 17.29 17.17 17.15 17.12 17.03 17.13 17.18 17.10 17.12 17.12 17.13 17.16 17.09 17.03 17.11 17.17 17.15 17.24 17.20 17.18 17.12 17.19 17.24 17.18 17.17 17.11 17.10 17.08 17.08 17.10 17.19 17.18 17.23 17.24
17.11 17.15 17.08 17.06 17.16 17.03 16.82 16.91 16.96 17.09 17.06 17.06 17.05 17.05 17.16 17.16 17.17 17.14 17.11 17.17 17.16 17.13 17.11 17.11 17.19 17.14 17.14 17.04 17.01 17.06 17.07 17.16 17.14 17.16 17.18 17.18 17.20 17.21 17.25 17.30 17.27 17.26 17.23 17.16 17.17 17.24 17.20 17.11 16.95 17.03 17.03 17.04 17.00 17.03 17.08 17.10 17.06 17.10 17.09 17.17 17.17 17.13 17.07 17.08 17.08 17.18 17.16 17.09 17.16 17.10 17.12 17.16 17.12 17.19 17.19 17.17 17.12
17.17 17.13 17.08 17.10 17.20 17.05 16.96 16.95 16.99 16.93 17.04 16.96 17.04 17.10 17.18 17.14 17.14 17.12 17.14 17.13 17.17 17.20 17.25 17.19 17.21 17.12 17.12 17.11 17.04 17.01 16.96 16.99 17.08 17.03 17.03 17.14 17.16 17.17 17.19 17.23 17.24 17.23 17.22 17.11 17.16 17.22 17.22 17.15 17.13 17.07 17.05 17.01 17.01 17.00 17.05 17.08 17.11 17.10 17.01 17.09 17.00 17.13 17.08 17.09 17.20 17.14 17.22 17.18 17.12 17.17 17.13 17.16 17.19 17.20 17.05 16.97 17.02
17.09 17.07 17.14 17.04 17.07 17.15 17.11 17.10 17.20 17.14 17.07 16.98 16.99 16.85 17.11 17.03 17.09 17.13 17.12 17.12 17.15 17.21 17.19 17.16 17.19 17.12 17.17 17.16 17.12 17.06 17.00 16.95 16.95 17.01 17.05 17.06 17.16 17.09 17.14 17.10 17.08 17.16 17.11 17.09 17.07 17.08 17.13 17.13 17.13 17.12 17.10 17.01 17.05 17.03 17.05 17.09 17.13 17.08 17.12 17.05 17.10 17.17 17.15 17.08 17.40 17.10 17.16 17.16 17.15 17.15 17.14 17.14 17.14 17.10 17.11 17.08 17.08
17.06 17.09 17.08 16.99 16.98 16.99 17.15 17.08 17.03 16.99 17.04 16.92 16.92 16.91 17.01 16.99 16.87 17.01 17.08 17.06 17.13 17.18 17.18 17.15 17.16 17.16 17.11 17.09 17.09 17.16 17.08 17.04 17.03 17.09 17.12 17.08 17.06 17.04 17.17 17.12 17.04 17.11 17.11 17.14 17.07 17.02 17.03 17.10 17.04 17.06 17.10 17.14 17.09 17.12 17.10 17.12 17.09 17.06 17.10 17.10 17.08 17.06 17.02 17.17 17.06 17.10 17.03 17.11 17.12 17.09 17.10 17.14 17.12 17.14 17.06 17.08 17.04
17.02 17.05 17.06 17.04 17.03 16.89 17.02 17.03 16.88 17.05 16.92 17.04 17.14 17.11 17.08 16.96 16.97 16.98 17.03 17.08 17.12 17.20 17.22 17.25 17.11 17.15 17.11 17.09 17.06 17.07 17.12 17.06 17.03 17.02 17.02 17.01 17.07 16.99 17.07 17.19 17.10 17.09 17.16 17.13 17.07 17.09 17.06 17.02 17.15 17.06 17.03 17.06 17.08 17.09 17.09 17.15 17.11 17.03 17.03 17.03 17.13 17.01 17.10 17.10 17.05 16.96 17.00 16.96 17.04 17.01 17.00 16.98 17.06 17.07 17.07 17.04 17.00
17.07 17.01 17.06 17.10 17.08 16.94 16.91 16.99 17.06 17.15 17.09 17.17 17.18 17.21 17.18 17.08 17.08 17.03 17.01 17.00 17.07 17.18 17.22 17.21 17.17 17.16 17.11 17.13 17.08 17.05 17.06 17.06 17.03 17.00 16.99 17.01 17.02 16.89 16.98 17.02 16.92 16.90 16.98 17.05 17.13 17.09 17.10 17.07 17.03 17.10 17.04 17.01 17.06 17.10 17.09 17.09 17.11 17.06 17.06 17.07 17.08 17.12 17.01 17.04 17.05 16.85 16.91 16.91 16.99 17.03 17.00 16.97 17.01 17.04 17.03 17.08 17.05
17.10 17.08 17.03 17.09 17.10 17.05 17.06 16.91 16.99 17.06 17.10 17.16 17.08 17.22 17.24 17.11 17.02 16.96 16.95 16.93 17.00 16.99 16.96 17.15 17.19 17.06 17.03 16.98 17.04 17.02 17.02 16.97 16.97 16.94 16.96 16.93 16.87 16.89 16.87 16.92 16.86 16.82 16.81 16.88 17.11 17.07 16.99 17.01 16.95 16.98 17.09 16.98 17.00 17.07 17.10 17.04 17.06 17.02 16.96 16.97 16.98 16.99 17.05 17.00 16.97 16.86 16.83 16.84 16.94 16.96 17.02 17.01 17.07 17.03 16.97 17.01 16.97
17.09 17.05 16.99 17.02 17.05 17.01 17.02 17.04 16.89 16.95 17.00 17.03 17.00 17.12 17.03 16.99 16.98 17.00 16.97 16.99 17.07 17.01 17.12 17.22 17.12 17.11 17.00 17.01 17.05 17.02 17.04 17.00 16.98 16.97 16.94 16.95 16.88 16.84 16.87 16.79 16.80 16.86 16.96 16.93 16.97 16.98 17.04 17.03 17.04 17.08 17.04 17.06 17.02 16.98 17.04 17.03 17.01 16.98 16.99 16.96 16.96 16.65 16.96 16.96 16.92 16.90 16.87 16.91 16.97 16.97 16.99 17.00 16.99 17.03 16.97 17.04 17.05
17.08 17.05 17.01 17.06 17.03 17.04 16.97 17.10 16.92 16.92 17.00 16.98 17.04 17.00 17.04 17.06 17.06 17.00 16.98 17.00 17.02 17.05 17.03 17.03 17.04 17.04 17.04 17.03 16.96 16.97 17.00 16.99 16.91 16.91 16.94 16.95 16.91 16.88 16.92 16.79 16.83 16.87 16.85 16.90 16.98 17.15 16.98 16.94 16.95 16.92 17.02 17.01 17.01 17.02 17.00 16.97 16.99 17.00 16.99 17.00 16.92 16.91 16.83 16.86 16.88 16.95 16.93 16.86 16.90 16.86 16.93 16.94 16.96 16.98 17.01 16.97 16.95
17.03 17.01 17.01 17.05 17.03 17.04 17.00 17.05 16.95 16.95 17.06 17.01 16.95 16.98 17.00 17.04 17.00 16.90 16.88 16.94 16.89 16.91 16.97 17.25 17.28 16.99 16.97 16.98 16.91 16.98 16.96 16.99 16.93 16.92 16.94 16.94 16.93 16.90 16.89 16.88 16.91 16.89 16.90 16.87 16.94 17.01 16.96 16.94 16.95 16.97 16.96 17.00 16.99 17.03 17.01 17.00 17.00 17.00 16.99 16.95 16.93 16.92 16.94 16.82 16.84 16.88 16.89 16.91 16.83 16.77 16.92 16.93 16.94 17.00 17.01 16.95 16.97
17.03 16.95 17.05 16.97 17.02 16.97 16.99 17.00 17.01 16.95 16.92 16.96 16.93 16.95 16.96 16.95 16.94 16.90 16.84 16.83 16.84 16.80 16.85 16.87 16.90 16.92 16.93 16.95 16.94 16.92 16.91 16.91 16.91 16.92 16.90 16.90 16.93 16.85 16.88 16.86 16.90 16.88 17.03 17.00 17.05 16.90 16.88 16.89 16.91 16.86 16.95 17.00 16.98 16.96 16.92 16.94 16.98 16.95 16.95 16.93 16.60 16.98 16.98 16.84 16.84 16.83 16.86 16.89 16.87 16.92 16.97 16.99 16.97 16.99 16.91 16.89 16.92
17.02 16.94 16.91 16.99 17.00 17.03 16.99 16.98 16.97 16.99 16.97 16.91 16.92 16.90 16.89 16.94 16.92 16.88 16.84 16.81 16.75 16.73 16.81 16.80 16.87 16.93 16.93 16.92 16.88 16.91 16.92 16.88 16.88 16.87 16.83 16.93 16.90 16.93 16.93 16.96 17.00 17.27 17.33 17.27 17.19 16.91 16.85 16.93 16.92 16.91 16.94 16.94 16.96 16.96 16.86 16.89 16.94 16.88 16.89 16.89 16.59 16.90 16.95 16.84 16.83 16.82 16.80 16.90 16.89 16.93 16.92 16.90 16.98 16.96 16.95 16.88 16.88
16.97 17.01 16.95 16.96 16.98 16.94 17.01 16.97 17.01 16.95 16.97 16.92 16.85 16.88 16.92 16.93 16.90 16.88 16.82 16.88 16.80 16.67 16.67 16.66 16.79 16.79 16.82 16.84 16.85 16.84 16.93 16.91 16.89 16.91 16.88 16.86 16.91 16.91 16.98 16.99 17.01 17.23 17.30 17.33 17.33 17.23 16.98 16.98 16.98 16.98 16.98 16.96 16.95 16.95 16.93 16.96 16.96 16.95 16.88 16.89 16.88 16.90 16.93 16.92 16.87 16.85 16.82 16.88 16.88 16.88 16.89 16.90 16.91 16.93 16.90 16.89 16.88
16.88 16.88 17.00 16.97 16.93 16.95 16.94 16.94 16.94 16.97 16.94 16.96 16.91 16.83 16.85 16.92 16.86 16.87 16.89 16.81 16.84 16.80 16.71 16.62 16.61 16.71 16.73 16.73 16.73 16.80 16.82 16.84 16.85 16.87 16.86 16.86 16.86 16.82 16.88 16.91 16.93 16.95 17.20 17.27 17.24 17.27 17.18 16.97 16.97 16.95 16.96 16.94 16.97 16.93 16.97 16.93 16.92 16.92 16.91 16.80 16.85 16.82 16.80 16.81 16.84 16.85 16.84 16.91 16.92 16.87 16.81 16.83 16.85 16.84 16.84 16.80 16.80
16.88 16.80 16.95 16.90 16.91 16.85 16.95 16.88 16.94 16.92 16.95 16.95 16.88 16.89 16.88 16.88 16.89 16.93 16.89 16.87 16.84 16.81 16.76 16.73 16.69 16.74 16.70 16.75 16.70 16.71 16.80 16.85 16.87 16.79 16.80 16.82 16.82 16.78 16.78 16.84 16.85 16.86 16.89 17.21 17.17 17.15 17.01 16.92 16.93 16.93 16.94 16.94 16.93 16.92 16.95 16.91 16.91 16.90 16.92 16.92 16.84 16.76 16.78 16.82 16.82 16.80 16.80 16.85 16.82 16.79 16.80 16.85 16.85 16.83 16.80 16.83 16.85
16.87 16.92 16.91 16.93 16.93 16.90 16.94 16.83 16.86 16.91 16.90 16.87 16.92 16.88 16.92 16.88 16.88 16.86 16.81 16.86 16.84 16.78 16.77 16.77 16.70 16.71 16.74 16.71 16.70 16.73 16.66 16.76 16.77 16.81 16.85 16.82 16.75 16.76 16.74 16.75 16.77 16.81 16.86 17.12 17.21 17.17 17.17 17.16 17.01 16.97 16.97 16.91 16.91 16.91 16.91 16.91 16.92 16.92 16.93 16.93 16.88 16.78 16.79 16.87 16.82 16.85 16.77 16.76 16.80 16.84 16.84 16.84 16.80 16.84 16.81 16.81 16.83
