main/data/irradiance/23.05.2023.grid
ncols 839
nrows 679
xllcenter 112.0500
yllcenter -43.9500
cellsize 0.0500
nodata_value 99999.90
[rows 578 to 611 of 679, columns 616 to 692 of 839]
6.71 6.71 7.09 7.09 5.94 5.94 5.94 5.94 5.94 6.10 6.54 6.93 6.93 6.93 6.98 7.62 7.62 7.62 7.62 7.09 7.99 7.99 8.89 8.89 8.89 8.89 8.89 8.84 8.84 8.60 8.61 8.61 8.61 8.61 7.47 7.47 7.47 7.47 7.47 7.47 7.47 7.47 7.53 8.39 8.39 8.39 8.39 8.39 8.17 8.54 8.54 8.54 8.54 8.54 8.54 8.54 8.06 8.06 8.06 8.06 7.70 7.70 7.70 7.70 7.70 8.11 8.11 7.64 7.64 6.81 6.93 7.62 8.12 8.12 8.12 8.12 8.12
6.71 6.71 7.09 5.94 5.94 5.94 5.94 5.94 5.94 6.10 6.54 6.93 6.93 6.93 6.98 7.62 7.62 7.62 7.62 7.62 7.99 7.99 7.99 8.89 8.89 8.89 8.89 8.89 8.84 8.84 8.60 8.60 9.03 9.03 99999.90 99999.90 99999.90 8.39 8.39 8.39 8.39 8.39 8.39 8.39 8.39 8.39 8.39 8.39 8.54 8.54 8.54 8.54 8.54 8.54 8.54 8.54 8.06 8.06 8.06 7.70 7.70 7.70 7.70 7.70 7.70 8.11 7.64 6.16 6.16 6.16 5.91 7.09 7.09 7.64 7.64 7.64 7.64
6.71 7.09 5.94 5.94 5.94 5.94 5.94 5.94 5.94 6.10 6.93 6.93 6.93 6.93 6.98 7.62 7.62 7.62 7.62 7.62 7.62 7.99 7.99 8.89 8.89 8.89 8.89 8.89 8.89 8.84 8.84 8.60 8.60 99999.90 99999.90 99999.90 99999.90 99999.90 99999.90 99999.90 99999.90 99999.90 99999.90 8.12 8.12 8.48 8.48 8.54 8.54 8.54 8.54 8.54 8.54 8.54 8.54 8.06 8.06 8.06 7.70 7.70 7.70 7.70 7.70 7.70 7.70 6.16 6.16 6.16 6.16 6.16 5.98 7.25 7.64 7.64 7.64 7.64 7.64
6.71 7.09 5.94 5.94 5.94 5.94 5.94 5.94 5.94 6.10 6.93 6.93 6.93 6.93 6.98 7.62 7.62 7.62 7.62 7.62 7.62 7.62 7.99 7.99 8.89 8.89 8.89 8.89 8.89 8.89 8.84 8.84 99999.90 99999.90 99999.90 99999.90 99999.90 99999.90 99999.90 99999.90 99999.90 99999.90 99999.90 99999.90 8.48 8.48 8.54 8.54 8.54 8.54 8.54 8.54 8.54 8.54 8.54 8.06 8.06 7.70 7.70 7.70 7.70 7.70 7.70 7.70 7.70 6.16 6.16 6.16 5.87 5.87 5.87 6.31 7.64 7.64 7.64 7.64 7.64
7.09 5.94 5.94 5.94 5.94 5.94 5.94 5.94 5.94 6.10 6.93 6.93 6.93 6.93 6.98 7.62 7.62 7.62 7.62 7.62 7.62 7.62 7.99 5.78 6.02 6.02 6.02 6.02 6.02 6.02 6.02 6.02 6.02 6.02 6.02 99999.90 99999.90 99999.90 99999.90 99999.90 99999.90 99999.90 99999.90 99999.90 99999.90 8.54 8.54 8.54 8.54 8.54 8.54 8.54 8.54 8.54 8.06 8.06 7.70 7.70 7.70 7.70 7.70 7.70 7.70 7.70 6.16 6.16 5.87 5.87 5.87 5.87 5.87 6.31 6.31 7.64 7.64 7.64 7.64
5.94 5.94 5.94 5.94 5.94 5.94 5.94 5.94 5.94 6.93 6.93 6.93 6.93 6.93 6.98 7.62 7.62 7.62 7.62 7.62 7.62 5.78 5.78 5.78 6.02 6.02 6.02 6.02 6.02 6.02 6.02 6.02 6.02 6.02 6.02 99999.90 99999.90 99999.90 99999.90 99999.90 99999.90 99999.90 99999.90 99999.90 99999.90 99999.90 99999.90 99999.90 99999.90 99999.90 8.48 8.06 8.06 8.06 8.06 7.70 7.70 7.70 7.70 7.70 7.70 7.70 7.70 7.70 5.87 5.87 5.87 5.87 5.87 5.87 5.87 6.31 6.31 6.31 7.64 7.64 7.64
5.94 5.94 5.94 5.94 5.94 5.94 5.94 5.94 5.94 6.93 6.93 6.93 6.93 6.93 6.98 7.62 7.62 7.62 5.78 5.78 5.78 5.78 5.78 5.78 6.02 6.02 6.02 6.02 6.02 6.02 6.02 6.02 6.02 6.02 6.02 99999.90 99999.90 99999.90 99999.90 99999.90 99999.90 99999.90 99999.90 99999.90 99999.90 99999.90 99999.90 99999.90 99999.90 99999.90 99999.90 8.06 8.06 8.06 7.70 7.70 7.70 7.70 7.70 7.70 7.70 7.70 7.70 5.87 5.87 5.87 5.87 5.87 5.87 5.87 5.87 6.31 6.31 6.31 6.31 7.64 7.64
99999.90 99999.90 99999.90 6.93 6.93 6.93 6.93 6.93 6.93 6.93 6.93 6.93 6.93 6.93 6.98 7.62 5.78 5.78 5.78 5.78 5.78 5.78 5.78 5.78 6.02 6.02 6.02 6.02 6.02 6.02 6.02 6.02 6.02 6.02 6.02 99999.90 99999.90 99999.90 99999.90 99999.90 99999.90 99999.90 99999.90 99999.90 99999.90 99999.90 99999.90 99999.90 99999.90 99999.90 99999.90 8.06 8.06 7.70 7.70 7.70 7.70 7.70 7.70 7.70 7.70 7.70 5.87 5.87 5.87 5.87 5.87 5.87 5.87 5.87 5.87 6.31 6.31 6.31 6.31 6.31 7.64
99999.90 99999.90 99999.90 99999.90 99999.90 99999.90 99999.90 99999.90 99999.90 99999.90 99999.90 4.88 4.88 4.88 4.86 4.86 5.78 5.78 5.78 5.78 5.78 5.78 5.78 5.78 6.02 6.02 6.02 6.02 6.02 6.02 6.02 6.02 6.02 6.02 6.02 99999.90 99999.90 99999.90 99999.90 99999.90 99999.90 99999.90 99999.90 99999.90 99999.90 99999.90 99999.90 99999.90 99999.90 99999.90 99999.90 99999.90 7.70 7.70 7.70 7.70 7.70 7.70 7.70 7.70 7.70 7.70 5.87 5.87 5.87 5.87 5.87 5.87 5.87 5.87 5.87 6.31 6.31 6.31 6.31 6.31 6.31
99999.90 99999.90 99999.90 99999.90 99999.90 99999.90 99999.90 99999.90 99999.90 99999.90 5.62 4.88 4.88 4.88 4.88 4.86 4.86 5.78 5.78 5.78 5.78 5.78 5.78 5.78 6.02 6.02 6.02 6.02 6.02 6.02 6.02 6.02 6.02 6.02 6.02 99999.90 99999.90 99999.90 99999.90 99999.90 99999.90 99999.90 99999.90 99999.90 99999.90 99999.90 99999.90 99999.90 99999.90 99999.90 99999.90 99999.90 99999.90 99999.90 99999.90 99999.90 99999.90 99999.90 7.64 6.16 5.87 5.87 5.87 5.87 5.87 5.87 5.87 5.87 5.87 5.87 5.87 6.31 6.31 6.31 6.31 6.31 6.31
99999.90 99999.90 99999.90 99999.90 99999.90 99999.90 99999.90 99999.90 99999.90 99999.90 5.62 4.88 4.88 4.88 4.88 4.88 4.86 4.86 5.78 5.78 5.78 5.78 5.78 5.78 6.02 6.02 6.02 6.02 6.02 6.02 6.02 6.02 6.02 6.02 6.02 5.63 99999.90 99999.90 99999.90 99999.90 99999.90 99999.90 99999.90 99999.90 99999.90 99999.90 99999.90 99999.90 99999.90 99999.90 99999.90 99999.90 99999.90 99999.90 99999.90 99999.90 99999.90 99999.90 99999.90 6.16 5.87 5.87 5.87 5.87 5.87 5.87 5.87 5.87 5.87 5.87 5.87 6.31 6.31 6.31 6.31 6.31 6.31
99999.90 99999.90 99999.90 99999.90 99999.90 99999.90 99999.90 99999.90 99999.90 99999.90 5.62 4.88 4.88 4.88 4.88 4.88 4.88 4.86 4.86 5.78 5.78 5.78 5.78 5.78 6.02 6.02 6.02 6.02 6.02 6.02 6.02 6.02 6.02 6.02 6.02 5.63 99999.90 99999.90 99999.90 99999.90 99999.90 99999.90 99999.90 99999.90 99999.90 99999.90 99999.90 99999.90 99999.90 99999.90 99999.90 99999.90 99999.90 99999.90 99999.90 99999.90 99999.90 99999.90 99999.90 6.16 5.87 5.87 5.87 5.87 5.87 5.87 5.87 5.87 5.87 5.87 5.87 6.31 6.31 6.31 6.31 6.31 6.31
99999.90 99999.90 99999.90 99999.90 99999.90 99999.90 99999.90 99999.90 99999.90 99999.90 5.62 4.88 4.88 4.88 4.88 4.88 4.88 4.88 4.86 4.86 5.78 5.78 5.78 5.78 6.02 6.02 6.02 6.02 6.02 6.02 6.02 6.02 6.02 6.02 6.02 5.63 99999.90 99999.90 99999.90 99999.90 99999.90 99999.90 99999.90 99999.90 99999.90 99999.90 99999.90 99999.90 99999.90 99999.90 99999.90 99999.90 99999.90 99999.90 99999.90 99999.90 99999.90 99999.90 99999.90 99999.90 5.87 5.87 5.87 5.87 5.87 5.87 5.87 5.87 5.87 5.87 5.87 6.31 6.31 6.31 6.31 6.31 6.31
99999.90 99999.90 99999.90 99999.90 99999.90 99999.90 99999.90 99999.90 99999.90 99999.90 5.62 4.88 4.88 4.88 4.88 4.88 4.88 4.88 4.88 4.86 4.86 5.78 5.78 5.78 6.02 6.02 6.02 6.02 6.02 6.02 6.02 6.02 6.02 6.02 6.02 5.63 99999.90 99999.90 99999.90 99999.90 99999.90 99999.90 99999.90 99999.90 99999.90 99999.90 99999.90 99999.90 99999.90 99999.90 99999.90 99999.90 99999.90 99999.90 99999.90 99999.90 99999.90 99999.90 99999.90 99999.90 5.87 5.87 5.87 5.87 5.87 5.87 5.87 5.87 5.87 5.87 5.87 6.31 6.31 6.31 6.31 6.31 6.31
99999.90 99999.90 99999.90 99999.90 99999.90 99999.90 99999.90 99999.90 99999.90 99999.90 5.62 4.88 4.88 4.88 4.88 4.88 4.88 4.88 4.88 4.88 4.86 4.86 5.78 5.78 6.02 6.02 6.02 6.02 6.02 6.02 6.02 6.02 6.02 6.02 6.02 5.63 99999.90 99999.90 99999.90 99999.90 99999.90 99999.90 99999.90 99999.90 99999.90 99999.90 99999.90 99999.90 99999.90 99999.90 99999.90 99999.90 99999.90 99999.90 99999.90 99999.90 99999.90 99999.90 99999.90 99999.90 99999.90 99999.90 99999.90 99999.90 99999.90 99999.90 99999.90 99999.90 99999.90 99999.90 99999.90 99999.90 99999.90 99999.90 99999.90 99999.90 99999.90
99999.90 99999.90 99999.90 99999.90 99999.90 99999.90 99999.90 99999.90 99999.90 99999.90 5.62 5.62 5.62 4.88 4.88 4.88 4.88 4.88 4.88 4.88 4.88 4.86 4.86 5.14 5.94 5.94 5.94 5.94 5.94 5.94 5.94 5.94 5.94 5.94 5.94 5.63 99999.90 99999.90 99999.90 99999.90 99999.90 99999.90 99999.90 99999.90 99999.90 99999.90 99999.90 99999.90 99999.90 99999.90 99999.90 99999.90 99999.90 99999.90 99999.90 99999.90 99999.90 99999.90 99999.90 99999.90 99999.90 99999.90 99999.90 99999.90 99999.90 99999.90 99999.90 99999.90 99999.90 99999.90 99999.90 99999.90 99999.90 99999.90 99999.90 99999.90 99999.90
99999.90 99999.90 99999.90 99999.90 99999.90 99999.90 99999.90 99999.90 99999.90 99999.90 5.62 5.62 5.62 5.62 5.62 5.62 4.88 4.88 4.88 4.88 4.88 4.88 5.07 5.36 5.93 5.93 5.93 5.93 5.93 5.93 5.93 5.93 5.93 5.63 5.63 5.63 99999.90 99999.90 99999.90 99999.90 99999.90 99999.90 99999.90 99999.90 99999.90 99999.90 99999.90 99999.90 99999.90 99999.90 99999.90 99999.90 99999.90 99999.90 99999.90 99999.90 99999.90 99999.90 99999.90 99999.90 99999.90 99999.90 99999.90 99999.90 99999.90 99999.90 99999.90 99999.90 99999.90 99999.90 99999.90 99999.90 99999.90 99999.90 99999.90 99999.90 99999.90
99999.90 99999.90 99999.90 99999.90 99999.90 99999.90 99999.90 99999.90 99999.90 99999.90 5.62 5.62 5.62 5.62 5.62 5.62 5.62 5.62 5.62 5.12 5.12 5.12 5.62 5.75 5.54 5.54 5.54 5.54 5.54 5.54 5.63 5.63 5.63 5.63 5.63 5.63 99999.90 99999.90 99999.90 99999.90 99999.90 99999.90 99999.90 99999.90 99999.90 99999.90 99999.90 99999.90 99999.90 99999.90 99999.90 99999.90 99999.90 99999.90 99999.90 99999.90 99999.90 99999.90 99999.90 99999.90 99999.90 99999.90 99999.90 99999.90 99999.90 99999.90 99999.90 99999.90 99999.90 99999.90 99999.90 99999.90 99999.90 99999.90 99999.90 99999.90 99999.90
99999.90 99999.90 99999.90 99999.90 99999.90 99999.90 99999.90 99999.90 99999.90 99999.90 5.62 5.62 5.62 5.62 5.62 5.62 5.62 5.62 5.62 5.62 5.36 5.36 5.84 5.48 5.24 5.24 5.24 5.63 5.63 5.63 5.63 5.63 5.63 5.63 5.63 5.63 99999.90 99999.90 99999.90 99999.90 99999.90 99999.90 99999.90 99999.90 99999.90 99999.90 99999.90 99999.90 99999.90 99999.90 99999.90 99999.90 99999.90 99999.90 99999.90 99999.90 99999.90 99999.90 99999.90 99999.90 99999.90 99999.90 99999.90 99999.90 99999.90 99999.90 99999.90 99999.90 99999.90 99999.90 99999.90 99999.90 99999.90 99999.90 99999.90 99999.90 99999.90
99999.90 99999.90 99999.90 99999.90 99999.90 99999.90 99999.90 99999.90 99999.90 99999.90 5.62 5.62 5.62 5.62 5.62 5.62 5.62 5.62 5.62 5.62 5.62 5.34 5.72 5.93 5.65 5.65 5.63 5.63 5.63 5.63 5.63 5.63 5.63 5.63 5.63 5.63 99999.90 99999.90 99999.90 99999.90 99999.90 99999.90 99999.90 99999.90 99999.90 99999.90 99999.90 99999.90 99999.90 99999.90 99999.90 99999.90 99999.90 99999.90 99999.90 99999.90 99999.90 99999.90 99999.90 99999.90 99999.90 99999.90 99999.90 99999.90 99999.90 99999.90 99999.90 99999.90 99999.90 99999.90 99999.90 99999.90 99999.90 99999.90 99999.90 99999.90 99999.90
99999.90 99999.90 99999.90 99999.90 99999.90 99999.90 99999.90 99999.90 99999.90 99999.90 5.62 5.62 5.62 5.62 5.62 5.62 5.62 5.62 5.62 5.62 5.62 5.95 6.02 6.05 5.85 5.63 5.63 5.63 5.63 5.63 5.63 5.63 5.63 5.63 5.63 5.63 6.49 6.49 6.49 6.49 6.49 6.49 6.49 6.49 6.49 6.49 6.49 6.49 6.49 6.49 6.49 6.49 99999.90 99999.90 99999.90 99999.90 99999.90 99999.90 99999.90 99999.90 99999.90 99999.90 99999.90 99999.90 99999.90 99999.90 99999.90 99999.90 99999.90 99999.90 99999.90 99999.90 99999.90 99999.90 99999.90 99999.90 99999.90
99999.90 99999.90 99999.90 99999.90 99999.90 99999.90 99999.90 99999.90 99999.90 99999.90 5.62 5.62 5.62 5.62 5.62 5.62 5.62 5.62 5.62 6.04 6.04 6.04 6.11 5.86 6.16 5.22 5.22 5.22 5.22 5.22 5.22 5.22 5.22 5.22 5.22 5.22 6.28 6.49 6.49 6.49 6.49 6.49 6.49 6.49 6.49 6.49 6.49 6.49 6.49 6.49 6.49 6.49 99999.90 99999.90 99999.90 99999.90 99999.90 99999.90 99999.90 99999.90 99999.90 99999.90 99999.90 99999.90 99999.90 99999.90 99999.90 99999.90 99999.90 99999.90 99999.90 99999.90 99999.90 99999.90 99999.90 99999.90 99999.90
99999.90 99999.90 99999.90 99999.90 99999.90 99999.90 99999.90 99999.90 99999.90 99999.90 5.62 5.62 5.62 5.62 5.62 5.62 5.62 6.26 6.26 6.26 6.26 6.26 6.43 6.52 6.16 5.22 5.22 5.22 5.22 5.22 5.22 5.22 5.22 5.22 5.22 6.28 6.28 6.49 6.49 6.49 6.49 6.49 6.49 6.49 6.49 6.49 6.49 6.49 6.49 6.49 6.49 6.49 99999.90 99999.90 99999.90 99999.90 99999.90 99999.90 99999.90 99999.90 99999.90 99999.90 99999.90 99999.90 99999.90 99999.90 99999.90 99999.90 99999.90 99999.90 99999.90 99999.90 99999.90 99999.90 99999.90 99999.90 99999.90
99999.90 99999.90 99999.90 99999.90 99999.90 99999.90 99999.90 99999.90 99999.90 99999.90 5.62 5.62 5.62 6.16 6.16 6.16 6.16 6.16 6.16 6.16 6.16 6.16 6.52 6.52 6.52 5.22 5.22 5.22 5.22 5.22 5.22 5.22 5.22 5.22 6.28 6.28 6.28 6.49 6.49 6.49 6.49 6.49 6.49 6.49 6.49 6.49 6.49 6.49 6.49 6.49 6.49 6.49 99999.90 99999.90 99999.90 99999.90 99999.90 99999.90 99999.90 99999.90 99999.90 99999.90 99999.90 99999.90 99999.90 99999.90 99999.90 99999.90 99999.90 99999.90 99999.90 99999.90 99999.90 99999.90 99999.90 99999.90 99999.90
99999.90 99999.90 99999.90 99999.90 99999.90 99999.90 99999.90 99999.90 99999.90 99999.90 5.62 6.16 6.16 6.16 6.16 6.16 6.16 6.16 6.16 6.16 6.16 6.16 6.52 6.52 6.52 6.52 5.22 5.22 5.22 5.22 5.22 5.22 5.22 5.22 6.28 6.28 6.28 6.28 6.49 6.49 6.49 6.49 6.49 6.49 6.49 6.49 6.49 6.49 6.49 6.49 6.49 6.49 99999.90 99999.90 99999.90 99999.90 99999.90 99999.90 99999.90 99999.90 99999.90 99999.90 99999.90 99999.90 99999.90 99999.90 99999.90 99999.90 99999.90 99999.90 99999.90 99999.90 99999.90 99999.90 99999.90 99999.90 99999.90
99999.90 99999.90 99999.90 99999.90 99999.90 99999.90 99999.90 99999.90 99999.90 99999.90 5.62 6.16 6.16 6.16 6.16 6.16 6.16 6.16 6.16 6.16 6.16 6.16 6.52 6.52 6.52 6.52 5.22 5.22 5.22 5.22 5.22 5.22 5.22 6.28 6.28 6.28 6.28 6.28 6.49 6.49 6.49 6.49 6.49 6.49 6.49 6.49 6.49 6.49 6.49 6.49 6.49 6.49 99999.90 99999.90 99999.90 99999.90 99999.90 99999.90 99999.90 99999.90 99999.90 99999.90 99999.90 99999.90 99999.90 99999.90 99999.90 99999.90 99999.90 99999.90 99999.90 99999.90 99999.90 99999.90 99999.90 99999.90 99999.90
99999.90 99999.90 99999.90 99999.90 99999.90 99999.90 99999.90 99999.90 99999.90 99999.90 5.62 6.16 6.16 6.16 6.16 6.16 6.16 6.16 6.16 6.16 6.16 6.16 6.52 6.52 6.52 6.52 6.52 5.22 5.22 5.22 5.22 5.22 6.28 6.28 6.28 6.28 6.28 6.28 6.49 6.49 6.49 6.49 6.49 6.49 6.49 6.49 6.49 6.49 6.49 6.49 6.49 6.49 99999.90 99999.90 99999.90 99999.90 99999.90 99999.90 99999.90 99999.90 99999.90 99999.90 99999.90 99999.90 99999.90 99999.90 99999.90 99999.90 99999.90 99999.90 99999.90 99999.90 99999.90 99999.90 99999.90 99999.90 99999.90
99999.90 99999.90 99999.90 99999.90 99999.90 99999.90 99999.90 99999.90 99999.90 99999.90 5.62 6.16 6.16 6.16 6.16 6.16 6.16 6.16 6.16 6.16 6.16 6.16 6.52 6.52 6.52 6.52 6.52 5.22 5.22 5.22 5.22 6.28 6.28 6.28 6.28 6.28 6.28 6.28 6.28 6.49 6.49 6.49 6.49 6.49 6.49 6.49 6.49 6.49 6.49 6.49 6.49 6.49 6.20 6.20 99999.90 99999.90 99999.90 99999.90 99999.90 99999.90 99999.90 99999.90 99999.90 99999.90 99999.90 99999.90 99999.90 99999.90 99999.90 99999.90 99999.90 99999.90 99999.90 99999.90 99999.90 99999.90 99999.90
99999.90 99999.90 99999.90 99999.90 99999.90 99999.90 99999.90 99999.90 99999.90 99999.90 5.62 6.16 6.16 6.16 6.16 6.16 6.16 6.16 6.16 6.16 6.16 6.16 6.52 6.52 6.52 6.52 6.52 6.52 5.22 5.22 6.28 6.28 6.28 6.28 6.28 6.28 6.28 6.28 6.28 6.49 6.49 6.49 6.49 6.49 6.49 6.49 6.49 6.49 6.49 6.49 6.49 6.49 6.21 6.21 6.21 6.21 6.21 6.21 6.21 6.21 99999.90 99999.90 99999.90 99999.90 99999.90 99999.90 99999.90 99999.90 99999.90 99999.90 99999.90 99999.90 99999.90 99999.90 99999.90 99999.90 99999.90
99999.90 99999.90 99999.90 99999.90 99999.90 99999.90 99999.90 99999.90 99999.90 99999.90 5.62 6.16 6.16 6.16 6.16 6.16 6.16 6.16 6.16 6.16 6.16 6.16 6.52 6.52 6.52 6.52 6.52 6.52 6.52 5.22 6.28 6.28 6.28 6.28 6.28 6.28 6.28 6.28 6.28 6.49 6.49 6.49 6.49 6.49 6.49 6.49 6.49 6.49 6.49 6.49 6.49 6.21 6.21 6.21 6.06 6.06 6.06 6.06 6.06 6.06 6.06 6.06 6.06 6.06 99999.90 99999.90 99999.90 99999.90 99999.90 99999.90 99999.90 99999.90 99999.90 99999.90 99999.90 99999.90 99999.90
99999.90 99999.90 99999.90 99999.90 99999.90 99999.90 99999.90 99999.90 99999.90 99999.90 99999.90 6.16 6.16 6.16 6.16 6.16 6.16 6.16 6.16 6.16 6.16 6.16 6.52 6.52 6.52 6.52 6.52 6.52 6.52 6.28 6.28 6.28 6.28 6.28 6.28 6.28 6.28 6.28 6.28 6.28 6.49 6.49 6.49 6.49 6.49 6.49 6.49 6.49 6.49 6.49 6.21 6.21 6.21 6.21 6.06 6.06 6.06 6.06 6.06 6.35 6.35 6.35 6.35 6.35 6.35 6.35 99999.90 99999.90 99999.90 99999.90 99999.90 99999.90 99999.90 99999.90 99999.90 99999.90 99999.90
99999.90 99999.90 99999.90 99999.90 99999.90 99999.90 99999.90 99999.90 99999.90 99999.90 99999.90 6.16 6.16 6.16 6.16 6.16 6.16 6.16 6.16 6.16 6.16 6.16 6.52 6.52 6.52 6.52 6.52 6.52 6.66 6.66 6.28 6.28 6.28 6.28 6.28 6.28 6.28 6.28 6.28 6.28 6.49 6.49 6.49 6.49 6.49 6.49 6.49 6.49 6.24 6.21 6.21 6.21 6.21 6.06 6.06 6.06 6.06 6.06 6.06 6.35 6.35 5.83 5.83 5.83 5.83 5.83 5.83 5.83 99999.90 99999.90 99999.90 99999.90 99999.90 99999.90 99999.90 99999.90 99999.90
99999.90 99999.90 99999.90 99999.90 99999.90 99999.90 99999.90 99999.90 99999.90 99999.90 99999.90 6.16 6.16 6.16 6.16 6.16 6.16 6.16 6.16 6.16 6.16 6.16 6.52 6.52 6.52 6.52 6.52 6.52 6.66 6.66 6.66 6.66 6.66 6.66 6.28 6.28 6.28 6.28 6.28 6.28 6.49 6.49 6.49 6.49 6.49 6.49 6.49 5.96 6.24 6.21 6.21 6.21 6.21 6.06 6.06 6.06 6.06 6.06 6.35 6.35 6.35 5.83 5.83 5.85 5.85 5.85 5.85 5.85 5.85 5.85 99999.90 6.98 6.98 6.98 6.98 6.98 6.98
99999.90 99999.90 99999.90 99999.90 99999.90 99999.90 99999.90 99999.90 99999.90 99999.90 99999.90 6.16 6.16 6.16 6.16 6.16 6.16 6.16 6.16 6.16 6.16 6.16 6.52 6.52 6.52 6.52 6.52 6.66 6.66 6.66 6.66 6.66 6.66 6.66 6.66 6.66 6.66 6.66 6.28 6.28 6.42 6.42 6.42 6.42 6.42 6.42 6.20 5.96 6.24 6.21 6.21 6.21 6.21 6.06 6.06 6.06 6.06 6.06 6.35 6.35 5.83 5.83 5.83 5.85 6.40 6.40 6.40 6.40 6.40 6.40 6.40 7.07 7.07 7.07 7.07 7.07 7.07
