main/data/irradiance/23.09.2023.grid
ncols 839
nrows 679
xllcenter 112.0500
yllcenter -43.9500
cellsize 0.0500
nodata_value 99999.90
[rows 68 to 101 of 679, columns 385 to 461 of 839]
23.08 23.83 22.87 22.62 22.52 23.16 23.29 23.27 23.48 23.57 23.52 23.71 24.33 23.08 23.24 23.16 23.54 23.96 23.40 24.01 23.31 24.45 24.45 24.53 24.20 24.79 24.80 23.49 24.11 24.67 24.24 24.47 24.59 24.82 24.14 23.93 24.22 24.95 24.42 23.38 24.05 23.86 23.93 23.81 24.68 25.07 24.62 24.82 24.13 24.33 24.66 24.87 24.65 24.81 22.99 23.91 24.35 24.29 24.47 24.69 24.59 24.38 24.50 24.68 23.72 24.40 24.25 23.88 24.26 24.48 23.93 22.93 23.07 23.87 24.02 23.55 24.10
22.72 23.93 21.89 23.28 22.68 22.53 23.42 23.58 23.07 23.54 21.86 23.43 23.93 23.51 23.96 23.96 23.95 23.57 23.34 23.86 22.12 23.15 24.36 24.31 24.80 25.13 24.35 23.10 24.29 23.96 24.52 23.62 24.16 24.46 24.44 24.82 23.70 25.05 24.93 23.43 24.32 24.13 23.49 23.77 23.93 23.87 23.95 25.03 24.09 24.33 24.19 24.49 24.14 24.77 24.86 23.64 23.85 24.17 24.40 24.18 24.50 23.73 23.90 24.19 24.83 24.92 24.60 24.68 24.27 24.60 24.45 23.21 23.95 23.22 24.19 24.00 24.16
22.45 23.97 22.90 23.93 24.04 24.13 24.45 23.78 23.65 24.42 23.80 24.07 24.82 24.32 24.19 24.39 25.06 24.79 23.90 23.93 24.01 23.67 24.66 23.84 23.10 24.25 24.09 24.52 24.44 24.61 24.06 23.33 23.99 23.28 24.61 24.80 23.44 24.19 23.88 23.15 24.73 23.77 24.23 24.05 24.50 23.19 22.65 25.04 24.39 24.36 24.82 24.72 23.60 24.47 23.29 23.84 24.12 23.85 23.89 23.68 24.52 24.34 23.63 23.47 24.14 24.32 24.67 24.60 24.06 24.60 24.65 24.19 24.55 24.73 24.72 24.83 23.95
23.16 23.21 23.62 23.33 23.11 24.24 23.40 23.06 23.72 23.57 25.06 24.61 24.28 24.46 23.51 22.46 24.34 24.54 24.09 24.63 24.73 24.13 23.99 22.66 24.00 22.88 22.70 24.59 22.97 23.61 23.59 23.49 24.04 24.19 24.61 24.78 25.08 23.01 24.31 22.76 24.22 22.79 24.46 23.56 23.75 23.89 23.66 24.85 24.12 24.09 24.32 24.60 23.80 24.18 24.70 24.50 24.47 24.58 24.17 23.06 24.28 24.26 24.00 24.14 24.16 25.07 24.98 24.22 23.68 24.36 24.95 24.76 24.26 24.42 23.85 24.15 23.57
23.80 23.25 24.16 22.39 22.80 24.44 24.23 23.45 24.23 24.85 24.98 23.23 22.88 24.56 23.22 22.97 23.28 24.43 24.81 23.93 24.26 23.79 24.06 23.50 23.72 22.74 22.85 24.34 24.31 23.60 24.12 23.56 23.42 23.75 24.54 24.02 24.90 23.16 23.82 23.71 23.32 22.34 23.73 24.69 24.46 23.30 23.55 24.38 24.11 23.84 24.31 23.51 23.91 23.84 24.68 24.57 24.22 23.58 24.56 24.23 24.15 25.17 25.20 24.70 25.24 24.74 24.98 24.24 24.46 24.56 24.97 24.77 24.52 24.29 24.38 23.55 23.54
22.77 22.96 24.06 23.69 24.09 24.05 23.71 24.30 24.30 24.14 24.71 24.33 24.67 23.84 23.08 23.35 23.95 23.54 24.66 24.27 24.77 24.11 23.52 24.12 23.89 24.25 23.99 23.56 22.76 23.08 24.04 24.29 24.35 24.47 24.06 22.57 23.73 22.41 22.32 22.99 23.24 23.04 21.75 23.44 23.74 23.40 24.61 24.13 23.13 23.60 23.34 23.96 24.39 23.13 24.17 24.48 23.11 23.73 24.36 24.77 24.05 24.78 24.10 24.17 24.86 24.69 24.57 23.65 24.55 25.07 24.93 24.66 24.90 24.58 24.78 24.52 24.25
23.93 23.81 23.77 24.79 23.61 23.60 22.57 24.31 23.85 24.65 24.32 24.57 23.59 23.74 24.76 24.10 23.62 24.67 24.12 23.83 24.83 24.48 24.64 25.08 24.18 24.27 23.84 23.41 23.08 23.36 23.03 23.58 23.59 23.68 24.49 23.73 24.31 24.13 24.65 24.27 23.11 23.96 24.13 23.01 23.62 24.34 23.23 22.95 23.16 23.29 23.48 24.28 24.38 23.39 23.38 24.04 24.33 24.06 23.40 23.73 24.05 23.76 23.35 23.28 24.00 23.44 24.60 24.25 24.78 24.90 24.93 24.76 25.06 24.93 24.43 24.43 23.71
24.12 23.26 24.30 24.23 24.18 24.23 24.37 24.33 23.87 24.17 23.80 22.89 24.65 24.79 24.58 24.43 24.34 24.48 23.86 23.52 24.53 24.64 24.15 24.23 23.37 24.29 23.54 23.11 23.85 24.52 24.42 23.96 23.60 23.30 24.38 23.69 23.71 23.98 24.70 24.29 24.08 23.09 22.80 23.18 23.95 23.74 23.04 24.06 23.02 23.26 23.36 23.66 24.68 24.39 24.05 23.60 24.62 23.72 23.17 22.81 23.77 24.20 23.57 24.38 24.88 23.95 24.73 24.07 25.22 24.49 23.89 25.09 24.77 24.24 24.79 24.22 24.46
23.68 22.98 24.14 23.56 24.17 23.71 24.48 24.65 24.34 24.14 24.21 23.93 24.56 24.21 24.50 24.77 23.94 24.51 24.24 24.82 23.60 24.79 23.44 24.80 24.22 23.84 23.17 24.17 22.60 24.05 23.24 23.43 23.43 23.91 24.02 23.47 23.61 23.00 23.40 23.65 22.49 22.75 22.94 22.92 23.11 22.85 23.70 24.52 23.30 24.20 24.02 23.38 23.72 23.27 24.00 24.07 24.22 23.59 23.75 24.07 23.84 24.11 23.07 22.91 24.29 23.66 24.98 24.10 24.12 24.47 24.85 24.97 24.39 24.56 24.91 24.88 24.86
24.74 23.86 23.37 23.68 24.35 23.99 23.84 24.42 24.60 24.45 23.73 25.07 24.57 23.87 24.98 24.99 24.62 25.01 24.95 24.59 24.45 24.51 24.57 23.86 24.36 23.73 24.76 24.25 23.03 23.45 23.35 22.73 22.23 23.74 22.72 24.09 24.15 23.66 24.56 23.72 23.63 22.77 22.57 23.87 22.32 22.47 23.04 23.79 23.92 24.66 23.82 24.10 22.97 23.55 23.43 23.13 23.61 24.02 23.73 24.38 24.31 24.31 23.38 24.35 24.15 23.33 23.70 24.17 22.49 24.73 24.19 24.22 24.45 24.64 25.00 25.28 24.46
23.79 23.18 24.08 23.77 24.20 23.61 24.59 23.95 24.67 24.81 24.27 25.01 24.65 24.77 25.22 25.83 25.18 24.94 24.55 24.57 24.25 22.78 23.87 25.13 24.06 23.85 24.02 23.01 24.29 23.21 23.01 24.54 23.46 23.88 24.28 23.73 23.81 23.68 22.69 23.37 22.81 22.89 24.38 23.21 21.34 22.22 23.06 22.75 23.21 23.76 24.09 22.38 23.27 23.12 22.36 24.40 24.09 23.71 23.19 24.26 22.64 23.66 23.72 24.18 24.39 23.94 23.92 24.94 23.81 24.72 25.04 24.43 24.42 24.34 25.10 24.38 24.54
24.05 24.25 24.04 23.63 23.88 24.38 24.17 24.63 25.09 24.65 24.48 24.66 25.12 24.86 25.07 25.47 25.08 24.77 24.63 24.29 24.41 24.45 24.75 24.67 23.27 23.25 24.42 23.36 24.56 23.08 22.74 23.98 23.56 23.00 23.97 24.43 23.95 23.63 22.77 22.38 20.98 21.73 23.54 22.96 22.19 22.49 21.45 21.04 20.15 21.51 22.57 21.58 21.28 20.39 22.27 22.10 22.24 24.04 24.07 24.89 22.73 24.67 24.46 23.02 24.42 24.23 24.27 23.96 22.70 23.56 24.41 23.16 23.76 23.99 24.11 24.81 24.50
24.33 23.86 23.58 23.90 24.25 24.08 24.43 24.79 24.84 24.71 24.79 25.08 24.70 25.22 24.79 24.56 24.85 24.82 25.12 25.04 24.72 24.77 24.52 24.16 24.13 22.85 24.49 23.97 23.56 23.61 23.86 24.10 24.04 23.38 23.53 23.81 22.34 22.25 22.76 22.27 23.41 23.83 23.75 22.80 23.27 22.39 20.96 22.66 21.67 22.69 23.19 22.32 21.12 22.24 22.74 22.20 24.09 24.31 23.69 23.47 24.26 24.30 25.17 24.34 24.72 24.73 24.17 23.61 22.93 24.32 24.17 22.48 24.59 24.53 23.96 24.74 24.77
23.66 23.62 23.76 23.60 24.22 23.74 24.31 24.50 24.77 24.85 24.78 25.16 24.94 24.88 25.04 24.81 25.11 25.03 25.08 25.00 25.02 24.65 24.51 24.86 24.36 23.99 24.32 24.93 23.45 23.57 23.12 22.72 23.33 23.44 23.61 23.12 22.75 22.88 24.25 24.08 22.90 24.09 23.51 23.83 23.68 23.08 22.66 22.78 22.61 22.33 21.97 22.14 22.04 23.86 23.94 24.26 23.99 23.87 24.17 24.24 24.13 22.56 24.70 23.68 25.04 24.92 24.56 24.48 24.15 23.96 24.36 23.71 24.54 24.75 23.58 24.68 24.34
24.22 22.91 24.49 24.48 24.24 24.51 24.27 23.68 24.91 25.08 24.53 25.06 24.81 24.89 25.09 24.91 24.58 24.86 24.86 25.04 24.77 24.24 24.89 24.02 24.44 24.19 24.77 24.62 23.99 23.82 23.17 21.69 23.39 23.24 23.83 22.76 23.63 24.37 23.82 23.66 23.31 24.04 22.40 20.50 21.79 23.05 23.35 22.55 23.36 21.13 20.98 21.95 22.29 22.96 23.14 22.50 22.19 23.26 23.99 23.55 23.77 24.24 24.43 24.38 24.20 24.20 24.93 24.69 24.45 24.74 24.36 24.72 24.49 23.87 24.46 24.39 24.47
23.19 23.32 24.39 24.11 24.86 24.89 24.70 24.66 24.76 25.04 24.83 24.85 25.02 24.51 24.94 25.15 25.13 24.51 25.26 25.15 24.85 24.81 24.72 24.26 24.80 24.93 24.52 24.36 23.56 23.60 23.33 23.92 23.68 23.99 23.25 24.38 24.34 23.57 23.85 23.62 23.22 24.32 23.44 22.83 24.14 23.33 23.97 24.00 21.31 19.98 21.55 22.43 22.92 21.79 20.04 20.84 22.57 22.23 22.70 23.55 24.78 23.88 24.10 24.44 23.26 24.68 24.63 24.48 24.67 24.70 25.11 24.56 24.73 24.54 24.28 24.91 24.42
22.79 23.00 24.11 24.39 24.68 23.94 24.63 24.13 25.00 24.85 24.35 25.00 24.81 24.87 24.92 24.93 25.20 25.18 25.22 25.08 24.62 25.11 25.08 24.93 24.35 25.09 24.97 24.78 24.09 24.10 23.75 24.27 22.71 24.22 24.84 23.79 24.51 22.96 23.84 22.25 22.49 23.46 24.15 23.48 22.97 24.35 23.57 22.47 22.25 22.31 22.52 21.98 22.17 21.20 21.30 20.94 21.60 22.75 24.17 24.04 23.60 23.05 23.10 21.98 23.52 24.55 24.58 23.59 24.69 24.66 24.96 24.14 24.89 25.24 25.06 25.01 24.69
23.41 24.01 24.85 24.32 24.35 24.25 24.58 24.70 25.14 25.28 24.94 24.78 24.66 24.71 24.76 24.94 25.11 24.94 25.28 25.16 24.97 25.08 25.09 25.20 25.35 25.15 24.59 24.47 24.44 24.35 24.59 24.57 23.99 23.32 23.91 24.37 23.83 23.90 24.13 24.10 23.38 24.16 24.47 24.02 22.75 24.47 23.62 22.84 22.08 24.03 22.95 23.21 22.60 21.06 21.28 20.61 22.96 24.21 23.97 20.73 21.73 22.91 23.82 23.56 24.38 24.60 23.43 24.13 24.18 24.40 24.67 24.81 24.78 25.44 25.24 24.95 24.90
23.41 24.65 23.96 23.92 24.46 24.85 24.99 24.80 24.91 24.79 24.53 24.74 24.70 24.76 24.73 24.86 24.92 25.23 24.95 25.09 25.09 25.19 24.93 25.25 25.17 24.89 24.58 24.41 24.71 24.60 24.91 24.87 24.80 24.33 24.55 23.91 23.93 23.50 23.96 24.45 24.51 23.87 23.93 25.14 23.46 24.09 24.64 23.65 22.92 22.97 24.51 23.76 21.30 21.31 22.69 23.10 23.98 23.62 21.89 23.34 23.56 23.40 24.31 22.97 22.86 24.59 22.42 23.98 23.34 24.57 23.65 24.47 25.03 25.12 25.28 24.47 25.28
24.52 23.25 23.34 24.64 24.56 24.73 24.73 24.90 24.87 24.46 24.63 24.70 24.49 24.79 24.91 24.78 24.80 24.92 25.01 25.13 25.07 24.98 24.98 25.26 24.89 25.14 24.81 24.51 24.46 24.81 24.96 24.94 24.71 24.59 24.82 24.98 24.75 25.04 24.09 24.65 24.46 24.71 24.58 24.86 24.34 24.70 24.54 23.84 24.39 24.10 22.35 22.89 21.97 21.99 23.86 24.03 21.25 23.94 23.41 23.48 23.97 24.10 24.72 23.12 23.18 24.57 24.39 23.37 22.72 24.52 24.31 24.72 24.62 25.05 25.23 25.05 25.28
23.58 24.52 24.47 24.75 24.46 24.67 24.58 24.91 24.92 24.71 24.82 24.90 24.60 24.87 24.54 24.77 24.61 24.92 24.99 25.06 24.98 24.85 25.07 25.06 24.89 25.04 24.95 24.73 24.73 24.53 25.00 25.21 24.87 25.12 24.88 24.94 24.83 25.01 24.66 24.46 24.43 24.11 24.71 24.86 25.47 25.61 25.12 24.25 24.11 23.58 22.55 22.78 24.16 23.09 23.16 22.78 22.48 22.07 23.29 23.78 25.06 24.45 24.99 24.69 25.08 24.21 24.46 24.16 24.67 24.78 24.95 24.59 25.20 25.23 25.37 25.23 25.34
24.44 24.80 24.18 24.85 24.53 24.68 24.91 24.90 24.90 24.85 24.82 24.95 24.87 24.94 24.92 24.76 24.86 24.73 24.61 25.01 24.98 25.12 25.32 25.32 24.73 24.72 25.02 24.68 24.98 24.97 24.83 25.13 25.25 25.20 25.15 25.04 24.94 25.00 25.17 24.74 24.33 24.27 25.00 25.23 25.68 25.27 24.88 24.39 23.26 24.43 23.84 23.23 24.52 23.88 24.12 22.53 24.17 23.88 24.15 24.59 24.89 24.95 25.40 25.19 25.15 25.26 24.46 25.37 25.06 25.22 25.22 24.83 25.40 25.29 25.17 25.35 25.40
24.83 24.43 24.47 24.94 25.10 25.12 24.85 24.85 24.89 24.79 24.94 24.81 24.97 25.00 24.59 24.87 24.86 24.84 25.18 25.01 24.65 25.08 25.03 25.27 24.97 24.99 24.80 24.55 24.68 25.14 24.96 25.09 24.80 24.69 25.11 25.28 25.10 25.01 25.04 24.98 25.01 24.90 24.96 25.36 25.47 25.01 24.73 24.62 24.50 24.86 24.71 24.14 24.62 24.50 24.00 24.56 23.54 24.69 24.77 24.76 24.72 25.00 25.37 25.35 25.38 24.92 24.99 24.77 24.87 25.00 25.49 25.21 25.21 25.33 25.43 25.35 25.40
24.71 24.67 24.71 24.61 24.86 25.11 25.03 24.62 24.94 24.93 24.77 24.92 24.82 24.78 24.90 25.21 25.03 24.79 24.85 24.95 24.77 25.00 24.80 24.92 25.04 24.74 24.82 24.88 25.09 24.62 25.21 25.38 24.65 24.68 24.74 25.02 25.03 25.29 25.16 25.26 25.49 25.33 25.00 25.18 25.05 24.86 24.86 24.50 24.88 24.79 24.48 25.10 24.23 24.87 24.64 24.33 23.09 24.63 24.94 24.22 24.15 25.12 25.22 24.94 25.00 25.37 25.22 24.78 25.07 25.32 25.34 24.70 24.89 25.40 25.34 25.38 25.32
24.80 24.71 24.35 24.94 24.99 25.05 24.94 24.95 24.88 24.89 24.69 24.88 24.77 24.71 24.66 25.31 25.03 25.00 24.93 24.82 24.71 24.96 24.70 24.67 24.77 24.68 24.95 25.00 24.96 25.06 25.03 24.94 24.25 25.02 24.83 24.90 25.07 25.48 25.50 25.08 25.26 25.08 25.13 25.22 25.13 25.28 25.32 25.18 24.97 24.86 24.61 25.00 25.08 24.84 24.08 24.87 24.15 24.44 24.36 24.16 24.91 23.56 24.37 24.53 24.98 24.94 25.14 25.36 25.16 25.27 25.47 25.38 25.41 25.41 25.31 25.35 25.35
24.89 24.67 24.85 24.70 24.89 24.94 24.96 24.86 24.84 24.72 24.84 24.93 24.96 24.86 25.05 25.10 24.91 24.94 25.00 24.88 24.53 24.99 24.52 24.52 24.66 24.76 24.92 25.52 25.17 25.09 24.96 24.78 24.64 24.84 24.77 24.80 25.18 25.56 25.49 25.20 25.07 25.13 25.12 25.28 25.21 25.19 25.01 25.20 25.05 24.94 24.95 24.88 25.09 25.07 24.66 24.60 23.69 24.34 22.93 25.22 24.81 23.67 24.69 24.66 24.99 25.16 25.25 25.20 25.27 25.05 25.45 25.32 25.37 25.29 25.42 25.37 25.09
24.73 24.98 24.97 24.84 24.77 24.84 24.73 24.64 25.02 24.73 24.83 24.94 24.91 24.95 24.94 24.93 24.76 24.69 24.75 24.90 24.87 24.99 24.91 24.82 24.75 24.69 25.00 25.18 25.20 25.19 24.90 24.94 24.72 24.40 24.55 24.64 25.04 25.29 25.13 25.33 25.20 25.13 25.13 24.95 25.07 25.08 25.02 24.99 25.20 25.05 25.13 25.04 24.87 25.12 24.35 24.62 24.59 25.04 24.35 24.87 24.85 23.68 24.77 24.95 25.34 24.81 24.80 25.36 25.32 25.38 25.17 25.41 25.36 25.38 25.37 25.24 25.50
24.93 24.93 24.84 24.81 24.83 24.89 24.77 24.86 24.87 24.93 25.06 25.07 24.99 25.02 25.01 25.00 24.94 24.66 24.41 24.70 24.83 25.02 25.02 24.88 24.90 24.80 25.21 25.23 25.25 25.14 25.06 25.04 24.96 24.87 24.75 24.66 24.74 25.08 24.97 25.07 25.25 25.36 25.13 25.09 25.16 25.14 25.11 25.02 25.17 25.00 25.10 25.14 24.91 25.23 24.93 24.97 25.03 25.12 24.71 24.89 24.68 24.44 24.87 24.37 25.31 24.98 25.49 25.26 25.47 25.46 25.28 25.52 25.47 25.55 25.22 25.51 25.52
24.94 24.86 24.93 24.95 24.88 24.83 24.92 24.88 24.88 24.93 25.06 25.14 25.05 25.02 24.89 24.82 24.84 24.79 24.82 24.74 24.80 24.84 24.73 25.16 25.01 25.14 25.16 25.22 25.25 25.14 25.15 25.01 25.08 24.85 24.94 24.92 24.91 24.89 24.89 24.98 25.04 25.05 25.07 25.21 25.15 24.96 24.95 25.21 25.01 24.90 24.84 24.86 24.83 24.86 24.64 24.94 24.83 25.27 25.00 23.97 24.63 25.03 25.06 24.71 25.07 25.30 24.93 24.77 25.20 25.23 25.36 25.25 25.31 25.41 25.37 25.11 25.40
24.97 25.07 24.99 24.96 24.87 24.87 24.84 24.89 24.83 25.02 24.98 24.93 24.94 24.93 24.84 24.99 24.94 24.91 24.76 24.89 25.02 24.99 24.85 24.83 25.00 25.06 25.08 25.23 25.27 25.34 25.13 25.01 24.99 24.81 24.99 25.07 24.96 25.04 25.03 25.20 25.28 25.36 25.09 25.03 25.18 25.07 25.09 25.40 25.09 24.86 24.91 24.78 25.17 24.56 24.99 24.77 24.71 25.35 25.10 24.48 24.47 24.45 24.45 24.65 24.14 25.42 24.94 25.22 24.97 25.00 24.87 24.86 25.27 25.35 25.31 25.25 25.25
24.93 25.04 25.07 25.02 24.97 24.86 24.79 24.78 24.79 24.93 25.02 24.94 24.98 24.97 25.00 25.05 24.98 24.96 24.92 24.94 24.99 24.80 24.98 24.90 25.02 25.24 25.22 25.23 25.25 25.33 25.23 25.05 24.99 24.96 24.94 25.05 25.14 25.21 25.23 25.18 25.17 25.31 25.08 25.14 25.23 25.16 25.16 25.21 25.13 25.02 24.86 25.13 24.91 24.96 24.86 24.72 24.33 25.25 24.06 24.91 24.33 25.04 24.69 24.54 24.90 25.44 24.88 24.64 25.12 25.33 24.99 24.98 25.12 25.33 25.10 25.25 25.19
25.20 25.13 25.09 25.11 24.97 24.90 24.84 24.70 24.80 24.93 24.91 24.92 25.02 24.90 25.08 25.04 25.01 25.01 25.13 25.02 25.04 24.92 25.00 25.06 25.06 25.22 25.16 25.30 25.20 25.40 25.23 25.06 24.99 24.93 25.00 24.93 25.28 25.20 25.27 25.20 25.21 25.08 25.10 25.08 25.13 25.12 25.13 25.11 25.14 25.22 25.29 25.22 25.14 24.98 24.99 24.87 24.70 24.81 24.60 24.83 24.91 25.06 24.50 24.78 24.82 25.08 25.25 24.62 25.36 24.96 24.58 24.10 24.89 25.05 25.22 25.21 25.14
25.22 25.17 25.16 25.10 25.05 25.02 24.92 24.88 24.82 24.86 24.76 24.85 24.96 24.81 24.99 24.92 25.02 25.13 25.16 25.11 25.07 24.99 25.05 25.05 25.17 25.23 24.97 24.97 25.06 25.04 25.05 24.97 24.98 25.01 25.00 24.97 25.21 25.39 25.36 25.23 25.06 24.97 24.92 24.99 25.09 25.07 25.19 25.13 25.16 25.17 25.24 25.28 25.22 25.33 25.24 25.23 24.92 24.47 25.01 24.65 24.68 25.15 24.40 24.02 24.48 24.52 24.50 24.76 25.38 24.91 24.36 24.23 24.95 25.24 25.11 24.96 25.03
25.20 25.14 25.09 25.05 25.02 25.05 25.01 24.98 24.90 24.84 24.85 24.86 24.93 25.02 25.06 25.02 25.10 25.11 25.12 25.07 25.05 24.98 25.01 25.04 25.05 25.10 24.91 24.92 24.91 24.87 24.89 24.94 25.04 25.05 24.92 24.94 25.02 25.30 25.30 25.16 25.07 24.95 25.00 25.08 25.10 25.11 25.20 25.12 25.21 25.22 25.20 25.29 25.14 25.27 25.32 25.33 25.11 25.11 25.28 25.08 25.00 25.38 24.39 24.59 24.49 24.71 24.93 24.56 24.70 24.66 25.13 25.19 24.96 24.69 24.89 24.76 25.22
