main/data/irradiance/23.08.2023.grid
ncols 839
nrows 679
xllcenter 112.0500
yllcenter -43.9500
cellsize 0.0500
nodata_value 99999.90
[rows 102 to 135 of 679, columns 616 to 692 of 839]
22.66 22.62 22.57 22.58 22.60 22.62 22.67 22.70 22.70 22.65 22.70 22.64 22.72 22.74 22.71 22.74 22.78 22.77 22.85 22.91 22.89 22.91 22.90 22.71 22.84 22.65 22.49 22.45 22.10 22.61 22.17 22.61 22.58 22.62 22.58 22.33 22.34 22.35 22.46 21.96 22.33 22.29 21.33 21.40 20.53 20.12 18.65 20.57 20.57 20.57 21.84 21.84 21.84 21.84 21.84 21.84 21.84 21.84 21.84 99999.90 99999.90 99999.90 99999.90 99999.90 99999.90 99999.90 99999.90 99999.90 99999.90 99999.90 99999.90 99999.90 99999.90 99999.90 99999.90 99999.90 99999.90
22.59 22.60 22.60 22.58 22.72 22.69 22.79 22.62 22.65 22.65 22.70 22.55 22.71 22.78 22.70 22.70 22.83 22.92 22.84 22.78 22.74 22.84 22.81 22.87 22.80 22.63 22.74 22.61 22.35 22.53 22.07 22.52 22.47 22.16 22.08 22.28 21.90 22.17 22.52 22.47 22.39 22.45 21.93 21.42 20.40 20.04 19.41 20.11 20.11 20.11 20.81 20.81 20.81 20.81 20.81 20.81 20.81 20.81 20.81 21.53 99999.90 99999.90 99999.90 99999.90 99999.90 99999.90 99999.90 99999.90 99999.90 99999.90 99999.90 99999.90 99999.90 99999.90 99999.90 99999.90 99999.90
22.63 22.60 22.60 22.59 22.61 22.66 22.66 22.60 22.60 22.54 22.58 22.57 22.57 22.67 22.67 22.67 22.82 22.89 22.84 22.82 22.76 22.80 22.75 22.85 22.72 22.81 22.73 22.65 22.54 22.60 22.06 22.23 22.16 21.71 21.99 22.30 22.60 22.42 22.67 22.77 22.54 22.52 21.77 22.40 21.63 19.19 19.33 21.18 21.18 20.81 20.81 20.81 20.81 20.81 20.81 20.81 20.81 20.81 20.81 21.53 99999.90 99999.90 99999.90 99999.90 99999.90 99999.90 99999.90 99999.90 99999.90 99999.90 99999.90 99999.90 99999.90 99999.90 99999.90 99999.90 99999.90
22.59 22.57 22.58 22.56 22.64 22.61 22.62 22.60 22.57 22.46 22.43 22.56 22.47 22.63 22.63 22.66 22.75 22.79 22.82 22.81 22.78 22.82 22.78 22.59 22.61 22.77 22.64 22.60 22.50 22.56 22.14 21.78 22.39 21.90 22.19 21.68 22.12 22.49 22.29 22.43 22.55 22.39 22.15 21.93 20.71 21.08 18.81 19.74 20.81 20.81 20.81 20.81 20.81 20.81 20.81 20.81 20.81 20.81 20.81 21.53 99999.90 99999.90 99999.90 99999.90 99999.90 99999.90 99999.90 99999.90 99999.90 99999.90 99999.90 99999.90 99999.90 99999.90 99999.90 99999.90 99999.90
22.54 22.49 22.55 22.55 22.63 22.61 22.60 22.63 22.55 22.54 22.52 22.50 22.57 22.59 22.61 22.67 22.74 22.77 22.78 22.74 22.76 22.78 22.76 22.75 22.59 22.63 22.58 22.49 22.71 22.49 22.45 22.49 22.35 21.88 21.98 22.07 21.76 21.84 21.42 20.77 22.27 22.63 22.49 21.77 20.98 19.42 20.01 19.61 21.58 21.58 21.58 21.58 21.58 21.58 21.58 21.58 21.58 21.58 21.58 21.53 21.69 99999.90 99999.90 99999.90 99999.90 99999.90 99999.90 99999.90 99999.90 99999.90 99999.90 99999.90 99999.90 99999.90 99999.90 99999.90 99999.90
22.55 22.44 22.48 22.55 22.54 22.54 22.50 22.58 22.58 22.50 22.47 22.58 22.55 22.57 22.59 22.60 22.73 22.74 22.72 22.68 22.71 22.71 22.73 22.75 22.72 22.60 22.57 22.33 22.50 22.45 22.26 21.96 21.88 22.41 22.06 22.17 22.01 22.02 21.40 20.92 21.72 21.11 21.78 22.24 21.60 20.39 20.33 20.94 21.58 21.58 21.58 21.58 21.58 21.58 21.58 21.58 21.58 21.58 21.58 21.53 21.69 99999.90 99999.90 99999.90 99999.90 99999.90 99999.90 99999.90 99999.90 99999.90 99999.90 99999.90 99999.90 99999.90 99999.90 99999.90 99999.90
22.45 22.49 22.49 22.48 22.51 22.52 22.52 22.53 22.52 22.56 22.60 22.59 22.58 22.56 22.52 22.66 22.69 22.72 22.70 22.67 22.67 22.67 22.72 22.56 22.69 22.73 22.71 22.50 22.57 22.39 22.21 22.18 21.78 22.18 22.20 22.51 22.12 21.50 21.72 21.69 21.55 21.57 20.82 21.72 22.34 22.18 21.81 21.26 21.26 21.56 21.56 21.56 21.56 21.56 21.56 21.56 21.56 21.56 21.56 21.53 21.69 99999.90 99999.90 99999.90 99999.90 99999.90 99999.90 99999.90 99999.90 99999.90 99999.90 99999.90 99999.90 99999.90 99999.90 99999.90 99999.90
22.52 22.51 22.45 22.46 22.45 22.45 22.45 22.49 22.52 22.52 22.52 22.57 22.54 22.57 22.66 22.70 22.68 22.67 22.70 22.63 22.65 22.62 22.67 22.67 22.66 22.63 22.67 22.61 22.55 22.41 22.26 22.13 21.98 21.73 21.58 22.04 22.02 21.66 21.97 21.34 21.28 21.93 21.91 21.19 20.53 21.43 21.86 21.64 21.56 21.56 21.56 21.56 21.56 21.56 21.56 21.56 21.56 21.53 21.53 21.53 21.69 22.12 99999.90 99999.90 99999.90 99999.90 99999.90 99999.90 99999.90 99999.90 99999.90 99999.90 99999.90 99999.90 99999.90 99999.90 99999.90
22.52 22.51 22.50 22.51 22.45 22.46 22.47 22.47 22.50 22.51 22.49 22.50 22.51 22.56 22.62 22.67 22.65 22.65 22.67 22.63 22.64 22.62 22.64 22.59 22.62 22.63 22.74 22.74 22.66 22.56 22.43 22.02 22.01 21.87 21.95 21.93 21.88 21.95 21.70 21.88 21.37 20.73 21.23 21.53 21.17 20.47 21.42 22.14 22.33 22.33 22.33 22.33 22.33 22.33 21.53 21.53 21.53 21.53 21.53 21.53 21.69 22.12 99999.90 99999.90 99999.90 99999.90 99999.90 99999.90 99999.90 99999.90 99999.90 99999.90 99999.90 99999.90 99999.90 99999.90 99999.90
22.49 22.49 22.52 22.44 22.43 22.47 22.46 22.43 22.43 22.45 22.46 22.49 22.47 22.52 22.61 22.64 22.68 22.68 22.65 22.59 22.64 22.61 22.66 22.61 22.59 22.66 22.68 22.70 22.71 22.65 22.60 22.61 22.51 22.33 22.23 21.65 21.79 22.05 21.50 21.76 21.48 20.75 21.25 22.02 22.44 20.82 21.62 22.07 22.61 22.61 22.61 21.53 21.53 21.53 21.53 21.53 21.53 21.53 21.53 21.53 21.69 22.12 99999.90 99999.90 99999.90 99999.90 99999.90 99999.90 99999.90 99999.90 99999.90 99999.90 99999.90 99999.90 99999.90 99999.90 99999.90
22.50 22.52 22.51 22.41 22.47 22.47 22.49 22.46 22.45 22.43 22.50 22.51 22.50 22.51 22.57 22.55 22.58 22.60 22.60 22.61 22.62 22.59 22.62 22.59 22.52 22.61 22.67 22.70 22.64 22.63 22.69 22.68 22.48 22.46 22.49 22.25 22.04 22.02 21.90 21.27 20.63 20.01 20.09 21.09 21.79 22.75 22.43 22.59 22.71 22.71 21.53 21.53 21.53 21.53 21.53 21.53 21.53 21.53 21.69 21.69 21.69 22.12 99999.90 99999.90 99999.90 99999.90 99999.90 99999.90 99999.90 99999.90 99999.90 99999.90 99999.90 99999.90 99999.90 99999.90 99999.90
22.41 22.38 22.43 22.47 22.47 22.45 22.47 22.46 22.44 22.40 22.48 22.45 22.44 22.49 22.44 22.35 22.46 22.44 22.44 22.54 22.60 22.58 22.54 22.56 22.53 22.55 22.62 22.64 22.63 22.61 22.60 22.54 22.55 22.47 22.48 22.50 22.09 22.13 22.10 22.12 21.43 20.62 20.94 20.54 21.50 22.41 22.67 22.79 22.80 21.53 21.53 21.53 21.53 21.53 21.53 21.69 21.69 21.69 21.69 21.69 21.69 22.12 99999.90 99999.90 99999.90 99999.90 99999.90 99999.90 99999.90 99999.90 99999.90 99999.90 99999.90 99999.90 99999.90 99999.90 99999.90
22.39 22.43 22.45 22.45 22.41 22.43 22.43 22.39 22.42 22.42 22.42 22.43 22.43 22.46 22.31 22.28 22.41 22.39 22.38 22.46 22.52 22.46 22.48 22.53 22.47 22.50 22.57 22.60 22.57 22.58 22.55 22.54 22.51 22.49 22.59 22.54 22.44 22.35 22.32 22.19 21.79 21.41 21.57 22.18 21.25 21.76 22.62 22.81 22.29 21.51 21.51 21.51 21.69 21.69 21.69 21.69 21.69 21.69 21.69 21.69 21.69 22.12 99999.90 99999.90 99999.90 99999.90 99999.90 99999.90 99999.90 99999.90 99999.90 99999.90 99999.90 99999.90 99999.90 99999.90 99999.90
22.39 22.42 22.41 22.41 22.42 22.41 22.37 22.35 22.29 22.32 22.34 22.35 22.38 22.34 22.33 22.32 22.33 22.35 22.37 22.37 22.38 22.41 22.48 22.51 22.43 22.47 22.52 22.57 22.59 22.57 22.54 22.55 22.54 22.44 22.51 22.46 22.53 22.58 22.55 22.49 22.36 22.34 22.34 21.49 22.30 21.86 22.21 22.81 22.76 21.98 21.98 21.69 21.69 21.69 21.69 21.69 21.69 21.69 21.69 22.12 22.12 22.12 99999.90 99999.90 99999.90 99999.90 99999.90 99999.90 99999.90 99999.90 99999.90 99999.90 99999.90 99999.90 99999.90 99999.90 99999.90
22.31 22.38 22.40 22.40 22.39 22.34 22.32 22.31 22.27 22.27 22.28 22.31 22.33 22.36 22.34 22.25 22.26 22.31 22.31 22.35 22.33 22.41 22.42 22.49 22.49 22.45 22.52 22.60 22.61 22.62 22.56 22.56 22.56 22.59 22.49 22.57 22.58 22.60 22.50 22.39 22.42 22.49 22.27 22.35 22.40 22.16 21.87 21.94 21.95 21.70 21.69 21.69 21.69 21.69 21.69 21.69 22.12 22.12 22.12 22.12 22.12 22.12 99999.90 99999.90 99999.90 99999.90 99999.90 99999.90 99999.90 99999.90 99999.90 99999.90 99999.90 99999.90 99999.90 99999.90 99999.90
22.26 22.34 22.38 22.37 22.34 22.28 22.25 22.25 22.23 22.21 22.23 22.25 22.27 22.26 22.24 22.25 22.23 22.24 22.27 22.28 22.29 22.35 22.33 22.38 22.47 22.42 22.43 22.46 22.49 22.52 22.52 22.50 22.49 22.55 22.51 22.57 22.64 22.51 22.49 22.44 22.50 22.46 22.62 22.57 22.45 22.70 22.74 21.21 20.26 21.72 21.69 21.69 21.69 22.12 22.12 22.12 22.12 22.12 22.12 22.12 22.12 22.12 99999.90 99999.90 99999.90 99999.90 99999.90 99999.90 99999.90 99999.90 99999.90 99999.90 99999.90 99999.90 99999.90 99999.90 99999.90
22.17 22.28 22.30 22.29 22.29 22.25 22.21 22.22 22.25 22.18 22.24 22.22 22.23 22.26 22.25 22.24 22.21 22.17 22.25 22.28 22.29 22.25 22.26 22.28 22.29 22.34 22.40 22.34 22.37 22.42 22.44 22.41 22.37 22.46 22.52 22.54 22.57 22.58 22.53 22.52 22.58 22.64 22.71 22.62 22.72 22.71 21.39 20.56 21.85 21.57 22.56 22.56 22.12 22.12 22.12 22.12 22.12 22.12 22.12 22.12 22.12 22.12 99999.90 99999.90 99999.90 99999.90 99999.90 99999.90 99999.90 99999.90 99999.90 99999.90 99999.90 99999.90 99999.90 99999.90 99999.90
22.18 22.18 22.20 22.23 22.20 22.23 22.24 22.21 22.20 22.17 22.19 22.21 22.17 22.23 22.22 22.23 22.22 22.21 22.27 22.31 22.34 22.27 22.27 22.26 22.24 22.29 22.35 22.32 22.31 22.32 22.58 22.55 22.37 22.44 22.49 22.51 22.46 22.46 22.46 22.49 22.61 22.64 22.68 22.65 22.34 22.18 22.00 20.99 21.37 22.65 22.05 22.12 22.12 22.12 22.12 22.12 22.12 22.12 22.12 22.12 22.12 22.12 99999.90 99999.90 99999.90 99999.90 99999.90 99999.90 99999.90 99999.90 99999.90 99999.90 99999.90 99999.90 99999.90 99999.90 99999.90
22.22 22.11 22.19 22.13 22.11 22.14 22.18 22.17 22.13 22.14 22.18 22.25 22.23 22.21 22.26 22.23 22.20 22.26 22.28 22.23 22.29 22.25 22.25 22.24 22.17 22.17 22.19 22.16 22.18 22.35 22.57 22.30 22.32 22.37 22.37 22.43 22.42 22.41 22.40 22.43 22.46 22.52 22.52 22.21 22.26 21.79 22.53 22.57 22.09 21.67 21.44 20.41 20.41 20.41 20.41 20.41 20.41 20.41 20.41 20.41 20.41 20.41 22.32 99999.90 99999.90 99999.90 99999.90 99999.90 99999.90 99999.90 99999.90 99999.90 99999.90 99999.90 99999.90 99999.90 99999.90
22.10 22.21 22.25 22.20 22.24 22.21 22.12 22.09 22.12 22.15 22.22 22.22 22.23 22.23 22.27 22.27 22.24 22.25 22.23 22.18 22.22 22.24 22.28 22.24 22.15 22.15 22.14 22.10 22.13 22.24 22.21 22.10 22.06 22.30 22.43 22.44 22.38 22.40 22.31 22.36 22.37 22.46 22.51 22.26 22.11 22.06 22.08 22.36 22.58 20.82 22.12 19.34 19.34 19.34 19.34 19.34 19.34 19.34 19.34 19.34 19.34 19.34 22.32 22.23 99999.90 99999.90 99999.90 99999.90 99999.90 99999.90 99999.90 99999.90 99999.90 99999.90 99999.90 99999.90 99999.90
22.10 22.18 22.23 22.24 22.17 22.21 22.17 22.24 22.20 22.17 22.13 22.14 22.19 22.22 22.23 22.28 22.20 22.18 22.19 22.24 22.25 22.21 22.27 22.26 22.20 22.15 22.08 22.02 22.05 22.13 22.19 22.07 22.02 22.43 22.49 22.49 22.46 22.33 22.26 22.30 22.37 22.42 22.52 22.36 22.28 22.40 22.59 22.01 22.25 22.40 22.61 20.42 20.42 20.42 20.42 20.42 20.42 20.42 20.42 20.42 20.42 20.42 22.23 22.23 99999.90 99999.90 99999.90 99999.90 99999.90 99999.90 99999.90 99999.90 99999.90 99999.90 99999.90 99999.90 99999.90
22.02 22.07 22.13 22.20 22.21 22.22 22.23 22.22 22.24 22.24 22.18 22.10 22.14 22.16 22.16 22.17 22.11 22.13 22.16 22.19 22.23 22.23 22.25 22.24 22.20 22.21 22.21 22.15 21.82 21.76 21.90 21.75 21.96 21.94 21.86 21.98 22.11 22.02 22.11 22.26 22.32 22.39 22.51 22.44 22.08 22.05 22.27 22.21 21.62 21.55 20.59 20.71 20.71 20.71 20.71 20.71 20.71 20.71 20.71 20.71 20.71 20.71 22.23 22.23 21.71 99999.90 99999.90 99999.90 99999.90 99999.90 99999.90 99999.90 99999.90 99999.90 99999.90 99999.90 99999.90
22.11 22.14 22.12 22.11 22.11 22.09 22.13 22.17 22.20 22.17 22.08 22.07 22.08 22.09 22.09 22.17 22.21 22.15 22.16 22.15 22.15 22.19 22.20 22.21 22.17 22.19 22.18 22.17 22.15 22.13 22.14 22.14 22.17 22.21 22.19 22.24 22.07 21.64 22.04 22.14 22.24 22.29 22.45 22.32 22.36 22.02 22.11 22.32 22.00 22.26 22.23 21.64 21.64 21.64 21.64 21.64 21.64 21.64 21.64 21.64 21.64 21.64 22.23 22.23 21.71 21.69 99999.90 99999.90 99999.90 99999.90 99999.90 99999.90 99999.90 99999.90 99999.90 99999.90 99999.90
22.04 22.04 22.17 22.07 22.14 22.10 22.15 22.18 22.18 22.11 22.09 22.05 22.06 22.07 22.11 22.16 22.18 22.16 22.13 22.16 22.13 22.16 22.17 22.17 22.14 22.17 22.16 22.18 22.14 22.15 22.17 22.19 22.21 22.22 22.25 22.31 22.29 22.04 22.19 22.11 22.07 22.26 22.25 21.76 22.03 22.27 22.54 21.97 22.31 22.21 22.13 22.14 22.14 22.14 22.14 22.14 22.14 22.14 22.14 22.14 22.14 22.14 22.23 22.23 21.69 21.69 21.42 99999.90 99999.90 99999.90 99999.90 99999.90 99999.90 99999.90 99999.90 99999.90 99999.90
22.05 22.02 22.07 22.16 22.18 22.13 22.11 22.12 22.15 22.12 22.05 22.03 22.08 22.11 22.06 22.07 22.10 22.12 22.12 22.13 22.10 22.14 22.14 22.15 22.15 22.18 22.16 22.18 22.16 22.16 22.18 22.19 22.20 22.21 22.27 22.23 22.29 22.30 22.25 22.24 22.27 22.16 22.07 21.86 21.35 21.66 22.59 21.39 22.10 22.18 21.87 22.14 22.14 22.14 22.14 22.14 22.14 22.14 22.14 22.23 22.23 22.23 22.23 22.23 21.69 21.42 21.42 21.42 99999.90 99999.90 99999.90 99999.90 99999.90 99999.90 99999.90 99999.90 99999.90
22.02 22.01 22.03 22.08 22.16 22.11 22.07 22.06 22.11 22.10 22.05 22.02 22.05 22.04 22.02 21.99 22.07 22.08 22.05 22.03 22.12 22.07 22.13 22.15 22.15 22.15 22.15 22.13 22.10 22.11 22.17 22.16 22.19 22.17 22.11 22.23 22.27 22.28 22.26 22.24 22.43 22.11 21.75 21.44 21.74 22.17 22.47 21.62 21.14 21.00 21.79 21.79 21.79 22.14 22.14 22.32 22.32 22.23 22.23 22.23 22.23 22.23 22.23 21.69 21.42 21.42 21.42 21.42 99999.90 99999.90 99999.90 99999.90 99999.90 99999.90 99999.90 99999.90 99999.90
22.05 21.99 22.01 21.94 22.05 22.07 22.08 22.11 22.02 22.04 22.06 22.05 22.00 21.98 21.98 21.97 21.98 21.99 22.05 22.07 22.07 22.02 22.12 22.13 22.14 22.15 22.14 22.11 22.15 22.13 22.11 22.05 22.14 22.12 22.12 22.18 22.19 22.24 22.36 22.55 22.43 22.10 21.76 21.58 21.46 22.00 22.40 21.74 20.93 20.49 21.61 21.61 22.25 22.25 22.32 22.32 22.23 22.23 22.23 22.23 22.23 21.69 21.69 21.42 21.90 21.90 21.90 21.90 21.90 21.90 21.90 21.90 99999.90 99999.90 99999.90 99999.90 99999.90
22.03 22.03 21.99 22.01 22.03 22.06 22.08 22.09 21.84 21.85 22.04 22.02 22.03 22.03 22.04 22.08 22.03 22.02 22.09 22.02 22.02 22.04 22.08 22.02 22.05 22.13 22.10 22.15 22.08 22.03 22.07 22.04 22.10 22.09 22.13 22.17 22.38 22.35 22.47 22.36 22.51 22.37 22.13 22.10 21.45 21.59 22.13 22.06 19.49 19.96 21.19 22.25 22.25 22.32 22.32 22.23 22.23 22.23 22.23 22.23 21.69 21.69 21.42 21.42 21.90 21.90 21.90 21.90 21.90 21.90 21.90 21.90 99999.90 99999.90 99999.90 99999.90 99999.90
21.94 21.95 21.95 22.00 22.05 22.09 22.11 22.10 22.07 21.97 22.10 22.07 22.05 21.97 22.04 22.01 22.04 22.04 22.08 22.00 22.08 22.10 22.02 21.98 22.04 22.13 22.13 22.15 22.09 22.05 22.06 22.05 22.09 22.03 22.08 22.08 22.10 22.09 22.18 22.18 22.44 22.24 22.12 21.98 21.91 21.74 21.78 21.95 21.47 20.22 21.04 22.10 22.32 22.32 22.23 22.23 22.23 22.23 21.71 21.69 21.69 21.42 21.42 21.90 21.90 21.90 21.90 21.90 21.90 21.90 21.90 21.90 99999.90 99999.90 99999.90 99999.90 99999.90
21.92 21.95 21.99 22.01 22.03 22.10 22.08 22.05 22.09 22.10 22.01 22.06 22.05 22.05 22.08 22.08 22.11 22.08 22.10 22.11 22.10 22.06 22.05 22.00 22.32 22.10 22.15 22.15 22.09 22.15 22.13 22.12 22.10 22.11 21.97 22.08 22.02 21.88 21.79 21.84 21.68 21.76 21.90 22.03 22.21 22.30 22.21 22.19 22.12 21.21 20.45 19.91 21.56 22.23 22.23 22.23 21.71 21.71 21.69 21.69 21.42 21.42 21.42 21.90 21.90 21.90 21.90 21.90 21.90 21.90 21.90 21.90 99999.90 99999.90 99999.90 99999.90 99999.90
21.95 21.97 21.97 21.97 21.97 22.06 22.09 22.03 22.07 22.08 21.92 21.92 22.00 22.04 22.10 22.13 22.10 22.10 22.06 22.06 22.09 22.05 22.04 22.00 22.02 22.07 22.15 22.12 22.07 22.12 22.13 22.04 22.10 22.13 22.12 22.07 22.06 22.17 22.03 21.76 21.82 21.77 21.66 21.72 22.09 22.32 21.76 22.17 22.25 21.28 21.61 22.02 21.93 21.55 21.55 21.71 21.71 21.69 21.69 21.42 21.42 21.42 21.90 21.90 21.90 21.90 21.90 21.90 21.90 21.90 21.90 21.90 99999.90 99999.90 99999.90 99999.90 99999.90
21.96 21.97 21.91 21.92 22.01 22.02 22.04 22.05 22.06 22.02 21.93 21.94 21.98 22.03 22.03 22.08 22.06 22.09 22.08 22.09 22.03 22.00 22.05 21.83 21.95 22.06 22.12 22.12 22.10 22.14 22.08 22.02 21.94 22.06 22.02 21.99 22.04 22.05 22.12 22.07 21.87 21.78 22.09 21.89 22.19 22.22 21.89 20.98 21.21 21.42 22.32 21.74 21.24 21.21 21.71 21.71 21.69 21.69 21.42 21.42 21.42 21.42 21.90 21.90 21.90 21.90 21.90 21.90 21.90 21.90 21.90 21.90 99999.90 99999.90 99999.90 99999.90 99999.90
21.97 22.03 21.92 21.95 21.99 22.00 22.03 22.06 22.03 22.01 21.94 21.97 22.05 22.01 22.03 22.01 21.97 22.03 22.10 22.04 22.05 22.04 22.07 22.03 22.03 22.12 22.13 22.08 22.12 22.10 22.04 22.01 22.03 22.10 22.03 21.92 21.97 21.99 21.83 21.72 21.69 21.55 21.51 21.90 22.03 22.13 21.87 21.68 21.69 21.35 21.36 21.53 21.60 21.52 21.54 21.69 21.69 21.42 21.42 21.42 21.42 21.90 21.90 21.90 21.90 21.90 21.90 21.90 21.90 21.90 21.90 21.90 21.77 99999.90 99999.90 99999.90 99999.90
21.95 21.97 21.93 21.92 21.96 21.99 22.00 22.03 22.01 21.99 21.95 21.97 22.01 22.03 22.02 22.02 21.95 22.04 22.08 22.09 22.09 22.04 22.02 22.04 22.15 22.13 22.03 21.97 22.04 22.03 22.10 21.99 22.01 22.04 22.06 22.06 22.09 22.04 21.95 21.55 21.38 21.34 21.49 21.57 21.62 21.50 21.59 21.79 21.87 22.26 22.28 22.24 21.49 21.72 21.79 21.51 21.42 21.42 21.42 21.42 21.56 21.90 21.90 21.90 21.90 21.90 21.90 21.90 21.90 21.90 21.90 21.90 21.77 99999.90 99999.90 99999.90 99999.90
