main/data/irradiance/23.03.2023.grid
ncols 839
nrows 679
xllcenter 112.0500
yllcenter -43.9500
cellsize 0.0500
nodata_value 99999.90
[rows 272 to 305 of 679, columns 231 to 307 of 839]
19.02 19.24 18.21 18.08 18.58 15.78 18.67 19.58 18.60 17.97 18.01 19.20 19.59 20.45 19.82 21.17 19.44 19.71 19.42 20.67 19.57 20.70 21.45 21.11 20.63 19.72 20.50 22.54 20.85 20.69 19.96 21.06 22.32 20.13 20.05 21.57 21.00 22.03 22.02 21.42 19.82 20.71 21.71 20.67 20.90 20.43 21.43 22.91 22.27 22.80 22.48 22.87 22.66 22.32 22.43 23.05 23.20 22.60 22.08 22.52 22.79 22.06 22.92 22.78 22.47 23.28 22.94 23.09 22.47 22.07 21.67 21.45 20.75 20.68 21.34 21.87 22.59
19.85 19.77 19.33 18.57 18.10 17.63 16.69 17.30 18.31 18.42 18.07 18.56 19.67 18.87 20.68 19.88 19.91 20.84 19.37 21.11 20.36 20.11 20.96 19.70 20.58 21.42 21.53 20.82 19.42 20.06 20.31 18.55 20.27 19.80 19.53 20.89 21.96 21.62 21.97 21.49 21.71 21.39 20.24 22.08 21.16 21.70 21.53 22.33 21.01 22.53 23.31 23.24 23.15 22.97 23.20 22.03 22.66 23.32 22.51 22.19 22.89 21.58 22.19 22.74 22.59 23.13 22.81 21.76 21.48 21.68 21.23 22.21 21.64 21.66 22.76 23.10 22.05
18.91 19.62 21.09 18.00 18.48 17.07 16.67 18.01 20.23 18.84 18.17 18.09 17.63 18.65 19.00 19.43 21.71 20.90 21.00 20.48 18.75 17.76 21.51 20.99 21.10 21.28 22.11 20.75 18.91 18.13 21.84 20.12 20.58 20.83 20.31 18.76 21.80 19.38 22.19 22.11 21.52 20.57 20.47 21.03 21.35 20.87 19.99 21.76 20.89 22.92 22.64 22.78 23.00 22.70 22.89 22.05 22.40 23.18 22.77 22.85 22.64 22.22 22.12 22.13 21.19 21.30 20.88 21.76 22.45 22.20 21.90 22.68 22.80 22.42 22.61 23.10 23.07
21.66 20.19 20.42 19.00 19.58 20.60 18.84 17.91 18.70 18.69 17.53 17.60 17.04 18.20 19.82 19.06 21.01 21.11 18.78 18.87 20.61 20.26 21.07 20.79 21.19 21.97 20.60 20.87 20.36 17.84 22.01 21.11 20.36 20.75 21.61 20.36 21.78 21.00 21.68 21.56 21.13 20.08 19.73 21.20 22.45 20.94 21.02 21.00 21.60 22.61 22.62 21.16 22.21 22.49 22.53 22.85 22.82 23.48 22.19 21.51 20.88 19.83 21.53 23.03 21.93 21.35 22.48 22.46 23.10 21.93 22.23 22.35 22.74 22.39 22.29 22.93 23.67
19.53 18.03 17.98 19.56 19.94 19.71 19.42 17.35 18.24 17.67 17.89 16.70 18.71 18.80 19.71 18.26 18.45 20.15 19.98 19.60 20.32 19.60 20.38 20.91 19.79 21.12 20.20 20.99 21.90 20.50 21.72 20.28 19.12 19.81 20.81 21.77 21.24 21.93 20.60 20.01 21.49 22.26 21.77 21.38 19.99 20.76 21.41 20.94 21.08 20.42 21.78 22.80 22.60 22.95 23.40 23.22 23.05 21.80 21.33 22.25 22.02 20.64 21.85 22.92 22.93 22.03 22.25 22.26 21.13 22.65 22.53 22.90 21.42 22.32 21.99 22.98 22.12
17.59 18.31 18.46 18.68 16.71 19.77 17.63 15.73 16.95 17.85 18.47 18.68 17.91 19.94 18.71 18.91 19.29 20.05 20.26 19.31 19.40 18.32 19.48 20.66 20.69 21.03 19.87 20.57 21.57 21.61 20.55 20.21 18.50 19.34 20.39 21.35 18.89 21.38 20.00 20.63 21.28 21.32 21.63 20.68 19.54 19.81 21.55 22.45 20.02 20.31 22.05 22.02 22.84 23.13 22.32 21.77 22.21 22.69 21.14 21.48 22.70 22.69 21.49 21.30 22.56 22.49 20.78 21.18 21.45 22.62 22.04 23.20 21.54 21.81 21.45 22.37 22.37
17.72 15.07 16.73 16.52 16.79 17.93 18.44 17.89 17.73 16.94 17.53 20.37 19.31 19.25 19.37 19.96 19.26 20.61 19.45 20.71 19.24 20.07 20.35 21.95 21.19 21.30 20.45 20.20 20.86 21.06 21.84 20.83 19.48 20.33 19.72 21.14 19.58 21.18 20.48 21.45 20.04 21.59 21.25 20.73 21.98 20.63 20.81 22.09 22.14 20.60 22.05 23.21 22.93 21.85 22.59 20.94 21.41 22.89 22.39 22.14 21.73 22.55 21.72 20.12 21.27 21.75 21.67 22.06 22.30 22.95 21.27 19.51 22.32 21.14 21.79 22.72 23.09
15.77 15.97 17.67 15.63 17.19 18.92 17.86 17.44 17.14 17.28 17.57 19.58 16.46 19.29 20.55 20.42 18.96 20.19 19.98 19.98 21.34 21.94 22.46 20.15 21.69 21.27 20.24 19.12 20.68 21.61 20.27 20.60 21.55 20.71 20.05 21.60 20.99 20.69 21.40 21.75 20.90 21.53 20.36 20.06 22.18 21.65 21.14 21.10 22.99 22.05 21.76 22.62 22.37 21.83 23.03 22.59 21.73 22.44 22.25 22.15 22.16 22.78 20.80 20.39 20.76 22.03 22.98 22.24 21.63 21.41 22.06 21.40 22.60 22.54 22.58 23.09 22.69
18.32 16.92 14.83 14.23 17.91 18.33 17.34 16.69 17.08 19.62 17.87 18.78 17.00 18.03 19.17 19.55 19.58 20.42 20.30 20.24 21.46 21.03 20.93 18.87 19.45 21.80 20.17 20.05 22.52 21.00 20.42 19.81 20.06 21.25 20.77 21.20 21.36 21.33 21.77 20.50 21.63 22.70 20.72 20.84 20.12 21.58 21.26 21.29 21.52 21.57 21.10 21.89 21.94 21.81 23.44 22.60 22.67 22.73 21.35 21.88 22.45 22.02 21.56 20.69 21.60 21.01 22.46 21.85 22.44 20.89 21.71 22.85 22.84 22.27 22.72 22.78 21.48
17.58 16.16 16.92 15.92 17.97 17.23 16.83 16.76 17.66 18.55 18.01 18.59 17.72 19.68 19.45 20.21 20.35 21.72 20.33 18.90 19.63 19.58 20.79 20.04 19.82 21.22 21.58 20.81 22.34 21.10 20.82 20.69 21.31 21.66 20.96 21.65 21.88 22.53 22.24 21.94 22.21 21.99 20.76 20.37 20.88 21.66 21.81 21.51 21.72 21.18 21.39 22.34 22.41 22.90 22.40 22.91 21.79 20.74 21.30 21.36 21.66 20.26 19.99 20.28 21.58 22.59 23.23 22.07 21.12 19.83 21.57 22.10 22.49 22.89 21.42 21.38 23.12
16.81 18.27 17.98 17.39 17.67 18.09 17.05 18.05 18.38 17.82 16.87 17.53 21.43 18.14 20.04 19.41 20.30 21.94 20.64 20.16 20.12 20.64 21.99 21.95 21.25 21.33 21.32 18.75 21.20 22.46 22.21 21.96 20.37 20.51 22.02 21.76 22.25 21.97 21.98 22.96 22.38 20.86 20.83 21.66 22.36 21.88 22.22 22.23 20.77 22.22 22.53 22.98 21.03 21.25 21.35 20.77 21.90 21.69 21.55 22.51 22.44 20.81 20.71 21.72 21.83 21.82 22.42 20.40 21.31 22.49 22.15 22.56 20.65 21.91 22.42 21.78 22.36
17.69 19.25 17.94 18.74 18.54 17.86 19.59 18.38 16.06 16.86 17.66 19.04 21.25 19.45 19.20 19.86 21.02 20.16 20.73 20.04 21.59 22.17 20.29 20.97 22.01 22.37 21.03 21.46 21.76 22.79 21.89 21.10 20.11 21.34 21.21 21.18 22.33 23.23 22.39 21.87 20.71 20.62 22.18 22.20 21.96 22.53 22.76 21.13 20.35 23.25 23.19 22.73 22.20 22.01 20.65 20.35 22.24 21.64 21.63 20.74 21.50 20.04 22.18 23.09 22.60 21.15 21.13 22.10 22.69 22.29 21.78 21.60 21.47 22.00 21.96 21.85 22.16
19.19 19.21 18.59 18.63 18.27 17.32 19.16 18.84 18.22 16.65 19.72 19.34 18.60 19.65 20.60 20.65 20.58 20.64 20.71 21.61 22.02 20.78 21.05 21.15 20.63 22.27 21.25 21.19 21.61 22.54 20.81 20.82 19.59 21.78 20.83 21.30 21.78 23.25 21.66 21.92 20.95 22.07 22.72 22.58 21.50 21.74 22.15 20.99 21.94 22.37 21.52 22.89 21.87 22.21 22.17 22.64 22.14 22.07 19.54 21.94 22.06 20.45 21.52 22.94 21.74 22.01 22.00 22.63 21.90 22.38 22.09 21.17 22.83 22.75 22.05 21.69 21.43
19.35 19.99 19.90 20.02 18.50 19.86 19.43 19.44 19.23 20.20 20.20 18.15 17.75 19.10 20.16 20.61 19.46 20.45 21.12 20.58 18.86 20.32 20.79 20.20 19.17 21.35 22.01 21.51 20.86 21.80 20.52 20.45 21.46 22.43 21.33 21.69 22.76 22.65 20.83 22.72 22.28 21.65 21.78 21.72 21.93 20.70 21.33 22.04 23.08 21.06 21.10 23.01 20.90 22.32 22.79 21.50 20.34 22.09 20.97 20.78 21.62 21.46 20.30 21.51 21.62 21.35 22.51 22.61 22.36 22.08 20.71 21.56 21.66 21.67 22.10 22.46 22.73
19.41 18.42 20.58 20.95 20.12 20.85 18.88 17.84 20.79 21.30 20.10 19.31 20.07 21.24 19.73 18.69 20.87 21.68 21.68 19.83 19.27 21.13 21.29 20.81 20.33 21.17 22.42 20.41 20.32 21.40 21.08 21.87 21.90 21.52 21.23 22.11 21.44 22.49 20.89 22.93 21.79 21.16 20.28 21.97 22.23 18.99 21.66 21.56 22.65 22.20 21.62 22.87 22.47 22.44 22.59 21.64 20.32 20.63 21.08 20.17 22.77 22.72 22.28 21.74 21.68 21.21 22.79 22.93 22.62 21.12 21.06 22.63 21.67 20.65 21.31 22.25 20.79
19.48 19.31 21.24 21.00 21.15 21.40 20.74 18.47 20.14 19.53 14.70 16.83 20.92 21.19 17.83 19.19 21.48 20.64 20.78 20.23 20.24 21.58 20.65 22.24 20.36 19.51 22.11 21.87 21.25 22.07 21.53 20.79 22.00 21.29 21.63 20.66 21.66 22.86 21.46 20.91 22.69 21.39 21.85 22.45 21.58 21.39 22.77 23.03 22.56 22.42 22.88 22.20 22.65 21.99 20.89 21.25 20.26 21.48 21.09 21.81 23.21 22.48 21.80 21.11 21.96 22.13 22.23 22.58 22.24 20.58 22.18 22.20 21.26 20.11 21.41 21.98 21.25
19.46 20.03 21.03 20.64 19.58 19.46 19.50 19.19 18.92 19.19 15.69 17.84 21.38 20.47 20.74 19.89 21.74 19.61 20.56 19.81 21.28 21.17 20.71 21.35 19.65 20.61 21.89 21.37 20.86 22.48 19.78 21.43 21.62 20.67 22.40 20.88 20.53 21.90 19.52 20.34 22.50 21.53 21.52 21.20 21.60 22.38 22.31 22.41 22.64 22.29 21.64 21.47 21.80 21.22 19.51 20.73 22.34 22.08 21.62 22.00 22.55 21.92 22.60 21.63 22.32 22.58 22.13 21.69 21.68 20.91 21.22 21.84 20.02 21.75 22.63 23.06 22.61
22.14 21.15 21.21 20.83 19.10 17.06 19.97 20.95 19.56 19.55 19.13 18.92 18.35 19.91 19.17 22.21 20.03 19.60 21.13 20.81 20.13 22.47 21.76 20.12 21.24 20.14 20.67 19.86 21.72 22.54 21.28 21.88 21.05 19.36 19.43 21.66 19.89 21.30 21.62 20.51 22.28 22.71 21.88 21.43 21.65 21.35 21.84 21.66 22.80 21.45 21.70 22.47 20.48 21.49 21.37 21.46 22.21 22.21 22.62 22.05 21.65 22.55 21.72 22.19 20.70 22.06 23.00 22.66 21.05 20.42 20.62 19.98 20.88 21.46 22.42 22.25 23.10
20.54 20.00 20.30 19.83 18.43 17.37 17.50 18.23 18.68 19.26 20.00 20.14 18.11 19.93 19.12 20.83 19.61 20.85 20.85 21.60 20.53 22.31 20.97 20.88 21.36 20.26 20.84 21.73 20.86 21.94 22.39 22.21 20.78 20.25 20.93 21.98 21.34 21.21 21.33 21.78 22.34 22.22 22.65 22.26 21.38 22.02 22.24 22.66 22.96 22.06 22.72 22.50 21.57 22.47 21.98 22.10 21.22 21.61 21.38 21.09 21.26 22.25 22.09 22.48 22.28 21.77 22.14 22.96 22.33 20.96 21.16 21.70 21.50 21.22 22.16 23.25 23.25
19.58 19.93 19.14 20.01 17.63 17.59 19.55 17.50 17.64 19.05 19.56 18.20 18.68 20.24 21.04 19.46 19.86 21.28 20.19 21.84 21.55 21.76 22.54 21.22 20.85 20.36 21.24 22.45 19.55 20.35 19.69 20.04 20.44 20.72 21.40 22.18 20.60 21.54 20.55 21.67 22.59 22.44 21.77 21.86 22.76 22.89 22.67 22.98 22.86 22.14 21.55 22.47 21.53 22.88 20.83 19.83 21.04 21.17 20.93 21.41 21.78 21.14 21.61 21.58 21.19 21.03 22.73 22.98 21.80 21.77 22.67 22.18 22.49 22.63 22.86 22.80 22.84
19.42 19.37 19.19 19.07 18.08 17.80 17.72 15.52 16.96 19.91 20.84 19.29 20.28 20.37 21.01 18.89 21.28 21.66 19.98 21.28 22.25 21.58 21.35 22.06 21.07 20.86 21.99 20.49 20.76 21.72 21.63 20.78 20.43 21.06 21.26 21.44 21.18 21.37 21.53 21.72 21.83 21.40 23.21 22.39 22.59 22.93 22.95 21.43 22.15 21.77 21.15 21.22 22.34 22.40 21.00 20.64 21.44 21.69 21.12 21.18 22.12 21.82 21.79 20.79 22.50 22.08 22.76 22.43 21.72 23.03 22.82 21.04 23.43 22.94 22.90 21.80 22.84
18.15 18.94 19.55 16.93 18.16 17.65 16.61 18.21 19.99 19.83 19.33 19.88 21.26 21.46 19.77 19.00 20.88 21.13 22.24 21.73 21.22 20.14 21.51 22.32 22.00 20.55 21.65 20.32 21.39 22.92 21.22 20.35 21.25 20.75 19.32 22.25 21.65 21.60 21.34 21.18 22.01 21.92 22.31 22.45 22.41 22.47 21.04 20.84 21.57 22.53 21.84 22.50 22.94 21.87 19.76 20.55 21.46 20.49 21.78 21.76 22.84 23.11 21.70 22.32 22.43 22.33 22.28 21.35 22.21 22.28 22.79 22.66 22.59 22.53 22.21 22.58 23.14
17.62 19.34 19.15 17.29 17.85 18.48 17.93 21.48 20.46 19.37 21.16 20.70 21.52 21.15 20.23 20.45 21.45 21.64 20.62 19.94 21.12 21.04 21.57 21.92 21.57 20.57 20.51 20.99 21.65 20.93 19.99 20.78 20.16 20.16 21.85 21.60 22.44 21.98 22.03 22.60 22.47 21.06 22.22 22.46 22.52 21.96 21.48 21.83 21.76 21.74 21.61 22.95 22.41 21.67 20.20 20.97 21.51 20.60 21.66 22.62 21.74 22.96 22.51 22.98 22.62 22.54 22.25 21.92 21.88 21.71 21.51 22.07 22.68 22.41 22.57 23.29 22.93
19.95 19.68 19.12 16.98 15.88 16.96 19.14 20.39 19.31 19.62 20.40 21.04 22.34 21.06 20.97 21.13 21.48 20.37 21.38 20.31 22.54 21.85 22.26 20.92 20.01 20.83 21.35 21.81 21.12 20.09 20.57 21.67 18.75 21.24 22.32 21.81 21.60 22.00 20.71 21.18 21.64 22.30 21.59 21.94 22.47 22.21 22.40 22.45 21.56 23.00 22.64 21.59 20.41 19.72 22.09 21.56 20.74 22.08 21.52 22.08 22.15 21.82 22.75 21.57 21.99 21.40 22.76 21.67 21.97 22.59 21.95 21.90 21.91 21.83 22.92 22.76 22.75
21.76 20.34 18.71 17.56 15.34 18.65 20.07 17.17 17.86 19.99 21.20 19.82 21.89 20.37 21.63 22.05 21.85 21.44 20.70 20.74 20.99 22.48 21.18 19.54 19.82 21.32 21.52 20.97 19.89 20.45 19.54 19.90 21.12 22.10 23.05 22.32 22.52 20.69 21.10 20.99 22.63 21.86 21.65 22.27 21.74 22.14 22.77 22.13 22.50 22.46 21.09 20.74 20.34 22.20 22.85 22.56 21.74 21.69 19.77 22.47 22.41 21.69 21.93 22.40 22.03 22.22 21.11 22.01 21.81 22.60 22.14 22.94 23.02 22.75 23.33 22.87 22.85
21.01 20.23 19.55 20.17 19.73 19.59 18.56 18.12 18.64 20.21 20.91 20.82 19.98 19.65 21.14 21.18 20.42 21.81 20.33 21.00 22.34 21.60 18.92 20.19 21.83 21.95 20.88 19.97 20.33 20.79 20.46 21.23 21.98 21.28 22.17 22.15 19.95 20.48 22.12 22.21 21.18 21.57 20.97 20.29 20.65 21.34 22.04 21.24 21.86 21.58 19.60 21.06 21.73 22.69 22.64 20.93 21.10 21.22 22.22 21.67 22.16 21.63 20.93 22.34 22.43 22.11 22.30 22.95 22.60 22.52 21.78 23.14 22.32 22.62 22.94 22.29 22.94
20.98 19.28 19.47 20.96 20.56 18.54 18.25 19.57 18.04 19.73 20.09 21.38 19.23 20.41 20.75 20.29 18.85 20.90 21.00 20.31 21.04 19.41 22.18 22.49 21.67 19.95 20.82 20.00 20.91 20.31 21.15 20.97 21.49 20.25 21.46 20.62 20.63 21.96 21.62 21.46 20.45 20.71 20.51 21.47 22.26 21.68 21.53 20.98 20.52 20.72 20.28 21.19 23.09 23.03 21.98 21.16 21.17 21.90 22.20 21.05 21.42 22.26 21.78 22.20 22.49 22.29 22.77 22.71 22.06 23.27 22.77 22.75 22.13 22.53 23.15 23.11 23.00
20.52 19.99 19.27 21.65 21.97 19.46 16.58 18.70 18.82 21.74 20.09 21.53 20.84 20.08 21.60 19.62 18.76 21.65 22.50 21.27 21.15 20.29 20.76 22.06 21.55 19.68 21.06 21.49 21.16 22.09 22.22 19.82 19.66 19.61 20.18 22.24 21.25 20.31 20.17 20.97 20.72 21.49 21.57 21.56 22.06 21.64 21.88 20.78 20.34 21.19 21.81 21.74 22.02 21.79 22.47 22.39 22.43 21.63 21.74 21.84 21.68 22.47 22.48 22.73 22.42 22.92 22.94 22.47 22.99 22.23 22.50 22.93 23.03 23.02 23.02 22.22 22.49
20.19 21.09 21.13 21.85 21.44 19.66 17.70 17.65 18.86 20.72 19.18 20.58 20.15 20.30 20.28 20.72 21.52 21.81 21.68 21.41 20.89 19.70 22.30 19.90 19.78 21.34 20.72 22.26 21.55 19.39 20.48 20.46 21.56 20.32 21.30 22.35 20.92 20.25 22.16 21.98 20.30 21.72 22.44 21.92 21.61 20.81 21.50 21.52 21.76 22.24 22.39 22.42 22.13 22.33 21.98 22.06 21.23 19.62 22.04 22.40 22.85 22.23 21.63 22.90 22.48 22.12 21.79 23.28 22.12 22.31 22.65 23.03 22.58 22.63 21.95 21.50 22.32
18.92 20.17 20.73 20.45 20.01 20.07 18.37 17.82 18.63 19.82 20.58 20.52 20.52 19.88 19.91 20.71 21.27 21.19 21.40 21.73 20.84 20.36 21.83 19.60 20.26 20.90 21.68 21.34 19.96 19.65 20.82 19.61 21.96 21.87 22.01 21.30 20.68 20.66 21.09 21.26 21.66 20.23 21.13 20.58 21.68 20.52 21.68 22.17 22.41 22.69 22.19 21.86 21.88 22.31 21.26 21.93 21.03 21.13 22.82 22.19 21.14 22.16 22.24 22.05 22.37 22.32 22.67 22.59 22.27 22.78 22.27 22.24 22.05 22.85 22.18 22.16 22.70
20.06 20.55 21.71 21.55 20.79 19.65 17.42 17.69 17.42 19.73 21.56 20.74 20.60 18.89 19.09 20.91 22.29 22.23 20.53 21.83 21.92 20.28 20.75 20.04 21.30 20.52 20.97 19.82 19.61 20.57 19.80 18.97 22.38 21.98 21.12 20.43 21.27 21.16 22.05 21.81 20.51 20.56 20.01 21.47 22.13 21.63 22.74 21.95 22.64 22.16 22.33 22.26 21.83 20.93 20.92 20.30 21.73 22.17 20.55 21.28 21.20 21.46 22.09 22.57 22.42 22.82 22.27 22.40 22.24 23.02 22.18 22.35 22.86 22.28 21.67 22.31 22.51
20.80 21.59 21.92 22.23 21.48 20.95 20.98 20.57 20.16 18.82 21.05 20.87 18.98 20.23 20.59 21.66 21.65 20.37 21.34 22.05 20.87 20.83 20.84 20.52 21.45 20.66 20.00 18.73 19.46 21.82 21.49 20.43 21.70 22.47 21.21 20.99 21.61 21.13 20.53 20.96 20.85 22.18 21.46 21.55 21.49 21.37 22.52 22.23 22.63 21.18 21.72 21.70 20.79 21.37 20.86 20.89 22.37 21.98 21.30 21.79 22.85 21.96 22.94 21.81 22.50 22.54 21.86 21.72 21.97 22.58 22.76 22.47 22.73 22.07 21.84 22.46 21.15
20.79 21.91 21.87 22.14 21.72 21.34 19.61 19.40 20.69 20.29 20.36 20.21 20.95 20.52 19.70 20.68 22.28 21.16 22.27 21.69 20.55 20.14 19.76 22.32 21.47 20.70 19.36 19.23 20.83 20.46 20.97 21.52 21.45 21.53 21.26 20.61 20.96 20.00 20.55 20.88 20.63 22.19 21.54 21.14 21.33 22.88 21.42 22.81 22.20 21.12 21.88 21.47 20.73 20.42 19.15 21.65 22.64 19.02 22.10 22.21 21.82 21.98 22.39 22.32 23.17 23.11 22.09 21.98 22.29 22.45 22.16 22.68 22.42 22.32 22.32 22.52 22.38
20.23 22.56 21.75 21.85 21.86 21.56 20.53 19.50 19.30 19.67 19.79 18.60 20.51 20.48 20.40 22.00 20.76 21.36 22.63 22.05 20.67 20.99 20.86 21.97 21.97 20.67 20.52 20.82 20.16 19.27 21.40 21.71 21.75 21.25 21.34 21.25 20.42 20.57 21.31 21.19 21.42 21.48 21.72 21.80 22.03 21.15 22.55 21.50 22.60 21.44 20.88 21.97 20.70 22.06 22.23 21.69 21.55 22.35 21.36 21.10 21.92 21.58 22.59 22.44 22.41 22.31 22.34 22.52 21.74 22.19 22.63 22.25 22.04 21.67 22.06 22.24 22.67
