main/data/irradiance/23.03.2023.grid
ncols 839
nrows 679
xllcenter 112.0500
yllcenter -43.9500
cellsize 0.0500
nodata_value 99999.90
[rows 374 to 407 of 679, columns 231 to 307 of 839]
12.21 12.58 13.34 12.92 13.57 14.50 14.11 13.61 13.63 13.52 14.23 15.31 15.19 14.94 15.70 15.87 16.38 17.08 17.57 15.96 15.56 14.63 12.87 11.54 12.33 11.91 13.82 14.79 12.09 8.93 9.46 11.50 11.95 12.49 13.69 14.74 16.37 15.52 16.59 16.77 17.84 16.84 17.94 17.10 15.97 17.32 16.27 18.20 18.09 18.44 19.12 18.45 17.29 18.55 19.24 19.81 20.36 19.39 19.26 18.78 18.70 19.92 19.27 19.61 19.55 20.13 20.61 21.07 20.70 19.97 21.51 21.38 21.19 20.04 21.18 21.43 21.92
11.55 11.84 13.21 13.49 14.34 13.95 14.99 14.23 13.38 13.51 14.50 14.33 14.47 15.79 16.75 16.20 16.37 16.83 16.27 15.81 15.54 15.61 14.76 12.62 12.70 12.43 14.26 13.52 10.56 10.19 11.62 13.44 12.99 12.09 12.09 14.31 14.65 15.84 16.20 16.04 16.66 17.85 17.74 17.88 16.98 17.71 16.74 16.43 19.16 18.30 19.01 18.75 17.97 19.09 18.65 20.16 20.26 19.56 20.54 18.74 18.65 19.15 19.34 19.02 20.33 20.42 20.12 21.20 21.01 20.87 20.96 20.89 21.51 21.92 21.23 21.24 21.63
11.52 14.02 14.96 14.30 15.14 15.03 14.09 13.94 13.40 13.34 13.88 14.11 14.04 16.09 17.37 17.11 16.48 16.05 15.82 16.60 15.62 15.92 15.39 14.49 15.30 15.00 14.68 12.90 12.82 13.31 14.04 13.51 13.26 13.07 12.81 14.72 15.61 16.19 17.20 17.80 16.51 17.96 16.29 16.20 17.89 18.63 18.39 18.46 17.81 17.86 18.35 18.81 19.43 19.56 18.20 19.79 19.66 19.03 20.82 19.64 19.56 18.95 19.31 19.59 19.30 19.95 19.08 20.16 20.65 20.72 19.88 20.99 20.61 21.66 20.99 20.82 21.60
13.35 13.87 15.27 14.71 14.39 14.91 14.05 13.22 13.32 12.94 12.71 13.50 14.51 15.98 16.19 16.45 17.34 16.96 16.11 16.70 16.80 16.49 16.22 15.88 16.61 15.62 15.15 14.22 13.81 12.94 12.67 13.87 13.82 15.45 15.27 16.40 15.83 15.99 16.15 16.59 17.30 17.85 16.25 15.84 17.10 18.50 18.40 19.23 18.95 17.52 18.75 19.23 19.16 19.28 19.06 18.44 18.54 18.77 19.39 18.94 20.27 19.33 18.56 20.02 20.03 20.02 18.80 20.51 20.28 20.56 19.46 20.98 20.33 20.93 20.20 20.01 20.65
13.40 12.20 14.85 14.77 13.39 12.92 13.24 12.96 13.13 12.11 12.26 13.08 14.78 15.76 16.36 16.57 16.48 16.72 16.40 16.81 16.17 16.11 16.40 16.06 16.55 16.58 17.07 15.39 13.97 14.00 12.72 13.51 13.69 14.14 14.65 16.57 16.41 16.89 16.62 16.27 18.49 19.24 18.88 18.78 18.56 17.97 18.10 18.52 18.72 18.58 18.34 19.51 18.25 19.50 20.15 19.07 18.64 19.31 18.29 19.31 20.08 19.12 18.78 19.26 20.36 19.77 20.30 20.52 20.73 20.70 20.29 21.33 21.37 20.62 19.77 19.78 20.30
12.83 12.96 13.72 14.16 12.52 12.14 12.14 12.38 12.56 12.34 12.45 12.31 13.78 13.96 16.45 17.99 17.25 15.68 16.84 17.07 16.54 16.09 15.27 15.05 15.69 15.51 16.23 14.93 13.75 12.75 12.16 13.12 13.47 14.30 15.06 15.49 17.10 16.72 17.15 17.26 17.82 18.24 19.28 19.72 20.08 19.57 19.00 18.41 17.09 18.69 17.64 18.84 20.29 19.88 20.05 18.61 19.22 19.53 17.58 17.79 18.80 19.02 19.51 19.38 20.61 19.96 20.97 20.59 20.84 20.46 20.67 21.27 21.40 20.63 20.34 20.68 20.91
13.15 13.13 13.05 12.93 12.62 11.11 11.02 12.00 12.24 12.04 11.26 13.48 13.94 14.75 16.37 17.19 17.68 16.60 16.05 16.24 16.81 15.20 15.61 14.80 14.96 15.76 15.95 14.97 14.39 12.43 13.95 12.64 13.97 14.74 16.45 16.90 17.30 17.83 17.71 18.55 17.30 16.93 18.16 18.66 19.63 19.41 19.33 18.45 17.88 16.98 18.37 19.18 19.88 19.30 19.45 19.16 19.07 19.07 18.29 18.06 16.97 18.15 19.74 19.51 20.02 19.05 20.39 20.53 20.18 20.17 20.72 20.99 20.99 20.53 20.36 20.63 21.00
12.74 12.49 12.30 11.43 11.28 11.20 11.67 12.47 12.44 12.73 12.61 12.31 14.45 15.56 15.48 15.01 15.58 16.86 16.99 17.62 17.73 17.26 16.75 14.83 14.61 14.99 15.09 15.18 15.74 13.74 12.95 12.94 16.77 15.32 16.00 17.58 17.20 18.63 18.80 18.46 18.38 18.52 18.28 18.30 18.89 19.59 19.74 18.91 19.17 19.45 18.97 18.40 18.41 18.77 19.83 19.35 19.50 19.04 18.96 17.64 17.37 17.57 18.95 19.14 18.78 18.23 20.38 20.37 18.94 19.67 19.78 21.61 20.38 20.11 20.94 21.24 20.64
13.23 12.08 11.66 11.24 10.54 12.27 12.97 12.67 13.49 13.40 12.89 12.84 14.26 15.03 15.51 16.41 17.91 17.10 16.43 18.00 17.95 16.42 15.06 13.81 14.53 15.83 14.22 13.28 15.29 15.25 14.14 14.41 15.70 16.18 16.21 16.77 17.42 17.74 18.37 17.85 18.96 18.93 19.43 19.75 18.95 19.03 19.58 19.52 19.22 19.61 19.59 20.30 19.99 19.28 19.54 19.40 18.97 19.22 18.36 18.23 18.48 18.62 19.13 18.78 19.26 18.86 19.84 19.95 19.58 20.66 20.56 20.50 20.74 19.94 20.53 20.76 20.47
11.85 11.97 12.94 11.72 10.69 12.24 13.36 12.16 12.83 13.58 12.67 13.44 13.64 13.90 15.64 16.77 18.12 15.86 17.38 18.12 18.50 17.97 16.20 14.79 13.98 14.66 13.61 13.21 14.51 14.04 13.78 12.33 13.04 14.83 15.86 16.35 16.96 16.22 16.79 18.41 18.91 19.65 20.08 20.16 19.96 20.14 19.34 19.76 19.66 19.65 20.13 20.59 20.55 20.16 20.26 18.95 18.86 19.42 19.89 19.46 19.55 19.93 19.33 19.13 19.28 19.29 19.09 20.23 20.44 20.35 20.92 20.95 20.58 20.54 20.42 20.81 20.39
11.30 12.16 13.16 11.78 11.09 12.76 12.53 11.40 11.17 12.21 11.66 12.44 13.50 14.64 15.74 16.14 16.14 16.07 17.13 18.00 18.74 18.54 18.07 17.22 16.12 14.10 12.53 12.49 13.91 13.42 13.88 12.90 12.25 14.62 16.15 16.18 16.79 16.67 17.35 18.62 18.22 19.19 19.81 19.88 19.61 19.09 19.27 19.34 20.03 19.93 20.12 19.93 20.17 20.32 20.80 19.49 18.50 19.71 19.96 20.29 20.18 18.56 19.81 19.91 19.77 19.69 19.36 20.00 19.67 19.78 20.18 20.18 20.31 19.70 20.00 20.55 20.75
11.61 11.72 12.29 10.72 11.70 11.34 10.04 9.34 10.17 11.20 10.37 11.86 14.13 15.47 16.05 16.01 16.10 16.80 16.57 17.44 17.54 17.71 18.02 16.78 14.72 13.43 13.23 14.70 14.48 15.16 14.67 14.03 14.36 16.01 17.03 16.45 16.73 17.45 17.21 19.01 19.21 19.18 19.54 19.88 19.63 19.60 19.75 19.53 19.76 20.17 20.28 19.97 19.99 20.53 20.46 20.13 19.98 19.65 19.77 20.10 20.04 19.51 20.05 19.66 19.89 19.77 19.07 20.69 20.35 19.88 18.88 19.44 19.71 19.44 19.72 20.43 20.83
11.65 12.23 11.60 11.34 11.27 10.58 9.37 8.46 9.86 10.63 10.54 11.37 13.80 15.56 15.84 16.10 15.99 15.75 15.83 16.69 17.81 17.44 17.56 17.48 17.07 15.25 15.57 15.88 14.35 15.71 15.18 14.36 15.53 15.78 15.67 16.65 16.77 17.95 18.97 19.60 19.47 18.80 19.42 19.98 19.73 19.72 19.65 19.66 19.86 20.07 19.87 20.00 19.80 20.71 20.59 20.32 20.28 20.28 20.34 19.56 19.25 20.04 19.66 19.84 20.44 19.72 19.67 21.13 19.86 18.41 20.17 20.13 19.12 19.11 19.82 20.38 20.75
10.68 11.42 10.17 10.80 9.58 10.62 9.38 9.07 10.20 11.43 10.03 11.86 14.64 15.36 15.06 16.00 15.76 15.33 16.42 16.50 17.60 17.85 17.89 17.83 17.85 16.10 16.36 15.97 15.47 15.29 16.92 15.48 14.07 15.62 16.34 17.60 17.49 18.63 19.66 19.89 19.60 19.50 19.80 19.75 19.76 19.47 19.06 19.54 19.84 20.01 20.02 20.06 20.00 20.24 20.10 19.95 20.14 20.42 20.27 19.86 19.66 19.50 19.95 20.30 20.54 19.13 19.44 20.48 18.79 18.68 19.94 19.19 20.02 20.29 20.28 20.48 21.07
11.03 10.40 10.02 10.35 8.93 9.45 8.64 9.74 9.04 9.85 9.35 11.83 13.35 13.51 14.11 14.69 13.80 15.17 14.90 16.14 16.64 16.70 16.45 16.34 17.00 17.04 17.09 17.40 15.77 16.00 15.20 14.10 13.91 14.74 16.35 16.44 17.58 18.89 20.15 19.95 19.26 19.83 19.75 19.62 19.36 19.52 18.86 18.86 19.41 19.41 19.60 19.21 19.66 19.80 19.97 20.10 20.31 20.21 20.28 20.07 19.77 19.66 19.79 19.68 19.67 20.01 19.56 19.52 18.62 19.41 19.39 19.48 20.25 20.49 20.84 20.28 19.94
10.09 9.15 10.40 9.56 9.20 9.55 8.34 8.92 9.27 9.62 9.76 11.93 11.84 11.04 12.36 12.91 14.32 13.81 14.81 14.98 15.01 16.26 17.44 17.30 17.03 16.90 16.53 17.26 16.59 14.27 12.14 13.86 14.44 14.85 15.23 14.90 15.94 18.15 19.65 18.93 19.15 19.71 19.33 19.02 19.10 18.94 18.66 18.50 18.80 19.34 19.80 19.92 19.98 20.25 20.05 20.05 20.12 19.68 19.77 19.82 19.56 18.72 19.66 19.51 19.50 19.77 19.28 19.68 19.77 18.31 18.16 19.27 19.43 20.07 20.14 20.02 19.75
8.11 8.21 9.48 9.78 9.83 9.29 8.66 9.97 10.40 9.02 9.67 11.47 11.08 11.11 11.04 10.62 13.67 13.93 13.35 15.10 15.60 15.21 15.73 15.97 16.87 17.77 18.39 16.23 15.43 11.75 11.00 13.34 14.52 15.16 14.61 14.08 15.53 16.63 19.17 19.55 18.81 18.80 19.07 19.36 19.07 18.36 18.44 18.56 18.96 19.42 19.65 20.43 20.54 20.42 19.94 19.71 19.29 19.15 19.39 19.81 19.48 19.33 19.40 19.09 19.50 20.01 19.81 20.19 18.65 18.12 17.85 19.17 18.34 19.46 19.32 20.03 20.08
8.00 7.16 7.85 9.48 9.73 8.06 7.59 9.18 11.00 9.87 10.00 9.79 8.67 9.85 9.25 9.98 12.34 12.56 13.92 15.27 15.09 15.25 15.72 16.06 16.59 17.57 17.50 15.84 15.07 13.53 13.76 14.16 14.52 15.03 14.31 15.48 16.51 17.76 18.82 18.17 18.25 18.90 19.57 19.50 19.26 18.61 18.55 18.92 18.74 19.27 20.24 20.56 20.38 20.13 19.29 19.52 19.32 18.78 18.74 19.38 19.44 19.65 19.77 19.38 19.74 20.28 19.57 19.78 19.38 19.19 18.90 19.04 18.70 19.16 18.63 19.38 20.17
7.50 6.60 8.42 9.95 10.06 7.99 8.06 10.29 9.89 9.96 9.35 8.38 7.27 8.72 9.29 10.82 11.79 13.07 13.99 15.12 14.91 14.79 15.62 16.56 17.00 16.49 16.13 15.80 16.79 15.36 14.27 14.82 15.19 14.63 14.63 15.15 16.73 17.91 17.94 17.88 18.32 18.75 19.47 18.97 19.12 18.16 18.72 19.08 19.34 19.65 19.98 20.32 20.09 19.77 19.25 19.81 19.83 19.70 19.52 19.94 18.96 19.16 19.38 19.17 19.54 19.86 19.34 19.48 18.88 19.17 19.08 18.09 19.32 19.26 19.26 18.51 20.24
8.25 7.40 9.01 9.11 8.95 8.83 9.07 9.91 9.93 9.35 9.34 8.42 8.69 9.26 10.37 10.91 10.91 12.57 14.15 14.69 14.66 14.93 15.53 15.85 16.76 16.16 15.96 15.83 16.71 14.88 14.08 14.41 14.13 13.47 14.88 15.18 16.14 16.27 17.10 17.82 18.18 18.29 18.41 18.48 18.21 18.30 19.19 19.56 19.68 19.36 19.50 19.75 19.58 19.30 19.08 19.62 19.77 19.50 19.80 19.66 19.38 19.04 19.19 19.36 19.16 19.09 19.07 19.13 19.65 19.53 19.53 19.44 18.61 18.91 18.64 19.84 19.97
7.75 6.97 8.26 9.57 9.62 8.69 8.75 8.42 8.09 8.22 8.78 7.99 9.08 8.98 10.68 11.35 10.90 11.53 12.99 12.89 14.06 14.48 14.62 15.63 16.11 15.76 15.33 13.61 15.45 13.96 13.46 14.54 12.68 12.95 13.65 14.59 15.22 15.80 16.53 16.97 17.32 17.77 17.72 17.70 17.99 18.77 19.46 19.28 19.54 19.10 19.65 19.52 19.18 18.68 19.70 20.21 19.89 19.62 19.24 19.53 19.28 19.01 19.25 19.37 18.63 18.20 18.37 18.79 19.45 19.79 20.02 19.50 18.79 19.09 19.27 19.73 20.08
7.30 5.43 7.24 9.26 8.46 8.30 8.46 7.23 8.00 7.75 7.83 8.59 8.60 8.87 10.48 11.20 12.02 11.91 12.34 12.07 12.91 14.36 14.03 13.94 13.25 14.30 15.15 14.26 14.95 14.84 15.79 14.93 14.15 11.69 12.63 13.73 15.27 15.76 16.35 16.06 17.04 17.50 17.52 17.92 18.56 18.62 18.85 18.73 18.24 18.94 19.45 19.04 18.37 18.27 19.52 19.98 19.59 18.71 18.58 19.06 18.55 18.41 18.68 18.57 18.28 18.04 17.75 18.19 19.37 19.97 19.87 19.28 18.71 18.81 19.26 19.84 19.97
6.91 6.55 6.96 7.03 7.12 6.49 7.28 7.16 7.31 8.06 7.96 8.72 8.11 8.39 9.44 10.68 12.06 11.16 11.79 11.49 13.18 12.42 12.89 12.84 11.95 12.73 14.76 15.26 15.10 15.11 15.08 14.74 13.66 11.56 12.04 13.28 14.64 15.03 16.18 16.65 16.92 17.68 17.14 17.55 17.94 18.05 18.12 17.53 18.21 18.98 19.05 18.97 18.77 18.27 18.70 19.21 19.35 18.89 18.18 18.33 18.11 17.91 18.25 18.06 17.57 17.51 17.44 18.66 19.64 19.93 19.43 19.13 18.59 18.38 18.64 18.85 19.29
6.16 6.38 6.24 5.90 5.83 5.91 6.58 6.35 7.00 7.43 7.15 8.61 7.95 7.66 8.78 9.00 9.50 10.31 10.76 12.44 12.89 12.01 13.00 12.47 12.12 12.62 13.13 14.18 13.90 14.06 14.18 14.85 13.18 11.86 12.35 13.73 14.52 15.45 15.90 15.80 16.55 16.86 17.01 17.27 17.51 17.36 17.48 18.09 18.61 18.80 19.34 19.74 19.41 18.67 18.30 18.75 19.31 19.48 18.48 17.68 17.59 17.82 17.89 18.45 17.62 17.30 18.45 18.85 18.85 19.27 19.13 19.18 18.81 18.35 17.98 18.35 18.70
6.14 6.48 6.64 6.25 6.17 5.81 5.98 6.13 6.75 7.47 8.16 9.21 10.04 9.97 9.74 8.89 9.34 9.26 9.63 10.69 11.48 11.50 10.89 11.57 11.87 12.33 12.35 11.95 12.57 14.14 13.81 13.28 12.59 12.45 12.84 14.00 14.96 15.88 15.81 15.82 15.65 16.28 16.88 17.02 16.75 17.28 17.66 18.42 18.79 19.06 18.91 19.31 19.05 17.87 17.89 18.61 18.82 19.21 18.67 17.86 17.00 17.43 17.70 17.96 17.53 18.48 19.00 18.70 18.48 18.73 19.00 19.03 19.02 19.31 19.18 18.76 18.67
6.28 6.89 6.82 6.83 6.98 6.39 7.09 7.04 7.21 7.49 7.64 9.08 9.79 10.62 9.77 9.17 9.53 8.56 8.32 9.62 10.38 11.74 11.84 12.49 13.27 13.15 13.73 13.00 13.36 13.27 13.55 12.12 11.50 12.02 14.25 14.17 14.66 15.55 15.37 15.23 15.28 16.17 17.03 17.22 17.15 18.12 18.41 18.43 18.22 18.83 18.79 18.93 18.07 17.08 17.89 18.49 18.89 19.18 18.20 17.29 17.04 17.25 17.52 17.60 17.70 18.79 19.15 18.63 18.55 18.59 18.55 18.92 19.32 19.59 19.38 19.13 19.49
6.44 6.19 6.43 6.96 5.91 5.79 6.98 7.19 7.53 7.13 6.86 7.91 8.18 8.99 8.51 8.30 8.49 7.62 7.83 9.00 9.13 10.44 11.38 12.49 13.27 12.22 13.97 13.64 12.42 12.31 12.88 11.87 12.45 15.38 15.40 14.82 14.97 15.44 15.57 15.03 15.06 16.46 17.29 18.00 18.22 18.21 18.69 18.15 18.23 18.48 17.46 17.05 16.73 17.18 17.84 18.41 18.76 18.71 18.44 17.22 17.20 17.77 17.54 17.21 18.18 18.78 18.63 19.09 18.90 18.98 19.03 18.96 18.69 19.18 19.61 19.74 19.63
6.61 6.30 6.15 6.22 6.16 6.34 6.72 6.56 7.77 8.14 6.96 7.40 7.35 7.30 7.04 7.38 7.54 8.33 7.97 8.46 8.42 10.57 12.49 12.94 12.27 12.61 12.34 10.79 10.80 10.10 10.71 11.06 12.50 13.26 13.67 14.51 15.16 15.19 15.37 15.71 15.58 16.28 17.61 17.32 17.27 17.62 17.78 17.09 17.47 17.79 16.65 15.87 16.08 16.25 16.47 17.94 18.80 18.88 18.18 17.30 17.68 17.89 17.73 17.72 18.08 18.04 18.61 18.80 18.68 19.03 19.45 18.83 18.27 18.23 18.63 19.24 19.40
6.66 6.60 5.99 5.51 5.76 6.32 6.60 6.79 7.76 7.38 6.82 6.75 6.44 6.35 6.23 7.06 7.96 8.23 7.25 7.47 9.19 10.24 11.08 11.18 11.87 12.35 11.98 10.87 10.15 10.16 10.38 10.14 11.74 13.55 14.48 14.88 15.40 15.34 15.00 15.88 16.07 16.80 16.62 15.00 15.64 15.95 17.45 17.11 17.20 17.34 16.75 16.13 15.60 15.48 16.90 18.45 18.05 18.12 18.05 17.48 17.30 17.02 17.29 18.06 18.05 18.42 18.77 18.91 19.09 19.40 19.76 19.12 18.22 17.31 17.27 18.61 19.35
6.33 6.45 6.25 4.94 5.78 5.77 6.34 6.20 6.05 6.12 5.96 5.87 5.63 5.68 6.41 7.20 8.34 7.87 7.03 6.55 7.72 9.28 9.98 9.58 9.97 11.29 10.80 10.46 10.46 10.39 10.41 11.31 11.47 13.09 14.53 14.79 15.06 14.49 14.59 14.80 15.33 15.14 14.56 14.09 15.26 16.88 17.80 16.90 16.42 16.52 16.60 16.39 15.94 16.33 16.93 17.46 18.61 18.29 17.76 17.20 17.14 16.97 17.54 17.91 17.89 18.21 18.79 18.54 18.92 19.23 19.15 19.21 18.84 18.82 17.89 18.26 18.96
6.63 7.19 7.27 6.80 6.33 5.78 6.22 6.12 6.10 5.95 5.91 5.19 4.70 4.92 6.30 6.67 6.85 6.83 6.53 6.56 7.56 8.27 8.24 8.51 8.80 9.73 9.60 9.48 10.82 10.85 11.12 12.02 12.20 13.66 13.76 13.69 13.07 13.78 13.62 13.15 14.48 14.12 13.79 13.93 16.05 16.91 16.48 14.34 13.46 15.81 16.24 15.85 15.76 16.77 16.42 17.69 18.19 18.04 17.60 18.00 17.63 17.66 17.94 18.01 18.17 18.36 18.71 18.92 19.03 18.96 19.27 19.26 18.79 18.73 18.40 18.05 18.16
6.86 7.48 7.92 7.06 5.20 5.28 6.12 5.51 5.23 5.20 5.02 4.23 3.91 5.05 5.75 5.58 5.22 6.51 6.54 7.02 7.62 7.28 7.27 8.46 9.21 8.79 9.17 9.01 9.88 10.82 11.97 12.10 12.73 13.14 12.57 12.08 11.54 11.60 12.49 13.30 13.80 14.34 14.52 14.62 15.01 16.19 15.41 14.30 14.19 14.74 16.20 16.12 15.83 16.64 17.29 16.99 17.76 17.49 17.56 17.68 18.15 17.98 17.61 18.48 18.01 18.04 18.12 18.79 18.99 19.14 18.79 17.80 18.07 19.26 18.86 18.34 18.05
6.51 6.72 7.54 6.91 5.91 6.01 5.88 5.23 4.08 4.30 4.65 4.74 4.70 5.36 5.42 4.60 4.48 5.79 6.61 6.96 7.35 6.39 6.56 8.45 9.19 9.05 8.85 8.43 9.32 10.57 11.59 12.03 12.90 11.52 12.18 12.18 11.32 11.56 12.75 13.18 13.90 14.57 14.78 13.81 13.82 15.45 15.86 14.87 14.36 14.52 15.19 15.85 16.72 16.95 16.98 17.06 17.10 17.28 17.47 17.82 18.52 17.49 18.01 17.95 18.18 18.44 18.21 18.78 19.26 18.98 18.35 18.20 18.56 19.05 18.85 18.95 19.09
6.65 6.61 5.90 6.00 5.77 5.16 4.94 4.16 3.58 4.04 4.60 5.69 5.40 4.99 4.46 4.75 5.02 5.77 6.21 6.36 6.89 6.64 7.56 8.76 8.84 8.39 8.07 8.12 8.73 8.86 10.89 11.52 12.23 11.11 11.71 12.07 12.30 12.98 13.38 13.81 14.12 13.94 14.25 14.03 14.45 15.82 15.40 14.29 13.97 14.14 15.94 17.19 16.24 15.71 16.97 17.43 18.02 17.47 17.58 17.80 17.80 17.25 17.31 17.67 18.52 18.04 18.51 18.67 19.18 18.57 18.65 18.07 19.03 18.73 18.49 19.20 19.28
