main/data/irradiance/23.08.2023.grid
ncols 839
nrows 679
xllcenter 112.0500
yllcenter -43.9500
cellsize 0.0500
nodata_value 99999.90
[rows 272 to 305 of 679, columns 231 to 307 of 839]
19.97 19.99 19.96 20.09 20.02 20.03 20.04 20.07 20.08 20.09 20.09 20.06 20.08 20.07 20.06 20.03 20.05 20.06 20.03 20.02 20.01 20.00 20.01 20.01 20.01 19.99 20.02 20.02 20.04 20.04 20.05 20.06 20.06 20.05 20.07 20.06 20.06 20.08 20.10 20.08 20.05 20.05 20.05 20.04 20.04 20.03 20.03 19.98 19.99 19.99 20.00 19.97 19.98 19.98 20.01 20.09 20.06 20.05 20.08 20.09 20.08 20.09 20.15 20.11 20.11 20.07 20.01 20.08 20.14 20.09 20.09 20.07 20.13 20.15 20.05 19.99 19.89
19.82 19.94 20.01 20.07 20.07 20.07 20.06 20.05 20.04 20.05 20.05 20.05 20.09 20.07 20.05 20.02 20.01 20.03 20.05 20.02 20.01 20.00 20.00 19.99 20.01 19.99 19.99 19.97 19.98 20.01 20.02 20.02 20.01 20.02 20.04 20.04 20.04 20.05 20.07 20.09 20.08 20.06 20.05 20.05 20.03 20.03 20.01 20.01 20.00 19.97 19.95 19.92 19.92 19.94 19.96 20.00 19.96 20.01 20.10 20.05 20.05 20.04 20.10 20.13 20.14 20.06 20.02 20.02 20.04 20.08 20.11 20.04 20.00 20.02 19.99 20.00 19.97
19.89 19.98 19.98 20.06 20.06 20.05 20.06 20.06 20.06 20.05 20.03 20.04 20.07 20.06 20.07 20.03 20.00 19.99 19.98 20.00 20.00 19.98 19.98 19.98 19.99 19.97 19.98 19.98 19.97 19.99 19.99 19.99 19.99 20.01 20.01 20.01 20.00 20.02 20.06 20.08 20.08 20.02 20.04 20.04 20.05 20.03 20.02 19.99 20.00 19.96 19.91 19.92 19.90 19.94 19.93 19.96 19.96 20.07 20.09 20.01 20.00 20.01 20.08 20.01 20.09 20.00 19.97 20.01 19.96 19.99 20.02 20.01 19.92 19.96 19.99 19.95 19.97
19.88 19.99 19.92 19.98 19.99 20.04 20.03 20.04 20.06 20.06 20.05 20.03 20.02 20.05 20.04 20.05 19.97 20.00 19.96 19.96 19.96 19.96 19.98 19.98 19.97 19.99 19.96 19.98 19.99 19.98 19.98 19.97 19.97 20.00 19.98 19.99 19.99 19.99 20.03 20.05 20.01 19.95 20.01 20.04 20.02 20.02 20.00 19.99 19.99 19.98 19.93 19.92 19.92 19.94 19.93 19.89 19.93 19.94 19.99 20.04 20.01 20.01 19.98 19.97 20.08 20.06 19.93 20.00 19.94 19.95 19.96 20.03 20.03 19.93 19.86 19.92 19.88
19.92 19.87 19.95 20.01 19.94 20.01 20.00 20.02 20.01 20.00 20.00 19.98 20.03 20.02 20.00 20.00 19.95 19.96 19.95 19.94 19.94 19.93 19.96 19.97 19.97 19.95 19.95 19.96 19.95 19.96 19.94 19.94 19.95 19.97 19.96 19.96 19.98 20.00 19.99 20.00 19.98 19.97 19.98 20.01 20.02 20.01 19.99 20.00 19.98 19.96 19.96 19.93 19.93 19.94 19.91 19.90 19.93 19.87 19.90 19.94 19.98 19.98 19.95 19.93 19.97 20.00 19.89 19.93 19.92 19.87 19.97 20.01 19.91 19.87 19.86 19.86 19.86
19.51 19.80 20.01 19.80 19.92 20.00 19.95 19.98 19.98 19.97 19.95 19.97 19.97 19.97 19.96 19.97 19.95 19.95 19.92 19.93 19.93 19.92 19.93 19.94 19.94 19.94 19.92 19.94 19.94 19.95 19.94 19.94 19.94 19.96 19.96 19.96 19.95 19.97 19.96 19.91 19.96 20.00 20.00 19.99 19.97 19.98 19.97 19.97 19.96 19.94 19.93 19.92 19.90 19.91 19.87 19.87 19.86 19.89 19.91 19.93 19.91 19.93 19.99 19.95 19.84 19.89 19.91 19.92 19.91 19.78 19.88 19.96 19.89 19.89 19.90 19.91 19.87
19.37 19.75 19.84 19.85 19.90 19.96 19.96 19.98 19.97 19.95 19.94 19.93 19.92 19.94 19.93 19.94 19.91 19.92 19.91 19.93 19.91 19.91 19.93 19.92 19.90 19.89 19.92 19.92 19.91 19.93 19.92 19.92 19.93 19.94 19.93 19.94 19.94 19.93 19.94 19.90 19.94 19.97 19.97 19.99 19.97 19.96 19.96 19.94 19.92 19.91 19.90 19.91 19.88 19.88 19.86 19.83 19.85 19.85 19.89 19.92 19.94 19.88 19.94 19.89 19.83 19.89 19.98 19.93 19.84 19.82 19.89 20.03 19.97 19.85 19.88 19.85 19.80
19.26 19.40 19.64 19.87 19.79 19.90 19.98 19.91 19.93 19.91 19.91 19.95 19.95 19.93 19.93 19.92 19.94 19.92 19.91 19.89 19.88 19.90 19.91 19.90 19.88 19.87 19.90 19.90 19.89 19.89 19.90 19.93 19.93 19.93 19.92 19.92 19.92 19.91 19.90 19.93 19.95 19.97 19.95 19.94 19.97 19.96 19.95 19.92 19.92 19.92 19.91 19.92 19.91 19.88 19.87 19.82 19.87 19.87 19.88 19.88 19.89 19.84 19.92 19.87 19.85 19.89 19.91 19.93 19.90 19.87 19.93 19.98 20.02 19.95 19.92 19.79 19.77
19.44 19.18 19.53 19.75 19.86 19.91 19.97 19.94 19.91 19.92 19.91 19.90 19.93 19.93 19.94 19.91 19.92 19.90 19.88 19.89 19.90 19.89 19.88 19.90 19.86 19.87 19.88 19.88 19.88 19.85 19.89 19.91 19.91 19.89 19.89 19.90 19.88 19.89 19.84 19.83 19.88 19.90 19.89 19.94 19.96 19.91 19.91 19.90 19.91 19.91 19.90 19.88 19.86 19.84 19.86 19.80 19.85 19.83 19.84 19.85 19.83 19.86 19.87 19.87 19.89 19.86 19.86 19.81 19.81 19.87 19.90 19.90 19.95 19.97 19.95 19.80 19.80
18.86 18.65 19.65 19.78 19.85 19.88 19.88 19.83 19.86 19.88 19.88 19.86 19.89 19.93 19.91 19.87 19.89 19.87 19.86 19.87 19.87 19.87 19.88 19.86 19.86 19.87 19.84 19.80 19.83 19.85 19.85 19.87 19.87 19.87 19.88 19.87 19.86 19.85 19.85 19.84 19.86 19.87 19.86 19.86 19.92 19.89 19.86 19.86 19.85 19.86 19.88 19.86 19.80 19.78 19.81 19.78 19.82 19.84 19.88 19.89 19.88 19.86 19.84 19.82 19.86 19.80 19.89 19.86 19.86 19.89 19.83 19.95 19.93 19.97 19.92 19.83 19.89
18.87 19.31 19.23 19.62 19.75 19.71 19.76 19.87 19.87 19.89 19.88 19.86 19.88 19.86 19.90 19.88 19.89 19.88 19.87 19.86 19.87 19.89 19.89 19.85 19.83 19.82 19.84 19.86 19.85 19.85 19.85 19.84 19.83 19.83 19.84 19.85 19.86 19.86 19.85 19.85 19.84 19.81 19.81 19.82 19.85 19.83 19.82 19.83 19.84 19.82 19.83 19.82 19.81 19.79 19.78 19.83 19.79 19.82 19.84 19.86 19.85 19.82 19.84 19.82 19.87 19.78 19.85 19.84 19.86 19.88 19.89 19.93 19.92 19.97 19.92 19.91 19.89
18.38 19.00 18.77 19.30 19.72 19.58 19.65 19.83 19.80 19.86 19.83 19.84 19.81 19.82 19.85 19.84 19.82 19.85 19.81 19.80 19.84 19.83 19.82 19.78 19.77 19.80 19.83 19.84 19.85 19.83 19.83 19.82 19.80 19.80 19.82 19.81 19.83 19.83 19.83 19.82 19.82 19.79 19.80 19.82 19.80 19.82 19.83 19.81 19.84 19.81 19.79 19.78 19.73 19.73 19.82 19.86 19.81 19.78 19.80 19.85 19.88 19.82 19.79 19.82 19.83 19.87 19.86 19.85 19.83 19.87 19.89 19.88 19.92 19.90 19.91 19.91 19.90
18.83 18.08 18.70 19.15 19.52 19.49 19.61 19.76 19.66 19.86 19.71 19.75 19.73 19.74 19.80 19.81 19.80 19.81 19.77 19.77 19.77 19.77 19.79 19.79 19.78 19.76 19.78 19.80 19.79 19.80 19.79 19.79 19.78 19.79 19.80 19.79 19.79 19.79 19.80 19.81 19.80 19.78 19.77 19.78 19.76 19.77 19.77 19.76 19.80 19.79 19.80 19.79 19.74 19.78 19.85 19.83 19.80 19.78 19.79 19.82 19.84 19.81 19.77 19.76 19.80 19.83 19.81 19.85 19.94 19.95 19.87 19.83 19.84 19.87 19.94 19.89 19.83
18.12 18.10 18.83 18.85 19.09 19.36 19.24 19.62 19.57 19.78 19.66 19.75 19.72 19.71 19.79 19.79 19.75 19.78 19.79 19.76 19.75 19.74 19.73 19.73 19.74 19.76 19.76 19.76 19.77 19.77 19.79 19.78 19.76 19.78 19.78 19.77 19.77 19.77 19.75 19.76 19.77 19.76 19.71 19.72 19.74 19.77 19.77 19.77 19.80 19.78 19.77 19.80 19.79 19.71 19.77 19.73 19.76 19.79 19.81 19.81 19.83 19.82 19.78 19.73 19.76 19.81 19.83 19.84 19.86 19.88 19.86 19.80 19.78 19.81 19.89 19.89 19.80
18.65 17.55 18.83 18.62 18.61 19.04 19.15 19.22 19.51 19.64 19.47 19.75 19.68 19.75 19.71 19.74 19.74 19.78 19.77 19.74 19.71 19.69 19.69 19.69 19.73 19.75 19.74 19.72 19.70 19.70 19.72 19.74 19.73 19.72 19.74 19.77 19.77 19.76 19.74 19.72 19.71 19.74 19.74 19.72 19.72 19.75 19.75 19.77 19.75 19.80 19.77 19.76 19.76 19.73 19.75 19.75 19.76 19.74 19.76 19.79 19.79 19.81 19.79 19.77 19.76 19.75 19.78 19.83 19.86 19.86 19.80 19.76 19.73 19.79 19.87 19.90 19.94
18.13 17.86 18.56 18.64 18.27 18.82 19.11 19.13 19.18 19.30 19.29 19.70 19.70 19.71 19.61 19.77 19.77 19.74 19.73 19.71 19.71 19.70 19.69 19.70 19.71 19.73 19.74 19.72 19.69 19.68 19.71 19.67 19.67 19.68 19.71 19.72 19.74 19.72 19.75 19.71 19.72 19.72 19.75 19.73 19.70 19.72 19.74 19.74 19.68 19.68 19.74 19.72 19.72 19.70 19.75 19.72 19.71 19.74 19.71 19.73 19.73 19.75 19.77 19.74 19.73 19.71 19.73 19.74 19.71 19.77 19.72 19.71 19.79 19.78 19.82 19.90 19.90
18.55 18.13 18.19 18.35 18.00 18.30 18.89 18.96 18.78 19.36 19.29 19.48 19.36 19.68 19.73 19.60 19.70 19.70 19.67 19.71 19.67 19.68 19.67 19.67 19.66 19.65 19.69 19.71 19.70 19.69 19.67 19.68 19.64 19.67 19.66 19.68 19.70 19.71 19.72 19.72 19.73 19.71 19.71 19.70 19.68 19.69 19.70 19.70 19.69 19.69 19.72 19.73 19.67 19.70 19.74 19.72 19.69 19.68 19.69 19.71 19.69 19.65 19.71 19.71 19.69 19.69 19.69 19.70 19.70 19.74 19.72 19.77 19.82 19.81 19.78 19.81 19.86
17.82 17.69 17.57 18.01 17.92 18.15 19.08 18.87 18.72 18.46 19.10 19.26 19.37 19.68 19.68 19.69 19.63 19.66 19.65 19.70 19.63 19.63 19.65 19.63 19.62 19.61 19.64 19.65 19.67 19.68 19.64 19.67 19.67 19.66 19.65 19.65 19.64 19.67 19.68 19.70 19.70 19.66 19.69 19.69 19.66 19.66 19.69 19.66 19.69 19.69 19.69 19.66 19.64 19.68 19.66 19.67 19.67 19.62 19.64 19.66 19.67 19.66 19.67 19.67 19.66 19.66 19.66 19.64 19.65 19.79 19.87 19.91 19.92 19.82 19.75 19.75 19.78
17.20 17.64 16.88 17.83 17.92 17.75 18.79 18.71 18.48 18.21 18.87 19.08 19.33 19.58 19.54 19.51 19.61 19.59 19.58 19.63 19.55 19.60 19.59 19.59 19.58 19.58 19.61 19.65 19.63 19.64 19.62 19.63 19.63 19.66 19.64 19.64 19.62 19.63 19.65 19.66 19.66 19.65 19.67 19.67 19.68 19.66 19.66 19.63 19.65 19.65 19.65 19.65 19.64 19.64 19.65 19.63 19.63 19.64 19.63 19.64 19.65 19.65 19.66 19.66 19.64 19.65 19.63 19.62 19.64 19.67 19.76 19.74 19.78 19.77 19.73 19.73 19.73
16.87 17.19 16.50 16.75 18.00 18.17 18.66 18.23 18.59 18.48 18.75 19.16 19.14 19.22 19.36 19.48 19.43 19.60 19.57 19.56 19.56 19.54 19.54 19.59 19.57 19.53 19.56 19.61 19.62 19.63 19.60 19.58 19.61 19.58 19.58 19.59 19.57 19.60 19.60 19.64 19.63 19.64 19.66 19.66 19.65 19.66 19.63 19.62 19.60 19.62 19.65 19.61 19.65 19.60 19.63 19.62 19.62 19.61 19.63 19.63 19.62 19.65 19.66 19.66 19.66 19.66 19.63 19.66 19.66 19.67 19.69 19.66 19.56 19.64 19.63 19.66 19.67
16.88 16.73 15.94 16.36 17.47 17.94 17.93 17.54 18.49 18.64 18.60 19.14 18.94 19.48 19.47 19.40 19.46 19.55 19.44 19.62 19.60 19.53 19.54 19.52 19.52 19.51 19.53 19.54 19.55 19.54 19.50 19.53 19.58 19.56 19.55 19.54 19.55 19.60 19.59 19.59 19.60 19.61 19.61 19.59 19.60 19.62 19.63 19.63 19.61 19.61 19.65 19.59 19.57 19.57 19.59 19.60 19.59 19.63 19.68 19.63 19.59 19.62 19.61 19.64 19.66 19.62 19.61 19.59 19.64 19.65 19.66 19.63 19.56 19.63 19.67 19.64 19.65
16.78 17.12 16.03 15.66 17.49 17.36 18.03 17.37 17.94 18.50 18.55 19.01 19.12 19.29 19.43 19.25 19.17 19.30 19.46 19.49 19.52 19.53 19.52 19.55 19.51 19.55 19.46 19.48 19.50 19.51 19.52 19.54 19.51 19.50 19.54 19.52 19.53 19.55 19.56 19.57 19.60 19.57 19.61 19.57 19.57 19.56 19.59 19.59 19.60 19.57 19.58 19.56 19.58 19.59 19.57 19.60 19.57 19.55 19.59 19.60 19.56 19.57 19.59 19.63 19.59 19.58 19.59 19.58 19.58 19.60 19.62 19.62 19.62 19.66 19.65 19.65 19.64
17.08 17.42 16.03 16.50 17.00 17.64 17.92 17.08 17.82 17.97 19.03 18.69 19.08 19.10 18.96 19.28 19.19 19.28 19.39 19.46 19.47 19.50 19.51 19.50 19.51 19.51 19.48 19.46 19.43 19.48 19.49 19.48 19.48 19.49 19.48 19.51 19.48 19.51 19.53 19.54 19.54 19.53 19.54 19.56 19.54 19.53 19.52 19.53 19.55 19.53 19.50 19.39 19.54 19.54 19.54 19.58 19.59 19.54 19.52 19.54 19.51 19.49 19.52 19.57 19.56 19.55 19.54 19.54 19.52 19.54 19.58 19.59 19.63 19.65 19.68 19.65 19.59
17.09 17.25 17.02 16.88 16.87 17.04 16.96 16.73 17.23 18.52 18.53 18.93 18.77 18.74 19.36 19.16 19.12 19.33 19.27 19.47 19.43 19.47 19.48 19.47 19.49 19.50 19.49 19.45 19.44 19.44 19.47 19.45 19.44 19.46 19.49 19.48 19.47 19.47 19.51 19.50 19.47 19.48 19.50 19.49 19.50 19.49 19.49 19.48 19.51 19.51 19.53 19.52 19.53 19.54 19.54 19.55 19.57 19.56 19.55 19.52 19.49 19.48 19.49 19.52 19.52 19.52 19.48 19.51 19.52 19.53 19.54 19.57 19.61 19.60 19.63 19.60 19.56
17.44 16.72 17.45 16.54 16.40 16.40 17.42 16.85 17.14 17.92 18.12 18.83 18.65 18.91 19.14 19.13 19.34 19.24 19.27 19.43 19.47 19.45 19.50 19.49 19.46 19.50 19.47 19.46 19.47 19.45 19.46 19.45 19.46 19.42 19.43 19.44 19.45 19.46 19.45 19.49 19.48 19.49 19.53 19.52 19.51 19.49 19.51 19.49 19.48 19.47 19.50 19.50 19.49 19.55 19.53 19.54 19.53 19.54 19.52 19.53 19.51 19.47 19.48 19.50 19.52 19.54 19.52 19.51 19.53 19.53 19.55 19.54 19.49 19.50 19.57 19.51 19.54
16.61 16.62 16.07 16.84 16.79 16.45 16.53 17.01 16.92 17.89 17.80 18.61 18.40 18.58 19.05 19.22 19.31 19.00 19.15 19.38 19.40 19.42 19.46 19.48 19.47 19.46 19.47 19.46 19.45 19.43 19.43 19.43 19.41 19.40 19.41 19.41 19.42 19.45 19.46 19.45 19.45 19.46 19.46 19.49 19.49 19.47 19.47 19.51 19.50 19.49 19.51 19.49 19.51 19.51 19.50 19.52 19.55 19.52 19.52 19.53 19.50 19.48 19.48 19.50 19.49 19.52 19.49 19.47 19.48 19.50 19.56 19.56 19.51 19.52 19.52 19.50 19.54
14.98 15.18 15.56 16.47 16.62 16.06 16.19 17.00 16.62 18.42 18.04 18.55 18.75 18.90 18.72 18.76 19.22 19.18 19.22 19.34 19.38 19.43 19.45 19.45 19.45 19.47 19.48 19.42 19.42 19.42 19.44 19.41 19.41 19.41 19.39 19.39 19.45 19.44 19.42 19.42 19.41 19.44 19.44 19.48 19.48 19.46 19.46 19.49 19.52 19.53 19.52 19.46 19.50 19.53 19.49 19.47 19.52 19.52 19.53 19.51 19.50 19.47 19.47 19.45 19.46 19.47 19.48 19.49 19.46 19.50 19.50 19.53 19.53 19.53 19.54 19.55 19.59
13.92 14.45 14.59 15.78 16.24 16.52 16.02 16.76 17.19 18.16 17.65 18.52 18.23 18.68 18.37 19.08 18.91 18.96 19.07 19.22 19.39 19.31 19.49 19.45 19.45 19.44 19.43 19.40 19.39 19.41 19.42 19.40 19.38 19.39 19.35 19.37 19.36 19.38 19.40 19.42 19.42 19.45 19.41 19.41 19.47 19.51 19.49 19.52 19.54 19.52 19.52 19.48 19.52 19.55 19.51 19.46 19.44 19.49 19.48 19.48 19.50 19.50 19.50 19.49 19.50 19.50 19.49 19.48 19.47 19.48 19.49 19.51 19.51 19.51 19.52 19.55 19.55
14.00 13.75 14.91 14.94 15.91 16.50 16.76 16.68 17.06 17.20 17.33 17.79 17.68 18.34 18.44 19.03 18.76 19.13 19.01 18.98 19.43 19.17 19.53 19.42 19.46 19.47 19.45 19.43 19.44 19.41 19.40 19.39 19.36 19.40 19.38 19.35 19.36 19.38 19.39 19.38 19.41 19.42 19.42 19.41 19.45 19.48 19.49 19.49 19.51 19.51 19.51 19.50 19.54 19.55 19.51 19.49 19.42 19.48 19.50 19.50 19.51 19.47 19.47 19.46 19.48 19.48 19.49 19.44 19.42 19.48 19.49 19.51 19.51 19.49 19.49 19.52 19.53
14.28 13.99 14.89 15.14 15.31 16.05 16.83 17.21 17.02 17.58 17.25 17.01 17.53 18.27 18.52 18.80 18.86 18.84 18.86 19.01 19.15 19.41 19.46 19.43 19.39 19.43 19.43 19.45 19.41 19.38 19.44 19.41 19.39 19.38 19.40 19.37 19.38 19.41 19.41 19.41 19.41 19.42 19.40 19.39 19.41 19.44 19.44 19.44 19.42 19.46 19.49 19.48 19.54 19.54 19.50 19.47 19.46 19.47 19.48 19.48 19.45 19.47 19.48 19.47 19.51 19.48 19.49 19.46 19.47 19.48 19.47 19.48 19.53 19.53 19.51 19.49 19.48
14.33 14.25 15.18 15.70 15.20 16.92 16.87 17.16 16.96 17.51 16.45 16.27 17.32 17.49 18.73 18.39 18.54 18.89 18.57 18.69 19.01 19.35 19.36 19.42 19.41 19.45 19.42 19.37 19.35 19.39 19.41 19.38 19.37 19.37 19.40 19.37 19.38 19.41 19.42 19.39 19.40 19.39 19.41 19.40 19.42 19.38 19.42 19.43 19.43 19.41 19.46 19.42 19.50 19.50 19.50 19.50 19.50 19.50 19.50 19.45 19.45 19.46 19.42 19.42 19.47 19.47 19.47 19.46 19.45 19.48 19.47 19.47 19.44 19.47 19.47 19.45 19.48
14.17 13.90 14.71 15.54 15.51 15.76 16.88 17.11 17.52 16.37 16.70 17.26 17.16 17.71 17.78 18.13 18.16 18.62 18.57 18.82 19.08 19.30 19.32 19.44 19.35 19.40 19.39 19.42 19.36 19.34 19.33 19.36 19.35 19.37 19.41 19.41 19.42 19.43 19.39 19.37 19.38 19.37 19.34 19.38 19.41 19.41 19.39 19.43 19.44 19.39 19.37 19.47 19.48 19.48 19.50 19.52 19.51 19.49 19.51 19.49 19.46 19.46 19.40 19.40 19.44 19.47 19.46 19.46 19.46 19.47 19.47 19.46 19.41 19.31 19.43 19.42 19.42
13.77 14.02 14.39 14.24 15.66 16.04 16.93 17.38 17.40 17.03 16.73 17.23 17.00 17.96 18.05 18.07 18.28 18.48 18.54 18.52 19.19 19.11 19.22 19.14 19.30 19.25 19.37 19.32 19.33 19.33 19.35 19.37 19.39 19.39 19.40 19.39 19.41 19.40 19.41 19.36 19.37 19.35 19.38 19.38 19.38 19.40 19.41 19.39 19.41 19.42 19.39 19.44 19.45 19.46 19.49 19.51 19.49 19.46 19.47 19.49 19.48 19.44 19.44 19.50 19.48 19.47 19.43 19.45 19.49 19.45 19.44 19.47 19.45 19.43 19.41 19.33 19.35
13.17 13.05 13.91 14.30 15.08 16.60 17.18 17.46 17.64 17.06 17.04 17.42 17.18 17.44 17.32 17.15 18.22 18.58 18.46 18.63 18.96 18.93 18.99 18.88 19.15 19.18 19.34 19.17 19.28 19.33 19.34 19.39 19.40 19.39 19.39 19.38 19.39 19.39 19.34 19.31 19.33 19.35 19.33 19.32 19.36 19.36 19.38 19.36 19.37 19.42 19.36 19.39 19.41 19.43 19.46 19.48 19.49 19.48 19.45 19.42 19.45 19.43 19.41 19.49 19.50 19.46 19.45 19.45 19.42 19.40 19.40 19.35 19.39 19.41 19.40 19.39 19.38
