main/data/irradiance/23.09.2023.grid
ncols 839
nrows 679
xllcenter 112.0500
yllcenter -43.9500
cellsize 0.0500
nodata_value 99999.90
[rows 272 to 305 of 679, columns 154 to 230 of 839]
24.39 24.43 24.34 24.41 24.42 24.34 24.37 24.30 24.05 24.20 24.08 24.22 24.03 24.12 24.22 24.17 23.83 23.86 23.64 23.71 23.57 21.31 22.66 23.80 23.66 23.99 24.37 23.51 24.02 24.00 24.03 23.78 24.00 23.53 23.70 24.03 23.74 23.48 23.98 23.78 23.81 24.03 24.24 24.32 24.30 24.28 24.26 24.16 24.32 24.25 24.33 24.36 24.37 24.31 24.34 24.35 24.32 24.30 24.24 24.30 23.12 22.80 22.89 23.87 24.30 24.11 24.36 24.36 24.12 24.34 24.32 24.34 24.36 24.36 24.33 24.34 24.33
24.31 24.37 24.35 24.50 24.45 24.21 24.09 24.27 24.18 23.91 23.94 24.04 24.07 23.74 24.03 24.12 24.03 23.73 23.72 23.44 23.51 22.09 23.07 22.81 23.91 24.16 24.27 23.97 23.75 23.81 23.62 23.91 24.08 24.14 23.39 24.16 23.46 24.22 23.50 23.39 24.18 24.11 24.26 24.29 24.32 24.28 24.25 24.17 24.31 24.30 24.26 24.29 24.35 24.26 24.34 24.32 24.15 24.29 24.31 24.38 24.33 23.80 24.23 24.30 24.24 24.37 24.22 24.30 24.27 24.25 24.33 24.35 24.37 24.33 24.32 24.31 24.31
24.26 24.31 24.36 24.32 24.39 24.24 24.13 24.03 24.15 24.18 23.95 24.27 23.85 23.75 23.74 24.00 23.92 23.93 23.71 23.32 23.49 22.15 23.48 23.62 23.59 23.58 24.06 24.04 24.08 22.97 23.16 23.80 23.95 23.66 23.97 23.96 23.38 23.63 23.99 23.76 24.16 23.94 24.22 24.36 24.30 23.97 24.16 24.24 24.35 24.30 24.23 24.29 24.33 24.27 24.08 24.26 24.30 24.31 24.38 24.35 24.30 24.26 24.23 24.24 24.31 24.33 24.29 24.26 24.25 24.26 24.30 24.30 24.31 24.33 24.30 24.30 24.36
24.28 24.32 24.35 24.28 24.21 24.09 24.09 24.17 24.03 24.11 24.22 24.14 24.13 23.79 24.01 24.09 23.85 24.03 23.94 23.83 23.53 22.96 22.65 23.61 23.52 23.84 23.62 24.00 23.72 23.10 22.99 23.74 23.70 23.78 23.90 23.77 23.95 23.95 23.98 24.05 24.08 24.08 24.12 24.25 24.33 24.22 24.04 24.24 24.22 24.31 24.29 24.28 24.36 24.36 24.03 24.04 24.17 24.27 24.35 24.33 24.28 24.25 24.19 24.22 24.27 24.30 24.31 24.27 24.29 24.27 24.33 24.32 24.30 24.30 24.22 24.30 24.33
24.23 24.23 24.27 24.19 24.17 24.15 24.00 24.10 24.08 24.23 24.09 24.23 24.27 24.16 24.08 23.88 23.49 24.07 23.92 23.95 23.41 23.12 22.64 23.78 23.39 23.53 23.47 24.16 22.87 23.52 23.82 23.62 23.60 23.60 23.84 23.69 24.18 24.15 23.10 24.15 23.80 24.01 24.28 24.13 24.34 24.33 24.26 24.17 24.21 24.32 24.26 24.28 24.14 24.32 23.84 24.16 24.09 24.34 24.33 24.37 24.33 24.27 24.25 24.27 24.24 24.28 24.34 24.24 24.15 24.07 24.13 24.27 24.31 24.32 24.33 24.28 24.30
24.08 24.09 24.16 24.16 24.14 24.20 24.15 24.14 24.14 24.19 24.24 24.18 24.22 24.18 23.90 23.75 23.52 23.69 23.98 23.94 23.60 22.45 22.89 23.62 23.98 23.64 23.79 23.83 23.64 23.22 23.90 23.56 23.37 23.64 24.03 23.62 23.88 23.85 23.78 24.17 23.12 23.84 24.26 24.07 24.30 24.22 24.29 24.33 24.04 24.39 24.28 24.28 24.27 24.18 24.24 24.35 24.39 24.31 24.31 24.34 24.34 24.29 24.30 24.25 24.26 24.24 24.31 24.20 24.24 24.24 24.23 24.24 24.23 24.26 24.28 24.25 24.28
23.91 24.13 24.13 24.10 24.10 24.07 24.09 23.95 24.12 23.98 24.27 24.25 24.12 24.19 24.09 23.87 23.79 23.80 23.79 23.36 23.90 23.19 23.39 24.09 23.23 23.37 23.33 23.92 23.49 23.27 23.90 23.76 23.77 23.56 23.60 23.65 23.81 23.45 23.55 23.75 23.65 23.88 24.23 24.04 23.95 24.14 23.98 24.32 24.30 24.37 24.08 24.28 24.30 24.29 23.83 24.19 24.38 24.30 24.31 24.31 24.29 24.30 24.30 24.26 24.22 24.28 24.27 24.24 24.24 24.21 24.21 24.22 24.23 24.24 24.21 24.23 24.22
23.97 23.97 23.87 23.79 23.73 24.14 23.96 23.98 24.09 23.69 23.77 24.21 24.21 24.14 24.14 24.05 23.97 23.86 23.82 23.50 23.79 23.22 23.28 23.88 23.89 23.16 23.43 23.49 23.54 23.74 24.04 23.46 23.65 23.15 23.51 23.78 23.94 23.40 23.62 24.01 23.89 23.56 24.04 23.84 24.14 24.11 24.05 24.31 24.35 24.35 23.99 24.33 24.20 24.00 24.36 24.07 24.24 24.20 24.26 24.33 24.26 24.26 24.30 24.21 24.17 24.22 24.18 24.24 24.26 24.24 24.22 24.26 24.29 24.23 24.17 24.22 24.19
23.95 23.65 23.83 23.69 24.01 24.02 24.08 23.92 24.02 24.14 24.22 23.71 23.92 24.19 24.20 23.76 23.95 24.07 24.24 23.75 23.54 23.23 23.47 23.86 24.11 23.39 23.80 23.09 23.95 23.78 24.07 23.70 23.50 23.45 23.97 23.83 23.80 23.99 24.05 23.72 23.75 23.89 23.79 24.14 24.07 24.10 24.17 24.25 23.95 24.26 24.30 24.33 24.34 24.21 24.30 24.30 24.17 23.82 24.30 24.33 24.33 24.29 24.33 24.34 24.30 24.25 24.26 24.21 24.17 24.18 24.12 24.18 24.24 24.24 24.25 24.28 24.23
23.86 23.88 23.70 23.97 24.05 24.05 23.95 24.18 24.23 24.20 24.19 23.88 24.08 24.18 24.29 24.23 24.21 24.13 24.07 23.61 23.22 23.09 23.74 24.20 24.00 23.91 23.58 23.31 23.80 23.13 24.02 24.11 23.75 24.04 23.95 23.81 24.05 23.74 23.24 24.01 24.12 23.70 23.74 24.16 24.01 24.00 23.87 24.13 24.19 24.22 24.18 24.21 24.14 24.25 24.31 24.34 24.17 24.02 23.84 24.24 24.29 24.23 24.28 24.24 24.20 24.24 24.20 24.19 24.10 24.18 24.18 24.16 24.21 24.25 24.27 24.28 24.23
23.83 23.76 24.16 24.08 24.03 24.10 24.16 24.23 24.23 24.19 24.18 24.28 24.12 24.09 24.25 24.27 24.26 24.23 24.14 24.06 23.22 23.36 23.76 24.00 24.07 23.75 23.09 22.91 23.43 23.67 24.05 24.00 23.98 23.95 24.20 23.70 23.64 24.12 23.48 24.29 23.99 23.68 23.98 24.10 23.97 23.88 23.87 23.46 23.92 24.04 24.07 24.22 24.20 24.19 24.16 24.06 23.90 24.10 24.14 24.21 24.21 24.16 24.16 24.16 24.16 24.24 24.23 24.22 24.15 24.23 24.25 24.18 24.16 24.18 24.16 24.15 24.17
23.75 23.82 23.99 23.98 23.94 23.96 23.84 24.18 24.14 24.17 24.20 24.21 24.11 23.98 24.00 24.13 24.21 24.09 24.11 24.04 23.48 23.28 23.73 24.10 24.16 23.92 23.13 23.37 23.67 23.73 23.57 23.64 23.50 23.86 23.93 23.89 23.91 23.99 23.70 23.63 24.31 23.82 23.48 23.61 23.62 24.12 24.02 23.57 24.03 23.85 24.16 23.87 24.20 24.06 24.15 24.18 24.07 24.11 24.19 24.13 24.13 24.15 24.22 24.20 24.28 24.29 24.28 24.28 24.14 24.12 24.12 24.14 24.13 24.11 24.12 24.15 24.19
23.38 23.74 23.50 23.90 23.50 23.72 23.94 24.04 24.21 24.10 24.19 24.19 24.21 24.14 23.88 24.07 24.13 24.08 23.86 23.96 23.88 23.63 23.54 23.99 23.99 23.69 22.87 23.07 23.41 23.49 24.07 23.58 23.65 24.19 23.45 24.10 23.67 23.64 24.02 24.01 23.93 23.68 23.80 24.01 24.00 23.94 23.84 23.85 24.08 23.94 23.92 23.95 24.03 24.18 23.65 24.08 23.90 24.08 23.87 24.02 24.24 24.18 24.21 24.15 24.25 24.23 24.20 24.16 24.11 24.09 24.12 24.10 24.11 24.13 24.17 24.16 24.15
23.63 23.91 23.76 23.37 23.84 23.89 23.91 24.17 24.11 24.09 24.20 24.20 24.15 24.17 24.15 24.06 24.24 23.98 23.79 23.37 23.89 23.05 23.60 23.62 24.00 23.91 23.67 22.49 22.67 23.33 23.31 23.69 23.85 23.74 23.61 24.00 23.85 23.49 23.85 23.52 23.75 24.26 23.69 23.60 23.55 23.40 24.09 23.99 23.99 23.72 23.91 24.06 23.95 24.12 23.96 24.02 23.82 23.66 23.62 24.19 24.23 24.24 24.21 24.17 24.15 24.16 24.13 24.16 24.06 24.10 24.17 24.10 24.17 24.03 23.92 24.08 24.04
23.80 23.87 23.60 23.83 24.08 24.08 24.14 24.18 24.17 24.20 24.10 24.15 24.14 24.17 24.10 24.05 23.99 24.23 24.00 23.71 23.79 23.10 23.48 23.47 23.96 23.89 23.88 23.51 22.68 23.81 22.88 23.91 23.70 23.47 23.19 23.73 23.70 24.07 23.91 23.46 24.08 24.26 23.46 23.38 23.89 24.01 23.80 24.03 23.43 23.04 23.62 24.08 23.68 23.83 23.91 23.78 23.81 24.02 23.55 23.96 24.10 24.16 24.28 24.27 24.09 24.09 24.08 24.10 24.06 24.15 24.02 23.86 24.03 24.14 24.10 24.12 24.03
23.95 23.83 23.87 23.84 23.79 24.11 24.18 24.07 24.14 24.18 24.16 23.93 24.10 24.01 24.12 23.91 23.62 24.02 24.00 23.97 23.68 23.47 23.82 23.23 23.86 23.95 24.01 23.90 23.37 23.78 23.01 23.37 24.03 23.05 23.63 23.81 23.84 24.02 23.83 23.74 23.56 24.27 23.94 24.22 24.05 23.81 23.27 24.05 23.90 23.63 23.56 24.00 23.72 23.76 23.80 23.90 23.95 23.75 23.74 23.94 24.10 24.07 24.10 24.10 24.02 24.08 24.04 23.90 24.04 23.97 23.99 23.99 24.00 24.00 24.11 24.04 24.02
23.87 23.58 23.74 23.87 23.77 24.04 24.15 24.15 24.12 24.14 24.23 24.18 24.06 23.98 24.07 23.99 24.06 23.79 24.11 23.98 23.92 23.55 23.40 22.95 23.89 24.05 24.11 24.01 23.76 23.32 23.63 23.85 24.16 22.98 23.37 23.69 23.62 23.53 23.85 23.69 23.84 23.90 23.75 23.72 24.12 23.47 23.42 23.92 24.07 23.97 23.81 23.33 23.88 23.92 23.93 23.63 23.76 23.65 23.74 23.32 24.05 24.10 24.08 24.07 24.06 24.08 24.06 23.83 24.06 24.11 23.98 24.06 24.08 24.12 24.01 24.08 23.96
23.91 24.00 23.75 23.58 23.89 23.83 24.17 24.09 24.07 24.14 24.17 24.18 24.16 24.14 24.05 24.01 23.97 23.88 23.96 23.88 23.75 23.48 23.30 23.90 24.02 23.66 24.20 24.06 23.75 23.12 23.27 23.74 23.61 23.66 23.48 23.05 23.45 23.44 24.06 23.83 23.86 23.36 23.29 23.59 23.78 23.55 23.67 23.25 23.48 24.05 23.61 23.27 24.05 23.63 23.41 23.38 23.47 23.37 23.70 24.00 23.89 23.96 24.03 23.97 24.03 23.98 23.89 24.07 24.12 24.06 24.08 24.09 24.05 24.04 23.92 23.98 23.96
23.64 23.65 23.66 23.72 23.88 23.90 24.01 23.88 23.97 23.84 24.04 24.02 24.10 23.82 23.91 23.98 23.99 23.98 24.12 23.86 23.91 23.73 22.89 23.31 23.63 24.14 24.02 24.00 23.57 23.43 23.10 23.69 23.75 23.92 22.63 23.19 23.18 23.57 23.74 23.70 23.94 23.26 23.86 23.47 23.79 24.13 23.86 23.52 23.36 23.74 23.50 23.76 23.81 23.62 23.69 23.76 23.67 23.71 23.59 23.47 23.45 23.82 23.91 23.88 23.91 23.82 23.92 23.96 23.89 24.00 24.12 24.06 24.02 23.94 23.87 23.94 23.85
23.70 23.51 23.63 23.44 23.53 23.72 23.84 23.59 24.03 23.99 23.67 23.94 23.88 24.07 23.90 24.07 23.78 23.86 23.89 23.97 23.63 23.67 23.59 23.53 23.78 23.78 24.14 24.20 23.95 24.00 23.65 22.93 23.70 23.69 23.00 22.38 22.81 23.26 23.89 24.10 24.03 23.77 23.75 23.45 23.93 23.21 23.99 23.55 23.16 23.51 23.28 23.47 23.59 23.43 23.86 23.95 23.67 23.41 23.52 23.42 23.68 23.70 23.57 23.88 23.88 23.80 23.92 23.87 23.88 24.04 24.05 24.07 24.07 24.02 23.94 23.90 23.95
23.19 23.61 23.66 23.69 23.43 23.67 23.63 23.90 23.96 23.63 23.95 23.86 23.99 24.03 24.13 24.09 24.19 23.92 23.55 23.63 23.72 23.97 23.30 23.64 23.32 23.56 24.12 23.93 24.14 23.68 22.87 22.37 23.77 23.72 22.92 22.23 22.30 23.77 23.95 23.47 23.79 23.52 23.36 23.65 23.69 24.05 24.05 23.40 23.45 23.94 22.99 23.69 23.67 22.81 23.89 23.85 23.77 23.78 23.53 23.21 23.77 23.37 23.96 23.65 23.90 24.18 23.98 23.87 23.98 23.92 23.89 24.03 23.95 23.77 23.90 23.85 23.59
23.51 23.74 23.81 23.70 23.62 23.65 23.65 23.89 23.80 23.84 23.85 23.84 24.14 24.17 24.14 24.01 24.09 24.09 23.47 23.43 23.65 23.86 23.69 23.37 23.61 23.86 23.71 24.05 24.08 24.01 23.92 23.45 23.74 23.21 23.22 22.71 23.44 22.92 23.13 23.19 23.85 23.92 24.07 23.95 23.08 23.88 23.67 23.09 23.37 23.76 23.35 23.67 23.59 23.28 23.92 23.61 23.74 23.75 23.55 23.81 22.90 22.78 23.84 23.85 23.96 24.17 23.82 23.93 23.50 23.63 23.70 23.93 23.94 23.85 23.91 23.99 23.81
23.36 23.81 23.84 23.71 23.71 23.77 23.73 23.86 23.83 23.82 23.72 24.04 24.16 24.10 24.12 24.10 24.04 24.02 23.69 23.59 24.02 23.62 23.79 23.64 23.72 23.23 23.38 23.86 24.19 24.08 24.02 23.82 23.19 22.56 23.66 23.03 23.04 22.73 23.06 23.16 23.51 23.91 23.81 23.66 23.67 23.52 23.01 22.69 23.50 23.37 23.76 23.61 23.37 23.03 23.30 23.82 23.87 23.39 23.19 23.05 23.05 23.23 23.71 23.86 23.97 23.76 23.65 23.22 23.06 23.80 23.80 24.00 23.88 24.00 24.00 23.85 23.80
23.75 23.92 23.99 24.01 23.86 23.85 23.75 23.61 23.73 23.84 23.71 23.55 23.93 23.98 23.65 24.14 24.09 23.98 23.91 23.70 23.69 23.57 23.61 23.86 23.78 23.25 23.99 23.93 23.99 24.06 24.04 23.83 23.38 23.80 23.68 23.02 22.46 21.52 22.94 23.33 23.22 23.49 23.88 23.70 23.92 23.25 23.59 23.38 23.70 23.61 23.48 23.68 23.60 23.71 23.19 23.62 23.50 22.86 23.29 23.58 22.89 23.44 23.85 23.84 23.59 23.65 23.07 23.07 23.54 23.95 24.02 24.02 23.94 23.98 23.80 23.94 23.75
23.86 23.90 23.80 23.87 23.81 23.74 23.92 23.98 23.78 23.69 23.87 23.81 23.79 23.78 23.85 23.98 23.99 23.87 23.94 23.69 23.72 22.67 23.15 23.53 24.06 23.35 23.31 23.22 23.89 23.60 23.36 23.67 23.83 23.72 22.87 22.06 23.20 22.69 21.79 22.87 23.01 23.37 23.94 23.52 23.64 23.35 22.42 23.48 23.58 23.28 23.28 23.36 23.21 23.90 23.78 23.83 23.65 23.33 23.44 22.52 22.99 23.16 23.35 22.85 23.46 23.69 23.25 22.89 23.77 24.03 23.94 23.91 23.90 23.96 23.82 23.89 23.91
23.60 23.77 23.76 23.94 24.01 23.74 23.89 23.90 23.83 23.69 23.68 23.55 23.68 23.77 23.66 23.91 23.98 23.73 24.02 23.97 23.81 23.02 22.93 22.94 23.74 23.60 23.18 23.70 23.67 23.52 23.13 23.68 24.02 23.62 22.98 23.05 22.34 22.04 21.67 22.61 22.31 23.64 23.55 23.32 23.75 23.82 23.01 23.51 23.38 23.17 23.14 23.57 22.74 23.87 23.80 22.72 23.12 23.56 23.69 22.19 23.47 23.05 23.21 23.02 23.67 22.86 23.34 23.09 23.69 23.99 23.48 23.75 23.88 23.90 23.78 23.82 23.82
23.94 23.91 23.94 23.96 24.04 23.62 23.79 23.71 23.35 23.30 23.77 23.79 23.74 23.72 23.36 23.82 23.78 23.63 23.74 24.04 23.57 23.54 23.11 23.20 23.40 23.75 23.70 23.47 22.68 23.48 23.73 23.87 23.86 23.46 22.78 22.89 22.59 21.39 20.67 22.01 23.22 23.17 23.65 23.68 23.68 23.60 23.42 23.71 23.76 22.82 23.45 23.35 22.87 23.49 23.15 23.24 23.26 23.91 23.61 22.94 23.03 22.92 23.17 23.43 23.54 23.32 23.39 23.15 23.16 23.78 23.75 23.86 23.81 23.65 23.85 23.56 23.78
23.82 23.88 23.62 23.71 23.64 23.15 23.18 22.58 23.31 23.41 23.90 24.03 23.92 23.54 23.51 23.83 23.75 23.80 24.01 23.94 23.63 23.28 23.74 23.57 23.33 23.71 23.44 23.35 23.18 23.44 23.91 23.37 23.27 22.75 22.68 22.97 23.49 23.01 21.77 21.38 22.71 22.54 22.98 23.27 23.54 22.98 23.51 23.69 22.80 23.12 23.20 23.50 22.81 23.33 23.49 22.97 23.10 23.87 23.32 23.46 21.77 22.41 23.16 23.40 22.78 23.06 23.20 22.95 23.31 23.80 23.60 23.66 23.71 23.71 23.88 23.57 23.73
23.82 23.69 23.39 23.11 23.43 23.44 23.04 23.50 23.77 23.87 24.02 23.89 24.02 23.98 23.66 23.76 23.77 23.93 23.80 23.81 23.93 23.55 23.76 23.80 23.70 23.25 23.77 24.01 23.33 23.41 23.52 22.75 23.44 23.28 23.08 22.39 22.81 23.17 21.48 21.45 22.08 22.31 22.80 23.00 23.56 23.18 23.58 23.68 22.90 23.32 22.36 23.07 22.38 22.61 23.14 23.61 23.15 23.52 22.88 22.90 21.73 23.28 23.38 23.05 23.01 22.92 23.17 22.95 22.71 23.55 23.73 23.63 23.74 23.67 23.83 23.78 23.36
23.57 23.83 23.30 23.44 22.82 23.54 23.74 24.00 23.57 23.72 23.75 23.75 23.75 23.55 23.93 23.92 23.98 23.92 23.62 23.66 23.58 23.30 23.95 23.85 23.64 23.57 23.59 23.70 23.23 23.22 23.18 23.13 23.31 23.40 23.35 22.69 22.94 22.94 22.87 21.08 21.94 22.75 22.93 23.11 22.58 23.03 23.31 23.38 23.31 23.57 23.01 22.87 21.67 21.66 22.99 23.58 23.27 23.38 22.84 22.75 21.82 22.37 23.02 22.73 22.30 23.36 23.19 23.15 23.21 23.14 23.05 23.25 23.58 23.82 23.70 23.66 23.41
23.21 23.43 23.31 23.30 23.46 23.50 23.96 23.86 23.74 23.74 23.58 23.47 23.61 23.36 23.87 23.79 23.61 23.65 23.55 23.64 23.51 23.36 23.76 23.81 23.73 23.59 23.50 22.92 23.20 23.23 23.10 22.47 22.47 23.37 23.04 22.85 22.62 22.00 23.59 21.39 21.30 22.14 22.54 22.32 23.57 22.45 22.84 23.33 23.13 23.26 22.43 21.24 22.58 22.44 22.72 22.61 22.83 23.14 22.44 22.68 22.33 22.29 22.19 22.46 22.05 23.44 23.36 23.53 22.01 23.00 23.19 23.38 23.51 23.62 23.43 23.83 23.28
23.66 23.58 23.82 23.84 23.41 23.91 23.53 23.86 23.87 23.51 23.71 23.13 23.31 23.37 23.27 23.56 23.44 23.34 23.57 23.59 23.63 23.46 23.80 23.43 23.29 23.19 23.56 23.87 23.88 23.39 22.47 22.23 22.92 23.17 23.19 22.28 22.51 22.04 23.01 22.13 21.67 22.25 22.23 22.69 22.75 22.25 22.74 22.40 23.40 22.65 22.69 22.05 21.62 21.82 22.65 23.33 22.84 22.74 21.83 21.71 21.48 21.75 21.65 22.07 22.56 22.90 23.20 23.22 22.73 23.11 22.46 22.97 23.68 23.59 23.50 23.65 23.69
23.88 23.41 23.32 22.53 22.64 23.39 23.82 23.83 23.31 23.06 23.28 22.99 23.31 23.26 23.42 23.48 23.16 23.01 23.69 23.41 23.44 23.33 23.59 23.40 23.03 23.19 23.74 23.70 23.73 23.46 22.30 22.65 22.90 23.27 22.54 23.20 22.75 22.95 22.84 22.25 21.97 20.90 22.16 21.90 22.25 21.88 21.00 23.35 23.22 22.39 23.16 21.71 21.71 22.84 22.80 22.12 21.87 22.73 22.31 21.47 22.52 21.55 21.19 21.94 20.47 21.66 22.94 23.13 22.45 23.40 22.79 23.68 23.43 23.87 23.89 23.77 23.70
23.80 23.62 23.53 23.43 23.37 23.23 23.33 23.55 23.53 23.06 22.92 22.89 23.00 22.93 23.13 23.23 22.53 23.36 23.62 23.32 23.10 23.78 23.46 22.89 22.71 23.05 23.83 23.90 23.90 23.22 22.03 22.66 22.91 23.41 23.24 22.63 22.35 22.11 23.44 23.46 22.27 21.17 21.17 22.52 21.03 22.23 21.73 22.69 23.27 22.93 22.43 22.29 22.06 21.46 20.38 22.02 22.48 22.34 22.39 22.40 21.54 21.88 22.22 21.58 19.57 21.20 22.99 23.56 23.42 23.12 22.79 23.64 23.55 23.48 23.86 23.76 23.53
