main/data/irradiance/23.04.2023.grid
ncols 839
nrows 679
xllcenter 112.0500
yllcenter -43.9500
cellsize 0.0500
nodata_value 99999.90
[rows 476 to 509 of 679, columns 693 to 769 of 839]
15.47 15.48 15.46 15.48 15.47 15.45 15.39 15.49 15.46 15.42 15.46 15.46 15.46 15.43 15.26 15.32 15.35 15.35 15.37 15.48 15.50 15.50 15.50 15.49 15.42 15.51 15.51 15.49 15.37 15.43 15.35 15.27 15.41 15.39 15.40 15.38 15.40 15.50 15.48 15.49 15.48 15.50 15.50 15.48 15.49 15.47 15.46 15.35 15.26 15.19 15.09 15.05 14.50 14.28 13.33 13.04 13.53 14.17 14.10 13.54 12.85 12.71 12.36 11.44 10.90 10.94 8.44 8.27 9.10 10.15 9.75 10.32 9.98 8.92 8.17 7.97 8.37
15.42 15.45 15.45 15.46 15.47 15.47 15.46 15.43 15.44 15.43 15.46 15.45 15.43 15.44 15.13 15.24 15.13 15.41 15.45 15.45 15.47 15.47 15.38 15.39 15.28 15.34 15.39 15.44 15.46 15.43 15.43 15.44 15.41 15.38 15.35 15.42 15.45 15.46 15.45 15.48 15.47 15.46 15.47 15.47 15.47 15.44 15.40 15.39 15.27 15.04 15.15 14.96 14.59 14.28 13.75 13.81 13.62 13.91 13.53 13.16 12.44 12.39 11.90 11.43 10.99 10.20 8.98 9.02 8.47 8.76 9.21 9.39 9.20 8.60 7.27 7.61 8.88
15.41 15.41 15.45 15.44 15.43 15.45 15.44 15.42 15.37 15.40 15.41 15.39 15.35 15.15 15.25 15.15 14.92 15.24 15.29 15.34 15.31 15.40 15.42 15.42 15.26 15.30 15.34 15.41 15.43 15.45 15.42 15.42 15.44 15.46 15.44 15.44 15.45 15.43 15.43 15.43 15.44 15.45 15.44 15.43 15.42 15.34 15.40 15.42 15.38 15.17 15.07 15.07 15.25 14.69 14.63 14.60 14.82 14.41 13.93 12.99 12.21 12.17 11.86 10.77 10.08 9.20 9.88 9.52 8.51 8.02 7.76 8.83 8.78 9.11 8.60 9.08 8.41
15.41 15.44 15.43 15.43 15.42 15.43 15.42 15.42 15.40 15.39 15.40 15.42 15.26 15.40 15.33 15.29 15.19 15.22 15.37 15.30 15.42 15.42 15.42 15.35 15.41 15.39 15.30 15.24 15.37 15.43 15.43 15.43 15.44 15.46 15.45 15.44 15.44 15.42 15.34 15.32 15.28 15.37 15.41 15.41 15.40 15.34 15.12 15.12 15.08 15.00 15.06 15.13 15.23 14.91 14.85 15.00 14.75 14.37 13.87 12.60 11.81 11.68 11.68 10.92 10.80 10.97 10.33 9.16 8.47 8.07 8.24 8.79 9.14 9.53 9.35 7.89 7.59
15.37 15.40 15.44 15.44 15.41 15.41 15.41 15.39 15.37 15.41 15.40 15.40 15.40 15.33 15.34 15.30 15.02 15.34 15.38 15.40 15.41 15.37 15.22 15.40 15.40 15.40 15.39 15.39 15.40 15.42 15.42 15.43 15.33 15.43 15.44 15.39 15.41 15.34 15.30 15.34 15.40 15.38 15.37 15.12 15.23 15.17 15.17 14.77 15.00 15.11 15.16 15.00 14.86 14.71 14.78 14.49 14.30 14.27 13.88 13.17 12.08 11.94 12.18 12.04 10.61 10.77 10.18 10.12 9.35 9.11 9.10 8.35 8.53 9.41 8.78 7.81 8.04
15.41 15.40 15.41 15.41 15.38 15.38 15.40 15.38 15.37 15.39 15.39 15.40 15.39 15.38 15.32 15.37 15.35 15.36 15.35 15.35 15.40 15.39 15.35 15.34 15.38 15.39 15.38 15.37 15.35 15.39 15.39 15.34 15.40 15.40 15.40 15.33 15.36 15.33 15.34 15.34 15.38 15.37 15.36 15.30 15.15 15.15 14.86 14.75 14.99 14.94 14.70 14.32 13.83 14.40 14.45 15.04 14.99 14.34 13.60 12.85 12.56 11.83 11.48 10.46 10.18 9.58 9.86 10.04 9.26 9.32 9.51 10.10 9.85 9.61 8.87 8.01 7.94
15.38 15.37 15.37 15.39 15.36 15.36 15.37 15.39 15.38 15.36 15.36 15.39 15.37 15.37 15.34 15.36 15.35 15.37 15.34 15.36 15.35 15.27 15.36 15.37 15.37 15.38 15.37 15.37 15.36 15.35 15.28 15.33 15.36 15.38 15.36 15.30 15.34 15.33 15.34 15.21 15.35 15.36 15.35 15.36 15.28 15.22 15.18 14.96 14.64 14.93 14.84 14.38 14.14 14.39 14.11 14.27 14.40 13.93 11.82 11.47 11.70 11.18 11.01 11.20 10.31 8.98 9.45 8.30 8.30 8.40 8.52 8.26 9.08 8.13 8.10 7.44 7.13
15.34 15.36 15.35 15.37 15.35 15.32 15.34 15.35 15.36 15.36 15.35 15.33 15.35 15.35 15.34 15.34 15.29 15.33 15.32 15.35 15.34 15.34 15.35 15.34 15.34 15.35 15.36 15.36 15.34 15.34 15.34 15.34 15.34 15.33 15.32 15.30 15.23 15.31 15.25 15.19 15.32 15.35 15.34 15.32 15.18 15.30 15.26 15.14 14.99 15.03 15.15 14.41 14.14 13.70 12.63 12.93 12.96 12.91 11.35 12.18 12.30 12.17 11.53 11.56 10.32 9.67 8.49 6.98 7.02 7.33 7.23 7.37 8.25 8.48 8.71 8.77 8.72
15.29 15.30 15.30 15.31 15.33 15.32 15.33 15.34 15.33 15.30 15.33 15.33 15.32 15.30 15.32 15.31 15.29 15.31 15.32 15.31 15.31 15.34 15.32 15.34 15.32 15.32 15.34 15.33 15.32 15.32 15.32 15.31 15.32 15.31 15.27 15.30 15.24 15.33 15.31 15.31 15.30 15.31 15.29 15.29 15.27 15.14 15.06 14.95 15.10 15.26 15.03 14.55 14.28 13.34 12.34 12.77 13.11 12.04 11.35 12.12 11.80 11.98 11.38 10.02 9.12 8.70 8.05 6.61 6.49 6.80 6.96 7.96 8.37 7.51 7.09 7.42 7.87
15.24 15.28 15.30 15.31 15.27 15.27 15.28 15.31 15.31 15.30 15.30 15.29 15.30 15.30 15.30 15.29 15.30 15.30 15.28 15.29 15.30 15.31 15.28 15.31 15.31 15.30 15.30 15.30 15.30 15.30 15.29 15.29 15.28 15.16 15.06 15.19 15.21 15.30 15.29 15.30 15.28 15.20 15.16 15.23 15.14 14.95 15.00 14.58 14.77 15.08 15.12 14.81 14.70 13.78 13.02 12.67 12.54 11.75 10.82 10.93 11.67 10.64 9.71 9.01 7.99 7.96 7.69 6.67 6.45 6.65 6.90 7.20 7.11 6.90 6.15 5.77 6.88
15.27 15.28 15.27 15.28 15.26 15.21 15.25 15.29 15.29 15.28 15.28 15.26 15.27 15.26 15.26 15.26 15.28 15.28 15.26 15.27 15.29 15.30 15.28 15.25 15.17 15.26 15.27 15.29 15.29 15.28 15.28 15.26 15.24 15.26 15.26 15.25 15.27 15.27 15.26 15.23 15.14 15.14 15.10 15.14 15.06 14.84 14.79 14.49 14.57 15.14 14.91 14.96 14.13 13.53 12.87 12.29 12.50 12.02 11.78 12.13 11.26 10.43 9.63 9.05 8.57 8.00 7.48 7.25 7.16 7.42 8.16 7.54 7.07 7.26 6.03 5.98 7.02
15.26 15.25 15.26 15.24 15.25 15.26 15.27 15.26 15.26 15.27 15.27 15.27 15.26 15.26 15.23 15.23 15.21 15.25 15.27 15.18 15.27 15.27 15.16 15.17 15.25 15.24 15.26 15.28 15.28 15.26 15.26 15.23 15.24 15.25 15.24 15.23 15.21 15.24 15.23 15.24 15.06 15.11 15.26 15.14 14.88 14.68 13.83 14.72 13.95 14.49 14.65 14.08 14.27 13.11 13.03 12.92 12.94 12.00 11.97 11.70 11.26 10.38 9.69 9.37 8.28 8.76 7.83 8.60 8.58 8.40 7.45 6.60 6.80 6.39 6.35 6.41 5.93
15.23 15.23 15.24 15.24 15.23 15.21 15.25 15.25 15.18 15.25 15.25 15.25 15.24 15.22 15.20 15.21 15.23 15.23 15.23 15.24 15.24 15.22 15.24 15.22 15.23 15.23 15.24 15.26 15.25 15.24 15.22 15.21 15.22 15.19 15.23 15.24 15.19 15.19 15.11 15.17 15.13 15.02 15.09 14.98 14.94 14.53 14.13 13.75 14.19 14.46 14.39 14.30 13.81 12.70 12.61 12.18 12.00 11.99 11.39 11.31 11.58 11.79 10.51 9.32 8.88 9.59 9.09 9.02 7.86 7.45 6.42 6.00 6.08 6.01 5.71 5.63 5.31
15.17 15.24 15.19 15.22 15.22 15.20 15.21 15.23 15.21 15.21 15.21 15.22 15.22 15.21 15.16 15.19 15.21 15.21 15.22 15.22 15.19 15.19 15.19 15.22 15.21 15.21 15.20 15.21 15.22 15.21 15.20 15.19 15.21 15.09 15.20 15.22 15.21 15.21 15.18 15.06 14.98 15.10 15.07 15.01 14.98 14.49 13.95 13.53 13.62 14.07 14.52 14.77 13.72 13.36 12.79 12.14 12.27 11.88 12.00 11.07 10.85 11.33 10.66 10.30 9.38 9.71 9.72 8.56 8.17 6.64 5.97 6.14 6.08 5.71 5.11 4.83 5.04
15.12 15.16 15.19 15.20 15.19 15.21 15.20 15.21 15.20 15.19 15.19 15.20 15.21 15.17 15.15 15.16 15.20 15.21 15.20 15.20 15.16 15.13 15.15 15.21 15.21 15.20 15.17 15.17 15.20 15.19 15.18 15.18 15.19 15.08 15.14 15.20 15.19 15.16 15.17 15.01 14.88 15.03 14.99 14.78 14.78 14.59 13.62 13.11 13.92 13.99 14.66 14.51 13.74 13.51 12.67 11.81 11.71 11.74 11.02 10.59 10.75 10.89 9.06 9.17 8.71 9.07 8.96 8.16 7.70 6.49 6.00 5.69 6.26 5.58 5.39 5.52 5.37
15.15 15.18 15.17 15.12 15.18 15.18 15.18 15.18 15.15 15.17 15.17 15.19 15.17 15.17 15.18 15.19 15.19 15.19 15.18 15.18 15.15 15.17 15.18 15.17 15.18 15.17 15.16 15.17 15.18 15.17 15.16 15.16 15.17 15.17 15.18 15.17 15.17 15.16 15.17 15.10 14.88 14.77 14.96 14.97 14.68 14.49 13.62 13.35 13.75 14.05 14.26 13.82 13.95 13.57 12.23 11.65 10.79 11.30 11.56 11.81 11.08 11.08 11.02 10.52 9.36 8.80 8.27 8.77 7.44 6.38 6.65 6.87 6.07 5.52 4.60 4.26 4.74
15.15 15.16 15.15 15.14 15.15 15.14 15.16 15.14 15.13 15.16 15.16 15.17 15.16 15.16 15.16 15.16 15.15 15.17 15.16 15.18 15.17 15.17 15.17 15.15 15.15 15.14 15.12 15.13 15.16 15.16 15.14 15.15 15.14 15.14 15.14 15.07 15.08 15.14 14.77 14.82 14.73 14.30 14.74 14.86 14.40 14.10 13.07 13.40 13.71 14.10 14.88 14.50 14.36 13.27 12.50 12.03 11.32 11.90 11.37 11.00 10.54 10.61 10.44 10.22 8.96 8.13 7.39 7.29 6.20 6.10 6.45 5.84 5.56 4.74 4.33 4.18 3.55
15.12 15.14 15.13 15.13 15.12 15.12 15.11 15.13 15.14 15.14 15.13 15.14 15.14 15.14 15.14 15.13 15.14 15.13 15.14 15.15 15.15 15.15 15.15 15.10 15.10 15.12 15.09 15.12 15.14 15.14 15.13 15.12 15.12 15.12 15.12 15.11 15.11 15.11 14.76 14.35 14.29 14.01 14.08 14.43 14.25 13.86 13.39 13.28 13.41 13.63 13.70 14.32 14.38 13.84 13.53 12.91 12.32 11.61 11.25 9.95 10.07 10.02 9.86 8.80 8.46 7.56 7.48 6.46 6.10 5.87 6.24 6.03 4.77 4.02 3.72 4.44 4.01
15.09 15.10 15.11 15.11 15.11 15.10 15.09 15.11 15.12 15.11 15.11 15.11 15.11 15.12 15.11 15.11 15.10 15.10 15.11 15.11 15.13 15.13 15.12 15.09 15.06 15.08 15.08 15.10 15.11 15.11 15.09 15.09 15.10 15.10 15.09 15.10 15.10 15.06 15.01 14.70 14.29 13.88 13.54 13.55 13.78 13.64 13.75 13.43 13.48 13.96 13.89 14.09 14.08 14.24 13.50 12.76 11.82 11.38 10.80 10.61 10.20 9.36 8.10 9.41 9.01 7.74 8.02 7.30 6.19 6.07 6.10 5.87 4.96 4.08 4.00 4.29 4.04
15.03 15.06 15.06 15.09 15.08 15.09 15.09 15.07 15.08 15.09 15.07 15.09 15.09 15.08 15.07 15.09 15.09 15.08 15.09 15.09 15.10 15.10 15.10 15.08 15.01 14.98 14.97 15.07 15.09 15.09 15.08 15.07 15.07 15.07 15.05 15.06 15.07 15.03 14.83 14.82 14.40 13.29 13.06 13.17 12.86 13.23 13.79 13.08 13.44 13.46 13.61 13.24 13.21 13.47 13.32 12.63 12.80 11.47 10.46 9.76 9.01 9.68 9.49 8.86 9.15 7.10 6.62 6.20 5.34 6.64 6.59 6.05 4.73 4.37 3.98 3.32 3.39
15.04 15.05 15.03 15.05 15.01 15.02 15.06 15.06 15.04 15.06 15.06 15.07 15.07 15.06 15.06 15.06 15.07 15.06 15.07 15.07 15.06 15.06 15.07 15.08 15.02 14.99 15.02 15.05 15.06 15.06 15.05 15.05 15.04 15.00 15.05 15.05 15.05 15.03 14.99 14.68 14.81 13.40 13.07 13.30 12.85 13.24 13.20 13.14 12.73 13.09 13.48 13.14 13.38 13.20 12.86 12.23 12.02 10.77 9.78 10.33 10.31 9.81 8.02 7.63 7.06 7.12 7.46 5.87 5.32 6.92 6.44 4.85 4.09 3.96 4.06 4.23 3.67
15.03 15.02 15.01 15.00 14.99 15.00 15.03 15.03 15.03 15.03 15.03 15.04 15.04 15.05 15.05 15.06 15.04 15.05 15.03 15.04 15.04 15.04 15.03 15.05 15.04 15.02 14.97 15.02 15.03 15.02 15.02 15.01 15.01 15.02 15.00 15.02 15.01 15.02 15.00 14.98 14.86 13.40 13.55 12.71 12.84 13.14 13.15 13.52 12.94 12.83 12.84 13.21 12.77 13.33 12.94 12.29 11.54 10.16 10.23 9.59 9.46 9.54 8.41 7.99 8.16 8.20 8.38 7.87 6.05 6.91 6.36 4.75 4.81 4.97 5.23 4.63 3.51
14.99 14.99 15.01 15.00 14.99 14.98 14.97 15.01 15.01 15.00 15.00 15.00 15.01 15.02 15.03 15.02 15.02 15.04 15.03 15.01 15.01 15.02 15.01 15.01 15.00 14.99 14.87 14.95 14.99 14.99 15.01 14.99 14.98 15.00 14.99 14.95 14.95 14.79 14.92 14.84 14.86 14.54 13.55 13.83 12.85 12.82 12.76 13.01 12.76 13.05 12.90 13.24 13.21 12.96 12.05 11.55 11.35 10.50 9.71 9.95 9.84 9.26 8.50 8.00 7.82 7.55 7.05 7.19 6.77 6.17 5.18 6.11 5.27 5.86 5.79 5.16 3.80
14.98 14.97 14.97 14.96 14.96 14.95 14.93 14.97 14.98 14.99 14.99 14.97 14.98 14.97 14.99 14.99 14.99 15.00 14.99 14.99 14.98 14.98 14.98 14.98 14.97 14.96 14.95 14.94 14.97 14.98 14.97 14.96 14.98 14.97 14.97 14.95 14.91 14.89 14.92 14.84 14.82 14.54 14.54 14.03 13.57 13.40 12.77 13.01 13.41 13.23 13.11 13.11 13.28 13.63 12.60 12.12 11.40 11.03 8.95 8.93 10.12 9.49 8.95 7.81 7.25 6.97 6.87 7.00 6.37 5.84 4.89 5.22 5.81 6.42 5.87 5.77 4.15
14.95 14.97 14.96 14.95 14.94 14.95 14.93 14.91 14.91 14.93 14.96 14.96 14.96 14.93 14.96 14.96 14.97 14.97 14.96 14.95 14.95 14.95 14.95 14.94 14.95 14.95 14.97 14.97 14.95 14.95 14.94 14.95 14.95 14.87 14.93 14.90 14.86 14.88 14.74 14.74 14.80 14.47 14.19 13.96 14.12 14.06 13.76 13.94 13.36 13.43 12.97 13.69 14.14 14.37 13.42 12.04 11.42 11.52 10.58 11.14 10.61 9.98 9.55 8.37 8.29 6.90 6.89 6.74 5.79 6.36 5.69 5.42 5.55 5.31 5.25 5.20 4.47
14.92 14.91 14.92 14.93 14.91 14.93 14.92 14.93 14.93 14.92 14.88 14.89 14.87 14.90 14.91 14.91 14.92 14.92 14.92 14.90 14.89 14.88 14.90 14.91 14.91 14.91 14.92 14.93 14.92 14.90 14.88 14.86 14.83 14.73 14.91 14.91 14.86 14.75 14.25 14.51 14.74 14.26 13.47 14.20 13.74 13.62 14.16 13.98 13.67 13.47 13.79 14.06 14.30 14.18 13.51 11.77 11.38 10.96 10.59 10.09 10.36 10.14 9.01 8.86 8.49 8.91 8.12 6.10 5.53 4.85 5.17 5.45 4.46 4.57 4.44 3.69 3.18
14.92 14.90 14.91 14.91 14.90 14.80 14.79 14.88 14.89 14.89 14.88 14.85 14.81 14.80 14.85 14.89 14.90 14.88 14.88 14.88 14.88 14.87 14.89 14.89 14.89 14.90 14.89 14.89 14.89 14.84 14.77 14.80 14.80 14.70 14.80 14.87 14.83 14.79 14.53 14.58 14.76 13.88 12.85 13.33 13.29 13.11 13.73 14.14 13.72 13.17 13.69 13.48 13.43 13.70 13.27 12.38 11.54 11.12 10.44 10.80 10.75 9.62 9.64 8.76 8.91 8.35 8.53 6.75 5.30 4.34 4.63 4.37 4.55 4.71 5.26 5.71 5.29
14.86 14.89 14.90 14.89 14.89 14.75 14.80 14.81 14.88 14.89 14.80 14.88 14.84 14.73 14.82 14.87 14.87 14.86 14.87 14.88 14.87 14.87 14.87 14.87 14.85 14.84 14.85 14.86 14.86 14.84 14.67 14.59 14.26 14.75 14.60 14.73 14.72 14.74 14.48 14.38 14.09 14.21 12.35 12.26 12.68 12.56 13.46 13.58 13.53 13.05 13.05 12.57 12.58 13.64 12.62 11.49 11.00 10.66 10.16 10.13 10.89 10.20 10.53 9.26 8.83 9.21 9.27 7.90 5.44 4.28 3.46 2.75 3.41 3.16 4.18 5.56 5.35
14.87 14.87 14.88 14.87 14.87 14.87 14.88 14.85 14.85 14.85 14.86 14.84 14.85 14.68 14.68 14.80 14.84 14.84 14.84 14.84 14.85 14.85 14.84 14.77 14.81 14.84 14.82 14.83 14.82 14.80 14.68 14.66 14.46 14.18 14.26 14.26 14.55 14.58 14.15 14.09 13.95 13.90 12.54 11.96 12.23 12.24 12.63 13.08 12.67 13.16 12.96 12.51 12.91 13.23 12.25 12.07 11.87 10.86 10.32 9.61 9.89 9.63 10.46 9.98 10.00 9.78 9.12 7.04 3.41 3.10 2.32 3.02 3.79 5.06 4.72 4.51 5.46
14.84 14.86 14.85 14.84 14.84 14.85 14.84 14.84 14.79 14.81 14.84 14.84 14.68 14.64 14.72 14.78 14.82 14.69 14.75 14.79 14.81 14.82 14.82 14.76 14.79 14.82 14.81 14.76 14.75 14.77 14.76 14.67 14.64 14.22 13.86 13.92 14.43 14.47 14.55 14.01 14.15 14.14 12.91 11.89 11.77 11.92 12.42 12.45 13.05 13.02 12.97 12.04 12.27 12.50 12.39 12.43 12.25 11.27 10.84 10.02 10.05 9.81 9.08 10.02 10.21 9.96 7.73 4.79 2.56 2.44 2.78 3.84 3.69 4.38 5.51 4.86 5.46
14.82 14.82 14.84 14.83 14.83 14.81 14.83 14.82 14.83 14.81 14.82 14.81 14.75 14.61 14.73 14.79 14.75 14.67 14.76 14.78 14.75 14.79 14.78 14.74 14.77 14.79 14.80 14.77 14.66 14.70 14.70 14.68 14.62 14.64 14.09 14.11 14.09 14.32 14.54 14.07 13.92 14.22 13.31 11.91 11.74 11.97 12.18 12.04 11.65 12.08 13.11 11.93 12.90 12.57 12.46 11.94 12.41 11.31 10.99 9.86 9.33 10.24 10.59 10.51 9.11 8.93 7.06 4.40 3.11 3.64 3.58 3.90 4.50 5.10 6.42 7.03 7.03
14.80 14.79 14.81 14.80 14.79 14.78 14.79 14.79 14.81 14.80 14.78 14.79 14.75 14.73 14.72 14.75 14.76 14.76 14.75 14.76 14.72 14.75 14.73 14.71 14.76 14.77 14.72 14.77 14.71 14.75 14.65 14.56 14.55 14.29 14.25 14.12 13.55 13.95 14.39 14.22 14.23 14.29 13.54 12.41 12.21 11.84 12.17 12.50 12.14 12.14 12.29 11.86 12.26 12.16 12.62 12.07 12.38 11.45 10.58 9.00 9.38 10.46 9.81 10.69 9.42 9.20 6.93 3.44 3.71 3.92 4.33 4.04 5.42 5.16 6.94 7.03 7.03
14.79 14.80 14.79 14.79 14.78 14.77 14.76 14.79 14.78 14.76 14.76 14.76 14.76 14.75 14.76 14.76 14.73 14.75 14.75 14.76 14.75 14.75 14.61 14.69 14.73 14.74 14.59 14.64 14.67 14.71 14.69 14.53 14.07 12.50 14.24 13.89 13.48 12.68 14.11 14.24 14.40 14.38 12.88 12.71 12.21 12.41 12.08 12.76 12.32 12.02 12.12 12.93 11.61 12.64 12.66 12.29 12.92 12.00 10.42 9.85 10.59 10.71 10.68 10.21 9.70 9.08 5.88 3.31 3.62 4.44 4.70 5.39 5.19 5.32 6.19 6.19 6.19
14.76 14.79 14.78 14.76 14.75 14.74 14.74 14.76 14.76 14.76 14.75 14.75 14.75 14.73 14.74 14.72 14.71 14.72 14.71 14.66 14.71 14.73 14.68 14.71 14.71 14.71 14.49 14.28 14.66 14.66 14.64 14.65 14.30 13.08 13.71 13.80 13.17 12.59 13.64 14.09 14.13 13.96 12.11 12.13 11.80 11.97 12.47 12.76 12.16 12.54 11.62 12.42 11.77 11.62 11.85 12.51 11.86 11.68 10.54 9.66 11.18 10.94 10.32 9.91 8.85 7.42 4.45 4.78 4.11 5.30 6.09 7.07 6.02 5.68 6.19 6.19 6.19
