main/data/irradiance/23.01.2023.grid
ncols 839
nrows 679
xllcenter 112.0500
yllcenter -43.9500
cellsize 0.0500
nodata_value 99999.90
[rows 170 to 203 of 679, columns 616 to 692 of 839]
29.46 29.60 29.51 28.99 29.21 28.60 28.84 28.52 29.25 29.20 26.69 28.08 29.06 29.13 27.94 28.93 28.98 29.37 29.08 29.26 28.47 29.33 29.30 29.50 29.46 29.16 28.57 29.59 29.08 29.43 29.65 29.08 29.19 29.36 29.19 29.31 28.69 28.60 28.36 28.77 28.78 28.78 28.07 28.11 27.82 28.54 28.16 28.02 26.80 26.61 26.10 25.98 26.05 26.38 26.84 27.10 26.88 25.17 24.25 23.81 24.35 23.54 23.25 25.73 27.31 23.16 22.50 25.16 26.21 27.50 27.50 27.50 27.50 27.50 27.50 27.50 27.50
29.49 29.09 29.29 29.07 28.81 29.26 28.82 28.88 28.55 28.17 27.61 28.24 28.01 27.80 28.67 27.90 28.60 28.81 29.17 29.48 29.28 29.38 29.29 29.64 29.67 29.68 29.64 29.46 29.61 29.61 29.63 29.58 29.45 29.48 29.29 29.37 29.08 29.10 28.82 28.56 28.48 28.32 28.09 27.48 27.88 27.65 28.49 27.49 26.92 27.37 26.70 26.46 26.01 26.96 26.32 26.49 25.31 25.63 25.93 25.31 25.04 25.45 26.04 27.08 27.31 24.52 25.30 26.45 25.49 27.46 27.46 27.46 27.46 27.46 27.46 27.46 27.46
29.49 29.68 28.69 28.46 29.02 29.34 27.87 29.17 29.55 28.44 27.96 27.01 28.13 28.62 27.94 28.26 28.54 29.08 29.40 29.51 29.51 29.57 29.52 29.67 29.67 29.67 29.66 29.67 29.68 29.67 29.67 29.57 29.59 29.54 29.45 28.90 29.07 28.80 28.78 28.76 28.40 28.80 27.57 27.50 27.58 27.08 25.90 25.92 26.09 25.96 25.92 26.05 25.75 25.54 26.14 26.20 26.01 25.89 26.44 25.74 24.50 24.65 26.71 27.85 28.40 26.79 27.42 26.00 26.43 27.99 27.99 27.99 27.99 27.99 27.99 27.99 27.99
29.43 29.18 29.35 28.93 28.67 29.31 28.23 28.73 28.48 29.54 29.14 28.60 27.72 27.79 28.20 29.39 29.58 29.56 29.59 29.44 29.48 29.58 29.66 29.44 29.59 29.67 29.66 29.67 29.67 29.60 29.45 29.58 29.43 29.53 29.17 29.50 28.87 28.79 28.84 28.55 28.72 28.95 28.46 28.45 26.56 26.44 25.43 25.87 26.22 25.81 25.51 25.60 25.48 25.82 25.36 25.81 26.38 25.98 26.32 26.20 25.37 23.64 26.96 27.88 27.96 27.44 28.34 28.93 29.18 27.99 27.99 27.99 27.99 27.99 27.99 27.99 27.99
29.09 28.60 28.30 28.42 28.11 28.33 28.38 28.28 28.31 28.64 28.36 28.34 28.21 28.73 29.35 28.80 29.21 29.07 29.53 29.04 29.19 29.12 28.24 29.24 29.36 29.20 29.50 29.69 29.48 29.28 29.38 29.13 29.24 28.93 28.78 28.80 28.64 28.78 28.28 28.59 28.81 28.81 28.32 27.40 26.69 27.00 25.75 26.20 26.47 25.85 25.50 25.44 25.81 26.74 26.94 26.14 25.84 25.81 26.18 26.39 23.57 23.93 27.30 27.62 28.46 28.70 28.33 28.60 29.20 29.20 29.20 27.99 27.99 27.99 27.99 27.99 27.99
28.30 27.90 28.60 28.17 28.46 28.12 28.73 28.62 28.28 26.21 28.14 29.36 28.38 27.80 28.44 28.89 28.80 29.42 29.66 29.45 29.17 28.53 28.85 28.83 28.87 28.77 29.23 29.11 28.51 29.01 28.31 28.66 28.59 28.89 28.53 28.47 28.15 28.44 28.17 27.51 28.07 27.80 26.75 27.17 27.25 26.83 25.61 26.40 26.09 25.33 24.94 25.80 25.36 25.70 27.19 27.17 26.95 27.56 27.24 25.47 23.15 24.36 26.24 26.49 27.43 28.06 28.63 28.62 28.89 28.89 28.89 28.89 28.89 27.99 29.19 29.19 29.10
26.94 28.47 27.55 28.05 27.10 28.23 28.35 29.03 29.27 28.07 27.62 28.01 27.88 28.03 28.42 28.35 28.29 29.09 29.23 29.38 29.34 29.05 29.06 28.78 28.55 28.82 28.99 29.51 28.93 29.28 28.96 28.25 28.83 29.03 28.34 28.41 28.02 28.69 28.54 27.38 26.95 26.70 26.98 26.62 26.63 27.25 25.94 26.47 26.51 27.19 27.43 26.73 26.43 26.78 26.93 28.12 27.81 27.13 26.28 25.54 25.64 25.45 26.31 27.39 28.16 28.34 28.34 28.67 28.89 28.89 28.89 29.29 29.29 29.19 29.19 29.10 29.10
26.54 28.10 27.55 27.68 26.87 27.80 28.57 28.14 28.17 28.15 27.95 28.56 27.49 28.54 28.39 27.98 28.98 29.30 29.36 29.59 29.39 28.88 29.20 28.54 29.08 29.33 29.42 29.01 29.07 29.22 28.95 28.96 28.91 28.61 28.75 28.56 28.97 28.17 27.45 28.19 27.45 28.45 27.93 27.64 26.88 27.00 27.57 27.20 27.14 27.18 27.40 27.14 26.53 27.74 27.93 27.90 27.64 27.60 27.69 27.79 27.24 27.03 25.87 25.35 26.55 25.89 27.35 28.73 28.11 28.11 29.29 29.29 29.19 29.19 29.10 29.10 29.03
27.11 26.70 25.71 27.70 28.49 28.51 27.68 28.33 28.80 27.64 27.64 28.80 27.14 27.27 27.30 28.16 28.42 29.11 29.30 29.48 29.16 29.31 29.31 28.98 28.52 28.89 28.63 28.54 29.03 28.58 28.69 28.78 28.87 28.72 28.67 29.21 28.12 28.33 28.32 28.46 28.64 28.34 28.44 28.59 28.18 27.11 26.96 27.76 27.77 27.94 27.92 28.16 27.73 27.55 28.19 28.45 28.17 27.96 27.49 27.89 27.81 27.14 26.75 26.03 25.98 25.66 26.36 25.94 28.01 29.29 29.29 29.19 29.19 29.10 29.10 29.03 29.03
27.55 25.65 26.99 26.52 27.25 28.48 27.52 28.01 27.86 28.12 28.93 27.47 27.66 28.04 29.10 28.51 28.98 28.89 28.75 28.56 29.28 28.54 28.88 28.39 28.20 28.79 29.22 28.90 29.01 29.19 29.27 29.25 29.37 29.43 29.50 29.44 29.30 28.95 28.58 28.69 28.81 28.55 28.10 28.40 28.01 28.29 27.43 27.35 27.23 28.19 28.00 27.80 27.70 27.11 28.10 28.25 28.81 28.47 27.10 27.14 26.02 25.39 24.63 25.71 26.97 27.15 25.78 25.69 27.56 29.12 29.19 29.19 29.10 29.10 29.03 29.03 28.65
28.03 26.65 27.17 27.10 28.24 27.51 27.99 27.94 27.05 28.11 28.15 27.24 26.89 27.91 28.03 27.81 28.13 28.25 28.85 29.13 28.59 28.43 28.89 28.46 28.89 28.82 29.42 29.24 29.43 29.48 29.39 29.46 29.52 29.44 29.51 29.63 29.18 29.22 28.62 28.26 28.33 28.15 28.00 27.42 27.55 26.99 26.23 26.33 27.26 27.17 26.67 27.22 27.54 27.23 26.44 26.44 27.56 25.72 25.55 25.97 25.57 26.74 27.46 27.36 27.50 27.97 26.60 25.40 25.89 27.44 27.86 29.10 29.10 29.03 29.03 28.69 28.65
26.54 27.17 25.37 27.18 27.81 26.98 26.28 26.98 27.06 27.49 26.30 28.36 28.20 26.86 28.30 28.17 27.62 27.11 28.58 28.36 29.18 29.55 29.39 29.08 28.84 28.76 29.13 29.24 28.79 29.12 28.85 28.88 29.08 29.22 29.21 28.86 28.92 28.63 28.79 28.18 28.31 27.67 26.82 26.90 27.46 26.49 25.93 25.63 24.90 25.37 23.32 25.06 24.89 25.61 25.87 25.70 23.77 22.39 26.01 26.83 27.74 27.60 26.70 26.48 27.48 27.76 26.08 27.70 26.43 26.03 26.32 28.26 29.03 29.03 28.69 28.65 28.65
27.27 27.34 25.90 27.68 26.84 26.94 27.64 27.29 26.87 27.56 26.11 27.31 28.27 27.08 28.00 28.63 26.98 28.71 29.37 29.14 29.21 28.92 29.24 29.58 29.45 28.72 29.18 28.92 28.99 29.24 28.99 28.91 28.94 28.99 28.78 29.06 28.89 28.73 28.60 28.45 28.72 27.54 27.08 27.41 26.95 25.76 24.79 25.56 25.99 24.53 24.39 25.18 23.38 25.76 26.87 25.53 25.27 26.33 27.67 28.16 27.35 25.49 26.84 27.04 27.69 27.49 26.25 27.67 26.94 25.72 25.69 23.81 27.77 28.69 28.69 28.65 28.65
27.55 28.38 27.48 28.32 25.67 26.78 26.67 28.16 27.39 26.81 27.81 27.82 29.55 28.35 28.51 27.62 28.96 29.16 28.80 28.58 28.59 28.96 29.48 29.49 29.21 29.04 29.13 29.21 29.31 29.36 29.29 29.30 29.17 29.05 28.99 28.74 28.75 28.27 28.56 28.05 27.92 27.14 27.29 27.71 27.25 25.45 24.56 25.02 23.95 24.05 25.02 24.62 25.46 25.33 24.73 23.53 25.40 25.80 25.07 24.72 25.07 25.45 26.92 26.97 27.56 26.93 26.07 24.82 24.54 26.75 26.22 24.49 27.59 28.20 28.70 28.65 28.65
26.52 27.40 28.24 28.20 27.89 26.74 26.46 28.04 24.99 26.20 28.16 27.96 28.24 28.23 27.58 28.88 29.04 28.71 28.70 29.39 29.05 28.35 28.81 29.62 29.71 29.48 29.62 29.51 29.51 29.16 29.14 29.09 29.35 29.55 29.60 29.65 29.51 29.09 29.18 28.68 28.37 28.44 27.48 26.62 26.75 26.54 24.91 24.65 26.34 26.09 26.85 26.42 25.64 24.39 24.90 26.43 25.75 26.06 25.61 25.15 25.93 25.74 25.69 25.55 26.13 25.34 25.28 26.35 27.62 27.49 26.89 25.68 26.21 28.00 28.20 28.89 29.04
28.28 28.21 27.27 28.18 27.48 26.92 27.10 28.08 27.73 27.45 27.38 28.27 26.99 27.78 28.32 28.88 28.66 27.99 28.94 29.44 29.08 29.41 29.65 29.75 29.74 29.67 29.42 29.55 29.25 29.19 28.89 29.38 28.85 29.04 29.48 29.08 28.62 28.79 28.58 27.92 27.96 27.55 26.88 25.82 26.62 25.49 26.31 26.57 26.56 26.54 25.89 25.86 24.98 25.36 24.86 25.01 24.61 25.00 24.74 26.20 26.46 26.06 25.32 26.32 25.91 25.79 27.30 27.81 27.74 28.02 26.93 25.26 25.45 27.05 27.75 28.56 28.65
27.71 27.85 28.25 27.77 28.57 27.99 27.57 27.10 27.34 26.84 25.46 28.60 26.76 27.68 27.96 27.45 28.17 27.87 28.54 29.35 29.49 29.54 29.65 29.73 29.62 29.28 29.21 29.03 29.08 27.90 27.29 27.28 28.13 28.53 27.58 28.09 28.06 28.07 27.24 26.16 27.71 26.96 27.22 27.58 27.15 26.59 27.11 27.98 26.41 24.26 26.40 27.10 25.18 25.36 23.77 23.91 25.92 26.72 27.00 27.84 26.96 27.57 27.62 28.26 27.26 27.63 28.10 27.97 26.67 25.94 26.08 25.81 25.74 27.27 26.52 26.78 27.73
28.11 27.88 28.79 28.13 29.14 28.09 27.85 26.75 27.72 27.12 25.34 27.66 27.01 28.09 28.32 28.17 28.17 27.69 27.26 27.81 28.23 29.01 28.93 29.42 29.18 28.80 29.39 28.51 28.12 27.90 27.83 27.44 27.12 27.11 27.47 28.06 27.52 27.09 27.07 27.36 27.98 25.77 26.93 27.54 28.09 27.46 27.69 26.61 26.77 27.26 26.87 25.35 23.78 24.18 24.87 26.43 26.54 27.15 27.19 27.41 27.38 27.61 27.55 26.77 27.00 27.38 26.46 26.91 26.40 26.86 27.40 27.58 26.57 24.85 24.31 25.04 26.21
28.25 27.38 27.78 28.88 29.22 28.75 27.70 27.36 26.01 26.98 26.67 27.24 27.48 27.96 28.10 27.87 28.04 25.75 25.26 25.28 26.12 26.75 28.35 28.46 28.77 28.97 28.87 28.91 29.13 28.67 26.91 27.81 28.50 28.86 28.10 28.30 28.09 27.68 28.10 27.74 27.93 27.90 28.59 27.75 28.06 27.57 25.53 26.02 27.01 25.86 25.06 25.45 26.61 27.15 27.65 27.26 26.51 25.20 26.38 27.23 27.45 27.54 26.41 26.31 25.28 25.15 25.69 26.35 27.02 27.93 28.23 27.53 26.93 24.80 22.59 24.04 25.40
27.82 26.79 26.96 28.51 28.77 29.15 27.76 25.80 26.05 26.02 26.40 27.48 27.33 25.18 27.70 27.29 25.05 22.47 22.61 22.32 24.25 25.30 26.50 26.19 28.80 28.26 28.07 27.86 28.86 28.54 28.03 28.65 28.90 28.83 28.84 29.13 28.29 27.34 28.00 28.02 28.03 28.19 28.33 27.81 27.65 27.75 26.79 27.41 26.57 26.48 27.00 27.04 26.80 27.06 27.38 27.09 27.14 27.07 26.32 27.16 26.32 27.27 27.49 26.84 25.44 25.99 27.19 27.39 27.48 27.22 25.93 26.22 24.80 24.55 22.50 25.68 27.09
27.34 27.59 27.86 26.94 28.23 28.50 26.70 25.44 26.58 25.78 24.90 25.95 26.77 25.03 25.35 25.94 22.74 20.11 21.35 21.30 22.92 23.73 25.19 26.09 28.59 27.51 28.17 28.23 28.53 28.95 29.24 29.08 29.04 29.23 29.19 28.24 28.23 27.65 27.92 28.00 28.12 28.60 28.66 28.33 27.60 27.73 27.08 26.51 27.12 26.76 27.63 27.94 27.26 25.96 26.70 26.54 26.36 26.27 27.54 26.59 26.67 26.57 26.24 25.51 26.57 27.36 26.69 26.87 27.43 27.19 26.09 26.25 26.12 25.94 24.54 22.98 23.89
26.00 27.93 27.46 27.10 28.51 27.95 27.41 27.83 25.97 24.19 24.09 23.80 24.11 23.68 22.70 23.96 21.28 19.81 20.03 20.62 20.47 22.30 23.03 25.03 26.52 27.16 27.95 28.28 29.18 29.39 28.99 28.97 28.82 28.97 28.00 28.73 28.14 28.26 27.97 27.15 27.92 28.55 27.59 27.17 27.95 27.26 27.22 28.02 27.91 27.80 28.14 27.40 26.84 26.73 26.42 25.88 25.57 26.34 25.94 25.60 25.96 26.54 25.21 26.18 26.49 25.63 26.70 25.88 25.66 25.21 26.31 25.76 25.89 25.48 23.60 23.33 22.04
27.87 27.35 27.35 27.70 28.42 27.57 26.86 26.18 25.40 24.47 24.09 22.76 23.01 22.63 23.01 24.95 23.37 20.49 20.46 20.49 19.54 22.45 22.41 25.04 27.32 28.02 28.78 28.91 28.59 28.85 28.55 28.52 28.50 28.35 28.49 29.07 28.14 28.37 28.13 28.35 28.20 28.82 28.02 27.97 27.41 28.65 27.85 27.42 27.78 28.34 27.57 27.24 27.66 27.47 26.47 27.29 27.14 26.93 26.43 25.76 26.27 26.08 24.71 26.20 26.31 25.42 25.87 25.73 26.05 24.25 24.50 23.10 22.76 26.45 23.92 24.77 23.94
27.29 27.30 26.36 27.05 26.57 25.67 25.34 24.54 25.05 24.30 24.84 22.87 23.26 21.96 23.41 21.54 20.66 20.53 20.79 19.04 20.13 21.00 25.83 27.11 28.33 29.14 29.00 29.03 29.23 29.09 28.52 29.16 28.98 29.15 28.71 28.84 28.37 27.96 28.55 28.11 28.43 28.67 28.60 28.83 28.23 28.03 27.78 27.44 27.99 28.00 27.57 27.68 28.31 28.15 27.38 27.11 27.51 27.14 26.13 26.55 25.80 25.94 26.04 26.76 25.93 25.42 25.98 25.65 26.08 23.07 24.25 22.89 24.08 25.36 25.40 25.66 26.59
27.11 26.94 27.65 27.60 26.14 25.97 23.39 25.71 25.22 25.53 26.17 25.25 23.21 21.97 24.40 20.97 20.70 24.12 23.18 22.44 23.76 26.59 27.86 28.80 29.29 29.12 29.35 29.72 29.52 29.58 29.35 28.91 28.87 28.74 28.87 28.57 28.14 28.57 28.59 28.22 28.50 28.19 28.70 28.26 28.02 27.59 27.77 27.98 27.45 27.64 27.73 27.39 27.69 27.24 28.09 27.11 26.57 27.21 27.02 26.68 26.85 27.10 27.16 25.55 26.24 27.45 27.38 25.63 24.24 25.78 25.60 24.93 25.67 26.56 26.37 27.49 27.63
27.49 26.13 26.93 27.59 25.97 24.92 24.07 24.32 25.26 26.37 25.07 23.72 24.43 22.80 20.46 20.68 21.23 21.93 24.86 24.62 25.66 27.91 28.70 27.13 28.52 29.65 29.48 29.13 29.09 29.26 29.26 29.26 29.24 29.01 28.91 28.60 28.26 28.56 28.72 28.06 28.21 27.60 27.80 28.41 28.08 28.44 28.12 27.68 27.26 28.27 27.68 28.14 28.25 27.79 27.21 27.54 27.44 26.76 27.85 28.03 28.44 27.12 26.11 26.27 26.88 26.70 25.51 25.54 27.34 26.41 26.04 25.90 27.00 28.02 28.52 28.69 28.62
28.16 27.92 27.66 27.22 27.23 26.56 26.04 25.80 24.51 26.57 22.69 23.16 21.65 23.52 19.18 21.79 22.22 22.81 24.05 26.38 26.04 27.18 27.10 27.54 28.78 27.70 27.41 28.87 29.31 29.31 29.53 28.90 29.34 29.01 28.19 28.23 26.85 26.57 27.73 27.84 27.31 27.57 28.10 28.64 28.61 28.51 27.37 27.75 27.95 26.97 27.11 27.99 27.52 26.82 26.98 27.51 27.41 27.27 27.20 27.05 26.67 27.69 27.70 26.52 26.48 26.13 24.90 26.46 27.42 27.85 27.49 28.48 28.33 28.82 28.61 28.75 28.27
29.24 28.58 28.79 28.63 28.37 27.11 27.53 28.11 26.28 25.86 25.68 25.88 23.19 22.89 22.82 22.37 20.91 23.27 24.18 25.14 27.13 27.23 26.34 27.76 27.69 25.49 25.56 28.02 29.05 29.08 29.18 29.25 29.28 28.56 27.88 27.46 27.98 26.10 26.24 27.12 27.84 28.23 28.92 28.42 28.65 28.29 28.13 28.49 28.46 27.90 27.38 28.05 28.11 27.44 27.67 27.79 26.37 26.96 27.30 27.31 27.51 27.18 26.85 26.07 26.98 27.78 27.45 27.61 28.32 28.13 28.06 28.37 28.64 29.02 29.07 28.73 28.48
28.64 28.02 28.65 27.89 27.09 27.57 26.93 26.78 25.20 24.60 25.91 24.04 24.92 23.87 22.56 22.53 21.63 21.88 23.65 22.20 24.12 25.80 26.34 27.40 26.47 24.54 26.02 27.60 27.42 28.47 28.57 28.87 28.38 27.73 28.03 27.16 26.62 27.26 27.83 28.46 28.74 28.74 29.07 28.66 28.38 28.19 28.71 28.64 28.84 28.72 28.10 28.35 28.53 27.52 26.81 26.72 27.57 27.54 27.59 27.52 27.76 26.82 27.16 26.73 27.29 28.32 28.37 27.92 28.25 27.74 27.98 28.41 29.01 28.98 29.40 28.95 28.97
28.12 27.39 28.30 28.17 28.91 28.23 27.91 26.43 26.70 25.46 26.42 25.25 25.84 24.66 25.17 21.93 24.47 23.79 25.92 23.75 22.65 24.88 25.98 26.82 26.25 26.34 26.47 26.99 25.82 27.86 28.38 27.56 28.00 28.79 26.85 28.10 27.61 27.53 28.97 29.41 29.16 29.17 28.53 27.67 27.18 28.66 27.04 27.43 27.34 26.90 27.28 26.95 26.60 27.11 28.45 28.25 28.26 27.76 27.36 27.32 27.89 28.15 27.99 28.25 28.13 28.33 28.14 27.91 28.18 28.32 28.77 28.79 29.05 28.63 28.32 28.74 28.80
27.57 27.94 28.50 28.61 28.05 28.01 26.61 27.42 26.43 26.86 25.86 25.77 26.82 25.79 24.60 24.32 26.91 25.24 25.27 23.08 22.40 23.39 25.47 24.25 25.77 26.31 27.78 26.92 26.69 27.44 25.37 27.61 28.58 28.40 27.93 28.57 28.23 28.63 29.43 29.44 28.85 27.89 27.66 28.10 28.08 26.90 26.72 26.07 26.75 26.18 26.18 26.60 27.89 28.95 29.30 28.38 27.99 27.43 27.64 27.44 28.19 28.01 28.16 28.35 27.93 27.78 27.83 28.77 28.72 28.64 28.76 28.04 27.95 28.40 28.34 28.37 28.89
27.66 27.49 27.85 27.91 28.10 28.56 27.36 27.48 29.43 26.60 26.32 26.11 26.92 27.22 25.29 25.54 25.99 26.27 25.70 24.94 23.31 23.83 25.76 24.51 23.91 26.53 27.53 28.09 28.79 27.56 27.69 28.26 28.31 27.85 28.26 27.02 28.20 29.00 29.15 28.16 27.56 27.32 27.63 27.25 27.69 27.21 26.86 26.49 27.13 27.47 28.37 29.32 29.73 29.00 28.83 28.26 27.76 27.63 27.46 27.22 28.34 28.77 28.35 28.65 28.12 28.20 28.96 29.17 29.01 28.63 27.72 27.88 27.97 28.49 28.70 28.60 28.71
24.22 26.04 28.02 27.85 28.19 28.53 27.99 27.39 28.48 28.17 25.37 27.63 27.47 26.21 26.94 24.86 27.21 24.42 24.94 27.26 24.62 24.53 24.32 22.70 25.89 24.29 25.31 27.51 28.76 28.49 28.38 28.94 28.56 28.19 27.64 28.56 28.78 28.75 28.50 28.15 29.04 29.16 28.02 27.24 28.00 27.56 28.39 28.70 29.15 29.44 29.39 29.40 28.43 28.47 27.82 28.33 28.25 28.43 27.91 28.04 28.87 28.80 28.34 28.03 28.52 28.57 28.56 28.62 27.95 28.29 27.68 28.55 28.02 28.20 28.22 27.98 27.20
24.93 25.04 25.98 27.85 28.09 29.19 29.03 28.86 28.76 28.53 26.81 26.49 27.93 27.73 28.41 27.81 27.37 26.74 27.39 25.63 26.11 23.95 24.66 23.32 24.95 25.03 25.21 26.20 26.72 28.49 28.95 29.00 28.57 27.88 28.18 29.32 28.64 27.70 28.32 28.94 29.37 28.48 28.05 28.81 28.64 28.93 28.82 28.98 29.33 29.51 28.71 28.44 27.37 27.54 28.64 28.67 29.05 29.02 28.27 28.23 28.35 28.48 28.69 28.78 27.98 27.97 27.82 27.70 27.73 28.15 27.98 28.27 27.95 27.30 28.01 28.07 28.51
