main/data/irradiance/23.05.2023.grid
ncols 839
nrows 679
xllcenter 112.0500
yllcenter -43.9500
cellsize 0.0500
nodata_value 99999.90
[rows 408 to 441 of 679, columns 616 to 692 of 839]
13.63 13.62 13.63 13.65 13.65 13.65 13.64 13.64 13.64 13.64 13.64 13.63 13.63 13.62 13.61 13.62 13.62 13.61 13.65 13.63 13.62 13.62 13.62 13.63 13.61 13.62 13.60 13.61 13.60 13.59 13.60 13.63 13.63 13.65 13.61 13.60 13.59 13.58 13.57 13.58 13.58 13.58 13.55 13.55 13.38 13.27 13.19 13.30 13.37 13.50 13.59 13.60 13.59 13.60 13.60 13.60 13.59 13.58 13.57 13.57 13.56 13.56 13.58 13.58 13.58 13.58 13.58 13.57 13.56 13.52 13.52 13.52 13.53 13.53 13.54 13.53 13.52
13.59 13.59 13.60 13.58 13.60 13.62 13.63 13.62 13.61 13.62 13.61 13.59 13.60 13.61 13.59 13.58 13.57 13.58 13.56 13.29 13.59 13.58 13.59 13.60 13.61 13.57 13.54 13.43 13.53 13.59 13.57 13.57 13.59 13.59 13.57 13.55 13.52 13.51 13.52 13.55 13.54 13.56 13.53 13.15 13.06 13.43 13.50 13.47 13.46 13.56 13.57 13.57 13.55 13.55 13.56 13.54 13.53 13.53 13.54 13.54 13.53 13.55 13.57 13.56 13.55 13.56 13.55 13.54 13.53 13.53 13.51 13.51 13.52 13.51 13.51 13.50 13.50
13.54 13.55 13.56 13.54 13.57 13.57 13.59 13.58 13.58 13.57 13.60 13.57 13.58 13.56 13.57 13.60 13.56 13.56 13.60 13.62 13.51 13.58 13.57 13.57 13.57 13.57 13.54 13.48 13.52 13.53 13.55 13.57 13.59 13.56 13.54 13.53 13.50 13.50 13.53 13.55 13.50 13.43 13.30 13.23 13.19 13.48 13.55 13.55 13.54 13.55 13.54 13.54 13.53 13.52 13.51 13.50 13.49 13.50 13.50 13.51 13.51 13.52 13.53 13.54 13.52 13.52 13.51 13.51 13.50 13.52 13.52 13.49 13.50 13.50 13.49 13.48 13.48
13.48 13.46 13.51 13.51 13.54 13.56 13.56 13.57 13.56 13.56 13.53 13.55 13.54 13.56 13.55 13.53 13.53 13.55 13.56 13.54 13.52 13.54 13.56 13.54 13.55 13.56 13.53 13.52 13.56 13.58 13.55 13.53 13.53 13.47 13.50 13.49 13.51 13.51 13.49 13.26 13.18 13.15 13.11 13.09 13.38 13.36 13.52 13.52 13.51 13.51 13.51 13.49 13.49 13.49 13.49 13.48 13.47 13.49 13.50 13.48 13.49 13.50 13.50 13.50 13.49 13.49 13.49 13.49 13.50 13.49 13.48 13.46 13.47 13.47 13.46 13.46 13.45
13.49 13.39 13.42 13.50 13.52 13.53 13.55 13.55 13.55 13.54 13.53 13.52 13.52 13.53 13.51 13.49 13.55 13.53 13.48 13.50 13.44 13.51 13.55 13.51 13.55 13.52 13.53 13.52 13.51 13.54 13.53 13.49 13.47 13.49 13.51 13.49 13.47 13.38 13.21 13.24 13.20 13.19 13.31 13.23 13.47 13.49 13.49 13.48 13.47 13.48 13.48 13.47 13.47 13.47 13.47 13.46 13.46 13.48 13.48 13.47 13.48 13.47 13.47 13.46 13.46 13.46 13.47 13.47 13.47 13.47 13.46 13.46 13.43 13.43 13.44 13.44 13.43
13.46 13.43 13.42 13.45 13.45 13.51 13.52 13.51 13.51 13.53 13.51 13.51 13.51 13.49 13.47 13.48 13.52 13.53 13.49 13.42 13.48 13.48 13.47 13.48 13.45 13.49 13.28 13.37 13.28 13.35 13.49 13.44 13.48 13.50 13.48 13.43 13.31 13.29 13.14 13.13 13.26 13.24 13.21 13.41 13.47 13.45 13.43 13.44 13.45 13.45 13.45 13.44 13.44 13.44 13.44 13.44 13.45 13.46 13.45 13.45 13.45 13.44 13.45 13.46 13.45 13.43 13.44 13.44 13.44 13.44 13.44 13.44 13.42 13.41 13.40 13.39 13.39
13.43 13.44 13.39 13.39 13.42 13.48 13.49 13.50 13.49 13.49 13.49 13.47 13.46 13.45 13.46 13.45 13.48 13.48 13.46 13.46 13.38 13.42 13.43 13.46 13.44 13.45 13.29 13.29 13.16 13.24 13.17 13.21 13.22 13.41 13.35 13.33 13.21 13.28 13.27 13.18 13.23 13.26 13.39 13.43 13.44 13.43 13.43 13.42 13.42 13.42 13.42 13.41 13.41 13.42 13.42 13.41 13.42 13.42 13.42 13.43 13.42 13.42 13.42 13.43 13.42 13.41 13.42 13.42 13.41 13.41 13.42 13.42 13.42 13.39 13.37 13.38 13.37
13.39 13.33 13.30 13.36 13.43 13.45 13.48 13.48 13.47 13.48 13.47 13.45 13.43 13.43 13.41 13.41 13.46 13.44 13.34 13.40 13.24 13.10 13.22 13.43 13.43 13.40 13.41 13.20 13.20 13.31 13.36 13.20 13.11 13.26 13.05 13.01 13.09 13.16 13.37 13.37 13.39 13.41 13.44 13.43 13.40 13.42 13.42 13.41 13.39 13.41 13.39 13.39 13.39 13.41 13.40 13.40 13.40 13.40 13.40 13.40 13.39 13.39 13.38 13.39 13.39 13.39 13.40 13.39 13.39 13.39 13.39 13.40 13.41 13.41 13.37 13.38 13.36
13.40 13.37 13.35 13.34 13.31 13.37 13.37 13.40 13.42 13.38 13.37 13.35 13.37 13.39 13.38 13.31 13.35 13.33 13.35 13.32 13.32 13.24 13.15 13.28 13.27 13.26 13.30 13.28 13.32 13.33 13.40 13.42 13.38 13.39 13.13 12.94 12.91 13.09 13.37 13.40 13.41 13.41 13.41 13.41 13.40 13.39 13.39 13.38 13.38 13.38 13.37 13.38 13.38 13.39 13.39 13.38 13.38 13.39 13.39 13.38 13.38 13.39 13.37 13.36 13.36 13.38 13.37 13.36 13.36 13.36 13.36 13.37 13.37 13.38 13.39 13.35 13.35
13.41 13.40 13.39 13.37 13.34 13.37 13.34 13.35 13.35 13.37 13.32 13.37 13.35 13.35 13.38 13.41 13.39 13.35 13.35 13.32 13.31 13.34 13.35 13.25 13.17 13.11 13.30 13.32 13.31 13.34 13.27 13.26 13.12 13.08 13.06 13.07 13.27 13.03 13.37 13.38 13.35 13.38 13.38 13.37 13.38 13.37 13.37 13.35 13.36 13.36 13.37 13.36 13.37 13.37 13.37 13.36 13.36 13.37 13.36 13.37 13.36 13.37 13.37 13.36 13.35 13.36 13.35 13.34 13.34 13.34 13.35 13.35 13.35 13.35 13.36 13.32 13.32
13.37 13.36 13.32 13.28 13.31 13.34 13.38 13.34 13.31 13.31 13.33 13.33 13.34 13.36 13.38 13.38 13.35 13.32 13.29 13.34 13.32 13.32 13.34 13.32 13.29 13.17 13.01 13.20 13.24 13.04 12.97 12.96 13.01 13.06 12.84 13.10 13.16 13.27 13.34 13.35 13.34 13.34 13.34 13.35 13.35 13.35 13.34 13.33 13.35 13.34 13.34 13.34 13.35 13.34 13.35 13.34 13.34 13.34 13.33 13.34 13.33 13.33 13.33 13.32 13.32 13.32 13.32 13.32 13.32 13.33 13.33 13.32 13.32 13.32 13.33 13.33 13.30
13.30 13.34 13.29 13.29 13.25 13.26 13.27 13.30 13.27 13.23 13.34 13.32 13.35 13.35 13.37 13.36 13.34 13.32 13.31 13.32 13.33 13.33 13.31 13.29 13.28 13.20 12.87 13.13 12.87 12.77 13.06 12.95 13.07 13.11 12.95 13.32 13.31 13.32 13.27 13.33 13.33 13.32 13.32 13.32 13.32 13.32 13.32 13.33 13.32 13.32 13.32 13.32 13.31 13.32 13.32 13.32 13.32 13.32 13.32 13.32 13.31 13.30 13.31 13.31 13.30 13.30 13.30 13.30 13.30 13.31 13.30 13.30 13.30 13.30 13.32 13.33 13.32
13.26 13.28 13.28 13.26 13.20 13.29 13.24 13.20 13.18 13.16 13.26 13.34 13.34 13.35 13.35 13.36 13.32 13.31 13.29 13.30 13.32 13.30 13.30 13.29 13.27 13.14 13.08 12.92 12.84 12.97 12.92 12.97 13.23 13.25 13.28 13.32 13.32 13.31 13.31 13.32 13.32 13.31 13.31 13.31 13.31 13.32 13.31 13.31 13.31 13.30 13.30 13.31 13.30 13.30 13.31 13.30 13.29 13.30 13.29 13.29 13.29 13.30 13.30 13.30 13.29 13.29 13.29 13.29 13.28 13.28 13.28 13.28 13.28 13.28 13.28 13.29 13.29
13.22 13.23 13.20 13.18 13.28 13.30 13.28 13.21 13.19 13.19 13.28 13.31 13.32 13.30 13.31 13.30 13.30 13.28 13.29 13.28 13.27 13.29 13.29 13.13 13.08 12.93 13.09 12.88 12.91 12.93 13.03 13.16 13.23 13.31 13.29 13.30 13.29 13.27 13.30 13.30 13.30 13.29 13.29 13.29 13.30 13.31 13.30 13.28 13.29 13.29 13.28 13.29 13.29 13.30 13.29 13.29 13.28 13.28 13.28 13.29 13.28 13.26 13.27 13.27 13.26 13.26 13.26 13.25 13.24 13.26 13.27 13.27 13.26 13.25 13.26 13.27 13.29
13.17 13.15 13.18 13.16 13.20 13.27 13.23 13.20 13.22 13.24 13.28 13.28 13.30 13.27 13.26 13.23 13.23 13.25 13.21 13.26 13.27 13.26 13.22 13.17 12.91 12.85 12.91 13.05 12.70 13.00 13.24 13.21 13.24 13.24 13.25 13.28 13.27 13.26 13.26 13.26 13.26 13.26 13.26 13.26 13.27 13.28 13.27 13.26 13.26 13.27 13.26 13.27 13.26 13.26 13.26 13.25 13.25 13.24 13.24 13.25 13.26 13.24 13.25 13.25 13.24 13.25 13.24 13.22 13.23 13.23 13.24 13.24 13.23 13.22 13.23 13.23 13.24
13.13 13.14 13.16 13.16 13.14 13.23 13.22 13.21 13.17 13.21 13.26 13.27 13.25 13.26 13.26 13.17 13.21 13.20 13.18 13.19 13.21 13.25 13.24 13.11 12.92 13.03 13.16 12.98 12.94 13.16 13.16 13.08 13.19 13.19 13.22 13.25 13.24 13.24 13.24 13.24 13.24 13.23 13.24 13.24 13.24 13.24 13.24 13.25 13.24 13.24 13.23 13.23 13.22 13.21 13.22 13.22 13.22 13.22 13.22 13.22 13.21 13.22 13.22 13.22 13.21 13.21 13.21 13.20 13.21 13.21 13.21 13.21 13.20 13.20 13.20 13.20 13.19
13.12 13.15 13.20 13.17 13.15 13.23 13.19 13.12 13.14 13.17 13.25 13.25 13.08 13.17 13.21 13.24 13.14 13.15 13.14 13.16 13.23 13.20 13.20 13.04 12.80 12.83 13.00 13.12 13.10 13.04 13.08 13.11 13.14 13.16 13.20 13.21 13.22 13.21 13.20 13.20 13.20 13.20 13.21 13.22 13.21 13.20 13.21 13.23 13.22 13.22 13.22 13.21 13.20 13.20 13.20 13.19 13.21 13.21 13.20 13.20 13.19 13.19 13.20 13.19 13.19 13.19 13.18 13.19 13.19 13.19 13.19 13.19 13.19 13.18 13.17 13.18 13.18
13.11 13.15 13.12 13.13 13.17 13.21 13.17 13.12 13.19 13.20 13.23 13.21 13.16 13.16 13.16 13.12 13.13 13.14 13.14 13.16 13.20 13.13 12.84 12.85 12.93 12.99 13.05 13.00 13.08 13.10 13.08 13.16 13.12 13.17 13.17 13.18 13.19 13.19 13.19 13.19 13.19 13.18 13.18 13.19 13.17 13.19 13.19 13.19 13.18 13.18 13.17 13.16 13.16 13.16 13.18 13.18 13.19 13.18 13.18 13.18 13.17 13.18 13.18 13.17 13.17 13.17 13.16 13.16 13.16 13.17 13.17 13.17 13.18 13.16 13.16 13.18 13.19
13.06 13.06 13.09 13.10 13.14 13.15 13.15 13.14 13.19 13.18 13.19 13.16 13.12 13.10 12.98 13.06 13.11 13.13 13.08 13.06 13.03 12.93 12.69 12.79 12.95 13.05 13.04 12.99 12.98 13.06 13.07 13.11 13.09 13.15 13.15 13.15 13.16 13.16 13.17 13.17 13.16 13.15 13.16 13.14 13.16 13.15 13.16 13.17 13.15 13.15 13.14 13.14 13.14 13.14 13.17 13.16 13.16 13.16 13.14 13.14 13.14 13.14 13.16 13.15 13.16 13.15 13.14 13.14 13.14 13.15 13.15 13.14 13.13 13.14 13.15 13.14 13.15
13.01 13.06 13.05 13.12 13.11 13.10 13.14 13.15 13.16 13.09 13.09 13.11 13.09 13.05 13.05 13.14 13.10 13.05 13.01 12.96 12.94 12.75 12.70 12.81 13.02 13.09 13.10 13.11 13.07 13.12 13.11 13.07 13.02 13.12 13.13 13.13 13.13 13.14 13.14 13.13 13.13 13.14 13.12 13.12 13.14 13.14 13.14 13.14 13.15 13.14 13.12 13.13 13.13 13.14 13.14 13.15 13.14 13.14 13.11 13.12 13.12 13.12 13.13 13.12 13.12 13.12 13.11 13.11 13.11 13.14 13.12 13.13 13.12 13.12 13.14 13.13 13.14
13.08 13.06 13.05 13.05 13.06 13.08 13.10 13.15 13.14 13.06 13.07 13.09 13.08 13.04 13.06 13.04 13.04 12.97 12.93 12.78 12.93 12.90 12.78 12.91 13.08 13.07 13.14 13.13 13.11 13.10 13.06 13.07 13.11 13.11 13.13 13.12 13.12 13.12 13.12 13.11 13.10 13.09 13.11 13.12 13.12 13.12 13.14 13.13 13.12 13.12 13.12 13.11 13.12 13.13 13.11 13.11 13.12 13.13 13.11 13.10 13.08 13.07 13.10 13.10 13.10 13.09 13.08 13.09 13.10 13.09 13.10 13.10 13.09 13.09 13.11 13.12 13.14
13.08 13.06 13.02 13.08 13.08 13.06 13.08 13.11 13.07 13.04 13.02 13.03 13.06 13.01 12.96 12.80 12.76 12.94 12.87 12.72 12.76 12.91 12.81 12.91 12.99 12.94 13.06 13.08 13.05 12.98 12.98 13.06 13.07 13.09 13.10 13.10 13.10 13.09 13.09 13.08 13.08 13.08 13.10 13.08 13.08 13.10 13.10 13.10 13.06 13.06 13.09 13.09 13.09 13.09 13.10 13.11 13.10 13.10 13.09 13.07 13.05 13.03 13.07 13.08 13.08 13.07 13.07 13.07 13.07 13.08 13.09 13.08 13.07 13.06 13.07 13.07 13.09
13.01 13.03 13.05 13.06 13.04 13.03 13.03 13.03 12.98 12.99 13.01 13.05 12.98 13.03 12.91 12.97 12.85 12.99 12.96 12.94 12.90 12.65 12.86 12.99 12.94 12.89 13.03 13.05 13.03 13.03 12.99 13.02 13.05 13.07 13.08 13.08 13.07 13.06 13.05 13.05 13.05 13.04 13.06 13.07 13.05 13.06 13.06 13.07 13.05 13.02 13.05 13.07 13.06 13.07 13.06 13.07 13.08 13.06 13.06 13.07 13.05 13.04 13.07 13.06 13.06 13.06 13.05 13.04 13.04 13.06 13.07 13.06 13.06 13.04 13.06 13.06 13.06
12.95 12.97 13.01 13.01 13.01 13.02 13.00 13.02 13.03 13.04 13.06 13.01 12.99 12.98 12.96 12.94 12.93 12.91 12.91 12.93 12.69 12.69 12.86 12.95 12.98 12.87 12.93 13.03 13.03 12.99 13.00 13.04 13.05 13.05 13.06 13.06 13.05 13.05 13.04 13.03 13.03 13.03 13.04 13.02 13.02 13.05 13.04 13.05 13.05 13.03 13.03 13.01 13.04 13.05 13.05 13.04 13.04 13.04 13.05 13.05 13.04 13.05 13.04 13.04 13.05 13.04 13.03 13.03 13.04 13.04 13.05 13.05 13.05 13.03 13.02 13.04 13.05
12.92 12.90 12.91 12.96 12.98 12.97 12.99 12.99 12.99 12.98 13.06 13.07 13.00 13.00 12.92 12.98 12.95 12.94 12.99 12.95 12.90 12.87 12.94 12.97 12.86 12.88 12.87 13.00 13.00 13.00 13.03 13.02 13.04 13.03 13.03 13.02 13.03 13.01 13.01 13.01 13.01 13.01 13.01 13.04 13.00 13.01 13.01 13.01 13.02 12.99 12.97 12.97 13.02 13.01 13.01 13.00 13.01 13.02 13.02 13.03 13.00 13.01 13.02 13.00 13.01 13.02 13.02 13.02 13.04 13.04 13.03 13.03 13.00 13.00 13.02 13.03 13.02
12.98 12.91 12.91 12.94 12.92 12.98 13.02 12.99 12.89 12.97 13.03 13.02 12.93 12.89 12.92 12.96 12.92 12.98 12.97 12.96 12.94 12.92 12.94 12.92 12.90 12.87 12.89 12.91 12.95 13.00 13.00 13.00 13.00 13.00 13.00 13.00 13.00 12.98 12.99 12.99 12.98 12.99 12.99 12.99 13.00 13.00 12.99 12.98 12.96 12.92 12.97 12.98 12.97 12.96 12.95 12.98 12.97 12.99 12.99 12.97 12.87 12.98 12.99 12.98 12.97 12.99 12.99 12.97 13.00 13.02 13.01 13.00 12.97 12.97 13.00 13.00 12.99
13.00 12.94 12.93 12.96 12.95 12.99 13.00 12.98 12.95 12.95 12.97 12.97 12.95 12.87 12.88 12.88 12.92 12.96 12.92 12.95 12.93 12.92 12.98 12.97 12.92 12.92 12.91 12.95 12.98 12.97 12.98 12.98 12.98 12.97 12.98 12.99 12.98 12.96 12.96 12.96 12.93 12.97 12.98 12.97 12.96 12.96 12.96 12.96 12.95 12.91 12.96 12.95 12.94 12.93 12.88 12.95 12.96 12.95 12.95 12.92 12.93 12.96 12.96 12.95 12.97 12.98 12.97 12.94 12.95 12.94 12.96 12.97 12.94 12.95 12.99 13.00 12.98
12.96 12.97 12.95 12.95 12.95 12.97 12.99 12.90 12.91 12.98 12.97 12.94 12.95 12.91 12.88 12.92 12.93 12.94 12.94 12.94 12.93 12.96 12.96 12.95 12.91 12.85 12.83 12.92 12.96 12.95 12.95 12.94 12.95 12.96 12.96 12.97 12.97 12.96 12.94 12.95 12.96 12.95 12.96 12.95 12.94 12.94 12.94 12.95 12.94 12.94 12.93 12.94 12.93 12.92 12.90 12.93 12.89 12.94 12.94 12.92 12.90 12.91 12.85 12.93 12.91 12.96 12.95 12.92 12.94 12.94 12.93 12.94 12.94 12.94 12.96 12.97 12.94
12.91 12.94 12.92 12.93 12.93 12.97 12.96 12.94 12.96 12.93 12.95 12.93 12.91 12.88 12.88 12.93 12.92 12.92 12.93 12.92 12.91 12.92 12.90 12.84 12.84 12.85 12.82 12.92 12.93 12.92 12.90 12.90 12.90 12.92 12.93 12.94 12.92 12.94 12.94 12.93 12.93 12.92 12.95 12.93 12.93 12.93 12.93 12.91 12.89 12.92 12.91 12.92 12.93 12.93 12.91 12.92 12.86 12.91 12.92 12.87 12.89 12.91 12.89 12.92 12.92 12.92 12.92 12.90 12.90 12.93 12.91 12.91 12.92 12.90 12.92 12.91 12.92
12.88 12.89 12.93 12.92 12.91 12.95 12.95 12.96 12.97 12.94 12.94 12.92 12.93 12.93 12.93 12.93 12.92 12.92 12.92 12.90 12.88 12.90 12.86 12.85 12.84 12.82 12.85 12.89 12.91 12.88 12.89 12.88 12.86 12.88 12.89 12.89 12.91 12.91 12.90 12.90 12.90 12.90 12.91 12.91 12.91 12.91 12.92 12.90 12.87 12.90 12.90 12.90 12.90 12.89 12.90 12.90 12.88 12.87 12.89 12.87 12.82 12.87 12.90 12.84 12.91 12.90 12.90 12.90 12.89 12.90 12.91 12.90 12.92 12.90 12.90 12.88 12.88
12.88 12.88 12.94 12.87 12.92 12.93 12.92 12.92 12.91 12.94 12.92 12.92 12.90 12.89 12.90 12.90 12.90 12.90 12.89 12.89 12.89 12.87 12.86 12.84 12.84 12.84 12.84 12.88 12.90 12.87 12.87 12.86 12.87 12.86 12.88 12.87 12.87 12.86 12.87 12.88 12.87 12.89 12.88 12.88 12.89 12.89 12.88 12.88 12.87 12.86 12.86 12.87 12.88 12.88 12.87 12.88 12.88 12.87 12.87 12.86 12.79 12.80 12.88 12.85 12.87 12.87 12.87 12.88 12.88 12.87 12.87 12.87 12.87 12.86 12.87 12.85 12.86
12.89 12.91 12.93 12.86 12.92 12.91 12.91 12.90 12.85 12.91 12.89 12.89 12.87 12.86 12.85 12.82 12.85 12.85 12.86 12.84 12.82 12.84 12.86 12.78 12.79 12.81 12.82 12.86 12.87 12.86 12.86 12.84 12.86 12.86 12.86 12.80 12.84 12.83 12.86 12.86 12.85 12.86 12.86 12.85 12.85 12.85 12.85 12.85 12.84 12.83 12.81 12.84 12.85 12.85 12.84 12.85 12.85 12.85 12.84 12.84 12.81 12.83 12.87 12.87 12.86 12.85 12.86 12.85 12.86 12.86 12.86 12.86 12.84 12.86 12.86 12.84 12.84
12.85 12.83 12.87 12.83 12.86 12.87 12.84 12.85 12.85 12.85 12.86 12.85 12.86 12.83 12.84 12.85 12.81 12.82 12.83 12.81 12.79 12.80 12.81 12.74 12.75 12.79 12.78 12.82 12.84 12.85 12.84 12.84 12.84 12.84 12.84 12.81 12.83 12.82 12.84 12.84 12.83 12.83 12.81 12.83 12.83 12.84 12.83 12.83 12.81 12.81 12.81 12.81 12.81 12.81 12.81 12.82 12.82 12.81 12.82 12.82 12.82 12.83 12.83 12.83 12.83 12.82 12.83 12.84 12.82 12.83 12.83 12.83 12.82 12.83 12.85 12.84 12.83
12.84 12.83 12.86 12.79 12.77 12.80 12.79 12.80 12.81 12.79 12.81 12.83 12.82 12.81 12.81 12.79 12.78 12.80 12.80 12.81 12.82 12.79 12.78 12.75 12.71 12.75 12.76 12.77 12.81 12.82 12.82 12.82 12.82 12.80 12.80 12.78 12.79 12.82 12.82 12.81 12.81 12.81 12.79 12.78 12.80 12.80 12.81 12.81 12.72 12.79 12.79 12.78 12.78 12.78 12.78 12.80 12.81 12.80 12.72 12.81 12.81 12.81 12.81 12.80 12.80 12.80 12.80 12.80 12.78 12.79 12.79 12.78 12.79 12.78 12.81 12.82 12.81
