main/data/irradiance/23.04.2023.grid
ncols 839
nrows 679
xllcenter 112.0500
yllcenter -43.9500
cellsize 0.0500
nodata_value 99999.90
[rows 476 to 509 of 679, columns 77 to 153 of 839]
14.99 15.22 15.35 15.38 15.41 15.47 15.48 15.44 15.50 15.50 15.51 15.51 15.51 15.50 15.48 15.45 15.44 15.46 15.39 15.16 15.39 15.50 15.40 15.38 15.43 15.36 15.38 15.36 15.47 15.40 15.47 15.51 15.52 15.43 15.43 15.44 15.52 15.47 15.38 15.30 14.96 14.92 14.87 15.17 15.20 15.33 14.87 14.53 14.31 15.00 15.14 15.19 15.33 15.42 15.38 15.32 15.18 15.35 15.25 15.12 15.17 14.94 14.52 14.49 14.65 14.44 14.81 14.56 14.52 14.54 14.91 14.48 14.54 14.71 14.99 14.98 15.04
15.23 15.01 15.16 15.20 15.45 15.40 15.41 15.44 15.46 15.47 15.50 15.50 15.48 15.49 15.48 15.45 15.45 15.45 15.45 15.22 15.39 15.45 15.40 15.42 15.48 15.50 15.43 15.41 15.31 15.40 15.46 15.45 15.47 15.43 15.28 15.25 15.40 15.31 15.04 15.00 15.14 15.15 14.99 15.35 15.15 15.42 15.00 14.53 14.37 15.23 15.51 15.41 15.38 15.37 15.26 15.19 14.96 15.03 15.11 15.15 15.27 15.06 14.76 14.50 14.45 14.60 15.10 14.98 14.83 14.81 14.63 14.75 14.73 14.96 15.17 15.12 14.99
15.24 15.18 15.05 15.13 15.34 15.41 15.40 15.44 15.48 15.45 15.48 15.46 15.47 15.48 15.48 15.48 15.45 15.42 15.39 15.40 15.39 15.26 15.28 15.40 15.37 15.42 15.47 15.45 15.40 15.32 15.24 15.41 15.40 15.44 15.42 15.22 15.33 15.22 15.21 15.33 15.45 15.03 15.21 15.38 15.15 15.05 14.91 14.62 14.89 15.03 15.06 15.26 15.41 15.32 15.09 14.96 14.85 15.12 15.09 15.04 15.18 15.27 15.15 14.90 14.61 14.97 15.04 14.61 14.51 14.54 14.56 14.74 14.96 15.12 15.07 15.10 15.13
15.23 15.23 15.32 15.25 15.17 15.33 15.38 15.41 15.41 15.44 15.44 15.45 15.44 15.40 15.40 15.44 15.39 15.38 15.36 15.36 15.35 15.34 15.32 15.31 15.31 15.23 15.39 15.40 15.37 15.23 15.37 15.38 15.36 15.29 15.16 15.19 14.93 15.04 15.16 15.42 15.38 15.30 15.46 15.34 15.12 15.02 14.86 14.98 14.87 14.86 14.84 14.70 15.07 15.23 15.08 15.01 14.84 14.93 14.77 14.54 14.88 14.94 14.99 14.76 14.63 14.47 14.57 14.52 14.49 14.24 14.33 14.79 15.02 14.96 14.70 14.53 14.77
15.20 15.21 15.20 15.22 15.24 15.23 15.32 15.38 15.32 15.34 15.35 15.38 15.39 15.35 15.25 15.29 15.37 15.34 15.40 15.37 15.28 15.30 15.30 15.33 15.25 15.25 15.23 15.17 15.31 15.28 15.39 15.34 15.27 15.08 15.26 15.30 15.17 14.87 14.95 15.13 15.04 15.14 15.10 15.08 14.92 15.11 15.31 15.11 14.92 14.76 14.57 14.96 14.85 14.79 15.17 15.28 14.97 14.87 14.46 14.70 14.89 14.89 14.84 14.91 14.67 14.17 14.41 14.49 14.27 14.18 14.47 14.50 14.28 14.42 14.14 14.28 14.48
15.19 15.18 15.18 15.17 15.07 14.80 15.17 15.17 15.25 15.26 15.25 15.28 15.29 15.26 15.13 15.31 15.37 15.40 15.36 15.36 15.30 15.32 15.25 15.20 15.30 15.16 15.20 15.24 15.24 15.17 15.34 15.34 15.32 15.06 14.89 15.12 15.14 15.19 15.28 15.00 14.92 15.23 15.05 15.21 15.01 15.18 15.18 15.21 15.13 14.82 14.71 14.97 15.15 14.82 14.94 15.01 14.77 14.42 14.78 14.91 15.08 14.92 14.89 14.65 14.21 14.19 14.49 14.58 14.31 14.21 14.42 14.47 14.14 14.08 14.15 14.28 14.48
15.07 14.91 15.20 15.23 15.23 14.80 14.88 15.06 15.15 15.21 15.26 15.21 15.17 15.29 15.21 15.18 15.31 15.33 15.31 15.32 15.34 15.34 15.30 15.29 15.32 15.17 15.22 15.22 15.23 15.21 15.18 15.16 14.86 14.95 15.05 15.17 15.30 15.21 15.35 15.16 15.30 15.13 14.90 15.08 15.25 15.04 14.99 15.02 15.13 14.87 14.75 14.58 14.31 14.45 14.23 14.80 14.88 14.68 14.67 14.82 14.80 14.78 14.96 14.74 14.66 15.00 14.59 14.87 14.51 14.40 14.57 14.54 14.01 14.08 14.15 14.15 14.48
14.97 15.22 15.28 15.29 15.30 15.26 14.99 14.88 14.99 15.11 15.23 15.25 15.28 15.19 15.16 15.25 15.30 15.32 15.29 15.31 15.33 15.32 15.14 15.26 15.31 15.27 15.15 15.21 15.21 14.78 14.97 15.17 15.17 15.11 15.36 15.30 15.31 15.17 15.01 14.97 14.95 15.15 14.82 15.18 15.28 15.21 14.92 15.13 15.23 14.92 14.79 14.73 14.53 14.64 14.32 14.65 14.79 14.73 14.75 14.57 15.10 15.10 15.11 15.00 14.75 14.82 14.82 14.72 14.61 14.15 14.55 14.57 14.53 14.53 14.15 14.15 14.15
15.08 15.12 15.19 15.23 15.25 15.27 15.21 14.94 14.96 14.97 15.12 15.24 15.25 15.19 15.16 15.17 15.26 15.29 15.27 15.31 15.26 15.26 15.31 15.27 15.26 15.22 15.22 15.18 15.07 14.95 15.05 15.17 15.26 15.27 15.25 15.34 15.38 15.28 15.23 15.17 15.16 15.22 15.32 15.29 15.27 15.09 15.21 15.01 15.16 15.17 14.69 14.41 14.26 14.22 14.60 14.52 14.74 14.85 14.82 14.83 14.95 15.12 15.11 15.16 15.09 15.17 14.82 14.99 14.67 14.40 14.44 14.51 14.53 14.53 14.53 14.15 14.15
15.00 15.01 15.04 15.13 15.21 15.24 15.22 15.16 14.90 14.82 14.96 15.15 15.17 15.13 15.20 15.23 15.21 15.24 15.26 15.30 15.31 15.28 15.28 15.28 15.27 15.26 15.24 15.08 15.12 15.08 15.14 15.17 15.08 15.10 15.13 15.25 15.02 15.12 15.26 15.12 15.02 15.03 15.10 15.30 15.27 15.32 15.13 15.16 15.20 14.87 14.79 14.29 13.85 13.87 14.26 14.38 14.25 14.54 15.19 15.08 15.16 15.21 15.02 15.10 15.25 15.27 14.96 14.99 14.84 14.65 14.22 14.38 14.38 14.38 14.53 14.53 14.15
14.98 14.98 14.93 15.00 15.15 15.19 15.18 15.14 15.13 14.94 14.72 14.90 15.06 15.08 15.12 15.21 15.18 15.19 15.21 15.23 15.27 15.27 15.26 15.26 15.25 15.24 15.23 15.23 15.09 14.97 15.14 15.04 15.10 15.15 15.26 15.24 14.99 14.84 15.09 14.95 14.81 14.98 14.89 14.93 14.75 14.83 14.94 14.90 14.27 13.71 13.79 13.90 13.76 13.56 13.96 14.53 14.69 14.87 14.88 14.69 14.88 14.93 15.01 15.19 15.23 15.09 15.19 15.17 14.90 14.30 13.98 14.17 14.17 14.17 14.17 14.17 14.53
15.05 15.07 14.76 15.15 15.19 15.08 15.09 15.10 15.04 14.97 14.76 14.71 14.81 14.97 15.05 15.16 15.18 15.20 15.21 15.17 15.18 15.25 15.11 15.25 15.16 15.21 15.12 14.95 15.11 15.07 14.81 15.12 15.12 15.16 15.20 15.08 15.09 14.95 15.00 14.94 14.67 14.70 14.68 14.49 14.43 14.51 14.83 14.57 14.10 13.62 13.53 13.67 14.38 14.32 14.45 15.11 15.10 15.07 15.06 14.85 14.91 15.00 14.99 15.08 14.91 15.10 15.05 15.02 14.99 14.32 13.98 14.17 14.17 14.17 14.17 14.17 14.17
15.04 15.04 15.12 15.08 14.97 14.99 15.10 14.99 14.92 14.93 14.85 14.67 14.72 14.84 14.96 15.22 15.11 15.18 15.17 15.13 15.16 15.19 15.21 15.20 15.18 15.07 15.03 15.09 15.12 15.16 15.17 15.08 15.08 15.10 15.14 15.18 15.18 14.94 14.58 14.58 14.78 14.83 14.76 14.77 14.55 14.75 14.75 14.38 14.06 13.66 13.78 14.29 14.71 14.82 15.11 14.98 15.10 14.85 14.48 14.55 14.91 15.00 14.99 14.74 15.00 14.69 14.87 14.93 14.99 14.51 14.51 14.17 14.17 14.17 14.17 14.17 14.17
14.84 14.95 15.02 14.94 14.91 14.91 14.90 14.89 14.89 14.89 14.89 14.74 14.68 14.72 14.77 15.00 15.13 15.12 15.11 15.05 14.95 15.06 15.07 15.14 15.13 15.09 15.18 14.98 15.05 15.09 15.16 15.12 15.10 15.06 15.12 15.15 15.15 15.15 14.98 14.92 14.70 14.86 14.87 14.75 14.66 14.63 14.64 14.42 14.46 14.15 14.07 14.28 14.74 15.11 15.06 14.93 15.12 14.75 14.37 14.55 14.55 15.00 14.74 14.74 15.00 14.69 14.87 14.93 14.93 14.51 14.51 14.51 14.17 14.17 14.17 14.17 14.17
14.85 14.80 14.90 14.88 14.91 15.03 14.97 14.87 14.88 14.89 14.89 14.82 14.68 14.66 14.79 14.61 14.84 14.87 14.94 14.95 14.94 14.99 15.07 15.06 15.08 15.10 15.13 15.12 15.07 15.08 15.04 14.98 14.96 15.11 15.09 15.06 15.04 15.04 14.85 14.62 14.83 14.93 14.86 14.79 15.00 15.06 14.66 14.60 14.61 14.49 14.43 14.55 14.77 15.04 14.84 14.73 14.60 14.75 14.37 14.37 14.55 14.55 14.74 14.74 15.00 14.69 14.87 14.93 14.93 14.51 14.51 14.51 14.51 14.17 14.17 14.17 14.17
14.79 14.82 14.91 14.97 15.03 15.00 14.95 14.86 14.98 14.93 14.87 14.86 14.76 14.65 14.71 14.68 14.62 14.72 14.86 14.88 14.86 14.92 14.89 14.91 14.95 14.97 14.99 15.05 14.98 14.95 15.09 15.00 14.94 15.08 15.06 15.08 14.97 15.02 14.95 14.98 14.83 15.00 14.62 14.44 14.92 14.95 14.61 14.84 14.48 14.25 14.62 14.75 14.65 15.06 15.02 14.98 14.77 14.77 14.37 14.37 14.37 14.55 14.74 14.74 15.00 14.69 14.87 14.93 14.93 14.51 14.51 14.51 14.51 14.51 14.17 14.17 14.17
14.84 14.82 14.88 15.04 15.03 15.01 15.01 14.93 14.83 14.82 14.81 14.84 14.78 14.71 14.65 14.72 14.54 14.60 14.77 14.81 14.85 14.87 14.89 14.88 14.91 14.91 14.89 14.93 14.92 14.97 15.04 15.01 14.93 15.03 15.06 15.00 14.92 14.81 14.70 14.69 14.67 14.94 15.00 14.77 14.70 14.74 14.53 14.88 14.76 14.52 14.45 14.83 14.62 14.83 14.73 14.87 14.77 14.77 14.77 14.37 14.37 14.37 14.74 14.74 15.00 14.69 14.87 14.93 14.93 14.51 14.51 14.51 14.51 14.51 14.51 14.17 14.17
14.84 14.76 14.84 14.78 14.96 14.96 14.87 14.84 14.73 14.79 14.78 14.81 14.84 14.81 14.73 14.71 14.67 14.54 14.71 14.75 14.80 14.82 14.82 14.81 14.77 14.77 14.80 14.75 14.97 14.94 14.93 14.86 14.89 14.99 14.95 14.79 14.81 14.90 14.95 14.83 14.41 14.58 14.60 14.56 14.74 14.87 14.45 14.69 14.75 14.63 14.57 14.74 14.70 14.83 14.73 14.87 14.87 14.77 14.77 14.77 14.37 14.37 14.74 14.74 15.00 14.69 14.87 14.93 14.93 14.51 14.51 14.51 14.51 14.51 14.51 14.51 14.17
14.54 14.54 14.75 14.64 14.70 14.77 14.80 14.72 14.72 14.71 14.74 14.78 14.78 14.78 14.73 14.66 14.66 14.55 14.74 14.73 14.73 14.73 14.78 14.82 14.81 14.75 14.79 14.82 14.85 14.93 14.87 14.77 14.72 14.68 14.60 14.76 14.89 14.98 14.96 14.94 14.92 14.82 14.71 14.73 14.71 14.95 15.02 14.97 14.68 14.73 14.88 14.74 14.70 14.70 14.73 14.87 14.87 14.87 14.77 14.77 14.77 14.37 14.74 14.74 15.00 14.69 14.87 14.93 14.93 14.51 14.51 14.51 14.51 14.51 14.51 14.51 14.51
14.54 14.54 14.69 14.49 14.60 14.74 14.76 14.76 14.71 14.70 14.68 14.64 14.70 14.76 14.74 14.70 14.69 14.69 14.69 14.72 14.71 14.66 14.64 14.80 14.76 14.64 14.69 14.83 14.76 14.82 14.71 14.32 14.52 14.66 14.86 14.88 14.97 14.99 14.95 14.96 15.00 14.61 14.85 14.97 15.01 14.86 14.94 14.74 14.73 14.94 14.88 14.88 14.70 14.70 14.70 14.87 14.87 14.87 14.87 14.77 14.77 14.77 14.74 14.74 15.00 14.69 14.87 14.93 14.93 14.51 14.51 14.51 14.51 14.51 14.51 14.51 14.51
14.54 14.69 14.69 14.49 14.60 14.74 14.76 14.80 14.80 14.71 14.70 14.72 14.73 14.72 14.70 14.69 14.79 14.73 14.64 14.64 14.70 14.71 14.74 14.76 14.70 14.60 14.78 14.82 14.84 14.79 14.75 14.56 14.52 14.70 14.92 14.92 14.95 14.95 14.95 14.91 14.96 14.79 14.82 14.94 14.98 15.00 14.99 14.80 14.71 14.93 14.93 14.93 14.88 14.70 14.70 14.87 14.87 14.87 14.87 14.87 14.77 14.77 14.77 14.74 15.00 14.69 14.87 14.93 14.93 14.51 14.51 14.51 14.51 14.51 14.51 14.51 14.51
14.69 14.69 14.69 14.49 14.60 14.76 14.76 14.80 14.80 14.74 14.70 14.72 14.74 14.73 14.72 14.68 14.72 14.79 14.80 14.73 14.66 14.72 14.74 14.82 14.84 14.83 14.84 14.84 14.85 14.84 14.78 14.80 14.72 14.74 14.84 14.93 14.94 14.95 14.92 14.91 14.92 14.92 14.93 14.96 14.88 14.90 14.95 14.81 14.70 14.63 14.63 14.63 14.63 14.63 14.70 14.87 14.87 14.87 14.87 14.87 14.87 14.77 14.77 14.74 15.00 14.69 14.87 14.93 14.93 14.51 14.51 14.51 14.51 14.51 14.51 14.51 14.51
14.69 14.69 14.69 14.49 14.76 14.76 14.76 14.80 14.74 14.74 14.74 14.72 14.74 14.73 14.73 14.69 14.79 14.84 14.73 14.78 14.79 14.79 14.80 14.86 14.85 14.84 14.88 14.86 14.85 14.86 14.87 14.78 14.81 14.84 14.80 14.82 14.92 14.88 14.90 14.92 14.91 14.87 14.91 14.90 14.87 14.85 14.95 14.81 14.70 14.63 14.63 14.63 14.63 14.63 14.63 14.70 14.87 14.87 14.87 14.87 14.87 14.87 14.77 14.77 15.00 14.69 14.87 14.93 14.93 14.51 14.51 14.51 14.51 14.51 14.51 14.51 14.51
14.69 14.69 14.69 14.49 14.76 14.76 14.76 14.74 14.74 14.74 14.74 14.74 14.74 14.72 14.72 14.71 14.68 14.69 14.74 14.71 14.74 14.77 14.71 14.67 14.72 14.84 14.80 14.80 14.79 14.72 14.69 14.63 14.82 14.91 14.87 14.77 14.84 14.89 14.89 14.87 14.85 14.75 14.75 14.90 14.87 14.85 14.85 14.81 14.70 14.63 14.63 14.63 14.63 14.63 14.63 14.63 14.87 14.87 14.87 14.87 14.87 14.87 14.87 14.77 14.77 14.77 14.37 14.37 14.37 99999.90 99999.90 99999.90 99999.90 99999.90 99999.90 99999.90 99999.90
14.69 14.69 14.69 14.49 14.76 14.76 14.76 14.74 14.74 14.74 14.74 14.74 14.72 14.72 14.72 14.71 14.68 14.69 14.74 14.71 14.74 14.77 14.71 14.67 14.72 14.84 14.80 14.80 14.79 14.72 14.69 14.64 14.69 14.80 14.82 14.77 14.84 14.89 14.80 14.87 14.85 14.75 14.75 14.75 14.87 14.85 14.85 14.85 14.70 14.63 14.63 14.63 14.63 14.63 14.63 14.63 14.63 14.87 14.87 14.87 14.87 14.87 14.87 14.87 14.77 14.77 14.77 99999.90 99999.90 99999.90 99999.90 99999.90 99999.90 99999.90 99999.90 99999.90 99999.90
14.69 14.69 14.69 14.76 14.76 14.76 14.76 14.74 14.74 14.74 14.74 14.72 14.72 14.72 14.72 14.71 14.68 14.69 14.74 14.71 14.74 14.77 14.71 14.67 14.72 14.84 14.80 14.80 14.79 14.72 14.64 14.64 14.69 14.80 14.82 14.82 14.84 14.80 14.80 14.72 14.72 14.72 14.75 14.75 14.75 14.85 14.85 14.85 14.70 14.63 14.63 14.63 14.63 14.63 14.63 14.63 14.63 14.63 14.87 14.87 14.87 14.87 14.87 14.87 14.87 14.77 14.77 99999.90 99999.90 99999.90 99999.90 99999.90 99999.90 99999.90 99999.90 99999.90 99999.90
14.69 14.69 14.69 14.76 14.76 14.76 14.74 14.74 14.74 14.74 14.72 14.72 14.72 14.72 14.72 14.71 14.68 14.69 14.74 14.71 14.74 14.77 14.71 14.67 14.72 14.84 14.80 14.80 14.79 14.64 14.64 14.64 14.69 14.80 14.82 14.82 14.82 14.80 14.80 14.72 14.72 14.72 14.72 14.75 14.75 14.85 14.85 14.85 14.70 14.63 14.63 14.63 14.63 14.63 14.63 14.63 14.63 14.63 14.63 14.87 14.87 14.87 14.87 14.87 14.87 14.87 99999.90 99999.90 99999.90 99999.90 99999.90 99999.90 99999.90 99999.90 99999.90 99999.90 99999.90
14.69 14.69 14.69 14.76 14.76 14.76 14.74 14.74 14.74 14.72 14.72 14.72 14.72 14.72 14.72 14.71 14.68 14.69 14.74 14.71 14.74 14.77 14.71 14.67 14.72 14.84 14.80 14.80 14.79 14.64 14.64 14.64 14.69 14.80 14.82 14.82 14.82 14.80 14.72 14.72 14.72 14.72 14.72 14.72 14.75 14.85 14.85 14.85 14.85 14.63 14.63 14.63 14.63 14.63 14.63 14.63 14.63 14.63 14.63 14.63 14.70 14.70 14.70 99999.90 99999.90 99999.90 99999.90 99999.90 99999.90 99999.90 99999.90 99999.90 99999.90 99999.90 99999.90 99999.90 99999.90
14.69 14.69 14.76 14.76 14.76 14.76 14.74 14.74 14.74 14.72 14.72 14.72 14.72 14.72 14.72 14.71 14.68 14.69 14.74 14.71 14.74 14.77 14.71 14.67 14.72 14.84 14.80 14.80 14.79 14.64 14.64 14.64 14.69 14.80 14.82 14.82 14.82 14.80 14.72 14.72 14.72 14.72 14.72 14.72 14.72 14.75 14.85 14.85 14.85 14.63 14.63 14.63 14.63 14.63 14.63 14.63 14.63 14.63 14.63 14.63 14.88 99999.90 99999.90 99999.90 99999.90 99999.90 99999.90 99999.90 99999.90 99999.90 99999.90 99999.90 99999.90 99999.90 99999.90 99999.90 99999.90
14.69 14.69 14.76 14.76 14.76 14.74 14.74 14.74 14.72 14.72 14.72 14.72 14.72 14.72 14.72 14.71 14.68 14.69 14.74 14.71 14.74 14.77 14.71 14.67 14.72 14.84 14.80 14.80 14.64 14.64 14.64 14.64 14.69 14.80 14.82 14.82 14.82 14.72 14.72 14.72 14.72 14.72 14.72 14.72 14.72 14.72 14.85 14.85 14.85 14.63 14.63 14.63 14.63 14.63 14.63 14.63 14.63 14.63 14.63 14.63 99999.90 99999.90 99999.90 99999.90 99999.90 99999.90 99999.90 99999.90 99999.90 99999.90 99999.90 99999.90 99999.90 99999.90 99999.90 99999.90 99999.90
14.76 14.76 14.76 14.76 14.76 14.74 14.74 14.74 14.72 14.72 14.72 14.72 14.72 14.72 14.72 14.71 14.68 14.69 14.74 14.71 14.74 14.77 14.71 14.67 14.72 14.84 14.80 14.80 14.64 14.64 14.64 14.64 14.69 14.80 14.82 14.82 14.82 14.72 14.72 14.72 14.72 14.72 14.72 14.72 14.72 14.72 14.72 14.85 14.85 14.85 14.63 14.63 14.63 14.63 14.63 14.63 14.63 14.63 14.63 14.63 99999.90 99999.90 99999.90 99999.90 99999.90 99999.90 99999.90 99999.90 99999.90 99999.90 99999.90 99999.90 99999.90 99999.90 99999.90 99999.90 99999.90
14.74 14.74 14.74 14.74 14.74 14.74 14.74 14.72 14.72 14.72 14.72 14.72 14.72 14.72 14.72 14.71 14.68 14.69 14.74 14.71 14.74 14.77 14.71 14.67 14.72 14.84 14.80 14.80 14.64 14.64 14.64 14.64 14.69 14.80 14.82 14.82 14.72 14.72 14.72 14.72 14.72 14.72 14.72 14.72 14.72 14.72 14.72 14.85 14.85 14.85 14.63 14.63 14.63 14.63 14.63 14.63 14.63 14.63 14.63 14.63 99999.90 99999.90 99999.90 99999.90 99999.90 99999.90 99999.90 99999.90 99999.90 99999.90 99999.90 99999.90 99999.90 99999.90 99999.90 99999.90 99999.90
99999.90 99999.90 14.74 14.74 14.72 14.72 14.72 14.72 14.72 14.72 14.72 14.72 14.72 14.72 14.72 14.71 14.68 14.69 14.74 14.71 14.74 14.77 14.71 14.67 14.72 14.84 14.80 14.64 14.64 14.64 14.64 14.64 14.69 14.80 14.82 14.82 14.72 14.72 14.72 14.72 14.72 14.72 14.72 14.72 14.72 14.72 14.72 14.72 14.85 14.85 14.85 14.85 14.85 14.85 14.85 14.85 99999.90 99999.90 99999.90 99999.90 99999.90 99999.90 99999.90 99999.90 99999.90 99999.90 99999.90 99999.90 99999.90 99999.90 99999.90 99999.90 99999.90 99999.90 99999.90 99999.90 99999.90
99999.90 99999.90 99999.90 14.72 14.72 14.72 14.72 14.72 14.72 14.72 14.72 14.72 14.72 14.72 14.72 14.71 14.68 14.69 14.74 14.71 14.74 14.77 14.71 14.67 14.72 14.84 14.80 14.64 14.64 14.64 14.64 14.64 14.69 14.80 14.82 14.82 14.72 14.72 14.72 14.72 14.72 14.72 14.72 14.72 14.72 14.72 14.72 14.72 14.72 14.72 14.75 14.75 14.75 99999.90 99999.90 99999.90 99999.90 99999.90 99999.90 99999.90 99999.90 99999.90 99999.90 99999.90 99999.90 99999.90 99999.90 99999.90 99999.90 99999.90 99999.90 99999.90 99999.90 99999.90 99999.90 99999.90 99999.90
