main/data/irradiance/23.01.2023.grid
ncols 839
nrows 679
xllcenter 112.0500
yllcenter -43.9500
cellsize 0.0500
nodata_value 99999.90
[rows 238 to 271 of 679, columns 308 to 384 of 839]
28.19 29.52 29.04 29.27 28.99 28.66 28.09 27.89 27.91 28.27 28.23 28.30 29.34 29.19 29.10 29.49 29.39 29.34 29.66 29.42 28.89 29.81 27.99 28.26 29.19 29.04 28.62 28.82 28.43 28.13 28.37 28.46 29.32 29.71 29.38 28.61 29.69 29.30 29.45 29.30 29.63 29.09 29.35 29.87 29.72 30.03 30.10 30.01 30.13 30.21 30.21 30.23 30.11 30.23 30.21 30.21 30.22 30.19 30.19 30.20 30.13 30.11 30.15 30.14 30.18 30.17 30.19 30.13 30.21 30.19 30.18 30.17 30.16 30.14 30.08 30.08 30.11
28.30 27.91 28.45 29.36 28.69 28.63 28.38 28.25 28.55 27.50 28.34 28.05 28.75 28.67 28.18 28.37 27.84 28.02 29.19 29.40 28.25 29.12 29.22 28.79 29.42 29.18 29.47 29.35 28.89 28.68 29.26 29.19 30.10 29.51 29.13 28.54 28.81 29.61 29.12 29.27 29.49 29.72 29.25 29.63 29.69 29.84 30.22 30.02 30.20 30.20 30.21 30.20 30.22 30.21 30.20 30.13 29.94 30.09 30.18 30.16 30.19 30.18 30.17 30.14 30.20 30.16 30.16 30.01 30.10 30.19 30.17 30.15 30.15 30.14 30.07 30.09 30.08
28.31 28.71 28.67 28.88 28.90 28.55 28.42 28.59 28.32 28.29 27.80 28.37 29.30 29.13 28.27 27.96 28.87 28.73 28.86 28.68 29.08 29.19 29.49 29.89 29.81 29.59 29.58 28.80 29.73 28.55 29.88 30.36 30.21 30.38 30.36 29.95 29.23 29.68 29.09 29.14 29.53 29.12 29.52 29.45 29.99 29.97 30.03 30.17 30.15 30.22 30.22 30.20 30.20 30.19 30.16 30.14 30.10 30.11 30.17 30.08 30.16 30.16 30.15 30.12 30.12 30.12 30.16 30.16 30.18 30.05 30.05 30.12 30.11 30.10 30.10 30.09 30.12
28.07 29.16 28.69 29.11 29.64 28.30 27.80 28.58 27.04 28.27 26.77 28.29 28.96 28.64 28.13 28.53 29.10 28.83 27.07 27.90 29.16 29.87 30.11 30.07 29.95 29.26 29.41 29.16 29.29 28.81 30.34 30.32 30.36 30.35 30.35 29.91 29.66 29.53 29.27 29.86 29.81 29.68 29.50 29.55 30.04 30.13 30.15 30.14 30.20 30.18 30.17 30.17 30.22 30.21 30.13 30.21 30.21 30.23 30.22 30.07 30.06 30.10 30.12 30.13 30.11 30.11 30.15 30.14 30.13 30.07 30.11 30.06 30.06 30.08 30.09 30.08 30.09
27.48 28.00 29.38 29.15 28.93 28.02 27.36 28.25 28.26 29.35 28.12 28.61 27.61 27.13 28.86 28.85 28.64 27.18 27.78 28.98 28.97 29.70 30.09 29.73 29.86 29.69 29.37 29.59 29.08 30.14 30.31 30.34 30.38 30.27 30.10 29.01 29.35 29.33 29.34 29.46 29.40 29.95 29.78 29.87 30.21 30.20 30.24 30.15 30.23 30.21 30.22 30.15 30.19 30.16 30.18 30.16 30.23 30.22 30.20 30.16 30.17 30.15 30.13 30.12 30.07 30.10 30.13 30.15 30.16 30.12 30.16 30.09 30.09 30.10 30.13 29.92 30.02
27.83 27.02 28.35 28.38 28.53 28.65 27.32 28.46 28.92 29.41 28.95 29.09 29.45 28.27 28.80 28.75 28.70 28.21 28.65 29.40 28.96 29.65 29.59 29.83 29.52 29.74 29.05 30.08 30.31 30.31 30.33 30.38 30.32 30.22 29.50 28.39 29.74 29.57 29.73 29.55 29.75 29.57 29.85 29.59 29.89 29.86 30.17 30.04 30.22 30.19 30.21 30.24 30.08 30.14 30.12 30.14 30.23 30.23 30.21 30.21 30.21 30.19 30.17 30.19 30.19 30.17 30.18 30.16 30.15 30.13 30.13 30.13 30.12 30.17 29.99 30.14 30.10
26.80 27.32 27.73 27.57 28.11 28.49 28.05 28.56 28.44 29.58 28.83 29.41 28.02 28.01 29.07 29.38 28.59 29.31 29.24 29.58 29.58 29.74 29.79 29.44 28.95 29.84 29.35 30.28 30.33 30.38 30.37 30.38 30.26 29.96 28.79 29.35 29.35 29.46 29.80 29.46 29.51 29.26 29.57 30.08 29.77 30.03 29.77 29.97 30.07 30.13 30.23 30.17 30.01 30.04 29.95 30.08 30.20 30.19 30.18 30.20 30.21 30.20 30.21 30.18 30.22 30.21 30.17 30.16 30.14 30.17 30.17 30.15 30.15 29.97 29.85 30.00 29.99
26.02 26.72 27.18 27.92 27.74 27.71 28.27 28.35 28.69 29.04 29.60 27.52 28.79 29.12 27.78 29.68 29.38 30.07 30.04 29.98 29.89 29.67 29.89 29.90 30.12 30.07 30.11 30.30 30.34 30.34 30.35 30.35 30.35 30.02 29.63 29.13 29.60 29.90 29.72 29.75 29.79 29.56 30.12 29.93 29.99 29.98 30.04 30.08 30.21 30.22 30.24 30.25 30.18 30.04 29.91 29.90 30.05 30.14 30.13 30.08 30.18 30.23 30.21 30.21 30.24 30.22 30.19 30.19 30.16 30.15 30.15 30.15 30.10 30.14 30.12 30.19 30.16
26.50 26.83 26.78 26.66 26.81 27.87 28.05 26.17 28.73 29.45 29.51 28.59 28.80 28.17 28.07 30.05 29.94 30.09 29.81 29.98 30.10 30.01 29.73 30.25 30.26 30.17 30.23 30.30 30.35 30.39 30.41 30.39 30.35 30.30 30.22 30.01 29.53 29.70 29.52 29.89 30.04 30.13 29.92 30.06 29.98 29.96 30.20 30.27 30.29 30.26 30.22 30.20 30.02 30.21 30.19 29.92 29.98 30.06 29.80 30.13 30.19 30.22 30.21 30.19 30.21 30.22 30.19 30.17 30.18 30.19 30.22 30.22 30.22 30.22 30.19 30.15 30.19
26.25 25.39 26.46 26.42 25.73 26.93 27.63 27.26 28.18 28.57 27.53 28.31 28.73 28.34 28.64 28.98 29.38 29.35 29.13 29.36 30.02 30.00 29.97 30.22 30.02 30.09 30.02 30.21 30.31 30.34 30.34 30.33 30.40 30.40 30.34 30.30 29.43 29.08 29.61 29.41 29.64 30.02 29.76 29.84 29.95 30.08 30.04 30.26 30.27 30.23 30.22 30.25 30.27 30.23 30.17 30.16 30.17 30.14 30.10 30.22 30.09 30.21 30.19 30.21 30.24 30.20 30.22 30.23 30.20 30.19 30.23 30.26 30.27 30.24 30.25 30.24 30.19
26.05 26.12 26.16 26.35 26.73 25.92 27.77 27.50 26.96 28.24 27.79 28.85 27.74 29.24 28.47 29.29 29.12 29.40 29.50 29.05 29.76 30.27 30.00 30.20 30.01 30.25 29.96 30.10 30.04 30.37 30.43 30.40 30.40 30.33 30.15 30.13 29.54 29.24 29.53 29.84 29.70 30.00 29.92 29.92 29.94 29.94 30.15 30.27 30.26 30.23 30.23 30.24 30.28 30.24 30.19 30.15 30.18 30.18 30.21 30.21 30.16 30.21 30.19 30.19 30.21 30.24 30.28 30.28 30.26 30.25 30.26 30.27 30.29 30.28 30.27 30.10 30.10
25.41 25.10 26.79 27.38 27.05 27.12 27.01 27.55 27.05 28.42 29.00 29.15 28.84 29.47 29.56 29.70 29.35 29.27 29.62 29.53 29.84 30.06 29.86 29.63 29.31 30.23 30.13 29.87 29.84 30.03 30.31 30.47 30.38 30.33 30.20 30.15 29.50 29.45 29.62 29.77 30.00 30.19 29.94 30.10 30.07 30.06 30.19 30.23 30.26 30.25 30.25 30.23 30.23 30.22 30.20 30.19 30.21 30.21 30.18 30.21 30.18 30.22 30.16 30.17 30.29 30.29 30.28 30.29 30.29 30.29 30.26 30.27 30.30 30.28 30.26 30.24 30.24
25.66 26.18 26.47 26.97 27.06 26.94 25.67 26.11 27.80 26.48 28.34 28.34 28.04 29.27 30.00 29.90 29.83 29.38 29.54 29.96 29.85 29.92 29.89 29.97 29.55 29.40 30.22 30.15 29.79 29.59 29.57 30.06 30.32 30.37 29.85 29.84 29.64 29.79 29.60 29.94 30.16 30.13 30.09 30.21 29.89 30.17 30.16 30.16 30.29 30.28 30.27 30.24 30.22 30.22 30.22 30.21 30.24 30.27 30.27 30.27 30.23 30.25 30.17 30.25 30.29 30.31 30.28 29.96 30.26 30.30 30.30 30.29 30.30 30.27 30.25 30.27 30.27
26.42 26.92 27.35 26.49 25.87 26.74 27.38 26.76 27.01 27.10 28.63 27.42 28.27 28.71 29.15 29.69 29.82 29.89 28.91 29.63 29.24 29.02 29.40 29.89 30.21 30.14 30.16 30.32 30.26 30.03 29.73 29.78 30.01 29.95 29.64 29.60 29.49 29.45 29.31 29.65 29.79 30.04 30.21 30.19 30.16 30.09 30.27 30.29 30.23 30.27 30.29 30.27 30.27 30.27 30.28 30.24 30.26 30.30 30.36 30.33 30.29 30.30 30.31 30.28 30.31 30.24 30.25 30.12 30.27 30.28 30.30 30.31 30.32 30.29 30.26 30.26 30.28
25.25 26.42 27.42 25.39 25.23 26.67 26.85 27.19 26.99 27.05 28.09 27.56 28.09 28.29 28.71 29.24 29.78 29.87 29.96 30.05 29.80 29.69 29.15 29.21 29.76 30.07 30.25 30.38 30.40 30.19 29.55 29.66 29.41 29.67 29.84 29.37 29.19 29.37 29.40 29.77 29.27 29.54 29.61 30.11 30.09 30.23 30.21 30.26 30.27 30.24 30.24 30.26 30.29 30.25 30.27 30.26 30.25 30.31 30.39 30.40 30.32 30.28 30.26 30.30 30.33 30.35 30.28 30.17 30.07 30.25 30.26 30.28 30.29 30.27 30.25 30.26 30.26
25.81 24.90 26.35 26.96 26.74 26.19 26.53 26.05 26.56 25.91 26.68 27.33 28.15 28.96 28.61 28.98 29.71 29.68 29.81 30.02 30.10 30.19 30.01 29.91 29.76 29.94 30.07 30.21 30.24 30.11 30.01 29.93 30.05 29.80 29.65 29.22 29.28 28.74 29.57 29.72 29.65 29.38 29.50 29.87 30.19 30.22 30.16 30.22 30.22 30.23 30.22 30.21 30.28 30.27 30.30 30.30 30.27 30.27 30.32 30.33 30.30 30.24 30.26 30.26 30.26 30.29 30.26 30.25 30.22 30.22 30.24 30.26 30.26 30.27 30.27 30.23 30.24
26.88 26.12 26.90 27.53 25.98 27.59 26.88 27.91 27.56 27.61 26.69 27.04 28.27 28.54 28.89 29.14 29.28 28.96 29.54 29.72 29.95 30.18 30.09 29.77 29.38 29.38 29.62 29.87 29.80 29.71 29.96 30.04 30.18 29.70 28.74 29.26 28.98 29.22 29.27 29.75 29.78 29.59 29.55 29.86 30.00 30.17 30.21 30.23 30.25 30.22 30.24 30.23 30.26 30.28 30.30 30.27 30.28 30.30 30.27 30.26 30.27 30.26 30.27 30.26 30.26 30.26 30.27 30.25 30.22 30.20 30.22 30.21 30.22 30.23 30.14 30.22 30.22
26.49 27.31 27.36 26.34 27.62 27.17 26.49 27.09 24.91 26.17 27.12 26.39 28.18 28.43 28.68 29.38 29.28 28.61 29.31 29.29 29.82 30.19 29.91 29.58 29.52 29.49 29.51 29.81 29.75 29.64 29.56 30.11 30.19 29.88 28.81 28.95 29.50 29.25 29.41 29.76 30.11 29.94 29.81 30.13 30.14 29.88 30.15 30.19 30.23 30.19 30.23 30.21 30.23 30.23 30.24 30.24 30.24 30.27 30.27 30.27 30.26 30.22 30.22 30.22 30.20 30.22 30.25 30.23 30.21 30.20 30.11 29.85 30.26 30.22 30.23 30.27 30.25
27.46 26.13 26.25 25.88 25.51 26.69 27.54 25.90 25.92 26.33 25.38 26.28 27.44 27.72 28.40 28.71 29.36 29.40 29.53 29.70 29.79 30.05 29.97 29.86 29.60 29.49 29.70 29.73 29.74 29.46 28.70 29.87 29.99 29.70 29.88 29.24 29.98 29.61 30.05 30.10 30.21 30.11 29.70 30.05 30.13 30.14 30.14 30.09 30.22 30.27 30.29 30.19 30.25 30.24 30.21 30.24 30.23 30.24 30.25 30.27 30.24 30.23 30.23 30.25 30.25 30.25 30.22 30.22 30.22 30.20 30.17 30.08 30.35 30.10 30.24 30.33 30.33
25.82 26.76 27.23 28.08 26.87 27.04 26.52 26.57 26.55 25.41 24.62 25.87 27.97 28.49 27.13 28.25 29.02 29.36 29.15 29.61 29.63 30.06 29.88 30.08 30.00 29.90 29.82 29.94 29.53 29.30 28.29 28.56 29.88 29.22 29.19 29.71 29.59 29.65 29.95 29.88 30.09 29.98 30.02 30.07 29.91 30.14 30.08 30.21 30.27 30.30 30.31 30.27 30.20 30.25 30.21 30.23 30.24 30.25 30.27 30.29 30.30 30.29 30.24 30.23 30.23 30.22 30.21 30.19 30.23 30.20 30.05 30.08 30.25 29.88 30.18 30.24 30.25
27.90 27.31 27.17 26.83 26.25 25.32 26.38 26.06 25.19 24.64 24.47 23.84 25.87 28.15 26.56 27.57 29.43 29.09 28.83 29.12 29.55 30.02 30.14 30.13 30.08 30.15 29.94 29.97 29.70 29.25 29.20 29.23 29.60 28.66 28.89 29.70 29.74 29.53 30.02 30.19 30.20 30.01 30.15 30.18 30.17 30.13 30.08 30.23 29.96 30.25 30.24 30.07 30.28 30.28 30.19 30.18 30.26 30.26 30.27 30.25 30.25 30.23 30.23 30.24 30.23 30.20 30.15 30.17 30.23 30.23 30.24 30.27 30.25 30.04 30.14 30.22 30.19
28.09 28.77 27.41 26.93 27.32 28.27 28.47 27.21 24.99 25.30 24.43 23.76 23.46 25.68 26.95 27.30 28.33 28.07 28.68 28.70 29.35 30.07 30.11 30.14 30.20 29.95 29.64 29.79 29.63 29.53 29.52 29.53 29.26 29.50 29.34 29.85 29.72 29.91 30.01 30.01 30.06 29.68 30.19 30.28 30.22 30.16 30.14 30.25 30.01 30.19 30.25 30.21 30.30 30.30 30.02 30.19 30.26 30.28 30.28 30.30 30.26 30.22 30.22 30.22 30.23 30.23 30.21 30.23 30.28 30.27 30.28 30.29 30.34 30.33 30.29 30.29 30.31
28.97 27.90 28.47 28.03 28.64 28.90 28.60 27.66 25.70 26.24 24.00 23.28 25.84 25.72 26.62 26.42 27.35 27.03 28.18 28.28 28.82 29.15 29.77 30.14 30.03 29.69 29.47 29.65 29.55 29.54 29.48 29.91 29.43 29.85 29.99 29.85 29.85 30.16 29.98 30.00 30.07 30.00 30.24 30.29 30.27 30.14 30.21 30.25 30.21 30.18 30.17 30.23 30.24 30.29 30.06 30.09 30.28 30.29 30.30 30.33 30.33 30.28 30.25 30.22 30.21 30.22 30.24 30.25 30.26 30.21 30.29 30.32 30.34 30.34 30.35 30.39 30.37
27.81 28.24 28.82 29.17 28.31 28.13 28.26 26.90 26.39 25.33 26.56 23.85 25.71 26.92 28.17 27.13 26.15 26.31 28.97 29.07 28.60 29.16 29.86 29.93 29.88 29.75 29.42 29.48 30.05 29.57 29.87 29.42 29.67 29.98 30.22 30.18 30.34 30.08 29.98 29.75 29.92 30.19 30.27 30.25 30.25 30.24 30.16 30.28 30.29 30.29 30.09 30.29 30.24 30.23 30.21 30.23 30.23 30.25 30.27 30.33 30.35 30.35 30.33 30.29 30.28 30.27 30.29 30.33 30.31 30.27 30.27 30.31 30.32 30.33 30.29 30.39 30.42
28.71 28.86 29.17 28.50 27.01 27.97 27.92 28.47 26.15 25.93 26.14 27.30 25.89 27.04 28.86 28.29 28.60 28.73 29.06 29.45 29.14 29.42 30.08 29.95 30.00 30.00 29.65 29.85 30.21 30.18 29.82 29.49 29.79 29.98 30.10 30.12 30.24 30.13 30.26 30.04 29.76 30.07 30.25 30.19 30.23 30.27 30.27 30.30 30.31 30.30 30.15 30.17 30.26 30.29 30.26 30.16 30.10 30.22 30.25 30.24 30.25 30.29 30.31 30.33 30.33 30.25 30.24 30.29 30.30 30.27 30.33 30.31 30.34 30.31 30.29 30.27 30.39
27.25 28.73 28.55 29.28 27.67 28.37 28.29 28.29 26.54 26.57 24.98 25.87 25.39 26.30 28.20 27.43 28.51 29.20 29.68 29.56 29.66 29.66 29.48 29.63 29.71 29.60 30.01 30.24 30.25 29.90 29.90 30.12 29.90 29.85 30.20 30.23 30.20 30.22 29.71 30.30 30.21 29.99 29.78 29.90 30.22 30.33 30.33 30.30 30.31 30.30 30.26 30.32 30.34 30.26 30.25 30.21 30.22 30.26 30.25 30.26 30.28 30.29 30.29 30.30 30.29 30.26 30.24 30.24 30.25 30.24 30.27 30.29 30.30 30.30 30.29 30.28 30.37
28.11 29.40 29.10 28.35 27.54 27.27 26.79 26.45 26.35 26.55 27.00 25.58 26.85 26.45 26.96 27.46 28.51 28.94 29.81 29.61 29.57 29.94 29.88 29.83 29.69 29.71 30.15 30.21 29.86 29.98 30.18 30.05 30.05 29.97 29.74 29.76 30.21 30.21 30.09 30.03 29.98 30.10 29.93 29.67 29.88 30.24 30.34 30.35 30.35 30.34 30.00 30.29 30.27 30.26 30.25 30.27 30.21 30.27 30.25 30.23 30.27 30.33 30.33 30.34 30.31 30.32 30.27 30.25 30.24 30.23 30.29 30.33 30.32 30.31 30.26 30.31 30.35
28.77 28.08 28.40 26.97 26.77 26.90 27.16 26.21 25.18 24.68 26.86 27.02 25.22 24.76 26.24 27.00 27.35 28.76 28.56 29.12 29.50 30.05 29.97 29.76 30.03 30.06 29.97 30.14 29.91 29.82 29.76 29.73 29.48 28.65 29.18 29.98 30.13 30.03 30.07 29.68 29.80 29.83 30.06 29.86 30.13 30.23 30.21 30.30 30.30 30.30 30.20 30.25 30.25 30.28 30.20 30.07 29.99 30.24 30.25 30.21 30.27 30.30 30.29 30.31 30.28 30.31 30.32 30.27 30.28 30.28 30.26 30.12 30.33 30.35 30.19 30.27 30.36
28.56 28.67 28.40 28.27 28.04 29.05 28.44 27.97 27.48 25.24 25.81 28.01 26.58 26.85 27.55 28.52 28.15 27.85 28.63 29.22 29.28 30.07 30.05 29.89 30.08 29.89 30.11 30.11 30.11 29.94 29.63 28.99 29.19 28.32 28.74 29.71 29.95 30.02 30.04 29.96 29.76 30.06 29.62 29.88 30.01 30.31 29.94 30.28 30.32 30.31 30.17 30.31 30.29 30.27 30.30 30.22 29.94 30.16 30.22 30.26 30.30 30.29 30.27 30.29 30.30 30.18 30.30 30.27 30.30 30.33 30.31 29.96 30.11 30.31 30.28 30.30 30.31
27.87 28.54 27.80 28.06 28.51 28.22 27.35 26.90 26.22 25.81 26.41 26.25 27.64 28.80 28.96 27.32 27.51 28.28 28.94 29.91 29.80 29.86 29.92 30.12 30.17 30.04 29.99 30.18 29.98 29.53 29.56 28.95 28.44 27.48 28.90 29.85 30.16 30.16 30.02 30.27 30.29 30.30 30.14 30.25 30.16 29.87 30.26 30.25 30.35 30.17 30.23 30.20 30.27 30.27 30.30 30.34 30.35 30.32 30.30 30.31 30.32 30.30 30.27 30.28 30.30 30.32 30.33 30.25 30.22 30.29 30.16 30.31 30.25 30.30 30.31 30.30 30.30
28.35 29.10 28.83 27.59 28.65 27.83 26.67 25.95 23.21 24.95 25.77 27.27 26.07 27.68 28.12 27.84 28.07 28.24 28.65 29.58 28.97 28.98 28.72 29.68 29.70 29.27 30.18 30.21 29.79 30.04 29.51 29.58 28.66 27.54 29.00 28.99 30.10 30.13 30.08 30.29 30.33 30.22 30.05 30.22 30.16 29.74 30.24 30.11 30.23 30.28 30.11 30.26 30.29 30.28 30.27 30.29 30.13 30.28 30.33 30.33 30.32 30.22 30.31 30.27 30.26 30.34 30.35 30.32 30.26 30.07 30.13 30.29 30.34 30.26 30.31 30.33 30.30
28.78 28.86 29.17 28.44 27.62 27.13 26.38 26.21 24.14 24.99 25.66 26.73 28.39 28.41 27.66 28.88 28.04 28.36 28.47 28.44 28.43 28.30 29.13 29.58 28.90 29.32 29.84 29.78 29.93 29.64 29.57 30.12 28.59 28.72 29.10 28.55 29.37 29.45 29.96 30.17 30.25 29.99 29.93 30.03 30.23 30.08 30.24 30.26 30.29 30.32 30.25 30.29 30.27 30.24 30.25 30.26 30.31 30.24 30.31 30.35 30.37 30.37 30.33 30.27 30.28 30.26 30.23 30.23 30.25 30.22 30.27 30.34 30.35 30.28 30.34 30.36 30.31
28.81 27.94 28.44 28.41 27.88 27.33 26.69 26.16 25.09 25.67 25.90 26.92 27.90 28.72 27.97 28.46 28.19 28.13 29.53 28.29 28.39 28.57 28.37 28.89 28.90 29.55 29.66 29.72 29.97 29.92 29.31 30.15 28.96 29.01 29.06 28.85 29.19 29.23 29.46 29.54 29.79 29.51 30.01 29.88 29.96 30.09 30.34 30.25 30.35 30.38 30.29 29.84 30.13 30.29 30.26 30.26 30.29 30.32 30.35 30.33 30.27 30.35 30.38 30.34 30.34 30.33 30.29 30.29 30.10 30.26 30.04 30.29 30.32 30.30 30.02 30.34 30.28
28.15 27.09 29.20 29.52 28.89 27.14 26.95 26.82 27.28 27.67 26.52 28.18 29.04 28.57 27.13 27.97 27.40 28.54 28.93 28.33 28.66 27.99 28.74 28.67 29.47 29.49 29.45 29.72 30.11 29.91 29.41 28.71 29.25 28.91 29.24 29.43 28.90 28.96 28.65 29.17 29.49 28.94 29.43 29.31 29.88 30.20 30.16 30.26 30.27 30.10 30.17 30.06 29.90 30.20 30.19 30.24 30.21 30.31 30.35 30.31 30.34 30.33 30.33 30.36 30.35 30.37 30.39 30.37 30.36 30.33 29.81 30.21 30.27 30.28 29.70 30.10 30.28
