main/data/irradiance/23.03.2023.grid
ncols 839
nrows 679
xllcenter 112.0500
yllcenter -43.9500
cellsize 0.0500
nodata_value 99999.90
[rows 170 to 203 of 679, columns 385 to 461 of 839]
22.43 22.50 22.48 23.31 23.74 23.51 23.09 20.87 21.24 22.81 22.60 22.96 22.49 22.48 22.13 22.28 23.24 23.43 23.62 23.33 22.55 22.96 22.24 22.93 22.64 22.18 23.41 23.38 22.98 22.20 22.23 23.01 23.02 22.83 22.29 21.94 21.58 21.34 21.44 21.38 20.85 19.38 20.00 21.28 21.30 19.79 18.71 18.79 18.46 18.16 19.10 19.40 19.35 20.41 20.33 19.83 18.37 19.46 20.39 21.27 21.18 20.50 19.24 20.32 21.51 21.71 23.47 24.37 23.20 22.31 22.77 23.62 24.43 23.15 22.41 24.77 25.32
23.21 22.97 22.65 23.75 22.76 23.29 23.39 23.52 22.59 23.35 21.94 22.20 23.03 22.08 22.62 21.30 23.14 23.03 21.47 22.88 23.25 23.93 23.62 23.42 22.33 22.95 23.45 22.76 23.05 22.83 23.38 23.49 23.68 23.54 22.28 21.06 20.52 19.98 20.34 20.25 20.22 20.05 19.43 20.02 20.25 19.91 18.49 17.84 18.50 19.36 19.39 19.42 18.89 19.64 19.51 20.10 18.55 17.90 19.74 21.63 21.24 18.87 20.28 19.89 21.55 21.29 20.36 22.53 21.43 20.80 20.94 21.33 22.11 23.08 23.55 24.65 23.86
22.91 22.59 23.06 22.95 23.02 23.41 22.76 23.81 23.81 23.76 23.02 21.66 22.78 22.50 21.49 21.66 22.80 22.15 21.32 21.44 21.70 22.18 22.92 22.80 23.17 22.75 22.89 22.30 21.65 21.84 22.51 22.22 22.81 22.19 21.74 21.07 20.40 20.33 20.23 20.84 18.88 19.31 20.12 19.09 20.77 20.88 19.24 18.38 18.43 18.27 20.11 19.46 18.54 18.10 18.69 21.51 20.48 19.30 20.21 21.96 21.48 20.44 21.30 22.08 20.49 20.60 20.63 21.39 20.76 21.31 21.04 21.04 20.52 22.12 23.80 24.06 22.93
23.15 23.41 23.11 23.10 23.64 24.02 22.98 23.30 23.35 23.34 23.27 22.29 22.08 23.52 22.90 22.20 23.37 23.05 22.37 22.75 22.47 22.49 22.60 21.88 22.30 22.65 22.96 22.73 21.51 22.37 22.24 21.86 22.29 21.58 22.04 21.89 20.56 20.34 20.93 21.58 19.86 18.49 19.78 20.98 20.73 20.14 20.23 18.97 18.63 19.05 20.96 21.35 21.32 20.00 19.77 19.64 20.16 20.09 21.31 22.79 22.99 22.91 22.45 22.92 21.90 21.45 23.04 22.66 22.15 22.90 22.25 21.47 22.01 22.21 24.54 23.67 23.51
23.29 23.08 23.21 23.46 23.72 23.44 23.02 22.99 22.72 21.78 22.05 23.28 22.73 23.29 23.29 23.33 23.30 22.54 22.66 22.08 22.02 21.21 22.53 23.14 21.32 22.39 22.41 21.63 21.59 22.31 22.38 22.37 20.97 20.27 20.55 20.87 20.60 19.97 20.48 20.50 20.19 19.62 20.16 18.75 17.87 19.25 21.55 21.61 20.85 20.20 22.30 21.28 20.56 20.95 21.50 19.33 20.19 20.98 22.36 22.39 23.34 24.19 23.69 22.32 22.35 21.00 21.07 21.43 22.09 23.11 22.05 22.29 22.32 22.78 23.44 24.67 24.57
23.37 22.66 23.13 23.35 22.57 22.44 22.32 22.51 22.12 21.36 20.97 21.45 22.16 22.72 22.74 22.07 22.32 22.46 21.32 19.87 19.88 19.85 20.17 21.73 21.61 22.16 22.30 22.21 22.69 21.82 21.56 21.68 20.42 19.19 19.86 20.39 19.94 20.15 20.32 19.21 19.25 20.00 19.69 20.22 18.92 19.96 20.73 21.00 18.29 18.19 19.50 19.63 20.86 21.01 20.72 19.46 20.81 21.65 22.35 21.83 23.72 23.44 22.79 21.43 21.26 21.41 20.30 22.69 23.18 23.51 23.18 23.02 23.10 23.62 24.24 23.55 23.94
22.87 23.14 22.76 22.78 22.92 22.31 22.14 21.28 20.31 20.49 20.44 20.40 21.02 21.35 21.57 21.40 22.04 21.38 20.10 19.52 19.82 19.99 20.12 20.96 21.09 21.49 22.17 22.72 21.68 20.60 20.12 20.56 19.35 19.13 19.07 20.20 20.09 19.48 19.78 19.74 19.19 19.17 21.20 22.34 22.19 21.50 21.72 21.11 21.05 20.27 20.88 22.46 21.50 20.45 21.49 20.37 21.39 20.62 21.58 21.59 22.81 21.85 21.36 19.77 19.92 19.71 20.18 21.09 22.90 22.34 23.41 23.99 22.89 24.05 24.90 24.20 24.57
22.48 23.25 23.10 22.64 23.14 23.06 23.37 22.45 21.14 21.27 21.04 20.87 22.03 21.34 20.40 20.77 21.31 21.17 20.31 19.78 19.34 20.07 20.58 20.85 20.82 21.45 20.76 21.93 22.94 21.46 20.47 21.02 21.35 21.65 19.58 18.75 19.42 19.67 21.06 20.91 20.69 21.42 22.47 22.61 21.87 22.64 23.32 23.02 22.09 22.38 22.11 21.29 19.70 19.75 20.82 22.38 22.82 20.51 22.18 21.43 21.65 20.87 21.63 21.43 22.46 20.36 20.62 21.01 22.48 23.55 24.14 24.74 23.65 23.68 23.95 24.13 23.01
22.74 22.97 23.26 22.93 22.87 22.84 23.17 22.47 21.79 21.21 20.86 21.37 21.94 21.06 21.07 21.45 21.78 21.43 21.00 20.50 21.10 20.83 19.87 20.90 21.86 22.75 21.34 21.97 22.97 23.17 21.78 21.86 22.81 22.91 20.80 20.80 20.48 21.18 21.86 21.17 20.88 21.53 21.84 22.23 21.73 20.82 21.82 22.85 23.26 21.68 19.87 21.06 22.45 23.13 22.83 23.95 22.15 21.02 20.18 19.48 21.72 21.38 22.57 23.63 23.24 23.30 22.40 21.84 21.59 22.92 22.81 22.66 23.41 22.89 21.98 23.45 23.55
22.04 22.74 22.67 22.43 23.22 23.58 23.00 22.66 22.44 22.36 22.84 22.72 22.85 22.82 22.04 22.01 22.64 22.21 21.49 21.16 20.99 21.16 20.55 22.42 21.80 23.09 22.34 21.56 20.60 22.29 21.53 21.80 22.33 22.06 22.87 22.85 23.06 21.97 21.88 20.62 20.85 20.97 21.77 22.49 22.11 23.37 23.08 22.92 22.24 23.74 22.55 21.67 22.41 23.11 23.23 21.72 20.05 21.39 21.09 21.15 21.46 22.26 22.22 22.17 22.43 23.23 22.43 21.85 21.80 22.69 22.69 23.51 23.75 23.09 23.49 22.94 23.45
22.26 22.06 21.29 21.90 22.42 22.84 22.44 22.18 22.52 22.21 22.69 23.16 22.92 22.86 22.31 22.05 23.09 22.93 23.06 22.74 22.50 22.55 22.40 22.48 22.77 22.85 22.27 22.06 22.57 22.54 22.69 22.06 22.69 22.09 22.37 22.75 22.18 21.28 20.77 21.84 22.47 21.87 22.65 21.21 21.92 22.50 22.63 23.12 23.59 24.08 23.76 23.00 22.92 22.94 22.88 24.03 22.89 21.93 21.71 22.28 22.11 22.97 23.43 23.42 23.55 21.89 21.73 22.40 23.19 23.44 23.56 23.97 22.91 23.59 23.69 23.22 23.16
22.18 21.43 21.79 20.95 21.04 20.99 21.52 22.08 22.36 22.21 22.42 22.28 22.62 22.70 22.89 22.49 22.48 22.90 23.08 23.33 23.06 22.89 23.06 22.72 22.66 23.31 23.17 23.69 23.28 23.11 22.99 22.10 21.55 21.79 21.63 22.36 21.52 20.70 21.98 23.18 22.16 23.01 23.31 21.82 23.02 22.30 23.29 23.07 22.89 24.09 23.75 23.11 22.93 23.54 23.77 23.70 22.86 22.08 22.40 24.16 23.39 23.91 24.17 22.53 22.05 22.32 22.69 22.49 22.58 23.53 24.59 23.69 23.21 22.77 23.55 23.72 23.87
21.96 21.99 22.30 21.55 21.61 21.54 21.26 21.83 22.75 23.19 22.30 21.86 22.51 22.57 22.57 22.90 22.43 22.65 22.68 22.73 23.25 22.90 22.73 22.88 23.69 23.55 23.10 23.72 22.73 22.86 22.17 21.34 21.01 21.23 22.20 22.66 22.42 21.87 22.98 21.96 22.46 22.40 22.73 23.25 23.95 23.01 22.90 23.61 23.42 23.31 23.17 23.24 22.91 23.46 23.49 23.95 21.99 21.16 23.49 23.57 23.97 22.30 22.43 22.71 23.30 23.49 20.54 22.18 23.10 24.22 23.24 23.32 22.88 23.11 21.48 22.96 24.24
21.07 22.00 22.54 22.40 22.30 22.08 22.50 22.48 22.71 22.62 22.66 21.96 21.92 21.55 21.06 21.54 21.97 23.08 23.32 22.43 22.18 21.86 21.83 22.48 23.54 23.54 23.37 23.67 23.29 23.87 22.80 23.68 22.05 20.94 22.43 22.37 23.06 22.12 22.75 21.93 22.35 22.01 22.63 23.27 23.30 23.13 23.76 23.27 23.10 23.67 23.04 23.05 23.08 23.10 23.13 21.45 20.72 22.02 22.78 23.33 23.50 21.64 21.22 22.12 23.21 24.10 22.05 21.51 22.05 23.31 22.97 22.06 22.10 22.38 22.71 23.49 22.90
22.00 22.39 22.82 23.07 23.07 22.77 22.59 22.52 22.31 22.44 22.26 22.11 22.20 22.54 23.12 22.77 22.54 22.56 21.95 21.27 21.76 21.15 21.71 22.19 22.72 23.42 23.79 23.37 23.00 24.00 23.18 22.77 23.46 23.18 23.05 23.24 22.98 23.18 23.42 23.14 23.51 23.71 23.51 23.20 22.92 23.12 23.71 23.36 23.52 23.68 22.80 23.77 23.90 23.14 23.99 23.05 22.27 21.21 23.01 23.15 23.05 22.80 21.95 21.95 22.15 22.89 23.67 23.54 21.06 22.10 21.31 22.45 21.97 21.81 22.57 23.35 23.30
22.58 22.82 22.92 22.66 22.80 23.19 23.08 23.05 22.81 22.75 21.92 21.64 22.02 22.60 23.33 23.63 23.39 23.14 22.61 22.67 22.49 21.63 22.77 21.76 20.77 21.66 23.03 23.80 22.63 22.08 23.13 23.88 23.58 24.31 24.18 23.74 23.92 23.66 22.77 22.78 23.38 24.10 24.03 24.11 24.31 23.02 23.09 23.37 23.05 23.70 24.21 24.29 23.61 23.59 21.97 22.99 24.18 23.55 24.18 23.10 23.03 20.16 21.40 22.71 21.11 21.76 22.89 23.09 23.36 23.08 20.78 22.18 20.92 21.02 22.96 22.27 23.01
22.59 22.84 23.24 23.18 23.37 23.10 22.85 23.35 23.69 23.11 22.77 22.82 22.80 22.73 23.20 23.25 23.87 23.72 23.62 23.38 22.80 23.14 22.56 21.85 22.19 22.15 23.16 23.08 23.68 23.84 23.96 23.60 23.64 24.20 24.08 23.90 23.48 23.28 24.32 23.83 23.38 22.82 23.67 24.05 24.02 23.81 23.63 23.31 23.15 24.21 23.02 23.47 23.47 23.74 22.74 22.64 22.46 22.62 21.84 22.48 22.40 22.78 20.72 23.34 23.00 23.61 23.35 23.18 23.58 23.45 22.56 22.06 20.30 20.23 21.20 22.86 21.97
20.87 21.39 21.81 22.67 22.29 22.70 22.43 22.74 23.45 23.15 22.73 22.57 22.90 22.99 22.90 23.20 23.44 23.80 24.02 24.05 24.00 24.05 23.45 23.68 23.64 23.60 22.12 22.80 24.01 23.50 23.44 23.82 23.53 23.17 23.42 23.63 23.82 24.18 23.76 24.34 23.99 24.05 23.94 23.74 23.67 24.00 24.38 24.65 24.22 23.47 24.12 23.57 23.08 23.01 21.70 23.15 22.94 23.13 22.91 22.19 22.96 24.29 22.67 23.06 22.67 22.74 22.24 22.95 22.59 22.07 21.82 22.38 21.14 19.78 21.76 20.50 22.29
21.10 21.01 21.27 22.02 22.17 22.43 22.81 22.21 22.14 22.33 22.37 22.36 23.13 23.34 23.32 23.76 23.32 24.03 24.00 24.06 24.45 24.36 24.37 24.31 24.55 24.51 23.64 23.46 23.95 23.17 23.14 23.41 23.36 23.43 23.72 23.08 23.64 24.04 24.64 24.83 24.90 24.65 25.04 24.93 24.66 24.08 24.38 24.35 24.30 24.27 23.83 23.69 23.01 23.16 23.25 23.61 24.16 23.57 22.85 22.40 24.14 23.83 23.02 22.39 20.64 21.06 23.37 22.22 19.72 21.35 22.11 22.18 22.21 21.11 20.53 21.78 22.38
21.12 20.62 20.76 21.01 21.58 21.42 21.90 21.21 21.26 21.96 22.47 22.15 22.28 22.95 23.07 23.69 24.00 23.83 23.65 24.17 24.29 24.32 24.55 24.24 24.18 24.31 23.64 23.74 24.53 24.27 24.15 22.65 23.49 23.37 24.52 24.76 24.77 24.49 24.34 24.24 23.60 23.81 23.84 23.91 23.99 23.95 23.78 23.86 23.73 23.72 23.44 23.79 23.72 23.22 23.94 23.79 23.98 24.22 24.08 24.07 23.96 24.19 24.03 22.23 22.75 23.67 22.68 22.14 22.13 22.18 20.26 20.83 20.18 20.06 19.72 20.39 21.80
21.07 20.76 20.64 21.73 22.07 21.82 21.28 22.43 22.52 21.99 22.58 22.58 21.97 22.08 22.11 23.55 24.16 24.10 23.98 24.07 24.59 24.40 24.18 24.79 24.76 24.41 24.09 23.92 23.12 23.87 23.99 24.43 23.13 23.22 23.24 22.60 24.33 23.36 22.72 23.27 23.39 23.03 22.88 23.25 23.72 23.40 23.40 23.87 23.58 23.30 24.39 24.06 23.45 23.91 23.55 22.44 23.54 23.52 23.74 24.07 24.32 23.91 24.05 23.65 23.60 24.28 23.59 20.83 21.67 21.98 21.93 21.52 21.97 21.65 21.01 20.52 22.62
22.35 21.83 22.35 22.69 22.17 22.85 23.37 23.75 23.67 23.33 22.92 23.08 20.86 20.81 21.44 22.47 24.10 23.63 23.98 23.95 23.97 24.24 24.27 24.35 24.17 24.77 24.83 24.72 24.63 24.22 23.94 24.47 24.83 24.67 24.27 23.74 23.84 23.58 24.16 24.18 24.24 24.34 24.06 23.27 23.54 23.53 23.91 23.90 23.67 24.13 23.76 23.78 23.77 23.60 23.76 24.50 24.16 23.56 24.04 23.74 23.25 23.58 23.92 22.77 23.76 23.94 24.22 23.48 23.33 22.97 22.17 22.59 22.38 23.26 23.14 22.49 23.09
23.01 22.83 23.65 23.59 22.46 23.28 23.52 23.79 23.95 23.49 23.01 22.56 21.76 22.13 22.39 22.70 23.79 24.20 24.05 24.11 23.89 24.11 23.86 24.18 24.12 24.48 24.27 24.55 24.72 24.80 24.56 24.52 24.63 24.56 24.80 24.53 24.60 23.92 24.26 24.63 24.66 24.76 24.54 24.57 24.28 24.01 23.83 23.90 23.85 24.15 23.95 24.48 24.49 24.02 23.67 24.13 24.46 24.44 24.13 24.09 23.98 23.55 23.61 23.72 24.08 23.47 23.87 23.78 23.08 22.78 22.73 22.53 21.99 22.83 23.31 22.26 22.12
23.97 24.02 23.76 23.99 23.91 24.06 24.38 24.06 24.47 24.29 24.44 24.38 24.22 24.04 23.97 25.01 24.83 24.80 24.62 24.31 24.27 24.36 24.00 22.95 23.50 24.01 23.72 23.69 24.61 24.57 24.71 24.68 24.87 24.92 24.73 24.86 24.77 24.88 24.56 24.66 24.42 24.61 24.53 24.27 24.34 24.49 24.30 24.00 23.75 23.99 24.29 24.30 24.18 24.66 24.66 24.27 22.85 23.22 23.88 23.65 24.37 24.48 24.30 23.15 24.29 23.39 23.19 23.54 23.05 23.78 23.56 23.41 23.56 23.12 22.27 22.88 21.79
24.29 24.37 24.10 24.12 24.23 24.45 24.52 24.08 24.23 24.20 24.36 24.69 24.66 24.77 24.81 24.91 24.90 24.88 24.75 24.51 24.06 24.65 23.82 24.42 24.04 23.79 24.00 24.18 24.46 24.34 24.76 24.74 24.84 25.03 25.02 25.03 24.87 24.92 25.03 25.02 24.80 24.57 24.63 24.39 24.26 24.41 24.64 24.29 23.78 24.17 23.70 24.31 24.38 24.22 24.45 24.19 24.07 23.83 24.20 23.61 23.64 23.75 23.22 23.56 23.83 23.54 23.68 23.31 23.39 22.93 23.81 23.68 23.13 22.88 23.24 21.83 23.25
23.66 24.19 24.59 24.61 24.11 24.28 24.51 24.41 24.40 24.32 24.47 24.71 24.57 24.59 24.66 24.75 24.91 24.84 24.91 24.85 24.91 24.77 24.68 24.76 24.06 23.95 23.59 23.47 24.07 24.24 24.04 24.92 24.48 24.34 24.87 24.66 24.89 24.87 24.72 25.02 24.73 24.40 24.57 24.49 24.34 24.22 24.13 24.43 24.34 24.75 24.41 24.51 24.41 24.63 24.12 24.27 23.77 24.18 24.02 23.93 22.86 23.68 23.07 23.17 22.76 23.41 23.27 22.83 23.54 22.58 22.54 23.01 23.32 23.80 22.73 23.34 23.02
24.33 24.60 24.66 24.62 24.48 24.37 24.34 24.22 24.27 24.09 24.48 24.42 24.44 24.33 24.73 24.70 24.50 24.75 24.74 24.76 24.58 24.87 24.87 24.89 24.90 24.62 23.74 24.40 24.31 24.12 24.11 24.29 24.80 24.55 24.88 24.99 24.49 24.54 24.29 24.17 24.15 23.82 24.20 24.45 24.62 24.24 24.46 24.48 23.87 24.38 24.33 24.74 24.31 24.38 24.20 24.66 24.06 24.25 23.77 23.80 23.78 23.97 23.13 23.45 23.42 23.11 23.54 23.50 23.51 23.38 23.29 23.50 23.52 23.77 23.34 24.10 23.09
24.89 24.84 24.79 24.73 24.59 24.52 24.54 24.42 24.59 24.52 23.96 24.41 24.25 24.18 24.43 24.47 24.88 24.58 24.64 24.76 24.54 24.61 24.49 24.76 24.79 24.88 24.92 24.97 24.81 24.71 24.33 24.43 24.04 24.42 24.31 24.63 24.42 24.42 24.43 24.49 24.12 24.10 24.14 24.21 24.51 24.54 24.39 24.44 24.57 24.18 24.22 24.67 24.51 24.38 24.33 24.25 24.54 24.57 24.20 24.51 23.60 23.12 23.98 24.31 23.36 23.25 23.26 23.63 23.25 23.08 23.56 24.06 23.19 22.73 23.52 23.79 23.60
24.94 24.85 24.85 24.82 24.77 24.62 24.62 24.55 24.66 24.45 24.51 24.39 24.11 24.39 24.30 24.43 24.43 24.13 24.76 24.64 24.63 24.44 24.42 24.70 24.66 24.76 24.86 24.76 24.74 24.82 24.89 24.87 24.66 24.47 24.33 24.19 24.38 24.47 23.61 23.79 23.07 23.43 23.55 23.93 24.56 24.35 24.08 23.68 24.16 24.34 24.74 24.68 24.95 24.85 24.75 24.44 24.64 24.60 24.15 23.68 23.81 24.43 24.16 23.69 23.94 22.82 23.61 22.95 22.88 22.51 22.79 22.92 22.59 23.68 23.23 23.51 23.88
24.78 24.61 24.75 24.83 24.92 24.83 24.35 24.68 24.45 24.48 24.52 24.51 24.54 24.49 24.32 24.70 24.70 24.19 24.63 24.39 24.31 24.44 24.68 24.61 24.67 24.66 24.54 24.67 24.79 24.78 24.61 24.38 24.85 24.88 24.64 24.45 24.44 24.74 24.37 24.55 24.60 24.68 24.41 24.38 24.25 24.02 23.94 24.03 24.22 23.69 23.97 24.16 24.33 24.45 24.55 24.54 24.68 24.21 23.91 24.00 23.54 23.53 24.09 23.27 23.74 23.73 23.03 23.32 23.36 23.42 23.50 23.32 23.29 23.05 23.77 23.41 23.89
23.39 23.47 24.55 24.77 24.76 24.28 24.53 24.64 24.83 24.70 24.60 24.36 24.39 24.63 24.55 24.67 24.49 24.68 24.66 24.68 24.69 24.77 24.78 24.67 24.27 24.59 24.63 24.65 24.45 24.39 24.56 24.61 24.55 24.90 24.67 24.69 24.63 24.64 24.68 24.67 24.54 24.33 24.46 24.07 23.70 23.29 23.48 24.16 24.55 24.41 24.56 23.29 23.49 23.69 23.92 23.47 24.10 24.21 24.39 24.31 23.63 23.92 24.36 24.02 24.12 23.64 23.57 23.83 23.49 23.72 23.03 23.61 22.92 22.15 23.00 22.33 22.88
22.86 22.95 23.60 23.90 23.91 23.86 24.17 24.66 24.62 24.59 24.45 24.27 24.48 24.53 24.16 24.50 24.72 24.66 24.71 24.69 24.89 24.84 24.83 24.90 24.95 24.86 24.97 24.79 24.69 24.61 24.86 24.73 24.65 24.79 24.63 24.81 24.71 24.37 24.57 24.60 24.46 23.83 24.60 24.10 23.71 24.48 24.25 23.99 24.27 24.35 23.86 24.41 24.61 24.53 23.81 24.16 24.16 23.92 23.91 24.16 24.12 24.24 24.13 24.11 24.43 24.46 24.01 23.84 24.17 23.82 23.94 23.66 22.94 20.74 22.57 22.62 23.32
23.08 22.50 22.80 22.91 22.49 23.79 24.49 23.28 22.72 24.30 23.54 23.33 23.80 22.82 23.71 24.46 24.66 24.66 24.58 24.43 24.77 24.79 24.55 24.82 24.84 24.97 24.97 24.86 24.79 24.86 24.38 24.10 24.46 24.47 24.65 24.47 24.78 24.83 24.70 24.64 24.55 24.57 24.43 24.08 24.33 24.15 24.20 23.61 22.72 23.44 23.40 23.52 23.94 23.69 23.68 23.28 23.72 23.22 23.35 23.31 23.98 23.99 24.03 24.18 24.19 24.32 24.36 24.25 24.26 23.29 23.69 24.04 23.66 22.24 22.30 22.36 21.92
22.74 23.64 24.39 24.41 23.93 24.25 23.12 22.39 22.43 22.88 23.21 24.09 23.69 23.92 23.94 24.63 24.58 24.34 24.32 24.41 24.66 24.47 24.54 24.62 24.92 24.95 24.82 24.96 24.99 24.91 24.79 24.66 24.50 24.10 24.37 24.33 24.26 24.22 23.95 24.59 24.55 24.58 24.71 24.45 24.18 24.36 23.78 24.20 23.88 23.57 24.28 22.93 23.44 24.15 24.26 24.07 24.25 24.20 23.73 23.22 23.84 23.71 23.79 23.87 24.10 23.72 24.21 23.83 23.86 23.59 24.25 24.36 24.48 23.72 23.61 23.62 22.02
