main/data/irradiance/23.09.2023.grid
ncols 839
nrows 679
xllcenter 112.0500
yllcenter -43.9500
cellsize 0.0500
nodata_value 99999.90
[rows 442 to 475 of 679, columns 616 to 692 of 839]
20.21 20.47 20.29 20.69 20.65 20.65 20.64 20.51 20.58 20.67 20.89 21.07 21.08 21.06 21.09 21.00 20.97 21.11 21.02 21.04 21.15 21.17 21.13 21.16 21.02 20.98 21.06 21.05 21.16 21.36 21.48 21.49 21.48 21.53 21.43 21.45 21.46 21.53 21.55 21.53 21.54 21.52 21.46 21.50 21.18 21.47 21.53 21.50 21.54 21.55 21.57 21.56 21.53 21.53 21.38 21.29 21.40 21.40 21.46 21.49 21.38 21.36 21.45 21.47 21.53 21.50 21.46 21.44 21.42 21.49 21.45 21.46 21.42 21.46 21.35 21.33 21.35
20.22 20.26 20.75 21.02 20.69 20.71 20.70 20.36 20.40 20.51 20.57 20.84 21.02 21.15 21.27 21.05 20.94 21.22 21.13 21.23 21.22 21.21 21.23 21.17 20.98 21.01 21.02 21.15 21.10 21.28 21.32 21.35 21.47 21.47 21.55 21.52 21.53 21.55 21.56 21.55 21.54 21.57 21.51 21.47 21.23 21.36 21.45 21.46 21.47 21.55 21.57 21.54 21.53 21.48 21.25 21.29 21.43 21.44 21.46 21.43 21.45 21.40 21.43 21.46 21.47 21.49 21.42 21.42 21.41 21.43 21.47 21.46 21.41 21.40 21.40 21.33 21.34
20.12 20.48 20.79 20.58 20.60 20.86 20.30 20.54 20.57 20.71 20.93 20.87 20.65 21.16 21.35 21.21 21.23 21.13 21.18 21.06 21.04 21.20 21.19 21.23 21.16 20.97 21.17 21.17 21.34 21.47 21.50 21.46 21.47 21.45 21.50 21.50 21.49 21.51 21.57 21.53 21.50 21.50 21.47 21.46 21.36 21.32 21.41 21.43 21.40 21.52 21.53 21.52 21.51 21.45 21.16 21.38 21.37 21.34 21.41 21.39 21.39 21.38 21.37 21.32 21.46 21.49 21.37 21.40 21.36 21.40 21.44 21.45 21.51 21.38 21.33 21.27 21.36
20.52 20.70 20.81 20.82 20.76 20.48 20.46 20.49 20.49 20.47 20.99 21.08 20.80 20.85 21.02 21.12 21.24 21.16 21.16 21.29 21.30 21.09 21.16 21.15 21.18 21.07 21.06 21.21 21.30 21.43 21.51 21.51 21.46 21.34 21.44 21.47 21.47 21.50 21.53 21.51 21.47 21.45 21.47 21.47 21.30 21.37 21.40 21.37 21.37 21.49 21.49 21.49 21.46 21.46 21.41 21.46 21.43 21.38 21.36 21.44 21.35 21.42 21.40 21.44 21.48 21.45 21.39 21.34 21.43 21.43 21.39 21.42 21.41 21.35 21.41 21.25 21.23
20.77 21.05 21.25 21.00 20.58 20.60 20.30 20.37 20.61 20.61 20.67 20.89 21.06 21.03 20.85 20.94 21.21 21.26 21.26 21.39 21.21 21.06 21.18 21.28 21.15 21.16 21.10 21.18 21.34 21.47 21.48 21.50 21.48 21.44 21.45 21.44 21.40 21.40 21.47 21.45 21.45 21.44 21.47 21.47 21.40 21.38 21.38 21.42 21.48 21.49 21.46 21.40 21.36 21.44 21.44 21.39 21.43 21.39 21.39 21.28 21.39 21.39 21.36 21.40 21.42 21.38 21.52 21.49 21.38 21.41 21.40 21.45 21.43 21.27 21.39 21.36 21.36
20.48 20.66 20.83 21.17 20.90 20.97 20.27 20.22 20.68 20.52 20.48 20.58 20.86 21.03 20.95 20.99 21.09 21.00 20.95 20.99 21.15 21.21 21.17 21.24 21.21 21.14 21.10 21.15 21.26 21.40 21.42 21.49 21.49 21.49 21.42 21.44 21.40 21.33 21.35 21.40 21.48 21.54 21.52 21.44 21.43 21.42 21.38 21.43 21.45 21.44 21.41 21.40 21.45 21.39 21.42 21.42 21.37 21.42 21.27 21.35 21.45 21.36 21.38 21.28 21.32 21.40 21.40 21.41 21.33 21.32 21.38 21.32 21.30 21.12 21.14 21.32 21.33
20.25 20.41 20.57 20.84 21.15 21.02 20.78 20.78 20.60 20.74 20.97 20.83 20.75 20.99 20.96 20.88 20.92 20.82 21.07 21.15 21.26 21.29 21.26 21.17 21.16 21.18 21.04 21.14 21.16 21.25 21.35 21.39 21.39 21.32 21.24 21.30 21.34 21.30 21.35 21.35 21.47 21.48 21.46 21.46 21.43 21.43 21.40 21.44 21.48 21.47 21.49 21.45 21.40 21.35 21.41 21.39 21.40 21.34 21.24 21.33 21.33 21.38 21.39 21.29 21.38 21.41 21.37 21.47 21.35 21.31 21.30 21.34 21.33 21.29 21.13 21.10 21.26
20.13 19.92 20.50 20.81 21.05 21.01 20.75 20.63 20.69 20.86 20.95 20.92 20.83 20.75 20.74 20.60 20.70 20.97 20.82 20.87 21.17 21.23 21.24 21.10 20.97 21.04 21.03 21.10 21.20 21.19 21.25 21.31 21.26 21.26 21.29 21.29 21.31 21.26 21.37 21.44 21.41 21.46 21.47 21.45 21.43 21.40 21.46 21.38 21.38 21.41 21.48 21.43 21.40 21.35 21.38 21.27 21.36 21.36 21.23 21.30 21.29 21.30 21.39 21.34 21.20 21.12 21.37 21.42 21.30 21.25 21.26 21.34 21.31 21.21 21.02 21.02 21.35
20.34 20.08 20.83 21.03 20.93 20.86 20.63 19.83 20.56 20.71 20.40 20.66 20.92 20.98 20.73 20.87 20.66 20.76 20.41 20.72 21.01 21.33 21.32 21.22 21.02 21.08 20.83 21.14 21.24 21.33 21.28 21.27 21.25 21.34 21.28 21.28 21.25 21.27 21.29 21.30 21.33 21.34 21.36 21.36 21.39 21.41 21.41 21.42 21.42 21.42 21.43 21.39 21.37 21.33 21.33 21.32 21.37 21.37 21.33 21.30 21.22 21.28 21.31 21.36 21.21 21.20 21.28 21.40 21.26 21.20 21.27 21.34 21.31 21.24 21.31 21.27 21.23
20.54 20.30 20.73 20.87 20.79 20.77 20.45 20.09 20.22 20.31 20.48 20.61 20.82 20.82 20.59 20.67 20.77 20.75 20.95 20.97 21.04 21.20 21.11 20.92 21.06 21.01 20.95 21.23 21.25 21.34 21.31 21.28 21.28 21.27 21.22 21.33 21.34 21.27 21.30 21.33 21.37 21.35 21.36 21.30 21.34 21.38 21.39 21.39 21.36 21.42 21.44 21.42 21.39 21.37 21.33 21.32 21.38 21.40 21.31 21.31 21.23 21.17 21.29 21.29 21.38 21.34 21.35 21.29 21.22 21.19 21.15 21.30 21.23 21.09 21.10 21.00 20.58
20.91 20.41 20.72 20.46 20.95 20.57 20.22 20.03 19.66 20.04 20.42 20.51 20.74 20.91 20.70 20.44 20.54 21.07 20.88 20.86 20.93 21.03 21.21 21.27 21.26 21.17 21.13 21.13 21.17 21.24 21.19 21.28 21.28 21.22 21.23 21.36 21.30 21.25 21.24 21.28 21.33 21.39 21.36 21.29 21.29 21.35 21.39 21.38 21.40 21.38 21.39 21.37 21.37 21.36 21.31 21.27 21.34 21.34 21.27 21.21 21.26 21.27 21.39 21.46 21.35 21.34 21.32 21.10 21.13 21.10 21.09 21.12 21.15 21.09 21.11 21.18 21.07
21.12 20.74 20.41 19.73 20.35 20.28 20.73 20.02 19.92 19.87 20.70 20.62 20.73 20.89 20.50 20.25 20.69 20.97 20.74 20.94 21.09 21.13 20.99 21.08 21.08 21.11 21.28 21.06 21.25 21.15 21.20 21.29 21.23 21.22 21.23 21.26 21.24 21.25 21.20 21.21 21.33 21.32 21.37 21.35 21.36 21.30 21.32 21.38 21.41 21.36 21.37 21.37 21.36 21.35 21.29 21.37 21.38 21.32 21.36 21.24 21.27 21.26 21.24 21.29 21.31 21.28 21.34 21.25 21.20 20.96 21.12 21.16 21.28 21.19 21.07 21.34 21.18
21.02 20.97 20.64 20.14 20.06 20.12 20.92 20.88 20.20 19.85 20.37 20.55 20.92 21.01 21.00 20.53 20.70 20.76 20.70 20.73 20.96 21.03 20.80 21.10 21.02 21.00 21.14 21.05 21.14 21.20 21.24 21.27 21.29 21.22 21.20 21.19 21.24 21.24 21.16 21.14 21.19 21.23 21.26 21.34 21.31 21.34 21.31 21.36 21.43 21.41 21.34 21.35 21.32 21.25 21.29 21.28 21.41 21.36 21.30 21.23 21.20 21.26 21.30 21.36 21.37 21.23 21.28 21.28 21.24 21.13 21.10 21.32 21.19 20.96 20.90 21.27 21.27
20.65 20.46 20.79 20.28 20.33 20.58 20.94 20.83 20.33 20.11 20.21 20.24 20.51 21.04 20.96 20.58 20.21 20.40 20.57 20.40 20.76 20.99 21.04 20.95 20.84 21.09 21.22 21.23 21.24 21.24 21.18 21.17 21.22 21.17 21.14 21.11 21.18 21.19 21.23 21.08 21.16 21.18 21.24 21.29 21.21 21.29 21.26 21.29 21.33 21.34 21.32 21.32 21.25 21.26 21.27 21.33 21.32 21.36 21.32 21.29 21.24 21.32 21.28 21.27 21.30 21.26 21.16 21.09 21.13 20.81 20.95 21.13 21.15 21.05 21.06 21.21 21.05
20.90 20.54 20.57 20.00 20.54 20.69 20.54 20.62 20.68 20.27 20.07 20.33 20.29 20.55 20.62 20.50 20.18 20.07 20.25 20.42 20.86 21.10 21.12 20.99 21.07 21.12 21.13 21.14 21.16 21.27 21.29 21.13 20.98 21.08 21.11 21.09 21.06 21.00 21.05 20.89 21.05 21.16 21.23 21.22 21.25 21.29 21.24 21.28 21.30 21.28 21.29 21.35 21.28 21.20 21.20 21.27 21.27 21.30 21.31 21.31 21.34 21.30 21.27 21.13 21.21 21.23 21.19 21.10 21.12 20.97 20.86 20.96 21.02 20.94 21.16 21.10 20.75
20.91 20.50 20.54 19.68 20.54 20.67 20.50 20.65 20.09 20.16 20.15 20.05 20.09 20.27 20.51 20.96 20.71 20.10 20.20 20.84 20.79 21.05 21.15 21.07 20.91 20.89 20.96 21.17 21.22 21.18 21.24 21.08 20.93 20.94 20.96 21.03 21.03 20.96 21.03 20.83 20.80 20.97 21.05 21.09 21.17 21.24 21.24 21.27 21.30 21.30 21.30 21.32 21.31 21.24 21.18 21.21 21.33 21.31 21.33 21.32 21.30 21.32 21.28 21.13 21.05 21.05 21.13 20.97 20.95 20.93 20.79 20.99 21.18 20.86 20.96 20.96 21.04
20.78 20.82 20.64 20.43 20.91 20.68 20.61 20.53 19.76 20.00 20.12 19.98 20.56 20.66 20.76 20.79 20.67 20.27 20.32 20.88 20.91 21.05 21.08 20.64 20.46 20.71 20.84 21.10 20.98 20.97 21.11 21.02 20.97 20.80 20.59 20.76 20.93 20.97 21.12 20.79 20.67 20.80 20.86 20.92 21.15 21.16 21.17 21.23 21.27 21.28 21.26 21.24 21.25 21.23 21.19 21.21 21.27 21.25 21.31 21.35 21.21 21.17 21.24 21.13 21.13 21.19 21.10 21.08 20.94 20.91 20.99 21.03 20.91 20.96 20.85 20.79 20.87
20.90 20.48 20.69 20.51 20.58 20.68 20.67 20.92 20.23 20.24 20.48 20.33 20.60 20.96 20.98 20.87 20.63 20.41 20.22 20.58 20.77 20.84 20.88 20.60 20.73 20.92 20.90 21.00 21.03 21.05 21.07 21.01 21.00 20.83 20.98 20.73 20.87 20.93 20.90 20.95 20.81 20.78 20.88 20.93 20.98 21.12 21.09 21.16 21.20 21.20 21.12 21.16 21.17 21.31 21.22 21.22 21.26 21.22 21.21 21.26 21.31 21.19 21.16 21.16 21.07 20.97 21.12 20.94 21.08 20.79 20.68 20.80 21.04 21.01 20.90 20.79 21.03
20.96 20.54 20.68 20.71 20.72 20.59 20.73 20.91 20.56 20.54 20.66 20.12 20.61 20.99 20.76 20.49 20.33 20.42 20.11 20.45 20.46 20.39 20.60 20.54 20.97 21.03 21.07 21.31 21.27 21.25 20.99 21.01 21.07 20.93 20.99 20.87 20.81 20.89 20.98 20.82 20.88 20.76 20.76 20.78 20.81 20.93 21.01 21.03 21.09 21.06 21.09 21.12 21.17 21.19 21.24 21.20 21.25 21.20 21.17 21.20 21.30 21.27 21.29 21.24 21.02 21.03 21.05 21.01 21.02 20.85 20.85 20.94 20.91 20.90 20.85 20.78 21.01
20.62 20.41 20.69 20.90 20.21 20.50 20.91 20.98 20.81 20.83 20.89 20.67 20.84 21.02 20.87 20.57 20.51 20.44 20.41 20.54 20.63 20.82 21.00 20.84 20.99 21.00 21.04 21.30 21.17 21.07 21.17 21.00 20.95 20.92 20.90 20.83 20.81 20.67 20.74 20.82 20.73 20.73 20.70 20.87 20.70 20.85 20.94 21.00 21.15 21.14 21.24 21.18 21.21 21.25 21.13 21.14 21.25 21.23 21.17 21.26 21.28 21.28 21.22 21.18 20.97 20.90 20.86 21.02 20.99 20.83 20.84 20.90 20.90 20.75 20.82 21.00 20.82
20.85 20.64 20.57 20.66 20.40 20.65 20.87 21.08 20.56 20.61 20.62 20.50 20.82 21.04 21.06 20.99 20.82 20.64 20.16 20.30 20.60 20.71 21.14 20.91 20.74 20.81 20.76 20.88 20.93 21.03 21.00 20.83 20.91 20.96 21.03 21.07 20.74 20.80 20.68 20.57 20.62 20.59 20.54 20.76 20.79 21.02 20.93 20.91 21.19 21.31 21.32 21.22 21.12 21.18 21.05 21.17 21.21 21.19 21.21 21.26 21.25 21.26 21.17 21.05 20.75 20.63 20.86 21.02 20.93 20.72 21.01 21.02 20.94 20.73 20.69 21.00 21.07
20.94 20.39 20.47 20.75 20.42 20.06 20.80 21.04 20.80 20.26 20.10 20.63 20.90 20.94 20.85 21.00 20.51 20.34 20.15 20.47 20.78 21.03 21.05 20.69 20.62 20.78 20.55 20.55 20.90 20.90 20.79 20.62 20.92 20.88 21.04 20.97 20.79 20.70 20.78 20.68 20.76 20.60 20.65 20.68 20.77 20.94 20.99 20.98 21.14 21.26 21.18 21.00 21.07 20.94 20.93 20.99 21.20 21.14 21.15 21.26 21.22 21.21 21.07 20.85 20.49 20.57 20.73 21.00 20.70 20.94 21.00 20.99 21.04 20.48 20.71 21.00 21.21
20.86 20.03 20.02 20.70 20.83 20.56 20.86 20.98 20.60 20.39 20.44 20.68 20.85 20.79 20.86 20.97 20.73 20.54 20.65 20.91 20.81 20.87 20.85 20.76 20.68 20.80 20.78 20.62 20.84 20.89 20.73 20.56 20.62 20.74 20.67 20.48 20.67 20.69 20.72 20.62 20.58 20.57 20.88 21.10 20.94 20.99 20.89 20.92 21.16 21.35 21.31 21.21 21.24 21.26 20.93 20.93 21.02 21.10 21.01 21.12 20.98 20.99 21.13 20.87 20.66 20.84 20.52 20.64 20.97 21.07 21.12 21.07 20.93 20.69 21.03 21.15 21.07
20.74 20.65 20.29 20.65 20.37 20.14 20.61 20.54 20.39 20.33 20.43 20.51 20.56 20.63 20.80 20.94 20.46 20.75 20.66 20.69 20.74 21.04 20.92 20.93 20.80 20.60 20.52 20.57 20.76 20.85 20.93 20.88 20.50 20.47 20.53 20.58 20.64 20.58 20.57 20.61 20.57 20.54 20.69 20.79 20.92 20.88 20.86 21.09 21.07 21.28 21.23 21.03 21.05 21.03 20.98 20.96 20.97 20.96 20.94 21.07 21.20 21.07 20.97 20.82 20.61 20.29 20.35 20.56 20.69 20.79 21.11 21.15 21.23 20.76 21.16 21.13 20.62
21.00 20.24 19.75 20.25 20.25 20.25 20.59 20.91 20.83 20.37 20.67 20.75 20.63 20.76 21.00 21.01 20.69 20.75 20.57 20.67 21.04 20.99 20.96 20.82 20.58 20.14 20.76 20.63 20.74 21.01 20.98 20.81 20.53 20.52 20.72 20.60 20.56 20.55 20.52 20.55 20.58 20.72 20.72 20.71 20.87 20.78 20.87 20.83 20.89 21.00 20.80 20.88 21.10 20.96 21.01 20.89 20.85 20.68 20.99 20.84 20.96 20.97 20.90 20.78 20.31 20.30 20.21 20.59 20.71 21.01 21.09 21.12 20.88 20.75 20.98 20.82 20.83
20.73 19.91 19.53 20.31 20.11 20.04 20.34 20.74 20.66 20.40 20.67 20.86 20.93 20.63 20.99 20.78 20.63 20.75 20.85 20.78 20.95 20.97 20.84 20.51 20.32 20.42 20.65 20.82 20.57 20.78 20.37 20.02 20.04 20.31 20.64 20.60 20.65 20.68 20.68 20.47 20.42 20.61 20.63 20.98 21.14 20.85 20.82 20.86 20.98 20.93 20.85 20.87 20.92 20.76 21.07 21.10 21.02 21.03 20.76 20.62 20.84 20.80 20.87 20.69 20.07 19.93 20.15 20.63 20.79 20.82 20.87 20.80 20.72 20.79 20.58 20.68 20.89
20.79 20.31 19.66 20.50 20.33 20.08 20.29 20.52 20.59 20.40 20.22 20.59 20.86 20.79 20.94 20.62 20.77 20.60 20.55 20.70 20.77 20.90 20.65 20.42 20.51 20.44 20.41 20.50 20.49 20.40 20.56 20.57 20.21 20.10 20.28 20.23 20.73 20.85 20.55 20.57 20.84 20.46 20.51 20.54 20.94 20.87 20.63 20.64 20.94 20.94 21.07 21.08 21.33 20.86 21.08 21.02 20.90 20.91 20.67 20.57 20.38 20.58 20.86 20.44 20.18 20.10 20.12 20.16 20.50 20.74 20.42 20.64 20.52 20.48 20.69 20.58 20.74
20.91 20.89 20.40 20.56 20.47 20.45 20.63 20.62 20.37 20.67 20.73 20.77 20.67 20.81 20.83 20.75 20.49 20.32 20.24 20.43 20.82 20.79 20.94 20.64 20.45 20.36 20.27 20.21 20.33 20.61 20.49 20.48 20.27 20.03 20.17 20.34 20.42 20.47 20.47 20.56 20.43 20.41 20.62 20.53 20.53 20.36 20.53 20.71 21.03 21.16 21.23 21.14 21.14 21.11 20.66 20.70 20.82 20.88 20.01 20.22 20.46 20.72 20.93 20.64 20.06 19.72 19.89 20.09 20.53 20.70 20.58 20.74 20.92 20.87 20.78 20.70 20.72
20.57 20.67 20.47 20.00 19.78 20.18 20.66 20.61 20.29 20.31 19.90 20.43 20.60 20.65 20.78 20.70 20.69 20.18 20.30 20.74 20.82 20.89 20.82 20.76 20.28 20.32 20.53 20.43 20.63 20.65 20.38 20.35 20.21 20.06 20.39 20.34 20.53 20.48 20.63 20.47 20.43 20.41 20.56 20.42 20.49 20.79 20.88 21.36 21.09 21.11 21.03 20.97 21.07 21.01 20.68 20.52 20.75 20.33 20.17 20.17 20.59 20.97 20.90 20.80 20.28 20.21 20.17 20.55 20.44 20.17 20.63 20.87 20.88 20.99 20.89 20.72 20.59
20.52 20.65 20.55 19.78 19.43 19.78 19.73 20.55 20.67 20.13 20.11 20.27 20.77 20.50 20.31 20.71 20.37 20.15 20.35 20.67 20.70 20.48 20.38 20.52 20.59 20.40 20.19 20.21 20.43 20.52 20.33 20.28 20.18 20.27 20.25 20.18 20.28 20.34 20.47 20.23 20.36 20.44 20.48 20.60 20.55 20.46 20.60 20.91 21.32 21.06 21.07 21.01 20.82 20.72 20.40 20.48 20.38 20.43 20.50 20.31 20.35 20.81 20.62 20.67 20.36 20.25 20.29 20.29 20.33 20.11 20.77 20.70 20.77 20.82 20.44 20.81 20.60
20.20 20.42 20.17 19.84 20.00 19.83 19.96 20.33 20.55 20.19 20.50 20.56 20.42 20.73 20.74 20.68 20.64 20.60 20.35 20.28 20.56 20.64 20.48 20.06 20.07 19.95 20.06 20.34 20.29 20.44 20.44 20.58 20.48 20.45 20.34 20.03 20.11 20.41 20.30 20.19 20.22 20.33 20.50 20.58 20.30 20.45 20.59 20.63 20.92 21.09 21.09 20.74 20.57 20.60 20.57 20.56 20.45 20.35 20.41 20.44 20.47 20.46 20.54 20.44 20.36 20.38 20.32 20.43 20.53 20.75 20.79 20.74 20.77 20.62 20.84 20.83 20.54
20.24 20.45 19.86 20.18 20.18 20.51 20.33 20.33 20.64 20.53 20.70 20.65 20.24 20.46 20.66 20.61 20.72 20.73 20.23 20.23 20.29 20.54 20.58 20.34 20.36 20.08 20.24 20.41 20.39 20.35 20.49 20.33 20.17 20.11 20.18 20.13 20.17 20.33 20.50 20.56 20.59 20.44 20.48 20.36 20.42 20.63 20.66 20.70 20.62 20.69 20.69 20.43 20.62 20.62 20.65 20.61 20.52 20.53 20.40 20.27 20.24 20.18 20.13 20.33 20.18 20.48 20.46 20.46 20.87 20.89 20.76 20.65 20.58 20.47 20.53 20.44 20.61
20.15 20.16 19.00 19.64 19.64 20.02 20.47 20.69 20.61 20.61 20.54 20.30 20.32 20.17 20.32 20.44 20.65 19.73 19.57 20.09 20.47 20.09 20.46 20.56 20.32 20.19 20.07 20.20 20.43 20.36 20.14 20.09 20.04 20.04 20.22 20.13 19.98 19.97 20.75 20.53 20.54 20.74 20.64 20.43 20.45 20.66 20.49 20.65 20.62 20.54 20.65 20.67 20.61 20.54 20.38 20.57 20.38 20.59 20.49 20.34 19.98 19.93 19.77 19.92 20.32 20.39 20.42 20.73 20.77 20.88 20.70 20.23 20.50 20.47 20.56 20.65 20.57
20.03 19.97 19.51 19.89 20.16 20.38 20.50 20.53 20.48 20.51 20.07 19.76 20.28 19.99 20.11 20.27 19.74 19.41 19.81 20.41 20.63 20.43 20.37 20.34 20.08 20.20 20.23 20.08 20.05 20.16 19.93 20.11 19.92 19.99 19.92 20.06 20.11 20.38 20.53 20.60 20.82 20.78 20.35 20.40 20.47 20.31 20.26 20.37 20.50 20.48 20.50 20.47 20.61 20.64 20.29 19.96 20.36 20.46 20.52 20.34 20.33 20.47 19.90 20.10 20.41 20.77 20.75 20.78 20.71 20.76 20.53 20.47 20.70 20.75 20.72 20.67 20.55
