main/data/irradiance/23.05.2023.grid
ncols 839
nrows 679
xllcenter 112.0500
yllcenter -43.9500
cellsize 0.0500
nodata_value 99999.90
[rows 102 to 135 of 679, columns 231 to 307 of 839]
99999.90 99999.90 99999.90 99999.90 99999.90 99999.90 99999.90 19.77 19.93 19.93 19.93 19.93 19.93 19.93 19.93 19.93 19.93 19.93 19.93 19.94 19.93 19.93 19.93 20.00 20.00 20.00 20.00 20.01 19.97 19.91 19.92 19.92 20.02 20.01 20.01 19.97 20.05 19.92 19.93 19.99 19.99 19.96 19.98 19.99 19.92 19.91 19.95 20.05 20.01 20.00 20.06 20.01 20.03 20.01 20.04 20.03 20.06 20.10 20.02 20.03 20.06 19.97 19.94 19.95 20.04 20.03 20.06 20.03 20.04 20.05 20.04 20.03 20.02 20.05 20.03 20.06 20.10
99999.90 99999.90 99999.90 99999.90 99999.90 99999.90 19.67 19.77 19.93 19.93 19.93 19.93 19.93 19.93 19.93 19.93 19.93 19.93 19.93 19.94 19.93 19.93 19.93 19.93 20.00 20.00 20.00 20.01 19.97 19.95 19.88 19.95 20.00 20.01 20.01 19.97 19.99 20.01 19.94 19.94 19.88 19.84 19.88 19.87 19.79 19.80 19.93 19.99 19.96 19.95 20.03 20.00 20.01 20.00 20.08 20.07 20.04 19.99 19.99 20.00 19.97 19.96 19.98 20.02 20.00 20.03 20.01 20.02 20.01 20.01 20.01 19.97 19.99 20.02 20.02 20.05 20.03
99999.90 99999.90 99999.90 99999.90 99999.90 99999.90 19.67 19.77 19.93 19.93 19.93 19.93 19.93 19.93 19.93 19.93 19.93 19.93 19.93 19.94 19.93 19.93 19.93 19.93 19.96 20.00 20.00 19.96 19.92 19.82 19.95 19.94 19.99 19.97 19.99 19.95 19.94 19.90 19.87 19.83 19.83 19.75 19.84 19.82 19.88 19.96 19.96 19.92 19.97 20.03 20.01 20.00 19.97 20.01 20.00 19.98 19.92 19.97 19.94 19.96 19.89 19.93 20.00 20.00 20.03 20.00 20.02 20.05 20.03 20.04 20.03 20.02 20.00 19.98 19.97 20.01 19.98
99999.90 99999.90 99999.90 99999.90 99999.90 99999.90 19.67 19.77 19.93 19.93 19.93 19.93 19.93 19.93 19.93 19.93 19.93 19.93 19.93 19.94 19.94 19.93 19.93 19.93 19.96 19.93 19.93 19.95 19.92 19.82 19.95 19.91 19.95 19.93 19.91 19.89 19.82 19.82 19.80 19.71 19.77 19.87 19.87 19.86 19.90 19.94 19.79 19.81 19.81 19.95 19.95 19.97 19.95 20.00 19.97 19.89 19.88 19.85 19.88 19.91 19.89 19.95 19.98 20.02 20.03 20.01 20.01 20.02 20.00 20.00 19.99 19.99 19.92 19.91 19.98 20.02 20.02
99999.90 99999.90 99999.90 99999.90 99999.90 99999.90 19.67 19.77 19.77 19.77 19.93 19.93 19.93 19.93 19.93 19.93 19.93 19.93 19.93 19.94 19.94 19.93 19.93 19.92 19.96 19.96 19.93 19.95 19.95 19.79 19.88 19.88 19.85 19.81 19.84 19.80 19.72 19.78 19.85 19.88 19.90 19.80 19.84 19.88 19.89 19.84 19.82 19.82 19.90 19.91 19.96 19.95 19.96 19.96 19.97 19.92 19.91 19.92 19.90 19.93 19.96 20.01 20.00 19.92 20.00 20.01 19.98 19.98 19.97 20.02 19.88 19.97 19.97 19.99 20.02 19.99 19.97
99999.90 99999.90 99999.90 99999.90 99999.90 99999.90 19.67 19.77 19.77 19.77 19.77 19.77 19.77 19.77 19.93 19.93 19.93 19.93 19.93 19.94 19.91 19.91 19.87 19.81 19.85 19.89 19.87 19.87 19.78 19.79 19.79 19.76 19.81 19.80 19.80 19.81 19.83 19.84 19.92 19.91 19.88 19.73 19.69 19.84 19.81 19.81 19.86 19.95 19.95 19.94 19.93 19.91 19.94 19.94 19.94 19.94 19.95 19.95 19.96 19.97 19.95 19.99 19.97 19.99 19.99 19.98 19.96 19.95 19.96 19.99 20.01 19.95 19.97 19.96 19.92 19.96 19.91
99999.90 99999.90 99999.90 99999.90 99999.90 99999.90 19.67 19.77 19.77 19.77 19.77 19.77 19.77 19.77 19.77 19.77 19.88 19.88 19.88 19.91 19.91 19.81 19.81 19.78 19.83 19.87 19.85 19.78 19.78 19.71 19.71 19.75 19.77 19.78 19.86 19.86 19.88 19.92 19.88 19.90 19.87 19.73 19.68 19.69 19.74 19.80 19.83 19.90 19.93 19.94 19.94 19.96 19.89 19.89 19.89 19.90 19.93 19.95 19.88 19.90 19.92 19.97 19.96 19.95 19.97 19.98 19.97 20.00 19.97 19.99 20.01 19.98 19.97 19.98 19.95 19.95 19.91
99999.90 99999.90 99999.90 99999.90 99999.90 99999.90 19.67 19.67 19.67 19.77 19.77 19.77 19.77 19.77 19.77 19.77 19.77 19.88 19.88 19.88 19.75 19.75 19.76 19.75 19.79 19.78 19.73 19.77 19.72 19.72 19.71 19.79 19.82 19.88 19.91 19.89 19.86 19.85 19.85 19.85 19.81 19.78 19.68 19.62 19.64 19.83 19.76 19.71 19.73 19.86 19.90 19.95 19.93 19.92 19.93 19.94 19.83 19.93 19.94 19.85 19.91 19.97 19.95 19.90 19.93 19.99 19.96 19.96 19.96 19.96 19.95 19.93 19.97 19.97 19.96 19.94 19.85
99999.90 99999.90 99999.90 99999.90 99999.90 99999.90 19.67 19.67 19.67 19.67 19.67 19.67 19.77 19.77 19.77 19.77 19.77 19.77 19.82 19.77 19.74 19.72 19.71 19.72 19.80 19.81 19.67 19.66 19.73 19.74 19.80 19.84 19.85 19.87 19.85 19.83 19.84 19.83 19.79 19.76 19.68 19.68 19.70 19.62 19.66 19.70 19.67 19.71 19.79 19.90 19.94 19.94 19.92 19.94 19.94 19.92 19.80 19.92 19.91 19.94 19.91 19.94 19.92 19.89 19.91 19.96 19.95 19.93 19.95 19.95 19.95 19.90 19.90 19.95 19.92 19.85 19.93
99999.90 99999.90 99999.90 99999.90 99999.90 99999.90 19.67 19.67 19.67 19.67 19.67 19.67 19.67 19.67 19.67 19.76 19.76 19.76 19.74 19.72 19.65 19.71 19.69 19.72 19.67 19.74 19.77 19.77 19.74 19.79 19.80 19.81 19.80 19.76 19.78 19.75 19.73 19.71 19.70 19.65 19.65 19.65 19.67 19.58 19.64 19.73 19.71 19.75 19.76 19.82 19.91 19.91 19.87 19.92 19.91 19.92 19.92 19.92 19.91 19.91 19.89 19.88 19.86 19.85 19.88 19.90 19.92 19.92 19.91 19.93 19.95 19.89 19.93 19.93 19.92 19.88 19.90
99999.90 99999.90 99999.90 99999.90 99999.90 99999.90 19.67 19.67 19.67 19.67 19.67 19.67 19.67 19.67 19.67 19.67 19.68 19.68 19.59 19.52 19.68 19.65 19.63 19.61 19.56 19.72 19.77 19.77 19.77 19.76 19.76 19.75 19.75 19.71 19.72 19.68 19.65 19.65 19.67 19.67 19.66 19.67 19.66 19.64 19.64 19.70 19.73 19.75 19.70 19.77 19.81 19.80 19.78 19.78 19.81 19.79 19.86 19.90 19.87 19.85 19.85 19.81 19.78 19.78 19.86 19.87 19.86 19.83 19.90 19.89 19.91 19.87 19.86 19.90 19.93 19.89 19.90
19.55 19.59 19.56 19.61 19.61 19.61 19.67 19.67 19.67 19.67 19.67 19.67 19.67 19.67 19.67 19.67 19.67 19.63 19.53 19.38 19.61 19.64 19.57 19.71 19.73 19.75 19.78 19.77 19.74 19.72 19.68 19.69 19.68 19.68 19.64 19.62 19.60 19.67 19.69 19.74 19.73 19.72 19.74 19.74 19.69 19.67 19.65 19.71 19.74 19.81 19.75 19.77 19.76 19.73 19.74 19.76 19.80 19.85 19.79 19.80 19.81 19.81 19.72 19.69 19.75 19.84 19.84 19.87 19.88 19.84 19.89 19.85 19.79 19.88 19.89 19.91 19.87
19.55 19.59 19.56 19.61 19.61 19.61 19.61 19.57 19.57 19.57 19.57 19.57 19.57 19.57 19.57 19.57 19.57 19.59 19.60 19.55 19.62 19.67 19.69 19.73 19.72 19.71 19.70 19.69 19.71 19.70 19.64 19.64 19.60 19.60 19.63 19.64 19.66 19.64 19.70 19.72 19.74 19.72 19.73 19.69 19.67 19.71 19.70 19.72 19.79 19.78 19.78 19.73 19.76 19.74 19.70 19.77 19.76 19.79 19.66 19.81 19.82 19.81 19.79 19.77 19.79 19.81 19.79 19.83 19.84 19.81 19.81 19.86 19.81 19.84 19.84 19.86 19.88
19.55 19.59 19.56 19.61 19.61 19.61 19.61 19.61 19.57 19.57 19.57 19.57 19.57 19.57 19.57 19.57 19.57 19.59 19.67 19.56 19.62 19.67 19.69 19.68 19.68 19.68 19.65 19.66 19.63 19.64 19.65 19.66 19.61 19.58 19.64 19.66 19.70 19.67 19.62 19.68 19.69 19.68 19.68 19.67 19.65 19.72 19.73 19.73 19.80 19.78 19.77 19.75 19.75 19.78 19.83 19.82 19.74 19.77 19.66 19.71 19.81 19.77 19.72 19.79 19.81 19.79 19.82 19.81 19.80 19.80 19.72 19.78 19.82 19.79 19.76 19.78 19.75
19.55 19.59 19.56 19.61 19.61 19.61 19.61 19.61 19.57 19.57 19.57 19.57 19.57 19.57 19.57 19.62 19.62 19.62 19.64 19.63 19.63 19.60 19.60 19.66 19.67 19.66 19.63 19.61 19.58 19.63 19.62 19.62 19.60 19.65 19.69 19.71 19.70 19.69 19.68 19.68 19.65 19.68 19.70 19.70 19.67 19.69 19.72 19.80 19.78 19.82 19.75 19.75 19.77 19.77 19.69 19.62 19.70 19.75 19.70 19.75 19.79 19.77 19.73 19.71 19.69 19.66 19.72 19.79 19.81 19.80 19.73 19.76 19.82 19.80 19.79 19.80 19.78
19.55 19.59 19.56 19.61 19.61 19.61 19.61 19.61 19.61 19.57 19.57 19.57 19.57 19.62 19.62 19.62 19.62 19.62 19.55 19.63 19.63 19.63 19.65 19.68 19.60 19.67 19.65 19.58 19.57 19.59 19.60 19.59 19.59 19.60 19.67 19.67 19.69 19.67 19.68 19.66 19.62 19.59 19.66 19.68 19.62 19.68 19.65 19.79 19.78 19.80 19.80 19.72 19.75 19.70 19.69 19.64 19.64 19.68 19.69 19.74 19.75 19.73 19.76 19.70 19.58 19.67 19.68 19.65 19.72 19.76 19.76 19.74 19.75 19.67 19.64 19.70 19.72
19.55 19.59 19.56 19.61 19.61 19.61 19.61 19.61 19.57 19.53 19.54 19.62 19.62 19.62 19.62 19.62 19.60 19.60 19.60 19.60 19.59 19.59 19.66 19.63 19.65 19.64 19.64 19.62 19.63 19.59 19.56 19.49 19.54 19.59 19.67 19.66 19.67 19.67 19.67 19.66 19.64 19.59 19.57 19.67 19.66 19.57 19.66 19.72 19.77 19.78 19.78 19.70 19.73 19.78 19.78 19.75 19.69 19.73 19.67 19.71 19.73 19.71 19.71 19.62 19.61 19.65 19.67 19.67 19.61 19.69 19.74 19.74 19.68 19.70 19.79 19.71 19.72
19.55 19.59 19.56 19.61 19.61 19.61 19.61 19.61 19.57 19.53 19.54 19.54 19.54 19.54 19.54 19.54 19.60 19.60 19.60 19.59 19.59 19.67 19.68 19.63 19.61 19.59 19.61 19.58 19.54 19.51 19.48 19.69 19.68 19.65 19.64 19.63 19.64 19.67 19.65 19.66 19.66 19.59 19.57 19.60 19.64 19.65 19.69 19.68 19.77 19.77 19.76 19.70 19.65 19.75 19.72 19.76 19.65 19.70 19.71 19.71 19.68 19.68 19.72 19.71 19.63 19.66 19.67 19.64 19.59 19.64 19.67 19.60 19.62 19.63 19.73 19.79 19.75
19.55 19.59 19.56 19.61 19.61 19.61 19.61 19.61 19.57 19.53 19.54 19.54 19.52 19.54 19.54 19.54 19.54 19.54 19.54 19.60 19.60 19.65 19.65 19.63 19.61 19.59 19.56 19.46 19.36 19.44 19.30 19.38 19.59 19.63 19.60 19.60 19.57 19.57 19.65 19.63 19.63 19.61 19.56 19.59 19.63 19.68 19.72 19.67 19.70 19.73 19.72 19.69 19.72 19.72 19.65 19.62 19.64 19.62 19.69 19.66 19.67 19.70 19.67 19.67 19.61 19.64 19.68 19.66 19.62 19.64 19.63 19.61 19.58 19.65 19.72 19.69 19.67
19.55 19.59 19.56 19.61 19.61 19.61 19.61 19.57 19.57 19.53 19.54 19.54 19.52 19.52 19.52 19.54 19.54 19.54 19.54 19.65 19.65 19.64 19.64 19.57 19.58 19.55 19.47 19.47 19.47 19.48 19.36 19.35 19.46 19.56 19.60 19.60 19.55 19.58 19.59 19.58 19.66 19.65 19.56 19.59 19.64 19.65 19.61 19.64 19.67 19.67 19.71 19.70 19.72 19.73 19.60 19.59 19.65 19.68 19.69 19.60 19.63 19.70 19.69 19.65 19.58 19.61 19.60 19.63 19.66 19.70 19.67 19.64 19.60 19.69 19.58 19.67 19.72
19.55 19.59 19.56 19.61 19.61 19.61 19.61 19.57 19.57 19.53 19.54 19.54 19.54 19.52 19.52 19.52 19.56 19.56 19.56 19.61 19.63 19.60 19.59 19.57 19.56 19.49 19.38 19.51 19.51 19.50 19.50 19.42 19.40 19.59 19.60 19.60 19.56 19.57 19.52 19.57 19.59 19.58 19.62 19.63 19.65 19.64 19.65 19.64 19.66 19.62 19.61 19.62 19.68 19.71 19.61 19.62 19.69 19.69 19.63 19.62 19.65 19.69 19.68 19.65 19.63 19.64 19.63 19.58 19.66 19.65 19.67 19.67 19.63 19.60 19.61 19.65 19.62
19.55 19.59 19.56 19.61 19.61 19.61 19.57 19.57 19.57 19.53 19.54 19.54 19.54 19.52 19.52 19.52 19.52 19.59 19.59 19.60 19.56 19.56 19.53 19.53 19.53 19.50 19.51 19.48 19.48 19.49 19.33 19.42 19.46 19.55 19.58 19.57 19.55 19.51 19.51 19.53 19.52 19.54 19.59 19.54 19.67 19.65 19.64 19.61 19.63 19.58 19.60 19.58 19.59 19.60 19.65 19.64 19.66 19.61 19.57 19.61 19.56 19.58 19.61 19.61 19.59 19.64 19.62 19.61 19.65 19.62 19.58 19.67 19.61 19.52 19.67 19.64 19.65
19.50 19.51 19.52 19.61 19.61 19.61 19.57 19.57 19.57 19.53 19.54 19.54 19.54 19.43 19.53 19.53 19.53 19.50 19.50 19.51 19.50 19.51 19.49 19.47 19.50 19.52 19.53 19.52 19.57 19.36 19.35 19.34 19.52 19.59 19.60 19.57 19.53 19.50 19.41 19.49 19.56 19.55 19.57 19.55 19.63 19.65 19.63 19.65 19.64 19.57 19.56 19.52 19.55 19.63 19.67 19.64 19.63 19.62 19.52 19.56 19.53 19.57 19.58 19.57 19.62 19.63 19.61 19.56 19.58 19.55 19.50 19.55 19.51 19.48 19.54 19.63 19.62
19.52 19.52 19.48 19.51 19.51 19.52 19.57 19.57 19.57 19.53 19.54 19.54 19.43 19.43 19.35 19.35 19.35 19.43 19.50 19.48 19.50 19.50 19.53 19.46 19.42 19.53 19.51 19.50 19.50 19.47 19.49 19.49 19.53 19.55 19.50 19.56 19.60 19.54 19.40 19.42 19.42 19.57 19.55 19.56 19.59 19.63 19.63 19.64 19.58 19.49 19.50 19.51 19.47 19.56 19.51 19.60 19.64 19.61 19.47 19.48 19.51 19.46 19.58 19.55 19.55 19.55 19.56 19.57 19.52 19.51 19.54 19.52 19.41 19.49 19.45 19.56 19.62
19.52 19.52 19.48 19.45 19.52 19.52 19.44 19.52 19.52 19.45 19.49 19.43 19.43 19.43 19.47 19.35 19.35 19.43 19.50 19.48 19.50 19.50 19.53 19.33 19.42 19.43 19.42 19.45 19.47 19.50 19.53 19.52 19.51 19.44 19.38 19.39 19.50 19.40 19.49 19.42 19.38 19.48 19.51 19.58 19.57 19.56 19.60 19.57 19.57 19.46 19.38 19.41 19.42 19.52 19.46 19.57 19.62 19.54 19.45 19.45 19.47 19.49 19.51 19.46 19.46 19.48 19.50 19.52 19.48 19.51 19.51 19.51 19.47 19.45 19.43 19.54 19.59
19.48 19.55 19.55 19.58 19.50 19.50 19.44 19.44 19.51 19.45 19.54 19.48 19.48 19.48 19.47 19.44 19.44 19.44 19.44 19.41 19.38 19.40 18.77 18.77 19.42 19.43 19.29 19.43 19.53 19.53 19.49 19.52 19.49 19.42 19.53 19.40 19.42 19.41 19.29 19.22 19.35 19.45 19.58 19.59 19.54 19.55 19.56 19.46 19.45 19.41 19.42 19.41 19.37 19.40 19.46 19.51 19.55 19.47 19.40 19.38 19.40 19.50 19.44 19.45 19.36 19.43 19.41 19.58 19.48 19.48 19.38 19.42 19.52 19.46 19.39 19.53 19.53
19.48 19.48 19.44 19.36 19.41 19.48 19.41 19.33 19.37 19.43 19.41 19.44 19.39 19.48 19.47 19.40 19.42 19.44 19.44 19.41 19.38 19.40 19.34 19.05 19.12 19.22 19.36 19.43 19.52 19.49 19.49 19.53 19.48 19.39 19.45 19.48 19.49 19.46 19.40 19.27 19.52 19.48 19.52 19.56 19.53 19.52 19.52 19.46 19.47 19.38 19.41 19.38 19.32 19.33 19.38 19.48 19.44 19.44 19.42 19.38 19.35 19.47 19.48 19.41 19.42 19.33 19.34 19.49 19.49 19.47 19.44 19.41 19.36 19.38 19.44 19.51 19.43
19.48 19.42 19.45 19.43 19.42 19.34 19.45 19.42 19.48 19.45 19.42 19.39 19.40 19.37 19.39 19.42 19.44 19.46 19.46 19.42 19.41 19.39 19.40 19.42 19.39 19.41 19.44 19.43 19.48 19.41 19.40 19.28 19.32 19.41 19.41 19.47 19.46 19.36 19.37 19.37 19.45 19.49 19.48 19.51 19.54 19.54 19.42 19.32 19.33 19.43 19.56 19.36 19.38 19.36 19.32 19.39 19.37 19.34 19.37 19.36 19.36 19.46 19.29 19.40 19.38 19.26 19.37 19.46 19.45 19.44 19.41 19.32 19.30 19.27 19.46 19.48 19.43
19.37 19.37 19.43 19.40 19.33 19.32 19.31 19.42 19.42 19.37 19.34 19.39 19.41 19.26 19.29 19.27 19.48 19.44 19.40 19.31 19.28 19.36 19.37 19.42 19.42 19.42 19.43 19.38 19.43 19.38 19.13 19.26 19.45 19.50 19.45 19.35 19.36 19.34 19.36 19.33 19.34 19.40 19.43 19.47 19.53 19.54 19.47 19.37 19.38 19.41 19.29 19.23 19.28 19.34 19.31 19.35 19.38 19.26 19.27 19.37 19.40 19.33 19.36 19.38 19.28 19.34 19.32 19.36 19.38 19.43 19.38 19.30 19.30 19.49 19.46 19.46 19.42
19.42 19.29 19.31 19.37 19.31 19.32 19.41 19.43 19.49 19.32 19.29 19.28 19.29 19.11 19.06 19.13 19.24 19.34 19.34 19.32 19.33 19.22 19.18 19.22 19.33 19.38 19.37 19.30 19.27 19.31 19.25 19.27 19.37 19.47 19.41 19.27 19.24 19.27 19.32 19.34 19.33 19.41 19.43 19.50 19.52 19.47 19.36 19.40 19.46 19.27 19.31 19.28 19.29 19.30 19.36 19.30 19.39 19.23 19.25 19.38 19.27 19.34 19.19 19.26 19.34 19.30 19.32 19.40 19.46 19.47 19.44 19.39 19.34 19.43 19.38 19.42 19.44
19.35 19.23 19.20 19.20 19.23 19.33 19.36 19.44 19.46 19.49 19.35 19.30 19.31 19.14 19.23 19.30 19.22 19.32 19.31 19.34 19.30 19.25 19.40 19.33 19.21 19.35 19.31 19.31 19.08 19.01 19.27 19.25 19.25 19.26 19.24 19.27 19.30 19.22 19.22 19.26 19.34 19.41 19.44 19.49 19.47 19.42 19.34 19.31 19.37 19.38 19.35 19.30 19.27 19.24 19.32 19.27 19.30 19.25 19.30 19.27 19.23 19.28 19.21 19.28 19.29 19.36 19.37 19.41 19.42 19.47 19.44 19.34 19.32 19.43 19.42 19.44 19.46
19.35 19.18 19.24 19.23 19.23 19.29 19.30 19.39 19.43 19.43 19.32 19.27 19.29 19.16 19.19 19.24 19.24 19.23 19.28 19.29 19.20 19.06 19.20 19.29 19.26 19.28 19.30 19.26 19.28 19.19 19.23 19.17 19.24 19.24 19.19 19.27 19.20 19.21 19.25 19.32 19.42 19.45 19.45 19.35 19.45 19.44 19.29 19.27 19.39 19.30 19.30 19.21 19.15 19.14 19.18 19.20 19.23 19.20 19.17 19.18 19.15 19.21 19.13 19.12 19.25 19.33 19.34 19.35 19.38 19.41 19.41 19.36 19.34 19.40 19.43 19.40 19.36
19.18 19.18 19.24 19.32 19.33 19.35 19.34 19.37 19.28 19.33 19.34 19.22 19.23 19.17 19.12 19.18 19.14 19.17 19.20 19.26 19.23 19.14 19.10 19.11 19.27 19.29 19.29 19.26 19.23 19.29 19.23 19.24 19.23 19.16 19.10 19.23 19.22 19.21 19.20 19.32 19.34 19.39 19.45 19.34 19.40 19.41 19.41 19.35 19.33 19.32 19.29 19.23 19.23 19.21 19.24 19.28 19.21 19.19 19.15 19.31 19.22 19.11 19.11 19.11 19.27 19.37 19.40 19.38 19.34 19.30 19.40 19.36 19.32 19.32 19.38 19.39 19.33
19.18 19.18 19.31 19.31 19.38 19.25 19.23 19.27 19.29 19.35 19.38 19.31 19.13 18.97 19.07 19.14 19.16 19.25 19.13 19.16 19.21 19.20 19.15 19.08 19.10 19.23 19.24 19.27 19.21 19.25 19.22 19.24 19.12 19.09 19.16 19.21 19.23 19.26 19.28 19.32 19.33 19.37 19.44 19.36 19.39 19.25 19.26 19.31 19.36 19.37 19.35 19.36 19.31 19.32 19.28 19.40 19.33 19.23 19.21 19.28 19.23 19.03 19.09 19.11 19.23 19.30 19.27 19.30 19.22 19.28 19.38 19.30 19.21 19.31 19.35 19.38 19.26
