main/data/irradiance/23.12.2023.grid
ncols 839
nrows 679
xllcenter 112.0500
yllcenter -43.9500
cellsize 0.0500
nodata_value 99999.90
[rows 238 to 271 of 679, columns 77 to 153 of 839]
30.17 30.22 30.27 30.29 30.27 30.18 30.17 30.18 30.25 30.30 30.25 30.33 30.35 30.38 30.37 30.37 30.35 30.39 30.35 30.33 30.19 30.22 30.20 30.19 30.20 30.31 30.27 30.33 30.34 30.24 30.10 30.13 30.22 30.31 30.34 30.35 30.34 30.14 30.21 30.23 30.15 30.27 30.21 29.84 29.93 30.26 30.23 30.14 29.75 29.84 29.27 28.93 28.43 28.28 27.18 26.68 27.37 27.16 28.74 26.84 27.75 28.89 28.80 28.31 27.54 28.19 27.86 28.57 28.86 28.75 28.72 28.75 28.93 29.41 29.18 29.22 29.44
30.23 30.25 30.23 30.30 30.33 30.28 30.25 30.26 30.33 30.24 30.36 30.37 30.36 30.39 30.39 30.39 30.38 30.41 30.36 30.33 30.32 30.25 30.20 30.16 30.14 30.18 30.22 30.37 30.38 30.36 30.21 30.12 30.30 30.04 30.27 30.34 30.33 30.30 30.03 30.03 29.94 30.27 30.19 30.28 30.14 30.07 29.45 30.00 29.74 29.78 28.90 28.74 28.22 27.70 28.20 27.33 26.34 26.54 27.05 27.80 26.25 29.24 27.66 27.55 27.33 27.39 27.12 27.50 28.06 28.03 27.91 27.87 28.33 28.36 28.22 28.50 29.50
30.30 30.19 30.26 30.28 30.24 30.21 30.32 30.33 30.27 30.27 30.40 30.36 30.35 30.40 30.40 30.35 30.29 30.38 30.39 30.36 30.34 30.39 30.37 30.29 30.25 30.34 30.35 30.36 30.41 30.40 30.05 30.25 29.91 30.02 29.91 29.87 29.11 29.45 29.75 29.73 29.70 29.84 29.96 30.23 30.28 29.37 29.92 30.07 29.43 29.12 29.21 28.54 27.96 27.62 26.27 27.48 27.66 25.99 26.10 26.81 25.87 26.88 28.24 26.12 25.17 26.20 26.45 26.14 26.67 26.96 27.42 27.08 27.13 26.40 26.14 26.74 27.52
30.29 30.27 30.21 30.21 30.12 30.16 30.32 30.40 30.38 30.42 30.39 30.50 30.52 30.39 30.37 30.32 30.34 30.43 30.37 30.35 30.35 30.41 30.41 30.41 30.37 30.34 30.36 30.38 30.39 30.39 30.33 30.31 30.07 29.75 29.45 29.80 29.07 29.49 28.99 29.64 28.90 28.89 29.35 29.38 29.20 29.05 28.39 28.99 28.99 29.78 29.18 28.50 28.64 27.90 25.39 26.01 25.08 25.41 24.03 26.84 25.36 25.09 26.63 25.93 24.40 26.47 26.90 25.71 25.37 26.67 26.46 25.50 25.84 26.21 25.97 26.46 27.14
30.31 30.29 30.24 30.26 30.16 30.22 30.42 30.42 30.42 30.40 30.40 30.69 30.69 30.51 30.39 30.35 30.39 30.45 30.48 30.51 30.51 30.48 30.33 30.40 30.50 30.45 30.42 30.39 29.98 30.43 30.18 30.35 30.28 29.50 28.73 29.41 29.50 29.12 28.88 28.06 27.54 28.33 27.21 26.11 26.79 28.08 26.86 27.09 27.10 29.16 28.21 28.44 26.48 27.18 25.89 24.80 22.95 23.62 23.59 25.11 22.19 23.70 25.68 24.94 24.16 24.52 25.32 23.85 25.10 25.69 24.80 25.13 25.52 25.96 25.69 25.72 27.02
30.38 30.33 30.35 30.35 30.35 30.28 30.38 30.42 30.36 30.40 30.69 30.67 30.66 30.49 30.53 30.61 30.63 30.52 30.46 30.53 30.48 30.44 30.44 30.36 30.34 30.41 30.41 30.36 30.23 30.28 30.31 30.08 29.79 29.90 28.99 28.31 27.59 27.38 27.80 26.36 26.81 26.82 28.17 25.01 24.79 26.19 26.40 26.90 27.48 27.92 27.21 27.50 27.02 25.21 26.07 25.46 25.52 25.33 25.74 23.68 23.16 24.15 24.97 22.60 23.38 23.37 24.18 23.51 24.73 25.40 24.84 24.36 25.28 25.92 26.09 25.76 25.68
30.43 30.37 30.35 30.35 30.40 30.36 30.29 30.36 30.37 30.35 30.70 30.72 30.70 30.71 30.68 30.63 30.70 30.64 30.46 30.48 30.40 30.32 30.43 30.43 30.19 30.26 30.43 30.13 30.23 29.83 30.11 29.82 28.10 29.16 29.15 28.32 26.57 26.03 26.18 25.80 25.83 25.37 27.32 24.79 24.10 24.88 27.10 27.36 27.22 27.96 26.46 26.26 26.48 26.13 24.56 24.92 22.07 23.54 22.67 24.00 22.26 22.49 23.33 21.86 24.30 24.22 21.65 22.71 24.12 24.49 24.66 25.03 24.78 25.41 25.94 26.34 26.38
30.39 30.42 30.44 30.47 30.42 30.39 30.37 30.38 30.38 30.44 30.45 30.60 30.63 30.57 30.70 30.71 30.69 30.64 30.59 30.49 30.48 30.26 30.35 30.41 30.03 29.79 29.43 29.69 29.48 29.94 29.54 28.97 29.09 28.24 28.34 27.32 26.06 23.82 24.01 23.80 24.31 25.73 25.63 24.40 24.78 24.77 25.26 26.87 27.66 28.31 26.23 24.46 24.21 24.83 23.39 21.56 21.91 22.26 19.71 20.98 22.58 20.90 20.67 21.16 21.71 23.04 22.43 22.29 23.61 22.85 23.14 24.30 24.64 24.56 25.29 25.80 26.03
30.41 30.41 30.44 30.50 30.45 30.41 30.44 30.43 30.45 30.45 30.48 30.52 30.57 30.45 30.49 30.48 30.43 30.46 30.55 30.66 30.56 30.47 30.47 30.46 30.21 29.90 30.16 29.19 29.86 30.01 29.63 29.35 29.16 26.97 28.06 25.39 25.49 22.29 22.89 24.33 26.08 27.82 25.45 24.18 24.62 25.84 23.25 24.49 25.53 25.25 24.95 24.80 24.10 21.62 21.23 20.92 21.59 22.71 20.34 21.45 20.78 20.27 21.84 20.82 20.48 20.95 21.49 23.83 24.69 23.48 23.59 24.16 23.94 23.82 24.21 25.24 24.09
30.34 30.38 30.49 30.49 30.46 30.48 30.47 30.45 30.47 30.44 30.45 30.52 30.56 30.48 30.47 30.47 30.46 30.43 30.44 30.43 30.44 30.46 30.68 30.76 30.37 30.32 30.38 30.16 29.66 29.51 30.07 29.53 29.69 28.90 29.51 27.27 23.66 23.67 23.86 24.24 24.60 25.34 25.62 26.37 24.34 24.68 23.39 24.30 24.32 23.81 21.79 20.48 22.82 22.90 23.24 19.33 22.40 21.74 20.06 21.44 21.45 21.90 20.24 19.28 20.02 20.92 20.90 22.47 24.38 25.28 24.60 24.70 24.74 24.34 23.90 24.72 24.39
30.36 30.36 30.40 30.45 30.45 30.48 30.50 30.47 30.45 30.46 30.46 30.43 30.48 30.46 30.49 30.50 30.51 30.50 30.49 30.48 30.51 30.51 30.56 30.60 30.44 30.44 30.48 30.29 30.30 29.92 30.33 30.02 29.16 29.05 29.07 28.70 25.98 24.13 23.90 24.19 24.71 26.16 27.27 26.63 25.61 26.80 25.27 24.75 23.74 23.24 24.67 20.57 19.78 19.94 22.15 20.69 21.53 21.92 23.69 21.54 21.16 20.04 21.60 21.39 20.08 20.30 21.99 22.53 23.70 24.46 25.41 24.38 26.56 25.68 25.45 25.56 22.30
30.43 30.41 30.44 30.47 30.46 30.47 30.50 30.48 30.45 30.46 30.47 30.43 30.44 30.46 30.47 30.50 30.46 30.48 30.46 30.50 30.54 30.53 30.52 30.50 30.47 30.48 30.52 30.48 30.38 30.25 30.42 30.16 29.37 29.16 28.93 28.76 25.88 23.98 24.22 24.26 24.65 25.60 25.15 26.08 27.04 26.60 26.22 26.36 25.19 22.31 22.98 20.84 21.01 21.63 23.40 24.57 23.16 24.83 26.27 23.93 23.84 24.45 23.56 24.51 22.51 22.74 23.61 23.53 24.26 25.04 25.43 25.59 25.68 23.81 24.11 25.27 24.94
30.42 30.45 30.44 30.45 30.47 30.47 30.49 30.50 30.47 30.42 30.51 30.50 30.47 30.45 30.47 30.50 30.53 30.49 30.46 30.42 30.57 30.50 30.53 30.54 30.54 30.44 30.51 30.53 30.40 30.41 29.77 30.07 29.31 29.44 29.63 29.35 27.89 25.73 23.70 25.17 24.49 23.92 25.44 26.68 26.57 27.97 27.42 25.45 25.67 23.68 22.67 21.28 23.19 23.79 25.90 23.15 23.84 25.04 23.94 21.06 21.72 22.76 22.61 23.85 22.85 21.54 22.61 26.31 25.47 25.16 24.73 25.62 26.14 24.44 24.60 24.83 26.08
30.37 30.45 30.35 30.43 30.44 30.49 30.47 30.51 30.54 30.53 30.53 30.50 30.49 30.48 30.49 30.47 30.51 30.49 30.62 30.45 30.36 30.48 30.58 30.61 30.56 30.48 30.28 30.39 30.45 30.51 30.35 29.69 29.93 30.02 29.67 29.65 29.64 28.26 26.59 26.96 26.19 25.04 24.85 26.37 27.69 27.37 26.71 27.28 24.94 24.58 23.49 21.30 22.97 23.57 24.54 23.01 23.46 24.60 24.01 24.30 23.50 24.02 23.98 22.84 21.28 23.31 24.15 25.02 22.79 23.10 23.61 23.90 23.43 24.76 23.88 24.38 25.42
30.47 30.46 30.29 30.37 30.52 30.47 30.49 30.43 30.52 30.60 30.55 30.51 30.52 30.52 30.54 30.50 30.52 30.51 30.63 30.57 30.46 30.48 30.56 30.61 30.52 30.50 30.49 30.51 30.14 30.29 30.32 30.26 29.07 29.52 30.26 30.38 30.32 29.41 27.89 27.08 27.04 24.82 26.35 26.72 27.43 28.14 28.97 28.32 28.59 24.76 24.70 25.40 25.73 24.49 22.97 20.79 21.89 24.30 25.77 25.45 23.13 21.63 21.73 19.63 21.21 21.80 24.70 24.59 23.73 23.54 23.75 23.32 24.38 26.07 25.33 24.19 23.85
30.53 30.53 30.47 30.49 30.43 30.42 30.48 30.53 30.58 30.54 30.58 30.54 30.56 30.53 30.55 30.50 30.50 30.53 30.55 30.44 30.37 30.53 30.60 30.54 30.49 30.51 30.52 30.39 30.47 30.45 30.51 30.45 30.30 29.78 29.49 29.70 29.87 30.20 29.29 28.55 26.68 25.57 25.85 25.72 24.93 26.12 26.56 25.92 26.94 24.33 25.11 25.10 26.33 24.65 23.74 22.67 23.40 24.73 24.71 22.74 20.88 21.25 19.77 21.32 21.23 22.18 21.80 21.94 23.46 24.16 24.77 23.90 23.04 25.40 24.88 24.15 24.71
30.53 30.56 30.53 30.58 30.45 30.38 30.48 30.48 30.56 30.56 30.59 30.60 30.57 30.53 30.57 30.55 30.54 30.54 30.58 30.57 30.59 30.61 30.57 30.48 30.51 30.55 30.43 30.54 30.52 30.49 30.19 30.24 30.42 30.18 29.90 29.92 30.11 30.24 30.31 30.21 28.89 26.19 26.39 25.29 24.31 25.93 24.86 25.30 24.96 23.48 23.63 23.38 25.11 23.55 22.00 20.69 22.36 23.69 22.88 23.97 23.82 20.55 21.51 20.67 22.38 22.92 22.15 21.90 23.72 23.63 24.34 24.22 25.61 26.15 25.44 24.88 22.88
30.53 30.49 30.57 30.58 30.55 30.43 30.21 30.50 30.54 30.55 30.64 30.61 30.59 30.58 30.58 30.57 30.58 30.54 30.56 30.58 30.58 30.59 30.56 30.55 30.52 30.59 30.53 30.52 30.34 30.33 30.38 30.21 30.46 29.60 29.91 30.53 30.48 30.01 30.11 30.08 29.90 29.73 28.54 26.51 25.28 25.92 25.30 24.78 25.82 22.91 23.60 22.87 26.80 26.54 24.16 21.06 22.43 23.99 24.97 25.66 25.16 23.12 22.48 23.72 25.06 24.79 21.65 22.58 24.06 23.69 23.94 25.59 25.23 23.43 22.71 21.85 22.25
30.44 30.50 30.55 30.60 30.61 30.52 30.47 30.42 30.45 30.48 30.59 30.61 30.56 30.53 30.57 30.58 30.61 30.54 30.56 30.56 30.59 30.61 30.59 30.59 30.61 30.61 30.55 30.45 30.47 30.46 30.52 30.55 30.47 30.37 30.30 29.88 30.25 30.49 30.54 30.24 30.16 29.56 29.27 28.66 27.32 26.20 26.71 27.33 25.83 27.42 24.96 23.92 27.17 25.15 26.39 24.92 22.01 23.52 24.31 22.60 22.62 22.59 22.36 23.66 24.01 23.77 20.88 19.73 22.05 23.27 24.11 23.89 24.06 23.78 23.77 23.50 22.52
30.46 30.48 30.57 30.58 30.61 30.60 30.55 30.55 30.33 30.43 30.54 30.59 30.62 30.58 30.55 30.61 30.57 30.56 30.44 30.50 30.58 30.58 30.58 30.57 30.61 30.64 30.62 30.59 30.55 30.55 30.60 30.64 30.63 30.65 30.60 30.55 30.59 30.16 30.57 30.30 30.45 29.02 29.98 28.30 27.61 27.51 26.33 25.41 24.32 26.53 26.43 26.23 28.07 25.58 25.42 24.32 23.24 23.67 23.01 24.30 20.99 22.73 20.77 22.27 20.37 21.78 20.19 19.45 21.15 22.81 23.51 23.33 24.73 24.17 23.26 22.81 22.65
30.57 30.54 30.51 30.51 30.58 30.61 30.61 30.58 30.53 30.13 30.45 30.51 30.63 30.65 30.60 30.58 30.62 30.61 30.58 30.41 30.45 30.56 30.60 30.62 30.64 30.65 30.66 30.63 30.62 30.62 30.63 30.65 30.67 30.66 30.63 30.58 30.62 30.53 30.26 29.69 29.99 29.66 29.96 29.46 28.57 27.66 27.34 26.78 27.18 27.14 25.77 27.89 29.21 27.23 26.38 25.07 24.78 23.51 25.17 24.68 20.17 22.96 22.08 22.68 20.44 21.92 21.49 21.30 21.74 21.93 22.03 23.13 23.02 24.16 24.59 24.31 23.21
30.51 30.53 30.53 30.48 30.56 30.64 30.62 30.54 30.26 30.40 30.56 30.58 30.52 30.61 30.59 30.60 30.62 30.64 30.64 30.61 30.54 30.38 30.42 30.50 30.58 30.65 30.66 30.62 30.63 30.63 30.62 30.68 30.69 30.64 30.62 30.65 30.65 30.63 30.60 30.56 30.38 30.37 30.12 29.39 28.76 28.42 28.84 26.91 26.78 28.39 28.02 28.09 29.00 26.24 27.55 26.78 26.78 26.32 24.84 24.02 20.80 21.93 22.17 24.12 22.62 23.55 23.32 24.02 22.30 20.47 21.98 21.55 21.65 23.04 23.75 23.70 22.57
30.37 30.50 30.52 30.52 30.52 30.62 30.62 30.63 30.48 30.40 30.39 30.45 30.56 30.58 30.53 30.52 30.57 30.59 30.56 30.60 30.65 30.62 30.59 30.58 30.61 30.64 30.66 30.65 30.66 30.67 30.63 30.65 30.68 30.58 30.60 30.64 30.68 30.68 30.67 30.64 30.54 30.56 30.12 30.24 29.87 29.85 29.77 28.13 27.20 27.60 28.92 28.99 28.85 28.90 28.06 27.40 28.16 25.76 24.23 25.81 25.55 23.00 22.49 23.75 20.30 23.03 22.22 24.00 25.46 23.16 22.06 20.90 18.86 20.15 21.58 21.14 22.17
30.47 30.45 30.47 30.53 30.53 30.56 30.64 30.66 30.64 30.41 30.39 30.53 30.58 30.57 30.38 30.51 30.53 30.51 30.57 30.52 30.52 30.60 30.63 30.56 30.48 30.56 30.62 30.65 30.66 30.67 30.68 30.68 30.65 30.63 30.65 30.67 30.68 30.69 30.66 30.63 30.66 30.66 30.69 30.65 30.43 30.59 29.54 29.18 29.74 29.17 29.69 28.94 28.78 29.05 28.12 27.45 28.21 27.53 27.97 24.93 26.73 24.92 24.02 22.45 21.96 22.27 23.90 23.02 22.60 19.63 20.68 20.73 21.81 20.34 21.90 21.74 20.48
30.03 30.41 30.49 30.57 30.58 30.61 30.64 30.62 30.67 30.52 30.46 30.55 30.39 30.52 30.22 30.37 30.38 30.61 30.62 30.62 30.63 30.59 30.57 30.59 30.50 30.54 30.55 30.56 30.66 30.71 30.71 30.72 30.69 30.67 30.72 30.71 30.67 30.65 30.64 30.67 30.66 30.66 30.68 30.70 30.66 30.62 30.15 30.26 29.72 29.70 28.79 29.57 29.77 29.01 28.75 28.53 27.48 28.25 28.86 25.85 24.13 26.29 25.20 24.09 24.14 23.67 25.91 25.65 23.72 21.91 21.48 20.31 21.24 24.35 21.78 21.69 21.92
30.13 30.15 30.09 30.25 30.56 30.58 30.59 30.62 30.59 30.59 30.48 30.35 30.36 30.33 30.54 30.38 30.19 30.47 30.58 30.62 30.60 30.57 30.63 30.60 30.55 30.59 30.56 30.51 30.62 30.63 30.68 30.61 30.69 30.68 30.66 30.73 30.72 30.68 30.66 30.64 30.65 30.69 30.69 30.68 30.65 30.64 30.53 30.48 30.57 30.52 29.83 30.36 30.29 30.02 28.38 29.03 28.26 29.40 28.98 27.75 27.61 27.47 24.58 24.73 25.12 25.97 25.32 23.91 24.56 25.33 22.84 19.72 21.56 22.93 19.34 20.53 21.92
30.50 30.19 30.04 30.13 30.08 30.35 30.53 30.55 30.63 30.58 30.58 30.66 30.58 30.64 30.69 30.67 30.60 30.46 30.48 30.57 30.64 30.55 30.52 30.48 30.52 30.51 30.55 30.58 30.64 30.66 30.63 30.56 30.66 30.60 30.64 30.69 30.68 30.69 30.67 30.66 30.67 30.66 30.71 30.62 30.66 30.64 30.60 30.56 30.53 30.58 30.65 30.06 29.77 30.14 29.66 29.26 29.29 29.29 27.94 27.98 28.70 27.80 28.28 26.81 25.56 23.52 24.09 26.57 24.30 23.23 24.30 22.90 22.84 22.40 21.21 21.82 21.12
30.49 30.38 30.09 30.17 30.16 30.12 30.31 30.34 30.53 30.57 30.62 30.61 30.61 30.65 30.65 30.66 30.67 30.63 30.66 30.63 30.63 30.49 30.40 30.36 30.48 30.58 30.55 30.36 30.46 30.52 30.56 30.57 30.50 30.39 30.57 30.70 30.70 30.66 30.67 30.66 30.69 30.71 30.71 30.67 30.68 30.71 30.60 30.71 30.20 30.68 30.68 30.42 30.62 30.22 30.01 29.71 29.64 29.35 28.97 27.48 27.79 27.55 28.78 27.25 26.78 25.98 26.02 25.26 25.63 24.70 24.59 25.65 25.79 23.38 20.95 20.08 21.93
29.69 30.08 30.11 30.00 30.10 30.14 30.03 30.17 30.27 30.48 30.56 30.60 30.60 30.57 30.66 30.65 30.65 30.67 30.64 30.66 30.64 30.57 30.47 30.32 30.52 30.59 30.60 30.61 30.53 30.45 30.59 30.66 30.57 30.49 30.52 30.64 30.70 30.71 30.70 30.71 30.71 30.74 30.75 30.76 30.71 30.72 30.72 30.67 30.65 30.64 30.27 30.64 30.66 30.51 30.08 29.99 29.87 29.69 28.88 28.30 27.99 26.81 26.77 28.19 26.78 27.55 28.44 25.92 26.59 26.07 26.28 27.38 26.28 25.97 24.40 22.62 24.52
29.17 28.96 29.54 29.81 29.64 29.75 29.48 29.91 30.05 30.21 30.49 30.61 30.60 30.60 30.59 30.65 30.67 30.67 30.66 30.70 30.73 30.69 30.69 30.56 30.48 30.43 30.51 30.61 30.60 30.67 30.62 30.66 30.61 30.50 30.57 30.59 30.55 30.65 30.73 30.69 30.71 30.74 30.75 30.75 30.75 30.75 30.75 30.73 30.76 30.75 30.67 30.64 30.69 30.48 30.59 30.33 30.03 29.87 29.17 29.05 28.03 29.01 28.13 27.70 27.19 28.87 28.40 29.20 26.68 24.64 24.30 25.80 25.26 25.33 24.98 23.16 24.59
27.36 27.84 28.68 28.82 29.19 29.51 29.57 29.55 29.86 30.34 30.29 30.46 30.60 30.64 30.61 30.64 30.63 30.65 30.65 30.61 30.59 30.63 30.66 30.69 30.67 30.51 30.47 30.56 30.60 30.55 30.60 30.59 30.46 30.42 30.61 30.59 30.52 30.42 30.60 30.64 30.67 30.72 30.75 30.78 30.76 30.75 30.76 30.74 30.73 30.74 30.74 30.68 30.68 30.41 30.60 30.40 30.25 30.22 29.58 29.58 29.68 29.34 29.51 28.41 28.46 29.28 28.25 29.48 27.20 27.48 27.73 27.83 24.53 24.10 24.30 23.59 21.78
25.85 26.49 27.50 28.84 29.48 29.50 29.56 29.42 29.90 30.09 30.35 30.32 30.35 30.58 30.59 30.60 30.68 30.65 30.64 30.64 30.61 30.52 30.44 30.45 30.51 30.46 30.47 30.49 30.40 30.41 30.31 30.38 30.51 30.43 30.50 30.27 30.45 30.64 30.57 30.30 30.55 30.71 30.71 30.72 30.76 30.73 30.74 30.70 30.74 30.75 30.64 30.59 30.35 30.19 30.46 30.11 30.46 30.47 30.24 29.66 29.52 29.52 30.33 29.84 28.98 29.39 29.28 28.10 27.51 27.91 27.23 28.16 26.97 26.60 27.09 27.03 24.09
26.77 26.95 27.53 27.98 27.69 28.73 29.60 29.18 29.44 29.79 30.01 30.06 30.51 30.49 30.40 30.37 30.38 30.58 30.62 30.64 30.66 30.70 30.62 30.52 30.50 30.60 30.54 30.38 30.45 30.41 30.29 30.30 30.26 30.43 30.59 30.33 30.27 30.49 30.51 30.45 30.50 30.57 30.65 30.73 30.71 30.65 30.65 30.67 30.68 30.70 30.67 30.74 30.71 30.73 30.70 30.68 30.55 30.72 30.34 30.36 30.53 30.34 30.47 30.52 30.06 30.24 29.49 28.55 28.69 27.63 28.38 28.73 28.73 26.95 27.64 25.80 27.74
26.32 26.42 26.75 26.67 27.73 28.30 28.84 29.61 29.31 29.47 29.96 30.09 30.16 30.43 30.48 30.37 30.18 30.36 30.38 30.46 30.49 30.61 30.69 30.63 30.64 30.47 30.36 30.26 30.63 30.56 30.35 30.23 30.13 29.95 29.96 30.12 30.05 30.33 30.36 30.34 30.57 30.52 30.54 30.71 30.68 30.58 30.72 30.72 30.70 30.68 30.71 30.70 30.75 30.66 30.72 30.72 30.73 30.69 30.74 30.70 30.63 30.77 30.33 30.36 30.31 30.36 29.98 30.23 29.96 29.12 27.86 28.20 28.20 28.29 28.13 27.45 27.92
