main/data/irradiance/23.11.2023.grid
ncols 839
nrows 679
xllcenter 112.0500
yllcenter -43.9500
cellsize 0.0500
nodata_value 99999.90
[rows 476 to 509 of 679, columns 462 to 538 of 839]
28.91 27.98 28.60 28.65 28.97 28.94 28.59 28.48 27.87 28.40 28.41 27.75 28.02 27.65 26.41 27.38 28.35 28.43 27.87 27.49 25.52 23.83 24.10 24.15 24.82 25.09 25.13 24.58 22.82 22.64 23.01 21.93 22.03 22.27 22.27 22.05 22.05 20.56 20.52 19.11 19.11 19.11 20.83 20.83 20.83 15.34 15.96 15.96 15.96 15.96 13.25 13.25 13.21 11.47 10.27 10.14 9.97 8.98 8.11 7.35 6.94 5.45 5.33 4.65 6.16 3.89 4.09 4.45 4.74 3.84 4.21 3.39 2.76 3.04 3.33 3.49 3.62
28.91 29.40 28.79 28.56 28.21 28.12 28.06 28.57 28.07 27.51 28.23 27.10 28.39 28.92 28.68 28.88 28.53 27.95 27.56 27.39 25.67 23.75 23.76 24.09 24.13 24.50 24.62 24.33 23.20 23.14 23.01 21.93 21.93 22.27 22.27 22.27 22.05 20.56 20.52 19.11 19.11 19.11 19.11 20.83 15.34 15.34 15.34 15.34 15.96 15.96 15.96 13.66 13.07 11.05 10.25 10.33 9.60 8.75 7.96 7.11 6.78 5.34 4.84 5.81 5.31 4.94 4.60 3.95 4.32 3.54 3.89 3.51 3.02 2.76 3.01 3.80 3.09
29.40 29.40 28.23 28.94 29.07 28.77 29.12 28.75 28.99 28.50 28.46 27.67 28.45 27.65 27.07 27.70 27.79 27.87 27.23 26.67 24.87 23.83 23.52 24.19 23.57 23.86 23.41 23.74 23.88 23.14 23.14 21.93 21.93 21.93 22.27 22.27 22.27 20.56 20.52 19.11 19.11 19.11 19.11 15.34 15.34 15.34 15.34 15.34 15.34 15.76 15.76 13.91 12.90 11.55 10.22 10.07 9.63 9.42 8.43 7.81 6.25 5.40 5.72 6.00 4.85 4.56 5.52 4.26 3.34 4.36 3.21 2.67 3.85 3.03 3.63 3.86 4.01
29.40 28.23 28.23 28.70 28.10 27.55 26.81 25.80 26.06 25.62 26.29 25.86 26.23 26.94 26.34 26.13 25.63 26.56 25.62 25.25 24.79 23.81 23.40 24.08 23.89 23.50 23.33 23.74 23.88 23.88 23.14 23.14 21.93 21.93 22.27 22.27 22.27 22.27 20.52 19.11 19.11 19.11 14.56 14.56 15.34 15.34 15.34 15.34 15.34 15.34 13.88 13.53 12.81 11.87 10.24 9.45 8.98 9.40 8.37 7.73 5.58 5.78 5.65 6.41 5.78 5.26 5.09 4.27 3.88 3.85 3.69 2.42 2.88 3.82 3.31 3.43 4.32
28.23 27.64 27.64 27.64 27.47 27.56 25.38 24.46 24.37 25.35 25.41 24.84 24.38 25.54 25.29 25.11 26.04 25.58 25.25 25.04 24.69 23.92 23.86 24.17 23.54 23.50 23.33 23.33 23.88 23.88 23.88 23.14 21.93 21.93 21.93 22.27 22.27 22.27 20.52 19.11 19.11 14.56 14.56 14.56 14.56 14.53 14.53 14.48 14.48 14.48 12.80 12.03 11.88 11.28 10.79 10.01 8.56 9.62 8.49 7.06 7.29 7.10 6.40 7.47 6.51 6.02 5.13 3.86 3.36 3.60 3.82 3.42 2.80 3.13 2.71 1.94 3.67
26.90 26.90 26.90 26.90 27.15 25.72 24.93 24.42 24.61 24.81 25.15 23.64 24.47 24.53 24.16 23.20 24.63 24.44 24.96 24.22 23.68 23.59 23.59 23.50 23.54 23.54 23.33 23.33 23.33 23.88 23.88 23.88 23.14 21.93 21.93 22.27 22.27 22.27 22.27 19.11 14.56 14.56 14.56 14.56 14.56 14.56 14.53 14.53 13.99 13.99 12.32 11.45 10.48 10.44 10.42 9.95 9.02 9.34 9.61 8.34 8.78 7.91 6.84 6.73 6.11 6.14 5.46 4.89 4.26 3.58 3.96 4.73 2.96 1.91 2.81 2.04 4.39
27.10 27.10 27.10 27.10 26.99 25.64 24.09 24.60 23.32 24.64 24.92 23.33 24.61 24.39 23.31 23.29 24.38 23.67 24.06 24.22 23.60 23.80 23.73 23.35 23.35 23.35 23.54 23.33 23.33 23.88 23.88 23.88 23.88 21.93 21.93 21.93 22.27 22.27 22.27 14.56 14.56 14.56 14.56 14.56 14.56 14.56 14.56 14.53 14.53 13.15 11.22 9.82 10.02 9.85 8.67 9.83 9.51 9.08 9.61 8.34 8.14 9.42 8.49 7.41 6.02 6.26 4.86 5.61 4.26 3.69 4.67 4.42 4.10 2.52 2.26 2.81 4.02
27.10 27.10 27.10 27.10 27.45 27.14 24.79 21.81 23.32 25.82 24.83 24.45 23.94 23.44 23.26 23.76 25.25 24.56 24.85 24.55 23.49 23.13 24.00 23.35 23.35 23.35 23.35 23.33 23.33 23.33 23.88 23.88 23.88 23.88 21.93 21.93 22.27 22.27 14.56 14.56 14.56 14.56 14.56 14.56 14.56 14.56 14.56 14.56 13.95 12.46 11.14 9.60 10.04 9.95 9.32 8.65 9.16 9.27 9.27 8.14 8.14 7.05 8.76 8.06 6.68 6.24 5.21 4.75 4.42 4.07 4.82 4.82 4.24 3.37 3.04 3.26 3.34
27.10 27.10 27.44 27.44 27.44 27.55 27.34 25.65 25.23 26.22 25.13 24.61 24.98 24.56 23.76 25.24 25.76 24.43 24.02 23.82 23.16 23.18 23.79 23.79 23.79 23.35 23.35 23.35 23.33 23.33 23.88 23.88 23.88 23.88 23.88 21.93 21.93 22.27 13.78 13.78 13.78 13.78 13.78 13.78 13.78 13.78 13.78 13.78 13.42 11.79 10.13 9.54 10.03 9.39 8.89 8.90 9.47 9.27 9.27 6.49 6.49 6.49 6.75 6.70 6.14 5.67 4.53 4.27 3.29 4.83 5.58 4.12 4.74 4.08 3.48 3.04 2.66
27.44 27.44 27.44 27.44 27.44 27.95 27.08 27.33 25.51 25.27 24.97 24.20 24.12 24.18 24.34 24.83 25.99 25.07 23.55 22.61 22.82 23.12 23.79 23.79 23.79 23.79 23.79 23.35 23.35 23.33 23.33 23.88 23.88 23.88 23.88 21.93 21.93 13.78 13.78 13.78 13.78 13.78 13.78 13.78 13.78 13.78 13.78 13.78 13.12 11.04 9.38 9.62 9.65 8.58 8.38 9.19 9.23 9.06 9.06 9.06 6.49 6.49 5.93 5.76 6.27 6.74 4.60 3.87 2.95 3.63 5.82 5.04 4.94 3.53 3.16 3.19 3.82
28.59 27.44 27.44 24.32 24.32 24.32 25.56 25.80 26.24 25.99 26.24 23.80 23.29 24.87 25.51 25.57 25.78 23.53 22.57 23.08 22.82 23.12 23.12 23.79 23.79 23.79 23.79 23.79 23.79 23.35 23.33 23.88 23.88 23.88 23.88 23.88 21.93 12.62 12.62 12.62 12.62 12.62 12.62 12.62 12.62 12.62 12.62 12.62 11.65 10.74 9.32 8.65 8.21 7.49 7.52 7.49 8.78 9.06 9.06 9.06 6.06 6.06 6.06 5.22 6.10 6.57 5.22 3.30 2.84 3.26 4.20 5.19 5.28 4.41 2.76 4.00 3.39
28.59 28.92 26.90 26.90 26.90 26.90 26.31 27.66 27.02 25.74 26.14 23.85 24.10 25.86 24.99 24.42 24.49 23.06 23.30 24.71 24.71 23.12 23.12 23.12 23.79 23.79 23.79 23.79 23.79 23.79 23.79 23.33 23.88 23.88 23.88 23.88 23.88 13.21 13.21 13.21 13.21 13.21 13.21 13.21 13.21 13.21 13.21 13.21 10.93 9.99 9.02 8.23 7.74 7.58 7.39 7.38 8.78 8.78 9.06 9.06 6.06 6.06 6.06 5.67 5.35 6.17 4.09 3.41 4.08 3.89 3.47 3.97 4.94 4.45 2.28 3.77 3.40
28.59 28.92 28.95 27.51 27.51 27.51 27.14 27.06 25.51 25.56 25.07 24.70 25.43 25.36 23.41 22.76 22.62 22.53 23.68 24.71 24.71 24.71 23.12 23.12 23.12 23.79 23.79 23.79 23.79 23.79 23.79 23.79 23.88 23.88 21.67 21.67 21.67 13.88 13.88 13.88 13.88 13.88 13.88 13.88 13.88 13.88 13.88 13.88 10.97 9.25 8.45 7.93 7.36 7.56 7.26 7.38 7.38 8.78 8.78 9.06 6.06 5.73 5.73 5.73 6.17 6.47 4.44 3.78 4.79 4.42 2.85 2.77 4.13 4.05 2.44 3.19 3.78
28.59 28.92 28.95 28.95 27.51 27.51 26.40 25.46 25.20 24.37 24.30 25.37 25.67 24.77 22.57 22.82 23.20 23.64 23.68 24.96 24.96 24.96 24.96 24.96 23.12 23.12 23.79 23.79 23.79 23.79 23.79 23.79 21.67 21.67 21.67 21.67 21.67 21.67 13.46 13.46 13.46 13.46 13.46 13.46 13.46 13.46 13.46 13.46 10.95 9.41 8.58 8.16 8.15 8.37 9.28 9.28 9.28 7.38 8.78 5.73 5.73 5.73 5.73 5.73 6.72 6.37 4.55 4.58 5.34 4.24 3.80 3.14 3.78 3.55 3.23 3.21 3.94
28.59 28.92 28.95 28.95 28.87 28.87 27.78 26.56 26.03 26.35 24.86 26.86 25.06 23.80 22.67 22.61 23.20 23.64 23.64 24.96 24.96 24.96 24.96 24.96 24.96 24.96 23.12 23.79 23.79 23.79 23.79 21.67 21.67 21.67 21.67 21.67 21.67 21.67 21.67 12.98 12.98 12.98 12.98 12.98 12.98 12.98 12.98 12.98 10.94 9.45 9.46 8.65 8.64 8.83 9.95 9.95 9.95 9.95 9.95 5.73 5.73 5.73 5.73 6.72 6.72 5.02 4.80 5.15 5.04 4.12 3.08 2.96 3.34 4.55 4.50 4.17 4.42
28.59 28.92 28.95 28.77 28.77 28.87 27.78 27.76 28.25 26.94 26.94 26.23 24.96 23.21 22.95 24.64 24.64 23.64 23.64 24.96 24.96 24.96 24.96 24.96 24.96 24.96 24.96 24.96 23.79 23.79 23.79 21.67 21.67 21.67 21.67 21.67 21.67 21.67 21.67 20.46 19.21 12.98 12.98 12.98 12.98 12.98 12.98 12.98 9.54 8.77 9.01 9.20 9.46 9.49 10.48 10.48 10.48 10.48 10.48 5.73 5.73 5.73 6.72 4.23 4.23 4.23 5.48 6.12 5.86 3.35 2.02 3.01 4.34 3.54 5.23 4.47 3.73
28.59 28.92 28.77 28.77 29.09 29.09 28.52 28.05 28.87 28.10 27.76 25.95 24.56 24.22 25.22 24.64 24.64 24.64 23.64 24.96 24.96 24.96 24.96 24.96 24.96 24.96 24.96 24.96 24.96 24.96 22.37 21.67 21.67 21.67 21.67 21.67 21.67 21.67 21.67 20.46 19.21 17.68 9.62 9.62 9.62 9.62 9.62 9.04 9.04 8.34 8.40 8.58 9.81 10.71 11.13 11.13 11.13 11.13 11.13 11.13 5.73 4.23 4.23 4.23 4.23 4.23 5.48 6.74 6.44 4.23 2.95 3.21 4.53 4.40 4.37 3.85 3.94
28.59 28.77 28.77 29.09 29.09 28.18 28.18 28.86 28.33 28.37 27.99 27.75 27.21 26.36 25.22 25.22 27.12 27.12 27.12 27.12 24.96 24.96 24.96 24.96 24.96 24.96 24.96 24.96 24.96 22.37 22.37 22.37 21.67 21.67 21.67 21.67 21.67 21.67 21.67 20.46 19.21 17.68 9.62 9.62 9.62 9.62 9.62 9.62 9.44 8.99 8.98 9.69 10.27 10.90 10.57 10.57 10.57 10.57 10.57 10.57 4.23 4.23 4.23 4.23 4.23 5.48 5.48 5.74 4.81 3.32 2.91 4.40 4.35 4.40 4.31 3.94 3.85
28.59 28.77 29.09 29.09 29.09 28.18 28.18 28.36 27.75 27.87 28.17 28.55 27.70 27.23 27.32 27.32 27.12 27.12 27.12 27.12 27.12 27.12 24.96 24.96 24.96 24.96 24.96 24.96 24.96 22.37 22.37 22.37 22.37 21.67 21.67 21.67 21.67 21.67 21.67 20.46 19.21 17.68 16.69 9.87 9.87 9.87 9.87 9.87 9.66 9.92 9.51 10.00 9.73 11.03 10.01 10.01 10.01 10.01 10.01 10.01 4.23 4.23 4.23 4.23 5.48 5.48 5.74 5.74 3.64 3.22 3.50 4.71 4.25 4.62 4.26 3.80 4.43
28.59 29.09 29.09 29.09 28.18 28.18 28.36 28.36 27.83 28.06 28.35 28.65 28.47 27.23 27.32 27.12 27.12 27.12 27.12 27.12 27.12 27.12 27.12 27.12 24.96 24.96 24.96 24.96 22.37 22.37 22.37 22.37 22.37 22.37 21.67 21.67 21.67 21.67 21.67 20.46 19.21 17.68 16.69 16.69 10.23 10.23 10.23 10.23 9.96 10.34 9.91 8.88 9.47 10.85 10.01 10.01 10.01 10.01 10.01 10.01 10.01 4.23 4.23 5.11 5.11 5.11 5.11 5.11 3.26 4.48 4.45 4.39 4.34 4.28 4.48 3.45 4.10
29.09 29.09 29.09 29.09 28.18 28.36 28.36 27.83 27.83 28.10 28.55 27.40 28.47 28.72 28.36 27.39 27.36 27.36 27.36 27.36 27.36 27.36 27.36 27.36 27.36 27.36 24.96 22.37 22.37 22.37 22.37 22.37 22.37 22.37 22.37 21.67 21.67 21.67 21.67 20.46 19.21 17.68 16.69 16.69 16.69 11.36 11.36 11.36 10.51 10.69 10.29 9.32 9.99 12.07 12.07 12.07 10.01 10.01 10.01 10.01 10.01 5.28 5.28 5.28 5.28 5.28 5.28 5.28 5.21 4.94 4.46 4.69 4.20 4.93 4.30 4.37 3.68
29.09 29.09 29.09 28.18 28.36 28.36 27.83 27.83 28.10 28.10 28.26 27.40 27.40 28.72 28.36 28.09 27.99 27.99 27.99 27.99 27.99 27.99 27.99 27.99 27.99 27.99 27.99 23.30 22.37 22.37 22.37 22.37 22.37 22.37 22.37 22.37 21.67 21.67 21.67 20.46 19.21 17.68 16.69 16.69 14.56 13.91 12.56 12.56 11.44 11.50 11.56 12.00 11.96 12.07 12.07 12.07 12.07 12.07 10.01 10.01 10.01 5.94 5.94 5.94 5.94 5.94 5.94 5.94 5.40 4.52 4.55 3.93 3.45 3.93 5.05 5.16 3.68
29.09 29.09 29.09 28.36 28.36 27.83 27.83 28.10 28.10 28.26 28.26 28.26 27.40 28.72 28.09 28.09 27.71 27.71 27.71 27.71 27.71 27.71 27.71 27.71 27.71 27.71 27.71 23.30 23.30 23.30 22.37 22.37 22.37 22.37 22.37 22.37 22.37 21.67 21.67 20.46 19.21 17.68 16.69 16.69 14.56 13.91 13.91 12.99 12.61 12.34 12.87 13.04 12.92 12.92 12.92 12.07 12.07 12.07 12.07 12.07 5.94 5.94 5.94 5.94 5.94 5.94 5.94 5.94 5.24 4.80 4.12 2.90 2.34 2.80 3.65 5.06 4.09
29.09 29.09 28.36 28.36 27.83 27.83 28.10 28.10 28.26 28.26 28.26 28.26 28.26 28.09 28.09 27.71 27.71 27.71 27.71 27.71 27.71 27.71 27.71 27.71 27.71 27.71 23.30 23.30 23.30 23.30 23.30 23.30 22.37 22.37 22.37 22.37 22.37 22.37 20.42 19.17 17.89 17.24 15.36 14.23 14.56 14.10 13.33 12.90 13.39 13.07 13.36 13.02 12.71 12.71 12.71 12.71 12.71 12.07 12.07 12.07 5.94 5.94 5.94 5.94 5.94 5.94 5.06 5.06 5.06 4.25 3.90 3.00 2.43 2.51 3.14 4.13 4.43
29.09 28.36 28.36 27.83 27.83 28.10 28.10 28.26 28.26 28.26 28.26 28.26 28.26 28.09 27.71 27.71 27.71 27.71 27.71 27.71 27.71 27.71 27.71 27.71 27.71 27.71 23.30 23.30 23.30 23.30 23.30 23.30 23.30 22.41 22.41 21.74 21.74 21.74 19.95 19.15 17.90 16.85 14.00 13.25 13.56 12.61 12.34 12.11 12.25 13.09 12.96 12.94 12.71 12.71 12.71 12.71 12.71 12.71 12.71 12.71 5.61 5.61 5.61 5.61 5.61 5.61 5.61 3.62 3.62 4.00 4.57 3.72 4.23 3.40 2.72 3.67 4.27
29.09 28.36 27.83 27.83 28.10 28.10 28.26 28.26 28.26 28.26 28.26 28.26 28.26 27.71 27.71 27.71 27.71 27.71 27.71 27.71 27.71 27.71 27.71 27.71 27.71 27.71 23.30 23.30 23.30 23.30 23.30 23.30 23.30 23.30 22.41 22.41 21.44 21.44 20.42 19.38 17.50 15.16 13.17 12.80 13.78 13.23 12.31 12.35 12.35 12.78 12.82 13.60 13.60 13.60 12.71 12.71 12.71 12.71 12.71 12.71 5.61 5.61 5.61 5.61 5.61 5.61 5.61 5.61 5.39 4.67 4.70 4.13 4.79 3.28 3.48 3.95 4.37
28.36 27.83 27.83 28.10 28.10 28.26 28.26 28.26 28.26 28.26 28.26 28.26 28.26 27.71 27.71 27.71 27.71 27.71 27.71 27.71 27.71 27.71 27.71 27.71 27.71 27.71 23.30 23.30 23.30 23.30 23.30 23.30 23.30 23.30 23.30 22.41 22.41 21.69 19.80 18.57 16.05 14.66 13.63 13.44 13.78 13.23 12.31 12.35 12.35 12.78 13.75 13.60 13.60 13.60 13.60 13.60 12.71 12.71 12.71 12.71 7.88 7.88 6.85 6.85 6.85 6.85 6.85 6.85 5.48 4.91 5.07 4.94 4.98 4.01 3.68 4.39 3.90
27.83 27.83 28.10 28.10 28.26 28.26 28.26 28.26 28.26 28.26 28.26 28.26 28.26 27.71 27.71 27.71 27.71 27.71 27.71 27.71 27.71 27.71 27.71 27.71 27.71 23.30 23.30 23.30 23.30 23.30 23.30 23.30 23.30 23.30 23.30 23.30 22.00 21.18 19.40 17.62 16.22 14.66 13.63 13.44 13.44 13.23 12.31 12.35 12.35 13.75 13.75 13.75 13.60 13.60 13.60 13.60 13.60 13.60 12.71 7.86 7.88 7.88 7.88 7.88 7.88 6.99 6.99 6.99 5.53 5.08 4.85 5.83 5.29 4.79 3.67 4.31 3.69
27.83 28.10 28.10 28.26 28.26 28.26 28.26 28.26 28.26 28.26 28.26 28.26 27.71 27.71 27.71 27.71 27.71 27.71 27.71 27.71 27.71 27.71 27.71 27.71 27.71 22.29 22.29 22.29 22.29 22.29 22.29 22.29 22.29 22.29 22.29 22.29 21.83 21.18 19.40 17.62 16.22 16.22 13.63 13.44 13.44 13.44 12.31 12.35 13.75 13.75 13.75 13.75 13.75 13.60 13.60 13.60 13.60 13.60 10.38 10.38 7.86 8.42 7.88 7.88 7.88 7.88 7.73 7.73 6.36 6.44 5.43 4.77 4.81 4.39 4.11 4.12 3.74
28.10 28.10 28.26 28.26 28.26 28.26 28.26 28.26 28.26 28.26 28.26 28.26 27.71 27.71 27.71 27.71 27.71 27.71 27.71 27.71 27.71 27.71 27.71 27.71 27.71 22.29 22.29 22.29 22.29 22.29 22.29 22.29 22.29 22.29 22.29 22.29 21.83 21.83 19.40 17.62 16.22 16.22 16.22 13.44 13.44 13.44 12.31 12.35 13.75 13.75 13.75 13.75 13.75 13.75 13.60 13.60 13.60 10.38 10.38 10.38 7.86 7.86 8.42 8.42 7.88 7.88 7.88 7.89 7.11 6.57 6.87 4.64 5.51 4.93 5.14 4.40 4.62
28.10 28.26 28.26 28.26 28.26 28.26 28.26 28.26 28.26 28.26 28.26 28.26 27.71 27.71 27.71 27.71 27.71 27.71 27.71 27.71 27.71 27.71 27.71 27.71 25.29 25.29 22.29 22.29 22.29 22.29 22.29 22.29 22.29 22.29 22.29 22.29 21.83 21.83 21.83 17.62 16.22 16.22 16.22 13.44 13.44 13.44 12.31 12.35 13.75 13.75 13.75 13.75 13.75 13.75 13.75 13.60 10.38 10.38 10.38 10.38 10.38 7.86 7.86 8.42 8.42 9.13 9.13 8.59 8.18 7.62 6.06 4.88 5.19 5.53 5.70 5.78 5.21
28.26 28.26 28.26 28.26 28.26 28.26 28.26 28.26 28.26 28.26 28.26 28.26 27.71 27.71 27.71 27.71 27.71 27.71 27.71 27.71 27.71 27.71 25.29 25.29 25.29 25.29 25.29 25.29 22.29 22.29 22.29 22.29 22.29 22.29 22.29 22.29 21.83 21.83 21.83 17.62 16.22 16.22 16.22 13.44 15.79 14.64 15.07 14.84 13.77 13.75 13.75 13.75 13.75 13.75 13.75 11.14 11.14 10.38 10.38 10.38 10.38 8.66 7.86 7.86 8.42 8.42 7.46 8.13 9.35 8.31 6.20 5.89 5.69 5.83 6.36 7.26 5.76
99999.90 99999.90 99999.90 99999.90 99999.90 99999.90 27.71 27.71 27.71 27.71 27.71 27.71 27.71 27.71 27.71 27.71 27.71 27.71 27.71 27.71 27.71 25.29 25.29 25.29 25.29 25.29 25.29 25.29 25.29 25.29 22.29 22.29 22.29 22.29 22.29 22.29 21.83 21.83 21.83 17.62 18.02 18.02 18.02 17.06 15.79 14.64 15.07 14.84 13.77 13.77 13.77 13.77 13.77 13.77 11.14 11.14 11.14 11.14 10.38 10.38 10.38 10.38 8.66 7.86 7.86 6.74 7.51 7.13 9.41 8.15 6.38 6.68 6.18 7.71 6.60 6.38 5.76
99999.90 99999.90 99999.90 99999.90 99999.90 99999.90 99999.90 99999.90 99999.90 99999.90 99999.90 99999.90 99999.90 99999.90 99999.90 99999.90 99999.90 99999.90 23.47 25.29 25.29 25.29 25.29 25.29 25.29 25.29 25.29 25.29 25.29 25.29 24.16 24.16 24.16 24.16 22.55 22.55 22.55 22.55 21.64 19.97 18.02 18.02 18.02 17.06 15.79 14.64 15.07 14.84 13.77 13.77 13.77 13.77 13.77 13.77 13.70 11.14 11.14 11.14 11.14 10.38 10.38 10.38 8.66 8.66 8.33 7.39 6.52 7.75 6.94 6.97 6.17 7.13 7.81 7.71 6.60 6.38 6.38
