main/data/irradiance/23.11.2023.grid
ncols 839
nrows 679
xllcenter 112.0500
yllcenter -43.9500
cellsize 0.0500
nodata_value 99999.90
[rows 204 to 237 of 679, columns 308 to 384 of 839]
22.94 23.03 22.38 21.82 22.40 23.15 23.26 24.11 24.30 23.40 22.99 23.03 22.25 19.82 18.23 17.34 16.66 15.68 15.19 13.96 13.45 12.83 10.43 9.99 10.44 10.31 10.34 10.07 10.18 11.02 11.26 10.90 11.02 11.01 13.07 13.54 12.78 13.03 13.77 14.60 15.14 15.34 15.92 14.73 14.96 14.59 15.80 16.24 17.54 17.85 16.77 17.06 17.32 17.88 18.64 18.46 18.85 20.32 20.40 21.49 21.95 22.56 23.51 24.10 23.47 24.08 24.62 23.95 25.30 25.29 25.17 25.16 25.49 25.65 26.29 25.73 24.23
22.96 23.23 22.22 22.32 22.15 21.88 22.48 23.13 22.91 21.33 22.00 22.72 21.67 19.15 17.46 16.01 15.10 15.45 15.00 13.76 13.21 12.87 10.58 10.01 10.09 8.99 9.39 9.56 9.28 9.95 11.04 11.54 9.67 10.26 12.10 12.85 12.75 13.51 13.84 14.62 14.32 14.90 15.01 15.62 15.42 14.73 15.50 15.48 16.14 16.96 17.06 16.72 17.16 18.05 19.02 18.89 19.18 19.28 19.53 20.23 21.33 22.17 22.95 24.24 24.42 24.56 23.86 23.58 24.96 26.24 25.26 24.78 25.81 26.39 26.08 26.43 26.22
23.15 22.91 22.36 22.50 22.43 22.34 23.05 22.19 20.90 20.60 21.09 22.43 21.19 20.51 18.35 17.14 15.37 15.43 15.67 14.34 13.36 12.91 10.85 10.35 10.13 9.74 9.94 10.29 9.52 9.99 11.52 11.82 11.28 11.02 11.98 11.42 12.24 13.14 13.87 14.77 14.75 14.65 14.23 14.90 14.80 15.04 15.58 16.35 16.68 16.94 17.33 16.31 16.98 17.70 18.97 19.03 18.94 18.93 19.51 20.55 21.80 22.80 23.37 23.06 23.80 24.59 23.94 24.77 25.50 26.06 25.48 25.41 26.08 26.49 26.33 26.77 27.05
21.74 22.62 22.90 22.73 22.84 23.13 22.95 21.52 20.75 21.18 20.35 21.09 20.56 20.17 19.06 16.78 15.76 15.75 15.37 13.60 13.36 13.08 11.39 10.10 10.68 10.27 10.50 10.37 10.28 10.75 12.40 12.00 12.15 11.87 11.30 11.62 11.90 12.80 13.35 14.20 14.35 13.82 14.54 14.83 14.19 13.83 14.09 15.94 16.50 16.52 17.03 16.99 17.18 17.25 17.58 18.69 18.91 19.36 20.81 21.71 20.20 20.98 21.88 21.12 22.64 23.17 23.86 24.22 25.21 25.77 25.65 25.66 26.16 26.17 26.16 26.66 27.68
21.27 22.90 22.39 22.16 22.38 22.94 22.06 21.13 19.78 19.09 20.16 20.14 19.79 20.02 19.67 16.52 15.98 15.24 14.15 12.72 13.09 12.66 11.81 12.16 12.13 12.60 11.52 10.47 11.15 11.13 11.53 11.31 12.52 12.31 12.37 12.10 11.11 11.08 12.14 12.68 13.07 13.42 13.99 14.50 14.40 13.68 14.02 14.78 15.24 15.53 15.39 15.55 16.73 16.88 17.41 17.63 18.17 17.56 18.68 20.21 18.90 19.23 20.80 20.94 22.11 23.38 24.41 24.81 25.14 25.81 26.07 26.18 26.78 26.47 26.17 26.89 27.00
23.71 22.51 22.32 21.57 21.20 21.19 21.40 20.29 17.69 17.07 18.06 18.91 18.70 18.59 17.42 16.27 14.73 14.90 13.27 13.14 13.52 12.56 12.72 13.69 13.19 13.29 12.69 11.86 12.58 12.91 11.66 11.28 11.47 11.12 11.66 11.38 10.24 10.53 11.47 11.01 10.75 11.81 12.78 13.10 13.38 13.01 13.61 14.31 14.43 14.78 14.74 13.98 15.44 16.06 15.61 16.36 15.49 15.37 16.23 17.60 18.48 19.17 20.54 20.79 21.46 21.84 23.08 24.60 24.59 24.32 25.10 25.92 25.83 26.43 25.97 25.85 25.86
23.15 22.18 22.58 22.57 20.75 20.24 18.85 18.32 16.59 16.44 16.70 17.49 17.00 17.54 16.62 15.09 14.31 13.72 12.91 13.39 13.23 12.74 13.62 14.22 13.74 12.66 12.39 12.38 13.79 12.24 11.22 9.82 10.59 10.54 9.62 9.28 9.63 9.75 10.30 9.50 8.61 9.87 10.91 11.50 12.47 12.75 12.84 13.50 14.97 15.78 16.45 15.14 15.39 15.27 14.52 14.50 14.26 15.04 15.65 17.18 19.53 20.30 21.19 21.75 21.32 22.42 22.73 24.03 25.10 25.52 26.13 26.43 25.34 25.24 25.81 25.07 26.04
22.18 22.32 21.96 21.81 20.62 19.40 18.26 17.46 15.82 15.71 16.35 16.17 16.15 16.07 15.75 14.22 13.55 13.76 13.09 14.36 14.32 14.33 15.71 15.36 14.77 12.42 11.85 11.80 13.14 12.56 11.81 9.80 10.05 10.04 8.93 9.15 9.01 9.43 9.99 9.55 8.75 8.88 11.12 11.25 11.85 11.86 11.70 13.43 14.99 16.41 16.90 16.61 16.40 15.73 14.70 14.91 15.01 15.47 16.07 17.87 19.61 20.00 21.04 21.65 21.66 22.18 22.95 23.73 24.64 25.61 26.17 26.78 26.50 25.51 25.99 25.33 25.94
22.13 22.33 21.54 21.18 19.08 19.45 18.84 17.59 15.61 15.96 16.41 16.41 16.90 14.17 13.06 13.25 13.99 13.88 14.25 14.44 14.22 15.14 15.28 15.91 14.92 12.40 11.32 11.39 13.56 13.90 12.65 11.14 10.62 9.55 8.82 9.11 9.35 9.24 9.60 8.65 8.69 10.56 11.36 11.17 11.93 12.18 12.68 14.13 14.28 15.32 16.38 15.81 15.69 16.09 15.48 16.44 15.74 14.97 15.81 17.55 16.90 17.83 19.37 20.25 20.76 21.95 22.47 23.97 24.44 25.30 26.61 26.76 25.99 25.46 25.62 25.10 24.91
21.42 22.17 22.02 21.14 19.60 19.57 17.70 18.49 16.88 15.83 16.10 15.83 14.68 12.59 11.81 13.04 14.66 14.57 13.32 13.46 14.66 14.51 13.75 13.96 15.05 14.14 13.50 13.83 14.08 14.12 12.50 11.22 11.04 9.32 8.97 8.95 9.47 8.64 9.20 9.24 9.28 9.60 10.41 11.51 12.53 12.68 13.06 13.67 12.99 15.25 16.89 16.26 16.67 17.13 17.28 16.97 15.91 15.26 17.65 18.03 16.83 17.16 17.26 18.78 19.42 21.29 21.83 22.03 23.84 24.34 25.03 25.02 25.31 25.46 25.04 25.13 25.58
22.73 24.01 21.92 20.63 20.17 18.75 18.34 16.77 16.17 15.59 16.18 15.99 13.39 12.44 12.27 14.04 14.41 15.08 12.67 13.66 15.29 14.56 13.90 13.01 13.84 15.10 14.43 13.75 12.01 11.84 10.51 9.63 10.56 9.79 9.56 9.42 8.91 8.17 9.23 9.81 9.97 11.45 12.48 12.44 11.85 12.71 13.55 13.24 13.39 14.97 14.79 14.68 14.96 16.93 17.31 17.53 18.08 18.05 18.71 19.44 18.78 17.81 18.40 18.64 19.61 21.08 20.93 20.85 21.51 23.34 23.49 23.23 23.88 24.18 24.70 25.14 24.96
24.58 25.24 22.66 21.46 21.09 19.55 18.89 17.32 15.81 15.91 16.17 14.78 13.62 12.15 13.29 14.96 14.83 14.39 13.96 14.97 15.18 14.69 14.45 14.70 13.99 14.65 14.12 12.92 11.43 10.04 9.38 9.62 10.29 10.65 10.13 9.31 9.61 9.03 10.20 10.46 11.22 12.60 13.05 11.36 11.09 11.95 11.13 11.71 13.64 14.73 14.40 14.53 15.85 16.36 17.96 19.02 19.14 18.40 18.82 18.93 19.05 18.91 18.62 19.76 20.00 21.30 21.15 21.12 21.88 23.30 23.71 24.29 24.56 25.01 25.08 25.67 25.30
25.10 24.88 23.20 22.48 21.80 21.73 19.97 18.20 16.12 16.06 15.73 14.02 14.86 14.25 16.27 16.63 16.55 15.09 15.19 16.06 15.58 14.90 14.23 14.19 13.13 13.45 13.44 13.67 11.50 9.63 9.37 10.27 10.49 9.87 9.38 9.08 9.55 9.74 10.14 12.00 12.38 12.34 12.13 10.87 9.87 10.55 12.13 12.28 13.75 15.26 16.34 15.42 16.06 17.19 17.42 18.74 18.76 18.07 18.47 20.03 20.65 20.37 19.88 20.06 20.27 20.76 21.26 20.07 20.77 21.62 22.45 23.55 25.18 25.37 25.29 25.42 25.93
25.62 24.56 22.70 22.10 23.31 22.75 21.74 19.04 17.94 17.34 16.27 15.31 16.64 18.16 18.78 18.72 17.81 16.76 17.80 17.45 16.26 15.58 14.69 14.38 12.07 11.79 12.18 11.95 11.61 11.69 11.03 10.77 11.87 11.47 10.15 9.81 10.46 10.53 9.73 12.02 13.46 13.15 13.09 11.51 10.57 10.77 13.03 13.11 13.50 15.97 18.35 17.20 17.60 18.25 17.95 18.66 19.55 19.56 19.96 20.59 20.06 20.32 19.91 20.31 19.81 20.62 21.09 20.83 20.10 21.52 21.89 23.02 24.36 25.20 24.19 24.53 26.20
24.31 25.68 24.24 23.18 22.46 22.76 21.43 20.99 21.73 20.32 18.95 17.74 18.19 20.58 21.86 20.54 19.27 20.55 20.16 19.09 17.42 16.93 16.87 15.35 12.50 11.53 11.97 11.76 12.98 12.64 13.01 11.51 11.04 11.52 10.30 9.64 10.28 10.00 10.60 12.20 13.07 12.92 12.19 11.75 10.53 10.78 10.77 13.41 13.40 15.82 17.56 17.70 17.53 18.93 18.10 17.78 17.87 18.15 17.60 18.17 18.10 18.12 17.75 18.34 18.42 19.84 21.00 19.95 20.51 20.37 21.48 22.39 23.25 24.07 24.27 24.30 25.00
25.35 25.55 24.95 23.79 23.60 24.37 24.41 23.66 23.60 22.43 21.37 20.41 22.62 22.46 21.67 20.66 20.97 21.28 21.59 20.72 19.19 17.39 17.61 17.69 15.39 13.23 12.65 13.07 13.39 13.84 13.75 12.71 11.43 10.13 9.75 8.55 9.08 9.14 11.30 12.83 12.68 12.41 11.69 11.71 10.07 10.33 10.20 12.08 13.02 14.36 16.12 16.75 17.06 18.12 19.14 19.73 20.91 20.89 19.62 19.48 18.58 19.25 18.14 18.18 19.41 19.85 21.59 21.45 21.10 21.20 21.14 21.66 22.41 23.02 24.27 23.96 24.55
26.07 25.48 25.43 25.49 25.40 25.04 25.54 25.11 24.67 24.62 23.76 24.22 23.54 22.41 21.21 22.04 22.35 22.13 22.78 21.71 20.74 19.85 19.47 19.26 17.61 17.75 16.58 14.15 15.02 15.09 14.65 15.05 13.92 11.28 9.43 9.16 9.48 9.92 11.70 13.10 11.72 11.89 11.54 12.15 10.60 10.23 11.68 12.25 13.20 14.23 15.94 17.18 17.71 18.27 18.77 19.10 21.04 22.12 21.51 21.32 21.25 21.51 21.26 20.45 19.87 20.07 20.66 21.01 21.64 21.78 21.57 22.43 22.16 22.51 23.90 24.41 24.16
27.44 26.75 26.70 25.99 26.04 25.94 26.05 25.56 25.33 24.04 23.66 23.17 24.12 23.22 22.60 23.52 22.71 23.60 24.55 24.15 22.27 21.31 20.80 21.26 19.68 19.08 18.98 17.18 16.30 16.09 15.23 15.31 15.15 13.82 11.71 9.75 9.09 10.05 11.87 13.32 11.84 11.39 12.08 12.40 11.04 10.77 11.65 12.37 12.78 14.91 16.26 17.08 17.38 17.66 19.16 19.12 20.18 21.99 22.78 22.12 22.73 22.94 22.81 21.84 20.75 21.76 21.41 22.16 23.51 22.90 21.89 22.38 22.75 23.43 23.89 24.30 22.73
27.82 27.45 27.00 26.39 26.09 26.55 25.70 25.80 25.63 24.93 23.89 22.79 23.33 23.77 23.79 23.92 24.22 25.76 27.05 25.44 23.44 20.91 20.74 20.25 18.76 18.34 19.77 18.40 17.92 17.91 17.58 16.72 15.37 13.11 12.01 9.70 9.67 10.28 12.04 12.89 12.59 14.03 14.81 14.36 14.51 13.87 12.90 13.16 14.13 15.96 16.85 16.71 17.33 17.76 19.61 20.24 21.00 21.75 22.66 23.44 24.14 23.52 23.32 23.10 21.51 22.41 21.95 22.80 23.19 22.63 21.72 22.39 23.27 23.74 23.14 23.82 23.12
28.51 27.75 27.66 26.87 26.69 27.20 26.74 26.10 26.23 25.17 23.76 24.14 22.79 23.44 24.59 25.67 25.75 25.77 25.82 24.15 21.39 20.74 20.86 19.86 19.99 20.00 20.09 18.57 19.24 19.77 17.41 16.35 15.07 13.78 13.45 11.61 10.79 10.33 11.55 11.33 12.03 14.04 14.09 14.39 16.21 15.68 14.81 15.63 16.50 16.37 17.15 17.21 17.25 18.16 19.81 21.52 22.38 22.17 23.17 23.37 23.17 22.63 22.69 22.21 21.55 22.58 22.84 21.91 22.46 22.60 22.57 22.66 23.48 22.53 22.36 23.28 22.04
29.17 28.53 28.13 27.89 27.54 27.26 26.19 26.56 26.21 24.86 24.87 24.71 23.66 23.23 24.74 25.97 26.23 25.97 25.42 23.54 22.98 22.92 21.52 21.23 21.92 20.96 20.01 19.57 19.52 20.83 17.33 15.77 15.00 14.68 13.14 12.71 11.08 11.34 10.85 10.90 11.42 11.31 11.76 12.51 14.09 15.74 15.02 15.16 16.77 16.60 17.15 17.11 17.89 18.91 19.78 21.23 22.50 22.73 22.69 22.56 21.57 21.18 21.63 21.34 21.60 20.92 22.32 22.49 22.74 22.67 23.40 23.07 21.80 20.48 20.03 22.15 21.46
29.11 28.71 28.90 28.86 28.49 28.08 26.59 26.20 25.88 25.27 25.20 24.93 24.70 24.99 25.09 25.09 25.96 25.19 24.60 23.72 23.25 23.58 23.31 22.47 22.85 20.84 19.03 19.93 20.17 20.77 17.47 16.71 15.77 15.70 13.62 14.16 12.66 12.92 11.10 10.71 10.98 10.72 10.98 12.04 14.05 14.99 14.93 15.13 15.62 15.39 16.78 17.21 17.71 18.24 19.05 20.33 21.37 22.20 22.27 21.23 20.35 19.64 20.45 20.39 22.06 20.94 22.46 23.08 23.33 22.89 23.06 21.06 17.86 19.57 18.34 18.59 18.06
29.42 28.88 29.23 28.92 28.32 27.84 27.36 26.68 26.29 26.59 26.07 25.28 25.47 25.36 25.42 25.36 25.55 25.25 25.30 24.67 24.59 23.81 24.96 25.43 24.28 22.09 19.96 20.03 20.67 21.41 19.75 16.77 15.62 15.86 15.94 15.10 14.53 13.36 12.87 12.42 11.35 11.45 11.61 11.61 12.59 13.46 15.03 14.64 14.63 14.65 15.57 16.61 17.43 17.19 18.73 19.25 19.83 20.19 21.34 22.03 22.70 22.80 22.04 21.62 23.25 24.19 24.51 23.23 22.40 20.18 19.96 20.47 16.72 17.17 18.78 17.30 16.21
29.63 29.33 28.93 29.06 28.54 28.07 27.38 26.87 26.88 26.85 27.11 26.32 26.69 26.56 25.71 25.59 25.14 25.57 26.15 25.97 26.01 24.62 25.42 25.68 24.54 23.82 22.06 20.31 20.54 20.55 20.65 19.34 17.49 17.21 16.70 15.50 14.34 13.48 13.07 12.86 11.98 12.27 12.10 12.48 11.61 12.44 13.32 14.19 14.41 14.06 14.52 15.43 17.36 17.83 18.81 19.11 19.44 19.65 20.73 22.01 22.43 22.62 23.45 23.63 22.88 22.93 21.70 20.28 19.78 19.37 20.06 20.37 22.67 19.24 19.70 17.15 15.93
29.38 29.51 29.38 29.23 28.46 27.97 27.57 26.91 27.65 27.23 27.79 27.39 26.77 27.32 26.87 26.68 25.96 26.29 26.69 26.87 26.56 25.15 26.34 26.63 25.45 24.25 23.95 21.78 21.89 21.45 20.64 19.83 19.19 18.20 16.94 16.47 15.43 15.66 14.81 14.26 14.26 13.43 12.71 12.59 12.35 12.85 13.83 14.73 15.00 14.36 15.04 16.22 17.59 18.97 18.40 18.50 19.55 20.66 21.89 21.52 19.88 20.88 22.79 23.06 20.65 19.62 20.99 20.42 21.82 21.08 20.62 19.98 21.11 20.66 18.12 15.19 13.06
29.41 29.54 29.31 29.04 28.94 28.44 27.70 27.81 27.94 27.94 27.93 27.54 27.40 27.33 27.94 27.40 26.97 26.27 26.83 27.04 25.99 25.76 26.78 26.60 26.52 26.20 24.99 24.17 23.20 22.27 21.51 19.90 20.12 19.15 17.83 17.47 16.49 16.77 16.01 15.41 15.52 14.72 13.92 13.50 14.18 14.11 14.99 15.89 15.32 15.22 16.51 16.84 17.25 18.71 18.60 19.27 20.59 22.18 22.36 20.87 20.21 21.30 21.22 20.44 19.32 18.11 18.08 19.66 21.24 19.12 20.15 20.57 19.64 18.47 16.98 16.72 13.17
29.32 29.52 29.37 29.41 29.61 28.78 28.40 28.37 28.57 28.18 28.49 26.95 27.04 26.88 27.78 28.20 27.53 26.66 27.61 27.86 25.94 26.48 26.79 27.07 27.20 26.97 25.28 24.63 24.28 23.67 23.16 21.93 20.91 19.65 19.22 18.55 17.29 16.94 15.58 16.17 17.29 17.57 17.12 16.34 16.07 15.91 15.61 15.09 15.13 15.47 16.79 16.65 17.46 17.93 18.75 20.20 21.49 22.79 21.90 20.95 21.55 20.32 19.93 19.75 17.19 17.24 18.33 19.31 18.11 18.02 19.02 20.29 19.07 16.97 16.10 17.36 16.85
29.99 29.92 29.65 29.57 29.61 29.21 28.99 28.71 29.13 28.95 28.98 28.17 27.73 27.18 28.14 28.23 27.23 27.55 27.39 27.05 26.74 27.22 26.57 26.11 26.48 27.91 27.16 25.89 25.30 24.40 24.33 23.39 21.95 20.30 19.04 18.76 18.98 18.37 17.33 17.89 18.28 19.01 18.90 18.30 16.97 17.09 17.42 16.52 16.64 16.65 16.62 18.02 17.44 18.53 19.75 21.01 20.70 21.89 21.97 22.40 23.17 21.85 22.52 20.61 18.46 18.27 17.47 17.27 16.71 17.73 19.63 19.60 18.36 17.47 16.58 16.56 16.05
29.95 29.91 30.01 29.95 29.93 29.54 28.94 29.00 29.19 29.33 29.07 29.04 27.68 27.26 28.50 28.67 28.20 28.04 27.47 27.14 27.60 27.06 26.93 26.67 27.36 27.82 27.54 27.05 26.76 26.39 25.65 24.26 22.80 22.20 21.49 20.61 20.52 20.13 19.50 19.07 19.49 19.17 19.25 20.28 19.40 18.61 18.80 19.79 19.71 18.54 17.28 16.66 16.66 18.15 20.42 21.89 22.37 22.61 23.17 23.24 22.17 22.51 22.53 21.04 19.99 18.63 17.67 17.46 18.72 17.63 18.34 18.44 18.63 16.34 17.84 16.20 14.08
30.04 30.04 29.63 29.72 29.94 29.25 28.75 28.98 29.26 29.17 29.32 28.66 28.62 28.24 28.59 28.94 28.86 28.43 27.92 28.01 28.30 27.87 27.27 26.52 27.24 28.00 27.69 27.26 27.90 27.63 26.85 26.21 25.01 23.61 23.70 22.69 22.12 21.98 21.98 21.60 22.66 22.58 22.10 21.72 21.45 21.38 19.76 19.14 19.44 19.33 19.40 18.91 19.09 19.90 21.28 23.32 23.70 22.94 22.74 23.85 22.96 21.93 20.79 19.74 18.56 19.30 18.76 19.35 19.70 19.26 19.89 19.75 19.19 18.23 17.47 15.61 14.96
30.07 30.03 29.91 29.79 29.71 29.57 29.22 28.81 28.64 28.86 28.83 28.66 29.09 28.51 28.47 28.88 28.63 28.21 28.55 28.80 28.52 28.02 26.81 26.65 27.48 28.21 27.63 27.07 27.31 27.38 27.18 27.84 27.29 26.36 25.63 25.05 24.24 23.19 24.07 23.68 24.75 24.83 23.23 24.32 23.75 24.13 23.18 21.69 20.67 20.42 21.16 21.84 21.68 21.45 22.62 24.22 24.27 23.83 22.71 22.85 23.15 22.20 21.74 20.46 19.62 18.28 19.04 18.59 19.10 19.84 21.63 21.75 20.04 19.94 19.44 15.85 16.08
29.98 29.97 29.56 29.87 29.78 30.04 29.77 28.86 28.64 28.72 29.17 29.42 29.08 28.91 28.60 28.83 28.05 28.20 28.66 29.17 28.69 28.48 28.20 27.72 28.34 27.80 27.27 27.59 27.52 27.59 28.33 28.35 28.06 27.85 27.59 26.52 25.02 25.16 24.57 24.90 24.63 26.29 25.87 25.67 26.37 26.80 26.14 24.91 22.52 21.93 22.41 22.53 22.22 22.48 22.25 23.25 23.91 23.60 23.65 23.48 22.08 21.56 21.54 21.03 20.58 19.20 18.88 17.03 18.20 20.02 19.97 20.07 19.15 18.99 18.95 18.92 18.68
29.89 30.04 29.93 29.99 30.01 29.92 29.95 29.63 29.47 29.80 29.65 29.70 29.37 29.10 29.19 29.13 28.80 28.69 29.22 29.32 28.93 28.65 28.72 28.50 28.60 28.15 27.67 27.71 27.58 28.33 28.62 28.45 28.45 28.39 27.99 27.20 25.75 24.95 26.31 26.48 26.64 27.28 27.34 26.29 27.10 28.01 28.19 25.92 25.05 24.42 24.25 23.61 24.88 25.33 24.70 23.96 23.87 23.65 22.96 22.59 21.35 21.17 21.21 21.36 19.42 18.51 16.85 16.74 18.61 19.82 19.95 20.11 17.87 17.34 18.36 18.70 18.91
29.77 29.81 29.68 29.96 29.97 30.02 30.01 30.04 29.94 29.95 29.33 29.54 29.47 29.44 29.53 29.28 28.74 28.72 29.53 29.28 28.84 28.77 29.10 29.09 28.48 28.54 27.75 27.57 27.95 28.73 28.97 28.53 27.81 27.85 28.00 27.65 27.67 27.83 27.48 26.65 27.03 26.83 26.78 27.13 27.26 27.65 27.30 26.17 26.61 26.11 24.86 23.87 24.87 24.76 25.49 25.39 25.07 23.65 22.38 22.11 21.24 20.84 20.56 20.20 19.52 19.69 18.29 19.25 19.65 19.11 21.04 21.46 21.25 19.29 19.10 19.97 20.28
