main/data/irradiance/23.11.2023.grid
ncols 839
nrows 679
xllcenter 112.0500
yllcenter -43.9500
cellsize 0.0500
nodata_value 99999.90
[rows 442 to 475 of 679, columns 462 to 538 of 839]
24.71 26.64 25.82 24.26 25.68 25.77 27.35 28.38 27.28 25.73 25.07 24.31 23.33 24.05 24.91 26.86 28.19 27.65 25.07 25.15 24.21 24.20 25.94 26.13 25.06 24.61 24.75 23.80 24.21 22.16 19.98 20.68 19.65 17.28 18.41 17.86 19.38 20.22 22.59 21.12 20.21 18.83 16.92 15.79 16.36 13.19 12.28 13.01 12.79 14.06 14.08 12.59 12.55 12.53 11.42 11.84 10.96 12.02 12.26 12.00 12.55 12.63 12.31 12.38 11.67 11.48 11.82 12.09 12.10 10.78 10.37 11.24 11.78 12.21 11.94 11.57 10.72
24.32 26.44 26.80 25.25 24.86 25.50 26.09 26.09 24.06 23.34 23.44 22.50 21.04 22.14 24.82 22.16 24.39 24.22 24.13 24.72 22.90 21.94 24.44 23.68 24.35 23.58 22.90 22.15 22.03 21.32 19.62 20.38 18.97 18.16 19.28 17.93 20.25 20.91 19.71 20.16 18.62 18.42 17.03 15.07 14.54 12.15 11.48 13.65 12.27 13.66 11.06 11.55 12.62 12.64 13.12 12.69 10.96 11.90 11.31 11.80 11.84 12.70 12.62 11.91 10.82 10.46 11.73 12.26 11.61 11.36 11.38 11.63 11.87 11.87 11.78 11.70 10.70
24.28 25.54 25.80 24.74 24.06 24.95 24.42 23.48 22.72 20.85 20.94 20.81 19.57 20.33 22.26 23.93 21.37 19.28 21.18 21.51 20.62 22.94 23.99 23.59 23.49 22.28 20.72 19.83 19.14 19.72 19.52 19.55 19.53 19.18 19.20 18.39 19.05 19.51 18.71 19.52 17.97 16.57 13.97 14.08 11.57 10.57 11.88 12.84 12.43 12.50 12.08 12.41 13.38 12.22 13.22 11.67 10.46 11.25 12.11 9.36 10.75 11.93 11.52 11.59 10.13 10.38 10.60 11.36 10.70 11.19 10.87 12.36 12.26 11.24 11.93 11.30 10.47
25.27 24.86 25.79 25.27 24.88 23.07 21.79 22.17 21.16 20.30 20.91 20.79 20.28 18.94 21.00 22.05 17.81 18.20 19.01 18.75 20.07 22.69 23.53 24.35 24.03 22.53 20.57 19.11 17.95 17.36 18.19 19.63 20.10 18.20 18.19 18.33 17.97 17.45 17.63 17.49 17.09 13.24 12.03 12.14 10.54 10.83 9.92 11.58 14.47 16.24 13.72 13.51 12.21 11.71 11.56 10.31 9.29 9.95 11.33 9.23 10.83 11.29 11.13 10.38 10.49 9.36 10.02 10.88 11.06 10.34 11.16 12.14 11.92 11.29 11.64 10.90 10.52
23.52 24.18 24.25 25.17 23.48 21.50 21.98 21.89 20.24 19.72 20.47 20.54 19.75 17.16 18.01 18.66 18.80 17.32 17.91 18.70 19.34 22.26 22.37 22.84 24.67 24.15 22.40 20.02 18.69 18.23 18.26 20.09 20.24 18.56 17.41 17.15 16.60 17.43 16.61 15.73 15.56 11.61 10.24 10.41 10.59 10.85 11.22 12.30 15.41 15.32 13.61 12.71 11.64 11.28 10.31 9.50 9.39 9.82 10.06 10.15 11.09 10.54 11.02 11.24 10.41 8.26 9.25 10.38 10.62 10.59 10.92 10.91 11.74 11.39 11.23 10.40 9.93
23.55 23.31 23.47 23.66 22.14 22.40 21.62 19.54 18.82 19.36 18.66 19.26 19.35 18.19 17.63 16.97 17.67 17.16 17.30 18.08 18.52 20.55 22.47 22.35 23.09 23.31 22.38 21.34 19.92 19.22 19.72 19.61 19.49 17.46 16.59 16.47 15.98 16.44 16.96 16.42 14.33 10.91 11.23 11.73 11.83 11.19 11.37 12.72 13.82 14.50 13.22 12.93 13.10 11.63 10.07 9.42 9.93 9.52 9.99 9.74 9.79 10.63 11.29 10.55 8.98 7.85 9.80 9.32 9.51 10.26 10.02 10.41 11.67 11.13 10.99 10.73 9.68
22.74 22.14 23.31 22.45 21.37 20.22 19.19 18.67 18.27 17.46 17.62 17.81 19.61 19.11 17.18 16.52 16.66 16.94 17.27 17.32 16.64 19.26 22.02 23.61 22.58 22.76 21.64 21.27 19.05 18.28 18.79 18.82 19.18 18.02 17.35 17.18 16.89 15.57 16.69 16.67 13.28 12.76 13.69 14.24 11.66 10.61 11.05 11.31 13.83 13.83 14.02 13.98 14.04 13.39 12.63 10.31 10.38 9.52 11.40 9.38 8.41 9.61 10.16 9.67 7.28 8.01 7.72 8.39 9.51 9.14 9.21 9.87 11.62 11.33 10.77 10.95 9.47
24.78 23.39 22.19 22.81 21.44 20.05 19.93 18.74 18.71 17.31 15.03 16.50 19.99 20.21 18.66 17.48 18.17 18.09 16.80 17.57 18.43 19.51 21.86 23.29 22.52 21.87 21.74 20.74 19.05 18.21 18.27 17.93 17.34 17.64 17.42 17.40 16.47 15.43 14.96 16.06 15.58 14.05 13.51 12.70 11.08 10.27 10.03 11.88 14.01 13.76 13.77 13.85 14.46 14.05 11.92 11.18 9.76 9.02 10.47 9.77 8.68 8.47 9.06 8.83 8.85 8.74 8.75 8.52 9.67 9.21 9.69 10.69 10.82 11.40 10.17 10.19 9.81
23.11 24.08 21.91 21.80 21.15 21.41 20.91 19.37 19.81 18.09 17.10 18.54 19.47 20.53 18.55 17.61 16.55 17.93 18.65 19.75 20.30 19.80 19.54 21.05 21.06 20.54 20.59 19.92 18.79 17.61 16.67 16.04 15.93 17.14 16.96 17.09 16.24 15.89 14.87 16.23 17.32 15.44 13.60 12.63 12.12 10.62 11.13 12.07 14.36 14.81 13.90 12.98 14.46 14.05 11.62 11.57 9.65 8.21 9.26 9.57 8.27 8.11 7.92 9.72 10.11 8.27 8.02 8.74 10.16 9.57 9.94 10.37 10.95 10.69 10.37 9.87 9.03
23.49 22.02 21.50 20.77 20.78 21.11 20.68 20.71 19.02 18.35 16.75 18.96 19.59 20.56 18.83 17.72 17.49 17.80 18.82 21.11 19.67 18.81 18.69 19.14 19.59 19.20 19.03 17.53 17.67 17.34 15.83 15.34 15.23 15.99 15.74 16.22 16.60 16.19 15.54 15.34 15.03 15.92 14.42 13.58 12.58 11.23 11.77 12.75 15.07 15.22 14.46 12.88 12.88 13.16 13.16 11.53 9.33 7.64 9.08 8.92 7.82 6.89 7.37 10.08 9.35 7.57 7.97 9.72 9.14 8.77 9.90 10.34 10.46 10.12 9.78 8.87 7.55
22.44 21.61 20.16 19.24 21.16 20.91 20.77 19.04 18.36 18.40 17.47 20.08 21.98 21.49 20.90 19.45 19.42 18.65 18.85 20.69 19.26 18.38 18.85 17.60 18.28 18.09 17.57 17.04 17.60 18.22 16.23 15.13 16.28 16.87 16.41 16.36 16.62 16.57 15.46 14.70 15.84 16.04 15.39 12.80 11.79 10.34 12.51 13.17 14.99 14.41 14.63 13.18 13.18 13.16 13.16 11.96 10.27 8.71 8.59 8.20 9.36 7.72 7.20 8.60 8.71 7.50 9.14 8.10 8.60 9.67 10.08 10.68 10.76 10.50 9.41 8.77 7.57
22.92 21.84 20.79 19.57 20.60 19.26 19.48 18.50 18.93 19.57 20.08 22.54 21.95 21.39 21.49 22.58 21.44 19.87 18.99 19.87 20.75 20.66 20.25 18.67 17.31 17.29 17.35 17.37 18.07 17.98 16.63 17.02 17.66 16.54 15.86 16.30 16.09 16.43 15.88 16.40 16.65 15.27 14.76 12.45 11.73 11.52 13.47 13.43 14.36 14.42 14.24 13.85 13.85 13.84 11.82 11.82 10.18 7.59 8.54 9.34 9.61 6.00 6.56 8.20 7.96 7.57 8.94 9.11 8.51 8.99 9.76 10.45 10.96 9.91 9.30 8.28 7.14
23.09 21.83 19.53 19.11 20.20 19.48 18.62 19.15 19.35 20.96 22.12 23.05 22.84 22.09 21.88 23.19 22.95 21.18 19.58 20.24 20.34 21.70 22.12 20.62 19.74 18.07 17.65 17.32 18.41 18.05 17.57 17.73 17.95 17.60 17.37 16.52 16.26 16.06 16.40 17.55 16.31 14.39 13.86 12.19 11.38 12.88 14.25 14.44 14.89 14.20 13.83 14.44 13.84 13.84 11.82 11.82 9.22 8.26 8.49 8.87 8.89 6.16 6.79 7.83 6.97 7.83 9.07 8.75 8.35 8.24 8.11 9.28 10.07 9.24 8.76 6.82 7.62
22.12 21.81 20.12 18.86 19.19 19.28 18.11 18.65 19.63 21.35 22.59 24.51 23.53 23.33 23.47 22.74 22.58 21.63 21.70 21.56 21.60 21.10 22.03 21.15 20.28 17.83 17.50 17.30 17.65 17.96 16.42 17.02 20.04 19.60 17.51 16.61 16.44 17.20 16.37 15.96 16.08 14.49 13.14 11.40 11.75 12.38 13.10 13.02 13.76 14.05 14.10 14.30 13.00 13.00 13.00 9.47 9.47 9.47 8.21 7.83 7.79 6.23 5.53 6.74 7.23 7.83 8.90 9.09 8.26 8.03 7.32 8.10 9.34 8.17 7.45 6.93 7.67
23.00 22.03 20.79 19.77 18.78 18.48 17.13 18.15 19.31 21.98 22.42 24.26 24.43 24.71 24.18 23.71 23.35 23.86 24.09 23.23 22.92 22.06 21.16 21.57 21.79 18.93 18.44 18.04 16.60 17.06 17.33 19.87 21.20 19.69 18.92 17.45 16.93 16.44 15.57 16.44 17.08 15.15 13.43 12.67 12.48 12.91 13.06 12.74 13.44 13.94 13.99 13.85 12.77 12.77 12.77 10.23 10.23 9.59 9.16 8.64 6.13 5.64 6.13 5.98 6.67 7.46 7.52 8.25 7.87 7.87 7.01 7.73 7.79 7.44 7.32 7.38 8.47
23.26 22.65 20.54 19.61 19.02 18.68 17.45 18.46 19.68 20.37 22.93 23.49 24.96 25.72 25.68 24.23 24.83 26.03 24.82 23.75 24.30 24.34 22.90 22.52 22.39 22.13 20.69 17.87 17.08 19.21 19.02 20.84 19.61 19.04 19.06 17.67 16.63 15.96 16.59 17.01 16.98 15.27 14.15 12.90 12.47 12.47 12.86 13.03 14.12 14.16 14.24 13.79 12.66 12.66 12.66 10.45 10.45 10.18 10.85 9.46 6.55 4.73 5.54 5.09 6.04 7.35 6.70 6.82 7.27 7.08 6.62 7.20 6.47 6.40 6.21 7.98 7.88
23.78 22.71 21.67 20.79 20.02 18.73 18.99 20.00 20.82 19.11 22.51 25.21 25.95 25.34 25.35 25.10 26.51 26.50 24.80 24.58 25.41 25.58 24.68 22.75 23.30 22.76 22.11 19.32 19.44 19.51 20.02 21.06 19.60 19.24 18.55 17.66 16.22 15.18 15.89 16.71 16.79 15.01 13.29 13.22 12.88 12.18 13.07 12.84 12.83 13.93 14.24 14.20 12.66 12.66 12.66 10.45 10.45 10.84 10.41 8.90 6.93 4.26 3.66 4.45 4.51 6.10 6.13 5.68 7.18 6.93 6.18 7.09 6.10 6.33 6.39 6.17 6.91
23.08 22.16 22.46 22.72 21.39 20.38 21.03 20.62 20.96 21.64 22.37 24.45 26.40 25.98 26.36 26.17 26.37 26.55 25.74 25.31 25.85 25.83 24.51 23.67 24.34 23.50 22.73 21.68 20.67 21.02 21.53 19.25 18.34 17.82 19.31 18.99 16.78 15.46 16.56 16.98 15.54 14.20 13.19 13.26 13.29 12.19 13.29 13.58 13.32 13.93 13.93 14.20 14.20 12.66 12.66 11.35 11.35 11.35 10.80 8.03 7.82 4.75 4.16 3.96 3.68 5.47 5.43 5.86 6.25 6.28 6.22 6.78 6.24 6.20 6.04 6.49 6.33
23.93 21.87 22.18 23.06 22.86 23.22 23.39 23.33 22.66 23.46 24.24 24.08 25.87 25.65 26.41 26.41 27.26 27.54 26.17 26.18 26.90 25.79 24.84 24.61 25.50 23.82 23.30 22.20 21.21 21.18 21.80 19.40 17.82 18.07 19.26 19.29 17.25 16.28 16.28 14.99 14.21 14.63 13.72 13.22 12.48 12.98 14.35 14.42 14.20 14.20 14.20 14.20 14.20 14.20 11.35 11.35 11.35 11.35 9.26 8.83 8.56 6.14 3.44 3.60 3.32 4.81 5.16 5.61 5.12 6.20 7.25 7.28 6.35 5.88 6.07 6.19 6.27
24.03 22.95 23.66 23.15 23.51 23.91 23.49 23.70 24.61 24.39 26.23 27.01 25.79 25.93 26.11 25.52 25.42 27.14 27.77 27.31 26.89 26.67 25.29 24.92 23.86 23.16 21.77 21.49 21.56 21.15 20.89 19.51 19.11 18.42 19.36 19.42 18.23 16.95 15.68 14.67 15.17 14.86 14.66 13.58 12.29 12.74 13.19 12.96 14.20 14.20 14.20 14.20 14.20 9.78 9.78 9.78 8.61 8.61 8.61 8.85 7.14 5.86 4.87 4.51 2.88 4.94 4.60 3.84 4.41 6.69 7.55 7.73 6.42 5.35 5.15 6.04 6.26
23.43 22.99 22.67 23.42 23.40 22.92 23.13 25.22 26.84 26.75 27.99 27.91 26.26 26.11 25.51 25.39 26.05 27.18 27.39 28.23 28.21 26.88 25.69 24.33 22.88 22.17 20.73 19.91 20.65 20.41 21.31 20.46 20.23 20.22 19.57 18.34 17.59 16.24 15.86 15.90 14.61 15.19 15.61 12.80 12.69 12.52 13.19 12.96 12.96 14.20 14.20 14.20 12.03 9.78 9.78 9.78 10.71 8.87 8.87 7.93 6.63 7.62 5.80 4.93 3.89 4.08 4.02 3.01 4.95 6.06 7.50 6.93 5.58 4.65 4.82 5.27 6.45
24.15 22.44 23.21 24.62 23.92 24.44 25.65 25.51 27.31 27.54 28.22 26.87 25.90 26.32 25.05 25.30 26.04 25.78 26.55 26.33 26.44 26.94 25.55 24.52 23.59 22.56 21.04 20.49 20.99 20.25 22.02 22.85 22.11 19.67 17.43 16.67 17.40 16.80 16.16 15.67 16.57 16.50 14.35 13.22 12.88 12.08 12.08 12.96 12.96 12.96 14.20 12.03 12.03 12.03 9.78 9.78 10.71 10.50 9.00 6.92 8.05 8.00 6.55 5.41 4.94 2.99 2.71 3.09 4.74 5.78 6.41 6.64 6.13 5.14 5.06 5.02 5.92
25.08 23.83 25.71 25.30 25.15 25.27 25.32 26.41 25.71 27.22 28.12 26.76 25.59 25.99 24.13 26.35 25.25 25.72 26.44 26.04 25.66 26.22 25.35 25.69 25.10 24.00 22.57 22.17 23.58 22.29 23.83 24.55 22.98 20.55 18.88 17.12 17.33 16.90 16.51 16.42 17.03 16.41 15.11 14.92 13.46 12.77 12.77 12.77 12.77 12.96 12.03 12.03 12.03 12.03 12.03 10.52 11.59 11.26 10.09 7.95 8.74 8.09 7.01 5.69 4.70 2.62 1.91 3.08 5.70 5.75 6.28 7.88 6.34 5.12 5.01 4.35 5.22
26.22 25.72 26.12 26.27 27.54 28.37 26.83 26.53 26.32 27.36 27.39 25.64 25.90 25.73 25.85 25.67 24.14 26.00 26.77 25.99 26.01 25.23 25.18 26.03 25.48 24.56 23.98 23.63 23.72 24.14 24.43 23.40 22.26 20.76 19.34 18.90 17.82 16.38 16.63 17.42 16.71 16.24 16.60 15.98 14.37 12.77 12.77 12.77 12.77 12.77 12.60 12.60 12.60 12.60 12.60 11.42 11.92 11.04 9.62 9.27 8.65 8.10 7.40 5.40 3.76 2.91 2.30 4.27 5.36 6.09 6.53 5.96 5.47 4.93 4.48 4.55 4.32
25.32 26.65 27.73 27.61 28.21 28.59 28.64 28.10 28.03 27.51 27.52 26.34 24.55 27.12 27.22 26.92 27.08 26.19 25.25 25.92 26.11 25.46 24.53 24.93 25.79 25.00 24.87 25.29 24.70 24.53 24.33 23.54 22.34 21.85 21.80 20.48 19.40 17.92 17.29 17.43 17.04 16.70 16.63 16.04 15.64 15.64 15.64 12.77 12.77 12.77 12.60 12.60 12.60 12.60 12.60 12.36 10.97 10.39 10.55 9.67 7.35 7.84 7.39 4.63 3.35 2.76 2.53 4.57 6.36 6.17 5.47 5.23 4.27 4.57 4.02 4.69 5.13
26.27 27.46 27.65 28.15 28.81 29.04 28.14 28.39 29.08 27.78 28.16 26.82 26.21 27.21 27.48 27.58 27.14 26.65 26.21 25.37 25.48 25.14 25.60 24.06 25.29 24.98 23.77 24.78 24.98 24.93 24.39 23.24 23.47 23.23 23.05 21.77 19.40 18.23 17.67 17.19 17.59 16.91 16.44 17.17 17.19 17.19 17.19 17.19 17.19 12.77 12.60 12.60 12.60 13.10 13.10 13.10 10.71 10.26 9.75 8.69 6.25 5.80 6.52 4.64 4.30 2.95 2.79 4.07 6.55 5.13 5.04 4.74 4.53 4.12 3.73 4.95 6.33
27.15 27.96 27.67 28.60 29.13 29.49 29.76 29.74 29.67 29.24 28.94 28.54 26.19 26.40 26.67 27.39 27.61 27.60 27.24 26.70 26.19 25.55 26.14 25.25 26.42 26.27 25.86 25.84 25.02 24.06 23.63 23.46 23.55 23.95 23.59 22.37 20.12 18.67 18.43 17.84 17.52 16.68 17.18 18.16 17.19 17.19 17.19 17.19 17.19 17.19 12.60 13.10 13.10 13.10 13.10 13.10 11.77 9.99 9.45 8.48 6.73 6.53 6.53 4.67 3.85 2.15 3.12 4.27 3.71 5.48 4.10 4.51 3.90 3.69 4.56 5.12 6.05
26.87 27.67 28.39 29.01 29.35 29.76 30.11 30.03 30.06 29.91 29.36 28.29 26.69 26.15 25.95 26.68 27.28 27.20 27.52 26.99 26.15 25.81 26.55 26.20 26.36 25.03 25.74 24.85 24.52 23.05 23.47 24.16 23.59 23.61 23.66 22.17 20.19 19.22 18.45 17.90 17.58 16.95 17.62 18.16 18.16 17.19 17.19 17.19 17.19 17.19 13.10 13.10 13.10 13.10 13.16 13.16 13.16 10.61 9.07 8.07 6.96 8.38 6.11 4.62 4.12 2.98 2.57 4.07 3.48 5.38 4.49 4.55 4.64 3.70 4.09 4.15 5.78
27.62 28.14 29.09 29.48 29.68 30.08 29.86 29.27 28.72 26.74 25.72 26.39 25.88 25.21 26.16 26.24 26.70 26.66 27.53 26.75 26.45 26.42 26.19 25.73 25.64 24.66 24.68 23.34 23.61 22.88 23.55 24.16 23.87 23.41 22.62 21.05 20.49 19.44 18.98 18.54 19.54 18.67 19.26 19.26 19.26 18.16 17.19 17.19 17.19 14.25 14.25 14.25 12.66 12.66 13.16 13.16 13.16 11.04 9.20 9.22 7.95 7.41 5.38 4.96 4.16 3.39 3.42 3.41 4.31 4.09 4.06 4.94 4.01 3.94 4.16 5.83 6.26
28.94 28.82 29.33 29.75 30.15 30.20 29.94 29.43 28.82 27.33 24.84 25.10 24.73 25.11 25.66 26.25 27.08 27.05 26.61 26.56 26.67 26.57 27.22 26.15 24.98 24.28 23.45 23.35 23.59 23.79 23.97 23.49 23.45 22.75 21.74 21.67 20.20 19.75 18.98 19.28 20.31 20.73 19.26 19.26 19.26 19.26 19.26 17.19 14.25 14.25 14.25 14.25 13.15 12.66 12.66 10.82 10.82 9.95 9.48 9.37 8.35 6.89 5.18 5.08 4.23 3.73 3.42 3.02 3.50 4.12 3.77 4.10 3.32 3.40 4.10 5.67 6.86
29.26 29.51 28.99 29.59 30.02 30.09 29.96 29.65 28.07 26.14 25.18 25.25 24.79 24.87 25.66 26.53 27.31 27.44 27.18 26.48 25.98 25.71 25.48 25.43 24.40 24.39 23.99 24.02 24.91 24.10 23.25 22.73 22.29 21.99 21.67 22.09 20.67 19.96 20.19 19.19 20.12 20.83 20.83 20.83 19.26 19.26 19.26 19.26 14.25 14.25 14.25 14.25 14.25 13.15 12.66 12.66 11.67 10.61 10.38 9.48 9.27 8.60 5.95 4.57 3.79 3.69 3.65 2.91 3.30 4.04 3.30 2.72 3.89 3.39 3.66 5.18 7.26
29.34 29.45 29.26 29.74 30.00 29.82 29.79 29.72 29.08 27.78 24.93 24.84 24.49 25.07 25.71 26.37 26.79 26.68 27.00 26.80 26.21 25.60 25.06 24.96 25.04 24.34 24.73 24.14 24.11 23.42 22.95 22.24 22.52 21.79 21.67 21.49 20.67 20.56 20.52 19.11 20.12 20.83 20.83 20.83 20.83 20.83 19.26 13.25 14.25 14.25 14.25 14.25 14.25 13.15 13.15 13.10 11.48 10.35 10.35 9.42 9.54 9.17 6.31 4.16 3.62 3.00 3.76 3.27 3.76 4.53 2.60 2.32 3.13 3.72 4.01 4.66 6.75
28.97 28.58 29.12 29.30 29.22 29.25 29.32 29.46 29.47 29.35 26.34 25.01 25.30 25.45 26.06 26.63 27.85 28.70 27.67 27.34 26.05 25.36 24.83 24.94 25.07 25.01 23.68 24.20 23.96 22.98 22.56 22.48 22.15 22.00 22.05 21.49 21.49 20.56 20.52 19.11 19.11 20.83 20.83 20.83 20.83 20.83 15.96 15.96 13.25 13.25 14.25 14.25 14.25 13.50 12.73 11.58 10.81 9.26 9.42 9.30 8.97 7.69 5.59 4.43 3.87 3.02 3.34 3.71 4.01 3.48 3.43 2.69 2.57 3.32 3.88 5.15 5.47
28.14 29.16 28.76 28.62 28.75 28.79 28.97 28.56 28.57 28.24 26.86 27.41 26.10 25.58 25.45 26.14 28.47 28.50 27.66 27.46 26.27 25.26 24.68 24.74 24.91 25.36 24.24 24.02 24.15 21.92 22.60 22.27 22.03 22.27 22.05 22.05 21.49 20.56 20.52 19.11 19.11 19.11 20.83 20.83 20.83 20.83 15.96 15.96 15.96 13.25 13.25 13.42 13.42 12.16 11.59 11.24 10.56 8.82 8.20 8.14 8.05 6.89 5.32 4.53 5.21 3.77 4.21 4.35 4.71 4.48 3.33 3.18 2.40 3.30 3.21 4.53 4.98
