main/data/irradiance/23.10.2023.grid
ncols 839
nrows 679
xllcenter 112.0500
yllcenter -43.9500
cellsize 0.0500
nodata_value 99999.90
[rows 272 to 305 of 679, columns 0 to 76 of 839]
99999.90 99999.90 99999.90 99999.90 99999.90 99999.90 99999.90 99999.90 99999.90 99999.90 99999.90 99999.90 99999.90 99999.90 99999.90 99999.90 99999.90 99999.90 27.85 27.90 27.90 27.90 27.88 27.88 27.88 27.88 27.88 27.76 27.76 27.76 27.76 27.84 27.84 27.77 27.71 27.77 27.80 28.10 27.92 27.95 28.00 27.98 28.02 28.02 27.98 27.99 27.97 28.00 28.00 28.03 27.99 28.01 28.02 28.06 28.02 28.07 28.06 28.03 28.04 28.05 28.09 28.05 28.06 28.08 28.08 28.06 28.02 28.01 28.07 28.03 27.98 28.00 28.02 28.04 28.04 28.08 28.13
99999.90 99999.90 99999.90 99999.90 99999.90 99999.90 99999.90 99999.90 99999.90 99999.90 99999.90 99999.90 99999.90 99999.90 99999.90 99999.90 99999.90 99999.90 27.85 27.90 27.90 27.90 27.90 27.90 27.88 27.88 27.88 27.88 27.88 27.76 27.76 27.76 27.82 27.76 27.71 27.83 27.88 27.96 27.89 28.02 28.04 28.00 28.02 28.02 27.99 27.99 28.00 28.02 28.00 28.10 28.10 28.12 28.06 28.05 28.06 28.04 28.07 28.03 28.05 28.04 28.08 28.11 28.11 28.14 28.11 28.10 28.07 28.06 28.08 28.04 28.01 27.99 27.97 28.01 28.00 28.07 28.09
99999.90 99999.90 99999.90 99999.90 99999.90 99999.90 99999.90 99999.90 99999.90 99999.90 99999.90 99999.90 99999.90 99999.90 99999.90 99999.90 99999.90 27.71 27.85 27.90 27.90 27.90 27.90 27.90 27.90 27.90 27.88 27.88 27.88 27.88 27.86 27.86 27.85 27.78 27.67 27.66 28.04 28.05 27.93 27.96 28.00 27.99 28.01 27.98 27.97 28.00 28.02 28.06 28.09 28.09 28.08 28.07 28.08 28.03 28.07 28.02 28.09 28.05 28.08 28.05 28.07 28.09 28.08 28.10 28.11 28.10 28.07 28.04 28.07 28.06 28.01 28.03 28.00 27.98 28.02 28.04 28.08
99999.90 99999.90 99999.90 99999.90 99999.90 99999.90 99999.90 99999.90 99999.90 99999.90 99999.90 99999.90 99999.90 99999.90 99999.90 99999.90 99999.90 27.71 27.85 27.90 27.90 27.90 27.90 27.90 27.90 27.90 27.90 27.90 27.88 27.88 27.88 27.86 27.83 27.75 27.86 27.86 27.91 27.90 28.06 28.07 27.94 27.91 27.93 27.94 27.98 27.97 28.01 28.07 28.13 28.12 28.13 28.08 28.08 28.01 28.04 28.02 28.05 28.07 28.06 27.99 28.01 28.03 28.06 28.10 28.11 28.08 28.03 28.00 28.00 28.05 28.08 28.06 28.07 28.01 27.98 28.06 28.08
99999.90 99999.90 99999.90 99999.90 99999.90 99999.90 99999.90 99999.90 99999.90 99999.90 99999.90 99999.90 99999.90 99999.90 99999.90 99999.90 99999.90 27.71 27.85 27.85 27.85 27.90 27.90 27.90 27.90 27.90 27.90 27.90 27.90 27.89 27.89 27.86 27.86 28.04 27.97 27.97 27.91 28.03 27.99 28.00 28.01 27.97 27.96 28.02 28.00 27.97 28.04 28.09 28.09 28.12 28.13 28.12 28.09 28.07 28.03 28.03 28.03 28.03 28.01 28.01 28.01 28.05 28.05 28.08 28.06 28.07 28.06 28.04 28.03 28.05 28.08 28.07 28.09 28.04 28.01 28.02 28.09
99999.90 99999.90 99999.90 99999.90 99999.90 99999.90 99999.90 99999.90 99999.90 99999.90 99999.90 99999.90 99999.90 99999.90 99999.90 99999.90 99999.90 27.71 27.85 27.85 27.85 27.85 27.85 27.85 27.90 27.90 27.90 27.90 27.90 27.90 27.87 27.73 27.93 27.98 27.92 27.92 27.92 28.05 28.06 27.94 27.95 27.93 27.97 27.96 27.94 27.90 27.96 28.03 28.10 28.09 28.11 28.12 28.14 28.06 28.05 28.03 28.03 28.05 28.00 28.03 28.03 28.05 28.05 28.07 28.08 28.12 28.10 28.06 28.05 28.05 28.07 28.09 28.05 28.04 28.04 28.08 28.06
99999.90 99999.90 99999.90 99999.90 99999.90 99999.90 99999.90 99999.90 99999.90 99999.90 99999.90 99999.90 99999.90 99999.90 99999.90 99999.90 99999.90 27.71 27.85 27.85 27.85 27.85 27.85 27.85 27.85 27.85 27.85 27.87 27.87 27.87 27.79 27.91 28.02 27.83 27.69 28.00 28.03 28.06 28.02 27.88 27.86 27.89 27.90 27.90 27.87 27.85 27.91 28.05 28.10 28.09 28.09 28.05 28.08 28.06 28.09 28.10 28.04 28.04 27.98 27.99 28.04 28.05 28.09 28.06 28.04 28.11 28.12 28.08 28.05 28.07 28.10 28.11 28.07 28.05 28.02 28.04 28.06
99999.90 99999.90 99999.90 99999.90 99999.90 99999.90 99999.90 99999.90 99999.90 99999.90 99999.90 99999.90 99999.90 99999.90 99999.90 99999.90 99999.90 27.71 27.85 27.85 27.85 27.85 27.85 27.85 27.85 27.85 27.85 27.85 27.79 27.79 27.70 27.43 27.28 27.54 27.85 27.30 27.84 28.10 27.98 27.89 27.86 27.90 27.87 27.88 27.88 27.92 27.93 27.94 28.16 28.15 28.08 28.10 28.07 28.07 28.05 28.04 28.08 28.07 28.00 27.98 28.04 28.05 28.06 28.05 28.03 28.05 28.07 28.08 28.07 28.07 28.10 28.12 28.09 28.05 28.06 28.03 28.02
99999.90 99999.90 99999.90 99999.90 99999.90 99999.90 99999.90 99999.90 99999.90 99999.90 99999.90 99999.90 99999.90 99999.90 99999.90 99999.90 99999.90 27.71 27.71 27.71 27.85 27.85 27.85 27.85 27.85 27.85 27.85 27.85 27.85 27.83 27.88 26.41 23.68 26.29 27.99 27.69 27.07 27.76 27.96 27.88 27.88 27.90 27.90 27.86 27.91 27.90 27.93 27.99 28.03 28.03 28.05 28.07 28.08 28.06 28.08 28.02 28.00 28.05 28.07 28.04 27.99 28.04 28.03 28.04 28.03 28.04 28.07 28.05 28.08 28.10 28.11 28.10 28.07 28.12 28.11 28.08 28.07
99999.90 99999.90 99999.90 99999.90 99999.90 99999.90 99999.90 99999.90 99999.90 99999.90 99999.90 99999.90 99999.90 99999.90 99999.90 99999.90 99999.90 27.71 27.71 27.71 27.71 27.71 27.71 27.94 27.94 27.94 27.94 27.94 27.94 27.85 27.52 24.83 23.90 23.75 28.10 27.79 27.13 27.94 28.00 27.90 27.98 27.95 27.89 27.89 28.00 27.99 27.96 27.98 28.03 28.05 28.04 28.03 28.03 28.00 28.08 28.04 28.00 27.96 28.05 28.08 28.07 28.08 28.03 28.06 28.05 28.11 28.10 28.04 28.12 28.12 28.12 28.08 28.11 28.14 28.12 28.11 28.07
99999.90 99999.90 99999.90 99999.90 99999.90 99999.90 99999.90 99999.90 99999.90 99999.90 99999.90 99999.90 99999.90 99999.90 99999.90 99999.90 99999.90 27.71 27.71 27.71 27.71 27.71 27.71 27.71 27.71 27.71 27.78 27.78 27.78 27.89 27.85 25.62 26.80 27.11 25.81 27.81 27.98 27.93 27.88 27.84 27.95 28.00 27.86 27.84 27.94 27.97 27.93 27.92 28.04 28.03 28.01 27.98 27.95 27.95 28.05 27.95 27.94 27.94 27.98 28.01 28.09 28.06 27.96 28.01 28.02 28.09 28.10 28.06 28.09 28.12 28.10 28.06 28.11 28.14 28.10 28.11 28.11
99999.90 99999.90 99999.90 99999.90 99999.90 99999.90 99999.90 99999.90 99999.90 99999.90 99999.90 99999.90 99999.90 99999.90 99999.90 99999.90 99999.90 27.71 27.71 27.71 27.71 27.71 27.71 27.71 27.71 27.71 27.71 27.81 27.81 27.87 27.05 27.49 27.86 27.14 26.64 27.90 28.06 27.92 27.84 27.85 27.91 27.97 27.89 27.82 27.86 27.86 27.90 27.92 27.99 27.95 28.00 28.03 28.02 28.05 28.06 27.91 27.89 27.99 27.96 27.98 28.05 28.01 27.92 28.01 28.03 28.06 28.07 28.04 28.08 28.12 28.06 28.02 28.07 28.12 28.12 28.12 28.10
99999.90 99999.90 99999.90 99999.90 99999.90 99999.90 99999.90 99999.90 99999.90 99999.90 99999.90 99999.90 99999.90 99999.90 99999.90 99999.90 99999.90 27.71 27.71 27.71 27.71 27.71 27.71 27.71 27.71 27.71 27.71 27.71 27.84 27.82 27.93 26.90 27.49 27.72 27.92 27.99 28.03 27.83 27.80 27.81 27.84 28.01 27.95 27.87 27.83 27.84 27.85 27.89 27.87 27.89 27.89 28.04 28.05 28.08 28.04 27.98 27.91 27.96 28.01 28.07 28.01 27.98 27.96 28.00 28.04 28.05 28.05 28.07 28.06 28.11 28.04 27.99 28.10 28.12 28.12 28.10 28.09
99999.90 99999.90 99999.90 99999.90 99999.90 99999.90 99999.90 99999.90 99999.90 99999.90 99999.90 99999.90 99999.90 99999.90 99999.90 99999.90 99999.90 27.65 27.65 27.65 27.65 27.65 27.65 27.65 27.65 27.65 27.65 27.65 27.81 27.79 28.22 28.21 27.63 27.84 27.88 28.04 27.91 27.86 27.82 27.82 27.89 28.00 27.99 27.95 27.84 27.89 27.89 27.90 27.88 27.88 27.92 28.02 28.05 28.01 28.01 27.97 27.90 27.90 28.00 28.09 28.08 28.04 27.98 28.03 28.00 28.02 28.03 28.05 28.07 28.08 28.02 27.99 28.05 28.08 28.07 28.08 28.05
99999.90 99999.90 99999.90 99999.90 99999.90 99999.90 99999.90 99999.90 99999.90 99999.90 99999.90 99999.90 99999.90 99999.90 99999.90 99999.90 99999.90 27.65 27.65 27.65 27.65 27.65 27.65 27.65 27.65 27.65 27.65 27.65 27.78 27.76 28.17 28.12 27.92 27.80 27.81 27.84 27.85 27.83 27.84 27.82 27.76 27.88 27.79 27.81 27.83 27.84 27.93 27.91 27.89 27.90 27.95 28.03 28.03 27.99 28.05 28.07 27.96 27.90 27.93 28.06 28.03 28.02 28.02 28.07 28.05 27.99 28.03 28.04 28.05 28.06 28.00 28.00 28.02 28.05 28.08 28.08 28.04
99999.90 99999.90 99999.90 99999.90 99999.90 99999.90 99999.90 99999.90 99999.90 99999.90 99999.90 99999.90 99999.90 99999.90 99999.90 99999.90 99999.90 27.65 27.65 27.65 27.65 27.65 27.65 27.65 27.65 27.65 27.69 27.69 27.69 27.58 27.67 27.68 27.81 27.69 27.75 27.85 27.90 27.84 27.86 27.85 27.81 27.74 27.76 27.80 27.82 27.86 27.88 27.90 27.89 27.90 27.92 27.91 27.96 27.98 28.04 28.10 28.02 27.93 27.91 27.98 27.96 27.95 27.99 28.07 28.07 28.03 28.04 28.03 28.06 28.01 27.99 28.00 28.05 28.08 28.07 28.06 28.07
99999.90 99999.90 99999.90 99999.90 99999.90 99999.90 99999.90 99999.90 99999.90 99999.90 99999.90 99999.90 99999.90 99999.90 99999.90 99999.90 99999.90 27.65 27.65 27.65 27.65 27.65 27.65 27.65 27.61 27.61 27.61 27.61 27.61 26.92 26.09 27.79 27.70 27.67 27.58 27.62 27.72 27.72 27.78 27.84 27.86 27.85 27.79 27.78 27.80 27.82 27.84 27.90 27.89 27.87 27.89 27.95 28.00 27.99 28.05 28.09 28.01 27.97 27.89 27.95 27.94 27.95 27.98 28.04 28.06 28.02 28.03 28.03 28.00 28.03 28.02 28.06 28.09 28.06 28.05 28.09 28.09
99999.90 99999.90 99999.90 99999.90 99999.90 99999.90 99999.90 99999.90 99999.90 99999.90 99999.90 99999.90 99999.90 99999.90 99999.90 99999.90 99999.90 27.65 27.65 27.65 27.66 27.66 27.66 27.66 27.66 27.66 27.66 27.66 27.66 27.42 27.35 27.47 27.58 27.80 27.52 27.54 27.55 27.65 27.82 27.83 27.82 27.83 27.84 27.86 27.83 27.83 27.89 27.94 27.90 27.87 27.85 27.87 27.97 27.91 28.01 28.04 28.02 27.98 27.93 27.92 27.92 27.95 27.98 27.99 28.03 27.99 28.03 28.04 28.00 28.08 28.04 28.04 28.08 28.04 28.05 28.10 28.08
99999.90 99999.90 99999.90 99999.90 99999.90 99999.90 99999.90 99999.90 99999.90 99999.90 99999.90 99999.90 99999.90 99999.90 99999.90 99999.90 99999.90 27.65 27.66 27.66 27.66 27.66 27.66 27.66 27.66 27.66 27.66 27.66 27.66 27.66 27.21 27.55 27.55 27.84 27.83 27.53 27.59 27.62 27.65 27.74 27.76 27.80 27.83 27.84 27.84 27.85 27.90 27.97 27.90 27.88 27.86 27.87 27.99 27.93 27.93 28.01 27.98 27.96 27.91 27.95 27.91 27.92 27.98 28.01 28.01 27.99 28.03 28.00 28.05 28.04 28.02 28.01 28.05 28.03 28.02 28.06 28.01
99999.90 99999.90 99999.90 99999.90 99999.90 99999.90 99999.90 99999.90 99999.90 99999.90 99999.90 99999.90 99999.90 99999.90 99999.90 99999.90 99999.90 27.65 27.66 27.66 27.66 27.66 27.66 27.66 27.66 27.66 27.66 27.66 27.66 27.66 27.70 27.67 27.74 27.86 27.90 27.79 27.67 27.67 27.71 27.73 27.77 27.79 27.80 27.80 27.81 27.84 27.84 27.89 27.94 27.89 27.87 27.85 27.86 27.90 27.93 27.92 27.93 27.94 27.91 27.91 27.94 27.91 27.96 27.99 28.02 28.00 28.02 28.03 28.01 28.06 28.07 28.07 28.05 28.03 28.04 28.06 28.01
99999.90 99999.90 99999.90 99999.90 99999.90 99999.90 99999.90 99999.90 99999.90 99999.90 99999.90 99999.90 99999.90 99999.90 99999.90 99999.90 99999.90 27.65 27.66 27.66 27.66 27.66 27.66 27.66 27.66 27.66 27.66 27.66 27.66 27.70 27.70 27.80 27.91 27.94 27.88 27.82 27.80 27.81 27.80 27.81 27.75 27.69 27.77 27.81 27.83 27.82 27.86 27.89 27.88 27.88 27.89 27.87 27.83 27.84 27.86 27.87 27.90 27.91 27.90 27.88 27.96 27.94 27.96 27.96 28.00 28.01 28.01 28.02 27.98 28.01 28.07 28.06 28.05 28.03 28.03 28.09 28.06
99999.90 99999.90 99999.90 99999.90 99999.90 99999.90 99999.90 99999.90 99999.90 99999.90 99999.90 99999.90 99999.90 99999.90 99999.90 99999.90 99999.90 27.65 27.66 27.66 27.66 27.66 27.66 27.66 27.66 27.66 27.66 27.66 27.70 27.74 27.74 27.74 27.84 27.81 27.90 27.83 27.82 27.92 27.94 27.91 27.81 27.76 27.77 27.82 27.89 27.88 27.89 27.90 27.88 27.85 27.85 27.86 27.82 27.82 27.83 27.88 27.86 27.90 27.89 27.93 27.97 27.95 27.98 27.97 28.03 28.00 27.95 28.02 27.98 27.99 28.04 28.06 28.06 28.00 27.98 28.06 28.02
99999.90 99999.90 99999.90 99999.90 99999.90 99999.90 99999.90 99999.90 99999.90 99999.90 99999.90 99999.90 99999.90 99999.90 99999.90 99999.90 99999.90 27.65 27.66 27.66 27.66 27.66 27.66 27.66 27.66 27.66 27.66 27.74 27.74 27.74 27.74 27.74 27.61 27.86 27.84 27.70 27.73 27.86 27.89 27.82 27.76 27.79 27.81 27.80 27.87 27.92 27.89 27.89 27.90 27.86 27.83 27.85 27.87 27.84 27.88 27.91 27.92 27.97 27.91 27.95 27.96 27.93 27.99 27.95 28.01 28.02 27.96 28.01 27.97 27.99 28.03 28.06 28.05 28.00 28.03 28.04 28.02
99999.90 99999.90 99999.90 99999.90 99999.90 99999.90 99999.90 99999.90 99999.90 99999.90 99999.90 99999.90 99999.90 99999.90 99999.90 99999.90 99999.90 27.65 27.66 27.66 27.66 27.66 27.66 27.66 27.66 27.74 27.74 27.74 27.74 27.74 27.61 27.61 27.61 27.81 27.84 27.75 27.81 27.82 27.83 27.83 27.85 27.84 27.84 27.82 27.85 27.90 27.93 27.92 27.89 27.88 27.87 27.86 27.86 27.87 27.88 27.89 27.91 27.92 27.88 27.91 27.90 27.91 27.94 27.91 27.98 28.01 28.00 28.00 27.97 27.96 28.02 28.05 28.04 27.97 27.99 28.02 28.01
99999.90 99999.90 99999.90 99999.90 99999.90 99999.90 99999.90 99999.90 99999.90 99999.90 99999.90 99999.90 99999.90 99999.90 99999.90 99999.90 99999.90 99999.90 27.66 27.66 27.66 27.66 27.66 27.66 27.74 27.74 27.74 27.74 27.67 27.67 27.67 27.67 27.67 27.75 27.80 27.70 27.72 27.82 27.74 27.73 27.80 27.79 27.80 27.84 27.84 27.84 27.84 27.86 27.89 27.91 27.90 27.91 27.89 27.87 27.85 27.89 27.89 27.92 27.85 27.89 27.88 27.93 27.90 27.85 27.93 28.00 28.03 27.99 27.99 27.96 28.00 28.05 28.04 28.00 28.01 28.00 28.01
99999.90 99999.90 99999.90 99999.90 99999.90 99999.90 99999.90 99999.90 99999.90 99999.90 99999.90 99999.90 99999.90 99999.90 99999.90 99999.90 99999.90 99999.90 27.66 27.66 27.66 27.66 27.74 27.74 27.74 27.67 27.67 27.67 27.67 27.67 27.67 27.67 27.67 27.73 27.77 27.77 27.83 27.87 27.80 27.77 27.75 27.78 27.82 27.83 27.82 27.84 27.83 27.84 27.84 27.83 27.86 27.88 27.89 27.87 27.82 27.79 27.81 27.82 27.81 27.84 27.91 27.91 27.84 27.85 27.96 28.01 28.02 27.96 27.99 28.00 27.99 28.05 28.04 28.02 27.98 27.99 28.00
99999.90 99999.90 99999.90 99999.90 99999.90 99999.90 99999.90 99999.90 99999.90 99999.90 99999.90 99999.90 99999.90 99999.90 99999.90 99999.90 99999.90 99999.90 27.66 27.66 27.66 27.74 27.67 27.67 27.67 27.67 27.67 27.67 27.67 27.67 27.67 27.71 27.71 27.71 27.80 27.90 27.87 27.70 27.68 27.79 27.79 27.79 27.79 27.80 27.81 27.82 27.82 27.82 27.83 27.82 27.83 27.86 27.89 27.92 27.92 27.87 27.82 27.82 27.83 27.86 27.94 27.94 27.91 27.95 27.99 28.06 28.01 27.99 27.95 28.00 27.99 28.04 28.02 27.99 27.96 27.97 28.02
99999.90 99999.90 99999.90 99999.90 99999.90 99999.90 99999.90 99999.90 99999.90 99999.90 99999.90 99999.90 99999.90 99999.90 99999.90 99999.90 99999.90 99999.90 27.66 27.66 27.66 27.74 27.67 27.67 27.67 27.67 27.67 27.67 27.67 27.85 27.85 27.85 27.85 27.85 27.91 27.87 27.71 27.69 27.73 27.77 27.81 27.81 27.79 27.79 27.78 27.80 27.81 27.81 27.85 27.87 27.88 27.87 27.87 27.85 27.91 27.89 27.94 27.97 27.96 27.98 28.01 28.02 27.98 27.99 28.02 28.07 28.04 28.02 28.00 28.01 27.99 28.04 28.01 27.98 27.96 27.97 28.01
99999.90 99999.90 99999.90 99999.90 99999.90 99999.90 99999.90 99999.90 27.65 27.65 27.65 27.65 27.65 27.65 27.65 27.65 27.65 27.65 27.65 27.65 27.65 27.65 27.67 27.67 27.67 27.82 27.82 27.82 27.82 27.82 27.82 27.82 27.82 27.82 27.80 27.76 27.78 27.75 27.70 27.69 27.76 27.77 27.78 27.79 27.79 27.77 27.79 27.82 27.85 27.86 27.85 27.86 27.85 27.86 27.92 27.92 27.94 27.92 27.93 28.00 28.04 28.04 28.02 28.02 28.02 28.02 28.01 28.01 28.04 27.99 28.00 28.05 28.04 28.02 28.00 28.00 27.99
99999.90 99999.90 99999.90 99999.90 99999.90 99999.90 99999.90 99999.90 27.65 27.65 27.65 27.65 27.65 27.65 27.65 27.65 27.65 27.65 27.65 27.65 27.65 27.65 27.65 27.21 27.21 27.21 27.21 27.21 27.21 27.21 27.21 27.21 27.21 27.21 27.66 27.70 27.77 27.75 27.74 27.76 27.74 27.73 27.76 27.76 27.75 27.75 27.76 27.83 27.86 27.84 27.85 27.85 27.87 27.86 27.88 27.91 27.92 27.94 27.95 28.00 28.05 28.06 28.07 28.06 28.05 28.03 27.99 27.99 27.97 28.00 27.90 28.01 28.02 28.00 27.99 27.98 28.02
99999.90 99999.90 99999.90 99999.90 99999.90 99999.90 99999.90 99999.90 27.65 27.65 27.65 27.65 27.65 27.65 27.65 27.65 27.65 27.65 27.65 27.65 27.65 27.65 27.65 27.65 27.21 27.21 27.21 27.21 27.21 27.21 27.21 27.21 27.21 27.21 27.66 27.61 27.72 27.73 27.74 27.75 27.73 27.70 27.73 27.70 27.72 27.74 27.77 27.77 27.82 27.84 27.83 27.82 27.81 27.82 27.87 27.91 27.92 27.92 27.91 27.98 28.00 28.03 28.04 28.04 28.02 27.98 27.97 28.01 27.98 27.97 27.91 27.90 27.95 28.01 27.97 28.01 28.00
99999.90 99999.90 99999.90 99999.90 99999.90 99999.90 99999.90 99999.90 27.65 27.65 27.65 27.65 27.65 27.65 27.65 27.65 27.65 27.65 27.65 27.65 27.65 27.65 27.65 27.65 27.13 27.21 27.21 27.21 27.21 27.21 27.21 27.21 27.21 27.21 27.61 27.61 27.74 27.73 27.74 27.73 27.74 27.71 27.70 27.68 27.70 27.72 27.75 27.77 27.78 27.79 27.82 27.84 27.81 27.82 27.88 27.91 27.92 27.90 27.90 27.97 27.93 27.94 28.00 27.99 27.98 27.94 27.96 28.01 28.02 27.95 27.92 27.91 27.91 27.97 27.99 27.99 27.99
99999.90 99999.90 99999.90 99999.90 99999.90 99999.90 99999.90 99999.90 27.65 27.65 27.65 27.65 27.65 27.65 27.65 27.65 27.65 27.65 27.65 27.65 27.65 27.65 27.65 27.65 27.13 27.13 27.13 27.21 27.21 27.21 27.21 27.21 27.21 27.61 27.39 27.39 27.39 27.75 27.72 27.72 27.72 27.71 27.72 27.72 27.71 27.74 27.77 27.77 27.78 27.77 27.78 27.79 27.82 27.83 27.82 27.89 27.90 27.88 27.88 27.87 27.93 27.92 27.96 28.00 27.98 27.98 28.02 27.97 27.93 27.93 27.98 27.98 27.97 27.95 27.95 27.99 28.02
99999.90 99999.90 99999.90 99999.90 99999.90 99999.90 99999.90 99999.90 27.65 27.65 27.65 27.65 27.65 27.65 27.65 27.65 27.65 27.65 27.65 27.65 27.65 27.65 27.65 27.65 27.13 27.13 27.13 27.13 27.13 27.21 27.21 27.21 27.21 27.39 27.39 27.39 27.39 27.78 27.77 27.74 27.74 27.75 27.73 27.75 27.76 27.79 27.78 27.76 27.76 27.76 27.77 27.76 27.80 27.84 27.81 27.87 27.91 27.90 27.90 27.84 27.90 27.88 27.90 27.99 27.96 27.94 27.91 27.90 27.94 27.95 27.97 27.99 28.00 27.96 27.98 28.00 27.97
