main/data/irradiance/23.10.2023.grid
ncols 839
nrows 679
xllcenter 112.0500
yllcenter -43.9500
cellsize 0.0500
nodata_value 99999.90
[rows 340 to 373 of 679, columns 693 to 769 of 839]
27.22 27.25 27.23 27.21 27.25 27.26 27.25 27.28 27.19 27.21 27.17 27.25 27.25 27.28 27.25 27.28 27.20 27.28 27.22 27.23 27.29 27.35 27.24 27.30 27.23 27.18 27.18 26.97 27.21 27.28 27.31 27.28 27.28 27.27 27.23 27.23 27.17 27.18 27.23 27.25 27.27 27.24 27.15 27.06 27.07 25.52 24.99 26.79 25.48 26.70 24.93 24.36 25.87 25.80 26.50 26.76 26.91 26.93 27.02 26.69 25.84 26.47 26.00 25.39 26.39 26.12 26.19 26.05 27.16 25.99 27.22 27.31 27.33 27.22 27.11 26.89 27.22
27.17 27.29 27.30 27.21 27.25 27.22 27.25 27.25 27.21 27.15 27.24 27.29 27.24 27.29 27.34 27.33 27.29 27.21 27.21 27.24 27.22 27.23 27.19 27.27 27.25 27.18 27.21 27.02 27.21 27.25 27.24 27.20 27.20 27.25 27.18 27.07 27.24 27.25 27.15 27.23 27.22 27.11 27.10 27.09 26.99 26.98 25.51 26.08 26.55 26.97 26.81 25.78 24.48 25.97 26.65 27.16 27.20 27.16 27.16 27.09 26.98 26.84 26.84 26.62 26.71 25.52 25.53 26.06 26.46 26.45 27.23 27.38 27.27 27.18 27.31 27.21 26.94
27.18 27.23 27.27 27.22 27.26 27.20 27.26 27.24 27.30 27.27 27.30 27.23 27.16 27.25 27.22 27.26 27.20 27.21 27.25 27.26 27.21 27.25 27.20 27.32 27.22 27.24 27.24 27.03 27.21 27.15 27.18 27.21 27.25 27.27 27.17 27.23 27.23 27.16 27.25 27.13 27.13 27.15 27.05 27.00 26.98 27.05 27.05 27.03 26.64 26.83 27.03 27.14 25.91 24.10 25.52 27.14 27.12 27.09 27.20 27.10 27.04 26.95 27.06 26.35 25.19 26.14 26.00 26.27 25.80 26.93 27.31 27.38 27.32 27.09 27.27 27.22 27.26
27.24 27.15 27.19 27.24 27.30 27.28 27.26 27.24 27.28 27.28 27.25 27.35 27.22 27.23 27.25 27.24 27.23 27.26 27.31 27.27 27.33 27.40 27.39 27.40 27.32 27.26 27.30 27.10 27.15 27.17 27.26 27.19 27.19 27.27 27.28 27.14 27.14 27.17 27.22 27.23 27.15 27.14 26.99 26.95 27.04 26.88 26.03 26.69 27.30 26.72 27.01 26.27 27.00 26.10 26.69 27.00 27.10 27.22 27.18 27.23 27.07 27.12 26.24 25.31 26.97 26.97 26.44 26.81 27.10 26.95 27.06 26.81 26.87 26.16 26.48 26.79 27.23
27.28 27.25 27.28 27.22 27.29 27.25 27.27 27.25 27.21 27.27 27.21 27.30 27.23 27.23 27.29 27.21 27.22 27.23 27.31 27.28 27.27 27.25 27.33 27.36 27.31 27.32 27.28 27.20 27.10 27.18 27.20 27.18 27.25 27.25 27.23 27.29 27.24 27.20 27.19 27.19 27.19 27.08 27.13 27.04 26.91 26.22 26.72 26.44 26.90 26.24 27.11 27.20 26.88 25.68 26.79 26.79 27.07 27.24 27.30 27.24 27.13 27.17 26.56 26.47 26.99 27.00 25.71 25.57 25.72 25.53 27.16 26.87 27.06 27.06 26.74 26.92 27.03
27.33 27.29 27.26 27.27 27.27 27.32 27.28 27.30 27.36 27.34 27.38 27.33 27.23 27.22 27.31 27.26 27.23 27.26 27.26 27.32 27.29 27.25 27.31 27.38 27.31 27.35 27.24 27.23 27.18 27.20 27.20 27.24 27.27 27.29 27.26 27.24 27.25 27.24 27.22 27.14 27.17 27.10 27.13 27.08 26.99 23.94 25.65 25.24 24.26 24.09 26.03 27.26 27.20 26.95 26.95 26.62 26.52 27.08 27.25 27.13 27.17 27.05 27.02 27.05 27.04 27.16 27.25 26.55 26.57 26.98 27.20 27.08 26.83 27.04 26.12 26.95 26.75
27.36 27.29 27.23 27.30 27.24 27.25 27.33 27.41 27.41 27.32 27.34 27.34 27.31 27.25 27.26 27.27 27.26 27.28 27.26 27.30 27.29 27.27 27.33 27.37 27.34 27.28 27.28 27.31 27.20 27.23 27.15 27.14 27.24 27.25 27.20 27.21 27.24 27.23 27.24 27.17 27.16 27.18 27.28 27.16 27.21 26.13 26.37 27.15 27.12 27.08 26.67 27.09 27.12 27.00 26.67 26.64 26.85 27.06 27.18 27.05 27.00 27.01 27.03 27.02 27.10 27.21 27.01 27.23 27.30 27.23 27.27 27.01 26.14 26.58 26.07 26.20 25.98
27.38 27.33 27.27 27.27 27.19 27.24 27.28 27.31 27.28 27.28 27.22 27.37 27.30 27.27 27.26 27.25 27.22 27.29 27.37 27.34 27.32 27.32 27.36 27.33 27.34 27.26 27.24 27.36 27.29 27.21 27.21 27.14 27.13 27.16 27.15 27.22 27.29 27.25 27.22 27.20 27.11 26.79 27.11 27.24 27.28 27.30 27.29 27.15 27.10 27.07 27.10 27.09 27.19 27.03 26.90 26.73 26.42 26.90 26.82 26.53 25.71 26.45 26.96 27.03 27.08 27.22 27.22 27.21 27.22 27.26 27.30 27.06 27.22 26.26 26.55 25.69 26.53
27.30 27.25 27.22 27.25 27.23 27.22 27.28 27.26 27.27 27.29 27.32 27.29 27.29 27.29 27.27 27.23 27.16 27.29 27.31 27.29 27.28 27.31 27.27 27.29 27.26 27.29 27.26 27.33 27.29 27.21 27.12 27.18 27.22 27.16 27.15 27.21 27.16 27.20 27.22 27.24 26.77 26.46 27.14 27.20 27.15 27.04 27.21 27.12 27.03 27.17 27.16 27.10 27.04 26.81 26.63 26.58 26.73 26.96 26.97 27.00 25.11 27.01 27.11 27.02 27.06 27.07 27.23 27.25 27.28 27.31 27.22 27.25 26.42 25.60 25.98 26.13 27.19
27.23 27.21 27.21 27.23 27.22 27.27 27.27 27.26 27.30 27.35 27.42 27.34 27.36 27.32 27.29 27.26 27.17 27.28 27.26 27.29 27.28 27.32 27.27 27.24 27.27 27.26 27.20 27.21 27.25 27.27 27.16 27.16 27.16 27.06 27.11 27.11 27.25 27.25 27.21 27.16 26.99 27.06 27.30 27.21 27.22 27.16 27.15 27.11 27.02 27.13 27.18 27.21 27.08 26.56 26.70 26.25 26.24 26.90 26.18 26.63 25.81 26.11 26.98 26.97 26.90 26.99 27.10 27.15 27.19 27.03 26.21 25.67 24.92 26.88 26.91 27.03 27.24
27.25 27.25 27.27 27.27 27.23 27.27 27.26 27.24 27.25 27.31 27.33 27.39 27.30 27.30 27.32 27.23 27.22 27.27 27.26 27.35 27.31 27.35 27.30 27.28 27.29 27.27 27.26 27.26 27.32 27.20 27.17 27.15 27.12 27.02 26.96 27.03 27.17 27.11 27.17 27.21 27.17 27.21 27.20 27.19 27.20 27.14 27.19 27.13 27.15 27.20 27.19 27.21 27.10 27.02 26.94 26.89 26.74 26.96 26.80 26.86 24.81 25.85 26.45 25.65 26.44 26.73 26.71 27.05 27.27 26.58 26.63 26.58 23.75 26.15 27.05 27.10 27.18
27.16 27.26 27.23 27.23 27.26 27.29 27.26 27.24 27.26 27.24 27.29 27.26 27.25 27.27 27.34 27.35 27.36 27.32 27.35 27.34 27.33 27.34 27.33 27.33 27.36 27.38 27.32 27.27 27.31 27.22 27.24 27.23 27.25 27.18 27.02 27.05 27.13 27.17 27.09 26.79 27.07 27.01 26.95 26.97 27.05 27.18 27.21 27.16 27.14 27.19 27.23 27.20 27.05 27.03 26.92 26.90 26.80 26.82 26.81 25.99 23.79 24.60 26.71 25.27 25.24 26.60 26.60 27.00 27.06 26.86 27.15 27.22 25.98 27.02 27.13 27.18 26.50
27.18 27.23 27.24 27.22 27.25 27.27 27.19 27.19 27.20 27.23 27.32 27.28 27.19 27.20 27.35 27.32 27.28 27.25 27.29 27.23 27.23 27.23 27.33 27.32 27.32 27.38 27.35 27.31 27.34 27.33 27.23 27.29 27.28 27.28 27.29 27.14 27.07 27.11 26.12 25.97 26.90 26.99 27.10 27.05 27.02 27.08 27.03 27.14 27.04 27.17 27.17 27.05 27.07 26.87 26.90 26.86 26.85 26.77 25.61 24.51 24.75 25.77 26.36 23.48 25.42 25.33 24.83 26.71 26.99 26.13 26.56 27.10 27.09 25.89 27.12 27.05 26.99
27.18 27.25 27.23 27.22 27.24 27.24 27.22 27.25 27.23 27.22 27.26 27.35 27.28 27.06 27.20 27.23 27.29 27.22 27.20 27.26 27.28 27.25 27.39 27.41 27.29 27.35 27.26 27.32 27.32 27.34 27.39 27.37 27.30 27.27 27.29 27.26 27.09 27.12 27.15 27.11 26.94 27.06 27.15 27.10 27.20 27.20 27.23 27.23 27.25 27.18 27.02 27.03 27.16 27.16 26.96 27.00 27.01 26.85 25.13 23.83 24.84 26.30 23.81 25.27 26.25 25.86 26.06 26.40 26.25 25.74 25.50 26.95 26.95 26.01 27.10 27.14 26.69
27.25 27.22 27.18 27.25 27.24 27.25 27.22 27.20 27.24 27.18 27.35 27.33 27.27 27.19 27.22 27.19 27.24 27.28 27.22 27.22 27.23 27.33 27.31 27.30 27.29 27.31 27.35 27.30 27.18 27.21 27.34 27.27 27.29 27.23 27.34 27.17 27.13 27.15 27.15 27.09 27.17 27.20 27.23 27.20 27.27 27.23 27.24 27.19 27.24 27.25 27.22 27.05 27.00 27.13 26.98 27.06 26.95 26.56 25.02 23.53 25.01 24.82 24.67 26.32 26.58 26.96 26.78 26.85 26.90 26.91 26.92 27.00 26.77 25.71 26.68 27.24 27.01
27.24 27.19 27.23 27.22 27.18 27.22 27.23 27.24 27.18 27.22 27.39 27.35 27.29 27.16 27.17 27.26 27.29 27.34 27.20 27.20 27.21 27.23 27.30 27.29 27.28 27.25 27.24 27.24 27.25 27.21 27.22 27.18 27.14 27.25 27.27 27.15 27.13 27.18 27.17 27.14 26.87 27.07 27.21 27.24 27.20 27.16 27.20 27.20 27.23 27.20 27.12 26.92 26.91 26.95 27.03 26.93 26.81 26.49 22.51 23.44 25.64 24.72 26.14 25.56 26.01 26.76 26.78 26.66 26.24 26.94 26.54 26.26 26.49 26.33 27.20 27.12 26.66
27.27 27.23 27.22 27.18 27.17 27.25 27.25 27.21 27.19 27.21 27.36 27.31 27.35 27.32 27.18 27.16 27.26 27.30 27.21 27.24 27.24 27.20 27.28 27.22 27.29 27.30 27.31 27.27 27.23 27.21 27.25 27.24 27.19 27.20 27.21 27.14 27.09 27.22 27.14 27.20 27.10 27.24 27.21 27.22 27.21 27.13 27.17 27.18 26.67 27.18 27.18 27.09 27.00 26.98 26.96 26.90 26.80 26.26 24.71 25.32 26.66 26.61 26.42 25.43 25.80 26.83 26.98 27.22 26.49 26.88 26.37 25.58 24.61 27.02 27.13 27.16 27.15
27.24 27.20 27.18 27.16 27.21 27.22 27.22 27.19 27.20 27.21 27.20 27.13 27.13 27.26 27.23 27.14 27.21 27.31 27.29 27.33 27.33 27.33 27.32 27.29 27.31 27.32 27.34 27.29 27.28 27.31 27.26 27.23 27.21 27.13 27.24 27.07 27.08 26.90 26.74 27.12 27.17 27.23 27.20 27.17 27.17 27.10 27.04 27.13 27.11 27.14 27.08 27.02 26.78 26.87 26.48 26.97 26.55 26.86 26.84 26.79 26.77 26.69 26.72 26.23 26.66 27.17 26.92 26.52 25.37 25.21 26.35 25.71 25.66 26.76 27.13 27.12 27.18
27.21 27.21 27.15 27.20 27.25 27.24 27.16 27.15 27.25 27.27 27.30 27.27 27.23 27.24 27.25 27.15 27.28 27.33 27.33 27.31 27.35 27.35 27.39 27.31 27.32 27.35 27.32 27.29 27.23 27.30 27.31 27.25 27.22 26.83 27.22 27.24 27.16 27.18 27.14 27.05 27.09 26.95 27.12 27.14 27.18 27.21 27.12 27.10 27.11 27.03 27.10 27.00 26.04 25.68 26.71 26.94 26.39 27.08 27.04 26.97 27.05 26.90 27.01 27.10 26.96 26.95 26.27 26.78 25.65 26.26 26.53 27.17 27.11 26.96 27.23 27.11 27.17
27.20 27.18 27.12 27.19 27.24 27.19 27.20 27.17 27.21 27.27 27.26 27.25 27.23 27.29 27.22 27.19 27.23 27.33 27.34 27.28 27.32 27.37 27.43 27.43 27.35 27.30 27.25 27.30 27.27 27.27 27.13 27.26 27.25 27.13 27.13 27.13 26.98 26.97 26.59 27.11 27.20 27.22 27.12 27.07 26.97 26.84 26.22 26.94 26.94 27.09 27.16 27.08 27.06 27.01 27.10 27.15 27.12 26.93 26.86 26.73 26.67 26.76 26.15 26.67 26.63 26.32 26.54 26.50 26.81 26.79 27.02 26.66 26.81 26.87 27.07 26.94 26.90
27.21 27.22 27.12 27.23 27.26 27.16 27.22 27.19 27.19 27.27 27.21 27.28 27.24 27.23 27.18 27.24 27.25 27.30 27.36 27.32 27.27 27.33 27.32 27.35 27.36 27.32 27.26 27.27 27.25 27.22 27.20 27.17 27.24 27.16 27.17 27.23 27.40 27.22 26.99 27.04 27.19 27.25 27.20 27.07 26.94 27.02 26.69 26.95 26.89 26.95 27.00 27.11 27.21 27.16 27.03 26.92 27.13 27.08 26.81 26.33 25.47 25.91 26.53 26.29 26.10 25.88 25.08 23.92 26.48 26.85 25.23 24.48 24.80 26.71 26.79 25.58 25.63
27.21 27.22 27.16 27.23 27.21 27.19 27.13 27.23 27.18 27.22 27.19 27.24 27.18 27.26 27.25 27.31 27.29 27.35 27.36 27.24 27.27 27.24 27.28 27.32 27.40 27.36 27.17 27.25 27.18 27.13 27.12 27.17 27.26 27.14 27.10 27.21 27.23 27.19 27.04 27.14 27.06 27.21 27.17 27.09 27.02 26.98 27.07 27.11 27.06 27.03 27.08 27.01 27.07 27.04 27.10 27.05 27.09 26.89 26.95 26.68 25.33 25.49 26.19 25.53 26.36 25.69 26.51 25.33 26.22 26.60 25.20 25.01 24.37 24.95 25.60 25.24 26.26
27.27 27.24 27.20 27.24 27.24 27.20 27.21 27.19 27.19 27.19 27.18 27.19 27.16 27.22 27.29 27.35 27.31 27.34 27.36 27.34 27.32 27.25 27.24 27.23 27.33 27.33 27.43 27.28 27.21 27.18 27.21 27.17 27.20 27.16 27.21 27.24 27.21 27.09 26.82 27.20 27.18 27.07 27.10 27.33 27.12 27.08 26.99 27.01 26.93 26.94 27.02 27.05 27.09 27.11 27.12 27.06 27.07 26.96 26.90 26.85 26.12 26.63 25.45 24.56 24.58 24.22 25.00 24.37 26.47 26.23 24.65 24.02 24.98 25.60 23.60 24.39 26.40
27.27 27.22 27.19 27.20 27.16 27.18 27.19 27.18 27.11 27.13 27.17 27.24 27.12 27.22 27.20 27.27 27.21 27.26 27.25 27.28 27.25 27.25 27.22 27.19 27.26 27.29 27.27 27.27 27.19 27.13 27.23 27.20 27.21 27.12 27.09 26.76 27.26 27.06 27.09 27.12 27.27 27.19 26.15 26.54 27.14 27.16 27.11 27.07 27.09 27.11 27.03 27.02 27.03 27.07 27.08 27.13 27.10 26.47 25.93 26.42 26.59 25.95 26.23 24.98 24.66 24.78 25.07 25.71 26.21 24.80 24.45 26.45 25.44 25.92 24.29 25.08 25.95
27.25 27.20 27.21 27.21 27.14 27.16 27.13 27.18 27.09 27.17 27.12 27.21 27.02 27.13 27.22 27.26 27.08 27.05 27.13 27.24 27.30 27.22 27.29 27.27 27.31 27.28 27.24 27.23 27.21 27.20 27.19 27.18 27.24 27.12 27.19 27.16 27.08 26.99 27.07 26.34 26.49 27.15 25.93 25.99 27.06 27.11 27.03 27.04 27.13 27.28 27.09 27.11 27.04 25.95 26.87 27.15 27.01 25.53 25.37 25.34 25.49 24.37 26.19 25.60 24.67 25.67 26.10 26.39 26.41 25.65 26.15 26.63 25.31 25.87 25.34 24.51 26.10
27.18 27.12 27.18 27.19 27.16 27.09 27.08 27.16 27.21 27.13 27.10 27.14 27.19 27.14 27.17 27.20 27.16 27.14 27.22 27.23 27.24 27.31 27.24 27.23 27.24 27.24 27.25 27.26 27.23 27.18 27.23 27.26 27.18 27.13 27.21 27.24 27.39 27.20 27.10 27.14 26.55 27.07 26.79 26.59 26.67 27.04 27.01 26.72 26.98 27.15 27.15 27.14 26.89 27.09 26.86 26.86 26.74 25.99 26.01 26.43 26.51 25.40 26.51 25.93 26.59 25.53 26.93 26.48 26.79 26.00 24.31 24.33 25.88 24.52 25.00 25.41 26.56
27.19 27.10 27.13 27.16 27.17 27.14 27.14 27.11 27.18 27.13 27.12 27.15 27.16 27.20 27.18 27.20 27.19 27.13 27.26 27.23 27.18 27.27 27.28 27.27 27.28 27.24 27.34 27.28 27.25 27.19 27.21 27.23 26.68 27.21 26.98 27.18 27.21 27.23 27.12 27.04 27.17 27.24 27.22 27.04 27.02 27.03 27.09 26.81 27.08 27.11 27.14 27.11 27.18 27.15 27.05 25.83 26.48 26.49 26.57 26.72 26.34 25.36 25.91 25.68 26.85 26.91 26.73 26.81 25.71 26.42 26.43 26.72 26.20 24.50 25.91 26.65 26.72
27.16 27.13 27.16 27.15 27.14 27.09 27.18 27.11 27.14 27.20 27.14 27.21 27.21 27.16 27.17 27.18 27.17 27.21 27.23 27.24 27.27 27.26 27.26 27.22 27.28 27.31 27.27 27.30 27.34 27.31 27.03 27.14 27.19 26.78 26.33 26.89 27.15 27.00 26.95 26.23 26.54 26.48 27.22 27.21 27.13 27.11 27.01 26.75 27.22 27.24 27.16 27.10 26.91 27.12 25.93 26.76 27.06 26.67 27.01 27.22 25.41 23.79 25.75 26.50 25.42 26.30 26.47 26.58 26.46 25.34 25.50 23.20 24.85 25.39 25.08 26.03 26.53
27.09 27.14 27.11 27.13 27.08 27.04 27.19 27.16 27.14 27.10 27.16 27.18 27.20 27.19 27.19 27.22 27.19 27.20 27.18 27.19 27.22 27.28 27.20 27.21 27.32 27.26 27.31 27.23 27.20 27.29 27.30 27.23 27.22 27.05 26.66 27.14 27.16 27.12 27.11 26.94 25.82 27.11 26.82 27.17 26.70 26.98 26.78 27.16 27.12 27.09 27.07 27.09 27.17 27.23 27.38 26.14 26.37 26.75 26.72 27.01 26.92 26.32 26.49 25.28 25.77 25.38 25.34 24.59 24.71 25.78 26.18 25.54 25.90 26.37 25.91 25.61 25.63
27.19 27.26 27.16 27.11 27.09 27.08 27.16 27.17 27.14 27.12 27.12 27.17 27.19 27.20 27.18 27.20 27.20 27.27 27.28 27.25 27.22 27.23 27.12 27.12 27.02 27.21 27.20 27.17 27.21 27.22 27.37 27.45 27.26 27.27 27.11 27.13 27.12 27.17 27.22 27.21 27.15 27.17 27.08 27.09 26.36 25.94 26.93 27.02 27.11 26.96 27.24 27.08 26.84 27.14 27.14 27.24 27.07 26.83 25.20 26.62 26.11 24.68 26.02 25.15 26.00 26.54 26.74 26.58 25.29 26.05 24.76 25.86 26.46 26.51 25.93 25.91 26.07
27.12 27.14 27.12 27.13 27.12 27.11 27.16 27.15 27.12 27.12 27.15 27.17 27.20 27.17 27.16 27.26 27.20 27.24 27.36 27.41 27.36 27.26 27.16 26.86 27.20 27.19 27.18 27.24 27.14 27.30 27.28 27.25 27.18 27.18 27.25 27.22 27.12 27.14 27.24 27.19 27.26 27.28 27.31 27.33 26.71 27.14 27.11 27.17 27.17 27.20 27.22 27.03 27.08 27.12 27.28 27.32 27.29 27.14 27.18 26.56 26.69 26.80 26.63 26.34 25.33 25.68 25.48 26.50 25.56 24.60 23.10 25.34 26.31 26.39 25.61 26.31 26.52
27.11 27.12 27.08 27.06 27.12 27.14 27.14 27.22 27.18 27.07 27.04 27.05 27.15 27.17 27.19 27.23 27.20 27.25 27.28 27.31 27.29 27.26 27.22 27.14 27.12 27.13 27.26 27.32 27.36 27.33 27.28 27.25 27.20 27.24 27.31 27.26 27.22 27.26 27.22 27.09 27.23 27.35 26.99 27.15 26.99 27.12 27.20 27.18 27.03 27.09 27.12 27.10 27.10 26.11 27.04 27.15 27.24 27.28 27.26 27.31 27.40 27.13 26.95 26.61 26.77 25.94 25.56 25.82 26.70 26.45 25.75 26.60 26.08 26.43 25.88 26.80 26.23
27.11 27.14 27.08 27.10 27.07 27.13 27.20 27.22 27.19 27.13 27.06 27.09 27.15 27.11 27.16 27.11 27.11 27.11 27.24 27.27 27.23 27.26 27.23 27.24 27.26 27.33 27.31 27.33 27.35 27.32 27.29 27.28 27.30 27.28 27.23 27.25 27.21 27.32 27.23 27.30 27.33 27.34 26.72 27.03 26.99 27.18 27.24 27.23 27.15 26.66 26.89 27.21 27.37 26.68 27.11 27.14 27.05 27.19 27.30 27.27 27.30 27.27 27.04 26.96 27.22 26.81 26.53 26.35 25.93 26.10 26.75 26.93 25.92 26.22 25.79 26.35 25.24
27.07 27.12 27.11 27.14 27.14 27.08 27.13 27.11 27.07 27.09 27.10 27.08 27.14 27.10 27.14 27.10 27.09 27.17 27.22 27.24 27.21 26.95 27.12 27.62 27.23 27.26 27.07 27.24 26.69 27.36 27.19 27.10 27.24 27.24 27.18 27.29 27.26 27.25 27.25 27.29 27.30 27.43 27.04 27.08 26.89 26.99 27.08 27.13 27.12 26.90 27.07 27.22 27.38 27.21 27.21 27.22 27.18 27.35 27.10 27.08 27.26 26.15 26.08 27.05 26.88 25.29 24.73 24.57 23.15 23.88 26.35 27.00 24.97 25.66 24.63 25.48 25.63
