main/data/irradiance/23.12.2023.grid
ncols 839
nrows 679
xllcenter 112.0500
yllcenter -43.9500
cellsize 0.0500
nodata_value 99999.90
[rows 238 to 271 of 679, columns 308 to 384 of 839]
29.28 29.44 29.69 29.69 29.87 30.30 30.41 30.22 30.30 29.70 29.18 29.39 29.17 29.38 29.50 29.45 29.21 27.06 27.19 27.17 26.74 24.34 23.91 26.33 27.46 26.62 25.07 24.18 23.86 21.99 21.27 22.26 22.22 23.89 23.81 23.27 24.29 24.28 24.05 23.87 24.54 24.91 23.65 26.88 27.68 27.28 27.35 27.33 27.69 28.42 28.03 27.29 28.91 29.33 29.42 29.98 29.82 29.51 30.04 29.85 29.54 29.79 29.60 30.02 29.07 29.74 30.60 30.37 30.22 30.59 29.69 30.22 30.07 29.98 28.53 29.42 29.86
29.69 29.74 29.40 29.92 30.17 29.66 30.06 30.14 30.07 29.02 28.80 28.68 29.36 29.39 29.28 29.05 28.89 27.96 28.24 28.80 27.50 25.41 25.92 25.64 26.59 26.20 25.05 25.10 24.30 21.79 22.19 22.11 23.77 23.44 24.46 25.17 24.74 24.98 25.60 25.44 25.63 27.61 26.47 26.56 25.88 26.89 27.10 27.85 28.17 28.93 27.50 27.48 28.58 29.11 29.94 30.10 30.40 29.35 29.35 29.58 29.79 29.11 30.06 30.10 30.34 29.85 30.26 29.71 29.70 30.50 30.56 30.35 30.54 30.46 29.90 29.60 29.19
29.45 29.67 29.62 30.19 29.76 29.62 29.68 29.85 29.38 28.44 28.79 28.83 29.13 29.00 29.48 29.64 29.00 28.81 28.01 28.49 28.88 27.25 26.43 25.72 26.38 27.35 27.33 25.46 25.45 24.27 23.22 23.62 24.81 25.05 25.04 23.47 24.42 24.07 25.68 26.46 27.93 27.80 27.58 27.14 26.43 25.75 26.09 26.35 27.72 26.34 27.74 28.71 28.25 29.44 28.45 28.98 29.79 28.58 29.50 29.92 29.54 29.95 29.65 29.87 30.44 30.29 30.38 29.35 29.14 29.94 30.21 29.30 29.41 29.97 29.82 30.21 30.26
29.16 29.55 29.72 30.26 30.23 29.99 29.68 29.83 28.21 28.09 28.43 28.85 29.01 28.79 28.73 29.46 28.68 28.33 29.34 28.81 28.82 28.33 27.14 27.50 25.71 26.57 26.58 26.68 25.37 23.50 24.99 25.48 26.40 25.04 25.65 24.45 24.78 25.98 26.41 25.26 26.03 27.35 26.93 28.49 28.09 27.88 26.96 26.59 26.59 27.08 28.60 28.19 28.81 29.42 28.19 29.08 29.09 27.89 29.17 29.13 29.14 29.94 28.90 30.02 30.26 30.38 30.21 29.52 30.08 30.02 29.73 29.22 29.11 29.77 29.49 29.72 29.92
29.45 29.63 29.70 30.37 30.39 30.11 29.62 29.88 29.00 28.44 28.75 29.04 29.00 28.39 28.32 28.54 28.17 28.89 28.63 28.87 28.38 27.61 27.34 26.20 26.18 27.90 28.73 28.09 26.39 26.94 26.57 27.88 27.22 25.89 25.29 26.20 26.18 27.56 26.75 25.66 28.06 27.74 27.63 28.34 27.13 26.77 25.15 25.50 26.21 28.34 28.98 28.26 29.80 29.78 28.79 29.71 28.48 29.11 29.87 29.63 29.84 30.21 30.41 29.84 29.22 29.65 29.51 30.08 30.08 29.84 29.33 29.25 30.18 30.17 29.71 29.53 30.09
30.08 30.18 30.11 30.43 30.08 29.84 29.67 29.66 28.94 28.48 28.17 28.06 27.60 27.47 27.69 28.13 28.29 28.12 27.17 26.78 26.93 27.41 26.47 26.93 28.20 29.43 29.14 28.53 26.74 27.47 28.11 29.10 29.30 28.59 26.05 26.25 27.72 27.50 27.27 26.14 28.27 28.21 28.44 27.51 27.81 28.12 26.14 26.78 27.83 28.94 27.23 27.71 28.71 28.94 29.12 29.16 29.04 28.98 29.33 29.73 30.18 29.75 29.74 30.07 30.16 29.92 29.77 29.89 29.71 29.66 29.31 29.04 30.35 30.37 30.54 30.02 30.18
30.28 30.35 30.15 30.11 29.75 29.24 30.04 30.00 28.73 28.32 28.64 27.92 26.96 26.62 27.65 27.58 27.86 27.41 25.98 25.71 26.44 27.83 27.00 27.39 28.59 28.80 27.88 27.15 27.13 27.60 27.96 29.48 29.58 28.71 28.75 27.71 27.91 27.07 26.16 27.34 27.35 28.07 28.04 27.71 27.06 28.77 28.76 28.59 27.25 28.30 28.07 29.03 28.82 29.36 29.45 28.48 29.00 29.23 29.11 29.27 29.23 29.53 29.57 30.28 29.74 29.75 29.45 29.61 29.82 30.11 30.00 30.37 29.97 30.24 30.53 30.25 30.49
30.35 30.30 29.95 30.06 30.07 29.05 29.79 29.52 28.46 27.71 28.14 27.47 27.25 27.24 27.13 26.87 27.02 27.73 27.68 26.32 26.57 26.48 27.68 28.75 28.99 27.64 26.32 25.85 28.09 27.74 29.01 29.62 29.68 29.59 29.21 28.37 28.56 28.72 27.80 27.19 26.97 27.71 27.13 28.12 26.27 28.22 27.97 29.24 29.11 30.03 29.59 29.59 29.26 30.15 28.48 29.55 29.48 29.91 29.18 29.64 29.46 29.48 29.61 29.91 29.90 29.73 30.25 29.86 29.65 29.97 29.18 30.38 30.12 30.30 30.54 30.41 30.08
30.15 29.35 29.64 29.74 29.70 29.27 29.37 29.27 28.19 27.16 27.99 27.26 27.33 27.39 27.23 26.52 27.08 26.96 26.71 26.72 27.38 27.61 26.88 26.60 25.62 26.02 26.62 28.32 29.24 29.28 29.55 29.33 29.22 29.25 29.44 28.13 27.95 28.96 29.22 28.88 28.31 28.13 28.01 27.75 28.61 29.53 27.85 28.42 28.66 29.83 29.85 30.02 30.15 29.89 28.45 29.15 29.33 28.36 30.13 28.76 29.22 29.95 29.56 29.27 30.41 29.81 29.93 30.22 30.13 30.09 29.71 29.97 29.75 30.15 30.46 30.33 29.41
30.12 29.89 29.99 30.20 29.68 29.36 29.16 29.09 28.47 28.60 27.53 26.73 27.25 27.71 26.77 26.54 26.19 26.16 26.27 26.68 26.30 26.00 25.43 25.07 26.06 26.97 26.96 28.69 28.58 28.82 29.40 29.31 28.89 28.82 29.27 28.51 27.81 29.39 29.98 29.72 29.64 28.63 29.33 27.23 28.63 29.57 29.23 29.89 29.16 29.84 29.00 29.37 29.83 27.68 29.76 28.64 29.82 28.24 29.41 27.75 28.48 30.36 30.08 30.00 30.25 29.88 29.73 29.79 30.29 30.23 30.21 30.15 30.44 30.08 30.21 30.46 30.27
29.98 30.14 30.34 30.09 29.40 28.86 28.73 28.21 28.32 28.54 27.81 27.61 27.09 27.16 26.88 26.86 26.86 27.02 26.60 26.44 25.95 24.69 24.48 25.34 25.54 26.68 27.65 27.02 28.68 28.90 29.11 29.19 29.02 29.27 27.96 29.59 29.22 29.29 29.08 29.19 29.83 29.45 29.43 29.16 29.69 29.57 28.23 30.00 30.09 28.82 28.68 29.01 29.79 29.72 29.66 29.80 28.97 29.41 28.36 27.59 29.01 29.36 28.90 29.51 30.00 30.35 30.34 30.49 30.04 30.41 30.65 29.76 30.45 30.38 29.79 30.36 30.44
29.31 30.45 30.35 30.17 29.88 28.64 28.52 28.56 27.97 28.43 28.17 27.66 27.88 27.31 27.27 27.39 27.25 26.94 27.14 27.91 24.43 24.33 25.71 28.54 26.95 26.61 27.13 28.43 28.72 28.65 29.73 29.81 29.88 29.92 29.15 29.32 29.65 29.63 29.26 29.21 29.59 29.38 29.38 29.01 28.63 29.37 29.26 29.22 29.46 27.55 29.30 30.07 27.29 28.81 29.13 28.98 30.05 29.96 28.89 28.47 29.33 28.24 28.48 30.27 30.25 30.32 29.62 30.36 28.17 29.94 30.55 30.15 30.59 30.60 30.18 30.34 30.29
29.22 30.26 30.44 29.88 29.06 28.38 27.47 27.95 28.58 28.80 28.83 27.97 28.15 26.89 27.51 27.86 27.44 28.30 28.35 28.44 27.61 26.99 27.64 27.92 26.83 26.49 27.25 28.61 28.76 29.20 29.28 29.48 30.13 29.88 29.80 30.17 30.02 29.85 29.13 29.65 29.66 30.19 30.03 29.27 27.96 28.58 29.73 29.28 30.03 28.94 29.65 29.61 27.16 28.22 29.82 29.46 29.72 29.77 28.90 29.77 30.36 29.81 30.29 30.34 29.42 29.83 29.56 29.39 29.92 30.41 30.05 30.44 30.09 30.21 29.88 30.34 30.41
29.96 30.04 29.80 29.77 28.49 27.52 27.37 28.01 28.00 28.20 28.07 28.28 27.99 27.58 27.99 28.16 28.42 29.05 29.18 28.62 29.65 30.27 29.20 28.26 27.10 27.46 26.76 27.86 28.36 28.45 28.82 29.34 29.77 29.66 29.88 29.92 29.54 30.03 29.91 29.62 29.13 29.64 29.08 29.82 29.68 29.19 29.29 30.11 29.36 29.82 29.76 28.55 29.02 29.52 28.31 29.54 30.46 29.33 28.96 29.32 30.02 29.72 29.99 29.70 29.13 29.47 30.11 30.47 30.24 30.64 30.23 30.12 30.61 29.56 30.51 30.28 29.69
29.97 28.81 28.63 29.13 29.04 26.72 26.93 27.36 27.61 27.87 27.97 28.18 28.23 28.41 28.63 29.15 29.10 29.09 28.75 28.85 28.70 29.63 30.01 29.51 28.25 28.02 27.31 26.98 28.12 29.35 29.41 29.26 29.54 29.56 30.02 29.49 30.34 30.06 29.52 30.22 29.98 29.98 29.52 30.11 29.75 29.53 28.95 29.71 30.23 30.19 30.50 29.82 29.59 29.91 28.68 28.79 29.26 28.83 29.60 30.34 28.92 29.10 30.19 30.26 30.19 29.96 30.39 30.51 29.60 29.98 30.57 29.77 30.35 30.28 30.22 30.38 30.47
30.03 29.69 29.21 29.38 29.71 27.64 26.97 27.33 28.29 28.16 28.15 28.34 28.79 29.06 29.64 29.83 29.47 29.42 29.16 29.92 29.70 28.96 29.22 29.24 29.20 29.04 29.31 28.06 29.11 29.88 29.67 29.63 29.65 29.81 29.61 29.63 30.12 28.99 30.26 29.90 30.33 30.28 30.03 29.34 29.71 29.30 29.52 29.24 30.05 29.86 29.76 30.06 30.32 30.08 29.99 30.36 30.16 29.20 29.84 29.66 29.06 29.21 30.04 28.73 30.16 30.38 29.47 29.86 30.43 29.80 30.53 30.24 30.27 30.10 30.14 29.81 30.41
30.03 29.52 29.83 29.07 29.39 28.76 27.99 27.85 28.08 28.28 28.41 28.44 29.07 29.06 29.15 29.51 29.31 29.70 30.23 30.18 29.89 29.76 29.73 29.50 29.87 29.86 29.85 29.61 30.14 30.12 30.13 30.04 29.67 28.92 29.78 30.07 30.22 30.30 29.92 30.01 30.11 29.94 29.86 29.88 29.65 28.52 29.18 29.28 29.74 29.46 29.89 30.16 29.65 30.06 30.53 29.87 30.33 30.35 29.86 29.32 29.69 29.26 29.96 30.07 30.67 30.61 29.73 29.96 30.47 30.29 30.01 30.49 30.55 30.03 30.46 30.45 30.43
29.39 28.98 29.48 29.37 29.62 29.10 28.67 28.85 28.78 28.61 28.71 28.74 28.94 29.29 28.90 28.58 29.05 29.74 29.72 29.69 29.93 30.01 30.20 30.18 30.02 30.07 30.23 29.97 30.26 30.42 30.39 30.27 30.03 29.76 29.95 29.98 28.61 29.71 29.19 29.03 29.44 29.90 29.70 29.63 29.21 29.20 29.37 29.85 29.33 29.64 30.23 30.41 30.52 30.25 30.54 29.76 30.41 30.55 29.92 29.76 30.42 30.04 30.49 30.07 29.89 30.42 30.15 30.43 30.65 30.66 30.44 26.78 28.09 30.14 30.26 30.16 30.16
28.93 29.26 29.38 29.28 29.22 29.16 29.13 28.96 29.07 29.32 28.94 29.10 29.18 29.03 28.95 28.63 29.27 29.50 29.59 29.96 30.12 30.26 30.12 30.33 30.17 30.34 30.36 30.30 30.29 30.23 30.01 30.12 29.10 30.33 30.24 30.29 30.41 30.38 30.06 29.02 29.28 29.27 29.29 29.19 29.29 29.35 28.89 29.18 29.69 29.83 30.02 30.51 30.47 30.25 29.59 29.66 30.31 30.58 29.84 30.21 30.58 30.39 30.60 29.70 29.62 29.96 29.48 30.53 29.86 29.97 30.36 27.46 27.32 30.57 30.35 29.90 29.57
29.44 29.36 28.66 28.03 28.37 29.04 29.29 29.36 29.42 29.59 29.74 29.60 29.54 29.12 29.48 29.38 29.42 29.66 29.59 29.86 30.13 30.28 30.22 30.06 30.27 30.39 30.43 30.51 30.07 30.34 29.95 30.08 29.53 30.04 30.02 29.79 29.80 30.00 30.34 29.84 30.02 28.66 28.98 29.56 29.40 29.69 29.58 29.69 29.35 30.08 30.45 30.47 30.11 30.17 29.08 30.10 30.26 30.52 30.40 30.19 30.52 30.22 30.54 30.55 30.04 30.71 30.44 30.33 30.44 30.06 30.53 27.68 29.49 30.57 30.71 30.49 30.27
28.90 29.10 28.37 28.37 28.13 29.30 29.14 29.26 29.64 29.78 29.81 30.07 29.81 29.46 29.83 29.92 29.85 29.91 29.87 30.11 30.04 30.25 30.31 30.41 30.17 30.30 30.26 30.29 30.19 30.05 29.93 29.81 29.80 30.12 30.10 29.95 30.46 30.02 30.18 30.34 30.20 30.01 30.01 29.87 29.97 29.85 29.80 29.77 29.75 30.13 30.01 29.66 30.23 30.38 30.00 30.38 30.29 30.38 29.97 29.85 29.62 29.67 29.68 29.75 28.52 29.43 29.73 29.53 29.88 29.36 30.37 30.30 29.72 30.45 30.35 29.73 30.13
28.94 28.39 27.80 28.00 29.02 29.10 29.43 29.80 29.69 29.66 29.63 29.68 30.01 29.75 29.63 30.09 29.66 29.65 30.03 29.71 29.87 30.22 30.41 30.37 30.56 30.25 29.99 30.30 30.30 30.26 29.87 30.27 30.20 29.82 30.36 30.24 30.56 30.09 30.27 30.38 29.25 30.61 29.55 29.64 30.24 29.62 29.46 30.26 29.90 29.99 29.48 29.73 29.87 30.32 30.50 30.65 30.18 30.47 30.15 30.44 30.09 29.18 29.74 29.55 29.55 29.35 29.64 29.80 29.88 29.40 30.59 30.54 29.66 29.90 30.58 29.42 29.47
28.47 28.09 28.25 28.39 29.10 29.27 29.51 29.74 29.96 29.79 29.83 29.80 30.02 30.01 29.91 29.76 29.87 29.83 29.90 29.81 29.64 30.15 30.19 30.29 30.55 30.27 30.50 30.46 30.31 30.47 30.37 30.39 30.33 29.79 30.54 30.64 30.38 30.64 30.76 30.79 30.59 30.06 30.12 29.73 29.34 30.07 29.88 30.00 30.03 29.99 29.85 29.88 30.28 29.87 30.35 30.26 30.25 30.66 30.13 30.08 30.41 29.28 29.64 29.52 29.83 29.61 29.55 29.84 29.91 29.87 30.43 30.57 30.62 29.42 30.30 30.47 29.94
27.85 27.88 29.98 29.16 28.62 28.10 29.04 29.54 30.00 30.11 29.90 29.96 29.95 30.48 30.38 30.03 30.12 30.49 30.31 30.59 30.46 30.45 30.53 30.30 30.55 30.66 30.38 30.44 29.89 30.43 30.47 30.20 30.53 30.10 30.33 29.89 30.30 30.33 30.39 30.50 30.43 30.58 30.43 30.79 30.16 30.24 30.23 29.68 30.06 30.08 29.76 30.06 29.24 29.40 29.37 30.27 30.10 30.37 30.23 30.00 30.40 30.10 30.69 30.42 30.62 30.54 30.13 29.92 30.21 30.65 30.42 30.01 30.28 30.52 30.16 30.59 30.16
28.08 28.48 29.80 30.10 30.31 29.87 29.58 29.92 30.44 30.34 30.20 29.80 29.23 30.31 30.54 30.22 30.49 30.55 30.79 30.51 30.55 30.76 30.38 30.39 30.51 30.14 30.19 29.92 30.12 30.29 30.25 30.17 29.91 30.38 30.26 30.42 30.27 30.47 30.43 30.18 29.75 30.59 30.16 30.16 30.44 30.45 30.08 29.68 29.60 29.52 30.12 30.11 29.75 30.28 29.56 30.06 29.79 30.52 30.34 30.45 30.68 30.14 30.44 30.42 30.49 30.43 30.57 30.81 30.54 30.49 30.44 30.37 30.61 30.09 29.50 30.03 28.75
28.45 29.87 30.47 30.48 30.61 30.28 29.98 30.12 30.39 30.42 30.13 29.10 29.63 29.62 29.43 29.90 29.44 29.02 29.39 29.70 30.01 30.25 30.39 30.35 30.12 30.16 30.09 29.64 29.31 30.00 29.79 30.07 30.23 29.90 30.38 30.38 30.65 30.61 30.59 30.75 30.33 29.78 29.79 29.86 29.91 30.65 30.36 29.33 29.86 29.89 30.32 30.16 30.54 30.35 30.40 30.15 29.72 30.23 29.95 30.58 30.12 29.89 29.90 30.13 30.51 29.88 30.27 30.49 30.39 30.39 30.27 30.38 30.69 30.69 30.25 29.40 30.01
28.40 28.57 30.33 30.58 30.71 30.41 30.26 30.00 29.90 30.18 30.35 30.52 30.57 30.16 28.58 28.57 28.48 29.90 29.21 29.83 29.99 30.43 30.52 30.30 30.45 30.49 30.48 30.32 30.00 30.26 29.74 30.09 30.25 29.70 30.18 30.48 30.28 30.59 30.77 30.84 30.55 30.32 30.26 30.43 30.45 30.71 30.37 29.32 30.21 30.18 29.61 30.06 30.09 29.09 29.07 30.07 29.48 30.10 29.54 30.44 29.55 30.34 30.38 29.88 29.94 30.00 30.43 29.85 29.60 29.46 30.42 30.50 29.80 29.80 30.13 29.47 29.87
28.48 28.50 29.46 30.41 30.39 30.08 30.02 29.83 29.83 30.19 30.38 30.48 30.66 30.33 30.05 29.81 28.87 29.71 30.45 30.44 30.52 30.56 30.73 30.16 30.63 30.67 30.59 30.16 29.61 30.16 30.31 30.15 30.12 30.25 30.56 30.31 30.38 30.35 30.46 30.78 30.44 30.74 30.49 30.20 30.68 30.59 30.50 30.25 30.34 30.53 30.22 30.06 30.39 29.16 28.92 29.43 29.23 29.95 29.59 29.10 29.42 29.95 30.12 30.44 30.60 30.55 29.94 30.60 29.78 30.47 30.09 30.33 30.25 29.92 29.62 29.29 28.72
29.40 28.90 28.78 29.62 29.88 29.80 29.99 29.96 29.90 30.12 30.12 30.46 30.47 30.41 30.10 29.61 30.02 30.09 30.19 30.26 30.42 30.26 30.36 30.21 30.24 30.32 30.17 30.42 30.13 30.02 30.37 30.26 30.56 29.65 30.52 30.38 30.41 30.59 30.49 30.65 30.61 30.39 30.62 30.50 30.44 30.72 30.36 30.70 29.70 30.11 29.40 29.45 29.67 29.99 28.89 28.53 29.26 29.82 30.29 29.59 30.06 28.91 29.67 29.72 30.19 30.05 29.84 30.28 30.24 30.32 30.33 29.47 29.90 30.31 29.74 29.51 29.33
29.84 29.16 29.71 29.75 29.79 29.87 29.96 30.24 30.09 30.07 30.13 30.20 30.11 30.08 30.11 30.00 30.19 30.21 30.40 30.17 30.09 30.48 29.95 29.73 30.16 29.92 30.30 30.15 29.76 30.12 30.04 29.65 30.35 30.60 30.52 30.64 30.52 30.53 30.21 30.50 30.49 30.62 30.46 30.57 30.66 30.41 30.17 30.41 30.54 30.45 29.80 30.30 29.88 29.76 30.06 29.90 29.44 29.38 29.12 29.19 29.53 28.64 28.91 30.13 29.48 29.51 29.53 30.37 29.79 29.98 29.51 29.48 28.86 30.00 29.34 29.32 27.99
29.40 29.86 29.97 29.02 27.86 29.68 30.04 30.44 30.37 30.12 29.79 29.97 29.82 29.88 29.72 29.62 30.19 30.16 30.26 30.42 30.33 30.58 30.26 29.73 29.90 29.52 29.65 28.47 28.79 29.20 27.84 28.63 30.26 30.53 30.71 30.71 30.54 30.49 30.62 30.48 30.19 30.36 30.43 30.51 30.20 30.57 30.33 30.22 30.08 30.20 29.96 29.55 29.85 28.79 29.77 29.76 29.55 29.09 29.37 29.46 29.82 30.37 29.73 30.27 29.77 29.60 29.25 30.23 30.48 30.12 30.10 29.89 29.10 29.08 29.71 29.27 28.45
29.98 29.92 29.99 28.71 28.12 28.15 27.91 29.56 30.36 30.12 29.14 29.77 29.72 29.73 29.61 28.96 30.16 30.20 29.70 30.35 30.28 30.50 30.63 30.41 30.30 30.29 30.38 30.33 29.35 30.25 28.66 27.40 30.54 30.40 30.65 30.80 30.66 30.53 30.64 30.61 30.62 30.52 30.49 30.53 30.19 30.14 30.40 29.92 30.52 29.86 30.09 30.08 30.24 29.70 28.80 29.89 29.00 29.02 29.71 29.57 30.53 29.52 29.26 29.61 29.11 28.87 28.23 29.38 29.82 29.75 30.13 29.78 29.89 29.80 29.91 29.48 28.11
30.08 30.03 30.03 29.22 29.30 29.09 27.66 28.15 28.96 27.99 27.78 28.26 29.88 30.07 30.08 29.99 29.98 30.08 30.12 29.79 30.42 30.61 30.48 30.33 29.88 30.26 30.46 30.58 30.23 30.60 30.93 28.99 30.51 30.68 30.81 30.80 30.71 30.65 30.65 30.65 30.60 30.73 30.84 30.29 30.62 29.97 29.49 30.24 29.90 30.35 30.26 29.75 29.60 29.72 28.26 28.92 29.62 29.92 30.04 29.65 30.30 28.91 29.52 29.77 29.56 30.11 30.01 30.17 29.49 29.95 30.14 29.04 29.72 29.24 28.90 29.94 28.33
29.80 29.52 28.64 29.18 30.13 30.18 29.58 28.55 29.80 28.60 27.83 28.64 29.85 30.28 30.58 30.51 30.06 30.27 30.56 29.88 30.79 30.64 30.48 30.43 30.46 30.30 30.10 29.89 30.39 30.73 29.79 29.95 30.21 30.54 30.80 30.49 30.66 30.61 30.69 30.87 30.85 30.61 30.74 30.65 30.43 30.22 29.95 30.26 29.53 29.81 30.13 29.67 29.92 29.56 28.75 29.67 29.02 29.93 29.75 30.32 30.20 29.68 30.07 29.97 30.51 30.50 30.78 30.63 30.14 29.78 28.58 28.66 28.95 28.54 29.30 29.67 28.38
