main/data/irradiance/23.10.2023.grid
ncols 839
nrows 679
xllcenter 112.0500
yllcenter -43.9500
cellsize 0.0500
nodata_value 99999.90
[rows 238 to 271 of 679, columns 0 to 76 of 839]
99999.90 99999.90 99999.90 99999.90 99999.90 99999.90 99999.90 99999.90 99999.90 99999.90 99999.90 99999.90 99999.90 99999.90 99999.90 99999.90 99999.90 99999.90 99999.90 99999.90 99999.90 99999.90 99999.90 99999.90 27.75 27.98 27.99 27.96 27.96 27.96 27.96 27.96 27.96 27.96 28.04 28.04 28.04 28.04 28.07 28.07 28.07 28.09 28.09 28.09 28.09 28.09 28.09 27.75 27.75 27.75 27.75 27.88 27.88 28.18 28.18 28.12 28.09 28.10 28.08 28.10 28.12 28.11 28.06 28.05 28.08 28.08 28.09 28.05 28.06 28.08 28.02 28.02 28.04 28.08 28.09 28.12 28.13
99999.90 99999.90 99999.90 99999.90 99999.90 99999.90 99999.90 99999.90 99999.90 99999.90 99999.90 99999.90 99999.90 99999.90 99999.90 99999.90 99999.90 99999.90 99999.90 99999.90 99999.90 99999.90 99999.90 99999.90 27.75 27.75 27.99 27.96 27.96 27.96 27.96 27.96 27.96 27.96 27.96 27.96 28.04 28.04 28.04 28.05 28.06 28.06 28.06 28.06 28.06 28.06 28.00 28.00 28.00 27.75 27.75 27.75 27.99 28.27 28.15 28.12 28.13 28.10 28.09 28.09 28.09 28.08 28.08 28.06 28.07 28.09 28.08 28.08 28.07 28.09 28.05 28.05 28.05 28.11 28.10 28.11 28.12
99999.90 99999.90 99999.90 99999.90 99999.90 99999.90 99999.90 99999.90 99999.90 99999.90 99999.90 99999.90 99999.90 99999.90 99999.90 99999.90 99999.90 99999.90 99999.90 99999.90 99999.90 99999.90 99999.90 27.93 27.75 27.75 27.99 27.99 27.99 27.96 27.96 27.96 27.96 27.96 27.96 27.96 27.96 28.06 28.06 28.07 28.11 28.06 28.06 28.06 28.06 28.06 28.00 28.00 28.00 28.00 28.02 28.02 28.23 28.15 28.09 28.09 28.10 28.10 28.09 28.08 28.06 28.05 28.06 28.04 28.06 28.06 28.06 28.06 28.09 28.09 28.09 28.07 28.07 28.08 28.10 28.12 28.09
99999.90 99999.90 99999.90 99999.90 99999.90 99999.90 99999.90 99999.90 99999.90 99999.90 99999.90 99999.90 99999.90 99999.90 99999.90 99999.90 99999.90 99999.90 99999.90 99999.90 99999.90 99999.90 99999.90 27.93 27.75 27.75 27.99 27.99 27.99 27.99 27.99 27.99 27.96 27.96 27.96 27.96 27.96 27.96 28.06 28.11 28.16 28.16 28.16 28.06 28.06 28.06 27.88 27.88 28.00 28.00 28.00 28.31 28.26 28.12 28.11 28.10 28.09 28.10 28.06 28.08 28.08 28.06 28.04 28.04 28.06 28.07 28.07 28.07 28.08 28.11 28.10 28.06 28.08 28.09 28.09 28.08 28.06
99999.90 99999.90 99999.90 99999.90 99999.90 99999.90 99999.90 99999.90 99999.90 99999.90 99999.90 99999.90 99999.90 99999.90 99999.90 99999.90 99999.90 99999.90 99999.90 99999.90 99999.90 99999.90 99999.90 27.93 27.75 27.75 27.75 27.99 27.99 27.99 27.99 27.99 27.99 27.99 27.99 28.03 28.03 28.03 28.02 28.02 28.03 28.03 28.03 28.03 28.03 27.88 27.88 27.88 27.88 28.15 28.15 28.46 28.22 28.12 28.12 28.07 28.07 28.08 28.06 28.05 28.06 28.08 28.05 28.07 28.07 28.05 28.07 28.07 28.07 28.10 28.10 28.11 28.07 28.09 28.12 28.12 28.11
99999.90 99999.90 99999.90 99999.90 99999.90 99999.90 99999.90 99999.90 99999.90 99999.90 99999.90 99999.90 99999.90 99999.90 99999.90 99999.90 99999.90 99999.90 99999.90 99999.90 99999.90 99999.90 99999.90 27.93 27.75 27.75 27.75 27.75 27.75 27.99 27.99 27.99 27.99 27.99 27.99 27.99 28.01 28.01 28.06 28.02 28.03 28.03 28.03 28.03 28.03 27.79 27.79 27.88 27.88 27.88 28.27 28.28 28.14 28.13 28.11 28.07 28.07 28.08 28.07 28.05 28.05 28.04 28.07 28.08 28.07 28.07 28.08 28.09 28.07 28.10 28.11 28.11 28.09 28.06 28.09 28.07 28.09
99999.90 99999.90 99999.90 99999.90 99999.90 99999.90 99999.90 99999.90 99999.90 99999.90 99999.90 99999.90 99999.90 99999.90 99999.90 99999.90 99999.90 99999.90 99999.90 99999.90 99999.90 99999.90 99999.90 27.93 27.75 27.75 27.75 27.75 27.75 27.75 27.75 27.99 27.99 27.99 27.99 27.99 27.99 28.04 28.05 28.03 28.03 28.03 28.03 28.01 28.01 27.79 27.79 27.79 28.02 28.02 28.30 28.14 28.10 28.12 28.11 28.10 28.08 28.08 28.07 28.07 28.05 28.00 28.06 28.08 28.07 28.07 28.09 28.06 28.07 28.09 28.11 28.09 28.10 28.11 28.13 28.11 28.06
99999.90 99999.90 99999.90 99999.90 99999.90 99999.90 99999.90 99999.90 99999.90 99999.90 99999.90 99999.90 99999.90 99999.90 99999.90 99999.90 99999.90 99999.90 99999.90 99999.90 99999.90 99999.90 99999.90 27.93 27.93 27.93 27.75 27.75 27.75 27.75 27.75 27.75 27.98 27.98 28.00 28.00 28.00 28.03 28.04 28.04 28.03 28.03 28.01 28.01 28.01 27.65 27.79 27.79 27.79 28.27 28.14 28.10 28.11 28.11 28.12 28.12 28.10 28.10 28.09 28.07 28.06 28.05 28.03 28.09 28.06 28.09 28.10 28.10 28.09 28.07 28.10 28.09 28.09 28.10 28.09 28.10 28.08
99999.90 99999.90 99999.90 99999.90 99999.90 99999.90 99999.90 99999.90 99999.90 99999.90 99999.90 99999.90 99999.90 99999.90 99999.90 99999.90 99999.90 99999.90 99999.90 99999.90 99999.90 99999.90 99999.90 27.93 27.93 27.93 27.93 27.93 27.75 27.75 27.75 27.75 27.75 27.98 27.98 28.04 28.04 28.05 28.05 28.03 28.03 28.01 28.01 28.01 28.01 27.65 27.65 27.91 27.91 28.26 28.09 28.09 28.11 28.09 28.10 28.10 28.11 28.08 28.10 28.08 28.06 28.05 28.06 28.08 28.08 28.09 28.08 28.10 28.09 28.04 28.07 28.07 28.08 28.11 28.09 28.07 28.10
99999.90 99999.90 99999.90 99999.90 99999.90 99999.90 99999.90 99999.90 99999.90 99999.90 99999.90 99999.90 99999.90 99999.90 99999.90 99999.90 99999.90 99999.90 99999.90 99999.90 99999.90 99999.90 99999.90 27.93 27.93 27.93 27.93 27.93 27.93 27.93 27.75 27.75 27.75 27.75 27.98 27.98 28.04 28.02 28.04 28.03 28.10 28.15 28.15 28.15 28.03 27.65 27.65 27.65 28.09 28.28 28.09 28.03 28.07 28.07 28.08 28.07 28.08 28.06 28.06 28.05 28.03 28.05 28.09 28.09 28.05 28.05 28.05 28.07 28.08 28.07 28.09 28.06 28.08 28.08 28.07 28.11 28.13
99999.90 99999.90 99999.90 99999.90 99999.90 99999.90 99999.90 99999.90 99999.90 99999.90 99999.90 99999.90 99999.90 99999.90 99999.90 99999.90 99999.90 99999.90 99999.90 99999.90 99999.90 99999.90 99999.90 27.93 27.93 27.93 27.93 27.93 27.93 27.93 27.93 27.93 27.75 27.75 27.75 27.96 27.99 28.02 28.04 28.04 28.13 28.15 28.15 28.03 28.03 28.03 27.59 27.59 28.19 28.14 28.10 28.08 28.04 28.02 28.10 28.10 28.08 28.07 28.06 28.04 28.04 28.04 28.09 28.09 28.07 28.06 28.05 28.05 28.08 28.05 28.08 28.07 28.07 28.06 28.10 28.13 28.11
99999.90 99999.90 99999.90 99999.90 99999.90 99999.90 99999.90 99999.90 99999.90 99999.90 99999.90 99999.90 99999.90 99999.90 99999.90 99999.90 99999.90 99999.90 99999.90 99999.90 99999.90 99999.90 99999.90 27.93 27.93 27.93 27.93 27.93 27.93 27.93 27.93 27.93 27.93 27.97 27.97 27.99 27.98 28.02 28.10 28.11 28.11 28.11 28.04 28.03 28.03 28.03 27.90 27.90 28.23 28.14 28.10 28.08 28.09 28.06 28.05 28.13 28.13 28.09 28.08 28.05 28.04 28.06 28.09 28.09 28.08 28.06 28.04 28.08 28.06 28.05 28.06 28.09 28.06 28.07 28.10 28.11 28.10
99999.90 99999.90 99999.90 99999.90 99999.90 99999.90 99999.90 99999.90 99999.90 99999.90 99999.90 99999.90 99999.90 99999.90 99999.90 99999.90 99999.90 99999.90 99999.90 99999.90 99999.90 99999.90 99999.90 27.93 27.93 27.93 27.93 27.93 27.93 27.93 27.93 27.93 27.93 27.93 28.04 28.03 28.06 28.17 28.18 28.15 28.13 28.07 28.04 28.06 28.06 28.09 28.14 28.22 28.18 28.09 28.09 28.09 28.08 28.10 28.11 28.10 28.11 28.16 28.09 28.07 28.03 28.05 28.08 28.09 28.08 28.07 28.09 28.09 28.09 28.07 28.04 28.06 28.05 28.06 28.10 28.07 28.09
99999.90 99999.90 99999.90 99999.90 99999.90 99999.90 99999.90 99999.90 99999.90 99999.90 99999.90 99999.90 99999.90 99999.90 99999.90 99999.90 99999.90 99999.90 99999.90 99999.90 99999.90 99999.90 99999.90 28.12 28.12 28.12 28.12 28.12 28.12 28.12 28.12 28.12 28.12 28.12 28.08 28.09 28.10 28.15 28.09 28.14 28.10 28.09 28.12 28.06 28.05 28.07 28.12 28.11 28.10 28.08 28.09 28.08 28.09 28.10 28.12 28.12 28.10 28.15 28.08 28.08 28.08 28.08 28.06 28.07 28.05 28.02 28.03 28.07 28.08 28.11 28.09 28.06 28.04 28.04 28.08 28.11 28.08
99999.90 99999.90 99999.90 99999.90 99999.90 99999.90 99999.90 99999.90 99999.90 99999.90 99999.90 99999.90 99999.90 99999.90 99999.90 99999.90 99999.90 99999.90 99999.90 99999.90 99999.90 99999.90 99999.90 28.07 28.07 28.07 28.07 28.07 28.07 28.07 28.07 28.07 28.07 28.07 28.07 28.08 28.03 28.08 28.04 28.04 28.03 28.14 28.11 28.05 28.13 28.07 28.05 28.04 28.07 28.09 28.11 28.10 28.08 28.08 28.14 28.13 28.11 28.13 28.09 28.08 28.10 28.12 28.09 28.09 28.07 28.04 28.02 28.04 28.10 28.10 28.08 28.09 28.03 28.04 28.10 28.13 28.07
99999.90 99999.90 99999.90 99999.90 99999.90 99999.90 99999.90 99999.90 99999.90 99999.90 99999.90 99999.90 99999.90 99999.90 99999.90 99999.90 99999.90 99999.90 99999.90 99999.90 99999.90 99999.90 99999.90 28.07 28.07 28.07 28.07 28.07 28.07 28.07 28.07 28.07 28.07 28.07 27.99 28.03 27.97 28.01 28.01 28.00 28.06 28.12 28.09 28.13 28.15 28.07 28.09 28.06 28.07 28.10 28.10 28.09 28.09 28.10 28.11 28.14 28.11 28.11 28.11 28.07 28.10 28.11 28.09 28.09 28.08 28.04 28.07 28.03 28.05 28.04 28.06 28.06 28.06 28.06 28.05 28.02 28.05
99999.90 99999.90 99999.90 99999.90 99999.90 99999.90 99999.90 99999.90 99999.90 99999.90 99999.90 99999.90 99999.90 99999.90 99999.90 99999.90 99999.90 99999.90 99999.90 99999.90 99999.90 99999.90 99999.90 28.07 28.07 28.07 28.07 28.07 28.07 28.07 28.07 28.07 28.07 28.07 27.93 27.96 27.98 28.04 27.97 28.04 28.06 28.07 28.07 28.13 28.12 28.10 28.07 28.05 28.06 28.08 28.07 28.08 28.09 28.07 28.09 28.12 28.13 28.09 28.10 28.06 28.06 28.09 28.08 28.07 28.06 28.06 28.04 28.06 28.06 28.06 28.06 28.08 28.05 28.05 28.03 28.04 28.05
99999.90 99999.90 99999.90 99999.90 99999.90 99999.90 99999.90 99999.90 99999.90 99999.90 99999.90 99999.90 99999.90 99999.90 99999.90 99999.90 99999.90 99999.90 99999.90 99999.90 99999.90 99999.90 99999.90 28.07 28.07 28.07 28.07 28.07 28.07 28.07 28.07 28.07 28.07 27.93 27.93 27.93 27.93 27.97 27.98 28.05 28.07 28.08 28.10 28.17 28.10 28.12 28.04 28.05 28.05 28.06 28.08 28.09 28.09 28.09 28.07 28.11 28.12 28.09 28.08 28.07 28.06 28.09 28.10 28.05 28.03 28.04 28.04 28.03 28.05 28.07 28.06 28.06 28.04 28.06 28.05 28.05 28.06
99999.90 99999.90 99999.90 99999.90 99999.90 99999.90 99999.90 99999.90 99999.90 99999.90 99999.90 99999.90 99999.90 99999.90 99999.90 99999.90 99999.90 99999.90 99999.90 99999.90 99999.90 99999.90 99999.90 28.07 28.07 28.07 28.07 28.07 28.07 28.07 28.07 28.07 27.93 27.77 27.77 27.77 27.91 27.96 28.01 28.12 28.14 28.13 28.11 28.12 28.08 28.11 28.04 28.05 28.06 28.06 28.07 28.10 28.10 28.09 28.07 28.10 28.10 28.10 28.08 28.06 28.06 28.06 28.08 28.07 28.06 28.03 28.05 28.00 28.01 28.06 28.04 28.04 28.04 28.05 28.08 28.04 28.04
99999.90 99999.90 99999.90 99999.90 99999.90 99999.90 99999.90 99999.90 99999.90 99999.90 99999.90 99999.90 99999.90 99999.90 99999.90 99999.90 99999.90 99999.90 99999.90 99999.90 99999.90 99999.90 99999.90 28.07 28.07 28.07 28.07 28.07 28.07 28.07 28.07 27.77 27.77 27.77 27.77 27.77 27.91 27.94 28.01 28.12 28.16 28.15 28.18 28.06 28.13 28.11 28.05 28.04 28.05 28.07 28.07 28.09 28.09 28.09 28.09 28.11 28.10 28.09 28.08 28.08 28.08 28.05 28.05 28.09 28.11 28.06 28.04 28.04 28.03 28.06 28.05 28.04 28.06 28.05 28.10 28.06 28.02
99999.90 99999.90 99999.90 99999.90 99999.90 99999.90 99999.90 99999.90 99999.90 99999.90 99999.90 99999.90 99999.90 99999.90 99999.90 99999.90 99999.90 99999.90 99999.90 99999.90 99999.90 99999.90 99999.90 28.07 28.07 28.07 28.07 28.07 28.07 27.77 27.77 27.77 27.77 27.77 27.89 27.89 27.89 27.95 27.98 28.03 28.07 28.14 28.22 28.08 28.11 28.07 28.05 28.04 28.04 28.06 28.07 28.08 28.09 28.08 28.08 28.09 28.10 28.11 28.08 28.06 28.08 28.06 28.05 28.06 28.10 28.08 28.05 28.07 28.06 28.04 28.07 28.04 28.05 28.07 28.08 28.06 28.05
99999.90 99999.90 99999.90 99999.90 99999.90 99999.90 99999.90 99999.90 99999.90 99999.90 99999.90 99999.90 99999.90 99999.90 99999.90 99999.90 99999.90 99999.90 99999.90 99999.90 99999.90 99999.90 99999.90 28.07 28.07 28.07 28.07 28.07 27.77 27.77 27.77 27.77 27.90 27.90 27.90 27.90 27.90 27.91 27.93 27.98 28.00 28.12 28.17 28.09 28.05 28.04 28.05 28.10 28.11 28.05 28.05 28.08 28.09 28.08 28.08 28.08 28.08 28.09 28.07 28.07 28.08 28.06 28.07 28.11 28.10 28.07 28.05 28.07 28.08 28.04 28.06 28.06 28.08 28.07 28.05 28.06 28.04
99999.90 99999.90 99999.90 99999.90 99999.90 99999.90 99999.90 99999.90 99999.90 99999.90 99999.90 99999.90 99999.90 99999.90 99999.90 99999.90 99999.90 99999.90 99999.90 99999.90 99999.90 99999.90 99999.90 28.07 28.07 27.97 27.97 27.97 27.97 27.97 27.97 27.97 27.97 27.97 27.91 27.91 27.91 27.89 27.98 27.99 28.02 28.09 28.15 28.11 28.05 28.05 28.09 28.09 28.08 28.07 28.06 28.10 28.10 28.11 28.09 28.08 28.07 28.08 28.09 28.08 28.07 28.08 28.09 28.12 28.08 28.07 28.08 28.08 28.05 28.06 28.05 28.02 28.06 28.07 28.03 28.05 28.05
99999.90 99999.90 99999.90 99999.90 99999.90 99999.90 99999.90 99999.90 99999.90 99999.90 99999.90 99999.90 99999.90 99999.90 99999.90 99999.90 99999.90 99999.90 99999.90 99999.90 99999.90 99999.90 99999.90 28.07 28.07 27.97 27.97 27.97 27.97 27.97 27.97 27.97 27.97 27.97 27.97 27.92 27.92 27.89 27.93 27.98 28.02 28.06 28.11 28.11 28.04 28.03 28.08 28.08 28.12 28.06 28.12 28.12 28.11 28.08 28.08 28.07 28.07 28.08 28.10 28.08 28.07 28.08 28.09 28.08 28.07 28.10 28.09 28.06 28.06 28.06 28.05 28.06 28.04 28.07 28.04 28.08 28.05
99999.90 99999.90 99999.90 99999.90 99999.90 99999.90 99999.90 99999.90 99999.90 99999.90 99999.90 99999.90 99999.90 99999.90 99999.90 99999.90 99999.90 99999.90 99999.90 99999.90 99999.90 99999.90 27.84 28.07 28.07 27.97 27.97 27.97 27.97 27.97 27.97 27.97 27.97 27.97 27.97 27.97 27.94 27.86 27.91 27.99 28.03 28.18 28.17 28.07 28.01 28.03 28.14 28.07 28.06 28.10 28.15 28.18 28.14 28.07 28.06 28.04 28.05 28.08 28.09 28.10 28.07 28.06 28.07 28.08 28.09 28.10 28.10 28.07 28.05 28.09 28.07 28.10 28.08 28.06 28.04 28.02 28.03
99999.90 99999.90 99999.90 99999.90 99999.90 99999.90 99999.90 99999.90 99999.90 99999.90 99999.90 99999.90 99999.90 99999.90 99999.90 99999.90 99999.90 99999.90 99999.90 99999.90 99999.90 27.76 27.84 27.84 27.69 27.96 27.96 27.96 27.96 27.96 27.96 27.96 27.96 27.96 27.96 27.96 27.92 27.86 27.90 27.95 28.07 28.22 28.18 28.07 28.00 28.07 28.14 28.03 28.03 28.02 28.07 28.05 28.07 28.07 28.09 28.08 28.08 28.08 28.10 28.14 28.07 28.07 28.05 28.06 28.04 28.05 28.11 28.11 28.09 28.06 28.09 28.07 28.09 28.06 28.04 28.01 28.01
99999.90 99999.90 99999.90 99999.90 99999.90 99999.90 99999.90 99999.90 99999.90 99999.90 99999.90 99999.90 99999.90 99999.90 99999.90 99999.90 99999.90 99999.90 99999.90 99999.90 99999.90 27.76 27.76 27.84 27.84 27.94 27.94 27.94 27.94 27.94 27.94 27.94 27.94 27.94 27.94 27.94 27.91 27.89 27.91 27.94 28.06 28.20 28.09 28.07 28.05 28.13 28.06 28.00 28.00 28.01 28.03 28.01 28.02 28.04 28.08 28.07 28.06 28.06 28.10 28.13 28.06 28.06 28.06 28.06 28.06 28.09 28.11 28.09 28.10 28.05 28.07 28.07 28.09 28.09 28.09 28.04 27.99
99999.90 99999.90 99999.90 99999.90 99999.90 99999.90 99999.90 99999.90 99999.90 99999.90 99999.90 99999.90 99999.90 99999.90 99999.90 99999.90 99999.90 99999.90 99999.90 99999.90 27.88 27.76 27.76 27.76 27.84 27.84 27.75 27.75 27.75 27.75 27.75 27.75 27.75 27.75 27.75 27.75 27.91 27.94 27.89 27.91 28.04 28.08 28.00 28.06 28.14 28.09 28.01 28.00 28.03 28.08 28.10 28.07 28.06 28.06 28.04 28.05 28.05 28.05 28.08 28.08 28.05 28.06 28.05 28.05 28.05 28.05 28.07 28.08 28.07 28.06 28.08 28.06 28.08 28.10 28.06 28.04 27.99
99999.90 99999.90 99999.90 99999.90 99999.90 99999.90 99999.90 99999.90 99999.90 99999.90 99999.90 99999.90 99999.90 99999.90 99999.90 99999.90 99999.90 99999.90 99999.90 99999.90 27.88 27.76 27.76 27.76 27.76 27.84 27.84 27.69 27.74 27.74 27.74 27.74 27.74 27.74 27.74 27.74 27.95 28.03 27.91 27.91 27.97 27.99 28.02 28.03 28.08 28.01 28.00 28.01 28.00 28.12 28.11 28.05 28.05 28.09 28.08 28.09 28.07 28.02 27.98 28.02 28.03 28.06 28.03 28.05 28.08 28.07 28.08 28.07 28.05 28.08 28.09 28.07 28.04 28.06 28.02 28.04 28.00
99999.90 99999.90 99999.90 99999.90 99999.90 99999.90 99999.90 99999.90 99999.90 99999.90 99999.90 99999.90 99999.90 99999.90 99999.90 99999.90 99999.90 99999.90 99999.90 27.90 27.88 27.76 27.76 27.76 27.76 27.76 27.84 27.84 27.69 27.69 27.90 27.90 27.90 27.90 27.90 27.90 27.93 28.03 27.98 27.93 28.02 28.17 28.09 28.05 28.02 28.00 28.00 28.01 28.03 28.12 28.09 28.05 28.04 28.09 28.07 28.09 28.08 28.09 28.04 28.00 28.02 28.02 28.04 28.04 28.03 28.04 28.04 28.11 28.07 28.10 28.09 28.08 28.04 28.00 28.01 28.02 28.02
99999.90 99999.90 99999.90 99999.90 99999.90 99999.90 99999.90 99999.90 99999.90 99999.90 99999.90 99999.90 99999.90 99999.90 99999.90 99999.90 99999.90 99999.90 99999.90 27.90 27.88 27.76 27.76 27.76 27.76 27.76 27.76 27.84 27.84 27.69 27.69 27.71 27.71 27.88 27.88 27.88 27.95 28.01 28.05 27.97 28.08 28.18 28.04 28.05 28.05 28.02 28.04 28.04 28.04 28.05 28.08 28.08 28.10 28.09 28.03 28.04 28.05 28.07 28.07 27.99 28.05 28.04 28.00 28.03 28.02 28.00 28.01 28.09 28.10 28.09 28.09 28.09 28.05 28.01 28.03 28.02 27.99
99999.90 99999.90 99999.90 99999.90 99999.90 99999.90 99999.90 99999.90 99999.90 99999.90 99999.90 99999.90 99999.90 99999.90 99999.90 99999.90 99999.90 99999.90 99999.90 27.90 27.88 27.76 27.76 27.76 27.76 27.76 27.76 27.76 27.84 27.84 27.69 27.69 27.71 27.71 27.84 27.84 27.85 28.07 28.12 27.95 28.02 28.06 28.06 28.09 28.06 28.02 28.04 28.04 28.04 28.04 28.08 28.13 28.13 28.10 28.05 28.03 28.08 28.06 28.06 28.03 28.03 28.05 28.03 27.96 28.01 28.00 28.01 28.04 28.07 28.10 28.08 28.06 28.03 28.03 28.04 28.04 28.01
99999.90 99999.90 99999.90 99999.90 99999.90 99999.90 99999.90 99999.90 99999.90 99999.90 99999.90 99999.90 99999.90 99999.90 99999.90 99999.90 99999.90 99999.90 27.85 27.90 27.88 27.88 27.88 27.76 27.76 27.76 27.76 27.76 27.76 27.84 27.84 27.69 27.69 27.71 27.71 27.77 27.80 28.08 28.07 27.94 28.08 28.05 28.03 28.07 28.06 28.00 27.99 28.00 28.02 28.03 28.07 28.08 28.12 28.13 28.08 28.04 28.10 28.06 28.04 28.03 27.99 28.06 28.07 28.02 28.03 28.03 28.02 28.04 28.02 28.06 28.06 28.06 28.06 28.04 28.12 28.08 28.08
99999.90 99999.90 99999.90 99999.90 99999.90 99999.90 99999.90 99999.90 99999.90 99999.90 99999.90 99999.90 99999.90 99999.90 99999.90 99999.90 99999.90 99999.90 27.85 27.90 27.88 27.88 27.88 27.88 27.88 27.76 27.76 27.76 27.76 27.76 27.84 27.84 27.69 27.69 27.71 27.76 27.83 28.14 28.00 28.07 28.01 27.99 28.02 28.06 28.04 28.00 27.99 28.00 28.03 28.07 28.06 28.04 28.04 28.06 28.06 28.05 28.11 28.11 28.08 28.06 28.08 28.07 28.09 28.09 28.08 28.05 28.02 28.03 28.02 28.00 27.99 28.01 28.06 28.04 28.06 28.12 28.04
