main/data/irradiance/23.12.2023.grid
ncols 839
nrows 679
xllcenter 112.0500
yllcenter -43.9500
cellsize 0.0500
nodata_value 99999.90
[rows 306 to 339 of 679, columns 539 to 615 of 839]
30.42 30.29 31.10 31.28 31.06 30.95 30.71 30.79 31.00 30.85 30.87 30.93 31.00 31.20 31.09 31.07 30.95 31.02 31.04 30.98 30.96 31.14 31.26 31.23 31.35 31.05 30.64 30.50 31.04 30.59 30.80 30.82 29.93 30.52 30.60 30.12 30.44 30.34 30.58 30.29 30.67 30.84 30.66 30.30 30.11 30.21 30.63 30.83 30.24 29.38 30.02 30.81 31.21 30.78 30.44 30.98 30.60 30.52 30.21 29.56 30.01 30.46 30.71 30.55 30.61 30.72 30.48 29.99 29.84 28.91 29.51 29.82 29.66 29.76 29.39 29.58 29.26
30.06 30.99 31.26 31.32 31.19 30.92 30.84 31.01 31.11 31.15 30.63 30.96 30.66 30.92 31.24 30.90 30.99 31.08 31.07 31.00 31.01 31.10 30.76 31.33 31.36 31.08 30.69 30.68 30.93 30.87 30.76 30.64 29.77 30.54 30.13 30.25 29.91 30.10 30.73 30.50 30.55 30.57 30.15 30.53 30.28 30.68 31.06 31.25 30.59 29.65 30.34 30.44 30.96 30.43 30.17 30.65 29.68 29.45 29.13 29.32 30.26 30.22 29.92 29.99 30.51 30.90 31.22 30.36 30.32 28.91 28.66 28.45 28.81 29.52 29.55 29.02 29.03
30.03 30.93 31.26 30.94 30.68 30.86 30.88 31.22 31.24 30.89 30.43 31.04 30.87 30.97 30.96 30.96 30.90 31.06 31.13 31.15 31.36 31.31 31.26 30.96 31.29 31.07 31.02 30.85 30.96 30.75 31.00 30.63 30.74 30.05 30.46 30.19 29.72 30.32 30.57 30.46 30.00 30.54 30.17 30.12 30.37 30.69 30.24 30.84 30.19 30.06 29.65 30.06 30.09 30.16 30.00 30.30 29.93 30.25 29.32 29.25 30.39 29.65 28.98 29.12 29.58 29.46 30.55 30.45 29.88 29.54 28.04 27.19 27.86 27.95 28.74 28.75 29.70
30.60 31.19 31.01 31.33 30.61 30.73 30.96 31.09 30.85 30.46 30.74 30.68 30.49 31.09 30.86 30.86 30.76 30.65 30.76 31.30 31.29 31.05 31.41 31.10 31.12 31.10 30.95 30.64 30.55 30.39 30.65 30.77 30.58 30.78 30.41 30.28 30.18 30.49 30.83 30.44 30.32 30.55 30.22 29.86 30.06 30.70 30.50 30.26 29.95 29.78 28.59 29.81 29.49 30.49 30.06 30.32 30.40 30.34 29.95 29.43 29.27 29.15 28.32 28.36 29.38 29.33 28.46 28.56 28.49 29.35 28.80 27.34 27.93 28.19 28.86 28.88 29.18
30.37 30.99 31.04 31.15 31.20 31.20 31.03 31.23 30.97 30.56 30.86 31.15 30.65 30.55 30.75 30.85 30.89 30.82 30.89 31.12 30.78 30.94 31.53 30.81 31.09 31.02 30.70 30.36 30.38 30.34 30.37 30.87 30.65 30.91 30.87 30.68 30.39 30.26 30.50 30.35 30.54 30.29 30.16 30.48 29.94 30.49 30.41 30.08 29.86 29.73 29.11 28.88 29.10 29.97 30.36 30.51 30.39 30.64 29.64 29.21 28.87 29.30 28.81 29.17 28.96 28.83 27.13 28.52 28.47 28.42 27.94 28.46 28.15 28.49 28.90 28.92 29.55
30.23 30.57 30.54 30.76 31.09 31.22 30.87 30.85 30.85 30.96 30.74 30.78 30.46 30.08 30.43 30.61 31.12 30.56 30.42 31.04 31.33 31.30 31.09 30.72 30.91 30.59 31.03 30.40 29.97 30.20 30.55 30.98 30.78 30.48 31.04 30.52 30.35 30.27 30.26 30.63 30.84 30.68 30.83 30.62 30.08 30.72 30.48 30.40 29.53 29.40 29.32 29.49 29.67 30.13 29.98 30.36 30.33 30.57 29.63 29.24 29.63 29.08 29.13 28.98 28.19 27.81 27.72 27.82 28.12 28.02 27.88 28.67 28.29 29.00 29.24 29.03 29.85
30.60 30.09 30.35 30.90 30.35 31.02 31.00 31.15 30.99 30.69 30.16 30.04 30.53 30.57 30.42 30.42 30.30 30.41 30.39 30.96 31.26 31.20 31.01 30.94 30.94 31.02 30.75 30.88 29.59 30.22 30.85 30.91 30.83 30.49 30.63 29.89 30.19 29.75 30.59 30.45 30.76 31.03 30.73 30.53 30.36 30.84 30.98 30.17 28.80 28.79 29.50 29.64 29.72 29.79 29.77 30.13 29.96 29.77 29.17 28.84 29.59 28.74 29.00 28.51 28.08 27.98 28.07 28.37 28.46 28.23 28.21 28.53 28.59 29.20 29.06 29.56 29.92
30.67 30.15 30.07 30.77 30.57 30.78 30.93 30.80 30.64 30.49 29.88 30.26 30.90 30.66 30.92 29.98 30.44 30.63 30.31 30.89 31.05 31.16 31.19 30.91 30.91 30.44 30.48 30.23 29.86 30.44 30.83 30.47 31.02 30.87 30.63 30.89 30.54 29.70 30.60 30.71 30.50 30.68 30.25 30.29 30.49 30.79 30.32 29.90 28.53 28.48 29.73 29.73 29.67 29.69 30.03 30.12 30.14 29.82 30.05 30.30 30.18 29.59 29.66 29.22 28.90 28.17 28.10 28.50 29.17 28.83 28.41 28.69 28.30 28.60 28.69 29.60 29.85
30.64 30.51 30.05 30.25 30.37 30.66 30.62 30.76 30.91 30.20 30.33 30.85 30.63 31.28 30.92 30.35 30.81 30.90 30.75 30.93 30.87 30.95 30.71 31.07 30.93 30.00 30.14 30.32 29.88 29.76 30.26 30.41 30.65 30.64 30.55 30.96 30.82 30.34 30.10 30.21 29.59 29.88 29.68 30.18 29.99 29.74 29.71 29.71 29.14 29.48 30.51 30.76 30.63 30.23 30.68 30.86 30.64 30.46 30.19 30.63 30.33 29.81 29.77 29.63 30.02 29.58 29.11 29.07 28.75 28.33 28.09 28.77 28.14 28.20 28.43 29.56 30.02
30.68 30.02 29.90 29.85 30.90 30.80 30.85 31.02 31.09 30.60 30.85 31.00 30.53 31.06 30.07 30.47 30.77 30.91 31.02 30.81 30.78 31.01 30.62 30.97 30.46 29.84 30.12 30.51 30.42 30.30 30.09 30.21 30.74 30.54 30.82 30.87 30.63 30.60 30.39 30.09 29.73 30.00 29.74 29.24 29.03 29.13 29.46 29.74 29.29 29.54 30.33 30.58 30.70 30.68 30.59 30.32 30.34 30.17 29.97 29.40 29.53 29.88 29.40 28.95 29.25 29.27 28.83 28.73 28.76 28.39 28.30 28.75 28.24 28.31 28.40 30.42 30.50
30.55 30.00 29.93 29.79 30.74 30.64 30.75 30.45 30.51 30.67 29.83 30.41 30.86 30.43 29.97 30.18 30.62 30.95 31.04 30.49 30.73 30.91 30.42 31.20 30.68 29.53 30.00 30.57 30.75 30.08 29.53 30.16 30.71 30.62 30.63 30.86 30.46 30.63 30.60 29.68 29.94 29.86 29.87 29.49 29.83 29.23 29.53 29.81 29.69 29.93 30.17 30.36 30.17 30.47 30.45 30.16 29.98 29.71 28.96 29.28 29.49 29.41 29.15 29.06 28.95 28.84 28.31 28.73 28.69 28.51 28.67 29.11 28.40 29.22 28.96 30.06 30.61
30.50 29.73 29.98 30.09 30.72 30.30 30.15 30.18 30.27 30.09 30.52 30.89 30.89 29.98 30.24 29.99 30.29 30.80 31.04 30.39 30.55 30.80 30.69 30.88 30.27 29.74 29.43 30.40 30.43 30.32 30.13 30.35 30.60 30.19 30.57 30.60 30.64 30.33 30.24 29.86 29.92 29.91 30.19 30.09 30.32 30.18 30.51 30.29 30.16 30.31 30.22 30.64 30.30 30.51 30.52 30.49 30.33 29.40 29.71 29.50 29.44 29.39 28.98 28.81 28.78 28.75 28.50 29.03 30.40 29.58 29.35 29.63 30.16 30.64 30.41 30.03 30.57
30.30 29.63 29.59 29.71 30.33 29.78 29.74 30.15 30.21 30.10 30.67 30.98 30.40 30.62 30.61 30.01 29.72 30.57 30.74 30.39 30.35 30.06 30.71 30.38 29.91 30.05 29.93 30.06 30.12 29.94 30.24 30.51 30.40 30.53 30.73 30.48 30.49 30.09 30.27 30.22 30.53 30.67 30.43 30.52 30.14 30.32 30.57 30.44 30.31 30.49 30.83 30.91 30.44 30.73 30.67 30.54 29.83 29.23 30.04 29.64 29.33 28.78 28.99 29.07 28.88 29.08 28.76 30.43 30.77 30.86 30.84 30.99 31.28 31.27 31.31 30.93 30.57
30.58 30.80 30.16 30.07 29.91 29.76 29.46 30.37 30.40 30.71 30.22 30.61 30.57 30.63 30.17 30.12 29.58 30.25 30.14 30.14 29.89 30.44 30.42 30.44 29.46 29.70 29.87 29.98 30.45 30.55 30.77 30.67 30.90 30.90 30.66 30.61 30.66 30.63 30.59 30.75 30.86 31.10 30.85 30.31 30.15 30.28 30.49 30.16 29.96 30.53 30.70 30.72 30.19 30.45 30.66 29.77 29.65 29.99 30.04 29.45 29.39 28.97 29.13 29.47 29.51 29.03 29.20 30.65 30.86 31.05 31.21 31.30 31.24 31.37 31.26 31.27 30.89
30.75 30.63 30.48 30.39 30.06 30.69 29.75 30.72 30.06 30.75 30.69 30.33 30.60 30.61 30.36 30.29 30.16 29.94 30.09 29.96 29.97 30.65 30.45 30.35 30.42 29.96 29.96 30.34 30.74 30.83 31.00 30.75 31.23 31.04 30.88 30.65 31.03 31.13 31.08 30.89 30.64 30.67 30.91 30.78 30.73 30.68 30.37 29.46 29.47 30.44 30.68 30.86 30.34 30.21 30.02 29.50 29.83 30.00 29.77 29.36 29.58 29.61 29.70 29.70 29.66 29.32 29.41 30.90 31.20 31.21 31.22 31.18 31.25 31.26 31.24 31.21 31.21
30.87 30.29 30.07 30.42 30.25 30.69 30.81 30.68 30.20 30.49 30.42 30.55 30.22 30.34 30.11 29.94 29.54 29.64 30.25 30.34 30.41 30.65 30.27 29.92 29.83 30.02 30.48 30.51 30.64 30.98 31.10 31.05 31.12 31.11 31.17 31.09 31.16 31.12 30.84 30.85 30.74 30.49 30.79 31.00 30.98 30.88 30.20 29.94 30.04 30.34 30.59 30.75 30.67 30.04 30.07 29.63 29.86 29.80 29.55 29.50 29.61 29.75 29.88 29.90 29.65 29.71 29.90 30.97 31.26 31.28 31.25 31.25 31.22 31.22 31.23 31.28 31.28
30.90 30.29 29.84 30.28 30.51 30.36 30.36 30.82 30.23 29.70 29.66 29.84 29.56 30.00 29.72 29.81 29.66 30.14 30.24 30.43 30.52 30.83 30.52 30.22 30.13 30.14 29.99 30.67 30.75 31.01 31.11 30.90 31.09 31.11 31.14 31.18 31.06 31.08 30.82 31.06 31.04 31.03 30.89 31.01 30.90 30.78 30.05 30.45 30.37 30.51 29.89 29.89 30.18 29.59 29.79 29.74 30.12 29.49 29.34 29.10 29.28 30.10 29.79 29.44 29.44 29.78 29.96 31.12 31.27 31.29 31.29 31.28 31.18 31.23 31.26 31.38 31.33
30.81 30.22 30.15 29.98 29.73 30.99 30.74 30.55 30.17 29.97 29.63 29.79 29.85 29.25 29.10 29.07 29.42 30.23 30.60 30.57 30.62 30.61 30.80 30.29 30.57 30.05 30.49 30.68 30.98 31.16 30.99 30.95 31.05 31.13 31.12 30.98 31.00 31.17 31.08 30.58 30.73 30.77 30.83 31.01 30.76 30.14 29.91 30.17 28.97 29.31 30.72 30.68 30.61 30.20 29.45 29.62 29.85 29.81 29.28 28.49 29.00 29.89 29.85 30.13 30.06 29.60 30.98 31.26 31.18 31.23 31.24 31.19 31.18 31.25 31.24 31.22 31.31
30.69 30.48 30.32 30.16 29.91 30.37 30.34 30.81 30.20 29.04 29.29 29.40 29.59 28.92 28.88 29.25 29.66 30.67 31.15 30.70 30.30 30.59 30.82 30.31 30.57 30.53 30.74 30.86 31.23 31.24 30.90 31.02 31.17 31.16 31.14 31.02 30.97 31.06 30.97 30.66 30.61 30.92 30.99 30.98 30.87 30.14 29.96 30.41 29.34 30.58 31.01 30.98 30.58 30.56 29.91 29.81 29.97 29.02 29.49 29.45 30.00 29.70 29.30 29.58 29.77 29.09 31.10 31.36 31.31 31.09 31.13 31.15 31.22 31.26 31.12 31.23 31.22
30.32 30.34 30.49 30.21 30.40 30.72 30.01 30.15 30.43 29.91 29.41 29.71 30.03 29.45 29.98 30.15 30.81 31.22 31.25 30.75 29.76 30.48 30.99 30.62 30.56 30.74 30.81 31.02 31.17 31.16 31.00 31.09 31.18 30.96 31.13 30.77 30.93 30.89 31.01 30.75 31.13 30.95 30.86 30.91 30.93 30.49 29.70 29.45 29.49 30.22 30.75 30.69 30.86 31.03 30.66 30.61 29.84 28.47 28.90 28.89 30.02 30.01 29.47 29.54 29.91 29.96 31.47 31.46 31.25 31.16 31.15 31.16 31.13 31.26 31.32 31.24 31.16
30.02 30.61 30.68 30.34 30.47 30.32 30.41 29.97 30.43 30.21 29.66 29.96 30.32 29.89 30.73 31.17 30.89 30.98 31.15 30.88 30.64 30.89 30.92 31.13 30.71 30.73 30.92 30.82 31.20 31.31 31.19 31.16 31.32 31.09 31.29 31.27 31.15 31.15 31.24 31.14 31.11 31.07 31.17 31.11 31.10 31.17 30.44 29.39 29.94 30.25 30.57 30.85 31.03 31.00 31.02 30.70 30.05 29.77 29.34 29.82 29.79 29.35 30.13 29.34 29.36 30.31 31.40 31.48 31.36 30.95 31.06 31.15 31.16 31.26 31.24 31.32 31.31
30.76 30.79 31.05 30.67 30.70 30.55 30.79 30.35 30.73 30.97 30.34 30.31 29.63 30.46 30.91 30.97 30.75 30.93 31.18 30.89 30.91 30.60 30.81 30.98 30.68 30.66 30.86 31.15 31.15 31.32 31.42 31.38 31.30 31.26 31.38 31.28 31.30 31.28 31.34 31.29 31.13 30.95 31.22 31.33 31.30 31.44 30.90 29.82 30.08 29.98 29.38 30.61 31.12 30.77 30.88 30.76 30.02 29.64 29.73 29.19 29.66 29.80 30.17 29.24 29.83 30.48 31.17 31.31 31.27 31.01 30.94 31.24 31.28 31.31 31.34 31.33 30.85
30.70 30.79 30.53 30.41 30.38 31.20 30.98 30.58 30.44 30.59 30.28 30.10 30.36 31.12 30.61 31.03 30.49 30.66 31.14 31.09 30.67 30.71 30.84 30.87 30.59 30.55 30.83 31.05 31.30 31.41 31.41 31.29 31.31 31.33 31.36 31.30 31.20 31.23 31.39 31.41 31.36 30.97 30.91 31.03 31.20 31.40 31.27 31.36 31.01 29.07 29.99 30.90 31.15 31.02 30.56 30.60 30.10 30.40 30.06 29.41 29.87 30.08 29.44 30.41 30.53 30.76 31.32 31.07 30.96 30.83 30.86 31.04 31.30 31.31 31.36 31.36 30.88
30.62 30.70 30.57 30.18 30.21 31.12 30.73 30.32 30.00 30.19 29.85 30.28 30.53 30.93 30.63 30.85 30.82 30.71 30.57 30.78 30.67 30.45 30.43 30.36 30.72 30.63 30.72 30.96 31.17 31.26 31.35 31.25 31.13 31.23 31.36 31.28 31.35 31.30 31.25 31.36 31.35 31.33 31.15 31.29 31.31 31.30 31.41 31.39 31.23 31.15 31.23 31.17 31.43 31.36 30.72 30.71 30.55 30.23 29.79 29.65 30.09 29.59 29.50 29.23 29.21 30.53 31.14 31.26 30.83 30.90 30.94 31.09 31.17 31.21 31.37 31.41 31.38
30.40 30.85 30.37 30.31 30.86 31.34 30.66 29.96 30.29 30.66 30.97 30.78 30.57 30.37 30.66 30.94 30.89 30.35 30.24 31.08 30.70 30.51 30.50 30.55 30.62 30.75 30.96 30.97 31.23 31.32 31.34 31.30 31.43 31.25 31.38 31.36 31.33 31.25 31.40 31.44 31.46 31.34 31.38 31.10 31.18 31.32 31.50 31.49 31.38 31.41 31.38 31.37 31.43 31.52 31.27 30.66 31.01 30.59 30.25 30.23 30.00 29.52 30.16 29.77 30.61 30.64 30.87 31.39 31.00 30.29 30.60 31.20 31.36 31.42 31.45 31.47 31.44
29.99 30.44 30.61 31.00 31.25 31.45 31.40 30.42 31.01 31.39 31.27 31.14 30.50 30.44 30.83 31.18 30.99 30.22 30.80 30.69 30.21 30.24 30.17 30.28 30.55 30.82 30.94 30.87 31.10 31.29 31.34 31.36 31.34 30.97 31.38 31.31 31.22 31.31 31.20 31.31 31.37 31.26 31.30 30.98 30.94 31.13 31.17 31.40 31.50 31.50 31.53 31.35 31.36 31.46 31.36 31.01 31.12 30.48 30.39 30.21 29.94 29.99 31.35 31.71 30.83 30.82 31.05 31.10 30.38 30.27 30.89 31.20 31.31 31.44 31.43 31.43 31.47
30.14 30.04 30.95 31.02 31.42 31.29 31.33 31.38 31.26 31.18 30.93 31.00 30.22 30.24 30.43 31.05 30.96 30.52 30.86 30.32 30.04 30.40 30.29 30.10 30.57 30.93 30.77 30.46 30.77 31.32 31.45 31.37 31.29 31.02 31.37 31.29 31.09 31.17 31.18 31.25 31.29 31.29 31.23 31.13 31.11 31.22 31.20 31.50 31.60 31.53 31.35 31.25 31.44 31.54 31.48 31.42 30.80 30.36 30.34 30.30 29.51 30.01 30.54 30.41 30.67 30.89 31.26 30.37 30.16 30.61 31.10 30.81 30.92 31.30 31.30 31.31 31.41
30.55 30.21 30.88 30.88 31.21 31.34 31.37 31.39 31.18 31.09 30.80 30.63 30.73 30.37 30.64 30.75 30.93 30.98 30.63 30.78 30.63 29.82 29.96 29.91 30.54 30.66 30.42 30.49 30.67 31.15 31.28 31.41 31.35 31.24 31.27 31.29 31.26 31.29 31.12 31.36 31.33 31.26 31.02 31.18 31.24 31.27 31.38 31.48 31.56 31.49 31.44 31.37 31.36 31.13 31.31 31.35 30.89 30.48 31.02 30.41 29.47 30.84 31.32 30.22 30.97 31.33 31.08 30.17 30.37 30.09 30.79 30.94 31.27 31.35 31.31 31.42 31.42
30.68 30.45 30.81 31.14 31.26 31.40 31.36 31.33 30.64 30.78 31.26 31.08 31.49 30.85 30.64 31.04 30.65 30.53 30.48 30.60 30.59 29.53 30.33 30.46 31.03 30.76 30.49 31.01 30.68 31.03 31.14 31.16 31.23 31.10 31.21 31.31 31.20 31.28 30.99 31.32 31.38 31.27 31.08 31.19 31.11 31.19 31.42 31.46 31.56 31.60 31.48 31.58 31.53 31.43 31.36 31.37 31.18 30.43 30.98 30.57 30.12 31.55 31.75 31.72 31.71 31.56 31.60 30.63 30.38 30.61 31.06 31.13 31.18 31.37 31.41 31.37 31.47
30.17 30.93 31.07 30.88 30.91 31.21 31.41 31.55 30.87 31.43 31.40 31.22 31.34 31.00 30.69 31.15 30.66 30.41 30.19 30.27 30.31 29.85 30.01 30.77 30.75 30.70 30.72 30.74 30.78 30.83 30.78 30.60 30.92 30.98 31.07 30.99 31.01 30.82 30.97 31.16 31.22 31.17 31.18 31.17 31.28 31.36 31.43 31.55 31.62 31.62 31.48 31.57 31.58 31.49 31.30 31.28 31.22 30.89 30.90 31.20 30.58 31.09 31.51 31.45 31.47 31.56 31.48 31.67 31.41 30.93 30.77 30.82 31.13 31.35 31.49 31.45 31.42
30.72 30.58 30.36 30.68 30.53 31.01 31.01 31.17 30.59 31.14 31.27 30.97 31.14 31.20 30.89 30.90 30.85 30.58 30.52 30.49 30.90 30.08 29.85 30.71 30.70 30.67 30.67 30.01 30.81 30.86 30.76 30.93 30.78 30.96 30.80 30.89 30.53 31.06 30.99 31.37 31.20 31.11 31.20 31.24 31.24 31.39 31.45 31.39 31.51 31.44 31.55 31.52 31.49 31.49 31.42 31.20 31.32 31.03 31.25 31.04 30.68 31.35 31.61 31.47 31.62 31.61 31.61 30.82 30.72 31.48 31.32 31.18 31.09 31.51 31.52 31.47 31.42
30.67 30.77 30.42 30.30 30.30 30.08 30.91 31.06 31.25 30.91 31.04 31.20 31.18 31.19 31.09 30.83 30.52 30.32 30.48 30.15 30.41 30.60 29.90 30.52 30.75 30.65 30.79 30.71 30.48 30.67 30.84 30.67 30.80 30.72 30.85 30.75 30.73 31.13 31.35 31.12 31.20 31.14 31.15 31.38 31.15 31.10 31.19 31.34 31.42 31.47 31.55 31.60 31.48 31.53 31.57 31.52 31.51 31.15 31.19 31.12 30.79 31.39 31.47 31.61 31.56 31.60 31.51 30.98 29.44 29.91 31.18 31.47 31.24 31.21 31.38 31.46 31.39
30.51 30.66 30.46 31.05 30.78 30.19 30.60 30.76 31.29 30.84 31.11 31.36 31.28 31.02 31.33 30.84 30.38 30.06 30.52 30.10 30.55 30.53 30.41 30.75 31.12 31.06 30.96 30.49 30.68 30.32 30.95 30.83 30.65 30.72 30.70 30.56 30.87 31.04 31.28 31.10 31.09 31.07 30.96 31.23 31.17 31.00 31.02 31.15 31.44 31.37 31.38 31.48 31.58 31.57 31.42 31.43 31.41 31.20 31.25 30.98 31.37 31.81 31.54 31.59 31.57 31.57 31.49 31.54 31.04 30.51 31.23 31.36 31.53 31.54 31.51 31.50 31.43
29.89 30.39 30.43 30.85 30.99 31.12 30.72 30.99 31.41 31.23 31.23 31.37 31.00 30.94 31.08 31.22 31.05 30.76 30.73 30.46 30.47 30.36 30.64 30.41 30.60 30.09 30.63 30.49 30.99 30.52 30.58 30.78 30.37 30.64 30.58 30.54 31.05 31.09 31.23 31.17 31.04 31.07 31.10 31.31 30.87 30.68 30.84 30.60 31.20 31.30 31.30 31.36 31.49 31.54 31.46 31.45 31.45 31.32 31.13 30.74 30.71 31.75 31.68 31.58 31.59 31.53 31.45 31.22 30.52 30.99 31.18 31.37 31.37 31.50 31.51 31.42 31.43
