main/data/irradiance/24.01.2023.grid
ncols 839
nrows 679
xllcenter 112.0500
yllcenter -43.9500
cellsize 0.0500
nodata_value 99999.90
[rows 374 to 407 of 679, columns 616 to 692 of 839]
29.16 29.42 29.33 29.10 28.71 29.45 29.88 29.37 28.79 28.29 28.84 27.70 28.88 28.75 28.50 29.37 29.12 28.10 28.63 27.70 28.80 27.42 29.21 28.39 27.75 27.80 28.28 28.34 29.51 30.32 30.36 29.79 29.32 27.71 28.18 28.13 28.58 28.19 29.03 29.33 28.37 29.23 29.11 28.98 29.51 29.73 29.24 29.17 29.49 29.12 29.19 28.94 29.30 28.85 29.61 29.71 29.05 29.50 29.29 29.35 28.74 28.45 29.23 28.71 28.93 29.13 28.50 28.56 28.77 29.36 29.39 29.63 29.96 29.79 29.48 29.46 29.51
28.40 29.51 29.42 30.27 28.66 28.82 29.18 28.85 29.13 29.26 29.18 27.59 28.24 28.62 28.75 29.31 28.60 27.32 27.29 28.31 28.34 28.41 28.77 25.92 28.30 28.88 27.42 28.17 28.91 28.50 28.49 29.31 28.91 28.22 28.58 28.64 28.34 28.79 28.49 28.96 29.36 29.60 29.32 29.50 29.74 29.75 29.75 29.74 29.37 29.71 29.54 29.16 29.28 29.50 29.25 29.67 28.78 28.93 28.45 28.49 28.47 28.04 28.69 28.86 28.69 29.59 29.08 28.97 28.75 29.10 29.38 29.09 29.32 29.77 29.82 29.13 29.62
28.73 29.53 28.76 29.26 29.37 28.88 29.05 28.91 29.05 29.00 28.65 28.65 28.61 28.58 29.60 29.10 27.28 28.45 27.41 28.59 28.45 27.74 28.63 28.22 27.70 27.87 28.59 27.56 28.59 28.98 28.17 27.00 27.93 27.29 27.37 28.52 28.86 29.09 29.54 29.01 28.85 29.41 30.09 30.05 29.48 29.60 29.46 29.64 29.71 29.87 29.64 29.76 29.59 28.66 29.35 29.38 28.64 28.65 29.01 28.84 27.18 28.46 28.71 28.86 28.18 29.11 29.28 29.33 29.20 28.93 29.01 29.48 29.50 29.52 29.48 30.02 29.95
29.37 29.42 29.38 28.40 28.88 29.38 28.70 28.75 29.83 28.92 29.35 29.28 28.24 28.48 28.88 27.91 29.06 27.95 27.76 29.43 29.08 28.65 28.33 28.38 28.22 28.06 28.59 29.28 28.52 28.72 29.24 29.47 28.01 28.27 29.05 29.55 29.27 29.69 29.76 29.98 29.34 29.51 29.92 29.77 29.67 29.33 29.30 29.26 29.82 29.65 29.74 29.81 29.57 28.76 29.35 28.34 28.37 26.91 27.89 27.81 28.42 28.54 28.82 28.31 28.72 29.31 29.49 29.28 29.45 29.51 29.14 29.50 29.67 29.44 29.04 29.76 29.87
29.12 28.85 28.97 28.50 29.66 28.51 29.55 28.58 28.66 28.81 28.57 28.61 28.60 27.49 27.54 27.96 27.82 27.01 29.02 28.47 28.19 28.48 28.70 27.41 28.04 28.68 28.60 28.03 26.46 27.17 28.96 29.13 28.11 28.93 29.01 29.92 29.59 30.05 29.88 30.21 29.80 29.03 30.14 30.08 29.89 29.50 28.67 29.08 29.29 29.29 28.28 29.29 29.41 28.54 28.58 28.54 29.03 28.92 28.71 28.66 28.55 28.69 29.07 29.14 29.70 29.84 29.72 29.37 29.60 29.56 29.64 29.41 29.79 29.59 29.92 29.74 29.82
29.59 29.88 29.47 28.63 28.84 28.62 29.65 29.51 29.06 28.69 29.30 29.76 28.97 29.26 28.74 28.66 28.64 28.31 28.55 27.84 27.88 28.35 28.10 27.43 28.51 27.22 27.61 27.41 27.77 27.23 28.77 26.86 28.14 27.20 28.26 29.08 29.06 28.94 29.91 30.47 30.42 30.17 29.77 30.03 30.05 30.03 29.62 28.95 27.56 28.34 26.98 27.88 28.29 28.70 28.61 28.36 29.08 28.95 29.02 28.57 28.82 28.95 29.24 29.49 29.87 29.88 30.03 29.97 29.92 29.84 29.59 29.64 29.50 29.51 29.51 29.96 29.61
29.50 28.98 29.55 29.83 29.89 29.56 29.13 29.70 29.44 29.42 29.07 29.32 28.42 29.09 28.88 28.32 27.92 28.85 27.92 27.91 28.25 28.24 27.34 28.00 27.92 28.47 26.79 26.90 25.73 26.48 27.75 27.62 27.89 26.35 28.32 29.04 29.31 29.55 29.00 29.49 30.27 30.22 30.14 30.19 30.10 30.05 29.48 27.89 26.88 27.92 27.69 28.65 29.26 29.71 29.43 29.04 29.24 29.12 28.61 29.05 29.12 28.94 29.30 29.08 29.49 30.04 30.03 29.97 30.23 30.14 30.08 30.18 29.76 29.91 29.85 29.24 28.77
28.98 28.85 29.35 28.80 29.81 30.32 30.38 29.70 29.03 29.76 29.60 29.54 28.97 29.53 29.04 28.80 28.76 28.53 28.53 29.02 27.91 28.12 28.55 29.28 28.50 27.35 28.46 27.22 27.37 26.80 27.04 28.01 26.76 26.59 27.15 28.89 30.14 29.73 29.59 29.81 30.14 29.79 29.70 29.97 29.70 29.81 29.06 28.36 28.34 29.10 29.60 29.61 29.70 29.77 29.42 29.06 29.37 28.94 28.90 29.08 28.43 29.42 29.32 29.21 29.59 29.92 29.94 30.15 30.16 30.43 30.32 30.06 29.82 29.68 29.70 29.54 29.52
28.61 29.05 29.48 29.53 28.96 29.82 29.60 29.15 28.72 29.14 29.16 28.97 29.13 29.27 29.05 28.75 28.67 28.85 28.97 28.21 28.86 27.94 27.72 27.87 27.58 28.11 27.73 27.46 26.87 27.06 28.85 27.72 25.69 26.90 28.04 28.74 29.58 29.68 29.89 29.60 30.41 29.93 29.46 29.01 29.99 29.48 29.28 29.37 29.23 29.32 29.39 29.75 29.25 27.80 29.19 29.51 29.10 28.63 29.11 28.46 28.21 29.47 29.48 29.75 29.66 30.00 29.91 29.89 29.88 30.10 30.10 30.21 30.26 30.27 30.00 29.94 30.06
28.98 28.61 29.60 29.55 29.18 29.57 29.26 28.77 29.52 29.09 28.60 29.02 29.22 28.80 29.61 29.63 29.52 29.40 28.36 28.46 28.65 28.37 28.49 27.63 26.88 26.85 27.71 27.03 27.04 27.09 27.57 27.68 29.04 27.73 28.98 29.35 29.20 29.44 28.31 28.05 29.21 29.94 29.34 29.57 29.73 29.08 29.13 29.51 29.92 29.13 29.49 28.63 29.31 28.19 28.54 29.08 28.89 28.63 29.22 28.95 28.95 29.59 29.40 29.96 29.72 29.90 30.03 29.66 29.86 30.12 30.14 30.36 30.34 30.37 30.35 30.16 30.07
28.45 28.75 28.53 28.81 29.70 29.58 29.08 29.58 29.50 29.89 29.62 29.38 29.79 28.49 29.68 29.79 29.74 29.07 28.18 29.19 28.93 29.05 27.85 28.67 27.44 28.02 27.79 27.69 27.53 28.12 28.00 27.03 27.80 27.75 27.63 27.96 28.70 27.68 28.23 28.16 27.88 28.89 29.44 30.18 29.95 29.82 29.97 28.95 29.54 29.48 28.84 28.89 28.48 29.40 29.68 28.43 28.50 29.78 29.53 29.33 29.48 29.84 29.40 29.68 29.24 30.01 29.99 29.90 29.54 29.92 30.06 30.21 30.44 30.26 30.23 30.13 30.40
28.86 27.77 28.78 29.35 28.92 29.14 29.41 29.50 28.83 29.83 29.76 29.79 29.01 28.57 29.31 29.68 29.19 28.17 29.30 28.81 28.90 29.49 28.13 28.44 27.19 25.91 26.89 27.53 26.94 28.05 27.60 28.21 28.55 28.16 27.32 27.89 27.80 27.43 27.86 27.17 26.60 27.64 29.37 29.88 30.08 29.98 29.27 28.73 28.92 29.57 27.51 28.08 28.69 29.08 29.16 28.98 29.18 29.56 29.70 29.58 29.65 29.23 29.17 29.68 29.61 29.90 29.65 30.06 30.01 30.32 30.19 30.12 30.20 30.20 30.13 30.07 30.26
29.26 28.57 28.42 29.68 29.47 29.13 29.47 29.08 29.87 29.58 29.19 29.47 28.96 29.23 29.58 29.09 28.91 27.08 29.05 28.23 28.45 28.57 27.98 27.62 28.16 28.49 27.85 28.69 28.07 27.67 27.28 29.51 29.60 29.37 29.77 29.65 28.52 28.82 27.47 27.41 27.82 29.16 29.88 30.06 29.40 29.75 29.37 29.00 27.98 27.91 27.27 26.68 28.86 29.80 29.69 29.48 30.05 30.28 29.99 30.07 29.76 29.28 29.60 29.95 30.03 29.97 29.48 29.71 30.10 29.97 30.05 30.38 30.13 30.30 30.20 29.89 29.91
29.83 29.28 29.14 28.98 28.99 28.57 29.83 29.68 29.37 29.73 28.38 28.54 29.35 28.66 28.97 29.10 28.68 28.30 29.37 29.13 29.16 28.60 29.07 27.13 27.41 28.72 28.85 28.63 26.92 27.94 28.30 29.17 28.66 29.31 29.13 29.49 29.16 28.79 28.83 27.62 29.04 28.97 28.80 29.56 29.14 28.96 29.09 29.17 28.35 27.45 29.17 28.84 29.31 30.00 29.77 30.13 30.24 30.27 30.26 30.34 30.05 29.75 30.29 29.94 30.02 29.95 29.65 29.51 29.74 29.67 29.78 29.51 30.33 30.36 30.24 30.15 30.01
29.21 28.49 30.00 29.13 29.18 28.41 29.37 29.48 29.34 28.85 29.52 29.49 29.47 28.93 28.35 28.40 28.55 29.20 28.81 29.13 29.43 28.47 28.80 28.03 28.08 27.70 27.70 28.87 28.50 27.52 27.71 27.69 28.77 27.89 29.38 29.85 29.37 29.04 29.09 27.09 28.13 27.57 28.45 28.39 29.16 28.68 29.24 28.42 28.61 28.03 30.09 29.81 30.07 30.00 30.02 30.42 30.30 30.27 30.26 30.12 30.04 30.15 29.91 30.09 29.87 29.78 29.83 29.01 29.33 28.82 29.25 29.76 30.25 30.35 30.23 29.98 30.17
30.40 28.86 28.92 29.74 29.71 29.45 30.02 29.10 28.34 29.74 29.45 29.25 28.68 29.47 29.05 28.52 27.73 27.58 29.21 28.62 29.43 28.84 28.66 28.42 27.77 27.93 28.13 28.20 28.07 27.53 26.62 27.04 27.64 28.80 29.10 29.61 29.74 29.24 28.96 28.36 29.36 28.83 28.22 27.66 28.93 27.18 28.28 28.10 29.51 29.66 29.96 30.06 29.91 30.14 30.22 30.29 30.23 30.28 30.42 29.81 29.66 29.90 29.94 29.21 29.35 29.09 29.88 28.98 29.39 29.77 29.93 29.88 30.12 30.10 30.17 30.04 30.19
29.24 29.20 29.39 29.07 29.04 29.55 29.46 29.75 29.01 29.40 28.38 29.05 29.62 28.96 28.88 27.88 28.45 28.26 29.13 28.43 28.79 28.61 28.75 28.08 26.96 27.98 28.83 28.89 28.43 28.31 28.20 27.70 27.91 28.16 28.32 29.26 29.89 29.50 29.56 29.54 29.76 29.53 28.91 29.49 29.55 29.37 29.36 29.75 29.83 29.95 30.38 30.22 30.06 30.10 30.24 30.23 30.15 29.67 29.39 30.10 29.83 29.76 29.72 29.26 29.43 29.25 29.41 29.73 29.75 30.22 29.97 30.31 30.17 29.99 29.76 30.15 29.93
28.76 28.99 29.15 29.62 29.49 29.15 29.28 28.50 29.04 29.26 28.11 28.44 29.25 29.61 28.38 28.94 29.08 28.23 28.27 28.15 27.15 26.85 27.83 26.61 26.98 28.06 27.72 29.02 29.23 27.64 27.62 29.18 28.98 29.23 29.26 29.14 29.56 29.27 29.26 29.84 29.14 29.76 29.49 29.12 29.09 29.78 30.02 30.08 29.88 30.27 30.39 30.30 30.21 29.91 29.98 30.18 29.33 29.70 29.84 30.23 29.87 29.43 29.89 28.98 29.23 28.99 29.41 29.20 29.81 29.88 29.87 30.12 30.29 30.19 29.67 30.13 29.94
29.10 29.07 29.59 28.59 28.56 29.63 28.89 28.33 28.39 29.11 29.47 29.48 29.05 28.97 28.97 29.32 28.96 29.04 27.21 27.83 29.13 28.12 26.77 26.91 28.23 28.48 28.33 27.59 27.56 28.83 28.44 28.14 28.81 29.57 29.93 29.98 29.82 29.30 27.86 28.65 29.82 29.78 29.91 29.35 28.66 29.34 29.94 30.06 30.09 30.39 30.34 30.26 30.13 30.22 30.17 29.57 29.95 29.21 29.38 29.30 29.38 28.75 28.95 28.47 29.59 29.01 29.38 29.98 30.14 30.13 29.93 30.10 30.23 29.89 29.88 29.98 29.97
29.06 28.74 29.63 28.82 27.93 29.11 29.20 28.50 28.84 29.40 29.01 29.31 29.39 29.20 29.28 29.68 28.48 28.43 28.16 28.79 28.32 27.48 27.62 28.05 28.82 28.96 28.85 28.79 28.86 28.53 28.15 28.72 29.72 29.97 30.19 30.27 29.94 29.78 29.52 29.31 29.17 28.24 29.02 29.24 29.77 29.66 30.26 30.22 30.03 30.04 30.18 30.21 30.39 30.10 30.25 29.58 29.81 29.71 28.98 28.93 28.91 29.51 29.31 29.83 30.17 30.04 29.96 30.17 30.19 30.33 30.15 30.10 30.01 29.87 29.99 29.96 29.95
28.96 28.95 28.75 29.84 29.43 29.02 29.63 29.17 28.61 29.59 28.66 28.40 28.99 29.31 28.36 29.52 28.86 29.41 29.43 28.95 28.38 27.60 27.65 26.60 26.95 28.10 28.26 28.32 27.69 29.39 29.35 29.46 29.52 29.68 30.04 29.99 29.41 29.93 29.57 29.84 29.60 29.36 29.14 29.69 30.22 29.48 29.68 29.73 30.32 29.97 29.18 30.20 30.28 29.99 30.16 29.63 29.72 29.62 29.44 28.53 29.46 29.67 29.46 30.09 30.41 29.79 30.01 30.16 30.25 30.18 30.13 30.01 29.97 29.96 30.13 30.22 29.80
29.06 28.00 28.44 29.18 27.63 29.13 28.47 29.41 28.11 28.37 29.03 28.94 28.55 28.82 28.24 28.73 29.20 29.74 28.20 28.53 28.43 27.52 27.49 27.74 27.60 27.98 28.49 28.58 28.92 29.89 28.89 28.62 29.04 29.93 29.43 29.76 28.89 29.18 29.53 28.58 28.42 29.47 29.82 29.96 29.46 29.91 29.37 28.61 28.81 29.68 29.33 29.70 30.36 30.25 30.10 29.88 29.91 29.34 29.27 29.70 29.43 29.84 29.96 30.08 30.05 29.85 29.72 30.07 30.19 30.09 30.22 29.89 30.06 30.35 30.19 29.95 29.74
28.99 28.93 27.55 28.33 29.72 28.94 29.11 29.25 27.67 28.05 28.06 28.55 28.27 28.43 28.18 29.29 29.50 27.96 27.97 28.51 28.69 27.86 28.51 26.65 25.99 25.30 27.12 28.60 28.95 28.49 29.46 29.51 28.44 29.58 28.87 28.74 29.04 28.86 27.67 29.11 29.54 28.99 28.40 29.31 29.40 28.94 28.83 29.16 30.08 29.65 29.88 30.20 29.59 29.74 30.01 29.61 29.75 29.38 29.59 29.10 29.86 30.21 30.06 29.40 29.38 29.96 29.67 29.71 30.03 29.98 29.94 30.05 30.44 30.00 29.63 30.02 30.01
28.40 27.90 27.37 28.14 29.23 27.79 28.80 27.51 28.75 27.51 28.16 26.44 28.81 28.23 28.28 28.27 28.80 27.97 28.37 28.62 28.25 27.18 26.10 27.89 28.00 27.95 27.29 27.89 29.37 29.32 29.79 29.64 29.19 29.30 27.53 29.10 28.71 28.21 29.55 28.83 29.12 29.55 29.90 29.52 29.68 28.83 28.90 29.04 28.90 29.43 30.15 29.96 29.86 29.94 29.94 29.55 29.10 29.12 30.11 29.97 30.46 30.15 29.86 29.32 29.17 29.66 29.64 29.22 29.86 29.55 29.98 29.60 29.38 29.25 29.72 30.22 29.83
29.06 28.04 28.44 28.76 28.83 28.87 28.73 28.70 29.04 26.76 29.21 29.08 26.77 28.13 27.54 28.72 28.88 28.18 27.71 26.80 26.13 26.31 27.22 27.55 26.93 27.02 28.01 28.73 29.08 28.74 29.05 28.49 28.64 28.50 27.78 28.21 28.62 28.75 29.22 28.15 28.86 29.00 29.88 28.92 29.46 30.00 29.75 29.35 28.60 29.39 30.09 30.05 30.04 29.96 29.61 28.95 29.26 28.65 29.89 30.41 29.92 29.82 29.53 29.51 30.15 29.25 29.13 29.18 28.96 29.53 29.15 28.95 29.11 29.09 29.35 29.36 29.25
28.38 28.09 28.82 28.67 28.76 29.30 27.71 27.02 29.00 29.35 28.51 28.78 28.45 28.67 28.13 28.89 28.47 28.63 28.44 27.12 26.99 27.36 26.68 28.10 28.88 27.41 28.03 29.05 29.05 28.57 28.19 27.72 28.20 28.07 28.68 29.08 27.90 27.86 27.44 28.53 28.77 29.55 28.69 29.20 28.44 28.05 29.10 29.21 28.99 29.62 29.55 29.91 29.76 29.65 29.68 29.24 29.48 29.32 29.78 30.20 29.66 29.62 29.30 29.19 29.19 28.76 28.90 29.13 28.70 28.59 28.38 29.41 30.54 29.75 29.13 29.17 29.37
29.40 27.24 27.79 28.93 29.00 27.27 27.86 28.42 27.58 28.75 27.88 27.02 28.38 29.08 27.33 28.37 27.98 28.47 27.09 27.02 26.45 27.28 27.97 29.19 28.45 28.57 28.66 27.67 29.04 27.33 28.70 28.84 28.72 29.05 27.83 29.24 28.84 28.88 26.71 28.25 29.74 29.75 28.88 29.44 29.92 29.68 29.88 29.72 29.53 29.63 29.84 30.24 30.04 29.81 29.72 29.46 29.55 29.95 30.23 30.46 30.34 29.96 29.16 28.56 28.43 28.79 28.92 28.74 28.80 28.62 28.10 28.01 28.47 28.39 28.41 28.45 28.17
29.17 28.17 28.98 28.17 29.25 27.37 26.45 27.96 28.12 28.99 28.30 28.39 29.12 28.02 25.92 28.02 28.12 26.03 27.26 27.96 27.76 27.53 29.39 29.59 29.01 29.14 27.99 28.22 27.90 28.18 27.82 29.00 28.85 29.23 28.61 29.84 29.75 28.40 28.14 27.78 28.35 28.68 29.28 30.01 30.07 30.31 30.13 30.24 29.97 29.95 29.88 30.07 30.15 30.16 30.18 29.88 29.84 29.80 30.42 30.43 29.55 28.59 29.48 29.42 28.70 28.98 29.23 29.05 29.23 30.01 29.27 27.88 28.56 28.07 28.16 27.89 28.00
29.38 28.38 27.87 28.70 27.59 26.99 28.15 27.95 28.97 29.25 27.52 28.06 29.69 29.21 28.49 28.56 28.97 29.01 27.68 28.57 27.68 27.33 27.78 27.04 26.61 27.28 29.60 28.25 28.96 28.54 27.80 29.04 30.04 29.54 28.25 29.32 30.08 29.83 30.11 29.84 29.45 29.04 29.23 29.68 29.82 29.87 29.96 29.92 30.05 30.20 30.06 29.92 30.14 30.36 29.79 28.45 29.08 29.34 30.43 29.37 29.32 30.39 29.69 29.34 29.35 29.58 29.96 30.07 29.90 29.80 30.20 30.16 29.79 29.60 28.77 29.40 29.75
28.73 29.01 27.85 27.23 27.06 27.00 28.41 29.15 28.48 28.93 28.55 27.50 27.38 25.50 28.28 27.21 28.03 28.36 28.92 28.66 26.68 26.60 26.32 27.48 27.19 26.97 27.81 28.18 29.03 29.01 28.45 28.46 28.93 29.82 29.58 30.09 29.22 30.31 30.14 30.15 29.91 29.37 29.79 29.37 29.82 29.49 29.96 29.40 29.74 29.90 29.85 30.02 29.65 29.53 28.70 28.72 29.44 29.50 28.88 28.90 28.58 30.47 30.46 29.75 29.65 29.80 30.22 29.93 29.42 29.75 29.73 30.03 30.11 30.24 30.24 29.43 29.45
28.56 29.42 29.62 28.91 28.15 28.91 29.44 28.34 27.61 28.20 28.38 28.62 27.35 27.30 28.51 27.23 27.05 26.31 27.47 29.00 28.74 27.62 25.94 26.15 27.68 26.44 27.23 28.17 27.08 28.53 28.83 28.05 28.61 28.40 29.61 29.14 28.20 29.65 29.74 29.54 29.67 29.83 29.75 29.68 29.16 29.19 29.53 29.50 29.68 29.62 29.38 29.91 30.11 29.42 28.38 29.07 28.97 28.92 29.51 29.78 29.43 29.47 29.95 29.68 30.07 30.15 30.08 29.54 29.37 29.69 29.64 29.54 29.51 29.47 30.09 30.06 29.69
26.06 26.81 26.79 27.39 27.82 27.11 27.78 29.69 28.99 27.88 27.19 28.84 27.59 27.96 28.82 29.53 28.66 26.47 27.49 28.99 29.22 29.32 28.49 27.24 28.09 28.47 28.07 29.14 28.47 27.85 28.70 28.62 27.46 27.48 28.22 27.63 26.70 28.96 29.15 28.70 28.99 29.51 29.09 29.87 29.25 29.25 29.47 29.68 29.91 29.42 29.57 28.92 29.29 28.48 28.51 28.86 29.78 29.68 29.96 30.33 30.38 30.29 30.26 30.24 30.28 30.28 30.13 29.72 29.65 29.78 29.91 29.78 29.41 28.58 28.96 28.91 29.61
26.87 26.47 26.31 27.54 28.51 27.67 26.49 28.48 29.47 29.10 28.72 28.18 28.76 26.81 28.34 28.23 27.88 28.16 27.64 28.30 29.61 29.94 29.67 28.69 27.09 28.07 28.95 28.24 27.93 27.96 28.58 28.88 28.12 28.25 27.48 27.57 27.27 27.01 28.47 28.96 29.06 29.12 28.13 29.25 28.77 29.16 29.83 29.91 30.04 30.02 29.92 29.88 28.75 28.36 28.19 29.82 30.15 30.13 30.29 30.16 30.35 30.34 30.28 30.14 30.30 30.11 29.99 29.74 29.86 29.87 29.78 29.48 29.34 29.06 29.04 28.28 28.65
27.39 26.98 27.62 27.42 28.74 28.20 28.43 28.75 28.65 28.55 27.12 28.37 28.34 29.10 28.74 28.45 27.39 28.20 27.12 27.29 28.62 28.57 28.95 27.19 28.30 28.71 28.95 29.46 27.26 27.78 27.52 28.30 28.88 28.93 29.13 28.39 27.07 28.22 29.21 29.06 29.11 29.19 28.81 29.31 29.13 29.26 28.45 29.31 30.20 29.14 28.72 28.38 28.79 28.74 29.30 29.74 29.86 29.69 30.24 29.81 30.28 30.25 30.29 30.20 30.12 30.15 29.99 29.81 29.77 29.75 29.78 29.54 29.38 29.30 28.29 28.65 28.99
