main/data/irradiance/24.04.2023.grid
ncols 839
nrows 679
xllcenter 112.0500
yllcenter -43.9500
cellsize 0.0500
nodata_value 99999.90
[rows 34 to 67 of 679, columns 385 to 461 of 839]
23.68 23.66 23.66 23.27 23.27 23.27 23.27 23.27 22.65 22.65 23.17 23.20 23.20 23.20 23.20 23.20 23.20 23.20 23.20 23.20 23.27 23.27 23.27 23.27 23.27 23.27 22.43 21.90 22.89 21.49 20.65 21.08 21.72 20.86 20.39 21.52 21.97 21.64 21.73 21.73 20.88 21.63 21.84 21.84 21.41 21.41 21.96 20.97 20.97 20.13 20.13 20.13 20.13 20.13 18.71 18.71 18.71 18.71 18.06 18.06 18.06 18.06 18.56 18.56 18.12 18.12 18.12 18.12 18.12 17.64 17.64 17.64 17.64 17.64 17.64 17.41 17.41
23.68 23.68 23.66 23.66 23.27 23.27 23.27 23.27 23.27 22.65 23.20 23.20 23.20 23.20 23.20 23.20 23.20 23.20 23.20 23.27 23.27 23.27 23.27 23.27 23.27 23.27 21.97 21.97 22.46 21.49 20.96 21.36 21.84 22.04 20.78 20.84 21.40 21.20 21.44 20.99 20.88 21.63 21.84 21.84 21.41 21.41 21.96 20.97 20.97 20.76 20.29 20.29 20.29 20.53 18.71 18.71 18.71 18.71 18.06 18.06 18.06 18.06 18.56 18.56 18.12 18.12 18.12 18.12 18.12 17.64 17.64 17.64 17.64 17.64 17.41 17.41 17.41
23.66 23.68 23.68 23.66 23.66 23.27 23.27 23.27 23.27 23.09 22.86 23.20 23.20 23.20 23.20 23.20 23.20 23.20 23.20 23.27 23.27 23.27 23.27 23.27 23.27 21.97 21.97 21.97 22.01 21.02 20.88 21.75 22.04 21.69 21.12 20.29 20.92 21.65 21.60 21.79 21.66 21.98 21.96 22.02 21.37 21.30 21.96 22.12 21.54 21.85 21.23 21.23 20.53 19.34 18.71 18.71 18.71 18.06 18.06 18.06 18.06 18.56 18.56 18.56 18.12 18.12 18.12 18.12 18.12 17.64 17.64 17.64 17.64 17.64 17.41 17.41 17.41
23.66 23.66 23.68 23.68 23.66 23.66 23.27 23.09 23.09 23.09 22.86 22.20 22.12 21.39 21.84 21.84 21.84 21.84 21.84 22.16 23.27 23.27 23.27 22.07 22.07 22.07 22.07 22.09 22.09 21.39 21.15 21.58 21.58 21.78 21.40 20.85 20.79 21.10 21.52 22.01 21.66 21.68 21.62 22.03 21.59 22.39 22.57 22.45 21.59 21.49 21.59 20.53 20.53 19.34 18.71 18.71 18.71 18.06 18.06 18.06 18.56 18.56 18.56 16.87 16.73 18.12 18.12 18.12 18.12 17.64 17.64 17.64 17.64 17.41 17.41 17.41 17.41
23.54 23.54 23.54 23.54 23.54 23.54 23.54 23.09 23.09 23.09 22.86 22.20 22.12 21.39 21.39 21.84 21.84 21.84 21.84 22.16 22.85 22.85 22.85 22.07 22.07 22.07 22.07 22.07 22.68 22.11 21.87 22.37 21.59 21.68 21.53 21.10 21.42 20.62 21.30 21.58 21.62 21.65 21.51 21.97 22.19 22.85 22.69 22.04 20.87 21.05 20.21 20.53 19.65 19.34 19.45 19.42 18.49 18.06 18.06 18.06 18.56 18.56 18.56 16.87 16.73 17.98 18.12 18.12 18.12 17.64 17.64 17.64 17.41 17.41 17.41 17.41 17.41
23.54 23.54 23.54 23.54 23.54 23.54 23.54 23.09 23.09 23.09 22.86 22.20 22.12 21.39 21.39 21.84 21.84 21.84 21.84 22.16 22.85 22.85 22.85 22.85 22.25 22.25 22.25 22.25 22.24 22.26 21.23 21.11 21.42 21.45 21.51 21.52 21.27 20.96 20.98 21.37 21.25 21.27 21.61 21.66 22.17 22.09 22.52 22.09 21.24 21.38 20.91 20.04 19.74 18.86 19.33 19.57 19.18 18.72 18.72 18.26 18.56 18.56 18.57 16.87 16.73 17.17 17.98 18.12 18.12 17.64 17.64 17.64 17.41 17.41 17.41 17.41 17.41
23.54 23.54 23.54 23.54 23.54 23.54 23.09 23.09 23.09 23.09 22.86 22.20 22.12 21.39 21.39 21.84 21.84 21.84 21.84 22.16 21.95 22.85 22.85 22.85 22.85 21.88 21.88 21.88 21.80 22.11 21.24 21.73 21.98 21.14 21.60 21.41 21.50 21.28 21.38 20.69 20.92 20.67 21.09 21.59 21.74 22.29 22.39 21.92 21.35 21.92 21.54 20.44 19.81 19.71 20.03 20.46 20.20 18.27 18.27 18.26 18.56 18.56 18.57 16.87 16.73 17.17 17.98 17.98 18.01 18.27 18.27 18.15 17.41 17.41 17.41 17.41 17.41
23.54 23.54 23.54 23.54 23.54 23.51 23.09 23.09 23.09 23.09 22.86 22.20 22.12 21.39 21.39 21.61 21.84 21.84 21.84 22.16 21.95 21.91 22.85 22.85 22.85 22.69 23.08 21.88 21.03 21.81 21.32 21.53 21.93 21.57 21.61 21.18 21.67 22.02 21.70 20.75 20.81 20.53 21.02 21.22 21.49 21.77 22.23 21.93 21.73 21.39 21.32 20.30 20.53 21.07 20.77 20.42 19.43 18.69 19.73 20.00 19.22 19.13 18.57 16.87 16.73 17.17 17.42 17.99 18.58 18.11 18.15 18.15 17.41 17.41 17.41 14.86 14.86
23.54 23.54 23.54 23.54 23.51 22.71 23.12 23.09 23.09 23.09 22.86 22.20 22.12 21.39 21.39 21.61 21.84 21.84 21.84 22.16 21.95 22.17 21.91 22.85 22.85 22.69 23.08 22.28 21.03 20.85 21.11 21.82 22.17 21.80 21.30 21.18 21.35 21.68 21.41 21.11 21.34 20.93 21.53 21.47 21.16 21.52 21.93 21.96 21.73 21.45 20.99 21.10 21.21 20.71 19.96 19.24 18.57 20.00 21.33 20.42 20.01 20.27 18.30 17.52 18.14 18.59 17.91 17.75 19.01 17.93 17.21 17.24 17.41 14.86 14.86 14.86 15.52
23.52 23.52 23.52 23.51 23.51 22.71 23.12 23.09 23.09 23.09 22.86 22.20 22.12 21.39 21.39 21.61 21.61 21.84 21.84 22.16 21.95 22.17 21.91 21.91 22.43 22.81 22.94 22.51 22.23 21.68 21.75 22.06 22.32 21.65 20.82 21.05 20.88 21.60 21.18 21.43 21.65 21.37 21.29 21.68 21.69 21.35 21.48 21.43 21.64 21.42 21.45 21.06 20.84 19.91 19.11 18.75 19.30 20.05 20.59 20.34 20.55 20.66 19.25 18.64 18.71 18.72 18.00 18.91 18.83 18.35 18.35 17.16 15.58 14.86 14.86 15.52 17.37
23.54 23.54 23.51 23.51 23.26 22.71 23.12 23.01 23.09 23.09 22.86 22.20 22.12 21.39 21.39 21.61 21.61 21.84 21.84 22.16 21.95 22.17 22.17 22.00 22.41 22.30 22.48 22.19 22.52 22.49 21.95 21.69 21.65 21.74 21.23 20.92 20.58 20.85 21.48 21.79 21.55 21.59 21.77 21.51 21.67 21.84 21.29 21.27 21.48 21.89 21.81 21.19 21.04 20.34 19.33 20.04 20.31 20.41 19.49 19.35 20.60 20.69 19.61 19.13 18.71 18.27 18.41 18.94 19.28 18.69 18.46 16.34 15.53 14.55 15.52 15.52 17.37
23.54 23.51 23.51 23.51 23.26 22.71 23.12 23.01 23.09 23.09 22.86 22.20 22.12 21.39 21.39 21.61 21.61 22.01 22.08 21.98 22.01 22.23 22.23 22.00 22.46 22.24 22.10 21.92 22.13 22.34 22.08 21.63 21.71 21.64 21.28 21.12 20.62 20.76 21.63 21.59 21.97 22.02 21.50 21.56 21.84 22.06 21.44 21.94 22.29 21.95 21.51 21.00 20.84 20.20 20.31 19.78 19.51 19.24 19.38 19.99 20.41 19.87 20.51 20.26 19.30 18.55 18.51 18.34 20.10 19.69 18.68 17.07 16.49 15.48 16.17 17.50 17.37
23.38 23.46 23.48 23.49 23.26 22.71 23.12 23.01 22.58 22.61 22.75 23.00 22.62 22.32 22.06 21.32 21.25 21.51 21.12 21.25 22.07 22.24 22.24 22.45 22.36 22.22 22.36 22.42 22.41 22.13 21.66 21.53 21.16 21.16 21.29 21.75 21.63 21.30 21.83 21.57 21.74 21.75 21.14 21.24 21.66 22.16 22.11 22.35 22.88 22.05 21.81 21.05 21.04 20.32 20.32 20.04 18.67 18.85 20.40 20.77 19.51 19.03 19.77 19.75 19.45 18.88 19.34 19.21 19.29 19.65 18.98 17.53 16.64 15.75 16.50 17.79 18.36
23.18 23.21 23.04 23.41 23.26 22.97 23.19 23.34 22.84 22.41 23.14 23.21 23.24 22.24 22.21 21.92 21.65 21.73 21.44 21.38 20.99 21.71 22.25 22.31 22.20 21.88 22.30 22.33 22.51 22.15 22.37 22.21 22.10 21.80 21.50 21.71 21.63 21.16 21.44 21.42 21.44 21.41 21.14 21.31 21.80 22.15 21.72 22.20 22.63 22.29 21.31 20.55 20.30 19.80 20.37 20.91 19.29 19.12 20.28 20.47 18.93 18.63 18.71 20.12 19.42 19.89 19.42 18.91 19.07 18.83 17.12 16.24 15.40 17.06 17.40 17.87 18.54
23.21 23.45 23.46 23.44 22.94 22.47 22.32 23.00 23.02 22.65 22.40 22.23 22.94 23.02 22.86 22.64 22.11 21.50 21.52 21.98 21.14 20.95 21.84 22.24 22.35 22.33 22.65 22.50 22.16 21.82 22.11 22.03 22.56 22.28 21.60 21.39 21.55 21.50 21.13 21.35 21.16 21.39 21.31 21.30 21.53 21.74 21.57 22.14 22.03 21.80 21.28 20.85 19.90 20.12 20.31 19.88 19.18 19.23 19.86 19.55 19.43 19.31 19.05 20.15 19.57 20.16 19.86 19.77 19.54 18.05 17.08 16.40 16.72 17.97 17.61 17.17 17.79
23.22 23.19 22.97 23.31 23.43 23.04 22.97 22.88 22.97 22.99 22.72 22.76 23.20 22.86 22.99 22.75 22.47 21.82 21.59 21.70 21.42 20.65 20.70 22.07 22.35 22.65 22.86 22.68 22.36 22.26 22.18 21.22 21.55 21.85 21.65 21.11 21.37 21.43 21.50 21.37 21.58 21.53 21.48 21.23 21.37 21.43 21.74 22.20 21.71 21.29 21.11 20.27 20.24 20.03 20.05 19.99 18.84 19.49 19.36 19.06 18.98 19.62 19.12 20.33 19.57 19.47 19.59 18.71 18.57 18.07 18.49 18.66 17.93 17.88 17.78 16.77 17.09
23.39 23.37 23.35 23.38 23.37 23.24 22.78 22.66 22.95 22.88 22.92 22.99 22.68 22.85 22.62 22.82 22.85 21.99 21.53 21.48 21.52 21.38 21.37 21.38 22.08 22.16 22.69 22.46 22.16 22.34 22.16 22.00 22.06 21.93 21.53 21.55 21.83 21.72 21.82 22.05 22.27 22.03 21.99 21.28 21.15 21.23 21.37 21.67 21.47 21.09 21.06 20.30 20.33 19.96 19.20 19.22 19.18 19.75 19.34 19.15 19.72 20.18 20.04 20.48 19.25 18.49 18.30 17.40 18.23 18.40 19.50 19.30 17.94 17.96 18.31 16.22 15.77
23.42 23.37 23.30 23.39 23.23 23.09 23.06 22.84 22.92 22.43 22.32 22.75 22.40 22.83 23.02 22.94 22.61 22.62 22.03 21.70 21.80 21.85 21.63 21.39 21.81 22.29 22.62 22.53 22.32 22.21 21.86 21.99 22.16 22.00 21.66 21.69 21.82 21.55 21.69 22.12 22.41 22.29 21.96 21.60 21.47 21.30 20.87 21.40 21.30 21.73 21.60 20.59 19.89 19.75 19.01 19.32 20.05 20.23 19.23 19.71 20.74 20.60 20.23 19.87 19.31 19.01 18.18 19.11 19.20 18.82 19.93 19.52 18.39 17.92 17.07 16.22 16.19
23.34 23.39 23.24 23.30 23.37 23.38 23.19 23.28 22.95 23.06 22.58 22.23 22.86 22.56 22.76 23.04 22.72 22.72 22.49 22.42 22.42 22.48 22.59 22.15 21.55 21.56 22.05 22.25 22.16 21.62 21.92 21.53 22.05 21.88 21.83 22.04 21.98 21.58 21.69 21.95 22.20 22.30 21.84 21.66 21.82 21.42 20.82 20.87 21.16 21.74 21.31 21.08 20.30 19.76 19.59 20.03 20.48 20.16 19.91 20.58 21.37 20.93 20.43 20.26 20.58 20.18 19.36 19.94 20.05 19.47 19.99 19.96 19.08 18.93 17.61 17.16 17.28
23.29 23.34 23.37 23.24 23.28 23.30 23.21 23.17 23.33 23.31 23.22 23.09 22.47 22.78 22.96 22.90 22.64 22.53 22.52 22.43 22.30 22.44 22.51 22.48 22.27 21.82 21.57 21.92 22.08 22.08 21.66 21.71 21.85 21.99 21.49 21.31 21.52 21.87 21.91 21.68 21.85 21.94 22.03 21.82 21.92 21.89 21.43 21.08 21.17 21.59 21.20 21.16 21.03 20.46 20.23 20.23 20.56 20.41 20.48 21.62 21.96 21.66 21.43 21.07 21.05 20.72 20.22 20.90 20.68 19.91 19.43 20.28 20.07 19.72 18.52 18.62 18.37
23.28 23.21 23.29 23.31 23.35 23.32 23.03 23.20 23.30 23.30 23.23 22.93 22.68 22.33 22.53 22.89 22.81 22.66 22.73 22.75 22.26 22.09 22.34 22.51 22.32 21.83 21.75 21.77 21.62 22.14 22.01 22.16 21.98 21.80 21.57 21.30 21.16 21.53 21.72 21.66 21.68 21.99 22.31 22.21 22.25 22.01 21.64 21.41 21.09 21.34 20.77 21.15 21.16 20.65 20.20 20.17 20.49 20.54 20.29 21.45 22.19 22.26 21.93 21.44 21.64 20.60 20.70 21.35 20.74 20.60 20.13 19.94 20.76 19.62 19.00 18.96 19.76
23.00 23.06 23.37 23.37 23.30 23.21 23.23 23.16 23.13 23.09 23.29 23.04 22.83 22.70 22.72 22.79 22.85 22.70 22.41 22.67 22.06 22.11 22.30 22.44 22.53 22.25 21.91 21.95 21.83 21.94 21.75 22.29 22.08 21.72 21.59 21.56 21.71 21.68 21.41 21.45 21.69 22.04 22.20 22.16 22.45 22.07 21.67 21.01 21.12 21.03 20.88 21.62 21.78 20.98 20.22 20.46 20.01 19.65 20.08 21.37 22.25 22.11 21.38 21.75 21.39 21.38 21.05 20.29 20.93 21.41 20.54 19.85 20.34 20.45 19.63 18.90 19.61
23.19 23.16 23.27 23.23 23.34 23.21 23.16 23.11 22.96 23.01 22.98 22.90 22.93 22.82 23.01 23.04 22.76 23.00 22.57 22.27 22.27 22.41 22.38 22.24 22.31 22.85 22.78 22.73 21.78 21.68 22.13 22.21 21.69 21.52 21.90 21.62 21.57 21.68 21.52 21.39 21.86 21.74 22.05 22.11 22.49 22.31 21.87 21.06 21.36 21.23 21.27 21.48 21.36 21.26 20.82 20.37 19.27 19.22 20.32 21.24 21.64 21.82 21.14 21.97 22.43 22.60 21.77 20.91 20.83 21.56 21.34 19.46 19.22 19.51 18.91 19.21 19.85
23.28 23.31 23.32 23.36 23.33 23.32 23.18 23.00 23.00 22.93 23.19 23.08 23.17 23.20 23.23 22.95 23.14 22.76 22.64 22.75 22.70 22.35 22.50 22.60 22.28 22.62 22.92 22.80 22.31 22.02 21.95 22.15 21.48 21.53 21.79 21.72 21.53 21.84 21.54 21.45 21.74 21.70 21.77 22.11 22.12 22.23 22.00 21.77 21.51 21.89 21.70 21.12 21.25 21.40 21.15 20.78 19.50 19.12 19.99 20.54 20.58 20.98 21.59 21.86 22.39 22.22 21.17 20.81 21.13 21.73 21.07 20.11 19.56 19.05 19.08 19.89 20.38
23.29 23.26 23.31 23.31 23.34 23.32 23.31 23.21 23.16 23.15 23.16 23.07 23.07 23.29 23.21 23.25 23.19 23.15 22.85 22.65 22.42 22.14 22.60 22.92 22.79 22.36 22.72 22.95 22.49 22.07 22.06 22.23 21.89 21.75 21.50 21.80 21.67 21.74 21.61 21.67 21.80 21.99 21.94 21.68 21.98 21.87 21.98 22.23 21.95 21.90 21.57 21.14 21.06 20.77 20.79 20.86 20.27 19.97 19.88 19.99 19.64 20.79 21.36 21.41 21.22 20.69 21.08 21.03 20.77 20.55 19.82 20.85 20.14 20.23 19.26 19.51 20.33
23.29 23.28 23.31 23.30 23.32 23.31 23.30 23.30 23.29 23.29 23.33 23.32 23.30 23.17 23.16 23.19 22.93 22.89 22.91 22.69 22.67 22.40 22.43 22.70 22.98 22.68 22.56 22.54 22.46 22.32 22.12 22.17 22.13 21.93 21.81 21.82 21.91 21.64 21.69 21.78 21.95 22.17 22.13 21.89 21.86 21.61 21.85 22.20 22.16 22.01 21.44 21.01 21.01 20.78 20.53 20.36 20.64 20.42 19.92 19.36 19.40 20.62 21.24 21.13 20.99 20.69 20.25 20.43 20.79 20.96 20.59 20.82 20.60 20.41 19.73 20.44 20.33
23.27 23.27 23.30 23.29 23.29 23.30 23.28 23.28 23.25 23.28 23.26 23.30 23.30 23.30 23.18 23.11 23.20 22.94 22.39 22.43 22.60 22.62 22.61 22.61 22.66 22.55 22.54 22.23 22.36 22.55 22.36 22.00 21.84 21.85 22.14 21.97 21.88 21.37 21.75 21.73 21.84 22.26 22.38 22.21 22.22 22.43 22.24 22.11 22.13 21.90 21.80 21.24 21.15 20.68 20.60 20.27 20.75 20.36 20.00 19.50 19.84 20.63 20.82 21.36 21.17 20.89 20.36 20.51 21.40 20.88 20.75 20.91 20.68 19.88 20.11 20.99 20.10
23.23 23.23 23.27 23.28 23.27 23.27 23.27 23.27 23.27 23.26 23.27 23.27 23.25 23.27 23.14 23.04 23.15 22.98 22.83 22.67 22.60 22.50 22.48 22.43 22.52 22.49 22.06 22.11 22.62 22.53 22.55 22.34 22.00 21.99 22.23 21.62 21.64 21.27 21.65 21.76 21.80 22.27 22.40 22.27 22.03 22.48 22.40 21.90 21.60 21.54 21.69 21.28 21.27 20.98 20.99 20.21 20.35 20.63 20.79 20.24 20.35 20.60 21.07 21.65 21.73 20.90 20.71 20.71 21.05 20.82 20.99 20.87 19.82 20.76 20.91 21.14 20.11
23.24 23.25 23.24 23.24 23.25 23.25 23.26 23.26 23.25 23.25 23.25 23.21 23.22 23.21 23.18 23.08 23.03 23.18 23.20 23.00 22.96 22.69 22.30 22.13 22.57 22.52 22.44 22.71 22.41 22.47 22.55 22.69 22.32 22.23 22.22 21.88 21.46 21.29 21.55 21.84 21.64 22.24 22.15 21.82 21.89 22.40 22.42 22.42 22.12 21.77 21.72 21.48 21.42 21.34 21.04 20.41 20.28 20.61 20.69 20.78 21.05 20.96 21.42 21.68 21.65 21.25 20.66 21.05 21.33 21.42 21.11 20.33 20.24 20.60 21.08 21.00 20.05
23.24 23.24 23.23 23.23 23.23 23.24 23.25 23.24 23.23 23.26 23.26 23.24 23.15 23.23 23.23 23.17 22.99 23.15 23.20 23.21 23.22 22.99 22.85 22.60 22.51 22.26 21.99 22.26 22.75 22.55 22.33 22.58 22.62 22.30 22.21 22.00 21.57 21.11 21.29 21.69 21.40 21.89 21.92 21.70 22.05 22.30 22.22 22.28 22.11 21.92 21.52 21.54 21.48 21.59 21.27 20.79 20.58 20.58 20.99 20.81 20.85 21.14 21.50 21.88 21.94 21.59 21.54 21.93 21.79 22.11 21.10 20.59 20.69 20.70 21.09 21.01 21.01
23.23 23.23 23.23 23.23 23.23 23.23 23.22 23.24 23.23 23.24 23.21 23.21 23.12 23.18 23.24 23.22 23.23 23.20 23.18 22.93 23.03 23.22 22.94 22.70 22.37 22.63 22.47 22.65 22.83 22.86 22.69 22.74 22.59 22.25 22.20 21.88 21.69 20.98 21.09 21.53 21.63 21.84 21.88 21.96 22.04 22.01 21.85 21.73 21.84 21.70 21.68 21.47 21.74 22.00 21.57 20.97 20.66 20.65 20.91 20.57 20.87 21.03 20.95 21.59 21.13 21.06 21.57 21.59 21.11 21.06 21.73 20.61 20.66 20.66 20.55 20.75 20.58
23.21 23.21 23.21 23.21 23.22 23.22 23.22 23.21 23.21 23.22 23.21 23.19 23.19 23.04 23.18 23.15 23.15 23.17 23.19 23.14 23.20 23.21 22.95 23.05 22.76 22.67 22.96 22.70 22.60 22.58 22.94 22.99 22.75 22.58 22.31 22.04 21.89 21.20 21.31 21.77 21.78 22.03 21.95 21.93 22.10 22.07 21.65 21.76 21.70 21.57 21.67 21.60 21.78 21.54 21.19 21.09 20.89 20.88 20.08 19.88 20.28 20.62 20.95 20.82 20.59 21.04 21.10 20.87 20.68 21.36 21.32 20.78 21.34 20.23 19.70 19.37 19.91
23.19 23.18 23.19 23.19 23.19 23.19 23.20 23.20 23.19 23.20 23.19 23.19 23.20 23.08 23.15 23.10 23.09 22.99 23.06 23.14 23.19 23.21 23.20 22.91 23.04 23.05 23.03 22.78 22.54 22.51 22.74 22.92 22.84 22.84 22.91 22.66 22.09 21.52 21.47 21.71 21.54 21.84 21.61 21.62 22.19 21.98 21.56 21.75 21.49 21.46 21.64 21.45 21.42 21.27 20.97 20.97 20.99 20.65 20.12 19.35 19.80 20.10 20.53 20.60 20.78 20.96 21.26 21.25 21.43 21.57 20.60 20.77 20.92 19.60 18.53 18.25 18.19
23.19 23.19 23.20 23.19 23.17 23.18 23.19 23.18 23.18 23.18 23.18 23.18 23.19 23.16 23.18 23.18 23.09 23.02 22.86 22.94 23.17 23.17 23.21 23.12 22.88 22.85 23.00 22.86 22.17 22.12 22.54 22.69 22.66 22.77 22.83 22.72 22.35 22.01 21.83 21.64 21.28 21.68 21.38 21.45 21.83 21.74 21.60 21.72 21.51 21.46 21.50 21.27 21.38 20.97 20.85 20.85 20.91 20.99 20.43 19.62 19.34 20.06 20.42 20.99 21.12 21.08 21.24 20.97 21.68 20.91 19.75 20.22 20.67 19.22 18.21 17.69 18.21
