main/data/irradiance/24.06.2023.grid
ncols 839
nrows 679
xllcenter 112.0500
yllcenter -43.9500
cellsize 0.0500
nodata_value 99999.90
[rows 340 to 373 of 679, columns 0 to 76 of 839]
99999.90 99999.90 99999.90 99999.90 99999.90 99999.90 99999.90 99999.90 99999.90 99999.90 99999.90 99999.90 99999.90 99999.90 99999.90 99999.90 99999.90 99999.90 99999.90 12.86 12.86 12.86 13.83 13.83 13.83 13.83 13.83 13.83 13.88 13.42 13.42 13.42 13.42 13.42 13.69 13.69 13.69 13.68 13.25 13.09 13.09 13.30 13.49 13.59 13.47 13.37 13.25 13.25 13.31 13.41 13.66 13.58 13.65 13.68 13.87 13.93 13.97 13.86 13.95 14.02 14.04 14.06 14.05 14.05 14.05 14.06 14.08 14.06 14.08 14.10 14.07 14.08 14.09 14.09 14.09 14.09 14.10
99999.90 99999.90 99999.90 99999.90 99999.90 99999.90 99999.90 99999.90 99999.90 99999.90 99999.90 99999.90 99999.90 99999.90 99999.90 99999.90 99999.90 99999.90 99999.90 99999.90 99999.90 13.30 13.83 13.83 13.83 13.83 13.83 13.88 13.42 13.42 13.42 13.42 13.69 13.69 13.69 13.69 13.69 13.59 13.35 13.00 12.65 12.77 12.73 12.89 12.96 13.18 12.91 13.00 13.20 13.32 13.29 13.35 13.34 13.73 13.85 13.90 13.88 13.82 13.85 13.86 13.92 13.98 13.98 13.96 13.99 14.03 14.06 14.06 14.10 14.06 14.06 14.06 14.05 14.05 14.06 14.05 14.04
99999.90 99999.90 99999.90 99999.90 99999.90 99999.90 99999.90 99999.90 99999.90 99999.90 99999.90 99999.90 99999.90 99999.90 99999.90 99999.90 99999.90 99999.90 99999.90 99999.90 99999.90 13.30 13.83 13.83 13.83 13.83 13.42 13.42 13.42 13.42 13.69 13.69 13.69 13.69 13.69 13.69 13.59 13.59 12.85 12.61 12.23 12.29 12.65 12.81 13.17 13.28 12.91 13.07 13.28 13.31 13.47 13.13 13.64 13.80 13.85 13.93 13.82 13.59 13.76 13.54 13.73 13.81 13.68 13.85 13.82 13.92 14.01 14.01 14.11 14.02 14.05 14.04 14.03 14.03 14.02 14.01 14.01
99999.90 99999.90 99999.90 99999.90 99999.90 99999.90 99999.90 99999.90 99999.90 99999.90 99999.90 99999.90 99999.90 99999.90 99999.90 99999.90 99999.90 99999.90 99999.90 99999.90 99999.90 99999.90 13.83 13.83 13.83 13.42 13.42 13.42 13.69 13.69 13.69 13.69 13.69 13.69 13.69 13.59 13.20 13.20 13.20 12.71 12.25 12.74 12.59 12.71 13.07 13.13 12.89 12.95 13.14 13.31 13.54 13.21 13.38 13.41 13.42 13.55 13.60 13.48 13.67 13.66 13.75 13.75 13.73 13.87 13.82 13.85 13.97 13.95 13.98 13.99 14.01 14.01 14.00 14.01 13.98 13.95 13.95
99999.90 99999.90 99999.90 99999.90 99999.90 99999.90 99999.90 99999.90 99999.90 99999.90 99999.90 99999.90 99999.90 99999.90 99999.90 99999.90 99999.90 99999.90 99999.90 99999.90 99999.90 99999.90 13.83 13.83 13.88 13.42 13.69 13.69 13.69 13.69 13.69 13.69 13.69 13.69 13.20 13.20 13.20 13.20 13.20 12.67 12.47 12.33 12.41 12.32 12.73 12.97 12.44 12.75 12.93 13.36 13.23 13.17 13.21 13.29 13.19 13.39 13.28 13.32 13.40 13.54 13.61 13.60 13.82 13.89 13.86 13.81 13.80 13.80 13.84 13.96 13.87 13.84 13.83 13.82 13.76 13.82 13.82
99999.90 99999.90 99999.90 99999.90 99999.90 99999.90 99999.90 99999.90 99999.90 99999.90 99999.90 99999.90 99999.90 99999.90 99999.90 99999.90 99999.90 99999.90 99999.90 99999.90 99999.90 99999.90 99999.90 13.88 13.88 13.42 13.69 13.69 13.69 13.69 13.69 13.69 13.20 13.20 13.20 13.20 13.20 13.20 12.67 12.67 12.57 12.36 11.81 11.99 12.40 12.79 12.59 12.47 12.89 13.17 13.11 13.20 13.10 13.10 13.27 13.31 13.36 13.41 13.49 13.53 13.42 13.59 13.39 13.52 13.61 13.64 13.47 13.51 13.41 13.69 13.79 13.70 13.63 13.47 13.60 13.59 13.63
99999.90 99999.90 99999.90 99999.90 99999.90 99999.90 99999.90 99999.90 99999.90 99999.90 99999.90 99999.90 99999.90 99999.90 99999.90 99999.90 99999.90 99999.90 99999.90 99999.90 99999.90 99999.90 99999.90 99999.90 13.70 13.42 13.69 13.69 13.69 13.69 13.69 13.20 13.20 13.20 13.20 13.20 13.20 12.67 12.76 12.76 12.76 12.34 11.80 11.81 12.26 12.52 12.29 12.07 12.33 12.67 12.76 12.83 12.86 13.16 13.14 13.26 13.40 13.51 13.58 13.53 13.61 13.73 13.62 13.65 13.69 13.76 13.75 13.73 13.89 13.92 13.83 13.81 13.57 13.54 13.67 13.71 13.74
99999.90 99999.90 99999.90 99999.90 99999.90 99999.90 99999.90 99999.90 99999.90 99999.90 99999.90 99999.90 99999.90 99999.90 99999.90 99999.90 99999.90 99999.90 99999.90 99999.90 99999.90 99999.90 99999.90 99999.90 99999.90 13.42 13.69 13.69 13.69 13.20 13.20 13.20 13.20 13.20 13.20 13.20 12.76 12.76 12.76 12.76 12.76 12.11 11.61 12.02 11.91 11.86 11.94 12.16 11.92 12.43 12.36 12.38 12.61 13.13 13.05 13.40 13.38 13.45 13.38 13.47 13.36 13.62 13.54 13.62 13.70 13.60 13.80 13.78 13.78 13.81 13.74 13.75 13.69 13.61 13.71 13.78 13.75
99999.90 99999.90 99999.90 99999.90 99999.90 99999.90 99999.90 99999.90 99999.90 99999.90 99999.90 99999.90 99999.90 99999.90 99999.90 99999.90 99999.90 99999.90 99999.90 99999.90 99999.90 99999.90 99999.90 99999.90 99999.90 13.42 13.69 13.69 13.20 13.20 13.20 13.20 13.20 13.20 12.76 12.76 12.76 12.76 12.76 12.67 12.67 12.67 12.22 11.71 11.99 12.04 11.96 12.43 12.01 12.07 12.11 12.72 12.82 12.92 12.95 13.07 13.14 13.29 13.37 13.32 13.45 13.49 13.43 13.42 13.56 13.65 13.68 13.70 13.84 13.78 13.73 13.61 13.68 13.81 13.81 13.81 13.85
99999.90 99999.90 99999.90 99999.90 99999.90 99999.90 99999.90 99999.90 99999.90 99999.90 99999.90 99999.90 99999.90 99999.90 99999.90 99999.90 99999.90 99999.90 99999.90 99999.90 99999.90 99999.90 99999.90 99999.90 99999.90 99999.90 13.69 13.69 13.20 13.20 13.20 13.20 13.20 12.76 12.76 12.76 12.76 12.67 12.67 12.67 12.67 12.67 12.69 12.11 12.26 11.86 11.97 12.03 11.85 11.78 12.08 12.01 12.79 12.80 13.01 13.05 13.34 13.25 13.34 13.34 13.51 13.60 13.58 13.53 13.83 13.64 13.47 13.61 13.70 13.72 13.77 13.72 13.82 13.89 13.71 13.76 13.89
99999.90 99999.90 99999.90 99999.90 99999.90 99999.90 99999.90 99999.90 99999.90 99999.90 99999.90 99999.90 99999.90 99999.90 99999.90 99999.90 99999.90 99999.90 99999.90 99999.90 99999.90 99999.90 99999.90 99999.90 99999.90 99999.90 13.69 13.69 13.20 13.20 13.20 12.76 12.76 12.76 12.76 12.67 12.67 12.67 12.67 12.67 12.40 12.40 12.40 12.29 11.67 11.69 11.82 11.95 11.77 11.93 12.06 12.24 12.34 12.81 12.67 13.08 12.99 13.32 13.17 13.36 13.25 13.45 13.64 13.72 13.67 13.70 13.69 13.69 13.60 13.53 13.56 13.54 13.70 13.71 13.77 13.82 13.83
99999.90 99999.90 99999.90 99999.90 99999.90 99999.90 99999.90 99999.90 99999.90 99999.90 99999.90 99999.90 99999.90 99999.90 99999.90 99999.90 99999.90 99999.90 99999.90 99999.90 99999.90 99999.90 99999.90 99999.90 99999.90 99999.90 99999.90 13.59 13.20 13.20 12.76 12.76 12.76 12.67 12.67 12.67 12.67 12.67 12.41 12.41 12.41 12.41 12.41 12.06 11.37 11.25 11.98 11.97 11.83 11.72 11.89 12.17 12.43 12.60 12.87 12.75 13.00 13.03 13.04 13.38 13.30 13.42 13.59 13.61 13.62 13.64 13.57 13.46 13.49 13.46 13.49 13.49 13.47 13.43 13.51 13.61 13.70
99999.90 99999.90 99999.90 99999.90 99999.90 99999.90 99999.90 99999.90 99999.90 99999.90 99999.90 99999.90 99999.90 99999.90 99999.90 99999.90 99999.90 99999.90 99999.90 99999.90 99999.90 99999.90 99999.90 99999.90 99999.90 99999.90 99999.90 99999.90 13.20 13.20 12.76 12.67 12.67 12.67 11.93 11.93 11.93 11.93 11.93 11.93 11.93 11.93 11.93 11.58 11.07 10.95 11.35 11.34 11.37 11.48 11.91 12.00 12.23 12.45 12.67 12.80 12.79 12.78 13.10 13.25 13.34 13.25 13.45 13.52 13.56 13.62 13.48 13.52 13.55 13.40 13.34 13.37 13.34 13.46 13.51 13.44 13.46
99999.90 99999.90 99999.90 99999.90 99999.90 99999.90 99999.90 99999.90 99999.90 99999.90 99999.90 99999.90 99999.90 99999.90 99999.90 99999.90 99999.90 99999.90 99999.90 99999.90 99999.90 99999.90 99999.90 99999.90 99999.90 99999.90 99999.90 99999.90 13.20 13.20 12.76 12.67 11.49 11.49 11.49 11.49 11.49 11.49 11.49 11.49 11.49 11.49 11.49 10.76 11.46 11.37 11.23 11.19 11.55 11.66 11.80 11.91 12.03 12.20 12.47 12.63 12.50 12.57 12.97 13.29 13.36 13.42 13.44 13.49 13.53 13.54 13.52 13.56 13.52 13.48 13.36 13.29 13.35 13.47 13.56 13.51 13.43
99999.90 99999.90 99999.90 99999.90 99999.90 99999.90 99999.90 99999.90 99999.90 99999.90 99999.90 99999.90 99999.90 99999.90 99999.90 99999.90 99999.90 99999.90 99999.90 99999.90 99999.90 99999.90 99999.90 99999.90 99999.90 99999.90 99999.90 99999.90 99999.90 12.67 12.76 12.67 11.39 11.39 11.39 11.39 11.39 11.39 11.39 11.39 11.39 11.39 11.39 10.42 11.10 11.19 11.50 11.66 11.51 11.39 11.71 11.64 12.03 12.36 12.53 12.51 12.49 12.76 12.92 13.10 13.22 13.34 13.31 13.47 13.53 13.43 13.48 13.50 13.56 13.52 13.37 13.38 13.38 13.45 13.54 13.46 13.45
99999.90 99999.90 99999.90 99999.90 99999.90 99999.90 99999.90 99999.90 99999.90 99999.90 99999.90 99999.90 99999.90 99999.90 99999.90 99999.90 99999.90 99999.90 99999.90 99999.90 99999.90 99999.90 99999.90 99999.90 99999.90 99999.90 99999.90 99999.90 99999.90 99999.90 12.76 12.67 11.85 11.85 11.85 11.85 11.85 11.85 11.85 11.85 11.85 11.85 11.85 11.18 11.03 11.34 11.77 11.69 11.54 11.30 11.18 11.40 11.88 12.05 12.36 12.25 12.48 12.81 12.98 12.87 12.95 13.00 13.23 13.38 13.52 13.48 13.47 13.49 13.46 13.45 13.45 13.40 13.46 13.48 13.50 13.51 13.48
99999.90 99999.90 99999.90 99999.90 99999.90 99999.90 99999.90 99999.90 99999.90 99999.90 99999.90 99999.90 99999.90 99999.90 99999.90 99999.90 99999.90 99999.90 99999.90 99999.90 99999.90 99999.90 99999.90 99999.90 99999.90 99999.90 99999.90 99999.90 99999.90 99999.90 12.76 12.67 12.27 12.27 12.27 12.27 12.27 12.27 12.27 12.27 12.27 12.27 12.27 11.35 11.22 11.31 11.76 11.62 11.47 11.56 11.05 11.16 11.46 11.85 11.99 12.22 12.37 12.67 12.86 12.88 12.86 13.08 13.08 13.21 13.22 13.35 13.37 13.58 13.52 13.59 13.50 13.44 13.43 13.48 13.48 13.46 13.45
99999.90 99999.90 99999.90 99999.90 99999.90 99999.90 99999.90 99999.90 99999.90 99999.90 99999.90 99999.90 99999.90 99999.90 99999.90 99999.90 99999.90 99999.90 99999.90 99999.90 99999.90 99999.90 99999.90 99999.90 99999.90 99999.90 99999.90 99999.90 99999.90 99999.90 99999.90 12.67 12.46 12.46 12.46 12.46 12.46 12.46 12.46 12.46 12.46 12.46 12.46 11.83 11.27 11.53 12.05 11.60 11.51 11.26 11.04 11.31 11.60 11.64 11.92 12.37 12.53 12.37 12.45 12.78 12.73 13.00 12.99 13.13 13.08 13.13 13.39 13.36 13.40 13.46 13.42 13.37 13.36 13.40 13.42 13.41 13.43
99999.90 99999.90 99999.90 99999.90 99999.90 99999.90 99999.90 99999.90 99999.90 99999.90 99999.90 99999.90 99999.90 99999.90 99999.90 99999.90 99999.90 99999.90 99999.90 99999.90 99999.90 99999.90 99999.90 99999.90 99999.90 99999.90 99999.90 99999.90 99999.90 99999.90 99999.90 12.67 12.26 12.26 12.26 12.26 12.26 12.26 12.26 12.26 12.26 12.26 12.26 11.49 10.85 11.46 11.95 11.30 11.28 11.33 10.98 11.17 11.16 11.58 11.71 12.13 12.51 12.00 12.24 12.31 12.57 12.60 12.70 12.91 12.84 12.99 13.32 13.29 13.30 13.27 13.33 13.37 13.39 13.36 13.36 13.45 13.46
99999.90 99999.90 99999.90 99999.90 99999.90 99999.90 99999.90 99999.90 99999.90 99999.90 99999.90 99999.90 99999.90 99999.90 99999.90 99999.90 99999.90 99999.90 99999.90 99999.90 99999.90 99999.90 99999.90 99999.90 99999.90 99999.90 99999.90 99999.90 99999.90 99999.90 99999.90 99999.90 12.39 12.39 12.39 12.39 12.39 12.39 12.39 12.39 12.39 12.39 12.39 11.08 10.80 11.26 11.35 11.18 10.92 10.96 11.05 11.00 11.26 11.31 11.40 12.27 12.15 11.77 11.92 12.42 12.48 12.46 12.67 12.46 12.70 12.95 12.77 13.12 13.06 13.05 13.18 13.23 13.33 13.24 13.32 13.39 13.38
99999.90 99999.90 99999.90 99999.90 99999.90 99999.90 99999.90 99999.90 99999.90 99999.90 99999.90 99999.90 99999.90 99999.90 99999.90 99999.90 99999.90 99999.90 99999.90 99999.90 99999.90 99999.90 99999.90 99999.90 99999.90 99999.90 99999.90 99999.90 99999.90 99999.90 99999.90 99999.90 12.39 12.39 12.39 12.39 12.39 12.39 12.39 12.39 12.39 12.39 12.39 11.69 11.69 10.73 11.51 11.34 11.10 11.05 11.11 11.22 11.48 11.45 11.18 11.52 11.72 11.94 11.96 12.61 12.53 12.63 12.51 12.59 12.88 12.67 12.80 12.66 12.78 12.92 13.09 13.05 12.99 13.06 13.25 13.27 13.23
99999.90 99999.90 99999.90 99999.90 99999.90 99999.90 99999.90 99999.90 99999.90 99999.90 99999.90 99999.90 99999.90 99999.90 99999.90 99999.90 99999.90 99999.90 99999.90 99999.90 99999.90 99999.90 99999.90 99999.90 99999.90 99999.90 99999.90 99999.90 99999.90 99999.90 99999.90 99999.90 12.39 12.39 12.39 12.39 12.39 12.39 12.39 12.39 12.39 12.71 12.71 12.71 12.44 11.73 11.79 11.85 11.57 11.44 10.91 11.04 11.63 11.11 11.32 11.25 11.43 11.74 12.09 12.11 12.36 12.59 12.42 12.59 12.71 12.83 12.66 12.56 12.93 12.70 12.99 12.64 12.77 12.90 13.03 13.21 13.25
99999.90 99999.90 99999.90 99999.90 99999.90 99999.90 99999.90 99999.90 99999.90 99999.90 99999.90 99999.90 99999.90 99999.90 99999.90 99999.90 99999.90 99999.90 99999.90 99999.90 99999.90 99999.90 99999.90 99999.90 99999.90 99999.90 99999.90 99999.90 99999.90 99999.90 99999.90 99999.90 12.39 12.39 12.39 12.39 12.39 12.39 12.39 12.71 12.71 12.71 12.71 12.71 13.17 12.38 11.77 12.32 11.20 10.62 10.48 10.61 11.33 11.07 10.69 11.20 11.44 11.65 11.71 11.81 12.06 12.27 12.11 12.22 12.46 12.41 12.29 12.54 12.67 12.57 12.37 12.63 12.62 12.57 12.94 13.28 13.34
99999.90 99999.90 99999.90 99999.90 99999.90 99999.90 99999.90 99999.90 99999.90 99999.90 99999.90 99999.90 99999.90 99999.90 99999.90 99999.90 99999.90 99999.90 99999.90 99999.90 99999.90 99999.90 99999.90 99999.90 99999.90 99999.90 99999.90 99999.90 99999.90 99999.90 99999.90 99999.90 12.39 12.39 12.39 12.39 12.39 12.71 12.71 12.71 12.71 12.71 12.71 13.17 13.17 12.48 11.99 11.40 10.74 10.45 10.59 10.63 11.07 10.43 11.24 11.33 11.47 11.45 11.62 11.59 11.91 11.93 11.83 11.75 12.11 12.53 12.27 11.96 12.45 12.56 12.42 12.41 12.59 12.96 12.95 13.10 13.18
99999.90 99999.90 99999.90 99999.90 99999.90 99999.90 99999.90 99999.90 99999.90 99999.90 99999.90 99999.90 99999.90 99999.90 99999.90 99999.90 99999.90 99999.90 99999.90 99999.90 99999.90 99999.90 99999.90 99999.90 99999.90 99999.90 99999.90 99999.90 99999.90 99999.90 99999.90 99999.90 12.39 12.39 12.39 12.71 12.71 12.71 12.71 12.71 12.71 12.71 13.17 13.17 12.48 12.48 11.99 11.75 11.42 11.10 10.64 11.14 10.91 11.42 11.64 11.56 11.25 11.24 11.21 11.40 11.50 11.48 11.37 11.47 12.05 12.40 12.01 12.16 12.46 12.44 12.33 12.39 12.64 12.67 12.92 13.08 13.11
99999.90 99999.90 99999.90 99999.90 99999.90 99999.90 99999.90 99999.90 99999.90 99999.90 99999.90 99999.90 99999.90 99999.90 99999.90 99999.90 99999.90 99999.90 99999.90 99999.90 99999.90 99999.90 99999.90 99999.90 99999.90 99999.90 99999.90 99999.90 99999.90 99999.90 99999.90 99999.90 12.39 12.71 12.71 12.71 12.71 12.71 12.71 12.71 12.71 13.17 13.17 12.48 12.48 11.99 11.99 11.87 11.26 12.06 11.54 11.38 11.50 10.91 11.45 11.33 11.37 10.67 11.31 11.32 11.75 11.52 11.69 11.70 12.15 12.19 11.87 12.44 12.59 12.31 11.97 12.26 12.50 12.78 12.69 12.94 13.16
99999.90 99999.90 99999.90 99999.90 99999.90 99999.90 99999.90 99999.90 99999.90 99999.90 99999.90 99999.90 99999.90 99999.90 99999.90 99999.90 99999.90 99999.90 99999.90 99999.90 99999.90 99999.90 99999.90 99999.90 99999.90 99999.90 99999.90 99999.90 99999.90 99999.90 99999.90 99999.90 12.39 12.71 12.71 12.71 12.71 12.71 12.71 12.71 13.17 13.17 12.48 12.48 11.99 11.59 11.59 11.59 11.44 11.88 11.46 11.15 10.18 10.74 11.71 11.59 11.37 11.12 11.82 11.32 11.49 11.81 12.09 12.03 11.60 12.19 11.96 12.36 12.61 12.26 12.18 11.87 12.43 12.54 12.49 12.96 13.00
99999.90 99999.90 99999.90 99999.90 99999.90 99999.90 99999.90 99999.90 99999.90 99999.90 99999.90 99999.90 99999.90 99999.90 99999.90 99999.90 99999.90 99999.90 99999.90 99999.90 99999.90 99999.90 99999.90 99999.90 99999.90 99999.90 99999.90 99999.90 99999.90 99999.90 99999.90 99999.90 12.39 12.71 12.71 12.71 12.71 12.71 12.71 13.17 13.17 12.48 12.48 11.59 11.59 11.59 11.59 11.59 12.48 11.87 11.21 10.50 10.97 11.28 11.36 11.80 11.89 12.09 11.53 11.92 11.67 11.99 11.80 11.54 11.50 11.70 12.26 12.28 12.20 11.83 11.77 12.11 12.03 12.09 12.17 12.40 12.75
99999.90 99999.90 99999.90 99999.90 99999.90 99999.90 99999.90 99999.90 99999.90 99999.90 99999.90 99999.90 99999.90 99999.90 99999.90 99999.90 99999.90 99999.90 99999.90 99999.90 99999.90 99999.90 99999.90 99999.90 99999.90 99999.90 99999.90 99999.90 99999.90 99999.90 99999.90 99999.90 12.39 12.71 12.71 12.71 12.71 12.71 13.17 13.17 12.48 11.59 11.59 11.59 11.59 11.59 11.59 12.48 12.48 12.24 11.85 11.19 11.68 11.69 11.69 12.37 11.82 11.63 11.59 11.47 12.05 12.13 11.25 11.23 11.28 11.25 11.64 11.73 12.27 11.88 11.90 11.62 11.75 11.90 12.42 12.24 12.32
99999.90 99999.90 99999.90 99999.90 99999.90 99999.90 99999.90 99999.90 99999.90 99999.90 99999.90 99999.90 99999.90 99999.90 99999.90 99999.90 99999.90 99999.90 99999.90 99999.90 99999.90 99999.90 99999.90 99999.90 99999.90 99999.90 99999.90 99999.90 99999.90 99999.90 99999.90 99999.90 12.39 12.71 12.71 12.71 12.71 13.17 13.17 12.48 11.59 11.59 11.59 11.59 11.59 11.59 12.48 12.48 12.24 12.24 12.52 11.68 11.97 11.29 11.77 11.33 10.99 11.33 11.18 11.57 11.90 12.12 12.08 12.10 11.37 11.11 11.57 11.27 11.63 11.53 11.41 11.73 11.80 11.89 12.15 12.02 12.29
99999.90 99999.90 99999.90 99999.90 99999.90 99999.90 99999.90 99999.90 99999.90 99999.90 99999.90 99999.90 99999.90 99999.90 99999.90 99999.90 99999.90 99999.90 99999.90 99999.90 99999.90 99999.90 99999.90 99999.90 99999.90 99999.90 99999.90 99999.90 99999.90 99999.90 99999.90 99999.90 99999.90 12.71 12.71 12.71 13.17 13.17 11.59 11.59 11.59 11.59 11.59 11.59 11.59 12.48 12.48 12.24 12.07 12.07 12.07 11.91 11.63 10.31 11.28 11.27 11.86 11.34 10.79 10.46 11.80 12.01 11.20 11.82 10.87 10.68 11.44 11.20 11.57 11.43 11.33 11.76 12.18 12.03 11.80 12.24 12.14
99999.90 99999.90 99999.90 99999.90 99999.90 99999.90 99999.90 99999.90 99999.90 99999.90 99999.90 99999.90 99999.90 99999.90 99999.90 99999.90 99999.90 99999.90 99999.90 99999.90 99999.90 99999.90 99999.90 99999.90 99999.90 99999.90 99999.90 99999.90 99999.90 99999.90 99999.90 99999.90 99999.90 12.71 12.71 13.17 13.17 11.59 11.59 11.59 11.59 11.59 11.59 11.59 12.48 12.48 12.07 12.07 12.07 12.07 12.07 12.04 11.09 10.29 10.91 11.71 11.46 11.09 10.55 11.12 11.73 11.27 11.65 12.20 12.01 11.92 12.17 11.54 11.45 10.94 11.15 11.64 11.87 11.67 11.70 12.16 11.85
99999.90 99999.90 99999.90 99999.90 99999.90 99999.90 99999.90 99999.90 99999.90 99999.90 99999.90 99999.90 99999.90 99999.90 99999.90 99999.90 99999.90 99999.90 99999.90 99999.90 99999.90 99999.90 99999.90 99999.90 99999.90 99999.90 99999.90 99999.90 99999.90 99999.90 99999.90 99999.90 99999.90 99999.90 13.17 13.17 12.48 11.59 11.59 11.59 11.59 11.59 11.59 12.48 12.07 12.07 12.07 12.07 12.07 11.59 11.59 11.59 11.01 10.63 11.49 11.32 11.26 11.29 11.68 11.33 10.90 11.37 12.19 11.12 11.74 12.36 12.26 11.87 11.55 11.00 11.35 11.61 11.98 11.89 11.67 11.74 11.72
99999.90 99999.90 99999.90 99999.90 99999.90 99999.90 99999.90 99999.90 99999.90 99999.90 99999.90 99999.90 99999.90 99999.90 99999.90 99999.90 99999.90 99999.90 99999.90 99999.90 99999.90 99999.90 99999.90 99999.90 99999.90 99999.90 99999.90 99999.90 99999.90 99999.90 99999.90 99999.90 99999.90 99999.90 99999.90 12.48 12.48 11.59 11.59 11.59 11.59 11.59 12.48 12.07 12.07 12.07 12.07 11.59 11.59 11.59 11.59 11.59 10.77 10.99 11.21 10.98 11.32 10.68 11.22 11.33 10.92 11.31 11.15 10.71 11.75 12.05 11.45 12.04 11.74 11.21 11.24 11.62 12.04 11.45 11.22 11.03 11.66
