main/data/irradiance/24.08.2023.grid
ncols 839
nrows 679
xllcenter 112.0500
yllcenter -43.9500
cellsize 0.0500
nodata_value 99999.90
[rows 68 to 101 of 679, columns 616 to 692 of 839]
18.05 19.00 20.48 20.25 19.67 21.40 20.95 20.86 23.32 21.97 15.16 14.65 17.44 16.04 13.78 13.78 13.78 13.78 13.78 13.78 13.78 13.78 13.78 13.78 13.78 99999.90 99999.90 99999.90 99999.90 99999.90 99999.90 99999.90 99999.90 99999.90 99999.90 99999.90 99999.90 99999.90 99999.90 99999.90 99999.90 99999.90 99999.90 99999.90 99999.90 99999.90 99999.90 99999.90 99999.90 99999.90 99999.90 99999.90 99999.90 99999.90 99999.90 99999.90 99999.90 99999.90 99999.90 99999.90 99999.90 99999.90 99999.90 99999.90 99999.90 99999.90 99999.90 99999.90 99999.90 99999.90 99999.90 99999.90 99999.90 99999.90 99999.90 99999.90 99999.90
19.38 19.10 20.13 20.55 19.43 20.47 20.76 22.28 23.48 22.70 18.20 17.73 18.93 15.63 13.82 13.82 13.82 13.82 13.82 13.82 13.82 13.82 13.82 13.82 13.82 22.14 99999.90 99999.90 99999.90 99999.90 99999.90 99999.90 99999.90 99999.90 99999.90 99999.90 99999.90 99999.90 99999.90 99999.90 99999.90 99999.90 99999.90 99999.90 99999.90 99999.90 99999.90 99999.90 99999.90 99999.90 99999.90 99999.90 99999.90 99999.90 99999.90 99999.90 99999.90 99999.90 99999.90 99999.90 99999.90 99999.90 99999.90 99999.90 99999.90 99999.90 99999.90 99999.90 99999.90 99999.90 99999.90 99999.90 99999.90 99999.90 99999.90 99999.90 99999.90
20.61 20.94 22.00 20.93 20.18 21.20 21.12 21.72 23.40 22.79 20.21 17.67 17.25 17.43 15.12 15.12 15.12 15.12 15.12 15.12 15.12 15.12 15.12 15.12 15.12 22.14 21.86 99999.90 99999.90 99999.90 99999.90 99999.90 99999.90 99999.90 99999.90 99999.90 99999.90 99999.90 99999.90 99999.90 99999.90 99999.90 99999.90 99999.90 99999.90 99999.90 99999.90 99999.90 99999.90 99999.90 99999.90 99999.90 99999.90 99999.90 99999.90 99999.90 99999.90 99999.90 99999.90 99999.90 99999.90 99999.90 99999.90 99999.90 99999.90 99999.90 99999.90 99999.90 99999.90 99999.90 99999.90 99999.90 99999.90 99999.90 99999.90 99999.90 99999.90
21.27 20.36 20.91 21.14 21.50 22.28 21.62 21.48 23.45 22.96 19.28 16.27 18.33 18.55 15.12 15.12 15.12 15.12 15.12 15.12 15.12 15.12 15.12 15.12 15.12 21.86 21.86 99999.90 99999.90 99999.90 99999.90 99999.90 99999.90 99999.90 99999.90 99999.90 99999.90 99999.90 99999.90 99999.90 99999.90 99999.90 99999.90 99999.90 99999.90 99999.90 99999.90 99999.90 99999.90 99999.90 99999.90 99999.90 99999.90 99999.90 99999.90 99999.90 99999.90 99999.90 99999.90 99999.90 99999.90 99999.90 99999.90 99999.90 99999.90 99999.90 99999.90 99999.90 99999.90 99999.90 99999.90 99999.90 99999.90 99999.90 99999.90 99999.90 99999.90
22.11 21.54 21.76 21.84 22.36 22.51 22.43 21.91 23.42 22.74 18.47 17.27 17.67 19.89 19.89 19.89 15.12 15.12 15.12 15.12 15.12 15.12 15.12 15.12 15.12 21.86 21.86 99999.90 99999.90 99999.90 99999.90 99999.90 99999.90 99999.90 99999.90 99999.90 99999.90 99999.90 99999.90 99999.90 99999.90 99999.90 99999.90 99999.90 99999.90 99999.90 99999.90 99999.90 99999.90 99999.90 99999.90 99999.90 99999.90 99999.90 99999.90 99999.90 99999.90 99999.90 99999.90 99999.90 99999.90 99999.90 99999.90 99999.90 99999.90 99999.90 99999.90 99999.90 99999.90 99999.90 99999.90 99999.90 99999.90 99999.90 99999.90 99999.90 99999.90
20.97 21.84 21.71 21.90 22.42 22.45 22.56 23.13 23.21 23.09 20.37 17.94 16.94 20.05 20.05 20.05 20.05 20.05 15.12 15.12 15.12 15.12 15.12 15.12 15.12 21.86 21.86 22.74 22.74 22.74 22.74 22.74 22.74 22.74 22.74 22.74 22.74 22.74 22.74 22.74 22.74 22.74 22.74 22.74 99999.90 99999.90 99999.90 99999.90 99999.90 99999.90 99999.90 99999.90 99999.90 99999.90 99999.90 99999.90 99999.90 99999.90 99999.90 99999.90 99999.90 99999.90 99999.90 99999.90 99999.90 99999.90 99999.90 99999.90 99999.90 99999.90 99999.90 99999.90 99999.90 99999.90 99999.90 99999.90 99999.90
17.10 16.78 17.19 18.06 19.31 21.39 22.85 23.12 23.19 22.53 19.40 17.86 16.55 19.46 19.46 19.46 19.46 19.46 19.46 20.96 20.96 20.96 21.86 21.86 21.86 21.86 22.74 22.74 22.74 22.74 22.74 22.74 22.74 22.74 22.74 22.74 22.74 22.74 22.74 22.74 22.74 22.74 22.74 22.74 99999.90 99999.90 99999.90 99999.90 99999.90 99999.90 99999.90 99999.90 99999.90 99999.90 99999.90 99999.90 99999.90 99999.90 99999.90 99999.90 99999.90 99999.90 99999.90 99999.90 99999.90 99999.90 99999.90 99999.90 99999.90 99999.90 99999.90 99999.90 99999.90 99999.90 99999.90 99999.90 99999.90
18.46 17.86 18.06 18.58 19.85 21.00 21.96 23.14 23.32 20.25 15.70 16.11 17.65 19.70 19.70 19.70 20.96 20.96 20.96 20.96 20.96 21.86 21.86 21.86 21.86 20.55 20.55 22.74 22.74 22.74 22.74 22.74 22.74 22.74 22.74 22.74 22.74 22.74 22.74 22.74 22.74 22.74 22.74 22.74 21.90 99999.90 99999.90 99999.90 99999.90 99999.90 99999.90 99999.90 99999.90 99999.90 99999.90 99999.90 99999.90 99999.90 99999.90 99999.90 99999.90 99999.90 99999.90 99999.90 99999.90 99999.90 99999.90 99999.90 99999.90 99999.90 99999.90 99999.90 99999.90 99999.90 99999.90 99999.90 99999.90
19.77 19.90 19.44 20.10 20.86 22.30 22.15 23.01 23.24 21.28 15.47 15.79 17.53 19.39 19.39 20.96 20.96 20.96 20.96 22.14 21.86 21.86 21.86 21.86 21.86 20.55 20.55 20.55 22.74 22.74 22.74 22.74 22.74 22.74 22.74 22.74 22.74 22.74 22.74 22.74 22.74 22.74 22.74 22.74 21.90 99999.90 99999.90 99999.90 99999.90 99999.90 99999.90 99999.90 99999.90 99999.90 99999.90 99999.90 99999.90 99999.90 99999.90 99999.90 99999.90 99999.90 99999.90 99999.90 99999.90 99999.90 99999.90 99999.90 99999.90 99999.90 99999.90 99999.90 99999.90 99999.90 99999.90 99999.90 99999.90
20.31 20.46 20.47 21.04 20.76 22.10 22.50 22.81 23.22 22.18 16.21 16.97 18.02 19.23 20.96 20.96 20.96 22.14 22.14 21.86 21.86 21.86 21.86 21.86 21.86 20.55 20.55 20.55 22.74 22.74 22.74 22.74 22.74 22.74 22.74 22.74 22.74 22.74 22.74 22.74 22.74 22.74 22.74 22.74 21.90 22.45 99999.90 99999.90 99999.90 99999.90 99999.90 99999.90 99999.90 99999.90 99999.90 99999.90 99999.90 99999.90 99999.90 99999.90 99999.90 99999.90 99999.90 99999.90 99999.90 99999.90 99999.90 99999.90 99999.90 99999.90 99999.90 99999.90 99999.90 99999.90 99999.90 99999.90 99999.90
20.34 19.46 20.41 21.05 21.16 21.35 21.59 22.36 22.91 23.02 20.06 18.76 18.36 19.16 20.86 20.86 22.14 22.14 21.86 21.86 21.86 21.86 21.86 21.86 20.55 20.55 20.55 20.55 22.74 22.74 22.74 22.74 22.74 22.74 22.74 22.74 22.74 22.74 22.74 22.74 22.74 22.74 22.74 22.74 21.90 22.45 99999.90 99999.90 99999.90 99999.90 99999.90 99999.90 99999.90 99999.90 99999.90 99999.90 99999.90 99999.90 99999.90 99999.90 99999.90 99999.90 99999.90 99999.90 99999.90 99999.90 99999.90 99999.90 99999.90 99999.90 99999.90 99999.90 99999.90 99999.90 99999.90 99999.90 99999.90
20.27 19.20 20.27 19.60 21.05 20.90 20.80 22.36 22.47 22.48 20.12 18.32 18.51 18.86 20.36 22.14 22.14 21.86 21.86 21.86 21.86 21.86 21.86 21.86 20.55 20.55 20.55 20.55 20.55 22.74 22.74 22.74 22.74 22.74 22.74 22.74 22.74 22.74 22.74 22.74 22.74 22.74 22.74 22.74 21.90 22.45 99999.90 99999.90 99999.90 99999.90 99999.90 99999.90 99999.90 99999.90 99999.90 99999.90 99999.90 99999.90 99999.90 99999.90 99999.90 99999.90 99999.90 99999.90 99999.90 99999.90 99999.90 99999.90 99999.90 99999.90 99999.90 99999.90 99999.90 99999.90 99999.90 99999.90 99999.90
20.01 20.70 20.54 20.06 20.57 19.98 20.67 20.77 21.12 20.69 20.83 19.67 19.86 19.59 19.84 21.25 21.86 21.86 21.86 21.86 21.86 21.86 21.86 20.55 20.55 20.55 20.55 20.55 20.55 22.74 22.74 22.74 22.74 22.74 22.74 22.74 22.74 22.74 22.74 22.74 22.74 22.74 21.90 21.90 21.90 22.45 99999.90 99999.90 99999.90 99999.90 99999.90 99999.90 99999.90 99999.90 99999.90 99999.90 99999.90 99999.90 99999.90 99999.90 99999.90 99999.90 99999.90 99999.90 99999.90 99999.90 99999.90 99999.90 99999.90 99999.90 99999.90 99999.90 99999.90 99999.90 99999.90 99999.90 99999.90
20.75 20.59 20.94 19.77 19.94 20.32 21.40 20.08 20.49 20.99 21.69 20.99 19.84 19.97 19.94 20.60 21.66 21.66 21.66 21.66 21.66 21.66 21.66 20.55 20.55 20.55 20.55 20.55 20.55 22.74 22.74 22.74 22.74 22.74 22.74 22.74 22.74 22.74 22.74 22.74 21.90 21.90 21.90 21.90 21.90 22.45 19.94 19.94 19.94 99999.90 99999.90 99999.90 99999.90 99999.90 99999.90 99999.90 99999.90 99999.90 99999.90 99999.90 99999.90 99999.90 99999.90 99999.90 99999.90 99999.90 99999.90 99999.90 99999.90 99999.90 99999.90 99999.90 99999.90 99999.90 99999.90 99999.90 99999.90
20.23 20.00 20.23 21.03 19.68 20.29 20.99 20.89 20.09 20.23 20.87 19.93 19.68 19.84 20.06 20.36 20.71 20.71 20.71 20.71 20.71 20.71 20.65 20.55 20.55 20.55 20.55 20.55 20.55 20.55 22.74 22.74 22.74 22.74 22.74 22.74 22.74 22.74 21.90 21.90 21.90 21.90 21.90 22.45 22.45 22.45 21.18 21.18 21.18 21.18 21.18 99999.90 99999.90 99999.90 99999.90 99999.90 99999.90 99999.90 99999.90 99999.90 99999.90 99999.90 99999.90 99999.90 99999.90 99999.90 99999.90 99999.90 99999.90 99999.90 99999.90 99999.90 99999.90 99999.90 99999.90 99999.90 99999.90
20.44 20.08 20.11 20.26 20.16 19.94 20.28 20.54 19.92 19.80 19.50 20.01 19.90 20.17 20.46 20.84 20.86 20.86 20.86 20.65 20.65 20.65 20.65 20.55 20.55 20.55 20.55 20.55 20.55 20.55 22.69 22.74 22.74 22.74 22.74 22.74 21.90 21.90 21.90 21.90 21.90 22.45 22.45 22.45 22.45 21.18 21.18 21.18 21.18 21.18 21.18 21.06 99999.90 99999.90 99999.90 99999.90 99999.90 99999.90 99999.90 99999.90 99999.90 99999.90 99999.90 99999.90 99999.90 99999.90 99999.90 99999.90 99999.90 99999.90 99999.90 99999.90 99999.90 99999.90 99999.90 99999.90 99999.90
20.66 20.66 20.31 19.60 19.80 20.39 19.84 20.01 19.29 19.04 18.71 19.61 19.59 20.05 19.75 19.98 19.82 19.82 20.65 20.65 20.65 20.65 21.16 20.55 20.55 20.55 20.55 20.55 20.55 20.65 22.69 22.69 21.80 21.80 21.80 21.90 21.90 21.90 21.90 22.45 22.45 22.45 22.45 22.45 21.18 21.18 21.18 21.18 21.18 21.18 21.06 21.06 99999.90 99999.90 99999.90 99999.90 99999.90 99999.90 99999.90 99999.90 99999.90 99999.90 99999.90 99999.90 99999.90 99999.90 99999.90 99999.90 99999.90 99999.90 99999.90 99999.90 99999.90 99999.90 99999.90 99999.90 99999.90
20.71 20.70 19.79 19.63 20.25 20.54 20.26 19.79 19.32 20.03 19.16 17.54 18.14 19.22 19.55 19.17 19.36 20.65 20.65 20.65 21.16 21.16 21.16 20.55 20.55 20.55 20.55 20.55 20.55 20.65 22.69 22.69 22.18 20.46 21.90 21.90 21.90 22.45 22.45 22.45 22.45 22.45 19.94 21.18 21.18 21.18 21.18 21.18 21.18 21.06 21.06 21.06 19.12 99999.90 99999.90 99999.90 99999.90 99999.90 99999.90 99999.90 99999.90 99999.90 99999.90 99999.90 99999.90 99999.90 99999.90 99999.90 99999.90 99999.90 99999.90 99999.90 99999.90 99999.90 99999.90 99999.90 99999.90
21.57 20.54 20.51 19.51 19.52 20.09 19.74 19.22 19.62 20.59 20.19 17.44 17.59 17.35 18.22 20.29 20.08 20.83 20.83 21.16 21.16 21.16 17.59 19.40 19.50 17.99 17.99 17.99 20.83 20.65 22.63 22.80 22.63 22.57 22.34 22.34 22.45 22.45 22.45 22.45 22.45 19.94 21.18 21.18 21.18 21.18 21.18 21.18 21.06 21.06 20.62 20.62 20.62 20.62 20.62 20.62 99999.90 99999.90 99999.90 99999.90 99999.90 99999.90 99999.90 99999.90 99999.90 99999.90 99999.90 99999.90 99999.90 99999.90 99999.90 99999.90 99999.90 99999.90 99999.90 99999.90 99999.90
20.58 20.86 20.21 19.51 20.29 21.10 20.31 19.13 18.62 18.96 18.57 19.49 18.52 18.23 17.56 17.34 19.58 21.08 21.16 21.16 21.16 17.59 17.59 19.40 19.40 19.50 19.08 19.08 18.56 18.03 20.90 22.19 22.46 22.56 22.56 22.45 22.45 22.45 22.45 22.45 19.94 19.94 21.18 21.18 21.18 21.18 21.18 21.06 21.06 20.62 20.62 20.62 20.62 20.62 20.62 20.62 21.01 99999.90 99999.90 99999.90 99999.90 99999.90 99999.90 99999.90 99999.90 99999.90 99999.90 99999.90 99999.90 99999.90 99999.90 99999.90 99999.90 99999.90 99999.90 99999.90 99999.90
20.56 20.40 19.79 20.38 20.47 19.94 18.73 19.78 20.39 20.70 19.67 18.21 17.38 18.32 17.33 16.83 17.27 19.54 19.68 19.68 17.59 17.59 18.71 19.40 19.40 19.50 19.50 18.86 18.38 18.07 19.68 20.00 20.21 21.49 21.90 22.45 22.45 22.45 19.94 19.94 19.94 21.18 21.18 21.18 21.18 21.18 21.06 21.06 20.62 20.62 20.62 20.62 20.62 20.62 20.62 21.01 21.01 20.37 99999.90 99999.90 99999.90 99999.90 99999.90 99999.90 99999.90 99999.90 99999.90 99999.90 99999.90 99999.90 99999.90 99999.90 99999.90 99999.90 99999.90 99999.90 99999.90
20.69 20.28 20.57 20.50 20.35 19.52 19.81 20.27 20.82 19.36 19.52 19.33 19.59 18.30 18.58 17.32 17.78 18.26 18.83 17.73 17.59 17.59 18.71 19.40 19.40 19.29 18.65 18.47 18.33 17.85 19.19 20.81 21.24 19.78 16.98 21.61 21.61 21.61 19.94 19.94 19.94 21.18 21.18 21.18 21.18 21.06 21.06 21.06 20.62 20.62 20.62 20.62 20.62 20.62 21.01 21.01 20.37 20.37 20.43 99999.90 99999.90 99999.90 99999.90 99999.90 99999.90 99999.90 99999.90 99999.90 99999.90 99999.90 99999.90 99999.90 99999.90 99999.90 99999.90 99999.90 99999.90
19.73 20.57 20.66 20.30 20.13 19.75 20.06 19.94 20.44 19.49 20.00 20.15 19.20 19.13 19.18 18.83 17.36 17.82 18.67 17.52 16.97 17.55 18.71 19.32 18.64 18.40 18.40 17.90 17.32 16.94 18.82 20.21 21.42 18.49 18.59 21.26 21.26 17.43 19.94 19.94 21.18 21.18 21.18 21.18 21.06 21.06 21.06 20.62 20.62 20.62 20.62 20.62 20.62 21.01 21.01 20.37 20.37 20.43 20.43 99999.90 99999.90 99999.90 99999.90 99999.90 99999.90 99999.90 99999.90 99999.90 99999.90 99999.90 99999.90 99999.90 99999.90 99999.90 99999.90 99999.90 99999.90
20.90 20.24 21.08 20.70 19.88 19.68 20.04 20.63 21.09 20.30 19.48 19.66 19.33 17.26 18.84 19.33 18.48 17.92 18.28 19.45 19.03 19.41 19.94 20.22 18.61 18.64 18.97 18.66 19.06 19.05 19.70 19.86 21.29 20.29 21.79 17.54 15.28 17.43 19.94 19.94 21.18 21.18 21.18 21.06 21.06 21.06 20.62 20.62 20.62 20.62 20.62 20.62 21.01 21.01 20.37 20.37 20.43 20.43 20.43 99999.90 99999.90 99999.90 99999.90 99999.90 99999.90 99999.90 99999.90 99999.90 99999.90 99999.90 99999.90 99999.90 99999.90 99999.90 99999.90 99999.90 99999.90
21.26 21.03 21.12 20.91 20.61 20.03 19.89 20.59 21.15 21.19 20.15 20.32 19.39 18.06 18.37 18.53 18.69 18.42 19.35 19.88 19.82 19.78 19.93 19.84 19.31 19.33 18.90 18.28 19.00 19.91 19.87 20.26 20.81 21.44 21.80 17.88 16.94 16.97 19.49 19.82 21.18 21.18 21.06 21.06 21.06 20.62 20.62 20.62 20.62 20.62 20.62 21.01 21.01 20.37 20.37 20.43 20.43 20.43 20.43 99999.90 99999.90 99999.90 99999.90 99999.90 99999.90 99999.90 99999.90 99999.90 99999.90 99999.90 99999.90 99999.90 99999.90 99999.90 99999.90 99999.90 99999.90
21.32 20.95 21.00 20.80 20.52 20.08 20.95 21.15 20.66 21.17 20.68 21.10 20.76 19.21 18.19 18.23 18.97 19.28 18.12 20.03 17.84 19.26 20.50 20.73 20.02 19.01 19.10 18.51 20.11 20.74 19.30 20.59 20.69 21.02 19.79 16.19 18.57 17.76 18.64 17.53 18.81 21.06 21.06 21.06 19.12 20.62 20.62 20.62 20.62 20.62 21.01 21.01 20.37 20.37 20.43 20.43 20.43 20.43 20.43 99999.90 99999.90 99999.90 99999.90 99999.90 99999.90 99999.90 99999.90 99999.90 99999.90 99999.90 99999.90 99999.90 99999.90 99999.90 99999.90 99999.90 99999.90
21.14 21.01 21.65 21.49 21.05 21.25 20.72 20.58 20.74 21.39 21.37 21.49 21.30 20.30 19.19 19.33 19.29 18.29 18.68 19.71 18.78 18.50 19.55 20.50 19.24 18.97 18.76 19.78 20.55 20.95 20.46 21.62 21.21 19.56 17.94 19.46 19.74 19.17 18.30 14.99 17.80 19.98 19.98 19.12 20.80 20.62 20.62 20.62 20.62 21.01 21.01 20.37 20.37 20.43 20.43 20.43 20.43 20.43 20.43 99999.90 99999.90 99999.90 99999.90 99999.90 99999.90 99999.90 99999.90 99999.90 99999.90 99999.90 99999.90 99999.90 99999.90 99999.90 99999.90 99999.90 99999.90
20.67 20.91 20.67 20.89 21.26 21.61 21.40 21.24 20.88 21.00 21.64 21.54 20.00 19.72 19.66 20.00 20.23 19.25 19.02 20.69 20.00 20.10 20.61 19.30 19.36 18.73 19.26 20.33 20.86 20.87 21.93 20.41 19.35 18.79 18.79 19.85 20.91 18.81 17.91 17.72 19.75 20.36 19.12 19.12 20.80 20.62 20.62 20.62 21.01 21.01 20.37 20.37 20.43 20.43 20.43 20.43 20.43 20.43 20.43 99999.90 99999.90 99999.90 99999.90 99999.90 99999.90 99999.90 99999.90 99999.90 99999.90 99999.90 99999.90 99999.90 99999.90 99999.90 99999.90 99999.90 99999.90
20.96 20.87 20.02 20.84 21.14 21.42 20.98 20.97 21.36 21.39 21.38 20.71 20.02 19.48 19.62 19.23 19.08 19.02 19.38 19.74 19.68 20.01 19.70 19.67 18.84 19.63 21.14 21.13 20.69 21.89 21.91 20.04 20.05 19.45 18.67 20.25 19.61 17.73 17.81 18.11 20.74 19.29 19.70 20.53 20.80 20.62 20.62 21.01 21.01 20.37 20.37 20.43 20.43 20.43 20.43 20.43 20.43 20.43 20.43 99999.90 99999.90 99999.90 99999.90 99999.90 99999.90 99999.90 99999.90 99999.90 99999.90 99999.90 99999.90 99999.90 99999.90 99999.90 99999.90 99999.90 99999.90
21.51 20.57 20.91 21.09 20.61 20.54 21.55 21.50 21.17 21.30 21.33 21.33 20.90 20.62 20.55 20.24 19.85 18.54 19.28 21.13 21.27 20.74 19.46 20.30 19.54 20.31 20.67 20.39 20.78 21.79 21.46 21.07 20.42 19.91 20.29 19.44 17.97 18.61 18.54 18.42 19.60 18.49 19.18 21.15 20.72 20.56 21.01 21.01 20.37 20.37 20.43 20.43 20.43 20.43 20.43 20.43 20.43 20.43 20.43 99999.90 99999.90 99999.90 99999.90 99999.90 99999.90 99999.90 99999.90 99999.90 99999.90 99999.90 99999.90 99999.90 99999.90 99999.90 99999.90 99999.90 99999.90
21.17 21.25 21.05 20.88 21.08 21.05 21.17 21.57 21.52 21.17 20.67 21.83 21.64 21.12 20.60 20.54 20.57 20.11 19.58 20.73 20.81 19.53 20.35 21.17 21.62 21.50 21.46 21.66 21.30 22.23 20.84 21.01 20.25 20.43 21.31 19.48 19.38 20.31 19.38 17.90 19.15 17.60 17.71 18.88 17.68 18.04 20.04 20.37 20.37 20.43 20.43 20.43 20.43 20.43 20.43 20.43 20.43 20.43 20.43 99999.90 99999.90 99999.90 99999.90 99999.90 99999.90 99999.90 99999.90 99999.90 99999.90 99999.90 99999.90 99999.90 99999.90 99999.90 99999.90 99999.90 99999.90
21.32 20.40 21.44 21.12 20.89 20.79 21.19 20.98 21.13 20.79 21.15 21.06 21.36 21.22 20.59 20.69 19.82 20.52 20.09 20.60 21.66 20.90 20.32 21.86 21.45 21.57 21.45 22.21 22.81 22.12 22.34 21.98 21.73 21.56 20.97 20.87 19.62 20.18 19.70 19.43 18.45 17.82 17.18 16.47 14.91 15.36 19.77 20.73 20.43 20.43 20.43 20.43 20.43 20.43 20.43 20.43 20.43 20.43 20.43 99999.90 99999.90 99999.90 99999.90 99999.90 99999.90 99999.90 99999.90 99999.90 99999.90 99999.90 99999.90 99999.90 99999.90 99999.90 99999.90 99999.90 99999.90
21.00 21.27 20.84 20.93 20.51 21.02 21.13 21.27 21.09 21.47 20.69 21.16 20.99 21.22 21.16 20.81 19.72 20.10 20.89 21.03 21.58 21.13 21.30 21.80 21.90 21.70 22.21 22.66 22.84 22.71 22.77 22.64 22.50 21.90 20.75 20.34 20.83 21.30 21.27 20.73 18.31 17.05 17.41 16.30 15.97 17.11 19.18 20.13 18.98 18.98 18.98 18.98 18.98 18.98 18.98 18.98 18.98 18.98 18.98 99999.90 99999.90 99999.90 99999.90 99999.90 99999.90 99999.90 99999.90 99999.90 99999.90 99999.90 99999.90 99999.90 99999.90 99999.90 99999.90 99999.90 99999.90
21.10 21.23 21.09 21.15 21.01 21.16 21.22 21.13 21.17 21.34 20.40 20.78 20.44 20.89 20.77 20.33 19.66 20.29 19.88 20.09 21.15 22.19 21.20 21.90 21.84 22.05 22.31 22.65 22.93 22.99 22.89 22.90 22.76 22.08 22.14 21.81 20.94 20.16 19.44 20.51 18.48 18.96 18.46 16.93 15.37 16.42 18.38 17.98 18.98 18.98 18.98 18.98 18.98 18.98 18.98 18.98 18.98 18.98 18.98 99999.90 99999.90 99999.90 99999.90 99999.90 99999.90 99999.90 99999.90 99999.90 99999.90 99999.90 99999.90 99999.90 99999.90 99999.90 99999.90 99999.90 99999.90
