main/data/irradiance/24.07.2023.grid
ncols 839
nrows 679
xllcenter 112.0500
yllcenter -43.9500
cellsize 0.0500
nodata_value 99999.90
[rows 306 to 339 of 679, columns 539 to 615 of 839]
16.46 16.50 16.48 16.46 16.46 16.47 16.47 16.47 16.47 16.50 16.49 16.49 16.52 16.47 16.50 16.51 16.50 16.47 16.46 16.45 16.42 16.44 16.47 16.44 16.37 16.26 16.29 16.12 16.26 16.14 16.23 16.17 16.18 16.18 16.40 16.48 16.48 16.47 16.46 16.46 16.45 16.44 16.44 16.47 16.47 16.46 16.46 16.46 16.43 16.44 16.41 16.42 16.45 16.45 16.44 16.43 16.41 16.37 16.38 16.33 16.26 16.11 16.40 16.40 16.41 16.45 16.44 16.42 15.98 15.70 15.19 14.60 14.34 14.37 14.12 13.82 13.69
16.48 16.46 16.44 16.44 16.45 16.45 16.48 16.48 16.50 16.47 16.49 16.47 16.50 16.47 16.46 16.47 16.46 16.47 16.45 16.43 16.40 16.33 16.24 16.28 16.23 16.26 16.37 16.31 16.15 16.14 16.17 16.13 15.93 16.33 16.44 16.42 16.47 16.47 16.45 16.43 16.43 16.42 16.42 16.45 16.46 16.44 16.40 16.38 16.41 16.41 16.40 16.41 16.44 16.33 16.39 16.39 16.39 16.37 16.35 16.22 16.27 16.22 16.40 16.40 16.40 16.45 16.44 16.42 16.33 16.08 15.75 15.30 14.35 14.46 14.59 14.34 14.27
16.46 16.43 16.40 16.44 16.46 16.48 16.48 16.46 16.43 16.42 16.45 16.43 16.44 16.45 16.42 16.42 16.41 16.42 16.41 16.40 16.25 16.27 16.27 16.26 16.26 16.33 16.30 16.16 16.22 16.21 16.10 16.02 16.01 16.23 16.44 16.43 16.40 16.44 16.43 16.40 16.40 16.39 16.39 16.43 16.43 16.41 16.41 16.39 16.40 16.38 16.38 16.39 16.41 16.34 16.37 16.36 16.34 16.35 16.28 16.22 16.35 16.36 16.33 16.36 16.40 16.38 16.42 16.40 16.29 16.12 15.71 15.33 14.46 14.92 14.95 14.78 14.70
16.41 16.38 16.40 16.40 16.41 16.43 16.43 16.44 16.45 16.45 16.41 16.41 16.40 16.40 16.39 16.41 16.43 16.43 16.22 16.20 16.26 16.23 16.22 16.18 16.22 16.21 16.11 16.21 16.21 16.22 16.01 16.14 16.17 16.18 16.19 16.42 16.41 16.38 16.39 16.36 16.37 16.40 16.38 16.43 16.42 16.43 16.40 16.36 16.37 16.36 16.35 16.38 16.39 16.37 16.36 16.33 16.33 16.33 16.33 16.33 16.35 16.33 16.29 16.32 16.32 16.28 16.34 16.27 16.25 16.27 16.19 15.01 15.37 15.32 14.86 14.88 15.04
16.41 16.38 16.37 16.37 16.36 16.37 16.37 16.35 16.39 16.44 16.42 16.40 16.38 16.36 16.34 16.37 16.23 16.11 16.21 16.15 16.23 16.07 16.02 16.13 16.17 16.18 16.18 16.17 16.21 16.23 16.06 16.07 16.23 16.30 16.23 16.35 16.40 16.37 16.36 16.36 16.38 16.39 16.42 16.38 16.37 16.35 16.35 16.33 16.34 16.34 16.35 16.32 16.32 16.34 16.32 16.30 16.31 16.31 16.32 16.31 16.33 16.30 16.23 16.26 16.27 16.24 16.26 16.27 16.29 16.24 16.19 15.78 15.68 15.43 15.33 15.10 15.21
16.38 16.37 16.35 16.35 16.33 16.33 16.35 16.34 16.35 16.37 16.38 16.40 16.37 16.37 16.38 16.37 16.30 16.16 16.19 16.13 16.23 16.19 16.17 16.14 16.15 16.26 16.17 16.17 16.18 16.17 16.20 16.08 16.25 16.25 16.33 16.31 16.36 16.33 16.32 16.32 16.32 16.35 16.35 16.34 16.31 16.31 16.32 16.31 16.32 16.31 16.31 16.32 16.31 16.29 16.29 16.28 16.27 16.29 16.30 16.30 16.25 16.27 15.95 16.17 16.24 16.21 16.26 16.29 16.27 16.21 16.18 16.18 16.06 15.75 15.80 15.27 15.14
16.35 16.36 16.36 16.34 16.36 16.32 16.32 16.33 16.33 16.36 16.37 16.37 16.38 16.38 16.37 16.34 16.33 16.26 16.26 16.20 16.19 16.23 16.24 16.16 16.19 16.25 16.18 16.16 16.14 16.11 16.11 16.10 16.22 16.35 16.34 16.35 16.33 16.29 16.29 16.30 16.29 16.30 16.30 16.29 16.32 16.32 16.32 16.30 16.30 16.30 16.28 16.28 16.29 16.29 16.30 16.27 16.28 16.28 16.28 16.28 16.28 16.26 16.14 16.26 16.24 16.20 16.22 16.21 16.20 16.16 16.11 16.14 16.13 16.15 15.87 15.84 15.58
16.33 16.34 16.34 16.32 16.32 16.32 16.31 16.32 16.34 16.34 16.38 16.39 16.39 16.26 16.30 16.31 16.20 16.24 16.32 16.30 16.28 16.28 16.29 16.28 16.29 16.21 16.12 16.11 16.08 16.07 15.99 16.01 16.24 16.33 16.33 16.31 16.28 16.27 16.28 16.28 16.27 16.30 16.27 16.29 16.23 16.31 16.31 16.26 16.28 16.31 16.29 16.25 16.27 16.28 16.28 16.26 16.24 16.25 16.28 16.25 16.24 16.25 16.24 16.19 16.18 16.20 16.23 16.19 16.14 16.14 16.12 16.13 16.14 16.16 16.19 16.05 16.04
16.31 16.32 16.33 16.32 16.31 16.31 16.30 16.30 16.32 16.33 16.37 16.34 16.13 16.11 16.25 16.29 16.26 16.28 16.30 16.28 16.29 16.28 16.28 16.29 16.29 16.31 16.28 16.26 16.25 16.24 16.23 16.18 16.27 16.29 16.27 16.26 16.24 16.25 16.25 16.25 16.24 16.26 16.26 16.25 16.27 16.28 16.29 16.26 16.25 16.30 16.23 16.22 16.23 16.23 16.24 16.24 16.21 16.22 16.22 16.22 16.23 16.24 16.19 16.15 16.13 16.16 16.18 16.15 16.10 15.92 16.03 16.17 16.19 16.03 16.04 16.20 16.22
16.30 16.31 16.32 16.30 16.28 16.29 16.28 16.28 16.31 16.34 16.30 16.08 16.16 16.20 16.28 16.28 16.28 16.27 16.27 16.26 16.26 16.26 16.25 16.27 16.28 16.29 16.29 16.27 16.29 16.28 16.25 16.24 16.26 16.27 16.26 16.25 16.25 16.24 16.22 16.25 16.22 16.23 16.24 16.24 16.24 16.25 16.23 16.23 16.23 16.25 16.23 16.20 16.21 16.21 16.22 16.22 16.21 16.20 16.21 16.24 16.26 16.23 16.19 16.19 16.14 16.12 16.09 16.12 16.11 15.94 16.03 16.14 16.17 16.17 16.16 16.17 16.18
16.29 16.29 16.31 16.30 16.27 16.27 16.27 16.28 16.28 16.23 16.19 16.25 16.26 16.26 16.26 16.26 16.24 16.25 16.25 16.25 16.24 16.25 16.26 16.23 16.25 16.28 16.27 16.27 16.31 16.28 16.30 16.26 16.23 16.23 16.23 16.24 16.24 16.23 16.22 16.23 16.22 16.22 16.23 16.20 16.21 16.23 16.21 16.21 16.21 16.22 16.23 16.23 16.21 16.20 16.22 16.21 16.19 16.20 16.23 16.23 16.17 16.11 16.11 16.11 16.11 16.12 16.12 16.13 16.11 16.03 16.00 16.11 16.15 16.18 16.16 16.14 16.13
16.23 16.27 16.27 16.26 16.23 16.24 16.26 16.22 16.20 16.26 16.24 16.23 16.22 16.22 16.23 16.23 16.22 16.23 16.22 16.23 16.21 16.21 16.22 16.21 16.21 16.21 16.20 16.20 16.17 16.19 16.23 16.20 16.20 16.19 16.20 16.21 16.22 16.21 16.22 16.21 16.21 16.22 16.20 16.18 16.18 16.18 16.18 16.18 16.18 16.18 16.19 16.19 16.19 16.18 16.20 16.17 16.17 16.21 16.20 16.15 16.13 16.13 16.09 16.07 16.06 16.07 16.12 16.14 16.12 16.08 16.02 16.05 16.12 16.14 16.16 16.19 16.11
16.24 16.24 16.24 16.25 16.22 16.25 16.25 16.20 16.25 16.25 16.22 16.21 16.22 16.21 16.22 16.22 16.21 16.21 16.21 16.21 16.21 16.19 16.20 16.20 16.19 16.18 16.18 16.18 16.18 16.18 16.17 16.17 16.18 16.18 16.17 16.19 16.20 16.22 16.20 16.22 16.21 16.22 16.20 16.17 16.17 16.16 16.15 16.15 16.16 16.17 16.17 16.15 16.15 16.14 16.14 16.15 16.19 16.21 16.18 16.12 16.08 16.07 16.06 16.05 16.05 16.05 16.08 16.13 16.13 16.14 16.08 16.14 16.11 16.12 16.12 16.14 16.16
16.21 16.22 16.23 16.23 16.24 16.26 16.25 16.20 16.22 16.22 16.23 16.20 16.20 16.20 16.20 16.20 16.20 16.19 16.19 16.20 16.20 16.19 16.17 16.17 16.20 16.17 16.17 16.18 16.16 16.15 16.16 16.17 16.17 16.16 16.15 16.17 16.18 16.21 16.21 16.19 16.20 16.21 16.18 16.16 16.15 16.14 16.14 16.14 16.15 16.16 16.14 16.13 16.12 16.11 16.11 16.15 16.18 16.13 16.12 16.11 16.13 16.10 16.07 16.05 16.03 16.04 16.05 16.10 16.10 16.11 16.09 16.16 16.09 16.12 16.12 16.13 16.14
16.17 16.19 16.19 16.20 16.20 16.22 16.21 16.15 16.21 16.20 16.19 16.20 16.17 16.18 16.16 16.18 16.17 16.17 16.17 16.19 16.19 16.17 16.14 16.16 16.18 16.10 16.15 16.14 16.13 16.12 16.13 16.15 16.14 16.13 16.14 16.14 16.15 16.13 16.17 16.16 16.17 16.18 16.14 16.13 16.13 16.12 16.12 16.16 16.15 16.12 16.11 16.09 16.08 16.09 16.12 16.14 16.15 16.07 16.04 16.09 16.04 16.02 16.01 16.01 16.01 16.01 16.04 16.12 16.07 16.07 16.07 16.09 16.09 16.06 16.07 16.08 16.09
16.06 16.19 16.17 16.19 16.21 16.21 16.17 16.13 16.18 16.18 16.19 16.19 16.18 16.17 16.15 16.16 16.19 16.18 16.13 16.12 16.16 16.15 16.13 16.13 16.14 16.13 16.12 16.12 16.13 16.10 16.12 16.11 16.10 16.10 16.12 16.12 16.12 16.09 16.17 16.15 16.14 16.17 16.14 16.11 16.11 16.10 16.13 16.14 16.13 16.12 16.11 16.10 16.10 16.10 16.11 16.12 16.13 16.09 16.10 16.01 16.02 16.02 16.00 15.99 15.99 15.99 16.03 16.10 16.05 16.05 16.03 16.03 16.03 16.03 16.02 16.03 16.06
15.77 16.12 16.16 16.17 16.19 16.20 16.16 16.09 16.14 16.17 16.17 16.17 16.18 16.14 16.13 16.15 16.19 16.15 16.11 16.08 16.11 16.11 16.12 16.11 16.10 16.12 16.13 16.03 16.03 16.08 16.12 16.08 16.07 16.09 16.10 16.10 16.10 16.10 16.16 16.17 16.14 16.12 16.10 16.08 16.09 16.08 16.13 16.11 16.11 16.11 16.12 16.11 16.09 16.08 16.07 16.04 16.01 16.06 16.05 16.01 16.03 16.00 15.98 15.97 15.96 15.98 16.02 16.09 16.04 16.01 16.02 16.01 16.02 16.03 16.01 15.99 15.99
15.64 16.06 16.15 16.15 16.16 16.13 16.11 16.10 16.12 16.15 16.14 16.14 16.15 16.13 16.14 16.15 16.13 16.09 16.08 16.09 16.08 16.09 16.09 16.09 16.11 16.12 16.10 16.01 15.99 16.04 16.06 16.05 16.05 16.06 16.06 16.06 16.06 16.07 16.09 16.14 16.11 16.11 16.08 16.07 16.07 16.07 16.11 16.12 16.14 16.10 15.96 15.96 15.96 16.04 16.01 15.99 16.03 16.07 16.02 16.07 16.06 15.98 15.96 15.93 15.94 16.00 16.07 16.05 16.02 16.01 16.01 16.00 16.00 15.99 15.98 16.00 16.01
15.68 15.61 16.12 16.12 16.13 16.10 16.09 16.02 16.10 16.14 16.13 16.14 16.15 16.14 16.17 16.14 16.12 16.07 16.04 16.06 16.07 16.06 16.06 16.08 16.06 16.01 16.01 15.97 16.01 16.01 16.05 16.05 16.04 16.05 16.05 16.04 16.04 16.06 16.05 16.10 16.09 16.07 16.06 16.06 16.06 16.07 16.10 15.95 16.03 16.05 15.89 15.90 15.99 16.05 15.99 15.96 15.97 16.05 16.06 16.07 16.03 15.97 15.94 15.92 15.93 16.00 16.02 16.03 16.00 16.00 16.00 15.98 15.97 15.97 15.98 15.99 15.98
15.81 15.79 16.02 16.10 16.11 16.08 16.11 16.10 16.07 16.11 16.12 16.11 16.13 16.12 16.11 16.09 16.06 16.01 16.00 16.06 16.04 16.05 16.02 16.03 16.02 15.96 15.96 16.01 15.99 16.01 16.01 16.02 16.03 16.05 16.04 16.02 16.02 16.03 16.03 16.04 16.03 16.03 16.04 16.04 16.04 16.06 15.82 15.91 16.04 16.00 16.02 16.02 16.07 16.01 15.98 15.94 15.94 16.06 16.05 16.02 15.98 15.96 15.93 15.93 15.94 16.01 16.00 16.00 15.98 15.97 15.96 15.97 15.96 15.95 15.96 15.97 15.96
15.83 15.96 15.94 16.05 16.08 16.06 16.08 16.08 16.05 16.04 16.09 16.09 16.08 16.08 16.04 16.01 16.02 15.97 16.01 16.01 16.04 16.02 16.00 15.95 16.00 15.95 15.98 15.99 15.97 15.98 15.98 15.99 16.00 16.01 16.00 15.99 16.00 16.00 15.99 16.00 16.00 16.00 16.01 16.02 16.00 16.02 16.05 15.91 15.98 15.97 16.01 16.05 16.01 15.96 15.88 15.90 15.96 16.03 16.00 15.96 15.93 15.95 15.88 15.93 15.98 16.00 15.95 15.98 15.95 15.95 15.93 15.95 15.95 15.92 15.92 15.91 15.92
15.65 15.60 15.64 15.98 16.05 16.07 16.05 16.09 16.01 15.66 16.06 16.07 16.09 16.08 15.95 15.99 15.99 15.97 15.97 15.97 15.99 15.99 15.97 15.97 15.95 15.96 16.01 15.95 15.93 15.94 15.97 15.98 15.98 15.99 15.99 15.98 15.99 15.98 15.99 15.98 15.98 15.99 15.99 15.97 15.96 15.99 16.02 15.84 15.95 15.95 16.02 16.01 15.99 15.96 15.85 15.89 15.97 15.99 15.94 15.94 15.91 15.92 15.88 15.98 16.01 15.98 15.95 15.96 15.94 15.92 15.93 15.92 15.91 15.89 15.89 15.87 15.92
15.59 15.63 15.82 15.88 16.03 16.06 16.04 16.04 16.02 15.76 15.93 16.04 16.03 15.98 15.96 15.89 15.97 15.95 15.94 15.95 15.98 15.97 15.97 15.97 16.01 16.01 15.99 15.97 15.92 15.94 15.95 15.95 15.95 15.95 15.96 15.95 15.95 15.95 15.96 15.97 15.96 15.99 15.99 15.95 15.94 15.96 15.98 16.00 15.86 16.00 16.01 15.97 15.96 15.95 15.85 15.86 15.89 15.86 15.85 15.93 15.91 15.89 15.93 15.84 15.88 15.96 15.92 15.92 15.91 15.93 15.92 15.90 15.89 15.87 15.88 15.85 15.91
15.80 15.70 15.64 15.57 15.98 16.04 15.99 16.02 16.00 15.99 15.98 16.00 15.95 15.94 15.91 15.89 15.94 15.96 15.91 15.95 15.96 15.96 15.96 15.97 15.99 15.97 15.98 15.98 15.94 15.92 15.93 15.92 15.91 15.92 15.92 15.92 15.92 15.93 15.93 15.93 15.92 15.94 15.97 15.95 15.92 15.94 15.93 15.93 15.96 15.95 15.91 15.91 15.91 15.90 15.87 15.81 15.83 15.80 15.85 15.92 15.86 15.87 15.92 15.92 15.94 15.94 15.91 15.89 15.91 15.89 15.87 15.88 15.88 15.89 15.85 15.81 15.82
15.65 15.64 15.66 15.86 15.88 15.97 16.02 15.99 15.96 15.82 15.86 15.90 15.90 15.92 15.90 15.89 15.93 15.95 15.90 15.88 15.94 15.95 15.94 15.94 15.96 15.95 15.96 15.98 15.94 15.91 15.91 15.91 15.91 15.90 15.89 15.90 15.92 15.91 15.90 15.90 15.90 15.91 15.92 15.91 15.89 15.90 15.90 15.91 15.91 15.89 15.88 15.89 15.90 15.89 15.85 15.76 15.75 15.77 15.83 15.84 15.81 15.88 15.87 15.84 15.85 15.88 15.88 15.88 15.86 15.90 15.87 15.84 15.84 15.84 15.83 15.80 15.78
15.80 15.62 15.80 15.79 15.79 15.88 15.84 15.92 15.77 15.75 15.72 15.68 15.84 15.91 15.84 15.78 15.84 15.94 15.87 15.87 15.93 15.92 15.93 15.94 15.93 15.90 15.90 15.92 15.90 15.89 15.90 15.89 15.88 15.88 15.88 15.89 15.88 15.88 15.88 15.88 15.88 15.90 15.89 15.90 15.87 15.90 15.88 15.88 15.88 15.88 15.87 15.87 15.88 15.87 15.86 15.83 15.74 15.83 15.85 15.80 15.84 15.93 15.81 15.67 15.82 15.88 15.87 15.85 15.87 15.88 15.85 15.82 15.81 15.80 15.81 15.80 15.78
15.77 15.73 15.66 15.71 15.74 15.76 15.76 15.75 15.72 15.71 15.68 15.71 15.82 15.95 15.85 15.76 15.79 15.89 15.85 15.87 15.89 15.90 15.90 15.91 15.91 15.89 15.88 15.88 15.89 15.82 15.87 15.86 15.87 15.86 15.87 15.85 15.86 15.86 15.85 15.86 15.86 15.88 15.86 15.86 15.84 15.85 15.86 15.85 15.85 15.86 15.85 15.85 15.86 15.85 15.86 15.85 15.74 15.81 15.79 15.81 15.87 15.85 15.88 15.86 15.86 15.86 15.83 15.84 15.87 15.85 15.81 15.81 15.83 15.82 15.74 15.75 15.76
15.76 15.72 15.66 15.70 15.75 15.78 15.71 15.67 15.68 15.69 15.70 15.85 15.89 15.88 15.77 15.75 15.76 15.84 15.85 15.79 15.79 15.89 15.86 15.87 15.84 15.82 15.86 15.87 15.86 15.84 15.83 15.82 15.82 15.83 15.84 15.84 15.83 15.85 15.85 15.85 15.84 15.86 15.84 15.82 15.82 15.82 15.84 15.83 15.82 15.83 15.84 15.82 15.80 15.85 15.82 15.81 15.70 15.75 15.77 15.76 15.82 15.87 15.77 15.81 15.82 15.82 15.79 15.85 15.84 15.82 15.79 15.79 15.77 15.78 15.76 15.72 15.73
15.72 15.57 15.65 15.65 15.60 15.37 15.49 15.60 15.69 15.72 15.84 15.85 15.72 15.81 15.78 15.82 15.76 15.79 15.83 15.79 15.70 15.88 15.86 15.88 15.87 15.85 15.84 15.81 15.82 15.82 15.82 15.81 15.80 15.81 15.83 15.82 15.82 15.83 15.82 15.84 15.82 15.82 15.83 15.82 15.81 15.79 15.80 15.81 15.82 15.80 15.81 15.81 15.80 15.79 15.78 15.78 15.72 15.76 15.72 15.69 15.78 15.82 15.71 15.66 15.69 15.82 15.80 15.83 15.82 15.80 15.77 15.77 15.75 15.76 15.75 15.78 15.73
15.66 15.66 15.61 15.59 15.30 15.68 15.79 15.65 15.68 15.64 15.74 15.73 15.70 15.80 15.82 15.77 15.81 15.82 15.83 15.75 15.75 15.85 15.86 15.84 15.85 15.86 15.83 15.82 15.80 15.79 15.74 15.78 15.80 15.80 15.80 15.80 15.81 15.81 15.81 15.81 15.80 15.79 15.81 15.79 15.79 15.76 15.75 15.77 15.79 15.81 15.80 15.80 15.76 15.72 15.75 15.69 15.68 15.66 15.68 15.65 15.72 15.78 15.66 15.54 15.77 15.75 15.72 15.74 15.76 15.72 15.77 15.79 15.75 15.74 15.72 15.74 15.73
15.59 15.66 15.51 15.34 15.72 15.72 15.72 15.68 15.82 15.66 15.66 15.73 15.67 15.76 15.80 15.79 15.79 15.81 15.82 15.81 15.74 15.83 15.84 15.85 15.84 15.85 15.83 15.83 15.79 15.80 15.78 15.76 15.79 15.78 15.77 15.76 15.78 15.79 15.80 15.78 15.77 15.77 15.77 15.77 15.75 15.75 15.74 15.73 15.75 15.78 15.76 15.75 15.75 15.72 15.74 15.70 15.62 15.62 15.62 15.66 15.69 15.73 15.64 15.70 15.76 15.76 15.73 15.77 15.76 15.73 15.76 15.75 15.75 15.75 15.70 15.71 15.70
15.49 15.66 15.72 15.75 15.81 15.75 15.71 15.73 15.69 15.68 15.70 15.69 15.71 15.73 15.75 15.78 15.78 15.80 15.81 15.79 15.78 15.80 15.83 15.82 15.70 15.73 15.74 15.58 15.77 15.81 15.78 15.76 15.76 15.77 15.75 15.74 15.74 15.76 15.76 15.74 15.74 15.74 15.75 15.75 15.73 15.74 15.72 15.72 15.72 15.73 15.74 15.73 15.73 15.71 15.74 15.71 15.73 15.58 15.59 15.64 15.70 15.75 15.72 15.68 15.70 15.71 15.72 15.73 15.76 15.75 15.74 15.72 15.73 15.72 15.67 15.70 15.70
15.74 15.73 15.78 15.76 15.78 15.79 15.72 15.72 15.70 15.68 15.67 15.68 15.72 15.73 15.68 15.77 15.79 15.78 15.79 15.78 15.78 15.79 15.80 15.73 15.63 15.70 15.74 15.78 15.78 15.78 15.76 15.73 15.74 15.75 15.73 15.73 15.72 15.72 15.71 15.71 15.71 15.72 15.74 15.73 15.71 15.70 15.70 15.70 15.69 15.69 15.72 15.71 15.69 15.67 15.66 15.68 15.67 15.58 15.56 15.62 15.73 15.74 15.70 15.71 15.68 15.67 15.69 15.71 15.71 15.71 15.70 15.69 15.69 15.70 15.67 15.70 15.71
15.75 15.74 15.74 15.73 15.74 15.72 15.74 15.69 15.63 15.70 15.70 15.69 15.70 15.72 15.68 15.70 15.76 15.77 15.78 15.78 15.78 15.80 15.80 15.68 15.66 15.57 15.76 15.77 15.78 15.77 15.76 15.73 15.73 15.74 15.72 15.71 15.71 15.70 15.70 15.69 15.69 15.70 15.71 15.71 15.73 15.70 15.67 15.68 15.69 15.68 15.69 15.69 15.67 15.64 15.62 15.64 15.64 15.64 15.55 15.58 15.72 15.67 15.65 15.67 15.68 15.68 15.66 15.65 15.69 15.69 15.71 15.69 15.68 15.66 15.62 15.63 15.64
