main/data/irradiance/24.04.2023.grid
ncols 839
nrows 679
xllcenter 112.0500
yllcenter -43.9500
cellsize 0.0500
nodata_value 99999.90
[rows 306 to 339 of 679, columns 77 to 153 of 839]
16.69 16.27 15.49 15.65 14.81 15.42 15.37 15.75 15.05 14.43 13.67 14.22 13.70 14.24 14.33 13.42 12.75 13.33 13.74 13.65 14.17 13.80 13.30 13.28 12.74 13.23 13.95 14.73 15.62 15.43 15.56 16.14 15.96 16.24 15.38 14.74 15.68 15.64 15.56 15.70 15.80 15.89 16.35 16.04 15.74 15.64 15.60 15.40 15.43 15.01 14.83 15.21 15.18 14.89 15.42 14.92 14.08 14.60 14.88 14.06 12.81 12.53 13.31 14.07 15.21 14.48 15.47 16.11 15.70 15.49 15.12 14.63 14.92 16.23 15.58 15.50 16.56
15.59 15.39 15.45 15.10 15.04 15.18 15.56 15.20 14.50 14.03 13.94 13.60 13.37 14.03 13.94 13.63 13.98 14.03 13.32 13.28 13.38 13.28 13.08 12.95 12.10 12.73 13.84 14.55 15.54 15.43 15.03 15.35 14.99 15.38 15.54 15.33 15.11 15.73 16.05 16.36 16.70 16.45 16.39 15.84 15.78 15.75 16.16 16.07 15.92 15.75 15.22 15.21 15.05 14.90 15.47 15.13 14.26 13.43 13.54 13.71 13.10 12.17 13.66 14.18 14.18 14.82 15.15 15.09 15.72 15.68 14.78 14.33 15.05 15.55 15.14 15.76 15.79
15.76 14.99 15.22 15.09 15.31 15.20 15.16 15.30 14.33 13.12 13.18 13.88 13.82 14.82 14.60 14.43 14.19 14.21 13.73 13.23 13.54 13.16 12.71 13.36 13.36 13.30 14.11 14.81 15.16 14.73 14.54 14.74 14.08 14.14 14.34 14.82 15.27 15.77 16.27 16.47 16.45 16.58 15.66 15.85 15.83 15.33 15.88 16.32 16.20 16.09 15.41 15.08 15.56 14.96 15.36 15.49 14.75 13.67 12.84 13.63 13.23 13.04 14.55 14.63 13.93 14.25 14.04 14.70 13.83 15.21 14.92 14.70 14.80 14.81 14.43 14.66 14.60
15.02 15.02 15.33 15.73 15.69 15.60 15.09 14.50 13.26 12.74 12.68 13.50 13.54 14.24 14.63 15.15 13.90 14.09 13.81 12.73 13.10 12.82 12.69 13.13 12.91 12.74 13.01 13.98 13.61 13.91 13.71 13.55 13.39 13.45 13.66 13.81 14.63 15.44 15.60 16.43 16.06 16.62 15.84 16.16 16.55 16.08 15.69 16.05 16.31 16.58 16.37 15.85 15.75 15.25 15.37 15.45 14.92 13.94 13.39 12.97 13.75 13.09 13.64 14.78 14.80 13.37 14.09 14.13 14.26 14.83 14.76 15.34 14.48 14.58 14.22 14.03 14.30
14.71 13.85 14.24 15.01 15.63 16.20 15.49 14.00 12.65 11.89 12.26 12.87 13.42 14.13 14.29 14.30 13.60 14.05 13.87 14.09 12.90 12.54 13.08 13.63 13.15 12.48 12.86 13.55 13.39 13.86 13.45 13.28 13.13 12.78 13.25 13.49 14.13 14.07 15.30 16.25 16.08 15.84 15.43 15.02 15.47 16.22 16.42 16.24 16.08 16.61 16.93 16.64 15.62 15.03 15.48 15.65 15.36 15.37 14.88 13.90 13.69 13.12 13.04 14.11 13.95 13.94 13.71 13.22 13.21 14.44 14.46 15.05 14.70 14.32 14.62 15.17 15.20
14.37 14.60 14.17 14.53 14.13 14.91 14.92 14.13 12.88 12.89 13.56 13.74 13.39 13.75 13.95 13.47 13.53 13.30 13.43 13.96 12.59 12.81 13.08 13.62 13.17 12.89 13.26 13.67 13.23 13.46 13.01 13.06 13.31 12.80 13.04 14.43 14.22 13.74 15.15 14.90 15.17 14.67 14.65 14.83 15.00 15.40 15.50 15.84 15.91 15.95 16.05 16.47 16.14 15.86 16.05 15.69 15.38 15.30 14.64 14.77 14.23 13.54 13.08 13.49 13.22 12.88 12.95 13.06 13.08 13.82 13.91 14.29 14.06 14.16 14.70 15.09 15.38
15.16 15.48 15.00 14.26 14.02 14.60 14.25 13.35 13.42 13.21 13.71 14.23 14.10 13.77 13.26 12.90 12.75 13.18 13.33 13.88 13.05 13.47 13.00 12.89 13.00 12.72 13.45 13.83 12.98 12.35 11.99 13.11 12.76 12.65 13.30 14.38 14.17 14.21 14.98 14.92 14.32 13.88 13.85 14.44 14.69 14.93 15.08 15.42 15.23 14.80 15.34 15.99 16.19 16.37 17.02 16.04 15.40 15.16 14.82 15.72 14.88 13.66 14.30 13.55 12.54 11.89 11.87 12.78 13.82 13.94 13.75 13.14 13.44 13.19 13.62 14.57 14.99
15.65 15.77 15.35 14.24 13.98 14.76 14.18 13.69 12.61 12.21 12.70 14.12 13.80 14.08 13.57 13.16 12.86 12.34 12.47 13.97 13.80 13.43 13.44 13.40 12.88 12.84 12.80 13.34 12.73 11.92 11.66 11.89 12.41 13.32 13.51 13.76 13.80 14.18 14.24 13.96 14.27 14.74 14.53 13.93 14.84 15.65 15.99 15.36 14.73 14.85 15.27 15.73 16.17 16.50 16.78 16.28 15.33 15.05 15.63 15.92 15.09 13.90 13.47 13.72 13.34 12.51 12.00 12.00 13.47 13.29 13.60 13.67 13.28 13.10 13.22 13.83 14.55
15.03 15.80 15.78 15.22 13.59 14.25 13.60 12.82 12.65 11.77 12.25 13.21 13.41 13.39 13.71 13.84 13.57 12.61 11.98 12.85 13.17 12.58 12.70 12.63 13.34 12.94 12.26 12.96 13.07 12.02 11.42 11.79 11.80 12.98 13.32 13.69 13.01 13.19 12.94 13.52 14.19 14.31 14.40 14.41 14.95 15.46 15.59 15.19 14.70 14.12 14.50 15.22 15.91 16.50 16.45 16.25 15.82 15.53 15.56 15.57 15.26 14.65 14.30 14.15 13.30 13.50 12.10 11.63 12.38 13.31 13.84 13.69 13.09 12.85 13.25 13.33 13.75
13.77 15.04 15.10 14.77 14.07 14.38 13.26 12.18 11.90 11.63 11.78 12.77 12.82 12.84 13.00 14.40 13.54 13.01 12.70 12.59 12.78 11.53 12.03 11.84 11.81 11.86 11.54 12.10 12.53 11.50 12.09 12.42 12.67 13.08 12.94 12.80 12.07 12.47 12.25 11.87 12.93 14.22 14.49 14.87 14.84 15.23 15.04 15.00 14.56 13.79 13.97 14.63 15.24 15.86 16.32 15.98 15.93 15.70 15.12 15.26 15.32 15.52 15.23 14.84 13.92 14.26 12.89 12.04 11.67 12.41 13.50 13.91 13.77 13.45 13.27 12.88 12.46
13.23 14.66 14.65 13.86 14.56 14.78 14.44 13.68 12.93 12.17 11.65 12.56 12.59 12.57 13.82 14.44 14.68 13.71 11.68 11.94 12.74 11.99 11.75 11.67 11.07 11.43 11.88 11.90 12.06 11.64 12.29 12.56 12.81 12.86 12.94 12.82 12.20 11.26 11.72 11.53 12.83 13.57 13.92 14.19 14.46 14.96 14.87 14.55 14.26 14.08 14.27 14.56 14.75 15.38 16.13 16.09 15.81 14.88 15.16 15.19 14.91 15.45 15.72 15.80 15.50 15.37 14.35 13.50 12.80 12.22 13.54 13.75 14.08 14.01 12.69 12.08 11.99
13.39 13.96 14.34 13.48 12.95 14.01 14.24 14.02 13.90 13.02 12.58 12.43 12.89 12.07 12.50 12.98 13.07 12.75 11.46 11.27 12.95 12.05 11.90 11.82 11.32 11.14 11.18 11.37 12.24 11.86 12.07 12.36 11.70 12.55 12.49 12.68 12.70 11.86 11.52 11.99 12.60 13.00 13.17 13.36 14.15 14.50 14.45 14.23 13.49 13.87 13.98 14.01 14.14 15.08 15.59 15.08 14.66 14.33 14.96 14.56 14.46 14.92 15.64 15.38 15.71 15.73 15.26 14.54 14.26 13.62 14.11 13.11 13.27 13.66 13.39 12.55 12.46
13.79 13.61 14.21 13.89 12.68 13.29 14.06 13.86 13.52 12.75 12.11 11.78 12.94 12.93 12.13 11.63 12.12 12.19 11.74 11.83 12.32 12.56 11.67 11.28 11.35 11.55 11.77 11.32 12.03 12.19 12.88 12.54 11.85 11.69 11.27 12.50 12.63 11.27 11.09 12.12 12.56 12.90 13.55 13.25 13.49 14.01 14.17 14.22 13.91 13.57 13.72 13.98 13.90 14.56 14.46 13.95 14.15 14.59 14.49 13.77 14.33 13.94 15.08 15.30 14.71 15.27 15.43 14.39 15.19 15.28 14.40 13.06 12.57 13.26 13.79 13.31 13.42
13.59 13.54 13.83 14.30 13.90 13.22 12.71 13.43 13.43 13.34 12.58 12.24 12.15 12.34 11.82 11.18 11.92 12.17 11.37 11.49 12.11 12.17 11.49 11.81 11.44 11.55 11.78 11.94 11.91 12.38 12.62 12.83 12.38 12.43 11.60 11.10 11.66 10.68 10.97 11.49 11.93 12.73 13.22 13.37 13.30 13.45 13.99 13.33 13.37 13.99 14.44 14.30 14.09 13.84 13.54 14.08 14.11 14.16 14.40 14.53 14.81 14.41 15.07 15.37 14.92 15.03 15.23 15.11 15.14 14.62 14.86 13.91 12.97 12.80 12.92 13.16 13.54
13.37 12.91 13.63 13.59 14.04 14.04 12.89 13.09 13.30 13.67 13.77 13.34 12.64 12.82 11.61 10.93 11.41 11.95 11.99 12.90 12.49 11.72 11.73 11.99 11.51 11.51 11.33 11.56 11.44 12.33 13.02 13.59 13.71 13.13 12.03 11.08 11.13 11.58 11.29 11.41 11.33 12.01 12.51 12.59 13.30 12.97 12.39 12.39 12.92 13.88 14.47 13.90 13.33 13.19 13.24 13.74 13.90 13.94 14.28 14.52 14.64 14.48 15.22 15.29 14.64 14.28 14.35 14.44 14.34 14.47 15.22 15.03 14.34 13.89 13.76 13.55 13.46
13.56 12.47 12.85 13.06 12.59 12.85 12.96 13.47 13.36 13.62 13.63 13.76 12.79 13.51 13.04 11.47 10.85 11.46 12.24 12.47 12.40 11.47 11.87 12.43 11.64 11.00 10.36 10.78 11.32 11.52 12.47 14.06 13.92 12.84 12.09 10.87 11.64 11.40 11.33 11.41 11.02 11.95 12.18 12.53 12.86 12.92 12.50 12.50 13.19 13.98 14.28 13.56 13.00 13.13 13.24 13.62 13.68 13.26 13.04 13.61 14.54 14.00 14.73 13.87 13.77 14.06 13.91 13.47 13.60 14.06 14.62 14.73 14.84 15.00 14.41 14.10 13.72
13.34 12.53 12.15 13.23 12.00 11.85 12.74 13.32 13.78 13.87 14.05 14.07 13.86 13.86 13.56 12.76 11.87 11.70 11.99 12.46 11.68 10.98 11.16 11.55 11.54 10.71 10.43 10.32 11.37 11.09 11.46 12.87 13.74 13.17 12.77 11.57 11.79 12.28 11.83 11.52 11.62 11.31 12.21 12.44 12.35 12.85 13.11 12.71 13.61 14.02 14.48 13.52 13.05 12.97 13.01 12.82 13.00 12.49 12.55 13.47 14.60 14.19 14.38 13.54 13.35 13.37 13.90 13.14 13.30 14.40 14.93 15.10 15.17 15.00 14.49 14.87 13.76
12.83 13.03 12.04 13.00 12.08 11.74 12.68 13.44 13.54 13.52 13.34 13.52 14.31 14.22 13.37 12.49 12.50 12.73 12.55 12.06 11.94 10.74 9.91 9.85 10.19 10.57 11.22 12.03 11.26 10.82 11.28 10.95 12.55 13.35 12.59 11.83 10.99 11.51 11.77 12.17 12.73 12.10 12.53 12.33 12.31 12.71 12.58 13.86 13.87 13.53 14.45 14.00 12.80 12.89 13.16 12.90 12.44 12.05 12.05 12.36 13.39 13.71 14.00 13.92 13.17 12.23 12.89 12.62 12.74 13.76 13.56 13.50 14.36 13.75 13.49 14.46 13.22
13.06 13.22 12.97 12.81 12.50 12.15 12.04 13.06 13.01 12.88 13.29 13.56 14.09 14.64 13.85 12.44 13.02 13.24 12.43 12.29 11.95 11.64 10.82 10.05 9.75 10.20 10.71 12.23 12.30 11.64 11.73 10.98 11.73 12.36 11.66 11.53 11.48 11.57 11.10 12.01 12.69 12.42 12.80 12.62 11.60 11.86 11.58 12.70 14.00 13.03 13.43 13.51 12.61 11.69 12.47 12.37 12.40 11.94 11.69 11.80 12.78 13.45 12.87 12.99 13.05 12.68 12.84 12.66 12.62 13.16 13.68 13.67 13.72 12.54 12.07 12.90 14.00
13.89 13.55 13.24 12.89 12.44 12.99 13.28 12.16 11.90 12.76 12.64 13.05 13.12 13.96 13.28 12.37 13.20 13.61 13.08 12.43 12.00 11.61 11.37 11.15 9.62 9.55 9.58 10.91 10.81 10.78 10.49 10.01 10.10 10.51 10.93 10.88 10.21 10.71 11.18 11.55 12.49 13.36 13.18 12.57 11.62 12.18 12.05 12.34 12.62 12.24 12.00 12.66 12.60 11.85 12.86 12.47 11.87 11.98 12.67 13.22 12.87 12.89 12.72 12.39 11.99 12.23 12.54 12.86 12.32 13.11 13.29 12.43 12.67 12.30 13.09 14.08 14.09
14.31 15.02 13.80 13.09 12.91 13.69 13.29 12.78 12.70 12.39 12.35 12.60 12.54 12.84 13.31 12.80 13.33 14.17 13.54 12.96 12.79 11.85 11.50 11.17 10.24 9.70 10.62 10.72 10.35 10.31 10.47 10.31 9.45 9.44 9.71 9.80 10.28 10.63 11.15 11.00 11.32 12.57 13.21 13.01 12.67 12.40 12.22 12.13 11.86 11.86 11.48 12.05 11.71 11.29 11.95 12.11 12.82 13.09 14.29 14.23 13.51 13.68 13.31 12.98 12.27 11.77 12.06 12.43 12.10 12.85 13.13 12.39 13.06 12.96 13.93 14.20 14.13
15.00 16.19 14.98 13.97 13.94 13.88 14.15 13.38 13.13 12.83 13.26 12.95 12.37 12.41 12.89 13.18 13.54 13.44 13.12 13.42 13.44 12.56 11.73 11.18 11.29 10.63 10.31 10.91 10.08 9.91 10.14 9.88 9.36 8.32 8.75 9.43 9.84 10.68 10.20 10.24 11.08 12.60 12.42 12.10 12.46 12.21 12.08 11.90 11.33 11.16 11.19 10.95 10.43 10.53 10.64 11.01 12.00 12.82 13.30 13.35 13.85 13.31 13.11 13.19 12.46 11.54 11.95 11.63 12.41 12.55 12.62 12.54 12.58 13.76 13.28 13.77 13.72
15.10 15.86 15.75 14.95 14.98 14.84 14.82 14.14 13.22 12.82 12.73 12.81 12.32 12.86 12.34 12.98 13.70 13.43 12.97 13.41 13.60 12.79 12.56 11.89 11.55 10.78 10.21 10.54 10.40 9.94 9.67 9.51 8.94 8.61 7.96 8.61 9.97 10.17 9.75 10.26 10.40 11.33 11.45 11.05 11.12 11.24 11.61 11.73 11.82 11.08 10.95 10.82 10.34 10.62 10.61 11.16 11.90 13.40 12.77 13.53 12.94 13.49 13.09 12.37 12.83 12.09 11.54 11.80 11.88 11.94 11.87 11.89 11.92 12.56 12.80 13.49 13.87
15.87 14.98 15.48 15.41 16.03 16.16 16.35 15.37 13.95 13.74 12.93 12.64 12.81 12.87 12.03 12.10 12.72 13.22 13.28 13.21 13.51 12.65 12.27 12.28 11.30 10.31 10.05 9.97 10.21 9.86 9.15 9.01 8.99 8.38 8.16 8.06 8.74 9.27 9.28 9.55 9.96 10.76 10.50 10.08 10.25 9.85 10.48 11.22 11.73 11.08 11.44 11.71 11.33 10.49 11.04 11.49 11.98 12.27 12.61 12.71 12.37 12.43 11.59 11.43 11.69 11.64 10.84 10.68 10.96 11.10 12.36 12.46 12.11 12.03 12.51 12.92 13.49
16.51 15.65 15.07 14.75 15.13 16.04 16.70 16.33 15.60 14.69 13.80 13.02 13.51 13.23 12.75 12.16 12.21 11.96 12.09 12.65 12.31 12.61 12.16 12.23 11.57 10.07 9.62 9.80 10.57 10.11 9.24 9.34 9.57 9.01 8.78 8.63 8.35 8.78 9.50 9.43 9.91 10.12 9.81 9.46 9.66 10.26 9.94 10.76 11.18 11.09 11.35 12.15 12.46 11.43 11.65 11.57 11.31 12.09 12.35 12.09 12.27 11.80 11.13 10.81 10.35 11.55 12.17 11.74 11.38 11.92 11.86 12.10 11.78 11.44 11.25 12.80 12.84
16.81 16.26 16.05 15.75 15.15 15.19 16.14 16.63 16.45 15.56 14.52 14.36 14.14 13.49 13.20 13.04 12.80 12.30 11.80 11.61 11.57 11.92 12.03 11.49 11.54 11.04 10.32 11.22 10.81 10.00 9.62 9.49 9.80 9.78 9.06 9.20 9.13 8.78 9.26 9.21 9.67 9.47 8.89 9.16 9.23 9.12 9.47 11.00 11.28 10.75 11.25 11.63 12.37 12.13 11.99 11.60 10.99 11.36 11.47 11.38 11.92 11.51 10.98 10.60 11.20 11.79 12.78 12.62 12.04 11.97 11.91 11.52 11.67 11.65 11.62 12.21 12.63
16.90 16.65 16.74 16.41 15.32 15.26 16.20 16.61 16.69 16.72 15.51 14.96 14.62 14.13 13.60 13.65 13.14 12.83 11.76 11.71 11.09 10.58 11.06 10.92 11.24 11.23 10.81 11.30 11.16 10.16 10.12 9.69 9.46 9.67 9.37 9.82 10.02 9.75 9.57 9.59 9.05 8.98 8.66 8.64 9.33 8.99 8.88 9.71 11.27 10.82 10.62 10.47 11.59 11.53 10.59 11.46 10.89 11.15 11.69 10.70 11.43 11.81 11.55 11.15 11.16 11.43 11.96 12.19 12.59 11.87 11.33 11.87 11.23 11.66 11.85 12.06 12.19
16.76 16.92 16.88 16.41 15.65 15.12 15.46 15.93 16.90 17.32 16.77 16.00 15.06 15.42 15.09 14.58 13.97 13.52 12.91 12.55 11.82 11.18 11.10 11.17 11.14 11.20 11.46 11.40 10.87 10.19 9.95 9.84 9.45 9.20 9.38 9.26 9.66 9.50 9.79 9.26 8.85 8.69 8.29 8.17 8.76 9.42 9.86 9.92 10.53 10.85 10.25 9.40 10.48 10.77 10.37 11.33 10.65 10.91 11.70 10.49 10.37 11.02 10.75 11.43 11.21 11.17 11.61 11.64 11.73 11.54 11.31 11.69 11.32 11.84 11.55 12.07 12.60
16.25 16.89 16.98 16.99 16.60 16.17 15.55 15.80 16.12 16.87 16.81 16.13 16.02 16.50 16.57 15.56 15.03 14.53 14.28 14.04 12.60 12.64 11.95 11.44 10.59 10.21 10.95 11.41 11.53 10.41 9.58 9.45 9.03 8.84 9.61 9.15 8.86 9.13 9.27 9.41 8.94 9.11 8.36 8.42 8.88 9.05 9.32 9.87 10.29 9.81 9.84 8.96 9.53 10.11 10.30 10.01 10.00 11.47 11.96 10.49 10.17 10.02 9.93 9.55 11.00 11.80 12.99 12.19 11.36 11.51 11.43 10.91 10.74 11.02 10.99 11.11 10.92
15.38 15.92 17.03 16.68 16.71 16.49 16.15 15.79 15.54 15.99 16.15 16.55 16.38 16.91 16.96 16.64 15.84 15.43 15.22 15.22 14.04 13.37 13.07 12.45 11.43 10.06 10.08 11.25 11.79 10.13 9.49 9.68 9.14 9.30 9.56 10.35 9.37 9.07 8.83 8.91 8.53 8.45 8.06 8.02 8.55 8.77 8.87 9.08 9.12 9.00 9.70 10.20 9.80 9.70 9.24 9.41 9.75 10.40 10.98 10.70 10.61 10.49 9.44 9.46 9.91 10.82 10.94 10.64 11.28 11.44 11.35 10.72 10.55 10.41 10.32 10.42 10.81
15.18 16.07 16.08 16.22 16.62 16.87 16.80 16.43 16.07 16.21 15.85 16.01 15.92 16.16 16.45 16.44 15.96 16.08 15.93 15.75 15.34 14.23 14.26 13.92 13.30 12.11 11.20 11.49 11.68 10.55 10.17 10.09 9.61 9.18 8.40 8.46 8.77 9.10 9.09 8.68 8.91 8.74 8.98 8.46 8.15 8.68 9.95 9.39 8.80 8.91 9.55 10.25 10.20 10.24 9.87 10.02 9.51 10.84 10.24 10.34 10.70 10.53 9.82 10.34 10.59 10.49 9.94 9.58 9.94 10.38 10.72 10.77 10.39 10.53 10.83 10.91 11.10
15.38 15.72 15.74 14.98 15.81 16.52 16.79 16.70 16.49 16.80 16.65 15.99 15.43 15.64 15.40 15.72 15.45 15.77 15.39 15.68 15.73 15.50 15.08 14.58 14.44 14.19 13.72 12.97 12.13 11.50 10.88 10.52 10.47 10.18 9.21 8.75 8.49 8.69 8.99 9.11 9.45 9.51 10.15 9.91 8.92 8.54 9.95 10.80 10.17 10.18 10.59 10.25 9.92 9.78 9.95 10.18 9.96 10.25 9.78 9.98 10.10 9.60 9.13 9.45 10.67 10.46 10.89 10.83 10.14 10.55 10.65 11.23 11.64 11.22 11.03 11.03 11.33
15.77 15.26 15.50 15.36 15.64 15.78 16.09 16.54 16.86 16.72 16.89 16.66 15.95 15.54 15.37 15.41 15.11 15.53 15.08 14.99 15.18 15.42 15.61 14.98 14.85 14.63 14.21 13.86 12.47 11.73 11.21 11.18 10.94 10.75 9.48 9.44 9.42 9.76 9.31 9.22 9.40 9.65 9.87 9.80 9.15 9.49 9.57 10.45 10.66 10.95 11.30 10.74 9.99 9.65 9.67 10.22 9.94 9.84 8.97 9.49 9.22 7.98 8.38 9.17 10.33 10.94 11.32 11.41 10.71 11.44 11.37 12.03 11.38 11.87 11.43 10.49 10.32
15.57 14.91 14.95 15.03 14.81 14.90 15.14 15.49 16.31 16.18 16.47 16.40 16.63 16.53 16.07 15.99 15.55 15.20 14.95 15.07 15.17 14.82 15.11 15.21 14.82 14.87 14.78 14.93 13.84 12.44 11.81 11.86 10.86 10.20 9.78 10.55 10.79 10.37 9.53 9.51 9.43 9.39 9.18 8.76 8.99 9.06 9.16 9.11 9.24 10.20 10.18 10.23 10.12 9.99 9.94 9.91 10.19 9.79 9.47 9.62 9.33 8.79 7.80 8.79 9.10 10.01 11.32 11.57 11.58 12.46 12.06 11.24 10.71 11.34 10.29 10.60 10.55
