main/data/irradiance/24.01.2023.grid
ncols 839
nrows 679
xllcenter 112.0500
yllcenter -43.9500
cellsize 0.0500
nodata_value 99999.90
[rows 68 to 101 of 679, columns 462 to 538 of 839]
18.51 17.52 17.34 19.06 21.22 22.68 23.45 23.43 20.40 20.16 19.56 19.98 19.76 19.41 18.76 19.00 19.00 19.00 18.07 18.07 18.07 18.07 18.07 18.07 18.07 12.66 12.77 12.77 12.77 6.78 6.78 6.78 6.78 6.78 6.78 6.78 6.78 5.65 5.65 5.65 5.65 5.65 5.65 5.65 5.65 99999.90 99999.90 99999.90 99999.90 99999.90 99999.90 99999.90 99999.90 99999.90 99999.90 99999.90 99999.90 99999.90 99999.90 99999.90 99999.90 99999.90 99999.90 99999.90 99999.90 99999.90 99999.90 99999.90 99999.90 99999.90 99999.90 99999.90 99999.90 99999.90 99999.90 99999.90 99999.90
17.08 18.59 18.95 20.04 21.05 22.64 22.47 22.87 21.10 19.65 19.90 19.03 19.16 18.64 18.64 19.00 19.00 19.00 18.07 18.07 18.07 18.07 18.07 18.07 18.07 18.07 9.40 9.40 6.78 6.78 6.78 6.78 6.78 6.78 6.78 6.78 5.65 5.65 5.65 5.65 5.65 5.65 5.65 5.65 5.65 99999.90 99999.90 99999.90 99999.90 99999.90 99999.90 99999.90 99999.90 99999.90 99999.90 99999.90 99999.90 99999.90 99999.90 99999.90 99999.90 99999.90 99999.90 99999.90 99999.90 99999.90 99999.90 99999.90 99999.90 99999.90 99999.90 99999.90 99999.90 99999.90 99999.90 99999.90 99999.90
18.58 18.45 20.57 21.05 21.32 21.88 20.74 21.49 20.72 21.43 20.66 19.07 18.95 18.65 18.65 18.65 20.34 19.00 18.07 18.07 18.07 18.07 18.07 18.07 16.09 9.40 9.40 9.40 9.40 6.78 6.78 6.78 6.78 6.78 6.78 6.78 5.65 5.65 5.65 5.65 5.65 5.65 5.65 5.65 5.65 99999.90 99999.90 99999.90 99999.90 99999.90 99999.90 99999.90 99999.90 99999.90 99999.90 99999.90 99999.90 99999.90 99999.90 99999.90 99999.90 99999.90 99999.90 99999.90 99999.90 99999.90 99999.90 99999.90 99999.90 99999.90 99999.90 99999.90 99999.90 99999.90 99999.90 99999.90 99999.90
16.66 18.98 19.39 20.14 22.42 21.55 20.57 19.63 21.17 21.67 21.02 20.19 19.87 20.24 20.24 20.34 20.34 19.33 19.33 16.09 16.09 16.09 16.09 16.09 16.09 9.40 9.40 9.40 9.40 6.78 6.78 6.78 6.78 6.78 6.78 5.65 5.65 5.65 5.65 5.65 5.65 5.65 5.65 5.65 5.65 99999.90 99999.90 99999.90 99999.90 99999.90 99999.90 99999.90 99999.90 99999.90 99999.90 99999.90 99999.90 99999.90 99999.90 99999.90 99999.90 99999.90 99999.90 99999.90 99999.90 99999.90 99999.90 99999.90 99999.90 99999.90 99999.90 99999.90 99999.90 99999.90 99999.90 99999.90 99999.90
16.20 18.11 18.51 18.41 20.08 20.88 20.80 20.10 21.18 22.24 20.91 20.85 20.50 19.99 20.34 20.34 20.34 19.33 19.33 16.09 16.09 16.09 16.09 16.09 16.09 9.40 9.40 9.40 9.40 6.78 6.78 6.78 6.78 6.78 5.65 5.65 5.65 5.65 5.65 5.65 5.65 5.65 5.65 5.65 5.65 99999.90 99999.90 99999.90 99999.90 99999.90 99999.90 99999.90 99999.90 99999.90 99999.90 99999.90 99999.90 99999.90 99999.90 99999.90 99999.90 99999.90 99999.90 99999.90 99999.90 99999.90 99999.90 99999.90 99999.90 99999.90 99999.90 99999.90 99999.90 99999.90 99999.90 99999.90 99999.90
16.68 18.20 17.84 17.94 18.99 20.89 21.94 21.42 21.24 21.82 19.72 17.98 18.56 19.29 19.33 19.33 19.33 19.33 19.33 16.09 16.09 16.09 16.09 16.09 16.09 9.40 9.40 9.40 9.40 7.09 6.78 6.78 6.78 6.78 5.65 5.65 5.65 5.65 5.65 5.65 5.65 5.65 5.65 5.65 5.65 99999.90 99999.90 99999.90 99999.90 99999.90 99999.90 99999.90 99999.90 99999.90 99999.90 99999.90 99999.90 99999.90 99999.90 99999.90 99999.90 99999.90 99999.90 99999.90 99999.90 99999.90 99999.90 99999.90 99999.90 99999.90 99999.90 99999.90 99999.90 99999.90 99999.90 99999.90 99999.90
18.20 19.80 19.59 19.09 18.45 20.44 22.55 21.80 22.27 20.83 19.68 17.45 17.03 18.18 18.24 18.24 19.33 19.33 19.33 19.33 14.99 14.99 14.99 14.99 14.99 9.40 9.40 9.40 9.40 7.09 7.09 6.78 6.78 5.65 5.65 5.65 5.65 5.65 5.65 5.65 5.65 5.65 5.65 5.65 5.65 16.41 99999.90 99999.90 99999.90 99999.90 99999.90 99999.90 99999.90 99999.90 99999.90 99999.90 99999.90 99999.90 99999.90 99999.90 99999.90 99999.90 99999.90 99999.90 99999.90 99999.90 99999.90 99999.90 99999.90 99999.90 99999.90 99999.90 99999.90 99999.90 99999.90 99999.90 99999.90
19.76 22.36 22.05 19.84 17.67 19.72 21.28 21.56 22.35 21.81 19.97 18.59 17.27 16.79 17.18 17.44 18.14 19.33 19.33 19.33 14.99 14.99 14.99 14.99 11.87 9.40 9.40 9.40 8.66 7.12 7.12 7.12 6.54 5.65 5.65 5.65 5.65 5.65 5.65 5.65 5.65 5.65 5.65 5.65 5.65 16.41 99999.90 99999.90 99999.90 99999.90 99999.90 99999.90 99999.90 99999.90 99999.90 99999.90 99999.90 99999.90 99999.90 99999.90 99999.90 99999.90 99999.90 99999.90 99999.90 99999.90 99999.90 99999.90 99999.90 99999.90 99999.90 99999.90 99999.90 99999.90 99999.90 99999.90 99999.90
21.02 22.64 21.37 20.86 20.12 20.67 21.43 22.56 22.28 21.96 21.06 19.61 17.38 16.36 16.60 16.85 16.10 16.10 16.10 19.33 14.99 14.99 14.99 14.99 11.87 11.87 9.44 9.44 8.66 8.73 7.49 6.54 6.54 6.40 6.40 6.40 6.40 6.40 6.40 6.40 6.40 6.40 6.40 6.40 6.40 16.41 99999.90 99999.90 99999.90 99999.90 99999.90 99999.90 99999.90 99999.90 99999.90 99999.90 99999.90 99999.90 99999.90 99999.90 99999.90 99999.90 99999.90 99999.90 99999.90 99999.90 99999.90 99999.90 99999.90 99999.90 99999.90 99999.90 99999.90 99999.90 99999.90 99999.90 99999.90
20.30 22.03 21.75 21.36 21.38 21.88 23.10 23.17 22.96 22.80 22.36 21.45 19.06 18.55 18.01 17.24 16.24 16.24 16.24 16.24 14.99 14.99 14.99 11.87 11.87 11.87 11.87 11.35 10.84 10.13 9.06 8.10 7.98 7.61 6.40 6.40 6.40 6.40 6.40 6.40 6.40 6.40 6.40 6.40 6.40 16.41 99999.90 99999.90 99999.90 99999.90 99999.90 99999.90 99999.90 99999.90 99999.90 99999.90 99999.90 99999.90 99999.90 99999.90 99999.90 99999.90 99999.90 99999.90 99999.90 99999.90 99999.90 99999.90 99999.90 99999.90 99999.90 99999.90 99999.90 99999.90 99999.90 99999.90 99999.90
18.95 21.78 21.09 22.07 22.33 23.33 23.99 22.82 22.81 22.90 22.39 21.84 21.36 21.12 19.46 18.21 16.24 16.24 16.24 16.24 14.99 14.99 13.96 13.96 13.96 13.96 13.96 13.40 12.26 11.82 10.40 8.90 7.98 7.61 7.61 6.40 6.40 6.40 6.40 6.40 6.40 6.40 6.40 6.40 6.40 16.41 99999.90 99999.90 99999.90 99999.90 99999.90 99999.90 99999.90 99999.90 99999.90 99999.90 99999.90 99999.90 99999.90 99999.90 99999.90 99999.90 99999.90 99999.90 99999.90 99999.90 99999.90 99999.90 99999.90 99999.90 99999.90 99999.90 99999.90 99999.90 99999.90 99999.90 99999.90
19.74 20.18 21.01 22.65 23.55 24.15 24.37 24.10 23.30 22.93 22.80 22.14 21.91 22.38 21.41 18.21 18.21 16.24 16.24 16.24 16.24 14.99 15.79 15.79 15.79 15.79 15.79 14.29 13.14 12.45 11.18 9.53 9.53 7.61 7.61 7.61 6.40 6.40 6.40 6.40 6.40 6.40 6.40 16.41 16.41 16.41 99999.90 99999.90 99999.90 99999.90 99999.90 99999.90 99999.90 99999.90 99999.90 99999.90 99999.90 99999.90 99999.90 99999.90 99999.90 99999.90 99999.90 99999.90 99999.90 99999.90 99999.90 99999.90 99999.90 99999.90 99999.90 99999.90 99999.90 99999.90 99999.90 99999.90 99999.90
22.60 22.24 23.02 22.25 22.35 24.08 24.12 24.33 24.41 23.11 22.42 22.14 22.39 21.57 21.62 21.62 21.62 18.21 16.24 16.24 16.24 15.26 15.26 15.26 15.26 15.26 15.26 15.24 14.51 11.88 11.56 10.15 10.15 10.15 10.15 7.61 16.41 16.41 16.41 16.41 16.41 16.41 16.41 16.41 16.41 16.41 99999.90 99999.90 99999.90 99999.90 99999.90 99999.90 99999.90 99999.90 99999.90 99999.90 99999.90 99999.90 99999.90 99999.90 99999.90 99999.90 99999.90 99999.90 99999.90 99999.90 99999.90 99999.90 99999.90 99999.90 99999.90 99999.90 99999.90 99999.90 99999.90 99999.90 99999.90
22.29 23.14 23.88 21.87 22.57 23.40 23.27 24.09 23.59 22.53 21.85 22.19 21.05 19.29 17.91 17.91 17.91 17.91 17.91 16.24 16.24 16.70 16.70 16.70 16.70 16.70 16.70 16.53 15.00 13.59 12.97 10.15 10.15 14.24 14.24 14.24 16.41 16.41 16.41 16.41 16.41 16.41 16.41 16.41 16.41 16.41 99999.90 99999.90 99999.90 99999.90 99999.90 99999.90 99999.90 99999.90 99999.90 99999.90 99999.90 99999.90 99999.90 99999.90 99999.90 99999.90 99999.90 99999.90 99999.90 99999.90 99999.90 99999.90 99999.90 99999.90 99999.90 99999.90 99999.90 99999.90 99999.90 99999.90 99999.90
22.47 23.76 23.59 23.04 22.86 22.76 23.53 23.50 22.89 22.63 22.74 22.44 20.60 18.10 15.53 15.53 15.53 15.53 15.53 15.53 15.53 19.38 19.38 19.38 19.38 19.38 19.38 18.00 15.79 15.50 13.63 13.63 13.85 14.24 14.24 16.41 16.41 16.41 16.41 16.41 16.41 16.41 16.41 16.41 16.41 16.41 99999.90 99999.90 99999.90 99999.90 99999.90 99999.90 99999.90 99999.90 99999.90 99999.90 99999.90 99999.90 99999.90 99999.90 99999.90 99999.90 99999.90 99999.90 99999.90 99999.90 99999.90 99999.90 99999.90 99999.90 99999.90 99999.90 99999.90 99999.90 99999.90 99999.90 99999.90
23.10 23.33 23.77 24.36 23.75 23.00 23.33 23.17 22.99 23.19 24.17 24.06 20.86 17.85 15.53 15.53 15.53 15.53 15.53 15.53 18.44 18.44 18.44 18.44 18.44 18.44 18.44 17.66 16.63 15.97 14.96 13.85 13.85 14.24 14.24 16.41 16.41 16.41 16.41 16.41 16.41 16.41 16.41 16.41 16.41 16.41 99999.90 99999.90 99999.90 99999.90 99999.90 99999.90 99999.90 99999.90 99999.90 99999.90 99999.90 99999.90 99999.90 99999.90 99999.90 99999.90 99999.90 99999.90 99999.90 99999.90 99999.90 99999.90 99999.90 99999.90 99999.90 99999.90 99999.90 99999.90 99999.90 99999.90 99999.90
21.89 21.13 22.73 23.99 23.59 22.98 23.28 23.03 22.56 23.12 23.63 22.82 20.86 17.85 17.85 15.53 15.53 15.53 15.53 15.53 18.44 18.44 18.44 18.44 18.44 18.44 18.44 17.66 16.63 18.09 16.53 16.57 16.77 17.45 18.07 16.41 16.41 16.41 16.41 16.41 16.41 16.41 16.41 16.41 16.41 16.41 99999.90 99999.90 99999.90 99999.90 99999.90 99999.90 99999.90 99999.90 99999.90 99999.90 99999.90 99999.90 99999.90 99999.90 99999.90 99999.90 99999.90 99999.90 99999.90 99999.90 99999.90 99999.90 99999.90 99999.90 99999.90 99999.90 99999.90 99999.90 99999.90 99999.90 99999.90
21.41 21.30 21.23 22.89 23.48 23.15 22.27 22.22 22.09 22.38 22.05 23.35 23.35 17.85 17.85 17.85 15.53 15.53 15.53 15.53 18.44 18.44 18.44 18.44 18.44 18.44 18.44 17.66 18.09 18.09 16.53 16.57 16.77 17.45 18.07 16.41 16.41 16.41 16.41 16.41 16.41 16.41 16.41 16.41 16.41 16.41 99999.90 99999.90 99999.90 99999.90 99999.90 99999.90 99999.90 99999.90 99999.90 99999.90 99999.90 99999.90 99999.90 99999.90 99999.90 99999.90 99999.90 99999.90 99999.90 99999.90 99999.90 99999.90 99999.90 99999.90 99999.90 99999.90 99999.90 99999.90 99999.90 99999.90 99999.90
19.92 21.11 21.77 22.05 23.29 22.35 20.97 20.68 20.58 19.86 19.50 23.35 23.35 23.35 17.85 17.85 17.85 15.53 15.53 15.53 18.44 18.44 18.44 18.44 18.44 18.44 18.44 18.09 18.09 18.09 16.53 16.57 16.77 17.45 18.07 16.41 16.41 16.41 16.41 16.41 16.41 16.41 16.41 16.41 16.41 16.41 99999.90 99999.90 99999.90 99999.90 99999.90 99999.90 99999.90 99999.90 99999.90 99999.90 99999.90 99999.90 99999.90 99999.90 99999.90 99999.90 99999.90 99999.90 99999.90 99999.90 99999.90 99999.90 99999.90 99999.90 99999.90 99999.90 99999.90 99999.90 99999.90 99999.90 99999.90
19.87 22.04 22.76 23.27 22.35 21.61 20.54 19.13 17.83 18.08 21.29 21.29 21.29 23.35 23.35 17.85 17.85 17.85 15.53 15.53 18.44 18.44 18.44 18.44 18.44 18.44 18.44 18.09 18.09 18.09 16.53 16.57 16.77 17.45 18.07 16.41 16.41 16.41 16.41 16.41 16.41 16.41 16.41 16.41 16.41 16.41 99999.90 99999.90 99999.90 99999.90 99999.90 99999.90 99999.90 99999.90 99999.90 99999.90 99999.90 99999.90 99999.90 99999.90 99999.90 99999.90 99999.90 99999.90 99999.90 99999.90 99999.90 99999.90 99999.90 99999.90 99999.90 99999.90 99999.90 99999.90 99999.90 99999.90 99999.90
21.84 22.42 23.85 23.73 22.93 22.07 21.04 18.67 18.42 18.08 21.29 21.29 21.29 21.29 21.29 23.35 17.85 17.85 17.85 15.53 18.44 18.44 18.44 18.44 18.44 18.44 18.44 18.09 18.09 18.09 16.53 16.57 16.77 17.45 18.07 16.41 16.41 16.41 16.41 16.41 16.41 16.41 16.41 16.41 16.41 16.41 99999.90 99999.90 99999.90 99999.90 99999.90 99999.90 99999.90 99999.90 99999.90 99999.90 99999.90 99999.90 99999.90 99999.90 99999.90 99999.90 99999.90 99999.90 99999.90 99999.90 99999.90 99999.90 99999.90 99999.90 99999.90 99999.90 99999.90 99999.90 99999.90 99999.90 99999.90
19.76 22.48 23.03 23.41 22.70 21.57 21.89 20.48 22.48 22.48 21.29 21.29 21.29 21.29 21.29 21.29 21.29 17.85 17.85 17.85 18.44 18.44 18.44 18.44 18.44 18.44 18.09 18.09 18.09 18.09 16.53 16.57 16.77 17.45 18.07 16.41 16.41 16.41 16.41 16.41 16.41 16.41 16.41 16.41 16.41 16.41 99999.90 99999.90 99999.90 99999.90 99999.90 99999.90 99999.90 99999.90 99999.90 99999.90 99999.90 99999.90 99999.90 99999.90 99999.90 99999.90 99999.90 99999.90 99999.90 99999.90 99999.90 99999.90 99999.90 99999.90 99999.90 99999.90 99999.90 99999.90 99999.90 99999.90 99999.90
21.01 21.86 23.89 22.97 22.97 21.23 20.48 21.59 22.48 22.48 22.48 21.29 21.29 21.29 21.29 21.29 21.29 21.29 21.29 17.85 18.44 18.44 18.44 18.44 18.44 18.44 18.09 18.09 18.09 18.09 16.53 16.57 16.77 17.45 18.07 16.41 16.41 16.41 16.41 16.41 16.41 16.41 16.41 16.41 16.41 16.41 99999.90 99999.90 99999.90 99999.90 99999.90 99999.90 99999.90 99999.90 99999.90 99999.90 99999.90 99999.90 99999.90 99999.90 99999.90 99999.90 99999.90 99999.90 99999.90 99999.90 99999.90 99999.90 99999.90 99999.90 99999.90 99999.90 99999.90 99999.90 99999.90 99999.90 99999.90
19.62 23.05 23.99 23.49 23.33 22.70 20.60 21.64 21.64 21.64 22.48 22.48 21.29 21.29 21.29 21.29 21.29 21.29 21.29 21.29 18.44 18.44 18.44 18.44 18.44 18.44 18.09 18.09 18.09 18.09 16.53 16.57 16.77 17.45 18.07 16.41 16.41 16.41 16.41 16.41 16.41 16.41 16.41 16.41 16.41 16.41 99999.90 99999.90 99999.90 99999.90 99999.90 99999.90 99999.90 99999.90 99999.90 99999.90 99999.90 99999.90 99999.90 99999.90 99999.90 99999.90 99999.90 99999.90 99999.90 99999.90 99999.90 99999.90 99999.90 99999.90 99999.90 99999.90 99999.90 99999.90 99999.90 99999.90 99999.90
22.00 25.09 24.19 24.07 23.43 23.77 21.75 23.51 23.51 23.51 23.51 23.51 22.48 21.29 21.29 21.29 21.29 21.29 21.29 21.29 18.44 18.44 18.44 18.44 18.44 18.09 18.09 18.09 18.09 18.09 16.53 16.57 16.77 17.45 18.07 16.41 16.41 16.41 16.41 16.41 16.41 16.41 16.41 16.41 16.41 16.41 99999.90 99999.90 99999.90 99999.90 99999.90 99999.90 99999.90 99999.90 99999.90 99999.90 99999.90 99999.90 99999.90 99999.90 99999.90 99999.90 99999.90 99999.90 99999.90 99999.90 99999.90 99999.90 99999.90 99999.90 99999.90 99999.90 99999.90 99999.90 99999.90 99999.90 99999.90
22.67 23.48 21.99 22.01 22.50 22.74 21.75 23.51 23.51 23.51 23.51 23.51 23.51 23.51 23.51 21.29 21.29 21.29 21.29 21.29 18.44 18.44 18.44 18.44 18.44 18.09 18.09 18.09 18.09 18.09 16.53 16.57 16.77 17.45 18.07 16.41 16.41 16.41 16.41 16.41 16.41 16.41 16.41 16.41 16.41 16.41 99999.90 99999.90 99999.90 99999.90 99999.90 99999.90 99999.90 99999.90 99999.90 99999.90 99999.90 99999.90 99999.90 99999.90 99999.90 99999.90 99999.90 99999.90 99999.90 99999.90 99999.90 99999.90 99999.90 99999.90 99999.90 99999.90 99999.90 99999.90 99999.90 99999.90 99999.90
20.77 20.67 20.07 20.66 22.10 22.74 22.74 23.51 23.51 23.51 23.51 23.51 23.51 23.51 23.51 23.51 17.70 17.70 17.70 17.70 20.10 20.10 18.09 18.09 18.09 18.09 18.09 18.09 18.09 18.09 16.53 16.57 16.77 17.45 18.07 16.41 16.41 16.41 16.41 16.41 16.41 16.41 16.41 16.41 16.41 16.41 99999.90 99999.90 99999.90 99999.90 99999.90 99999.90 99999.90 99999.90 99999.90 99999.90 99999.90 99999.90 99999.90 99999.90 99999.90 99999.90 99999.90 99999.90 99999.90 99999.90 99999.90 99999.90 99999.90 99999.90 99999.90 99999.90 99999.90 99999.90 99999.90 99999.90 99999.90
17.79 17.35 18.45 19.62 21.01 21.01 21.01 22.74 23.51 23.51 23.51 23.51 23.51 23.51 15.55 17.70 17.70 17.70 17.70 20.10 20.10 20.10 20.10 20.10 20.10 20.10 20.73 99999.90 99999.90 99999.90 99999.90 99999.90 99999.90 99999.90 99999.90 99999.90 99999.90 99999.90 99999.90 99999.90 99999.90 99999.90 99999.90 99999.90 99999.90 99999.90 99999.90 99999.90 99999.90 99999.90 99999.90 99999.90 99999.90 99999.90 99999.90 99999.90 99999.90 99999.90 99999.90 99999.90 99999.90 99999.90 99999.90 99999.90 99999.90 99999.90 99999.90 99999.90 99999.90 99999.90 99999.90 99999.90 99999.90 99999.90 99999.90 99999.90 99999.90
15.12 15.19 16.43 18.42 18.90 18.90 17.98 17.98 17.98 17.98 16.76 16.76 15.55 15.55 17.70 17.70 17.70 17.70 17.70 20.10 20.10 20.10 20.10 18.80 18.80 18.80 18.80 18.80 18.80 99999.90 99999.90 99999.90 99999.90 99999.90 99999.90 99999.90 99999.90 99999.90 99999.90 99999.90 99999.90 99999.90 99999.90 99999.90 99999.90 99999.90 99999.90 99999.90 99999.90 99999.90 99999.90 99999.90 99999.90 99999.90 99999.90 99999.90 99999.90 99999.90 99999.90 99999.90 99999.90 99999.90 99999.90 99999.90 99999.90 99999.90 99999.90 99999.90 99999.90 99999.90 99999.90 99999.90 99999.90 99999.90 99999.90 99999.90 99999.90
13.06 14.47 16.59 18.08 18.14 17.98 17.98 17.98 17.75 16.76 16.76 15.55 15.55 15.55 17.70 17.70 17.70 17.70 20.10 20.10 20.10 20.10 18.80 18.80 18.80 18.80 18.80 18.80 18.80 18.49 99999.90 99999.90 99999.90 99999.90 99999.90 99999.90 99999.90 99999.90 99999.90 99999.90 99999.90 99999.90 99999.90 99999.90 99999.90 99999.90 99999.90 99999.90 99999.90 99999.90 99999.90 99999.90 99999.90 99999.90 99999.90 99999.90 99999.90 99999.90 99999.90 99999.90 99999.90 99999.90 99999.90 99999.90 99999.90 99999.90 99999.90 99999.90 99999.90 99999.90 99999.90 99999.90 99999.90 99999.90 99999.90 99999.90 99999.90
12.52 13.26 15.63 17.90 18.33 16.98 16.98 17.75 16.76 16.76 16.76 15.55 15.55 17.70 17.70 17.70 17.70 20.10 20.10 20.10 20.10 20.10 18.80 18.80 18.80 18.80 15.38 15.38 15.38 15.38 15.38 15.38 99999.90 99999.90 99999.90 99999.90 99999.90 99999.90 99999.90 99999.90 99999.90 99999.90 99999.90 99999.90 99999.90 99999.90 99999.90 99999.90 99999.90 99999.90 99999.90 99999.90 99999.90 99999.90 99999.90 99999.90 99999.90 99999.90 99999.90 99999.90 99999.90 99999.90 99999.90 99999.90 99999.90 99999.90 99999.90 99999.90 99999.90 99999.90 99999.90 99999.90 99999.90 99999.90 99999.90 99999.90 99999.90
13.27 14.06 16.09 17.69 18.62 17.44 17.75 17.75 16.76 16.76 15.55 15.55 15.55 17.70 17.70 17.70 17.70 20.10 20.10 20.10 20.10 18.80 18.80 18.80 18.80 15.38 15.38 15.38 15.38 15.38 15.38 15.38 99999.90 99999.90 99999.90 99999.90 99999.90 99999.90 99999.90 99999.90 99999.90 99999.90 99999.90 99999.90 99999.90 99999.90 99999.90 99999.90 99999.90 99999.90 99999.90 99999.90 99999.90 99999.90 99999.90 99999.90 99999.90 99999.90 99999.90 99999.90 99999.90 99999.90 99999.90 99999.90 99999.90 99999.90 99999.90 99999.90 99999.90 99999.90 99999.90 99999.90 99999.90 99999.90 99999.90 99999.90 99999.90
14.43 15.30 16.56 17.17 17.11 17.48 17.56 17.13 16.76 16.76 15.55 15.55 17.70 17.70 17.70 17.70 20.10 20.10 20.10 20.10 18.80 18.80 18.80 18.80 18.80 15.38 15.38 15.38 15.38 15.38 15.38 15.38 99999.90 99999.90 99999.90 99999.90 99999.90 99999.90 99999.90 99999.90 99999.90 99999.90 99999.90 99999.90 99999.90 99999.90 99999.90 99999.90 99999.90 99999.90 99999.90 99999.90 99999.90 99999.90 99999.90 99999.90 99999.90 99999.90 99999.90 99999.90 99999.90 99999.90 99999.90 99999.90 99999.90 99999.90 99999.90 99999.90 99999.90 99999.90 99999.90 99999.90 99999.90 99999.90 99999.90 99999.90 99999.90
17.25 17.22 16.66 16.06 15.88 16.08 15.07 14.76 15.50 15.39 15.55 15.55 17.70 17.70 17.70 17.86 20.10 20.10 20.10 20.10 18.80 18.80 18.80 18.80 15.38 15.38 15.38 15.38 15.38 5.46 5.46 5.46 10.31 10.31 10.31 10.31 10.31 10.31 10.31 10.31 10.31 10.31 10.31 10.31 10.31 99999.90 99999.90 99999.90 99999.90 99999.90 99999.90 99999.90 99999.90 99999.90 99999.90 99999.90 99999.90 99999.90 99999.90 99999.90 99999.90 99999.90 99999.90 99999.90 99999.90 99999.90 99999.90 99999.90 99999.90 99999.90 99999.90 99999.90 99999.90 99999.90 99999.90 99999.90 99999.90
