main/data/irradiance/24.07.2023.grid
ncols 839
nrows 679
xllcenter 112.0500
yllcenter -43.9500
cellsize 0.0500
nodata_value 99999.90
[rows 204 to 237 of 679, columns 616 to 692 of 839]
18.50 18.49 18.50 18.51 18.53 18.50 18.49 18.48 18.46 18.45 18.44 18.43 18.42 18.43 18.45 18.45 18.45 18.45 18.44 18.42 18.42 18.44 18.44 18.43 18.44 18.43 18.41 18.41 18.43 18.44 18.43 18.42 18.40 18.40 18.41 18.42 18.39 18.40 18.41 18.40 18.40 18.39 18.39 18.40 18.40 18.40 18.41 18.40 18.38 18.39 18.36 18.34 18.32 18.39 18.35 18.29 18.30 18.32 18.28 18.24 18.19 18.35 18.24 18.32 18.33 18.32 18.29 18.06 18.08 18.22 18.29 18.31 18.32 18.34 18.31 18.26 18.19
18.47 18.48 18.49 18.49 18.50 18.47 18.45 18.44 18.43 18.43 18.43 18.42 18.42 18.42 18.41 18.41 18.41 18.42 18.42 18.38 18.42 18.44 18.44 18.44 18.44 18.46 18.45 18.42 18.42 18.41 18.40 18.39 18.39 18.37 18.39 18.36 18.37 18.35 18.38 18.37 18.38 18.37 18.37 18.37 18.38 18.37 18.38 18.36 18.37 18.36 18.34 18.33 18.36 18.37 18.35 18.28 18.28 18.31 18.26 18.26 18.29 18.33 18.19 18.14 18.28 18.24 18.34 18.24 18.12 18.14 18.18 18.23 18.27 18.23 18.16 18.26 18.19
18.45 18.47 18.49 18.50 18.47 18.44 18.43 18.45 18.47 18.46 18.47 18.46 18.46 18.45 18.40 18.40 18.40 18.39 18.39 18.40 18.42 18.43 18.43 18.44 18.43 18.42 18.43 18.43 18.40 18.39 18.38 18.38 18.38 18.35 18.36 18.33 18.35 18.36 18.34 18.33 18.35 18.34 18.35 18.36 18.36 18.36 18.36 18.35 18.34 18.32 18.35 18.34 18.31 18.32 18.31 18.31 18.31 18.26 18.23 18.26 18.29 18.11 18.00 18.22 18.22 18.27 18.18 18.11 18.18 18.00 17.94 18.19 18.20 18.08 17.92 18.09 18.18
18.44 18.45 18.48 18.49 18.48 18.48 18.45 18.45 18.45 18.45 18.44 18.45 18.45 18.41 18.40 18.40 18.38 18.40 18.39 18.38 18.39 18.41 18.40 18.40 18.40 18.36 18.37 18.37 18.38 18.38 18.37 18.37 18.36 18.35 18.33 18.32 18.32 18.32 18.30 18.30 18.30 18.30 18.31 18.31 18.32 18.33 18.31 18.35 18.31 18.31 18.33 18.34 18.31 18.32 18.28 18.26 18.34 18.29 18.24 18.23 18.15 17.94 18.19 18.19 18.30 18.07 18.03 17.76 18.09 17.95 17.99 18.09 17.95 18.10 17.80 18.11 18.16
18.45 18.46 18.46 18.47 18.47 18.46 18.45 18.42 18.43 18.43 18.44 18.43 18.43 18.40 18.42 18.40 18.38 18.38 18.38 18.38 18.38 18.39 18.38 18.37 18.39 18.36 18.36 18.37 18.36 18.35 18.38 18.36 18.35 18.35 18.32 18.31 18.31 18.28 18.28 18.26 18.28 18.29 18.28 18.27 18.27 18.28 18.29 18.32 18.30 18.33 18.31 18.29 18.31 18.31 18.28 18.22 18.28 18.22 18.21 18.22 17.97 18.08 18.15 18.12 18.21 18.09 17.74 17.86 17.81 17.82 17.77 18.07 17.99 17.84 17.98 18.22 17.91
18.45 18.45 18.44 18.43 18.45 18.43 18.43 18.41 18.41 18.42 18.40 18.41 18.41 18.40 18.37 18.35 18.37 18.35 18.37 18.38 18.37 18.34 18.33 18.34 18.33 18.33 18.38 18.37 18.36 18.37 18.36 18.34 18.31 18.32 18.30 18.30 18.31 18.25 18.25 18.25 18.26 18.25 18.26 18.25 18.26 18.25 18.25 18.26 18.28 18.29 18.28 18.25 18.30 18.28 18.30 18.28 18.26 18.13 18.21 18.22 17.78 18.14 18.13 18.13 18.03 18.09 17.90 17.97 17.46 17.61 17.70 18.09 18.00 17.77 18.06 18.01 17.99
18.43 18.41 18.41 18.41 18.41 18.41 18.41 18.38 18.40 18.38 18.37 18.37 18.38 18.38 18.37 18.38 18.35 18.35 18.34 18.33 18.30 18.30 18.34 18.34 18.32 18.33 18.37 18.35 18.35 18.35 18.35 18.33 18.26 18.32 18.30 18.29 18.29 18.27 18.27 18.27 18.23 18.25 18.24 18.25 18.25 18.23 18.21 18.22 18.24 18.24 18.25 18.26 18.25 18.26 18.28 18.27 18.23 18.04 18.07 18.02 17.67 18.16 18.15 18.15 17.78 17.91 17.87 18.01 17.57 17.50 17.64 17.69 17.83 18.02 17.88 17.94 17.96
18.42 18.40 18.36 18.35 18.37 18.38 18.39 18.39 18.36 18.37 18.35 18.34 18.34 18.35 18.37 18.34 18.31 18.32 18.30 18.27 18.31 18.29 18.30 18.34 18.33 18.32 18.34 18.32 18.32 18.33 18.31 18.32 18.31 18.30 18.27 18.26 18.25 18.28 18.25 18.25 18.23 18.23 18.22 18.22 18.21 18.22 18.21 18.22 18.23 18.23 18.23 18.22 18.23 18.24 18.23 18.26 18.17 18.05 18.05 18.11 17.68 18.07 18.17 18.18 17.74 17.94 18.05 17.81 16.99 17.35 17.34 17.53 17.60 17.50 17.62 18.05 18.03
18.36 18.34 18.35 18.37 18.34 18.34 18.37 18.36 18.33 18.32 18.32 18.33 18.34 18.34 18.33 18.31 18.29 18.26 18.28 18.29 18.31 18.28 18.28 18.32 18.31 18.32 18.31 18.29 18.30 18.31 18.30 18.29 18.31 18.28 18.26 18.26 18.28 18.27 18.26 18.25 18.24 18.24 18.23 18.21 18.21 18.20 18.20 18.20 18.22 18.20 18.19 18.20 18.19 18.20 18.21 18.20 18.17 17.99 18.13 18.18 17.97 18.17 18.18 18.11 17.63 18.00 18.11 17.66 17.56 17.24 17.23 17.53 17.47 17.38 17.29 17.80 17.90
18.36 18.37 18.38 18.37 18.35 18.33 18.31 18.34 18.32 18.30 18.31 18.29 18.31 18.32 18.28 18.28 18.27 18.26 18.27 18.32 18.34 18.29 18.25 18.27 18.26 18.25 18.25 18.27 18.26 18.29 18.28 18.29 18.28 18.24 18.26 18.27 18.25 18.24 18.23 18.23 18.23 18.22 18.21 18.21 18.20 18.18 18.19 18.16 18.19 18.19 18.18 18.20 18.19 18.19 18.15 17.98 17.93 17.65 17.89 17.86 17.90 18.08 18.14 17.80 17.92 17.89 17.83 17.29 17.47 17.68 17.27 17.08 17.40 17.14 17.27 17.47 17.67
18.36 18.34 18.35 18.34 18.34 18.33 18.31 18.26 18.29 18.27 18.27 18.24 18.26 18.28 18.25 18.29 18.27 18.25 18.31 18.32 18.33 18.32 18.28 18.25 18.22 18.23 18.22 18.25 18.26 18.26 18.26 18.26 18.26 18.25 18.25 18.23 18.23 18.22 18.22 18.21 18.21 18.21 18.20 18.20 18.20 18.18 18.15 18.17 18.16 18.13 18.17 18.19 18.17 18.14 18.10 17.87 17.71 17.90 17.89 17.77 17.97 18.10 18.11 17.42 17.61 17.86 17.51 17.64 17.71 17.61 17.86 17.34 17.01 17.16 17.39 16.79 16.29
18.35 18.33 18.31 18.32 18.32 18.32 18.32 18.32 18.31 18.31 18.26 18.25 18.22 18.22 18.24 18.26 18.26 18.28 18.27 18.29 18.30 18.30 18.30 18.29 18.23 18.25 18.20 18.25 18.26 18.23 18.25 18.24 18.24 18.21 18.22 18.23 18.22 18.21 18.19 18.18 18.20 18.19 18.18 18.19 18.18 18.15 18.14 18.17 18.10 18.14 18.14 18.11 18.16 18.15 18.14 18.03 18.08 18.03 17.68 17.96 18.15 18.09 17.82 17.73 17.95 17.49 17.18 17.88 17.86 17.87 17.95 17.13 17.11 17.47 17.35 16.78 16.82
18.33 18.32 18.32 18.31 18.20 18.30 18.31 18.31 18.32 18.30 18.23 18.27 18.25 18.25 18.26 18.26 18.27 18.27 18.27 18.28 18.28 18.28 18.28 18.27 18.28 18.27 18.25 18.27 18.25 18.23 18.23 18.22 18.22 18.19 18.20 18.22 18.20 18.21 18.18 18.18 18.18 18.19 18.17 18.16 18.17 18.14 18.12 18.14 18.09 18.14 18.14 18.17 18.12 18.07 18.03 17.79 17.93 17.97 17.68 17.75 17.95 17.85 18.10 18.06 17.63 17.19 17.77 17.74 17.75 17.52 17.74 17.37 17.74 17.16 17.33 17.11 16.85
18.29 18.29 18.29 18.29 18.27 18.12 18.26 18.29 18.29 18.28 18.28 18.23 18.23 18.22 18.23 18.24 18.25 18.25 18.23 18.25 18.20 18.26 18.21 18.24 18.21 18.25 18.26 18.24 18.24 18.23 18.21 18.20 18.22 18.19 18.17 18.19 18.18 18.16 18.15 18.18 18.17 18.17 18.16 18.15 18.15 18.12 18.12 18.12 18.12 18.12 18.07 18.10 18.05 18.00 18.06 17.93 17.96 17.70 17.53 18.08 18.07 17.92 17.65 17.43 17.69 17.34 17.98 17.69 17.50 17.89 17.69 17.19 17.28 17.09 17.58 17.07 16.63
18.27 18.29 18.28 18.26 18.27 18.22 18.26 18.27 18.26 18.25 18.26 18.21 18.20 18.20 18.22 18.23 18.23 18.24 18.25 18.22 18.20 18.24 18.24 18.23 18.17 18.23 18.21 18.07 18.18 18.22 18.18 18.07 18.13 18.15 18.15 18.17 18.18 18.17 18.15 18.18 18.14 18.15 18.14 18.13 18.12 18.11 18.11 18.10 18.11 18.08 18.07 18.01 18.05 17.99 18.06 17.64 17.79 17.99 17.87 17.91 17.88 17.80 17.74 17.92 17.80 17.76 17.81 17.15 17.89 17.77 17.23 17.08 17.31 16.96 17.08 16.85 16.83
18.24 18.26 18.26 18.24 18.23 18.23 18.24 18.23 18.23 18.25 18.23 18.21 18.17 18.17 18.18 18.20 18.18 18.21 18.22 18.22 18.21 18.22 18.12 18.20 18.12 18.13 18.15 18.07 18.19 18.19 18.19 18.15 18.15 18.12 18.12 18.15 18.15 18.17 18.16 18.16 18.14 18.13 18.12 18.11 18.09 18.11 18.10 18.10 18.11 18.06 18.03 18.03 17.95 18.06 18.05 17.84 17.83 17.92 17.78 17.86 17.83 18.05 17.91 17.46 17.88 17.70 17.18 17.57 17.61 17.62 17.77 17.71 17.01 16.96 17.34 16.75 16.65
18.24 18.24 18.24 18.22 18.20 18.21 18.22 18.24 18.24 18.23 18.21 18.20 18.16 18.17 18.13 18.18 18.12 18.20 18.21 18.21 18.19 18.12 18.17 18.13 18.16 18.10 18.16 18.17 18.18 18.07 18.17 18.14 18.09 18.09 18.10 18.12 18.11 18.14 18.16 18.15 18.14 18.12 18.11 18.09 18.09 18.09 18.07 18.06 18.06 18.04 18.02 17.97 17.97 17.91 18.00 17.86 17.86 17.91 17.69 17.65 17.91 17.93 17.78 17.59 17.93 16.86 17.10 17.83 17.83 17.75 17.50 17.61 16.85 17.10 17.01 17.20 16.99
18.18 18.19 18.18 18.20 18.19 18.18 18.17 18.19 18.20 18.19 18.20 18.18 18.18 18.15 18.15 18.17 18.17 18.17 18.18 18.20 18.12 18.17 18.17 18.17 18.18 18.15 18.14 18.10 18.10 18.08 17.97 18.06 18.01 18.12 18.08 18.08 18.08 18.13 18.07 18.12 18.11 18.10 18.09 18.08 18.09 18.09 18.08 18.06 18.04 17.97 18.05 17.93 18.01 17.96 17.81 17.66 17.94 17.84 17.77 17.62 17.89 17.92 17.90 17.65 17.34 16.70 17.70 17.79 17.97 17.20 17.76 17.79 17.33 17.30 16.80 17.21 16.48
18.10 18.15 18.18 18.17 18.16 18.14 18.15 18.15 18.16 18.11 18.16 18.15 18.14 18.10 18.10 18.15 18.11 18.14 18.14 18.15 18.16 18.18 18.11 18.15 18.11 18.16 18.16 18.10 18.07 18.11 17.88 18.03 17.95 18.06 18.05 18.11 18.06 18.10 18.07 18.07 18.06 18.07 18.04 18.05 18.05 18.06 18.03 18.04 18.04 18.00 18.01 17.87 17.80 17.51 17.71 17.32 17.62 17.53 17.55 17.91 17.73 17.88 17.09 17.30 17.18 17.23 17.82 17.08 17.36 17.23 17.38 17.09 17.00 17.58 17.59 16.86 16.44
18.15 18.15 18.15 18.13 18.14 18.12 18.12 18.14 18.14 18.10 18.13 18.11 18.03 18.07 18.04 18.06 18.07 18.11 18.13 18.12 18.13 18.14 18.10 18.10 18.13 18.09 18.12 18.15 17.97 18.01 17.87 18.06 17.94 17.89 18.02 17.99 18.08 18.08 18.09 18.01 18.05 18.06 18.10 18.06 18.02 18.00 18.01 18.03 18.01 18.03 18.03 17.91 17.66 17.64 17.62 17.69 17.73 17.60 17.72 17.69 17.75 17.59 17.15 17.73 17.56 17.37 17.46 17.49 17.74 17.78 17.15 16.84 16.86 17.22 17.22 16.81 16.19
18.05 18.14 18.12 18.14 18.13 18.10 18.11 18.03 18.05 18.04 17.94 17.95 18.07 17.98 17.85 17.99 18.02 18.09 18.09 18.12 18.11 18.10 18.09 18.07 18.10 18.12 18.10 18.09 18.12 18.00 18.10 17.65 17.88 17.93 17.99 17.92 18.06 17.99 17.80 18.00 18.02 18.01 18.05 18.02 17.99 18.03 18.00 18.01 17.96 18.00 17.91 17.72 17.70 17.53 17.22 17.44 17.65 17.51 17.87 17.83 17.71 17.63 17.72 17.56 17.66 17.69 17.19 17.20 17.87 17.03 16.72 17.11 17.12 17.44 17.02 17.21 16.51
18.07 18.12 18.07 18.11 18.07 18.06 17.94 17.87 17.84 17.62 18.04 17.95 18.11 17.95 17.92 18.03 18.05 18.07 18.08 18.09 18.09 18.06 18.06 18.03 18.08 18.00 18.00 18.11 18.13 18.09 18.05 17.75 18.07 17.74 17.62 17.94 18.04 17.87 17.93 18.04 17.84 17.91 17.95 17.94 18.01 17.95 17.98 17.95 17.97 17.94 17.88 17.82 17.71 17.54 17.46 17.66 17.79 17.80 17.59 17.58 17.84 17.39 17.38 17.35 17.73 17.22 17.08 17.42 17.47 17.15 16.81 16.98 16.88 17.65 17.14 16.97 16.19
17.91 17.87 17.82 18.01 17.98 18.03 18.02 18.00 17.98 18.02 18.08 17.96 18.07 17.99 18.00 18.03 17.98 18.01 18.06 18.06 18.07 18.07 18.06 18.03 18.02 18.06 17.94 18.07 17.97 18.04 18.08 17.79 17.88 17.64 17.71 17.98 17.69 17.84 17.95 17.77 17.90 17.72 17.86 17.82 17.72 17.69 17.94 17.92 17.94 17.69 17.91 17.83 17.70 17.49 17.54 17.36 17.51 17.55 17.37 17.57 17.50 17.52 17.70 17.70 17.20 16.99 17.01 17.74 17.75 17.62 17.29 16.82 17.13 17.52 16.86 16.50 15.58
17.84 17.70 17.46 17.77 18.05 18.05 17.96 17.62 17.79 18.03 18.03 18.04 17.96 18.00 17.97 18.07 18.00 17.97 18.01 18.00 18.04 18.04 18.04 18.03 17.92 18.04 18.07 17.71 17.79 17.88 17.60 17.94 17.84 18.01 17.81 17.56 17.81 17.89 17.62 17.81 17.93 17.81 17.78 17.56 17.57 17.85 17.93 17.65 17.85 17.83 17.82 17.68 17.30 17.49 17.35 17.16 17.30 17.85 17.54 17.71 17.72 17.76 17.38 17.59 17.08 17.23 16.80 16.90 16.86 16.62 16.15 16.74 16.80 17.11 16.93 16.84 15.77
17.44 17.64 17.21 17.67 17.78 17.88 17.84 17.75 17.68 17.90 17.93 17.89 17.97 18.04 18.05 18.03 17.99 18.00 17.96 17.98 18.00 18.04 17.99 17.95 17.93 17.99 18.00 18.06 17.94 18.01 17.79 17.67 17.50 17.77 17.87 17.72 17.62 17.45 17.52 17.85 17.86 17.54 17.62 17.84 17.89 17.68 17.65 17.70 17.88 17.84 17.82 17.51 17.63 17.82 17.43 17.52 17.77 17.61 17.27 17.62 17.42 17.27 17.13 16.96 16.75 17.24 16.83 17.24 16.91 17.36 17.06 16.54 17.04 16.77 17.14 16.69 15.84
17.43 17.28 17.42 17.42 17.52 17.63 17.76 17.93 17.86 17.96 17.88 17.91 17.94 18.03 18.02 17.99 17.89 17.94 17.76 17.94 17.79 17.94 17.89 18.04 18.04 17.95 17.96 17.80 17.67 17.73 17.83 17.54 17.30 17.29 17.40 17.48 17.52 17.57 17.75 17.48 17.59 17.43 17.74 17.71 17.45 17.55 17.65 17.76 17.53 17.77 17.58 17.30 17.13 17.30 17.15 17.21 17.32 17.47 17.76 17.40 17.62 17.49 16.89 17.17 17.00 17.01 16.89 16.85 17.48 16.64 15.99 16.32 16.96 16.84 16.65 16.52 16.35
17.24 17.40 17.33 17.41 17.48 17.49 17.38 17.49 17.78 17.87 17.56 17.80 17.97 17.96 17.76 17.61 17.97 17.91 17.84 17.88 17.92 17.99 17.96 18.00 17.76 17.74 17.83 17.52 17.85 17.38 17.18 17.36 17.10 17.41 17.76 17.31 17.35 17.36 17.52 17.56 17.62 17.51 17.68 17.44 17.40 17.58 17.75 17.63 17.52 17.78 17.59 17.76 17.51 17.16 17.19 17.40 16.98 17.39 17.62 17.49 17.74 17.65 17.29 16.72 17.30 16.69 17.02 16.32 16.78 16.77 16.57 16.53 16.82 16.73 17.01 16.59 16.13
17.21 17.22 17.13 17.34 17.29 16.90 16.81 17.14 17.54 17.81 17.89 18.00 17.93 17.98 17.73 17.94 17.91 17.88 17.77 17.95 17.92 17.98 17.95 17.99 17.95 17.88 17.88 17.96 17.69 17.23 17.16 17.10 16.87 17.15 17.26 17.20 17.32 17.55 17.25 17.28 17.25 17.50 17.24 17.16 17.44 17.67 17.34 17.40 17.65 17.74 17.43 17.32 17.51 16.62 16.59 16.64 16.73 17.24 17.67 17.38 17.81 16.94 16.45 16.61 16.57 16.34 16.86 17.21 16.73 16.44 16.69 16.89 15.71 16.36 16.77 16.32 16.55
17.29 17.27 17.24 17.01 16.87 17.14 17.22 17.35 17.74 17.90 17.64 17.86 17.69 17.79 17.88 17.90 17.87 17.96 17.91 17.93 17.92 17.65 17.94 17.88 17.83 17.77 17.70 17.58 17.79 17.54 17.18 17.09 17.22 17.16 17.12 17.40 17.44 17.30 17.40 17.47 17.33 17.21 17.46 17.59 17.50 17.10 17.36 17.65 17.72 17.63 17.50 17.55 17.33 16.62 16.78 17.00 17.11 17.44 17.48 17.45 17.41 16.91 17.17 17.12 17.14 16.68 16.50 16.62 16.58 16.19 14.83 16.08 16.80 16.77 16.36 16.79 16.37
17.19 17.08 17.02 16.83 16.53 16.77 16.99 17.29 17.60 17.50 17.90 17.96 17.72 17.75 17.77 17.89 17.89 17.80 17.71 17.62 17.61 17.87 17.79 17.74 17.92 17.77 17.82 17.83 17.76 17.49 17.46 17.15 17.25 16.36 16.69 16.99 17.23 17.22 17.16 17.38 17.25 17.42 17.31 17.16 17.33 17.35 17.45 17.27 17.48 17.70 17.68 17.44 17.04 16.73 16.71 16.22 16.54 17.36 17.00 16.82 17.06 17.28 16.91 16.64 16.19 16.19 16.15 16.76 15.89 15.68 16.42 16.51 16.82 16.70 16.49 16.85 15.80
17.09 16.86 16.74 16.73 16.87 16.94 17.08 17.12 17.54 17.45 17.66 17.74 17.83 17.74 17.61 17.73 17.79 17.77 17.75 17.67 17.75 17.75 17.86 17.65 17.47 17.52 17.65 17.52 17.25 17.21 17.03 16.80 16.76 16.65 16.94 16.81 17.30 17.24 16.88 17.19 17.12 17.17 17.09 17.39 17.05 17.24 17.37 17.68 17.43 17.23 17.44 17.21 17.10 16.96 16.69 16.34 16.80 16.63 17.09 17.31 17.31 16.86 16.13 16.38 16.09 15.77 16.21 16.15 15.44 15.85 15.37 16.58 16.37 16.45 15.05 15.78 15.82
17.10 16.80 16.87 16.82 17.00 17.26 17.17 17.49 17.45 17.68 17.89 17.86 17.76 17.74 17.69 17.72 17.65 17.63 17.61 17.58 17.59 17.82 17.73 17.83 17.73 17.63 17.27 17.69 17.36 17.44 17.02 16.78 16.78 16.56 16.96 17.01 16.82 16.70 16.68 16.93 16.71 17.22 17.46 17.57 17.14 16.77 17.01 17.31 17.22 17.17 17.32 17.62 16.82 16.57 16.27 16.23 16.48 17.02 16.81 17.05 16.75 16.94 17.33 16.92 15.95 16.14 15.74 15.91 16.04 15.83 15.69 15.54 16.66 16.56 16.28 16.84 16.36
17.40 17.19 16.94 17.12 17.28 17.21 17.38 17.32 17.38 17.45 17.18 17.47 17.78 17.86 17.79 17.57 17.67 17.63 17.67 17.54 17.53 17.63 17.55 17.64 17.78 17.88 17.69 17.77 17.56 17.10 17.38 17.46 16.65 16.54 16.65 16.76 16.54 16.53 17.06 17.16 17.10 16.49 16.91 16.81 16.98 17.22 17.47 17.23 16.95 17.22 17.62 17.34 16.63 16.50 16.07 15.63 16.22 16.81 16.76 16.62 16.82 16.47 16.24 15.87 15.18 14.82 16.42 16.22 16.51 15.24 16.41 16.51 16.42 16.66 15.99 16.91 16.50
16.71 16.90 16.79 17.13 17.06 17.20 16.94 17.02 17.23 17.12 17.52 17.84 17.86 17.79 17.74 17.68 17.79 17.54 17.42 17.67 17.57 17.61 17.76 17.72 17.74 17.58 17.32 17.05 17.15 17.48 16.63 16.95 16.75 16.34 16.41 17.15 16.77 16.25 16.32 16.52 16.98 16.94 16.94 16.85 16.93 17.23 16.84 16.53 17.12 17.32 16.98 17.16 17.07 16.12 15.85 15.85 16.77 16.35 17.15 16.95 17.12 16.42 16.25 16.30 15.59 15.52 15.76 15.68 16.24 15.03 15.46 16.22 16.41 15.22 16.15 15.87 14.98
