main/data/irradiance/24.08.2023.grid
ncols 839
nrows 679
xllcenter 112.0500
yllcenter -43.9500
cellsize 0.0500
nodata_value 99999.90
[rows 374 to 407 of 679, columns 77 to 153 of 839]
18.24 18.42 18.45 18.33 18.27 18.31 18.31 18.33 18.34 18.34 18.34 18.36 18.35 18.34 18.30 18.30 18.27 18.26 18.32 18.32 18.31 18.37 18.32 18.32 18.39 18.43 18.43 18.40 18.41 18.38 18.35 18.37 18.34 18.37 18.35 18.38 18.41 18.37 18.30 18.34 18.39 18.36 18.36 18.36 18.27 18.31 18.41 18.42 18.36 18.36 18.27 18.28 18.34 18.27 18.25 18.26 18.29 18.29 18.29 18.29 18.27 18.25 18.27 18.28 18.34 18.36 18.33 18.13 18.19 18.29 18.29 18.28 18.39 18.39 18.30 18.31 18.37
18.39 18.31 18.47 18.40 18.24 18.28 18.31 18.30 18.29 18.35 18.32 18.33 18.30 18.27 18.27 18.25 18.26 18.25 18.27 18.27 18.28 18.33 18.31 18.30 18.33 18.38 18.40 18.40 18.38 18.36 18.33 18.35 18.30 18.27 18.26 18.28 18.30 18.36 18.33 18.34 18.33 18.27 18.34 18.26 18.22 18.26 18.30 18.32 18.28 18.27 18.27 18.25 18.25 18.24 18.22 18.21 18.23 18.29 18.29 18.24 18.21 18.22 18.19 18.15 18.21 18.27 18.37 18.33 18.24 18.23 18.25 18.21 18.22 18.24 18.29 18.29 18.28
18.37 18.39 18.40 18.41 18.30 18.30 18.28 18.29 18.34 18.31 18.29 18.30 18.33 18.25 18.25 18.22 18.26 18.24 18.25 18.28 18.27 18.26 18.27 18.29 18.32 18.34 18.37 18.38 18.35 18.38 18.31 18.33 18.30 18.26 18.27 18.27 18.27 18.33 18.33 18.32 18.33 18.27 18.32 18.33 18.23 18.25 18.26 18.26 18.26 18.32 18.19 18.22 18.21 18.20 18.22 18.21 18.19 18.19 18.26 18.23 18.23 18.20 18.17 18.20 18.21 18.31 18.25 18.21 18.20 18.20 18.21 18.21 18.20 18.21 18.25 18.27 18.34
18.32 18.30 18.36 18.42 18.48 18.41 18.30 18.25 18.30 18.29 18.26 18.26 18.27 18.26 18.23 18.20 18.22 18.20 18.21 18.22 18.22 18.25 18.25 18.28 18.31 18.28 18.34 18.37 18.32 18.37 18.32 18.35 18.31 18.29 18.26 18.23 18.24 18.31 18.28 18.30 18.34 18.24 18.28 18.29 18.28 18.26 18.31 18.29 18.27 18.33 18.34 18.27 18.24 18.20 18.19 18.17 18.19 18.17 18.18 18.20 18.19 18.19 18.21 18.22 18.25 18.22 18.25 18.24 18.18 18.18 18.17 18.18 18.17 18.27 18.19 18.19 18.30
18.38 18.38 18.36 18.34 18.35 18.32 18.31 18.18 18.21 18.27 18.24 18.22 18.24 18.24 18.23 18.20 18.20 18.19 18.18 18.20 18.20 18.23 18.24 18.26 18.26 18.29 18.28 18.30 18.35 18.34 18.31 18.32 18.31 18.32 18.26 18.21 18.21 18.19 18.21 18.23 18.24 18.26 18.26 18.27 18.28 18.32 18.31 18.40 18.35 18.29 18.23 18.22 18.22 18.19 18.15 18.14 18.15 18.15 18.13 18.14 18.11 18.27 18.09 18.14 18.11 18.15 18.15 18.21 18.21 18.22 18.22 18.24 18.20 18.28 18.23 18.25 18.13
18.41 18.39 18.32 18.40 18.43 18.34 18.33 18.17 18.20 18.21 18.28 18.24 18.26 18.18 18.19 18.16 18.15 18.17 18.15 18.14 18.17 18.21 18.22 18.27 18.25 18.28 18.29 18.27 18.28 18.30 18.27 18.27 18.31 18.31 18.28 18.25 18.20 18.21 18.19 18.20 18.18 18.19 18.25 18.27 18.32 18.33 18.33 18.37 18.40 18.27 18.24 18.23 18.22 18.21 18.18 18.14 18.19 18.15 18.15 18.14 18.11 18.13 18.12 18.12 18.25 18.09 18.14 18.13 18.20 18.12 17.97 18.14 18.18 18.18 18.19 18.16 17.96
18.37 18.36 18.31 18.36 18.39 18.39 18.17 18.21 18.21 18.13 18.24 18.22 18.21 18.17 18.18 18.17 18.15 18.13 18.13 18.17 18.17 18.19 18.23 18.26 18.27 18.22 18.21 18.25 18.25 18.25 18.23 18.24 18.24 18.25 18.26 18.27 18.21 18.24 18.19 18.19 18.21 18.21 18.20 18.20 18.29 18.29 18.28 18.31 18.31 18.22 18.20 18.23 18.16 18.18 18.17 18.19 18.17 18.16 18.15 18.15 18.17 18.21 18.16 18.09 18.10 18.10 18.09 18.12 18.07 17.75 17.88 17.95 18.00 18.10 18.11 17.91 17.98
18.36 18.35 18.28 18.29 18.33 18.28 18.23 18.18 18.17 18.21 18.20 18.19 18.19 18.17 18.14 18.14 18.14 18.13 18.14 18.15 18.14 18.14 18.17 18.16 18.20 18.19 18.22 18.18 18.20 18.27 18.27 18.27 18.21 18.23 18.18 18.18 18.20 18.19 18.19 18.19 18.15 18.17 18.17 18.17 18.18 18.20 18.25 18.22 18.23 18.24 18.13 18.15 18.14 18.12 18.09 18.15 18.15 18.14 18.15 18.12 18.12 18.14 18.14 18.13 18.18 17.92 17.90 18.02 17.92 17.95 17.92 17.78 17.73 17.57 17.59 17.92 18.10
18.33 18.35 18.29 18.28 18.26 18.31 18.21 18.21 18.14 18.21 18.15 18.14 18.12 18.12 18.13 18.15 18.11 18.12 18.15 18.14 18.12 18.12 18.12 18.12 18.11 18.14 18.18 18.08 18.26 18.22 18.23 18.22 18.17 18.19 18.22 18.17 18.17 18.19 18.19 18.20 18.18 18.18 18.16 18.17 18.16 18.16 18.17 18.18 18.23 18.24 18.13 18.10 18.10 18.08 18.12 18.15 18.18 18.16 18.18 18.13 18.20 18.22 18.13 18.20 17.93 17.69 17.83 17.81 17.67 18.03 18.08 17.94 17.90 17.52 17.49 17.82 18.07
18.32 18.33 18.29 18.29 18.26 18.28 18.21 18.23 18.18 18.17 18.19 18.09 18.11 18.12 18.09 18.08 18.12 18.14 18.11 18.12 18.12 18.12 18.12 18.12 18.12 18.13 18.18 18.22 18.24 18.21 18.22 18.21 18.15 18.19 18.20 18.20 18.14 18.14 18.16 18.17 18.18 18.19 18.18 18.15 18.17 18.15 18.14 18.12 18.16 18.09 18.07 18.08 18.08 18.07 18.06 18.09 18.15 18.13 18.11 18.19 18.16 18.15 18.12 18.09 18.13 18.16 18.15 18.04 17.67 18.13 18.12 18.16 17.99 17.81 18.02 17.98 18.01
18.30 18.28 18.23 18.23 18.22 18.25 18.18 18.17 18.16 18.14 18.23 18.14 18.09 18.10 18.08 18.08 18.13 18.12 18.12 18.10 18.10 18.09 18.10 18.09 18.07 18.07 18.13 18.17 18.19 18.20 18.23 18.21 18.19 18.18 18.16 18.16 18.15 18.15 18.11 18.14 18.14 18.14 18.14 18.18 18.16 18.21 18.12 18.12 18.12 18.09 18.10 18.08 18.07 18.09 18.10 18.06 18.06 18.13 18.08 18.16 18.11 18.10 18.12 18.11 18.11 18.12 18.18 18.01 17.99 18.09 18.08 18.06 18.02 18.05 18.05 18.01 18.02
18.22 18.19 18.17 18.24 18.26 18.22 18.23 18.21 18.22 18.15 18.20 18.09 18.11 18.10 18.07 18.09 18.14 18.10 18.11 18.11 18.09 18.05 18.05 18.08 18.14 18.15 18.14 18.10 18.09 18.09 18.11 18.15 18.16 18.14 18.14 18.18 18.15 18.17 18.13 18.16 18.15 18.12 18.11 18.09 18.17 18.17 18.09 18.08 18.07 18.08 18.09 18.07 18.07 18.08 18.04 18.03 18.02 18.05 18.09 18.18 18.11 18.09 18.08 18.06 18.08 18.19 18.12 18.18 18.17 18.06 18.11 18.01 17.98 18.04 18.04 17.94 17.80
18.11 18.20 18.17 18.17 18.18 18.18 18.24 18.19 18.17 18.17 18.18 18.07 18.09 18.16 18.20 18.09 18.05 18.06 18.05 18.06 18.08 18.04 18.03 18.07 18.12 18.10 18.13 18.12 18.12 18.06 18.05 18.06 18.06 18.10 18.10 18.13 18.12 18.09 18.18 18.17 18.16 18.13 18.10 18.12 18.13 18.10 18.07 18.04 18.02 18.03 18.05 18.06 18.06 18.05 18.04 18.04 18.05 18.06 18.05 18.09 18.12 18.05 18.05 18.05 18.06 18.13 18.07 18.08 18.04 18.01 18.15 18.07 18.09 18.06 18.08 17.95 17.83
18.13 18.16 18.13 18.15 18.17 18.25 18.20 18.25 18.24 18.18 18.12 18.07 18.11 18.18 18.13 18.04 17.91 18.00 18.02 18.06 18.06 18.05 18.04 18.09 18.10 18.09 18.07 18.09 18.08 18.06 18.02 18.01 18.06 18.07 18.06 18.09 18.13 17.66 18.02 18.16 18.15 18.15 18.10 18.08 18.05 18.03 18.06 18.01 18.02 18.04 18.02 18.02 18.02 18.02 18.03 18.03 18.01 18.02 18.02 18.01 18.01 18.03 18.01 18.00 18.01 18.04 18.08 18.05 18.02 18.02 18.09 17.86 18.00 18.00 18.13 18.04 18.01
18.21 18.21 18.17 18.21 18.20 18.20 18.23 18.24 18.24 18.23 18.19 18.18 18.19 18.18 18.17 18.08 17.95 17.97 17.94 18.01 18.05 18.01 18.01 18.03 18.02 18.03 18.06 18.08 18.10 18.08 18.01 17.99 17.99 18.02 18.04 18.03 18.10 17.68 18.10 18.11 18.06 18.09 18.04 18.02 18.04 18.02 18.00 18.02 18.07 18.04 18.02 18.01 18.00 17.99 18.01 18.03 18.01 18.02 18.00 18.02 18.02 18.00 17.98 18.01 18.00 18.02 18.04 18.06 18.03 18.03 18.04 17.93 18.06 18.00 17.98 17.96 17.98
18.18 18.19 18.18 18.20 18.21 18.22 18.22 18.23 18.23 18.22 18.22 18.23 18.22 18.22 18.20 18.21 18.06 18.03 18.03 18.02 18.00 17.99 17.98 17.99 17.98 18.01 18.03 18.06 18.00 18.06 18.10 18.03 18.04 18.01 17.93 17.94 18.03 18.03 18.03 18.03 18.04 18.02 18.00 18.03 18.04 17.96 18.01 17.99 18.02 18.03 18.00 17.98 17.95 17.95 17.95 17.98 17.97 17.95 17.96 17.97 17.97 17.99 17.98 17.99 18.02 18.02 18.00 18.00 18.00 18.04 18.06 17.97 17.98 18.00 17.97 17.98 17.94
18.16 18.16 18.17 18.17 18.19 18.21 18.21 18.22 18.20 18.18 18.19 18.22 18.21 18.22 18.22 18.24 18.06 17.91 17.96 17.95 17.95 18.02 17.95 17.94 17.95 17.97 17.99 17.99 18.00 18.00 18.01 18.00 17.94 17.98 18.00 17.93 17.90 17.98 18.00 18.02 17.98 17.98 17.99 18.07 18.05 18.06 18.05 18.01 17.97 18.02 17.97 17.95 17.95 17.94 17.94 17.96 17.96 17.94 17.92 17.93 17.92 17.93 17.94 17.97 18.00 17.99 17.96 17.96 18.04 18.06 18.05 18.07 17.99 17.98 17.98 18.01 17.93
18.09 18.11 18.15 18.15 18.12 18.13 18.13 18.20 18.18 18.19 18.20 18.19 18.19 18.18 18.17 18.20 18.09 17.90 17.94 17.94 17.92 17.93 17.91 17.91 17.91 17.94 17.95 17.94 17.95 17.97 17.97 17.95 17.99 18.01 18.01 18.02 17.92 17.96 17.97 17.97 17.96 18.00 17.99 17.96 17.99 17.94 17.99 17.99 17.94 17.94 17.94 17.94 17.93 17.93 17.93 17.93 17.97 18.01 17.97 17.93 17.92 17.90 17.90 17.93 17.95 17.98 17.97 17.95 17.98 17.99 18.01 18.00 17.99 18.01 17.99 17.96 17.96
18.10 18.06 18.07 18.12 18.13 18.15 18.14 18.15 18.15 18.15 18.07 18.10 18.11 18.11 18.17 18.19 18.18 17.94 17.97 17.94 17.90 17.91 17.89 17.89 17.92 17.94 17.96 17.92 17.92 17.95 17.95 17.94 17.92 17.96 18.04 18.00 17.92 17.95 17.94 17.94 17.97 17.94 17.92 17.93 17.93 17.97 17.95 17.95 17.91 17.90 17.90 17.92 17.92 17.91 17.99 17.89 17.91 17.93 17.92 17.93 17.91 17.90 17.85 17.88 17.92 17.94 17.93 17.94 17.95 17.97 17.99 17.97 17.96 17.96 17.95 17.99 17.99
18.04 18.01 18.05 18.09 18.06 18.10 18.11 18.12 18.14 18.07 18.04 18.08 18.12 18.07 18.05 18.15 18.11 18.11 17.97 17.98 17.91 17.90 17.89 17.88 17.87 17.88 17.92 17.89 17.88 17.88 17.87 17.94 17.97 17.95 17.94 17.99 17.99 17.91 17.91 17.92 18.03 17.96 17.92 17.97 17.98 17.96 17.91 17.88 17.88 17.96 17.89 17.88 17.88 17.98 18.07 18.01 17.91 17.88 17.87 17.89 17.84 17.86 17.87 17.86 17.88 17.91 17.92 17.94 17.94 17.93 17.94 17.92 17.92 17.92 17.93 17.97 17.98
17.96 17.93 18.02 18.06 18.06 18.07 18.08 18.09 18.10 18.05 18.11 18.06 18.02 18.11 18.11 18.11 18.11 18.20 17.88 17.96 17.91 17.88 17.87 17.88 17.87 17.89 17.92 17.87 17.85 17.86 17.84 17.93 17.92 17.88 17.90 17.90 17.90 17.95 17.99 18.00 17.93 17.91 17.90 18.00 17.96 17.93 17.84 17.85 17.87 17.88 17.91 17.85 17.85 17.94 17.96 17.96 17.98 17.85 17.84 17.86 17.83 17.83 17.84 17.83 17.84 17.85 17.85 17.89 17.89 17.89 17.89 17.89 17.89 17.90 17.89 17.89 17.94
17.95 17.99 18.06 17.94 17.90 18.05 18.07 18.08 18.01 18.04 18.09 18.06 18.06 18.09 18.06 18.09 18.01 18.07 17.90 17.94 17.90 17.87 17.86 17.83 17.82 17.83 17.84 17.89 17.87 17.86 17.88 17.92 17.88 17.91 17.88 17.88 17.90 17.88 17.88 17.91 17.93 17.99 17.97 17.90 17.87 17.89 17.92 17.88 17.85 17.84 17.83 17.81 17.90 17.87 17.94 17.95 17.86 17.87 17.84 17.83 17.83 17.79 17.81 17.80 17.82 17.83 17.83 17.85 17.88 17.86 17.85 17.85 17.86 17.85 17.82 17.81 17.88
17.94 18.07 18.00 17.97 17.98 18.02 18.05 18.03 18.03 18.09 18.09 18.08 18.06 18.08 18.03 18.07 18.09 17.87 17.37 17.88 17.89 17.85 17.83 17.84 17.82 17.84 17.84 17.82 17.84 17.86 17.89 17.88 17.83 17.86 17.89 17.91 17.88 17.87 17.87 17.87 17.87 17.87 17.85 17.86 17.87 17.85 17.82 17.82 17.83 17.82 17.82 17.81 17.86 17.93 17.84 17.95 18.01 17.93 17.85 17.82 17.81 17.83 17.80 17.79 17.79 17.78 17.78 17.82 17.83 17.83 17.83 17.82 17.82 17.82 17.81 17.95 17.87
17.89 17.95 18.00 18.00 18.00 17.96 17.95 18.03 18.04 18.05 18.04 18.05 18.03 18.03 18.03 18.04 18.04 18.05 17.69 18.00 17.86 17.86 17.84 17.83 17.83 17.82 17.81 17.81 17.79 17.82 17.86 17.91 17.86 17.84 17.80 17.84 17.93 17.84 17.83 17.85 17.85 17.84 17.83 17.85 17.84 17.82 17.81 17.79 17.79 17.78 17.78 17.78 17.84 17.93 17.95 17.89 17.82 17.77 17.82 17.81 17.79 17.81 17.80 17.77 17.76 17.80 17.78 17.82 17.81 17.83 17.82 17.80 17.80 17.79 17.81 17.80 17.80
17.87 17.97 18.02 18.00 17.92 17.96 18.00 17.99 18.01 18.02 18.02 18.02 18.05 18.02 18.03 18.05 18.02 18.04 18.01 17.98 17.92 17.81 17.84 17.96 18.00 17.94 17.97 17.90 17.92 18.00 18.00 17.93 17.84 17.81 17.80 17.79 17.85 17.87 17.88 17.82 17.83 17.81 17.81 17.82 17.81 17.83 17.81 17.79 17.78 17.77 17.77 17.77 17.77 17.82 17.85 17.77 17.78 17.78 17.79 17.78 17.79 17.79 17.74 17.75 17.81 17.79 17.80 17.80 17.77 17.78 17.81 17.76 17.73 17.74 17.81 17.82 17.81
17.81 18.01 17.92 17.98 18.02 18.02 17.99 17.98 18.00 18.00 18.01 18.01 18.00 17.92 17.91 17.99 18.02 18.04 18.02 18.01 17.96 17.99 17.92 17.97 18.03 18.03 18.03 18.02 18.04 17.95 18.00 17.97 17.84 17.84 17.81 17.83 17.80 17.82 17.85 17.84 17.83 17.82 17.83 17.82 17.82 17.81 17.80 17.77 17.77 17.77 17.76 17.76 17.76 17.83 17.87 17.76 17.76 17.78 17.79 17.79 17.76 17.78 17.79 17.78 17.79 17.79 17.78 17.80 17.80 17.79 17.78 17.77 17.75 17.76 17.77 17.80 17.78
17.79 17.89 17.97 17.96 17.99 18.00 17.96 17.95 17.98 17.98 18.00 17.99 17.97 18.00 17.99 18.01 18.01 18.01 18.01 18.00 18.01 18.00 17.89 17.97 18.03 18.02 18.04 18.01 18.02 18.02 18.00 17.92 17.78 17.80 17.77 17.77 17.77 17.80 17.81 17.80 17.78 17.80 17.82 17.80 17.79 17.79 17.78 17.78 17.77 17.76 17.77 17.77 17.75 17.76 17.80 17.77 17.77 17.74 17.76 17.75 17.78 17.78 17.78 17.80 17.79 17.78 17.78 17.79 17.77 17.77 17.76 17.73 17.75 17.73 17.77 17.74 17.77
17.73 17.83 17.90 17.86 17.88 17.96 17.90 17.95 17.97 17.98 17.96 17.97 17.97 17.98 17.98 17.97 17.97 17.99 17.98 17.97 18.00 18.00 17.93 17.90 17.95 17.98 17.94 17.99 18.00 17.97 17.96 17.88 17.75 17.77 17.76 17.77 17.86 17.96 17.87 17.89 17.78 17.75 17.77 17.79 17.78 17.75 17.77 17.76 17.76 17.75 17.75 17.75 17.73 17.74 17.72 17.72 17.71 17.70 17.71 17.71 17.72 17.75 17.73 17.79 17.79 17.78 17.76 17.77 17.76 17.76 17.74 17.77 17.75 17.76 17.77 17.74 17.72
17.75 17.92 17.96 17.93 17.91 17.93 17.89 17.94 17.95 17.92 17.96 17.96 17.94 17.94 17.95 17.95 17.93 17.96 17.96 17.96 17.98 17.98 17.97 17.88 17.98 17.98 17.94 17.96 17.97 17.96 17.89 17.81 17.67 17.76 17.69 17.76 17.89 17.99 17.95 17.98 17.94 17.76 17.76 17.78 17.77 17.79 17.79 17.74 17.73 17.73 17.71 17.70 17.69 17.71 17.70 17.69 17.68 17.68 17.69 17.69 17.71 17.77 17.73 17.73 17.80 17.81 17.77 17.77 17.77 17.75 17.71 17.73 17.72 17.75 17.76 17.68 17.71
17.73 17.84 17.91 17.91 17.92 17.91 17.92 17.90 17.92 17.93 17.94 17.91 17.93 17.92 17.93 17.92 17.92 17.93 17.93 17.93 17.93 17.94 17.95 17.94 17.96 17.95 17.96 17.95 17.96 17.94 17.91 17.67 17.40 17.73 17.83 17.94 17.96 17.96 17.95 17.93 17.90 17.95 17.87 17.74 17.75 17.78 17.77 17.74 17.74 17.72 17.72 17.71 17.70 17.70 17.68 17.68 17.67 17.67 17.71 17.69 17.69 17.75 17.69 17.76 17.76 17.74 17.75 17.77 17.77 17.74 17.72 17.71 17.69 17.70 17.73 17.67 17.67
17.69 17.79 17.87 17.90 17.93 17.91 17.92 17.90 17.91 17.90 17.89 17.88 17.88 17.88 17.89 17.90 17.92 17.91 17.90 17.90 17.90 17.92 17.94 17.94 17.82 17.93 17.94 17.96 17.95 17.92 17.93 17.51 17.47 17.72 17.85 17.87 17.91 17.89 17.90 17.89 17.93 17.89 17.93 17.85 17.83 17.87 17.83 17.88 17.73 17.71 17.69 17.69 17.68 17.67 17.67 17.64 17.65 17.65 17.67 17.67 17.67 17.76 17.86 17.70 17.72 17.72 17.72 17.72 17.71 17.71 17.73 17.72 17.71 17.68 17.68 17.69 17.72
17.75 17.77 17.85 17.85 17.85 17.88 17.91 17.90 17.90 17.88 17.87 17.86 17.86 17.87 17.88 17.88 17.88 17.90 17.89 17.90 17.89 17.88 17.88 17.90 17.91 17.91 17.88 17.92 17.92 17.90 17.93 17.90 17.75 17.86 17.90 17.90 17.89 17.90 17.90 17.92 17.90 17.90 17.91 17.90 17.88 17.90 17.90 17.91 17.72 17.68 17.68 17.68 17.69 17.66 17.66 17.65 17.65 17.63 17.64 17.64 17.63 17.67 17.73 17.69 17.71 17.72 17.68 17.67 17.66 17.68 17.72 17.72 17.70 17.69 17.68 17.66 17.74
17.77 17.74 17.84 17.82 17.84 17.83 17.83 17.86 17.86 17.86 17.88 17.89 17.88 17.87 17.87 17.87 17.87 17.89 17.88 17.88 17.89 17.88 17.88 17.88 17.89 17.91 17.87 17.90 17.89 17.89 17.89 17.85 17.87 17.90 17.90 17.88 17.87 17.85 17.87 17.89 17.87 17.86 17.88 17.88 17.88 17.91 17.91 17.89 17.84 17.68 17.67 17.67 17.67 17.66 17.64 17.63 17.61 17.60 17.61 17.64 17.65 17.64 17.73 17.73 17.71 17.69 17.65 17.64 17.66 17.65 17.66 17.66 17.67 17.67 17.67 17.67 17.68
17.84 17.77 17.83 17.82 17.81 17.84 17.82 17.82 17.82 17.83 17.87 17.87 17.87 17.84 17.86 17.83 17.86 17.85 17.87 17.87 17.88 17.87 17.87 17.87 17.87 17.87 17.87 17.85 17.89 17.89 17.87 17.77 17.82 17.84 17.86 17.87 17.85 17.85 17.85 17.85 17.85 17.83 17.83 17.85 17.85 17.87 17.87 17.87 17.79 17.69 17.65 17.66 17.63 17.65 17.63 17.62 17.60 17.59 17.60 17.61 17.63 17.67 17.63 17.60 17.59 17.62 17.62 17.64 17.64 17.65 17.64 17.66 17.66 17.65 17.66 17.64 17.62
