main/data/irradiance/24.06.2023.grid
ncols 839
nrows 679
xllcenter 112.0500
yllcenter -43.9500
cellsize 0.0500
nodata_value 99999.90
[rows 544 to 577 of 679, columns 539 to 615 of 839]
99999.90 99999.90 99999.90 99999.90 99999.90 6.62 6.62 6.62 6.08 6.08 6.08 6.08 6.08 6.08 6.08 6.08 6.08 6.12 6.37 6.56 7.00 7.36 7.23 7.04 6.09 6.76 7.69 8.24 8.23 7.71 7.91 8.07 7.96 8.15 8.40 8.02 8.64 8.15 8.10 7.89 7.69 7.70 7.90 8.04 7.77 8.15 8.59 8.66 8.37 8.13 7.74 7.91 7.98 7.76 8.22 8.58 8.49 8.49 7.99 8.02 8.14 7.69 7.35 7.17 7.82 7.24 6.04 6.48 6.45 7.08 6.85 6.15 5.46 6.69 6.37 6.40 6.87
99999.90 99999.90 99999.90 99999.90 99999.90 6.62 6.08 6.08 6.08 6.08 6.08 6.08 6.08 6.08 6.08 6.08 6.08 6.08 6.37 6.28 6.68 6.82 7.09 7.46 7.27 7.38 8.07 8.26 8.06 7.99 8.22 8.51 8.51 8.58 8.50 8.17 8.18 8.19 8.12 7.80 7.58 7.73 8.25 7.81 7.49 8.10 8.14 8.10 8.53 8.18 8.20 8.02 7.60 7.94 8.08 8.35 8.44 8.14 8.15 8.05 8.01 7.31 6.91 7.27 7.69 7.00 6.26 6.61 6.56 7.05 6.88 6.71 6.32 6.75 6.48 6.85 7.02
99999.90 99999.90 99999.90 99999.90 99999.90 6.62 6.08 6.08 6.08 6.08 6.08 6.08 6.08 6.08 6.08 6.08 6.08 6.08 6.28 6.28 7.08 6.73 6.68 7.58 7.58 7.57 8.11 8.30 8.04 7.77 7.64 8.20 8.39 8.56 8.43 8.02 7.88 7.85 8.01 7.70 7.66 7.78 7.71 7.61 7.41 7.86 7.17 8.29 8.75 8.29 8.39 7.84 7.16 7.47 7.81 8.48 8.10 7.89 7.95 8.11 7.99 7.06 6.98 7.46 7.10 6.16 5.15 7.23 6.61 6.28 6.86 7.26 6.68 7.49 6.68 7.19 7.08
99999.90 99999.90 99999.90 99999.90 99999.90 6.62 6.08 6.08 6.08 6.08 6.08 6.08 6.08 6.08 6.08 6.08 6.08 6.28 6.28 7.08 7.08 7.32 7.10 7.65 8.05 7.55 7.34 7.42 7.84 7.55 7.70 8.14 8.27 8.58 8.76 8.25 7.60 7.53 7.77 8.01 7.92 7.42 7.41 7.28 7.37 7.69 7.53 8.67 8.84 8.51 8.30 7.65 7.51 7.78 7.87 8.32 8.14 7.99 7.97 8.30 8.10 7.23 7.37 7.60 7.56 7.10 7.91 7.06 6.37 7.16 7.23 8.01 7.70 8.17 7.63 7.98 8.05
99999.90 99999.90 99999.90 99999.90 99999.90 6.62 6.08 6.08 6.08 6.08 6.08 6.08 6.08 6.08 6.08 6.08 6.08 6.28 7.08 6.41 6.41 6.41 7.05 7.43 7.50 7.47 7.41 7.34 7.67 7.84 7.55 7.91 8.16 8.63 8.66 8.04 7.79 7.74 7.93 8.37 8.15 7.23 7.37 7.57 7.60 7.76 8.01 9.03 8.69 8.35 8.44 7.51 7.57 7.89 7.72 8.33 8.28 8.10 8.10 8.39 8.62 7.49 7.55 7.93 8.10 8.34 8.49 6.78 6.33 7.57 8.00 8.56 8.61 7.47 8.43 8.93 8.22
99999.90 99999.90 99999.90 99999.90 99999.90 6.62 6.08 6.08 6.08 6.08 6.08 6.08 6.08 6.08 6.08 6.08 6.08 6.41 6.41 6.41 6.41 6.41 7.31 7.44 7.45 7.38 7.68 7.33 8.13 7.90 7.55 7.74 7.81 8.03 8.07 7.82 7.92 7.87 7.98 8.34 7.97 7.26 7.75 7.46 7.62 8.29 8.39 8.78 8.86 8.71 8.22 7.80 7.79 8.20 8.09 8.51 8.34 8.26 8.50 8.61 8.47 7.66 8.04 8.14 7.94 8.60 8.26 7.26 6.53 7.84 8.46 8.87 8.70 8.04 8.20 8.53 8.03
99999.90 99999.90 99999.90 99999.90 99999.90 6.62 6.08 6.08 6.08 6.08 6.08 6.08 6.08 6.08 6.08 6.08 6.41 6.41 6.41 6.41 6.41 7.31 7.31 6.49 6.67 6.90 7.24 7.23 8.18 7.48 7.56 8.30 8.19 8.28 7.90 7.45 7.50 7.89 7.96 8.10 8.31 7.89 7.74 7.59 7.85 7.96 7.86 8.68 8.54 7.99 7.71 7.78 8.34 8.62 8.29 8.25 8.03 8.42 8.69 8.87 8.36 7.99 7.65 7.76 8.65 8.48 8.22 7.39 7.77 8.59 8.32 8.30 8.35 8.39 8.23 8.44 8.58
99999.90 99999.90 99999.90 99999.90 99999.90 99999.90 6.08 6.08 6.08 6.08 6.08 6.08 6.08 6.08 6.08 6.41 6.41 6.41 6.41 6.41 7.31 7.31 6.49 6.49 6.49 6.38 7.22 8.12 8.41 7.86 7.96 8.43 8.22 8.13 7.95 7.51 7.44 7.96 8.24 8.30 8.06 7.75 7.41 7.74 8.23 7.90 8.02 8.07 8.04 7.81 7.42 7.48 8.03 8.29 8.11 8.11 8.15 8.65 8.81 8.27 8.54 8.10 7.70 8.12 8.55 8.27 7.93 7.60 8.95 8.45 8.48 8.32 8.14 8.59 8.20 8.68 8.97
99999.90 99999.90 99999.90 99999.90 99999.90 99999.90 6.08 6.08 6.08 6.08 6.08 6.08 6.08 6.08 6.41 6.41 6.41 6.41 6.41 7.31 7.31 6.49 6.49 6.49 6.49 6.88 7.07 7.95 8.11 8.21 8.22 8.13 8.14 7.87 7.91 7.79 7.54 7.83 7.88 8.19 7.95 7.78 7.81 8.03 7.85 8.34 8.33 7.84 7.28 7.13 7.06 7.15 7.84 8.02 8.11 8.11 8.40 8.70 8.69 8.62 8.55 8.21 7.98 8.18 8.65 8.35 7.48 8.18 9.02 8.35 8.78 8.56 8.42 8.94 8.59 8.93 8.85
99999.90 99999.90 99999.90 99999.90 99999.90 99999.90 6.08 6.08 6.08 6.08 6.08 6.08 6.08 6.41 6.41 6.41 6.41 6.41 7.31 7.31 6.49 6.49 6.49 6.49 6.88 6.88 8.00 8.53 8.78 8.66 8.41 8.24 8.26 7.85 7.20 7.20 7.15 7.05 7.49 7.83 7.52 7.61 7.77 7.52 7.78 7.82 7.40 7.23 6.91 6.76 6.92 7.35 7.74 8.05 8.29 8.23 8.06 8.82 8.73 8.93 8.55 8.19 8.11 8.53 8.57 8.37 8.19 8.62 8.57 8.72 8.62 8.49 8.87 9.09 8.39 9.16 9.01
99999.90 99999.90 99999.90 99999.90 99999.90 99999.90 6.08 6.08 6.08 6.08 6.08 6.08 6.08 6.41 6.41 6.41 6.41 7.31 7.31 6.49 6.49 6.49 6.49 6.88 7.75 7.75 7.75 8.27 8.47 8.04 8.49 8.85 8.04 7.83 6.77 6.53 6.48 6.99 7.30 7.43 7.29 7.36 7.73 7.70 7.60 7.41 7.37 7.28 7.43 7.26 7.47 7.83 7.83 8.04 7.94 8.29 8.53 8.93 8.89 8.89 8.45 8.56 8.44 8.19 8.18 8.63 8.61 8.86 9.04 8.64 8.35 8.90 9.08 9.10 8.64 9.18 8.93
99999.90 99999.90 99999.90 99999.90 99999.90 99999.90 99999.90 99999.90 99999.90 6.28 6.28 6.41 6.41 6.41 6.41 6.41 7.31 7.31 6.49 6.49 6.49 6.49 7.75 7.75 7.75 7.75 7.75 7.44 7.60 7.59 7.66 7.97 7.51 7.27 6.74 6.78 6.71 6.30 6.94 7.50 7.35 7.51 7.48 7.51 7.86 7.75 7.42 7.66 7.42 7.14 7.26 7.42 7.53 7.90 8.08 8.60 8.60 8.64 8.20 8.42 8.38 8.77 8.49 7.90 8.21 8.61 8.71 8.87 8.59 8.44 8.55 8.73 8.76 8.48 8.66 9.20 8.82
99999.90 99999.90 99999.90 99999.90 99999.90 99999.90 99999.90 99999.90 99999.90 99999.90 7.08 6.41 6.41 6.41 6.41 7.31 7.31 6.49 6.49 6.49 7.75 7.75 7.75 7.75 7.75 7.75 7.44 7.44 6.51 7.01 6.77 6.98 6.94 6.85 6.59 7.14 6.98 6.54 7.05 7.47 7.47 6.92 7.68 7.60 8.18 8.30 7.82 7.10 7.06 7.27 7.18 7.19 7.52 7.90 8.33 8.61 8.31 8.17 7.95 8.04 8.56 8.72 8.55 8.19 8.29 8.51 8.68 8.86 8.64 8.73 8.68 8.34 8.38 8.31 8.76 9.02 8.77
99999.90 99999.90 99999.90 99999.90 99999.90 99999.90 99999.90 99999.90 99999.90 99999.90 99999.90 6.41 6.41 6.41 7.31 7.31 6.49 6.49 6.49 7.75 7.75 7.75 7.75 7.75 7.75 7.44 6.07 6.07 6.07 6.90 6.60 5.66 6.16 6.77 7.24 7.62 7.53 7.55 7.21 7.72 7.19 7.17 7.18 7.52 8.04 8.01 7.63 6.59 7.30 7.12 7.21 7.59 7.52 7.73 7.93 8.10 7.79 7.92 7.89 8.17 8.60 8.70 8.67 8.58 8.09 8.52 8.65 8.67 8.73 8.71 8.19 8.10 8.44 8.54 8.67 8.73 8.91
99999.90 99999.90 99999.90 99999.90 99999.90 99999.90 99999.90 99999.90 99999.90 99999.90 99999.90 6.41 6.41 7.31 7.31 6.49 6.49 7.75 7.75 7.75 7.75 7.75 7.75 7.75 6.07 6.07 6.07 6.07 6.07 6.90 5.39 5.89 6.68 7.10 7.02 7.38 7.70 7.43 6.91 7.48 7.11 6.91 7.12 7.24 7.88 7.64 7.45 7.40 7.24 7.25 7.53 7.90 7.58 7.60 7.82 8.01 8.08 8.13 8.25 8.54 8.86 8.92 8.81 8.49 8.31 8.64 8.75 8.92 8.81 8.95 8.34 8.21 8.81 8.69 8.60 8.54 8.88
99999.90 99999.90 99999.90 99999.90 99999.90 99999.90 99999.90 99999.90 99999.90 99999.90 99999.90 99999.90 7.31 7.31 6.49 6.49 7.75 7.75 7.75 7.75 7.75 7.75 6.07 6.07 6.07 6.07 6.07 6.07 6.07 5.39 5.39 5.89 6.90 7.04 6.78 7.26 7.64 7.79 7.64 7.55 7.32 7.21 7.19 7.22 7.69 7.60 7.49 7.36 7.01 6.90 7.21 7.35 7.07 7.53 8.01 8.23 8.14 8.40 8.39 8.58 8.78 8.80 8.77 8.37 8.24 8.51 8.79 8.87 8.85 8.68 8.28 8.48 8.67 8.73 8.66 8.69 8.60
99999.90 99999.90 99999.90 99999.90 99999.90 99999.90 99999.90 99999.90 99999.90 99999.90 99999.90 99999.90 99999.90 6.49 6.49 6.49 7.75 7.75 7.75 7.75 7.75 6.07 6.07 6.07 6.07 6.07 6.07 6.07 5.39 5.39 5.39 6.90 6.90 7.04 6.47 6.59 6.90 7.79 7.61 7.50 7.52 7.48 7.17 7.18 7.17 7.69 7.12 6.81 7.11 7.69 7.20 6.76 7.60 7.98 8.22 8.29 8.18 8.48 8.49 8.49 8.61 8.63 8.48 8.47 8.45 8.68 8.88 8.91 8.77 8.28 8.54 8.75 7.99 8.51 8.73 8.25 8.24
99999.90 99999.90 99999.90 99999.90 99999.90 99999.90 99999.90 99999.90 99999.90 99999.90 99999.90 99999.90 99999.90 99999.90 6.49 6.49 7.75 7.75 7.75 6.07 6.07 6.07 6.07 6.07 6.07 6.07 6.07 6.07 5.39 5.39 6.90 6.90 6.90 6.47 6.47 6.59 6.90 6.90 7.61 7.50 7.52 7.48 7.47 7.01 7.17 7.21 6.81 6.84 7.30 7.74 7.56 6.98 7.46 7.60 8.05 8.11 8.12 8.48 8.59 8.67 8.54 8.45 8.57 8.47 8.74 8.81 8.85 8.60 8.63 8.34 8.67 8.64 7.54 8.62 8.79 8.00 8.17
99999.90 99999.90 99999.90 99999.90 99999.90 99999.90 99999.90 99999.90 99999.90 99999.90 99999.90 99999.90 99999.90 99999.90 99999.90 6.88 7.75 7.75 6.07 6.07 6.07 6.07 6.07 6.07 6.07 6.07 6.07 5.39 5.39 5.39 6.90 6.90 6.47 6.47 6.47 6.59 6.90 6.90 7.61 7.50 7.52 7.47 7.47 7.01 7.54 7.15 6.55 7.06 7.32 7.63 7.70 7.52 7.56 7.59 8.16 8.12 8.51 8.75 8.80 8.61 8.67 8.67 8.58 8.45 8.62 8.75 8.78 8.78 8.58 8.70 8.60 8.81 7.83 8.34 8.38 7.94 8.12
99999.90 99999.90 99999.90 99999.90 99999.90 99999.90 99999.90 99999.90 99999.90 99999.90 99999.90 99999.90 99999.90 99999.90 99999.90 99999.90 7.75 7.75 6.07 6.07 6.07 6.07 6.07 6.07 6.07 6.07 6.07 5.39 5.39 6.90 6.90 6.90 6.47 6.47 6.47 6.59 6.90 6.90 7.61 7.50 7.47 7.47 7.47 7.54 7.54 7.15 6.99 6.88 6.94 7.53 8.05 7.88 7.69 7.66 7.94 8.07 8.46 8.82 8.91 8.75 8.60 8.66 8.55 8.63 8.57 8.64 8.50 8.80 8.61 8.56 8.10 8.00 8.18 8.33 7.83 7.81 8.14
99999.90 99999.90 99999.90 99999.90 99999.90 99999.90 99999.90 99999.90 99999.90 99999.90 99999.90 99999.90 99999.90 99999.90 99999.90 99999.90 7.75 7.75 6.07 6.07 6.07 6.07 6.07 6.07 6.07 6.07 5.39 5.39 5.39 6.90 6.90 6.47 6.47 6.47 6.47 6.59 6.90 6.90 7.61 7.50 7.47 7.47 7.54 7.54 7.54 6.99 6.99 6.67 7.12 7.47 7.41 7.44 7.94 7.84 7.65 8.08 8.61 8.63 8.77 8.83 8.78 8.70 8.46 8.44 8.68 8.67 8.51 8.53 8.62 8.61 8.15 7.88 8.24 7.94 7.92 7.87 7.79
99999.90 99999.90 99999.90 99999.90 99999.90 99999.90 99999.90 99999.90 99999.90 99999.90 99999.90 99999.90 99999.90 99999.90 99999.90 99999.90 99999.90 7.44 6.07 6.07 6.07 6.07 6.07 6.07 6.07 6.07 5.39 5.39 6.90 6.90 6.90 6.47 6.47 6.47 6.47 6.59 6.90 6.90 7.61 7.50 7.47 7.47 7.54 7.54 6.99 6.99 6.67 6.67 7.45 7.47 6.82 7.15 7.83 7.84 7.65 8.08 8.61 8.63 8.77 8.83 8.47 8.47 8.24 8.44 8.52 8.53 8.48 8.36 8.39 8.59 8.21 7.98 7.99 7.86 8.30 8.21 7.61
99999.90 99999.90 99999.90 99999.90 99999.90 99999.90 99999.90 99999.90 99999.90 99999.90 99999.90 99999.90 99999.90 99999.90 99999.90 99999.90 99999.90 99999.90 6.07 6.07 6.07 6.07 6.07 6.07 6.07 5.39 5.39 5.39 6.90 6.90 6.47 6.47 6.47 6.47 6.47 6.59 6.90 6.90 7.61 7.47 7.47 7.54 7.54 7.54 6.99 6.67 6.67 7.45 7.45 7.93 7.60 7.58 7.83 7.83 7.65 8.08 8.61 8.63 8.77 8.47 8.47 8.47 8.30 8.39 8.46 8.48 8.39 8.31 8.42 8.52 8.27 7.82 7.66 7.96 8.24 8.37 7.69
99999.90 99999.90 99999.90 99999.90 99999.90 99999.90 99999.90 99999.90 99999.90 99999.90 99999.90 99999.90 99999.90 99999.90 99999.90 99999.90 99999.90 99999.90 6.07 6.07 6.07 6.07 6.07 6.07 6.07 5.39 5.39 6.90 6.90 6.90 6.47 6.47 6.47 6.47 6.47 6.59 6.90 6.90 7.61 7.47 7.47 7.54 7.54 6.99 6.67 6.67 7.45 7.45 7.93 7.93 7.60 7.71 7.71 7.71 7.83 8.08 8.61 8.63 8.47 8.47 8.47 8.30 8.30 8.39 8.46 8.48 8.39 8.31 8.42 8.52 8.27 7.68 7.06 7.28 7.72 7.73 7.93
99999.90 99999.90 99999.90 99999.90 99999.90 99999.90 99999.90 99999.90 99999.90 99999.90 99999.90 99999.90 99999.90 99999.90 99999.90 99999.90 99999.90 99999.90 99999.90 99999.90 5.39 5.39 5.39 5.39 5.39 5.39 5.39 6.90 6.90 6.47 6.47 6.47 6.47 6.47 6.47 6.59 6.90 6.90 7.61 7.47 7.54 7.54 7.54 6.67 6.67 7.45 7.45 7.93 7.93 7.93 7.71 7.71 7.71 7.71 7.71 8.08 8.61 8.63 8.47 8.47 8.30 8.30 8.30 8.39 8.46 8.48 8.39 8.31 8.42 8.52 7.68 7.68 7.06 7.32 7.44 7.22 7.64
99999.90 99999.90 99999.90 99999.90 99999.90 99999.90 99999.90 99999.90 99999.90 99999.90 99999.90 99999.90 99999.90 99999.90 99999.90 99999.90 99999.90 99999.90 99999.90 99999.90 99999.90 99999.90 6.90 6.90 6.90 6.90 6.90 6.90 6.90 6.47 6.47 6.47 6.47 6.47 6.47 6.59 6.90 6.90 7.47 7.47 7.54 7.54 6.67 6.67 7.45 7.45 7.93 7.93 7.93 7.71 7.71 7.71 7.71 7.71 7.71 7.71 8.61 8.63 8.47 8.47 8.30 8.30 8.30 8.39 8.46 8.48 8.39 8.31 8.42 7.68 7.68 7.68 7.32 7.32 7.44 7.60 7.67
99999.90 99999.90 99999.90 99999.90 99999.90 99999.90 99999.90 99999.90 99999.90 99999.90 99999.90 99999.90 99999.90 99999.90 99999.90 99999.90 99999.90 99999.90 99999.90 99999.90 99999.90 99999.90 99999.90 99999.90 6.47 6.47 6.47 6.47 6.47 6.47 6.47 6.47 6.47 6.47 6.47 6.59 6.90 6.90 7.47 7.54 7.54 6.67 6.67 7.45 7.45 7.93 7.93 7.93 7.93 7.71 7.71 7.71 7.71 7.71 7.71 7.71 7.71 8.47 8.47 8.30 8.30 8.30 8.30 8.39 8.46 8.48 8.39 8.31 8.42 7.68 7.68 7.32 7.32 7.32 7.60 7.60 7.97
99999.90 99999.90 99999.90 99999.90 99999.90 99999.90 99999.90 99999.90 99999.90 99999.90 99999.90 99999.90 99999.90 99999.90 99999.90 99999.90 99999.90 99999.90 99999.90 99999.90 99999.90 99999.90 99999.90 99999.90 99999.90 99999.90 99999.90 99999.90 99999.90 99999.90 99999.90 99999.90 7.47 7.47 7.47 7.47 7.47 7.47 7.47 7.54 7.54 6.67 7.45 7.45 7.93 7.93 7.93 7.93 7.71 7.71 7.71 7.71 7.71 7.71 7.71 7.71 7.71 8.47 8.47 8.30 8.30 8.30 8.30 8.39 8.46 8.48 8.39 8.31 8.42 7.68 7.68 7.32 7.32 7.60 7.60 7.97 7.97
99999.90 99999.90 99999.90 99999.90 99999.90 99999.90 99999.90 99999.90 99999.90 99999.90 99999.90 99999.90 99999.90 99999.90 99999.90 99999.90 99999.90 99999.90 99999.90 99999.90 99999.90 99999.90 99999.90 99999.90 99999.90 99999.90 99999.90 99999.90 99999.90 99999.90 99999.90 99999.90 99999.90 99999.90 7.54 7.54 7.54 7.54 7.54 7.54 6.67 7.45 7.45 7.93 7.93 7.93 7.93 7.93 7.71 7.71 7.71 7.71 7.71 7.71 7.71 7.71 7.71 8.47 8.30 8.30 8.30 8.30 8.30 8.39 8.46 8.48 8.39 8.31 7.68 7.68 7.32 7.32 7.32 7.60 7.97 7.97 7.97
99999.90 99999.90 99999.90 99999.90 99999.90 99999.90 99999.90 99999.90 99999.90 99999.90 99999.90 99999.90 99999.90 99999.90 99999.90 99999.90 99999.90 99999.90 99999.90 99999.90 99999.90 99999.90 99999.90 99999.90 99999.90 99999.90 99999.90 99999.90 99999.90 99999.90 99999.90 99999.90 99999.90 99999.90 99999.90 99999.90 6.99 6.99 6.67 6.67 7.45 7.45 7.93 7.93 7.93 7.93 7.93 7.71 7.71 7.71 7.71 7.71 7.71 7.71 7.71 7.71 7.71 7.71 8.30 8.30 8.30 8.30 8.30 8.39 8.46 8.48 8.39 8.31 7.68 7.68 7.32 7.32 7.60 7.97 7.97 7.97 7.97
99999.90 99999.90 99999.90 99999.90 99999.90 99999.90 99999.90 99999.90 99999.90 99999.90 99999.90 99999.90 99999.90 99999.90 99999.90 99999.90 99999.90 99999.90 99999.90 99999.90 99999.90 99999.90 99999.90 99999.90 99999.90 99999.90 99999.90 99999.90 99999.90 99999.90 99999.90 99999.90 99999.90 99999.90 99999.90 99999.90 99999.90 6.67 6.67 7.45 7.45 7.93 7.93 7.93 7.93 7.93 7.93 7.71 7.71 7.71 7.71 7.71 7.71 7.71 7.71 7.71 7.71 7.71 8.30 8.30 8.30 8.30 8.30 8.39 8.46 8.48 8.39 8.31 7.68 7.32 7.32 7.32 7.97 7.97 7.97 7.97 7.97
99999.90 99999.90 99999.90 99999.90 99999.90 99999.90 99999.90 99999.90 99999.90 99999.90 99999.90 99999.90 99999.90 99999.90 99999.90 99999.90 99999.90 99999.90 99999.90 99999.90 99999.90 99999.90 99999.90 99999.90 99999.90 99999.90 99999.90 99999.90 99999.90 99999.90 99999.90 99999.90 99999.90 99999.90 99999.90 99999.90 99999.90 99999.90 7.45 7.45 7.93 7.93 7.93 7.93 7.93 7.93 7.71 7.71 7.71 7.71 7.71 7.71 7.71 7.71 7.71 7.71 7.71 7.71 8.30 8.30 8.30 8.30 8.30 8.39 8.46 8.48 8.39 7.68 7.68 7.32 7.32 7.97 7.97 7.97 7.97 7.97 7.97
99999.90 99999.90 99999.90 99999.90 99999.90 99999.90 99999.90 99999.90 99999.90 99999.90 99999.90 99999.90 99999.90 99999.90 99999.90 99999.90 99999.90 99999.90 99999.90 99999.90 99999.90 99999.90 99999.90 99999.90 99999.90 99999.90 99999.90 99999.90 99999.90 99999.90 99999.90 99999.90 99999.90 99999.90 99999.90 99999.90 99999.90 99999.90 99999.90 7.93 7.93 7.93 7.93 7.93 7.93 7.93 7.71 7.71 7.71 7.71 7.71 7.71 7.71 7.71 7.71 7.71 7.71 7.71 8.30 8.30 8.30 8.30 8.30 8.39 8.46 8.48 8.39 7.68 7.32 7.32 7.97 7.97 7.97 7.97 7.97 7.97 7.92
99999.90 99999.90 99999.90 99999.90 99999.90 99999.90 99999.90 99999.90 99999.90 99999.90 99999.90 99999.90 99999.90 99999.90 99999.90 99999.90 99999.90 99999.90 99999.90 99999.90 99999.90 99999.90 99999.90 99999.90 99999.90 99999.90 99999.90 99999.90 99999.90 99999.90 99999.90 99999.90 99999.90 99999.90 99999.90 99999.90 99999.90 99999.90 99999.90 99999.90 99999.90 7.71 7.71 7.71 7.71 7.71 7.71 7.71 7.71 7.71 7.71 7.71 7.71 7.71 7.71 7.71 7.71 7.71 7.71 7.71 7.71 7.71 7.68 7.68 7.68 7.68 7.68 7.68 7.32 7.32 7.97 7.97 7.97 7.97 7.97 7.97 7.92
