main/data/irradiance/24.01.2023.grid
ncols 839
nrows 679
xllcenter 112.0500
yllcenter -43.9500
cellsize 0.0500
nodata_value 99999.90
[rows 204 to 237 of 679, columns 693 to 769 of 839]
29.74 29.26 29.67 29.35 29.48 29.36 29.30 29.68 29.47 29.12 29.20 29.37 28.96 28.83 29.42 29.46 29.64 28.92 28.71 28.68 29.52 29.05 28.77 28.93 29.32 28.39 28.09 27.81 27.50 25.87 25.79 25.65 25.81 25.58 24.25 22.73 25.26 25.58 27.49 29.52 29.52 29.16 29.16 28.35 28.35 26.42 26.42 26.42 26.42 26.42 26.42 26.42 26.42 26.42 26.42 26.42 26.42 99999.90 99999.90 99999.90 99999.90 99999.90 99999.90 99999.90 99999.90 99999.90 99999.90 99999.90 99999.90 99999.90 99999.90 99999.90 99999.90 99999.90 99999.90 99999.90 99999.90
29.57 29.54 29.23 28.90 29.59 29.54 29.44 29.28 29.27 29.26 28.98 29.08 28.99 28.78 28.77 28.90 29.76 29.36 28.35 28.97 29.32 28.97 29.25 29.54 29.06 29.06 28.40 28.80 27.32 26.22 26.49 27.52 27.86 27.95 28.73 28.63 26.69 26.43 25.24 26.23 27.44 29.16 29.16 27.78 26.42 26.42 26.42 26.42 26.42 26.42 26.42 26.42 26.42 26.42 26.42 26.42 26.42 99999.90 99999.90 99999.90 99999.90 99999.90 99999.90 99999.90 99999.90 99999.90 99999.90 99999.90 99999.90 99999.90 99999.90 99999.90 99999.90 99999.90 99999.90 99999.90 99999.90
29.60 28.58 28.85 29.55 29.71 29.48 29.35 29.47 29.72 29.66 29.41 28.87 28.47 28.90 28.12 28.49 28.33 28.65 28.50 28.89 28.94 28.87 29.29 29.52 29.31 29.19 28.81 29.02 28.74 29.34 29.16 29.43 29.22 27.79 27.73 28.84 29.45 28.74 28.09 27.32 26.95 27.03 27.78 27.78 27.78 26.42 26.42 26.42 26.42 26.42 26.42 26.42 26.42 26.42 26.42 26.42 26.42 99999.90 99999.90 99999.90 99999.90 99999.90 99999.90 99999.90 99999.90 99999.90 99999.90 99999.90 99999.90 99999.90 99999.90 99999.90 99999.90 99999.90 99999.90 99999.90 99999.90
28.83 28.88 29.60 29.59 29.63 29.67 29.80 29.64 29.69 29.68 29.56 29.24 28.95 28.86 28.95 29.03 27.01 27.72 28.48 28.68 28.88 28.53 29.28 29.62 29.46 29.61 29.31 29.69 29.41 29.14 28.74 28.83 29.01 28.29 28.15 28.92 29.21 29.21 28.90 28.01 27.64 26.98 28.17 28.17 28.17 26.42 26.42 26.42 26.42 26.42 26.42 26.42 26.42 26.42 26.42 26.42 26.42 99999.90 99999.90 99999.90 99999.90 99999.90 99999.90 99999.90 99999.90 99999.90 99999.90 99999.90 99999.90 99999.90 99999.90 99999.90 99999.90 99999.90 99999.90 99999.90 99999.90
29.43 29.72 29.72 29.73 29.74 29.80 29.73 29.72 29.79 29.78 29.46 28.91 29.11 28.97 28.74 27.98 28.02 29.13 28.47 28.41 28.06 28.30 28.75 29.28 29.79 29.64 29.81 29.80 29.63 29.79 29.55 29.17 28.88 28.89 27.86 28.69 28.84 29.21 28.47 27.92 27.64 24.76 28.17 28.17 28.17 26.42 26.42 26.42 26.42 26.42 26.42 26.42 26.42 26.42 26.42 26.42 26.42 99999.90 99999.90 99999.90 99999.90 99999.90 99999.90 99999.90 99999.90 99999.90 99999.90 99999.90 99999.90 99999.90 99999.90 99999.90 99999.90 99999.90 99999.90 99999.90 99999.90
29.65 29.78 29.75 29.66 29.70 29.37 29.44 29.46 29.76 29.81 29.59 29.78 29.43 29.12 29.45 28.74 28.38 29.12 28.70 28.57 27.41 27.54 27.41 28.81 29.67 29.80 29.81 29.79 29.80 29.50 29.20 29.20 28.55 28.27 27.62 28.29 29.07 29.10 29.16 29.33 29.54 24.76 24.76 28.17 28.17 28.17 26.42 26.42 26.42 26.42 26.42 26.42 26.42 26.42 26.42 26.42 26.42 28.14 99999.90 99999.90 99999.90 99999.90 99999.90 99999.90 99999.90 99999.90 99999.90 99999.90 99999.90 99999.90 99999.90 99999.90 99999.90 99999.90 99999.90 99999.90 99999.90
29.81 29.75 29.77 29.64 29.47 29.58 29.68 29.74 29.80 29.85 29.80 29.81 29.54 29.11 28.76 28.62 28.95 28.84 28.67 27.82 25.89 25.39 27.14 27.19 29.26 29.82 29.51 29.49 29.54 29.73 29.61 29.59 28.84 28.27 27.63 28.53 29.48 29.28 29.74 29.77 29.54 29.54 24.76 24.76 28.17 28.17 26.42 26.42 26.42 26.42 26.42 26.42 26.42 26.42 26.42 26.42 26.42 28.40 28.40 28.40 99999.90 99999.90 99999.90 99999.90 99999.90 99999.90 99999.90 99999.90 99999.90 99999.90 99999.90 99999.90 99999.90 99999.90 99999.90 99999.90 99999.90
29.75 29.63 29.68 29.66 29.60 29.82 29.98 29.84 29.73 29.80 29.85 29.85 29.82 29.54 29.22 29.33 28.96 28.79 28.85 27.99 26.36 25.02 26.74 27.04 27.12 28.14 29.67 28.72 29.63 29.79 29.71 29.60 28.72 26.45 26.44 28.47 28.87 29.23 29.50 29.64 29.64 29.64 29.54 24.76 24.76 28.17 28.17 26.42 26.42 26.42 26.42 26.42 26.42 26.42 26.42 26.42 28.40 28.40 28.40 28.40 28.78 99999.90 99999.90 99999.90 99999.90 99999.90 99999.90 99999.90 99999.90 99999.90 99999.90 99999.90 99999.90 99999.90 99999.90 99999.90 99999.90
29.68 29.75 29.61 29.75 29.70 29.90 29.99 29.88 29.80 29.80 29.83 29.74 29.86 29.69 29.65 29.28 29.38 29.03 28.45 27.81 27.05 24.93 26.00 25.16 27.88 27.26 29.42 29.53 29.81 29.80 29.68 29.71 29.58 27.28 25.38 27.39 27.98 28.82 29.04 29.41 29.41 29.24 29.24 29.24 29.68 29.68 29.68 29.61 29.61 29.61 29.61 29.61 29.78 28.40 28.40 28.40 28.40 28.40 28.40 28.78 28.78 99999.90 99999.90 99999.90 99999.90 99999.90 99999.90 99999.90 99999.90 99999.90 99999.90 99999.90 99999.90 99999.90 99999.90 99999.90 99999.90
29.76 29.73 29.74 29.77 29.83 30.00 29.97 29.81 29.82 29.71 29.32 28.92 29.03 29.73 29.75 29.74 29.28 29.41 29.50 29.02 28.57 27.51 26.90 26.45 27.18 28.66 29.63 29.75 29.58 29.78 29.80 29.63 29.81 29.69 27.60 25.79 27.43 28.60 28.52 29.04 29.24 29.24 29.24 29.68 29.68 29.68 29.61 29.61 29.61 29.61 29.61 29.78 28.40 28.40 28.40 28.40 28.40 28.40 28.78 28.78 28.78 99999.90 99999.90 99999.90 99999.90 99999.90 99999.90 99999.90 99999.90 99999.90 99999.90 99999.90 99999.90 99999.90 99999.90 99999.90 99999.90
29.81 29.77 29.76 29.80 29.88 29.98 29.81 29.49 28.89 28.97 28.44 27.68 29.18 29.59 29.54 29.32 29.33 29.30 29.57 29.58 28.92 28.35 28.38 27.64 28.61 29.69 29.52 29.01 29.56 29.81 29.79 29.82 29.78 29.47 28.93 26.55 25.33 25.97 28.14 28.62 29.01 29.01 29.68 29.68 29.68 29.61 29.61 29.61 29.61 29.61 29.78 28.40 28.40 28.40 28.40 28.40 28.40 28.78 28.78 28.78 28.78 99999.90 99999.90 99999.90 99999.90 99999.90 99999.90 99999.90 99999.90 99999.90 99999.90 99999.90 99999.90 99999.90 99999.90 99999.90 99999.90
29.80 29.83 29.82 29.85 29.92 29.91 29.60 29.60 29.01 28.42 27.96 28.61 28.84 29.51 29.45 28.96 28.73 29.20 29.46 29.31 28.87 28.93 28.71 28.53 28.55 29.01 29.12 28.54 29.30 29.32 29.62 28.93 29.44 29.80 29.32 29.06 24.93 24.33 25.32 27.53 28.56 29.22 29.68 29.68 29.68 29.61 29.61 29.61 29.61 29.78 29.78 28.40 28.40 28.40 28.40 28.40 28.78 28.78 28.78 28.78 28.78 28.93 99999.90 99999.90 99999.90 99999.90 99999.90 99999.90 99999.90 99999.90 99999.90 99999.90 99999.90 99999.90 99999.90 99999.90 99999.90
29.80 29.83 29.82 29.85 29.87 29.83 29.63 29.55 28.47 27.97 28.74 29.15 29.52 29.16 29.46 29.29 29.24 29.58 29.50 29.29 29.22 29.17 29.00 28.00 27.92 28.66 29.06 28.59 29.05 28.95 27.37 27.60 28.86 29.81 29.41 29.67 28.63 26.27 23.56 25.41 27.81 29.30 29.70 29.70 29.09 29.61 29.61 29.61 29.78 29.78 28.40 28.40 28.40 28.40 28.40 28.78 28.78 28.78 28.78 28.78 28.78 28.93 99999.90 99999.90 99999.90 99999.90 99999.90 99999.90 99999.90 99999.90 99999.90 99999.90 99999.90 99999.90 99999.90 99999.90 99999.90
29.85 29.86 29.82 29.85 29.86 29.74 29.24 29.17 28.74 29.10 29.27 29.43 29.15 29.44 29.06 29.36 29.37 29.30 29.70 29.80 29.50 29.45 28.61 28.48 28.11 28.03 28.77 28.01 29.17 28.48 26.94 26.26 27.36 29.53 28.76 29.04 29.53 28.35 23.99 24.45 24.72 28.13 27.18 28.02 29.09 29.61 29.61 29.78 29.78 28.14 28.40 28.40 28.40 28.40 28.78 28.78 28.78 28.78 28.78 28.78 28.78 28.93 99999.90 99999.90 99999.90 99999.90 99999.90 99999.90 99999.90 99999.90 99999.90 99999.90 99999.90 99999.90 99999.90 99999.90 99999.90
29.82 29.84 29.82 29.85 29.87 29.29 28.38 29.75 29.11 29.67 29.67 29.75 29.73 29.69 29.62 29.54 29.38 29.54 29.30 29.41 29.73 29.67 29.36 29.11 29.06 27.55 28.51 29.75 29.23 28.48 26.34 25.26 26.57 29.75 28.95 28.12 29.05 29.45 26.28 23.91 24.39 25.85 26.60 26.82 28.12 29.05 29.78 29.78 28.14 28.40 28.40 28.40 28.40 28.78 28.78 28.78 28.78 28.78 28.78 28.78 28.78 28.93 99999.90 99999.90 99999.90 99999.90 99999.90 99999.90 99999.90 99999.90 99999.90 99999.90 99999.90 99999.90 99999.90 99999.90 99999.90
29.79 29.83 29.83 29.85 29.75 29.69 29.17 29.66 29.74 29.46 29.62 29.39 29.46 29.54 29.40 29.41 29.21 29.71 29.11 29.19 28.82 29.35 29.44 29.37 29.16 28.96 26.91 29.35 29.47 29.02 27.18 24.94 26.98 28.68 26.90 26.36 28.92 29.35 28.00 24.25 23.59 25.56 27.13 26.87 27.58 25.35 27.06 28.14 28.14 28.40 28.40 28.40 28.78 28.78 28.78 28.78 28.78 28.78 28.78 28.78 28.78 28.93 99999.90 99999.90 99999.90 99999.90 99999.90 99999.90 99999.90 99999.90 99999.90 99999.90 99999.90 99999.90 99999.90 99999.90 99999.90
29.72 29.74 29.84 29.84 29.60 29.58 29.77 29.53 29.30 29.55 29.43 29.41 29.52 29.20 29.50 29.42 29.36 29.70 28.91 29.11 28.33 28.53 29.29 29.76 29.31 29.10 27.32 27.72 28.92 28.62 26.42 26.64 27.76 27.96 28.63 29.75 29.59 29.59 27.94 25.87 24.07 25.84 26.83 26.86 25.56 24.74 26.20 26.07 27.56 28.40 28.40 28.78 28.78 28.78 28.78 28.78 28.78 28.78 28.78 28.78 28.78 28.93 28.66 28.66 99999.90 99999.90 99999.90 99999.90 99999.90 99999.90 99999.90 99999.90 99999.90 99999.90 99999.90 99999.90 99999.90
29.88 29.81 29.82 29.74 29.69 29.67 29.36 29.61 29.05 29.55 29.22 29.45 29.34 29.04 29.39 29.04 29.84 29.10 29.30 29.35 28.49 27.56 28.51 29.02 29.26 28.51 28.23 27.59 28.59 28.76 27.89 28.76 29.37 29.62 29.64 29.78 29.73 28.48 27.32 26.95 25.41 25.45 26.23 27.01 27.48 26.63 27.86 27.74 28.00 27.77 28.78 28.78 28.78 28.78 28.78 28.78 28.78 28.78 28.78 28.93 28.93 28.93 28.66 28.66 29.03 99999.90 99999.90 99999.90 99999.90 99999.90 99999.90 99999.90 99999.90 99999.90 99999.90 99999.90 99999.90
29.83 29.78 29.86 29.73 29.72 29.63 29.34 29.64 29.51 28.96 29.18 29.02 29.13 29.11 29.23 29.76 29.42 29.68 28.30 28.99 28.37 28.40 27.90 27.74 27.62 26.85 27.16 26.84 28.47 28.72 29.28 29.33 29.76 29.85 29.79 29.76 29.48 28.98 28.61 27.57 27.47 28.26 28.54 28.83 28.82 29.48 29.03 28.91 28.76 29.42 28.78 28.78 28.78 28.78 28.78 28.93 28.93 28.93 28.93 28.93 28.93 28.93 28.66 29.03 29.03 99999.90 99999.90 99999.90 99999.90 99999.90 99999.90 99999.90 99999.90 99999.90 99999.90 99999.90 99999.90
29.86 29.86 29.80 29.79 29.79 29.65 29.58 29.90 29.85 29.58 29.72 28.96 29.05 29.02 28.50 28.68 28.43 29.37 29.06 29.25 28.05 27.97 27.49 28.11 26.92 26.48 26.02 26.62 28.21 28.19 29.30 29.88 29.85 29.85 29.82 29.82 29.79 27.94 27.58 27.98 28.47 28.59 27.87 27.47 27.12 28.35 28.67 29.26 29.47 29.88 29.88 29.88 28.93 28.93 28.93 28.93 28.93 28.93 28.93 28.93 28.93 28.93 29.03 29.03 29.03 99999.90 99999.90 99999.90 99999.90 99999.90 99999.90 99999.90 99999.90 99999.90 99999.90 99999.90 99999.90
29.80 29.78 29.84 29.88 29.87 29.83 29.84 29.94 29.88 29.76 29.73 29.67 29.44 29.65 29.24 29.08 28.94 29.00 28.73 28.63 28.97 28.64 28.65 28.05 27.16 28.01 26.97 27.33 27.98 27.78 28.42 29.59 29.88 29.83 29.81 29.82 29.83 29.02 27.87 27.12 27.53 27.93 28.74 26.90 26.68 26.63 27.13 27.47 29.02 29.61 29.61 28.93 28.93 28.93 28.93 28.93 28.93 28.93 28.93 28.93 28.93 29.03 29.03 29.03 29.03 99999.90 99999.90 99999.90 99999.90 99999.90 99999.90 99999.90 99999.90 99999.90 99999.90 99999.90 99999.90
29.78 29.81 29.85 29.92 29.91 29.88 29.91 29.83 29.90 29.84 29.69 29.72 29.57 29.42 29.28 29.54 28.96 29.22 28.53 29.06 28.97 28.36 29.23 28.91 28.28 28.28 28.03 29.06 28.62 28.41 28.85 28.50 28.86 29.84 29.80 29.81 29.80 29.21 27.38 27.10 26.66 26.77 27.09 28.41 27.90 26.44 26.81 26.06 27.31 28.32 28.85 28.93 28.93 28.93 28.93 28.93 28.93 28.93 28.93 28.66 29.03 29.03 29.03 29.03 29.03 99999.90 99999.90 99999.90 99999.90 99999.90 99999.90 99999.90 99999.90 99999.90 99999.90 99999.90 99999.90
29.83 29.86 29.87 29.91 29.91 29.81 30.00 29.89 29.92 29.93 29.63 29.28 29.21 28.98 29.12 29.01 29.03 28.95 29.13 29.40 28.81 28.08 28.60 28.69 28.80 29.34 28.35 28.93 28.26 27.86 28.76 28.37 27.47 28.94 29.41 29.81 29.83 29.23 27.48 27.27 26.14 26.09 28.17 28.07 27.34 27.13 27.12 26.43 27.57 28.56 28.92 29.11 29.11 29.11 29.11 29.11 29.11 28.66 28.66 29.03 29.03 29.03 29.03 29.03 29.03 99999.90 99999.90 99999.90 99999.90 99999.90 99999.90 99999.90 99999.90 99999.90 99999.90 99999.90 99999.90
29.85 29.88 29.90 29.92 29.92 29.91 29.95 29.83 29.90 29.93 29.94 29.80 29.58 29.41 29.51 29.56 28.69 29.03 28.95 29.13 28.94 28.97 29.11 29.37 28.86 28.74 29.58 29.38 28.79 27.67 28.15 28.45 28.21 27.83 29.01 29.65 29.49 29.76 29.38 28.86 28.08 26.84 26.23 26.79 27.47 28.40 27.98 27.30 27.00 28.89 29.34 29.47 29.47 29.47 29.47 28.66 28.66 28.66 29.03 29.03 29.03 29.03 29.03 29.03 29.03 29.22 99999.90 99999.90 99999.90 99999.90 99999.90 99999.90 99999.90 99999.90 99999.90 99999.90 99999.90
29.87 29.88 29.91 29.92 29.93 29.92 29.94 29.82 29.90 29.87 29.82 29.76 29.76 29.62 29.59 29.55 29.25 29.50 29.35 29.54 29.01 28.99 29.39 29.49 29.47 28.92 29.32 29.06 29.30 28.88 28.58 28.95 28.58 28.16 28.97 28.76 29.17 29.40 28.84 28.88 28.13 26.42 27.41 27.34 27.80 27.88 28.51 27.31 26.00 27.81 29.40 29.66 29.66 29.66 28.66 28.66 28.66 29.03 29.03 29.03 29.03 29.03 29.03 29.03 29.03 29.22 99999.90 99999.90 99999.90 99999.90 99999.90 99999.90 99999.90 99999.90 99999.90 99999.90 99999.90
29.92 29.85 29.93 29.92 29.92 29.83 29.69 29.87 29.86 29.86 29.88 29.82 29.55 29.87 29.76 29.83 29.40 29.58 29.04 29.25 29.49 29.63 29.57 29.47 29.37 29.44 29.59 29.26 29.31 29.67 29.67 29.01 28.81 28.91 28.63 28.64 28.90 28.85 28.43 28.77 28.89 28.40 27.84 28.38 27.80 27.76 28.85 27.43 27.08 26.07 26.23 29.03 29.03 28.66 28.66 28.66 29.03 29.03 29.03 29.03 29.03 29.03 29.03 29.03 29.03 29.22 99999.90 99999.90 99999.90 99999.90 99999.90 99999.90 99999.90 99999.90 99999.90 99999.90 99999.90
29.94 29.96 29.83 29.92 29.94 29.94 29.90 29.93 29.92 29.87 29.92 29.83 29.89 29.73 29.65 29.77 29.29 29.50 29.48 28.83 29.34 29.63 29.68 29.73 29.58 29.66 29.76 29.57 29.23 29.59 29.85 29.88 29.61 29.41 29.78 29.17 28.80 29.15 29.27 29.35 29.34 28.67 28.62 29.24 29.05 26.81 28.00 27.00 27.03 25.63 25.04 27.53 28.04 28.66 28.66 29.03 29.03 29.03 29.03 29.03 29.03 29.03 29.03 29.03 29.03 29.22 28.76 99999.90 99999.90 99999.90 99999.90 99999.90 99999.90 99999.90 99999.90 99999.90 99999.90
29.93 29.97 29.95 29.91 29.91 29.92 29.93 29.89 29.90 29.88 29.92 29.77 29.68 29.79 29.87 29.77 29.74 29.50 29.89 29.71 29.34 29.60 29.34 29.40 29.70 29.88 29.70 29.72 29.59 29.41 29.40 29.57 29.52 29.55 29.44 29.53 29.28 29.29 29.23 29.49 28.76 27.99 28.11 28.51 29.24 27.22 27.40 27.40 27.41 24.65 25.19 27.88 27.90 28.14 29.03 29.03 29.03 29.03 29.03 29.03 29.03 29.03 29.03 29.03 29.03 29.22 28.76 99999.90 99999.90 99999.90 99999.90 99999.90 99999.90 99999.90 99999.90 99999.90 99999.90
29.98 29.98 29.93 29.88 29.83 29.86 29.87 29.87 29.89 29.92 29.87 29.86 29.90 29.75 29.71 29.67 29.83 29.77 29.62 29.86 29.79 29.68 29.84 29.46 29.41 29.51 29.53 29.88 29.91 29.57 29.82 29.65 29.42 29.19 29.02 29.08 28.91 29.19 29.52 29.15 28.88 28.76 29.01 29.67 29.51 28.69 27.19 27.57 27.47 26.90 26.79 27.83 27.49 28.56 28.96 28.96 28.96 28.96 28.96 28.96 28.96 28.96 28.96 28.96 28.96 28.37 28.37 28.37 28.37 28.37 28.37 28.37 28.37 28.37 28.37 99999.90 99999.90
29.92 29.92 29.86 29.91 29.90 29.92 29.94 29.96 29.89 29.91 29.90 29.90 29.88 29.85 29.76 29.82 29.78 29.52 29.50 29.21 29.34 29.46 29.24 29.29 29.88 29.76 29.43 29.40 29.53 29.52 29.87 29.89 29.82 29.87 29.73 29.77 29.50 29.73 29.67 29.73 29.84 29.92 29.65 29.77 29.33 28.92 28.74 27.69 27.67 28.47 27.23 28.35 28.10 28.06 28.77 28.77 28.77 28.77 28.77 28.77 28.77 28.77 28.77 29.22 28.37 28.37 28.37 28.37 28.37 29.83 29.83 29.83 29.83 29.83 29.83 29.83 29.83
29.67 29.91 29.93 29.80 29.93 29.91 29.92 29.94 29.90 29.90 29.93 29.87 29.84 29.81 29.73 29.76 29.61 29.60 29.59 29.60 29.18 29.47 29.28 29.26 29.34 29.66 29.96 29.94 29.92 29.47 29.52 29.37 29.37 29.21 29.68 29.57 29.80 29.68 29.85 29.91 29.90 29.94 29.26 28.82 29.26 29.04 29.02 28.17 28.17 28.16 27.88 27.63 28.04 28.50 29.05 29.05 29.05 29.05 29.05 29.05 29.22 29.22 29.22 28.37 28.37 28.37 28.37 28.37 28.37 29.83 29.83 29.83 29.83 29.83 29.83 29.83 29.83
29.86 29.93 29.94 29.95 29.99 29.96 29.97 29.98 29.91 29.86 29.94 29.87 29.89 29.72 29.80 29.71 29.64 29.83 29.89 29.91 29.58 29.54 29.80 29.53 29.07 29.55 29.07 29.21 29.73 29.94 29.88 29.77 29.62 28.83 29.13 28.85 29.18 29.40 29.11 29.39 28.97 28.80 28.87 28.19 28.53 27.86 28.43 28.05 27.43 27.44 27.55 27.51 27.27 28.37 29.45 29.45 29.45 29.22 29.22 29.22 29.22 29.22 29.22 28.37 28.37 28.37 28.37 28.37 28.37 29.83 29.83 29.83 29.83 29.83 29.62 29.62 29.62
29.95 29.93 29.94 29.96 29.94 29.97 29.98 29.99 29.97 29.93 29.95 29.92 29.92 29.86 29.79 29.79 29.69 29.89 29.79 29.85 29.92 29.71 29.76 29.88 29.52 29.52 29.40 28.95 29.07 29.33 29.57 29.53 29.41 29.24 29.46 29.71 29.45 29.53 29.50 29.41 29.07 29.07 28.84 28.62 28.04 28.87 29.02 28.64 28.96 28.48 27.88 27.00 26.56 27.09 28.85 28.85 29.22 29.22 29.22 29.22 29.22 29.22 28.37 28.37 28.37 28.37 28.37 28.37 29.83 29.83 29.83 29.83 29.83 29.83 29.62 29.62 29.62
29.96 29.95 29.95 29.96 29.97 29.98 30.00 29.99 29.95 29.93 29.90 29.77 29.87 29.81 29.85 29.82 29.76 29.73 29.78 29.84 29.67 29.82 29.85 29.89 29.83 29.70 29.82 29.78 29.47 29.16 29.25 28.79 29.28 29.10 29.46 29.58 29.29 29.79 29.88 29.78 29.75 29.77 29.62 29.67 29.96 29.91 29.76 29.61 28.46 28.29 28.66 26.31 26.28 28.07 28.92 29.22 29.22 29.22 29.22 29.22 29.22 28.76 28.37 28.37 28.37 28.37 28.37 28.37 29.83 29.83 29.83 29.83 29.83 29.83 29.62 29.62 29.62
