main/data/irradiance/24.10.2023.grid
ncols 839
nrows 679
xllcenter 112.0500
yllcenter -43.9500
cellsize 0.0500
nodata_value 99999.90
[rows 170 to 203 of 679, columns 385 to 461 of 839]
27.99 27.99 28.01 28.01 28.02 27.99 27.79 27.89 28.07 28.08 28.11 28.08 28.09 28.10 28.09 28.14 28.02 28.03 27.99 28.14 28.07 28.03 27.95 28.00 28.02 27.91 28.08 28.03 28.11 28.02 27.99 27.80 27.73 27.75 27.80 27.82 27.74 27.63 27.72 27.92 28.14 28.21 28.24 28.15 28.05 27.84 27.88 28.04 27.82 27.71 27.93 28.02 28.06 28.06 28.11 28.11 27.86 27.79 27.78 28.15 28.15 27.80 28.19 28.45 28.40 28.36 28.29 28.21 27.12 26.75 26.85 26.99 27.40 28.10 28.13 27.95 27.89
27.96 27.99 28.04 28.08 28.02 28.01 28.12 28.07 28.03 28.06 28.19 28.16 28.12 28.00 27.96 28.04 28.08 28.05 28.00 28.13 28.21 28.16 28.04 28.02 28.06 28.09 28.03 28.00 28.07 28.14 28.11 28.07 27.87 27.68 27.72 27.81 27.84 27.68 27.75 27.78 27.79 27.89 27.98 28.14 28.11 28.04 27.84 27.96 27.89 28.01 27.99 28.09 27.97 28.00 28.02 28.06 27.92 27.74 27.64 27.64 27.61 28.13 28.20 28.42 28.40 28.42 28.44 28.41 28.20 26.83 27.12 26.90 26.87 26.75 27.30 27.69 28.04
28.13 28.01 28.07 28.09 28.08 27.86 27.92 27.99 28.05 28.14 28.15 28.10 28.14 28.12 27.97 28.04 28.08 28.06 28.00 28.08 28.15 28.15 28.11 28.00 28.10 28.13 28.18 28.11 28.10 28.16 28.16 28.13 28.10 28.06 27.89 27.66 27.71 27.84 27.85 27.82 27.75 27.86 27.96 28.00 28.13 28.16 27.98 27.88 27.86 27.94 28.00 28.35 28.26 28.05 27.98 28.12 27.98 27.71 27.86 28.05 27.85 27.56 28.01 28.24 28.41 28.42 28.42 28.45 28.32 27.93 28.19 28.18 28.28 28.02 27.06 27.35 27.60
28.13 28.12 28.13 28.02 28.08 28.04 28.05 28.09 28.11 28.16 28.12 28.11 28.13 28.14 27.95 27.94 28.08 28.04 28.08 28.14 28.11 28.16 28.11 28.13 28.17 28.25 28.21 28.14 28.12 28.12 28.09 28.14 28.09 28.04 27.91 27.67 27.36 27.85 27.80 27.89 27.84 27.87 27.95 28.05 28.10 28.15 28.08 27.89 27.99 28.08 28.05 28.12 28.10 27.99 27.95 28.13 28.13 27.87 27.88 27.88 27.74 27.49 27.65 28.09 28.20 28.46 28.14 28.34 28.37 28.41 28.33 28.33 28.30 28.23 28.11 27.92 28.11
28.04 28.03 28.10 28.11 28.12 28.12 28.04 28.10 28.09 28.12 28.13 28.13 28.16 28.16 27.99 28.02 28.13 28.12 28.01 28.08 28.14 28.13 28.11 28.15 28.17 28.23 28.22 28.15 28.11 28.00 27.92 28.12 27.89 27.82 27.80 27.77 27.79 27.70 27.79 27.91 27.92 28.08 28.06 28.11 28.19 28.06 27.95 28.07 28.06 28.14 28.10 28.10 28.14 28.12 28.17 27.98 27.96 28.00 27.87 27.82 27.81 27.64 27.43 27.50 28.22 28.43 28.29 28.20 28.35 28.37 28.36 28.30 28.26 28.35 28.28 28.03 28.30
28.04 28.02 27.97 28.04 28.09 28.13 28.06 28.11 28.15 28.11 28.16 28.19 28.18 28.14 28.12 28.11 28.15 28.15 28.12 28.13 28.14 28.16 28.16 28.23 28.16 28.17 28.18 28.20 28.03 28.12 28.13 28.01 27.79 27.86 27.74 27.66 27.71 27.74 27.80 28.13 28.16 28.06 28.07 28.13 28.18 28.05 27.83 27.83 27.91 28.05 28.06 28.04 28.09 28.14 28.19 27.95 27.90 27.81 27.82 27.90 27.85 27.60 27.44 27.31 28.16 28.34 28.46 28.30 28.28 28.33 28.31 28.34 28.24 28.37 28.40 28.34 28.35
28.10 28.12 28.03 27.98 28.08 28.08 28.09 28.17 28.17 28.09 28.16 28.20 28.15 28.08 28.04 28.13 28.11 28.11 28.18 28.19 28.10 28.15 28.20 28.16 28.20 28.19 28.17 28.12 27.82 28.16 28.18 27.90 27.87 27.78 27.80 27.75 27.74 27.70 27.71 27.98 27.98 28.19 28.05 28.05 28.06 28.10 28.10 27.97 27.85 27.87 27.95 28.12 28.06 28.14 28.05 27.98 27.77 27.79 27.89 27.84 27.85 27.67 27.44 27.48 28.07 27.98 28.19 28.36 28.34 28.18 28.30 28.29 27.63 28.05 28.23 28.26 28.32
28.10 28.14 28.09 28.03 28.07 28.08 28.12 28.12 28.13 28.11 28.14 28.16 28.11 28.10 28.09 28.14 28.13 28.10 28.20 28.17 28.18 28.19 28.19 28.18 28.23 28.21 28.14 28.10 28.15 28.16 28.12 27.97 27.72 27.76 27.79 27.88 27.85 27.81 27.76 27.84 27.90 27.80 28.07 28.03 28.13 28.18 28.13 27.93 27.81 27.75 27.81 28.08 28.08 28.13 28.10 27.94 27.90 27.85 27.81 27.81 27.86 27.73 27.59 27.76 27.75 28.19 27.62 28.26 28.32 28.17 28.41 28.43 27.70 28.09 28.28 28.35 28.31
28.07 28.14 28.09 28.06 28.06 28.10 28.13 28.10 28.11 28.13 28.19 28.12 28.09 28.04 28.07 28.11 28.09 28.12 28.14 28.11 28.18 28.22 28.22 28.19 28.17 28.21 28.16 28.13 28.14 28.10 28.09 27.79 27.89 27.76 27.68 27.87 27.89 27.99 27.88 27.80 27.89 27.83 27.93 28.05 27.93 27.98 28.11 28.13 28.00 27.79 27.80 27.85 28.07 28.07 28.21 28.15 28.07 27.85 27.73 27.86 27.83 27.75 27.78 27.77 27.69 27.37 27.45 28.01 28.22 28.27 28.41 28.33 28.24 28.14 28.31 28.35 28.34
27.97 28.10 28.07 28.04 28.01 27.90 28.05 28.00 28.10 28.12 28.15 28.10 28.05 28.07 28.13 28.13 28.11 28.14 28.15 28.11 28.10 28.15 28.19 28.20 28.19 28.22 28.22 28.16 28.14 28.13 27.95 28.03 28.12 28.04 27.90 27.93 27.41 27.83 27.83 27.96 28.01 27.98 27.90 27.90 27.95 27.90 27.99 27.93 27.82 27.77 27.85 27.84 27.97 28.00 28.01 28.00 28.00 27.86 27.80 27.77 27.80 27.83 27.84 27.73 27.75 27.65 27.55 28.26 28.21 28.24 28.29 28.11 27.93 28.22 28.28 28.14 27.76
28.09 28.12 28.12 28.06 27.99 27.95 27.89 27.99 28.08 28.11 28.11 28.11 28.06 28.09 28.17 28.15 28.10 28.10 28.13 28.05 28.15 28.13 28.15 28.21 28.21 28.17 28.17 28.19 28.17 28.13 28.09 28.12 28.02 27.79 28.06 27.88 27.84 27.85 27.78 27.82 28.03 28.07 28.01 27.94 27.97 27.99 27.84 27.81 27.76 27.81 27.87 27.79 27.81 27.80 28.21 28.09 27.88 27.94 27.94 27.79 27.78 27.81 27.76 27.68 27.93 27.80 28.07 28.36 28.13 28.27 28.36 27.97 27.84 28.04 28.14 27.93 27.76
27.79 27.81 27.99 27.99 27.99 28.00 28.12 28.16 28.10 28.12 28.12 28.10 28.14 28.18 28.14 28.14 28.05 28.09 28.08 28.04 28.04 28.08 28.06 28.10 28.22 28.16 28.13 28.19 28.13 28.05 28.06 28.17 28.03 28.03 27.91 27.97 27.77 27.89 27.78 27.72 27.86 27.97 27.91 27.91 27.98 27.96 27.87 27.78 27.76 28.01 27.92 27.85 27.83 27.83 27.89 28.12 28.10 28.02 27.88 27.80 27.75 27.79 27.76 27.64 27.74 27.76 27.64 27.76 27.67 28.10 28.27 27.81 27.88 27.85 27.93 27.86 27.79
27.60 27.65 27.64 27.75 27.95 27.98 27.94 28.04 28.16 28.22 28.18 27.87 28.26 28.24 28.07 28.03 28.02 28.10 28.13 28.13 28.13 28.12 28.02 28.04 28.13 28.18 28.19 28.20 28.13 28.06 28.14 28.16 28.08 28.05 28.05 27.87 27.89 27.81 27.89 27.77 27.86 28.02 27.93 27.98 27.79 27.90 27.88 27.91 27.93 28.08 28.05 27.87 27.80 27.86 27.86 27.96 28.11 27.97 27.91 27.89 27.80 27.77 27.73 27.71 27.76 27.80 27.76 27.85 27.84 27.90 27.65 27.71 27.86 27.76 27.66 27.82 27.85
27.62 27.67 27.69 27.80 27.89 27.91 27.83 27.98 28.18 28.25 28.21 28.06 28.10 28.08 28.12 28.16 28.23 28.24 28.20 28.15 28.13 28.14 28.04 28.02 28.08 28.12 28.17 28.17 28.09 28.08 28.17 28.11 28.18 28.16 28.09 27.91 27.86 27.85 28.00 27.98 28.06 28.15 27.95 28.00 27.87 27.77 27.67 27.91 28.01 28.05 28.02 27.83 27.79 27.84 27.76 27.76 28.07 27.94 27.84 27.83 27.96 27.99 27.99 27.92 27.83 27.76 27.82 27.89 27.89 28.00 27.88 27.82 27.86 27.90 27.86 27.93 27.85
27.70 27.69 27.72 27.97 27.90 27.87 27.85 27.91 27.95 28.20 28.19 28.08 28.03 28.15 28.34 28.32 28.27 28.29 28.26 28.22 28.24 28.22 28.20 28.12 28.12 28.08 28.06 28.12 28.07 28.16 28.06 28.17 28.22 28.15 28.10 28.03 27.85 27.84 27.91 27.93 27.91 28.20 28.15 28.23 28.12 27.99 27.86 28.03 27.96 28.06 27.99 27.91 27.83 27.88 27.96 27.85 27.83 27.81 27.83 27.75 27.90 27.92 27.86 27.86 27.88 27.86 27.85 27.90 27.97 27.96 28.02 28.00 27.94 27.92 27.94 28.00 27.91
27.85 27.85 27.90 28.03 27.97 27.95 27.87 27.81 27.88 28.04 28.11 28.09 28.13 28.32 28.39 28.37 28.27 28.30 28.28 28.24 28.23 28.17 28.23 28.25 28.27 28.16 28.07 28.03 28.09 28.16 28.20 28.16 28.17 28.16 28.13 28.04 27.78 27.71 27.80 27.78 27.98 28.18 28.03 28.19 28.02 27.95 27.75 27.91 28.02 27.98 27.79 27.90 27.90 27.95 28.02 27.77 27.61 27.69 27.63 27.64 27.87 27.85 27.90 27.82 27.78 27.89 27.99 27.91 27.96 27.76 27.98 27.87 27.91 27.88 27.74 27.79 27.85
27.88 27.93 28.00 27.99 27.90 27.79 27.89 27.93 28.06 28.08 28.05 27.96 28.16 28.24 28.34 28.30 28.28 28.27 28.27 28.25 28.22 28.24 28.27 28.24 28.18 27.92 27.96 28.07 28.11 28.22 28.24 28.14 28.12 28.13 28.13 28.03 27.74 27.74 27.86 27.78 27.83 27.88 28.03 28.07 28.09 27.89 27.94 28.19 27.96 27.92 27.78 28.07 27.93 27.85 27.79 27.67 27.73 27.80 27.75 27.79 27.80 27.80 27.92 27.93 27.86 27.93 27.91 27.86 27.79 27.95 27.90 27.93 27.82 27.35 27.29 26.86 27.34
27.90 27.92 28.00 28.06 28.07 27.89 27.87 27.99 28.03 27.99 28.08 28.08 28.10 28.12 28.28 28.33 28.35 28.28 28.29 28.29 28.28 28.31 28.24 28.04 28.08 27.97 28.02 28.08 28.16 28.21 28.21 28.19 28.13 28.09 28.07 28.09 27.99 27.84 27.94 27.93 27.85 27.83 27.87 27.96 28.06 27.98 27.93 27.95 27.83 27.89 27.74 27.84 27.94 27.97 27.83 27.88 27.85 27.82 27.72 27.74 27.72 27.79 27.83 27.84 27.87 27.91 27.80 27.82 27.80 27.83 27.81 27.79 27.75 27.38 27.16 26.95 27.24
27.83 27.74 27.87 28.08 27.93 27.46 27.86 28.17 28.15 28.18 28.31 28.31 28.21 28.15 28.16 28.35 28.28 28.31 28.27 28.26 28.22 28.25 28.27 28.18 28.04 28.07 28.04 27.91 28.09 28.18 28.15 28.19 28.13 28.11 28.10 28.06 28.02 28.01 28.20 28.23 28.10 28.00 27.99 28.05 27.29 27.96 27.99 27.77 27.64 27.77 27.71 27.68 27.74 27.85 27.81 27.90 27.91 27.80 27.78 27.78 27.80 27.81 27.71 27.70 27.73 27.82 27.94 27.94 27.81 27.90 27.70 27.63 27.74 27.76 27.44 27.55 27.51
27.96 28.02 27.80 27.93 27.88 27.70 27.92 28.16 28.13 28.26 28.35 28.38 28.28 28.14 28.23 28.33 28.29 28.32 28.33 28.24 28.21 28.19 28.19 28.13 28.08 28.00 28.06 28.02 28.05 28.07 28.04 28.09 28.09 28.11 28.08 28.07 28.12 28.02 28.08 28.07 27.89 28.03 27.77 27.89 27.83 27.87 27.92 27.89 27.66 27.65 27.58 27.76 27.79 27.79 27.80 27.75 27.92 27.80 27.74 27.78 27.98 27.86 27.67 27.52 27.90 27.89 28.00 27.82 27.91 28.09 28.12 27.83 27.78 27.78 27.52 27.47 27.83
28.00 28.08 28.03 28.05 27.97 27.94 27.98 28.14 28.17 28.16 28.34 28.38 28.34 28.24 28.23 28.25 28.25 28.30 28.37 28.30 28.21 28.16 28.21 28.18 28.08 28.10 28.08 28.12 28.17 28.19 28.15 28.16 28.14 28.11 28.08 28.15 28.20 28.14 28.09 28.13 28.00 28.05 28.05 28.01 28.02 28.01 27.96 27.93 27.77 27.56 27.71 27.61 27.62 27.79 27.87 27.83 27.98 28.12 27.87 27.87 27.84 27.66 27.66 27.95 27.90 28.01 27.73 27.75 27.93 27.72 27.71 27.70 27.93 27.50 27.38 27.42 27.50
28.06 28.02 28.05 28.05 27.98 28.01 28.24 28.16 28.13 28.10 28.05 28.32 28.39 28.37 28.37 28.38 28.33 28.29 28.33 28.31 28.24 28.20 28.20 28.23 28.31 28.33 28.21 28.11 28.12 28.23 28.19 28.18 28.19 28.02 28.02 28.09 28.16 28.13 28.12 28.07 27.96 28.05 28.11 28.02 28.07 28.09 28.14 28.01 27.87 27.91 27.85 27.72 27.64 27.72 27.58 27.69 27.85 28.15 28.12 27.98 27.98 27.82 27.88 27.96 27.95 28.05 27.80 27.86 27.75 27.68 27.69 27.96 28.20 27.71 27.28 27.51 27.59
28.02 28.02 28.04 28.01 27.80 28.00 28.19 28.17 28.14 28.08 28.02 28.19 28.32 28.33 28.35 28.37 28.36 28.29 28.29 28.29 28.22 28.21 28.21 28.25 28.34 28.35 28.28 28.27 28.21 28.19 28.15 28.25 28.20 28.15 28.05 28.01 28.05 28.05 28.10 28.08 27.91 27.93 28.08 28.10 28.15 28.00 28.03 28.08 28.01 27.99 27.90 27.73 27.71 27.62 27.52 27.67 27.67 27.74 27.89 27.70 27.67 27.75 28.03 27.87 27.92 27.91 28.01 27.94 27.98 27.86 27.90 27.90 27.97 27.77 27.61 27.13 27.54
27.96 28.06 28.13 28.06 27.96 28.20 28.21 28.17 28.21 28.20 28.14 28.20 28.24 28.26 28.29 28.32 28.31 28.30 28.29 28.25 28.22 28.19 28.19 28.18 28.23 28.27 28.30 28.28 28.31 28.24 28.17 28.18 28.19 28.15 28.13 28.05 28.02 28.07 28.11 28.22 28.02 28.12 28.22 28.12 28.17 28.14 27.97 28.05 28.11 28.08 28.14 27.92 27.67 27.68 27.53 27.51 27.71 27.78 27.81 27.78 27.74 27.81 27.79 27.88 27.89 27.81 27.95 27.96 27.98 28.03 28.08 27.95 27.99 27.86 27.49 27.40 27.53
28.10 28.11 28.09 28.03 28.05 28.11 28.16 28.14 28.13 28.18 28.23 28.07 28.12 28.22 28.20 28.26 28.27 28.28 28.26 28.22 28.25 28.29 28.25 28.23 28.32 28.33 28.33 28.33 28.30 28.18 28.13 28.18 28.21 28.22 28.19 28.12 28.11 28.07 28.04 28.11 28.18 28.16 28.23 28.10 28.08 28.03 28.10 28.08 28.06 28.18 28.11 27.82 27.77 27.77 27.83 27.63 27.56 27.74 27.77 27.75 27.79 27.79 27.77 27.94 27.83 27.88 27.95 27.89 28.00 28.06 28.04 27.81 27.74 27.58 27.52 27.71 27.77
28.11 28.12 28.16 28.09 28.04 28.03 28.10 28.18 28.12 28.13 28.20 28.04 28.03 28.08 28.15 28.13 28.15 28.23 28.23 28.22 28.25 28.29 28.29 28.30 28.32 28.31 28.28 28.32 28.22 28.10 28.11 28.10 28.17 28.17 28.16 28.10 28.11 28.12 28.12 28.11 28.12 28.11 28.25 28.16 28.05 27.95 28.05 28.20 28.15 28.21 27.98 27.74 27.74 27.82 27.82 27.94 27.81 27.76 27.81 27.85 27.81 27.86 27.68 27.85 28.07 27.96 27.92 27.97 27.95 27.98 27.93 27.74 27.51 27.51 27.50 27.58 27.65
28.17 28.14 28.21 28.16 28.10 28.03 28.04 28.15 28.17 28.17 28.12 28.10 28.07 28.00 28.08 28.17 28.13 28.19 28.22 28.23 28.22 28.26 28.25 28.24 28.26 28.26 28.25 28.29 28.29 28.21 28.14 28.03 28.04 28.10 28.16 28.15 28.11 28.08 28.12 28.01 28.12 28.13 28.11 28.18 28.05 28.10 28.07 28.04 28.19 28.11 27.77 27.75 27.68 27.85 27.78 27.92 27.98 27.89 27.75 27.87 27.89 27.75 27.49 27.67 28.12 28.01 27.92 27.98 27.90 27.92 27.94 27.81 27.57 27.48 27.47 27.70 27.58
28.18 28.18 28.12 28.17 28.10 28.05 28.00 28.02 28.09 28.19 28.15 28.13 28.11 28.08 28.07 28.20 28.20 28.21 28.22 28.27 28.31 28.28 28.25 28.03 28.18 28.25 28.10 28.06 28.08 28.17 28.18 28.08 28.00 28.08 28.16 28.18 28.02 28.01 28.02 27.96 28.08 28.03 28.03 28.18 27.97 28.01 28.10 28.16 28.24 28.15 27.76 27.54 27.60 27.82 27.87 27.91 27.88 27.58 27.71 27.85 27.82 27.76 27.70 27.99 28.08 27.99 27.99 28.00 27.98 27.92 27.84 27.74 27.63 27.51 27.50 27.52 27.60
28.15 28.12 28.07 28.18 28.08 28.09 28.12 28.13 28.10 28.14 28.12 28.12 28.12 28.14 28.09 28.08 28.13 28.19 28.25 28.23 28.20 28.18 28.20 28.17 28.24 28.16 27.95 28.00 28.10 28.16 28.12 28.02 28.05 28.05 28.13 28.17 28.10 28.08 28.11 28.07 28.11 27.95 27.87 28.14 28.16 28.12 28.08 28.24 28.23 28.14 27.68 27.41 27.67 27.77 27.78 27.85 27.85 27.77 27.68 27.83 27.82 27.95 27.84 27.91 28.07 28.03 28.04 28.09 28.06 28.04 27.84 27.85 27.68 27.40 27.36 27.86 27.67
28.18 28.13 28.06 28.11 28.12 28.12 28.12 28.11 28.11 28.11 28.11 28.12 28.14 28.11 28.07 28.12 28.05 28.11 28.16 28.23 28.17 28.16 28.18 28.22 28.24 28.17 28.14 28.09 28.13 28.12 28.16 28.08 28.09 28.08 28.14 28.07 28.07 28.09 28.11 28.16 28.17 28.12 27.98 28.03 28.16 27.99 28.07 28.04 27.96 27.94 27.68 27.57 27.90 27.78 27.97 27.89 27.84 27.84 27.71 27.86 27.93 28.05 27.87 27.93 28.06 27.99 28.04 28.02 28.03 28.04 27.92 27.87 27.80 27.69 27.71 27.67 27.63
28.22 28.23 28.23 28.21 28.15 28.12 28.09 28.15 28.19 28.13 28.17 28.15 28.11 28.07 28.07 28.14 28.12 28.14 28.16 28.15 28.14 28.14 28.19 28.23 28.21 28.12 28.18 28.21 28.23 28.22 28.15 28.09 28.13 28.09 28.15 28.01 27.99 27.97 28.02 28.12 28.16 28.19 28.18 28.18 28.14 28.20 28.21 28.07 27.99 27.95 27.76 27.69 27.74 27.81 27.81 27.73 27.85 27.77 27.77 27.92 28.04 27.98 27.90 27.89 28.00 28.01 28.03 28.02 27.98 28.03 28.01 27.88 27.72 27.75 27.92 27.66 27.62
28.19 28.23 28.26 28.28 28.31 28.24 28.22 28.15 28.14 28.19 28.19 28.20 28.18 28.10 28.17 28.24 28.20 28.16 28.15 28.18 28.16 28.09 28.13 28.14 28.18 28.15 28.12 28.13 28.23 28.26 28.25 28.14 28.11 28.07 28.10 28.04 28.03 28.00 28.09 28.06 28.16 28.14 28.18 28.26 28.24 28.21 28.22 28.10 28.01 27.91 27.92 28.02 27.88 27.92 27.77 27.67 27.70 27.79 27.91 27.89 28.01 28.04 27.97 27.91 28.05 28.09 27.99 27.97 27.95 27.94 28.01 27.99 27.88 27.59 27.66 27.70 27.85
28.17 28.26 28.23 28.25 28.30 28.28 28.30 28.21 28.23 28.31 28.29 28.34 28.36 28.37 28.39 28.31 28.23 28.18 28.24 28.23 28.18 28.08 28.10 28.21 28.22 28.17 28.13 28.12 28.13 28.21 28.19 28.11 28.05 28.03 27.92 27.96 27.98 28.05 28.03 28.08 28.13 28.16 28.20 28.26 28.28 28.28 28.24 27.81 27.81 27.98 27.96 27.63 27.70 27.92 27.93 27.84 27.80 27.77 27.87 27.88 28.08 28.04 28.05 27.79 27.87 28.01 27.95 27.89 27.80 27.79 27.82 28.01 28.07 27.78 27.76 27.73 27.92
28.17 28.19 28.20 28.24 28.28 28.28 28.23 28.20 28.20 28.29 28.35 28.41 28.40 28.35 28.30 28.25 28.24 28.19 28.14 28.26 28.28 28.31 28.27 28.18 28.19 28.25 28.15 28.20 28.04 28.15 28.04 28.01 27.92 27.95 27.91 28.02 28.05 28.10 28.13 28.15 28.15 28.23 28.16 28.23 28.28 28.26 28.25 27.97 27.91 28.00 28.01 27.63 27.82 27.87 27.82 27.86 27.85 27.79 27.83 27.94 28.14 28.14 28.06 27.88 27.95 28.09 28.11 27.96 27.79 27.79 27.74 27.68 27.85 27.85 27.89 27.76 27.91
