main/data/irradiance/24.10.2023.grid
ncols 839
nrows 679
xllcenter 112.0500
yllcenter -43.9500
cellsize 0.0500
nodata_value 99999.90
[rows 170 to 203 of 679, columns 616 to 692 of 839]
27.15 27.77 27.39 26.92 27.11 27.29 27.34 27.35 27.64 27.03 26.49 26.29 26.15 25.64 26.94 26.93 23.64 23.39 23.94 25.17 24.76 26.88 27.35 27.27 27.28 27.34 27.22 27.11 27.24 27.33 27.31 27.37 27.41 27.35 27.48 27.48 27.44 27.40 27.42 27.24 27.34 27.38 27.40 27.51 27.62 27.33 27.32 26.42 27.41 27.27 27.45 27.63 27.64 27.71 27.72 27.65 27.66 27.64 27.71 27.84 27.69 27.73 27.75 27.61 27.51 27.53 27.82 27.32 27.04 27.18 27.18 27.18 27.18 27.18 27.18 27.18 27.18
27.21 27.59 27.50 26.50 27.14 27.50 27.48 27.40 27.50 27.43 27.05 26.74 26.41 25.04 25.85 25.81 24.23 25.05 24.25 23.74 25.15 26.85 27.42 27.28 27.23 27.27 27.18 27.00 27.33 27.31 27.32 27.30 27.42 27.40 27.44 27.54 27.51 27.48 27.43 27.45 27.28 27.48 27.53 27.64 27.50 27.50 26.92 27.49 27.28 27.14 27.59 27.63 27.65 27.74 27.73 27.67 27.66 27.61 27.66 27.81 27.84 27.70 27.74 27.70 27.46 27.55 27.30 27.46 27.27 27.01 27.01 27.01 27.01 27.01 27.01 27.01 27.01
26.57 27.25 27.29 27.32 27.17 27.24 27.51 27.61 27.54 27.61 27.54 27.05 26.77 25.66 25.23 26.41 24.26 25.35 25.35 24.79 26.14 27.17 27.36 27.32 27.25 27.25 27.24 27.18 27.12 27.21 27.29 27.20 27.31 27.34 27.46 27.46 27.50 27.45 27.48 27.45 27.50 27.53 27.55 27.48 27.35 27.51 27.38 27.39 27.30 27.24 27.31 27.48 27.56 27.71 27.68 27.73 27.71 27.71 27.78 27.80 27.82 27.89 27.79 27.84 27.98 27.86 27.75 27.49 27.20 27.12 27.12 27.12 27.12 27.12 27.12 27.12 27.12
26.64 27.15 26.49 27.25 27.19 27.52 27.38 27.56 27.45 27.53 27.37 27.18 26.96 26.87 26.94 26.82 25.21 25.68 25.07 25.32 26.63 27.52 27.42 27.27 27.16 27.17 27.24 27.20 27.28 27.16 27.12 27.16 27.19 27.33 27.38 27.36 27.40 27.44 27.45 27.44 27.60 27.43 27.44 27.40 27.41 27.39 27.55 27.43 27.28 26.79 27.41 27.49 27.60 27.45 27.49 27.61 27.77 27.73 27.82 27.81 27.81 27.68 27.68 28.06 27.84 27.90 27.41 27.44 27.23 27.12 27.12 27.12 27.12 27.12 27.12 27.12 27.12
26.08 26.62 26.68 26.67 26.89 27.64 27.67 27.36 27.65 27.24 27.44 26.94 27.39 27.50 27.28 27.13 26.88 25.90 25.86 25.28 26.45 27.45 27.30 27.09 27.20 27.21 27.19 27.31 27.33 27.22 27.25 27.18 27.27 27.39 27.38 27.39 27.42 27.45 27.44 27.43 27.36 27.41 27.40 27.29 27.36 27.45 27.58 27.20 27.20 26.94 26.86 27.36 27.46 27.44 27.46 27.84 27.56 27.57 27.68 27.79 27.63 27.79 27.86 27.74 27.68 27.63 27.89 27.62 27.56 27.56 27.56 27.12 27.12 27.12 27.12 27.12 27.12
26.59 26.08 26.73 26.77 26.57 27.29 27.56 27.31 27.33 27.54 27.19 27.33 27.35 27.34 27.36 26.90 27.21 26.27 26.97 26.54 27.15 27.31 27.35 27.12 27.16 27.15 27.20 27.34 27.32 27.17 27.23 27.22 27.26 27.38 27.43 27.47 27.40 27.46 27.54 27.35 27.29 27.32 27.28 27.40 27.52 27.57 27.48 27.22 27.18 26.93 27.26 27.39 27.38 27.37 27.43 27.53 27.44 27.43 27.54 27.56 27.61 27.66 27.64 27.53 27.60 27.92 27.68 27.53 27.26 27.26 27.26 27.26 27.26 27.12 27.71 27.71 27.68
26.68 25.97 26.49 27.34 26.58 26.44 27.36 27.52 27.38 27.54 27.20 27.44 27.32 27.25 27.12 27.15 26.75 27.30 26.88 26.89 26.95 27.26 27.15 27.15 27.21 27.13 27.23 27.31 27.33 27.41 27.34 27.24 27.30 27.25 27.44 27.41 27.52 27.48 27.43 27.38 27.34 27.28 27.26 27.31 27.51 27.53 27.42 27.23 27.41 26.90 27.12 27.23 27.35 27.43 27.50 27.48 27.39 27.31 27.43 27.60 27.65 27.73 27.79 27.77 27.87 27.99 27.95 27.89 27.26 27.26 27.26 27.77 27.77 27.71 27.71 27.68 27.68
27.30 26.69 26.65 26.97 27.16 26.71 27.10 27.10 27.51 27.45 27.30 27.28 26.97 27.24 27.37 27.64 27.27 26.92 27.38 27.31 27.31 27.35 27.18 27.11 27.12 27.07 27.37 27.32 27.28 27.33 27.39 27.31 27.26 27.15 27.38 27.43 27.55 27.50 27.44 27.41 27.26 27.38 27.38 27.26 27.43 27.44 27.41 27.39 27.39 27.17 26.64 27.33 27.37 27.41 27.40 27.45 27.36 27.37 27.47 27.50 27.60 27.60 27.68 27.75 27.73 27.82 27.94 28.00 27.57 27.57 27.77 27.77 27.71 27.71 27.68 27.68 27.79
27.30 27.28 26.95 27.10 26.97 27.22 26.77 27.12 27.21 27.53 27.53 27.44 27.04 27.21 27.48 27.38 27.16 27.22 27.40 27.37 27.30 27.25 27.09 27.15 27.26 27.12 27.06 27.28 27.25 27.43 27.42 27.37 27.39 27.27 27.36 27.38 27.35 27.44 27.44 27.34 27.32 27.36 27.40 27.32 27.27 27.26 27.50 27.49 27.30 27.32 27.28 27.02 27.23 27.48 27.39 27.40 27.41 27.36 27.33 27.43 27.54 27.71 27.73 27.66 27.67 27.74 27.84 27.86 27.89 27.77 27.77 27.71 27.71 27.68 27.68 27.79 27.79
27.11 27.17 27.24 27.00 27.34 27.21 27.00 27.39 27.24 27.18 27.61 27.68 27.47 27.34 27.52 27.07 27.51 27.65 27.57 27.36 27.26 27.22 27.05 27.03 27.28 27.19 27.38 27.43 27.30 27.35 27.32 27.25 27.29 27.38 27.29 27.36 27.36 27.43 27.38 27.47 27.23 27.47 27.47 27.29 27.35 27.40 27.56 27.48 27.35 27.36 27.37 27.05 27.05 27.49 27.37 27.36 27.41 27.40 27.50 27.50 27.59 27.59 27.69 27.65 27.69 27.77 27.86 27.88 27.93 27.93 27.71 27.71 27.68 27.68 27.79 27.79 27.48
27.41 27.23 26.88 27.56 27.29 26.98 27.14 27.48 27.46 27.36 27.52 27.64 27.54 27.52 27.54 27.55 27.52 27.61 27.65 27.45 27.32 27.35 27.17 26.99 27.08 27.30 27.38 27.42 27.33 27.33 27.29 27.34 27.33 27.38 27.42 27.30 27.33 27.37 27.44 27.33 27.33 27.45 27.43 27.50 27.37 27.43 27.55 27.49 27.32 27.37 27.28 27.40 27.37 27.33 26.73 27.39 27.32 27.37 27.00 27.46 27.43 27.30 27.51 27.61 27.63 27.75 27.78 27.78 27.86 27.87 27.86 27.68 27.68 27.79 27.79 27.67 27.48
27.31 27.11 27.30 27.12 27.16 27.08 27.08 27.48 27.39 27.40 27.58 27.66 27.60 27.64 27.57 27.62 27.56 27.55 27.54 27.42 27.29 27.08 27.12 27.01 26.98 27.06 27.22 27.26 27.24 27.31 27.28 27.38 27.27 27.34 27.32 27.34 27.42 27.35 27.40 27.41 27.36 27.31 27.37 27.46 27.47 27.47 27.52 27.37 27.39 27.41 27.17 27.36 27.28 27.42 27.10 26.71 27.31 26.91 25.62 27.34 27.05 27.16 27.54 27.46 27.23 27.59 27.66 27.56 27.69 27.84 27.91 27.89 27.79 27.79 27.67 27.48 27.48
27.21 27.19 27.19 27.38 27.12 27.26 27.31 27.61 27.54 27.48 27.49 27.27 27.67 27.54 27.26 27.47 27.59 27.49 27.49 27.45 27.42 27.20 27.11 26.92 26.95 26.84 27.00 27.23 27.26 27.27 27.23 27.43 27.28 27.44 27.32 27.27 27.39 27.47 27.37 27.46 27.39 27.37 27.45 27.53 27.46 27.42 27.46 27.37 27.49 27.51 27.24 27.20 27.24 27.18 27.28 27.05 27.30 26.75 26.13 26.25 26.55 26.97 26.26 26.82 27.44 27.65 27.70 27.75 27.60 27.73 27.85 27.88 27.83 27.67 27.67 27.48 27.48
27.48 27.38 27.38 27.40 27.29 27.30 27.38 27.64 27.76 27.52 27.54 27.59 27.66 27.63 27.63 27.59 27.53 27.63 27.50 27.62 27.50 27.41 27.37 27.14 27.04 26.82 26.97 27.18 27.24 27.26 27.31 27.41 27.36 27.32 27.39 27.26 27.36 27.40 27.26 27.28 27.25 27.19 27.48 27.44 27.43 27.46 27.46 27.51 27.48 27.46 27.36 27.26 27.30 27.27 27.49 27.36 27.40 27.36 27.07 26.31 26.85 26.74 26.76 27.63 27.61 27.74 27.80 27.90 27.90 27.58 27.77 27.86 27.88 27.70 27.56 27.48 27.48
27.41 27.48 27.47 27.27 27.31 27.48 27.33 27.58 27.60 27.62 27.52 27.59 27.63 27.63 27.53 27.61 27.60 27.53 27.64 27.55 27.57 27.57 27.33 26.94 26.85 26.71 26.96 27.19 27.21 27.36 27.30 27.41 27.36 27.44 27.38 27.38 27.37 27.45 27.34 27.28 27.22 27.34 27.43 27.42 27.54 27.55 27.53 27.56 27.48 27.32 27.33 27.42 27.49 27.43 27.37 27.33 27.47 27.61 27.43 26.76 27.27 27.61 27.45 27.47 27.77 27.86 27.66 27.77 28.13 27.62 27.67 27.80 27.88 27.77 27.63 27.60 27.33
27.28 27.34 27.41 27.30 27.10 27.39 27.42 27.55 27.72 27.70 27.61 27.51 27.59 27.64 27.64 27.69 27.58 27.66 27.53 27.65 27.62 27.58 27.34 27.18 26.99 26.71 26.99 27.26 27.33 27.37 27.38 27.44 27.45 27.38 27.41 27.52 27.50 27.43 27.36 27.37 27.42 27.44 27.40 27.40 27.50 27.48 27.40 27.45 27.43 27.37 27.51 27.36 27.34 27.35 27.42 27.37 27.47 27.42 27.48 27.07 27.10 26.98 26.96 27.26 27.34 27.54 27.72 28.06 28.00 27.69 27.66 27.73 27.85 27.75 27.64 27.59 27.47
27.37 27.35 27.34 27.41 27.38 27.35 27.17 27.49 27.64 27.80 27.61 27.45 27.60 27.66 27.66 27.64 27.62 27.74 27.71 27.66 27.61 27.42 27.27 27.06 26.82 26.35 26.97 27.33 27.27 27.37 27.41 27.37 27.30 27.46 27.51 27.47 27.37 27.40 27.33 27.43 27.51 27.42 27.38 27.40 27.49 27.40 27.46 27.37 27.27 27.35 27.29 27.27 27.43 27.48 27.50 27.34 27.32 27.37 27.28 27.17 27.29 27.19 27.26 27.20 27.31 27.38 27.52 27.63 27.67 27.67 27.65 27.66 27.72 27.75 27.63 27.54 27.50
27.39 27.48 27.26 27.33 27.37 27.32 27.41 27.69 27.76 27.73 27.65 27.60 27.53 27.70 27.70 27.64 27.61 27.58 27.61 27.54 27.56 27.54 27.33 27.10 26.58 26.23 26.79 27.30 27.33 27.31 27.35 27.47 27.41 27.47 27.45 27.46 27.42 27.34 27.34 27.33 27.38 27.38 27.50 27.43 27.39 27.47 27.44 27.43 27.37 27.28 27.28 27.31 27.53 27.43 27.34 27.31 27.27 27.41 27.39 27.29 27.17 27.19 27.11 27.26 27.31 27.39 27.56 27.62 27.65 27.58 27.46 27.61 27.71 27.63 27.71 27.59 27.56
27.41 27.41 27.16 27.40 27.36 27.53 27.54 27.67 27.74 27.70 27.60 27.43 27.37 27.56 27.64 27.64 27.58 27.67 27.63 27.58 27.66 27.61 27.47 27.16 26.57 26.08 26.80 28.16 28.04 27.31 27.38 27.36 27.49 27.46 27.42 27.46 27.29 27.31 27.32 27.39 27.38 27.39 27.51 27.40 27.38 27.40 27.42 27.42 27.32 27.32 27.36 27.34 27.44 27.36 27.25 27.35 27.46 27.23 27.26 27.18 27.20 27.06 27.26 27.13 27.24 27.33 27.39 27.60 27.58 27.48 27.44 27.52 27.59 27.64 27.69 27.59 27.59
27.31 27.31 27.20 27.23 27.34 27.44 27.36 27.64 27.70 27.63 27.67 27.67 27.56 27.38 27.41 27.58 27.60 27.53 27.55 27.55 27.51 27.42 27.31 27.08 26.60 26.68 27.73 28.14 28.09 27.50 27.38 27.41 27.38 27.40 27.39 27.42 27.44 27.39 27.41 27.41 27.40 27.40 27.48 27.47 27.39 27.48 27.37 27.32 27.37 27.43 27.42 27.34 27.39 27.27 27.28 27.38 27.44 27.30 27.19 27.05 27.35 26.48 27.00 27.19 27.37 27.31 27.46 27.55 27.64 27.67 27.54 27.52 27.82 27.59 27.63 27.63 27.45
27.33 27.38 27.32 27.24 27.26 27.32 27.36 27.50 27.65 27.68 27.62 27.67 27.65 27.42 27.35 27.40 27.48 27.46 27.46 27.50 27.52 27.42 27.28 27.28 26.95 26.95 27.52 27.99 27.73 27.38 27.38 27.41 27.45 27.48 27.42 27.36 27.44 27.37 27.38 27.32 27.38 27.42 27.41 27.45 27.43 27.48 27.51 27.49 27.48 27.42 27.38 27.33 27.30 27.41 27.36 27.35 27.28 27.04 27.12 27.12 27.27 26.90 27.32 27.29 27.05 27.37 27.89 27.50 27.81 27.59 27.49 27.57 27.94 27.83 27.60 27.71 27.58
27.39 27.32 27.22 27.28 27.27 27.32 27.34 27.53 27.56 27.44 27.44 27.60 27.66 27.47 27.31 27.26 27.25 27.39 27.42 27.44 27.40 27.31 27.28 27.20 27.10 27.13 27.25 27.25 27.44 27.39 27.35 27.44 27.45 27.48 27.54 27.43 27.38 27.40 27.42 27.39 27.40 27.44 27.47 27.46 27.52 27.45 27.50 27.39 27.47 27.45 27.44 27.38 27.40 27.35 27.35 27.25 27.21 27.25 27.24 26.98 27.05 26.60 27.14 27.35 27.39 27.40 27.68 27.63 27.76 27.85 27.84 27.77 27.63 27.82 27.59 27.64 27.58
27.38 27.28 27.31 27.38 27.34 27.38 27.49 27.36 27.38 27.40 27.44 27.54 27.78 27.68 27.71 27.66 27.42 27.42 27.43 27.36 27.36 27.33 27.28 27.26 27.14 27.23 27.25 27.26 27.25 27.30 27.35 27.37 27.43 27.47 27.43 27.46 27.46 27.35 27.39 27.41 27.43 27.50 27.54 27.60 27.52 27.51 27.44 27.43 27.44 27.33 27.40 27.41 27.45 27.34 27.32 27.32 27.33 27.35 27.36 27.33 27.08 27.38 27.42 27.41 27.31 27.28 27.45 27.48 27.54 27.60 27.75 27.67 27.77 27.72 27.54 27.63 27.59
27.28 27.35 27.41 27.28 27.32 27.24 27.24 27.25 27.33 27.48 27.53 27.50 27.59 27.67 27.70 27.78 27.63 27.40 27.41 27.36 27.41 27.38 27.33 27.31 27.21 27.23 27.36 27.42 27.30 27.33 27.34 27.30 27.44 27.45 27.47 27.39 27.38 27.37 27.33 27.36 27.43 27.56 27.55 27.53 27.47 27.48 27.50 27.46 27.47 27.38 27.26 27.35 27.45 27.41 27.36 27.39 27.45 27.46 27.38 27.36 27.40 27.33 27.36 27.07 27.34 27.31 27.36 27.40 27.34 27.51 27.56 27.50 27.47 27.48 27.42 27.51 27.40
27.32 27.29 27.32 27.34 27.33 27.30 27.29 27.32 27.42 27.40 27.65 27.63 27.67 27.64 27.62 27.65 27.51 27.42 27.46 27.40 27.44 27.34 27.28 27.22 27.33 27.39 27.53 27.49 27.39 27.44 27.47 27.45 27.49 27.33 27.40 27.35 27.39 27.34 27.36 27.27 27.37 27.55 27.49 27.50 27.50 27.53 27.46 27.51 27.44 27.44 27.36 27.40 27.33 27.36 27.39 27.46 27.44 27.46 27.36 27.43 27.36 27.30 27.31 27.04 27.43 27.12 27.32 27.44 27.31 27.37 27.38 27.44 27.42 27.43 27.28 27.39 27.22
27.25 27.23 27.13 27.25 27.26 27.27 27.39 27.40 27.53 27.65 27.67 27.67 27.65 27.54 27.39 27.35 27.37 27.48 27.53 27.32 27.48 27.45 27.35 27.33 27.38 27.33 27.46 27.45 27.41 27.54 27.55 27.51 27.48 27.39 27.29 27.37 27.49 27.54 27.42 27.37 27.39 27.51 27.49 27.48 27.45 27.44 27.50 27.49 27.40 27.39 27.41 27.36 27.32 27.41 27.36 27.43 27.44 27.46 27.25 27.41 27.28 27.30 27.26 26.87 27.22 27.16 27.41 27.16 27.28 27.36 27.40 27.49 27.38 27.35 27.34 27.32 27.30
27.21 27.34 27.30 27.34 27.35 27.32 27.31 27.28 27.39 27.38 27.31 27.50 27.60 27.45 27.52 27.56 27.62 27.61 27.56 27.42 27.38 27.40 27.58 27.49 27.29 27.25 27.38 27.53 27.41 27.50 27.54 27.51 27.46 27.46 27.44 27.51 27.41 27.33 27.37 27.45 27.53 27.51 27.46 27.45 27.36 27.41 27.56 27.44 27.53 27.44 27.39 27.36 27.30 27.37 27.38 27.51 27.51 27.61 27.55 27.61 27.39 27.42 27.33 27.28 27.24 27.16 26.80 27.19 27.31 27.25 27.27 27.36 27.35 27.35 27.40 27.44 27.45
27.36 27.46 27.38 27.42 27.42 27.45 27.38 27.31 27.35 27.38 27.44 27.43 27.48 27.38 27.49 27.53 27.60 27.55 27.65 27.58 27.51 27.57 27.56 27.33 27.30 27.34 27.47 27.45 27.42 27.44 27.58 27.51 27.43 27.45 27.49 27.47 27.31 27.39 27.43 27.42 27.41 27.30 27.27 27.39 27.37 27.49 27.54 27.30 27.29 27.41 27.42 27.36 27.26 27.38 27.39 27.39 27.44 27.56 27.53 27.25 27.32 27.31 27.20 27.31 27.25 26.77 27.21 27.33 27.32 27.32 27.30 27.31 27.28 27.42 27.48 27.47 27.51
27.50 27.44 27.43 27.40 27.37 27.33 27.39 27.31 27.42 27.35 27.28 27.37 27.50 27.41 27.48 27.52 27.54 27.62 27.66 27.60 27.61 27.63 27.56 27.38 27.32 27.34 27.39 27.36 27.35 27.41 27.34 27.45 27.53 27.57 27.39 27.39 27.31 27.21 27.27 27.31 27.29 27.19 27.22 27.41 27.53 27.50 27.33 27.32 27.41 27.54 27.55 27.49 27.43 27.54 27.63 27.49 27.29 27.28 27.21 27.29 27.47 27.48 27.39 27.46 27.35 27.44 27.40 27.21 27.33 27.40 27.35 27.38 27.33 27.44 27.44 27.35 27.38
27.53 27.46 27.42 27.50 27.35 27.34 27.45 27.48 27.59 27.61 27.45 27.48 27.62 27.65 27.62 27.48 27.48 27.60 27.59 27.67 27.72 27.60 27.60 27.49 27.51 27.47 27.40 27.41 27.37 27.31 27.32 27.25 27.32 27.30 27.32 27.41 27.34 27.26 27.34 27.47 27.24 27.29 27.40 27.41 27.43 27.43 27.61 27.64 27.65 27.57 27.61 27.52 27.51 27.61 27.34 27.21 27.33 27.36 27.33 27.24 27.35 27.39 27.55 27.39 27.43 27.39 27.39 27.32 27.37 27.32 27.33 27.33 27.37 27.48 27.50 27.35 27.37
27.53 27.63 27.51 27.44 27.34 27.39 27.48 27.36 27.52 27.60 27.51 27.50 27.61 27.63 27.68 27.61 27.49 27.51 27.46 27.56 27.63 27.57 27.57 27.54 27.67 27.42 27.37 27.32 27.40 27.37 27.32 27.25 27.26 27.27 27.34 27.40 27.33 27.35 27.40 27.48 27.39 27.41 27.51 27.37 27.41 27.39 27.50 27.46 27.58 27.63 27.62 27.51 27.38 27.26 27.14 27.24 27.30 27.23 27.18 27.22 27.34 27.29 27.36 27.34 27.45 27.40 27.34 27.37 27.36 27.29 27.32 27.42 27.36 27.47 27.59 27.39 27.33
27.60 27.65 27.47 27.42 27.38 27.44 27.56 27.45 27.43 27.53 27.48 27.47 27.60 27.65 27.72 27.67 27.61 27.67 27.54 27.60 27.64 27.62 27.70 27.65 27.52 27.47 27.43 27.41 27.37 27.41 27.42 27.52 27.39 27.47 27.49 27.35 27.44 27.36 27.31 27.32 27.32 27.39 27.29 27.37 27.41 27.35 27.38 27.39 27.32 27.18 27.29 27.17 27.13 27.18 27.28 27.26 27.23 27.19 27.11 27.14 27.23 27.34 27.32 27.50 27.51 27.41 27.42 27.42 27.51 27.35 27.25 27.26 27.30 27.34 27.36 27.36 27.32
27.58 27.53 27.49 27.41 27.37 27.47 27.48 27.49 27.48 27.49 27.64 27.50 27.52 27.50 27.63 27.70 27.60 27.58 27.63 27.66 27.65 27.75 27.74 27.71 27.59 27.50 27.50 27.48 27.46 27.54 27.39 27.48 27.57 27.56 27.52 27.46 27.43 27.47 27.41 27.37 27.26 27.34 27.43 27.40 27.31 27.34 27.40 27.38 27.37 27.33 27.33 27.36 27.36 27.18 27.22 27.13 27.17 27.19 27.19 27.19 27.07 27.22 27.31 27.39 27.44 27.42 27.50 27.35 27.24 27.17 27.34 27.34 27.38 27.33 27.39 27.24 27.38
27.91 27.68 27.57 27.53 27.37 27.35 27.50 27.47 27.50 27.40 27.50 27.54 27.54 27.48 27.50 27.61 27.75 27.76 27.79 27.70 27.61 27.65 27.63 27.62 27.50 27.53 27.56 27.61 27.63 27.56 27.52 27.59 27.48 27.53 27.54 27.41 27.47 27.41 27.38 27.36 27.33 27.25 27.32 27.24 27.26 27.35 27.38 27.45 27.40 27.34 27.34 27.43 27.44 27.40 27.29 27.18 27.10 27.26 27.39 27.37 27.23 27.23 27.33 27.31 27.45 27.50 27.49 27.29 27.24 27.36 27.39 27.41 27.34 27.29 27.17 27.17 27.25
