main/data/irradiance/24.11.2023.grid
ncols 839
nrows 679
xllcenter 112.0500
yllcenter -43.9500
cellsize 0.0500
nodata_value 99999.90
[rows 442 to 475 of 679, columns 385 to 461 of 839]
30.15 30.15 30.15 30.15 30.21 30.21 30.38 30.38 30.38 30.38 30.23 30.23 30.23 30.11 30.11 30.24 30.24 30.24 30.24 29.98 30.20 30.31 30.18 30.18 30.18 30.18 29.65 29.65 29.65 29.65 30.01 29.60 29.60 29.60 29.19 29.19 29.48 29.56 29.54 29.65 29.78 30.08 30.01 29.98 30.10 30.27 30.27 30.28 30.28 30.05 30.19 30.03 29.95 29.68 29.39 29.36 29.59 29.45 28.58 28.10 26.55 26.58 24.24 26.31 26.54 26.82 26.99 25.36 25.95 26.72 28.19 28.61 27.80 28.33 28.66 29.26 28.60
30.21 30.21 30.21 30.21 30.21 30.38 30.38 30.38 30.38 30.38 30.23 30.23 30.11 30.11 30.24 30.24 30.24 30.24 30.24 29.98 30.20 30.31 30.18 30.18 30.18 30.18 29.65 29.65 29.65 30.01 29.60 29.60 29.60 29.19 29.19 29.19 29.56 29.56 29.54 29.41 29.78 30.08 30.11 30.11 30.27 30.27 30.27 30.28 30.28 29.91 29.87 29.69 30.02 29.97 29.95 29.67 29.27 29.27 28.45 28.15 27.41 28.54 27.36 28.03 27.75 27.29 25.21 25.10 27.02 26.97 25.72 26.11 25.95 26.38 27.60 28.28 27.17
99999.90 30.19 30.19 30.38 30.38 30.38 30.38 30.38 30.38 30.23 30.23 30.11 30.11 30.24 30.24 30.24 30.24 30.24 30.24 29.98 30.20 30.31 30.18 30.18 30.18 30.18 29.65 29.65 29.65 29.60 29.60 29.60 29.60 29.19 29.19 29.56 29.56 29.56 29.41 29.41 29.41 30.11 30.11 30.11 30.27 30.27 30.27 30.28 29.91 29.91 29.87 29.98 30.04 29.85 29.62 29.46 29.31 28.48 28.85 28.29 28.21 28.45 28.03 28.23 28.40 28.67 28.45 25.47 24.62 25.49 25.64 25.94 25.43 25.38 26.34 26.52 26.85
99999.90 99999.90 30.38 30.38 30.38 30.38 30.38 30.38 30.38 30.23 30.23 30.11 30.24 30.24 30.24 30.24 30.24 30.24 30.24 29.98 30.20 30.31 30.18 30.18 30.18 30.18 30.18 29.65 29.65 29.60 29.60 29.60 29.19 29.19 29.19 29.56 29.56 29.41 29.41 29.41 29.41 30.11 30.11 30.11 30.11 30.27 30.27 29.91 29.91 29.91 29.98 29.98 30.05 30.04 29.66 29.54 29.21 28.54 27.27 28.44 28.21 27.63 27.49 28.89 28.78 29.09 29.25 28.51 26.94 26.67 26.60 26.06 27.46 27.59 28.05 27.56 27.05
99999.90 99999.90 99999.90 99999.90 30.23 30.23 30.23 30.23 30.23 30.23 30.11 30.24 30.24 30.24 30.24 30.24 30.24 30.24 30.24 29.98 30.20 30.31 30.18 30.18 30.18 30.18 30.18 29.65 29.60 29.60 29.60 29.60 29.19 29.19 29.56 29.56 29.56 29.41 29.41 29.41 29.41 30.11 30.11 30.11 30.11 30.27 30.27 29.91 29.91 29.98 29.98 30.05 30.05 29.47 29.33 29.53 29.46 29.23 28.98 28.94 29.17 28.62 28.51 27.98 28.08 28.52 29.24 29.16 29.18 28.03 28.65 27.95 28.26 28.66 29.63 29.67 29.18
99999.90 99999.90 99999.90 99999.90 99999.90 99999.90 30.22 30.22 30.11 30.11 30.24 30.24 30.24 30.24 30.24 30.24 30.24 30.24 30.24 29.98 30.20 30.31 30.18 30.18 30.18 30.18 30.18 29.65 29.60 29.60 29.60 29.19 29.19 29.19 29.56 29.56 29.41 29.41 29.41 29.41 29.41 30.11 30.11 30.11 30.11 30.27 29.91 29.91 29.91 29.47 29.47 29.47 29.47 29.47 29.12 29.29 29.30 29.01 28.70 28.93 28.76 28.79 28.74 28.72 28.65 28.36 28.94 28.89 29.12 29.25 28.93 29.25 28.64 29.08 29.90 29.87 29.18
99999.90 99999.90 99999.90 99999.90 99999.90 99999.90 99999.90 30.11 30.11 30.24 30.24 30.24 30.24 30.24 30.24 30.24 30.24 30.24 30.24 29.98 30.20 30.31 30.18 30.18 30.18 30.18 30.18 29.60 29.60 29.60 29.60 29.19 29.19 29.56 29.56 29.56 29.41 29.41 29.41 29.41 29.41 30.11 30.11 30.11 30.11 30.11 29.91 29.47 29.47 29.47 29.47 29.47 29.47 29.27 29.49 28.87 29.30 28.51 28.21 28.53 28.28 28.32 28.44 28.75 29.20 29.12 28.94 28.55 28.38 28.67 28.74 29.40 29.09 28.55 28.70 29.83 27.92
99999.90 99999.90 99999.90 99999.90 99999.90 99999.90 99999.90 99999.90 30.24 30.24 30.24 30.24 30.24 30.24 30.24 30.24 30.24 30.24 30.24 29.98 30.20 30.31 30.18 30.18 30.18 30.18 30.18 29.60 29.60 29.60 29.19 29.19 29.19 29.56 29.56 29.41 29.41 29.41 29.41 29.41 29.41 30.11 30.11 30.11 30.11 30.11 29.41 29.41 29.41 29.41 29.41 29.41 29.41 29.27 29.49 28.87 28.87 28.51 28.21 28.06 27.97 28.17 28.53 28.54 28.75 28.57 28.58 28.71 28.12 28.57 27.61 28.62 27.94 27.36 28.05 27.29 27.60
99999.90 99999.90 99999.90 99999.90 99999.90 99999.90 99999.90 99999.90 99999.90 99999.90 99999.90 99999.90 99999.90 99999.90 99999.90 99999.90 99999.90 99999.90 99999.90 99999.90 99999.90 99999.90 99999.90 29.60 29.60 29.60 29.60 29.60 29.60 29.60 29.19 29.19 29.56 29.56 29.56 29.41 29.41 29.41 29.41 29.41 29.41 30.11 30.11 30.11 30.11 29.41 29.41 29.41 29.41 29.41 29.41 29.41 29.41 29.41 29.49 28.87 28.87 28.51 28.06 28.06 28.35 28.70 28.59 28.55 28.11 28.44 28.56 28.12 28.31 27.54 28.26 27.13 27.86 27.22 28.07 27.61 27.07
99999.90 99999.90 99999.90 99999.90 99999.90 99999.90 99999.90 99999.90 99999.90 99999.90 99999.90 99999.90 99999.90 99999.90 99999.90 99999.90 99999.90 99999.90 99999.90 99999.90 99999.90 99999.90 99999.90 99999.90 99999.90 29.19 29.19 29.19 29.19 29.19 29.19 29.19 29.56 29.56 29.41 29.41 29.41 29.41 29.41 29.41 29.41 30.11 30.11 30.11 30.11 29.41 29.41 29.41 29.41 29.41 29.41 29.41 29.41 29.41 29.41 28.87 29.10 28.06 28.81 28.81 28.81 28.56 28.54 28.49 28.40 28.30 28.21 28.05 27.28 28.31 27.46 28.09 27.88 27.20 29.21 28.68 26.84
99999.90 99999.90 99999.90 99999.90 99999.90 99999.90 99999.90 99999.90 99999.90 99999.90 99999.90 99999.90 99999.90 99999.90 99999.90 99999.90 99999.90 99999.90 99999.90 99999.90 99999.90 99999.90 99999.90 99999.90 99999.90 99999.90 99999.90 29.56 29.56 29.56 29.56 29.56 29.56 29.56 29.41 29.41 29.41 29.41 29.41 29.41 29.41 30.11 30.11 30.11 29.41 29.41 29.41 29.41 29.41 29.41 29.41 29.41 29.41 29.41 29.10 29.10 29.10 28.70 28.63 28.63 28.63 28.43 28.73 28.93 28.41 28.64 27.92 27.61 27.74 26.83 27.46 27.54 27.92 27.31 28.56 28.97 27.96
99999.90 99999.90 99999.90 99999.90 99999.90 99999.90 99999.90 99999.90 99999.90 99999.90 99999.90 99999.90 99999.90 99999.90 99999.90 99999.90 99999.90 99999.90 99999.90 99999.90 99999.90 99999.90 99999.90 99999.90 99999.90 99999.90 99999.90 99999.90 99999.90 29.41 29.41 29.41 29.41 29.41 29.41 29.41 29.41 29.41 29.41 29.41 29.41 30.11 30.11 29.41 29.41 29.41 29.41 29.41 29.41 29.41 29.41 29.41 29.41 29.10 29.10 29.10 29.10 28.70 28.70 28.39 28.39 29.17 29.62 28.66 27.62 28.06 27.72 27.30 27.61 27.89 26.34 26.72 29.13 27.30 26.95 28.39 28.02
99999.90 99999.90 99999.90 99999.90 99999.90 99999.90 99999.90 99999.90 99999.90 99999.90 99999.90 99999.90 99999.90 99999.90 99999.90 99999.90 99999.90 99999.90 99999.90 99999.90 99999.90 99999.90 99999.90 99999.90 99999.90 99999.90 99999.90 99999.90 99999.90 99999.90 99999.90 99999.90 99999.90 99999.90 99999.90 99999.90 99999.90 99999.90 99999.90 99999.90 99999.90 29.98 29.41 29.41 29.41 29.41 29.41 29.41 29.41 29.41 29.41 29.10 29.10 29.10 29.10 29.10 29.10 28.70 28.70 28.46 28.46 28.13 28.26 28.44 28.81 28.21 26.88 27.42 27.56 27.71 27.07 27.28 28.45 28.72 26.71 26.17 25.22
99999.90 99999.90 99999.90 99999.90 99999.90 99999.90 99999.90 99999.90 99999.90 99999.90 99999.90 99999.90 99999.90 99999.90 99999.90 99999.90 99999.90 99999.90 99999.90 99999.90 99999.90 99999.90 99999.90 99999.90 99999.90 99999.90 99999.90 99999.90 99999.90 99999.90 99999.90 99999.90 99999.90 99999.90 99999.90 99999.90 99999.90 99999.90 99999.90 99999.90 99999.90 99999.90 29.41 29.41 29.41 29.41 29.41 29.41 29.41 29.41 29.10 29.10 29.10 29.10 29.10 29.10 29.10 28.91 28.91 29.06 28.54 29.08 28.91 28.20 28.47 27.94 28.12 27.19 26.44 27.25 28.61 27.58 27.57 26.52 26.34 25.72 25.23
99999.90 99999.90 99999.90 99999.90 99999.90 99999.90 99999.90 99999.90 99999.90 99999.90 99999.90 99999.90 99999.90 99999.90 99999.90 99999.90 99999.90 99999.90 99999.90 99999.90 99999.90 99999.90 99999.90 99999.90 99999.90 99999.90 99999.90 99999.90 99999.90 99999.90 99999.90 99999.90 99999.90 99999.90 99999.90 99999.90 99999.90 99999.90 99999.90 99999.90 99999.90 99999.90 29.41 29.41 29.41 29.41 29.41 29.41 29.41 30.07 30.07 30.07 30.07 30.07 30.07 30.07 28.90 28.90 29.14 29.66 29.45 28.38 28.04 28.30 27.96 28.06 27.78 27.93 27.80 28.06 27.93 27.54 28.23 27.39 27.81 27.48 25.90
99999.90 99999.90 99999.90 99999.90 99999.90 99999.90 99999.90 99999.90 99999.90 99999.90 99999.90 99999.90 99999.90 99999.90 99999.90 99999.90 99999.90 99999.90 99999.90 99999.90 99999.90 99999.90 99999.90 99999.90 99999.90 99999.90 99999.90 99999.90 99999.90 99999.90 99999.90 99999.90 99999.90 99999.90 99999.90 99999.90 99999.90 99999.90 99999.90 99999.90 99999.90 99999.90 29.41 29.41 29.41 29.41 29.41 30.07 30.07 30.07 30.07 30.07 30.07 30.07 30.07 30.07 30.07 29.70 29.31 29.06 29.64 29.19 28.92 29.18 28.77 29.05 28.88 29.12 28.31 27.68 28.69 27.77 27.83 26.27 26.59 28.21 27.75
99999.90 99999.90 99999.90 99999.90 99999.90 99999.90 99999.90 99999.90 99999.90 99999.90 99999.90 99999.90 99999.90 99999.90 99999.90 99999.90 99999.90 99999.90 99999.90 99999.90 99999.90 99999.90 99999.90 99999.90 99999.90 99999.90 99999.90 99999.90 99999.90 99999.90 99999.90 99999.90 99999.90 99999.90 99999.90 99999.90 99999.90 99999.90 99999.90 99999.90 99999.90 99999.90 29.41 29.41 29.41 29.41 30.07 30.07 30.07 30.07 30.07 30.07 30.07 30.07 30.07 30.07 30.07 29.70 29.31 27.93 28.25 29.05 29.56 29.34 29.32 28.92 29.33 29.33 27.82 27.51 28.24 28.40 28.63 28.47 26.24 26.19 27.61
99999.90 99999.90 99999.90 99999.90 99999.90 99999.90 99999.90 99999.90 99999.90 99999.90 99999.90 99999.90 99999.90 99999.90 99999.90 99999.90 99999.90 99999.90 99999.90 99999.90 99999.90 99999.90 99999.90 99999.90 99999.90 99999.90 99999.90 99999.90 99999.90 99999.90 99999.90 99999.90 99999.90 99999.90 99999.90 99999.90 99999.90 99999.90 99999.90 99999.90 99999.90 99999.90 29.41 29.41 29.41 29.41 30.07 30.07 30.07 30.07 30.07 30.07 30.07 30.07 30.07 30.07 30.07 29.70 28.93 28.93 29.26 29.99 27.60 28.47 29.34 28.17 28.87 27.86 27.66 27.15 28.06 27.48 28.59 27.55 26.52 28.28 27.90
99999.90 99999.90 99999.90 99999.90 99999.90 99999.90 99999.90 99999.90 99999.90 99999.90 99999.90 99999.90 99999.90 99999.90 99999.90 99999.90 99999.90 99999.90 99999.90 99999.90 99999.90 99999.90 99999.90 99999.90 99999.90 99999.90 99999.90 99999.90 99999.90 99999.90 99999.90 99999.90 99999.90 99999.90 99999.90 99999.90 99999.90 99999.90 99999.90 99999.90 99999.90 99999.90 99999.90 99999.90 99999.90 99999.90 30.07 30.07 30.07 30.07 30.07 30.07 30.07 30.07 30.07 30.07 30.07 28.07 28.07 28.07 27.35 28.08 27.21 27.25 28.20 28.74 28.10 26.15 25.85 27.40 28.13 27.62 28.78 28.07 27.08 26.56 26.41
99999.90 99999.90 99999.90 99999.90 99999.90 99999.90 99999.90 99999.90 99999.90 99999.90 99999.90 99999.90 99999.90 99999.90 99999.90 99999.90 99999.90 99999.90 99999.90 99999.90 99999.90 99999.90 99999.90 99999.90 99999.90 99999.90 99999.90 99999.90 99999.90 99999.90 99999.90 99999.90 99999.90 99999.90 99999.90 99999.90 99999.90 99999.90 99999.90 99999.90 99999.90 99999.90 99999.90 99999.90 99999.90 99999.90 30.07 30.07 30.07 30.07 30.07 30.07 30.07 30.07 30.07 30.07 28.07 28.07 28.07 28.07 28.81 28.13 27.27 25.78 25.96 26.48 28.26 27.40 26.42 26.41 29.48 29.39 28.38 28.46 27.12 26.18 26.22
99999.90 99999.90 99999.90 99999.90 99999.90 99999.90 99999.90 99999.90 99999.90 99999.90 99999.90 99999.90 99999.90 99999.90 99999.90 99999.90 99999.90 99999.90 99999.90 99999.90 99999.90 99999.90 99999.90 99999.90 99999.90 99999.90 99999.90 99999.90 99999.90 99999.90 99999.90 99999.90 99999.90 99999.90 99999.90 99999.90 99999.90 99999.90 99999.90 99999.90 99999.90 99999.90 99999.90 99999.90 99999.90 99999.90 30.07 30.07 30.07 30.07 30.07 30.07 30.07 30.07 30.07 28.07 28.07 28.07 29.06 29.06 29.06 28.94 29.28 25.78 27.79 28.91 28.26 28.43 28.04 28.92 29.18 29.24 29.13 28.89 28.70 25.31 23.89
99999.90 99999.90 99999.90 99999.90 99999.90 99999.90 99999.90 99999.90 99999.90 99999.90 99999.90 99999.90 99999.90 99999.90 99999.90 99999.90 99999.90 99999.90 99999.90 99999.90 99999.90 99999.90 99999.90 99999.90 99999.90 99999.90 99999.90 99999.90 99999.90 99999.90 99999.90 99999.90 99999.90 99999.90 99999.90 99999.90 99999.90 99999.90 99999.90 99999.90 99999.90 99999.90 99999.90 99999.90 99999.90 99999.90 30.07 30.07 30.07 30.07 30.07 30.07 30.07 30.07 28.07 28.07 29.06 29.06 29.06 29.06 29.06 28.94 29.28 29.28 27.79 28.91 28.91 28.43 28.04 29.18 29.09 30.14 29.52 29.20 28.95 28.26 25.93
99999.90 99999.90 99999.90 99999.90 99999.90 99999.90 99999.90 99999.90 99999.90 99999.90 99999.90 99999.90 99999.90 99999.90 99999.90 99999.90 99999.90 99999.90 99999.90 99999.90 99999.90 99999.90 99999.90 99999.90 99999.90 99999.90 99999.90 99999.90 99999.90 99999.90 99999.90 99999.90 99999.90 99999.90 99999.90 99999.90 99999.90 99999.90 99999.90 99999.90 99999.90 99999.90 99999.90 99999.90 99999.90 99999.90 30.07 30.07 30.07 30.07 30.07 30.07 30.07 28.07 29.06 29.06 29.06 29.06 29.06 29.06 29.06 28.94 29.28 29.28 27.79 28.91 28.91 28.43 28.35 28.35 28.69 29.53 29.08 28.64 28.93 28.99 26.99
99999.90 99999.90 99999.90 99999.90 99999.90 99999.90 99999.90 99999.90 99999.90 99999.90 99999.90 99999.90 99999.90 99999.90 99999.90 99999.90 99999.90 99999.90 99999.90 99999.90 99999.90 99999.90 99999.90 99999.90 99999.90 99999.90 99999.90 99999.90 99999.90 99999.90 99999.90 99999.90 99999.90 99999.90 99999.90 99999.90 99999.90 99999.90 99999.90 99999.90 99999.90 99999.90 99999.90 99999.90 99999.90 99999.90 30.07 30.07 30.07 30.07 30.07 30.07 29.06 29.06 29.06 29.06 29.06 29.06 29.06 29.06 29.06 28.94 29.28 29.28 27.79 28.91 28.91 28.35 28.35 28.35 29.74 30.03 29.04 28.65 28.51 29.15 28.39
99999.90 99999.90 99999.90 99999.90 99999.90 99999.90 99999.90 99999.90 99999.90 99999.90 99999.90 99999.90 99999.90 99999.90 99999.90 99999.90 99999.90 99999.90 99999.90 99999.90 99999.90 99999.90 99999.90 99999.90 99999.90 99999.90 99999.90 99999.90 99999.90 99999.90 99999.90 99999.90 99999.90 99999.90 99999.90 99999.90 99999.90 99999.90 99999.90 99999.90 99999.90 99999.90 99999.90 99999.90 99999.90 99999.90 30.07 30.07 30.07 30.07 29.06 29.06 29.06 29.06 29.06 29.06 29.06 29.06 29.06 29.06 29.06 28.94 29.28 29.28 27.79 28.91 28.35 28.35 28.35 29.74 29.74 29.13 26.74 28.59 29.23 28.62 27.24
99999.90 99999.90 99999.90 99999.90 99999.90 99999.90 99999.90 99999.90 99999.90 99999.90 99999.90 99999.90 99999.90 99999.90 99999.90 99999.90 99999.90 99999.90 99999.90 99999.90 99999.90 99999.90 99999.90 99999.90 99999.90 99999.90 99999.90 99999.90 99999.90 99999.90 99999.90 99999.90 99999.90 99999.90 99999.90 99999.90 99999.90 99999.90 99999.90 99999.90 99999.90 99999.90 99999.90 99999.90 99999.90 99999.90 30.07 30.07 30.07 30.07 29.06 29.06 29.06 29.06 29.06 29.06 29.06 29.06 29.06 29.06 29.06 28.94 29.28 29.28 27.79 28.91 28.35 28.35 29.74 29.40 29.40 29.40 27.69 27.95 29.12 29.27 29.02
99999.90 99999.90 99999.90 99999.90 99999.90 99999.90 99999.90 99999.90 99999.90 99999.90 99999.90 99999.90 99999.90 99999.90 99999.90 99999.90 99999.90 99999.90 99999.90 99999.90 99999.90 99999.90 99999.90 99999.90 99999.90 99999.90 99999.90 99999.90 99999.90 99999.90 99999.90 99999.90 99999.90 99999.90 99999.90 99999.90 99999.90 99999.90 99999.90 99999.90 99999.90 99999.90 99999.90 99999.90 99999.90 99999.90 99999.90 99999.90 99999.90 28.07 29.06 29.06 29.06 29.06 29.06 29.06 29.06 29.06 29.06 29.06 29.06 28.94 29.28 29.28 27.79 28.35 28.35 29.40 29.40 29.40 29.40 29.40 28.19 27.99 29.10 29.26 28.85
99999.90 99999.90 99999.90 99999.90 99999.90 99999.90 99999.90 99999.90 99999.90 99999.90 99999.90 99999.90 99999.90 99999.90 99999.90 99999.90 99999.90 99999.90 99999.90 99999.90 99999.90 99999.90 99999.90 99999.90 99999.90 99999.90 99999.90 99999.90 99999.90 99999.90 99999.90 99999.90 99999.90 99999.90 99999.90 99999.90 99999.90 99999.90 99999.90 99999.90 99999.90 99999.90 99999.90 99999.90 99999.90 99999.90 99999.90 99999.90 99999.90 28.07 29.06 29.06 29.06 29.06 29.06 29.06 29.06 29.06 29.06 29.06 29.06 28.94 29.28 29.28 27.79 29.40 29.40 29.40 29.40 29.40 29.09 29.09 29.09 27.91 29.06 29.78 29.09
99999.90 99999.90 99999.90 99999.90 99999.90 99999.90 99999.90 99999.90 99999.90 99999.90 99999.90 99999.90 99999.90 99999.90 99999.90 99999.90 99999.90 99999.90 99999.90 99999.90 99999.90 99999.90 99999.90 99999.90 99999.90 99999.90 99999.90 99999.90 99999.90 99999.90 99999.90 99999.90 99999.90 99999.90 99999.90 99999.90 99999.90 99999.90 99999.90 99999.90 99999.90 99999.90 99999.90 99999.90 99999.90 99999.90 99999.90 99999.90 99999.90 28.07 29.06 29.06 29.06 29.06 29.06 29.06 29.06 29.06 29.06 29.06 29.06 28.94 29.28 29.28 29.40 29.40 29.40 29.40 27.99 27.99 27.99 27.99 27.99 27.88 29.49 29.38 29.86
99999.90 99999.90 99999.90 99999.90 99999.90 99999.90 99999.90 99999.90 99999.90 99999.90 99999.90 99999.90 99999.90 99999.90 99999.90 99999.90 99999.90 99999.90 99999.90 99999.90 99999.90 99999.90 99999.90 99999.90 99999.90 99999.90 99999.90 99999.90 99999.90 99999.90 99999.90 99999.90 99999.90 99999.90 99999.90 99999.90 99999.90 99999.90 99999.90 99999.90 99999.90 99999.90 99999.90 99999.90 99999.90 99999.90 99999.90 99999.90 99999.90 99999.90 29.06 29.06 29.06 29.06 29.06 29.06 29.06 29.06 29.06 29.06 29.06 28.94 29.28 29.40 27.74 27.74 27.74 27.74 27.74 27.74 27.74 27.74 27.74 28.53 29.38 29.84 30.14
99999.90 99999.90 99999.90 99999.90 99999.90 99999.90 99999.90 99999.90 99999.90 99999.90 99999.90 99999.90 99999.90 99999.90 99999.90 99999.90 99999.90 99999.90 99999.90 99999.90 99999.90 99999.90 99999.90 99999.90 99999.90 99999.90 99999.90 99999.90 99999.90 99999.90 99999.90 99999.90 99999.90 99999.90 99999.90 99999.90 99999.90 99999.90 99999.90 99999.90 99999.90 99999.90 99999.90 99999.90 99999.90 99999.90 99999.90 99999.90 99999.90 99999.90 29.06 29.06 29.06 29.06 29.06 29.06 29.06 29.06 29.06 29.06 29.06 28.94 29.28 28.68 28.68 28.68 28.68 28.68 28.68 28.68 28.68 28.68 28.68 28.79 29.70 30.00 29.88
99999.90 99999.90 99999.90 99999.90 99999.90 99999.90 99999.90 99999.90 99999.90 99999.90 99999.90 99999.90 99999.90 99999.90 99999.90 99999.90 99999.90 99999.90 99999.90 99999.90 99999.90 99999.90 99999.90 99999.90 99999.90 99999.90 99999.90 99999.90 99999.90 99999.90 99999.90 99999.90 99999.90 99999.90 99999.90 99999.90 99999.90 99999.90 99999.90 99999.90 99999.90 99999.90 99999.90 99999.90 99999.90 99999.90 99999.90 99999.90 99999.90 99999.90 99999.90 99999.90 99999.90 99999.90 99999.90 99999.90 99999.90 99999.90 99999.90 28.35 28.35 29.40 28.68 28.68 28.68 28.68 28.68 28.68 28.68 28.68 28.68 28.68 28.68 29.64 29.87 30.05 30.21
99999.90 99999.90 99999.90 99999.90 99999.90 99999.90 99999.90 99999.90 99999.90 99999.90 99999.90 99999.90 99999.90 99999.90 99999.90 99999.90 99999.90 99999.90 99999.90 99999.90 99999.90 99999.90 99999.90 99999.90 99999.90 99999.90 99999.90 99999.90 99999.90 99999.90 99999.90 99999.90 99999.90 99999.90 99999.90 99999.90 99999.90 99999.90 99999.90 99999.90 99999.90 99999.90 99999.90 99999.90 99999.90 99999.90 99999.90 99999.90 99999.90 99999.90 99999.90 99999.90 99999.90 99999.90 99999.90 99999.90 99999.90 99999.90 99999.90 28.35 28.35 29.40 28.68 28.68 28.68 28.68 28.68 28.68 28.68 28.68 28.68 28.68 29.64 29.64 29.87 29.30 29.65
99999.90 99999.90 99999.90 99999.90 99999.90 99999.90 99999.90 99999.90 99999.90 99999.90 99999.90 99999.90 99999.90 99999.90 99999.90 99999.90 99999.90 99999.90 99999.90 99999.90 99999.90 99999.90 99999.90 99999.90 99999.90 99999.90 99999.90 99999.90 99999.90 99999.90 99999.90 99999.90 99999.90 99999.90 99999.90 99999.90 99999.90 99999.90 99999.90 99999.90 99999.90 99999.90 99999.90 99999.90 99999.90 99999.90 99999.90 99999.90 99999.90 99999.90 99999.90 99999.90 99999.90 99999.90 99999.90 99999.90 99999.90 99999.90 99999.90 99999.90 29.74 29.40 28.68 28.68 28.68 28.68 28.68 28.68 28.68 28.68 28.68 29.64 29.64 29.64 29.30 29.30 29.22
