main/data/irradiance/24.10.2023.grid
ncols 839
nrows 679
xllcenter 112.0500
yllcenter -43.9500
cellsize 0.0500
nodata_value 99999.90
[rows 204 to 237 of 679, columns 539 to 615 of 839]
27.60 27.78 28.07 28.23 28.26 28.24 28.22 28.09 27.97 28.03 27.99 28.02 28.03 28.02 27.87 27.84 27.81 27.71 27.74 27.70 27.53 27.56 27.49 27.61 27.49 27.47 27.62 27.47 27.62 27.46 27.43 27.55 27.40 27.24 27.52 27.62 27.44 27.46 27.56 27.64 27.47 27.60 27.58 27.38 27.58 27.44 27.52 27.74 27.84 27.86 27.71 27.78 27.96 27.76 27.64 27.68 27.72 27.84 27.85 27.96 27.82 27.96 28.05 27.91 28.00 27.96 28.22 28.20 28.32 28.29 27.96 27.86 27.79 27.67 27.79 27.78 27.79
27.86 27.74 28.23 28.26 28.25 28.23 28.24 28.13 28.04 28.06 28.00 27.95 27.96 27.99 28.04 27.87 27.58 27.62 27.65 27.69 27.52 27.49 27.47 27.45 27.47 27.51 27.51 27.56 27.42 27.45 27.37 27.38 27.54 27.42 27.51 27.38 27.42 27.45 27.54 27.47 27.47 27.45 27.47 27.46 27.36 27.52 27.39 27.43 27.54 27.93 27.95 27.77 27.90 27.91 27.79 27.60 27.64 27.79 27.85 28.01 27.92 28.00 27.90 27.97 27.98 28.08 28.27 28.12 28.10 28.03 28.07 28.17 27.96 27.55 27.65 27.77 27.83
27.83 27.60 27.81 28.17 28.20 28.20 28.18 28.17 28.09 28.07 27.98 27.99 27.97 28.11 28.10 27.81 27.67 27.73 27.77 27.74 27.62 27.60 27.39 27.43 27.43 27.35 27.40 27.46 27.45 27.59 27.44 27.45 27.52 27.42 27.51 27.42 27.39 27.39 27.42 27.47 27.45 27.44 27.40 27.40 27.25 27.39 27.49 27.33 27.68 27.75 27.96 27.75 27.77 27.98 28.02 27.80 27.66 27.75 27.83 27.81 28.00 27.96 27.97 28.10 28.03 28.03 27.97 27.93 27.89 27.80 28.14 28.11 28.34 28.02 27.58 27.59 27.73
27.84 27.72 27.93 28.21 28.19 28.17 28.18 28.16 28.09 28.02 27.99 28.00 27.98 28.00 28.03 27.86 27.81 27.88 27.81 27.74 27.58 27.48 27.43 27.37 27.30 27.38 27.41 27.53 27.48 27.58 27.50 27.48 27.26 27.34 27.43 27.53 27.45 27.29 27.46 27.46 27.51 27.54 27.39 27.33 27.30 27.20 27.37 27.52 27.64 27.74 27.96 27.95 27.91 27.94 27.85 27.84 27.63 27.49 27.62 27.77 27.98 27.99 27.90 28.10 28.06 27.80 27.93 27.96 28.05 27.96 28.11 28.02 28.36 28.19 27.51 27.53 27.52
27.69 27.90 27.92 28.14 28.21 28.23 28.22 28.19 28.11 28.08 28.01 27.84 27.80 27.86 27.96 27.88 27.76 27.82 27.83 27.77 27.53 27.44 27.33 27.37 27.33 27.48 27.41 27.50 27.55 27.46 27.53 27.53 27.42 27.46 27.77 27.75 27.44 27.35 27.47 27.65 27.59 27.49 27.48 27.27 27.41 27.37 27.46 27.64 27.56 27.64 28.03 28.05 28.13 27.78 27.67 27.91 27.49 27.53 27.71 27.56 27.72 27.84 27.92 28.05 28.11 28.10 27.96 27.66 27.98 28.06 28.07 28.11 28.16 28.20 27.84 27.61 27.57
27.78 27.74 27.96 28.01 28.24 28.25 28.22 28.23 28.21 28.10 27.91 27.80 27.79 27.88 27.94 27.91 27.82 27.88 27.79 27.60 27.54 27.55 27.46 27.32 27.43 27.51 27.48 27.55 27.62 27.56 27.52 27.52 27.54 27.53 27.51 27.37 27.49 27.47 27.50 27.45 27.43 27.57 27.68 27.43 27.49 27.61 27.80 27.62 27.54 27.57 27.94 28.01 28.16 27.69 27.75 27.90 27.64 27.45 27.52 27.46 27.58 27.73 27.72 27.74 27.92 28.01 27.90 27.86 27.72 27.98 27.72 27.57 27.85 27.74 27.89 27.97 27.79
27.68 27.52 27.95 28.15 28.28 28.25 28.03 28.22 28.24 28.16 28.04 27.85 27.73 27.77 27.89 27.95 27.85 27.87 27.89 27.72 27.67 27.62 27.40 27.37 27.62 27.60 27.52 27.55 27.66 27.66 27.63 27.61 27.63 27.64 27.55 27.47 27.43 27.62 27.60 27.49 27.60 27.84 27.66 27.48 27.62 27.81 27.79 27.75 27.55 27.49 27.62 27.86 27.84 27.67 27.81 27.88 27.57 27.26 27.33 27.74 27.74 27.78 27.71 27.77 27.81 27.68 27.80 27.97 27.85 28.00 28.28 27.89 27.37 27.56 27.96 27.74 27.64
27.75 27.70 27.90 28.10 28.24 28.21 28.22 28.26 28.23 28.18 28.15 27.65 27.83 27.78 27.96 27.99 27.89 27.82 27.84 27.79 27.62 27.58 27.43 27.34 27.63 27.68 27.59 27.59 27.60 27.65 27.61 27.55 27.63 27.58 27.50 27.40 27.37 27.45 27.62 27.31 27.52 27.47 27.32 27.42 27.58 27.80 27.65 27.54 27.72 27.75 27.63 27.80 27.81 27.65 27.70 27.86 27.75 27.34 27.41 27.62 27.93 27.79 27.71 27.65 27.93 27.80 27.81 27.71 27.57 27.73 27.93 27.90 27.92 27.97 27.97 27.88 27.84
27.70 27.80 27.77 27.98 28.11 28.19 28.23 28.25 28.21 28.19 28.10 28.00 27.79 27.87 28.13 27.88 27.93 27.89 27.97 27.79 27.66 27.71 27.56 27.35 27.58 27.65 27.60 27.63 27.66 27.61 27.60 27.54 27.52 27.64 27.61 27.54 27.52 27.47 27.56 27.46 27.69 27.61 27.51 27.49 27.48 27.69 27.69 27.72 27.93 27.81 27.47 27.52 27.58 27.52 27.50 27.70 27.71 27.64 27.62 27.73 27.74 27.77 27.60 27.58 27.86 28.06 28.06 28.05 28.22 28.12 28.22 27.92 27.69 27.65 27.57 27.83 27.55
27.75 27.84 27.92 28.00 28.20 28.26 28.25 28.22 28.20 28.28 28.13 27.99 27.81 27.91 28.18 27.98 27.94 27.88 27.87 27.78 27.67 27.69 27.48 27.31 27.52 27.60 27.52 27.62 27.60 27.62 27.65 27.60 27.57 27.57 27.75 27.62 27.54 27.54 27.64 27.61 27.67 27.71 27.65 27.64 27.39 27.61 27.66 27.98 27.81 28.01 27.76 27.43 27.62 27.76 27.91 27.92 27.86 27.88 27.81 27.79 27.58 27.75 27.88 27.77 27.84 28.10 28.12 28.23 28.14 28.09 28.13 27.91 28.05 27.91 27.87 27.52 27.68
27.93 28.03 27.95 28.08 28.08 28.24 28.14 28.24 28.24 28.38 28.15 27.94 27.97 28.22 28.25 28.20 27.94 27.97 27.75 27.76 27.68 27.66 27.48 27.47 27.54 27.57 27.59 27.56 27.55 27.56 27.64 27.60 27.63 27.62 27.71 27.71 27.71 27.65 27.72 27.60 27.70 27.74 27.69 27.67 27.60 27.37 27.62 27.97 27.80 27.87 27.71 27.46 27.47 27.50 27.79 27.86 27.77 27.83 27.82 27.52 27.57 27.70 27.71 27.78 27.95 28.03 27.82 28.26 28.25 28.20 27.85 27.77 27.91 27.75 27.75 27.88 27.97
27.77 27.84 28.08 27.99 28.05 28.17 28.09 28.15 28.13 28.26 28.02 27.93 27.98 28.12 28.22 28.11 27.94 27.97 27.92 27.75 27.61 27.62 27.59 27.58 27.59 27.57 27.61 27.59 27.58 27.64 27.61 27.73 27.66 27.61 27.69 27.78 27.74 27.81 27.69 27.53 27.48 27.62 27.58 27.63 27.56 27.52 27.75 27.81 27.67 27.62 27.77 27.66 27.51 27.40 27.41 27.61 27.73 27.65 27.51 27.53 27.59 27.47 27.75 27.92 27.77 27.86 28.07 27.71 28.07 27.99 27.67 27.96 27.92 28.04 27.98 27.94 28.15
27.81 27.91 28.08 28.04 28.02 28.09 28.07 28.00 27.92 27.98 28.03 27.93 27.93 27.97 28.02 27.98 27.94 27.95 27.83 27.69 27.59 27.58 27.55 27.56 27.58 27.49 27.36 27.54 27.58 27.68 27.71 27.60 27.70 27.58 27.73 27.80 27.81 27.75 27.64 27.71 27.53 27.53 27.56 27.74 27.54 27.19 27.54 27.48 27.67 27.62 27.61 27.73 27.90 27.35 27.28 27.28 27.60 27.58 27.60 27.60 27.84 27.95 27.98 27.61 27.64 27.72 28.00 28.18 27.91 27.65 27.61 27.90 27.90 27.91 28.05 28.13 28.16
28.01 27.76 27.80 27.93 27.97 28.02 28.05 28.03 27.97 27.90 28.01 28.01 27.90 27.97 27.99 28.04 27.91 27.88 27.88 27.74 27.64 27.67 27.68 27.54 27.51 27.56 27.42 27.58 27.62 27.75 27.71 27.69 27.70 27.71 27.74 27.72 27.69 27.72 27.63 27.58 27.53 27.56 27.57 27.66 27.57 27.29 27.27 27.55 27.74 27.48 27.66 27.94 27.80 27.42 27.39 27.26 27.33 27.64 27.87 27.78 27.76 28.01 27.96 27.64 27.45 27.56 27.73 27.71 27.72 27.70 27.84 27.87 27.74 27.72 27.82 27.86 27.96
27.82 27.72 27.88 27.92 27.83 28.00 28.06 27.95 27.88 27.86 27.95 27.94 27.84 27.89 28.01 28.03 27.99 27.96 27.93 27.78 27.70 27.64 27.61 27.56 27.46 27.45 27.51 27.59 27.66 27.80 27.74 27.78 27.77 27.74 27.75 27.61 27.60 27.70 27.70 27.68 27.61 27.64 27.51 27.49 27.63 27.51 27.58 27.74 27.59 27.48 27.50 27.86 27.70 27.53 27.44 27.45 27.33 27.76 27.90 27.82 27.77 27.71 27.85 27.90 27.28 27.41 27.49 27.29 27.40 28.11 27.97 27.70 27.47 27.51 27.51 27.67 27.91
27.69 27.81 27.81 27.82 27.85 28.08 27.97 27.92 27.82 27.81 27.85 27.83 27.91 27.93 27.99 27.99 27.98 27.91 27.87 27.67 27.59 27.51 27.58 27.46 27.52 27.52 27.55 27.67 27.68 27.76 27.75 27.70 27.70 27.86 27.78 27.52 27.69 27.69 27.72 27.68 27.58 27.64 27.57 27.56 27.64 27.37 27.57 27.93 27.64 27.52 27.51 27.56 27.74 27.65 27.45 27.52 27.50 27.59 27.89 27.85 27.92 27.94 28.07 27.91 27.64 27.38 27.38 27.40 27.40 27.91 27.72 27.61 27.37 27.22 27.41 27.98 28.03
27.69 27.70 27.66 27.80 27.84 27.88 27.87 27.80 27.89 27.94 27.96 27.91 27.98 28.00 27.97 27.97 27.98 27.79 27.82 27.83 27.58 27.51 27.49 27.53 27.53 27.55 27.58 27.71 27.72 27.78 27.81 27.80 27.67 27.77 27.73 27.55 27.74 27.73 27.71 27.59 27.69 27.54 27.54 27.57 27.68 27.71 27.53 27.68 27.67 27.55 27.79 27.75 27.80 27.60 27.39 27.50 27.54 27.60 27.70 27.66 27.96 28.08 28.13 27.99 27.95 27.46 27.51 27.51 27.15 27.29 27.22 27.45 27.51 27.56 27.49 27.98 28.15
27.78 27.72 27.93 27.90 27.92 27.85 27.75 27.77 27.85 27.95 27.92 27.91 27.87 27.90 27.93 27.99 27.88 27.77 27.81 27.78 27.53 27.42 27.58 27.45 27.52 27.52 27.63 27.76 27.84 27.81 27.73 27.61 27.49 27.64 27.68 27.56 27.72 27.69 27.69 27.68 27.70 27.76 27.67 27.72 27.67 27.84 27.66 27.62 27.67 27.58 27.80 27.75 27.78 27.47 27.61 27.72 27.61 27.76 27.66 27.76 28.19 28.22 28.12 27.97 28.05 27.64 27.59 27.46 27.36 27.34 27.45 27.53 27.58 27.51 27.55 28.06 28.03
28.08 27.98 28.05 27.92 27.83 27.69 27.64 27.83 27.84 27.88 27.84 27.76 27.68 27.76 27.84 27.91 27.86 27.72 27.65 27.55 27.44 27.48 27.46 27.46 27.42 27.50 27.65 27.75 27.86 27.81 27.74 27.64 27.63 27.68 27.70 27.63 27.77 27.69 27.62 27.73 27.68 27.52 27.57 27.71 27.64 27.73 27.52 27.92 27.60 27.63 27.89 27.87 27.69 27.68 27.90 27.79 27.72 27.79 27.75 27.61 28.09 28.06 28.10 27.93 27.76 27.60 27.50 27.47 27.62 27.57 27.44 27.66 27.64 27.77 27.87 27.97 27.98
28.05 27.99 27.80 27.74 27.74 27.66 27.63 27.73 27.71 27.80 27.78 27.68 27.53 27.62 27.74 27.85 27.72 27.74 27.61 27.50 27.60 27.58 27.58 27.63 27.60 27.52 27.76 27.80 27.80 27.83 27.73 27.79 27.76 27.62 27.57 27.65 27.78 27.64 27.60 27.69 27.74 27.68 27.66 27.59 27.58 27.48 27.59 27.72 27.72 27.62 27.69 27.97 27.93 27.81 27.60 27.55 27.72 27.74 27.61 27.39 27.68 27.83 27.96 27.70 27.41 27.32 27.42 27.33 27.44 27.50 27.49 27.56 27.61 27.72 27.83 28.06 28.04
28.07 28.08 27.85 27.70 27.77 27.59 27.63 27.70 27.75 27.82 27.79 27.67 27.63 27.63 27.61 27.66 27.57 27.73 27.67 27.65 27.63 27.61 27.73 27.71 27.54 27.54 27.68 27.78 27.81 27.78 27.84 27.86 27.75 27.71 27.66 27.65 27.74 27.60 27.65 27.68 27.63 27.84 27.69 27.76 27.58 27.67 27.64 27.65 27.63 27.76 27.81 27.71 27.81 27.78 27.73 27.45 27.52 27.73 27.46 27.29 27.81 27.96 27.85 27.78 27.51 27.26 27.13 27.59 27.73 27.52 27.50 27.70 27.87 27.97 27.77 27.80 27.88
28.21 28.16 28.10 27.95 27.85 27.61 27.62 27.67 27.80 27.76 27.70 27.61 27.58 27.48 27.54 27.61 27.70 27.71 27.71 27.70 27.63 27.67 27.77 27.77 27.65 27.54 27.67 27.72 27.76 27.83 27.80 27.79 27.75 27.71 27.74 27.63 27.71 27.70 27.72 27.67 27.63 27.82 27.71 27.64 27.66 27.58 27.79 27.68 27.58 27.69 27.73 27.78 27.76 27.77 27.88 27.44 27.36 27.49 27.49 27.42 27.34 27.74 27.82 27.73 27.64 27.46 27.25 27.38 27.43 27.34 27.53 27.80 27.95 27.99 27.59 27.49 27.91
28.17 28.17 27.95 27.88 27.87 27.71 27.81 27.83 27.77 27.53 27.68 27.66 27.55 27.52 27.67 27.77 27.68 27.71 27.74 27.73 27.69 27.66 27.69 27.65 27.59 27.54 27.58 27.70 27.70 27.72 27.73 27.61 27.79 27.72 27.67 27.66 27.68 27.73 27.76 27.64 27.72 27.75 27.74 27.76 27.61 27.59 27.74 27.48 27.46 27.54 27.54 27.71 27.68 27.69 27.67 27.57 27.43 27.40 27.56 27.42 27.52 27.66 27.78 27.81 27.71 27.66 27.28 27.01 27.12 27.24 27.48 27.64 27.63 27.72 27.65 27.52 27.74
28.01 27.99 27.86 27.88 27.97 27.89 27.80 27.82 27.72 27.67 27.74 27.73 27.64 27.71 27.75 27.76 27.68 27.71 27.76 27.73 27.83 27.80 27.77 27.62 27.53 27.67 27.63 27.77 27.79 27.70 27.68 27.67 27.73 27.76 27.73 27.67 27.68 27.76 27.87 27.81 27.97 28.02 27.91 27.67 27.72 27.81 27.85 27.67 27.58 27.42 27.42 27.60 27.78 27.57 27.54 27.53 27.70 27.49 27.57 27.37 27.21 27.35 27.54 27.62 27.61 27.45 27.13 27.10 27.18 27.36 27.44 27.66 27.68 27.78 27.72 27.71 27.60
27.91 27.86 27.77 27.84 27.93 27.91 27.87 27.81 27.79 27.73 27.73 27.80 27.68 27.74 27.70 27.63 27.56 27.58 27.59 27.71 27.83 27.73 27.54 27.54 27.56 27.67 27.62 27.81 27.75 27.69 27.69 28.15 28.13 27.81 27.72 27.74 27.67 27.71 27.78 27.83 27.75 27.83 27.83 27.58 27.81 27.95 27.83 27.88 27.75 27.56 27.66 27.46 27.65 27.58 27.37 27.33 27.61 27.45 27.52 27.38 27.08 27.22 27.32 27.29 27.46 27.44 27.52 27.37 27.41 27.25 27.38 27.60 27.65 27.88 27.97 27.79 27.78
27.87 27.87 27.90 27.90 27.93 27.97 27.87 27.83 27.80 27.82 27.75 27.77 27.73 27.79 27.65 27.46 27.61 27.61 27.50 27.54 27.77 27.81 27.64 27.47 27.57 27.76 27.70 27.86 27.73 27.76 27.94 28.07 28.07 28.06 27.91 27.83 27.71 27.68 27.76 27.81 27.79 27.80 27.79 27.75 27.75 27.96 27.81 27.84 27.72 27.78 27.61 27.53 27.78 27.88 27.44 27.37 27.52 27.38 27.32 27.21 27.06 27.17 27.58 27.31 27.32 27.37 27.49 27.43 27.48 27.61 27.41 27.43 27.46 27.69 27.60 27.60 27.59
28.01 27.99 28.18 28.03 27.81 27.79 27.76 27.77 27.81 27.77 27.75 27.85 27.75 27.76 27.69 27.49 27.57 27.67 27.59 27.58 27.58 27.62 27.46 27.54 27.57 27.65 27.71 27.80 27.81 27.86 27.98 28.12 28.06 28.15 28.06 27.76 27.78 27.80 27.76 27.86 27.82 27.80 27.92 27.90 27.87 27.89 27.85 27.84 27.80 27.92 27.58 27.55 27.72 27.86 27.72 27.62 27.55 27.48 27.24 27.31 27.32 27.37 27.30 27.31 27.33 27.38 27.36 27.25 27.40 27.57 27.39 27.31 27.66 27.69 27.58 27.54 27.51
28.10 28.05 28.01 27.97 27.91 27.83 27.75 27.71 27.72 27.69 27.74 27.81 27.66 27.71 27.60 27.58 27.39 27.42 27.38 27.70 27.54 27.52 27.49 27.71 27.79 27.66 27.69 27.74 27.85 27.94 28.17 28.16 28.11 28.03 28.07 27.82 27.83 27.74 27.67 27.80 27.68 27.90 27.89 27.76 27.71 27.72 27.83 27.82 27.86 27.87 27.83 27.68 27.73 27.60 27.50 27.39 27.39 27.36 27.35 27.31 27.45 27.35 27.24 27.41 27.38 27.29 27.34 27.26 27.32 27.34 27.30 27.35 27.53 27.70 27.79 27.63 27.63
28.15 28.13 28.09 28.06 27.90 27.83 27.79 27.77 27.79 27.80 27.82 27.78 27.65 27.62 27.66 27.64 27.54 27.37 27.39 27.61 27.44 27.49 27.66 27.79 27.83 27.85 27.76 27.76 27.80 27.85 28.18 28.13 28.18 28.16 28.04 27.83 27.82 27.85 27.73 27.75 27.68 27.91 27.89 27.91 27.74 27.82 27.81 27.79 27.78 27.79 27.75 27.75 27.72 27.69 27.43 27.62 27.54 27.63 27.58 27.38 27.54 27.37 27.12 27.12 27.37 27.44 27.44 27.47 27.32 27.39 27.34 27.44 27.54 27.60 27.86 27.77 27.63
28.13 28.05 27.94 27.89 27.85 27.85 27.85 27.73 27.84 27.84 27.83 27.62 27.55 27.56 27.58 27.65 27.60 27.29 27.61 27.55 27.43 27.61 27.49 27.63 27.72 27.84 27.79 27.82 27.77 27.87 28.18 27.84 28.11 28.08 27.87 27.86 27.83 27.75 27.84 27.74 27.87 27.91 27.85 27.81 27.81 27.83 27.83 27.84 27.75 27.78 27.76 27.74 27.56 27.60 27.44 27.41 27.57 27.67 27.49 27.48 27.40 27.35 27.33 27.43 27.25 27.40 27.45 27.40 27.32 27.27 27.26 27.32 27.35 27.64 27.82 27.83 27.61
28.04 27.95 27.78 27.74 27.85 27.85 27.80 27.81 27.76 27.83 27.84 27.65 27.66 27.52 27.69 27.79 27.78 27.39 27.55 27.68 27.31 26.83 27.03 27.35 27.53 27.75 27.61 27.78 27.84 27.95 28.05 27.96 28.01 28.01 27.88 27.89 27.76 27.74 27.77 27.93 27.89 27.87 27.92 27.90 27.81 27.89 27.88 27.83 27.84 27.70 27.72 27.67 27.72 27.67 27.43 27.41 27.68 27.35 27.27 27.47 27.29 27.20 27.20 27.35 27.35 27.31 27.33 27.38 27.37 27.47 27.40 27.38 27.44 27.58 27.66 27.80 27.77
27.93 27.91 27.87 27.84 27.87 27.87 27.86 27.86 27.79 27.73 27.77 27.74 27.80 27.58 27.65 27.75 27.62 27.46 27.51 27.62 27.44 26.82 26.78 27.20 27.34 27.53 27.66 27.73 27.92 27.90 27.95 28.08 28.03 27.99 27.94 27.78 27.84 27.79 27.75 28.17 28.00 27.87 27.90 27.87 27.91 27.90 27.84 27.81 27.80 27.74 27.84 27.74 27.81 27.60 27.51 27.68 27.74 27.54 27.63 27.48 27.24 27.22 27.44 27.41 27.42 27.47 27.30 27.40 27.51 27.64 27.63 27.38 27.49 27.43 27.49 27.76 27.94
27.90 27.86 27.86 28.01 27.95 27.92 27.81 27.80 27.76 27.75 27.73 27.81 27.60 27.49 27.44 27.78 27.59 27.57 27.55 27.44 27.32 27.06 27.00 27.31 27.69 27.65 27.67 27.77 27.74 27.84 27.92 27.91 27.91 27.87 27.88 27.78 27.85 27.90 27.85 27.99 27.99 27.91 27.93 27.86 27.86 27.89 27.88 27.77 27.78 27.80 27.80 27.77 27.76 27.74 27.63 27.77 27.80 27.72 27.78 27.58 27.45 27.50 27.53 27.52 27.36 27.37 27.36 27.36 27.76 27.38 27.62 27.45 27.53 27.42 27.37 27.54 27.63
27.92 27.85 27.86 27.93 27.97 27.91 27.79 27.88 27.78 27.79 27.80 27.86 27.67 27.58 27.43 27.53 27.67 27.54 27.71 27.71 27.25 27.12 27.24 27.30 27.41 27.81 27.80 27.71 27.72 27.83 27.86 27.86 27.94 27.91 27.88 27.97 28.03 27.97 27.85 28.09 28.00 27.95 27.86 27.83 27.85 27.88 27.86 27.80 27.85 27.81 27.81 27.84 27.82 27.76 27.73 27.72 27.82 27.80 27.72 27.66 27.59 27.63 27.81 27.52 27.34 27.42 27.26 27.28 27.53 27.52 27.52 27.43 27.56 27.60 27.45 27.50 27.61
