main/data/irradiance/24.12.2023.grid
ncols 839
nrows 679
xllcenter 112.0500
yllcenter -43.9500
cellsize 0.0500
nodata_value 99999.90
[rows 408 to 441 of 679, columns 462 to 538 of 839]
31.90 31.96 31.91 31.92 31.97 31.93 31.89 31.95 31.95 31.82 31.84 31.71 31.60 31.38 31.26 31.30 31.63 31.79 31.82 31.72 31.65 31.76 31.73 31.55 31.72 31.82 31.90 31.86 31.54 31.46 31.80 31.85 31.64 31.72 31.75 31.33 31.73 31.67 31.62 31.76 31.76 31.69 31.54 31.13 29.96 28.91 28.22 29.86 27.76 27.39 27.62 29.56 31.45 31.46 31.57 31.67 31.71 31.46 31.69 31.77 31.76 31.80 31.72 31.58 31.60 31.56 31.55 31.42 31.58 31.58 31.44 31.74 31.78 31.78 31.37 31.01 31.12
31.91 31.94 31.96 31.98 31.97 31.98 32.00 31.96 31.90 31.83 31.75 31.68 31.57 31.44 31.25 31.22 31.37 31.56 31.57 31.49 31.60 31.57 31.92 31.92 31.85 31.88 31.90 31.91 31.73 31.61 31.83 31.83 31.94 31.86 31.78 31.43 31.52 31.76 31.85 31.63 31.81 31.54 31.17 31.13 29.41 27.58 29.30 29.80 30.45 27.45 28.22 28.48 30.10 31.45 31.48 31.73 31.70 31.75 31.62 31.75 31.69 31.73 31.76 31.59 31.63 31.35 31.24 31.63 31.37 31.63 31.62 31.65 31.75 31.84 31.63 30.94 30.49
31.92 31.94 31.96 31.97 31.98 31.99 32.00 31.92 31.96 31.94 31.80 31.78 31.60 31.50 31.49 31.46 31.42 31.48 31.25 31.36 31.43 31.56 31.79 31.60 31.83 31.82 31.85 31.83 31.82 31.77 31.73 31.74 31.85 31.84 31.74 31.74 31.44 31.30 30.93 30.92 31.43 31.24 31.13 31.23 31.38 31.41 32.27 27.81 31.64 31.56 30.14 26.56 27.67 29.10 29.94 31.53 31.73 31.56 31.69 31.59 31.71 31.48 31.77 31.66 31.80 31.64 31.20 31.31 31.62 31.67 31.71 31.30 31.73 31.71 31.62 31.48 31.01
31.99 31.98 31.90 31.94 31.97 31.98 32.00 31.98 31.90 31.96 31.88 31.71 31.61 31.55 31.47 31.43 31.51 31.41 31.26 31.25 31.41 31.31 31.82 31.46 31.66 31.71 31.73 31.74 31.83 31.47 31.62 31.84 31.88 31.91 31.86 31.89 31.80 31.71 31.57 31.83 31.47 31.56 31.81 31.86 31.34 28.79 28.38 27.08 28.64 26.47 27.50 27.33 27.41 26.48 27.92 31.41 31.70 31.29 31.41 31.66 31.68 31.62 31.44 31.16 31.77 31.71 31.51 31.62 31.81 31.74 31.58 31.60 31.57 31.65 31.75 31.63 31.76
31.90 31.55 31.70 31.91 31.97 31.98 31.97 31.96 31.85 31.89 31.94 31.92 31.79 31.66 31.56 31.69 31.66 31.55 31.51 31.53 31.09 31.19 31.30 31.44 31.43 31.68 31.41 31.64 31.83 31.77 31.83 31.66 31.49 31.94 31.90 31.90 31.87 31.83 31.83 31.82 31.67 31.89 31.85 31.68 31.13 31.42 32.06 27.42 24.85 25.93 26.78 28.11 28.78 29.88 26.80 31.18 31.75 31.49 31.29 31.60 31.72 31.77 31.76 31.49 31.87 31.72 31.84 31.88 31.90 31.89 31.74 31.53 31.61 31.54 31.78 31.81 31.70
32.04 31.53 31.41 31.57 31.93 31.98 31.97 31.98 32.03 31.96 31.95 31.96 31.93 31.82 31.72 31.74 31.82 31.80 31.72 31.62 31.61 31.35 31.32 31.16 31.26 31.22 31.15 31.57 31.84 31.92 31.63 31.66 31.77 31.70 31.81 31.56 31.72 31.63 31.41 31.46 31.58 31.84 31.68 31.80 31.47 31.32 32.06 32.20 27.48 25.34 28.97 28.78 30.89 32.21 27.20 28.19 31.56 31.84 31.74 31.67 31.89 31.81 31.90 31.91 31.88 31.72 31.96 31.92 31.94 31.91 31.87 31.89 31.74 31.68 31.75 31.73 31.51
32.00 32.00 31.83 31.85 31.94 31.80 31.94 31.96 31.95 31.97 31.96 31.95 31.94 31.85 31.85 31.84 31.82 31.76 31.82 31.72 31.85 31.41 31.60 31.35 31.04 31.16 31.45 31.15 31.49 31.55 31.36 31.23 31.58 31.76 31.92 31.71 31.70 31.48 31.44 30.98 31.62 31.81 31.90 31.99 31.45 31.73 32.03 31.61 31.95 32.03 30.40 30.00 30.25 32.50 32.10 29.12 31.73 32.05 32.03 31.99 32.05 31.95 31.92 31.89 31.75 31.56 31.61 31.84 31.90 31.84 31.75 31.75 31.67 31.78 31.77 31.80 31.42
31.98 32.00 31.89 31.91 31.99 31.96 31.95 31.92 31.96 31.97 31.96 31.95 31.94 31.87 31.86 31.95 32.02 31.87 31.84 31.88 31.79 31.51 31.52 31.59 31.38 31.58 31.38 31.47 31.53 31.73 31.70 31.10 31.02 31.41 31.41 31.20 31.35 31.78 31.08 31.24 31.43 31.26 31.83 31.92 30.84 31.14 31.93 31.63 31.90 32.22 32.28 30.26 31.62 32.46 32.32 31.75 31.94 32.14 32.13 32.11 32.07 31.97 31.85 31.79 31.91 31.78 31.79 31.78 31.90 31.87 31.83 31.81 31.72 31.70 31.77 31.85 31.73
32.00 32.02 32.01 31.87 31.90 31.42 31.59 31.88 31.92 31.96 31.96 31.96 31.96 31.93 31.97 32.05 32.02 32.05 32.12 31.91 31.83 31.55 31.57 31.66 31.69 31.74 31.76 31.65 31.55 31.22 31.21 31.51 31.27 31.08 31.61 31.15 31.02 31.19 31.15 31.81 31.81 31.51 31.76 31.92 31.35 31.79 31.82 31.32 30.35 31.69 32.35 32.21 32.12 32.46 32.47 32.33 31.89 31.79 31.77 31.51 31.88 31.77 31.77 31.82 31.82 31.88 31.88 31.90 31.92 31.88 31.82 31.74 31.78 31.73 31.79 31.80 31.85
31.96 31.98 31.97 31.97 31.96 32.01 31.87 31.91 31.92 31.72 31.89 31.70 31.63 31.86 31.94 31.98 31.96 32.00 32.14 31.92 31.89 31.90 31.63 31.55 31.64 31.72 31.84 31.76 31.63 31.65 31.58 31.73 31.53 31.05 31.23 30.79 31.38 31.27 31.55 31.31 31.52 31.66 31.62 30.98 31.11 31.88 31.65 30.53 31.74 32.29 32.10 27.67 30.23 31.65 32.24 31.76 28.73 30.66 31.80 31.18 31.51 31.90 31.80 31.86 31.82 31.68 31.83 31.83 31.83 31.75 31.79 31.67 31.73 31.62 31.52 31.75 31.61
31.93 31.69 32.02 32.04 32.05 32.02 32.04 32.03 32.01 31.99 31.92 31.92 31.97 31.98 31.96 31.96 31.97 31.92 31.96 32.01 31.98 31.99 31.96 31.82 31.86 31.95 31.86 31.94 31.71 31.55 31.57 31.64 31.96 31.73 31.63 31.35 31.48 31.55 31.60 31.67 31.38 31.38 31.14 30.00 30.18 31.13 31.37 30.20 31.20 31.60 31.97 31.91 29.38 29.99 29.96 30.27 27.58 28.25 30.80 31.21 31.28 31.72 31.73 31.63 31.87 31.83 31.95 31.83 31.86 31.80 31.58 31.71 31.70 31.67 31.61 31.77 31.91
31.85 28.87 29.62 30.22 30.37 32.03 32.01 32.03 32.04 32.07 32.04 32.04 31.99 32.03 31.88 31.93 31.93 31.88 31.90 31.99 32.01 31.99 32.13 31.83 32.01 32.00 31.94 31.95 31.86 31.93 31.99 31.65 31.73 31.57 31.62 31.77 31.54 31.66 31.50 31.62 31.62 31.51 31.24 31.32 30.99 30.82 30.51 30.74 30.39 30.91 31.50 31.53 30.56 31.21 30.21 28.99 26.50 25.88 30.34 31.17 30.44 30.73 31.50 31.55 31.48 31.58 31.94 31.24 31.48 31.60 31.50 31.51 31.43 31.47 31.49 31.71 31.92
31.62 29.49 30.29 29.76 30.52 31.46 32.05 32.07 32.04 32.05 32.05 32.07 32.09 32.07 32.03 32.04 32.07 32.06 32.00 32.00 31.97 31.93 32.17 32.03 31.21 31.28 31.90 31.94 31.95 31.99 32.01 31.96 31.96 31.76 31.72 31.76 31.37 31.01 31.29 31.25 31.59 31.69 31.51 31.42 31.21 31.36 31.29 31.13 30.68 30.15 30.64 31.34 29.75 29.87 31.36 29.31 26.28 25.44 29.42 31.45 31.35 31.49 31.67 31.39 31.46 31.64 31.87 31.43 30.99 31.01 31.35 31.50 31.48 31.52 31.51 31.69 31.83
30.47 31.43 32.29 31.42 31.33 30.82 25.68 28.18 31.44 32.01 32.00 32.02 32.03 32.05 32.06 32.06 32.03 32.01 31.99 31.99 31.98 31.88 32.01 31.97 26.82 26.49 31.78 31.80 31.97 32.06 32.01 31.93 31.96 31.97 31.94 32.03 31.71 31.63 31.85 31.96 31.87 31.86 31.53 31.51 31.37 31.39 31.09 31.18 31.10 30.46 30.89 29.78 30.43 31.20 30.62 29.58 26.25 25.90 28.27 30.80 31.56 31.08 31.10 31.80 31.67 31.89 31.84 31.80 31.46 31.27 31.22 31.71 31.64 31.70 31.75 31.59 31.56
30.97 32.22 31.85 31.62 31.75 30.94 26.46 24.41 30.74 32.07 32.03 31.99 32.00 32.00 31.98 32.02 32.02 32.08 32.00 32.02 31.99 32.03 32.05 32.02 28.15 32.54 32.05 31.79 32.03 32.01 31.98 32.02 31.94 31.95 32.00 31.89 31.95 31.90 31.88 31.94 31.97 31.98 31.71 31.94 31.80 31.92 31.45 31.40 31.84 32.04 29.81 28.53 31.84 31.74 30.94 30.44 27.13 26.59 27.53 29.34 31.54 31.52 30.68 31.52 31.43 31.50 31.84 31.82 31.71 31.57 31.78 31.73 31.66 31.82 31.90 31.73 31.56
30.99 31.43 31.68 31.73 31.89 31.31 30.42 32.13 28.35 30.38 31.90 31.83 32.10 32.05 32.03 32.05 31.64 32.03 32.08 32.00 32.04 32.00 32.08 32.08 31.84 32.50 32.11 31.56 31.82 31.98 31.97 32.00 31.97 31.98 31.87 31.79 31.82 31.99 31.84 31.95 32.00 31.90 31.74 32.03 31.98 32.06 31.94 31.93 31.73 31.65 31.62 31.80 31.93 32.22 32.22 31.32 29.03 27.03 25.80 27.75 30.96 31.23 31.18 31.39 31.33 30.97 31.38 31.78 31.51 31.63 31.80 31.78 31.82 31.82 31.90 31.95 31.93
30.29 31.48 31.48 31.70 31.73 31.82 30.15 32.50 32.64 32.55 32.41 32.51 32.32 32.30 31.32 32.14 30.64 30.80 30.82 30.83 31.72 32.04 31.89 32.04 32.11 32.21 31.89 31.66 32.00 32.00 31.98 32.00 31.99 31.96 31.91 31.82 31.87 31.82 31.95 31.91 31.14 31.91 31.87 31.87 31.73 31.91 31.97 31.83 31.74 31.66 32.03 32.04 31.91 32.13 32.10 32.03 29.57 27.74 26.41 28.33 31.62 31.72 31.57 31.59 31.26 31.64 31.65 31.65 31.82 31.78 31.54 31.78 31.79 31.82 31.83 31.84 31.99
30.84 31.34 31.19 31.54 31.50 31.77 31.69 32.01 32.42 32.71 32.69 32.64 32.44 32.56 32.49 32.41 32.10 29.90 30.76 31.12 31.89 32.11 31.60 31.52 31.88 31.98 32.17 32.23 29.08 28.75 31.60 31.94 31.96 32.04 31.99 32.01 31.90 31.98 32.00 31.61 30.72 31.82 31.74 31.61 31.79 31.84 31.91 31.81 31.83 31.82 31.69 31.70 31.84 32.13 31.87 30.46 29.23 30.58 25.80 26.24 31.41 31.33 31.48 31.60 31.65 31.64 31.72 31.84 31.80 31.72 31.75 31.72 31.76 31.75 31.90 31.96 31.74
30.07 30.95 31.03 31.06 31.20 31.50 31.40 31.64 32.01 32.65 32.60 32.53 32.54 32.41 32.49 32.50 27.91 27.66 28.56 31.44 31.75 31.18 30.60 31.15 31.65 31.78 31.98 32.19 30.86 29.02 29.95 29.16 29.16 31.80 31.99 32.06 32.02 31.99 32.07 32.25 31.71 31.81 31.22 31.81 31.51 31.88 31.92 31.85 31.88 31.80 31.81 31.74 31.68 31.90 30.68 28.89 29.01 31.03 26.66 26.24 31.35 31.55 31.49 31.70 31.69 31.57 31.70 31.84 31.85 31.86 31.82 31.88 31.88 31.90 31.94 31.96 31.92
31.27 30.00 30.32 30.10 29.83 30.75 31.00 31.33 30.44 31.02 30.94 30.74 29.74 28.48 28.76 32.57 31.51 28.80 28.55 30.78 31.54 31.37 30.62 30.58 30.62 30.90 30.84 28.35 32.27 32.01 27.19 27.32 25.76 29.30 31.58 31.35 31.31 31.87 32.03 32.17 31.92 31.88 30.51 31.68 31.92 32.03 32.04 31.96 31.98 31.95 31.77 31.76 31.93 31.99 31.79 29.21 28.70 28.89 25.96 28.77 31.57 31.73 31.84 31.87 31.74 31.74 31.70 32.04 31.83 31.76 31.79 31.80 31.77 31.84 31.91 31.97 31.96
30.39 30.34 29.57 29.32 30.91 31.27 31.22 31.25 31.42 29.25 24.22 24.48 24.15 24.93 24.06 27.30 29.69 25.87 26.27 29.75 31.72 31.45 31.16 31.18 30.77 31.13 31.11 29.76 30.56 29.61 28.69 29.49 32.30 32.17 31.10 30.68 31.26 31.50 31.84 32.01 31.92 32.22 31.63 31.78 31.88 31.80 32.08 32.00 32.04 32.07 31.95 31.81 32.08 32.01 31.86 31.90 29.85 28.85 29.86 31.50 31.88 31.51 31.85 31.80 31.87 31.93 31.83 31.79 31.86 31.80 31.79 31.74 31.81 31.85 31.89 31.94 31.95
30.34 31.47 30.58 30.59 30.24 31.10 31.43 31.52 31.57 26.61 32.62 30.84 26.79 27.78 26.29 27.98 29.95 25.71 24.75 27.10 31.48 31.95 31.82 32.10 31.97 31.97 31.77 30.38 31.52 32.19 32.64 32.70 32.46 32.14 30.78 31.51 31.56 31.38 31.77 31.81 31.96 32.23 32.33 31.62 31.67 31.89 32.07 31.99 32.07 31.98 31.83 31.96 32.23 32.32 31.91 32.18 30.27 29.52 31.44 31.62 31.84 31.78 31.76 31.46 31.51 31.76 31.79 31.75 31.83 31.85 31.88 31.89 31.85 31.90 31.85 31.96 32.06
30.56 30.89 30.57 30.77 30.77 30.86 30.95 31.49 31.62 31.04 32.64 31.69 28.33 32.46 32.60 32.56 32.53 32.42 30.15 26.37 27.76 32.01 32.05 32.05 32.03 31.96 31.99 31.83 32.18 32.02 32.14 32.44 32.46 31.89 30.91 31.55 32.00 31.91 31.97 31.88 31.99 32.32 32.42 31.47 31.68 31.76 31.98 32.00 32.07 32.01 32.00 31.83 32.24 30.23 30.40 30.03 31.58 31.68 31.86 31.72 31.40 31.70 31.92 31.39 31.61 31.63 31.78 31.72 31.54 31.76 31.90 31.94 31.95 31.96 31.98 32.05 32.04
30.38 30.56 30.43 30.94 30.99 30.63 30.90 31.18 31.52 31.54 32.57 31.33 31.79 32.35 32.71 32.57 30.55 32.68 32.56 32.12 25.87 27.76 31.44 32.02 32.00 32.00 31.96 32.02 32.01 32.09 32.05 28.90 29.63 31.82 31.70 32.02 31.86 31.96 31.91 32.02 32.00 31.71 31.44 30.95 31.73 31.67 31.83 31.95 31.96 32.06 31.69 32.18 32.01 30.15 29.23 30.53 31.62 31.61 31.68 31.88 32.02 31.88 31.84 31.89 31.72 31.55 31.72 31.61 31.63 31.84 31.84 31.93 32.01 32.00 31.98 32.01 32.01
29.76 29.97 30.35 30.44 31.03 31.05 31.17 31.44 31.71 31.71 31.76 31.59 31.66 31.75 32.64 32.41 29.94 27.68 28.37 32.67 32.45 27.08 31.40 31.97 32.04 32.05 32.04 32.08 32.18 32.02 32.11 31.89 31.72 31.81 32.08 32.00 32.00 32.00 31.89 31.98 31.81 32.02 32.23 32.05 31.85 31.61 31.77 31.77 31.91 32.10 31.96 32.27 31.81 30.33 28.86 31.51 31.14 31.79 31.52 31.76 32.00 32.00 31.87 31.83 31.61 31.61 31.62 31.74 31.79 31.82 31.75 31.85 32.01 32.03 32.04 32.01 32.01
29.65 29.76 29.78 30.29 30.57 30.90 31.22 31.67 31.69 31.81 31.66 31.69 31.57 32.09 32.54 32.29 30.58 27.55 27.93 32.26 32.66 31.59 31.74 31.91 31.97 31.95 31.96 32.04 32.18 32.22 31.94 31.80 31.72 31.94 31.88 31.37 31.54 31.63 31.84 31.91 31.88 31.92 32.12 31.95 31.96 31.96 31.77 31.95 32.01 32.10 31.68 32.22 31.72 29.47 31.36 31.03 30.41 30.93 31.50 31.77 31.87 31.97 31.72 31.53 31.43 30.96 31.31 31.55 31.87 31.76 31.86 31.91 31.94 32.01 31.96 31.86 31.95
28.96 29.17 29.38 29.94 31.16 30.62 30.84 31.10 31.31 31.69 31.66 31.74 31.64 31.65 32.24 32.42 30.06 28.51 30.52 31.34 32.59 32.52 31.58 32.01 32.05 31.77 32.02 31.76 32.04 32.11 31.86 31.71 31.44 31.99 32.25 31.48 31.16 31.95 31.38 31.34 30.97 31.69 31.94 31.87 31.95 31.94 31.84 31.60 31.98 32.00 31.55 32.20 32.03 30.63 31.86 31.62 30.76 31.17 30.84 31.40 31.77 31.79 31.47 31.79 31.44 31.32 31.41 31.79 31.65 31.81 31.89 31.85 31.93 32.01 32.00 32.00 32.03
29.09 29.25 29.73 29.46 29.26 29.84 30.55 30.52 31.00 31.09 31.70 31.73 31.56 31.45 31.06 31.05 31.79 31.67 28.05 26.71 29.61 31.87 31.64 31.96 31.98 31.90 32.04 31.86 31.75 32.14 31.67 31.82 31.66 31.78 31.87 31.86 31.72 31.83 31.46 32.07 29.97 31.24 31.69 31.53 31.82 31.67 31.99 31.43 32.08 32.11 32.08 31.33 30.93 31.37 31.15 31.41 31.46 31.26 31.48 31.91 31.67 31.74 31.73 31.60 31.69 31.71 31.58 31.70 31.51 31.89 31.90 31.94 31.84 31.94 31.88 32.01 32.03
28.79 28.42 29.39 29.13 28.78 29.24 30.37 30.31 30.48 31.03 30.91 31.47 31.36 31.19 30.89 31.10 31.00 30.86 31.39 27.90 24.88 31.13 32.14 31.87 31.87 31.70 31.94 31.90 31.95 32.17 32.10 31.75 31.62 31.58 31.75 31.87 31.76 31.87 31.50 31.20 31.08 31.27 31.40 31.49 31.71 31.46 31.24 30.68 31.52 31.12 31.43 30.45 29.46 31.22 30.87 30.54 31.73 31.38 31.54 31.67 31.25 31.40 31.42 31.53 31.88 31.77 31.66 31.66 31.63 31.53 31.77 31.88 31.77 31.84 31.89 31.77 31.86
29.27 29.43 29.25 28.55 29.15 29.80 29.60 29.60 30.51 30.53 30.94 31.06 31.26 31.13 31.17 30.70 30.66 30.11 31.39 31.58 27.57 32.09 32.51 31.01 31.23 31.25 31.57 31.47 31.71 31.73 32.07 30.39 30.81 30.46 31.18 31.65 31.13 31.37 31.47 31.19 31.41 30.75 31.18 31.29 31.17 31.43 30.36 30.79 30.79 30.67 30.54 31.51 29.60 30.18 30.61 30.74 31.52 31.85 31.62 31.76 31.06 31.39 31.60 31.51 31.67 31.77 31.62 31.77 31.83 31.57 31.89 31.77 31.44 31.99 31.97 31.99 31.96
29.62 29.09 29.08 28.50 29.67 28.15 28.78 29.05 29.86 30.05 30.22 30.67 30.89 30.84 30.50 30.80 29.85 29.91 31.97 32.21 32.44 32.60 32.47 31.70 30.71 30.88 30.89 30.92 31.40 31.44 31.99 30.29 29.68 29.79 30.20 31.43 31.12 31.27 31.57 31.26 31.16 31.04 31.32 30.89 31.39 30.17 30.88 30.26 30.95 30.54 31.12 29.94 30.21 30.77 28.92 30.33 31.01 31.21 31.46 31.60 31.10 31.67 31.48 31.46 31.17 31.91 31.65 31.71 31.76 31.88 31.63 31.47 31.80 31.88 32.01 31.90 32.06
29.00 28.61 28.60 28.83 29.89 30.25 28.13 28.39 29.04 30.26 29.70 30.05 29.80 29.91 30.39 29.94 29.76 31.47 32.34 32.38 31.91 32.44 32.41 31.52 31.03 30.71 30.19 30.38 30.75 31.06 32.06 30.50 29.98 29.99 30.59 30.76 30.75 31.01 31.10 30.96 30.66 31.09 31.20 30.82 30.38 31.29 30.45 30.81 30.51 30.69 29.75 29.46 29.67 29.58 29.70 30.97 30.77 31.56 31.61 30.90 31.39 30.66 31.57 31.66 31.78 31.54 31.58 31.57 31.72 31.84 31.45 31.69 31.93 31.97 31.81 31.57 32.01
28.53 27.95 28.56 28.66 29.92 29.87 27.97 29.03 29.61 30.33 30.37 30.13 29.67 29.12 28.93 28.83 28.41 30.55 32.05 27.90 28.32 30.57 31.86 30.35 30.91 30.45 30.32 30.09 30.19 30.73 30.73 30.85 30.52 29.91 30.25 30.61 30.40 30.93 30.65 30.98 31.05 31.21 30.42 30.63 30.78 30.42 30.63 30.04 30.19 30.20 29.97 29.38 29.41 30.26 29.46 30.94 31.77 31.73 31.01 31.19 31.36 31.01 31.28 31.74 31.76 31.55 31.82 31.94 31.76 31.60 31.69 31.93 31.97 31.95 31.87 31.95 31.56
28.92 28.93 28.65 29.10 29.81 29.61 28.46 29.52 29.97 29.86 29.56 30.00 29.63 29.46 29.13 27.33 31.27 30.97 31.51 31.70 32.36 32.44 32.31 30.02 30.37 30.27 30.00 30.19 30.08 29.49 30.12 30.42 30.02 29.36 29.68 30.54 30.04 30.63 30.51 31.10 31.33 30.81 30.41 30.41 29.80 30.12 29.83 30.16 29.32 28.77 29.69 28.88 28.72 28.47 29.40 30.60 31.34 30.91 30.47 30.57 31.49 31.29 31.62 31.78 31.72 31.24 31.60 31.76 31.87 31.62 31.64 31.88 31.97 31.94 32.00 31.98 30.99
