main/data/irradiance/24.11.2023.grid
ncols 839
nrows 679
xllcenter 112.0500
yllcenter -43.9500
cellsize 0.0500
nodata_value 99999.90
[rows 170 to 203 of 679, columns 539 to 615 of 839]
16.41 16.78 16.52 15.14 16.47 16.46 14.64 14.56 14.58 13.22 12.18 12.41 12.25 13.44 13.11 14.18 13.27 11.81 11.99 12.69 11.95 11.96 13.06 13.11 12.94 12.86 11.98 11.09 9.25 8.93 9.99 9.45 9.56 8.39 8.28 8.38 8.91 8.12 7.42 7.04 7.87 8.82 8.36 7.21 7.00 7.55 7.67 7.06 7.07 7.08 7.24 6.93 6.61 7.64 7.00 7.06 7.12 6.56 6.71 7.64 7.80 7.51 7.29 6.47 6.86 6.65 6.90 7.61 8.75 9.05 9.02 9.11 8.73 9.34 10.17 11.07 10.98
14.53 15.77 15.93 15.43 15.96 15.78 14.37 13.61 14.26 14.25 12.72 11.63 12.64 13.24 13.49 13.33 12.58 11.43 11.56 12.30 12.13 12.11 12.92 13.35 12.88 11.73 10.86 10.08 9.01 8.64 9.16 9.61 10.33 9.41 8.33 8.63 7.83 8.75 8.60 8.05 8.78 8.24 7.34 7.50 7.56 8.26 7.46 6.77 7.19 7.31 7.46 6.68 6.97 7.03 6.57 6.55 6.45 6.51 6.58 7.26 7.81 7.77 7.41 7.02 6.44 6.36 6.69 7.54 8.33 8.57 8.90 9.20 9.27 9.68 10.81 11.42 11.19
13.34 14.79 16.12 16.40 15.03 14.10 14.04 13.74 14.13 14.09 12.65 12.02 11.98 12.72 13.09 12.26 11.35 10.46 10.52 11.31 11.61 12.30 13.26 12.75 12.15 11.59 11.69 10.79 9.08 8.68 9.82 10.39 10.79 9.21 7.74 8.27 8.65 9.18 8.32 7.08 8.29 8.53 7.66 7.12 7.31 7.25 6.91 6.20 6.82 7.04 7.42 6.92 6.85 6.55 5.92 5.38 5.79 5.68 5.90 6.87 7.43 7.45 7.47 7.51 6.88 6.76 7.31 7.08 7.38 7.66 8.32 8.84 9.10 9.48 10.82 10.95 10.73
14.88 14.64 15.38 16.86 15.78 14.74 14.11 14.21 13.17 13.55 13.15 11.85 12.00 13.27 12.73 11.71 11.51 11.51 11.77 11.13 11.52 11.64 12.26 13.21 10.60 10.33 10.16 9.89 9.80 9.70 10.47 11.30 10.35 9.26 7.99 8.03 8.55 8.39 7.53 6.84 8.50 8.83 7.82 7.47 7.15 6.25 6.37 6.16 6.25 6.61 7.50 7.09 6.05 5.93 6.01 5.50 5.49 5.68 6.32 6.98 7.50 7.37 7.52 7.30 6.42 6.61 7.08 6.92 7.31 7.87 8.45 8.43 9.12 9.70 10.25 10.07 10.50
13.63 15.30 14.83 16.42 16.83 15.41 14.62 13.78 12.79 13.31 12.82 11.91 12.06 13.15 12.74 11.55 11.54 11.40 12.69 11.03 10.94 10.81 11.43 11.86 9.38 9.51 9.91 9.00 9.86 9.85 9.68 10.39 10.68 9.23 8.87 8.57 8.65 8.48 7.34 7.17 8.34 7.65 6.73 6.75 7.17 5.60 6.77 7.02 6.98 7.31 7.12 6.63 5.92 5.80 6.28 6.01 6.04 6.20 6.25 6.99 6.70 7.01 7.62 6.96 6.61 6.42 6.63 6.60 7.28 8.40 8.90 8.83 8.71 8.90 9.45 9.67 10.12
12.25 13.09 15.53 17.37 16.75 17.45 15.84 13.69 13.09 13.34 12.95 12.12 12.65 13.43 13.37 12.18 11.31 11.96 11.85 11.85 12.00 11.71 11.81 10.70 9.25 10.16 10.27 9.26 8.78 8.33 8.93 9.52 10.40 11.19 8.86 7.78 9.01 8.30 7.01 6.70 7.78 7.45 6.31 6.54 6.41 5.77 6.27 6.89 7.38 7.59 7.00 5.92 5.67 5.45 5.78 6.25 5.74 5.69 6.21 6.78 6.36 6.11 6.82 6.75 6.36 5.99 6.46 6.55 7.34 7.91 8.85 9.41 9.20 8.85 9.29 9.16 9.42
10.45 12.23 12.87 14.17 13.82 15.29 16.11 14.31 12.54 13.48 13.52 13.61 12.99 13.27 13.04 13.45 11.69 11.94 10.99 10.82 11.34 11.25 11.90 11.47 9.93 9.62 10.67 9.27 9.00 8.78 8.70 9.82 9.00 9.36 9.02 7.27 7.74 8.87 7.75 7.10 7.76 6.87 6.57 6.89 6.16 5.08 5.65 7.21 6.73 6.83 6.29 5.67 5.86 5.97 5.52 5.26 5.40 6.00 6.46 6.17 5.88 5.38 5.29 6.05 5.84 6.25 6.73 6.99 7.22 7.84 7.71 7.87 8.19 8.37 8.66 8.57 8.29
9.87 10.66 12.07 11.32 11.70 13.00 14.26 13.43 12.35 12.51 13.33 12.71 12.89 12.61 12.88 13.97 12.24 12.98 12.19 11.40 11.65 12.08 12.17 12.11 11.51 11.02 10.66 10.25 10.68 9.52 8.32 8.84 8.47 8.45 8.74 8.50 7.63 8.03 8.84 7.16 6.54 6.56 7.48 6.93 6.14 5.01 5.65 5.31 5.67 6.05 5.87 5.80 6.12 6.22 5.63 5.11 5.61 6.53 6.00 5.68 5.33 5.05 5.28 5.24 5.13 5.84 6.32 6.83 7.30 7.22 7.18 6.63 7.01 7.64 8.34 8.71 8.31
9.75 9.62 10.55 9.85 11.40 11.91 12.65 12.24 11.49 11.51 12.59 12.69 11.89 12.07 12.55 13.46 12.74 13.09 12.23 12.30 11.84 12.43 12.66 12.62 12.71 10.58 11.12 11.70 11.99 10.04 8.56 9.42 9.23 7.56 9.04 8.34 7.61 7.61 7.16 6.91 6.51 6.17 7.02 6.95 6.20 5.94 4.99 5.53 5.21 4.96 5.39 5.60 6.26 5.97 5.71 5.78 6.09 6.35 6.01 6.08 5.61 5.71 5.45 5.50 5.35 5.85 6.13 6.52 7.25 7.40 7.38 6.83 6.90 6.71 7.74 9.03 9.05
11.64 10.44 10.55 10.04 12.33 12.81 12.61 12.29 11.38 9.96 10.98 12.23 12.14 11.81 11.86 13.10 12.47 11.89 11.70 12.70 12.14 12.31 12.55 12.65 11.64 11.16 12.11 12.00 11.56 9.99 8.16 10.29 9.76 7.45 7.78 7.89 6.81 6.63 6.97 7.02 7.36 6.80 7.41 6.91 6.10 5.37 5.37 5.67 5.71 5.49 5.61 5.03 5.21 5.36 5.76 6.58 7.16 7.16 7.03 6.75 6.38 6.03 5.78 6.26 5.36 5.47 5.94 6.52 7.03 7.49 7.24 7.06 6.91 7.45 7.49 8.02 8.60
13.75 11.23 12.01 11.33 13.54 14.53 13.55 12.46 12.46 10.43 11.06 12.22 11.94 10.82 10.92 12.06 12.35 11.02 11.53 11.85 12.84 12.86 12.21 11.82 10.94 11.49 11.71 12.24 11.29 10.23 9.09 8.79 10.33 7.53 8.34 7.92 6.96 6.00 6.65 6.91 7.23 7.14 7.71 6.85 6.25 5.70 5.25 4.44 4.82 6.12 6.80 5.88 5.03 4.89 5.47 6.05 7.06 7.89 7.43 7.19 6.39 5.89 5.80 5.85 5.77 5.45 6.02 6.61 6.78 7.18 7.18 6.74 6.56 7.26 7.49 8.31 8.54
14.58 12.86 13.10 13.47 14.41 14.82 15.42 14.58 12.66 11.16 10.94 12.44 13.22 11.29 10.99 11.36 12.16 11.51 11.66 11.24 11.73 11.76 12.10 13.26 12.10 11.49 10.81 11.60 11.12 10.41 10.36 9.92 10.79 9.89 8.64 7.23 7.53 6.74 6.71 7.39 7.72 7.05 7.07 6.47 5.86 5.37 4.99 5.18 4.65 5.40 6.26 6.18 5.58 5.17 4.84 5.40 5.95 6.74 7.19 6.99 6.49 6.17 5.44 5.41 5.51 6.00 6.19 6.67 6.76 6.52 6.86 6.70 6.43 6.45 7.07 7.87 8.01
14.72 13.33 12.85 13.49 14.06 14.77 14.75 14.91 13.44 12.73 11.23 13.10 12.67 11.37 11.64 12.47 13.48 13.83 12.53 11.02 10.43 10.51 12.03 12.57 11.36 10.93 11.24 11.82 10.82 10.52 10.09 9.67 9.94 10.65 9.09 7.63 7.25 6.84 5.60 6.84 7.37 6.74 7.49 7.20 5.99 4.82 4.62 4.59 5.68 5.04 5.27 5.50 5.68 5.23 4.94 5.62 5.77 6.47 6.30 6.58 5.58 5.33 5.44 5.18 5.79 6.36 6.31 6.67 6.71 6.48 6.94 6.95 6.33 6.00 6.39 7.20 7.60
13.50 12.68 13.64 13.56 14.26 14.38 13.72 13.66 13.33 12.98 11.87 12.53 12.82 12.49 11.51 12.18 13.05 14.16 13.10 11.63 11.56 11.76 11.95 12.41 11.97 11.40 11.54 11.25 10.92 10.08 9.12 8.65 9.75 10.01 9.77 9.44 8.23 7.62 6.48 7.14 8.25 6.57 6.93 7.97 7.18 4.71 4.53 4.95 5.22 5.17 5.35 5.70 5.31 4.41 5.34 5.58 5.72 5.94 6.37 6.42 5.88 5.47 5.32 5.17 5.62 5.70 6.72 7.04 6.83 6.53 7.14 6.89 6.71 5.84 5.76 6.04 7.19
14.07 14.17 14.89 14.87 15.00 15.59 14.24 14.74 14.56 13.41 12.81 14.07 13.30 12.42 10.87 11.56 13.19 14.20 13.41 12.53 13.77 12.10 11.52 12.30 12.77 12.01 11.82 12.36 12.26 10.00 8.05 8.83 10.21 9.96 9.42 9.19 9.00 7.90 6.99 8.09 9.28 8.06 7.69 8.64 7.27 5.37 4.59 5.17 5.55 4.82 4.38 5.58 5.36 4.97 5.43 5.54 5.68 5.78 5.79 6.29 6.77 6.06 5.85 5.55 5.44 5.23 6.08 6.69 6.61 6.92 6.78 6.24 6.19 5.95 5.23 6.12 6.96
15.78 14.52 12.74 12.10 13.66 14.05 14.60 15.08 15.00 13.07 13.46 14.00 14.27 13.92 12.93 11.87 12.10 13.27 13.06 12.81 12.82 11.50 11.18 11.86 12.45 12.31 11.68 11.60 11.57 10.28 8.99 8.78 8.53 8.61 8.85 8.48 7.96 8.48 7.74 7.97 9.08 7.90 7.27 7.61 6.43 5.05 5.26 5.18 5.07 5.30 4.12 4.62 4.81 5.36 5.86 5.72 5.10 5.20 5.89 6.02 6.09 5.67 6.06 6.69 6.39 5.61 6.02 6.28 6.55 6.74 6.80 6.28 6.09 6.06 5.67 6.19 6.93
15.76 13.15 12.46 10.98 12.06 13.99 14.68 14.58 13.80 13.13 13.20 12.58 14.07 14.48 13.07 12.88 12.50 12.62 13.40 13.59 13.16 12.65 10.71 9.88 11.44 12.65 11.46 12.17 11.80 11.40 10.69 8.91 7.44 7.76 7.46 8.59 9.09 8.19 7.68 8.14 9.10 8.15 7.14 6.27 6.12 5.58 4.89 4.93 5.22 5.08 4.80 4.80 4.53 5.40 5.96 5.38 5.44 5.44 6.00 5.94 6.02 5.95 5.45 6.43 6.61 6.38 6.36 6.23 6.14 6.14 6.64 6.94 6.22 5.76 6.45 7.07 7.29
17.73 14.50 12.94 12.36 11.35 12.58 14.85 12.75 11.85 12.66 13.14 12.29 13.02 13.11 12.90 13.41 12.23 12.40 12.83 12.29 12.25 11.95 10.43 11.12 12.53 12.16 11.68 12.81 12.63 11.88 11.98 10.02 8.53 8.24 9.20 8.92 9.08 8.27 8.41 8.97 8.93 8.35 7.76 6.78 6.21 5.61 4.89 4.72 5.12 5.53 5.34 5.85 5.39 6.05 5.94 4.74 5.35 6.14 6.33 6.46 6.16 5.97 5.98 6.52 6.87 6.89 7.02 6.82 6.09 5.73 6.48 6.90 6.57 5.95 6.69 7.12 7.64
18.02 16.87 15.78 14.99 13.70 14.44 14.30 13.66 13.17 12.17 12.69 12.46 11.58 12.31 13.69 14.13 13.59 13.57 13.41 12.16 11.26 10.84 11.34 13.02 12.58 11.61 12.20 12.63 11.64 11.50 11.98 11.07 9.40 8.28 9.39 8.55 8.88 9.08 8.49 8.26 7.26 7.94 7.84 8.27 6.83 5.59 5.15 4.66 4.39 5.63 4.86 5.40 6.13 6.76 6.50 5.38 5.39 5.96 6.43 6.42 6.29 5.63 6.12 6.83 7.27 7.35 7.39 7.32 6.91 6.12 6.04 6.95 6.89 6.61 7.06 7.54 7.82
19.99 19.42 17.93 17.39 14.96 14.85 14.75 14.59 14.37 13.03 12.50 12.01 11.75 12.80 14.00 14.44 13.71 13.69 13.44 12.62 11.74 11.58 12.53 13.36 12.36 12.07 11.83 12.03 11.91 11.84 11.95 11.54 10.11 8.80 8.80 9.75 8.53 8.79 8.63 7.91 7.11 6.30 7.35 6.65 6.12 5.51 5.46 5.38 4.75 5.15 5.57 5.55 5.75 6.38 6.33 6.00 5.63 5.42 5.61 5.73 6.08 6.65 6.55 6.63 7.19 7.09 6.95 7.14 7.36 6.88 6.45 6.88 7.54 7.34 7.80 7.95 8.50
21.17 21.37 20.89 19.63 17.60 16.13 15.09 14.68 13.56 14.83 14.17 13.42 12.90 12.61 12.11 12.18 13.50 14.52 14.53 13.00 12.53 11.40 11.31 12.32 11.26 11.05 10.95 10.75 11.93 11.07 11.44 11.12 10.18 8.80 9.16 9.62 8.34 7.82 8.90 8.73 7.29 6.57 6.92 6.77 5.71 5.84 5.75 5.61 5.32 5.03 5.80 5.88 5.30 5.40 6.34 5.89 5.78 5.38 5.91 5.76 5.72 6.49 6.84 6.73 7.53 7.78 7.73 7.01 7.27 7.12 6.95 6.96 7.49 7.14 7.45 7.59 8.01
20.87 20.16 19.57 19.37 18.97 18.36 16.65 16.23 14.86 14.23 13.95 14.10 13.26 12.86 11.47 11.50 12.49 13.13 13.44 12.44 11.62 11.38 11.43 11.81 11.19 10.76 10.45 10.86 10.80 11.41 12.13 10.84 9.82 9.56 10.12 8.88 8.49 8.61 8.94 8.98 8.30 7.26 7.14 5.99 5.62 5.43 6.06 5.58 5.30 4.50 4.63 6.58 5.63 5.49 6.14 6.03 5.38 5.22 5.19 5.55 5.93 5.70 5.96 6.29 7.19 7.80 7.44 7.11 6.79 6.96 7.02 6.78 7.20 6.95 6.99 7.25 7.88
19.06 19.94 19.29 18.34 18.19 18.75 17.08 15.13 14.06 12.17 11.92 13.27 12.22 12.00 11.53 11.97 13.15 13.45 13.01 12.38 10.39 10.20 11.51 10.60 11.19 10.71 10.05 10.18 9.79 10.74 11.04 9.87 9.55 10.34 10.05 9.52 9.34 9.37 8.64 8.47 8.81 7.59 7.96 6.87 5.83 5.88 6.59 5.20 5.25 3.94 4.43 5.86 6.33 5.59 5.89 6.37 6.11 6.20 5.94 5.16 5.36 5.47 5.57 5.76 6.75 7.44 7.28 6.89 6.88 6.73 6.97 7.06 6.76 6.87 6.82 7.47 7.75
17.34 16.62 16.03 16.33 16.15 16.85 16.48 13.36 12.47 13.30 12.74 13.39 13.62 12.15 11.47 11.62 12.44 13.39 12.76 12.80 11.85 9.78 10.79 10.74 10.59 10.50 9.80 9.12 9.56 9.35 9.71 9.38 9.78 9.40 9.62 10.20 9.81 8.60 8.24 7.72 7.21 7.35 7.50 7.09 6.65 5.78 5.75 5.82 6.12 4.99 4.25 4.89 5.51 5.45 5.25 5.60 6.27 6.69 6.32 6.23 5.73 5.70 5.87 5.57 6.06 6.92 7.05 6.88 6.97 6.84 6.52 6.78 6.86 7.00 6.97 7.60 7.88
17.19 16.78 16.83 15.99 14.97 15.57 15.50 12.32 11.59 12.12 12.54 12.19 13.22 11.99 10.93 10.29 11.63 12.31 11.18 11.94 12.31 10.87 9.87 10.45 10.61 10.10 9.54 9.45 8.74 7.65 8.26 8.70 9.13 8.73 9.25 9.62 9.88 8.94 7.65 6.37 5.79 6.56 7.50 7.31 7.27 6.66 5.80 5.91 6.24 6.17 5.55 5.71 5.83 5.89 5.62 5.37 5.38 6.02 6.16 6.54 7.00 6.62 6.04 5.42 5.85 6.53 7.12 6.91 6.79 6.46 6.21 6.50 7.10 7.34 7.34 7.15 7.87
16.15 15.70 15.75 15.93 15.22 15.46 15.79 15.09 13.39 13.38 13.11 12.39 13.25 11.80 10.51 9.64 10.26 11.02 10.72 11.16 11.97 10.94 10.46 10.58 10.59 10.33 9.57 9.85 8.53 7.77 8.11 7.22 8.42 9.10 9.28 9.81 10.10 8.54 7.63 7.80 7.12 6.67 7.47 7.04 7.19 6.65 6.05 5.66 5.83 5.56 6.02 6.06 6.31 6.53 6.52 6.30 6.10 5.71 5.92 6.13 6.95 6.60 6.34 5.69 5.76 6.34 6.70 6.98 6.93 6.54 6.49 7.55 7.41 7.75 7.83 7.69 8.03
12.35 13.33 13.61 14.67 15.73 15.44 16.05 16.26 14.88 14.23 13.39 12.16 12.75 12.46 9.10 7.77 9.37 9.76 11.35 10.75 10.42 10.18 10.55 10.67 11.63 11.64 10.98 10.22 8.19 8.07 8.01 7.74 8.57 9.60 9.21 10.78 10.63 9.06 8.00 8.39 8.19 7.96 6.40 6.83 6.71 5.55 6.09 5.69 6.01 5.57 5.93 6.76 6.63 6.77 6.81 6.08 6.10 6.32 6.28 6.76 6.89 6.79 6.35 6.16 6.15 6.10 6.59 6.66 6.58 6.61 6.77 7.55 7.81 7.93 8.29 8.67 8.46
11.99 12.26 12.88 14.66 17.53 16.68 15.33 14.67 15.23 14.67 13.69 11.98 11.54 11.64 10.89 10.05 9.80 9.43 9.98 10.87 10.22 9.45 8.95 10.43 12.41 12.95 12.76 11.30 9.32 7.77 8.63 7.94 8.14 9.08 9.38 9.48 9.65 8.51 8.10 8.60 8.77 7.99 7.05 6.59 6.40 5.54 6.14 5.88 5.86 5.93 6.20 6.70 6.97 7.03 7.11 6.25 6.11 6.18 6.15 6.90 7.02 7.26 7.29 6.75 6.67 6.41 6.61 6.09 6.25 6.78 7.13 7.63 8.00 8.49 9.23 9.39 9.33
13.19 14.30 12.94 14.49 15.81 15.06 15.58 14.45 16.02 14.77 14.40 12.53 12.48 12.78 11.51 11.34 10.10 9.12 9.50 10.39 10.23 9.46 9.96 9.49 11.13 12.47 12.51 11.92 10.99 10.61 9.67 8.02 7.58 7.48 8.04 7.44 7.89 8.72 8.55 9.02 8.41 7.88 6.90 6.43 5.93 5.95 6.25 7.02 6.46 5.75 6.28 6.94 6.27 6.85 7.26 6.47 6.46 6.32 6.38 6.05 6.81 7.60 8.09 8.03 7.16 6.77 6.78 7.23 7.19 7.58 7.94 8.31 8.41 9.15 9.88 9.82 9.70
12.81 13.17 12.94 12.74 14.25 13.07 14.06 14.81 15.52 15.36 14.34 13.03 13.38 13.34 10.96 11.26 11.06 10.11 10.42 11.41 11.39 11.06 10.52 10.36 10.70 12.38 12.15 11.47 11.66 11.84 10.48 9.94 9.57 9.28 7.74 7.52 7.59 7.98 8.57 8.48 8.20 8.42 7.55 7.36 6.63 6.62 6.85 7.03 7.30 6.23 6.25 6.76 6.28 6.62 6.83 7.10 7.01 6.59 6.75 6.67 6.63 7.45 8.40 8.32 7.86 7.09 7.41 7.80 7.41 8.07 8.85 8.81 8.74 9.39 10.70 10.46 10.08
12.37 11.97 11.58 11.97 12.90 11.64 12.54 14.23 14.25 14.14 13.14 12.82 12.86 12.46 11.67 12.08 12.90 11.90 11.31 11.44 12.11 11.32 10.22 9.79 11.43 11.52 11.39 11.46 11.47 11.55 11.51 10.71 9.58 8.59 7.99 7.88 7.34 7.77 8.75 8.69 8.93 8.62 7.66 7.79 7.90 6.95 5.85 6.89 7.59 7.01 6.87 7.24 7.34 6.69 7.01 7.10 6.65 6.76 7.31 7.23 7.48 7.83 7.93 7.96 8.62 8.27 8.29 8.54 7.87 7.87 8.57 8.77 8.77 9.36 10.19 10.88 10.49
11.54 10.50 10.45 11.33 12.07 10.06 9.74 12.35 12.85 13.68 13.86 12.44 12.31 11.80 11.38 11.55 13.00 12.07 11.14 10.41 11.03 11.10 10.59 10.63 11.06 11.54 11.25 11.58 11.11 10.64 11.23 10.37 10.56 9.68 8.22 8.22 8.31 7.62 7.61 8.16 9.40 9.33 8.26 7.70 8.20 7.92 6.70 6.68 7.70 7.37 7.35 7.01 7.25 7.25 6.89 7.17 7.45 7.56 7.76 7.68 8.04 8.06 8.19 8.47 8.74 8.91 8.79 9.33 8.97 8.81 9.11 9.35 9.50 9.31 9.91 10.52 10.80
9.59 9.13 9.72 10.87 10.90 10.27 9.28 10.32 11.44 12.24 12.96 11.78 12.48 12.16 10.96 11.65 11.78 11.90 11.38 11.27 11.34 10.88 10.81 10.77 10.40 11.26 11.63 11.67 11.14 10.18 10.77 11.06 11.37 11.49 10.20 8.68 8.55 8.47 8.26 9.02 8.98 8.57 7.94 7.87 7.53 7.64 7.90 7.30 7.33 7.70 7.33 6.72 6.76 6.94 6.57 6.11 6.46 7.14 7.45 7.98 8.04 8.95 8.20 8.49 9.15 9.25 9.12 9.57 10.36 9.43 9.05 9.25 9.61 9.32 9.63 10.17 10.85
7.43 7.60 8.54 8.06 8.90 8.38 8.13 7.95 8.62 10.02 10.35 11.05 11.84 11.81 12.62 13.12 12.32 12.93 13.15 12.99 11.55 10.69 10.83 10.13 11.01 11.60 11.62 11.33 11.23 10.25 10.88 10.81 11.49 12.16 11.60 9.88 8.43 8.21 8.08 8.82 8.76 8.56 8.31 8.41 7.88 8.09 7.63 7.28 7.80 7.54 7.38 7.12 7.42 6.63 6.59 6.52 6.82 6.89 7.30 7.97 8.46 9.15 9.16 8.88 9.27 9.84 9.65 9.56 10.10 10.32 9.83 9.04 9.07 9.58 10.25 10.90 10.89
