main/data/irradiance/24.12.2023.grid
ncols 839
nrows 679
xllcenter 112.0500
yllcenter -43.9500
cellsize 0.0500
nodata_value 99999.90
[rows 102 to 135 of 679, columns 616 to 692 of 839]
27.24 27.47 28.35 27.62 26.79 26.36 27.42 26.76 27.13 26.69 26.80 26.59 26.65 25.96 27.37 27.10 26.91 27.07 26.20 25.73 26.69 26.75 25.03 26.59 26.49 26.39 26.88 27.31 26.64 28.64 26.77 26.14 27.37 26.66 26.24 27.29 26.20 26.53 25.16 25.10 25.93 25.52 25.35 26.27 27.06 26.19 23.36 23.59 23.59 23.59 27.92 27.92 27.92 27.92 27.92 27.92 27.92 27.92 27.92 99999.90 99999.90 99999.90 99999.90 99999.90 99999.90 99999.90 99999.90 99999.90 99999.90 99999.90 99999.90 99999.90 99999.90 99999.90 99999.90 99999.90 99999.90
27.66 27.61 28.36 27.83 28.02 27.54 27.73 27.52 27.87 27.50 27.27 27.12 26.93 26.42 27.33 27.35 26.91 27.00 26.85 26.55 26.61 26.35 26.85 27.18 27.57 26.40 27.82 27.69 28.24 28.70 28.11 27.46 27.14 26.58 26.80 26.70 26.48 26.08 24.89 26.34 26.02 26.89 27.72 27.25 26.82 26.33 25.33 27.86 27.86 27.86 28.92 28.92 28.92 28.92 28.92 28.92 28.92 28.92 28.92 26.88 99999.90 99999.90 99999.90 99999.90 99999.90 99999.90 99999.90 99999.90 99999.90 99999.90 99999.90 99999.90 99999.90 99999.90 99999.90 99999.90 99999.90
28.25 27.79 27.57 27.55 27.68 28.10 28.35 28.09 27.75 27.93 27.30 27.12 27.32 26.66 26.95 27.15 27.22 27.88 27.27 27.29 26.84 26.74 28.24 27.95 26.56 26.89 27.23 27.38 27.78 27.81 28.34 28.05 28.14 27.40 27.51 26.22 26.20 25.93 25.63 25.65 26.15 27.06 27.34 27.40 26.28 27.15 26.51 28.34 28.34 28.92 28.92 28.92 28.92 28.92 28.92 28.92 28.92 28.92 28.92 26.88 99999.90 99999.90 99999.90 99999.90 99999.90 99999.90 99999.90 99999.90 99999.90 99999.90 99999.90 99999.90 99999.90 99999.90 99999.90 99999.90 99999.90
28.03 27.63 28.11 27.50 28.23 28.50 28.12 27.59 26.89 27.04 27.12 27.68 27.28 26.83 26.68 27.36 27.75 27.33 27.98 27.64 27.17 26.91 27.75 27.30 26.58 27.12 27.23 27.64 27.97 28.03 28.42 27.23 28.80 28.27 27.09 27.85 28.23 28.07 26.89 25.54 26.18 26.62 26.68 27.13 27.04 26.26 26.53 28.49 28.92 28.92 28.92 28.92 28.92 28.92 28.92 28.92 28.92 28.92 28.92 26.88 99999.90 99999.90 99999.90 99999.90 99999.90 99999.90 99999.90 99999.90 99999.90 99999.90 99999.90 99999.90 99999.90 99999.90 99999.90 99999.90 99999.90
28.25 28.29 28.34 28.91 28.50 28.20 28.67 27.44 26.36 26.47 27.63 27.61 27.37 27.14 26.93 27.22 27.10 27.12 27.01 27.54 27.21 27.78 27.77 28.30 27.49 27.46 28.33 27.93 28.39 27.92 27.59 27.69 28.23 26.61 27.92 27.98 26.74 26.29 27.77 26.57 26.53 26.50 26.55 26.05 27.92 27.49 26.76 28.26 28.07 28.07 28.07 28.07 28.07 28.07 28.07 28.07 28.07 28.07 28.07 26.88 28.72 99999.90 99999.90 99999.90 99999.90 99999.90 99999.90 99999.90 99999.90 99999.90 99999.90 99999.90 99999.90 99999.90 99999.90 99999.90 99999.90
28.07 28.05 28.94 28.86 28.65 28.84 28.54 27.84 28.26 28.05 27.24 27.10 27.25 27.85 28.55 27.04 27.00 26.81 27.17 27.56 27.70 27.51 27.75 27.70 27.16 27.94 27.95 27.90 28.29 27.56 27.99 27.78 27.77 27.50 26.83 27.49 26.29 24.85 26.22 25.71 26.28 25.75 26.90 26.25 26.72 27.47 27.92 28.35 28.07 28.07 28.07 28.07 28.07 28.07 28.07 28.07 28.07 28.07 28.07 26.88 28.72 99999.90 99999.90 99999.90 99999.90 99999.90 99999.90 99999.90 99999.90 99999.90 99999.90 99999.90 99999.90 99999.90 99999.90 99999.90 99999.90
28.38 29.05 29.05 28.97 28.96 28.75 27.99 27.89 28.54 27.82 27.19 27.55 27.98 28.31 28.48 27.73 26.51 27.11 27.22 27.85 28.13 28.47 27.40 27.95 27.12 26.66 27.96 27.08 27.09 27.63 28.05 28.02 27.29 27.90 26.08 27.39 26.78 26.19 25.75 26.67 26.87 25.47 26.51 26.46 24.64 25.89 25.91 28.16 28.16 28.93 28.93 28.93 28.93 28.93 28.93 28.93 28.93 28.93 28.93 26.88 28.72 99999.90 99999.90 99999.90 99999.90 99999.90 99999.90 99999.90 99999.90 99999.90 99999.90 99999.90 99999.90 99999.90 99999.90 99999.90 99999.90
28.65 28.69 28.89 28.82 28.97 28.67 28.71 28.87 28.79 28.80 28.64 28.54 28.46 28.28 28.05 27.47 27.36 27.57 27.55 28.00 27.62 28.64 27.71 27.72 27.36 26.57 26.90 27.87 27.63 28.24 27.07 27.84 26.47 26.31 26.60 27.05 27.59 25.08 25.78 26.70 26.75 26.74 26.81 25.27 26.01 26.31 28.17 28.85 28.93 28.93 28.93 28.93 28.93 28.93 28.93 28.93 28.93 26.88 26.88 26.88 28.72 27.05 99999.90 99999.90 99999.90 99999.90 99999.90 99999.90 99999.90 99999.90 99999.90 99999.90 99999.90 99999.90 99999.90 99999.90 99999.90
27.97 28.86 28.67 28.39 28.86 29.01 28.85 28.94 29.04 28.70 28.34 28.26 28.05 27.72 27.93 27.54 27.32 27.01 27.86 27.32 28.37 28.05 27.48 27.39 27.38 26.97 26.69 27.14 27.46 28.34 27.50 27.50 26.91 26.14 26.29 26.79 27.53 26.30 26.34 27.12 26.33 27.20 25.98 24.71 26.23 27.85 27.66 28.78 28.94 28.94 28.94 28.94 28.94 28.94 26.88 26.88 26.88 26.88 26.88 26.88 28.72 27.05 99999.90 99999.90 99999.90 99999.90 99999.90 99999.90 99999.90 99999.90 99999.90 99999.90 99999.90 99999.90 99999.90 99999.90 99999.90
27.97 28.20 27.75 28.95 28.88 28.82 29.02 29.13 28.79 28.50 28.55 27.87 27.95 26.43 27.08 28.07 27.14 27.45 26.92 27.52 27.55 27.33 27.21 28.01 28.50 26.88 27.35 27.53 28.09 27.84 27.78 27.79 27.41 26.78 25.88 25.50 27.09 26.02 26.58 27.24 27.82 27.01 26.56 26.44 26.49 27.07 27.73 28.53 28.25 28.25 28.25 26.88 26.88 26.88 26.88 26.88 26.88 26.88 26.88 26.88 28.72 27.05 99999.90 99999.90 99999.90 99999.90 99999.90 99999.90 99999.90 99999.90 99999.90 99999.90 99999.90 99999.90 99999.90 99999.90 99999.90
28.35 28.45 28.65 29.18 28.93 28.61 29.01 28.99 28.53 28.82 28.42 27.67 27.80 27.43 28.32 27.83 28.15 27.98 27.85 27.31 27.30 27.53 27.91 28.58 27.93 27.31 27.50 26.86 27.55 27.56 28.04 27.41 28.30 26.47 26.80 25.58 26.70 26.76 26.56 27.15 26.89 27.44 28.00 27.68 26.55 26.58 26.78 27.53 27.72 27.72 26.88 26.88 26.88 26.88 26.88 26.88 26.88 26.88 28.72 28.72 28.72 27.05 99999.90 99999.90 99999.90 99999.90 99999.90 99999.90 99999.90 99999.90 99999.90 99999.90 99999.90 99999.90 99999.90 99999.90 99999.90
28.81 29.03 29.22 28.34 28.52 29.12 28.61 28.81 28.62 28.49 28.35 27.90 27.86 28.68 28.87 28.89 28.61 28.80 28.73 27.99 28.12 28.35 28.16 28.26 27.77 27.18 27.00 27.60 27.80 27.58 27.73 27.58 27.38 28.03 27.07 26.25 25.63 27.17 27.75 27.60 27.68 28.21 27.27 27.63 27.13 27.48 28.14 27.98 27.86 26.88 26.88 26.88 26.88 26.88 26.88 28.72 28.72 28.72 28.72 28.72 28.72 27.05 99999.90 99999.90 99999.90 99999.90 99999.90 99999.90 99999.90 99999.90 99999.90 99999.90 99999.90 99999.90 99999.90 99999.90 99999.90
29.16 29.27 28.64 28.58 29.04 28.73 28.85 28.48 28.46 28.26 28.07 26.96 27.32 28.87 29.15 28.91 28.31 28.84 28.71 28.04 28.18 28.67 27.98 28.03 28.28 28.13 27.19 27.80 27.79 27.87 28.56 28.36 27.83 28.57 27.42 27.38 27.99 28.23 28.42 28.02 27.92 28.06 27.79 28.31 27.85 27.47 28.11 28.14 28.09 28.27 28.27 28.27 28.72 28.72 28.72 28.72 28.72 28.72 28.72 28.72 28.72 27.05 99999.90 99999.90 99999.90 99999.90 99999.90 99999.90 99999.90 99999.90 99999.90 99999.90 99999.90 99999.90 99999.90 99999.90 99999.90
28.94 28.96 28.58 29.10 29.12 28.60 28.52 28.37 28.09 27.38 27.34 26.79 27.87 28.78 28.62 28.54 28.53 28.59 28.40 28.52 28.65 28.70 28.03 28.14 28.35 28.13 27.64 27.31 28.08 27.72 28.30 28.37 28.20 28.06 28.33 26.65 27.88 27.85 27.91 27.51 28.44 28.25 28.06 27.76 28.50 27.96 27.94 27.17 27.75 27.96 27.96 28.72 28.72 28.72 28.72 28.72 28.72 28.72 28.72 27.05 27.05 27.05 99999.90 99999.90 99999.90 99999.90 99999.90 99999.90 99999.90 99999.90 99999.90 99999.90 99999.90 99999.90 99999.90 99999.90 99999.90
29.02 28.43 28.58 28.70 27.34 28.61 28.58 28.38 28.57 26.60 27.50 27.37 28.33 28.50 28.68 28.50 28.30 28.06 28.46 28.71 28.84 28.52 28.72 28.68 28.43 27.90 27.98 28.45 27.85 27.79 28.32 28.58 28.10 27.62 27.81 26.70 27.51 27.57 27.54 27.94 28.14 28.38 27.95 28.11 27.82 28.09 27.44 26.67 26.88 25.84 28.72 28.72 28.72 28.72 28.72 28.72 27.05 27.05 27.05 27.05 27.05 27.05 99999.90 99999.90 99999.90 99999.90 99999.90 99999.90 99999.90 99999.90 99999.90 99999.90 99999.90 99999.90 99999.90 99999.90 99999.90
28.73 28.16 28.50 28.68 28.78 28.34 28.14 28.01 27.71 26.99 28.10 28.40 28.73 28.73 28.78 28.76 28.02 28.01 28.61 28.45 28.87 28.50 28.90 29.07 28.61 28.79 28.32 28.84 28.44 28.57 28.12 27.86 28.71 28.28 27.74 27.48 27.15 27.24 27.17 28.33 28.11 27.45 27.91 27.03 27.55 26.63 25.92 26.63 26.22 27.25 28.72 28.72 28.72 27.05 27.05 27.05 27.05 27.05 27.05 27.05 27.05 27.05 99999.90 99999.90 99999.90 99999.90 99999.90 99999.90 99999.90 99999.90 99999.90 99999.90 99999.90 99999.90 99999.90 99999.90 99999.90
28.77 28.73 28.39 28.26 28.53 27.21 28.38 27.67 27.23 28.40 28.91 28.53 28.87 28.79 28.98 28.51 28.58 29.01 28.86 28.48 28.27 28.79 28.80 28.93 29.05 28.83 28.55 28.82 28.58 28.65 28.38 28.64 28.55 28.03 27.73 27.94 27.80 28.11 28.29 28.71 27.52 28.69 28.29 26.76 27.04 26.48 24.82 26.76 26.77 28.62 28.36 28.36 27.05 27.05 27.05 27.05 27.05 27.05 27.05 27.05 27.05 27.05 99999.90 99999.90 99999.90 99999.90 99999.90 99999.90 99999.90 99999.90 99999.90 99999.90 99999.90 99999.90 99999.90 99999.90 99999.90
28.52 28.26 28.42 28.86 27.81 28.00 27.82 28.25 28.70 29.07 28.32 27.82 28.79 28.77 28.78 28.74 28.71 29.01 28.95 28.58 28.31 28.49 28.47 28.52 28.79 29.05 28.73 28.36 28.34 27.97 28.18 28.58 28.36 28.09 28.61 27.67 28.31 28.37 28.94 28.45 28.47 28.29 28.07 27.30 25.67 26.70 27.30 27.74 28.28 28.76 27.77 27.05 27.05 27.05 27.05 27.05 27.05 27.05 27.05 27.05 27.05 27.05 99999.90 99999.90 99999.90 99999.90 99999.90 99999.90 99999.90 99999.90 99999.90 99999.90 99999.90 99999.90 99999.90 99999.90 99999.90
27.48 28.87 28.33 28.66 28.85 28.18 28.02 28.65 28.84 28.83 28.37 27.97 28.78 28.48 28.39 28.44 29.01 29.09 28.76 29.07 28.73 28.18 28.47 28.76 28.73 29.37 28.97 28.13 28.23 28.12 27.70 27.70 26.23 27.97 28.74 28.90 28.60 29.04 29.02 28.91 28.74 28.60 27.44 27.59 27.87 27.50 27.13 28.29 28.55 28.60 28.20 27.22 27.22 27.22 27.22 27.22 27.22 27.22 27.22 27.22 27.22 27.22 26.63 99999.90 99999.90 99999.90 99999.90 99999.90 99999.90 99999.90 99999.90 99999.90 99999.90 99999.90 99999.90 99999.90 99999.90
28.80 27.47 28.56 28.73 28.45 28.59 28.17 28.63 28.47 28.11 28.53 28.52 28.17 28.41 28.15 28.97 28.98 29.04 29.02 29.16 28.12 28.40 28.61 28.94 29.00 29.02 28.33 28.21 27.83 27.47 27.86 27.72 27.95 27.75 29.09 28.90 28.95 29.20 28.86 29.16 28.93 28.47 27.75 26.42 26.95 27.35 27.35 28.60 28.71 27.84 27.83 27.34 27.34 27.34 27.34 27.34 27.34 27.34 27.34 27.34 27.34 27.34 26.63 26.97 99999.90 99999.90 99999.90 99999.90 99999.90 99999.90 99999.90 99999.90 99999.90 99999.90 99999.90 99999.90 99999.90
27.58 28.14 27.67 28.21 28.31 27.43 27.92 27.97 27.48 28.53 29.01 28.83 28.73 28.35 28.57 28.71 28.94 29.08 29.18 29.21 28.76 28.55 28.90 29.20 29.32 28.76 28.73 28.63 28.36 28.07 28.35 28.02 28.52 28.38 29.02 29.05 29.21 29.22 29.10 29.24 29.19 29.05 28.05 26.80 27.02 26.94 27.64 28.05 27.09 25.65 25.05 26.20 26.20 26.20 26.20 26.20 26.20 26.20 26.20 26.20 26.20 26.20 26.97 26.97 99999.90 99999.90 99999.90 99999.90 99999.90 99999.90 99999.90 99999.90 99999.90 99999.90 99999.90 99999.90 99999.90
28.96 28.14 27.58 27.78 27.30 27.83 27.97 28.98 28.67 28.09 28.58 28.73 28.87 28.26 29.03 28.89 28.77 29.29 29.16 29.06 28.44 28.13 28.80 28.74 29.14 28.29 29.05 28.87 28.84 28.58 28.87 28.36 28.52 29.16 29.10 29.25 29.18 29.25 29.14 29.25 29.13 28.38 26.53 27.79 27.62 27.00 26.33 26.86 27.25 26.85 26.82 26.49 26.49 26.49 26.49 26.49 26.49 26.49 26.49 26.49 26.49 26.49 26.97 26.97 26.72 99999.90 99999.90 99999.90 99999.90 99999.90 99999.90 99999.90 99999.90 99999.90 99999.90 99999.90 99999.90
28.53 28.79 29.21 28.95 28.39 28.81 29.20 28.52 28.58 28.51 28.73 28.57 28.82 28.90 28.75 29.01 28.83 29.04 29.02 29.01 28.65 29.04 28.92 29.15 29.41 28.59 28.99 29.28 28.84 28.95 28.67 29.08 28.99 29.19 28.90 29.20 29.26 29.41 29.08 29.02 28.78 27.34 24.44 26.15 27.07 26.82 27.42 27.53 27.72 27.99 28.40 28.25 28.25 28.25 28.25 28.25 28.25 28.25 28.25 28.25 28.25 28.25 26.97 26.97 26.72 27.09 99999.90 99999.90 99999.90 99999.90 99999.90 99999.90 99999.90 99999.90 99999.90 99999.90 99999.90
28.96 29.07 29.47 29.52 28.53 28.75 28.95 28.83 28.33 28.18 28.71 28.41 28.67 28.68 28.92 28.86 28.69 28.89 28.92 28.70 29.11 28.65 29.01 29.13 29.28 28.51 28.86 29.12 28.94 28.85 28.65 28.53 28.65 28.79 28.84 29.28 29.08 29.36 28.61 29.00 28.51 28.29 25.05 24.75 27.15 28.00 28.44 27.45 26.44 27.60 28.00 28.75 28.75 28.75 28.75 28.75 28.75 28.75 28.75 28.75 28.75 28.75 26.97 26.97 27.09 27.09 26.88 99999.90 99999.90 99999.90 99999.90 99999.90 99999.90 99999.90 99999.90 99999.90 99999.90
28.86 29.30 29.36 29.24 28.54 28.54 28.24 28.14 28.22 28.61 28.92 29.03 28.63 28.80 28.92 28.70 28.66 28.81 28.26 29.12 29.38 28.99 29.30 29.35 29.30 29.25 28.91 28.97 28.50 28.07 28.24 27.53 27.46 27.25 27.45 29.41 29.17 29.39 27.53 27.44 28.36 26.97 25.70 25.04 28.29 28.99 29.28 28.29 25.73 27.85 27.61 28.75 28.75 28.75 28.75 28.75 28.75 28.75 28.75 26.97 26.97 26.97 26.97 26.97 27.09 26.88 26.88 27.28 99999.90 99999.90 99999.90 99999.90 99999.90 99999.90 99999.90 99999.90 99999.90
28.36 28.90 29.41 29.10 28.81 28.83 28.11 28.31 28.60 28.86 28.37 28.87 28.75 28.74 28.92 29.06 29.22 28.56 29.05 29.12 28.96 29.25 29.18 29.28 29.23 29.14 28.90 29.15 27.59 26.80 27.32 27.24 27.25 26.58 28.36 29.46 29.05 28.94 28.02 26.84 26.91 23.74 23.37 26.52 27.02 28.25 27.39 27.42 27.68 25.51 27.12 27.12 27.12 28.75 28.75 26.63 26.63 26.97 26.97 26.97 26.97 26.97 26.97 27.09 26.88 26.88 27.28 27.28 99999.90 99999.90 99999.90 99999.90 99999.90 99999.90 99999.90 99999.90 99999.90
28.63 28.98 28.52 28.51 28.20 28.84 29.18 28.81 28.90 28.68 29.16 29.10 29.32 28.78 28.78 29.05 29.08 29.01 29.03 29.46 29.51 29.56 29.27 29.44 29.47 28.85 29.02 28.30 25.36 25.68 27.32 27.07 26.75 27.53 28.68 29.48 28.95 28.60 28.02 27.53 27.12 24.32 24.12 26.91 26.44 28.29 22.68 24.88 25.66 20.57 25.67 25.67 27.64 27.64 26.63 26.63 26.97 26.97 26.97 26.97 26.97 27.09 27.09 26.88 27.58 27.58 27.58 27.58 27.58 27.58 27.58 27.58 99999.90 99999.90 99999.90 99999.90 99999.90
29.02 29.06 28.53 28.65 28.99 29.13 28.56 28.65 29.11 29.37 29.42 29.32 29.28 29.05 28.99 29.22 29.28 29.22 29.43 29.52 29.56 29.57 29.54 29.44 29.23 28.82 28.43 28.17 25.63 24.94 24.88 26.41 26.19 26.96 27.20 28.88 28.71 28.07 28.17 27.78 26.77 26.70 26.12 28.00 27.90 27.10 23.94 25.24 25.27 22.21 23.25 27.64 27.64 26.63 26.63 26.97 26.97 26.97 26.97 26.97 27.09 27.09 26.88 26.88 27.58 27.58 27.58 27.58 27.58 27.58 27.58 27.58 99999.90 99999.90 99999.90 99999.90 99999.90
29.20 29.24 29.27 28.74 28.71 28.20 28.73 28.61 28.94 29.29 29.20 29.38 29.44 29.15 29.19 29.23 29.21 29.25 29.46 29.54 29.55 29.49 29.56 29.58 29.26 28.82 28.97 27.79 26.32 26.06 26.09 26.14 25.82 25.01 27.08 28.27 28.18 28.10 27.38 27.67 26.96 27.33 26.26 27.74 27.38 25.10 25.54 26.94 25.78 26.21 24.88 24.92 26.63 26.63 26.97 26.97 26.97 26.97 26.72 27.09 27.09 26.88 26.88 27.58 27.58 27.58 27.58 27.58 27.58 27.58 27.58 27.58 99999.90 99999.90 99999.90 99999.90 99999.90
29.19 29.46 28.98 28.72 28.79 28.67 28.37 28.02 29.03 29.36 29.30 29.11 29.09 28.91 28.79 28.80 29.03 29.16 29.45 29.52 29.55 29.31 29.45 29.49 29.43 28.45 27.93 28.58 26.77 27.33 26.63 27.00 25.05 25.41 26.97 28.00 28.76 28.28 28.22 28.04 28.73 28.92 28.07 27.81 27.13 27.06 27.98 28.00 27.25 27.35 27.31 26.42 26.61 26.97 26.97 26.97 26.72 26.72 27.09 27.09 26.88 26.88 27.28 27.58 27.58 27.58 27.58 27.58 27.58 27.58 27.58 27.58 99999.90 99999.90 99999.90 99999.90 99999.90
29.25 29.58 29.33 28.76 29.17 28.65 28.17 28.72 29.22 29.21 29.31 29.17 28.94 28.45 28.80 28.89 28.42 29.22 29.49 29.55 29.57 29.45 29.51 29.56 29.20 28.67 27.50 27.64 27.10 26.98 26.00 25.05 26.03 26.37 27.13 27.68 27.23 28.12 27.96 28.83 29.11 29.03 28.74 28.60 25.88 26.35 26.93 28.01 28.29 28.43 28.33 27.48 28.05 27.14 27.14 26.72 26.72 27.09 27.09 26.88 26.88 27.28 27.58 27.58 27.58 27.58 27.58 27.58 27.58 27.58 27.58 27.58 99999.90 99999.90 99999.90 99999.90 99999.90
29.18 29.48 29.34 29.18 29.26 28.60 28.31 28.82 29.11 29.31 29.42 29.29 28.81 28.43 28.77 28.40 28.98 29.20 29.33 29.57 29.58 29.57 29.57 29.58 29.44 28.44 27.12 26.96 27.78 26.87 25.46 25.82 26.80 26.57 26.14 27.06 27.05 27.60 28.24 28.48 28.64 28.26 28.00 28.10 26.98 25.16 27.49 29.19 29.19 29.16 28.85 28.22 28.16 28.63 26.72 26.72 27.09 27.09 26.88 26.88 27.28 27.28 27.58 27.58 27.58 27.58 27.58 27.58 27.58 27.58 27.58 27.58 99999.90 99999.90 99999.90 99999.90 99999.90
28.88 29.14 28.83 29.01 29.04 28.57 28.25 29.03 28.82 29.14 29.39 29.33 28.61 28.87 28.69 28.73 28.99 29.06 29.30 29.42 29.62 29.51 29.53 29.55 29.21 27.63 26.74 27.37 26.35 27.25 27.06 27.23 26.68 26.35 27.00 26.90 27.95 28.22 28.52 28.28 28.45 27.97 27.75 26.98 25.56 27.90 28.95 29.15 29.16 29.07 29.02 28.90 28.52 28.98 28.24 27.09 27.09 26.88 26.88 27.28 27.28 27.58 27.58 27.58 27.58 27.58 27.58 27.58 27.58 27.58 27.58 27.58 23.79 99999.90 99999.90 99999.90 99999.90
29.01 28.80 28.11 28.94 28.85 28.73 28.47 28.87 29.08 29.05 29.38 29.31 29.40 28.77 28.95 28.57 29.06 29.23 28.98 29.19 29.59 29.51 29.50 29.53 28.14 25.94 27.06 26.54 25.66 25.82 26.36 24.94 27.06 27.46 27.50 27.77 27.54 28.38 28.69 27.79 27.88 27.48 27.66 25.23 25.95 28.43 28.82 28.94 28.99 28.71 28.53 28.74 28.69 28.84 28.82 28.05 26.88 26.88 27.28 27.28 27.27 27.58 27.58 27.58 27.58 27.58 27.58 27.58 27.58 27.58 27.58 27.58 23.79 99999.90 99999.90 99999.90 99999.90
