main/data/irradiance/24.12.2023.grid
ncols 839
nrows 679
xllcenter 112.0500
yllcenter -43.9500
cellsize 0.0500
nodata_value 99999.90
[rows 170 to 203 of 679, columns 616 to 692 of 839]
24.81 24.65 26.29 25.89 24.97 25.72 25.98 26.01 25.37 24.70 24.76 24.50 23.50 24.25 24.56 24.66 24.53 24.45 24.85 24.56 23.85 24.77 24.83 23.73 24.60 25.19 25.22 25.66 25.35 25.78 25.97 25.81 25.16 25.63 26.11 25.95 26.63 26.11 27.82 28.40 28.20 27.14 26.37 26.66 26.18 26.99 27.57 27.89 29.09 28.88 27.65 26.35 26.32 26.79 26.43 26.56 23.70 23.80 24.73 26.04 25.65 24.71 25.54 25.90 25.05 23.39 25.45 25.55 25.71 25.33 25.33 25.33 25.33 25.33 25.33 25.33 25.33
25.32 24.94 25.27 25.38 24.41 25.02 25.17 26.08 25.64 25.60 25.41 24.67 24.89 24.41 24.37 24.48 24.83 24.73 24.90 24.14 24.16 24.38 24.63 24.51 23.64 24.43 25.38 25.31 25.43 25.85 26.39 26.54 26.39 26.31 26.29 25.12 25.99 26.36 27.04 28.75 28.56 28.13 27.38 25.81 25.25 25.67 25.44 25.98 27.60 27.84 27.82 26.98 26.17 25.68 25.43 23.93 24.48 25.25 24.95 24.92 24.28 25.23 24.95 25.75 25.35 25.09 26.15 25.74 25.92 26.59 26.59 26.59 26.59 26.59 26.59 26.59 26.59
25.63 26.41 25.87 25.65 25.25 24.24 25.15 25.18 26.03 26.41 26.21 26.48 26.09 25.85 25.31 25.34 25.07 25.18 24.98 24.34 24.90 23.91 23.82 24.67 24.77 24.50 24.92 25.33 26.07 26.19 27.00 26.90 26.79 26.47 27.12 27.26 26.94 27.46 28.18 28.36 28.89 28.52 27.70 27.19 25.32 26.21 27.08 26.44 27.78 27.37 26.51 25.90 24.54 24.13 25.20 24.00 23.65 24.89 24.42 24.39 24.78 25.34 26.18 27.07 26.65 26.84 26.47 26.15 26.96 26.92 26.92 26.92 26.92 26.92 26.92 26.92 26.92
25.83 25.50 25.59 25.99 25.85 25.49 25.60 25.36 26.21 26.44 26.33 26.37 26.25 26.81 26.85 27.04 26.37 26.65 26.30 26.35 26.37 25.42 24.63 24.91 25.93 26.22 26.31 26.53 26.74 26.83 26.85 27.21 27.00 26.99 27.33 28.25 28.32 27.44 28.02 28.71 28.60 28.21 28.01 28.27 26.62 27.67 27.53 26.42 27.45 27.95 27.00 25.26 24.41 22.89 22.47 23.06 22.91 24.22 24.67 24.06 23.71 24.09 27.03 27.85 27.60 28.59 27.47 27.94 28.75 26.92 26.92 26.92 26.92 26.92 26.92 26.92 26.92
26.18 25.28 25.70 25.64 26.06 26.00 25.72 26.00 25.65 26.63 26.36 25.74 26.38 26.36 26.95 27.08 27.64 28.25 27.63 26.79 26.03 26.54 25.96 26.09 26.32 26.96 27.08 26.58 27.85 27.12 26.80 26.87 26.84 26.83 27.11 26.90 27.66 29.00 28.84 29.07 29.32 29.15 28.79 29.16 28.52 27.97 26.46 26.98 28.53 28.23 28.18 26.13 25.36 26.98 26.10 24.15 25.58 24.10 22.54 23.63 23.56 23.72 27.32 26.84 25.02 27.56 28.35 28.06 29.06 29.06 29.06 26.92 26.92 26.92 26.92 26.92 26.92
26.52 26.23 26.60 26.07 26.33 26.51 26.49 25.29 26.10 26.39 26.22 26.22 26.77 26.24 27.00 26.69 26.73 27.11 27.08 26.56 26.11 26.43 27.12 26.42 25.63 26.37 27.00 27.22 27.89 27.76 27.07 26.84 26.89 26.67 27.03 27.48 27.43 28.17 28.16 28.94 28.99 28.97 28.93 28.45 27.70 26.84 26.44 25.77 27.63 27.76 27.10 28.85 27.80 27.11 26.38 25.55 25.30 23.96 22.25 24.96 26.01 24.44 25.07 24.81 25.11 26.26 27.06 27.32 27.94 27.94 27.94 27.94 27.94 26.92 27.32 27.32 26.82
26.57 26.29 25.81 25.36 25.98 26.32 26.11 26.68 26.61 26.58 26.59 26.83 26.33 27.37 26.33 25.87 26.06 26.54 26.69 26.52 26.33 26.76 26.80 26.08 25.35 24.41 26.51 26.47 27.07 27.79 27.12 27.34 26.49 26.70 25.69 26.35 27.31 27.46 28.07 28.63 29.17 29.58 29.29 29.10 28.67 27.53 26.09 27.70 27.49 27.23 27.83 28.01 27.63 27.48 27.28 27.16 26.98 27.17 25.35 28.16 27.58 24.99 22.57 25.00 27.00 25.74 25.90 27.29 27.94 27.94 27.94 28.87 28.87 27.32 27.32 26.82 26.82
26.96 26.09 26.67 26.15 26.26 26.49 26.34 27.23 26.76 26.19 26.92 27.32 27.90 26.84 26.48 26.57 25.50 25.43 26.33 25.85 26.13 26.15 26.74 26.64 25.29 23.76 26.00 26.97 26.79 27.05 26.50 26.65 27.22 27.48 26.50 26.57 26.58 26.85 27.60 27.57 28.96 28.74 29.44 29.16 29.28 28.71 27.07 27.92 26.76 26.04 27.37 26.80 26.65 27.23 28.11 28.26 28.05 28.44 27.50 29.19 28.91 27.99 26.11 25.31 26.40 25.04 22.85 26.96 28.29 28.29 28.87 28.87 27.32 27.32 26.82 26.82 27.92
28.17 26.70 27.62 27.68 27.78 26.90 27.10 26.91 26.63 26.69 27.56 26.94 27.89 27.41 27.31 27.13 26.20 26.39 26.51 26.41 26.40 26.84 26.71 27.13 25.78 24.54 25.24 26.76 27.28 26.32 27.22 27.29 27.23 27.58 27.19 26.40 25.99 26.00 26.69 27.47 28.52 27.88 29.01 28.57 29.08 29.29 27.45 25.66 27.02 27.94 28.19 26.91 26.58 26.57 27.09 27.65 28.01 27.79 27.47 28.13 28.72 27.14 25.94 27.08 27.03 26.18 23.54 22.61 25.70 28.87 28.87 27.32 27.32 26.82 26.82 27.92 27.92
28.28 27.01 25.88 28.18 28.33 25.63 26.58 27.99 27.48 26.87 26.35 27.67 27.38 27.84 27.58 27.91 26.53 25.51 25.91 26.64 27.04 27.34 26.09 26.93 25.42 26.18 26.11 26.52 26.95 26.71 26.74 26.95 27.28 27.79 27.96 27.79 26.98 27.26 27.16 27.58 28.41 28.12 28.24 28.22 28.83 28.74 27.86 24.88 25.24 27.18 28.30 28.18 27.32 26.25 27.08 25.75 24.75 26.20 27.15 27.26 27.38 26.83 25.67 28.08 27.17 26.53 25.16 21.99 22.93 25.89 27.32 27.32 26.82 26.82 27.92 27.92 27.48
28.52 27.80 26.40 28.04 28.91 26.02 24.84 24.18 26.42 26.21 26.82 27.57 27.08 27.86 27.57 28.20 28.00 27.38 26.84 27.53 28.04 27.97 25.19 26.32 24.28 26.86 26.82 26.36 27.27 27.67 26.79 26.51 27.31 27.68 28.14 28.19 27.92 27.79 27.61 27.41 28.07 28.00 28.34 28.29 27.87 28.44 27.56 25.70 27.05 27.86 26.78 27.92 26.35 25.04 26.38 26.00 27.26 27.64 28.47 28.51 28.01 26.96 25.92 26.04 25.11 24.84 26.79 27.65 24.97 24.40 25.02 26.82 26.82 27.92 27.92 28.18 27.48
27.94 27.90 27.39 27.61 27.98 27.51 25.40 25.13 26.29 26.24 26.10 27.09 27.35 28.18 27.81 28.17 28.48 27.50 27.96 27.67 27.00 27.90 25.36 25.16 25.80 26.60 28.30 25.80 23.52 27.06 27.55 26.74 26.94 27.18 26.92 27.38 27.68 27.81 27.49 27.05 27.11 27.33 27.54 27.89 27.62 26.90 27.08 24.92 25.55 27.28 26.99 26.89 26.20 23.98 23.62 23.46 26.87 27.57 28.32 27.26 26.89 24.73 25.68 23.78 22.31 22.11 23.38 27.05 27.45 24.11 22.58 25.53 27.92 27.92 28.18 27.48 27.48
26.88 26.87 27.55 27.63 27.23 26.51 25.51 25.45 25.46 25.08 24.45 26.66 27.65 27.33 27.49 27.76 27.80 27.96 27.83 27.72 25.92 27.23 24.97 24.24 28.17 26.72 27.87 28.09 23.35 25.87 27.77 28.03 26.31 27.04 27.64 27.12 26.36 26.50 27.16 27.96 25.85 26.96 27.53 26.99 27.14 27.04 25.71 24.78 24.88 23.99 26.31 26.55 24.31 24.94 24.85 26.18 27.33 28.98 27.29 27.54 27.16 25.19 25.06 23.15 21.63 22.28 21.41 25.92 27.93 27.38 25.98 24.82 26.73 28.18 28.18 27.48 27.48
27.24 27.19 26.72 23.34 25.39 26.14 26.12 26.56 26.75 24.67 24.44 26.39 27.93 27.92 27.47 27.30 27.89 27.62 27.07 27.18 27.59 27.70 26.32 25.56 26.42 26.01 27.06 26.45 25.08 25.54 26.70 27.23 26.13 25.56 27.28 28.31 27.72 26.91 27.53 27.80 27.27 27.18 27.63 27.24 27.04 27.80 25.81 23.84 25.84 25.09 25.93 26.35 25.89 25.34 25.46 25.17 25.84 26.78 27.54 26.55 27.30 26.67 25.32 23.64 22.18 22.58 24.28 24.93 26.82 25.36 25.73 25.11 25.29 26.17 26.72 27.48 27.48
28.00 28.07 27.07 25.06 25.18 26.56 27.21 24.54 24.64 26.30 26.83 27.33 28.42 28.71 28.71 27.82 28.00 27.39 27.18 27.11 27.19 27.36 26.69 26.65 25.98 26.09 27.95 27.24 26.39 27.30 27.14 27.45 25.80 26.24 27.16 27.58 27.93 27.09 27.69 27.70 27.68 27.27 27.13 27.50 26.93 27.39 26.89 23.66 21.78 25.00 25.64 26.10 26.18 27.32 25.69 25.98 26.37 26.83 27.52 27.34 26.32 27.80 27.47 25.05 24.75 22.39 25.67 25.44 27.02 24.90 23.95 23.90 25.36 26.77 26.87 27.77 27.39
28.60 28.29 27.59 28.10 28.06 27.36 26.63 24.32 25.03 25.60 26.76 27.13 27.30 28.07 27.85 28.38 29.20 28.41 28.47 27.46 27.48 27.29 26.76 26.64 26.59 27.80 28.18 28.18 25.84 25.22 28.64 27.70 26.11 26.80 26.79 26.17 26.36 27.71 25.87 27.58 28.43 27.73 27.77 27.85 27.18 27.39 26.07 24.47 25.04 23.65 25.56 25.61 26.08 26.51 26.31 26.65 24.98 25.88 27.25 28.34 28.42 27.48 28.09 27.37 25.72 25.10 26.38 26.79 28.32 27.59 25.91 26.67 27.66 27.86 27.23 29.02 29.16
29.58 28.17 28.01 27.23 27.34 27.92 28.63 24.52 25.50 25.81 25.93 26.41 26.39 27.49 27.90 28.68 28.73 28.47 28.28 27.67 27.19 27.08 27.35 27.20 26.63 27.51 28.74 28.94 29.04 27.38 27.56 28.35 28.86 27.47 27.32 27.33 27.99 27.11 26.86 26.86 27.44 28.51 27.98 27.37 27.38 27.41 26.88 26.97 26.65 26.09 26.11 26.81 26.16 27.03 26.75 27.42 26.15 26.49 26.69 27.67 29.48 28.90 28.61 27.84 28.13 28.12 27.34 27.33 28.01 27.74 27.89 26.40 27.61 28.40 27.93 28.81 29.11
29.76 29.39 29.09 28.15 28.16 27.45 28.09 26.89 27.08 26.82 26.98 26.82 26.47 27.52 28.42 28.29 28.62 27.93 28.62 26.92 27.48 28.35 28.85 28.50 28.14 27.13 28.42 29.73 29.53 29.12 27.11 26.82 28.02 25.34 24.64 24.55 25.43 25.61 25.20 26.17 26.49 26.24 26.96 27.68 26.70 26.45 26.42 26.66 26.22 25.98 25.79 25.45 26.02 27.16 26.06 26.32 26.71 25.95 25.96 27.33 29.24 28.73 28.41 28.51 28.36 28.24 27.97 27.39 27.89 27.30 26.77 26.80 28.06 28.10 27.69 28.02 28.41
29.88 29.48 29.71 28.86 28.91 28.99 27.64 27.09 27.66 27.79 27.14 28.01 26.25 26.28 27.19 27.81 27.10 27.80 27.15 27.75 26.85 26.88 27.96 28.47 28.39 27.82 28.28 29.03 29.44 29.29 27.49 25.82 25.90 25.56 24.87 24.41 25.15 26.41 25.76 25.53 24.57 22.84 23.65 24.28 24.23 24.71 25.32 25.85 25.25 25.00 25.47 25.50 25.20 26.42 26.71 26.27 25.16 25.93 24.96 27.24 28.69 27.91 27.86 27.94 29.01 29.07 28.63 28.24 28.10 28.15 28.78 29.10 28.74 29.07 28.48 29.40 27.89
29.44 29.58 29.50 29.68 29.65 29.62 29.02 28.46 28.10 27.76 27.12 26.45 26.16 24.60 26.04 27.78 26.77 27.30 27.80 27.58 27.11 27.12 27.20 27.34 28.21 27.62 26.74 27.67 27.80 27.54 28.95 27.32 25.57 26.06 25.84 23.01 24.23 24.65 24.75 25.92 24.79 23.47 22.64 23.29 23.67 23.85 24.50 24.44 24.95 25.26 26.12 26.36 25.77 26.25 26.37 26.81 25.20 26.27 26.87 27.68 28.37 27.59 27.60 28.53 28.64 27.69 27.80 28.62 27.84 28.15 29.00 29.02 28.33 28.54 28.52 26.80 28.15
29.45 29.40 29.33 29.65 29.69 29.85 29.61 29.17 28.33 27.43 28.18 26.12 25.86 23.27 25.44 26.83 27.04 26.95 27.69 27.23 27.79 27.91 26.61 26.96 27.38 28.59 26.98 27.28 28.25 28.50 28.05 28.87 26.16 24.75 23.83 23.99 24.04 24.49 25.90 26.60 26.24 25.48 24.91 24.76 24.79 24.24 24.47 25.45 26.31 26.43 26.73 27.65 27.99 27.83 26.93 26.26 25.35 25.87 27.12 27.53 28.65 26.29 27.58 27.25 28.62 27.90 27.37 28.51 27.20 27.88 28.84 28.30 28.18 27.62 27.40 28.48 27.91
29.47 29.15 29.65 29.57 29.65 29.63 29.78 29.60 29.00 28.84 28.33 27.31 25.18 22.37 26.00 27.87 27.50 27.30 27.38 27.05 27.27 27.42 27.10 26.91 28.30 29.27 27.95 27.82 28.90 28.86 27.91 27.76 26.88 25.67 22.61 25.09 26.47 26.54 25.80 25.62 25.90 26.05 25.19 25.70 25.54 25.80 25.98 26.78 27.27 28.08 28.16 28.79 29.21 27.83 27.26 25.97 25.76 24.40 25.36 27.22 28.01 27.09 28.19 27.07 27.17 28.41 27.35 28.23 28.03 27.75 28.28 27.44 27.04 27.23 26.76 27.92 27.84
29.55 29.33 29.08 29.76 29.97 29.39 29.71 29.68 29.59 29.80 28.94 27.58 27.23 25.67 26.33 28.12 27.93 28.43 28.79 28.45 27.18 27.00 28.18 28.36 28.85 26.35 27.87 27.28 28.46 28.68 28.19 27.92 24.39 25.16 22.90 23.53 24.87 24.23 23.63 23.25 23.93 25.85 25.94 25.63 25.73 25.98 25.53 26.89 27.47 28.77 29.15 29.31 28.78 27.36 27.42 27.92 28.12 25.30 26.14 26.33 27.35 27.45 28.01 27.71 27.66 27.92 28.20 28.18 27.64 28.41 28.43 27.35 27.22 26.52 24.95 25.32 27.36
29.80 29.01 28.50 29.62 30.05 28.99 29.48 29.81 29.85 29.51 29.47 28.07 26.94 26.64 26.73 27.12 27.30 27.79 28.77 28.24 28.20 28.13 28.94 28.81 27.84 27.83 27.49 27.00 26.39 27.13 28.64 25.59 24.08 23.93 22.86 26.09 24.89 22.44 24.73 23.89 23.89 24.11 26.92 26.52 27.24 27.51 27.49 27.46 27.83 28.42 27.72 28.33 28.08 27.91 27.21 28.50 29.34 27.34 27.70 26.69 26.83 27.64 27.97 27.31 28.19 28.68 28.04 27.25 27.51 28.02 27.06 27.11 26.24 26.09 26.04 26.03 27.28
30.05 29.78 29.06 28.31 29.57 28.67 29.24 30.07 30.21 29.44 29.20 28.73 27.97 27.63 27.23 25.99 27.72 28.74 27.85 28.58 28.58 26.48 27.24 28.16 27.68 28.69 29.81 28.50 24.43 27.06 27.33 25.42 25.40 26.48 26.12 27.72 26.30 22.65 25.58 25.80 25.45 25.55 26.40 26.68 28.34 28.31 28.06 28.81 28.83 28.37 27.69 28.09 27.52 28.61 27.99 27.99 28.02 27.18 27.07 27.36 25.73 27.16 28.09 28.01 27.63 29.22 28.69 28.27 27.32 26.53 25.94 25.97 26.24 25.24 24.92 25.50 26.71
30.02 30.16 29.91 29.45 29.42 29.64 29.50 29.85 30.12 30.22 29.38 29.08 29.44 28.69 26.27 25.55 28.61 29.15 29.42 28.62 27.36 27.40 28.70 28.36 29.18 28.64 29.35 28.07 27.12 26.15 27.13 26.69 26.90 27.63 28.06 28.74 28.45 25.72 26.26 27.28 26.31 27.12 28.77 27.85 26.96 27.07 27.47 28.41 28.09 29.52 29.22 28.68 27.83 27.46 28.85 28.18 27.88 26.64 26.45 26.86 27.45 26.30 26.91 27.99 27.61 28.04 27.75 27.44 26.47 25.77 25.23 25.84 27.46 25.43 24.32 24.34 27.02
30.21 30.28 29.89 29.91 30.09 30.03 29.94 29.49 29.91 29.97 29.74 29.84 29.75 29.30 26.53 24.90 26.22 27.37 28.81 29.07 28.33 24.94 26.84 26.12 26.89 28.02 28.92 28.03 27.91 28.59 28.23 28.09 28.13 28.00 28.67 28.75 29.13 27.70 27.45 27.67 26.61 26.80 27.89 28.54 27.25 27.25 27.41 28.15 28.33 28.69 28.53 28.12 28.53 28.34 27.77 28.13 28.49 27.71 26.39 26.79 27.62 27.46 27.03 25.98 26.44 27.07 26.94 26.21 25.91 26.50 24.64 24.82 26.29 25.57 25.67 25.13 25.42
30.33 30.15 30.30 30.12 30.11 30.24 29.63 29.88 29.78 29.92 30.10 29.71 29.56 29.48 28.25 24.37 26.23 27.97 28.57 28.72 28.80 25.83 25.70 26.32 28.07 29.02 28.51 29.30 27.98 28.01 27.69 26.97 28.51 27.78 28.42 29.47 29.33 27.18 27.36 26.96 28.69 27.47 27.78 29.00 27.41 27.13 27.30 28.29 28.14 27.73 28.39 28.27 28.11 27.51 27.49 28.14 28.41 27.54 27.20 27.68 27.12 27.27 27.72 27.14 27.15 26.70 26.85 26.92 26.37 26.27 25.82 25.12 26.21 25.50 25.67 25.56 25.72
30.21 29.88 30.04 30.10 30.18 29.56 29.23 30.28 29.86 29.71 29.78 30.04 29.84 29.85 29.64 28.01 24.92 27.42 28.39 28.11 27.22 26.96 27.38 27.94 28.91 28.98 29.24 29.36 28.97 27.91 27.53 27.84 27.40 27.84 29.18 28.11 28.18 27.86 27.07 26.50 28.90 26.90 27.21 27.01 24.96 25.39 25.95 26.99 27.65 28.55 28.16 28.14 27.12 27.37 26.42 27.46 26.97 27.13 27.19 28.51 27.20 26.96 26.93 26.84 26.43 26.54 26.47 26.57 26.80 26.46 26.50 25.78 25.97 25.49 25.70 25.93 25.94
30.40 29.78 29.53 30.11 30.09 30.00 30.33 30.19 29.82 29.90 29.64 30.26 29.54 29.19 29.73 29.12 27.66 28.51 28.70 28.47 28.18 28.83 27.97 26.87 29.31 29.86 29.37 28.58 29.33 29.11 29.22 29.03 27.51 28.33 28.64 27.89 26.61 26.64 27.19 25.66 27.35 27.60 27.57 27.46 28.16 28.04 27.95 28.59 28.23 27.34 27.92 27.87 27.07 26.55 27.09 27.30 25.70 26.14 25.48 25.99 26.73 25.78 26.21 26.66 25.69 26.10 26.07 26.53 26.44 26.37 25.77 25.33 25.26 24.73 24.91 23.85 24.41
30.40 30.25 30.24 30.30 30.19 30.23 30.30 30.05 30.07 29.82 30.11 30.04 30.14 29.90 29.74 29.72 29.57 29.55 29.64 28.64 28.87 28.15 27.38 26.36 28.58 29.79 28.78 29.28 29.82 28.87 28.51 29.72 29.96 28.45 28.63 29.27 26.90 25.62 27.19 26.90 27.35 27.70 27.51 28.71 29.56 29.12 29.34 29.16 29.35 26.72 25.35 25.85 26.15 26.27 27.42 27.41 26.21 25.80 25.87 25.30 26.42 26.11 26.87 26.73 26.66 25.31 25.28 25.66 25.56 25.22 25.04 24.36 24.95 24.34 23.57 23.60 23.75
30.43 30.41 30.14 29.97 30.30 30.28 30.24 29.90 30.28 30.09 30.09 30.19 29.70 30.15 29.69 29.75 29.81 29.76 29.74 29.82 28.87 29.13 28.69 28.46 29.78 29.30 29.26 28.05 28.60 29.21 29.17 29.58 29.40 29.96 29.84 29.59 29.47 25.55 27.55 26.26 27.89 26.78 28.30 28.85 28.97 28.81 27.66 29.42 29.22 26.39 25.00 26.06 26.60 27.00 26.91 27.55 26.11 26.13 26.05 25.44 25.84 26.34 26.55 26.68 26.86 25.89 25.36 25.37 24.73 24.60 25.56 24.13 24.15 24.06 23.18 24.68 23.70
30.38 30.38 30.36 30.17 30.45 30.28 30.26 30.19 30.23 30.29 30.06 29.82 30.19 30.05 30.31 30.28 30.09 29.86 29.76 29.95 29.13 28.97 27.99 28.00 28.30 28.96 28.24 27.81 28.21 28.14 29.01 29.99 29.26 29.68 29.31 26.72 27.50 26.88 27.95 25.80 28.35 28.36 28.79 29.89 29.31 27.89 27.82 28.17 28.95 26.44 25.88 26.21 27.40 27.20 27.00 27.58 26.98 26.44 25.54 25.39 25.72 25.94 26.33 26.24 26.42 26.27 25.42 26.34 25.63 25.16 26.05 25.68 25.22 24.66 24.38 22.47 23.00
30.35 30.42 30.42 30.07 30.49 30.48 30.47 29.50 30.18 30.02 30.21 30.14 30.33 29.93 30.25 30.24 30.28 30.25 30.06 30.17 29.97 29.34 27.17 28.16 28.22 29.13 29.54 30.13 29.84 29.75 29.01 29.05 29.27 27.71 27.95 26.75 28.03 28.30 26.55 27.32 27.17 29.29 28.63 27.64 27.64 27.74 27.39 27.74 28.55 25.75 25.42 26.26 25.85 27.10 27.21 27.58 27.75 25.70 24.43 24.53 23.85 24.09 25.06 25.38 25.45 25.54 26.29 26.95 27.37 25.82 25.70 26.57 26.16 26.09 26.09 26.30 25.78
