main/data/irradiance/24.11.2023.grid
ncols 839
nrows 679
xllcenter 112.0500
yllcenter -43.9500
cellsize 0.0500
nodata_value 99999.90
[rows 374 to 407 of 679, columns 77 to 153 of 839]
25.02 27.12 25.58 25.89 27.76 27.49 25.94 24.80 24.16 23.40 25.85 24.02 22.22 24.45 28.05 26.89 27.25 27.46 25.19 24.75 25.56 23.75 23.80 23.16 23.86 24.25 22.58 22.97 25.82 26.51 27.41 26.80 26.93 26.93 26.60 26.46 26.41 26.36 25.87 25.03 23.14 23.77 23.65 21.61 21.32 21.57 22.43 22.07 22.23 21.98 19.87 21.60 21.82 21.82 20.63 19.80 18.86 19.07 18.65 18.90 18.81 17.48 18.88 19.37 19.35 16.77 16.71 17.84 18.55 18.49 18.16 17.36 20.02 21.72 21.00 22.14 22.92
26.42 25.81 27.14 27.78 29.06 28.04 26.59 26.57 26.30 23.96 23.78 22.79 25.35 24.69 26.23 26.03 26.52 26.13 25.42 25.39 25.29 24.61 25.71 25.26 25.23 26.11 25.09 25.62 27.15 27.33 26.78 26.72 26.65 27.07 27.09 26.88 26.54 26.55 25.82 25.12 25.22 24.56 23.19 22.16 21.41 21.64 21.04 20.55 21.59 21.58 21.37 20.33 21.27 20.98 18.91 19.87 19.24 17.99 18.42 18.64 18.45 18.33 18.82 17.65 16.77 16.22 16.33 15.85 15.34 17.44 19.26 20.14 22.04 22.24 23.17 22.91 24.62
26.31 27.76 28.26 28.46 26.28 26.21 24.25 24.33 25.70 24.40 26.27 26.45 26.22 25.08 24.88 26.31 26.03 25.60 25.52 25.82 26.68 25.73 25.82 25.67 25.37 25.57 25.47 26.93 28.11 27.11 27.02 26.06 26.02 25.96 26.13 25.93 26.01 26.69 25.95 25.17 24.78 23.66 22.65 21.89 21.81 21.82 21.47 22.43 21.92 21.65 21.34 19.88 20.74 18.35 18.95 19.84 19.12 18.54 18.66 18.08 17.57 19.32 17.94 16.51 16.88 15.04 14.62 16.29 16.20 17.62 20.03 20.95 20.95 23.62 24.21 23.74 24.42
27.69 27.67 27.40 27.59 25.94 25.37 23.12 21.69 22.21 22.70 25.83 26.70 25.48 22.87 24.52 26.20 24.84 23.51 25.73 26.14 26.60 24.91 25.71 26.17 24.66 25.31 25.88 27.02 27.10 27.43 27.06 26.17 26.61 25.93 26.00 26.43 26.85 26.47 24.70 24.98 24.12 22.20 20.99 22.78 24.21 24.12 23.04 21.94 20.07 19.46 20.03 20.32 18.27 17.62 19.85 19.50 18.21 17.45 20.44 18.82 18.79 18.10 15.57 16.04 16.06 16.43 17.83 17.72 17.36 18.00 19.67 21.57 22.41 23.64 24.78 23.84 24.14
28.61 27.70 27.77 27.14 25.65 23.20 22.85 24.27 24.33 23.53 25.54 27.07 26.03 23.94 24.12 24.26 23.90 24.87 26.57 26.98 24.96 24.88 26.29 26.56 24.40 23.47 25.06 26.16 26.66 26.17 25.61 26.38 26.21 26.96 26.76 26.00 25.12 24.77 24.39 24.13 22.67 22.40 23.43 24.66 23.54 22.36 23.22 21.99 20.89 20.10 19.61 17.64 17.35 18.75 19.30 18.19 16.79 18.56 18.22 16.86 16.21 16.21 15.75 17.35 17.40 18.61 18.35 17.93 17.12 19.15 21.76 20.61 20.87 23.24 24.65 24.27 24.55
26.19 26.03 26.46 24.76 26.19 23.97 23.85 25.53 26.73 26.76 27.08 27.02 25.52 25.97 25.87 25.31 25.12 26.22 26.99 25.41 25.48 25.64 26.09 24.36 23.20 23.70 24.76 25.52 25.20 25.30 25.55 25.40 26.09 26.59 25.67 26.09 24.72 25.99 24.57 23.72 23.15 24.07 24.18 23.17 22.14 22.08 22.30 22.15 21.59 19.19 18.18 18.66 19.10 19.42 18.66 19.34 19.63 19.69 17.33 16.77 16.22 16.11 17.20 18.55 18.67 19.38 19.08 18.48 19.74 21.52 22.03 20.68 22.42 23.23 24.37 24.41 24.45
23.42 25.90 26.41 25.73 23.52 20.66 23.65 25.29 26.08 24.79 25.94 26.39 26.04 24.63 24.38 25.43 26.48 26.93 27.45 27.05 27.22 25.19 25.12 22.44 22.77 24.51 24.39 25.82 24.89 24.93 25.61 24.59 25.15 24.87 26.16 26.08 24.38 24.33 24.46 24.61 24.00 23.14 21.36 20.59 22.14 22.01 21.29 20.80 19.41 18.74 19.21 19.36 18.27 18.30 19.09 20.00 19.81 18.21 16.68 18.17 18.12 19.68 19.86 17.49 16.78 19.89 18.16 18.46 20.23 20.70 22.07 21.84 23.12 23.06 24.64 25.41 25.73
27.53 27.54 24.42 24.44 24.41 23.28 24.19 24.54 23.74 25.70 26.12 25.35 25.13 24.95 25.35 24.87 24.97 26.03 28.29 27.87 27.76 25.13 23.35 22.98 23.30 24.27 23.69 25.53 26.77 26.02 26.34 25.25 24.50 24.99 23.75 24.58 23.70 24.06 24.74 25.52 24.10 22.78 22.29 22.96 21.36 19.41 19.24 19.74 19.69 19.92 20.77 20.63 19.28 19.68 19.88 19.61 18.74 17.49 17.68 18.78 18.67 21.19 20.41 18.71 19.24 18.18 17.85 20.05 19.48 20.52 21.64 24.06 24.98 25.35 26.19 26.56 26.60
23.21 26.73 25.53 23.78 23.83 23.95 24.23 24.97 24.45 25.04 24.83 24.24 24.12 24.97 23.85 23.74 25.28 25.66 28.47 28.34 27.21 23.93 22.74 24.44 25.95 25.50 25.67 26.71 27.28 25.59 24.36 24.09 22.78 22.56 22.13 23.11 24.27 24.37 24.59 23.65 22.41 23.07 23.30 21.23 20.53 19.86 18.68 18.99 18.80 19.09 19.93 20.41 20.48 18.80 18.28 18.10 17.48 16.45 17.88 19.50 20.95 22.80 20.53 18.68 18.30 17.16 17.10 18.91 19.96 23.27 22.90 23.83 24.98 24.57 24.27 25.05 25.33
24.05 26.82 24.71 23.89 22.45 22.73 24.62 24.77 24.73 24.99 26.97 26.95 25.87 26.03 26.50 25.18 25.86 27.28 27.99 25.52 23.37 23.10 22.81 25.19 26.77 26.96 27.78 27.78 26.28 24.95 25.20 24.28 23.89 23.29 23.80 24.30 25.15 24.48 23.73 22.24 22.07 23.27 22.88 21.14 20.56 19.65 17.41 18.99 19.51 19.46 18.95 19.32 18.60 18.22 17.17 18.00 18.71 18.70 19.12 19.90 19.33 17.21 15.13 15.94 17.59 19.63 20.42 21.84 22.51 24.15 23.04 24.97 25.59 25.17 24.04 25.15 24.88
26.25 25.59 25.03 24.28 22.78 23.71 25.45 24.62 25.02 25.97 27.57 27.87 27.85 26.75 25.49 25.03 25.02 25.91 26.47 24.05 22.90 22.44 22.07 26.17 26.60 26.91 27.93 26.63 26.65 25.31 24.81 23.93 24.05 24.89 24.70 23.67 23.17 24.77 22.77 23.36 24.29 23.93 22.08 21.04 20.75 19.34 18.78 20.22 21.01 20.88 20.28 19.07 16.99 17.49 19.58 19.79 19.51 19.57 19.66 18.90 17.33 16.29 17.14 19.34 19.25 20.07 21.73 22.63 22.86 24.40 23.95 24.90 24.79 23.70 24.12 24.25 25.18
23.65 21.80 22.99 22.52 21.90 20.38 20.65 22.89 25.59 25.88 27.11 26.92 27.19 26.01 25.33 26.09 27.08 26.65 25.01 24.92 22.33 21.99 23.60 26.38 27.85 26.57 26.96 25.99 25.97 25.92 25.47 25.02 25.28 25.84 26.39 25.61 25.89 25.55 25.37 25.10 24.36 22.25 21.89 21.37 20.52 19.15 19.78 20.71 21.16 20.32 20.22 19.67 18.56 19.64 20.77 19.63 19.13 18.83 18.32 17.33 17.77 19.06 19.57 19.31 19.40 20.19 21.19 22.60 21.54 22.04 22.87 22.75 24.86 26.73 25.63 25.89 25.61
24.72 21.24 24.00 24.27 20.90 21.12 22.98 23.89 24.88 25.16 25.10 27.46 27.13 26.55 26.66 26.27 27.70 27.60 25.25 23.02 22.88 23.36 24.06 25.74 27.00 26.51 26.03 24.73 24.03 23.64 23.77 25.29 25.98 26.05 26.24 27.16 27.36 28.38 26.69 24.85 20.58 20.79 21.16 20.41 21.31 20.71 21.36 21.05 19.78 18.84 18.84 21.35 21.03 21.49 21.18 18.58 17.12 18.06 17.92 17.69 18.53 18.19 18.69 20.04 18.99 18.29 20.26 19.78 19.11 20.42 22.89 24.57 25.93 26.90 26.84 27.09 26.52
24.33 21.92 20.91 21.07 23.06 23.68 23.20 23.60 23.31 24.94 25.42 25.64 26.45 27.29 26.96 24.69 27.50 27.30 24.85 21.59 21.33 23.06 24.64 25.83 25.47 25.01 24.83 24.31 24.24 23.55 23.99 24.20 25.96 26.98 27.52 27.34 27.03 26.21 25.33 22.67 21.04 21.43 19.55 19.73 20.81 21.13 20.56 20.06 19.52 20.36 20.20 20.10 20.80 20.07 19.22 17.54 18.89 19.36 19.06 17.58 16.45 16.76 17.82 19.32 19.06 21.33 22.08 20.50 20.49 21.02 22.21 23.44 25.54 26.84 28.06 27.50 27.85
26.27 22.23 20.99 21.98 24.23 23.10 22.14 24.34 25.51 25.37 25.16 24.36 25.20 25.80 25.17 24.14 25.24 25.74 25.53 23.03 21.37 22.73 25.01 25.67 24.75 24.57 24.50 24.32 23.36 23.03 22.52 23.34 25.68 25.64 25.96 26.74 26.71 24.30 23.12 22.39 21.66 19.90 18.65 19.79 20.61 19.11 18.72 19.37 20.97 20.72 20.24 19.79 20.39 18.91 18.70 19.32 18.64 19.18 17.57 15.20 15.56 16.66 16.75 18.78 19.25 20.86 19.45 20.13 22.96 23.07 24.18 26.10 27.64 26.96 28.03 28.25 29.48
22.80 23.83 24.50 24.06 23.22 23.76 23.97 25.35 25.36 25.15 25.21 24.73 26.02 25.74 25.13 24.37 26.39 25.16 25.83 23.83 23.06 24.91 24.46 23.76 24.39 25.24 24.82 24.60 22.46 22.45 24.57 25.26 25.07 25.20 25.85 25.84 24.59 23.65 23.44 22.83 22.08 20.87 20.54 20.49 19.14 20.68 20.28 20.57 19.54 19.36 19.25 20.15 18.92 19.15 19.22 19.33 18.50 19.30 15.37 14.86 17.28 19.74 19.42 18.53 19.21 20.02 19.66 20.02 21.50 22.05 25.80 27.34 27.84 28.79 29.13 28.13 28.94
22.76 24.05 24.22 23.15 22.88 22.84 24.84 23.98 24.09 24.49 23.85 25.57 26.47 27.63 27.94 26.93 26.42 25.89 24.79 24.73 24.78 25.28 25.26 23.08 23.75 23.96 25.15 24.66 24.20 24.88 25.18 23.46 23.43 25.88 24.67 23.88 25.37 24.55 23.51 23.37 22.55 21.97 22.31 20.86 22.71 21.12 20.17 21.35 20.20 19.92 19.44 19.44 18.27 18.41 20.05 20.07 18.03 17.80 16.55 17.28 19.16 20.08 17.53 18.67 20.08 20.04 21.81 22.74 23.49 24.69 25.57 26.47 28.06 28.96 28.69 28.76 28.79
21.02 23.38 24.13 22.58 22.93 22.49 22.96 23.92 24.40 25.95 25.16 26.85 28.14 27.31 25.94 24.77 23.96 25.20 24.33 25.26 25.47 24.39 24.63 22.99 23.33 23.28 23.39 23.87 24.10 24.44 23.22 23.45 24.40 23.97 24.88 25.15 24.40 23.68 23.01 22.71 22.87 21.15 20.18 21.82 23.00 21.91 21.56 22.40 19.89 20.33 19.97 20.25 20.10 21.57 21.20 18.96 19.29 20.15 19.76 19.83 18.31 18.64 19.68 21.20 19.93 19.45 21.72 23.51 23.58 23.56 25.89 25.06 25.71 27.98 28.85 29.09 29.06
24.05 22.53 23.64 22.76 21.96 21.40 23.20 23.33 25.75 26.49 26.82 27.86 28.61 28.19 25.16 26.33 24.40 26.13 24.24 25.63 24.40 21.90 20.79 22.75 23.61 22.97 21.16 21.90 24.52 24.16 24.23 23.68 24.39 25.17 24.62 25.77 24.64 23.61 23.00 20.98 21.34 21.38 21.33 22.59 22.39 22.86 21.75 22.07 22.15 22.14 22.02 21.58 20.31 20.22 21.08 20.19 19.23 19.68 18.85 17.48 17.50 18.12 20.97 22.44 22.63 21.32 20.32 24.18 24.31 24.08 24.51 26.68 27.11 28.15 28.12 29.27 28.81
21.83 23.28 23.98 24.19 23.84 24.55 25.65 25.36 25.78 27.61 27.93 28.33 27.80 27.00 25.85 26.56 25.55 25.57 25.43 24.33 22.86 22.69 22.90 23.72 23.11 22.58 23.44 24.50 24.97 23.72 23.38 23.10 22.19 23.67 22.03 22.36 21.04 21.39 21.14 20.50 19.89 20.65 20.90 21.51 22.20 22.35 22.90 24.29 23.79 23.62 23.23 20.57 20.84 22.03 21.50 21.37 19.03 19.31 18.00 17.46 18.01 20.11 20.87 20.92 20.45 20.71 20.80 23.12 23.52 25.14 25.66 25.55 26.15 26.71 27.18 28.60 28.37
22.58 23.78 25.94 25.64 25.13 25.22 26.52 26.26 25.28 27.10 26.84 27.48 27.54 25.26 24.91 26.66 26.29 25.01 25.37 25.19 24.96 25.01 23.41 22.78 23.45 24.13 24.52 26.53 24.94 23.97 22.69 23.79 22.75 22.84 21.10 21.34 21.74 22.52 19.48 18.78 19.03 20.43 20.34 20.62 21.29 23.11 23.79 22.92 22.76 19.92 20.99 20.66 20.83 21.80 20.02 19.14 19.30 19.45 18.54 18.46 18.19 18.56 22.58 21.33 19.47 20.09 21.14 22.30 23.90 24.58 24.86 26.52 26.61 27.91 27.53 28.79 29.59
23.17 23.76 25.66 26.01 26.15 25.86 25.75 26.02 26.33 26.90 26.11 27.60 26.69 22.91 24.55 26.79 26.74 24.73 26.04 25.52 26.06 25.09 23.52 24.26 24.93 24.43 24.06 23.57 23.49 23.37 23.09 23.12 22.73 22.20 21.68 22.15 20.56 19.16 19.47 18.67 19.83 21.76 21.49 20.80 22.05 21.83 22.32 22.67 19.97 20.56 20.50 20.58 20.28 18.60 18.16 17.74 18.14 18.24 19.53 20.39 19.66 20.67 20.14 20.80 21.83 22.32 21.84 22.86 23.14 24.64 24.89 26.92 27.24 27.82 28.44 28.93 29.27
25.42 24.85 25.19 24.97 25.42 25.45 25.86 26.22 26.80 28.00 27.24 26.12 22.43 25.23 26.30 25.22 25.95 26.50 27.22 25.96 25.20 22.80 23.65 24.74 24.57 23.34 22.18 22.86 25.25 22.84 23.28 22.35 21.23 21.09 20.86 20.64 20.39 20.12 20.05 20.79 21.88 22.23 21.66 21.51 20.58 21.55 21.13 18.75 19.92 20.26 20.27 19.45 17.73 16.98 17.25 19.06 20.13 19.80 19.10 22.01 20.57 21.20 20.28 20.40 21.06 21.21 22.60 23.84 24.44 25.69 27.01 27.31 27.85 28.90 29.13 28.69 29.35
27.48 27.18 26.54 27.19 25.69 25.68 26.20 27.11 27.71 27.69 26.69 24.66 25.73 25.37 24.46 24.74 24.30 25.62 26.12 24.28 24.84 24.88 24.14 22.40 23.32 21.29 20.55 22.41 23.25 23.06 22.62 20.41 20.06 20.85 20.22 20.19 20.88 20.16 20.89 21.20 21.55 21.17 20.00 20.53 19.63 21.54 21.18 21.89 22.79 21.04 19.41 18.22 17.40 17.49 18.87 18.97 17.96 18.80 21.53 21.05 20.42 19.36 19.69 19.92 21.93 22.19 23.37 25.30 25.15 26.89 28.11 28.31 28.36 29.16 29.32 29.71 29.73
26.57 27.31 27.78 26.77 26.43 26.84 26.64 27.18 27.12 26.89 26.13 25.49 24.37 24.55 24.77 23.64 23.74 24.34 25.73 22.95 21.58 23.01 22.05 20.40 22.31 22.12 22.83 22.69 22.52 21.08 21.14 21.83 22.40 21.36 19.28 20.85 18.52 18.34 19.53 19.55 19.75 22.22 21.06 21.32 20.36 21.83 21.74 21.96 19.52 18.21 19.12 17.84 19.45 20.84 20.90 18.61 19.77 19.25 21.59 21.11 21.44 21.52 20.73 22.08 23.86 23.47 24.39 24.80 25.53 25.31 27.20 28.09 28.57 28.85 29.08 29.86 29.79
26.46 27.89 26.92 24.62 22.93 25.34 27.14 26.22 26.65 26.69 24.85 25.33 24.40 23.86 24.36 22.78 24.82 26.23 24.81 24.13 23.81 25.27 25.41 23.39 22.18 23.76 23.00 22.06 20.73 19.72 19.38 22.47 22.07 19.88 17.93 17.84 17.79 17.93 18.93 19.39 19.41 21.61 20.83 20.06 20.78 20.53 20.87 20.24 18.33 19.79 20.35 17.55 19.63 20.87 20.03 18.74 18.24 20.85 21.14 19.77 20.48 22.59 22.92 23.35 24.00 25.55 25.75 26.15 27.94 27.61 28.01 28.18 28.83 29.29 29.73 29.94 29.79
27.63 26.97 26.24 25.57 25.18 25.30 26.66 25.40 26.92 26.05 24.56 24.64 25.03 23.22 22.90 23.17 24.25 25.68 24.77 23.14 21.63 23.62 24.33 21.85 22.15 22.41 22.11 20.54 19.20 21.03 19.76 18.82 19.40 18.01 19.08 17.68 19.71 20.31 20.68 21.26 21.61 20.08 18.38 20.66 20.48 20.04 19.98 19.84 19.16 21.42 20.82 19.99 19.68 19.54 18.66 20.99 22.11 21.49 20.21 21.50 22.03 23.94 23.95 24.15 23.92 23.83 25.26 26.55 27.70 28.29 28.13 29.64 29.84 30.06 30.35 29.55 29.98
27.56 28.00 26.65 25.36 25.30 26.07 26.44 25.96 25.59 22.87 21.64 24.32 23.29 22.99 23.57 22.70 23.68 24.41 24.34 24.05 22.25 24.05 22.92 23.65 22.61 21.62 21.58 19.47 19.50 21.51 21.52 20.68 19.27 19.49 20.00 20.34 20.06 19.73 20.89 20.61 19.93 19.95 21.85 22.34 22.92 21.77 22.25 20.30 20.39 22.53 20.25 20.46 21.86 21.13 21.96 23.33 25.23 23.35 21.96 22.75 24.38 24.84 25.12 24.59 25.45 26.10 26.69 27.34 27.89 27.75 29.02 29.68 29.76 30.08 29.88 29.83 29.44
28.14 27.93 25.31 24.50 25.06 26.46 25.15 24.91 24.80 22.20 22.68 23.20 23.34 23.29 23.49 23.26 23.03 23.47 25.81 24.95 24.10 25.50 25.17 24.17 23.57 23.28 20.97 19.89 19.90 20.31 20.81 19.74 19.70 19.83 21.20 21.25 22.17 22.18 21.41 20.16 22.13 22.69 23.35 22.23 22.57 22.06 22.13 21.43 21.00 21.63 20.86 20.32 22.49 22.75 23.08 23.78 24.83 23.73 23.36 22.85 23.60 25.02 26.07 24.54 26.02 26.89 28.07 28.44 29.10 28.72 29.42 30.16 30.10 29.92 29.59 29.29 28.90
28.69 27.63 25.82 25.41 24.50 24.78 23.57 23.29 25.61 24.92 23.81 24.70 23.53 22.99 24.06 23.32 23.35 23.35 24.72 23.62 24.39 22.71 23.53 23.95 22.18 19.47 18.76 19.07 18.63 20.37 20.83 21.48 22.10 21.73 22.04 22.92 22.54 21.54 20.08 21.17 22.53 22.94 23.28 20.83 21.28 20.64 20.33 19.83 20.41 21.89 21.65 23.15 24.11 24.42 24.20 24.08 24.44 23.51 22.64 23.23 24.02 24.73 25.48 25.09 26.09 28.23 28.37 28.20 29.07 28.69 29.99 30.01 30.01 30.05 29.45 29.41 30.22
29.18 27.93 25.58 24.77 24.92 23.95 22.03 23.14 24.56 23.00 23.95 25.76 24.43 24.00 22.88 24.38 25.07 23.67 23.16 22.94 23.96 23.25 22.23 22.24 22.93 20.95 19.14 19.53 19.04 18.52 18.30 21.16 22.12 21.90 21.55 22.88 22.13 21.28 19.72 21.02 20.59 19.74 20.46 21.18 21.07 21.78 21.25 21.71 20.39 22.29 22.04 22.03 23.15 23.94 24.00 23.41 23.82 23.58 23.99 24.73 25.28 24.28 26.17 25.95 26.15 26.95 27.70 28.48 29.36 29.05 29.31 29.72 29.92 29.95 29.44 29.38 30.09
28.99 28.19 23.80 21.92 23.75 22.41 22.10 22.36 22.08 21.87 23.83 23.28 22.72 22.44 23.82 24.13 24.98 24.91 23.24 22.95 24.01 23.17 21.64 21.07 20.98 20.08 19.29 17.76 18.40 18.72 19.18 19.35 21.14 21.54 21.33 21.42 20.07 20.20 20.43 21.19 19.17 18.16 19.20 19.34 20.57 21.12 21.81 21.94 22.72 22.83 23.24 23.27 22.26 22.70 23.10 22.26 22.04 22.55 23.93 25.25 25.24 25.95 27.52 27.77 27.47 28.05 28.33 29.60 29.36 29.52 29.77 29.62 29.86 30.01 29.49 29.72 29.93
28.08 28.50 24.57 22.25 24.33 22.43 21.64 21.98 21.35 21.66 21.66 22.00 20.87 21.11 22.97 23.20 23.94 24.43 21.33 21.42 21.58 21.46 20.81 20.14 18.63 18.37 17.82 17.04 16.68 17.85 19.40 17.49 19.51 18.74 19.04 18.56 19.34 19.63 19.12 20.14 18.55 18.00 18.29 19.96 21.66 21.87 22.02 23.13 21.00 21.39 22.28 23.60 23.49 22.75 22.83 23.30 23.50 23.74 25.61 26.63 27.03 26.74 27.32 27.22 27.71 28.94 28.98 29.56 29.66 29.47 29.53 29.51 29.66 29.74 29.91 29.74 30.09
28.63 27.40 23.28 23.19 23.73 22.25 22.84 21.88 21.30 21.95 22.90 22.32 21.14 22.68 23.45 22.93 22.97 21.17 20.29 21.39 21.51 19.73 18.30 17.78 17.38 17.91 15.90 15.37 16.62 17.06 17.22 17.97 17.55 18.19 20.39 20.95 18.99 18.75 18.88 18.33 18.36 19.33 17.27 20.49 21.16 21.46 20.71 21.18 21.17 20.95 21.59 23.43 21.95 22.73 24.79 24.61 25.62 25.09 24.83 25.74 26.12 27.03 28.13 28.06 28.31 28.80 28.85 28.97 29.08 29.22 29.09 29.39 29.55 29.84 29.36 29.63 29.98
