main/data/irradiance/25.08.2023.grid
ncols 839
nrows 679
xllcenter 112.0500
yllcenter -43.9500
cellsize 0.0500
nodata_value 99999.90
[rows 170 to 203 of 679, columns 154 to 230 of 839]
99999.90 99999.90 99999.90 99999.90 99999.90 99999.90 99999.90 99999.90 99999.90 99999.90 99999.90 99999.90 99999.90 99999.90 99999.90 99999.90 99999.90 99999.90 99999.90 99999.90 99999.90 99999.90 99999.90 99999.90 99999.90 99999.90 21.65 21.61 21.85 21.85 21.85 21.85 21.85 21.85 21.85 21.85 21.85 22.00 22.00 22.00 22.00 22.00 22.02 22.00 21.94 21.97 21.96 21.94 21.90 21.85 21.74 21.86 21.82 21.79 21.77 21.86 21.81 21.77 21.76 21.60 21.62 21.63 21.81 21.80 21.51 21.87 21.91 21.89 21.88 21.89 21.76 21.74 21.72 21.75 21.78 21.78 21.81
99999.90 99999.90 99999.90 99999.90 99999.90 99999.90 99999.90 99999.90 99999.90 99999.90 99999.90 99999.90 99999.90 99999.90 99999.90 99999.90 99999.90 99999.90 99999.90 99999.90 99999.90 99999.90 99999.90 99999.90 99999.90 99999.90 21.65 21.61 21.85 21.85 21.85 21.85 21.85 21.85 21.85 21.85 21.85 21.85 21.74 21.84 21.84 21.84 21.69 21.76 21.99 22.03 21.97 21.95 21.91 21.93 21.92 21.86 21.81 21.77 21.78 21.79 21.79 21.74 21.77 21.59 21.58 21.75 21.84 21.67 21.48 21.60 21.78 21.90 21.90 21.93 21.90 21.85 21.84 21.77 21.81 21.79 21.82
99999.90 99999.90 99999.90 99999.90 99999.90 99999.90 99999.90 99999.90 99999.90 99999.90 99999.90 99999.90 99999.90 99999.90 99999.90 99999.90 99999.90 99999.90 99999.90 99999.90 99999.90 99999.90 99999.90 99999.90 99999.90 21.58 21.65 21.61 21.85 21.85 21.85 21.85 21.85 21.85 21.85 21.85 21.85 21.85 21.85 21.74 21.86 21.86 21.61 21.92 21.97 21.99 21.97 21.95 21.93 21.93 21.88 21.85 21.88 21.77 21.72 21.74 21.78 21.72 21.72 21.78 21.80 21.77 21.81 21.70 21.58 21.69 21.74 21.86 21.87 21.84 21.83 21.82 21.82 21.75 21.80 21.83 21.84
99999.90 99999.90 99999.90 99999.90 99999.90 99999.90 99999.90 99999.90 99999.90 99999.90 99999.90 99999.90 99999.90 99999.90 99999.90 99999.90 99999.90 99999.90 99999.90 99999.90 99999.90 99999.90 99999.90 99999.90 21.19 21.58 21.65 21.61 21.85 21.85 21.85 21.85 21.85 21.85 21.85 21.85 21.85 21.85 21.85 21.74 21.74 21.88 21.89 21.94 21.96 21.94 21.93 21.89 21.85 21.81 21.86 21.85 21.81 21.83 21.77 21.75 21.72 21.70 21.63 21.73 21.80 21.78 21.78 21.66 21.72 21.74 21.83 21.88 21.88 21.87 21.88 21.89 21.81 21.75 21.80 21.78 21.79
99999.90 99999.90 99999.90 99999.90 99999.90 99999.90 99999.90 99999.90 99999.90 99999.90 99999.90 99999.90 99999.90 99999.90 99999.90 99999.90 99999.90 99999.90 99999.90 99999.90 99999.90 99999.90 99999.90 99999.90 21.19 21.19 21.65 21.61 21.61 21.61 21.85 21.85 21.85 21.85 21.85 21.85 21.85 21.85 21.85 21.95 21.91 21.90 21.86 21.82 21.88 21.87 21.89 21.87 21.85 21.80 21.77 21.79 21.59 21.73 21.70 21.67 21.68 21.65 21.64 21.70 21.71 21.72 21.73 21.67 21.70 21.67 21.79 21.86 21.87 21.83 21.85 21.84 21.77 21.75 21.74 21.73 21.77
99999.90 99999.90 99999.90 99999.90 99999.90 99999.90 99999.90 99999.90 99999.90 99999.90 99999.90 99999.90 99999.90 99999.90 99999.90 99999.90 99999.90 99999.90 99999.90 99999.90 99999.90 99999.90 99999.90 21.56 21.19 21.19 21.65 21.65 21.65 21.61 21.61 21.61 21.61 21.61 21.85 21.85 21.85 21.85 21.85 21.77 21.83 21.87 21.79 21.70 21.68 21.74 21.77 21.81 21.81 21.75 21.74 21.74 21.66 21.61 21.57 21.61 21.56 21.66 21.68 21.67 21.59 21.50 21.70 21.75 21.76 21.77 21.77 21.77 21.82 21.82 21.83 21.81 21.77 21.78 21.79 21.77 21.74
99999.90 99999.90 99999.90 99999.90 99999.90 99999.90 99999.90 99999.90 99999.90 99999.90 99999.90 99999.90 99999.90 99999.90 99999.90 99999.90 99999.90 99999.90 99999.90 99999.90 99999.90 99999.90 21.54 21.56 21.19 21.19 21.19 21.65 21.65 21.65 21.65 21.61 21.61 21.61 21.61 21.61 21.78 21.78 21.78 21.68 21.68 21.65 21.65 21.67 21.74 21.72 21.77 21.82 21.82 21.81 21.79 21.73 21.71 21.63 21.49 21.54 21.59 21.62 21.67 21.50 21.60 21.69 21.71 21.79 21.77 21.76 21.76 21.76 21.77 21.78 21.83 21.83 21.81 21.79 21.80 21.75 21.66
99999.90 99999.90 99999.90 99999.90 99999.90 99999.90 99999.90 99999.90 99999.90 99999.90 99999.90 99999.90 99999.90 99999.90 99999.90 99999.90 99999.90 99999.90 99999.90 99999.90 99999.90 21.41 21.54 21.54 21.19 21.19 21.19 21.19 21.19 21.65 21.65 21.65 21.65 21.61 21.61 21.61 21.61 21.91 21.91 21.89 21.64 21.46 21.55 21.60 21.79 21.73 21.76 21.79 21.80 21.79 21.76 21.76 21.77 21.69 21.65 21.48 21.45 21.43 21.66 21.64 21.52 21.42 21.67 21.78 21.81 21.77 21.80 21.78 21.77 21.77 21.79 21.76 21.75 21.78 21.82 21.79 21.78
99999.90 99999.90 99999.90 99999.90 99999.90 99999.90 99999.90 99999.90 99999.90 99999.90 99999.90 99999.90 99999.90 99999.90 99999.90 99999.90 99999.90 99999.90 99999.90 99999.90 21.29 21.41 21.41 21.54 21.19 21.19 21.19 21.19 21.19 21.19 21.65 21.65 21.65 21.65 21.65 21.61 21.61 21.61 21.71 21.83 21.63 21.48 21.62 21.72 21.77 21.82 21.78 21.83 21.82 21.82 21.82 21.81 21.75 21.72 21.75 21.72 21.66 21.59 21.55 21.53 21.50 21.64 21.68 21.74 21.72 21.68 21.73 21.75 21.78 21.76 21.76 21.72 21.66 21.66 21.73 21.69 21.73
99999.90 99999.90 99999.90 99999.90 99999.90 99999.90 99999.90 99999.90 99999.90 99999.90 99999.90 99999.90 99999.90 99999.90 99999.90 99999.90 99999.90 99999.90 99999.90 21.51 21.29 21.29 21.41 21.41 21.54 21.19 21.19 21.19 21.19 21.19 21.19 21.58 21.65 21.65 21.65 21.65 21.80 21.80 21.82 21.95 21.83 21.68 21.63 21.97 21.90 21.83 21.80 21.80 21.76 21.75 21.76 21.76 21.72 21.71 21.73 21.71 21.71 21.69 21.67 21.60 21.58 21.53 21.75 21.73 21.73 21.74 21.74 21.74 21.72 21.71 21.72 21.68 21.65 21.66 21.68 21.67 21.65
99999.90 99999.90 99999.90 99999.90 99999.90 99999.90 99999.90 99999.90 99999.90 99999.90 99999.90 99999.90 99999.90 99999.90 99999.90 99999.90 99999.90 99999.90 21.46 21.51 21.51 21.29 21.29 21.41 21.41 21.54 21.54 21.19 21.19 21.19 21.19 21.19 21.58 21.58 21.65 21.65 21.65 21.82 21.83 21.85 21.80 21.79 21.80 21.95 21.76 21.69 21.56 21.65 21.71 21.74 21.72 21.74 21.74 21.75 21.77 21.73 21.71 21.72 21.74 21.69 21.65 21.61 21.67 21.62 21.65 21.68 21.69 21.67 21.66 21.64 21.65 21.67 21.66 21.63 21.67 21.70 21.67
99999.90 99999.90 99999.90 99999.90 99999.90 99999.90 99999.90 99999.90 99999.90 99999.90 99999.90 99999.90 99999.90 99999.90 99999.90 99999.90 21.18 21.18 21.18 21.18 21.18 21.18 21.29 21.29 21.41 21.41 21.54 21.54 21.19 21.19 21.19 21.19 21.19 21.58 21.58 21.61 21.61 21.73 21.77 21.71 21.67 21.65 21.63 21.73 21.66 21.54 21.58 21.50 21.62 21.74 21.74 21.69 21.74 21.73 21.72 21.73 21.69 21.71 21.70 21.65 21.65 21.67 21.69 21.68 21.61 21.62 21.61 21.60 21.61 21.62 21.62 21.60 21.66 21.67 21.68 21.71 21.72
99999.90 99999.90 99999.90 99999.90 99999.90 99999.90 99999.90 99999.90 99999.90 99999.90 99999.90 99999.90 99999.90 99999.90 20.90 20.90 20.90 20.90 20.90 20.90 20.90 21.18 21.18 21.29 21.29 21.41 21.41 21.54 21.54 21.56 21.19 21.19 21.19 21.19 21.58 21.58 21.54 21.62 21.74 21.70 21.71 21.62 21.47 21.48 21.60 21.71 21.70 21.62 21.53 21.78 21.80 21.73 21.74 21.74 21.69 21.68 21.70 21.67 21.69 21.64 21.70 21.68 21.73 21.69 21.68 21.65 21.63 21.64 21.65 21.62 21.69 21.65 21.67 21.70 21.70 21.71 21.72
99999.90 99999.90 99999.90 99999.90 99999.90 99999.90 99999.90 99999.90 99999.90 99999.90 99999.90 99999.90 21.15 21.15 21.15 21.15 21.15 21.15 21.15 20.90 20.90 21.18 21.18 21.51 21.29 21.29 21.41 21.41 21.54 21.54 21.56 21.56 21.19 21.19 21.19 21.59 21.70 21.74 21.64 21.66 21.68 21.65 21.69 21.63 21.23 21.31 21.41 21.55 21.47 21.68 21.76 21.72 21.70 21.69 21.67 21.65 21.65 21.66 21.66 21.63 21.61 21.67 21.69 21.69 21.63 21.62 21.64 21.63 21.61 21.65 21.62 21.66 21.65 21.65 21.64 21.66 21.65
99999.90 99999.90 99999.90 99999.90 99999.90 99999.90 99999.90 99999.90 99999.90 99999.90 21.44 21.44 21.44 21.44 21.44 21.44 21.44 21.15 21.15 20.90 20.90 20.90 21.18 21.18 21.51 21.29 21.29 21.41 21.41 21.54 21.54 21.56 21.56 21.59 21.59 21.59 21.65 21.63 21.54 21.58 21.57 21.60 21.66 21.63 21.45 21.67 21.65 21.64 21.54 21.61 21.59 21.45 21.67 21.67 21.67 21.67 21.67 21.70 21.68 21.66 21.62 21.63 21.65 21.66 21.64 21.62 21.58 21.59 21.60 21.57 21.61 21.63 21.66 21.65 21.66 21.66 21.70
99999.90 99999.90 99999.90 99999.90 99999.90 99999.90 99999.90 21.33 21.33 21.33 21.33 21.33 21.33 21.33 21.33 21.33 21.44 21.15 21.15 21.15 20.90 20.90 21.18 21.18 21.18 21.51 21.29 21.29 21.41 21.41 21.54 21.54 21.56 21.56 21.48 21.42 21.62 21.58 21.52 21.58 21.51 21.56 21.62 21.68 21.66 21.65 21.55 21.60 21.63 21.67 21.66 21.70 21.64 21.64 21.61 21.65 21.67 21.67 21.68 21.66 21.57 21.59 21.60 21.60 21.58 21.61 21.63 21.63 21.56 21.57 21.60 21.57 21.62 21.60 21.61 21.61 21.65
99999.90 99999.90 99999.90 99999.90 21.25 21.25 21.25 21.25 21.25 21.25 21.25 21.25 21.25 21.33 21.33 21.33 21.44 21.44 21.15 21.15 20.90 20.90 20.90 21.18 21.18 21.51 21.51 21.29 21.29 21.41 21.41 21.54 21.54 21.58 21.48 21.45 21.53 21.56 21.55 21.58 21.56 21.59 21.63 21.62 21.63 21.61 21.61 21.59 21.60 21.60 21.61 21.63 21.71 21.72 21.68 21.69 21.69 21.66 21.63 21.61 21.54 21.55 21.57 21.54 21.53 21.61 21.62 21.63 21.62 21.61 21.61 21.58 21.54 21.59 21.59 21.61 21.65
99999.90 99999.90 21.56 21.56 21.56 21.56 21.56 21.56 21.56 21.25 21.25 21.25 21.25 21.33 21.33 21.33 21.44 21.44 21.15 21.15 21.15 20.90 20.90 21.18 21.18 21.18 21.51 21.51 21.29 21.29 21.41 21.41 21.56 21.45 21.56 21.56 21.51 21.64 21.64 21.61 21.61 21.59 21.60 21.57 21.63 21.63 21.54 21.46 21.55 21.55 21.56 21.59 21.59 21.67 21.68 21.66 21.68 21.67 21.64 21.63 21.60 21.58 21.56 21.54 21.58 21.60 21.63 21.63 21.58 21.57 21.59 21.59 21.59 21.59 21.64 21.67 21.68
21.25 21.25 21.25 21.25 21.25 21.25 21.25 21.55 21.56 21.25 21.25 21.25 21.25 21.33 21.33 21.33 21.33 21.44 21.44 21.15 21.15 20.90 20.90 20.90 21.18 21.18 21.46 21.51 21.51 21.29 21.29 21.50 21.41 21.57 21.63 21.56 21.65 21.63 21.59 21.60 21.60 21.57 21.58 21.56 21.59 21.63 21.63 21.65 21.53 21.56 21.55 21.58 21.57 21.60 21.60 21.62 21.64 21.43 21.61 21.65 21.61 21.60 21.61 21.56 21.53 21.56 21.57 21.56 21.54 21.54 21.61 21.61 21.59 21.56 21.61 21.57 21.61
21.14 21.59 21.25 21.25 21.25 21.25 21.25 21.55 21.56 21.56 21.25 21.25 21.25 21.25 21.33 21.33 21.33 21.44 21.44 21.15 21.15 21.15 20.90 20.90 21.18 21.18 21.18 21.46 21.51 21.51 21.38 21.34 21.53 21.65 21.63 21.63 21.62 21.66 21.62 21.63 21.62 21.58 21.56 21.56 21.56 21.58 21.58 21.59 21.57 21.56 21.51 21.51 21.52 21.54 21.59 21.57 21.58 21.57 21.54 21.54 21.55 21.50 21.56 21.55 21.59 21.52 21.53 21.55 21.55 21.54 21.57 21.58 21.59 21.59 21.58 21.55 21.51
21.14 21.59 21.25 21.25 21.25 21.25 21.25 21.55 21.56 21.56 21.25 21.25 21.25 21.25 21.33 21.33 21.33 21.44 21.44 21.44 21.15 21.15 20.90 20.90 20.90 21.18 21.18 21.46 21.46 21.25 21.24 21.43 21.60 21.64 21.58 21.62 21.63 21.65 21.58 21.60 21.58 21.58 21.58 21.55 21.53 21.51 21.55 21.57 21.53 21.53 21.52 21.49 21.53 21.51 21.55 21.59 21.58 21.59 21.59 21.54 21.53 21.51 21.50 21.59 21.55 21.54 21.53 21.51 21.50 21.51 21.49 21.49 21.47 21.51 21.55 21.53 21.56
21.14 21.59 21.62 21.25 21.25 21.25 21.25 21.55 21.56 21.56 21.56 21.25 21.25 21.25 21.33 21.33 21.33 21.33 21.44 21.44 21.15 21.15 21.15 20.90 20.90 21.18 21.18 21.43 21.27 21.06 21.14 21.56 21.59 21.60 21.60 21.64 21.67 21.65 21.64 21.62 21.60 21.57 21.52 21.54 21.52 21.48 21.50 21.54 21.55 21.56 21.53 21.50 21.49 21.50 21.50 21.46 21.48 21.54 21.60 21.56 21.49 21.47 21.49 21.50 21.53 21.50 21.47 21.51 21.50 21.48 21.46 21.46 21.48 21.49 21.46 21.52 21.54
21.14 21.59 21.62 21.25 21.25 21.25 21.25 21.55 21.56 21.56 21.56 21.25 21.25 21.25 21.25 21.33 21.33 21.33 21.44 21.44 21.44 21.15 21.15 20.90 20.90 21.41 21.23 21.09 21.16 21.14 21.42 21.52 21.58 21.68 21.64 21.64 21.64 21.64 21.62 21.65 21.59 21.61 21.55 21.54 21.53 21.56 21.53 21.51 21.54 21.55 21.54 21.56 21.51 21.48 21.48 21.51 21.55 21.60 21.61 21.62 21.64 21.56 21.48 21.48 21.47 21.47 21.48 21.50 21.53 21.56 21.54 21.51 21.53 21.53 21.52 21.54 21.54
21.14 21.59 21.62 21.25 21.25 21.25 21.25 21.55 21.56 21.56 21.56 21.56 21.25 21.25 21.25 21.33 21.33 21.33 21.65 21.44 21.44 21.15 21.15 21.36 21.19 21.16 21.04 21.07 21.06 21.14 21.26 21.51 21.72 21.75 21.62 21.61 21.50 21.55 21.58 21.58 21.59 21.60 21.58 21.57 21.52 21.54 21.57 21.55 21.51 21.50 21.50 21.54 21.53 21.52 21.45 21.51 21.50 21.52 21.55 21.55 21.54 21.53 21.50 21.48 21.49 21.50 21.48 21.51 21.54 21.51 21.51 21.51 21.44 21.39 21.49 21.51 21.51
21.14 21.59 21.62 21.25 21.25 21.25 21.25 21.55 21.56 21.49 21.56 21.56 21.25 21.25 21.25 21.64 21.33 21.33 21.65 21.44 21.44 21.47 21.54 21.36 21.45 21.39 21.45 21.42 21.31 20.94 19.75 20.88 20.16 20.67 21.40 21.42 20.93 20.89 21.05 21.21 21.49 21.57 21.57 21.55 21.57 21.59 21.57 21.55 21.53 21.53 21.52 21.56 21.52 21.51 21.49 21.48 21.51 21.51 21.51 21.50 21.49 21.50 21.47 21.50 21.49 21.52 21.50 21.50 21.46 21.49 21.55 21.54 21.53 21.51 21.50 21.54 21.51
21.14 21.59 21.62 21.64 21.25 21.25 21.25 21.55 21.56 21.49 21.56 21.56 21.56 21.25 21.25 21.64 21.33 21.33 21.65 21.67 21.63 21.69 21.68 21.52 21.56 21.54 21.55 21.53 21.47 21.37 20.50 21.13 21.38 21.46 21.42 21.35 21.46 21.39 21.31 21.29 21.38 21.48 21.54 21.54 21.56 21.58 21.61 21.57 21.56 21.53 21.54 21.52 21.55 21.48 21.47 21.46 21.45 21.50 21.52 21.49 21.54 21.54 21.53 21.54 21.51 21.49 21.46 21.50 21.50 21.50 21.52 21.53 21.52 21.51 21.46 21.48 21.49
21.14 21.59 21.62 21.64 21.25 21.25 21.25 21.55 21.56 21.49 21.57 21.56 21.56 21.25 21.25 21.64 21.58 21.59 21.55 21.63 21.62 21.59 21.59 21.55 21.55 21.56 21.59 21.54 21.50 21.45 21.44 21.45 21.45 21.46 21.50 21.53 21.50 21.44 21.44 21.47 21.32 21.38 21.48 21.47 21.42 21.46 21.52 21.58 21.60 21.60 21.55 21.56 21.54 21.42 21.43 21.43 21.37 21.44 21.52 21.52 21.52 21.57 21.53 21.44 21.48 21.45 21.42 21.54 21.51 21.44 21.43 21.42 21.47 21.49 21.45 21.49 21.42
21.14 21.59 21.62 21.64 21.54 21.25 21.25 21.55 21.56 21.49 21.57 21.56 21.56 21.50 21.48 21.48 21.50 21.48 21.51 21.56 21.52 21.50 21.52 21.46 21.43 21.49 21.49 21.46 21.44 21.43 21.42 21.43 21.44 21.44 21.42 21.42 21.49 21.45 21.45 21.44 21.45 21.45 21.49 21.56 21.51 21.42 21.41 21.40 21.49 21.39 21.50 21.39 21.47 21.47 21.52 21.41 21.48 21.44 21.41 21.48 21.53 21.53 21.51 21.55 21.56 21.55 21.53 21.53 21.44 21.46 21.46 21.46 21.45 21.43 21.42 21.44 21.46
21.14 21.59 21.62 21.64 21.54 21.25 21.25 21.55 21.56 21.49 21.57 21.46 21.44 21.41 21.40 21.44 21.48 21.47 21.47 21.51 21.50 21.47 21.46 21.43 21.41 21.46 21.45 21.44 21.42 21.43 21.46 21.45 21.43 21.42 21.35 21.36 21.37 21.39 21.39 21.44 21.37 21.44 21.48 21.53 21.56 21.51 21.48 21.43 21.18 21.28 21.07 20.94 20.89 21.07 21.10 21.25 21.46 21.51 21.44 21.51 21.51 21.53 21.59 21.63 21.57 21.50 21.35 21.44 21.44 21.38 21.39 21.40 21.39 21.42 21.43 21.41 21.41
21.14 21.59 21.62 21.64 21.54 21.60 21.55 21.56 21.48 21.44 21.39 21.40 21.37 21.38 21.42 21.39 21.38 21.40 21.40 21.42 21.45 21.45 21.43 21.41 21.39 21.39 21.42 21.44 21.41 21.42 21.42 21.40 21.40 21.39 21.38 21.39 21.41 21.39 21.37 21.41 21.41 21.37 21.43 21.50 21.52 21.52 21.47 21.49 21.45 21.29 21.25 21.14 21.16 21.08 20.87 20.86 20.84 20.98 21.50 21.45 21.50 21.51 21.49 21.51 21.41 21.41 21.41 21.39 21.55 21.59 21.44 21.41 21.40 21.41 21.44 21.43 21.44
20.86 21.48 21.60 21.60 21.62 21.58 21.57 21.63 21.52 21.46 21.42 21.44 21.37 21.39 21.38 21.40 21.40 21.33 21.35 21.43 21.47 21.49 21.47 21.44 21.43 21.44 21.43 21.40 21.45 21.44 21.40 21.39 21.41 21.39 21.34 21.34 21.36 21.36 21.34 21.38 21.36 21.38 21.37 21.40 21.45 21.48 21.48 21.47 21.46 21.45 21.36 21.15 21.38 21.46 21.38 21.22 21.47 20.73 20.94 21.52 21.51 21.48 21.52 21.55 21.48 21.47 21.50 21.65 21.54 21.48 21.42 21.38 21.38 21.38 21.39 21.39 21.39
21.49 21.55 21.57 21.61 21.60 21.59 21.57 21.45 21.38 21.42 21.43 21.40 21.37 21.33 21.30 21.31 21.29 21.26 21.29 21.36 21.38 21.42 21.41 21.39 21.40 21.38 21.41 21.38 21.41 21.39 21.38 21.32 21.30 21.34 21.35 21.35 21.29 21.36 21.34 21.34 21.35 21.34 21.37 21.41 21.43 21.46 21.47 21.45 21.47 21.40 21.43 21.41 21.15 21.11 21.38 21.31 21.62 21.50 21.37 21.23 21.44 21.50 21.47 21.47 21.46 21.45 21.44 21.53 21.57 21.42 21.46 21.48 21.43 21.39 21.38 21.39 21.38
21.54 21.54 21.53 21.57 21.58 21.58 21.54 21.45 21.45 21.50 21.49 21.41 21.38 21.34 21.30 21.27 21.28 21.28 21.30 21.37 21.43 21.40 21.37 21.39 21.38 21.39 21.40 21.34 21.34 21.38 21.36 21.39 21.38 21.37 21.37 21.36 21.36 21.33 21.36 21.33 21.29 21.33 21.35 21.39 21.39 21.40 21.43 21.39 21.43 21.37 21.33 21.36 21.36 21.32 21.31 21.39 21.53 21.49 21.50 21.43 21.45 21.51 21.53 21.44 21.43 21.45 21.38 21.38 21.37 21.40 21.45 21.51 21.38 21.39 21.33 21.34 21.34
21.54 21.50 21.51 21.51 21.46 21.49 21.41 21.42 21.47 21.42 21.44 21.46 21.44 21.38 21.32 21.27 21.24 21.25 21.28 21.34 21.36 21.36 21.32 21.37 21.37 21.36 21.34 21.33 21.38 21.41 21.37 21.31 21.34 21.34 21.33 21.35 21.34 21.32 21.34 21.34 21.33 21.36 21.36 21.39 21.37 21.39 21.42 21.40 21.41 21.41 21.41 21.38 21.33 21.37 21.40 21.43 21.48 21.44 21.50 21.50 21.52 21.52 21.49 21.45 21.39 21.42 21.39 21.36 21.42 21.42 21.50 21.52 21.51 21.38 21.34 21.43 21.37
