main/data/irradiance/25.06.2023.grid
ncols 839
nrows 679
xllcenter 112.0500
yllcenter -43.9500
cellsize 0.0500
nodata_value 99999.90
[rows 68 to 101 of 679, columns 385 to 461 of 839]
19.68 19.55 19.51 19.41 19.45 19.50 19.43 19.40 19.37 19.19 19.32 19.28 19.42 19.22 19.20 19.11 18.53 18.42 18.27 18.00 17.88 17.57 17.39 17.17 16.88 17.28 16.88 16.95 16.72 16.68 16.73 16.81 16.95 16.61 16.80 16.32 16.41 16.11 16.49 16.34 16.31 16.28 15.99 15.77 15.13 14.82 15.49 15.65 15.19 15.05 15.00 15.47 15.11 15.20 15.06 15.06 15.13 15.32 15.12 15.59 16.00 15.65 16.12 16.03 16.44 16.01 15.44 15.50 15.30 15.37 15.59 15.53 16.03 16.02 15.74 15.86 15.98
19.55 19.53 19.65 19.49 19.52 19.58 19.71 19.39 19.38 19.25 19.27 19.19 19.30 19.25 19.18 18.89 18.77 18.60 18.49 18.46 18.36 17.87 17.45 17.30 17.14 17.22 16.78 16.99 16.99 16.69 16.88 16.91 16.97 17.10 16.91 16.48 16.33 16.27 16.39 16.77 16.72 16.56 16.02 15.91 15.79 15.29 15.07 15.23 15.63 14.99 14.91 15.31 15.73 15.18 15.12 14.46 14.22 14.77 15.38 15.88 15.65 15.99 16.21 16.49 16.57 16.77 16.36 15.27 15.03 15.21 15.14 14.99 15.92 16.33 16.66 16.45 16.49
19.57 19.55 19.52 19.47 19.50 19.50 19.41 19.47 19.48 19.48 19.18 19.34 19.25 19.06 18.97 18.92 18.99 18.79 18.61 18.53 18.70 18.35 18.00 17.62 17.25 16.94 16.59 16.78 16.89 16.90 17.23 17.10 17.27 17.41 17.15 16.85 16.46 16.33 16.64 16.62 16.58 16.51 16.79 16.38 15.94 15.47 15.68 15.89 15.61 15.80 15.33 15.29 15.76 15.49 15.28 14.77 14.42 15.10 14.36 14.00 14.20 14.77 15.43 15.93 16.28 16.98 16.97 16.28 15.50 15.22 15.30 15.37 15.82 16.52 16.87 16.71 17.29
19.46 19.41 19.38 19.61 19.51 19.50 19.36 19.57 19.52 19.47 19.31 19.31 19.21 19.12 18.88 19.00 18.78 18.79 18.56 18.58 18.61 18.12 18.08 17.79 17.47 17.18 16.71 16.70 16.73 16.86 17.03 16.95 17.13 17.44 17.42 17.01 16.85 16.63 16.61 16.86 16.76 16.95 17.01 16.95 16.26 15.93 15.52 16.18 15.91 15.55 15.88 16.04 15.32 15.40 16.08 15.24 14.60 14.87 15.38 14.69 13.91 14.76 14.77 15.02 15.50 15.93 16.65 16.42 16.13 15.99 16.19 15.91 16.02 16.59 17.31 16.24 16.88
19.41 19.27 19.40 19.43 19.59 19.50 19.56 19.55 19.36 19.51 19.43 19.23 19.17 19.14 18.87 18.85 18.80 18.80 18.54 18.47 18.59 18.23 18.20 18.18 17.73 17.39 16.92 16.79 16.83 16.65 16.94 16.99 16.97 17.14 17.53 17.58 17.22 16.68 16.43 16.69 16.83 17.01 17.51 17.15 16.74 15.89 15.71 16.03 15.99 15.86 15.97 16.24 15.77 15.65 15.86 15.59 15.48 15.38 15.52 15.15 14.89 15.01 15.14 15.05 15.31 16.05 15.80 16.27 16.13 16.50 16.36 16.65 17.00 16.96 17.29 16.06 16.85
19.46 19.49 19.42 19.32 19.52 19.52 19.38 19.44 19.56 19.49 19.36 19.42 19.02 19.12 19.02 18.87 18.60 18.86 18.64 18.59 18.60 18.66 18.72 18.52 18.33 17.88 17.50 17.18 17.08 16.72 16.99 16.72 16.83 16.74 17.20 17.44 17.41 16.94 16.79 16.51 16.61 17.00 17.33 17.47 17.22 16.90 16.19 15.77 15.67 16.05 16.29 16.00 16.16 16.14 15.81 15.96 15.96 16.27 16.02 15.11 15.18 15.32 15.59 15.12 15.59 15.91 16.23 16.08 16.28 16.42 16.57 16.94 17.43 16.95 17.59 17.11 17.07
19.54 19.57 19.37 19.37 19.41 19.34 19.51 19.60 19.54 19.53 19.51 19.26 19.16 19.03 19.11 19.09 18.44 18.92 18.99 18.82 18.82 18.93 18.92 18.74 18.70 18.28 18.22 17.75 17.59 17.25 16.99 17.11 17.12 16.84 16.92 17.14 17.22 17.15 17.17 16.77 16.74 16.73 16.91 16.97 17.00 16.84 16.48 15.99 16.07 16.09 15.87 16.43 16.60 16.22 16.36 16.36 16.36 16.42 16.31 15.67 15.66 15.37 15.64 15.43 15.45 15.77 15.79 16.01 16.01 16.27 16.65 17.06 17.43 17.08 17.33 17.05 17.47
19.61 19.54 19.51 19.47 19.37 19.37 19.59 19.50 19.49 19.46 19.50 19.49 19.16 19.28 19.14 19.04 18.99 19.09 19.02 18.48 18.71 18.69 18.66 18.40 18.34 18.35 18.10 18.05 17.80 17.57 17.27 17.31 17.50 17.17 17.00 16.95 17.33 17.40 17.27 17.04 17.00 17.02 16.96 16.95 16.90 16.88 16.69 16.35 15.80 16.41 16.26 16.69 17.02 16.77 16.52 16.57 16.33 16.76 16.21 16.18 15.99 15.90 15.70 15.85 15.44 15.98 15.96 16.00 16.31 16.45 16.83 16.72 17.33 17.18 17.01 17.27 16.63
19.53 19.49 19.48 19.36 19.28 19.27 19.48 19.43 19.50 19.55 19.43 19.24 19.38 19.18 18.89 19.15 18.98 18.90 18.91 18.61 18.50 18.68 18.58 18.48 18.56 18.29 17.98 17.83 17.69 17.75 17.34 17.65 17.63 17.37 17.14 17.10 17.37 17.51 17.29 17.20 17.13 17.01 16.80 16.90 17.02 17.08 17.02 16.81 16.32 16.75 16.30 16.63 16.64 16.49 16.18 16.52 15.79 16.36 16.36 16.38 16.13 16.11 15.91 16.01 16.06 16.23 15.90 16.28 16.53 16.19 16.33 17.26 16.94 17.15 17.16 16.62 17.14
19.49 19.47 19.45 19.36 19.30 19.18 19.32 19.38 19.50 19.31 19.35 19.33 19.30 19.17 19.05 19.16 18.86 18.98 18.83 18.62 18.62 18.66 18.92 18.91 18.90 18.52 18.40 18.12 18.12 18.07 17.83 17.81 17.87 17.59 17.12 16.95 17.63 17.84 17.45 17.31 17.42 17.25 16.67 16.74 16.99 17.33 17.20 17.18 16.79 16.57 16.40 16.27 15.78 16.46 16.20 15.71 15.27 15.54 15.87 16.45 16.28 16.46 16.00 16.02 16.10 16.62 16.45 16.43 16.64 16.82 16.69 17.10 17.01 16.95 17.16 16.99 17.37
19.37 19.41 19.44 19.39 19.23 19.29 19.36 19.39 19.48 19.33 19.31 19.39 19.31 19.10 19.02 19.05 19.01 19.02 18.89 18.89 18.92 18.73 18.90 18.81 18.75 18.46 18.08 17.93 18.12 18.03 17.91 17.82 17.67 17.79 17.64 17.67 17.93 17.90 17.71 17.79 17.68 17.66 17.16 17.02 17.29 17.32 17.45 17.36 16.63 16.64 16.46 16.04 16.39 16.11 15.91 15.54 15.31 15.47 15.74 16.15 16.46 16.62 16.79 16.30 16.53 16.82 16.90 16.83 16.76 16.72 17.20 17.39 17.53 17.13 17.07 17.23 16.88
19.14 19.45 19.55 19.40 19.38 19.40 19.30 19.25 19.45 19.35 19.45 19.26 19.28 19.17 18.94 19.01 19.03 19.18 19.00 18.96 18.97 18.88 18.79 18.81 18.62 18.61 18.25 18.04 18.00 18.12 17.86 17.71 17.69 17.78 17.81 17.80 18.08 17.88 17.86 17.82 17.90 17.80 17.64 17.30 17.31 17.41 17.32 16.95 16.53 16.18 15.90 15.80 15.84 16.31 16.32 16.11 16.15 15.78 15.91 16.24 16.02 16.32 16.18 16.67 16.81 17.05 17.40 17.53 17.55 17.33 17.47 17.48 17.32 17.16 17.56 17.44 17.09
19.12 19.25 19.49 19.40 19.42 19.40 19.44 19.32 19.36 19.36 19.45 19.20 19.09 19.15 19.13 19.10 19.07 19.06 18.96 18.92 19.00 18.87 18.83 18.56 18.65 18.59 18.51 17.92 17.88 17.76 17.84 17.86 18.06 17.94 18.03 18.17 18.17 18.16 18.00 17.73 17.99 17.84 17.73 17.28 17.45 17.62 17.60 16.79 16.87 16.25 16.22 16.21 15.69 15.98 16.01 16.02 15.88 16.27 16.28 16.33 16.21 16.57 16.43 16.45 17.08 17.49 17.71 17.55 17.70 17.67 17.56 17.77 17.51 17.70 17.69 18.04 17.61
19.38 19.34 19.34 19.50 19.53 19.48 19.32 19.42 19.35 19.34 19.34 19.18 19.16 19.18 19.19 19.23 19.17 19.11 19.08 18.91 19.02 18.84 18.72 18.66 18.63 18.69 18.49 18.13 17.98 18.04 17.96 17.97 17.92 18.03 17.93 18.32 18.19 18.23 18.00 17.62 17.78 17.70 17.68 17.57 17.25 17.30 17.30 17.04 16.51 16.54 15.99 16.47 16.33 15.86 16.07 15.97 15.32 15.73 16.19 16.33 16.41 16.35 16.87 17.06 17.17 17.52 17.64 17.60 18.11 18.17 18.06 17.97 18.25 17.94 17.82 17.98 18.45
19.51 19.46 19.48 19.38 19.59 19.57 19.51 19.45 19.37 19.19 19.23 19.19 19.18 19.12 19.13 19.17 19.20 19.18 19.17 19.05 19.12 18.90 18.80 18.73 18.75 18.69 18.61 18.41 18.44 18.19 18.21 17.97 18.00 18.06 18.12 18.17 18.54 18.30 18.29 18.06 17.96 17.88 17.59 17.21 16.90 17.09 17.42 17.21 16.37 16.55 15.95 16.04 16.67 16.37 16.01 15.59 15.97 16.06 16.49 16.34 16.32 16.49 16.79 17.08 17.46 17.43 17.89 17.78 18.15 18.23 18.16 18.38 18.32 18.24 18.19 17.80 18.01
19.46 19.44 19.51 19.46 19.58 19.57 19.54 19.46 19.41 19.26 19.27 19.22 19.17 19.10 19.12 19.16 19.07 19.05 19.19 19.13 19.05 18.88 18.80 18.62 18.52 18.41 18.43 18.35 18.35 18.17 18.31 18.20 18.00 18.20 18.25 18.04 18.11 18.18 18.32 18.12 18.13 17.96 17.88 17.68 16.79 16.77 16.95 17.05 16.47 17.05 16.57 16.69 16.67 16.16 16.32 15.70 16.12 16.36 16.47 16.41 16.66 16.79 16.91 17.39 17.67 17.78 17.56 18.00 18.27 18.33 18.70 18.71 18.38 17.78 17.89 17.83 17.88
19.37 19.43 19.50 19.51 19.56 19.55 19.53 19.44 19.39 19.34 19.31 19.23 19.20 18.87 19.07 19.10 19.07 19.05 19.17 18.97 18.98 18.84 18.82 18.71 18.62 18.53 18.56 18.37 18.43 18.40 18.40 18.69 18.38 18.41 18.43 18.19 18.35 18.41 18.35 18.15 18.02 18.10 17.78 18.06 17.44 16.86 17.01 17.19 16.81 17.15 17.28 16.42 16.70 16.68 16.25 16.38 16.42 16.83 16.43 16.20 16.59 16.65 16.91 17.37 17.69 18.00 17.82 18.22 18.51 18.73 18.67 18.37 18.40 18.41 17.99 17.72 18.20
19.38 19.41 19.49 19.47 19.44 19.51 19.45 19.42 19.36 19.24 19.25 19.20 19.07 19.06 19.04 19.06 19.22 19.09 19.20 19.16 18.95 18.86 18.87 18.78 18.76 18.46 18.45 18.58 18.64 18.61 18.54 18.68 18.69 18.48 18.34 18.09 17.89 18.11 18.08 18.12 17.98 18.10 17.88 17.89 17.54 17.22 16.58 17.23 17.16 17.33 17.61 17.52 16.85 16.58 16.42 16.02 15.87 16.27 16.90 16.65 16.43 16.53 16.73 17.26 17.52 17.56 17.63 18.27 18.63 18.73 18.76 18.67 18.68 19.08 18.97 18.92 18.72
19.38 19.41 19.45 19.46 19.47 19.40 19.45 19.46 19.40 19.39 19.27 19.17 19.00 19.06 19.03 19.03 19.03 19.02 19.21 19.09 18.83 18.89 18.84 18.73 18.68 18.45 18.55 18.58 18.68 18.71 18.73 18.73 18.75 18.57 18.70 18.27 18.26 18.24 18.20 18.07 18.17 18.02 17.97 17.64 17.61 17.27 17.16 17.30 17.28 17.48 17.47 17.72 17.78 17.24 17.00 16.61 15.82 16.21 16.10 16.29 16.58 16.26 16.39 16.51 17.18 17.59 17.45 17.80 18.80 18.89 18.89 18.71 18.82 19.22 19.21 19.16 18.93
19.42 19.41 19.44 19.46 19.44 19.38 19.40 19.42 19.43 19.44 19.34 19.18 19.02 19.06 19.07 19.02 18.93 18.90 19.09 18.94 18.78 18.69 18.67 18.75 18.62 18.59 18.47 18.54 18.56 18.66 18.60 18.56 18.59 18.50 18.65 18.34 18.24 18.32 18.33 18.11 18.19 18.20 18.01 18.02 17.81 17.77 17.49 17.43 17.72 17.81 17.58 17.56 17.67 17.39 16.92 17.08 16.68 16.60 16.39 16.54 16.59 16.41 16.73 16.70 16.66 17.33 17.23 17.59 18.11 18.37 18.51 18.72 18.91 19.16 18.88 18.87 18.87
19.38 19.36 19.46 19.44 19.43 19.38 19.42 19.41 19.35 19.46 19.40 19.23 19.19 19.09 19.04 19.01 18.91 18.80 18.97 18.90 18.94 18.66 18.61 18.56 18.56 18.50 18.49 18.56 18.59 18.63 18.51 18.61 18.60 18.49 18.53 18.29 18.35 18.34 18.35 18.17 18.22 18.23 18.20 18.06 17.82 17.72 17.31 17.45 17.65 17.76 18.08 17.67 17.59 17.58 17.34 17.40 17.35 17.13 16.68 17.05 16.55 16.45 16.84 17.20 17.36 17.65 17.57 17.77 17.72 18.41 18.49 18.61 18.83 19.03 18.92 18.79 18.94
19.37 19.33 19.41 19.39 19.35 19.35 19.34 19.40 19.36 19.41 19.41 19.36 19.23 19.15 19.01 18.97 18.97 18.91 18.93 18.96 18.92 18.92 18.64 18.50 18.43 18.48 18.54 18.56 18.55 18.66 18.69 18.73 18.64 18.59 18.48 18.46 18.39 18.33 18.44 18.15 18.25 18.24 17.75 17.80 17.98 17.51 17.72 17.32 17.47 17.88 17.84 18.00 17.84 17.31 17.65 17.65 17.76 17.45 17.25 17.18 16.94 16.33 16.55 16.69 17.11 17.62 17.98 18.51 18.55 18.77 18.91 19.11 19.14 19.14 19.09 19.02 19.11
19.36 19.33 19.36 19.34 19.31 19.39 19.27 19.24 19.28 19.35 19.37 19.31 19.20 19.23 19.01 18.99 18.92 19.05 18.89 18.84 18.88 18.87 18.82 18.68 18.71 18.64 18.67 18.54 18.66 18.79 18.75 18.69 18.57 18.54 18.49 18.25 18.15 17.94 18.05 17.84 17.86 17.93 17.92 17.79 17.76 17.93 17.73 17.77 17.76 17.61 17.83 17.76 17.67 17.23 17.55 17.75 17.59 17.72 17.29 16.78 17.14 16.89 16.80 16.97 16.83 16.98 17.90 18.41 18.59 19.12 19.13 19.01 19.17 19.11 19.11 19.05 18.98
19.25 19.30 19.31 19.32 19.28 19.35 19.29 19.32 19.31 19.27 19.20 19.30 19.29 19.20 19.08 19.09 19.01 18.95 18.82 18.80 18.76 18.83 18.58 18.58 18.66 18.74 18.69 18.58 18.68 18.60 18.70 18.80 18.70 18.57 18.36 18.08 17.98 18.10 18.16 18.17 17.98 17.86 17.92 18.13 17.98 17.88 17.83 17.89 17.93 17.96 18.17 18.07 18.27 17.91 17.27 17.65 17.94 17.69 17.51 17.55 17.13 17.10 17.10 17.06 17.08 17.06 17.36 18.07 18.35 18.77 19.02 19.03 19.18 19.15 19.17 19.07 18.84
19.22 19.25 19.30 19.27 19.28 19.29 19.32 19.28 19.27 19.31 19.27 19.33 19.31 19.10 19.08 19.09 19.10 18.96 18.96 18.98 18.82 18.76 18.55 18.53 18.75 18.87 18.74 18.83 18.70 18.58 18.74 18.65 18.83 18.85 18.48 18.17 17.82 18.01 17.78 17.59 17.78 17.73 17.69 17.86 18.00 18.09 18.15 17.85 18.16 17.95 17.96 18.12 18.42 18.22 17.72 18.13 18.07 18.04 17.93 17.80 17.99 17.44 17.57 17.26 17.15 17.49 17.44 17.98 17.64 18.25 18.86 19.03 19.16 19.12 19.15 19.06 18.88
19.29 19.28 19.27 19.27 19.22 19.17 19.23 19.32 19.23 19.26 19.26 19.20 19.12 19.22 19.23 19.18 19.17 19.12 18.94 18.94 18.90 18.90 18.94 18.93 18.94 18.88 18.88 18.80 18.75 18.73 18.74 18.66 18.70 18.86 18.71 18.56 17.82 17.69 17.78 17.70 17.87 17.94 17.96 17.94 18.09 18.31 17.84 18.09 18.14 17.99 18.08 18.40 18.38 17.93 17.42 17.34 17.21 17.46 17.97 18.11 17.98 18.08 18.09 18.16 18.33 17.83 18.08 18.19 18.32 18.12 18.65 19.07 19.11 19.13 18.98 18.79 18.82
19.21 19.21 19.22 19.24 19.21 19.14 19.21 19.20 19.15 19.16 19.12 19.22 19.22 19.22 19.23 19.14 19.19 19.16 19.07 18.98 18.96 18.93 18.94 18.91 18.92 18.84 18.85 18.79 18.83 18.77 18.69 18.68 18.70 18.72 18.70 18.62 17.96 17.87 17.82 17.62 17.51 17.74 17.86 17.70 17.88 17.56 17.84 17.95 18.00 18.21 17.86 18.15 18.34 18.32 18.00 17.70 17.47 17.37 17.36 18.09 18.02 17.64 18.10 18.06 18.20 17.81 18.10 18.53 18.50 18.30 18.48 18.87 19.05 19.11 19.08 19.04 18.39
19.19 19.17 19.20 19.21 19.13 19.09 19.16 19.05 19.04 19.05 19.00 19.00 19.20 19.02 18.96 19.03 18.96 19.09 19.14 19.12 19.06 19.06 18.95 19.02 18.97 18.83 18.92 18.97 18.90 18.79 18.83 18.65 18.63 18.58 18.44 18.51 17.97 18.16 17.72 17.58 17.66 17.66 17.74 17.88 18.11 18.03 18.00 17.86 17.79 18.01 17.61 18.23 18.05 18.10 18.03 17.79 17.71 17.81 17.69 17.85 18.07 17.83 18.15 18.12 18.16 17.98 18.13 18.03 18.15 18.07 18.18 18.03 18.52 18.71 19.06 19.06 18.84
19.15 19.19 19.15 19.10 19.08 19.02 19.03 18.97 18.88 18.95 18.92 18.85 19.01 19.13 19.00 19.06 19.06 18.92 18.98 19.02 19.09 19.10 19.18 19.13 19.05 19.03 18.98 18.94 18.92 18.80 18.82 18.84 18.59 18.37 18.52 18.47 18.22 18.37 18.09 18.09 18.02 18.11 17.90 18.25 18.28 18.47 18.22 18.18 18.03 18.04 17.98 17.82 17.63 18.14 17.88 17.70 18.25 17.75 17.83 17.84 18.02 18.05 18.09 18.02 18.37 18.49 18.40 18.42 18.31 18.45 18.40 18.34 17.81 18.19 18.83 18.92 18.86
19.14 19.17 19.09 19.09 19.03 19.03 19.00 19.04 18.94 18.86 18.99 18.98 18.97 19.10 19.17 19.17 19.11 18.98 19.06 18.97 18.98 18.97 18.97 19.10 19.11 19.12 18.93 18.84 18.89 18.94 18.92 18.85 18.84 18.75 18.60 18.56 18.55 18.45 18.32 18.28 18.40 18.23 18.17 18.11 17.96 18.02 18.26 18.34 18.17 17.98 18.20 18.11 17.98 17.83 17.93 17.70 17.75 18.01 18.00 17.73 18.16 18.22 17.83 18.20 18.22 18.25 18.63 18.66 18.46 18.45 18.47 18.63 18.56 18.33 18.38 18.77 18.65
19.09 19.11 19.09 19.01 18.97 19.02 18.90 19.04 18.91 18.83 18.91 18.92 19.09 19.03 19.09 19.13 19.10 19.02 18.96 18.93 18.92 18.94 19.05 18.94 18.91 19.00 18.95 19.01 18.91 18.96 18.95 19.04 18.95 18.86 18.57 18.29 18.41 18.47 18.47 18.53 18.30 18.15 17.90 17.99 17.71 18.10 18.14 18.43 18.13 18.06 18.29 18.20 18.08 17.95 18.11 17.89 17.86 18.23 18.42 18.17 18.37 17.93 18.18 18.11 18.02 18.07 18.24 18.32 18.55 18.76 18.63 18.56 18.64 18.83 18.56 18.09 18.17
19.06 19.05 19.09 19.09 18.92 18.94 18.99 18.99 19.06 18.91 18.94 18.91 19.03 18.97 19.13 19.15 19.12 19.06 19.05 18.99 18.98 18.82 18.78 18.81 18.94 18.92 18.97 18.99 19.00 18.84 18.90 19.05 19.06 18.80 18.57 18.49 18.59 18.44 18.29 18.52 18.37 18.07 18.28 18.07 17.91 18.19 18.14 18.52 18.52 18.35 18.43 18.40 18.43 18.18 18.37 18.20 18.18 18.08 17.91 18.32 18.39 18.43 18.30 18.22 18.43 18.57 18.50 18.47 18.48 18.81 18.82 18.84 18.44 18.45 18.41 17.95 17.92
19.09 19.08 19.02 19.06 18.92 18.85 18.89 19.00 19.07 19.03 18.96 18.95 19.02 18.96 19.13 19.19 19.16 19.13 19.09 19.05 19.03 18.90 18.90 18.84 18.97 18.96 19.09 19.09 19.07 18.91 18.99 19.02 19.09 19.09 19.07 18.88 18.92 18.84 18.69 18.78 18.63 18.42 18.31 18.18 18.18 18.25 18.41 18.44 18.43 18.51 18.58 18.60 18.70 18.55 18.25 18.20 18.60 18.32 18.34 18.15 18.39 18.32 18.10 18.43 18.69 18.39 18.39 18.56 18.42 18.42 18.62 18.43 18.25 18.12 18.34 18.28 18.17
19.08 19.06 18.95 18.83 18.90 18.84 18.74 18.87 18.96 19.01 19.00 19.02 19.02 19.04 19.07 19.14 19.12 19.14 19.10 19.08 19.04 19.04 18.96 19.02 19.05 18.99 19.01 18.97 18.89 19.01 19.03 18.98 18.99 19.05 19.02 19.00 19.00 18.99 18.82 18.96 18.82 18.66 18.26 18.21 18.41 18.44 18.53 18.37 18.51 18.57 18.64 18.58 18.63 18.63 18.73 18.60 18.43 18.12 18.05 18.45 18.52 18.42 18.39 18.20 18.27 18.26 18.29 18.28 18.18 18.12 18.62 18.46 18.39 18.38 18.59 18.59 18.44
