main/data/irradiance/25.05.2023.grid
ncols 839
nrows 679
xllcenter 112.0500
yllcenter -43.9500
cellsize 0.0500
nodata_value 99999.90
[rows 238 to 271 of 679, columns 77 to 153 of 839]
16.85 16.90 16.95 16.93 16.94 16.89 16.84 16.85 16.86 16.85 16.83 16.84 16.87 16.85 16.85 16.90 16.85 16.91 16.84 16.84 16.78 16.81 16.81 16.90 16.92 16.88 16.87 16.87 16.92 16.95 16.91 16.90 16.93 17.01 17.06 17.06 17.07 17.02 16.99 17.07 17.06 17.10 17.11 17.07 16.99 16.78 16.86 16.96 17.07 17.00 16.97 17.01 16.99 16.94 16.96 17.02 17.01 17.00 16.99 16.94 17.04 17.04 16.99 16.94 17.05 17.08 17.03 16.96 16.98 17.10 17.12 17.01 16.94 17.01 17.01 17.06 17.09
16.87 16.92 16.97 16.90 16.92 16.90 16.83 16.81 16.85 16.84 16.87 16.89 16.85 16.85 16.88 16.84 16.88 16.88 16.88 16.87 16.82 16.76 16.82 16.88 16.92 16.89 16.90 16.95 16.94 16.96 16.96 16.92 16.97 17.00 17.03 17.07 17.03 17.04 17.01 17.01 17.01 17.05 17.06 17.08 17.01 16.98 17.04 17.06 17.10 17.11 17.06 16.98 17.02 16.96 16.95 16.92 16.88 16.91 16.94 16.97 16.94 16.90 16.97 16.91 16.95 16.94 17.07 16.99 17.06 17.05 16.98 17.01 17.01 17.02 17.03 17.02 17.01
16.92 16.91 16.86 16.88 16.91 16.93 16.82 16.95 16.87 16.85 16.86 16.86 16.83 16.84 16.83 16.83 16.85 16.90 16.86 16.83 16.90 16.89 16.88 16.89 16.93 16.97 17.02 16.99 16.93 16.93 16.96 16.96 16.96 17.01 17.03 16.99 17.02 17.04 17.00 17.00 16.99 17.01 17.03 17.08 17.04 17.03 17.05 17.06 17.07 17.07 17.05 17.06 17.03 17.06 17.03 17.03 16.93 16.89 16.81 16.93 16.97 16.96 16.99 17.00 16.98 17.00 17.07 17.01 17.03 17.05 16.99 17.00 17.05 16.97 16.91 16.90 17.01
16.87 16.80 16.79 16.84 16.80 16.89 16.85 16.91 16.92 16.90 16.88 16.84 16.83 16.85 16.82 16.83 16.84 16.87 16.91 16.87 16.83 16.87 16.85 16.91 16.91 16.93 16.91 16.88 16.88 16.89 16.91 16.92 16.95 16.95 16.96 16.97 16.97 17.00 16.99 17.01 17.04 17.02 17.05 17.05 17.05 17.05 17.03 17.06 17.06 17.05 17.09 17.07 17.07 17.02 17.00 16.98 17.00 16.97 16.90 16.90 16.85 16.88 16.87 16.90 16.95 16.90 16.93 16.97 16.91 16.93 16.96 16.98 16.95 16.99 16.93 16.94 16.94
16.77 16.76 16.72 16.71 16.79 16.81 16.85 16.90 16.96 16.83 16.79 16.79 16.82 16.80 16.80 16.76 16.79 16.84 16.81 16.82 16.84 16.88 16.88 16.86 16.90 16.80 16.78 16.84 16.89 16.93 16.90 16.86 16.90 16.92 16.88 16.88 16.92 16.96 16.99 17.01 17.03 17.03 17.04 17.02 17.03 17.05 16.98 17.01 16.99 16.99 17.07 17.10 17.09 17.07 17.06 17.03 17.00 16.99 17.03 16.96 16.93 16.99 16.97 16.98 16.99 16.91 16.93 16.98 16.96 16.98 16.96 16.97 16.96 16.98 16.98 16.96 16.93
16.86 16.82 16.64 16.68 16.73 16.76 16.81 16.81 16.83 16.84 16.79 16.86 16.80 16.85 16.87 16.85 16.84 16.85 16.84 16.85 16.83 16.87 16.87 16.89 16.90 16.84 16.82 16.87 16.85 16.91 16.88 16.86 16.89 16.88 16.88 16.86 16.88 16.91 16.96 16.95 17.00 16.99 16.98 16.98 16.94 16.92 16.89 16.90 16.91 16.98 17.03 17.00 17.02 17.06 17.05 17.06 17.06 17.04 17.01 16.98 16.97 16.98 16.96 16.95 16.96 16.97 16.98 16.98 17.01 17.01 16.96 16.97 16.99 16.96 16.92 16.93 16.99
16.70 16.68 16.67 16.66 16.76 16.83 16.80 16.81 16.75 16.73 16.76 16.78 16.82 16.83 16.85 16.85 16.80 16.82 16.81 16.81 16.78 16.78 16.82 16.86 16.89 16.86 16.90 16.92 16.89 16.88 16.88 16.81 16.79 16.80 16.84 16.87 16.92 16.92 16.91 16.91 16.91 16.96 16.95 16.90 16.92 16.91 16.90 16.91 16.83 16.85 16.94 16.93 16.97 17.00 17.01 17.00 16.99 17.03 17.03 17.03 17.03 17.03 17.03 17.02 16.99 16.96 16.95 16.97 16.98 16.99 16.97 16.90 16.90 16.92 16.94 16.99 16.96
16.74 16.68 16.69 16.74 16.76 16.78 16.78 16.79 16.75 16.70 16.69 16.75 16.82 16.82 16.76 16.83 16.81 16.80 16.81 16.77 16.79 16.76 16.82 16.85 16.87 16.88 16.88 16.81 16.95 16.92 16.95 16.85 16.80 16.83 16.85 16.71 16.45 16.48 16.35 16.79 16.88 16.96 16.93 16.92 16.92 16.95 16.95 16.94 16.93 16.87 16.82 16.86 16.94 16.95 16.99 17.00 17.01 17.00 17.01 17.03 17.02 17.02 17.02 17.01 17.01 17.02 16.99 16.99 16.98 16.96 16.94 16.95 16.95 16.91 16.92 16.96 16.99
16.75 16.75 16.73 16.68 16.62 16.73 16.77 16.72 16.74 16.77 16.74 16.76 16.77 16.76 16.78 16.68 16.69 16.77 16.78 16.77 16.83 16.86 16.79 16.81 16.80 16.82 16.87 16.90 16.90 16.93 16.86 16.84 16.85 16.85 16.83 16.59 16.52 16.55 16.57 16.77 16.87 16.87 16.85 16.88 16.88 16.92 16.94 16.90 16.91 16.90 16.91 16.90 16.92 16.93 16.96 16.95 16.96 16.97 16.98 16.97 16.97 16.97 17.01 17.04 17.04 16.93 16.85 16.95 17.01 16.97 16.96 16.96 16.95 16.93 16.94 16.94 16.95
16.63 16.74 16.66 16.70 16.68 16.67 16.68 16.68 16.72 16.68 16.70 16.77 16.78 16.81 16.77 16.78 16.74 16.70 16.75 16.72 16.74 16.74 16.69 16.67 16.75 16.76 16.79 16.81 16.88 16.96 16.87 16.84 16.85 16.90 16.85 16.71 16.83 16.84 16.79 16.80 16.91 16.85 16.87 16.87 16.87 16.87 16.87 16.89 16.89 16.89 16.89 16.91 16.90 16.93 16.94 16.94 16.96 16.96 16.96 16.96 16.96 16.95 16.90 16.87 16.84 16.82 16.55 16.80 16.61 16.72 16.96 16.98 16.98 16.97 16.97 16.95 16.96
16.49 16.42 16.49 16.64 16.51 16.70 16.76 16.69 16.75 16.70 16.65 16.68 16.78 16.80 16.80 16.77 16.73 16.70 16.69 16.67 16.69 16.69 16.70 16.70 16.76 16.79 16.76 16.83 16.83 16.84 16.79 16.79 16.80 16.86 16.81 16.78 16.89 16.86 16.83 16.88 16.86 16.76 16.89 16.89 16.88 16.86 16.90 16.92 16.91 16.90 16.88 16.89 16.92 16.92 16.88 16.94 16.95 16.92 16.93 16.93 16.94 16.94 16.93 16.93 16.90 16.79 16.85 16.77 16.92 16.85 16.80 16.62 16.67 16.89 16.99 16.98 16.96
16.49 16.43 16.45 16.50 16.59 16.62 16.69 16.70 16.73 16.72 16.73 16.69 16.73 16.71 16.75 16.72 16.68 16.73 16.78 16.76 16.69 16.68 16.72 16.72 16.74 16.76 16.73 16.82 16.83 16.78 16.82 16.83 16.72 16.66 16.70 16.86 16.84 16.79 16.75 16.72 16.79 16.81 16.83 16.84 16.88 16.90 16.88 16.86 16.91 16.91 16.88 16.86 16.90 16.90 16.88 16.90 16.91 16.92 16.92 16.91 16.90 16.91 16.92 16.91 16.91 16.88 16.91 16.92 16.92 16.92 16.90 16.84 16.72 16.84 16.97 16.99 16.98
16.55 16.41 16.39 16.59 16.51 16.49 16.51 16.67 16.68 16.63 16.61 16.63 16.65 16.74 16.72 16.72 16.69 16.70 16.67 16.71 16.75 16.77 16.75 16.75 16.76 16.76 16.82 16.80 16.84 16.82 16.79 16.80 16.70 16.64 16.71 16.70 16.76 16.73 16.70 16.69 16.73 16.75 16.67 16.81 16.85 16.86 16.87 16.85 16.84 16.84 16.82 16.88 16.87 16.88 16.89 16.90 16.90 16.89 16.91 16.89 16.89 16.87 16.88 16.86 16.87 16.87 16.87 16.89 16.92 16.90 16.90 16.90 16.88 16.75 16.66 16.72 16.91
16.61 16.61 16.66 16.61 16.54 16.41 16.52 16.55 16.55 16.69 16.79 16.80 16.74 16.68 16.66 16.69 16.66 16.71 16.66 16.72 16.72 16.75 16.75 16.76 16.77 16.82 16.86 16.85 16.81 16.77 16.78 16.79 16.76 16.67 16.65 16.69 16.66 16.70 16.67 16.64 16.63 16.70 16.71 16.76 16.79 16.82 16.86 16.87 16.83 16.83 16.83 16.86 16.87 16.87 16.84 16.85 16.87 16.87 16.87 16.87 16.86 16.86 16.86 16.83 16.83 16.83 16.83 16.84 16.87 16.86 16.88 16.88 16.87 16.87 16.80 16.75 16.80
16.38 16.36 16.41 16.61 16.51 16.51 16.52 16.66 16.62 16.56 16.52 16.60 16.65 16.74 16.69 16.63 16.64 16.65 16.66 16.71 16.74 16.73 16.67 16.70 16.72 16.73 16.75 16.74 16.74 16.72 16.75 16.76 16.72 16.69 16.75 16.69 16.68 16.61 16.59 16.57 16.55 16.61 16.68 16.74 16.79 16.80 16.86 16.82 16.84 16.84 16.84 16.84 16.82 16.84 16.85 16.86 16.86 16.85 16.85 16.84 16.83 16.82 16.83 16.83 16.82 16.79 16.79 16.82 16.82 16.83 16.86 16.86 16.86 16.86 16.84 16.80 16.83
16.45 16.53 16.61 16.74 16.68 16.61 16.57 16.55 16.57 16.61 16.65 16.65 16.68 16.71 16.65 16.58 16.62 16.62 16.65 16.65 16.67 16.67 16.69 16.73 16.72 16.68 16.61 16.64 16.56 16.67 16.72 16.75 16.74 16.73 16.73 16.71 16.72 16.69 16.66 16.59 16.58 16.66 16.62 16.62 16.69 16.75 16.80 16.75 16.78 16.79 16.81 16.78 16.79 16.79 16.80 16.81 16.80 16.80 16.82 16.81 16.82 16.80 16.76 16.81 16.76 16.68 16.77 16.80 16.80 16.77 16.81 16.82 16.82 16.83 16.83 16.83 16.84
16.55 16.60 16.58 16.59 16.68 16.66 16.48 16.62 16.67 16.56 16.58 16.64 16.78 16.66 16.63 16.58 16.56 16.63 16.59 16.62 16.63 16.63 16.68 16.66 16.69 16.61 16.62 16.69 16.72 16.71 16.70 16.70 16.72 16.70 16.70 16.69 16.72 16.75 16.71 16.70 16.66 16.71 16.68 16.63 16.62 16.68 16.70 16.74 16.73 16.77 16.78 16.76 16.76 16.77 16.75 16.79 16.78 16.78 16.80 16.77 16.76 16.78 16.77 16.77 16.76 16.61 16.76 16.78 16.80 16.75 16.80 16.79 16.81 16.80 16.82 16.81 16.81
16.53 16.66 16.58 16.54 16.56 16.82 16.84 16.40 16.65 16.55 16.56 16.55 16.63 16.68 16.65 16.59 16.58 16.67 16.71 16.70 16.69 16.69 16.65 16.65 16.64 16.63 16.63 16.73 16.77 16.70 16.65 16.72 16.72 16.69 16.61 16.65 16.66 16.75 16.71 16.71 16.73 16.70 16.72 16.68 16.71 16.69 16.65 16.67 16.76 16.75 16.74 16.77 16.76 16.74 16.76 16.76 16.76 16.78 16.78 16.76 16.72 16.75 16.75 16.70 16.73 16.75 16.76 16.77 16.76 16.77 16.77 16.74 16.76 16.75 16.78 16.77 16.76
16.60 16.65 16.64 16.52 16.55 16.67 16.82 16.81 16.52 16.68 16.60 16.57 16.62 16.60 16.72 16.72 16.73 16.73 16.69 16.69 16.74 16.75 16.74 16.67 16.60 16.57 16.61 16.65 16.70 16.65 16.57 16.65 16.67 16.65 16.62 16.62 16.58 16.63 16.66 16.65 16.70 16.73 16.72 16.62 16.69 16.72 16.64 16.67 16.73 16.75 16.75 16.74 16.74 16.74 16.74 16.73 16.74 16.73 16.70 16.72 16.76 16.76 16.76 16.75 16.76 16.74 16.70 16.71 16.74 16.72 16.68 16.66 16.71 16.67 16.68 16.76 16.78
16.55 16.62 16.64 16.55 16.48 16.53 16.59 16.70 16.63 16.55 16.64 16.65 16.63 16.67 16.71 16.69 16.74 16.73 16.77 16.70 16.58 16.66 16.68 16.71 16.70 16.62 16.64 16.64 16.61 16.66 16.67 16.65 16.63 16.70 16.67 16.66 16.66 16.63 16.68 16.66 16.64 16.65 16.64 16.59 16.54 16.61 16.62 16.70 16.72 16.68 16.73 16.73 16.73 16.73 16.72 16.71 16.74 16.74 16.67 16.70 16.73 16.74 16.73 16.73 16.71 16.67 16.70 16.73 16.73 16.73 16.65 16.63 16.71 16.70 16.64 16.73 16.72
16.55 16.61 16.59 16.63 16.59 16.55 16.64 16.71 16.80 16.49 16.47 16.66 16.59 16.61 16.66 16.73 16.69 16.71 16.65 16.67 16.70 16.68 16.71 16.69 16.68 16.65 16.62 16.63 16.63 16.64 16.62 16.50 16.47 16.56 16.53 16.54 16.54 16.56 16.56 16.68 16.66 16.63 16.57 16.50 16.46 16.51 16.57 16.62 16.66 16.72 16.71 16.72 16.71 16.70 16.71 16.71 16.71 16.71 16.71 16.71 16.73 16.72 16.73 16.73 16.72 16.73 16.73 16.71 16.72 16.71 16.69 16.67 16.69 16.63 16.66 16.63 16.68
16.54 16.51 16.60 16.60 16.58 16.59 16.65 16.59 16.60 16.62 16.61 16.60 16.70 16.70 16.69 16.71 16.70 16.69 16.67 16.64 16.60 16.54 16.55 16.62 16.59 16.62 16.57 16.61 16.58 16.48 16.52 16.56 16.63 16.60 16.54 16.60 16.59 16.56 16.58 16.62 16.63 16.66 16.60 16.58 16.54 16.55 16.63 16.67 16.69 16.67 16.69 16.69 16.67 16.68 16.70 16.69 16.69 16.70 16.72 16.69 16.72 16.71 16.71 16.71 16.71 16.67 16.69 16.69 16.71 16.69 16.69 16.68 16.69 16.69 16.68 16.63 16.66
16.52 16.54 16.53 16.60 16.64 16.59 16.58 16.65 16.56 16.42 16.58 16.70 16.68 16.68 16.71 16.71 16.73 16.73 16.69 16.67 16.66 16.67 16.62 16.59 16.67 16.65 16.62 16.58 16.50 16.55 16.44 16.51 16.57 16.68 16.69 16.60 16.56 16.50 16.61 16.68 16.70 16.68 16.65 16.63 16.63 16.59 16.64 16.67 16.65 16.63 16.65 16.66 16.67 16.68 16.68 16.67 16.68 16.67 16.68 16.68 16.69 16.68 16.67 16.67 16.68 16.69 16.66 16.68 16.65 16.66 16.67 16.65 16.61 16.63 16.67 16.64 16.65
16.50 16.48 16.52 16.55 16.58 16.63 16.54 16.56 16.58 16.52 16.50 16.66 16.69 16.70 16.71 16.70 16.67 16.68 16.68 16.69 16.68 16.67 16.69 16.69 16.71 16.69 16.67 16.64 16.52 16.50 16.53 16.53 16.59 16.64 16.60 16.61 16.63 16.60 16.59 16.59 16.65 16.64 16.54 16.58 16.57 16.62 16.66 16.65 16.60 16.56 16.64 16.62 16.65 16.62 16.64 16.65 16.65 16.66 16.67 16.66 16.66 16.66 16.67 16.67 16.67 16.67 16.67 16.64 16.65 16.65 16.64 16.63 16.63 16.64 16.62 16.64 16.64
16.50 16.47 16.46 16.44 16.63 16.59 16.58 16.56 16.60 16.48 16.60 16.70 16.72 16.71 16.68 16.66 16.67 16.68 16.67 16.67 16.64 16.62 16.64 16.66 16.65 16.68 16.68 16.68 16.65 16.60 16.59 16.59 16.64 16.63 16.62 16.57 16.60 16.63 16.59 16.48 16.50 16.55 16.59 16.63 16.64 16.65 16.65 16.65 16.65 16.59 16.59 16.59 16.59 16.62 16.63 16.65 16.64 16.64 16.65 16.63 16.64 16.63 16.63 16.61 16.62 16.60 16.64 16.64 16.65 16.64 16.64 16.64 16.64 16.65 16.65 16.60 16.58
16.52 16.53 16.47 16.37 16.56 16.59 16.53 16.46 16.63 16.58 16.39 16.57 16.50 16.53 16.55 16.55 16.59 16.67 16.65 16.65 16.65 16.65 16.61 16.61 16.63 16.67 16.65 16.69 16.66 16.62 16.60 16.56 16.55 16.56 16.58 16.55 16.54 16.51 16.55 16.57 16.59 16.61 16.60 16.61 16.63 16.64 16.63 16.64 16.63 16.64 16.63 16.61 16.59 16.59 16.54 16.56 16.58 16.57 16.61 16.62 16.62 16.61 16.62 16.62 16.62 16.62 16.63 16.63 16.62 16.63 16.63 16.62 16.61 16.63 16.62 16.62 16.60
16.45 16.47 16.41 16.34 16.38 16.57 16.51 16.58 16.58 16.60 16.56 16.44 16.39 16.57 16.59 16.58 16.54 16.57 16.62 16.64 16.62 16.63 16.64 16.65 16.58 16.66 16.63 16.65 16.63 16.61 16.61 16.63 16.60 16.58 16.60 16.56 16.57 16.48 16.48 16.53 16.59 16.60 16.60 16.60 16.62 16.63 16.62 16.61 16.63 16.62 16.60 16.58 16.52 16.55 16.54 16.57 16.59 16.59 16.60 16.59 16.60 16.60 16.60 16.60 16.60 16.60 16.60 16.59 16.58 16.58 16.59 16.60 16.61 16.61 16.61 16.62 16.60
16.36 16.35 16.36 16.30 16.30 16.47 16.53 16.61 16.59 16.53 16.47 16.56 16.53 16.52 16.57 16.53 16.53 16.55 16.56 16.58 16.61 16.62 16.55 16.53 16.61 16.58 16.60 16.64 16.64 16.62 16.58 16.57 16.58 16.62 16.60 16.56 16.55 16.54 16.55 16.57 16.57 16.58 16.58 16.58 16.57 16.58 16.61 16.59 16.59 16.58 16.57 16.55 16.56 16.55 16.52 16.51 16.58 16.58 16.57 16.58 16.57 16.57 16.58 16.57 16.58 16.58 16.59 16.59 16.59 16.59 16.59 16.59 16.58 16.59 16.59 16.58 16.58
16.34 16.29 16.36 16.41 16.29 16.36 16.48 16.50 16.55 16.56 16.56 16.55 16.55 16.56 16.55 16.56 16.52 16.45 16.48 16.55 16.58 16.57 16.53 16.63 16.62 16.60 16.59 16.51 16.53 16.57 16.59 16.57 16.59 16.55 16.59 16.56 16.56 16.55 16.54 16.54 16.54 16.55 16.54 16.51 16.54 16.56 16.57 16.57 16.57 16.56 16.54 16.49 16.53 16.55 16.52 16.54 16.56 16.54 16.54 16.55 16.57 16.56 16.55 16.55 16.56 16.57 16.56 16.55 16.56 16.56 16.56 16.56 16.54 16.56 16.58 16.58 16.56
16.43 16.43 16.39 16.49 16.45 16.38 16.50 16.49 16.47 16.47 16.54 16.55 16.54 16.56 16.56 16.53 16.45 16.43 16.44 16.51 16.53 16.53 16.56 16.57 16.60 16.56 16.53 16.57 16.55 16.56 16.56 16.55 16.55 16.56 16.52 16.55 16.56 16.55 16.52 16.53 16.53 16.53 16.53 16.51 16.52 16.53 16.51 16.49 16.50 16.52 16.52 16.51 16.52 16.53 16.53 16.53 16.54 16.54 16.54 16.55 16.52 16.50 16.48 16.54 16.53 16.54 16.55 16.54 16.54 16.54 16.55 16.54 16.56 16.55 16.55 16.54 16.55
16.40 16.46 16.42 16.41 16.47 16.44 16.49 16.47 16.44 16.35 16.43 16.52 16.54 16.53 16.53 16.54 16.51 16.43 16.42 16.45 16.49 16.51 16.53 16.53 16.52 16.56 16.56 16.54 16.54 16.53 16.53 16.55 16.56 16.52 16.48 16.54 16.53 16.57 16.55 16.53 16.51 16.50 16.50 16.50 16.50 16.50 16.51 16.51 16.50 16.51 16.51 16.51 16.51 16.51 16.51 16.53 16.52 16.53 16.53 16.54 16.53 16.48 16.49 16.52 16.50 16.51 16.53 16.52 16.53 16.53 16.54 16.53 16.54 16.53 16.54 16.55 16.54
16.38 16.41 16.36 16.36 16.44 16.41 16.46 16.36 16.40 16.45 16.47 16.49 16.49 16.49 16.51 16.51 16.49 16.48 16.47 16.46 16.51 16.52 16.52 16.51 16.51 16.51 16.53 16.53 16.54 16.54 16.52 16.51 16.49 16.42 16.51 16.54 16.52 16.50 16.51 16.53 16.49 16.48 16.49 16.49 16.49 16.50 16.50 16.50 16.50 16.50 16.51 16.52 16.50 16.50 16.50 16.50 16.51 16.51 16.51 16.51 16.52 16.51 16.51 16.52 16.51 16.50 16.51 16.51 16.50 16.51 16.51 16.51 16.51 16.51 16.51 16.52 16.52
16.48 16.40 16.44 16.44 16.42 16.38 16.44 16.45 16.44 16.38 16.43 16.46 16.47 16.47 16.48 16.50 16.50 16.50 16.50 16.47 16.47 16.48 16.50 16.51 16.50 16.49 16.50 16.52 16.53 16.52 16.51 16.44 16.35 16.30 16.39 16.48 16.51 16.50 16.50 16.50 16.49 16.48 16.48 16.48 16.48 16.47 16.48 16.48 16.48 16.48 16.49 16.48 16.49 16.49 16.49 16.50 16.50 16.50 16.49 16.49 16.47 16.48 16.48 16.48 16.49 16.49 16.51 16.51 16.50 16.50 16.50 16.50 16.50 16.49 16.50 16.50 16.49
16.50 16.48 16.42 16.43 16.42 16.36 16.39 16.45 16.43 16.43 16.44 16.44 16.45 16.45 16.45 16.45 16.45 16.47 16.47 16.44 16.44 16.46 16.47 16.48 16.48 16.48 16.45 16.44 16.45 16.48 16.50 16.40 16.41 16.21 16.25 16.42 16.41 16.46 16.49 16.50 16.49 16.48 16.50 16.49 16.46 16.48 16.47 16.46 16.46 16.47 16.48 16.46 16.46 16.48 16.47 16.47 16.48 16.47 16.47 16.46 16.47 16.46 16.46 16.49 16.49 16.47 16.49 16.48 16.48 16.46 16.48 16.50 16.50 16.50 16.49 16.48 16.50
