main/data/irradiance/25.09.2023.grid
ncols 839
nrows 679
xllcenter 112.0500
yllcenter -43.9500
cellsize 0.0500
nodata_value 99999.90
[rows 374 to 407 of 679, columns 539 to 615 of 839]
22.19 22.69 22.57 22.65 22.70 22.76 22.56 22.46 22.34 22.44 22.88 22.96 22.99 22.91 22.68 23.03 22.82 22.66 22.76 22.81 22.87 22.46 22.88 22.64 22.49 22.10 21.07 21.33 22.74 21.83 21.85 22.39 21.45 20.97 20.79 21.95 22.54 22.82 22.09 21.15 20.32 19.18 22.28 22.22 21.69 20.73 20.38 18.86 19.21 20.44 21.23 20.62 20.20 20.99 21.42 21.86 21.78 21.58 20.52 21.78 21.84 21.84 22.35 22.17 22.96 23.33 22.20 22.65 22.96 22.92 23.00 23.18 23.19 23.12 23.50 23.32 23.13
21.98 22.68 22.62 22.67 22.63 22.64 22.61 22.09 22.43 22.75 22.75 22.62 22.94 22.87 22.76 22.73 22.79 22.82 22.57 22.79 22.91 22.86 22.89 22.77 22.78 22.62 22.07 21.72 22.41 22.61 21.84 22.92 21.86 20.99 21.42 21.59 22.58 22.07 22.23 21.52 20.01 19.20 20.84 22.10 22.02 21.44 19.76 18.22 19.09 21.36 21.91 20.07 20.51 21.12 20.82 21.69 22.60 21.84 20.69 21.49 21.25 22.63 22.30 22.24 22.56 22.25 22.25 21.99 23.48 23.35 23.14 23.27 23.03 23.15 22.95 23.03 23.13
22.98 22.85 22.75 22.40 22.26 22.68 22.67 22.42 22.17 22.61 22.74 22.85 22.89 22.57 22.85 22.71 22.66 22.86 22.48 22.69 22.84 22.84 22.80 22.74 22.80 22.66 22.41 22.53 22.32 22.53 22.21 22.42 22.28 21.41 22.21 22.47 22.05 22.45 22.61 21.37 20.14 19.40 21.70 20.99 20.78 21.01 18.73 19.34 20.81 22.16 22.17 21.09 21.11 21.29 21.55 22.06 21.87 22.39 20.78 21.67 21.93 22.51 21.90 22.63 22.44 21.81 22.39 22.79 23.56 23.47 23.14 23.16 22.72 22.81 22.09 21.61 23.19
22.95 22.89 22.43 21.81 22.83 22.81 22.77 22.74 22.62 22.16 22.79 22.81 23.00 22.73 22.97 22.83 22.63 22.67 22.57 22.51 22.59 22.70 22.52 22.74 22.74 22.43 22.53 22.14 22.05 22.20 22.44 21.56 22.19 22.17 22.10 21.84 20.79 22.31 22.71 22.38 20.97 19.02 19.94 20.52 20.07 20.66 21.09 20.28 21.96 22.30 21.73 21.19 21.79 21.50 22.50 22.46 22.22 22.07 22.00 21.70 22.39 22.96 22.58 22.64 22.91 22.91 22.38 23.16 23.64 23.22 23.14 23.19 22.96 22.31 22.24 21.97 22.43
22.93 22.88 22.11 22.64 22.91 23.05 22.21 22.69 22.36 23.07 22.99 22.73 22.55 22.62 22.64 22.85 22.64 22.74 22.44 22.01 22.70 22.67 22.39 22.55 22.65 22.50 22.35 22.55 22.50 22.54 22.57 22.25 21.90 20.75 21.05 21.55 21.73 22.81 22.62 21.69 20.92 21.06 19.28 20.68 21.07 20.67 20.18 20.77 20.72 22.12 21.98 21.82 22.29 22.16 22.69 22.56 22.40 21.90 22.48 22.75 22.82 22.39 22.50 22.81 22.84 21.66 22.99 23.52 23.55 23.41 23.29 23.06 22.67 22.04 22.25 22.20 21.66
22.31 22.60 22.83 22.77 22.63 22.79 22.48 22.89 22.93 22.80 22.88 22.63 22.45 22.97 22.93 22.68 22.47 22.41 22.58 22.63 22.77 22.53 22.68 22.34 22.24 22.41 22.70 22.40 22.85 22.45 22.63 22.21 21.82 20.59 21.06 21.56 22.13 22.30 22.56 21.75 19.72 19.39 21.10 20.99 21.93 20.36 21.73 21.73 21.86 22.38 21.79 21.48 21.79 22.18 22.14 22.30 22.42 22.84 23.03 23.12 22.85 22.63 22.42 22.83 22.50 22.67 22.59 23.38 23.66 23.50 23.15 22.76 22.42 22.73 22.76 22.93 22.02
23.07 22.79 22.51 22.72 22.61 22.02 22.44 22.81 22.80 22.78 22.74 22.68 22.71 22.79 22.74 22.35 21.87 22.60 22.39 22.65 22.96 22.55 22.69 22.50 22.41 22.29 22.46 22.28 22.74 22.55 22.77 22.58 21.99 22.03 22.12 22.24 21.81 22.09 22.56 21.36 20.32 18.96 20.33 21.49 21.62 20.56 19.67 21.46 20.90 21.76 22.37 21.80 20.74 21.37 21.72 22.52 22.75 22.58 23.00 22.92 22.86 22.93 22.95 22.90 22.82 22.53 23.07 23.23 23.36 23.27 23.09 22.56 22.45 22.72 22.57 22.57 22.50
22.54 22.17 22.29 22.67 22.56 22.41 22.53 22.53 22.32 22.81 22.99 22.88 22.89 22.73 22.41 22.42 22.65 22.03 22.17 22.90 23.01 22.84 22.70 22.52 22.57 22.60 22.58 22.55 22.80 22.63 22.67 22.40 22.20 21.92 21.94 21.96 21.83 22.28 21.30 21.05 19.41 19.69 20.47 21.19 20.23 21.29 19.43 20.31 20.11 21.64 22.09 21.32 19.94 21.01 22.32 22.50 22.60 22.13 22.42 22.40 22.63 22.70 22.68 22.69 22.31 22.19 22.92 23.17 23.52 23.17 22.86 22.64 22.85 22.68 22.30 22.55 22.20
22.47 22.28 22.73 22.57 22.28 22.74 22.53 22.31 22.38 22.56 22.87 23.19 23.07 23.33 22.89 22.61 22.12 22.81 22.44 22.92 22.92 22.77 22.24 21.98 22.66 22.80 22.49 22.58 22.61 22.78 22.59 22.27 22.20 22.07 21.83 21.86 22.23 22.19 21.74 20.83 20.26 19.85 20.24 19.86 19.94 21.63 20.57 19.89 21.08 21.79 21.21 20.68 19.78 21.86 22.03 22.39 22.13 22.05 21.66 22.24 22.54 22.53 22.48 22.42 21.71 22.45 22.27 22.99 23.12 23.27 22.56 22.77 22.91 23.03 22.41 22.33 22.32
22.83 22.53 22.47 22.54 22.40 22.61 22.57 22.12 22.33 22.43 22.29 22.70 22.79 22.91 23.28 22.79 22.25 22.81 22.56 22.87 22.66 22.57 22.26 22.22 22.62 22.56 22.62 22.33 22.50 22.58 22.51 22.42 22.06 22.53 21.76 21.87 22.37 22.31 21.69 19.40 19.65 20.89 20.62 19.49 18.71 21.71 20.65 20.00 20.41 20.60 20.85 20.65 21.23 21.33 19.51 21.82 22.39 21.92 21.49 22.06 22.71 22.43 22.59 22.55 22.18 21.29 21.01 22.07 22.91 23.11 22.03 22.46 23.13 23.39 23.00 22.74 22.75
22.27 22.04 22.02 22.37 22.08 22.09 22.17 21.76 21.96 21.80 22.45 23.02 22.67 22.45 22.97 23.16 23.02 22.48 22.54 22.73 22.81 22.68 22.27 22.14 22.33 22.78 22.67 22.55 22.34 22.42 22.03 22.08 21.99 21.71 21.97 21.71 22.47 22.56 21.47 19.74 19.49 20.60 21.07 19.27 18.61 20.85 21.31 20.54 19.87 20.91 20.92 21.32 20.91 21.17 19.80 20.18 21.67 21.62 21.52 21.53 22.15 22.12 22.66 22.47 22.31 20.73 21.16 22.43 22.22 22.94 22.63 22.36 23.12 23.32 23.20 23.26 22.97
21.95 22.09 21.79 21.70 21.74 21.74 22.10 21.75 22.10 21.75 22.44 22.61 22.88 22.87 22.90 22.95 23.02 22.23 22.32 22.85 23.02 22.82 22.73 22.28 22.37 22.63 22.56 22.52 22.53 22.42 21.17 21.71 22.35 22.35 22.43 22.49 22.36 21.17 20.45 20.94 20.85 20.55 20.85 22.00 20.38 20.70 20.94 19.34 18.95 19.96 21.32 20.76 19.78 20.93 20.63 20.80 20.02 20.55 21.70 21.82 22.21 22.35 22.24 22.25 22.03 21.48 22.63 22.90 22.55 22.20 22.92 22.75 23.04 23.14 23.23 23.12 22.80
21.69 21.24 21.47 22.00 21.24 21.88 22.47 22.19 22.52 22.02 21.69 22.70 22.51 22.45 22.86 22.94 22.48 22.74 22.64 22.89 22.99 22.80 22.69 22.21 22.55 21.68 22.67 22.73 22.72 22.36 22.26 22.72 21.86 22.44 22.28 22.77 22.17 20.07 20.33 21.28 21.70 19.65 21.64 21.23 21.20 19.34 18.82 19.35 19.77 20.18 21.27 20.89 19.75 21.32 20.45 21.07 20.30 21.01 22.36 22.15 22.64 22.41 22.18 21.81 21.58 20.91 22.70 22.86 22.31 21.84 22.90 23.00 23.18 22.77 22.96 22.67 22.81
21.51 21.58 21.88 21.65 21.76 21.03 21.23 22.11 22.38 22.35 21.68 22.60 22.60 22.56 22.90 23.01 22.99 22.92 22.70 22.91 23.02 22.66 22.25 22.62 22.68 22.48 22.74 22.94 22.56 22.57 22.71 22.68 22.82 22.75 22.80 22.76 22.22 20.48 19.83 21.85 22.09 20.71 21.63 22.47 20.63 18.93 18.57 19.71 19.75 21.12 21.85 20.62 20.82 21.78 21.26 20.49 22.03 22.04 21.69 21.34 22.30 22.68 22.41 22.15 21.21 22.53 22.90 22.42 21.98 22.50 22.94 22.65 22.77 22.86 23.01 23.02 23.02
21.48 21.42 21.18 21.35 21.63 21.61 22.13 22.53 22.26 21.94 21.69 22.41 22.43 22.49 22.84 23.10 23.10 22.95 22.95 22.99 22.88 22.76 22.70 22.62 22.56 22.53 22.60 22.44 22.66 22.57 23.07 23.03 22.95 22.86 23.13 22.82 22.30 20.28 21.48 22.65 22.74 21.85 21.63 22.67 20.28 20.22 17.86 19.75 20.64 22.12 20.43 20.60 21.33 20.24 21.24 20.99 22.23 21.05 20.63 21.09 22.04 22.38 22.26 21.94 21.46 22.78 22.67 21.93 22.13 21.98 22.82 22.79 22.75 22.98 23.05 23.12 23.35
20.89 20.87 21.27 21.14 21.05 20.91 21.59 21.89 21.34 21.80 21.91 22.19 22.27 22.59 22.51 23.08 23.12 23.11 23.02 22.70 22.77 22.81 22.62 22.60 22.51 22.50 22.51 22.36 22.26 22.28 22.95 22.86 22.72 22.79 22.82 22.56 22.54 21.90 22.68 22.73 22.55 22.65 22.85 22.59 22.25 21.06 19.88 20.04 20.01 21.12 19.47 20.03 20.43 20.03 21.22 22.26 21.62 19.86 20.92 22.33 22.69 22.12 21.42 21.26 21.93 21.62 21.58 21.96 22.62 22.73 23.02 23.09 22.89 23.12 23.16 23.27 23.49
20.97 20.21 20.87 21.00 20.42 20.85 21.22 20.95 20.75 21.67 21.97 22.19 22.37 22.38 23.05 22.94 22.93 22.92 22.98 22.77 22.68 22.78 22.66 22.61 22.46 21.98 22.46 22.37 22.00 22.32 22.87 22.43 22.70 22.87 22.76 22.55 22.52 22.85 22.66 22.67 21.78 22.52 22.36 22.13 22.46 21.50 19.79 20.79 20.54 20.36 19.49 20.82 21.11 20.60 20.76 20.06 20.85 21.49 20.84 22.52 22.40 21.85 21.44 20.86 21.31 21.13 21.40 22.25 22.69 22.92 22.94 23.03 22.90 23.06 23.38 23.29 22.95
19.32 19.68 20.44 20.22 20.22 20.11 20.71 20.90 21.08 21.87 22.04 22.19 22.51 22.63 22.85 22.79 22.80 22.84 22.83 22.66 22.13 22.39 21.54 21.57 22.21 22.42 22.44 22.39 21.54 21.79 22.70 22.53 22.91 22.80 22.74 22.62 22.49 22.35 22.62 22.58 22.31 22.40 22.00 22.05 22.36 22.08 21.76 20.71 20.15 19.87 19.21 21.29 21.72 19.64 20.64 20.73 21.13 21.28 20.87 21.26 21.02 21.73 21.20 20.41 20.57 21.53 22.23 22.67 22.40 22.87 22.89 23.03 22.91 22.75 23.30 23.25 23.10
19.31 18.76 20.47 19.82 19.53 19.63 19.60 20.88 21.67 21.78 22.03 22.52 22.71 23.01 22.83 22.78 22.84 22.72 22.70 22.70 21.42 21.48 21.31 22.00 22.60 22.54 22.54 22.45 22.38 21.62 21.88 22.76 22.73 22.55 22.52 22.45 22.46 22.15 21.76 22.12 22.64 22.36 22.16 22.31 21.58 21.82 21.57 21.60 20.51 20.36 19.36 21.96 21.65 21.36 21.96 22.33 22.19 22.04 20.80 21.48 22.20 22.44 20.75 21.19 22.34 22.32 22.56 22.70 22.08 22.83 23.04 23.08 22.93 22.85 22.74 23.12 23.09
18.93 19.37 19.58 19.70 19.34 19.72 20.31 20.75 21.46 22.07 22.62 22.72 22.70 22.93 22.74 22.74 22.76 22.82 22.73 22.66 19.80 20.47 21.59 22.19 22.47 22.57 22.59 22.37 22.53 22.30 21.77 22.41 22.74 22.52 22.64 22.67 22.33 21.88 21.92 22.37 22.33 22.11 21.98 21.56 21.37 21.36 21.13 21.72 22.08 21.38 19.69 20.35 20.95 22.00 22.59 22.24 22.13 22.53 20.95 22.17 22.81 22.36 22.42 21.62 21.22 22.51 22.72 22.76 22.09 22.93 22.90 22.83 22.75 22.73 22.74 22.65 22.59
19.89 19.40 19.68 19.53 19.45 19.67 20.17 19.94 21.11 22.31 22.75 22.70 22.35 22.81 22.75 22.57 22.71 22.75 22.81 23.04 23.05 22.45 21.86 21.84 22.46 22.57 22.60 22.44 22.45 22.29 22.00 22.01 22.21 22.17 22.56 22.69 22.33 21.85 21.70 21.28 20.82 20.96 20.79 20.66 21.14 21.63 22.37 22.09 22.18 21.42 19.28 19.07 19.41 22.04 22.76 22.61 21.97 22.67 22.39 22.81 23.03 22.40 22.27 21.61 22.24 22.73 22.71 22.77 22.98 23.01 22.96 22.66 22.51 22.39 22.33 22.49 22.38
18.60 18.22 18.77 19.75 20.11 20.12 20.01 20.45 21.61 22.58 22.33 22.72 22.75 22.68 22.88 22.75 22.78 22.70 22.79 22.76 22.92 22.67 22.25 21.77 22.25 22.49 22.52 22.50 22.35 22.17 22.21 22.32 22.09 22.03 22.69 22.62 22.48 22.05 21.81 21.47 18.95 18.41 20.00 18.90 19.45 20.95 21.57 21.06 21.78 21.37 20.61 20.84 20.90 22.05 22.38 22.41 21.97 22.81 22.35 22.80 22.86 21.44 22.07 22.35 22.28 22.43 22.74 22.64 22.79 22.73 22.83 22.53 22.46 22.34 22.45 22.42 22.56
19.10 18.77 18.44 19.89 20.07 20.44 20.99 21.61 22.12 21.95 22.39 22.74 22.79 22.83 22.88 22.79 22.68 22.64 22.75 22.68 22.68 22.80 22.50 21.93 22.45 22.33 22.38 22.47 22.43 22.35 22.16 22.25 22.40 22.30 22.13 22.70 22.47 22.28 21.27 19.91 19.67 19.07 19.73 18.96 18.97 20.29 20.95 20.78 21.68 21.65 21.35 21.17 21.53 20.79 21.45 21.92 21.76 22.56 22.58 22.37 22.48 21.80 21.55 22.20 21.76 22.07 22.48 22.52 22.91 22.76 22.63 22.45 22.12 22.11 22.66 22.69 22.41
20.02 19.65 19.50 19.24 19.31 19.72 19.79 20.72 21.69 22.02 22.30 22.45 22.72 22.47 22.56 22.68 22.57 22.56 22.62 22.56 22.57 22.77 22.64 22.09 22.50 22.37 22.28 22.37 22.31 22.40 22.22 22.26 22.31 22.22 21.88 22.32 21.86 22.26 20.95 19.01 20.11 19.33 19.33 21.03 20.06 19.73 20.64 21.61 21.46 21.13 21.38 21.71 21.49 20.37 20.34 21.52 22.23 22.43 22.55 22.32 22.39 22.09 22.20 22.09 22.34 22.13 22.76 22.63 22.54 22.50 22.64 22.16 22.00 21.91 22.57 22.39 22.33
21.64 20.62 20.02 19.01 18.79 19.13 18.09 19.42 20.82 21.48 21.40 21.96 22.61 22.15 21.94 22.33 22.37 22.17 22.38 22.37 22.54 22.61 22.73 21.57 22.41 22.28 21.69 22.21 22.60 22.41 22.17 22.26 22.31 22.25 22.19 22.27 22.13 21.61 20.03 20.25 20.67 19.40 20.09 21.32 20.36 20.47 21.20 20.63 21.21 20.54 20.32 21.11 20.49 21.01 20.97 21.47 22.13 22.33 22.47 22.09 22.06 21.50 22.48 22.33 22.31 22.18 22.37 22.60 21.97 22.39 22.64 22.40 21.29 22.29 22.05 22.20 22.21
20.77 20.53 21.32 20.20 19.57 18.86 18.68 18.98 20.32 21.41 21.13 21.73 21.92 22.10 21.89 22.06 22.55 22.14 22.32 22.17 22.48 22.56 22.42 21.90 22.16 22.03 21.48 21.93 22.42 22.54 22.45 22.30 22.37 22.27 22.17 22.14 21.57 21.14 20.83 20.98 19.33 20.82 20.55 21.52 19.03 20.43 20.66 19.80 20.37 19.57 19.16 20.90 19.97 20.88 20.63 21.17 21.85 21.59 22.46 22.32 21.99 22.08 22.37 22.26 22.12 22.08 21.96 22.63 22.56 22.21 22.35 22.24 21.84 22.49 22.30 21.92 21.36
18.44 18.45 20.04 20.09 20.64 20.77 20.11 19.78 20.20 20.77 20.90 21.48 21.41 21.70 21.70 21.90 22.28 22.28 22.30 22.02 22.24 22.28 21.84 21.83 22.23 21.85 22.13 22.25 22.51 22.46 22.45 22.43 22.46 22.41 22.08 22.11 21.66 20.79 20.08 20.84 20.27 21.04 20.48 20.43 21.11 22.00 21.04 19.88 17.67 18.02 19.19 19.74 21.03 20.49 20.70 21.26 21.35 21.60 22.19 22.22 22.02 21.86 22.20 21.94 22.50 22.42 21.42 22.27 21.73 21.80 22.36 21.97 21.88 22.48 22.44 21.68 21.71
20.44 19.92 20.06 20.82 20.99 21.60 19.91 19.52 20.40 20.63 20.40 20.19 21.05 21.29 21.11 21.10 22.00 21.75 22.13 22.08 22.00 21.64 20.11 21.11 21.77 22.11 22.56 22.46 22.45 22.19 22.32 22.55 22.46 22.50 22.32 22.13 21.74 20.76 20.60 20.88 21.51 21.31 20.40 21.35 21.73 21.68 20.92 19.51 18.07 18.37 19.41 19.26 19.71 20.29 21.21 21.20 21.87 21.23 21.83 22.12 22.12 21.64 21.87 21.84 22.46 22.52 21.65 22.03 22.20 22.15 22.15 21.62 22.33 22.09 22.49 21.43 21.75
21.05 21.31 20.46 20.61 20.82 21.37 21.13 20.29 20.34 20.69 20.78 20.50 21.19 21.29 21.38 20.84 21.82 21.63 21.46 22.08 21.81 20.89 21.20 20.96 21.27 22.13 22.83 22.66 22.39 22.23 21.95 22.33 22.39 22.39 22.41 22.10 22.08 21.96 21.37 20.88 21.83 21.82 21.36 22.30 21.94 21.89 20.96 20.27 20.58 18.58 18.10 18.66 19.67 20.27 20.95 21.38 21.82 21.84 21.57 21.44 21.95 21.67 22.34 22.40 22.48 22.94 22.43 21.78 22.33 22.24 21.55 21.70 22.20 21.52 22.41 21.83 22.34
21.08 21.30 21.30 20.60 20.75 21.18 20.93 20.70 20.59 20.60 21.13 21.29 20.02 21.10 21.65 20.90 21.45 20.24 20.78 21.61 20.76 21.10 21.84 20.54 21.12 22.16 22.59 22.56 21.98 22.08 21.78 22.07 22.35 22.12 22.18 22.18 22.16 22.03 21.85 21.82 21.82 22.24 21.51 21.45 21.87 21.69 20.58 20.90 20.24 18.18 18.15 18.56 20.00 19.44 21.12 21.32 21.36 21.33 21.52 20.85 21.65 21.83 22.13 22.38 22.58 22.72 22.45 22.05 22.45 22.52 22.18 22.04 22.11 20.55 21.80 22.24 21.94
21.75 21.51 21.52 20.78 20.90 21.01 20.66 20.96 20.76 19.75 21.26 21.50 20.08 19.61 19.68 19.88 20.47 19.04 20.02 20.58 20.54 21.46 21.96 21.78 21.31 21.98 22.39 22.35 21.59 22.12 21.47 22.03 22.18 22.36 22.16 22.00 22.26 21.79 22.38 21.62 21.70 21.93 22.08 22.16 21.67 21.18 21.47 21.02 20.31 20.31 17.48 19.97 20.22 19.35 20.42 19.90 20.63 20.91 21.33 21.04 21.16 21.75 21.90 22.05 22.14 22.77 22.34 22.31 22.26 22.10 22.26 21.31 21.78 20.82 21.11 21.85 21.64
22.08 21.90 21.98 21.72 21.26 21.31 20.74 20.86 20.56 20.12 20.02 21.06 19.66 18.41 18.54 18.80 19.26 20.21 20.09 19.06 20.20 21.12 21.70 22.21 21.84 22.13 22.23 22.29 22.12 22.16 21.77 22.12 22.01 22.26 22.14 22.03 22.15 22.03 22.34 21.79 21.76 21.92 21.82 21.46 21.64 21.77 21.79 21.32 21.48 19.09 18.81 19.20 19.01 19.22 18.99 19.90 20.59 21.11 21.12 21.57 21.41 21.79 21.61 21.85 22.29 22.72 22.39 21.57 22.42 21.72 21.39 21.29 21.48 21.18 20.24 21.82 21.62
21.91 21.80 22.07 21.64 21.65 21.53 20.81 21.03 20.66 20.55 18.82 19.14 19.46 17.58 17.65 18.15 19.59 20.07 19.37 18.46 18.65 20.82 21.51 22.15 21.56 21.67 21.78 22.30 21.59 21.55 22.10 22.39 22.43 21.67 22.12 22.09 22.06 22.14 22.29 21.95 22.31 22.06 21.04 21.66 21.86 21.99 21.90 21.98 21.40 20.50 21.23 18.66 19.82 19.98 18.39 19.81 21.07 21.77 21.50 22.22 21.73 22.04 21.90 21.84 22.04 22.69 22.38 22.04 21.63 21.87 21.04 21.82 20.96 20.33 20.48 20.92 21.64
22.29 22.06 22.05 21.68 21.77 21.87 21.26 21.61 20.81 20.38 18.73 18.77 19.61 17.35 17.34 17.86 18.99 18.74 18.32 18.11 17.26 20.24 21.17 21.91 20.75 21.25 21.37 22.23 22.01 21.52 22.38 22.07 22.56 21.90 21.77 21.97 22.16 22.05 22.17 21.92 22.23 22.23 21.52 21.95 21.90 21.92 21.48 22.32 21.85 21.87 20.96 20.45 21.63 20.99 17.66 18.01 19.88 21.84 21.94 21.97 21.38 21.47 21.85 21.88 22.03 22.64 22.62 22.13 22.03 22.31 22.24 21.48 20.99 21.10 21.47 21.69 21.97
