main/data/irradiance/25.03.2023.grid
ncols 839
nrows 679
xllcenter 112.0500
yllcenter -43.9500
cellsize 0.0500
nodata_value 99999.90
[rows 102 to 135 of 679, columns 539 to 615 of 839]
99999.90 99999.90 99999.90 99999.90 99999.90 99999.90 99999.90 99999.90 99999.90 99999.90 99999.90 99999.90 99999.90 99999.90 99999.90 99999.90 99999.90 99999.90 99999.90 99999.90 99999.90 99999.90 99999.90 99999.90 99999.90 99999.90 99999.90 99999.90 99999.90 99999.90 99999.90 99999.90 99999.90 99999.90 99999.90 99999.90 99999.90 99999.90 99999.90 25.68 25.71 25.71 25.76 25.76 25.76 25.76 25.76 25.76 25.76 25.76 25.76 24.55 24.55 24.55 24.94 25.40 25.28 25.80 25.22 24.95 24.63 25.25 24.99 25.65 24.40 25.62 25.09 24.72 25.51 24.65 25.32 25.80 25.22 25.79 25.68 25.55 25.23
99999.90 99999.90 99999.90 99999.90 99999.90 99999.90 99999.90 99999.90 99999.90 99999.90 99999.90 99999.90 99999.90 99999.90 99999.90 99999.90 99999.90 99999.90 99999.90 99999.90 99999.90 99999.90 99999.90 99999.90 99999.90 99999.90 99999.90 99999.90 99999.90 99999.90 99999.90 99999.90 99999.90 99999.90 99999.90 99999.90 99999.90 99999.90 99999.90 25.68 25.71 25.71 25.71 25.71 25.76 25.76 25.76 25.76 25.76 25.76 25.76 25.76 25.30 25.30 25.47 25.25 25.64 25.77 25.82 25.01 25.36 25.19 25.15 24.98 25.05 25.77 25.08 24.93 24.53 24.68 24.83 25.42 25.49 25.18 25.74 25.61 25.17
99999.90 99999.90 99999.90 99999.90 99999.90 99999.90 99999.90 99999.90 99999.90 99999.90 99999.90 99999.90 99999.90 99999.90 99999.90 99999.90 99999.90 99999.90 99999.90 99999.90 99999.90 99999.90 99999.90 99999.90 99999.90 99999.90 99999.90 99999.90 99999.90 99999.90 99999.90 99999.90 99999.90 99999.90 99999.90 99999.90 99999.90 99999.90 99999.90 25.68 25.71 25.71 25.71 25.71 25.71 25.71 25.71 25.76 25.76 25.76 25.76 25.76 25.76 25.77 25.78 25.78 25.14 25.78 25.42 25.45 25.80 25.57 25.48 24.88 25.55 24.98 25.50 24.96 25.48 25.11 24.99 24.72 25.43 25.44 25.32 25.24 25.37
99999.90 99999.90 99999.90 99999.90 99999.90 99999.90 99999.90 99999.90 99999.90 99999.90 99999.90 99999.90 99999.90 99999.90 99999.90 99999.90 99999.90 99999.90 99999.90 99999.90 99999.90 99999.90 99999.90 99999.90 99999.90 99999.90 99999.90 99999.90 99999.90 99999.90 99999.90 99999.90 99999.90 99999.90 99999.90 99999.90 99999.90 99999.90 99999.90 25.68 25.71 25.71 25.71 25.71 25.71 25.71 25.71 25.71 25.71 25.71 25.74 25.74 25.74 25.74 25.77 25.80 25.75 25.79 25.18 24.75 25.46 25.74 24.54 25.65 25.04 25.34 25.19 24.86 25.02 25.06 25.55 25.23 25.41 25.61 25.63 25.60 25.78
99999.90 99999.90 99999.90 99999.90 99999.90 99999.90 99999.90 99999.90 99999.90 99999.90 99999.90 99999.90 99999.90 99999.90 99999.90 99999.90 99999.90 99999.90 99999.90 99999.90 99999.90 99999.90 99999.90 99999.90 99999.90 99999.90 99999.90 99999.90 99999.90 99999.90 99999.90 99999.90 99999.90 99999.90 99999.90 99999.90 99999.90 99999.90 99999.90 25.68 25.71 25.71 25.71 25.71 25.71 25.71 25.71 25.71 25.71 25.71 25.71 25.72 25.72 25.73 25.76 25.72 25.33 25.77 25.71 25.71 25.74 25.70 25.36 25.34 25.79 25.16 24.99 24.85 25.48 25.49 25.30 25.28 25.54 25.48 25.46 25.61 25.75
99999.90 99999.90 99999.90 99999.90 99999.90 99999.90 99999.90 99999.90 99999.90 99999.90 99999.90 99999.90 99999.90 99999.90 99999.90 99999.90 99999.90 99999.90 99999.90 99999.90 99999.90 99999.90 99999.90 99999.90 99999.90 99999.90 99999.90 99999.90 99999.90 99999.90 99999.90 99999.90 99999.90 99999.90 99999.90 99999.90 99999.90 99999.90 99999.90 25.68 25.71 25.71 25.71 25.71 25.71 25.71 25.71 25.71 25.71 25.71 25.71 25.71 25.72 25.73 25.74 25.74 25.63 25.25 25.70 25.55 25.76 25.75 25.43 25.57 25.43 24.78 25.71 25.64 25.52 25.59 24.85 25.10 25.56 25.53 25.29 25.62 25.77
99999.90 99999.90 99999.90 99999.90 99999.90 99999.90 99999.90 99999.90 99999.90 99999.90 99999.90 99999.90 99999.90 99999.90 99999.90 99999.90 99999.90 99999.90 99999.90 99999.90 99999.90 99999.90 99999.90 99999.90 99999.90 99999.90 99999.90 99999.90 99999.90 99999.90 99999.90 99999.90 99999.90 99999.90 99999.90 99999.90 99999.90 99999.90 25.67 25.68 25.68 25.68 25.71 25.71 25.71 25.71 25.71 25.71 25.71 25.71 25.63 25.63 25.72 25.73 25.72 25.71 25.72 25.75 25.73 25.74 25.56 25.56 25.42 25.66 25.66 25.35 25.75 25.55 25.38 25.77 25.70 25.70 25.55 25.54 25.48 25.73 25.74
99999.90 99999.90 99999.90 99999.90 99999.90 99999.90 99999.90 99999.90 99999.90 99999.90 99999.90 99999.90 99999.90 99999.90 99999.90 99999.90 99999.90 99999.90 99999.90 99999.90 99999.90 99999.90 99999.90 99999.90 99999.90 99999.90 99999.90 99999.90 99999.90 99999.90 99999.90 99999.90 99999.90 99999.90 99999.90 99999.90 99999.90 99999.90 25.67 25.68 25.68 25.68 25.68 25.68 25.68 25.71 25.71 25.71 25.71 25.71 25.71 25.72 25.73 25.72 25.71 25.72 25.73 25.75 25.72 25.70 25.72 25.72 25.36 25.33 25.76 25.75 25.74 25.47 25.55 25.58 25.73 25.73 25.51 25.73 25.61 25.72 25.71
99999.90 99999.90 99999.90 99999.90 99999.90 99999.90 99999.90 99999.90 99999.90 99999.90 99999.90 99999.90 99999.90 99999.90 99999.90 99999.90 99999.90 99999.90 99999.90 99999.90 99999.90 99999.90 99999.90 99999.90 99999.90 99999.90 99999.90 99999.90 99999.90 99999.90 99999.90 99999.90 99999.90 99999.90 99999.90 99999.90 99999.90 99999.90 25.67 25.68 25.68 25.68 25.68 25.68 25.68 25.68 25.68 25.68 25.70 25.70 25.70 25.73 25.74 25.73 25.72 25.70 25.70 25.72 25.74 25.72 25.69 25.71 25.68 25.38 25.56 25.73 25.72 25.69 25.71 25.72 25.69 25.69 25.63 25.65 25.56 25.73 25.67
99999.90 99999.90 99999.90 99999.90 99999.90 99999.90 99999.90 99999.90 99999.90 99999.90 99999.90 99999.90 99999.90 99999.90 99999.90 99999.90 99999.90 99999.90 99999.90 99999.90 99999.90 99999.90 99999.90 99999.90 99999.90 99999.90 99999.90 99999.90 99999.90 99999.90 99999.90 99999.90 99999.90 99999.90 99999.90 99999.90 99999.90 99999.90 25.67 25.68 25.68 25.68 25.68 25.68 25.68 25.68 25.68 25.68 25.68 25.68 25.68 25.72 25.71 25.70 25.70 25.70 25.69 25.71 25.72 25.72 25.69 25.68 25.69 25.68 25.65 25.65 25.63 25.66 25.71 25.42 25.50 25.27 25.57 25.28 25.35 25.44 25.68
99999.90 99999.90 99999.90 99999.90 99999.90 99999.90 99999.90 99999.90 99999.90 99999.90 99999.90 99999.90 99999.90 99999.90 99999.90 99999.90 99999.90 99999.90 99999.90 99999.90 99999.90 99999.90 99999.90 99999.90 99999.90 99999.90 99999.90 99999.90 99999.90 99999.90 99999.90 99999.90 99999.90 99999.90 99999.90 99999.90 99999.90 99999.90 25.67 25.68 25.68 25.68 25.68 25.68 25.68 25.68 25.68 25.68 25.68 25.68 25.69 25.72 25.70 25.68 25.69 25.70 25.70 25.70 25.71 25.70 25.69 25.68 25.64 25.69 25.69 25.54 25.69 25.69 25.69 25.69 25.69 25.64 25.37 25.47 25.59 25.45 25.61
99999.90 99999.90 99999.90 99999.90 99999.90 99999.90 99999.90 99999.90 99999.90 99999.90 99999.90 99999.90 99999.90 99999.90 99999.90 99999.90 99999.90 99999.90 99999.90 99999.90 99999.90 99999.90 99999.90 99999.90 99999.90 99999.90 99999.90 99999.90 99999.90 99999.90 99999.90 99999.90 99999.90 99999.90 99999.90 99999.90 99999.90 99999.90 25.67 25.69 25.69 25.69 25.69 25.69 25.69 25.69 25.69 25.69 25.69 25.69 25.71 25.69 25.68 25.68 25.68 25.67 25.70 25.68 25.64 25.68 25.69 25.69 25.55 25.63 25.67 25.67 25.64 25.65 25.68 25.67 25.59 25.50 25.47 25.65 25.67 25.69 25.67
99999.90 99999.90 99999.90 99999.90 99999.90 99999.90 99999.90 99999.90 99999.90 99999.90 99999.90 99999.90 99999.90 99999.90 99999.90 99999.90 99999.90 99999.90 99999.90 99999.90 99999.90 99999.90 99999.90 99999.90 99999.90 99999.90 99999.90 99999.90 99999.90 99999.90 99999.90 99999.90 99999.90 99999.90 99999.90 99999.90 99999.90 99999.90 25.67 25.67 25.67 25.65 25.65 25.65 25.65 25.65 25.65 25.65 25.65 25.65 25.67 25.66 25.66 25.67 25.68 25.69 25.66 25.64 25.56 25.65 25.69 25.70 25.67 25.67 25.66 25.67 25.65 25.64 25.65 25.65 25.65 25.63 25.45 25.44 25.36 25.43 25.66
99999.90 99999.90 99999.90 99999.90 99999.90 99999.90 99999.90 99999.90 99999.90 99999.90 99999.90 99999.90 99999.90 99999.90 99999.90 99999.90 99999.90 99999.90 99999.90 99999.90 99999.90 99999.90 99999.90 99999.90 99999.90 99999.90 99999.90 99999.90 99999.90 99999.90 99999.90 99999.90 99999.90 99999.90 99999.90 99999.90 99999.90 25.59 25.67 25.67 25.67 25.67 25.67 25.67 25.65 25.65 25.65 25.65 25.65 25.65 25.66 25.68 25.70 25.69 25.68 25.64 25.68 25.65 25.50 25.59 25.66 25.66 25.67 25.67 25.66 25.68 25.67 25.65 25.63 25.63 25.65 25.65 25.63 25.63 25.57 25.64 25.64
99999.90 99999.90 99999.90 99999.90 99999.90 99999.90 99999.90 99999.90 99999.90 99999.90 99999.90 99999.90 99999.90 99999.90 99999.90 99999.90 99999.90 99999.90 99999.90 99999.90 99999.90 99999.90 99999.90 99999.90 99999.90 99999.90 99999.90 99999.90 99999.90 99999.90 99999.90 99999.90 99999.90 99999.90 99999.90 99999.90 99999.90 25.59 25.67 25.67 25.67 25.67 25.67 25.67 25.67 25.67 25.67 25.66 25.66 25.66 25.67 25.67 25.69 25.67 25.68 25.67 25.67 25.66 25.64 25.65 25.63 25.64 25.64 25.66 25.66 25.65 25.64 25.63 25.63 25.63 25.65 25.63 25.63 25.61 25.62 25.62 25.61
99999.90 99999.90 99999.90 99999.90 99999.90 99999.90 99999.90 99999.90 99999.90 99999.90 99999.90 99999.90 99999.90 99999.90 99999.90 99999.90 99999.90 99999.90 99999.90 99999.90 99999.90 99999.90 99999.90 99999.90 99999.90 99999.90 99999.90 99999.90 99999.90 99999.90 99999.90 99999.90 99999.90 99999.90 99999.90 99999.90 99999.90 25.59 25.67 25.67 25.67 25.67 25.67 25.67 25.67 25.67 25.67 25.67 25.65 25.65 25.67 25.67 25.66 25.66 25.66 25.66 25.65 25.65 25.66 25.65 25.65 25.66 25.64 25.63 25.63 25.62 25.63 25.63 25.62 25.66 25.68 25.64 25.62 25.62 25.60 25.61 25.60
25.41 25.41 25.41 25.41 25.41 25.41 25.41 25.41 25.41 25.41 25.41 25.52 25.52 25.52 25.52 25.52 25.52 25.52 25.52 25.52 25.52 25.52 25.52 99999.90 99999.90 99999.90 99999.90 99999.90 99999.90 99999.90 99999.90 99999.90 99999.90 99999.90 99999.90 99999.90 99999.90 25.59 25.67 25.67 25.67 25.67 25.67 25.67 25.67 25.67 25.67 25.67 25.67 25.66 25.65 25.66 25.65 25.64 25.64 25.65 25.63 25.63 25.63 25.62 25.62 25.65 25.65 25.62 25.61 25.62 25.61 25.60 25.63 25.63 25.65 25.65 25.63 25.62 25.60 25.60 25.59
25.38 25.38 25.38 25.38 25.38 25.38 25.41 25.41 25.41 25.41 25.41 25.52 25.52 25.52 25.52 25.52 25.52 25.52 25.52 25.52 25.52 25.52 25.52 25.50 99999.90 99999.90 99999.90 99999.90 99999.90 99999.90 99999.90 99999.90 99999.90 99999.90 99999.90 99999.90 25.55 25.59 25.67 25.67 25.67 25.67 25.67 25.67 25.67 25.67 25.67 25.67 25.67 25.65 25.65 25.63 25.63 25.64 25.63 25.64 25.62 25.63 25.60 25.59 25.60 25.62 25.62 25.62 25.61 25.61 25.59 25.59 25.60 25.58 25.63 25.65 25.63 25.62 25.60 25.60 25.59
25.38 25.38 25.38 25.38 25.38 25.38 25.41 25.41 25.41 25.41 25.41 25.52 25.52 25.52 25.52 25.52 25.52 25.52 25.52 25.52 25.52 25.52 25.50 25.50 99999.90 99999.90 99999.90 99999.90 99999.90 99999.90 99999.90 99999.90 99999.90 99999.90 99999.90 99999.90 25.55 25.59 25.67 25.67 25.67 25.67 25.67 25.67 25.67 25.67 25.67 25.64 25.64 25.64 25.67 25.64 25.62 25.63 25.62 25.62 25.62 25.59 25.58 25.59 25.59 25.61 25.59 25.59 25.58 25.57 25.59 25.57 25.57 25.56 25.57 25.59 25.62 25.61 25.61 25.61 25.60
25.38 25.38 25.38 25.38 25.38 25.38 25.38 25.41 25.41 25.41 25.41 25.52 25.52 25.52 25.52 25.52 25.52 25.52 25.52 25.52 25.52 25.50 25.50 25.50 99999.90 99999.90 99999.90 99999.90 99999.90 99999.90 99999.90 99999.90 99999.90 99999.90 99999.90 25.55 25.55 25.59 25.59 25.59 25.59 25.59 25.57 25.57 25.57 25.57 25.57 25.61 25.61 25.61 25.64 25.62 25.62 25.60 25.59 25.61 25.59 25.59 25.59 25.58 25.57 25.58 25.59 25.58 25.57 25.57 25.59 25.58 25.56 25.57 25.58 25.58 25.58 25.58 25.59 25.59 25.60
25.38 25.38 25.38 25.38 25.38 25.38 25.38 25.41 25.41 25.41 25.41 25.52 25.52 25.52 25.52 25.52 25.52 25.52 25.52 25.52 25.50 25.50 25.50 25.50 99999.90 99999.90 99999.90 99999.90 99999.90 99999.90 99999.90 99999.90 99999.90 99999.90 99999.90 25.55 25.55 25.59 25.59 25.59 25.59 25.59 25.59 25.59 25.57 25.57 25.57 25.57 25.58 25.58 25.59 25.59 25.60 25.59 25.59 25.59 25.59 25.59 25.59 25.57 25.58 25.59 25.58 25.58 25.58 25.57 25.58 25.56 25.57 25.58 25.59 25.56 25.57 25.58 25.56 25.58 25.58
25.38 25.38 25.38 25.38 25.38 25.38 25.38 25.41 25.41 25.41 25.41 25.52 25.52 25.52 25.52 25.52 25.52 25.52 25.52 25.50 25.50 25.50 25.50 25.50 99999.90 99999.90 99999.90 99999.90 99999.90 99999.90 99999.90 99999.90 99999.90 99999.90 99999.90 25.55 25.55 25.59 25.59 25.59 25.59 25.59 25.59 25.59 25.59 25.59 25.57 25.57 25.57 25.62 25.61 25.58 25.57 25.60 25.59 25.58 25.58 25.58 25.58 25.55 25.55 25.56 25.59 25.57 25.55 25.55 25.57 25.55 25.54 25.56 25.56 25.55 25.51 25.55 25.56 25.55 25.54
25.38 25.38 25.38 25.38 25.38 25.38 25.38 25.41 25.41 25.41 25.41 25.52 25.52 25.52 25.52 25.52 25.52 25.52 25.50 25.50 25.50 25.50 25.50 25.50 99999.90 99999.90 99999.90 99999.90 99999.90 99999.90 99999.90 99999.90 99999.90 99999.90 25.47 25.55 25.55 25.59 25.59 25.59 25.59 25.59 25.59 25.59 25.59 25.59 25.59 25.58 25.58 25.58 25.60 25.58 25.58 25.56 25.57 25.57 25.55 25.55 25.56 25.57 25.56 25.56 25.57 25.56 25.57 25.56 25.54 25.54 25.53 25.54 25.54 25.53 25.55 25.54 25.55 25.54 25.53
25.45 25.38 25.38 25.38 25.38 25.38 25.38 25.45 25.41 25.41 25.41 25.52 25.52 25.52 25.52 25.52 25.52 25.50 25.50 25.50 25.50 25.50 25.50 25.50 99999.90 99999.90 99999.90 99999.90 99999.90 99999.90 99999.90 99999.90 99999.90 25.39 25.47 25.55 25.55 25.55 25.55 25.59 25.59 25.59 25.59 25.59 25.59 25.59 25.59 25.59 25.55 25.57 25.59 25.59 25.57 25.58 25.57 25.56 25.56 25.55 25.55 25.55 25.53 25.54 25.56 25.55 25.56 25.54 25.52 25.53 25.53 25.53 25.53 25.49 25.54 25.54 25.54 25.53 25.51
25.45 25.45 25.38 25.38 25.38 25.38 25.38 25.45 25.41 25.41 25.41 25.52 25.52 25.52 25.52 25.52 25.50 25.50 25.50 25.50 25.50 25.50 25.50 25.50 99999.90 99999.90 99999.90 99999.90 99999.90 99999.90 99999.90 99999.90 25.43 25.39 25.39 25.55 25.55 25.55 25.55 25.55 25.55 25.55 25.56 25.56 25.56 25.56 25.56 25.56 25.53 25.55 25.55 25.56 25.58 25.57 25.56 25.56 25.54 25.54 25.56 25.55 25.54 25.55 25.57 25.56 25.54 25.53 25.52 25.50 25.53 25.54 25.52 25.52 25.50 25.53 25.53 25.52 25.52
24.93 25.45 25.45 25.38 25.38 25.38 25.38 25.45 25.47 25.41 25.41 25.52 25.52 25.52 25.52 25.50 25.50 25.50 25.50 25.50 25.50 25.50 25.50 25.50 99999.90 99999.90 99999.90 99999.90 99999.90 99999.90 99999.90 99999.90 25.43 25.43 25.39 25.55 25.55 25.55 25.55 25.55 25.55 25.55 25.55 25.55 25.55 25.54 25.54 25.54 25.54 25.55 25.54 25.57 25.57 25.56 25.53 25.54 25.54 25.55 25.55 25.54 25.55 25.54 25.55 25.55 25.55 25.55 25.52 25.52 25.54 25.54 25.48 25.51 25.51 25.50 25.52 25.51 25.52
24.93 24.93 25.45 25.45 25.38 25.38 25.38 25.45 25.47 25.41 25.41 25.52 25.52 25.52 25.50 25.50 25.50 25.50 25.50 25.50 25.50 25.50 25.50 25.50 99999.90 99999.90 99999.90 99999.90 99999.90 99999.90 99999.90 25.41 25.43 25.43 25.43 25.55 25.55 25.55 25.55 25.55 25.55 25.55 25.55 25.55 25.55 25.55 25.52 25.52 25.53 25.55 25.52 25.51 25.53 25.52 25.53 25.53 25.53 25.53 25.55 25.52 25.53 25.53 25.52 25.53 25.54 25.52 25.51 25.50 25.51 25.51 25.51 25.51 25.50 25.50 25.46 25.45 25.50
24.93 24.93 24.93 25.45 25.45 25.38 25.38 25.45 25.47 25.48 25.52 25.52 25.55 25.50 25.50 25.50 25.50 25.50 25.50 25.50 25.50 25.50 25.50 25.50 99999.90 99999.90 99999.90 99999.90 99999.90 99999.90 25.42 25.41 25.43 25.43 25.43 25.43 25.55 25.55 25.55 25.55 25.55 25.55 25.55 25.55 25.55 25.55 25.55 25.52 25.52 25.53 25.52 25.52 25.51 25.51 25.51 25.52 25.51 25.51 25.51 25.50 25.50 25.53 25.52 25.51 25.51 25.51 25.50 25.49 25.50 25.50 25.50 25.49 25.49 25.49 25.50 25.49 25.49
24.93 24.93 24.93 24.93 25.45 25.45 25.49 25.53 25.53 25.54 25.52 25.52 25.55 25.50 25.50 25.50 25.50 25.50 25.50 25.50 25.50 25.50 25.50 25.50 99999.90 99999.90 99999.90 99999.90 99999.90 99999.90 25.42 25.42 25.43 25.43 25.43 25.43 25.43 25.39 25.55 25.55 25.55 25.55 25.55 25.55 25.55 25.52 25.52 25.53 25.52 25.53 25.49 25.49 25.50 25.50 25.49 25.50 25.49 25.49 25.49 25.48 25.48 25.50 25.50 25.51 25.51 25.51 25.49 25.50 25.51 25.51 25.52 25.51 25.50 25.49 25.49 25.49 25.49
24.93 24.93 24.93 24.93 24.93 25.53 25.55 25.56 25.52 25.52 25.52 25.52 25.55 25.50 25.50 25.50 25.50 25.50 25.50 25.50 25.50 25.50 25.50 25.50 99999.90 99999.90 99999.90 99999.90 99999.90 99999.90 25.42 25.42 25.43 25.43 25.43 25.43 25.43 25.43 25.39 25.39 25.55 25.55 25.55 25.55 25.55 25.55 25.50 25.55 25.53 25.52 25.51 25.49 25.50 25.50 25.49 25.50 25.49 25.50 25.50 25.47 25.47 25.50 25.50 25.50 25.49 25.50 25.49 25.50 25.49 25.48 25.48 25.49 25.46 25.49 25.49 25.49 25.49
25.51 25.51 25.51 25.51 25.51 25.53 25.54 25.55 25.52 25.52 25.52 25.52 25.55 25.50 25.50 25.50 25.50 25.50 25.50 25.50 25.50 25.50 25.50 25.50 99999.90 99999.90 99999.90 99999.90 99999.90 99999.90 25.42 25.42 25.42 25.43 25.43 25.43 25.43 25.43 25.43 25.39 25.39 25.47 25.47 25.53 25.53 25.53 25.57 25.52 25.51 25.53 25.51 25.50 25.49 25.48 25.49 25.50 25.48 25.48 25.47 25.48 25.45 25.46 25.47 25.47 25.48 25.46 25.48 25.48 25.47 25.46 25.47 25.47 25.46 25.47 25.48 25.49 25.47
25.51 25.51 25.51 25.51 25.51 25.53 25.52 25.55 25.55 25.52 25.52 25.52 25.52 25.50 25.50 25.50 25.50 25.50 25.50 25.50 25.50 25.50 25.50 25.50 99999.90 99999.90 99999.90 99999.90 99999.90 25.38 25.42 25.42 25.42 25.42 25.42 25.43 25.43 25.43 25.43 25.43 25.39 25.39 25.47 25.47 25.50 25.50 25.55 25.51 25.51 25.50 25.50 25.50 25.49 25.47 25.47 25.47 25.45 25.47 25.46 25.47 25.44 25.44 25.45 25.44 25.45 25.45 25.42 25.44 25.45 25.45 25.47 25.46 25.45 25.44 25.44 25.46 25.46
25.45 25.51 25.51 25.51 25.53 25.53 25.52 25.52 25.55 25.55 25.52 25.52 25.52 25.50 25.50 25.50 25.50 25.50 25.50 25.50 25.50 25.50 25.50 25.50 99999.90 99999.90 99999.90 99999.90 99999.90 25.38 25.42 25.42 25.42 25.42 25.42 25.42 25.43 25.43 25.43 25.43 25.43 25.39 25.39 25.47 25.47 25.51 25.49 25.50 25.48 25.48 25.49 25.49 25.48 25.47 25.46 25.45 25.45 25.46 25.43 25.45 25.46 25.45 25.44 25.44 25.44 25.43 25.41 25.39 25.44 25.45 25.45 25.44 25.45 25.44 25.45 25.45 25.45
25.45 25.45 25.51 25.53 25.53 25.53 25.52 25.52 25.52 25.55 25.52 25.52 25.52 25.52 25.50 25.50 25.50 25.50 25.50 25.50 25.50 25.50 25.50 25.50 99999.90 99999.90 99999.90 99999.90 99999.90 25.38 25.42 25.42 25.42 25.42 25.42 25.42 25.42 25.41 25.43 25.43 25.43 25.43 25.39 25.39 25.50 25.46 25.45 25.46 25.47 25.46 25.46 25.48 25.48 25.46 25.47 25.46 25.48 25.45 25.43 25.43 25.44 25.46 25.44 25.43 25.42 25.42 25.40 25.42 25.44 25.44 25.44 25.44 25.43 25.43 25.44 25.44 25.45
