main/data/irradiance/25.05.2023.grid
ncols 839
nrows 679
xllcenter 112.0500
yllcenter -43.9500
cellsize 0.0500
nodata_value 99999.90
[rows 238 to 271 of 679, columns 154 to 230 of 839]
17.07 17.04 17.00 16.97 16.99 17.02 17.04 16.97 16.95 17.05 17.08 17.07 17.08 17.15 17.18 17.19 17.19 17.22 17.19 17.14 17.14 17.15 17.14 17.07 17.20 17.19 17.16 17.10 17.19 17.18 17.19 17.19 17.17 17.18 17.23 17.23 17.23 17.24 17.22 17.23 17.20 17.19 17.19 17.19 17.17 17.08 17.13 17.19 17.24 17.25 17.25 17.24 17.25 17.25 17.24 17.27 17.25 17.24 17.24 17.19 17.22 17.24 17.25 16.16 16.94 17.26 17.24 17.26 17.27 17.25 17.24 17.25 17.25 17.27 17.24 17.26 17.25
17.09 17.07 17.00 16.99 17.02 17.01 17.03 17.03 17.07 17.02 16.97 17.03 17.00 17.06 17.10 17.16 17.16 17.10 17.07 17.09 17.06 17.07 17.14 17.12 17.14 17.14 17.11 17.09 17.09 17.17 17.14 17.15 17.19 17.13 17.15 17.18 17.18 17.19 17.18 17.20 17.21 17.19 17.14 17.17 17.19 17.11 17.11 17.14 17.17 17.18 17.21 17.23 17.23 17.23 17.22 17.23 17.23 17.21 17.19 17.26 17.25 15.09 12.35 13.33 15.56 17.06 17.05 17.11 17.22 17.26 17.24 17.23 17.23 17.21 17.24 17.23 17.25
17.03 17.03 16.99 16.99 16.96 16.96 16.96 17.03 17.08 17.05 17.06 17.13 17.02 16.97 17.05 17.00 17.01 16.92 16.99 16.98 17.06 17.13 17.13 17.12 17.13 17.14 17.14 17.10 17.11 17.10 17.18 17.15 17.17 17.11 17.10 17.12 17.12 17.12 17.13 17.12 17.16 17.20 17.15 17.16 17.17 17.17 17.14 17.17 17.19 17.16 17.15 17.20 17.18 17.20 17.22 17.22 17.21 17.22 17.22 17.17 17.12 16.70 15.44 15.00 15.46 16.13 15.79 16.14 17.13 17.21 17.25 17.24 17.21 17.18 17.18 17.22 17.22
16.98 16.99 17.01 17.04 17.03 17.02 17.04 17.11 17.13 17.12 17.09 17.06 16.96 17.01 17.01 17.04 17.01 17.01 17.00 16.97 17.05 17.11 17.10 17.08 17.09 17.10 17.07 16.98 17.07 17.08 17.06 17.13 17.13 17.15 17.12 17.12 17.10 17.10 17.10 17.10 17.13 17.13 17.16 17.15 17.16 17.14 17.14 17.15 17.16 17.15 17.16 17.16 17.14 17.14 17.15 17.17 17.16 17.18 17.22 17.21 17.19 17.13 17.17 16.17 16.55 17.12 16.09 17.15 17.20 17.21 17.23 17.25 17.23 17.22 17.21 17.20 17.20
16.97 17.00 17.01 16.99 16.99 17.02 17.07 17.10 17.12 17.03 17.01 17.06 16.93 17.01 17.02 16.94 16.88 16.94 16.93 16.90 17.00 16.99 17.07 17.01 17.04 17.07 17.07 17.00 17.04 17.05 16.96 17.04 17.09 17.11 17.09 17.10 17.07 17.07 17.06 17.05 17.01 17.12 17.14 17.13 17.13 17.12 17.13 17.11 17.11 17.13 17.13 17.15 17.16 17.15 17.14 17.15 17.11 17.13 17.10 17.13 17.17 17.14 17.13 17.13 17.04 15.49 13.76 16.93 17.11 17.12 17.18 17.20 17.21 17.20 17.21 17.20 17.17
16.97 16.95 17.01 16.98 16.97 17.00 16.93 17.04 17.01 16.94 16.97 16.95 16.96 17.01 17.02 17.03 16.96 16.98 16.91 16.99 16.94 16.97 17.00 17.02 17.05 17.05 17.03 17.03 16.97 17.04 17.01 16.94 17.04 17.05 17.06 17.04 17.02 17.07 17.08 17.04 17.03 16.99 17.06 17.11 17.08 17.07 17.08 17.07 17.11 17.11 17.12 17.13 17.10 17.11 17.11 17.11 17.18 17.14 17.07 17.10 17.12 16.99 16.92 17.03 17.02 16.65 14.08 16.85 17.13 17.11 17.11 17.16 17.18 17.18 17.18 17.20 17.18
16.95 16.93 17.00 16.97 16.96 16.91 16.95 16.94 16.99 17.03 17.01 16.89 16.98 16.99 16.97 17.01 16.95 16.85 16.89 16.94 16.93 16.96 17.01 17.01 17.02 17.00 17.00 17.00 16.98 17.03 17.03 16.92 17.00 16.98 17.04 17.07 17.05 17.06 17.05 17.03 16.97 17.04 17.05 17.07 17.09 17.07 17.06 17.05 17.10 17.07 17.08 17.14 17.08 17.05 17.03 17.07 17.12 17.10 17.07 17.10 17.03 16.91 17.00 17.06 17.08 17.07 15.53 16.44 17.07 17.03 17.05 17.13 17.15 17.17 17.16 17.16 17.16
16.96 16.95 16.97 16.94 16.92 16.95 16.99 16.99 17.02 17.01 17.03 16.96 16.93 16.96 16.93 16.95 16.95 16.96 16.94 16.93 16.94 16.97 16.94 16.96 17.00 17.02 16.99 16.95 17.00 16.99 17.00 16.85 16.90 17.01 17.01 17.03 17.04 17.06 17.02 17.01 16.99 17.00 16.99 17.02 17.06 17.02 16.99 17.02 17.07 17.05 17.03 17.05 17.07 17.06 17.03 17.09 17.09 17.08 17.08 17.08 16.99 16.87 17.03 17.09 17.09 17.04 16.84 17.08 17.08 17.05 17.07 17.09 17.11 17.14 17.15 17.15 17.15
16.94 16.94 16.94 16.93 16.92 16.95 16.98 16.97 16.96 16.95 16.97 16.99 16.94 16.81 16.87 16.95 16.98 16.98 16.94 16.95 16.97 16.90 16.85 16.94 16.93 16.96 16.92 16.90 16.98 16.98 16.99 16.97 16.94 16.93 16.98 17.03 17.02 17.03 17.00 16.99 16.98 16.93 16.96 17.03 17.05 17.00 16.91 16.96 16.96 17.03 16.99 17.02 17.04 17.04 17.06 17.07 17.08 17.07 17.08 17.05 17.00 16.99 17.05 17.08 17.09 17.05 17.03 15.85 16.66 17.07 17.07 17.07 17.03 17.09 17.09 17.10 17.08
16.91 16.92 16.93 16.93 16.90 16.88 16.88 16.92 16.95 16.96 16.97 16.86 16.87 16.91 16.92 16.94 16.91 16.86 16.93 16.92 16.91 16.89 16.83 16.95 16.93 16.92 16.92 16.92 16.96 16.96 16.95 16.99 16.93 16.97 16.95 16.96 16.97 17.01 17.01 16.99 16.90 16.90 16.99 16.98 16.97 16.92 16.90 16.94 16.95 16.97 17.01 16.98 17.01 17.01 17.06 17.06 17.07 17.09 17.08 17.02 17.00 16.97 17.01 17.03 17.03 17.06 16.97 16.68 16.50 17.03 17.07 17.07 17.04 17.07 17.08 17.09 17.06
16.94 16.91 16.89 16.94 16.94 16.86 16.84 16.85 16.94 16.94 16.94 16.93 16.84 16.88 16.94 16.95 16.90 16.79 16.83 16.86 16.88 16.94 16.93 16.92 16.93 16.91 16.93 16.92 16.90 16.92 16.94 16.97 16.92 16.96 16.93 16.93 16.95 16.92 16.92 16.95 16.94 16.92 16.92 16.92 16.93 16.90 16.87 16.92 16.95 16.95 16.96 16.98 17.00 17.00 17.01 17.04 17.02 17.02 17.01 17.00 16.96 16.95 16.97 16.99 16.99 16.99 16.98 16.89 14.27 15.22 17.05 17.06 17.03 17.04 17.05 17.05 17.04
16.96 16.91 16.89 16.89 16.89 16.87 16.82 16.89 16.90 16.75 16.84 16.77 16.88 16.89 16.90 16.92 16.92 16.82 16.85 16.89 16.90 16.87 16.90 16.86 16.90 16.89 16.88 16.88 16.93 16.92 16.95 16.95 16.94 16.90 16.95 16.96 16.93 16.95 16.97 16.96 16.94 16.92 16.90 16.88 16.87 16.78 16.70 16.90 16.91 16.97 16.91 16.91 16.92 17.01 16.99 16.99 16.99 16.99 17.00 17.00 16.97 16.98 16.98 16.98 16.99 17.00 16.97 16.96 16.36 14.90 17.01 17.03 17.05 17.06 17.04 17.03 17.03
16.94 16.92 16.92 16.91 16.91 16.90 16.81 16.84 16.79 16.71 16.65 16.81 16.87 16.89 16.88 16.87 16.88 16.85 16.84 16.87 16.90 16.84 16.86 16.89 16.89 16.89 16.89 16.91 16.92 16.89 16.94 16.97 16.96 16.96 16.98 16.95 16.92 16.93 16.96 16.97 16.94 16.93 16.92 16.89 16.84 16.76 16.63 16.64 16.75 16.86 16.91 16.82 16.76 16.88 16.95 16.92 16.93 16.85 16.94 16.96 16.94 16.95 16.95 16.94 16.96 16.95 16.95 16.93 16.65 15.82 16.73 16.97 17.01 17.03 17.00 17.02 17.02
16.78 16.84 16.86 16.89 16.92 16.91 16.88 16.87 16.83 16.71 16.65 16.74 16.88 16.89 16.86 16.82 16.88 16.87 16.82 16.83 16.87 16.87 16.84 16.86 16.86 16.86 16.88 16.88 16.90 16.83 16.89 16.87 16.94 16.94 16.96 16.93 16.93 16.93 16.95 16.96 16.92 16.93 16.93 16.90 16.92 16.89 16.73 16.62 16.69 16.76 16.83 16.77 16.82 16.86 16.77 16.91 16.91 16.93 16.82 16.94 16.95 16.92 16.96 16.95 16.93 16.94 16.91 16.92 16.90 16.88 16.11 16.93 16.92 16.95 16.94 16.96 16.96
16.77 16.75 16.80 16.85 16.88 16.85 16.85 16.82 16.87 16.85 16.84 16.85 16.88 16.88 16.86 16.82 16.81 16.74 16.78 16.84 16.83 16.84 16.84 16.87 16.89 16.87 16.88 16.88 16.83 16.84 16.83 16.89 16.89 16.90 16.91 16.91 16.90 16.90 16.94 16.96 16.94 16.93 16.91 16.92 16.91 16.90 16.88 16.77 16.73 16.84 16.83 16.83 16.71 16.80 16.76 16.80 16.76 16.82 16.84 16.92 16.94 16.92 16.90 16.91 16.92 16.94 16.90 16.86 16.84 16.88 16.24 16.50 16.92 16.88 16.88 16.94 16.87
16.80 16.77 16.83 16.79 16.78 16.87 16.88 16.87 16.75 16.77 16.83 16.85 16.86 16.85 16.85 16.83 16.81 16.75 16.75 16.84 16.82 16.81 16.82 16.80 16.85 16.86 16.85 16.84 16.82 16.83 16.84 16.87 16.87 16.88 16.85 16.87 16.86 16.88 16.88 16.90 16.91 16.90 16.89 16.90 16.89 16.88 16.87 16.85 16.72 16.83 16.88 16.85 16.85 16.79 16.72 16.75 16.64 16.73 16.67 16.80 16.90 16.90 16.86 16.89 16.91 16.92 16.87 16.83 16.82 16.83 16.85 16.82 16.65 16.53 15.74 15.57 16.47
16.81 16.82 16.82 16.82 16.78 16.73 16.78 16.84 16.83 16.81 16.82 16.86 16.85 16.85 16.87 16.83 16.82 16.80 16.75 16.78 16.82 16.76 16.73 16.76 16.76 16.80 16.82 16.79 16.80 16.83 16.80 16.81 16.83 16.84 16.85 16.83 16.84 16.83 16.85 16.89 16.89 16.90 16.87 16.90 16.89 16.88 16.85 16.86 16.85 16.80 16.74 16.72 16.85 16.78 16.72 16.80 16.71 16.68 16.68 16.64 16.76 16.72 16.73 16.84 16.89 16.88 16.86 16.81 16.83 16.82 16.83 16.82 16.80 16.78 16.72 15.38 16.56
16.79 16.79 16.81 16.82 16.81 16.78 16.77 16.78 16.82 16.82 16.79 16.81 16.84 16.84 16.83 16.82 16.82 16.80 16.70 16.72 16.74 16.78 16.77 16.78 16.76 16.77 16.75 16.80 16.79 16.79 16.77 16.82 16.82 16.79 16.82 16.79 16.81 16.85 16.84 16.87 16.88 16.90 16.87 16.82 16.82 16.79 16.86 16.85 16.81 16.67 16.74 16.72 16.82 16.78 16.79 16.79 16.64 16.59 16.60 16.65 16.76 16.80 16.76 16.79 16.82 16.75 16.75 16.77 16.77 16.73 16.77 16.82 16.83 16.84 16.84 16.89 16.87
16.79 16.80 16.80 16.81 16.79 16.72 16.76 16.77 16.78 16.78 16.77 16.78 16.78 16.76 16.75 16.79 16.77 16.76 16.71 16.79 16.77 16.78 16.78 16.76 16.73 16.77 16.78 16.77 16.76 16.78 16.79 16.80 16.82 16.84 16.81 16.84 16.82 16.82 16.84 16.83 16.83 16.85 16.86 16.86 16.82 16.82 16.81 16.82 16.78 16.79 16.81 16.75 16.71 16.75 16.78 16.75 16.68 16.52 16.58 16.58 16.65 16.74 16.72 16.76 16.79 16.72 16.70 16.72 16.74 16.77 16.82 16.82 16.82 16.78 16.83 16.85 16.85
16.72 16.77 16.77 16.78 16.75 16.68 16.68 16.71 16.70 16.77 16.67 16.76 16.77 16.69 16.69 16.69 16.74 16.73 16.70 16.68 16.73 16.76 16.77 16.75 16.76 16.80 16.78 16.75 16.72 16.72 16.77 16.78 16.79 16.81 16.82 16.82 16.80 16.82 16.83 16.83 16.84 16.82 16.83 16.83 16.83 16.83 16.83 16.82 16.81 16.81 16.81 16.83 16.80 16.81 16.81 16.73 16.69 16.54 16.56 16.59 16.69 16.68 16.69 16.68 16.73 16.74 16.76 16.82 16.80 16.74 16.80 16.82 16.82 16.79 16.82 16.81 16.80
16.70 16.74 16.75 16.74 16.75 16.73 16.72 16.68 16.59 16.57 16.42 16.70 16.75 16.67 16.62 16.69 16.75 16.74 16.71 16.66 16.73 16.74 16.73 16.74 16.75 16.74 16.75 16.74 16.72 16.63 16.69 16.71 16.74 16.81 16.83 16.81 16.77 16.77 16.78 16.82 16.81 16.80 16.82 16.81 16.82 16.81 16.81 16.79 16.83 16.81 16.80 16.80 16.80 16.80 16.77 16.77 16.73 16.58 16.59 16.66 16.70 16.65 16.66 16.72 16.58 16.63 16.69 16.76 16.69 16.66 16.73 16.77 16.81 16.80 16.79 16.81 16.80
16.65 16.69 16.70 16.73 16.72 16.68 16.71 16.69 16.58 16.44 16.63 16.68 16.74 16.71 16.68 16.71 16.71 16.57 16.59 16.67 16.72 16.71 16.69 16.68 16.72 16.68 16.73 16.75 16.73 16.63 16.71 16.69 16.71 16.74 16.75 16.77 16.78 16.77 16.77 16.78 16.79 16.81 16.81 16.82 16.79 16.78 16.78 16.81 16.81 16.80 16.78 16.79 16.78 16.78 16.77 16.76 16.71 16.70 16.70 16.72 16.75 16.74 16.71 16.68 16.57 16.47 16.58 16.72 16.74 16.72 16.73 16.78 16.77 16.80 16.78 16.78 16.79
16.59 16.58 16.66 16.69 16.70 16.70 16.67 16.69 16.63 16.63 16.69 16.69 16.72 16.72 16.70 16.70 16.69 16.62 16.57 16.68 16.67 16.72 16.73 16.71 16.69 16.70 16.70 16.72 16.72 16.70 16.72 16.70 16.71 16.70 16.71 16.75 16.76 16.73 16.73 16.77 16.77 16.78 16.78 16.78 16.78 16.77 16.75 16.79 16.78 16.75 16.75 16.76 16.78 16.78 16.76 16.76 16.77 16.73 16.72 16.76 16.75 16.74 16.71 16.74 16.71 16.69 16.61 16.65 16.73 16.72 16.73 16.77 16.74 16.59 16.73 16.72 16.77
16.62 16.63 16.62 16.65 16.67 16.66 16.66 16.67 16.68 16.67 16.69 16.68 16.73 16.73 16.71 16.68 16.69 16.69 16.65 16.58 16.66 16.65 16.69 16.68 16.67 16.69 16.69 16.69 16.70 16.69 16.69 16.71 16.68 16.69 16.66 16.69 16.72 16.71 16.72 16.71 16.73 16.74 16.76 16.75 16.77 16.76 16.74 16.76 16.75 16.75 16.69 16.73 16.72 16.73 16.74 16.73 16.73 16.75 16.74 16.74 16.73 16.73 16.72 16.73 16.74 16.74 16.71 16.65 16.68 16.63 16.57 16.73 16.63 16.28 16.65 16.69 16.75
16.62 16.63 16.63 16.64 16.68 16.66 16.64 16.66 16.68 16.67 16.69 16.69 16.72 16.70 16.68 16.66 16.65 16.65 16.66 16.64 16.62 16.67 16.67 16.67 16.66 16.64 16.66 16.67 16.68 16.68 16.68 16.66 16.69 16.71 16.71 16.72 16.69 16.71 16.71 16.73 16.74 16.74 16.72 16.72 16.71 16.71 16.74 16.73 16.73 16.73 16.71 16.68 16.70 16.72 16.72 16.72 16.73 16.73 16.73 16.71 16.67 16.64 16.67 16.69 16.69 16.69 16.69 16.67 16.68 16.19 16.60 16.72 16.74 16.68 16.57 16.69 16.70
16.58 16.59 16.59 16.60 16.62 16.64 16.66 16.67 16.67 16.67 16.67 16.66 16.68 16.68 16.68 16.65 16.64 16.64 16.64 16.64 16.64 16.65 16.65 16.64 16.64 16.63 16.65 16.66 16.65 16.68 16.69 16.69 16.69 16.70 16.71 16.73 16.70 16.69 16.69 16.67 16.69 16.70 16.70 16.68 16.68 16.73 16.70 16.71 16.70 16.71 16.70 16.68 16.69 16.68 16.69 16.69 16.69 16.68 16.67 16.62 16.61 16.59 16.58 16.63 16.61 16.55 16.43 16.18 15.78 15.72 16.61 16.59 16.63 16.66 16.61 16.63 16.69
16.56 16.58 16.60 16.60 16.61 16.61 16.61 16.62 16.66 16.66 16.66 16.61 16.66 16.65 16.61 16.62 16.61 16.61 16.61 16.62 16.61 16.60 16.64 16.64 16.65 16.65 16.66 16.66 16.66 16.67 16.67 16.65 16.67 16.68 16.69 16.70 16.66 16.66 16.68 16.65 16.65 16.69 16.69 16.68 16.66 16.66 16.63 16.63 16.66 16.66 16.65 16.69 16.69 16.67 16.66 16.69 16.70 16.71 16.69 15.87 15.95 16.45 16.15 15.98 15.87 15.88 15.63 16.16 16.09 16.54 16.56 16.57 16.54 16.56 16.62 16.68 16.69
16.58 16.58 16.56 16.58 16.60 16.59 16.59 16.60 16.60 16.63 16.64 16.62 16.63 16.61 16.55 16.60 16.59 16.59 16.59 16.60 16.61 16.57 16.60 16.63 16.64 16.62 16.63 16.64 16.63 16.63 16.61 16.62 16.63 16.64 16.64 16.66 16.66 16.66 16.66 16.65 16.64 16.66 16.66 16.66 16.65 16.64 16.62 16.62 16.62 16.62 16.60 16.64 16.67 16.68 16.68 16.67 16.67 16.68 16.66 15.32 12.09 13.51 13.64 14.52 16.01 16.19 16.24 15.94 15.56 16.49 16.53 16.61 16.56 16.58 16.61 14.65 12.31
16.57 16.56 16.55 16.57 16.56 16.56 16.56 16.54 16.56 16.59 16.57 16.57 16.59 16.59 16.58 16.59 16.59 16.58 16.57 16.56 16.54 16.54 16.57 16.58 16.60 16.60 16.62 16.62 16.62 16.61 16.60 16.60 16.59 16.62 16.62 16.63 16.60 16.61 16.62 16.62 16.63 16.65 16.64 16.62 16.64 16.64 16.62 16.59 16.57 16.58 16.51 16.56 16.61 16.65 16.65 16.65 16.63 16.64 16.61 15.81 13.70 12.76 14.12 14.60 16.13 16.45 16.56 15.10 13.61 15.09 16.54 16.56 16.56 16.58 16.60 16.55 15.87
16.56 16.55 16.56 16.57 16.57 16.56 16.56 16.56 16.55 16.54 16.54 16.55 16.57 16.56 16.57 16.56 16.57 16.56 16.55 16.55 16.55 16.54 16.55 16.56 16.56 16.57 16.59 16.58 16.58 16.58 16.58 16.57 16.57 16.55 16.59 16.61 16.61 16.59 16.60 16.61 16.61 16.58 16.60 16.63 16.61 16.61 16.61 16.58 16.59 16.60 16.53 16.55 16.63 16.61 16.62 16.63 16.62 16.62 15.99 14.60 12.74 12.03 14.45 14.83 15.98 16.40 16.52 16.11 15.77 16.19 16.55 16.55 16.54 16.54 16.53 16.55 16.54
16.53 16.54 16.54 16.54 16.55 16.56 16.54 16.53 16.54 16.54 16.52 16.53 16.54 16.55 16.56 16.56 16.56 16.56 16.55 16.54 16.53 16.55 16.55 16.56 16.55 16.56 16.56 16.56 16.56 16.55 16.54 16.54 16.54 16.53 16.56 16.59 16.59 16.56 16.56 16.58 16.58 16.56 16.59 16.59 16.59 16.58 16.58 16.60 16.60 16.58 16.58 16.59 16.59 16.60 16.59 16.58 16.60 14.04 12.46 13.26 11.73 13.13 15.13 14.99 15.21 16.43 15.87 14.87 16.42 16.56 16.52 16.50 16.51 16.52 16.54 16.52 16.51
16.53 16.52 16.52 16.53 16.54 16.53 16.45 16.44 16.44 16.52 16.52 16.52 16.54 16.54 16.55 16.54 16.53 16.54 16.52 16.52 16.51 16.51 16.53 16.53 16.55 16.54 16.54 16.56 16.56 16.53 16.52 16.51 16.52 16.52 16.53 16.53 16.53 16.55 16.55 16.55 16.55 16.54 16.56 16.57 16.57 16.55 16.54 16.55 16.58 16.55 16.57 16.55 16.55 16.56 16.57 16.58 16.51 14.60 11.62 12.56 12.04 12.74 14.30 15.50 15.93 16.47 16.41 16.50 16.50 16.53 16.51 16.49 16.50 16.50 16.51 16.52 16.54
16.51 16.50 16.50 16.51 16.49 16.50 16.46 16.39 16.42 16.49 16.50 16.51 16.53 16.52 16.50 16.51 16.51 16.52 16.50 16.49 16.49 16.50 16.52 16.53 16.54 16.52 16.52 16.52 16.52 16.51 16.50 16.51 16.51 16.52 16.50 16.50 16.50 16.52 16.52 16.52 16.51 16.55 16.56 16.53 16.52 16.52 16.54 16.53 16.52 16.56 16.54 16.56 16.56 16.54 16.52 16.51 16.49 15.26 14.56 11.91 12.93 13.92 13.94 14.77 15.85 16.36 16.49 16.16 16.50 16.53 16.52 16.50 16.51 16.51 16.52 16.54 16.50
16.49 16.50 16.49 16.49 16.48 16.47 16.47 16.49 16.43 16.46 16.46 16.46 16.46 16.50 16.50 16.51 16.50 16.49 16.49 16.46 16.47 16.49 16.49 16.49 16.50 16.51 16.49 16.49 16.51 16.52 16.49 16.49 16.48 16.48 16.47 16.46 16.46 16.48 16.48 16.48 16.49 16.53 16.54 16.55 16.53 16.53 16.53 16.51 16.52 16.53 16.54 16.53 16.53 16.51 16.50 16.49 16.49 16.45 16.40 14.12 14.14 15.15 14.07 14.80 15.07 16.44 16.48 16.37 16.47 16.50 16.47 16.50 16.51 16.51 16.48 16.48 16.47
