main/data/irradiance/25.03.2023.grid
ncols 839
nrows 679
xllcenter 112.0500
yllcenter -43.9500
cellsize 0.0500
nodata_value 99999.90
[rows 272 to 305 of 679, columns 231 to 307 of 839]
19.16 19.05 19.09 19.97 20.09 19.73 19.74 18.45 18.31 18.92 18.83 16.60 16.36 15.55 15.84 13.56 14.47 14.54 13.75 14.17 13.93 14.52 15.97 18.49 16.55 16.10 16.48 17.74 16.19 16.45 19.24 17.27 17.59 18.91 19.62 20.57 19.34 17.82 17.68 21.24 21.87 20.58 18.87 19.63 20.94 20.89 18.86 18.76 19.21 20.34 21.21 21.57 21.40 21.37 22.03 21.30 20.70 20.95 21.63 21.74 21.73 22.11 21.09 20.83 21.26 19.12 19.25 21.50 19.45 18.26 18.74 20.74 20.07 19.73 22.55 21.78 22.13
18.66 18.63 19.72 19.13 19.70 18.99 18.97 17.90 17.30 18.26 17.52 16.52 15.99 14.53 15.15 14.72 14.73 12.89 14.00 15.50 17.43 17.14 16.21 17.02 16.71 15.82 15.82 14.84 14.99 16.35 17.94 17.11 19.00 18.74 19.55 18.84 19.27 16.71 18.26 20.34 20.65 19.24 16.99 18.79 20.31 19.77 18.04 19.24 20.16 20.76 20.49 20.26 22.21 21.72 20.80 21.79 21.14 21.87 21.85 22.09 22.18 22.30 21.52 20.95 20.78 20.53 21.49 20.27 19.19 18.79 17.84 18.45 20.39 20.30 21.46 20.59 21.64
18.27 19.01 19.30 19.85 20.12 18.23 18.27 18.45 17.18 17.27 17.70 16.07 15.13 15.29 15.38 14.40 12.33 12.84 14.81 16.00 17.23 16.75 16.01 16.71 15.70 15.72 15.91 16.10 17.02 16.65 18.24 18.50 19.79 19.38 18.57 18.35 18.49 18.12 18.94 19.85 18.95 18.74 17.65 19.30 18.92 18.94 19.68 20.81 20.61 19.92 20.01 21.68 22.14 20.45 21.02 21.20 21.20 21.45 21.29 22.24 22.53 22.14 21.17 20.30 20.84 20.64 21.80 21.17 17.67 18.51 18.34 18.18 21.26 21.45 19.89 18.49 19.67
18.64 18.43 19.15 20.30 20.07 18.60 17.08 16.75 17.53 17.27 17.36 16.50 15.71 15.30 14.53 13.51 12.32 14.34 14.00 14.70 16.39 16.70 16.51 16.54 17.28 15.10 14.75 16.25 17.88 16.43 17.48 17.32 19.70 19.59 17.99 18.28 18.20 17.62 19.40 20.73 18.06 17.02 19.22 19.83 18.41 19.37 21.06 20.44 19.45 18.98 20.93 19.80 20.44 20.98 22.01 21.19 21.33 21.38 21.81 22.48 22.20 22.42 21.46 20.27 21.31 21.61 21.02 20.16 19.09 19.36 19.80 19.78 19.97 21.49 20.86 18.73 19.88
18.87 18.51 18.44 19.92 19.40 18.82 17.77 17.15 17.51 16.79 16.61 15.96 15.74 15.07 14.79 13.84 13.18 13.64 12.98 14.71 15.82 15.61 15.82 17.56 17.26 14.61 16.08 16.14 15.12 17.45 17.47 17.19 19.32 19.04 18.30 17.67 17.64 18.32 19.15 17.87 18.68 16.93 19.04 20.27 19.03 20.05 20.34 18.48 18.39 18.31 19.01 18.20 19.60 20.65 21.51 20.37 21.59 21.73 22.20 22.24 21.45 22.25 21.68 21.54 21.51 20.54 20.18 20.36 17.75 19.32 20.23 19.38 18.10 18.59 19.63 21.61 21.26
19.40 18.80 18.64 19.09 18.53 17.81 16.84 16.07 16.24 16.14 15.15 15.64 14.86 16.17 14.23 13.98 14.14 13.70 12.76 15.21 14.68 14.71 15.46 16.11 16.06 14.97 15.62 16.35 15.83 17.86 19.05 17.76 18.53 18.12 17.06 18.02 17.92 18.69 18.09 17.93 16.76 16.69 17.78 18.83 20.21 20.12 19.20 17.10 17.37 18.36 17.64 19.28 20.77 21.54 21.84 21.87 21.42 20.87 20.83 21.35 20.29 21.96 22.44 21.06 20.78 21.21 21.32 19.62 18.02 19.76 19.24 18.34 19.60 19.31 19.89 21.31 19.94
19.88 19.85 19.69 19.69 19.01 17.46 16.59 16.37 16.68 14.60 12.59 13.68 14.85 14.93 14.32 14.43 14.50 13.62 14.00 15.21 13.46 14.72 15.06 14.64 16.37 16.83 17.66 17.76 17.36 17.91 17.58 18.38 18.44 16.85 16.85 18.73 18.22 18.37 17.12 15.93 16.61 18.44 18.29 18.80 17.73 18.42 18.03 17.17 17.95 18.85 18.82 19.04 19.74 20.36 21.89 21.30 20.48 19.58 20.23 19.34 20.20 21.59 21.50 20.90 21.16 21.39 20.59 20.07 19.21 18.11 18.85 18.80 19.15 19.55 20.83 17.84 20.34
19.55 19.22 19.80 19.94 18.69 17.38 16.39 15.89 16.77 14.41 12.79 12.63 13.47 14.12 14.12 13.67 14.08 13.96 14.13 13.87 13.56 14.46 15.12 15.06 16.57 16.47 16.89 18.29 17.93 18.23 17.87 18.25 16.10 15.78 16.71 18.16 18.85 17.61 16.54 14.83 17.22 18.10 19.32 18.66 16.81 17.27 15.66 15.99 17.96 17.97 19.08 19.80 19.72 20.25 20.35 19.51 19.88 19.93 20.26 19.14 20.18 20.60 21.09 21.42 20.77 20.24 20.19 19.40 20.22 19.41 19.43 18.97 19.64 19.15 19.07 16.11 18.73
19.03 18.79 19.59 19.25 17.08 16.01 16.72 16.07 16.43 15.91 14.56 13.34 12.86 12.29 14.06 12.85 11.87 12.99 14.10 14.26 13.72 14.73 14.93 15.36 15.83 15.31 16.74 17.29 17.20 17.34 16.55 16.85 16.96 16.22 16.54 17.11 17.47 16.22 14.88 15.51 16.24 15.62 18.16 19.17 17.41 15.83 16.51 16.94 17.28 16.55 17.59 19.84 19.81 19.66 18.06 17.95 17.95 19.02 18.88 18.14 20.51 20.69 21.50 20.59 20.40 21.20 21.69 21.26 20.13 20.63 19.81 21.54 20.86 17.67 19.36 18.66 18.31
18.87 18.50 17.63 17.29 17.12 16.16 15.66 16.38 16.75 15.78 14.06 13.26 12.55 12.56 11.89 13.25 11.92 13.72 14.33 14.49 14.25 14.71 15.02 15.15 15.71 15.19 17.02 17.36 17.09 17.87 17.12 16.79 17.40 17.11 17.88 16.63 18.00 15.80 14.61 15.27 16.77 15.89 16.68 15.70 16.10 15.39 17.75 17.12 17.04 15.80 17.40 18.48 19.62 18.45 17.26 19.04 19.11 19.36 18.91 18.58 19.41 20.40 21.42 20.52 21.60 21.99 21.32 20.33 21.33 20.66 21.22 21.39 20.07 18.73 19.03 18.13 18.12
17.83 17.45 17.34 18.08 17.20 16.19 15.22 15.93 16.25 14.89 14.68 12.99 12.49 10.49 10.56 11.48 11.43 13.90 14.17 15.30 13.65 13.68 14.55 14.54 15.31 15.93 16.48 17.09 16.99 17.84 17.88 18.12 18.78 18.50 18.06 17.28 17.12 15.52 14.94 17.42 16.39 15.02 16.06 13.80 14.92 16.36 17.15 16.89 16.78 16.35 17.27 17.90 18.94 18.07 16.91 17.99 19.35 18.65 17.09 19.35 20.00 19.31 19.52 20.13 21.65 21.15 19.75 19.33 20.99 19.36 20.58 19.59 19.68 19.99 19.57 19.29 20.61
16.93 17.43 17.72 17.35 17.10 16.55 16.04 15.85 16.02 15.40 15.03 14.65 13.23 12.24 11.05 12.01 13.15 13.63 14.41 12.90 13.69 13.97 14.26 13.69 14.29 15.04 15.51 16.44 16.23 17.68 18.54 18.88 18.74 18.53 17.79 17.87 15.92 15.03 15.07 17.52 16.65 16.61 14.88 14.79 14.53 16.37 16.95 17.29 17.51 17.54 17.92 17.69 18.12 17.22 16.62 18.58 19.32 18.12 17.92 18.92 19.11 18.97 19.80 20.42 20.91 20.06 18.61 18.04 19.99 19.75 18.89 17.77 19.16 18.86 17.83 19.25 20.01
17.59 16.63 16.47 16.03 16.66 17.05 16.69 16.12 15.72 16.31 13.89 14.26 14.26 13.42 12.89 12.14 11.85 12.73 12.91 12.95 13.13 12.85 13.54 12.83 13.93 14.72 15.01 16.22 16.84 18.22 18.91 19.01 18.71 18.02 16.97 16.41 16.21 15.79 16.39 17.74 16.83 16.08 16.46 14.71 13.37 14.96 15.65 15.32 14.97 16.85 17.29 16.66 16.48 16.54 16.50 18.89 19.10 18.38 19.79 19.72 18.04 19.74 19.87 20.14 19.52 16.86 18.66 18.72 20.36 19.52 19.75 18.85 19.16 19.38 20.75 19.39 20.61
15.47 15.35 15.55 15.82 15.45 16.14 16.07 15.49 14.82 16.19 14.62 13.75 14.09 13.93 13.71 11.91 11.40 12.10 12.71 12.84 12.64 14.05 13.85 13.91 15.42 14.72 15.51 16.65 17.28 17.66 18.31 18.54 17.82 18.11 17.10 16.22 16.09 15.88 16.39 16.60 15.19 14.74 15.79 15.09 13.96 14.45 15.09 14.13 15.56 14.92 16.64 17.24 17.33 16.37 17.14 16.50 17.82 18.61 20.55 20.32 18.65 19.26 19.41 18.71 18.85 17.62 18.34 19.31 19.98 19.37 19.65 19.10 19.73 17.52 19.74 20.29 20.63
15.41 15.44 16.31 16.22 15.47 15.85 16.31 16.20 16.80 16.87 15.35 13.47 13.95 13.47 14.43 12.89 12.45 10.79 11.79 12.48 13.71 14.03 14.03 13.97 14.43 15.46 16.78 16.29 16.39 17.36 17.30 17.39 17.05 17.60 16.82 16.03 15.95 15.79 15.28 16.23 15.67 15.47 15.37 14.80 14.92 13.85 12.91 12.38 13.68 12.70 14.20 16.42 17.89 16.54 16.76 17.75 18.31 18.92 20.08 20.90 20.49 18.81 18.02 18.72 17.92 16.84 18.19 18.76 19.14 19.08 19.12 17.72 19.60 20.19 20.76 20.80 21.54
14.76 15.09 14.08 16.33 17.59 17.06 16.96 16.59 16.81 15.94 15.95 14.36 13.83 14.68 15.15 13.64 13.17 12.20 13.34 13.76 13.29 14.24 15.65 14.29 13.80 15.00 15.13 15.63 15.66 17.17 17.18 16.42 16.59 16.36 16.10 14.45 13.97 14.61 15.05 14.93 15.11 14.91 15.42 14.95 14.53 13.77 11.11 11.31 13.54 13.10 12.43 15.43 16.83 16.57 17.19 16.93 14.77 17.58 20.52 20.68 19.44 18.13 17.12 17.27 17.15 16.42 16.90 17.49 17.69 16.72 17.73 16.61 17.43 21.02 20.84 19.94 20.84
16.71 15.39 15.60 16.89 17.60 17.96 16.90 15.98 15.48 15.05 16.46 15.80 15.11 14.56 14.13 12.53 12.70 13.50 13.31 13.15 12.39 12.59 12.65 12.88 13.24 14.41 14.84 14.73 15.85 16.17 15.62 15.39 15.47 15.37 13.79 13.44 14.18 15.03 13.06 12.38 13.62 14.49 15.02 14.34 12.83 12.76 12.54 12.08 11.57 11.99 12.37 14.18 15.65 16.84 17.43 16.18 16.15 18.34 19.90 20.09 17.76 16.92 16.21 16.11 17.48 17.45 16.19 15.43 17.12 16.49 16.42 16.24 18.77 20.32 21.40 20.19 21.02
16.60 16.57 15.80 17.11 17.45 17.17 17.49 16.29 16.15 15.84 15.74 16.40 16.08 15.46 14.04 13.82 13.40 14.36 13.12 12.17 11.54 12.10 12.91 12.34 12.35 13.72 14.47 14.09 14.62 14.49 14.50 14.67 14.82 15.48 14.16 13.42 13.32 15.00 14.20 11.92 12.33 13.30 12.82 12.07 13.42 13.59 13.41 13.26 12.57 11.88 11.22 12.63 14.79 15.34 16.98 16.15 16.88 18.22 19.08 19.13 16.77 15.68 15.49 15.98 17.13 16.78 15.83 15.69 18.52 18.20 18.13 17.73 19.01 19.81 18.96 19.49 20.31
15.97 15.41 15.00 14.64 16.15 16.57 16.22 16.96 16.96 16.96 16.22 16.30 15.98 14.76 13.94 13.43 13.80 13.59 13.26 12.92 11.99 13.35 13.97 13.31 13.95 15.21 14.66 14.45 15.57 15.84 15.44 15.19 14.64 14.76 15.31 13.97 13.48 14.36 14.30 13.40 12.38 13.43 13.07 12.91 13.71 14.10 14.18 13.37 14.22 11.83 11.16 13.36 14.81 16.17 16.23 15.71 16.65 18.43 18.88 17.13 16.22 15.33 14.89 16.20 17.18 15.85 15.60 16.98 19.72 18.49 18.00 17.05 18.66 19.75 19.52 19.43 20.41
13.44 13.08 13.22 13.96 14.59 15.59 14.94 15.93 16.53 16.80 16.03 16.12 15.79 16.07 15.29 14.49 14.08 13.73 13.36 14.37 13.63 13.90 14.62 14.88 15.34 15.60 15.09 16.05 16.32 16.62 17.00 15.55 14.63 15.15 14.66 14.46 14.31 14.33 14.41 13.26 13.18 13.45 13.13 12.50 13.20 14.32 14.64 14.36 14.62 13.72 13.89 13.97 14.86 15.53 15.54 14.46 15.37 16.92 18.04 17.51 16.82 15.95 14.83 16.45 14.65 14.76 15.02 15.62 17.65 18.43 19.30 19.57 20.08 21.21 20.32 19.34 19.48
13.60 12.69 13.77 14.51 16.19 16.57 15.99 16.35 17.30 17.11 16.89 17.17 15.90 14.59 14.24 13.91 13.91 14.80 13.24 15.08 15.50 14.84 14.31 15.02 14.37 13.89 13.87 14.81 13.91 14.02 15.20 16.02 15.20 14.02 12.42 13.11 14.14 14.82 14.42 13.07 14.10 13.56 13.66 13.51 13.63 13.97 13.35 13.72 13.81 13.06 12.67 13.91 13.34 14.76 15.30 16.15 15.99 17.15 18.07 18.93 17.17 16.15 14.71 14.38 14.48 15.19 16.74 16.60 16.78 17.39 19.19 20.57 20.43 20.87 19.88 19.09 20.10
13.71 14.18 13.61 14.29 16.48 16.47 14.99 16.73 16.97 17.05 16.37 15.91 15.44 14.98 14.62 13.62 14.32 15.17 14.67 14.68 14.87 14.67 13.48 13.87 12.64 13.99 13.13 13.77 13.82 13.96 14.74 15.59 14.18 13.84 12.45 12.58 14.06 14.53 14.09 13.38 13.61 13.20 13.87 13.94 13.22 13.36 13.54 13.91 14.44 13.38 12.59 13.41 13.94 15.41 15.40 16.02 16.06 16.75 17.17 18.65 17.27 15.91 14.71 14.52 15.09 15.14 15.60 16.36 15.94 16.89 20.04 20.43 19.45 18.48 17.51 19.23 19.61
13.60 13.74 14.13 13.72 14.35 14.00 14.95 16.22 16.23 15.60 16.16 15.94 16.91 16.96 15.48 14.57 14.86 16.67 15.45 14.33 13.97 13.16 13.74 13.40 12.97 13.53 13.03 14.48 15.04 14.29 15.18 14.38 13.30 13.01 13.45 14.70 13.94 13.95 13.89 13.70 13.81 13.22 14.07 15.38 13.33 12.91 13.87 15.02 13.18 12.00 11.86 14.04 14.42 15.53 16.79 16.27 15.68 15.38 16.80 17.50 16.00 15.32 13.52 13.02 14.81 14.65 15.35 14.76 16.52 18.21 19.26 19.39 18.66 16.09 17.09 19.55 19.44
13.59 13.46 13.00 11.60 13.30 14.77 15.73 15.83 15.34 15.33 15.44 16.86 17.19 15.90 15.97 16.28 15.58 16.37 15.91 15.06 13.98 12.63 13.77 16.05 15.01 14.56 13.02 14.47 13.91 14.70 15.89 15.03 13.74 14.24 14.71 13.48 13.53 13.86 13.79 13.59 13.96 14.29 14.98 14.90 13.97 13.26 13.88 14.12 13.09 12.74 13.23 14.98 14.72 15.41 16.10 15.96 16.30 15.87 16.93 17.49 17.02 15.55 12.85 12.71 14.70 15.66 16.75 15.66 16.75 18.13 19.10 18.17 17.40 17.40 18.46 19.68 17.87
13.70 12.24 11.63 12.87 12.97 13.22 14.58 16.35 17.43 17.53 17.20 16.24 16.58 15.43 14.88 15.05 15.70 16.41 15.18 13.96 13.71 12.59 13.19 14.67 14.49 14.68 13.30 12.71 14.04 12.62 13.00 13.47 13.91 13.63 13.93 12.23 11.93 12.75 13.52 12.82 13.37 15.01 16.06 15.18 14.16 13.83 13.73 13.51 14.31 15.09 14.45 14.97 15.10 15.70 15.75 15.41 16.46 16.20 16.77 16.74 16.01 15.10 14.16 13.68 16.04 16.71 17.04 18.12 17.67 18.84 18.25 17.28 17.19 17.93 18.54 18.96 19.13
13.43 12.14 11.05 12.99 14.28 13.55 15.46 15.87 17.23 18.08 16.53 15.70 15.57 15.54 14.71 15.10 15.80 15.83 14.49 14.20 14.93 13.56 13.47 13.02 13.05 12.55 13.13 12.05 12.74 11.45 11.56 12.36 12.72 13.11 13.34 12.34 13.23 12.22 12.63 13.58 13.57 15.00 15.43 15.14 14.25 14.04 14.49 14.85 14.65 15.19 15.39 15.58 16.08 15.40 15.41 15.69 16.40 16.16 16.39 16.69 16.57 15.33 15.08 15.39 16.55 17.04 17.36 18.38 18.46 19.08 17.58 17.19 18.52 19.00 19.37 18.93 19.04
12.11 12.16 12.23 14.27 14.13 13.29 14.15 14.09 14.05 14.96 15.47 16.99 15.57 15.87 16.29 16.21 16.66 15.62 14.73 15.23 14.58 14.45 13.86 13.52 12.38 12.49 12.15 12.66 12.62 13.30 13.50 12.77 14.22 14.21 15.30 15.46 14.67 14.37 14.07 14.19 15.22 15.09 14.81 13.89 14.39 15.16 14.67 15.35 15.55 15.00 15.31 16.12 15.91 15.26 15.38 16.11 16.35 16.33 16.53 16.12 17.33 15.85 16.24 17.41 17.85 18.33 17.64 18.53 18.58 18.48 17.89 18.05 18.56 19.26 18.54 19.63 19.10
11.77 13.57 14.32 14.67 13.32 13.65 14.36 13.86 13.24 15.19 16.98 17.67 17.22 16.63 17.69 17.41 15.25 15.81 16.01 15.89 16.11 16.02 14.49 13.30 12.18 12.10 12.06 11.88 12.82 13.16 13.93 14.66 14.32 14.26 13.33 13.69 14.02 15.20 14.53 13.54 14.30 15.61 15.51 15.36 14.96 14.97 14.82 14.18 15.39 15.13 15.43 16.04 14.91 14.89 15.32 16.17 16.90 17.47 17.29 18.00 17.91 16.53 16.32 18.00 18.82 18.12 17.67 18.04 17.59 17.82 19.94 19.46 19.42 19.38 18.44 18.76 17.58
10.90 13.34 13.74 13.68 12.79 12.17 13.35 12.94 13.01 15.51 16.84 17.38 17.19 17.00 16.46 16.91 17.72 16.43 15.16 15.03 15.31 15.65 14.34 12.69 12.09 12.55 13.54 12.80 13.05 12.76 13.59 14.95 14.32 14.04 13.20 12.20 12.31 14.34 12.93 13.08 14.04 13.86 14.83 15.76 13.99 13.55 13.51 14.10 15.06 15.51 15.88 16.24 16.47 15.85 15.92 16.20 16.86 17.78 17.35 17.87 17.09 16.48 16.26 17.31 18.29 17.65 17.65 18.11 18.61 18.53 19.00 20.38 18.07 18.21 19.08 18.21 16.63
11.74 13.18 13.44 12.05 12.04 12.88 13.63 14.13 14.79 14.94 16.57 18.09 18.15 17.76 16.14 15.62 16.00 15.82 15.20 15.01 14.65 14.25 13.04 13.20 12.97 14.11 14.51 13.47 13.17 12.98 13.02 14.60 14.43 13.74 13.52 12.86 13.38 14.09 14.19 14.15 13.81 13.82 14.33 15.50 13.81 12.94 12.71 13.32 14.80 16.46 16.07 16.27 18.33 17.45 16.62 16.49 16.47 17.33 17.62 16.96 16.55 16.72 16.14 16.99 18.25 16.99 16.39 17.84 19.17 19.42 19.48 19.57 19.55 17.21 18.62 18.74 17.04
11.84 14.14 13.31 12.66 12.48 13.32 14.02 14.35 14.51 14.57 16.35 16.18 17.01 16.74 17.00 17.37 16.07 17.03 15.56 14.76 13.53 13.22 13.14 14.27 14.48 14.96 13.44 12.79 11.63 12.45 11.73 12.44 13.11 12.72 14.47 13.50 13.88 14.39 14.26 13.44 13.64 14.72 15.52 15.23 14.02 13.97 13.56 13.94 14.65 16.22 16.64 16.25 17.20 17.84 17.87 17.95 17.16 17.41 18.19 17.94 17.26 16.77 16.36 17.80 17.88 17.51 17.20 18.09 18.40 18.10 17.80 17.54 17.93 16.59 17.21 18.63 17.63
11.91 11.83 12.21 11.70 12.57 12.88 13.89 14.25 13.78 13.74 14.52 15.10 15.55 15.14 16.46 18.24 17.18 15.70 15.90 14.36 14.12 14.39 13.91 13.81 15.49 15.53 13.90 12.51 12.68 12.67 12.16 12.30 14.10 13.05 13.60 14.65 15.86 14.98 15.14 14.14 15.01 13.71 14.78 15.53 14.27 13.94 13.64 13.46 14.51 15.52 16.03 16.32 16.34 17.63 17.72 17.71 17.64 17.13 17.97 18.31 18.14 16.96 16.76 18.43 18.97 17.42 16.30 17.28 18.19 17.56 16.10 15.90 16.16 17.10 18.18 18.44 16.81
11.81 11.50 12.18 12.22 12.51 13.02 13.83 13.99 14.35 13.48 14.92 15.34 16.52 15.37 16.35 17.45 16.92 15.80 16.47 16.29 15.37 14.91 14.31 14.07 15.07 15.34 15.27 13.97 14.14 13.78 13.72 14.33 14.85 14.06 14.56 13.78 15.37 16.02 15.51 14.84 13.52 13.20 13.83 13.64 13.93 14.10 13.95 15.61 15.97 16.25 15.72 16.08 15.76 15.68 16.82 17.14 18.54 17.88 17.86 18.57 18.02 17.56 17.16 18.15 19.27 18.21 16.38 18.16 18.35 18.43 16.96 16.62 16.63 17.69 17.78 17.48 16.60
11.62 11.97 12.92 13.21 13.04 14.30 15.00 14.17 13.78 14.43 14.75 15.26 16.26 15.75 15.97 15.89 17.36 16.22 15.65 15.80 16.34 16.05 15.02 15.21 15.65 15.20 15.36 14.19 14.20 14.04 14.68 15.00 14.91 15.39 15.68 14.70 16.09 16.74 15.16 15.16 13.48 13.68 12.66 13.16 13.73 13.66 13.02 14.83 16.56 15.48 15.18 16.36 16.02 15.39 15.72 17.17 18.30 18.28 18.61 18.67 18.12 17.29 17.65 18.30 18.80 17.13 16.74 17.33 17.71 17.39 15.65 15.64 16.30 16.30 16.84 15.60 16.29
