main/data/irradiance/25.04.2023.grid
ncols 839
nrows 679
xllcenter 112.0500
yllcenter -43.9500
cellsize 0.0500
nodata_value 99999.90
[rows 272 to 305 of 679, columns 308 to 384 of 839]
18.76 19.01 19.01 18.87 19.00 19.07 18.38 19.06 19.02 18.80 18.78 18.77 18.63 18.90 18.90 18.88 19.01 18.97 18.95 19.18 19.21 19.14 19.08 18.93 18.86 18.66 18.95 19.11 19.04 19.00 19.12 19.07 18.94 18.91 18.98 19.04 19.05 19.01 19.01 19.02 19.10 19.19 19.08 19.02 19.14 19.09 19.09 19.01 19.01 18.85 18.85 19.04 19.03 19.07 19.10 19.20 19.15 19.09 19.02 19.02 19.25 19.37 19.41 19.45 19.41 19.45 19.25 19.17 19.04 19.14 19.27 19.11 19.02 19.15 19.15 19.26 19.33
18.40 18.83 18.74 18.57 18.71 18.95 18.91 19.14 19.18 19.09 18.95 18.71 18.57 18.88 19.04 19.14 19.08 19.08 19.04 19.07 19.07 19.12 19.14 18.95 18.90 18.71 18.89 18.93 18.90 18.80 18.92 19.00 19.11 19.05 19.00 18.92 18.99 19.10 18.95 19.00 18.96 18.87 18.89 18.99 19.10 19.05 19.08 18.97 19.02 18.99 18.97 19.01 19.00 19.01 19.01 19.12 19.19 19.20 19.09 19.14 19.03 19.07 19.21 19.26 19.26 19.26 19.28 19.20 19.10 19.11 19.28 19.31 19.23 19.13 19.20 19.14 19.23
18.54 18.79 18.54 18.46 18.53 19.02 19.15 19.13 19.08 19.10 19.09 18.93 18.68 18.70 18.83 19.19 18.85 19.00 19.26 19.15 19.02 18.94 19.02 18.96 19.00 18.75 18.69 18.56 18.82 18.93 18.92 19.08 19.00 19.07 18.98 18.86 18.85 18.87 19.00 19.04 19.01 19.02 18.99 18.95 18.91 19.04 19.04 19.07 19.10 19.01 18.94 19.07 19.20 19.07 19.00 19.14 19.23 19.23 19.13 19.20 19.20 19.05 18.96 19.14 19.22 19.32 19.26 19.19 19.08 19.07 19.17 19.21 19.28 19.19 19.10 19.10 18.89
18.16 18.36 18.38 18.48 18.65 18.80 18.98 19.07 19.10 19.09 19.00 18.97 18.99 18.93 18.91 18.90 18.89 19.03 19.13 19.21 18.99 18.85 18.69 18.84 18.95 18.68 18.41 18.51 18.68 18.74 18.90 18.98 18.96 18.98 18.93 18.84 18.78 18.90 18.96 18.92 18.93 19.03 18.96 18.94 18.92 19.02 19.04 18.98 19.02 19.02 18.95 19.01 19.04 19.11 19.07 19.05 19.00 19.06 19.11 19.08 19.07 19.08 19.07 19.17 19.21 19.11 19.16 19.19 19.14 19.01 19.01 18.96 19.18 19.20 19.14 19.05 19.00
18.26 18.05 18.25 18.30 18.54 18.69 18.73 18.85 18.99 18.88 18.87 18.93 18.98 19.12 19.09 18.87 19.04 19.05 19.05 19.06 19.16 18.92 18.47 18.61 18.84 18.68 18.51 18.44 18.58 18.68 18.68 18.79 18.76 18.84 18.75 18.81 18.68 18.82 18.90 18.92 18.88 18.80 18.88 18.93 18.99 18.98 18.96 18.86 18.88 19.03 18.90 18.85 19.00 18.96 18.95 19.01 19.07 19.01 19.02 19.03 18.98 19.02 19.10 19.14 19.18 19.05 19.17 19.23 19.17 19.02 19.08 19.03 19.08 19.02 19.18 19.18 19.10
18.32 18.20 18.13 18.56 18.39 18.58 18.78 18.68 18.76 18.90 18.96 18.84 18.93 19.08 19.10 19.08 18.88 18.87 18.98 19.09 19.08 18.82 18.40 18.71 18.85 18.91 18.61 18.46 18.32 18.59 18.54 18.43 18.72 18.81 18.78 18.72 18.56 18.72 18.98 18.83 18.78 18.82 18.84 18.77 18.90 19.08 18.95 18.80 18.78 18.71 18.84 18.85 18.79 18.79 18.90 18.93 19.07 19.16 18.99 18.99 19.07 19.13 19.18 19.16 19.12 18.98 19.08 19.15 19.13 19.10 19.11 19.11 19.04 19.00 19.12 19.09 18.99
17.99 17.98 17.78 18.11 18.30 18.41 18.42 17.97 18.67 18.56 18.76 18.95 19.07 19.09 19.15 19.04 19.00 18.85 18.95 19.10 18.95 18.74 18.57 18.77 19.01 19.04 18.58 18.70 18.48 18.57 18.55 18.54 18.58 19.05 19.01 18.93 18.71 18.57 18.73 18.92 18.79 18.83 18.74 18.74 18.85 18.90 18.70 18.84 18.76 18.73 18.80 18.71 18.71 18.78 18.69 18.83 18.97 19.04 18.93 19.02 19.11 19.08 19.09 19.09 19.02 19.05 19.10 19.13 19.09 19.10 19.10 19.07 18.96 18.97 19.03 19.14 19.17
18.31 18.27 18.04 18.02 18.37 18.40 18.57 18.31 18.31 18.49 18.57 18.92 18.96 18.97 19.08 18.98 18.96 18.95 18.94 18.98 19.00 18.83 18.78 18.69 18.94 18.85 18.57 18.76 18.36 18.32 18.53 18.61 18.67 18.56 18.82 18.94 18.74 18.52 18.58 18.85 18.87 18.84 18.94 18.91 18.92 18.72 18.54 18.59 18.64 18.59 18.73 18.70 18.63 18.59 18.65 18.85 18.89 18.75 18.79 18.88 19.07 19.10 19.01 18.97 19.05 19.17 19.16 19.12 19.11 19.15 19.07 18.88 18.82 18.97 19.00 19.08 19.12
18.46 18.41 18.50 18.57 18.55 18.38 18.21 18.31 18.36 17.80 18.11 18.77 18.96 19.07 18.98 19.01 19.03 19.02 18.95 18.62 18.42 18.65 18.82 18.81 18.81 19.06 19.02 19.02 18.76 18.58 18.68 18.84 18.77 18.70 18.63 18.58 18.87 18.68 18.64 19.02 19.06 19.04 19.06 19.01 18.95 18.71 18.57 18.46 18.66 18.55 18.59 18.52 18.61 18.59 18.59 18.68 18.81 18.79 18.81 18.84 18.92 19.12 19.05 18.99 19.06 19.10 19.10 19.03 18.94 19.04 19.01 18.94 18.89 18.97 19.01 19.02 18.99
18.45 18.41 18.03 18.65 18.75 18.56 18.28 18.52 18.06 18.24 17.86 18.48 18.81 19.01 18.94 18.92 18.74 18.80 18.80 18.76 18.53 18.55 18.58 18.57 18.81 19.02 19.13 19.16 18.88 18.47 18.41 18.53 18.84 18.76 18.91 18.85 18.83 18.82 18.75 19.14 19.15 19.00 18.97 18.97 19.04 18.61 18.77 18.70 18.54 18.62 18.58 18.28 18.32 18.51 18.68 18.78 18.72 18.71 18.83 18.78 18.89 18.97 19.06 19.03 19.08 19.04 19.00 18.93 18.78 18.87 18.94 18.99 18.91 18.84 18.89 18.96 19.08
18.07 18.45 18.24 18.30 18.88 18.61 18.84 18.84 18.29 18.11 18.16 18.42 18.96 19.05 18.96 19.00 18.49 18.69 18.62 18.67 18.53 18.65 18.46 18.48 18.35 18.68 19.12 19.07 19.07 18.81 18.43 18.38 18.65 18.84 18.91 18.98 18.90 18.84 18.70 18.90 19.10 18.96 18.98 18.97 18.98 18.52 18.65 18.66 18.54 18.54 18.47 18.33 18.35 18.48 18.55 18.64 18.76 18.76 18.83 18.91 18.87 18.98 18.99 18.90 18.96 19.04 19.12 19.12 18.99 18.84 18.99 18.97 18.97 19.04 19.00 18.96 18.98
18.00 18.26 18.30 18.33 18.27 18.54 18.89 18.74 17.91 18.16 18.48 18.39 18.42 18.55 18.87 18.72 18.47 18.44 18.69 18.66 18.70 18.32 18.43 18.21 18.16 18.49 18.17 18.59 18.29 18.69 18.53 18.56 18.68 18.91 18.94 19.04 18.90 18.73 18.76 18.81 18.90 18.77 19.00 19.06 19.05 18.64 18.86 18.93 18.94 18.84 18.56 18.45 18.58 18.50 18.36 18.58 18.66 18.83 18.81 18.78 18.90 18.94 18.96 19.05 19.01 19.03 19.09 19.07 19.05 19.03 19.03 18.94 18.95 18.97 18.88 18.99 18.93
17.84 18.26 18.23 17.83 18.07 18.07 18.22 18.56 18.10 17.85 18.09 18.32 18.60 18.52 18.48 18.66 18.65 18.04 18.06 18.64 18.34 18.36 18.45 18.24 18.08 18.00 18.13 17.77 18.00 18.51 18.79 18.78 18.88 18.88 18.83 18.87 18.80 18.75 18.75 18.77 18.72 18.85 18.70 18.89 18.67 18.58 18.72 18.75 19.02 18.94 18.74 18.76 18.90 18.53 18.38 18.53 18.70 18.85 18.71 18.63 18.69 18.78 18.76 18.93 18.90 18.95 18.95 18.96 18.97 19.04 19.00 19.02 19.02 18.69 18.85 18.84 18.94
17.50 17.96 18.28 17.80 17.96 18.22 17.94 18.18 17.94 17.67 18.24 18.60 18.25 18.32 18.42 18.43 18.46 18.13 18.26 18.24 18.12 18.06 18.37 18.15 18.14 17.86 18.02 17.90 18.10 18.68 18.86 18.88 18.92 18.87 18.71 18.87 18.64 18.73 18.60 18.55 18.57 18.66 18.73 18.45 18.42 18.42 18.69 18.72 18.67 18.98 19.09 18.89 18.70 18.61 18.65 18.69 18.76 18.79 18.71 18.67 18.80 18.78 18.85 18.88 18.59 18.91 18.75 18.68 18.93 19.05 18.87 19.07 19.02 18.81 18.90 18.95 18.97
17.12 18.11 18.25 18.26 18.52 18.23 17.88 17.92 17.94 17.74 17.81 18.25 18.53 18.23 18.52 18.51 18.28 18.15 18.24 18.08 18.15 18.11 18.33 18.25 18.22 18.14 18.28 18.23 18.23 18.59 18.56 18.67 18.78 18.78 18.72 18.52 18.55 18.71 18.49 18.43 18.56 18.55 18.51 17.85 17.92 18.06 18.73 18.69 18.69 18.76 18.80 19.03 18.76 18.57 18.54 18.84 18.84 18.74 18.62 18.64 18.72 18.71 18.65 18.70 18.52 18.56 18.76 18.73 18.85 18.96 18.76 18.90 18.73 18.65 18.85 18.89 18.98
17.77 17.53 17.18 18.33 18.79 18.53 17.57 17.47 17.24 17.24 17.29 17.68 18.14 17.41 18.03 17.95 18.10 18.00 18.08 17.64 18.01 18.23 18.22 18.17 18.14 17.92 17.95 17.90 18.00 18.22 18.41 18.69 18.72 18.68 18.86 18.53 18.30 18.40 18.19 18.30 18.55 18.34 17.94 17.89 17.90 17.98 18.68 18.44 18.16 18.75 18.70 18.58 18.64 18.59 18.31 18.73 18.73 18.70 18.55 18.65 18.74 18.80 18.83 18.73 18.82 18.27 18.40 18.57 18.40 18.67 18.77 18.56 18.59 18.52 18.64 18.84 18.96
16.66 17.37 17.97 18.60 18.79 18.20 17.67 17.85 16.94 16.80 16.47 16.44 17.18 17.31 17.68 17.62 17.52 17.99 18.08 17.82 18.03 18.16 18.34 18.30 18.20 18.05 17.49 17.58 18.03 18.16 18.44 18.68 18.83 18.62 18.62 18.62 18.52 18.66 18.25 18.15 18.47 18.57 17.99 18.12 17.76 18.01 18.83 18.85 18.49 18.47 18.74 18.51 18.35 18.29 18.31 18.62 18.08 18.74 18.67 18.82 18.87 18.86 18.79 18.71 18.63 18.38 18.48 18.26 18.15 18.16 18.63 18.24 18.43 18.79 18.78 18.73 19.00
16.79 17.60 18.16 18.12 17.96 18.19 18.16 17.84 17.15 16.92 16.52 16.30 16.76 16.99 17.64 17.68 17.66 18.36 18.38 18.04 18.40 18.42 18.39 18.24 18.13 18.04 17.89 17.22 17.79 18.00 18.41 18.42 18.75 18.66 18.45 17.90 18.28 18.35 18.51 17.86 17.79 18.56 18.65 18.91 18.51 18.08 18.30 18.67 18.74 18.43 18.76 18.57 18.38 18.48 18.48 18.57 18.63 18.71 18.80 18.83 18.88 18.76 18.26 18.40 18.63 18.59 18.75 18.46 18.54 18.31 18.75 18.39 18.18 18.29 18.71 18.75 18.83
16.82 16.83 16.56 16.70 17.39 17.90 18.06 18.01 17.66 17.30 16.74 16.27 16.29 17.40 17.56 17.74 17.87 18.08 18.11 17.81 18.45 18.34 18.75 18.68 18.41 18.01 17.48 17.16 17.32 18.01 18.45 18.44 18.39 18.42 18.49 18.43 17.91 18.03 18.38 17.82 18.10 18.61 18.46 18.76 18.86 18.37 18.48 18.59 18.42 18.22 18.68 18.24 18.35 18.40 18.30 18.49 18.65 18.72 18.75 18.51 18.91 18.73 17.98 18.39 18.26 18.27 18.63 18.19 18.24 18.47 18.71 18.93 18.39 18.23 18.41 18.80 18.69
17.64 16.33 15.61 16.05 16.80 17.40 18.06 18.71 18.39 17.79 17.42 16.70 17.31 17.68 17.71 17.61 17.57 17.61 17.53 17.68 18.15 18.59 18.56 18.58 18.20 17.52 17.36 17.16 17.60 17.92 18.39 17.95 17.99 18.42 18.63 18.54 18.40 18.34 18.27 17.99 17.87 18.62 18.46 18.28 18.57 18.11 18.52 18.52 18.20 18.24 18.50 18.25 18.24 18.40 18.46 18.46 18.62 18.77 18.69 18.46 18.53 18.75 18.28 18.22 18.17 18.16 18.51 17.98 18.26 18.52 18.64 18.93 18.56 18.37 18.44 18.70 18.75
16.53 16.83 16.18 16.61 17.65 18.28 18.64 18.53 17.91 17.92 17.44 16.58 17.20 17.35 16.82 17.60 17.54 17.46 17.37 17.47 17.75 17.97 18.20 18.01 18.20 17.42 17.67 17.19 17.52 17.88 18.21 18.36 17.67 18.04 18.00 18.24 18.20 18.16 17.99 17.50 17.87 18.35 18.30 18.15 18.03 18.19 18.58 18.42 18.12 18.16 18.47 18.53 18.48 18.22 18.52 18.28 18.21 18.35 18.68 18.74 18.35 18.28 18.41 18.25 18.03 18.10 19.02 18.76 18.83 18.88 18.67 18.79 18.67 18.36 18.51 18.67 18.76
16.67 17.32 17.25 16.88 17.55 18.55 18.33 18.10 17.29 17.52 16.76 16.93 17.19 17.10 17.24 17.47 17.25 17.45 17.32 17.47 17.58 17.87 17.83 17.90 18.53 17.67 17.55 17.35 17.43 17.66 17.81 17.97 17.77 17.62 17.72 17.58 17.83 18.26 18.31 18.00 18.03 18.37 18.03 17.94 17.91 18.27 18.34 18.27 18.01 18.22 18.40 18.48 18.52 18.44 18.60 18.49 18.45 18.40 18.35 17.87 18.50 18.23 18.59 18.89 18.28 17.55 18.45 19.21 19.14 18.73 18.53 18.66 18.79 18.72 18.80 18.37 18.69
16.13 15.72 16.19 16.88 17.18 17.44 17.92 17.53 17.41 17.57 17.24 15.45 15.52 16.09 17.43 17.31 16.17 15.76 16.74 16.85 17.17 17.91 18.20 17.94 17.92 18.11 17.73 17.14 16.92 17.42 17.63 18.16 17.87 17.94 17.61 17.69 17.69 18.02 18.29 18.13 17.91 18.22 18.16 18.17 17.40 17.91 18.16 17.84 17.78 17.77 18.38 18.35 18.45 18.49 18.34 18.42 18.30 18.21 18.17 17.28 17.40 18.19 18.34 18.76 18.77 18.10 18.06 18.68 18.96 18.67 18.51 18.51 18.69 18.75 18.74 18.71 18.68
14.63 15.03 16.07 16.69 16.14 16.85 17.34 16.88 17.69 17.61 17.43 17.39 17.72 17.26 17.33 16.54 16.08 15.50 15.87 17.28 17.53 17.77 17.68 17.55 17.20 17.32 17.44 17.09 16.95 17.32 17.60 18.23 18.06 17.90 17.59 17.25 17.56 17.74 17.67 18.07 17.64 18.11 18.44 18.14 17.77 17.91 18.20 17.47 17.18 17.63 17.84 18.06 18.31 18.30 18.15 18.22 17.99 18.25 18.12 17.66 17.72 17.96 18.26 18.57 18.68 18.08 18.13 18.15 17.45 18.80 18.73 17.77 18.22 18.71 18.58 18.80 18.53
15.22 15.10 15.30 16.23 16.52 16.18 16.29 17.09 17.50 17.22 17.41 16.98 16.95 16.84 17.42 17.37 16.82 17.36 17.21 17.06 15.65 16.59 17.55 17.74 17.73 17.63 17.40 17.62 17.07 17.53 17.85 17.67 17.63 17.29 17.27 17.17 17.20 17.34 17.34 17.26 17.69 18.25 18.54 18.44 18.23 18.17 17.59 16.86 16.64 17.04 17.62 17.96 18.33 18.53 17.91 17.50 17.80 17.67 17.45 17.65 17.87 18.32 18.29 18.70 18.44 18.41 18.37 18.48 18.66 18.36 18.67 18.66 18.42 18.55 18.81 18.53 18.44
16.42 16.27 16.21 16.78 16.78 16.62 16.67 16.98 16.56 16.64 16.63 16.62 16.63 17.44 17.62 17.78 17.40 17.63 17.73 16.10 15.35 16.91 17.44 17.94 18.19 17.43 17.37 17.28 17.41 17.80 17.62 17.90 17.56 17.66 17.71 17.59 17.01 17.29 17.04 17.23 17.39 18.00 18.08 18.42 17.85 18.40 17.62 16.70 16.40 16.50 17.36 17.45 17.66 17.77 17.98 17.96 17.99 18.37 18.40 17.93 17.81 17.71 17.86 18.22 18.14 17.98 18.24 18.34 18.62 18.28 18.25 17.70 18.14 18.23 18.94 19.05 18.63
16.31 16.44 15.23 15.84 15.39 15.53 14.93 15.37 16.35 17.33 18.02 17.81 17.28 17.03 17.34 17.36 16.06 16.26 16.99 16.82 17.18 16.61 16.69 17.51 17.35 16.93 17.10 16.54 17.67 17.28 17.19 17.44 17.35 17.57 17.65 17.65 17.83 17.47 17.08 16.86 17.52 18.09 18.27 17.82 18.14 18.26 17.37 17.10 16.92 16.43 16.89 17.07 17.25 17.50 17.59 17.87 17.85 17.95 17.98 17.67 17.63 17.33 17.34 17.59 18.35 18.04 18.14 18.40 18.15 17.82 17.86 18.01 17.72 18.02 18.28 18.32 18.28
16.10 15.93 15.17 15.41 16.13 17.15 17.08 15.73 15.94 15.98 16.60 17.14 17.18 16.80 17.07 16.28 16.54 16.48 16.68 16.88 17.34 16.60 15.94 15.48 16.25 17.31 17.34 17.35 17.66 17.76 17.80 17.31 17.48 17.57 17.11 17.26 17.51 17.16 17.09 16.89 17.46 17.88 18.14 17.75 17.58 17.67 16.79 16.69 17.03 17.00 16.91 17.76 17.25 17.46 17.84 17.78 17.87 17.92 17.69 17.45 18.18 18.11 18.12 18.43 18.28 18.00 17.88 18.05 17.90 17.87 17.94 18.09 18.13 18.21 18.04 18.23 18.24
16.06 15.56 16.42 17.23 15.84 16.64 17.40 15.89 15.41 15.59 16.25 17.64 18.02 17.39 17.09 16.33 16.52 16.74 17.35 17.37 17.22 16.10 15.84 16.03 17.18 18.02 17.95 17.72 17.69 17.72 17.30 17.23 17.23 16.73 16.41 16.95 17.13 17.36 17.72 17.41 17.36 17.17 17.53 17.56 17.42 17.34 16.66 16.14 16.97 17.23 17.08 17.60 17.35 16.42 17.39 17.76 17.75 17.42 16.98 16.74 17.47 17.82 18.05 18.40 18.13 18.50 17.38 17.49 17.47 18.18 18.28 18.27 18.28 18.29 18.38 18.29 18.21
16.17 16.61 17.52 17.31 15.91 15.09 15.86 15.85 16.08 15.58 15.91 17.14 17.16 16.57 15.92 16.10 16.14 16.11 16.65 16.52 16.42 15.75 15.76 16.16 17.23 17.12 17.93 18.14 17.77 17.03 17.31 17.19 16.63 16.12 16.74 17.76 16.96 17.35 16.89 17.09 17.24 17.03 17.40 17.40 16.78 16.22 16.53 16.90 16.59 17.24 17.20 17.16 16.61 16.38 17.35 17.52 17.27 16.68 16.29 16.72 16.79 17.33 17.70 18.10 18.04 18.31 17.03 17.11 17.30 17.69 17.60 18.07 18.17 18.04 18.09 18.21 18.24
16.64 16.09 16.47 16.66 16.02 15.65 16.04 16.58 16.68 16.40 16.98 17.46 17.51 16.89 16.65 16.34 16.04 16.29 16.14 16.33 16.47 16.23 16.10 16.40 16.45 15.71 16.40 17.35 17.32 17.18 17.56 16.72 16.11 16.60 16.47 16.87 16.73 17.14 16.35 16.77 16.99 17.19 17.49 17.48 17.26 16.80 17.17 16.97 17.10 16.60 17.37 16.70 16.85 16.35 16.61 16.72 17.24 17.19 16.24 16.24 17.34 17.36 17.06 17.37 17.67 18.00 17.48 17.13 17.74 17.81 17.51 17.80 18.06 18.16 18.32 18.32 18.21
17.87 16.93 16.00 15.68 15.73 16.32 16.70 16.60 16.88 17.05 17.48 16.87 16.36 16.85 17.14 16.98 17.29 17.20 17.03 17.36 17.16 16.33 15.37 16.82 16.64 15.60 15.77 16.48 16.25 16.34 16.44 16.30 16.69 17.19 16.86 16.49 16.76 17.16 16.29 16.77 17.21 17.75 17.44 17.37 17.38 17.38 17.37 16.85 16.92 16.92 17.47 16.61 16.06 16.49 16.50 16.91 17.09 17.03 16.35 16.47 16.87 17.07 16.58 16.95 17.58 17.46 17.45 18.00 17.80 17.69 17.22 17.46 17.54 18.04 18.14 18.42 18.15
17.21 16.48 16.55 17.05 16.72 16.44 16.36 16.65 16.21 16.20 16.09 16.59 16.38 16.21 17.22 17.43 17.50 18.04 17.66 17.68 17.26 16.82 16.08 16.15 16.18 16.04 16.06 16.21 15.80 15.87 16.43 16.26 16.97 17.11 16.51 16.28 17.27 17.13 17.19 17.46 16.99 17.34 17.51 17.18 17.05 17.42 17.57 17.08 17.24 17.40 17.05 15.87 15.76 16.87 17.39 17.06 16.71 16.96 16.68 16.60 16.75 17.11 17.29 17.01 17.40 17.32 17.27 17.17 17.73 18.13 17.97 17.72 18.11 18.00 17.98 18.13 18.33
16.50 16.28 17.32 17.68 17.10 16.16 16.07 16.62 16.10 15.22 15.92 16.39 16.47 16.78 17.45 17.35 17.87 17.85 17.34 17.19 16.81 16.55 16.94 16.41 17.42 17.19 16.33 15.59 15.62 16.05 15.98 16.31 16.78 16.85 16.71 16.72 17.46 17.45 16.79 16.39 15.64 16.25 16.73 17.02 17.13 17.41 17.40 16.27 16.44 17.22 16.94 16.28 16.67 16.72 16.78 16.43 16.82 17.11 16.90 16.85 16.98 16.85 17.35 17.03 16.92 17.24 17.04 16.69 17.36 18.06 17.90 17.30 17.66 17.76 17.95 17.99 18.01
