main/data/irradiance/25.02.2023.grid
ncols 839
nrows 679
xllcenter 112.0500
yllcenter -43.9500
cellsize 0.0500
nodata_value 99999.90
[rows 272 to 305 of 679, columns 154 to 230 of 839]
24.44 24.68 24.81 25.39 26.55 25.86 25.57 26.10 25.73 26.24 26.58 26.09 26.26 26.74 26.52 26.60 26.34 26.64 26.85 26.78 26.52 26.77 26.35 25.92 25.88 25.68 26.17 24.93 25.46 25.86 25.37 25.84 25.70 25.60 25.56 24.70 24.02 23.97 24.52 25.08 24.93 24.64 25.16 25.64 26.02 25.91 25.56 26.57 26.40 26.81 26.56 26.45 26.58 25.99 26.11 26.94 26.50 26.59 27.21 27.29 26.51 26.40 26.95 27.06 26.89 26.93 27.10 27.04 27.24 26.95 26.50 26.33 26.08 26.34 26.28 26.28 24.41
25.12 25.23 25.37 26.34 25.83 25.83 26.47 25.84 25.80 26.34 26.52 26.33 26.89 26.76 26.93 26.68 26.24 26.41 25.92 26.42 25.92 26.11 25.64 25.66 25.85 25.62 25.98 25.53 25.59 25.45 25.60 26.15 24.72 25.80 25.48 25.49 24.82 24.88 25.22 25.37 24.85 25.25 24.59 24.43 25.69 25.59 25.57 25.59 26.51 26.63 26.64 26.14 25.79 25.75 26.23 25.80 26.40 26.14 26.14 26.63 26.44 26.24 26.80 27.00 26.83 26.96 27.11 27.19 27.16 26.94 26.58 26.46 26.08 26.39 25.95 25.52 25.67
25.47 25.78 25.74 26.49 25.74 26.30 25.82 26.01 26.29 26.04 25.59 26.15 26.31 26.26 26.49 26.33 26.06 26.59 26.56 26.09 25.63 25.46 26.14 26.21 25.68 26.32 25.95 25.87 26.05 25.26 26.15 25.38 24.89 24.19 25.55 25.09 25.33 24.92 25.05 25.17 24.54 24.62 25.10 25.45 25.24 25.28 25.34 25.63 25.91 26.51 26.66 26.76 26.67 26.43 26.85 26.48 26.42 26.32 26.58 26.44 26.32 26.22 26.25 26.66 26.51 26.78 27.17 27.05 27.01 26.77 26.64 26.25 26.54 26.82 26.64 26.15 26.49
25.97 25.99 26.58 26.41 25.76 25.76 25.95 26.00 25.96 26.09 26.24 25.98 25.89 26.25 25.76 26.17 26.13 26.69 26.62 26.33 25.60 25.32 25.75 25.17 25.81 25.40 25.29 25.62 25.26 25.00 24.48 25.68 25.99 24.06 25.13 25.19 25.02 25.48 25.38 25.31 24.85 24.84 24.26 25.05 24.30 24.08 23.79 24.74 25.46 25.37 24.99 26.20 25.41 26.42 25.59 26.37 26.64 26.43 26.64 26.69 26.64 26.74 26.80 26.40 26.19 26.38 27.06 27.07 26.78 26.68 26.37 26.70 26.11 26.50 26.59 26.55 25.82
26.47 26.19 26.45 25.34 26.69 26.09 25.93 26.62 26.43 26.47 25.85 25.78 26.09 26.00 25.30 25.45 25.71 26.16 26.12 26.28 26.12 25.34 26.02 25.81 25.40 24.93 25.73 25.88 25.72 25.55 25.76 25.82 25.56 25.49 25.13 24.97 24.78 24.24 25.16 24.67 25.49 25.31 25.17 24.84 25.20 24.21 25.24 25.04 24.96 24.43 25.01 25.58 25.73 26.36 25.71 26.25 26.04 26.24 26.14 26.18 25.92 25.97 26.60 26.68 26.57 26.00 26.57 25.99 26.28 26.30 26.34 26.38 26.64 26.25 26.16 26.40 26.30
26.48 26.32 26.16 26.39 26.16 25.80 26.05 26.21 26.76 26.18 26.39 26.10 24.69 25.92 26.31 26.02 25.09 25.37 25.49 26.38 25.11 25.47 25.92 25.99 25.92 25.24 25.11 25.62 25.46 25.57 24.85 25.48 25.84 25.21 24.59 25.70 25.99 24.65 25.42 25.55 25.01 24.78 25.13 25.30 26.01 25.27 25.98 26.17 25.78 26.38 25.35 24.99 26.03 26.66 25.87 25.31 25.80 26.07 25.61 25.79 25.76 25.24 25.76 25.83 25.92 26.40 26.33 26.06 26.51 26.08 26.31 25.75 26.33 26.09 26.61 25.72 26.05
26.29 25.63 25.83 26.15 25.98 25.96 25.51 26.35 26.66 26.23 25.69 25.19 25.28 25.42 25.06 25.93 25.33 24.46 24.85 25.69 25.53 25.32 23.85 25.73 25.55 24.96 24.71 24.78 26.37 24.84 24.90 24.26 24.32 24.83 24.82 25.17 24.69 24.59 25.48 25.02 25.90 26.54 25.87 26.34 25.85 25.78 26.21 25.87 26.17 26.82 26.32 26.47 26.16 25.86 26.31 25.24 26.13 26.31 26.14 25.94 26.38 26.11 25.97 26.09 26.29 26.31 26.40 26.42 25.64 25.91 25.27 25.25 24.91 25.61 25.76 25.74 25.74
25.66 25.85 26.11 25.85 26.18 26.02 26.37 25.95 26.36 26.40 25.98 25.72 25.71 24.98 25.05 25.70 24.18 23.98 24.73 24.78 24.82 25.06 23.56 24.32 24.81 25.16 23.66 23.90 24.99 25.05 24.82 23.83 24.99 25.75 25.31 24.35 24.44 24.82 24.30 24.70 25.14 24.65 25.38 26.52 26.45 24.96 25.40 25.78 26.18 26.14 26.16 26.11 25.98 25.75 25.56 25.62 26.23 26.17 26.04 26.35 26.05 25.88 25.86 25.96 26.32 25.14 25.75 25.75 25.23 25.40 25.41 25.44 25.33 25.46 25.32 25.53 25.15
25.26 25.54 25.07 25.34 25.75 26.07 25.78 25.86 26.24 26.01 26.17 24.98 26.19 26.01 25.95 25.53 25.77 25.15 25.43 25.38 25.86 25.44 24.26 24.88 24.77 25.25 24.40 25.00 25.21 24.60 24.82 25.07 24.58 24.70 25.73 25.17 24.89 24.49 24.63 24.38 24.98 23.65 24.96 24.41 25.41 25.57 25.69 24.54 24.27 25.11 24.92 25.55 24.95 26.10 25.29 26.10 25.90 26.20 26.16 26.13 26.34 25.92 25.73 25.77 25.75 25.71 25.61 25.55 25.79 25.12 25.16 24.89 25.22 25.46 25.64 26.08 25.19
24.82 25.50 25.46 26.13 25.67 26.19 25.91 25.79 25.81 25.80 25.88 25.43 25.94 25.95 25.99 24.86 25.13 26.05 25.52 25.38 25.42 25.75 25.11 25.50 24.71 25.39 25.56 24.99 25.36 25.43 24.55 24.45 24.60 24.95 24.46 25.24 25.10 25.05 24.84 24.56 25.15 24.43 24.35 25.35 24.53 25.58 25.15 25.62 25.25 24.59 24.87 25.25 25.77 25.39 25.55 25.38 25.33 26.20 25.86 26.23 25.69 25.09 26.06 25.68 25.55 25.71 25.29 25.84 25.76 25.58 25.33 25.45 25.66 25.46 25.84 25.71 25.19
25.73 25.59 25.38 25.86 26.18 26.01 26.00 25.87 25.33 25.80 25.85 26.06 25.76 25.54 26.17 25.84 25.08 26.15 25.34 25.81 25.51 25.49 25.90 26.27 25.29 25.77 25.96 25.93 25.90 25.10 25.92 25.37 24.51 25.87 25.11 24.83 24.88 25.05 24.75 25.17 24.97 24.52 25.99 25.08 25.46 24.96 25.53 25.30 25.32 25.82 25.63 24.94 25.41 25.26 25.11 25.24 25.89 24.87 24.73 25.13 24.83 25.68 25.70 25.74 26.14 26.37 25.80 26.55 25.27 25.27 25.47 25.60 24.14 25.13 26.13 25.79 25.32
25.69 25.85 25.31 25.57 25.49 25.79 25.78 25.73 25.38 25.48 26.15 25.65 25.85 25.99 26.25 26.51 25.92 25.36 25.27 25.94 25.55 24.80 25.94 26.21 25.56 25.88 26.06 25.80 24.33 25.80 25.09 24.84 24.02 24.63 25.70 24.37 25.13 24.59 25.11 25.70 25.19 24.70 25.28 24.45 24.58 25.24 24.91 24.83 25.11 24.97 25.21 24.43 25.42 25.09 25.13 26.07 25.44 24.81 24.78 24.30 25.00 24.71 25.23 25.57 26.27 26.05 25.96 26.09 25.65 25.27 25.29 25.44 24.70 24.23 25.54 25.42 24.06
25.30 25.37 25.82 25.94 26.26 25.82 25.64 26.36 25.93 26.66 26.18 26.55 26.29 26.45 26.38 26.23 26.53 26.39 25.82 25.77 26.19 26.07 25.23 26.06 26.30 25.78 25.77 25.82 25.01 25.24 25.02 25.23 25.19 24.10 24.35 25.23 26.19 24.52 24.67 24.87 24.60 24.72 25.14 24.51 24.33 24.61 25.44 25.49 24.97 25.25 25.26 25.78 25.79 25.61 25.44 25.78 25.02 25.61 24.85 25.16 24.92 24.20 24.33 24.92 24.98 24.90 26.18 25.55 25.23 24.83 24.75 25.23 24.98 25.46 24.98 25.73 24.54
24.67 25.32 25.54 26.50 26.71 26.11 26.09 26.54 26.37 26.21 26.83 26.59 26.55 26.58 26.85 26.18 26.53 26.61 26.40 26.38 26.39 26.33 26.42 25.69 26.33 25.33 25.47 26.25 26.62 25.46 26.18 25.44 25.71 24.69 24.70 25.68 24.95 23.60 24.84 24.29 24.52 25.07 23.30 25.05 25.12 24.85 24.14 24.90 25.02 24.54 25.18 25.02 25.06 25.53 25.77 25.55 25.30 25.62 25.29 24.54 24.61 24.56 24.34 24.40 24.25 25.02 24.98 24.49 24.89 24.36 24.42 24.07 24.13 25.08 24.87 24.54 24.55
24.54 25.25 25.91 26.76 26.40 26.68 26.47 26.79 26.88 26.69 26.62 26.82 26.88 26.61 26.77 26.71 26.66 26.46 26.65 26.68 26.77 26.39 26.50 25.80 26.72 26.23 26.47 25.61 25.78 25.73 25.32 24.77 25.44 25.20 25.33 25.04 25.15 25.32 24.01 25.40 24.79 24.46 24.46 24.26 25.00 25.85 24.91 25.26 25.12 25.50 25.09 24.98 25.40 25.04 25.34 25.55 25.19 25.20 24.64 25.05 24.98 25.14 24.87 24.20 24.15 24.42 23.59 24.40 23.24 23.26 23.87 23.59 23.45 24.69 24.84 25.17 25.06
25.31 25.88 26.02 26.12 26.29 26.54 26.54 26.47 26.79 26.77 26.86 26.84 27.05 26.98 26.98 26.88 27.00 26.76 26.89 26.84 26.79 26.51 26.47 26.71 26.76 26.34 26.71 26.16 26.33 25.92 25.66 25.43 25.67 24.90 25.77 25.14 25.56 25.61 25.15 25.64 25.04 25.67 25.10 24.62 26.32 25.78 24.91 25.66 25.40 25.35 25.13 25.48 25.61 25.34 24.88 25.53 25.09 25.65 25.13 25.18 24.50 25.02 26.11 25.33 25.42 25.06 24.23 24.81 23.49 23.55 23.81 22.54 23.05 23.10 24.71 25.37 24.50
25.27 26.01 26.13 26.22 26.48 26.77 26.63 26.58 26.90 26.85 26.70 26.88 27.03 26.94 27.20 27.17 26.92 27.27 26.98 26.68 26.82 26.86 26.99 26.86 26.67 26.64 26.84 26.54 26.44 26.73 26.30 25.91 25.97 25.59 25.25 25.79 25.92 24.45 25.86 24.69 26.09 26.29 25.09 25.19 25.93 25.73 25.21 25.79 25.56 25.01 25.53 25.29 25.94 25.72 25.61 25.98 25.88 25.65 25.39 25.68 25.31 25.32 25.63 24.53 25.23 25.48 25.41 25.14 24.67 24.31 24.00 23.10 23.36 23.23 23.24 24.94 23.18
26.03 25.78 26.17 26.19 26.10 26.80 26.70 26.83 27.03 26.67 26.86 26.74 26.88 26.74 26.91 26.90 26.92 27.16 26.87 26.59 26.84 26.88 27.01 26.84 26.79 26.70 26.80 26.82 27.14 26.82 26.57 26.22 26.61 25.96 26.12 25.96 26.60 25.41 25.62 25.54 26.36 25.82 25.50 25.27 25.14 25.50 25.56 24.76 24.73 26.26 25.82 25.21 25.25 26.09 25.63 25.67 26.10 25.92 25.76 25.94 25.88 26.05 26.27 25.50 24.86 25.15 25.39 25.43 24.71 24.21 23.19 23.87 23.61 23.89 23.58 23.81 23.08
26.26 26.23 26.19 26.72 26.57 26.84 26.66 26.80 26.54 26.71 26.89 26.58 26.73 26.79 26.60 26.88 26.92 26.75 26.64 26.64 26.86 26.71 26.87 26.81 26.80 26.83 26.89 26.87 26.90 26.64 26.75 26.76 26.98 26.82 26.68 26.59 26.59 26.35 25.71 26.07 25.51 25.96 25.61 25.66 25.98 25.59 25.58 25.88 25.68 25.38 25.37 25.22 26.07 25.48 25.93 26.17 26.13 26.20 25.53 26.07 26.23 25.84 25.62 25.79 25.88 25.37 25.59 25.61 24.79 24.61 24.52 24.49 24.60 24.06 24.22 24.43 23.99
26.46 26.48 26.23 26.20 26.55 26.68 26.77 26.80 26.58 26.90 26.79 26.80 26.90 26.61 26.87 26.46 26.84 26.87 26.89 26.95 27.03 26.93 26.94 26.82 26.89 26.86 26.81 26.95 26.84 26.83 26.79 26.93 26.59 27.27 26.99 26.53 27.01 26.67 26.83 26.80 26.70 26.40 25.91 25.40 25.67 25.50 26.16 25.39 26.01 25.64 25.82 25.52 25.50 25.53 25.55 26.15 25.67 25.80 26.07 25.63 25.37 25.67 25.78 25.86 26.10 25.69 25.83 25.96 25.38 25.55 25.11 25.24 24.54 24.89 24.93 25.09 25.16
26.29 26.17 26.02 26.16 26.20 26.84 26.76 26.55 26.77 26.77 26.80 26.67 26.86 26.75 26.92 26.84 27.21 27.43 26.99 27.02 26.85 26.89 26.92 26.75 26.82 26.87 26.82 26.89 26.90 26.85 27.02 26.97 26.76 26.53 26.84 26.58 26.87 26.55 26.95 26.64 26.35 26.77 26.30 26.33 26.03 26.11 26.13 25.18 25.82 25.33 25.68 26.00 25.96 25.57 25.62 25.49 25.47 25.13 25.77 25.24 25.39 25.88 26.18 26.34 26.69 26.01 26.33 25.65 25.38 25.42 25.14 25.26 24.98 25.22 24.75 24.60 24.44
25.87 26.09 26.39 26.05 26.41 26.52 26.66 26.74 27.00 26.81 26.65 26.63 26.78 26.45 26.63 26.98 26.92 26.83 26.81 26.89 26.86 26.90 26.83 26.84 26.81 26.98 26.79 26.96 26.67 26.94 26.73 26.70 27.00 26.67 26.72 26.76 26.77 26.43 27.12 26.73 26.09 26.48 26.26 26.03 26.51 26.24 26.42 25.92 26.01 25.63 24.77 24.99 24.80 24.92 25.95 25.59 25.54 25.38 25.42 25.51 25.15 25.82 26.30 26.00 26.56 26.51 26.31 26.29 25.58 26.17 25.82 25.44 25.05 25.26 25.47 25.52 24.66
26.40 26.29 26.40 26.32 26.48 26.67 26.68 26.78 26.47 26.73 27.03 26.83 27.28 26.48 26.63 26.55 26.89 26.88 26.72 26.92 26.87 26.86 26.98 26.84 26.92 26.79 26.92 26.78 26.89 26.81 26.84 26.89 27.09 26.79 27.09 26.88 26.84 26.69 26.88 26.58 26.96 26.68 26.49 26.77 26.09 26.34 25.91 26.14 25.60 26.01 26.13 25.70 26.07 24.70 24.99 25.27 25.27 25.46 25.85 25.64 25.47 25.44 25.97 26.42 26.31 26.59 26.39 26.51 26.74 26.39 26.29 26.29 25.84 25.51 25.92 25.42 25.54
26.36 26.59 26.50 26.43 26.59 26.75 26.84 26.42 26.45 26.60 26.76 27.17 26.64 26.49 26.50 26.25 26.39 26.77 26.79 26.89 26.96 26.93 26.93 26.84 26.97 27.07 26.79 26.86 26.91 26.76 26.88 26.91 26.88 26.83 27.06 27.04 26.91 27.05 26.92 26.95 26.80 26.85 26.39 26.61 26.24 26.44 25.92 25.37 25.73 25.98 26.04 25.94 26.33 25.95 26.27 25.74 25.45 24.79 25.11 25.25 25.71 26.24 26.18 26.22 26.14 26.39 26.87 26.40 26.34 26.37 26.71 26.59 26.48 26.51 25.66 25.51 25.21
26.53 26.61 26.52 26.64 26.62 26.74 26.63 26.69 26.41 26.34 26.73 26.74 26.88 26.57 26.47 26.46 26.30 26.70 26.77 26.73 26.80 26.86 26.96 26.97 26.98 27.09 27.00 26.95 26.89 26.85 26.97 26.69 26.75 26.91 26.75 26.85 26.97 26.81 26.89 26.95 26.78 26.81 26.90 26.72 26.60 26.65 26.68 25.87 26.24 25.88 26.11 25.60 25.76 26.06 25.87 26.28 26.10 25.79 25.96 25.81 25.10 25.70 25.92 26.39 26.21 26.39 26.67 26.47 26.26 26.58 26.55 26.64 26.01 26.50 26.41 25.63 25.66
26.61 26.67 26.77 26.83 26.89 26.91 26.80 26.77 26.53 26.75 26.90 26.62 26.74 26.80 26.64 26.95 26.76 26.76 26.81 26.77 26.80 26.92 26.88 27.05 27.07 27.04 27.01 27.08 26.84 26.78 26.89 26.82 26.83 26.86 26.89 26.85 26.33 27.01 26.77 26.88 26.72 26.81 26.96 27.07 26.83 26.65 26.69 26.53 26.66 26.55 26.17 26.37 25.44 26.20 26.15 25.43 26.15 25.57 26.17 25.95 26.35 25.44 26.08 25.41 25.92 26.82 26.53 26.08 26.65 26.26 26.28 26.49 26.24 25.79 26.36 26.04 26.33
26.88 26.74 26.84 26.92 26.94 27.02 26.72 26.92 26.97 26.81 26.77 26.76 26.69 26.65 26.73 26.83 26.82 26.65 26.81 26.88 26.88 26.82 26.90 26.89 27.01 26.88 26.95 27.04 27.01 26.88 26.94 26.96 26.92 26.91 26.84 26.85 26.77 26.69 26.45 26.59 26.72 26.58 26.89 26.89 26.95 26.84 26.81 26.73 26.61 26.59 26.61 26.47 26.21 26.41 25.83 26.24 25.99 26.27 25.71 26.26 26.12 26.20 25.99 26.43 25.18 25.84 25.90 26.23 26.10 26.01 25.73 25.02 25.67 25.58 25.89 26.47 25.60
26.57 26.82 26.78 26.67 26.78 26.88 26.71 26.89 26.95 26.93 26.91 26.96 26.68 26.62 26.72 26.61 26.75 26.81 26.78 26.93 26.85 26.82 26.89 26.86 26.90 26.99 26.95 26.83 26.94 26.99 27.10 27.00 26.75 26.83 26.95 26.70 26.87 26.63 26.69 26.24 26.53 26.58 26.53 26.64 26.65 26.63 26.61 26.64 26.79 26.14 26.10 26.29 26.28 26.08 26.02 26.13 25.94 25.75 25.91 26.03 25.71 26.16 26.72 26.34 26.10 26.42 26.25 25.76 26.04 25.84 25.41 25.98 25.62 24.99 26.07 26.05 26.04
26.63 26.78 26.61 26.75 26.68 26.72 26.59 26.66 26.72 26.76 26.60 26.86 26.80 26.57 26.63 26.44 26.73 26.61 26.94 26.95 27.07 27.00 26.74 26.83 26.77 26.90 26.79 26.97 26.93 26.89 26.93 26.98 26.93 26.81 26.89 26.77 26.84 26.66 26.57 26.48 26.40 26.36 26.60 26.84 26.64 26.60 26.89 26.51 26.68 26.33 26.10 26.12 26.01 26.41 26.28 26.67 26.16 26.05 25.35 26.04 26.11 25.88 26.29 26.11 26.33 26.01 26.17 26.53 26.02 26.32 25.53 26.11 25.31 25.49 25.79 25.78 25.59
26.83 26.74 26.51 26.91 26.74 26.82 26.49 26.23 26.51 26.49 26.74 26.48 26.67 26.74 26.83 26.83 26.79 26.62 26.77 26.44 26.53 26.80 26.81 26.71 26.60 26.82 26.62 26.94 26.95 26.91 26.80 26.88 26.91 27.04 26.84 26.71 26.92 26.62 26.59 26.51 26.85 26.30 26.54 26.35 26.68 26.62 26.42 26.55 26.50 26.29 26.16 26.05 26.27 25.89 26.04 26.35 26.24 26.19 26.41 26.26 25.92 26.20 26.29 25.97 26.08 26.24 25.75 26.25 26.12 26.09 25.82 26.59 26.05 25.96 25.59 25.79 25.60
26.77 26.92 26.80 26.67 26.95 26.76 26.75 26.61 26.46 26.72 26.45 26.43 26.70 26.48 26.81 26.65 26.80 26.69 26.77 26.93 26.67 26.66 26.91 26.40 26.78 26.80 26.61 26.80 26.69 26.79 26.73 26.81 27.02 27.06 26.83 26.75 26.88 26.74 26.83 26.48 26.72 26.76 26.72 26.58 26.71 26.31 26.32 26.21 26.45 26.38 26.59 26.21 26.40 26.18 26.22 26.40 26.37 26.48 26.51 26.35 26.60 26.10 26.44 26.12 26.15 26.20 26.28 25.99 26.30 26.00 25.76 25.92 25.81 26.34 26.08 25.82 26.08
26.79 26.78 26.87 26.99 26.92 26.93 26.87 26.77 26.56 26.41 26.58 26.39 26.48 26.49 26.54 26.48 26.67 26.62 26.79 26.63 26.58 26.50 26.69 26.49 26.86 26.38 26.68 26.58 26.55 26.76 26.73 26.83 26.86 26.94 26.83 26.93 26.90 26.87 26.81 26.67 26.58 26.46 26.39 26.39 26.63 26.56 26.42 26.55 26.49 26.43 26.73 26.35 26.37 26.64 26.53 26.51 26.57 26.64 26.40 26.38 26.29 26.01 26.56 26.18 26.12 26.16 25.81 26.05 25.99 26.30 26.14 25.89 26.17 26.03 26.33 26.30 26.40
26.84 26.94 26.93 26.98 27.04 27.08 27.03 27.05 27.05 26.97 27.00 26.83 26.52 26.61 26.45 26.68 26.44 26.47 26.45 26.60 26.68 26.64 26.53 26.70 26.72 26.68 26.44 26.51 26.56 26.79 26.76 26.81 26.68 26.93 26.71 26.81 26.92 26.82 26.80 26.66 26.74 26.84 26.82 26.79 26.84 26.50 26.87 26.62 26.56 26.68 26.48 26.51 26.41 26.58 26.47 26.55 26.43 26.38 26.50 26.55 26.07 26.10 26.46 26.27 26.52 26.77 25.54 25.76 25.55 26.39 26.17 26.04 25.93 26.27 26.21 25.97 26.01
26.88 26.92 26.95 27.06 26.96 27.03 27.06 27.14 27.01 27.11 27.06 27.03 26.93 26.84 26.79 26.85 26.91 26.82 26.74 26.70 26.69 26.76 26.69 26.51 26.64 26.78 26.82 26.93 26.70 26.79 26.72 26.73 26.66 26.81 26.71 26.84 26.72 26.91 26.82 26.79 26.97 27.09 27.15 26.92 26.96 26.79 26.81 26.55 26.68 26.65 26.63 26.56 26.69 26.52 26.50 26.41 26.58 26.56 26.41 26.49 26.56 26.72 26.51 26.15 26.49 26.82 26.47 25.86 25.87 26.08 25.70 26.20 26.04 25.99 25.75 25.88 26.18
