main/data/irradiance/25.06.2023.grid
ncols 839
nrows 679
xllcenter 112.0500
yllcenter -43.9500
cellsize 0.0500
nodata_value 99999.90
[rows 476 to 509 of 679, columns 77 to 153 of 839]
7.80 8.55 8.38 8.36 7.76 7.80 8.45 9.48 9.02 9.27 10.09 10.30 9.87 9.23 9.15 8.99 8.57 7.54 8.17 8.34 8.10 8.80 9.31 9.52 8.77 9.20 8.66 9.21 8.65 8.62 7.82 8.32 8.69 8.26 8.33 8.73 8.05 8.69 8.28 8.29 7.98 9.22 9.54 8.89 9.57 9.62 9.37 8.84 8.91 9.23 8.93 8.97 10.01 9.96 8.90 9.03 8.61 8.86 8.30 9.54 9.85 9.31 9.36 10.25 10.26 9.46 9.15 9.33 8.62 8.12 8.15 8.24 7.74 8.12 8.49 8.73 7.91
8.49 8.76 7.52 8.30 7.99 8.22 8.04 9.26 9.10 9.58 9.22 9.78 9.71 9.07 8.77 8.38 8.12 7.66 7.34 7.26 8.04 9.13 9.39 9.27 9.38 9.55 9.22 9.05 8.75 8.78 9.00 9.59 9.09 9.30 9.88 9.53 9.62 8.86 8.48 8.44 9.57 10.45 9.49 8.64 8.57 7.43 7.94 8.22 8.71 8.70 9.35 10.05 9.85 9.37 8.95 8.55 9.33 9.71 9.03 8.12 8.26 9.43 9.87 9.74 9.10 9.07 8.21 8.77 8.27 8.10 8.35 7.67 8.26 7.94 8.12 8.22 8.11
7.68 8.18 8.23 8.44 8.41 8.05 8.79 8.57 8.62 9.24 9.27 9.26 9.16 8.67 8.70 8.49 8.29 8.34 9.12 8.20 7.92 7.85 8.10 8.93 8.61 8.93 8.65 9.03 9.71 8.94 9.20 9.26 9.10 9.70 10.29 10.06 10.40 10.17 10.52 10.14 10.10 10.36 9.46 8.86 9.20 9.55 10.28 9.94 9.29 9.47 8.65 7.98 8.24 8.92 9.40 9.46 10.37 9.35 10.53 8.98 7.02 8.16 8.32 8.07 7.98 7.47 7.01 7.37 7.89 9.15 8.06 8.71 8.96 8.64 7.84 8.09 7.99
8.07 8.82 8.18 8.78 9.20 8.95 7.61 8.55 8.53 9.34 8.84 8.93 9.31 10.29 10.30 9.11 9.07 9.63 9.27 8.51 7.66 7.57 7.73 8.20 8.48 8.40 8.85 8.84 8.96 8.24 8.52 8.65 9.41 9.63 10.27 10.29 8.92 9.77 9.97 10.01 9.48 9.76 10.38 9.97 10.03 9.53 8.89 8.77 10.02 9.95 10.03 9.31 9.14 9.48 10.01 9.92 10.82 10.45 9.73 9.00 8.43 9.25 8.68 7.95 8.22 7.39 7.95 7.37 8.97 9.28 7.39 7.27 8.37 7.79 7.63 7.68 7.35
8.38 7.89 8.19 9.39 9.18 8.27 8.33 9.10 8.42 8.30 7.93 8.24 8.25 8.68 9.63 9.51 9.16 9.51 8.81 8.26 8.35 8.43 8.62 8.29 8.54 7.68 8.23 8.50 8.10 8.07 8.72 8.85 9.11 9.04 9.10 9.74 10.21 9.85 8.71 9.14 9.41 9.44 9.63 9.88 8.91 8.43 7.61 9.06 9.59 9.95 10.13 9.85 9.28 10.14 9.86 9.31 9.52 9.57 9.98 9.96 9.91 9.70 9.50 9.41 8.64 8.45 8.48 7.88 8.43 8.73 8.29 7.08 7.58 7.37 7.39 7.68 7.07
8.69 8.09 8.74 8.94 7.95 7.61 8.23 8.50 8.51 8.61 8.15 8.00 8.10 8.51 8.93 8.77 9.07 9.64 9.94 9.66 8.63 8.57 8.14 7.41 7.04 6.87 8.13 9.48 9.84 9.36 9.43 9.05 9.51 8.82 8.74 8.82 9.10 9.43 9.22 8.17 8.96 8.95 9.46 9.13 8.80 8.45 8.18 8.75 10.08 10.23 9.49 8.47 9.18 10.02 8.79 8.99 8.27 8.30 8.50 9.15 9.35 9.42 9.49 8.78 8.40 8.67 8.49 8.26 7.79 7.91 7.50 7.14 6.33 6.88 7.10 7.68 7.07
8.55 8.22 8.17 7.97 7.74 8.26 8.42 8.09 8.08 7.99 7.28 7.77 8.48 8.17 7.58 7.90 8.57 8.46 8.30 7.36 8.01 8.39 8.34 7.62 7.49 7.41 7.99 8.81 9.61 10.01 9.92 9.56 9.57 9.50 9.51 9.95 9.62 8.51 9.14 9.01 8.29 7.97 8.75 9.52 9.58 8.94 8.90 9.44 9.47 9.67 9.28 9.75 10.29 10.42 10.53 8.57 9.11 8.42 7.65 8.57 8.94 9.08 8.71 7.78 7.55 7.62 8.29 8.22 7.61 7.45 7.05 7.17 6.20 6.88 7.10 7.10 7.07
7.34 7.76 7.92 7.28 7.59 7.92 7.38 8.12 8.33 8.41 8.21 7.65 7.66 6.99 7.93 7.92 8.08 7.27 7.14 6.91 7.38 7.84 7.84 7.43 7.90 8.64 8.73 9.03 9.29 9.59 9.97 9.65 9.28 9.15 9.05 9.63 9.94 8.82 9.44 10.06 9.31 8.64 8.81 9.36 9.76 9.20 10.00 10.42 10.40 9.78 9.47 9.76 9.92 9.87 9.81 8.94 9.09 8.79 8.34 8.34 8.52 7.47 7.61 7.50 6.12 6.62 7.20 7.24 7.00 6.14 6.66 6.24 6.53 6.53 7.10 7.10 7.10
7.56 7.23 7.39 7.54 7.82 7.71 7.83 8.21 8.47 8.34 8.18 8.70 7.71 7.67 8.17 8.41 8.53 8.14 7.91 7.14 6.87 8.08 7.81 8.19 8.92 9.26 8.63 7.52 7.84 8.76 8.82 8.85 8.97 9.21 9.24 9.66 10.13 9.49 9.90 10.02 9.09 8.95 9.40 9.73 9.14 9.56 10.45 10.67 10.60 9.74 9.93 9.90 10.55 9.33 8.44 9.70 8.71 8.70 7.60 6.97 6.68 6.45 7.11 8.07 7.66 6.71 6.14 6.48 5.68 5.34 5.60 5.23 6.53 6.53 6.53 7.10 7.10
7.37 7.01 7.30 8.57 7.93 8.87 8.60 8.38 8.02 7.83 7.64 7.71 7.42 7.87 8.31 8.30 7.81 7.59 8.94 8.28 8.13 8.64 8.45 8.39 8.63 9.33 9.31 8.40 8.28 8.05 8.47 8.88 8.70 8.57 8.91 9.72 9.86 9.11 9.19 9.01 9.22 9.22 8.23 9.18 9.76 10.60 10.35 9.95 10.10 10.09 9.33 9.43 9.65 9.84 9.96 9.02 8.25 8.19 8.50 8.19 7.71 7.24 7.51 7.79 7.18 6.52 5.63 5.86 6.12 5.69 5.40 5.19 5.19 5.19 6.53 6.53 7.10
7.12 7.80 7.53 8.24 8.54 8.01 7.69 7.85 8.52 8.29 7.80 7.62 8.90 8.64 9.03 9.31 9.18 8.74 9.40 8.92 8.80 8.28 8.83 8.53 9.05 9.47 9.31 8.92 7.77 8.51 9.18 9.60 8.91 8.15 8.02 8.58 9.54 8.77 8.13 8.20 8.01 9.26 8.95 8.87 9.14 10.03 9.70 9.18 8.43 9.20 9.31 9.75 8.79 9.29 9.61 8.69 8.12 7.42 7.65 8.18 7.84 6.88 6.70 7.18 5.54 5.36 6.02 5.89 5.95 5.68 6.08 5.47 5.47 5.47 5.47 5.47 6.53
7.84 8.09 6.60 7.34 8.51 7.52 6.82 6.42 7.07 7.48 7.91 8.03 8.03 8.71 8.64 8.56 8.60 8.76 8.95 8.38 7.73 8.10 7.82 7.70 8.81 8.91 8.93 9.15 8.54 7.92 8.71 9.09 9.42 9.04 8.46 8.77 9.19 8.64 8.45 7.61 7.84 8.10 8.52 8.74 9.85 9.18 9.13 7.57 6.97 8.30 8.54 8.65 9.14 9.01 7.47 7.28 7.90 6.86 7.31 7.47 7.06 5.51 4.84 5.73 5.31 6.23 6.41 6.51 5.75 6.32 6.08 5.47 5.47 5.47 5.47 5.47 5.47
8.59 7.76 7.38 8.15 8.51 8.70 7.00 6.22 5.82 7.53 7.90 7.33 7.26 7.28 7.76 8.05 7.15 7.29 6.63 7.06 7.54 7.46 7.52 8.64 8.82 8.66 8.63 9.13 9.23 8.73 8.66 8.85 8.63 8.05 9.15 9.01 8.91 8.58 8.84 9.13 8.33 7.82 7.92 8.73 8.82 8.67 8.97 8.60 8.06 8.14 8.94 9.23 9.02 8.26 7.07 6.93 7.11 6.74 6.17 5.91 7.06 5.51 4.84 4.44 6.90 7.17 5.78 5.74 5.75 5.52 5.52 5.47 5.47 5.47 5.47 5.47 5.47
8.32 8.57 8.17 8.19 8.19 8.50 7.34 8.10 6.98 7.12 7.36 7.03 7.02 7.40 7.72 7.88 6.05 6.37 6.06 6.96 7.67 7.48 7.73 8.63 8.53 8.32 9.21 8.68 8.63 8.61 8.25 8.53 8.37 8.64 8.74 8.52 8.94 9.04 9.68 9.34 9.12 9.08 8.94 8.58 7.71 7.94 8.76 8.70 8.18 9.05 8.82 8.23 8.24 8.02 6.52 7.46 7.22 6.57 5.15 5.91 5.91 5.51 4.44 4.44 6.90 7.17 5.78 5.74 5.74 5.52 5.52 5.52 5.47 5.47 5.47 5.47 5.47
6.93 8.20 7.88 7.82 6.82 7.40 7.22 7.75 7.62 6.67 7.28 7.11 7.19 7.41 8.19 8.43 7.27 7.21 7.37 8.23 8.43 7.50 7.43 7.81 7.66 7.25 7.61 7.53 7.86 6.65 6.54 7.61 9.24 9.47 9.17 8.22 8.52 8.77 8.60 8.30 9.18 9.59 8.46 7.77 8.19 7.51 8.01 8.58 8.59 8.84 8.61 8.39 8.39 7.83 6.65 6.25 6.19 6.57 5.15 5.15 5.91 5.91 4.44 4.44 6.90 7.17 5.78 5.74 5.74 5.52 5.52 5.52 5.52 5.47 5.47 5.47 5.47
6.08 7.29 6.81 6.57 6.82 7.31 7.22 7.06 6.85 7.82 8.15 7.56 7.76 7.48 7.95 8.89 8.74 8.61 9.13 9.38 8.97 7.77 7.19 7.26 7.80 6.46 5.67 7.06 6.95 6.78 6.93 7.60 8.65 9.05 8.80 8.57 8.68 8.83 8.29 8.13 7.90 7.94 8.28 8.32 8.19 7.58 6.64 7.28 7.85 7.92 7.08 5.86 7.43 6.93 5.95 6.75 6.64 6.64 5.15 5.15 5.15 5.91 4.44 4.44 6.90 7.17 5.78 5.74 5.74 5.52 5.52 5.52 5.52 5.52 5.47 5.47 5.47
6.01 7.17 7.20 7.16 7.61 8.26 7.82 6.64 6.38 7.50 7.90 7.31 6.79 7.02 7.40 8.61 9.56 9.13 8.90 8.02 7.99 7.31 6.62 7.72 7.47 6.34 6.03 7.08 6.53 7.01 7.57 7.41 8.00 9.05 9.35 9.39 8.95 8.19 7.53 7.04 7.51 7.53 9.25 8.78 9.31 8.90 8.10 7.86 6.70 6.53 5.50 6.30 5.73 5.74 5.76 6.96 6.64 6.64 6.64 5.15 5.15 5.15 4.44 4.44 6.90 7.17 5.78 5.74 5.74 5.52 5.52 5.52 5.52 5.52 5.52 5.47 5.47
6.01 5.93 6.28 6.36 7.45 8.08 8.29 7.26 6.70 7.50 7.53 6.61 5.92 7.16 8.78 9.42 9.44 8.69 8.57 7.64 6.37 5.26 5.94 7.25 7.65 6.84 7.62 7.18 7.38 7.91 7.21 6.45 7.45 8.34 9.18 9.00 7.99 7.00 6.23 5.90 5.97 6.63 7.42 7.89 9.43 9.39 7.73 6.45 5.84 6.29 6.25 6.20 5.49 5.74 5.76 6.96 6.96 6.64 6.64 6.64 5.15 5.15 4.44 4.44 6.90 7.17 5.78 5.74 5.74 5.52 5.52 5.52 5.52 5.52 5.52 5.52 5.47
6.26 6.26 5.97 6.07 5.89 6.62 8.07 7.89 6.74 6.53 5.68 6.99 6.58 7.37 7.88 7.91 8.06 7.89 7.17 5.66 5.67 6.28 6.38 7.62 8.00 8.08 7.81 7.15 6.89 7.08 7.50 6.92 7.42 7.28 8.46 8.58 7.94 7.64 7.06 7.06 7.09 6.88 6.85 7.64 7.78 7.18 6.47 6.80 6.69 6.75 6.33 6.20 5.49 5.49 5.76 6.96 6.96 6.96 6.64 6.64 6.64 5.15 4.44 4.44 6.90 7.17 5.78 5.74 5.74 5.52 5.52 5.52 5.52 5.52 5.52 5.52 5.52
6.26 6.26 8.28 7.30 6.13 6.11 6.99 7.72 6.83 5.28 4.90 6.72 7.71 7.12 6.49 5.84 6.10 5.41 5.78 5.62 6.32 5.85 6.43 7.31 8.65 8.53 7.10 4.77 4.58 6.38 7.08 6.37 6.33 6.54 6.52 7.58 8.02 6.62 7.05 7.79 8.34 7.56 7.66 7.93 6.36 5.06 5.55 5.70 6.26 7.04 6.33 6.33 5.49 5.49 5.49 6.96 6.96 6.96 6.96 6.64 6.64 6.64 4.44 4.44 6.90 7.17 5.78 5.74 5.74 5.52 5.52 5.52 5.52 5.52 5.52 5.52 5.52
6.26 8.28 8.28 7.30 6.13 6.11 7.25 7.39 5.78 5.73 6.14 7.30 7.93 7.46 7.23 6.48 6.31 6.05 6.24 7.44 7.40 5.77 5.32 6.37 7.60 7.57 6.82 5.34 4.60 6.49 6.65 4.82 4.76 5.20 5.77 7.42 8.05 7.26 6.86 7.97 8.59 7.88 7.96 7.19 5.72 4.93 5.70 5.25 5.19 5.51 5.51 5.51 6.33 5.49 5.49 6.96 6.96 6.96 6.96 6.96 6.64 6.64 6.64 4.44 6.90 7.17 5.78 5.74 5.74 5.52 5.52 5.52 5.52 5.52 5.52 5.52 5.52
8.28 8.28 8.28 7.30 6.13 7.25 7.25 7.39 5.78 6.11 6.14 6.50 6.68 7.60 7.88 8.10 8.06 8.21 7.65 7.05 7.33 6.17 5.68 4.57 5.45 5.30 6.78 6.78 5.35 6.08 6.53 6.04 6.18 6.02 5.48 7.04 7.62 8.25 7.22 6.66 7.08 8.29 7.62 6.59 5.38 5.25 5.25 4.08 4.14 6.19 6.19 6.19 6.19 6.19 5.49 6.96 6.96 6.96 6.96 6.96 6.96 6.64 6.64 4.44 6.90 7.17 5.78 5.74 5.74 5.52 5.52 5.52 5.52 5.52 5.52 5.52 5.52
8.28 8.28 8.28 7.30 7.25 7.25 7.25 7.39 6.11 6.11 6.11 6.50 6.92 7.59 8.08 8.42 8.16 7.93 6.47 7.52 7.56 6.88 5.47 4.68 5.63 6.24 5.34 6.32 6.44 6.62 6.88 7.40 7.02 6.60 6.23 7.65 7.53 7.45 7.38 4.72 5.30 7.39 7.64 7.33 6.00 5.86 5.25 4.08 4.14 6.19 6.19 6.19 6.19 6.19 6.19 5.49 6.96 6.96 6.96 6.96 6.96 6.96 6.64 6.64 6.90 7.17 5.78 5.74 5.74 5.52 5.52 5.52 5.52 5.52 5.52 5.52 5.52
8.28 8.28 8.28 7.30 7.25 7.25 7.25 6.11 6.11 6.11 6.11 6.92 6.92 8.52 8.95 8.15 7.55 6.81 5.86 6.72 6.33 6.10 6.08 6.18 6.81 6.83 6.56 6.23 5.80 4.83 5.47 7.46 7.53 6.95 7.52 7.05 6.05 7.80 6.80 5.66 5.43 6.99 6.45 7.33 6.00 5.86 5.86 4.08 4.14 6.19 6.19 6.19 6.19 6.19 6.19 6.19 6.96 6.96 6.96 6.96 6.96 6.96 6.96 6.64 6.64 6.64 5.15 5.15 5.15 99999.90 99999.90 99999.90 99999.90 99999.90 99999.90 99999.90 99999.90
8.28 8.28 8.28 7.30 7.25 7.25 7.25 6.11 6.11 6.11 6.92 6.92 8.52 8.52 8.95 8.15 7.55 6.81 5.86 6.72 6.33 6.10 6.08 6.18 6.81 6.83 6.56 6.23 5.80 4.83 5.47 5.66 7.05 7.12 6.63 7.05 6.05 7.80 6.95 5.66 5.43 6.99 6.45 6.45 6.00 5.86 5.86 5.86 4.14 6.19 6.19 6.19 6.19 6.19 6.19 6.19 6.19 6.96 6.96 6.96 6.96 6.96 6.96 6.96 6.64 6.64 6.64 99999.90 99999.90 99999.90 99999.90 99999.90 99999.90 99999.90 99999.90 99999.90 99999.90
8.28 8.28 8.28 7.25 7.25 7.25 7.25 6.11 6.11 6.11 6.92 8.52 8.52 8.52 8.95 8.15 7.55 6.81 5.86 6.72 6.33 6.10 6.08 6.18 6.81 6.83 6.56 6.23 5.80 4.83 5.66 5.66 7.05 7.12 6.63 6.63 6.05 6.95 6.95 4.67 4.67 4.67 6.45 6.45 6.45 5.86 5.86 5.86 4.14 6.19 6.19 6.19 6.19 6.19 6.19 6.19 6.19 6.19 6.96 6.96 6.96 6.96 6.96 6.96 6.96 6.64 6.64 99999.90 99999.90 99999.90 99999.90 99999.90 99999.90 99999.90 99999.90 99999.90 99999.90
8.28 8.28 8.28 7.25 7.25 7.25 6.11 6.11 6.11 6.11 8.52 8.52 8.52 8.52 8.95 8.15 7.55 6.81 5.86 6.72 6.33 6.10 6.08 6.18 6.81 6.83 6.56 6.23 5.80 5.66 5.66 5.66 7.05 7.12 6.63 6.63 6.63 6.95 6.95 4.67 4.67 4.67 4.67 6.45 6.45 5.86 5.86 5.86 4.14 6.19 6.19 6.19 6.19 6.19 6.19 6.19 6.19 6.19 6.19 6.96 6.96 6.96 6.96 6.96 6.96 6.96 99999.90 99999.90 99999.90 99999.90 99999.90 99999.90 99999.90 99999.90 99999.90 99999.90 99999.90
8.28 8.28 8.28 7.25 7.25 7.25 6.11 6.11 6.11 8.52 8.52 8.52 8.52 8.52 8.95 8.15 7.55 6.81 5.86 6.72 6.33 6.10 6.08 6.18 6.81 6.83 6.56 6.23 5.80 5.66 5.66 5.66 7.05 7.12 6.63 6.63 6.63 6.95 4.67 4.67 4.67 4.67 4.67 4.67 6.45 5.86 5.86 5.86 5.86 6.19 6.19 6.19 6.19 6.19 6.19 6.19 6.19 6.19 6.19 6.19 5.49 5.49 5.49 99999.90 99999.90 99999.90 99999.90 99999.90 99999.90 99999.90 99999.90 99999.90 99999.90 99999.90 99999.90 99999.90 99999.90
8.28 8.28 7.25 7.25 7.25 7.25 6.11 6.11 6.11 8.52 8.52 8.52 8.52 8.52 8.95 8.15 7.55 6.81 5.86 6.72 6.33 6.10 6.08 6.18 6.81 6.83 6.56 6.23 5.80 5.66 5.66 5.66 7.05 7.12 6.63 6.63 6.63 6.95 4.67 4.67 4.67 4.67 4.67 4.67 4.67 6.45 5.86 5.86 5.86 6.19 6.19 6.19 6.19 6.19 6.19 6.19 6.19 6.19 6.19 6.19 6.33 99999.90 99999.90 99999.90 99999.90 99999.90 99999.90 99999.90 99999.90 99999.90 99999.90 99999.90 99999.90 99999.90 99999.90 99999.90 99999.90
8.28 8.28 7.25 7.25 7.25 6.11 6.11 6.11 8.52 8.52 8.52 8.52 8.52 8.52 8.95 8.15 7.55 6.81 5.86 6.72 6.33 6.10 6.08 6.18 6.81 6.83 6.56 6.23 5.66 5.66 5.66 5.66 7.05 7.12 6.63 6.63 6.63 4.67 4.67 4.67 4.67 4.67 4.67 4.67 4.67 4.67 5.86 5.86 5.86 6.19 6.19 6.19 6.19 6.19 6.19 6.19 6.19 6.19 6.19 6.19 99999.90 99999.90 99999.90 99999.90 99999.90 99999.90 99999.90 99999.90 99999.90 99999.90 99999.90 99999.90 99999.90 99999.90 99999.90 99999.90 99999.90
7.25 7.25 7.25 7.25 7.25 6.11 6.11 6.11 8.52 8.52 8.52 8.52 8.52 8.52 8.95 8.15 7.55 6.81 5.86 6.72 6.33 6.10 6.08 6.18 6.81 6.83 6.56 6.23 5.66 5.66 5.66 5.66 7.05 7.12 6.63 6.63 6.63 4.67 4.67 4.67 4.67 4.67 4.67 4.67 4.67 4.67 4.67 5.86 5.86 5.86 6.19 6.19 6.19 6.19 6.19 6.19 6.19 6.19 6.19 6.19 99999.90 99999.90 99999.90 99999.90 99999.90 99999.90 99999.90 99999.90 99999.90 99999.90 99999.90 99999.90 99999.90 99999.90 99999.90 99999.90 99999.90
6.11 6.11 6.11 6.11 6.11 6.11 6.11 8.52 8.52 8.52 8.52 8.52 8.52 8.52 8.95 8.15 7.55 6.81 5.86 6.72 6.33 6.10 6.08 6.18 6.81 6.83 6.56 6.23 5.66 5.66 5.66 5.66 7.05 7.12 6.63 6.63 4.67 4.67 4.67 4.67 4.67 4.67 4.67 4.67 4.67 4.67 4.67 5.86 5.86 5.86 6.19 6.19 6.19 6.19 6.19 6.19 6.19 6.19 6.19 6.19 99999.90 99999.90 99999.90 99999.90 99999.90 99999.90 99999.90 99999.90 99999.90 99999.90 99999.90 99999.90 99999.90 99999.90 99999.90 99999.90 99999.90
99999.90 99999.90 6.92 6.92 8.52 8.52 8.52 8.52 8.52 8.52 8.52 8.52 8.52 8.52 8.95 8.15 7.55 6.81 5.86 6.72 6.33 6.10 6.08 6.18 6.81 6.83 6.56 5.66 5.66 5.66 5.66 5.66 7.05 7.12 6.63 6.63 4.67 4.67 4.67 4.67 4.67 4.67 4.67 4.67 4.67 4.67 4.67 4.67 5.86 5.86 5.86 5.86 5.86 5.86 5.86 5.86 99999.90 99999.90 99999.90 99999.90 99999.90 99999.90 99999.90 99999.90 99999.90 99999.90 99999.90 99999.90 99999.90 99999.90 99999.90 99999.90 99999.90 99999.90 99999.90 99999.90 99999.90
99999.90 99999.90 99999.90 8.52 8.52 8.52 8.52 8.52 8.52 8.52 8.52 8.52 8.52 8.52 8.95 8.15 7.55 6.81 5.86 6.72 6.33 6.10 6.08 6.18 6.81 6.83 6.56 5.66 5.66 5.66 5.66 5.66 7.05 7.12 6.63 6.63 4.67 4.67 4.67 4.67 4.67 4.67 4.67 4.67 4.67 4.67 4.67 4.67 4.67 4.67 6.45 6.45 6.45 99999.90 99999.90 99999.90 99999.90 99999.90 99999.90 99999.90 99999.90 99999.90 99999.90 99999.90 99999.90 99999.90 99999.90 99999.90 99999.90 99999.90 99999.90 99999.90 99999.90 99999.90 99999.90 99999.90 99999.90
