main/data/irradiance/25.08.2023.grid
ncols 839
nrows 679
xllcenter 112.0500
yllcenter -43.9500
cellsize 0.0500
nodata_value 99999.90
[rows 68 to 101 of 679, columns 231 to 307 of 839]
99999.90 99999.90 99999.90 99999.90 99999.90 99999.90 99999.90 99999.90 99999.90 99999.90 99999.90 99999.90 99999.90 99999.90 99999.90 99999.90 99999.90 99999.90 99999.90 99999.90 99999.90 99999.90 99999.90 99999.90 99999.90 99999.90 99999.90 99999.90 99999.90 99999.90 99999.90 99999.90 99999.90 99999.90 99999.90 99999.90 99999.90 99999.90 99999.90 99999.90 23.31 23.31 23.31 23.31 23.31 23.31 23.31 23.31 23.31 23.31 23.31 23.31 23.31 23.31 23.31 23.31 23.28 23.28 23.28 23.28 23.28 23.28 23.28 23.28 23.28 23.28 23.35 23.30 23.30 23.30 23.30 23.30 23.30 23.30 23.30 23.31 23.31
99999.90 99999.90 99999.90 99999.90 99999.90 99999.90 99999.90 99999.90 99999.90 99999.90 99999.90 99999.90 99999.90 99999.90 99999.90 99999.90 99999.90 99999.90 99999.90 99999.90 99999.90 99999.90 99999.90 99999.90 99999.90 99999.90 99999.90 99999.90 99999.90 99999.90 99999.90 99999.90 99999.90 99999.90 99999.90 99999.90 99999.90 99999.90 99999.90 99999.90 23.31 23.31 23.31 23.31 23.31 23.31 23.31 23.31 23.31 23.31 23.31 23.31 23.31 23.31 23.31 23.31 23.28 23.28 23.28 23.28 23.28 23.28 23.28 23.28 23.28 23.28 23.35 23.30 23.30 23.30 23.30 23.30 23.30 23.30 23.37 23.31 23.31
99999.90 99999.90 99999.90 99999.90 99999.90 99999.90 99999.90 99999.90 99999.90 99999.90 99999.90 99999.90 99999.90 99999.90 99999.90 99999.90 99999.90 99999.90 99999.90 99999.90 99999.90 99999.90 99999.90 99999.90 99999.90 99999.90 99999.90 99999.90 99999.90 99999.90 99999.90 99999.90 99999.90 99999.90 99999.90 99999.90 99999.90 99999.90 23.23 23.23 23.31 23.31 23.31 23.31 23.31 23.31 23.31 23.31 23.31 23.31 23.31 23.31 23.31 23.31 23.31 23.31 23.28 23.28 23.28 23.28 23.28 23.28 23.28 23.28 23.28 23.28 23.35 23.30 23.30 23.30 23.30 23.30 23.30 23.30 23.37 23.31 23.31
99999.90 99999.90 99999.90 99999.90 99999.90 99999.90 99999.90 99999.90 99999.90 99999.90 99999.90 99999.90 99999.90 99999.90 99999.90 99999.90 99999.90 99999.90 99999.90 99999.90 99999.90 99999.90 99999.90 99999.90 99999.90 99999.90 99999.90 99999.90 99999.90 99999.90 99999.90 99999.90 99999.90 99999.90 99999.90 99999.90 99999.90 99999.90 23.23 23.23 23.23 23.31 23.31 23.31 23.31 23.31 23.31 23.31 23.31 23.31 23.31 23.31 23.31 23.31 23.31 23.31 23.28 23.28 23.28 23.28 23.28 23.28 23.28 23.28 23.28 23.28 23.35 23.30 23.30 23.30 23.30 23.30 23.30 23.37 23.37 23.31 23.31
99999.90 99999.90 99999.90 99999.90 99999.90 99999.90 99999.90 99999.90 99999.90 99999.90 99999.90 99999.90 99999.90 99999.90 99999.90 99999.90 99999.90 99999.90 99999.90 99999.90 99999.90 99999.90 99999.90 99999.90 99999.90 99999.90 99999.90 99999.90 99999.90 99999.90 99999.90 99999.90 99999.90 99999.90 99999.90 99999.90 99999.90 99999.90 23.23 23.23 23.23 23.23 23.31 23.31 23.31 23.31 23.31 23.31 23.31 23.31 23.31 23.31 23.31 23.31 23.31 23.31 23.22 23.28 23.28 23.28 23.28 23.28 23.28 23.28 23.28 23.28 23.35 23.30 23.30 23.30 23.30 23.30 23.31 23.37 23.37 23.31 23.31
99999.90 99999.90 99999.90 99999.90 99999.90 99999.90 99999.90 99999.90 99999.90 99999.90 99999.90 99999.90 99999.90 99999.90 99999.90 99999.90 99999.90 99999.90 99999.90 99999.90 99999.90 99999.90 99999.90 99999.90 99999.90 99999.90 99999.90 99999.90 99999.90 99999.90 99999.90 99999.90 99999.90 99999.90 99999.90 99999.90 99999.90 99999.90 23.23 23.23 23.23 23.23 23.23 23.31 23.31 23.31 23.31 23.31 23.31 23.31 23.31 23.31 23.31 23.31 23.31 23.31 23.22 23.30 23.28 23.28 23.28 23.28 23.28 23.28 23.28 23.28 23.35 23.30 23.30 23.30 23.30 23.31 23.31 23.37 23.37 23.31 23.31
99999.90 99999.90 99999.90 99999.90 99999.90 99999.90 99999.90 99999.90 99999.90 99999.90 99999.90 99999.90 99999.90 99999.90 99999.90 99999.90 99999.90 99999.90 99999.90 99999.90 99999.90 99999.90 99999.90 99999.90 99999.90 99999.90 99999.90 99999.90 99999.90 99999.90 99999.90 99999.90 99999.90 99999.90 99999.90 99999.90 99999.90 99999.90 23.23 23.23 23.23 23.23 23.23 23.23 23.31 23.31 23.31 23.31 23.31 23.31 23.31 23.31 23.31 23.31 23.31 23.22 23.22 23.30 23.28 23.28 23.28 23.28 23.28 23.28 23.28 23.28 23.35 23.30 23.30 23.30 23.31 23.31 23.37 23.37 23.37 23.31 23.31
99999.90 99999.90 99999.90 99999.90 99999.90 99999.90 99999.90 99999.90 99999.90 99999.90 99999.90 99999.90 99999.90 99999.90 99999.90 99999.90 99999.90 99999.90 99999.90 99999.90 99999.90 99999.90 99999.90 99999.90 99999.90 99999.90 99999.90 99999.90 99999.90 99999.90 23.26 23.26 23.26 23.26 23.26 23.26 23.26 23.26 23.26 23.26 23.23 23.23 23.23 23.23 23.23 23.31 23.31 23.31 23.31 23.31 23.31 23.31 23.31 23.31 23.31 23.22 23.22 23.30 23.30 23.28 23.28 23.28 23.28 23.28 23.28 23.28 23.35 23.30 23.30 23.31 23.31 23.28 23.37 23.37 23.37 23.31 23.31
99999.90 99999.90 99999.90 99999.90 99999.90 99999.90 99999.90 99999.90 99999.90 99999.90 99999.90 99999.90 99999.90 99999.90 99999.90 99999.90 99999.90 99999.90 99999.90 99999.90 99999.90 99999.90 99999.90 99999.90 99999.90 99999.90 99999.90 99999.90 99999.90 99999.90 23.26 23.26 23.26 23.26 23.26 23.26 23.26 23.26 23.26 23.26 23.23 23.23 23.23 23.23 23.23 23.23 23.31 23.31 23.31 23.31 23.31 23.31 23.31 23.31 23.31 23.22 23.22 23.30 23.30 23.30 23.30 23.30 23.30 23.30 23.30 23.33 23.34 23.28 23.31 23.31 23.28 23.28 23.37 23.37 23.37 23.31 23.31
99999.90 99999.90 99999.90 99999.90 99999.90 99999.90 99999.90 99999.90 99999.90 99999.90 99999.90 99999.90 99999.90 99999.90 99999.90 99999.90 99999.90 99999.90 99999.90 99999.90 99999.90 99999.90 99999.90 99999.90 99999.90 99999.90 99999.90 99999.90 99999.90 99999.90 23.26 23.26 23.26 23.26 23.26 23.26 23.26 23.26 23.26 23.26 23.26 23.23 23.23 23.23 23.23 23.23 23.23 23.31 23.31 23.31 23.31 23.31 23.31 23.31 23.22 23.22 23.22 23.30 23.30 23.30 23.30 23.30 23.30 23.30 23.30 23.26 23.26 23.24 23.30 23.28 23.28 23.28 23.37 23.37 23.37 23.31 23.31
99999.90 99999.90 99999.90 99999.90 99999.90 99999.90 99999.90 99999.90 99999.90 99999.90 99999.90 99999.90 99999.90 99999.90 99999.90 99999.90 99999.90 99999.90 99999.90 99999.90 99999.90 99999.90 99999.90 99999.90 99999.90 99999.90 99999.90 99999.90 99999.90 99999.90 23.26 23.26 23.26 23.26 23.26 23.26 23.26 23.26 23.26 23.26 23.26 23.23 23.23 23.23 23.23 23.23 23.23 23.23 23.31 23.31 23.31 23.31 23.31 23.28 23.22 23.22 23.22 23.30 23.30 23.30 23.30 23.17 23.19 23.19 23.26 23.26 23.24 23.25 23.26 23.29 23.29 23.22 23.37 23.37 23.37 23.31 23.31
99999.90 99999.90 99999.90 99999.90 99999.90 99999.90 99999.90 99999.90 99999.90 99999.90 99999.90 99999.90 99999.90 99999.90 99999.90 99999.90 99999.90 99999.90 99999.90 99999.90 99999.90 23.02 23.02 23.02 23.02 23.02 23.02 23.02 23.02 23.02 23.02 23.02 23.26 23.26 23.26 23.26 23.26 23.26 23.26 23.26 23.26 23.23 23.23 23.23 23.23 23.23 23.23 23.23 23.23 23.21 23.31 23.28 23.28 23.28 23.22 23.22 23.22 23.30 23.30 23.30 23.30 23.17 23.17 23.19 23.19 23.27 23.26 23.20 23.19 23.19 23.24 23.22 23.28 23.29 23.29 23.26 23.30
99999.90 99999.90 99999.90 99999.90 99999.90 99999.90 99999.90 99999.90 99999.90 99999.90 99999.90 99999.90 99999.90 99999.90 99999.90 99999.90 99999.90 99999.90 99999.90 99999.90 99999.90 23.02 23.02 23.02 23.02 23.02 23.02 23.02 23.02 23.02 23.02 23.02 23.02 23.26 23.26 23.26 23.26 23.26 23.26 23.26 23.26 23.23 23.23 23.23 23.23 23.23 23.23 23.23 23.23 23.21 23.17 23.28 23.28 23.28 23.13 23.22 23.22 23.30 23.30 23.30 23.07 23.17 23.17 23.17 23.25 23.28 23.25 23.19 23.14 23.10 23.24 23.24 23.23 23.25 23.26 23.32 23.30
99999.90 99999.90 99999.90 99999.90 99999.90 99999.90 99999.90 99999.90 99999.90 99999.90 99999.90 99999.90 99999.90 99999.90 99999.90 99999.90 99999.90 99999.90 99999.90 99999.90 23.11 23.02 23.02 23.02 23.02 23.02 23.02 23.02 23.02 23.02 23.02 23.02 23.02 23.26 23.26 23.26 23.26 23.26 23.26 23.26 23.26 23.23 23.23 23.23 23.23 23.23 23.23 23.23 23.23 23.21 23.17 23.22 23.22 23.22 23.13 23.13 23.25 23.18 23.18 23.18 23.07 23.07 23.20 23.20 23.20 23.08 23.21 23.18 23.20 23.20 23.11 23.13 23.19 23.21 23.20 23.15 23.19
99999.90 99999.90 99999.90 99999.90 99999.90 99999.90 99999.90 99999.90 99999.90 99999.90 99999.90 99999.90 99999.90 99999.90 99999.90 99999.90 99999.90 99999.90 99999.90 99999.90 23.11 23.02 23.02 23.02 23.02 23.02 23.02 23.02 23.02 23.02 23.02 23.02 23.02 23.02 23.26 23.26 23.26 23.26 23.26 23.26 23.26 23.23 23.23 23.23 23.23 23.23 23.23 23.23 23.23 23.21 23.22 23.22 23.25 23.25 23.23 23.23 23.24 23.21 23.21 23.16 23.04 23.07 23.07 23.17 23.21 23.17 23.16 23.20 23.17 23.16 23.04 23.11 23.17 23.06 23.10 23.08 23.15
99999.90 99999.90 99999.90 99999.90 99999.90 99999.90 99999.90 99999.90 99999.90 99999.90 99999.90 99999.90 99999.90 99999.90 99999.90 99999.90 99999.90 99999.90 99999.90 99999.90 23.11 23.02 23.02 23.02 23.02 23.02 23.02 23.02 23.02 23.02 23.02 23.02 23.02 23.02 23.26 23.26 23.26 23.26 23.26 23.26 23.26 23.23 23.23 23.23 23.23 23.23 23.23 23.23 23.04 23.04 23.13 23.13 23.25 23.25 23.12 23.12 23.20 23.17 23.16 23.16 23.04 23.04 23.14 23.23 23.25 23.23 23.12 23.15 23.09 22.99 23.02 23.13 23.18 23.17 23.09 23.04 23.04
99999.90 99999.90 99999.90 99999.90 99999.90 99999.90 99999.90 99999.90 99999.90 99999.90 99999.90 99999.90 99999.90 99999.90 99999.90 99999.90 99999.90 99999.90 99999.90 99999.90 23.11 23.02 23.02 23.02 23.02 23.02 23.02 23.02 23.02 23.02 23.02 23.02 23.02 23.02 23.02 23.26 23.26 23.26 23.26 23.26 23.26 23.23 23.23 23.23 23.23 23.23 23.09 23.04 23.04 23.04 23.04 23.18 23.18 23.09 23.14 23.20 23.14 23.10 23.10 23.12 23.12 23.09 23.10 23.28 23.23 23.14 23.11 23.11 23.07 23.09 23.14 23.17 23.11 23.10 23.15 23.08 23.06
99999.90 99999.90 99999.90 99999.90 99999.90 99999.90 99999.90 99999.90 99999.90 99999.90 99999.90 99999.90 99999.90 99999.90 99999.90 99999.90 99999.90 99999.90 99999.90 99999.90 23.11 23.02 23.02 23.02 23.02 23.02 23.02 23.02 23.02 23.02 23.02 23.02 23.02 23.02 23.02 23.26 23.26 23.26 23.26 23.26 23.26 23.23 23.23 23.23 23.23 23.09 23.09 23.09 23.18 23.18 23.18 23.16 23.17 23.11 23.14 23.12 23.15 23.08 23.02 23.05 23.12 23.10 23.21 23.19 23.12 23.12 23.03 23.06 23.09 23.09 23.12 23.09 23.04 23.08 23.05 23.09 23.07
99999.90 99999.90 99999.90 99999.90 99999.90 99999.90 99999.90 99999.90 99999.90 99999.90 99999.90 99999.90 99999.90 99999.90 99999.90 99999.90 99999.90 99999.90 99999.90 99999.90 23.11 23.11 23.11 23.02 23.02 23.02 23.02 23.02 23.02 23.02 23.02 23.02 23.02 23.02 23.02 23.19 23.19 23.19 23.19 23.19 23.19 23.23 23.23 23.23 23.04 23.09 23.09 23.09 23.09 23.12 23.12 23.12 23.11 23.15 23.13 23.12 23.08 23.08 23.06 23.04 23.10 23.20 23.23 23.10 23.14 23.10 23.01 23.03 23.06 23.16 23.11 23.06 23.06 23.06 23.05 23.06 23.05
99999.90 99999.90 99999.90 99999.90 99999.90 99999.90 99999.90 99999.90 99999.90 99999.90 99999.90 99999.90 99999.90 99999.90 99999.90 99999.90 99999.90 99999.90 99999.90 99999.90 23.11 23.11 23.11 23.11 23.11 23.02 23.02 23.02 23.02 23.02 23.02 23.02 23.02 23.02 23.02 23.07 23.10 23.19 23.19 23.19 23.19 23.06 23.06 23.01 23.04 23.04 23.09 23.09 23.09 23.15 23.14 23.15 23.11 23.13 23.13 23.11 23.07 23.04 23.07 23.01 22.99 23.08 23.14 23.19 23.10 23.03 23.01 22.97 23.02 23.02 23.03 23.04 23.02 23.00 23.00 23.01 23.02
99999.90 99999.90 99999.90 99999.90 99999.90 99999.90 99999.90 99999.90 99999.90 99999.90 99999.90 99999.90 99999.90 99999.90 99999.90 99999.90 99999.90 99999.90 99999.90 99999.90 23.11 23.11 23.11 23.11 23.11 23.11 23.11 23.02 23.02 23.02 23.02 23.02 23.02 23.02 23.04 23.07 23.10 23.10 23.10 23.06 23.06 23.06 23.06 23.01 23.04 23.04 23.09 23.09 23.09 23.14 23.12 23.06 23.07 23.14 23.13 23.08 23.07 23.02 23.10 23.12 23.06 22.98 23.12 23.11 23.02 23.01 23.05 23.02 23.05 23.05 23.00 23.03 22.97 23.04 23.00 23.03 23.03
99999.90 99999.90 99999.90 99999.90 99999.90 99999.90 99999.90 99999.90 99999.90 99999.90 99999.90 99999.90 99999.90 99999.90 99999.90 99999.90 99999.90 99999.90 99999.90 99999.90 23.11 23.11 23.11 23.11 23.11 23.11 23.11 23.11 23.11 23.02 23.02 23.02 23.02 23.02 23.04 23.07 23.10 23.10 23.10 23.10 23.17 23.17 23.17 23.01 23.04 23.04 23.03 23.03 22.98 22.98 23.08 23.09 23.11 23.09 23.09 23.07 23.11 23.07 23.13 23.02 22.99 23.04 22.98 22.98 22.99 22.98 23.00 22.99 23.03 23.05 23.01 22.97 23.08 23.05 23.02 22.98 22.97
99999.90 99999.90 99999.90 99999.90 99999.90 99999.90 99999.90 99999.90 99999.90 99999.90 99999.90 99999.90 99999.90 99999.90 99999.90 99999.90 99999.90 99999.90 99999.90 22.85 23.11 23.11 23.11 23.11 23.11 23.11 23.11 23.11 23.11 23.11 23.05 23.05 23.05 23.04 23.04 23.07 23.07 23.10 23.10 23.10 23.07 23.08 23.12 23.14 23.15 23.15 23.03 23.03 23.03 22.85 23.05 23.09 23.08 23.15 23.11 23.04 23.05 23.08 23.06 23.01 23.03 23.02 23.05 23.00 22.98 23.00 23.01 22.98 23.00 22.97 22.98 22.98 23.05 23.04 23.01 22.93 22.99
99999.90 99999.90 99999.90 99999.90 99999.90 99999.90 99999.90 99999.90 99999.90 99999.90 99999.90 99999.90 99999.90 99999.90 99999.90 99999.90 99999.90 99999.90 99999.90 22.85 23.11 23.11 23.11 23.11 23.11 23.11 23.11 23.11 23.11 23.11 23.11 23.10 23.10 23.04 23.04 23.07 23.07 23.13 23.13 23.13 23.12 23.08 23.09 23.07 23.08 23.08 23.13 23.13 23.12 23.11 23.09 23.02 23.07 23.09 23.07 23.04 23.06 23.03 23.00 23.01 23.06 23.02 23.01 23.00 23.07 22.97 22.96 23.01 22.98 22.94 23.00 23.05 22.96 23.01 22.97 22.95 22.95
99999.90 99999.90 99999.90 99999.90 99999.90 99999.90 99999.90 99999.90 99999.90 99999.90 99999.90 99999.90 99999.90 99999.90 99999.90 99999.90 23.03 23.03 23.03 23.03 23.11 23.11 23.11 23.11 23.11 23.11 23.11 23.11 23.11 23.11 23.11 23.10 23.10 23.02 23.02 22.97 23.10 23.10 23.10 23.10 23.11 23.05 23.12 23.05 23.08 23.06 23.06 23.04 23.06 23.08 23.06 23.05 23.06 23.03 23.01 23.02 22.96 22.97 23.02 23.00 23.06 23.01 22.97 22.97 23.01 22.98 22.91 22.97 22.99 22.92 22.99 22.93 22.94 22.89 22.89 22.92 22.94
99999.90 99999.90 99999.90 99999.90 99999.90 99999.90 99999.90 99999.90 99999.90 99999.90 99999.90 99999.90 99999.90 99999.90 99999.90 99999.90 23.03 23.03 23.03 23.03 23.11 23.11 23.11 23.11 23.11 23.11 23.11 23.11 23.11 23.11 23.04 23.04 23.07 23.07 23.08 23.05 23.06 23.12 23.12 23.08 23.07 23.09 23.09 23.00 23.03 23.04 23.03 23.07 23.05 23.06 23.03 23.00 23.00 22.98 22.95 23.00 22.98 22.97 23.00 22.99 23.01 23.00 22.97 23.00 22.97 23.01 23.04 23.02 22.92 22.94 22.97 22.84 22.91 22.89 22.91 22.86 22.92
99999.90 99999.90 99999.90 99999.90 99999.90 99999.90 99999.90 99999.90 99999.90 99999.90 99999.90 99999.90 99999.90 99999.90 99999.90 99999.90 23.03 23.03 23.03 23.03 23.03 23.03 23.11 23.11 23.11 23.11 23.11 23.04 23.04 23.04 23.04 23.04 23.04 23.05 23.02 23.07 23.06 23.08 23.10 23.06 23.07 23.07 23.03 22.99 22.98 22.99 23.00 23.02 23.04 23.03 23.00 23.03 23.02 22.97 22.98 22.99 23.02 23.01 22.98 22.98 22.97 22.99 22.96 23.00 23.00 23.01 23.00 22.96 22.90 22.89 22.85 22.83 22.90 22.87 22.87 22.83 22.90
99999.90 99999.90 99999.90 99999.90 99999.90 99999.90 99999.90 99999.90 99999.90 99999.90 99999.90 99999.90 22.97 22.97 22.97 22.97 22.97 22.97 23.03 23.03 23.03 23.03 23.03 23.03 23.04 23.04 23.04 23.04 23.04 23.04 23.04 23.04 23.06 23.05 23.05 23.02 23.01 23.03 23.01 23.03 23.02 23.03 22.99 23.00 22.96 22.98 23.00 23.00 23.01 22.98 22.98 23.00 23.01 22.95 23.01 22.99 22.98 22.96 23.00 23.00 23.01 22.97 22.96 22.98 22.97 22.97 22.95 22.97 22.92 22.95 22.91 22.87 22.89 22.83 22.71 22.85 22.89
99999.90 99999.90 99999.90 99999.90 99999.90 99999.90 99999.90 99999.90 22.97 22.97 22.97 22.97 22.97 22.97 22.97 22.97 22.97 22.97 22.97 23.03 23.03 23.03 23.03 23.03 23.03 22.85 22.85 23.04 23.04 23.04 23.04 23.06 23.06 23.05 23.02 23.02 22.99 23.04 23.07 23.00 22.99 22.98 22.99 22.99 22.99 23.00 22.98 22.98 22.99 22.93 22.91 22.96 22.98 23.01 22.99 22.98 22.95 22.92 22.99 22.97 23.00 22.99 22.94 22.92 22.93 22.94 22.94 22.94 22.89 22.86 22.87 22.89 22.89 22.82 22.76 22.84 22.91
99999.90 99999.90 99999.90 99999.90 99999.90 99999.90 99999.90 99999.90 22.97 22.97 22.97 22.97 22.97 22.97 22.97 22.97 22.97 22.97 22.97 22.97 23.03 23.03 23.03 23.03 23.03 22.85 22.85 22.85 22.85 22.85 23.06 23.06 22.86 22.86 23.02 23.01 23.03 23.05 23.03 22.97 23.01 22.98 22.98 22.99 22.95 22.97 22.95 22.97 22.99 22.93 22.95 22.95 22.97 22.91 22.99 22.95 22.90 22.88 22.97 22.88 22.91 22.95 22.96 22.89 22.91 22.93 22.92 22.93 22.84 22.78 22.86 22.85 22.83 22.86 22.84 22.88 22.92
99999.90 99999.90 99999.90 99999.90 99999.90 99999.90 99999.90 99999.90 22.97 22.97 22.97 22.97 22.97 22.97 22.97 22.97 22.97 22.97 22.97 22.97 23.03 23.03 23.03 23.03 23.03 23.03 22.85 22.85 22.85 22.85 22.85 22.86 22.86 22.86 22.94 23.06 23.06 23.04 23.02 22.97 22.97 22.96 22.94 22.93 22.90 22.93 22.93 22.91 22.90 22.92 22.96 22.97 22.98 22.88 22.92 22.91 22.90 22.88 22.93 22.91 22.84 22.90 22.95 22.91 22.86 22.89 22.88 22.92 22.84 22.80 22.87 22.85 22.85 22.85 22.84 22.83 22.85
99999.90 99999.90 99999.90 99999.90 99999.90 99999.90 99999.90 99999.90 22.97 22.97 22.97 22.97 22.97 22.97 22.97 22.97 22.97 22.97 22.97 22.97 22.97 23.03 23.03 23.03 23.03 23.03 23.03 22.85 22.85 22.85 22.85 22.86 22.86 22.86 22.94 23.06 23.02 23.01 22.98 22.95 22.94 22.89 22.92 22.93 22.92 22.92 22.91 22.90 22.84 22.94 22.94 22.90 22.92 22.92 22.90 22.88 22.86 22.86 22.85 22.95 22.91 22.88 22.88 22.88 22.86 22.87 22.87 22.92 22.89 22.89 22.91 22.88 22.86 22.84 22.85 22.80 22.83
99999.90 99999.90 99999.90 99999.90 99999.90 99999.90 99999.90 22.88 22.97 22.97 22.97 22.97 22.97 22.97 22.97 22.97 22.97 22.97 22.97 22.97 22.97 22.97 23.03 23.03 23.03 23.03 23.03 22.85 22.85 22.85 22.85 22.94 22.95 22.95 22.94 23.02 23.02 22.99 22.92 22.90 22.92 22.92 22.93 22.94 22.90 22.85 22.91 22.87 22.89 22.90 22.87 22.91 22.91 22.84 22.84 22.81 22.81 22.86 22.82 22.84 22.90 22.87 22.85 22.91 22.87 22.86 22.85 22.84 22.84 22.84 22.86 22.87 22.84 22.83 22.80 22.79 22.77
99999.90 99999.90 99999.90 99999.90 99999.90 99999.90 99999.90 22.88 22.97 22.97 22.97 22.97 22.97 22.97 22.97 22.97 22.97 22.97 22.97 22.97 22.97 22.97 22.97 23.03 23.03 23.03 23.03 22.95 22.90 22.90 22.94 22.94 22.95 22.95 22.96 22.89 22.89 22.93 22.93 22.92 22.92 22.93 22.94 22.93 22.91 22.87 22.88 22.85 22.87 22.85 22.80 22.89 22.91 22.88 22.84 22.86 22.82 22.89 22.88 22.87 22.83 22.84 22.88 22.85 22.88 22.84 22.85 22.90 22.79 22.87 22.85 22.84 22.84 22.83 22.85 22.82 22.80
