main/data/irradiance/25.09.2023.grid
ncols 839
nrows 679
xllcenter 112.0500
yllcenter -43.9500
cellsize 0.0500
nodata_value 99999.90
[rows 136 to 169 of 679, columns 616 to 692 of 839]
24.30 24.45 24.25 24.32 24.00 24.23 23.93 23.81 24.01 23.83 24.09 23.67 23.27 23.24 23.20 23.69 23.10 22.52 22.72 22.93 22.22 22.34 21.34 22.11 21.86 20.67 20.63 20.14 20.89 20.80 21.20 20.93 21.44 22.11 20.72 19.68 20.17 20.80 20.61 20.51 18.75 20.76 20.51 20.58 19.96 20.76 18.62 16.55 17.30 20.98 21.31 19.35 18.93 17.98 18.50 17.44 16.75 16.87 16.87 16.87 17.95 17.78 17.78 17.78 17.78 17.78 17.78 17.78 17.78 17.78 17.78 17.78 15.88 15.90 99999.90 99999.90 99999.90
24.20 24.68 24.24 24.19 23.90 23.56 23.79 23.86 23.80 23.54 24.03 23.88 23.96 23.90 23.66 23.85 23.54 23.18 23.12 22.31 21.92 22.11 22.52 22.69 23.04 22.07 21.09 20.19 20.19 20.04 20.47 21.14 22.11 22.34 21.68 21.24 21.77 21.42 20.62 20.68 18.86 19.29 19.60 18.97 17.54 17.24 18.49 17.68 15.43 18.68 19.84 19.23 19.45 19.19 16.87 14.77 15.65 16.16 16.16 16.81 17.95 17.78 17.78 17.78 17.78 17.78 17.78 17.78 17.78 17.78 17.78 17.78 15.88 15.90 17.87 99999.90 99999.90
24.29 24.32 24.28 24.01 23.75 22.78 24.16 23.96 23.65 24.07 23.71 23.57 23.91 23.26 23.00 23.73 22.97 23.16 23.34 22.82 22.74 22.16 22.35 21.55 21.67 21.08 20.98 20.33 20.30 19.64 18.91 19.85 20.84 19.91 20.63 21.31 21.90 21.43 20.47 20.56 20.22 20.63 19.35 18.66 17.10 17.03 16.99 17.66 17.42 18.24 18.80 17.60 18.81 18.92 17.59 17.15 16.35 15.10 15.10 16.81 17.95 17.78 17.78 17.78 17.78 17.78 17.78 17.78 17.78 17.78 17.78 17.78 15.88 17.87 17.87 99999.90 99999.90
24.42 24.36 24.29 24.16 23.60 23.63 23.25 23.79 23.24 23.64 24.02 23.49 23.88 23.12 23.53 23.70 23.62 23.60 23.61 23.16 22.36 21.90 21.62 21.04 21.14 21.39 21.39 20.34 20.88 21.02 21.11 21.01 21.08 21.01 21.82 21.56 21.73 21.83 19.78 19.88 21.34 20.28 18.33 18.92 16.74 16.69 16.53 15.94 17.57 18.51 18.73 19.58 19.57 19.29 18.76 18.23 17.21 16.73 16.17 15.83 17.24 17.78 17.78 17.78 17.78 17.78 17.78 17.78 17.78 17.78 17.78 17.78 15.88 17.87 17.87 99999.90 99999.90
24.36 24.46 24.38 23.85 23.89 23.85 23.20 23.79 23.93 23.54 23.19 23.84 23.77 23.17 22.93 23.31 22.98 23.50 23.57 22.66 21.84 20.87 21.29 21.51 21.17 21.61 21.53 20.25 20.96 21.53 21.80 21.16 20.05 20.99 20.55 21.47 20.94 21.48 21.27 21.20 21.90 21.06 18.00 17.62 17.01 17.63 17.45 17.20 17.52 18.98 18.72 18.62 17.74 17.90 19.00 16.90 14.58 15.99 18.42 18.23 20.02 20.02 20.02 17.78 17.78 17.78 17.78 17.78 15.88 15.88 15.88 15.88 17.87 17.87 17.87 99999.90 99999.90
24.02 24.11 24.50 24.22 23.99 24.02 23.06 23.72 23.70 23.47 23.83 23.46 23.13 22.09 22.55 22.82 22.69 22.87 23.49 23.48 21.82 21.62 21.95 21.62 21.02 21.68 21.51 21.13 20.07 20.80 21.04 20.62 21.09 20.73 21.21 21.81 21.42 20.94 20.40 20.90 21.08 19.31 19.05 17.66 17.63 17.68 18.53 19.87 19.70 20.37 19.88 19.08 18.49 15.58 15.65 14.21 13.29 15.00 17.59 17.49 18.07 18.07 15.38 15.38 15.38 15.38 15.88 15.88 15.88 15.88 17.87 17.87 17.87 17.87 17.87 99999.90 99999.90
23.60 23.88 24.43 23.94 23.34 24.08 22.98 23.42 23.58 24.06 23.83 22.93 22.62 22.25 22.50 23.09 22.97 22.00 22.17 22.57 22.14 22.16 22.31 20.84 21.27 21.75 21.80 21.14 21.38 19.25 19.77 19.02 19.96 20.22 21.73 21.39 21.65 21.65 20.63 20.60 20.15 18.35 18.79 18.96 18.38 18.56 20.02 21.56 20.66 19.14 18.86 17.55 16.84 16.21 14.51 14.31 14.46 14.39 16.18 14.85 14.06 15.38 15.38 15.38 15.88 15.88 15.88 15.88 15.88 17.87 17.87 17.87 17.87 17.87 17.87 20.04 99999.90
22.95 23.77 24.08 24.07 23.51 23.46 23.41 23.37 23.38 23.50 23.16 23.13 23.43 23.25 22.65 22.50 21.13 22.19 22.39 22.06 21.34 20.84 20.70 21.37 21.32 22.53 21.75 20.03 19.42 18.68 18.85 19.81 19.93 20.13 20.50 20.01 21.39 21.87 21.03 20.75 19.86 18.07 17.88 18.04 18.32 18.72 19.12 20.07 19.18 19.99 19.83 17.43 16.18 17.05 16.77 15.62 14.49 12.95 14.03 13.83 12.28 13.40 13.40 15.88 15.88 15.88 15.88 15.90 17.87 17.87 17.87 17.87 17.87 17.87 17.87 20.04 99999.90
23.22 24.02 22.84 23.70 23.75 22.74 22.54 24.02 23.53 23.70 23.23 22.41 22.80 23.24 22.59 20.55 19.28 21.13 22.00 21.67 20.87 21.20 22.15 21.16 20.82 22.15 21.64 19.82 19.98 21.06 21.28 20.36 20.65 19.69 20.29 20.02 20.64 21.44 21.22 20.97 20.56 19.12 19.84 18.73 18.76 17.66 19.59 19.87 18.99 18.67 19.01 18.30 16.03 16.91 17.19 16.87 16.52 14.75 13.60 12.54 10.63 11.09 15.88 15.88 15.88 15.90 15.90 17.87 17.87 17.87 17.87 17.87 17.87 17.87 17.87 20.04 99999.90
23.57 23.87 23.83 23.18 23.75 22.65 23.25 23.59 23.45 21.75 22.98 22.14 22.34 22.62 22.73 21.24 19.71 21.79 22.75 20.81 21.23 21.69 21.98 19.75 20.92 20.69 20.37 20.04 19.98 20.94 20.11 20.60 21.66 20.88 21.85 21.10 20.80 21.57 20.54 21.84 21.47 20.84 20.32 19.58 20.26 19.79 20.37 20.38 19.82 19.99 17.31 12.75 13.09 15.72 16.09 15.17 17.18 15.23 14.86 13.29 12.06 13.29 14.93 14.93 15.90 15.90 17.87 17.87 17.87 17.87 17.87 17.87 17.87 17.87 17.87 20.04 99999.90
23.53 24.18 24.21 24.45 23.71 23.07 24.19 23.63 22.89 21.97 22.24 23.49 22.31 21.66 22.31 22.65 21.49 20.50 21.09 20.93 21.04 21.38 21.05 19.38 18.81 19.82 21.08 20.84 20.13 21.77 21.09 22.01 21.04 21.64 20.76 20.13 20.47 21.78 20.84 21.56 21.39 19.79 20.56 20.10 19.88 19.61 19.06 20.40 20.47 19.66 17.07 14.03 12.79 14.33 15.92 15.05 16.64 14.94 15.40 15.46 12.14 12.96 15.60 15.90 15.90 17.87 17.87 17.87 17.87 17.87 17.87 17.87 17.87 17.87 17.87 20.04 99999.90
23.68 24.21 24.52 23.75 23.44 23.71 24.33 24.01 22.56 22.40 22.68 23.04 21.48 21.70 22.06 22.51 20.42 21.02 21.46 21.84 21.16 21.47 21.18 20.87 21.43 21.38 22.59 22.88 22.39 22.64 23.16 22.92 22.59 21.65 21.38 21.70 21.47 20.63 20.55 20.87 21.11 20.97 20.70 20.16 20.14 20.17 20.19 19.66 19.73 19.92 17.41 16.75 13.81 15.42 16.86 16.58 16.70 16.08 12.29 12.51 10.54 12.93 13.93 16.73 17.87 17.87 17.87 17.87 17.87 17.87 17.87 17.87 17.87 17.87 17.87 20.04 99999.90
23.38 24.19 24.09 23.11 23.46 24.67 24.68 23.90 22.79 23.10 22.64 22.74 21.98 22.43 22.71 22.37 21.05 20.86 21.58 22.47 22.35 21.86 22.64 21.90 21.85 22.96 23.07 23.29 23.81 22.97 23.88 23.38 23.60 23.23 23.16 23.08 22.85 22.59 21.96 21.72 21.44 21.31 20.77 19.87 19.80 19.36 18.31 17.70 17.39 17.32 18.32 19.37 16.34 14.23 15.33 15.98 14.75 15.62 13.51 12.69 12.05 14.13 14.15 17.09 17.87 17.87 17.87 17.87 17.87 17.87 17.87 17.87 17.87 20.04 20.04 20.04 99999.90
24.00 24.41 23.98 23.95 24.28 24.42 23.96 23.87 23.30 22.77 22.58 22.22 22.13 22.79 22.92 22.74 22.40 22.48 23.08 23.06 22.34 23.22 22.50 21.84 22.63 22.23 22.53 22.65 23.13 23.42 23.34 23.75 23.99 24.01 24.15 24.18 24.22 24.06 23.58 23.05 22.40 22.40 22.21 21.59 20.09 19.71 18.74 17.06 16.35 17.01 19.18 20.21 18.38 15.96 14.92 16.29 15.90 15.60 13.56 13.73 14.13 14.74 14.40 15.56 18.67 18.67 18.67 18.67 18.67 18.67 20.04 20.04 20.04 20.04 20.04 20.04 99999.90
23.99 24.53 24.14 23.47 24.02 23.98 23.05 23.54 23.62 22.83 22.12 22.40 22.08 22.39 22.81 23.15 22.71 22.14 22.70 22.75 21.80 22.97 22.03 22.13 22.56 22.31 21.91 22.55 22.83 23.74 23.41 23.91 23.78 23.98 24.03 24.27 23.99 23.73 23.66 23.76 23.10 22.02 21.67 21.19 20.55 20.32 18.61 18.19 17.23 16.84 19.20 18.77 18.24 17.23 14.87 15.16 17.30 17.04 14.01 13.60 14.80 14.35 16.46 15.98 17.12 17.12 17.12 20.04 20.04 20.04 20.04 20.04 20.04 20.04 20.04 20.04 99999.90
24.02 24.35 24.35 24.37 24.42 23.46 23.23 23.90 23.48 23.09 22.20 21.60 21.15 21.65 21.89 22.45 23.09 22.44 22.53 22.63 21.41 22.21 22.91 22.73 22.50 22.09 22.90 23.01 22.68 23.15 23.49 23.14 22.67 23.81 23.97 24.03 24.06 23.53 23.34 22.60 22.35 21.83 20.86 21.60 20.15 19.77 18.90 19.59 17.37 17.67 17.02 16.98 18.53 19.14 16.49 16.67 17.85 17.90 15.24 16.83 16.15 17.19 18.87 20.54 21.27 21.27 20.04 20.04 20.04 20.04 20.04 20.04 20.04 20.04 20.04 20.04 99999.90
23.96 24.19 23.90 24.25 24.40 23.90 23.95 23.90 23.24 23.30 22.88 22.25 21.58 21.09 21.01 21.67 23.21 22.64 22.29 22.36 22.45 22.14 22.11 22.52 21.69 22.44 22.23 22.57 22.68 23.02 23.05 22.89 23.40 23.69 23.82 23.83 23.62 23.64 22.79 22.39 21.97 21.71 22.22 21.17 20.76 20.79 19.78 19.00 19.87 19.66 19.03 18.40 17.91 17.93 15.88 15.08 18.01 19.59 17.02 19.31 17.72 17.77 20.54 21.36 19.99 20.04 20.04 20.04 20.04 20.04 20.04 20.04 20.04 20.04 20.04 20.04 99999.90
23.40 23.99 23.26 23.05 23.94 24.18 24.37 23.82 22.46 23.32 22.39 22.39 21.90 21.67 21.81 21.56 22.26 21.95 21.36 21.89 21.77 22.69 21.99 22.31 22.15 22.43 21.90 22.36 22.25 22.82 22.38 23.15 23.40 23.57 24.25 24.19 23.57 23.52 22.28 21.97 21.22 20.91 21.63 20.43 19.90 19.19 18.58 19.24 20.18 19.35 18.89 17.91 18.21 16.38 13.89 13.17 17.47 18.53 18.48 20.55 18.57 19.06 17.51 19.28 20.30 20.04 20.04 20.04 20.04 20.04 20.04 20.04 20.04 20.04 20.04 20.04 99999.90
23.47 23.71 23.94 23.63 23.77 23.46 23.82 23.83 23.59 23.59 22.77 22.69 22.13 22.08 22.11 21.70 21.97 21.64 21.87 22.24 22.05 22.46 22.13 21.88 21.89 22.16 22.81 22.39 21.50 23.25 22.71 23.15 23.26 23.51 23.52 23.81 23.99 23.62 23.05 22.65 22.49 21.90 21.64 20.58 20.16 19.90 21.48 20.68 20.26 19.26 18.58 18.02 16.91 16.96 15.67 15.14 16.12 17.73 17.55 20.71 20.83 20.53 20.34 19.77 22.04 22.04 22.04 20.04 20.04 20.04 20.04 20.04 20.04 20.04 20.04 20.04 99999.90
22.90 24.11 24.29 23.91 23.67 23.58 24.17 24.29 23.20 23.69 22.41 22.55 22.68 22.55 22.89 22.22 21.44 21.42 21.36 21.54 22.58 22.80 21.51 21.97 21.89 22.93 23.21 22.28 22.04 23.04 22.71 22.65 22.65 22.51 23.66 23.70 23.62 23.74 23.57 23.42 22.86 21.83 20.67 19.81 19.78 19.84 20.90 19.71 18.56 17.94 17.85 17.38 18.71 18.23 15.94 16.28 16.86 17.20 15.45 18.57 17.90 18.66 18.24 19.78 22.48 22.48 22.48 22.48 22.48 20.04 20.04 20.04 20.04 20.04 20.04 20.04 22.44
23.66 24.13 23.39 23.87 24.38 24.00 23.94 24.08 23.39 23.76 23.50 22.85 22.26 22.56 23.24 22.72 21.89 20.94 21.12 21.23 22.18 21.79 22.16 21.52 22.16 22.95 22.82 21.75 22.32 22.37 21.60 22.11 21.76 22.74 22.70 23.58 23.54 24.12 23.05 23.29 22.66 22.02 20.07 18.90 19.46 20.08 20.27 20.29 20.41 18.59 17.83 17.78 17.67 18.62 19.50 18.54 17.38 17.93 17.29 16.37 15.72 14.79 16.55 20.58 21.36 21.36 21.36 21.36 21.36 21.36 21.36 21.36 21.36 20.04 20.04 20.04 22.44
24.38 24.34 23.83 24.42 24.33 23.69 23.71 24.17 23.71 23.71 23.62 23.04 22.28 21.80 23.21 22.91 22.07 21.38 21.75 21.08 21.23 21.81 21.56 21.59 22.58 22.47 22.51 22.38 22.00 21.95 22.10 22.70 22.50 22.81 22.81 23.28 23.46 23.25 22.70 22.85 22.72 21.74 19.80 20.41 18.90 19.74 20.48 21.27 20.52 18.86 18.49 18.65 16.97 19.53 21.10 20.91 18.67 19.43 18.96 17.43 18.97 18.57 19.90 21.69 22.00 22.00 22.00 22.00 22.00 22.00 22.00 22.00 22.00 22.00 22.00 22.44 22.44
24.36 23.89 24.07 24.27 24.33 23.80 23.77 24.21 24.12 24.06 23.88 23.48 23.55 23.07 22.99 22.39 21.85 21.68 22.10 21.30 21.53 21.81 20.89 21.69 22.51 21.99 23.06 22.42 22.12 22.89 23.03 23.28 23.24 22.00 22.25 23.08 23.27 23.47 23.11 22.88 22.44 21.16 20.44 19.85 19.26 21.12 21.79 21.16 20.32 18.88 19.21 19.38 19.37 19.45 20.42 19.39 17.64 17.02 18.33 18.27 19.87 19.38 20.51 21.44 22.30 22.30 22.30 22.30 22.30 22.30 22.30 22.30 22.30 22.44 22.44 22.44 22.44
24.31 23.71 24.32 24.59 24.14 24.47 23.94 24.19 24.13 24.01 23.67 24.13 23.81 24.12 23.39 23.31 23.00 22.80 22.06 22.59 22.42 21.53 21.15 22.06 22.38 22.71 23.33 22.14 22.42 23.02 22.25 22.61 23.11 23.04 22.76 22.24 22.65 23.17 22.88 22.97 22.38 21.37 20.15 19.58 19.56 20.85 21.65 20.18 20.93 21.01 20.34 19.85 19.85 19.89 19.89 19.39 16.92 14.94 17.44 19.32 20.64 21.93 21.62 22.37 22.30 22.30 22.30 22.30 22.30 22.30 22.30 22.44 22.44 22.44 22.44 22.44 22.44
24.39 24.23 24.25 24.04 23.98 24.36 23.83 24.15 24.26 23.97 24.11 23.88 23.95 22.83 23.13 23.76 23.35 23.19 23.47 23.25 22.73 21.48 21.03 21.86 21.96 22.16 22.40 21.46 22.33 22.83 23.01 23.92 23.77 23.27 23.34 22.89 22.78 23.72 23.76 23.57 23.51 21.82 21.17 20.65 20.27 20.59 20.35 19.40 20.59 20.62 21.18 20.90 20.76 20.66 21.59 19.08 16.18 16.83 18.18 19.57 19.59 20.76 21.77 21.98 21.98 21.98 22.30 22.30 22.30 22.44 22.44 22.44 22.44 22.44 22.44 22.44 22.44
24.35 24.24 24.40 24.23 24.19 24.21 24.26 24.21 24.37 24.06 24.21 23.22 23.65 22.81 23.62 23.51 23.14 22.94 23.50 23.29 22.85 22.17 21.13 21.47 20.98 22.13 22.11 22.31 22.52 22.53 23.82 22.58 23.42 23.38 23.26 22.75 22.87 23.44 23.67 23.59 23.59 22.54 22.85 21.55 21.28 19.94 19.57 19.82 18.98 19.18 20.69 21.12 20.86 20.61 20.41 20.24 19.00 15.83 17.52 19.57 20.66 21.39 22.40 21.92 21.92 21.92 21.92 21.92 22.44 22.44 22.44 22.44 22.44 22.44 22.44 22.44 22.44
24.32 24.44 24.60 23.91 24.34 24.26 23.82 24.19 24.20 23.76 23.61 23.53 23.76 22.78 22.95 23.09 23.49 22.74 23.14 22.95 22.60 22.87 21.40 20.28 21.45 22.12 21.21 22.30 22.33 22.56 22.87 22.86 23.19 23.24 23.47 23.37 23.10 23.29 23.43 22.73 22.91 22.65 22.62 22.72 22.09 20.66 20.81 20.43 19.01 19.05 19.91 19.92 18.94 20.85 19.36 19.94 20.17 17.88 14.74 19.21 20.36 20.21 22.00 21.92 21.92 21.92 19.64 19.64 22.44 22.44 22.44 22.44 22.44 22.44 22.44 22.44 22.44
24.55 24.48 24.55 24.35 24.44 23.89 23.68 24.15 23.87 24.47 23.70 23.97 23.50 22.87 23.13 22.91 22.77 23.06 23.22 22.93 22.97 23.21 22.32 21.76 22.10 21.99 22.28 22.49 22.80 22.63 23.10 23.16 22.93 23.62 23.75 23.89 23.98 23.60 23.75 23.03 22.57 22.53 22.79 22.49 22.23 22.32 22.13 21.71 20.65 20.08 21.32 21.49 20.63 20.71 18.47 17.84 19.39 19.29 18.92 18.90 19.74 19.87 21.29 21.29 21.29 19.64 19.64 19.64 22.44 22.44 22.44 22.44 22.44 22.44 22.44 18.90 18.90
24.71 24.52 24.53 24.35 24.39 24.01 23.96 23.86 24.43 24.18 24.12 23.81 23.18 23.25 23.05 22.59 23.30 22.35 22.34 22.58 22.56 22.49 22.95 22.41 22.27 21.70 22.27 22.73 23.17 22.63 23.49 23.72 23.78 24.01 24.31 24.38 24.49 24.20 24.09 23.55 22.68 22.58 22.20 22.64 22.65 22.45 22.52 22.83 21.86 21.46 22.32 21.32 22.46 20.34 18.74 17.80 17.90 18.02 19.36 16.35 17.39 20.25 20.72 20.72 19.95 19.64 19.64 19.64 22.44 22.44 22.44 22.44 22.44 18.90 18.90 18.90 18.90
24.57 24.51 24.57 24.43 24.51 24.64 24.30 24.30 24.38 24.10 24.38 23.82 23.31 22.64 23.31 23.25 23.49 23.13 22.92 22.52 22.91 23.10 23.66 22.95 22.68 21.88 23.03 22.96 23.24 23.03 23.41 23.49 24.10 24.04 24.44 24.50 24.43 24.61 24.21 23.45 23.45 23.21 23.19 22.84 22.53 23.65 23.25 23.29 22.33 22.74 22.29 21.78 22.01 20.62 20.00 19.97 19.43 19.25 19.23 18.19 16.76 19.52 20.18 19.95 19.95 19.64 19.64 19.64 22.44 22.44 22.44 18.90 18.90 18.90 18.90 18.90 18.90
24.69 24.53 24.49 24.62 24.50 24.69 24.69 24.77 24.46 24.32 24.34 24.36 23.46 23.62 23.10 23.54 22.98 23.83 23.70 23.48 23.75 23.84 23.97 23.90 23.48 23.19 23.23 23.07 23.54 23.28 23.72 23.68 23.71 24.26 24.09 24.59 24.56 24.50 24.27 24.22 24.09 24.28 24.30 23.83 23.97 23.95 24.08 23.73 23.51 23.18 23.01 23.19 23.34 22.43 23.22 21.67 21.18 21.12 21.99 20.20 19.47 19.96 19.01 18.92 21.10 21.10 19.64 19.93 19.34 19.34 18.90 18.90 18.90 18.90 18.90 18.90 18.90
24.71 24.58 24.53 24.59 24.49 24.65 24.69 24.82 24.47 24.50 24.56 24.33 24.35 24.21 24.21 24.29 23.83 24.42 24.64 24.59 24.44 24.43 24.16 24.39 24.28 23.70 23.69 23.70 23.69 23.90 23.82 23.69 23.97 24.53 24.34 24.57 24.80 24.41 24.39 24.50 24.33 23.99 24.33 24.48 24.39 24.10 23.89 23.91 23.77 23.67 23.58 23.88 23.81 23.43 23.32 22.15 21.24 22.81 23.03 22.04 21.93 22.31 22.02 21.57 19.80 22.16 22.64 19.93 19.22 18.90 18.90 18.90 18.90 18.90 18.90 18.90 18.90
24.83 24.57 24.70 24.60 24.53 24.46 24.72 24.73 24.40 24.54 24.58 24.46 24.49 24.10 24.25 24.50 24.45 24.74 24.74 24.67 24.76 24.61 24.66 24.70 24.55 24.37 24.23 23.95 23.98 23.96 23.66 23.67 23.94 24.35 24.45 24.54 24.74 24.59 24.43 24.54 24.40 24.33 24.58 24.40 24.63 24.57 24.34 24.36 24.28 23.96 24.41 23.97 23.63 23.13 22.28 22.72 22.41 21.58 21.86 22.07 21.03 20.59 21.26 21.75 20.96 21.55 23.09 23.09 19.03 15.00 15.00 15.00 15.00 15.00 15.00 15.00 15.00
24.85 24.80 24.72 24.54 24.77 24.67 24.76 24.74 24.43 24.70 24.66 24.62 24.66 24.43 24.36 24.61 24.55 24.73 24.64 24.76 24.87 24.67 24.71 24.62 24.49 24.77 24.55 24.44 24.31 24.10 24.06 23.84 24.21 24.17 24.56 24.13 24.33 24.67 24.66 24.47 24.67 24.53 24.60 24.68 24.74 24.25 24.42 24.23 24.10 23.99 24.08 24.20 23.57 23.27 22.93 23.02 23.04 21.63 20.88 20.20 21.66 21.94 21.50 20.94 21.91 19.93 19.64 19.64 19.03 15.00 15.00 15.00 15.00 15.00 15.00 15.00 15.00
