main/data/irradiance/25.04.2023.grid
ncols 839
nrows 679
xllcenter 112.0500
yllcenter -43.9500
cellsize 0.0500
nodata_value 99999.90
[rows 374 to 407 of 679, columns 77 to 153 of 839]
15.01 15.06 14.95 14.81 14.35 13.42 13.80 14.21 14.54 14.39 14.72 15.61 15.99 16.18 16.50 16.51 16.41 16.34 16.22 16.59 16.16 16.30 16.61 16.60 16.62 16.66 16.54 16.69 16.71 17.01 16.99 16.85 16.78 16.45 15.91 16.10 16.54 16.32 16.81 16.80 16.80 16.82 16.51 16.35 16.36 15.71 15.28 15.05 14.81 14.92 14.46 14.16 13.35 13.37 13.07 11.40 11.03 10.06 11.36 11.02 11.41 12.20 11.25 10.01 10.84 11.48 11.34 12.15 11.31 10.37 10.14 10.55 9.85 9.20 9.73 9.54 9.26
15.39 15.00 14.57 14.34 14.19 14.14 14.01 14.01 14.00 14.72 14.66 15.54 15.25 15.63 16.18 15.85 15.79 16.29 15.78 16.27 16.41 16.34 16.77 16.83 16.61 16.53 16.45 16.76 16.68 16.87 16.88 16.78 16.58 16.32 16.57 16.59 16.80 16.62 16.62 16.92 16.57 16.74 16.74 16.68 16.27 15.81 15.18 14.72 13.91 14.52 14.69 14.54 13.83 13.52 13.96 12.71 11.55 10.53 10.90 11.82 11.63 11.52 11.24 10.94 10.89 10.29 11.10 10.96 11.22 10.83 10.78 10.39 10.00 8.93 9.06 9.86 9.25
15.46 15.39 15.23 15.14 14.77 14.15 14.24 13.29 13.74 14.55 14.66 15.20 16.10 15.75 15.54 15.56 15.77 15.89 16.22 16.26 16.39 16.40 16.74 16.76 16.63 16.41 16.32 16.54 16.78 17.00 17.04 17.05 16.91 17.08 16.72 16.65 16.55 16.80 16.73 16.82 16.81 16.57 16.23 16.61 16.46 16.41 15.41 14.50 13.48 14.30 14.64 14.71 14.72 13.58 13.87 12.98 11.45 10.55 11.45 12.33 11.53 11.63 12.14 11.90 11.48 10.02 10.27 10.69 10.60 10.66 10.48 10.58 9.91 9.38 9.88 10.06 9.24
15.58 15.36 14.38 14.66 14.74 14.75 14.18 14.03 14.44 14.29 14.59 14.41 14.54 14.45 15.45 15.90 15.86 16.07 16.42 16.62 16.23 16.15 16.22 16.27 16.42 16.49 16.42 16.90 16.96 16.80 16.72 16.76 16.95 16.83 16.76 16.46 16.31 15.99 16.23 16.28 16.63 16.80 16.59 16.49 16.24 16.21 16.42 14.87 13.85 14.16 14.52 14.41 14.74 14.20 13.54 12.81 12.17 10.96 10.76 11.07 10.93 11.86 11.24 11.77 11.98 10.23 10.30 10.86 9.79 10.15 10.24 9.77 9.96 10.58 9.67 9.18 9.42
14.73 14.89 14.75 15.09 14.19 13.82 14.72 14.43 14.00 14.87 14.25 14.51 14.95 14.95 15.90 15.77 15.76 16.12 16.23 16.19 15.98 16.38 16.19 16.25 16.59 16.55 16.83 16.76 16.75 16.91 16.67 16.47 16.58 16.72 16.66 16.42 16.39 16.59 16.35 16.36 16.70 16.65 16.86 16.61 16.47 16.26 16.32 15.70 14.46 14.08 14.41 14.61 14.52 14.16 13.45 13.56 13.32 11.73 11.19 10.76 11.25 10.46 11.52 10.95 11.38 11.30 10.83 10.58 9.73 9.93 10.83 10.57 10.19 9.92 9.27 10.05 9.42
14.79 14.23 15.09 15.02 15.17 14.67 15.23 15.21 15.16 15.41 14.54 14.59 15.14 15.62 15.43 15.36 15.43 15.63 15.53 16.10 16.45 16.76 16.81 16.46 16.30 16.46 16.51 16.64 16.35 15.98 16.22 16.28 16.36 16.59 16.76 16.82 16.57 16.81 16.71 16.98 16.99 16.83 16.54 16.81 16.41 16.22 16.23 15.78 15.35 14.24 14.27 14.34 14.71 14.86 14.09 13.10 13.77 12.86 11.44 11.20 10.83 10.51 10.89 11.23 11.02 10.74 10.42 10.01 8.75 10.17 10.24 10.18 9.87 10.53 10.54 9.53 9.64
15.23 15.71 15.67 14.87 15.63 15.31 14.79 15.30 14.41 15.25 15.98 15.86 15.77 15.80 15.67 15.67 15.09 15.50 15.54 15.36 15.54 16.28 16.62 16.55 16.68 16.48 16.50 16.39 16.37 16.47 16.34 16.01 16.40 16.47 16.90 16.73 16.71 16.57 16.54 16.49 16.40 16.67 16.68 16.54 16.66 16.18 16.45 16.16 15.65 14.80 14.16 14.50 14.61 14.70 15.03 13.57 13.86 13.35 12.27 11.80 11.20 11.47 10.79 11.80 11.53 11.33 10.74 9.57 9.24 9.67 9.44 9.91 9.86 9.77 10.35 9.45 8.84
16.02 15.55 15.87 15.62 15.50 15.39 15.12 15.36 15.69 16.10 15.95 15.85 15.67 14.98 13.95 14.74 14.80 15.02 15.28 15.93 16.05 16.68 16.50 16.62 16.67 16.87 16.52 16.72 16.66 16.42 16.49 16.56 16.47 16.57 16.81 16.60 16.79 16.88 16.65 16.45 16.39 16.28 16.53 16.67 16.60 16.18 16.29 16.45 16.19 15.25 14.15 13.96 14.73 14.39 14.58 13.62 13.83 13.35 12.72 11.61 11.75 12.53 11.43 11.77 11.41 12.03 11.15 10.89 10.64 9.54 9.69 9.99 9.86 8.60 9.99 10.39 8.49
15.52 15.51 14.97 14.30 14.81 15.04 15.12 15.56 15.51 16.01 15.62 14.89 14.72 14.62 15.39 14.87 15.21 15.45 15.75 15.91 15.60 15.27 15.91 16.45 16.20 16.54 16.65 16.80 16.71 16.76 16.61 16.29 16.53 16.56 16.53 16.82 16.42 16.61 16.72 16.65 16.44 16.57 16.74 16.62 16.79 16.70 16.69 16.53 16.31 16.11 14.56 14.37 14.75 14.33 13.98 14.03 14.49 14.00 13.47 11.83 11.66 11.96 11.99 11.85 12.30 11.27 11.29 10.17 9.73 10.12 9.14 10.52 10.03 9.20 10.10 9.99 9.88
15.13 14.98 14.49 14.29 14.07 14.75 15.08 14.91 15.11 15.03 15.73 16.10 15.70 15.10 15.21 15.51 15.22 14.60 14.89 15.04 15.59 15.84 16.46 16.35 16.09 16.72 16.68 16.87 16.63 16.65 16.80 16.57 16.69 16.74 16.43 16.62 16.62 16.65 16.54 16.60 16.64 16.70 16.43 16.64 16.61 16.60 16.74 16.59 16.75 16.60 15.68 14.62 14.58 13.94 14.06 13.69 14.35 14.72 12.93 13.37 12.90 12.48 11.31 11.02 11.79 12.13 11.70 10.76 10.03 10.88 9.78 9.78 9.76 9.67 8.82 9.09 9.29
15.25 13.99 13.65 14.04 14.74 14.45 14.84 14.89 15.65 15.50 14.19 15.39 14.88 14.81 15.31 14.80 15.46 15.24 15.64 15.26 15.28 15.18 15.65 15.96 16.44 16.37 16.50 16.43 16.71 16.67 16.58 16.84 16.83 16.70 16.68 16.66 16.77 16.68 16.75 16.57 16.30 16.09 16.60 16.53 16.41 16.71 16.52 16.65 16.65 16.73 16.21 15.39 14.97 14.28 13.74 14.03 14.34 14.25 13.17 13.37 12.68 12.36 12.23 11.37 11.71 11.41 11.03 10.75 10.39 11.00 9.89 9.67 9.94 10.57 9.46 8.56 9.16
15.41 14.85 14.81 15.38 15.57 15.56 16.10 14.71 14.11 14.42 13.78 13.96 14.48 14.54 14.49 15.08 15.03 14.64 15.73 15.52 15.64 15.56 15.90 15.56 16.06 16.33 16.40 16.63 16.51 16.97 16.79 16.73 16.88 16.94 16.75 16.44 16.50 16.59 16.54 16.54 16.27 16.46 16.39 16.45 16.68 16.72 16.70 16.52 16.55 16.76 15.98 16.01 14.93 14.69 14.10 14.90 14.28 14.61 14.65 13.84 13.82 12.89 12.54 12.32 11.85 11.42 10.64 11.27 10.57 10.81 11.26 10.52 11.18 10.54 10.83 8.55 8.56
15.37 15.75 14.98 15.49 15.74 14.60 14.01 14.73 15.26 14.98 14.62 13.96 14.80 14.61 14.84 15.30 15.14 15.32 14.61 15.07 15.68 15.72 15.78 16.12 16.56 16.48 16.80 16.95 16.97 16.69 16.72 16.77 16.36 16.21 16.28 16.56 16.69 16.81 16.85 16.51 16.15 16.23 16.35 16.51 16.66 16.69 16.73 16.73 16.46 16.50 16.09 15.81 15.27 15.19 14.52 14.55 14.79 14.62 14.57 13.13 12.87 13.07 11.80 12.09 11.83 11.03 11.01 11.44 11.46 11.10 11.04 9.41 10.83 10.77 10.83 10.29 8.06
15.87 15.61 15.00 14.65 13.39 14.43 15.27 14.92 14.87 13.89 13.65 14.92 14.98 14.49 14.50 14.82 15.40 15.28 15.74 15.85 15.91 16.05 16.42 16.09 16.54 16.55 16.53 16.43 15.63 15.62 15.96 15.89 16.34 16.81 16.69 16.30 16.36 16.93 16.90 16.55 16.44 16.52 16.65 16.47 16.60 16.59 16.76 16.59 16.47 16.85 16.35 16.26 15.73 15.33 15.05 14.81 14.24 14.26 14.17 13.57 12.93 12.85 12.73 12.50 11.79 11.54 11.05 10.69 10.71 11.36 11.50 9.80 9.62 10.94 10.97 10.22 8.87
14.69 14.59 14.66 14.57 14.36 14.38 14.40 14.29 14.41 14.60 14.23 14.87 14.76 15.15 14.80 14.38 14.06 15.03 15.56 15.53 15.85 16.24 16.23 15.99 15.81 15.86 15.69 16.48 16.36 16.10 16.72 16.72 16.25 16.00 16.02 16.36 16.56 17.25 16.90 16.78 16.46 16.20 16.52 16.80 16.68 16.77 16.86 16.58 16.16 16.14 16.34 16.41 15.96 16.20 15.10 14.87 14.41 14.36 14.18 13.70 13.08 13.25 13.07 12.19 12.15 11.03 11.70 10.82 10.96 11.51 11.82 10.28 9.52 10.40 10.15 9.30 9.21
14.32 14.38 13.97 14.27 13.72 13.97 13.85 14.79 14.95 14.20 14.61 14.79 15.07 15.67 15.96 14.64 16.12 15.18 15.94 15.91 15.64 15.69 15.17 15.51 15.97 16.38 16.43 16.30 16.18 16.19 16.49 16.76 16.85 16.68 16.42 16.88 17.00 16.94 16.81 16.93 16.81 16.43 16.43 16.69 16.51 16.62 16.74 16.57 16.77 16.41 16.53 16.43 16.51 16.00 15.93 15.18 14.39 14.18 13.90 13.61 13.29 13.38 13.28 12.46 12.48 11.43 11.31 11.21 11.07 12.57 11.60 10.93 9.97 9.51 10.36 10.29 10.12
15.72 15.52 15.19 14.53 14.61 14.47 14.55 15.21 15.30 15.03 12.90 14.42 14.89 14.98 15.57 14.96 15.61 15.26 15.05 14.84 15.20 15.85 15.93 15.62 15.30 15.15 15.73 16.28 15.78 16.14 16.15 16.17 16.78 17.10 16.91 16.79 16.37 16.58 16.31 15.84 16.25 16.46 16.71 16.93 16.98 16.56 16.63 16.66 16.61 16.30 16.24 16.30 16.16 15.97 16.07 15.58 15.23 14.22 14.60 13.55 13.89 14.25 13.04 12.48 12.05 11.48 11.42 11.45 10.79 11.66 11.09 10.71 11.21 10.67 10.41 9.46 9.95
15.84 15.55 15.08 15.85 15.53 15.50 14.96 14.68 15.10 14.71 13.76 13.38 14.56 15.00 15.27 15.52 14.50 14.58 15.33 14.96 15.05 15.53 15.56 15.78 15.72 16.07 16.09 16.07 16.38 16.04 16.16 16.14 16.04 16.59 16.66 16.63 16.45 16.16 16.19 16.28 16.43 16.49 16.38 16.32 16.54 16.49 16.60 16.46 16.53 16.40 16.46 16.50 16.10 16.00 15.97 15.75 15.54 14.76 14.70 14.31 13.75 13.92 13.12 13.02 11.59 11.48 11.54 11.67 11.67 10.29 10.45 11.22 10.07 8.74 9.50 9.70 9.46
15.57 16.00 15.94 16.27 15.45 15.23 15.02 13.77 13.83 14.04 14.71 13.91 13.85 14.43 15.36 15.13 15.54 14.76 14.70 14.97 15.05 15.49 16.00 16.16 16.37 15.84 15.96 15.55 15.78 16.08 15.88 15.97 16.49 16.81 16.76 16.60 16.51 16.41 16.42 16.56 16.47 16.30 16.18 16.20 16.72 17.02 16.66 16.52 16.85 16.52 16.22 16.50 16.46 15.99 16.11 15.98 15.43 14.97 15.15 14.52 13.89 13.82 13.37 12.50 12.25 11.58 11.28 11.84 11.87 10.66 9.91 11.89 10.70 10.24 8.92 10.07 10.09
16.18 14.92 14.92 15.40 14.72 14.13 14.70 14.98 14.80 14.85 13.44 14.58 15.02 13.27 13.80 14.64 15.51 15.71 14.18 14.64 15.16 15.54 16.05 15.76 15.85 15.71 15.68 15.56 15.56 15.73 15.99 15.87 16.26 16.02 16.22 15.89 16.22 15.69 15.87 16.58 16.49 16.05 16.24 16.29 16.35 16.30 16.84 16.56 16.58 16.30 15.90 16.16 16.39 16.43 16.05 16.33 15.89 15.66 15.62 15.04 14.43 14.14 13.77 13.09 13.64 12.40 11.68 11.49 11.76 11.97 11.04 11.28 10.41 10.64 10.15 9.63 9.32
15.82 14.02 13.72 14.46 14.44 14.35 15.24 14.38 14.26 13.81 14.45 14.47 15.06 13.77 14.77 15.28 15.69 15.63 15.47 15.23 14.94 14.88 14.42 15.14 15.62 15.54 15.99 15.91 16.16 15.91 15.67 16.31 16.44 16.13 15.80 16.09 16.00 15.90 15.55 15.92 15.96 16.37 16.51 16.36 16.51 16.35 16.51 16.63 16.63 16.47 16.50 16.36 16.09 16.49 16.65 16.10 15.88 15.71 15.84 15.56 15.23 15.26 14.38 13.57 13.18 12.47 12.65 11.74 12.03 11.90 11.71 10.99 10.70 11.18 10.55 10.38 9.51
14.87 13.64 14.65 14.80 14.80 14.38 13.53 14.10 14.29 14.45 14.10 15.20 14.75 15.23 15.27 14.21 14.94 14.85 15.57 14.62 14.93 14.96 15.55 15.57 15.43 15.65 16.30 16.32 16.08 15.88 15.55 16.30 16.16 15.66 15.42 15.31 15.64 15.48 14.98 15.08 15.49 15.45 15.58 15.72 16.37 15.94 16.21 16.60 16.49 16.35 16.61 16.45 16.25 16.31 16.30 16.01 16.39 16.16 15.88 15.73 15.35 14.58 14.85 13.50 13.10 13.29 12.79 12.76 12.50 11.74 11.11 10.59 10.77 11.05 11.79 10.37 9.80
14.52 13.57 14.19 13.83 13.71 12.36 12.43 14.18 14.20 14.49 14.41 14.21 14.66 14.92 14.95 14.98 14.69 15.52 15.91 15.73 14.97 14.92 14.88 15.04 15.12 15.08 14.77 15.64 15.95 15.90 15.74 16.57 15.93 16.17 15.83 15.25 15.61 15.84 15.98 15.44 15.65 15.43 15.52 15.82 15.91 16.16 16.29 16.13 16.29 16.48 16.35 16.38 16.08 16.28 16.12 16.25 16.18 16.10 16.15 16.11 15.63 15.28 15.28 14.48 13.41 12.96 12.76 12.87 11.32 11.61 11.49 11.04 11.37 10.46 10.90 10.45 9.50
15.15 14.38 14.24 14.59 13.90 13.96 13.17 14.08 15.25 15.11 14.33 14.39 14.98 14.42 14.90 15.59 14.73 15.33 15.98 15.33 14.83 14.36 14.93 14.86 14.80 14.87 15.02 15.73 16.29 16.06 16.02 16.09 15.72 16.16 15.85 15.52 15.71 15.83 15.63 15.94 15.78 15.68 15.77 15.69 15.89 15.90 15.73 16.00 16.37 16.54 16.31 16.29 16.38 16.46 16.26 15.93 15.95 15.90 15.90 16.04 16.19 15.64 15.59 15.06 13.53 12.73 12.87 13.03 12.07 11.45 11.66 11.83 11.90 11.65 10.81 10.81 9.75
14.59 13.57 13.14 13.20 13.68 14.70 14.30 14.88 13.78 14.82 14.99 14.42 15.03 14.44 14.39 14.89 14.47 15.12 15.01 15.20 15.53 15.61 15.31 15.69 15.81 15.06 15.16 15.58 15.66 16.11 15.47 15.64 16.05 15.92 15.47 15.55 15.23 15.07 15.41 15.33 15.11 15.26 15.57 15.83 15.86 15.89 15.86 16.13 16.26 16.21 16.08 16.31 16.16 16.13 16.14 15.70 15.76 16.03 16.16 15.94 16.00 15.90 15.94 15.70 14.60 13.57 13.69 13.72 12.76 12.17 11.99 11.94 11.44 11.79 11.28 10.26 9.39
13.41 13.81 13.00 13.42 14.83 14.03 14.19 14.68 14.45 15.09 15.05 15.14 15.36 15.73 15.33 15.05 15.25 15.08 15.00 15.08 15.40 15.22 15.91 15.65 15.61 14.64 14.71 14.87 14.77 14.78 15.78 16.10 16.03 15.31 14.73 14.68 14.69 14.86 15.53 15.22 15.18 15.08 15.42 15.51 15.65 15.60 15.45 15.66 15.55 15.90 16.12 15.93 15.96 15.69 16.22 16.36 15.95 15.92 16.09 15.59 15.94 16.16 15.82 15.54 15.01 13.06 13.51 13.36 13.72 12.82 12.59 11.77 11.73 11.99 10.84 10.65 10.42
13.54 13.26 13.54 13.99 14.54 15.13 15.05 14.84 14.26 14.69 14.64 15.23 15.34 15.18 14.89 14.41 14.40 14.85 14.64 15.35 15.41 15.23 15.48 15.89 15.75 14.85 15.11 15.87 15.85 15.18 15.86 16.03 16.16 15.80 15.37 15.21 14.86 15.16 15.48 15.39 15.67 15.10 15.20 15.52 15.66 15.48 15.37 15.84 16.12 15.92 16.10 15.85 15.93 16.01 15.81 15.70 15.78 15.92 15.98 15.65 15.21 15.68 15.69 15.25 14.68 13.01 13.60 13.62 12.96 13.43 12.45 12.06 11.95 11.75 11.46 10.54 10.79
14.40 13.01 13.79 13.39 14.38 14.36 14.79 14.18 15.20 14.87 14.91 14.08 13.72 14.00 14.62 14.34 14.48 14.06 14.62 15.31 15.11 15.06 15.03 15.07 15.73 15.72 16.22 15.42 15.43 15.49 15.93 15.93 15.55 15.21 15.35 14.57 14.91 15.29 15.16 15.88 15.49 15.79 15.33 15.73 15.90 16.04 15.61 16.13 15.97 16.06 16.16 16.07 16.05 16.18 15.66 15.84 16.09 15.82 15.95 15.73 15.64 15.59 15.60 14.96 14.25 13.73 12.85 13.20 13.25 13.16 12.09 11.91 11.56 11.94 11.82 11.63 11.10
14.59 15.33 14.69 14.17 14.00 13.35 14.02 15.18 15.27 14.21 13.69 14.42 15.00 15.46 14.41 14.56 14.48 14.02 14.53 13.53 13.49 14.28 15.57 15.48 15.86 15.80 16.20 15.93 15.81 15.04 14.95 15.56 15.59 15.33 15.43 14.99 15.20 15.67 15.95 15.94 16.02 16.17 15.85 16.00 16.18 16.08 15.82 15.87 15.79 15.84 15.79 15.80 16.08 16.28 16.35 16.17 16.36 16.20 16.00 15.64 15.84 15.60 15.35 15.26 14.34 14.20 12.95 12.82 13.22 13.36 13.54 12.43 11.13 11.28 11.31 11.38 11.02
14.85 14.37 14.92 14.20 14.55 13.69 13.12 13.49 14.73 14.93 13.61 13.47 13.53 13.47 13.98 13.14 12.74 14.75 15.19 13.95 14.34 14.92 14.80 13.96 15.04 15.59 15.95 15.75 15.78 16.08 15.66 15.81 15.83 14.89 15.07 15.41 15.25 15.38 15.29 15.86 15.79 16.19 15.94 15.87 15.76 15.74 15.62 15.50 15.77 15.90 15.77 16.05 16.10 16.28 16.10 16.12 16.09 16.47 16.40 16.13 15.80 15.46 15.47 15.09 14.50 14.52 14.13 12.31 12.74 13.25 13.91 12.25 10.92 11.60 11.63 11.73 11.53
14.95 15.14 15.01 14.87 14.06 13.93 14.85 14.55 14.73 14.45 14.24 14.70 13.52 13.63 13.24 12.89 13.76 15.10 14.73 14.63 13.78 14.33 15.07 14.56 14.68 14.74 15.02 15.61 16.06 16.26 15.91 15.81 15.79 15.13 14.69 14.70 15.31 15.02 15.27 15.75 15.62 15.68 15.71 15.98 15.79 16.35 15.98 15.56 15.49 15.52 15.69 15.56 15.84 16.12 15.98 16.06 15.72 15.87 15.94 16.38 15.93 15.60 15.32 15.01 14.94 14.61 14.21 13.12 12.89 12.84 12.89 12.57 11.96 11.93 11.62 10.97 11.55
15.62 15.12 14.82 15.30 14.47 13.67 14.31 13.44 13.08 14.83 14.57 15.00 13.93 14.44 15.04 14.17 13.02 11.80 13.72 13.57 13.10 13.69 14.84 15.18 15.24 15.93 16.43 16.51 16.56 16.33 16.15 16.43 16.27 15.59 15.11 15.10 14.74 14.50 15.06 15.31 15.39 15.52 15.79 16.07 16.04 16.19 16.26 15.79 15.34 15.95 15.85 15.83 15.65 16.01 16.08 15.94 15.78 15.81 16.04 15.90 15.98 15.81 15.40 15.10 14.89 14.60 13.90 13.93 12.80 12.65 12.42 12.67 12.95 11.21 11.39 10.46 11.05
14.93 15.44 15.55 15.22 14.20 14.25 14.43 13.52 13.29 13.42 13.58 14.25 13.38 13.50 14.93 15.37 14.34 14.44 14.13 13.83 13.35 14.10 14.65 14.93 14.60 15.05 15.11 15.87 15.55 15.09 16.01 16.19 15.76 15.78 15.33 14.75 15.53 15.03 15.02 14.97 15.14 15.27 15.37 15.80 15.64 15.57 15.62 15.41 15.15 15.50 15.69 15.53 15.52 15.81 15.90 16.25 15.73 15.77 15.69 15.94 15.89 15.96 16.02 15.75 15.43 15.01 14.22 14.81 13.53 13.23 12.83 12.23 13.11 12.46 11.21 10.26 9.55
15.18 14.79 15.39 15.25 14.85 14.41 14.19 14.76 14.39 14.22 13.35 12.90 13.34 13.17 13.85 14.03 15.01 14.27 13.69 14.37 13.85 14.35 13.71 13.73 14.04 14.42 14.90 14.70 15.34 15.84 16.27 15.54 14.71 14.79 14.79 15.39 15.57 15.17 15.66 15.03 15.40 15.44 14.96 15.25 15.80 15.38 15.56 15.80 15.62 15.37 15.50 15.51 15.50 15.89 15.72 16.03 15.43 15.33 15.52 15.54 15.94 16.33 15.93 15.79 15.97 15.37 14.58 15.12 13.78 13.64 12.32 11.76 12.15 12.16 11.61 10.90 10.18
