main/data/irradiance/25.03.2023.grid
ncols 839
nrows 679
xllcenter 112.0500
yllcenter -43.9500
cellsize 0.0500
nodata_value 99999.90
[rows 204 to 237 of 679, columns 77 to 153 of 839]
19.23 99999.90 99999.90 99999.90 99999.90 22.84 21.93 21.93 20.67 20.67 20.67 20.67 20.67 20.67 20.67 20.67 20.67 20.67 20.67 20.67 20.67 20.39 20.39 20.39 20.39 20.39 20.39 20.39 20.39 22.20 22.11 22.11 22.11 22.11 20.31 20.05 20.87 20.87 20.92 20.92 20.92 20.92 20.92 18.74 18.74 18.74 19.40 20.06 19.69 18.91 17.96 12.95 12.95 12.95 13.51 13.51 12.91 12.55 12.78 12.22 12.22 12.29 11.45 11.29 10.84 9.76 12.11 13.98 14.88 14.40 14.88 14.72 15.46 16.20 17.24 18.08 18.23
19.23 99999.90 99999.90 23.88 23.88 23.88 23.88 23.88 23.88 20.67 20.67 20.67 20.67 20.67 20.67 20.67 20.67 20.67 20.67 20.67 20.67 20.39 20.39 20.39 20.39 20.39 20.39 20.39 22.20 22.20 22.11 22.11 22.11 22.11 22.11 20.31 20.05 20.87 20.87 20.92 20.92 20.92 20.92 18.74 18.74 18.74 19.40 20.06 19.69 18.91 17.96 15.19 12.95 12.95 13.51 13.51 12.91 12.55 12.78 12.78 12.22 11.74 11.08 10.40 10.74 11.36 13.29 15.01 15.55 15.89 16.13 15.26 15.90 17.10 17.32 17.93 18.19
19.23 23.37 23.37 23.37 23.37 23.37 23.37 23.37 23.37 23.88 20.67 20.67 20.67 20.67 20.67 20.67 20.67 20.67 20.67 20.67 20.67 20.39 20.39 20.39 20.39 20.39 20.39 20.39 22.20 22.20 22.87 22.11 22.11 22.11 22.11 20.31 20.31 20.05 20.87 20.87 20.92 20.92 20.92 20.92 18.74 18.74 19.40 20.06 19.69 18.91 17.96 15.19 12.95 12.95 13.51 13.51 12.91 12.55 12.61 12.12 11.71 10.55 10.86 10.96 11.96 13.25 14.70 15.44 15.07 15.09 15.84 15.38 15.98 16.38 17.05 17.74 18.39
23.27 23.27 23.27 23.27 23.27 23.27 23.37 23.37 23.37 23.88 21.93 20.67 20.67 20.67 20.67 20.67 20.67 20.67 20.67 20.67 20.67 20.39 20.39 20.39 20.39 20.39 20.39 22.20 22.20 22.93 22.87 22.11 22.11 22.11 22.11 20.31 20.31 20.05 20.05 20.87 20.87 20.92 20.92 20.92 18.74 18.74 19.40 20.06 19.69 18.91 17.96 15.19 13.52 13.62 13.47 13.27 12.26 11.46 11.33 11.18 11.18 11.13 10.80 11.48 13.21 13.81 15.06 15.14 14.98 15.52 16.11 15.62 16.83 16.89 17.35 18.48 19.40
23.27 23.27 23.27 23.27 23.27 23.27 23.37 23.37 23.37 23.88 23.88 21.93 20.67 20.67 20.67 20.67 20.67 20.67 20.67 20.67 20.67 20.39 20.39 20.39 20.39 20.39 20.39 22.20 22.20 22.93 22.87 22.11 22.11 22.11 22.11 20.31 20.31 20.31 20.05 20.05 20.87 20.87 20.92 20.92 19.02 19.11 19.44 19.59 18.29 17.16 16.46 15.51 13.74 12.51 12.37 13.23 12.61 11.98 11.77 12.32 12.04 12.28 12.25 12.62 13.81 14.33 15.04 15.53 16.01 16.48 16.40 16.84 16.36 16.73 17.49 18.35 18.68
23.27 23.27 23.27 23.27 23.27 23.27 23.27 23.37 23.37 23.37 23.88 23.88 21.93 20.67 20.67 20.67 20.67 20.67 20.67 20.67 22.76 20.39 20.39 20.39 20.39 20.39 22.20 22.20 22.20 22.93 22.87 22.11 22.11 22.11 22.11 21.51 20.31 20.31 20.28 20.05 20.05 20.87 20.87 19.71 18.75 18.55 19.09 18.60 16.79 16.23 15.87 15.94 14.35 12.35 13.37 13.61 13.13 12.29 13.04 13.43 12.53 12.72 13.08 13.56 14.69 14.77 15.41 16.79 17.85 17.27 16.76 16.19 16.02 15.98 16.33 17.75 18.41
23.27 23.27 23.27 23.27 23.27 23.27 23.27 23.37 23.37 23.37 23.88 23.88 21.93 21.93 20.67 20.67 20.67 20.67 20.67 20.67 22.76 20.39 20.39 20.39 20.39 20.39 22.20 22.20 22.93 22.93 22.87 22.59 22.11 22.11 22.11 21.51 20.31 20.31 20.31 20.28 20.05 20.05 19.72 18.46 17.52 17.93 19.24 17.54 15.78 15.91 15.74 15.59 14.84 13.37 13.34 13.14 13.29 12.65 14.02 13.99 14.57 14.24 14.07 14.96 15.10 15.14 15.67 16.72 17.26 17.71 17.52 14.10 14.36 14.21 14.81 16.27 18.01
23.27 23.27 23.27 23.27 23.27 23.27 23.27 23.37 23.37 23.37 23.88 23.88 23.88 21.93 21.93 20.67 20.67 20.67 20.67 20.67 22.76 22.76 20.39 20.39 20.39 22.20 22.20 22.20 22.93 22.93 22.87 22.59 22.11 22.11 22.11 21.51 21.06 20.31 20.31 20.28 20.28 19.66 18.83 18.24 18.10 18.04 16.70 17.16 16.45 16.22 15.55 14.13 13.92 14.24 13.62 14.04 15.12 14.84 14.39 13.90 14.40 14.22 15.17 15.46 15.42 16.25 16.56 15.50 14.83 16.61 15.55 12.83 13.62 12.55 13.64 15.37 15.43
23.27 23.27 23.27 23.27 23.27 23.27 23.27 23.37 23.37 23.37 23.37 23.88 23.88 22.84 21.93 21.93 20.67 20.67 20.67 20.67 22.76 22.76 20.39 20.39 20.39 22.20 22.20 23.02 22.93 22.93 22.87 22.59 23.01 22.11 22.11 21.51 21.06 20.31 20.31 19.66 19.43 19.25 18.43 18.54 19.09 18.53 17.74 16.94 16.56 16.83 16.48 15.20 14.25 14.95 15.05 16.17 16.28 15.29 13.75 14.15 14.19 14.81 15.32 15.21 14.96 16.00 16.68 14.58 13.84 13.07 12.69 11.62 14.26 13.04 12.87 14.94 15.74
23.27 23.27 23.27 23.27 23.27 23.27 23.27 23.09 23.37 23.37 23.37 23.88 23.88 23.88 22.84 21.93 21.93 23.57 23.57 23.65 22.76 22.76 22.04 21.58 21.29 22.20 22.20 23.02 22.93 22.93 22.87 22.59 23.01 22.11 22.11 21.51 21.06 21.58 20.80 20.07 20.06 20.32 20.78 20.08 20.17 19.26 17.71 18.53 17.14 17.09 16.80 15.67 15.62 15.71 16.13 17.38 15.68 14.70 13.88 15.03 14.75 15.04 13.59 14.17 13.85 14.78 13.16 12.77 12.85 12.75 11.74 12.16 13.36 12.93 14.40 16.85 16.11
23.27 23.27 23.27 23.27 23.27 23.27 23.27 23.09 23.37 23.37 23.37 23.17 23.88 23.88 22.84 22.84 23.42 23.34 23.73 23.65 23.60 22.91 22.10 22.19 22.37 22.90 23.09 23.02 22.93 22.93 22.87 22.59 23.01 22.54 22.62 22.61 21.61 21.21 19.57 19.72 20.30 20.15 20.50 20.63 19.32 18.10 18.77 19.24 18.81 19.11 17.80 17.00 16.82 16.38 16.30 16.11 14.65 12.12 12.56 13.72 14.52 15.11 13.59 13.93 13.71 15.03 11.66 12.15 13.30 14.19 13.57 11.83 13.64 12.84 15.25 16.71 17.31
23.26 23.27 23.27 23.27 23.27 23.27 23.27 23.09 22.88 23.37 23.37 23.17 23.88 23.88 23.28 23.27 22.82 22.39 23.19 23.66 23.62 22.08 21.82 22.06 22.91 23.01 22.53 22.63 23.03 22.97 23.29 22.73 22.92 22.61 22.85 22.49 21.04 20.85 20.04 20.55 20.66 19.79 19.13 18.95 17.86 18.12 19.08 19.31 20.14 19.58 18.60 18.07 16.87 16.66 16.09 14.27 14.22 12.93 14.09 12.91 13.22 14.94 12.52 11.49 14.14 15.33 13.27 14.54 13.52 13.63 13.10 11.84 12.88 14.59 16.26 16.54 16.47
23.26 23.26 23.27 23.27 23.27 23.27 23.27 23.09 22.88 23.37 23.37 23.17 23.76 23.08 23.31 22.29 21.99 22.28 22.69 23.07 22.31 20.57 21.58 23.03 22.89 22.95 22.53 22.82 23.01 23.04 22.83 22.78 22.44 22.91 22.80 21.67 21.98 21.08 21.23 21.06 19.50 18.09 17.99 18.70 18.59 18.81 19.12 19.72 20.99 20.12 18.79 18.01 16.46 16.48 14.62 13.80 14.33 12.85 13.46 12.69 13.49 13.89 12.14 12.44 14.04 15.08 13.15 14.00 13.91 14.99 14.60 11.86 12.71 14.23 16.20 16.98 17.45
23.75 23.26 23.26 23.50 23.27 23.27 23.27 23.09 22.88 22.75 22.57 22.79 22.43 22.00 21.12 21.23 21.53 21.77 21.06 19.88 20.57 20.77 21.45 23.22 23.24 23.04 22.62 22.39 22.58 22.22 21.83 21.79 22.07 21.79 22.21 22.34 22.89 22.13 20.26 19.86 18.41 19.28 19.23 19.78 19.94 18.95 19.65 19.55 20.20 19.42 18.29 16.88 15.58 15.34 14.50 13.53 14.51 13.32 14.34 14.06 13.87 15.11 13.86 13.66 14.54 13.58 12.92 12.40 12.44 14.63 13.22 12.69 13.01 14.54 14.91 15.14 15.85
23.75 23.26 23.26 23.26 23.50 23.15 23.15 22.18 22.44 21.72 21.66 21.67 21.50 20.50 21.23 21.17 20.41 21.30 20.49 19.54 19.93 20.36 21.61 22.65 23.11 22.68 22.39 21.82 21.13 21.29 20.43 20.38 20.37 21.15 22.82 22.67 20.92 21.14 20.97 20.45 20.00 20.43 20.35 20.58 21.11 20.35 20.27 19.21 19.31 18.79 17.47 16.87 17.15 16.10 15.64 14.75 15.52 15.43 14.43 14.89 14.19 15.41 13.00 12.31 12.98 11.89 12.55 12.24 13.47 14.75 13.09 12.61 11.95 12.21 11.46 12.18 13.11
23.75 23.75 23.26 23.26 23.50 23.50 22.22 21.65 22.31 20.96 20.71 20.05 18.70 20.87 20.46 19.78 20.05 22.12 21.54 20.59 21.12 19.00 20.23 21.47 21.82 21.89 23.00 22.98 21.96 19.76 18.93 20.03 20.47 22.00 20.98 20.31 19.83 19.99 19.25 18.81 19.55 21.57 21.19 20.41 19.82 19.59 18.63 18.36 18.90 19.39 17.69 16.24 16.62 16.28 15.91 16.62 16.14 15.60 15.06 16.04 14.72 14.66 12.34 11.68 12.22 12.74 13.55 13.90 13.15 13.78 13.54 12.47 10.49 11.56 11.14 11.35 10.82
23.75 23.75 23.26 23.26 22.77 23.05 21.61 20.28 21.78 20.73 19.80 18.01 17.61 20.12 19.89 19.01 18.04 21.12 20.59 19.38 20.32 18.39 17.74 18.66 20.25 22.28 22.38 22.38 20.98 19.46 20.56 19.54 19.54 18.55 16.58 18.03 18.71 18.41 19.14 18.88 18.89 19.34 20.76 20.70 20.56 19.53 18.89 19.24 19.14 19.91 17.98 15.98 15.12 14.88 16.32 16.15 15.98 16.22 15.84 14.92 16.04 14.82 13.61 12.45 13.66 14.44 15.28 13.45 13.47 13.29 12.63 11.54 11.13 10.99 10.16 11.94 11.05
23.75 23.75 22.79 22.75 22.06 20.90 18.73 17.19 20.16 18.81 17.97 15.19 16.72 17.97 19.45 17.14 18.67 19.88 19.98 20.06 19.77 17.51 16.68 19.03 19.27 20.98 22.31 22.39 22.70 21.54 21.27 20.69 16.94 16.26 15.73 16.06 16.43 16.30 18.02 18.05 18.58 18.12 18.98 19.59 20.10 20.13 19.52 20.02 19.59 19.40 18.59 19.61 18.49 15.83 16.58 15.47 16.23 17.21 15.68 14.89 16.09 15.19 14.38 14.13 14.84 13.51 15.59 15.34 14.48 14.01 14.20 12.99 10.26 10.08 10.87 12.05 11.84
24.17 22.30 22.29 22.14 21.17 18.11 17.48 16.04 16.31 16.69 17.11 14.95 14.98 16.48 19.34 17.83 18.22 17.59 18.77 20.82 19.63 18.43 15.25 17.95 17.68 19.34 21.35 20.39 20.83 19.29 19.68 18.22 15.30 14.03 15.42 15.97 15.29 15.08 17.01 16.64 17.70 16.63 17.23 18.81 19.26 19.12 19.63 20.36 20.77 19.48 19.20 20.04 19.10 17.64 18.30 17.01 14.46 15.85 14.84 15.50 15.26 14.93 15.89 14.61 13.75 14.33 15.09 13.95 13.95 13.56 12.63 12.51 11.93 11.11 10.82 12.72 13.77
24.30 21.94 22.06 20.26 18.88 17.44 19.00 17.02 15.47 16.05 16.91 16.75 16.33 17.60 19.38 18.57 18.32 16.55 16.07 18.41 18.02 17.74 16.29 17.58 17.20 17.61 18.54 17.42 18.25 18.82 18.80 17.93 17.40 16.26 16.09 15.77 14.11 13.46 15.48 16.99 17.76 17.84 16.38 18.63 17.87 17.39 19.12 19.97 20.07 18.58 20.16 18.97 17.66 18.96 17.97 16.03 14.92 15.53 15.96 15.50 15.93 15.41 15.57 13.68 14.17 14.35 15.01 13.93 12.54 12.37 12.23 12.48 12.72 13.12 12.55 13.58 14.11
23.69 22.33 19.79 17.41 20.07 18.79 19.90 17.32 15.96 13.98 15.40 15.91 16.38 16.47 18.87 18.09 16.85 16.37 15.60 17.03 16.65 15.74 14.80 16.16 15.54 15.78 17.03 16.73 18.01 17.89 18.22 17.86 16.82 15.41 17.34 16.53 15.17 13.50 14.48 17.03 18.55 18.02 17.04 17.61 17.59 16.11 17.09 19.04 18.14 17.36 19.01 18.58 17.99 18.03 15.71 15.01 15.49 15.76 16.20 16.03 14.46 14.58 15.15 13.63 13.54 14.84 14.75 13.96 13.03 11.44 11.35 11.29 12.73 13.35 13.30 12.81 13.10
23.61 22.04 17.73 18.82 21.07 20.70 18.47 17.73 16.93 13.92 15.40 16.09 16.77 17.30 18.60 18.83 17.31 16.08 14.40 16.30 16.02 15.79 15.44 15.72 15.06 15.82 15.18 17.08 18.04 17.60 17.48 17.86 16.75 16.80 16.54 16.07 15.85 15.18 14.79 16.59 18.49 18.79 17.60 16.40 17.16 16.80 15.96 15.54 16.93 17.70 17.16 16.25 16.24 16.85 15.70 16.01 17.68 16.65 15.71 15.06 12.34 13.83 14.26 14.52 13.26 14.34 15.20 14.77 13.23 11.97 10.77 10.38 13.03 12.43 11.77 10.91 10.95
23.22 21.53 17.90 20.09 19.71 18.22 18.43 17.64 16.35 15.75 13.46 16.02 16.06 16.76 17.62 17.97 17.11 15.58 15.05 15.79 16.69 15.33 15.12 15.98 16.54 14.88 15.70 17.12 17.99 17.66 17.19 17.40 17.45 17.83 17.97 16.07 16.18 16.07 15.54 16.37 18.27 17.93 17.94 17.37 17.31 16.66 16.44 14.44 16.01 17.64 17.19 15.04 15.20 16.27 15.32 16.01 16.76 15.35 15.05 14.26 11.81 13.69 13.80 13.81 12.88 13.90 14.55 13.94 13.60 12.85 12.18 11.39 11.79 11.15 9.79 10.62 10.35
21.67 21.37 19.55 18.52 18.20 18.06 17.25 16.46 16.85 16.69 14.60 16.67 16.19 17.87 17.10 17.52 17.45 15.86 16.14 17.65 17.54 14.82 15.35 15.90 15.20 15.00 15.58 15.63 15.42 17.10 17.53 18.43 18.34 18.53 18.24 17.77 17.43 16.41 15.78 17.31 18.59 17.89 17.72 18.10 17.79 17.27 15.56 14.79 16.77 16.41 18.04 17.00 15.40 16.95 16.72 16.94 16.20 14.75 14.92 14.85 14.07 14.24 13.23 13.69 12.90 14.76 14.67 13.47 12.12 13.03 13.50 11.82 11.07 10.07 9.67 11.38 11.31
19.74 19.52 21.84 19.28 19.08 18.65 17.38 15.46 17.26 18.13 17.67 17.05 16.78 16.87 17.17 17.26 16.39 16.68 16.04 17.41 17.49 16.72 17.00 16.44 15.28 15.46 16.21 15.27 15.63 16.30 17.16 18.76 20.10 19.22 18.35 17.37 18.84 17.94 17.06 18.50 18.56 16.82 18.13 18.78 18.61 16.97 16.31 16.57 16.64 15.99 16.60 16.63 17.79 17.41 16.96 16.88 15.43 14.82 15.13 14.21 14.60 14.14 13.63 13.65 12.74 14.33 14.31 12.56 10.77 11.29 11.66 11.66 11.12 10.87 10.09 12.84 12.06
20.85 21.09 22.21 21.04 20.41 20.54 19.56 19.11 18.62 18.57 18.47 16.81 17.48 16.31 16.58 16.89 15.79 16.50 17.01 17.43 17.68 16.80 17.80 17.11 17.61 16.87 17.09 16.42 15.42 15.98 16.34 17.86 18.03 17.82 17.87 17.47 18.09 19.16 18.72 18.77 18.92 18.47 18.27 19.02 18.42 16.56 16.94 17.10 17.81 18.43 18.02 18.53 17.87 17.14 16.80 16.44 14.95 14.96 14.18 14.34 15.20 13.39 12.24 12.96 13.10 14.07 12.15 11.80 10.72 10.41 11.82 10.00 10.74 13.18 11.65 12.66 11.81
20.96 21.79 21.21 21.62 21.86 20.22 19.60 19.52 18.96 17.88 15.83 16.62 16.31 16.64 16.64 16.86 17.74 17.20 17.24 17.53 17.77 18.21 17.58 17.50 18.26 16.59 16.88 17.27 16.75 16.62 17.07 17.22 17.22 17.83 19.63 19.41 19.63 19.00 19.70 20.13 19.55 17.92 17.04 16.43 17.18 15.62 16.21 17.16 18.10 19.77 19.83 19.51 17.62 17.81 18.15 15.93 14.10 15.01 14.11 14.26 13.92 11.59 13.04 13.24 12.51 12.77 10.67 10.03 10.18 11.31 10.72 8.19 9.36 12.43 13.29 13.13 11.15
20.24 22.09 21.20 22.38 22.68 20.48 19.05 19.55 18.33 18.40 17.15 17.20 17.42 18.08 17.71 17.85 18.81 18.48 17.15 17.42 17.61 17.97 18.12 18.42 17.44 16.62 16.99 17.84 18.38 17.96 18.30 17.18 17.90 18.36 19.61 20.07 19.55 19.65 20.43 20.25 20.03 18.72 16.11 16.80 16.03 15.93 15.59 17.23 17.35 18.08 18.65 18.45 19.00 19.09 18.59 15.98 14.66 14.72 14.74 14.38 14.70 12.65 13.04 9.62 9.74 11.42 10.94 9.30 11.28 11.15 10.13 7.55 8.05 10.25 11.67 12.22 11.03
19.05 21.08 21.04 20.85 20.68 20.37 20.71 20.23 19.37 19.56 18.88 17.87 18.69 17.20 17.33 18.55 18.94 18.73 17.58 17.07 17.50 16.98 17.05 18.83 17.27 17.38 17.82 18.90 18.94 17.88 18.26 17.89 17.72 18.45 18.99 19.39 20.33 20.04 20.82 19.94 19.98 18.72 17.78 17.13 15.28 15.30 16.67 17.12 16.60 16.04 15.87 16.56 18.01 18.21 17.42 17.25 15.83 14.34 14.29 15.89 15.13 11.85 11.63 11.11 9.82 10.89 11.63 10.27 10.55 9.35 10.92 8.97 8.42 11.13 11.31 12.35 10.95
19.36 20.41 20.72 19.49 19.08 20.13 20.65 21.51 19.72 19.29 18.58 18.23 17.67 16.15 18.10 18.72 18.88 18.62 17.73 17.02 16.87 16.65 17.52 18.86 18.28 18.49 19.31 18.13 19.59 18.76 19.08 18.88 18.05 17.51 18.07 18.53 19.78 20.36 21.18 19.18 19.13 18.67 17.00 16.21 14.92 14.52 16.32 16.01 16.78 16.44 16.41 18.02 18.27 18.46 18.28 17.50 16.15 14.63 14.17 12.00 12.63 13.16 13.34 13.04 10.48 10.81 11.04 10.29 9.67 9.21 9.97 10.24 10.50 10.80 10.90 10.57 10.43
20.19 20.02 20.53 19.65 18.58 19.93 20.51 21.20 20.93 19.18 17.79 19.29 18.58 18.16 17.67 18.04 19.94 18.33 16.92 17.79 16.91 17.51 18.13 17.96 17.80 19.24 19.37 18.54 18.09 19.53 19.18 17.04 16.71 17.59 18.52 18.75 18.57 18.62 20.76 18.63 18.24 18.31 16.78 15.00 14.63 14.13 15.80 15.29 15.10 16.14 15.66 17.41 18.19 17.94 17.73 16.95 15.32 14.23 12.85 11.77 12.20 14.50 14.25 13.83 11.57 10.72 11.23 11.80 12.12 9.66 10.41 10.46 11.14 10.28 10.41 10.53 10.57
20.48 20.80 20.63 19.83 19.11 19.45 20.47 19.62 21.06 18.59 18.77 19.67 17.78 18.20 17.34 16.63 19.13 17.92 17.26 18.35 17.88 18.71 18.81 15.68 17.79 17.85 17.91 17.21 18.61 19.74 19.57 17.50 17.12 17.02 18.26 17.69 18.50 18.49 19.47 18.93 18.65 18.57 17.43 15.68 15.82 16.17 15.30 15.86 14.21 15.05 16.41 17.15 17.51 15.91 16.41 15.92 14.87 14.51 12.12 12.26 11.61 14.41 14.86 14.58 13.57 10.58 11.27 11.96 12.20 10.53 10.00 10.06 11.49 10.06 8.16 8.96 9.66
21.43 20.98 20.37 20.34 19.90 19.78 20.87 20.04 19.55 19.41 18.39 17.57 18.45 17.86 16.53 17.95 17.96 18.10 17.92 18.41 17.21 18.01 19.02 17.63 17.60 17.53 16.67 17.66 18.36 19.24 19.85 18.22 17.59 17.03 16.58 17.89 18.69 19.06 19.57 19.13 19.77 19.55 17.91 17.19 16.68 17.41 15.33 17.38 15.64 15.93 15.21 17.35 16.91 15.01 15.15 14.22 14.42 14.11 12.55 12.85 11.46 14.22 15.31 15.19 15.20 11.51 10.85 8.67 10.80 9.29 9.39 11.26 10.39 9.76 9.71 10.25 10.80
21.47 20.86 21.03 20.64 20.02 20.78 19.98 19.88 19.71 19.39 17.78 17.86 18.95 17.48 16.99 19.02 19.30 18.58 19.83 19.10 18.52 18.67 18.03 17.82 17.74 18.21 17.44 18.52 18.70 19.11 19.14 18.77 18.71 18.00 17.59 17.95 17.83 18.94 19.42 18.41 19.29 19.17 17.45 17.13 15.73 16.45 16.40 15.43 15.46 14.43 15.96 18.51 16.99 15.58 15.61 14.67 14.81 14.99 13.77 13.73 13.43 13.92 14.53 15.37 14.87 13.41 10.76 10.00 11.02 12.34 10.79 11.54 10.69 10.97 11.66 12.39 11.25
