main/data/irradiance/25.09.2023.grid
ncols 839
nrows 679
xllcenter 112.0500
yllcenter -43.9500
cellsize 0.0500
nodata_value 99999.90
[rows 238 to 271 of 679, columns 539 to 615 of 839]
23.92 23.68 23.45 23.87 24.05 24.29 24.32 24.14 24.25 24.07 24.20 24.32 24.20 24.26 24.28 24.25 24.37 24.15 24.27 24.24 24.01 24.05 24.12 24.13 24.10 24.05 24.11 24.40 24.41 24.37 24.40 24.36 24.40 24.38 24.06 24.14 24.21 24.39 24.21 24.18 24.30 24.34 24.29 24.21 24.37 24.39 24.35 24.38 24.41 24.30 24.24 24.38 24.35 24.25 24.29 24.39 24.35 24.12 24.22 24.17 24.18 24.39 24.43 24.35 24.22 24.12 24.14 23.93 23.97 24.08 24.05 24.01 24.08 24.06 24.18 24.18 24.26
23.85 24.02 23.81 23.96 24.24 23.73 24.42 24.31 24.10 24.27 24.05 24.16 24.18 24.22 24.23 24.23 24.26 24.25 24.26 24.14 24.07 24.23 24.01 24.08 24.14 24.07 24.09 24.23 24.37 24.26 24.34 24.46 24.47 24.33 24.11 24.32 24.27 24.35 24.30 24.22 24.33 24.29 24.30 24.13 24.37 24.41 24.35 24.40 24.40 24.17 24.20 24.35 24.38 24.29 24.32 24.43 24.38 24.22 24.07 24.18 24.31 24.40 24.38 24.32 24.17 24.14 24.12 23.94 23.92 23.88 23.91 24.04 24.28 24.40 24.28 24.13 24.27
23.72 24.18 23.86 24.09 24.03 24.03 24.11 24.19 24.30 24.16 24.35 24.31 24.27 24.11 24.17 24.16 24.16 24.06 23.98 24.04 24.17 24.28 24.32 24.08 24.12 24.14 24.24 24.26 24.18 24.27 24.29 24.32 24.34 24.35 24.19 24.26 24.32 24.26 24.14 24.26 24.35 24.34 24.27 24.12 24.27 24.37 24.35 24.35 24.37 24.12 24.05 24.24 24.37 24.35 24.38 24.18 24.23 24.35 24.24 24.18 24.35 24.40 24.38 24.28 24.17 23.99 23.91 23.83 23.87 23.93 24.00 24.09 24.15 24.22 24.26 24.11 24.09
23.79 24.07 23.82 24.26 24.13 24.21 24.31 24.16 24.34 24.38 24.25 24.35 24.32 24.33 24.08 24.04 24.00 24.04 24.00 24.07 24.05 24.19 24.22 24.21 24.15 24.23 24.27 24.33 24.20 24.28 24.35 24.44 24.33 24.19 24.40 24.07 24.24 23.94 24.17 24.37 24.36 24.31 24.20 24.10 24.37 24.32 24.25 24.35 24.22 24.16 24.13 24.26 24.19 24.25 24.19 24.08 24.11 24.29 24.25 24.16 24.39 24.39 24.36 24.33 24.22 24.08 23.98 23.84 23.81 23.92 23.88 23.97 24.22 24.23 24.14 24.05 24.08
23.53 23.64 24.02 24.00 24.07 24.34 23.93 24.35 24.07 24.29 24.32 24.40 24.30 24.36 24.23 24.14 24.04 23.89 24.17 24.07 24.16 24.10 24.13 24.36 24.15 24.18 24.30 24.28 24.19 24.23 24.40 24.29 24.32 24.20 24.09 24.10 24.13 23.98 24.15 24.15 24.25 24.20 24.02 24.09 24.18 24.28 24.18 24.13 24.15 24.23 24.07 24.10 24.09 24.14 24.22 24.15 24.12 24.24 24.30 24.19 24.30 24.31 24.38 24.30 24.21 24.13 24.07 24.00 23.80 23.89 24.02 24.02 24.07 24.14 24.08 24.05 24.10
23.32 23.87 23.80 23.89 24.05 24.30 24.17 24.17 23.96 24.23 24.38 24.29 24.34 24.31 24.33 24.17 24.06 24.05 24.13 24.12 24.24 24.09 24.09 24.15 24.29 24.14 24.22 24.31 24.39 24.30 24.29 24.25 24.31 24.33 24.16 24.07 24.06 24.12 24.16 24.10 24.06 24.10 24.15 24.14 24.31 24.30 24.08 24.05 24.13 24.24 24.17 24.09 24.18 24.30 24.15 24.19 24.20 24.17 24.34 24.19 24.35 24.34 24.35 24.33 24.30 24.17 24.15 24.07 23.88 24.00 24.05 24.04 24.06 24.19 24.13 24.06 24.18
23.76 24.08 23.57 23.94 24.01 24.22 24.20 24.02 24.00 23.86 24.26 24.26 24.29 24.21 24.32 24.28 24.16 24.05 24.15 24.11 24.13 24.10 24.03 24.00 24.29 24.20 24.25 24.35 24.38 24.32 24.29 24.26 24.21 24.22 24.04 24.05 24.08 24.34 24.29 24.28 24.27 24.25 24.36 24.31 24.29 24.20 23.98 24.00 24.11 24.04 24.14 24.21 24.20 24.34 24.07 24.21 24.17 24.19 24.26 24.30 24.33 24.38 24.38 24.39 24.26 24.10 24.13 24.07 23.94 24.09 24.10 24.11 24.17 24.19 24.03 23.96 24.08
23.80 23.87 23.62 23.89 23.87 23.98 24.32 24.29 24.01 24.18 24.12 24.08 24.26 24.20 24.28 24.29 24.31 24.28 24.04 24.19 24.26 24.04 23.98 24.05 24.16 24.20 24.32 24.35 24.35 24.29 24.34 24.37 24.20 24.13 23.99 24.04 24.19 24.33 24.39 24.36 24.38 24.37 24.32 24.10 24.18 24.05 24.04 24.05 24.06 24.08 24.13 24.21 24.26 24.19 24.29 24.30 23.87 24.13 24.22 24.25 24.38 24.37 24.36 24.37 24.34 24.23 24.16 24.13 23.96 24.10 24.06 24.04 24.31 24.25 23.99 24.10 24.19
23.85 23.91 23.76 23.74 24.18 24.14 24.06 24.20 24.16 24.15 24.16 24.12 24.13 24.29 24.24 24.23 24.21 24.24 24.09 23.98 24.16 23.98 23.97 24.17 24.29 24.23 24.31 24.33 24.33 24.37 24.33 24.33 24.23 24.02 24.22 24.22 24.22 24.33 24.32 24.36 24.30 24.31 24.33 24.03 24.02 24.06 24.15 24.05 24.15 24.18 24.15 24.08 24.11 24.14 24.09 24.04 24.00 24.24 24.14 24.37 24.40 24.26 24.31 24.37 24.38 24.27 24.12 24.03 23.92 23.99 24.01 23.97 24.18 24.20 24.20 24.05 24.32
24.04 24.02 23.54 23.97 24.03 24.21 24.07 24.18 24.14 24.10 23.94 24.23 24.17 24.39 24.35 24.33 23.95 24.37 24.06 23.98 23.97 23.76 23.94 24.20 24.14 24.12 24.20 24.31 24.31 24.47 24.26 24.21 24.04 23.97 24.38 24.27 24.17 24.23 24.26 24.34 24.38 24.31 24.23 24.20 23.98 24.16 24.18 24.25 24.14 24.17 24.07 23.94 24.07 24.23 24.05 24.17 24.11 24.29 24.21 24.27 24.34 24.29 24.36 24.36 24.33 24.35 24.21 24.06 23.91 24.21 24.32 24.01 24.01 24.08 24.07 24.06 24.27
23.86 24.07 23.73 23.89 24.19 24.12 24.08 24.26 24.17 24.16 24.14 24.21 24.46 24.41 24.37 24.45 24.20 24.44 24.20 24.19 23.84 23.87 24.05 24.26 24.22 24.07 24.31 24.42 24.34 24.40 24.18 24.02 23.96 24.07 24.19 24.19 24.17 24.20 24.28 24.48 24.38 24.28 24.25 24.29 24.10 24.03 24.16 24.08 24.02 24.13 23.97 24.06 24.04 24.12 24.39 24.25 24.31 24.18 24.17 24.29 24.15 24.31 24.34 24.34 24.33 24.23 24.16 24.01 24.15 24.23 24.23 24.17 24.03 23.98 23.92 23.96 24.00
24.16 23.91 24.16 24.29 24.17 24.25 24.39 24.25 24.29 24.10 23.78 24.32 24.30 24.29 24.36 24.30 24.26 24.41 24.36 24.16 23.90 24.04 23.95 24.12 24.29 24.45 24.38 24.40 24.35 24.34 24.06 24.05 24.07 24.24 24.16 24.11 24.12 24.23 24.36 24.32 24.34 24.25 24.20 24.22 24.04 23.99 24.02 23.92 23.98 23.97 24.02 24.18 24.12 24.18 24.11 24.14 24.30 24.19 24.38 24.34 24.11 24.28 24.36 24.40 24.35 24.33 24.08 24.05 24.24 24.17 24.13 24.21 24.09 23.98 24.02 23.82 24.06
24.29 24.00 24.35 24.15 24.26 24.35 24.18 24.10 24.03 24.16 24.13 24.27 24.42 24.22 24.40 24.43 24.20 24.21 24.20 24.21 23.92 24.15 24.12 24.16 24.38 24.36 24.33 24.27 24.34 24.35 24.21 23.98 24.35 24.47 24.26 24.21 24.10 24.21 24.26 24.40 24.32 24.21 24.27 24.19 23.96 23.89 23.91 23.98 24.01 23.98 24.07 24.22 24.17 24.15 24.09 24.08 24.23 24.17 24.33 24.29 24.12 24.24 24.31 24.37 24.36 24.32 24.10 24.14 24.32 24.24 24.09 23.96 24.20 24.25 24.32 24.30 24.22
24.12 24.30 24.33 24.34 24.22 24.26 24.07 24.47 24.18 24.37 24.15 24.30 24.46 24.33 24.28 24.29 24.39 24.20 24.40 24.34 24.01 24.25 24.14 24.17 24.23 24.30 24.40 24.25 24.34 24.26 24.26 24.12 24.51 24.47 24.20 24.30 24.21 24.28 24.40 24.40 24.22 24.28 24.25 24.20 24.06 23.89 23.90 24.10 24.05 24.07 23.98 24.01 23.99 23.92 24.21 24.30 24.25 24.12 24.23 24.15 24.20 24.28 24.31 24.27 24.26 24.21 24.16 24.31 24.25 24.04 23.94 23.99 24.29 24.08 24.05 24.17 24.34
24.37 24.23 23.93 24.06 24.37 24.28 24.05 24.44 24.12 24.28 24.07 24.38 24.37 24.31 24.27 24.24 24.32 24.29 24.44 24.39 24.17 24.13 24.07 24.24 24.12 24.16 24.22 24.29 24.25 24.23 24.35 24.19 24.44 24.32 24.30 24.22 24.24 24.26 24.34 24.34 24.17 24.25 24.20 24.19 24.04 24.07 24.12 23.98 24.06 24.18 24.05 23.99 24.05 24.11 24.17 24.21 24.28 24.32 24.14 24.06 24.18 24.22 24.24 24.31 24.08 24.08 24.22 24.26 24.04 23.92 23.94 24.17 24.31 24.09 23.93 24.11 24.22
24.13 24.14 23.93 24.05 24.15 24.29 24.03 24.07 24.12 24.33 24.22 24.12 24.29 24.22 24.21 24.21 24.38 24.32 24.29 24.25 24.14 24.07 24.09 24.32 24.24 24.15 24.09 24.13 24.21 24.15 24.43 24.32 24.16 24.23 24.34 24.24 24.22 24.19 24.15 24.22 24.24 24.20 24.21 24.22 24.12 24.08 24.09 23.97 23.93 24.10 24.03 23.95 24.02 24.14 24.17 24.21 24.23 24.29 24.25 24.08 24.11 24.14 24.16 24.08 24.04 24.18 24.36 24.19 24.02 23.89 23.95 24.22 24.24 23.96 24.00 24.12 24.14
24.22 24.02 24.14 24.24 24.01 24.15 24.04 24.22 24.31 24.26 24.01 23.95 24.21 24.24 24.21 24.13 24.36 24.41 24.38 24.27 24.22 24.11 24.06 24.27 24.31 24.20 24.27 24.10 24.18 24.13 24.17 24.22 24.03 24.19 24.32 24.16 24.19 24.20 24.15 24.19 24.22 24.32 24.27 24.14 24.05 24.08 24.10 24.04 23.99 24.09 24.03 23.98 24.04 24.11 24.12 24.10 24.10 24.13 24.07 24.03 24.09 24.11 23.94 24.03 24.16 24.23 24.35 24.01 24.01 23.91 24.03 24.26 24.18 24.07 23.95 24.07 24.13
24.12 24.18 24.21 24.25 23.75 23.91 24.17 24.24 24.24 24.06 24.14 23.96 24.04 24.19 24.39 24.23 24.34 24.33 24.36 24.23 24.15 24.19 24.33 24.45 24.30 24.27 24.24 24.25 24.20 24.08 24.12 24.07 23.93 24.09 24.39 24.23 24.24 24.24 24.26 24.27 24.24 24.26 24.15 24.17 24.09 24.13 24.07 24.02 24.07 24.12 24.09 24.11 23.85 24.03 24.17 24.27 24.01 24.00 24.10 24.02 24.04 24.05 24.08 24.06 23.96 24.09 24.20 23.96 23.91 23.96 24.14 24.18 24.13 23.98 23.95 24.08 24.08
24.11 24.31 24.20 24.24 23.99 23.92 23.87 23.87 24.15 24.20 24.12 24.23 24.00 24.18 24.36 24.21 24.31 24.22 24.31 24.27 24.16 24.36 24.43 24.43 24.29 23.92 23.91 24.43 24.13 24.12 24.23 24.10 24.03 24.22 24.26 24.24 24.27 24.29 24.31 24.30 24.21 24.21 24.23 24.21 24.14 24.10 24.10 24.09 24.01 24.07 24.12 24.13 24.01 23.96 24.24 24.24 23.98 23.97 23.95 23.88 23.96 24.06 24.11 24.23 24.21 24.18 23.93 23.96 24.02 24.14 24.21 24.14 24.16 24.10 24.02 23.95 23.96
24.14 24.19 24.23 24.12 24.05 24.19 24.04 24.18 24.06 24.05 23.99 24.20 23.92 24.21 24.28 24.30 24.33 24.25 24.32 24.25 24.29 24.38 24.67 24.45 24.30 24.16 24.04 24.28 24.13 24.11 24.12 24.08 24.33 24.19 24.20 24.22 24.30 24.46 24.22 24.26 24.14 24.07 24.11 24.14 24.22 24.19 24.16 24.22 24.15 24.27 24.33 24.19 23.91 24.03 24.15 24.25 24.05 23.92 24.00 23.97 24.03 24.10 24.26 24.21 24.19 24.11 24.00 23.95 24.16 24.28 24.24 24.18 24.21 24.21 23.96 23.90 23.95
24.20 24.19 24.13 23.84 24.07 23.99 24.12 24.11 24.07 24.23 24.16 24.07 23.90 24.12 24.29 24.09 24.21 24.17 24.04 24.18 24.19 24.29 24.41 24.37 24.29 24.20 24.07 24.16 24.09 24.11 24.33 24.25 24.26 24.12 24.25 24.18 24.23 24.28 24.27 24.16 24.12 24.14 24.04 24.04 24.25 24.25 24.27 24.20 24.27 24.28 24.19 24.01 23.92 24.00 24.08 24.32 24.06 23.87 23.96 23.99 24.02 23.94 23.94 23.98 24.16 24.11 23.93 24.09 24.25 24.32 24.16 23.98 24.04 24.04 23.93 23.86 23.90
23.91 23.79 23.74 23.47 24.24 24.15 24.34 23.80 23.27 23.73 24.05 23.96 24.08 24.07 24.37 24.30 24.05 23.99 24.00 24.09 24.21 24.22 24.14 24.33 24.14 24.07 24.01 24.05 24.01 24.16 24.22 24.24 24.16 24.18 24.30 24.41 24.33 24.30 24.11 24.07 24.20 24.03 24.11 24.11 24.24 24.26 24.25 24.23 24.30 24.17 24.10 24.08 23.87 23.99 24.13 24.02 23.80 23.89 23.95 23.98 24.00 24.00 24.03 23.94 24.04 24.15 24.04 24.14 24.24 24.30 24.25 24.13 24.10 24.07 24.02 23.94 23.88
23.42 23.52 23.73 23.39 23.46 23.91 23.86 23.55 22.87 22.89 23.10 23.30 24.08 24.17 24.26 24.19 23.98 24.08 24.07 24.09 24.15 24.24 24.20 24.10 23.94 24.06 24.15 23.98 24.04 24.08 24.10 24.18 24.18 24.28 24.40 24.26 24.25 24.17 24.03 24.01 24.09 24.04 24.11 24.10 24.20 24.28 24.26 24.26 24.22 24.18 24.09 24.03 23.93 23.94 23.85 23.86 23.96 23.93 23.93 23.92 24.08 24.06 24.04 24.04 24.02 24.08 23.96 24.09 24.27 24.20 24.28 24.22 24.26 24.13 24.14 24.01 23.80
24.00 23.82 23.30 23.04 22.97 22.80 22.87 22.74 23.65 23.62 22.93 23.15 23.79 23.91 24.16 24.13 23.88 24.11 24.14 24.15 24.19 24.09 24.03 24.03 23.96 23.84 23.97 24.07 24.11 23.97 24.21 24.14 24.27 24.41 24.37 24.38 24.33 24.23 24.03 24.16 24.21 24.17 24.16 24.03 24.05 24.04 24.15 24.13 24.10 23.96 23.93 23.97 24.10 23.96 23.95 23.98 24.00 23.96 24.07 24.10 24.09 23.94 24.00 23.99 24.14 24.16 24.02 24.15 24.12 24.13 24.29 24.17 24.25 24.30 24.28 24.13 23.96
24.16 23.95 24.15 24.14 24.21 23.96 23.73 23.90 24.20 24.22 23.63 23.15 23.84 23.84 24.07 23.97 24.05 23.94 24.01 23.96 24.35 24.19 24.19 24.20 24.19 23.99 23.97 23.83 23.91 24.00 23.99 24.22 24.18 24.23 24.27 24.23 24.23 24.12 24.02 23.99 24.20 24.09 23.99 24.00 24.12 24.07 23.96 24.15 23.99 23.86 23.92 24.04 24.04 24.00 24.06 23.93 24.14 24.24 24.13 24.11 23.98 23.92 23.97 24.10 24.21 24.09 24.23 24.13 24.05 24.16 24.28 24.15 24.26 24.24 24.13 24.01 23.92
24.19 24.14 24.12 24.10 24.32 24.32 24.31 24.18 24.16 24.07 24.01 23.18 23.41 23.95 24.01 23.89 24.02 23.94 24.07 24.07 24.23 24.25 24.22 24.25 24.05 23.94 24.12 24.05 23.98 24.13 23.85 24.18 24.11 24.26 24.28 24.24 24.15 23.97 23.99 24.06 23.99 24.04 24.12 24.11 24.14 24.09 23.96 23.89 23.80 23.91 23.97 24.00 24.09 23.95 24.04 24.24 24.32 24.35 24.16 24.16 24.08 24.16 24.09 24.20 24.19 24.20 24.31 24.10 24.04 24.18 24.20 24.24 24.25 24.21 24.09 24.09 24.10
24.16 24.02 24.12 24.20 24.37 24.32 24.17 24.30 24.16 24.25 24.15 24.14 23.21 23.87 24.04 24.01 24.12 24.15 24.07 24.02 24.22 24.30 24.05 23.85 24.35 24.21 24.20 23.93 24.18 24.16 24.11 24.08 23.98 24.12 24.17 24.05 24.09 23.97 23.97 24.01 24.06 24.01 24.10 24.11 24.01 24.10 24.07 24.03 23.78 23.84 23.90 23.99 23.92 23.99 24.32 24.31 24.33 24.33 24.35 24.18 24.21 24.06 24.10 24.23 24.15 24.23 24.18 23.97 24.10 24.19 24.11 24.19 24.29 24.23 24.14 24.23 24.21
24.26 24.21 24.17 24.16 24.27 24.23 24.24 24.34 24.21 24.25 24.20 24.08 23.60 23.35 24.03 23.98 24.09 24.29 24.09 24.09 24.13 24.01 24.08 24.21 24.30 24.26 24.00 24.06 24.19 24.14 24.24 24.07 24.12 24.15 24.14 24.09 24.12 24.08 24.05 24.05 24.10 24.11 24.10 23.90 24.01 24.22 24.15 24.11 23.90 23.90 23.91 23.99 24.03 24.25 24.33 24.35 24.34 24.36 24.32 24.32 24.28 24.18 24.27 24.19 24.14 24.18 24.12 24.08 24.13 24.14 24.12 24.22 24.28 24.24 24.18 24.26 24.30
24.30 24.19 24.16 24.20 24.20 24.34 24.38 24.39 24.33 24.24 24.17 24.15 24.03 23.32 23.38 23.60 23.78 23.74 23.85 24.02 24.07 24.08 23.96 24.13 24.08 23.99 23.95 24.17 24.15 23.98 24.18 24.13 24.09 24.09 24.19 24.23 24.17 24.17 24.18 24.13 24.10 24.03 24.04 23.86 23.95 23.96 24.08 23.95 23.96 23.96 23.90 23.95 24.07 24.20 24.37 24.33 24.33 24.30 24.33 24.31 24.28 24.31 24.15 24.17 24.23 24.12 24.21 24.24 24.14 24.03 24.11 24.17 24.31 24.27 24.21 24.22 24.29
24.24 24.05 24.09 24.11 24.24 24.37 24.33 24.27 24.31 24.24 24.21 24.17 24.00 23.66 23.02 22.98 23.67 23.71 23.85 24.01 23.94 24.12 24.09 24.11 23.98 24.22 23.97 24.06 24.14 23.97 24.20 24.28 24.08 24.09 24.20 24.35 24.15 24.10 24.27 24.20 24.06 24.06 24.06 24.00 23.87 23.77 23.89 23.84 23.82 23.98 23.97 24.01 24.07 24.19 24.45 24.28 24.33 24.30 24.30 24.32 24.29 24.26 24.22 24.21 24.22 24.14 24.08 24.19 24.12 24.00 24.01 24.21 24.31 24.24 24.20 24.23 24.19
23.88 23.90 24.03 24.14 24.29 24.32 24.24 24.20 23.97 24.24 24.17 24.09 24.15 23.47 23.14 22.98 23.35 23.76 23.94 24.09 24.08 24.15 23.84 23.83 23.71 24.13 23.97 23.91 23.98 24.22 24.20 24.20 24.01 24.06 24.19 24.20 24.15 24.04 24.20 24.33 24.07 24.30 24.19 23.99 24.03 23.88 23.86 23.93 24.00 24.02 24.08 24.14 24.17 24.14 24.26 24.31 24.38 24.39 24.37 24.35 24.28 24.25 24.19 24.21 24.22 24.13 24.15 24.27 24.03 24.06 24.12 24.18 24.23 24.19 24.19 24.20 24.20
23.89 24.08 23.95 24.15 24.36 24.37 24.19 24.25 24.07 24.16 24.13 24.13 24.20 23.61 23.16 22.92 23.14 23.73 23.76 23.97 23.81 24.14 23.94 24.08 24.02 24.15 24.00 24.14 23.98 24.12 24.07 24.18 24.07 24.14 24.14 24.07 23.99 24.01 24.01 23.98 24.06 24.11 23.96 23.96 23.96 23.91 23.96 23.94 24.00 24.27 24.30 24.12 24.04 24.33 24.35 24.24 24.23 24.38 24.35 24.31 24.23 24.19 24.19 24.18 24.23 24.16 24.13 24.26 24.12 24.13 24.10 24.05 24.10 24.19 24.17 24.17 24.21
24.14 24.11 24.05 24.14 24.29 24.36 24.22 24.26 24.14 24.18 24.16 24.17 24.09 24.07 23.00 22.83 23.03 23.51 23.77 23.56 24.07 23.93 23.83 23.92 23.81 24.17 24.02 24.26 24.08 24.18 24.09 24.10 24.21 24.20 24.18 23.92 24.03 23.79 23.90 24.00 23.89 23.96 23.86 23.87 23.94 23.90 23.84 23.92 24.30 24.24 24.23 24.12 24.12 24.03 24.27 24.32 24.46 24.50 24.40 24.34 24.28 24.25 24.17 24.16 24.24 24.20 24.26 24.34 24.24 24.21 24.19 24.06 24.24 24.16 24.22 24.21 24.17
24.05 23.96 23.90 24.03 24.29 24.29 24.28 24.19 24.18 24.25 24.16 23.98 24.14 23.71 23.10 22.92 23.17 23.43 23.85 23.77 24.01 23.93 23.87 23.99 24.00 23.94 24.24 24.15 24.17 24.12 24.03 24.19 24.13 24.18 24.12 23.98 23.85 24.03 23.91 23.98 23.97 24.01 23.83 23.86 23.81 23.77 24.04 23.91 24.00 24.08 24.04 24.17 24.21 24.32 24.32 24.14 24.29 24.35 24.34 24.41 24.28 24.21 24.16 24.14 24.05 24.27 24.22 24.25 24.14 24.32 24.29 24.22 24.21 24.21 24.20 24.21 24.20
