main/data/irradiance/25.06.2023.grid
ncols 839
nrows 679
xllcenter 112.0500
yllcenter -43.9500
cellsize 0.0500
nodata_value 99999.90
[rows 612 to 645 of 679, columns 616 to 692 of 839]
99999.90 99999.90 99999.90 99999.90 99999.90 99999.90 99999.90 99999.90 99999.90 99999.90 99999.90 99999.90 99999.90 99999.90 99999.90 99999.90 99999.90 99999.90 99999.90 99999.90 99999.90 99999.90 99999.90 99999.90 99999.90 99999.90 4.82 1.39 1.39 1.39 1.39 1.39 1.39 1.39 1.39 1.39 1.39 1.39 1.39 1.79 1.10 1.10 1.10 1.10 1.10 1.80 1.55 1.88 1.77 1.29 1.29 1.29 1.29 2.01 2.01 2.01 2.01 1.52 1.52 1.52 2.75 2.75 3.02 3.02 3.15 3.15 3.15 3.15 3.15 3.12 3.12 2.57 2.57 3.02 3.02 3.02 3.02
99999.90 99999.90 99999.90 99999.90 99999.90 99999.90 99999.90 99999.90 99999.90 99999.90 99999.90 99999.90 99999.90 99999.90 99999.90 99999.90 99999.90 99999.90 99999.90 99999.90 99999.90 99999.90 99999.90 99999.90 99999.90 99999.90 4.82 1.39 1.39 1.39 1.39 1.39 1.39 1.39 1.39 1.39 1.39 1.39 1.39 1.79 1.10 1.10 1.10 1.10 1.80 1.80 1.55 1.88 1.77 1.29 1.29 1.29 1.84 2.01 2.01 2.01 2.01 1.52 1.52 2.75 2.75 2.75 3.02 3.15 3.15 3.15 3.15 3.15 3.15 3.12 3.47 3.87 2.57 3.02 3.02 3.02 3.02
99999.90 99999.90 99999.90 99999.90 99999.90 99999.90 99999.90 99999.90 99999.90 99999.90 99999.90 99999.90 99999.90 99999.90 99999.90 99999.90 99999.90 99999.90 99999.90 99999.90 99999.90 99999.90 99999.90 99999.90 99999.90 99999.90 4.82 4.82 4.82 1.39 1.39 1.39 1.39 1.39 1.39 1.39 1.39 1.39 1.72 1.79 1.79 1.10 2.12 1.80 1.80 1.81 1.55 1.88 1.77 1.29 1.29 1.29 1.84 2.01 2.01 2.01 1.52 1.52 1.52 2.75 2.75 3.02 3.02 3.15 3.15 3.15 3.15 3.15 3.12 3.12 3.47 3.87 2.57 2.57 3.02 3.02 3.02
99999.90 99999.90 99999.90 99999.90 99999.90 99999.90 99999.90 99999.90 99999.90 99999.90 99999.90 99999.90 99999.90 99999.90 99999.90 99999.90 99999.90 99999.90 99999.90 99999.90 99999.90 99999.90 99999.90 99999.90 99999.90 99999.90 4.82 4.82 4.82 4.82 4.82 4.82 4.82 4.82 1.39 1.39 2.42 2.42 2.42 2.38 2.32 2.30 2.12 1.80 1.80 1.81 1.55 1.88 1.77 1.29 1.29 1.76 1.84 2.01 2.01 2.01 1.52 1.52 2.75 2.75 2.75 3.02 3.02 3.15 3.15 3.15 3.15 3.15 3.12 3.25 3.47 3.87 4.15 2.57 3.02 3.02 3.02
99999.90 99999.90 99999.90 99999.90 99999.90 99999.90 99999.90 99999.90 99999.90 99999.90 99999.90 99999.90 99999.90 99999.90 99999.90 99999.90 99999.90 99999.90 99999.90 99999.90 99999.90 99999.90 99999.90 99999.90 99999.90 99999.90 4.82 4.82 4.82 4.82 4.82 4.82 4.82 4.82 4.82 4.82 2.89 2.89 2.89 2.83 2.67 2.63 2.08 1.77 1.31 1.81 1.55 1.88 1.77 1.29 1.29 1.76 1.84 2.01 2.01 1.52 1.52 1.52 2.75 2.75 3.02 3.02 3.02 3.15 3.15 3.15 3.15 3.12 3.12 3.25 3.47 3.87 4.15 2.57 2.57 3.02 3.02
99999.90 99999.90 99999.90 99999.90 99999.90 99999.90 99999.90 99999.90 99999.90 99999.90 99999.90 99999.90 99999.90 99999.90 99999.90 99999.90 99999.90 99999.90 99999.90 99999.90 99999.90 99999.90 99999.90 99999.90 99999.90 99999.90 4.82 4.82 4.82 4.82 4.82 4.82 4.82 4.82 4.82 4.82 4.82 3.72 3.72 3.51 3.53 3.01 2.90 2.43 2.43 2.14 1.74 1.65 1.91 1.64 1.54 1.76 1.84 2.01 2.01 1.52 1.52 2.75 2.75 2.75 3.02 3.02 2.60 3.15 3.15 3.15 3.15 3.12 3.12 3.25 3.47 3.87 4.15 2.57 2.57 3.02 3.02
99999.90 99999.90 99999.90 99999.90 99999.90 99999.90 99999.90 99999.90 99999.90 99999.90 99999.90 99999.90 99999.90 99999.90 99999.90 99999.90 99999.90 99999.90 99999.90 99999.90 99999.90 99999.90 99999.90 99999.90 99999.90 99999.90 4.82 4.82 4.82 4.82 4.82 4.82 4.82 4.82 4.82 4.82 4.82 4.25 4.11 3.98 3.73 3.65 3.49 3.29 3.09 2.58 2.47 1.99 1.96 1.65 1.74 1.87 1.51 1.44 1.54 1.52 1.52 2.75 2.75 3.02 3.02 3.02 2.60 3.15 3.15 3.15 3.12 3.12 3.12 3.25 3.47 3.87 4.15 2.57 2.57 2.57 3.02
99999.90 99999.90 99999.90 99999.90 99999.90 99999.90 99999.90 99999.90 99999.90 99999.90 99999.90 99999.90 99999.90 99999.90 99999.90 99999.90 99999.90 99999.90 99999.90 99999.90 99999.90 99999.90 99999.90 99999.90 99999.90 99999.90 5.64 5.64 5.64 5.64 5.64 5.64 5.64 5.64 5.64 5.64 5.64 5.45 4.74 4.76 4.66 4.57 4.21 4.10 3.32 2.62 2.44 2.23 2.05 1.92 1.88 2.16 2.05 2.15 2.12 2.36 2.38 2.75 2.75 3.02 3.02 2.64 2.60 3.15 3.15 3.15 3.12 3.12 3.26 3.25 3.47 3.87 4.15 4.49 2.57 2.57 3.02
99999.90 99999.90 99999.90 99999.90 99999.90 99999.90 99999.90 99999.90 99999.90 99999.90 99999.90 99999.90 99999.90 99999.90 99999.90 99999.90 99999.90 99999.90 99999.90 99999.90 99999.90 99999.90 99999.90 99999.90 99999.90 99999.90 5.64 5.64 5.64 5.64 5.64 5.64 5.64 5.64 5.64 5.64 5.64 6.04 5.75 5.63 5.58 5.26 4.48 4.53 3.68 2.96 2.92 2.36 2.16 2.05 2.10 2.48 2.62 2.56 2.70 2.60 2.13 2.25 2.67 3.02 3.02 2.64 2.60 3.15 3.15 3.12 3.12 3.12 3.26 3.25 3.47 3.87 4.15 4.49 2.57 2.57 2.57
99999.90 99999.90 99999.90 99999.90 99999.90 99999.90 99999.90 99999.90 99999.90 99999.90 99999.90 99999.90 99999.90 99999.90 99999.90 99999.90 99999.90 99999.90 99999.90 99999.90 99999.90 99999.90 99999.90 99999.90 99999.90 99999.90 5.64 5.64 5.64 5.64 5.64 5.64 5.64 5.64 5.64 5.98 5.98 5.98 5.83 5.43 5.29 5.22 4.96 5.02 4.64 3.74 3.33 2.77 2.43 2.24 2.16 2.41 2.75 3.14 2.96 2.58 2.56 2.59 2.43 2.90 2.89 2.64 2.60 3.15 3.15 3.12 3.12 2.61 3.26 3.25 3.47 3.87 4.15 4.49 3.79 2.57 2.57
99999.90 99999.90 99999.90 99999.90 99999.90 99999.90 99999.90 99999.90 99999.90 99999.90 99999.90 99999.90 99999.90 99999.90 99999.90 99999.90 99999.90 99999.90 99999.90 99999.90 99999.90 99999.90 99999.90 99999.90 99999.90 99999.90 5.64 5.64 5.64 5.64 5.64 5.64 5.64 6.15 6.15 6.15 6.15 6.15 5.81 5.74 5.22 5.23 4.52 4.79 4.77 4.20 4.06 3.49 2.90 2.60 2.57 2.58 2.67 2.79 2.85 2.58 2.80 3.02 2.93 2.92 2.65 2.39 2.44 2.62 2.63 3.12 3.12 2.61 3.26 3.25 3.47 3.87 4.15 4.49 3.79 2.57 2.57
99999.90 99999.90 99999.90 99999.90 99999.90 99999.90 99999.90 99999.90 99999.90 99999.90 99999.90 99999.90 99999.90 99999.90 99999.90 99999.90 99999.90 99999.90 99999.90 99999.90 99999.90 99999.90 99999.90 99999.90 99999.90 99999.90 5.64 5.64 5.64 6.62 6.62 6.62 6.62 6.62 6.62 6.62 6.62 6.62 6.39 6.59 5.67 5.05 4.53 4.59 4.36 3.82 4.05 3.88 3.65 3.15 2.94 2.40 2.35 2.32 2.72 2.45 2.59 2.62 2.70 1.94 2.07 2.32 2.51 2.60 2.39 2.57 2.55 2.61 3.26 3.25 3.47 3.87 4.15 4.49 3.79 4.06 3.62
99999.90 99999.90 99999.90 99999.90 99999.90 99999.90 99999.90 99999.90 99999.90 99999.90 99999.90 99999.90 99999.90 99999.90 99999.90 99999.90 99999.90 99999.90 99999.90 99999.90 99999.90 99999.90 99999.90 99999.90 99999.90 99999.90 5.64 6.62 6.62 6.62 6.62 6.62 6.62 6.62 6.62 6.62 6.62 6.62 6.18 6.38 5.70 4.81 4.90 4.68 5.03 4.64 3.99 4.33 4.11 4.09 3.72 3.43 3.33 3.02 3.25 2.74 2.23 3.01 3.06 2.66 2.58 2.66 2.74 2.42 2.61 2.56 2.01 2.58 2.78 2.44 2.73 2.71 3.84 4.43 4.48 4.05 3.95
99999.90 99999.90 99999.90 99999.90 99999.90 99999.90 99999.90 99999.90 99999.90 99999.90 99999.90 99999.90 99999.90 99999.90 99999.90 99999.90 99999.90 99999.90 99999.90 99999.90 99999.90 99999.90 99999.90 99999.90 99999.90 99999.90 5.64 6.62 6.62 6.62 6.62 6.62 6.62 6.62 6.62 6.62 5.84 5.84 5.84 6.00 5.44 4.35 4.51 4.77 4.62 4.60 4.80 4.28 4.25 4.46 5.12 4.77 4.30 4.11 3.92 3.93 3.01 2.78 2.52 2.78 3.38 3.26 2.95 2.51 3.00 2.30 1.96 2.40 2.35 2.59 2.26 2.72 3.21 3.91 4.46 3.88 3.76
99999.90 99999.90 99999.90 99999.90 99999.90 99999.90 99999.90 99999.90 99999.90 99999.90 99999.90 99999.90 99999.90 99999.90 99999.90 99999.90 99999.90 99999.90 99999.90 99999.90 99999.90 99999.90 99999.90 99999.90 99999.90 99999.90 5.64 6.62 6.62 6.62 6.62 6.62 6.62 6.62 5.84 5.84 5.84 5.84 5.84 5.70 5.43 5.19 4.27 4.45 4.11 4.07 4.31 4.20 4.30 4.28 5.01 5.44 4.96 4.69 4.77 4.68 4.11 3.75 3.60 4.08 4.19 4.03 3.58 3.04 2.82 2.92 2.85 3.46 3.24 3.45 2.88 3.41 3.67 3.86 3.93 3.10 3.46
99999.90 99999.90 99999.90 99999.90 99999.90 99999.90 99999.90 99999.90 99999.90 99999.90 99999.90 99999.90 99999.90 99999.90 99999.90 99999.90 99999.90 99999.90 99999.90 99999.90 99999.90 99999.90 99999.90 99999.90 99999.90 99999.90 5.64 6.62 6.62 6.62 6.62 6.62 5.84 5.84 5.84 5.84 5.84 4.32 4.32 4.32 5.05 4.78 4.80 4.93 4.66 4.01 4.45 4.98 4.42 3.99 4.55 5.60 5.85 5.48 5.50 5.85 5.58 5.38 4.94 4.64 4.76 4.22 4.38 3.91 3.89 3.83 3.58 4.09 4.19 3.42 3.27 3.05 3.49 3.24 2.93 3.07 2.71
99999.90 99999.90 99999.90 99999.90 99999.90 99999.90 99999.90 99999.90 99999.90 99999.90 99999.90 99999.90 99999.90 99999.90 99999.90 99999.90 99999.90 99999.90 99999.90 99999.90 99999.90 99999.90 99999.90 99999.90 99999.90 99999.90 5.64 6.62 6.62 6.62 5.84 5.84 5.84 5.84 5.84 4.32 4.32 4.32 4.32 4.32 5.34 5.18 5.04 4.46 4.95 3.92 4.73 5.31 4.72 3.96 4.15 5.11 5.90 5.15 4.60 4.34 4.44 5.15 5.33 4.72 4.65 4.50 4.21 4.52 4.45 3.95 3.79 3.64 3.22 2.61 2.97 3.06 2.46 2.55 2.53 2.83 2.26
99999.90 99999.90 99999.90 99999.90 99999.90 99999.90 99999.90 99999.90 99999.90 99999.90 99999.90 99999.90 99999.90 99999.90 99999.90 99999.90 99999.90 99999.90 99999.90 99999.90 99999.90 99999.90 99999.90 99999.90 99999.90 99999.90 5.64 6.62 5.84 5.84 5.84 5.84 5.84 4.32 4.32 4.32 4.32 4.32 5.01 5.01 5.01 5.41 5.18 4.29 4.47 4.58 4.50 5.82 5.62 4.38 4.07 4.43 4.69 4.40 4.03 4.44 4.18 4.27 4.60 4.79 4.67 4.99 4.78 4.56 4.36 4.03 3.91 3.20 2.70 2.72 3.02 2.97 2.47 2.75 2.77 2.69 2.75
99999.90 99999.90 99999.90 99999.90 99999.90 99999.90 99999.90 99999.90 99999.90 99999.90 99999.90 99999.90 99999.90 99999.90 99999.90 99999.90 99999.90 99999.90 99999.90 99999.90 99999.90 99999.90 99999.90 99999.90 99999.90 99999.90 99999.90 6.62 5.84 5.84 5.84 4.32 4.32 4.32 4.32 4.32 5.01 5.01 5.01 5.01 5.01 5.12 5.31 4.53 4.23 4.83 5.51 5.07 4.14 4.44 4.25 4.70 4.55 3.89 4.52 4.24 4.39 4.38 4.51 4.42 4.28 5.12 5.12 4.37 3.60 3.06 3.37 3.10 2.69 2.77 2.55 2.59 2.66 2.64 2.55 2.23 2.39
99999.90 99999.90 99999.90 99999.90 99999.90 99999.90 99999.90 99999.90 99999.90 99999.90 99999.90 99999.90 99999.90 99999.90 99999.90 99999.90 99999.90 99999.90 99999.90 99999.90 99999.90 99999.90 99999.90 99999.90 99999.90 99999.90 99999.90 6.62 5.84 4.32 4.32 4.32 4.32 4.32 5.01 5.01 5.01 5.01 5.01 4.45 4.45 4.45 4.54 4.49 4.29 4.57 5.24 5.33 4.63 4.25 4.31 4.49 3.80 3.64 4.30 3.42 3.69 4.39 4.55 4.42 3.94 4.03 4.16 3.86 3.57 3.40 3.40 3.77 3.99 3.65 3.20 3.18 2.87 2.83 3.13 2.62 2.29
99999.90 99999.90 99999.90 99999.90 99999.90 99999.90 99999.90 99999.90 99999.90 99999.90 99999.90 99999.90 99999.90 99999.90 99999.90 99999.90 99999.90 99999.90 99999.90 99999.90 99999.90 99999.90 99999.90 99999.90 99999.90 99999.90 99999.90 6.62 5.84 4.32 4.32 4.32 5.01 5.01 5.01 5.01 5.01 4.45 4.45 4.45 4.45 4.45 4.46 4.51 3.97 4.90 5.63 5.14 5.26 5.18 5.18 4.60 4.36 3.58 3.95 3.61 3.29 3.73 4.22 3.23 3.00 3.30 3.52 3.67 3.51 3.61 3.75 3.95 4.08 3.71 3.79 3.90 3.53 2.79 3.05 3.41 3.89
99999.90 99999.90 99999.90 99999.90 99999.90 99999.90 99999.90 99999.90 99999.90 99999.90 99999.90 99999.90 99999.90 99999.90 99999.90 99999.90 99999.90 99999.90 99999.90 99999.90 99999.90 99999.90 99999.90 99999.90 99999.90 99999.90 99999.90 6.62 5.84 4.32 5.01 5.01 5.01 5.01 5.01 4.45 4.45 4.45 4.45 4.45 6.09 6.09 6.09 5.40 5.48 4.79 4.90 5.22 4.97 5.17 5.05 4.48 4.21 4.16 4.40 4.69 4.53 4.23 3.20 4.13 3.90 3.76 3.33 3.84 3.68 3.54 3.35 4.38 4.13 3.61 4.07 3.88 3.79 3.16 3.52 3.84 3.74
99999.90 99999.90 99999.90 99999.90 99999.90 99999.90 99999.90 99999.90 99999.90 99999.90 99999.90 99999.90 99999.90 99999.90 99999.90 99999.90 99999.90 99999.90 99999.90 99999.90 99999.90 99999.90 99999.90 99999.90 99999.90 99999.90 99999.90 99999.90 5.84 4.32 5.01 5.01 5.01 4.45 4.45 4.45 4.45 4.45 6.09 6.09 6.09 6.09 6.09 5.51 5.71 5.85 5.88 5.76 4.70 4.46 3.81 4.06 4.91 4.96 4.71 4.64 4.39 4.38 3.84 3.58 3.24 3.11 3.75 3.99 2.87 3.57 3.71 3.23 3.24 3.34 4.40 4.66 4.42 4.47 4.71 3.92 4.07
99999.90 99999.90 99999.90 99999.90 99999.90 99999.90 99999.90 99999.90 99999.90 99999.90 99999.90 99999.90 99999.90 99999.90 99999.90 99999.90 99999.90 99999.90 99999.90 99999.90 99999.90 99999.90 99999.90 99999.90 99999.90 99999.90 99999.90 99999.90 5.84 4.32 5.01 4.45 4.45 4.45 4.45 4.45 6.09 6.09 6.09 6.09 6.09 6.09 5.51 5.51 5.45 5.69 5.56 5.62 4.78 4.21 3.91 3.82 4.42 4.65 4.26 2.96 3.16 3.47 4.15 4.23 4.38 4.39 4.92 4.16 3.05 3.78 4.11 3.47 4.01 4.12 4.34 4.94 4.94 5.12 4.73 3.99 4.17
99999.90 99999.90 99999.90 99999.90 99999.90 99999.90 99999.90 99999.90 99999.90 99999.90 99999.90 99999.90 99999.90 99999.90 99999.90 99999.90 99999.90 99999.90 99999.90 99999.90 99999.90 99999.90 99999.90 99999.90 99999.90 99999.90 99999.90 99999.90 99999.90 4.32 5.01 4.45 4.45 4.45 6.09 6.09 6.09 6.09 6.09 6.09 6.09 5.51 5.51 5.45 5.45 5.52 5.24 5.04 4.89 4.16 3.92 3.17 2.86 2.57 2.54 2.41 2.80 3.22 3.21 3.45 4.15 4.26 4.36 3.19 3.56 3.97 2.87 2.88 3.27 3.18 3.72 4.48 4.63 5.12 4.93 4.88 4.45
99999.90 99999.90 99999.90 99999.90 99999.90 99999.90 99999.90 99999.90 99999.90 99999.90 99999.90 99999.90 99999.90 99999.90 99999.90 99999.90 99999.90 99999.90 99999.90 99999.90 99999.90 99999.90 99999.90 99999.90 99999.90 99999.90 99999.90 99999.90 99999.90 4.32 5.01 4.45 6.09 6.09 6.09 6.09 6.09 6.09 6.09 6.09 5.51 5.51 5.45 5.45 5.52 5.52 5.17 4.41 4.15 3.71 3.71 3.38 3.69 3.88 4.24 4.27 2.98 3.51 3.84 3.56 3.58 3.65 3.15 3.60 2.91 2.93 2.30 2.54 2.72 3.90 4.84 4.61 4.80 5.37 5.23 5.07 5.13
99999.90 99999.90 99999.90 99999.90 99999.90 99999.90 99999.90 99999.90 99999.90 99999.90 99999.90 99999.90 99999.90 99999.90 99999.90 99999.90 99999.90 99999.90 99999.90 99999.90 99999.90 99999.90 99999.90 99999.90 99999.90 99999.90 99999.90 99999.90 99999.90 99999.90 5.01 4.45 6.09 6.09 6.09 6.09 6.09 6.09 6.09 5.51 5.51 5.45 5.45 5.52 5.52 5.17 5.17 4.58 4.07 3.84 3.86 3.05 3.94 4.90 4.01 3.16 3.46 4.39 3.83 3.22 3.52 3.52 3.44 3.58 2.60 2.90 3.44 3.93 3.97 4.74 5.09 5.00 4.96 4.98 5.11 5.26 5.62
99999.90 99999.90 99999.90 99999.90 99999.90 99999.90 99999.90 99999.90 99999.90 99999.90 99999.90 99999.90 99999.90 99999.90 99999.90 99999.90 99999.90 99999.90 99999.90 99999.90 99999.90 99999.90 99999.90 99999.90 99999.90 99999.90 99999.90 99999.90 99999.90 99999.90 5.01 4.45 6.09 6.09 6.09 6.09 6.09 6.09 5.51 5.51 5.45 5.45 5.52 5.52 5.17 5.17 4.58 4.58 4.64 4.59 3.95 3.71 5.01 4.78 4.01 4.15 4.37 4.00 2.84 3.29 3.56 2.55 2.46 3.78 3.35 2.90 3.57 3.99 4.61 5.15 5.29 5.78 5.87 5.63 5.16 5.02 5.04
99999.90 99999.90 99999.90 99999.90 99999.90 99999.90 99999.90 99999.90 99999.90 99999.90 99999.90 99999.90 99999.90 99999.90 99999.90 99999.90 99999.90 99999.90 99999.90 99999.90 99999.90 99999.90 99999.90 99999.90 99999.90 99999.90 99999.90 99999.90 99999.90 99999.90 99999.90 4.45 6.09 6.09 6.09 6.09 6.09 5.51 5.51 5.45 5.45 5.52 5.52 5.17 5.17 4.58 4.58 4.64 4.64 4.88 4.88 4.81 4.63 3.62 4.52 4.37 4.11 4.40 4.92 4.43 4.06 3.58 4.07 3.32 3.98 3.55 3.57 3.99 5.55 5.49 5.63 6.46 6.40 6.19 5.99 5.21 5.04
99999.90 99999.90 99999.90 99999.90 99999.90 99999.90 99999.90 99999.90 99999.90 99999.90 99999.90 99999.90 99999.90 99999.90 99999.90 99999.90 99999.90 99999.90 99999.90 99999.90 99999.90 99999.90 99999.90 99999.90 99999.90 99999.90 99999.90 99999.90 99999.90 99999.90 99999.90 4.45 6.09 6.09 6.09 6.09 5.51 5.51 5.45 5.45 5.52 5.52 5.17 5.17 4.58 4.58 4.64 5.09 5.09 5.09 4.50 4.21 4.15 4.21 4.40 4.28 2.78 2.67 3.35 3.91 4.20 3.92 4.45 3.51 3.89 4.27 4.86 4.86 5.84 6.01 5.96 6.00 5.90 6.19 5.62 5.45 5.62
99999.90 99999.90 99999.90 99999.90 99999.90 99999.90 99999.90 99999.90 99999.90 99999.90 99999.90 99999.90 99999.90 99999.90 99999.90 99999.90 99999.90 99999.90 99999.90 99999.90 99999.90 99999.90 99999.90 99999.90 99999.90 99999.90 99999.90 99999.90 99999.90 99999.90 99999.90 99999.90 6.09 6.09 6.09 5.51 5.51 5.45 5.45 5.52 5.52 5.17 5.04 5.04 5.04 5.04 5.04 5.04 5.04 5.09 4.91 4.55 4.50 4.15 3.80 3.66 3.51 2.67 2.54 3.12 3.80 3.65 4.31 3.83 4.38 5.06 5.28 5.52 5.47 6.16 6.59 6.39 6.27 6.15 5.89 5.93 6.33
99999.90 99999.90 99999.90 99999.90 99999.90 99999.90 99999.90 99999.90 99999.90 99999.90 99999.90 99999.90 99999.90 99999.90 99999.90 99999.90 99999.90 99999.90 99999.90 99999.90 99999.90 99999.90 99999.90 99999.90 99999.90 99999.90 99999.90 99999.90 99999.90 99999.90 99999.90 99999.90 6.09 6.09 5.51 5.51 5.45 5.45 5.52 5.04 5.04 5.04 5.04 5.04 5.04 5.04 5.04 5.04 5.04 5.04 4.91 4.71 4.49 4.30 3.84 3.57 3.26 2.46 3.35 3.06 3.08 2.96 3.15 4.05 5.10 5.16 5.32 4.87 5.47 5.59 5.63 5.46 5.44 5.48 5.60 5.70 5.53
99999.90 99999.90 99999.90 99999.90 99999.90 99999.90 99999.90 99999.90 99999.90 99999.90 99999.90 99999.90 99999.90 99999.90 99999.90 99999.90 99999.90 99999.90 99999.90 99999.90 99999.90 99999.90 99999.90 99999.90 99999.90 99999.90 99999.90 99999.90 99999.90 99999.90 99999.90 99999.90 99999.90 5.51 5.51 5.45 5.45 5.52 5.04 5.04 5.04 5.04 5.04 5.04 5.04 5.04 5.04 5.04 5.04 5.04 3.93 3.93 4.38 4.00 3.25 3.40 1.69 1.57 2.44 2.42 2.43 2.99 4.05 4.54 4.92 4.45 4.89 4.87 4.78 4.78 5.20 5.76 5.82 5.75 5.63 5.40 5.48
99999.90 99999.90 99999.90 99999.90 99999.90 99999.90 99999.90 99999.90 99999.90 99999.90 99999.90 99999.90 99999.90 99999.90 99999.90 99999.90 99999.90 99999.90 99999.90 99999.90 99999.90 99999.90 99999.90 99999.90 99999.90 99999.90 99999.90 99999.90 99999.90 99999.90 99999.90 99999.90 99999.90 99999.90 5.45 5.45 5.52 5.52 3.46 3.46 3.46 3.46 3.46 3.46 3.46 3.46 3.46 3.46 3.46 3.46 3.93 3.93 4.62 3.90 3.64 3.15 2.40 2.10 2.64 2.39 2.49 3.54 4.22 4.38 4.76 5.25 5.42 5.08 4.44 5.16 5.82 5.72 5.39 5.19 5.36 5.43 5.64
