main/data/irradiance/25.02.2023.grid
ncols 839
nrows 679
xllcenter 112.0500
yllcenter -43.9500
cellsize 0.0500
nodata_value 99999.90
[rows 204 to 237 of 679, columns 693 to 769 of 839]
26.97 26.93 27.09 27.01 27.25 26.81 26.64 26.56 26.37 26.32 26.40 26.62 25.66 25.26 24.86 25.78 26.11 26.73 26.20 25.94 26.01 25.90 25.50 25.33 25.82 26.25 26.52 26.72 26.71 25.59 25.58 25.57 25.16 26.70 26.08 25.94 25.98 19.70 22.68 24.25 24.25 23.31 23.31 25.45 25.45 25.36 25.36 25.36 25.36 25.36 25.36 25.36 25.36 25.36 25.36 25.36 25.36 99999.90 99999.90 99999.90 99999.90 99999.90 99999.90 99999.90 99999.90 99999.90 99999.90 99999.90 99999.90 99999.90 99999.90 99999.90 99999.90 99999.90 99999.90 99999.90 99999.90
26.84 26.93 26.64 27.11 27.07 26.90 26.38 26.17 26.87 26.71 26.96 26.39 24.68 26.46 24.78 24.53 24.30 26.09 26.16 25.66 25.73 25.88 25.83 25.12 25.75 25.98 25.79 25.30 25.21 25.24 26.12 26.26 24.49 25.53 26.45 26.41 26.93 25.22 21.92 23.81 23.47 23.31 23.31 22.62 25.36 25.36 25.36 25.36 25.36 25.36 25.36 25.36 25.36 25.36 25.36 25.36 25.36 99999.90 99999.90 99999.90 99999.90 99999.90 99999.90 99999.90 99999.90 99999.90 99999.90 99999.90 99999.90 99999.90 99999.90 99999.90 99999.90 99999.90 99999.90 99999.90 99999.90
27.48 27.50 27.63 27.50 27.57 26.61 27.11 26.80 26.71 26.49 27.16 26.83 26.77 25.86 24.88 25.86 25.24 25.27 25.80 24.50 26.02 26.15 26.09 26.24 26.54 26.35 25.97 25.33 25.12 24.81 25.15 26.62 25.76 25.04 26.18 26.50 26.28 26.49 25.35 21.58 19.47 20.95 22.62 22.62 22.62 25.36 25.36 25.36 25.36 25.36 25.36 25.36 25.36 25.36 25.36 25.36 25.36 99999.90 99999.90 99999.90 99999.90 99999.90 99999.90 99999.90 99999.90 99999.90 99999.90 99999.90 99999.90 99999.90 99999.90 99999.90 99999.90 99999.90 99999.90 99999.90 99999.90
27.44 27.63 27.57 27.45 27.12 27.32 27.21 26.87 26.64 26.54 26.72 26.96 27.16 26.64 26.37 26.34 25.53 26.43 25.38 24.70 25.72 25.86 24.74 25.73 25.45 25.16 26.18 25.41 25.14 25.73 25.43 26.38 25.61 25.59 26.73 26.79 26.66 25.84 25.19 24.93 23.50 20.17 23.36 23.36 23.36 25.36 25.36 25.36 25.36 25.36 25.36 25.36 25.36 25.36 25.36 25.36 25.36 99999.90 99999.90 99999.90 99999.90 99999.90 99999.90 99999.90 99999.90 99999.90 99999.90 99999.90 99999.90 99999.90 99999.90 99999.90 99999.90 99999.90 99999.90 99999.90 99999.90
26.91 26.98 26.87 26.79 26.87 26.82 26.75 25.82 26.83 26.42 26.91 27.39 27.04 25.74 26.90 26.22 26.05 25.44 25.30 24.42 24.63 25.13 25.62 25.09 26.04 25.68 25.59 25.20 25.61 25.78 25.40 25.83 26.03 25.82 25.74 26.28 26.61 25.87 25.32 24.88 23.50 22.00 23.36 23.36 23.36 25.36 25.36 25.36 25.36 25.36 25.36 25.36 25.36 25.36 25.36 25.36 25.36 99999.90 99999.90 99999.90 99999.90 99999.90 99999.90 99999.90 99999.90 99999.90 99999.90 99999.90 99999.90 99999.90 99999.90 99999.90 99999.90 99999.90 99999.90 99999.90 99999.90
26.83 27.24 26.97 27.12 27.03 27.34 26.33 26.71 26.29 26.10 25.51 26.78 25.26 25.77 25.54 25.28 23.88 23.19 24.40 24.46 24.40 24.05 24.95 24.56 25.37 25.16 25.68 25.24 25.92 24.53 24.51 25.72 26.22 24.23 24.92 25.15 26.40 27.14 27.02 26.20 26.53 22.00 22.00 23.36 23.36 23.36 25.36 25.36 25.36 25.36 25.36 25.36 25.36 25.36 25.36 25.36 25.36 25.94 99999.90 99999.90 99999.90 99999.90 99999.90 99999.90 99999.90 99999.90 99999.90 99999.90 99999.90 99999.90 99999.90 99999.90 99999.90 99999.90 99999.90 99999.90 99999.90
27.38 27.46 27.33 27.31 27.46 27.39 27.13 26.86 27.17 26.93 26.12 27.21 25.55 25.24 26.14 25.04 25.40 25.78 24.49 25.18 24.20 24.39 26.44 25.70 25.31 24.93 24.68 24.80 24.97 23.48 24.07 25.20 23.23 24.11 24.99 25.29 25.87 26.51 26.55 26.50 26.53 26.53 22.00 22.00 23.36 23.36 25.36 25.36 25.36 25.36 25.36 25.36 25.36 25.36 25.36 25.36 25.36 25.67 25.67 25.67 99999.90 99999.90 99999.90 99999.90 99999.90 99999.90 99999.90 99999.90 99999.90 99999.90 99999.90 99999.90 99999.90 99999.90 99999.90 99999.90 99999.90
27.37 27.28 27.49 27.44 27.35 27.69 27.65 26.74 26.45 26.15 25.91 24.89 25.63 25.43 26.66 25.90 23.87 25.10 25.38 24.74 25.67 25.28 25.63 24.62 25.03 25.38 24.70 24.04 25.13 24.02 25.25 25.66 23.73 23.59 24.73 24.60 25.85 25.79 27.04 27.40 27.40 27.40 26.53 22.00 22.00 23.36 23.36 25.36 25.36 25.36 25.36 25.36 25.36 25.36 25.36 25.36 25.67 25.67 25.67 25.67 26.27 99999.90 99999.90 99999.90 99999.90 99999.90 99999.90 99999.90 99999.90 99999.90 99999.90 99999.90 99999.90 99999.90 99999.90 99999.90 99999.90
27.33 27.14 27.33 27.27 27.35 27.81 27.81 27.50 26.65 27.09 25.28 26.27 25.31 26.06 26.49 25.13 25.33 25.73 25.77 24.59 25.40 24.92 25.07 24.45 25.20 24.28 24.43 24.24 24.99 25.31 25.50 25.10 25.64 24.14 24.71 24.31 24.08 25.18 26.31 27.33 27.33 27.08 27.08 27.08 26.88 26.88 26.88 26.36 26.36 26.36 26.36 26.36 25.64 25.67 25.67 25.67 25.67 25.67 25.67 26.27 26.27 99999.90 99999.90 99999.90 99999.90 99999.90 99999.90 99999.90 99999.90 99999.90 99999.90 99999.90 99999.90 99999.90 99999.90 99999.90 99999.90
27.17 27.12 27.05 27.03 27.36 27.78 26.62 25.65 25.51 25.76 25.63 25.97 25.68 26.22 26.67 24.58 26.18 25.97 25.04 26.09 25.23 26.10 25.67 25.41 25.37 26.24 25.35 25.08 25.99 25.22 25.82 25.24 25.79 26.14 25.32 25.09 24.49 24.32 25.25 26.34 27.08 27.08 27.08 26.88 26.88 26.88 26.36 26.36 26.36 26.36 26.36 25.64 25.67 25.67 25.67 25.67 25.67 25.67 26.27 26.27 26.27 99999.90 99999.90 99999.90 99999.90 99999.90 99999.90 99999.90 99999.90 99999.90 99999.90 99999.90 99999.90 99999.90 99999.90 99999.90 99999.90
27.50 27.46 27.21 27.56 27.74 27.78 26.85 25.90 26.58 26.41 25.85 26.11 25.73 25.68 26.18 25.57 25.99 26.30 24.84 24.44 25.34 24.97 25.83 25.91 25.62 25.69 25.71 25.03 25.66 25.84 26.49 26.72 26.59 26.61 26.60 25.81 25.04 24.62 25.51 25.75 26.14 26.14 26.88 26.88 26.88 26.36 26.36 26.36 26.36 26.36 25.64 25.67 25.67 25.67 25.67 25.67 25.67 26.27 26.27 26.27 26.27 99999.90 99999.90 99999.90 99999.90 99999.90 99999.90 99999.90 99999.90 99999.90 99999.90 99999.90 99999.90 99999.90 99999.90 99999.90 99999.90
27.66 27.32 27.56 27.58 27.58 27.15 26.44 27.44 27.29 27.34 26.62 27.01 26.80 25.86 26.35 26.57 27.02 26.39 24.92 25.89 24.15 24.28 24.08 23.09 24.41 24.42 24.80 23.76 24.59 24.92 24.54 25.93 25.01 25.70 24.76 25.65 25.91 25.62 24.88 23.62 25.67 25.73 26.88 26.88 26.88 26.36 26.36 26.36 26.36 25.64 25.64 25.67 25.67 25.67 25.67 25.67 26.27 26.27 26.27 26.27 26.27 27.05 99999.90 99999.90 99999.90 99999.90 99999.90 99999.90 99999.90 99999.90 99999.90 99999.90 99999.90 99999.90 99999.90 99999.90 99999.90
27.09 27.18 27.42 27.39 27.45 27.54 27.42 27.21 26.81 27.16 27.32 27.14 27.10 26.50 26.55 26.35 26.43 25.39 25.95 26.02 24.92 24.55 23.73 22.89 23.25 23.27 23.07 23.99 25.59 26.50 25.77 25.73 25.37 26.32 26.38 25.97 24.00 25.37 25.94 25.67 24.90 24.51 25.13 25.13 26.21 26.36 26.36 26.36 25.64 25.64 25.67 25.67 25.67 25.67 25.67 26.27 26.27 26.27 26.27 26.27 26.27 27.05 99999.90 99999.90 99999.90 99999.90 99999.90 99999.90 99999.90 99999.90 99999.90 99999.90 99999.90 99999.90 99999.90 99999.90 99999.90
26.54 27.07 27.11 26.77 27.08 26.82 26.62 27.46 27.11 27.17 27.22 26.69 27.09 26.61 27.05 26.82 26.74 26.29 26.38 26.24 25.18 25.46 25.43 25.40 24.39 24.94 23.91 21.36 22.57 23.77 24.58 24.96 25.96 26.28 26.37 26.53 26.32 25.65 23.25 24.32 24.95 26.19 25.70 25.12 26.21 26.36 26.36 25.64 25.64 25.94 25.67 25.67 25.67 25.67 26.27 26.27 26.27 26.27 26.27 26.27 26.27 27.05 99999.90 99999.90 99999.90 99999.90 99999.90 99999.90 99999.90 99999.90 99999.90 99999.90 99999.90 99999.90 99999.90 99999.90 99999.90
26.67 26.27 26.48 26.11 26.43 26.27 26.21 26.45 26.07 26.59 27.06 26.66 27.05 26.99 26.54 26.80 26.53 25.67 25.80 26.21 25.61 26.43 26.40 26.22 26.33 25.86 25.89 25.56 23.79 24.44 24.23 24.24 24.82 22.98 23.06 25.23 26.55 25.70 25.23 23.40 24.05 25.59 25.84 25.93 25.67 25.62 25.64 25.64 25.94 25.67 25.67 25.67 25.67 26.27 26.27 26.27 26.27 26.27 26.27 26.27 26.27 27.05 99999.90 99999.90 99999.90 99999.90 99999.90 99999.90 99999.90 99999.90 99999.90 99999.90 99999.90 99999.90 99999.90 99999.90 99999.90
26.72 27.18 26.20 26.52 26.70 26.94 25.76 26.90 26.95 26.49 26.82 26.48 26.49 26.74 26.68 26.81 26.58 25.93 25.87 25.79 26.03 26.01 26.06 25.09 25.42 26.11 26.02 26.39 25.73 25.98 26.03 26.25 27.33 26.65 26.57 26.39 26.60 25.18 23.83 22.46 23.69 24.96 25.19 24.99 25.55 25.63 26.41 25.94 25.94 25.67 25.67 25.67 26.27 26.27 26.27 26.27 26.27 26.27 26.27 26.27 26.27 27.05 99999.90 99999.90 99999.90 99999.90 99999.90 99999.90 99999.90 99999.90 99999.90 99999.90 99999.90 99999.90 99999.90 99999.90 99999.90
26.62 26.60 26.05 26.83 26.03 27.09 26.67 26.84 26.76 26.54 26.16 26.47 26.78 26.20 26.62 26.78 27.13 26.79 26.45 26.20 25.91 25.83 26.71 25.74 26.71 26.84 26.78 27.15 27.24 27.30 26.76 26.65 26.35 25.84 26.53 26.23 26.46 24.88 22.05 20.37 22.86 25.46 24.02 25.12 24.94 25.14 25.45 26.19 25.82 25.67 25.67 26.27 26.27 26.27 26.27 26.27 26.27 26.27 26.27 26.27 26.27 27.05 26.51 26.51 99999.90 99999.90 99999.90 99999.90 99999.90 99999.90 99999.90 99999.90 99999.90 99999.90 99999.90 99999.90 99999.90
27.35 26.82 26.93 26.02 26.86 26.80 27.00 26.54 26.18 26.36 26.71 26.28 26.43 25.90 26.61 26.82 27.03 26.45 26.70 26.02 26.03 25.45 25.21 25.55 25.22 26.13 26.42 25.66 26.39 26.26 26.96 26.91 26.66 26.13 24.76 25.45 24.29 22.25 23.46 23.19 23.21 23.59 25.10 24.51 24.59 24.57 24.18 24.80 26.76 26.38 26.27 26.27 26.27 26.27 26.27 26.27 26.27 26.27 26.27 27.05 27.05 27.05 26.51 26.51 26.87 99999.90 99999.90 99999.90 99999.90 99999.90 99999.90 99999.90 99999.90 99999.90 99999.90 99999.90 99999.90
27.01 27.09 27.11 26.83 26.90 26.48 26.69 26.77 27.10 26.25 26.16 26.09 26.67 26.03 26.57 25.85 26.88 26.94 26.10 26.44 25.52 26.15 25.92 25.78 24.07 25.09 25.23 25.46 24.47 25.10 25.45 26.05 25.75 25.60 24.63 24.51 23.27 24.29 24.10 23.28 25.24 24.77 24.80 24.90 24.35 24.66 24.86 25.00 25.93 27.17 26.27 26.27 26.27 26.27 26.27 27.05 27.05 27.05 27.05 27.05 27.05 27.05 26.51 26.87 26.87 99999.90 99999.90 99999.90 99999.90 99999.90 99999.90 99999.90 99999.90 99999.90 99999.90 99999.90 99999.90
27.04 26.64 26.87 26.76 26.85 27.32 26.52 26.51 26.16 26.49 26.21 26.38 26.68 25.77 25.63 25.95 26.10 26.33 26.55 26.74 26.16 25.69 25.28 25.54 24.50 23.93 25.01 25.05 24.83 25.14 23.42 24.38 24.63 25.18 25.07 24.82 23.08 21.80 22.79 23.58 24.07 25.45 26.69 26.64 25.07 25.43 24.98 25.80 25.72 26.73 26.73 26.73 27.05 27.05 27.05 27.05 27.05 27.05 27.05 27.05 27.05 27.05 26.87 26.87 26.87 99999.90 99999.90 99999.90 99999.90 99999.90 99999.90 99999.90 99999.90 99999.90 99999.90 99999.90 99999.90
26.83 26.34 26.04 26.95 26.82 26.35 26.53 27.00 26.68 26.79 26.84 26.38 26.68 26.60 26.55 26.67 26.29 25.80 26.10 26.09 26.27 26.41 26.04 25.75 25.78 25.18 25.32 25.57 26.12 24.66 23.05 24.57 22.84 25.18 25.22 25.85 25.25 21.75 23.24 23.29 23.65 22.72 24.85 26.26 26.55 26.63 26.05 25.63 26.53 26.90 26.90 27.05 27.05 27.05 27.05 27.05 27.05 27.05 27.05 27.05 27.05 26.87 26.87 26.87 26.87 99999.90 99999.90 99999.90 99999.90 99999.90 99999.90 99999.90 99999.90 99999.90 99999.90 99999.90 99999.90
26.96 26.53 26.65 26.71 27.09 26.80 26.69 26.84 26.36 26.34 26.88 26.65 26.22 26.88 26.53 26.23 26.57 26.35 26.20 26.34 25.53 26.38 25.63 25.79 25.55 25.10 25.08 24.96 25.52 25.32 24.89 25.56 24.77 26.31 24.85 24.32 25.09 23.74 23.03 23.91 23.84 22.94 23.94 24.30 24.63 26.68 26.32 26.29 26.56 26.93 26.83 27.05 27.05 27.05 27.05 27.05 27.05 27.05 27.05 26.51 26.87 26.87 26.87 26.87 26.87 99999.90 99999.90 99999.90 99999.90 99999.90 99999.90 99999.90 99999.90 99999.90 99999.90 99999.90 99999.90
26.00 26.58 26.33 27.14 27.12 26.16 26.69 27.06 27.08 26.60 26.75 26.80 26.44 26.40 26.24 25.95 25.59 25.97 26.19 26.31 25.91 26.21 25.06 25.54 25.28 25.47 24.73 24.55 25.42 24.82 24.99 23.79 24.54 23.43 22.38 23.84 25.17 25.24 23.02 24.73 23.87 24.74 24.90 25.66 24.43 24.52 25.88 24.54 25.20 27.20 26.40 26.80 26.80 26.80 26.80 26.80 26.80 26.51 26.51 26.87 26.87 26.87 26.87 26.87 26.87 99999.90 99999.90 99999.90 99999.90 99999.90 99999.90 99999.90 99999.90 99999.90 99999.90 99999.90 99999.90
26.63 26.46 26.11 25.77 26.01 26.77 27.05 26.55 26.87 26.68 26.80 26.38 26.80 26.85 26.90 26.36 26.91 26.02 26.34 26.28 26.25 25.61 25.75 25.75 24.63 25.03 25.45 25.36 26.25 25.85 25.80 25.33 25.71 24.84 25.04 23.87 25.53 24.97 24.05 24.50 24.19 24.65 24.25 24.82 24.75 25.56 23.61 25.31 23.57 25.70 25.34 26.84 26.84 26.84 26.84 26.51 26.51 26.51 26.87 26.87 26.87 26.87 26.87 26.87 26.87 27.36 99999.90 99999.90 99999.90 99999.90 99999.90 99999.90 99999.90 99999.90 99999.90 99999.90 99999.90
26.97 26.43 26.73 26.29 25.93 25.67 25.84 26.27 26.20 25.93 26.58 26.21 26.75 26.96 26.18 25.64 26.45 25.70 26.11 25.44 26.09 26.14 26.11 26.12 25.63 25.71 25.80 25.97 26.43 26.23 26.27 26.12 25.61 25.93 25.10 25.22 24.86 25.51 24.82 25.15 25.68 25.46 25.52 25.75 25.67 25.89 26.26 24.07 23.94 24.47 23.45 25.02 25.02 25.02 26.51 26.51 26.51 26.87 26.87 26.87 26.87 26.87 26.87 26.87 26.87 27.36 99999.90 99999.90 99999.90 99999.90 99999.90 99999.90 99999.90 99999.90 99999.90 99999.90 99999.90
26.65 26.89 26.99 27.05 27.02 26.23 26.64 26.68 25.98 26.09 26.33 26.59 26.90 26.15 26.81 26.50 26.34 25.37 25.92 26.18 25.72 25.59 26.34 25.72 25.28 25.63 25.77 25.51 26.06 25.80 26.53 26.75 25.68 26.15 25.72 26.59 25.80 25.30 25.15 24.68 25.50 24.75 25.84 26.00 24.98 25.86 25.94 24.74 24.58 23.19 23.72 23.52 23.52 26.51 26.51 26.51 26.87 26.87 26.87 26.87 26.87 26.87 26.87 26.87 26.87 27.36 99999.90 99999.90 99999.90 99999.90 99999.90 99999.90 99999.90 99999.90 99999.90 99999.90 99999.90
27.24 27.12 27.05 27.11 26.88 26.92 26.74 27.24 27.01 26.46 24.84 26.25 26.65 26.33 26.24 26.48 26.39 25.71 26.22 25.25 25.35 25.48 25.48 25.60 25.15 24.74 25.20 25.42 25.20 25.83 25.03 25.41 25.32 26.27 26.02 26.15 26.24 25.83 25.43 25.80 24.98 24.35 23.97 25.82 25.18 25.17 25.40 24.80 24.08 22.91 22.42 24.40 25.17 26.51 26.51 26.87 26.87 26.87 26.87 26.87 26.87 26.87 26.87 26.87 26.87 27.36 27.01 99999.90 99999.90 99999.90 99999.90 99999.90 99999.90 99999.90 99999.90 99999.90 99999.90
27.09 27.17 27.09 27.52 27.13 27.00 27.10 27.16 26.84 27.08 26.47 26.37 26.62 25.87 25.73 25.95 25.68 26.36 24.81 25.68 25.52 24.74 25.63 25.42 25.01 25.26 25.66 25.57 25.56 25.64 24.71 25.02 25.22 25.25 25.89 25.76 25.11 26.03 25.90 25.61 25.38 25.12 26.44 26.43 25.88 23.22 24.83 24.93 24.75 22.48 23.57 26.16 25.81 26.53 26.87 26.87 26.87 26.87 26.87 26.87 26.87 26.87 26.87 26.87 26.87 27.36 27.01 99999.90 99999.90 99999.90 99999.90 99999.90 99999.90 99999.90 99999.90 99999.90 99999.90
27.19 26.99 27.30 27.11 27.40 27.10 27.24 27.02 27.15 26.90 26.68 26.91 26.87 26.29 25.78 26.05 25.78 26.42 26.22 25.64 25.13 24.96 25.57 24.40 24.75 25.36 25.32 25.26 25.43 25.39 25.74 24.78 24.48 24.49 23.67 23.01 25.06 25.13 24.85 25.55 26.44 25.80 25.13 25.35 25.27 24.41 24.61 24.80 25.23 25.22 23.95 24.36 24.31 25.27 25.48 25.48 25.48 25.48 25.48 25.48 25.48 25.48 25.48 25.48 25.48 26.16 26.16 26.16 26.16 26.16 26.16 26.16 26.16 26.16 26.16 99999.90 99999.90
27.24 27.25 27.25 27.24 27.46 27.22 27.29 27.47 27.46 27.25 27.15 26.95 26.49 25.81 26.42 25.93 25.85 25.66 25.85 25.23 25.99 25.80 26.01 25.51 25.08 25.76 25.03 25.15 26.03 25.26 25.55 24.95 24.57 24.33 24.69 23.90 24.49 24.43 24.55 25.25 25.27 24.98 23.80 25.84 24.62 24.80 24.99 25.17 24.07 24.49 24.88 24.47 24.78 25.99 26.19 26.19 26.19 26.19 26.19 26.19 26.19 26.19 26.19 27.36 26.16 26.16 26.16 26.16 26.16 27.11 27.11 27.11 27.11 27.11 27.11 27.11 27.11
27.50 27.53 27.51 27.35 27.54 27.15 26.70 27.32 27.02 27.30 27.10 27.04 26.17 26.29 25.73 26.18 26.15 25.18 25.76 25.13 24.81 25.57 26.11 25.64 26.00 25.86 25.76 25.76 26.06 26.01 25.72 25.44 25.00 24.76 23.44 24.29 24.32 24.78 25.13 25.41 25.56 25.17 25.22 25.30 25.40 24.65 24.02 23.98 24.70 24.60 24.57 24.04 24.41 24.98 27.26 27.26 27.26 27.26 27.26 27.26 27.36 27.36 27.36 26.16 26.16 26.16 26.16 26.16 26.16 27.11 27.11 27.11 27.11 27.11 27.11 27.11 27.11
27.46 27.49 27.36 27.29 27.49 27.48 27.11 27.23 27.00 26.82 26.45 26.57 26.79 25.83 26.28 26.11 25.98 25.58 25.18 24.60 24.87 25.19 25.53 25.18 25.01 25.83 24.15 25.27 25.38 25.37 25.15 24.94 25.13 24.70 24.40 24.09 22.19 24.42 24.93 24.19 26.04 26.18 26.38 25.99 26.06 26.48 24.89 23.69 24.95 23.84 23.74 24.19 23.28 24.70 27.02 27.02 27.02 27.36 27.36 27.36 27.36 27.36 27.36 26.16 26.16 26.16 26.16 26.16 26.16 27.11 27.11 27.11 27.11 27.11 21.33 21.33 21.33
26.85 26.34 27.05 27.33 27.01 27.46 27.43 27.39 27.39 27.17 27.23 26.59 26.43 25.86 25.98 25.37 25.95 25.92 25.13 24.85 24.99 25.28 25.51 25.68 25.38 24.94 24.76 25.84 25.44 24.80 25.24 25.44 24.74 24.72 24.46 23.92 23.64 23.83 24.13 25.25 25.54 25.37 26.00 24.78 25.44 26.12 25.22 25.59 24.14 25.53 23.31 22.28 22.88 24.66 26.84 26.84 27.36 27.36 27.36 27.36 27.36 27.36 26.16 26.16 26.16 26.16 26.16 26.16 27.11 27.11 27.11 27.11 27.11 27.11 21.33 21.33 21.33
26.78 26.92 26.54 26.45 26.59 27.35 27.38 26.54 26.90 26.72 26.76 27.13 26.71 26.58 26.73 26.56 25.56 25.86 26.08 25.67 25.20 24.44 25.67 24.64 25.10 25.36 25.49 25.76 25.06 25.16 25.49 26.21 24.99 24.66 23.69 24.15 25.29 24.28 23.58 22.49 23.81 23.81 23.98 23.73 24.44 23.88 23.80 25.22 23.67 23.82 25.18 23.39 23.00 24.72 26.55 27.36 27.36 27.36 27.36 27.36 27.36 27.01 26.16 26.16 26.16 26.16 26.16 26.16 27.11 27.11 27.11 27.11 27.11 27.11 21.33 21.33 21.33
