main/data/irradiance/25.05.2023.grid
ncols 839
nrows 679
xllcenter 112.0500
yllcenter -43.9500
cellsize 0.0500
nodata_value 99999.90
[rows 238 to 271 of 679, columns 693 to 769 of 839]
16.95 16.92 16.94 16.88 16.97 17.05 17.04 16.96 16.94 17.00 16.90 17.03 17.09 16.93 16.90 17.05 17.09 17.06 17.07 17.09 17.06 17.03 17.05 17.09 17.11 17.12 17.12 17.05 16.58 16.57 16.69 16.57 16.37 16.39 16.40 16.75 16.70 16.71 16.68 16.73 16.64 16.70 16.68 16.59 16.58 16.93 16.75 16.66 16.00 16.74 16.63 15.43 16.04 17.10 17.12 17.09 17.09 17.09 17.08 17.08 17.08 17.06 17.06 17.06 17.06 17.06 17.06 17.06 17.04 17.04 17.04 17.04 17.04 16.54 16.54 16.54 16.54
16.91 16.97 16.98 17.00 16.97 16.98 17.03 17.02 17.16 17.09 17.05 17.07 17.07 17.08 17.14 17.03 17.01 17.02 16.97 17.00 17.03 17.04 16.93 17.04 17.07 17.11 17.12 17.10 16.63 16.60 16.31 16.44 16.68 16.81 16.67 16.49 16.55 16.67 16.87 16.88 16.86 16.67 16.78 16.53 16.86 17.01 17.04 16.72 16.25 16.88 16.82 16.05 16.55 17.08 17.08 17.10 17.10 17.08 17.08 17.08 17.08 17.06 17.06 17.06 17.06 17.06 17.06 17.04 17.04 17.04 17.04 17.04 17.04 16.54 16.54 16.54 16.54
16.79 16.93 16.95 16.92 16.96 16.96 16.92 16.96 17.09 17.11 17.02 17.08 17.03 17.08 17.06 16.99 16.91 16.94 17.01 17.00 17.03 17.04 17.03 17.00 17.04 17.08 17.06 17.03 16.79 16.56 16.66 16.85 16.39 16.55 16.78 17.03 16.82 16.86 16.79 16.93 16.96 16.92 16.70 16.62 16.62 17.01 16.94 16.84 16.21 16.62 16.64 16.43 16.93 17.07 17.06 17.05 17.08 17.08 17.08 17.08 17.08 17.06 17.06 17.06 17.06 17.06 17.06 17.04 17.04 17.04 17.04 17.04 17.04 16.54 16.54 16.54 16.54
16.91 16.89 16.89 16.82 16.77 16.91 16.94 16.95 16.86 16.92 17.02 17.03 17.04 16.95 16.99 16.90 17.09 17.04 17.10 17.08 17.01 17.01 17.01 16.91 17.00 17.04 17.04 17.01 16.76 16.88 16.51 16.73 16.56 16.58 16.65 16.79 16.90 16.83 16.76 16.82 16.85 16.78 16.79 16.51 16.77 16.94 16.98 16.96 16.94 16.73 16.70 16.68 17.03 16.98 16.90 16.99 17.05 17.05 17.05 17.05 17.05 17.06 17.06 17.06 17.06 17.06 17.01 17.04 17.04 17.04 17.04 17.04 17.04 16.54 16.54 16.54 16.54
16.95 17.00 16.90 16.84 16.80 16.85 16.81 16.83 16.86 16.89 16.97 17.01 17.03 17.02 17.04 16.85 17.05 17.05 17.08 17.07 17.08 17.00 16.87 16.86 16.90 16.99 17.00 16.93 16.84 16.66 16.69 16.70 16.58 16.62 16.90 16.83 16.57 16.71 16.82 16.56 16.70 16.65 16.75 16.46 16.60 16.80 16.89 16.97 17.02 16.25 16.68 16.99 17.01 16.96 16.68 16.80 16.97 16.97 16.97 17.01 17.01 17.06 17.06 17.06 17.06 17.06 17.01 17.04 17.04 17.04 17.04 17.04 16.98 16.54 16.54 16.54 16.54
17.00 16.99 16.93 16.85 16.78 16.74 16.71 16.69 16.87 16.78 16.83 16.91 16.99 16.93 16.90 16.86 16.94 16.85 17.01 16.94 17.05 17.02 16.88 16.93 16.88 16.94 16.98 16.96 16.72 16.83 16.62 16.57 16.74 16.65 16.71 16.63 16.85 16.68 16.79 16.71 16.59 16.52 16.54 16.65 16.51 16.91 16.88 16.91 16.94 16.79 16.94 16.94 16.89 16.26 16.50 16.76 16.86 16.86 17.01 17.01 17.01 17.04 17.04 17.04 17.04 17.04 17.01 17.04 17.04 17.04 16.98 16.98 16.95 16.54 16.54 16.54 16.54
16.93 16.90 16.81 16.74 16.75 16.76 16.65 16.60 16.71 16.70 16.69 16.84 16.99 16.85 16.87 16.86 16.96 16.93 16.94 16.90 17.02 16.99 16.87 16.89 16.95 16.84 16.96 16.90 16.81 16.65 16.80 16.54 16.70 16.49 16.70 16.38 16.50 16.70 16.82 16.73 16.62 16.66 16.45 16.41 16.80 16.79 16.59 16.82 16.98 16.87 16.93 16.90 16.11 15.80 15.71 16.64 16.93 17.01 17.01 17.01 16.73 17.04 17.04 17.04 17.04 16.94 16.94 16.97 16.97 16.98 16.98 16.95 16.95 16.54 16.54 16.54 16.54
16.80 16.85 16.77 16.78 16.72 16.72 16.70 16.69 16.60 16.67 16.75 16.62 16.77 16.80 16.75 16.85 16.90 16.87 16.92 16.65 16.40 16.65 16.89 16.94 16.93 16.90 16.95 16.89 16.82 16.76 16.81 16.73 16.65 16.52 16.75 16.53 16.44 16.46 16.76 16.71 16.46 16.47 16.62 16.56 16.75 16.77 16.64 16.86 16.88 16.91 16.93 16.78 16.28 15.38 16.28 16.58 16.85 17.02 17.02 16.73 16.95 16.95 17.04 16.83 16.83 16.83 16.68 16.90 16.98 16.98 16.95 16.95 16.92 16.54 16.54 16.54 16.54
16.82 16.81 16.73 16.75 16.78 16.77 16.77 16.71 16.72 16.67 16.66 16.66 16.72 16.82 16.71 16.66 16.77 16.84 16.90 16.80 16.81 16.75 16.85 16.81 16.75 16.84 16.92 16.92 16.80 16.79 16.77 16.57 16.84 16.67 16.49 16.67 16.32 16.44 16.50 16.66 16.53 16.45 16.39 16.46 16.12 16.47 16.65 16.88 16.78 16.68 16.87 16.70 15.72 15.62 15.67 16.45 16.63 16.77 16.73 16.73 16.95 16.95 15.74 16.83 16.83 16.83 16.73 16.75 16.93 16.95 16.95 16.95 16.92 16.92 16.54 16.54 16.54
16.76 16.73 16.69 16.81 16.73 16.76 16.80 16.85 16.74 16.66 16.66 16.68 16.71 16.71 16.69 16.75 16.67 16.90 16.84 16.56 16.80 16.83 16.82 16.72 16.83 16.82 16.86 16.90 16.91 16.86 16.74 16.72 16.59 16.71 16.52 16.42 16.47 16.20 16.36 16.42 16.52 16.45 16.34 16.10 16.15 16.34 16.36 16.67 16.59 16.85 16.74 16.18 15.21 14.60 15.42 15.76 16.14 16.41 16.62 16.80 16.95 16.95 15.74 15.74 16.83 16.83 16.36 16.67 16.46 16.78 16.78 16.86 16.92 16.92 16.92 15.60 15.60
16.63 16.65 16.70 16.67 16.74 16.71 16.75 16.76 16.68 16.69 16.74 16.74 16.71 16.80 16.77 16.79 16.73 16.76 16.84 16.77 16.63 16.91 16.81 16.74 16.89 16.60 16.74 16.81 16.77 16.85 16.68 16.67 16.76 16.74 16.69 16.47 16.35 16.07 16.05 16.41 16.54 16.42 16.55 16.56 16.35 16.41 16.33 16.42 16.51 16.62 16.34 16.10 15.40 14.48 15.05 15.40 15.43 15.48 16.32 16.56 16.95 15.74 15.74 15.74 15.96 15.35 15.35 16.01 15.47 15.90 16.33 16.86 16.92 16.92 16.55 16.43 16.43
16.76 16.81 16.84 16.75 16.75 16.75 16.64 16.67 16.67 16.70 16.79 16.84 16.83 16.79 16.63 16.74 16.70 16.80 16.87 16.84 16.76 16.72 16.80 16.85 16.75 16.78 16.77 16.83 16.87 16.83 16.70 16.62 16.62 16.52 16.45 16.02 16.26 16.11 16.42 16.06 16.21 16.43 16.42 16.37 16.65 16.37 16.17 16.01 16.30 16.13 16.04 15.68 15.01 15.19 14.50 14.36 14.55 14.94 15.53 15.70 15.70 15.32 15.87 15.96 15.96 15.35 15.35 15.15 15.08 16.14 15.94 15.63 15.99 16.55 16.55 16.50 16.43
16.68 16.83 16.79 16.74 16.79 16.78 16.66 16.73 16.76 16.74 16.82 16.81 16.64 16.82 16.82 16.60 16.62 16.63 16.71 16.63 16.73 16.74 16.67 16.79 16.78 16.82 16.84 16.83 16.83 16.78 16.84 16.73 16.60 16.57 16.43 16.07 16.12 16.10 16.46 16.10 16.32 16.17 16.33 16.26 16.21 16.17 16.31 15.78 15.68 15.92 15.75 15.33 15.30 14.22 13.68 14.29 14.51 14.49 14.48 15.16 15.32 15.68 15.43 15.78 16.08 16.08 15.53 15.53 15.36 15.74 15.73 15.67 15.31 15.52 16.51 16.50 16.50
16.69 16.76 16.79 16.78 16.81 16.81 16.69 16.69 16.80 16.71 16.80 16.82 16.75 16.84 16.83 16.60 16.73 16.69 16.76 16.73 16.81 16.72 16.64 16.64 16.71 16.79 16.80 16.77 16.71 16.73 16.75 16.79 16.74 16.71 16.64 16.45 16.49 16.25 16.14 16.13 16.17 15.95 16.22 16.26 16.12 15.96 16.16 15.81 15.57 15.51 15.78 15.75 15.80 15.01 14.13 14.66 14.40 14.64 15.29 15.25 15.78 15.80 15.42 15.18 15.24 15.82 15.82 15.20 15.59 15.14 15.93 15.91 15.49 16.17 15.99 16.37 16.41
16.64 16.78 16.79 16.78 16.80 16.73 16.68 16.70 16.75 16.68 16.72 16.74 16.73 16.81 16.81 16.81 16.81 16.71 16.74 16.59 16.70 16.60 16.54 16.57 16.62 16.69 16.72 16.75 16.77 16.69 16.67 16.75 16.81 16.75 16.64 16.65 16.54 16.61 16.33 16.33 16.08 16.02 16.40 16.17 16.09 16.12 16.19 15.58 15.10 15.44 15.93 15.59 15.58 15.44 14.61 14.21 14.41 14.90 14.98 15.53 15.95 15.62 15.31 15.86 15.49 15.74 15.22 15.15 15.13 15.27 15.84 15.61 15.72 15.96 16.22 16.26 15.96
16.66 16.72 16.72 16.73 16.72 16.79 16.69 16.68 16.67 16.62 16.60 16.68 16.78 16.79 16.79 16.79 16.79 16.82 16.70 16.71 16.72 16.50 16.79 16.73 16.74 16.72 16.68 16.73 16.74 16.70 16.72 16.77 16.78 16.76 16.73 16.60 16.66 16.45 16.32 16.21 16.17 16.01 16.05 16.28 16.32 15.60 15.48 15.85 15.28 15.96 15.27 15.68 15.75 15.68 15.29 14.99 14.54 15.56 14.99 15.40 15.55 15.48 15.54 15.40 14.99 15.03 15.33 15.17 14.69 15.36 15.38 15.99 16.13 14.92 15.95 16.08 16.26
16.48 16.47 16.48 16.70 16.72 16.77 16.60 16.63 16.63 16.59 16.54 16.63 16.73 16.77 16.76 16.77 16.77 16.78 16.78 16.66 16.59 16.77 16.72 16.71 16.74 16.65 16.58 16.67 16.67 16.69 16.66 16.69 16.74 16.73 16.70 16.69 16.72 16.45 16.25 16.24 16.16 16.06 16.08 16.06 15.86 15.72 15.50 15.53 15.20 15.20 15.02 15.33 15.08 15.19 15.44 15.07 15.02 15.67 15.26 15.20 15.92 15.08 14.92 15.69 15.57 15.37 15.35 15.66 15.36 14.93 15.23 15.32 15.39 15.61 15.84 15.92 16.41
16.37 16.41 16.53 16.63 16.67 16.53 16.50 16.54 16.65 16.59 16.56 16.56 16.63 16.75 16.75 16.75 16.75 16.74 16.76 16.73 16.59 16.63 16.66 16.66 16.68 16.53 16.55 16.59 16.65 16.60 16.62 16.67 16.70 16.72 16.70 16.71 16.54 16.59 16.25 15.93 16.28 15.99 16.04 16.18 16.11 16.29 16.10 15.87 15.58 15.95 15.58 15.01 15.66 15.16 15.56 15.40 15.18 15.93 15.57 15.35 15.58 15.59 15.78 15.58 15.48 15.36 15.65 15.30 15.31 15.63 16.05 16.24 15.56 15.04 14.68 15.33 16.08
16.43 16.38 16.49 16.42 16.38 16.60 16.57 16.54 16.65 16.62 16.49 16.47 16.55 16.73 16.71 16.73 16.73 16.72 16.70 16.63 16.59 16.50 16.69 16.72 16.73 16.61 16.62 16.67 16.62 16.51 16.60 16.66 16.68 16.68 16.67 16.67 16.66 16.63 16.61 16.49 16.33 16.31 15.88 15.97 15.96 15.86 15.59 15.65 15.91 15.72 15.32 15.45 15.17 15.63 15.77 15.46 15.74 15.88 15.53 15.84 15.61 15.20 15.62 15.63 15.51 15.82 15.62 15.22 15.10 15.44 15.58 15.49 15.84 16.06 15.57 15.20 15.74
16.42 16.46 16.41 16.31 16.46 16.71 16.60 16.59 16.61 16.59 16.47 16.57 16.57 16.66 16.70 16.70 16.66 16.64 16.67 16.67 16.58 16.69 16.59 16.53 16.63 16.59 16.43 16.59 16.45 16.43 16.56 16.63 16.67 16.70 16.70 16.68 16.67 16.64 16.58 16.64 16.21 16.35 16.08 15.94 15.77 15.86 15.81 15.86 15.90 15.45 15.42 15.75 15.37 15.84 15.86 15.77 15.60 15.79 15.83 15.40 15.93 15.17 15.10 15.13 15.46 15.66 15.06 15.18 15.55 15.64 15.51 15.32 15.21 15.26 15.64 15.61 15.73
16.57 16.45 16.35 16.40 16.52 16.70 16.66 16.53 16.50 16.54 16.60 16.63 16.64 16.68 16.68 16.65 16.56 16.60 16.56 16.62 16.58 16.62 16.42 16.63 16.67 16.59 16.42 16.35 16.59 16.51 16.53 16.49 16.65 16.68 16.67 16.67 16.63 16.63 16.58 16.56 16.37 16.35 16.22 16.05 15.86 16.00 16.06 15.69 15.60 15.51 15.64 15.44 15.43 15.76 15.57 15.98 15.67 15.52 15.40 15.55 16.00 15.77 15.37 15.53 15.38 15.06 15.13 14.85 14.71 14.93 15.68 15.60 15.53 15.49 15.49 15.28 15.50
16.44 16.55 16.42 16.40 16.53 16.67 16.67 16.60 16.54 16.48 16.46 16.58 16.66 16.66 16.65 16.59 16.58 16.63 16.54 16.48 16.58 16.63 16.59 16.59 16.59 16.34 16.39 16.60 16.38 16.52 16.61 16.56 16.66 16.66 16.65 16.64 16.63 16.59 16.55 16.65 16.61 16.30 16.22 16.00 15.93 15.95 15.89 15.63 15.88 15.90 15.72 15.76 15.53 15.57 15.54 15.33 15.63 15.31 15.02 15.53 15.66 15.39 15.19 14.86 15.18 15.09 15.22 14.68 15.11 15.00 15.09 15.65 16.00 15.94 15.27 15.18 15.24
16.50 16.47 16.49 16.39 16.40 16.52 16.56 16.63 16.58 16.48 16.46 16.52 16.63 16.63 16.64 16.64 16.58 16.61 16.58 16.48 16.56 16.58 16.57 16.60 16.44 16.44 16.46 16.59 16.48 16.60 16.54 16.58 16.58 16.62 16.62 16.59 16.63 16.59 16.46 16.48 16.56 16.62 16.28 15.97 16.08 16.17 15.63 16.09 15.82 15.79 15.76 15.79 15.83 16.03 15.55 15.62 15.41 15.71 15.29 15.41 15.43 15.68 15.05 15.20 15.62 15.25 14.86 15.20 14.81 15.06 15.25 15.49 15.71 15.87 15.64 15.72 15.83
16.46 16.48 16.41 16.43 16.29 16.41 16.56 16.58 16.54 16.42 16.29 16.38 16.61 16.58 16.60 16.60 16.60 16.61 16.54 16.45 16.44 16.46 16.53 16.55 16.60 16.57 16.48 16.50 16.40 16.52 16.53 16.44 16.59 16.57 16.50 16.60 16.56 16.55 16.51 16.53 16.40 16.32 16.13 16.13 16.17 15.89 15.88 15.87 15.39 15.69 15.88 15.85 16.08 15.54 15.77 15.42 15.62 15.78 15.25 15.31 15.31 15.10 14.65 14.76 14.93 14.41 15.19 14.90 14.81 14.99 15.00 15.43 15.17 15.22 15.51 15.90 16.08
16.36 16.29 16.54 16.44 16.30 16.37 16.48 16.52 16.54 16.47 16.30 16.27 16.57 16.58 16.57 16.59 16.58 16.52 16.50 16.50 16.45 16.37 16.37 16.39 16.43 16.46 16.49 16.63 16.52 16.42 16.55 16.52 16.48 16.56 16.53 16.47 16.48 16.47 16.43 16.42 16.40 16.35 16.31 16.15 15.93 15.99 15.83 15.63 15.68 15.59 15.73 15.78 15.55 15.77 15.36 15.47 15.83 15.55 15.72 15.37 15.24 15.04 15.31 15.32 15.19 15.22 14.99 14.43 15.21 14.86 14.81 15.07 15.35 14.84 15.08 15.44 15.70
16.30 16.30 16.30 16.37 16.23 16.33 16.34 16.30 16.40 16.43 16.36 16.30 16.49 16.44 16.50 16.55 16.52 16.46 16.50 16.55 16.54 16.38 16.33 16.35 16.43 16.47 16.50 16.56 16.38 16.55 16.44 16.54 16.45 16.58 16.53 16.42 16.43 16.47 16.45 16.39 16.42 16.29 16.29 16.25 16.25 16.16 15.73 15.76 15.75 15.97 15.74 15.91 15.79 15.90 16.05 15.79 15.55 15.77 15.75 15.31 15.28 15.20 14.48 14.95 15.00 14.94 14.96 14.65 14.46 14.94 15.14 14.81 15.03 14.79 15.24 15.17 15.40
16.38 16.39 16.25 16.20 16.29 16.18 16.30 16.31 16.36 16.44 16.43 16.49 16.45 16.51 16.53 16.52 16.50 16.50 16.53 16.47 16.47 16.46 16.41 16.46 16.53 16.36 16.43 16.34 16.54 16.45 16.44 16.46 16.42 16.41 16.44 16.38 16.38 16.43 16.45 16.47 16.48 16.49 16.34 16.32 16.28 15.97 16.06 15.83 15.25 15.61 15.76 15.55 16.01 16.07 15.84 15.82 15.45 15.53 15.55 15.69 15.48 15.40 15.06 15.04 14.89 15.20 15.18 14.87 15.14 15.19 14.92 15.33 14.91 14.67 14.95 14.92 15.82
16.48 16.40 16.26 16.30 16.33 16.31 16.37 16.32 16.18 16.45 16.46 16.49 16.51 16.52 16.49 16.51 16.45 16.53 16.51 16.46 16.51 16.54 16.49 16.38 16.52 16.52 16.42 16.48 16.50 16.45 16.51 16.45 16.34 16.37 16.44 16.42 16.42 16.46 16.48 16.52 16.48 16.51 16.46 16.45 16.37 16.01 16.17 16.11 16.03 15.72 15.74 15.95 16.07 16.13 16.23 16.01 15.95 15.53 15.47 15.57 15.83 15.21 15.78 15.27 14.39 14.95 14.83 14.80 14.70 15.20 15.20 15.59 14.88 14.89 15.14 15.58 15.61
16.47 16.44 16.37 16.43 16.42 16.33 16.36 16.33 16.33 16.41 16.46 16.42 16.44 16.51 16.49 16.48 16.47 16.49 16.49 16.47 16.49 16.48 16.51 16.45 16.40 16.51 16.46 16.49 16.48 16.47 16.37 16.47 16.42 16.41 16.42 16.44 16.50 16.48 16.45 16.47 16.44 16.41 16.40 16.42 16.33 16.28 16.07 16.26 15.82 16.06 16.07 15.94 16.00 15.98 15.81 16.18 15.74 15.90 15.86 16.11 15.84 16.03 15.70 15.64 15.38 15.21 14.97 14.68 15.00 14.79 14.43 14.92 15.54 15.34 15.06 15.75 15.93
16.48 16.46 16.50 16.43 16.36 16.37 16.31 16.26 16.40 16.47 16.48 16.43 16.46 16.47 16.49 16.48 16.40 16.39 16.37 16.48 16.45 16.40 16.46 16.47 16.44 16.48 16.48 16.48 16.48 16.44 16.39 16.42 16.45 16.38 16.35 16.37 16.51 16.49 16.39 16.41 16.38 16.41 16.34 16.37 16.31 16.48 16.34 16.36 16.28 16.10 16.27 16.22 16.14 16.03 15.99 15.86 16.03 15.79 15.85 15.97 15.83 15.62 15.60 15.51 15.36 15.72 15.47 14.94 15.11 14.35 14.68 15.17 15.40 15.22 15.42 15.75 15.96
16.46 16.45 16.45 16.43 16.45 16.34 16.30 16.25 16.34 16.45 16.46 16.44 16.45 16.44 16.46 16.46 16.33 16.30 16.27 16.43 16.46 16.40 16.19 16.20 16.15 16.37 16.44 16.37 16.32 16.41 16.49 16.46 16.43 16.27 16.33 16.45 16.43 16.42 16.34 16.28 16.34 16.29 16.28 16.38 16.44 16.28 16.34 16.27 16.25 16.22 16.31 16.30 16.21 16.17 16.03 16.21 16.00 16.10 15.82 15.73 16.01 15.78 15.68 15.68 15.66 15.52 15.11 15.00 14.80 14.73 15.01 14.87 15.32 15.15 14.96 14.75 14.92
16.43 16.40 16.34 16.42 16.46 16.44 16.32 16.29 16.34 16.42 16.43 16.43 16.44 16.43 16.41 16.43 16.43 16.35 16.32 16.39 16.37 16.32 16.34 16.30 16.25 16.28 16.15 16.25 16.07 16.31 16.30 16.18 16.26 16.28 16.32 16.11 16.32 16.34 16.31 16.40 16.32 16.26 16.34 16.44 16.42 16.22 16.22 16.25 16.25 16.34 16.41 16.31 16.19 16.09 16.17 16.14 16.22 16.03 16.08 16.16 15.93 16.04 15.81 15.60 15.51 15.69 15.36 15.20 15.51 15.17 15.42 15.57 15.27 15.52 15.05 14.59 14.95
16.38 16.26 16.30 16.33 16.36 16.32 16.31 16.26 16.32 16.34 16.39 16.41 16.42 16.43 16.42 16.40 16.42 16.42 16.38 16.42 16.37 16.38 16.36 16.28 16.25 16.34 16.42 16.27 16.15 16.38 16.36 16.36 16.25 16.24 16.26 16.31 16.31 16.27 16.33 16.41 16.31 16.24 16.27 16.36 16.31 16.24 16.24 16.31 16.37 16.40 16.44 16.33 16.24 16.13 15.96 16.24 16.14 16.12 16.06 15.81 16.00 16.05 15.84 15.76 15.86 15.67 15.72 15.81 15.39 15.50 15.19 15.24 15.27 15.21 14.82 14.60 14.65
16.38 16.28 16.23 16.26 16.18 16.15 16.20 16.21 16.27 16.31 16.38 16.40 16.40 16.39 16.38 16.37 16.31 16.34 16.37 16.37 16.29 16.28 16.25 16.37 16.30 16.35 16.40 16.41 16.34 16.26 16.21 16.23 16.23 16.25 16.26 16.21 16.20 16.25 16.25 16.35 16.38 16.30 16.32 16.31 16.30 16.26 16.24 16.37 16.39 16.41 16.41 16.38 16.17 16.09 16.07 15.98 15.91 16.22 16.06 15.99 15.88 15.91 16.07 16.07 15.89 15.88 15.68 15.95 15.97 15.63 15.61 15.43 15.65 15.03 15.04 15.00 14.95
