main/data/irradiance/25.10.2023.grid
ncols 839
nrows 679
xllcenter 112.0500
yllcenter -43.9500
cellsize 0.0500
nodata_value 99999.90
[rows 340 to 373 of 679, columns 616 to 692 of 839]
26.87 27.16 27.13 26.32 26.25 26.81 26.92 26.97 26.64 26.81 27.42 27.75 27.31 26.40 26.15 26.29 26.02 25.35 24.90 25.24 26.20 26.19 25.97 26.33 25.38 25.95 26.35 26.13 26.55 26.59 26.48 25.96 25.94 25.78 25.61 26.02 26.21 26.50 26.70 26.32 26.27 26.78 27.24 26.83 27.28 27.35 26.84 26.64 27.21 27.40 27.37 27.31 27.38 27.36 27.37 27.36 27.41 27.47 27.41 27.64 27.74 27.75 27.64 27.67 27.49 27.27 27.03 26.94 27.29 27.29 27.40 27.46 27.46 27.40 27.40 27.43 27.49
27.17 27.20 27.23 27.05 26.55 26.65 27.35 27.24 27.10 27.09 27.24 27.80 27.74 26.78 26.48 26.32 26.19 26.18 25.89 25.49 25.73 26.20 25.82 26.02 26.44 26.37 26.46 26.71 26.77 26.51 26.22 26.06 26.00 26.09 26.14 26.61 26.28 26.36 26.72 26.61 26.60 26.49 27.04 26.89 26.95 27.27 26.78 26.73 27.15 27.19 27.39 27.41 27.46 27.35 27.33 27.36 27.31 27.52 27.66 27.54 27.77 27.77 27.71 27.71 27.45 27.27 27.17 26.94 27.20 27.35 27.44 27.50 27.46 27.54 27.52 27.49 27.40
27.27 27.20 26.92 26.96 26.98 26.92 27.32 27.43 27.48 27.52 27.49 27.68 27.42 27.03 26.49 26.67 26.33 26.16 26.27 26.14 26.05 25.90 25.72 25.87 26.47 26.82 26.92 26.62 27.00 27.22 26.85 26.34 26.48 26.63 26.56 27.03 26.19 26.76 26.95 26.72 26.97 27.06 27.25 26.81 26.28 26.71 26.89 26.82 27.08 27.25 27.09 27.22 27.37 27.39 27.35 27.51 27.59 27.53 27.65 27.64 27.73 27.63 27.61 27.52 27.44 27.29 27.18 27.19 27.10 27.31 27.48 27.56 27.45 27.52 27.64 27.64 27.50
26.70 27.44 27.62 26.92 26.69 27.02 27.32 27.41 27.76 27.59 27.40 27.47 27.19 26.94 26.60 26.64 26.14 26.30 26.03 26.19 26.39 26.28 26.00 25.39 26.44 26.86 27.12 26.94 26.78 27.24 27.38 26.73 26.76 26.93 27.12 26.95 26.92 26.83 26.78 26.69 27.01 27.35 27.22 27.02 26.69 26.34 26.54 26.79 26.82 26.92 27.17 27.13 27.01 27.42 27.39 27.38 27.42 27.47 27.62 27.68 27.57 27.74 27.55 27.46 27.52 27.49 27.19 27.13 27.01 27.25 27.34 27.44 27.45 27.45 27.54 27.54 27.45
26.80 27.21 27.61 27.51 27.20 27.18 27.16 27.60 27.79 27.57 27.24 27.48 27.49 27.40 27.19 26.61 26.18 26.56 26.33 26.24 26.13 26.17 26.00 25.63 25.89 26.73 27.20 26.96 26.33 26.68 27.18 26.65 25.87 26.44 26.95 27.19 27.15 27.22 26.89 26.63 26.83 27.26 27.31 27.40 26.76 26.37 26.35 26.76 26.93 27.03 26.94 27.31 27.15 27.37 27.56 27.56 27.04 27.33 27.47 27.72 27.58 27.83 27.61 27.43 27.41 27.43 27.17 27.24 26.95 27.34 27.47 27.34 27.36 27.43 27.44 27.52 27.57
27.35 26.52 27.38 27.63 27.65 27.83 27.16 27.56 27.47 27.26 27.24 27.01 27.27 27.39 27.23 26.84 26.86 26.46 26.96 26.51 26.22 26.21 26.02 26.07 26.60 26.95 27.04 27.14 26.15 26.04 26.89 26.73 26.25 26.60 26.71 27.19 27.49 27.34 27.13 26.94 27.07 26.88 27.27 27.41 27.22 26.97 26.71 26.92 27.03 26.76 26.90 27.02 26.98 27.12 27.48 27.66 27.33 27.21 27.57 27.46 27.55 27.72 27.64 27.64 27.46 27.52 27.54 27.49 27.35 27.29 27.42 27.41 27.44 27.52 27.52 27.50 27.64
27.58 26.78 27.03 27.70 28.10 27.83 27.32 27.48 27.47 27.36 27.36 26.92 27.00 27.23 27.09 26.87 26.64 26.57 27.17 26.92 26.69 26.80 26.56 26.09 26.70 26.57 27.15 27.49 26.42 26.27 25.99 26.50 26.46 26.46 26.63 26.96 27.16 27.21 26.75 26.83 27.17 26.99 26.86 27.23 27.44 27.06 26.98 26.55 26.74 26.99 26.93 26.96 26.83 26.81 27.18 27.64 27.53 27.36 27.38 27.48 27.43 27.70 27.67 27.69 27.58 27.57 27.62 27.49 27.39 27.40 27.38 27.46 27.47 27.48 27.58 27.65 27.76
27.43 26.94 26.69 27.37 27.81 27.55 27.01 26.38 26.62 27.16 27.03 26.83 27.16 26.93 26.65 26.44 26.39 26.09 26.50 26.59 26.93 27.10 27.00 26.57 26.34 26.81 27.50 27.50 27.00 26.39 26.54 26.57 26.49 26.66 26.63 26.52 26.88 27.04 26.73 26.72 26.76 27.02 27.28 26.84 27.23 27.14 27.15 27.18 26.99 26.80 26.38 26.55 26.69 26.85 26.93 27.39 27.48 27.67 27.51 27.30 27.26 27.42 27.73 27.56 27.38 27.51 27.53 27.46 27.37 27.32 27.33 27.40 27.30 27.41 27.56 27.72 27.69
27.62 27.96 26.57 27.01 27.56 27.32 27.10 26.75 26.96 27.52 27.34 27.17 27.32 27.24 26.94 26.58 26.51 25.94 26.09 26.31 26.38 26.78 27.07 27.32 26.94 27.21 27.26 27.46 26.92 26.55 26.33 26.87 26.79 26.53 27.12 26.97 26.95 26.93 26.68 26.73 26.90 26.88 26.86 26.58 26.61 26.81 27.18 27.24 27.57 26.95 26.94 26.71 26.60 26.92 26.78 27.08 27.40 27.41 27.60 27.42 27.21 27.50 27.69 27.46 27.20 27.28 27.40 27.46 27.53 27.44 27.28 27.28 27.32 27.49 27.60 27.70 27.59
27.26 27.84 27.64 26.83 27.26 27.26 27.06 27.04 27.09 27.46 27.33 27.48 27.36 27.21 27.05 26.91 26.62 26.11 25.59 25.94 26.20 26.50 26.77 27.15 27.45 27.64 27.48 27.11 27.10 26.80 26.81 26.55 26.92 26.49 26.73 26.99 26.88 27.12 27.03 26.70 26.96 26.71 26.68 26.44 26.54 26.80 26.83 27.17 27.33 27.53 27.52 27.26 27.05 26.87 26.89 27.09 27.39 27.35 27.39 27.34 27.26 27.41 27.44 27.39 27.39 27.18 27.09 27.29 27.44 27.54 27.09 27.23 27.31 27.36 27.48 27.53 27.49
27.71 27.63 27.48 27.23 27.64 27.34 27.07 27.27 27.37 27.55 27.50 27.40 27.79 27.02 26.95 26.97 26.84 26.50 26.60 26.01 25.94 26.65 26.78 27.02 27.45 27.63 27.51 27.59 27.06 26.64 26.35 26.52 26.74 26.82 26.62 26.92 27.11 27.08 27.16 27.19 27.10 26.92 26.91 26.65 26.88 26.71 27.15 26.79 27.08 27.47 27.38 27.39 27.24 26.97 26.77 26.95 27.18 27.51 27.47 27.46 27.26 27.33 27.32 27.10 27.11 27.33 27.02 27.05 27.21 27.38 27.33 27.14 27.33 27.36 27.44 27.40 27.47
27.03 27.54 27.94 27.72 27.67 27.47 26.40 26.73 27.24 27.17 27.12 27.30 27.65 27.30 27.34 27.36 27.10 26.54 26.36 26.13 26.04 26.49 27.35 27.43 27.52 27.59 27.25 27.55 27.13 26.95 26.39 26.16 26.33 26.80 26.58 26.67 27.00 27.26 27.24 27.17 27.17 27.16 27.13 26.95 26.90 26.87 27.35 27.24 26.99 27.41 27.46 27.46 27.45 27.20 26.87 26.56 26.14 27.41 27.45 27.45 27.37 27.41 27.41 27.32 26.95 26.86 26.79 26.78 26.97 27.01 27.01 27.11 27.25 27.29 27.39 27.42 27.40
26.28 26.72 27.20 27.96 27.62 27.04 27.08 26.67 26.74 26.52 26.45 26.77 27.08 26.86 27.12 27.43 26.95 26.69 26.42 26.12 25.53 26.33 27.48 27.51 27.60 27.33 27.12 27.21 26.83 26.91 26.94 25.99 26.38 26.65 26.45 26.62 26.78 27.33 27.39 27.06 26.73 26.91 27.00 27.20 26.94 26.81 27.06 27.43 27.21 27.39 27.57 27.34 27.55 27.18 27.05 26.85 26.46 27.08 27.58 27.51 27.37 27.62 27.68 27.52 27.25 26.91 26.73 26.65 26.76 26.93 26.92 27.01 27.26 27.42 27.49 27.50 27.43
25.50 26.25 26.47 27.07 27.53 27.61 26.92 26.39 26.58 25.87 26.42 26.57 26.98 26.69 26.79 26.95 26.64 26.47 26.35 26.57 26.40 26.14 26.52 27.46 27.54 26.68 26.13 26.41 25.96 26.20 26.55 26.89 26.88 26.81 26.49 26.58 26.53 26.86 27.08 27.13 26.54 26.81 26.90 27.03 26.93 26.72 26.80 27.28 27.65 27.44 27.28 27.53 27.48 27.19 27.01 27.06 27.22 27.33 27.56 27.63 27.52 27.61 27.61 27.55 27.22 26.82 26.99 26.84 26.40 26.62 26.91 26.94 27.27 27.35 27.36 27.36 27.52
25.04 25.83 26.22 26.40 26.84 27.74 27.09 25.87 26.16 26.40 26.38 26.48 26.70 26.40 26.23 26.63 26.34 26.33 26.24 26.32 26.01 26.44 26.66 27.24 27.31 26.57 26.53 26.61 25.91 26.05 26.72 27.27 27.00 26.79 26.43 26.27 26.32 26.56 26.88 26.89 26.52 26.40 26.84 26.92 27.10 26.88 26.79 27.15 27.56 27.69 27.37 27.43 27.51 27.34 27.02 27.17 27.25 27.42 27.48 27.51 27.53 27.54 27.60 27.55 27.25 26.95 26.91 26.63 26.57 26.74 26.82 27.07 26.90 27.03 27.36 27.24 27.35
25.32 25.77 25.72 25.70 26.19 27.18 27.13 25.18 25.48 26.22 26.29 26.16 26.76 26.31 26.00 26.44 26.32 26.27 26.13 26.06 26.15 25.77 25.91 26.78 27.28 27.32 26.63 26.45 25.95 26.38 26.87 27.36 27.08 26.93 26.95 26.68 26.68 26.36 26.84 27.14 26.44 26.13 26.04 26.50 26.92 27.05 26.67 27.09 27.41 27.62 27.49 27.49 27.50 27.52 27.20 27.31 27.34 27.26 27.47 27.52 27.46 27.53 27.52 27.54 27.32 27.08 27.16 26.97 26.81 26.72 26.68 27.16 26.89 26.79 27.20 27.11 27.23
24.86 24.60 25.28 25.10 25.09 25.83 26.02 24.88 24.96 25.95 25.05 25.79 26.77 26.13 26.25 26.19 26.38 26.20 25.68 25.64 26.17 25.70 25.92 26.45 26.62 26.98 26.72 26.35 26.52 26.77 26.98 27.25 27.11 27.04 27.04 26.77 26.85 26.02 26.44 27.21 26.67 25.99 26.08 26.34 26.51 26.86 26.29 26.49 27.25 27.42 27.45 27.48 27.51 27.42 27.51 27.45 27.64 27.50 27.47 27.53 27.46 27.45 27.43 27.45 27.51 27.36 27.07 27.33 27.22 27.21 27.19 27.23 26.82 26.76 26.80 27.22 27.28
23.85 23.62 23.42 23.54 24.40 25.05 25.49 25.00 24.51 25.40 25.97 25.70 25.98 25.24 25.83 26.46 26.40 26.09 25.46 25.28 26.00 25.85 25.80 25.66 25.95 26.52 26.46 26.19 26.63 26.71 27.08 26.81 26.75 26.97 27.10 27.01 26.94 26.64 26.25 26.49 26.44 26.59 26.11 25.78 26.57 26.59 26.20 26.19 26.83 27.25 27.35 27.39 27.47 27.48 27.55 27.44 27.42 27.38 27.56 27.54 27.48 27.51 27.38 27.36 27.35 27.43 27.12 27.21 27.28 27.43 27.37 27.41 27.39 26.82 26.89 27.00 27.04
24.57 23.67 22.15 22.79 24.24 24.94 25.06 25.20 25.05 25.51 26.42 25.92 25.88 26.10 25.86 26.24 26.85 26.95 26.22 26.15 25.96 26.20 25.94 25.52 25.41 26.10 26.39 25.50 26.06 26.32 27.02 26.95 26.52 26.77 26.99 27.02 26.94 26.85 26.56 26.62 26.51 26.65 26.62 25.06 25.87 26.49 26.32 25.95 26.57 27.00 26.99 27.20 27.18 27.24 27.56 27.56 27.51 27.43 27.67 27.70 27.67 27.58 27.47 27.46 27.35 27.38 27.20 27.19 27.16 27.35 27.42 27.42 27.43 27.25 26.87 26.90 26.91
23.35 22.79 22.70 24.01 24.23 24.73 24.59 24.50 25.91 25.42 25.91 26.45 27.16 27.22 26.12 26.10 26.50 26.84 26.62 26.51 26.09 25.98 26.03 25.40 25.32 25.85 25.78 25.19 25.66 25.95 26.74 26.52 26.54 26.38 26.37 26.54 26.71 26.61 26.54 26.56 26.75 26.67 26.15 25.85 25.54 25.96 26.27 25.99 25.62 26.03 26.32 26.25 26.60 27.30 27.34 27.42 27.40 27.55 27.67 27.71 27.62 27.59 27.41 27.32 27.11 27.09 27.26 27.15 26.52 26.97 27.49 27.46 27.39 27.17 27.29 26.81 26.69
24.41 23.38 24.45 24.96 23.75 22.82 22.03 22.92 24.49 25.83 25.91 25.17 26.94 26.99 26.68 26.32 26.38 27.11 27.27 26.10 26.61 26.10 25.98 26.04 26.13 26.13 25.96 26.03 25.81 26.03 26.12 25.99 26.26 26.56 26.02 26.43 26.36 26.24 26.41 26.45 26.43 26.71 26.00 25.81 25.27 25.68 26.31 26.53 25.86 25.50 25.73 25.58 25.79 26.97 27.17 27.29 27.42 27.54 27.62 27.68 27.58 27.69 27.38 27.27 27.28 26.94 27.08 27.04 26.79 27.13 27.29 27.53 27.44 27.30 27.50 27.20 26.66
22.24 23.35 25.28 26.53 25.29 24.31 23.97 25.36 25.02 25.26 25.78 24.56 25.47 26.29 26.62 27.24 26.80 26.42 27.11 26.53 26.32 26.75 26.12 25.87 26.10 26.20 26.41 26.11 25.97 25.82 25.97 25.81 26.15 26.27 26.18 26.60 26.22 25.78 26.18 26.33 26.29 26.12 25.70 25.03 24.92 25.66 26.18 26.36 26.10 25.72 26.24 26.31 26.17 26.60 26.51 26.76 27.21 27.39 27.45 27.69 27.63 27.68 27.47 27.23 27.36 27.05 26.70 26.71 26.64 26.85 27.24 27.27 27.39 27.22 27.58 27.42 26.86
21.76 22.46 23.96 25.47 26.27 25.24 24.06 25.13 24.36 23.87 24.84 25.19 26.15 26.56 26.94 26.42 26.77 26.81 26.40 26.63 26.18 25.92 26.57 25.89 25.90 26.09 26.82 26.57 25.76 25.98 25.93 26.12 25.99 26.29 26.25 26.31 26.48 26.17 26.10 26.35 26.09 25.69 25.13 25.03 25.25 25.48 25.93 26.15 26.02 25.87 26.39 26.36 26.43 26.38 26.37 26.59 26.86 27.16 27.35 27.50 27.63 27.56 27.60 27.16 27.28 27.24 26.71 26.98 26.81 26.61 27.19 26.44 26.84 27.10 27.32 27.44 27.22
23.46 22.69 21.97 24.20 24.08 23.64 23.75 25.70 24.72 24.97 24.83 24.48 25.12 25.67 26.62 27.25 25.60 26.65 26.63 27.42 26.56 25.37 25.85 26.34 25.91 25.67 26.37 26.50 26.50 26.11 26.05 26.29 26.88 26.61 25.96 26.37 26.51 26.51 25.91 26.37 26.08 25.12 24.53 24.91 25.00 25.81 26.08 26.01 25.91 25.72 25.75 25.87 26.30 26.63 26.97 26.58 26.42 26.79 27.05 27.32 27.47 27.46 27.62 27.31 27.07 27.10 26.97 26.81 26.89 26.80 27.33 27.16 26.37 26.98 27.17 26.95 27.11
24.63 24.45 24.22 23.43 24.92 24.29 24.40 25.33 25.30 26.81 26.02 24.85 25.54 26.34 26.21 26.90 25.73 26.35 26.61 27.18 26.32 26.46 26.33 26.62 25.98 26.30 26.43 26.82 26.51 25.76 26.05 26.72 26.61 26.63 26.61 26.24 26.53 26.65 26.13 25.38 26.02 26.24 25.09 24.58 24.57 25.41 25.83 25.42 25.27 25.75 25.53 25.61 26.16 26.32 26.78 26.63 26.46 25.95 26.56 26.99 27.06 27.33 27.40 27.57 27.21 26.88 26.92 26.88 26.85 25.61 26.81 27.04 27.03 26.70 27.07 27.23 27.34
23.51 25.39 25.35 23.80 25.17 24.95 24.89 24.57 24.44 25.03 26.71 26.35 26.47 26.02 25.87 26.57 26.45 25.90 26.52 27.06 26.92 26.25 26.36 26.76 25.85 25.95 26.49 26.27 26.40 25.82 25.77 25.95 25.29 26.19 26.61 26.44 26.32 26.35 26.50 26.06 25.75 26.23 26.09 25.13 24.34 24.04 25.48 26.06 24.99 25.63 25.79 25.27 25.70 25.90 26.56 26.67 26.40 25.44 25.42 26.00 26.39 26.45 27.25 27.39 27.42 26.74 26.95 26.87 26.49 25.67 26.46 26.83 26.61 26.15 26.97 27.24 27.23
23.68 24.16 24.93 24.34 24.82 24.63 25.01 24.80 24.48 24.52 25.33 26.42 26.61 26.34 26.32 25.99 26.45 26.94 26.49 27.20 26.96 26.44 26.27 26.70 26.77 26.71 26.84 26.49 26.35 25.98 25.60 26.38 26.34 26.20 26.26 26.14 26.02 25.95 26.02 26.24 26.14 25.71 26.23 25.57 24.91 24.66 24.68 25.37 24.68 25.39 25.73 25.83 25.89 25.92 26.04 26.34 26.29 26.30 25.93 26.19 25.93 26.45 26.28 27.01 27.07 26.89 26.84 26.86 26.59 25.65 24.93 26.67 26.78 26.02 25.80 26.57 27.23
24.91 23.98 24.45 24.72 23.71 23.72 25.44 25.27 25.28 25.62 25.49 26.56 26.47 26.77 26.12 26.04 25.64 26.26 27.11 27.73 26.31 26.61 26.31 26.62 27.10 27.36 27.34 27.23 26.73 26.19 25.92 26.14 26.34 26.38 26.24 26.56 26.28 25.77 25.74 25.90 25.67 25.32 25.63 26.05 25.68 24.94 24.88 24.66 25.26 25.19 25.41 25.71 26.23 26.06 26.22 25.95 26.45 26.88 26.37 26.46 26.35 26.06 26.12 26.45 26.61 26.50 26.79 27.03 26.56 26.31 25.65 26.01 26.40 26.10 25.79 26.10 26.15
26.55 25.95 25.09 24.50 24.21 24.20 26.69 25.35 25.74 26.22 25.67 25.95 26.66 27.10 26.75 26.78 26.37 25.65 26.55 27.59 27.73 27.25 27.45 25.94 25.73 27.48 27.51 27.40 26.88 26.36 26.23 25.89 26.34 26.79 26.37 25.99 25.99 26.16 25.96 26.01 25.90 25.26 25.31 25.73 25.53 25.72 25.65 25.45 25.61 25.99 25.37 25.35 25.95 26.34 26.73 26.52 26.66 26.84 26.92 26.58 26.72 26.54 25.90 26.51 26.76 25.78 26.72 26.93 26.56 26.39 26.30 25.78 25.99 26.03 26.10 26.25 26.23
27.83 27.23 26.56 26.10 26.07 25.90 26.16 25.66 26.26 26.78 25.96 26.09 26.04 26.15 27.07 27.41 26.99 25.94 26.29 26.99 27.65 27.66 27.42 26.87 25.49 26.27 27.32 27.50 26.87 26.93 26.48 26.21 25.92 26.41 26.30 26.66 26.18 26.29 26.16 26.16 26.46 25.75 25.69 25.63 25.28 25.60 26.26 25.56 25.65 25.95 25.66 25.51 25.92 26.35 26.49 26.57 26.73 27.02 27.14 27.19 27.02 26.46 26.18 25.97 26.58 26.38 26.56 26.83 26.58 25.92 26.11 26.14 26.36 26.16 26.24 26.79 26.95
27.52 27.43 26.73 26.71 26.51 26.57 26.09 26.68 25.86 26.91 26.24 26.40 26.30 24.88 25.38 26.98 27.33 27.01 25.28 26.20 27.14 26.89 27.33 26.71 26.48 25.76 26.12 26.56 26.68 27.12 27.31 27.22 26.97 26.39 26.64 26.51 26.77 26.65 26.49 25.70 26.47 26.41 25.70 25.56 25.57 25.33 25.09 25.16 25.49 25.91 26.06 26.30 25.40 25.75 26.46 26.52 26.72 27.33 27.29 27.43 27.24 26.55 26.49 26.09 26.18 26.95 26.51 26.80 26.60 25.52 25.66 26.17 26.43 26.28 26.18 26.34 26.18
26.82 27.28 26.81 26.29 26.39 26.58 26.64 26.57 26.78 26.00 26.33 26.74 26.15 24.74 25.09 26.26 26.85 27.12 25.43 25.31 27.10 26.14 27.05 27.58 26.93 25.75 26.15 25.75 26.36 26.83 27.41 27.31 27.18 26.32 25.77 26.44 26.44 26.55 26.83 26.33 26.18 26.30 25.73 25.52 24.81 24.76 24.98 24.76 25.12 25.67 25.84 26.16 25.74 25.46 26.40 26.54 26.72 26.76 26.89 27.31 27.42 26.65 26.99 25.96 25.83 26.62 26.96 26.77 26.92 25.94 25.77 26.17 26.14 26.47 26.22 26.09 26.20
26.69 27.15 27.20 26.95 26.10 26.61 26.39 25.93 26.54 26.28 26.33 26.40 26.39 25.99 25.08 25.92 27.13 26.78 25.86 25.89 26.37 26.03 26.98 27.11 27.60 26.75 27.18 26.14 26.78 26.74 27.25 27.45 27.33 26.85 25.81 26.60 25.96 26.19 26.52 26.79 25.41 26.54 25.87 25.50 25.77 25.09 24.84 24.90 25.72 24.94 25.56 25.67 25.60 26.08 26.32 26.47 26.84 25.88 25.44 26.79 27.46 26.78 26.98 26.89 25.36 25.82 26.60 26.92 27.01 26.17 25.90 26.41 26.54 26.63 26.41 26.26 25.98
26.86 26.90 27.01 27.43 26.08 25.90 25.50 26.46 26.66 26.50 26.35 26.11 25.67 26.60 25.57 25.14 26.01 26.61 26.44 25.54 26.26 25.95 26.80 27.01 27.01 27.26 27.09 27.21 27.42 26.57 26.56 27.36 27.58 27.33 26.09 25.63 26.16 26.18 26.28 27.08 25.74 26.36 26.20 25.81 25.83 25.62 25.20 25.00 25.68 25.90 25.81 25.36 25.71 25.59 26.21 26.47 26.35 26.22 26.01 25.98 26.39 27.18 26.94 27.29 26.10 26.50 26.26 26.76 26.97 26.94 26.32 26.26 26.79 26.47 26.68 26.61 26.22
