main/data/irradiance/25.10.2023.grid
ncols 839
nrows 679
xllcenter 112.0500
yllcenter -43.9500
cellsize 0.0500
nodata_value 99999.90
[rows 306 to 339 of 679, columns 385 to 461 of 839]
28.07 28.03 28.07 28.11 28.09 28.07 28.08 28.06 28.02 27.99 27.97 27.98 27.95 27.95 27.92 27.82 27.85 27.83 27.88 27.82 27.88 28.09 27.89 27.92 28.04 28.01 27.99 28.01 28.04 28.15 27.96 27.70 27.67 27.57 27.78 27.91 27.94 27.82 27.79 27.69 27.88 27.72 27.57 27.47 26.88 26.78 27.34 27.74 27.45 27.53 27.53 27.24 27.32 27.06 27.36 26.93 27.52 27.46 28.02 27.91 27.22 26.76 26.84 26.64 27.29 27.77 27.47 26.89 27.19 26.93 27.12 27.44 27.09 27.07 27.36 27.50 27.61
28.03 28.05 28.04 28.07 27.98 28.00 28.07 28.05 28.03 28.06 28.04 27.97 27.97 27.96 27.93 27.78 27.74 27.81 27.76 27.73 27.64 27.80 27.69 27.81 27.91 27.83 27.95 27.93 27.70 27.84 27.90 27.83 27.80 27.55 27.59 27.89 27.84 27.59 27.75 27.75 27.66 27.75 27.68 27.42 27.34 27.53 27.47 27.56 27.71 27.61 27.65 27.43 27.33 26.95 27.10 27.22 27.96 27.55 27.66 27.78 27.44 27.12 26.55 26.49 26.90 27.33 27.81 27.61 27.28 27.27 26.61 27.37 27.44 26.62 27.06 27.40 27.69
28.00 28.03 28.01 28.03 27.99 28.01 28.02 28.04 28.06 28.10 28.06 27.96 28.00 28.01 27.92 27.60 27.72 27.68 27.79 27.80 27.72 27.76 27.74 27.75 27.84 27.68 27.75 27.76 27.75 27.80 27.86 28.06 27.99 27.65 27.77 27.87 27.92 27.66 27.69 27.87 27.60 27.60 27.69 27.63 27.74 27.83 27.58 27.44 27.54 27.85 27.76 27.63 27.38 27.48 27.66 27.73 27.54 27.39 27.31 27.08 27.59 28.00 26.99 27.12 26.61 27.18 27.42 27.40 27.38 27.25 27.49 27.80 27.67 27.12 27.35 27.15 27.69
28.03 28.04 28.03 28.01 27.98 28.00 28.00 27.98 27.99 28.08 28.06 27.96 27.92 28.00 27.97 27.84 27.74 27.73 27.77 27.71 27.74 27.75 27.76 27.83 27.87 27.78 27.67 27.66 27.71 27.72 27.79 27.81 27.92 27.91 27.87 27.93 27.95 27.84 27.80 28.03 27.68 27.76 27.58 27.67 27.72 27.84 27.75 27.51 27.41 27.66 27.79 27.49 27.30 27.24 27.51 27.55 27.73 27.25 27.45 27.77 27.74 27.36 26.46 26.40 26.34 26.46 26.57 27.07 26.88 27.12 27.70 27.92 27.71 27.36 27.02 27.39 28.03
28.05 28.04 28.04 28.01 28.03 28.01 27.97 27.97 27.96 27.99 28.03 28.01 28.01 27.99 27.97 27.92 27.88 27.73 27.73 27.68 27.71 27.73 27.76 27.75 27.77 27.76 27.70 27.63 27.63 27.61 27.63 27.67 27.81 27.85 27.93 27.91 27.98 27.85 27.76 27.93 27.58 27.57 27.54 27.32 27.38 27.76 27.74 27.55 27.56 27.72 27.62 27.54 27.48 27.60 27.79 27.77 27.85 27.62 27.54 27.72 27.60 27.17 26.65 26.54 26.27 26.40 26.60 26.77 26.94 27.00 27.44 27.90 27.45 27.18 27.09 27.30 27.49
28.07 28.07 28.07 28.04 28.03 27.96 27.95 27.98 27.92 27.90 27.96 27.92 28.03 27.97 27.76 27.64 27.70 27.76 27.66 27.60 27.69 27.74 27.70 27.67 27.68 27.71 27.69 27.60 27.65 27.63 27.63 27.69 27.77 27.86 27.79 27.67 27.78 27.82 27.70 27.69 27.74 27.66 27.70 27.68 27.22 27.40 27.61 27.73 27.71 27.60 27.74 27.80 27.83 28.10 28.05 28.08 27.95 27.86 27.75 27.61 27.39 26.98 26.76 26.98 26.84 26.85 26.61 26.84 26.86 27.21 27.35 27.54 27.25 27.19 27.27 27.31 27.26
28.06 28.05 28.05 28.01 27.98 27.97 28.00 27.94 27.89 27.84 27.88 27.84 27.88 27.91 27.87 27.67 27.67 27.74 27.68 27.60 27.61 27.62 27.58 27.65 27.67 27.68 27.61 27.55 27.60 27.54 27.58 27.76 27.66 27.76 27.71 27.59 27.64 27.67 27.74 27.44 27.75 27.82 27.62 27.69 27.48 27.30 27.38 27.62 27.84 27.75 27.82 27.93 27.89 28.04 28.09 28.09 27.91 27.92 27.54 27.12 27.64 27.12 26.93 27.11 27.18 27.02 27.05 27.06 27.29 27.47 27.39 27.10 27.46 27.08 27.18 27.53 27.65
28.04 28.04 28.04 28.01 28.00 27.99 27.97 27.91 27.89 27.85 27.85 27.88 27.83 27.84 27.79 27.82 27.77 27.74 27.75 27.56 27.52 27.51 27.66 27.76 27.64 27.65 27.58 27.55 27.55 27.52 27.55 27.76 27.58 27.55 27.74 27.64 27.69 27.67 27.77 27.80 27.71 27.72 27.85 27.68 27.87 27.77 27.43 27.36 27.69 27.95 27.79 27.99 27.62 27.93 27.94 27.91 27.86 27.77 27.51 27.32 27.67 27.62 27.20 27.30 27.29 26.93 26.94 27.49 28.04 27.86 27.19 27.00 26.91 26.65 26.95 27.43 27.57
28.02 28.01 28.03 27.99 27.98 27.95 27.94 27.94 27.85 27.88 27.76 27.81 27.80 27.83 27.86 28.02 28.00 27.80 27.86 27.67 27.55 27.72 27.79 27.68 27.58 27.55 27.62 27.58 27.50 27.50 27.55 27.62 27.68 27.52 27.79 27.63 27.65 27.63 27.70 27.93 27.82 27.79 27.87 27.94 27.96 27.92 27.99 27.67 27.66 27.85 27.93 28.04 27.93 27.94 27.82 27.79 27.86 27.79 27.62 27.40 27.26 27.56 27.40 27.51 27.28 27.08 27.17 27.72 27.52 27.80 27.11 26.50 26.44 26.22 26.56 27.27 27.53
28.06 28.02 27.96 27.93 27.97 27.97 27.92 27.88 27.79 27.84 27.80 27.77 27.72 27.82 27.86 28.03 27.96 27.84 27.86 27.80 27.65 27.73 27.64 27.59 27.62 27.57 27.61 27.56 27.50 27.49 27.56 27.59 27.69 27.49 27.58 27.53 27.53 27.59 27.61 27.82 27.82 27.78 27.69 27.84 27.91 28.00 27.96 27.69 27.68 27.94 27.93 27.69 27.98 27.75 27.69 27.76 27.84 27.81 27.79 27.70 27.74 27.80 27.80 27.39 27.38 27.30 26.81 27.71 27.78 27.60 27.26 27.42 27.24 27.14 26.98 27.48 27.54
28.00 27.93 27.92 27.85 27.89 27.96 27.95 27.86 27.77 27.79 27.73 27.68 27.77 27.86 27.96 28.05 27.94 27.80 27.79 27.80 27.82 27.72 27.65 27.60 27.61 27.59 27.60 27.57 27.51 27.59 27.53 27.53 27.53 27.48 27.48 27.48 27.54 27.58 27.63 27.80 27.89 27.82 27.77 27.81 27.87 27.89 27.94 27.88 27.83 27.72 27.63 27.61 27.57 27.47 27.32 27.54 27.67 27.89 27.89 27.91 28.01 28.13 28.00 27.52 27.42 27.41 27.56 27.71 28.05 27.70 27.89 27.76 27.80 27.70 27.54 27.00 27.00
28.03 27.90 27.92 27.86 27.82 27.89 27.84 27.89 27.73 27.66 27.62 27.64 27.78 27.89 27.85 27.94 27.88 27.79 27.66 27.76 27.66 27.69 27.65 27.62 27.56 27.61 27.61 27.52 27.51 27.54 27.52 27.54 27.54 27.55 27.44 27.42 27.58 27.67 27.69 27.68 27.87 27.77 27.68 27.64 27.79 27.78 27.79 27.77 27.94 27.85 27.62 27.48 27.65 27.44 27.28 27.27 27.69 27.87 28.03 28.05 28.14 28.04 27.93 27.88 27.52 27.39 27.70 27.78 28.15 28.01 27.95 28.03 27.94 27.75 27.81 26.82 26.36
28.00 27.98 27.92 27.93 27.87 27.82 27.85 27.92 27.77 27.69 27.78 27.81 27.91 27.88 27.89 27.93 27.96 27.93 27.74 27.70 27.70 27.60 27.65 27.63 27.55 27.62 27.63 27.66 27.56 27.59 27.55 27.60 27.58 27.59 27.59 27.54 27.56 27.69 27.77 27.69 27.66 27.57 27.55 27.59 27.60 27.68 27.75 27.78 27.84 27.85 27.91 27.69 27.68 27.48 27.38 27.53 27.63 27.76 28.03 28.00 28.11 28.10 28.14 28.14 28.06 28.11 27.78 27.73 27.71 27.59 27.81 27.26 27.97 27.90 27.64 26.67 26.33
27.94 27.91 27.85 27.86 27.90 27.86 27.85 27.87 27.84 27.80 27.88 27.91 27.97 28.04 27.95 27.93 27.92 27.88 27.86 27.76 27.74 27.62 27.57 27.61 27.66 27.70 27.62 27.56 27.57 27.57 27.53 27.62 27.66 27.75 27.80 27.81 27.58 27.57 27.60 27.63 27.65 27.60 27.60 27.59 27.61 27.59 27.71 27.69 27.91 28.02 27.95 27.75 27.69 27.53 27.52 27.74 27.98 27.92 27.94 28.08 28.14 28.08 28.12 28.09 28.13 28.12 28.14 28.15 27.71 27.57 27.50 27.06 27.29 27.85 27.65 27.92 27.55
27.94 27.91 27.94 27.98 28.06 28.00 27.93 27.88 27.85 27.89 27.81 27.84 27.91 27.93 27.96 27.91 27.85 27.87 27.87 27.86 27.80 27.75 27.75 27.83 27.77 27.70 27.68 27.65 27.55 27.57 27.66 27.61 27.45 27.37 27.53 27.61 27.69 27.68 27.65 27.70 27.74 27.63 27.64 27.61 27.58 27.62 27.60 27.69 27.92 27.99 27.90 27.72 27.70 27.66 27.76 27.86 27.94 27.96 28.01 28.08 28.09 28.06 28.09 27.95 28.14 28.18 28.15 28.19 27.97 27.68 27.93 27.23 27.08 27.63 27.89 28.04 27.84
27.98 28.03 28.05 28.08 28.07 28.07 27.99 27.97 27.95 27.91 27.93 27.85 27.86 27.88 27.86 27.88 27.91 27.94 27.92 27.90 27.76 27.85 27.74 27.78 27.80 27.79 27.71 27.71 27.73 27.71 27.62 27.56 27.50 27.46 27.45 27.50 27.61 27.58 27.60 27.63 27.62 27.63 27.64 27.54 27.58 27.58 27.59 27.69 27.98 28.00 28.01 28.00 27.86 27.77 28.00 27.95 27.81 27.90 28.04 28.05 28.09 27.92 27.97 27.98 28.00 28.12 28.18 28.19 27.90 27.60 27.89 27.67 27.49 27.70 27.64 27.75 27.41
27.87 27.96 28.03 28.07 28.10 28.04 28.07 28.02 27.98 27.95 27.91 27.88 27.83 27.83 27.86 27.89 27.91 27.89 27.91 27.88 27.89 27.82 27.77 27.82 27.85 27.85 27.86 27.86 27.86 27.78 27.69 27.70 27.54 27.48 27.50 27.53 27.67 27.52 27.56 27.51 27.46 27.56 27.66 27.67 27.61 27.58 27.58 27.71 27.79 27.86 27.98 28.06 27.89 27.92 28.07 27.93 27.85 27.82 27.94 27.98 27.96 27.85 27.97 27.87 27.95 28.10 28.14 28.22 28.06 27.80 27.70 27.81 27.97 27.89 27.50 27.30 27.59
27.83 27.86 27.91 27.97 27.96 27.93 27.98 28.03 27.93 27.95 27.89 27.84 27.93 27.85 27.84 27.83 27.89 27.83 27.90 27.89 27.90 27.81 27.84 27.82 27.81 27.80 27.82 27.78 27.74 27.75 27.76 27.77 27.64 27.58 27.53 27.51 27.47 27.46 27.47 27.46 27.45 27.52 27.65 27.78 27.66 27.63 27.59 27.45 27.55 27.58 27.64 27.98 27.93 27.92 27.97 27.73 27.84 27.71 27.84 27.90 27.91 27.91 27.90 27.93 28.01 28.14 28.15 28.01 27.90 27.82 27.66 27.70 27.99 28.03 27.51 27.78 27.48
27.82 27.80 27.83 27.83 27.80 27.86 27.95 27.90 27.92 27.92 27.93 27.97 27.94 27.90 27.88 27.87 27.86 27.86 27.85 27.86 27.87 27.85 27.82 27.82 27.80 27.79 27.75 27.69 27.72 27.74 27.78 27.82 27.73 27.61 27.63 27.59 27.47 27.70 27.56 27.41 27.43 27.50 27.57 27.73 27.58 27.60 27.63 27.46 27.46 27.48 27.53 27.94 27.83 27.99 27.91 27.72 27.75 27.81 27.74 27.61 27.71 27.70 27.68 27.76 27.75 27.89 28.06 28.00 27.97 28.12 27.98 27.86 28.00 28.09 28.11 28.01 27.68
27.62 27.73 27.73 27.77 27.87 27.91 27.90 27.88 27.96 28.00 27.95 27.84 27.88 27.85 27.90 27.86 27.90 27.87 27.88 27.88 27.87 27.77 27.78 27.80 27.81 27.85 27.76 27.72 27.76 27.77 27.81 27.82 27.63 27.61 27.66 27.65 27.64 27.61 27.50 27.43 27.42 27.48 27.56 27.60 27.63 27.73 27.63 27.44 27.47 27.49 27.50 27.73 27.84 27.76 27.70 27.72 27.72 27.70 27.71 27.73 27.78 27.70 27.61 27.59 27.46 27.65 27.93 27.98 28.05 28.09 28.07 28.09 28.08 28.04 27.94 28.05 28.04
27.70 27.56 27.69 27.77 27.68 27.66 27.80 27.84 27.91 27.87 27.92 27.79 27.93 27.90 27.86 27.88 27.89 27.91 27.89 27.84 27.79 27.76 27.81 27.84 27.79 27.79 27.75 27.75 27.74 27.77 27.75 27.73 27.58 27.57 27.68 27.80 27.82 27.74 27.67 27.69 27.56 27.50 27.51 27.50 27.69 27.68 27.57 27.52 27.32 27.42 27.47 27.49 27.57 27.70 27.57 27.61 27.69 27.64 27.71 27.73 27.75 27.78 27.69 27.84 27.61 27.60 27.84 27.92 27.99 28.02 28.07 28.09 28.11 28.05 27.97 27.96 28.04
27.82 27.70 27.61 27.57 27.61 27.69 27.82 27.85 27.81 27.90 27.88 27.86 27.88 27.88 27.92 27.90 27.84 27.85 27.79 27.76 27.64 27.64 27.70 27.83 27.78 27.78 27.84 27.83 27.80 27.77 27.74 27.66 27.66 27.73 27.74 27.61 27.73 27.56 27.63 27.53 27.52 27.56 27.47 27.46 27.66 27.77 27.85 27.77 27.69 27.61 27.87 27.88 27.86 27.86 27.82 27.65 27.58 27.56 27.67 27.66 27.68 27.78 27.81 27.82 27.88 27.90 27.93 27.99 28.02 28.03 28.03 28.04 28.04 28.14 28.09 28.08 28.13
27.88 27.80 27.50 27.57 27.58 27.64 27.69 27.77 27.71 27.68 27.79 27.88 27.87 27.87 27.88 27.87 27.82 27.70 27.72 27.66 27.58 27.67 27.67 27.62 27.64 27.81 27.77 27.75 27.72 27.73 27.75 27.65 27.62 27.68 27.77 27.70 27.80 27.64 27.61 27.70 27.63 27.61 27.39 27.46 27.73 27.88 27.89 27.70 27.59 27.60 27.76 27.74 27.59 27.69 27.69 27.56 27.52 27.50 27.48 27.63 27.85 27.82 27.79 27.82 27.82 27.86 28.00 28.02 28.05 28.01 28.03 28.07 28.04 28.04 28.05 28.04 28.09
27.90 27.90 27.83 27.90 27.82 27.57 27.57 27.67 27.67 27.71 27.65 27.73 27.77 27.72 27.82 27.83 27.74 27.59 27.65 27.59 27.62 27.61 27.57 27.59 27.73 27.72 27.71 27.69 27.70 27.74 27.73 27.73 27.71 27.75 27.86 27.85 27.79 27.78 27.79 27.76 27.65 27.60 27.46 27.54 27.76 27.78 27.82 27.75 27.64 27.55 27.75 27.80 27.63 27.61 27.62 27.65 27.63 27.59 27.59 27.72 27.81 27.75 27.86 27.88 27.89 27.92 27.92 27.97 28.00 28.00 28.04 28.04 28.03 28.03 28.03 28.06 28.07
27.90 27.95 27.90 27.92 27.90 27.83 27.59 27.60 27.57 27.54 27.62 27.74 27.74 27.77 27.80 27.86 27.69 27.56 27.60 27.60 27.60 27.63 27.75 27.75 27.71 27.63 27.69 27.67 27.64 27.59 27.72 27.76 27.78 27.74 27.70 27.71 27.74 27.74 27.74 27.80 27.91 27.72 27.61 27.60 27.67 27.63 27.67 27.71 27.63 27.56 27.55 27.47 27.60 27.70 27.69 27.62 27.56 27.56 27.52 27.62 27.63 27.56 27.37 27.74 27.86 27.88 27.89 27.97 28.03 27.97 27.98 27.97 27.98 28.01 28.00 28.01 28.04
27.89 27.84 27.84 27.84 27.76 27.70 27.57 27.67 27.66 27.63 27.69 27.71 27.78 27.78 27.83 27.83 27.76 27.74 27.73 27.74 27.74 27.80 27.79 27.76 27.75 27.59 27.52 27.59 27.59 27.66 27.67 27.69 27.71 27.81 27.72 27.78 27.78 27.74 27.78 27.78 27.89 27.73 27.67 27.61 27.71 27.69 27.67 27.58 27.35 27.51 27.53 27.53 27.58 27.71 27.64 27.59 27.60 27.57 27.56 27.55 27.44 27.57 27.52 27.54 27.65 27.78 27.86 27.98 28.06 28.02 27.98 27.96 27.94 27.94 28.05 28.04 28.05
27.79 27.73 27.61 27.61 27.58 27.61 27.62 27.60 27.56 27.55 27.58 27.60 27.68 27.77 27.80 27.86 27.81 27.81 27.81 27.75 27.73 27.71 27.71 27.73 27.66 27.54 27.42 27.55 27.53 27.56 27.65 27.67 27.66 27.72 27.69 27.67 27.84 28.01 27.91 27.76 27.75 27.71 27.61 27.64 27.71 27.73 27.64 27.53 27.56 27.60 27.66 27.64 27.60 27.59 27.57 27.35 27.27 27.44 27.55 27.64 27.66 27.61 27.58 27.72 27.77 27.74 27.71 27.78 28.03 28.00 27.99 28.07 28.03 28.01 28.02 28.05 27.99
27.73 27.73 27.66 27.63 27.56 27.60 27.63 27.58 27.50 27.54 27.48 27.45 27.48 27.61 27.66 27.76 27.79 27.83 27.82 27.75 27.64 27.63 27.70 27.69 27.57 27.63 27.56 27.52 27.64 27.63 27.64 27.66 27.66 27.66 27.56 27.61 27.70 27.68 27.71 27.65 27.67 27.70 27.73 27.68 27.65 27.65 27.62 27.66 27.57 27.62 27.71 27.65 27.55 27.58 27.58 27.50 27.37 27.26 27.26 27.53 27.60 27.60 27.50 27.73 27.86 27.84 27.81 27.54 27.89 27.97 27.98 28.04 28.01 28.00 28.02 28.02 27.97
27.61 27.71 27.71 27.66 27.58 27.59 27.57 27.49 27.46 27.49 27.51 27.50 27.49 27.50 27.55 27.71 27.70 27.75 27.72 27.71 27.62 27.65 27.64 27.50 27.56 27.54 27.55 27.50 27.51 27.53 27.54 27.54 27.51 27.63 27.59 27.62 27.58 27.60 27.60 27.62 27.65 27.65 27.64 27.64 27.68 27.80 27.70 27.65 27.65 27.56 27.64 27.66 27.60 27.60 27.62 27.58 27.54 27.46 27.41 27.50 27.51 27.53 27.56 27.68 27.78 27.79 27.75 27.77 27.74 27.86 27.85 27.61 27.60 27.68 27.76 27.75 27.83
27.64 27.62 27.63 27.62 27.52 27.57 27.57 27.57 27.50 27.49 27.50 27.55 27.61 27.59 27.61 27.64 27.66 27.62 27.61 27.61 27.69 27.62 27.48 27.41 27.35 27.37 27.41 27.54 27.58 27.61 27.64 27.68 27.57 27.44 27.56 27.50 27.49 27.56 27.57 27.52 27.57 27.64 27.75 27.91 27.71 27.69 27.69 27.64 27.59 27.62 27.65 27.69 27.64 27.62 27.63 27.48 27.53 27.53 27.51 27.58 27.56 27.41 27.46 27.53 27.56 27.56 27.56 27.55 27.51 27.62 27.64 27.53 27.43 27.49 27.52 27.64 27.72
27.62 27.62 27.59 27.61 27.56 27.49 27.50 27.49 27.48 27.50 27.40 27.46 27.55 27.53 27.41 27.44 27.47 27.54 27.59 27.63 27.65 27.62 27.56 27.49 27.53 27.58 27.54 27.55 27.57 27.61 27.65 27.70 27.74 27.66 27.52 27.50 27.58 27.62 27.65 27.59 27.64 27.68 27.74 27.73 27.74 27.67 27.65 27.61 27.59 27.57 27.56 27.61 27.51 27.48 27.49 27.54 27.49 27.50 27.46 27.46 27.50 27.56 27.44 27.52 27.53 27.49 27.47 27.43 27.42 27.52 27.57 27.64 27.58 27.62 27.51 27.52 27.50
27.61 27.59 27.55 27.54 27.44 27.39 27.36 27.26 27.20 27.26 27.31 27.42 27.44 27.40 27.39 27.53 27.59 27.52 27.47 27.45 27.51 27.57 27.66 27.59 27.57 27.59 27.61 27.53 27.51 27.47 27.52 27.62 27.64 27.58 27.55 27.52 27.60 27.63 27.66 27.71 27.73 27.74 27.65 27.63 27.70 27.70 27.76 27.77 27.73 27.74 27.54 27.54 27.48 27.43 27.46 27.63 27.53 27.45 27.54 27.55 27.55 27.53 27.45 27.29 27.37 27.38 27.51 27.44 27.32 27.51 27.53 27.62 27.62 27.64 27.59 27.48 27.45
27.55 27.56 27.60 27.47 27.35 27.40 27.34 27.38 27.36 27.34 27.37 27.37 27.34 27.35 27.36 27.50 27.57 27.54 27.44 27.37 27.29 27.40 27.44 27.51 27.55 27.52 27.46 27.53 27.57 27.51 27.44 27.41 27.46 27.58 27.61 27.59 27.57 27.68 27.77 27.73 27.68 27.61 27.45 27.51 27.70 27.75 27.68 27.63 27.63 27.73 27.77 27.76 27.72 27.80 27.81 27.81 27.78 27.76 27.85 27.75 27.58 27.57 27.57 27.45 27.39 27.47 27.43 27.47 27.48 27.41 27.55 27.69 27.66 27.61 27.58 27.54 27.69
27.37 27.53 27.51 27.42 27.32 27.21 27.21 27.22 27.27 27.24 27.38 27.39 27.35 27.35 27.32 27.48 27.47 27.47 27.45 27.47 27.37 27.32 27.38 27.48 27.60 27.53 27.50 27.55 27.62 27.52 27.47 27.45 27.37 27.38 27.55 27.61 27.59 27.60 27.63 27.66 27.75 27.74 27.69 27.68 27.73 27.85 27.83 27.84 27.76 27.78 27.80 27.88 27.83 27.86 27.75 27.76 27.84 27.83 27.82 27.81 27.86 27.55 27.47 27.44 27.52 27.53 27.52 27.53 27.51 27.48 27.46 27.46 27.56 27.62 27.63 27.69 27.76
