main/data/irradiance/25.10.2023.grid
ncols 839
nrows 679
xllcenter 112.0500
yllcenter -43.9500
cellsize 0.0500
nodata_value 99999.90
[rows 272 to 305 of 679, columns 0 to 76 of 839]
99999.90 99999.90 99999.90 99999.90 99999.90 99999.90 99999.90 99999.90 99999.90 99999.90 99999.90 99999.90 99999.90 99999.90 99999.90 99999.90 99999.90 99999.90 28.14 28.16 28.16 28.16 28.11 28.11 28.11 28.11 28.11 28.03 28.03 28.03 28.03 28.04 28.04 27.97 27.90 28.03 28.22 28.30 28.11 28.13 28.17 28.14 28.19 28.19 28.14 28.16 28.14 28.17 28.15 28.18 28.14 28.16 28.18 28.25 28.18 28.26 28.25 28.20 28.23 28.23 28.27 28.24 28.25 28.27 28.28 28.26 28.22 28.20 28.27 28.22 28.18 28.20 28.22 28.25 28.25 28.29 28.33
99999.90 99999.90 99999.90 99999.90 99999.90 99999.90 99999.90 99999.90 99999.90 99999.90 99999.90 99999.90 99999.90 99999.90 99999.90 99999.90 99999.90 99999.90 28.14 28.16 28.16 28.16 28.16 28.16 28.11 28.11 28.11 28.11 28.11 28.03 28.03 28.03 28.03 27.96 27.90 28.19 28.21 28.22 28.07 28.20 28.23 28.16 28.19 28.19 28.15 28.15 28.17 28.19 28.14 28.29 28.29 28.31 28.25 28.24 28.22 28.22 28.26 28.20 28.23 28.22 28.26 28.30 28.30 28.33 28.30 28.29 28.27 28.26 28.28 28.24 28.22 28.18 28.16 28.22 28.21 28.27 28.30
99999.90 99999.90 99999.90 99999.90 99999.90 99999.90 99999.90 99999.90 99999.90 99999.90 99999.90 99999.90 99999.90 99999.90 99999.90 99999.90 99999.90 28.03 28.14 28.16 28.16 28.16 28.16 28.16 28.16 28.16 28.11 28.11 28.11 28.11 28.08 28.08 28.05 27.98 27.94 28.16 28.27 28.27 28.11 28.16 28.19 28.18 28.18 28.15 28.14 28.16 28.20 28.24 28.27 28.27 28.27 28.27 28.27 28.22 28.25 28.20 28.28 28.22 28.27 28.24 28.26 28.28 28.27 28.29 28.30 28.29 28.26 28.24 28.26 28.26 28.21 28.23 28.20 28.17 28.23 28.26 28.29
99999.90 99999.90 99999.90 99999.90 99999.90 99999.90 99999.90 99999.90 99999.90 99999.90 99999.90 99999.90 99999.90 99999.90 99999.90 99999.90 99999.90 28.03 28.14 28.16 28.16 28.16 28.16 28.16 28.16 28.16 28.16 28.16 28.11 28.11 28.11 28.07 28.03 28.03 28.28 28.24 28.10 28.10 28.26 28.28 28.12 28.11 28.10 28.10 28.14 28.13 28.17 28.25 28.32 28.32 28.32 28.27 28.28 28.19 28.23 28.19 28.23 28.26 28.24 28.16 28.18 28.19 28.24 28.29 28.30 28.27 28.21 28.19 28.19 28.25 28.28 28.26 28.27 28.22 28.17 28.27 28.30
99999.90 99999.90 99999.90 99999.90 99999.90 99999.90 99999.90 99999.90 99999.90 99999.90 99999.90 99999.90 99999.90 99999.90 99999.90 99999.90 99999.90 28.03 28.14 28.14 28.14 28.16 28.16 28.16 28.16 28.16 28.16 28.16 28.16 28.11 28.11 28.07 28.09 28.34 28.26 28.23 28.10 28.24 28.19 28.20 28.20 28.14 28.14 28.20 28.17 28.14 28.23 28.28 28.28 28.31 28.33 28.32 28.28 28.26 28.22 28.20 28.20 28.20 28.18 28.17 28.19 28.23 28.24 28.27 28.25 28.26 28.25 28.23 28.22 28.24 28.27 28.28 28.29 28.25 28.22 28.23 28.31
99999.90 99999.90 99999.90 99999.90 99999.90 99999.90 99999.90 99999.90 99999.90 99999.90 99999.90 99999.90 99999.90 99999.90 99999.90 99999.90 99999.90 28.03 28.14 28.14 28.14 28.14 28.14 28.14 28.16 28.16 28.16 28.16 28.16 28.16 28.09 28.08 28.23 28.30 28.17 28.20 28.13 28.25 28.27 28.12 28.14 28.12 28.15 28.13 28.11 28.06 28.13 28.20 28.29 28.28 28.30 28.32 28.34 28.26 28.23 28.21 28.21 28.24 28.17 28.22 28.20 28.23 28.21 28.26 28.27 28.31 28.29 28.24 28.24 28.24 28.27 28.29 28.25 28.25 28.25 28.30 28.28
99999.90 99999.90 99999.90 99999.90 99999.90 99999.90 99999.90 99999.90 99999.90 99999.90 99999.90 99999.90 99999.90 99999.90 99999.90 99999.90 99999.90 28.03 28.14 28.14 28.14 28.14 28.14 28.14 28.14 28.14 28.14 28.10 28.10 28.10 28.08 28.19 28.25 28.24 28.14 28.26 28.26 28.25 28.23 28.07 28.05 28.07 28.07 28.07 28.03 28.01 28.08 28.22 28.29 28.28 28.28 28.23 28.27 28.25 28.28 28.29 28.23 28.23 28.13 28.16 28.23 28.24 28.28 28.25 28.23 28.31 28.31 28.26 28.24 28.26 28.29 28.31 28.27 28.26 28.23 28.24 28.27
99999.90 99999.90 99999.90 99999.90 99999.90 99999.90 99999.90 99999.90 99999.90 99999.90 99999.90 99999.90 99999.90 99999.90 99999.90 99999.90 99999.90 28.03 28.14 28.14 28.14 28.14 28.14 28.14 28.14 28.14 28.14 28.14 28.05 28.05 28.12 27.85 27.95 28.17 28.25 27.88 28.14 28.29 28.20 28.07 28.06 28.09 28.05 28.06 28.05 28.09 28.10 28.13 28.35 28.35 28.27 28.29 28.27 28.27 28.24 28.24 28.28 28.26 28.17 28.15 28.22 28.25 28.25 28.23 28.22 28.24 28.26 28.26 28.26 28.26 28.29 28.32 28.30 28.26 28.27 28.24 28.23
99999.90 99999.90 99999.90 99999.90 99999.90 99999.90 99999.90 99999.90 99999.90 99999.90 99999.90 99999.90 99999.90 99999.90 99999.90 99999.90 99999.90 28.03 28.03 28.03 28.14 28.14 28.14 28.14 28.14 28.14 28.14 28.14 28.14 28.07 28.28 27.02 24.87 26.93 28.31 28.15 27.66 28.12 28.22 28.09 28.09 28.09 28.08 28.03 28.09 28.06 28.10 28.17 28.20 28.20 28.23 28.26 28.27 28.25 28.27 28.21 28.19 28.24 28.26 28.23 28.16 28.22 28.22 28.23 28.21 28.23 28.26 28.24 28.27 28.29 28.30 28.30 28.28 28.33 28.32 28.30 28.28
99999.90 99999.90 99999.90 99999.90 99999.90 99999.90 99999.90 99999.90 99999.90 99999.90 99999.90 99999.90 99999.90 99999.90 99999.90 99999.90 99999.90 28.03 28.03 28.03 28.03 28.03 28.03 28.20 28.20 28.20 28.20 28.20 28.20 28.11 28.10 25.78 24.97 24.65 28.38 28.26 27.75 28.22 28.22 28.12 28.20 28.16 28.07 28.08 28.20 28.16 28.14 28.16 28.20 28.24 28.22 28.20 28.21 28.17 28.28 28.24 28.18 28.14 28.24 28.28 28.26 28.28 28.23 28.26 28.24 28.31 28.28 28.23 28.31 28.32 28.31 28.27 28.32 28.35 28.33 28.33 28.29
99999.90 99999.90 99999.90 99999.90 99999.90 99999.90 99999.90 99999.90 99999.90 99999.90 99999.90 99999.90 99999.90 99999.90 99999.90 99999.90 99999.90 28.03 28.03 28.03 28.03 28.03 28.03 28.03 28.03 28.03 28.08 28.08 28.08 28.13 28.27 26.52 27.60 27.78 26.85 28.22 28.24 28.15 28.09 28.03 28.16 28.22 28.04 28.02 28.13 28.16 28.10 28.10 28.22 28.21 28.19 28.14 28.11 28.13 28.25 28.12 28.11 28.11 28.16 28.19 28.29 28.25 28.13 28.19 28.20 28.28 28.29 28.25 28.28 28.32 28.30 28.25 28.31 28.35 28.31 28.32 28.33
99999.90 99999.90 99999.90 99999.90 99999.90 99999.90 99999.90 99999.90 99999.90 99999.90 99999.90 99999.90 99999.90 99999.90 99999.90 99999.90 99999.90 28.03 28.03 28.03 28.03 28.03 28.03 28.03 28.03 28.03 28.03 28.07 28.07 28.13 28.16 28.15 28.30 27.82 27.50 28.13 28.29 28.12 28.04 28.05 28.13 28.20 28.09 28.00 28.03 28.04 28.07 28.09 28.17 28.12 28.18 28.21 28.20 28.23 28.25 28.07 28.05 28.17 28.13 28.17 28.24 28.19 28.08 28.19 28.22 28.25 28.26 28.23 28.27 28.32 28.26 28.20 28.27 28.33 28.32 28.32 28.30
99999.90 99999.90 99999.90 99999.90 99999.90 99999.90 99999.90 99999.90 99999.90 99999.90 99999.90 99999.90 99999.90 99999.90 99999.90 99999.90 99999.90 28.03 28.03 28.03 28.03 28.03 28.03 28.03 28.03 28.03 28.03 28.03 28.04 28.02 28.50 27.85 28.14 28.24 28.21 28.25 28.28 28.07 28.02 28.02 28.05 28.22 28.17 28.06 28.01 28.02 28.03 28.06 28.05 28.06 28.06 28.23 28.25 28.27 28.22 28.13 28.06 28.14 28.19 28.26 28.19 28.16 28.11 28.19 28.24 28.25 28.25 28.26 28.26 28.31 28.22 28.17 28.30 28.32 28.32 28.30 28.30
99999.90 99999.90 99999.90 99999.90 99999.90 99999.90 99999.90 99999.90 99999.90 99999.90 99999.90 99999.90 99999.90 99999.90 99999.90 99999.90 99999.90 27.97 27.97 27.97 27.97 27.97 27.97 27.97 27.97 27.97 27.97 27.97 28.01 28.03 28.48 28.47 28.21 28.20 28.12 28.29 28.15 28.10 28.05 28.06 28.11 28.21 28.19 28.16 28.03 28.08 28.09 28.08 28.06 28.06 28.10 28.21 28.24 28.19 28.18 28.13 28.05 28.08 28.19 28.30 28.29 28.25 28.16 28.22 28.18 28.21 28.22 28.24 28.27 28.29 28.21 28.17 28.25 28.28 28.27 28.29 28.25
99999.90 99999.90 99999.90 99999.90 99999.90 99999.90 99999.90 99999.90 99999.90 99999.90 99999.90 99999.90 99999.90 99999.90 99999.90 99999.90 99999.90 27.97 27.97 27.97 27.97 27.97 27.97 27.97 27.97 27.97 27.97 27.97 27.98 28.07 28.47 28.41 28.24 28.10 28.04 28.08 28.10 28.09 28.10 28.07 28.02 28.09 27.99 28.00 28.02 28.04 28.13 28.10 28.07 28.08 28.13 28.22 28.22 28.16 28.24 28.26 28.11 28.07 28.11 28.27 28.23 28.22 28.22 28.27 28.25 28.16 28.22 28.24 28.26 28.27 28.18 28.18 28.20 28.24 28.28 28.29 28.24
99999.90 99999.90 99999.90 99999.90 99999.90 99999.90 99999.90 99999.90 99999.90 99999.90 99999.90 99999.90 99999.90 99999.90 99999.90 99999.90 99999.90 27.97 27.97 27.97 27.97 27.97 27.97 27.97 27.97 27.97 27.93 27.93 27.93 28.03 28.43 28.14 28.06 27.94 28.00 28.09 28.16 28.09 28.10 28.09 28.06 27.98 27.96 27.99 28.02 28.05 28.07 28.09 28.08 28.09 28.10 28.08 28.13 28.15 28.22 28.30 28.21 28.09 28.08 28.17 28.14 28.13 28.18 28.27 28.27 28.21 28.23 28.23 28.26 28.20 28.16 28.18 28.25 28.28 28.27 28.27 28.28
99999.90 99999.90 99999.90 99999.90 99999.90 99999.90 99999.90 99999.90 99999.90 99999.90 99999.90 99999.90 99999.90 99999.90 99999.90 99999.90 99999.90 27.97 27.97 27.97 27.97 27.97 27.97 27.97 27.90 27.90 27.90 27.90 27.90 27.87 28.51 28.17 27.95 27.96 27.84 27.92 27.98 28.02 28.05 28.08 28.10 28.09 28.01 27.99 28.01 28.02 28.04 28.10 28.09 28.06 28.08 28.13 28.18 28.18 28.25 28.29 28.20 28.14 28.06 28.13 28.12 28.14 28.16 28.23 28.25 28.21 28.23 28.23 28.20 28.22 28.20 28.27 28.29 28.26 28.26 28.31 28.30
99999.90 99999.90 99999.90 99999.90 99999.90 99999.90 99999.90 99999.90 99999.90 99999.90 99999.90 99999.90 99999.90 99999.90 99999.90 99999.90 99999.90 27.97 27.97 27.97 27.94 27.94 27.94 27.94 27.94 27.94 27.94 27.94 27.94 28.04 28.11 27.92 27.89 28.05 27.83 27.84 27.86 27.96 28.07 28.07 28.05 28.06 28.06 28.08 28.04 28.04 28.10 28.15 28.10 28.06 28.04 28.05 28.15 28.08 28.19 28.24 28.21 28.16 28.08 28.09 28.09 28.13 28.17 28.18 28.23 28.18 28.23 28.24 28.19 28.28 28.24 28.24 28.28 28.24 28.25 28.31 28.29
99999.90 99999.90 99999.90 99999.90 99999.90 99999.90 99999.90 99999.90 99999.90 99999.90 99999.90 99999.90 99999.90 99999.90 99999.90 99999.90 99999.90 27.97 27.94 27.94 27.94 27.94 27.94 27.94 27.94 27.94 27.94 27.94 27.94 28.01 28.00 27.88 27.87 28.10 28.10 27.83 27.89 27.92 27.94 28.00 28.00 28.04 28.06 28.06 28.06 28.07 28.12 28.18 28.10 28.08 28.05 28.05 28.18 28.11 28.12 28.22 28.16 28.14 28.07 28.12 28.07 28.10 28.16 28.21 28.20 28.17 28.23 28.19 28.25 28.24 28.23 28.21 28.25 28.23 28.23 28.27 28.22
99999.90 99999.90 99999.90 99999.90 99999.90 99999.90 99999.90 99999.90 99999.90 99999.90 99999.90 99999.90 99999.90 99999.90 99999.90 99999.90 99999.90 27.97 27.94 27.94 27.94 27.94 27.94 27.94 27.94 27.94 27.94 27.94 28.01 28.01 28.08 27.97 28.03 28.13 28.17 28.07 27.94 27.96 27.98 28.00 28.01 28.03 28.03 28.03 28.03 28.06 28.05 28.12 28.16 28.10 28.07 28.04 28.05 28.09 28.11 28.09 28.09 28.11 28.06 28.07 28.10 28.07 28.14 28.17 28.21 28.19 28.22 28.24 28.22 28.26 28.28 28.27 28.25 28.24 28.25 28.27 28.21
99999.90 99999.90 99999.90 99999.90 99999.90 99999.90 99999.90 99999.90 99999.90 99999.90 99999.90 99999.90 99999.90 99999.90 99999.90 99999.90 99999.90 27.97 27.94 27.94 27.94 27.94 27.94 27.94 27.94 27.94 27.94 28.01 28.01 28.08 28.08 28.06 28.18 28.23 28.17 28.07 28.07 28.08 28.08 28.08 28.00 27.97 28.01 28.04 28.07 28.05 28.08 28.11 28.09 28.09 28.10 28.07 28.01 28.03 28.05 28.05 28.07 28.08 28.06 28.04 28.13 28.11 28.14 28.14 28.19 28.21 28.21 28.23 28.17 28.22 28.28 28.26 28.26 28.24 28.24 28.30 28.27
99999.90 99999.90 99999.90 99999.90 99999.90 99999.90 99999.90 99999.90 99999.90 99999.90 99999.90 99999.90 99999.90 99999.90 99999.90 99999.90 99999.90 27.97 27.94 27.94 27.94 27.94 27.94 27.94 27.94 27.94 28.01 28.01 28.08 28.05 28.05 28.05 28.09 28.09 28.17 28.08 28.10 28.20 28.21 28.18 28.06 28.02 28.02 28.06 28.13 28.11 28.12 28.13 28.10 28.05 28.06 28.06 28.01 28.01 28.02 28.06 28.04 28.08 28.06 28.11 28.15 28.13 28.17 28.16 28.23 28.20 28.13 28.23 28.18 28.19 28.24 28.26 28.27 28.20 28.18 28.26 28.23
99999.90 99999.90 99999.90 99999.90 99999.90 99999.90 99999.90 99999.90 99999.90 99999.90 99999.90 99999.90 99999.90 99999.90 99999.90 99999.90 99999.90 27.97 27.94 27.94 27.94 27.94 27.94 27.94 27.94 28.01 28.01 28.05 28.05 28.05 28.05 28.05 27.88 28.12 28.12 28.01 28.02 28.12 28.16 28.10 28.03 28.03 28.05 28.06 28.12 28.16 28.13 28.14 28.13 28.09 28.04 28.05 28.08 28.04 28.08 28.10 28.11 28.15 28.08 28.13 28.14 28.11 28.19 28.15 28.22 28.22 28.13 28.21 28.17 28.19 28.23 28.27 28.26 28.21 28.23 28.25 28.22
99999.90 99999.90 99999.90 99999.90 99999.90 99999.90 99999.90 99999.90 99999.90 99999.90 99999.90 99999.90 99999.90 99999.90 99999.90 99999.90 99999.90 27.97 27.94 27.94 27.94 27.94 27.94 27.94 28.01 28.05 28.05 28.05 28.05 28.05 27.92 27.92 27.92 28.06 28.10 28.04 28.10 28.09 28.09 28.07 28.09 28.09 28.08 28.06 28.08 28.15 28.18 28.17 28.12 28.11 28.09 28.06 28.07 28.08 28.08 28.09 28.11 28.12 28.06 28.09 28.07 28.09 28.13 28.09 28.18 28.22 28.18 28.20 28.18 28.17 28.22 28.25 28.24 28.16 28.19 28.23 28.22
99999.90 99999.90 99999.90 99999.90 99999.90 99999.90 99999.90 99999.90 99999.90 99999.90 99999.90 99999.90 99999.90 99999.90 99999.90 99999.90 99999.90 99999.90 27.94 27.94 27.94 27.94 27.94 28.01 28.05 28.05 28.05 28.05 27.94 27.94 27.94 27.94 27.94 27.99 28.03 28.02 28.03 28.09 28.01 28.01 28.05 28.03 28.05 28.09 28.07 28.07 28.07 28.10 28.13 28.15 28.14 28.14 28.12 28.08 28.06 28.10 28.10 28.12 28.03 28.07 28.05 28.11 28.07 28.04 28.12 28.21 28.24 28.19 28.20 28.14 28.20 28.26 28.25 28.20 28.22 28.21 28.22
99999.90 99999.90 99999.90 99999.90 99999.90 99999.90 99999.90 99999.90 99999.90 99999.90 99999.90 99999.90 99999.90 99999.90 99999.90 99999.90 99999.90 99999.90 27.94 27.94 27.94 27.94 28.05 28.05 28.05 27.94 27.94 27.94 27.94 27.94 27.94 27.94 27.94 27.99 28.04 28.05 28.10 28.13 28.04 28.02 28.01 28.04 28.06 28.06 28.05 28.06 28.06 28.08 28.06 28.06 28.10 28.11 28.13 28.09 28.03 27.99 28.00 28.01 28.00 28.04 28.09 28.09 28.02 28.02 28.16 28.21 28.23 28.14 28.18 28.21 28.19 28.26 28.25 28.23 28.19 28.20 28.21
99999.90 99999.90 99999.90 99999.90 99999.90 99999.90 99999.90 99999.90 99999.90 99999.90 99999.90 99999.90 99999.90 99999.90 99999.90 99999.90 99999.90 99999.90 27.94 27.94 27.94 28.05 27.94 27.94 27.94 27.94 27.94 27.94 27.94 27.94 27.94 28.05 28.05 28.05 28.06 28.18 28.15 27.96 27.95 28.05 28.04 28.03 28.03 28.04 28.04 28.05 28.04 28.05 28.06 28.04 28.06 28.10 28.12 28.15 28.15 28.09 28.03 28.03 28.03 28.06 28.13 28.12 28.09 28.13 28.19 28.26 28.21 28.19 28.13 28.21 28.19 28.25 28.23 28.20 28.17 28.18 28.23
99999.90 99999.90 99999.90 99999.90 99999.90 99999.90 99999.90 99999.90 99999.90 99999.90 99999.90 99999.90 99999.90 99999.90 99999.90 99999.90 99999.90 99999.90 27.94 27.94 28.01 28.05 27.94 27.94 27.94 27.94 27.94 27.94 27.94 28.12 28.12 28.12 28.12 28.12 28.19 28.14 27.96 27.96 28.00 28.02 28.04 28.04 28.02 28.02 28.00 28.03 28.04 28.03 28.08 28.10 28.10 28.10 28.09 28.07 28.14 28.11 28.16 28.19 28.18 28.18 28.22 28.23 28.17 28.19 28.23 28.28 28.25 28.22 28.20 28.21 28.18 28.25 28.23 28.18 28.16 28.18 28.21
99999.90 99999.90 99999.90 99999.90 99999.90 99999.90 99999.90 99999.90 27.90 27.90 27.90 27.90 27.90 27.90 27.90 27.90 27.90 27.90 27.90 27.90 27.90 27.90 27.94 27.94 27.94 28.11 28.11 28.11 28.11 28.11 28.11 28.11 28.11 28.11 28.07 28.00 28.02 27.99 27.96 27.95 27.99 27.99 28.01 28.02 28.01 27.99 28.01 28.05 28.08 28.09 28.08 28.08 28.07 28.08 28.13 28.14 28.14 28.13 28.14 28.21 28.25 28.25 28.23 28.23 28.23 28.23 28.21 28.22 28.25 28.20 28.21 28.26 28.25 28.23 28.21 28.21 28.19
99999.90 99999.90 99999.90 99999.90 99999.90 99999.90 99999.90 99999.90 27.90 27.90 27.90 27.90 27.90 27.90 27.90 27.90 27.90 27.90 27.90 27.90 27.90 27.90 27.90 27.76 27.76 27.76 27.76 27.76 27.76 27.76 27.76 27.76 27.76 27.76 27.94 27.96 28.01 27.99 28.00 28.00 27.97 27.97 27.98 27.98 27.96 27.97 27.98 28.06 28.09 28.07 28.08 28.08 28.09 28.09 28.10 28.12 28.13 28.15 28.15 28.21 28.27 28.27 28.29 28.28 28.25 28.24 28.20 28.20 28.17 28.21 28.08 28.21 28.23 28.21 28.20 28.17 28.23
99999.90 99999.90 99999.90 99999.90 99999.90 99999.90 99999.90 99999.90 27.90 27.90 27.90 27.90 27.90 27.90 27.90 27.90 27.90 27.90 27.90 27.90 27.90 27.90 27.90 27.90 27.76 27.76 27.76 27.76 27.76 27.76 27.76 27.76 27.76 27.76 27.94 27.93 27.95 27.96 27.98 27.98 27.97 27.95 27.97 27.94 27.93 27.96 27.99 27.98 28.05 28.07 28.05 28.04 28.03 28.05 28.08 28.11 28.13 28.13 28.12 28.19 28.21 28.24 28.25 28.25 28.23 28.19 28.16 28.22 28.19 28.15 28.07 28.08 28.15 28.23 28.16 28.21 28.21
99999.90 99999.90 99999.90 99999.90 99999.90 99999.90 99999.90 99999.90 27.90 27.90 27.90 27.90 27.90 27.90 27.90 27.90 27.90 27.90 27.90 27.90 27.90 27.90 27.90 27.90 27.57 27.76 27.76 27.76 27.76 27.76 27.76 27.76 27.76 27.76 27.93 27.93 27.99 27.97 27.97 27.95 27.97 27.94 27.94 27.93 27.92 27.94 27.97 27.99 28.00 28.01 28.05 28.07 28.03 28.04 28.09 28.12 28.13 28.11 28.12 28.18 28.14 28.15 28.21 28.20 28.19 28.14 28.16 28.22 28.23 28.12 28.08 28.06 28.09 28.15 28.18 28.18 28.19
99999.90 99999.90 99999.90 99999.90 99999.90 99999.90 99999.90 99999.90 27.90 27.90 27.90 27.90 27.90 27.90 27.90 27.90 27.90 27.90 27.90 27.90 27.90 27.90 27.90 27.90 27.57 27.57 27.57 27.76 27.76 27.76 27.76 27.76 27.76 27.93 27.87 27.87 27.87 28.00 27.96 27.96 27.96 27.96 27.96 27.96 27.93 27.97 27.99 28.00 28.00 27.99 28.01 28.01 28.05 28.06 28.05 28.10 28.11 28.09 28.09 28.09 28.14 28.13 28.17 28.21 28.18 28.19 28.23 28.18 28.10 28.11 28.18 28.17 28.15 28.15 28.15 28.20 28.23
99999.90 99999.90 99999.90 99999.90 99999.90 99999.90 99999.90 99999.90 27.90 27.90 27.90 27.90 27.90 27.90 27.90 27.90 27.90 27.90 27.90 27.90 27.90 27.90 27.90 27.90 27.57 27.57 27.57 27.57 27.57 27.76 27.76 27.76 27.76 27.87 27.87 27.87 27.87 28.02 28.01 27.97 27.97 27.98 27.97 27.98 27.99 28.03 28.01 27.98 27.99 27.98 27.99 27.98 28.02 28.06 28.03 28.08 28.12 28.11 28.11 28.06 28.12 28.09 28.11 28.20 28.16 28.14 28.11 28.08 28.12 28.13 28.17 28.19 28.21 28.15 28.18 28.21 28.18
