main/data/irradiance/26.02.2023.grid
ncols 839
nrows 679
xllcenter 112.0500
yllcenter -43.9500
cellsize 0.0500
nodata_value 99999.90
[rows 204 to 237 of 679, columns 616 to 692 of 839]
20.47 19.53 19.68 19.92 19.87 19.62 17.86 16.53 16.93 17.65 17.85 17.67 16.84 18.36 18.80 18.22 17.70 17.93 17.60 18.68 18.77 18.58 16.71 15.69 15.34 15.29 15.90 16.04 15.71 15.17 16.07 16.38 16.45 17.09 18.33 17.17 17.79 18.20 17.91 18.77 19.22 18.79 18.20 18.17 18.36 18.73 19.24 19.26 19.41 19.78 20.06 20.70 20.44 21.21 21.38 20.73 21.61 21.60 21.89 21.95 21.61 22.29 22.12 21.44 21.91 22.73 22.74 22.78 23.08 23.18 23.47 23.47 23.30 23.47 22.93 22.79 23.39
20.55 20.15 20.04 20.27 20.20 20.43 20.24 19.93 19.43 18.99 18.81 18.93 18.72 19.74 19.29 18.94 18.72 18.86 19.68 19.51 19.11 18.76 17.56 16.90 16.42 16.46 17.02 16.51 17.55 17.52 15.97 16.42 17.83 18.84 19.22 18.51 18.71 17.52 18.07 18.13 19.19 18.76 18.64 19.65 19.35 18.85 18.73 18.67 18.79 18.84 18.87 20.55 21.11 20.83 21.18 20.96 20.41 19.37 20.55 20.62 21.51 21.39 21.00 21.14 21.49 22.50 22.63 22.99 23.64 23.93 24.05 24.18 23.23 23.60 23.51 23.38 23.47
20.04 20.49 20.35 19.91 20.15 20.78 21.08 21.39 21.32 20.53 20.26 20.75 19.88 20.07 19.60 18.98 19.23 19.19 19.45 19.56 19.99 19.62 18.79 17.72 17.66 18.43 17.97 16.68 17.77 17.72 16.28 16.78 17.55 19.20 19.18 18.79 18.30 17.50 17.81 17.44 16.80 18.08 19.05 19.47 20.26 19.88 19.52 19.06 19.65 19.40 18.67 20.27 20.95 20.87 21.24 21.62 19.81 19.48 20.13 20.19 20.60 20.82 20.80 20.64 20.58 21.36 21.93 21.96 22.98 23.20 23.90 23.57 22.97 22.95 22.77 23.04 22.75
18.78 19.54 20.07 19.28 19.43 20.52 20.66 20.08 20.67 21.42 21.32 21.27 21.21 20.52 20.00 19.76 19.75 20.04 19.55 19.46 20.05 19.26 19.23 18.03 17.87 18.02 17.71 17.77 18.71 18.32 17.48 17.42 17.62 18.09 17.79 18.54 18.28 17.31 17.43 16.71 15.81 16.83 18.20 18.84 19.65 20.02 20.16 20.83 19.26 20.03 20.60 21.78 21.25 20.54 20.61 21.65 21.38 20.38 19.76 19.75 20.75 21.26 21.17 20.45 21.51 22.20 21.44 21.46 21.92 22.15 22.80 23.72 23.00 22.51 22.66 22.98 22.22
19.97 20.59 21.07 20.68 20.74 21.50 20.98 20.51 21.05 22.05 21.86 22.32 22.25 21.90 21.53 20.42 19.59 19.45 19.99 20.57 21.02 20.31 20.16 19.22 19.15 18.72 18.75 18.89 19.47 19.45 19.20 17.73 16.92 17.06 17.40 18.50 18.62 18.32 19.16 17.54 17.46 18.22 19.09 18.73 19.26 18.82 18.24 19.60 20.35 21.57 21.10 21.80 21.77 21.93 21.42 21.81 21.92 21.36 20.61 20.07 20.20 20.34 20.38 20.91 20.97 21.15 20.53 21.53 21.96 22.69 23.20 22.99 22.38 22.97 22.86 23.02 22.71
20.57 21.40 21.74 21.03 22.06 22.46 22.35 22.16 21.59 22.22 22.93 23.64 23.29 23.01 22.00 20.51 20.42 19.86 19.87 20.68 21.83 21.41 20.74 20.65 20.79 20.28 20.66 20.16 19.27 19.95 20.17 19.44 18.27 17.82 18.19 19.13 19.84 19.80 20.16 19.40 18.45 19.00 19.33 18.74 19.31 19.86 19.57 19.03 19.82 20.44 20.23 20.56 22.05 22.46 22.13 22.87 22.46 21.93 21.03 21.24 20.42 20.06 19.91 20.91 20.49 20.33 21.35 21.69 22.68 22.21 22.51 22.69 22.64 23.13 22.96 22.18 22.50
19.77 20.65 20.83 21.48 21.75 21.79 22.00 21.84 21.75 22.19 23.30 23.16 22.44 22.84 22.40 22.02 21.56 21.37 21.17 21.06 21.78 21.65 20.85 20.70 21.33 21.25 20.85 20.22 20.58 21.22 21.43 21.44 20.88 19.76 19.69 19.78 19.92 20.06 20.09 20.05 19.51 19.12 18.02 18.20 19.53 20.32 20.79 20.29 20.76 20.94 20.56 20.96 22.56 23.32 22.74 23.48 22.26 22.47 20.73 21.68 21.63 21.13 21.25 21.62 21.35 20.79 22.11 22.28 22.96 22.81 22.87 23.40 22.67 23.47 23.43 22.77 22.80
19.15 19.30 19.49 20.86 20.94 20.45 20.42 21.16 22.12 22.31 22.73 22.62 22.50 22.67 22.49 22.52 22.36 22.85 22.73 22.38 22.83 22.76 21.45 21.13 21.49 21.54 20.66 20.38 20.60 20.53 21.16 21.64 21.49 20.57 20.87 20.38 20.36 20.82 20.82 19.24 19.39 18.21 17.63 18.11 18.27 19.99 20.90 21.39 20.86 21.33 21.42 20.74 21.34 22.32 22.37 22.47 22.06 22.32 21.95 21.85 21.93 21.37 22.12 22.68 23.24 21.51 23.00 22.83 23.25 23.13 23.11 24.08 23.16 23.14 22.68 22.66 23.08
18.94 18.65 18.85 19.77 20.29 20.29 20.68 21.19 22.19 22.92 23.02 22.54 22.01 21.84 21.70 20.81 21.14 21.36 21.54 22.81 23.14 22.61 22.42 22.13 21.94 21.85 21.52 20.93 20.92 21.04 21.92 21.48 21.69 21.60 21.48 21.52 21.74 21.62 21.86 21.27 20.93 19.85 19.57 19.66 19.62 20.70 21.57 21.96 21.06 21.57 21.81 21.25 21.57 21.45 21.69 21.48 22.19 22.84 22.44 23.06 23.27 21.77 22.70 22.32 22.91 21.47 22.59 23.54 24.28 24.00 23.93 23.80 23.28 23.51 22.57 22.90 23.02
18.34 19.04 18.70 19.44 20.45 20.28 19.70 20.92 21.61 22.71 22.55 21.96 20.62 20.36 20.11 20.15 20.66 20.57 20.97 22.01 22.55 22.10 21.62 21.98 21.69 21.72 22.24 21.92 21.83 22.11 22.70 22.40 22.43 21.04 21.97 22.26 22.78 22.76 22.28 22.20 21.91 20.98 21.34 21.15 20.86 21.85 22.68 22.57 21.77 21.49 21.52 22.10 22.11 21.51 22.00 21.64 22.37 22.96 21.76 22.77 23.47 22.88 22.85 22.76 22.72 22.23 22.79 22.85 23.79 24.27 23.96 24.67 24.06 23.93 22.98 23.42 22.58
18.38 18.36 18.38 19.50 20.73 20.48 20.19 20.29 21.05 21.81 21.54 20.87 20.45 20.67 20.56 21.48 20.46 20.03 20.62 21.03 21.75 22.36 22.42 21.42 21.62 21.54 22.04 22.58 21.66 22.17 22.69 22.64 22.62 21.65 21.53 22.74 23.36 23.26 22.62 22.50 22.63 22.44 23.00 22.38 21.73 21.74 22.32 22.68 22.10 22.04 22.98 22.22 22.36 22.03 21.69 21.60 21.52 21.84 22.01 23.04 23.02 22.88 23.61 23.45 23.35 23.68 23.71 22.90 24.34 25.03 24.66 24.81 23.88 23.56 22.82 23.13 23.32
18.65 17.97 18.79 19.79 20.88 20.86 20.73 20.78 21.35 21.59 21.54 21.74 21.50 20.49 19.99 20.51 20.16 20.47 20.16 21.25 21.72 21.86 21.87 22.18 21.82 21.82 21.44 21.67 22.13 21.73 22.18 22.53 23.07 22.82 21.87 22.51 23.95 23.53 23.29 22.52 22.46 22.65 23.48 22.63 22.33 22.30 22.59 22.58 22.26 22.62 22.66 21.93 22.11 22.06 21.34 20.47 20.55 21.79 22.52 22.49 22.75 23.87 24.70 24.23 24.67 24.60 24.03 23.70 24.28 24.81 24.77 25.04 24.43 23.43 22.80 23.15 23.02
19.42 19.33 19.51 19.74 19.86 20.55 21.13 21.03 22.06 22.32 22.09 21.62 21.28 20.87 20.67 20.75 20.97 21.22 20.89 21.98 22.46 21.06 21.70 21.68 21.26 21.38 20.85 20.95 21.99 22.85 23.31 23.15 23.50 23.89 22.90 22.99 23.23 23.43 22.77 22.03 22.18 22.70 23.43 22.75 22.56 22.99 22.93 22.86 21.99 23.09 23.20 22.79 22.73 22.21 21.43 20.98 21.06 21.73 22.67 23.34 23.47 23.95 24.66 23.97 24.19 24.15 23.48 24.12 23.53 23.29 23.43 23.70 24.34 23.35 23.13 23.19 22.41
20.36 19.77 20.00 20.53 21.06 20.41 20.66 20.86 21.66 22.31 22.20 21.13 20.84 20.90 20.49 20.43 21.17 22.19 21.81 21.79 22.36 21.85 20.86 21.16 20.17 19.85 20.55 21.26 22.41 22.93 23.01 23.32 23.57 24.05 23.32 23.13 22.73 23.17 22.96 22.37 22.23 23.34 23.85 23.60 23.50 23.20 22.92 22.44 22.51 23.15 23.15 23.25 22.72 22.79 22.01 21.60 21.90 22.32 22.96 22.82 23.29 22.81 23.12 23.06 23.14 22.83 22.98 23.27 23.17 23.20 23.74 23.98 23.44 23.01 22.90 23.21 22.34
20.68 20.12 20.64 21.10 21.78 20.65 20.17 19.69 20.09 20.76 21.21 21.07 20.36 19.69 19.73 18.91 19.79 21.53 21.68 21.54 21.71 21.57 21.27 21.26 20.23 19.11 20.65 21.82 22.47 23.07 23.31 23.31 23.38 23.80 23.45 23.37 23.37 23.63 23.12 23.17 22.11 22.61 23.19 23.53 23.57 23.33 22.69 22.33 22.57 23.04 22.40 22.73 23.27 23.72 22.53 22.83 22.68 22.49 22.43 22.40 22.25 22.38 22.36 23.34 23.09 23.33 23.72 23.40 22.67 23.41 23.72 23.65 23.72 22.85 22.82 22.92 22.45
20.65 20.95 21.36 21.58 22.16 21.45 20.58 19.72 19.71 19.77 20.69 20.89 20.31 19.32 20.25 19.16 19.51 21.30 21.65 21.05 21.34 19.88 20.42 21.39 20.92 20.40 21.11 21.67 22.53 22.69 22.84 22.96 24.14 23.95 23.71 24.24 24.14 23.46 23.12 23.12 22.07 22.60 22.55 23.14 24.08 23.95 22.80 23.09 23.52 22.35 22.48 22.64 22.44 23.11 23.19 22.99 23.16 22.60 22.55 23.50 23.51 23.15 23.08 23.67 23.83 23.99 23.64 23.31 22.24 22.41 23.44 23.40 22.79 23.09 22.48 22.82 22.83
21.06 20.99 21.23 22.13 22.11 21.83 22.26 20.52 19.11 19.28 19.55 20.76 20.28 19.58 19.12 20.01 19.52 19.89 20.92 20.39 20.33 19.80 20.98 21.83 22.20 21.60 21.17 21.67 22.75 22.05 21.87 22.53 23.07 23.83 23.79 23.56 23.18 22.97 22.17 22.11 22.28 22.81 23.19 23.00 23.33 23.52 22.67 22.81 22.76 22.53 22.31 22.38 21.89 22.45 22.75 22.89 22.67 22.82 23.03 24.23 23.74 23.05 23.97 24.09 23.75 23.26 22.58 22.79 22.04 21.53 22.11 22.08 22.19 22.18 22.27 22.94 22.63
20.67 20.69 20.70 21.83 21.63 21.50 21.91 21.76 21.30 20.69 22.50 21.73 20.28 19.24 19.54 20.75 20.58 20.27 20.09 19.45 20.29 20.87 21.45 21.15 21.98 22.19 22.15 22.76 23.41 23.11 22.34 23.28 22.85 23.28 23.94 23.72 22.82 22.93 21.56 21.84 21.74 22.39 23.17 22.79 22.95 23.12 22.74 22.78 22.77 23.14 23.03 22.19 22.04 22.54 22.21 22.29 22.51 22.68 22.65 23.04 22.82 22.35 23.08 23.24 22.86 22.55 22.85 22.91 22.14 22.19 21.87 21.74 21.83 22.16 22.77 22.52 21.79
21.80 21.43 21.36 21.73 21.90 21.64 21.57 22.90 23.74 23.86 24.01 22.51 20.75 20.72 21.30 22.46 21.50 21.18 21.05 20.95 20.79 21.99 22.28 21.85 21.30 22.51 22.66 22.64 23.15 23.49 23.25 22.89 23.18 22.95 23.58 23.59 23.13 24.20 22.73 22.35 21.70 22.28 23.13 22.73 22.84 22.66 23.03 23.28 22.51 23.85 24.07 23.31 22.57 23.22 22.79 22.94 23.28 23.53 23.46 22.81 22.08 21.21 22.05 21.94 22.08 22.24 22.49 22.82 21.99 21.31 22.14 21.87 22.15 22.14 22.41 22.56 22.17
22.50 22.07 21.74 21.92 22.49 22.25 22.02 22.97 23.93 24.24 24.32 23.06 22.20 22.61 22.68 23.80 23.37 22.00 22.81 22.57 21.62 22.50 22.70 21.81 20.89 21.41 21.56 21.67 21.20 22.29 22.52 21.53 22.05 22.09 22.68 23.03 22.81 24.22 23.94 23.47 23.05 23.15 23.99 23.27 24.02 23.34 23.40 23.76 23.35 23.91 23.90 23.88 23.46 23.36 23.04 23.19 23.36 24.00 24.04 23.07 22.81 22.15 22.00 21.92 21.76 21.79 22.73 22.76 22.17 22.12 22.05 21.69 22.45 22.17 22.89 22.33 22.43
21.89 22.34 21.83 22.25 22.44 22.17 22.34 23.15 23.52 24.11 24.02 23.55 23.79 24.46 23.93 23.92 23.79 22.35 21.71 23.30 22.77 22.98 21.83 21.83 20.87 20.68 20.34 21.44 19.73 21.45 21.49 20.83 21.11 20.61 21.64 22.93 23.48 24.00 23.96 24.01 24.20 23.96 24.64 24.13 24.91 24.57 23.74 23.51 24.05 24.04 23.79 24.02 23.65 23.09 22.56 22.29 22.66 23.18 23.84 23.39 23.02 22.75 23.12 22.52 21.73 21.92 21.44 21.79 22.11 22.80 22.67 22.60 23.12 22.92 22.74 22.46 22.85
21.19 21.13 21.30 22.04 22.47 22.27 21.66 22.75 22.85 22.85 23.81 24.30 24.67 24.26 23.57 23.80 23.12 21.97 21.71 22.85 23.27 23.16 22.40 22.46 21.00 20.55 21.21 21.67 21.33 21.80 22.04 21.17 21.20 21.32 21.93 23.59 23.76 24.03 23.95 24.61 24.67 24.13 24.53 24.38 24.94 24.64 23.52 23.83 24.10 23.78 23.82 24.19 22.71 22.82 22.44 22.01 22.59 22.92 23.10 22.75 22.60 22.05 22.07 21.63 21.48 22.44 20.93 21.39 21.81 22.63 23.06 23.10 23.80 23.94 23.19 22.33 22.89
21.76 20.99 21.00 21.72 22.41 22.27 22.27 22.86 23.14 22.82 23.58 24.05 24.29 23.79 23.36 23.53 22.48 22.01 21.69 21.71 22.56 23.81 23.62 22.98 22.39 22.03 21.92 22.06 22.56 23.46 23.74 22.80 22.65 22.22 22.82 23.27 23.77 23.48 22.98 23.33 23.56 23.61 23.89 24.06 24.21 23.57 23.95 23.76 23.77 23.41 23.86 24.17 23.31 23.13 22.91 22.82 22.95 22.99 22.71 22.29 21.71 20.83 21.31 21.63 21.64 22.17 22.22 21.86 21.90 22.31 22.83 22.83 23.37 23.45 23.69 22.84 22.92
22.83 22.38 21.19 21.13 21.38 21.34 21.83 22.21 22.51 22.46 22.77 23.11 23.94 23.36 23.63 23.56 22.98 23.32 22.75 21.92 22.94 23.54 23.34 22.46 22.97 23.01 23.57 24.01 23.27 23.35 23.37 22.88 22.72 22.46 22.85 23.80 24.05 22.99 23.47 23.52 23.38 22.39 22.98 23.56 22.71 23.09 23.48 23.80 23.71 23.55 23.70 23.33 23.26 22.95 23.34 23.73 23.77 23.59 23.56 23.48 23.30 22.48 22.10 22.60 22.22 22.38 22.81 22.28 22.13 22.38 22.59 22.88 23.14 23.68 23.41 23.10 22.64
22.97 22.69 22.64 22.79 22.45 21.61 21.76 22.22 22.39 22.36 21.90 21.71 22.18 22.54 23.22 23.61 22.90 23.14 23.16 22.76 23.04 23.09 22.77 22.25 22.88 23.42 24.29 24.51 23.87 24.00 23.72 23.51 23.20 23.00 23.00 23.45 23.68 22.44 23.06 23.72 23.44 21.94 22.02 22.54 21.54 22.14 22.69 23.35 23.68 23.59 23.74 23.77 23.54 23.13 23.34 22.97 23.25 23.39 23.59 23.69 23.63 23.38 22.54 23.40 23.21 23.31 23.33 22.44 22.29 21.97 22.43 23.59 23.51 23.34 22.91 22.65 22.96
23.43 23.39 23.69 23.96 24.27 23.57 22.88 22.99 23.31 23.09 22.63 22.09 21.76 22.35 22.53 22.89 23.14 22.96 23.44 23.65 24.31 24.51 24.02 23.53 23.45 23.71 23.71 25.06 25.39 25.08 24.37 24.19 23.32 23.23 23.52 23.28 22.92 22.88 23.25 23.46 24.22 22.86 22.08 21.49 21.68 22.20 21.93 22.52 23.93 23.35 23.86 23.45 23.13 23.09 22.80 23.38 23.15 23.17 23.40 23.38 24.14 23.28 22.89 23.21 23.23 22.92 22.76 22.19 21.66 21.55 22.18 23.20 22.92 23.30 22.91 22.41 22.33
23.56 23.97 24.35 24.36 24.90 24.88 24.40 23.50 23.79 23.50 22.93 22.50 21.70 22.53 22.53 23.18 23.17 23.12 24.28 24.57 24.57 24.50 24.34 23.93 23.57 23.72 23.38 25.08 24.98 24.94 24.87 24.86 24.51 23.20 23.43 24.13 23.47 23.90 23.89 23.75 23.88 23.49 22.76 22.90 22.54 22.50 22.78 22.02 23.00 23.36 23.68 23.18 22.89 22.75 23.12 23.36 23.37 22.76 22.93 23.88 25.41 23.33 22.78 22.94 22.41 22.41 22.75 21.80 22.29 22.74 22.33 22.03 22.43 22.47 22.54 22.48 21.90
23.72 24.21 24.36 24.22 23.94 24.02 24.03 23.90 23.68 22.71 22.58 21.52 20.80 21.47 21.76 21.91 22.33 22.66 23.30 23.56 23.49 23.41 23.38 23.72 23.23 23.61 23.46 24.39 24.79 24.50 24.27 24.20 23.79 23.62 24.00 24.20 23.39 23.93 24.37 24.73 24.00 23.95 23.10 23.72 22.85 22.76 22.88 23.35 23.02 23.24 23.06 22.99 22.69 22.84 22.55 23.17 23.66 23.18 22.85 23.32 24.38 24.25 22.83 23.11 23.01 22.66 22.29 21.51 22.56 23.19 23.20 22.44 21.84 21.85 22.42 22.62 22.29
23.46 23.66 23.67 22.98 22.57 23.01 22.95 22.87 23.01 22.75 22.72 21.91 21.33 21.06 21.24 21.70 21.76 21.36 21.68 21.78 22.13 22.63 22.81 23.14 23.11 23.60 24.23 23.87 23.80 24.26 23.26 23.20 23.39 23.73 23.82 23.52 23.04 23.62 24.22 24.51 23.86 23.51 24.08 24.09 23.77 23.61 23.47 23.91 23.77 23.18 22.56 22.71 23.12 22.76 21.75 22.64 23.41 22.68 22.16 22.07 22.73 24.13 23.23 23.55 23.70 23.29 22.63 22.31 23.60 23.83 23.87 23.63 22.51 22.51 22.83 22.66 22.07
22.29 22.57 21.92 21.47 21.61 22.19 22.51 22.39 22.71 22.56 22.75 22.10 21.57 20.80 21.05 21.05 21.12 21.38 21.15 21.16 21.15 21.75 22.10 22.51 23.27 23.90 24.36 24.07 24.16 23.25 22.91 22.89 23.01 22.67 23.30 23.17 22.71 23.24 24.07 24.32 23.82 23.82 24.22 24.14 23.71 24.01 24.05 23.67 24.29 24.11 23.22 22.84 23.27 22.44 21.65 21.64 22.66 22.24 21.30 21.48 21.08 22.76 23.40 23.31 23.77 23.16 22.65 22.76 23.71 23.30 23.35 23.87 23.91 22.56 22.91 23.46 22.49
20.76 21.34 21.83 21.70 21.20 21.29 21.18 21.48 22.36 22.36 22.07 21.98 21.96 21.50 21.36 20.50 19.92 20.53 20.66 20.99 20.77 20.76 21.22 21.90 22.35 22.58 23.87 23.72 23.41 22.78 22.98 22.70 22.55 21.91 22.80 22.57 22.50 22.72 23.41 23.51 23.24 23.50 23.82 23.60 23.59 24.14 24.04 23.83 24.62 24.63 23.37 23.04 23.35 23.42 22.07 21.22 22.32 22.41 21.80 22.06 21.84 21.83 22.35 23.25 23.40 22.79 22.84 23.30 23.46 23.34 23.86 23.69 23.63 23.50 22.54 22.67 22.37
19.53 20.05 20.99 21.10 20.52 20.72 20.96 20.82 21.15 20.96 20.87 21.10 21.40 21.77 21.83 21.46 21.14 20.76 20.84 21.30 21.76 21.35 21.34 21.07 20.66 20.60 21.57 22.21 22.61 22.15 22.19 21.84 21.81 21.38 22.21 22.06 22.00 22.44 22.30 22.32 22.59 23.23 23.68 23.72 23.86 23.81 24.00 24.23 24.39 24.12 23.71 23.52 23.54 23.04 22.20 21.58 22.02 22.21 22.05 22.12 21.91 22.36 22.36 22.57 22.49 22.64 23.20 23.70 23.88 24.18 23.92 23.45 23.15 23.52 23.26 22.40 22.34
19.62 19.49 20.01 20.05 19.69 20.46 20.25 20.63 20.48 19.60 19.88 20.84 21.59 21.96 22.17 22.69 22.42 22.22 22.16 22.23 22.04 22.02 21.52 20.99 21.05 21.12 21.06 20.92 21.92 21.85 21.78 21.93 22.39 21.81 23.08 22.55 22.61 22.95 22.51 21.87 22.50 23.49 23.68 23.54 23.69 23.24 23.78 23.92 23.99 24.06 24.26 24.39 24.14 23.19 22.28 21.16 21.73 21.84 21.92 22.25 22.50 22.66 22.34 22.30 22.48 22.40 22.26 22.87 23.24 22.87 22.78 22.91 23.02 23.31 23.50 23.08 22.98
19.88 19.74 19.55 19.33 19.45 19.77 20.30 20.76 20.31 19.95 20.23 20.39 21.44 21.68 21.85 22.66 22.26 22.25 22.68 21.84 21.72 21.95 21.56 21.09 21.30 21.35 21.05 20.79 21.43 21.51 22.19 22.46 22.19 22.26 23.09 23.85 24.05 23.57 22.07 21.52 21.45 22.04 22.46 22.63 22.51 23.07 23.73 23.61 23.74 24.37 24.31 23.76 23.48 22.95 21.95 21.13 22.08 22.14 22.05 22.30 22.58 22.16 22.13 22.18 22.46 22.71 22.71 22.91 22.77 22.27 22.77 23.08 23.12 22.69 23.38 23.63 22.94
