main/data/irradiance/26.03.2023.grid
ncols 839
nrows 679
xllcenter 112.0500
yllcenter -43.9500
cellsize 0.0500
nodata_value 99999.90
[rows 408 to 441 of 679, columns 308 to 384 of 839]
8.69 8.09 8.34 7.65 7.58 6.90 6.50 7.11 7.28 7.12 7.36 7.52 6.69 6.01 6.28 5.94 6.03 6.09 6.53 6.12 5.00 6.30 7.01 6.54 5.87 7.19 7.28 7.66 6.79 6.59 6.61 7.15 6.84 7.10 7.30 7.70 7.64 6.91 6.34 6.39 6.91 7.80 7.57 7.06 7.36 7.13 6.36 6.42 5.94 5.71 5.97 5.47 6.34 6.28 6.65 7.23 7.06 5.90 6.37 6.38 6.67 7.78 7.66 6.79 6.01 5.48 5.65 6.51 5.69 5.63 6.24 5.87 6.35 7.53 8.07 8.65 7.82
7.93 8.38 7.58 7.70 7.15 6.82 7.74 6.65 6.01 6.32 7.26 7.53 6.76 5.95 5.86 5.68 5.54 5.49 6.40 5.91 5.55 5.85 6.31 6.32 5.93 6.53 6.51 7.01 7.33 6.96 7.55 7.93 7.41 7.49 8.13 8.19 6.96 6.40 5.56 6.71 6.76 7.43 7.44 7.40 7.87 7.35 6.27 6.12 5.70 6.08 5.58 5.00 5.51 5.76 6.58 6.24 5.77 5.54 5.91 5.65 6.14 6.28 6.77 6.79 6.39 6.21 6.15 5.64 5.91 6.65 6.14 6.64 6.48 7.07 7.38 7.34 7.50
8.09 8.32 7.03 7.76 7.90 8.07 7.75 7.13 6.71 6.76 6.46 6.92 6.32 5.67 5.76 5.76 5.48 6.18 7.16 6.20 5.37 5.24 4.69 5.48 5.11 6.24 6.34 6.01 7.17 7.34 7.58 7.53 6.67 6.53 7.67 6.82 6.03 6.54 6.32 7.12 7.33 7.44 7.31 7.66 7.83 6.76 5.72 5.50 5.80 6.19 5.66 5.50 5.30 6.13 6.66 5.89 5.22 5.69 6.43 5.72 5.70 5.81 6.07 5.98 6.66 6.57 6.04 5.47 6.51 6.37 6.49 7.05 6.79 7.28 7.93 7.77 7.35
7.56 7.70 7.70 7.23 7.30 8.28 7.57 7.17 6.25 6.45 6.24 7.19 5.85 5.02 5.36 5.43 5.08 4.93 5.12 4.95 4.98 4.79 4.12 4.87 5.13 5.90 5.70 5.65 6.40 7.30 6.94 5.97 5.59 5.07 6.93 7.15 6.70 6.96 6.72 6.85 6.57 7.33 8.09 7.89 6.84 6.40 5.08 5.52 6.25 6.51 5.87 5.41 5.48 5.98 5.50 4.97 4.72 5.40 6.38 6.66 6.07 5.10 5.21 6.08 6.83 6.71 6.34 6.64 6.68 6.92 7.57 8.07 7.47 7.63 8.29 8.50 7.02
7.18 7.66 8.12 7.15 6.79 7.62 8.05 7.21 7.06 6.56 5.89 6.23 5.64 5.54 5.81 5.36 5.01 4.18 4.35 4.67 4.74 4.80 4.60 4.99 6.03 5.48 6.05 6.28 5.83 6.61 6.49 6.02 5.44 6.13 7.48 6.82 6.38 6.34 6.46 5.90 6.23 7.12 7.41 6.64 5.82 5.56 5.22 5.45 6.55 5.86 5.52 4.74 5.10 4.67 4.46 4.38 4.51 5.60 5.74 5.98 5.92 5.14 5.48 6.01 6.16 6.41 5.72 5.93 6.21 6.42 6.87 7.66 7.50 7.62 8.54 8.35 7.71
8.10 7.52 8.17 7.70 5.80 6.50 6.84 7.83 7.88 7.13 7.84 6.90 6.19 5.16 6.48 6.06 5.71 5.22 4.78 4.86 5.49 5.76 5.76 6.42 6.80 5.90 5.83 6.02 4.94 5.88 6.33 5.30 5.24 6.26 6.71 6.93 6.34 6.41 6.15 5.67 7.02 7.40 7.46 6.75 5.83 5.83 5.72 6.41 6.43 5.09 4.98 4.73 5.23 4.84 4.89 4.98 5.27 5.34 4.85 5.20 5.32 5.51 5.51 5.85 6.42 6.38 6.18 6.26 6.34 6.67 7.37 7.85 8.07 8.55 8.22 7.90 7.71
7.72 7.65 7.52 6.51 5.17 6.43 7.29 8.81 8.40 8.67 9.15 7.92 6.86 6.53 6.56 6.04 6.38 6.26 5.29 5.74 6.88 7.36 7.27 7.72 6.64 5.27 5.83 4.87 4.19 4.95 5.87 4.80 4.92 5.87 6.27 6.54 6.22 6.64 6.90 6.92 7.33 7.98 7.53 6.53 5.90 5.44 5.56 6.30 6.11 5.33 4.95 5.28 5.70 5.61 5.57 5.18 5.24 4.65 4.62 5.42 5.25 5.50 5.65 6.32 6.66 6.27 7.44 7.33 6.86 7.61 7.58 8.29 8.32 8.45 7.59 7.15 7.63
8.13 7.47 7.07 5.71 5.96 5.64 7.50 9.15 8.88 8.64 8.59 7.30 6.66 6.72 6.72 6.66 6.49 6.98 7.78 8.37 7.98 7.54 7.75 8.08 6.43 5.87 4.97 4.08 3.96 4.98 5.30 4.76 5.20 6.32 6.61 6.58 6.81 7.29 7.66 7.28 7.15 6.61 6.64 6.08 5.19 5.31 6.04 6.27 5.47 5.51 6.06 6.70 6.54 6.07 5.32 5.39 4.92 4.46 5.72 5.92 6.11 6.37 6.20 6.47 6.44 6.79 7.20 6.61 6.79 7.71 8.28 8.40 7.57 7.64 7.32 7.20 7.23
9.81 8.07 7.99 6.96 5.72 5.99 7.58 8.65 8.98 8.24 7.16 5.76 5.39 6.53 8.25 8.11 8.23 7.94 8.32 9.03 7.68 7.15 7.81 7.85 6.23 5.71 4.78 4.50 4.82 4.18 4.28 4.51 4.97 6.07 6.58 5.82 6.10 6.75 7.26 6.75 6.27 5.86 6.29 5.32 5.34 5.61 5.83 5.86 5.85 6.18 6.16 6.33 5.52 5.13 5.26 5.09 4.92 5.29 5.66 6.22 6.85 7.03 6.19 6.21 6.15 6.46 7.01 6.71 7.02 7.56 7.96 8.13 7.93 8.24 7.82 7.45 7.11
10.55 9.59 8.86 7.68 7.47 6.05 6.76 7.49 7.83 7.74 6.32 6.21 6.51 7.10 7.21 7.49 7.56 7.70 7.33 7.91 8.14 7.66 7.69 7.32 6.14 5.44 4.28 4.73 4.78 3.92 4.10 4.64 5.47 6.64 6.58 6.16 6.50 6.30 6.01 6.29 5.62 5.40 5.21 5.53 5.68 5.48 5.67 5.61 5.57 6.11 6.04 6.55 6.74 6.26 5.52 4.90 5.27 5.20 5.58 6.58 6.94 6.62 5.75 5.88 6.23 6.32 5.94 5.55 6.40 7.51 8.43 8.11 8.51 7.76 6.62 6.54 6.41
9.84 9.32 8.16 7.55 8.43 7.55 5.55 5.81 7.08 6.01 6.37 6.67 6.64 7.39 8.03 7.55 6.97 7.79 7.63 7.84 7.64 6.53 8.17 7.92 6.98 5.92 4.92 5.46 5.87 5.60 4.68 5.47 5.68 5.68 5.84 5.56 4.51 4.48 4.56 5.64 5.07 4.82 5.16 4.73 5.67 5.59 5.58 6.04 5.98 5.99 6.25 7.00 7.34 7.38 6.04 5.99 5.73 5.76 5.90 6.50 6.07 5.93 5.64 6.38 6.28 5.90 5.42 4.87 5.76 7.17 7.82 8.01 7.07 7.36 7.04 6.17 6.18
8.76 7.24 7.51 7.14 7.61 7.64 6.20 6.04 6.05 5.97 7.08 7.53 6.47 6.94 7.87 7.82 7.80 8.60 8.42 7.76 7.93 6.73 7.14 7.32 7.36 6.75 6.20 6.29 6.94 6.07 5.97 6.29 6.56 5.89 5.96 5.33 3.92 4.60 5.10 5.00 3.95 4.62 4.60 4.00 5.08 4.89 4.96 5.07 5.34 5.44 6.86 7.73 7.57 6.99 6.13 5.57 5.05 5.47 5.57 4.75 4.66 5.29 5.64 6.05 6.07 5.30 5.16 5.04 6.03 6.92 7.65 7.73 7.44 7.95 7.70 6.69 6.68
7.71 7.63 7.54 6.79 6.57 7.42 6.86 6.30 6.29 6.71 6.78 7.26 7.14 7.17 7.46 8.49 8.44 8.44 8.16 7.50 7.26 6.45 5.40 5.92 6.92 7.22 7.35 7.25 7.81 7.39 6.89 6.93 6.20 5.36 5.82 4.90 4.11 4.81 5.08 4.75 4.15 4.62 4.62 4.69 4.45 3.87 4.48 4.21 4.01 4.17 5.37 7.18 7.70 7.30 7.07 5.80 5.32 5.35 5.10 5.10 4.45 5.22 5.43 5.84 5.96 5.40 5.13 5.51 5.77 6.82 7.91 7.95 8.04 8.11 7.45 8.03 7.36
6.52 6.70 6.40 6.54 6.38 5.87 6.36 6.14 6.95 7.09 6.51 6.59 7.94 6.38 7.45 7.76 8.11 8.22 8.12 7.71 7.21 5.42 5.18 5.70 6.40 6.88 7.76 8.00 7.55 7.21 6.42 5.89 6.31 6.47 5.74 5.21 5.12 5.04 5.10 5.06 4.94 5.08 5.05 4.47 3.96 3.86 4.45 3.63 4.00 4.43 5.02 6.06 6.47 6.63 7.13 6.40 6.42 5.40 5.17 4.96 4.30 4.99 5.77 5.90 5.87 5.29 4.86 5.49 6.40 6.66 6.62 7.25 7.56 7.53 7.25 7.37 7.35
7.64 6.83 7.06 6.31 6.89 6.68 5.97 5.80 6.69 7.86 8.05 7.29 7.01 6.69 7.03 7.95 8.27 7.62 7.58 6.38 6.69 6.52 5.52 5.30 5.79 5.75 6.46 6.19 6.89 7.61 7.31 6.20 6.06 6.39 6.12 6.72 6.47 5.67 5.05 5.23 5.36 5.02 5.31 4.37 4.71 4.08 3.78 4.14 4.27 4.69 4.87 5.60 5.84 5.70 6.22 6.23 5.62 5.47 4.76 3.94 4.44 5.40 5.21 4.60 5.47 5.30 4.64 5.08 5.54 5.32 5.45 5.60 5.87 6.11 6.75 6.81 7.00
9.23 8.04 7.34 6.67 6.24 7.29 6.59 6.21 6.22 6.88 7.22 6.86 6.92 8.08 8.13 8.17 8.33 8.20 7.22 6.67 5.94 6.20 6.12 6.33 6.23 5.53 5.22 6.05 6.35 7.11 7.71 6.96 6.53 5.60 6.39 4.98 5.37 5.72 4.85 4.59 4.95 5.89 6.37 5.84 4.92 4.70 3.91 3.86 3.95 4.90 5.08 5.38 5.92 5.60 6.06 4.67 4.35 5.20 4.52 4.17 4.37 4.23 4.78 5.09 6.01 5.62 4.80 4.79 5.33 5.64 5.54 5.10 4.91 5.45 6.20 6.45 6.60
10.57 9.13 8.20 6.90 6.53 7.24 7.76 7.89 6.31 7.46 6.24 6.45 6.56 8.24 7.36 6.68 7.46 7.60 6.70 7.18 6.93 6.25 5.58 5.67 5.77 5.13 5.44 5.89 5.84 6.49 7.08 6.48 6.38 6.41 6.14 5.47 6.00 6.04 5.76 5.10 5.68 5.62 5.79 6.49 5.49 5.08 4.76 4.81 4.78 4.50 4.46 4.84 5.15 5.50 5.63 4.95 3.88 4.34 4.51 4.60 3.80 4.17 4.77 5.05 5.42 5.50 5.20 4.88 5.47 5.35 4.54 4.82 4.87 5.18 5.84 6.19 5.59
10.11 8.85 8.62 7.75 6.71 7.20 7.98 8.15 7.50 7.74 6.91 7.76 7.91 8.64 8.04 7.03 7.23 6.90 6.29 7.63 7.56 6.21 6.35 6.74 6.21 5.43 5.50 7.15 7.25 7.35 8.02 6.88 6.81 6.44 5.10 5.19 6.58 6.80 6.59 5.61 6.04 6.10 5.71 5.57 6.12 5.61 5.00 5.54 5.26 5.37 5.66 5.16 5.52 5.69 5.16 3.98 3.83 4.36 3.60 3.88 3.53 4.00 4.42 4.72 5.01 5.09 4.75 5.31 5.29 4.81 5.30 5.16 5.15 5.08 5.22 5.58 5.04
7.89 7.81 8.57 7.89 7.13 6.40 7.42 6.95 8.33 8.18 8.10 8.50 8.41 8.08 7.47 6.66 6.18 5.45 5.91 7.40 6.85 6.53 6.67 6.33 6.60 5.92 6.44 6.41 7.57 9.04 8.99 7.94 7.33 6.48 5.02 5.46 6.32 7.05 7.37 6.89 6.41 6.32 6.28 5.77 6.04 5.82 5.86 5.67 4.86 5.19 6.51 6.02 5.99 5.60 4.55 3.83 3.84 4.32 3.99 3.57 3.58 4.52 4.19 4.10 4.65 4.78 5.43 5.61 5.53 5.49 5.90 5.56 5.27 5.33 5.11 5.06 5.70
7.63 8.45 8.38 7.80 7.27 6.46 6.71 7.27 7.76 7.02 8.16 8.02 7.40 7.30 7.60 7.21 5.94 5.23 5.13 6.64 6.23 6.78 6.36 5.90 5.51 6.28 6.62 5.70 6.31 7.76 7.95 8.28 7.11 6.14 6.35 6.83 6.73 6.74 8.25 8.16 7.96 6.82 6.78 7.20 6.76 5.74 6.46 6.32 5.68 6.56 7.07 6.37 6.69 5.96 4.46 3.88 3.86 5.15 4.88 4.34 3.72 4.18 4.39 4.50 4.58 5.55 5.72 5.90 5.91 5.91 5.90 5.64 5.18 5.37 4.81 5.71 5.88
8.62 9.93 10.11 9.49 8.86 7.29 6.16 6.58 7.36 7.47 7.80 7.61 7.86 7.23 7.65 6.90 6.29 5.47 6.06 6.72 6.60 6.63 7.04 6.97 5.64 6.25 6.11 6.53 5.99 6.62 6.54 7.03 7.72 7.22 7.07 7.34 7.17 7.74 8.26 7.91 7.82 8.07 8.91 9.22 7.81 6.28 6.04 5.97 6.74 7.56 7.84 7.16 7.10 6.38 4.99 4.17 3.98 4.67 4.36 4.12 3.66 4.60 5.23 4.76 4.83 5.03 5.03 5.75 6.29 6.41 6.54 6.27 5.49 5.01 6.08 6.02 5.59
9.73 10.74 9.01 8.93 8.63 7.86 6.98 6.50 6.97 8.20 7.16 7.05 7.74 9.19 8.24 7.08 5.86 6.31 6.70 6.57 6.81 7.27 7.69 8.05 7.21 6.98 6.74 7.42 6.40 5.98 6.21 6.42 7.55 7.91 7.32 7.06 7.32 7.84 7.08 6.25 6.29 6.29 7.06 7.72 7.56 7.17 6.38 5.65 6.62 7.71 6.94 6.86 7.68 6.89 5.22 4.75 4.46 4.79 3.95 3.50 4.04 4.44 4.02 3.52 4.36 4.79 4.47 4.99 5.71 5.92 6.24 5.90 5.51 5.01 6.08 6.02 5.59
8.97 8.92 9.13 8.80 8.78 7.87 7.27 6.92 6.30 7.39 7.95 7.60 7.15 9.36 7.63 6.54 5.81 6.25 6.48 5.87 6.29 6.31 6.93 6.91 6.90 7.21 6.23 6.58 7.27 6.55 5.70 5.62 6.70 7.64 7.26 7.37 7.68 6.48 6.48 5.55 6.58 5.68 6.56 7.15 7.76 7.49 6.56 6.06 6.42 8.25 7.32 6.85 6.77 7.27 5.90 5.11 5.17 5.13 4.21 3.73 4.47 3.96 3.90 3.62 4.37 4.78 4.64 4.87 4.84 4.92 5.50 5.90 5.51 5.51 6.08 6.02 5.39
6.90 7.51 8.01 8.86 8.39 7.84 6.99 6.74 6.86 8.07 8.37 6.94 7.14 8.36 8.29 7.22 7.24 6.37 6.60 5.77 5.40 5.57 6.03 5.26 5.25 7.18 6.29 6.98 6.26 6.25 6.56 7.08 8.39 8.11 7.41 7.80 7.92 7.46 6.84 6.90 7.32 6.90 7.45 6.91 5.76 6.70 7.28 7.26 6.85 8.25 7.32 6.85 6.77 7.27 5.90 5.11 5.17 5.13 4.21 3.73 4.47 3.96 3.90 3.62 4.37 4.78 4.92 4.87 4.84 4.92 5.50 5.50 5.51 5.51 5.51 5.39 5.39
6.82 7.50 7.88 7.27 6.91 6.70 7.02 7.27 7.08 7.33 6.46 6.81 7.00 7.27 6.97 7.12 7.34 7.33 6.18 5.89 5.56 6.37 6.16 5.16 5.78 6.23 6.22 6.96 5.96 5.96 6.61 8.49 8.69 8.77 8.36 7.80 7.92 7.46 6.84 6.90 7.32 6.90 7.45 6.91 5.76 6.70 7.28 7.26 6.85 6.85 7.32 6.85 6.77 7.27 5.90 5.11 5.17 5.13 4.21 3.73 4.47 3.96 3.90 3.62 4.37 4.92 4.92 4.92 4.84 4.92 5.50 5.50 5.50 5.51 5.51 5.39 5.39
6.59 7.14 7.51 7.61 6.38 6.64 7.37 7.80 7.00 6.65 6.64 6.16 5.89 6.76 6.63 7.16 7.89 7.80 7.72 7.46 7.52 6.96 6.93 6.10 6.45 6.98 6.68 6.98 6.77 7.71 6.61 8.49 8.69 8.77 8.36 8.36 7.92 7.46 6.84 6.90 7.32 6.90 7.45 6.91 5.76 6.70 7.28 7.26 6.85 6.85 6.85 6.85 6.77 7.27 5.90 5.11 5.17 5.13 4.21 3.73 4.47 3.96 3.90 3.62 4.92 4.92 4.92 4.92 4.92 4.92 5.50 5.50 5.50 5.51 5.51 5.39 5.39
6.81 6.95 7.01 7.91 7.27 7.19 7.45 7.72 6.92 6.06 6.63 6.50 6.73 6.85 6.71 7.74 8.26 8.93 8.24 8.60 7.42 7.34 6.59 6.03 6.87 7.32 7.04 7.77 6.77 7.71 7.71 8.49 8.69 8.77 8.36 8.36 8.36 7.46 6.84 6.90 7.32 6.90 7.45 6.91 5.76 6.70 7.28 7.26 6.85 6.85 6.85 6.85 6.77 7.27 5.90 5.11 5.17 5.13 4.21 3.73 4.47 3.96 3.90 3.62 4.92 4.92 4.92 4.92 4.92 4.92 5.50 5.50 5.50 5.50 5.51 5.39 6.76
6.47 6.68 6.51 7.92 8.80 8.67 8.45 7.99 7.03 6.29 6.70 7.41 7.59 7.32 7.22 7.78 7.73 8.39 9.15 8.90 7.71 6.98 7.20 6.61 7.09 7.61 7.04 7.77 7.77 7.71 7.71 7.71 8.69 8.77 8.36 8.36 8.36 7.46 6.84 6.90 7.32 6.90 7.45 6.91 5.76 6.70 7.28 7.26 6.85 6.85 6.85 6.85 6.77 7.27 5.90 5.11 5.17 5.13 4.21 3.73 4.47 3.96 3.90 3.62 4.92 4.92 4.92 4.92 4.92 4.92 5.50 5.50 5.50 5.50 5.51 5.39 6.76
6.61 7.26 7.50 7.61 8.05 8.81 8.28 7.99 7.76 7.38 7.00 7.00 7.43 7.21 7.23 8.23 7.30 7.73 8.34 9.43 8.66 7.05 7.85 6.70 7.09 7.61 7.61 7.77 7.77 7.77 7.71 7.71 8.69 8.77 8.36 8.36 8.36 7.46 6.84 6.90 7.32 6.90 7.45 6.91 5.76 6.70 7.28 7.26 6.85 6.85 6.85 6.85 6.77 7.27 5.90 5.11 5.17 5.13 4.21 3.73 4.47 3.96 3.90 4.92 4.92 4.92 4.92 4.92 4.92 4.92 5.50 5.50 5.50 5.50 5.50 6.76 6.76
6.95 8.14 8.63 7.87 7.80 8.06 8.22 8.12 8.04 8.22 7.32 7.06 7.20 6.76 7.48 7.87 7.13 7.63 8.31 8.24 7.85 7.05 7.85 6.70 6.70 7.61 7.61 7.61 7.77 7.77 7.71 7.71 8.69 8.77 8.36 8.36 8.36 8.36 6.84 6.90 7.32 6.90 7.45 6.91 5.76 6.70 7.28 7.26 6.85 6.85 6.85 6.85 6.77 7.27 5.90 5.11 5.17 5.13 4.21 3.73 4.47 3.96 3.90 4.92 4.92 4.92 4.92 4.92 4.92 4.92 5.50 5.50 5.50 5.50 5.50 6.76 6.76
7.04 7.32 7.97 7.62 6.35 6.94 7.08 7.16 6.05 6.15 6.23 6.25 7.17 7.24 7.08 7.98 6.73 6.85 7.61 8.24 7.85 7.85 7.85 6.70 6.70 6.70 7.61 7.61 7.77 7.77 7.77 7.71 7.71 8.77 8.36 8.36 8.36 8.36 6.84 6.90 7.32 6.90 7.45 6.91 5.76 6.70 7.28 7.26 6.85 6.85 6.85 6.85 6.77 7.27 5.90 5.11 5.17 5.13 4.21 3.73 4.47 3.96 3.90 4.92 4.92 4.92 4.92 4.92 4.92 4.92 5.50 5.50 5.50 5.50 5.50 6.76 6.76
6.31 6.71 6.76 6.42 5.90 6.43 6.93 6.74 6.05 5.66 5.82 6.00 5.77 6.02 6.75 6.82 6.73 6.85 7.61 7.61 7.85 7.85 7.85 6.70 6.70 6.70 7.61 7.61 7.61 7.77 7.77 7.71 7.71 8.77 8.36 8.36 8.36 8.36 6.84 6.90 7.32 6.90 7.45 6.91 5.76 6.70 7.28 7.26 6.85 6.85 6.85 6.85 6.85 7.27 5.90 5.11 5.17 5.13 4.21 3.73 4.47 3.96 4.92 4.92 4.92 4.92 4.92 4.92 4.92 4.92 4.92 5.50 5.50 5.50 5.50 6.76 6.76
6.68 6.16 6.43 6.80 6.52 6.57 6.52 7.09 6.63 5.79 5.58 5.86 5.49 6.02 6.75 6.82 6.82 6.85 7.61 7.61 7.61 7.85 7.85 6.70 6.70 6.70 6.70 7.61 7.61 7.77 7.77 7.77 7.71 8.77 8.36 8.36 8.36 8.36 8.36 6.90 7.32 6.90 7.45 6.91 5.76 6.70 7.28 7.26 6.85 6.85 6.85 6.85 6.85 7.27 5.90 5.11 5.17 5.13 4.21 3.73 4.47 3.96 4.92 4.92 4.92 4.92 4.92 4.92 4.92 4.92 4.92 5.50 5.50 5.50 5.50 6.76 6.76
8.39 8.08 7.39 6.47 6.89 6.80 6.42 7.11 7.36 5.79 5.58 5.86 5.49 5.49 6.75 6.82 6.82 6.82 7.61 7.61 7.61 7.85 7.85 6.70 6.70 6.70 6.70 7.61 7.61 7.61 7.77 7.77 7.71 7.71 8.36 8.36 8.36 8.36 8.36 6.90 7.32 6.90 7.45 6.91 5.76 6.70 7.28 7.26 6.85 6.85 6.85 6.85 6.85 6.85 6.85 6.85 6.85 6.85 4.92 4.92 4.92 4.92 4.92 4.92 4.92 4.92 4.92 4.92 4.92 4.92 4.92 4.92 4.92 4.92 4.92 5.05 5.05
