main/data/irradiance/26.03.2023.grid
ncols 839
nrows 679
xllcenter 112.0500
yllcenter -43.9500
cellsize 0.0500
nodata_value 99999.90
[rows 170 to 203 of 679, columns 308 to 384 of 839]
24.70 24.65 24.70 24.70 24.72 24.71 24.71 24.71 24.70 24.67 24.49 24.54 24.54 24.50 24.03 23.72 24.07 24.16 24.10 23.75 23.94 23.83 23.53 23.79 24.26 23.81 23.58 23.88 23.93 24.42 24.62 24.60 24.42 24.37 24.57 24.75 24.73 24.56 24.49 24.49 24.55 24.67 24.68 24.72 24.73 24.70 24.74 24.75 24.74 24.68 24.69 24.74 24.70 24.79 24.80 24.80 24.83 24.84 24.83 24.83 24.82 24.85 24.84 24.84 24.82 24.83 24.81 24.86 24.84 24.81 24.83 24.84 24.84 24.85 24.81 24.81 24.81
24.65 24.62 24.70 24.65 24.48 24.55 24.63 24.69 24.66 24.63 24.64 24.72 24.72 24.56 24.45 23.99 24.37 24.34 23.93 23.74 23.60 23.83 24.02 24.12 24.23 24.07 23.47 23.71 24.00 24.29 24.40 24.55 24.57 24.51 24.67 24.69 24.61 24.63 24.59 24.27 24.38 24.62 24.66 24.71 24.75 24.75 24.73 24.70 24.78 24.72 24.69 24.74 24.75 24.76 24.80 24.82 24.81 24.88 24.83 24.83 24.83 24.81 24.79 24.82 24.82 24.83 24.82 24.83 24.81 24.80 24.81 24.83 24.85 24.83 24.82 24.80 24.80
24.40 24.52 24.61 24.33 24.16 24.29 24.55 24.62 24.70 24.69 24.70 24.69 24.69 24.57 24.56 24.50 24.46 24.36 24.10 23.92 23.66 23.88 23.97 24.53 24.40 24.36 24.19 24.29 24.35 24.38 24.50 24.57 24.61 24.57 24.54 24.58 24.49 24.62 24.64 24.33 24.46 24.68 24.70 24.70 24.75 24.74 24.75 24.75 24.70 24.73 24.79 24.75 24.73 24.74 24.77 24.80 24.80 24.83 24.81 24.80 24.82 24.79 24.80 24.81 24.81 24.79 24.78 24.79 24.79 24.82 24.80 24.82 24.83 24.84 24.81 24.79 24.78
24.34 24.52 24.43 24.01 24.10 24.16 24.28 24.40 24.53 24.59 24.58 24.54 24.57 24.41 24.47 24.40 24.38 24.30 24.02 23.86 23.84 24.31 24.53 24.39 24.30 24.44 24.36 24.36 24.33 24.43 24.47 24.53 24.53 24.55 24.55 24.57 24.60 24.67 24.70 24.57 24.57 24.66 24.72 24.68 24.69 24.72 24.75 24.75 24.71 24.70 24.77 24.83 24.76 24.76 24.79 24.75 24.78 24.78 24.77 24.78 24.80 24.79 24.76 24.76 24.76 24.76 24.78 24.77 24.78 24.77 24.82 24.82 24.78 24.81 24.80 24.78 24.76
24.36 24.36 24.27 24.07 24.10 24.25 24.04 24.36 24.25 24.33 24.35 24.49 24.56 24.37 24.33 24.35 24.41 24.36 24.23 24.32 24.47 24.48 24.48 24.54 24.43 24.43 24.47 24.42 24.44 24.47 24.39 24.52 24.63 24.71 24.63 24.62 24.52 24.67 24.67 24.62 24.66 24.68 24.69 24.70 24.65 24.67 24.64 24.69 24.73 24.73 24.76 24.76 24.73 24.76 24.75 24.74 24.77 24.76 24.78 24.80 24.81 24.80 24.78 24.71 24.71 24.75 24.74 24.76 24.73 24.74 24.79 24.78 24.75 24.75 24.77 24.76 24.71
24.43 24.30 24.29 24.08 24.31 24.39 24.08 24.19 24.22 24.30 24.23 24.35 24.43 24.31 24.24 24.16 24.31 24.35 24.43 24.49 24.49 24.48 24.51 24.53 24.54 24.51 24.54 24.56 24.54 24.53 24.57 24.58 24.62 24.60 24.63 24.56 24.59 24.57 24.56 24.65 24.67 24.72 24.73 24.73 24.67 24.68 24.62 24.59 24.71 24.72 24.70 24.75 24.73 24.74 24.71 24.76 24.75 24.74 24.79 24.84 24.80 24.78 24.76 24.76 24.75 24.74 24.76 24.77 24.79 24.79 24.77 24.75 24.75 24.74 24.74 24.71 24.75
24.34 24.30 24.21 24.23 24.16 24.27 24.24 24.28 24.13 24.08 24.20 24.11 24.24 24.51 24.28 24.28 24.39 24.44 24.52 24.57 24.53 24.53 24.41 24.52 24.54 24.58 24.58 24.57 24.63 24.66 24.68 24.74 24.72 24.69 24.72 24.70 24.69 24.70 24.69 24.66 24.69 24.66 24.69 24.68 24.68 24.68 24.70 24.69 24.69 24.67 24.74 24.71 24.73 24.71 24.69 24.71 24.68 24.74 24.74 24.78 24.78 24.75 24.76 24.77 24.74 24.75 24.72 24.73 24.72 24.74 24.73 24.72 24.73 24.73 24.73 24.72 24.73
24.20 24.04 24.14 24.23 24.27 24.25 24.29 24.24 24.20 24.29 24.31 24.28 24.43 24.53 24.39 24.24 24.43 24.46 24.51 24.50 24.55 24.53 24.52 24.59 24.62 24.63 24.59 24.58 24.58 24.64 24.67 24.71 24.69 24.70 24.70 24.73 24.71 24.72 24.77 24.73 24.69 24.70 24.65 24.67 24.66 24.69 24.67 24.67 24.70 24.69 24.72 24.72 24.69 24.73 24.72 24.74 24.72 24.67 24.76 24.72 24.72 24.74 24.74 24.73 24.68 24.70 24.69 24.68 24.70 24.73 24.71 24.71 24.72 24.73 24.74 24.71 24.72
24.27 24.19 24.22 24.24 24.35 24.29 24.35 24.33 24.51 24.49 24.44 24.51 24.53 24.53 24.30 24.26 24.35 24.54 24.61 24.57 24.61 24.53 24.52 24.54 24.59 24.65 24.68 24.55 24.53 24.59 24.61 24.65 24.71 24.71 24.73 24.73 24.68 24.70 24.73 24.70 24.69 24.67 24.59 24.60 24.64 24.64 24.60 24.69 24.72 24.64 24.66 24.67 24.68 24.73 24.71 24.73 24.73 24.69 24.71 24.75 24.72 24.75 24.74 24.65 24.67 24.68 24.72 24.68 24.70 24.70 24.70 24.70 24.72 24.72 24.73 24.72 24.73
24.14 24.31 24.25 24.30 24.37 24.42 24.30 24.42 24.42 24.45 24.47 24.61 24.59 24.58 24.59 24.30 24.24 24.50 24.56 24.54 24.55 24.58 24.63 24.62 24.61 24.54 24.48 24.52 24.49 24.56 24.60 24.63 24.65 24.66 24.68 24.71 24.67 24.68 24.70 24.70 24.67 24.67 24.68 24.65 24.65 24.65 24.63 24.64 24.69 24.63 24.67 24.66 24.69 24.70 24.71 24.70 24.72 24.71 24.75 24.74 24.71 24.74 24.68 24.69 24.66 24.68 24.66 24.66 24.69 24.68 24.69 24.69 24.71 24.70 24.69 24.71 24.73
24.20 24.20 24.11 24.35 24.36 24.38 24.35 24.35 24.38 24.50 24.57 24.60 24.56 24.55 24.47 24.24 23.91 24.40 24.56 24.54 24.56 24.54 24.52 24.60 24.61 24.51 24.65 24.64 24.59 24.61 24.55 24.53 24.56 24.53 24.48 24.62 24.57 24.62 24.63 24.64 24.67 24.66 24.65 24.66 24.65 24.65 24.64 24.64 24.63 24.64 24.58 24.65 24.66 24.70 24.68 24.70 24.69 24.73 24.76 24.73 24.64 24.68 24.69 24.67 24.67 24.68 24.66 24.67 24.66 24.67 24.67 24.68 24.69 24.67 24.67 24.68 24.71
24.18 24.29 24.21 24.24 24.34 24.32 24.37 24.26 24.41 24.40 24.53 24.53 24.46 24.45 24.39 24.09 23.86 24.52 24.46 24.51 24.46 24.46 24.50 24.49 24.51 24.54 24.59 24.56 24.57 24.56 24.52 24.50 24.48 24.57 24.58 24.61 24.57 24.62 24.66 24.65 24.64 24.62 24.61 24.65 24.66 24.60 24.58 24.60 24.61 24.52 24.45 24.62 24.64 24.68 24.67 24.66 24.70 24.70 24.72 24.69 24.62 24.66 24.67 24.66 24.66 24.66 24.66 24.66 24.65 24.66 24.65 24.59 24.64 24.67 24.67 24.68 24.68
24.30 24.49 24.39 24.35 24.40 24.51 24.52 24.43 24.38 24.39 24.43 24.39 24.43 24.43 24.30 24.20 24.27 24.48 24.44 24.52 24.50 24.52 24.43 24.42 24.46 24.52 24.48 24.45 24.44 24.45 24.51 24.54 24.41 24.55 24.62 24.57 24.49 24.53 24.63 24.57 24.58 24.53 24.47 24.58 24.60 24.53 24.55 24.54 24.60 24.41 24.50 24.61 24.60 24.58 24.63 24.66 24.63 24.62 24.66 24.62 24.64 24.66 24.65 24.66 24.65 24.64 24.63 24.61 24.62 24.65 24.55 24.41 24.50 24.62 24.65 24.63 24.65
24.33 24.32 24.36 24.35 24.36 24.39 24.43 24.30 24.31 24.39 24.29 24.20 24.34 24.11 24.08 24.44 24.43 24.48 24.41 24.28 24.40 24.47 24.39 24.39 24.41 24.39 24.45 24.50 24.48 24.52 24.51 24.49 24.49 24.54 24.62 24.23 24.24 24.29 24.45 24.46 24.55 24.51 24.55 24.63 24.53 24.51 24.61 24.60 24.60 24.46 24.47 24.52 24.42 24.62 24.63 24.65 24.64 24.59 24.61 24.62 24.65 24.64 24.59 24.61 24.64 24.64 24.63 24.62 24.56 24.64 24.51 24.55 24.62 24.65 24.64 24.65 24.66
24.33 24.24 24.14 24.13 24.32 24.35 24.32 24.26 24.30 24.30 24.10 24.25 24.40 23.97 24.11 24.04 24.26 24.37 24.41 24.27 24.42 24.46 24.43 24.44 24.47 24.46 24.48 24.46 24.48 24.48 24.38 24.34 24.38 24.54 24.55 24.45 24.27 24.37 24.40 24.50 24.54 24.58 24.60 24.61 24.52 24.56 24.60 24.61 24.59 24.47 24.36 24.51 24.55 24.59 24.58 24.60 24.62 24.62 24.59 24.60 24.63 24.64 24.62 24.61 24.61 24.62 24.64 24.64 24.63 24.63 24.59 24.63 24.63 24.63 24.63 24.63 24.64
24.20 24.26 24.24 24.19 24.30 24.36 24.48 24.33 24.33 24.23 23.96 24.03 24.16 24.05 23.87 23.89 24.26 24.35 24.28 24.36 24.36 24.44 24.45 24.45 24.39 24.39 24.39 24.40 24.44 24.45 24.54 24.58 24.59 24.54 24.49 24.51 24.46 24.45 24.44 24.50 24.47 24.51 24.55 24.52 24.53 24.50 24.54 24.58 24.58 24.41 24.19 24.46 24.57 24.56 24.56 24.58 24.61 24.61 24.60 24.61 24.62 24.64 24.60 24.60 24.61 24.62 24.62 24.62 24.63 24.65 24.63 24.62 24.57 24.64 24.63 24.64 24.65
24.36 24.33 24.38 24.39 24.37 24.39 24.39 24.55 24.65 24.23 24.10 24.09 24.08 23.99 23.96 24.03 24.15 24.23 24.23 24.24 24.27 24.31 24.24 24.16 24.30 24.24 24.23 24.47 24.44 24.39 24.44 24.39 24.53 24.50 24.42 24.40 24.41 24.23 24.43 24.44 24.47 24.52 24.54 24.33 24.48 24.53 24.54 24.51 24.51 24.47 24.37 24.49 24.48 24.48 24.50 24.51 24.57 24.57 24.58 24.57 24.55 24.61 24.59 24.57 24.60 24.63 24.64 24.64 24.59 24.59 24.61 24.52 24.64 24.64 24.63 24.61 24.62
24.26 24.32 24.35 24.33 24.29 24.21 24.18 24.26 24.27 24.22 24.04 24.06 24.05 23.96 24.03 24.07 23.96 24.00 24.17 24.30 24.37 24.34 24.31 24.24 24.32 24.18 24.34 24.41 24.29 24.38 24.43 24.46 24.31 24.35 24.34 24.37 24.13 24.28 24.37 24.36 24.42 24.47 24.41 24.42 24.47 24.39 24.53 24.46 24.48 24.40 24.38 24.42 24.52 24.49 24.47 24.53 24.54 24.54 24.58 24.56 24.56 24.57 24.57 24.56 24.56 24.58 24.58 24.56 24.56 24.59 24.56 24.59 24.60 24.62 24.62 24.63 24.61
24.39 24.29 24.22 24.26 24.14 24.15 24.05 24.18 24.19 24.14 24.10 24.00 24.00 24.08 24.10 24.19 24.16 24.18 24.22 24.32 24.35 24.31 24.29 24.32 24.36 24.18 24.37 24.29 24.33 24.36 24.46 24.42 24.37 24.30 24.35 24.30 24.18 24.35 24.41 24.44 24.39 24.37 24.37 24.33 24.48 24.49 24.46 24.41 24.44 24.36 24.43 24.45 24.50 24.50 24.43 24.51 24.52 24.52 24.55 24.51 24.55 24.57 24.55 24.55 24.51 24.50 24.53 24.56 24.55 24.56 24.54 24.60 24.57 24.58 24.59 24.58 24.57
24.40 24.34 24.25 24.15 24.08 24.03 24.07 24.19 24.20 24.05 24.00 24.06 24.23 24.24 24.23 24.25 24.21 24.21 24.30 24.26 24.34 24.43 24.40 24.26 24.25 24.43 24.27 24.38 24.36 24.30 24.34 24.31 24.17 24.46 24.40 24.28 24.29 24.32 24.36 24.38 24.29 24.26 24.41 24.45 24.40 24.29 24.41 24.33 24.39 24.36 24.38 24.46 24.50 24.45 24.51 24.43 24.52 24.55 24.51 24.47 24.49 24.48 24.50 24.54 24.52 24.53 24.40 24.37 24.43 24.56 24.57 24.55 24.53 24.52 24.50 24.54 24.54
24.31 24.27 24.19 24.24 24.13 24.17 24.20 24.21 24.19 24.07 24.13 24.14 24.23 24.17 24.23 24.21 24.11 24.27 24.25 24.24 24.26 24.28 24.32 24.40 24.47 24.51 24.51 24.38 24.21 24.28 24.23 24.30 24.33 24.17 24.33 24.25 24.26 24.27 24.23 24.31 24.41 24.37 24.36 24.25 24.13 24.35 24.36 24.34 24.45 24.46 24.52 24.50 24.53 24.49 24.52 24.50 24.53 24.53 24.49 24.36 24.34 24.52 24.54 24.54 24.53 24.51 24.46 24.48 24.47 24.52 24.56 24.47 24.47 24.49 24.49 24.49 24.48
24.25 24.20 24.22 24.19 24.02 23.98 24.07 23.77 23.66 23.85 24.03 24.13 24.15 24.22 24.22 24.19 24.14 24.23 24.32 24.23 24.27 24.31 24.39 24.33 24.27 24.19 24.37 24.30 24.33 24.40 24.32 24.31 24.39 24.23 24.28 24.32 24.30 24.18 24.22 24.29 24.30 24.40 24.50 24.47 24.38 24.42 24.28 24.45 24.48 24.47 24.52 24.49 24.52 24.53 24.49 24.51 24.52 24.50 24.53 24.50 24.53 24.52 24.52 24.55 24.43 24.36 24.41 24.50 24.54 24.54 24.53 24.49 24.52 24.51 24.49 24.46 24.50
24.25 24.27 24.20 24.03 23.85 23.85 23.97 24.05 24.04 24.02 24.05 24.05 24.19 24.29 24.30 24.16 24.12 24.32 24.24 24.21 24.20 24.33 24.39 24.38 24.33 24.35 24.23 24.11 24.09 24.37 24.44 24.52 24.52 24.39 24.17 24.26 24.36 24.37 24.24 24.27 24.34 24.29 24.43 24.45 24.47 24.51 24.41 24.51 24.48 24.49 24.49 24.52 24.53 24.55 24.55 24.54 24.53 24.50 24.36 24.34 24.49 24.54 24.54 24.56 24.54 24.46 24.50 24.50 24.55 24.54 24.53 24.53 24.53 24.53 24.53 24.53 24.56
24.10 23.93 24.18 23.89 24.02 24.22 24.37 24.15 23.90 24.07 24.21 24.15 24.29 24.39 24.27 24.34 24.29 24.22 24.15 24.27 24.39 24.46 24.42 24.30 24.26 24.35 24.28 24.22 24.23 24.32 24.37 24.44 24.40 24.40 24.26 24.30 24.28 24.29 24.19 24.20 24.27 24.33 24.42 24.45 24.44 24.45 24.45 24.36 24.34 24.47 24.50 24.51 24.50 24.53 24.54 24.54 24.52 24.52 24.44 24.35 24.47 24.32 24.52 24.57 24.53 24.51 24.52 24.55 24.57 24.58 24.58 24.59 24.57 24.55 24.54 24.52 24.55
23.65 23.80 23.92 24.05 24.00 24.21 24.25 24.25 24.22 24.18 24.19 24.26 24.28 24.23 24.22 24.36 24.29 24.17 24.28 24.20 24.31 24.41 24.36 24.35 24.33 24.31 24.38 24.30 24.24 24.34 24.27 24.27 24.30 24.18 24.07 24.19 24.22 24.22 24.28 24.10 24.20 24.23 24.28 24.32 24.35 24.30 24.28 24.38 24.44 24.38 24.51 24.52 24.51 24.53 24.52 24.53 24.50 24.45 24.36 24.40 24.38 24.42 24.52 24.53 24.53 24.48 24.52 24.56 24.60 24.58 24.55 24.57 24.57 24.55 24.53 24.55 24.55
23.92 24.30 24.18 24.30 24.29 24.23 24.31 24.22 24.21 24.34 24.24 24.23 24.28 24.36 24.33 24.21 24.29 24.27 24.33 24.34 24.37 24.27 24.24 24.27 24.23 24.17 24.30 24.29 24.14 24.29 24.25 24.26 24.35 24.27 24.32 24.17 24.22 24.32 24.23 24.12 24.22 24.32 24.29 24.30 24.36 24.29 24.40 24.41 24.43 24.49 24.53 24.53 24.53 24.53 24.50 24.46 24.36 24.36 24.34 24.50 24.51 24.49 24.60 24.52 24.51 24.46 24.54 24.56 24.57 24.56 24.56 24.55 24.54 24.54 24.50 24.56 24.55
23.99 24.23 24.32 24.47 24.41 24.25 24.09 24.13 24.24 24.21 24.17 24.14 24.28 24.19 24.27 24.23 24.28 24.28 24.22 24.24 24.14 24.16 24.05 24.19 24.26 24.28 24.24 24.31 24.25 24.32 24.24 24.29 24.39 24.35 24.19 24.22 24.32 24.36 24.28 24.21 24.28 24.29 24.32 24.36 24.36 24.36 24.30 24.30 24.33 24.46 24.50 24.50 24.53 24.52 24.50 24.45 24.47 24.38 24.36 24.49 24.51 24.55 24.58 24.49 24.51 24.47 24.44 24.47 24.53 24.57 24.52 24.55 24.58 24.57 24.55 24.54 24.54
23.97 24.20 24.28 24.30 24.18 24.12 24.13 24.09 24.25 24.13 24.14 23.97 24.27 24.30 24.26 24.30 24.16 24.24 24.24 24.02 24.06 24.03 24.07 24.24 24.32 24.34 24.18 24.20 24.27 24.28 24.27 24.27 24.42 24.37 24.30 24.28 24.33 24.30 24.29 24.31 24.27 24.23 24.27 24.30 24.36 24.36 24.32 24.40 24.29 24.34 24.43 24.46 24.47 24.50 24.50 24.48 24.44 24.26 24.24 24.37 24.50 24.40 24.25 24.39 24.47 24.47 24.41 24.50 24.50 24.54 24.56 24.58 24.59 24.57 24.57 24.56 24.56
24.05 24.11 24.16 24.18 24.04 24.07 23.86 23.79 23.66 24.22 24.29 24.16 24.25 24.17 24.23 24.24 24.22 24.22 24.13 24.10 24.02 24.09 24.23 24.26 24.33 24.33 24.19 24.16 24.14 24.21 24.23 24.23 24.26 24.21 24.19 24.25 24.29 24.27 24.26 24.16 24.17 24.14 24.15 24.25 24.31 24.30 24.31 24.31 24.28 24.32 24.45 24.51 24.46 24.49 24.50 24.37 24.27 24.13 24.33 24.39 24.39 24.49 24.48 24.42 24.41 24.34 24.29 24.39 24.51 24.52 24.54 24.55 24.54 24.55 24.54 24.55 24.56
24.07 23.99 23.78 23.67 23.73 23.75 23.91 23.73 23.79 23.89 24.41 24.38 24.31 24.18 24.18 24.10 24.12 24.15 24.10 24.17 24.12 24.12 24.16 24.17 24.23 24.26 24.18 24.15 24.12 24.17 24.16 24.20 24.20 24.16 24.04 24.02 24.18 24.21 24.18 24.05 24.06 24.10 24.24 24.32 24.30 24.22 24.24 24.23 24.30 24.28 24.27 24.41 24.36 24.38 24.39 24.38 24.17 24.26 24.39 24.45 24.47 24.47 24.46 24.45 24.38 24.41 24.41 24.42 24.48 24.46 24.49 24.51 24.51 24.51 24.49 24.52 24.54
23.99 23.78 23.76 23.98 23.95 23.84 23.72 23.78 24.06 24.04 24.24 24.36 24.32 24.33 24.27 24.15 24.09 24.23 24.26 24.24 24.25 24.22 24.08 23.96 24.02 24.19 24.09 24.09 24.11 24.14 24.16 24.12 24.14 24.07 24.00 24.07 24.15 24.20 24.14 24.05 24.01 24.04 24.24 24.32 24.21 24.17 24.18 24.15 24.21 24.21 24.25 24.32 24.24 24.33 24.37 24.40 24.32 24.39 24.36 24.44 24.44 24.43 24.43 24.36 24.45 24.47 24.50 24.47 24.47 24.47 24.48 24.47 24.47 24.51 24.52 24.51 24.52
23.24 23.23 23.43 23.88 23.83 23.88 23.91 23.75 23.77 23.61 24.05 24.09 24.26 24.23 24.08 24.01 23.91 23.89 24.12 24.08 23.99 24.24 24.11 23.90 23.98 24.05 24.08 24.08 24.10 24.06 24.13 24.13 24.08 24.07 24.02 24.04 24.13 24.19 24.08 23.92 23.95 23.98 24.10 23.96 24.07 24.10 24.08 24.05 24.05 24.15 24.22 24.27 24.28 24.34 24.38 24.24 24.32 24.36 24.28 24.33 24.26 24.34 24.42 24.43 24.44 24.47 24.48 24.45 24.43 24.37 24.38 24.46 24.49 24.49 24.52 24.53 24.49
23.32 23.62 23.75 23.94 23.77 23.56 23.80 23.65 23.22 23.05 23.76 24.11 24.10 24.04 24.09 24.11 23.91 23.88 24.04 24.00 23.90 23.94 24.03 23.83 23.44 23.95 24.11 24.12 24.14 24.07 24.08 24.15 24.10 24.03 24.01 24.08 24.12 24.15 24.02 24.01 24.12 23.86 23.91 23.99 23.93 24.03 23.91 23.99 24.01 24.06 24.11 24.20 24.05 24.18 24.29 24.03 24.15 24.29 24.37 24.31 24.22 24.24 24.19 24.39 24.39 24.40 24.41 24.30 24.38 24.18 24.31 24.27 24.42 24.48 24.51 24.52 24.48
24.52 24.30 23.92 23.92 23.80 23.75 23.73 23.60 23.58 23.51 23.44 23.80 24.05 23.99 24.26 24.18 24.00 23.94 24.05 24.11 24.05 23.96 23.98 24.08 24.05 24.18 24.22 24.12 24.15 24.15 24.12 24.16 24.24 24.04 24.03 24.08 24.10 24.16 24.10 24.14 24.25 24.11 24.06 24.07 24.04 24.07 24.02 23.97 24.04 24.03 24.14 24.08 23.93 23.94 23.94 24.00 24.20 24.30 24.30 24.25 24.23 24.30 24.28 24.34 24.32 24.42 24.41 24.23 24.20 24.16 24.27 24.18 24.22 24.41 24.49 24.47 24.36
