main/data/irradiance/26.08.2023.grid
ncols 839
nrows 679
xllcenter 112.0500
yllcenter -43.9500
cellsize 0.0500
nodata_value 99999.90
[rows 306 to 339 of 679, columns 308 to 384 of 839]
19.81 19.77 19.75 19.81 19.83 19.83 19.81 19.76 19.74 19.69 19.68 19.71 19.83 19.86 19.85 19.77 19.76 19.76 19.80 19.87 19.89 19.92 19.88 19.86 19.85 19.89 19.87 19.82 19.86 19.81 19.82 19.84 19.88 19.84 19.88 19.95 19.97 19.92 19.89 19.93 19.96 19.96 19.94 19.99 20.00 20.05 20.01 19.97 19.94 20.00 19.98 20.03 20.07 20.03 19.96 19.97 19.87 19.86 19.89 19.87 19.89 19.90 19.89 19.92 19.90 19.91 19.93 19.91 19.91 19.85 19.90 19.95 19.96 19.97 20.03 20.02 19.97
19.78 19.78 19.72 19.72 19.75 19.75 19.75 19.69 19.70 19.73 19.74 19.76 19.80 19.83 19.78 19.73 19.76 19.83 19.80 19.85 19.85 19.86 19.84 19.88 19.89 19.85 19.88 19.73 19.76 19.77 19.84 19.84 19.90 19.92 19.93 19.99 19.99 19.99 19.95 19.92 19.98 20.00 19.95 19.94 19.95 19.98 19.92 19.93 19.98 20.00 20.05 20.04 20.03 20.02 19.93 19.87 19.90 19.90 19.95 19.90 19.86 19.89 19.98 19.94 20.01 19.97 19.95 19.92 19.87 19.85 19.89 19.87 19.93 19.93 19.96 20.03 20.00
19.72 19.71 19.73 19.69 19.72 19.73 19.70 19.69 19.72 19.71 19.70 19.71 19.74 19.74 19.73 19.72 19.75 19.88 19.87 19.87 19.80 19.84 19.86 19.90 19.91 19.82 19.84 19.75 19.73 19.75 19.82 19.89 19.86 19.85 19.89 19.91 19.94 19.96 19.92 19.92 19.96 19.92 19.91 19.93 19.94 19.96 19.96 19.95 19.95 20.01 19.99 19.94 19.93 19.98 19.91 19.85 19.91 19.95 19.93 19.88 19.88 19.94 19.87 19.86 19.90 19.99 20.01 19.99 19.89 19.87 19.84 19.87 19.89 19.90 19.88 19.95 19.98
19.74 19.71 19.70 19.64 19.67 19.69 19.71 19.70 19.72 19.73 19.73 19.73 19.77 19.76 19.73 19.74 19.73 19.76 19.81 19.83 19.75 19.72 19.78 19.75 19.77 19.81 19.77 19.73 19.76 19.74 19.74 19.82 19.84 19.82 19.86 19.88 19.88 19.86 19.86 19.88 19.91 19.89 19.91 19.91 19.96 19.99 19.98 19.97 19.92 19.98 19.96 19.93 19.95 19.93 19.95 20.00 19.97 19.93 19.87 19.83 19.88 19.80 19.90 19.92 19.98 20.01 19.94 19.92 19.90 19.92 19.94 19.95 19.90 19.93 19.93 19.95 19.96
19.68 19.71 19.71 19.68 19.69 19.76 19.74 19.73 19.77 19.73 19.72 19.71 19.73 19.77 19.72 19.77 19.74 19.75 19.71 19.72 19.71 19.68 19.68 19.71 19.78 19.82 19.86 19.83 19.79 19.78 19.80 19.81 19.82 19.80 19.76 19.80 19.80 19.76 19.79 19.85 19.89 19.90 19.90 19.93 19.96 19.94 19.94 19.97 19.92 19.88 19.91 19.90 19.86 19.86 19.91 19.95 19.92 19.93 19.95 19.89 19.85 19.85 19.89 19.84 19.99 20.03 19.98 19.92 19.88 19.83 19.86 19.91 19.89 19.86 19.90 19.95 19.94
19.71 19.71 19.70 19.67 19.65 19.70 19.71 19.67 19.68 19.70 19.71 19.73 19.66 19.67 19.69 19.78 19.74 19.72 19.72 19.73 19.69 19.69 19.69 19.76 19.74 19.75 19.78 19.76 19.73 19.84 19.78 19.77 19.75 19.71 19.64 19.71 19.75 19.74 19.77 19.80 19.86 19.88 19.84 19.90 19.90 19.92 19.90 19.94 19.91 19.92 19.81 19.86 19.91 19.89 19.85 19.97 19.86 19.91 19.91 19.93 19.87 19.82 19.92 19.89 19.96 19.89 20.00 19.91 19.91 19.92 19.86 19.83 19.82 19.81 19.84 19.87 19.91
19.72 19.71 19.70 19.67 19.67 19.68 19.68 19.68 19.69 19.65 19.70 19.69 19.64 19.62 19.68 19.70 19.71 19.67 19.69 19.74 19.70 19.71 19.74 19.73 19.74 19.76 19.70 19.73 19.72 19.77 19.77 19.80 19.79 19.70 19.73 19.73 19.76 19.75 19.77 19.77 19.77 19.81 19.88 19.91 19.85 19.84 19.89 19.87 19.86 19.89 19.81 19.74 19.83 19.84 19.86 19.93 19.83 19.87 19.89 19.89 19.89 19.87 19.83 19.84 19.90 19.84 19.91 19.93 19.86 19.84 19.84 19.86 19.83 19.81 19.78 19.81 19.84
19.69 19.69 19.72 19.69 19.66 19.65 19.67 19.68 19.72 19.64 19.69 19.66 19.63 19.67 19.62 19.68 19.70 19.69 19.71 19.67 19.62 19.62 19.73 19.66 19.71 19.69 19.71 19.75 19.72 19.75 19.71 19.72 19.70 19.70 19.70 19.71 19.74 19.78 19.82 19.77 19.78 19.79 19.79 19.82 19.78 19.80 19.85 19.81 19.84 19.82 19.74 19.77 19.75 19.77 19.79 19.82 19.83 19.81 19.84 19.87 19.89 19.88 19.82 19.80 19.83 19.83 19.90 19.92 19.90 19.84 19.81 19.85 19.80 19.81 19.88 19.82 19.80
19.69 19.69 19.70 19.67 19.67 19.65 19.68 19.68 19.74 19.74 19.67 19.62 19.65 19.65 19.68 19.78 19.73 19.72 19.76 19.69 19.65 19.68 19.81 19.68 19.68 19.67 19.69 19.75 19.76 19.74 19.72 19.74 19.69 19.62 19.58 19.67 19.73 19.75 19.77 19.80 19.75 19.74 19.71 19.71 19.74 19.73 19.73 19.72 19.76 19.75 19.73 19.75 19.71 19.72 19.70 19.78 19.78 19.82 19.84 19.87 19.91 19.88 19.96 19.89 19.82 19.84 19.85 19.87 19.80 19.77 19.83 19.83 19.77 19.78 19.78 19.85 19.80
19.73 19.76 19.73 19.66 19.67 19.65 19.64 19.64 19.65 19.68 19.69 19.70 19.61 19.64 19.69 19.84 19.83 19.74 19.69 19.68 19.61 19.70 19.74 19.70 19.72 19.71 19.69 19.71 19.72 19.65 19.63 19.77 19.75 19.67 19.73 19.74 19.88 19.82 19.75 19.77 19.78 19.74 19.71 19.69 19.72 19.74 19.75 19.69 19.65 19.77 19.77 19.76 19.73 19.75 19.71 19.77 19.78 19.84 19.84 19.78 19.79 19.81 19.91 19.86 19.85 19.89 19.89 19.86 19.84 19.85 19.83 19.85 19.79 19.81 19.78 19.79 19.76
19.71 19.75 19.73 19.70 19.63 19.65 19.66 19.62 19.62 19.67 19.64 19.69 19.68 19.67 19.69 19.76 19.76 19.69 19.66 19.61 19.60 19.65 19.68 19.62 19.66 19.65 19.72 19.72 19.74 19.74 19.70 19.70 19.81 19.76 19.76 19.80 19.85 19.78 19.69 19.76 19.77 19.74 19.66 19.64 19.67 19.72 19.75 19.72 19.73 19.73 19.72 19.74 19.74 19.72 19.69 19.69 19.73 19.74 19.70 19.66 19.69 19.72 19.84 19.84 19.84 19.85 19.81 19.85 19.84 19.83 19.78 19.84 19.85 19.83 19.79 19.77 19.79
19.64 19.68 19.70 19.68 19.62 19.61 19.62 19.62 19.59 19.65 19.65 19.64 19.66 19.67 19.68 19.66 19.61 19.58 19.58 19.60 19.65 19.61 19.68 19.62 19.61 19.67 19.72 19.69 19.76 19.72 19.77 19.74 19.73 19.82 19.82 19.83 19.74 19.75 19.74 19.75 19.78 19.71 19.66 19.63 19.65 19.66 19.67 19.71 19.72 19.71 19.72 19.73 19.76 19.76 19.69 19.68 19.68 19.68 19.66 19.62 19.66 19.68 19.75 19.76 19.74 19.75 19.81 19.82 19.84 19.75 19.76 19.85 19.83 19.81 19.79 19.77 19.78
19.60 19.65 19.69 19.71 19.66 19.62 19.62 19.63 19.65 19.67 19.66 19.69 19.71 19.67 19.65 19.61 19.60 19.58 19.55 19.60 19.61 19.60 19.65 19.54 19.49 19.60 19.61 19.64 19.66 19.62 19.74 19.75 19.70 19.70 19.78 19.83 19.77 19.74 19.79 19.78 19.74 19.71 19.68 19.70 19.68 19.67 19.71 19.70 19.69 19.69 19.77 19.75 19.75 19.77 19.75 19.73 19.68 19.65 19.65 19.66 19.64 19.69 19.68 19.69 19.72 19.79 19.81 19.84 19.80 19.80 19.82 19.85 19.83 19.81 19.80 19.73 19.70
19.54 19.62 19.66 19.67 19.62 19.61 19.61 19.61 19.64 19.66 19.67 19.68 19.71 19.64 19.59 19.58 19.58 19.56 19.53 19.54 19.60 19.52 19.56 19.51 19.51 19.54 19.55 19.57 19.51 19.54 19.60 19.63 19.66 19.74 19.68 19.67 19.74 19.69 19.65 19.64 19.68 19.66 19.71 19.62 19.66 19.66 19.70 19.68 19.67 19.70 19.67 19.69 19.72 19.76 19.75 19.76 19.74 19.66 19.65 19.67 19.68 19.66 19.64 19.60 19.63 19.72 19.82 19.83 19.83 19.83 19.83 19.85 19.83 19.79 19.76 19.70 19.67
19.52 19.58 19.63 19.59 19.60 19.58 19.60 19.63 19.61 19.64 19.61 19.62 19.60 19.58 19.58 19.55 19.56 19.56 19.55 19.54 19.57 19.59 19.53 19.51 19.49 19.48 19.52 19.52 19.50 19.52 19.50 19.56 19.74 19.72 19.70 19.66 19.76 19.74 19.66 19.65 19.56 19.58 19.63 19.45 19.59 19.57 19.60 19.61 19.62 19.68 19.67 19.71 19.70 19.68 19.67 19.72 19.75 19.73 19.67 19.67 19.66 19.61 19.56 19.57 19.64 19.68 19.74 19.77 19.79 19.80 19.81 19.82 19.78 19.75 19.72 19.70 19.70
19.52 19.53 19.57 19.57 19.55 19.49 19.60 19.61 19.61 19.62 19.61 19.60 19.57 19.55 19.55 19.56 19.54 19.52 19.56 19.54 19.55 19.60 19.47 19.44 19.51 19.50 19.48 19.47 19.48 19.50 19.52 19.53 19.53 19.58 19.57 19.58 19.61 19.67 19.72 19.66 19.63 19.64 19.60 19.56 19.51 19.58 19.57 19.53 19.57 19.59 19.62 19.64 19.62 19.58 19.61 19.68 19.69 19.72 19.67 19.72 19.62 19.57 19.56 19.61 19.63 19.68 19.75 19.76 19.78 19.76 19.75 19.75 19.73 19.67 19.69 19.69 19.74
19.53 19.50 19.48 19.53 19.57 19.58 19.55 19.57 19.57 19.58 19.59 19.57 19.58 19.56 19.54 19.54 19.53 19.47 19.43 19.50 19.45 19.49 19.42 19.48 19.54 19.50 19.52 19.48 19.44 19.50 19.52 19.55 19.59 19.60 19.56 19.51 19.53 19.51 19.49 19.53 19.56 19.57 19.60 19.58 19.52 19.50 19.55 19.58 19.56 19.53 19.55 19.54 19.54 19.57 19.55 19.57 19.55 19.56 19.60 19.63 19.60 19.57 19.56 19.58 19.58 19.66 19.75 19.71 19.76 19.74 19.72 19.73 19.66 19.67 19.67 19.72 19.72
19.50 19.53 19.54 19.55 19.52 19.54 19.55 19.53 19.52 19.52 19.54 19.54 19.57 19.55 19.55 19.54 19.53 19.53 19.42 19.39 19.40 19.45 19.40 19.45 19.40 19.40 19.50 19.53 19.49 19.47 19.48 19.48 19.51 19.56 19.60 19.56 19.54 19.51 19.46 19.49 19.46 19.47 19.52 19.54 19.56 19.52 19.56 19.53 19.54 19.53 19.52 19.53 19.49 19.49 19.50 19.51 19.49 19.55 19.55 19.56 19.56 19.55 19.59 19.58 19.63 19.71 19.71 19.73 19.62 19.64 19.73 19.70 19.67 19.63 19.68 19.67 19.67
19.47 19.53 19.55 19.62 19.57 19.49 19.51 19.55 19.54 19.52 19.53 19.55 19.54 19.47 19.49 19.48 19.52 19.57 19.43 19.53 19.46 19.45 19.44 19.34 19.27 19.40 19.53 19.40 19.44 19.44 19.50 19.55 19.57 19.49 19.51 19.50 19.51 19.37 19.36 19.48 19.52 19.49 19.46 19.45 19.52 19.52 19.53 19.47 19.49 19.51 19.52 19.52 19.50 19.49 19.48 19.47 19.48 19.48 19.50 19.50 19.50 19.51 19.58 19.60 19.67 19.74 19.73 19.69 19.66 19.71 19.70 19.65 19.67 19.65 19.68 19.65 19.65
19.47 19.43 19.55 19.55 19.48 19.46 19.47 19.44 19.48 19.45 19.48 19.53 19.53 19.46 19.48 19.47 19.47 19.51 19.47 19.46 19.46 19.52 19.45 19.38 19.35 19.45 19.50 19.47 19.43 19.48 19.49 19.45 19.47 19.48 19.52 19.51 19.51 19.53 19.55 19.50 19.50 19.51 19.50 19.47 19.48 19.51 19.56 19.55 19.57 19.51 19.51 19.48 19.48 19.50 19.49 19.50 19.53 19.53 19.53 19.53 19.55 19.53 19.52 19.58 19.62 19.67 19.68 19.65 19.66 19.65 19.66 19.65 19.66 19.65 19.67 19.68 19.66
19.49 19.41 19.51 19.47 19.43 19.51 19.52 19.42 19.44 19.36 19.33 19.42 19.46 19.45 19.47 19.44 19.45 19.44 19.40 19.31 19.36 19.42 19.44 19.44 19.43 19.35 19.33 19.36 19.41 19.45 19.44 19.43 19.45 19.40 19.44 19.50 19.52 19.48 19.51 19.51 19.51 19.50 19.48 19.46 19.47 19.49 19.50 19.55 19.51 19.49 19.49 19.46 19.43 19.42 19.42 19.44 19.47 19.49 19.48 19.47 19.51 19.48 19.52 19.52 19.53 19.57 19.63 19.62 19.58 19.64 19.64 19.59 19.60 19.66 19.59 19.62 19.64
19.43 19.42 19.43 19.46 19.39 19.46 19.50 19.49 19.52 19.47 19.33 19.38 19.39 19.40 19.44 19.50 19.41 19.41 19.32 19.31 19.31 19.38 19.41 19.44 19.40 19.40 19.36 19.32 19.33 19.40 19.44 19.38 19.39 19.39 19.40 19.40 19.43 19.46 19.49 19.49 19.46 19.39 19.44 19.46 19.48 19.48 19.48 19.45 19.44 19.45 19.46 19.40 19.43 19.39 19.38 19.41 19.45 19.44 19.45 19.44 19.46 19.43 19.50 19.51 19.52 19.49 19.53 19.55 19.55 19.55 19.62 19.59 19.59 19.61 19.64 19.58 19.61
19.46 19.45 19.45 19.44 19.40 19.44 19.48 19.50 19.51 19.48 19.46 19.43 19.41 19.43 19.43 19.46 19.42 19.35 19.23 19.19 19.22 19.30 19.40 19.42 19.40 19.40 19.41 19.28 19.33 19.39 19.44 19.40 19.38 19.39 19.38 19.41 19.43 19.41 19.41 19.40 19.44 19.38 19.38 19.38 19.39 19.39 19.45 19.42 19.41 19.48 19.46 19.44 19.41 19.38 19.40 19.41 19.40 19.41 19.41 19.40 19.43 19.42 19.44 19.51 19.45 19.48 19.52 19.51 19.48 19.51 19.55 19.57 19.55 19.59 19.64 19.59 19.57
19.40 19.43 19.43 19.39 19.45 19.44 19.43 19.41 19.45 19.45 19.43 19.42 19.43 19.42 19.45 19.47 19.47 19.33 19.25 19.24 19.30 19.34 19.37 19.37 19.38 19.40 19.44 19.36 19.35 19.37 19.41 19.40 19.37 19.38 19.46 19.42 19.40 19.38 19.39 19.40 19.40 19.38 19.40 19.37 19.37 19.35 19.36 19.37 19.35 19.37 19.35 19.40 19.28 19.40 19.41 19.40 19.36 19.38 19.39 19.42 19.47 19.47 19.48 19.44 19.44 19.47 19.50 19.51 19.49 19.52 19.51 19.47 19.51 19.52 19.55 19.57 19.54
19.36 19.37 19.38 19.36 19.41 19.36 19.42 19.35 19.37 19.39 19.42 19.40 19.38 19.39 19.44 19.37 19.32 19.21 19.25 19.28 19.26 19.24 19.25 19.28 19.33 19.34 19.35 19.36 19.32 19.31 19.38 19.39 19.38 19.38 19.44 19.42 19.35 19.34 19.34 19.33 19.37 19.34 19.39 19.40 19.37 19.37 19.34 19.31 19.32 19.33 19.36 19.33 19.35 19.40 19.36 19.39 19.45 19.41 19.38 19.41 19.40 19.46 19.48 19.42 19.39 19.43 19.45 19.46 19.47 19.48 19.50 19.48 19.48 19.47 19.54 19.52 19.51
19.27 19.31 19.34 19.36 19.29 19.33 19.35 19.34 19.30 19.32 19.40 19.36 19.36 19.33 19.42 19.25 19.09 19.05 19.10 19.13 19.20 19.24 19.23 19.28 19.31 19.31 19.30 19.34 19.31 19.31 19.38 19.38 19.41 19.40 19.40 19.41 19.36 19.38 19.34 19.32 19.35 19.35 19.35 19.40 19.39 19.39 19.37 19.31 19.26 19.32 19.29 19.29 19.34 19.37 19.37 19.37 19.40 19.44 19.39 19.36 19.37 19.36 19.42 19.37 19.36 19.38 19.43 19.47 19.47 19.48 19.47 19.47 19.48 19.55 19.56 19.53 19.50
19.25 19.25 19.25 19.27 19.34 19.32 19.23 19.29 19.32 19.29 19.36 19.33 19.32 19.38 19.36 19.23 18.91 18.92 18.99 19.17 19.28 19.33 19.24 19.27 19.26 19.25 19.24 19.23 19.25 19.32 19.32 19.30 19.35 19.27 19.39 19.38 19.31 19.31 19.30 19.31 19.33 19.33 19.32 19.36 19.35 19.37 19.36 19.32 19.31 19.34 19.31 19.22 19.39 19.39 19.34 19.38 19.36 19.36 19.41 19.38 19.39 19.39 19.39 19.45 19.39 19.38 19.39 19.38 19.39 19.45 19.42 19.43 19.44 19.49 19.49 19.47 19.48
19.27 19.18 19.19 19.25 19.29 19.24 19.21 19.15 19.20 19.25 19.33 19.34 19.21 19.27 19.18 19.31 19.21 19.12 19.18 19.20 19.27 19.28 19.31 19.29 19.21 19.27 19.24 19.16 19.23 19.27 19.28 19.28 19.35 19.36 19.37 19.32 19.30 19.28 19.26 19.23 19.26 19.27 19.28 19.30 19.29 19.32 19.33 19.31 19.28 19.28 19.30 19.33 19.36 19.36 19.29 19.32 19.38 19.39 19.27 19.37 19.39 19.36 19.36 19.40 19.37 19.37 19.36 19.35 19.31 19.39 19.37 19.37 19.40 19.39 19.45 19.42 19.51
19.28 19.24 19.21 19.27 19.28 19.27 19.22 18.95 19.02 19.20 19.32 19.29 19.05 19.07 19.20 19.28 19.20 19.19 19.26 19.21 19.22 19.41 19.22 19.23 19.27 19.28 19.19 19.23 19.25 19.24 19.30 19.30 19.31 19.30 19.29 19.25 19.21 19.27 19.24 19.25 19.22 19.22 19.25 19.26 19.23 19.25 19.26 19.32 19.33 19.30 19.32 19.34 19.33 19.32 19.28 19.27 19.36 19.33 19.34 19.35 19.39 19.39 19.40 19.42 19.34 19.32 19.37 19.37 19.39 19.38 19.37 19.36 19.35 19.38 19.38 19.39 19.42
19.27 19.27 19.31 19.29 19.26 19.26 19.22 19.02 19.16 19.28 19.28 19.23 19.14 19.13 19.18 19.07 19.14 19.20 19.23 19.18 19.24 19.35 19.33 19.25 19.24 19.19 19.19 19.27 19.26 19.27 19.26 19.31 19.25 19.24 19.22 19.22 19.14 19.20 19.17 19.14 19.16 19.17 19.14 19.17 19.18 19.23 19.25 19.25 19.24 19.31 19.32 19.24 19.23 19.29 19.30 19.25 19.28 19.31 19.31 19.33 19.37 19.37 19.38 19.43 19.44 19.37 19.38 19.32 19.32 19.33 19.35 19.33 19.33 19.36 19.37 19.40 19.38
19.22 19.24 19.30 19.28 19.25 19.22 19.15 19.05 19.14 19.27 19.25 19.22 19.24 19.15 19.06 18.99 19.11 19.17 19.22 19.30 19.37 19.34 19.28 19.15 19.21 19.25 19.24 19.26 19.27 19.24 19.17 19.25 19.23 19.23 19.29 19.29 19.08 19.18 19.17 19.19 19.13 19.10 19.10 19.12 19.11 19.16 19.17 19.16 19.17 19.26 19.35 19.26 19.27 19.30 19.26 19.20 19.21 19.23 19.27 19.32 19.34 19.35 19.34 19.35 19.39 19.37 19.34 19.36 19.35 19.33 19.34 19.32 19.32 19.36 19.34 19.35 19.36
19.24 19.27 19.30 19.23 19.09 19.18 19.15 19.08 19.20 19.24 19.25 19.23 19.20 19.03 18.98 19.05 19.10 19.16 19.18 19.28 19.25 19.35 19.32 19.22 19.20 19.20 19.21 19.23 19.22 19.21 19.16 19.21 19.17 19.19 19.28 19.29 19.21 19.14 19.13 19.15 19.09 19.07 19.09 19.11 19.12 19.16 19.06 18.92 19.29 19.33 19.29 19.28 19.27 19.25 19.17 19.14 19.14 19.16 19.14 19.23 19.32 19.34 19.32 19.33 19.28 19.26 19.27 19.40 19.32 19.30 19.30 19.29 19.28 19.31 19.36 19.32 19.33
19.26 19.35 19.27 19.19 19.16 19.09 19.05 19.18 19.23 19.27 19.24 19.22 19.14 19.13 19.11 19.25 19.23 19.21 19.27 19.23 19.28 19.26 19.20 19.21 19.18 19.19 19.22 19.20 19.22 19.24 19.24 19.22 19.18 19.18 19.18 19.16 19.15 19.12 19.15 19.10 19.08 19.03 18.90 19.01 19.05 19.12 19.10 19.10 19.21 19.27 19.27 19.25 19.20 19.20 19.20 19.15 19.14 19.14 19.13 19.18 19.29 19.29 19.28 19.28 19.28 19.26 19.26 19.43 19.30 19.29 19.28 19.24 19.25 19.26 19.26 19.30 19.33
19.36 19.31 19.22 19.18 19.10 19.08 19.11 19.16 19.11 19.09 19.11 19.01 19.16 19.20 19.22 19.29 19.35 19.32 19.28 19.18 19.17 19.24 19.17 19.21 19.23 19.20 19.16 19.18 19.21 19.22 19.18 19.17 19.17 19.18 19.17 19.14 19.08 19.11 19.12 19.08 18.98 19.13 18.86 19.04 19.08 19.13 19.14 19.15 19.19 19.18 19.17 19.20 19.15 19.06 19.14 19.18 19.13 19.02 19.13 19.22 19.33 19.27 19.23 19.22 19.25 19.25 19.24 19.40 19.29 19.27 19.21 19.18 19.26 19.25 19.27 19.31 19.32
