main/data/irradiance/26.08.2023.grid
ncols 839
nrows 679
xllcenter 112.0500
yllcenter -43.9500
cellsize 0.0500
nodata_value 99999.90
[rows 102 to 135 of 679, columns 539 to 615 of 839]
99999.90 99999.90 99999.90 99999.90 99999.90 99999.90 99999.90 99999.90 99999.90 99999.90 99999.90 99999.90 99999.90 99999.90 99999.90 99999.90 99999.90 99999.90 99999.90 99999.90 99999.90 99999.90 99999.90 99999.90 99999.90 99999.90 99999.90 99999.90 99999.90 99999.90 99999.90 99999.90 99999.90 99999.90 99999.90 99999.90 99999.90 99999.90 99999.90 21.28 21.49 20.84 21.55 21.55 21.55 21.55 21.55 21.55 21.55 21.55 21.55 21.36 21.36 21.36 20.77 21.20 21.22 21.22 20.99 20.78 20.98 21.13 20.52 20.35 20.30 20.18 20.18 19.77 19.76 19.47 20.02 20.42 18.84 18.58 17.98 17.03 17.50
99999.90 99999.90 99999.90 99999.90 99999.90 99999.90 99999.90 99999.90 99999.90 99999.90 99999.90 99999.90 99999.90 99999.90 99999.90 99999.90 99999.90 99999.90 99999.90 99999.90 99999.90 99999.90 99999.90 99999.90 99999.90 99999.90 99999.90 99999.90 99999.90 99999.90 99999.90 99999.90 99999.90 99999.90 99999.90 99999.90 99999.90 99999.90 99999.90 21.28 21.49 20.84 20.84 20.84 21.55 21.55 21.55 21.55 21.55 21.55 21.55 21.55 21.86 21.86 21.62 21.18 21.10 21.22 20.56 20.89 20.45 20.01 19.78 19.83 19.63 19.85 19.50 19.27 20.05 18.90 18.67 18.55 18.38 18.04 17.54 16.96 16.97
99999.90 99999.90 99999.90 99999.90 99999.90 99999.90 99999.90 99999.90 99999.90 99999.90 99999.90 99999.90 99999.90 99999.90 99999.90 99999.90 99999.90 99999.90 99999.90 99999.90 99999.90 99999.90 99999.90 99999.90 99999.90 99999.90 99999.90 99999.90 99999.90 99999.90 99999.90 99999.90 99999.90 99999.90 99999.90 99999.90 99999.90 99999.90 99999.90 21.28 21.49 21.49 21.49 20.84 20.84 20.84 20.84 21.55 21.55 21.55 21.55 21.55 21.55 21.55 21.65 21.06 21.10 20.89 20.74 20.96 20.50 20.39 20.46 20.50 20.58 20.34 20.07 19.69 19.68 18.47 19.19 18.10 17.95 17.81 18.63 17.48 18.13
99999.90 99999.90 99999.90 99999.90 99999.90 99999.90 99999.90 99999.90 99999.90 99999.90 99999.90 99999.90 99999.90 99999.90 99999.90 99999.90 99999.90 99999.90 99999.90 99999.90 99999.90 99999.90 99999.90 99999.90 99999.90 99999.90 99999.90 99999.90 99999.90 99999.90 99999.90 99999.90 99999.90 99999.90 99999.90 99999.90 99999.90 99999.90 99999.90 21.28 21.49 21.49 21.49 21.49 21.49 20.84 20.84 20.84 20.84 20.84 21.78 21.78 21.78 21.16 21.19 20.98 21.21 20.80 21.06 20.62 20.53 20.57 20.28 20.33 19.84 19.23 19.80 19.20 18.51 18.41 18.29 17.86 17.81 18.03 17.86 17.13 17.04
99999.90 99999.90 99999.90 99999.90 99999.90 99999.90 99999.90 99999.90 99999.90 99999.90 99999.90 99999.90 99999.90 99999.90 99999.90 99999.90 99999.90 99999.90 99999.90 99999.90 99999.90 99999.90 99999.90 99999.90 99999.90 99999.90 99999.90 99999.90 99999.90 99999.90 99999.90 99999.90 99999.90 99999.90 99999.90 99999.90 99999.90 99999.90 99999.90 21.28 21.49 21.49 21.49 21.49 21.49 21.49 21.49 20.84 20.84 20.84 20.84 21.58 21.58 21.05 20.56 21.11 20.72 20.55 20.66 20.30 20.93 20.25 19.54 19.83 19.53 19.43 19.23 19.39 19.54 17.85 19.37 18.81 18.02 19.05 18.70 17.02 16.62
99999.90 99999.90 99999.90 99999.90 99999.90 99999.90 99999.90 99999.90 99999.90 99999.90 99999.90 99999.90 99999.90 99999.90 99999.90 99999.90 99999.90 99999.90 99999.90 99999.90 99999.90 99999.90 99999.90 99999.90 99999.90 99999.90 99999.90 99999.90 99999.90 99999.90 99999.90 99999.90 99999.90 99999.90 99999.90 99999.90 99999.90 99999.90 99999.90 21.28 21.49 21.49 21.49 21.49 21.49 21.49 21.49 21.49 21.49 20.84 20.84 20.84 21.27 21.12 20.43 20.53 20.58 20.84 21.37 20.75 20.69 19.73 19.74 19.25 18.84 19.06 19.39 19.96 18.73 18.61 18.88 17.78 17.13 18.27 17.21 16.52 16.86
99999.90 99999.90 99999.90 99999.90 99999.90 99999.90 99999.90 99999.90 99999.90 99999.90 99999.90 99999.90 99999.90 99999.90 99999.90 99999.90 99999.90 99999.90 99999.90 99999.90 99999.90 99999.90 99999.90 99999.90 99999.90 99999.90 99999.90 99999.90 99999.90 99999.90 99999.90 99999.90 99999.90 99999.90 99999.90 99999.90 99999.90 99999.90 20.99 21.28 21.28 21.28 21.49 21.49 21.49 21.49 21.49 21.49 21.49 21.49 21.24 21.24 21.07 21.10 20.14 20.32 20.70 21.14 20.58 20.45 20.56 19.93 19.43 19.75 20.10 19.37 19.37 19.31 19.86 19.09 19.18 19.22 19.09 18.81 17.57 16.94 17.55
99999.90 99999.90 99999.90 99999.90 99999.90 99999.90 99999.90 99999.90 99999.90 99999.90 99999.90 99999.90 99999.90 99999.90 99999.90 99999.90 99999.90 99999.90 99999.90 99999.90 99999.90 99999.90 99999.90 99999.90 99999.90 99999.90 99999.90 99999.90 99999.90 99999.90 99999.90 99999.90 99999.90 99999.90 99999.90 99999.90 99999.90 99999.90 20.99 21.28 21.28 21.28 21.28 21.28 21.28 21.49 21.49 21.49 21.49 21.49 21.49 21.89 21.12 21.05 20.92 19.76 20.39 20.78 20.10 20.47 19.60 20.48 19.56 18.87 18.57 18.17 18.70 19.01 20.31 20.15 20.34 19.85 18.88 18.03 18.22 18.68 17.61
99999.90 99999.90 99999.90 99999.90 99999.90 99999.90 99999.90 99999.90 99999.90 99999.90 99999.90 99999.90 99999.90 99999.90 99999.90 99999.90 99999.90 99999.90 99999.90 99999.90 99999.90 99999.90 99999.90 99999.90 99999.90 99999.90 99999.90 99999.90 99999.90 99999.90 99999.90 99999.90 99999.90 99999.90 99999.90 99999.90 99999.90 99999.90 20.99 21.28 21.28 21.28 21.28 21.28 21.28 21.28 21.28 21.28 21.87 21.87 21.87 21.43 20.83 20.94 21.49 20.55 20.41 20.23 19.92 19.61 20.47 20.63 20.15 18.77 18.47 18.82 18.10 18.95 19.95 20.18 20.06 20.10 19.80 19.85 19.00 18.53 18.05
99999.90 99999.90 99999.90 99999.90 99999.90 99999.90 99999.90 99999.90 99999.90 99999.90 99999.90 99999.90 99999.90 99999.90 99999.90 99999.90 99999.90 99999.90 99999.90 99999.90 99999.90 99999.90 99999.90 99999.90 99999.90 99999.90 99999.90 99999.90 99999.90 99999.90 99999.90 99999.90 99999.90 99999.90 99999.90 99999.90 99999.90 99999.90 20.99 21.28 21.28 21.28 21.28 21.28 21.28 21.28 21.28 21.28 21.28 21.69 21.69 20.99 21.36 21.09 21.11 21.23 21.06 20.85 21.00 20.19 21.28 20.72 20.03 19.80 19.84 19.17 18.87 18.81 18.25 17.87 18.80 19.17 19.63 19.23 18.23 18.91 18.44
99999.90 99999.90 99999.90 99999.90 99999.90 99999.90 99999.90 99999.90 99999.90 99999.90 99999.90 99999.90 99999.90 99999.90 99999.90 99999.90 99999.90 99999.90 99999.90 99999.90 99999.90 99999.90 99999.90 99999.90 99999.90 99999.90 99999.90 99999.90 99999.90 99999.90 99999.90 99999.90 99999.90 99999.90 99999.90 99999.90 99999.90 99999.90 20.99 21.28 21.28 21.28 21.28 21.28 21.28 21.28 21.28 21.28 21.28 21.28 21.47 21.36 21.40 21.28 21.15 21.33 20.55 20.59 20.71 20.51 21.46 20.94 19.81 19.45 19.11 19.09 18.93 18.25 18.50 16.96 17.60 18.19 18.47 18.73 18.65 18.24 18.49
99999.90 99999.90 99999.90 99999.90 99999.90 99999.90 99999.90 99999.90 99999.90 99999.90 99999.90 99999.90 99999.90 99999.90 99999.90 99999.90 99999.90 99999.90 99999.90 99999.90 99999.90 99999.90 99999.90 99999.90 99999.90 99999.90 99999.90 99999.90 99999.90 99999.90 99999.90 99999.90 99999.90 99999.90 99999.90 99999.90 99999.90 99999.90 20.99 21.20 21.20 21.20 21.20 21.20 21.20 21.20 21.20 21.20 21.20 21.20 21.33 21.45 21.48 21.34 21.49 21.74 21.31 20.63 20.90 20.60 21.02 20.78 20.34 19.41 19.02 18.41 19.17 18.46 19.28 18.77 18.51 18.48 19.18 19.61 19.35 19.05 19.06
99999.90 99999.90 99999.90 99999.90 99999.90 99999.90 99999.90 99999.90 99999.90 99999.90 99999.90 99999.90 99999.90 99999.90 99999.90 99999.90 99999.90 99999.90 99999.90 99999.90 99999.90 99999.90 99999.90 99999.90 99999.90 99999.90 99999.90 99999.90 99999.90 99999.90 99999.90 99999.90 99999.90 99999.90 99999.90 99999.90 99999.90 99999.90 20.99 20.99 20.99 21.17 21.17 21.17 21.17 21.17 21.17 21.17 21.17 21.17 21.14 20.75 20.70 21.15 21.38 21.80 21.36 20.90 20.32 20.38 20.29 20.21 20.03 18.67 18.91 18.92 18.99 18.40 18.46 19.34 18.75 19.04 20.49 20.93 19.79 19.30 19.13
99999.90 99999.90 99999.90 99999.90 99999.90 99999.90 99999.90 99999.90 99999.90 99999.90 99999.90 99999.90 99999.90 99999.90 99999.90 99999.90 99999.90 99999.90 99999.90 99999.90 99999.90 99999.90 99999.90 99999.90 99999.90 99999.90 99999.90 99999.90 99999.90 99999.90 99999.90 99999.90 99999.90 99999.90 99999.90 99999.90 99999.90 21.59 20.99 20.99 20.99 20.99 20.99 20.99 20.23 20.23 20.23 20.23 20.23 20.23 21.54 21.25 20.98 21.31 21.28 21.30 20.77 20.42 20.22 20.06 20.29 20.20 20.09 19.86 18.67 19.31 19.07 19.80 18.87 19.04 18.59 19.30 19.56 20.16 18.89 18.51 18.61
99999.90 99999.90 99999.90 99999.90 99999.90 99999.90 99999.90 99999.90 99999.90 99999.90 99999.90 99999.90 99999.90 99999.90 99999.90 99999.90 99999.90 99999.90 99999.90 99999.90 99999.90 99999.90 99999.90 99999.90 99999.90 99999.90 99999.90 99999.90 99999.90 99999.90 99999.90 99999.90 99999.90 99999.90 99999.90 99999.90 99999.90 21.59 20.99 20.99 20.99 20.99 20.99 20.99 20.99 20.99 20.99 20.69 20.69 20.69 20.95 21.30 21.05 20.58 21.17 21.31 20.23 20.69 20.34 20.37 20.76 19.81 19.45 19.35 19.23 19.18 18.74 20.04 19.18 18.76 18.31 18.53 19.95 19.93 19.13 19.03 19.27
99999.90 99999.90 99999.90 99999.90 99999.90 99999.90 99999.90 99999.90 99999.90 99999.90 99999.90 99999.90 99999.90 99999.90 99999.90 99999.90 99999.90 99999.90 99999.90 99999.90 99999.90 99999.90 99999.90 99999.90 99999.90 99999.90 99999.90 99999.90 99999.90 99999.90 99999.90 99999.90 99999.90 99999.90 99999.90 99999.90 99999.90 21.59 20.99 20.99 20.99 20.99 20.99 20.99 20.99 20.99 20.99 20.99 20.39 20.39 20.82 21.04 21.03 20.08 20.36 20.09 20.14 20.81 19.88 19.49 19.56 19.88 20.07 20.10 19.49 19.33 19.29 19.56 19.23 18.62 19.15 18.65 19.02 19.75 19.27 18.76 19.04
22.51 22.51 22.51 22.51 22.51 22.51 22.51 22.51 22.51 22.51 22.51 22.51 22.49 22.49 22.49 22.49 22.49 22.49 22.49 22.49 22.49 22.49 22.49 99999.90 99999.90 99999.90 99999.90 99999.90 99999.90 99999.90 99999.90 99999.90 99999.90 99999.90 99999.90 99999.90 99999.90 21.59 20.99 20.99 20.99 20.99 20.99 20.99 20.99 20.99 20.99 20.99 20.99 20.83 21.24 21.03 21.00 20.67 19.97 20.66 20.31 21.32 20.77 19.55 20.15 19.76 19.51 19.90 19.69 19.79 19.82 19.97 20.34 19.40 19.17 18.41 18.83 19.27 19.31 18.82 18.53
22.47 22.47 22.47 22.47 22.47 22.47 22.51 22.51 22.51 22.51 22.51 22.51 22.49 22.49 22.49 22.49 22.49 22.49 22.49 22.49 22.49 22.49 22.49 22.46 99999.90 99999.90 99999.90 99999.90 99999.90 99999.90 99999.90 99999.90 99999.90 99999.90 99999.90 99999.90 20.81 21.59 20.99 20.99 20.99 20.99 20.99 20.99 20.99 20.99 20.99 20.99 20.99 21.47 21.33 21.22 20.78 20.43 20.39 21.00 20.55 20.21 20.13 19.76 19.34 20.09 19.44 19.33 19.08 19.04 19.13 19.79 19.93 20.24 20.31 18.82 18.79 19.03 18.89 18.42 17.47
22.47 22.47 22.47 22.47 22.47 22.47 22.51 22.51 22.51 22.51 22.51 22.51 22.49 22.49 22.49 22.49 22.49 22.49 22.49 22.49 22.49 22.49 22.46 22.46 99999.90 99999.90 99999.90 99999.90 99999.90 99999.90 99999.90 99999.90 99999.90 99999.90 99999.90 99999.90 20.81 21.59 20.99 20.99 20.99 20.99 20.99 20.99 20.99 20.99 20.99 21.60 21.60 21.60 21.66 21.50 21.25 21.10 21.02 20.97 20.65 20.13 19.78 19.69 19.37 18.74 18.43 19.10 17.91 18.39 18.65 18.85 18.03 19.13 19.06 18.12 18.56 18.69 17.69 16.84 17.31
22.47 22.47 22.47 22.47 22.47 22.47 22.47 22.51 22.51 22.51 22.51 22.51 22.49 22.49 22.49 22.49 22.49 22.49 22.49 22.49 22.49 22.46 22.46 22.46 99999.90 99999.90 99999.90 99999.90 99999.90 99999.90 99999.90 99999.90 99999.90 99999.90 99999.90 21.59 20.81 21.59 21.59 21.59 21.59 21.59 21.81 21.81 21.81 21.81 21.81 21.49 21.49 21.49 21.87 21.45 21.53 21.44 21.58 21.15 20.90 20.38 20.28 19.75 19.58 19.54 19.71 19.17 18.88 19.02 18.51 18.81 17.90 19.02 18.59 18.49 19.96 18.58 16.99 17.30 17.31
22.47 22.47 22.47 22.47 22.47 22.47 22.47 22.51 22.51 22.51 22.51 22.51 22.49 22.49 22.49 22.49 22.49 22.49 22.49 22.49 22.46 22.46 22.46 22.46 99999.90 99999.90 99999.90 99999.90 99999.90 99999.90 99999.90 99999.90 99999.90 99999.90 99999.90 21.59 20.81 21.59 21.59 21.59 21.59 21.59 21.59 21.59 21.81 21.81 21.81 21.81 21.23 21.23 21.61 21.81 21.65 21.65 21.43 21.59 21.64 21.40 21.48 20.76 19.86 20.01 19.92 19.77 19.97 19.54 19.62 18.65 19.49 19.22 18.84 19.04 18.70 18.64 18.63 18.22 18.37
22.47 22.47 22.47 22.47 22.47 22.47 22.47 22.51 22.51 22.51 22.51 22.51 22.49 22.49 22.49 22.49 22.49 22.49 22.49 22.46 22.46 22.46 22.46 22.46 99999.90 99999.90 99999.90 99999.90 99999.90 99999.90 99999.90 99999.90 99999.90 99999.90 99999.90 21.59 20.81 21.59 21.59 21.59 21.59 21.59 21.59 21.59 21.59 21.59 21.81 21.81 21.81 21.44 21.57 21.74 21.65 21.43 21.52 21.43 21.72 21.67 21.64 21.51 20.82 20.35 20.50 20.13 20.19 20.07 19.34 19.69 19.63 19.00 19.27 17.93 18.18 18.87 18.13 18.21 17.84
22.47 22.47 22.47 22.47 22.47 22.47 22.47 22.51 22.51 22.51 22.51 22.51 22.49 22.49 22.49 22.49 22.49 22.49 22.46 22.46 22.46 22.46 22.46 22.46 99999.90 99999.90 99999.90 99999.90 99999.90 99999.90 99999.90 99999.90 99999.90 99999.90 22.24 21.59 20.81 21.59 21.59 21.59 21.59 21.59 21.59 21.59 21.59 21.59 21.59 21.48 21.48 21.69 21.17 21.78 21.16 21.63 21.51 21.16 21.41 21.58 21.17 21.18 20.49 20.41 20.44 20.93 20.82 20.53 20.45 19.74 19.57 19.32 19.15 19.31 18.58 18.52 18.18 17.71 17.81
22.50 22.47 22.47 22.47 22.47 22.47 22.47 22.42 22.51 22.51 22.51 22.51 22.49 22.49 22.49 22.49 22.49 22.46 22.46 22.46 22.46 22.46 22.46 22.46 99999.90 99999.90 99999.90 99999.90 99999.90 99999.90 99999.90 99999.90 99999.90 22.33 22.24 21.59 20.81 20.81 20.81 21.59 21.59 21.59 21.59 21.59 21.59 21.59 21.59 21.59 21.68 21.68 21.04 21.80 21.24 21.81 21.47 21.09 21.41 21.28 21.20 21.22 21.00 20.80 20.34 20.09 20.57 20.76 20.42 19.73 19.97 19.98 19.57 19.85 19.26 18.20 18.28 18.23 18.49
22.50 22.50 22.47 22.47 22.47 22.47 22.47 22.42 22.51 22.51 22.51 22.51 22.49 22.49 22.49 22.49 22.46 22.46 22.46 22.46 22.46 22.46 22.46 22.46 99999.90 99999.90 99999.90 99999.90 99999.90 99999.90 99999.90 99999.90 22.33 22.33 22.33 21.59 21.59 21.59 20.81 20.81 20.81 20.81 21.56 21.56 21.56 21.56 21.56 21.56 21.70 21.62 21.11 21.94 21.91 21.70 21.73 21.02 21.21 21.56 21.62 21.27 21.28 20.99 20.82 20.84 20.60 20.82 21.03 20.17 20.13 20.34 20.38 20.20 19.57 18.94 19.14 17.72 18.18
22.55 22.50 22.50 22.47 22.47 22.47 22.47 22.42 22.41 22.51 22.51 22.51 22.49 22.49 22.49 22.46 22.46 22.46 22.46 22.46 22.46 22.46 22.46 22.46 99999.90 99999.90 99999.90 99999.90 99999.90 99999.90 99999.90 99999.90 22.33 22.33 22.33 21.59 21.59 21.59 21.59 21.59 20.81 20.81 20.81 20.81 20.81 21.98 21.98 21.98 21.75 21.15 21.30 21.15 21.40 21.50 21.78 21.35 21.32 21.27 21.40 21.63 21.59 21.30 21.49 20.86 20.63 20.98 20.37 20.49 20.52 20.12 19.96 19.59 19.97 19.59 18.73 18.05 18.09
22.55 22.55 22.50 22.50 22.47 22.47 22.47 22.42 22.41 22.51 22.51 22.51 22.49 22.49 22.46 22.46 22.46 22.46 22.46 22.46 22.46 22.46 22.46 22.46 99999.90 99999.90 99999.90 99999.90 99999.90 99999.90 99999.90 22.30 22.33 22.33 22.33 21.59 21.59 21.59 21.59 21.59 21.59 21.59 20.81 20.81 20.81 20.81 20.71 20.71 21.85 21.62 20.99 20.64 21.67 22.05 21.71 21.01 21.38 21.55 21.47 21.70 21.69 20.95 20.78 21.17 21.12 20.81 20.90 20.85 20.24 20.35 20.10 19.67 19.24 19.85 19.05 18.75 18.97
22.55 22.55 22.55 22.50 22.50 22.47 22.47 22.42 22.41 22.40 22.46 22.51 22.48 22.46 22.46 22.46 22.46 22.46 22.46 22.46 22.46 22.46 22.46 22.46 99999.90 99999.90 99999.90 99999.90 99999.90 99999.90 22.17 22.30 22.33 22.33 22.33 22.33 21.59 21.59 21.59 21.59 21.59 21.59 21.59 21.59 20.81 20.81 20.81 21.56 21.07 21.01 20.40 21.32 21.41 21.54 21.55 21.12 21.13 21.23 21.25 21.17 20.49 20.86 21.60 21.34 21.63 21.38 21.34 21.10 20.37 20.24 20.31 19.91 19.69 19.60 19.13 19.08 18.98
22.55 22.55 22.55 22.55 22.50 22.50 22.37 22.36 22.37 22.41 22.46 22.46 22.48 22.46 22.46 22.46 22.46 22.46 22.46 22.46 22.46 22.46 22.46 22.46 99999.90 99999.90 99999.90 99999.90 99999.90 99999.90 22.17 22.17 22.33 22.33 22.33 22.33 22.33 22.33 21.59 21.59 21.59 21.59 21.59 21.59 21.59 21.88 21.88 21.56 21.70 21.54 21.66 21.10 21.09 21.13 21.81 21.04 19.96 20.11 20.92 21.41 21.27 21.36 21.43 21.13 21.19 21.75 21.10 21.29 20.72 20.74 20.48 20.36 19.67 19.54 20.13 19.26 19.57
22.55 22.55 22.55 22.55 22.55 22.46 22.37 22.34 22.38 22.39 22.39 22.39 22.48 22.46 22.46 22.46 22.46 22.46 22.46 22.46 22.46 22.46 22.46 22.46 99999.90 99999.90 99999.90 99999.90 99999.90 99999.90 22.17 22.17 22.33 22.33 22.33 22.33 22.33 22.33 22.33 22.33 21.59 21.59 21.59 21.59 21.59 21.59 21.46 21.53 21.16 21.47 21.55 21.46 20.97 21.66 20.85 21.30 20.49 20.74 20.71 21.19 21.34 21.19 21.02 21.12 21.23 21.42 21.31 20.95 20.71 20.70 20.46 20.75 20.34 19.64 19.54 19.32 19.75
22.51 22.51 22.51 22.51 22.51 22.38 22.31 22.39 22.38 22.39 22.39 22.39 22.48 22.46 22.46 22.46 22.46 22.46 22.46 22.46 22.46 22.46 22.46 22.46 99999.90 99999.90 99999.90 99999.90 99999.90 99999.90 22.17 22.17 22.17 22.33 22.33 22.33 22.33 22.33 22.33 22.33 22.33 22.24 22.24 21.14 21.14 21.14 22.03 21.61 21.69 21.89 21.61 21.65 21.55 21.56 21.35 20.73 20.92 21.10 20.31 21.05 21.32 21.20 19.90 20.69 20.83 21.01 20.99 20.84 20.86 20.93 20.83 20.80 20.72 20.32 20.24 20.19 19.98
22.51 22.51 22.51 22.51 22.51 22.36 22.30 22.39 22.39 22.39 22.39 22.39 22.39 22.46 22.46 22.46 22.46 22.46 22.46 22.46 22.46 22.46 22.46 22.46 99999.90 99999.90 99999.90 99999.90 99999.90 22.17 22.17 22.17 22.17 22.17 22.17 22.33 22.33 22.33 22.33 22.33 22.33 22.33 22.24 22.24 21.93 21.93 22.08 21.84 21.84 21.83 21.37 21.86 21.60 21.47 21.78 21.29 21.27 20.99 20.85 21.06 21.26 21.09 20.71 20.96 21.08 21.06 20.94 20.49 20.64 20.92 20.34 20.64 21.00 20.56 20.76 20.47 20.72
22.26 22.51 22.51 22.51 22.36 22.36 22.30 22.30 22.39 22.39 22.39 22.39 22.39 22.46 22.46 22.46 22.46 22.46 22.46 22.46 22.46 22.46 22.46 22.46 99999.90 99999.90 99999.90 99999.90 99999.90 22.17 22.17 22.17 22.17 22.17 22.17 22.17 22.33 22.33 22.33 22.33 22.33 22.33 22.33 22.24 22.24 22.22 22.14 22.20 22.09 22.33 21.67 22.10 21.48 21.99 21.41 21.71 21.45 21.02 21.29 21.20 21.14 21.05 20.73 21.36 21.09 21.07 20.95 20.38 20.29 21.01 20.43 20.88 21.03 20.81 20.61 20.93 20.69
22.26 22.26 22.51 22.36 22.36 22.36 22.30 22.30 22.30 22.39 22.39 22.39 22.39 22.39 22.46 22.46 22.46 22.46 22.46 22.46 22.46 22.46 22.46 22.46 99999.90 99999.90 99999.90 99999.90 99999.90 22.17 22.17 22.17 22.17 22.17 22.17 22.17 22.17 22.30 22.33 22.33 22.33 22.33 22.33 22.33 22.34 22.30 22.09 22.07 21.91 22.18 22.29 21.96 21.69 21.68 21.93 21.40 21.57 21.69 21.79 21.54 21.69 21.11 21.19 21.64 21.35 20.92 21.17 20.97 21.10 21.13 20.83 20.89 21.13 20.62 20.67 20.90 20.95
