main/data/irradiance/26.08.2023.grid
ncols 839
nrows 679
xllcenter 112.0500
yllcenter -43.9500
cellsize 0.0500
nodata_value 99999.90
[rows 204 to 237 of 679, columns 231 to 307 of 839]
21.58 21.48 21.47 21.56 21.63 21.75 21.75 21.68 21.66 21.62 21.64 21.56 21.66 21.66 21.65 21.62 21.72 21.63 21.58 21.62 21.63 21.65 21.61 20.72 20.48 20.70 20.74 20.96 21.00 21.10 20.74 20.85 21.49 21.52 21.51 21.52 21.49 21.43 21.42 21.41 21.43 21.41 21.46 21.50 21.47 21.43 21.45 21.46 21.49 21.49 21.46 21.50 21.48 21.50 21.47 21.49 21.50 21.50 21.47 21.46 21.44 21.48 21.50 21.51 21.52 21.52 21.51 21.51 21.48 21.47 21.48 21.50 21.49 21.46 21.41 21.06 21.43
21.59 21.55 21.49 21.57 21.58 21.65 21.66 21.65 21.65 21.57 21.64 21.70 21.69 21.64 21.63 21.67 21.71 21.67 21.60 21.57 21.60 21.59 21.56 21.31 20.61 20.67 20.95 20.70 20.68 21.27 21.15 20.82 20.96 21.34 21.39 21.44 21.49 21.37 21.46 21.42 21.41 21.39 21.43 21.44 21.42 21.42 21.42 21.42 21.45 21.45 21.43 21.47 21.47 21.47 21.44 21.45 21.48 21.50 21.48 21.44 21.43 21.45 21.46 21.50 21.53 21.49 21.54 21.49 21.47 21.42 21.42 21.47 21.48 21.48 21.46 21.28 21.29
21.55 21.51 21.52 21.48 21.45 21.47 21.58 21.64 21.65 21.55 21.53 21.52 21.55 21.58 21.59 21.63 21.62 21.57 21.54 21.51 21.50 21.47 21.47 21.49 21.46 21.28 21.37 21.00 20.88 20.79 21.10 20.77 21.04 21.11 21.41 21.31 21.43 21.43 21.42 21.39 21.38 21.38 21.39 21.40 21.36 21.34 21.36 21.35 21.41 21.40 21.42 21.45 21.43 21.43 21.45 21.45 21.49 21.48 21.45 21.37 21.41 21.43 21.44 21.44 21.47 21.46 21.48 21.48 21.48 21.43 21.37 21.44 21.48 21.53 21.48 21.50 21.48
21.59 21.61 21.62 21.48 21.52 21.54 21.49 21.53 21.53 21.53 21.48 21.51 21.56 21.47 21.62 21.61 21.62 21.62 21.56 21.51 21.46 21.52 21.50 21.53 21.54 21.50 21.50 21.51 21.46 21.23 21.08 21.09 20.78 21.02 21.15 21.20 21.36 21.36 21.38 21.43 21.43 21.43 21.43 21.42 21.42 21.37 21.35 21.38 21.41 21.38 21.40 21.43 21.42 21.40 21.41 21.41 21.42 21.43 21.44 21.42 21.40 21.43 21.49 21.47 21.46 21.46 21.47 21.48 21.46 21.43 21.43 21.46 21.54 21.56 21.56 21.61 21.60
21.59 21.52 21.51 21.42 21.40 21.44 21.52 21.45 21.44 21.53 21.52 21.52 21.56 21.46 21.52 21.43 21.45 21.51 21.48 21.49 21.48 21.48 21.48 21.49 21.50 21.50 21.50 21.53 21.50 21.47 21.45 21.45 21.50 21.43 21.41 21.39 21.39 21.38 21.39 21.42 21.50 21.43 21.41 21.37 21.35 21.36 21.38 21.35 21.34 21.38 21.39 21.40 21.43 21.42 21.44 21.44 21.40 21.44 21.45 21.46 21.43 21.47 21.47 21.47 21.46 21.46 21.46 21.47 21.42 21.45 21.42 21.49 21.51 21.46 21.55 21.61 21.61
21.61 21.59 21.45 21.41 21.41 21.45 21.51 21.45 21.46 21.51 21.58 21.52 21.54 21.57 21.63 21.60 21.56 21.57 21.52 21.47 21.48 21.46 21.44 21.43 21.44 21.45 21.42 21.43 21.43 21.47 21.45 21.42 21.40 21.46 21.43 21.37 21.37 21.36 21.36 21.37 21.37 21.36 21.35 21.31 21.28 21.32 21.35 21.35 21.31 21.30 21.34 21.37 21.39 21.40 21.40 21.39 21.41 21.40 21.39 21.41 21.46 21.46 21.48 21.49 21.48 21.51 21.50 21.41 21.39 21.45 21.50 21.28 21.46 21.49 21.48 21.48 21.54
21.50 21.54 21.55 21.45 21.46 21.57 21.57 21.55 21.52 21.58 21.58 21.54 21.58 21.56 21.63 21.60 21.57 21.54 21.51 21.57 21.58 21.39 20.88 21.00 21.25 21.22 21.21 21.40 21.42 21.45 21.47 21.61 21.51 21.45 21.40 21.36 21.37 21.35 21.34 21.36 21.35 21.36 21.35 21.36 21.39 21.32 21.33 21.36 21.34 21.29 21.35 21.36 21.38 21.41 21.41 21.41 21.43 21.32 21.32 21.39 21.41 21.43 21.48 21.49 21.49 21.53 21.52 21.45 21.44 21.49 21.52 21.53 21.46 21.40 21.39 21.38 21.47
21.35 21.38 21.48 21.50 21.51 21.59 21.55 21.55 21.59 21.61 21.52 21.40 21.44 21.47 21.45 21.45 21.52 21.58 21.50 21.52 21.51 21.14 20.70 20.85 20.91 20.52 20.88 21.32 21.46 21.48 21.52 21.56 21.53 21.48 21.46 21.45 21.41 21.37 21.33 21.34 21.34 21.33 21.32 21.40 21.35 21.33 21.33 21.36 21.34 21.32 21.30 21.32 21.36 21.38 21.36 21.38 21.38 21.34 21.32 21.36 21.38 21.39 21.45 21.48 21.51 21.51 21.49 21.44 21.46 21.49 21.50 21.49 21.46 21.41 21.41 21.46 21.44
21.31 21.33 21.33 21.35 21.38 21.37 21.39 21.39 21.38 21.38 21.46 21.55 21.53 21.42 21.39 21.42 21.52 21.49 21.52 21.49 21.48 21.28 20.54 20.55 20.94 20.96 21.09 20.89 21.17 21.34 21.45 21.47 21.42 21.27 21.38 21.35 21.39 21.35 21.34 21.34 21.31 21.32 21.29 21.35 21.36 21.32 21.33 21.35 21.34 21.32 21.32 21.33 21.35 21.35 21.31 21.37 21.36 21.33 21.29 21.29 21.35 21.34 21.46 21.38 21.48 21.48 21.43 21.45 21.49 21.48 21.55 21.47 21.47 21.40 21.43 21.42 21.40
21.30 21.29 21.27 21.28 21.35 21.31 21.37 21.39 21.36 21.32 21.35 21.36 21.37 21.33 21.34 21.40 21.56 21.53 21.51 21.41 21.42 21.43 21.01 20.90 20.86 20.65 20.83 20.79 20.63 21.31 21.30 21.20 21.18 21.34 21.39 21.33 21.35 21.30 21.32 21.32 21.31 21.30 21.30 21.36 21.37 21.35 21.29 21.33 21.30 21.30 21.32 21.33 21.30 21.23 21.32 21.35 21.34 21.31 21.29 21.30 21.33 21.37 21.39 21.37 21.39 21.42 21.35 21.39 21.46 21.45 21.49 21.50 21.49 21.46 21.45 21.44 21.42
21.34 21.34 21.34 21.35 21.44 21.34 21.34 21.40 21.34 21.34 21.34 21.32 21.34 21.33 21.34 21.37 21.55 21.48 21.45 21.43 21.39 21.34 21.32 21.24 21.24 20.93 20.83 21.05 20.96 21.43 21.41 21.23 21.34 21.39 21.36 21.33 21.32 21.33 21.35 21.35 21.35 21.35 21.37 21.38 21.38 21.37 21.32 21.30 21.28 21.31 21.31 21.30 21.27 21.29 21.30 21.31 21.33 21.33 21.35 21.35 21.31 21.32 21.34 21.38 21.40 21.40 21.37 21.40 21.41 21.40 21.39 21.38 21.32 21.40 21.37 21.37 21.40
21.37 21.38 21.37 21.35 21.35 21.45 21.43 21.42 21.34 21.33 21.34 21.33 21.36 21.33 21.30 21.32 21.40 21.38 21.36 21.45 21.36 21.29 21.21 20.88 21.28 21.14 21.09 20.78 20.92 21.27 21.40 21.36 21.35 21.36 21.34 21.28 21.29 21.30 21.30 21.30 21.30 21.33 21.33 21.35 21.35 21.34 21.31 21.28 21.25 21.28 21.32 21.34 21.30 21.28 21.31 21.30 21.32 21.34 21.34 21.33 21.33 21.32 21.34 21.37 21.40 21.36 21.37 21.40 21.40 21.41 21.37 21.33 21.37 21.33 21.34 21.37 21.39
21.33 21.32 21.32 21.35 21.41 21.52 21.50 21.43 21.36 21.30 21.29 21.31 21.33 21.32 21.30 21.32 21.31 21.33 21.44 21.48 21.41 21.40 21.26 21.02 20.96 20.87 21.24 21.02 20.79 21.16 21.04 21.33 21.36 21.32 21.30 21.27 21.29 21.25 21.27 21.30 21.33 21.34 21.34 21.36 21.36 21.33 21.32 21.26 21.22 21.26 21.33 21.32 21.30 21.29 21.32 21.34 21.30 21.31 21.32 21.31 21.32 21.29 21.33 21.36 21.36 21.33 21.35 21.32 21.29 21.27 21.32 21.36 21.35 21.33 21.31 21.37 21.40
21.30 21.31 21.30 21.29 21.32 21.37 21.38 21.36 21.30 21.28 21.26 21.25 21.28 21.31 21.29 21.32 21.27 21.25 21.34 21.40 21.34 21.34 21.37 21.33 21.02 20.92 20.99 20.92 20.80 20.83 20.68 21.12 21.35 21.34 21.33 21.27 21.27 21.25 21.27 21.27 21.28 21.31 21.30 21.34 21.32 21.30 21.27 21.25 21.24 21.26 21.29 21.31 21.30 21.28 21.25 21.30 21.30 21.28 21.31 21.31 21.30 21.32 21.31 21.33 21.32 21.33 21.18 21.19 21.23 21.33 21.37 21.37 21.26 21.40 21.36 21.40 21.40
21.39 21.39 21.36 21.38 21.51 21.37 21.32 21.27 21.25 21.26 21.24 21.27 21.28 21.34 21.38 21.34 21.32 21.31 21.28 21.23 21.31 21.35 21.33 21.28 21.29 21.02 20.85 21.05 21.06 21.03 20.90 21.25 21.33 21.30 21.31 21.28 21.25 21.26 21.26 21.27 21.31 21.29 21.26 21.32 21.31 21.29 21.31 21.31 21.32 21.31 21.31 21.29 21.31 21.30 21.27 21.31 21.31 21.28 21.28 21.28 21.29 21.28 21.30 21.33 21.34 21.32 21.31 21.35 21.37 21.34 21.39 21.39 21.25 21.38 21.38 21.40 21.37
21.39 21.36 21.36 21.34 21.36 21.43 21.28 21.27 21.28 21.29 21.32 21.30 21.29 21.35 21.41 21.45 21.36 21.32 21.31 21.32 21.34 21.29 21.31 21.33 21.14 21.24 21.08 20.99 20.83 21.27 21.27 21.25 21.28 21.29 21.29 21.23 21.25 21.27 21.25 21.26 21.28 21.28 21.26 21.30 21.33 21.31 21.31 21.32 21.31 21.31 21.29 21.29 21.29 21.30 21.32 21.33 21.31 21.32 21.27 21.23 21.20 21.20 21.26 21.27 21.28 21.11 21.13 21.24 21.34 21.35 21.35 21.37 21.35 21.37 21.36 21.39 21.34
21.25 21.26 21.27 21.27 21.29 21.40 21.22 21.23 21.25 21.24 21.29 21.30 21.36 21.26 21.29 21.31 21.23 21.27 21.21 21.24 21.29 21.28 21.29 21.26 21.23 21.25 21.24 21.23 21.22 21.25 21.23 21.23 21.27 21.28 21.29 21.24 21.27 21.29 21.32 21.31 21.30 21.28 21.31 21.32 21.32 21.30 21.30 21.32 21.30 21.33 21.36 21.35 21.32 21.31 21.33 21.34 21.31 21.32 21.31 21.26 21.24 21.24 21.25 21.26 21.27 21.28 21.26 21.29 21.32 21.34 21.36 21.37 21.37 21.35 21.35 21.34 21.32
21.21 21.22 21.25 21.24 21.34 21.43 21.51 21.53 21.49 21.32 21.35 21.30 21.27 21.37 21.39 21.35 21.25 21.15 21.16 21.23 21.27 21.29 21.28 21.26 21.23 21.21 21.20 21.18 21.21 21.22 21.22 21.22 21.24 21.27 21.29 21.23 21.24 21.30 21.28 21.26 21.26 21.27 21.28 21.28 21.28 21.29 21.28 21.29 21.31 21.35 21.35 21.34 21.33 21.34 21.32 21.35 21.32 21.30 21.29 21.26 21.25 21.23 21.22 21.22 21.23 21.23 21.24 21.26 21.28 21.33 21.34 21.26 21.27 21.34 21.37 21.20 21.25
21.20 21.18 21.20 21.23 21.23 21.25 21.36 21.33 21.22 21.18 21.18 21.22 21.26 21.23 21.28 21.38 21.27 20.98 20.97 21.21 21.21 21.22 21.25 21.23 21.25 21.24 21.21 21.17 21.19 21.17 21.19 21.15 21.20 21.23 21.25 21.22 21.24 21.26 21.29 21.28 21.27 21.24 21.26 21.25 21.29 21.30 21.30 21.30 21.32 21.34 21.35 21.33 21.31 21.32 21.32 21.30 21.28 21.25 21.26 21.23 21.24 21.24 21.22 21.17 21.18 21.20 21.22 21.24 21.25 21.24 21.24 21.27 21.26 21.31 21.28 21.27 21.22
21.15 21.16 21.15 21.17 21.20 21.21 21.19 21.19 21.18 21.18 21.17 21.16 21.17 21.17 21.16 21.20 21.29 21.21 20.96 20.11 21.17 21.20 21.18 21.17 21.18 21.19 21.19 21.16 21.14 21.16 21.15 21.14 21.15 21.19 21.21 21.19 21.21 21.24 21.26 21.29 21.29 21.28 21.24 21.26 21.29 21.29 21.28 21.26 21.27 21.33 21.35 21.32 21.27 21.24 21.28 21.26 21.24 21.25 21.24 21.23 21.24 21.21 21.23 21.19 21.20 21.21 21.21 21.22 21.23 21.25 21.23 21.29 21.32 21.32 21.17 21.26 21.16
21.14 21.17 21.16 21.16 21.17 21.16 21.17 21.18 21.21 21.19 21.17 21.16 21.17 21.17 21.16 21.16 21.15 21.17 21.18 20.44 20.33 21.27 21.19 21.19 21.19 21.15 21.16 21.17 21.15 21.16 21.16 21.16 21.15 21.17 21.19 21.19 21.20 21.19 21.18 21.22 21.20 21.23 21.27 21.29 21.28 21.27 21.26 21.24 21.25 21.28 21.30 21.29 21.25 21.22 21.23 21.24 21.21 21.20 21.22 21.23 21.23 21.21 21.19 21.17 21.18 21.21 21.22 21.22 21.22 21.20 21.23 21.31 21.34 21.30 21.28 21.25 21.07
21.12 21.12 21.11 21.13 21.13 21.13 21.13 21.14 21.26 21.27 21.25 21.17 21.19 21.17 21.14 21.11 21.13 21.14 21.16 21.06 20.49 21.23 21.19 21.03 19.95 21.07 21.15 21.17 21.17 21.14 21.15 21.15 21.15 21.16 21.16 21.17 21.18 21.15 21.19 21.21 21.19 21.20 21.24 21.28 21.27 21.25 21.08 21.31 21.28 21.24 21.24 21.23 21.26 21.24 21.24 21.20 21.16 21.20 21.21 21.19 21.20 21.20 21.18 21.17 21.17 21.12 21.14 21.16 21.17 21.19 21.20 21.22 21.27 21.28 21.26 21.23 21.24
21.10 21.08 21.10 21.12 21.09 21.10 21.10 21.10 21.17 21.27 21.33 21.29 21.28 21.17 21.12 21.09 21.12 21.10 21.09 21.10 21.11 19.74 19.59 17.85 17.28 18.61 20.88 19.74 20.24 20.64 21.11 21.11 21.12 21.13 21.15 21.15 21.14 21.12 21.14 21.15 21.16 21.18 21.18 21.23 21.24 21.20 21.26 21.27 21.26 21.20 21.17 21.21 21.23 21.20 21.21 21.15 21.14 21.18 21.19 21.15 21.16 21.19 21.20 21.16 21.15 21.12 21.14 21.15 21.15 21.19 21.21 21.20 21.22 21.23 21.21 21.16 21.21
21.07 21.06 21.07 21.07 21.06 21.05 21.06 21.08 21.10 21.09 21.08 21.13 21.21 21.15 21.11 21.09 21.09 21.10 21.10 20.99 19.70 17.23 19.43 20.58 21.11 21.04 20.83 19.46 19.67 20.23 20.46 19.30 20.37 21.10 21.11 21.14 21.13 21.13 21.14 21.14 21.14 21.11 21.12 21.16 21.18 21.19 21.21 21.20 21.23 21.21 21.21 21.24 21.19 21.19 21.18 21.14 21.16 21.20 21.20 21.17 21.14 21.21 21.21 21.16 21.12 21.11 21.12 21.11 21.12 21.15 21.21 21.22 21.21 21.20 21.20 21.18 21.17
21.05 21.03 21.02 21.06 21.05 21.05 21.04 21.07 21.07 21.06 21.05 21.07 21.08 21.10 21.06 20.98 20.89 20.26 19.30 18.88 20.22 20.97 21.17 21.16 21.20 21.16 21.14 21.07 20.94 19.57 20.68 21.04 20.58 18.63 19.35 20.92 21.11 21.11 21.12 21.14 21.12 21.12 21.13 21.15 21.15 21.15 21.15 21.17 21.14 21.16 21.17 21.13 21.15 21.12 21.13 21.15 21.18 21.22 21.21 21.17 21.14 21.18 21.18 21.15 21.12 21.12 21.13 21.12 21.14 21.15 21.17 21.20 21.21 21.17 21.17 21.16 21.17
21.06 21.06 21.07 21.04 21.02 21.04 21.06 21.05 21.04 21.04 21.07 21.12 21.10 21.09 20.71 18.97 19.24 20.70 21.23 21.14 21.13 21.12 21.13 21.11 21.11 21.16 21.13 21.10 21.10 21.10 21.09 21.10 21.09 20.72 19.19 19.60 21.06 21.11 21.20 21.12 21.13 21.11 21.09 21.13 21.14 21.12 21.13 21.11 21.11 21.12 21.11 21.09 21.09 21.10 21.10 21.14 21.19 21.16 21.17 21.16 21.14 21.15 21.15 21.14 21.13 21.10 21.11 21.11 21.13 21.10 21.11 21.15 21.14 21.13 21.11 21.12 21.13
21.02 21.02 21.01 21.01 21.01 21.01 20.98 20.99 21.03 21.03 21.04 21.04 21.02 21.02 21.12 21.14 21.19 21.29 21.19 21.09 21.10 21.14 21.11 21.09 21.07 21.08 21.09 21.06 21.09 21.09 21.08 21.08 21.07 21.05 21.07 21.02 20.92 20.92 21.25 21.13 21.09 21.09 21.08 21.11 21.13 21.10 21.15 21.14 21.12 21.10 21.07 21.08 21.04 21.04 21.07 21.12 21.13 21.10 21.14 21.14 21.14 21.14 21.12 21.10 21.11 21.09 21.12 21.14 21.13 21.11 21.12 21.11 21.15 21.11 21.09 21.10 21.11
21.00 20.99 20.97 20.93 20.95 21.00 20.98 20.98 20.97 21.03 21.02 21.02 21.08 21.10 21.13 21.07 21.06 21.09 21.09 21.09 21.09 21.11 21.11 21.08 21.06 21.06 21.07 21.09 21.08 21.07 21.07 21.05 21.07 21.07 21.06 21.06 21.07 21.04 21.04 21.06 21.06 21.05 21.07 21.07 21.09 21.12 21.12 21.11 21.05 21.05 21.04 21.04 21.03 21.02 21.06 21.10 21.12 21.10 21.11 21.10 21.11 21.10 21.08 21.06 21.08 21.08 21.07 21.09 21.10 21.10 21.10 21.08 21.08 21.07 21.05 21.07 21.06
21.03 20.97 20.96 20.91 20.96 21.01 20.98 21.05 21.02 20.98 20.98 21.02 21.07 21.06 21.05 21.05 21.06 21.04 21.06 21.05 21.06 21.06 21.07 21.07 21.04 21.04 21.04 21.05 21.14 21.12 21.13 21.09 21.06 20.72 20.40 20.85 20.84 21.06 21.00 20.77 20.99 21.06 21.07 21.07 21.08 21.10 21.09 21.07 21.06 21.06 21.04 21.05 21.05 21.04 21.06 21.09 21.09 21.12 21.14 21.10 21.09 21.07 21.06 21.04 21.03 21.03 21.06 21.09 21.09 21.09 21.10 21.07 21.06 21.05 21.06 21.06 21.08
20.98 20.97 20.91 20.96 21.00 21.08 21.02 21.03 20.99 20.99 21.00 21.01 21.02 21.01 21.01 21.02 21.02 21.03 21.05 21.06 21.06 21.05 21.05 21.03 21.01 21.03 21.07 21.08 21.13 21.27 21.23 21.17 21.18 20.95 20.57 20.63 20.81 21.00 21.09 21.05 20.87 20.65 21.01 20.87 21.07 21.09 21.09 21.08 21.06 21.03 21.03 21.04 21.06 21.05 21.07 21.08 21.06 21.12 21.11 21.12 21.08 21.10 21.09 21.06 21.04 21.04 21.07 21.08 21.09 21.06 21.06 21.06 21.07 21.06 21.05 21.05 21.05
20.96 20.95 20.81 21.01 21.07 21.08 21.10 21.03 20.99 21.00 20.99 20.98 20.99 21.02 21.03 21.04 21.02 21.02 21.03 21.03 21.03 21.05 21.05 21.06 21.03 21.00 21.06 21.06 21.09 21.07 21.15 21.12 21.04 20.96 21.03 21.01 20.72 20.91 21.05 21.06 21.04 20.99 20.93 20.88 21.04 21.04 21.06 21.05 21.04 21.04 21.01 21.01 21.05 21.05 21.06 21.04 21.06 21.05 21.05 21.07 21.07 21.05 21.05 21.05 21.04 21.05 21.05 21.04 21.04 21.02 21.01 21.02 21.01 20.99 20.89 21.02 21.04
20.94 20.91 20.87 20.93 20.95 20.97 20.95 20.94 20.93 20.96 20.94 20.95 20.95 20.97 20.99 20.99 21.00 21.01 21.02 21.00 20.98 21.00 21.03 21.00 21.01 20.98 21.00 21.06 21.12 21.08 21.04 21.02 20.92 20.61 20.70 20.98 20.88 20.59 20.85 20.95 21.03 21.04 21.04 20.98 20.91 20.98 21.04 21.04 21.05 21.02 21.02 21.01 21.02 21.03 21.04 21.05 21.05 21.04 21.04 21.05 21.06 21.01 21.03 21.04 21.03 21.06 21.06 21.04 21.02 21.02 21.00 20.99 20.98 20.98 20.94 20.84 21.01
20.92 20.90 20.87 20.85 20.93 20.95 20.95 20.93 20.94 20.93 20.93 20.94 20.93 20.95 20.95 20.96 20.97 21.00 20.98 20.97 20.97 20.96 20.98 21.01 20.99 20.97 20.99 21.09 21.10 21.05 21.01 21.00 20.61 20.64 20.66 20.64 20.49 20.96 21.03 21.01 21.03 21.03 21.03 21.05 21.01 20.99 20.94 20.97 21.01 21.02 21.02 21.03 21.02 21.00 20.97 20.98 21.02 21.04 21.03 21.01 21.02 21.04 21.04 21.05 21.05 21.06 21.04 21.02 21.02 21.01 20.99 20.98 20.98 20.98 20.98 20.97 20.62
20.90 20.87 20.88 20.81 20.88 20.88 20.93 20.92 20.90 20.90 20.90 20.91 20.91 20.92 20.93 20.94 20.96 20.96 20.96 20.96 20.95 20.96 20.97 20.99 20.98 20.96 20.95 20.96 21.00 20.99 20.99 21.01 20.86 20.88 20.96 20.45 20.45 20.58 20.98 20.99 20.97 20.75 20.88 20.99 21.05 21.05 21.01 20.88 20.87 20.87 20.96 21.00 20.98 20.96 20.97 20.98 20.99 21.00 21.02 20.99 20.98 20.99 21.01 21.02 21.02 21.03 21.02 21.04 21.01 20.99 20.98 20.97 20.96 20.98 20.96 20.93 20.96
