main/data/irradiance/26.02.2023.grid
ncols 839
nrows 679
xllcenter 112.0500
yllcenter -43.9500
cellsize 0.0500
nodata_value 99999.90
[rows 272 to 305 of 679, columns 0 to 76 of 839]
99999.90 99999.90 99999.90 99999.90 99999.90 99999.90 99999.90 99999.90 99999.90 99999.90 99999.90 99999.90 99999.90 99999.90 99999.90 99999.90 99999.90 99999.90 11.73 13.54 13.54 13.54 12.26 12.26 12.26 12.26 12.26 14.20 14.20 14.20 14.20 14.82 14.82 14.20 14.51 15.26 16.99 16.36 14.42 13.25 13.81 12.46 12.31 12.84 11.43 10.69 10.87 11.88 12.48 12.29 12.49 12.99 13.16 13.65 13.05 13.47 13.64 14.47 15.36 15.53 16.69 16.67 17.85 18.43 19.80 19.50 19.97 19.74 20.57 20.72 20.07 21.55 22.91 23.62 23.40 23.20 23.98
99999.90 99999.90 99999.90 99999.90 99999.90 99999.90 99999.90 99999.90 99999.90 99999.90 99999.90 99999.90 99999.90 99999.90 99999.90 99999.90 99999.90 99999.90 11.73 13.54 13.54 13.54 13.54 13.54 12.26 12.26 12.26 12.26 12.26 14.20 14.20 14.20 13.71 13.99 13.77 17.22 16.47 15.16 13.31 13.28 13.12 13.05 12.04 12.29 11.81 11.30 11.06 11.57 12.13 12.59 13.68 14.32 14.46 13.81 13.54 13.55 13.72 13.42 14.42 14.71 15.90 17.73 18.57 18.79 20.12 20.57 21.36 21.36 20.70 20.83 20.02 20.33 22.58 23.31 23.20 22.35 23.45
99999.90 99999.90 99999.90 99999.90 99999.90 99999.90 99999.90 99999.90 99999.90 99999.90 99999.90 99999.90 99999.90 99999.90 99999.90 99999.90 99999.90 9.89 11.73 13.54 13.54 13.54 13.54 13.54 13.54 13.54 12.26 12.26 12.26 12.26 13.42 13.42 13.56 14.38 15.08 21.08 16.07 14.31 12.91 13.53 13.29 12.49 12.07 11.88 11.34 10.89 12.47 13.26 13.52 14.64 14.80 14.09 14.94 14.10 13.07 12.86 13.38 12.60 12.49 14.60 16.51 17.13 17.82 18.11 18.77 19.61 20.39 20.52 21.19 19.44 18.31 19.58 22.07 23.28 23.41 23.63 23.99
99999.90 99999.90 99999.90 99999.90 99999.90 99999.90 99999.90 99999.90 99999.90 99999.90 99999.90 99999.90 99999.90 99999.90 99999.90 99999.90 99999.90 9.89 11.73 13.54 13.54 13.54 13.54 13.54 13.54 13.54 13.54 13.54 12.26 12.26 12.26 12.34 12.71 13.06 15.47 18.33 14.29 13.45 13.36 13.06 13.46 12.85 11.76 11.74 11.89 11.84 13.17 14.60 15.79 15.72 13.94 14.41 13.71 12.67 12.20 11.47 12.24 11.86 13.89 15.76 17.36 17.34 16.49 18.67 19.66 19.10 18.69 18.74 19.60 17.92 18.53 22.53 24.25 23.76 23.13 22.96 24.06
99999.90 99999.90 99999.90 99999.90 99999.90 99999.90 99999.90 99999.90 99999.90 99999.90 99999.90 99999.90 99999.90 99999.90 99999.90 99999.90 99999.90 9.89 11.73 11.73 11.73 13.54 13.54 13.54 13.54 13.54 13.54 13.54 13.54 12.05 12.05 12.04 11.51 13.27 14.76 15.20 13.60 13.85 12.44 12.40 12.84 13.11 11.84 11.20 11.46 11.54 13.26 15.66 15.47 14.19 13.55 13.84 12.87 11.91 12.12 10.78 11.72 12.06 13.97 15.69 17.27 17.18 17.04 18.34 20.82 19.33 18.88 18.70 19.61 17.95 18.13 20.36 23.53 25.27 22.19 22.01 24.09
99999.90 99999.90 99999.90 99999.90 99999.90 99999.90 99999.90 99999.90 99999.90 99999.90 99999.90 99999.90 99999.90 99999.90 99999.90 99999.90 99999.90 9.89 11.73 11.73 11.73 11.73 11.73 11.73 13.54 13.54 13.54 13.54 13.54 13.54 13.67 12.72 11.48 12.03 12.36 13.98 13.73 13.00 12.08 12.10 13.20 13.66 12.89 12.16 12.01 13.06 14.12 15.29 14.87 13.21 13.24 12.75 12.57 12.13 12.45 11.40 11.84 12.95 14.57 16.38 16.61 16.53 18.65 20.56 20.64 19.52 18.90 18.58 20.02 16.87 17.59 20.26 20.08 22.76 22.41 23.18 23.73
99999.90 99999.90 99999.90 99999.90 99999.90 99999.90 99999.90 99999.90 99999.90 99999.90 99999.90 99999.90 99999.90 99999.90 99999.90 99999.90 99999.90 9.89 11.73 11.73 11.73 11.73 11.73 11.73 11.73 11.73 11.73 12.81 12.81 12.81 12.62 12.23 11.45 12.57 12.13 13.12 14.50 13.18 12.41 12.74 13.15 14.44 14.12 13.32 12.92 13.73 14.31 14.93 15.09 13.93 13.51 12.29 12.15 12.27 12.94 12.61 12.73 14.23 15.49 15.59 16.76 17.49 18.18 21.17 21.65 20.00 20.79 21.33 20.77 20.33 19.96 18.78 19.13 21.08 22.35 23.34 23.42
99999.90 99999.90 99999.90 99999.90 99999.90 99999.90 99999.90 99999.90 99999.90 99999.90 99999.90 99999.90 99999.90 99999.90 99999.90 99999.90 99999.90 9.89 11.73 11.73 11.73 11.73 11.73 11.73 11.73 11.73 11.73 11.73 11.13 11.13 12.14 11.12 11.07 13.11 12.01 13.72 14.36 14.26 12.86 12.84 12.71 13.45 13.31 13.23 13.13 13.23 14.13 15.02 14.98 14.21 12.66 12.01 10.91 11.95 12.69 11.99 14.52 16.06 15.64 16.58 17.83 19.37 18.48 20.39 20.83 19.70 20.57 21.83 22.87 22.06 20.39 20.15 21.08 21.36 22.88 22.45 22.90
99999.90 99999.90 99999.90 99999.90 99999.90 99999.90 99999.90 99999.90 99999.90 99999.90 99999.90 99999.90 99999.90 99999.90 99999.90 99999.90 99999.90 9.89 9.89 9.89 11.73 11.73 11.73 11.73 11.73 11.73 11.73 11.73 11.73 10.38 11.58 10.28 11.14 11.14 11.85 12.74 13.62 13.20 13.58 13.34 12.97 12.22 11.93 12.55 12.76 13.06 13.85 13.03 12.44 11.89 11.55 11.52 10.86 12.45 13.79 14.44 15.71 18.29 18.66 16.99 17.74 20.13 20.85 20.66 19.58 21.10 22.91 22.93 22.02 21.88 22.80 23.74 23.62 22.21 22.40 21.00 24.13
99999.90 99999.90 99999.90 99999.90 99999.90 99999.90 99999.90 99999.90 99999.90 99999.90 99999.90 99999.90 99999.90 99999.90 99999.90 99999.90 99999.90 9.89 9.89 9.89 9.89 9.89 9.89 11.59 11.59 11.59 11.59 11.59 11.59 10.17 10.62 11.59 11.47 11.45 11.63 12.54 12.35 12.70 13.27 13.54 12.74 12.24 12.44 12.07 12.50 13.00 12.58 11.70 10.80 10.18 10.88 11.38 10.46 11.84 13.74 16.94 18.41 19.19 19.32 20.12 20.20 21.11 20.38 20.75 20.48 22.28 23.55 23.11 22.49 21.73 23.39 24.01 23.77 24.48 24.69 24.12 24.15
99999.90 99999.90 99999.90 99999.90 99999.90 99999.90 99999.90 99999.90 99999.90 99999.90 99999.90 99999.90 99999.90 99999.90 99999.90 99999.90 99999.90 9.89 9.89 9.89 9.89 9.89 9.89 9.89 9.89 9.89 10.54 10.54 10.54 9.57 10.47 11.34 11.62 11.35 12.30 12.29 12.20 12.63 12.42 13.98 12.68 12.83 12.12 11.47 12.10 13.37 12.39 11.11 10.31 9.64 11.14 12.41 11.97 13.04 14.81 16.79 19.03 20.44 20.60 20.65 20.04 20.64 20.06 20.96 21.78 22.14 21.50 22.33 22.02 22.55 23.23 23.87 24.37 25.75 23.84 24.08 24.80
99999.90 99999.90 99999.90 99999.90 99999.90 99999.90 99999.90 99999.90 99999.90 99999.90 99999.90 99999.90 99999.90 99999.90 99999.90 99999.90 99999.90 9.89 9.89 9.89 9.89 9.89 9.89 9.89 9.89 9.89 9.89 9.58 9.58 8.79 10.74 11.59 12.34 11.80 12.58 12.47 12.38 12.42 12.82 13.53 12.11 10.75 11.08 11.16 11.94 12.93 12.58 11.25 11.08 10.65 11.74 14.36 15.18 15.31 15.52 16.45 19.63 19.90 19.89 21.18 19.66 19.88 21.26 20.34 19.70 20.46 20.93 22.10 20.23 22.36 23.26 25.16 26.26 24.77 25.47 24.40 25.72
99999.90 99999.90 99999.90 99999.90 99999.90 99999.90 99999.90 99999.90 99999.90 99999.90 99999.90 99999.90 99999.90 99999.90 99999.90 99999.90 99999.90 9.89 9.89 9.89 9.89 9.89 9.89 9.89 9.89 9.89 9.89 9.89 8.73 8.56 12.02 15.67 12.98 12.25 12.12 13.19 12.42 11.84 11.90 13.14 11.87 10.13 11.47 11.03 11.63 12.20 12.40 11.95 12.62 12.72 14.16 15.57 15.59 15.65 15.19 16.07 18.64 19.45 17.94 18.09 19.32 19.54 20.27 19.50 19.58 19.42 20.37 20.19 19.76 22.18 23.34 24.03 25.40 24.41 24.65 25.46 25.98
99999.90 99999.90 99999.90 99999.90 99999.90 99999.90 99999.90 99999.90 99999.90 99999.90 99999.90 99999.90 99999.90 99999.90 99999.90 99999.90 99999.90 10.06 10.06 10.06 10.06 10.06 10.06 10.06 10.06 10.06 10.06 10.06 9.87 9.55 11.64 13.39 14.78 13.27 12.25 13.01 10.97 11.11 11.42 10.76 10.85 10.52 10.94 10.35 11.12 11.50 11.17 11.77 12.56 12.81 15.51 15.96 15.88 14.08 14.50 15.95 19.34 20.00 16.95 17.12 19.33 19.50 20.59 19.81 18.99 19.90 20.93 21.40 21.65 22.44 22.55 22.84 24.94 25.45 24.71 25.44 25.67
99999.90 99999.90 99999.90 99999.90 99999.90 99999.90 99999.90 99999.90 99999.90 99999.90 99999.90 99999.90 99999.90 99999.90 99999.90 99999.90 99999.90 10.06 10.06 10.06 10.06 10.06 10.06 10.06 10.06 10.06 10.06 10.06 10.69 9.73 11.90 13.91 13.83 13.21 12.00 12.12 11.05 10.17 11.68 11.11 10.34 10.01 9.93 9.51 10.42 10.10 10.84 12.94 12.04 11.82 13.75 15.77 14.67 13.23 16.13 18.11 19.04 20.15 18.34 17.18 19.34 22.12 21.46 18.94 17.42 20.04 20.52 21.37 22.80 22.55 21.77 23.02 23.41 22.79 23.75 24.40 25.43
99999.90 99999.90 99999.90 99999.90 99999.90 99999.90 99999.90 99999.90 99999.90 99999.90 99999.90 99999.90 99999.90 99999.90 99999.90 99999.90 99999.90 10.06 10.06 10.06 10.06 10.06 10.06 10.06 10.06 10.06 10.31 10.31 10.31 10.46 11.57 14.46 11.96 11.82 10.73 10.32 10.49 10.93 11.87 10.88 10.05 9.93 10.22 9.38 9.99 11.08 11.50 11.59 11.66 13.13 14.15 15.51 16.04 13.82 13.55 16.24 18.51 19.13 19.26 19.54 19.76 21.41 19.34 17.32 17.71 19.47 21.09 20.72 22.31 23.08 22.11 21.31 22.79 21.37 21.87 24.13 24.11
99999.90 99999.90 99999.90 99999.90 99999.90 99999.90 99999.90 99999.90 99999.90 99999.90 99999.90 99999.90 99999.90 99999.90 99999.90 99999.90 99999.90 10.06 10.06 10.06 10.06 10.06 10.06 10.06 10.66 10.66 10.66 10.66 10.66 10.82 15.39 12.42 10.65 10.10 10.29 9.66 9.55 10.99 11.53 9.33 8.42 9.95 9.48 8.99 9.59 9.49 10.93 12.64 13.33 13.59 14.63 15.87 15.95 14.95 14.27 16.26 18.17 18.13 18.67 19.50 19.55 20.50 20.68 18.07 19.75 19.98 21.17 21.89 22.08 21.20 21.52 21.96 22.90 22.01 22.99 24.39 24.65
99999.90 99999.90 99999.90 99999.90 99999.90 99999.90 99999.90 99999.90 99999.90 99999.90 99999.90 99999.90 99999.90 99999.90 99999.90 99999.90 99999.90 10.06 10.06 10.06 10.71 10.71 10.71 10.71 10.71 10.71 10.71 10.71 10.71 10.90 12.14 10.97 9.95 9.75 9.10 9.63 9.92 11.03 10.76 9.37 7.99 8.63 8.80 8.19 9.22 10.94 11.83 13.09 13.22 15.93 17.07 17.78 17.29 17.41 16.35 16.46 17.40 16.89 17.05 18.09 20.03 20.91 22.11 18.90 20.02 20.39 21.50 22.26 23.17 21.29 21.68 22.65 23.09 23.29 23.45 25.01 25.33
99999.90 99999.90 99999.90 99999.90 99999.90 99999.90 99999.90 99999.90 99999.90 99999.90 99999.90 99999.90 99999.90 99999.90 99999.90 99999.90 99999.90 10.06 10.71 10.71 10.71 10.71 10.71 10.71 10.71 10.71 10.71 10.71 10.71 11.23 11.86 9.49 9.72 9.31 9.09 8.74 9.48 11.08 9.70 8.30 8.47 8.70 9.25 9.98 12.00 12.38 12.37 15.17 15.27 16.35 18.81 17.70 19.66 18.91 16.27 15.66 15.97 17.12 16.81 17.74 20.21 21.28 21.39 19.09 18.94 18.71 21.51 21.84 22.90 21.75 22.92 23.15 22.88 22.21 21.55 24.01 24.99
99999.90 99999.90 99999.90 99999.90 99999.90 99999.90 99999.90 99999.90 99999.90 99999.90 99999.90 99999.90 99999.90 99999.90 99999.90 99999.90 99999.90 10.06 10.71 10.71 10.71 10.71 10.71 10.71 10.71 10.71 10.71 10.71 11.23 11.23 10.27 9.45 8.58 8.77 9.62 9.16 9.13 9.74 8.36 8.07 7.91 9.43 10.47 11.38 14.50 14.10 13.90 14.75 15.79 17.16 17.64 17.40 18.15 17.94 14.77 15.30 16.01 17.05 17.57 18.84 19.56 19.95 20.06 19.37 21.32 21.03 21.24 22.22 23.18 22.81 22.54 22.47 21.72 21.70 20.46 22.67 23.00
99999.90 99999.90 99999.90 99999.90 99999.90 99999.90 99999.90 99999.90 99999.90 99999.90 99999.90 99999.90 99999.90 99999.90 99999.90 99999.90 99999.90 10.06 10.71 10.71 10.71 10.71 10.71 10.71 10.71 10.71 10.71 11.23 11.23 10.27 10.27 8.26 8.38 9.71 10.44 10.30 10.12 9.47 9.69 9.25 9.35 9.83 10.88 13.36 14.79 14.71 15.29 16.44 15.90 17.43 16.26 17.20 17.50 15.70 14.60 14.58 15.55 17.16 18.16 19.06 19.91 19.99 21.44 20.40 22.98 23.56 22.02 22.28 22.78 22.56 21.09 22.07 22.35 20.36 20.65 22.16 22.91
99999.90 99999.90 99999.90 99999.90 99999.90 99999.90 99999.90 99999.90 99999.90 99999.90 99999.90 99999.90 99999.90 99999.90 99999.90 99999.90 99999.90 10.06 10.71 10.71 10.71 10.71 10.71 10.71 10.71 10.71 11.23 11.23 10.27 7.95 7.95 7.95 8.38 10.05 9.92 10.55 10.62 10.18 9.81 11.08 10.14 10.69 12.12 13.12 13.81 13.74 14.41 16.57 17.96 15.82 14.30 16.58 16.33 15.29 14.73 13.52 14.45 15.16 17.92 17.73 19.90 21.09 21.62 21.06 22.14 22.92 23.68 22.09 22.43 22.47 21.51 20.85 21.65 20.99 21.94 22.09 23.40
99999.90 99999.90 99999.90 99999.90 99999.90 99999.90 99999.90 99999.90 99999.90 99999.90 99999.90 99999.90 99999.90 99999.90 99999.90 99999.90 99999.90 10.06 10.71 10.71 10.71 10.71 10.71 10.71 10.71 11.23 11.23 7.95 7.95 7.95 7.95 7.95 8.28 9.24 9.37 9.55 11.12 11.08 10.57 11.41 9.67 10.41 12.16 13.39 13.78 13.35 13.69 15.39 17.15 14.87 14.43 15.61 15.30 14.36 16.15 15.42 15.61 16.86 16.68 16.83 18.95 20.84 20.05 20.53 20.90 21.46 22.77 22.38 22.43 22.49 21.49 20.55 21.33 23.61 23.01 23.21 24.08
99999.90 99999.90 99999.90 99999.90 99999.90 99999.90 99999.90 99999.90 99999.90 99999.90 99999.90 99999.90 99999.90 99999.90 99999.90 99999.90 99999.90 10.06 10.71 10.71 10.71 10.71 10.71 10.71 11.23 7.95 7.95 7.95 7.95 7.95 8.49 8.49 8.49 8.89 9.08 10.03 11.71 11.28 11.65 11.48 9.95 11.49 13.69 14.53 13.38 14.10 12.81 14.91 15.50 14.83 16.40 18.82 14.98 14.08 15.87 15.96 16.57 17.72 17.73 18.95 18.79 20.18 19.39 19.43 19.62 21.51 21.69 23.59 22.72 22.38 23.09 22.89 23.01 22.81 22.64 23.76 24.67
99999.90 99999.90 99999.90 99999.90 99999.90 99999.90 99999.90 99999.90 99999.90 99999.90 99999.90 99999.90 99999.90 99999.90 99999.90 99999.90 99999.90 99999.90 10.71 10.71 10.71 10.71 10.71 11.23 7.95 7.95 7.95 7.95 8.13 8.13 8.13 8.13 8.13 8.19 8.50 8.85 10.77 12.10 11.87 10.97 9.29 11.37 12.67 11.92 13.67 13.32 12.24 13.39 15.30 16.27 16.55 17.96 16.11 14.91 13.79 14.94 15.90 18.88 17.50 17.71 19.01 18.93 19.28 19.71 20.94 20.80 21.34 23.42 22.06 21.69 21.77 22.01 21.74 22.51 23.41 23.88 24.45
99999.90 99999.90 99999.90 99999.90 99999.90 99999.90 99999.90 99999.90 99999.90 99999.90 99999.90 99999.90 99999.90 99999.90 99999.90 99999.90 99999.90 99999.90 10.71 10.71 10.71 10.71 7.95 7.95 7.95 8.13 8.13 8.13 8.13 8.13 8.13 8.13 8.13 8.72 9.00 9.12 10.76 12.92 11.67 11.17 10.73 11.35 9.91 10.53 12.82 13.85 13.10 13.52 14.02 15.63 15.13 15.81 15.86 16.59 13.81 14.54 15.97 16.61 16.79 17.52 18.97 18.90 19.85 20.58 20.58 19.33 22.29 22.75 22.31 22.40 22.13 22.84 23.49 23.48 23.44 23.44 24.94
99999.90 99999.90 99999.90 99999.90 99999.90 99999.90 99999.90 99999.90 99999.90 99999.90 99999.90 99999.90 99999.90 99999.90 99999.90 99999.90 99999.90 99999.90 10.71 10.71 10.71 7.95 8.13 8.13 8.13 8.13 8.13 8.13 8.13 8.13 8.13 10.17 10.17 10.17 9.42 9.80 11.50 12.75 11.28 9.42 9.96 10.57 10.28 11.37 13.40 15.09 14.29 12.84 15.52 15.49 13.31 14.46 15.25 15.97 14.66 14.51 15.23 16.08 17.61 17.72 17.93 18.47 20.03 20.54 20.30 19.66 21.02 21.83 22.98 23.49 23.24 23.32 23.95 24.03 24.32 23.93 24.02
99999.90 99999.90 99999.90 99999.90 99999.90 99999.90 99999.90 99999.90 99999.90 99999.90 99999.90 99999.90 99999.90 99999.90 99999.90 99999.90 99999.90 99999.90 10.71 10.71 11.23 7.95 8.13 8.13 8.13 8.13 8.13 8.13 8.13 10.22 10.22 10.22 10.22 10.22 10.07 9.71 10.84 12.50 11.22 9.61 11.21 11.23 12.15 13.21 14.50 14.48 15.72 16.02 16.69 15.93 14.67 13.88 15.90 16.60 16.15 15.66 15.52 17.12 16.98 18.06 18.65 18.81 20.17 20.41 19.79 19.58 20.57 21.31 23.42 23.11 23.70 23.49 23.86 23.95 24.41 24.43 24.18
99999.90 99999.90 99999.90 99999.90 99999.90 99999.90 99999.90 99999.90 10.16 10.16 10.16 10.16 10.16 10.16 10.16 10.16 10.16 10.16 10.16 10.16 10.16 10.16 8.13 8.13 8.13 8.88 8.88 8.88 8.88 8.88 8.88 8.88 8.88 8.88 8.66 9.51 11.45 12.44 11.49 10.13 10.34 11.69 13.27 14.47 14.35 13.54 15.92 16.61 17.20 16.01 15.98 15.32 15.77 15.94 16.78 16.80 17.07 16.86 16.70 17.76 18.48 19.44 19.61 20.37 20.81 21.52 21.61 22.51 23.18 23.43 24.11 23.05 23.77 24.28 24.20 24.32 24.29
99999.90 99999.90 99999.90 99999.90 99999.90 99999.90 99999.90 99999.90 10.16 10.16 10.16 10.16 10.16 10.16 10.16 10.16 10.16 10.16 10.16 10.16 10.16 10.16 10.16 8.93 8.93 8.93 8.93 8.93 8.93 8.93 8.93 8.93 8.93 8.93 9.69 9.64 10.55 11.43 11.23 12.94 13.17 13.22 12.95 15.16 15.54 15.22 16.42 15.69 17.09 16.32 17.38 16.74 16.77 16.05 16.62 17.87 17.25 18.28 17.52 17.51 18.41 18.67 19.47 20.42 21.40 21.95 21.42 22.16 22.86 23.58 23.82 23.57 23.51 24.16 24.07 23.79 24.49
99999.90 99999.90 99999.90 99999.90 99999.90 99999.90 99999.90 99999.90 10.16 10.16 10.16 10.16 10.16 10.16 10.16 10.16 10.16 10.16 10.16 10.16 10.16 10.16 10.16 10.16 8.93 8.93 8.93 8.93 8.93 8.93 8.93 8.93 8.93 8.93 9.69 10.50 10.54 11.04 11.15 11.95 12.41 13.48 13.27 14.85 15.52 15.41 15.72 14.47 14.58 15.65 16.99 17.78 17.67 17.37 17.11 18.18 18.49 19.05 19.01 18.37 19.25 19.09 18.69 18.86 20.50 21.64 21.91 21.78 22.36 23.75 24.27 23.04 23.59 23.20 23.67 24.79 24.50
99999.90 99999.90 99999.90 99999.90 99999.90 99999.90 99999.90 99999.90 10.16 10.16 10.16 10.16 10.16 10.16 10.16 10.16 10.16 10.16 10.16 10.16 10.16 10.16 10.16 10.16 11.11 8.93 8.93 8.93 8.93 8.93 8.93 8.93 8.93 8.93 10.50 10.50 10.40 10.94 11.97 11.69 13.43 13.55 12.43 13.96 13.90 14.42 14.48 15.56 15.92 15.28 17.44 18.18 16.79 17.32 18.56 18.39 19.24 20.02 19.75 20.09 19.98 19.71 19.65 19.66 20.49 21.19 21.60 22.31 22.37 22.72 23.06 23.17 22.84 22.51 23.37 23.24 23.71
99999.90 99999.90 99999.90 99999.90 99999.90 99999.90 99999.90 99999.90 10.16 10.16 10.16 10.16 10.16 10.16 10.16 10.16 10.16 10.16 10.16 10.16 10.16 10.16 10.16 10.16 11.11 11.11 11.11 8.93 8.93 8.93 8.93 8.93 8.93 10.50 11.11 11.11 11.11 11.52 12.23 12.90 14.30 14.37 13.99 13.73 12.80 12.63 14.26 16.32 17.37 16.19 16.32 16.99 16.34 17.39 18.33 17.96 18.92 20.07 20.69 20.44 21.25 20.70 21.47 20.54 20.53 21.83 22.39 22.79 22.43 22.51 21.62 22.77 22.48 22.90 22.93 23.79 24.29
99999.90 99999.90 99999.90 99999.90 99999.90 99999.90 99999.90 99999.90 10.16 10.16 10.16 10.16 10.16 10.16 10.16 10.16 10.16 10.16 10.16 10.16 10.16 10.16 10.16 10.16 11.11 11.11 11.11 11.11 11.11 8.93 8.93 8.93 8.93 11.11 11.11 11.11 11.11 11.76 12.34 13.08 13.88 14.36 14.09 14.08 12.69 13.37 14.37 16.03 17.03 16.16 15.54 16.35 16.83 16.55 18.31 19.30 20.20 20.93 20.84 21.44 21.50 20.79 21.81 21.51 21.83 22.15 22.64 22.83 22.00 20.93 21.60 21.96 23.82 22.96 23.02 23.52 23.96
