main/data/irradiance/26.02.2023.grid
ncols 839
nrows 679
xllcenter 112.0500
yllcenter -43.9500
cellsize 0.0500
nodata_value 99999.90
[rows 68 to 101 of 679, columns 231 to 307 of 839]
99999.90 99999.90 99999.90 99999.90 99999.90 99999.90 99999.90 99999.90 99999.90 99999.90 99999.90 99999.90 99999.90 99999.90 99999.90 99999.90 99999.90 99999.90 99999.90 99999.90 99999.90 99999.90 99999.90 99999.90 99999.90 99999.90 99999.90 99999.90 99999.90 99999.90 99999.90 99999.90 99999.90 99999.90 99999.90 99999.90 99999.90 99999.90 99999.90 99999.90 9.62 9.62 9.62 9.62 9.62 9.62 9.62 9.62 9.62 9.62 9.62 9.62 9.62 9.62 9.62 9.62 8.97 8.97 8.97 8.97 8.97 8.97 8.97 8.97 8.97 8.97 7.96 7.24 7.24 7.24 7.24 7.24 7.24 7.24 7.24 7.34 7.34
99999.90 99999.90 99999.90 99999.90 99999.90 99999.90 99999.90 99999.90 99999.90 99999.90 99999.90 99999.90 99999.90 99999.90 99999.90 99999.90 99999.90 99999.90 99999.90 99999.90 99999.90 99999.90 99999.90 99999.90 99999.90 99999.90 99999.90 99999.90 99999.90 99999.90 99999.90 99999.90 99999.90 99999.90 99999.90 99999.90 99999.90 99999.90 99999.90 99999.90 9.62 9.62 9.62 9.62 9.62 9.62 9.62 9.62 9.62 9.62 9.62 9.62 9.62 9.62 9.62 9.62 8.97 8.97 8.97 8.97 8.97 8.97 8.97 8.97 8.97 8.97 7.96 7.24 7.24 7.24 7.24 7.24 7.24 7.24 8.31 7.34 7.34
99999.90 99999.90 99999.90 99999.90 99999.90 99999.90 99999.90 99999.90 99999.90 99999.90 99999.90 99999.90 99999.90 99999.90 99999.90 99999.90 99999.90 99999.90 99999.90 99999.90 99999.90 99999.90 99999.90 99999.90 99999.90 99999.90 99999.90 99999.90 99999.90 99999.90 99999.90 99999.90 99999.90 99999.90 99999.90 99999.90 99999.90 99999.90 9.09 9.09 9.62 9.62 9.62 9.62 9.62 9.62 9.62 9.62 9.62 9.62 9.62 9.62 9.62 9.62 9.62 9.62 8.97 8.97 8.97 8.97 8.97 8.97 8.97 8.97 8.97 8.97 7.96 7.24 7.24 7.24 7.24 7.24 7.24 7.24 8.31 7.34 7.34
99999.90 99999.90 99999.90 99999.90 99999.90 99999.90 99999.90 99999.90 99999.90 99999.90 99999.90 99999.90 99999.90 99999.90 99999.90 99999.90 99999.90 99999.90 99999.90 99999.90 99999.90 99999.90 99999.90 99999.90 99999.90 99999.90 99999.90 99999.90 99999.90 99999.90 99999.90 99999.90 99999.90 99999.90 99999.90 99999.90 99999.90 99999.90 9.09 9.09 9.09 9.62 9.62 9.62 9.62 9.62 9.62 9.62 9.62 9.62 9.62 9.62 9.62 9.62 9.62 9.62 8.97 8.97 8.97 8.97 8.97 8.97 8.97 8.97 8.97 8.97 7.96 7.24 7.24 7.24 7.24 7.24 7.24 8.31 8.31 7.34 7.34
99999.90 99999.90 99999.90 99999.90 99999.90 99999.90 99999.90 99999.90 99999.90 99999.90 99999.90 99999.90 99999.90 99999.90 99999.90 99999.90 99999.90 99999.90 99999.90 99999.90 99999.90 99999.90 99999.90 99999.90 99999.90 99999.90 99999.90 99999.90 99999.90 99999.90 99999.90 99999.90 99999.90 99999.90 99999.90 99999.90 99999.90 99999.90 9.09 9.09 9.09 9.09 9.62 9.62 9.62 9.62 9.62 9.62 9.62 9.62 9.62 9.62 9.62 9.62 9.62 9.62 14.18 8.97 8.97 8.97 8.97 8.97 8.97 8.97 8.97 8.97 7.96 7.24 7.24 7.24 7.24 7.24 7.22 8.31 8.31 7.34 7.34
99999.90 99999.90 99999.90 99999.90 99999.90 99999.90 99999.90 99999.90 99999.90 99999.90 99999.90 99999.90 99999.90 99999.90 99999.90 99999.90 99999.90 99999.90 99999.90 99999.90 99999.90 99999.90 99999.90 99999.90 99999.90 99999.90 99999.90 99999.90 99999.90 99999.90 99999.90 99999.90 99999.90 99999.90 99999.90 99999.90 99999.90 99999.90 9.09 9.09 9.09 9.09 9.09 9.62 9.62 9.62 9.62 9.62 9.62 9.62 9.62 9.62 9.62 9.62 9.62 9.62 14.18 14.97 8.97 8.97 8.97 8.97 8.97 8.97 8.97 8.97 7.96 7.24 7.24 7.24 7.24 7.22 7.22 8.31 8.31 7.34 7.34
99999.90 99999.90 99999.90 99999.90 99999.90 99999.90 99999.90 99999.90 99999.90 99999.90 99999.90 99999.90 99999.90 99999.90 99999.90 99999.90 99999.90 99999.90 99999.90 99999.90 99999.90 99999.90 99999.90 99999.90 99999.90 99999.90 99999.90 99999.90 99999.90 99999.90 99999.90 99999.90 99999.90 99999.90 99999.90 99999.90 99999.90 99999.90 9.09 9.09 9.09 9.09 9.09 9.09 9.62 9.62 9.62 9.62 9.62 9.62 9.62 9.62 9.62 9.62 9.62 14.18 14.18 14.97 8.97 8.97 8.97 8.97 8.97 8.97 8.97 8.97 7.96 7.24 7.24 7.24 7.22 7.22 8.31 8.31 8.31 7.34 7.34
99999.90 99999.90 99999.90 99999.90 99999.90 99999.90 99999.90 99999.90 99999.90 99999.90 99999.90 99999.90 99999.90 99999.90 99999.90 99999.90 99999.90 99999.90 99999.90 99999.90 99999.90 99999.90 99999.90 99999.90 99999.90 99999.90 99999.90 99999.90 99999.90 99999.90 10.32 10.32 10.32 10.32 10.32 10.32 10.32 10.32 10.32 10.32 9.09 9.09 9.09 9.09 9.09 9.62 9.62 9.62 9.62 9.62 9.62 9.62 9.62 9.62 9.62 14.18 14.18 14.97 14.97 8.97 8.97 8.97 8.97 8.97 8.97 8.97 7.96 7.24 7.24 7.22 7.22 8.64 8.31 8.31 8.31 7.34 7.34
99999.90 99999.90 99999.90 99999.90 99999.90 99999.90 99999.90 99999.90 99999.90 99999.90 99999.90 99999.90 99999.90 99999.90 99999.90 99999.90 99999.90 99999.90 99999.90 99999.90 99999.90 99999.90 99999.90 99999.90 99999.90 99999.90 99999.90 99999.90 99999.90 99999.90 10.32 10.32 10.32 10.32 10.32 10.32 10.32 10.32 10.32 10.32 9.09 9.09 9.09 9.09 9.09 9.09 9.62 9.62 9.62 9.62 9.62 9.62 9.62 9.62 9.62 14.18 14.18 14.97 14.97 14.97 8.68 8.68 8.68 8.68 8.68 7.63 8.13 8.25 7.22 7.22 8.64 8.64 8.31 8.31 8.31 7.34 7.34
99999.90 99999.90 99999.90 99999.90 99999.90 99999.90 99999.90 99999.90 99999.90 99999.90 99999.90 99999.90 99999.90 99999.90 99999.90 99999.90 99999.90 99999.90 99999.90 99999.90 99999.90 99999.90 99999.90 99999.90 99999.90 99999.90 99999.90 99999.90 99999.90 99999.90 10.32 10.32 10.32 10.32 10.32 10.32 10.32 10.32 10.32 10.32 10.32 9.09 9.09 9.09 9.09 9.09 9.09 9.62 9.62 9.62 9.62 9.62 9.62 9.62 14.18 14.18 14.18 14.97 14.97 14.97 8.68 8.68 8.68 8.68 8.68 9.10 7.70 7.69 8.51 8.64 8.64 8.64 8.31 8.31 8.31 7.34 7.34
99999.90 99999.90 99999.90 99999.90 99999.90 99999.90 99999.90 99999.90 99999.90 99999.90 99999.90 99999.90 99999.90 99999.90 99999.90 99999.90 99999.90 99999.90 99999.90 99999.90 99999.90 99999.90 99999.90 99999.90 99999.90 99999.90 99999.90 99999.90 99999.90 99999.90 10.32 10.32 10.32 10.32 10.32 10.32 10.32 10.32 10.32 10.32 10.32 12.44 9.09 9.09 9.09 9.09 9.09 9.09 9.62 9.62 9.62 9.62 9.62 12.19 14.18 14.18 14.18 14.97 14.97 14.97 14.97 8.57 9.65 9.65 9.84 9.84 8.01 7.61 8.49 9.73 9.73 6.29 8.31 8.31 8.31 7.34 7.34
99999.90 99999.90 99999.90 99999.90 99999.90 99999.90 99999.90 99999.90 99999.90 99999.90 99999.90 99999.90 99999.90 99999.90 99999.90 99999.90 99999.90 99999.90 99999.90 99999.90 99999.90 6.92 6.92 6.92 6.92 6.92 6.92 6.92 6.92 6.92 6.92 6.92 10.32 10.32 10.32 10.32 10.32 10.32 10.32 10.32 10.32 12.44 9.09 9.09 9.09 9.09 9.09 9.09 9.09 9.89 9.62 12.19 12.19 12.19 14.18 14.18 14.18 14.97 14.97 14.97 14.97 8.57 8.57 9.65 9.65 9.20 7.22 6.99 8.37 10.00 7.88 6.29 6.55 8.32 8.22 7.71 8.24
99999.90 99999.90 99999.90 99999.90 99999.90 99999.90 99999.90 99999.90 99999.90 99999.90 99999.90 99999.90 99999.90 99999.90 99999.90 99999.90 99999.90 99999.90 99999.90 99999.90 99999.90 6.92 6.92 6.92 6.92 6.92 6.92 6.92 6.92 6.92 6.92 6.92 6.92 10.32 10.32 10.32 10.32 10.32 10.32 10.32 10.32 12.44 12.44 9.09 9.09 9.09 9.09 9.09 9.09 9.89 11.83 12.19 12.19 12.19 14.48 14.18 14.18 14.97 14.97 14.97 8.48 8.57 8.57 8.57 8.02 8.71 7.93 8.19 7.25 8.34 7.64 6.85 7.26 8.54 8.95 8.06 7.92
99999.90 99999.90 99999.90 99999.90 99999.90 99999.90 99999.90 99999.90 99999.90 99999.90 99999.90 99999.90 99999.90 99999.90 99999.90 99999.90 99999.90 99999.90 99999.90 99999.90 6.70 6.92 6.92 6.92 6.92 6.92 6.92 6.92 6.92 6.92 6.92 6.92 6.92 10.32 10.32 10.32 10.32 10.32 10.32 10.32 10.32 12.44 12.44 12.44 9.09 9.09 9.09 9.09 9.09 9.89 11.83 12.68 12.68 12.68 14.48 14.48 12.81 12.30 12.30 12.30 8.48 8.48 8.72 8.72 8.63 9.38 8.11 8.15 7.78 7.89 7.77 7.30 8.76 9.45 9.03 8.12 8.29
99999.90 99999.90 99999.90 99999.90 99999.90 99999.90 99999.90 99999.90 99999.90 99999.90 99999.90 99999.90 99999.90 99999.90 99999.90 99999.90 99999.90 99999.90 99999.90 99999.90 6.70 6.92 6.92 6.92 6.92 6.92 6.92 6.92 6.92 6.92 6.92 6.92 6.92 6.92 10.32 10.32 10.32 10.32 10.32 10.32 10.32 12.44 12.44 12.44 12.44 9.09 9.09 9.09 9.09 9.89 12.68 12.68 15.31 15.31 13.73 13.73 12.94 11.49 11.49 9.51 9.43 8.48 8.48 8.99 9.99 10.38 9.38 8.66 8.00 7.20 6.75 7.55 7.34 8.60 8.57 8.08 8.87
99999.90 99999.90 99999.90 99999.90 99999.90 99999.90 99999.90 99999.90 99999.90 99999.90 99999.90 99999.90 99999.90 99999.90 99999.90 99999.90 99999.90 99999.90 99999.90 99999.90 6.70 6.92 6.92 6.92 6.92 6.92 6.92 6.92 6.92 6.92 6.92 6.92 6.92 6.92 10.32 10.32 10.32 10.32 10.32 10.32 10.32 12.44 12.44 12.44 12.44 9.09 9.09 9.09 15.04 15.04 14.82 14.82 15.31 15.31 13.52 13.52 12.52 11.97 9.51 9.51 9.43 9.43 9.39 9.90 10.13 9.72 8.72 7.87 8.20 7.63 7.23 8.04 7.30 8.29 8.59 8.55 9.33
99999.90 99999.90 99999.90 99999.90 99999.90 99999.90 99999.90 99999.90 99999.90 99999.90 99999.90 99999.90 99999.90 99999.90 99999.90 99999.90 99999.90 99999.90 99999.90 99999.90 6.70 6.92 6.92 6.92 6.92 6.92 6.92 6.92 6.92 6.92 6.92 6.92 6.92 6.92 6.92 10.32 10.32 10.32 10.32 10.32 10.32 12.44 12.44 12.44 12.44 12.44 13.16 15.04 15.04 15.04 15.04 14.47 14.03 13.88 13.21 12.23 11.91 10.80 9.23 9.89 10.56 10.26 10.49 10.17 9.82 8.88 8.83 8.36 7.98 9.01 9.17 8.44 7.88 8.23 8.40 9.78 9.32
99999.90 99999.90 99999.90 99999.90 99999.90 99999.90 99999.90 99999.90 99999.90 99999.90 99999.90 99999.90 99999.90 99999.90 99999.90 99999.90 99999.90 99999.90 99999.90 99999.90 6.70 6.92 6.92 6.92 6.92 6.92 6.92 6.92 6.92 6.92 6.92 6.92 6.92 6.92 6.92 10.32 10.32 10.32 10.32 10.32 10.32 12.44 12.44 12.44 12.44 13.16 13.16 13.16 13.22 13.22 13.22 13.35 13.61 13.42 11.47 11.35 10.89 9.71 8.74 9.89 11.00 9.96 10.34 10.60 9.96 9.73 9.60 9.86 8.64 7.70 9.27 8.95 8.65 9.18 9.80 10.82 10.86
99999.90 99999.90 99999.90 99999.90 99999.90 99999.90 99999.90 99999.90 99999.90 99999.90 99999.90 99999.90 99999.90 99999.90 99999.90 99999.90 99999.90 99999.90 99999.90 99999.90 6.70 6.70 6.70 6.92 6.92 6.92 6.92 6.92 6.92 6.92 6.92 6.92 6.92 6.92 6.92 12.29 12.29 12.29 12.29 12.29 12.29 12.44 12.44 12.44 11.96 13.16 13.16 13.16 13.16 13.08 13.08 13.49 13.77 13.80 12.57 10.11 9.19 9.18 9.53 9.49 9.56 9.66 8.84 9.88 10.61 9.28 9.58 8.12 7.87 6.94 7.43 8.57 8.55 8.97 10.23 11.40 11.35
99999.90 99999.90 99999.90 99999.90 99999.90 99999.90 99999.90 99999.90 99999.90 99999.90 99999.90 99999.90 99999.90 99999.90 99999.90 99999.90 99999.90 99999.90 99999.90 99999.90 6.70 6.70 6.70 6.70 6.70 6.92 6.92 6.92 6.92 6.92 6.92 6.92 6.92 6.92 6.92 8.68 11.40 12.29 12.29 12.29 12.29 14.05 14.05 11.93 11.96 11.96 13.16 13.16 13.16 14.02 14.01 12.89 12.62 12.73 10.62 8.09 8.97 10.09 9.90 10.53 9.83 9.45 8.90 9.23 9.98 10.20 8.92 7.71 8.08 7.05 7.77 9.29 8.95 9.82 10.87 11.05 12.52
99999.90 99999.90 99999.90 99999.90 99999.90 99999.90 99999.90 99999.90 99999.90 99999.90 99999.90 99999.90 99999.90 99999.90 99999.90 99999.90 99999.90 99999.90 99999.90 99999.90 6.70 6.70 6.70 6.70 6.70 6.70 6.70 6.92 6.92 6.92 6.92 6.92 6.92 6.92 8.42 8.68 11.40 11.40 11.40 14.05 14.05 14.05 14.05 11.93 11.96 11.96 13.16 13.16 13.16 13.90 12.62 11.79 11.69 12.34 9.60 8.02 8.66 10.40 10.66 11.04 9.60 9.89 9.60 9.01 9.06 9.88 8.41 8.76 8.25 8.56 7.74 8.59 9.62 10.20 9.41 10.39 11.39
99999.90 99999.90 99999.90 99999.90 99999.90 99999.90 99999.90 99999.90 99999.90 99999.90 99999.90 99999.90 99999.90 99999.90 99999.90 99999.90 99999.90 99999.90 99999.90 99999.90 6.70 6.70 6.70 6.70 6.70 6.70 6.70 6.70 6.70 6.92 6.92 6.92 6.92 6.92 8.42 8.68 11.40 11.40 11.40 11.40 13.77 13.77 13.77 11.93 11.96 11.96 15.04 15.04 12.57 12.57 11.82 11.77 10.48 10.77 10.26 9.93 10.05 10.07 10.07 9.45 10.37 10.40 9.57 9.67 9.28 9.58 8.67 10.15 9.80 9.84 9.48 9.01 9.40 9.88 9.74 9.29 10.24
99999.90 99999.90 99999.90 99999.90 99999.90 99999.90 99999.90 99999.90 99999.90 99999.90 99999.90 99999.90 99999.90 99999.90 99999.90 99999.90 99999.90 99999.90 99999.90 6.48 6.70 6.70 6.70 6.70 6.70 6.70 6.70 6.70 6.70 6.70 5.87 5.87 5.87 8.42 8.42 8.68 8.68 11.40 11.40 11.40 12.83 11.65 10.62 11.29 12.47 12.47 15.04 15.04 15.04 12.54 11.53 11.02 10.36 9.47 9.42 10.33 10.94 9.78 8.82 9.19 11.29 11.44 10.79 10.84 9.61 10.40 9.10 9.26 9.63 9.42 9.95 9.03 9.22 8.72 9.13 8.54 8.77
99999.90 99999.90 99999.90 99999.90 99999.90 99999.90 99999.90 99999.90 99999.90 99999.90 99999.90 99999.90 99999.90 99999.90 99999.90 99999.90 99999.90 99999.90 99999.90 6.48 6.70 6.70 6.70 6.70 6.70 6.70 6.70 6.70 6.70 6.70 6.70 6.37 6.37 8.42 8.42 8.68 8.68 11.28 11.28 11.92 10.40 11.65 9.82 11.26 12.98 12.98 14.74 14.74 14.37 12.42 11.59 10.35 10.28 9.89 10.07 10.24 10.51 9.97 9.57 10.43 11.57 11.48 10.74 11.02 10.60 10.35 8.70 9.20 10.40 9.74 9.99 8.60 8.87 8.36 7.80 7.79 7.53
99999.90 99999.90 99999.90 99999.90 99999.90 99999.90 99999.90 99999.90 99999.90 99999.90 99999.90 99999.90 99999.90 99999.90 99999.90 99999.90 7.15 7.15 7.15 7.15 6.70 6.70 6.70 6.70 6.70 6.70 6.70 6.70 6.70 6.70 6.70 6.37 6.37 8.35 8.35 7.37 8.60 9.66 9.36 9.47 8.64 8.76 10.64 12.42 13.18 14.70 14.70 14.44 12.74 11.69 10.34 9.51 9.03 9.63 9.81 9.48 10.67 10.46 11.24 11.63 12.23 11.94 11.69 11.69 10.76 9.75 9.38 9.17 10.08 9.56 9.76 9.81 8.85 8.60 7.34 7.89 7.90
99999.90 99999.90 99999.90 99999.90 99999.90 99999.90 99999.90 99999.90 99999.90 99999.90 99999.90 99999.90 99999.90 99999.90 99999.90 99999.90 7.15 7.15 7.15 7.15 6.70 6.70 6.70 6.70 6.70 6.70 6.70 6.70 6.70 6.70 7.34 7.34 7.77 7.77 7.83 7.06 7.08 8.64 8.07 8.01 8.34 9.34 11.39 12.91 13.48 14.66 14.16 13.03 12.28 11.68 10.90 9.21 8.29 10.00 10.73 10.68 11.21 11.41 11.50 12.07 12.82 13.05 12.94 13.18 12.59 10.47 10.32 8.75 9.30 9.70 11.28 11.62 10.40 9.91 8.14 8.35 8.74
99999.90 99999.90 99999.90 99999.90 99999.90 99999.90 99999.90 99999.90 99999.90 99999.90 99999.90 99999.90 99999.90 99999.90 99999.90 99999.90 7.15 7.15 7.15 7.15 7.15 7.15 6.70 6.70 6.70 6.70 6.70 7.34 7.34 7.34 7.34 7.34 7.05 7.35 7.96 6.61 6.74 7.83 7.79 8.12 8.66 9.28 11.39 13.27 15.01 15.12 13.57 12.42 12.54 11.49 11.51 10.51 9.62 10.32 11.01 12.06 12.55 12.80 13.47 12.60 12.97 12.86 13.45 13.70 13.39 11.92 11.39 10.88 11.41 12.34 14.47 14.10 11.37 10.69 10.63 9.09 9.67
99999.90 99999.90 99999.90 99999.90 99999.90 99999.90 99999.90 99999.90 99999.90 99999.90 99999.90 99999.90 7.47 7.47 7.47 7.47 7.47 7.47 7.15 7.15 7.15 7.15 7.15 7.15 7.34 7.34 7.34 7.34 7.34 7.34 7.34 7.34 7.41 7.19 7.67 6.97 6.88 7.93 7.94 8.28 8.60 9.34 10.44 12.53 15.08 14.89 13.65 12.65 12.69 11.75 11.74 11.78 11.61 12.14 12.05 12.94 13.93 14.00 13.81 13.13 12.85 13.51 13.85 14.16 12.95 11.69 12.79 12.73 13.30 12.99 14.42 14.87 13.82 12.48 11.47 11.27 11.71
99999.90 99999.90 99999.90 99999.90 99999.90 99999.90 99999.90 99999.90 9.19 9.19 9.19 9.19 9.19 9.19 9.19 9.19 9.19 9.19 7.47 7.15 7.15 7.15 7.15 7.15 7.15 6.48 6.48 7.34 7.34 7.34 7.34 7.41 7.41 7.19 7.67 7.40 7.77 8.32 8.05 8.00 8.79 9.82 11.14 12.43 14.02 14.72 13.73 12.64 12.75 12.93 13.60 13.44 13.06 12.86 12.74 13.66 14.29 14.43 14.63 13.41 12.80 14.36 15.13 14.37 12.60 11.82 13.53 13.87 15.06 14.52 13.92 13.79 14.37 13.02 12.24 12.99 13.93
99999.90 99999.90 99999.90 99999.90 99999.90 99999.90 99999.90 99999.90 9.19 9.19 9.19 9.19 9.19 9.19 9.19 9.19 9.19 9.19 7.47 7.47 7.15 7.15 7.15 7.15 7.15 6.48 6.48 6.48 6.48 6.48 7.41 7.41 7.89 7.89 7.67 8.29 8.53 8.45 8.45 7.55 9.10 10.38 11.22 13.23 13.69 13.54 12.93 12.52 12.18 12.83 13.75 14.20 13.93 13.82 14.28 14.35 14.52 14.38 14.99 15.25 15.15 16.27 16.52 15.44 12.38 12.25 13.79 14.93 15.87 14.69 13.55 13.01 14.74 13.06 12.75 13.58 15.40
99999.90 99999.90 99999.90 99999.90 99999.90 99999.90 99999.90 99999.90 9.19 9.19 9.19 9.19 9.19 9.19 9.19 9.19 9.19 9.19 9.19 7.47 7.15 7.15 7.15 7.15 7.15 7.15 6.48 6.48 6.48 6.48 6.48 7.89 7.89 7.89 9.08 9.52 8.46 7.66 8.24 8.89 10.19 10.48 11.94 13.47 13.90 13.47 13.96 13.40 13.46 14.06 14.39 13.65 13.34 14.24 14.21 15.06 14.23 15.18 15.61 16.23 17.63 17.86 17.55 16.42 14.80 14.92 15.19 16.11 16.02 15.31 14.99 15.40 15.89 15.09 14.29 13.87 14.73
99999.90 99999.90 99999.90 99999.90 99999.90 99999.90 99999.90 99999.90 9.19 9.19 9.19 9.19 9.19 9.19 9.19 9.19 9.19 9.19 9.19 7.47 7.47 7.15 7.15 7.15 7.15 7.15 7.15 6.48 6.48 6.48 6.48 7.89 7.89 7.89 9.08 9.52 8.53 7.56 8.59 9.81 11.23 11.65 12.89 14.53 14.13 13.28 13.80 14.16 14.21 15.20 13.89 14.16 13.93 15.03 15.37 14.83 15.02 15.02 16.15 16.98 18.53 17.59 17.74 17.22 16.21 16.07 16.91 16.97 17.12 16.45 16.81 17.20 17.48 16.30 15.92 14.41 13.98
99999.90 99999.90 99999.90 99999.90 99999.90 99999.90 99999.90 7.76 9.19 9.19 9.19 9.19 9.19 9.19 9.19 9.19 9.19 9.19 9.19 7.47 7.47 7.47 7.15 7.15 7.15 7.15 7.15 6.48 6.48 6.48 6.48 7.62 9.28 9.28 9.08 8.53 8.53 8.87 9.11 10.72 12.17 12.90 13.48 14.77 14.30 14.38 14.75 13.87 14.58 15.32 14.58 15.42 14.92 15.74 16.40 15.77 16.05 15.99 16.65 17.77 19.18 18.78 18.78 18.74 16.67 16.56 17.52 18.44 17.50 17.96 18.12 18.05 17.96 17.67 17.69 15.84 14.11
99999.90 99999.90 99999.90 99999.90 99999.90 99999.90 99999.90 7.76 9.19 9.19 9.19 9.19 9.19 9.19 9.19 9.19 9.19 9.19 9.19 7.47 7.47 7.47 7.47 7.15 7.15 7.15 7.15 6.90 7.17 7.17 7.62 7.62 9.28 9.28 10.02 9.46 9.46 9.04 9.77 11.12 11.88 12.67 14.42 14.87 14.15 14.58 14.63 14.88 15.88 16.63 16.24 15.67 15.87 15.75 15.41 16.33 16.91 16.66 16.81 17.91 18.64 19.98 20.49 18.96 17.36 17.27 17.93 18.30 17.54 18.45 18.88 17.71 18.76 17.89 16.93 15.04 14.31
