main/data/irradiance/26.03.2023.grid
ncols 839
nrows 679
xllcenter 112.0500
yllcenter -43.9500
cellsize 0.0500
nodata_value 99999.90
[rows 68 to 101 of 679, columns 308 to 384 of 839]
25.84 25.84 25.84 25.84 25.84 25.84 25.84 25.84 25.84 99999.90 99999.90 99999.90 99999.90 99999.90 99999.90 99999.90 99999.90 99999.90 99999.90 99999.90 99999.90 99999.90 99999.90 99999.90 99999.90 99999.90 99999.90 99999.90 99999.90 99999.90 99999.90 99999.90 99999.90 99999.90 99999.90 99999.90 25.57 25.07 25.50 25.50 25.50 25.50 25.50 25.50 25.50 25.50 25.50 25.50 25.50 25.70 25.94 25.93 25.88 25.88 25.59 25.59 25.78 25.98 25.92 25.88 25.88 25.78 25.91 25.93 25.97 25.97 26.00 26.01 26.01 25.94 25.97 25.99 25.78 26.01 25.99 25.81 25.99
25.84 25.84 25.84 25.84 25.84 25.84 25.84 25.84 25.84 25.42 99999.90 99999.90 99999.90 99999.90 99999.90 99999.90 99999.90 99999.90 99999.90 99999.90 99999.90 99999.90 99999.90 99999.90 99999.90 99999.90 99999.90 99999.90 99999.90 99999.90 99999.90 99999.90 99999.90 99999.90 99999.90 99999.90 25.57 25.07 25.07 25.07 25.50 25.50 25.50 25.50 25.50 25.50 25.50 25.50 25.50 25.70 25.94 25.93 25.88 25.88 25.89 25.92 25.86 25.92 25.91 25.92 25.80 25.86 25.95 25.94 25.95 25.96 25.98 25.94 25.88 25.96 25.98 26.01 25.89 25.99 25.98 25.89 25.66
25.84 25.84 25.84 25.84 25.84 25.84 25.84 25.84 25.42 25.42 99999.90 99999.90 99999.90 99999.90 99999.90 99999.90 99999.90 99999.90 99999.90 99999.90 99999.90 99999.90 99999.90 99999.90 99999.90 99999.90 99999.90 99999.90 99999.90 99999.90 99999.90 99999.90 99999.90 99999.90 99999.90 25.81 25.57 25.07 25.07 25.07 25.07 25.07 25.07 25.50 25.50 25.50 25.50 25.50 25.50 25.70 25.94 25.93 25.89 25.90 25.81 25.75 25.86 25.89 25.89 25.88 25.79 25.89 25.89 25.96 25.97 25.99 25.98 25.96 25.95 25.96 25.87 25.97 25.99 25.99 25.89 25.97 25.77
25.84 25.84 25.84 25.84 25.84 25.84 25.84 25.42 25.42 25.42 24.75 24.75 99999.90 99999.90 99999.90 99999.90 99999.90 99999.90 99999.90 99999.90 99999.90 99999.90 99999.90 99999.90 99999.90 99999.90 99999.90 99999.90 99999.90 99999.90 99999.90 99999.90 25.86 25.86 25.86 25.86 25.57 25.07 25.07 25.07 25.07 25.07 25.07 25.07 25.07 25.07 25.12 25.12 25.12 25.63 25.90 25.90 25.89 25.85 25.86 25.85 25.79 25.91 25.93 25.88 25.87 25.88 25.90 25.93 25.95 25.97 25.96 25.95 25.96 25.96 25.96 25.94 25.93 25.97 25.81 25.96 25.75
25.84 25.84 25.84 25.84 25.84 25.84 25.42 25.42 25.42 24.75 24.75 24.75 22.93 99999.90 99999.90 99999.90 99999.90 99999.90 99999.90 99999.90 99999.90 99999.90 99999.90 99999.90 99999.90 99999.90 99999.90 99999.90 99999.90 99999.90 99999.90 99999.90 25.86 25.86 25.86 25.86 25.57 25.57 25.57 25.07 25.07 25.07 25.07 25.07 25.07 25.07 25.07 25.14 25.14 24.71 25.83 25.69 25.72 25.89 25.74 25.59 25.57 25.75 25.77 25.80 25.86 25.87 25.87 25.89 25.91 25.94 25.96 25.96 25.95 25.95 25.89 25.93 25.92 25.93 25.89 25.80 25.86
25.84 25.84 25.84 25.84 25.84 25.42 25.42 25.42 24.75 23.66 23.66 23.66 23.66 23.66 23.66 99999.90 99999.90 99999.90 99999.90 99999.90 99999.90 99999.90 99999.90 99999.90 99999.90 99999.90 99999.90 99999.90 99999.90 99999.90 99999.90 25.27 25.86 25.86 25.86 25.86 25.86 25.86 25.57 25.57 25.57 25.57 25.07 25.07 25.07 25.07 25.07 25.07 25.29 25.65 25.25 25.63 25.90 25.78 25.73 25.87 25.88 25.78 25.86 25.87 25.87 25.86 25.86 25.84 25.90 25.92 25.89 25.89 25.88 25.78 25.95 25.94 25.92 25.91 25.92 25.85 25.69
25.84 25.84 25.84 25.84 25.42 25.42 25.42 24.75 23.66 23.66 23.66 23.66 23.66 23.66 23.66 99999.90 99999.90 99999.90 99999.90 99999.90 99999.90 99999.90 99999.90 99999.90 99999.90 99999.90 99999.90 99999.90 99999.90 99999.90 24.33 25.27 25.86 25.86 25.86 25.86 25.86 25.86 25.86 25.57 25.57 25.57 25.57 25.57 25.57 25.24 25.24 25.24 25.81 25.55 25.60 25.50 25.81 25.82 25.88 25.82 25.85 25.79 25.86 25.81 25.78 25.88 25.90 25.89 25.83 25.92 25.86 25.78 25.81 25.85 25.84 25.90 25.92 25.88 25.95 25.61 25.88
25.84 25.84 25.84 25.42 25.42 25.42 24.75 24.75 23.66 23.66 23.66 23.66 23.66 23.66 23.66 24.64 99999.90 99999.90 99999.90 99999.90 99999.90 99999.90 99999.90 99999.90 99999.90 99999.90 99999.90 99999.90 99999.90 99999.90 24.33 24.33 25.86 25.86 25.86 25.86 25.86 25.86 25.86 25.86 25.57 25.57 25.57 25.57 25.57 25.57 25.57 25.24 25.61 25.80 25.82 25.85 25.77 25.85 25.85 25.91 25.85 25.87 25.89 25.90 25.89 25.91 25.90 25.79 25.77 25.82 25.81 25.77 25.73 25.78 25.82 25.84 25.91 25.91 25.93 25.68 25.67
25.84 25.84 25.42 25.42 25.42 24.75 24.75 23.66 23.66 23.66 23.66 23.66 23.66 23.66 23.66 24.64 25.36 99999.90 99999.90 99999.90 99999.90 99999.90 99999.90 99999.90 99999.90 99999.90 99999.90 99999.90 99999.90 23.87 24.33 24.33 25.86 25.86 25.86 25.86 25.86 25.86 25.86 25.86 25.86 25.57 25.57 25.57 25.57 25.57 25.57 25.53 25.68 25.11 25.79 25.87 25.83 25.78 25.90 25.89 25.87 25.88 25.89 25.88 25.89 25.89 25.85 25.88 25.82 25.59 25.80 25.68 25.74 25.86 25.88 25.83 25.87 25.88 25.83 25.81 25.74
25.84 25.42 25.42 25.42 24.75 24.75 23.66 23.66 23.66 23.66 23.66 23.66 23.66 23.66 23.66 25.36 25.36 25.61 99999.90 99999.90 99999.90 99999.90 99999.90 99999.90 99999.90 99999.90 99999.90 99999.90 99999.90 23.87 24.33 24.33 24.33 25.86 25.86 25.86 25.86 25.86 25.86 25.86 25.86 25.86 25.09 25.09 25.09 25.09 25.09 25.23 25.69 25.36 25.57 25.73 25.82 25.84 25.88 25.89 25.79 25.89 25.82 25.75 25.81 25.86 25.81 25.76 25.79 25.67 25.77 25.66 25.67 25.80 25.85 25.72 25.85 25.83 25.84 25.86 25.56
25.42 25.42 25.42 24.75 24.75 24.75 23.66 23.66 23.66 23.66 23.66 23.66 23.66 23.66 23.66 25.36 25.61 25.61 99999.90 99999.90 99999.90 99999.90 99999.90 99999.90 99999.90 99999.90 99999.90 99999.90 99999.90 23.87 24.33 24.33 24.33 24.33 24.33 25.86 25.86 25.86 25.86 25.86 25.86 25.86 25.86 25.81 25.09 25.09 25.09 25.23 25.49 25.08 25.86 25.70 25.71 25.73 25.79 25.86 25.77 25.76 25.84 25.82 25.81 25.82 25.74 25.73 25.73 25.81 25.73 25.76 25.79 25.80 25.72 25.81 25.84 25.83 25.79 25.85 25.86
25.42 25.42 24.75 24.75 24.75 23.66 23.66 23.66 23.66 23.66 23.66 23.66 23.66 23.66 25.36 25.61 25.61 25.61 25.15 99999.90 99999.90 99999.90 99999.90 99999.90 99999.90 99999.90 99999.90 99999.90 99999.90 23.87 24.33 24.33 24.33 24.33 24.33 24.33 25.86 25.86 25.86 25.86 25.86 25.86 25.86 25.86 25.81 25.45 25.45 25.29 25.42 25.17 25.65 25.75 25.79 25.76 25.86 25.85 25.84 25.86 25.82 25.81 25.82 25.79 25.79 25.77 25.66 25.78 25.69 25.68 25.67 25.73 25.67 25.80 25.73 25.74 25.78 25.82 25.83
25.20 24.75 24.75 24.75 22.93 23.66 23.66 23.66 23.66 23.66 23.66 23.66 25.36 25.36 25.61 25.61 25.61 25.61 25.15 25.04 99999.90 99999.90 99999.90 99999.90 99999.90 99999.90 99999.90 99999.90 99999.90 23.87 24.33 24.33 24.33 24.33 24.33 24.33 24.33 25.27 25.86 25.86 25.86 25.86 25.86 25.86 25.81 25.81 25.79 25.71 25.30 25.10 25.37 25.82 25.77 25.83 25.85 25.85 25.71 25.85 25.76 25.76 25.77 25.84 25.82 25.79 25.70 25.76 25.73 25.70 25.74 25.74 25.73 25.69 25.75 25.78 25.82 25.80 25.80
25.49 24.75 24.75 22.93 23.66 23.66 23.66 23.66 23.66 23.66 23.66 25.36 25.36 25.61 25.61 25.61 25.61 25.61 24.50 24.50 24.50 24.50 99999.90 99999.90 99999.90 99999.90 99999.90 99999.90 99999.90 23.87 23.87 23.87 24.33 24.33 24.33 24.33 24.33 24.33 25.27 25.27 25.86 25.86 25.86 25.86 25.81 25.81 25.78 25.75 25.67 25.56 25.59 25.57 25.60 25.71 25.78 25.81 25.79 25.80 25.75 25.70 25.78 25.73 25.77 25.72 25.73 25.74 25.75 25.48 25.59 25.72 25.69 25.72 25.58 25.40 25.48 25.70 25.54
22.26 22.35 22.93 22.93 23.66 23.66 23.66 23.66 23.66 24.64 25.36 25.36 25.61 25.61 25.61 25.61 25.61 24.50 24.50 24.50 24.50 24.50 24.48 99999.90 99999.90 99999.90 99999.90 99999.90 99999.90 23.87 23.87 23.87 23.87 23.87 24.33 24.33 24.33 24.33 24.33 25.27 25.27 25.85 25.85 25.62 25.41 25.34 25.54 24.86 25.26 25.74 25.61 25.53 25.52 25.65 25.74 25.76 25.83 25.75 25.72 25.71 25.73 25.81 25.67 25.74 25.73 25.75 25.79 25.78 25.70 25.71 25.68 25.61 25.61 25.54 25.53 25.58 25.56
20.17 21.46 22.51 22.90 23.66 23.66 23.66 24.64 24.64 25.36 25.36 25.61 25.61 25.61 25.61 25.61 24.50 24.50 24.50 24.50 24.50 24.48 24.48 24.37 99999.90 99999.90 99999.90 99999.90 99999.90 23.87 23.87 23.87 23.87 23.87 23.87 23.87 24.33 24.33 24.33 24.33 25.27 25.27 25.63 25.62 25.54 25.67 25.52 25.31 24.67 25.23 25.50 25.32 25.24 25.66 25.78 25.75 25.78 25.80 25.81 25.80 25.73 25.74 25.76 25.77 25.82 25.77 25.82 25.82 25.74 25.69 25.65 25.57 25.48 25.30 25.57 25.64 25.71
20.34 20.77 21.23 22.16 22.87 22.87 24.64 24.64 25.36 25.36 25.61 25.61 25.61 25.61 25.61 24.50 24.50 24.50 24.50 24.50 24.48 24.48 24.37 24.37 24.63 99999.90 99999.90 99999.90 99999.90 23.87 23.87 23.87 23.87 23.87 23.87 23.87 23.87 23.87 24.33 24.33 24.33 24.71 25.56 24.64 25.68 25.08 25.19 25.52 25.37 25.26 25.43 25.52 25.69 25.68 25.78 25.81 25.80 25.81 25.81 25.79 25.80 25.76 25.72 25.71 25.71 25.72 25.78 25.82 25.76 25.74 25.65 25.56 25.65 25.61 25.64 25.65 25.70
22.69 21.47 20.47 21.77 23.50 24.64 24.64 25.36 25.36 25.61 25.61 25.61 25.61 25.61 24.50 24.50 24.50 24.50 24.50 24.48 22.69 22.69 24.19 24.54 24.54 24.54 24.54 24.54 24.54 23.87 23.87 23.87 23.87 23.87 23.87 23.87 23.87 23.87 23.87 23.72 23.72 24.47 25.42 24.81 25.24 25.28 25.25 25.61 25.65 25.12 25.45 25.77 25.74 25.83 25.81 25.80 25.79 25.75 25.79 25.79 25.79 25.76 25.66 25.70 25.69 25.68 25.69 25.67 25.66 25.73 25.63 25.62 25.51 25.60 25.68 25.72 25.71
21.48 21.60 19.53 18.66 22.13 23.74 25.36 25.36 25.61 25.61 25.61 25.61 25.15 24.50 24.50 24.50 24.50 24.50 24.48 24.48 22.69 22.69 24.19 24.54 24.54 24.54 24.54 24.54 24.60 23.87 23.87 23.87 23.87 23.87 23.87 23.87 23.87 23.87 23.87 23.87 24.78 24.62 24.93 25.36 24.83 24.80 24.72 24.23 25.04 24.91 25.07 25.59 25.82 25.83 25.73 25.76 25.73 25.78 25.79 25.78 25.76 25.69 25.67 25.64 25.67 25.65 25.60 25.60 25.61 25.66 25.62 25.61 25.63 25.52 25.68 25.65 25.71
20.75 20.49 20.42 20.22 20.53 21.80 25.07 25.61 25.61 25.61 25.15 25.15 24.50 24.50 24.50 24.50 24.50 24.48 24.48 22.69 22.69 22.69 24.19 24.54 24.54 24.54 24.54 24.54 24.60 24.60 23.60 23.60 23.60 23.60 23.60 23.60 23.60 23.60 23.60 23.60 24.42 24.36 24.41 24.97 24.03 24.77 24.85 24.68 25.14 25.61 25.06 25.45 25.81 25.81 25.78 25.65 25.65 25.70 25.71 25.70 25.67 25.67 25.69 25.68 25.69 25.68 25.66 25.59 25.62 25.62 25.61 25.71 25.67 25.71 25.69 25.68 25.62
21.70 21.30 21.18 22.07 21.50 21.13 23.43 25.55 25.55 25.15 25.15 25.04 24.50 24.50 24.50 24.50 24.48 24.48 24.37 22.69 22.69 22.69 24.19 24.54 24.54 24.54 24.54 24.54 24.60 24.60 24.60 23.60 23.60 23.60 23.60 23.60 23.60 23.60 23.60 23.60 25.26 24.88 24.86 24.55 24.03 24.39 24.66 24.29 25.34 25.55 25.65 25.75 25.70 25.76 25.74 25.68 25.50 25.67 25.66 25.58 25.70 25.67 25.67 25.69 25.69 25.72 25.67 25.66 25.64 25.66 25.66 25.68 25.69 25.69 25.46 25.52 25.45
21.90 20.43 18.51 19.75 20.93 21.34 20.99 23.47 25.15 25.15 25.04 24.50 24.50 24.50 24.50 24.48 24.48 24.37 24.37 22.69 22.69 22.69 24.19 24.54 24.54 24.54 24.54 24.60 24.60 24.60 24.60 24.87 23.60 23.60 23.60 23.60 23.60 23.60 23.60 25.26 25.26 25.07 25.26 24.34 24.90 24.84 24.40 25.18 24.56 25.23 25.25 25.53 25.69 25.73 25.70 25.70 25.62 25.67 25.66 25.65 25.51 25.57 25.60 25.55 25.62 25.54 25.55 25.62 25.60 25.67 25.60 25.58 25.65 25.62 25.43 25.51 25.52
21.62 21.59 19.22 19.71 21.28 20.91 22.30 22.11 23.63 25.04 25.04 24.50 24.50 24.50 24.48 24.48 24.37 24.37 24.63 22.69 22.69 22.69 24.19 24.54 24.54 24.54 24.54 24.60 24.60 24.60 24.60 24.87 24.87 23.60 23.60 23.60 23.60 23.60 25.26 25.26 25.07 25.07 25.26 25.61 25.56 25.32 24.40 25.00 24.98 24.88 24.92 25.41 25.47 25.49 25.56 25.50 25.58 25.65 25.66 25.48 25.62 25.52 25.57 25.57 25.57 25.58 25.56 25.58 25.60 25.62 25.55 25.58 25.51 25.33 25.41 25.32 25.41
22.38 23.09 21.85 21.98 23.00 21.80 21.53 21.01 23.14 23.50 24.87 24.50 24.50 24.48 24.48 24.37 24.37 24.63 24.63 22.69 22.69 22.69 24.19 24.54 24.54 24.54 24.54 24.60 24.60 24.60 24.60 24.87 24.87 24.87 25.34 23.60 23.60 25.26 25.26 25.07 25.07 25.07 25.61 25.61 25.56 25.32 25.08 24.87 25.01 25.10 25.30 25.19 25.31 25.45 25.50 25.43 25.15 25.39 25.52 25.45 25.59 25.56 25.43 25.38 25.57 25.56 25.58 25.62 25.59 25.55 25.55 25.51 25.41 25.41 25.46 25.31 25.37
22.23 22.68 22.60 21.11 21.87 21.97 21.70 20.89 22.73 23.60 24.87 24.25 24.48 24.48 24.37 24.37 24.63 24.63 22.69 22.69 22.69 22.69 24.19 24.54 24.54 24.54 24.60 24.60 24.60 24.60 24.60 24.87 24.87 24.87 25.34 25.34 25.34 25.26 25.07 25.07 25.11 25.11 25.11 25.11 25.08 25.25 25.41 25.46 25.48 25.41 25.15 25.31 25.27 25.39 25.43 25.52 25.59 25.60 25.59 25.59 25.60 25.50 25.31 25.36 25.50 25.53 25.55 25.56 25.55 25.53 25.54 25.32 25.34 25.31 25.21 25.14 25.23
20.25 20.10 21.09 22.07 22.45 22.58 21.48 22.13 22.83 22.94 25.03 24.00 24.36 24.37 24.37 24.63 24.63 24.63 22.69 22.69 22.69 22.69 24.19 24.54 24.54 24.54 24.60 24.60 24.60 25.11 24.60 24.87 24.87 24.87 25.34 25.34 25.34 25.41 25.41 25.11 25.11 25.11 25.11 25.11 24.88 25.16 25.34 25.60 25.53 25.44 25.36 25.39 25.32 25.49 25.49 25.57 25.57 25.59 25.59 25.54 25.53 25.49 25.56 25.44 25.49 25.50 25.53 25.53 25.51 25.50 25.47 25.48 25.51 25.34 25.32 25.50 25.40
22.60 21.07 20.75 21.91 23.87 22.35 21.61 22.19 22.74 24.06 25.33 24.32 24.57 24.37 24.63 24.63 24.63 24.63 19.32 22.69 22.69 22.69 24.19 24.54 24.54 23.58 24.60 24.60 24.60 25.11 24.60 24.87 24.87 24.87 25.34 25.34 25.34 25.41 25.41 25.41 25.11 25.11 25.11 24.88 24.88 25.74 25.61 25.52 25.68 25.63 25.27 25.31 25.46 25.54 25.60 25.45 25.55 25.57 25.52 25.57 25.37 25.44 25.59 25.53 25.49 25.46 25.49 25.52 25.44 25.45 25.45 25.42 25.51 25.44 25.42 25.41 25.29
22.45 22.21 20.18 21.52 21.97 23.17 22.85 22.88 21.76 24.20 25.34 24.93 24.26 24.94 23.98 23.98 23.98 23.98 19.32 19.32 22.69 22.69 24.19 24.54 24.54 23.58 24.60 24.60 24.58 25.11 24.60 24.87 24.87 24.87 25.34 25.34 25.34 25.41 25.41 25.41 25.47 25.47 24.88 24.88 25.74 25.74 25.61 25.69 25.68 25.63 25.27 25.53 25.48 25.30 25.55 25.49 25.48 25.52 25.51 25.51 25.48 25.49 25.56 25.53 25.40 25.46 25.49 25.50 25.51 25.57 25.46 25.41 25.46 25.45 25.45 25.40 25.26
23.95 23.72 21.11 21.21 22.58 21.35 23.99 22.76 21.58 24.33 24.30 24.74 24.63 24.93 23.98 23.98 23.98 21.83 19.32 19.32 19.32 23.13 24.35 23.18 22.71 23.58 24.60 24.60 24.58 25.11 24.60 24.87 24.87 24.87 25.34 25.34 25.34 25.41 25.41 25.37 25.47 25.47 25.17 25.17 25.17 24.65 25.22 25.69 25.29 25.29 25.34 25.47 25.42 25.44 25.41 25.43 25.43 25.44 25.45 25.54 25.54 25.50 25.55 25.50 25.45 25.44 25.48 25.46 25.47 25.51 25.41 25.33 25.32 25.50 25.49 25.48 25.36
23.81 23.30 23.99 21.73 22.25 23.06 24.40 23.98 22.66 23.03 23.82 23.05 24.34 23.51 23.51 23.51 21.83 21.83 21.83 19.19 19.19 21.86 22.82 21.68 20.39 21.85 22.01 23.52 24.58 25.11 24.60 24.87 24.87 25.54 25.34 25.34 25.34 25.41 25.41 25.37 25.47 25.47 25.17 25.17 25.17 24.65 25.22 25.36 25.33 25.26 25.00 25.29 25.23 25.36 25.60 25.55 25.47 25.49 25.33 25.59 25.37 25.32 25.49 25.27 25.24 25.24 25.04 25.24 25.40 25.44 25.34 25.47 25.49 25.43 25.48 25.48 25.36
24.05 23.66 24.17 23.41 22.92 23.27 23.65 24.13 23.24 23.47 23.79 23.83 23.98 23.51 23.51 21.83 21.83 21.83 21.83 21.01 21.33 22.16 22.93 22.01 19.63 21.33 21.25 21.45 23.08 24.82 24.51 24.69 25.54 25.54 25.48 25.35 25.35 25.51 25.38 25.37 25.47 25.47 25.47 24.77 24.77 24.85 25.29 25.04 24.81 25.04 25.02 24.89 25.51 25.45 25.56 25.55 25.57 25.53 25.57 25.61 25.56 25.44 25.43 25.44 25.39 25.38 25.30 25.32 25.42 25.53 25.48 25.45 25.50 25.55 25.44 25.48 25.50
23.86 23.96 24.53 23.43 22.90 23.58 23.68 23.93 23.35 24.08 23.89 23.97 23.93 23.93 23.93 22.80 23.49 23.49 23.49 21.01 22.89 22.85 23.58 22.86 21.04 21.55 20.93 22.12 22.75 22.64 24.03 24.12 25.03 25.06 25.48 25.48 24.20 24.74 24.42 25.19 25.57 25.57 25.65 24.74 24.74 25.11 24.56 24.38 24.82 24.93 24.95 25.03 25.12 25.28 25.40 25.43 25.47 25.56 25.42 25.58 25.51 25.51 25.49 25.39 25.38 25.48 25.41 25.32 25.37 25.49 25.49 25.53 25.35 25.48 25.34 25.38 25.23
23.25 24.08 23.76 22.64 22.58 23.69 24.02 24.02 23.82 24.83 25.06 24.26 23.64 23.64 23.64 22.80 22.80 23.18 23.55 22.65 23.51 23.46 23.35 21.81 21.26 19.03 20.91 20.41 21.36 21.80 22.34 23.29 24.03 25.24 25.39 25.39 24.20 24.60 24.52 24.98 25.68 25.65 25.65 24.53 24.53 25.02 25.45 25.09 25.17 25.05 24.71 25.12 24.50 25.39 25.48 25.50 25.54 25.53 25.55 25.58 25.50 25.48 25.44 25.25 25.37 25.44 25.45 25.39 25.47 25.21 25.30 25.49 25.34 25.36 25.35 25.38 25.25
23.74 23.84 23.93 23.71 23.38 22.97 23.92 24.61 25.07 25.23 25.48 25.05 23.89 23.89 23.51 22.15 22.15 22.73 23.26 23.11 22.34 23.62 23.32 21.17 21.21 19.89 19.91 17.15 20.66 21.50 21.69 22.98 24.08 23.85 24.59 24.59 24.98 24.98 24.89 24.77 25.08 25.33 25.66 25.66 24.53 24.65 24.98 24.80 25.03 25.41 24.99 25.38 25.51 25.26 25.42 25.43 25.51 25.45 25.50 25.53 25.49 25.53 25.53 25.35 25.29 25.43 25.46 25.39 25.41 25.34 25.47 25.37 25.45 25.43 25.40 25.50 25.30
