main/data/irradiance/26.10.2023.grid
ncols 839
nrows 679
xllcenter 112.0500
yllcenter -43.9500
cellsize 0.0500
nodata_value 99999.90
[rows 408 to 441 of 679, columns 462 to 538 of 839]
27.32 27.43 27.30 27.25 27.18 27.20 27.22 27.23 27.32 27.39 27.32 27.44 27.37 27.33 27.40 27.36 27.40 27.32 27.33 27.36 27.26 27.25 27.29 27.38 27.38 27.47 27.50 27.36 27.43 27.42 27.39 27.44 27.38 27.40 27.61 27.45 27.43 27.40 27.36 27.39 27.64 27.52 27.55 27.39 25.68 24.81 24.41 24.30 26.73 27.19 27.37 26.97 26.98 27.06 27.11 27.10 27.15 27.24 27.28 27.27 27.30 27.51 27.55 27.58 27.53 27.59 27.53 27.56 27.63 27.60 27.57 27.52 27.44 27.42 27.38 27.37 27.47
27.22 27.33 27.38 27.35 27.22 27.36 27.22 27.21 27.28 27.35 27.44 27.46 27.41 27.46 27.36 27.38 27.43 27.47 27.44 27.44 27.39 27.40 27.46 27.53 27.53 27.47 27.39 27.37 27.39 27.34 27.38 27.42 27.43 27.48 27.49 27.44 27.41 27.45 27.44 27.38 27.44 27.49 27.47 27.48 26.82 23.99 23.25 24.38 24.36 26.17 26.57 27.05 27.27 27.05 27.03 27.10 27.11 27.22 27.25 27.27 27.30 27.44 27.47 27.56 27.57 27.48 27.60 27.63 27.62 27.58 27.56 27.47 27.48 27.41 27.36 27.41 27.42
27.27 27.24 27.35 27.33 27.32 27.38 27.32 27.19 27.21 27.28 27.38 27.39 27.42 27.39 27.33 27.41 27.38 27.39 27.36 27.37 27.38 27.40 27.44 27.40 27.41 27.38 27.34 27.31 27.39 27.38 27.38 27.33 27.34 27.43 27.41 27.43 27.40 27.38 27.44 27.39 27.37 27.32 27.32 27.38 27.46 26.38 20.96 25.89 24.66 24.52 25.10 26.27 27.37 27.52 26.67 27.15 27.25 27.15 27.24 27.18 27.28 27.34 27.51 27.48 27.52 27.53 27.59 27.60 27.60 27.40 27.44 27.49 27.54 27.41 27.33 27.41 27.44
27.23 27.27 27.26 27.25 27.33 27.29 27.34 27.25 27.14 27.24 27.20 27.30 27.33 27.32 27.31 27.29 27.20 27.24 27.27 27.30 27.27 27.28 27.29 27.27 27.25 27.33 27.34 27.32 27.34 27.38 27.37 27.42 27.39 27.41 27.43 27.44 27.42 27.41 27.38 27.39 27.37 27.39 27.37 27.45 27.48 26.85 26.92 26.05 25.24 24.96 24.42 25.23 25.67 27.69 27.65 27.13 27.23 27.21 27.21 27.26 27.30 27.36 27.45 27.58 27.62 27.48 27.51 27.57 27.50 27.54 27.47 27.39 27.44 27.50 27.42 27.40 27.57
26.69 26.74 27.03 27.17 27.19 27.24 27.24 27.02 26.55 27.19 27.15 27.13 27.17 27.22 27.23 27.20 27.20 27.22 27.27 27.30 27.13 27.20 27.18 27.23 27.19 27.21 27.30 27.30 27.28 27.30 27.33 27.35 27.31 27.33 27.35 27.37 27.36 27.38 27.33 27.37 27.41 27.42 27.45 27.45 27.52 27.55 26.83 24.90 25.60 24.67 24.06 24.00 24.44 26.08 27.82 27.23 27.20 27.29 27.35 27.34 27.26 27.37 27.41 27.44 27.50 27.51 27.52 27.50 27.53 27.56 27.54 27.39 27.39 27.37 27.36 27.39 27.29
27.00 26.71 26.60 27.09 27.31 27.18 27.13 27.18 26.85 27.15 27.16 27.18 27.12 27.17 27.23 27.14 27.20 27.25 27.25 27.20 27.11 27.16 27.25 27.23 27.19 27.19 27.23 27.23 27.28 27.28 27.28 27.42 27.37 27.33 27.34 27.42 27.35 27.40 27.42 27.36 27.41 27.41 27.52 27.50 27.36 27.37 26.29 25.75 25.30 25.01 24.33 23.68 23.62 24.23 27.05 27.38 27.17 27.25 27.32 27.29 27.39 27.31 27.41 27.39 27.47 27.58 27.59 27.52 27.49 27.47 27.46 27.47 27.43 27.35 27.34 27.38 27.37
27.31 27.34 27.20 27.19 27.21 26.96 27.04 27.17 27.18 27.24 27.13 27.17 27.13 27.12 27.11 27.13 27.14 27.21 27.21 26.38 26.48 27.14 27.33 27.30 27.18 27.20 27.23 27.26 27.28 27.27 27.31 27.38 27.41 27.43 27.36 27.36 27.33 27.38 27.34 27.30 27.38 27.49 27.43 27.44 27.33 27.29 26.83 27.06 25.44 21.41 23.13 24.47 23.83 23.34 25.75 27.62 27.20 27.21 27.29 27.36 27.36 27.33 27.30 27.40 27.41 27.48 27.52 27.51 27.48 27.48 27.52 27.48 27.46 27.47 27.39 27.47 27.51
27.38 27.33 27.36 27.32 27.36 27.20 27.11 27.17 27.20 27.21 27.15 27.14 27.14 27.13 27.10 26.97 26.88 27.17 27.20 26.71 26.01 27.09 27.22 27.28 27.22 27.23 27.25 27.28 27.35 27.39 27.41 27.41 27.41 27.45 27.53 27.35 27.32 27.30 27.34 27.38 27.44 27.44 27.36 27.37 27.32 27.30 27.27 27.17 27.26 24.53 24.00 25.36 24.72 24.51 24.77 27.78 27.79 27.26 27.20 27.32 27.37 27.31 27.34 27.36 27.51 27.48 27.46 27.44 27.43 27.45 27.49 27.43 27.38 27.35 27.44 27.53 27.57
27.36 27.38 27.41 27.31 27.29 27.15 27.13 27.17 27.14 27.18 27.19 27.15 27.13 27.05 26.83 26.84 26.95 26.58 25.89 26.20 26.87 27.16 27.25 27.27 27.23 27.30 27.34 27.35 27.32 27.33 27.38 27.44 27.47 27.51 27.33 27.28 27.27 27.35 27.35 27.38 27.43 27.42 27.33 27.39 27.27 27.29 27.32 27.34 26.95 27.01 26.21 25.20 25.90 25.06 25.26 25.75 27.06 27.26 27.23 27.32 27.42 27.29 27.31 27.27 27.47 27.49 27.44 27.41 27.42 27.45 27.43 27.34 27.37 27.31 27.46 27.51 27.55
27.23 27.23 27.29 27.31 27.34 27.32 27.19 27.17 27.17 27.12 27.13 26.96 26.89 26.81 27.07 27.18 27.16 27.00 25.58 26.89 27.01 27.10 27.24 27.27 27.27 27.29 27.40 27.41 27.48 27.49 27.35 27.43 27.47 27.35 27.40 27.46 27.42 27.50 27.49 27.45 27.44 27.43 27.30 27.30 27.31 27.37 27.38 27.33 27.29 24.65 26.89 23.70 24.14 25.98 23.92 26.51 26.92 27.03 27.14 27.17 27.39 27.24 27.12 27.20 27.36 27.35 27.32 27.34 27.37 27.43 27.41 27.32 27.40 27.50 27.50 27.45 27.48
27.13 27.20 27.21 27.23 27.29 27.22 27.22 27.21 27.16 27.14 27.27 27.29 27.20 27.20 27.12 27.15 27.33 27.23 27.16 27.27 27.27 27.25 27.21 27.34 27.42 27.48 27.43 27.43 27.39 27.31 27.26 27.46 27.13 27.49 27.53 27.52 27.40 27.50 27.46 27.46 27.40 27.44 27.49 27.22 27.33 27.33 27.36 27.42 27.33 25.80 23.76 22.52 23.68 24.98 25.69 26.51 27.10 26.81 27.12 27.13 27.26 27.42 27.26 27.19 27.24 27.25 27.40 27.38 27.27 27.30 27.33 27.35 27.44 27.54 27.59 27.51 27.50
27.15 26.36 26.81 27.01 26.65 27.09 27.14 27.14 27.19 27.27 27.34 27.35 27.26 27.25 27.23 27.28 27.38 27.42 27.31 27.29 27.34 27.31 26.53 27.23 27.37 27.48 27.44 27.47 27.39 27.39 27.47 27.46 27.48 27.47 27.46 27.50 27.51 27.54 27.46 27.36 27.37 27.47 27.47 27.40 27.34 27.34 27.29 27.34 27.35 27.29 23.90 23.57 22.69 23.98 25.11 25.47 26.79 27.76 27.29 27.23 27.18 27.33 27.27 27.24 27.22 27.25 27.39 27.35 26.98 27.12 27.25 27.25 27.36 27.44 27.53 27.56 27.54
27.26 27.14 26.54 26.86 26.89 27.11 27.08 27.06 27.06 27.17 27.31 27.31 27.23 27.29 27.32 27.40 27.40 27.40 27.36 27.31 27.26 27.25 25.66 27.02 27.32 27.44 27.45 27.45 27.45 27.49 27.43 27.41 27.42 27.52 27.45 27.50 27.48 27.47 27.32 27.33 27.34 27.42 27.47 27.44 27.40 27.44 27.31 27.28 27.24 27.25 27.09 23.41 23.27 23.44 24.14 25.62 25.70 26.66 26.95 27.23 27.09 27.23 27.36 27.13 27.14 27.23 27.32 27.28 27.00 27.16 27.21 27.17 27.29 27.40 27.50 27.48 27.46
27.24 26.20 25.77 26.90 27.20 27.00 26.64 26.65 26.85 27.14 27.16 27.18 27.23 27.19 27.25 27.20 27.23 27.26 27.34 27.28 27.27 27.20 26.90 27.18 26.93 26.59 26.58 27.20 27.33 27.42 27.45 27.49 27.47 27.41 27.38 27.48 27.32 27.29 27.47 27.56 27.50 27.47 27.47 27.29 27.32 27.41 27.20 27.12 26.65 26.64 27.12 26.10 23.11 23.28 23.59 24.93 26.62 26.72 24.87 26.77 27.10 27.18 27.30 27.32 27.21 27.12 27.24 27.23 27.17 27.17 26.87 26.82 27.17 27.38 27.47 27.46 27.49
26.73 25.19 27.30 27.22 27.18 27.00 25.75 25.47 26.41 26.83 27.20 27.20 27.10 27.08 27.16 27.24 27.22 27.30 27.25 27.24 27.21 27.23 27.18 27.26 26.31 23.38 26.46 27.17 27.36 27.43 27.48 27.45 27.31 27.31 27.45 27.38 27.49 27.49 27.52 27.54 27.53 27.51 27.55 27.42 27.43 27.43 27.44 27.18 25.10 24.23 26.07 25.16 22.98 21.73 22.49 24.26 26.52 27.47 26.51 26.00 27.20 27.31 27.31 27.33 27.15 27.25 27.31 27.34 27.32 27.04 26.83 26.57 26.91 27.29 27.43 27.46 27.43
27.21 27.30 27.27 27.19 27.25 26.96 24.23 23.94 24.73 26.99 27.16 26.99 27.12 27.13 27.14 27.04 27.01 27.14 27.25 27.23 27.22 27.24 27.21 27.25 26.33 20.99 26.91 27.31 27.44 27.42 27.46 27.45 27.48 27.49 27.49 27.50 27.46 27.44 27.45 27.48 27.54 27.52 27.37 27.41 27.40 27.43 27.46 27.44 27.40 26.16 25.56 23.62 22.93 22.60 22.11 22.35 24.99 25.88 26.86 26.01 27.16 27.16 27.17 27.15 27.13 27.17 27.15 27.32 27.34 26.82 26.53 26.67 26.84 27.21 27.38 27.47 27.43
27.17 27.24 27.26 27.25 27.31 27.35 24.98 22.99 21.08 20.54 21.74 23.14 23.53 23.07 24.12 24.93 25.94 26.92 26.69 26.77 27.02 26.67 27.15 27.15 26.97 26.48 27.03 27.17 27.38 27.44 27.39 27.38 27.38 27.42 27.47 27.43 27.40 27.44 27.44 27.46 27.37 27.45 27.29 27.33 27.33 27.41 27.39 27.42 27.38 27.38 26.35 24.77 23.57 23.25 22.73 22.07 24.21 24.78 25.26 26.16 27.26 27.13 27.03 27.13 26.98 26.94 26.63 27.26 27.31 27.08 26.78 27.01 27.00 27.13 27.27 27.47 27.43
27.06 27.28 27.24 27.28 27.22 27.17 27.17 26.85 24.65 21.26 16.96 18.54 19.28 20.24 21.66 22.65 23.56 25.28 25.82 27.00 27.04 27.00 27.12 27.12 27.07 27.15 26.20 25.67 27.06 27.06 27.30 27.39 27.42 27.41 27.46 27.47 27.52 27.51 27.46 27.01 27.32 27.38 27.35 27.37 27.46 27.47 27.32 27.25 27.37 27.34 27.15 27.18 26.53 23.95 23.70 23.82 24.83 24.03 26.37 25.37 26.98 27.04 26.87 26.66 26.77 27.00 27.15 27.24 27.27 27.09 27.07 27.07 27.12 26.97 27.18 27.41 27.40
26.90 27.11 27.11 27.13 27.14 27.14 27.14 27.08 23.05 15.00 21.12 19.11 21.93 23.37 22.34 22.31 24.15 23.22 25.06 27.03 27.09 27.11 27.12 27.17 27.10 27.11 27.14 26.29 25.35 23.97 24.96 27.03 27.25 27.39 27.44 27.43 27.48 27.47 27.49 26.14 27.27 27.35 27.21 27.34 27.36 27.37 27.34 27.33 27.29 27.32 27.38 27.28 25.97 24.93 24.94 25.09 24.75 24.23 26.70 26.61 27.08 27.03 27.01 26.75 26.68 26.93 27.11 27.15 27.23 26.94 26.84 27.12 27.16 27.18 27.29 27.32 27.35
27.05 26.93 26.97 26.85 26.84 27.07 27.21 27.18 27.03 25.92 27.09 27.06 25.86 24.64 24.57 20.67 23.76 25.62 26.55 26.80 26.89 26.98 27.08 27.15 27.15 27.25 27.17 26.95 26.75 26.42 25.08 25.47 25.99 26.54 27.15 27.13 27.31 27.39 26.62 26.85 27.30 27.38 26.83 27.29 27.37 27.35 27.34 27.30 27.27 27.29 27.30 27.26 25.83 25.25 25.95 25.61 25.27 24.66 26.13 26.54 27.05 27.07 26.96 26.80 26.69 26.97 27.01 27.27 27.08 26.94 27.07 26.97 27.03 27.24 27.33 27.34 27.32
26.52 25.50 26.18 26.40 26.43 26.96 27.12 27.13 27.05 26.91 25.70 24.12 24.74 24.68 26.44 25.75 26.49 26.60 26.43 26.81 26.90 26.65 26.95 27.12 27.16 27.17 27.09 26.65 27.06 25.80 24.97 24.29 23.70 24.72 26.98 26.72 27.33 27.34 27.23 27.29 27.35 26.23 26.42 27.17 27.22 27.24 27.32 27.30 27.34 27.25 27.20 27.23 26.09 25.60 25.58 24.91 23.43 22.88 23.21 26.62 26.94 27.07 26.99 26.81 26.89 26.81 26.58 27.13 27.15 26.97 26.81 26.52 26.75 27.11 27.19 27.30 27.29
27.12 24.06 26.04 26.41 26.23 26.89 27.02 27.04 27.06 25.23 23.08 21.30 21.65 21.35 24.27 25.23 24.68 25.04 25.54 25.73 26.92 26.93 25.85 25.28 27.02 27.13 27.08 26.96 25.22 24.52 22.95 21.63 21.18 25.86 27.02 27.09 26.64 27.14 27.12 27.07 27.18 26.69 25.39 27.06 27.18 27.25 27.38 27.26 27.27 27.23 27.25 27.23 26.39 25.77 25.12 24.24 21.55 22.24 26.39 26.98 26.93 26.86 26.92 26.79 27.13 27.16 26.97 27.32 27.38 27.10 26.82 26.61 26.98 27.03 27.04 27.18 27.28
26.98 26.49 26.73 26.90 25.95 26.88 27.12 27.03 26.98 25.29 19.32 24.38 25.74 24.02 23.51 22.97 22.06 22.02 23.61 24.47 26.03 26.93 27.09 27.17 27.10 27.06 27.04 27.07 26.21 27.04 26.94 21.73 20.73 26.66 26.94 26.96 27.16 27.13 27.15 27.22 27.34 24.36 24.00 27.10 27.18 27.12 27.21 27.28 27.30 27.27 27.27 25.70 24.85 24.44 22.43 21.41 22.79 26.14 26.90 26.93 27.00 26.89 26.85 26.92 27.02 26.96 26.94 27.23 27.22 27.14 26.90 26.76 26.93 27.05 27.21 27.35 27.37
26.94 26.74 26.90 26.99 25.54 26.52 27.01 27.09 27.06 25.90 19.78 25.18 27.11 26.41 21.02 22.16 21.67 22.71 19.70 21.66 22.75 25.83 26.81 27.08 27.18 27.11 27.07 27.04 26.84 27.04 27.19 20.03 19.48 26.05 26.82 26.87 27.03 27.18 27.12 27.12 27.34 27.02 26.26 26.77 27.00 27.03 27.05 27.00 27.18 27.19 27.08 25.16 24.84 24.08 21.80 24.13 26.70 26.55 26.81 26.90 26.89 26.63 26.83 27.07 27.09 26.90 26.91 26.74 27.06 27.25 27.07 26.83 26.73 26.98 27.10 27.26 27.31
27.02 26.62 26.86 26.91 26.97 26.97 27.08 27.00 26.92 26.98 27.08 27.07 27.06 25.89 20.09 23.56 22.29 21.29 20.56 18.71 20.21 23.79 26.80 27.07 27.19 27.13 27.12 27.02 26.52 26.84 26.83 22.74 21.50 24.86 27.06 27.06 27.04 27.21 27.20 27.19 27.29 27.32 24.58 25.82 27.04 27.06 27.02 26.95 27.17 27.25 27.21 24.21 24.69 23.11 22.57 26.64 26.80 26.64 26.33 26.16 26.36 26.84 26.87 27.16 26.96 26.54 27.10 26.88 26.48 26.56 26.52 26.99 26.81 27.03 27.23 27.33 27.36
26.97 27.04 26.98 27.00 26.97 27.02 26.99 26.90 26.87 27.10 27.13 27.11 27.10 24.43 21.53 21.71 21.91 21.39 20.90 20.30 17.97 21.22 26.76 27.09 27.11 27.03 27.10 27.06 26.34 26.06 26.88 26.93 26.96 26.85 27.04 27.00 26.95 27.08 27.15 27.19 27.19 27.08 27.08 27.15 27.08 27.09 27.02 27.16 27.24 27.23 27.21 25.89 24.11 23.82 26.12 26.84 26.75 26.74 26.54 26.50 26.23 26.63 26.91 27.01 26.47 26.42 27.14 27.01 26.24 26.75 26.84 26.89 27.01 27.12 27.22 27.29 27.33
27.00 27.00 27.02 26.75 25.62 26.86 26.95 26.97 27.00 27.01 27.06 27.09 27.08 26.98 23.06 20.06 20.15 21.08 24.19 21.17 17.66 20.19 26.41 27.06 27.18 27.13 27.15 27.08 26.98 26.50 26.62 26.90 27.00 26.94 25.96 26.63 26.23 26.56 26.79 27.06 26.66 26.93 27.15 27.11 27.09 27.11 27.08 27.16 27.23 27.16 27.15 24.99 23.29 24.40 26.88 26.91 26.82 26.79 26.63 26.57 26.47 26.46 26.87 26.79 26.80 26.89 26.92 26.65 26.56 26.69 26.55 26.82 27.02 27.15 27.25 27.24 27.32
27.06 27.08 27.16 27.06 26.86 26.97 27.00 26.97 26.98 27.06 27.04 27.08 27.11 27.15 27.24 26.45 20.13 21.12 21.14 19.09 18.07 18.15 25.87 26.98 27.05 27.13 27.11 27.06 27.06 26.25 25.78 26.67 27.00 27.17 27.02 26.96 26.92 27.03 27.03 24.24 25.14 26.74 27.14 27.12 27.13 27.09 27.09 27.01 27.08 26.31 25.71 25.02 23.02 26.71 26.93 26.92 26.84 26.73 26.64 26.53 26.65 26.84 26.71 26.66 26.98 26.69 26.26 26.07 26.26 26.54 26.50 26.89 27.08 27.21 27.31 27.23 27.17
27.05 27.04 27.08 26.86 26.78 27.00 27.02 27.03 26.94 26.99 27.01 27.01 27.03 27.15 27.18 27.21 25.88 25.53 19.42 17.60 17.87 16.36 23.74 26.99 27.00 27.13 27.05 27.08 27.01 26.50 24.94 26.70 26.96 27.13 27.11 27.01 27.00 27.09 27.09 27.13 27.03 26.95 27.14 27.07 27.04 27.02 27.07 27.06 26.99 26.97 24.59 24.05 25.30 26.60 26.90 26.72 26.90 26.58 26.22 26.50 26.86 26.85 26.49 26.80 26.83 26.25 26.06 26.23 26.42 26.47 26.85 27.03 26.98 27.08 27.06 27.04 27.04
27.05 26.90 26.93 26.99 26.99 27.02 26.96 26.94 26.92 26.94 26.99 26.94 26.94 27.06 27.10 27.08 27.12 27.12 20.82 14.23 15.70 12.20 21.19 26.11 27.10 27.14 27.17 27.16 27.09 27.10 25.94 25.96 26.81 26.64 26.88 27.09 27.18 27.09 27.10 27.13 27.05 27.07 27.08 26.98 27.00 27.10 27.06 27.03 27.14 27.21 27.19 25.19 23.74 26.81 26.86 26.59 26.47 26.42 26.39 27.02 26.87 26.56 26.58 26.85 26.70 25.95 26.15 26.47 26.51 26.66 27.11 26.78 26.85 27.04 27.05 27.22 27.17
27.05 27.02 27.06 27.06 26.99 26.89 26.64 26.77 26.95 26.95 26.93 26.91 26.91 26.99 27.10 27.06 27.11 26.76 23.59 14.90 16.92 17.45 21.51 25.29 27.02 27.09 27.11 27.12 27.12 26.93 26.01 25.90 26.01 26.01 26.48 27.10 27.15 27.22 27.18 27.08 27.07 27.04 27.07 27.05 27.03 27.00 26.99 27.01 27.14 27.09 27.05 26.94 25.87 26.78 26.85 26.76 26.66 26.37 26.67 26.92 26.65 26.59 26.63 26.59 26.35 26.11 26.31 26.21 26.32 26.57 26.70 26.62 26.77 26.76 27.04 27.30 27.31
26.98 27.04 27.05 27.08 26.39 26.17 26.85 26.86 26.76 27.01 26.99 27.02 27.05 27.08 27.05 27.08 27.09 24.15 18.08 22.34 23.52 23.71 24.16 25.92 26.80 27.01 26.48 27.10 27.11 26.80 25.76 25.56 25.30 25.93 27.02 27.09 27.12 27.13 27.16 27.04 27.01 27.02 27.08 27.11 26.98 27.06 27.03 27.04 27.03 27.03 27.01 26.97 26.32 26.73 26.81 26.46 26.34 26.95 26.89 26.49 26.42 26.64 26.57 26.21 25.95 25.91 26.00 26.13 26.39 26.55 26.37 26.39 26.93 27.03 27.12 27.21 27.19
27.01 26.99 26.98 27.04 26.58 25.36 26.96 26.81 26.83 27.03 27.07 27.01 26.98 27.11 27.04 27.13 26.81 23.79 20.86 22.16 22.62 22.76 24.30 27.04 27.12 27.12 26.77 27.15 27.13 26.65 26.32 25.94 24.75 26.88 27.14 27.12 27.14 27.11 27.08 26.89 26.86 26.97 27.14 27.08 27.08 26.98 27.02 27.01 27.02 27.10 27.00 26.95 25.59 26.61 26.64 26.37 26.86 27.17 26.41 26.34 26.54 26.64 26.89 26.61 26.66 26.12 26.01 26.14 26.47 26.48 26.06 26.44 26.87 27.03 27.04 27.10 27.12
27.01 26.99 27.06 27.03 26.89 26.63 26.91 26.87 27.10 27.09 27.07 27.06 27.08 27.11 27.12 26.67 22.68 20.81 19.89 18.70 18.24 19.04 21.88 27.01 27.13 27.12 27.13 27.12 27.10 27.04 26.53 25.75 26.14 27.07 27.18 27.15 27.16 27.15 26.95 26.91 26.82 26.86 27.04 27.12 27.07 26.97 26.97 26.90 27.00 27.18 27.06 26.98 26.50 26.71 26.64 26.60 27.08 26.77 26.17 26.39 26.50 26.43 26.73 26.74 26.69 26.57 26.42 26.19 26.26 26.22 26.23 26.51 26.46 27.03 27.07 27.18 27.06
