main/data/irradiance/26.10.2023.grid
ncols 839
nrows 679
xllcenter 112.0500
yllcenter -43.9500
cellsize 0.0500
nodata_value 99999.90
[rows 170 to 203 of 679, columns 616 to 692 of 839]
28.03 28.01 27.88 27.56 27.47 27.63 27.37 27.58 27.85 27.62 27.50 27.56 27.63 27.54 27.60 27.59 27.47 27.22 26.12 26.52 27.07 26.83 27.40 27.42 27.43 27.47 27.41 27.37 27.40 27.42 27.31 27.32 27.49 27.34 27.60 27.58 27.54 27.51 27.53 27.43 27.48 27.60 27.65 27.67 27.78 27.73 27.67 27.68 27.48 27.29 27.37 27.12 27.10 27.13 27.20 27.14 27.37 27.52 27.66 27.82 27.63 27.42 27.32 27.38 27.59 26.68 26.94 26.83 27.03 27.15 27.15 27.15 27.15 27.15 27.15 27.15 27.15
28.03 28.00 28.03 27.57 27.61 27.68 27.52 27.46 27.71 27.76 27.63 27.50 27.57 27.45 27.56 27.72 27.51 27.34 26.75 25.85 25.20 25.65 27.23 27.40 27.43 27.43 27.32 27.18 27.47 27.41 27.41 27.29 27.39 27.40 27.56 27.62 27.61 27.58 27.54 27.62 27.52 27.58 27.70 27.79 27.71 27.65 27.65 27.70 27.57 27.44 27.51 27.15 27.09 27.14 27.19 27.27 27.39 27.46 27.66 27.77 27.64 27.48 27.48 27.64 27.71 27.76 27.48 27.61 27.51 27.07 27.07 27.07 27.07 27.07 27.07 27.07 27.07
27.94 27.88 27.95 27.64 27.60 27.67 27.70 27.55 27.82 27.85 27.78 27.61 27.64 27.57 27.57 27.68 27.57 27.29 26.78 26.59 25.58 25.78 26.60 27.43 27.45 27.43 27.38 27.31 27.27 27.34 27.40 27.26 27.37 27.24 27.49 27.60 27.62 27.55 27.58 27.60 27.62 27.61 27.69 27.64 27.62 27.67 27.60 27.64 27.50 27.51 27.54 27.10 26.95 27.01 27.12 27.32 27.36 27.46 27.71 27.69 27.76 27.72 27.61 27.82 28.10 28.08 27.96 27.67 27.53 27.17 27.17 27.17 27.17 27.17 27.17 27.17 27.17
27.80 27.84 27.94 27.69 27.72 27.69 27.62 27.77 27.60 27.86 27.75 27.58 27.62 27.63 27.70 27.75 27.65 27.70 27.74 26.86 25.15 25.47 26.60 27.50 27.33 27.40 27.42 27.29 27.40 27.30 27.25 27.18 27.17 27.42 27.36 27.43 27.53 27.53 27.55 27.56 27.72 27.55 27.55 27.57 27.54 27.63 27.64 27.68 27.58 27.48 27.56 27.02 27.04 26.97 27.15 27.42 27.48 27.52 27.72 27.64 27.67 27.39 27.66 28.19 27.81 28.05 27.65 27.71 27.48 27.17 27.17 27.17 27.17 27.17 27.17 27.17 27.17
27.80 27.70 27.78 27.78 27.82 27.88 27.81 27.78 27.80 27.78 27.80 27.70 27.56 27.76 27.75 27.70 27.72 27.67 27.66 27.56 27.45 25.95 26.04 27.35 26.88 27.40 27.40 27.41 27.47 27.36 27.36 27.22 27.19 27.51 27.27 27.50 27.52 27.55 27.54 27.55 27.51 27.53 27.49 27.47 27.51 27.61 27.69 27.55 27.58 27.50 27.55 27.41 27.13 27.39 27.34 27.69 27.32 27.43 27.54 27.66 27.68 27.78 28.05 27.69 27.34 27.59 27.95 27.79 27.72 27.72 27.72 27.17 27.17 27.17 27.17 27.17 27.17
27.66 27.69 27.78 27.77 27.79 27.77 27.54 27.59 27.57 27.77 27.78 27.63 27.57 27.66 27.76 27.86 27.84 27.78 27.67 26.62 26.07 25.77 27.12 27.43 27.03 26.93 27.43 27.38 27.42 27.29 27.36 27.35 27.37 27.35 27.45 27.50 27.46 27.58 27.62 27.45 27.40 27.52 27.45 27.49 27.61 27.66 27.62 27.42 27.51 27.53 27.51 27.50 27.45 27.46 27.42 27.25 27.18 27.20 27.32 27.55 27.73 27.80 27.78 27.77 27.70 28.15 27.93 27.72 27.66 27.66 27.66 27.66 27.66 27.17 27.84 27.84 27.62
27.76 27.67 27.75 27.83 27.73 27.60 27.58 27.52 27.65 27.58 27.60 27.84 27.62 27.59 27.61 27.81 27.86 27.90 27.58 26.90 26.44 26.59 27.12 27.50 27.33 26.53 27.48 27.23 27.38 27.46 27.47 27.37 27.41 27.35 27.47 27.46 27.59 27.61 27.54 27.49 27.45 27.39 27.38 27.47 27.60 27.64 27.52 27.38 27.52 27.51 27.40 27.49 27.49 27.51 27.33 27.45 27.23 27.10 27.24 27.50 27.66 27.74 27.75 27.93 27.99 28.13 28.17 28.17 27.66 27.66 27.66 27.93 27.93 27.84 27.84 27.62 27.62
27.86 27.75 27.74 27.81 27.75 27.60 27.64 27.50 27.57 27.47 27.54 27.68 27.63 27.44 27.75 27.86 27.93 27.89 27.47 27.02 26.21 26.08 26.73 27.09 27.41 26.83 27.33 27.31 27.18 27.40 27.53 27.43 27.39 27.28 27.48 27.46 27.59 27.60 27.54 27.51 27.38 27.48 27.47 27.39 27.55 27.55 27.51 27.52 27.58 27.36 27.35 27.48 27.55 27.50 27.48 27.39 27.19 27.21 27.31 27.40 27.65 27.66 27.69 27.76 27.85 27.94 28.08 28.15 27.92 27.92 27.93 27.93 27.84 27.84 27.62 27.62 27.84
27.84 27.87 27.74 27.71 27.72 27.56 27.59 27.51 27.40 27.65 27.77 27.67 27.65 27.53 27.53 27.53 27.58 27.55 27.55 27.01 27.04 25.39 26.60 26.72 27.38 26.81 26.86 27.23 26.98 27.38 27.34 27.49 27.49 27.41 27.50 27.46 27.38 27.54 27.55 27.45 27.45 27.47 27.50 27.42 27.40 27.42 27.59 27.58 27.44 27.46 27.45 27.50 27.55 27.58 27.52 27.28 27.29 27.28 27.22 27.38 27.60 27.78 27.73 27.69 27.74 27.82 27.91 27.96 27.98 27.93 27.93 27.84 27.84 27.62 27.62 27.84 27.84
27.95 27.79 27.68 27.75 27.73 27.49 27.55 27.63 27.70 27.62 27.72 27.83 27.58 27.56 27.61 27.61 27.54 27.35 27.52 27.24 27.02 25.68 26.23 26.90 27.44 27.39 26.53 27.29 27.27 26.87 27.17 27.39 27.45 27.48 27.42 27.49 27.49 27.50 27.51 27.53 27.35 27.56 27.55 27.40 27.47 27.52 27.65 27.58 27.48 27.52 27.55 27.53 27.59 27.66 27.53 27.30 27.31 27.25 27.35 27.54 27.34 27.55 27.71 27.64 27.78 27.85 27.93 27.99 28.03 28.09 27.84 27.84 27.62 27.62 27.84 27.84 27.53
27.80 27.70 27.70 27.84 27.66 27.46 27.53 27.71 27.72 27.73 27.71 27.73 27.71 27.62 27.60 27.57 27.08 26.99 27.33 27.21 26.94 26.93 26.37 26.49 26.96 27.75 26.80 27.20 26.98 26.86 27.18 27.47 27.45 27.48 27.54 27.38 27.41 27.49 27.54 27.43 27.42 27.53 27.53 27.57 27.50 27.53 27.65 27.59 27.45 27.53 27.52 27.54 27.53 27.62 27.57 27.45 27.35 27.21 27.22 27.31 27.59 27.41 27.55 27.54 27.42 27.76 27.86 27.88 27.95 27.91 27.85 27.62 27.62 27.84 27.84 27.59 27.53
27.67 27.66 27.57 27.67 27.62 27.49 27.59 27.71 27.69 27.72 27.67 27.80 27.61 27.60 27.44 27.47 27.27 26.47 26.98 27.21 27.16 26.61 26.66 26.65 26.29 27.18 26.89 26.47 27.02 26.94 27.22 27.42 27.31 27.46 27.49 27.39 27.40 27.47 27.52 27.52 27.43 27.42 27.44 27.56 27.57 27.57 27.63 27.52 27.52 27.57 27.39 27.54 27.44 27.50 27.49 27.42 27.49 27.32 27.46 27.44 27.45 27.59 27.60 27.57 26.98 27.60 27.70 27.69 27.81 27.86 27.90 27.94 27.84 27.84 27.59 27.53 27.53
27.61 27.61 27.54 27.65 27.54 27.51 27.71 27.77 27.77 27.70 27.76 27.81 27.78 27.52 27.47 27.37 27.29 26.87 26.91 26.75 26.93 26.74 26.44 26.57 26.16 26.55 26.81 26.18 26.71 27.26 27.32 27.52 27.35 27.56 27.48 27.38 27.37 27.53 27.47 27.56 27.37 27.48 27.51 27.60 27.56 27.56 27.57 27.52 27.63 27.64 27.41 27.40 27.43 27.44 27.50 27.49 27.62 27.47 27.38 27.50 27.78 27.95 27.34 27.33 27.57 27.64 27.67 27.82 27.70 27.82 27.92 27.95 27.85 27.59 27.59 27.53 27.53
27.67 27.62 27.68 27.61 27.54 27.58 27.71 27.90 27.92 27.73 27.71 27.77 27.83 27.61 27.70 27.65 27.50 27.25 26.83 27.01 26.88 26.77 26.94 27.10 26.71 26.18 26.22 26.43 26.31 26.70 27.18 27.49 27.40 27.51 27.53 27.40 27.49 27.50 27.41 27.41 27.35 27.37 27.56 27.54 27.54 27.59 27.57 27.61 27.61 27.59 27.52 27.43 27.51 27.46 27.64 27.68 27.62 27.54 27.41 27.37 28.05 28.06 27.58 27.85 27.75 27.88 27.87 27.97 27.97 27.65 27.86 27.94 27.92 27.71 27.33 27.53 27.53
27.65 27.66 27.70 27.75 27.67 27.69 27.63 27.73 27.89 27.78 27.67 27.75 27.74 27.67 27.63 27.71 27.76 27.63 27.11 26.73 27.07 26.75 26.84 26.85 27.19 26.62 26.59 26.55 25.98 25.78 26.78 26.94 27.20 27.63 27.55 27.48 27.44 27.56 27.45 27.44 27.36 27.46 27.51 27.47 27.56 27.65 27.60 27.66 27.61 27.47 27.54 27.62 27.62 27.60 27.55 27.58 27.64 27.77 27.65 27.43 27.92 27.85 27.74 27.85 27.89 28.00 27.76 27.95 28.26 27.76 27.76 27.77 27.95 27.69 27.31 27.51 27.57
27.45 27.55 27.62 27.64 27.58 27.66 27.69 27.70 27.97 27.92 27.77 27.68 27.75 27.74 27.74 27.74 27.71 27.81 27.53 27.33 26.79 26.64 26.84 26.93 26.93 26.98 26.34 26.82 26.04 25.21 26.57 27.07 27.12 27.41 27.56 27.65 27.56 27.55 27.49 27.44 27.37 27.55 27.38 27.47 27.43 27.56 27.52 27.58 27.56 27.55 27.62 27.61 27.55 27.51 27.59 27.54 27.63 27.61 27.66 27.52 27.43 27.31 27.37 27.40 27.48 27.70 28.02 28.14 28.09 27.79 27.75 27.68 27.65 27.58 27.56 27.33 27.58
27.54 27.56 27.54 27.63 27.62 27.64 27.61 27.69 27.94 27.94 27.79 27.63 27.75 27.79 27.74 27.71 27.76 27.86 27.70 27.55 27.10 26.39 26.25 26.64 26.06 26.75 27.10 26.80 26.29 26.00 25.94 26.89 26.84 27.02 27.42 27.34 27.41 27.56 27.50 27.44 27.46 27.52 27.50 27.33 27.57 27.54 27.58 27.53 27.46 27.53 27.46 27.48 27.61 27.66 27.65 27.50 27.49 27.58 27.47 27.43 27.51 27.41 27.41 27.31 27.39 27.46 27.78 27.78 27.70 27.75 27.73 27.71 27.65 27.65 27.48 27.59 27.56
27.56 27.68 27.49 27.66 27.68 27.64 27.70 27.95 28.01 27.89 27.83 27.78 27.68 27.82 27.80 27.79 27.74 27.53 27.75 27.53 27.32 26.88 26.49 26.55 26.56 26.42 26.79 26.75 26.08 25.95 25.88 25.90 26.82 27.08 27.26 27.48 27.57 27.51 27.50 27.38 27.43 27.45 27.60 27.57 27.52 27.59 27.60 27.58 27.52 27.46 27.44 27.50 27.65 27.59 27.50 27.49 27.44 27.59 27.57 27.49 27.41 27.52 27.43 27.39 27.38 27.56 27.16 27.74 27.67 27.68 27.53 27.54 27.69 27.41 27.66 27.62 27.71
27.59 27.59 27.40 27.57 27.62 27.67 27.72 27.89 27.93 27.85 27.81 27.61 27.58 27.67 27.75 27.77 27.59 27.73 27.67 27.42 27.52 26.53 25.76 26.43 26.35 27.02 26.49 27.10 26.76 25.91 25.95 26.41 26.94 27.11 26.86 27.38 27.50 27.46 27.41 27.45 27.52 27.45 27.60 27.58 27.53 27.56 27.57 27.58 27.51 27.50 27.56 27.54 27.58 27.51 27.44 27.52 27.60 27.42 27.45 27.45 27.47 27.46 27.49 27.30 27.51 27.44 27.56 27.70 27.65 27.58 27.53 27.33 27.43 27.50 27.52 27.61 27.66
27.50 27.50 27.38 27.43 27.57 27.63 27.67 27.86 27.88 27.81 27.83 27.82 27.71 27.51 27.55 27.70 27.63 27.35 27.49 27.37 26.93 26.21 24.72 25.25 26.42 27.19 26.64 26.68 27.01 26.64 26.61 26.08 26.72 26.88 26.57 27.24 27.59 27.42 27.49 27.59 27.55 27.46 27.58 27.62 27.55 27.64 27.53 27.48 27.54 27.64 27.57 27.51 27.56 27.42 27.44 27.55 27.60 27.50 27.38 27.46 27.52 27.47 27.57 27.46 27.64 27.63 27.55 27.67 27.76 27.77 27.61 27.53 27.67 27.60 27.54 27.61 27.37
27.50 27.57 27.50 27.42 27.43 27.49 27.56 27.72 27.84 27.86 27.77 27.83 27.81 27.58 27.51 27.54 27.62 27.58 27.56 27.57 27.40 26.85 25.52 23.49 25.19 27.17 26.83 27.00 26.72 26.72 27.09 26.64 27.00 26.67 26.69 27.08 27.23 27.43 27.40 27.48 27.55 27.61 27.58 27.63 27.60 27.64 27.66 27.64 27.65 27.61 27.55 27.50 27.48 27.55 27.53 27.52 27.48 27.39 27.33 27.43 27.53 27.52 27.59 27.56 27.55 27.61 28.01 27.59 27.89 27.66 27.49 27.61 27.74 27.51 27.46 27.68 27.58
27.59 27.50 27.43 27.47 27.45 27.49 27.54 27.70 27.72 27.64 27.61 27.75 27.84 27.66 27.48 27.41 27.39 27.49 27.50 27.51 27.31 27.24 26.90 25.91 25.74 26.72 26.86 26.96 26.95 26.49 26.88 26.62 27.26 26.84 26.54 26.55 27.09 27.35 27.40 27.50 27.60 27.63 27.64 27.64 27.67 27.60 27.64 27.58 27.64 27.61 27.59 27.54 27.57 27.54 27.55 27.44 27.39 27.44 27.46 27.39 27.49 27.52 27.57 27.58 27.56 27.57 27.78 27.54 27.85 27.73 27.76 27.59 27.50 27.58 27.57 27.59 27.62
27.58 27.48 27.50 27.56 27.50 27.54 27.66 27.55 27.59 27.59 27.62 27.70 27.97 27.86 27.92 27.92 27.58 27.53 27.54 27.41 27.43 27.27 26.78 26.72 26.80 26.72 26.99 27.05 26.83 26.67 26.54 26.26 26.42 27.21 26.69 26.50 27.15 27.09 27.30 27.46 27.52 27.66 27.73 27.77 27.68 27.66 27.59 27.60 27.61 27.50 27.58 27.57 27.62 27.53 27.51 27.50 27.50 27.56 27.58 27.57 27.63 27.59 27.61 27.58 27.48 27.46 27.49 27.27 27.61 27.60 27.52 27.56 27.76 27.75 27.65 27.68 27.62
27.48 27.56 27.60 27.48 27.50 27.42 27.43 27.42 27.51 27.66 27.75 27.68 27.74 27.80 27.82 27.91 27.79 27.54 27.55 27.46 27.51 27.43 27.44 27.43 27.25 27.10 27.22 27.26 27.10 26.92 26.28 26.18 25.99 26.92 26.55 26.07 26.79 27.14 27.18 27.23 27.42 27.53 27.71 27.69 27.62 27.65 27.67 27.61 27.64 27.55 27.46 27.51 27.62 27.59 27.56 27.60 27.64 27.65 27.59 27.59 27.61 27.56 27.57 27.60 27.46 27.44 27.40 27.39 27.46 27.11 27.54 27.57 27.40 27.54 27.57 27.63 27.49
27.53 27.49 27.53 27.53 27.54 27.47 27.45 27.49 27.60 27.60 27.86 27.80 27.85 27.82 27.77 27.81 27.67 27.59 27.63 27.56 27.59 27.53 27.48 27.39 27.43 27.29 27.40 27.37 27.06 26.95 25.97 26.55 26.38 26.80 26.27 25.73 26.46 26.95 27.15 27.08 27.28 27.22 27.46 27.64 27.60 27.71 27.64 27.67 27.62 27.61 27.52 27.57 27.52 27.57 27.57 27.65 27.63 27.67 27.57 27.62 27.55 27.47 27.51 27.49 27.62 27.37 27.49 27.60 27.55 27.41 27.48 27.56 27.47 27.45 27.33 27.50 27.36
27.42 27.43 27.33 27.46 27.47 27.46 27.57 27.57 27.72 27.87 27.84 27.87 27.85 27.71 27.58 27.54 27.53 27.64 27.69 27.55 27.66 27.62 27.58 27.53 27.46 27.39 27.42 27.28 27.12 26.94 26.73 27.05 25.44 26.63 26.32 25.02 26.03 26.52 27.02 26.94 27.04 27.56 27.30 27.47 27.49 27.58 27.66 27.66 27.57 27.58 27.60 27.57 27.51 27.59 27.55 27.63 27.64 27.65 27.44 27.60 27.45 27.49 27.47 27.44 27.52 27.54 27.60 27.57 27.52 27.51 27.54 27.63 27.55 27.49 27.43 27.47 27.42
27.37 27.52 27.50 27.56 27.58 27.53 27.51 27.49 27.56 27.56 27.49 27.70 27.78 27.66 27.70 27.74 27.76 27.79 27.73 27.59 27.56 27.58 27.79 27.60 27.45 27.41 27.41 27.37 27.24 27.16 27.31 27.21 26.67 26.89 27.16 26.32 25.99 25.36 26.14 26.79 26.82 27.05 27.33 27.38 27.39 27.30 27.58 27.57 27.69 27.63 27.61 27.56 27.52 27.57 27.58 27.70 27.67 27.75 27.67 27.73 27.56 27.60 27.56 27.56 27.61 27.60 27.59 27.47 27.50 27.50 27.43 27.51 27.53 27.54 27.55 27.60 27.57
27.59 27.68 27.55 27.65 27.65 27.68 27.60 27.52 27.54 27.58 27.63 27.66 27.71 27.59 27.72 27.75 27.82 27.74 27.78 27.70 27.66 27.69 27.68 27.50 27.50 27.48 27.55 27.47 27.44 27.33 27.52 27.15 27.10 26.77 27.23 26.81 26.47 26.13 25.93 25.87 26.52 26.38 27.19 27.19 27.35 27.26 27.56 27.34 27.41 27.56 27.61 27.57 27.48 27.57 27.58 27.57 27.59 27.70 27.67 27.46 27.51 27.50 27.61 27.61 27.59 27.47 27.58 27.51 27.56 27.51 27.49 27.48 27.48 27.62 27.60 27.63 27.63
27.89 27.67 27.58 27.65 27.61 27.60 27.66 27.58 27.64 27.59 27.46 27.57 27.71 27.65 27.72 27.74 27.76 27.81 27.82 27.77 27.71 27.75 27.73 27.59 27.53 27.51 27.52 27.50 27.43 27.38 27.32 27.43 27.40 27.22 27.34 26.53 26.92 25.63 27.00 26.00 26.60 26.18 26.82 27.26 27.57 27.28 27.29 27.32 27.40 27.54 27.67 27.64 27.59 27.67 27.75 27.65 27.50 27.49 27.42 27.47 27.66 27.67 27.62 27.71 27.71 27.60 27.63 27.51 27.51 27.58 27.55 27.59 27.55 27.61 27.61 27.46 27.41
27.85 27.74 27.70 27.73 27.55 27.59 27.70 27.71 27.81 27.81 27.65 27.67 27.80 27.83 27.82 27.66 27.70 27.85 27.81 27.88 27.84 27.70 27.79 27.70 27.71 27.64 27.55 27.53 27.50 27.47 27.41 27.36 27.41 27.39 27.41 27.41 27.06 26.04 26.94 26.14 27.07 26.13 26.96 27.08 27.01 26.96 27.16 27.41 27.66 27.62 27.70 27.67 27.68 27.74 27.53 27.44 27.53 27.55 27.51 27.44 27.55 27.61 27.71 27.63 27.60 27.60 27.56 27.52 27.58 27.53 27.53 27.55 27.60 27.64 27.63 27.39 27.40
27.88 27.99 27.81 27.68 27.54 27.64 27.80 27.63 27.78 27.84 27.73 27.71 27.78 27.82 27.89 27.84 27.72 27.75 27.69 27.74 27.78 27.70 27.77 27.82 27.91 27.64 27.57 27.53 27.56 27.55 27.50 27.44 27.37 27.39 27.47 27.55 27.23 26.87 26.56 26.99 27.20 26.78 27.11 27.21 26.66 26.90 27.13 27.06 27.32 27.52 27.70 27.56 27.59 27.51 27.38 27.47 27.49 27.41 27.36 27.39 27.53 27.54 27.58 27.62 27.66 27.62 27.55 27.60 27.62 27.54 27.56 27.61 27.56 27.66 27.67 27.47 27.32
27.93 27.92 27.75 27.71 27.65 27.76 27.91 27.76 27.69 27.77 27.74 27.70 27.76 27.85 27.94 27.87 27.85 27.91 27.76 27.77 27.86 27.78 27.92 27.89 27.72 27.69 27.60 27.57 27.53 27.62 27.63 27.69 27.54 27.66 27.57 27.20 27.43 27.37 27.14 27.07 27.35 26.51 26.95 27.39 26.75 26.29 27.18 27.25 26.85 26.99 27.33 27.25 27.39 27.45 27.53 27.49 27.45 27.39 27.29 27.32 27.44 27.57 27.54 27.73 27.81 27.62 27.64 27.66 27.78 27.67 27.50 27.51 27.52 27.56 27.41 27.37 27.33
27.88 27.83 27.80 27.74 27.75 27.96 27.81 27.75 27.56 27.76 27.87 27.74 27.76 27.73 27.86 27.91 27.85 27.85 27.87 27.95 27.82 27.90 27.93 27.94 27.83 27.70 27.68 27.62 27.61 27.74 27.58 27.63 27.72 27.70 27.67 27.53 27.52 27.42 27.27 27.25 27.24 26.51 27.24 27.07 27.05 26.27 27.19 26.83 26.55 26.67 27.34 27.50 27.57 27.45 27.48 27.40 27.40 27.41 27.40 27.37 27.35 27.49 27.56 27.62 27.69 27.65 27.72 27.58 27.47 27.49 27.59 27.60 27.65 27.53 27.44 27.30 27.31
28.11 27.96 27.89 27.90 27.86 27.84 27.89 27.85 27.70 27.70 27.76 27.78 27.75 27.70 27.75 27.86 27.98 28.00 27.99 27.89 27.73 27.84 27.86 27.87 27.79 27.78 27.76 27.88 27.88 27.80 27.72 27.78 27.64 27.67 27.70 27.55 27.59 27.53 27.36 27.21 27.38 27.10 26.51 27.39 27.09 26.41 27.29 26.30 26.16 26.50 27.05 27.27 27.45 27.61 27.51 27.40 27.33 27.48 27.51 27.53 27.37 27.51 27.59 27.60 27.65 27.70 27.70 27.52 27.54 27.63 27.63 27.65 27.57 27.49 27.32 27.26 27.07
