main/data/irradiance/26.10.2023.grid
ncols 839
nrows 679
xllcenter 112.0500
yllcenter -43.9500
cellsize 0.0500
nodata_value 99999.90
[rows 238 to 271 of 679, columns 693 to 769 of 839]
27.47 27.57 27.53 27.41 27.37 27.40 27.46 27.37 27.43 27.44 27.53 27.54 27.69 27.71 27.90 27.84 27.54 27.65 27.47 27.64 27.77 27.80 27.71 27.62 27.52 27.49 27.52 27.60 27.71 27.60 27.68 27.57 27.47 27.53 27.56 27.56 27.57 27.50 27.59 27.61 27.71 27.73 27.46 27.41 27.50 27.40 27.58 27.80 27.80 27.85 27.80 27.78 27.77 27.67 27.41 27.27 27.27 27.27 27.34 27.34 27.34 27.17 27.17 27.17 27.17 27.17 27.17 27.17 26.93 26.93 26.93 26.93 26.93 27.24 27.24 27.24 27.24
27.53 27.37 27.54 27.45 26.83 27.21 27.42 27.52 27.40 27.55 27.57 27.59 27.63 27.70 27.65 27.67 27.64 27.70 27.62 27.67 27.75 27.79 27.77 27.74 27.57 27.56 27.66 27.79 27.75 27.79 27.62 27.75 27.51 27.72 27.65 27.45 27.47 27.51 27.57 27.63 27.60 27.51 27.49 27.43 27.53 27.47 27.55 27.58 27.65 27.75 27.75 27.65 27.71 27.62 27.55 27.41 27.41 27.34 27.34 27.34 27.34 27.17 27.17 27.17 27.17 27.17 27.17 26.93 26.93 26.93 26.93 26.93 26.93 27.24 27.24 27.24 27.24
27.45 27.40 27.52 27.54 27.35 27.40 27.38 27.35 27.44 27.60 27.62 27.58 27.47 27.54 27.76 27.76 27.74 27.73 27.83 27.87 27.78 27.75 27.82 27.84 27.78 27.68 27.71 27.79 27.79 27.70 27.84 27.93 27.87 27.61 27.42 27.39 27.49 27.55 27.54 27.61 27.59 27.57 27.55 27.41 27.43 27.47 27.52 27.57 27.51 27.80 27.76 27.66 27.62 27.75 27.76 27.55 27.34 27.34 27.34 27.34 27.34 27.17 27.17 27.17 27.17 27.17 27.17 26.93 26.93 26.93 26.93 26.93 26.93 27.24 27.24 27.24 27.24
27.57 27.46 27.17 27.42 27.45 27.39 27.42 27.39 27.58 27.63 27.63 27.60 27.55 27.52 27.64 27.86 27.66 27.44 26.70 27.53 27.63 27.73 27.74 27.81 27.81 27.67 27.74 28.12 27.84 27.78 27.75 27.89 27.93 27.77 27.63 27.64 27.59 27.50 27.52 27.50 27.54 27.39 27.34 27.31 27.41 27.58 27.68 27.60 27.61 27.82 27.74 27.65 27.58 27.69 27.75 27.63 27.24 27.24 27.24 27.24 27.24 27.17 27.17 27.17 27.17 27.17 27.23 26.93 26.93 26.93 26.93 26.93 26.93 27.24 27.24 27.24 27.24
27.56 27.56 27.33 27.22 27.32 27.31 27.32 27.49 27.61 27.57 27.54 27.60 27.46 27.34 27.20 27.78 27.30 27.17 27.29 27.17 26.82 27.35 27.79 27.91 27.96 27.81 27.85 27.98 27.88 27.86 27.96 27.75 27.68 27.70 27.67 27.68 27.49 27.58 27.39 27.47 27.50 27.34 27.14 27.20 27.46 27.53 27.50 27.54 27.62 27.74 27.77 27.74 27.67 27.70 27.69 27.72 27.25 27.25 27.25 27.56 27.56 27.17 27.17 27.17 27.17 27.17 27.23 26.93 26.93 26.93 26.93 26.93 27.39 27.24 27.24 27.24 27.24
27.51 27.46 27.05 27.06 27.45 27.34 27.37 27.47 27.58 27.41 27.57 27.59 27.77 27.00 27.56 27.79 27.79 27.71 27.80 27.93 26.88 26.91 27.85 27.88 27.98 27.89 27.78 27.78 27.89 28.16 27.93 27.85 27.66 27.92 27.60 27.57 27.52 27.58 27.46 27.45 27.48 27.48 27.46 27.43 27.34 27.52 27.54 27.52 27.75 27.77 27.77 27.67 27.60 27.68 27.76 27.65 27.56 27.56 27.56 27.56 27.56 26.71 26.71 26.71 26.71 26.71 27.23 26.93 26.93 26.93 27.39 27.39 27.47 27.24 27.24 27.24 27.24
27.40 27.41 27.32 27.34 27.46 27.45 27.19 27.34 27.36 27.34 27.59 27.61 27.64 27.68 27.79 27.66 27.57 27.72 27.87 27.65 27.32 27.17 27.92 27.97 27.83 27.99 27.73 27.76 27.77 27.83 28.05 27.50 27.68 27.70 27.62 27.56 27.54 27.56 27.52 27.35 27.37 27.32 27.42 27.38 27.38 27.54 27.40 27.58 27.67 27.76 27.78 27.74 27.69 27.69 27.78 27.68 27.56 27.56 27.56 27.56 27.77 26.71 26.71 26.71 26.71 27.56 27.56 27.35 27.35 27.39 27.39 27.47 27.47 27.24 27.24 27.24 27.24
27.41 27.38 27.29 27.12 27.58 27.42 27.16 27.28 27.43 27.55 27.65 27.59 27.59 27.68 27.88 27.59 27.40 27.64 27.63 27.79 28.00 27.77 27.81 27.89 27.93 27.93 27.73 27.76 27.75 27.75 27.93 27.74 27.59 27.58 27.57 27.54 27.53 27.51 27.52 27.42 27.42 27.41 27.47 27.59 27.49 27.42 27.25 27.56 27.51 27.56 27.65 27.70 27.72 27.72 27.65 27.70 27.47 27.65 27.65 27.77 27.03 27.03 26.71 27.09 27.09 27.09 27.45 27.21 27.39 27.39 27.47 27.47 27.50 27.24 27.24 27.24 27.24
27.39 27.39 27.21 26.86 27.46 27.45 27.18 26.65 27.42 27.46 27.50 27.51 27.66 27.68 27.84 27.86 27.50 27.65 27.48 27.70 27.86 27.87 27.74 27.87 27.92 27.92 27.78 27.72 27.68 27.69 27.61 27.92 27.59 27.54 27.51 27.58 27.52 27.62 27.51 27.50 27.53 27.54 27.51 27.61 27.70 27.43 27.50 27.50 27.27 27.53 27.67 27.65 27.65 27.67 27.58 27.56 27.69 27.46 27.77 27.77 27.03 27.03 27.65 27.67 27.67 27.67 27.39 27.47 27.32 27.47 27.47 27.47 27.50 27.50 27.24 27.24 27.24
27.30 27.19 26.93 27.39 27.41 27.45 27.31 27.34 27.41 27.42 27.47 27.36 27.62 27.75 27.72 27.68 27.59 27.31 27.68 27.91 27.80 27.86 27.83 27.85 27.85 27.83 27.77 27.62 27.71 27.73 27.71 27.46 27.83 27.63 27.60 27.68 27.46 27.49 27.47 27.35 27.43 27.46 27.41 27.51 27.31 27.41 27.48 27.52 27.39 27.59 27.55 27.61 27.65 27.72 27.68 27.65 27.50 27.27 27.62 27.19 27.03 27.03 27.65 27.65 27.67 27.67 27.57 27.76 27.65 27.41 27.41 27.67 27.50 27.50 27.50 27.22 27.22
27.29 27.23 26.71 27.44 27.43 27.31 27.22 27.04 27.52 27.50 27.36 27.65 27.66 27.69 27.67 27.65 27.72 27.65 27.71 27.52 27.66 27.58 27.88 27.84 27.88 27.89 27.77 27.52 27.78 27.68 27.66 27.60 27.73 27.67 27.92 27.84 27.56 27.50 27.37 27.35 27.16 27.47 27.37 27.46 27.29 27.52 27.43 27.64 27.74 27.71 27.54 27.53 27.64 27.67 27.78 27.61 27.46 27.41 27.65 27.30 27.03 27.65 27.65 27.65 26.99 27.15 27.15 27.70 27.65 27.54 27.61 27.67 27.50 27.50 27.32 27.40 27.40
27.44 27.56 27.25 27.00 27.42 27.26 27.05 27.36 27.44 27.36 27.50 27.54 27.62 27.75 27.63 27.56 27.67 27.51 26.96 27.22 27.56 27.95 27.95 27.94 27.84 27.78 27.85 27.68 27.65 27.64 27.63 27.67 27.54 27.80 27.48 27.81 27.59 27.50 27.82 27.45 27.43 27.61 27.44 27.38 26.82 26.76 27.43 27.59 27.74 27.70 27.53 27.50 27.60 27.72 27.74 27.54 27.33 27.24 27.46 27.53 27.53 26.87 27.29 26.99 26.99 27.15 27.15 27.58 27.56 27.56 27.57 27.60 27.32 27.32 27.32 27.33 27.40
27.41 27.45 27.38 27.29 27.43 27.34 27.13 27.24 27.16 27.39 27.50 27.65 27.88 27.63 27.38 27.56 27.58 27.58 27.41 27.85 27.69 27.75 27.82 27.85 27.66 27.70 27.66 27.64 27.70 27.69 27.56 27.62 27.42 27.40 27.48 27.59 27.41 27.43 27.30 27.07 27.64 27.63 27.73 27.66 27.42 27.44 27.38 27.33 27.52 27.38 27.50 27.53 27.58 27.70 27.77 27.53 27.30 26.88 27.16 27.22 27.19 26.94 26.93 27.22 27.83 27.83 27.50 27.50 27.57 27.57 27.08 27.46 27.25 27.42 26.92 27.33 27.33
27.42 27.49 27.51 27.34 27.26 27.39 26.85 26.85 27.08 27.00 27.47 27.35 27.57 27.47 27.36 27.65 27.49 27.51 27.68 27.36 27.38 27.60 27.79 27.71 27.67 27.63 27.65 27.71 27.40 27.52 27.74 27.53 27.19 27.24 27.06 27.36 27.66 27.37 27.37 27.58 27.47 27.35 27.70 27.70 27.56 27.56 27.45 27.11 27.52 27.44 27.52 27.46 27.51 27.65 27.71 27.46 27.30 27.14 26.66 26.74 26.95 27.08 27.56 27.36 27.74 27.98 27.98 27.44 27.64 27.66 27.32 27.46 27.71 27.73 27.17 27.23 27.42
27.39 27.41 27.56 27.51 26.67 26.95 27.02 27.10 26.92 27.03 27.09 27.53 27.68 27.49 27.49 27.53 27.52 27.47 27.27 27.60 27.28 27.73 27.36 27.75 27.75 27.79 27.82 27.72 27.55 27.83 27.55 27.71 27.59 27.03 27.46 27.44 27.17 27.40 27.52 27.68 27.62 27.55 27.66 27.47 27.66 27.58 27.53 27.50 27.57 27.54 27.51 27.43 27.28 27.51 27.67 27.57 27.23 26.83 26.51 26.66 26.92 27.10 27.54 27.35 27.66 27.96 28.03 27.69 27.63 27.73 27.55 27.47 27.72 27.71 27.11 27.23 27.11
27.20 27.32 27.54 27.60 27.41 27.38 27.38 26.89 25.73 27.36 27.51 27.38 27.50 27.52 27.45 27.47 27.55 27.66 27.56 27.49 27.01 27.64 27.49 27.77 27.74 27.71 27.92 27.61 27.36 27.82 27.69 27.55 27.63 27.29 26.84 26.98 27.11 27.52 27.40 27.50 27.52 27.47 27.60 27.42 27.68 27.67 27.71 27.63 27.42 27.46 27.47 27.34 27.21 27.37 27.60 27.64 27.32 27.26 26.55 26.57 26.92 27.29 27.70 27.63 27.76 27.82 28.02 28.02 27.78 27.76 27.59 27.59 27.48 27.36 27.26 26.87 26.87
27.40 27.01 27.41 27.58 27.37 27.33 27.16 27.40 26.94 27.00 27.01 27.34 27.36 27.42 27.47 27.37 27.49 27.31 27.55 27.86 27.01 26.75 27.65 27.62 27.72 27.75 27.71 27.73 27.65 27.71 27.63 27.60 27.63 27.53 27.27 27.32 27.41 27.51 27.49 27.65 27.60 27.60 27.57 27.61 27.74 27.68 27.68 27.70 27.65 27.63 27.43 27.49 27.37 27.20 27.34 27.40 27.21 26.99 26.86 26.95 27.11 27.16 27.48 27.78 27.80 27.71 27.79 27.90 27.98 27.85 27.65 27.79 27.55 27.48 27.57 27.01 27.34
27.43 26.92 26.96 27.49 27.53 27.05 27.03 27.29 26.76 26.49 26.53 27.36 27.19 27.34 27.48 27.24 27.00 27.52 27.47 27.06 27.16 27.25 27.60 27.79 27.78 27.62 27.62 27.38 27.39 27.70 27.65 27.28 27.20 27.38 27.45 27.05 27.10 27.25 27.61 27.62 27.71 27.71 27.69 27.53 27.60 27.67 27.65 27.60 27.63 27.66 27.59 27.45 27.35 27.14 27.28 27.16 27.11 26.81 27.09 27.37 27.10 27.52 27.43 27.80 27.80 27.74 27.78 27.73 27.90 27.86 27.90 27.82 27.82 27.61 27.66 27.38 27.23
27.56 27.45 27.18 27.43 27.53 27.52 27.37 27.22 27.16 26.79 27.11 27.36 27.19 27.23 27.16 27.43 27.47 27.45 27.39 27.54 27.60 27.65 27.64 27.16 27.21 27.23 27.44 27.39 27.05 27.60 27.65 27.60 27.47 26.69 26.98 27.30 26.86 27.07 27.56 28.07 27.62 27.55 27.58 27.39 27.32 27.40 27.27 27.63 27.64 27.60 27.67 27.62 27.43 27.26 27.02 26.92 27.17 26.82 27.03 27.16 27.26 27.39 27.44 27.81 27.66 27.67 27.78 27.67 27.86 27.95 27.97 28.06 27.80 27.65 27.61 27.35 27.31
27.52 27.35 27.17 27.30 27.45 27.17 27.13 27.09 26.69 27.16 27.16 27.45 26.80 27.09 27.19 26.80 27.02 27.45 27.32 27.48 27.33 26.68 27.46 27.62 27.42 27.28 27.69 27.00 27.40 27.47 27.60 27.45 27.29 27.31 27.27 26.68 26.12 26.94 26.87 27.33 27.39 27.89 27.43 27.32 27.19 27.29 27.46 27.66 27.63 27.69 27.64 27.65 27.43 27.27 27.07 26.94 27.14 27.06 27.08 27.24 27.40 27.44 27.53 27.64 27.81 27.76 27.77 27.75 27.83 27.90 28.09 27.94 27.85 27.71 27.72 27.51 27.47
27.37 27.20 27.34 27.22 26.67 26.57 27.16 27.11 26.91 26.72 27.28 26.99 27.26 27.12 27.38 27.12 27.49 27.55 27.42 27.30 27.37 27.46 27.44 27.47 27.10 27.52 27.48 27.25 26.90 27.51 27.53 27.76 27.37 27.26 26.75 26.70 27.12 25.64 26.21 26.96 27.37 27.74 27.51 27.31 27.44 27.46 27.61 27.65 27.64 27.73 27.68 27.57 27.45 27.45 27.20 26.94 26.81 27.04 26.96 27.21 27.24 27.36 27.60 27.66 27.80 27.86 27.85 27.77 27.73 27.83 27.87 27.73 27.81 27.76 27.68 27.67 27.70
27.00 27.39 27.54 27.17 26.61 26.48 26.52 26.73 27.10 27.05 26.77 26.85 26.97 27.00 26.65 26.92 27.29 27.34 26.66 27.39 27.24 27.38 27.44 27.17 26.84 27.40 27.71 26.83 27.38 27.48 27.34 27.56 27.31 27.47 27.15 27.02 27.02 26.68 25.86 26.79 27.23 27.47 27.20 27.29 27.37 27.38 27.47 27.56 27.76 27.82 27.67 27.59 27.75 26.19 27.16 27.24 26.99 26.98 27.10 27.19 27.34 27.37 27.56 27.66 27.79 27.81 27.89 27.75 27.58 27.60 27.70 27.75 27.69 27.66 27.74 27.80 27.78
27.24 27.10 27.22 27.19 27.27 27.16 26.80 27.06 27.48 27.16 26.85 27.04 27.49 26.52 26.99 26.85 27.26 26.89 26.78 27.17 27.03 27.24 27.34 27.29 27.33 26.68 27.21 26.58 27.44 27.15 27.51 27.40 27.46 27.54 27.47 27.44 27.13 27.04 26.53 26.54 27.25 27.42 26.80 27.41 27.51 27.39 27.26 27.32 27.30 27.53 27.75 27.90 27.73 26.69 27.39 27.30 27.23 26.88 27.00 27.16 27.39 27.41 27.49 27.51 27.56 27.65 27.67 27.72 27.59 27.64 27.54 27.69 27.73 27.80 27.74 27.74 27.64
27.46 27.41 27.34 27.10 27.16 27.42 27.63 27.42 27.23 27.44 27.00 27.01 27.16 26.64 26.76 27.23 27.47 26.74 26.83 27.44 27.27 26.88 27.10 27.08 27.14 26.89 27.16 26.88 27.31 27.22 27.41 27.36 26.69 27.32 27.64 27.52 27.58 27.00 27.37 27.31 27.50 27.56 27.40 27.36 27.35 27.33 27.49 27.43 27.35 27.21 27.83 27.81 27.69 27.33 27.60 27.15 27.29 27.23 27.06 27.31 27.43 27.50 27.61 27.31 27.47 27.47 27.50 27.74 27.69 27.57 27.63 27.65 27.88 27.83 27.76 27.84 27.81
27.43 27.38 27.52 27.61 27.05 27.40 27.47 27.67 27.50 27.56 27.35 27.50 27.31 26.95 26.87 26.45 27.19 26.57 26.13 27.20 27.16 27.12 27.09 27.09 27.24 27.02 27.45 25.40 27.08 27.09 25.99 26.22 27.18 27.05 27.45 27.23 27.33 27.29 27.31 27.31 27.15 27.55 27.41 27.19 27.50 27.48 27.49 27.65 27.66 27.47 27.93 27.79 27.75 27.58 27.53 27.44 27.30 27.55 27.29 27.40 27.54 27.55 27.64 27.53 27.40 27.54 27.53 27.60 27.76 27.47 27.39 27.45 27.63 27.75 27.59 27.71 27.92
27.31 27.37 27.38 27.58 27.30 27.46 27.53 27.66 27.61 27.66 27.63 27.47 27.45 27.38 27.37 26.85 27.19 26.93 26.68 26.99 26.83 26.83 27.09 26.76 27.10 27.29 27.55 27.05 27.22 26.47 26.95 26.74 27.28 27.65 27.36 27.70 27.60 26.97 27.03 27.32 27.32 27.55 27.39 27.53 27.61 27.39 27.57 27.67 27.61 27.77 27.95 27.79 27.87 27.71 27.47 27.42 27.40 27.45 27.48 27.66 27.49 27.52 27.59 27.80 27.62 27.55 27.54 27.68 27.54 27.59 27.49 27.53 27.68 27.69 27.64 27.75 27.66
27.43 27.43 27.39 27.52 27.60 27.47 27.55 27.71 27.67 27.68 27.63 27.66 27.46 27.32 27.05 27.12 27.37 27.34 27.06 26.72 26.95 27.39 27.05 27.09 26.73 27.12 27.30 27.21 26.84 27.17 27.49 26.98 27.23 27.49 27.48 27.61 27.39 27.67 27.08 27.13 26.47 26.66 27.31 27.29 27.45 27.29 27.63 27.63 27.69 27.74 27.87 27.82 27.80 27.72 27.55 27.35 27.29 27.35 27.50 27.60 27.58 27.38 27.48 27.56 27.69 27.66 27.59 27.63 27.68 27.71 27.58 27.54 27.60 27.68 27.73 27.89 27.66
27.40 27.50 27.56 27.77 28.03 27.73 27.81 27.83 27.78 27.67 27.68 27.66 27.64 27.40 27.33 27.40 26.95 27.36 26.84 27.29 27.26 26.75 27.01 26.61 26.44 27.01 27.32 26.54 27.35 27.54 27.00 27.36 27.25 27.62 27.26 27.53 27.10 27.52 26.82 26.92 26.88 27.10 26.79 27.37 26.88 27.26 27.75 27.95 27.75 27.72 27.80 27.77 27.71 27.67 27.55 27.44 27.35 27.20 27.50 27.55 27.59 27.65 27.45 27.27 27.16 27.36 27.56 27.47 27.73 27.56 27.55 27.40 27.65 27.70 27.84 27.80 27.77
27.47 27.46 27.45 27.72 27.95 27.68 27.86 28.04 28.12 27.78 27.62 27.76 27.72 27.51 27.54 27.52 27.50 27.43 27.18 27.00 26.75 27.37 26.73 27.02 26.89 26.12 27.14 26.29 26.15 26.89 27.30 26.10 26.81 26.58 26.92 27.53 27.29 27.42 26.87 26.92 27.32 26.87 26.65 27.47 27.49 27.58 27.45 27.44 27.51 27.47 27.77 27.70 27.57 27.54 27.59 27.47 27.07 26.84 27.37 27.37 27.63 27.64 27.67 27.65 27.10 27.08 27.54 27.54 27.47 27.46 27.48 27.59 27.67 27.73 27.66 27.71 27.82
27.48 27.43 27.53 27.63 27.64 27.68 27.66 27.82 27.88 27.66 27.58 27.63 27.63 27.63 27.55 27.51 27.49 27.37 27.04 27.32 26.77 26.89 26.94 26.66 26.45 26.33 26.23 26.28 26.26 26.34 26.25 26.50 26.88 26.43 26.71 27.31 27.21 26.99 26.34 26.63 26.56 27.10 26.97 27.29 27.51 27.58 27.21 27.29 27.56 27.61 27.60 27.61 27.54 27.57 27.64 27.61 27.53 26.99 27.17 27.43 27.62 27.65 27.65 27.64 27.06 27.00 27.14 27.42 27.50 27.50 27.41 27.43 27.44 27.53 27.61 27.57 27.74
27.37 27.34 27.56 27.66 27.59 27.56 27.80 27.77 27.76 27.67 27.48 27.52 27.56 27.61 27.59 27.45 27.45 27.41 26.73 27.22 27.36 26.20 26.57 26.43 26.56 27.07 26.22 26.32 27.10 25.99 26.36 25.42 25.85 26.95 27.74 27.52 27.56 27.02 26.70 26.52 27.19 27.00 26.93 26.98 27.44 27.06 27.23 27.33 27.39 27.52 27.51 27.55 27.45 27.36 27.47 27.55 27.49 27.61 27.40 27.33 27.49 27.66 27.56 27.52 27.32 27.07 26.89 27.07 27.32 27.61 27.64 27.37 27.52 27.58 27.56 27.75 27.76
27.45 27.54 27.48 27.61 27.71 27.61 27.65 27.68 27.73 27.70 27.67 27.58 27.57 27.58 27.53 27.43 27.49 27.53 27.38 27.17 27.19 26.83 27.01 26.49 26.51 26.59 25.91 27.21 27.14 26.78 26.13 27.04 26.95 26.95 27.46 27.51 27.59 27.44 27.05 26.22 27.23 27.26 27.30 26.94 27.67 26.86 26.97 27.37 27.08 27.21 27.44 27.58 27.59 27.45 27.43 27.49 27.24 27.51 27.46 27.19 26.93 27.58 27.65 27.55 27.44 27.02 27.11 27.05 27.41 27.47 27.50 27.34 27.10 27.26 27.70 27.68 27.72
27.54 27.43 27.56 27.51 27.68 27.79 27.91 27.85 27.84 27.79 27.58 27.55 27.50 27.42 27.56 27.56 27.05 27.34 26.96 26.33 26.61 27.32 26.49 25.35 26.24 26.24 26.09 26.00 26.62 27.07 26.89 27.11 27.13 26.47 26.85 27.33 27.23 27.31 27.07 27.06 27.16 27.02 26.75 27.00 27.07 26.81 26.88 27.34 27.44 27.30 27.26 27.50 27.61 27.44 27.47 27.52 27.57 27.62 27.64 27.45 27.34 27.50 27.61 27.59 27.61 27.23 27.19 27.30 27.34 27.53 27.58 27.38 27.32 27.09 27.48 27.69 27.74
27.44 27.41 27.48 27.57 27.42 27.67 27.61 27.60 27.74 27.92 27.65 27.50 27.38 27.54 27.52 27.09 27.15 26.84 26.92 25.35 24.31 25.21 25.96 24.47 25.41 26.87 27.05 26.19 25.27 26.59 26.76 27.06 27.30 26.66 26.95 27.11 26.91 26.82 26.87 27.35 27.23 27.24 27.41 27.32 26.77 27.41 26.98 27.44 27.52 27.33 27.32 27.43 27.44 27.46 27.52 27.48 27.63 27.59 27.55 27.50 27.43 27.52 27.45 27.54 27.40 27.43 27.46 27.48 27.15 27.49 27.52 27.54 27.40 27.34 27.25 27.59 27.45
