main/data/irradiance/27.01.2023.grid
ncols 839
nrows 679
xllcenter 112.0500
yllcenter -43.9500
cellsize 0.0500
nodata_value 99999.90
[rows 374 to 407 of 679, columns 308 to 384 of 839]
14.23 16.06 16.95 14.81 12.82 14.29 15.01 15.68 14.26 13.28 13.15 13.77 12.05 10.81 12.74 14.80 14.75 14.29 14.71 15.52 15.90 15.11 15.93 18.11 18.03 16.53 16.25 15.59 16.79 17.05 16.82 16.41 16.36 16.56 16.93 17.44 18.23 17.42 17.78 17.23 18.01 17.91 17.24 18.27 18.43 17.78 18.02 18.18 17.57 17.26 17.74 17.03 16.67 16.23 14.93 14.59 13.57 12.08 11.24 10.89 11.97 12.37 11.31 10.26 8.94 8.71 9.15 10.04 10.13 10.23 10.42 10.65 10.93 11.61 11.90 12.57 13.27
15.20 15.99 13.91 12.97 13.52 13.28 13.04 13.10 13.59 13.63 13.37 13.71 13.13 12.72 14.11 16.55 15.44 15.12 16.00 17.29 17.88 16.85 16.74 17.49 17.76 16.73 16.72 16.64 17.47 17.60 16.55 15.59 16.00 17.01 18.26 19.32 19.09 17.78 17.36 18.86 19.44 18.00 18.07 18.96 18.52 16.51 16.35 17.75 18.35 18.37 18.30 17.68 17.17 16.20 15.47 15.45 13.69 12.89 12.64 11.61 12.70 13.63 12.85 11.90 10.02 9.50 9.29 9.65 9.73 10.12 10.51 11.76 12.15 11.95 12.48 12.57 13.08
14.24 15.19 13.22 12.51 14.25 12.32 13.55 12.26 12.17 12.62 13.33 12.97 14.02 16.40 17.00 17.04 16.11 16.82 17.84 17.76 17.46 18.46 17.83 17.52 17.94 17.97 17.14 18.12 18.11 16.39 15.75 15.75 15.53 15.80 17.84 19.15 18.75 16.66 17.04 18.77 20.93 19.51 18.82 18.99 18.34 18.39 16.66 17.83 18.23 17.87 18.96 18.75 18.48 18.87 17.75 16.21 15.14 14.54 13.97 13.01 12.88 12.89 12.64 11.75 11.19 11.09 11.02 9.76 9.64 10.88 11.16 11.54 11.51 11.60 12.14 12.32 12.44
13.25 12.56 13.03 14.04 13.33 13.08 11.22 10.62 12.32 13.34 13.11 12.20 13.69 16.64 16.94 16.54 16.24 16.87 18.48 18.66 18.26 18.72 18.47 18.32 17.65 16.93 17.16 18.06 19.51 17.90 15.29 14.71 14.98 16.95 16.70 17.78 17.88 17.22 18.61 19.71 19.16 18.78 17.75 17.93 18.04 18.56 17.71 16.71 17.66 17.75 18.35 19.17 20.50 20.11 19.61 18.42 18.18 16.92 16.73 15.92 14.87 14.20 14.14 13.75 12.95 13.48 13.71 12.77 11.44 12.12 12.33 11.98 12.13 12.09 12.25 12.13 12.47
12.56 12.83 13.25 14.51 15.28 13.66 11.72 10.60 10.89 10.85 12.06 11.35 14.57 15.79 15.98 17.35 16.74 17.79 18.19 18.20 17.98 18.93 19.18 18.55 18.00 17.60 17.25 17.01 17.53 17.26 16.50 16.12 16.69 16.96 17.27 17.27 18.67 18.69 19.34 17.73 17.48 18.40 17.46 17.13 17.40 16.45 16.00 17.20 17.29 18.13 18.15 18.80 17.94 18.97 20.03 18.85 19.25 18.41 16.81 16.07 15.97 15.99 16.22 15.84 15.38 15.01 15.10 14.79 13.73 13.13 13.05 12.32 12.70 12.78 13.07 12.91 13.83
10.78 12.07 12.76 13.58 14.02 12.83 11.44 11.17 12.06 13.11 13.63 14.43 14.18 13.97 14.81 17.18 17.74 18.09 17.90 17.57 18.23 19.53 19.41 17.48 18.15 17.51 16.45 15.11 16.09 15.90 16.36 14.82 16.01 15.90 16.31 18.22 18.52 18.82 18.47 17.79 18.45 19.00 17.94 17.05 18.14 16.73 16.49 17.84 18.15 19.46 18.26 18.97 18.55 17.56 17.85 17.85 18.13 17.58 16.10 15.92 16.19 15.93 17.07 17.85 17.23 15.91 15.87 15.24 15.13 14.42 13.98 13.36 13.88 13.54 13.59 13.95 14.67
12.11 10.93 12.11 12.62 12.47 13.30 10.85 13.11 13.39 14.09 13.85 14.85 15.10 15.08 15.71 16.29 17.02 18.49 19.42 18.51 19.31 18.98 18.99 17.56 16.85 16.38 15.31 14.79 15.33 15.77 15.44 14.67 14.52 15.43 17.17 18.11 18.57 18.84 18.09 18.91 19.27 18.21 17.13 16.45 17.05 16.78 17.04 17.71 17.21 19.08 19.06 18.10 18.93 18.85 18.66 18.46 18.44 16.65 16.85 17.09 16.62 16.30 17.34 18.57 17.80 17.38 17.05 16.30 15.38 14.78 14.28 14.05 14.50 13.85 13.57 13.98 14.86
11.11 11.19 10.94 11.12 11.61 13.15 12.38 14.82 14.38 12.79 15.64 16.19 16.21 15.29 15.92 16.96 17.45 18.95 19.36 18.75 20.24 18.55 15.99 17.52 17.48 15.63 14.69 14.01 14.64 15.92 16.09 15.13 15.22 15.90 17.92 18.67 18.18 17.66 17.73 18.12 19.03 18.03 18.24 17.26 17.75 17.82 19.41 19.32 18.19 18.71 18.81 17.34 18.15 18.41 18.34 17.37 18.70 18.39 18.72 17.79 17.57 18.24 18.46 18.61 18.78 18.33 17.50 16.86 15.88 15.14 14.91 14.60 14.66 14.90 14.27 14.05 14.63
10.26 9.43 9.54 11.01 13.08 13.41 13.12 14.39 15.08 13.70 14.46 15.51 15.92 16.07 15.43 14.91 15.90 17.95 17.48 16.76 16.95 16.50 16.39 17.79 18.06 16.49 15.06 14.43 15.59 15.04 14.75 15.03 15.71 16.31 17.00 17.78 17.92 17.52 16.98 17.09 16.90 18.00 18.77 18.58 19.52 19.99 19.79 19.66 19.47 19.07 18.49 18.53 18.48 18.19 18.80 18.71 18.28 18.74 18.90 17.88 18.07 18.32 18.84 19.09 19.63 18.33 17.97 17.96 16.59 15.13 15.05 15.50 15.05 15.55 15.96 15.92 15.81
8.83 9.13 10.75 11.45 14.24 15.59 13.91 13.69 14.72 13.85 14.32 14.10 14.37 16.15 15.90 13.90 14.65 15.91 17.11 16.40 16.84 15.75 15.95 17.14 17.24 16.25 14.40 15.25 16.13 15.02 15.68 16.30 17.29 17.35 18.35 17.95 17.86 17.17 17.64 17.96 18.62 19.43 19.27 17.93 18.35 19.58 18.75 19.09 19.60 19.78 18.72 17.92 18.06 15.95 16.71 17.28 18.81 19.28 18.23 18.58 19.18 19.42 19.29 19.02 17.97 18.21 18.17 18.60 16.52 15.93 16.92 17.74 17.61 18.40 18.36 18.40 18.64
8.91 8.03 11.37 12.70 14.18 14.46 15.31 15.77 14.38 14.35 13.62 13.70 13.70 14.44 14.10 13.06 13.83 14.08 14.94 15.31 15.10 14.13 16.48 17.15 17.02 16.90 15.80 15.09 14.29 13.98 15.56 17.68 18.05 18.31 18.51 19.53 18.54 17.85 17.92 19.24 18.82 18.62 18.95 18.92 18.55 20.65 20.86 19.93 18.48 18.00 17.93 17.36 17.70 17.58 18.02 18.83 20.08 19.65 19.15 18.95 18.74 18.61 18.86 18.64 18.41 18.26 17.87 18.66 18.87 19.06 19.56 20.32 20.01 19.53 19.01 18.21 18.62
9.05 9.83 11.03 13.08 14.44 14.66 15.69 15.09 14.61 13.86 11.63 12.43 12.04 12.14 12.66 12.49 12.66 11.57 11.81 14.23 14.90 15.04 16.18 17.46 16.40 16.59 15.07 15.37 14.76 15.16 15.43 17.23 18.89 18.84 18.05 19.74 19.79 18.21 19.47 19.92 19.71 20.01 18.98 19.00 19.61 20.18 20.17 19.38 17.55 16.99 16.49 17.15 18.28 19.16 19.40 19.19 19.52 20.76 20.67 19.63 18.70 19.11 19.26 19.11 18.73 18.37 18.75 18.93 20.01 21.17 21.19 20.48 19.90 19.92 18.96 18.45 18.64
8.59 10.28 10.85 11.58 13.49 12.44 12.31 12.96 12.07 12.51 11.42 11.29 11.80 11.16 11.94 11.63 12.45 12.06 12.92 14.68 15.07 15.88 15.94 15.84 14.38 16.36 15.49 15.00 13.76 15.48 14.46 16.40 18.35 16.77 16.05 16.43 17.68 17.84 18.99 19.63 20.30 20.31 18.79 19.41 18.29 18.18 17.71 18.02 17.22 17.46 17.55 17.75 18.00 19.18 19.91 19.82 19.41 19.08 19.39 18.76 18.72 19.45 18.80 19.71 19.73 19.37 18.68 19.34 20.39 21.05 20.94 21.36 21.44 20.10 19.62 19.71 19.69
9.83 11.05 11.55 11.06 11.86 11.40 11.78 11.81 12.97 11.73 12.44 11.56 11.21 10.63 10.91 12.22 13.38 12.56 14.06 14.20 13.31 13.85 14.53 13.98 12.70 15.13 14.24 15.11 13.64 16.36 15.64 15.52 16.74 17.30 16.52 15.61 16.05 17.60 16.83 17.32 18.40 18.92 19.03 19.30 17.98 17.73 18.56 19.58 18.44 17.88 18.48 19.28 18.49 18.88 18.69 19.28 20.19 19.16 18.97 19.21 18.62 18.95 18.57 18.63 19.64 18.74 18.36 18.64 20.34 20.85 21.48 20.70 20.12 20.18 19.39 19.90 20.81
12.29 11.76 10.68 9.86 10.15 9.96 10.84 9.83 11.38 10.32 10.22 11.59 10.06 9.59 10.75 11.55 11.58 12.52 13.79 14.12 13.26 13.74 13.02 13.11 11.69 12.13 12.60 14.15 12.62 15.16 16.12 15.50 16.22 15.99 16.25 15.17 15.91 17.12 16.98 16.57 16.73 18.08 17.83 18.47 17.86 17.85 18.15 18.99 19.06 18.78 18.34 18.46 18.68 19.09 19.13 20.21 20.54 20.87 20.69 20.54 19.63 18.77 19.46 19.55 18.71 18.87 18.53 18.68 19.61 20.83 21.37 21.07 20.03 19.41 20.08 20.65 20.62
12.55 9.52 12.04 12.08 11.94 12.98 11.65 11.24 11.38 11.91 11.40 10.12 10.48 10.51 11.78 12.32 10.67 11.57 11.36 12.25 13.47 14.86 14.12 13.33 11.71 12.77 13.04 13.01 11.90 11.79 13.90 14.25 14.99 15.05 15.42 15.21 16.23 17.09 16.95 18.19 16.84 17.19 18.74 17.78 17.67 16.39 17.17 18.67 17.91 18.67 18.86 18.37 18.32 18.31 18.96 20.19 19.71 20.03 19.51 18.56 18.55 18.94 20.09 20.02 19.30 18.86 19.27 19.50 20.11 20.70 20.79 20.39 19.48 19.06 20.05 20.55 20.62
10.72 9.87 11.55 12.55 14.02 13.50 11.61 11.85 12.12 11.96 11.07 11.86 12.37 11.09 11.28 12.29 12.22 13.82 13.40 13.36 14.50 14.18 15.01 14.02 12.67 13.04 14.67 13.99 14.00 13.87 15.58 13.73 15.26 16.51 16.27 15.38 16.59 17.09 16.59 17.73 17.66 17.66 18.30 16.47 16.34 16.10 17.10 19.03 18.44 18.87 18.87 18.75 17.82 17.00 19.14 18.68 18.55 18.36 18.58 18.42 18.25 19.65 20.15 18.88 18.76 18.77 19.13 19.45 20.37 20.05 20.91 21.52 21.89 21.30 21.04 20.98 20.75
10.05 11.83 13.42 14.18 13.02 12.10 10.67 10.89 10.76 11.35 11.21 11.44 12.17 12.69 13.86 14.55 15.10 14.02 14.49 15.46 14.75 12.82 12.97 14.31 14.41 13.73 15.27 13.76 14.74 14.50 17.24 17.56 17.94 16.91 15.65 16.11 15.48 17.60 17.92 18.40 18.32 18.80 17.28 17.42 16.42 16.81 17.01 18.14 19.08 18.44 18.62 18.72 18.67 19.24 19.60 18.94 19.42 17.88 19.18 19.46 18.36 19.96 20.61 20.18 19.32 19.05 19.95 19.79 19.57 20.01 21.30 21.79 21.52 21.92 22.85 22.31 22.28
9.55 12.37 12.84 12.60 11.97 10.56 10.07 9.94 9.61 10.99 10.81 10.40 11.20 12.49 14.18 14.53 13.60 13.77 15.28 15.95 15.66 14.36 14.31 15.15 15.37 14.49 14.40 14.32 13.45 13.98 14.33 15.00 17.23 17.19 16.37 16.05 16.41 17.46 18.66 18.47 18.44 18.15 18.39 18.63 17.11 18.57 18.97 18.58 19.83 18.69 18.95 17.64 18.78 19.34 19.38 18.57 18.36 18.47 18.83 18.55 18.31 18.39 19.33 19.10 19.56 19.45 19.89 19.11 19.30 20.69 20.86 20.63 20.34 20.83 21.44 21.76 21.29
9.76 11.88 11.70 10.66 11.04 9.82 8.48 8.69 10.57 10.04 11.88 13.82 12.98 13.19 14.13 15.92 15.52 14.88 16.99 18.02 18.25 16.44 14.81 15.58 15.94 16.01 15.50 15.01 16.01 16.43 16.39 15.48 16.52 17.40 14.99 14.97 17.02 16.61 16.86 16.32 16.70 16.74 18.33 19.53 19.09 19.28 20.03 19.64 18.40 20.53 18.95 18.18 17.12 18.16 18.95 19.09 18.46 19.11 19.07 18.65 19.67 18.76 18.66 18.61 18.83 20.07 20.07 19.17 18.93 19.83 19.59 20.31 20.60 21.26 21.29 21.05 20.72
10.51 11.31 10.87 9.17 9.09 8.50 9.69 9.41 10.67 11.63 13.10 13.74 13.32 13.96 14.15 15.10 16.75 17.32 18.00 17.74 17.72 16.70 16.40 16.29 15.64 16.28 16.24 15.45 15.96 16.39 16.81 17.08 17.17 17.10 16.43 15.84 15.88 14.88 16.70 17.48 16.89 16.03 14.32 18.35 19.07 20.68 19.91 19.96 19.66 19.37 18.21 17.03 16.69 16.84 17.59 17.90 17.85 17.85 18.46 19.38 18.82 18.95 19.90 19.19 19.07 19.78 19.62 19.36 19.81 19.53 19.95 20.66 21.23 20.58 20.75 20.37 21.26
9.73 11.24 10.77 8.14 7.82 8.73 9.35 10.32 11.02 12.54 13.58 13.62 12.91 14.52 14.04 15.94 17.58 17.32 17.92 17.60 17.56 18.17 16.94 16.94 16.63 16.52 17.06 16.92 16.38 15.71 16.34 15.61 15.58 15.99 15.63 15.03 13.43 16.12 17.07 17.52 16.81 16.24 15.89 18.99 18.59 20.05 19.47 19.33 18.94 18.84 18.09 17.29 16.98 16.88 16.93 16.49 16.96 17.42 17.63 18.94 18.78 18.44 19.07 19.72 19.67 19.81 18.37 19.25 20.14 20.12 20.56 20.73 21.51 21.70 20.99 21.38 21.36
12.21 11.76 9.48 9.37 9.60 8.95 10.22 11.93 12.77 12.62 13.10 12.73 12.28 14.09 14.98 15.35 16.54 16.08 18.53 17.29 17.02 16.73 16.04 15.85 17.28 15.56 15.35 15.62 16.12 16.43 15.98 16.22 15.12 17.17 15.65 14.70 13.77 12.94 12.82 13.83 15.36 14.17 17.12 19.49 19.28 18.82 19.01 17.78 17.93 17.28 17.21 16.61 17.60 17.52 16.85 16.94 16.09 16.17 16.78 16.47 18.44 18.60 18.89 19.24 18.51 19.33 19.64 20.08 20.14 21.04 21.28 21.47 22.17 22.03 21.07 21.07 21.34
13.38 12.19 10.65 10.53 10.34 10.11 12.40 12.50 13.40 12.55 12.41 12.58 13.57 14.35 14.63 15.24 16.58 16.50 16.62 17.05 16.84 16.76 15.94 16.49 17.95 15.82 14.01 14.62 16.83 15.78 15.86 15.01 16.09 16.49 16.04 14.47 13.60 14.10 14.03 14.00 14.89 15.47 16.14 19.45 18.05 18.18 18.75 17.17 16.02 16.48 16.52 15.97 16.34 17.22 16.20 16.92 16.42 16.49 16.33 16.78 17.86 18.34 18.63 19.14 19.56 20.14 20.50 20.01 20.78 21.70 23.26 22.59 22.36 21.74 21.15 21.77 21.60
12.80 11.82 11.28 10.78 12.02 13.01 12.77 12.69 12.92 12.76 12.54 12.45 12.88 12.01 14.30 15.50 15.60 15.85 15.77 16.62 17.10 16.79 15.74 14.94 17.01 15.98 13.70 14.73 18.28 18.30 17.65 16.20 16.08 15.60 15.75 16.66 17.32 17.30 17.83 16.89 15.63 15.30 15.91 16.62 15.48 15.97 16.22 16.06 14.76 15.35 15.83 16.00 16.64 16.71 16.39 17.05 17.28 17.70 17.07 17.78 17.81 18.44 18.46 19.30 19.47 20.75 21.33 21.94 21.89 22.16 22.32 22.36 22.42 22.20 22.07 21.72 21.40
10.90 11.91 12.92 11.68 13.34 13.69 14.67 12.09 12.79 13.46 13.54 11.28 12.40 12.77 13.38 13.81 14.80 14.35 15.40 15.62 15.82 16.54 16.50 13.65 13.85 13.84 12.41 12.85 16.16 16.87 16.99 16.70 16.07 14.34 16.74 18.66 19.25 19.34 18.00 17.20 16.89 14.62 16.33 15.60 13.59 13.28 13.29 14.24 14.96 14.78 15.90 15.80 15.87 16.28 17.67 17.71 16.84 17.63 18.36 18.81 19.34 18.60 19.20 19.22 19.48 21.03 21.95 22.57 21.62 20.98 21.48 21.71 21.65 21.71 21.74 21.74 20.87
9.79 10.32 11.64 11.86 12.37 13.02 15.18 14.80 14.23 14.87 15.01 12.79 12.95 14.59 14.07 13.20 14.82 14.20 13.76 15.63 15.47 15.73 15.30 14.15 13.40 14.62 13.45 14.47 18.13 17.23 18.18 16.28 15.45 16.30 17.86 17.73 18.02 17.91 16.56 16.20 14.94 14.20 14.91 13.92 13.29 12.38 12.61 12.17 12.49 13.58 15.15 16.27 16.24 17.12 17.62 17.69 17.38 18.14 18.38 17.71 18.12 19.28 19.29 19.58 19.90 20.16 21.21 21.42 21.53 21.62 21.04 22.26 22.01 20.98 21.65 20.94 21.01
11.27 10.48 10.71 10.64 9.66 12.14 13.83 14.03 15.06 14.06 15.00 14.77 14.50 15.37 14.46 14.27 15.38 13.98 13.49 12.88 12.62 13.40 14.58 13.74 15.62 14.04 14.51 16.74 17.63 18.62 19.70 15.80 14.73 16.68 17.79 17.48 17.36 16.22 16.33 15.16 13.74 12.63 13.91 13.96 14.64 13.64 12.79 11.59 13.09 14.06 15.14 16.20 17.25 17.48 17.33 17.91 17.50 17.73 16.86 17.19 17.02 17.40 17.55 19.27 20.31 20.40 20.95 21.03 20.81 21.20 21.13 21.54 21.94 21.86 21.17 21.09 21.34
9.38 9.26 10.19 10.95 8.94 11.43 11.25 13.19 14.57 14.14 15.76 15.95 15.95 15.74 13.17 13.47 14.63 15.55 13.14 12.56 13.16 12.72 13.52 14.01 13.78 15.22 16.89 17.04 16.32 16.41 16.62 16.16 16.52 17.59 16.85 17.02 16.82 14.55 15.07 15.37 13.71 13.39 15.30 16.12 15.20 14.33 11.84 12.02 13.25 13.05 13.37 15.34 16.43 16.89 17.78 18.53 18.07 17.86 17.02 15.79 16.68 16.86 16.16 17.61 19.02 19.55 20.31 20.35 18.86 20.09 20.85 20.65 21.82 21.54 21.56 21.73 22.21
8.19 8.88 9.06 10.32 11.15 11.72 12.17 12.25 13.66 13.65 14.10 13.50 13.77 15.06 13.13 13.19 13.43 14.11 14.33 14.73 14.36 13.53 13.22 14.20 13.92 15.53 17.24 16.44 15.04 15.68 15.86 14.35 14.96 15.12 15.38 16.82 16.75 15.15 14.84 13.82 13.66 14.59 14.33 15.65 15.73 14.55 14.41 12.31 12.01 12.46 13.46 14.84 15.57 16.26 17.47 17.10 15.89 16.32 17.97 16.43 16.05 15.22 16.11 17.52 18.89 19.21 18.43 18.67 19.37 19.63 19.54 20.49 21.95 22.11 21.60 21.45 21.48
8.17 9.72 9.75 10.11 11.40 10.58 10.69 11.96 12.65 13.21 11.94 11.89 12.76 12.79 13.33 13.25 13.78 14.09 16.32 16.39 15.92 14.94 15.06 15.70 15.99 15.59 15.58 15.86 14.12 13.89 15.02 15.22 14.32 13.01 14.30 15.98 15.75 15.37 13.49 12.75 12.21 12.97 12.91 13.56 13.17 13.32 12.39 12.55 12.25 12.73 13.91 14.62 15.73 16.88 15.93 16.32 15.20 14.94 15.56 16.21 14.89 14.18 14.69 16.19 17.42 17.03 16.49 17.91 18.65 19.11 19.53 20.72 22.39 21.76 20.92 21.52 21.98
8.75 8.46 9.27 10.86 11.69 11.10 9.81 10.61 11.74 12.14 12.47 11.30 12.40 11.97 13.20 13.12 14.82 15.40 16.36 15.49 16.24 16.14 15.79 15.86 14.80 15.97 14.90 14.26 12.88 14.37 16.18 15.84 13.67 13.18 14.63 16.36 16.04 15.89 14.69 13.45 12.51 13.80 14.45 13.37 12.79 12.52 12.84 12.94 13.95 12.51 12.51 14.20 15.55 16.42 18.01 17.88 16.89 15.58 14.90 15.13 14.71 13.33 13.03 14.91 15.56 16.07 15.77 18.33 18.49 20.14 20.57 20.51 20.88 21.18 20.90 21.39 21.70
9.40 8.23 9.26 10.73 10.52 9.76 11.20 11.39 10.86 10.92 10.34 9.44 10.43 12.85 13.85 14.02 13.66 14.92 15.84 15.60 15.43 16.78 16.70 16.29 15.59 16.39 16.14 14.87 14.58 15.25 16.53 15.23 15.19 14.04 14.00 14.59 14.80 14.52 13.79 14.57 14.26 15.20 14.26 13.88 14.21 12.82 14.84 14.68 14.66 13.59 12.68 14.02 14.81 17.12 17.80 17.14 17.74 16.52 15.16 15.63 16.00 15.19 13.31 14.70 15.69 15.95 17.39 17.85 18.05 19.50 20.59 19.59 19.07 20.01 20.16 21.07 22.24
8.16 8.42 9.15 9.20 10.54 10.04 10.93 11.97 11.19 9.61 9.98 9.50 10.00 11.54 11.71 12.85 13.28 14.72 15.63 15.97 14.71 13.85 14.46 16.41 16.21 17.56 16.99 15.88 13.32 13.19 13.38 14.80 16.78 13.41 14.26 15.65 13.11 12.61 13.86 13.93 13.41 14.68 14.43 14.23 15.39 14.65 15.05 14.92 14.78 14.80 13.21 13.07 13.81 16.82 16.70 16.62 16.45 17.54 16.47 15.81 16.19 15.98 16.89 15.30 16.44 17.32 18.24 17.80 18.28 19.01 19.51 18.90 19.12 20.48 20.89 20.39 20.79
