main/data/irradiance/27.08.2023.grid
ncols 839
nrows 679
xllcenter 112.0500
yllcenter -43.9500
cellsize 0.0500
nodata_value 99999.90
[rows 408 to 441 of 679, columns 154 to 230 of 839]
18.02 18.01 18.01 18.00 18.03 18.04 18.05 18.06 18.02 17.99 17.98 18.00 18.00 17.98 17.96 17.95 17.96 18.02 18.00 18.04 18.08 18.04 18.08 17.96 17.94 17.96 17.91 17.95 17.98 17.93 17.95 17.96 17.97 17.92 17.94 17.96 17.97 17.98 17.97 18.00 18.00 17.99 17.96 17.96 18.01 18.00 17.96 17.98 17.98 17.97 17.96 17.98 18.05 18.04 17.99 18.02 18.01 18.00 18.00 18.00 17.99 18.01 17.98 17.99 17.89 17.92 18.02 18.18 18.14 17.99 18.02 18.08 18.09 18.01 17.96 18.06 18.07
17.99 17.95 17.99 17.98 17.98 17.98 17.98 17.99 18.04 18.03 17.97 17.96 17.99 18.00 17.99 17.94 17.93 17.96 17.95 17.96 18.00 18.04 18.01 17.95 17.91 17.91 17.88 17.87 17.85 17.89 17.87 17.91 17.93 17.94 17.96 17.94 17.92 17.84 17.96 17.96 17.96 17.97 17.98 17.96 17.93 17.96 17.97 17.98 17.98 17.97 17.97 17.98 17.97 17.99 17.99 18.06 17.99 17.95 17.95 17.96 17.97 17.96 17.96 17.96 17.96 17.97 17.98 18.12 18.17 18.07 18.08 18.07 18.13 18.07 17.99 17.86 18.00
17.94 17.94 17.95 17.96 17.99 17.96 17.97 17.96 17.96 17.93 17.94 17.95 17.95 18.02 17.94 17.96 17.96 17.93 17.95 17.91 17.96 18.01 18.00 18.01 18.02 17.99 18.01 18.00 17.86 17.82 17.80 17.76 17.80 17.86 17.79 17.81 17.84 17.84 17.82 17.93 17.92 17.93 17.94 17.96 17.85 17.88 17.86 17.96 17.95 17.94 17.95 17.97 17.97 17.97 17.97 18.06 17.97 17.92 17.92 17.93 17.94 17.94 17.94 17.95 17.96 17.96 17.96 18.00 18.01 18.06 18.08 18.08 18.11 18.00 17.91 17.98 18.01
17.88 17.88 17.91 17.96 18.00 17.96 17.97 17.95 17.90 17.84 17.87 17.91 17.95 18.03 17.95 17.93 17.94 17.93 17.93 17.91 17.92 18.02 17.97 17.93 17.99 17.99 17.96 17.94 17.95 17.92 17.76 17.67 17.79 17.83 17.73 17.77 17.77 17.89 17.79 17.76 17.80 17.87 17.92 17.92 17.81 17.84 17.31 17.67 17.80 17.85 17.91 17.95 17.97 17.93 17.90 17.94 17.96 17.93 17.93 17.94 17.92 17.91 17.90 17.90 17.91 17.93 17.94 18.02 18.04 17.96 17.96 18.04 17.96 17.91 17.94 17.95 17.93
17.88 17.91 17.92 17.92 17.96 17.92 17.92 17.95 17.91 17.91 17.79 17.87 17.91 17.94 17.98 17.94 17.93 17.90 17.92 17.92 17.93 17.99 17.96 17.89 17.89 17.94 17.96 17.95 17.97 17.98 17.99 18.04 17.87 17.94 17.94 17.98 17.94 17.90 17.89 17.83 17.85 17.88 17.87 17.91 17.59 17.59 17.59 17.32 17.57 17.75 17.68 17.78 17.84 17.88 17.88 17.89 17.90 17.90 17.90 17.93 17.90 17.88 17.88 17.87 17.89 17.95 18.00 18.06 18.04 17.90 17.89 17.97 17.95 17.79 17.92 18.00 17.99
17.80 17.91 17.92 17.88 17.89 17.86 17.88 17.89 17.89 17.85 17.77 17.73 17.84 17.86 17.86 17.92 17.89 17.88 17.89 17.81 17.91 18.00 17.98 17.91 17.88 17.86 17.89 17.91 17.90 17.87 17.88 17.77 17.88 17.89 17.90 17.91 17.87 17.88 17.86 17.88 17.83 17.88 17.86 17.62 17.48 17.40 17.38 17.28 17.51 17.86 17.83 17.88 17.89 17.92 17.89 17.84 17.79 17.57 17.73 17.90 17.87 17.84 17.85 17.93 18.05 18.04 18.04 18.02 18.01 18.05 17.94 17.99 18.02 17.88 17.98 18.03 18.06
17.88 17.88 17.92 17.87 17.89 17.82 17.85 17.87 17.90 17.84 17.85 17.82 17.79 17.91 17.94 17.91 17.89 17.84 17.92 17.89 17.87 17.84 17.89 17.88 17.83 17.85 17.86 17.89 17.91 17.85 17.86 17.83 17.89 17.88 17.97 17.92 17.72 17.87 17.86 17.87 17.89 17.84 17.55 17.52 17.60 17.81 17.83 17.93 17.87 17.91 17.89 17.90 17.88 17.87 17.86 17.82 17.79 17.66 17.68 17.78 17.82 17.86 17.89 17.89 17.99 18.01 17.96 17.96 17.87 17.92 18.03 18.00 17.96 17.94 17.91 17.99 18.03
17.84 17.84 17.80 17.81 17.85 17.76 17.81 17.85 17.86 17.84 17.81 17.84 17.79 17.86 17.86 17.90 17.85 17.83 17.87 17.83 17.79 17.70 17.81 17.81 17.83 17.86 17.84 17.86 17.88 17.81 17.81 17.79 17.76 17.87 17.98 17.67 17.65 17.85 17.87 17.83 17.85 17.84 17.68 17.40 17.70 17.87 17.83 17.91 17.89 17.91 17.91 17.94 17.92 17.90 17.84 17.84 17.88 17.83 17.82 17.80 17.83 17.86 17.84 17.84 17.91 17.99 17.97 17.98 18.00 18.02 17.92 17.75 17.81 17.86 17.92 17.97 18.03
17.76 17.73 17.73 17.75 17.74 17.73 17.74 17.76 17.81 17.81 17.77 17.77 17.80 17.80 17.80 17.77 17.76 17.77 17.82 17.77 17.70 17.40 17.80 17.80 17.82 17.81 17.80 17.80 17.81 17.78 17.82 17.83 17.82 17.87 17.87 17.79 17.88 17.88 17.87 17.83 17.84 17.81 17.79 17.63 17.74 17.82 17.85 17.84 17.86 17.88 17.90 17.93 17.93 17.87 17.83 17.86 17.86 17.83 17.81 17.79 17.78 17.78 17.79 17.84 17.81 17.87 17.85 17.87 17.90 17.88 17.87 17.95 17.88 17.96 17.98 17.98 18.03
17.74 17.80 17.79 17.66 17.72 17.72 17.74 17.72 17.73 17.79 17.72 17.75 17.75 17.73 17.75 17.74 17.75 17.77 17.82 17.82 17.72 17.72 17.73 17.75 17.76 17.79 17.78 17.77 17.74 17.79 17.80 17.84 17.75 17.75 17.78 17.83 17.72 17.85 17.78 17.80 17.83 17.82 17.87 17.85 17.84 17.85 17.84 17.82 17.81 17.83 17.88 17.87 17.85 17.84 17.79 17.81 17.81 17.81 17.78 17.78 17.79 17.82 17.82 17.79 17.78 17.80 17.80 17.80 17.80 17.84 17.82 17.86 17.80 17.85 17.96 17.97 18.05
17.73 17.75 17.80 17.74 17.76 17.69 17.68 17.80 17.71 17.64 17.61 17.60 17.66 17.75 17.74 17.69 17.67 17.71 17.73 17.78 17.70 17.63 17.74 17.72 17.72 17.74 17.75 17.83 17.86 17.72 17.77 17.56 17.71 17.71 17.74 17.78 17.79 17.81 17.78 17.77 17.78 17.82 17.82 17.80 17.78 17.84 17.87 17.80 17.81 17.85 17.85 17.87 17.88 17.90 17.79 17.81 17.81 17.79 17.77 17.77 17.81 17.85 17.79 17.77 17.76 17.75 17.74 17.77 17.82 17.79 17.80 17.77 17.78 17.77 17.80 17.87 17.89
17.76 17.78 17.79 17.72 17.71 17.73 17.74 17.79 17.75 17.68 17.61 17.58 17.57 17.62 17.64 17.61 17.69 17.69 17.74 17.76 17.72 17.69 17.66 17.58 17.67 17.71 17.75 17.64 17.66 17.71 17.72 17.71 17.72 17.77 17.73 17.78 17.80 17.80 17.81 17.79 17.81 17.80 17.78 17.83 17.77 17.77 17.83 17.79 17.73 17.76 17.76 17.81 17.82 17.80 17.78 17.81 17.79 17.77 17.76 17.76 17.76 17.80 17.78 17.78 17.76 17.74 17.74 17.73 17.79 17.76 17.77 17.77 17.77 17.77 17.76 17.80 17.76
17.79 17.71 17.69 17.71 17.71 17.71 17.71 17.71 17.71 17.84 17.78 17.68 17.66 17.61 17.64 17.49 17.58 17.64 17.62 17.66 17.68 17.70 17.68 17.70 17.70 17.71 17.77 17.75 17.78 17.73 17.69 17.67 17.61 17.65 17.69 17.71 17.79 17.75 17.78 17.84 17.80 17.79 17.77 17.74 17.75 17.73 17.74 17.72 17.74 17.78 17.77 17.74 17.74 17.76 17.77 17.76 17.78 17.74 17.74 17.75 17.75 17.73 17.76 17.76 17.75 17.74 17.72 17.72 17.77 17.75 17.75 17.73 17.72 17.75 17.77 17.76 17.82
17.63 17.63 17.64 17.67 17.63 17.68 17.79 17.72 17.68 17.68 17.81 17.73 17.77 17.68 17.61 17.62 17.63 17.64 17.62 17.68 17.60 17.63 17.66 17.71 17.71 17.68 17.73 17.76 17.75 17.76 17.77 17.68 17.62 17.64 17.62 17.65 17.67 17.76 17.79 17.81 17.81 17.82 17.82 17.75 17.72 17.69 17.69 17.71 17.76 17.80 17.66 17.71 17.62 17.69 17.69 17.71 17.71 17.69 17.69 17.69 17.71 17.65 17.72 17.73 17.73 17.71 17.70 17.70 17.69 17.76 17.75 17.75 17.72 17.72 17.69 17.72 17.73
17.60 17.65 17.63 17.65 17.66 17.68 17.73 17.71 17.67 17.67 17.69 17.71 17.68 17.60 17.60 17.54 17.52 17.44 17.42 17.58 17.59 17.61 17.60 17.62 17.67 17.64 17.63 17.66 17.65 17.69 17.72 17.66 17.56 17.61 17.64 17.63 17.68 17.72 17.71 17.68 17.47 17.30 17.32 17.68 17.49 17.59 17.65 17.68 17.67 17.39 17.14 17.12 17.13 17.03 17.51 17.64 17.71 17.69 17.67 17.67 17.69 17.67 17.69 17.67 17.62 17.70 17.70 17.71 17.66 17.65 17.68 17.69 17.60 17.69 17.70 17.64 17.50
17.55 17.56 17.52 17.64 17.67 17.66 17.70 17.69 17.61 17.66 17.68 17.71 17.58 17.60 17.56 17.45 17.41 17.41 17.41 17.49 17.51 17.46 17.60 17.57 17.68 17.61 17.62 17.61 17.66 17.72 17.58 17.53 17.48 17.56 17.50 17.60 17.65 17.69 17.74 17.00 17.22 16.83 17.10 17.60 17.52 17.39 17.45 17.30 17.31 17.20 17.29 17.36 17.50 17.55 17.53 17.43 17.57 17.57 17.68 17.71 17.70 17.68 17.62 17.60 17.59 17.44 17.42 17.53 17.67 17.62 17.65 17.67 17.65 17.69 17.60 17.68 17.71
17.54 17.46 17.44 17.57 17.59 17.54 17.62 17.65 17.62 17.53 17.52 17.49 17.53 17.43 17.38 17.30 17.45 17.48 17.48 17.52 17.42 17.59 17.58 17.62 17.59 17.61 17.53 17.52 17.60 17.49 17.44 17.46 17.51 17.50 17.43 17.47 17.49 17.48 16.84 16.49 16.46 16.58 17.36 17.34 17.59 17.60 17.57 17.48 17.61 17.58 17.63 17.62 17.62 17.48 17.62 17.60 17.63 17.61 17.66 17.70 17.78 17.71 17.63 17.60 17.61 17.61 17.65 17.63 17.64 17.67 17.66 17.65 17.58 17.63 17.59 17.61 17.34
17.46 17.33 17.30 17.47 17.49 17.53 17.59 17.56 17.57 17.52 17.36 17.37 17.38 17.24 17.31 17.26 17.31 17.34 17.48 17.48 17.45 17.51 17.54 17.47 17.53 17.62 17.56 17.43 17.36 17.40 17.48 17.53 17.56 17.51 17.45 17.37 17.35 17.26 16.65 16.56 16.85 17.39 17.63 17.65 17.63 17.62 17.64 17.62 17.65 17.66 17.67 17.66 17.63 17.56 17.54 17.63 17.65 17.62 17.66 17.63 17.72 17.63 17.56 17.53 17.59 17.59 17.63 17.64 17.66 17.64 17.63 17.62 17.63 17.59 17.59 17.61 17.31
17.43 17.25 17.31 17.21 17.33 17.47 17.56 17.54 17.49 17.36 17.22 17.25 17.27 17.20 17.26 17.27 17.21 17.24 17.19 17.19 17.31 17.53 17.60 17.49 17.57 17.58 17.64 17.51 17.37 17.37 17.51 17.45 17.55 17.51 17.29 17.19 17.28 16.70 15.96 16.29 17.32 17.56 17.61 17.55 17.59 17.61 17.59 17.60 17.63 17.65 17.66 17.64 17.63 17.62 17.62 17.61 17.60 17.54 17.60 17.69 17.64 17.58 17.56 17.56 17.61 17.60 17.60 17.61 17.60 17.59 17.61 17.63 17.64 17.64 17.65 17.63 17.55
17.23 17.22 17.35 17.25 17.34 17.50 17.41 17.41 17.38 17.43 17.33 17.28 17.27 17.28 17.25 17.08 17.06 17.07 17.03 17.03 17.07 17.36 17.50 17.49 17.47 17.39 17.39 17.27 17.27 17.36 17.46 17.39 17.37 17.37 17.22 17.20 17.25 17.15 16.83 16.11 16.52 17.52 17.54 17.52 17.57 17.58 17.57 17.62 17.63 17.62 17.61 17.64 17.68 17.61 17.59 17.56 17.35 17.34 17.59 17.62 17.60 17.53 17.50 17.57 17.58 17.58 17.56 17.54 17.44 17.57 17.56 17.60 17.59 17.60 17.60 17.61 17.58
17.20 17.20 17.41 17.33 17.43 17.47 17.39 17.37 17.29 17.38 17.27 17.33 17.34 17.35 17.27 17.28 17.22 17.19 17.18 16.99 16.90 17.10 17.37 17.52 17.39 17.20 17.13 17.11 17.14 17.17 17.15 17.18 17.26 17.26 17.24 17.06 17.07 16.79 17.08 16.41 16.73 17.42 17.47 17.53 17.56 17.53 17.50 17.58 17.63 17.60 17.57 17.59 17.58 17.55 17.58 17.54 17.50 17.55 17.53 17.54 17.54 17.54 17.56 17.58 17.56 17.56 17.53 17.53 17.51 17.52 17.47 17.59 17.59 17.62 17.63 17.67 17.61
17.49 17.38 17.43 17.43 17.54 17.52 17.37 17.28 17.19 17.13 17.02 17.14 17.21 17.33 17.27 17.32 17.36 17.21 17.33 17.12 17.01 17.04 17.07 17.27 17.15 17.04 17.09 16.98 16.76 16.85 16.80 16.92 17.02 16.97 16.88 17.04 17.01 16.84 16.73 16.93 17.31 17.29 17.36 17.38 17.48 17.53 17.54 17.54 17.63 17.58 17.52 17.52 17.49 17.34 17.48 17.54 17.55 17.57 17.52 17.49 17.54 17.57 17.60 17.63 17.58 17.52 17.51 17.52 17.53 17.51 17.53 17.53 17.44 17.62 17.64 17.60 17.62
17.36 17.50 17.50 17.55 17.64 17.57 17.46 17.26 17.20 17.16 17.02 17.10 17.07 17.24 17.23 17.23 17.32 17.31 17.21 17.19 17.13 17.03 17.24 17.14 17.00 16.92 16.90 16.95 16.84 16.87 16.83 16.89 16.73 16.83 16.88 17.00 17.08 16.86 17.02 17.26 17.23 17.32 17.30 17.29 17.35 17.46 17.47 17.47 17.44 17.48 17.51 17.49 17.65 16.84 17.46 17.50 17.47 17.49 17.49 17.48 17.46 17.52 17.38 17.47 17.49 17.48 17.44 17.46 17.52 17.51 17.50 17.53 17.52 17.58 17.54 17.53 17.52
17.22 17.41 17.44 17.49 17.56 17.58 17.48 17.49 17.35 17.20 17.06 17.08 17.10 17.13 17.04 17.08 17.11 17.28 17.20 17.23 17.22 17.18 17.24 17.11 17.06 17.10 16.84 16.67 16.80 16.71 16.69 16.53 16.57 16.76 16.96 16.89 16.91 16.83 16.95 17.03 17.00 17.17 17.18 17.16 17.27 17.29 17.27 17.21 17.20 17.56 17.47 17.43 17.40 17.43 17.46 17.43 17.44 17.45 17.45 17.45 17.47 17.46 17.48 17.48 17.48 17.44 17.44 17.51 17.49 17.50 17.51 17.48 17.40 17.55 17.50 17.50 17.47
17.20 17.34 17.35 17.44 17.46 17.52 17.43 17.32 17.33 17.24 17.08 17.14 17.06 17.10 17.04 17.03 16.99 17.03 17.10 17.01 17.26 17.15 17.21 17.21 17.11 17.02 16.89 16.78 16.75 16.68 16.62 16.57 16.54 16.69 16.67 16.52 16.42 16.74 16.93 16.93 16.99 16.99 17.01 17.09 17.26 17.17 17.10 16.58 17.15 17.47 17.38 17.34 17.36 17.39 17.37 17.39 17.44 17.40 17.37 17.40 17.41 17.40 17.38 17.42 17.44 17.46 17.47 17.49 17.47 17.47 17.44 17.47 17.44 17.16 17.14 17.47 17.46
17.13 17.18 17.37 17.41 17.41 17.43 17.43 17.18 17.26 17.11 17.04 17.01 17.12 17.08 16.95 16.86 16.98 17.13 16.97 17.02 17.12 16.88 16.91 17.07 17.02 16.91 16.77 16.72 16.59 16.60 16.58 16.50 16.39 16.54 16.47 16.50 16.31 16.59 16.55 16.50 16.73 16.81 16.84 17.38 17.18 16.91 16.90 16.96 17.20 17.27 17.26 17.21 17.30 17.33 17.37 17.37 17.32 17.26 17.26 17.22 17.26 17.29 17.32 17.38 17.39 17.37 17.48 17.44 17.46 17.49 17.51 17.48 17.50 17.45 17.47 17.46 17.47
16.88 17.06 17.32 17.36 17.37 17.39 17.35 17.05 17.09 17.04 16.96 16.95 16.91 16.95 16.96 17.03 16.93 16.93 17.06 17.02 16.96 16.83 16.67 16.84 16.95 16.88 16.74 16.65 16.57 16.46 16.59 16.56 16.45 16.24 16.35 16.26 16.43 16.27 16.62 16.72 16.58 16.68 16.94 16.90 17.06 16.95 17.11 17.22 17.26 17.26 17.17 17.25 17.29 17.34 17.30 17.33 17.25 17.13 17.05 17.01 17.05 17.16 17.17 17.21 17.20 17.31 17.33 17.44 17.47 17.45 17.45 17.45 17.43 17.44 17.43 17.43 17.44
17.06 16.97 17.09 17.30 17.33 17.28 17.30 17.04 16.98 17.00 16.88 16.88 16.87 16.92 16.96 17.02 16.99 16.88 17.04 17.16 17.23 16.82 16.61 16.63 16.68 16.80 16.78 16.70 16.62 16.55 16.26 16.23 16.56 16.59 16.54 16.40 16.45 16.39 16.18 16.56 16.14 16.44 16.26 16.49 16.53 16.81 16.95 17.09 17.19 17.26 17.13 17.11 17.18 17.21 17.13 17.24 17.24 17.11 16.80 16.81 16.91 16.88 16.95 16.98 16.94 17.11 17.23 17.34 17.29 17.36 17.40 17.41 17.43 17.42 17.42 17.42 17.43
17.07 17.05 17.08 17.05 17.22 17.14 17.00 16.92 17.08 16.89 16.80 16.80 16.80 16.85 16.89 16.95 16.95 16.87 17.02 17.07 17.34 17.11 16.74 16.74 16.79 16.91 16.76 16.67 16.61 16.54 16.54 16.55 16.60 16.65 16.63 16.55 16.63 16.28 16.35 16.41 16.39 16.26 16.09 16.27 16.41 16.66 16.73 16.86 16.98 17.18 17.22 17.15 17.05 17.03 17.03 17.15 17.20 16.99 16.75 16.68 16.70 16.73 16.81 16.73 16.70 17.02 17.08 16.93 17.10 17.24 17.27 17.32 17.37 17.37 17.34 17.35 17.37
16.97 17.08 16.96 16.89 17.20 17.00 17.12 17.20 17.17 16.82 16.78 16.76 16.76 16.72 16.77 16.86 16.88 16.92 17.03 16.94 17.09 17.21 17.10 17.05 16.86 16.73 16.68 16.57 16.56 16.54 16.59 16.52 16.33 16.57 16.52 16.63 16.52 16.54 16.23 16.32 16.41 16.44 16.30 16.46 16.34 16.52 16.45 16.80 16.85 16.91 17.03 17.16 17.12 17.06 17.04 17.23 17.11 16.87 16.66 16.72 16.65 16.70 16.76 16.85 16.68 16.75 16.61 16.69 16.92 17.11 17.04 17.17 17.23 17.29 17.30 17.30 17.32
16.83 16.87 17.08 17.01 17.06 17.00 17.01 17.17 16.98 17.02 16.81 16.86 16.74 16.67 16.60 16.66 16.70 16.76 16.98 16.96 16.92 17.07 17.09 16.98 16.94 16.74 16.70 16.52 16.79 16.48 16.30 16.21 16.44 16.49 16.54 16.58 16.41 16.23 16.20 16.38 16.02 16.37 16.60 16.66 16.50 16.39 16.50 16.76 16.82 16.50 16.61 16.91 16.95 16.96 16.84 16.89 16.87 16.75 16.67 16.52 16.58 16.54 16.71 16.72 16.77 16.58 16.50 16.64 16.59 16.66 16.78 16.96 17.04 17.24 17.23 17.26 17.39
16.79 16.90 17.00 17.00 17.03 16.91 16.95 17.04 16.83 16.93 16.96 16.88 16.89 16.82 16.80 16.69 16.61 16.53 16.72 16.86 16.86 16.79 16.79 16.82 16.79 16.78 16.73 16.50 16.60 16.61 16.42 16.31 16.50 16.56 16.53 16.47 16.45 16.56 16.21 16.57 16.31 16.21 16.26 16.60 16.52 16.45 16.60 16.70 16.79 16.66 16.58 16.56 16.65 16.66 16.77 16.75 16.60 16.47 16.58 16.50 16.54 16.48 16.49 16.40 16.49 16.49 16.56 16.58 16.53 16.60 16.74 17.00 17.07 17.05 17.17 17.24 17.28
16.90 16.88 16.88 16.89 16.92 16.83 16.85 16.89 16.86 16.80 16.81 16.86 16.84 16.88 16.85 16.78 16.71 16.60 16.66 16.59 16.65 16.64 16.62 16.68 16.70 16.75 16.77 16.78 16.65 16.57 16.38 16.29 16.41 16.76 16.75 16.40 16.47 16.42 16.35 16.54 16.47 16.31 16.56 16.28 16.38 16.37 16.28 16.48 16.47 16.47 16.73 16.64 16.56 16.43 16.21 16.41 16.45 16.39 16.39 16.41 16.47 16.50 16.35 16.32 16.27 16.36 16.23 16.46 16.43 16.52 16.78 16.86 16.92 17.11 17.17 17.18 17.12
17.20 16.92 16.85 16.80 16.87 16.74 16.85 16.67 16.79 16.86 16.81 16.78 16.86 16.73 16.82 16.93 16.81 16.77 16.72 16.50 16.56 16.54 16.42 16.61 16.69 16.67 16.66 16.75 16.65 16.48 16.44 16.37 16.28 16.64 16.66 16.68 16.91 16.80 16.48 16.66 16.83 16.50 16.69 16.37 16.19 16.20 16.20 16.10 16.23 16.24 16.48 16.62 16.55 16.48 16.11 15.99 16.43 16.55 16.42 16.44 16.37 16.50 16.38 16.28 16.34 16.33 16.17 16.29 16.20 16.55 16.70 16.75 16.77 17.05 17.08 17.05 16.93
