main/data/irradiance/27.08.2023.grid
ncols 839
nrows 679
xllcenter 112.0500
yllcenter -43.9500
cellsize 0.0500
nodata_value 99999.90
[rows 102 to 135 of 679, columns 539 to 615 of 839]
99999.90 99999.90 99999.90 99999.90 99999.90 99999.90 99999.90 99999.90 99999.90 99999.90 99999.90 99999.90 99999.90 99999.90 99999.90 99999.90 99999.90 99999.90 99999.90 99999.90 99999.90 99999.90 99999.90 99999.90 99999.90 99999.90 99999.90 99999.90 99999.90 99999.90 99999.90 99999.90 99999.90 99999.90 99999.90 99999.90 99999.90 99999.90 99999.90 22.52 22.10 22.25 22.57 22.57 22.57 22.57 22.57 22.57 22.57 22.57 22.57 22.19 22.19 22.19 22.12 22.09 21.74 22.14 22.19 21.81 22.08 21.72 21.92 21.63 20.57 21.62 20.72 21.44 21.20 21.09 20.51 20.30 20.63 20.52 19.89 20.08 20.34
99999.90 99999.90 99999.90 99999.90 99999.90 99999.90 99999.90 99999.90 99999.90 99999.90 99999.90 99999.90 99999.90 99999.90 99999.90 99999.90 99999.90 99999.90 99999.90 99999.90 99999.90 99999.90 99999.90 99999.90 99999.90 99999.90 99999.90 99999.90 99999.90 99999.90 99999.90 99999.90 99999.90 99999.90 99999.90 99999.90 99999.90 99999.90 99999.90 22.52 22.10 22.25 22.25 22.25 22.57 22.57 22.57 22.57 22.57 22.57 22.57 22.57 22.08 22.08 21.64 21.85 21.81 22.22 21.80 21.80 21.99 21.47 21.39 21.78 21.55 21.61 21.23 21.11 20.57 21.36 20.49 20.92 20.46 20.87 20.38 20.65 20.58
99999.90 99999.90 99999.90 99999.90 99999.90 99999.90 99999.90 99999.90 99999.90 99999.90 99999.90 99999.90 99999.90 99999.90 99999.90 99999.90 99999.90 99999.90 99999.90 99999.90 99999.90 99999.90 99999.90 99999.90 99999.90 99999.90 99999.90 99999.90 99999.90 99999.90 99999.90 99999.90 99999.90 99999.90 99999.90 99999.90 99999.90 99999.90 99999.90 22.52 22.10 22.10 22.10 22.25 22.25 22.25 22.25 22.57 22.57 22.57 22.57 22.57 22.57 22.54 22.16 21.95 22.05 22.17 22.16 21.81 21.91 21.85 21.97 21.57 21.68 21.34 21.78 21.82 21.55 21.56 21.23 21.81 21.23 21.02 21.00 20.87 20.40
99999.90 99999.90 99999.90 99999.90 99999.90 99999.90 99999.90 99999.90 99999.90 99999.90 99999.90 99999.90 99999.90 99999.90 99999.90 99999.90 99999.90 99999.90 99999.90 99999.90 99999.90 99999.90 99999.90 99999.90 99999.90 99999.90 99999.90 99999.90 99999.90 99999.90 99999.90 99999.90 99999.90 99999.90 99999.90 99999.90 99999.90 99999.90 99999.90 22.52 22.10 22.10 22.10 22.10 22.10 22.25 22.25 22.25 22.25 22.25 22.46 22.46 22.46 22.27 22.35 22.33 22.27 21.96 21.99 21.78 22.11 21.71 22.00 21.87 21.53 21.50 21.30 21.45 21.24 21.01 21.53 20.86 20.64 20.40 20.60 20.62 19.98
99999.90 99999.90 99999.90 99999.90 99999.90 99999.90 99999.90 99999.90 99999.90 99999.90 99999.90 99999.90 99999.90 99999.90 99999.90 99999.90 99999.90 99999.90 99999.90 99999.90 99999.90 99999.90 99999.90 99999.90 99999.90 99999.90 99999.90 99999.90 99999.90 99999.90 99999.90 99999.90 99999.90 99999.90 99999.90 99999.90 99999.90 99999.90 99999.90 22.52 22.10 22.10 22.10 22.10 22.10 22.10 22.10 22.25 22.25 22.25 22.25 22.39 22.39 22.45 22.14 22.22 22.07 22.27 22.14 21.83 21.87 21.50 22.04 21.97 21.86 22.03 21.10 21.51 21.35 21.46 21.18 21.24 20.37 20.59 21.00 20.18 20.05
99999.90 99999.90 99999.90 99999.90 99999.90 99999.90 99999.90 99999.90 99999.90 99999.90 99999.90 99999.90 99999.90 99999.90 99999.90 99999.90 99999.90 99999.90 99999.90 99999.90 99999.90 99999.90 99999.90 99999.90 99999.90 99999.90 99999.90 99999.90 99999.90 99999.90 99999.90 99999.90 99999.90 99999.90 99999.90 99999.90 99999.90 99999.90 99999.90 22.52 22.10 22.10 22.10 22.10 22.10 22.10 22.10 22.10 22.10 22.25 22.25 22.25 22.49 22.50 22.15 22.41 22.13 22.01 22.12 21.97 22.16 21.96 21.88 21.77 21.89 21.28 21.69 21.25 21.73 20.86 21.44 21.17 21.38 21.15 20.97 21.21 20.54
99999.90 99999.90 99999.90 99999.90 99999.90 99999.90 99999.90 99999.90 99999.90 99999.90 99999.90 99999.90 99999.90 99999.90 99999.90 99999.90 99999.90 99999.90 99999.90 99999.90 99999.90 99999.90 99999.90 99999.90 99999.90 99999.90 99999.90 99999.90 99999.90 99999.90 99999.90 99999.90 99999.90 99999.90 99999.90 99999.90 99999.90 99999.90 22.29 22.52 22.52 22.52 22.10 22.10 22.10 22.10 22.10 22.10 22.10 22.10 22.37 22.37 22.14 22.33 22.37 22.36 22.50 22.39 22.31 22.05 22.18 22.02 22.00 21.70 21.61 21.95 21.67 21.53 21.87 21.56 21.70 21.22 21.58 21.07 20.26 20.91 20.45
99999.90 99999.90 99999.90 99999.90 99999.90 99999.90 99999.90 99999.90 99999.90 99999.90 99999.90 99999.90 99999.90 99999.90 99999.90 99999.90 99999.90 99999.90 99999.90 99999.90 99999.90 99999.90 99999.90 99999.90 99999.90 99999.90 99999.90 99999.90 99999.90 99999.90 99999.90 99999.90 99999.90 99999.90 99999.90 99999.90 99999.90 99999.90 22.29 22.52 22.52 22.52 22.52 22.52 22.52 22.10 22.10 22.10 22.10 22.10 22.10 22.54 22.36 22.40 22.40 22.19 22.20 22.44 22.48 22.24 22.17 22.30 22.27 22.27 21.97 22.18 21.98 22.05 21.83 21.86 21.75 21.83 21.38 21.66 21.53 21.17 21.15
99999.90 99999.90 99999.90 99999.90 99999.90 99999.90 99999.90 99999.90 99999.90 99999.90 99999.90 99999.90 99999.90 99999.90 99999.90 99999.90 99999.90 99999.90 99999.90 99999.90 99999.90 99999.90 99999.90 99999.90 99999.90 99999.90 99999.90 99999.90 99999.90 99999.90 99999.90 99999.90 99999.90 99999.90 99999.90 99999.90 99999.90 99999.90 22.29 22.52 22.52 22.52 22.52 22.52 22.52 22.52 22.52 22.52 22.20 22.20 22.20 22.41 22.20 22.28 22.75 22.15 22.55 22.32 22.36 22.16 22.34 22.25 22.08 22.23 22.36 22.18 22.14 21.97 22.13 22.10 21.99 21.69 21.57 21.78 21.46 21.08 21.11
99999.90 99999.90 99999.90 99999.90 99999.90 99999.90 99999.90 99999.90 99999.90 99999.90 99999.90 99999.90 99999.90 99999.90 99999.90 99999.90 99999.90 99999.90 99999.90 99999.90 99999.90 99999.90 99999.90 99999.90 99999.90 99999.90 99999.90 99999.90 99999.90 99999.90 99999.90 99999.90 99999.90 99999.90 99999.90 99999.90 99999.90 99999.90 22.29 22.52 22.52 22.52 22.52 22.52 22.52 22.52 22.52 22.52 22.52 22.70 22.70 22.37 22.42 22.30 22.51 22.31 22.32 22.33 22.39 22.39 22.24 22.30 22.15 22.35 21.99 21.93 22.15 22.12 22.13 22.13 22.10 22.11 21.90 21.81 21.48 21.35 21.25
99999.90 99999.90 99999.90 99999.90 99999.90 99999.90 99999.90 99999.90 99999.90 99999.90 99999.90 99999.90 99999.90 99999.90 99999.90 99999.90 99999.90 99999.90 99999.90 99999.90 99999.90 99999.90 99999.90 99999.90 99999.90 99999.90 99999.90 99999.90 99999.90 99999.90 99999.90 99999.90 99999.90 99999.90 99999.90 99999.90 99999.90 99999.90 22.29 22.52 22.52 22.52 22.52 22.52 22.52 22.52 22.52 22.52 22.52 22.52 22.67 22.60 22.47 22.42 22.26 22.34 22.44 22.39 22.16 22.35 22.38 22.46 22.19 22.24 21.73 22.11 21.97 22.08 21.74 21.86 22.02 22.01 22.11 21.85 22.05 21.82 21.49
99999.90 99999.90 99999.90 99999.90 99999.90 99999.90 99999.90 99999.90 99999.90 99999.90 99999.90 99999.90 99999.90 99999.90 99999.90 99999.90 99999.90 99999.90 99999.90 99999.90 99999.90 99999.90 99999.90 99999.90 99999.90 99999.90 99999.90 99999.90 99999.90 99999.90 99999.90 99999.90 99999.90 99999.90 99999.90 99999.90 99999.90 99999.90 22.29 22.70 22.70 22.70 22.70 22.70 22.70 22.70 22.70 22.70 22.70 22.70 22.81 22.45 22.36 22.20 22.23 22.29 22.30 22.14 22.01 22.08 22.37 22.28 22.32 22.06 22.07 21.81 22.18 21.80 21.84 21.81 21.91 21.70 21.46 21.74 21.77 21.79 21.63
99999.90 99999.90 99999.90 99999.90 99999.90 99999.90 99999.90 99999.90 99999.90 99999.90 99999.90 99999.90 99999.90 99999.90 99999.90 99999.90 99999.90 99999.90 99999.90 99999.90 99999.90 99999.90 99999.90 99999.90 99999.90 99999.90 99999.90 99999.90 99999.90 99999.90 99999.90 99999.90 99999.90 99999.90 99999.90 99999.90 99999.90 99999.90 22.29 22.29 22.29 22.61 22.61 22.61 22.61 22.61 22.61 22.61 22.61 22.61 22.86 22.62 22.49 22.19 22.53 22.28 22.22 21.98 22.01 22.09 21.87 22.05 22.22 22.02 22.14 22.06 22.04 22.05 22.00 21.63 21.65 21.72 21.72 21.88 21.51 21.71 21.90
99999.90 99999.90 99999.90 99999.90 99999.90 99999.90 99999.90 99999.90 99999.90 99999.90 99999.90 99999.90 99999.90 99999.90 99999.90 99999.90 99999.90 99999.90 99999.90 99999.90 99999.90 99999.90 99999.90 99999.90 99999.90 99999.90 99999.90 99999.90 99999.90 99999.90 99999.90 99999.90 99999.90 99999.90 99999.90 99999.90 99999.90 22.54 22.29 22.29 22.29 22.29 22.29 22.29 22.51 22.51 22.51 22.51 22.51 22.51 22.80 22.45 22.61 22.33 22.54 22.54 22.61 22.15 22.06 22.22 21.86 22.21 22.23 22.05 22.00 22.19 22.08 22.28 21.75 21.92 21.94 21.95 21.81 21.99 21.81 21.82 21.80
99999.90 99999.90 99999.90 99999.90 99999.90 99999.90 99999.90 99999.90 99999.90 99999.90 99999.90 99999.90 99999.90 99999.90 99999.90 99999.90 99999.90 99999.90 99999.90 99999.90 99999.90 99999.90 99999.90 99999.90 99999.90 99999.90 99999.90 99999.90 99999.90 99999.90 99999.90 99999.90 99999.90 99999.90 99999.90 99999.90 99999.90 22.54 22.29 22.29 22.29 22.29 22.29 22.29 22.29 22.29 22.29 22.64 22.64 22.64 22.61 22.68 22.44 22.45 22.39 22.44 22.46 22.36 22.37 22.41 22.38 22.27 22.03 22.11 21.91 22.06 21.89 22.13 21.84 22.15 21.86 21.92 22.11 22.09 21.98 21.94 21.90
99999.90 99999.90 99999.90 99999.90 99999.90 99999.90 99999.90 99999.90 99999.90 99999.90 99999.90 99999.90 99999.90 99999.90 99999.90 99999.90 99999.90 99999.90 99999.90 99999.90 99999.90 99999.90 99999.90 99999.90 99999.90 99999.90 99999.90 99999.90 99999.90 99999.90 99999.90 99999.90 99999.90 99999.90 99999.90 99999.90 99999.90 22.54 22.29 22.29 22.29 22.29 22.29 22.29 22.29 22.29 22.29 22.29 22.48 22.48 22.64 22.56 22.42 22.50 22.42 22.51 22.32 22.56 22.31 22.44 22.42 22.41 22.17 22.22 22.23 22.20 22.07 22.01 21.86 21.92 21.96 22.04 21.69 22.03 21.93 22.13 22.03
22.60 22.60 22.60 22.60 22.60 22.60 22.60 22.60 22.60 22.60 22.60 22.57 22.55 22.55 22.55 22.55 22.55 22.55 22.55 22.55 22.55 22.55 22.55 99999.90 99999.90 99999.90 99999.90 99999.90 99999.90 99999.90 99999.90 99999.90 99999.90 99999.90 99999.90 99999.90 99999.90 22.54 22.29 22.29 22.29 22.29 22.29 22.29 22.29 22.29 22.29 22.29 22.29 22.60 22.57 22.65 22.45 22.45 22.48 22.75 22.76 22.79 22.69 22.38 22.28 22.23 22.25 22.23 22.13 22.24 22.12 22.25 22.17 22.12 21.94 22.21 21.89 22.15 21.51 21.87 21.76
22.55 22.55 22.55 22.55 22.55 22.55 22.60 22.60 22.60 22.60 22.60 22.57 22.55 22.55 22.55 22.55 22.55 22.55 22.55 22.55 22.55 22.55 22.55 22.53 99999.90 99999.90 99999.90 99999.90 99999.90 99999.90 99999.90 99999.90 99999.90 99999.90 99999.90 99999.90 22.24 22.54 22.29 22.29 22.29 22.29 22.29 22.29 22.29 22.29 22.29 22.29 22.29 22.50 22.71 22.41 22.35 22.48 22.40 22.33 22.27 22.28 22.33 22.26 22.33 22.36 22.18 22.22 22.11 22.05 21.99 22.00 22.12 22.19 22.27 22.26 22.10 22.16 21.90 22.22 21.80
22.55 22.55 22.55 22.55 22.55 22.55 22.60 22.60 22.60 22.60 22.60 22.57 22.55 22.55 22.55 22.55 22.55 22.55 22.55 22.55 22.55 22.55 22.53 22.53 99999.90 99999.90 99999.90 99999.90 99999.90 99999.90 99999.90 99999.90 99999.90 99999.90 99999.90 99999.90 22.24 22.54 22.29 22.29 22.29 22.29 22.29 22.29 22.29 22.29 22.29 22.63 22.63 22.63 22.62 22.54 22.38 22.40 22.45 22.17 22.32 22.33 22.29 22.34 22.21 22.13 22.12 22.33 22.27 22.11 22.21 22.20 22.01 22.11 22.21 22.13 22.21 22.23 22.20 22.08 22.05
22.55 22.55 22.55 22.55 22.55 22.55 22.55 22.60 22.60 22.60 22.60 22.57 22.55 22.55 22.55 22.55 22.55 22.55 22.55 22.55 22.55 22.53 22.53 22.53 99999.90 99999.90 99999.90 99999.90 99999.90 99999.90 99999.90 99999.90 99999.90 99999.90 99999.90 22.61 22.24 22.54 22.54 22.54 22.54 22.54 22.50 22.50 22.50 22.50 22.50 22.45 22.45 22.45 22.66 22.63 22.54 22.45 22.40 22.34 22.11 22.28 22.19 22.17 22.25 22.16 22.28 22.23 22.27 22.13 21.99 22.14 22.05 22.13 22.13 21.95 22.07 21.99 22.26 21.88 22.07
22.55 22.55 22.55 22.55 22.55 22.55 22.55 22.60 22.60 22.60 22.60 22.57 22.55 22.55 22.55 22.55 22.55 22.55 22.55 22.55 22.53 22.53 22.53 22.53 99999.90 99999.90 99999.90 99999.90 99999.90 99999.90 99999.90 99999.90 99999.90 99999.90 99999.90 22.61 22.24 22.54 22.54 22.54 22.54 22.54 22.54 22.54 22.50 22.50 22.50 22.50 22.62 22.62 22.30 22.54 22.46 22.52 22.43 22.30 22.18 22.21 22.22 22.23 22.23 22.19 22.27 22.19 22.21 22.21 22.04 22.08 22.00 21.99 21.98 21.84 22.16 21.90 22.13 22.13 22.09
22.55 22.55 22.55 22.55 22.55 22.55 22.55 22.60 22.60 22.60 22.60 22.57 22.55 22.55 22.55 22.55 22.55 22.55 22.55 22.53 22.53 22.53 22.53 22.53 99999.90 99999.90 99999.90 99999.90 99999.90 99999.90 99999.90 99999.90 99999.90 99999.90 99999.90 22.61 22.24 22.54 22.54 22.54 22.54 22.54 22.54 22.54 22.54 22.54 22.50 22.50 22.50 22.71 22.53 22.52 22.44 22.36 22.32 22.38 22.30 22.22 22.30 22.23 21.99 22.16 22.27 22.15 22.24 22.24 22.16 22.22 22.05 22.20 22.10 21.92 22.06 21.85 21.77 22.00 21.93
22.55 22.55 22.55 22.55 22.55 22.55 22.55 22.60 22.60 22.60 22.60 22.57 22.55 22.55 22.55 22.55 22.55 22.55 22.53 22.53 22.53 22.53 22.53 22.53 99999.90 99999.90 99999.90 99999.90 99999.90 99999.90 99999.90 99999.90 99999.90 99999.90 22.59 22.61 22.24 22.54 22.54 22.54 22.54 22.54 22.54 22.54 22.54 22.54 22.54 22.55 22.55 22.59 22.56 22.51 22.44 22.24 22.40 22.30 22.29 22.17 22.26 22.35 22.17 22.11 22.16 22.12 22.06 22.08 22.08 21.99 22.01 21.92 21.97 21.98 22.08 22.19 21.95 21.90 21.89
22.59 22.55 22.55 22.55 22.55 22.55 22.55 22.47 22.60 22.60 22.60 22.57 22.55 22.55 22.55 22.55 22.55 22.53 22.53 22.53 22.53 22.53 22.53 22.53 99999.90 99999.90 99999.90 99999.90 99999.90 99999.90 99999.90 99999.90 99999.90 22.57 22.59 22.61 22.24 22.24 22.24 22.54 22.54 22.54 22.54 22.54 22.54 22.54 22.54 22.54 22.42 22.57 22.47 22.54 22.46 22.47 22.48 22.33 22.36 22.34 22.25 22.33 22.18 22.17 22.21 22.21 22.23 22.21 22.05 21.97 22.05 22.10 22.06 22.10 22.08 22.00 22.27 22.02 21.67
22.59 22.59 22.55 22.55 22.55 22.55 22.55 22.47 22.60 22.60 22.60 22.57 22.55 22.55 22.55 22.55 22.53 22.53 22.53 22.53 22.53 22.53 22.53 22.53 99999.90 99999.90 99999.90 99999.90 99999.90 99999.90 99999.90 99999.90 22.50 22.57 22.57 22.61 22.61 22.61 22.24 22.24 22.24 22.24 22.55 22.55 22.55 22.55 22.55 22.55 22.51 22.67 22.54 22.51 22.51 22.49 22.42 22.35 22.31 22.32 22.30 22.29 22.11 22.25 22.10 21.98 22.06 22.07 22.02 22.07 21.99 22.03 22.06 22.07 22.11 22.06 22.01 21.82 22.01
22.64 22.59 22.59 22.55 22.55 22.55 22.55 22.47 22.46 22.60 22.60 22.57 22.55 22.55 22.55 22.53 22.53 22.53 22.53 22.53 22.53 22.53 22.53 22.53 99999.90 99999.90 99999.90 99999.90 99999.90 99999.90 99999.90 99999.90 22.50 22.50 22.57 22.61 22.61 22.61 22.61 22.61 22.24 22.24 22.24 22.24 22.24 22.61 22.61 22.61 22.58 22.53 22.50 22.44 22.51 22.56 22.46 22.34 22.38 22.24 22.23 22.28 22.47 22.24 22.16 22.17 22.01 22.21 21.84 22.13 21.98 22.01 22.13 22.02 22.22 22.05 22.11 22.11 21.86
22.64 22.64 22.59 22.59 22.55 22.55 22.55 22.47 22.46 22.60 22.60 22.57 22.55 22.55 22.53 22.53 22.53 22.53 22.53 22.53 22.53 22.53 22.53 22.53 99999.90 99999.90 99999.90 99999.90 99999.90 99999.90 99999.90 22.49 22.50 22.50 22.50 22.61 22.61 22.61 22.61 22.61 22.61 22.61 22.24 22.24 22.24 22.24 22.56 22.56 22.49 22.54 22.38 22.47 22.40 22.47 22.43 22.41 22.32 22.29 22.27 22.23 22.04 22.21 22.22 22.27 22.10 22.16 22.04 22.06 22.00 22.00 21.97 22.10 22.15 22.10 22.20 22.09 22.01
22.64 22.64 22.64 22.59 22.59 22.55 22.55 22.47 22.46 22.47 22.53 22.57 22.56 22.53 22.53 22.53 22.53 22.53 22.53 22.53 22.53 22.53 22.53 22.53 99999.90 99999.90 99999.90 99999.90 99999.90 99999.90 22.34 22.49 22.50 22.50 22.50 22.50 22.61 22.61 22.61 22.61 22.61 22.61 22.61 22.61 22.24 22.24 22.24 22.59 22.47 22.56 22.26 22.24 22.19 22.34 22.37 22.33 22.17 22.27 22.27 22.28 22.23 22.21 22.30 22.19 22.16 22.18 22.21 22.21 22.10 22.04 21.99 22.13 22.08 22.12 21.99 21.97 22.02
22.64 22.64 22.64 22.64 22.59 22.59 22.44 22.43 22.44 22.49 22.53 22.53 22.56 22.53 22.53 22.53 22.53 22.53 22.53 22.53 22.53 22.53 22.53 22.53 99999.90 99999.90 99999.90 99999.90 99999.90 99999.90 22.34 22.34 22.50 22.50 22.50 22.50 22.50 22.57 22.61 22.61 22.61 22.61 22.61 22.61 22.61 22.57 22.57 22.51 22.57 22.60 22.29 22.10 22.20 22.36 22.28 22.26 22.19 22.42 22.50 22.40 22.41 22.47 22.50 22.45 22.31 22.15 22.26 22.20 22.15 22.20 22.22 22.09 22.17 22.16 22.06 21.93 22.15
22.64 22.64 22.64 22.64 22.64 22.54 22.44 22.41 22.46 22.45 22.45 22.45 22.56 22.53 22.53 22.53 22.53 22.53 22.53 22.53 22.53 22.53 22.53 22.53 99999.90 99999.90 99999.90 99999.90 99999.90 99999.90 22.34 22.34 22.50 22.50 22.50 22.50 22.50 22.50 22.57 22.57 22.61 22.61 22.61 22.61 22.61 22.61 22.52 22.59 22.32 22.50 22.57 22.24 22.27 22.42 22.31 22.22 22.16 22.29 22.33 22.44 22.59 22.45 22.53 22.45 22.37 22.23 22.16 22.12 22.09 22.05 22.22 22.15 22.21 22.17 22.07 22.11 21.96
22.58 22.58 22.58 22.58 22.58 22.45 22.38 22.46 22.46 22.45 22.45 22.45 22.56 22.53 22.53 22.53 22.53 22.53 22.53 22.53 22.53 22.53 22.53 22.53 99999.90 99999.90 99999.90 99999.90 99999.90 99999.90 22.34 22.34 22.34 22.50 22.50 22.50 22.50 22.50 22.50 22.57 22.57 22.59 22.59 22.53 22.53 22.53 22.62 22.66 22.55 22.50 22.58 22.55 22.48 22.30 22.33 22.14 22.12 22.23 22.31 22.23 22.30 22.28 22.31 22.26 22.19 22.15 22.13 22.09 22.03 22.11 22.07 22.19 22.18 22.13 22.22 22.19 22.17
22.58 22.58 22.58 22.58 22.58 22.42 22.36 22.46 22.46 22.45 22.45 22.45 22.45 22.53 22.53 22.53 22.53 22.53 22.53 22.53 22.53 22.53 22.53 22.53 99999.90 99999.90 99999.90 99999.90 99999.90 22.26 22.34 22.34 22.34 22.34 22.34 22.50 22.50 22.50 22.50 22.50 22.57 22.57 22.59 22.59 22.60 22.60 22.56 22.53 22.53 22.30 22.28 22.44 22.45 22.46 22.32 22.12 22.17 22.21 22.25 22.25 22.24 22.23 22.19 22.24 22.21 22.10 22.10 22.19 22.18 22.14 22.10 22.13 22.12 22.11 22.17 22.20 22.20
22.30 22.58 22.58 22.58 22.42 22.42 22.36 22.36 22.46 22.46 22.45 22.45 22.45 22.53 22.53 22.53 22.53 22.53 22.53 22.53 22.53 22.53 22.53 22.53 99999.90 99999.90 99999.90 99999.90 99999.90 22.26 22.34 22.34 22.34 22.34 22.34 22.34 22.50 22.50 22.50 22.50 22.50 22.57 22.57 22.59 22.59 22.61 22.46 22.51 22.50 22.62 22.50 22.45 22.40 22.34 22.29 22.31 22.24 22.35 22.35 22.28 22.28 22.19 22.14 22.21 22.24 22.13 22.11 22.15 22.17 22.17 22.18 22.15 22.09 22.09 22.00 22.12 22.16
22.30 22.30 22.58 22.42 22.42 22.42 22.36 22.36 22.36 22.46 22.45 22.45 22.45 22.45 22.53 22.53 22.53 22.53 22.53 22.53 22.53 22.53 22.53 22.53 99999.90 99999.90 99999.90 99999.90 99999.90 22.26 22.34 22.34 22.34 22.34 22.34 22.34 22.34 22.49 22.50 22.50 22.50 22.50 22.57 22.57 22.59 22.53 22.46 22.39 22.42 22.52 22.59 22.43 22.38 22.28 22.29 22.24 22.29 22.31 22.40 22.29 22.25 22.26 22.38 22.28 22.14 22.18 22.16 22.17 22.15 22.10 22.17 22.13 22.15 22.15 22.18 22.20 22.16
