main/data/irradiance/27.01.2023.grid
ncols 839
nrows 679
xllcenter 112.0500
yllcenter -43.9500
cellsize 0.0500
nodata_value 99999.90
[rows 544 to 577 of 679, columns 693 to 769 of 839]
29.89 29.83 29.79 29.75 29.53 29.19 28.92 28.78 29.01 28.92 29.46 29.31 29.49 29.45 29.42 26.85 26.81 26.69 27.32 27.31 27.52 27.74 27.89 28.06 28.59 28.93 28.46 27.96 28.40 28.49 28.08 26.53 25.91 27.16 26.75 27.21 27.67 28.13 27.30 26.21 26.98 28.06 27.08 25.61 24.35 23.13 22.97 24.42 25.49 25.54 26.20 27.58 26.95 27.81 27.22 27.34 28.18 27.88 26.63 26.42 26.15 26.22 24.67 23.96 24.65 25.38 25.38 25.38 25.38 25.38 25.38 25.38 25.38 25.38 25.38 25.38 99999.90
29.86 29.90 29.82 29.80 29.46 29.33 28.87 28.72 28.68 28.65 29.38 28.77 29.18 29.31 29.08 28.20 27.24 27.59 26.00 27.34 27.46 27.79 27.68 27.78 27.43 27.12 26.17 27.13 27.01 27.84 27.76 27.46 27.11 27.11 27.28 27.60 28.11 28.13 27.63 27.60 28.20 28.57 28.65 27.07 25.80 24.49 25.22 26.32 26.99 26.03 27.54 28.33 28.39 27.57 27.89 26.59 27.33 27.37 27.40 26.26 25.94 25.42 25.84 25.76 25.59 25.38 25.38 25.38 25.38 25.38 25.38 25.38 25.38 25.38 25.38 25.38 99999.90
29.82 29.86 29.84 29.66 29.42 29.37 29.07 28.72 28.58 28.61 28.67 27.93 28.41 28.45 28.71 28.79 28.99 27.89 26.99 26.65 27.78 27.99 27.95 27.90 27.53 27.19 26.75 27.17 26.20 27.15 27.26 27.66 27.36 27.63 27.92 27.32 27.44 27.42 28.23 28.30 28.62 28.90 28.92 27.63 27.20 25.70 26.04 27.32 28.01 27.51 27.74 28.31 28.36 28.36 27.81 27.46 26.94 26.70 27.17 25.95 26.20 26.36 25.95 26.39 26.44 26.44 26.44 25.38 25.38 25.38 25.38 25.38 25.38 25.38 25.38 25.38 99999.90
29.81 29.90 29.84 29.63 29.48 29.20 29.10 28.98 28.84 28.45 28.28 27.45 28.25 28.02 28.57 28.61 28.69 28.60 28.09 27.53 27.90 27.83 28.08 28.04 27.26 27.15 27.45 26.28 26.35 26.33 26.63 27.05 26.28 27.87 27.87 27.40 27.86 27.69 28.27 28.13 28.58 28.64 27.82 27.80 28.39 27.21 27.79 28.07 28.07 27.82 28.37 28.63 28.57 28.22 27.76 27.40 27.40 26.53 26.30 26.67 27.14 26.86 26.00 26.47 26.75 26.75 26.75 28.29 28.29 28.29 28.29 28.29 28.29 28.29 28.29 28.29 99999.90
29.79 29.87 29.88 29.82 29.55 29.59 29.55 28.80 28.43 28.49 27.96 27.34 28.13 27.55 28.28 28.36 27.26 26.87 27.66 27.93 27.84 27.73 28.08 27.78 27.26 27.35 26.66 26.20 25.86 25.92 26.60 26.45 26.54 27.77 27.78 27.01 27.44 27.66 28.25 28.08 28.48 27.94 28.13 28.98 28.93 28.43 28.23 28.65 28.58 28.30 28.42 28.34 28.51 28.56 28.23 27.17 26.48 26.90 26.56 26.77 26.92 26.70 27.30 27.29 27.20 27.20 28.29 28.29 28.29 28.29 28.29 28.29 28.29 28.29 28.29 28.29 99999.90
29.67 29.34 29.78 29.89 29.81 29.79 29.54 28.90 26.76 27.94 28.09 28.05 28.15 27.58 27.94 28.06 27.77 27.12 27.16 27.53 27.55 27.71 28.09 27.75 27.52 26.18 26.63 26.43 25.82 26.14 26.15 26.03 26.66 27.10 27.08 26.12 27.48 27.68 27.65 27.92 28.28 28.40 28.33 28.58 28.91 28.67 28.91 28.59 28.93 28.57 28.37 28.34 28.40 28.49 28.22 27.96 27.22 26.99 27.20 27.39 27.28 27.58 28.21 28.49 27.89 28.29 28.29 28.29 28.29 28.29 28.29 28.29 28.29 28.29 28.29 28.29 99999.90
29.40 29.03 29.77 28.68 27.43 27.34 27.16 25.17 24.87 26.84 27.85 27.92 28.17 27.95 28.02 27.93 27.61 26.85 26.85 27.26 27.20 27.32 27.60 27.57 26.49 25.87 26.11 25.81 26.48 26.75 26.06 25.96 26.34 26.62 26.94 26.80 27.14 27.52 27.16 27.86 28.24 28.69 27.80 28.42 28.66 28.86 28.98 28.87 28.67 28.17 28.38 28.33 28.40 28.50 28.32 28.38 28.20 27.71 28.47 27.83 27.72 27.58 28.21 28.49 27.89 28.29 28.29 28.29 28.29 28.29 28.29 28.29 28.29 28.29 28.29 28.29 99999.90
28.95 28.72 29.15 27.84 26.57 25.98 26.03 24.74 24.84 26.26 27.39 27.82 27.98 27.85 27.79 27.69 27.39 26.60 26.80 26.92 27.02 26.77 27.12 26.78 26.30 25.87 25.25 25.51 25.87 26.80 25.89 25.89 26.04 26.31 26.73 26.53 26.88 26.96 27.36 27.86 28.00 28.94 28.56 28.36 28.66 28.78 28.69 28.58 28.54 28.41 28.36 28.29 28.35 28.43 28.37 28.22 28.09 27.79 28.25 28.44 28.62 28.62 28.21 28.49 27.89 28.29 28.29 28.29 28.29 28.29 28.29 28.29 28.29 28.29 28.29 28.29 99999.90
28.68 28.63 28.48 27.29 27.03 26.50 26.36 25.49 25.77 26.33 26.95 27.79 27.83 27.64 27.57 27.68 27.35 26.98 26.87 26.71 26.68 26.29 26.27 26.35 26.57 25.74 24.98 25.20 25.52 26.03 25.58 25.97 25.95 25.88 26.60 26.78 26.83 27.30 27.72 28.12 28.38 28.60 28.93 28.37 28.38 28.62 28.37 28.41 28.30 28.34 28.28 28.17 28.10 28.00 27.99 27.94 27.88 27.89 27.96 28.09 28.62 28.62 28.62 28.49 27.89 28.29 28.29 28.29 28.29 28.29 28.29 28.29 28.29 28.29 28.29 28.29 99999.90
28.62 28.48 28.03 27.64 27.53 26.91 26.24 26.39 26.58 26.79 27.09 27.26 27.43 27.63 27.62 27.58 27.25 26.76 26.26 26.28 26.12 25.89 25.89 26.01 25.73 24.65 25.08 24.83 25.82 26.19 25.36 26.25 25.97 25.83 26.65 27.12 27.53 27.87 28.14 27.92 28.10 28.30 28.55 28.43 28.40 28.38 28.26 28.14 27.96 28.22 28.03 27.83 27.64 27.44 27.59 27.78 27.94 28.03 28.00 28.09 28.09 28.62 28.62 28.62 27.89 28.29 28.29 28.29 28.29 28.29 28.29 28.29 28.29 28.29 28.29 28.29 99999.90
28.23 28.08 27.82 27.86 27.45 27.04 26.83 27.01 27.05 27.17 27.08 27.14 27.47 27.55 27.47 27.17 26.57 26.41 26.17 26.14 25.67 25.65 25.86 25.12 24.89 25.20 25.15 25.48 25.62 25.80 25.71 26.15 26.13 26.22 26.66 27.08 27.59 28.02 28.20 28.26 28.20 28.10 28.11 28.28 28.31 28.18 28.10 28.02 27.87 27.69 27.69 27.67 27.45 27.48 27.43 27.78 28.01 28.03 28.00 28.00 28.09 28.09 28.62 28.62 27.89 28.29 28.29 28.29 28.29 28.29 28.29 28.29 28.29 28.29 28.29 28.29 99999.90
28.01 27.82 27.93 27.55 27.30 27.31 27.13 26.99 27.13 27.22 27.25 27.31 27.19 27.01 26.88 26.75 26.24 26.21 25.99 25.85 25.82 25.44 25.06 24.57 25.09 25.24 24.97 25.39 25.57 26.07 26.39 26.44 26.59 26.75 26.94 27.06 27.20 27.70 28.07 28.19 28.28 28.20 28.11 28.28 28.31 28.18 28.10 28.02 27.87 27.69 27.69 27.67 27.45 27.48 27.43 27.78 28.01 28.01 28.00 28.00 28.00 28.09 28.09 28.62 28.62 28.29 28.29 28.29 28.29 28.29 28.29 28.29 28.29 28.29 28.29 28.29 99999.90
27.62 27.63 27.74 27.60 27.52 27.46 27.24 27.43 27.93 28.37 27.97 27.48 27.08 26.55 26.54 26.41 26.03 25.80 25.73 25.52 25.74 25.10 25.09 25.21 25.52 25.67 25.78 25.99 26.16 26.07 26.39 26.44 26.59 26.75 26.94 27.06 27.20 27.70 28.07 28.19 28.28 28.20 28.20 28.28 28.31 28.18 28.10 28.02 27.87 27.69 27.69 27.67 27.45 27.48 27.43 27.78 28.01 28.01 28.01 28.00 28.00 28.00 28.09 28.09 28.62 28.29 28.29 28.29 28.29 28.29 28.29 28.29 28.29 28.29 28.29 28.29 99999.90
27.54 27.61 27.68 27.60 27.68 27.85 27.64 27.93 28.21 28.12 27.65 27.31 27.09 25.96 25.70 25.85 25.60 25.45 25.82 26.17 26.45 26.05 25.75 26.02 26.07 25.67 25.78 25.99 26.16 26.16 26.39 26.44 26.59 26.75 26.94 27.06 27.20 27.70 28.07 28.19 28.28 28.20 28.20 28.20 28.31 28.18 28.10 28.02 27.87 27.69 27.69 27.67 27.45 27.48 27.43 27.78 28.01 28.01 28.01 28.00 28.00 28.00 28.00 28.09 28.09 28.62 28.29 28.29 28.29 28.29 28.29 28.29 28.29 28.29 28.29 28.29 99999.90
27.58 27.84 27.84 27.88 27.83 27.93 27.90 27.98 27.93 27.22 26.96 26.90 26.73 26.22 25.82 25.34 25.38 25.56 25.83 26.02 25.86 25.61 25.62 26.02 26.07 26.07 25.78 25.99 26.16 26.16 26.16 26.44 26.59 26.75 26.94 27.06 27.20 27.70 28.07 28.19 28.28 28.20 28.20 28.20 28.31 28.18 28.10 28.02 27.87 27.69 27.69 27.67 27.45 27.48 27.43 27.78 28.01 28.01 28.01 28.01 28.00 28.00 28.00 28.00 28.09 28.09 28.29 28.29 28.29 28.29 28.29 28.29 28.29 28.29 28.29 28.29 99999.90
27.44 27.56 27.90 27.95 28.12 28.05 27.86 27.52 27.54 27.12 26.54 26.35 26.26 25.73 25.40 25.14 25.56 25.94 25.99 25.46 25.24 25.61 25.62 25.62 26.07 26.07 26.07 25.99 26.16 26.16 26.16 26.44 26.59 26.75 26.94 27.06 27.20 27.70 28.07 28.19 28.28 28.20 28.20 28.20 28.31 28.18 28.10 28.02 27.87 27.69 27.69 27.67 27.45 27.48 27.43 27.78 28.01 28.01 28.01 28.01 28.00 28.00 28.00 28.00 28.00 28.09 28.09 28.29 28.29 28.29 28.29 28.29 28.29 28.29 28.29 28.29 99999.90
27.37 27.71 27.81 27.74 27.91 27.80 27.42 27.20 27.02 26.85 26.28 26.35 26.26 25.73 25.40 26.27 26.37 25.98 25.61 25.46 25.24 25.24 25.62 25.62 25.62 26.07 26.07 25.99 26.16 26.16 26.16 26.44 26.59 26.75 26.94 27.06 27.20 27.70 28.07 28.19 28.28 28.20 28.20 28.20 28.20 28.18 28.10 28.02 27.87 27.69 27.69 27.67 27.45 27.48 27.43 27.78 28.01 28.01 28.01 28.01 28.01 28.00 28.00 28.00 28.00 28.00 28.09 28.09 28.62 28.62 28.62 99999.90 99999.90 99999.90 99999.90 99999.90 99999.90
27.11 27.48 27.76 27.39 27.53 27.00 26.83 26.57 26.46 26.70 26.74 26.74 26.26 26.36 25.82 25.82 25.74 25.98 25.61 25.61 25.24 25.24 25.24 25.62 25.62 26.07 26.07 25.99 26.16 26.16 26.16 26.16 26.59 26.75 26.94 27.06 27.20 27.70 28.07 28.19 28.28 28.20 28.20 28.20 28.20 28.18 28.10 28.02 27.87 27.69 27.69 27.67 27.45 27.48 27.43 27.78 28.01 28.01 28.01 28.01 28.01 28.00 28.00 28.00 28.00 28.00 28.00 28.09 28.09 28.62 28.62 99999.90 99999.90 99999.90 99999.90 99999.90 99999.90
27.52 27.24 27.27 27.66 27.42 27.02 26.54 26.48 26.76 27.04 26.96 26.96 26.62 26.36 26.36 26.19 25.74 25.74 25.61 25.61 25.61 25.24 25.24 25.62 25.62 25.62 26.07 26.07 26.16 26.16 26.16 26.16 26.59 26.75 26.94 27.06 27.20 27.70 28.07 28.19 28.28 28.20 28.20 28.20 28.20 28.18 28.10 28.02 27.87 27.69 27.69 27.67 27.45 27.48 27.43 27.78 28.01 28.01 28.01 28.01 28.01 28.01 28.00 28.00 28.00 28.00 28.00 28.00 28.09 28.09 99999.90 99999.90 99999.90 99999.90 99999.90 99999.90 99999.90
26.99 27.10 27.68 28.04 27.79 27.46 26.91 26.76 26.97 26.79 26.47 26.54 26.62 26.31 26.34 26.19 26.19 25.74 25.74 25.61 25.61 25.24 25.24 25.24 25.62 25.62 26.07 26.07 26.16 26.16 26.16 26.16 26.59 26.75 26.94 27.06 27.20 27.70 28.07 28.19 28.28 28.20 28.20 28.20 28.20 28.20 28.10 28.02 27.87 27.69 27.69 27.67 27.45 27.48 27.43 27.78 28.01 28.01 28.01 28.01 28.01 28.01 28.00 28.00 28.00 28.00 28.00 28.00 28.00 99999.90 99999.90 99999.90 99999.90 99999.90 99999.90 99999.90 99999.90
27.84 27.04 26.96 27.31 27.37 27.14 26.71 26.75 26.55 26.09 26.04 26.54 26.29 26.31 26.34 26.34 26.19 26.19 25.74 25.61 25.61 25.61 25.24 25.24 25.62 25.62 25.62 26.07 26.16 26.16 26.16 26.16 26.16 26.75 26.94 27.06 27.20 27.70 28.07 28.19 28.28 28.20 28.20 28.20 28.20 28.20 28.10 28.02 27.87 27.69 27.69 27.67 27.45 27.48 27.43 27.78 28.01 28.01 28.01 28.01 28.01 28.01 28.01 28.01 28.01 28.01 28.01 99999.90 99999.90 99999.90 99999.90 99999.90 99999.90 99999.90 99999.90 99999.90 99999.90
28.05 27.45 27.16 27.14 26.93 26.39 25.84 25.56 25.45 25.75 26.26 26.35 26.29 26.29 26.34 26.34 26.34 26.19 26.19 25.74 25.61 25.61 25.24 25.24 25.24 25.62 25.62 26.07 26.07 26.16 26.16 26.16 26.16 26.75 26.94 27.06 27.20 27.70 28.07 28.19 28.28 28.20 28.20 28.20 28.20 28.20 28.20 28.20 28.20 28.20 28.20 28.20 99999.90 99999.90 99999.90 99999.90 99999.90 99999.90 99999.90 99999.90 99999.90 99999.90 99999.90 99999.90 99999.90 99999.90 99999.90 99999.90 99999.90 99999.90 99999.90 99999.90 99999.90 99999.90 99999.90 99999.90 99999.90
27.59 27.37 27.02 26.52 26.07 26.04 25.89 25.71 25.62 25.98 26.26 26.35 26.35 26.29 26.29 26.34 26.34 26.34 26.19 26.19 25.61 25.61 25.61 25.24 25.24 25.62 25.62 25.62 26.07 26.16 26.16 26.16 26.16 26.16 26.16 26.16 26.16 26.16 26.16 99999.90 99999.90 99999.90 99999.90 99999.90 99999.90 99999.90 99999.90 99999.90 99999.90 99999.90 99999.90 99999.90 99999.90 99999.90 99999.90 99999.90 99999.90 99999.90 99999.90 99999.90 99999.90 99999.90 99999.90 99999.90 99999.90 99999.90 99999.90 99999.90 99999.90 99999.90 99999.90 99999.90 99999.90 99999.90 99999.90 99999.90 99999.90
27.02 26.86 26.78 26.45 26.05 25.86 25.05 25.74 25.62 26.25 26.26 26.26 26.35 26.35 26.29 26.34 26.34 26.34 26.34 26.19 26.19 25.61 25.61 25.24 25.24 25.24 25.62 25.62 26.07 26.07 26.07 26.07 26.07 26.07 26.07 99999.90 99999.90 99999.90 99999.90 99999.90 99999.90 99999.90 99999.90 99999.90 99999.90 99999.90 99999.90 99999.90 99999.90 99999.90 99999.90 99999.90 99999.90 99999.90 99999.90 99999.90 99999.90 99999.90 99999.90 99999.90 99999.90 99999.90 99999.90 99999.90 99999.90 99999.90 99999.90 99999.90 99999.90 99999.90 99999.90 99999.90 99999.90 99999.90 99999.90 99999.90 99999.90
27.43 27.28 26.76 26.71 26.20 25.30 25.44 25.96 25.62 26.25 26.25 26.26 26.26 26.35 26.35 26.29 26.34 26.34 26.34 26.34 26.19 26.19 25.61 25.61 25.24 25.24 25.62 25.62 25.62 25.62 25.62 25.62 25.62 99999.90 99999.90 99999.90 99999.90 99999.90 99999.90 99999.90 99999.90 99999.90 99999.90 99999.90 99999.90 99999.90 99999.90 99999.90 99999.90 99999.90 99999.90 99999.90 99999.90 99999.90 99999.90 99999.90 99999.90 99999.90 99999.90 99999.90 99999.90 99999.90 99999.90 99999.90 99999.90 99999.90 99999.90 99999.90 99999.90 99999.90 99999.90 99999.90 99999.90 99999.90 99999.90 99999.90 99999.90
27.20 27.30 26.90 26.31 25.91 25.75 25.91 25.96 25.96 26.25 26.25 26.25 26.26 26.26 26.35 26.35 26.34 26.34 26.34 26.34 26.34 26.19 25.61 25.61 25.24 25.24 25.24 25.24 25.24 25.24 25.24 99999.90 99999.90 99999.90 99999.90 99999.90 99999.90 99999.90 99999.90 99999.90 99999.90 99999.90 99999.90 99999.90 99999.90 99999.90 99999.90 99999.90 99999.90 99999.90 99999.90 99999.90 99999.90 99999.90 99999.90 99999.90 99999.90 99999.90 99999.90 99999.90 99999.90 99999.90 99999.90 99999.90 99999.90 99999.90 99999.90 99999.90 99999.90 99999.90 99999.90 99999.90 99999.90 99999.90 99999.90 99999.90 99999.90
27.31 26.89 26.36 25.89 25.76 26.04 25.91 25.91 25.96 25.96 26.25 26.25 26.25 26.26 26.26 26.35 26.35 26.34 26.34 26.34 26.34 26.34 26.19 25.61 25.61 25.61 25.61 25.61 25.61 99999.90 99999.90 99999.90 99999.90 99999.90 99999.90 99999.90 99999.90 99999.90 99999.90 99999.90 99999.90 99999.90 99999.90 99999.90 99999.90 99999.90 99999.90 99999.90 99999.90 99999.90 99999.90 99999.90 99999.90 99999.90 99999.90 99999.90 99999.90 99999.90 99999.90 99999.90 99999.90 99999.90 99999.90 99999.90 99999.90 99999.90 99999.90 99999.90 99999.90 99999.90 99999.90 99999.90 99999.90 99999.90 99999.90 99999.90 99999.90
27.00 27.09 26.18 26.19 27.06 26.04 26.04 25.91 25.91 25.96 26.25 26.25 26.25 26.25 26.26 26.26 26.35 26.35 26.34 26.34 26.34 26.34 26.34 26.19 26.19 25.74 25.74 99999.90 99999.90 99999.90 99999.90 99999.90 99999.90 99999.90 99999.90 99999.90 99999.90 99999.90 99999.90 99999.90 99999.90 99999.90 99999.90 99999.90 99999.90 99999.90 99999.90 99999.90 99999.90 99999.90 99999.90 99999.90 99999.90 99999.90 99999.90 99999.90 99999.90 99999.90 99999.90 99999.90 99999.90 99999.90 99999.90 99999.90 99999.90 99999.90 99999.90 99999.90 99999.90 99999.90 99999.90 99999.90 99999.90 99999.90 99999.90 99999.90 99999.90
27.40 27.61 27.71 27.92 27.06 27.06 26.04 26.04 25.91 25.91 25.96 26.25 26.25 26.25 26.25 26.26 26.26 26.35 26.34 26.34 26.34 26.34 26.34 26.34 26.19 26.19 99999.90 99999.90 99999.90 99999.90 99999.90 99999.90 99999.90 99999.90 99999.90 99999.90 99999.90 99999.90 99999.90 99999.90 99999.90 99999.90 99999.90 99999.90 99999.90 99999.90 99999.90 99999.90 99999.90 99999.90 99999.90 99999.90 99999.90 99999.90 99999.90 99999.90 99999.90 99999.90 99999.90 99999.90 99999.90 99999.90 99999.90 99999.90 99999.90 99999.90 99999.90 99999.90 99999.90 99999.90 99999.90 99999.90 99999.90 99999.90 99999.90 99999.90 99999.90
27.40 27.61 27.71 27.92 27.92 27.06 27.06 26.04 26.04 25.91 25.91 26.25 26.25 26.25 26.25 26.25 26.26 26.26 26.35 26.34 26.34 26.34 26.34 26.34 26.34 99999.90 99999.90 99999.90 99999.90 99999.90 99999.90 99999.90 99999.90 99999.90 99999.90 99999.90 99999.90 99999.90 99999.90 99999.90 99999.90 99999.90 99999.90 99999.90 99999.90 99999.90 99999.90 99999.90 99999.90 99999.90 99999.90 99999.90 99999.90 99999.90 99999.90 99999.90 99999.90 99999.90 99999.90 99999.90 99999.90 99999.90 99999.90 99999.90 99999.90 99999.90 99999.90 99999.90 99999.90 99999.90 99999.90 99999.90 99999.90 99999.90 99999.90 99999.90 99999.90
27.40 27.61 27.71 27.92 27.92 27.92 27.06 27.06 26.04 26.04 25.91 25.91 26.25 26.25 26.25 26.25 26.25 26.26 26.26 26.35 26.35 26.29 26.29 99999.90 99999.90 99999.90 99999.90 99999.90 99999.90 99999.90 99999.90 99999.90 99999.90 99999.90 99999.90 99999.90 99999.90 99999.90 99999.90 99999.90 99999.90 99999.90 99999.90 99999.90 99999.90 99999.90 99999.90 99999.90 99999.90 99999.90 99999.90 99999.90 99999.90 99999.90 99999.90 99999.90 99999.90 99999.90 99999.90 99999.90 99999.90 99999.90 99999.90 99999.90 99999.90 99999.90 99999.90 99999.90 99999.90 99999.90 99999.90 99999.90 99999.90 99999.90 99999.90 99999.90 99999.90
27.40 27.61 27.71 27.92 27.92 27.92 27.92 27.06 27.06 26.04 26.04 25.91 25.91 26.25 26.25 26.25 26.25 26.25 26.26 26.26 26.35 26.35 99999.90 99999.90 99999.90 99999.90 99999.90 99999.90 99999.90 99999.90 99999.90 99999.90 99999.90 99999.90 99999.90 99999.90 99999.90 99999.90 99999.90 99999.90 99999.90 99999.90 99999.90 99999.90 99999.90 99999.90 99999.90 99999.90 99999.90 99999.90 99999.90 99999.90 99999.90 99999.90 99999.90 99999.90 99999.90 99999.90 99999.90 99999.90 99999.90 99999.90 99999.90 99999.90 99999.90 99999.90 99999.90 99999.90 99999.90 99999.90 99999.90 99999.90 99999.90 99999.90 99999.90 99999.90 99999.90
27.40 27.61 27.71 27.92 27.92 27.92 27.92 27.92 27.06 27.06 26.04 26.04 25.91 26.25 26.25 26.25 26.25 26.25 26.25 26.26 26.26 99999.90 99999.90 99999.90 99999.90 99999.90 99999.90 99999.90 99999.90 99999.90 99999.90 99999.90 99999.90 99999.90 99999.90 99999.90 99999.90 99999.90 99999.90 99999.90 99999.90 99999.90 99999.90 99999.90 99999.90 99999.90 99999.90 99999.90 99999.90 99999.90 99999.90 99999.90 99999.90 99999.90 99999.90 99999.90 99999.90 99999.90 99999.90 99999.90 99999.90 99999.90 99999.90 99999.90 99999.90 99999.90 99999.90 99999.90 99999.90 99999.90 99999.90 99999.90 99999.90 99999.90 99999.90 99999.90 99999.90
27.40 27.61 27.71 27.92 27.92 27.92 27.92 27.92 27.92 27.06 27.06 26.04 26.04 25.91 26.25 26.25 26.25 26.25 26.25 26.25 99999.90 99999.90 99999.90 99999.90 99999.90 99999.90 99999.90 99999.90 99999.90 99999.90 99999.90 99999.90 99999.90 99999.90 99999.90 99999.90 99999.90 99999.90 99999.90 99999.90 99999.90 99999.90 99999.90 99999.90 99999.90 99999.90 99999.90 99999.90 99999.90 99999.90 99999.90 99999.90 99999.90 99999.90 99999.90 99999.90 99999.90 99999.90 99999.90 99999.90 99999.90 99999.90 99999.90 99999.90 99999.90 99999.90 99999.90 99999.90 99999.90 99999.90 99999.90 99999.90 99999.90 99999.90 99999.90 99999.90 99999.90
