main/data/irradiance/27.01.2023.grid
ncols 839
nrows 679
xllcenter 112.0500
yllcenter -43.9500
cellsize 0.0500
nodata_value 99999.90
[rows 136 to 169 of 679, columns 308 to 384 of 839]
17.95 19.46 21.12 25.01 24.05 23.89 24.38 24.93 25.93 24.50 24.63 24.30 22.42 22.80 24.95 23.95 22.60 21.61 20.83 24.36 25.57 26.07 26.23 27.36 26.64 25.25 23.32 23.70 23.50 23.78 24.04 23.14 23.42 23.65 22.69 25.62 25.81 26.33 26.80 25.47 25.18 25.70 25.80 23.88 22.72 23.68 25.20 25.86 27.22 28.27 27.81 26.90 26.97 24.80 24.09 25.06 27.65 27.53 26.86 28.03 28.70 27.94 27.87 28.71 28.64 28.26 28.47 29.06 28.97 29.23 29.11 29.13 28.95 28.53 28.56 29.22 29.03
16.53 19.42 21.17 22.01 23.42 23.07 24.11 23.93 23.17 24.19 24.69 22.71 22.46 25.24 23.84 23.00 22.63 22.66 24.40 25.93 27.02 26.64 26.72 27.60 26.27 24.56 23.67 23.81 24.93 23.91 24.06 22.87 23.50 24.01 25.59 26.53 26.53 26.71 26.54 26.21 26.53 25.47 26.35 26.20 24.99 25.72 26.48 27.08 28.19 28.29 27.67 26.67 26.21 25.11 25.53 26.98 27.34 28.03 27.89 28.26 28.27 27.78 28.67 28.45 27.88 28.05 28.80 28.82 28.85 29.23 29.27 29.24 29.06 28.71 28.27 29.01 29.12
15.50 20.70 19.63 20.85 22.33 22.20 22.87 21.06 21.92 24.30 25.15 24.50 24.28 26.02 25.72 23.62 23.62 24.28 26.13 25.97 25.79 25.45 26.46 27.39 25.51 21.29 23.02 24.50 23.23 23.15 23.20 24.40 23.76 23.43 25.50 26.49 26.74 26.98 26.72 27.26 26.13 25.87 26.48 26.70 25.59 26.46 26.35 27.96 28.50 28.34 27.35 24.92 25.82 27.18 27.52 27.81 27.30 28.42 27.45 27.91 27.60 27.48 28.48 27.83 27.76 28.33 28.85 28.24 28.88 29.05 29.13 29.08 29.07 29.00 28.34 29.10 29.27
17.43 20.89 19.35 20.17 22.03 21.95 22.43 22.58 24.15 25.29 24.43 23.77 25.28 25.51 26.39 25.06 25.17 26.94 26.63 24.48 26.08 24.81 26.21 25.70 25.02 22.60 21.63 23.95 23.76 22.18 24.01 25.36 24.05 22.60 25.30 27.03 26.49 27.16 27.57 27.04 25.47 26.38 27.61 27.02 26.62 26.26 27.26 28.51 28.34 27.56 27.30 24.92 25.22 26.79 27.59 27.51 27.49 27.43 27.48 27.37 27.51 28.26 27.38 27.30 28.47 28.88 28.66 28.12 29.13 29.24 29.20 29.16 29.05 28.92 28.70 29.04 29.23
20.55 20.51 19.70 19.71 22.55 21.89 22.01 23.84 25.41 25.11 23.29 23.00 25.71 26.10 26.39 26.67 27.24 27.30 26.66 24.79 25.62 25.87 25.64 25.25 23.51 23.56 24.21 22.91 22.32 22.06 24.68 23.96 22.29 23.20 25.46 26.16 26.71 27.69 27.69 27.47 25.32 26.94 27.57 26.11 25.53 26.89 28.63 28.61 28.21 26.42 25.92 26.95 26.26 27.35 27.43 27.99 26.90 26.71 27.71 27.57 28.24 27.60 27.85 27.76 28.66 29.01 28.67 28.42 29.20 29.28 29.28 29.23 29.10 28.73 28.90 29.19 29.24
23.89 23.89 20.48 21.78 22.35 23.60 23.96 22.68 25.50 23.08 21.27 24.34 26.28 25.74 25.55 26.23 27.78 27.56 26.72 25.10 26.84 26.16 25.23 24.85 26.00 24.97 23.97 22.90 23.94 23.78 22.97 24.38 22.54 23.83 25.28 26.88 26.64 27.43 28.12 26.99 27.16 26.00 27.70 27.47 25.98 27.69 27.78 26.86 26.43 26.27 26.56 26.96 27.67 27.94 27.73 27.15 27.35 27.06 27.44 28.15 28.15 26.65 26.85 28.73 29.16 29.05 28.29 29.12 29.29 29.25 29.23 29.21 29.05 28.82 29.09 29.16 29.29
25.35 24.04 22.74 20.82 20.91 23.19 24.25 21.33 24.41 23.43 22.83 24.85 27.01 25.79 25.35 26.87 27.32 27.72 26.12 25.08 25.48 24.92 24.69 23.74 24.83 25.54 23.02 23.42 23.71 24.70 24.05 24.21 24.03 23.92 25.53 26.20 26.37 27.52 27.86 27.13 26.46 26.72 28.04 27.46 26.98 27.47 27.26 25.90 25.97 25.41 26.85 27.44 28.35 27.63 27.37 27.71 27.34 27.92 27.62 27.91 28.03 27.60 27.80 29.08 28.95 28.36 28.64 29.16 29.26 29.19 29.24 29.06 29.14 28.95 29.14 29.04 29.31
25.29 24.21 23.01 20.29 18.37 22.66 24.11 22.54 25.04 23.38 23.56 25.05 26.85 25.48 25.15 25.55 26.66 27.64 27.27 25.39 25.07 25.37 23.98 23.86 24.51 24.63 23.22 21.88 21.59 23.41 24.76 24.73 24.83 25.35 24.95 25.10 25.58 27.61 26.22 25.52 24.46 26.17 27.03 25.95 26.59 28.25 27.40 25.61 26.17 26.31 27.31 27.48 27.23 26.28 26.20 27.71 28.27 27.83 28.17 28.63 27.39 27.36 28.46 28.51 28.32 29.13 29.12 29.14 29.17 29.25 29.29 29.01 28.89 29.08 28.95 29.04 29.32
25.25 23.39 24.05 20.79 18.88 23.95 24.95 23.63 24.77 24.51 23.24 24.78 27.35 25.87 24.75 25.53 26.89 26.42 25.77 22.63 24.03 23.81 23.64 22.25 23.79 23.15 22.30 21.87 21.66 22.44 23.58 24.17 25.41 25.98 24.47 24.39 25.73 26.33 24.02 23.87 23.94 26.89 25.25 26.17 27.13 28.33 26.14 25.25 25.86 26.48 27.65 27.19 26.43 26.41 26.18 28.20 28.00 27.99 28.21 27.87 26.98 28.34 28.57 27.99 28.40 28.83 28.71 28.87 28.98 29.21 29.21 29.05 29.03 29.03 28.82 29.24 29.31
24.16 23.03 23.28 22.05 20.06 23.03 22.33 22.72 24.37 23.34 23.34 23.19 26.39 26.84 25.77 27.58 27.63 26.31 25.24 22.02 21.93 21.43 21.94 21.98 20.93 20.28 22.11 23.62 22.81 22.40 22.07 23.17 24.65 25.09 24.99 24.35 25.45 23.96 23.93 21.93 24.28 25.21 27.01 26.62 27.83 28.38 26.20 24.56 25.78 25.98 27.53 25.68 27.02 26.21 27.32 27.88 27.31 27.61 27.68 27.20 27.72 28.51 28.28 28.33 28.33 29.05 28.92 28.89 28.79 29.06 29.25 29.02 29.20 29.15 28.99 29.03 29.32
24.12 23.87 23.76 21.98 21.15 23.77 23.56 23.32 23.32 23.15 23.60 24.63 26.24 26.20 26.96 27.54 27.19 24.23 23.88 23.34 22.15 19.78 18.43 20.77 19.96 20.15 21.37 22.06 22.89 22.45 22.02 23.35 23.62 25.57 25.85 24.53 24.93 23.81 23.64 21.32 22.52 25.46 24.73 26.16 28.18 27.74 26.21 25.22 26.87 26.94 25.94 26.05 26.55 27.00 28.21 27.87 27.76 27.55 27.20 27.04 27.46 27.19 27.13 27.45 27.93 28.83 28.90 28.57 28.49 28.87 29.12 29.12 29.22 29.12 28.84 29.15 29.33
26.28 25.06 23.64 23.28 20.88 24.02 25.61 25.34 23.35 23.50 25.14 24.75 26.13 26.86 26.27 27.10 26.46 24.04 23.90 21.97 20.84 19.33 19.30 19.92 18.98 20.50 20.07 21.23 22.31 23.59 22.57 22.11 21.82 23.22 25.73 23.62 24.37 24.42 22.62 22.90 23.71 24.77 24.92 26.75 27.23 26.61 26.09 26.67 26.41 25.86 26.78 25.84 27.01 27.98 28.53 28.08 28.03 27.30 27.36 27.42 26.50 26.17 26.46 26.99 28.20 28.77 28.56 28.23 28.40 28.99 29.06 29.16 29.23 29.22 28.81 29.16 29.22
26.06 25.84 24.43 23.45 20.30 23.99 25.32 26.16 22.90 22.86 25.43 26.15 26.35 27.59 26.89 27.07 23.97 23.90 23.66 21.91 22.89 17.83 18.16 20.22 20.24 19.78 18.46 20.77 21.75 22.80 21.34 20.22 20.40 21.95 24.28 22.58 21.96 23.33 23.63 22.59 22.45 22.72 25.18 26.37 25.37 25.75 26.91 26.27 25.49 24.24 24.49 26.95 26.95 27.45 28.31 28.07 28.06 26.91 26.59 27.22 26.89 26.75 25.82 27.05 27.72 28.69 28.73 28.45 28.41 29.09 29.12 29.28 29.15 29.01 29.21 29.29 29.27
24.78 25.14 23.58 22.34 21.65 23.77 23.23 23.76 23.19 22.20 23.04 25.17 26.27 25.47 26.80 26.56 23.27 22.51 21.46 21.40 21.70 19.56 18.24 18.03 18.55 17.35 18.79 21.48 22.63 22.29 21.29 21.08 22.64 23.44 23.90 21.29 21.87 22.85 23.38 22.98 22.17 23.10 24.86 24.46 24.07 25.34 26.02 24.65 23.92 24.89 24.86 26.76 27.24 27.54 28.40 28.04 27.84 27.00 27.13 27.11 26.95 26.17 25.22 26.84 28.32 28.07 28.35 27.20 27.87 28.74 29.13 29.20 29.23 29.18 29.38 29.35 29.43
23.97 25.13 25.06 22.51 21.42 23.64 23.06 22.76 24.36 22.01 21.72 24.26 24.43 24.39 25.85 25.37 22.41 20.98 21.71 20.18 22.01 20.15 16.67 15.76 16.81 17.36 19.38 20.66 22.14 23.00 22.79 21.47 23.58 23.35 23.29 20.46 23.20 21.42 21.59 21.63 23.14 23.95 23.94 23.00 24.54 25.98 26.05 23.85 23.04 24.00 26.41 27.40 26.62 26.54 27.18 27.20 27.68 27.10 27.35 27.12 26.82 26.33 25.83 27.53 28.05 27.86 28.23 27.39 28.16 28.91 29.03 29.31 29.30 29.37 29.40 29.45 29.43
23.71 25.60 25.50 21.75 22.42 22.97 23.73 24.24 24.23 22.59 21.75 25.02 24.36 25.55 27.01 25.39 20.97 21.35 21.26 20.76 21.14 18.80 16.66 15.43 16.86 16.80 19.19 20.29 21.59 23.01 21.78 20.18 23.07 22.64 22.06 21.49 22.02 20.39 20.79 21.63 23.25 22.80 21.26 23.03 24.87 26.09 24.27 23.74 24.66 24.96 25.50 25.66 27.25 26.83 27.51 27.58 27.54 26.91 28.09 27.05 26.04 24.31 26.47 28.20 27.74 28.13 28.05 27.15 28.28 28.33 28.94 29.41 29.44 29.41 29.43 29.48 29.47
22.69 25.08 23.87 23.41 23.00 21.96 23.50 25.22 23.95 23.07 23.25 24.05 26.06 26.01 25.17 22.95 22.37 21.01 20.32 20.94 20.13 19.32 16.89 16.49 17.22 16.66 19.82 21.11 23.05 24.10 21.99 20.41 23.07 22.99 23.37 23.24 22.15 20.44 19.58 22.01 23.21 21.96 20.48 23.26 24.34 24.02 23.74 23.85 24.68 26.40 24.76 26.10 27.05 26.07 26.98 27.92 26.97 27.49 27.77 27.07 26.48 25.96 27.91 27.48 27.66 27.23 27.07 27.21 28.30 28.26 29.21 29.42 29.42 29.42 29.42 29.47 29.45
24.76 24.42 24.63 23.30 23.73 24.61 23.76 25.87 23.27 23.52 23.41 24.60 25.50 23.98 24.83 23.20 22.06 22.05 19.89 20.65 19.64 16.91 16.57 17.22 17.45 16.99 19.09 22.00 24.32 24.09 22.90 22.20 22.16 23.08 21.63 22.40 21.91 21.35 19.63 22.71 22.61 21.37 20.26 21.94 23.38 23.55 24.05 23.61 23.85 25.32 25.96 26.54 25.68 25.56 27.41 26.61 27.50 27.55 26.72 26.27 26.73 26.97 27.77 27.00 27.09 27.41 27.38 27.69 28.11 28.25 29.28 29.26 29.41 29.44 29.44 29.47 29.37
25.09 23.61 24.54 21.84 23.72 23.55 22.81 24.64 22.88 22.83 22.60 24.40 24.02 23.07 23.68 23.89 24.65 24.60 21.33 20.82 19.50 15.33 15.23 16.53 17.43 17.59 19.03 22.14 24.30 23.59 24.01 22.68 21.65 22.01 20.48 21.89 19.80 20.71 22.22 22.75 23.84 21.70 21.19 21.50 22.26 22.32 22.96 23.57 24.98 25.92 26.33 25.96 25.50 25.79 27.10 26.53 27.47 27.57 25.64 25.76 26.95 26.94 27.11 26.50 26.98 27.40 27.29 27.06 27.43 27.94 29.18 29.17 29.38 29.42 29.50 29.47 28.93
24.48 22.40 25.13 21.71 22.94 22.30 22.62 24.08 22.06 22.51 23.71 22.59 24.44 23.27 24.38 25.62 25.52 23.75 22.97 22.03 20.96 18.21 17.79 17.84 18.02 18.30 19.69 21.55 22.30 22.96 22.87 22.72 20.32 21.43 21.40 20.64 20.30 21.10 21.39 21.24 21.87 20.96 21.34 21.95 21.69 23.39 21.61 23.97 24.58 25.00 25.30 26.01 24.37 26.47 27.71 27.41 28.12 26.12 25.84 27.33 26.81 26.91 26.77 26.48 26.94 27.59 26.37 27.15 27.86 28.11 29.00 29.24 29.40 29.44 29.46 28.90 28.63
24.98 24.13 23.81 21.61 22.69 21.79 22.42 22.95 23.70 22.74 23.12 23.09 24.04 24.56 24.62 25.49 24.87 22.53 22.20 20.44 20.45 19.66 19.54 18.63 16.82 18.30 20.48 22.05 22.20 22.95 22.42 23.65 21.21 21.09 21.06 18.98 19.29 19.34 18.81 20.89 21.32 22.10 19.91 20.10 23.00 23.79 23.84 24.93 23.67 24.34 24.39 24.49 25.13 26.25 26.27 26.69 25.87 27.29 27.24 26.62 26.95 26.99 26.15 26.50 26.29 26.14 26.45 26.59 28.37 28.02 29.12 29.19 29.27 29.33 29.19 28.63 29.03
25.64 24.53 22.58 21.85 22.43 20.88 22.45 24.02 25.04 22.72 22.26 22.03 24.29 23.59 22.28 22.73 23.20 22.94 21.32 20.09 19.30 18.23 16.69 16.57 16.19 18.44 20.94 22.11 22.27 22.57 21.58 22.28 20.77 21.24 19.15 17.46 16.32 17.65 18.09 19.59 20.11 19.94 20.43 20.07 22.29 24.16 22.19 23.54 23.09 24.38 22.59 24.47 25.55 25.57 26.41 25.73 26.53 26.85 27.07 26.66 26.77 26.82 26.19 26.06 25.67 25.61 24.03 25.92 26.99 27.71 28.70 29.26 29.15 29.16 28.60 28.57 28.75
25.91 24.30 23.11 21.76 21.89 22.20 24.15 25.09 23.59 23.57 21.42 22.50 23.25 24.08 20.95 21.60 23.60 25.20 23.22 20.40 18.48 17.17 16.36 16.35 16.19 19.57 21.94 20.53 21.36 23.16 22.18 21.89 21.16 20.71 19.02 16.78 15.50 17.96 19.01 19.75 19.90 18.59 19.69 20.29 21.39 21.96 23.49 22.81 23.96 24.51 23.51 24.71 25.65 26.24 26.32 26.28 25.71 27.05 27.03 26.87 27.16 26.93 26.44 26.61 25.26 25.72 24.70 25.31 25.64 26.77 28.15 29.16 28.06 28.34 28.22 28.54 28.13
24.00 23.91 23.79 22.99 20.91 21.42 23.62 24.30 22.59 22.19 19.99 21.92 24.51 22.65 21.39 22.69 23.80 25.51 23.12 20.70 20.13 17.87 17.98 18.91 17.30 17.63 20.01 19.03 20.47 22.83 21.68 21.44 21.91 20.42 18.77 15.47 16.02 16.38 19.00 18.80 18.45 17.91 19.27 20.30 20.77 21.55 22.65 22.99 24.67 24.64 23.05 24.59 25.11 25.45 26.52 26.15 26.19 26.89 26.08 26.44 27.13 26.73 26.19 25.82 24.72 25.07 25.09 24.84 25.46 26.49 27.00 27.38 26.47 28.64 28.53 28.38 27.80
24.08 23.32 24.87 23.95 21.46 21.62 23.65 24.20 22.74 21.48 19.65 20.55 23.14 22.12 22.41 21.54 22.62 24.68 22.43 19.85 21.63 20.72 19.92 19.62 18.12 17.73 17.82 19.32 20.80 21.77 18.78 20.21 22.03 20.82 18.63 15.36 16.45 15.87 18.12 18.56 19.42 18.74 20.23 19.70 21.03 21.27 21.67 22.02 22.82 23.73 24.21 25.17 24.92 26.29 26.69 26.36 26.56 26.67 26.36 26.80 26.77 26.71 26.38 24.85 24.31 24.87 24.27 23.50 24.22 25.51 26.75 26.52 27.48 28.37 28.86 28.79 28.55
23.22 23.89 23.56 22.10 21.85 23.71 24.28 24.65 21.72 20.98 21.85 22.09 23.49 23.14 22.10 23.06 21.51 21.68 20.09 19.53 20.96 20.64 20.57 18.79 17.41 15.89 16.86 19.59 20.92 20.93 16.26 19.59 20.54 19.50 16.59 16.58 17.98 18.74 18.30 20.72 20.46 20.59 20.97 19.94 21.55 21.35 20.71 21.36 21.19 22.75 24.17 25.13 24.79 25.82 26.75 27.06 27.01 26.15 26.27 26.36 27.17 26.57 27.04 25.03 24.86 23.78 24.13 22.97 24.10 24.01 25.18 27.86 28.35 28.86 28.48 28.73 29.13
24.49 23.63 21.98 22.73 22.44 21.70 23.15 22.58 21.37 21.30 22.19 22.03 22.19 21.77 21.18 22.85 21.73 19.57 18.32 18.34 19.88 19.70 20.57 18.18 17.50 17.16 17.70 19.67 19.87 19.55 19.46 19.80 19.32 18.01 15.02 14.44 16.94 17.99 19.11 20.62 20.50 19.89 19.48 19.97 21.83 22.61 20.98 21.28 22.07 22.97 25.26 26.01 25.83 26.34 27.16 27.28 28.00 26.98 26.35 27.27 26.92 26.68 26.50 25.33 22.96 21.97 22.59 22.41 23.13 23.88 25.87 27.63 27.94 28.09 26.97 28.83 28.65
23.59 22.17 24.33 24.39 24.34 24.06 23.68 21.92 20.70 21.18 21.09 21.41 19.76 19.12 19.88 22.85 21.94 20.67 18.64 16.15 18.70 19.16 17.47 16.66 16.16 17.30 19.14 19.61 18.90 17.78 18.94 19.93 17.77 16.09 14.21 14.29 16.08 16.16 18.04 19.61 18.37 19.28 19.55 20.14 21.73 22.13 21.64 19.76 21.38 22.81 24.46 25.55 25.06 26.77 26.83 27.31 27.79 27.50 25.90 25.99 25.58 25.25 25.72 26.11 22.40 21.94 23.05 22.56 23.49 24.77 25.96 27.36 27.70 28.28 26.70 27.81 28.99
25.01 23.72 25.31 25.47 23.82 24.53 23.92 21.66 21.28 22.21 22.53 21.47 19.97 20.22 21.75 22.83 21.86 21.06 19.50 16.53 17.62 19.33 19.11 16.45 16.55 16.50 17.12 19.52 18.67 17.70 17.73 17.99 15.16 16.06 14.66 15.88 16.30 16.06 16.86 18.35 18.64 19.25 19.57 21.18 21.74 20.86 21.21 20.50 22.18 22.93 23.46 23.90 24.24 26.14 26.40 27.37 27.85 27.16 26.06 26.48 25.64 25.30 25.19 24.55 24.46 23.42 23.05 23.12 23.17 25.41 26.47 26.53 27.72 27.24 27.20 28.43 29.19
26.41 24.83 24.87 25.54 24.34 22.27 21.48 21.48 21.70 20.88 22.11 22.88 22.38 21.48 21.84 22.05 20.61 21.46 19.31 17.28 17.53 20.39 20.56 17.32 16.52 16.21 17.60 18.83 18.87 17.19 17.41 16.55 14.84 16.56 14.83 14.23 16.08 15.54 17.55 18.38 18.30 20.00 21.82 21.21 21.23 21.45 21.30 20.94 21.67 22.16 22.97 23.54 24.96 26.17 26.50 26.67 26.95 26.86 27.94 26.95 25.51 24.70 24.10 22.45 22.60 22.03 21.03 21.82 25.33 24.22 25.49 26.42 27.25 26.68 27.32 28.61 28.85
26.44 26.63 25.67 23.88 24.62 22.34 20.83 22.24 21.54 20.24 21.84 21.93 20.68 21.25 21.24 21.16 20.11 22.06 19.92 17.37 19.14 21.81 20.11 20.39 16.70 16.79 17.71 17.20 17.74 17.91 16.51 14.59 14.24 15.43 15.54 14.33 16.20 16.42 18.18 18.71 19.62 20.84 21.52 21.50 20.43 21.36 19.73 20.52 21.97 23.19 24.34 25.13 25.68 25.56 26.02 26.44 26.08 26.11 27.70 26.86 25.64 24.00 23.79 20.09 21.64 21.95 22.65 20.53 22.68 25.11 26.06 27.09 26.72 26.45 27.22 28.49 29.12
25.75 25.59 24.73 23.53 24.32 22.33 23.07 21.94 21.96 21.37 20.30 18.82 20.83 21.22 20.24 19.49 20.30 21.30 19.88 18.11 19.42 21.46 20.75 21.02 17.08 17.46 16.52 15.99 16.25 16.32 15.96 15.38 14.59 14.53 13.69 13.35 14.35 16.70 18.02 19.52 21.44 22.53 21.14 20.52 19.45 20.31 19.78 19.61 20.97 22.82 24.08 24.27 24.73 25.17 26.21 26.20 24.80 26.06 24.81 26.59 24.02 23.00 24.15 21.34 20.70 23.31 22.94 21.53 23.03 25.33 26.18 26.87 26.37 26.89 27.07 28.51 29.14
26.05 25.10 25.76 23.49 24.16 23.64 23.23 23.10 21.72 20.62 20.40 20.87 21.21 19.27 20.64 21.56 21.44 20.34 19.53 20.14 19.72 21.52 22.10 20.91 17.80 17.22 17.25 17.05 16.39 18.07 16.43 16.01 15.88 13.75 13.45 13.60 14.02 15.68 18.13 19.93 22.42 21.89 20.45 18.93 20.83 22.10 22.59 22.39 22.54 22.46 23.45 22.79 24.18 24.67 25.98 26.34 25.28 25.26 23.08 24.78 24.70 21.99 24.66 23.41 22.29 21.83 22.15 22.70 23.60 25.18 26.60 27.48 27.98 26.66 27.12 28.60 29.01
26.04 24.14 25.37 24.36 24.55 24.94 22.88 22.70 22.82 22.02 22.19 23.04 21.20 19.47 21.04 22.41 20.90 19.84 19.16 20.91 20.11 19.03 19.25 19.60 19.41 20.41 18.52 18.06 17.22 16.84 15.54 15.27 16.61 14.20 12.81 12.45 12.77 15.10 17.67 19.72 20.23 20.32 18.32 19.72 22.40 21.74 23.56 22.17 21.89 22.33 22.98 22.05 23.35 24.12 25.31 26.43 26.40 24.87 22.63 24.19 24.46 23.04 23.21 22.51 21.60 23.07 21.56 22.74 24.05 23.74 25.73 27.98 28.08 27.47 28.02 28.48 28.64
