main/data/irradiance/27.10.2023.grid
ncols 839
nrows 679
xllcenter 112.0500
yllcenter -43.9500
cellsize 0.0500
nodata_value 99999.90
[rows 68 to 101 of 679, columns 616 to 692 of 839]
27.61 27.61 27.65 27.58 27.19 27.08 27.25 27.33 27.33 27.27 27.55 27.44 27.61 27.19 26.88 26.88 26.88 26.88 26.88 26.88 26.88 26.88 26.88 26.88 26.88 99999.90 99999.90 99999.90 99999.90 99999.90 99999.90 99999.90 99999.90 99999.90 99999.90 99999.90 99999.90 99999.90 99999.90 99999.90 99999.90 99999.90 99999.90 99999.90 99999.90 99999.90 99999.90 99999.90 99999.90 99999.90 99999.90 99999.90 99999.90 99999.90 99999.90 99999.90 99999.90 99999.90 99999.90 99999.90 99999.90 99999.90 99999.90 99999.90 99999.90 99999.90 99999.90 99999.90 99999.90 99999.90 99999.90 99999.90 99999.90 99999.90 99999.90 99999.90 99999.90
27.57 27.58 27.65 27.67 27.37 27.08 27.19 27.24 26.99 27.27 27.03 27.41 27.74 26.74 26.75 26.75 26.75 26.75 26.75 26.75 26.75 26.75 26.75 26.75 26.75 27.04 99999.90 99999.90 99999.90 99999.90 99999.90 99999.90 99999.90 99999.90 99999.90 99999.90 99999.90 99999.90 99999.90 99999.90 99999.90 99999.90 99999.90 99999.90 99999.90 99999.90 99999.90 99999.90 99999.90 99999.90 99999.90 99999.90 99999.90 99999.90 99999.90 99999.90 99999.90 99999.90 99999.90 99999.90 99999.90 99999.90 99999.90 99999.90 99999.90 99999.90 99999.90 99999.90 99999.90 99999.90 99999.90 99999.90 99999.90 99999.90 99999.90 99999.90 99999.90
27.45 27.57 27.61 27.55 27.52 27.36 27.37 27.29 27.15 27.16 27.52 27.43 27.11 26.60 26.96 26.96 26.96 26.96 26.96 26.96 26.96 26.96 26.96 26.96 26.96 27.04 27.17 99999.90 99999.90 99999.90 99999.90 99999.90 99999.90 99999.90 99999.90 99999.90 99999.90 99999.90 99999.90 99999.90 99999.90 99999.90 99999.90 99999.90 99999.90 99999.90 99999.90 99999.90 99999.90 99999.90 99999.90 99999.90 99999.90 99999.90 99999.90 99999.90 99999.90 99999.90 99999.90 99999.90 99999.90 99999.90 99999.90 99999.90 99999.90 99999.90 99999.90 99999.90 99999.90 99999.90 99999.90 99999.90 99999.90 99999.90 99999.90 99999.90 99999.90
27.48 27.49 27.55 27.61 27.59 27.50 27.50 27.43 27.25 27.38 27.49 27.23 27.31 26.58 26.96 26.96 26.96 26.96 26.96 26.96 26.96 26.96 26.96 26.96 26.96 27.17 27.17 99999.90 99999.90 99999.90 99999.90 99999.90 99999.90 99999.90 99999.90 99999.90 99999.90 99999.90 99999.90 99999.90 99999.90 99999.90 99999.90 99999.90 99999.90 99999.90 99999.90 99999.90 99999.90 99999.90 99999.90 99999.90 99999.90 99999.90 99999.90 99999.90 99999.90 99999.90 99999.90 99999.90 99999.90 99999.90 99999.90 99999.90 99999.90 99999.90 99999.90 99999.90 99999.90 99999.90 99999.90 99999.90 99999.90 99999.90 99999.90 99999.90 99999.90
27.55 27.52 27.50 27.53 27.50 27.55 27.39 27.38 27.21 27.08 27.19 27.36 26.77 26.95 26.95 26.95 26.96 26.96 26.96 26.96 26.96 26.96 26.96 26.96 26.96 27.17 27.17 99999.90 99999.90 99999.90 99999.90 99999.90 99999.90 99999.90 99999.90 99999.90 99999.90 99999.90 99999.90 99999.90 99999.90 99999.90 99999.90 99999.90 99999.90 99999.90 99999.90 99999.90 99999.90 99999.90 99999.90 99999.90 99999.90 99999.90 99999.90 99999.90 99999.90 99999.90 99999.90 99999.90 99999.90 99999.90 99999.90 99999.90 99999.90 99999.90 99999.90 99999.90 99999.90 99999.90 99999.90 99999.90 99999.90 99999.90 99999.90 99999.90 99999.90
27.52 27.55 27.54 27.47 27.46 27.51 27.46 27.38 27.32 27.40 27.26 26.95 27.07 27.00 27.00 27.00 27.00 27.00 26.96 26.96 26.96 26.96 26.96 26.96 26.96 27.17 27.17 26.39 26.39 26.39 26.39 26.39 26.39 26.39 26.39 26.39 26.39 26.39 26.39 26.39 26.39 26.39 26.39 26.39 99999.90 99999.90 99999.90 99999.90 99999.90 99999.90 99999.90 99999.90 99999.90 99999.90 99999.90 99999.90 99999.90 99999.90 99999.90 99999.90 99999.90 99999.90 99999.90 99999.90 99999.90 99999.90 99999.90 99999.90 99999.90 99999.90 99999.90 99999.90 99999.90 99999.90 99999.90 99999.90 99999.90
27.45 27.51 27.47 27.43 27.50 27.52 27.36 27.46 27.45 27.64 27.31 25.60 26.32 27.67 27.67 27.67 27.67 27.67 27.67 27.17 27.17 27.17 27.17 27.17 27.17 27.17 26.39 26.39 26.39 26.39 26.39 26.39 26.39 26.39 26.39 26.39 26.39 26.39 26.39 26.39 26.39 26.39 26.39 26.39 99999.90 99999.90 99999.90 99999.90 99999.90 99999.90 99999.90 99999.90 99999.90 99999.90 99999.90 99999.90 99999.90 99999.90 99999.90 99999.90 99999.90 99999.90 99999.90 99999.90 99999.90 99999.90 99999.90 99999.90 99999.90 99999.90 99999.90 99999.90 99999.90 99999.90 99999.90 99999.90 99999.90
27.36 27.43 27.45 27.40 27.51 27.39 27.34 27.49 27.51 27.87 27.24 25.62 26.01 27.47 27.47 27.47 27.17 27.17 27.17 27.17 27.17 27.17 27.17 27.17 27.17 26.33 26.33 26.39 26.39 26.39 26.39 26.39 26.39 26.39 26.39 26.39 26.39 26.39 26.39 26.39 26.39 26.39 26.39 26.39 26.56 99999.90 99999.90 99999.90 99999.90 99999.90 99999.90 99999.90 99999.90 99999.90 99999.90 99999.90 99999.90 99999.90 99999.90 99999.90 99999.90 99999.90 99999.90 99999.90 99999.90 99999.90 99999.90 99999.90 99999.90 99999.90 99999.90 99999.90 99999.90 99999.90 99999.90 99999.90 99999.90
27.37 27.42 27.42 27.45 27.42 27.26 27.32 27.36 27.46 27.88 27.07 26.36 25.90 26.70 26.70 27.17 27.17 27.17 27.17 27.04 27.17 27.17 27.17 27.17 27.17 26.33 26.33 26.33 26.39 26.39 26.39 26.39 26.39 26.39 26.39 26.39 26.39 26.39 26.39 26.39 26.39 26.39 26.39 26.39 26.56 99999.90 99999.90 99999.90 99999.90 99999.90 99999.90 99999.90 99999.90 99999.90 99999.90 99999.90 99999.90 99999.90 99999.90 99999.90 99999.90 99999.90 99999.90 99999.90 99999.90 99999.90 99999.90 99999.90 99999.90 99999.90 99999.90 99999.90 99999.90 99999.90 99999.90 99999.90 99999.90
27.32 27.39 27.34 27.30 27.31 27.29 27.47 27.39 27.42 27.67 26.85 26.82 26.62 25.80 27.17 27.17 27.17 27.04 27.04 27.17 27.17 27.17 27.17 27.17 27.17 26.33 26.33 26.33 26.39 26.39 26.39 26.39 26.39 26.39 26.39 26.39 26.39 26.39 26.39 26.39 26.39 26.39 26.39 26.39 26.56 26.68 99999.90 99999.90 99999.90 99999.90 99999.90 99999.90 99999.90 99999.90 99999.90 99999.90 99999.90 99999.90 99999.90 99999.90 99999.90 99999.90 99999.90 99999.90 99999.90 99999.90 99999.90 99999.90 99999.90 99999.90 99999.90 99999.90 99999.90 99999.90 99999.90 99999.90 99999.90
27.41 27.39 27.29 27.31 27.25 27.35 27.29 27.32 27.32 27.59 27.35 27.31 26.98 26.83 26.78 26.78 27.04 27.04 27.17 27.17 27.17 27.17 27.17 27.17 26.33 26.33 26.33 26.33 26.39 26.39 26.39 26.39 26.39 26.39 26.39 26.39 26.39 26.39 26.39 26.39 26.39 26.39 26.39 26.39 26.56 26.68 99999.90 99999.90 99999.90 99999.90 99999.90 99999.90 99999.90 99999.90 99999.90 99999.90 99999.90 99999.90 99999.90 99999.90 99999.90 99999.90 99999.90 99999.90 99999.90 99999.90 99999.90 99999.90 99999.90 99999.90 99999.90 99999.90 99999.90 99999.90 99999.90 99999.90 99999.90
27.51 27.43 27.30 27.28 27.34 27.36 27.42 27.42 27.36 27.25 27.47 27.48 27.29 27.13 27.09 27.04 27.04 27.17 27.17 27.17 27.17 27.17 27.17 27.17 26.33 26.33 26.33 26.33 26.33 26.39 26.39 26.39 26.39 26.39 26.39 26.39 26.39 26.39 26.39 26.39 26.39 26.39 26.39 26.39 26.56 26.68 99999.90 99999.90 99999.90 99999.90 99999.90 99999.90 99999.90 99999.90 99999.90 99999.90 99999.90 99999.90 99999.90 99999.90 99999.90 99999.90 99999.90 99999.90 99999.90 99999.90 99999.90 99999.90 99999.90 99999.90 99999.90 99999.90 99999.90 99999.90 99999.90 99999.90 99999.90
27.40 27.45 27.37 27.40 27.42 27.42 27.33 27.30 27.49 27.34 27.26 27.38 27.59 27.55 27.37 27.11 27.17 27.17 27.17 27.17 27.17 27.17 27.17 26.33 26.33 26.33 26.33 26.33 26.33 26.39 26.39 26.39 26.39 26.39 26.39 26.39 26.39 26.39 26.39 26.39 26.39 26.39 26.56 26.56 26.56 26.68 99999.90 99999.90 99999.90 99999.90 99999.90 99999.90 99999.90 99999.90 99999.90 99999.90 99999.90 99999.90 99999.90 99999.90 99999.90 99999.90 99999.90 99999.90 99999.90 99999.90 99999.90 99999.90 99999.90 99999.90 99999.90 99999.90 99999.90 99999.90 99999.90 99999.90 99999.90
27.49 27.53 27.43 27.45 27.50 27.51 27.29 27.38 27.31 27.42 27.00 27.33 27.57 27.62 27.45 27.05 27.26 27.26 27.26 27.26 27.26 27.26 27.26 26.33 26.33 26.33 26.33 26.33 26.33 26.39 26.39 26.39 26.39 26.39 26.39 26.39 26.39 26.39 26.39 26.39 26.56 26.56 26.56 26.56 26.56 26.68 26.10 26.10 26.10 99999.90 99999.90 99999.90 99999.90 99999.90 99999.90 99999.90 99999.90 99999.90 99999.90 99999.90 99999.90 99999.90 99999.90 99999.90 99999.90 99999.90 99999.90 99999.90 99999.90 99999.90 99999.90 99999.90 99999.90 99999.90 99999.90 99999.90 99999.90
27.45 27.43 27.52 27.43 27.53 27.49 27.45 27.48 27.59 27.36 27.41 27.45 27.62 27.68 27.59 27.46 27.34 27.34 27.34 27.34 27.34 27.34 27.43 26.33 26.33 26.33 26.33 26.33 26.33 26.33 26.39 26.39 26.39 26.39 26.39 26.39 26.39 26.39 26.56 26.56 26.56 26.56 26.56 26.68 26.68 26.68 26.92 26.92 26.92 26.92 26.92 99999.90 99999.90 99999.90 99999.90 99999.90 99999.90 99999.90 99999.90 99999.90 99999.90 99999.90 99999.90 99999.90 99999.90 99999.90 99999.90 99999.90 99999.90 99999.90 99999.90 99999.90 99999.90 99999.90 99999.90 99999.90 99999.90
27.47 27.54 27.49 27.45 27.54 27.57 27.58 27.52 27.61 27.66 27.54 27.58 27.63 27.63 27.54 27.42 27.52 27.52 27.52 27.43 27.43 27.43 27.43 26.33 26.33 26.33 26.33 26.33 26.33 26.33 26.29 26.39 26.39 26.39 26.39 26.39 26.56 26.56 26.56 26.56 26.56 26.68 26.68 26.68 26.68 26.92 26.92 26.92 26.92 26.92 26.92 27.25 99999.90 99999.90 99999.90 99999.90 99999.90 99999.90 99999.90 99999.90 99999.90 99999.90 99999.90 99999.90 99999.90 99999.90 99999.90 99999.90 99999.90 99999.90 99999.90 99999.90 99999.90 99999.90 99999.90 99999.90 99999.90
27.54 27.54 27.33 27.57 27.53 27.57 27.57 27.62 27.59 27.65 27.51 27.60 27.56 27.60 27.60 27.68 27.49 27.49 27.43 27.43 27.43 27.43 27.64 26.33 26.33 26.33 26.33 26.33 26.33 26.77 26.29 26.29 26.09 26.09 26.09 26.56 26.56 26.56 26.56 26.68 26.68 26.68 26.68 26.68 26.92 26.92 26.92 26.92 26.92 26.92 27.25 27.25 99999.90 99999.90 99999.90 99999.90 99999.90 99999.90 99999.90 99999.90 99999.90 99999.90 99999.90 99999.90 99999.90 99999.90 99999.90 99999.90 99999.90 99999.90 99999.90 99999.90 99999.90 99999.90 99999.90 99999.90 99999.90
27.49 27.53 27.42 27.55 27.61 27.61 27.59 27.62 27.60 27.61 27.40 27.59 27.65 27.69 27.72 27.67 27.62 27.43 27.43 27.43 27.64 27.64 27.64 26.33 26.33 26.33 26.33 26.33 26.33 26.77 26.29 26.29 26.14 25.17 26.56 26.56 26.56 26.68 26.68 26.68 26.68 26.68 26.10 26.92 26.92 26.92 26.92 26.92 26.92 27.25 27.25 27.25 25.41 99999.90 99999.90 99999.90 99999.90 99999.90 99999.90 99999.90 99999.90 99999.90 99999.90 99999.90 99999.90 99999.90 99999.90 99999.90 99999.90 99999.90 99999.90 99999.90 99999.90 99999.90 99999.90 99999.90 99999.90
27.54 27.53 27.48 27.47 27.58 27.60 27.60 27.61 27.60 27.51 27.59 27.61 27.59 27.63 27.64 27.73 27.62 27.57 27.57 27.64 27.64 27.64 27.61 27.48 27.55 26.78 26.78 26.78 26.80 26.77 27.09 26.08 26.15 25.65 26.43 26.43 26.68 26.68 26.68 26.68 26.68 26.10 26.92 26.92 26.92 26.92 26.92 26.92 27.25 27.25 25.12 25.12 25.12 25.12 25.12 25.12 99999.90 99999.90 99999.90 99999.90 99999.90 99999.90 99999.90 99999.90 99999.90 99999.90 99999.90 99999.90 99999.90 99999.90 99999.90 99999.90 99999.90 99999.90 99999.90 99999.90 99999.90
27.50 27.53 27.49 27.58 27.58 27.61 27.58 27.53 27.55 27.51 27.62 27.78 27.65 27.62 27.62 27.74 27.65 27.59 27.64 27.64 27.64 27.61 27.61 27.48 27.48 27.55 27.10 27.10 27.00 26.78 26.92 26.45 26.08 26.45 26.68 26.68 26.68 26.68 26.68 26.68 26.10 26.10 26.92 26.92 26.92 26.92 26.92 27.25 27.25 25.12 25.12 25.12 25.12 25.12 25.12 25.12 25.66 99999.90 99999.90 99999.90 99999.90 99999.90 99999.90 99999.90 99999.90 99999.90 99999.90 99999.90 99999.90 99999.90 99999.90 99999.90 99999.90 99999.90 99999.90 99999.90 99999.90
27.36 27.45 27.45 27.63 27.53 27.62 27.53 27.57 27.56 27.58 27.56 27.64 27.66 27.62 27.64 27.67 27.69 27.70 27.48 27.48 27.61 27.61 27.97 27.48 27.48 27.55 27.55 27.25 27.21 27.04 27.08 26.61 25.66 25.58 26.55 26.68 26.68 26.68 26.10 26.10 26.10 26.92 26.92 26.92 26.92 26.92 27.25 27.25 25.12 25.12 25.12 25.12 25.12 25.12 25.12 25.66 25.66 25.40 99999.90 99999.90 99999.90 99999.90 99999.90 99999.90 99999.90 99999.90 99999.90 99999.90 99999.90 99999.90 99999.90 99999.90 99999.90 99999.90 99999.90 99999.90 99999.90
27.31 27.38 27.49 27.44 27.64 27.55 27.57 27.58 27.55 27.48 27.43 27.55 27.53 27.54 27.57 27.66 27.77 27.58 27.52 27.51 27.61 27.61 27.97 27.48 27.48 27.41 26.77 27.50 27.53 27.35 27.42 26.68 26.00 25.44 25.54 26.04 26.04 26.04 26.10 26.10 26.10 26.92 26.92 26.92 26.92 27.25 27.25 27.25 25.12 25.12 25.12 25.12 25.12 25.12 25.66 25.66 25.40 25.40 24.95 99999.90 99999.90 99999.90 99999.90 99999.90 99999.90 99999.90 99999.90 99999.90 99999.90 99999.90 99999.90 99999.90 99999.90 99999.90 99999.90 99999.90 99999.90
27.33 27.32 27.44 27.42 27.46 27.55 27.58 27.52 27.54 27.48 27.50 27.57 27.50 27.47 27.59 27.73 27.73 27.68 27.47 27.45 27.74 28.10 27.97 27.82 27.84 27.72 26.96 27.17 27.44 27.47 27.35 26.96 26.51 26.32 26.15 25.39 25.39 26.29 26.10 26.10 26.92 26.92 26.92 26.92 27.25 27.25 27.25 25.12 25.12 25.12 25.12 25.12 25.12 25.66 25.66 25.40 25.40 24.95 24.95 99999.90 99999.90 99999.90 99999.90 99999.90 99999.90 99999.90 99999.90 99999.90 99999.90 99999.90 99999.90 99999.90 99999.90 99999.90 99999.90 99999.90 99999.90
27.36 27.37 27.44 27.55 27.40 27.41 27.44 27.53 27.44 27.49 27.50 27.47 27.48 27.54 27.67 27.62 27.72 27.57 27.49 27.54 27.54 27.78 27.85 27.80 27.80 27.72 27.56 26.63 27.28 27.34 27.36 27.17 26.88 26.99 26.47 25.41 26.43 26.29 26.10 26.10 26.92 26.92 26.92 27.25 27.25 27.25 25.12 25.12 25.12 25.12 25.12 25.12 25.66 25.66 25.40 25.40 24.95 24.95 24.95 99999.90 99999.90 99999.90 99999.90 99999.90 99999.90 99999.90 99999.90 99999.90 99999.90 99999.90 99999.90 99999.90 99999.90 99999.90 99999.90 99999.90 99999.90
27.27 27.33 27.41 27.49 27.41 27.37 27.42 27.39 27.43 27.53 27.52 27.48 27.38 27.58 27.69 27.63 27.69 27.66 27.55 27.48 27.60 27.50 27.56 27.83 27.66 27.61 27.47 26.72 27.30 27.42 27.49 27.28 27.10 27.02 26.90 26.03 26.78 26.58 25.90 25.82 26.92 26.92 27.25 27.25 27.25 25.12 25.12 25.12 25.12 25.12 25.12 25.66 25.66 25.40 25.40 24.95 24.95 24.95 24.95 99999.90 99999.90 99999.90 99999.90 99999.90 99999.90 99999.90 99999.90 99999.90 99999.90 99999.90 99999.90 99999.90 99999.90 99999.90 99999.90 99999.90 99999.90
27.31 27.34 27.41 27.42 27.44 27.32 27.44 27.42 27.36 27.40 27.51 27.33 27.44 27.53 27.62 27.57 27.71 27.62 27.53 27.46 27.65 27.56 27.40 27.57 27.57 27.79 27.29 27.33 27.52 27.39 27.54 27.24 27.20 27.23 27.30 26.97 26.90 26.77 26.32 26.53 25.86 27.25 27.25 27.25 25.41 25.12 25.12 25.12 25.12 25.12 25.66 25.66 25.40 25.40 24.95 24.95 24.95 24.95 24.95 99999.90 99999.90 99999.90 99999.90 99999.90 99999.90 99999.90 99999.90 99999.90 99999.90 99999.90 99999.90 99999.90 99999.90 99999.90 99999.90 99999.90 99999.90
27.43 27.45 27.39 27.30 27.30 27.37 27.47 27.43 27.33 27.41 27.29 27.30 27.47 27.57 27.63 27.62 27.57 27.58 27.59 27.59 27.64 27.65 27.57 27.50 27.57 27.78 27.44 27.70 27.54 27.46 27.52 27.56 27.49 27.45 27.28 27.13 26.85 26.71 26.25 26.02 25.35 25.63 25.63 25.41 25.06 25.12 25.12 25.12 25.12 25.66 25.66 25.40 25.40 24.95 24.95 24.95 24.95 24.95 24.95 99999.90 99999.90 99999.90 99999.90 99999.90 99999.90 99999.90 99999.90 99999.90 99999.90 99999.90 99999.90 99999.90 99999.90 99999.90 99999.90 99999.90 99999.90
27.46 27.47 27.30 27.38 27.41 27.43 27.45 27.40 27.34 27.37 27.41 27.44 27.56 27.59 27.67 27.57 27.69 27.62 27.69 27.61 27.65 27.69 27.50 27.50 27.58 27.69 27.43 27.60 27.59 27.45 27.33 27.31 27.35 27.55 27.16 27.01 26.84 26.95 26.71 26.24 26.22 25.10 25.41 25.41 25.06 25.12 25.12 25.12 25.66 25.66 25.40 25.40 24.95 24.95 24.95 24.95 24.95 24.95 24.95 99999.90 99999.90 99999.90 99999.90 99999.90 99999.90 99999.90 99999.90 99999.90 99999.90 99999.90 99999.90 99999.90 99999.90 99999.90 99999.90 99999.90 99999.90
27.45 27.53 27.37 27.37 27.33 27.33 27.38 27.38 27.40 27.40 27.50 27.50 27.64 27.56 27.60 27.53 27.67 27.75 27.66 27.57 27.56 27.49 27.57 27.60 27.69 27.82 27.50 27.61 27.61 27.51 27.52 27.38 27.22 27.52 27.17 27.06 27.03 26.98 27.04 27.02 26.35 25.57 25.27 25.55 25.06 25.12 25.12 25.66 25.66 25.40 25.40 24.95 24.95 24.95 24.95 24.95 24.95 24.95 24.95 99999.90 99999.90 99999.90 99999.90 99999.90 99999.90 99999.90 99999.90 99999.90 99999.90 99999.90 99999.90 99999.90 99999.90 99999.90 99999.90 99999.90 99999.90
27.35 27.40 27.33 27.31 27.28 27.35 27.33 27.38 27.44 27.43 27.58 27.49 27.60 27.70 27.57 27.47 27.64 27.77 27.81 27.62 27.58 27.61 27.68 27.67 27.69 27.71 27.84 27.63 27.60 27.58 27.64 27.44 27.32 27.46 27.39 26.91 27.16 26.84 27.03 26.93 26.56 25.81 25.67 25.43 25.32 24.89 25.66 25.66 25.40 25.40 24.95 24.95 24.95 24.95 24.95 24.95 24.95 24.95 24.95 99999.90 99999.90 99999.90 99999.90 99999.90 99999.90 99999.90 99999.90 99999.90 99999.90 99999.90 99999.90 99999.90 99999.90 99999.90 99999.90 99999.90 99999.90
27.35 27.33 27.39 27.32 27.38 27.43 27.37 27.27 27.34 27.42 27.55 27.46 27.58 27.58 27.45 27.49 27.57 27.65 27.59 27.57 27.53 27.67 27.68 27.64 27.60 27.60 27.73 27.63 27.76 27.70 27.68 27.60 27.47 27.39 27.36 27.35 27.23 27.21 27.06 27.07 26.72 26.23 25.62 24.87 24.20 24.78 24.98 25.40 25.40 24.95 24.95 24.95 24.95 24.95 24.95 24.95 24.95 24.95 24.95 99999.90 99999.90 99999.90 99999.90 99999.90 99999.90 99999.90 99999.90 99999.90 99999.90 99999.90 99999.90 99999.90 99999.90 99999.90 99999.90 99999.90 99999.90
27.42 27.46 27.43 27.37 27.41 27.42 27.42 27.37 27.38 27.50 27.50 27.50 27.52 27.57 27.43 27.50 27.59 27.59 27.70 27.65 27.64 27.65 27.65 27.70 27.65 27.67 27.62 27.70 27.66 27.70 27.68 27.75 27.64 27.61 27.62 27.55 27.22 27.34 26.93 26.96 27.03 26.08 25.63 25.19 24.51 24.87 25.20 24.97 24.95 24.95 24.95 24.95 24.95 24.95 24.95 24.95 24.95 24.95 24.95 99999.90 99999.90 99999.90 99999.90 99999.90 99999.90 99999.90 99999.90 99999.90 99999.90 99999.90 99999.90 99999.90 99999.90 99999.90 99999.90 99999.90 99999.90
27.40 27.45 27.57 27.51 27.52 27.39 27.42 27.37 27.31 27.39 27.40 27.40 27.49 27.57 27.55 27.52 27.55 27.67 27.62 27.56 27.64 27.65 27.57 27.68 27.74 27.68 27.59 27.65 27.65 27.69 27.66 27.72 27.69 27.69 27.65 27.67 27.49 27.07 27.02 26.96 26.91 26.20 25.78 25.24 25.67 25.48 25.47 24.91 24.76 24.76 24.76 24.76 24.76 24.76 24.76 24.76 24.76 24.76 24.76 99999.90 99999.90 99999.90 99999.90 99999.90 99999.90 99999.90 99999.90 99999.90 99999.90 99999.90 99999.90 99999.90 99999.90 99999.90 99999.90 99999.90 99999.90
27.33 27.36 27.42 27.40 27.36 27.36 27.45 27.43 27.41 27.44 27.45 27.43 27.43 27.47 27.50 27.58 27.54 27.58 27.62 27.58 27.64 27.65 27.56 27.64 27.79 27.67 27.58 27.61 27.53 27.55 27.65 27.63 27.60 27.65 27.70 27.65 27.58 27.20 27.32 27.18 26.86 26.65 26.10 25.68 25.27 25.71 25.97 25.35 24.76 24.76 24.76 24.76 24.76 24.76 24.76 24.76 24.76 24.76 24.76 99999.90 99999.90 99999.90 99999.90 99999.90 99999.90 99999.90 99999.90 99999.90 99999.90 99999.90 99999.90 99999.90 99999.90 99999.90 99999.90 99999.90 99999.90
