main/data/irradiance/27.10.2023.grid
ncols 839
nrows 679
xllcenter 112.0500
yllcenter -43.9500
cellsize 0.0500
nodata_value 99999.90
[rows 306 to 339 of 679, columns 462 to 538 of 839]
27.27 27.38 27.66 27.51 27.45 27.54 27.54 27.66 27.61 27.46 27.55 27.46 27.49 27.54 27.59 27.53 27.58 27.67 27.68 27.75 27.76 27.84 27.86 27.85 27.84 27.85 27.82 27.77 27.75 27.73 27.78 27.82 27.76 27.74 27.71 27.68 27.66 27.68 27.69 27.68 27.70 27.72 27.78 27.78 27.78 27.83 27.82 27.84 27.80 27.83 27.85 27.93 27.93 27.93 27.88 27.87 27.79 27.73 27.62 27.69 27.76 27.82 27.86 27.85 27.84 27.74 27.77 27.79 27.33 27.45 27.65 27.89 27.89 27.92 27.85 27.76 27.73
27.43 27.37 27.51 27.45 27.55 27.41 27.66 27.60 27.55 27.56 27.58 27.61 27.47 27.55 27.58 27.59 27.62 27.63 27.67 27.71 27.76 27.78 27.89 27.87 27.91 27.88 27.90 27.84 27.79 27.76 27.77 27.82 27.78 27.78 27.73 27.72 27.63 27.66 27.68 27.65 27.67 27.70 27.74 27.81 27.84 27.85 27.77 27.74 27.76 27.84 27.90 27.98 27.97 27.96 27.88 27.85 27.88 27.80 27.76 27.64 27.76 27.79 27.86 27.82 27.71 27.72 27.76 27.78 27.89 27.55 27.62 27.86 27.93 27.89 27.85 27.78 27.77
27.83 27.84 27.85 27.84 27.81 27.86 27.81 27.76 27.62 27.54 27.57 27.62 27.64 27.64 27.64 27.63 27.68 27.65 27.66 27.70 27.72 27.80 27.80 27.84 27.88 27.90 27.88 27.80 27.79 27.76 27.80 27.81 27.79 27.79 27.75 27.68 27.69 27.65 27.69 27.74 27.72 27.73 27.77 27.77 27.75 27.74 27.79 27.72 27.74 27.81 27.82 27.77 27.82 27.92 27.91 27.89 27.88 27.81 27.76 27.72 27.68 27.86 27.90 27.83 27.66 27.72 27.79 27.83 27.90 27.74 27.65 27.69 27.89 27.93 27.97 27.78 27.83
27.82 27.81 27.82 27.72 27.66 27.88 27.80 27.63 27.64 27.63 27.59 27.64 27.64 27.69 27.70 27.68 27.67 27.66 27.63 27.67 27.69 27.71 27.75 27.82 27.83 27.78 27.80 27.69 27.69 27.75 27.77 27.79 27.81 27.78 27.82 27.79 27.74 27.72 27.73 27.78 27.78 27.75 27.76 27.81 27.80 27.76 27.76 27.74 27.74 27.71 27.73 27.74 27.74 27.79 27.82 27.82 27.82 27.75 27.75 27.78 27.73 27.78 27.79 27.72 27.67 27.73 27.88 27.88 27.91 27.90 27.05 27.50 27.83 27.94 27.93 27.94 27.77
27.74 27.78 27.74 27.76 27.64 27.75 27.53 27.46 27.63 27.60 27.65 27.60 27.59 27.61 27.69 27.70 27.63 27.65 27.63 27.67 27.77 27.75 27.75 27.78 27.83 27.84 27.80 27.78 27.75 27.78 27.78 27.77 27.79 27.77 27.78 27.83 27.80 27.81 27.81 27.78 27.77 27.71 27.69 27.74 27.79 27.79 27.82 27.78 27.69 27.67 27.67 27.65 27.65 27.76 27.78 27.78 27.81 27.63 27.57 27.67 27.72 27.77 27.80 27.79 27.69 27.78 27.86 27.89 27.78 27.81 27.42 27.69 27.78 27.97 28.03 27.93 27.68
27.78 27.71 27.68 27.71 27.40 27.46 27.42 27.24 27.36 27.46 27.54 27.61 27.56 27.61 27.63 27.68 27.66 27.67 27.69 27.73 27.73 27.75 27.79 27.78 27.82 27.84 27.86 27.86 27.82 27.80 27.79 27.83 27.89 27.78 27.78 27.84 27.83 27.86 27.85 27.81 27.73 27.70 27.69 27.66 27.69 27.73 27.74 27.69 27.58 27.62 27.61 27.64 27.61 27.66 27.71 27.60 27.61 27.53 27.44 27.54 27.59 27.61 27.60 27.64 27.67 27.74 27.87 27.88 27.81 27.83 27.71 27.48 27.72 27.73 27.93 28.04 27.94
27.57 27.54 27.37 27.35 27.26 27.31 27.37 27.28 27.34 27.45 27.45 27.57 27.57 27.62 27.64 27.71 27.66 27.65 27.69 27.71 27.76 27.76 27.75 27.75 27.71 27.74 27.74 27.75 27.69 27.69 27.64 27.75 27.86 27.83 27.78 27.77 27.83 27.86 27.86 27.82 27.80 27.70 27.68 27.65 27.65 27.66 27.71 27.67 27.60 27.65 27.67 27.61 27.66 27.56 27.42 27.40 27.33 27.34 27.18 27.37 27.40 27.38 27.53 27.53 27.58 27.60 27.69 27.77 27.75 27.65 27.67 27.52 27.55 27.73 27.81 27.91 27.78
27.56 27.43 27.38 27.28 27.30 27.31 27.35 27.35 27.36 27.28 27.36 27.45 27.60 27.70 27.68 27.67 27.68 27.71 27.73 27.73 27.76 27.78 27.79 27.77 27.77 27.73 27.73 27.69 27.55 27.56 27.57 27.58 27.65 27.74 27.71 27.67 27.72 27.78 27.78 27.73 27.71 27.64 27.67 27.72 27.80 27.81 27.81 27.83 27.75 27.75 27.78 27.78 27.68 27.74 27.63 27.38 27.32 27.28 27.19 27.32 27.26 27.28 27.37 27.47 27.61 27.70 27.63 27.74 27.68 27.65 27.56 27.59 27.39 27.85 27.82 27.86 27.84
27.49 27.48 27.44 27.45 27.42 27.52 27.43 27.38 27.39 27.27 27.30 27.40 27.58 27.69 27.57 27.58 27.59 27.62 27.71 27.71 27.75 27.73 27.77 27.79 27.83 27.79 27.78 27.71 27.56 27.49 27.62 27.60 27.64 27.64 27.55 27.58 27.72 27.71 27.69 27.67 27.67 27.56 27.62 27.67 27.69 27.78 27.80 27.76 27.80 27.74 27.79 27.67 27.66 27.65 27.73 27.60 27.50 27.41 27.15 27.52 27.36 27.38 27.48 27.45 27.53 27.61 27.72 27.74 27.68 27.66 27.68 27.69 27.28 27.51 27.74 27.77 27.76
27.43 27.54 27.63 27.59 27.49 27.43 27.32 27.39 27.35 27.37 27.26 27.30 27.42 27.56 27.46 27.50 27.54 27.57 27.62 27.67 27.71 27.72 27.77 27.79 27.83 27.81 27.84 27.79 27.72 27.57 27.55 27.53 27.55 27.61 27.61 27.61 27.54 27.65 27.61 27.59 27.68 27.63 27.57 27.62 27.66 27.72 27.78 27.77 27.77 27.77 27.70 27.72 27.72 27.59 27.69 27.57 27.54 27.62 27.34 27.72 27.31 27.47 27.46 27.57 27.62 27.66 27.71 27.72 27.69 27.68 27.70 27.18 27.02 27.24 27.75 27.74 27.78
27.54 27.60 27.64 27.60 27.36 27.27 27.25 27.31 27.32 27.34 27.26 27.40 27.50 27.52 27.27 27.26 27.39 27.53 27.60 27.63 27.58 27.65 27.71 27.79 27.78 27.76 27.77 27.81 27.87 27.79 27.62 27.55 27.50 27.58 27.66 27.59 27.48 27.54 27.60 27.58 27.65 27.62 27.59 27.59 27.65 27.66 27.70 27.76 27.75 27.82 27.72 27.84 27.84 27.75 27.76 27.64 27.72 27.33 27.53 27.42 27.38 27.50 27.48 27.54 27.56 27.58 27.62 27.69 27.66 27.64 27.57 27.14 26.88 27.03 27.66 27.78 27.83
27.49 27.65 27.63 27.39 27.44 27.39 27.33 27.43 27.44 27.41 27.21 27.30 27.42 27.64 27.46 27.19 27.22 27.40 27.53 27.63 27.62 27.58 27.64 27.70 27.74 27.75 27.76 27.77 27.82 27.81 27.64 27.56 27.53 27.51 27.58 27.55 27.54 27.52 27.59 27.58 27.52 27.58 27.56 27.56 27.64 27.60 27.61 27.64 27.62 27.77 27.80 27.76 27.69 27.72 27.69 27.72 27.64 27.51 27.53 27.14 27.33 27.42 27.39 27.55 27.60 27.55 27.57 27.62 27.67 27.65 27.65 27.57 26.73 26.77 26.85 27.68 27.83
27.82 27.89 27.64 27.59 27.43 27.43 27.45 27.33 27.41 27.62 27.38 27.33 27.30 27.56 27.55 27.38 27.26 27.35 27.49 27.57 27.64 27.66 27.60 27.62 27.67 27.70 27.73 27.78 27.78 27.75 27.68 27.51 27.47 27.61 27.60 27.53 27.54 27.55 27.61 27.66 27.47 27.52 27.49 27.60 27.60 27.60 27.66 27.66 27.62 27.71 27.61 27.90 27.52 27.63 27.69 27.70 27.81 27.42 27.33 27.61 27.37 27.44 27.38 27.38 27.44 27.48 27.61 27.63 27.67 27.67 27.69 27.65 27.06 26.49 26.92 27.55 27.72
27.86 27.86 27.46 27.37 27.41 27.25 27.44 27.48 27.59 27.69 27.52 27.45 27.46 27.53 27.60 27.42 27.33 27.31 27.48 27.50 27.60 27.65 27.65 27.69 27.66 27.69 27.75 27.81 27.77 27.73 27.71 27.48 27.27 27.38 27.53 27.47 27.32 27.34 27.39 27.51 27.54 27.52 27.51 27.49 27.47 27.53 27.60 27.66 27.60 27.59 27.63 27.58 27.49 27.64 27.35 27.64 27.73 27.80 27.72 27.38 27.48 27.48 27.40 27.35 27.42 27.36 27.52 27.52 27.65 27.60 27.66 27.55 27.07 26.69 26.92 27.34 27.67
27.89 27.78 27.30 27.39 27.25 27.28 27.40 27.47 27.87 27.75 27.59 27.59 27.63 27.56 27.82 27.58 27.46 27.36 27.52 27.54 27.56 27.59 27.60 27.65 27.70 27.73 27.75 27.80 27.77 27.72 27.65 27.58 27.41 27.44 27.36 27.31 27.33 27.24 27.24 27.21 27.40 27.35 27.43 27.27 27.29 27.29 27.44 27.52 27.55 27.49 27.50 27.56 27.30 27.55 27.84 27.28 27.32 27.00 27.54 27.49 27.52 27.50 27.36 27.43 27.44 27.44 27.52 27.56 27.54 27.43 27.45 27.37 27.27 26.89 27.05 26.92 27.33
27.90 27.85 27.61 27.16 27.18 26.97 27.36 27.91 27.92 27.72 27.54 27.80 27.98 27.90 27.85 27.50 27.42 27.35 27.54 27.44 27.49 27.58 27.67 27.65 27.65 27.70 27.73 27.73 27.77 27.72 27.74 27.72 27.50 27.49 27.44 27.39 27.28 27.37 27.33 27.28 27.29 27.28 27.36 27.31 27.16 27.06 27.06 27.16 27.28 27.45 27.47 27.34 27.46 26.65 27.34 27.38 27.47 27.16 27.44 27.51 27.49 27.36 27.46 27.44 27.34 27.44 27.45 27.55 27.55 27.55 27.42 27.42 27.26 26.96 27.31 27.41 27.19
27.84 27.85 27.87 27.90 27.57 27.79 27.99 27.99 27.96 27.78 27.87 27.86 28.06 27.93 27.93 27.60 27.66 27.35 27.44 27.53 27.50 27.59 27.57 27.61 27.66 27.68 27.65 27.68 27.75 27.65 27.65 27.69 27.64 27.52 27.56 27.57 27.51 27.38 27.39 27.37 27.36 27.29 27.27 27.15 27.17 26.93 26.85 26.98 27.07 27.17 27.38 27.44 27.32 27.13 26.74 27.11 27.25 27.34 27.52 27.49 27.60 27.40 27.43 27.48 27.45 27.48 27.41 27.39 27.41 27.47 27.44 27.37 27.33 27.13 27.60 27.31 26.75
27.77 27.86 27.85 27.87 27.88 27.95 27.97 27.96 27.99 27.89 27.94 27.84 28.04 27.98 27.89 27.65 27.47 27.57 27.46 27.63 27.69 27.63 27.57 27.56 27.60 27.65 27.65 27.66 27.66 27.65 27.55 27.62 27.67 27.50 27.49 27.56 27.62 27.53 27.41 27.34 27.37 27.42 27.33 27.11 27.11 27.04 26.86 26.73 26.98 27.02 27.33 27.53 26.90 27.19 26.82 26.68 26.98 27.01 27.25 27.45 27.53 27.55 27.47 27.41 27.41 27.50 27.54 27.46 27.41 27.46 27.40 27.32 27.28 27.37 27.35 27.07 27.19
27.70 27.47 27.78 27.84 27.85 27.94 27.88 27.95 27.84 27.81 27.92 27.67 28.01 27.97 27.80 27.69 27.50 27.50 27.34 27.55 27.70 27.56 27.62 27.52 27.63 27.68 27.71 27.65 27.64 27.68 27.57 27.52 27.60 27.55 27.45 27.47 27.50 27.51 27.45 27.43 27.41 27.37 27.38 27.22 27.20 27.11 27.17 26.93 26.98 26.91 27.46 27.35 26.79 26.43 26.79 27.18 26.87 27.05 27.15 27.26 27.43 27.44 27.49 27.43 27.35 27.40 27.57 27.57 27.57 27.46 27.38 27.31 27.33 27.17 27.04 26.94 27.12
27.49 27.54 27.75 27.73 27.71 27.87 27.94 27.94 27.85 27.83 27.79 27.43 27.73 27.72 27.74 27.50 27.52 27.65 27.36 27.60 27.73 27.61 27.64 27.60 27.67 27.72 27.73 27.75 27.66 27.59 27.57 27.50 27.59 27.57 27.53 27.47 27.36 27.28 27.29 27.33 27.45 27.44 27.32 27.29 27.28 27.41 27.20 27.27 27.16 27.58 27.20 26.61 26.47 26.31 24.95 25.27 27.01 26.74 27.18 27.24 27.35 27.48 27.47 27.42 27.34 27.42 27.53 27.55 27.55 27.47 27.39 27.37 27.37 27.20 27.25 27.17 27.17
27.48 27.39 27.47 27.71 27.69 27.84 27.91 27.66 27.25 27.61 27.63 27.38 27.59 27.63 27.57 27.44 27.60 27.48 27.31 27.40 27.53 27.61 27.61 27.65 27.61 27.65 27.62 27.71 27.77 27.70 27.48 27.53 27.54 27.48 27.49 27.51 27.38 27.30 27.26 27.20 27.23 27.32 27.22 27.20 27.32 27.39 27.22 27.17 27.18 27.32 26.86 26.66 26.46 27.21 24.15 23.57 26.17 27.09 27.07 27.24 27.24 27.46 27.51 27.48 27.39 27.46 27.50 27.45 27.36 27.37 27.35 27.40 27.36 27.40 27.33 27.10 27.27
27.73 27.70 27.65 27.58 27.77 27.91 27.89 27.84 27.52 27.46 27.51 26.97 27.69 27.68 27.60 27.67 27.20 27.34 27.24 27.28 27.39 27.44 27.50 27.52 27.51 27.63 27.61 27.65 27.68 27.71 27.69 27.64 27.66 27.64 27.58 27.53 27.46 27.25 27.17 27.15 27.11 27.21 27.21 27.21 27.30 27.18 27.24 27.13 27.21 27.37 27.30 27.31 25.83 27.21 26.37 24.35 26.62 26.53 27.37 27.44 27.39 27.44 27.50 27.44 27.30 27.32 27.40 27.47 27.37 27.30 27.33 27.36 27.37 27.27 27.43 27.11 27.05
27.61 27.60 27.65 27.67 27.86 27.78 27.90 27.97 27.65 27.91 27.87 28.00 28.09 27.96 27.88 27.86 27.14 27.24 26.99 27.21 27.41 27.39 27.37 27.32 27.34 27.49 27.55 27.58 27.66 27.69 27.71 27.69 27.57 27.52 27.51 27.32 27.38 27.21 27.06 27.07 27.21 27.20 27.21 27.16 27.24 27.26 27.27 27.45 27.34 27.42 27.51 27.55 23.94 25.12 27.07 25.79 26.83 26.87 27.53 27.20 27.43 27.38 27.18 27.58 27.43 27.44 27.38 27.39 27.37 27.26 27.27 27.35 27.37 27.43 27.38 27.11 26.88
27.74 27.65 27.72 27.72 27.87 27.88 28.00 27.76 27.67 27.84 28.01 28.09 27.99 27.95 27.86 27.64 27.30 27.19 27.16 26.97 27.34 27.51 27.50 27.34 27.35 27.60 27.54 27.53 27.59 27.68 27.77 27.75 27.66 27.56 27.40 27.40 27.35 27.23 27.11 27.04 27.22 27.28 27.28 27.25 27.25 27.30 27.25 27.89 26.94 27.67 27.71 27.61 26.77 25.75 26.80 26.97 26.95 27.12 27.42 27.25 27.08 27.60 27.41 27.38 27.52 27.44 27.49 27.42 27.50 27.29 27.28 27.24 27.38 27.40 27.25 27.02 26.60
27.71 27.70 27.72 27.73 27.87 27.88 27.92 27.95 27.81 27.87 28.01 27.95 28.04 27.97 27.77 27.71 27.49 27.18 27.25 27.22 27.09 27.49 27.51 27.49 27.32 27.31 27.45 27.55 27.50 27.55 27.62 27.71 27.69 27.57 27.47 27.49 27.43 27.31 27.19 27.12 26.99 27.15 27.36 27.24 27.30 27.32 27.44 27.68 27.60 27.34 27.69 27.66 27.71 26.75 27.10 27.46 27.42 27.41 27.44 27.32 27.30 27.60 27.55 27.52 27.55 27.52 27.63 27.60 27.48 27.50 27.32 27.21 27.37 27.35 27.26 27.18 27.02
27.56 27.63 27.69 27.74 27.80 27.85 27.90 28.00 27.83 27.81 27.99 27.82 27.94 27.92 27.82 27.74 27.39 27.22 27.34 27.25 27.02 27.36 27.42 27.49 27.43 27.26 27.27 27.42 27.44 27.52 27.52 27.53 27.64 27.69 27.43 27.14 27.38 27.45 27.15 26.93 27.07 26.97 27.21 27.50 27.44 27.41 27.70 27.42 25.75 24.36 25.04 27.43 27.62 27.73 27.57 27.38 27.44 27.58 26.61 27.34 27.51 27.84 27.43 27.53 27.59 27.52 27.62 27.56 27.49 27.66 27.47 27.29 27.38 27.34 27.35 27.52 27.24
27.58 27.55 27.64 27.71 27.73 27.76 27.70 27.80 27.76 27.82 27.93 27.89 27.84 27.82 27.92 27.67 27.38 27.28 27.30 27.25 27.23 27.25 27.44 27.46 27.49 27.44 27.24 27.25 27.42 27.45 27.51 27.50 27.43 27.51 27.51 27.29 27.16 27.29 27.25 27.12 26.92 27.12 26.99 27.52 27.50 27.35 27.51 27.26 26.78 26.47 23.69 24.73 26.42 27.36 27.52 27.33 27.54 27.21 26.41 27.28 27.90 27.77 27.93 27.72 27.69 27.71 27.62 27.58 27.54 27.57 27.54 27.21 27.22 27.22 27.34 27.41 27.27
27.70 27.70 27.76 27.75 27.60 27.68 27.75 27.71 27.52 27.80 28.01 27.96 27.84 27.79 27.91 27.64 27.47 27.42 27.36 27.33 27.33 27.35 27.42 27.41 27.49 27.43 27.42 27.30 27.35 27.49 27.53 27.55 27.44 27.35 27.43 27.31 27.21 26.98 26.92 27.08 27.04 26.90 27.38 27.21 27.05 26.95 27.35 27.25 26.82 26.56 23.84 24.31 24.98 25.87 26.92 26.78 27.72 27.18 27.62 27.23 27.66 27.69 27.80 27.84 27.90 27.68 27.58 27.61 27.65 27.65 27.60 27.40 27.24 27.12 27.20 27.32 27.29
27.80 27.75 27.72 27.59 27.56 27.58 27.68 27.69 27.71 27.93 27.93 27.99 27.91 27.83 27.59 27.44 27.23 27.41 27.35 27.33 27.29 27.22 27.39 27.36 27.34 27.38 27.39 27.44 27.47 27.44 27.45 27.49 27.48 27.44 27.33 27.32 27.21 27.12 26.92 26.87 27.23 26.88 27.40 27.13 26.88 25.76 27.11 27.13 26.76 27.01 25.98 24.94 26.99 26.65 26.02 27.33 27.57 26.35 27.50 27.43 27.55 27.95 27.86 27.87 27.81 27.65 27.52 27.51 27.50 27.59 27.59 27.52 27.33 27.14 27.51 27.34 27.15
27.65 27.67 27.71 27.66 27.61 27.53 27.67 27.60 27.92 27.91 27.93 27.93 27.93 27.90 27.53 26.84 27.29 27.35 27.31 27.32 27.36 27.28 27.34 27.33 27.39 27.44 27.41 27.47 27.44 27.32 27.32 27.34 27.36 27.37 27.33 27.28 27.28 27.25 27.11 26.77 26.80 27.40 26.78 26.90 26.54 26.33 24.25 27.13 27.54 27.29 27.54 27.48 27.71 27.93 27.55 26.72 27.37 27.31 27.45 27.01 27.71 28.03 28.05 27.83 27.78 27.31 27.52 27.53 27.62 27.57 27.64 27.60 27.19 27.33 27.63 26.59 26.39
27.48 27.58 27.71 27.69 27.62 27.49 27.40 27.66 27.86 27.94 27.84 27.95 27.91 27.85 26.77 27.25 27.32 27.36 27.24 27.24 27.25 27.24 27.27 27.28 27.34 27.36 27.32 27.33 27.32 27.21 27.23 27.17 27.17 27.21 27.25 27.24 27.20 27.13 27.05 27.19 26.71 26.94 26.06 26.93 26.29 26.65 24.76 26.78 27.39 27.13 26.40 26.30 27.31 27.59 27.60 27.37 25.89 25.18 26.44 26.91 27.19 27.49 27.46 27.77 27.63 27.57 27.67 27.68 27.82 27.78 27.58 27.48 27.51 27.63 27.30 26.63 26.62
27.49 27.60 27.69 27.76 27.56 27.55 27.56 27.48 27.72 27.87 27.70 27.77 27.86 27.73 26.78 27.49 27.38 27.41 27.44 27.29 27.22 27.29 27.21 27.30 27.27 27.29 27.24 27.27 27.20 27.10 27.32 27.29 27.08 27.07 27.16 27.24 27.20 27.00 26.92 26.98 27.14 26.93 27.09 27.29 26.88 26.58 26.84 26.57 27.23 26.09 22.96 22.77 25.97 25.83 27.55 27.23 27.86 27.25 27.43 26.37 27.18 27.37 27.46 27.42 27.41 27.80 27.83 27.90 27.89 27.84 27.80 27.45 27.42 27.43 26.55 26.74 27.39
27.26 27.60 27.71 27.81 27.74 27.51 27.66 27.55 27.71 27.61 27.73 27.71 27.69 27.69 27.01 27.52 27.43 27.35 27.31 27.27 27.24 27.26 27.12 27.17 27.13 27.12 27.21 27.27 27.27 27.21 27.19 27.27 27.40 27.30 27.29 27.28 27.04 27.01 27.08 27.18 27.09 27.08 27.65 26.97 26.59 26.87 27.12 27.14 27.24 26.56 26.52 27.24 27.14 26.18 27.60 27.41 26.94 27.78 27.91 27.22 25.78 27.34 27.79 27.64 27.62 27.60 27.76 27.85 27.75 27.62 27.62 27.61 27.70 27.61 26.98 27.37 27.73
27.40 27.64 27.65 27.74 27.71 27.54 27.72 27.57 27.62 27.61 27.75 27.84 27.83 27.33 27.26 27.53 27.48 27.42 27.29 27.21 27.19 27.16 27.14 27.22 27.11 27.02 27.06 27.09 27.21 27.27 27.26 27.20 27.22 27.21 27.22 27.29 27.03 26.95 27.10 27.20 27.18 27.03 26.82 26.04 26.51 26.98 26.93 27.27 27.32 25.88 26.48 27.22 27.32 27.75 27.19 27.18 26.42 27.67 27.37 27.42 27.62 27.70 27.45 27.21 27.38 27.68 28.03 28.07 27.86 27.84 27.57 27.66 27.68 27.42 27.38 27.84 28.08
