main/data/irradiance/28.04.2023.grid
ncols 839
nrows 679
xllcenter 112.0500
yllcenter -43.9500
cellsize 0.0500
nodata_value 99999.90
[rows 136 to 169 of 679, columns 539 to 615 of 839]
21.34 21.34 21.34 20.38 20.38 20.38 20.02 20.02 20.02 21.49 21.49 21.49 21.49 21.49 21.49 21.49 21.49 21.03 21.03 21.03 21.03 21.03 21.03 21.03 99999.90 99999.90 99999.90 99999.90 21.04 20.72 20.94 20.94 20.94 20.94 20.94 20.94 20.94 20.94 21.00 21.00 21.36 21.36 21.36 21.38 21.36 21.40 21.38 21.44 21.41 21.26 21.33 21.22 21.20 21.20 21.19 21.24 21.26 21.27 21.25 21.31 21.27 21.32 21.41 21.42 21.40 21.38 21.34 21.37 21.39 21.42 21.45 21.51 21.55 21.54 21.52 21.49 21.49
21.34 21.34 21.34 21.38 21.38 20.38 20.02 20.02 21.49 21.49 21.49 21.49 21.49 21.49 21.49 21.49 21.49 21.49 21.49 21.49 21.49 21.03 21.03 21.03 99999.90 99999.90 99999.90 99999.90 21.04 20.72 20.94 20.94 20.94 20.94 20.94 20.94 20.94 20.94 20.94 21.00 21.00 21.00 21.00 20.91 21.24 21.28 21.35 21.40 21.48 21.49 21.34 21.36 21.28 21.28 21.26 21.24 21.25 21.35 21.37 21.33 21.38 21.35 21.36 21.37 21.42 21.38 21.37 21.39 21.39 21.41 21.43 21.48 21.52 21.54 21.54 21.51 21.49
21.34 21.34 21.38 21.38 20.68 20.68 20.68 21.49 21.49 21.49 21.49 21.49 21.49 21.49 21.49 21.49 21.49 21.49 21.49 21.49 21.49 21.03 21.03 21.03 99999.90 99999.90 99999.90 21.06 21.04 20.72 20.94 20.94 20.94 20.94 20.94 20.94 20.94 20.94 20.94 20.94 21.00 21.00 20.88 21.13 21.27 21.27 21.28 21.30 21.37 21.42 21.46 21.34 21.30 21.22 21.27 21.27 21.32 21.35 21.38 21.36 21.38 21.39 21.38 21.37 21.40 21.40 21.40 21.41 21.40 21.40 21.40 21.45 21.49 21.52 21.52 21.52 21.50
21.17 21.38 21.38 20.68 20.68 20.68 20.68 21.49 21.49 21.49 21.49 21.49 21.49 21.49 21.49 21.49 21.49 21.49 21.49 21.49 21.49 21.03 21.03 21.03 99999.90 99999.90 20.50 21.06 21.04 20.72 20.72 20.72 20.94 20.94 20.94 20.94 20.94 20.94 20.94 20.94 20.94 21.10 21.07 21.13 21.28 21.32 21.35 21.29 21.37 21.36 21.35 21.36 21.28 21.22 21.22 21.23 21.28 21.34 21.36 21.30 21.35 21.38 21.42 21.39 21.41 21.42 21.43 21.42 21.46 21.43 21.43 21.44 21.41 21.45 21.49 21.48 21.50
20.39 20.29 20.68 20.68 20.68 20.68 20.68 21.49 21.49 21.49 21.49 21.49 21.49 21.49 21.49 21.49 21.49 21.49 21.49 21.49 21.49 21.35 21.30 99999.90 20.72 20.72 20.72 20.72 21.04 20.72 20.72 20.72 20.72 20.72 20.72 20.82 20.82 20.82 20.82 20.82 20.82 20.85 20.81 21.17 21.18 21.28 21.35 21.34 21.34 21.37 21.24 21.33 21.30 21.12 21.17 21.26 21.28 21.30 21.30 21.34 21.34 21.41 21.37 21.43 21.43 21.34 21.36 21.39 21.35 21.40 21.40 21.40 21.38 21.36 21.42 21.41 21.48
21.01 20.83 20.98 20.98 20.98 20.98 20.98 21.45 21.45 21.45 21.45 21.45 21.45 21.45 21.45 21.45 21.45 21.45 21.45 21.45 21.45 21.26 21.26 21.26 21.26 20.72 20.72 20.72 20.72 20.72 20.72 20.72 20.72 20.72 20.72 20.72 20.72 20.72 20.91 20.91 20.91 20.75 20.66 21.12 21.17 21.24 21.27 21.26 21.33 21.36 21.29 21.26 21.24 21.27 21.24 21.25 21.32 21.33 21.30 21.30 21.37 21.41 21.34 21.34 21.33 21.34 21.28 21.30 21.35 21.38 21.37 21.38 21.39 21.38 21.39 21.43 21.48
21.27 21.02 20.98 20.98 20.98 21.30 21.30 21.45 21.45 21.45 21.45 21.45 21.45 21.45 21.45 21.45 21.45 21.45 21.45 21.45 21.26 21.26 21.17 21.17 21.17 20.42 20.42 20.72 20.72 20.72 21.04 20.72 20.72 20.72 20.72 20.72 20.72 20.72 20.72 20.61 20.61 20.13 20.50 21.09 21.14 21.22 21.22 21.21 21.30 21.30 21.25 21.30 21.27 21.33 21.36 21.38 21.32 21.33 21.31 21.34 21.33 21.35 21.39 21.35 21.26 21.34 21.36 21.34 21.35 21.41 21.37 21.34 21.36 21.35 21.36 21.44 21.47
21.16 21.29 21.36 21.36 21.30 21.30 21.30 21.45 21.45 21.45 21.45 21.45 21.45 21.45 21.45 21.45 21.45 21.45 21.45 21.26 21.26 21.26 21.17 21.17 20.20 20.20 20.20 20.42 20.72 20.72 20.72 21.04 21.04 21.04 20.72 20.72 20.72 20.72 20.72 20.72 20.52 19.94 20.53 21.15 21.13 21.20 21.20 21.23 21.27 21.23 21.29 21.26 21.21 21.26 21.35 21.34 21.39 21.42 21.31 21.29 21.28 21.26 21.31 21.32 21.33 21.34 21.34 21.34 21.30 21.34 21.32 21.37 21.41 21.40 21.40 21.44 21.45
21.09 21.25 21.36 21.30 21.30 21.30 21.17 21.43 21.42 21.45 21.45 21.45 21.45 21.45 21.45 21.45 21.45 21.26 21.26 21.26 21.26 21.17 21.17 21.17 20.20 20.20 20.20 20.42 20.72 20.72 20.72 20.72 21.04 21.04 21.04 21.04 21.04 20.68 20.68 20.68 20.36 19.95 20.57 21.00 21.06 21.10 21.20 21.26 21.28 21.24 21.29 21.28 21.19 21.25 21.28 21.34 21.34 21.41 21.37 21.36 21.22 21.28 21.18 21.22 21.28 21.31 21.34 21.34 21.29 21.30 21.30 21.32 21.39 21.37 21.40 21.43 21.44
21.25 21.34 21.37 21.35 21.35 21.17 21.42 21.43 21.42 21.42 21.42 21.39 21.39 21.39 21.39 21.35 21.26 21.26 21.26 21.26 21.26 21.17 21.17 21.17 20.20 20.20 20.20 20.42 20.42 20.72 20.72 20.72 20.72 21.06 21.04 21.04 21.04 21.04 20.38 20.38 20.50 20.55 20.83 21.11 21.17 21.14 21.21 21.21 21.21 21.15 21.16 21.17 21.27 21.30 21.22 21.22 21.28 21.32 21.27 21.24 21.27 21.22 21.20 21.15 21.26 21.28 21.29 21.33 21.29 21.30 21.33 21.33 21.34 21.35 21.38 21.39 21.41
21.31 21.33 21.35 21.32 21.17 21.17 21.42 21.43 21.42 21.42 21.39 21.39 21.39 21.39 21.35 21.35 21.26 21.26 21.26 21.26 21.17 21.17 21.17 21.17 20.97 20.20 20.20 20.20 20.42 20.42 20.72 20.72 20.72 20.72 21.06 21.06 21.04 21.04 21.04 20.40 20.33 20.56 20.93 21.01 21.08 21.13 21.23 21.19 21.10 21.12 21.15 21.24 21.23 21.30 21.32 21.29 21.29 21.27 21.20 21.24 21.32 21.32 21.19 21.14 21.02 21.28 21.29 21.27 21.32 21.29 21.33 21.36 21.35 21.34 21.38 21.39 21.39
21.23 21.29 21.28 21.29 21.24 20.87 21.42 21.43 21.42 21.42 21.39 21.39 21.39 21.35 21.35 21.21 21.26 21.26 21.26 21.26 21.17 21.17 21.17 20.84 20.97 20.20 20.20 20.20 20.42 20.42 20.72 20.72 20.72 20.72 20.50 21.06 21.06 20.87 20.87 20.37 20.13 20.67 20.87 21.00 21.05 21.09 21.07 21.01 21.04 21.08 21.25 21.23 21.18 21.20 21.21 21.25 21.27 21.23 21.20 21.13 21.18 21.26 21.26 21.19 21.20 21.12 21.15 21.23 21.28 21.34 21.33 21.34 21.34 21.34 21.35 21.36 21.37
21.08 21.13 20.95 21.15 21.23 21.11 21.35 21.42 21.42 21.40 21.39 21.39 21.35 21.35 21.30 21.21 21.26 21.26 21.26 21.17 21.17 21.17 21.17 20.84 20.97 20.20 20.20 20.20 20.42 20.42 20.42 20.72 20.72 20.72 20.72 20.50 21.06 21.06 20.43 20.13 20.07 20.49 21.01 21.07 21.11 21.14 20.95 21.06 21.16 21.10 21.12 21.10 21.16 21.19 21.20 21.22 21.25 21.23 21.26 21.27 21.29 21.27 21.32 21.29 21.25 21.28 21.19 21.13 21.23 21.30 21.33 21.31 21.34 21.32 21.34 21.33 21.34
20.88 21.10 21.05 21.30 21.31 21.22 21.27 21.36 21.40 21.39 21.38 21.35 21.35 21.30 21.23 21.21 21.26 21.26 21.26 21.17 21.17 21.17 21.17 20.84 20.97 20.20 20.20 20.20 20.20 20.42 20.42 20.35 20.72 20.72 20.72 20.50 20.50 20.52 20.13 19.81 19.46 20.69 20.98 21.06 21.05 21.04 21.01 21.01 20.99 21.00 21.07 21.11 21.09 21.12 21.15 21.19 21.23 21.24 21.25 21.26 21.27 21.25 21.24 21.24 21.17 21.21 21.22 21.17 21.20 21.28 21.29 21.32 21.31 21.31 21.34 21.34 21.34
20.72 21.01 21.29 21.30 21.28 21.28 20.58 21.34 21.37 21.11 21.35 21.34 21.30 21.30 21.23 21.21 21.26 21.26 21.17 21.17 21.17 21.17 20.54 20.84 20.97 21.01 20.20 20.20 20.20 20.42 20.42 20.42 20.35 20.72 20.72 20.64 20.37 20.06 20.13 19.20 19.34 19.52 20.88 20.95 21.00 21.00 20.99 20.98 21.02 20.95 21.00 20.97 20.98 21.03 21.10 21.15 21.15 21.15 21.18 21.21 21.23 21.26 21.22 21.17 21.13 21.01 21.11 20.94 21.04 21.19 21.25 21.28 21.27 21.23 21.27 21.26 21.25
20.64 21.07 21.14 21.25 21.27 21.26 21.00 20.43 20.18 20.17 20.95 21.31 21.35 21.33 21.23 21.21 21.26 21.26 21.17 21.17 21.17 21.19 20.54 20.84 20.97 21.01 20.20 20.20 20.20 19.92 20.42 20.42 20.35 20.35 20.46 20.78 20.40 20.41 20.25 19.52 19.12 19.82 20.64 20.98 20.95 20.95 20.98 21.00 20.99 20.99 20.95 21.00 20.98 20.97 20.95 21.07 21.13 21.20 21.18 21.19 21.22 21.23 21.22 21.17 21.17 21.03 21.00 20.97 20.90 21.20 21.19 21.21 21.16 21.16 21.18 21.20 21.15
20.22 20.71 20.99 21.11 21.21 21.10 21.14 20.95 21.01 20.92 20.76 20.21 20.69 21.31 21.21 21.21 21.15 21.22 21.17 21.17 21.19 20.27 20.54 20.84 20.97 21.01 21.03 20.20 20.20 19.92 20.42 20.42 20.03 19.98 20.21 21.04 20.92 20.39 19.99 19.88 19.88 19.83 19.91 20.79 20.88 20.91 20.81 20.79 20.84 20.96 20.95 20.92 20.90 20.97 21.02 21.05 21.07 21.08 21.11 21.16 21.21 21.21 21.21 21.18 21.16 21.15 21.13 21.05 21.02 21.09 21.15 21.10 21.08 21.03 21.12 21.15 21.18
19.55 20.66 20.50 20.87 20.96 20.91 20.95 21.25 21.22 21.22 20.82 19.23 19.79 21.27 21.23 21.22 21.21 21.14 21.14 21.19 21.19 20.27 20.54 20.84 20.97 21.01 21.03 20.20 20.20 19.92 20.63 20.10 20.05 20.50 19.91 20.73 20.87 20.61 20.22 20.36 20.44 20.63 20.27 20.66 20.88 20.89 20.82 20.84 20.82 20.79 20.82 20.90 20.88 20.90 20.99 21.07 21.11 21.15 21.15 21.17 21.21 21.16 21.20 21.21 21.16 21.15 21.15 21.11 21.07 20.91 21.07 21.10 21.07 21.13 21.19 21.20 21.20
19.67 19.95 20.08 20.07 20.91 20.93 21.12 21.23 21.21 21.21 21.11 21.14 20.98 21.05 20.23 21.13 21.19 20.85 21.01 20.84 20.55 20.27 20.54 20.84 20.97 21.01 21.03 21.20 20.30 20.84 20.07 19.91 19.91 20.41 20.39 20.39 20.60 20.58 20.43 20.38 20.46 20.68 20.39 20.61 20.71 20.74 20.75 20.79 20.72 20.82 20.84 20.87 20.86 20.97 21.04 21.08 21.12 21.16 21.16 21.17 21.15 21.13 21.14 21.16 21.19 21.17 21.17 21.15 20.98 20.90 21.11 21.21 21.22 21.22 21.21 21.16 21.20
20.83 20.57 20.50 21.01 21.13 21.17 21.13 21.23 21.19 21.22 21.21 21.16 21.00 20.75 20.45 21.08 21.01 20.88 21.01 21.06 21.06 21.07 20.51 19.62 20.20 20.59 21.16 21.19 20.87 21.23 19.59 19.64 19.50 20.06 20.79 20.26 20.48 20.50 20.46 20.52 20.48 20.51 20.45 20.58 20.68 20.76 20.73 20.76 20.76 20.86 20.88 20.93 20.99 20.93 21.08 21.11 21.13 21.14 21.13 21.13 21.16 21.15 21.14 21.13 21.17 21.18 21.15 21.15 21.12 20.99 21.09 21.17 21.19 21.21 21.19 21.20 21.17
20.70 20.17 20.45 20.85 21.15 21.19 21.17 21.23 21.21 21.20 21.16 21.18 21.08 20.90 20.97 21.11 21.03 21.10 21.08 21.16 21.16 21.16 20.33 19.42 19.98 19.95 20.10 20.62 21.05 20.43 19.25 19.74 19.38 20.35 20.58 20.32 20.40 20.34 20.40 20.35 20.36 20.46 20.50 20.61 20.70 20.72 20.75 20.78 20.85 20.88 20.95 20.99 21.04 21.06 21.09 21.13 21.15 21.13 21.14 21.14 21.13 21.12 21.11 21.11 21.12 21.15 21.14 21.14 21.17 21.12 21.07 21.05 21.09 21.15 21.19 21.19 21.26
20.00 19.71 19.58 20.03 20.73 21.18 21.23 21.13 21.19 21.16 21.10 21.07 21.01 21.10 21.08 21.14 21.11 21.14 20.94 20.93 21.07 21.03 20.43 20.45 20.53 19.99 20.44 19.88 19.83 20.63 20.23 20.08 20.14 19.91 20.50 20.28 20.51 20.41 20.36 20.41 20.46 20.57 20.60 20.61 20.74 20.86 20.94 20.95 20.93 20.88 21.03 21.04 21.03 21.06 21.09 21.09 21.11 21.06 21.09 21.00 21.06 21.10 21.11 21.10 21.08 21.10 21.08 21.10 21.09 21.02 21.02 20.94 20.93 21.08 21.17 21.17 21.23
20.50 20.67 20.75 20.82 20.98 21.16 21.12 21.19 21.14 21.09 21.07 21.02 21.04 21.08 21.07 21.06 21.14 21.01 20.87 20.48 21.00 20.97 20.92 20.91 20.26 19.79 20.08 19.01 19.59 19.37 20.21 19.48 19.17 19.63 20.47 19.98 20.04 20.15 20.36 20.36 20.47 20.60 20.63 20.74 20.64 20.86 21.03 21.03 21.01 21.00 21.02 21.03 21.05 20.97 21.05 21.02 21.01 20.97 20.91 20.98 20.97 20.80 21.03 21.01 21.01 20.98 20.97 21.03 20.99 20.89 21.05 21.05 21.06 21.08 21.15 21.16 21.22
20.86 20.52 20.00 20.79 21.04 21.14 21.14 21.16 21.13 21.00 20.99 20.77 20.99 20.96 21.01 20.91 20.72 19.96 20.42 19.68 20.69 20.16 20.82 20.70 20.98 20.90 20.56 19.71 20.36 20.10 20.15 19.42 20.32 20.19 20.37 19.74 19.53 20.02 20.42 20.33 20.48 20.41 20.76 20.79 20.91 20.78 20.98 20.85 21.03 21.08 21.08 21.03 20.86 20.89 20.75 20.88 20.46 20.76 20.65 20.48 19.98 20.29 20.57 20.64 20.70 20.68 20.71 20.78 20.89 20.89 20.95 20.98 21.04 21.07 21.08 21.21 21.21
19.85 20.67 20.73 20.79 21.11 21.06 21.14 20.87 20.49 19.83 20.59 20.29 20.84 20.65 20.64 20.56 20.43 20.47 20.69 20.22 19.58 20.41 21.03 20.90 20.92 20.04 19.96 20.56 19.88 19.52 19.96 20.30 20.36 19.65 19.85 20.17 20.40 20.66 20.43 20.22 20.14 19.79 20.66 20.44 20.14 20.39 20.16 20.45 20.87 20.92 21.04 20.99 20.96 20.80 20.61 20.47 19.87 20.81 20.70 20.65 19.89 20.19 20.57 19.87 19.83 19.80 20.52 20.76 20.90 20.96 20.91 21.04 21.04 21.07 21.05 21.16 21.20
20.90 20.90 20.83 20.84 20.94 20.68 20.67 19.69 20.65 20.66 20.92 20.25 20.48 20.79 20.67 20.08 20.87 19.53 20.33 20.62 20.17 20.95 20.35 20.01 20.21 19.77 20.86 20.26 20.45 20.43 20.67 20.11 19.87 19.30 19.70 20.25 20.40 19.57 19.40 19.62 18.91 19.90 20.64 20.08 20.16 20.50 20.22 20.47 19.95 19.66 20.64 20.13 20.17 20.30 20.14 19.81 20.04 20.22 20.11 19.32 20.07 19.57 19.89 20.07 19.66 19.79 20.41 20.40 20.90 20.82 20.86 20.88 20.97 20.99 21.05 21.12 21.14
20.04 20.46 20.32 20.17 20.51 20.93 20.63 20.78 20.72 20.84 20.88 20.42 20.80 20.54 20.20 20.97 21.00 20.84 20.58 19.44 20.44 19.97 20.75 20.48 19.64 20.25 19.78 19.75 20.40 20.39 20.76 19.91 20.30 20.30 19.76 20.43 20.33 20.11 19.02 20.43 19.96 19.96 20.58 20.34 20.58 20.72 20.54 20.41 19.92 20.65 20.39 20.11 20.33 20.43 20.57 20.27 19.95 20.30 20.18 20.74 20.09 19.30 20.04 19.80 20.11 20.21 19.33 20.11 20.59 20.72 20.61 20.84 20.57 20.85 21.02 20.94 21.09
20.23 20.38 20.24 20.45 20.63 20.83 20.46 20.60 20.56 20.87 20.58 20.47 20.60 20.97 20.49 20.60 20.24 20.75 20.02 19.63 19.69 20.50 20.29 19.70 20.78 19.94 20.57 20.77 19.74 19.99 19.94 20.14 20.19 20.34 19.55 20.32 20.19 19.79 20.20 20.22 19.64 20.13 19.61 20.33 20.33 19.95 19.69 20.14 20.40 19.46 19.57 18.71 18.98 19.02 18.89 20.12 20.17 19.56 19.80 19.46 18.99 19.51 19.24 18.81 19.61 19.79 19.79 20.25 19.69 20.60 20.58 20.61 20.69 20.66 21.08 21.08 21.03
20.06 20.30 20.71 20.45 20.72 20.83 20.64 20.73 20.99 20.98 20.98 20.99 21.02 20.81 20.41 20.72 20.20 20.67 20.35 19.56 19.84 20.25 19.88 20.26 20.40 20.10 19.61 19.47 20.33 20.30 19.34 20.14 19.45 18.19 19.27 18.92 19.76 20.01 20.04 18.77 20.04 19.78 19.74 20.52 20.48 19.97 20.09 20.06 20.13 20.37 20.33 19.85 19.84 19.52 19.60 19.10 18.74 19.00 19.97 19.86 19.62 19.75 19.28 19.51 20.28 20.03 19.67 19.72 20.14 20.05 20.66 20.48 20.69 20.57 20.94 21.01 21.04
20.41 20.68 20.84 20.86 20.85 20.72 20.84 20.92 20.86 20.98 20.83 20.53 20.62 20.71 20.74 20.79 20.45 20.58 20.57 20.30 19.76 20.15 20.40 19.63 20.37 19.90 19.92 20.31 19.92 19.66 19.49 19.89 19.85 19.50 20.36 19.63 20.14 19.96 19.90 19.61 20.20 20.32 19.97 20.33 19.93 20.44 20.14 19.55 19.64 19.91 19.94 20.17 18.81 18.21 19.76 19.23 19.36 20.00 19.39 18.96 19.73 19.01 19.15 18.77 17.31 19.08 19.44 19.21 19.85 19.81 20.01 20.68 20.75 20.74 20.51 20.89 21.08
20.34 20.26 20.92 20.92 20.98 21.02 20.94 20.84 20.38 20.35 20.79 19.95 20.31 19.75 20.96 20.73 20.55 20.91 20.18 20.35 20.08 20.33 20.38 19.61 20.06 19.94 20.66 20.15 20.60 20.06 19.69 19.81 19.32 18.43 19.58 19.70 19.98 19.77 19.47 19.96 20.53 19.99 20.48 20.27 20.58 20.16 20.17 20.00 20.34 20.31 20.10 19.51 19.04 19.59 19.91 18.57 19.12 19.76 19.43 18.50 20.36 19.82 20.10 18.95 19.54 20.12 19.49 20.18 20.00 20.46 20.32 20.69 20.81 20.77 20.81 20.68 21.00
20.41 20.58 20.66 20.64 20.82 20.50 20.77 20.24 20.66 20.52 20.42 20.13 19.94 20.64 20.64 20.55 20.61 19.92 20.40 20.11 20.22 20.56 20.13 19.77 20.27 20.17 20.70 19.57 19.84 19.82 19.50 19.85 19.74 19.19 19.71 19.59 19.47 19.77 20.06 19.93 19.54 19.97 20.17 19.53 20.11 20.14 19.99 19.80 19.95 20.50 20.14 19.83 19.82 19.73 19.39 20.03 20.42 19.09 18.81 19.81 19.94 19.69 20.39 19.42 20.03 19.80 18.97 18.99 18.75 19.21 20.13 20.33 20.61 20.88 20.90 20.81 20.69
20.21 20.53 20.37 20.41 20.72 20.49 20.35 20.10 20.27 20.07 20.39 20.36 20.55 20.97 20.52 20.19 20.35 20.17 20.22 19.79 20.14 20.03 20.43 20.09 20.16 19.90 20.47 20.20 19.20 20.14 20.31 19.58 19.46 19.34 19.90 19.92 19.98 20.24 20.00 19.74 19.74 20.08 20.25 19.79 20.28 20.46 20.35 19.51 19.60 19.88 20.17 20.36 20.43 19.95 20.16 20.01 18.68 19.37 19.89 19.45 18.87 19.56 19.82 20.49 20.21 19.72 20.37 19.59 19.20 19.81 19.78 19.87 20.38 20.74 20.85 20.91 20.84
20.53 20.53 20.65 20.46 20.50 19.30 19.99 19.25 20.02 19.89 20.17 20.24 20.12 20.25 19.75 19.53 20.86 20.25 20.20 20.16 19.96 20.09 19.88 20.42 20.37 19.86 20.26 20.28 20.25 20.49 19.98 19.50 19.58 19.44 19.19 20.01 19.56 19.37 19.74 19.59 20.23 20.28 20.00 19.97 19.46 20.12 20.52 19.43 19.65 19.80 19.56 19.77 20.04 19.83 20.37 20.03 20.11 18.76 18.44 19.11 18.57 18.57 19.46 19.20 20.39 20.64 20.32 19.29 18.85 19.23 19.59 19.99 20.29 20.86 20.63 20.86 20.87
