main/data/irradiance/28.05.2023.grid
ncols 839
nrows 679
xllcenter 112.0500
yllcenter -43.9500
cellsize 0.0500
nodata_value 99999.90
[rows 204 to 237 of 679, columns 77 to 153 of 839]
17.43 99999.90 99999.90 99999.90 99999.90 17.40 17.39 17.39 17.29 17.29 17.29 17.29 17.29 17.29 17.29 17.29 17.29 17.29 17.29 17.29 17.29 17.24 17.24 17.24 17.24 17.24 17.24 17.24 17.24 17.17 17.26 17.26 17.26 17.26 17.28 17.07 16.91 16.91 17.42 17.42 17.42 17.42 17.42 17.22 17.22 17.22 17.19 17.26 17.38 17.34 17.28 17.55 17.55 17.55 17.34 17.02 17.08 17.45 16.80 17.47 17.47 17.54 16.99 17.28 17.42 17.47 17.44 17.48 17.39 17.37 17.51 17.61 17.62 17.46 17.42 17.50 17.61
17.43 99999.90 99999.90 16.88 16.88 16.88 16.88 16.88 16.88 17.29 17.29 17.29 17.29 17.29 17.29 17.29 17.29 17.29 17.29 17.29 17.29 17.24 17.24 17.24 17.24 17.24 17.24 17.24 17.17 17.17 17.26 17.26 17.26 17.26 17.26 17.28 17.07 16.91 16.91 17.42 17.42 17.42 17.42 17.22 17.22 17.22 17.19 17.26 17.38 17.34 17.28 17.35 17.55 17.55 17.34 17.02 17.08 17.45 16.80 16.80 17.54 17.43 17.38 17.41 17.37 17.50 17.45 17.45 17.34 17.37 17.47 17.63 17.56 17.56 17.61 17.57 17.48
17.43 17.09 17.09 17.09 17.09 17.09 17.09 17.09 17.09 16.88 17.29 17.29 17.29 17.29 17.29 17.29 17.29 17.29 17.29 17.29 17.29 17.24 17.24 17.24 17.24 17.24 17.24 17.24 17.17 17.17 17.12 17.26 17.26 17.26 17.26 17.28 17.28 17.07 16.91 16.91 17.42 17.42 17.42 17.42 17.22 17.22 17.19 17.26 17.38 17.34 17.28 17.35 17.55 17.55 17.34 17.02 17.08 17.45 17.46 17.32 17.50 17.58 17.56 17.48 17.42 17.44 17.48 17.45 17.41 17.29 17.42 17.49 17.58 17.59 17.63 17.49 17.41
17.23 17.23 17.23 17.23 17.23 17.23 17.09 17.09 17.09 16.88 17.39 17.29 17.29 17.29 17.29 17.29 17.29 17.29 17.29 17.29 17.29 17.24 17.24 17.24 17.24 17.24 17.24 17.17 17.17 17.09 17.12 17.26 17.26 17.26 17.26 17.28 17.28 17.07 17.07 16.91 16.91 17.42 17.42 17.42 17.22 17.22 17.19 17.26 17.38 17.34 17.28 17.35 17.42 17.46 17.47 17.41 17.39 17.41 17.43 17.44 17.40 17.44 17.47 17.47 17.43 17.35 17.56 17.48 17.35 17.36 17.40 17.37 17.39 17.56 17.47 17.41 16.63
17.23 17.23 17.23 17.23 17.23 17.23 17.09 17.09 17.09 16.88 16.88 17.39 17.29 17.29 17.29 17.29 17.29 17.29 17.29 17.29 17.29 17.24 17.24 17.24 17.24 17.24 17.24 17.17 17.17 17.09 17.12 17.26 17.26 17.26 17.26 17.28 17.28 17.28 17.07 17.07 16.91 16.91 17.42 17.42 17.25 17.34 17.36 17.48 17.27 17.22 17.36 17.39 17.44 17.46 17.41 17.45 17.34 17.43 17.42 17.39 17.34 17.46 17.46 17.43 17.47 17.52 17.51 17.41 17.35 17.53 17.40 17.34 17.33 17.48 17.52 17.41 17.21
17.23 17.23 17.23 17.23 17.23 17.23 17.23 17.09 17.09 17.09 16.88 16.88 17.39 17.29 17.29 17.29 17.29 17.29 17.29 17.29 17.11 17.24 17.24 17.24 17.24 17.24 17.17 17.17 17.17 17.09 17.12 17.26 17.26 17.26 17.26 17.33 17.28 17.28 16.96 17.07 17.07 16.91 16.91 17.31 17.27 17.20 17.21 17.41 17.34 17.26 17.34 17.31 17.33 17.45 17.44 17.43 17.39 17.39 17.39 17.44 17.36 17.36 17.44 17.48 17.49 17.54 17.49 17.50 17.38 17.49 17.42 17.45 17.27 17.28 17.43 17.41 17.39
17.23 17.23 17.23 17.23 17.23 17.23 17.23 17.09 17.09 17.09 16.88 16.88 17.39 17.39 17.29 17.29 17.29 17.29 17.29 17.29 17.11 17.24 17.24 17.24 17.24 17.24 17.17 17.17 17.09 17.09 17.12 16.96 17.26 17.26 17.26 17.33 17.28 17.28 17.28 16.96 17.07 17.07 16.67 17.22 17.21 17.27 17.21 17.23 17.23 17.32 17.32 17.35 17.42 17.46 17.42 17.41 17.41 17.38 17.36 17.40 17.37 17.40 17.51 17.47 17.49 17.48 17.47 17.49 17.39 17.45 17.45 17.49 17.29 17.27 17.33 17.36 17.43
17.23 17.23 17.23 17.23 17.23 17.23 17.23 17.09 17.09 17.09 16.88 16.88 16.88 17.39 17.39 17.29 17.29 17.29 17.29 17.29 17.11 17.11 17.24 17.24 17.24 17.17 17.17 17.17 17.09 17.09 17.12 16.96 17.26 17.26 17.26 17.33 17.18 17.28 17.28 16.96 16.96 16.82 17.14 17.29 17.37 17.31 17.29 17.19 17.13 17.29 17.24 17.26 17.39 17.40 17.37 17.32 17.28 17.36 17.36 17.34 17.35 17.43 17.40 17.37 17.43 17.46 17.42 17.45 17.48 17.42 17.38 17.39 17.36 17.31 17.28 17.45 17.50
17.23 17.23 17.23 17.23 17.23 17.23 17.23 17.09 17.09 17.09 17.09 16.88 16.88 17.40 17.39 17.39 17.29 17.29 17.29 17.29 17.11 17.11 17.24 17.24 17.24 17.17 17.17 16.78 17.09 17.09 17.12 16.96 16.12 17.26 17.26 17.33 17.18 17.28 17.28 16.52 17.14 17.18 17.30 17.34 17.29 17.35 17.26 17.27 17.32 17.32 17.37 17.32 17.34 17.39 17.34 17.29 17.25 17.32 17.30 17.31 17.35 17.38 17.36 17.19 16.86 17.26 17.36 17.40 17.36 17.36 17.30 17.30 17.36 17.36 17.30 17.40 17.51
17.23 17.23 17.23 17.23 17.23 17.23 17.23 17.09 17.09 17.09 17.09 16.88 16.88 16.88 17.40 17.39 17.39 17.25 17.25 17.13 17.11 17.11 17.10 17.19 17.21 17.17 17.17 16.78 17.09 17.09 17.12 16.96 16.12 17.26 17.26 17.33 17.18 17.13 17.10 16.67 17.27 17.27 17.23 17.17 17.21 17.20 17.21 17.27 17.32 17.35 17.39 17.31 17.29 17.35 17.32 17.26 17.35 17.32 17.24 17.18 17.30 17.33 17.30 17.13 16.57 16.70 17.22 17.33 17.27 17.24 17.26 17.29 17.36 17.34 17.31 17.31 17.34
17.23 17.23 17.23 17.23 17.23 17.23 17.23 17.09 17.09 17.09 17.09 17.01 16.88 16.88 17.40 17.40 17.18 16.96 17.12 17.13 17.11 17.00 17.10 17.19 17.20 17.06 16.09 16.78 17.09 17.09 17.12 16.96 16.12 16.48 16.81 16.87 16.89 17.11 17.21 17.28 17.31 17.25 17.18 17.14 17.17 16.99 16.99 17.28 17.34 17.30 17.32 17.23 17.30 17.35 17.28 17.32 17.32 17.30 17.24 17.23 17.28 17.20 17.21 17.28 17.06 17.07 17.25 17.24 17.28 17.29 17.25 17.19 17.30 17.35 17.31 17.27 17.26
17.03 17.23 17.23 17.23 17.23 17.23 17.23 17.09 17.03 17.09 17.09 17.01 16.88 16.88 17.04 17.16 16.96 17.00 17.00 17.07 17.16 17.08 17.10 17.18 17.19 17.13 17.03 16.99 16.97 16.70 16.61 16.72 16.53 16.92 17.05 17.15 17.18 17.02 17.14 17.24 17.28 17.26 17.18 17.09 17.25 17.17 17.17 17.30 17.30 17.32 17.30 17.30 17.31 17.28 17.23 17.22 17.23 17.31 17.24 17.23 17.28 17.30 17.28 17.32 17.28 17.23 17.20 17.25 17.29 17.23 17.20 17.19 17.25 17.20 17.27 17.28 17.29
17.03 17.03 17.23 17.23 17.23 17.23 17.23 17.09 17.03 17.09 17.09 17.01 16.95 16.97 16.99 17.12 17.12 17.08 17.09 17.03 17.05 17.07 17.06 16.99 17.17 17.20 17.09 17.01 16.92 16.99 16.97 16.94 16.84 16.95 17.06 17.18 17.21 17.19 17.25 17.19 17.15 17.22 17.22 17.20 17.15 17.08 17.18 17.24 17.28 17.35 17.27 17.19 17.20 17.27 17.18 17.18 17.18 17.20 17.23 17.13 17.25 17.19 17.26 17.29 17.20 17.08 17.14 17.26 17.29 17.32 17.24 17.25 17.31 17.25 17.29 17.32 17.33
16.63 17.03 17.03 17.21 17.23 17.23 17.23 17.09 17.03 16.69 16.88 16.96 16.93 17.09 17.06 17.16 17.24 17.17 17.18 17.07 17.05 17.05 17.03 16.92 16.97 17.01 17.06 17.01 16.99 17.07 17.14 17.04 16.95 16.88 16.95 16.90 16.99 17.07 17.18 17.22 17.13 17.18 17.15 17.21 17.20 17.19 17.26 17.20 17.17 17.28 17.15 17.10 17.00 17.12 17.14 17.19 17.16 17.16 17.24 17.21 17.25 17.21 17.22 17.24 17.13 17.15 17.16 17.17 17.23 17.29 17.26 17.34 17.34 17.31 17.32 17.32 17.36
16.63 17.03 17.03 17.03 17.21 17.07 17.07 16.91 16.81 16.72 16.95 17.17 17.05 17.06 17.07 17.09 17.05 17.08 17.03 17.04 17.13 17.09 17.08 17.02 16.94 17.10 17.14 17.17 17.14 17.09 16.96 16.96 16.95 16.92 16.86 16.94 17.06 17.08 17.11 17.12 17.24 17.25 17.16 17.14 17.16 17.16 17.20 17.18 17.15 17.24 17.08 17.07 17.09 17.13 17.12 17.18 17.21 17.16 17.11 17.13 17.18 17.21 17.21 17.15 17.16 17.22 17.22 17.19 17.20 17.19 17.27 17.24 17.26 17.31 17.28 17.29 17.34
16.63 16.63 17.03 17.03 17.21 17.21 17.00 16.79 16.72 16.95 17.00 17.26 17.24 17.10 17.02 17.02 16.93 16.95 16.95 16.97 17.06 17.11 17.02 17.00 17.05 17.13 17.07 16.93 16.97 17.05 17.09 17.05 17.08 17.03 17.00 17.14 17.08 17.00 17.02 17.14 17.21 17.19 17.15 17.13 17.19 17.17 17.17 17.14 17.10 17.18 17.15 16.99 16.98 17.10 17.08 17.09 17.07 17.12 17.02 17.01 17.12 17.12 17.14 17.10 17.15 17.13 17.16 17.13 17.16 17.15 17.17 17.18 17.18 17.22 17.25 17.30 17.34
16.63 16.63 17.03 17.03 17.01 17.07 17.08 16.88 16.86 16.97 17.12 17.13 17.04 16.97 16.96 17.00 17.08 17.04 17.01 16.80 16.92 16.97 17.19 17.00 17.00 17.04 17.00 17.05 16.93 16.97 17.05 17.03 17.03 17.12 17.09 17.06 17.06 17.05 17.12 17.13 17.19 17.04 17.11 17.09 17.19 17.18 17.14 17.10 17.10 17.06 17.19 17.05 17.05 17.02 17.03 17.10 17.16 17.16 17.09 17.03 17.13 17.13 17.05 17.11 17.12 17.15 17.09 17.07 17.18 17.10 17.10 17.12 17.12 17.18 17.27 17.28 17.28
16.63 16.63 16.80 16.81 16.98 17.04 16.88 16.84 16.91 17.05 17.13 17.14 17.05 17.02 17.02 17.06 17.07 17.06 16.95 16.94 16.87 17.01 17.01 17.06 17.00 16.95 16.98 17.13 17.08 17.04 16.95 16.98 17.07 17.12 17.08 17.02 17.09 17.02 17.09 17.14 17.15 17.06 17.05 17.10 17.14 17.19 17.19 17.16 17.11 17.03 17.06 17.12 17.09 17.07 17.05 17.02 17.14 17.20 17.15 17.13 17.07 17.12 17.08 17.11 17.10 17.14 17.08 17.18 17.19 17.09 17.09 17.07 17.11 17.15 17.23 17.20 17.22
16.81 16.84 16.80 16.82 16.86 16.80 16.82 16.83 16.91 16.90 17.03 17.07 17.06 17.11 17.01 17.10 17.16 17.06 16.95 16.97 16.93 16.98 16.96 17.05 16.88 16.91 16.97 17.07 17.00 17.00 16.83 16.86 16.99 17.08 17.05 16.99 17.04 17.08 16.96 17.01 17.07 17.05 17.03 17.06 17.11 17.15 17.13 17.07 17.04 17.02 17.02 17.10 17.11 17.04 17.04 17.09 17.13 17.13 17.16 17.16 17.16 17.12 17.07 17.07 17.12 17.11 17.09 17.09 17.11 17.04 17.04 17.05 17.08 17.12 17.16 17.18 17.21
16.09 16.79 16.68 16.56 16.69 16.62 16.82 16.84 16.80 16.88 17.00 17.09 17.13 16.94 16.91 17.06 16.86 16.88 16.90 16.95 16.93 16.97 16.96 16.99 16.96 17.02 17.00 17.00 17.02 16.99 16.87 16.86 16.94 17.10 17.04 16.93 16.94 16.97 16.90 16.95 17.01 17.03 17.07 16.97 17.13 17.11 17.08 17.03 17.03 17.07 17.10 17.06 17.05 17.10 17.09 17.12 17.19 17.11 17.10 17.06 17.12 17.11 17.10 17.15 17.13 17.13 17.10 17.07 17.05 17.02 17.01 17.04 17.03 17.02 17.09 17.10 17.15
15.41 16.73 16.57 16.43 16.55 16.69 16.82 16.88 16.87 16.86 16.99 17.05 17.03 16.89 16.88 16.87 16.81 16.81 16.86 16.87 16.86 16.96 16.89 16.94 16.95 16.92 16.91 16.99 16.90 16.86 16.94 16.88 16.90 17.05 17.04 17.04 17.01 16.93 16.98 16.95 16.91 17.04 17.08 17.08 17.16 17.12 17.07 17.05 17.08 17.07 17.11 17.07 17.00 17.04 17.04 17.14 17.05 17.01 17.07 17.07 17.14 17.16 17.14 17.15 17.11 17.12 17.10 17.08 17.10 17.03 17.03 17.05 17.06 17.01 17.01 17.08 17.12
16.82 16.71 16.67 16.72 16.68 16.79 16.80 16.88 16.84 16.87 16.97 17.01 17.02 16.94 16.89 16.86 16.81 16.80 16.82 16.81 16.80 16.85 16.91 17.02 16.91 16.83 16.84 16.93 16.92 16.90 16.91 16.93 16.94 16.92 16.80 16.83 16.98 17.04 16.93 17.00 16.91 16.97 17.11 17.05 17.06 17.08 17.09 17.08 16.97 17.02 17.02 17.06 17.01 17.03 17.08 17.07 17.07 17.02 17.04 16.99 17.02 17.07 17.11 17.10 17.10 17.17 17.12 17.11 17.09 17.08 17.02 17.00 16.97 16.97 17.00 17.02 17.08
16.46 16.58 16.71 16.90 16.78 16.81 16.79 16.80 16.81 16.86 16.87 16.89 16.89 16.88 16.89 16.87 16.85 16.86 16.87 16.87 16.86 16.81 16.88 16.97 17.10 16.86 16.77 16.83 16.94 16.95 16.91 16.88 16.94 16.91 16.94 16.92 16.93 17.00 16.93 16.92 16.99 17.00 17.07 17.04 17.01 17.02 17.09 17.04 16.95 17.01 17.04 17.12 17.12 17.07 17.02 17.04 17.07 17.05 17.05 17.00 17.09 17.02 17.05 17.11 17.06 17.09 17.09 17.00 17.03 17.00 17.01 16.91 17.02 16.93 17.00 17.14 17.13
16.49 16.47 16.90 16.88 16.83 16.75 16.79 16.80 16.74 16.83 16.89 16.87 16.87 16.83 16.80 16.79 16.81 16.84 16.76 16.78 16.81 16.90 16.85 16.89 17.13 16.91 16.82 16.78 16.87 16.90 16.87 16.86 16.82 16.77 16.78 16.76 16.83 16.88 17.05 16.86 16.94 16.99 17.00 16.96 17.01 16.97 16.96 16.97 16.85 16.98 17.05 17.09 17.12 17.09 17.09 17.07 17.09 17.06 17.04 17.03 16.96 17.03 17.02 17.06 17.03 17.05 16.94 16.98 17.00 17.02 16.95 16.93 17.01 16.98 16.97 17.15 17.10
16.54 16.66 16.93 16.86 16.78 16.73 16.77 16.78 16.76 16.80 16.81 16.79 16.83 16.90 16.80 16.75 16.71 16.81 16.80 16.76 16.81 16.80 16.76 16.79 16.70 16.79 16.84 16.78 16.87 16.86 16.78 16.80 16.76 16.76 16.75 16.76 16.84 16.80 16.94 16.89 16.92 16.92 16.94 16.95 16.93 16.90 16.97 17.02 16.95 16.92 16.97 17.03 17.07 17.06 17.02 17.02 17.06 17.04 17.01 17.02 17.01 17.01 17.04 17.03 17.07 16.98 16.89 17.00 16.98 17.07 17.02 17.02 16.98 16.98 16.98 17.09 17.11
16.87 16.95 16.89 16.86 16.84 16.79 16.78 16.76 16.81 16.80 16.81 16.76 16.76 16.79 16.77 16.68 16.71 16.78 16.72 16.81 16.85 16.85 16.82 16.82 16.84 16.95 16.96 16.91 16.87 16.88 16.90 16.83 16.70 16.81 16.72 16.75 16.83 16.79 17.11 17.00 16.93 16.91 16.90 16.98 16.93 16.92 16.91 16.99 17.01 16.92 16.97 17.03 17.03 17.02 17.04 17.09 17.02 17.02 17.00 17.00 17.01 17.02 17.03 17.02 17.03 16.97 16.99 17.01 17.03 17.00 16.99 16.97 16.93 16.96 17.00 17.07 17.07
16.80 16.92 16.89 16.87 16.87 16.85 16.83 16.78 16.74 16.74 16.77 16.78 16.73 16.64 16.64 16.54 16.58 16.75 16.77 16.82 16.83 16.92 16.96 16.88 16.89 16.96 16.93 16.97 16.94 16.91 16.93 16.80 16.72 16.85 16.82 16.91 16.87 16.73 16.81 16.84 16.92 16.86 16.88 16.99 17.02 16.99 16.93 17.02 17.02 16.98 16.92 16.95 17.01 17.00 17.02 16.94 17.01 17.03 17.03 16.99 16.95 16.83 16.92 16.98 16.95 16.97 16.98 16.99 17.04 16.98 17.01 16.98 16.99 17.00 17.05 17.05 17.00
16.70 16.85 16.82 16.84 16.86 16.84 16.82 16.81 16.77 16.68 16.63 16.69 16.54 16.57 16.62 16.70 16.62 16.69 16.81 16.82 16.84 16.80 16.77 16.91 16.89 16.90 16.81 16.84 16.88 16.88 16.84 16.86 16.86 16.83 16.75 16.71 16.75 16.75 16.77 16.86 16.85 16.88 16.90 16.99 17.02 17.00 16.88 16.93 17.00 17.00 16.98 16.98 16.98 16.89 16.97 16.94 16.94 17.04 16.97 16.92 16.90 16.79 16.83 16.95 16.94 16.90 16.93 16.93 16.95 16.95 17.01 17.02 16.98 16.99 16.97 16.97 16.93
16.85 16.81 16.82 16.79 16.76 16.77 16.80 16.80 16.75 16.71 16.67 16.65 16.61 16.62 16.59 16.54 16.74 16.78 16.78 16.83 16.82 16.59 16.67 16.70 16.74 16.78 16.75 16.64 16.77 16.84 16.81 16.83 16.87 16.92 16.98 16.71 16.74 16.80 16.79 16.85 16.88 16.95 16.89 16.85 16.87 16.94 16.88 16.86 16.92 16.88 16.84 16.91 16.89 16.91 16.96 16.93 16.95 16.89 16.69 16.94 16.91 16.85 16.80 16.91 16.89 16.88 16.89 16.89 16.96 16.97 16.95 16.98 16.96 16.89 16.85 16.95 16.91
16.83 16.88 16.79 16.74 16.74 16.76 16.76 16.79 16.79 16.74 16.64 16.67 16.67 16.68 16.60 16.67 16.78 16.81 16.80 16.58 16.64 16.72 16.84 16.76 16.63 16.60 16.73 16.69 16.67 16.70 16.75 16.84 16.88 16.86 16.94 16.88 16.83 16.77 16.75 16.75 16.78 16.91 16.87 16.83 16.84 16.87 16.85 16.83 16.81 16.81 16.90 16.88 16.82 16.80 16.86 16.93 16.90 16.89 16.91 16.86 16.87 16.92 16.88 16.82 16.85 16.84 16.82 16.79 16.88 16.95 16.93 16.86 16.86 16.79 16.75 16.88 16.88
16.85 16.77 16.76 16.76 16.79 16.75 16.81 16.87 16.72 16.74 16.73 16.74 16.73 16.76 16.71 16.69 16.74 16.79 16.76 16.81 16.76 16.74 16.79 16.80 16.74 16.80 16.68 16.73 16.65 16.54 16.68 16.77 16.86 16.82 16.90 16.90 16.89 16.75 16.70 16.68 16.78 16.85 16.87 16.80 16.85 16.81 16.86 16.86 16.84 16.81 16.79 16.83 16.78 16.80 16.91 16.93 16.87 16.88 16.86 16.88 16.84 16.83 16.90 16.92 16.90 16.87 16.88 16.91 16.85 16.87 16.91 16.85 16.65 16.79 16.76 16.89 16.89
16.75 16.83 16.85 16.76 16.74 16.70 16.70 16.76 16.67 16.67 16.66 16.67 16.71 16.76 16.66 16.72 16.75 16.77 16.74 16.76 16.74 16.74 16.77 16.76 16.70 16.75 16.72 16.72 16.78 16.78 16.79 16.81 16.89 16.91 16.90 16.88 16.85 16.69 16.66 16.79 16.77 16.78 16.80 16.76 16.85 16.88 16.86 16.84 16.87 16.81 16.78 16.74 16.78 16.81 16.88 16.90 16.93 16.81 16.91 16.87 16.90 16.82 16.84 16.87 16.88 16.84 16.83 16.91 16.86 16.88 16.96 16.88 16.77 16.81 16.76 16.87 16.83
16.85 16.84 16.81 16.75 16.69 16.67 16.69 16.74 16.73 16.66 16.52 16.57 16.67 16.70 16.70 16.72 16.79 16.72 16.66 16.66 16.66 16.67 16.68 16.66 16.61 16.67 16.72 16.71 16.71 16.73 16.83 16.75 16.85 16.89 16.88 16.85 16.78 16.51 16.72 16.89 16.92 16.88 16.80 16.81 16.77 16.68 16.82 16.81 16.80 16.77 16.79 16.80 16.76 16.70 16.78 16.95 16.91 16.88 16.87 16.94 16.92 16.85 16.80 16.87 16.89 16.87 16.81 16.79 16.90 16.85 16.88 16.76 16.77 16.77 16.80 16.81 16.83
16.78 16.76 16.79 16.76 16.69 16.63 16.63 16.67 16.70 16.70 16.60 16.63 16.62 16.63 16.64 16.64 16.61 16.64 16.64 16.63 16.60 16.61 16.65 16.65 16.63 16.59 16.61 16.62 16.65 16.65 16.66 16.72 16.79 16.83 16.85 16.81 16.80 16.71 16.78 16.79 16.88 16.84 16.84 16.88 16.82 16.60 16.77 16.72 16.76 16.73 16.68 16.75 16.74 16.62 16.73 16.84 16.77 16.80 16.82 16.90 16.82 16.84 16.86 16.91 16.91 16.85 16.78 16.77 16.82 16.88 16.84 16.78 16.76 16.78 16.78 16.81 16.83
