main/data/irradiance/28.09.2023.grid
ncols 839
nrows 679
xllcenter 112.0500
yllcenter -43.9500
cellsize 0.0500
nodata_value 99999.90
[rows 204 to 237 of 679, columns 462 to 538 of 839]
24.85 25.23 24.99 24.52 24.99 24.83 25.38 25.50 24.91 25.15 24.91 25.16 24.78 24.95 24.70 25.34 25.55 25.40 25.35 24.80 24.75 24.83 24.69 24.41 25.00 24.94 25.13 24.96 24.95 25.08 24.87 24.70 24.85 24.95 24.86 25.03 24.71 24.49 24.85 24.43 24.49 24.44 24.46 24.71 24.75 24.63 24.65 24.80 24.82 24.84 24.83 24.74 24.80 24.61 24.53 24.61 24.60 24.66 24.46 24.48 24.49 24.42 24.32 24.56 24.60 24.75 24.73 24.43 24.60 24.69 24.93 24.96 24.93 24.98 24.90 24.92 24.88
24.79 24.72 24.72 25.14 25.17 25.35 24.95 24.51 24.35 24.99 24.54 24.54 24.58 25.00 25.51 25.23 25.66 25.42 25.31 24.75 24.37 25.05 24.74 25.14 24.78 24.64 25.11 25.10 24.94 25.09 24.92 25.00 24.71 25.09 25.07 25.06 24.76 24.82 24.89 24.21 24.54 24.47 24.68 24.54 24.62 24.74 24.72 24.84 24.85 24.84 24.69 24.93 24.79 24.79 24.56 24.45 24.43 24.17 24.17 24.26 24.37 24.35 24.37 24.38 24.42 24.42 24.53 24.48 24.64 24.79 24.95 25.00 25.26 25.24 24.96 24.99 25.00
24.74 24.55 24.51 25.10 24.84 24.21 24.51 24.75 25.17 24.00 25.08 25.04 24.91 24.89 25.37 25.15 25.03 24.68 24.84 24.82 24.45 24.81 24.76 24.45 24.99 24.98 24.98 24.98 24.91 24.82 24.88 24.95 25.05 25.11 24.44 25.03 25.03 25.00 25.06 24.45 24.58 24.51 24.66 24.46 24.45 24.62 24.75 24.73 24.75 24.78 24.79 24.79 24.72 24.69 24.61 24.38 24.13 23.94 24.13 24.19 24.33 24.40 24.43 24.48 24.45 24.45 24.57 24.77 24.95 24.87 24.87 24.91 25.20 25.22 25.13 24.99 24.95
24.60 24.60 24.42 25.00 24.77 24.37 25.04 24.82 25.19 25.12 24.94 25.22 25.34 25.46 25.20 24.75 25.40 24.74 24.36 24.55 24.54 24.57 24.61 24.46 25.15 24.80 24.61 24.97 24.80 25.20 25.04 24.96 25.12 25.08 25.17 25.07 24.91 25.18 25.07 24.97 24.66 24.51 24.77 24.72 24.52 24.60 24.74 24.70 24.54 24.47 24.61 24.42 24.65 24.38 24.39 24.34 24.23 24.24 24.27 24.27 24.57 24.52 24.33 24.37 24.43 24.75 24.54 24.47 24.68 25.05 25.09 24.97 24.98 25.09 25.13 24.99 24.86
24.80 24.50 24.19 24.42 24.62 24.68 24.86 24.23 24.99 25.57 25.12 25.32 25.03 25.36 25.17 25.02 25.17 25.30 24.51 24.29 25.06 24.72 24.27 24.83 24.21 24.86 23.81 25.10 25.00 24.97 25.11 25.08 24.92 25.21 25.06 24.85 24.99 25.18 25.26 25.24 24.84 24.43 24.63 24.30 24.76 24.42 24.23 24.25 24.26 24.26 24.61 24.58 24.22 24.28 23.97 23.97 24.14 24.27 24.40 24.36 24.59 24.70 24.61 24.57 24.60 24.62 24.48 25.34 24.80 24.80 24.89 24.98 25.03 25.01 24.97 24.87 24.60
24.47 24.60 24.08 25.01 24.80 24.72 24.83 24.55 25.10 25.38 25.02 25.20 25.23 24.81 25.60 25.35 25.36 25.02 25.42 24.78 24.55 24.80 24.50 24.66 23.93 24.67 24.71 24.83 24.57 25.19 24.98 24.68 25.02 25.13 24.63 25.27 25.10 25.09 25.04 25.28 24.87 24.78 24.91 24.65 24.43 23.90 23.82 23.62 24.24 24.25 24.61 24.52 24.13 24.21 24.09 24.05 24.36 24.40 24.54 24.55 24.54 24.62 24.49 24.53 24.73 24.75 24.66 24.83 24.80 24.87 24.86 24.98 24.96 24.98 24.87 24.90 24.84
24.56 23.94 23.82 24.21 24.55 24.61 24.78 24.51 24.76 25.16 25.05 25.59 25.35 24.83 25.16 25.44 25.49 25.61 25.11 24.89 24.41 24.91 24.47 24.48 24.75 24.22 24.55 24.98 24.31 24.98 24.70 25.28 23.57 25.00 24.96 24.94 24.63 25.02 24.73 24.80 24.81 24.69 24.91 24.95 24.69 23.92 24.48 23.66 24.19 24.20 24.21 23.83 24.12 24.25 24.34 24.42 24.46 24.56 24.67 24.58 24.52 24.53 24.47 24.51 24.56 24.53 24.72 24.83 24.89 24.79 24.62 24.79 24.81 24.68 24.81 24.59 24.70
24.41 24.47 24.24 24.52 23.75 24.91 24.59 24.41 25.51 25.08 24.87 25.16 24.85 24.90 25.52 24.74 25.58 25.52 25.44 25.11 24.76 25.02 24.75 24.25 24.88 25.09 24.27 24.74 24.42 25.08 24.64 24.79 24.58 24.84 24.32 24.29 24.68 24.19 24.50 24.42 24.46 24.21 24.88 24.59 24.42 24.25 24.56 23.89 24.17 24.31 24.20 23.79 24.07 24.30 24.24 24.38 24.29 24.57 24.48 24.56 24.53 24.49 24.51 24.50 24.54 24.45 24.51 24.53 24.34 24.40 24.54 24.46 24.63 24.76 24.62 24.79 24.83
24.39 24.16 23.70 23.43 24.22 24.24 24.62 24.79 25.25 24.17 24.38 24.60 24.94 25.53 25.20 25.38 24.87 25.49 25.09 25.36 24.67 24.95 24.92 25.08 24.88 24.89 24.73 24.94 24.99 23.57 24.25 24.99 24.89 24.60 23.76 24.87 24.53 24.43 24.62 24.12 24.57 24.29 24.66 24.87 24.55 24.58 24.22 24.03 24.21 24.00 24.31 24.09 24.22 24.44 24.52 24.40 24.59 24.33 24.55 24.33 24.52 24.48 24.47 24.38 24.41 24.39 24.51 24.49 24.44 24.45 24.41 24.36 24.75 24.47 24.41 24.60 24.87
24.77 23.41 24.10 23.56 24.68 23.56 22.12 23.73 24.57 25.17 24.00 25.13 25.24 25.22 25.12 25.65 24.78 25.58 25.21 25.39 24.56 24.70 24.91 25.05 24.94 24.86 25.08 24.55 25.09 24.68 24.54 24.95 24.60 24.11 23.96 24.36 24.84 24.37 23.93 24.69 24.76 24.43 24.81 23.96 24.31 24.40 24.58 24.74 24.50 24.00 23.72 24.15 24.13 24.30 24.05 24.30 24.27 24.71 24.57 24.51 24.60 24.53 24.35 24.45 24.35 24.55 24.45 24.47 24.39 24.36 24.35 24.24 24.69 24.33 24.48 24.62 24.72
24.72 24.10 24.35 24.16 24.54 24.99 23.50 24.10 24.57 24.92 25.31 25.26 24.59 24.71 24.37 24.74 24.30 25.39 25.12 24.75 24.83 24.30 24.67 24.61 24.10 24.28 25.16 24.84 25.24 24.89 25.23 24.91 24.65 24.68 24.59 24.24 24.06 24.16 23.88 24.66 23.79 23.50 24.35 24.49 24.39 24.27 24.40 24.70 24.39 24.00 23.89 23.85 24.15 24.10 24.06 24.34 24.44 24.73 24.68 24.57 24.57 24.58 24.41 24.55 24.46 24.47 24.42 24.55 24.39 24.23 24.29 24.34 24.60 24.60 24.67 24.64 24.50
24.47 24.80 25.03 24.23 25.02 24.92 24.63 24.06 24.10 24.43 24.67 24.84 25.06 24.65 24.87 23.79 24.34 24.96 23.35 24.95 24.81 24.18 24.09 24.47 23.71 24.80 24.14 24.86 25.01 24.16 25.05 25.09 24.81 24.17 25.08 24.35 24.22 24.51 24.57 24.33 24.60 23.69 23.63 23.67 23.45 24.43 24.45 24.25 24.58 23.96 23.91 24.03 24.09 24.20 23.93 24.06 24.65 24.43 24.76 24.52 24.56 24.55 24.51 24.41 24.60 24.44 24.58 24.52 24.43 24.29 24.39 24.43 24.58 24.68 24.70 24.58 24.86
24.77 24.53 24.61 25.00 24.43 25.08 24.32 24.84 24.26 24.86 24.30 24.62 24.29 24.13 24.91 24.39 23.20 24.82 23.96 24.81 24.30 23.96 24.48 24.18 23.78 24.67 24.25 24.08 25.00 24.87 23.89 24.72 25.00 24.36 25.01 23.34 24.92 24.15 24.78 24.40 24.33 24.53 24.84 24.10 24.26 24.39 24.65 24.22 24.71 24.16 24.24 23.96 23.06 24.11 24.10 24.16 24.70 24.49 24.59 24.34 24.55 24.26 24.61 24.49 24.41 24.57 24.75 24.61 24.51 24.48 24.79 24.66 24.66 24.87 24.71 24.76 24.74
24.60 24.96 24.56 24.74 24.59 24.35 24.36 23.82 24.23 24.51 24.30 24.03 24.30 25.06 23.99 24.38 24.75 24.79 24.30 24.62 24.42 24.53 24.65 24.21 24.35 24.35 24.79 24.69 24.64 23.39 24.57 24.53 24.57 24.79 24.55 24.56 23.96 24.28 23.45 24.64 24.67 24.29 24.32 23.02 24.74 24.88 24.34 24.37 24.50 23.90 24.34 24.26 23.97 24.00 24.48 24.04 24.52 24.18 23.90 24.51 24.40 24.31 24.64 24.48 24.64 24.69 24.39 24.68 24.38 24.52 24.51 24.59 24.61 24.57 24.61 24.67 24.67
24.40 24.76 24.67 24.03 24.58 24.56 24.48 24.31 24.24 24.55 24.96 24.15 24.19 24.93 24.75 24.31 23.74 24.60 24.81 24.60 24.44 24.43 24.31 24.04 24.35 24.73 24.31 24.42 24.84 23.42 24.75 24.78 24.57 24.09 24.85 24.36 24.35 24.34 23.51 24.66 23.94 24.15 24.33 24.87 24.47 24.89 24.49 23.91 23.67 24.50 24.10 23.89 24.16 24.66 24.60 23.52 23.79 24.01 24.39 24.54 23.97 24.50 24.32 24.45 24.50 24.67 24.68 24.45 24.50 24.51 24.39 24.45 24.43 24.63 24.66 24.59 24.71
24.77 24.87 24.61 24.29 24.65 24.74 24.69 24.47 24.43 23.97 24.43 24.58 24.09 24.07 23.93 24.64 23.63 24.84 24.08 24.78 23.61 24.24 24.81 24.31 24.49 24.33 24.40 24.55 24.53 24.45 22.89 24.42 24.18 24.08 24.12 24.71 24.05 24.61 24.28 24.43 23.67 24.05 24.19 23.89 24.39 23.96 24.26 24.66 23.82 24.67 24.15 24.64 24.31 24.33 24.25 23.41 23.95 23.25 24.35 24.41 24.35 24.68 24.50 24.50 24.38 24.46 24.60 24.49 24.50 24.37 24.46 24.21 24.30 24.55 24.50 24.68 24.67
24.74 24.84 24.68 23.83 24.31 23.83 24.98 24.56 24.24 24.61 24.20 24.13 24.74 24.20 24.38 24.35 24.20 24.74 24.16 24.64 24.85 23.63 24.33 24.41 24.33 24.28 24.67 24.00 23.43 24.54 24.84 24.67 24.14 23.99 24.73 24.43 23.32 24.79 24.45 24.03 23.90 23.88 24.17 22.83 23.61 23.38 23.68 23.79 23.33 24.19 24.17 24.55 24.38 23.08 24.17 24.13 24.25 23.36 23.65 24.19 24.23 24.37 24.55 24.45 24.46 24.41 24.54 24.59 24.64 24.32 24.46 24.46 24.47 24.47 24.47 24.59 24.63
24.90 24.67 24.48 24.54 24.59 24.28 24.48 23.50 23.94 24.82 23.66 24.40 24.22 24.01 24.16 24.25 23.75 24.24 24.02 24.25 24.45 23.31 24.51 23.85 23.61 24.38 23.95 24.10 24.23 24.31 24.46 24.09 24.24 24.56 24.79 24.63 24.35 24.56 24.39 24.25 24.18 23.52 23.77 22.86 23.97 24.41 23.72 23.82 23.95 23.34 23.84 23.70 24.40 23.52 24.31 24.28 24.09 24.30 23.71 24.35 24.19 24.16 24.07 24.14 24.51 24.44 24.52 24.64 24.66 24.57 24.62 24.67 24.53 24.55 24.46 24.42 24.48
24.71 24.49 24.55 24.43 24.89 24.27 24.50 24.01 23.35 24.22 24.11 24.00 23.35 23.70 24.64 23.43 24.09 23.85 23.45 23.61 24.05 22.66 23.99 22.86 23.57 23.45 23.95 23.71 24.53 24.01 24.13 24.16 24.27 23.58 24.33 24.82 24.36 24.67 24.13 24.21 23.80 24.28 24.07 23.68 24.20 23.50 23.57 23.95 24.18 23.07 24.28 23.62 24.09 23.54 24.08 23.78 24.23 24.26 23.65 24.04 23.07 24.37 24.10 24.32 24.69 24.28 24.69 24.47 24.40 24.40 24.67 24.73 24.66 24.48 24.54 24.51 24.74
24.19 24.63 24.28 23.52 24.29 24.75 23.87 23.86 24.02 24.37 24.49 23.72 24.06 24.00 24.33 24.03 23.70 23.83 23.50 24.25 23.37 23.13 23.81 22.34 22.37 24.58 23.99 24.06 24.42 22.66 23.82 24.50 23.77 23.10 24.59 24.60 24.05 24.26 23.76 24.58 24.07 23.74 24.32 24.53 24.27 24.04 23.81 24.41 23.56 24.33 23.82 23.83 24.06 23.79 23.89 22.25 24.53 23.66 23.40 23.92 23.49 23.70 23.94 24.50 24.56 24.29 24.43 24.54 24.51 24.54 24.69 24.76 24.68 24.68 24.58 24.52 24.60
24.12 24.37 24.42 24.83 24.33 24.33 24.75 24.18 23.77 24.56 24.38 23.70 24.03 24.07 23.78 24.79 24.40 24.33 24.06 23.11 24.16 24.19 24.24 22.97 23.73 23.76 23.63 23.89 23.41 23.02 23.50 23.57 24.02 24.06 24.17 24.05 23.63 23.44 24.33 24.35 23.84 24.26 24.17 24.25 24.34 24.13 24.31 23.73 23.80 23.63 23.96 23.27 23.45 24.46 23.82 24.00 24.14 23.98 24.43 23.89 23.99 23.64 23.38 24.26 24.21 24.50 24.42 24.50 24.37 24.61 24.55 24.84 24.77 24.70 24.75 24.65 24.65
24.48 23.95 24.49 24.52 23.60 23.81 24.41 24.46 22.67 24.18 24.39 24.01 24.53 23.03 23.52 24.00 24.69 24.39 24.29 24.07 24.32 23.57 24.42 22.76 23.55 24.23 23.52 24.62 22.66 24.10 24.20 24.44 23.93 24.36 23.44 24.06 24.20 23.60 23.83 24.02 24.02 23.88 24.24 24.47 24.45 23.87 24.50 23.97 24.18 24.12 23.97 22.60 23.01 24.37 23.18 23.68 24.16 24.18 24.02 24.04 24.14 23.83 23.87 24.17 24.06 24.24 24.21 24.45 24.47 24.70 24.57 24.78 24.76 24.63 24.72 24.56 24.49
24.51 24.69 24.29 23.91 24.45 23.50 24.41 24.15 24.42 23.99 24.06 24.44 23.50 21.97 23.91 24.13 24.61 23.68 23.60 23.67 24.18 24.29 23.46 23.83 24.26 24.30 24.15 23.77 23.70 23.94 23.92 23.37 23.79 24.50 23.52 23.53 23.04 23.66 24.10 24.07 24.63 24.17 24.04 23.75 24.23 23.66 24.05 24.57 23.91 24.27 23.75 23.60 23.58 24.47 24.03 24.05 24.26 24.43 24.08 23.26 23.88 23.89 23.54 23.97 24.09 24.16 24.58 24.42 24.20 24.47 24.51 24.73 24.83 24.59 24.63 24.52 24.39
24.61 24.28 24.25 23.68 23.42 22.75 24.17 23.42 23.36 24.62 24.63 24.56 24.05 22.98 23.54 24.10 24.18 24.38 22.96 24.59 24.31 23.84 23.41 23.71 23.43 24.26 24.28 23.67 23.84 23.94 23.36 23.97 23.92 23.50 23.53 22.79 24.21 24.40 23.32 23.51 24.16 23.33 24.46 23.36 23.81 24.21 23.76 24.49 24.32 24.27 23.67 23.84 23.29 24.13 23.60 23.72 23.77 24.34 23.73 23.92 24.31 24.04 23.75 23.93 24.47 24.61 24.38 24.43 24.51 24.63 24.35 24.66 24.64 24.47 24.62 24.49 24.52
24.19 23.35 24.50 24.50 23.14 22.02 24.25 24.44 23.40 24.03 24.72 24.37 24.20 23.25 23.16 24.04 24.09 23.11 22.38 24.46 22.22 23.80 23.24 23.34 24.27 24.44 24.50 23.52 24.14 24.13 24.66 23.41 23.08 24.02 22.82 22.43 24.21 23.87 23.61 23.96 24.06 23.48 24.22 23.17 23.23 24.38 24.05 23.69 23.68 23.70 24.34 23.89 24.36 23.85 24.33 24.20 23.82 24.48 23.44 23.47 24.05 23.97 23.54 24.41 24.15 24.54 24.52 24.37 24.45 24.47 24.40 24.32 24.63 24.39 24.49 24.26 24.61
24.02 23.36 23.29 23.90 24.22 22.15 24.00 24.84 23.49 23.97 24.59 24.62 23.64 22.95 23.23 23.29 23.91 23.37 22.94 24.15 23.54 24.55 23.03 22.96 24.11 23.66 22.93 23.01 23.38 23.57 23.14 23.90 22.98 23.85 24.00 23.10 24.17 23.69 23.54 23.78 23.79 23.07 24.05 23.72 23.93 24.09 24.06 22.95 24.20 24.22 24.01 24.09 24.02 24.21 24.04 23.74 23.69 23.98 24.34 23.76 23.86 24.14 23.74 24.21 23.90 24.50 24.08 24.49 24.39 24.21 24.60 24.43 24.53 24.51 24.41 24.39 24.57
23.83 24.19 23.39 23.39 23.77 24.29 24.57 23.74 23.26 23.03 24.90 23.95 24.34 22.93 23.14 24.08 24.11 23.60 22.95 23.17 23.85 24.40 22.25 23.45 23.11 23.99 23.48 22.50 23.26 24.20 23.23 23.88 22.87 24.03 23.84 23.38 23.16 23.47 23.84 23.38 24.39 23.57 23.93 24.31 23.73 23.09 24.44 23.35 23.97 24.21 24.32 23.36 23.36 23.53 23.77 23.44 24.21 23.54 24.10 23.43 24.45 24.02 23.69 24.33 24.42 23.95 24.27 24.17 24.21 24.63 24.34 24.44 24.43 24.53 24.42 24.46 24.61
23.68 24.14 24.13 23.27 23.84 24.37 23.68 22.72 23.21 23.36 24.59 24.32 24.36 23.50 24.08 24.06 22.55 23.62 23.52 23.78 23.93 24.23 23.68 23.64 22.35 24.23 23.84 22.93 23.38 23.42 23.91 22.76 23.08 23.81 22.89 23.78 24.21 23.87 23.96 23.22 24.21 24.29 23.80 23.25 24.31 23.28 24.03 23.59 24.23 23.73 23.91 23.95 23.67 24.30 24.09 23.39 24.19 23.58 24.11 24.00 23.94 24.20 23.42 23.74 24.13 24.34 24.33 24.21 24.31 24.01 24.05 24.28 24.17 24.53 24.48 24.32 24.44
23.61 23.71 23.97 23.69 23.70 23.94 23.90 23.76 23.72 23.40 23.88 23.42 24.29 23.44 24.40 22.82 24.03 23.42 23.81 23.86 23.49 24.05 23.97 23.59 24.03 23.20 22.49 23.88 21.86 23.94 23.77 22.84 22.71 23.84 23.53 23.18 23.75 23.26 23.80 23.34 24.24 23.51 22.59 22.96 23.18 22.94 23.87 23.92 23.65 23.43 24.55 23.53 24.23 24.15 23.77 24.19 24.37 23.83 24.04 24.03 24.20 24.43 24.38 23.86 23.96 24.12 24.72 24.05 24.41 24.12 24.35 24.42 24.26 24.05 24.54 24.55 24.70
24.07 24.41 23.58 24.40 24.29 24.12 23.41 23.51 24.59 22.73 23.00 23.53 23.96 24.50 24.17 23.42 23.84 22.86 23.37 23.72 23.36 22.52 23.51 22.62 24.31 23.70 22.19 23.24 23.82 23.56 23.90 23.68 23.11 23.31 24.51 23.18 22.91 24.32 22.49 23.86 23.93 24.40 23.18 23.95 24.22 23.63 24.16 22.79 22.94 23.73 23.27 23.60 23.60 23.63 22.97 24.04 23.79 24.17 23.91 23.87 24.06 24.20 24.27 23.79 24.29 24.31 24.10 24.34 24.09 24.41 24.20 24.20 24.24 23.88 24.53 24.57 24.68
24.03 23.75 23.45 23.79 24.04 24.23 23.70 24.35 24.00 23.66 23.17 23.75 23.47 23.49 24.46 23.68 23.52 23.38 23.39 23.16 22.49 23.24 23.35 22.04 23.56 23.44 23.07 22.90 23.97 24.10 23.48 23.00 23.75 23.33 24.00 23.86 23.13 23.84 23.79 23.88 23.95 24.06 23.15 23.43 24.33 24.08 23.39 22.89 23.11 24.08 23.40 24.10 23.77 23.76 24.24 23.31 24.35 23.85 24.23 24.38 23.77 23.81 23.51 23.50 23.25 24.27 24.17 24.04 24.36 24.42 24.24 23.96 24.60 24.07 24.27 23.96 24.00
22.77 23.70 23.71 23.46 24.26 24.40 23.72 24.21 24.14 23.50 23.88 23.98 23.76 23.47 22.79 23.31 22.86 23.69 23.54 23.58 23.66 23.09 23.60 23.26 23.24 24.05 23.41 23.40 23.03 24.00 24.18 22.33 23.97 23.79 24.20 23.30 23.90 23.70 24.49 23.90 23.29 24.02 23.54 23.09 23.90 23.63 23.39 23.67 23.04 23.57 24.22 24.02 24.08 23.44 24.22 23.39 23.77 24.17 23.18 24.07 23.87 23.95 24.41 23.95 23.52 23.76 23.58 24.37 23.87 24.59 24.28 24.61 24.13 24.17 24.28 24.24 24.61
24.20 23.83 24.35 24.21 23.92 23.96 24.43 23.43 24.26 24.22 23.58 23.31 23.88 23.68 23.55 23.41 23.33 24.19 23.45 23.50 23.69 22.94 23.20 23.80 24.02 23.27 23.01 23.26 23.56 23.82 23.27 24.36 23.12 24.15 24.23 24.01 24.11 23.61 24.18 24.20 23.01 24.53 23.92 23.60 23.78 23.54 24.30 22.69 22.74 23.67 23.69 22.88 23.62 24.27 23.51 23.27 24.23 23.50 23.50 24.04 23.89 24.13 24.05 24.22 23.96 23.69 23.81 24.33 23.50 23.17 24.61 24.04 23.84 23.91 24.76 24.30 24.45
23.80 23.74 24.29 23.99 24.06 23.67 23.07 23.23 24.34 23.87 23.96 23.26 23.72 22.73 23.78 23.96 23.70 24.12 22.96 23.65 23.16 23.15 23.02 23.69 23.80 23.66 23.50 23.93 23.14 24.23 23.64 24.27 23.82 24.43 24.47 24.05 23.84 24.30 23.96 24.35 23.90 23.97 24.29 23.91 23.45 23.97 23.65 23.33 23.76 23.51 23.81 23.69 23.50 23.90 23.98 23.20 23.83 23.20 24.35 23.97 23.42 24.04 23.88 23.70 24.29 23.84 23.12 23.12 24.24 23.77 24.52 23.22 24.32 23.75 24.67 23.74 24.08
