main/data/irradiance/28.05.2023.grid
ncols 839
nrows 679
xllcenter 112.0500
yllcenter -43.9500
cellsize 0.0500
nodata_value 99999.90
[rows 374 to 407 of 679, columns 231 to 307 of 839]
14.04 14.04 14.03 14.04 14.06 14.06 14.05 14.04 14.03 14.03 14.01 14.05 14.03 14.01 14.01 14.01 14.04 13.96 14.04 14.03 14.02 14.03 14.01 14.01 14.02 14.07 14.06 14.05 14.05 14.03 14.04 14.07 14.05 14.04 14.03 14.03 14.03 14.03 14.03 14.03 14.03 14.03 14.03 14.03 14.01 14.06 14.06 14.05 14.05 14.03 14.04 14.03 14.02 14.03 14.03 14.03 14.04 14.05 14.06 14.03 14.04 14.06 14.04 14.01 14.01 14.02 14.02 14.02 14.03 14.03 14.04 14.04 14.05 14.03 14.03 14.02 14.02
14.05 14.03 14.00 14.02 14.02 14.02 14.00 14.01 14.02 14.01 14.01 14.00 14.00 13.99 13.98 13.99 14.00 14.01 14.02 14.02 13.98 14.00 14.02 14.01 14.00 14.02 14.04 14.02 14.02 14.02 14.03 14.03 14.03 14.02 14.02 14.02 14.03 14.01 14.02 14.02 14.01 14.01 14.00 14.00 14.00 14.03 14.02 14.01 14.02 14.01 14.01 14.01 13.99 13.99 14.00 13.99 14.01 14.01 14.00 13.99 14.00 14.01 14.00 14.00 13.99 13.99 14.00 14.00 14.00 14.01 14.00 14.01 14.02 14.03 14.03 14.03 14.00
14.01 14.01 14.00 14.00 13.98 13.97 13.98 13.99 13.99 13.99 13.98 13.98 13.98 13.96 13.97 13.98 14.00 13.99 14.00 14.02 13.99 14.00 14.00 14.00 14.00 14.02 14.00 13.98 14.00 14.00 14.01 14.01 14.00 14.01 13.98 13.99 14.00 14.01 14.01 14.00 13.99 14.00 13.99 13.99 14.00 13.98 13.98 13.98 13.97 13.97 13.97 13.98 13.98 14.00 13.98 13.97 13.99 13.99 13.99 13.99 13.99 13.98 13.97 13.98 13.97 13.96 13.97 13.99 13.97 13.97 13.97 13.97 13.99 14.00 13.99 14.00 13.98
13.99 13.97 13.97 13.95 13.96 13.98 13.98 13.98 13.98 13.97 13.96 13.97 13.96 13.95 13.96 13.96 13.97 13.99 14.00 13.99 13.94 13.97 13.98 13.99 13.99 13.99 13.97 13.96 13.96 13.98 13.98 14.00 13.98 13.97 13.96 13.97 13.99 13.98 13.99 13.99 13.96 13.97 13.98 13.97 13.97 13.95 13.97 13.96 13.94 13.93 13.93 13.95 13.97 13.97 13.96 13.95 13.95 13.94 13.95 13.96 13.96 13.96 13.96 13.95 13.95 13.94 13.94 13.96 13.95 13.95 13.95 13.95 13.95 13.95 13.97 13.95 13.95
13.95 13.95 13.95 13.93 13.92 13.92 13.93 13.92 13.96 13.95 13.95 13.94 13.94 13.96 13.95 13.95 13.94 13.94 13.95 13.95 13.90 13.93 13.96 13.95 13.94 13.94 13.95 13.92 13.92 13.95 13.95 13.94 13.95 13.96 13.95 13.95 13.95 13.95 13.96 13.95 13.95 13.94 13.95 13.94 13.93 13.93 13.95 13.96 13.95 13.94 13.95 13.95 13.95 13.93 13.93 13.92 13.92 13.92 13.91 13.93 13.92 13.91 13.92 13.91 13.91 13.91 13.92 13.92 13.92 13.92 13.93 13.93 13.92 13.93 13.93 13.93 13.93
13.92 13.93 13.92 13.92 13.90 13.90 13.89 13.90 13.92 13.93 13.94 13.93 13.92 13.92 13.94 13.94 13.92 13.90 13.91 13.91 13.90 13.92 13.92 13.90 13.90 13.90 13.92 13.92 13.93 13.92 13.91 13.92 13.92 13.94 13.93 13.92 13.90 13.90 13.92 13.91 13.91 13.91 13.91 13.91 13.92 13.93 13.95 13.96 13.95 13.95 13.94 13.93 13.92 13.92 13.91 13.90 13.89 13.90 13.90 13.90 13.93 13.92 13.91 13.92 13.92 13.91 13.93 13.92 13.91 13.91 13.92 13.92 13.91 13.92 13.91 13.91 13.91
13.91 13.91 13.91 13.91 13.91 13.88 13.87 13.88 13.89 13.90 13.92 13.92 13.90 13.90 13.92 13.94 13.95 13.90 13.88 13.88 13.87 13.86 13.86 13.88 13.87 13.89 13.90 13.91 13.90 13.89 13.88 13.88 13.88 13.89 13.89 13.89 13.89 13.87 13.89 13.89 13.89 13.89 13.89 13.92 13.92 13.91 13.93 13.94 13.94 13.91 13.92 13.91 13.90 13.90 13.91 13.89 13.88 13.91 13.90 13.91 13.58 13.75 13.88 13.89 13.90 13.89 13.91 13.91 13.92 13.91 13.91 13.91 13.90 13.90 13.91 13.91 13.89
13.89 13.90 13.89 13.88 13.87 13.89 13.87 13.90 13.87 13.89 13.91 13.91 13.90 13.92 13.90 13.89 13.85 13.87 13.86 13.87 13.85 13.84 13.87 13.86 13.84 13.87 13.87 13.88 13.88 13.86 13.87 13.85 13.86 13.86 13.86 13.87 13.88 13.88 13.86 13.86 13.86 13.86 13.88 13.89 13.91 13.90 13.91 13.90 13.91 13.91 13.90 13.90 13.90 13.90 13.89 13.88 13.88 13.88 13.88 13.65 13.54 13.65 13.87 13.89 13.87 13.87 13.90 13.90 13.89 13.89 13.89 13.89 13.88 13.87 13.88 13.88 13.87
13.89 13.89 13.89 13.87 13.86 13.86 13.87 13.89 13.87 13.89 13.90 13.87 13.89 13.90 13.89 13.86 13.85 13.86 13.84 13.85 13.84 13.82 13.83 13.83 13.84 13.89 13.86 13.85 13.87 13.85 13.84 13.84 13.85 13.83 13.85 13.84 13.85 13.84 13.82 13.82 13.84 13.85 13.85 13.85 13.86 13.87 13.88 13.87 13.87 13.89 13.89 13.89 13.89 13.89 13.86 13.86 13.88 13.85 13.84 13.74 13.77 13.74 13.86 13.87 13.82 13.87 13.87 13.86 13.86 13.86 13.86 13.87 13.83 13.85 13.86 13.86 13.84
13.86 13.89 13.87 13.87 13.85 13.86 13.87 13.88 13.87 13.89 13.87 13.87 13.85 13.87 13.88 13.87 13.86 13.81 13.80 13.80 13.82 13.81 13.82 13.84 13.85 13.85 13.85 13.86 13.84 13.83 13.82 13.83 13.83 13.80 13.83 13.83 13.84 13.82 13.82 13.83 13.83 13.84 13.83 13.83 13.86 13.87 13.86 13.86 13.86 13.87 13.87 13.86 13.87 13.86 13.85 13.86 13.85 13.86 13.84 13.83 13.81 13.78 13.82 13.85 13.84 13.84 13.86 13.86 13.86 13.86 13.83 13.81 13.81 13.82 13.82 13.82 13.81
13.83 13.80 13.86 13.83 13.83 13.83 13.85 13.85 13.86 13.85 13.83 13.81 13.81 13.82 13.81 13.83 13.86 13.80 13.79 13.81 13.78 13.79 13.80 13.80 13.80 13.82 13.82 13.82 13.80 13.78 13.79 13.81 13.80 13.78 13.80 13.80 13.81 13.81 13.80 13.79 13.79 13.82 13.81 13.84 13.82 13.83 13.84 13.84 13.84 13.84 13.85 13.85 13.85 13.85 13.85 13.85 13.84 13.83 13.84 13.84 13.81 13.80 13.79 13.81 13.82 13.82 13.81 13.82 13.84 13.79 13.77 13.81 13.80 13.79 13.79 13.79 13.79
13.79 13.78 13.79 13.77 13.80 13.81 13.83 13.82 13.84 13.82 13.77 13.79 13.79 13.81 13.79 13.81 13.80 13.79 13.77 13.77 13.75 13.77 13.79 13.77 13.77 13.78 13.77 13.79 13.79 13.78 13.76 13.79 13.79 13.76 13.77 13.77 13.77 13.79 13.80 13.80 13.81 13.84 13.79 13.80 13.78 13.81 13.81 13.81 13.83 13.82 13.82 13.83 13.83 13.84 13.83 13.83 13.83 13.82 13.82 13.80 13.81 13.81 13.80 13.81 13.81 13.80 13.80 13.81 13.80 13.81 13.81 13.80 13.80 13.79 13.80 13.80 13.81
13.80 13.78 13.74 13.74 13.76 13.78 13.80 13.78 13.78 13.80 13.74 13.74 13.74 13.77 13.78 13.78 13.77 13.77 13.74 13.75 13.74 13.75 13.74 13.75 13.75 13.75 13.75 13.77 13.77 13.78 13.76 13.76 13.77 13.74 13.76 13.77 13.76 13.78 13.79 13.79 13.80 13.80 13.80 13.77 13.77 13.79 13.78 13.80 13.80 13.80 13.80 13.80 13.80 13.80 13.79 13.77 13.78 13.78 13.77 13.77 13.78 13.78 13.78 13.78 13.77 13.77 13.78 13.78 13.78 13.78 13.78 13.78 13.78 13.77 13.76 13.75 13.76
13.79 13.79 13.75 13.72 13.72 13.77 13.75 13.73 13.77 13.79 13.76 13.76 13.79 13.77 13.75 13.73 13.76 13.77 13.74 13.74 13.73 13.73 13.74 13.75 13.76 13.74 13.73 13.75 13.78 13.78 13.78 13.76 13.75 13.78 13.77 13.76 13.73 13.75 13.77 13.78 13.78 13.77 13.77 13.78 13.78 13.79 13.80 13.80 13.79 13.79 13.80 13.78 13.78 13.77 13.76 13.76 13.74 13.74 13.75 13.75 13.77 13.76 13.76 13.75 13.75 13.76 13.75 13.75 13.75 13.74 13.74 13.74 13.75 13.75 13.74 13.74 13.74
13.76 13.73 13.73 13.72 13.71 13.73 13.76 13.74 13.75 13.75 13.74 13.75 13.75 13.74 13.73 13.74 13.71 13.74 13.71 13.70 13.70 13.71 13.75 13.75 13.75 13.72 13.70 13.73 13.75 13.76 13.75 13.72 13.74 13.76 13.76 13.74 13.72 13.73 13.75 13.76 13.76 13.75 13.75 13.74 13.74 13.74 13.75 13.75 13.74 13.74 13.74 13.75 13.75 13.74 13.73 13.73 13.74 13.73 13.74 13.73 13.74 13.74 13.75 13.75 13.74 13.73 13.72 13.72 13.72 13.72 13.71 13.72 13.72 13.72 13.72 13.73 13.72
13.70 13.69 13.69 13.68 13.69 13.74 13.75 13.71 13.71 13.69 13.68 13.68 13.71 13.72 13.69 13.68 13.70 13.73 13.74 13.70 13.68 13.69 13.71 13.74 13.72 13.69 13.68 13.69 13.72 13.69 13.68 13.69 13.72 13.73 13.73 13.70 13.72 13.73 13.73 13.73 13.72 13.71 13.71 13.70 13.69 13.69 13.70 13.70 13.70 13.70 13.71 13.71 13.73 13.73 13.74 13.73 13.73 13.71 13.70 13.71 13.70 13.71 13.71 13.70 13.70 13.69 13.71 13.70 13.70 13.70 13.69 13.69 13.68 13.69 13.69 13.70 13.70
13.66 13.66 13.67 13.65 13.66 13.68 13.71 13.72 13.70 13.67 13.68 13.67 13.66 13.68 13.69 13.65 13.68 13.72 13.72 13.72 13.71 13.68 13.69 13.70 13.68 13.66 13.66 13.66 13.66 13.64 13.64 13.65 13.69 13.71 13.70 13.69 13.70 13.71 13.72 13.71 13.69 13.68 13.68 13.68 13.68 13.68 13.69 13.70 13.70 13.69 13.69 13.69 13.72 13.73 13.73 13.72 13.71 13.70 13.68 13.67 13.68 13.69 13.69 13.70 13.70 13.69 13.68 13.68 13.67 13.68 13.68 13.67 13.67 13.67 13.68 13.69 13.67
13.65 13.65 13.65 13.66 13.65 13.64 13.64 13.63 13.69 13.68 13.71 13.70 13.70 13.68 13.66 13.66 13.69 13.66 13.71 13.72 13.66 13.63 13.67 13.67 13.66 13.65 13.64 13.64 13.64 13.61 13.61 13.64 13.66 13.67 13.67 13.68 13.66 13.68 13.68 13.67 13.66 13.65 13.65 13.66 13.68 13.70 13.70 13.69 13.69 13.69 13.68 13.68 13.70 13.70 13.70 13.70 13.69 13.68 13.67 13.68 13.69 13.69 13.69 13.69 13.69 13.67 13.66 13.66 13.65 13.66 13.66 13.66 13.65 13.65 13.65 13.65 13.65
13.65 13.62 13.62 13.63 13.65 13.63 13.63 13.64 13.66 13.67 13.67 13.66 13.67 13.67 13.64 13.64 13.68 13.69 13.69 13.68 13.66 13.62 13.60 13.63 13.64 13.62 13.61 13.62 13.62 13.59 13.58 13.60 13.65 13.65 13.62 13.62 13.63 13.64 13.64 13.64 13.63 13.62 13.63 13.64 13.66 13.68 13.68 13.68 13.69 13.69 13.67 13.66 13.67 13.68 13.68 13.68 13.67 13.68 13.67 13.67 13.69 13.68 13.67 13.69 13.68 13.67 13.67 13.66 13.65 13.64 13.64 13.63 13.64 13.63 13.64 13.64 13.64
13.62 13.60 13.59 13.60 13.61 13.63 13.63 13.64 13.63 13.65 13.66 13.65 13.64 13.65 13.68 13.64 13.62 13.62 13.64 13.67 13.62 13.58 13.56 13.56 13.57 13.57 13.58 13.59 13.57 13.55 13.55 13.57 13.60 13.60 13.59 13.59 13.59 13.59 13.60 13.61 13.61 13.59 13.60 13.62 13.63 13.65 13.64 13.63 13.64 13.65 13.65 13.66 13.67 13.66 13.66 13.66 13.66 13.68 13.66 13.65 13.65 13.65 13.64 13.66 13.64 13.62 13.65 13.63 13.61 13.61 13.62 13.62 13.62 13.61 13.61 13.61 13.61
13.59 13.60 13.58 13.62 13.63 13.63 13.62 13.63 13.62 13.62 13.61 13.62 13.62 13.61 13.63 13.64 13.60 13.58 13.56 13.55 13.55 13.55 13.54 13.54 13.55 13.54 13.54 13.54 13.54 13.53 13.54 13.56 13.57 13.57 13.57 13.56 13.57 13.58 13.59 13.59 13.58 13.59 13.58 13.60 13.60 13.60 13.61 13.62 13.62 13.62 13.62 13.62 13.65 13.64 13.64 13.63 13.64 13.63 13.63 13.64 13.62 13.62 13.62 13.62 13.63 13.63 13.56 13.61 13.60 13.60 13.60 13.61 13.60 13.59 13.59 13.58 13.58
13.55 13.58 13.60 13.60 13.59 13.60 13.61 13.59 13.56 13.56 13.60 13.65 13.62 13.60 13.59 13.59 13.60 13.56 13.53 13.52 13.52 13.53 13.53 13.55 13.53 13.51 13.52 13.52 13.54 13.53 13.53 13.54 13.54 13.54 13.54 13.54 13.54 13.54 13.57 13.57 13.56 13.57 13.58 13.61 13.61 13.59 13.60 13.61 13.61 13.62 13.62 13.62 13.60 13.61 13.60 13.61 13.62 13.61 13.61 13.62 13.60 13.58 13.58 13.60 13.62 13.61 13.60 13.60 13.59 13.58 13.58 13.58 13.58 13.57 13.56 13.56 13.56
13.53 13.56 13.56 13.53 13.54 13.52 13.52 13.54 13.54 13.57 13.58 13.61 13.59 13.57 13.56 13.58 13.59 13.54 13.52 13.50 13.51 13.51 13.52 13.52 13.51 13.51 13.50 13.52 13.50 13.49 13.52 13.51 13.51 13.51 13.52 13.52 13.51 13.52 13.53 13.54 13.54 13.54 13.55 13.57 13.58 13.58 13.58 13.57 13.57 13.58 13.59 13.58 13.57 13.57 13.56 13.58 13.59 13.60 13.60 13.60 13.60 13.59 13.57 13.58 13.60 13.61 13.60 13.59 13.59 13.57 13.56 13.56 13.55 13.55 13.54 13.54 13.55
13.53 13.56 13.54 13.51 13.50 13.50 13.50 13.51 13.54 13.54 13.56 13.56 13.53 13.52 13.53 13.56 13.53 13.51 13.51 13.49 13.50 13.52 13.51 13.51 13.50 13.49 13.48 13.51 13.49 13.48 13.48 13.48 13.47 13.48 13.48 13.50 13.49 13.50 13.52 13.51 13.52 13.53 13.55 13.54 13.53 13.55 13.57 13.58 13.58 13.55 13.56 13.57 13.57 13.57 13.55 13.56 13.58 13.57 13.58 13.59 13.58 13.59 13.58 13.58 13.58 13.58 13.57 13.57 13.57 13.55 13.54 13.53 13.53 13.52 13.53 13.53 13.54
13.53 13.55 13.55 13.55 13.54 13.53 13.52 13.55 13.52 13.52 13.54 13.53 13.55 13.50 13.50 13.50 13.47 13.48 13.47 13.47 13.51 13.50 13.47 13.47 13.48 13.45 13.45 13.47 13.46 13.45 13.44 13.44 13.46 13.45 13.47 13.48 13.47 13.47 13.49 13.49 13.51 13.50 13.52 13.52 13.52 13.51 13.55 13.55 13.56 13.56 13.54 13.54 13.52 13.51 13.52 13.52 13.53 13.54 13.55 13.54 13.55 13.57 13.57 13.56 13.56 13.56 13.54 13.54 13.55 13.55 13.52 13.53 13.53 13.52 13.52 13.53 13.53
13.51 13.53 13.52 13.54 13.55 13.55 13.56 13.58 13.57 13.56 13.53 13.53 13.52 13.50 13.48 13.47 13.44 13.44 13.44 13.45 13.46 13.47 13.48 13.46 13.45 13.43 13.43 13.44 13.43 13.42 13.43 13.43 13.44 13.44 13.46 13.46 13.46 13.47 13.47 13.48 13.47 13.48 13.48 13.48 13.49 13.53 13.55 13.52 13.52 13.53 13.52 13.51 13.49 13.48 13.49 13.49 13.51 13.52 13.52 13.49 13.51 13.54 13.56 13.55 13.55 13.55 13.52 13.52 13.50 13.51 13.52 13.53 13.54 13.53 13.52 13.51 13.52
13.50 13.50 13.50 13.52 13.52 13.53 13.54 13.55 13.51 13.50 13.47 13.48 13.50 13.48 13.45 13.45 13.43 13.43 13.42 13.43 13.45 13.45 13.46 13.44 13.43 13.42 13.43 13.42 13.41 13.41 13.42 13.42 13.43 13.44 13.45 13.45 13.43 13.43 13.44 13.43 13.43 13.45 13.46 13.47 13.50 13.51 13.46 13.49 13.50 13.52 13.49 13.48 13.49 13.48 13.50 13.49 13.48 13.50 13.52 13.51 13.53 13.54 13.55 13.55 13.55 13.54 13.52 13.52 13.49 13.47 13.49 13.50 13.51 13.52 13.52 13.52 13.51
13.51 13.47 13.51 13.50 13.50 13.49 13.51 13.50 13.53 13.47 13.45 13.42 13.43 13.44 13.44 13.45 13.42 13.41 13.41 13.41 13.41 13.41 13.40 13.39 13.40 13.41 13.41 13.41 13.41 13.39 13.39 13.40 13.41 13.41 13.42 13.43 13.42 13.41 13.41 13.41 13.42 13.43 13.43 13.45 13.48 13.50 13.48 13.47 13.50 13.50 13.48 13.48 13.48 13.48 13.48 13.44 13.44 13.48 13.48 13.50 13.50 13.50 13.52 13.52 13.52 13.52 13.52 13.52 13.48 13.46 13.45 13.46 13.48 13.48 13.48 13.49 13.48
13.50 13.49 13.48 13.50 13.46 13.43 13.39 13.44 13.42 13.42 13.42 13.39 13.37 13.39 13.38 13.40 13.37 13.36 13.37 13.39 13.41 13.40 13.38 13.37 13.40 13.38 13.37 13.40 13.38 13.39 13.38 13.38 13.38 13.38 13.39 13.40 13.40 13.40 13.40 13.42 13.43 13.41 13.43 13.44 13.47 13.46 13.49 13.47 13.48 13.47 13.47 13.47 13.48 13.48 13.43 13.42 13.35 13.30 13.40 13.42 13.46 13.45 13.46 13.48 13.49 13.47 13.43 13.42 13.46 13.45 13.45 13.44 13.43 13.42 13.45 13.41 13.42
13.45 13.45 13.45 13.47 13.47 13.43 13.40 13.39 13.38 13.39 13.37 13.35 13.34 13.35 13.36 13.38 13.36 13.37 13.36 13.36 13.37 13.35 13.35 13.35 13.35 13.36 13.35 13.36 13.36 13.36 13.36 13.36 13.36 13.37 13.38 13.38 13.38 13.40 13.41 13.43 13.43 13.43 13.44 13.43 13.45 13.46 13.46 13.48 13.49 13.47 13.48 13.48 13.47 13.47 13.45 13.46 13.44 13.39 13.36 13.37 13.42 13.41 13.40 13.45 13.47 13.46 13.41 13.43 13.44 13.44 13.42 13.42 13.43 13.43 13.42 13.42 13.41
13.44 13.43 13.45 13.46 13.43 13.38 13.37 13.38 13.37 13.37 13.35 13.33 13.33 13.34 13.35 13.35 13.35 13.38 13.35 13.34 13.33 13.33 13.35 13.34 13.33 13.33 13.32 13.33 13.34 13.33 13.33 13.34 13.36 13.37 13.38 13.39 13.39 13.39 13.40 13.41 13.43 13.44 13.43 13.42 13.44 13.43 13.46 13.46 13.45 13.47 13.47 13.46 13.45 13.44 13.40 13.39 13.41 13.42 13.42 13.39 13.40 13.42 13.38 13.39 13.40 13.42 13.43 13.42 13.42 13.42 13.41 13.41 13.40 13.41 13.39 13.37 13.38
13.34 13.34 13.42 13.43 13.38 13.36 13.35 13.34 13.33 13.30 13.29 13.30 13.29 13.32 13.33 13.33 13.33 13.34 13.34 13.32 13.31 13.30 13.29 13.31 13.33 13.31 13.30 13.31 13.32 13.34 13.36 13.34 13.34 13.35 13.36 13.37 13.38 13.38 13.39 13.40 13.42 13.42 13.41 13.44 13.42 13.45 13.45 13.45 13.44 13.45 13.45 13.47 13.44 13.44 13.42 13.36 13.42 13.41 13.39 13.40 13.39 13.38 13.39 13.39 13.41 13.42 13.41 13.39 13.39 13.39 13.39 13.40 13.39 13.38 13.37 13.38 13.34
13.31 13.34 13.36 13.32 13.31 13.31 13.31 13.31 13.31 13.30 13.29 13.28 13.27 13.28 13.30 13.29 13.28 13.30 13.33 13.28 13.26 13.26 13.26 13.28 13.29 13.30 13.30 13.31 13.32 13.34 13.35 13.33 13.33 13.32 13.35 13.35 13.35 13.36 13.37 13.38 13.36 13.38 13.41 13.42 13.40 13.41 13.41 13.42 13.44 13.44 13.44 13.45 13.43 13.41 13.40 13.39 13.38 13.37 13.40 13.36 13.33 13.32 13.35 13.37 13.37 13.38 13.38 13.37 13.36 13.37 13.36 13.33 13.34 13.33 13.34 13.34 13.33
13.33 13.28 13.30 13.27 13.29 13.29 13.29 13.27 13.27 13.27 13.26 13.25 13.26 13.25 13.26 13.26 13.24 13.24 13.28 13.26 13.24 13.24 13.25 13.28 13.26 13.28 13.29 13.30 13.31 13.33 13.33 13.32 13.32 13.31 13.33 13.34 13.34 13.37 13.37 13.36 13.34 13.38 13.39 13.40 13.40 13.40 13.40 13.39 13.41 13.42 13.43 13.43 13.43 13.42 13.40 13.40 13.38 13.38 13.38 13.37 13.33 13.31 13.31 13.33 13.35 13.35 13.32 13.32 13.35 13.33 13.33 13.32 13.32 13.31 13.33 13.32 13.31
