main/data/irradiance/28.08.2023.grid
ncols 839
nrows 679
xllcenter 112.0500
yllcenter -43.9500
cellsize 0.0500
nodata_value 99999.90
[rows 170 to 203 of 679, columns 308 to 384 of 839]
22.23 22.25 22.25 22.21 22.19 22.17 22.23 22.21 22.19 22.19 22.15 22.21 22.20 22.19 22.19 22.28 22.21 22.15 22.15 22.04 22.08 22.13 22.16 22.18 22.12 22.19 22.25 22.26 22.32 22.31 22.27 22.28 22.28 22.29 22.25 22.15 22.12 22.22 22.22 22.23 22.23 22.24 22.22 22.21 22.22 22.20 22.18 22.18 22.20 22.17 22.19 22.20 22.11 22.15 22.16 22.18 22.22 22.19 22.21 22.25 22.23 22.26 22.26 22.26 22.27 22.29 22.35 22.39 22.34 22.27 22.26 22.29 22.31 22.32 22.32 22.25 22.26
22.19 22.19 22.21 22.16 22.09 22.14 22.17 22.18 22.16 22.19 22.17 22.21 22.19 22.20 22.16 22.19 22.14 22.13 22.12 22.06 22.07 22.14 22.16 22.13 22.21 22.22 22.21 22.23 22.24 22.28 22.28 22.28 22.29 22.28 22.31 22.30 22.27 22.28 22.26 22.22 22.26 22.26 22.22 22.21 22.22 22.18 22.19 22.21 22.21 22.24 22.19 22.17 22.12 22.16 22.18 22.21 22.32 22.21 22.20 22.18 22.21 22.24 22.22 22.24 22.27 22.27 22.32 22.31 22.32 22.35 22.32 22.33 22.33 22.28 22.28 22.25 22.27
22.22 22.20 22.16 22.07 21.98 22.04 22.13 22.14 22.17 22.20 22.21 22.20 22.19 22.16 22.21 22.19 22.20 22.16 22.09 22.11 22.12 22.13 22.10 22.08 22.17 22.16 22.14 22.15 22.21 22.23 22.25 22.27 22.27 22.31 22.29 22.30 22.27 22.28 22.26 22.25 22.21 22.23 22.21 22.20 22.20 22.17 22.19 22.20 22.19 22.18 22.21 22.23 22.19 22.14 22.13 22.19 22.25 22.23 22.23 22.21 22.20 22.23 22.26 22.24 22.25 22.21 22.23 22.24 22.25 22.31 22.29 22.25 22.25 22.22 22.30 22.28 22.23
22.20 22.16 22.09 21.95 22.02 22.02 22.08 22.12 22.13 22.18 22.22 22.22 22.22 22.17 22.19 22.21 22.19 22.17 22.07 22.13 22.08 22.02 22.05 22.21 22.19 22.19 22.14 22.16 22.17 22.21 22.19 22.25 22.26 22.25 22.29 22.30 22.28 22.27 22.25 22.23 22.21 22.20 22.20 22.22 22.17 22.17 22.16 22.12 22.16 22.16 22.14 22.16 22.18 22.15 22.16 22.14 22.17 22.22 22.26 22.23 22.20 22.23 22.26 22.26 22.26 22.24 22.27 22.27 22.28 22.26 22.25 22.26 22.26 22.22 22.19 22.22 22.28
22.14 22.09 22.07 22.00 22.05 22.05 22.03 22.09 22.05 22.12 22.16 22.19 22.22 22.21 22.22 22.22 22.15 22.15 22.05 22.05 22.02 22.09 22.18 22.20 22.19 22.18 22.15 22.17 22.18 22.19 22.18 22.20 22.23 22.23 22.22 22.27 22.23 22.24 22.24 22.23 22.25 22.21 22.20 22.19 22.16 22.16 22.12 22.13 22.13 22.16 22.14 22.18 22.15 22.11 22.18 22.18 22.11 22.15 22.23 22.22 22.19 22.22 22.23 22.20 22.17 22.19 22.21 22.21 22.21 22.20 22.27 22.27 22.23 22.22 22.17 22.16 22.21
22.13 22.08 22.07 22.00 22.10 22.13 22.03 22.05 22.07 22.10 22.08 22.16 22.23 22.26 22.21 22.19 22.10 22.03 22.04 22.11 22.12 22.18 22.20 22.19 22.20 22.21 22.18 22.16 22.20 22.22 22.19 22.19 22.23 22.20 22.22 22.20 22.24 22.22 22.23 22.25 22.19 22.22 22.18 22.17 22.17 22.16 22.14 22.09 22.12 22.13 22.14 22.17 22.16 22.14 22.15 22.21 22.45 22.45 22.50 22.50 22.19 22.18 22.20 22.17 22.16 22.19 22.21 22.20 22.18 22.20 22.26 22.22 22.21 22.19 22.20 22.20 22.19
22.07 22.06 22.05 22.08 22.00 22.03 22.06 22.14 22.07 22.08 22.11 22.11 22.15 22.16 22.21 22.15 22.03 22.06 22.06 22.09 22.12 22.14 22.18 22.18 22.16 22.17 22.16 22.14 22.13 22.14 22.17 22.16 22.19 22.19 22.16 22.19 22.18 22.21 22.20 22.18 22.21 22.15 22.14 22.15 22.15 22.12 22.15 22.11 22.11 22.11 22.12 22.16 22.21 22.32 22.34 22.40 22.46 22.49 22.49 22.27 22.17 22.17 22.16 22.16 22.21 22.17 22.20 22.22 22.22 22.17 22.21 22.17 22.18 22.17 22.16 22.18 22.18
22.05 22.01 21.99 22.04 22.02 22.02 22.09 22.14 22.10 22.14 22.19 22.22 22.14 22.11 22.13 22.12 21.98 22.13 22.12 22.07 22.12 22.11 22.08 22.13 22.14 22.13 22.15 22.16 22.14 22.17 22.11 22.13 22.16 22.19 22.17 22.19 22.18 22.18 22.20 22.20 22.17 22.17 22.11 22.13 22.10 22.16 22.09 22.10 22.09 22.06 22.08 22.13 22.41 22.26 22.18 22.37 22.42 22.34 22.20 22.14 22.16 22.17 22.14 22.19 22.18 22.15 22.18 22.20 22.14 22.20 22.21 22.16 22.18 22.16 22.13 22.12 22.16
22.04 22.01 22.00 22.01 22.06 22.04 22.05 22.11 22.16 22.15 22.20 22.18 22.09 22.13 22.19 22.10 21.99 22.09 22.13 22.09 22.09 22.09 22.09 22.09 22.08 22.08 22.10 22.11 22.09 22.12 22.11 22.12 22.13 22.13 22.13 22.13 22.14 22.16 22.12 22.17 22.15 22.16 22.09 22.13 22.13 22.08 22.07 22.10 22.09 22.12 22.08 22.11 22.14 22.14 22.31 22.27 22.06 22.04 22.05 22.08 22.15 22.15 22.16 22.19 22.20 22.17 22.21 22.22 22.21 22.14 22.16 22.14 22.13 22.15 22.12 22.11 22.14
22.04 22.05 22.01 22.02 22.03 22.04 22.10 22.13 22.14 22.15 22.18 22.15 22.15 22.17 22.14 22.03 21.94 22.03 22.10 22.11 22.09 22.09 22.11 22.13 22.12 22.07 22.03 22.05 22.09 22.11 22.10 22.09 22.11 22.10 22.09 22.10 22.13 22.12 22.11 22.08 22.11 22.16 22.14 22.13 22.14 22.15 22.14 22.13 22.12 22.10 22.17 22.16 22.21 22.16 22.23 22.16 22.07 22.07 22.08 22.08 22.13 22.13 22.16 22.14 22.13 22.15 22.18 22.14 22.12 22.07 22.16 22.17 22.18 22.17 22.13 22.16 22.16
22.05 22.01 22.02 22.05 22.08 21.96 22.09 22.12 22.17 22.15 22.15 22.18 22.12 22.12 22.09 22.00 21.91 21.95 22.06 22.08 22.07 22.04 22.04 22.12 22.11 22.07 22.05 22.02 22.00 22.01 22.05 22.10 22.09 22.05 22.03 22.07 22.09 22.12 22.10 22.09 22.12 22.14 22.12 22.12 22.15 22.17 22.14 22.14 22.11 22.13 22.09 22.12 22.16 22.10 22.06 22.11 22.08 22.09 22.11 22.24 22.34 22.27 22.19 22.15 22.12 22.14 22.13 22.12 22.17 22.17 22.14 22.17 22.14 22.13 22.12 22.11 22.11
22.05 22.05 22.03 22.05 22.06 22.05 22.07 22.10 22.10 22.07 22.13 22.13 22.09 22.09 22.13 22.02 21.94 22.02 22.04 22.07 22.04 22.03 22.07 22.08 22.05 22.04 22.00 21.98 22.02 22.00 22.00 22.00 22.02 22.05 22.06 22.07 22.06 22.08 22.11 22.11 22.12 22.13 22.08 22.12 22.15 22.20 22.15 22.10 22.08 22.09 22.10 22.14 22.14 22.11 22.08 22.10 22.13 22.11 22.14 22.16 22.33 22.38 22.38 22.36 22.34 22.34 22.29 22.30 22.17 22.15 22.15 22.10 22.12 22.10 22.11 22.10 22.11
22.09 22.12 22.08 22.07 22.09 22.06 22.05 22.08 22.05 22.09 22.11 22.04 22.04 22.06 22.10 21.98 22.02 22.13 22.05 22.05 22.06 22.02 22.04 22.06 22.03 21.99 22.02 22.06 22.11 22.02 22.04 22.04 21.98 22.03 22.08 22.06 22.06 22.10 22.09 22.08 22.08 22.08 22.08 22.09 22.11 22.10 22.09 22.04 22.07 22.04 22.00 22.00 22.07 22.08 22.09 22.11 22.11 22.09 22.09 22.40 22.38 22.35 22.37 22.38 22.39 22.39 22.36 22.13 22.09 22.13 22.07 22.01 22.02 22.07 22.12 22.11 22.12
22.06 22.05 22.05 22.07 22.06 22.02 22.03 22.02 22.04 22.07 22.03 22.00 21.97 21.90 21.92 22.01 22.06 22.09 22.02 21.96 21.95 21.98 22.03 22.06 22.00 21.97 21.99 22.06 22.02 22.04 22.02 22.01 22.01 22.01 22.01 22.02 22.03 22.06 22.06 22.05 22.08 22.07 22.06 22.07 22.02 22.04 22.07 22.05 22.05 22.01 22.01 22.02 22.04 22.08 22.09 22.12 22.16 22.14 22.13 22.08 22.08 22.12 22.32 22.37 22.38 22.38 22.27 22.11 22.00 22.08 22.04 22.05 22.11 22.10 22.10 22.10 22.08
22.04 22.03 22.04 22.02 22.07 22.06 22.03 22.01 22.04 22.07 21.92 21.90 21.84 21.89 22.03 21.97 22.02 22.04 22.06 21.94 21.98 21.98 22.01 22.03 22.04 22.02 22.04 21.99 22.02 22.00 21.96 21.93 21.98 22.02 22.01 22.02 21.99 22.00 21.99 22.02 22.03 22.03 22.05 22.13 22.05 22.05 22.05 22.02 22.01 21.97 21.98 22.03 22.02 22.03 22.07 22.06 22.12 22.10 22.08 22.07 22.09 22.09 22.17 22.35 22.36 22.36 22.29 22.12 22.07 22.03 21.99 22.07 22.09 22.06 22.07 22.06 22.05
22.05 22.03 22.03 22.04 22.01 22.00 21.99 22.00 22.05 21.98 22.00 21.91 21.97 22.06 22.01 21.90 22.01 22.02 21.99 21.98 21.97 22.00 21.98 22.00 21.94 21.93 21.92 21.93 21.96 21.99 21.98 21.94 22.00 21.98 22.01 22.02 22.00 21.99 22.02 22.01 22.00 22.02 22.04 22.18 22.05 22.04 22.02 22.02 22.01 22.00 21.97 22.00 22.02 22.00 22.03 22.06 22.05 22.06 22.08 22.08 22.07 22.12 22.10 22.06 22.28 22.30 22.19 22.06 22.06 22.01 22.01 22.06 22.03 22.05 22.04 22.05 22.05
22.03 22.02 22.04 22.04 21.98 21.96 21.95 21.93 21.98 22.07 22.10 22.04 22.02 22.04 22.04 22.01 21.97 22.01 21.99 22.03 21.96 21.96 21.93 21.93 21.96 21.92 21.94 21.96 21.92 21.97 21.95 21.96 21.98 21.97 21.95 21.99 22.01 21.98 22.02 22.00 22.01 22.01 22.02 21.98 22.01 22.01 22.01 22.03 22.01 21.98 22.00 22.02 22.01 22.00 22.00 22.01 22.05 22.03 22.05 22.05 22.07 22.11 22.10 22.09 22.07 22.05 22.05 22.04 22.04 22.03 22.00 21.99 22.03 22.04 22.04 22.01 22.00
22.02 22.05 22.07 22.01 21.97 21.92 21.94 22.03 22.04 22.09 22.08 22.07 22.01 22.06 22.07 22.01 21.97 21.92 21.95 22.04 21.95 21.95 21.97 21.98 22.02 21.98 21.96 21.94 21.91 22.00 21.99 21.98 21.97 21.93 21.95 21.96 21.90 21.98 21.98 21.97 22.00 21.98 21.98 21.98 21.96 21.95 22.03 22.01 21.99 21.97 22.01 21.99 22.03 21.98 22.00 22.01 22.02 22.00 22.02 22.00 22.02 22.04 22.05 22.05 22.03 22.06 22.05 21.84 22.01 22.03 22.02 22.00 22.03 22.04 22.03 22.02 22.00
22.05 21.99 21.98 21.98 21.97 21.92 21.92 21.98 22.01 22.04 22.07 22.08 22.06 22.11 22.01 22.01 22.00 22.00 21.95 22.01 21.99 21.98 21.98 22.03 22.02 21.99 21.96 21.89 21.91 21.96 21.97 21.89 21.94 21.95 21.91 21.94 21.96 21.97 21.96 21.94 21.96 21.98 21.95 21.94 21.98 21.99 22.00 21.96 21.99 21.96 22.00 21.97 22.00 21.99 21.99 21.98 22.02 21.99 21.99 21.99 21.99 21.99 21.99 22.01 22.00 22.01 22.02 22.01 22.04 22.01 22.02 22.06 21.98 22.00 22.00 21.99 21.97
22.04 22.01 21.99 22.00 21.98 21.89 21.93 21.95 21.95 21.93 22.01 22.01 22.01 22.00 21.95 21.94 21.97 22.00 22.00 21.98 21.94 21.95 21.94 21.99 22.00 22.01 21.97 21.92 21.91 21.89 21.98 21.91 21.90 21.92 21.91 21.91 21.97 21.97 21.96 21.92 21.92 21.93 21.98 22.00 21.96 21.91 21.97 21.95 21.98 21.94 22.00 22.00 21.99 21.96 21.99 22.00 22.02 22.04 22.01 22.02 22.00 21.96 21.97 21.99 21.97 21.98 21.98 21.94 21.96 21.97 21.98 21.99 22.00 22.00 21.96 21.94 21.98
21.98 22.00 22.01 21.98 21.98 21.89 21.97 21.99 21.92 21.92 21.95 21.98 21.96 21.90 21.90 21.95 22.00 22.01 22.02 22.00 21.97 21.94 21.93 21.98 22.03 22.03 22.01 21.95 21.94 21.90 21.93 21.95 21.91 21.90 21.93 21.94 22.04 22.03 22.07 22.17 21.96 22.13 21.98 21.93 21.90 21.92 21.86 21.91 21.97 21.96 21.97 21.98 21.98 21.97 21.97 21.99 22.00 21.99 22.01 21.95 21.97 21.96 21.97 21.97 21.97 21.94 21.92 21.92 21.91 21.92 21.95 21.93 21.97 21.99 21.97 21.96 21.94
22.15 22.27 22.21 22.03 21.90 21.85 21.91 21.90 21.87 21.89 21.90 21.91 21.90 21.90 21.84 21.96 21.95 22.00 21.97 21.98 21.97 21.97 22.00 22.05 22.00 21.95 21.97 21.94 21.94 21.91 21.88 21.94 21.96 21.91 22.00 22.04 22.13 22.11 22.12 22.09 22.16 22.15 22.11 21.94 21.93 21.93 21.84 21.93 21.94 21.93 21.97 21.99 21.92 21.94 21.94 22.01 21.99 21.97 22.01 21.98 21.95 21.96 21.92 21.94 21.90 21.88 21.94 21.94 21.97 21.97 21.95 21.96 21.97 21.98 21.97 21.97 21.95
22.17 22.09 21.96 21.93 21.85 21.80 21.92 21.94 21.98 22.01 21.96 21.93 21.91 21.93 21.95 21.94 21.96 21.93 21.96 21.95 21.96 21.96 21.99 22.01 22.02 21.99 21.93 21.90 21.90 21.91 21.98 22.04 22.03 22.04 22.03 22.01 22.04 22.05 21.93 21.91 21.89 21.88 21.91 21.89 21.87 21.91 21.90 21.92 21.89 21.97 21.96 21.97 21.95 21.93 21.95 22.00 21.99 21.97 21.97 21.95 21.94 21.95 21.92 21.91 21.87 21.89 21.95 21.93 21.96 21.95 21.96 21.96 21.95 21.96 21.96 21.92 21.96
21.98 21.88 21.78 21.75 21.90 21.98 21.94 21.91 22.00 21.92 21.91 21.92 21.92 21.90 21.93 21.98 21.95 21.95 21.95 21.93 21.91 21.90 21.92 21.93 21.93 21.94 21.91 21.91 21.96 21.93 21.97 22.03 22.02 22.00 21.97 21.95 21.90 21.92 21.88 21.86 21.85 21.86 21.87 21.89 21.88 21.94 21.90 21.90 21.88 21.95 21.95 21.93 21.95 21.96 21.94 21.96 21.93 21.93 21.92 21.91 21.91 21.91 21.89 21.86 21.91 21.91 21.90 21.90 21.92 21.93 21.91 21.91 21.90 21.89 21.90 21.86 21.93
21.79 21.68 21.80 21.94 22.02 22.00 21.97 21.92 21.95 21.87 21.92 21.94 21.95 21.97 21.90 21.94 21.96 21.89 21.89 21.86 21.87 21.86 21.88 21.90 21.91 21.91 21.95 21.94 21.95 21.94 21.93 21.96 21.93 21.93 21.88 21.89 21.88 21.88 21.86 21.72 21.80 21.86 21.85 21.85 21.84 21.89 21.90 21.87 21.85 21.90 21.93 21.93 21.94 21.91 21.90 21.92 21.93 21.90 21.88 21.86 21.89 21.89 21.84 21.88 21.87 21.91 21.92 21.90 21.89 21.85 21.86 21.89 21.90 21.90 21.90 21.89 21.89
21.75 21.68 21.89 21.93 21.97 21.99 21.87 21.91 21.93 21.85 21.93 21.95 22.03 21.97 21.87 21.92 21.89 21.88 21.85 21.84 21.81 21.88 21.88 21.90 21.98 21.94 21.94 21.93 21.93 21.90 21.88 21.86 21.90 21.90 21.91 21.86 21.86 21.86 21.85 21.82 21.82 21.85 21.82 21.82 21.84 21.85 21.86 21.85 21.90 21.89 21.90 21.90 21.89 21.88 21.91 21.90 21.91 21.86 21.84 21.77 21.87 21.80 21.78 21.91 21.87 21.73 21.82 21.90 21.89 21.85 21.88 21.87 21.89 21.89 21.90 21.90 21.94
21.74 21.76 21.86 21.86 21.91 21.97 21.96 21.94 21.91 21.89 21.93 21.96 22.00 21.92 21.81 21.89 21.85 21.84 21.83 21.83 21.84 21.85 21.87 21.90 21.92 21.91 21.89 21.87 21.82 21.83 21.82 21.86 21.87 21.88 21.82 21.84 21.82 21.84 21.83 21.81 21.81 21.81 21.81 21.84 21.85 21.83 21.83 21.82 21.87 21.86 21.86 21.92 21.87 21.90 21.90 21.90 21.89 21.79 21.79 21.81 21.80 21.81 21.80 21.86 21.83 21.89 21.86 21.88 21.86 21.85 21.86 21.86 21.86 21.87 21.88 21.87 21.88
21.75 21.85 21.85 21.87 21.91 21.92 21.87 21.84 21.85 21.94 21.92 22.01 21.95 21.90 21.85 21.86 21.89 21.85 21.86 21.89 21.88 21.89 21.84 21.84 21.89 21.88 21.86 21.85 21.83 21.85 21.83 21.81 21.80 21.80 21.80 21.78 21.80 21.84 21.83 21.84 21.86 21.83 21.81 21.85 21.81 21.80 21.81 21.81 21.84 21.86 21.87 21.86 21.85 21.87 21.88 21.88 21.81 21.76 21.77 21.70 21.84 21.87 21.80 21.86 21.84 21.86 21.84 21.83 21.85 21.83 21.84 21.88 21.83 21.85 21.86 21.86 21.88
21.81 21.77 21.84 21.85 21.87 21.86 21.76 21.73 21.69 21.82 21.85 21.89 21.88 21.88 21.85 21.83 21.87 21.87 21.84 21.85 21.85 21.85 21.84 21.84 21.82 21.82 21.80 21.82 21.80 21.79 21.80 21.79 21.76 21.77 21.73 21.75 21.77 21.79 21.82 21.79 21.81 21.80 21.83 21.82 21.83 21.81 21.81 21.82 21.83 21.85 21.86 21.82 21.83 21.85 21.90 21.84 21.77 21.77 21.83 21.86 21.85 21.91 21.88 21.89 21.87 21.89 21.85 21.84 21.85 21.84 21.85 21.87 21.84 21.85 21.87 21.90 21.89
21.82 21.71 21.65 21.77 21.69 21.74 21.80 21.72 21.67 21.71 21.81 21.80 21.83 21.83 21.82 21.87 21.89 21.82 21.81 21.80 21.85 21.84 21.84 21.84 21.81 21.81 21.82 21.84 21.80 21.77 21.75 21.78 21.76 21.75 21.72 21.74 21.75 21.76 21.75 21.76 21.77 21.77 21.78 21.78 21.78 21.78 21.78 21.86 21.84 21.82 21.82 21.82 21.82 21.85 21.81 21.84 21.75 21.79 21.83 21.86 21.84 21.86 21.86 21.88 21.85 21.86 21.86 21.79 21.81 21.80 21.83 21.83 21.83 21.84 21.85 21.87 21.90
21.78 21.70 21.66 21.79 21.80 21.73 21.71 21.72 21.80 21.82 21.75 21.77 21.81 21.81 21.80 21.82 21.87 21.76 21.78 21.80 21.79 21.78 21.78 21.77 21.79 21.79 21.79 21.79 21.77 21.77 21.74 21.76 21.74 21.72 21.73 21.71 21.74 21.72 21.73 21.71 21.70 21.69 21.74 21.74 21.75 21.76 21.76 21.81 21.81 21.79 21.80 21.82 21.83 21.83 21.88 21.83 21.77 21.85 21.84 21.83 21.83 21.83 21.85 21.86 21.86 21.86 21.86 21.84 21.81 21.84 21.83 21.80 21.80 21.86 21.86 21.87 21.90
21.63 21.56 21.63 21.75 21.78 21.73 21.76 21.72 21.73 21.69 21.79 21.81 21.82 21.85 21.91 21.80 21.84 21.84 21.78 21.81 21.80 21.81 21.78 21.76 21.74 21.75 21.75 21.77 21.76 21.75 21.76 21.74 21.73 21.75 21.71 21.72 21.73 21.71 21.71 21.68 21.69 21.67 21.68 21.70 21.71 21.72 21.73 21.78 21.76 21.78 21.81 21.82 21.82 21.80 21.80 21.73 21.80 21.82 21.83 21.83 21.84 21.85 21.84 21.86 21.88 21.83 21.82 21.83 21.87 21.79 21.80 21.79 21.82 21.82 21.83 21.86 21.90
21.47 21.50 21.68 21.78 21.70 21.65 21.76 21.69 21.62 21.66 21.77 21.78 21.76 21.82 21.90 21.86 21.84 21.87 21.78 21.77 21.77 21.74 21.77 21.71 21.65 21.72 21.73 21.77 21.74 21.73 21.75 21.77 21.73 21.70 21.71 21.73 21.70 21.71 21.68 21.68 21.71 21.70 21.68 21.71 21.72 21.73 21.76 21.75 21.81 21.80 21.80 21.81 21.75 21.78 21.76 21.64 21.67 21.81 21.82 21.84 21.84 21.79 21.84 21.82 21.83 21.83 21.82 21.83 21.80 21.78 21.81 21.82 21.82 21.86 21.87 21.90 21.92
21.75 21.67 21.74 21.77 21.72 21.70 21.71 21.63 21.62 21.67 21.70 21.70 21.73 21.76 21.76 21.79 21.82 21.86 21.75 21.72 21.82 21.77 21.77 21.72 21.70 21.72 21.73 21.73 21.73 21.71 21.70 21.74 21.75 21.69 21.72 21.69 21.70 21.73 21.70 21.72 21.74 21.71 21.70 21.71 21.69 21.71 21.75 21.73 21.80 21.75 21.75 21.75 21.69 21.55 21.66 21.66 21.78 21.83 21.81 21.82 21.81 21.82 21.83 21.84 21.78 21.82 21.80 21.81 21.78 21.75 21.81 21.81 21.80 21.81 21.86 21.90 21.90
