main/data/irradiance/28.09.2023.grid
ncols 839
nrows 679
xllcenter 112.0500
yllcenter -43.9500
cellsize 0.0500
nodata_value 99999.90
[rows 374 to 407 of 679, columns 308 to 384 of 839]
23.51 23.56 23.54 23.49 23.44 23.45 23.46 23.46 23.43 23.45 23.37 23.39 23.38 23.42 23.47 23.47 23.58 23.47 23.41 23.38 23.38 23.32 23.42 23.44 23.37 23.47 23.45 23.40 23.42 23.39 23.39 23.75 23.51 23.46 23.50 23.53 23.46 23.52 23.50 23.49 23.58 23.60 23.56 23.53 23.54 23.55 23.54 23.52 23.52 23.48 23.48 23.50 23.52 23.59 23.55 23.51 23.50 23.48 23.41 23.35 23.35 23.36 23.35 23.31 23.28 23.27 23.30 23.32 23.27 23.35 23.40 23.42 23.38 23.35 23.33 23.34 23.44
23.51 23.51 23.45 23.43 23.45 23.46 23.44 23.40 23.40 23.42 23.42 23.39 23.35 23.35 23.36 23.41 23.30 23.31 23.32 23.33 23.28 23.31 23.34 23.34 23.34 23.38 23.46 23.48 23.41 23.34 23.36 23.37 23.44 23.53 23.52 23.49 23.45 23.47 23.48 23.52 23.61 23.64 23.56 23.47 23.48 23.53 23.52 23.52 23.54 23.47 23.50 23.53 23.50 23.55 23.60 23.51 23.50 23.42 23.37 23.34 23.35 23.35 23.36 23.31 23.30 23.30 23.25 23.29 23.26 23.27 23.33 23.40 23.38 23.34 23.33 23.33 23.40
23.41 23.44 23.43 23.39 23.41 23.42 23.45 23.46 23.42 23.46 23.45 23.41 23.37 23.36 23.34 23.35 23.26 23.30 23.32 23.33 23.27 23.27 23.26 23.29 23.28 23.40 23.45 23.51 23.53 23.45 23.43 23.48 23.46 23.37 23.53 23.34 23.49 23.53 23.50 23.55 23.52 23.59 23.56 23.52 23.49 23.55 23.47 23.55 23.61 23.54 23.52 23.52 23.50 23.54 23.52 23.43 23.45 23.37 23.36 23.34 23.33 23.34 23.31 23.29 23.30 23.27 23.23 23.23 23.27 23.29 23.29 23.29 23.32 23.30 23.28 23.28 23.35
23.40 23.44 23.47 23.46 23.45 23.45 23.45 23.44 23.48 23.49 23.54 23.47 23.46 23.41 23.35 23.32 23.35 23.31 23.30 23.27 23.27 23.27 23.37 23.30 23.27 23.29 23.38 23.43 23.45 23.48 23.49 23.48 23.47 23.42 23.44 23.56 23.43 23.45 23.51 23.53 23.57 23.62 23.61 23.55 23.56 23.61 23.56 23.56 23.57 23.52 23.51 23.50 23.51 23.54 23.50 23.39 23.37 23.29 23.32 23.35 23.31 23.31 23.34 23.32 23.29 23.27 23.23 23.19 23.20 23.23 23.23 23.24 23.23 23.25 23.26 23.28 23.31
23.41 23.37 23.38 23.44 23.43 23.40 23.51 23.50 23.54 23.54 23.51 23.50 23.45 23.41 23.38 23.35 23.32 23.31 23.30 23.31 23.30 23.25 23.28 23.28 23.22 23.24 23.32 23.37 23.34 23.32 23.36 23.36 23.37 23.29 23.29 23.33 23.44 23.49 23.46 23.50 23.54 23.61 23.71 23.67 23.64 23.65 23.67 23.65 23.56 23.54 23.58 23.54 23.48 23.46 23.49 23.38 23.42 23.37 23.32 23.31 23.32 23.34 23.30 23.33 23.31 23.26 23.26 23.24 23.21 23.22 23.19 23.19 23.18 23.19 23.18 23.23 23.36
23.43 23.55 23.39 23.40 23.41 23.55 23.62 23.51 23.46 23.52 23.45 23.43 23.39 23.41 23.45 23.41 23.44 23.31 23.36 23.28 23.25 23.27 23.36 23.27 23.38 23.32 23.27 23.27 23.27 23.27 23.28 23.23 23.22 23.23 23.23 23.24 23.28 23.42 23.51 23.49 23.47 23.57 23.69 23.67 23.55 23.57 23.60 23.54 23.48 23.50 23.48 23.47 23.46 23.49 23.47 23.45 23.41 23.39 23.33 23.32 23.33 23.33 23.34 23.29 23.30 23.26 23.33 23.20 23.21 23.22 23.23 23.18 23.19 23.15 23.12 23.17 23.24
23.44 23.61 23.42 23.37 23.34 23.44 23.53 23.65 23.56 23.55 23.42 23.40 23.42 23.50 23.56 23.47 23.42 23.43 23.49 23.41 23.31 23.36 23.37 23.34 23.39 23.32 23.35 23.31 23.32 23.27 23.32 23.25 23.23 23.28 23.42 23.27 23.33 23.46 23.46 23.45 23.44 23.49 23.52 23.51 23.48 23.47 23.45 23.42 23.45 23.44 23.43 23.39 23.60 23.67 23.61 23.48 23.40 23.38 23.32 23.29 23.31 23.32 23.31 23.28 23.26 23.24 23.26 23.26 23.18 23.18 23.15 23.17 23.14 23.12 23.11 23.10 23.19
23.49 23.43 23.41 23.35 23.31 23.31 23.27 23.29 23.30 23.25 23.32 23.37 23.40 23.43 23.55 23.59 23.50 23.43 23.49 23.52 23.58 23.59 23.35 23.34 23.32 23.32 23.33 23.39 23.53 23.57 23.45 23.32 23.34 23.44 23.59 23.48 23.38 23.35 23.34 23.31 23.36 23.40 23.47 23.45 23.41 23.37 23.36 23.36 23.38 23.40 23.44 23.38 23.46 23.52 23.46 23.35 23.30 23.36 23.32 23.31 23.32 23.34 23.30 23.26 23.28 23.28 23.38 23.36 23.22 23.24 23.03 23.14 23.17 23.13 23.17 23.14 23.18
23.32 23.36 23.32 23.30 23.29 23.42 23.24 23.25 23.23 23.20 23.19 23.33 23.45 23.50 23.48 23.51 23.48 23.38 23.40 23.51 23.50 23.56 23.46 23.49 23.37 23.31 23.37 23.38 23.54 23.61 23.52 23.44 23.46 23.44 23.45 23.38 23.28 23.31 23.31 23.34 23.40 23.43 23.46 23.48 23.42 23.45 23.44 23.43 23.46 23.49 23.42 23.45 23.45 23.42 23.45 23.33 23.44 23.46 23.28 23.35 23.38 23.39 23.33 23.32 23.33 23.28 23.37 23.35 23.25 23.33 23.02 23.19 22.85 23.08 23.14 23.09 23.14
23.31 23.61 23.74 23.37 23.31 23.68 23.25 23.25 23.24 23.23 23.22 23.35 23.41 23.45 23.45 23.35 23.41 23.35 23.39 23.53 23.56 23.53 23.54 23.49 23.35 23.31 23.50 23.46 23.46 23.45 23.42 23.38 23.43 23.45 23.49 23.47 23.41 23.38 23.40 23.39 23.39 23.43 23.50 23.52 23.44 23.42 23.42 23.47 23.51 23.46 23.45 23.40 23.40 23.35 23.37 23.32 23.36 23.31 23.34 23.37 23.46 23.58 23.33 23.28 23.24 23.20 23.27 23.21 23.13 23.23 23.14 22.77 22.37 22.87 23.16 23.08 23.15
23.43 23.39 23.36 23.46 23.46 23.47 23.49 23.46 23.25 23.22 23.21 23.21 23.28 23.26 23.30 23.34 23.37 23.31 23.33 23.37 23.40 23.44 23.45 23.41 23.39 23.29 23.28 23.31 23.26 23.24 23.26 23.29 23.31 23.48 23.54 23.57 23.58 23.41 23.33 23.28 23.33 23.37 23.41 23.41 23.42 23.51 23.45 23.39 23.34 23.32 23.35 23.33 23.34 23.36 23.34 23.26 23.27 23.35 23.28 23.43 23.46 23.48 23.34 23.22 23.22 23.21 23.24 23.27 23.17 23.15 23.07 23.12 22.83 22.92 23.13 23.18 23.19
23.51 23.41 23.31 23.34 23.47 23.31 23.32 23.32 23.24 23.21 23.20 23.19 23.19 23.18 23.18 23.29 23.47 23.34 23.40 23.38 23.30 23.25 23.24 23.22 23.24 23.31 23.32 23.28 23.28 23.19 23.40 23.33 23.28 23.51 23.57 23.60 23.62 23.52 23.35 23.31 23.29 23.33 23.36 23.35 23.36 23.47 23.63 23.42 23.25 23.31 23.33 23.32 23.33 23.32 23.31 23.46 23.27 23.43 23.23 23.45 23.53 23.51 23.35 23.21 23.20 23.23 23.19 23.21 23.17 23.17 23.09 23.12 22.94 23.05 23.06 23.17 23.19
23.40 23.40 23.33 23.35 23.32 23.31 23.33 23.33 23.25 23.23 23.22 23.21 23.23 23.24 23.20 23.18 23.29 23.30 23.30 23.35 23.22 23.18 23.20 23.24 23.23 23.23 23.22 23.25 23.39 23.36 23.23 23.23 23.41 23.33 23.44 23.44 23.46 23.33 23.28 23.23 23.24 23.21 23.24 23.26 23.27 23.26 23.29 23.23 23.19 23.22 23.27 23.27 23.32 23.27 23.29 23.34 23.29 23.41 23.52 23.51 23.58 23.53 23.29 23.24 23.19 23.20 23.16 23.15 23.21 23.21 23.05 22.88 23.04 23.03 23.11 23.17 23.19
23.33 23.35 23.33 23.29 23.25 23.26 23.25 23.29 23.22 23.22 23.25 23.26 23.27 23.21 23.20 23.18 23.16 23.23 23.26 23.27 23.24 23.20 23.20 23.25 23.18 23.19 23.24 23.24 23.31 23.32 23.29 23.24 23.25 23.31 23.30 23.24 23.22 23.21 23.19 23.22 23.23 23.19 23.31 23.29 23.29 23.33 23.28 23.26 23.25 23.25 23.21 23.19 23.22 23.25 23.28 23.21 23.41 23.38 23.46 23.48 23.49 23.42 23.27 23.18 23.23 23.21 23.18 23.14 23.27 23.04 23.08 23.13 22.82 22.90 23.07 23.23 23.22
23.34 23.33 23.34 23.30 23.30 23.31 23.32 23.27 23.29 23.23 23.30 23.29 23.21 23.19 23.23 23.23 23.23 23.23 23.30 23.28 23.24 23.24 23.23 23.34 23.29 23.24 23.24 23.28 23.36 23.31 23.28 23.28 23.26 23.26 23.26 23.26 23.24 23.23 23.22 23.22 23.20 23.26 23.26 23.25 23.21 23.26 23.32 23.35 23.28 23.20 23.18 23.17 23.17 23.19 23.21 23.22 23.27 23.28 23.37 23.41 23.44 23.41 23.29 23.19 23.25 23.20 23.16 23.16 23.13 22.78 22.62 22.95 22.84 22.77 23.13 23.20 23.12
23.31 23.33 23.34 23.30 23.30 23.37 23.38 23.29 23.28 23.26 23.22 23.22 23.18 23.23 23.28 23.25 23.21 23.22 23.28 23.26 23.28 23.25 23.30 23.20 23.21 23.29 23.34 23.31 23.35 23.40 23.43 23.44 23.35 23.23 23.29 23.28 23.26 23.26 23.24 23.23 23.22 23.17 23.21 23.25 23.23 23.24 23.22 23.27 23.24 23.20 23.19 23.25 23.18 23.20 23.19 23.19 23.19 23.27 23.36 23.43 23.38 23.34 23.24 23.22 23.28 23.26 23.27 23.33 23.27 23.19 22.85 22.54 22.99 23.01 23.05 23.12 23.14
23.30 23.26 23.26 23.33 23.31 23.32 23.30 23.33 23.29 23.29 23.26 23.23 23.22 23.23 23.23 23.22 23.20 23.27 23.25 23.29 23.31 23.27 23.24 23.21 23.24 23.33 23.35 23.38 23.38 23.45 23.47 23.45 23.41 23.32 23.31 23.27 23.29 23.26 23.25 23.22 23.22 23.17 23.17 23.19 23.16 23.19 23.20 23.19 23.18 23.18 23.17 23.19 23.17 23.20 23.20 23.24 23.23 23.20 23.30 23.38 23.39 23.34 23.32 23.23 23.20 23.23 23.32 23.39 23.46 23.35 23.30 22.75 23.14 23.07 23.09 23.13 23.15
23.35 23.30 23.25 23.25 23.22 23.29 23.27 23.28 23.25 23.28 23.28 23.24 23.24 23.20 23.24 23.27 23.26 23.25 23.31 23.29 23.33 23.38 23.35 23.21 23.19 23.30 23.38 23.34 23.39 23.40 23.42 23.44 23.40 23.37 23.35 23.30 23.25 23.29 23.20 23.17 23.20 23.25 23.19 23.16 23.15 23.12 23.17 23.24 23.25 23.21 23.24 23.20 23.22 23.22 23.19 23.17 23.20 23.25 23.28 23.30 23.24 23.26 23.37 23.34 23.36 23.26 23.21 23.35 23.38 23.37 23.34 23.21 23.26 23.16 23.10 23.15 23.15
23.33 23.29 23.26 23.24 23.25 23.25 23.30 23.29 23.34 23.34 23.32 23.28 23.28 23.29 23.26 23.26 23.29 23.28 23.26 23.29 23.34 23.34 23.25 23.20 23.16 23.25 23.35 23.41 23.45 23.47 23.42 23.36 23.37 23.41 23.39 23.39 23.37 23.32 23.23 23.18 23.23 23.22 23.22 23.21 23.17 23.14 23.16 23.17 23.23 23.24 23.32 23.30 23.31 23.37 23.34 23.15 23.10 23.16 23.19 23.27 23.29 23.23 23.20 23.35 23.46 23.43 23.42 23.39 23.35 23.29 23.31 23.29 23.22 23.17 23.16 23.21 23.18
23.40 23.34 23.28 23.25 23.25 23.23 23.25 23.29 23.29 23.31 23.33 23.34 23.34 23.35 23.35 23.30 23.30 23.28 23.28 23.28 23.26 23.23 23.25 23.26 23.22 23.30 23.33 23.37 23.42 23.43 23.45 23.36 23.26 23.26 23.27 23.25 23.33 23.31 23.26 23.20 23.18 23.23 23.33 23.26 23.25 23.19 23.21 23.28 23.24 23.20 23.22 23.22 23.25 23.29 23.34 23.25 23.15 23.16 23.14 23.12 23.11 23.08 23.14 23.19 23.29 23.39 23.44 23.41 23.35 23.28 23.27 23.28 23.21 23.16 23.16 23.15 23.18
23.41 23.38 23.35 23.32 23.36 23.32 23.33 23.29 23.28 23.24 23.28 23.35 23.36 23.39 23.40 23.38 23.35 23.30 23.27 23.29 23.19 23.11 23.23 23.29 23.35 23.40 23.41 23.31 23.35 23.40 23.46 23.38 23.34 23.34 23.26 23.21 23.26 23.31 23.36 23.31 23.22 23.34 23.40 23.35 23.31 23.28 23.23 23.19 23.18 23.16 23.13 23.15 23.21 23.23 23.24 23.16 23.21 23.15 23.06 23.09 23.04 23.05 23.11 23.25 23.26 23.19 23.22 23.33 23.33 23.25 23.23 23.17 23.15 23.13 23.15 23.13 23.13
23.44 23.38 23.37 23.40 23.42 23.43 23.41 23.38 23.35 23.29 23.30 23.33 23.33 23.36 23.46 23.43 23.38 23.34 23.24 23.29 23.25 23.19 23.17 23.27 23.31 23.43 23.48 23.46 23.40 23.38 23.40 23.33 23.27 23.29 23.32 23.29 23.25 23.31 23.36 23.41 23.39 23.31 23.41 23.39 23.40 23.41 23.39 23.25 23.17 23.27 23.27 23.12 23.14 23.27 23.33 23.23 23.24 23.25 23.12 23.06 23.04 23.00 23.05 23.16 23.17 23.18 23.13 23.13 23.14 23.20 23.15 23.12 23.12 23.16 23.13 23.16 23.12
23.46 23.39 23.40 23.42 23.43 23.45 23.41 23.44 23.40 23.38 23.31 23.33 23.31 23.33 23.37 23.39 23.42 23.40 23.27 23.29 23.31 23.24 23.23 23.26 23.29 23.36 23.44 23.44 23.39 23.33 23.39 23.38 23.34 23.27 23.32 23.35 23.29 23.33 23.32 23.34 23.41 23.34 23.35 23.38 23.41 23.35 23.29 23.19 23.22 23.26 23.24 23.15 23.21 23.27 23.32 23.27 23.18 23.30 23.24 23.10 23.00 23.01 23.03 23.05 23.08 23.11 23.10 23.10 23.12 23.10 23.09 23.00 23.03 23.06 23.09 23.19 23.15
23.49 23.44 23.43 23.40 23.42 23.43 23.40 23.37 23.38 23.41 23.40 23.32 23.35 23.34 23.36 23.37 23.36 23.35 23.32 23.27 23.24 23.23 23.30 23.29 23.32 23.35 23.36 23.36 23.27 23.34 23.40 23.42 23.41 23.34 23.32 23.37 23.34 23.31 23.31 23.33 23.36 23.35 23.37 23.37 23.38 23.36 23.29 23.21 23.15 23.26 23.21 23.24 23.28 23.35 23.38 23.32 23.23 23.36 23.22 23.02 23.02 23.02 23.04 23.07 23.10 23.10 23.09 23.08 23.11 23.15 23.10 23.07 23.04 23.00 23.04 23.14 23.12
23.48 23.48 23.44 23.47 23.44 23.50 23.46 23.42 23.37 23.34 23.31 23.33 23.35 23.34 23.33 23.32 23.31 23.29 23.29 23.27 23.23 23.21 23.35 23.35 23.37 23.34 23.38 23.41 23.41 23.31 23.41 23.48 23.48 23.38 23.40 23.41 23.37 23.36 23.40 23.42 23.43 23.39 23.42 23.39 23.42 23.42 23.41 23.34 23.20 23.26 23.29 23.29 23.34 23.33 23.37 23.35 23.31 23.31 23.08 23.02 23.03 22.98 23.07 23.06 23.09 23.07 23.07 23.12 23.09 23.05 23.09 23.10 23.07 23.04 23.04 23.09 23.16
23.53 23.48 23.39 23.47 23.51 23.51 23.53 23.48 23.41 23.33 23.30 23.34 23.34 23.31 23.32 23.30 23.30 23.30 23.30 23.25 23.20 23.21 23.30 23.39 23.36 23.31 23.30 23.30 23.38 23.38 23.37 23.43 23.44 23.40 23.41 23.43 23.39 23.37 23.35 23.38 23.48 23.45 23.45 23.43 23.34 23.36 23.34 23.34 23.28 23.18 23.24 23.27 23.29 23.32 23.41 23.38 23.32 23.27 23.08 23.09 23.05 23.06 23.10 23.08 23.19 23.08 23.04 23.07 23.11 23.14 23.11 23.11 23.10 23.07 23.02 23.05 22.99
23.55 23.55 23.54 23.49 23.50 23.48 23.50 23.49 23.44 23.44 23.39 23.33 23.31 23.28 23.29 23.30 23.29 23.27 23.24 23.21 23.20 23.25 23.24 23.37 23.37 23.33 23.26 23.30 23.33 23.34 23.29 23.41 23.45 23.47 23.43 23.44 23.44 23.43 23.34 23.35 23.36 23.41 23.47 23.39 23.36 23.34 23.27 23.20 23.23 23.22 23.25 23.24 23.29 23.36 23.38 23.38 23.33 23.21 23.23 23.17 23.01 23.03 23.08 23.14 23.23 23.12 23.15 23.15 23.16 23.09 23.10 23.13 23.15 23.16 23.14 23.13 23.07
23.48 23.50 23.53 23.51 23.48 23.45 23.44 23.47 23.46 23.44 23.42 23.37 23.35 23.28 23.24 23.25 23.26 23.22 23.19 23.20 23.19 23.21 23.20 23.28 23.36 23.37 23.36 23.27 23.22 23.27 23.26 23.28 23.39 23.43 23.42 23.41 23.42 23.41 23.39 23.42 23.36 23.31 23.42 23.39 23.41 23.41 23.36 23.26 23.27 23.32 23.29 23.29 23.32 23.37 23.37 23.40 23.35 23.30 23.19 23.16 23.00 23.00 23.06 23.10 23.08 23.03 23.04 23.03 23.04 23.01 23.03 23.07 23.04 23.08 23.17 23.16 23.14
23.50 23.48 23.47 23.45 23.46 23.42 23.43 23.44 23.41 23.42 23.43 23.40 23.38 23.38 23.23 23.22 23.24 23.21 23.16 23.20 23.15 23.18 23.20 23.25 23.33 23.35 23.37 23.39 23.34 23.32 23.24 23.20 23.23 23.28 23.34 23.39 23.42 23.40 23.41 23.47 23.45 23.39 23.39 23.39 23.44 23.47 23.47 23.40 23.39 23.45 23.40 23.32 23.31 23.33 23.37 23.31 23.33 23.30 23.31 23.32 23.25 23.27 23.34 23.38 23.38 23.39 23.39 23.36 23.37 23.28 23.26 23.14 23.06 23.04 23.16 23.13 23.11
23.55 23.59 23.56 23.55 23.52 23.50 23.45 23.45 23.43 23.41 23.42 23.42 23.44 23.42 23.37 23.29 23.22 23.22 23.18 23.19 23.13 23.11 23.18 23.15 23.16 23.25 23.32 23.38 23.37 23.35 23.34 23.22 23.23 23.32 23.34 23.33 23.34 23.37 23.38 23.43 23.46 23.44 23.47 23.43 23.38 23.34 23.37 23.37 23.37 23.38 23.40 23.31 23.22 23.22 23.20 23.27 23.19 23.21 23.31 23.34 23.40 23.38 23.35 23.39 23.43 23.43 23.39 23.41 23.41 23.42 23.34 23.35 23.30 23.24 23.25 23.20 23.17
23.55 23.55 23.53 23.48 23.50 23.47 23.45 23.41 23.43 23.42 23.37 23.36 23.36 23.39 23.34 23.25 23.28 23.27 23.17 23.21 23.17 23.00 23.01 23.02 22.93 22.94 23.06 23.25 23.29 23.34 23.37 23.35 23.32 23.30 23.32 23.33 23.35 23.38 23.35 23.38 23.38 23.42 23.44 23.44 23.43 23.39 23.33 23.34 23.33 23.34 23.35 23.37 23.34 23.27 23.22 23.14 23.14 23.18 23.28 23.31 23.30 23.34 23.39 23.40 23.40 23.41 23.43 23.42 23.39 23.39 23.36 23.33 23.34 23.34 23.31 23.41 23.37
23.58 23.54 23.55 23.51 23.49 23.47 23.44 23.45 23.39 23.40 23.38 23.35 23.33 23.35 23.36 23.26 23.28 23.29 23.30 23.27 23.20 23.06 22.84 22.76 22.85 22.93 22.95 23.02 23.16 23.27 23.32 23.40 23.35 23.39 23.36 23.38 23.34 23.31 23.34 23.30 23.31 23.33 23.35 23.39 23.42 23.42 23.36 23.31 23.28 23.26 23.29 23.33 23.36 23.32 23.29 23.19 23.22 23.18 23.22 23.27 23.30 23.32 23.33 23.36 23.37 23.37 23.38 23.42 23.41 23.39 23.35 23.34 23.34 23.31 23.33 23.33 23.29
23.54 23.55 23.53 23.49 23.49 23.52 23.51 23.49 23.37 23.37 23.39 23.37 23.34 23.35 23.32 23.24 23.23 23.24 23.33 23.30 23.28 23.21 23.04 22.93 23.03 23.01 23.03 23.00 23.00 23.03 23.08 23.20 23.28 23.31 23.28 23.32 23.33 23.31 23.29 23.23 23.28 23.29 23.27 23.30 23.34 23.38 23.36 23.33 23.31 23.27 23.26 23.27 23.29 23.30 23.32 23.28 23.26 23.26 23.22 23.23 23.28 23.26 23.30 23.32 23.34 23.36 23.38 23.35 23.35 23.37 23.38 23.33 23.33 23.32 23.37 23.30 23.23
23.52 23.50 23.46 23.43 23.49 23.49 23.47 23.49 23.45 23.36 23.34 23.34 23.33 23.31 23.30 23.27 23.22 23.24 23.28 23.28 23.26 23.26 23.22 23.16 23.13 23.11 23.06 23.08 23.00 22.95 22.92 22.91 23.02 23.10 23.18 23.22 23.26 23.28 23.27 23.24 23.35 23.32 23.27 23.24 23.30 23.27 23.31 23.33 23.29 23.29 23.27 23.29 23.27 23.32 23.32 23.30 23.28 23.26 23.25 23.26 23.23 23.23 23.24 23.28 23.20 23.26 23.27 23.28 23.29 23.32 23.33 23.36 23.34 23.31 23.39 23.35 23.24
