main/data/irradiance/28.08.2023.grid
ncols 839
nrows 679
xllcenter 112.0500
yllcenter -43.9500
cellsize 0.0500
nodata_value 99999.90
[rows 510 to 543 of 679, columns 539 to 615 of 839]
15.94 15.68 15.68 15.81 15.81 15.88 16.09 16.09 16.03 15.82 15.76 15.93 15.87 15.72 15.47 15.39 15.51 15.77 15.60 15.36 15.11 15.23 14.84 14.22 13.90 13.69 12.88 12.39 12.85 12.94 12.50 12.44 12.84 13.29 13.63 14.14 14.24 13.78 13.23 13.47 13.86 14.16 14.31 14.62 15.11 14.81 15.08 15.67 15.66 15.68 15.81 15.91 15.84 15.76 15.94 15.86 15.80 15.87 15.91 15.90 15.93 15.97 15.90 15.90 15.81 15.98 16.00 16.12 16.07 15.72 15.62 15.85 16.06 15.89 15.80 15.69 15.69
15.94 15.94 15.89 16.03 15.88 15.88 16.09 16.09 16.12 16.05 16.15 16.08 16.17 16.12 15.84 15.80 15.84 15.78 15.42 15.17 14.96 14.87 14.62 14.02 12.90 12.90 12.76 12.24 12.63 12.80 12.45 12.28 12.83 13.03 13.21 13.32 14.04 13.96 13.41 14.05 14.07 14.20 14.33 14.09 14.58 15.00 15.27 15.43 15.19 15.30 15.42 15.56 15.58 15.81 15.84 15.82 15.79 15.93 15.81 15.78 15.94 15.90 15.99 15.92 15.81 15.78 16.07 16.00 15.99 15.88 15.85 15.93 15.92 15.95 15.87 15.50 15.52
15.94 15.94 15.89 15.94 15.72 15.72 16.14 16.14 16.11 16.11 16.10 15.93 16.03 16.04 15.86 15.83 15.81 15.57 15.49 15.15 14.55 14.36 14.33 14.01 12.68 12.07 11.86 11.38 12.17 12.50 12.35 12.30 13.25 13.56 13.31 13.41 14.07 14.28 13.93 13.47 13.15 13.86 14.55 14.64 14.40 14.84 14.81 14.88 15.06 15.17 15.48 15.53 15.57 15.67 15.88 15.91 15.76 15.84 15.89 15.76 15.99 16.04 16.12 16.05 15.92 15.82 15.92 15.89 15.94 15.78 15.77 15.85 15.92 16.00 15.74 15.71 15.59
15.94 15.94 15.94 15.94 15.72 15.72 16.08 16.08 16.03 15.93 15.78 15.46 15.55 15.69 15.32 15.07 15.11 15.21 15.39 15.07 14.47 13.76 13.51 12.99 12.10 11.94 11.13 11.98 12.16 12.06 12.46 12.54 13.24 13.63 13.32 13.09 13.60 13.85 13.98 13.99 14.01 14.29 14.66 14.65 14.31 15.20 15.52 15.45 15.23 15.40 15.66 15.74 15.44 15.79 15.74 15.88 15.84 15.85 15.88 16.09 16.01 16.11 16.07 16.03 15.84 15.83 15.92 15.80 15.69 15.40 15.66 15.75 15.76 15.74 15.61 15.55 15.47
15.94 15.94 15.94 15.94 15.72 16.07 16.07 16.15 16.05 15.75 15.42 15.07 14.86 14.84 14.66 14.11 14.21 15.04 15.08 14.53 13.84 12.98 13.50 12.95 11.63 12.31 12.28 12.29 12.40 12.04 12.67 12.58 12.81 12.58 13.23 13.58 13.25 13.65 13.98 14.07 14.28 14.09 14.92 15.35 15.23 15.48 15.30 15.38 15.62 15.87 16.01 15.95 15.85 15.87 15.84 15.93 16.03 15.93 15.83 15.92 15.99 16.05 15.97 15.78 15.60 15.65 15.65 15.56 15.47 15.34 15.28 15.46 15.66 15.85 15.76 15.57 15.43
15.94 15.94 15.94 15.94 16.07 16.07 16.07 16.01 15.85 15.60 15.38 15.07 14.67 14.42 14.34 14.30 14.11 14.38 13.92 13.07 12.48 12.19 12.48 12.32 12.45 12.82 12.72 12.11 12.77 12.96 13.28 13.17 13.10 12.80 13.10 13.29 13.97 14.65 14.44 14.50 13.89 14.13 14.67 15.30 14.83 15.10 15.16 15.35 15.62 15.86 15.93 15.88 15.90 15.90 15.98 16.02 16.11 16.16 16.10 15.99 16.06 16.02 15.85 15.86 15.41 15.45 15.49 15.60 15.39 15.04 15.03 15.44 15.76 15.73 15.73 15.62 15.35
15.94 15.94 15.94 16.07 16.07 16.07 16.01 16.01 15.85 15.32 14.93 14.76 14.46 14.34 14.28 14.10 13.60 13.48 12.87 12.13 12.08 12.25 11.95 11.89 11.88 12.10 12.00 12.32 12.79 12.54 13.02 13.45 13.37 13.13 13.43 13.80 14.33 14.68 14.82 14.31 13.00 13.86 14.49 14.62 15.10 15.65 15.68 15.58 15.73 15.81 15.91 15.96 15.92 15.94 15.96 16.13 16.16 16.13 16.17 16.13 16.10 16.06 15.53 15.71 15.44 15.31 15.37 15.45 15.17 15.13 15.22 15.43 15.61 15.56 15.87 15.72 15.43
15.94 15.94 16.07 16.07 16.07 16.01 16.01 16.01 15.32 15.32 14.98 14.36 14.39 14.00 13.75 13.67 12.88 12.30 11.67 11.48 11.68 12.15 11.94 11.48 11.41 11.88 12.31 12.29 12.42 12.74 12.84 13.00 13.50 13.50 13.82 14.32 14.35 14.34 14.79 14.72 13.87 14.33 14.72 15.21 15.24 15.46 15.60 15.79 16.05 15.83 15.87 15.90 15.87 15.83 15.92 16.07 16.04 16.00 16.02 15.48 15.81 16.00 15.51 15.34 15.12 15.17 15.41 15.75 15.33 15.35 15.40 15.36 15.43 15.50 15.72 15.36 15.18
15.94 15.94 16.07 16.07 16.01 16.01 16.01 15.32 15.32 14.98 14.98 14.89 14.02 13.40 13.28 13.24 12.66 11.98 10.97 11.34 11.88 11.63 11.92 11.64 11.19 11.57 12.46 12.52 12.62 13.13 13.08 13.46 13.68 13.89 13.70 13.68 14.09 14.20 14.48 14.64 15.28 14.51 14.87 15.36 15.37 15.49 15.64 15.73 15.98 15.89 15.96 15.94 15.69 15.65 15.81 15.99 15.85 15.72 15.90 15.50 15.60 15.60 15.28 15.07 14.87 14.96 15.10 15.65 15.34 15.33 15.48 15.55 15.37 15.42 15.66 15.13 14.84
15.94 16.07 16.07 16.01 16.01 16.01 16.01 15.32 14.98 14.98 14.89 14.89 13.50 13.19 13.16 13.14 12.52 11.55 11.20 11.57 11.93 11.66 10.93 10.30 10.66 11.24 12.36 13.19 13.04 12.69 12.60 13.33 13.83 13.67 13.56 13.62 14.10 14.34 14.72 14.86 14.88 14.80 15.11 15.34 15.34 15.53 15.65 15.65 15.89 15.88 15.91 16.02 15.50 15.70 15.84 16.03 15.93 15.72 15.90 15.25 15.29 15.40 15.26 15.08 14.84 14.99 15.12 15.47 15.48 15.26 15.56 15.49 15.42 15.45 15.32 15.14 14.83
16.07 16.07 16.01 16.01 16.01 16.01 15.32 14.98 14.98 14.89 14.89 13.50 13.50 12.48 12.64 12.82 12.61 11.44 11.79 12.00 11.69 11.37 10.88 10.45 10.43 10.81 11.69 12.47 12.92 12.94 13.49 13.26 12.89 13.36 13.93 13.95 14.49 14.43 14.41 14.71 14.97 15.01 15.18 15.32 15.18 15.42 15.13 15.57 15.88 16.05 16.00 16.14 15.66 16.03 15.97 15.98 15.96 15.34 15.34 15.25 15.13 15.21 15.10 14.80 14.97 15.21 15.27 15.67 15.41 15.29 15.44 15.11 14.92 14.99 14.91 14.89 14.73
16.07 16.01 16.01 16.01 16.01 16.01 14.98 14.98 14.89 14.89 13.50 12.32 12.32 12.32 12.62 12.44 12.75 11.95 11.54 11.47 12.04 11.75 11.18 10.81 10.76 11.71 12.40 12.46 12.80 13.48 14.32 13.87 13.17 13.72 14.28 14.89 15.27 14.77 14.70 14.65 14.93 15.08 15.53 15.25 15.33 15.58 15.24 15.41 15.78 15.96 15.88 16.06 16.10 16.11 16.06 16.08 15.91 15.34 15.34 15.07 15.07 15.07 14.79 14.63 14.72 14.74 15.16 15.72 15.54 15.33 15.26 14.92 14.54 14.64 14.48 14.56 14.41
16.01 16.01 16.01 16.01 16.01 14.98 14.98 14.89 14.89 12.32 12.32 12.32 12.32 12.32 12.59 12.73 12.46 11.51 10.72 10.77 11.34 11.30 10.86 10.48 11.13 12.70 12.94 12.46 12.46 13.08 13.73 13.53 12.95 13.37 13.73 14.37 15.12 15.13 15.17 14.61 14.98 15.40 15.48 14.94 15.25 15.53 15.26 15.14 15.57 15.98 15.84 15.68 16.02 16.08 16.08 16.01 15.79 15.55 15.11 15.11 15.05 14.60 14.03 14.43 14.68 14.26 14.79 15.32 15.50 15.18 14.79 14.40 14.26 14.19 13.64 13.75 13.83
16.01 16.01 16.01 16.01 14.98 14.98 14.89 12.32 12.32 12.32 12.32 12.32 12.12 12.12 12.12 12.01 11.49 11.07 10.55 10.78 11.05 10.79 10.35 10.73 11.82 12.34 12.74 12.53 12.56 12.69 13.08 13.63 13.07 13.42 13.79 14.10 14.54 14.99 15.17 15.15 15.08 15.27 15.30 14.99 15.37 15.73 15.27 15.01 15.56 15.80 15.86 15.42 15.73 15.95 15.99 16.03 15.80 15.78 15.13 14.69 14.62 14.75 14.36 14.40 14.28 14.30 14.33 14.75 15.08 14.75 14.27 14.18 14.17 14.01 13.19 12.54 12.97
16.01 16.01 16.01 16.01 14.98 14.89 12.32 12.32 12.32 12.32 11.53 11.53 11.53 11.53 11.53 11.77 10.84 10.24 10.16 10.79 10.84 10.75 10.75 11.60 12.13 12.06 12.67 13.06 13.02 13.47 13.36 13.89 14.16 13.99 13.73 13.71 14.54 14.89 14.94 15.18 15.26 15.38 15.42 15.31 15.44 15.62 15.65 15.71 15.65 15.79 15.75 15.71 15.70 15.68 15.85 15.98 15.92 15.56 15.21 14.55 14.63 14.93 14.72 14.24 14.42 14.82 14.64 14.28 14.33 14.04 13.85 13.59 13.44 12.97 12.54 11.64 12.01
16.01 16.01 16.01 14.98 12.32 12.32 12.32 11.53 11.53 11.53 11.53 11.53 11.53 11.53 11.53 10.42 10.38 10.25 10.25 11.25 11.10 11.12 11.50 12.43 12.78 12.06 12.70 13.60 13.42 13.33 13.60 13.89 14.46 13.91 14.04 14.16 14.57 14.83 14.89 15.10 15.21 15.45 15.47 15.17 15.07 15.43 15.76 15.84 15.83 15.61 15.52 15.71 15.87 15.65 15.80 15.89 15.81 15.59 15.03 14.73 14.71 14.75 14.39 14.27 14.68 14.74 14.41 14.12 13.70 13.65 13.63 13.49 12.78 12.21 11.77 11.42 12.07
15.32 14.98 14.98 12.32 11.53 11.53 11.53 11.53 11.53 11.53 11.53 11.53 11.53 9.95 9.95 9.95 9.69 10.63 10.76 10.99 11.38 11.41 12.35 12.56 12.69 12.56 13.20 13.76 14.16 13.86 13.50 13.51 13.87 14.12 14.08 13.94 14.34 14.96 14.92 15.08 15.28 15.31 15.05 15.13 14.86 15.14 15.51 15.58 15.72 15.76 15.65 15.73 15.82 15.60 15.61 15.87 15.96 15.80 14.93 14.66 14.29 14.50 14.15 14.20 14.28 14.33 14.45 14.42 13.62 13.77 13.76 13.15 12.52 11.92 11.61 11.85 12.30
14.98 14.98 14.89 12.32 11.53 11.53 11.53 11.53 11.53 11.53 11.53 10.23 10.23 10.23 10.23 10.23 9.73 9.86 10.58 10.50 10.86 11.42 11.90 12.06 12.93 13.29 13.41 14.20 14.58 14.15 13.50 14.20 14.30 13.88 14.03 13.66 14.01 14.57 14.82 14.73 14.98 15.22 14.92 15.02 14.81 14.77 14.96 15.34 15.25 15.36 15.65 15.66 15.57 15.64 15.43 15.74 15.71 15.69 15.08 14.66 14.16 14.46 14.14 14.14 14.36 14.40 14.40 13.96 13.38 13.74 13.66 13.38 12.50 11.99 11.63 12.49 12.30
99999.90 14.89 14.89 12.32 11.53 11.53 11.53 11.53 10.23 10.23 10.23 10.23 10.23 10.23 10.23 10.23 10.28 9.71 10.03 10.58 10.70 11.62 12.44 12.61 13.14 13.95 14.32 14.72 14.75 14.33 14.40 14.64 14.34 14.32 14.25 13.80 13.86 14.54 14.94 14.53 14.56 14.82 14.74 14.66 14.53 14.49 14.57 14.66 15.10 14.95 15.46 15.54 15.51 15.59 15.62 15.57 15.49 15.12 14.90 14.26 13.91 14.35 14.19 13.90 14.51 14.63 14.48 14.30 13.61 13.26 13.26 13.19 12.48 11.85 11.53 12.15 11.97
99999.90 99999.90 13.50 12.32 11.53 10.23 10.23 10.23 10.23 10.23 10.23 10.23 10.23 10.23 10.23 10.28 10.28 10.41 10.25 10.39 10.89 11.92 13.06 13.10 13.52 14.44 14.74 14.96 14.46 13.85 13.93 14.30 14.39 14.46 14.70 14.44 13.99 14.11 14.89 14.56 14.87 14.87 14.64 14.64 14.62 14.38 14.10 14.17 14.73 15.05 15.22 15.17 15.50 15.63 15.53 15.52 15.11 14.62 14.63 14.20 14.17 13.90 13.74 13.77 14.25 14.52 14.34 14.17 13.76 13.32 13.04 12.88 12.51 12.17 11.74 11.82 11.61
99999.90 99999.90 99999.90 12.32 11.53 10.23 10.23 10.23 10.23 10.23 10.23 10.23 10.23 10.23 10.28 10.81 10.81 10.81 10.85 10.53 10.79 11.97 12.53 13.04 13.70 14.10 14.41 14.63 14.25 14.22 14.65 14.85 14.99 14.81 14.50 14.70 14.37 14.06 14.41 14.31 14.43 14.74 15.01 15.08 15.05 14.62 14.26 14.21 14.49 14.90 15.04 14.94 15.42 15.79 15.66 15.58 15.59 15.51 14.89 14.27 13.72 13.30 13.18 13.46 13.76 14.02 14.12 13.97 13.68 12.99 12.91 12.73 12.75 12.39 12.13 11.96 11.63
99999.90 99999.90 99999.90 12.32 11.53 10.23 10.23 10.23 10.23 10.23 10.23 10.23 10.23 10.62 10.62 10.62 10.62 10.62 10.97 10.89 11.58 12.50 12.68 12.53 13.30 13.90 14.10 14.15 14.27 13.90 14.39 15.08 15.39 14.83 14.75 15.04 14.72 13.96 14.24 14.25 14.23 14.29 14.75 15.20 15.06 14.40 14.58 15.01 14.89 14.91 14.95 14.92 15.20 15.50 15.31 15.50 15.47 15.20 14.66 14.23 13.92 13.30 13.23 13.26 13.58 13.70 13.49 13.26 13.16 13.02 13.00 13.06 12.59 12.13 11.98 11.62 11.30
99999.90 99999.90 99999.90 99999.90 11.53 10.23 10.23 10.23 10.23 10.23 10.23 10.62 10.62 10.62 10.62 10.62 10.62 10.62 11.46 11.92 12.30 12.68 12.59 12.32 12.95 13.45 14.18 14.44 14.18 13.87 13.61 15.02 15.55 15.02 15.20 15.50 15.05 14.07 14.53 14.34 14.27 14.06 14.62 15.07 15.13 15.15 15.07 14.69 14.96 15.11 14.70 14.55 15.00 15.14 14.97 15.40 14.93 14.62 14.19 13.98 13.86 13.61 13.22 13.42 13.53 13.31 13.08 12.57 12.22 12.19 12.41 12.92 12.56 11.89 11.57 11.12 10.55
99999.90 99999.90 99999.90 99999.90 11.53 11.98 11.98 11.98 11.98 11.98 11.98 10.62 10.62 10.62 10.62 10.62 12.17 12.17 12.17 12.29 12.51 13.00 12.56 12.62 13.19 13.83 13.99 14.33 14.09 13.39 13.51 14.33 15.32 15.32 15.23 15.54 15.17 14.63 14.69 14.69 14.67 14.79 14.71 14.92 15.36 15.15 14.51 13.98 14.50 14.81 14.76 14.53 14.50 14.88 14.86 14.83 14.31 14.31 14.05 13.94 13.68 13.44 13.33 13.53 13.15 12.75 12.55 12.12 11.42 11.56 11.70 12.79 12.19 11.30 11.08 10.24 9.84
99999.90 99999.90 99999.90 99999.90 11.53 11.98 11.98 11.98 11.98 11.98 11.98 11.98 11.98 11.98 12.76 12.76 12.76 12.76 12.76 12.24 12.64 13.07 12.83 13.06 14.02 14.50 14.28 14.60 14.21 14.13 13.50 14.00 14.57 14.89 15.13 15.38 15.26 14.71 14.39 14.10 14.93 14.86 14.98 14.79 15.37 15.38 15.12 15.14 15.11 14.89 15.29 14.61 14.19 14.67 15.00 14.79 14.35 13.96 13.86 14.07 13.53 13.05 13.30 13.64 13.19 12.79 12.30 12.16 11.94 11.61 11.06 11.68 11.48 10.56 10.26 9.83 9.63
99999.90 99999.90 99999.90 99999.90 99999.90 11.98 11.98 11.98 11.98 11.98 11.98 11.98 11.98 11.98 11.98 13.43 13.09 13.09 13.09 12.87 13.22 13.62 13.74 13.59 14.35 14.31 14.44 14.53 14.47 14.49 14.18 14.28 14.18 14.69 15.11 15.41 15.38 15.14 13.84 13.93 14.64 14.83 15.00 15.17 15.20 15.17 15.51 15.59 15.61 15.51 15.33 15.32 14.97 14.82 14.45 14.26 14.01 13.59 13.55 13.67 13.69 13.40 13.48 13.24 12.97 13.20 12.66 12.45 12.25 11.60 10.53 10.64 10.33 10.24 10.27 9.96 9.81
99999.90 99999.90 99999.90 99999.90 99999.90 11.98 11.98 11.98 11.98 11.98 11.98 11.98 11.98 11.98 11.98 11.98 13.43 13.45 13.45 13.39 13.43 13.28 13.64 13.39 14.09 14.66 14.93 14.88 14.95 14.62 15.01 14.41 14.36 14.55 15.07 15.03 14.85 14.98 14.29 13.77 14.52 14.75 15.02 15.17 14.78 15.27 15.63 15.67 15.60 15.60 15.46 15.60 15.48 14.88 14.57 14.45 13.69 13.25 13.36 13.46 13.58 13.45 13.48 13.27 13.05 13.42 13.30 12.95 12.60 11.33 10.11 9.87 10.17 10.15 10.53 9.93 9.88
99999.90 99999.90 99999.90 99999.90 99999.90 11.98 11.98 11.98 11.98 11.98 11.98 11.98 11.98 11.98 11.98 11.98 13.43 13.43 13.22 13.57 14.02 13.49 13.63 13.87 13.70 14.89 15.20 15.09 14.91 14.76 15.10 15.10 14.48 14.41 14.77 14.85 14.52 14.87 14.76 14.45 15.03 15.01 15.15 15.44 15.15 15.20 15.43 15.64 15.53 15.38 15.60 15.48 15.32 14.98 14.61 14.12 13.24 12.79 12.91 13.37 13.59 13.24 13.27 13.53 13.16 13.53 14.01 13.88 13.38 11.66 10.23 9.59 10.18 10.70 10.78 9.83 10.24
99999.90 99999.90 99999.90 99999.90 99999.90 11.98 11.98 11.98 11.98 11.98 11.98 11.98 11.98 11.98 11.98 11.98 13.16 13.72 13.51 13.46 13.59 13.14 13.33 13.20 13.31 14.50 15.07 15.26 15.22 15.05 14.89 14.91 14.80 14.27 14.51 14.20 14.29 14.86 15.05 15.07 14.97 15.14 15.27 15.41 15.26 15.57 15.55 15.55 15.48 15.27 15.23 15.04 14.87 14.70 14.70 13.94 13.09 12.76 12.77 12.78 13.08 12.99 13.16 13.08 13.37 13.72 14.01 13.99 13.94 12.20 10.86 10.16 9.94 10.11 10.59 10.04 10.09
99999.90 99999.90 99999.90 99999.90 99999.90 12.37 12.37 12.37 12.37 12.37 12.37 12.37 12.37 12.37 12.37 12.37 13.13 14.08 13.95 13.21 13.45 13.75 14.24 13.89 13.11 14.22 14.70 15.09 15.00 14.77 14.36 14.19 14.74 14.68 14.32 13.95 14.18 14.80 14.80 14.76 14.80 14.80 15.25 14.84 14.97 15.56 15.60 15.23 15.43 15.40 14.74 14.89 14.76 14.70 14.59 13.86 13.11 12.99 12.62 12.11 13.33 13.60 13.64 13.25 13.65 13.96 14.08 14.09 14.00 12.77 10.68 10.62 10.10 10.11 10.79 10.41 9.83
99999.90 99999.90 99999.90 99999.90 99999.90 12.86 12.86 12.86 12.86 12.86 12.86 12.86 12.86 12.86 12.86 12.86 13.64 13.93 13.99 13.16 13.65 13.97 14.69 14.24 13.51 13.88 14.60 14.91 14.91 14.72 14.47 14.56 15.02 14.85 13.98 13.80 14.01 14.31 14.38 14.40 14.72 14.64 15.07 14.91 14.58 14.93 14.89 15.23 15.22 15.11 14.88 14.76 14.90 14.60 13.98 13.77 13.20 12.71 12.23 12.39 13.09 13.21 13.76 13.95 13.47 13.44 13.96 13.92 13.20 12.72 11.86 10.85 10.23 9.93 10.41 10.53 10.00
99999.90 99999.90 99999.90 99999.90 99999.90 12.86 12.86 12.86 12.86 12.86 12.86 12.86 12.86 12.86 12.86 12.86 13.82 14.17 14.30 13.39 13.48 14.10 14.35 14.22 13.35 13.49 14.19 15.07 14.61 14.02 14.69 14.60 14.67 14.53 13.65 13.67 14.05 14.31 14.26 14.11 14.67 14.87 15.39 14.96 14.90 15.04 14.63 14.71 14.91 14.75 14.92 14.60 13.98 13.43 13.93 13.96 13.38 12.68 12.35 12.76 13.16 12.98 13.67 13.21 12.79 12.77 13.39 13.38 12.64 12.74 12.20 10.33 10.53 9.96 9.69 10.69 10.63
99999.90 99999.90 99999.90 99999.90 99999.90 12.86 12.86 12.86 12.86 12.86 12.86 12.86 12.86 12.86 14.13 14.13 14.13 14.06 14.23 13.79 13.82 13.45 14.06 14.16 14.00 13.89 14.40 14.32 14.44 13.58 13.98 14.35 14.44 14.02 13.55 12.77 13.53 14.02 14.23 13.88 14.64 15.21 15.22 14.83 14.97 15.12 15.05 14.72 14.82 14.84 14.44 14.16 12.97 13.34 13.91 13.75 13.27 12.70 13.14 13.13 12.97 13.15 12.30 11.83 11.85 12.21 13.09 13.19 12.42 12.91 12.50 10.75 10.45 9.54 9.56 10.97 11.16
99999.90 99999.90 99999.90 99999.90 99999.90 12.86 12.86 12.86 12.86 12.86 12.86 12.86 14.16 14.16 14.16 14.16 14.16 14.10 14.23 14.03 14.00 13.57 13.92 14.02 14.07 14.17 13.84 13.79 13.60 13.26 13.47 13.53 13.30 13.40 13.51 12.71 13.87 14.05 14.00 14.04 14.73 15.31 14.88 14.51 14.58 14.86 15.08 14.94 14.87 14.80 14.16 13.59 12.95 13.48 13.82 13.19 13.08 12.58 13.17 12.62 11.89 12.43 11.33 10.80 11.17 12.15 12.18 11.42 12.06 12.92 12.99 11.97 11.57 10.33 9.90 10.06 10.00
