main/data/irradiance/28.01.2023.grid
ncols 839
nrows 679
xllcenter 112.0500
yllcenter -43.9500
cellsize 0.0500
nodata_value 99999.90
[rows 306 to 339 of 679, columns 385 to 461 of 839]
17.16 17.99 16.89 18.24 18.79 18.35 20.54 20.95 20.54 20.00 19.37 19.74 21.93 21.71 21.57 22.36 21.99 20.86 21.91 22.04 22.02 21.73 21.80 20.62 21.69 21.13 20.68 21.63 20.51 22.07 22.79 21.71 22.23 22.18 24.74 24.49 22.90 21.47 19.52 19.54 18.80 20.27 21.21 19.72 20.59 22.20 21.75 21.09 21.11 21.49 20.23 19.03 18.97 19.40 20.70 20.22 21.92 23.34 23.52 22.51 22.28 21.96 22.53 22.78 21.95 22.03 21.04 20.01 19.85 18.38 19.67 20.74 21.14 21.31 20.86 22.18 22.87
18.25 18.15 17.52 18.76 19.50 18.12 19.07 20.04 19.71 19.86 20.75 19.47 20.10 20.24 21.00 22.11 22.61 21.92 22.17 22.01 20.69 21.78 21.37 20.15 20.94 20.46 21.35 20.93 20.12 21.53 21.79 21.90 21.53 23.15 25.44 26.00 22.62 21.66 21.52 21.51 19.99 18.96 20.05 19.96 19.11 20.47 20.49 21.08 20.14 20.93 19.61 18.12 17.51 17.87 19.51 19.86 21.94 23.31 23.05 22.68 23.40 23.30 23.08 21.77 20.61 19.76 20.01 20.36 19.32 19.12 19.14 20.28 20.88 21.33 21.60 21.33 22.32
19.31 19.59 19.06 19.46 18.65 17.70 17.58 20.22 20.97 21.15 20.75 20.32 20.18 20.80 21.76 21.45 21.95 22.26 22.17 21.83 20.79 20.21 21.10 20.75 21.14 20.55 21.25 21.27 20.24 19.58 21.20 22.35 22.34 22.62 24.67 25.27 23.10 20.94 21.89 22.64 19.82 17.89 18.92 18.51 19.23 18.62 19.32 20.29 20.42 19.53 20.51 18.20 16.54 17.89 19.64 19.72 21.02 19.68 21.39 22.06 23.20 23.75 23.87 21.66 20.86 19.77 20.27 20.58 19.75 19.39 20.60 21.94 21.35 22.54 21.65 21.83 22.97
20.04 19.91 19.95 19.82 19.23 17.92 18.96 21.03 19.86 20.53 20.13 19.88 19.97 21.60 21.68 21.64 21.48 21.97 22.60 21.43 21.94 20.86 21.83 22.24 21.55 20.26 22.18 22.02 20.17 20.37 20.42 22.30 22.93 22.48 22.35 22.57 22.47 21.62 22.46 21.05 19.19 18.06 18.75 17.65 18.39 18.84 19.00 19.33 19.43 20.07 21.32 20.94 20.04 20.45 20.33 18.71 21.33 20.31 20.99 20.77 22.35 22.50 22.71 21.44 20.76 20.81 20.48 19.44 19.10 19.25 20.85 22.55 21.66 22.27 21.20 21.00 21.76
18.52 18.01 19.56 17.53 18.27 18.78 18.40 19.23 18.19 19.75 18.93 19.38 19.52 20.71 20.51 19.47 20.34 21.19 22.21 21.83 20.07 20.97 21.37 22.68 21.90 21.42 22.90 22.98 21.59 21.22 21.63 22.06 21.81 21.58 23.34 24.22 23.88 22.62 22.62 22.03 19.73 18.65 20.46 18.44 18.22 18.20 19.73 19.24 20.02 20.54 20.74 21.13 21.36 21.62 20.97 18.88 18.57 18.26 20.08 19.79 20.79 20.32 21.24 22.01 21.80 21.58 20.91 19.66 20.35 21.19 20.81 21.86 20.59 20.40 19.57 20.11 21.54
16.97 18.71 19.79 19.76 18.66 18.61 17.26 17.60 18.37 18.12 19.37 18.66 18.77 19.56 19.52 20.21 20.16 21.19 21.66 22.84 21.43 20.17 20.96 21.00 22.36 23.77 22.75 22.03 20.62 21.20 22.32 21.66 20.63 22.00 23.54 22.30 21.43 23.87 22.66 23.17 21.86 21.33 22.54 20.70 20.74 20.32 20.04 19.96 19.35 19.98 20.53 20.83 21.62 23.04 22.47 19.45 17.47 17.64 19.26 19.32 20.14 19.97 19.39 21.27 20.92 21.69 19.95 19.69 19.81 21.48 20.31 21.42 20.98 20.65 19.24 20.11 21.62
17.21 16.01 18.25 18.93 19.83 17.69 16.55 19.36 19.86 19.29 18.86 19.26 19.31 21.49 20.38 20.39 20.36 21.37 21.88 21.25 20.28 20.06 19.87 20.23 21.49 23.17 21.44 20.92 21.31 20.92 20.98 21.26 22.39 23.52 23.68 22.05 22.06 23.61 22.25 21.20 23.16 23.04 22.29 22.95 21.21 21.19 20.23 20.92 19.47 19.32 20.57 21.19 21.56 22.54 21.70 20.28 17.68 18.56 18.64 20.17 20.23 19.98 20.23 20.11 18.29 18.84 20.51 19.20 20.29 20.25 18.99 19.92 20.59 20.26 19.87 20.28 20.21
16.04 16.70 16.50 16.49 19.74 18.58 18.61 20.71 20.72 20.22 18.77 19.57 20.69 21.85 20.72 20.23 21.39 20.45 21.76 21.41 20.71 19.84 20.04 20.59 20.81 21.59 21.63 21.09 21.86 20.48 20.49 21.81 22.66 23.71 23.09 23.38 24.56 24.30 22.82 21.66 22.16 22.98 22.32 20.97 21.39 20.70 21.51 21.32 19.39 18.08 19.50 19.93 19.76 20.51 20.91 20.60 16.93 18.83 20.23 20.55 21.22 20.88 20.82 20.05 18.42 17.67 19.89 20.32 18.83 20.13 19.40 19.05 17.92 19.44 20.07 19.35 20.01
16.27 17.82 17.69 18.14 17.56 18.98 18.53 18.44 20.29 19.84 17.81 19.52 20.78 21.18 21.93 21.73 22.02 20.18 21.07 21.35 20.82 19.60 19.36 19.54 20.21 21.42 22.91 21.89 22.38 21.70 21.14 22.07 22.74 23.33 23.77 23.58 24.10 23.90 23.00 21.03 21.15 23.11 22.87 19.99 20.48 19.27 20.76 20.13 19.42 19.60 19.61 19.20 18.32 18.48 20.46 19.36 16.76 19.89 20.24 20.80 21.87 20.76 20.43 19.79 20.02 18.76 17.85 19.76 20.77 20.10 19.22 18.49 18.78 19.24 20.49 18.46 17.24
18.07 19.39 20.02 19.68 17.21 19.47 19.06 18.58 18.19 18.21 18.81 18.69 19.63 21.04 21.72 21.69 20.63 20.94 20.51 21.26 21.46 19.95 20.30 19.53 20.85 21.67 22.09 23.56 22.36 22.14 22.93 22.56 23.57 22.85 23.46 24.04 23.17 24.03 23.56 23.48 23.20 21.54 22.20 21.34 19.60 19.54 19.77 19.57 19.25 20.49 21.58 21.43 21.77 20.10 19.45 20.71 19.98 21.04 22.64 22.44 22.73 22.96 22.56 21.82 20.70 19.31 17.60 19.52 20.39 20.34 17.70 17.35 18.31 18.86 19.35 18.45 19.42
19.74 18.20 18.75 18.70 18.37 19.70 19.41 18.71 19.67 18.87 18.84 18.53 19.35 20.40 20.52 21.91 21.55 21.13 20.52 21.49 21.47 20.27 21.44 20.02 20.08 21.43 21.90 23.44 23.34 22.01 22.85 23.32 23.36 23.06 23.15 22.86 22.55 22.74 23.22 23.99 22.93 21.88 20.56 21.25 20.77 19.64 21.33 21.43 21.10 22.14 21.21 21.96 22.11 20.93 19.62 19.29 20.49 21.29 21.84 22.49 21.79 22.77 22.34 21.43 20.52 19.79 18.53 18.29 18.61 19.14 19.13 16.96 17.95 18.82 18.39 17.98 18.91
18.57 16.52 16.46 16.17 18.67 19.87 19.48 18.74 17.30 19.25 19.09 18.58 19.19 18.75 19.49 20.23 20.91 20.29 19.47 21.40 20.66 20.14 21.36 21.38 20.10 20.70 22.16 21.83 22.28 22.40 22.78 23.30 24.06 24.78 23.50 22.11 22.99 22.71 22.53 22.85 21.77 20.77 19.63 19.30 19.43 20.15 21.72 22.16 20.84 20.94 21.25 22.55 22.55 19.50 17.16 17.86 19.65 19.82 21.59 21.69 22.11 22.86 22.20 20.10 20.11 19.21 18.32 18.98 18.82 18.73 18.58 18.03 17.24 17.68 17.97 18.49 18.26
17.13 15.14 15.31 16.01 15.05 17.45 17.00 17.49 18.44 18.47 18.35 19.58 19.45 19.38 19.31 19.74 20.55 20.33 20.51 21.83 21.56 20.68 21.57 21.52 21.74 21.95 22.42 21.90 22.44 22.52 22.92 22.72 24.29 24.90 24.04 22.20 23.47 22.34 22.69 23.38 21.04 21.43 21.08 19.05 18.48 20.27 20.11 19.42 20.89 20.04 20.86 22.07 20.11 20.06 18.86 18.73 20.16 19.14 19.78 19.31 21.30 23.39 23.29 22.07 21.62 19.94 19.34 20.09 20.01 19.38 18.41 18.73 17.79 17.23 18.60 18.57 16.83
15.26 14.05 13.96 12.82 14.27 15.19 16.15 18.35 18.64 16.80 16.11 16.45 19.00 19.74 16.74 17.35 19.50 20.27 21.09 21.68 21.17 20.82 20.52 20.10 20.72 20.71 20.71 22.43 21.92 21.62 22.06 24.14 23.75 23.48 22.93 21.80 23.04 22.12 22.72 23.46 23.41 21.02 23.11 21.76 19.96 20.06 19.99 18.09 19.71 20.44 21.34 19.90 20.59 19.90 19.52 20.40 20.67 19.51 20.64 19.88 19.29 19.74 19.55 19.21 19.38 18.58 20.73 20.56 19.67 19.28 18.93 17.18 17.91 18.33 18.36 19.22 18.72
12.77 12.12 13.99 12.56 12.56 14.19 14.67 17.98 18.02 16.48 15.82 17.57 18.82 19.92 18.56 19.25 20.72 21.43 20.18 20.88 20.29 20.78 19.82 20.46 21.15 18.96 20.85 20.51 21.71 21.52 20.51 23.18 22.79 21.82 20.62 21.35 23.01 23.36 22.94 23.90 22.90 21.78 22.01 22.89 21.47 19.15 21.00 19.92 20.72 21.29 20.24 20.51 19.67 19.51 18.35 18.63 18.97 19.48 20.16 18.95 18.04 18.63 19.94 19.78 21.06 19.32 20.10 19.75 18.43 18.34 18.04 17.98 17.43 18.85 18.74 16.73 18.18
13.50 13.56 12.60 13.87 13.68 14.07 15.04 16.71 17.86 17.95 15.50 15.90 16.13 19.44 19.49 20.55 20.94 21.96 21.38 19.96 19.99 20.38 20.35 20.85 19.48 19.72 20.78 19.60 20.64 21.26 22.17 22.91 21.01 20.12 21.10 22.12 22.62 23.70 23.76 23.73 22.87 22.70 23.04 21.62 21.28 20.13 19.79 20.64 20.57 22.61 21.47 22.22 19.89 18.80 20.28 18.60 17.24 18.71 16.69 17.59 17.63 16.34 17.62 19.14 20.38 18.49 20.32 19.68 16.93 15.46 17.03 17.77 17.19 17.65 18.08 16.78 16.91
14.22 14.10 13.32 15.19 15.40 14.73 14.78 14.93 17.00 17.00 16.52 17.44 18.19 18.08 19.58 19.16 19.41 21.34 21.48 21.13 21.58 21.11 20.04 18.87 19.17 19.10 18.33 20.20 21.18 21.77 22.08 21.67 21.59 20.83 21.50 22.49 22.44 23.45 23.16 22.17 22.67 22.94 23.36 22.05 22.76 22.26 20.55 19.71 20.52 19.54 21.12 23.28 22.96 20.39 18.61 16.65 14.90 18.13 15.47 16.41 16.78 17.45 18.47 19.02 18.35 18.27 19.63 20.25 17.97 16.25 16.63 17.65 17.05 17.10 16.92 16.45 15.95
14.46 14.57 14.88 14.19 15.27 11.87 13.21 15.48 15.29 15.00 15.89 17.38 16.01 16.58 19.52 18.44 19.12 19.31 19.77 19.53 19.98 20.84 20.36 18.77 19.24 19.60 19.11 19.62 21.39 21.65 20.99 22.07 21.80 21.85 22.57 23.21 22.00 21.41 22.23 20.74 22.09 23.15 23.55 23.53 22.46 22.23 20.49 18.78 18.78 17.68 17.60 20.55 21.24 20.37 18.42 16.30 15.52 16.35 17.63 18.08 17.78 17.59 18.46 18.80 18.75 17.96 19.60 18.42 17.93 16.98 16.74 17.23 17.53 17.08 15.50 13.87 13.83
15.19 15.61 15.44 10.98 11.85 12.04 11.50 14.22 13.54 13.55 15.28 15.84 16.23 15.09 17.21 18.28 17.98 16.83 17.43 19.40 20.28 19.18 19.90 18.21 20.12 20.15 19.69 20.19 20.55 21.66 20.99 20.83 21.38 22.56 22.61 21.91 22.10 21.97 21.16 20.66 21.83 22.95 23.34 23.27 22.59 22.24 22.96 20.97 19.86 17.72 17.11 19.91 20.40 19.52 18.85 17.64 16.77 15.28 16.19 17.67 18.07 17.36 16.84 17.63 18.60 18.25 18.58 17.81 17.03 18.97 18.33 19.02 18.24 17.59 15.27 13.10 12.89
14.73 13.47 12.44 11.88 10.38 10.11 10.97 11.95 12.06 12.04 13.97 13.55 15.21 15.15 14.53 15.36 16.05 16.03 16.36 17.73 18.24 18.74 19.08 18.27 18.85 19.88 19.78 19.17 20.49 22.44 21.78 21.58 21.83 22.02 22.70 21.39 21.75 20.79 20.57 20.93 21.20 22.07 21.71 21.41 21.90 22.52 23.43 21.64 20.89 18.53 17.66 20.21 21.49 19.72 18.97 19.06 17.13 16.95 16.04 17.10 16.20 15.44 16.43 17.99 18.89 18.56 18.54 18.42 17.08 17.18 16.93 17.03 16.30 15.23 14.57 12.57 11.80
13.19 12.26 12.65 11.47 13.52 14.13 11.71 10.05 11.37 12.73 14.06 13.59 14.29 14.45 13.37 14.33 14.81 15.14 15.64 16.64 18.29 18.95 18.04 18.36 18.52 19.37 18.99 18.25 19.28 21.83 22.84 21.21 21.03 20.02 21.22 21.37 21.45 21.50 21.18 20.60 20.57 20.76 20.26 20.33 20.73 22.27 22.33 21.60 20.82 18.82 17.88 17.79 20.76 21.16 19.61 19.11 17.95 17.78 16.95 16.77 15.34 16.19 16.46 17.08 17.60 18.36 17.36 17.06 15.82 15.08 15.81 15.30 16.12 15.21 12.91 11.85 12.78
14.85 14.20 13.36 11.31 13.87 13.82 14.08 14.11 13.24 11.19 13.07 16.14 16.50 14.77 14.53 14.05 13.19 13.71 14.38 16.74 19.49 19.74 17.53 17.72 18.98 19.70 19.18 19.30 20.38 20.79 22.28 20.47 19.46 19.77 20.28 20.52 22.08 21.46 21.03 20.27 20.42 20.48 20.51 20.00 21.57 22.24 21.71 21.11 20.87 18.21 18.38 18.73 19.05 19.64 19.86 19.29 18.99 16.83 17.27 15.34 15.50 16.23 16.44 15.86 16.92 17.15 15.51 16.47 15.80 15.09 16.02 15.80 15.15 13.96 12.61 13.61 14.86
15.06 15.50 14.57 12.58 14.16 15.01 15.30 14.29 13.91 14.33 14.69 17.07 16.15 14.31 12.64 10.96 12.27 14.25 16.51 16.79 18.92 19.76 19.36 18.65 20.04 19.69 18.86 20.73 21.42 21.29 21.67 19.90 16.26 17.82 19.86 19.55 20.68 21.09 20.98 21.31 20.91 20.87 20.58 20.47 22.14 22.01 22.20 21.89 21.76 20.23 20.12 19.57 18.48 18.56 18.65 19.47 19.46 17.29 18.09 17.08 17.07 16.40 16.70 17.46 18.11 17.49 16.66 15.96 16.40 16.35 16.30 16.08 14.55 14.04 13.14 13.37 14.22
14.59 13.99 12.90 11.69 11.99 14.74 16.06 15.67 14.69 14.92 14.52 16.52 16.60 13.28 11.83 11.61 11.58 14.52 16.28 15.57 15.35 18.48 19.44 19.11 19.60 19.68 18.53 20.16 20.22 19.82 19.53 18.24 17.06 16.94 18.45 20.05 18.91 19.82 20.33 21.01 21.70 21.86 21.40 22.52 23.40 22.71 21.77 21.94 22.04 21.57 19.35 18.61 19.16 19.97 18.77 19.06 18.38 16.84 17.90 17.70 17.81 16.83 15.93 15.91 17.56 17.21 15.88 16.16 16.16 14.91 14.55 16.43 15.34 13.89 13.14 12.90 13.59
16.51 13.30 12.63 14.27 13.25 15.26 15.46 13.76 14.98 13.03 11.78 13.29 12.88 12.90 12.74 11.83 13.10 15.88 15.33 16.18 15.39 17.44 17.73 18.56 18.69 18.56 18.12 18.54 19.47 18.92 18.44 18.44 16.94 17.34 17.27 18.77 20.23 19.31 20.26 19.97 20.92 22.36 21.73 22.19 22.58 22.24 22.04 21.99 21.27 19.77 19.10 19.52 18.81 19.96 19.69 17.96 17.68 17.82 18.40 17.56 17.26 16.28 15.37 15.53 16.96 16.99 17.16 17.31 16.45 14.69 14.71 15.99 14.79 14.45 13.71 12.75 13.95
16.22 13.92 11.63 14.49 14.52 13.51 15.55 16.30 15.29 13.37 11.95 11.28 12.14 12.24 12.65 13.00 12.11 14.33 15.19 15.32 13.99 15.56 17.33 18.35 18.63 17.79 17.66 19.61 19.93 18.59 17.40 17.84 17.39 16.86 18.22 18.90 20.02 19.09 19.66 20.28 21.35 20.55 20.68 20.87 20.64 21.57 22.10 21.65 20.91 19.37 19.99 19.80 18.89 19.49 20.06 18.31 17.59 17.59 17.73 17.85 15.95 16.01 15.45 16.48 17.40 17.46 18.41 18.53 16.81 14.53 14.63 15.18 14.85 15.65 14.24 13.59 15.15
15.24 13.75 13.00 15.09 15.84 13.80 16.27 16.69 15.32 14.94 14.47 12.48 10.75 12.32 12.26 13.60 12.76 12.11 13.42 13.96 15.17 17.10 16.89 17.41 18.13 18.15 17.66 18.86 19.81 17.96 17.29 18.08 16.85 16.28 17.22 18.92 17.43 18.33 18.31 20.52 19.86 19.63 19.60 20.44 19.14 19.79 20.91 21.35 21.47 21.64 21.89 22.70 21.19 21.16 19.63 19.56 18.10 18.85 17.15 17.22 16.16 15.19 14.86 16.58 17.92 19.15 18.60 17.71 17.84 17.75 14.83 14.03 14.59 15.88 15.42 14.95 14.80
14.93 13.77 13.91 14.45 13.26 13.14 15.30 15.08 13.03 14.39 16.04 14.79 11.78 12.91 13.52 12.54 12.40 13.37 13.24 15.17 15.03 17.45 16.43 16.98 16.98 17.73 17.62 18.73 17.05 18.05 17.83 17.48 18.14 18.00 15.95 18.19 18.10 15.18 16.76 18.77 18.97 18.53 18.46 19.97 19.71 19.72 20.07 21.61 21.15 20.72 20.85 21.37 21.16 21.30 17.57 19.09 18.10 17.78 17.53 15.89 16.20 16.16 16.08 17.56 17.55 17.69 17.37 17.38 18.09 18.18 16.15 13.46 13.71 14.21 14.11 14.30 14.92
14.79 15.04 13.85 13.56 12.66 13.44 14.92 13.59 13.15 12.60 14.94 14.37 14.78 15.20 14.88 12.38 11.75 12.24 13.19 14.66 15.98 16.27 16.26 15.35 16.13 18.18 19.03 19.51 17.89 18.62 18.70 17.13 17.62 17.43 17.65 17.37 17.26 15.31 15.49 17.74 17.43 17.25 18.23 18.46 19.27 18.21 19.57 21.34 22.06 22.10 21.10 21.55 19.53 18.88 17.87 17.54 17.28 16.74 16.29 15.59 16.16 16.96 17.51 15.79 16.36 17.57 17.54 18.23 17.24 17.44 17.11 14.38 13.91 14.04 13.58 13.79 14.97
12.91 14.97 14.71 14.06 14.50 13.12 15.46 14.38 14.06 13.58 14.96 15.65 16.29 14.41 13.86 12.36 12.74 10.48 13.23 13.82 14.47 13.09 14.39 15.39 16.73 17.78 17.67 18.35 18.68 17.20 17.94 16.75 16.94 15.70 16.01 17.52 16.17 15.59 15.07 15.27 16.24 15.64 18.13 19.03 18.15 17.50 19.65 20.11 21.81 21.71 21.39 20.84 20.22 17.54 18.30 18.17 16.27 15.53 15.41 15.59 16.40 17.54 17.82 15.91 16.48 17.62 17.31 18.75 16.72 16.31 15.31 14.84 13.60 13.65 14.19 14.38 15.24
13.33 14.11 15.19 14.69 14.87 14.19 15.31 15.31 14.59 14.40 15.23 17.25 19.06 15.67 14.84 12.19 11.18 10.76 12.55 12.63 12.06 12.60 12.39 13.87 14.76 16.10 15.61 15.67 15.67 15.59 15.06 15.82 15.43 16.61 17.71 17.65 17.91 16.32 15.78 15.61 17.24 16.81 18.16 19.21 18.60 17.90 20.07 20.18 20.61 21.89 21.85 21.14 19.86 16.87 18.22 17.50 17.66 15.97 16.96 15.91 17.46 17.55 17.25 16.36 17.00 16.99 16.89 17.86 16.13 15.08 15.81 15.42 13.61 13.56 15.10 15.15 14.04
13.51 14.36 15.22 15.89 17.19 16.19 15.99 15.42 14.99 15.78 14.75 15.40 16.34 16.13 15.87 14.86 13.01 12.57 12.93 11.60 11.90 13.97 12.07 13.46 14.71 15.14 14.83 14.79 14.94 14.54 13.95 14.03 15.60 17.78 18.84 18.89 17.94 16.29 16.89 16.79 17.32 17.21 18.03 18.43 19.24 18.72 18.68 19.07 18.93 19.89 20.30 20.22 19.82 16.75 17.74 17.93 18.82 17.30 17.38 17.45 18.52 17.93 16.44 16.62 17.15 16.57 15.40 15.69 15.39 14.95 15.98 15.27 15.22 15.64 15.06 13.86 12.27
13.65 13.59 13.90 15.77 16.82 17.39 15.98 14.95 14.89 15.43 14.61 13.69 15.33 15.08 16.33 17.73 14.89 15.22 13.85 14.01 14.21 16.45 13.57 13.22 13.75 14.65 15.19 16.19 15.32 15.19 16.26 15.68 16.04 16.77 17.94 18.75 17.31 16.50 15.39 15.19 15.75 18.65 18.85 19.32 19.09 18.92 18.97 17.70 17.34 19.12 20.48 20.41 18.62 18.97 18.26 18.31 18.91 17.49 17.40 18.01 17.88 17.47 16.26 17.60 17.22 17.54 15.92 13.68 14.17 15.13 16.50 15.23 16.31 15.84 14.80 13.28 11.47
14.60 13.33 13.39 15.45 17.56 18.35 15.64 14.25 14.80 14.18 13.98 13.82 15.15 16.27 15.99 15.21 14.05 14.09 12.89 13.71 15.24 15.41 14.62 12.97 13.06 13.72 14.45 15.71 15.70 14.50 15.59 15.32 15.01 15.52 16.78 16.79 15.37 14.55 14.77 15.23 15.36 18.42 19.72 19.36 17.76 17.91 19.41 18.67 19.16 19.09 19.55 18.98 19.04 19.27 17.69 17.92 17.35 16.66 17.83 18.42 19.23 19.73 19.02 17.46 16.51 16.70 16.13 14.27 14.80 16.29 16.39 15.89 16.13 16.62 15.32 13.69 13.41
