main/data/irradiance/28.01.2023.grid
ncols 839
nrows 679
xllcenter 112.0500
yllcenter -43.9500
cellsize 0.0500
nodata_value 99999.90
[rows 136 to 169 of 679, columns 462 to 538 of 839]
23.58 23.64 24.22 24.89 25.13 24.64 24.31 24.01 24.03 23.39 21.91 21.46 21.61 21.06 20.63 21.02 20.91 20.83 20.21 19.50 19.08 18.38 18.12 18.83 18.19 17.86 17.16 16.95 16.67 15.28 13.39 12.75 12.80 13.55 13.74 13.56 13.24 12.35 12.00 12.20 11.87 11.31 11.13 10.72 11.75 12.52 12.28 11.77 12.03 11.68 11.58 12.31 11.91 11.97 12.73 14.39 14.62 10.96 8.90 8.80 8.08 6.50 4.88 5.51 5.97 5.91 7.22 7.98 7.78 8.89 8.67 8.46 8.46 6.61 7.82 7.82 8.53
23.85 23.81 23.96 24.59 24.28 23.92 23.91 24.00 24.24 23.21 22.09 21.16 21.41 21.98 21.33 21.36 21.47 20.39 20.00 19.52 18.97 18.76 18.02 18.27 18.42 17.46 16.94 17.03 17.21 16.46 15.43 13.69 13.10 13.51 13.54 13.14 12.68 12.53 12.57 12.49 12.43 12.52 11.86 12.04 12.79 12.99 12.78 12.23 12.04 11.52 11.75 12.00 11.90 13.42 13.19 13.50 13.69 12.21 10.57 9.47 8.05 6.23 5.17 5.25 6.24 7.47 7.98 7.54 6.87 7.07 7.29 7.62 7.62 6.61 7.82 7.82 8.53
23.78 23.51 23.06 23.44 22.80 22.98 22.85 23.92 23.65 22.48 21.40 21.70 21.49 22.41 21.53 21.42 21.22 20.43 20.38 19.76 19.86 19.24 18.49 18.27 18.22 17.59 16.62 16.45 17.55 17.15 16.50 15.37 13.89 13.12 12.97 12.58 12.50 12.12 12.52 12.44 12.27 11.90 10.95 11.71 13.50 12.88 12.52 12.29 11.93 11.92 12.05 11.80 11.81 12.69 12.34 12.26 12.90 11.94 10.85 9.71 8.75 7.20 7.15 7.07 7.08 8.49 8.00 7.72 7.54 7.45 7.38 6.91 6.63 6.31 6.58 7.53 8.53
23.47 23.25 23.12 23.34 22.96 22.58 23.03 23.19 22.69 22.79 21.79 22.44 21.79 21.85 21.74 20.96 20.65 20.68 20.29 19.56 20.02 19.64 18.40 18.16 18.19 17.82 16.67 16.43 16.83 17.18 17.05 15.53 14.32 13.05 12.33 12.39 12.69 12.27 11.96 11.38 11.31 11.17 10.30 10.96 12.37 11.72 11.58 12.19 11.19 11.38 11.40 11.69 12.03 12.29 12.47 11.93 11.32 11.21 11.05 10.29 9.29 7.79 7.76 6.68 7.53 8.49 7.76 8.27 8.12 8.01 7.82 7.28 7.03 7.01 7.10 7.38 7.63
23.69 23.54 23.57 24.16 22.94 22.84 22.78 23.01 22.91 22.88 22.17 22.02 22.11 22.16 21.83 20.90 20.58 20.47 20.56 20.02 20.25 19.34 18.36 18.51 18.30 17.63 17.33 16.33 15.84 17.61 16.74 16.13 14.35 13.84 12.57 12.70 13.09 12.65 12.62 12.05 10.73 10.77 9.65 10.15 11.21 11.67 11.45 11.90 11.05 10.93 11.16 11.53 11.62 11.91 11.47 10.47 9.62 9.70 9.92 9.34 8.86 8.25 7.25 6.72 7.29 8.06 7.97 8.95 8.26 8.42 8.15 7.63 7.82 7.66 7.35 7.47 7.45
25.22 25.01 24.21 24.63 23.49 23.30 22.83 23.17 23.25 23.03 22.89 22.54 22.96 22.61 22.14 21.79 20.79 20.76 20.53 20.49 19.98 19.14 18.21 18.14 18.34 18.45 17.12 15.73 16.25 16.78 17.27 16.26 14.28 14.13 12.54 12.48 12.91 12.84 12.58 12.13 11.16 10.79 10.75 11.17 11.42 12.08 12.41 12.11 11.88 10.55 10.73 10.90 11.33 11.48 10.88 10.11 9.16 9.02 9.93 8.97 9.16 8.74 7.78 6.81 7.43 7.89 8.49 8.93 8.48 8.52 8.39 7.65 7.90 7.34 6.89 6.49 7.15
24.84 24.79 25.25 25.27 24.98 24.82 23.67 22.52 22.64 22.59 22.60 22.95 22.75 22.00 21.63 21.62 21.40 21.17 20.83 20.68 20.09 19.91 19.65 19.07 18.30 18.85 17.44 16.46 16.60 16.87 16.69 15.20 14.57 14.31 12.95 11.72 12.31 12.91 12.80 12.35 11.83 11.62 11.93 11.97 12.03 11.80 12.52 12.95 12.25 10.87 10.67 10.58 10.56 10.59 10.46 9.71 9.22 9.53 10.89 10.15 9.00 8.21 7.87 7.78 7.46 8.70 9.38 9.09 9.44 8.59 8.29 8.00 8.06 7.57 6.60 6.34 7.15
24.48 24.64 24.25 25.20 25.37 25.43 24.61 23.14 23.09 22.88 23.06 22.78 22.41 21.94 22.17 22.07 22.12 21.27 21.26 21.60 20.63 21.01 20.48 19.19 19.04 19.16 18.64 18.01 17.18 17.19 16.60 15.63 15.39 15.17 13.81 12.97 12.71 12.07 12.78 12.24 11.47 11.53 11.99 12.60 12.68 12.73 12.34 12.71 12.45 11.38 10.83 10.52 10.84 10.75 10.66 10.81 9.94 9.77 10.31 10.21 8.67 9.10 8.41 8.71 8.62 9.72 10.63 10.75 10.28 9.31 8.93 8.83 8.42 7.62 7.16 6.51 8.06
24.46 24.34 23.35 24.70 25.22 24.81 25.13 24.25 23.50 23.27 23.22 23.66 23.49 23.30 22.84 22.39 22.67 22.60 22.31 21.79 21.90 22.07 21.53 21.18 19.31 18.84 18.39 17.94 18.03 17.20 16.57 16.29 16.36 15.39 14.35 12.63 12.45 12.83 13.32 12.67 12.37 12.46 13.03 13.03 13.11 13.16 12.83 13.20 12.48 11.27 11.09 11.29 11.34 11.72 11.17 11.14 9.33 9.01 9.68 9.91 9.99 9.98 9.06 9.17 10.41 11.39 11.72 11.78 10.85 10.09 9.50 9.39 8.91 7.71 7.51 6.95 8.35
24.69 24.19 23.65 24.36 24.67 24.58 25.24 23.99 23.17 23.44 23.60 24.41 23.42 23.56 23.24 22.16 23.16 22.94 23.55 22.47 22.90 22.42 21.58 20.03 19.36 18.37 17.71 17.39 17.95 17.32 16.71 16.71 17.27 16.68 15.71 14.98 14.42 13.69 14.08 14.52 14.40 14.28 13.74 13.38 12.86 13.24 13.36 13.48 12.53 11.55 10.93 10.87 10.96 11.57 11.57 11.12 10.28 9.44 9.37 9.65 9.90 9.83 9.50 10.18 11.66 13.14 13.72 13.27 11.88 11.29 10.23 9.44 9.55 8.65 8.41 7.49 8.18
25.28 24.10 24.13 24.19 23.74 23.16 23.92 23.88 24.22 24.04 23.28 23.63 23.10 23.10 23.27 23.81 24.21 23.71 24.34 23.65 22.67 22.36 20.87 20.77 20.36 19.52 18.25 17.32 17.82 18.13 17.94 17.39 16.90 16.92 16.45 16.38 16.14 15.49 15.50 15.04 14.80 14.97 14.36 13.60 12.82 12.78 13.25 13.19 12.59 11.05 11.18 10.89 10.49 10.92 11.09 11.13 9.81 9.80 9.97 9.57 9.67 10.07 10.17 11.94 13.06 13.96 15.08 14.47 13.04 12.04 10.54 9.70 9.88 9.98 9.65 8.68 8.76
25.96 25.50 24.99 24.29 23.34 23.08 24.28 23.98 23.37 23.70 23.71 23.01 22.73 23.18 23.91 24.99 24.85 23.27 23.68 24.01 23.91 23.54 22.53 21.07 20.84 19.85 19.41 16.69 17.30 18.10 18.38 17.89 17.03 16.73 16.09 16.28 16.59 16.77 16.46 15.30 14.90 14.96 14.73 13.60 12.69 12.48 12.14 12.61 13.02 11.87 11.31 11.09 10.30 10.68 11.00 11.35 10.22 9.90 9.43 9.56 10.67 11.15 11.58 12.93 14.20 14.92 15.35 15.00 13.52 12.35 11.08 10.33 9.89 10.38 10.80 10.60 9.61
24.82 25.77 25.47 24.41 23.21 22.43 24.20 25.03 23.49 24.53 24.71 24.37 23.57 23.75 23.79 24.22 24.15 23.97 23.01 24.83 24.60 24.27 22.77 22.25 21.88 21.33 20.53 17.82 16.87 17.01 18.21 18.02 18.17 17.30 17.21 16.85 16.88 16.68 16.76 16.52 16.15 15.44 15.07 13.94 13.05 12.74 13.23 12.82 13.01 12.59 12.89 11.92 10.88 10.80 11.33 11.45 11.66 10.65 10.15 10.64 11.01 11.58 12.68 14.60 15.60 15.76 15.51 14.59 13.81 12.27 11.22 10.46 10.19 10.49 10.81 11.27 10.62
24.88 25.37 25.12 25.17 23.55 24.04 25.66 25.48 23.59 23.61 23.96 24.33 23.68 23.71 23.44 24.59 24.46 24.50 24.58 25.26 25.23 25.86 23.76 23.43 22.81 21.87 21.12 19.86 17.94 17.85 18.89 18.06 18.64 19.29 18.74 18.43 18.51 17.88 17.55 17.37 17.57 16.07 15.68 15.14 14.61 14.31 14.14 13.78 13.09 12.82 13.17 12.40 11.18 10.88 11.63 11.82 12.14 12.13 11.71 12.64 12.54 13.38 14.35 15.29 15.75 16.34 15.70 14.49 13.41 12.48 11.60 11.00 10.48 10.63 10.93 11.02 11.60
23.70 25.62 26.16 24.07 22.75 24.04 24.46 24.75 24.19 23.36 23.89 23.82 24.42 25.21 24.81 24.86 24.80 24.97 25.40 26.46 26.03 26.02 25.47 24.19 23.66 23.53 22.79 22.19 19.75 19.66 18.89 19.00 19.07 20.19 19.96 19.83 19.85 19.54 19.35 19.09 18.35 17.26 16.38 15.87 15.88 15.93 15.18 14.73 14.17 13.89 13.96 13.14 12.25 12.10 12.04 12.32 12.25 12.60 12.34 12.65 13.23 13.80 15.47 16.66 16.52 15.93 14.74 13.98 13.56 13.00 12.43 11.94 11.00 11.18 11.50 11.79 12.42
22.96 24.88 26.33 25.71 24.27 25.18 24.86 24.87 24.87 24.40 24.65 25.10 25.50 27.00 26.39 26.10 26.09 25.67 25.77 26.86 27.27 26.77 25.88 24.97 24.08 24.45 23.89 23.11 22.94 21.10 19.32 18.89 19.67 20.42 20.31 20.56 20.82 19.50 18.82 19.04 17.61 17.40 16.72 16.09 15.37 16.26 15.96 16.25 15.58 14.90 14.92 14.20 13.80 12.97 12.33 12.48 13.30 14.37 13.97 13.74 13.17 13.69 15.38 16.19 16.59 15.31 14.23 13.74 13.75 13.65 13.70 13.34 12.53 12.57 12.92 12.96 12.99
22.89 24.30 26.15 25.18 25.04 25.26 25.08 24.37 24.25 25.39 25.40 26.03 26.14 27.57 25.83 25.84 26.27 26.68 26.55 25.74 26.02 26.02 25.06 24.83 24.89 24.91 24.26 23.92 23.59 23.30 20.39 19.35 19.73 20.22 19.70 19.63 20.28 18.52 17.86 18.25 17.49 17.60 17.59 17.12 16.67 16.44 16.32 17.34 16.95 16.56 16.65 15.80 15.07 14.38 13.27 12.98 14.56 15.79 16.17 16.45 15.85 14.72 15.60 16.35 16.06 14.91 14.26 14.06 13.78 13.55 14.18 14.49 13.47 14.37 14.99 14.82 14.08
22.85 24.48 24.77 24.23 23.62 23.80 24.00 25.30 24.67 24.66 25.26 25.75 26.44 27.11 24.91 24.82 24.99 24.84 25.70 25.45 25.33 25.57 25.26 25.39 25.39 25.12 24.40 24.76 24.41 24.43 23.27 20.96 20.73 19.90 19.82 19.56 20.20 19.30 18.22 18.26 18.39 18.13 18.63 18.11 17.25 16.49 16.25 17.17 18.14 17.78 17.57 17.45 16.71 15.25 14.34 14.92 15.91 16.58 17.32 18.10 17.72 16.80 15.81 16.11 16.03 15.43 14.63 14.84 14.41 14.51 15.58 15.74 15.85 16.24 16.56 16.37 15.92
23.27 23.10 21.85 22.11 22.21 22.91 22.47 23.85 24.58 24.35 23.66 24.87 26.24 27.28 26.27 25.11 24.34 24.47 23.71 23.72 24.83 25.13 25.09 25.63 24.67 24.42 25.23 25.10 24.68 24.61 24.47 23.05 21.97 20.44 20.52 19.67 19.82 18.73 17.57 18.19 17.68 17.86 18.60 18.79 17.75 17.09 17.84 17.33 17.66 19.19 19.43 18.51 18.27 17.75 17.40 16.62 17.09 17.80 18.33 18.40 17.78 17.02 16.34 16.32 16.74 16.34 16.29 16.01 16.05 16.97 18.20 18.07 18.21 18.44 18.62 18.46 18.79
22.52 20.03 19.21 20.70 23.82 23.25 23.78 23.19 25.39 25.02 24.15 24.77 25.82 27.08 27.08 25.62 25.31 25.15 24.64 24.54 24.17 23.34 25.40 25.76 24.34 25.19 25.83 26.00 25.47 25.54 25.32 24.17 23.21 22.19 20.33 19.33 20.28 20.34 19.80 18.70 17.16 17.82 18.41 18.98 18.84 17.39 18.15 18.28 18.10 18.95 19.72 19.60 19.40 19.64 19.45 18.95 19.04 18.68 18.76 18.94 18.56 17.34 16.68 16.42 17.09 17.93 18.16 17.37 17.29 19.25 20.42 20.65 20.16 20.78 20.27 20.78 20.67
22.11 20.22 21.63 23.18 25.28 25.69 27.18 26.87 26.25 25.58 26.02 26.18 26.77 27.22 27.49 27.18 26.30 25.12 25.84 25.37 23.31 22.97 24.88 26.71 26.24 26.54 26.77 26.74 26.19 25.97 25.55 24.62 24.27 23.97 21.17 19.97 20.41 20.44 19.47 19.40 17.12 17.36 18.32 19.13 18.88 17.39 17.33 18.20 17.94 19.08 20.18 20.58 20.26 20.73 20.21 19.38 19.19 19.37 19.18 19.57 18.97 18.08 17.28 17.18 17.41 18.07 18.56 18.41 18.64 20.64 22.34 22.47 22.22 22.49 22.20 22.01 21.45
25.43 24.50 23.75 24.41 25.62 26.86 25.90 25.54 24.63 25.46 25.46 25.96 27.09 27.46 27.17 27.03 26.14 25.71 26.13 25.26 24.51 24.76 25.75 26.78 27.27 27.55 26.68 26.22 25.99 26.33 25.99 25.40 25.29 24.03 21.78 20.99 20.19 20.68 20.08 19.18 18.28 18.24 18.49 18.89 18.63 18.61 18.70 18.21 18.56 19.73 20.24 20.44 19.08 19.79 19.37 18.81 19.24 19.07 19.16 19.00 17.87 16.74 15.89 16.23 16.62 17.14 17.43 19.07 20.83 21.29 21.82 22.57 23.01 22.58 22.19 21.53 21.01
25.90 23.63 23.72 25.12 25.85 26.35 25.76 25.64 26.06 27.10 26.22 25.71 26.87 26.63 26.39 26.41 25.72 25.78 26.82 25.80 25.32 25.45 25.91 26.53 27.24 27.00 26.25 26.49 27.39 26.90 26.93 25.84 25.45 24.26 22.92 21.28 20.77 19.75 19.84 18.99 17.94 18.05 18.01 17.57 18.37 19.55 19.33 18.43 19.32 20.02 19.06 18.73 18.42 18.47 18.89 18.79 18.07 17.61 17.94 16.95 16.52 15.63 14.97 14.98 15.31 16.40 16.89 19.26 21.52 22.12 22.12 23.57 23.53 23.31 22.18 22.14 22.23
25.51 25.19 26.48 26.05 26.01 26.18 27.14 24.86 25.07 25.84 26.08 24.85 24.90 25.56 26.77 26.33 25.92 26.75 26.90 26.76 26.15 26.80 25.36 25.53 25.94 25.80 26.26 26.66 27.44 26.78 27.57 26.77 25.26 25.38 24.91 23.22 21.98 20.90 18.89 18.56 18.15 18.29 18.11 17.14 16.88 17.83 17.66 18.29 19.35 19.06 18.20 18.48 17.71 17.55 17.14 17.63 17.21 16.29 15.44 14.29 14.36 14.44 14.51 13.96 14.73 15.81 17.30 20.11 21.26 21.94 22.10 23.08 23.16 23.09 22.84 23.12 22.44
27.00 25.77 26.84 27.81 27.25 27.31 27.22 25.27 24.43 25.44 26.48 25.51 25.03 25.77 26.68 25.91 26.09 26.76 26.76 26.58 26.85 26.10 25.70 25.43 24.52 25.94 26.14 26.37 25.93 25.94 25.39 26.25 25.77 25.84 24.98 24.39 22.22 21.39 19.71 19.04 18.29 18.30 17.75 15.50 16.28 18.16 18.44 17.64 17.21 17.44 18.52 18.71 18.63 17.68 16.25 15.71 15.63 14.99 14.32 13.75 13.86 13.98 13.64 14.16 14.91 16.10 17.83 19.60 19.71 21.07 21.96 23.19 23.11 23.06 23.34 22.84 22.46
26.95 26.99 27.09 27.67 27.13 26.91 26.36 24.71 23.59 25.60 25.70 25.77 25.63 26.73 26.29 25.28 25.42 26.11 25.37 24.96 25.66 25.45 25.89 25.73 26.04 26.76 26.47 25.39 25.19 24.63 24.41 24.95 25.14 25.65 24.71 24.23 22.11 20.87 20.53 20.62 19.89 18.15 17.66 16.80 17.08 18.55 18.43 17.61 16.89 17.59 18.17 19.38 17.27 16.07 15.32 15.58 15.33 14.30 14.10 13.86 13.73 13.64 13.44 13.07 13.79 14.97 16.78 18.27 19.02 20.35 21.71 22.21 23.09 22.65 22.42 22.37 23.29
27.53 28.00 28.21 28.09 27.33 26.74 25.96 24.03 25.10 26.86 25.26 25.38 26.32 26.99 26.50 25.76 25.25 24.17 24.81 23.81 24.48 24.00 23.94 25.80 25.64 25.19 25.29 25.05 24.01 23.18 22.70 23.29 22.22 24.02 23.88 24.27 22.84 20.63 21.00 21.62 20.10 18.03 17.12 16.95 17.31 18.37 18.23 17.12 16.40 17.07 18.15 18.44 16.81 15.21 12.98 14.27 14.16 13.66 12.99 13.78 13.25 13.31 12.81 13.03 13.52 14.63 16.00 16.12 18.18 20.00 20.90 22.38 23.26 22.53 22.02 23.07 22.95
27.54 27.69 28.22 26.31 25.90 26.55 26.70 24.83 26.25 25.83 24.94 25.75 26.48 26.12 25.64 24.91 25.31 25.63 24.59 24.57 24.22 23.42 22.52 24.35 23.46 23.07 25.36 26.25 23.87 22.47 21.01 20.54 19.66 22.72 23.71 24.54 24.38 21.54 21.90 21.43 20.31 18.69 17.25 17.11 16.27 17.35 17.97 17.77 16.42 16.37 17.97 18.34 17.44 14.67 13.58 13.47 14.19 13.57 13.46 13.97 13.50 13.79 13.13 13.69 13.65 14.98 15.69 16.77 17.62 18.99 20.65 21.86 21.99 21.68 22.52 22.24 22.29
26.66 26.81 27.06 26.02 25.37 25.57 25.63 24.09 25.16 24.08 25.18 24.43 25.18 24.87 24.95 24.48 23.82 24.27 24.28 24.25 23.41 22.04 21.51 23.06 21.88 20.90 22.67 23.24 23.49 22.68 21.37 19.64 20.66 21.33 22.02 24.36 25.63 24.73 23.38 22.18 20.45 17.87 17.06 17.19 15.74 17.46 18.16 17.96 17.02 16.79 18.04 17.76 16.49 14.57 14.40 14.87 14.51 14.37 13.47 12.98 13.18 14.02 14.80 15.45 14.84 15.92 16.28 16.33 17.16 19.04 20.58 21.09 21.13 22.79 21.94 21.36 22.05
25.75 25.94 24.66 24.46 25.86 25.13 24.93 22.99 23.41 24.98 24.88 24.09 25.03 25.15 24.96 23.10 22.36 23.31 24.09 24.07 23.12 20.97 19.51 21.12 21.37 19.85 21.90 23.85 23.52 22.59 22.41 21.68 20.68 19.74 20.28 23.02 23.57 25.07 24.83 22.69 21.39 19.70 18.75 18.38 17.27 17.22 17.23 17.17 17.22 19.15 19.14 18.00 16.72 15.26 15.19 15.01 14.29 14.65 14.63 13.54 13.78 14.59 15.32 15.70 15.17 16.10 15.73 16.51 18.28 18.89 19.43 20.43 21.46 21.71 20.12 21.21 22.50
25.36 25.09 24.32 24.67 26.06 24.72 24.42 23.15 24.45 25.13 25.42 26.47 25.10 24.52 23.25 23.32 22.52 23.32 23.63 24.02 22.88 22.03 20.91 21.21 18.99 17.54 20.44 23.51 23.68 22.11 23.69 22.85 20.79 19.93 19.50 21.37 22.07 24.61 26.19 23.93 23.22 21.98 19.92 19.94 18.87 18.30 18.47 18.58 18.71 18.36 19.49 18.43 16.69 16.23 16.87 15.84 14.83 14.26 13.96 14.05 13.90 14.14 15.05 15.25 15.38 15.96 16.70 17.36 18.58 19.14 19.21 19.33 20.03 19.77 20.28 20.79 21.72
23.32 25.29 25.88 25.90 25.54 24.16 24.09 24.19 25.20 26.62 25.76 26.34 24.59 24.35 24.39 23.22 22.12 21.20 22.89 23.59 22.63 22.71 21.90 21.97 20.46 18.56 18.24 22.65 24.37 23.76 24.23 21.92 22.39 21.92 20.45 21.23 21.92 22.91 24.99 24.37 23.40 22.93 21.21 20.53 20.16 19.64 20.18 19.58 19.70 19.04 19.87 19.45 17.08 17.83 17.16 15.86 15.55 15.04 13.80 13.74 14.76 14.73 15.14 16.56 17.42 18.02 18.10 17.92 17.73 17.45 17.44 18.91 19.54 19.30 17.82 20.76 22.39
25.89 26.97 27.02 26.08 25.58 25.09 26.27 25.07 24.70 25.01 26.35 26.08 25.28 25.09 25.06 23.99 23.60 21.95 22.85 23.65 23.15 22.97 22.75 22.50 21.90 20.52 19.62 21.20 22.34 24.25 22.35 24.38 24.12 23.22 21.82 22.37 22.40 24.82 24.85 25.35 24.52 22.78 20.88 20.24 20.20 19.90 19.89 19.73 19.61 19.31 19.26 19.69 19.08 17.96 17.77 16.85 16.53 16.11 15.25 15.52 15.55 14.75 15.87 16.50 17.36 17.63 19.44 19.21 17.98 18.19 16.71 16.63 15.65 16.26 17.26 19.91 21.07
27.01 25.58 24.52 24.13 24.76 24.77 24.82 24.36 25.19 26.14 25.72 26.77 26.78 25.97 25.62 24.91 24.87 23.81 24.53 24.47 23.90 24.52 23.84 23.84 24.10 23.30 21.54 21.07 23.64 25.11 22.97 22.80 25.32 25.60 24.83 24.14 21.85 22.05 23.80 25.80 25.05 22.69 22.08 20.31 20.75 20.00 19.56 18.73 18.56 18.09 17.83 18.85 19.48 18.60 18.39 18.26 17.51 17.60 17.44 18.06 16.44 16.58 16.46 17.41 17.56 17.49 19.82 17.76 17.32 16.05 15.72 16.04 15.43 16.16 17.57 19.95 19.85
