main/data/irradiance/28.03.2023.grid
ncols 839
nrows 679
xllcenter 112.0500
yllcenter -43.9500
cellsize 0.0500
nodata_value 99999.90
[rows 420 to 454 of 679, columns 77 to 153 of 839]
20.48 20.17 20.31 20.18 20.35 20.27 20.40 20.26 20.18 20.38 20.51 20.52 20.62 20.61 20.51 20.18 20.35 20.43 20.16 19.93 20.21 20.27 19.92 20.35 20.46 20.46 20.61 20.66 20.82 20.82 20.61 20.20 20.89 20.88 20.51 20.67 20.47 20.34 20.30 20.52 20.62 20.43 20.52 20.85 20.50 20.50 21.05 21.13 20.64 20.58 20.98 20.98 20.98 21.00 20.81 20.71 20.73 20.68 20.68 20.66 20.43 20.28 20.47 20.31 20.40 20.69 20.72 20.89 20.87 21.17 20.77 20.45 20.53 20.58 20.74 20.97 20.98
20.37 20.45 20.34 20.21 20.47 20.41 20.43 20.53 20.42 20.40 20.65 20.45 20.19 20.43 20.11 20.03 20.34 20.17 20.27 20.41 19.95 20.06 20.31 20.59 20.52 20.37 20.53 20.40 20.43 20.18 20.33 20.42 20.56 20.72 20.66 20.76 20.56 20.53 20.47 20.54 20.84 21.03 21.00 20.57 20.58 20.81 20.83 21.19 21.04 20.99 20.68 20.96 20.97 20.73 20.50 20.78 20.57 20.93 20.92 20.76 20.68 20.64 20.76 20.51 20.64 20.36 20.52 20.66 20.61 20.86 20.45 20.06 20.48 20.63 20.79 20.83 21.10
20.56 20.57 20.56 20.47 20.52 20.47 20.62 20.61 20.53 20.33 20.71 20.56 20.43 20.01 19.94 20.27 20.62 20.36 20.29 20.60 20.41 20.06 20.11 20.30 20.45 20.53 20.79 20.71 20.78 20.55 20.79 20.85 20.80 21.01 20.87 21.05 20.99 21.06 21.02 20.97 20.90 20.90 21.10 21.12 20.95 20.98 20.94 20.93 21.04 21.13 21.10 20.69 20.85 20.90 20.94 20.94 20.90 20.97 20.91 20.70 21.00 20.79 20.69 20.55 20.64 20.50 20.64 20.68 20.96 20.94 20.40 20.47 20.69 20.73 20.81 20.82 20.97
20.54 20.59 20.51 20.49 20.47 20.49 20.51 20.57 20.54 20.42 20.47 20.51 20.51 20.36 20.36 20.14 20.73 20.59 20.65 20.79 20.71 20.98 20.93 20.94 20.97 20.99 20.99 21.02 20.95 20.85 20.74 20.92 20.98 20.96 20.96 20.99 21.08 21.04 21.14 21.15 21.07 21.00 21.04 21.07 21.02 20.97 20.96 20.88 20.94 20.94 20.86 21.01 20.94 20.38 20.87 20.80 20.95 20.84 20.91 20.79 20.99 20.84 20.62 20.62 20.55 20.58 20.83 20.68 21.04 20.41 20.36 20.64 20.70 20.72 20.74 20.77 20.88
20.57 20.58 20.56 20.54 20.47 20.54 20.52 20.47 20.36 20.54 20.58 20.47 20.63 20.58 20.52 20.42 20.43 20.58 20.71 20.53 20.72 20.89 20.81 20.96 20.95 21.02 21.04 20.95 20.68 20.47 20.68 20.76 20.80 20.95 20.96 20.91 20.95 20.92 20.99 21.03 21.11 20.96 21.08 21.00 20.96 20.98 20.97 20.90 20.79 20.88 20.82 20.90 20.79 20.95 20.65 20.52 20.66 20.80 20.79 20.93 20.96 20.80 20.58 20.67 20.66 20.70 20.93 21.02 20.69 20.55 20.51 20.46 20.63 20.71 20.70 20.80 20.90
20.74 20.63 20.59 20.61 20.56 20.49 20.51 20.52 20.55 20.58 20.56 20.58 20.51 20.42 20.24 20.48 20.67 20.60 20.49 20.36 20.52 20.27 20.17 20.61 20.79 20.76 20.90 20.94 20.69 20.57 20.52 20.51 20.73 20.81 20.96 20.93 20.94 20.89 20.93 20.96 21.01 21.06 21.05 20.90 20.95 20.84 20.81 20.73 20.54 20.71 20.78 20.54 20.88 20.86 20.83 20.66 20.79 20.60 20.67 20.69 20.93 20.69 20.64 20.71 20.69 20.81 20.64 20.64 20.67 20.71 20.49 20.55 20.58 20.63 20.64 20.68 20.80
20.66 20.63 20.56 20.59 20.59 20.56 20.52 20.49 20.53 20.59 20.55 20.52 20.32 20.39 20.37 20.46 20.47 20.56 20.45 20.51 20.34 20.22 20.14 20.57 20.53 20.57 20.75 20.84 20.79 20.79 20.74 20.71 20.75 20.73 20.74 20.77 20.93 20.78 20.86 20.86 20.93 20.99 21.04 20.97 21.06 20.91 20.77 20.76 20.69 20.60 20.72 20.52 20.79 20.87 20.81 20.67 20.74 20.68 20.70 20.76 20.88 20.80 20.80 20.77 20.84 20.63 20.73 20.73 20.67 20.72 20.57 20.61 20.52 20.52 20.57 20.66 20.87
20.61 20.58 20.50 20.55 20.53 20.54 20.51 20.51 20.50 20.57 20.54 20.59 20.57 20.58 20.23 20.35 20.58 20.67 20.57 20.60 20.59 20.11 20.20 20.67 20.80 20.71 20.51 20.66 20.65 20.82 20.91 20.84 20.78 20.65 20.71 20.69 20.84 20.79 20.88 20.83 20.79 20.79 20.89 21.03 20.99 20.67 20.74 20.77 20.88 20.78 20.69 20.90 20.89 20.92 20.74 20.66 20.72 20.62 20.66 20.69 20.76 20.76 20.75 20.57 20.80 20.84 20.76 20.72 20.53 20.60 20.35 20.58 20.47 20.44 20.51 20.61 20.88
20.58 20.53 20.51 20.57 20.47 20.47 20.48 20.51 20.48 20.51 20.57 20.51 20.41 20.41 20.53 20.60 20.60 20.38 20.60 20.64 20.46 20.39 20.43 20.64 20.57 20.75 20.70 20.73 20.80 20.92 20.89 20.77 20.79 20.74 20.60 20.72 20.84 20.88 20.91 20.77 20.69 20.66 20.82 20.87 20.83 20.63 20.87 20.84 20.64 20.68 20.69 20.86 20.81 20.89 20.81 20.78 20.67 20.64 20.87 20.77 20.69 20.61 20.72 20.77 20.95 20.73 20.78 20.57 20.54 20.49 20.43 20.32 20.56 20.54 20.55 20.67 20.77
20.55 20.55 20.51 20.48 20.54 20.45 20.48 20.49 20.47 20.50 20.53 20.56 20.50 20.36 20.49 20.55 20.55 20.09 20.21 20.41 20.30 20.38 20.37 20.58 20.38 20.32 20.41 20.69 20.77 20.68 20.79 20.89 20.70 20.72 20.60 20.57 20.73 20.83 20.88 20.85 20.68 20.75 20.69 20.91 20.84 20.73 20.75 20.74 20.69 20.83 20.90 20.73 20.80 20.77 20.79 20.75 20.72 20.75 20.88 20.73 20.63 20.68 20.81 20.80 20.58 20.75 20.63 20.73 20.66 20.60 20.59 20.45 20.53 20.59 20.58 20.71 20.70
20.50 20.58 20.52 20.50 20.54 20.46 20.47 20.51 20.53 20.48 20.45 20.46 20.39 20.40 20.45 20.66 20.58 20.37 20.46 20.54 20.57 20.06 20.09 20.55 20.35 20.12 20.45 20.69 20.54 20.53 20.73 20.97 20.81 20.74 20.63 20.78 20.76 20.69 20.83 20.79 20.70 20.85 20.83 20.85 20.66 20.68 20.73 20.77 20.74 20.78 20.87 20.78 20.81 20.81 20.83 20.74 20.65 20.64 20.75 20.80 20.71 20.75 20.83 20.85 20.38 20.51 20.57 20.64 20.63 20.52 20.43 20.38 20.48 20.47 20.49 20.41 20.34
20.42 20.49 20.54 20.47 20.47 20.43 20.41 20.41 20.49 20.41 20.37 20.38 20.44 20.34 20.47 20.60 20.77 20.77 20.76 20.62 20.54 20.57 20.56 20.71 20.64 20.58 20.50 20.78 20.58 20.53 20.62 20.62 20.78 20.86 20.79 20.82 20.85 20.79 20.74 20.66 20.70 20.91 20.84 20.88 20.81 20.71 20.67 20.65 20.65 20.74 20.78 20.72 20.71 20.80 20.69 20.68 20.57 20.59 20.68 20.72 20.63 20.70 20.70 20.82 20.38 20.38 20.52 20.54 20.51 20.40 20.31 20.31 20.42 20.43 20.47 20.37 20.29
20.46 20.45 20.50 20.45 20.48 20.42 20.39 20.40 20.44 20.54 20.50 20.31 20.41 20.49 20.53 20.57 20.61 20.63 20.66 20.68 20.70 20.72 20.83 20.84 20.60 20.56 20.63 20.65 20.71 20.52 20.67 20.48 20.72 20.81 20.78 20.63 20.82 20.90 21.00 20.93 20.77 20.64 20.50 20.63 20.76 20.58 20.67 20.66 20.66 20.73 20.67 20.60 20.68 20.78 20.68 20.69 20.70 20.72 20.78 20.74 20.77 20.66 20.86 20.84 20.59 20.53 20.25 20.41 20.35 20.35 20.42 20.43 20.50 20.49 20.64 20.40 20.44
20.42 20.43 20.48 20.43 20.41 20.41 20.44 20.42 20.41 20.46 20.51 20.42 20.36 20.50 20.53 20.57 20.67 20.62 20.70 20.66 20.71 20.69 20.81 20.75 20.48 20.54 20.45 20.51 20.57 20.56 20.54 20.60 20.72 20.83 20.76 20.65 20.87 20.76 20.81 20.76 20.60 20.59 20.58 20.56 20.64 20.42 20.68 20.74 20.72 20.65 20.54 20.59 20.64 20.72 20.79 20.76 20.73 20.72 20.69 20.54 20.59 20.70 20.72 20.75 20.78 20.79 20.66 20.43 20.42 20.43 20.54 20.46 20.45 20.51 20.63 20.57 20.46
20.45 20.39 20.37 20.35 20.33 20.44 20.44 20.45 20.42 20.42 20.44 20.49 20.49 20.52 20.54 20.51 20.65 20.71 20.84 20.52 20.63 20.66 20.59 20.04 20.30 20.35 20.49 20.50 20.65 20.61 20.66 20.76 20.77 20.70 20.78 20.67 20.86 20.51 20.56 20.61 20.61 20.68 20.58 20.58 20.68 20.60 20.67 20.69 20.75 20.76 20.39 20.63 20.67 20.64 20.66 20.77 20.78 20.77 20.72 20.77 20.56 20.59 20.70 20.59 20.74 20.77 20.75 20.59 20.70 20.57 20.61 20.41 20.49 20.39 20.48 20.46 20.51
20.36 20.37 20.36 20.34 20.38 20.45 20.45 20.44 20.45 20.42 20.41 20.51 20.48 20.47 20.59 20.51 20.59 20.78 20.82 20.48 20.53 20.53 20.48 20.40 20.27 20.49 20.34 20.52 20.42 20.61 20.73 20.68 20.79 20.77 20.77 20.81 20.74 20.59 20.44 20.54 20.56 20.69 20.64 20.70 20.54 20.70 20.69 20.75 20.74 20.74 20.68 20.71 20.57 20.69 20.61 20.71 20.66 20.62 20.78 20.74 20.71 20.61 20.64 20.57 20.71 20.64 20.45 20.53 20.57 20.62 20.60 20.58 20.43 20.52 20.48 20.49 20.50
20.30 20.33 20.34 20.27 20.32 20.43 20.44 20.44 20.45 20.46 20.48 20.44 20.44 20.50 20.55 20.48 20.58 20.55 20.54 20.46 20.54 20.49 20.49 20.30 20.56 20.66 20.69 20.65 20.60 20.71 20.76 20.84 20.90 20.88 20.66 20.66 20.55 20.63 20.62 20.56 20.51 20.60 20.57 20.71 20.70 20.70 20.72 20.72 20.76 20.73 20.73 20.74 20.65 20.58 20.57 20.61 20.46 20.51 20.54 20.59 20.54 20.54 20.60 20.73 20.62 20.63 20.62 20.57 20.60 20.59 20.72 20.47 20.43 20.42 20.45 20.48 20.56
20.25 20.30 20.26 20.23 20.35 20.40 20.40 20.38 20.37 20.41 20.39 20.41 20.42 20.42 20.52 20.53 20.60 20.60 20.62 20.63 20.52 20.52 20.55 20.52 20.60 20.76 20.80 20.74 20.74 20.74 20.82 20.85 20.85 20.74 20.50 20.53 20.63 20.57 20.77 20.80 20.68 20.53 20.70 20.64 20.65 20.51 20.64 20.66 20.66 20.62 20.80 20.75 20.51 20.60 20.51 20.62 20.69 20.59 20.56 20.40 20.27 20.45 20.52 20.53 20.54 20.64 20.63 20.67 20.65 20.65 20.65 20.39 20.45 20.40 20.44 20.51 20.48
20.35 20.32 20.27 20.24 20.30 20.35 20.37 20.35 20.34 20.35 20.33 20.32 20.39 20.43 20.48 20.57 20.64 20.71 20.76 20.82 20.67 20.70 20.66 20.66 20.68 20.68 20.68 20.67 20.64 20.75 20.79 20.75 20.83 20.55 20.57 20.59 20.67 20.68 20.72 20.77 20.76 20.83 20.77 20.81 20.69 20.53 20.55 20.69 20.53 20.62 20.70 20.76 20.60 20.67 20.58 20.58 20.61 20.57 20.55 20.51 20.33 20.44 20.45 20.49 20.60 20.59 20.60 20.67 20.69 20.70 20.45 20.31 20.32 20.42 20.44 20.42 20.46
20.26 20.25 20.29 20.28 20.33 20.35 20.34 20.31 20.34 20.33 20.31 20.31 20.27 20.36 20.47 20.57 20.47 20.66 20.69 20.63 20.57 20.64 20.67 20.69 20.68 20.53 20.58 20.62 20.57 20.60 20.63 20.80 20.66 20.38 20.54 20.51 20.59 20.68 20.60 20.76 20.78 20.65 20.53 20.49 20.57 20.64 20.51 20.60 20.58 20.70 20.64 20.71 20.68 20.64 20.53 20.61 20.59 20.59 20.50 20.65 20.70 20.69 20.52 20.52 20.59 20.63 20.60 20.41 20.46 20.45 20.42 20.39 20.43 20.46 20.39 20.39 20.42
20.26 20.26 20.24 20.27 20.34 20.34 20.33 20.29 20.32 20.33 20.31 20.29 20.22 20.31 20.34 20.38 20.46 20.48 20.51 20.59 20.55 20.56 20.59 20.64 20.76 20.66 20.73 20.64 20.61 20.65 20.65 20.80 20.62 20.48 20.43 20.18 20.37 20.54 20.72 20.70 20.66 20.60 20.70 20.66 20.65 20.73 20.52 20.59 20.59 20.58 20.58 20.60 20.62 20.70 20.65 20.73 20.73 20.63 20.74 20.71 20.69 20.53 20.54 20.45 20.57 20.50 20.48 20.43 20.43 20.43 20.42 20.45 20.47 20.50 20.49 20.44 20.49
20.25 20.22 20.20 20.27 20.32 20.30 20.28 20.24 20.24 20.21 20.21 20.12 20.01 20.23 20.19 20.26 20.54 20.62 20.55 20.64 20.61 20.64 20.69 20.70 20.45 20.62 20.65 20.49 20.52 20.60 20.63 20.47 20.40 20.36 20.27 20.37 20.47 20.38 20.43 20.63 20.66 20.67 20.63 20.66 20.71 20.77 20.69 20.65 20.62 20.66 20.64 20.62 20.63 20.68 20.68 20.69 20.70 20.75 20.71 20.67 20.66 20.67 20.54 20.54 20.52 20.53 20.42 20.45 20.47 20.43 20.41 20.44 20.46 20.46 20.46 20.46 20.45
20.27 20.11 20.22 20.20 20.25 20.27 20.27 20.26 20.25 20.21 20.20 20.15 20.05 20.19 20.19 20.29 20.32 20.59 20.44 20.65 20.60 20.57 20.53 20.64 20.44 20.51 20.53 20.30 20.36 20.65 20.24 20.30 20.18 20.40 20.24 20.26 20.47 20.43 20.30 20.50 20.47 20.54 20.55 20.64 20.62 20.72 20.67 20.70 20.70 20.64 20.74 20.67 20.64 20.70 20.67 20.66 20.80 20.69 20.69 20.62 20.58 20.56 20.55 20.55 20.51 20.51 20.43 20.40 20.44 20.44 20.45 20.45 20.47 20.51 20.40 20.44 20.47
20.30 20.36 20.25 20.23 20.26 20.23 20.24 20.19 20.20 20.17 19.99 20.06 20.05 20.10 20.15 20.26 20.38 20.50 20.45 20.38 20.36 20.56 20.65 20.62 20.65 20.61 20.64 20.52 20.67 20.21 20.36 20.38 20.24 20.39 20.44 20.53 20.58 20.51 20.38 20.43 20.54 20.50 20.23 20.22 20.55 20.50 20.54 20.66 20.70 20.63 20.62 20.64 20.70 20.69 20.73 20.67 20.73 20.69 20.59 20.63 20.52 20.61 20.70 20.64 20.61 20.58 20.41 20.40 20.33 20.39 20.39 20.41 20.46 20.41 20.36 20.39 20.40
20.33 20.38 20.24 20.21 20.24 20.25 20.22 20.13 20.08 20.06 19.85 19.86 20.11 20.13 20.34 20.21 20.38 20.40 20.49 20.35 20.40 20.37 20.52 20.59 20.50 20.50 20.47 20.61 20.56 20.27 20.23 19.96 20.29 20.36 20.49 20.57 20.53 20.48 20.46 20.43 20.58 20.49 20.64 20.31 20.47 19.88 20.34 20.41 20.59 20.63 20.67 20.67 20.66 20.72 20.76 20.63 20.64 20.71 20.59 20.60 20.54 20.40 20.43 20.59 20.62 20.56 20.44 20.45 20.28 20.33 20.39 20.43 20.33 20.27 20.31 20.27 20.26
20.42 20.39 20.31 20.22 20.25 20.24 20.23 20.14 20.19 20.21 20.14 20.15 20.24 20.39 20.41 20.49 20.46 20.44 20.54 20.42 20.37 20.41 20.53 20.39 20.58 20.42 20.17 19.95 20.16 19.97 20.02 20.23 20.37 20.27 20.48 20.24 20.31 20.46 20.44 20.46 20.54 20.63 20.66 20.59 20.12 20.30 20.24 19.98 20.16 20.57 20.58 20.67 20.63 20.59 20.62 20.67 20.57 20.70 20.61 20.58 20.52 20.54 20.53 20.54 20.66 20.56 20.44 20.45 20.36 20.42 20.36 20.41 20.35 20.32 20.24 20.16 20.18
20.30 20.31 20.21 20.22 20.23 20.22 20.18 20.10 20.08 20.16 20.10 20.07 20.21 20.43 20.51 20.55 20.35 20.40 20.48 20.41 20.26 20.49 20.59 20.27 20.39 20.41 20.33 20.15 19.81 20.11 20.17 20.38 20.30 20.62 20.64 20.32 20.36 20.40 20.47 20.30 20.42 20.48 20.36 20.59 20.56 20.47 20.33 20.43 20.26 20.39 20.47 20.48 20.41 20.59 20.67 20.60 20.54 20.59 20.63 20.58 20.54 20.51 20.48 20.36 20.47 20.41 20.54 20.49 20.54 20.47 20.37 20.33 20.23 20.24 20.29 20.21 19.93
20.23 20.23 20.16 20.18 20.18 20.17 20.15 20.08 20.03 19.98 20.07 20.06 20.18 20.29 20.34 20.37 20.38 20.40 20.53 20.55 20.44 20.29 20.39 20.16 20.36 20.44 20.46 20.34 20.24 19.93 19.64 20.16 20.46 20.32 20.34 20.39 20.40 20.59 20.47 20.31 20.23 20.29 20.30 20.58 20.62 20.45 20.41 20.27 20.32 20.24 20.37 20.29 20.32 20.57 20.67 20.58 20.48 20.54 20.61 20.53 20.33 20.39 20.29 20.31 20.33 20.18 20.35 20.19 20.42 20.33 20.29 20.27 20.23 20.00 20.08 19.65 19.75
20.22 20.17 20.20 20.13 20.04 20.06 19.89 20.04 20.01 19.94 19.91 19.97 20.03 20.08 20.23 19.96 20.02 20.13 20.49 20.36 20.44 20.46 20.50 20.02 20.26 20.51 20.55 20.45 20.35 19.86 20.00 19.83 20.28 20.30 20.33 20.38 20.49 20.51 20.46 20.34 20.34 20.37 20.49 20.37 20.51 20.50 20.55 20.36 19.99 20.26 19.96 20.34 20.36 20.42 20.51 20.43 20.29 20.46 20.51 20.48 20.24 20.18 20.21 20.08 20.36 20.25 20.13 20.19 19.86 19.41 19.54 19.87 19.94 20.10 20.02 19.61 19.21
20.20 20.20 20.17 20.15 20.11 20.13 20.06 20.02 19.95 19.87 19.98 19.96 20.13 20.05 20.13 20.13 20.21 20.21 20.36 20.29 20.34 20.35 20.38 20.37 20.45 20.51 20.53 20.43 20.47 20.41 20.34 20.29 20.38 20.19 20.23 20.45 20.43 20.39 20.45 20.51 20.44 20.20 20.32 20.33 20.43 20.58 20.10 20.14 20.01 20.22 19.98 19.77 19.85 20.06 20.10 20.21 20.24 20.40 20.40 20.34 20.19 20.17 20.01 19.97 20.12 20.17 20.07 20.47 20.48 20.16 19.71 19.48 19.39 19.66 19.92 19.56 19.33
20.08 20.16 20.09 20.15 20.15 20.13 20.12 20.12 20.10 20.00 19.97 20.06 20.09 20.18 20.10 20.08 20.21 20.32 20.41 20.44 20.41 20.30 20.38 20.38 20.35 20.43 20.36 20.26 20.35 20.39 20.45 20.41 20.31 20.29 20.23 20.43 20.38 20.33 20.36 20.39 20.40 20.25 20.30 20.33 20.34 20.24 20.17 20.50 20.11 19.92 19.85 19.59 20.10 19.80 19.73 20.02 20.11 20.11 19.98 19.88 20.05 20.31 20.13 20.06 19.90 20.00 20.07 19.80 19.97 20.37 20.01 19.78 19.19 19.03 19.22 19.39 19.19
20.21 20.07 20.06 20.12 20.13 20.14 20.13 20.12 20.10 20.02 20.07 20.11 20.18 20.22 20.19 20.13 20.19 20.34 20.21 20.24 20.42 20.31 20.30 20.34 20.28 20.44 20.31 20.24 20.27 20.36 20.42 20.49 20.10 20.02 19.98 20.09 20.24 20.03 20.23 20.30 20.31 20.34 20.28 20.34 20.37 20.24 20.49 20.56 20.27 20.26 20.27 20.24 19.91 20.07 19.62 19.38 19.44 19.36 19.39 19.29 19.43 19.67 19.99 19.91 20.01 19.67 19.66 20.09 19.78 19.71 20.23 19.72 19.94 19.27 18.74 18.61 18.70
20.20 19.97 20.09 20.12 20.11 20.12 20.10 20.08 20.06 20.04 20.05 20.10 20.15 20.11 20.15 20.21 20.18 20.24 20.30 20.22 20.22 20.33 20.30 20.11 20.24 20.14 19.98 20.15 20.04 20.14 20.10 20.36 20.44 20.20 20.38 20.09 19.76 19.94 20.04 19.93 20.10 20.33 20.32 20.35 20.19 20.09 20.31 20.40 20.40 20.74 20.16 20.11 20.03 19.87 19.88 19.43 19.21 18.76 18.73 18.95 19.45 19.34 19.26 19.83 19.80 19.82 19.77 19.52 19.56 19.52 19.79 19.58 19.08 19.32 19.08 18.82 18.63
20.19 20.08 20.07 20.10 20.01 20.09 20.09 20.01 20.04 20.10 19.87 19.96 20.20 20.16 19.97 20.10 19.93 20.14 20.00 20.20 20.25 20.10 20.20 19.99 20.15 20.08 20.12 19.97 19.84 19.79 19.91 20.02 20.25 20.27 20.17 20.10 20.00 19.95 19.85 19.98 19.88 20.00 20.07 20.32 19.86 20.14 19.94 19.86 20.20 20.49 20.39 20.07 19.97 19.76 19.85 19.87 19.62 19.71 19.30 19.05 19.05 19.31 19.10 19.23 19.61 19.88 19.84 19.48 19.36 19.22 18.98 19.13 19.15 19.38 19.00 19.62 19.28
20.20 20.05 20.04 20.10 20.06 20.09 20.02 19.97 19.97 19.96 19.92 20.15 20.16 20.11 20.12 20.19 19.73 19.99 20.00 19.91 19.87 19.75 19.73 19.99 19.72 19.81 19.95 19.81 19.81 19.78 19.79 19.99 19.86 19.97 20.00 20.06 20.02 19.99 19.72 19.93 19.90 20.01 19.78 19.86 19.71 19.67 19.41 19.57 19.54 19.68 19.86 19.24 20.15 20.10 19.69 19.52 19.78 19.99 19.78 19.36 19.47 18.56 18.56 18.83 18.85 19.09 19.33 19.23 18.93 19.22 19.11 18.74 19.06 18.71 19.21 18.67 18.79
