main/data/irradiance/28.01.2023.grid
ncols 839
nrows 679
xllcenter 112.0500
yllcenter -43.9500
cellsize 0.0500
nodata_value 99999.90
[rows 272 to 305 of 679, columns 385 to 461 of 839]
24.75 25.58 25.28 23.78 24.17 24.73 24.69 22.95 23.77 24.26 23.16 22.50 23.68 23.65 23.09 22.56 23.09 21.41 20.99 21.21 23.07 23.50 24.61 22.89 20.21 22.30 21.93 22.77 22.65 22.17 21.55 21.67 22.26 21.17 21.86 20.82 19.51 22.62 23.82 24.60 26.15 23.88 20.98 21.55 21.61 24.17 25.07 24.77 23.53 22.50 25.16 24.01 24.47 25.69 23.43 22.54 21.26 20.37 20.83 18.01 21.02 22.65 24.34 25.01 25.67 22.18 21.46 18.41 18.47 19.46 19.59 20.67 21.04 21.02 19.21 20.31 20.33
22.86 23.42 25.22 24.30 23.19 24.44 24.49 22.79 24.67 24.70 23.86 21.69 21.12 21.31 20.47 20.53 20.71 22.03 23.19 24.57 24.72 24.22 24.76 24.07 20.38 22.48 21.88 20.17 21.18 21.65 22.21 22.25 20.61 19.15 19.71 18.77 19.80 22.43 23.45 23.99 24.97 24.33 22.59 22.60 24.28 24.76 24.86 24.67 24.28 22.72 24.57 23.91 24.44 25.23 23.45 24.72 22.33 19.91 20.46 18.39 20.63 23.32 22.92 22.41 23.89 22.58 22.43 19.64 18.40 19.83 18.68 18.55 20.46 22.20 22.06 22.79 22.54
21.90 23.02 25.66 24.01 23.46 23.79 23.22 23.77 23.47 26.19 25.53 23.64 21.36 20.75 20.55 21.53 21.32 21.36 21.50 22.43 23.13 20.34 23.16 24.07 21.22 21.72 20.65 18.78 19.02 20.55 20.79 21.47 19.71 21.07 19.96 19.77 21.64 23.76 23.03 22.71 24.29 23.08 23.05 22.83 23.70 24.61 25.13 25.59 25.56 23.44 25.51 23.04 23.41 23.98 23.77 26.15 23.32 20.81 19.91 17.87 16.99 21.58 21.38 22.13 23.94 22.89 19.60 18.61 15.85 18.48 19.93 19.15 20.48 21.01 22.47 21.70 23.23
21.32 23.06 23.44 24.33 24.07 21.49 22.88 22.02 25.72 25.14 24.71 23.88 23.98 21.58 20.54 21.52 21.66 18.76 21.86 22.68 22.32 21.12 20.29 22.46 21.25 20.72 18.20 18.35 17.49 20.30 19.91 19.84 21.56 20.98 20.01 21.12 22.42 23.01 23.77 23.15 22.19 22.71 21.98 24.28 23.81 24.31 23.33 25.32 25.08 24.22 24.34 22.45 21.57 23.23 24.44 24.82 22.83 20.48 19.76 16.46 16.59 18.00 21.28 21.76 21.50 20.37 18.13 20.08 18.45 18.50 19.82 20.50 20.41 21.36 22.76 20.46 20.00
21.59 21.26 20.63 22.81 24.53 21.18 21.98 23.60 24.01 23.41 22.41 23.21 23.71 23.23 20.87 20.55 21.00 19.61 22.66 23.83 22.53 20.27 21.18 23.70 22.75 21.60 20.79 20.17 17.65 18.97 19.66 21.24 21.68 19.29 20.18 20.25 21.46 21.97 23.63 22.82 22.12 23.72 23.86 23.41 22.09 22.90 24.64 25.33 24.56 24.43 23.77 23.06 22.39 22.94 23.14 22.52 22.58 19.21 20.40 18.89 18.94 19.37 21.03 22.83 22.09 22.20 19.51 20.31 19.36 19.02 19.68 18.45 21.74 23.43 22.72 19.47 19.56
22.40 21.34 21.41 24.04 23.66 22.82 21.24 22.32 23.81 23.89 22.46 23.19 24.53 22.39 22.18 20.01 21.57 21.59 23.42 23.18 22.61 20.31 19.43 20.63 22.57 22.63 19.20 18.39 19.46 18.69 19.95 22.11 22.22 19.16 19.34 22.16 21.22 21.78 22.26 21.64 23.49 26.05 25.86 24.53 22.10 22.59 24.49 26.06 25.31 23.75 22.41 22.89 22.23 22.88 23.73 21.32 22.68 18.65 19.86 19.57 19.54 20.23 21.21 21.72 19.63 22.83 22.21 20.11 20.92 19.87 20.51 20.99 20.40 20.97 20.73 19.59 20.12
21.75 22.64 24.86 23.96 22.80 23.03 21.52 21.94 22.68 23.81 23.58 22.15 23.22 22.44 21.22 19.79 21.47 21.62 22.22 22.62 21.72 22.86 22.37 21.59 22.85 23.48 20.33 17.77 18.26 19.37 21.34 22.64 19.14 20.36 20.10 23.07 22.76 23.01 22.42 22.39 22.23 24.93 25.68 24.43 22.65 22.52 23.15 25.19 25.79 25.60 23.13 22.97 22.90 23.24 23.74 21.61 22.51 22.13 21.97 20.37 19.87 19.92 22.07 22.42 21.10 21.13 21.55 22.27 21.95 22.69 24.11 22.62 21.07 21.34 20.93 22.48 23.91
22.60 21.45 23.94 24.15 23.35 23.20 20.95 21.10 22.68 22.23 20.95 22.14 20.89 21.74 21.87 20.16 20.88 21.20 21.49 24.21 23.42 21.76 22.18 22.29 23.89 24.05 22.22 21.17 19.36 19.21 21.39 22.55 18.88 19.39 22.47 24.56 24.21 23.50 22.76 23.70 23.38 23.85 24.84 25.18 26.02 23.10 24.45 24.91 25.77 24.69 23.80 21.86 22.74 22.03 22.91 23.56 20.90 21.23 22.69 22.85 22.43 21.84 23.31 24.16 22.90 21.66 21.55 21.78 21.54 22.25 24.52 23.39 20.74 20.98 20.77 23.25 23.91
22.49 19.50 22.73 26.35 25.50 22.32 20.58 21.89 22.93 21.60 20.83 21.89 19.72 21.98 21.28 20.87 20.86 19.70 19.54 21.08 20.54 19.96 20.53 21.30 22.36 21.84 21.42 21.49 23.00 21.90 22.55 22.06 21.00 20.29 20.44 23.91 23.95 24.35 23.88 24.29 23.21 24.30 24.88 24.84 26.86 24.25 23.31 24.77 22.80 23.78 23.55 22.09 20.95 21.80 23.15 24.64 22.67 21.83 22.49 22.23 21.50 21.32 23.22 23.39 22.77 21.21 20.31 21.20 22.15 21.12 22.83 23.08 20.71 21.93 21.81 23.44 23.84
22.20 21.95 20.71 24.32 25.50 23.33 19.26 20.09 21.43 20.58 20.29 21.29 20.56 19.88 19.85 20.67 20.48 19.47 20.61 20.04 20.24 19.50 21.96 20.86 22.93 20.12 21.14 22.17 24.02 22.37 23.03 22.88 22.01 21.83 21.11 22.07 22.87 22.55 23.10 23.82 24.43 25.72 25.44 25.66 26.90 26.97 23.31 23.70 21.79 22.06 20.92 23.23 21.81 20.61 23.25 24.93 24.93 22.76 22.08 22.39 22.06 22.94 22.02 23.92 22.86 22.59 22.05 21.06 20.52 20.95 21.24 22.09 23.29 23.53 23.64 23.96 24.90
22.32 21.12 21.55 21.76 24.96 21.83 19.98 20.13 20.02 20.30 19.74 18.95 17.83 17.85 18.23 19.41 20.40 19.81 22.01 20.89 18.87 19.73 21.28 22.57 20.74 18.84 20.65 21.66 20.92 20.25 21.46 22.68 22.51 21.82 21.84 23.17 22.51 23.54 24.13 24.63 23.52 25.30 24.74 25.22 27.08 28.06 23.83 24.56 23.02 21.58 21.99 21.97 23.07 23.36 24.32 24.21 24.54 22.73 23.07 23.98 21.73 23.45 21.60 23.53 22.68 21.15 23.29 21.07 21.06 21.36 21.25 22.37 25.12 24.33 24.05 23.22 24.70
20.76 21.39 21.25 21.71 23.29 23.59 20.06 19.01 18.76 19.51 19.40 19.11 19.41 19.11 19.70 19.99 20.96 19.67 20.18 20.99 20.73 21.85 21.36 21.73 20.13 18.04 19.10 20.34 20.82 20.11 19.17 20.72 23.39 21.54 22.70 22.59 23.34 25.60 24.92 24.42 24.30 24.48 24.01 24.08 26.58 27.70 26.64 23.40 24.14 25.71 23.44 22.71 23.66 23.64 25.40 23.29 23.71 22.86 22.04 22.37 20.93 21.97 21.86 22.21 21.88 21.51 21.21 20.76 22.21 22.36 22.15 23.72 25.59 24.68 24.01 23.72 23.56
19.60 21.00 20.98 21.57 23.70 23.74 20.75 20.75 20.13 18.86 21.32 18.16 19.09 19.78 20.41 21.02 20.59 21.08 20.19 19.06 20.53 22.89 23.20 22.09 18.56 18.68 19.49 17.37 20.24 20.01 20.83 20.80 21.36 22.56 21.75 22.85 23.97 25.46 24.29 24.79 23.89 24.84 24.09 23.36 23.82 25.70 26.94 22.93 23.60 24.86 23.78 22.03 22.88 22.41 24.13 23.94 23.86 22.40 22.64 22.18 20.52 20.73 22.11 24.09 23.81 22.27 22.50 21.44 21.33 20.93 22.00 22.76 24.17 24.48 24.21 24.39 24.07
19.99 21.67 22.09 21.81 21.96 22.06 19.78 18.90 21.78 22.63 22.50 19.29 17.80 18.81 18.25 18.75 20.55 22.02 21.21 20.75 21.12 22.92 23.61 20.92 19.92 18.11 17.56 16.32 20.62 21.53 21.53 21.02 20.50 21.09 22.88 23.47 23.89 24.89 24.77 24.99 25.34 22.95 24.52 23.17 24.11 24.89 26.00 24.84 24.89 26.68 24.31 21.24 24.30 23.16 23.18 24.51 25.07 25.15 23.75 22.94 22.04 23.43 24.43 24.13 21.68 21.99 22.61 22.50 22.16 23.12 23.57 24.32 24.71 24.91 25.46 25.40 24.76
21.61 21.33 22.10 21.11 22.42 21.30 20.00 17.72 19.09 21.56 21.12 19.59 16.69 16.85 18.08 18.69 20.89 21.37 22.27 20.75 21.02 22.95 24.03 22.01 19.87 18.64 18.46 16.91 17.24 19.22 21.67 19.21 19.38 20.72 22.30 25.11 24.67 25.07 23.67 24.92 26.60 26.41 25.43 23.98 23.98 23.36 24.38 25.60 26.10 27.13 26.11 22.52 23.01 22.58 23.29 23.98 24.00 25.06 24.88 23.36 24.34 24.95 25.21 23.70 22.26 20.33 23.35 23.21 22.51 24.67 25.38 23.32 25.59 26.15 26.10 24.38 25.54
19.51 21.44 22.40 21.52 19.65 21.43 21.80 19.66 18.33 20.38 20.67 19.15 16.45 15.42 18.24 18.29 21.56 22.39 20.97 18.23 20.34 21.35 22.00 22.39 19.98 19.11 20.07 19.58 18.53 17.37 20.29 20.23 21.11 22.48 23.12 24.60 23.25 23.22 24.27 24.52 26.75 25.50 25.91 26.04 24.62 23.87 23.99 24.33 24.24 26.24 26.71 24.28 22.83 22.37 22.03 22.31 23.64 23.37 23.47 24.28 24.21 23.95 24.60 24.01 24.02 22.55 23.71 23.57 23.04 22.87 23.08 23.88 25.11 26.30 25.51 24.53 25.40
19.80 20.57 20.53 20.60 19.58 20.30 18.94 21.18 20.07 19.26 19.44 16.71 16.79 16.41 17.18 16.80 19.30 20.82 19.01 19.10 20.64 21.96 23.89 22.28 20.99 20.40 20.96 21.57 20.39 20.30 20.77 20.59 22.41 23.80 24.43 23.62 23.25 21.71 23.94 24.51 24.81 24.15 25.24 25.69 25.09 24.45 24.79 24.59 25.18 24.87 27.16 24.85 21.94 22.58 22.76 22.47 23.80 23.67 24.24 23.95 24.28 24.13 24.59 25.11 24.58 22.94 23.51 22.79 22.27 22.58 22.10 24.02 25.51 25.96 23.93 23.54 23.24
18.33 18.64 19.24 18.78 19.28 20.23 17.53 19.58 18.60 19.97 19.93 16.56 16.45 16.81 17.79 17.85 19.51 19.28 20.04 20.41 21.12 22.55 22.78 23.19 21.79 21.21 19.66 20.62 20.95 20.27 21.58 20.14 19.41 21.83 22.85 20.70 22.11 23.18 24.24 23.77 25.00 24.87 24.73 24.32 24.71 25.06 25.83 25.82 24.62 23.98 25.34 24.20 22.55 22.60 25.34 23.33 24.95 23.68 23.88 23.44 24.90 24.47 24.99 24.97 24.57 23.43 22.84 20.32 20.66 22.59 23.09 24.20 24.76 24.74 23.75 23.54 24.24
18.65 16.95 18.77 19.07 20.59 21.62 19.16 19.80 20.75 19.03 19.94 18.10 16.07 17.62 19.09 18.51 18.99 19.88 19.96 21.54 21.61 22.21 22.58 21.97 23.40 22.56 20.56 20.57 21.56 19.35 19.74 18.04 17.64 19.41 21.29 21.75 22.57 23.85 22.88 23.38 22.76 23.82 24.03 24.28 24.25 24.05 24.74 25.24 24.75 25.62 25.00 23.65 22.54 24.01 24.91 25.43 25.53 25.48 25.80 24.78 24.01 25.57 24.32 23.84 23.28 23.36 24.77 23.70 21.88 23.20 24.44 24.24 24.47 23.92 23.31 23.55 24.61
19.03 19.28 18.92 19.67 19.87 21.09 18.85 18.87 20.94 20.60 20.67 17.38 19.25 18.56 18.45 19.42 20.46 20.96 19.84 19.64 22.55 21.49 19.94 21.23 20.75 21.44 21.64 19.94 20.22 17.02 18.23 19.07 19.62 20.76 21.52 21.11 22.94 22.43 23.52 22.11 22.24 23.84 24.27 25.00 23.77 24.72 24.59 25.86 25.30 24.82 24.12 22.20 24.14 23.17 23.88 25.00 24.10 24.17 24.48 24.23 23.37 25.06 24.69 23.05 23.20 22.15 22.29 22.80 22.57 23.45 24.22 24.38 23.79 23.02 23.09 23.62 23.94
19.57 19.81 20.67 20.99 21.33 21.67 20.80 18.74 20.50 20.63 19.59 17.43 18.79 19.28 18.27 18.85 20.71 21.43 19.79 18.49 21.08 21.21 18.94 19.78 19.43 20.30 22.33 21.06 18.91 17.75 18.84 20.22 21.53 20.67 20.59 20.02 22.39 22.18 22.60 22.36 22.90 25.35 25.29 24.80 23.70 23.58 24.60 24.84 25.77 24.03 23.89 22.41 21.72 22.75 23.22 24.92 23.44 24.52 26.41 24.93 22.95 23.56 25.63 23.57 24.23 24.53 22.54 21.74 24.63 24.57 24.85 25.52 23.07 24.11 24.09 24.19 25.50
20.84 21.49 22.39 21.72 23.01 22.12 21.69 19.89 18.70 21.07 21.12 20.70 16.91 17.72 16.38 17.94 18.11 19.86 20.05 19.89 21.13 22.11 20.81 20.29 20.15 21.40 23.10 22.00 18.58 18.93 19.74 21.29 23.44 21.95 21.50 20.02 20.96 21.33 21.77 22.86 23.82 24.58 24.44 24.20 24.55 24.78 23.73 23.85 23.22 22.59 21.45 22.77 24.46 24.05 22.99 23.34 23.01 24.14 26.37 24.46 22.81 22.83 23.73 23.70 24.27 22.18 22.45 23.54 24.08 24.59 25.09 24.83 22.89 23.48 24.06 25.57 26.62
21.00 21.66 22.42 22.51 22.84 23.66 22.51 19.37 19.06 21.04 20.08 18.74 18.74 17.94 16.75 17.93 18.45 18.84 20.30 20.82 21.65 21.97 21.94 21.01 20.85 21.54 21.84 22.33 20.01 20.96 19.62 21.71 23.60 23.88 20.96 20.19 20.03 19.79 20.78 23.01 25.55 25.27 25.41 24.75 26.16 25.55 24.83 24.55 23.58 22.35 21.61 20.92 24.17 25.71 24.37 24.43 23.54 23.86 24.11 24.16 22.79 22.78 22.72 23.48 24.20 22.40 23.10 24.15 24.43 25.24 24.47 24.13 23.19 23.99 24.86 27.19 27.36
21.03 20.88 20.96 21.68 24.09 23.77 22.15 19.54 18.48 20.56 19.97 17.63 18.99 17.58 18.24 18.17 17.49 16.92 19.22 20.20 21.20 20.58 21.25 21.66 21.77 21.36 20.52 21.94 20.72 22.35 22.35 22.53 22.96 21.71 20.92 22.30 20.97 20.20 20.42 21.87 24.32 25.26 25.71 25.72 26.82 26.37 26.05 24.34 23.82 22.33 21.09 21.75 23.14 25.07 25.13 25.16 25.08 24.34 23.93 25.16 24.80 24.23 22.04 21.60 21.72 23.39 22.24 23.56 24.72 24.42 23.54 24.05 24.50 24.21 25.66 27.62 27.56
21.74 21.05 20.60 20.31 21.82 22.78 22.01 20.54 18.79 19.45 20.75 18.11 17.56 18.68 17.82 16.83 16.83 18.21 20.08 21.42 20.66 20.71 21.49 22.04 21.02 21.08 20.22 20.87 18.91 22.11 24.62 22.30 21.39 21.16 20.81 19.73 20.89 19.48 19.79 21.99 24.23 24.35 25.09 25.90 27.37 26.57 24.27 23.59 24.08 22.72 21.49 20.52 23.32 25.54 25.96 24.35 24.10 25.04 24.79 25.39 24.72 23.99 22.84 22.32 21.28 22.23 22.00 22.82 23.35 24.02 22.46 24.22 24.24 24.93 26.18 27.30 28.01
21.11 21.51 22.48 21.35 22.04 22.91 21.51 19.77 19.22 19.86 21.87 20.18 17.46 17.38 17.64 17.65 18.05 20.76 21.47 22.50 20.54 19.85 20.63 19.90 21.76 21.39 19.57 18.82 22.35 23.55 23.37 20.57 21.85 21.34 21.09 20.36 20.31 21.03 20.67 20.63 21.80 22.83 24.13 25.71 25.78 25.02 24.69 24.21 23.06 23.94 22.39 21.48 24.37 25.28 25.08 23.72 23.30 24.93 25.17 25.30 24.25 23.23 23.12 21.80 21.73 20.78 19.44 21.21 23.07 23.40 22.13 24.59 24.73 24.46 24.93 25.93 25.08
20.81 20.98 21.25 20.74 22.43 22.76 22.65 22.41 20.39 20.02 21.19 20.62 17.69 19.93 19.84 18.74 20.38 23.19 21.83 21.51 19.59 19.89 18.85 18.98 21.45 22.47 20.97 18.83 21.01 22.67 24.25 21.89 22.24 21.48 20.68 19.97 20.97 21.71 20.10 22.46 21.50 21.32 22.65 22.82 24.10 24.16 24.11 24.31 23.13 23.19 23.42 23.28 25.77 25.48 25.29 23.92 23.51 24.04 25.31 24.05 23.80 22.58 23.46 22.31 21.30 19.05 19.91 21.85 22.45 22.83 23.41 25.53 24.86 24.33 24.21 24.62 24.02
18.55 20.38 21.82 21.96 21.49 21.46 22.73 23.19 21.87 20.76 20.37 20.85 18.54 20.38 21.48 20.19 21.15 21.92 20.42 20.71 21.90 21.37 18.29 20.55 22.09 22.84 23.49 20.10 19.83 19.58 22.76 23.32 22.63 23.20 21.68 22.00 22.10 21.60 21.81 20.99 20.74 22.39 22.25 22.18 21.59 22.12 22.59 24.45 24.22 23.91 23.77 24.20 24.19 24.98 23.69 23.73 24.33 23.08 23.56 23.59 23.02 23.33 23.75 23.40 20.69 20.99 19.92 22.81 23.38 23.58 23.68 24.33 23.50 22.78 21.44 22.45 22.48
19.82 20.37 21.31 21.35 20.66 22.05 21.48 22.60 22.42 20.24 20.24 19.71 18.90 20.67 22.48 22.46 19.73 19.86 19.30 19.75 20.53 19.80 18.42 20.77 20.77 22.13 21.95 21.99 21.15 20.76 21.21 22.20 21.73 20.00 22.98 23.01 22.45 21.47 22.40 22.41 23.54 22.54 21.15 20.07 19.73 21.17 22.19 23.20 25.21 25.70 25.27 24.43 24.12 24.61 24.33 23.33 23.25 22.66 23.02 22.67 21.24 22.56 23.97 23.35 20.85 20.11 20.13 23.48 22.49 22.31 23.13 23.97 22.55 21.99 20.38 20.99 23.54
20.56 21.54 20.73 20.47 20.51 22.05 22.55 21.60 20.92 20.10 17.93 19.53 19.92 20.49 21.53 22.14 19.79 18.57 19.66 20.16 18.80 19.87 20.12 20.39 21.49 21.93 22.09 20.92 21.54 20.99 19.98 22.58 21.83 18.26 21.19 24.07 24.63 24.10 22.22 22.51 22.22 20.12 18.79 19.23 18.86 19.33 20.45 24.36 24.31 26.51 25.54 25.85 25.37 25.53 23.82 23.72 23.74 22.34 22.69 23.10 22.33 23.05 23.52 23.23 22.10 20.66 20.59 21.51 20.82 20.83 21.94 22.12 21.13 21.78 20.70 22.27 22.63
18.71 20.92 22.57 20.79 20.99 21.02 21.20 20.79 20.43 20.11 19.86 19.39 19.26 19.67 21.62 21.04 20.58 19.86 19.13 20.47 20.77 20.76 20.77 20.90 19.41 21.08 21.30 22.77 22.93 21.07 18.91 21.93 21.02 19.73 21.42 23.25 22.61 23.90 23.05 22.67 21.89 18.86 17.41 18.61 20.00 20.52 21.85 23.07 23.48 24.94 25.40 24.84 23.90 23.38 22.90 23.30 24.01 22.41 22.57 23.56 24.13 23.35 23.55 23.33 22.01 20.62 20.09 19.78 18.89 18.91 19.89 20.39 20.19 22.14 21.82 22.56 22.55
18.81 21.84 21.75 21.81 21.52 20.93 21.03 21.20 20.86 20.11 19.60 17.99 20.12 19.90 20.94 21.18 20.45 19.29 20.37 21.00 20.98 22.18 20.50 20.93 19.19 19.95 22.17 23.17 24.12 21.67 19.17 20.16 20.30 19.48 21.01 21.35 21.99 21.91 23.00 20.60 21.88 19.46 18.52 19.34 20.52 20.88 22.06 23.30 22.46 22.63 23.11 23.46 22.15 20.82 20.60 21.93 23.38 23.13 23.84 22.90 22.49 22.24 22.03 23.18 22.74 22.35 20.61 20.66 18.24 17.82 17.98 18.84 19.89 21.79 22.64 22.24 22.66
17.70 18.60 19.11 20.93 21.63 21.32 19.55 19.70 19.57 18.31 19.97 20.03 22.45 21.40 22.56 22.65 19.70 19.60 22.43 21.99 21.06 21.97 21.04 21.15 20.59 21.11 21.96 22.78 23.00 23.22 20.77 19.81 21.15 22.66 23.05 21.75 20.82 20.97 20.71 19.29 20.04 20.13 20.01 20.11 21.70 21.46 22.42 23.38 22.57 20.27 20.83 21.44 22.03 20.81 21.57 22.52 22.69 22.77 23.71 21.95 21.00 22.10 22.97 22.96 23.61 23.12 21.28 19.50 19.54 19.52 19.60 20.65 21.30 22.16 22.81 22.27 22.67
17.11 17.05 18.31 19.75 20.26 19.85 19.76 20.83 20.33 19.28 18.37 21.13 22.33 22.73 21.91 21.98 20.59 20.84 22.77 22.94 22.01 22.19 22.85 21.98 22.01 22.19 22.83 21.94 20.93 22.15 22.39 21.06 21.55 22.19 22.99 23.40 22.32 21.01 18.12 18.98 20.19 20.45 21.53 21.19 22.71 22.98 21.80 21.86 21.06 19.98 19.65 19.71 20.43 19.98 21.06 22.24 22.69 22.73 23.03 21.25 21.13 22.36 23.21 22.70 23.49 22.93 21.07 18.64 19.15 19.43 20.60 20.71 21.22 22.08 21.43 22.33 21.72
