main/data/irradiance/28.03.2023.grid
ncols 839
nrows 679
xllcenter 112.0500
yllcenter -43.9500
cellsize 0.0500
nodata_value 99999.90
[rows 420 to 454 of 679, columns 539 to 615 of 839]
14.36 15.18 15.29 15.17 15.34 14.96 14.28 13.54 13.37 13.16 12.74 14.80 14.87 13.84 13.52 13.66 13.10 13.00 12.34 12.53 13.44 14.28 14.25 13.69 13.97 13.11 13.65 13.44 11.65 11.96 12.98 13.22 12.82 12.99 12.12 12.02 12.44 11.98 10.18 10.72 10.59 9.97 9.90 10.38 9.92 10.25 9.71 9.62 9.11 9.13 9.03 8.19 8.10 8.44 8.89 8.85 8.00 9.00 8.80 7.87 7.23 7.69 6.98 6.85 6.98 7.60 8.02 7.27 6.96 6.36 6.00 6.02 7.14 7.36 6.93 6.85 7.08
16.11 15.63 16.23 15.96 16.10 15.44 14.64 15.20 14.33 13.62 13.90 13.48 13.70 14.09 14.93 14.27 13.79 13.29 13.53 11.96 12.56 14.41 14.11 13.32 14.38 13.98 14.05 13.40 11.86 11.42 12.19 12.93 12.76 12.97 12.84 12.17 12.14 12.94 11.51 10.98 10.63 10.56 11.17 11.19 11.38 11.52 10.91 9.96 8.92 8.52 8.99 8.73 7.92 9.23 9.39 8.59 8.44 8.99 8.83 8.12 8.48 8.05 7.74 7.05 7.55 7.57 7.73 7.44 6.86 6.90 6.72 7.00 7.59 7.55 6.90 6.76 6.73
16.93 17.36 16.68 15.91 15.94 14.75 14.11 14.84 15.21 15.00 13.20 14.08 13.39 13.89 14.45 14.77 14.77 14.60 14.48 14.00 14.12 15.27 15.27 14.65 14.64 15.21 15.11 13.55 12.77 11.69 12.35 13.16 13.76 13.93 13.47 12.74 12.56 13.37 12.71 12.01 11.36 11.29 11.79 12.43 11.78 11.12 10.40 10.37 10.36 9.53 9.36 8.86 8.95 9.28 9.10 8.44 8.40 8.91 8.69 9.43 9.72 9.28 7.95 7.12 7.13 7.43 7.51 7.03 6.70 7.24 7.61 7.47 7.40 7.08 6.86 6.35 6.20
16.62 16.92 15.48 15.62 15.85 15.47 15.50 15.26 15.44 14.24 14.00 13.50 14.06 14.23 14.18 14.49 15.20 15.60 15.31 15.17 15.39 14.96 14.47 14.64 14.75 14.87 15.06 13.74 12.69 12.91 12.93 13.60 14.20 14.00 13.54 13.30 13.72 13.62 13.07 12.30 12.12 12.15 12.24 12.29 12.05 11.84 11.13 10.95 11.26 10.61 10.43 10.35 9.67 9.84 8.88 8.76 8.69 8.87 9.42 9.86 8.88 8.91 7.51 6.74 6.85 6.67 6.95 6.68 6.50 7.02 7.34 7.19 7.03 7.11 7.28 6.51 6.85
15.03 16.26 15.65 15.36 15.64 17.04 16.73 15.95 14.76 14.86 13.78 13.88 13.16 13.67 13.52 14.96 15.64 16.38 16.05 16.38 15.86 15.46 14.87 13.87 14.70 13.21 13.78 13.89 13.76 13.44 13.13 13.39 14.66 14.04 13.29 13.07 13.39 13.57 12.64 12.86 12.71 12.26 12.29 11.92 11.87 11.70 11.68 11.56 11.69 11.14 10.76 10.46 10.20 10.10 9.62 8.78 9.61 9.67 9.53 9.46 8.60 8.94 7.42 6.84 7.60 7.16 6.62 6.02 5.96 6.63 7.06 7.43 6.95 6.80 7.03 7.40 7.44
15.43 16.41 15.76 16.35 16.18 16.97 17.05 16.44 15.85 14.47 13.85 13.08 12.66 13.47 14.54 15.37 15.74 15.79 16.79 16.38 16.34 15.79 14.74 14.68 14.75 14.59 14.36 14.25 13.49 13.37 13.95 15.11 14.80 13.82 13.76 13.99 14.11 13.42 13.95 13.49 13.57 12.47 12.28 11.94 11.68 11.46 12.26 11.98 12.46 11.98 11.16 11.21 11.69 10.53 10.16 9.53 9.78 10.48 10.31 10.06 10.26 9.26 7.33 7.65 7.64 7.56 7.34 6.64 6.31 6.28 6.97 7.25 7.09 7.03 7.56 8.02 7.96
16.77 17.08 16.61 16.69 16.62 16.76 16.10 16.07 15.83 14.15 13.94 14.61 13.86 14.19 14.77 14.75 15.62 15.45 15.88 16.03 16.51 15.83 15.56 15.06 15.40 16.07 15.30 14.16 14.07 14.31 14.58 14.52 15.20 14.12 14.07 14.55 14.70 14.72 14.91 13.10 11.91 12.13 12.67 12.40 12.74 12.67 12.61 12.93 12.60 12.35 12.10 12.00 12.81 11.05 10.18 11.10 11.11 10.82 10.35 10.06 10.31 9.40 7.98 8.05 7.95 8.11 7.65 7.25 7.05 6.31 7.45 6.97 7.14 7.28 7.19 7.87 7.47
15.44 16.45 16.86 16.04 15.32 14.81 14.58 15.31 15.68 15.70 15.63 14.22 13.94 14.23 14.30 15.48 15.94 16.10 15.22 15.42 15.86 15.61 15.37 14.92 15.54 17.23 16.48 14.79 13.77 14.85 14.39 14.90 15.14 14.71 14.08 14.22 15.54 15.63 14.78 13.69 13.30 13.38 12.88 12.76 12.43 12.28 12.19 12.73 12.56 12.37 12.43 13.14 12.79 10.93 10.47 10.27 10.27 10.39 10.43 10.66 10.72 8.91 8.32 8.38 7.47 7.96 8.32 7.64 7.50 7.11 7.47 7.41 7.22 7.21 7.93 7.10 6.57
14.42 13.94 15.63 15.48 16.25 15.10 15.50 15.29 16.19 15.95 16.24 15.80 14.54 14.52 15.51 16.30 16.12 15.44 15.11 15.88 16.34 14.61 14.12 14.66 16.36 17.06 16.12 15.65 14.87 14.24 14.92 14.89 14.35 15.31 14.45 14.32 14.66 14.83 14.47 14.40 14.34 13.75 12.95 12.00 12.16 12.70 12.78 12.87 11.89 12.33 12.51 12.63 12.47 11.00 10.10 10.39 10.16 10.30 10.04 9.60 10.56 10.15 9.09 8.97 7.89 7.88 8.84 8.81 8.12 7.70 8.09 7.66 7.51 7.43 7.15 7.10 5.91
15.77 16.31 16.48 15.99 15.46 15.27 15.50 16.49 16.02 16.39 15.82 16.86 16.39 15.62 15.99 15.78 15.83 15.52 15.52 16.22 16.47 14.81 13.74 14.71 15.40 16.92 16.37 15.85 14.56 13.74 14.56 15.08 14.61 14.71 14.86 14.24 13.22 13.91 14.81 14.44 13.69 12.77 12.58 12.60 13.00 12.51 12.58 12.38 11.62 11.74 13.07 12.12 11.99 11.53 10.12 10.61 10.06 10.74 10.52 9.29 10.46 9.61 9.42 9.27 7.94 7.99 8.50 8.57 8.55 7.81 7.93 7.94 7.73 7.80 7.06 6.93 6.80
14.80 14.83 14.78 15.20 14.26 12.93 16.78 16.33 16.65 17.15 17.41 17.45 16.82 15.96 15.55 16.99 17.02 15.85 15.71 16.48 15.57 14.95 14.35 14.26 15.36 15.78 16.52 15.34 15.29 14.94 14.87 14.20 14.56 14.04 13.36 12.63 12.85 13.86 14.66 14.02 11.92 12.03 11.42 11.98 11.99 11.49 12.29 12.16 11.95 11.93 12.60 13.39 11.75 11.21 10.02 10.14 10.80 10.55 10.08 9.90 10.46 9.97 8.69 9.49 8.80 8.27 7.86 8.21 8.88 8.96 9.56 8.44 7.69 7.56 7.45 6.87 7.28
15.15 14.90 15.80 15.18 15.77 14.37 15.78 15.66 17.03 16.96 17.32 17.03 17.22 16.55 16.41 16.22 16.78 15.92 15.05 15.22 16.14 15.23 14.81 14.91 15.33 16.37 16.56 15.78 15.35 15.24 15.85 14.95 14.38 13.41 12.64 12.09 12.51 13.98 14.64 13.64 12.06 11.33 11.21 10.92 11.95 11.81 12.25 12.79 13.11 12.75 13.23 13.78 13.12 11.85 11.36 11.63 11.50 10.30 10.26 10.29 10.39 9.75 9.33 9.65 9.85 9.25 9.16 9.35 9.11 9.04 8.96 8.53 7.89 7.59 6.65 7.04 6.76
12.87 13.20 13.82 14.15 13.85 14.21 14.99 16.14 16.44 17.18 18.10 17.62 17.15 15.67 16.44 17.22 15.93 16.27 15.63 15.13 16.09 15.47 15.51 15.94 15.41 15.84 15.77 15.19 15.84 15.54 15.50 14.33 14.00 13.82 13.11 12.79 13.15 13.66 14.22 13.96 13.67 12.40 11.34 11.29 11.88 12.58 12.53 12.77 13.67 13.89 14.05 13.82 13.05 11.68 11.33 10.95 10.29 10.39 10.03 10.31 10.63 9.30 9.92 9.86 10.65 10.17 10.09 9.72 9.13 8.96 8.98 7.78 7.85 7.61 7.31 7.55 7.69
14.43 14.73 15.64 15.07 14.37 15.61 16.94 16.90 16.90 17.26 17.39 16.96 16.53 15.26 16.08 15.91 16.54 16.40 16.46 16.13 15.57 15.53 16.22 17.02 16.20 15.43 15.89 15.31 14.87 15.90 15.00 13.41 13.84 13.36 12.85 13.83 13.97 14.18 13.99 14.11 14.43 13.75 12.67 12.13 12.78 13.21 13.28 13.14 13.23 13.28 13.88 13.19 11.90 10.78 10.05 10.18 10.12 10.39 10.51 10.64 11.03 11.06 10.98 11.27 11.31 11.52 10.90 10.02 9.29 9.81 8.98 6.96 7.61 7.77 7.64 7.85 8.51
15.46 15.31 16.45 16.07 16.01 15.95 16.02 16.99 17.66 17.52 17.40 16.29 16.17 16.81 16.72 15.56 14.91 15.25 15.48 16.09 15.60 15.24 16.55 15.87 15.53 15.87 15.06 15.27 16.05 16.47 15.74 14.91 15.17 14.99 14.07 14.34 14.86 14.07 13.17 14.17 13.58 13.50 13.42 13.52 13.48 13.82 14.11 14.06 13.87 13.96 13.59 12.39 10.85 10.17 9.18 11.12 11.10 10.25 11.12 10.89 10.56 11.13 11.14 11.70 11.96 12.37 11.60 10.73 9.19 9.81 8.33 8.32 8.34 8.58 8.24 8.00 8.66
16.33 13.44 13.50 14.32 15.19 14.70 15.07 17.10 17.22 16.65 16.62 15.82 16.69 17.65 17.29 16.90 16.27 16.25 16.27 16.78 15.85 16.07 15.67 15.59 15.06 14.93 15.10 15.62 16.13 16.02 15.70 15.82 15.55 15.89 14.36 14.13 14.45 13.99 13.81 14.05 13.35 13.56 13.92 13.61 13.53 13.30 13.59 14.50 15.02 15.10 14.19 13.58 11.52 12.06 12.35 11.97 12.09 10.49 11.54 11.05 10.71 10.88 10.73 11.01 12.13 12.84 11.86 11.08 9.81 9.85 9.07 9.09 8.84 8.74 8.73 8.56 8.63
15.85 14.67 12.06 11.67 12.34 15.33 16.03 16.84 15.91 16.11 16.82 16.86 16.44 16.89 17.10 16.38 17.13 16.83 15.94 17.00 16.88 15.70 15.02 14.87 14.70 14.81 14.79 15.85 16.44 16.53 15.67 16.20 16.40 15.65 15.30 14.77 14.47 13.62 13.13 13.53 12.62 13.25 13.40 13.35 13.20 13.54 13.57 14.44 14.37 14.92 13.80 13.71 13.73 13.19 13.00 13.09 12.24 11.92 11.71 10.92 10.88 11.26 10.56 11.78 12.89 12.64 11.79 11.17 10.33 10.17 9.33 9.28 8.36 8.83 9.00 9.00 8.79
15.80 15.04 13.09 13.10 15.44 16.73 16.52 17.74 17.40 17.59 17.49 16.84 16.74 17.13 17.85 17.21 17.49 16.98 16.60 17.41 17.07 15.94 15.20 14.53 14.54 13.87 13.98 14.49 15.79 16.50 16.24 15.79 16.19 16.27 15.29 14.64 13.13 13.00 12.87 13.02 12.95 12.74 13.17 12.63 12.62 13.32 14.04 14.18 13.19 13.60 12.40 12.52 13.82 14.35 13.86 13.36 13.04 12.82 12.59 11.72 11.17 11.43 11.15 11.87 12.67 12.16 11.59 11.66 10.96 10.52 9.54 9.07 9.26 9.58 9.52 9.01 8.67
16.39 16.16 15.77 15.97 16.31 16.76 15.76 16.65 17.76 17.31 17.17 17.10 18.10 17.61 17.74 17.82 17.25 17.22 16.32 16.58 17.24 16.61 15.88 15.67 15.40 14.93 13.31 12.99 15.22 15.28 15.49 14.51 16.18 16.18 15.30 14.10 13.42 11.92 13.38 13.08 12.76 13.14 13.40 13.53 12.89 12.57 12.77 12.25 12.74 12.81 12.75 12.78 11.56 12.36 13.06 12.43 12.81 12.72 13.01 12.36 11.60 11.55 11.23 11.23 11.83 12.75 11.62 11.25 11.09 10.22 9.55 9.41 9.69 9.20 9.24 9.14 9.58
16.45 16.95 17.05 15.45 15.63 14.71 14.93 16.41 17.67 16.11 16.86 17.46 17.35 18.18 18.33 18.24 18.18 17.52 16.59 16.81 17.13 16.89 16.46 16.01 15.84 15.20 15.38 14.00 14.39 13.77 14.93 14.34 15.25 15.64 13.75 14.81 14.12 13.87 14.63 13.84 14.57 14.96 15.00 14.01 14.12 12.88 12.57 11.70 11.81 13.09 12.95 12.13 11.13 11.09 12.09 12.19 13.06 13.11 12.39 11.90 11.30 11.37 11.72 10.94 11.54 12.03 11.27 11.10 11.16 10.10 10.71 9.93 9.41 9.12 9.55 9.58 9.81
17.45 18.10 17.13 17.23 16.83 17.08 16.61 16.21 16.39 16.51 17.58 17.66 17.99 18.25 18.13 17.77 17.94 17.76 17.31 17.40 17.08 16.76 16.38 16.74 15.33 15.62 15.67 14.54 13.96 14.61 14.26 14.11 13.65 14.97 14.15 14.87 15.00 13.41 13.74 14.22 14.58 15.33 15.22 13.56 12.19 12.60 13.31 12.71 11.05 11.49 12.55 12.66 11.97 11.36 11.69 13.26 13.40 12.97 12.21 11.05 10.42 10.25 10.54 11.10 11.75 11.10 11.21 11.25 10.76 10.86 10.05 8.94 9.65 10.21 10.53 9.94 9.01
17.08 15.91 15.04 15.51 17.06 17.18 17.24 16.13 14.60 15.60 15.80 17.25 17.68 17.59 18.02 17.86 18.37 17.83 17.84 17.62 17.22 17.08 16.53 16.49 15.41 15.29 15.72 15.45 15.50 14.11 14.87 13.68 13.98 14.35 14.78 13.71 14.10 13.13 12.79 12.98 14.38 15.01 14.36 13.97 13.16 13.35 13.28 12.93 12.31 12.13 12.31 13.52 13.21 11.16 11.61 11.25 10.99 11.46 12.71 12.03 11.81 10.96 10.84 10.78 11.30 11.33 11.43 11.23 10.54 10.17 9.71 8.95 9.19 10.65 10.36 9.96 9.12
15.73 16.93 17.52 17.75 17.34 17.20 17.46 17.02 16.77 16.59 16.83 17.57 17.45 17.17 17.82 17.59 18.06 17.69 17.15 16.70 16.94 16.94 17.20 17.33 17.36 16.30 15.77 15.10 14.83 13.27 13.90 12.81 12.83 12.57 13.99 14.00 16.08 14.39 12.86 12.14 13.38 12.79 12.98 13.82 15.03 14.90 13.20 12.44 13.05 12.56 12.26 12.94 13.36 11.73 11.56 11.31 10.79 10.83 11.95 11.61 11.33 10.51 10.95 11.19 11.21 11.81 12.12 11.44 10.75 10.51 9.65 9.15 9.15 9.70 9.00 8.81 8.90
15.17 16.19 16.84 16.76 17.89 17.79 17.82 18.10 17.38 17.80 17.51 18.04 16.74 16.94 17.46 17.96 18.16 17.72 17.98 17.33 16.94 16.88 16.48 16.54 16.50 15.92 15.85 15.02 14.21 14.28 13.80 13.92 14.55 13.84 14.64 16.28 16.17 15.53 14.52 13.78 13.38 11.84 12.77 13.81 14.49 14.80 14.17 13.13 12.31 12.28 11.66 11.19 12.34 12.51 12.10 11.16 10.68 10.84 12.29 11.47 11.54 11.86 12.35 12.64 12.54 12.39 12.01 11.88 11.40 10.81 10.01 9.40 9.16 8.33 8.47 8.85 9.17
16.11 17.07 16.59 17.61 18.54 18.10 17.87 17.08 17.04 17.51 17.44 16.91 16.47 17.50 17.75 17.45 17.93 17.45 17.48 17.43 17.39 16.89 16.36 16.38 15.61 16.00 15.93 14.72 14.15 14.03 13.72 13.97 12.37 13.44 14.75 16.58 15.84 14.35 12.62 13.73 14.62 13.15 13.87 13.77 13.29 13.88 14.31 13.99 13.36 12.32 11.89 12.64 13.21 12.99 12.23 11.46 12.16 12.24 12.31 12.47 11.93 12.62 12.63 12.69 12.87 12.70 12.59 12.26 11.40 10.81 10.01 9.46 8.60 7.94 8.48 8.88 8.62
16.65 16.41 15.95 17.14 17.09 17.13 17.00 14.86 16.43 16.76 16.64 16.59 16.62 16.84 17.52 17.72 17.65 17.49 17.79 17.30 17.00 16.99 16.25 16.53 16.16 15.76 15.56 14.94 14.09 13.11 14.00 14.79 14.83 13.34 14.95 15.20 15.75 12.63 13.85 13.64 13.55 13.44 13.27 12.73 12.47 12.78 13.55 13.34 13.88 13.95 14.01 13.69 13.01 12.78 13.34 12.76 12.47 12.92 10.31 12.36 11.59 12.02 11.78 11.12 12.87 12.70 12.59 12.26 12.26 11.85 9.38 9.38 9.12 9.27 10.03 9.18 8.97
16.91 16.19 16.51 16.62 16.51 16.66 17.23 16.69 16.49 17.10 17.03 16.24 16.28 16.85 17.27 17.07 17.52 17.14 17.46 17.02 16.64 17.63 15.98 16.33 16.04 15.86 15.84 15.48 14.95 13.38 14.36 14.68 12.92 14.53 14.32 14.78 15.32 14.83 13.66 14.25 14.27 13.59 12.57 12.64 12.64 13.38 13.36 12.37 12.83 13.06 14.41 14.73 14.93 13.89 13.67 13.45 12.73 11.99 11.65 12.18 11.70 11.98 11.81 11.03 12.25 12.25 13.39 12.26 11.85 11.85 11.50 10.71 10.68 10.88 9.74 9.61 9.73
15.76 15.02 17.42 16.41 16.22 17.11 17.76 15.16 15.41 16.26 15.83 16.85 16.72 16.66 16.32 17.01 17.30 17.18 17.15 16.39 16.52 16.49 16.33 16.41 15.77 15.28 16.00 14.75 13.73 14.52 13.26 14.74 13.71 13.04 13.06 15.30 15.30 15.77 14.24 14.05 14.09 13.51 13.41 12.55 12.99 13.40 13.37 13.09 12.83 13.32 13.60 14.13 15.14 15.03 14.09 14.04 12.40 12.08 12.47 11.71 12.08 12.06 11.11 11.93 12.64 13.39 13.39 12.15 12.17 12.17 11.39 11.15 11.81 11.94 10.77 11.05 10.89
15.42 15.96 16.93 16.53 16.41 16.67 16.60 16.22 15.51 14.88 16.06 16.45 16.31 16.96 17.28 16.94 17.14 17.63 17.30 16.47 16.60 16.17 15.19 14.91 15.40 15.21 14.82 14.50 14.52 15.60 13.97 14.74 13.40 12.80 14.32 15.54 15.96 15.46 15.04 14.10 13.96 13.50 13.71 13.35 13.25 13.30 13.56 13.15 11.98 12.16 14.10 13.31 14.35 14.21 13.91 14.10 12.76 12.52 12.71 11.73 12.45 12.62 11.79 11.78 12.64 13.39 12.64 12.15 11.51 11.64 11.16 11.61 12.18 11.91 11.65 11.84 11.73
16.05 16.26 16.91 16.68 16.59 16.94 16.85 15.57 15.27 15.61 16.45 16.61 15.96 15.85 16.71 17.01 17.12 17.65 17.85 17.63 16.61 16.26 15.15 15.29 15.45 15.18 15.51 16.53 15.77 15.66 15.53 15.90 14.85 14.07 14.91 16.19 16.44 15.66 15.16 14.70 15.00 14.84 13.92 13.75 13.80 13.81 13.52 13.57 12.16 12.53 12.61 12.88 13.07 13.58 12.99 13.24 13.73 13.02 13.24 12.66 13.09 12.21 12.27 11.87 11.87 12.64 12.64 11.66 11.34 11.82 12.09 11.79 11.91 11.90 11.73 10.79 11.15
15.15 17.63 16.39 16.61 16.62 16.70 17.16 17.53 16.97 17.29 16.54 16.07 15.63 16.24 16.41 17.01 17.14 16.09 15.93 16.90 17.01 16.49 15.21 14.97 15.34 15.68 16.32 16.72 16.73 16.69 16.37 15.68 15.06 15.60 15.93 16.31 16.04 14.53 15.01 14.69 15.04 14.96 14.59 14.77 14.38 14.06 14.51 14.48 13.95 13.52 13.19 13.18 13.57 11.98 13.23 12.91 12.32 13.41 13.77 13.15 12.63 11.60 11.82 10.91 10.91 10.61 10.61 10.97 11.13 11.39 12.06 12.44 11.70 11.71 11.56 11.04 10.77
15.03 15.68 16.04 16.19 17.28 18.06 17.70 17.60 17.35 17.29 16.32 16.45 16.51 15.59 16.18 17.64 16.93 16.62 16.06 16.74 16.98 17.08 16.58 16.13 16.51 16.25 16.57 17.17 16.86 16.97 17.32 16.28 16.10 16.40 16.26 16.74 15.42 15.07 14.84 14.78 14.99 15.57 15.29 14.77 15.14 14.79 14.74 15.35 15.16 14.97 14.08 13.82 14.19 14.73 13.38 13.51 12.31 12.40 12.91 13.29 11.78 10.81 10.12 10.09 10.66 10.05 10.17 10.74 10.47 11.52 12.31 13.24 12.86 12.64 12.60 11.89 10.71
14.74 15.93 16.71 15.76 16.91 16.69 17.10 17.55 17.36 16.42 16.47 15.98 16.95 17.45 16.49 16.81 16.55 15.86 17.08 17.57 16.40 17.47 17.43 17.27 17.35 17.44 17.66 17.20 17.74 17.42 17.25 17.74 16.59 16.75 16.87 15.25 14.70 14.77 15.09 14.60 15.03 15.59 15.41 14.86 14.64 14.50 14.11 14.95 14.84 15.48 14.94 14.19 14.79 15.16 14.49 13.54 12.32 11.36 11.53 12.65 10.01 8.94 8.78 10.15 11.01 10.47 10.43 10.34 10.93 11.49 13.04 13.45 13.63 13.67 13.61 13.06 11.58
16.79 16.04 16.36 16.63 16.97 16.04 17.02 16.97 17.12 16.67 16.52 16.69 16.39 16.67 16.45 17.15 16.71 16.73 16.00 16.28 17.46 17.73 17.51 16.98 17.02 17.10 17.19 18.01 18.22 18.08 17.50 17.00 17.04 16.98 16.27 15.44 15.42 15.13 15.17 15.17 15.03 15.62 15.54 15.08 14.60 13.61 14.27 14.14 13.99 14.79 14.67 14.60 14.24 15.19 14.53 14.46 14.93 13.45 12.42 12.26 11.41 10.79 9.91 10.13 10.92 11.24 11.25 11.31 11.60 12.76 12.94 13.36 12.71 13.36 13.30 12.98 12.52
16.10 16.58 16.39 15.99 17.27 16.46 16.69 16.72 17.13 17.17 17.06 17.08 15.99 16.32 16.77 17.12 16.74 17.63 17.27 16.56 17.30 17.17 17.42 17.23 17.17 16.83 17.27 17.91 18.21 18.02 17.59 17.12 17.13 16.73 16.37 16.74 16.01 15.34 15.23 15.57 15.57 15.41 15.18 15.43 15.18 14.99 14.69 14.23 13.97 13.83 13.89 14.89 14.64 14.33 14.23 15.65 14.70 14.48 13.49 13.08 12.23 10.94 11.40 11.62 12.40 12.10 11.32 12.36 13.02 13.26 12.58 12.19 12.14 12.63 13.28 13.74 13.06
