main/data/irradiance/28.05.2023.grid
ncols 839
nrows 679
xllcenter 112.0500
yllcenter -43.9500
cellsize 0.0500
nodata_value 99999.90
[rows 408 to 441 of 679, columns 462 to 538 of 839]
12.60 12.68 12.93 12.99 13.15 13.18 13.17 13.17 13.05 13.10 13.17 12.97 12.72 12.84 12.71 12.65 12.62 12.65 12.52 12.25 12.22 12.36 12.40 12.34 12.14 11.79 11.95 11.85 11.89 12.23 12.26 12.21 12.26 12.24 12.23 12.08 11.93 11.79 11.64 11.77 11.94 11.92 11.83 12.08 11.95 11.45 11.45 11.38 11.68 12.07 12.07 12.58 12.87 12.81 13.09 13.16 13.21 13.12 13.07 12.91 12.75 12.30 11.88 11.97 12.62 11.59 11.33 11.56 11.64 10.91 11.12 10.51 10.70 10.27 10.80 10.57 10.24
12.85 12.58 12.44 12.81 13.01 13.15 13.11 13.16 13.01 12.95 12.84 12.98 12.83 12.55 12.64 12.77 12.51 12.46 12.26 12.22 12.22 12.21 12.29 12.30 12.09 12.05 11.99 12.02 11.83 12.11 12.36 12.23 12.02 11.94 12.18 11.95 11.70 11.64 11.73 11.55 11.55 11.87 12.01 11.98 11.97 11.13 11.73 11.59 10.98 11.34 11.39 11.64 12.52 12.73 13.08 13.07 13.27 13.13 13.01 12.72 12.69 12.35 12.03 11.94 12.27 12.06 11.57 11.69 11.41 11.43 10.91 11.15 11.02 10.37 10.53 10.36 10.75
12.84 12.76 12.72 12.79 12.80 12.86 12.97 12.93 12.94 12.85 12.73 12.45 12.36 12.46 12.23 12.32 12.54 12.45 12.24 12.16 12.24 12.09 12.22 12.21 12.31 12.19 12.14 12.09 11.99 12.02 11.96 12.19 12.16 12.11 11.86 11.88 11.79 11.52 11.53 11.74 11.66 11.63 12.13 12.13 11.88 11.41 12.40 11.76 11.11 11.35 10.97 11.20 11.94 12.61 12.91 13.22 13.11 13.14 12.89 12.39 12.22 12.00 11.98 12.18 12.17 12.50 12.22 11.72 10.83 10.86 10.93 11.01 11.28 10.39 10.31 10.91 11.30
12.50 12.76 12.82 12.67 12.53 12.44 12.73 12.91 12.43 12.23 12.33 12.32 12.11 12.06 12.27 12.20 12.42 12.23 12.03 12.10 11.96 11.90 11.93 12.02 12.23 12.27 12.17 12.02 12.03 11.64 11.86 12.04 12.14 11.71 11.55 11.70 11.70 11.31 11.46 11.46 11.56 11.66 11.78 12.10 12.02 12.26 11.96 11.61 10.80 10.50 10.99 10.61 11.41 12.62 12.93 13.08 12.75 13.06 12.69 12.34 11.78 11.68 11.72 12.27 12.28 12.65 11.81 11.67 11.06 11.13 10.60 10.30 10.48 10.51 10.33 10.76 11.03
12.35 12.54 12.84 12.87 12.56 12.63 12.35 12.32 12.27 12.28 12.10 11.81 11.53 11.37 11.46 11.80 12.02 12.08 11.89 11.87 11.86 12.07 12.07 11.97 11.96 12.37 12.60 12.11 12.13 11.97 11.84 11.50 11.76 11.75 11.65 11.37 11.35 11.32 11.24 11.45 11.47 11.44 11.68 11.96 12.03 11.83 11.22 10.78 11.37 10.37 10.86 10.50 11.02 12.03 12.79 12.53 12.69 13.00 12.80 12.02 11.99 11.78 11.25 11.86 12.39 12.13 11.51 11.45 11.37 10.99 10.36 10.20 10.23 10.68 10.18 10.51 11.25
12.23 12.13 11.95 12.40 12.10 12.13 11.90 12.00 12.12 12.32 12.20 12.10 12.23 11.85 11.59 11.30 11.72 12.17 12.13 12.06 12.14 12.17 12.24 12.21 12.25 12.05 12.06 12.11 12.21 12.28 11.84 11.47 11.60 11.71 11.39 11.38 11.55 11.45 11.26 11.36 11.41 11.29 11.57 11.78 11.91 11.75 11.57 11.26 11.53 10.82 10.89 10.86 10.87 11.14 12.10 12.37 12.41 12.69 12.70 12.28 12.56 11.64 10.86 12.31 12.39 11.29 11.30 11.72 10.93 10.93 10.26 9.99 10.23 10.59 9.60 10.39 11.28
11.92 11.94 11.95 11.94 11.80 11.67 11.70 11.67 11.52 11.80 12.24 12.05 12.42 12.24 11.66 11.47 11.52 11.78 11.92 12.47 12.00 12.08 12.43 12.12 12.02 11.78 11.67 11.73 12.05 12.00 11.98 11.76 11.71 11.62 11.49 11.52 11.57 11.69 11.50 11.54 11.45 10.90 11.46 11.45 11.91 11.96 11.82 11.80 11.47 11.68 11.14 10.90 11.11 11.21 11.83 12.21 12.27 12.47 12.71 12.53 12.48 11.97 11.76 12.07 12.08 11.08 11.73 11.32 10.91 10.92 10.73 9.87 10.46 10.79 10.39 9.85 9.97
11.20 11.55 11.85 11.41 11.68 11.99 11.31 11.07 11.41 11.38 11.67 12.22 12.18 12.07 11.82 11.11 11.66 12.13 11.83 12.14 12.35 12.14 12.05 12.14 12.03 11.72 11.44 11.43 11.63 11.96 12.02 11.95 11.91 11.88 11.64 11.57 11.50 11.84 11.75 11.58 11.44 11.25 11.18 11.41 11.88 12.05 11.84 11.66 11.75 11.44 11.37 10.87 10.80 11.51 11.76 12.06 12.36 12.44 12.40 12.14 12.20 12.13 11.83 12.09 11.72 11.97 12.00 10.92 10.57 10.12 9.85 9.51 10.22 9.92 10.81 9.96 9.92
11.35 11.62 11.83 11.48 11.57 11.81 11.67 11.69 11.47 11.50 11.56 11.76 11.97 12.21 12.08 11.94 11.45 11.78 12.01 12.14 12.23 11.69 11.56 11.88 12.28 11.84 11.62 11.39 11.53 11.86 11.95 11.89 12.07 12.07 11.79 11.64 11.84 11.79 11.90 11.54 11.54 11.12 11.27 11.39 11.61 11.71 12.02 11.62 11.45 11.46 11.60 11.38 10.99 11.12 10.96 11.46 11.97 12.30 12.18 12.04 11.94 11.92 11.61 11.93 11.38 11.51 11.33 10.57 10.76 9.53 9.64 9.81 10.31 10.35 9.68 10.61 10.52
10.99 11.20 11.52 11.53 11.54 11.76 11.83 12.08 12.31 12.31 12.63 12.19 12.21 11.94 11.72 11.59 11.85 11.24 11.42 11.75 11.68 12.05 12.10 11.82 12.29 12.20 11.43 11.49 11.32 11.42 11.68 12.21 12.14 11.88 12.06 12.03 11.53 11.79 12.02 11.60 11.91 11.51 11.18 11.28 11.34 11.64 11.63 11.63 11.45 11.11 10.91 10.86 11.27 11.41 11.43 11.62 11.71 12.20 12.17 12.09 12.09 11.65 11.66 12.03 11.67 11.19 11.08 10.74 10.44 9.86 9.64 10.54 11.32 10.73 10.35 10.28 10.76
10.69 11.05 10.73 11.30 11.41 11.71 11.85 11.92 11.96 12.16 12.27 11.81 11.91 11.62 11.53 11.53 11.37 11.55 11.29 11.10 11.50 12.10 12.19 12.04 11.93 12.69 12.25 12.07 11.58 11.49 11.61 11.74 11.35 11.94 11.93 11.80 11.70 11.87 11.55 11.22 11.34 11.66 11.36 11.21 11.46 11.32 10.78 11.34 11.52 11.04 10.73 10.94 10.90 11.29 11.59 12.11 11.81 11.94 11.96 12.47 12.16 11.83 11.49 11.07 11.31 10.79 10.50 10.32 9.99 9.86 10.30 11.12 11.35 11.61 10.91 10.68 10.57
11.00 11.02 11.32 11.54 11.37 11.63 11.69 11.76 11.82 12.01 12.10 11.93 12.03 12.13 12.20 11.70 11.42 11.56 11.02 11.27 11.11 11.52 12.01 12.08 12.10 12.29 12.29 11.90 11.89 12.19 11.83 12.03 12.35 11.82 11.99 11.78 11.70 11.69 11.63 11.18 11.25 11.22 11.45 11.10 10.93 10.88 10.89 11.72 11.61 11.56 11.26 10.84 10.89 11.29 11.14 11.23 12.11 12.48 11.93 12.07 11.96 11.84 11.83 10.87 10.53 10.74 10.30 9.90 10.37 10.64 10.33 10.33 10.65 10.61 10.98 10.88 11.24
11.43 10.72 10.71 12.00 11.57 11.45 11.06 11.28 11.38 11.61 10.97 11.40 11.44 11.82 11.93 11.66 11.16 11.57 11.12 11.17 10.52 10.64 11.76 12.17 12.07 11.80 12.50 12.68 12.78 12.38 11.73 11.75 11.99 12.31 11.91 11.97 11.78 11.55 11.26 11.78 11.67 11.22 10.86 10.84 11.35 11.03 11.06 10.91 11.49 11.42 11.51 11.91 11.11 11.19 10.63 10.88 12.25 12.38 12.02 11.76 11.95 11.84 11.77 11.91 11.01 10.95 10.38 9.77 10.37 10.46 10.34 10.14 10.40 10.62 10.94 10.74 11.69
11.22 11.26 11.11 11.46 11.48 11.89 11.10 11.38 10.80 11.08 11.68 11.39 10.85 11.72 11.27 11.40 11.24 11.41 11.01 10.92 10.68 10.65 11.40 11.67 12.00 11.84 12.44 12.75 12.68 12.37 11.69 11.38 11.39 11.53 12.13 11.78 12.03 11.76 11.41 11.13 10.95 10.81 10.51 10.96 11.53 11.62 11.86 11.22 11.63 11.30 11.41 11.43 11.36 11.52 10.64 11.28 11.59 11.57 11.88 11.53 11.80 11.35 11.61 12.24 11.68 11.60 11.03 9.75 10.31 10.29 10.59 10.97 10.98 11.45 10.87 10.62 10.95
11.29 11.76 11.94 11.73 11.63 11.92 10.64 10.48 11.74 11.86 12.11 11.87 11.43 11.38 11.77 12.02 11.91 11.69 11.50 11.89 11.89 11.46 10.94 11.63 11.81 11.48 12.25 12.31 12.38 12.11 11.53 11.63 11.58 11.30 11.78 11.92 12.00 11.88 11.45 11.69 10.74 10.62 10.74 11.01 11.46 12.10 12.20 11.39 11.27 10.95 11.51 11.19 10.89 11.27 10.77 11.32 11.61 11.57 10.98 10.95 11.37 11.21 11.45 12.02 11.25 11.26 10.84 10.62 10.25 10.07 10.48 10.77 10.88 11.04 11.58 10.44 10.33
11.23 11.67 11.57 11.24 11.43 11.26 9.81 9.53 10.29 11.08 11.61 12.28 12.11 12.32 11.95 12.02 12.05 12.13 11.78 12.23 12.53 12.22 12.01 11.64 10.72 10.30 11.63 11.83 12.02 12.26 11.83 11.09 11.22 11.04 11.10 11.39 11.87 12.39 12.19 11.33 10.93 10.59 10.88 10.87 11.85 12.36 12.41 12.10 11.99 11.28 10.82 11.25 10.38 10.76 10.27 10.78 11.24 11.36 11.00 10.81 11.46 11.88 12.20 12.14 11.56 11.46 10.79 9.84 9.66 9.71 9.84 10.40 11.08 11.15 10.81 10.59 10.29
11.86 11.91 11.92 11.83 11.49 11.04 11.08 10.46 10.28 10.03 10.84 11.97 12.77 12.45 11.98 11.74 11.61 11.87 11.16 12.07 12.75 12.70 12.38 11.45 10.62 10.55 10.64 10.77 11.17 11.83 11.36 11.32 11.10 10.87 10.96 11.77 11.66 11.93 11.91 11.46 11.05 10.86 10.76 11.05 11.95 12.52 12.25 12.00 11.92 11.56 11.12 10.52 9.61 10.34 10.51 10.27 10.46 10.73 10.77 10.96 10.81 11.03 11.80 11.94 11.76 11.16 10.42 9.21 8.32 9.00 9.87 10.45 10.88 11.44 11.22 10.93 10.84
12.02 12.20 12.25 12.60 12.43 11.94 11.67 10.65 10.88 11.11 11.76 12.40 11.44 10.58 10.51 10.65 10.93 11.96 11.51 12.20 12.37 12.30 11.97 11.22 10.19 10.58 11.63 11.12 11.03 11.84 11.43 11.31 11.29 11.84 11.70 11.57 11.25 11.91 11.75 11.76 11.63 11.16 10.68 10.81 11.60 11.89 11.92 12.12 11.73 11.19 10.66 10.44 10.21 9.66 10.08 10.63 10.41 10.64 10.34 10.43 10.60 11.31 11.82 12.08 11.57 11.02 10.02 9.46 8.34 8.90 9.49 10.36 11.08 11.58 11.26 11.54 11.32
12.06 11.93 12.03 12.09 12.30 11.79 11.93 11.77 11.25 11.48 11.16 11.06 10.91 10.32 9.28 10.55 11.03 11.21 11.70 11.73 11.92 12.23 12.06 11.91 10.94 10.28 11.09 11.45 11.60 11.52 12.18 11.80 12.06 11.61 11.62 11.60 11.51 11.56 11.53 11.34 11.19 11.24 11.01 10.70 11.29 11.52 11.97 11.74 11.84 10.89 10.55 11.16 10.40 9.41 9.90 10.35 10.36 9.66 10.78 10.53 11.30 11.02 11.76 11.69 10.89 10.11 9.10 9.14 7.90 8.76 9.59 9.93 11.08 11.62 10.64 11.32 11.68
12.34 12.15 12.25 11.90 12.29 11.56 12.08 11.24 11.38 10.23 10.57 10.79 10.89 10.27 9.52 10.17 11.22 11.62 11.64 11.46 11.34 11.83 12.09 11.89 11.17 11.12 11.28 11.97 12.12 12.15 12.11 12.12 11.68 12.08 11.87 11.85 11.91 11.82 11.96 11.60 11.37 11.29 10.76 10.72 11.36 11.61 11.84 11.65 12.10 10.56 10.36 11.09 10.88 9.81 9.68 9.36 9.51 10.37 11.36 11.03 10.11 10.95 11.20 10.62 10.13 9.94 8.61 8.33 7.78 8.84 9.98 10.50 10.79 10.95 11.47 12.17 11.78
11.81 12.12 11.55 11.41 11.64 11.66 11.71 11.55 11.14 10.38 11.20 10.83 9.81 11.11 10.33 9.99 10.63 11.79 11.81 11.69 11.56 11.82 11.47 11.65 11.83 11.52 11.35 11.66 11.43 11.31 11.52 11.84 11.84 11.39 11.65 12.02 11.72 11.53 11.33 11.60 11.14 10.79 10.78 10.43 10.59 11.03 11.68 12.07 12.17 10.83 10.71 11.15 11.25 10.34 10.35 9.82 10.04 11.16 11.72 11.03 9.22 11.28 10.59 9.86 9.46 9.17 8.93 8.36 7.91 8.89 9.89 11.25 10.86 11.15 12.17 12.43 12.14
10.65 11.27 9.94 11.17 10.87 10.27 10.60 11.17 11.34 11.58 10.95 10.15 10.29 10.87 10.78 10.19 10.69 10.94 11.17 11.53 11.88 11.78 11.62 11.73 11.52 11.64 11.58 11.20 11.60 11.43 11.60 10.85 9.94 10.58 11.28 11.59 11.50 11.25 11.10 11.24 11.14 10.84 10.86 10.28 10.03 10.25 10.88 11.58 12.18 11.00 10.92 11.69 10.47 10.10 10.68 10.86 11.23 11.01 10.58 9.94 9.69 10.06 10.24 9.97 8.89 9.76 9.59 8.47 8.43 9.60 9.99 10.60 10.58 11.21 12.04 12.02 11.35
11.28 10.35 9.91 9.49 10.53 9.70 9.78 10.61 11.09 11.39 10.32 10.35 10.63 11.75 11.22 10.01 9.72 10.88 11.50 11.41 11.40 12.23 12.03 11.47 11.69 12.02 11.99 11.84 11.20 11.24 11.49 11.17 11.21 10.79 11.38 11.84 11.59 11.71 11.46 10.88 10.33 10.61 10.84 11.05 10.17 10.17 9.92 10.88 11.67 11.55 11.24 11.39 11.05 10.96 11.26 10.80 10.92 10.75 9.78 9.14 9.62 10.46 9.50 10.23 9.61 9.94 9.40 8.10 9.03 9.31 9.51 10.68 10.53 10.92 10.85 10.87 10.74
11.13 10.80 10.11 10.15 9.99 10.09 10.10 10.61 10.82 11.11 11.00 11.32 10.79 10.64 10.45 9.26 9.48 10.58 10.82 10.98 10.85 11.44 11.25 10.87 11.56 11.67 11.72 12.08 11.65 11.66 11.58 11.26 11.40 11.26 11.04 10.85 11.25 11.54 10.60 10.62 10.64 10.81 11.16 10.44 9.88 10.09 9.86 11.46 11.82 12.04 11.44 11.08 11.44 10.87 11.73 10.45 9.96 9.50 9.13 9.09 9.53 10.68 10.01 9.80 9.63 9.69 8.23 8.37 8.42 8.49 9.55 10.45 10.99 10.85 10.49 10.89 11.51
10.57 11.22 10.31 10.45 11.38 10.58 9.98 10.25 10.27 11.75 11.77 10.92 10.36 11.28 10.63 10.34 10.68 11.24 11.03 11.38 11.21 11.40 11.20 10.61 11.34 11.07 10.88 11.47 11.95 11.45 10.98 11.07 10.69 11.35 10.90 10.97 11.04 10.84 10.42 10.51 10.21 10.34 10.86 10.42 9.95 10.23 10.46 11.31 11.76 12.39 12.05 11.61 11.25 10.98 10.80 10.88 10.80 10.10 9.68 9.91 9.73 10.05 9.86 8.70 9.30 8.82 7.28 7.71 9.26 9.59 9.78 9.53 10.43 10.52 10.51 11.21 10.96
10.84 11.59 10.93 10.44 10.71 10.27 10.17 9.96 10.33 11.13 11.40 11.69 11.17 11.40 11.17 10.92 11.40 10.44 10.87 11.07 11.53 11.93 11.01 11.17 11.32 11.83 11.78 11.52 11.45 11.21 10.65 10.89 11.42 11.75 10.98 10.80 11.06 11.08 10.92 10.67 10.52 10.60 10.03 10.62 10.50 11.03 11.16 10.83 11.59 12.05 12.07 11.28 11.07 11.08 11.05 11.44 11.30 10.78 10.27 9.72 9.09 10.22 9.32 9.17 9.43 9.82 7.34 8.79 9.63 8.82 8.81 8.61 10.01 10.64 10.40 10.12 10.22
10.34 11.27 11.47 10.57 10.83 10.58 10.41 10.67 10.23 10.96 11.46 11.86 11.51 9.99 10.59 10.68 10.93 10.71 10.36 9.97 10.34 11.89 11.33 11.27 11.48 11.40 11.54 11.27 11.15 10.95 9.98 10.97 11.67 11.29 10.29 10.46 11.34 10.92 10.71 10.52 10.00 10.57 10.70 11.07 10.78 11.31 12.04 11.72 11.27 11.77 11.67 11.69 11.76 11.45 11.13 11.17 10.42 9.99 10.05 9.99 9.27 9.91 9.96 9.33 8.79 9.61 8.93 10.30 10.16 8.96 9.58 9.72 10.21 10.45 10.78 10.44 10.27
8.99 10.29 11.27 10.50 11.22 11.46 11.10 10.90 10.02 9.57 11.13 11.67 11.22 11.18 11.21 11.10 10.89 10.13 11.36 10.59 10.20 10.85 11.00 11.15 11.29 11.47 11.30 10.96 10.58 10.68 10.99 10.34 10.33 10.41 11.04 11.17 10.99 10.97 10.90 10.42 10.86 11.16 11.38 11.65 11.53 11.82 11.76 11.78 11.28 11.70 11.54 11.71 11.86 11.16 10.98 10.49 10.01 10.20 9.75 10.10 10.27 10.01 9.87 9.02 8.51 9.14 9.01 10.14 10.12 9.13 9.66 9.81 9.62 9.97 10.04 10.37 9.95
9.57 9.99 10.68 11.01 10.55 10.74 11.30 11.19 9.32 9.77 9.74 10.77 10.53 9.91 11.03 11.25 11.53 10.41 10.16 10.08 10.37 10.59 10.72 10.67 10.41 10.20 11.56 10.98 10.82 11.09 11.23 10.28 10.18 9.92 11.03 11.10 11.28 11.41 11.32 11.28 11.33 11.21 11.58 11.48 11.28 11.35 11.49 11.42 11.11 10.71 11.18 11.69 11.54 11.18 10.79 9.98 9.88 9.74 9.90 10.53 10.35 10.12 9.54 8.79 8.04 8.20 9.14 10.06 9.10 9.21 9.30 8.83 9.07 10.12 10.58 9.71 8.96
9.51 10.23 10.01 9.66 10.08 10.44 10.77 10.55 10.44 9.34 9.63 9.91 9.91 8.94 9.98 11.58 11.63 11.45 10.55 9.98 9.41 9.87 10.68 10.76 10.34 10.84 11.15 10.87 10.48 10.76 10.77 10.66 10.39 10.37 10.62 11.05 11.27 11.06 10.51 10.68 10.86 11.16 11.28 11.34 11.28 11.01 10.79 10.84 10.71 10.69 10.72 11.03 10.76 10.78 9.89 9.75 10.17 9.68 10.10 10.00 10.58 10.13 9.84 8.81 8.23 8.44 8.91 9.84 9.43 9.10 8.05 8.90 10.37 10.71 10.41 9.55 8.93
8.73 9.20 9.06 9.23 10.18 10.48 9.90 10.08 10.23 9.72 10.20 10.36 10.05 9.77 10.19 11.10 11.81 11.73 11.21 9.68 9.96 9.97 9.37 9.46 9.83 10.63 10.75 10.39 10.60 10.55 10.51 10.38 10.18 10.75 10.93 10.61 10.40 10.55 10.63 10.51 11.51 10.77 10.81 11.11 11.15 10.97 11.43 10.69 10.18 10.51 10.93 11.13 10.25 10.13 9.96 9.11 9.72 8.77 9.38 9.86 10.41 9.95 9.65 9.60 9.31 9.21 9.32 10.29 9.93 9.60 8.61 8.42 9.60 10.28 9.74 8.53 8.74
9.27 10.15 10.31 10.37 10.77 10.02 9.82 9.16 9.91 9.30 9.29 9.69 10.08 10.45 10.61 10.43 11.15 11.18 10.63 10.82 10.22 10.29 9.94 10.35 10.93 10.68 10.70 10.35 10.79 10.96 10.75 10.32 9.92 10.21 10.55 10.54 10.11 10.43 10.67 11.03 11.36 11.20 10.85 10.87 11.13 10.96 11.19 11.33 10.28 10.82 10.99 10.90 9.66 9.42 9.61 9.79 10.51 9.69 9.73 9.69 10.38 10.12 9.53 10.46 9.56 9.72 9.89 10.60 9.40 7.78 7.32 7.88 8.96 10.34 10.11 9.24 10.07
9.86 10.51 10.41 10.62 9.85 9.47 9.21 9.17 10.06 9.77 9.91 10.09 10.89 10.39 10.35 10.28 10.62 10.07 10.45 11.16 10.81 10.80 10.30 10.08 10.75 10.21 9.96 9.89 10.62 10.65 10.51 11.16 10.70 10.45 10.08 9.84 10.54 10.44 10.90 10.87 10.72 10.56 10.54 10.86 10.92 11.29 11.22 10.36 10.48 10.28 10.76 10.63 9.61 9.32 9.49 10.10 10.12 9.37 9.84 10.67 10.88 11.34 9.90 10.39 9.55 10.40 10.28 9.00 8.17 7.73 7.38 7.78 8.65 9.95 10.08 9.70 9.61
10.03 10.57 10.77 10.05 9.25 8.75 9.26 8.62 9.61 10.11 10.10 10.59 10.61 10.19 10.98 11.21 10.73 10.68 10.34 10.74 11.15 11.12 10.02 9.78 10.49 10.10 9.73 10.19 10.45 10.86 10.72 10.85 10.56 9.89 9.38 9.24 9.41 9.76 10.19 10.38 10.44 10.09 10.61 10.88 11.32 11.52 11.63 10.90 10.06 10.53 10.29 10.30 9.63 9.71 10.09 9.88 8.90 9.03 9.65 10.68 11.05 10.95 10.65 10.70 10.26 9.92 9.35 7.84 7.31 7.64 7.42 7.46 8.40 9.73 10.30 9.37 9.55
