main/data/irradiance/28.04.2023.grid
ncols 839
nrows 679
xllcenter 112.0500
yllcenter -43.9500
cellsize 0.0500
nodata_value 99999.90
[rows 204 to 237 of 679, columns 154 to 230 of 839]
18.23 18.03 17.71 17.41 17.62 18.27 18.81 18.86 18.96 19.09 18.98 19.24 19.37 19.12 19.21 19.46 19.49 19.37 19.46 19.38 19.51 19.52 19.72 19.39 19.52 19.90 19.95 19.84 19.50 19.14 19.15 19.05 19.38 19.56 19.42 19.43 19.41 19.79 19.61 19.63 19.63 19.39 19.39 19.72 19.66 19.58 19.20 19.44 19.18 18.55 18.37 18.33 18.50 18.41 18.36 18.65 19.06 19.47 19.61 19.30 19.21 18.78 18.44 18.46 18.19 17.95 18.09 18.59 18.02 18.28 17.57 17.24 17.27 18.09 18.90 19.21 18.62
17.65 18.07 18.18 17.93 18.06 18.31 18.37 18.48 18.72 19.07 18.94 18.88 18.91 19.10 19.18 19.22 19.28 19.50 19.53 19.69 19.96 19.58 19.60 19.58 19.31 19.55 19.63 19.64 19.77 19.46 19.30 19.06 19.05 18.93 19.21 19.46 18.77 19.68 19.64 19.47 19.17 19.24 19.22 19.44 19.57 19.72 19.49 19.64 19.54 18.66 18.54 18.38 18.39 18.54 18.46 18.90 18.86 18.68 19.60 19.59 19.62 19.27 19.01 19.28 19.07 18.96 19.02 18.80 18.47 18.42 18.12 18.35 18.02 18.53 18.87 19.18 19.30
18.02 18.35 18.29 18.40 18.48 18.26 18.05 18.16 18.56 18.80 19.04 19.07 18.92 19.17 18.92 18.92 19.16 19.42 19.42 19.51 19.60 19.62 19.59 19.42 19.52 19.62 19.53 19.38 19.49 19.63 19.63 19.49 19.28 19.01 19.24 19.37 19.63 19.79 19.86 19.50 19.41 18.44 18.34 19.22 19.29 19.42 19.67 19.29 19.07 18.68 18.81 18.78 18.32 18.84 18.51 18.80 18.89 18.46 18.78 18.92 19.48 19.53 19.28 19.15 19.43 19.40 18.95 18.45 18.32 18.86 18.78 18.19 18.55 19.13 18.56 18.76 18.53
18.42 18.47 18.19 18.23 18.21 18.10 17.79 17.60 18.25 18.33 18.45 18.50 18.65 18.65 19.16 19.15 18.75 18.23 18.54 19.00 19.21 19.35 19.42 19.42 19.36 19.40 19.21 19.30 19.37 19.58 19.44 19.69 19.38 19.15 19.19 19.39 19.49 19.69 19.70 19.48 19.43 18.89 18.50 18.83 18.69 19.19 19.30 19.12 19.50 19.17 19.08 19.50 19.13 18.27 18.41 18.75 18.16 18.09 18.62 19.36 19.42 19.33 19.15 19.17 19.25 19.31 18.94 18.49 18.09 18.49 19.01 18.92 18.33 18.14 17.83 18.19 18.38
17.76 17.82 18.13 18.26 18.29 17.98 17.91 16.77 17.09 17.39 17.68 17.75 17.94 18.11 17.89 18.24 18.44 18.32 18.24 18.27 18.50 18.57 18.40 19.00 19.19 19.13 19.16 18.93 18.34 18.58 19.08 19.32 18.32 18.39 18.41 18.99 19.06 19.21 19.39 19.41 19.40 18.51 17.91 18.12 17.79 18.82 19.00 19.15 19.02 19.28 19.37 19.35 19.39 18.77 18.20 17.94 18.40 18.05 18.05 18.87 19.36 19.66 19.34 19.14 18.86 19.10 18.76 18.11 17.79 18.33 18.46 18.52 17.88 17.77 17.67 17.74 17.72
17.79 17.94 17.28 17.28 17.06 17.80 17.78 16.66 15.85 16.15 16.55 17.13 16.90 17.50 17.45 17.69 18.19 18.04 18.04 17.55 17.51 16.60 16.88 17.83 18.71 18.69 18.35 18.09 18.16 18.47 18.55 18.98 18.62 18.61 18.48 18.55 18.23 18.13 18.02 18.17 18.38 18.63 17.64 17.51 17.66 18.06 18.11 18.43 18.90 18.92 18.52 19.14 19.24 18.96 18.59 18.20 17.70 17.64 17.50 18.34 18.64 19.13 19.04 19.01 18.93 18.65 18.68 18.38 18.45 18.66 18.97 18.43 17.64 17.48 17.12 17.53 17.67
17.82 17.21 16.62 15.99 16.78 16.15 16.51 16.41 15.98 15.53 15.66 15.49 15.97 16.60 16.63 16.18 16.72 16.69 16.82 16.87 17.28 17.10 16.67 16.27 17.27 17.59 17.39 17.41 17.63 17.56 17.77 18.22 18.23 18.57 18.38 17.90 17.53 16.78 16.98 17.28 17.00 16.79 17.24 17.96 17.87 17.89 17.90 18.04 18.43 17.77 17.87 18.28 18.44 18.52 18.46 18.35 17.87 18.12 18.12 18.09 17.89 18.48 18.24 17.93 17.99 17.75 18.20 18.42 18.49 18.19 18.67 18.91 18.51 18.17 17.81 18.34 17.86
16.09 16.15 16.42 15.82 15.69 15.77 15.72 15.16 14.81 14.34 14.91 14.90 15.82 15.79 15.57 15.61 15.66 16.03 16.78 15.70 15.93 15.77 15.66 15.42 16.31 17.08 16.81 16.94 17.27 17.34 17.00 16.98 17.12 17.24 17.44 17.36 17.28 16.47 16.60 16.63 16.84 17.17 15.73 16.55 17.34 18.11 17.80 18.55 18.12 17.25 17.44 17.07 17.00 16.55 16.95 17.60 18.10 17.79 17.93 17.88 18.03 18.21 17.83 17.76 17.96 16.74 17.67 17.49 17.43 17.61 17.58 18.14 18.48 18.52 18.12 18.26 18.34
14.64 15.43 16.05 15.41 15.13 15.00 14.88 14.56 14.85 14.18 14.26 14.52 14.79 15.52 15.59 16.13 15.76 14.96 15.42 15.79 15.28 15.35 15.52 15.23 15.12 15.65 15.59 15.63 16.68 17.21 16.88 16.95 16.71 16.60 16.40 16.76 16.69 16.12 15.66 15.77 16.31 16.72 16.12 16.22 17.27 17.11 16.44 16.55 17.51 17.99 17.07 16.29 16.18 15.68 14.74 15.52 16.71 17.00 17.25 17.24 17.64 17.56 17.58 17.44 18.25 17.63 17.08 16.69 16.17 16.05 16.27 17.51 17.95 18.28 18.59 18.05 18.39
13.38 14.20 13.91 14.42 14.44 14.01 14.59 15.12 14.93 14.96 13.79 13.98 14.58 14.75 15.29 15.74 15.16 15.31 15.59 15.84 14.86 14.88 15.39 15.63 15.16 15.58 15.44 15.62 16.49 16.99 16.59 16.66 16.57 16.70 16.79 16.81 17.03 16.18 15.09 15.08 15.53 15.75 16.36 16.51 16.55 17.03 15.87 14.70 15.66 16.05 16.59 16.48 16.19 14.67 13.37 13.72 15.19 16.10 15.16 15.96 17.00 17.14 16.93 16.23 17.41 17.81 17.26 17.41 17.36 16.70 16.11 15.96 16.19 16.63 17.30 16.27 16.96
13.28 13.63 13.73 14.91 14.39 13.68 14.69 14.48 14.20 13.84 13.15 13.91 14.17 13.90 14.20 14.78 14.78 15.58 15.63 15.67 14.67 14.77 15.14 16.07 15.36 14.87 14.72 15.71 16.05 16.14 16.59 17.25 17.08 16.67 16.52 16.90 16.71 15.68 14.65 15.00 15.69 15.88 15.54 16.32 16.79 16.75 16.31 15.66 15.66 16.77 15.33 14.56 14.51 13.74 13.41 13.52 14.17 14.62 14.21 14.46 15.68 16.27 16.22 15.63 15.75 16.20 16.26 16.99 16.92 16.88 16.03 15.66 15.82 15.68 15.71 15.43 15.80
13.33 13.77 14.17 14.47 14.67 14.19 15.21 14.70 13.65 13.02 12.95 12.85 13.37 13.36 13.70 14.79 13.92 14.66 15.15 14.87 14.50 15.05 15.24 15.45 13.67 14.37 14.00 14.55 15.84 16.23 16.07 16.98 17.32 17.02 17.28 17.91 16.98 16.03 16.73 16.60 16.17 15.39 15.07 16.32 16.76 16.69 16.28 16.09 15.81 16.16 16.23 15.93 15.33 14.60 14.35 14.25 13.63 13.38 14.08 15.12 15.38 16.29 16.53 16.00 15.87 15.64 15.82 16.23 16.47 16.46 16.37 16.02 15.15 16.01 16.02 15.49 15.69
14.17 13.61 13.40 14.05 13.85 14.02 14.09 14.52 13.75 13.05 12.53 12.75 13.23 14.05 14.64 14.31 13.60 13.44 14.47 14.33 15.02 15.50 15.10 15.34 13.95 14.00 13.95 14.20 14.92 15.05 15.22 16.19 16.11 16.28 16.88 17.47 17.39 17.35 17.27 17.03 16.56 16.04 15.47 16.16 16.57 16.39 15.90 15.30 15.68 16.28 16.14 16.04 15.86 14.89 15.01 15.16 14.20 13.53 14.13 14.64 15.41 15.74 16.18 15.75 15.20 15.09 16.51 16.85 16.97 16.62 16.94 16.97 16.16 16.37 16.12 15.65 15.78
12.44 13.10 13.26 13.22 13.63 12.94 12.74 13.63 12.97 12.46 12.92 13.65 13.53 14.13 14.68 14.36 13.61 13.06 12.59 13.51 14.83 14.45 14.87 15.69 14.34 13.09 13.42 14.44 14.41 14.79 14.80 14.92 15.83 15.27 15.59 16.35 16.29 16.41 17.07 17.22 17.74 16.56 16.91 16.26 16.02 15.95 16.08 16.23 16.06 15.85 15.48 16.55 15.85 16.12 15.30 14.85 14.26 14.13 14.24 14.39 14.91 14.75 14.45 14.70 14.99 15.00 16.10 16.16 16.88 16.44 15.54 15.62 16.11 15.60 15.88 15.66 15.57
11.32 11.86 13.06 13.09 13.12 12.98 12.23 12.63 13.21 12.62 12.04 13.00 13.80 14.43 14.59 14.20 13.91 13.28 12.45 13.50 14.31 13.95 13.42 13.27 14.44 14.80 14.47 13.76 13.22 13.73 14.64 14.78 16.00 15.14 15.40 15.37 15.54 16.52 17.57 16.94 16.69 15.79 15.43 15.80 15.82 16.16 16.26 15.60 15.41 15.26 14.95 14.99 14.73 15.19 15.56 15.32 14.77 14.01 14.39 15.13 14.67 14.84 14.03 13.98 14.14 14.44 14.69 14.32 15.19 15.65 14.96 14.24 15.61 15.55 15.92 16.07 16.60
12.01 11.18 11.08 11.15 11.95 12.70 12.14 11.84 12.45 11.92 12.33 12.64 13.02 13.91 14.56 14.60 14.52 13.13 13.46 13.64 13.49 12.99 12.18 11.89 12.76 13.43 13.99 13.40 13.52 13.39 15.09 14.90 14.26 15.17 15.47 15.34 15.26 15.66 16.11 16.22 15.30 15.33 14.74 13.90 13.52 13.73 14.50 14.36 14.39 14.76 14.85 15.29 15.13 14.78 15.62 16.18 15.86 14.66 14.02 14.10 14.54 14.09 14.13 14.47 14.91 14.69 14.32 14.46 14.50 14.58 14.59 14.61 13.97 13.85 14.80 16.10 16.73
12.37 11.61 11.43 11.54 10.93 12.04 12.87 11.67 11.63 12.33 12.87 12.15 12.07 12.57 12.86 13.56 13.87 13.49 13.57 13.54 13.25 12.87 11.67 11.33 11.39 12.18 12.88 13.87 14.47 14.90 15.91 14.77 14.84 15.50 15.66 15.06 14.90 15.32 14.77 14.95 15.69 15.23 14.97 14.44 13.83 14.59 14.02 14.18 14.26 14.62 14.59 14.99 15.15 15.32 15.64 15.44 14.97 14.31 13.46 13.50 14.08 13.69 13.59 12.58 13.13 13.55 14.44 15.04 15.39 15.25 14.99 14.74 14.18 13.08 13.44 14.40 15.40
11.24 11.31 11.74 11.31 11.70 12.21 12.89 13.06 13.40 13.93 13.34 12.62 12.87 12.62 13.10 13.93 13.75 13.68 13.81 12.87 12.75 12.19 10.92 11.08 11.68 11.89 11.88 13.04 14.69 14.43 14.07 14.60 15.38 15.31 15.07 15.06 14.95 14.01 13.44 14.17 14.44 14.09 14.53 14.21 14.27 14.83 14.79 14.24 14.64 14.36 14.64 14.58 15.31 15.77 16.00 15.70 15.75 14.72 14.36 13.65 13.27 13.24 13.10 13.03 13.19 13.53 13.09 13.60 14.70 15.11 14.83 14.93 14.62 14.31 13.67 13.75 14.81
12.48 11.55 11.10 11.85 12.22 12.98 12.69 13.37 15.14 14.61 13.39 12.80 12.41 12.82 13.05 13.46 12.98 12.98 13.69 12.91 12.12 12.93 12.29 12.22 12.44 12.12 13.27 13.99 13.65 12.63 13.60 14.31 15.21 14.53 14.27 14.14 14.85 13.06 12.83 13.68 14.29 14.28 13.91 13.14 13.70 14.37 15.65 15.45 15.19 15.21 15.26 15.23 14.87 15.02 15.08 15.52 15.32 14.62 14.94 14.29 13.74 14.02 13.98 13.93 13.23 13.64 13.41 13.63 13.16 13.63 13.64 13.33 13.61 13.30 14.15 14.16 14.28
13.18 12.72 12.93 12.87 13.30 13.66 13.83 14.75 15.14 13.54 12.87 13.24 12.79 12.97 12.72 12.35 12.41 13.17 13.74 13.66 13.96 13.76 13.52 13.37 13.37 14.03 13.84 12.40 12.42 11.86 12.73 13.70 14.70 13.77 13.56 14.60 14.63 13.50 12.86 13.50 13.98 14.28 13.27 12.98 13.41 13.19 14.23 14.40 14.48 14.11 14.63 15.04 14.35 13.38 14.28 14.42 14.91 14.14 14.16 13.28 13.29 14.06 14.34 14.82 14.79 14.87 14.57 14.73 14.25 13.75 13.89 13.70 13.46 13.26 13.08 13.10 13.48
14.73 15.12 15.32 14.61 15.55 15.02 15.28 15.29 13.87 12.29 12.85 13.27 13.68 12.81 13.41 13.13 12.68 13.12 12.99 13.11 14.11 14.76 13.97 13.60 14.56 15.85 15.29 13.12 12.04 11.66 12.36 13.29 13.04 14.09 13.32 14.34 13.86 14.19 14.18 14.81 14.26 14.96 13.95 13.89 13.76 13.70 14.46 13.86 13.60 13.31 13.96 14.70 14.08 13.70 14.21 14.29 14.12 14.23 13.44 12.62 12.44 13.08 13.46 14.01 14.23 14.50 14.62 14.24 14.32 13.67 13.85 13.48 13.24 13.00 12.56 12.12 11.93
15.44 16.41 16.84 16.63 16.89 16.67 15.97 15.68 14.60 13.92 13.22 13.14 13.11 13.01 14.02 14.56 13.91 12.62 12.78 13.77 15.35 14.82 13.91 14.39 15.56 16.25 14.74 14.09 13.91 13.46 13.24 13.73 14.09 14.79 14.76 14.71 13.29 13.83 13.71 13.48 15.29 15.60 14.83 14.48 15.00 14.45 13.83 14.58 13.79 14.18 13.63 14.97 14.76 13.81 13.78 14.08 14.18 13.67 13.51 13.51 12.90 12.02 12.74 12.89 13.37 13.80 13.02 13.12 13.20 12.51 13.34 13.51 13.27 14.02 13.64 11.69 11.30
17.26 17.19 16.38 16.57 16.44 15.60 14.87 14.92 15.20 15.22 15.26 14.85 13.73 14.65 15.72 15.99 15.27 14.72 15.56 15.40 15.03 14.69 14.92 16.40 16.51 16.13 14.55 14.28 14.81 14.77 14.82 15.99 15.55 14.29 14.21 14.34 14.47 14.94 14.01 14.80 14.07 13.57 13.82 15.28 15.54 14.87 14.45 13.96 14.25 14.85 14.97 14.82 14.20 13.97 14.29 13.73 13.94 13.85 14.95 15.31 14.80 13.39 14.06 13.55 12.70 13.03 12.16 12.07 12.56 12.81 13.15 13.27 12.83 12.94 12.53 11.20 11.26
16.84 17.07 16.52 16.03 14.78 15.44 15.24 15.88 16.23 16.64 16.53 16.19 16.17 16.65 16.74 17.01 16.62 16.61 16.84 16.39 16.36 16.40 17.09 17.51 16.65 14.76 14.31 15.12 15.98 16.40 16.19 16.88 16.59 14.99 14.69 14.85 14.62 15.07 15.13 14.85 13.96 14.37 15.19 15.30 15.08 14.54 14.55 14.11 13.87 14.52 15.35 15.75 14.39 13.52 13.67 13.48 13.15 13.45 13.47 14.48 14.91 14.39 14.76 14.54 13.45 12.57 12.23 11.88 12.64 12.41 12.76 13.45 13.52 12.58 11.22 10.98 12.09
17.06 16.47 15.44 14.75 15.47 16.01 15.90 15.79 15.75 15.93 16.54 16.66 16.91 16.98 16.92 17.33 16.98 17.49 17.45 17.33 17.37 17.39 17.10 16.88 15.56 14.78 14.98 16.07 16.82 16.79 16.32 16.23 16.56 16.08 15.05 15.33 15.31 14.56 14.29 14.70 14.79 14.64 15.10 15.32 14.55 14.11 13.94 14.00 14.55 15.10 15.33 14.46 13.70 13.33 13.48 13.67 13.20 13.76 13.52 13.86 15.21 15.80 16.28 14.11 12.70 12.66 12.60 13.78 13.42 13.06 13.72 14.27 13.33 13.16 13.07 12.70 13.66
16.71 15.22 15.34 15.87 15.54 15.47 14.90 15.46 16.26 16.45 16.70 16.84 16.92 17.15 17.22 16.81 17.35 17.73 17.76 17.97 17.78 17.33 16.52 15.08 15.08 16.02 16.22 16.94 17.47 16.78 16.98 16.80 17.08 15.89 16.31 15.72 16.03 15.52 14.95 15.28 15.22 15.76 15.95 15.10 15.12 15.25 15.31 15.69 15.25 14.95 15.26 14.65 14.56 14.72 14.72 14.73 14.45 14.71 15.26 15.50 15.76 16.49 15.83 15.06 14.91 14.39 14.18 14.92 14.51 14.53 13.82 13.34 12.82 12.50 13.06 13.32 13.85
16.47 15.80 15.76 15.95 16.40 16.16 15.83 16.11 16.10 16.06 16.54 16.76 17.02 16.85 17.15 17.58 17.44 17.87 17.88 17.60 17.61 17.52 16.74 16.31 16.11 16.16 15.88 16.47 17.41 18.04 17.74 17.45 16.75 16.13 16.04 15.92 16.36 16.72 16.62 15.80 16.03 16.24 16.06 15.76 16.15 16.67 16.43 16.64 15.23 15.38 15.50 15.92 15.90 16.17 15.70 15.66 15.31 15.44 15.64 15.67 16.26 16.26 14.28 14.22 14.72 14.76 14.96 15.15 14.67 14.02 12.99 12.64 12.98 12.76 13.40 13.96 14.31
15.64 15.45 15.50 16.13 15.82 15.70 15.76 15.92 15.94 16.50 16.72 17.14 17.59 17.17 17.36 17.33 17.37 17.44 16.76 16.99 17.05 17.70 17.25 16.48 16.50 16.38 16.46 16.99 17.79 17.76 17.66 17.52 16.86 16.61 16.32 16.22 16.30 16.46 15.93 16.02 15.46 15.41 16.30 16.14 16.31 16.57 16.29 16.80 16.29 16.90 16.57 16.63 16.67 17.20 16.87 16.32 15.95 16.04 15.95 15.77 16.60 16.44 14.61 14.29 14.22 13.93 15.25 15.64 14.91 14.69 15.03 14.79 14.33 14.69 14.43 14.39 14.98
15.43 16.67 17.07 16.99 16.33 15.20 15.64 15.78 16.41 17.14 17.36 17.67 17.62 17.33 17.65 17.36 17.19 17.26 16.99 17.55 17.67 17.27 16.85 16.27 16.40 15.94 15.91 16.97 17.36 17.63 17.72 17.52 16.76 16.51 16.98 16.40 16.08 15.92 15.46 15.52 16.05 15.82 16.25 16.75 16.67 16.69 17.12 17.17 17.36 17.06 17.28 16.96 17.04 17.57 17.88 17.80 17.60 17.57 16.89 16.74 16.69 16.60 16.20 16.08 16.50 16.01 15.46 14.55 14.50 15.55 16.11 16.22 15.27 15.47 14.80 14.95 14.72
16.60 16.79 17.25 17.22 16.98 16.94 16.93 17.48 17.24 17.35 17.60 17.70 17.62 17.18 16.99 16.76 16.80 17.06 17.65 17.02 17.16 17.06 16.59 16.33 16.36 15.98 15.57 16.94 17.37 17.46 17.41 17.51 17.23 17.02 17.10 16.72 16.42 16.24 15.17 15.09 15.08 15.25 16.01 16.67 16.88 16.93 17.09 17.09 17.66 17.44 17.46 18.04 18.30 18.04 18.20 18.37 18.35 18.11 17.78 16.66 16.24 16.33 16.72 16.62 17.02 16.58 16.18 15.96 15.59 16.11 17.03 17.37 16.40 16.17 15.64 14.77 15.12
16.70 17.24 17.14 16.56 16.64 17.00 16.85 17.51 17.36 17.40 17.55 17.33 16.72 16.38 15.57 15.28 16.22 16.75 16.89 16.80 17.11 17.51 16.42 16.28 16.35 16.44 16.29 16.79 17.00 17.11 17.45 17.51 17.24 17.31 16.95 16.92 16.70 15.99 15.63 15.74 15.32 14.54 15.52 16.37 17.11 17.40 17.55 17.82 17.93 17.67 17.85 18.01 17.68 17.83 17.98 17.99 17.93 17.36 17.12 15.77 16.39 16.32 16.53 17.21 17.46 17.27 16.19 15.91 16.62 16.15 16.31 16.57 16.95 16.24 15.29 15.01 15.81
17.11 18.01 17.35 16.85 17.31 17.42 17.23 17.23 16.66 17.60 17.57 17.79 17.64 16.45 14.79 14.67 15.86 17.02 17.35 17.79 17.60 17.35 16.71 16.95 17.05 17.28 17.44 17.52 17.58 17.21 16.97 16.97 16.76 17.01 17.35 16.55 16.03 15.89 15.36 16.60 16.39 15.98 15.41 16.66 17.05 16.92 18.49 18.52 17.89 17.31 17.86 17.80 17.44 17.85 18.04 18.01 17.41 16.43 16.39 16.11 16.18 16.03 16.78 16.94 17.51 17.20 17.68 17.16 16.58 16.60 16.80 16.63 16.37 17.17 17.46 16.87 16.63
17.36 17.53 17.23 16.73 16.62 16.96 16.81 17.28 17.24 17.61 17.87 17.66 17.46 17.08 16.91 16.64 17.67 17.52 17.03 17.19 17.41 16.96 17.33 17.34 17.28 17.68 17.86 17.29 17.41 17.46 17.19 17.22 17.08 16.18 16.21 17.30 16.73 16.29 16.69 16.66 16.26 16.39 15.88 16.36 16.31 16.76 17.60 17.95 17.80 17.80 17.64 17.92 17.93 17.76 17.55 17.40 17.60 16.49 15.61 15.74 16.46 15.94 16.20 16.99 17.02 17.15 16.96 17.59 17.90 17.40 17.20 16.66 16.90 17.62 17.44 16.71 16.29
17.78 17.47 17.45 17.32 17.02 16.65 16.55 16.55 17.48 17.88 17.73 17.41 17.85 17.88 17.91 17.93 17.91 17.68 17.35 17.28 17.33 17.21 17.43 17.34 17.23 17.52 17.45 17.23 17.26 17.30 16.87 16.39 15.58 15.34 14.86 16.60 16.46 16.31 16.38 16.38 17.30 17.00 16.53 16.88 17.57 17.60 17.38 17.68 18.15 17.80 17.82 17.84 17.84 17.74 17.55 17.21 17.39 17.43 16.75 16.40 16.00 15.37 15.60 16.11 16.80 16.68 17.30 17.61 17.16 17.23 17.39 17.08 16.59 16.91 17.24 16.53 14.57
