main/data/irradiance/28.03.2023.grid
ncols 839
nrows 679
xllcenter 112.0500
yllcenter -43.9500
cellsize 0.0500
nodata_value 99999.90
[rows 490 to 524 of 679, columns 77 to 153 of 839]
17.65 18.31 17.97 17.42 17.09 17.89 17.39 17.99 17.61 17.07 17.32 17.72 17.73 17.99 17.49 17.57 17.84 17.95 17.15 17.15 16.96 16.65 17.17 17.37 16.48 17.06 16.23 15.45 16.26 16.22 16.57 16.17 15.55 15.27 16.06 16.71 15.61 15.84 15.16 15.01 16.08 16.73 16.04 15.47 16.16 15.50 15.83 16.57 16.47 17.27 17.08 18.07 16.92 16.98 16.76 16.40 17.40 18.87 17.78 17.78 17.71 17.71 19.00 19.00 18.67 17.61 18.09 18.04 18.04 18.34 18.34 18.34 18.34 18.48 18.48 18.48 18.48
17.60 17.36 17.50 17.56 17.51 17.42 17.83 17.17 17.68 17.99 17.64 17.58 17.28 17.93 17.54 17.53 17.71 18.09 17.73 17.47 16.89 16.45 16.78 17.07 17.06 16.88 15.92 16.39 15.75 16.10 16.96 15.88 15.87 17.04 14.55 16.54 15.42 14.76 14.73 14.05 14.46 16.99 16.93 16.32 15.91 16.95 15.27 17.31 17.37 17.69 16.84 16.50 16.27 17.50 18.13 17.60 16.82 16.82 17.78 17.78 17.78 17.71 19.00 19.00 18.67 17.61 18.09 18.04 18.04 18.34 18.34 18.34 18.34 18.34 18.48 18.48 18.48
16.95 16.85 17.49 17.63 18.11 18.02 17.90 17.58 17.44 17.51 17.28 17.12 17.28 17.33 17.76 17.30 17.18 18.29 17.81 17.50 17.62 16.89 17.21 16.92 17.06 17.63 16.77 16.68 15.62 16.33 16.69 16.86 16.76 17.02 15.83 16.83 16.53 16.07 14.63 14.75 15.56 15.75 16.40 16.36 16.63 17.55 17.41 17.89 17.95 17.89 17.47 17.21 17.86 18.59 18.27 18.44 16.82 16.82 16.82 17.78 17.78 17.78 19.00 19.00 18.67 17.61 18.09 18.04 18.04 18.34 18.34 18.34 18.34 18.34 18.34 18.48 18.48
16.95 17.21 17.60 17.00 17.74 17.83 17.65 17.26 17.34 17.70 17.04 17.41 16.95 17.34 17.68 17.66 18.03 17.86 17.71 17.37 17.86 17.36 17.83 17.64 17.53 17.67 17.33 16.97 16.75 16.92 17.10 16.71 16.53 16.64 15.62 16.73 16.60 17.01 16.88 16.51 16.53 16.25 16.45 16.43 16.08 16.31 16.75 16.27 17.31 17.10 17.14 17.29 18.24 18.59 18.27 18.44 18.44 16.82 16.82 16.82 17.78 17.78 19.00 19.00 18.67 17.61 18.09 18.04 18.04 18.34 18.34 18.34 18.34 18.34 18.34 18.34 18.48
17.33 17.33 17.49 17.68 17.91 17.71 17.71 16.91 16.83 16.85 16.59 16.33 17.26 16.73 17.32 17.50 17.57 16.98 17.61 17.15 17.59 18.07 17.95 17.41 17.75 17.77 17.77 16.98 17.40 17.03 16.40 16.85 17.07 17.73 16.08 16.26 16.94 17.21 16.04 16.22 16.37 16.44 16.48 16.17 16.06 15.89 16.06 16.31 16.42 17.02 17.09 17.29 18.24 18.24 18.27 18.44 18.44 18.44 16.82 16.82 16.82 17.78 19.00 19.00 18.67 17.61 18.09 18.04 18.04 18.34 18.34 18.34 18.34 18.34 18.34 18.34 18.34
17.33 17.33 18.60 18.73 18.08 17.98 17.57 17.20 17.68 17.83 17.43 16.18 16.40 16.80 16.27 16.63 17.29 17.09 17.09 17.17 17.59 17.50 17.68 17.34 17.63 17.98 18.06 17.06 16.59 17.02 16.49 16.94 16.69 16.50 17.16 16.67 17.52 17.92 15.89 16.84 16.89 16.75 15.43 15.93 16.46 15.47 14.23 14.28 14.18 16.24 17.09 17.09 18.24 18.24 18.24 18.44 18.44 18.44 18.44 16.82 16.82 16.82 19.00 19.00 18.67 17.61 18.09 18.04 18.04 18.34 18.34 18.34 18.34 18.34 18.34 18.34 18.34
17.33 18.60 18.60 18.73 18.08 17.98 18.42 17.55 17.91 18.27 18.25 17.01 16.35 16.56 16.46 16.92 17.50 17.24 17.39 17.32 17.15 17.06 17.77 18.18 18.12 17.39 17.90 18.09 17.42 17.31 16.37 15.40 15.97 16.38 16.21 15.22 17.16 17.49 16.82 15.89 16.37 17.09 16.45 15.58 16.57 16.09 14.96 14.13 14.76 15.68 15.68 15.68 17.09 18.24 18.24 18.44 18.44 18.44 18.44 18.44 16.82 16.82 16.82 19.00 18.67 17.61 18.09 18.04 18.04 18.34 18.34 18.34 18.34 18.34 18.34 18.34 18.34
18.60 18.60 18.60 18.73 18.08 18.42 18.42 17.55 17.91 18.15 18.25 17.58 16.47 17.20 17.00 17.31 17.40 17.79 17.61 17.76 17.38 17.37 16.72 18.13 17.97 17.52 17.69 17.60 18.09 18.21 17.50 16.51 16.89 16.44 17.07 15.74 16.70 16.54 17.02 16.60 15.51 15.25 15.76 15.72 14.37 15.13 15.70 15.37 15.87 15.50 15.50 15.50 15.50 15.50 18.24 18.44 18.44 18.44 18.44 18.44 18.44 16.82 16.82 19.00 18.67 17.61 18.09 18.04 18.04 18.34 18.34 18.34 18.34 18.34 18.34 18.34 18.34
18.60 18.60 18.60 18.73 18.42 18.42 18.42 17.55 18.15 18.15 18.15 17.58 18.05 17.41 17.23 17.77 18.50 17.77 17.69 17.66 17.86 18.10 16.24 17.57 18.05 17.89 17.45 17.18 17.43 17.86 17.93 17.61 16.84 15.92 15.63 15.73 15.82 15.43 16.78 16.80 15.13 14.84 15.86 14.84 15.40 15.30 15.70 15.37 15.87 15.50 15.50 15.50 15.50 15.50 15.50 18.24 18.44 18.44 18.44 18.44 18.44 18.44 16.82 16.82 18.67 17.61 18.09 18.04 18.04 18.34 18.34 18.34 18.34 18.34 18.34 18.34 18.34
18.60 18.60 18.60 18.73 18.42 18.42 18.42 18.15 18.15 18.15 18.15 18.05 18.05 18.05 17.86 17.60 18.75 18.04 17.46 16.18 17.84 18.46 17.28 17.54 16.92 18.78 18.49 17.49 17.86 17.67 17.78 17.30 16.73 15.75 16.24 16.20 16.17 15.60 15.44 16.41 14.82 14.63 14.70 14.84 15.40 15.30 15.30 15.37 15.87 15.50 15.50 15.50 15.50 15.50 15.50 15.50 18.44 18.44 18.44 18.44 18.44 18.44 18.44 16.82 16.82 16.82 17.78 17.78 17.78 99999.90 99999.90 99999.90 99999.90 99999.90 99999.90 99999.90 99999.90
18.60 18.60 18.60 18.73 18.42 18.42 18.42 18.15 18.15 18.15 18.05 18.05 18.05 18.05 17.86 17.60 18.75 18.04 17.46 16.18 17.84 18.46 17.28 17.54 16.92 18.78 18.49 17.49 17.86 17.67 17.78 16.64 16.78 17.00 15.63 16.20 16.17 15.60 15.64 16.41 14.82 14.63 14.70 14.70 15.40 15.30 15.30 15.30 15.87 15.50 15.50 15.50 15.50 15.50 15.50 15.50 15.50 18.44 18.44 18.44 18.44 18.44 18.44 18.44 16.82 16.82 16.82 99999.90 99999.90 99999.90 99999.90 99999.90 99999.90 99999.90 99999.90 99999.90 99999.90
18.60 18.60 18.60 18.42 18.42 18.42 18.42 18.15 18.15 18.15 18.05 18.05 18.05 18.05 17.86 17.60 18.75 18.04 17.46 16.18 17.84 18.46 17.28 17.54 16.92 18.78 18.49 17.49 17.86 17.67 16.64 16.64 16.78 17.00 15.63 15.63 16.17 15.64 15.64 15.09 15.09 15.09 14.70 14.70 14.70 15.30 15.30 15.30 15.87 15.50 15.50 15.50 15.50 15.50 15.50 15.50 15.50 15.50 18.44 18.44 18.44 18.44 18.44 18.44 18.44 16.82 16.82 99999.90 99999.90 99999.90 99999.90 99999.90 99999.90 99999.90 99999.90 99999.90 99999.90
18.60 18.60 18.60 18.42 18.42 18.42 18.15 18.15 18.15 18.15 18.05 18.05 18.05 18.05 17.86 17.60 18.75 18.04 17.46 16.18 17.84 18.46 17.28 17.54 16.92 18.78 18.49 17.49 17.86 16.64 16.64 16.64 16.78 17.00 15.63 15.63 15.63 15.64 15.64 15.09 15.09 15.09 15.09 14.70 14.70 15.30 15.30 15.30 15.87 15.50 15.50 15.50 15.50 15.50 15.50 15.50 15.50 15.50 15.50 18.44 18.44 18.44 18.44 18.44 18.44 18.44 99999.90 99999.90 99999.90 99999.90 99999.90 99999.90 99999.90 99999.90 99999.90 99999.90 99999.90
18.60 18.60 18.60 18.42 18.42 18.42 18.15 18.15 18.15 18.05 18.05 18.05 18.05 18.05 17.86 17.60 18.75 18.04 17.46 16.18 17.84 18.46 17.28 17.54 16.92 18.78 18.49 17.49 17.86 16.64 16.64 16.64 16.78 17.00 15.63 15.63 15.63 15.64 15.09 15.09 15.09 15.09 15.09 15.09 14.70 15.30 15.30 15.30 15.30 15.50 15.50 15.50 15.50 15.50 15.50 15.50 15.50 15.50 15.50 15.50 18.24 18.24 18.24 99999.90 99999.90 99999.90 99999.90 99999.90 99999.90 99999.90 99999.90 99999.90 99999.90 99999.90 99999.90 99999.90 99999.90
18.60 18.60 18.42 18.42 18.42 18.42 18.15 18.15 18.15 18.05 18.05 18.05 18.05 18.05 17.86 17.60 18.75 18.04 17.46 16.18 17.84 18.46 17.28 17.54 16.92 18.78 18.49 17.49 17.86 16.64 16.64 16.64 16.78 17.00 15.63 15.63 15.63 15.64 15.09 15.09 15.09 15.09 15.09 15.09 15.09 14.70 15.30 15.30 15.30 15.50 15.50 15.50 15.50 15.50 15.50 15.50 15.50 15.50 15.50 15.50 17.09 99999.90 99999.90 99999.90 99999.90 99999.90 99999.90 99999.90 99999.90 99999.90 99999.90 99999.90 99999.90 99999.90 99999.90 99999.90 99999.90
18.60 18.60 18.42 18.42 18.42 18.15 18.15 18.15 18.05 18.05 18.05 18.05 18.05 18.05 17.86 17.60 18.75 18.04 17.46 16.18 17.84 18.46 17.28 17.54 16.92 18.78 18.49 17.49 16.64 16.64 16.64 16.64 16.78 17.00 15.63 15.63 15.63 15.09 15.09 15.09 15.09 15.09 15.09 15.09 15.09 15.09 15.30 15.30 15.30 15.50 15.50 15.50 15.50 15.50 15.50 15.50 15.50 15.50 15.50 15.50 99999.90 99999.90 99999.90 99999.90 99999.90 99999.90 99999.90 99999.90 99999.90 99999.90 99999.90 99999.90 99999.90 99999.90 99999.90 99999.90 99999.90
18.42 18.42 18.42 18.42 18.42 18.15 18.15 18.15 18.05 18.05 18.05 18.05 18.05 18.05 17.86 17.60 18.75 18.04 17.46 16.18 17.84 18.46 17.28 17.54 16.92 18.78 18.49 17.49 16.64 16.64 16.64 16.64 16.78 17.00 15.63 15.63 15.63 15.09 15.09 15.09 15.09 15.09 15.09 15.09 15.09 15.09 15.09 15.30 15.30 15.30 15.50 15.50 15.50 15.50 15.50 15.50 15.50 15.50 15.50 15.50 99999.90 99999.90 99999.90 99999.90 99999.90 99999.90 99999.90 99999.90 99999.90 99999.90 99999.90 99999.90 99999.90 99999.90 99999.90 99999.90 99999.90
18.15 18.15 18.15 18.15 18.15 18.15 18.15 18.05 18.05 18.05 18.05 18.05 18.05 18.05 17.86 17.60 18.75 18.04 17.46 16.18 17.84 18.46 17.28 17.54 16.92 18.78 18.49 17.49 16.64 16.64 16.64 16.64 16.78 17.00 15.63 15.63 15.09 15.09 15.09 15.09 15.09 15.09 15.09 15.09 15.09 15.09 15.09 15.30 15.30 15.30 15.50 15.50 15.50 15.50 15.50 15.50 15.50 15.50 15.50 15.50 99999.90 99999.90 99999.90 99999.90 99999.90 99999.90 99999.90 99999.90 99999.90 99999.90 99999.90 99999.90 99999.90 99999.90 99999.90 99999.90 99999.90
99999.90 99999.90 18.05 18.05 18.05 18.05 18.05 18.05 18.05 18.05 18.05 18.05 18.05 18.05 17.86 17.60 18.75 18.04 17.46 16.18 17.84 18.46 17.28 17.54 16.92 18.78 18.49 16.64 16.64 16.64 16.64 16.64 16.78 17.00 15.63 15.63 15.09 15.09 15.09 15.09 15.09 15.09 15.09 15.09 15.09 15.09 15.09 15.09 15.30 15.30 15.30 15.30 15.30 15.30 15.30 15.30 99999.90 99999.90 99999.90 99999.90 99999.90 99999.90 99999.90 99999.90 99999.90 99999.90 99999.90 99999.90 99999.90 99999.90 99999.90 99999.90 99999.90 99999.90 99999.90 99999.90 99999.90
99999.90 99999.90 99999.90 18.05 18.05 18.05 18.05 18.05 18.05 18.05 18.05 18.05 18.05 18.05 17.86 17.60 18.75 18.04 17.46 16.18 17.84 18.46 17.28 17.54 16.92 18.78 18.49 16.64 16.64 16.64 16.64 16.64 16.78 17.00 15.63 15.63 15.09 15.09 15.09 15.09 15.09 15.09 15.09 15.09 15.09 15.09 15.09 15.09 15.09 15.09 14.70 14.70 14.70 99999.90 99999.90 99999.90 99999.90 99999.90 99999.90 99999.90 99999.90 99999.90 99999.90 99999.90 99999.90 99999.90 99999.90 99999.90 99999.90 99999.90 99999.90 99999.90 99999.90 99999.90 99999.90 99999.90 99999.90
99999.90 99999.90 99999.90 99999.90 99999.90 99999.90 99999.90 99999.90 99999.90 99999.90 99999.90 99999.90 99999.90 99999.90 99999.90 99999.90 99999.90 99999.90 99999.90 99999.90 99999.90 16.64 16.64 16.64 16.64 16.64 16.64 16.64 16.64 16.64 16.64 16.64 16.78 17.00 15.63 15.63 15.09 15.09 15.09 15.09 15.09 15.09 15.09 15.09 15.09 15.09 15.09 15.09 15.09 15.09 15.09 99999.90 99999.90 99999.90 99999.90 99999.90 99999.90 99999.90 99999.90 99999.90 99999.90 99999.90 99999.90 99999.90 99999.90 99999.90 99999.90 99999.90 99999.90 99999.90 99999.90 99999.90 99999.90 99999.90 99999.90 99999.90 99999.90
99999.90 99999.90 99999.90 99999.90 99999.90 99999.90 99999.90 99999.90 99999.90 99999.90 99999.90 99999.90 99999.90 99999.90 99999.90 99999.90 99999.90 99999.90 99999.90 99999.90 99999.90 99999.90 99999.90 99999.90 99999.90 99999.90 99999.90 99999.90 99999.90 99999.90 15.09 15.09 15.09 15.09 15.09 15.09 15.09 15.09 15.09 15.09 15.09 15.09 15.09 15.09 15.09 15.09 15.09 15.09 15.09 15.09 15.09 99999.90 99999.90 99999.90 99999.90 99999.90 99999.90 99999.90 99999.90 99999.90 99999.90 99999.90 99999.90 99999.90 99999.90 99999.90 99999.90 99999.90 99999.90 99999.90 99999.90 99999.90 99999.90 99999.90 99999.90 99999.90 99999.90
99999.90 99999.90 99999.90 99999.90 99999.90 99999.90 99999.90 99999.90 99999.90 99999.90 99999.90 99999.90 99999.90 99999.90 99999.90 99999.90 99999.90 99999.90 99999.90 99999.90 99999.90 99999.90 99999.90 99999.90 99999.90 99999.90 99999.90 99999.90 99999.90 99999.90 99999.90 99999.90 99999.90 99999.90 99999.90 99999.90 99999.90 99999.90 99999.90 99999.90 99999.90 99999.90 99999.90 99999.90 99999.90 99999.90 99999.90 99999.90 99999.90 99999.90 99999.90 99999.90 99999.90 99999.90 99999.90 99999.90 99999.90 99999.90 99999.90 99999.90 99999.90 99999.90 99999.90 99999.90 99999.90 99999.90 99999.90 99999.90 99999.90 99999.90 99999.90 99999.90 99999.90 99999.90 99999.90 99999.90 99999.90
99999.90 99999.90 99999.90 99999.90 99999.90 99999.90 99999.90 99999.90 99999.90 99999.90 99999.90 99999.90 99999.90 99999.90 99999.90 99999.90 99999.90 99999.90 99999.90 99999.90 99999.90 99999.90 99999.90 99999.90 99999.90 99999.90 99999.90 99999.90 99999.90 99999.90 99999.90 99999.90 99999.90 99999.90 99999.90 99999.90 99999.90 99999.90 99999.90 99999.90 99999.90 99999.90 99999.90 99999.90 99999.90 99999.90 99999.90 99999.90 99999.90 99999.90 99999.90 99999.90 99999.90 99999.90 99999.90 99999.90 99999.90 99999.90 99999.90 99999.90 99999.90 99999.90 99999.90 99999.90 99999.90 99999.90 99999.90 99999.90 99999.90 99999.90 99999.90 99999.90 99999.90 99999.90 99999.90 99999.90 99999.90
99999.90 99999.90 99999.90 99999.90 99999.90 99999.90 99999.90 99999.90 99999.90 99999.90 99999.90 99999.90 99999.90 99999.90 99999.90 99999.90 99999.90 99999.90 99999.90 99999.90 99999.90 99999.90 99999.90 99999.90 99999.90 99999.90 99999.90 99999.90 99999.90 99999.90 99999.90 99999.90 99999.90 99999.90 99999.90 99999.90 99999.90 99999.90 99999.90 99999.90 99999.90 99999.90 99999.90 99999.90 99999.90 99999.90 99999.90 99999.90 99999.90 99999.90 99999.90 99999.90 99999.90 99999.90 99999.90 99999.90 99999.90 99999.90 99999.90 99999.90 99999.90 99999.90 99999.90 99999.90 99999.90 99999.90 99999.90 99999.90 99999.90 99999.90 99999.90 99999.90 99999.90 99999.90 99999.90 99999.90 99999.90
99999.90 99999.90 99999.90 99999.90 99999.90 99999.90 99999.90 99999.90 99999.90 99999.90 99999.90 99999.90 99999.90 99999.90 99999.90 99999.90 99999.90 99999.90 99999.90 99999.90 99999.90 99999.90 99999.90 99999.90 99999.90 99999.90 99999.90 99999.90 99999.90 99999.90 99999.90 99999.90 99999.90 99999.90 99999.90 99999.90 99999.90 99999.90 99999.90 99999.90 99999.90 99999.90 99999.90 99999.90 99999.90 99999.90 99999.90 99999.90 99999.90 99999.90 99999.90 99999.90 99999.90 99999.90 99999.90 99999.90 99999.90 99999.90 99999.90 99999.90 99999.90 99999.90 99999.90 99999.90 99999.90 99999.90 99999.90 99999.90 99999.90 99999.90 99999.90 99999.90 99999.90 99999.90 99999.90 99999.90 99999.90
99999.90 99999.90 99999.90 99999.90 99999.90 99999.90 99999.90 99999.90 99999.90 99999.90 99999.90 99999.90 99999.90 99999.90 99999.90 99999.90 99999.90 99999.90 99999.90 99999.90 99999.90 99999.90 99999.90 99999.90 99999.90 99999.90 99999.90 99999.90 99999.90 99999.90 99999.90 99999.90 99999.90 99999.90 99999.90 99999.90 99999.90 99999.90 99999.90 99999.90 99999.90 99999.90 99999.90 99999.90 99999.90 99999.90 99999.90 99999.90 99999.90 99999.90 99999.90 99999.90 99999.90 99999.90 99999.90 99999.90 99999.90 99999.90 99999.90 99999.90 99999.90 99999.90 99999.90 99999.90 99999.90 99999.90 99999.90 99999.90 99999.90 99999.90 99999.90 99999.90 99999.90 99999.90 99999.90 99999.90 99999.90
99999.90 99999.90 99999.90 99999.90 99999.90 99999.90 99999.90 99999.90 99999.90 99999.90 99999.90 99999.90 99999.90 99999.90 99999.90 99999.90 99999.90 99999.90 99999.90 99999.90 99999.90 99999.90 99999.90 99999.90 99999.90 99999.90 99999.90 99999.90 99999.90 99999.90 99999.90 99999.90 99999.90 99999.90 99999.90 99999.90 99999.90 99999.90 99999.90 99999.90 99999.90 99999.90 99999.90 99999.90 99999.90 99999.90 99999.90 99999.90 99999.90 99999.90 99999.90 99999.90 99999.90 99999.90 99999.90 99999.90 99999.90 99999.90 99999.90 99999.90 99999.90 99999.90 99999.90 99999.90 99999.90 99999.90 99999.90 99999.90 99999.90 99999.90 99999.90 99999.90 99999.90 99999.90 99999.90 99999.90 99999.90
99999.90 99999.90 99999.90 99999.90 99999.90 99999.90 99999.90 99999.90 99999.90 99999.90 99999.90 99999.90 99999.90 99999.90 99999.90 99999.90 99999.90 99999.90 99999.90 99999.90 99999.90 99999.90 99999.90 99999.90 99999.90 99999.90 99999.90 99999.90 99999.90 99999.90 99999.90 99999.90 99999.90 99999.90 99999.90 99999.90 99999.90 99999.90 99999.90 99999.90 99999.90 99999.90 99999.90 99999.90 99999.90 99999.90 99999.90 99999.90 99999.90 99999.90 99999.90 99999.90 99999.90 99999.90 99999.90 99999.90 99999.90 99999.90 99999.90 99999.90 99999.90 99999.90 99999.90 99999.90 99999.90 99999.90 99999.90 99999.90 99999.90 99999.90 99999.90 99999.90 99999.90 99999.90 99999.90 99999.90 99999.90
99999.90 99999.90 99999.90 99999.90 99999.90 99999.90 99999.90 99999.90 99999.90 99999.90 99999.90 99999.90 99999.90 99999.90 99999.90 99999.90 99999.90 99999.90 99999.90 99999.90 99999.90 99999.90 99999.90 99999.90 99999.90 99999.90 99999.90 99999.90 99999.90 99999.90 99999.90 99999.90 99999.90 99999.90 99999.90 99999.90 99999.90 99999.90 99999.90 99999.90 99999.90 99999.90 99999.90 99999.90 99999.90 99999.90 99999.90 99999.90 99999.90 99999.90 99999.90 99999.90 99999.90 99999.90 99999.90 99999.90 99999.90 99999.90 99999.90 99999.90 99999.90 99999.90 99999.90 99999.90 99999.90 99999.90 99999.90 99999.90 99999.90 99999.90 99999.90 99999.90 99999.90 99999.90 99999.90 99999.90 99999.90
99999.90 99999.90 99999.90 99999.90 99999.90 99999.90 99999.90 99999.90 99999.90 99999.90 99999.90 99999.90 99999.90 99999.90 99999.90 99999.90 99999.90 99999.90 99999.90 99999.90 99999.90 99999.90 99999.90 99999.90 99999.90 99999.90 99999.90 99999.90 99999.90 99999.90 99999.90 99999.90 99999.90 99999.90 99999.90 99999.90 99999.90 99999.90 99999.90 99999.90 99999.90 99999.90 99999.90 99999.90 99999.90 99999.90 99999.90 99999.90 99999.90 99999.90 99999.90 99999.90 99999.90 99999.90 99999.90 99999.90 99999.90 99999.90 99999.90 99999.90 99999.90 99999.90 99999.90 99999.90 99999.90 99999.90 99999.90 99999.90 99999.90 99999.90 99999.90 99999.90 99999.90 99999.90 99999.90 99999.90 99999.90
99999.90 99999.90 99999.90 99999.90 99999.90 99999.90 99999.90 99999.90 99999.90 99999.90 99999.90 99999.90 99999.90 99999.90 99999.90 99999.90 99999.90 99999.90 99999.90 99999.90 99999.90 99999.90 99999.90 99999.90 99999.90 99999.90 99999.90 99999.90 99999.90 99999.90 99999.90 99999.90 99999.90 99999.90 99999.90 99999.90 99999.90 99999.90 99999.90 99999.90 99999.90 99999.90 99999.90 99999.90 99999.90 99999.90 99999.90 99999.90 99999.90 99999.90 99999.90 99999.90 99999.90 99999.90 99999.90 99999.90 99999.90 99999.90 99999.90 99999.90 99999.90 99999.90 99999.90 99999.90 99999.90 99999.90 99999.90 99999.90 99999.90 99999.90 99999.90 99999.90 99999.90 99999.90 99999.90 99999.90 99999.90
99999.90 99999.90 99999.90 99999.90 99999.90 99999.90 99999.90 99999.90 99999.90 99999.90 99999.90 99999.90 99999.90 99999.90 99999.90 99999.90 99999.90 99999.90 99999.90 99999.90 99999.90 99999.90 99999.90 99999.90 99999.90 99999.90 99999.90 99999.90 99999.90 99999.90 99999.90 99999.90 99999.90 99999.90 99999.90 99999.90 99999.90 99999.90 99999.90 99999.90 99999.90 99999.90 99999.90 99999.90 99999.90 99999.90 99999.90 99999.90 99999.90 99999.90 99999.90 99999.90 99999.90 99999.90 99999.90 99999.90 99999.90 99999.90 99999.90 99999.90 99999.90 99999.90 99999.90 99999.90 99999.90 99999.90 99999.90 99999.90 99999.90 99999.90 99999.90 99999.90 99999.90 99999.90 99999.90 99999.90 99999.90
99999.90 99999.90 99999.90 99999.90 99999.90 99999.90 99999.90 99999.90 99999.90 99999.90 99999.90 99999.90 99999.90 99999.90 99999.90 99999.90 99999.90 99999.90 99999.90 99999.90 99999.90 99999.90 99999.90 99999.90 99999.90 99999.90 99999.90 99999.90 99999.90 99999.90 99999.90 99999.90 99999.90 99999.90 99999.90 99999.90 99999.90 99999.90 99999.90 99999.90 99999.90 99999.90 99999.90 99999.90 99999.90 99999.90 99999.90 99999.90 99999.90 99999.90 99999.90 99999.90 99999.90 99999.90 99999.90 99999.90 99999.90 99999.90 99999.90 99999.90 99999.90 99999.90 99999.90 99999.90 99999.90 99999.90 99999.90 99999.90 99999.90 99999.90 99999.90 99999.90 99999.90 99999.90 99999.90 99999.90 99999.90
99999.90 99999.90 99999.90 99999.90 99999.90 99999.90 99999.90 99999.90 99999.90 99999.90 99999.90 99999.90 99999.90 99999.90 99999.90 99999.90 99999.90 99999.90 99999.90 99999.90 99999.90 99999.90 99999.90 99999.90 99999.90 99999.90 99999.90 99999.90 99999.90 99999.90 99999.90 99999.90 99999.90 99999.90 99999.90 99999.90 99999.90 99999.90 99999.90 99999.90 99999.90 99999.90 99999.90 99999.90 99999.90 99999.90 99999.90 99999.90 99999.90 99999.90 99999.90 99999.90 99999.90 99999.90 99999.90 99999.90 99999.90 99999.90 99999.90 99999.90 99999.90 99999.90 99999.90 99999.90 99999.90 99999.90 99999.90 99999.90 99999.90 99999.90 99999.90 99999.90 99999.90 99999.90 99999.90 99999.90 99999.90
