main/data/irradiance/28.09.2023.grid
ncols 839
nrows 679
xllcenter 112.0500
yllcenter -43.9500
cellsize 0.0500
nodata_value 99999.90
[rows 340 to 373 of 679, columns 385 to 461 of 839]
23.59 23.74 23.83 23.78 23.76 23.78 23.70 23.64 23.66 23.70 23.71 23.72 23.66 23.68 23.68 23.77 23.75 23.70 23.65 23.65 23.57 23.56 23.45 23.59 23.66 23.57 23.61 23.61 23.63 23.60 23.66 23.73 23.69 23.70 23.69 23.75 23.74 23.72 23.73 23.70 23.76 23.80 23.76 23.82 23.86 23.87 23.84 23.86 23.85 23.98 23.80 23.86 23.95 23.90 23.84 23.81 23.77 23.84 23.84 23.75 23.74 23.70 23.65 23.67 23.70 23.74 23.76 23.71 23.71 23.61 23.58 23.57 23.72 23.75 23.80 23.81 23.79
23.70 23.72 23.71 23.69 23.66 23.65 23.66 23.67 23.65 23.72 23.74 23.68 23.66 23.64 23.68 23.73 23.71 23.64 23.47 23.30 23.62 23.51 23.50 23.45 23.47 23.56 23.61 23.62 23.57 23.58 23.63 23.65 23.67 23.69 23.71 23.74 23.71 23.67 23.68 23.72 23.76 23.76 23.82 23.80 23.74 23.83 23.82 23.88 23.89 23.82 23.72 23.69 23.66 23.81 23.86 23.83 23.85 23.80 23.82 23.82 23.62 23.64 23.56 23.62 23.65 23.68 23.70 23.57 23.62 23.58 23.58 23.58 23.65 23.70 23.75 23.80 23.77
23.70 23.70 23.63 23.59 23.61 23.58 23.56 23.68 23.72 23.72 23.69 23.71 23.59 23.55 23.70 23.67 23.63 23.54 23.52 23.49 23.46 23.49 23.64 23.66 23.43 23.40 23.51 23.43 23.52 23.64 23.67 23.67 23.64 23.65 23.71 23.68 23.80 23.69 23.65 23.67 23.73 23.74 23.86 23.84 23.76 23.76 23.84 23.97 23.97 23.84 23.90 23.74 23.79 23.82 23.82 23.89 23.91 23.86 23.82 23.79 23.70 23.72 23.70 23.56 23.67 23.63 23.65 23.60 23.50 23.48 23.45 23.57 23.64 23.69 23.82 23.84 23.86
23.65 23.54 23.49 23.50 23.59 23.60 23.60 23.74 23.63 23.61 23.61 23.62 23.54 23.52 23.64 23.63 23.60 23.59 23.53 23.52 23.53 23.42 23.48 23.54 23.42 23.34 23.30 23.41 23.50 23.59 23.63 23.69 23.70 23.70 23.73 23.72 23.71 23.72 23.67 23.66 23.69 23.73 23.73 23.80 23.87 23.88 23.93 24.00 23.95 23.96 23.93 23.85 23.87 23.91 23.89 23.84 23.82 23.84 23.85 23.81 23.75 23.77 23.72 23.85 23.85 23.84 23.90 23.83 23.86 23.76 23.63 23.67 23.66 23.69 23.69 23.80 23.85
23.75 23.68 23.61 23.60 23.62 23.67 23.73 23.75 23.65 23.59 23.56 23.53 23.54 23.55 23.60 23.63 23.62 23.58 23.56 23.58 23.60 23.53 23.52 23.50 23.50 23.46 23.41 23.39 23.45 23.48 23.56 23.66 23.75 23.74 23.75 23.75 23.74 23.71 23.70 23.71 23.69 23.69 23.70 23.76 23.84 23.83 23.90 23.95 23.99 23.91 23.81 23.78 23.75 23.90 23.78 23.78 23.79 23.77 23.77 23.81 23.71 23.71 23.73 23.74 23.75 23.85 23.84 23.82 23.85 23.88 23.80 23.79 23.69 23.39 23.39 23.76 23.79
23.76 23.69 23.65 23.54 23.51 23.58 23.60 23.64 23.63 23.57 23.55 23.54 23.55 23.57 23.58 23.57 23.64 23.63 23.61 23.60 23.61 23.62 23.59 23.58 23.55 23.42 23.38 23.46 23.45 23.48 23.52 23.63 23.69 23.76 23.69 23.68 23.68 23.66 23.70 23.79 23.63 23.65 23.63 23.67 23.75 23.76 23.87 24.00 24.03 23.92 23.68 23.75 23.88 23.79 23.70 23.73 23.79 23.79 23.77 23.82 23.75 23.77 23.79 23.82 23.76 23.86 23.85 23.87 23.86 23.88 23.95 23.99 23.87 23.84 23.79 23.86 23.80
23.65 23.66 23.57 23.50 23.52 23.51 23.51 23.52 23.54 23.59 23.55 23.57 23.58 23.58 23.61 23.61 23.61 23.61 23.61 23.63 23.64 23.65 23.63 23.60 23.60 23.54 23.36 23.40 23.48 23.40 23.48 23.53 23.58 23.66 23.68 23.70 23.69 23.70 23.74 23.73 23.77 23.66 23.64 23.62 23.66 23.81 23.93 23.98 24.07 23.89 23.91 23.92 23.80 23.63 23.72 23.72 23.81 23.90 23.96 23.93 23.90 23.94 24.01 24.00 23.87 24.00 23.89 23.87 24.00 24.05 23.95 23.91 23.94 23.93 23.97 23.86 23.95
23.52 23.56 23.57 23.53 23.53 23.49 23.51 23.54 23.55 23.57 23.48 23.53 23.56 23.58 23.59 23.59 23.61 23.58 23.60 23.60 23.59 23.60 23.62 23.64 23.64 23.55 23.53 23.45 23.47 23.44 23.41 23.44 23.51 23.56 23.70 23.67 23.74 23.79 23.73 23.74 23.70 23.65 23.68 23.66 23.62 23.63 23.67 23.81 23.95 24.07 24.03 23.85 23.91 23.82 23.79 23.73 23.84 23.87 23.79 23.89 24.04 23.97 23.98 23.98 23.92 23.89 23.89 24.04 23.95 24.02 24.01 23.93 23.93 23.95 23.98 23.93 23.93
23.48 23.46 23.42 23.46 23.50 23.47 23.48 23.51 23.54 23.57 23.52 23.53 23.55 23.56 23.56 23.57 23.57 23.55 23.52 23.51 23.57 23.58 23.58 23.62 23.62 23.63 23.64 23.55 23.55 23.56 23.53 23.51 23.55 23.57 23.68 23.60 23.65 23.76 23.85 23.84 23.76 23.76 23.80 23.81 23.70 23.63 23.69 23.74 23.78 23.75 23.79 23.82 23.89 23.83 23.80 23.81 23.82 23.90 23.88 23.77 23.82 23.89 23.86 23.75 23.89 24.03 23.95 24.00 24.05 23.92 23.86 23.91 23.92 23.92 24.01 24.00 23.96
23.55 23.49 23.44 23.44 23.49 23.46 23.46 23.49 23.55 23.51 23.54 23.55 23.48 23.47 23.50 23.50 23.46 23.40 23.40 23.46 23.51 23.56 23.58 23.60 23.62 23.64 23.68 23.71 23.62 23.64 23.54 23.49 23.65 23.61 23.70 23.68 23.57 23.63 23.74 23.74 23.77 23.75 23.73 23.72 23.72 23.61 23.66 23.71 23.72 23.72 23.86 23.80 23.85 23.81 23.82 23.73 23.72 23.82 23.84 23.84 23.96 23.97 23.94 23.90 23.91 23.98 23.98 23.99 23.94 23.92 23.93 23.94 24.03 24.05 24.12 24.10 23.94
23.65 23.58 23.58 23.53 23.55 23.50 23.48 23.47 23.49 23.50 23.51 23.51 23.51 23.57 23.57 23.49 23.46 23.47 23.43 23.45 23.46 23.47 23.52 23.60 23.60 23.61 23.68 23.67 23.60 23.63 23.65 23.52 23.60 23.72 23.69 23.66 23.62 23.63 23.65 23.68 23.74 23.79 23.77 23.72 23.68 23.64 23.64 23.66 23.68 23.73 23.80 23.76 23.86 23.99 23.91 23.78 23.66 23.76 23.83 23.80 23.80 23.93 24.02 24.09 24.07 23.94 23.94 23.95 23.97 24.02 23.97 23.98 24.05 24.09 23.90 23.88 24.02
23.65 23.67 23.66 23.62 23.57 23.51 23.53 23.50 23.47 23.49 23.48 23.46 23.46 23.53 23.54 23.53 23.51 23.52 23.54 23.52 23.52 23.43 23.61 23.63 23.58 23.61 23.62 23.58 23.58 23.61 23.65 23.52 23.59 23.73 23.70 23.64 23.65 23.70 23.66 23.63 23.67 23.71 23.70 23.74 23.66 23.63 23.62 23.60 23.63 23.67 23.77 23.83 23.84 23.85 23.79 23.69 23.67 23.71 23.75 23.82 23.79 23.86 24.05 24.13 24.05 24.03 23.94 23.99 24.01 23.99 24.00 23.92 23.89 23.84 23.98 24.01 24.00
23.62 23.60 23.61 23.57 23.60 23.57 23.58 23.55 23.52 23.51 23.52 23.57 23.60 23.63 23.63 23.64 23.61 23.56 23.60 23.61 23.52 23.53 23.55 23.56 23.61 23.61 23.59 23.54 23.62 23.68 23.59 23.67 23.62 23.52 23.51 23.57 23.61 23.65 23.63 23.63 23.65 23.63 23.63 23.61 23.65 23.61 23.60 23.57 23.62 23.67 23.77 23.84 23.67 23.90 23.88 23.87 23.71 23.73 23.76 23.80 23.82 23.85 23.99 23.87 23.99 24.04 24.05 24.00 24.07 23.97 24.02 23.87 23.91 23.94 23.92 23.95 23.96
23.60 23.62 23.58 23.55 23.57 23.59 23.57 23.50 23.44 23.52 23.57 23.56 23.62 23.60 23.60 23.56 23.62 23.58 23.55 23.52 23.51 23.59 23.63 23.57 23.53 23.55 23.55 23.59 23.61 23.62 23.55 23.43 23.44 23.50 23.55 23.57 23.66 23.63 23.63 23.58 23.62 23.59 23.57 23.58 23.58 23.58 23.60 23.58 23.58 23.64 23.65 23.68 23.67 23.71 23.68 23.77 23.83 23.76 23.75 23.77 23.81 23.81 23.80 23.88 23.94 23.92 23.90 23.94 24.00 24.00 23.89 23.93 24.02 24.03 23.98 23.95 23.98
23.63 23.60 23.57 23.55 23.56 23.58 23.55 23.48 23.48 23.47 23.44 23.49 23.51 23.47 23.53 23.52 23.49 23.47 23.47 23.51 23.55 23.54 23.56 23.58 23.60 23.55 23.55 23.62 23.62 23.64 23.62 23.58 23.54 23.52 23.62 23.61 23.61 23.61 23.60 23.58 23.54 23.52 23.59 23.64 23.67 23.65 23.64 23.56 23.55 23.60 23.63 23.62 23.68 23.64 23.65 23.85 23.86 23.86 23.95 23.89 23.82 23.94 23.96 23.95 23.89 23.87 23.89 24.02 24.01 24.05 23.99 23.71 24.04 24.05 23.96 23.89 24.00
23.57 23.50 23.51 23.49 23.46 23.43 23.44 23.44 23.48 23.50 23.50 23.52 23.51 23.50 23.52 23.59 23.58 23.51 23.54 23.56 23.50 23.48 23.51 23.58 23.56 23.56 23.61 23.57 23.59 23.60 23.59 23.59 23.59 23.62 23.66 23.67 23.61 23.64 23.62 23.62 23.61 23.59 23.57 23.60 23.67 23.63 23.65 23.61 23.59 23.58 23.63 23.65 23.66 23.73 23.65 23.80 23.74 23.82 23.82 23.85 23.90 23.94 23.94 23.82 23.82 23.80 23.79 23.88 23.91 23.87 23.93 23.68 23.84 23.88 23.79 23.84 23.90
23.53 23.51 23.53 23.52 23.52 23.49 23.46 23.47 23.47 23.53 23.50 23.54 23.53 23.51 23.48 23.55 23.59 23.59 23.62 23.61 23.57 23.55 23.52 23.52 23.52 23.55 23.56 23.57 23.61 23.56 23.56 23.61 23.61 23.59 23.61 23.63 23.62 23.63 23.65 23.66 23.63 23.64 23.62 23.62 23.64 23.65 23.68 23.66 23.63 23.61 23.60 23.61 23.58 23.61 23.66 23.68 23.73 23.73 23.80 23.85 24.00 23.99 23.93 23.88 23.86 23.85 23.82 23.81 23.82 23.97 23.91 24.01 24.06 23.91 23.85 23.86 23.80
23.53 23.51 23.57 23.54 23.57 23.61 23.62 23.57 23.52 23.52 23.54 23.59 23.57 23.55 23.53 23.52 23.49 23.55 23.55 23.58 23.54 23.51 23.57 23.52 23.51 23.53 23.60 23.60 23.61 23.58 23.60 23.61 23.55 23.56 23.62 23.62 23.61 23.63 23.63 23.65 23.64 23.66 23.69 23.71 23.67 23.65 23.69 23.70 23.67 23.66 23.64 23.65 23.62 23.61 23.68 23.72 23.68 23.76 23.76 23.83 23.91 23.97 23.92 23.88 23.80 23.84 23.81 23.83 23.87 24.02 23.94 23.89 23.91 23.91 23.94 23.84 23.83
23.50 23.49 23.50 23.55 23.54 23.54 23.56 23.54 23.54 23.55 23.52 23.51 23.51 23.53 23.52 23.53 23.49 23.48 23.52 23.55 23.61 23.51 23.50 23.61 23.60 23.61 23.56 23.59 23.58 23.52 23.52 23.50 23.50 23.52 23.54 23.57 23.56 23.60 23.62 23.66 23.61 23.63 23.66 23.66 23.67 23.67 23.67 23.67 23.65 23.60 23.64 23.64 23.60 23.61 23.68 23.66 23.70 23.73 23.76 23.80 23.87 23.97 24.01 24.03 23.89 23.87 23.85 23.87 23.85 23.84 23.95 23.73 23.81 23.84 23.84 23.84 23.82
23.52 23.51 23.51 23.54 23.50 23.54 23.52 23.51 23.52 23.55 23.51 23.56 23.56 23.52 23.51 23.51 23.52 23.46 23.43 23.47 23.44 23.46 23.52 23.51 23.56 23.58 23.59 23.59 23.55 23.54 23.53 23.48 23.43 23.42 23.44 23.48 23.55 23.57 23.60 23.65 23.59 23.61 23.65 23.64 23.66 23.64 23.62 23.66 23.67 23.65 23.61 23.63 23.61 23.58 23.64 23.67 23.64 23.76 23.80 23.93 23.93 24.01 23.97 23.92 23.87 23.85 23.87 23.78 23.78 23.78 23.86 23.81 23.66 23.66 23.76 23.83 23.76
23.56 23.54 23.53 23.52 23.55 23.60 23.55 23.49 23.50 23.51 23.50 23.53 23.51 23.54 23.54 23.55 23.54 23.51 23.46 23.44 23.45 23.50 23.55 23.50 23.52 23.50 23.48 23.53 23.54 23.53 23.51 23.53 23.47 23.47 23.47 23.45 23.45 23.51 23.62 23.66 23.61 23.60 23.63 23.63 23.62 23.61 23.63 23.65 23.69 23.67 23.64 23.63 23.60 23.59 23.61 23.67 23.54 23.61 23.81 23.94 24.01 24.03 23.95 23.85 23.89 23.71 23.78 23.80 23.77 23.70 23.81 23.84 23.82 23.74 23.65 23.67 23.73
23.56 23.55 23.53 23.56 23.58 23.59 23.54 23.52 23.48 23.48 23.51 23.53 23.51 23.51 23.50 23.49 23.53 23.52 23.48 23.52 23.53 23.55 23.55 23.53 23.51 23.54 23.53 23.56 23.52 23.50 23.52 23.59 23.58 23.52 23.46 23.43 23.48 23.49 23.52 23.64 23.68 23.62 23.61 23.64 23.63 23.64 23.68 23.67 23.69 23.64 23.64 23.64 23.61 23.58 23.65 23.70 23.63 23.50 23.50 23.91 23.84 23.92 23.94 23.82 23.72 23.72 23.76 23.75 23.75 23.75 23.80 23.83 23.85 23.87 23.83 23.71 23.78
23.52 23.50 23.51 23.51 23.54 23.55 23.53 23.53 23.55 23.49 23.49 23.49 23.50 23.51 23.47 23.48 23.46 23.47 23.51 23.54 23.50 23.46 23.50 23.53 23.54 23.52 23.54 23.53 23.49 23.49 23.49 23.48 23.48 23.49 23.49 23.46 23.44 23.48 23.52 23.55 23.59 23.56 23.61 23.61 23.62 23.62 23.61 23.63 23.64 23.64 23.64 23.59 23.61 23.61 23.55 23.63 23.68 23.75 23.56 23.77 23.82 23.97 24.03 23.97 23.83 23.78 23.70 23.74 23.72 23.76 23.73 23.77 23.79 23.79 23.79 23.80 23.73
23.54 23.46 23.46 23.48 23.53 23.51 23.49 23.51 23.49 23.54 23.52 23.52 23.50 23.49 23.46 23.45 23.45 23.51 23.49 23.51 23.55 23.52 23.51 23.52 23.53 23.54 23.53 23.52 23.52 23.52 23.51 23.50 23.50 23.55 23.61 23.53 23.43 23.40 23.48 23.55 23.56 23.55 23.59 23.62 23.63 23.63 23.62 23.64 23.62 23.62 23.64 23.62 23.61 23.64 23.64 23.61 23.63 23.67 23.67 23.71 23.72 23.94 24.09 23.93 23.86 23.80 23.83 23.74 23.65 23.74 23.66 23.67 23.76 23.77 23.71 23.72 23.74
23.49 23.52 23.46 23.51 23.50 23.49 23.45 23.51 23.49 23.50 23.52 23.52 23.46 23.46 23.45 23.44 23.45 23.48 23.46 23.46 23.51 23.54 23.56 23.54 23.55 23.51 23.53 23.54 23.55 23.56 23.51 23.51 23.51 23.54 23.57 23.52 23.47 23.37 23.51 23.57 23.54 23.56 23.55 23.58 23.60 23.62 23.60 23.58 23.57 23.58 23.56 23.58 23.60 23.64 23.65 23.63 23.56 23.59 23.72 23.75 23.82 23.89 24.07 23.90 23.88 23.65 23.69 23.74 23.51 23.62 23.67 23.65 23.68 23.73 23.70 23.70 23.73
23.48 23.48 23.46 23.46 23.48 23.48 23.46 23.45 23.48 23.47 23.50 23.49 23.46 23.45 23.41 23.44 23.47 23.49 23.50 23.46 23.48 23.52 23.53 23.49 23.52 23.54 23.52 23.52 23.55 23.57 23.56 23.55 23.54 23.51 23.50 23.50 23.48 23.42 23.41 23.59 23.62 23.59 23.57 23.59 23.58 23.61 23.60 23.59 23.60 23.58 23.59 23.59 23.58 23.58 23.60 23.55 23.60 23.60 23.64 23.68 23.78 23.78 23.88 24.09 23.85 23.74 23.78 23.74 23.59 23.53 23.59 23.58 23.54 23.65 23.71 23.70 23.71
23.46 23.48 23.45 23.44 23.44 23.41 23.46 23.46 23.45 23.48 23.49 23.45 23.40 23.45 23.44 23.45 23.45 23.47 23.49 23.49 23.51 23.49 23.51 23.53 23.55 23.59 23.59 23.59 23.59 23.59 23.59 23.55 23.55 23.50 23.50 23.47 23.48 23.49 23.40 23.39 23.48 23.52 23.53 23.53 23.50 23.50 23.56 23.59 23.60 23.59 23.60 23.59 23.58 23.54 23.51 23.54 23.59 23.64 23.65 23.70 23.71 23.70 23.84 24.02 23.89 23.77 23.74 23.78 23.58 23.47 23.58 23.54 23.57 23.44 23.55 23.52 23.55
23.45 23.48 23.46 23.48 23.46 23.41 23.44 23.46 23.45 23.45 23.47 23.42 23.46 23.47 23.43 23.40 23.37 23.37 23.43 23.46 23.54 23.60 23.58 23.54 23.58 23.57 23.59 23.56 23.57 23.61 23.60 23.53 23.51 23.48 23.45 23.47 23.41 23.44 23.45 23.45 23.43 23.45 23.55 23.55 23.55 23.51 23.53 23.55 23.57 23.59 23.60 23.62 23.62 23.61 23.57 23.53 23.57 23.64 23.66 23.71 23.75 23.76 23.79 23.94 23.80 23.57 23.66 23.77 23.67 23.54 23.57 23.61 23.52 23.60 23.63 23.67 23.65
23.45 23.45 23.49 23.48 23.45 23.43 23.44 23.44 23.48 23.48 23.41 23.40 23.43 23.42 23.42 23.41 23.38 23.40 23.41 23.52 23.50 23.53 23.53 23.54 23.50 23.49 23.51 23.51 23.52 23.55 23.52 23.52 23.48 23.49 23.46 23.47 23.48 23.47 23.47 23.47 23.46 23.49 23.52 23.53 23.56 23.52 23.49 23.53 23.55 23.60 23.60 23.61 23.61 23.60 23.57 23.60 23.64 23.59 23.75 23.70 23.69 23.75 23.76 23.73 23.61 23.73 23.67 23.58 23.64 23.55 23.52 23.55 23.61 23.60 23.61 23.60 23.60
23.46 23.46 23.42 23.44 23.48 23.45 23.45 23.44 23.44 23.39 23.41 23.41 23.40 23.41 23.44 23.43 23.46 23.60 23.46 23.47 23.43 23.44 23.45 23.43 23.46 23.45 23.47 23.47 23.48 23.48 23.50 23.49 23.47 23.46 23.46 23.50 23.48 23.47 23.45 23.45 23.42 23.47 23.48 23.48 23.47 23.46 23.47 23.50 23.50 23.54 23.57 23.54 23.54 23.54 23.56 23.57 23.68 23.54 23.64 23.69 23.69 23.79 23.86 23.92 23.78 23.83 23.68 23.48 23.52 23.55 23.56 23.50 23.52 23.52 23.58 23.60 23.64
23.45 23.47 23.46 23.47 23.43 23.45 23.47 23.44 23.42 23.42 23.44 23.42 23.47 23.46 23.44 23.47 23.31 23.44 23.41 23.44 23.42 23.41 23.41 23.37 23.39 23.42 23.43 23.44 23.47 23.47 23.49 23.50 23.50 23.50 23.48 23.48 23.51 23.50 23.46 23.47 23.44 23.39 23.43 23.45 23.45 23.47 23.49 23.52 23.54 23.53 23.57 23.58 23.58 23.59 23.55 23.57 23.61 23.64 23.55 23.62 23.74 23.78 23.73 23.81 23.93 23.72 23.61 23.55 23.55 23.51 23.52 23.58 23.58 23.55 23.55 23.55 23.61
23.46 23.43 23.42 23.43 23.34 23.41 23.41 23.46 23.44 23.45 23.45 23.42 23.42 23.44 23.48 23.44 23.44 23.44 23.39 23.40 23.39 23.40 23.34 23.35 23.35 23.36 23.40 23.41 23.43 23.46 23.45 23.48 23.48 23.49 23.50 23.52 23.49 23.48 23.48 23.45 23.43 23.38 23.43 23.42 23.42 23.47 23.47 23.46 23.49 23.54 23.54 23.50 23.55 23.58 23.56 23.58 23.64 23.62 23.61 23.62 23.58 23.65 23.70 23.77 23.83 23.55 23.52 23.49 23.37 23.42 23.46 23.49 23.47 23.49 23.55 23.58 23.59
23.45 23.42 23.39 23.39 23.38 23.39 23.39 23.42 23.44 23.44 23.49 23.46 23.45 23.44 23.42 23.44 23.43 23.43 23.41 23.39 23.33 23.35 23.31 23.31 23.33 23.38 23.35 23.36 23.41 23.44 23.45 23.43 23.44 23.45 23.49 23.49 23.51 23.50 23.47 23.45 23.42 23.45 23.44 23.43 23.42 23.46 23.44 23.46 23.48 23.55 23.55 23.59 23.56 23.59 23.62 23.62 23.55 23.69 23.72 23.60 23.63 23.65 23.71 23.71 23.73 23.48 23.45 23.30 23.23 23.33 23.32 23.56 23.82 23.72 23.71 23.59 23.56
23.47 23.48 23.45 23.41 23.40 23.41 23.40 23.39 23.45 23.46 23.43 23.46 23.47 23.50 23.43 23.40 23.37 23.39 23.37 23.38 23.37 23.35 23.28 23.29 23.35 23.36 23.39 23.41 23.37 23.41 23.42 23.42 23.40 23.40 23.43 23.41 23.44 23.49 23.50 23.48 23.50 23.48 23.37 23.44 23.47 23.47 23.44 23.43 23.49 23.52 23.56 23.55 23.58 23.53 23.58 23.59 23.51 23.57 23.61 23.53 23.54 23.60 23.60 23.56 23.69 23.37 23.22 23.20 23.13 23.19 23.37 23.50 23.66 23.75 23.81 23.71 23.65
