main/data/irradiance/28.10.2023.grid
ncols 839
nrows 679
xllcenter 112.0500
yllcenter -43.9500
cellsize 0.0500
nodata_value 99999.90
[rows 204 to 237 of 679, columns 154 to 230 of 839]
28.65 28.66 28.64 28.63 28.64 28.66 28.65 28.64 28.64 28.66 28.65 28.59 28.61 28.58 28.62 28.61 28.61 28.61 28.61 28.62 28.62 28.60 28.60 28.58 28.56 28.56 28.58 28.61 28.63 28.65 28.64 28.63 28.60 28.65 28.63 28.64 28.64 28.60 28.62 28.64 28.65 28.65 28.63 28.59 28.61 28.63 28.62 28.64 28.62 28.56 28.61 28.63 28.60 28.57 28.57 28.59 28.61 28.60 28.55 28.55 28.55 28.49 28.50 28.51 28.59 28.64 28.64 28.72 28.62 28.57 28.68 28.74 28.73 28.50 28.28 28.44 28.69
28.64 28.68 28.68 28.65 28.63 28.64 28.64 28.64 28.62 28.66 28.63 28.60 28.60 28.61 28.61 28.62 28.61 28.60 28.62 28.63 28.62 28.62 28.60 28.61 28.58 28.57 28.59 28.62 28.64 28.64 28.66 28.63 28.65 28.64 28.65 28.62 28.70 28.64 28.58 28.61 28.62 28.64 28.64 28.64 28.64 28.63 28.62 28.61 28.67 28.66 28.60 28.64 28.64 28.62 28.61 28.61 28.60 28.63 28.61 28.59 28.57 28.44 28.45 28.34 28.53 28.56 28.58 28.70 28.64 28.56 28.65 28.71 28.73 28.62 28.50 28.54 28.63
28.64 28.68 28.67 28.64 28.59 28.61 28.63 28.58 28.55 28.65 28.64 28.63 28.62 28.61 28.62 28.62 28.62 28.60 28.63 28.63 28.60 28.60 28.61 28.62 28.63 28.60 28.61 28.64 28.63 28.63 28.65 28.63 28.64 28.61 28.61 28.64 28.72 28.71 28.68 28.64 28.62 28.69 28.72 28.67 28.68 28.65 28.63 28.64 28.66 28.66 28.65 28.65 28.68 28.65 28.61 28.59 28.60 28.68 28.66 28.67 28.62 28.46 28.46 28.38 28.41 28.58 28.49 28.67 28.68 28.62 28.54 28.63 28.66 28.62 28.64 28.62 28.66
28.67 28.68 28.68 28.67 28.64 28.59 28.58 28.56 28.61 28.61 28.62 28.63 28.60 28.62 28.61 28.61 28.61 28.63 28.62 28.59 28.58 28.58 28.60 28.63 28.64 28.62 28.63 28.66 28.60 28.61 28.66 28.65 28.61 28.60 28.59 28.64 28.68 28.67 28.62 28.67 28.67 28.70 28.70 28.66 28.68 28.66 28.62 28.62 28.59 28.60 28.61 28.61 28.62 28.68 28.65 28.62 28.70 28.75 28.71 28.63 28.62 28.51 28.49 28.52 28.38 28.52 28.56 28.60 28.67 28.60 28.46 28.50 28.66 28.72 28.73 28.69 28.65
28.62 28.64 28.64 28.71 28.70 28.59 28.58 28.61 28.62 28.61 28.63 28.64 28.61 28.60 28.61 28.60 28.61 28.58 28.60 28.59 28.54 28.56 28.56 28.60 28.62 28.61 28.63 28.64 28.63 28.62 28.68 28.70 28.66 28.65 28.61 28.61 28.63 28.63 28.64 28.63 28.64 28.72 28.73 28.71 28.73 28.66 28.63 28.63 28.59 28.60 28.56 28.51 28.52 28.53 28.70 28.71 28.71 28.74 28.72 28.60 28.54 28.60 28.43 28.53 28.47 28.52 28.51 28.55 28.66 28.60 28.51 28.49 28.60 28.72 28.75 28.76 28.73
28.60 28.60 28.61 28.65 28.62 28.64 28.61 28.58 28.60 28.63 28.61 28.64 28.64 28.62 28.62 28.63 28.62 28.58 28.58 28.60 28.58 28.55 28.58 28.60 28.62 28.51 28.56 28.61 28.61 28.62 28.61 28.67 28.67 28.64 28.61 28.63 28.63 28.64 28.66 28.68 28.70 28.67 28.72 28.73 28.73 28.67 28.61 28.61 28.57 28.55 28.59 28.46 28.44 28.40 28.63 28.67 28.67 28.65 28.67 28.56 28.41 28.37 28.53 28.53 28.49 28.49 28.50 28.50 28.46 28.56 28.55 28.53 28.56 28.67 28.72 28.74 28.67
28.64 28.64 28.62 28.59 28.63 28.61 28.60 28.62 28.61 28.59 28.60 28.61 28.64 28.64 28.62 28.63 28.63 28.65 28.64 28.64 28.63 28.63 28.63 28.64 28.64 28.48 28.60 28.60 28.62 28.64 28.62 28.63 28.63 28.58 28.62 28.62 28.65 28.69 28.67 28.70 28.73 28.75 28.73 28.71 28.68 28.72 28.67 28.60 28.55 28.58 28.60 28.54 28.42 28.53 28.59 28.59 28.65 28.63 28.53 28.43 28.26 28.41 28.46 28.44 28.52 28.47 28.47 28.45 28.41 28.45 28.62 28.62 28.59 28.59 28.63 28.70 28.62
28.65 28.63 28.63 28.65 28.64 28.64 28.64 28.61 28.61 28.61 28.60 28.55 28.58 28.62 28.63 28.63 28.64 28.63 28.62 28.63 28.63 28.65 28.63 28.64 28.65 28.61 28.61 28.63 28.63 28.60 28.63 28.63 28.62 28.62 28.62 28.62 28.65 28.65 28.66 28.69 28.68 28.68 28.71 28.68 28.69 28.73 28.71 28.65 28.67 28.70 28.67 28.63 28.53 28.58 28.56 28.57 28.54 28.51 28.52 28.51 28.41 28.42 28.41 28.39 28.44 28.44 28.39 28.39 28.24 28.43 28.60 28.60 28.51 28.49 28.54 28.51 28.52
28.68 28.66 28.65 28.64 28.63 28.65 28.65 28.63 28.62 28.61 28.57 28.55 28.62 28.63 28.66 28.65 28.63 28.60 28.61 28.62 28.64 28.65 28.65 28.65 28.63 28.64 28.65 28.61 28.62 28.61 28.59 28.59 28.60 28.60 28.62 28.62 28.65 28.60 28.62 28.67 28.66 28.67 28.73 28.73 28.65 28.61 28.61 28.64 28.65 28.64 28.68 28.74 28.75 28.71 28.67 28.68 28.66 28.49 28.52 28.51 28.45 28.39 28.42 28.43 28.41 28.42 28.38 28.33 28.24 28.25 28.52 28.46 28.46 28.50 28.54 28.54 28.51
28.65 28.63 28.64 28.64 28.62 28.61 28.61 28.66 28.65 28.63 28.59 28.57 28.62 28.62 28.62 28.65 28.64 28.63 28.65 28.62 28.62 28.65 28.66 28.64 28.64 28.65 28.64 28.64 28.63 28.64 28.60 28.58 28.58 28.59 28.63 28.66 28.67 28.68 28.66 28.65 28.67 28.67 28.66 28.67 28.64 28.56 28.54 28.63 28.68 28.69 28.71 28.75 28.75 28.73 28.71 28.72 28.70 28.63 28.56 28.55 28.54 28.52 28.51 28.53 28.50 28.43 28.38 28.36 28.43 28.49 28.55 28.41 28.38 28.41 28.45 28.48 28.54
28.64 28.63 28.67 28.66 28.64 28.61 28.65 28.66 28.66 28.53 28.60 28.64 28.65 28.61 28.61 28.65 28.63 28.63 28.64 28.63 28.64 28.64 28.63 28.66 28.66 28.65 28.61 28.61 28.64 28.66 28.66 28.64 28.61 28.63 28.59 28.62 28.65 28.68 28.67 28.63 28.68 28.72 28.68 28.64 28.67 28.66 28.57 28.57 28.64 28.68 28.69 28.67 28.71 28.72 28.70 28.70 28.74 28.74 28.72 28.69 28.56 28.53 28.50 28.51 28.49 28.47 28.47 28.50 28.51 28.42 28.49 28.33 28.14 28.22 28.43 28.47 28.56
28.62 28.63 28.67 28.65 28.68 28.68 28.67 28.67 28.66 28.57 28.54 28.61 28.65 28.63 28.64 28.67 28.64 28.64 28.64 28.67 28.64 28.64 28.63 28.65 28.65 28.66 28.64 28.63 28.67 28.67 28.66 28.66 28.64 28.62 28.62 28.62 28.64 28.64 28.67 28.67 28.68 28.70 28.66 28.67 28.68 28.58 28.62 28.69 28.67 28.65 28.68 28.68 28.67 28.69 28.69 28.64 28.68 28.72 28.72 28.64 28.56 28.57 28.54 28.49 28.60 28.59 28.56 28.39 28.36 28.38 28.46 28.26 28.19 28.33 28.46 28.50 28.53
28.60 28.64 28.67 28.64 28.69 28.71 28.69 28.67 28.61 28.60 28.51 28.57 28.62 28.63 28.68 28.66 28.67 28.64 28.63 28.64 28.69 28.68 28.62 28.68 28.64 28.67 28.65 28.65 28.64 28.62 28.62 28.62 28.65 28.63 28.66 28.66 28.66 28.65 28.60 28.58 28.66 28.68 28.68 28.69 28.67 28.66 28.60 28.64 28.68 28.69 28.68 28.69 28.67 28.64 28.64 28.63 28.62 28.65 28.67 28.66 28.64 28.64 28.62 28.58 28.58 28.56 28.51 28.38 28.33 28.32 28.28 28.36 28.23 28.42 28.54 28.49 28.48
28.62 28.62 28.64 28.66 28.68 28.65 28.62 28.61 28.56 28.59 28.60 28.53 28.55 28.58 28.66 28.66 28.68 28.66 28.62 28.65 28.66 28.62 28.64 28.65 28.65 28.63 28.66 28.65 28.64 28.59 28.58 28.62 28.64 28.62 28.63 28.67 28.68 28.65 28.65 28.66 28.68 28.69 28.69 28.67 28.66 28.65 28.65 28.68 28.70 28.69 28.69 28.73 28.68 28.66 28.66 28.65 28.67 28.65 28.66 28.68 28.64 28.67 28.65 28.59 28.57 28.56 28.50 28.50 28.43 28.35 28.36 28.44 28.50 28.48 28.45 28.47 28.51
28.60 28.57 28.57 28.58 28.58 28.58 28.61 28.65 28.62 28.56 28.59 28.52 28.52 28.51 28.57 28.61 28.59 28.58 28.58 28.65 28.64 28.63 28.63 28.62 28.65 28.63 28.64 28.68 28.66 28.61 28.60 28.61 28.63 28.59 28.62 28.65 28.65 28.64 28.65 28.67 28.68 28.68 28.66 28.66 28.66 28.65 28.67 28.67 28.69 28.71 28.71 28.72 28.65 28.66 28.67 28.71 28.68 28.66 28.66 28.63 28.70 28.64 28.57 28.52 28.47 28.47 28.46 28.45 28.48 28.42 28.46 28.56 28.61 28.63 28.55 28.54 28.61
28.53 28.44 28.52 28.58 28.62 28.61 28.65 28.67 28.67 28.62 28.61 28.51 28.52 28.50 28.53 28.54 28.56 28.56 28.57 28.62 28.66 28.67 28.67 28.62 28.63 28.59 28.61 28.64 28.67 28.65 28.62 28.60 28.61 28.64 28.66 28.66 28.65 28.63 28.64 28.64 28.65 28.67 28.67 28.65 28.63 28.66 28.68 28.67 28.68 28.71 28.71 28.70 28.71 28.69 28.71 28.72 28.70 28.66 28.61 28.61 28.67 28.63 28.55 28.54 28.52 28.42 28.38 28.42 28.50 28.57 28.51 28.43 28.53 28.59 28.63 28.63 28.66
28.44 28.46 28.59 28.61 28.60 28.64 28.65 28.64 28.65 28.65 28.64 28.56 28.52 28.52 28.53 28.53 28.55 28.58 28.57 28.60 28.62 28.66 28.66 28.65 28.61 28.58 28.59 28.62 28.64 28.66 28.62 28.54 28.60 28.62 28.64 28.62 28.64 28.63 28.65 28.66 28.63 28.65 28.65 28.63 28.64 28.67 28.65 28.67 28.69 28.69 28.67 28.70 28.71 28.73 28.73 28.72 28.69 28.67 28.65 28.62 28.63 28.60 28.54 28.52 28.54 28.45 28.36 28.38 28.47 28.53 28.54 28.56 28.56 28.51 28.49 28.47 28.53
28.50 28.53 28.66 28.65 28.65 28.64 28.67 28.66 28.66 28.65 28.66 28.61 28.60 28.55 28.54 28.54 28.54 28.57 28.57 28.58 28.58 28.63 28.63 28.63 28.60 28.60 28.58 28.60 28.64 28.64 28.60 28.47 28.62 28.63 28.60 28.62 28.67 28.65 28.65 28.64 28.57 28.63 28.62 28.62 28.64 28.66 28.67 28.67 28.67 28.65 28.65 28.68 28.62 28.65 28.68 28.71 28.70 28.69 28.69 28.62 28.61 28.62 28.59 28.55 28.50 28.37 28.27 28.39 28.49 28.49 28.51 28.55 28.56 28.55 28.43 28.44 28.49
28.51 28.63 28.66 28.67 28.60 28.60 28.66 28.66 28.68 28.66 28.63 28.64 28.70 28.51 28.54 28.55 28.53 28.54 28.56 28.55 28.54 28.56 28.57 28.61 28.64 28.59 28.59 28.59 28.61 28.61 28.60 28.54 28.59 28.65 28.60 28.59 28.61 28.67 28.66 28.68 28.70 28.68 28.65 28.69 28.66 28.65 28.67 28.68 28.70 28.66 28.61 28.65 28.65 28.63 28.68 28.71 28.71 28.70 28.69 28.66 28.62 28.61 28.65 28.63 28.51 28.43 28.26 28.27 28.46 28.52 28.50 28.50 28.51 28.48 28.51 28.53 28.50
28.51 28.64 28.64 28.65 28.63 28.61 28.65 28.68 28.69 28.70 28.66 28.66 28.63 28.52 28.53 28.56 28.55 28.52 28.51 28.56 28.55 28.55 28.57 28.58 28.61 28.61 28.59 28.57 28.60 28.59 28.51 28.49 28.34 28.60 28.55 28.59 28.63 28.63 28.67 28.69 28.72 28.74 28.71 28.68 28.66 28.62 28.66 28.68 28.68 28.68 28.67 28.62 28.62 28.68 28.71 28.64 28.71 28.73 28.73 28.74 28.64 28.59 28.61 28.52 28.55 28.51 28.47 28.50 28.49 28.52 28.48 28.49 28.51 28.48 28.49 28.47 28.46
28.39 28.53 28.64 28.61 28.66 28.66 28.64 28.64 28.68 28.72 28.69 28.65 28.59 28.58 28.55 28.54 28.56 28.54 28.53 28.54 28.50 28.50 28.57 28.66 28.60 28.63 28.58 28.58 28.60 28.60 28.54 28.54 28.40 28.51 28.53 28.55 28.67 28.64 28.69 28.70 28.68 28.72 28.72 28.72 28.75 28.67 28.66 28.67 28.68 28.66 28.66 28.64 28.63 28.63 28.68 28.66 28.69 28.70 28.67 28.59 28.64 28.58 28.60 28.58 28.52 28.55 28.52 28.46 28.48 28.42 28.39 28.49 28.48 28.41 28.47 28.45 28.45
28.44 28.41 28.53 28.65 28.67 28.65 28.66 28.67 28.70 28.69 28.69 28.56 28.55 28.53 28.51 28.53 28.53 28.53 28.52 28.51 28.48 28.48 28.49 28.60 28.58 28.61 28.59 28.61 28.59 28.60 28.59 28.61 28.59 28.51 28.47 28.54 28.63 28.64 28.68 28.68 28.69 28.74 28.77 28.76 28.77 28.71 28.64 28.63 28.65 28.67 28.60 28.61 28.63 28.63 28.64 28.66 28.70 28.70 28.55 28.47 28.46 28.60 28.60 28.61 28.60 28.60 28.55 28.56 28.50 28.40 28.48 28.54 28.53 28.47 28.48 28.44 28.44
28.42 28.40 28.47 28.59 28.61 28.61 28.67 28.67 28.70 28.71 28.60 28.52 28.53 28.54 28.54 28.52 28.51 28.52 28.54 28.54 28.50 28.48 28.46 28.56 28.54 28.64 28.60 28.63 28.60 28.60 28.59 28.63 28.63 28.54 28.54 28.62 28.65 28.62 28.64 28.72 28.73 28.68 28.65 28.67 28.68 28.66 28.62 28.62 28.63 28.65 28.63 28.61 28.61 28.62 28.64 28.65 28.67 28.64 28.57 28.48 28.47 28.63 28.61 28.62 28.60 28.63 28.59 28.55 28.53 28.51 28.56 28.52 28.51 28.55 28.58 28.50 28.47
28.42 28.39 28.59 28.66 28.60 28.62 28.68 28.68 28.68 28.65 28.55 28.54 28.55 28.53 28.52 28.52 28.52 28.56 28.53 28.52 28.48 28.44 28.42 28.48 28.53 28.64 28.62 28.64 28.64 28.60 28.59 28.59 28.59 28.56 28.54 28.65 28.63 28.62 28.63 28.62 28.65 28.64 28.66 28.64 28.61 28.59 28.63 28.64 28.64 28.63 28.60 28.61 28.59 28.61 28.63 28.66 28.69 28.68 28.61 28.54 28.54 28.53 28.56 28.61 28.60 28.61 28.62 28.52 28.55 28.58 28.59 28.53 28.34 28.53 28.59 28.51 28.45
28.48 28.34 28.52 28.58 28.68 28.63 28.63 28.62 28.60 28.58 28.56 28.55 28.56 28.55 28.54 28.53 28.58 28.62 28.63 28.52 28.46 28.42 28.41 28.46 28.54 28.60 28.65 28.65 28.64 28.62 28.59 28.59 28.60 28.55 28.52 28.52 28.55 28.58 28.62 28.62 28.63 28.64 28.62 28.66 28.62 28.65 28.66 28.66 28.67 28.69 28.65 28.63 28.61 28.64 28.65 28.62 28.66 28.65 28.69 28.72 28.73 28.44 28.43 28.38 28.39 28.58 28.63 28.62 28.57 28.61 28.58 28.52 28.48 28.62 28.60 28.51 28.50
28.51 28.52 28.54 28.58 28.63 28.64 28.58 28.54 28.58 28.58 28.57 28.54 28.57 28.55 28.53 28.52 28.59 28.64 28.62 28.58 28.51 28.48 28.38 28.40 28.47 28.56 28.56 28.63 28.64 28.59 28.58 28.60 28.62 28.62 28.57 28.59 28.57 28.57 28.61 28.66 28.66 28.65 28.59 28.53 28.66 28.65 28.66 28.65 28.64 28.66 28.68 28.68 28.63 28.67 28.62 28.48 28.58 28.60 28.65 28.64 28.70 28.59 28.56 28.55 28.50 28.59 28.66 28.62 28.60 28.63 28.54 28.38 28.45 28.50 28.49 28.55 28.55
28.50 28.66 28.66 28.56 28.61 28.60 28.54 28.53 28.57 28.58 28.60 28.53 28.58 28.52 28.50 28.53 28.55 28.59 28.61 28.61 28.63 28.61 28.47 28.43 28.43 28.47 28.54 28.54 28.62 28.60 28.56 28.59 28.61 28.62 28.58 28.59 28.62 28.60 28.57 28.63 28.65 28.64 28.61 28.61 28.62 28.60 28.64 28.66 28.63 28.61 28.65 28.64 28.60 28.65 28.66 28.51 28.62 28.57 28.64 28.64 28.68 28.66 28.65 28.67 28.64 28.67 28.68 28.67 28.59 28.58 28.55 28.44 28.51 28.41 28.39 28.55 28.55
28.46 28.59 28.62 28.60 28.58 28.56 28.54 28.49 28.58 28.62 28.58 28.43 28.52 28.52 28.56 28.50 28.51 28.52 28.56 28.54 28.51 28.53 28.50 28.44 28.41 28.42 28.46 28.55 28.55 28.58 28.57 28.58 28.61 28.61 28.62 28.62 28.63 28.64 28.59 28.62 28.61 28.66 28.65 28.63 28.62 28.57 28.55 28.64 28.62 28.63 28.61 28.63 28.63 28.62 28.56 28.49 28.42 28.60 28.63 28.65 28.64 28.64 28.66 28.64 28.66 28.64 28.65 28.64 28.61 28.57 28.59 28.58 28.49 28.41 28.35 28.48 28.51
28.43 28.60 28.61 28.62 28.55 28.55 28.55 28.54 28.61 28.61 28.60 28.43 28.34 28.55 28.60 28.51 28.44 28.46 28.50 28.47 28.46 28.54 28.51 28.49 28.45 28.42 28.42 28.49 28.54 28.62 28.56 28.58 28.63 28.60 28.63 28.62 28.61 28.62 28.60 28.59 28.56 28.58 28.64 28.64 28.63 28.58 28.58 28.65 28.62 28.60 28.59 28.60 28.64 28.62 28.58 28.58 28.36 28.52 28.58 28.66 28.67 28.66 28.67 28.65 28.70 28.68 28.69 28.67 28.64 28.63 28.63 28.62 28.60 28.48 28.53 28.57 28.58
28.60 28.55 28.59 28.62 28.60 28.61 28.58 28.55 28.62 28.63 28.65 28.58 28.41 28.54 28.61 28.55 28.43 28.45 28.52 28.49 28.47 28.52 28.52 28.51 28.48 28.41 28.37 28.46 28.55 28.61 28.59 28.59 28.63 28.60 28.62 28.62 28.64 28.67 28.62 28.59 28.59 28.50 28.57 28.62 28.56 28.50 28.49 28.59 28.65 28.70 28.63 28.66 28.67 28.64 28.60 28.65 28.65 28.58 28.55 28.60 28.59 28.67 28.66 28.63 28.67 28.63 28.68 28.67 28.67 28.63 28.63 28.65 28.62 28.52 28.60 28.64 28.65
28.58 28.55 28.58 28.61 28.60 28.61 28.57 28.58 28.67 28.67 28.66 28.60 28.56 28.53 28.66 28.68 28.64 28.67 28.64 28.57 28.45 28.53 28.52 28.51 28.47 28.34 28.36 28.45 28.54 28.53 28.54 28.58 28.62 28.59 28.61 28.62 28.67 28.68 28.66 28.65 28.62 28.57 28.43 28.55 28.55 28.44 28.51 28.55 28.59 28.74 28.69 28.65 28.63 28.59 28.58 28.67 28.72 28.62 28.56 28.53 28.55 28.63 28.64 28.65 28.64 28.56 28.65 28.66 28.65 28.64 28.65 28.67 28.67 28.62 28.52 28.63 28.59
28.50 28.50 28.55 28.56 28.62 28.62 28.62 28.62 28.66 28.70 28.67 28.68 28.56 28.46 28.68 28.69 28.65 28.67 28.62 28.61 28.39 28.47 28.50 28.52 28.43 28.36 28.48 28.50 28.55 28.55 28.54 28.55 28.58 28.62 28.63 28.60 28.63 28.66 28.65 28.65 28.62 28.58 28.45 28.42 28.54 28.41 28.60 28.63 28.58 28.58 28.58 28.56 28.59 28.59 28.49 28.48 28.57 28.67 28.53 28.54 28.55 28.55 28.64 28.66 28.67 28.59 28.67 28.70 28.69 28.64 28.64 28.65 28.64 28.64 28.64 28.65 28.64
28.38 28.43 28.52 28.56 28.62 28.64 28.63 28.57 28.65 28.66 28.65 28.67 28.59 28.52 28.68 28.63 28.61 28.62 28.62 28.60 28.37 28.43 28.52 28.53 28.45 28.47 28.53 28.52 28.53 28.55 28.53 28.56 28.56 28.62 28.62 28.64 28.65 28.65 28.67 28.65 28.62 28.62 28.48 28.49 28.48 28.46 28.60 28.65 28.54 28.49 28.48 28.50 28.57 28.57 28.59 28.57 28.51 28.63 28.61 28.59 28.59 28.54 28.58 28.62 28.66 28.65 28.62 28.68 28.70 28.68 28.64 28.64 28.65 28.64 28.66 28.69 28.65
28.34 28.43 28.48 28.52 28.58 28.63 28.62 28.60 28.71 28.66 28.63 28.63 28.59 28.56 28.64 28.61 28.58 28.57 28.52 28.42 28.29 28.46 28.53 28.53 28.51 28.55 28.55 28.58 28.52 28.55 28.49 28.51 28.58 28.64 28.62 28.64 28.59 28.63 28.65 28.65 28.66 28.60 28.51 28.43 28.50 28.49 28.56 28.59 28.49 28.53 28.53 28.52 28.52 28.62 28.64 28.60 28.53 28.51 28.59 28.61 28.64 28.62 28.57 28.56 28.66 28.66 28.62 28.62 28.61 28.66 28.66 28.65 28.68 28.69 28.69 28.68 28.70
