main/data/irradiance/28.12.2023.grid
ncols 839
nrows 679
xllcenter 112.0500
yllcenter -43.9500
cellsize 0.0500
nodata_value 99999.90
[rows 272 to 305 of 679, columns 385 to 461 of 839]
23.97 23.59 23.06 23.17 22.82 24.21 21.92 21.19 22.84 24.14 24.21 23.75 23.14 22.93 23.40 22.91 22.83 22.77 23.27 23.36 22.58 23.10 23.83 23.71 23.24 23.99 24.49 24.90 24.80 26.12 27.16 27.48 27.86 28.44 28.24 28.09 26.24 27.24 28.01 27.76 27.21 28.76 28.86 29.33 29.22 29.94 30.01 29.95 30.12 30.22 30.34 30.44 30.63 30.38 30.22 29.99 29.82 29.80 29.85 30.79 30.88 30.92 30.78 30.93 30.92 30.77 30.87 30.85 30.79 30.77 30.84 30.61 30.72 30.85 30.79 30.87 30.60
24.16 24.40 25.40 24.22 22.86 24.42 24.41 23.47 23.31 23.62 23.22 23.37 23.15 23.26 22.97 23.32 22.48 22.19 22.19 22.17 22.21 22.59 23.31 23.32 23.31 22.81 24.37 24.51 25.16 24.98 25.69 26.08 27.21 27.86 28.66 27.80 28.19 27.37 27.75 26.11 26.32 28.03 28.55 29.23 29.24 29.23 29.34 30.05 30.79 30.15 30.70 30.76 30.50 30.35 30.04 30.25 30.13 29.85 30.53 30.65 30.80 30.88 30.90 30.95 30.95 30.94 30.92 30.87 30.85 30.87 30.87 30.59 30.58 30.86 30.91 30.92 30.85
24.09 23.99 24.47 24.95 25.73 27.81 26.92 25.93 24.97 24.23 22.84 23.18 23.15 23.44 23.47 21.58 21.83 22.40 21.96 22.57 23.52 23.87 23.86 23.67 24.76 24.62 25.39 25.12 25.13 25.17 24.86 24.85 26.51 27.24 27.86 27.36 27.60 27.89 27.80 27.26 26.70 27.94 27.79 28.20 29.04 29.29 29.83 30.37 30.42 30.77 30.58 30.76 30.81 30.49 30.71 30.79 30.65 30.29 30.46 30.69 30.68 30.44 30.53 30.80 30.95 30.90 30.90 30.84 30.85 30.89 30.66 30.76 30.75 30.91 30.96 30.94 30.93
22.70 23.40 23.25 23.37 25.30 26.25 26.51 25.87 25.35 25.42 25.42 24.13 23.69 22.60 22.46 22.61 22.82 22.81 22.68 23.35 23.77 25.26 24.88 23.64 23.78 24.69 25.11 25.09 24.91 24.99 24.49 25.34 26.22 27.69 27.98 28.69 28.51 28.43 27.37 26.50 26.56 28.25 28.59 27.39 28.59 29.22 29.67 29.12 30.25 30.26 30.21 30.43 30.43 30.29 29.83 30.64 30.71 30.31 30.46 30.76 30.60 30.87 30.74 30.83 30.81 30.79 30.66 30.84 30.90 30.89 30.64 30.62 30.87 30.91 30.91 30.94 30.93
20.50 21.69 21.87 21.97 23.52 25.89 25.13 23.73 25.27 26.42 26.52 26.13 25.15 24.54 23.80 23.59 22.25 21.82 22.96 23.38 23.79 25.13 23.88 23.91 23.95 24.64 25.06 26.39 25.60 25.71 25.09 24.53 25.39 25.70 26.81 28.20 27.97 27.93 27.65 26.96 26.21 28.29 29.23 28.42 29.80 29.47 30.09 29.59 29.74 29.62 29.63 29.69 30.09 29.86 30.28 30.74 30.75 30.74 30.80 30.55 30.54 30.28 30.42 30.59 30.60 30.83 30.78 30.88 30.90 30.67 30.65 30.83 30.85 30.93 30.95 30.95 30.90
22.02 22.74 22.62 22.88 22.70 23.72 24.43 24.90 24.66 25.51 26.83 27.64 27.10 25.41 25.45 24.14 22.23 21.70 23.85 23.43 23.93 24.68 24.13 24.25 26.02 25.57 25.66 24.96 25.45 26.14 26.12 24.80 25.55 26.25 27.23 28.37 28.58 28.53 28.61 27.69 28.62 29.18 29.41 29.41 30.04 30.18 29.87 29.58 29.45 29.42 29.30 29.53 29.80 29.75 29.94 29.83 30.25 30.55 30.44 30.64 30.43 30.15 30.21 29.96 30.12 30.55 30.62 30.74 30.72 30.35 30.66 30.78 31.00 30.92 30.93 30.93 30.75
23.40 25.00 24.34 23.01 22.25 22.50 23.13 23.76 23.25 23.89 24.77 25.51 25.43 25.83 25.00 25.53 23.64 23.26 22.96 23.18 23.98 23.58 23.35 23.92 25.37 25.39 25.86 25.85 25.79 26.46 26.57 25.91 25.13 25.38 26.54 28.44 28.98 27.99 27.33 27.75 28.74 28.83 29.62 29.82 29.77 29.55 29.12 29.10 28.62 27.46 28.12 28.90 29.67 29.26 29.13 29.22 29.53 29.48 29.83 29.12 29.64 30.29 30.14 30.17 29.39 30.11 30.65 30.74 30.74 30.43 30.77 30.73 30.94 30.77 30.89 30.93 30.85
22.96 23.69 22.79 20.98 20.25 21.86 23.00 23.46 21.72 21.32 22.79 23.64 23.55 22.72 23.75 25.16 24.96 23.49 23.42 23.07 22.70 23.64 24.15 24.23 25.47 25.26 25.70 26.58 26.79 26.69 26.19 26.13 25.83 25.63 26.30 27.55 28.49 28.43 26.77 28.24 28.83 28.87 29.56 29.79 28.65 28.88 27.90 28.39 26.43 27.34 27.48 27.94 28.75 29.04 29.34 29.51 29.22 29.11 30.07 29.93 29.40 29.63 30.24 30.39 30.43 30.37 30.37 30.61 30.50 30.15 30.78 30.90 30.88 30.44 30.38 30.08 29.85
22.04 21.75 20.84 20.65 20.42 20.68 21.83 23.77 23.19 22.89 23.95 23.81 24.18 22.44 22.32 23.16 24.58 22.82 23.09 24.37 22.79 23.21 24.35 25.14 25.60 25.03 24.78 25.36 25.41 25.97 26.44 27.21 27.41 26.49 27.49 28.20 28.34 28.47 27.31 28.23 28.41 28.09 29.24 28.90 27.87 28.61 28.05 28.25 27.10 27.32 27.75 27.68 27.99 27.79 29.38 29.30 29.39 29.85 29.57 29.36 29.81 29.46 29.78 30.14 30.60 30.48 30.50 30.34 30.31 30.18 30.45 30.41 29.80 29.97 30.32 30.31 29.59
20.81 20.34 20.45 21.40 21.65 21.91 22.09 23.41 24.18 23.77 23.65 22.81 21.21 22.36 22.24 22.79 22.94 21.66 22.16 23.90 24.32 24.38 23.54 25.42 25.43 24.26 23.68 24.38 24.35 24.59 25.47 26.78 26.11 26.58 27.42 27.31 28.17 27.68 28.06 28.16 27.62 26.79 27.80 27.70 27.88 28.64 29.11 28.62 26.94 27.74 27.43 27.28 27.54 27.75 28.09 28.37 28.71 29.41 29.27 29.07 29.67 29.86 30.20 29.94 29.15 29.20 30.08 30.01 29.16 29.14 30.09 29.97 30.22 30.16 30.07 30.24 30.69
18.98 18.61 19.89 19.96 20.03 20.75 21.16 23.52 24.58 23.34 20.96 20.40 21.76 21.01 23.38 22.54 20.67 21.31 22.73 22.35 23.45 23.80 24.26 23.51 23.64 22.78 22.22 23.19 23.09 23.14 24.15 24.53 24.65 25.51 26.29 26.37 27.66 26.99 27.70 27.63 26.82 25.98 26.94 28.16 28.10 28.17 28.44 28.11 27.77 27.07 27.39 27.07 28.01 28.52 28.29 27.62 27.44 27.61 28.29 28.95 29.40 29.44 29.76 29.96 29.49 29.42 29.68 30.31 29.11 29.14 29.97 30.33 30.17 29.92 29.47 29.55 29.59
18.51 19.45 19.17 20.23 21.13 19.50 21.50 22.34 23.54 23.16 22.06 21.63 21.88 22.34 22.39 22.19 20.95 22.84 24.16 23.15 23.31 22.22 22.46 23.50 23.90 22.36 22.68 22.77 22.18 22.71 24.70 25.49 24.81 25.25 25.48 26.24 26.12 27.03 26.70 26.99 26.58 25.95 26.45 27.34 27.50 26.90 26.26 26.99 26.59 26.57 27.40 26.70 28.03 28.76 27.85 27.70 27.51 27.99 28.32 28.82 29.30 29.72 29.49 29.35 29.11 28.87 28.52 28.21 29.33 30.10 30.01 30.18 30.22 30.00 30.04 30.22 30.17
18.07 18.14 18.59 19.63 19.76 19.26 20.34 21.23 22.28 22.79 23.51 22.77 22.50 22.96 21.21 21.66 22.24 22.29 23.93 24.03 24.48 23.28 22.45 22.61 21.43 22.15 21.38 22.58 22.05 20.98 23.38 25.36 24.84 25.17 25.92 26.71 26.03 25.26 27.16 26.60 26.46 26.18 25.19 26.18 26.64 26.98 27.50 27.14 26.94 26.62 25.85 26.79 28.24 28.34 28.08 27.48 27.42 27.82 28.66 28.55 28.79 29.70 29.19 29.20 29.21 28.65 28.57 29.24 29.09 29.46 29.46 29.45 29.40 29.91 29.84 30.31 30.16
17.29 18.02 18.55 20.05 20.88 20.66 21.33 22.11 21.54 22.15 22.56 22.46 22.71 23.08 22.33 22.17 22.81 22.63 23.71 25.69 27.58 25.55 21.18 22.35 19.62 20.66 21.12 21.07 22.51 21.94 24.18 24.15 24.77 24.85 26.11 26.02 25.18 25.09 25.43 26.32 25.46 25.51 25.26 24.93 25.95 26.16 27.44 27.03 27.09 26.86 26.85 26.92 27.45 27.76 27.55 27.87 28.47 28.49 28.71 27.82 28.55 29.41 28.91 29.10 28.66 28.22 28.61 28.57 29.02 28.83 28.75 29.82 28.76 29.36 29.50 29.79 29.40
19.30 20.29 20.87 21.60 21.64 21.69 22.98 22.70 22.90 23.26 23.51 23.50 22.95 23.22 23.29 23.25 23.62 22.52 23.22 25.07 25.38 27.95 24.35 22.61 20.55 21.58 22.07 20.92 23.04 24.03 24.60 22.80 23.27 23.88 24.41 25.09 24.57 24.53 25.26 24.92 25.09 24.11 25.00 25.74 25.51 25.69 27.15 27.25 27.58 28.14 27.91 27.63 27.24 27.59 27.73 28.22 28.80 28.25 28.70 28.00 29.65 29.80 28.96 28.41 28.34 28.50 29.17 28.98 29.24 28.97 27.93 27.64 27.75 28.21 29.01 29.41 29.32
19.21 20.14 20.85 20.76 21.49 21.84 22.43 22.99 24.04 25.54 23.79 23.14 23.24 23.07 23.29 23.01 23.29 23.09 23.33 24.40 24.84 26.70 26.68 24.79 22.75 22.01 21.56 20.60 23.50 24.37 23.12 21.54 22.43 22.54 23.73 24.75 25.36 25.98 25.52 25.45 24.33 25.39 26.92 27.04 26.78 26.11 27.15 27.25 27.79 28.52 28.64 28.51 28.08 27.08 27.84 28.40 29.12 28.85 28.32 29.38 29.26 28.69 27.79 27.28 27.81 27.81 27.85 28.76 28.48 29.24 28.94 28.83 28.87 29.29 28.68 28.13 28.41
19.84 21.10 20.99 20.75 21.15 21.61 21.85 23.38 24.47 25.92 24.79 23.72 24.04 23.08 23.38 23.06 23.68 23.25 24.77 25.71 24.76 25.51 25.25 24.87 24.65 23.63 22.62 21.38 23.02 25.14 23.73 22.78 23.02 24.42 24.44 23.96 24.70 25.40 24.65 23.71 24.24 25.54 26.87 27.19 26.70 26.72 27.55 27.31 27.41 28.57 28.13 28.84 28.41 27.80 26.86 27.88 28.26 27.56 28.49 29.00 29.07 28.70 28.26 28.24 28.16 28.02 27.78 28.68 28.86 28.57 29.73 29.79 29.25 28.36 26.67 26.37 26.56
19.36 20.04 20.59 20.97 21.52 22.01 21.65 22.48 24.34 25.37 24.45 23.50 22.95 23.10 23.98 23.22 23.67 23.77 25.18 25.10 24.56 24.34 23.46 24.10 24.44 23.49 21.91 22.45 22.65 23.69 24.34 23.12 23.88 23.31 23.86 25.19 25.45 25.54 25.20 24.97 24.62 25.06 26.50 27.18 27.20 27.25 27.21 27.54 27.18 28.05 29.05 29.13 28.40 28.62 27.40 28.52 27.82 27.12 27.91 27.36 28.20 28.57 29.10 28.93 27.90 26.88 26.43 27.48 28.51 27.98 27.96 28.70 28.73 28.29 28.24 27.70 27.92
19.82 19.81 21.73 22.71 22.69 23.58 24.18 24.33 24.36 24.95 25.45 24.02 22.98 22.79 23.34 22.81 23.51 24.47 24.52 25.59 26.38 24.72 23.77 23.08 23.25 22.34 22.42 22.95 23.53 23.71 23.86 24.59 23.85 23.28 23.48 25.54 26.00 26.04 26.19 25.52 24.60 24.77 27.04 27.66 28.65 27.52 27.17 27.98 27.58 27.63 28.97 28.44 27.60 28.11 27.70 28.20 26.45 26.08 26.68 27.75 27.84 29.06 29.08 28.80 28.91 27.75 26.82 27.74 28.91 28.42 29.33 28.30 28.44 28.76 29.44 29.09 28.49
20.34 20.60 20.41 21.40 22.28 23.61 25.34 24.97 25.00 25.88 25.68 24.68 23.04 23.39 22.91 23.31 23.96 25.00 25.68 24.18 25.73 25.40 23.98 23.92 23.52 22.69 22.67 22.14 23.59 24.76 24.65 24.59 25.16 24.55 24.27 25.88 26.21 25.55 26.05 26.29 26.34 25.90 27.03 27.29 28.40 27.50 28.32 27.38 26.83 27.67 27.07 27.16 27.74 26.90 28.29 28.36 27.89 28.36 26.31 27.13 27.77 28.25 28.95 28.27 28.93 29.11 28.93 28.16 28.85 29.26 29.57 29.42 29.07 29.61 29.41 28.71 29.24
21.71 21.38 21.40 22.58 23.48 24.67 24.89 25.49 25.39 24.93 24.21 23.39 23.68 23.14 24.21 25.02 25.60 26.00 26.10 24.52 24.93 25.52 25.97 24.59 23.29 22.16 22.09 22.59 22.23 25.08 24.18 24.24 24.95 24.37 25.11 26.14 26.95 26.78 26.20 26.96 26.52 26.41 27.06 26.74 26.00 26.34 27.05 27.03 27.41 28.37 27.55 27.77 27.05 27.55 27.81 27.51 28.00 27.56 26.40 28.21 27.87 27.82 28.05 28.21 29.19 28.35 28.91 27.03 27.82 29.64 29.83 29.42 29.65 29.83 29.94 29.35 28.95
21.46 20.86 20.85 21.48 22.58 23.64 23.17 23.22 23.98 23.54 23.31 23.14 22.25 23.45 24.03 25.08 25.71 26.73 27.43 26.48 25.90 25.23 24.17 24.52 24.15 23.85 22.49 23.90 22.44 23.23 24.31 23.88 25.35 25.16 24.40 24.38 24.66 24.24 25.13 26.51 25.70 26.62 27.42 27.10 26.43 25.42 25.58 27.40 28.18 26.96 26.16 27.63 26.21 26.39 26.58 26.82 28.31 28.99 27.37 27.70 27.77 28.28 27.60 26.71 27.11 27.84 28.73 28.63 28.75 29.05 29.74 29.16 29.97 29.97 29.65 29.23 29.80
21.38 20.48 20.34 20.32 21.96 24.25 24.24 24.24 24.45 23.07 22.53 22.41 21.96 22.42 23.72 24.66 26.06 27.36 26.99 26.71 25.86 24.74 25.72 24.13 25.24 23.81 22.01 22.31 23.39 22.60 23.63 24.40 25.50 26.29 24.81 23.90 25.24 24.47 24.23 25.91 27.11 26.32 26.28 26.63 27.03 27.09 26.71 27.36 27.95 27.60 28.23 27.43 26.37 26.27 26.47 26.26 27.54 28.53 29.01 29.11 27.76 27.71 26.93 26.25 25.94 27.39 26.55 28.31 28.59 28.69 29.07 28.68 29.35 29.94 29.66 28.42 28.69
21.98 22.01 21.82 21.14 22.08 23.91 24.98 24.64 24.74 24.13 24.37 24.82 24.81 24.16 24.59 24.44 25.64 27.24 27.21 27.15 26.53 26.15 24.85 25.10 25.35 26.38 24.23 23.30 22.89 22.87 23.03 23.45 26.23 25.56 25.28 25.79 25.24 24.43 24.52 23.75 26.00 26.15 26.48 27.07 27.50 27.83 27.08 25.73 26.18 27.13 28.16 26.13 26.07 26.13 26.32 27.10 26.36 28.69 28.71 29.03 28.87 26.78 28.31 28.07 28.03 28.10 26.38 27.44 27.94 28.58 28.49 28.41 28.38 28.42 28.99 28.84 27.92
23.73 24.01 22.03 22.29 23.36 25.01 25.57 24.77 24.82 24.52 24.89 25.40 24.86 24.44 25.03 25.71 26.99 26.57 24.76 26.01 25.01 26.20 25.07 24.07 25.94 25.95 24.82 23.59 23.38 24.21 25.35 22.46 23.50 25.18 25.37 24.16 25.16 24.00 24.30 25.02 26.05 27.62 27.62 26.00 26.75 27.40 26.75 25.21 26.41 25.80 25.55 24.78 25.34 25.80 25.96 25.63 26.51 27.51 28.97 28.51 28.29 28.50 27.86 28.54 28.02 27.94 27.73 27.37 27.55 28.18 28.77 28.29 28.24 28.38 28.14 28.22 27.67
23.57 23.77 23.05 22.34 22.61 23.25 23.41 24.75 24.18 24.67 25.14 24.51 24.63 24.14 23.86 24.38 25.29 26.30 24.45 24.41 24.72 24.88 25.30 24.30 23.36 25.09 24.29 22.93 22.86 23.31 23.71 22.11 22.20 24.66 26.27 26.50 27.01 26.08 25.46 25.43 24.62 25.59 27.06 26.78 26.86 26.05 26.15 25.46 26.74 26.07 25.30 25.60 26.25 26.62 26.42 25.97 26.80 27.20 28.42 28.82 27.80 27.22 28.92 28.62 28.19 27.28 25.88 27.87 27.56 28.17 27.54 27.71 28.27 28.92 28.24 27.59 27.20
23.86 23.88 23.54 21.84 21.23 21.41 21.39 21.75 22.97 24.66 25.57 24.05 24.71 23.51 22.01 23.09 24.35 25.10 24.35 24.02 24.37 24.58 26.05 25.05 25.33 25.23 24.29 23.81 23.50 23.88 23.33 22.98 23.68 26.04 26.88 27.17 27.71 27.13 25.88 25.51 24.42 24.78 26.21 26.13 28.08 27.79 26.48 26.01 26.15 26.78 26.93 26.33 26.07 26.64 26.41 26.30 26.62 27.08 27.65 28.93 29.61 28.95 28.58 28.97 28.69 27.93 26.06 25.77 27.73 28.28 27.26 26.19 25.97 27.19 28.31 28.12 26.85
24.62 22.90 24.06 22.67 20.23 21.07 20.48 21.10 23.07 24.46 24.43 23.26 23.39 21.50 19.71 20.28 24.38 24.90 25.70 24.42 24.66 24.55 24.67 24.82 25.18 25.69 24.92 24.27 24.34 23.88 24.31 24.87 24.09 23.70 25.16 26.46 27.59 26.69 26.01 25.32 25.53 25.83 24.33 25.00 25.82 26.57 26.95 27.28 27.86 27.35 27.34 26.73 25.71 25.29 26.00 25.88 25.89 26.52 26.60 26.65 28.04 28.32 29.64 29.61 28.44 27.73 28.21 26.02 25.98 25.87 27.52 28.64 27.16 26.92 27.90 28.18 27.40
26.67 25.34 24.24 23.49 21.89 22.39 21.88 22.15 22.55 23.43 23.01 22.03 22.51 22.60 22.24 22.47 23.89 24.96 26.39 25.71 25.13 24.32 24.12 23.32 22.97 22.12 23.20 24.14 25.23 25.23 25.61 25.36 24.56 23.75 24.75 26.78 28.65 27.09 25.82 25.47 25.89 25.84 24.73 25.31 25.68 25.97 27.09 27.95 28.24 27.69 26.79 26.46 27.06 26.31 25.90 25.23 25.24 26.38 26.56 26.27 26.55 27.66 29.14 29.76 29.16 27.41 28.11 27.56 27.15 26.00 25.92 28.17 29.25 29.43 27.94 28.39 28.78
25.72 25.24 25.01 23.81 24.64 24.54 23.56 21.51 21.44 21.09 22.01 21.19 22.66 23.09 21.47 20.85 21.37 21.99 23.80 24.75 24.52 24.92 25.17 24.89 23.07 22.17 23.13 24.04 24.87 24.37 23.64 25.03 25.96 26.54 26.25 26.77 27.01 27.05 25.98 26.95 28.39 28.56 26.55 26.82 28.23 27.64 27.49 27.68 27.28 27.50 26.42 26.55 28.12 27.26 27.44 26.18 26.47 27.19 25.57 25.54 25.99 26.69 27.55 27.50 28.04 27.62 27.49 28.13 27.32 27.47 26.19 25.51 25.94 27.49 28.93 28.15 28.18
24.69 25.12 25.55 25.25 24.91 25.12 24.71 23.83 23.02 23.52 23.53 23.98 23.51 23.37 22.54 21.53 21.20 20.56 20.19 22.61 23.57 25.54 25.62 24.96 23.85 22.63 22.74 23.46 23.61 23.47 23.52 24.44 25.98 26.33 26.93 26.71 26.33 27.06 26.17 26.77 27.74 27.82 26.83 27.77 28.63 27.48 26.73 27.62 26.60 26.32 25.20 26.00 26.77 25.86 25.46 27.07 27.38 26.79 26.16 26.63 26.12 24.87 26.19 26.68 26.63 26.90 27.65 28.32 27.05 27.36 26.97 25.71 26.50 25.80 25.53 27.72 28.59
25.63 26.45 26.92 26.63 26.14 25.38 25.17 25.56 25.66 25.27 25.65 25.18 24.43 24.25 24.01 22.20 21.90 21.49 19.85 21.02 21.67 22.49 23.35 23.85 23.28 23.40 22.87 23.61 23.88 23.50 23.57 24.38 25.14 25.99 26.24 25.77 26.88 27.00 26.34 26.67 27.13 26.24 25.72 25.94 26.65 26.90 27.81 27.77 27.48 25.94 26.18 26.60 26.45 26.89 26.69 27.60 27.43 26.38 27.36 27.34 26.54 25.07 26.44 26.54 27.15 26.45 26.74 27.17 27.57 26.60 26.00 25.65 26.35 27.38 26.98 26.60 26.53
26.43 27.95 27.68 27.47 26.62 26.64 26.00 25.95 25.33 25.22 24.62 24.35 24.57 23.16 22.71 22.28 22.06 22.43 21.53 22.31 22.33 22.04 22.15 22.83 23.63 25.09 25.05 24.56 24.52 23.89 23.19 24.68 24.69 25.31 25.26 24.67 26.39 27.44 27.40 26.01 26.65 26.72 26.23 26.81 27.15 26.97 28.27 28.91 28.87 28.63 27.18 26.47 27.16 26.86 26.29 26.02 26.26 26.90 26.58 27.18 26.63 27.15 27.18 27.13 27.26 27.69 26.52 26.04 27.06 27.49 27.41 27.36 26.77 26.82 27.53 28.57 28.05
27.61 28.39 28.83 28.24 28.04 27.48 26.43 26.87 26.40 25.93 24.22 24.53 25.22 24.42 23.90 23.61 22.35 22.49 20.91 22.63 22.24 22.23 22.72 24.11 23.89 25.18 25.27 25.22 25.32 24.90 24.51 24.72 24.93 25.42 25.96 24.57 24.88 27.70 27.80 26.99 27.25 26.51 27.47 27.66 28.40 28.11 28.57 28.59 28.78 28.93 28.16 27.39 27.52 27.23 26.15 25.71 25.56 25.07 25.48 25.94 26.53 26.84 27.54 27.01 28.00 28.72 27.67 25.76 25.03 26.23 26.34 27.25 27.26 26.91 27.30 27.63 28.12
