main/data/irradiance/28.12.2023.grid
ncols 839
nrows 679
xllcenter 112.0500
yllcenter -43.9500
cellsize 0.0500
nodata_value 99999.90
[rows 510 to 543 of 679, columns 539 to 615 of 839]
12.89 13.64 13.64 13.82 13.82 16.55 16.73 16.73 17.57 17.07 17.14 18.33 19.97 18.98 18.85 19.52 19.07 19.29 18.54 17.54 16.73 14.93 13.68 16.50 15.78 15.23 15.29 16.50 16.95 17.67 18.33 18.73 20.33 20.94 20.52 20.15 18.44 17.48 17.16 19.09 18.37 18.06 16.99 17.68 18.50 19.20 20.58 20.87 20.85 20.74 20.64 20.84 21.09 21.52 22.54 23.46 22.35 21.45 22.13 22.51 21.99 22.67 22.22 23.05 23.87 26.75 26.79 26.00 26.09 25.26 25.04 25.12 25.04 25.64 26.52 26.23 25.55
12.89 12.89 15.39 16.03 16.55 16.55 16.73 16.73 17.65 17.01 17.94 18.93 20.60 20.21 19.64 19.41 19.66 20.67 18.52 16.53 15.37 14.22 13.82 16.61 17.26 17.67 17.52 16.83 16.82 17.68 18.48 19.09 20.48 21.45 21.55 20.76 18.86 18.57 18.38 18.65 19.24 18.99 16.41 16.34 18.32 19.38 20.38 20.35 20.75 21.10 21.08 20.50 20.62 20.58 20.90 21.57 21.02 20.30 22.27 23.05 22.18 22.16 22.03 22.17 23.69 26.04 26.91 26.74 26.91 25.18 25.26 25.38 24.09 24.20 26.43 26.61 25.54
12.89 12.89 15.39 16.32 15.66 15.66 16.17 16.17 17.72 17.64 18.47 19.08 19.54 19.24 19.36 19.58 19.59 20.11 19.60 17.10 16.05 14.63 14.06 16.15 17.21 17.04 16.82 15.88 16.37 16.98 18.73 19.54 20.02 20.81 21.28 19.82 18.89 17.55 18.28 18.44 19.24 19.15 17.70 17.15 18.28 19.36 20.37 20.21 20.44 20.57 21.00 20.88 20.80 20.75 20.99 20.72 20.40 21.55 22.27 23.11 22.67 21.79 20.62 20.27 22.86 25.21 25.34 25.27 24.64 25.00 26.31 26.22 24.62 24.75 26.01 26.63 27.04
12.89 12.89 16.32 16.32 15.66 15.66 15.67 15.67 17.75 17.77 17.48 18.25 18.80 18.63 19.28 19.67 19.33 18.80 18.62 16.69 14.96 14.15 14.22 16.36 17.37 17.39 17.29 17.96 18.11 17.33 18.90 19.94 19.99 19.24 19.85 21.07 19.92 19.27 18.62 18.62 18.50 19.35 18.73 18.45 19.44 19.71 19.94 20.25 19.99 20.74 20.53 20.90 20.96 20.83 20.95 20.50 20.86 22.36 22.14 21.11 21.94 21.61 21.39 20.97 22.50 23.64 24.92 24.62 23.69 24.86 25.38 25.40 26.72 25.47 26.28 27.28 27.17
12.89 16.32 16.32 16.32 15.66 19.35 19.35 18.68 17.92 18.28 18.07 15.49 16.38 17.75 17.80 18.55 17.49 18.64 17.71 17.22 17.19 17.21 16.21 16.71 17.55 16.38 16.86 18.63 19.25 19.16 18.89 20.01 20.51 19.36 20.17 20.89 20.05 20.07 19.14 19.40 19.08 19.93 18.54 18.93 19.06 19.28 19.85 21.13 20.79 20.27 20.53 20.67 20.98 20.32 20.86 21.73 21.60 20.99 20.81 22.30 21.32 21.28 20.36 20.91 21.58 22.25 23.20 24.86 24.25 25.45 26.11 25.51 26.39 26.84 26.22 26.19 26.10
12.89 16.32 16.32 16.32 19.35 19.35 19.35 18.34 18.44 18.97 17.84 15.70 16.53 17.49 17.31 16.37 15.87 17.81 18.35 17.62 17.05 17.56 17.77 18.09 18.77 17.13 17.18 18.44 19.37 19.63 19.97 20.48 20.74 20.22 20.28 20.70 20.70 20.14 20.11 19.66 18.36 18.76 18.33 19.00 19.21 19.46 20.06 20.41 21.35 21.93 22.39 20.47 21.62 21.70 22.19 22.51 21.61 21.37 22.94 21.57 20.22 19.79 18.84 20.60 21.66 22.02 24.52 24.62 25.32 25.73 25.38 26.02 26.61 25.77 25.47 25.90 25.87
16.32 16.32 16.32 19.35 19.35 19.35 18.34 18.34 18.44 18.39 17.43 15.30 16.08 16.15 16.43 14.77 14.98 17.05 16.35 16.52 17.16 16.84 17.86 18.09 17.25 18.09 18.22 17.80 18.72 19.06 19.41 19.28 20.12 19.90 19.38 19.23 19.65 20.64 20.20 18.95 17.40 16.74 17.89 18.71 19.39 19.74 19.99 20.51 20.99 22.06 21.86 20.04 21.39 21.42 21.44 21.72 20.82 20.91 22.68 22.84 20.57 21.11 19.93 20.19 19.81 20.19 22.39 24.21 24.38 25.24 24.86 24.79 24.75 24.79 24.67 25.46 24.62
16.32 16.32 19.35 19.35 19.35 18.34 18.34 18.34 18.39 18.39 17.99 17.42 16.10 16.25 15.39 15.13 15.83 15.82 15.79 16.65 17.28 17.16 16.82 18.60 18.08 18.51 19.39 19.12 19.44 19.60 20.09 20.81 20.44 19.86 19.74 19.92 20.50 21.11 21.34 19.18 16.95 17.88 18.88 19.18 18.93 18.89 19.50 20.51 20.89 20.98 20.73 21.18 21.34 21.78 21.90 21.45 21.82 20.37 22.25 22.44 20.63 19.39 18.52 19.32 19.53 19.63 21.31 23.91 23.58 23.64 24.13 24.35 24.03 24.09 24.22 24.52 23.78
16.32 16.32 19.35 19.35 18.34 18.34 18.34 18.39 18.39 17.99 17.99 18.09 17.95 15.81 15.02 15.36 15.44 14.65 14.39 15.35 16.35 17.88 18.85 19.77 18.16 18.95 19.26 19.08 18.17 18.89 20.24 21.13 20.63 20.41 20.30 20.45 20.53 20.80 19.82 17.59 16.69 18.25 18.66 17.62 17.27 18.04 18.51 19.40 19.88 19.25 19.89 20.88 21.41 21.86 20.98 20.22 19.71 18.91 19.76 20.72 19.74 17.72 18.50 18.29 18.27 18.79 21.92 23.53 23.75 23.67 23.82 24.07 24.02 23.75 23.47 23.13 22.33
16.32 19.35 19.35 18.34 18.34 18.34 18.34 18.39 17.99 17.99 18.09 18.09 16.08 16.05 17.17 17.28 15.94 15.53 15.57 17.08 18.25 19.37 20.54 18.61 17.14 18.85 18.07 18.69 17.17 17.55 18.39 19.59 20.73 20.51 20.35 20.69 19.42 19.18 18.33 18.05 17.57 18.78 19.09 18.32 18.43 17.90 17.22 18.15 19.88 19.49 19.80 20.20 20.87 21.20 21.12 21.37 20.10 18.91 19.76 19.15 18.89 17.93 18.60 19.56 19.86 19.98 21.00 22.61 23.57 23.15 23.65 23.74 24.34 23.46 22.78 21.39 22.55
19.35 19.35 18.34 18.34 18.34 18.34 18.39 17.99 17.99 18.09 18.09 16.08 16.08 15.81 17.83 17.23 15.27 15.31 16.08 16.80 17.54 19.03 19.73 17.11 16.91 17.70 17.26 18.11 16.29 16.65 17.22 19.23 20.27 19.90 19.71 18.83 18.35 17.93 18.09 17.40 17.74 18.82 18.88 19.54 19.11 17.82 17.16 19.66 21.07 20.63 20.38 20.25 20.73 21.11 21.59 20.13 19.74 20.31 20.31 19.15 18.85 19.39 20.64 20.68 20.33 20.16 20.41 21.72 22.73 22.53 23.62 23.58 23.76 23.03 21.93 21.38 22.41
19.35 18.34 18.34 18.34 18.34 18.34 17.99 17.99 18.09 18.09 16.08 16.70 16.70 16.70 16.71 16.09 16.19 17.32 17.15 17.39 17.28 18.79 18.63 17.43 16.70 18.17 17.61 17.83 16.48 15.84 15.99 17.98 19.56 19.83 17.98 17.65 17.36 18.38 19.65 18.94 18.98 19.59 19.58 19.41 18.06 18.74 19.17 20.08 21.71 22.00 21.92 21.39 20.56 21.40 20.90 20.15 20.15 21.34 21.34 20.86 20.86 20.08 20.93 20.86 20.90 21.00 20.81 21.84 22.51 22.42 23.36 23.46 23.31 22.73 22.99 21.79 22.37
18.34 18.34 18.34 18.34 18.34 17.99 17.99 18.09 18.09 16.70 16.70 16.70 16.70 16.70 16.34 18.03 18.12 18.25 18.99 20.00 19.24 19.40 18.42 19.04 19.38 20.25 18.90 18.04 18.13 17.24 15.80 17.31 17.84 18.58 17.08 16.34 16.68 18.39 19.93 21.52 20.41 19.37 19.88 19.59 19.58 19.07 18.44 18.62 21.18 22.21 22.62 22.79 22.47 22.68 21.10 20.58 19.32 20.73 20.17 20.17 20.67 20.96 21.84 21.56 19.60 21.16 21.79 21.37 21.97 21.61 22.74 23.40 23.52 23.74 23.37 23.06 22.64
18.34 18.34 18.34 18.34 17.99 17.99 18.09 16.70 16.70 16.70 16.70 16.70 16.15 16.15 16.15 16.95 17.76 18.48 19.86 20.64 21.06 20.78 20.60 20.98 20.60 19.98 19.48 20.32 18.82 18.03 16.63 17.16 17.96 18.92 18.61 17.76 17.20 17.04 18.77 21.02 21.02 20.61 20.66 21.09 20.88 20.38 19.13 17.79 20.42 22.08 22.64 22.93 22.41 22.32 21.90 21.29 20.51 22.03 21.73 21.50 21.35 20.43 20.53 20.72 20.48 20.91 20.87 21.56 22.95 22.61 22.42 22.61 22.36 22.10 21.26 22.91 22.74
18.34 18.34 18.34 18.34 17.99 18.09 16.70 16.70 16.70 16.70 17.88 17.88 17.88 17.88 17.88 18.05 18.62 18.93 19.36 20.60 21.01 22.37 22.54 22.74 21.29 19.37 20.42 20.72 19.83 19.68 17.89 18.29 19.46 20.55 20.92 19.11 17.97 17.80 18.10 19.60 21.55 22.05 22.37 21.87 21.30 21.32 21.38 19.95 21.09 22.37 23.26 23.30 22.90 23.65 23.41 22.33 22.03 23.34 22.28 22.85 22.27 21.32 21.06 21.01 20.38 20.84 20.34 21.19 23.42 22.84 22.77 23.19 22.71 21.91 21.56 23.03 22.93
18.34 18.34 18.34 17.99 16.70 16.70 16.70 17.88 17.88 17.88 17.88 17.88 17.88 17.88 17.88 19.02 18.54 19.39 19.74 19.98 21.62 22.39 22.89 21.73 18.83 18.44 18.82 19.22 19.77 19.72 19.54 19.94 20.62 20.69 19.83 18.91 18.25 17.58 17.48 19.26 20.85 21.37 22.03 21.76 21.00 20.51 20.13 20.64 21.10 22.47 23.02 23.48 24.17 24.62 24.24 24.04 23.64 24.90 22.39 22.82 22.87 22.30 21.73 22.57 20.98 20.21 20.14 20.98 22.54 22.40 21.71 22.17 21.67 20.86 22.06 22.88 22.88
18.39 17.99 17.99 16.70 17.88 17.88 17.88 17.88 17.88 17.88 17.88 17.88 17.88 18.14 18.14 18.14 19.02 19.12 17.50 18.41 21.27 22.21 22.07 21.26 17.43 17.66 19.16 19.68 19.08 19.48 19.78 19.91 20.77 20.50 19.54 19.48 19.54 19.04 19.29 18.90 20.76 21.85 22.76 21.30 19.94 19.21 17.99 19.33 19.80 20.72 21.76 22.75 23.85 24.72 25.19 24.67 24.72 24.19 24.60 24.11 24.34 23.10 22.70 22.60 22.19 20.64 20.58 21.39 23.03 22.51 21.96 21.67 21.93 21.68 22.57 22.84 22.80
17.99 17.99 18.09 16.70 17.88 17.88 17.88 17.88 17.88 17.88 17.88 16.58 16.58 16.58 16.58 16.58 18.71 17.80 17.35 19.52 20.02 20.71 21.10 20.89 17.92 17.75 19.02 18.48 18.69 19.31 19.68 20.94 23.38 22.06 20.72 20.68 20.82 20.79 19.49 20.00 21.08 21.73 21.25 21.18 18.74 18.06 18.88 21.23 21.20 20.16 21.09 22.66 23.86 24.20 24.79 25.63 25.61 24.89 25.30 24.14 23.37 23.23 22.45 22.16 22.10 20.31 20.23 20.69 21.22 21.08 21.59 21.62 22.02 21.80 23.16 23.52 23.56
99999.90 18.09 18.09 16.70 17.88 17.88 17.88 17.88 16.58 16.58 16.58 16.58 16.58 16.58 16.58 16.58 18.06 18.66 20.05 21.39 19.57 18.85 18.75 18.77 18.96 19.14 19.14 18.35 18.52 19.31 19.97 21.55 22.99 23.04 20.87 20.51 20.67 19.99 20.22 20.44 19.86 20.55 21.75 22.14 19.45 19.47 21.11 21.25 21.59 21.40 21.38 22.51 23.83 24.68 24.94 25.53 25.16 25.23 25.21 24.23 23.46 21.80 22.44 22.08 21.64 19.51 21.10 21.32 20.75 21.15 21.74 21.58 21.99 23.26 23.41 23.21 23.54
99999.90 99999.90 16.08 16.70 17.88 16.58 16.58 16.58 16.58 16.58 16.58 16.58 16.58 16.58 16.58 18.06 18.06 21.11 20.99 21.60 19.50 19.30 19.01 19.44 21.44 21.53 21.87 20.21 20.39 21.27 21.98 21.46 21.62 22.81 20.47 20.78 20.34 19.59 22.05 20.63 19.03 20.57 21.65 22.26 20.61 20.40 20.99 21.48 21.33 21.41 21.27 22.73 24.02 24.73 23.85 23.70 23.91 23.73 23.36 23.34 23.86 23.72 23.49 22.93 23.24 20.08 20.81 21.89 21.82 21.49 21.79 22.02 23.37 22.82 22.96 22.65 24.03
99999.90 99999.90 99999.90 16.70 17.88 16.58 16.58 16.58 16.58 16.58 16.58 16.58 16.58 16.58 18.06 20.28 20.28 20.28 20.34 19.72 18.13 18.49 18.58 19.56 21.45 21.94 21.98 22.12 22.10 22.75 22.19 21.26 20.86 22.92 22.39 21.28 20.76 19.57 21.25 21.52 20.39 20.19 20.76 21.25 20.58 20.31 21.47 22.02 21.82 21.93 21.86 23.57 25.11 24.92 23.49 23.58 23.41 22.58 22.74 23.89 24.55 24.38 24.33 23.77 23.25 21.57 21.91 21.60 22.39 21.82 20.62 20.94 22.28 23.17 23.03 22.34 23.35
99999.90 99999.90 99999.90 16.70 17.88 16.58 16.58 16.58 16.58 16.58 16.58 16.58 16.58 18.82 18.82 18.82 18.82 18.82 18.52 18.79 17.18 17.56 18.27 19.19 21.53 22.87 23.40 23.19 22.52 21.27 21.60 22.56 21.84 22.72 22.55 21.46 21.40 21.35 21.40 20.79 21.04 19.50 19.30 20.54 20.57 20.68 19.93 21.76 21.52 22.20 23.80 24.28 25.69 26.62 24.91 24.67 24.06 22.56 23.71 24.00 24.53 24.05 24.49 23.99 23.72 21.40 21.28 22.81 23.04 21.81 20.96 20.89 21.18 22.19 22.23 23.01 23.72
99999.90 99999.90 99999.90 99999.90 17.88 16.58 16.58 16.58 16.58 16.58 16.58 18.82 18.82 18.82 18.82 18.82 18.82 18.82 18.21 16.57 16.26 15.64 18.92 19.74 21.44 23.03 24.29 22.12 21.03 21.52 21.99 25.05 23.71 24.27 22.43 20.77 19.76 20.70 20.91 21.41 21.83 20.80 21.66 21.90 22.59 21.47 20.88 21.36 22.69 22.42 22.65 24.45 25.69 26.38 25.33 24.40 23.56 22.26 22.75 23.30 23.82 24.36 23.75 23.27 23.57 23.61 22.85 23.16 22.22 22.47 22.06 22.70 23.03 22.30 22.52 22.99 23.73
99999.90 99999.90 99999.90 99999.90 17.88 20.90 20.90 20.90 20.90 20.90 20.90 18.82 18.82 18.82 18.82 18.82 18.25 18.25 18.25 16.16 16.53 17.90 18.82 21.86 23.58 24.87 24.96 23.76 22.90 22.59 23.72 25.31 23.83 23.18 22.50 20.76 20.82 20.98 21.93 20.73 22.52 22.66 22.85 22.99 24.18 23.40 22.90 22.33 22.11 22.80 22.42 23.45 24.50 24.26 24.58 24.98 23.70 21.98 21.93 22.85 24.23 24.91 24.21 23.66 23.52 23.85 24.42 23.75 23.17 23.73 24.60 24.09 22.78 21.42 22.34 24.45 25.60
99999.90 99999.90 99999.90 99999.90 17.88 20.90 20.90 20.90 20.90 20.90 20.90 20.90 20.90 20.90 19.94 19.94 19.94 19.94 19.94 18.75 16.54 17.46 20.11 21.21 23.71 25.90 24.92 22.62 22.45 20.98 21.19 23.85 24.00 24.05 23.22 22.59 22.07 21.16 21.94 21.72 21.87 22.34 20.62 20.31 23.58 24.05 22.51 23.53 22.81 22.49 24.60 24.53 23.68 24.50 23.94 23.03 22.23 21.71 21.13 22.97 24.26 24.33 23.73 25.13 24.35 23.30 23.81 24.55 23.97 24.69 26.51 24.83 21.99 22.44 22.82 24.99 25.90
99999.90 99999.90 99999.90 99999.90 99999.90 20.90 20.90 20.90 20.90 20.90 20.90 20.90 20.90 20.90 20.90 20.73 19.68 19.68 19.68 18.22 18.30 21.29 22.43 22.21 24.18 25.53 24.44 24.87 23.54 22.95 24.05 24.36 22.79 23.64 23.22 23.41 22.66 21.10 20.79 22.00 23.04 22.54 19.87 18.59 20.22 21.71 19.97 22.07 24.01 23.87 24.40 24.53 25.12 25.75 24.87 23.61 22.95 21.78 21.66 22.67 25.39 25.62 24.49 25.45 24.78 22.71 23.76 25.17 24.71 24.84 26.44 24.63 21.78 22.22 23.60 24.54 25.35
99999.90 99999.90 99999.90 99999.90 99999.90 20.90 20.90 20.90 20.90 20.90 20.90 20.90 20.90 20.90 20.90 20.90 20.73 19.96 19.96 19.13 19.89 22.35 23.06 21.79 22.10 23.17 22.13 23.09 24.26 22.77 24.13 23.60 21.86 23.01 21.35 21.96 21.99 20.96 21.69 23.24 23.31 22.63 20.33 20.17 20.11 20.47 21.86 23.26 23.88 23.59 24.39 24.71 25.42 25.38 24.84 24.89 24.36 22.96 22.30 22.35 24.59 25.65 26.25 26.50 25.04 25.05 24.90 25.95 25.33 26.57 27.06 25.43 23.28 22.49 23.87 24.06 25.39
99999.90 99999.90 99999.90 99999.90 99999.90 20.90 20.90 20.90 20.90 20.90 20.90 20.90 20.90 20.90 20.90 20.90 20.73 20.73 20.90 19.44 19.45 20.94 21.45 20.81 21.53 21.86 19.84 21.05 22.80 24.01 25.36 23.50 21.93 24.55 23.63 22.06 22.41 22.21 21.60 21.15 20.71 21.67 21.59 21.20 20.68 20.13 21.62 21.97 25.03 25.26 24.16 25.51 25.94 25.26 25.79 23.80 23.23 22.98 21.43 21.02 21.53 24.60 26.45 25.08 25.49 25.93 24.26 25.00 25.85 26.51 26.50 25.17 23.50 21.84 22.18 22.66 24.24
99999.90 99999.90 99999.90 99999.90 99999.90 20.90 20.90 20.90 20.90 20.90 20.90 20.90 20.90 20.90 20.90 20.90 21.57 21.72 21.73 18.88 19.23 21.61 22.69 23.37 22.11 22.44 20.96 21.44 23.89 26.28 26.61 25.54 23.61 23.51 23.51 22.23 22.57 22.55 22.97 22.52 22.45 21.64 21.82 21.27 21.20 21.64 21.39 21.40 23.65 24.42 24.95 24.45 25.03 25.63 25.00 22.74 22.82 22.80 21.92 22.06 20.99 23.37 25.39 26.25 25.22 24.89 25.11 24.56 26.18 25.83 25.03 24.97 24.26 23.72 23.85 23.73 23.69
99999.90 99999.90 99999.90 99999.90 99999.90 24.61 24.61 24.61 24.61 24.61 24.61 24.61 24.61 24.61 24.61 24.61 23.61 23.26 22.56 20.49 20.43 21.60 22.84 24.28 25.19 25.59 23.36 23.61 25.85 26.13 26.39 25.27 23.73 22.87 24.00 23.12 23.18 23.72 23.87 23.79 23.87 23.92 23.39 22.93 22.67 24.79 23.92 23.31 24.88 25.53 25.10 25.03 25.05 23.56 22.73 22.58 22.96 23.54 23.91 24.09 23.58 24.89 26.21 26.63 26.03 25.40 27.06 26.84 26.66 26.43 23.83 23.16 24.52 24.48 24.82 24.41 24.12
99999.90 99999.90 99999.90 99999.90 99999.90 23.05 23.05 23.05 23.05 23.05 23.05 23.05 23.05 23.05 23.05 23.05 24.06 23.50 24.11 23.98 24.71 24.48 24.26 25.47 24.87 25.08 25.41 24.82 25.58 25.69 24.73 23.84 23.92 24.16 25.20 24.07 24.75 24.15 24.11 24.91 24.46 23.95 24.98 25.32 24.30 25.29 25.47 25.60 25.83 26.39 26.94 27.04 24.48 22.56 22.29 21.69 22.50 23.50 23.93 24.77 24.57 25.91 26.20 27.57 27.77 28.00 27.56 27.37 27.15 26.72 25.50 24.64 24.50 24.21 24.36 23.91 24.40
99999.90 99999.90 99999.90 99999.90 99999.90 23.05 23.05 23.05 23.05 23.05 23.05 23.05 23.05 23.05 23.05 23.05 24.76 23.32 25.10 26.25 25.92 25.44 24.86 24.68 25.10 23.56 24.61 25.09 25.25 25.61 25.15 24.57 25.02 24.17 25.26 25.58 24.80 24.24 24.51 24.95 25.29 24.40 25.63 26.05 25.62 25.65 25.75 26.44 26.94 26.25 25.32 25.79 25.56 25.13 24.61 22.82 22.41 23.68 23.68 25.02 24.88 25.64 26.53 28.62 29.42 28.61 27.32 26.76 27.46 26.82 26.50 25.38 25.56 25.98 25.84 25.01 24.73
99999.90 99999.90 99999.90 99999.90 99999.90 23.05 23.05 23.05 23.05 23.05 23.05 23.05 23.05 23.05 26.67 26.67 26.67 25.25 25.69 25.42 25.59 24.63 24.14 24.96 25.30 25.20 25.47 25.79 27.03 27.05 26.20 25.81 25.71 25.48 25.66 24.75 24.79 24.82 25.40 25.34 25.08 24.71 25.95 26.08 25.54 25.65 27.09 27.10 26.74 24.90 23.96 23.23 23.96 24.72 24.48 24.31 24.98 24.03 24.20 25.52 25.80 25.91 27.48 28.70 29.42 28.32 27.67 26.96 27.16 26.17 26.48 25.84 25.70 25.32 26.02 24.63 25.15
99999.90 99999.90 99999.90 99999.90 99999.90 23.05 23.05 23.05 23.05 23.05 23.05 23.05 27.47 27.47 27.47 27.47 27.47 27.18 28.29 24.89 23.23 24.44 25.23 24.90 24.88 25.34 26.22 23.78 23.79 25.09 26.71 26.77 25.61 25.67 25.75 25.44 25.19 25.61 26.00 25.99 26.42 26.53 26.38 27.04 25.76 25.72 26.56 27.19 25.98 24.11 24.53 22.93 22.43 23.52 24.96 24.95 24.85 24.68 25.47 26.60 27.37 26.22 27.16 28.76 29.04 27.67 27.11 27.62 26.72 25.88 26.01 26.24 25.64 25.29 26.41 25.50 25.85
