main/data/irradiance/28.12.2023.grid
ncols 839
nrows 679
xllcenter 112.0500
yllcenter -43.9500
cellsize 0.0500
nodata_value 99999.90
[rows 136 to 169 of 679, columns 539 to 615 of 839]
29.45 29.45 29.45 29.55 29.55 29.55 28.94 28.94 28.94 29.63 29.63 29.63 29.63 29.63 29.63 29.63 29.63 29.46 29.46 29.46 29.46 29.46 29.46 29.46 99999.90 99999.90 99999.90 99999.90 29.82 29.82 29.59 29.59 29.59 29.59 29.59 29.59 29.59 29.59 29.69 29.69 29.65 29.65 29.65 29.68 29.69 29.48 28.29 26.73 24.84 23.10 23.77 23.35 25.37 27.77 27.28 27.63 28.18 27.31 27.64 27.16 27.79 28.88 29.48 28.57 28.21 27.66 28.04 28.17 27.94 27.76 27.22 27.62 28.19 28.30 28.49 27.69 27.68
29.45 29.45 29.45 29.56 29.56 29.55 28.94 28.94 29.63 29.63 29.63 29.63 29.63 29.63 29.63 29.63 29.63 29.63 29.63 29.63 29.63 29.46 29.46 29.46 99999.90 99999.90 99999.90 99999.90 29.82 29.82 29.59 29.59 29.59 29.59 29.59 29.59 29.59 29.59 29.59 29.69 29.69 29.75 29.75 29.71 29.23 29.18 28.43 26.95 26.59 23.40 24.33 23.08 26.92 26.35 25.30 27.34 27.81 27.52 26.60 27.32 25.97 26.76 28.03 27.95 28.07 27.98 27.80 27.99 28.31 27.95 27.91 28.03 28.01 28.49 28.61 28.81 28.39
29.45 29.45 29.56 29.56 29.59 29.59 29.59 29.63 29.63 29.63 29.63 29.63 29.63 29.63 29.63 29.63 29.63 29.63 29.63 29.63 29.63 29.46 29.46 29.46 99999.90 99999.90 99999.90 29.83 29.82 29.82 29.59 29.59 29.59 29.59 29.59 29.59 29.59 29.59 29.59 29.59 29.69 29.69 29.56 29.46 29.33 29.37 28.47 27.07 27.53 25.75 23.36 23.82 24.36 27.15 26.13 26.80 28.03 28.78 27.19 27.80 27.17 26.34 26.21 28.07 28.48 28.21 27.98 27.90 27.87 28.37 28.20 28.15 27.45 27.75 28.05 28.25 28.34
29.40 29.56 29.56 29.59 29.59 29.59 29.59 29.63 29.63 29.63 29.63 29.63 29.63 29.63 29.63 29.63 29.63 29.63 29.63 29.63 29.63 29.46 29.46 29.46 99999.90 99999.90 29.81 29.83 29.82 29.82 29.82 29.82 29.59 29.59 29.59 29.59 29.59 29.59 29.59 29.59 29.59 29.68 29.60 29.36 28.67 28.76 27.44 26.05 27.28 26.05 25.43 23.27 25.84 27.06 27.02 26.67 28.72 29.14 28.86 28.57 29.03 28.64 28.65 28.08 28.78 28.67 28.35 28.53 28.49 28.52 28.07 28.36 28.34 28.26 27.59 27.25 27.78
29.46 29.54 29.59 29.59 29.59 29.59 29.59 29.63 29.63 29.63 29.63 29.63 29.63 29.63 29.63 29.63 29.63 29.63 29.63 29.63 29.63 29.74 29.73 99999.90 29.79 29.79 29.79 29.79 29.82 29.82 29.82 29.82 29.82 29.82 29.82 29.75 29.75 29.75 29.75 29.75 29.75 29.73 29.59 29.16 28.64 28.53 27.82 26.88 26.21 25.45 24.90 25.92 26.42 27.46 27.47 27.56 28.77 28.64 29.00 29.60 28.99 29.72 29.72 28.75 28.38 28.78 27.79 28.51 28.51 29.11 28.92 28.93 28.97 28.09 27.98 27.02 27.42
29.35 29.52 29.38 29.38 29.38 29.38 29.38 29.54 29.54 29.54 29.54 29.54 29.54 29.54 29.54 29.54 29.54 29.54 29.54 29.54 29.54 29.76 29.76 29.76 29.76 29.79 29.79 29.79 29.79 29.82 29.82 29.82 29.82 29.82 29.82 29.82 29.82 29.82 29.75 29.75 29.75 29.77 29.67 28.78 28.23 28.56 27.41 26.71 26.99 26.65 26.04 28.70 28.94 29.73 29.72 28.69 29.01 28.64 28.86 29.14 28.52 28.97 29.17 29.53 28.55 28.04 28.00 27.82 28.12 28.19 28.60 28.82 29.04 28.42 28.07 28.66 27.45
29.44 29.51 29.66 29.66 29.66 29.42 29.42 29.54 29.54 29.54 29.54 29.54 29.54 29.54 29.54 29.54 29.54 29.54 29.54 29.54 29.76 29.76 29.81 29.81 29.81 29.83 29.83 29.79 29.79 29.79 29.82 29.82 29.82 29.82 29.82 29.82 29.82 29.82 29.82 29.78 29.78 29.82 29.80 29.63 29.24 28.45 27.69 27.03 27.72 27.31 28.83 29.43 29.26 29.49 29.53 28.82 29.06 28.44 27.73 28.10 29.19 29.17 29.31 29.08 28.55 28.24 28.19 27.97 27.28 27.94 28.02 27.83 27.68 28.18 28.04 28.79 28.67
29.11 29.44 29.53 29.53 29.42 29.42 29.42 29.54 29.54 29.54 29.54 29.54 29.54 29.54 29.54 29.54 29.54 29.54 29.54 29.76 29.76 29.76 29.81 29.81 29.88 29.88 29.88 29.83 29.79 29.79 29.79 29.82 29.82 29.82 29.82 29.82 29.82 29.82 29.82 29.82 29.79 29.87 29.82 29.75 29.64 29.28 28.89 27.72 27.41 27.57 29.13 29.24 29.18 29.61 28.93 27.45 27.23 28.04 28.66 28.23 29.37 29.66 29.76 29.76 29.35 28.88 29.49 28.41 27.77 27.63 27.04 27.34 27.80 27.95 27.92 27.97 28.31
28.47 28.98 29.30 29.42 29.42 29.42 29.70 29.70 29.72 29.54 29.54 29.54 29.54 29.54 29.54 29.54 29.54 29.76 29.76 29.76 29.76 29.81 29.81 29.81 29.88 29.88 29.88 29.83 29.79 29.79 29.79 29.79 29.82 29.82 29.82 29.82 29.82 29.79 29.79 29.79 29.80 29.91 29.85 29.78 29.73 29.74 29.39 27.71 28.41 29.21 29.46 29.74 29.74 29.64 28.82 27.17 26.93 26.68 26.80 27.63 28.73 29.16 29.32 29.45 29.43 29.62 29.64 29.43 29.14 28.21 27.93 27.46 27.29 27.66 27.76 28.72 28.67
28.26 29.17 29.52 29.60 29.60 29.70 29.84 29.70 29.72 29.72 29.72 29.76 29.76 29.76 29.76 29.74 29.76 29.76 29.76 29.76 29.76 29.81 29.81 29.81 29.88 29.88 29.88 29.83 29.83 29.79 29.79 29.79 29.79 29.83 29.82 29.82 29.82 29.82 29.82 29.82 29.83 29.90 29.82 29.79 29.76 29.39 28.96 28.96 29.12 29.47 29.28 29.70 29.74 29.69 29.59 28.18 27.85 27.60 27.63 27.32 27.32 28.60 29.48 29.30 29.18 29.14 29.60 29.26 29.30 29.15 28.71 28.28 28.44 29.21 29.00 28.63 29.35
28.12 28.18 29.13 29.60 29.70 29.70 29.84 29.70 29.72 29.72 29.76 29.76 29.76 29.76 29.74 29.74 29.76 29.76 29.76 29.76 29.81 29.81 29.81 29.81 29.90 29.88 29.88 29.88 29.83 29.83 29.79 29.79 29.79 29.79 29.83 29.83 29.82 29.82 29.82 29.82 29.85 29.83 29.81 29.78 29.78 29.45 29.24 28.27 29.37 29.08 29.36 28.99 29.73 29.61 29.29 27.83 27.70 28.15 28.60 27.20 27.02 26.27 28.68 29.60 29.37 29.29 29.36 29.53 28.91 29.11 29.33 29.09 29.05 28.67 28.27 27.48 28.46
28.71 26.87 28.60 29.41 29.69 29.80 29.84 29.70 29.72 29.72 29.76 29.76 29.76 29.74 29.74 29.70 29.76 29.76 29.76 29.76 29.81 29.81 29.81 29.92 29.90 29.88 29.88 29.88 29.83 29.83 29.79 29.79 29.79 29.79 29.81 29.83 29.83 29.80 29.80 29.85 29.83 29.81 29.81 29.80 29.80 29.70 29.45 29.60 29.42 29.18 29.22 29.37 29.75 29.33 28.31 27.18 27.63 28.50 27.51 27.81 28.58 27.32 29.15 29.44 28.76 29.00 29.06 29.55 29.63 29.62 29.42 28.89 28.71 28.76 28.13 28.66 28.07
28.07 28.24 28.54 28.87 29.70 29.78 29.83 29.79 29.57 29.53 29.76 29.76 29.74 29.74 29.73 29.70 29.76 29.76 29.76 29.81 29.81 29.81 29.81 29.92 29.90 29.88 29.88 29.88 29.83 29.83 29.83 29.79 29.79 29.79 29.79 29.81 29.83 29.83 29.86 29.97 29.94 29.89 29.85 29.71 29.75 29.75 29.44 29.15 29.20 29.16 29.71 29.67 29.52 29.72 29.20 27.91 25.43 27.78 28.12 27.45 27.43 27.68 28.75 29.68 29.45 28.86 28.78 28.94 29.06 29.15 29.11 28.69 28.48 28.62 29.15 28.90 29.42
27.21 27.55 27.98 29.42 29.70 29.71 29.90 29.86 29.59 29.80 29.73 29.74 29.74 29.73 29.78 29.70 29.76 29.76 29.76 29.81 29.81 29.81 29.81 29.92 29.90 29.88 29.88 29.88 29.88 29.83 29.83 29.77 29.79 29.79 29.79 29.81 29.81 29.87 29.89 29.95 29.90 29.87 29.79 29.75 29.67 29.63 29.25 28.96 29.40 29.76 29.75 29.70 28.95 29.27 29.47 28.89 26.82 27.37 28.46 28.69 25.71 26.67 27.43 29.12 28.37 28.42 28.66 28.30 27.95 28.00 28.32 29.20 28.35 29.00 28.61 29.18 29.09
26.71 27.75 28.00 28.94 29.69 29.73 29.87 29.93 29.86 29.84 29.83 29.82 29.73 29.73 29.78 29.70 29.76 29.76 29.81 29.81 29.81 29.81 29.92 29.92 29.90 29.91 29.88 29.88 29.88 29.83 29.83 29.83 29.77 29.79 29.79 29.77 29.81 29.86 29.90 30.01 29.90 29.93 29.75 29.69 29.67 29.67 29.69 29.41 29.40 29.78 29.75 29.66 29.54 28.82 29.40 29.22 28.70 27.30 28.44 28.41 26.12 26.73 27.50 28.20 27.67 28.20 26.98 28.16 29.23 28.40 28.44 28.53 28.63 28.92 28.78 28.83 28.87
27.30 26.82 28.51 28.10 29.55 29.75 29.80 29.93 29.99 29.94 29.85 29.87 29.87 29.69 29.78 29.70 29.76 29.76 29.81 29.81 29.81 29.86 29.92 29.92 29.90 29.91 29.88 29.88 29.88 29.77 29.83 29.83 29.77 29.77 29.70 29.80 29.81 29.80 30.00 29.96 29.82 29.94 29.64 29.44 29.59 29.70 29.69 29.64 29.40 29.59 29.77 29.73 29.69 29.51 29.34 28.68 28.71 27.63 27.92 29.12 28.16 25.98 27.47 27.22 26.44 26.15 26.66 27.30 29.29 29.34 27.89 28.08 28.30 28.75 29.21 28.57 29.00
28.06 27.87 28.20 28.39 29.04 29.75 29.77 29.83 29.77 29.71 29.89 30.00 29.97 29.87 29.84 29.76 29.78 29.80 29.81 29.81 29.86 29.90 29.92 29.92 29.90 29.91 29.92 29.88 29.88 29.77 29.83 29.83 29.78 29.66 29.77 29.79 29.76 29.70 29.87 30.02 29.96 29.87 29.84 29.62 29.61 29.55 29.67 29.71 29.66 29.60 29.61 29.53 29.40 29.50 29.37 29.61 29.73 28.59 28.94 29.68 29.19 25.95 27.77 26.37 27.25 26.17 25.63 27.34 28.09 28.99 28.14 28.63 29.39 29.22 29.25 28.97 28.83
27.56 28.51 27.59 28.41 28.02 29.52 29.78 29.82 29.81 29.71 29.88 30.03 29.96 29.87 29.88 29.86 29.83 29.81 29.81 29.86 29.86 29.90 29.92 29.92 29.90 29.91 29.92 29.88 29.88 29.77 29.80 29.89 29.84 29.83 29.84 29.82 29.79 29.73 29.59 29.81 29.86 29.82 29.82 29.68 29.59 29.59 29.55 29.65 29.64 29.66 29.54 29.75 29.59 29.15 29.27 29.74 29.58 29.77 29.75 29.76 29.74 28.78 26.38 27.07 28.83 28.63 26.53 27.44 27.52 27.69 28.46 28.47 29.00 29.19 28.76 28.62 28.62
28.16 27.67 27.67 27.16 27.35 29.35 29.77 29.80 29.70 29.62 29.76 29.82 29.90 29.86 29.97 29.88 29.87 29.90 29.85 29.85 29.90 29.90 29.92 29.92 29.90 29.91 29.92 29.94 29.95 29.95 29.99 29.97 30.00 29.93 29.85 29.88 29.74 29.81 29.83 29.83 29.82 29.75 29.71 29.66 29.68 29.63 29.60 29.44 29.59 29.71 29.71 29.80 29.82 29.65 29.75 29.63 29.45 29.57 29.74 29.74 29.74 29.67 27.77 26.64 28.15 29.14 27.54 27.50 26.50 27.96 26.95 25.76 26.80 27.93 27.94 27.76 28.81
28.46 27.86 28.25 27.55 28.59 29.22 29.77 29.81 29.83 29.68 29.84 29.85 29.90 29.92 29.94 29.86 29.86 29.89 29.84 29.84 29.85 29.86 29.90 29.94 29.95 29.97 29.99 29.97 30.01 30.07 30.05 30.05 30.02 29.93 29.83 29.88 29.79 29.85 29.88 29.83 29.79 29.58 29.78 29.49 29.62 29.50 29.45 29.18 29.54 29.68 29.83 29.82 29.82 29.79 29.74 29.74 29.74 29.51 29.51 29.62 29.66 29.70 29.51 28.28 26.56 27.73 29.22 29.37 27.72 27.80 28.16 27.98 28.59 27.89 27.31 27.67 26.89
28.91 28.91 27.73 28.87 28.47 29.25 29.79 29.84 29.66 29.54 29.87 29.88 29.91 29.91 29.91 29.84 29.82 29.85 29.87 29.84 29.83 29.86 29.86 29.85 29.96 29.99 29.96 29.91 30.01 30.08 29.97 29.99 29.95 29.89 29.89 29.89 29.82 29.86 29.81 29.83 29.66 29.30 29.72 29.61 29.13 29.50 29.64 29.10 29.67 29.25 29.73 29.78 29.75 29.81 29.75 29.76 29.77 29.69 29.63 29.68 29.44 29.51 29.68 29.32 27.61 27.35 28.34 29.51 28.80 27.71 29.43 28.97 28.38 28.62 27.96 27.99 27.20
29.38 29.23 28.81 27.95 29.19 29.19 29.80 29.85 29.78 29.40 29.90 29.92 29.91 29.91 29.84 29.85 29.79 29.86 29.88 29.90 29.91 29.89 29.87 29.86 29.97 29.94 29.93 29.92 30.04 30.08 29.98 29.97 29.94 29.95 29.91 29.93 29.86 29.86 29.65 29.76 29.41 29.21 29.59 29.39 29.49 28.96 29.60 29.17 29.59 29.41 29.84 29.80 29.80 29.68 29.66 29.71 29.73 29.69 29.51 29.51 29.48 29.73 29.58 29.46 29.21 27.64 26.11 27.90 28.11 29.24 29.15 28.89 29.46 29.32 28.77 28.14 26.28
29.22 29.24 28.66 28.89 28.36 29.04 29.29 29.86 29.89 29.93 29.77 29.91 29.90 29.92 29.94 29.84 29.70 29.60 29.73 29.91 29.92 29.91 29.90 29.90 29.96 29.88 29.89 29.92 30.00 29.97 29.95 29.95 29.96 29.97 29.93 29.93 29.71 29.87 29.54 29.44 28.99 29.51 29.70 29.13 29.73 29.41 29.66 29.48 29.40 29.37 29.39 29.78 29.84 29.84 29.79 29.73 29.71 29.70 29.73 29.54 29.25 29.24 29.65 29.57 29.67 28.78 27.40 26.01 27.85 28.55 27.36 28.66 29.45 28.75 28.76 28.89 27.51
29.32 29.64 29.29 29.18 28.87 28.76 29.51 29.90 29.93 29.85 29.68 29.68 29.79 29.93 29.95 29.77 29.87 29.80 29.63 29.63 29.71 29.77 29.90 29.91 29.91 29.89 29.89 29.92 29.95 29.93 29.93 29.93 29.98 29.98 29.97 29.95 29.27 29.63 29.46 28.33 29.61 29.02 29.84 28.98 29.83 29.77 29.59 29.45 29.20 29.19 29.29 29.60 29.73 29.71 29.72 29.68 29.73 29.56 29.64 29.56 29.30 29.35 28.88 29.01 29.39 29.31 29.40 26.95 25.15 28.22 26.41 28.86 29.61 29.29 28.33 28.87 29.35
29.59 29.83 29.45 29.24 29.10 29.18 29.17 29.16 29.93 29.93 29.89 29.79 29.87 29.93 29.94 29.95 29.73 29.74 28.86 29.83 29.39 29.59 29.88 29.76 29.91 29.92 29.93 29.95 29.97 29.94 29.95 29.96 29.99 30.00 29.98 29.95 29.74 29.52 28.98 29.27 29.26 29.59 29.25 29.90 29.87 29.63 29.67 29.80 28.95 29.53 29.21 29.64 29.75 29.73 29.66 29.64 29.63 29.69 29.62 29.48 29.44 29.60 29.48 28.87 29.09 29.24 29.39 29.22 26.26 25.63 26.22 28.03 28.97 29.03 29.16 29.32 29.38
29.70 29.85 29.84 29.11 29.53 29.01 29.01 29.72 29.94 29.91 29.86 29.69 29.91 29.93 29.96 29.92 29.87 29.88 29.21 29.47 29.37 29.12 29.62 28.94 29.28 29.77 29.95 29.98 29.99 29.97 29.94 29.96 29.98 29.95 29.98 29.92 29.46 29.57 28.97 29.33 29.15 29.53 28.83 29.58 29.91 29.91 29.84 29.88 29.45 29.72 29.40 29.57 29.78 29.81 29.69 29.55 29.61 29.57 29.59 29.47 29.33 28.94 29.45 29.30 29.52 29.47 28.89 29.36 29.31 27.22 27.20 27.54 28.34 28.58 28.11 29.56 29.74
29.79 29.68 29.92 29.73 29.82 29.74 29.45 29.66 29.96 29.93 29.93 29.70 29.84 29.90 29.94 29.82 29.89 29.71 29.30 29.32 29.92 29.09 29.53 29.25 29.27 29.17 29.84 29.96 30.00 29.98 29.97 29.96 29.90 29.96 29.82 29.96 29.16 29.65 29.82 29.13 29.31 29.42 29.75 29.89 29.79 29.82 29.85 29.90 29.85 29.75 29.81 29.84 29.82 29.70 29.34 29.73 29.66 29.55 29.48 29.43 29.25 29.10 28.90 29.05 29.55 29.65 29.48 29.30 29.27 29.45 28.30 25.90 27.19 27.50 26.84 28.04 28.89
29.95 29.91 29.50 29.62 29.94 29.73 29.38 29.72 29.95 29.84 29.82 29.75 29.72 29.93 29.98 29.96 29.65 29.77 29.94 29.15 29.60 29.17 28.31 29.66 29.21 29.36 29.12 29.94 29.13 29.99 29.88 29.93 29.94 29.97 29.69 29.94 29.42 29.45 29.73 29.78 29.82 29.80 29.78 29.65 29.87 29.90 29.89 29.89 29.74 29.84 29.85 29.76 29.84 29.49 29.61 29.58 29.50 29.56 29.55 29.43 29.21 29.49 29.22 29.41 29.18 29.43 29.65 29.51 29.30 28.61 29.08 28.34 27.74 26.79 27.72 27.62 28.06
29.84 30.00 29.48 29.31 29.91 29.64 29.72 29.44 29.53 29.83 29.68 29.74 29.88 29.99 30.00 30.00 30.01 29.57 29.98 29.55 29.68 29.41 29.64 29.18 29.00 29.64 29.22 29.64 29.64 29.51 29.94 29.65 29.88 29.36 29.99 29.82 28.81 29.93 29.70 29.95 29.94 29.93 29.86 29.92 29.92 29.92 29.90 29.92 29.85 29.77 29.88 29.89 29.89 29.58 29.56 29.34 29.59 29.52 29.47 29.73 29.56 29.75 29.56 29.37 29.49 29.36 29.80 29.73 29.38 28.64 28.68 28.85 29.52 27.61 27.06 28.34 28.79
29.85 29.75 29.84 29.71 29.80 29.82 29.80 29.79 29.33 30.00 29.62 29.99 29.97 29.93 30.05 30.04 30.01 29.85 29.88 30.02 29.54 29.58 29.44 29.53 29.67 29.68 29.30 29.22 29.81 29.60 29.96 29.69 29.94 29.23 29.99 29.90 29.94 29.73 29.90 29.96 29.97 29.94 29.89 29.93 29.94 29.92 29.91 29.92 29.90 29.87 29.90 29.89 29.85 29.78 29.75 29.61 29.74 29.40 29.26 28.56 29.38 29.61 29.42 29.45 29.17 29.04 29.28 29.62 29.40 28.91 29.20 28.90 28.88 29.16 28.09 26.68 28.16
29.97 29.79 29.59 29.95 29.97 29.97 30.01 29.65 29.59 30.01 29.57 30.00 29.92 29.91 29.99 30.05 30.04 30.04 29.99 29.67 30.01 29.85 29.29 29.55 30.00 29.83 29.99 29.87 29.72 30.01 30.03 29.96 30.02 29.67 29.99 29.98 29.86 29.73 29.95 29.98 29.97 29.94 29.90 29.89 29.95 29.96 29.93 29.93 29.89 29.89 29.89 29.90 29.84 29.76 29.60 29.61 29.62 29.49 29.47 28.88 29.23 29.42 29.47 28.92 28.97 29.03 28.86 29.46 29.23 29.16 29.43 29.72 28.90 29.27 29.74 28.48 28.80
29.92 29.77 29.73 29.96 29.98 30.00 29.67 29.65 29.54 30.04 30.05 30.02 30.01 30.04 30.06 30.06 30.05 29.98 30.05 29.83 30.02 29.99 29.95 29.90 29.49 29.78 30.00 29.90 29.97 30.00 29.98 30.01 30.03 30.04 30.03 29.73 29.96 29.98 29.98 29.99 29.96 29.96 29.93 29.90 29.99 29.98 29.96 29.96 29.94 29.94 29.93 29.92 29.94 29.91 29.85 29.87 29.86 29.69 29.53 29.50 29.79 29.34 29.58 29.40 29.23 29.23 28.96 29.11 29.18 29.28 29.48 29.64 29.67 29.58 29.22 29.56 28.72
29.68 29.90 29.91 29.90 30.00 30.00 29.90 30.04 29.65 30.06 30.04 30.04 30.05 30.06 30.07 30.08 30.06 30.03 30.06 29.98 30.04 30.03 30.00 30.01 30.03 30.00 29.98 29.97 29.98 29.99 29.98 29.99 30.00 30.02 30.04 30.00 30.00 29.98 30.01 29.98 29.96 29.96 29.94 29.92 29.94 29.97 29.98 29.97 29.99 29.98 29.97 29.88 29.86 29.94 29.92 29.92 29.93 29.83 29.81 29.75 29.83 29.68 29.69 29.62 29.53 29.37 29.16 28.99 28.83 29.08 29.74 29.78 29.80 29.93 30.02 29.69 29.72
29.96 29.96 29.79 29.63 30.04 30.03 29.91 30.00 30.08 30.07 30.04 30.05 30.06 30.08 30.09 30.04 30.04 30.05 30.06 30.05 30.05 30.03 30.04 30.03 30.05 30.03 29.99 29.98 29.99 29.99 29.97 30.00 30.00 30.05 30.04 29.98 29.96 29.89 30.01 29.98 29.97 29.96 29.97 29.95 29.93 29.98 29.98 29.95 29.95 29.97 29.95 29.96 29.96 29.94 29.93 29.95 29.96 29.95 29.92 29.94 29.91 29.82 29.64 29.70 29.60 29.18 29.23 29.31 29.35 29.34 29.74 29.89 29.77 29.81 29.93 30.03 29.86
