main/data/irradiance/28.10.2023.grid
ncols 839
nrows 679
xllcenter 112.0500
yllcenter -43.9500
cellsize 0.0500
nodata_value 99999.90
[rows 442 to 475 of 679, columns 385 to 461 of 839]
21.15 21.15 21.15 21.15 22.64 22.64 21.76 21.76 21.76 21.76 22.62 22.62 22.62 18.02 18.02 19.58 19.58 19.58 19.58 17.40 19.60 19.93 20.71 20.71 20.71 20.71 22.09 22.09 22.09 22.09 22.20 23.53 23.53 23.53 24.59 24.59 25.33 23.22 23.46 20.54 21.66 22.95 21.93 24.22 25.17 25.86 25.86 25.70 25.70 25.53 26.28 26.12 25.84 25.59 24.94 25.64 25.57 25.88 25.91 26.39 26.64 26.92 26.97 27.11 26.96 27.00 26.99 26.99 26.49 26.02 27.20 27.24 27.21 27.32 27.27 27.10 26.83
22.64 22.64 22.64 22.64 22.64 21.76 21.76 21.76 21.76 21.76 22.62 22.62 18.02 18.02 19.58 19.58 19.58 19.58 19.58 17.40 19.60 19.93 20.71 20.71 20.71 20.71 22.09 22.09 22.09 22.20 23.53 23.53 23.53 24.59 24.59 24.59 23.22 23.22 23.46 20.69 21.66 22.95 22.94 22.94 25.86 25.86 25.86 25.70 25.70 25.97 25.78 25.99 26.27 26.42 26.18 25.82 25.46 24.78 24.87 25.40 25.55 25.80 25.37 26.70 26.97 27.16 27.19 27.15 27.10 27.15 27.24 27.22 27.21 27.28 27.28 27.23 27.03
99999.90 21.37 21.37 21.76 21.76 21.76 21.76 21.76 21.76 22.62 22.62 18.02 18.02 19.58 19.58 19.58 19.58 19.58 19.58 17.40 19.60 19.93 20.71 20.71 20.71 20.71 22.09 22.09 22.09 23.53 23.53 23.53 23.53 24.59 24.59 23.22 23.22 23.22 20.69 20.69 20.69 22.94 22.94 22.94 25.86 25.86 25.86 25.70 25.97 25.97 25.78 26.52 26.46 26.28 26.02 25.68 25.37 24.16 24.53 24.91 25.10 25.40 25.09 25.50 25.68 27.06 27.14 27.12 27.14 27.20 27.21 27.05 27.02 27.14 27.19 27.12 26.94
99999.90 99999.90 21.76 21.76 21.76 21.76 21.76 21.76 21.76 22.62 22.62 18.02 19.58 19.58 19.58 19.58 19.58 19.58 19.58 17.40 19.60 19.93 20.71 20.71 20.71 20.71 20.71 22.09 22.09 23.53 23.53 23.53 24.59 24.59 24.59 23.22 23.22 20.69 20.69 20.69 20.69 22.94 22.94 22.94 22.94 25.86 25.86 25.97 25.97 25.97 26.52 26.52 26.54 26.32 25.48 25.64 25.71 25.07 25.07 25.02 25.23 24.75 25.15 24.92 25.18 26.19 26.00 25.52 24.79 26.64 27.18 27.03 25.95 25.84 26.37 26.79 26.87
99999.90 99999.90 99999.90 99999.90 22.62 22.62 22.62 22.62 22.62 22.62 18.02 19.58 19.58 19.58 19.58 19.58 19.58 19.58 19.58 17.40 19.60 19.93 20.71 20.71 20.71 20.71 20.71 22.09 23.53 23.53 23.53 23.53 24.59 24.59 23.22 23.22 23.22 20.69 20.69 20.69 20.69 22.94 22.94 22.94 22.94 25.86 25.86 25.97 25.97 26.52 26.52 26.54 26.54 25.18 25.12 26.01 26.79 25.94 25.80 26.07 25.38 24.17 24.58 24.66 25.56 25.29 25.58 24.72 24.68 25.76 26.98 27.16 26.56 26.15 26.19 25.78 26.80
99999.90 99999.90 99999.90 99999.90 99999.90 99999.90 20.28 20.28 18.02 18.02 19.58 19.58 19.58 19.58 19.58 19.58 19.58 19.58 19.58 17.40 19.60 19.93 20.71 20.71 20.71 20.71 20.71 22.09 23.53 23.53 23.53 24.59 24.59 24.59 23.22 23.22 20.69 20.69 20.69 20.69 20.69 22.94 22.94 22.94 22.94 25.86 25.97 25.97 25.97 25.85 25.85 25.85 25.85 25.18 24.81 25.19 25.77 25.71 24.84 25.81 24.41 24.88 25.26 24.94 25.79 24.97 23.76 24.47 24.22 26.21 26.25 27.11 27.12 26.54 25.82 25.76 26.50
99999.90 99999.90 99999.90 99999.90 99999.90 99999.90 99999.90 18.02 18.02 19.58 19.58 19.58 19.58 19.58 19.58 19.58 19.58 19.58 19.58 17.40 19.60 19.93 20.71 20.71 20.71 20.71 20.71 23.53 23.53 23.53 23.53 24.59 24.59 23.22 23.22 23.22 20.69 20.69 20.69 20.69 20.69 22.94 22.94 22.94 22.94 22.94 25.97 25.85 25.85 25.85 25.85 25.85 25.85 25.63 26.19 26.33 25.77 25.79 24.53 25.45 24.91 25.55 25.32 25.53 25.19 25.32 24.65 24.66 24.65 25.53 25.96 27.14 27.10 27.11 26.33 26.02 26.63
99999.90 99999.90 99999.90 99999.90 99999.90 99999.90 99999.90 99999.90 19.58 19.58 19.58 19.58 19.58 19.58 19.58 19.58 19.58 19.58 19.58 17.40 19.60 19.93 20.71 20.71 20.71 20.71 20.71 23.53 23.53 23.53 24.59 24.59 24.59 23.22 23.22 20.69 20.69 20.69 20.69 20.69 20.69 22.94 22.94 22.94 22.94 22.94 25.81 25.81 25.81 25.81 25.81 25.81 25.81 25.63 26.19 26.33 26.33 25.79 24.53 24.99 24.73 24.51 25.04 25.46 25.14 25.65 24.61 24.52 24.67 26.22 25.96 27.04 27.02 27.10 27.14 26.98 26.65
99999.90 99999.90 99999.90 99999.90 99999.90 99999.90 99999.90 99999.90 99999.90 99999.90 99999.90 99999.90 99999.90 99999.90 99999.90 99999.90 99999.90 99999.90 99999.90 99999.90 99999.90 99999.90 99999.90 23.53 23.53 23.53 23.53 23.53 23.53 23.53 24.59 24.59 23.22 23.22 23.22 20.69 20.69 20.69 20.69 20.69 20.69 22.94 22.94 22.94 22.94 25.81 25.81 25.81 25.81 25.81 25.81 25.81 25.81 25.81 26.19 26.33 26.33 25.79 24.99 24.99 24.82 25.02 25.46 25.52 25.29 25.98 25.17 24.63 24.69 25.32 26.14 25.06 24.86 25.54 27.04 27.13 26.64
99999.90 99999.90 99999.90 99999.90 99999.90 99999.90 99999.90 99999.90 99999.90 99999.90 99999.90 99999.90 99999.90 99999.90 99999.90 99999.90 99999.90 99999.90 99999.90 99999.90 99999.90 99999.90 99999.90 99999.90 99999.90 24.59 24.59 24.59 24.59 24.59 24.59 24.59 23.22 23.22 20.69 20.69 20.69 20.69 20.69 20.69 20.69 22.94 22.94 22.94 22.94 25.81 25.81 25.81 25.81 25.81 25.81 25.81 25.81 25.81 25.81 26.33 25.70 24.99 25.53 25.53 25.53 25.60 26.08 26.01 25.59 25.52 25.10 24.98 24.72 25.09 25.30 26.01 25.21 23.94 26.02 26.86 26.94
99999.90 99999.90 99999.90 99999.90 99999.90 99999.90 99999.90 99999.90 99999.90 99999.90 99999.90 99999.90 99999.90 99999.90 99999.90 99999.90 99999.90 99999.90 99999.90 99999.90 99999.90 99999.90 99999.90 99999.90 99999.90 99999.90 99999.90 23.22 23.22 23.22 23.22 23.22 23.22 23.22 20.69 20.69 20.69 20.69 20.69 20.69 20.69 22.94 22.94 22.94 25.81 25.81 25.81 25.81 25.81 25.81 25.81 25.81 25.81 25.81 25.70 25.70 25.70 24.90 25.10 25.10 25.10 25.44 25.78 25.97 25.39 25.40 25.08 25.11 25.15 25.94 26.35 25.73 26.00 25.33 26.38 26.95 26.67
99999.90 99999.90 99999.90 99999.90 99999.90 99999.90 99999.90 99999.90 99999.90 99999.90 99999.90 99999.90 99999.90 99999.90 99999.90 99999.90 99999.90 99999.90 99999.90 99999.90 99999.90 99999.90 99999.90 99999.90 99999.90 99999.90 99999.90 99999.90 99999.90 20.69 20.69 20.69 20.69 20.69 20.69 20.69 20.69 20.69 20.69 20.69 20.69 22.94 22.94 25.81 25.81 25.81 25.81 25.81 25.81 25.81 25.81 25.81 25.81 25.70 25.70 25.70 25.70 24.90 24.90 25.10 25.10 25.10 26.19 25.16 24.97 25.37 25.15 25.33 25.53 25.86 25.99 25.60 25.91 25.42 25.99 27.05 26.69
99999.90 99999.90 99999.90 99999.90 99999.90 99999.90 99999.90 99999.90 99999.90 99999.90 99999.90 99999.90 99999.90 99999.90 99999.90 99999.90 99999.90 99999.90 99999.90 99999.90 99999.90 99999.90 99999.90 99999.90 99999.90 99999.90 99999.90 99999.90 99999.90 99999.90 99999.90 99999.90 99999.90 99999.90 99999.90 99999.90 99999.90 99999.90 99999.90 99999.90 99999.90 26.52 25.81 25.81 25.81 25.81 25.81 25.81 25.81 25.81 25.81 25.70 25.70 25.70 25.70 25.70 25.70 24.90 24.90 24.34 24.34 25.04 25.40 25.10 25.56 25.62 25.50 25.14 25.19 26.35 26.14 25.90 26.06 26.03 25.89 26.89 26.32
99999.90 99999.90 99999.90 99999.90 99999.90 99999.90 99999.90 99999.90 99999.90 99999.90 99999.90 99999.90 99999.90 99999.90 99999.90 99999.90 99999.90 99999.90 99999.90 99999.90 99999.90 99999.90 99999.90 99999.90 99999.90 99999.90 99999.90 99999.90 99999.90 99999.90 99999.90 99999.90 99999.90 99999.90 99999.90 99999.90 99999.90 99999.90 99999.90 99999.90 99999.90 99999.90 25.81 25.81 25.81 25.81 25.81 25.81 25.81 25.81 25.70 25.70 25.70 25.70 25.70 25.70 25.70 24.77 24.77 24.94 25.16 25.33 25.08 25.42 26.07 26.40 25.97 25.71 24.87 25.29 26.68 26.22 26.88 26.86 26.64 25.22 25.29
99999.90 99999.90 99999.90 99999.90 99999.90 99999.90 99999.90 99999.90 99999.90 99999.90 99999.90 99999.90 99999.90 99999.90 99999.90 99999.90 99999.90 99999.90 99999.90 99999.90 99999.90 99999.90 99999.90 99999.90 99999.90 99999.90 99999.90 99999.90 99999.90 99999.90 99999.90 99999.90 99999.90 99999.90 99999.90 99999.90 99999.90 99999.90 99999.90 99999.90 99999.90 99999.90 25.81 25.81 25.81 25.81 25.81 25.81 25.81 25.64 25.64 25.64 25.64 25.64 25.64 25.64 25.61 25.61 25.80 26.54 25.82 25.39 25.00 25.47 25.47 26.32 25.64 25.79 25.76 26.17 27.04 27.04 27.18 26.56 26.85 26.46 25.50
99999.90 99999.90 99999.90 99999.90 99999.90 99999.90 99999.90 99999.90 99999.90 99999.90 99999.90 99999.90 99999.90 99999.90 99999.90 99999.90 99999.90 99999.90 99999.90 99999.90 99999.90 99999.90 99999.90 99999.90 99999.90 99999.90 99999.90 99999.90 99999.90 99999.90 99999.90 99999.90 99999.90 99999.90 99999.90 99999.90 99999.90 99999.90 99999.90 99999.90 99999.90 99999.90 25.81 25.81 25.81 25.81 25.81 25.64 25.64 25.64 25.64 25.64 25.64 25.64 25.64 25.64 25.64 26.01 26.09 25.28 26.03 25.34 25.74 26.09 25.94 26.51 26.02 26.53 26.01 25.39 26.22 26.68 26.64 26.18 26.82 26.40 25.41
99999.90 99999.90 99999.90 99999.90 99999.90 99999.90 99999.90 99999.90 99999.90 99999.90 99999.90 99999.90 99999.90 99999.90 99999.90 99999.90 99999.90 99999.90 99999.90 99999.90 99999.90 99999.90 99999.90 99999.90 99999.90 99999.90 99999.90 99999.90 99999.90 99999.90 99999.90 99999.90 99999.90 99999.90 99999.90 99999.90 99999.90 99999.90 99999.90 99999.90 99999.90 99999.90 25.81 25.81 25.81 25.81 25.64 25.64 25.64 25.64 25.64 25.64 25.64 25.64 25.64 25.64 25.64 26.01 26.09 25.89 26.01 26.37 26.39 26.22 26.57 26.11 26.33 26.84 26.15 24.68 26.67 26.94 27.04 27.09 25.76 25.55 25.10
99999.90 99999.90 99999.90 99999.90 99999.90 99999.90 99999.90 99999.90 99999.90 99999.90 99999.90 99999.90 99999.90 99999.90 99999.90 99999.90 99999.90 99999.90 99999.90 99999.90 99999.90 99999.90 99999.90 99999.90 99999.90 99999.90 99999.90 99999.90 99999.90 99999.90 99999.90 99999.90 99999.90 99999.90 99999.90 99999.90 99999.90 99999.90 99999.90 99999.90 99999.90 99999.90 25.81 25.81 25.81 25.81 25.64 25.64 25.64 25.64 25.64 25.64 25.64 25.64 25.64 25.64 25.64 26.01 25.30 25.30 25.72 26.47 24.84 25.47 26.27 25.69 26.47 26.17 25.66 25.16 25.99 26.68 27.09 26.98 26.56 26.38 25.52
99999.90 99999.90 99999.90 99999.90 99999.90 99999.90 99999.90 99999.90 99999.90 99999.90 99999.90 99999.90 99999.90 99999.90 99999.90 99999.90 99999.90 99999.90 99999.90 99999.90 99999.90 99999.90 99999.90 99999.90 99999.90 99999.90 99999.90 99999.90 99999.90 99999.90 99999.90 99999.90 99999.90 99999.90 99999.90 99999.90 99999.90 99999.90 99999.90 99999.90 99999.90 99999.90 99999.90 99999.90 99999.90 99999.90 25.64 25.64 25.64 25.64 25.64 25.64 25.64 25.64 25.64 25.64 25.64 26.18 26.18 26.18 24.49 24.05 23.98 24.45 25.18 25.99 25.39 23.84 23.42 24.86 26.48 26.29 26.91 26.43 25.77 25.48 25.34
99999.90 99999.90 99999.90 99999.90 99999.90 99999.90 99999.90 99999.90 99999.90 99999.90 99999.90 99999.90 99999.90 99999.90 99999.90 99999.90 99999.90 99999.90 99999.90 99999.90 99999.90 99999.90 99999.90 99999.90 99999.90 99999.90 99999.90 99999.90 99999.90 99999.90 99999.90 99999.90 99999.90 99999.90 99999.90 99999.90 99999.90 99999.90 99999.90 99999.90 99999.90 99999.90 99999.90 99999.90 99999.90 99999.90 25.64 25.64 25.64 25.64 25.64 25.64 25.64 25.64 25.64 25.64 26.18 26.18 26.18 26.18 26.20 25.38 24.86 23.42 23.79 23.57 24.84 24.32 23.94 23.96 26.90 27.11 27.08 27.03 26.35 24.29 24.36
99999.90 99999.90 99999.90 99999.90 99999.90 99999.90 99999.90 99999.90 99999.90 99999.90 99999.90 99999.90 99999.90 99999.90 99999.90 99999.90 99999.90 99999.90 99999.90 99999.90 99999.90 99999.90 99999.90 99999.90 99999.90 99999.90 99999.90 99999.90 99999.90 99999.90 99999.90 99999.90 99999.90 99999.90 99999.90 99999.90 99999.90 99999.90 99999.90 99999.90 99999.90 99999.90 99999.90 99999.90 99999.90 99999.90 25.64 25.64 25.64 25.64 25.64 25.64 25.64 25.64 25.64 26.18 26.18 26.18 25.85 25.85 25.85 26.52 26.22 23.42 24.71 25.98 24.84 25.68 24.49 25.79 26.84 26.95 27.07 27.07 26.99 24.96 23.35
99999.90 99999.90 99999.90 99999.90 99999.90 99999.90 99999.90 99999.90 99999.90 99999.90 99999.90 99999.90 99999.90 99999.90 99999.90 99999.90 99999.90 99999.90 99999.90 99999.90 99999.90 99999.90 99999.90 99999.90 99999.90 99999.90 99999.90 99999.90 99999.90 99999.90 99999.90 99999.90 99999.90 99999.90 99999.90 99999.90 99999.90 99999.90 99999.90 99999.90 99999.90 99999.90 99999.90 99999.90 99999.90 99999.90 25.64 25.64 25.64 25.64 25.64 25.64 25.64 25.64 26.18 26.18 25.85 25.85 25.85 25.85 25.85 26.52 26.22 26.22 24.71 25.98 25.98 25.68 24.49 25.97 26.12 26.93 27.13 27.07 26.99 26.71 25.65
99999.90 99999.90 99999.90 99999.90 99999.90 99999.90 99999.90 99999.90 99999.90 99999.90 99999.90 99999.90 99999.90 99999.90 99999.90 99999.90 99999.90 99999.90 99999.90 99999.90 99999.90 99999.90 99999.90 99999.90 99999.90 99999.90 99999.90 99999.90 99999.90 99999.90 99999.90 99999.90 99999.90 99999.90 99999.90 99999.90 99999.90 99999.90 99999.90 99999.90 99999.90 99999.90 99999.90 99999.90 99999.90 99999.90 25.64 25.64 25.64 25.64 25.64 25.64 25.64 26.18 25.85 25.85 25.85 25.85 25.85 25.85 25.85 26.52 26.22 26.22 24.71 25.98 25.98 25.68 25.10 25.10 26.08 26.68 26.98 27.05 27.06 27.01 26.58
99999.90 99999.90 99999.90 99999.90 99999.90 99999.90 99999.90 99999.90 99999.90 99999.90 99999.90 99999.90 99999.90 99999.90 99999.90 99999.90 99999.90 99999.90 99999.90 99999.90 99999.90 99999.90 99999.90 99999.90 99999.90 99999.90 99999.90 99999.90 99999.90 99999.90 99999.90 99999.90 99999.90 99999.90 99999.90 99999.90 99999.90 99999.90 99999.90 99999.90 99999.90 99999.90 99999.90 99999.90 99999.90 99999.90 25.64 25.64 25.64 25.64 25.64 25.64 25.85 25.85 25.85 25.85 25.85 25.85 25.85 25.85 25.85 26.52 26.22 26.22 24.71 25.98 25.98 25.10 25.10 25.10 26.52 26.63 26.38 26.51 26.81 26.90 26.63
99999.90 99999.90 99999.90 99999.90 99999.90 99999.90 99999.90 99999.90 99999.90 99999.90 99999.90 99999.90 99999.90 99999.90 99999.90 99999.90 99999.90 99999.90 99999.90 99999.90 99999.90 99999.90 99999.90 99999.90 99999.90 99999.90 99999.90 99999.90 99999.90 99999.90 99999.90 99999.90 99999.90 99999.90 99999.90 99999.90 99999.90 99999.90 99999.90 99999.90 99999.90 99999.90 99999.90 99999.90 99999.90 99999.90 25.64 25.64 25.64 25.64 25.85 25.85 25.85 25.85 25.85 25.85 25.85 25.85 25.85 25.85 25.85 26.52 26.22 26.22 24.71 25.98 25.10 25.10 25.10 26.52 26.52 25.78 23.91 25.67 26.66 26.75 25.69
99999.90 99999.90 99999.90 99999.90 99999.90 99999.90 99999.90 99999.90 99999.90 99999.90 99999.90 99999.90 99999.90 99999.90 99999.90 99999.90 99999.90 99999.90 99999.90 99999.90 99999.90 99999.90 99999.90 99999.90 99999.90 99999.90 99999.90 99999.90 99999.90 99999.90 99999.90 99999.90 99999.90 99999.90 99999.90 99999.90 99999.90 99999.90 99999.90 99999.90 99999.90 99999.90 99999.90 99999.90 99999.90 99999.90 25.64 25.64 25.64 25.64 25.85 25.85 25.85 25.85 25.85 25.85 25.85 25.85 25.85 25.85 25.85 26.52 26.22 26.22 24.71 25.98 25.10 25.10 26.52 26.55 26.55 26.55 24.34 25.02 26.40 26.74 26.27
99999.90 99999.90 99999.90 99999.90 99999.90 99999.90 99999.90 99999.90 99999.90 99999.90 99999.90 99999.90 99999.90 99999.90 99999.90 99999.90 99999.90 99999.90 99999.90 99999.90 99999.90 99999.90 99999.90 99999.90 99999.90 99999.90 99999.90 99999.90 99999.90 99999.90 99999.90 99999.90 99999.90 99999.90 99999.90 99999.90 99999.90 99999.90 99999.90 99999.90 99999.90 99999.90 99999.90 99999.90 99999.90 99999.90 99999.90 99999.90 99999.90 26.18 25.85 25.85 25.85 25.85 25.85 25.85 25.85 25.85 25.85 25.85 25.85 26.52 26.22 26.22 24.71 25.10 25.10 26.55 26.55 26.55 26.55 26.55 25.03 25.15 26.21 26.72 26.11
99999.90 99999.90 99999.90 99999.90 99999.90 99999.90 99999.90 99999.90 99999.90 99999.90 99999.90 99999.90 99999.90 99999.90 99999.90 99999.90 99999.90 99999.90 99999.90 99999.90 99999.90 99999.90 99999.90 99999.90 99999.90 99999.90 99999.90 99999.90 99999.90 99999.90 99999.90 99999.90 99999.90 99999.90 99999.90 99999.90 99999.90 99999.90 99999.90 99999.90 99999.90 99999.90 99999.90 99999.90 99999.90 99999.90 99999.90 99999.90 99999.90 26.18 25.85 25.85 25.85 25.85 25.85 25.85 25.85 25.85 25.85 25.85 25.85 26.52 26.22 26.22 24.71 26.55 26.55 26.55 26.55 26.55 25.29 25.29 25.29 24.77 26.19 26.72 26.15
99999.90 99999.90 99999.90 99999.90 99999.90 99999.90 99999.90 99999.90 99999.90 99999.90 99999.90 99999.90 99999.90 99999.90 99999.90 99999.90 99999.90 99999.90 99999.90 99999.90 99999.90 99999.90 99999.90 99999.90 99999.90 99999.90 99999.90 99999.90 99999.90 99999.90 99999.90 99999.90 99999.90 99999.90 99999.90 99999.90 99999.90 99999.90 99999.90 99999.90 99999.90 99999.90 99999.90 99999.90 99999.90 99999.90 99999.90 99999.90 99999.90 26.18 25.85 25.85 25.85 25.85 25.85 25.85 25.85 25.85 25.85 25.85 25.85 26.52 26.22 26.22 26.55 26.55 26.55 26.55 24.62 24.62 24.62 24.62 24.62 25.02 26.51 26.45 26.74
99999.90 99999.90 99999.90 99999.90 99999.90 99999.90 99999.90 99999.90 99999.90 99999.90 99999.90 99999.90 99999.90 99999.90 99999.90 99999.90 99999.90 99999.90 99999.90 99999.90 99999.90 99999.90 99999.90 99999.90 99999.90 99999.90 99999.90 99999.90 99999.90 99999.90 99999.90 99999.90 99999.90 99999.90 99999.90 99999.90 99999.90 99999.90 99999.90 99999.90 99999.90 99999.90 99999.90 99999.90 99999.90 99999.90 99999.90 99999.90 99999.90 99999.90 25.85 25.85 25.85 25.85 25.85 25.85 25.85 25.85 25.85 25.85 25.85 26.52 26.22 26.55 24.77 24.77 24.77 24.77 24.77 24.77 24.77 24.77 24.77 25.50 26.30 26.74 26.98
99999.90 99999.90 99999.90 99999.90 99999.90 99999.90 99999.90 99999.90 99999.90 99999.90 99999.90 99999.90 99999.90 99999.90 99999.90 99999.90 99999.90 99999.90 99999.90 99999.90 99999.90 99999.90 99999.90 99999.90 99999.90 99999.90 99999.90 99999.90 99999.90 99999.90 99999.90 99999.90 99999.90 99999.90 99999.90 99999.90 99999.90 99999.90 99999.90 99999.90 99999.90 99999.90 99999.90 99999.90 99999.90 99999.90 99999.90 99999.90 99999.90 99999.90 25.85 25.85 25.85 25.85 25.85 25.85 25.85 25.85 25.85 25.85 25.85 26.52 26.22 25.48 25.48 25.48 25.48 25.48 25.48 25.48 25.48 25.48 25.48 25.46 26.53 26.96 27.01
99999.90 99999.90 99999.90 99999.90 99999.90 99999.90 99999.90 99999.90 99999.90 99999.90 99999.90 99999.90 99999.90 99999.90 99999.90 99999.90 99999.90 99999.90 99999.90 99999.90 99999.90 99999.90 99999.90 99999.90 99999.90 99999.90 99999.90 99999.90 99999.90 99999.90 99999.90 99999.90 99999.90 99999.90 99999.90 99999.90 99999.90 99999.90 99999.90 99999.90 99999.90 99999.90 99999.90 99999.90 99999.90 99999.90 99999.90 99999.90 99999.90 99999.90 99999.90 99999.90 99999.90 99999.90 99999.90 99999.90 99999.90 99999.90 99999.90 25.10 25.10 26.55 25.48 25.48 25.48 25.48 25.48 25.48 25.48 25.48 25.48 25.48 25.48 26.07 26.47 26.81 26.97
99999.90 99999.90 99999.90 99999.90 99999.90 99999.90 99999.90 99999.90 99999.90 99999.90 99999.90 99999.90 99999.90 99999.90 99999.90 99999.90 99999.90 99999.90 99999.90 99999.90 99999.90 99999.90 99999.90 99999.90 99999.90 99999.90 99999.90 99999.90 99999.90 99999.90 99999.90 99999.90 99999.90 99999.90 99999.90 99999.90 99999.90 99999.90 99999.90 99999.90 99999.90 99999.90 99999.90 99999.90 99999.90 99999.90 99999.90 99999.90 99999.90 99999.90 99999.90 99999.90 99999.90 99999.90 99999.90 99999.90 99999.90 99999.90 99999.90 25.10 25.10 26.55 25.48 25.48 25.48 25.48 25.48 25.48 25.48 25.48 25.48 25.48 26.07 26.07 26.47 25.93 26.29
99999.90 99999.90 99999.90 99999.90 99999.90 99999.90 99999.90 99999.90 99999.90 99999.90 99999.90 99999.90 99999.90 99999.90 99999.90 99999.90 99999.90 99999.90 99999.90 99999.90 99999.90 99999.90 99999.90 99999.90 99999.90 99999.90 99999.90 99999.90 99999.90 99999.90 99999.90 99999.90 99999.90 99999.90 99999.90 99999.90 99999.90 99999.90 99999.90 99999.90 99999.90 99999.90 99999.90 99999.90 99999.90 99999.90 99999.90 99999.90 99999.90 99999.90 99999.90 99999.90 99999.90 99999.90 99999.90 99999.90 99999.90 99999.90 99999.90 99999.90 26.52 26.55 25.48 25.48 25.48 25.48 25.48 25.48 25.48 25.48 25.48 26.07 26.07 26.07 25.93 25.93 26.03
