main/data/irradiance/28.10.2023.grid
ncols 839
nrows 679
xllcenter 112.0500
yllcenter -43.9500
cellsize 0.0500
nodata_value 99999.90
[rows 136 to 169 of 679, columns 616 to 692 of 839]
27.17 27.11 27.10 27.09 27.16 27.06 27.10 27.02 26.90 26.85 26.91 27.09 27.35 27.12 27.12 27.24 27.15 27.10 27.01 27.11 27.05 26.80 26.76 26.71 26.75 26.28 26.34 26.42 26.68 26.50 26.60 26.47 26.61 26.70 26.75 26.61 26.45 26.41 26.17 25.63 24.72 24.71 24.87 24.72 25.01 24.99 24.93 21.96 20.98 22.21 21.64 22.19 21.72 22.16 22.95 21.59 17.47 17.19 17.19 17.19 17.60 17.46 17.46 17.46 17.46 17.46 17.46 17.46 17.46 17.46 17.46 17.46 14.35 14.44 99999.90 99999.90 99999.90
27.23 27.30 27.12 27.13 27.11 27.20 27.12 27.02 27.09 27.01 26.89 27.00 27.36 27.05 27.09 27.23 27.09 27.05 27.10 26.98 27.01 26.80 26.82 26.95 26.93 26.86 26.38 26.79 26.64 26.55 26.23 26.51 26.50 26.39 26.29 26.46 26.31 26.31 26.33 25.89 25.15 24.95 25.83 25.32 24.66 24.24 24.22 23.98 20.18 21.31 22.78 23.43 23.04 21.47 20.35 19.17 17.57 17.21 17.21 21.23 17.60 17.46 17.46 17.46 17.46 17.46 17.46 17.46 17.46 17.46 17.46 17.46 14.35 14.44 14.71 99999.90 99999.90
27.22 27.08 27.20 27.17 27.13 27.21 27.23 27.16 27.07 27.26 27.34 27.18 27.42 27.25 27.31 27.26 27.28 26.99 27.28 27.11 27.20 26.80 26.78 26.85 26.68 26.89 26.79 27.09 26.95 26.35 25.96 26.38 26.17 26.38 26.72 26.55 26.45 26.53 26.48 25.98 25.42 24.86 24.49 24.45 23.98 24.10 24.21 24.77 24.52 21.59 22.78 23.56 22.98 22.67 21.60 19.76 14.60 13.91 13.91 21.23 17.60 17.46 17.46 17.46 17.46 17.46 17.46 17.46 17.46 17.46 17.46 17.46 14.35 14.71 14.71 99999.90 99999.90
27.15 26.94 26.89 27.08 27.04 27.25 27.23 27.13 27.22 27.31 27.52 27.34 27.39 27.28 27.36 27.66 27.59 27.44 27.15 27.19 26.97 27.24 26.88 26.94 27.05 26.97 26.78 26.89 26.92 26.91 26.79 26.79 26.74 26.62 26.64 26.71 26.57 26.58 26.67 26.11 26.11 25.33 24.90 24.30 24.70 25.14 25.42 24.67 24.22 22.78 21.84 21.42 21.84 22.84 23.28 22.48 16.41 13.36 16.50 20.77 18.43 17.46 17.46 17.46 17.46 17.46 17.46 17.46 17.46 17.46 17.46 17.46 14.35 14.71 14.71 99999.90 99999.90
27.02 27.00 27.05 26.96 27.10 27.24 27.23 27.04 27.25 27.31 27.42 27.46 27.42 27.30 27.20 27.32 27.41 27.45 27.25 27.10 27.04 27.15 26.90 27.00 27.06 27.01 26.95 26.99 26.98 26.89 26.76 26.68 27.02 26.65 26.83 26.99 26.82 26.77 26.82 26.66 26.19 25.36 25.01 24.47 24.58 24.32 24.67 24.43 22.75 22.67 21.65 20.37 20.48 22.48 23.45 19.42 14.87 12.58 16.99 19.58 18.92 18.92 18.92 17.46 17.46 17.46 17.46 17.46 14.35 14.35 14.35 14.35 14.71 14.71 14.71 99999.90 99999.90
27.06 27.15 27.21 27.06 27.11 27.15 27.17 27.14 27.12 27.34 27.39 27.29 27.39 27.46 27.34 27.53 27.47 27.20 27.08 26.99 27.35 27.23 27.06 27.10 27.41 27.16 26.99 27.14 26.75 26.86 26.97 26.60 26.77 26.88 26.90 26.88 26.82 26.71 26.54 26.77 26.39 25.38 24.45 24.84 24.09 24.55 24.17 24.31 23.78 24.11 23.72 23.53 23.00 22.80 22.20 16.46 12.41 12.41 16.48 20.47 18.92 18.92 13.10 13.10 13.10 13.10 14.35 14.35 14.35 14.35 14.71 14.71 14.71 14.71 14.71 99999.90 99999.90
27.08 27.26 27.20 27.35 27.23 27.10 27.25 27.17 27.13 27.24 27.35 27.32 27.19 27.54 27.50 27.69 27.82 27.70 27.51 27.46 27.48 27.36 27.40 27.14 27.38 27.30 27.20 27.27 27.17 26.82 26.83 26.80 26.73 26.70 26.80 26.71 26.68 26.73 26.91 26.87 26.65 25.96 25.24 25.33 25.69 26.05 25.57 25.73 25.48 25.60 25.71 24.32 23.43 23.58 21.28 19.51 17.28 16.62 17.23 17.64 14.96 13.10 13.10 13.10 14.35 14.35 14.35 14.35 14.35 14.71 14.71 14.71 14.71 14.71 14.71 15.71 99999.90
27.05 27.13 27.11 27.35 27.42 27.21 27.21 27.10 27.20 27.17 27.28 27.43 27.27 27.77 27.66 27.65 27.65 27.62 27.63 27.39 27.32 27.40 27.41 27.54 27.52 27.34 27.32 27.66 27.35 26.61 26.82 26.65 26.81 27.10 27.09 26.95 27.03 27.04 26.99 26.85 26.82 26.17 26.30 26.43 26.37 25.80 25.61 25.78 25.58 25.66 26.03 24.52 22.19 24.06 23.89 22.60 21.82 20.52 19.95 16.27 14.01 12.98 12.98 14.35 14.35 14.35 14.35 14.44 14.71 14.71 14.71 14.71 14.71 14.71 14.71 15.71 99999.90
26.91 26.85 27.03 27.27 27.40 27.42 27.37 27.26 27.35 27.44 27.69 27.59 27.45 27.44 27.81 27.38 27.76 27.20 27.74 27.79 27.57 27.29 27.59 27.40 27.35 27.54 27.39 27.20 26.89 27.02 27.13 26.30 26.82 26.57 26.36 26.67 26.59 27.06 27.01 27.03 26.85 26.57 26.60 26.55 26.20 26.24 26.43 26.16 24.65 25.55 26.54 25.16 21.79 20.66 21.87 21.15 19.91 20.08 21.13 17.35 11.23 10.17 14.35 14.35 14.35 14.44 14.44 14.71 14.71 14.71 14.71 14.71 14.71 14.71 14.71 15.71 99999.90
27.12 26.96 26.99 27.27 27.35 27.36 27.41 27.42 27.42 27.42 27.49 27.45 27.69 27.51 27.75 27.75 27.59 27.52 27.58 27.64 27.46 27.40 27.17 27.35 27.24 27.11 27.12 26.81 26.62 26.92 26.31 26.27 26.22 25.92 26.21 26.47 26.29 26.49 26.84 27.07 27.08 26.69 26.51 26.06 25.72 25.72 25.81 25.91 25.73 26.45 26.67 23.75 18.09 20.65 20.54 21.23 20.04 18.12 17.48 15.99 10.01 8.77 11.67 11.67 14.44 14.44 14.71 14.71 14.71 14.71 14.71 14.71 14.71 14.71 14.71 15.71 99999.90
27.19 27.16 27.02 27.22 27.37 27.48 27.53 27.64 27.65 27.52 27.53 27.61 27.62 27.79 27.48 27.58 27.54 27.47 27.38 27.21 27.50 27.60 27.53 27.23 27.24 27.14 26.62 27.00 26.71 25.81 26.02 26.07 25.21 25.68 25.24 26.41 25.93 26.21 26.18 27.03 26.99 26.40 25.81 26.23 26.66 26.66 26.48 26.50 26.44 26.39 26.18 24.17 20.21 22.38 21.94 19.35 19.08 17.66 15.08 16.02 10.15 9.53 11.84 14.44 14.44 14.71 14.71 14.71 14.71 14.71 14.71 14.71 14.71 14.71 14.71 15.71 99999.90
27.34 27.31 27.28 27.29 27.33 27.48 27.60 27.65 27.71 27.55 27.62 27.51 27.71 27.52 27.67 27.64 27.55 27.67 27.68 27.32 27.32 27.47 27.50 26.76 26.54 27.03 26.69 26.84 26.70 24.96 25.73 25.67 25.99 25.46 25.19 26.31 25.02 26.01 25.56 26.44 25.93 25.62 25.56 25.43 26.77 26.83 26.77 26.72 26.41 26.11 24.99 24.28 20.53 20.00 19.67 17.31 15.24 13.33 12.75 11.63 8.22 12.12 13.81 13.35 14.71 14.71 14.71 14.71 14.71 14.71 14.71 14.71 14.71 14.71 14.71 15.71 99999.90
27.52 27.50 27.54 27.55 27.47 27.62 27.88 27.79 27.62 27.49 27.66 27.69 27.63 27.82 27.82 27.69 27.43 27.86 27.57 27.24 27.52 27.35 27.35 26.78 26.45 26.65 26.66 25.85 25.83 26.40 25.33 25.27 24.92 25.20 25.55 25.60 25.52 25.04 25.45 25.26 25.04 24.94 26.43 26.16 26.73 27.17 26.71 26.54 26.23 25.29 24.15 23.98 21.86 16.89 17.08 17.01 14.36 12.92 10.05 10.03 8.69 11.78 14.49 14.16 14.71 14.71 14.71 14.71 14.71 14.71 14.71 14.71 14.71 15.71 15.71 15.71 99999.90
27.40 27.56 27.59 27.66 27.61 27.78 27.74 27.76 27.59 27.42 27.44 27.65 27.68 27.73 27.65 27.89 27.53 27.53 27.23 27.33 27.57 27.52 26.86 27.08 25.66 26.05 26.26 26.08 26.04 26.08 26.08 25.31 25.58 25.67 26.36 24.81 26.09 25.87 26.09 25.68 26.04 25.89 26.50 27.17 27.32 27.24 27.09 26.83 25.41 24.67 24.70 24.07 22.04 16.82 16.06 16.29 13.85 13.39 12.51 9.79 11.03 12.14 12.20 12.90 13.21 13.21 13.21 13.21 13.21 13.21 15.71 15.71 15.71 15.71 15.71 15.71 99999.90
27.40 27.48 27.50 27.66 27.57 27.70 27.61 27.64 27.60 27.65 27.34 27.70 27.54 27.70 27.76 27.81 27.76 27.82 27.74 27.22 27.55 27.24 27.06 27.17 26.12 26.50 25.93 26.09 25.74 26.04 26.16 25.42 26.24 25.29 26.04 26.05 26.15 26.84 26.74 26.71 26.96 27.12 27.19 27.25 26.93 27.03 26.92 26.89 25.58 24.08 24.78 23.74 22.63 19.31 14.45 14.18 14.06 12.32 12.36 10.78 12.62 14.42 13.94 12.79 13.18 13.18 13.18 15.71 15.71 15.71 15.71 15.71 15.71 15.71 15.71 15.71 99999.90
27.68 27.62 27.63 27.75 27.76 27.72 27.55 27.67 27.59 27.69 27.63 27.53 27.67 27.75 27.74 27.81 27.84 27.71 27.63 27.24 27.10 27.10 26.92 26.69 26.40 26.00 26.74 25.29 26.49 25.97 25.50 26.43 26.36 26.40 26.29 26.15 26.45 26.91 27.28 27.32 27.44 27.46 27.44 27.67 27.42 27.25 26.91 26.69 25.96 24.63 25.35 24.86 23.83 22.16 16.43 15.32 14.60 13.31 13.38 13.07 15.49 15.33 13.91 13.64 13.64 13.64 15.71 15.71 15.71 15.71 15.71 15.71 15.71 15.71 15.71 15.71 99999.90
27.76 27.67 27.51 27.57 27.45 27.46 27.45 27.40 27.45 27.58 27.76 27.67 27.76 27.64 27.61 27.83 27.78 27.66 27.56 27.19 27.06 27.02 26.56 27.23 27.25 26.69 26.85 27.19 25.98 26.70 26.26 26.41 26.40 26.87 27.24 27.25 27.13 27.21 27.27 27.49 27.46 27.43 27.54 27.51 27.27 27.04 26.83 26.14 25.53 25.02 24.48 23.54 23.31 20.86 15.70 14.20 16.46 14.87 14.13 13.96 14.70 13.91 13.03 13.05 14.14 15.71 15.71 15.71 15.71 15.71 15.71 15.71 15.71 15.71 15.71 15.71 99999.90
27.57 27.50 27.40 27.43 27.32 27.34 27.46 27.44 27.46 27.59 27.66 27.66 27.75 27.70 27.66 27.58 27.67 27.69 27.77 27.32 26.76 26.60 26.97 27.01 26.95 27.07 27.07 27.33 27.46 27.02 27.07 26.92 27.12 27.06 27.29 27.24 27.04 27.03 27.28 27.40 27.45 27.51 27.48 27.21 26.75 26.02 25.84 25.09 24.54 24.60 24.88 24.02 22.77 16.58 11.43 10.68 14.71 18.38 15.54 15.21 12.66 13.28 13.06 12.97 13.57 15.71 15.71 15.71 15.71 15.71 15.71 15.71 15.71 15.71 15.71 15.71 99999.90
27.53 27.42 27.32 27.39 27.33 27.27 27.24 27.19 27.34 27.50 27.53 27.58 27.58 27.75 27.67 27.44 27.42 27.56 27.58 27.77 27.25 26.88 27.23 26.99 26.99 26.80 27.27 27.45 27.31 27.34 27.50 27.45 27.53 27.36 27.28 27.15 27.07 27.09 27.20 27.37 27.49 27.34 27.18 26.66 26.32 26.06 26.01 25.74 25.33 25.14 24.00 22.62 22.38 18.93 13.38 12.62 13.17 13.86 13.24 14.03 13.80 13.78 14.39 14.57 14.60 14.60 14.60 15.71 15.71 15.71 15.71 15.71 15.71 15.71 15.71 15.71 99999.90
27.51 27.31 27.30 27.34 27.43 27.41 27.26 27.21 27.32 27.36 27.48 27.49 27.57 27.62 27.67 27.61 27.56 27.39 27.47 27.65 27.61 27.21 27.37 27.30 27.25 27.03 27.41 27.41 27.57 27.32 27.39 27.03 27.02 27.06 27.44 27.16 27.16 27.22 27.24 27.28 27.23 27.05 26.67 26.11 25.91 25.31 25.22 24.54 24.48 24.44 23.70 23.53 23.47 19.21 17.54 17.34 14.37 13.68 11.16 13.69 16.41 15.42 12.41 15.05 15.55 15.55 15.55 15.55 15.55 15.71 15.71 15.71 15.71 15.71 15.71 15.71 25.47
27.25 27.35 27.27 27.38 27.40 27.43 27.26 27.31 27.42 27.39 27.47 27.39 27.40 27.18 27.57 27.49 27.46 27.63 27.29 27.59 27.74 27.52 27.14 27.25 27.09 27.41 27.35 27.01 27.26 27.32 27.41 27.17 26.87 26.59 27.09 27.23 27.25 27.31 27.09 26.70 26.90 26.98 26.10 25.39 25.07 24.89 24.45 24.59 24.01 23.66 23.41 23.04 23.49 23.15 20.23 16.00 10.78 12.81 13.89 13.99 17.16 11.43 9.01 14.95 15.54 15.54 15.54 15.54 15.54 15.54 15.54 15.54 15.54 15.71 15.71 15.71 25.47
27.19 27.27 27.24 27.30 27.31 27.31 27.17 27.14 27.33 27.36 27.53 27.44 27.42 27.25 27.55 27.57 27.19 27.01 27.22 27.67 27.70 27.57 27.22 26.92 27.00 26.93 27.16 27.16 27.21 27.29 27.33 27.00 26.72 26.65 26.91 27.27 27.05 27.26 27.26 26.90 26.91 26.61 25.92 25.25 24.97 24.62 24.40 24.43 24.32 24.42 24.28 23.54 23.27 23.71 20.99 16.18 11.42 10.30 12.60 14.75 15.37 13.22 13.51 15.51 16.44 16.44 16.44 16.44 16.44 16.44 16.44 16.44 16.44 16.44 16.44 25.47 25.47
27.13 27.27 27.30 27.08 27.21 27.20 27.16 27.36 27.31 27.11 27.66 27.60 27.57 27.34 27.36 27.25 27.11 27.00 26.56 27.62 27.63 27.70 27.30 27.53 26.67 26.94 26.98 26.58 27.04 27.28 27.07 26.75 26.96 26.82 27.08 27.15 27.25 27.14 27.08 26.91 27.01 26.63 26.04 25.62 25.19 25.44 25.08 24.40 24.50 23.92 23.43 23.24 23.53 24.80 23.35 16.08 11.56 8.56 12.88 16.64 18.35 15.61 15.68 16.66 19.55 19.55 19.55 19.55 19.55 19.55 19.55 19.55 19.55 25.47 25.47 25.47 25.47
27.34 27.31 27.15 27.10 27.19 27.28 27.25 27.30 27.45 27.29 27.31 27.92 27.67 27.58 27.31 27.36 27.02 27.35 26.76 27.29 27.46 27.64 27.25 27.49 27.14 27.21 26.83 26.59 27.05 27.21 26.79 26.78 26.83 27.12 26.98 26.94 27.20 27.21 27.22 27.07 26.96 26.55 25.84 25.71 25.19 25.09 24.31 23.94 23.24 23.96 23.76 23.61 23.22 23.46 22.79 18.81 11.96 10.81 16.85 20.38 20.23 19.67 19.61 20.77 19.55 19.55 19.55 19.55 19.55 19.55 19.55 25.47 25.47 25.47 25.47 25.47 25.47
27.28 27.37 27.21 27.11 27.18 26.92 27.15 27.21 27.43 27.35 27.31 27.56 27.55 27.42 27.49 27.41 26.90 27.29 27.22 27.52 27.28 27.36 27.45 27.54 27.07 27.38 26.88 26.86 26.74 27.23 26.40 27.22 27.25 26.79 26.89 27.10 26.98 27.05 27.12 27.13 26.76 26.18 25.97 25.68 25.01 25.20 24.50 24.03 23.56 23.87 24.01 23.79 24.30 23.07 23.32 19.59 14.02 14.62 16.89 20.61 21.77 21.22 21.75 22.45 22.45 22.45 19.55 19.55 19.55 25.47 25.47 25.47 25.47 25.47 25.47 25.47 25.47
27.38 27.28 27.30 27.29 27.20 27.09 27.36 27.41 27.34 27.48 27.38 27.42 27.40 27.07 27.26 26.84 27.16 27.11 27.20 27.33 27.07 27.29 27.27 27.36 27.24 27.02 26.63 26.69 26.87 27.19 26.14 26.81 27.10 26.32 26.93 27.21 27.33 27.33 27.13 26.93 26.57 26.21 25.92 25.41 25.19 24.92 24.90 24.74 24.64 24.45 23.84 23.56 24.21 22.90 22.81 21.70 18.15 16.35 15.14 18.62 19.82 20.96 22.39 23.22 23.22 23.22 23.22 23.22 25.47 25.47 25.47 25.47 25.47 25.47 25.47 25.47 25.47
27.53 27.42 27.29 27.24 27.19 27.17 27.29 27.33 27.33 27.25 27.65 27.35 27.50 27.18 26.57 27.12 26.10 27.38 26.80 27.27 26.62 26.73 26.73 26.99 27.13 26.49 26.20 25.57 26.78 27.09 26.86 26.69 25.86 25.82 27.17 27.12 26.63 27.19 27.07 26.57 26.55 26.51 25.93 25.42 25.16 25.16 25.24 24.67 24.73 23.72 24.53 23.38 23.36 22.58 23.36 23.48 23.24 19.02 12.90 17.74 19.11 19.10 21.08 23.22 23.22 23.22 20.90 20.90 25.47 25.47 25.47 25.47 25.47 25.47 25.47 25.47 25.47
27.55 27.53 27.46 27.33 27.24 27.36 27.18 27.46 27.58 27.60 27.62 27.63 27.51 27.47 26.86 27.11 26.61 26.69 26.85 27.12 25.99 26.26 26.46 27.10 27.03 26.92 26.22 26.09 26.01 26.07 26.42 25.85 25.47 26.35 26.51 27.18 26.64 26.95 26.72 26.63 25.94 25.87 25.38 25.08 25.11 24.68 24.95 24.82 24.08 24.22 23.41 23.58 25.12 24.23 23.76 23.54 23.21 22.53 20.31 18.62 18.38 18.35 21.26 21.26 21.26 20.90 20.90 20.90 25.47 25.47 25.47 25.47 25.47 25.47 25.47 19.73 19.73
27.60 27.57 27.55 27.48 27.32 27.19 27.21 27.31 27.62 27.42 27.57 27.57 27.43 27.49 27.01 27.01 26.30 25.63 26.32 26.67 25.89 25.87 26.38 26.76 27.06 26.98 26.53 24.78 24.80 25.95 25.76 26.21 24.78 25.34 26.38 27.20 26.58 26.41 26.99 26.25 25.85 25.33 25.21 25.73 24.74 24.33 24.76 24.39 24.65 23.86 24.62 25.20 24.12 23.52 24.11 22.95 24.43 23.78 22.98 16.30 16.33 20.53 21.48 21.48 16.35 20.90 20.90 20.90 25.47 25.47 25.47 25.47 25.47 19.73 19.73 19.73 19.73
27.53 27.60 27.37 27.28 27.47 27.22 27.08 27.46 27.77 27.80 27.59 27.47 27.36 27.25 27.00 26.74 26.52 25.30 25.43 25.73 25.69 25.58 25.77 26.60 27.34 26.65 26.77 26.01 25.46 25.49 25.80 25.50 25.99 25.13 25.73 25.61 25.90 26.33 26.80 26.08 25.52 25.63 25.63 25.79 25.22 25.38 25.04 25.11 24.52 24.61 24.60 24.90 23.81 23.61 22.16 20.72 20.69 23.20 24.02 20.29 17.38 17.74 17.40 16.35 16.35 20.90 20.90 20.90 25.47 25.47 25.47 19.73 19.73 19.73 19.73 19.73 19.73
27.77 27.72 27.50 27.43 27.50 27.28 27.50 27.61 27.61 27.66 27.65 27.56 27.24 27.15 26.78 26.81 26.33 24.97 24.70 25.66 25.63 25.43 26.11 26.66 27.08 27.09 26.89 25.94 26.31 25.01 25.39 25.43 25.09 25.02 25.59 26.19 26.28 26.87 26.56 26.11 25.86 25.53 25.77 25.52 25.35 25.38 25.02 24.96 24.80 24.57 24.43 24.53 24.64 22.99 23.98 23.45 20.21 18.66 18.84 18.05 12.33 15.39 16.50 15.49 16.29 16.29 20.90 20.06 21.74 21.74 19.73 19.73 19.73 19.73 19.73 19.73 19.73
27.65 27.58 27.70 27.53 27.47 27.17 27.68 27.68 27.69 27.85 27.77 27.50 27.23 27.19 26.80 26.46 25.54 25.44 24.91 25.04 25.36 26.28 26.81 27.15 27.06 25.68 26.70 25.49 25.85 26.55 25.76 26.42 25.86 26.31 26.48 27.18 27.39 27.12 26.63 26.02 26.20 25.83 25.70 25.96 25.83 25.50 25.73 25.43 25.60 25.31 23.91 24.51 24.51 23.74 22.74 22.33 19.36 17.02 17.22 16.92 15.03 16.17 15.27 17.35 15.80 18.53 20.65 20.06 21.51 19.73 19.73 19.73 19.73 19.73 19.73 19.73 19.73
27.84 27.61 27.65 27.48 27.47 27.52 27.62 27.48 27.58 27.78 27.64 27.38 27.26 27.20 26.96 26.50 25.40 23.79 24.11 24.62 25.33 26.35 26.73 27.14 26.99 25.77 26.51 25.70 26.11 25.90 26.12 26.71 27.08 26.80 27.15 27.30 27.39 27.05 26.57 26.42 26.34 26.21 26.47 26.23 26.31 25.93 25.67 25.54 25.99 25.65 25.47 25.78 25.21 24.28 23.02 22.62 20.58 17.55 17.63 18.57 16.65 17.51 17.32 19.09 18.43 20.80 18.75 18.75 22.77 17.39 17.39 17.39 17.39 17.39 17.39 17.39 17.39
27.71 27.78 27.57 27.42 27.44 27.59 27.55 27.61 27.57 27.70 27.48 27.40 27.05 27.25 27.05 26.02 25.83 24.08 25.13 25.87 26.49 26.60 26.76 26.93 27.09 26.64 26.13 26.10 26.27 26.66 26.71 27.06 27.28 27.20 27.36 27.39 27.29 27.06 26.67 26.56 26.48 26.36 26.62 26.82 26.76 26.62 25.70 26.11 25.22 24.84 25.75 24.92 24.90 24.13 22.63 21.31 20.70 18.02 14.98 14.33 15.12 16.14 16.70 18.59 20.62 21.60 16.89 16.89 22.77 17.39 17.39 17.39 17.39 17.39 17.39 17.39 17.39
