main/data/irradiance/29.05.2023.grid
ncols 839
nrows 679
xllcenter 112.0500
yllcenter -43.9500
cellsize 0.0500
nodata_value 99999.90
[rows 408 to 441 of 679, columns 616 to 692 of 839]
12.67 12.81 12.79 12.98 13.16 13.11 13.16 13.18 13.07 13.16 13.15 13.21 13.22 13.21 13.15 13.12 13.08 13.12 13.10 13.19 13.19 13.10 13.06 13.06 12.92 12.99 12.96 12.72 12.96 13.09 12.91 13.07 13.03 13.02 12.94 13.05 13.05 13.08 13.07 12.95 13.02 13.01 12.99 13.03 12.89 12.82 12.80 12.96 12.97 13.07 13.13 13.15 13.12 13.17 13.13 13.07 13.00 13.00 13.06 13.05 13.02 13.01 13.00 13.05 13.00 13.05 13.07 13.11 13.12 13.02 12.93 12.81 12.93 13.02 12.93 12.96 13.02
12.72 12.88 12.82 12.86 12.95 12.95 13.08 13.17 13.11 13.16 13.10 13.06 13.14 13.16 13.11 13.17 13.15 13.18 13.08 12.81 12.98 13.14 13.07 12.90 12.88 12.96 12.82 12.93 12.96 13.09 13.01 12.90 12.87 12.98 12.79 12.95 12.86 12.90 12.83 13.01 13.08 13.02 13.00 12.62 12.55 12.96 13.09 13.10 13.06 13.13 13.12 13.09 13.13 13.07 13.11 13.08 13.05 13.02 13.00 13.00 12.81 12.86 12.91 12.95 13.02 13.00 13.07 12.89 12.70 12.59 12.64 12.74 12.95 12.72 12.94 12.82 12.95
12.68 12.78 12.89 12.83 12.78 12.89 12.98 12.97 13.10 13.01 13.08 13.13 13.17 13.11 13.13 13.13 13.10 13.06 13.04 13.04 13.09 13.08 13.09 12.80 12.63 12.72 12.90 12.76 12.96 12.93 13.01 12.90 12.87 12.93 12.95 12.97 12.63 12.97 12.99 12.94 12.89 12.74 12.68 12.73 12.80 13.06 13.12 13.03 12.96 13.10 13.10 13.04 13.10 13.04 13.05 13.01 12.89 12.78 12.69 12.95 12.97 12.77 12.93 12.66 12.63 12.57 12.56 12.66 12.58 12.47 12.46 12.63 12.69 12.87 12.76 12.74 12.67
12.70 12.49 12.65 12.78 12.80 12.85 13.03 12.95 12.96 13.07 12.92 12.92 13.11 12.97 13.05 12.90 12.83 12.74 12.87 12.89 12.87 12.80 12.63 12.79 12.74 12.83 12.68 12.69 12.70 12.97 12.99 13.00 13.00 12.88 12.67 12.70 12.79 12.82 12.88 12.75 12.64 12.66 12.65 12.73 12.99 12.94 13.01 12.96 13.00 12.97 13.09 12.97 13.01 13.01 12.90 12.91 13.01 12.79 12.88 12.79 12.82 12.85 12.89 12.99 12.86 12.86 12.51 12.70 12.73 12.72 12.61 12.42 12.46 12.54 12.72 12.89 12.88
12.67 12.68 12.75 12.78 12.78 12.76 12.68 12.90 12.91 12.86 13.03 13.03 12.99 12.96 12.95 12.90 12.86 12.79 12.83 12.63 12.80 12.82 12.91 12.41 12.50 12.82 12.74 12.53 12.54 12.73 12.77 12.95 12.82 12.72 12.92 12.99 12.80 12.65 12.60 12.55 12.66 12.58 12.81 12.85 12.76 12.84 12.95 12.95 12.95 12.87 13.00 12.90 13.00 12.99 12.88 12.92 12.80 12.96 12.98 12.88 12.77 12.97 12.95 12.71 12.76 12.84 12.79 12.54 12.63 12.62 12.38 12.76 12.37 12.46 12.21 12.41 12.55
12.68 12.64 12.67 12.55 12.52 12.87 12.82 12.88 12.91 12.57 12.86 12.82 12.76 12.89 12.92 12.93 12.78 12.81 12.60 12.61 12.77 12.81 12.64 12.76 12.87 12.66 12.42 12.42 12.44 12.61 12.62 12.69 12.72 12.82 12.67 12.65 12.74 12.58 12.50 12.38 12.81 12.64 12.73 12.92 12.84 12.59 12.62 12.80 12.78 12.87 12.99 12.88 12.94 12.93 12.86 12.95 12.81 12.98 12.87 12.86 12.84 12.84 12.77 12.82 12.84 12.84 12.72 12.75 12.57 12.41 12.40 12.34 12.34 12.40 12.45 12.37 12.54
12.75 12.85 12.61 12.76 12.72 12.64 12.81 12.86 12.68 12.77 12.70 12.91 12.82 12.85 12.54 12.53 12.76 12.64 12.47 12.61 12.66 12.61 12.74 12.63 12.63 12.58 12.56 12.65 12.60 12.70 12.23 12.53 12.44 12.63 12.70 12.54 12.27 12.84 12.75 12.71 12.62 12.56 12.81 12.68 12.77 12.73 12.80 12.83 12.90 12.95 12.84 12.84 12.86 12.80 12.80 12.93 12.94 12.82 12.72 12.74 12.71 12.62 12.82 12.68 12.63 12.67 12.78 12.78 12.58 12.50 12.33 12.19 12.37 12.59 12.50 12.39 12.11
12.60 12.58 12.43 12.54 12.62 12.64 12.65 12.65 12.72 12.81 12.71 12.67 12.81 12.75 12.67 12.39 12.97 12.94 12.75 12.56 11.95 12.23 12.48 12.77 12.93 12.85 12.67 12.52 12.37 12.60 12.59 12.32 12.20 12.30 12.23 12.17 12.42 12.46 12.47 12.77 12.90 12.79 12.62 12.48 12.60 12.62 12.66 12.86 12.71 12.89 12.93 12.83 12.74 12.86 12.82 12.74 12.80 12.73 12.76 12.75 12.80 12.79 12.66 12.64 12.75 12.63 12.65 12.74 12.66 12.57 12.58 12.47 12.12 12.13 12.40 12.58 12.29
12.80 12.88 12.64 12.48 12.37 12.61 12.37 12.65 12.55 12.76 12.65 12.33 12.56 12.69 12.87 12.85 12.47 12.41 12.42 12.42 12.65 12.54 12.48 12.67 12.44 12.45 12.78 12.76 12.63 12.71 12.70 12.55 12.45 12.41 12.55 12.36 12.18 12.46 12.82 12.73 12.62 12.63 12.80 12.71 12.77 12.67 12.74 12.76 12.84 12.82 12.76 12.80 12.91 12.85 12.92 12.83 12.89 12.91 12.84 12.68 12.82 12.75 12.71 12.63 12.62 12.60 12.71 12.69 12.75 12.66 12.49 12.68 12.52 12.35 12.68 12.38 12.21
12.71 12.73 12.75 12.74 12.57 12.38 12.41 12.36 12.65 12.61 12.55 12.29 12.51 12.41 12.51 12.43 12.67 12.55 12.80 12.70 12.72 12.43 12.69 12.25 12.38 12.47 12.51 12.56 12.43 12.21 12.61 12.53 12.58 12.24 12.12 12.53 12.77 12.44 12.29 12.42 12.61 12.56 12.29 12.63 12.58 12.53 12.75 12.64 12.57 12.52 12.70 12.94 12.94 12.88 12.84 12.84 12.90 12.87 12.83 12.73 12.59 12.75 12.72 12.61 12.67 12.45 12.43 12.31 12.46 12.22 12.54 12.42 12.56 12.46 12.31 12.26 12.40
12.67 12.78 12.77 12.80 12.79 12.66 12.43 12.34 12.28 12.52 12.47 12.49 12.56 12.48 12.34 12.64 12.45 12.51 12.67 12.45 12.39 12.67 12.50 12.67 12.55 12.34 12.11 12.09 12.27 12.09 12.12 12.07 12.38 12.61 12.31 12.49 12.15 12.45 12.45 12.48 12.34 12.50 12.64 12.50 12.55 12.73 12.73 12.52 12.55 12.75 12.82 12.80 12.83 12.93 12.81 12.77 12.74 12.75 12.78 12.77 12.59 12.69 12.51 12.41 12.22 12.24 12.07 12.24 11.95 12.09 12.44 12.31 12.47 12.18 11.97 12.33 12.16
12.54 12.51 12.72 12.79 12.61 12.57 12.64 12.64 12.57 12.49 12.36 12.63 12.64 12.67 12.31 12.35 12.50 12.60 12.66 12.72 12.55 12.34 12.30 12.25 12.35 12.28 11.89 11.79 11.86 11.91 12.23 12.32 12.50 12.41 12.31 12.62 12.80 12.66 12.51 12.53 12.44 12.58 12.49 12.72 12.64 12.19 12.42 12.57 12.82 12.57 12.69 12.72 12.78 12.83 12.76 12.82 12.78 12.88 12.78 12.78 12.65 12.55 12.61 12.38 12.15 12.19 12.19 11.85 12.23 12.20 12.13 12.39 12.41 12.07 12.28 12.11 11.89
12.64 12.55 12.61 12.65 12.50 12.57 12.42 12.22 12.50 12.38 12.21 12.61 12.28 12.36 12.40 12.58 12.71 12.63 12.64 12.66 12.50 12.17 12.25 12.19 12.11 12.39 12.19 12.29 12.10 12.16 12.23 12.38 12.47 12.74 12.58 12.75 12.72 12.69 12.50 12.43 12.69 12.62 12.48 12.13 12.50 12.74 12.55 12.70 12.70 12.71 12.76 12.81 12.82 12.87 12.82 12.86 12.84 12.79 12.79 12.69 12.61 12.72 12.38 12.54 12.26 12.46 12.37 12.25 11.96 12.25 12.33 12.26 12.37 11.89 11.99 12.28 12.25
12.49 12.68 12.66 12.54 12.58 12.51 12.49 12.26 12.28 12.38 12.55 12.43 12.41 12.50 12.18 12.24 12.62 12.52 12.65 12.73 12.25 12.55 12.09 12.06 12.16 12.24 12.36 12.06 12.24 12.17 12.18 12.42 12.55 12.71 12.65 12.63 12.62 12.55 12.71 12.18 12.36 12.42 12.34 12.36 12.33 12.31 12.56 12.35 12.69 12.62 12.53 12.68 12.74 12.76 12.85 12.81 12.82 12.76 12.65 12.66 12.65 12.60 12.57 12.30 12.39 12.16 12.23 12.25 12.09 11.95 12.09 12.35 12.22 12.17 12.17 12.16 12.14
12.48 12.32 12.40 12.44 12.62 12.65 12.35 12.29 12.19 12.05 12.10 12.17 12.33 12.30 12.50 12.34 12.49 12.72 12.62 12.50 12.37 11.90 12.20 12.28 12.22 12.05 12.08 12.19 11.93 12.15 12.55 12.68 12.62 12.57 12.56 12.58 12.64 12.47 12.51 12.46 12.39 12.41 12.41 12.50 12.42 12.55 12.45 12.58 12.58 12.46 12.74 12.56 12.74 12.72 12.66 12.62 12.58 12.56 12.45 12.56 12.39 12.35 12.38 12.43 12.20 12.05 12.09 12.06 11.87 11.73 11.96 12.13 12.11 12.28 12.42 12.13 12.30
12.55 12.59 12.31 12.40 12.40 12.56 12.58 12.28 11.99 11.97 11.85 11.96 12.31 12.61 12.63 12.46 12.22 12.39 12.61 12.64 12.63 12.25 12.30 12.29 11.86 12.09 12.38 12.39 12.13 12.41 12.28 12.34 12.45 12.30 12.40 12.49 12.47 12.25 12.49 12.54 12.52 12.28 12.51 12.32 12.37 12.11 12.31 12.20 12.40 12.53 12.47 12.71 12.78 12.66 12.55 12.65 12.64 12.46 12.38 12.50 12.53 12.41 12.55 12.53 11.98 11.97 11.77 11.97 11.99 11.96 12.07 11.84 12.19 12.23 12.30 11.95 11.77
12.36 12.39 12.45 12.37 12.26 12.18 12.19 12.35 12.13 12.24 12.14 11.78 12.03 12.38 12.58 12.55 12.51 12.49 12.54 12.42 12.41 12.39 12.20 12.06 11.74 11.82 12.45 12.38 12.38 12.23 12.09 12.27 12.39 12.27 11.99 12.40 12.23 12.39 12.51 12.33 12.52 12.69 12.49 12.50 12.50 12.42 12.20 12.56 12.64 12.36 12.46 12.36 12.59 12.67 12.50 12.31 12.67 12.56 12.54 12.60 12.51 12.26 12.13 11.91 11.90 11.97 11.77 11.69 11.96 12.08 12.00 12.08 11.94 11.88 11.90 12.23 12.33
12.25 12.21 12.31 12.48 12.62 12.63 12.50 12.25 12.25 11.87 11.95 11.95 12.29 12.38 12.26 12.51 12.45 12.15 12.37 12.52 12.46 12.40 11.83 12.08 11.85 12.56 12.45 12.38 12.31 12.27 12.45 12.50 12.11 11.98 11.86 11.93 12.21 12.34 12.39 12.22 12.52 12.48 12.62 11.98 12.39 12.30 12.46 12.28 12.45 12.29 12.27 12.16 12.18 12.38 12.57 12.55 12.19 12.36 12.46 12.32 12.22 12.08 11.97 12.00 11.99 12.04 12.07 12.01 12.12 12.18 12.12 11.77 12.00 12.09 12.16 12.02 11.71
12.41 12.32 12.20 12.27 12.42 12.19 12.06 12.02 12.07 12.21 12.18 12.06 12.46 12.42 11.99 12.31 12.29 12.38 12.40 12.43 12.38 12.20 11.83 11.57 12.00 12.13 12.17 12.36 12.52 12.49 12.04 12.18 11.75 12.05 12.05 11.92 11.46 11.99 12.23 12.36 12.16 12.47 12.46 12.30 12.23 12.28 12.24 12.37 12.40 12.44 12.07 12.12 11.96 11.98 12.22 12.41 12.44 12.35 12.12 12.35 12.15 12.24 12.04 11.85 12.06 11.91 11.79 11.65 11.71 11.77 11.92 12.14 11.65 11.36 11.58 12.01 12.26
12.39 12.31 12.15 12.29 12.10 12.31 11.87 11.96 12.26 12.25 12.39 12.20 12.35 12.31 12.25 12.19 12.12 12.09 11.86 12.32 12.21 12.22 12.14 12.08 12.17 12.32 11.93 11.91 12.01 12.19 11.80 12.03 11.93 12.01 12.05 11.98 11.96 11.82 11.91 11.96 12.11 12.03 12.12 12.14 12.18 12.37 12.19 12.30 12.35 12.49 12.46 12.24 12.11 11.84 12.04 12.20 12.31 11.94 12.13 12.29 12.25 12.08 12.12 12.09 12.03 12.07 11.97 11.91 11.88 11.93 11.79 11.65 11.67 11.59 11.47 11.94 12.07
12.57 12.38 12.20 11.98 12.07 12.21 12.23 12.02 12.13 12.19 12.20 12.16 12.34 12.26 12.39 12.29 12.12 12.11 11.99 12.10 12.27 12.29 12.03 12.10 11.86 12.23 11.95 11.93 12.10 12.06 11.97 12.13 12.06 11.96 11.93 11.75 11.68 11.78 11.93 11.88 11.78 11.94 11.85 12.27 12.36 12.06 12.28 12.26 12.52 12.47 12.39 12.46 12.28 12.16 11.73 11.66 11.58 11.84 11.73 11.98 12.34 12.08 11.89 12.00 12.09 12.00 11.59 11.93 11.77 11.79 11.79 11.81 11.86 11.47 11.62 11.87 11.87
12.30 12.24 12.27 12.19 12.06 12.12 12.19 11.93 12.19 12.15 12.27 12.41 12.42 12.27 12.28 12.00 11.95 12.16 11.92 11.77 12.22 12.11 12.09 12.33 12.47 12.33 12.17 12.11 12.30 12.00 12.03 12.02 12.21 12.37 12.27 12.13 11.91 12.16 11.78 12.03 12.02 11.73 11.90 12.01 12.19 12.14 12.00 12.12 12.22 12.27 12.28 12.17 12.08 11.76 11.62 11.50 11.90 11.59 11.51 11.78 12.10 12.09 11.87 11.60 11.75 11.60 11.81 11.73 11.77 11.79 11.78 11.87 11.65 11.35 11.60 11.77 12.17
12.35 12.08 12.30 12.01 11.68 11.99 11.91 11.93 11.92 11.86 12.44 12.46 12.51 12.46 12.38 12.32 11.99 12.20 12.11 12.19 11.97 11.89 12.06 12.18 12.43 12.52 12.55 12.43 12.21 12.16 12.14 12.31 12.39 12.48 12.15 12.14 12.31 12.00 11.99 12.08 12.06 12.30 12.07 11.86 11.85 11.90 12.25 12.31 12.30 12.28 12.31 12.19 12.09 12.13 11.15 11.44 11.49 12.02 11.90 11.52 11.93 11.34 11.67 12.12 11.87 11.74 11.85 11.92 11.84 11.83 12.12 11.95 11.69 11.49 11.86 11.97 12.05
12.37 12.23 12.12 11.86 11.94 11.83 11.80 11.92 11.95 11.94 12.04 11.96 11.88 12.11 12.36 12.27 12.16 11.84 12.20 12.32 11.94 11.89 12.09 12.38 12.48 12.39 12.41 12.47 12.29 12.16 12.10 12.21 12.42 12.46 12.37 12.13 12.06 11.99 12.03 12.06 12.12 12.28 12.12 12.00 11.61 11.37 11.61 11.90 12.26 12.26 12.22 11.90 11.88 11.62 11.75 11.74 11.98 11.66 11.24 11.59 11.94 11.93 12.10 11.89 11.66 11.50 11.61 11.74 11.63 11.43 11.91 11.92 11.67 11.68 12.06 11.93 11.80
12.08 11.97 12.02 11.98 12.09 12.32 11.86 11.77 11.82 11.72 12.02 12.20 12.26 12.38 12.33 12.48 12.46 12.32 12.12 12.09 11.91 11.82 11.59 11.65 12.23 12.47 12.50 12.46 12.42 12.17 12.23 11.97 12.16 12.37 12.45 12.39 12.14 12.23 12.13 11.76 11.82 11.81 12.05 11.76 11.62 11.51 11.77 11.82 11.68 11.97 11.61 12.05 12.01 11.96 11.71 10.93 11.45 11.65 11.64 11.65 11.68 11.72 11.99 12.14 12.13 11.85 11.63 11.64 11.75 11.77 11.70 11.72 11.48 11.26 11.59 11.33 11.08
11.98 11.94 12.18 11.87 12.02 12.19 11.91 11.67 11.65 11.91 12.11 12.32 12.30 12.00 11.74 12.16 12.23 12.28 12.34 12.13 11.85 11.89 11.94 11.64 11.42 12.05 12.38 12.48 12.16 11.82 11.79 12.00 11.79 12.26 12.36 12.30 12.37 12.21 11.84 12.09 11.55 11.80 11.96 11.63 11.55 11.59 11.37 11.19 11.43 11.75 12.02 11.93 11.67 11.93 12.02 11.70 11.46 11.64 11.36 11.19 11.69 11.82 11.59 11.76 11.45 11.41 11.38 11.32 11.34 11.95 11.68 11.91 11.49 11.30 11.14 11.63 11.49
11.79 11.69 11.80 12.02 12.05 12.06 12.11 11.75 11.83 11.83 11.58 11.84 12.15 12.05 12.09 12.15 11.89 11.87 11.60 12.04 11.66 11.71 11.63 11.65 11.86 11.83 11.97 11.93 11.88 11.83 11.82 11.73 12.07 11.76 11.89 12.12 11.94 12.11 12.25 11.98 12.09 12.15 11.85 12.02 11.76 11.45 11.17 10.88 11.50 11.32 11.90 12.10 11.98 11.76 11.75 11.53 11.43 11.82 11.74 11.68 11.72 11.45 11.64 11.73 11.70 11.29 11.52 11.61 11.60 11.36 10.86 11.25 11.17 11.14 11.17 11.18 10.88
11.90 11.73 11.67 11.79 11.92 11.41 11.57 11.55 11.84 11.78 12.14 12.31 11.93 11.87 11.74 11.72 11.59 12.02 12.13 12.00 12.18 12.05 11.83 11.73 11.68 11.99 11.95 12.08 12.01 11.69 11.83 11.59 11.92 12.00 11.95 12.01 11.95 12.07 12.15 11.99 12.25 11.45 12.23 11.73 11.58 12.00 11.62 11.44 11.63 11.52 11.38 11.72 11.83 11.51 11.65 11.32 10.90 11.41 11.17 11.52 11.55 11.88 11.39 11.88 11.50 11.26 11.72 10.97 10.59 10.56 11.29 11.33 10.93 11.54 10.81 11.35 11.07
11.50 10.98 10.79 11.23 11.71 11.73 11.94 12.13 11.93 11.87 11.86 11.87 11.70 11.90 12.09 12.03 11.99 11.96 12.23 12.38 12.25 11.92 11.71 11.58 11.65 11.50 11.81 12.09 12.10 12.08 11.84 11.89 11.98 11.75 11.58 11.70 12.06 11.36 12.01 12.04 11.98 11.61 11.82 12.00 12.05 11.96 11.73 11.80 11.61 11.50 11.27 11.61 11.65 11.48 11.46 11.15 11.42 11.01 11.25 11.16 10.39 11.35 11.15 11.42 11.31 11.10 11.03 11.17 11.27 10.65 10.50 10.72 11.35 11.16 11.31 11.59 11.61
11.52 11.46 11.60 11.56 11.60 11.96 11.51 11.96 12.07 11.77 12.08 11.83 11.78 12.18 12.27 12.13 12.00 12.03 12.16 11.97 12.22 12.05 11.85 11.95 11.79 11.48 12.01 12.24 12.09 12.03 11.86 11.53 11.67 11.64 11.62 12.09 11.76 11.83 11.92 11.83 11.99 11.74 11.59 11.98 12.10 12.02 11.66 11.69 11.71 11.70 11.27 11.26 11.56 11.86 11.50 11.46 11.24 10.97 11.39 11.28 11.18 11.13 10.69 10.93 11.51 11.37 11.19 10.61 10.50 11.22 10.90 11.41 10.88 11.38 11.03 11.38 11.46
11.92 11.50 11.38 11.45 11.86 12.13 11.57 11.88 11.75 12.02 12.11 11.94 11.64 11.76 11.85 11.99 11.94 11.98 12.17 12.20 12.07 11.87 11.85 11.96 11.66 11.79 11.64 12.00 11.87 11.57 12.00 11.70 11.27 11.23 11.85 11.90 11.94 11.81 11.46 11.59 12.07 11.78 11.43 12.05 11.72 11.77 11.68 11.58 11.16 11.45 11.36 11.52 11.84 11.67 11.60 11.35 11.10 10.72 10.72 11.18 11.32 11.69 11.83 11.57 11.25 10.92 11.27 11.42 11.22 11.56 10.53 10.99 10.92 10.93 10.55 10.69 11.02
11.91 11.64 11.86 12.07 12.18 11.90 11.60 11.71 12.03 11.81 11.83 12.07 11.96 11.94 11.88 11.88 11.66 11.67 11.78 11.84 11.95 11.90 12.03 11.81 11.69 11.92 11.95 11.89 11.41 11.88 11.74 11.91 11.95 11.96 11.78 11.95 11.74 11.32 11.56 11.86 12.01 11.84 11.81 12.10 11.99 11.84 11.76 11.53 11.50 11.12 11.32 11.58 11.47 11.36 11.66 11.52 11.12 11.47 11.19 11.78 11.52 11.15 11.71 11.45 11.08 11.08 11.71 11.52 11.50 11.42 11.49 11.13 10.57 10.96 11.11 11.25 11.30
11.79 12.31 12.23 12.29 11.88 12.03 11.71 11.84 11.65 11.46 11.54 11.88 11.95 11.97 11.89 11.88 12.13 12.05 12.07 11.98 11.79 11.57 12.06 11.65 11.48 11.83 11.74 11.89 11.90 11.78 12.13 11.90 11.99 11.81 11.98 11.73 12.00 11.95 11.57 11.72 11.89 11.92 11.93 11.81 12.07 11.53 11.58 12.01 11.84 11.41 11.37 11.30 10.84 11.22 11.49 11.78 11.43 11.25 11.53 11.33 10.95 11.58 11.44 11.48 11.38 10.87 11.44 11.78 11.66 11.40 11.50 10.70 10.65 10.76 10.54 10.90 10.60
12.33 12.33 12.37 12.23 12.01 12.00 11.76 11.77 11.42 11.84 11.81 11.74 12.04 11.98 11.95 11.55 11.54 11.79 11.88 11.93 12.06 12.02 12.08 11.77 11.73 11.78 11.91 12.12 11.96 11.90 11.95 11.96 12.02 11.93 11.83 11.99 11.15 11.54 12.03 11.59 11.76 12.06 12.05 11.72 11.51 11.40 11.50 12.03 11.68 11.28 11.47 11.50 11.56 11.41 11.26 11.64 11.28 11.67 11.44 11.83 11.93 11.33 11.77 11.10 11.10 10.92 11.08 11.25 11.12 11.07 11.51 11.27 11.13 11.23 10.73 10.78 11.08
