main/data/irradiance/29.01.2023.grid
ncols 839
nrows 679
xllcenter 112.0500
yllcenter -43.9500
cellsize 0.0500
nodata_value 99999.90
[rows 170 to 203 of 679, columns 539 to 615 of 839]
13.40 13.67 12.99 13.59 12.25 12.15 10.79 11.59 12.46 13.30 12.07 13.16 13.49 14.32 16.61 18.04 19.15 19.74 19.35 19.21 19.47 20.36 20.57 21.21 21.35 22.12 22.09 23.08 23.16 24.89 25.95 25.03 25.24 25.82 26.93 27.13 26.07 24.96 23.77 24.74 24.21 24.64 25.14 26.30 26.55 27.30 27.29 26.70 26.65 27.37 26.94 25.91 27.58 27.86 27.57 27.04 27.54 27.95 28.19 28.06 28.19 28.25 28.01 27.70 28.02 27.86 27.95 27.87 27.98 27.64 27.62 27.33 27.78 28.16 28.51 28.70 28.26
14.70 15.00 13.36 12.02 12.70 12.68 11.85 12.01 12.72 12.74 15.30 15.45 14.93 15.40 17.61 18.06 20.29 20.33 18.66 18.93 19.09 18.36 20.48 21.06 19.74 21.74 20.70 22.19 21.31 23.06 24.11 24.70 25.62 26.95 25.81 26.99 26.08 23.76 23.30 23.10 23.67 23.49 25.12 26.24 25.90 26.51 26.53 25.87 26.48 26.98 26.76 26.73 26.92 27.47 27.43 27.38 28.19 28.33 28.49 28.11 28.19 28.43 28.10 27.77 28.18 27.98 27.57 27.74 27.62 26.75 27.19 27.39 27.77 28.28 28.45 28.26 28.16
14.91 14.40 13.08 12.67 12.89 12.74 12.88 13.58 13.11 12.21 15.53 16.78 16.28 17.25 18.74 18.19 18.36 19.52 19.87 17.73 17.76 18.26 18.12 19.26 17.91 19.89 19.57 22.00 21.49 20.28 22.31 24.39 26.21 26.17 25.81 26.30 25.24 24.18 23.34 22.55 24.12 24.36 25.21 25.69 26.04 26.22 26.18 26.62 26.63 25.80 27.04 26.86 26.99 27.20 27.14 27.67 28.25 28.45 28.17 28.19 28.16 28.07 28.07 27.95 28.04 27.85 27.40 27.64 27.35 27.55 26.68 27.15 28.24 27.41 28.01 28.29 27.00
17.06 16.19 14.85 13.43 14.05 14.14 14.23 14.69 14.69 15.25 17.21 17.84 16.63 18.59 19.17 17.95 17.31 19.07 20.17 18.54 17.41 18.26 17.97 18.15 17.20 17.36 18.71 21.50 21.47 18.65 20.43 22.86 25.64 24.85 25.61 26.19 26.06 25.79 24.22 21.65 22.86 24.13 24.31 25.18 25.79 25.43 25.61 25.87 25.99 26.18 26.52 26.94 26.82 26.72 27.79 28.32 28.13 28.07 28.20 28.21 27.60 27.77 28.26 28.48 28.32 27.62 27.44 27.28 27.23 26.92 27.44 27.31 27.62 27.51 27.91 28.32 26.78
18.00 17.03 15.87 15.26 14.50 14.90 15.52 15.45 15.52 16.48 17.01 16.78 16.78 18.50 18.75 17.12 18.12 18.81 20.35 18.09 17.03 16.50 17.26 16.48 16.81 17.55 17.48 20.61 21.37 19.42 20.15 23.06 24.43 24.00 25.44 26.30 25.50 25.13 23.74 21.38 21.76 22.35 23.43 24.04 24.40 24.88 24.73 24.15 25.19 26.09 26.25 26.26 26.16 26.31 27.15 27.91 27.45 28.01 28.15 28.21 27.83 27.58 28.39 28.50 28.18 27.84 27.66 27.00 27.01 27.56 27.60 26.75 27.15 27.57 27.12 27.39 27.31
17.47 17.02 16.77 17.34 16.98 14.94 15.38 15.35 15.20 18.05 18.53 19.42 18.97 19.76 19.20 18.34 19.06 19.09 20.95 20.37 17.35 15.94 18.19 16.27 16.47 17.53 19.43 21.09 22.85 23.49 24.18 25.53 24.16 24.74 26.23 25.48 25.36 24.43 22.85 20.59 20.39 22.23 22.30 23.18 23.89 24.48 24.76 25.30 25.25 25.12 25.38 25.24 25.71 26.29 26.88 27.31 27.54 28.07 27.99 27.73 27.47 27.96 27.70 27.71 27.28 27.19 27.15 27.15 27.20 27.38 27.98 27.33 27.04 26.80 26.17 25.68 25.74
17.58 16.96 16.76 16.27 16.33 15.01 15.06 14.59 14.17 15.95 19.18 20.33 20.56 20.46 20.66 19.96 19.18 21.04 20.99 20.41 18.34 18.89 18.50 17.00 17.63 19.27 21.53 21.03 23.33 23.57 24.18 25.50 24.69 26.49 26.47 25.31 25.46 24.21 22.32 21.10 19.96 21.78 22.29 23.15 24.72 24.38 24.94 25.07 24.71 24.69 25.03 25.60 25.34 26.19 27.03 27.56 27.54 27.92 27.62 27.23 27.55 27.41 27.69 27.58 27.14 26.55 26.51 26.90 26.11 26.12 26.73 27.30 26.32 27.02 24.67 25.45 25.04
19.83 20.69 17.80 17.18 17.03 17.61 15.78 15.16 13.90 18.52 20.52 21.14 21.01 22.68 22.54 20.90 22.42 21.65 20.65 21.05 18.50 20.01 21.68 19.35 19.49 21.13 21.14 20.90 22.02 23.81 24.81 24.89 25.41 24.92 25.55 24.60 24.77 23.81 21.93 21.17 19.69 20.42 21.90 22.95 23.54 24.03 24.66 24.85 23.77 23.50 24.45 24.91 25.27 26.04 26.56 27.45 27.59 27.71 27.58 27.05 27.95 28.08 27.60 27.71 27.22 26.93 26.78 26.75 26.55 26.10 25.15 25.99 26.26 25.08 24.71 24.81 24.79
21.78 22.01 19.51 18.67 16.60 17.52 15.95 15.47 17.03 19.33 20.67 21.16 21.84 23.12 21.73 22.05 23.45 21.19 21.48 21.52 18.99 20.82 23.29 20.93 20.42 20.81 21.37 21.41 22.11 22.99 24.43 24.29 25.19 26.67 25.63 24.40 24.00 23.10 21.22 19.56 18.92 19.97 21.96 23.00 23.58 23.25 23.27 24.12 23.45 23.08 23.00 24.65 25.49 26.29 26.84 26.78 27.30 27.74 27.85 27.70 27.58 27.10 27.51 27.05 27.46 26.08 26.48 25.77 26.07 25.41 25.73 25.15 25.63 24.26 23.25 24.24 24.80
24.28 23.47 21.02 18.69 18.26 17.62 15.49 14.12 16.95 19.97 21.60 20.92 23.17 23.12 21.64 23.11 23.25 20.66 21.99 21.53 18.29 20.10 21.73 21.13 20.27 21.21 21.30 21.54 23.93 24.56 24.29 24.61 26.48 26.72 26.42 25.88 24.16 22.24 19.92 18.08 18.44 20.69 21.81 21.48 23.26 23.63 23.40 23.15 22.65 22.77 22.81 24.88 25.80 26.45 26.61 26.82 26.97 26.74 27.27 27.38 26.86 27.17 27.24 27.07 26.07 26.21 26.47 25.93 25.90 25.40 25.39 24.95 24.84 23.27 21.97 22.92 22.47
25.93 25.09 21.29 18.73 18.31 17.32 14.94 15.88 15.97 19.95 21.27 21.81 22.52 23.49 23.30 23.44 22.87 22.71 23.32 20.98 19.08 19.99 20.95 20.20 18.97 20.66 20.52 20.80 22.86 23.62 23.14 24.91 27.17 27.17 26.27 24.98 23.74 21.05 19.20 18.44 18.47 20.08 21.15 22.02 23.62 22.87 23.89 22.49 22.17 22.45 23.32 23.72 25.22 26.07 26.62 26.86 26.70 27.13 27.62 27.10 26.94 27.22 26.48 26.53 25.24 25.60 26.17 25.43 25.17 24.84 24.64 24.27 23.11 22.90 22.84 22.47 21.97
26.39 23.93 22.35 19.53 18.38 16.48 15.76 17.77 18.33 19.38 23.09 23.80 22.95 23.23 24.77 23.38 22.09 22.65 22.69 20.10 19.12 19.16 20.19 20.33 19.38 18.90 21.04 22.07 23.21 23.45 24.41 25.21 27.22 27.11 25.76 24.45 22.96 19.63 16.66 16.57 18.95 20.00 21.41 22.83 23.43 22.04 22.31 21.72 21.14 22.20 22.98 23.27 24.15 25.50 26.49 26.20 26.53 27.20 27.18 27.00 26.97 26.53 25.24 25.74 24.39 25.10 25.50 24.99 24.68 25.08 24.90 23.62 22.97 22.64 22.93 21.29 22.46
25.49 23.75 21.80 20.06 18.65 17.87 16.86 18.31 18.96 20.71 21.94 23.51 22.55 24.70 24.25 23.76 22.99 22.70 21.79 22.47 22.05 20.24 19.95 20.35 20.84 20.37 21.70 24.28 23.55 25.16 25.77 25.35 26.48 26.58 24.91 24.04 21.59 19.03 16.36 16.30 18.43 19.50 20.64 22.34 23.23 20.90 21.71 20.39 20.84 21.55 22.51 23.17 22.64 24.95 25.15 26.13 26.93 27.00 26.86 26.37 26.18 25.38 25.27 25.46 24.80 24.42 24.53 24.34 24.48 24.74 24.94 23.40 23.10 22.91 21.95 21.52 22.67
25.73 23.27 19.99 19.51 20.35 19.03 17.85 18.80 19.36 21.14 21.68 21.04 21.62 23.80 24.19 24.57 22.71 22.36 21.72 23.10 20.94 19.94 19.68 20.79 19.51 20.00 22.47 24.76 24.09 25.35 25.90 26.44 26.13 26.46 24.71 22.56 21.24 18.87 15.83 15.96 17.50 18.31 19.76 20.66 21.75 21.02 19.83 20.16 21.11 21.44 23.15 22.74 21.09 22.88 24.11 25.52 26.44 26.72 26.68 26.17 25.44 24.96 24.84 24.58 24.23 23.52 22.57 23.36 23.69 24.26 23.68 22.36 22.78 22.35 21.35 21.91 22.07
25.91 23.51 20.96 20.19 20.95 20.03 19.68 21.18 20.56 23.02 22.57 22.73 22.26 24.07 23.43 22.48 22.33 22.05 22.71 22.94 21.93 21.18 20.74 21.95 20.09 20.72 22.12 24.19 24.12 25.32 25.58 25.26 25.65 25.60 24.59 22.68 20.38 18.04 14.98 15.16 17.97 17.71 17.92 18.87 20.53 20.36 19.04 19.50 20.46 20.84 21.76 21.52 20.33 21.54 23.21 25.33 26.45 26.20 25.92 25.85 25.52 24.50 24.38 22.96 22.79 22.88 23.42 22.14 23.85 23.65 22.81 22.62 21.49 21.39 22.03 22.44 23.15
24.68 23.13 21.23 20.29 20.94 22.75 20.68 20.91 21.50 21.92 23.19 21.43 22.25 22.75 21.73 21.35 20.26 23.12 23.20 21.08 21.90 22.24 22.31 22.85 21.49 21.26 22.32 24.84 25.16 25.83 25.72 25.16 25.18 23.96 23.31 22.03 19.96 16.99 15.00 15.81 17.68 18.28 18.22 18.60 19.13 18.22 17.06 18.65 19.71 20.54 21.04 19.27 20.47 22.28 22.87 24.82 25.34 26.29 25.47 24.92 24.70 24.73 23.81 23.65 23.41 23.75 22.65 22.83 23.57 23.40 23.14 21.80 22.17 20.64 21.75 21.87 22.12
23.70 24.87 21.92 20.83 21.31 20.53 20.14 20.97 20.20 21.67 22.51 22.31 21.23 21.90 20.12 21.97 21.93 23.67 24.06 20.91 22.59 22.71 21.57 22.21 21.93 23.29 22.52 24.98 25.05 26.42 25.86 25.17 24.37 23.32 22.50 21.44 19.02 16.29 15.45 16.00 16.31 17.50 19.00 18.19 17.79 18.72 16.86 17.25 19.43 20.52 19.25 19.71 20.04 22.87 22.35 23.17 24.27 25.63 25.59 24.71 24.41 24.05 23.23 23.71 22.04 22.71 22.85 22.42 21.75 22.31 22.03 21.64 20.31 20.99 19.35 20.36 20.08
24.17 23.95 22.65 21.64 20.11 17.80 20.02 18.56 19.78 19.28 22.22 22.41 21.36 21.52 22.47 22.37 22.37 21.88 21.91 20.97 22.48 22.62 21.23 21.14 23.49 24.62 21.91 25.39 25.67 26.29 26.03 24.41 23.59 22.66 22.56 21.12 19.19 15.57 15.97 16.44 15.82 17.68 19.14 17.89 17.93 18.23 16.69 17.87 18.62 19.72 19.59 19.50 19.98 23.21 23.52 24.01 23.35 24.99 25.87 24.13 22.56 22.00 22.14 22.39 21.17 20.56 21.53 23.17 21.70 21.47 21.88 21.92 21.34 21.91 20.58 20.38 19.94
21.86 21.54 21.40 20.45 18.36 18.98 18.05 18.93 20.58 18.64 21.13 22.25 22.04 22.71 22.49 22.70 20.75 21.04 20.35 21.08 21.51 22.32 22.70 22.39 20.91 23.01 23.87 24.67 25.78 26.16 25.84 24.22 21.97 21.90 22.01 20.70 18.10 14.88 15.29 16.36 17.15 17.58 18.47 16.54 16.93 18.05 19.12 18.43 17.51 18.86 19.73 20.88 20.40 22.67 23.69 23.22 24.28 24.34 24.56 23.36 21.79 20.81 21.89 21.28 21.56 21.54 22.00 23.19 22.53 20.30 21.03 20.26 20.98 21.67 22.38 20.49 20.45
20.77 20.96 19.94 21.12 18.97 17.69 16.57 17.79 20.64 20.41 23.22 23.82 23.75 22.54 22.33 21.15 20.72 22.11 20.00 20.29 21.80 21.66 22.91 24.51 21.22 22.91 25.98 26.30 26.71 26.03 23.40 22.66 21.04 22.26 21.47 20.85 18.61 15.52 15.36 16.54 17.48 16.86 17.14 15.61 14.97 14.87 18.07 19.53 18.45 19.34 19.48 21.36 20.59 20.75 22.83 22.73 23.83 22.70 23.16 22.64 21.29 21.28 22.25 20.29 21.03 20.12 20.55 21.94 22.35 21.02 20.19 20.66 20.55 21.03 21.25 20.58 20.03
22.66 21.65 21.91 21.67 19.81 18.28 18.34 18.78 20.78 22.89 23.63 23.59 22.11 22.81 22.71 20.20 20.18 21.61 20.81 22.85 20.67 20.93 22.79 23.33 22.06 23.23 26.90 25.98 26.60 23.77 22.89 22.02 21.20 22.50 21.49 19.67 17.63 16.76 15.17 16.63 17.73 16.33 15.12 14.17 12.85 13.40 15.94 18.74 18.75 19.25 19.10 20.91 20.96 21.34 22.01 22.64 24.43 23.79 23.46 21.55 22.43 21.65 21.44 19.46 20.03 19.34 19.87 20.45 21.01 21.04 21.03 21.34 21.00 21.00 20.98 21.58 21.04
20.67 23.33 22.03 22.86 21.22 20.32 20.81 19.71 21.93 22.84 23.62 23.84 22.84 23.54 22.54 20.82 20.67 21.69 20.76 22.75 21.99 21.73 22.37 21.10 21.38 23.66 25.05 25.87 25.27 22.88 23.04 21.23 22.17 23.78 21.90 19.69 17.33 16.26 16.19 16.67 17.00 15.19 13.92 14.55 13.95 14.81 14.32 15.87 19.61 18.85 16.72 19.04 21.54 22.02 21.13 22.71 24.27 24.44 24.30 22.10 20.96 21.63 20.86 18.69 19.18 19.09 18.64 20.08 19.63 20.19 20.11 19.67 19.82 20.36 20.20 20.46 21.84
20.26 21.95 22.08 21.19 21.40 22.95 23.55 21.26 22.39 22.45 23.36 24.50 24.33 21.17 20.69 21.15 20.88 22.64 22.77 20.93 21.57 22.01 21.06 20.75 21.42 24.32 24.96 26.55 25.07 22.91 22.48 21.28 23.33 23.70 21.40 17.64 16.66 16.00 16.11 16.46 17.02 14.67 13.18 14.82 14.63 15.85 15.64 16.41 18.99 17.44 18.43 19.03 22.08 22.15 21.97 23.09 23.87 24.24 24.02 21.26 20.84 20.53 19.15 18.18 18.48 17.91 17.79 19.16 19.92 19.82 20.48 19.18 19.06 20.54 19.82 19.54 20.83
20.10 21.43 21.68 21.97 21.60 22.83 23.80 23.40 20.79 22.12 23.22 24.48 25.28 22.95 22.20 20.89 21.10 21.33 20.66 21.51 21.96 23.47 21.16 21.63 22.58 25.01 24.41 25.19 24.81 23.09 22.33 22.09 23.70 23.20 20.59 18.07 16.69 16.23 16.70 16.53 16.37 15.90 14.69 14.67 15.22 17.11 18.52 18.55 18.52 17.59 18.58 18.88 21.53 21.40 22.42 22.55 22.07 23.11 22.57 20.60 19.69 19.78 18.93 18.91 18.13 16.60 17.60 17.88 19.67 19.94 21.00 19.86 18.40 19.78 19.84 21.24 22.00
21.25 20.16 20.94 21.69 22.61 24.10 23.17 23.40 21.08 21.83 23.59 24.67 25.56 23.51 22.08 20.58 21.59 22.13 21.01 21.36 21.79 22.88 23.29 24.25 23.84 23.70 24.87 24.93 26.25 23.83 21.26 21.92 22.32 22.00 19.87 18.92 17.88 17.36 18.86 18.17 16.91 17.51 17.66 15.30 15.83 18.89 20.21 19.98 19.75 18.09 18.88 19.56 20.15 21.03 21.92 22.36 22.27 22.18 20.15 19.47 18.55 18.45 18.08 18.09 17.69 16.79 17.24 17.00 18.29 19.42 20.47 19.97 19.31 19.56 20.16 21.25 22.64
21.61 20.93 21.86 20.46 20.94 23.04 22.69 21.49 23.08 24.04 25.21 26.07 25.63 23.88 21.56 20.87 21.09 21.46 21.75 22.82 21.99 21.43 23.14 24.52 23.77 26.00 24.75 26.03 26.12 25.03 23.51 22.42 20.97 19.91 19.45 19.82 18.39 19.18 20.12 18.38 18.09 17.71 17.38 17.17 16.63 18.08 16.92 18.46 22.03 21.27 20.90 19.18 19.13 20.86 20.92 19.56 21.44 21.14 19.19 18.78 19.26 17.92 17.11 17.42 16.08 16.34 17.02 17.27 18.28 19.59 20.37 19.37 19.89 19.67 19.99 19.72 20.63
22.98 21.70 21.26 20.50 21.36 22.21 21.15 22.09 23.68 25.55 25.07 25.52 24.83 23.86 21.57 21.59 21.52 21.28 23.47 23.97 22.38 20.97 23.29 24.18 24.22 24.96 25.09 26.15 25.32 25.08 24.62 23.79 22.13 19.73 18.92 16.98 17.75 20.67 20.58 19.43 17.90 17.79 18.06 19.43 17.35 16.48 15.08 18.81 21.01 22.28 21.54 19.67 20.08 20.02 20.14 20.29 21.28 20.55 19.05 18.24 18.38 17.50 16.96 16.53 15.81 15.94 17.15 18.00 18.67 20.28 20.12 18.50 18.43 19.57 18.42 19.55 19.18
25.22 25.30 22.82 22.91 23.18 21.72 20.75 23.30 25.27 24.63 25.04 25.21 24.50 23.29 22.22 21.54 22.88 23.29 23.90 23.33 22.88 22.18 24.05 23.82 23.34 24.57 24.55 25.23 25.88 24.91 24.45 24.25 21.26 17.99 17.04 16.80 18.62 20.69 20.72 20.10 18.92 18.32 17.88 20.04 18.18 19.53 19.38 18.77 19.88 22.44 22.51 20.88 21.49 20.77 19.98 19.62 20.25 19.84 19.76 18.86 18.51 17.02 17.33 16.98 16.13 15.64 17.47 17.49 18.28 19.43 19.93 18.24 17.61 18.09 18.15 18.59 18.51
25.98 26.24 24.42 22.99 23.25 20.83 20.54 22.87 24.73 23.81 22.98 24.01 24.19 23.41 22.07 22.20 22.64 23.37 23.13 24.34 23.28 22.56 24.31 23.32 23.63 24.56 24.65 26.21 25.12 25.19 24.26 23.10 20.81 16.96 14.74 16.36 18.82 20.47 19.95 21.56 20.51 17.84 18.92 20.09 20.51 20.26 20.47 19.53 19.78 22.02 22.44 21.11 21.95 21.84 20.60 20.67 20.76 20.32 20.39 19.94 18.20 17.44 17.19 16.39 16.18 15.83 17.60 18.27 17.88 18.51 18.44 18.30 17.90 17.63 18.75 18.34 16.34
25.61 25.33 24.31 23.27 23.72 21.22 21.05 23.67 24.78 23.66 24.42 24.80 23.73 23.96 23.11 20.53 21.32 24.03 23.48 24.31 22.79 24.35 24.70 23.73 23.49 23.62 25.24 25.73 24.84 25.32 23.90 21.85 20.26 17.69 14.35 16.05 20.49 22.38 20.16 20.88 19.03 18.18 20.78 21.89 20.84 20.84 20.21 18.55 19.46 22.40 22.68 21.60 22.32 21.67 21.48 20.59 19.99 20.59 19.98 19.44 18.22 17.40 17.15 16.58 16.09 16.45 17.49 18.31 17.94 18.69 18.68 19.58 19.02 18.33 19.17 19.66 18.34
24.79 24.46 25.50 25.27 23.31 22.89 22.51 23.99 23.86 23.09 25.05 24.32 23.36 24.08 23.27 21.32 21.57 24.03 23.85 23.33 23.70 24.66 23.87 23.04 23.64 23.64 24.83 24.11 24.02 25.68 24.43 22.29 19.57 18.17 17.41 18.37 20.64 20.52 19.16 21.07 20.02 19.17 22.12 21.03 20.15 21.04 20.47 18.73 20.12 21.82 22.09 21.51 22.13 21.41 20.80 20.52 19.74 19.37 18.53 18.18 17.76 17.73 17.24 15.99 15.81 16.50 16.90 17.49 18.37 18.24 18.12 17.17 18.67 18.78 19.07 20.31 19.48
23.98 24.73 25.70 25.64 24.72 24.19 24.09 24.67 21.88 23.96 24.85 23.36 23.39 22.80 21.61 21.91 21.18 21.45 23.03 23.60 24.16 23.93 23.42 23.75 23.68 22.90 24.71 23.16 23.57 25.04 24.20 22.02 19.11 17.40 18.58 20.00 19.59 19.80 20.69 20.56 21.97 22.59 22.87 21.77 20.13 19.44 19.13 19.26 19.73 22.11 23.08 22.41 22.52 21.15 20.76 20.34 18.84 18.69 18.35 17.71 17.76 16.99 16.41 15.69 14.23 14.43 15.28 16.95 17.62 18.89 17.89 17.86 19.01 21.05 19.82 20.07 19.92
23.70 25.05 25.49 25.62 25.11 24.63 24.46 23.75 22.02 23.14 24.07 23.28 22.38 21.10 22.11 22.52 21.84 21.25 21.68 23.97 23.72 23.44 23.84 22.80 23.29 22.41 23.98 23.38 23.69 24.24 23.15 22.10 19.98 17.48 17.71 18.01 17.63 19.50 21.63 22.71 23.21 22.87 22.11 22.78 22.13 21.52 20.21 21.32 21.22 22.51 23.10 22.68 21.79 20.95 20.04 20.91 20.26 18.66 18.99 18.45 17.38 16.23 15.01 14.11 14.44 13.67 14.88 16.60 18.50 18.51 18.82 18.16 19.61 22.00 21.54 19.85 19.06
24.32 24.75 24.81 24.65 24.72 24.06 24.17 22.26 23.89 23.16 23.41 22.74 22.00 22.25 23.53 22.79 22.83 21.23 21.89 23.95 23.60 23.41 22.36 21.43 21.73 22.27 23.15 24.02 24.48 24.31 22.23 21.63 20.50 17.45 16.80 17.14 17.66 19.49 21.56 23.13 23.97 23.63 23.17 23.09 22.76 23.15 21.78 22.49 21.84 20.80 22.88 22.10 21.75 20.25 20.21 19.52 19.37 18.48 18.08 17.60 17.13 15.90 13.54 12.69 14.09 14.10 13.14 16.83 17.69 17.99 17.92 17.89 18.62 21.63 20.30 16.77 17.22
