main/data/irradiance/29.01.2023.grid
ncols 839
nrows 679
xllcenter 112.0500
yllcenter -43.9500
cellsize 0.0500
nodata_value 99999.90
[rows 306 to 339 of 679, columns 539 to 615 of 839]
22.19 23.48 23.41 20.63 21.03 21.28 20.52 20.09 19.75 19.83 20.59 22.03 23.07 21.83 23.62 22.94 24.48 23.29 23.63 21.68 21.69 23.92 22.90 23.50 23.95 23.11 22.33 23.76 25.09 25.23 24.70 24.07 24.19 26.26 26.80 26.50 27.43 26.20 24.95 24.78 24.09 24.09 23.77 24.60 25.03 25.00 24.75 23.93 24.62 24.37 24.27 25.27 23.18 24.51 23.54 22.45 22.13 23.06 21.59 21.13 21.55 20.91 20.59 20.60 20.52 21.51 22.69 23.08 22.95 19.58 19.97 19.74 18.93 19.56 20.95 20.65 19.92
21.46 23.02 21.70 20.18 20.59 21.98 21.14 20.38 19.77 20.62 20.22 22.69 23.85 22.34 22.40 23.02 22.52 21.87 21.78 22.26 22.83 22.46 21.64 23.66 22.84 22.22 20.94 23.26 24.29 25.19 25.26 25.03 23.18 25.82 27.03 27.48 28.06 26.35 26.05 25.34 24.91 25.63 24.02 24.24 24.65 24.09 24.25 24.18 24.90 25.07 24.57 24.93 25.13 25.48 23.90 22.18 22.39 22.71 21.14 20.12 20.40 21.18 20.58 20.95 20.86 21.50 23.19 22.61 22.18 20.26 20.27 19.47 19.68 20.20 20.49 20.10 19.37
21.44 22.48 20.61 20.49 20.85 22.36 20.42 19.96 19.87 19.50 20.69 22.43 22.22 21.69 21.33 22.32 19.48 19.45 20.33 22.66 22.11 20.05 20.71 23.33 23.49 22.55 22.15 22.92 22.82 24.72 24.55 22.98 24.15 25.11 26.57 27.49 27.00 27.37 26.95 25.59 25.58 25.15 25.06 24.27 24.54 23.59 24.47 24.08 25.19 24.16 23.18 22.72 24.83 24.08 22.83 21.93 22.66 22.55 20.15 19.44 19.13 19.90 20.15 20.58 21.68 21.15 23.13 22.58 20.87 20.85 21.55 20.50 20.08 20.26 20.04 20.19 20.58
22.30 21.76 20.35 20.80 20.81 20.02 19.85 19.62 20.47 20.40 20.90 21.15 20.95 20.18 19.39 20.74 17.33 17.83 21.25 20.87 20.40 19.62 20.03 20.94 19.21 18.82 19.81 19.97 22.47 23.38 23.26 23.77 22.98 24.40 23.56 25.22 26.72 26.61 26.24 25.74 24.44 25.44 24.64 23.72 22.12 22.04 24.14 22.94 22.62 22.54 23.05 22.82 23.66 23.01 22.46 21.21 21.56 21.24 20.51 19.86 19.82 19.89 19.92 20.32 21.36 20.81 21.67 20.66 20.74 21.68 22.06 21.51 20.53 20.33 20.00 20.03 21.39
21.94 22.09 20.89 21.12 20.15 18.29 18.87 18.49 19.45 21.29 22.96 20.68 19.36 20.22 19.04 17.97 16.22 16.77 18.48 20.16 21.18 21.55 20.71 18.78 19.54 18.61 18.82 20.59 22.29 23.63 23.52 24.10 25.17 25.19 23.73 23.96 24.90 25.45 26.93 26.60 25.45 25.83 24.08 23.73 21.53 20.97 23.18 22.23 22.42 21.55 22.04 21.64 22.26 22.85 20.89 21.06 21.42 20.38 20.45 20.52 19.98 18.96 19.79 20.49 21.57 20.43 20.37 20.01 21.48 22.13 21.60 20.58 20.44 20.34 19.80 20.96 22.05
21.98 22.50 21.46 21.35 19.97 19.48 19.31 18.47 19.62 21.53 22.10 21.27 19.16 19.77 18.77 18.13 17.44 16.64 17.21 17.66 19.65 19.14 17.14 17.20 18.14 21.17 19.38 21.05 21.66 22.89 22.58 21.77 24.14 24.65 24.37 23.91 24.64 24.46 25.94 25.82 23.68 23.66 21.54 22.63 21.66 20.49 22.55 21.77 21.19 20.51 19.25 19.83 21.02 20.78 20.38 19.83 20.53 20.60 20.62 20.46 19.98 19.12 19.34 20.39 21.37 19.01 19.56 20.63 20.35 20.60 20.44 20.36 21.44 21.05 20.97 20.91 20.54
21.99 22.46 21.52 21.46 21.55 21.05 20.07 19.37 19.82 20.70 21.01 19.74 20.68 20.23 19.96 18.61 16.60 16.92 16.57 16.91 18.43 17.81 17.21 18.28 17.90 20.79 20.36 20.44 21.61 21.89 21.70 22.38 23.78 24.08 24.85 24.99 24.99 24.66 25.18 24.80 21.41 20.43 20.83 21.46 21.12 20.04 21.55 21.05 20.80 19.48 18.74 19.86 19.71 20.18 20.80 19.61 19.81 20.28 20.31 20.79 20.74 19.20 18.95 19.63 20.35 19.29 19.07 19.33 19.76 19.83 20.00 20.23 20.77 20.66 21.63 21.39 20.40
22.91 22.77 20.95 22.36 22.41 21.58 20.76 19.84 19.66 20.45 19.79 19.51 21.14 21.48 19.65 18.01 16.47 17.18 16.25 17.23 19.06 18.92 18.38 19.09 18.58 20.71 20.23 20.31 19.58 20.01 22.80 23.62 23.41 24.02 23.35 22.68 22.80 22.89 23.54 23.57 21.89 21.45 21.12 21.53 21.84 20.63 20.69 19.97 19.45 18.34 18.92 19.02 19.24 19.69 18.80 19.26 18.38 19.37 20.35 19.58 19.82 20.12 19.01 19.21 19.93 20.21 19.56 19.05 19.39 20.30 20.97 20.90 20.57 21.17 22.19 21.57 21.49
21.60 21.67 22.24 23.75 23.46 21.88 22.07 20.73 20.30 19.77 19.09 18.29 19.42 20.66 19.68 19.21 17.04 17.12 16.20 17.62 18.17 17.39 18.04 18.44 18.33 19.41 20.36 19.08 18.68 18.04 20.36 20.83 21.21 21.75 22.46 21.61 21.56 21.09 21.89 21.81 21.89 20.36 20.01 20.49 21.52 19.84 19.27 18.60 17.93 17.56 18.57 18.57 18.64 18.96 17.70 17.42 17.86 18.17 19.31 19.34 18.87 19.61 18.61 17.68 19.54 20.12 19.58 19.43 19.99 20.59 20.61 21.34 21.55 21.83 21.63 21.32 21.20
22.65 21.86 22.79 23.37 22.93 21.73 20.99 20.27 19.99 19.60 18.59 17.90 17.69 20.55 20.76 20.07 19.09 19.27 18.66 18.59 18.37 18.64 18.09 18.03 19.07 19.03 18.54 18.35 18.71 18.75 19.11 18.55 18.91 20.40 20.91 19.61 20.03 21.32 20.43 19.96 18.77 17.99 20.51 21.10 19.97 19.00 17.59 16.96 18.49 17.09 18.58 18.31 18.36 16.33 16.12 16.76 16.88 18.19 18.80 19.50 18.74 19.02 18.54 18.75 19.32 18.56 18.35 19.28 19.99 19.87 20.64 21.03 21.05 20.93 21.10 20.72 21.32
21.63 21.09 23.70 22.95 21.71 21.64 20.73 20.77 19.89 19.47 18.88 18.92 18.96 20.19 20.76 20.67 20.08 19.60 18.48 19.63 19.92 19.05 17.91 17.74 18.59 18.66 18.78 19.26 18.83 19.01 19.38 18.67 18.25 19.81 21.73 20.29 19.62 20.29 20.64 19.41 18.32 18.67 18.81 18.30 18.74 18.84 16.73 16.42 17.33 16.51 19.25 20.22 19.14 16.52 14.40 16.26 15.82 16.69 17.86 18.27 17.05 17.24 17.78 18.64 18.48 18.04 19.28 19.60 19.09 20.02 20.18 20.51 20.61 21.40 21.67 20.71 20.79
21.70 20.07 21.15 21.27 21.42 21.36 22.20 21.71 19.97 19.55 19.76 18.74 18.06 19.13 19.96 20.96 19.36 19.50 19.55 20.71 21.10 19.17 17.51 17.05 19.05 18.35 18.07 18.71 17.76 18.16 18.08 18.07 19.40 20.47 20.40 18.50 16.77 17.85 18.59 17.82 17.87 19.22 18.68 18.53 18.64 18.35 16.66 16.54 17.27 17.26 20.29 20.28 19.29 16.92 15.25 16.07 16.63 16.31 15.97 17.09 16.32 17.65 17.93 19.22 18.06 17.70 19.52 19.45 20.34 20.03 20.32 20.45 20.59 20.91 21.46 22.23 21.37
20.60 20.46 20.16 19.34 20.81 20.95 20.75 20.34 20.04 20.10 18.45 18.45 18.51 17.94 18.63 20.21 18.67 19.54 20.28 21.07 21.08 20.26 19.11 17.80 18.95 19.55 18.35 18.85 16.95 16.99 17.22 18.45 19.65 19.02 17.95 16.83 16.00 16.88 16.38 16.48 18.13 18.83 18.43 18.96 18.82 19.09 17.57 16.61 16.48 16.60 18.39 18.74 17.49 15.87 15.20 15.67 18.08 16.08 15.85 16.83 16.71 17.78 18.20 18.94 18.38 18.17 19.33 20.25 20.78 20.77 20.93 21.67 20.81 20.73 20.77 21.54 22.30
20.15 20.35 20.08 21.37 20.87 21.50 21.58 21.30 21.26 19.49 19.40 19.14 18.87 18.74 18.90 20.21 19.31 20.60 21.16 22.60 20.14 21.70 21.16 19.12 19.17 18.59 18.35 17.76 15.51 15.92 17.22 18.61 18.86 18.48 17.88 16.19 16.09 17.57 17.39 16.49 18.46 19.55 19.28 18.93 17.12 18.36 16.74 16.77 15.89 15.91 17.17 17.13 15.81 14.42 15.25 16.61 16.86 14.61 15.08 16.15 18.63 18.33 18.36 18.30 17.71 18.21 19.26 19.98 20.51 21.24 21.28 22.25 21.79 21.47 21.36 22.25 22.37
22.22 20.62 20.10 20.97 21.14 20.59 21.68 20.00 20.48 19.24 18.18 18.58 18.54 18.47 18.95 19.10 19.03 20.35 20.17 19.41 19.27 20.15 19.97 18.32 18.53 18.63 16.32 16.73 16.82 16.79 17.66 18.01 17.84 18.28 17.64 16.32 16.96 17.01 15.33 14.60 14.88 15.38 16.83 18.59 17.35 18.10 16.87 16.57 15.21 14.31 16.28 15.25 14.80 14.78 15.62 16.25 16.04 14.19 15.23 17.33 17.85 18.04 18.25 17.94 18.38 18.79 19.13 20.28 20.77 21.08 21.10 21.58 21.66 21.52 21.17 21.24 22.14
22.43 20.61 19.72 19.69 20.15 21.45 19.95 19.94 20.20 19.05 18.36 18.91 18.98 18.76 17.91 18.88 20.31 20.96 20.14 18.58 19.66 20.97 20.27 17.80 17.72 18.00 17.07 18.29 18.75 17.92 18.25 18.12 17.36 17.23 15.62 14.95 15.56 14.32 14.81 14.75 15.12 15.02 15.79 17.41 17.74 17.46 16.61 16.87 14.94 14.13 15.29 15.74 16.23 16.40 16.14 14.74 15.42 14.10 16.46 16.31 17.73 18.15 17.95 17.58 17.64 19.09 19.64 21.46 20.76 20.97 20.81 20.83 20.96 20.83 20.80 20.84 21.75
20.42 22.40 20.73 19.58 19.70 21.55 22.41 20.66 20.10 19.37 18.93 18.88 18.84 17.50 18.42 18.93 21.43 20.58 18.65 17.99 19.43 20.75 19.55 16.35 15.52 17.54 18.25 17.99 18.45 18.47 18.92 17.61 15.58 17.03 15.38 13.83 14.49 14.33 15.07 16.07 16.12 16.36 16.11 16.68 17.65 17.03 17.05 16.05 14.29 14.53 16.27 16.45 16.61 15.42 15.71 15.41 14.61 14.94 16.26 15.52 17.62 17.92 17.07 17.57 17.18 18.32 19.10 21.27 21.19 20.82 20.64 20.58 20.98 21.06 20.79 21.02 21.68
21.96 21.46 20.66 20.31 18.74 19.02 20.51 21.01 20.93 20.05 19.69 17.50 17.84 18.91 18.81 20.15 20.08 20.17 18.29 17.04 18.29 19.20 16.50 13.81 15.02 17.52 17.27 18.23 18.07 18.10 18.35 17.68 15.52 16.39 14.42 14.70 15.43 16.31 16.04 16.51 17.46 16.49 16.65 16.44 16.49 16.00 15.13 16.01 15.88 15.97 14.26 15.48 14.51 14.21 15.10 13.67 14.87 16.37 14.94 17.61 19.22 17.80 16.91 17.81 18.24 17.44 20.02 21.13 20.52 20.69 20.68 20.91 20.66 20.57 20.69 20.87 21.30
22.91 21.65 20.38 20.23 19.88 19.93 20.41 20.58 20.77 20.83 19.23 18.45 18.67 19.08 18.71 19.55 19.32 18.55 17.25 17.91 17.29 15.69 15.24 14.41 16.73 15.65 17.02 18.22 18.27 17.76 17.08 16.97 15.01 15.91 15.69 14.77 15.36 15.92 15.38 16.03 18.13 17.42 16.85 16.10 16.49 15.54 15.92 15.45 14.68 15.09 15.00 14.78 15.42 14.61 15.36 13.06 13.77 16.43 16.26 19.04 18.82 17.55 17.05 17.13 17.95 19.38 20.59 20.92 20.24 19.99 20.13 20.45 20.47 20.80 20.72 20.85 21.52
22.22 23.22 20.83 20.46 20.82 19.67 20.05 21.19 20.16 20.04 19.61 20.66 20.35 20.41 18.82 18.69 17.28 16.68 15.96 16.87 16.25 15.29 14.63 15.23 16.99 15.02 16.51 18.04 18.31 16.89 16.89 16.37 15.64 15.62 14.54 15.21 14.99 14.73 15.43 15.97 16.17 16.53 16.75 17.05 15.89 14.40 15.99 14.67 12.92 13.63 15.73 15.58 17.13 16.05 15.47 14.10 13.94 15.37 16.23 17.04 17.08 17.22 16.68 17.54 17.89 19.37 20.55 20.42 19.49 19.66 19.79 20.06 20.32 20.81 20.71 21.27 21.65
23.27 22.57 20.91 21.52 20.95 21.53 21.98 22.39 21.42 20.39 20.86 19.86 20.05 20.77 17.88 17.95 16.86 16.40 16.27 15.84 16.12 15.59 14.33 15.81 17.45 15.41 14.45 14.81 15.90 15.70 14.74 15.57 14.59 14.59 13.54 14.09 13.47 13.12 15.62 16.06 16.61 16.87 15.00 15.79 15.56 14.24 14.37 15.55 12.18 13.05 14.52 16.16 16.33 15.31 14.71 15.21 15.90 16.66 18.14 17.82 16.59 16.72 16.39 17.21 18.75 19.49 20.40 21.00 19.86 19.76 19.49 20.67 20.81 20.72 21.21 20.98 21.21
21.87 21.60 21.00 20.73 21.67 22.98 22.41 22.56 21.13 18.90 19.01 19.91 19.70 19.11 17.99 17.22 17.13 16.75 15.61 14.97 14.24 15.59 15.28 16.37 16.99 16.26 14.09 15.11 15.99 15.01 14.81 15.24 15.66 14.23 14.07 13.74 12.98 12.30 14.52 15.13 15.38 15.94 16.02 15.72 15.43 14.10 14.69 13.43 11.55 13.61 15.54 16.59 15.29 15.27 14.94 16.11 16.41 16.54 17.51 17.60 16.77 17.03 16.03 17.20 19.00 19.29 19.89 20.58 20.24 19.82 20.12 20.92 20.95 20.93 20.95 20.97 20.76
19.18 21.49 21.22 20.45 21.31 22.64 22.13 23.00 20.68 19.47 17.73 18.37 16.22 16.50 15.95 15.90 17.13 16.80 15.58 14.10 14.00 16.21 14.67 15.71 16.01 15.31 13.96 15.74 14.80 13.32 15.30 15.94 15.06 14.30 14.67 14.18 13.38 13.89 13.74 13.42 14.36 15.60 16.12 15.66 14.31 13.00 13.81 14.31 13.95 15.27 16.63 16.62 15.25 15.73 15.25 15.16 15.19 14.70 15.88 17.68 16.42 17.31 16.46 17.94 18.31 18.70 19.68 20.44 20.19 20.39 20.29 20.41 20.99 20.57 20.42 20.03 20.44
19.50 21.09 21.25 19.57 19.80 20.57 20.77 22.30 20.98 19.39 17.40 16.46 16.26 16.94 15.74 15.76 16.42 16.09 15.90 15.06 15.34 15.06 13.73 14.75 14.35 13.77 13.93 16.05 14.72 14.08 15.77 16.94 14.61 13.11 14.12 13.58 13.54 14.30 13.95 12.43 13.87 15.28 15.46 14.37 14.65 14.10 13.49 13.28 14.15 15.46 14.90 14.92 14.71 15.08 14.59 13.14 14.07 14.57 16.68 17.14 16.30 16.49 16.70 16.78 17.70 18.27 19.92 19.91 20.74 20.73 19.86 19.56 20.03 20.38 19.78 19.53 20.31
18.94 19.54 20.79 19.21 18.56 19.48 20.86 20.95 20.85 19.46 17.32 17.33 17.22 17.33 16.86 16.72 16.51 16.56 16.38 15.59 16.02 15.17 13.70 13.74 13.41 13.63 14.76 15.93 14.00 15.07 15.84 14.98 14.20 12.81 13.08 13.68 13.68 12.94 13.23 13.87 14.63 13.38 13.15 13.04 14.17 14.32 12.83 13.74 13.21 13.16 13.35 13.88 15.60 14.74 15.10 14.72 13.91 16.71 17.40 16.17 15.99 15.55 16.70 17.86 17.97 18.24 18.82 19.63 20.43 20.90 19.93 19.28 19.19 19.87 19.79 19.86 19.57
18.00 18.52 18.97 16.43 17.77 18.76 20.13 20.76 20.00 17.70 18.11 17.16 18.47 19.00 17.94 17.71 18.04 16.38 16.42 16.89 17.26 15.18 14.68 14.03 12.44 12.50 13.18 14.33 12.97 15.66 14.92 13.80 13.20 11.43 12.18 13.22 13.43 13.15 12.56 12.84 12.54 12.72 13.13 12.96 14.03 15.06 14.33 14.01 13.16 12.17 12.81 13.02 16.17 15.13 14.32 15.17 13.37 16.47 16.65 15.67 16.70 16.44 17.72 18.15 16.65 17.81 18.75 18.41 19.88 20.47 20.00 19.39 19.05 19.46 20.06 19.39 19.78
19.52 18.87 16.54 14.55 15.68 17.88 18.42 18.80 18.30 17.20 15.85 16.81 19.36 19.96 19.43 17.41 17.17 17.12 17.21 17.56 16.68 15.17 14.10 13.04 12.19 12.59 13.76 13.18 13.12 13.45 14.08 14.47 12.94 12.39 12.74 11.13 11.67 12.61 11.82 11.26 11.19 11.32 10.75 12.96 13.09 14.10 14.47 14.42 12.93 11.44 12.52 12.42 14.53 14.15 14.52 15.27 13.38 14.18 14.70 15.21 16.70 17.73 18.23 16.26 15.67 17.91 17.41 17.96 18.91 19.42 19.23 19.67 19.68 20.07 20.24 19.96 19.70
19.69 17.99 17.39 16.55 16.14 16.75 17.56 17.43 17.77 16.21 16.35 17.46 19.86 19.08 19.46 19.55 18.69 16.86 17.16 16.47 15.75 16.27 15.93 12.55 12.31 13.95 15.18 12.67 12.63 12.45 14.60 13.42 13.02 13.37 11.72 11.03 10.78 11.63 10.96 9.50 9.49 10.23 10.54 12.11 12.65 13.89 14.25 14.25 11.82 10.18 11.80 12.36 13.69 13.03 13.85 13.84 12.85 12.34 13.42 14.20 15.33 17.57 17.71 14.17 14.73 16.58 17.15 18.19 19.02 18.94 19.03 19.69 19.70 19.69 20.09 20.11 19.65
19.33 16.47 16.98 15.71 14.70 15.95 15.86 17.70 18.61 17.39 18.58 19.07 17.42 17.88 19.88 20.31 18.61 16.05 15.14 16.17 14.99 16.14 16.05 13.15 13.48 14.07 15.00 14.86 13.12 12.55 12.92 13.27 12.03 11.72 10.24 9.21 10.72 11.24 11.77 10.02 8.63 8.94 10.15 13.24 14.54 14.19 13.70 12.38 11.21 11.56 10.07 13.19 13.86 13.23 12.95 13.53 11.82 12.55 12.26 12.85 14.52 16.81 17.28 15.68 15.11 16.35 16.89 18.28 18.87 18.53 18.59 18.72 19.51 19.62 19.84 20.59 19.91
19.43 17.55 18.29 18.00 16.73 16.13 15.56 16.18 17.34 17.67 18.06 17.67 16.68 16.75 18.95 16.56 15.00 14.12 15.23 15.66 14.99 16.26 14.87 13.81 14.35 14.59 14.61 16.09 13.98 12.45 13.20 11.40 10.76 10.29 9.02 9.69 11.63 11.56 12.14 12.65 11.01 9.55 9.60 12.57 12.87 11.94 11.62 11.66 12.73 12.33 10.32 11.78 11.91 12.78 12.23 12.37 11.18 11.47 12.27 12.47 14.37 16.66 17.26 15.79 15.69 16.97 16.81 18.08 17.63 17.86 17.67 18.61 19.18 19.53 19.20 19.88 19.63
17.66 17.97 18.01 16.88 17.08 15.36 14.95 15.21 15.88 16.29 16.45 16.90 15.16 15.59 18.46 17.74 15.75 14.70 16.14 17.50 14.43 15.60 16.09 14.33 13.32 14.29 13.06 14.86 13.98 12.80 13.06 10.49 9.94 8.95 9.22 9.79 11.38 11.30 12.60 12.42 10.91 9.82 11.32 11.03 10.57 11.05 11.30 12.35 13.70 13.01 11.83 11.68 11.11 12.80 13.22 13.17 11.94 11.58 11.90 13.45 14.33 16.83 17.47 15.54 15.63 15.81 16.96 17.69 17.96 18.64 18.08 18.38 18.86 19.12 19.03 19.80 19.97
15.76 17.03 16.42 16.76 18.90 16.69 14.49 14.81 14.61 15.08 15.21 15.20 15.72 16.77 18.89 18.38 17.62 15.63 16.61 16.07 14.54 14.30 16.12 15.16 12.89 13.28 13.77 13.49 13.65 13.79 11.63 9.30 8.40 9.48 10.96 10.80 10.25 10.79 12.05 11.14 10.67 11.16 11.89 11.28 10.62 9.97 10.67 12.50 13.34 11.95 11.80 11.86 13.21 12.46 13.37 13.54 13.26 12.22 13.35 13.83 14.52 15.79 16.09 16.03 16.09 16.80 17.56 18.21 18.28 19.16 18.21 17.87 18.76 18.97 18.82 19.67 20.23
16.51 16.32 16.16 15.15 16.97 17.51 14.92 14.40 14.98 16.26 16.19 14.83 15.25 17.31 18.03 18.07 19.11 16.09 14.98 14.59 14.93 14.11 14.60 13.59 12.98 13.42 13.34 12.65 14.32 12.44 9.46 8.79 8.71 10.61 13.16 11.88 10.79 11.69 12.65 11.87 11.60 12.12 11.66 11.05 10.03 8.63 11.04 12.76 13.75 12.20 11.46 12.45 14.21 12.73 13.03 14.73 13.62 12.48 13.05 13.65 15.09 16.25 16.59 16.77 17.11 17.91 17.71 18.14 18.95 19.06 18.51 18.05 18.44 19.07 18.36 19.15 20.20
16.88 16.37 16.11 15.27 16.53 16.97 15.34 14.34 15.02 16.93 16.58 16.43 16.58 14.76 15.00 16.84 16.85 15.43 14.39 15.28 14.74 14.46 14.08 14.74 14.47 13.48 11.88 12.45 12.94 13.22 10.50 9.71 9.90 11.77 12.94 12.83 12.73 12.25 11.99 13.38 13.92 12.59 11.66 11.37 10.79 10.03 11.95 12.04 13.13 12.24 11.73 11.93 13.14 12.64 14.38 14.64 14.38 14.08 13.38 13.88 15.73 16.54 17.30 17.24 17.07 18.37 17.89 17.22 17.81 19.20 19.52 19.22 18.79 18.66 18.78 19.24 20.47
