main/data/irradiance/29.05.2023.grid
ncols 839
nrows 679
xllcenter 112.0500
yllcenter -43.9500
cellsize 0.0500
nodata_value 99999.90
[rows 306 to 339 of 679, columns 0 to 76 of 839]
99999.90 99999.90 99999.90 99999.90 99999.90 99999.90 99999.90 99999.90 11.39 11.39 11.39 11.39 11.39 11.39 11.39 11.39 11.39 11.39 11.39 11.39 11.39 11.39 11.39 11.39 11.11 11.11 11.11 11.11 11.11 11.11 11.11 11.59 12.54 12.54 12.54 13.18 13.18 13.18 12.64 11.98 12.73 13.12 13.01 13.23 13.51 13.15 12.73 12.64 13.07 12.85 12.57 12.18 12.38 12.76 12.31 11.68 12.25 12.71 12.70 12.32 12.72 12.25 12.20 12.57 12.23 12.31 13.03 13.63 13.38 12.90 12.38 12.94 13.22 13.06 13.18 12.77 12.94
99999.90 99999.90 99999.90 99999.90 99999.90 99999.90 99999.90 99999.90 11.39 11.39 11.39 11.39 11.39 11.39 11.39 11.39 11.39 11.39 11.39 11.39 11.39 11.39 11.39 11.39 11.11 11.11 11.11 11.11 11.11 11.11 11.11 11.11 12.54 13.18 13.18 13.18 13.18 13.18 11.94 11.62 12.45 12.67 13.16 13.35 13.36 13.08 12.64 12.79 12.48 12.65 12.36 12.25 12.75 12.21 12.04 11.37 12.34 12.52 12.64 12.90 12.78 11.77 12.59 12.79 12.44 12.91 13.71 13.85 13.28 13.13 12.25 12.58 12.71 12.91 12.77 12.71 12.94
99999.90 99999.90 99999.90 99999.90 99999.90 99999.90 99999.90 99999.90 11.39 11.39 11.39 11.39 11.39 11.39 11.39 11.39 11.39 11.39 11.39 11.39 11.39 11.39 11.39 11.39 11.11 11.11 11.11 11.11 11.11 11.11 11.11 11.11 11.11 13.18 13.18 13.18 11.57 11.57 11.57 11.48 12.05 12.41 12.79 13.30 13.33 13.00 12.98 12.82 12.66 12.53 12.54 12.89 12.54 12.34 12.58 11.85 12.33 12.46 12.67 12.79 12.86 11.61 12.29 12.77 12.68 13.18 13.79 13.26 13.03 13.06 12.36 12.48 12.41 13.05 12.93 12.68 12.57
99999.90 99999.90 99999.90 99999.90 99999.90 99999.90 99999.90 99999.90 11.39 11.39 11.39 11.39 11.39 11.39 11.39 11.39 11.39 11.39 11.39 11.39 11.39 11.39 11.39 10.57 11.11 11.11 11.11 11.11 11.11 11.11 11.11 11.11 12.45 13.18 11.57 11.57 11.57 11.57 11.57 11.88 12.36 12.59 12.66 12.94 12.76 12.91 12.86 12.86 12.71 12.17 12.56 12.65 12.57 11.97 12.30 12.10 11.87 12.19 12.75 12.64 12.41 12.19 12.46 12.42 12.68 13.01 13.48 12.98 13.03 12.84 12.55 11.89 11.62 13.06 12.98 12.82 12.66
99999.90 99999.90 99999.90 99999.90 99999.90 99999.90 99999.90 99999.90 11.39 11.39 11.39 11.39 11.39 11.39 11.39 11.39 11.39 11.39 11.39 11.39 11.39 10.57 10.57 10.57 11.11 11.11 11.11 11.11 11.11 11.11 11.11 12.45 12.45 13.02 11.57 11.57 11.57 11.57 11.88 11.88 12.67 12.71 12.30 12.48 12.06 12.48 13.13 12.72 12.10 12.25 12.69 12.66 12.19 12.14 12.49 12.15 12.12 12.11 13.04 13.12 12.81 12.48 12.46 12.28 12.15 12.52 13.27 12.51 12.63 12.66 12.42 11.80 11.24 13.06 13.08 12.93 12.52
99999.90 99999.90 99999.90 99999.90 99999.90 99999.90 99999.90 99999.90 10.91 10.91 10.91 10.91 10.91 10.91 10.91 10.91 10.91 10.91 10.91 10.91 10.57 10.57 10.57 10.57 11.11 11.11 11.11 11.11 11.11 11.11 12.45 12.45 13.02 13.02 13.38 11.57 11.57 11.88 12.13 12.13 12.13 12.55 12.76 12.16 11.87 12.23 12.51 12.34 12.10 12.70 12.82 12.61 12.27 12.94 12.59 12.78 12.39 13.16 13.55 13.60 13.15 12.79 12.46 12.38 12.37 12.36 12.86 12.48 12.47 12.53 12.37 12.19 11.82 12.87 12.66 12.68 12.65
99999.90 99999.90 99999.90 99999.90 99999.90 99999.90 99999.90 99999.90 10.66 10.66 10.66 10.66 10.66 10.66 10.66 10.66 10.66 10.66 10.66 10.57 10.57 10.57 10.57 10.57 11.76 11.76 11.76 11.76 11.76 12.45 12.45 13.02 13.02 13.38 13.38 10.97 10.97 12.13 12.13 12.13 12.13 12.05 12.43 12.13 12.31 12.19 12.69 12.50 12.13 12.92 12.89 12.66 12.61 12.94 13.02 13.11 13.10 13.42 13.17 13.35 13.80 13.33 12.91 12.88 12.34 12.15 12.25 12.36 12.58 12.43 12.69 12.81 12.85 12.28 12.84 12.95 12.94
99999.90 99999.90 99999.90 99999.90 99999.90 99999.90 99999.90 99999.90 10.59 10.59 10.59 10.59 10.59 10.59 10.59 10.59 10.59 10.59 10.59 10.60 10.60 10.60 10.32 10.32 12.44 12.44 12.44 12.44 12.44 12.57 13.02 13.02 13.38 13.38 12.47 10.97 10.97 10.97 12.13 12.13 12.05 12.05 11.57 12.13 12.39 11.59 11.73 11.90 11.91 12.93 12.73 12.38 12.18 12.48 13.33 13.69 13.28 13.16 13.83 13.82 13.71 13.46 12.99 12.51 12.01 12.34 12.46 12.91 12.29 12.34 12.74 12.66 12.60 12.19 12.84 12.92 13.37
99999.90 99999.90 99999.90 99999.90 99999.90 99999.90 99999.90 99999.90 10.59 10.59 10.59 10.59 10.59 10.59 10.59 10.59 10.59 10.59 10.59 10.85 10.85 10.32 10.32 10.32 12.84 12.84 12.84 12.84 12.84 13.36 13.63 13.38 13.38 12.47 12.47 10.97 10.97 10.97 10.97 12.05 11.82 11.82 11.82 11.80 11.90 11.74 11.36 12.46 12.81 13.33 12.86 12.56 12.34 12.84 13.65 13.80 13.17 13.46 14.05 13.62 13.00 13.18 12.47 12.36 11.95 12.44 12.74 12.41 12.30 12.52 12.64 12.41 12.04 12.30 12.64 13.10 12.97
99999.90 99999.90 99999.90 99999.90 99999.90 99999.90 99999.90 99999.90 10.59 10.59 10.59 10.59 10.59 10.59 10.59 10.59 10.59 10.29 10.29 10.29 10.32 10.32 10.32 11.46 11.46 12.84 12.84 12.84 12.84 13.36 13.36 13.02 12.47 12.47 12.47 10.97 10.97 10.97 10.97 11.82 11.82 11.82 11.82 11.97 12.73 12.57 12.13 12.99 13.53 13.11 13.31 12.77 12.84 13.43 13.86 13.73 13.07 13.56 14.23 13.74 12.82 12.40 11.94 12.19 12.43 12.59 13.19 12.25 12.64 12.93 12.50 12.56 12.72 12.64 12.94 13.03 12.74
99999.90 99999.90 99999.90 99999.90 99999.90 99999.90 99999.90 99999.90 10.59 10.59 10.59 10.59 10.59 10.59 10.59 10.29 10.29 10.29 10.29 10.29 10.18 10.18 11.46 11.46 11.46 12.84 12.84 12.62 12.62 12.62 12.82 12.72 11.90 11.90 10.12 10.97 10.97 10.97 10.97 10.97 11.82 11.82 11.97 11.97 12.73 12.92 12.57 13.13 13.27 13.06 13.02 13.44 13.24 13.53 13.75 13.36 13.31 13.63 14.07 13.45 12.31 11.75 11.54 11.77 12.62 12.51 12.70 12.57 13.36 13.37 13.01 12.61 12.78 12.97 13.15 12.85 12.87
99999.90 99999.90 99999.90 99999.90 99999.90 99999.90 99999.90 99999.90 10.59 10.59 10.59 10.59 10.59 10.29 10.29 10.29 10.29 10.29 10.66 10.66 10.66 11.46 11.46 11.46 11.46 11.46 12.62 12.62 12.62 12.62 11.70 10.52 10.45 10.12 10.12 10.97 10.97 10.97 10.97 10.97 11.82 11.97 11.97 12.74 12.79 12.79 13.32 13.35 13.26 13.48 13.76 13.64 13.72 13.51 13.35 13.03 13.35 13.60 13.70 12.48 11.98 11.76 11.53 11.50 12.36 12.19 12.57 12.79 12.44 12.99 12.68 12.53 12.49 13.09 13.06 13.19 12.91
99999.90 99999.90 99999.90 99999.90 99999.90 99999.90 99999.90 99999.90 10.59 10.59 10.59 10.29 10.29 10.29 10.29 10.29 10.66 10.66 10.66 10.66 10.66 11.46 11.46 11.46 10.26 10.26 12.62 12.62 11.03 11.03 11.03 10.78 10.77 10.12 10.12 10.97 10.97 10.97 10.97 10.97 12.74 12.74 12.74 12.74 12.74 14.01 13.32 13.29 13.20 13.16 13.87 13.48 13.05 12.27 12.23 12.64 13.20 13.70 13.39 12.54 11.81 11.61 11.69 11.57 12.05 12.66 12.43 12.06 11.89 12.52 12.53 12.34 12.39 13.17 13.16 12.72 13.07
99999.90 99999.90 99999.90 99999.90 99999.90 99999.90 99999.90 99999.90 10.59 10.29 10.29 10.29 10.29 10.29 10.66 10.66 10.66 10.66 10.66 10.66 10.66 10.26 10.26 10.26 10.26 10.04 10.04 9.39 9.39 9.39 9.39 10.40 11.36 11.36 11.36 10.12 10.97 10.97 10.97 10.97 12.74 12.74 12.74 12.74 12.74 13.71 12.89 12.83 12.45 12.35 12.92 12.56 12.01 11.13 11.40 12.14 13.45 13.80 13.14 13.03 12.23 12.01 12.23 12.05 12.74 12.88 12.94 12.31 11.91 12.33 12.55 13.36 13.12 13.11 12.81 12.86 12.68
99999.90 99999.90 99999.90 99999.90 99999.90 99999.90 99999.90 99999.90 10.59 10.29 10.29 10.29 10.66 10.66 10.66 10.66 10.66 10.66 10.66 10.26 10.26 10.26 10.26 10.26 10.04 10.04 10.04 10.99 9.39 9.39 9.39 10.57 11.84 11.84 11.84 11.65 11.65 11.65 11.65 11.65 11.00 11.00 12.62 12.62 12.62 12.47 12.51 12.56 12.41 11.50 11.83 11.97 11.78 11.35 11.32 11.01 12.55 12.35 13.06 13.33 12.37 12.23 12.11 12.56 12.73 12.96 12.54 11.61 11.69 12.71 12.83 13.26 13.26 12.95 13.04 12.93 12.68
99999.90 99999.90 99999.90 99999.90 99999.90 99999.90 99999.90 99999.90 10.59 10.29 10.66 10.66 10.66 10.66 10.66 10.66 10.66 10.66 10.26 10.26 10.26 10.26 10.26 10.04 10.04 10.04 10.99 10.99 10.99 9.39 10.57 10.57 11.57 11.57 11.57 11.65 11.65 11.65 11.65 11.58 11.00 11.00 11.00 12.58 12.58 12.40 12.08 11.82 11.47 10.75 11.22 11.15 11.82 10.83 10.94 10.50 11.24 12.21 12.76 13.27 12.14 11.64 11.82 12.58 12.79 12.65 12.19 11.28 11.64 12.85 13.34 13.11 13.23 12.96 12.98 12.70 12.53
99999.90 99999.90 99999.90 99999.90 99999.90 99999.90 99999.90 99999.90 10.59 10.29 10.66 10.66 10.66 10.66 10.66 10.66 10.26 10.26 10.26 10.26 10.26 10.26 10.04 10.04 10.04 10.04 10.99 10.99 10.99 10.99 10.94 10.94 10.94 10.94 11.05 11.65 11.65 11.65 11.58 11.58 11.00 11.00 11.00 11.00 11.62 12.55 11.92 10.62 11.36 10.64 10.41 11.02 11.32 10.99 11.64 10.88 10.99 12.47 12.60 12.50 12.02 11.57 11.55 12.15 12.20 12.18 11.74 11.19 11.53 12.56 13.04 13.24 13.28 12.60 12.61 12.73 12.29
99999.90 99999.90 99999.90 99999.90 99999.90 99999.90 99999.90 99999.90 10.59 10.29 10.66 10.66 10.66 10.66 10.66 10.26 10.26 10.26 10.26 9.99 9.99 9.99 9.99 9.99 9.99 10.24 10.99 10.99 10.99 10.99 10.94 10.94 10.94 10.94 11.05 11.05 11.58 11.58 11.58 11.58 11.58 11.81 11.81 11.81 11.58 12.00 11.66 10.46 10.83 10.10 10.78 11.45 11.70 11.86 11.52 11.32 11.46 11.73 12.29 12.00 11.93 11.76 11.65 11.63 11.47 11.86 11.88 11.36 11.25 12.64 13.06 13.69 13.25 12.54 12.75 13.20 12.53
99999.90 99999.90 99999.90 99999.90 99999.90 99999.90 99999.90 99999.90 99999.90 10.29 10.66 10.66 10.66 10.26 10.26 10.26 9.99 9.99 9.99 9.99 9.99 9.99 9.99 9.99 10.24 10.24 11.30 11.30 11.30 11.30 10.94 10.94 10.94 11.73 11.73 11.73 11.85 11.74 11.74 11.74 11.41 11.65 11.65 11.65 11.86 11.91 11.39 10.29 10.22 10.43 11.46 12.11 12.25 11.25 10.87 11.20 11.75 11.69 11.87 11.54 11.85 11.92 12.42 11.88 12.03 11.74 12.03 12.09 12.07 12.46 12.99 13.43 13.32 12.77 12.88 13.33 12.35
99999.90 99999.90 99999.90 99999.90 99999.90 99999.90 99999.90 99999.90 99999.90 10.29 10.66 10.66 10.26 9.99 9.99 9.99 9.99 9.99 9.99 9.99 9.99 9.99 9.99 10.24 10.24 10.99 10.99 10.63 10.63 10.84 10.84 11.77 10.94 11.73 11.73 11.73 11.90 12.06 12.06 11.41 11.41 11.65 11.65 11.65 12.47 11.89 11.34 10.46 10.24 10.90 11.43 11.96 12.18 11.27 10.47 10.63 11.81 12.20 12.01 12.33 11.83 12.51 12.69 12.53 11.94 11.92 12.22 11.73 11.99 12.54 12.61 12.82 13.04 12.98 12.95 12.59 12.22
99999.90 99999.90 99999.90 99999.90 99999.90 99999.90 99999.90 99999.90 99999.90 99999.90 10.66 10.66 10.26 9.99 9.99 9.99 9.99 9.99 9.99 9.99 9.99 9.99 10.24 10.57 10.57 10.57 10.75 10.50 10.84 10.84 11.77 11.77 11.77 11.73 11.73 11.90 11.90 12.00 11.41 11.41 10.82 11.27 11.27 12.41 12.41 11.09 10.54 10.08 9.77 9.90 10.93 11.25 12.46 12.09 11.05 11.25 11.53 12.65 12.61 12.74 12.19 12.28 12.44 12.25 12.32 12.52 12.50 11.79 11.86 13.05 12.88 12.54 12.70 13.02 12.24 11.64 12.40
99999.90 99999.90 99999.90 99999.90 99999.90 99999.90 99999.90 99999.90 99999.90 99999.90 10.66 10.66 10.26 9.99 9.99 9.99 9.99 9.99 9.99 9.99 9.99 10.36 10.36 10.36 10.36 10.36 10.98 10.82 10.69 11.77 11.77 11.77 11.77 11.73 11.90 12.46 12.46 12.46 11.35 10.82 10.82 11.27 11.27 12.12 12.13 10.68 10.33 10.24 10.00 9.78 10.84 11.51 12.36 12.67 12.23 12.21 12.12 13.00 12.48 12.06 11.97 11.75 11.62 11.66 12.10 12.06 12.44 11.68 11.39 12.31 12.68 12.23 12.60 12.43 11.83 11.22 11.80
99999.90 99999.90 99999.90 99999.90 99999.90 99999.90 99999.90 99999.90 99999.90 99999.90 99999.90 99999.90 10.26 9.99 9.99 9.99 9.99 9.99 9.99 10.36 10.36 10.36 10.36 10.36 10.36 10.36 10.98 11.76 11.87 12.23 12.23 12.23 12.23 10.62 10.62 12.18 12.18 12.18 11.69 11.59 11.59 11.55 11.37 10.90 9.94 9.95 10.78 10.73 10.30 10.03 10.42 11.51 11.83 12.65 12.99 12.63 12.54 12.62 12.30 11.94 11.43 11.05 10.78 11.07 11.21 11.29 11.50 11.56 11.51 11.67 12.11 12.30 12.23 12.14 12.23 11.83 11.48
99999.90 99999.90 99999.90 99999.90 99999.90 99999.90 99999.90 99999.90 99999.90 99999.90 99999.90 99999.90 10.26 9.99 9.99 9.99 9.99 10.36 10.36 10.36 10.36 10.36 10.36 10.36 10.36 10.36 12.03 12.03 12.70 12.91 12.91 12.91 11.50 11.50 10.62 10.62 11.06 11.06 11.34 11.59 11.44 11.44 10.63 10.44 9.46 9.92 10.99 11.42 10.99 9.75 10.05 11.18 12.41 12.62 12.72 12.83 12.77 12.67 12.26 11.30 11.20 10.37 10.19 10.36 10.81 10.93 10.84 11.55 11.57 11.95 12.14 11.69 11.94 12.08 12.27 12.34 12.00
99999.90 99999.90 99999.90 99999.90 99999.90 99999.90 99999.90 99999.90 99999.90 99999.90 99999.90 99999.90 10.26 9.99 9.99 10.36 10.36 10.36 10.36 10.36 10.36 10.36 10.36 10.36 10.36 12.03 12.03 12.03 12.70 12.96 12.96 11.50 11.50 11.73 10.62 10.62 10.62 11.00 11.61 11.96 11.68 11.11 10.83 10.18 10.21 10.50 11.09 11.24 10.64 10.21 10.76 11.04 12.04 12.39 12.67 12.30 11.79 12.58 11.77 10.39 9.78 9.58 10.02 10.58 11.00 11.06 10.22 10.87 11.22 12.25 12.11 11.12 10.95 11.73 11.77 11.98 11.88
99999.90 99999.90 99999.90 99999.90 99999.90 99999.90 99999.90 99999.90 99999.90 99999.90 99999.90 99999.90 99999.90 9.99 9.99 10.36 10.36 10.36 10.36 10.36 10.36 10.36 10.36 10.36 12.03 12.03 12.03 12.03 12.96 12.96 11.50 11.50 11.50 11.73 11.71 11.53 11.53 11.46 11.66 11.23 10.97 10.91 10.73 10.20 10.34 11.18 11.19 10.75 10.37 10.29 10.76 10.29 11.20 11.92 12.39 11.68 11.62 11.92 11.41 10.31 9.37 9.37 9.59 10.21 10.90 11.17 10.27 10.77 11.47 12.03 11.79 11.46 10.90 11.27 11.44 11.88 11.73
99999.90 99999.90 99999.90 99999.90 99999.90 99999.90 99999.90 99999.90 99999.90 99999.90 99999.90 99999.90 99999.90 9.99 9.99 10.36 10.36 10.36 10.36 10.36 10.36 10.36 10.36 12.03 12.03 12.03 12.03 12.96 12.96 12.96 10.82 10.82 10.82 11.73 11.71 11.38 11.80 11.79 10.90 10.68 11.07 11.00 11.15 10.54 11.11 11.59 10.99 11.16 10.85 10.22 10.48 9.73 11.06 12.36 12.56 11.72 11.20 11.19 10.63 10.07 9.54 9.82 9.43 9.84 10.93 11.66 11.05 10.86 11.53 11.32 11.36 11.82 10.99 11.17 11.48 11.63 11.90
99999.90 99999.90 99999.90 99999.90 99999.90 99999.90 99999.90 99999.90 99999.90 99999.90 99999.90 99999.90 99999.90 9.99 9.99 10.36 10.36 10.36 10.36 10.36 10.36 10.36 12.03 12.03 12.03 12.03 12.03 12.96 12.96 10.82 10.82 10.82 10.29 11.41 11.47 11.52 11.29 11.00 10.35 10.12 11.14 10.94 10.70 10.45 10.68 10.98 11.57 11.08 10.46 10.56 10.38 10.32 10.56 11.80 12.31 11.97 11.63 10.92 10.79 10.54 9.84 10.07 9.77 10.24 11.37 11.43 11.82 11.17 11.89 11.63 11.46 11.73 11.28 10.80 11.11 11.27 11.20
99999.90 99999.90 99999.90 99999.90 99999.90 99999.90 99999.90 99999.90 99999.90 99999.90 99999.90 99999.90 99999.90 99999.90 10.24 10.36 10.36 10.36 10.36 10.36 10.36 12.03 12.03 12.03 12.03 12.03 12.96 12.96 10.82 10.82 9.38 9.38 9.38 10.55 11.10 11.37 10.57 10.38 10.86 10.29 10.78 10.57 10.79 11.04 11.10 11.02 10.78 10.62 10.96 11.12 10.75 10.90 10.69 10.71 11.48 11.72 11.67 10.95 10.88 10.89 10.48 10.39 10.33 11.00 11.85 11.89 12.09 11.33 11.76 11.82 11.40 11.27 11.25 10.81 10.20 10.62 10.42
99999.90 99999.90 99999.90 99999.90 99999.90 99999.90 99999.90 99999.90 99999.90 99999.90 99999.90 99999.90 99999.90 99999.90 99999.90 10.36 10.36 10.36 10.36 10.36 12.03 12.03 12.03 12.03 12.03 12.03 12.96 10.82 9.38 9.38 9.38 9.38 9.38 9.97 11.11 11.66 10.86 11.04 11.77 10.81 11.24 10.91 10.73 11.43 11.54 11.45 10.00 10.52 10.71 10.88 11.04 10.73 10.18 10.46 11.12 11.38 11.02 10.49 10.54 11.18 10.88 10.40 10.66 10.78 11.66 12.43 12.53 11.71 11.63 11.79 11.64 11.50 11.46 10.96 10.75 10.18 9.83
99999.90 99999.90 99999.90 99999.90 99999.90 99999.90 99999.90 99999.90 99999.90 99999.90 99999.90 99999.90 99999.90 99999.90 99999.90 10.36 10.36 10.36 10.36 12.03 12.03 12.03 12.03 12.03 12.03 12.96 9.38 9.38 9.38 9.38 9.38 9.38 9.97 9.97 11.06 11.18 10.98 11.06 11.56 12.00 11.79 11.41 11.34 11.07 11.03 10.98 9.98 10.75 11.03 10.99 11.11 10.67 9.82 10.37 10.95 10.58 10.35 10.03 10.98 10.85 10.68 10.97 10.51 10.47 11.10 12.29 12.53 11.36 11.22 11.88 11.48 11.73 11.78 11.26 11.06 9.70 8.66
99999.90 99999.90 99999.90 99999.90 99999.90 99999.90 99999.90 99999.90 99999.90 99999.90 99999.90 99999.90 99999.90 99999.90 99999.90 10.36 10.36 10.36 12.03 12.03 12.03 12.03 12.03 12.03 12.03 9.38 9.38 9.38 9.38 9.38 9.38 9.97 9.97 11.06 11.06 10.81 11.48 10.87 11.15 11.24 11.28 11.16 10.83 10.65 10.40 10.05 10.46 10.89 11.01 11.28 11.66 11.32 10.44 10.43 11.22 11.41 11.04 10.69 11.01 10.86 10.65 10.34 9.68 10.03 10.70 12.14 13.14 12.16 12.21 12.21 11.21 11.44 11.62 11.34 10.92 9.77 9.25
99999.90 99999.90 99999.90 99999.90 99999.90 99999.90 99999.90 99999.90 99999.90 99999.90 99999.90 99999.90 99999.90 99999.90 99999.90 99999.90 99999.90 12.03 12.03 12.03 12.03 12.03 12.03 12.03 9.38 9.38 9.38 9.38 9.38 9.38 9.97 9.97 11.06 11.38 11.38 11.38 11.11 10.73 11.11 11.10 10.99 10.51 10.19 9.91 9.75 10.17 10.80 10.54 10.24 10.29 10.53 11.23 10.93 10.88 11.06 10.98 11.28 10.95 11.18 10.89 10.76 10.40 9.99 10.33 11.16 11.30 12.34 12.43 12.27 12.40 11.35 11.30 10.86 10.06 10.24 9.91 9.74
99999.90 99999.90 99999.90 99999.90 99999.90 99999.90 99999.90 99999.90 99999.90 99999.90 99999.90 99999.90 99999.90 99999.90 99999.90 99999.90 99999.90 12.03 12.03 12.03 12.03 12.03 12.03 9.38 9.38 9.38 9.38 9.38 9.38 9.97 9.97 11.38 11.38 11.38 11.38 11.38 10.74 10.42 10.86 10.80 10.91 10.88 10.41 10.56 10.50 10.76 10.99 10.62 10.40 10.56 10.77 10.95 10.98 11.04 11.24 11.18 10.82 10.95 11.25 11.35 10.55 10.47 9.98 10.28 10.84 11.07 11.69 12.24 12.34 11.96 11.35 11.41 10.80 10.28 10.22 10.94 10.53
