main/data/irradiance/29.03.2023.grid
ncols 839
nrows 679
xllcenter 112.0500
yllcenter -43.9500
cellsize 0.0500
nodata_value 99999.90
[rows 374 to 407 of 679, columns 468 to 545 of 839]
21.11 20.76 21.19 21.26 20.89 21.22 21.27 21.26 21.29 21.16 21.24 21.05 21.10 21.37 21.47 21.39 21.32 21.50 21.45 21.28 21.32 21.36 21.34 21.30 21.21 21.04 21.22 20.80 20.99 21.63 21.82 21.88 21.62 21.40 21.39 21.73 21.29 20.79 20.99 19.11 19.28 19.26 19.46 20.03 20.23 21.41 21.23 20.45 20.85 20.99 21.14 20.92 20.92 20.30 20.26 20.29 20.21 20.48 20.92 21.09 21.03 20.82 20.69 20.84 20.76 20.83 20.78 20.79 20.81 20.48 20.55 20.95 20.59 20.59 20.24 20.59 20.56 20.73
21.47 21.01 21.27 21.19 20.97 21.28 20.94 21.30 21.42 21.00 20.97 21.00 20.97 21.23 21.44 21.50 21.24 21.42 21.56 21.45 21.29 21.43 21.52 21.33 21.28 21.17 21.10 20.91 21.13 21.73 21.90 21.84 21.32 21.49 21.67 21.39 21.56 21.31 21.42 20.55 17.65 18.70 18.60 18.91 19.02 21.43 21.32 20.76 20.59 20.78 20.80 20.91 20.86 20.37 20.48 20.70 20.47 20.37 20.67 21.17 21.01 20.80 20.83 20.79 20.62 20.83 21.03 20.85 20.74 20.72 20.79 21.16 20.86 20.76 20.63 20.63 20.62 20.76
21.34 21.72 21.52 21.19 21.19 21.21 21.15 21.27 21.33 21.21 21.31 21.39 21.42 21.29 21.47 21.32 21.19 21.47 21.62 21.55 21.32 21.14 21.37 21.32 21.25 21.28 20.92 20.79 20.94 21.55 21.56 20.91 18.98 21.59 21.60 20.66 21.52 21.47 20.77 21.36 18.43 17.58 17.52 18.26 18.08 20.62 21.32 20.21 20.58 20.77 20.12 20.74 20.91 20.45 20.29 20.40 20.43 20.32 20.88 20.71 20.83 20.80 20.95 21.11 20.99 21.06 20.99 20.88 20.92 21.03 20.91 20.67 20.41 20.66 20.60 20.56 20.56 20.59
21.51 21.71 21.71 21.61 21.35 21.65 21.45 21.42 21.35 21.35 21.57 21.46 21.43 21.43 21.46 21.50 21.44 21.28 21.40 21.46 21.44 21.16 21.18 21.28 21.27 21.43 21.21 20.76 20.83 21.44 21.41 20.87 20.25 21.51 21.38 21.18 21.35 21.76 20.87 20.41 19.24 18.99 19.33 18.60 19.25 21.34 20.21 20.50 21.16 20.95 20.63 21.11 21.05 20.52 20.79 20.73 20.39 20.29 20.59 20.61 20.81 20.97 21.04 21.12 21.20 21.11 20.91 20.82 21.02 21.16 21.00 20.04 20.04 20.93 20.61 20.76 20.63 20.63
21.67 21.63 21.71 21.47 21.37 21.42 21.26 21.35 21.41 21.49 21.57 21.43 21.27 21.36 21.36 21.37 21.25 21.14 21.08 21.24 21.49 21.30 21.13 21.22 21.19 21.28 21.34 20.89 20.82 21.09 21.35 21.48 21.69 21.85 21.46 21.08 20.85 21.61 21.11 20.76 20.71 20.97 21.85 21.16 21.18 21.17 21.22 21.24 20.73 21.01 20.74 21.05 21.26 21.21 21.09 20.61 20.34 20.69 21.04 20.55 20.73 20.84 21.01 21.06 21.04 21.11 20.94 20.85 20.81 21.16 21.41 21.48 21.47 21.16 21.01 20.88 20.81 20.67
21.38 21.59 21.49 21.30 21.00 21.17 21.24 21.23 21.42 21.52 21.30 21.43 21.37 21.14 21.06 21.17 21.01 21.06 21.08 21.58 21.21 21.02 21.08 21.22 21.11 21.19 21.41 20.85 20.66 20.86 21.25 21.71 21.56 21.66 21.15 21.05 21.07 21.70 21.66 21.04 21.20 21.76 21.92 21.91 21.56 21.19 20.65 21.07 21.20 21.31 21.08 21.08 21.24 21.26 21.22 20.97 20.92 20.98 20.99 20.35 20.76 20.86 21.00 21.01 21.14 20.99 21.00 20.96 20.65 20.87 20.86 20.96 21.02 21.28 21.26 20.92 20.80 20.75
21.37 21.48 21.45 21.32 21.09 21.37 21.23 21.09 21.32 21.28 21.22 21.25 21.30 21.18 21.00 20.92 20.92 20.88 20.90 21.49 21.11 20.96 21.19 21.05 20.94 20.92 21.54 20.95 20.68 20.82 21.12 21.07 21.14 21.01 20.78 20.91 21.19 21.70 21.66 21.07 21.03 21.12 21.23 21.77 21.54 21.38 21.25 21.48 21.78 21.81 21.84 21.60 21.16 21.25 21.24 21.13 21.12 21.14 21.02 20.87 20.75 20.77 20.85 20.91 21.01 20.73 20.77 20.85 20.79 20.82 21.04 21.09 21.01 20.90 21.00 20.86 20.54 20.79
21.19 21.22 21.28 21.40 21.34 21.17 21.02 20.66 21.01 21.02 20.99 21.03 21.00 20.94 20.84 20.70 21.32 21.03 21.07 21.07 21.07 21.15 21.39 21.22 20.63 20.99 21.26 21.25 20.88 20.81 21.09 21.28 21.12 21.03 20.98 21.03 21.34 21.09 21.12 21.11 21.02 21.21 21.22 21.32 21.43 21.59 21.67 21.27 21.30 21.45 21.86 21.65 21.54 21.27 21.19 21.13 21.15 21.06 20.95 20.92 20.89 20.97 20.95 20.91 20.88 20.52 20.84 20.91 21.00 21.04 21.05 20.91 20.85 20.95 20.85 20.96 20.78 20.84
21.03 20.96 21.11 21.28 20.96 20.66 20.79 20.51 20.85 20.72 20.80 20.85 20.82 20.96 20.79 20.65 21.29 21.38 20.87 20.72 21.02 21.36 21.52 21.25 20.86 21.13 21.19 21.10 21.18 20.97 21.29 21.24 21.11 21.10 21.07 21.13 21.24 21.12 21.17 21.05 21.12 21.57 21.53 21.63 21.84 21.78 21.37 21.20 21.14 21.26 21.19 21.19 21.07 21.04 21.02 21.20 21.23 21.10 21.02 21.02 20.93 21.05 20.70 20.70 20.83 20.65 20.74 20.79 20.89 20.99 21.04 20.92 20.89 20.87 20.85 20.71 20.69 20.86
20.92 20.89 21.06 21.02 20.75 20.71 20.89 20.97 20.95 20.72 20.75 20.53 20.86 20.96 20.69 20.68 20.66 21.19 20.73 20.53 20.90 20.93 21.17 20.87 20.82 20.84 21.04 21.37 21.54 21.13 21.34 21.22 21.20 21.35 21.23 21.22 21.39 21.52 21.65 21.49 21.25 21.76 21.64 21.69 21.78 21.84 21.16 21.13 21.06 21.18 21.04 21.15 21.09 21.04 20.93 21.23 21.20 21.10 21.07 20.94 21.01 20.99 20.96 20.95 21.02 20.62 20.68 20.94 20.75 20.77 20.88 20.92 20.96 20.83 20.84 20.82 20.77 20.69
20.68 20.88 20.86 20.98 20.97 20.92 21.03 20.89 20.80 20.89 20.69 20.27 20.58 20.89 20.58 20.79 20.89 20.77 20.73 20.70 20.89 20.67 20.82 20.53 20.94 20.98 21.05 21.31 21.50 21.24 21.23 21.36 21.59 21.46 21.71 21.75 21.71 21.74 21.81 21.81 21.82 21.85 21.72 21.83 21.78 21.74 21.08 21.07 21.05 21.20 21.11 21.11 21.06 21.03 21.07 21.13 21.21 21.16 21.17 21.06 21.02 21.03 20.96 21.00 21.10 21.11 21.08 20.98 20.70 20.80 20.97 20.95 21.02 20.97 20.85 20.93 20.80 20.58
20.64 20.76 20.77 20.58 20.77 20.87 20.81 20.75 20.56 20.55 20.79 20.40 20.47 20.51 20.26 20.72 20.77 20.74 20.61 20.88 20.98 20.73 20.94 20.78 21.01 21.12 21.21 21.19 21.33 21.48 21.51 21.40 21.48 21.49 21.71 21.72 21.67 21.78 21.83 21.77 21.81 21.62 21.64 21.64 21.78 21.31 21.21 21.32 21.08 21.13 21.20 21.22 21.17 21.12 21.13 21.18 21.18 21.20 21.18 21.17 21.01 21.02 21.04 20.98 21.07 21.02 21.04 21.05 21.07 21.06 20.94 20.95 20.88 21.00 20.88 20.77 20.80 20.78
20.36 20.63 20.53 20.40 20.50 20.70 20.45 20.79 20.60 20.85 20.80 20.45 20.76 20.67 20.32 20.69 20.72 20.85 20.77 20.77 20.76 20.91 20.89 20.91 21.10 21.16 21.24 21.24 21.34 21.35 21.31 21.34 21.40 21.52 21.73 21.77 21.74 21.55 21.59 21.70 21.68 21.40 21.39 21.40 21.45 21.39 21.26 21.18 21.05 21.05 21.05 21.21 21.20 21.11 21.16 21.19 21.20 21.40 21.33 21.18 21.15 20.99 20.92 20.99 20.95 21.03 21.04 20.95 20.98 20.98 21.01 20.85 20.76 20.86 20.96 20.81 20.82 20.85
20.41 20.20 20.42 20.55 20.48 20.53 20.40 20.66 20.95 20.72 20.44 20.61 20.86 20.64 20.63 20.63 20.62 20.73 20.97 20.76 20.68 20.80 20.88 20.96 20.91 20.91 20.88 21.21 21.25 21.28 21.30 21.27 21.25 21.32 21.70 21.62 21.71 21.45 21.63 21.74 21.42 21.20 20.98 21.25 21.31 21.32 21.16 21.08 21.14 21.15 21.14 21.24 21.22 21.19 21.15 21.17 21.22 21.11 21.27 21.12 21.13 21.06 20.98 20.91 20.86 20.90 21.03 20.91 20.91 20.92 21.02 20.93 20.82 20.75 20.81 20.77 20.75 20.82
20.41 20.16 20.34 20.52 20.67 20.61 20.85 20.70 20.89 20.60 20.50 20.79 20.77 20.63 20.75 20.67 20.60 20.85 20.86 20.90 21.20 20.70 20.74 20.86 20.88 20.79 20.85 20.99 21.20 21.18 21.39 21.21 21.05 21.14 21.55 21.67 21.65 21.40 21.52 21.62 21.00 21.03 20.83 21.13 21.19 21.14 21.15 20.94 21.07 21.12 21.09 21.26 21.19 21.19 21.17 21.26 21.15 21.24 21.16 21.14 21.08 21.02 21.01 21.07 20.98 20.90 20.91 20.95 21.07 21.04 21.04 20.92 20.81 20.70 20.60 20.74 20.68 20.70
20.60 20.31 20.26 20.54 20.60 20.79 20.88 20.63 20.48 20.60 20.77 20.66 20.61 20.69 20.87 20.86 20.70 20.78 20.82 21.18 21.27 20.72 20.53 20.69 20.75 20.82 20.81 20.84 20.89 20.76 20.99 21.05 21.05 20.99 21.16 21.65 21.54 21.03 21.19 21.09 20.80 20.71 20.86 21.02 21.16 20.93 20.97 20.92 21.01 20.99 21.05 21.03 21.10 21.17 21.13 21.30 21.06 21.05 21.01 21.03 21.08 21.02 21.03 21.02 20.99 20.97 20.99 21.11 21.04 21.01 20.99 20.89 20.80 20.74 20.81 20.79 20.77 20.75
20.54 20.42 20.37 20.38 20.58 20.76 20.75 20.60 20.51 20.58 20.73 20.64 20.61 20.80 20.84 20.86 20.83 20.82 20.76 20.87 20.78 20.71 20.65 20.64 20.67 20.69 20.64 20.66 20.83 20.72 20.49 20.56 21.03 21.12 21.50 21.00 20.89 20.94 21.09 20.97 20.84 20.59 21.04 21.01 20.99 20.82 20.81 20.93 20.97 20.98 20.94 21.01 20.98 21.09 21.12 21.04 20.97 20.95 21.00 21.09 21.03 20.96 20.93 20.91 20.92 20.92 20.97 21.08 21.09 21.05 20.97 20.90 20.76 20.81 20.77 20.81 20.82 20.92
20.53 20.18 19.97 20.21 20.58 20.66 20.72 20.31 20.51 20.61 20.75 20.65 20.66 20.74 20.81 20.83 20.87 20.71 20.83 20.77 20.80 20.71 20.53 20.58 20.59 20.63 20.54 20.67 20.70 20.53 20.33 20.45 20.71 20.76 20.94 20.92 20.87 20.98 20.96 21.10 21.08 20.76 20.90 20.97 20.88 20.78 20.81 20.97 21.05 21.04 20.75 20.88 20.94 20.96 21.00 21.02 20.98 20.91 20.93 21.05 21.02 21.02 20.85 20.88 20.89 20.80 20.86 20.96 20.98 21.00 21.00 20.88 20.84 20.87 20.80 20.75 20.84 20.84
20.47 20.12 20.22 20.61 20.62 20.49 20.34 20.47 20.69 20.60 20.71 20.79 20.78 20.78 20.80 20.82 20.80 20.75 20.71 20.68 20.76 20.71 20.60 20.49 20.54 20.52 20.58 20.56 20.37 20.46 20.32 20.41 20.49 20.80 20.90 20.89 20.68 20.87 20.91 20.89 20.97 20.92 20.91 20.87 20.83 20.77 20.77 20.93 20.93 21.00 20.92 20.94 20.95 20.92 20.97 20.94 20.91 20.80 20.87 20.92 20.88 20.86 20.86 20.84 20.86 20.84 20.96 21.03 21.02 20.92 20.88 20.86 20.94 20.89 20.86 20.81 20.76 20.84
20.45 20.24 20.37 20.51 20.43 20.40 20.44 20.50 20.56 20.64 20.71 20.69 20.73 20.69 20.81 20.84 20.81 20.79 20.72 20.69 20.69 20.68 20.68 20.58 20.48 20.44 20.51 20.36 20.33 20.40 20.42 20.59 20.63 20.84 20.77 20.83 20.87 20.87 20.77 20.89 20.92 20.85 20.94 20.89 20.80 20.80 20.76 20.74 20.92 20.97 20.95 21.03 20.91 20.78 20.83 20.87 20.90 20.87 20.97 20.82 20.90 20.89 20.85 20.89 20.83 20.79 20.91 20.95 20.90 20.81 20.77 20.80 20.89 20.86 20.83 20.83 20.75 20.77
20.50 20.45 20.52 20.61 20.49 20.30 20.31 20.27 20.26 20.47 20.43 20.51 20.65 20.72 20.83 20.88 20.68 20.79 20.75 20.75 20.64 20.69 20.59 20.66 20.56 20.49 20.31 20.39 20.62 20.62 20.76 20.66 20.55 20.78 20.64 20.70 20.88 20.71 20.78 20.74 20.92 20.76 20.75 20.73 20.77 20.78 20.83 20.88 20.87 20.91 20.90 20.93 20.94 20.95 20.82 20.90 20.88 20.88 21.31 20.78 20.86 20.85 20.87 20.93 20.85 20.88 20.92 20.95 20.89 20.82 20.85 20.82 20.83 20.78 20.82 20.80 20.73 20.76
20.14 20.32 20.25 20.41 20.39 20.32 20.40 20.36 20.51 20.52 20.34 20.47 20.64 20.63 20.64 20.75 20.76 20.74 20.64 20.68 20.73 20.54 20.55 20.63 20.69 20.54 20.40 20.51 20.61 20.55 20.61 20.52 20.64 20.78 20.63 20.47 20.73 20.65 20.68 20.64 20.62 20.65 20.65 20.66 20.77 20.86 20.84 20.81 20.84 20.83 20.82 20.78 20.92 21.13 21.22 20.93 20.93 20.96 20.95 20.69 20.64 20.72 20.73 20.64 20.64 20.72 20.74 20.79 20.85 20.85 20.72 20.80 20.76 20.77 20.79 20.82 20.70 20.78
20.25 20.34 20.46 20.52 20.54 20.42 20.52 20.68 20.55 20.61 20.50 20.53 20.60 20.45 20.42 20.57 20.61 20.59 20.58 20.57 20.64 20.64 20.67 20.66 20.65 20.57 20.51 20.55 20.55 20.59 20.56 20.51 20.62 20.65 20.38 20.47 20.56 20.63 20.54 20.56 20.58 20.55 20.60 20.73 20.69 20.70 20.73 20.73 20.78 20.92 20.77 20.76 20.84 20.98 20.90 20.87 20.80 20.90 20.76 20.60 20.66 20.68 20.70 20.68 20.71 20.67 20.75 20.80 20.70 20.77 20.73 20.71 20.76 20.74 20.77 20.84 20.83 20.83
20.31 20.29 20.37 20.42 20.60 20.53 20.52 20.54 20.58 20.65 20.60 20.44 20.47 20.31 20.39 20.36 20.48 20.57 20.72 20.58 20.59 20.59 20.58 20.56 20.58 20.59 20.46 20.55 20.63 20.65 20.60 20.54 20.45 20.47 20.43 20.34 20.38 20.47 20.46 20.47 20.60 20.52 20.55 20.49 20.69 20.63 20.64 20.73 20.78 20.80 20.78 20.67 20.76 20.79 20.90 20.82 20.82 20.70 20.75 20.63 20.66 20.66 20.66 20.70 20.67 20.67 20.71 20.79 20.75 20.59 20.70 20.70 20.66 20.68 20.69 20.78 20.76 20.75
20.36 20.22 20.47 20.40 20.61 20.55 20.50 20.53 20.61 20.61 20.61 20.42 20.42 20.31 20.46 20.36 20.55 20.58 20.51 20.67 20.63 20.61 20.49 20.53 20.59 20.53 20.57 20.58 20.56 20.63 20.54 20.52 20.44 20.37 20.38 20.25 20.44 20.48 20.53 20.42 20.42 20.43 20.48 20.48 20.64 20.66 20.71 20.67 20.67 20.67 20.72 20.70 20.65 20.73 20.85 20.93 20.77 20.75 20.71 20.66 20.62 20.62 20.68 20.69 20.64 20.61 20.53 20.68 20.64 20.67 20.59 20.70 20.69 20.67 20.64 20.71 20.69 20.68
20.18 20.41 20.41 20.36 20.41 20.51 20.47 20.43 20.59 20.56 20.44 20.59 20.58 20.46 20.51 20.45 21.05 20.82 20.67 20.77 20.61 20.78 20.53 20.56 20.54 20.53 20.53 20.59 20.58 20.66 20.58 20.49 20.42 20.27 20.23 20.51 20.46 20.35 20.52 20.23 20.43 20.45 20.43 20.43 20.71 20.57 20.70 20.65 20.68 20.58 20.65 20.64 20.66 20.63 20.67 21.15 20.93 20.60 20.69 20.64 20.71 20.68 20.68 20.68 20.66 20.58 20.61 20.66 20.65 20.67 20.66 20.71 20.70 20.70 20.71 20.65 20.52 20.54
20.27 20.47 20.39 20.46 20.35 20.48 20.40 20.45 20.46 20.56 20.59 20.49 20.57 20.48 20.45 20.40 20.90 20.87 20.65 20.71 20.68 20.59 20.68 20.55 20.43 20.42 20.30 20.40 20.53 20.59 20.31 20.35 20.24 20.20 20.29 20.30 20.27 20.32 20.43 20.51 20.35 20.40 20.33 20.33 20.42 20.57 20.55 20.64 20.62 20.67 20.60 20.64 20.72 20.68 20.60 20.64 20.64 20.58 20.57 20.66 20.63 20.59 20.65 20.61 20.58 20.58 20.50 20.57 20.61 20.61 20.66 20.78 20.74 20.71 20.66 20.54 20.39 20.36
20.53 20.57 20.60 20.42 20.41 20.39 20.38 20.52 20.52 20.53 20.45 20.33 20.29 20.55 20.36 20.29 20.32 21.16 21.21 20.49 20.45 20.33 20.37 20.42 20.32 20.29 20.24 20.29 20.35 20.37 20.30 20.30 20.15 20.17 20.39 20.35 20.25 20.17 20.00 20.19 20.30 20.25 20.49 20.43 20.38 20.31 20.34 20.60 20.64 20.65 20.63 20.58 20.59 20.62 20.60 20.63 20.63 20.77 20.56 20.47 20.62 20.67 20.63 20.64 20.62 20.60 20.57 20.68 20.60 20.56 20.60 20.64 20.66 20.59 20.59 20.49 20.48 20.51
20.32 20.40 20.39 20.53 20.41 20.29 20.34 20.34 20.37 20.37 20.32 20.16 20.12 20.13 20.18 20.18 20.23 20.41 20.42 20.46 20.27 20.28 20.42 20.34 20.29 20.28 20.20 20.26 20.28 20.06 20.07 20.12 20.20 20.05 20.19 20.09 20.07 19.92 20.08 19.82 20.17 20.25 20.22 20.29 20.29 20.22 20.41 20.59 20.58 20.58 20.59 20.58 20.61 20.61 20.23 20.59 20.66 20.56 20.56 20.47 20.52 20.62 20.65 20.69 20.63 20.63 20.63 20.71 20.63 20.60 20.53 20.63 20.57 20.54 20.47 20.46 20.51 20.58
20.32 20.26 20.24 20.22 20.16 20.15 20.24 20.11 20.02 20.01 20.10 20.06 20.10 19.99 19.99 19.87 20.19 20.20 20.06 20.32 20.12 20.19 20.33 20.32 20.28 20.17 20.28 20.21 20.17 20.10 19.72 19.81 19.89 19.92 20.22 20.97 20.96 19.63 19.62 19.99 20.08 20.12 20.06 20.24 20.20 20.14 20.43 20.54 20.51 20.54 20.57 20.62 20.56 20.58 20.17 20.39 20.61 20.59 20.55 20.39 20.41 20.50 20.59 20.58 20.60 20.59 20.64 20.60 20.64 20.63 20.61 20.62 20.64 20.63 20.58 20.57 20.54 20.45
20.05 20.13 19.87 20.07 19.96 20.03 19.97 19.99 19.84 19.85 20.05 19.79 20.01 19.90 19.87 19.80 19.83 20.11 20.44 19.95 20.15 20.12 20.18 20.07 20.16 20.20 20.12 20.16 19.86 19.78 19.56 19.76 19.90 20.00 20.05 20.35 20.41 18.09 18.10 20.05 20.09 19.82 20.03 19.90 20.10 20.15 20.31 20.34 20.39 20.44 20.59 20.49 20.48 20.55 20.53 20.56 20.58 20.52 20.74 20.55 20.46 20.53 20.66 20.57 20.54 20.56 20.56 20.57 20.59 20.56 20.61 20.54 20.61 20.59 20.63 20.61 20.56 20.27
19.61 19.67 19.76 19.60 19.59 19.73 19.65 19.97 19.87 19.87 19.83 19.87 19.98 19.82 19.77 19.57 19.76 19.96 19.93 19.72 19.96 19.81 19.95 20.02 19.99 20.11 20.14 20.00 19.81 19.16 19.38 19.61 19.56 19.66 19.76 19.57 19.58 19.23 17.96 17.92 19.38 19.58 19.63 19.46 19.84 19.92 20.18 20.06 20.40 20.42 20.51 20.55 20.48 20.44 20.47 20.46 20.44 20.45 20.59 20.47 20.48 20.54 20.63 20.55 20.44 20.46 20.49 20.48 20.53 20.52 20.52 20.52 20.52 20.58 20.63 20.62 20.47 20.09
19.12 19.45 19.35 19.23 19.30 19.57 19.58 19.63 19.69 19.76 19.79 19.92 19.69 19.77 19.55 19.70 19.73 19.75 19.72 19.81 19.93 19.83 19.80 19.72 19.73 20.08 19.95 19.86 19.33 19.25 19.53 19.50 19.50 19.44 19.70 19.25 19.16 18.64 15.96 14.10 18.84 19.67 19.28 19.34 19.69 19.92 19.80 19.76 20.29 20.28 20.40 20.46 20.53 20.51 20.43 20.37 20.40 20.41 20.46 20.40 20.42 20.51 20.45 20.40 20.45 20.48 20.46 20.48 20.48 20.51 20.55 20.54 20.54 20.58 20.59 20.53 20.31 20.41
18.84 19.20 18.99 19.02 19.15 19.16 19.41 19.26 19.49 19.60 19.52 19.63 19.53 19.60 19.54 19.29 19.71 19.65 19.52 19.79 19.68 19.80 19.63 19.60 19.46 19.63 19.54 19.35 18.98 19.34 19.38 19.19 19.23 19.12 19.55 19.17 18.99 19.07 16.71 15.45 15.27 17.87 19.05 19.67 19.84 19.75 19.86 19.72 19.97 20.02 20.19 20.32 20.44 20.40 20.40 20.37 20.49 20.51 20.52 20.60 20.52 20.39 20.53 20.53 20.54 20.52 20.49 20.46 20.40 20.49 20.51 20.50 20.54 20.58 20.56 20.51 20.38 20.01
