main/data/irradiance/29.05.2023.grid
ncols 839
nrows 679
xllcenter 112.0500
yllcenter -43.9500
cellsize 0.0500
nodata_value 99999.90
[rows 374 to 407 of 679, columns 77 to 153 of 839]
10.86 11.11 10.88 10.62 10.69 10.98 11.31 11.41 11.55 12.22 12.17 12.08 11.72 11.29 11.23 10.89 11.31 11.46 11.66 12.03 11.86 12.02 12.28 12.77 12.95 12.73 12.98 13.12 12.56 12.36 12.99 13.26 13.20 13.03 12.93 12.30 12.63 12.52 12.65 13.02 12.95 12.77 12.65 12.42 12.14 11.88 11.90 12.29 12.24 11.54 11.29 11.52 11.88 11.73 11.97 11.43 11.65 12.21 11.92 12.14 12.00 11.67 11.44 11.53 11.90 12.20 11.93 12.79 11.99 11.43 11.53 11.74 11.97 11.89 12.03 12.57 12.86
11.21 11.41 11.49 11.49 11.02 10.86 10.45 10.70 11.31 11.76 12.00 11.83 11.75 11.69 11.73 11.56 11.50 11.04 11.05 11.52 11.53 11.89 12.36 12.87 12.71 12.59 12.91 13.07 12.91 13.08 12.99 13.01 13.06 12.88 12.91 12.51 12.35 12.28 12.70 12.90 12.79 12.72 12.77 12.64 12.38 12.01 11.97 12.15 11.96 12.21 12.02 11.83 12.08 12.14 11.87 11.75 11.90 12.01 12.28 12.14 12.31 12.56 12.46 12.15 12.05 12.00 12.59 12.53 11.79 11.88 11.92 11.92 11.97 11.88 11.72 12.07 12.44
11.17 11.71 12.22 11.91 11.71 11.25 10.92 11.15 11.59 11.94 11.70 11.68 11.81 11.70 11.76 11.68 11.64 11.47 11.38 11.47 11.72 11.96 12.13 12.72 13.24 13.02 12.93 13.10 12.89 13.08 12.75 12.35 12.39 12.35 12.33 12.37 12.26 12.61 12.56 12.74 12.97 12.87 12.62 12.49 12.44 12.39 12.34 12.03 11.88 12.58 12.76 12.16 12.05 12.01 11.92 12.26 12.28 12.20 12.19 11.90 12.36 12.68 12.53 12.44 12.14 12.04 12.20 12.38 12.02 11.71 11.95 12.11 11.95 11.72 12.02 11.92 12.38
11.42 12.00 12.51 12.32 12.03 11.49 11.38 11.20 11.48 11.80 11.91 11.58 11.48 11.64 11.55 11.49 11.53 11.60 11.48 11.24 11.51 11.68 11.69 12.42 12.95 12.86 12.46 12.35 12.21 12.39 12.17 12.24 11.74 11.55 11.89 12.40 12.34 12.62 12.50 12.63 13.06 12.88 12.55 12.38 13.02 12.90 13.17 12.72 12.24 12.20 12.47 11.96 11.99 11.94 11.81 12.15 12.72 12.71 12.47 12.34 12.62 12.79 12.60 12.56 12.57 12.15 12.52 12.50 12.34 12.43 12.29 12.15 11.91 12.22 12.31 11.82 12.19
11.29 11.76 11.93 11.91 11.72 10.64 11.12 11.27 11.11 11.31 11.31 11.30 11.36 11.38 11.39 11.68 11.84 11.80 11.80 12.02 11.80 11.59 11.37 11.87 12.40 12.46 12.03 11.61 11.67 11.77 11.88 12.25 12.06 11.87 11.55 11.98 12.62 12.53 12.71 13.00 12.94 12.97 13.06 12.61 12.59 13.00 12.94 13.09 12.72 12.03 12.36 12.50 11.89 12.10 11.99 12.10 12.65 12.69 12.52 12.54 12.30 12.23 12.33 12.45 12.69 12.53 12.54 12.86 12.86 12.92 12.65 12.48 12.45 12.53 12.63 12.55 12.82
11.57 11.41 11.34 11.69 12.30 11.29 11.09 11.41 11.03 11.21 11.49 11.30 11.48 11.61 11.59 11.81 11.85 11.77 12.00 12.11 12.12 12.12 11.89 11.85 12.12 12.18 12.20 12.05 11.80 11.68 11.68 12.44 12.26 12.10 11.83 12.77 13.44 13.19 12.80 12.82 12.72 12.55 12.79 12.74 12.53 12.53 12.78 12.69 12.54 12.21 12.49 12.46 12.31 12.21 12.13 12.50 13.02 12.96 12.38 11.89 11.99 12.26 12.23 12.37 12.86 12.50 12.61 12.97 13.04 13.29 12.98 12.52 12.61 12.68 12.80 12.85 13.15
12.02 12.02 11.53 11.56 12.15 12.28 12.13 12.05 11.96 12.24 11.98 11.74 11.88 11.70 11.37 11.43 11.63 11.53 11.67 12.01 12.29 11.85 11.88 11.84 12.11 11.96 11.90 11.70 11.30 11.36 10.90 11.90 11.80 11.75 12.33 12.86 12.90 13.10 13.07 13.14 12.81 12.68 12.68 12.40 12.52 12.22 12.11 12.29 12.21 12.06 11.82 12.33 12.25 11.95 11.94 12.63 12.98 12.95 12.59 12.36 12.45 12.53 12.44 12.36 12.42 12.33 12.33 12.72 13.10 13.21 13.17 13.16 12.77 12.66 12.74 12.89 13.37
11.53 11.58 11.51 11.35 11.86 12.14 11.99 11.78 11.80 11.87 11.76 11.83 11.74 11.79 11.56 11.58 11.76 11.21 11.32 11.59 11.84 11.63 11.74 11.74 11.80 11.65 11.33 11.02 10.88 11.45 11.41 11.57 11.71 12.01 12.16 12.36 13.05 13.08 12.95 12.84 12.72 12.70 12.81 12.75 12.66 12.03 11.79 12.17 12.73 13.02 12.86 12.60 12.38 12.16 12.02 12.16 12.58 12.58 12.28 12.26 12.39 12.90 12.76 12.39 12.60 12.88 12.44 12.57 12.86 13.14 13.06 13.22 13.34 13.22 12.76 12.91 13.04
10.95 11.82 12.14 12.28 12.41 12.22 11.92 11.85 11.66 11.65 11.42 10.75 11.28 11.39 11.60 11.81 11.82 11.49 11.59 11.60 11.69 11.54 11.44 12.03 12.00 11.62 11.47 11.60 11.67 11.64 11.22 11.41 11.43 11.72 12.05 12.10 12.39 12.91 12.45 12.39 12.53 12.39 12.37 12.48 12.43 12.26 11.81 11.84 12.83 13.18 12.79 12.85 12.79 12.59 12.09 12.32 12.50 12.38 12.22 12.60 12.70 13.13 12.42 12.30 12.49 12.82 12.73 12.99 12.89 13.12 13.07 13.27 13.00 12.84 13.08 13.25 13.00
11.60 11.83 12.37 12.64 12.69 11.90 10.97 10.79 10.72 10.40 10.73 10.90 10.86 11.18 11.62 11.63 11.87 11.85 11.98 11.64 11.47 11.69 11.38 11.16 11.11 11.14 11.11 11.19 11.85 11.57 11.30 11.46 11.25 10.87 10.91 11.22 11.58 12.24 12.25 11.78 11.43 12.03 11.47 11.75 12.43 12.56 11.84 11.94 12.16 12.03 12.58 12.58 12.54 12.93 12.64 12.47 12.29 12.52 11.93 12.31 12.45 12.15 12.12 12.23 12.55 12.91 13.01 13.58 13.20 13.45 13.03 13.46 13.30 13.22 13.44 13.13 13.14
11.06 12.31 12.54 12.59 12.18 11.19 9.47 10.06 10.86 10.43 10.46 11.70 10.90 11.03 11.49 11.74 11.63 11.44 11.16 10.95 11.22 11.65 11.37 11.02 10.90 11.01 11.53 11.41 12.11 11.98 11.26 11.22 11.62 11.11 10.84 10.79 10.87 11.91 11.62 11.52 11.53 11.62 11.68 11.84 12.19 12.27 12.38 12.66 12.79 12.60 12.55 12.48 12.59 13.04 12.98 12.19 12.30 12.49 12.16 12.41 11.92 11.89 12.65 12.69 12.47 12.70 13.07 13.49 13.31 13.30 12.98 13.16 13.55 13.23 13.03 12.72 12.99
11.16 11.72 11.56 11.92 11.70 10.80 10.31 10.45 11.15 11.25 11.75 11.53 11.21 11.57 12.05 11.69 11.20 11.24 11.30 11.08 11.01 11.32 10.80 10.53 10.54 10.94 11.45 12.06 12.73 12.19 11.49 10.68 11.12 11.35 10.66 10.66 10.97 11.41 11.52 11.76 11.92 12.08 11.93 11.93 12.27 12.72 12.25 12.13 12.83 13.05 12.97 12.80 12.51 12.74 12.92 12.72 12.25 11.89 11.84 12.12 12.09 12.50 12.13 12.15 12.57 12.74 12.95 13.39 13.06 13.04 13.04 12.64 13.03 13.24 12.90 13.08 12.94
11.54 11.38 11.07 11.07 11.27 10.57 10.70 10.13 10.34 10.99 11.98 12.09 12.30 11.98 11.95 11.27 11.23 11.35 11.34 10.97 10.92 11.16 10.94 10.98 11.22 10.91 11.44 11.75 11.80 11.74 11.39 11.25 11.52 11.28 10.77 10.74 10.80 11.36 11.59 11.60 12.07 12.16 12.08 11.69 11.59 11.74 11.60 11.77 12.21 12.65 12.33 12.17 12.11 12.47 12.65 12.57 12.20 11.57 11.47 11.65 12.02 12.69 12.69 12.52 12.45 12.69 13.28 13.09 12.90 12.69 12.83 12.13 12.77 13.12 12.92 12.91 13.23
11.17 11.28 10.59 10.19 10.50 11.58 11.00 10.89 10.97 11.12 11.96 12.30 11.99 11.88 11.48 11.13 11.32 10.63 10.79 11.41 11.56 11.85 11.05 11.18 11.29 11.30 11.28 11.19 11.02 11.59 11.76 11.85 11.86 11.65 11.48 11.36 11.47 11.06 11.81 11.27 11.48 11.53 11.51 11.46 11.63 10.98 10.96 11.49 11.71 11.93 11.68 11.92 11.59 11.89 12.08 11.77 11.93 11.57 11.13 11.50 12.02 12.57 12.39 12.71 12.72 12.79 12.81 12.77 12.49 12.99 13.09 12.22 12.47 12.74 12.73 13.15 13.60
10.55 10.33 10.14 10.45 11.53 11.92 11.48 11.43 11.34 10.55 10.76 11.23 11.54 11.46 11.85 11.69 11.36 10.90 10.63 10.95 11.57 11.24 10.69 11.08 11.48 11.45 11.58 11.44 11.55 11.25 11.75 11.60 11.95 12.10 11.78 11.69 11.88 11.42 11.54 11.53 11.53 11.44 11.28 11.75 11.65 11.35 10.95 11.16 11.58 11.69 10.74 11.40 11.42 11.46 11.72 11.43 11.66 11.62 11.69 12.36 12.52 12.36 12.74 12.82 12.86 13.04 12.80 12.91 13.16 13.08 13.03 12.76 12.73 12.41 12.97 13.31 13.22
10.60 10.66 10.53 10.80 11.12 11.29 11.77 11.64 10.78 10.10 10.13 10.72 10.97 10.86 11.23 11.32 11.86 11.51 11.30 10.84 11.01 11.14 11.13 10.40 10.30 10.75 11.16 11.29 11.00 10.58 10.98 11.31 11.61 11.87 11.54 11.36 11.32 11.91 11.65 11.57 11.77 11.73 11.54 11.07 10.84 11.16 11.31 11.59 11.82 11.58 11.04 11.25 11.33 11.55 11.62 11.68 11.58 11.89 12.23 12.66 12.49 12.67 12.93 13.01 12.84 12.53 12.71 13.06 13.23 13.13 12.57 12.31 12.55 12.58 13.13 13.38 13.18
10.21 10.22 10.61 10.70 10.46 10.58 10.95 10.58 10.57 10.57 10.60 10.88 11.22 10.84 11.26 11.61 12.18 11.80 11.49 10.73 10.18 10.75 11.08 10.60 10.71 10.78 10.93 11.15 11.25 10.85 10.46 10.62 11.06 11.16 11.20 11.00 11.55 11.37 11.44 11.03 11.02 11.09 11.02 10.89 11.16 11.24 11.04 10.87 10.79 11.08 11.43 11.88 12.11 12.11 11.89 11.81 11.66 12.21 12.82 12.92 12.92 13.25 13.19 13.19 13.00 12.92 13.12 12.90 13.14 12.89 12.46 12.54 12.60 12.88 13.02 13.22 13.35
10.43 10.23 10.12 10.28 10.83 10.85 10.76 10.94 10.74 10.92 10.71 10.11 11.16 11.15 11.61 11.59 11.17 11.09 10.68 10.24 10.63 10.33 10.20 10.01 10.48 11.24 11.17 11.31 11.09 10.56 10.72 10.92 10.58 10.86 10.75 10.72 10.28 10.62 10.81 10.49 10.70 10.76 10.58 10.49 10.81 11.13 10.81 11.18 11.22 11.81 11.61 11.84 11.96 11.97 12.02 11.96 11.94 12.09 12.59 12.32 12.28 12.84 13.15 13.09 12.99 12.80 13.15 12.96 12.52 12.51 12.41 12.55 12.78 12.99 13.02 13.01 13.16
10.34 10.40 10.54 10.48 10.54 10.44 10.57 10.68 10.46 10.76 10.63 10.50 11.13 11.77 12.00 11.83 11.67 10.70 10.59 10.63 11.03 10.73 10.03 10.14 10.71 11.37 11.20 10.85 11.14 10.66 11.37 11.34 10.88 10.94 10.69 10.38 10.37 10.70 10.64 10.38 11.14 10.86 10.50 10.20 10.94 11.94 11.69 11.56 11.26 11.72 11.49 11.52 11.56 11.72 11.93 12.24 11.91 12.11 12.11 11.59 11.91 11.97 12.53 12.42 12.12 12.29 12.57 12.58 12.42 12.44 12.37 12.59 12.93 13.26 13.04 13.20 13.30
10.14 10.02 10.22 10.31 10.15 9.96 10.19 10.52 10.99 10.90 10.34 10.36 10.92 11.60 10.94 11.09 10.68 11.25 10.49 10.08 10.42 10.74 10.39 10.71 11.02 10.91 10.72 10.48 10.64 10.78 11.49 11.60 11.46 11.00 10.58 10.90 10.62 10.04 10.41 10.36 10.97 10.55 10.08 10.33 11.01 11.81 11.95 11.43 11.10 11.34 11.68 12.26 12.16 11.64 12.20 12.74 12.17 11.96 11.57 11.60 12.01 12.30 11.94 11.76 11.90 12.18 12.04 12.15 12.24 12.38 12.64 12.95 13.14 12.90 13.06 13.22 13.32
10.42 9.57 9.66 10.21 10.50 10.45 10.83 10.55 11.20 10.88 10.16 10.41 11.18 11.09 10.67 10.51 10.71 11.38 10.54 10.35 10.42 11.04 10.38 10.24 10.11 9.98 10.08 10.46 10.77 11.09 11.52 11.71 11.34 11.08 10.26 10.09 10.07 10.27 10.41 10.14 10.12 10.02 9.91 10.55 10.86 11.17 11.32 11.33 11.28 11.73 12.24 12.56 12.74 12.31 12.75 12.50 12.42 12.20 12.04 12.11 12.17 12.14 11.86 11.95 12.29 12.21 12.28 12.07 12.43 12.45 12.65 13.04 13.09 13.04 13.27 13.20 13.32
9.82 9.65 9.59 10.33 10.76 10.34 10.65 10.20 10.65 10.26 10.63 10.23 11.02 10.97 10.69 10.56 10.46 10.36 10.95 10.54 10.87 10.78 10.25 10.34 10.47 10.62 10.46 10.51 10.85 11.20 11.50 11.75 11.47 10.29 10.29 9.61 9.48 8.95 8.98 9.45 10.05 10.08 10.05 10.33 10.25 10.52 11.46 11.69 11.45 12.15 12.32 12.21 12.59 12.55 12.71 12.47 12.30 12.04 12.13 12.29 12.17 12.33 12.13 12.33 12.13 12.67 12.70 12.61 12.59 12.60 12.84 12.79 12.87 12.98 13.01 13.13 13.31
9.89 9.20 9.60 9.81 9.97 9.72 9.98 9.81 9.99 10.46 10.57 10.83 11.01 10.88 10.73 10.35 10.86 11.03 11.18 10.89 10.81 10.32 10.31 10.20 10.54 10.56 10.20 10.40 10.58 10.78 10.89 11.13 11.10 10.69 10.46 9.92 9.56 9.03 8.98 9.16 9.19 9.59 10.44 10.86 10.17 10.80 11.45 11.75 11.84 11.97 11.61 12.10 12.51 12.50 12.21 12.76 12.23 12.50 12.33 12.50 12.35 12.50 12.29 12.22 12.58 12.74 12.79 12.80 12.65 12.64 12.69 12.69 12.81 12.89 12.71 12.96 13.18
9.27 8.73 9.41 10.20 9.78 9.06 9.07 9.17 9.60 9.74 10.01 10.45 10.31 10.76 10.57 10.16 10.16 10.29 10.10 10.08 10.20 10.13 10.05 9.87 9.84 9.97 10.04 10.49 10.67 10.23 10.65 11.03 10.99 10.71 10.31 9.91 9.54 9.55 9.21 8.77 8.73 9.44 10.20 10.46 10.57 11.23 11.47 12.05 12.02 11.66 11.27 11.34 12.03 12.05 12.29 12.44 11.90 12.36 12.66 12.56 12.60 12.52 12.55 12.66 12.86 12.98 12.94 12.88 13.17 13.17 13.06 13.05 13.05 13.11 12.85 12.84 12.99
9.10 9.06 9.80 10.14 9.61 9.01 9.03 8.65 9.24 9.42 9.12 9.83 10.01 10.03 10.60 10.40 9.86 9.96 10.02 10.00 10.13 10.32 9.63 9.90 9.74 9.75 9.87 9.67 10.70 10.86 11.08 11.09 11.08 10.60 10.46 10.47 9.49 9.27 9.76 9.42 9.20 9.80 10.08 10.59 11.29 11.55 11.73 11.49 11.65 11.53 11.39 10.97 11.28 10.94 11.25 11.73 12.38 12.30 12.63 12.48 12.62 12.61 12.44 12.72 13.04 13.07 13.07 13.07 13.20 13.16 13.18 13.07 12.98 13.08 12.93 12.44 12.56
8.98 10.31 10.14 10.33 10.73 9.65 8.90 8.87 9.06 9.26 9.16 9.10 9.86 10.37 10.39 10.87 10.86 10.50 10.27 10.08 10.55 10.68 10.21 10.18 10.15 10.22 10.02 9.99 10.15 10.46 10.52 10.60 10.66 10.12 9.90 9.63 8.96 9.34 9.64 9.19 9.53 9.74 10.39 10.79 10.84 11.09 10.96 10.79 11.13 11.40 11.39 10.71 10.35 10.46 11.28 11.83 12.21 12.39 12.51 12.47 12.46 12.43 12.51 12.82 12.97 13.08 12.92 12.96 13.03 13.14 13.18 13.02 12.82 12.96 12.97 12.79 12.56
9.46 10.17 10.51 10.68 10.30 9.28 9.16 9.62 10.02 10.51 10.99 10.67 10.88 10.57 10.24 10.46 10.59 10.08 10.03 9.78 10.18 9.93 10.22 10.58 10.73 10.78 10.85 10.18 10.22 9.99 10.10 9.79 10.27 9.57 8.94 8.92 8.77 9.10 9.08 9.36 9.57 9.75 10.07 10.29 10.41 10.86 10.62 10.44 10.82 11.41 11.31 10.93 10.57 11.03 11.30 11.75 12.10 11.97 12.20 12.37 12.66 12.74 12.59 12.53 12.83 12.92 13.03 12.89 12.77 12.99 13.01 13.08 12.88 12.79 12.58 12.92 12.87
9.93 9.78 10.80 10.31 10.10 9.81 9.59 9.69 10.16 9.72 10.24 10.64 10.91 10.40 10.03 9.33 9.21 10.09 10.02 9.69 9.66 9.72 10.19 10.35 10.25 10.46 10.79 10.63 10.22 10.20 10.49 9.79 10.24 9.60 9.61 9.70 9.64 10.00 10.11 10.02 9.66 9.91 9.91 10.22 10.75 10.66 10.46 10.27 10.74 11.08 11.22 11.12 10.99 10.95 10.68 11.09 11.43 11.77 12.14 12.35 12.49 12.60 12.55 12.54 12.63 12.63 12.81 12.91 12.88 12.79 12.70 12.93 12.90 12.90 12.77 12.52 12.67
9.30 9.75 10.49 10.42 9.72 9.38 10.36 10.38 10.47 10.28 10.60 10.53 10.04 9.32 9.63 9.69 9.32 9.67 9.84 9.74 9.91 9.34 9.58 9.73 10.17 10.92 11.35 10.61 10.90 10.96 10.30 10.02 10.42 10.20 10.13 9.91 10.47 10.81 9.88 10.42 10.78 10.17 9.62 9.95 10.03 9.66 9.69 10.10 10.70 10.99 10.81 10.43 10.52 10.42 10.23 10.91 11.55 11.93 12.19 12.36 12.28 12.10 12.22 12.50 12.52 12.29 12.40 12.59 12.88 12.45 12.53 12.84 12.73 12.84 12.91 12.63 12.63
9.52 9.95 9.85 10.01 9.90 9.99 10.51 10.75 10.96 10.43 9.59 9.72 10.06 9.83 9.45 9.84 9.77 9.95 9.50 9.73 9.33 9.07 9.04 9.81 10.49 10.56 10.71 10.82 10.58 10.37 9.99 10.58 10.83 10.03 10.12 10.21 10.28 10.37 10.28 10.13 10.28 10.33 9.51 9.75 10.07 10.08 10.36 10.71 11.25 10.82 10.06 9.87 9.95 10.19 10.83 11.19 11.48 12.08 12.34 12.32 12.28 12.49 12.40 12.37 12.46 11.88 12.17 12.44 12.57 12.31 12.57 12.66 12.71 12.85 12.75 12.41 12.26
10.11 10.61 9.98 9.85 10.25 9.96 10.02 10.41 10.55 10.04 9.33 10.04 10.03 9.11 9.17 9.70 9.45 9.53 9.33 9.33 9.59 9.56 9.64 9.93 9.75 9.42 9.76 10.03 10.35 9.88 9.83 10.30 10.36 9.07 9.40 10.10 9.98 9.47 9.59 9.56 9.33 9.35 10.51 10.80 10.67 11.47 11.47 11.41 11.14 10.81 10.26 10.05 10.15 10.68 11.21 11.61 11.80 11.85 12.06 12.07 12.14 12.39 12.59 12.19 12.33 12.35 12.35 12.40 11.90 12.12 12.52 12.63 12.55 12.63 12.38 12.32 12.28
9.74 10.01 9.32 9.62 9.92 10.19 10.07 10.21 10.33 10.19 9.63 10.09 10.16 9.51 9.45 9.13 9.31 9.48 9.49 9.53 10.13 9.95 9.77 9.81 9.36 9.56 9.03 9.51 9.70 9.63 9.69 9.92 10.31 9.57 9.20 9.68 9.66 9.69 9.36 9.53 9.70 10.09 11.08 11.16 11.35 11.78 11.68 11.37 11.33 11.15 10.44 10.38 10.67 10.85 11.13 11.59 11.75 11.71 11.65 11.81 11.98 12.30 12.41 12.35 12.33 12.50 12.36 11.99 11.77 11.83 12.21 12.49 12.48 12.37 12.11 12.16 12.36
9.77 9.20 9.29 9.55 9.80 10.30 10.09 10.45 10.33 10.41 10.51 10.63 10.18 10.00 9.99 9.65 9.66 9.37 9.66 10.24 10.16 9.68 10.37 10.69 10.76 10.50 9.98 9.91 9.65 10.25 10.31 9.99 9.99 9.84 9.66 9.53 9.60 9.18 8.99 9.50 9.49 10.11 10.62 10.77 11.27 11.36 11.54 11.38 11.60 11.50 11.48 11.46 11.37 11.12 11.13 11.28 11.58 11.59 11.49 11.56 11.82 12.08 12.47 12.63 12.49 12.54 12.32 11.85 11.78 11.98 12.36 12.33 12.16 12.00 12.11 12.14 12.32
9.56 9.61 10.13 9.94 10.07 10.40 10.40 10.43 10.28 10.61 10.80 10.92 10.32 10.54 10.29 10.17 10.29 10.36 10.75 10.63 10.00 10.10 10.65 10.86 10.57 9.92 9.69 10.15 10.49 10.24 10.29 10.55 10.37 10.10 9.85 9.60 9.87 9.59 9.62 9.94 10.05 10.30 10.40 10.37 10.49 10.59 11.31 11.53 11.41 11.51 11.68 11.43 11.11 10.83 10.97 11.21 11.68 11.80 11.84 11.58 11.64 12.31 12.40 12.56 12.62 12.57 12.46 12.32 12.01 11.79 11.92 11.91 11.83 11.93 11.98 11.96 12.15
