main/data/irradiance/29.04.2023.grid
ncols 839
nrows 679
xllcenter 112.0500
yllcenter -43.9500
cellsize 0.0500
nodata_value 99999.90
[rows 408 to 441 of 679, columns 308 to 384 of 839]
15.16 15.03 15.02 15.15 15.09 15.06 14.99 14.60 14.33 14.06 13.91 13.33 12.98 12.61 12.61 12.97 12.66 12.64 12.80 12.77 13.46 13.33 13.55 12.96 12.89 13.08 13.00 13.06 13.35 13.61 13.40 13.75 13.84 14.30 14.49 14.53 13.78 14.32 14.83 14.53 14.81 14.97 14.93 14.34 14.61 14.78 14.43 14.15 14.39 14.20 14.04 14.11 14.13 14.16 13.86 14.06 14.18 13.96 14.07 14.02 13.93 13.81 13.68 14.20 13.72 13.81 13.55 12.71 12.33 13.07 13.82 13.31 13.24 14.24 13.39 12.94 13.63
14.80 14.88 15.00 14.89 15.05 15.14 14.78 14.36 14.13 13.69 13.51 13.22 13.00 12.71 12.51 12.60 12.89 13.04 13.19 13.44 13.40 13.58 13.60 13.05 13.30 13.07 13.37 13.95 14.06 13.38 13.37 13.75 14.47 15.05 15.00 14.79 14.33 14.33 14.39 14.54 14.68 14.99 15.04 14.73 14.65 14.91 14.23 14.31 13.60 13.89 14.43 14.17 14.02 13.85 13.54 13.32 14.15 14.11 13.32 13.33 13.17 13.16 13.64 14.16 14.13 13.79 13.47 13.40 13.19 13.10 13.34 13.24 14.33 13.25 13.44 12.30 13.83
14.77 14.78 15.12 14.97 14.89 14.88 14.61 14.35 14.10 13.64 13.43 13.37 13.09 13.18 12.82 12.72 13.07 12.99 13.11 13.15 13.41 13.35 13.08 13.17 12.75 13.13 13.29 14.04 14.04 13.64 13.39 13.20 13.93 14.49 14.80 14.72 14.37 14.59 14.38 14.48 14.54 14.46 14.93 14.52 14.27 14.37 14.41 14.30 14.29 14.44 14.55 14.34 14.31 14.17 13.98 14.24 13.86 14.04 13.76 13.32 13.60 13.64 14.03 13.73 13.77 13.46 13.06 13.84 12.96 14.13 13.77 14.21 13.68 13.19 13.88 12.90 14.52
14.98 15.04 14.93 14.53 14.56 14.32 14.37 14.13 13.85 13.60 13.57 12.96 13.07 13.08 12.73 13.20 13.08 12.92 12.77 12.94 12.97 13.10 13.05 12.84 13.14 13.49 13.25 13.58 13.98 13.49 13.07 12.80 13.03 13.56 14.25 14.12 14.11 14.29 14.00 14.47 14.31 15.25 14.28 14.30 14.54 13.88 14.09 14.08 14.51 14.26 14.42 14.34 14.51 14.96 14.84 15.04 14.29 13.70 13.67 13.73 13.38 13.11 13.75 13.89 13.32 13.16 13.56 14.11 13.68 13.22 14.60 14.67 14.70 14.05 13.46 12.40 13.37
14.92 14.75 14.57 14.32 14.16 14.07 14.06 13.49 13.44 13.37 13.21 12.65 12.83 12.73 12.78 12.76 13.10 12.90 12.64 13.05 12.99 13.33 12.61 12.59 13.26 13.13 13.03 13.27 12.81 13.16 13.19 13.04 13.14 13.44 13.59 13.18 13.89 13.59 13.60 13.52 13.72 14.97 14.71 13.80 14.54 14.54 14.22 14.21 14.38 13.89 13.75 13.58 14.16 14.24 14.30 14.41 13.93 13.85 13.41 13.06 12.46 13.04 13.25 14.21 13.94 13.90 13.11 12.87 12.88 13.56 14.03 13.74 14.75 13.05 13.08 12.90 13.18
14.66 14.55 14.34 14.23 13.92 14.29 13.71 13.42 13.47 13.17 13.01 12.53 12.78 12.48 12.44 12.81 13.09 12.86 13.24 13.03 13.27 13.48 12.96 13.31 13.28 13.17 13.29 13.06 12.66 13.15 13.46 13.76 13.92 13.71 13.46 13.52 13.28 13.53 13.03 13.87 14.21 14.43 14.38 13.71 14.25 14.05 13.99 14.24 14.47 14.49 13.68 13.83 14.05 14.29 14.21 14.32 14.12 13.96 14.10 13.88 13.38 13.62 14.56 14.34 13.37 13.54 13.18 13.15 13.02 13.53 13.18 14.02 14.04 13.45 13.78 13.71 13.26
14.21 14.27 14.51 14.26 14.20 14.09 14.06 13.64 13.21 13.18 12.81 12.53 12.77 12.31 12.61 13.07 13.16 12.91 13.25 13.08 13.45 12.80 12.73 12.92 13.28 13.33 13.70 13.93 13.41 12.92 12.96 13.76 14.63 14.41 13.89 14.08 14.04 14.29 13.56 13.55 13.96 14.42 13.70 12.98 13.39 13.51 13.73 13.86 14.11 14.28 13.92 14.13 14.19 14.96 15.29 14.81 14.46 14.53 14.67 14.38 13.59 13.76 13.94 13.94 14.28 13.80 13.82 14.00 13.34 12.87 13.33 13.67 13.59 13.72 13.86 14.82 14.00
14.48 14.42 14.72 13.89 13.64 14.15 14.19 13.74 12.97 12.74 12.44 12.51 12.58 12.54 12.77 13.09 13.17 12.73 12.67 13.28 13.14 13.37 13.30 13.54 13.41 13.98 14.88 14.31 13.41 13.06 13.11 13.58 14.20 13.79 14.07 14.27 13.95 13.97 13.84 13.85 14.40 14.03 12.69 12.60 13.00 13.55 13.70 13.34 13.72 13.03 13.49 13.84 14.59 14.87 15.15 14.63 13.97 14.12 14.04 13.45 14.37 14.32 14.41 14.33 14.42 14.01 14.43 14.68 14.19 14.54 13.22 13.73 12.66 13.53 13.64 14.62 14.40
14.51 14.60 14.17 13.55 13.51 13.94 14.10 13.80 13.32 13.16 13.08 13.09 12.61 12.40 12.70 13.37 12.89 13.30 13.01 13.33 13.68 13.30 13.55 13.52 12.69 13.15 14.06 13.52 13.70 13.58 12.91 13.40 13.64 13.43 13.80 14.03 14.10 13.94 14.51 14.50 14.90 13.87 13.51 13.53 13.46 13.26 13.64 14.14 13.26 13.16 13.41 14.01 14.44 14.28 14.63 14.21 13.68 13.92 13.82 13.65 14.13 13.78 13.95 14.71 13.89 14.09 14.63 14.36 14.38 14.10 13.76 13.27 12.19 12.95 13.64 14.04 14.16
14.68 14.64 14.12 13.90 13.39 14.00 13.63 13.74 13.52 13.32 13.38 13.23 12.55 12.36 12.70 12.99 13.16 12.90 13.46 13.06 12.62 12.36 12.88 12.81 12.48 12.60 12.50 12.55 13.30 13.06 13.65 13.78 13.30 13.21 13.37 13.41 13.53 13.23 13.68 14.92 14.79 14.18 14.16 13.81 13.51 13.63 13.64 13.36 12.90 13.45 12.86 13.94 14.38 13.99 14.09 14.06 13.62 13.59 13.36 13.61 13.79 13.39 13.17 13.12 13.65 14.03 13.67 13.60 13.96 14.18 13.26 13.04 13.16 13.38 14.72 14.91 14.79
14.40 14.25 13.94 13.92 13.66 13.91 13.50 13.93 13.51 13.51 12.97 13.07 13.08 12.50 13.05 12.98 13.70 12.87 12.55 12.10 11.82 12.37 12.15 12.14 12.59 12.45 12.47 11.62 12.11 13.18 13.49 13.18 13.75 13.83 13.57 12.97 12.79 12.71 13.72 14.23 14.08 13.89 13.75 13.11 13.87 13.72 13.86 13.79 12.46 12.54 13.16 13.93 13.86 13.91 13.95 13.64 14.04 13.16 12.30 13.35 13.33 13.50 14.01 14.26 14.34 14.57 14.18 14.00 13.74 14.10 13.33 13.53 13.55 13.27 13.72 13.53 14.26
14.31 14.05 13.91 13.95 14.10 14.42 13.49 13.88 13.59 13.54 13.46 14.04 13.56 12.55 12.94 12.59 13.11 13.11 12.69 12.12 12.61 12.29 12.09 12.47 12.98 12.80 12.75 12.35 12.22 12.65 13.26 13.81 14.64 14.08 13.49 12.79 12.08 13.51 14.17 14.43 13.04 13.48 13.86 13.85 14.17 14.15 13.26 13.98 13.34 13.81 13.87 14.31 14.16 13.93 14.31 14.32 13.61 13.70 13.00 13.90 14.54 13.85 14.36 14.79 15.14 14.98 14.65 14.55 14.71 13.12 13.77 13.43 13.60 14.06 12.64 13.31 14.03
14.18 14.03 14.04 13.82 14.01 13.90 13.60 13.37 13.21 13.20 13.12 13.50 13.18 12.83 12.58 13.27 12.53 12.97 12.73 12.68 12.54 12.40 12.27 12.43 13.60 13.86 13.54 13.24 12.70 12.60 12.88 13.64 13.37 14.28 13.94 13.27 13.20 13.53 13.89 13.13 12.22 12.75 13.85 14.21 14.03 14.04 14.31 13.79 13.87 13.91 13.80 14.30 14.02 14.26 13.93 13.65 13.68 13.83 13.30 12.38 13.59 13.39 14.07 14.90 14.83 15.20 14.73 14.19 12.96 12.24 12.29 13.24 14.49 13.90 13.68 14.31 13.46
14.23 13.69 13.55 13.40 13.35 13.79 13.30 13.37 13.19 12.48 12.20 13.33 12.77 12.53 13.01 12.98 13.54 13.45 12.83 12.13 12.58 12.45 12.82 12.33 12.61 12.72 12.98 13.17 13.20 13.48 13.11 13.18 13.84 14.54 13.17 12.88 13.26 13.86 13.88 12.72 13.04 13.24 13.43 13.70 14.39 14.60 14.80 14.00 13.41 13.39 14.01 13.77 12.91 13.95 13.62 12.81 12.07 12.16 12.39 12.40 13.60 13.79 13.92 14.59 14.37 14.67 14.29 13.84 12.95 12.06 12.02 13.57 14.57 13.74 13.64 14.24 13.59
13.71 13.53 12.91 13.29 13.40 13.56 13.11 13.34 13.10 12.51 12.61 12.90 12.81 12.43 12.70 12.82 13.32 12.61 12.83 12.56 13.18 13.20 12.73 12.64 13.25 12.18 12.17 12.87 12.43 13.21 13.31 13.69 13.55 13.19 12.91 13.19 13.36 13.84 13.71 12.97 12.94 12.75 13.03 13.15 13.29 13.38 13.35 12.97 13.85 13.21 13.41 13.78 12.96 13.07 13.35 13.48 12.71 11.51 12.37 13.37 13.66 13.27 13.62 14.37 14.43 14.43 13.92 13.80 13.36 13.11 12.89 13.48 14.46 13.77 14.38 14.35 13.51
13.41 12.85 12.43 13.27 13.86 13.32 13.31 13.42 13.70 13.15 13.23 12.76 12.86 12.03 12.38 12.76 12.72 12.12 12.27 11.90 12.37 12.11 12.30 12.38 12.76 11.13 11.87 11.84 12.88 13.40 14.07 13.90 12.80 11.35 12.18 13.51 14.40 13.77 14.21 13.62 13.00 13.35 13.57 13.01 12.37 12.72 11.78 12.52 13.55 13.54 12.52 13.01 13.20 12.73 13.57 13.33 12.28 11.77 11.99 13.69 13.99 13.71 14.18 14.47 14.65 14.20 13.38 13.26 12.70 12.16 12.87 12.76 13.10 13.44 14.17 13.58 13.85
13.32 13.18 12.70 13.56 13.57 13.39 13.14 13.82 13.79 13.80 13.48 12.54 12.26 11.54 12.33 12.52 12.10 12.27 11.94 11.99 11.78 11.99 11.90 12.78 12.73 12.91 12.15 12.35 12.18 12.68 13.46 13.53 12.37 12.40 12.16 13.91 14.23 14.14 14.11 13.65 13.85 14.30 14.27 14.00 13.47 13.16 12.86 13.14 13.24 13.02 13.00 12.35 12.65 12.67 12.77 12.62 11.85 12.04 12.00 12.91 14.28 14.21 14.58 13.91 14.69 14.40 12.74 12.77 13.54 13.98 12.36 12.20 12.46 12.19 12.88 13.83 14.03
13.94 13.71 13.43 13.66 13.58 13.07 13.33 13.54 13.24 13.49 13.43 12.81 12.21 11.95 12.75 12.86 12.20 12.59 12.61 12.28 12.03 11.90 11.23 13.08 13.39 13.52 12.22 12.46 12.20 12.01 12.90 12.65 12.35 11.97 13.14 12.97 13.83 14.31 15.12 14.82 14.56 14.52 14.50 14.11 13.65 13.31 12.96 12.51 12.82 12.70 13.25 12.11 11.26 12.37 13.10 12.88 11.70 12.06 12.92 12.57 13.36 13.66 13.30 13.60 14.02 13.97 13.30 13.53 14.37 14.38 13.89 13.08 13.78 13.08 13.22 13.56 12.39
13.04 12.64 12.80 13.07 12.99 12.79 12.99 12.96 12.58 12.92 12.86 12.74 12.42 11.99 13.05 13.12 12.67 12.49 12.89 12.85 13.02 12.84 12.22 11.82 12.90 13.30 13.10 13.23 12.35 13.06 14.00 12.56 13.22 12.11 12.52 12.66 13.13 14.51 14.64 14.32 14.18 14.60 14.49 14.39 13.81 13.25 13.06 13.64 13.13 12.37 12.63 12.77 12.86 12.17 11.73 11.32 10.97 11.20 12.96 13.26 13.52 13.30 13.62 13.90 13.32 12.55 13.24 13.98 13.87 14.38 13.81 13.65 13.96 13.90 13.47 13.12 13.60
12.95 12.21 12.29 12.98 12.80 12.66 12.79 12.89 12.55 13.51 13.77 12.81 12.31 12.06 12.76 12.96 12.35 12.19 12.52 13.33 13.66 12.73 11.03 11.10 12.40 12.20 13.12 13.29 13.77 14.12 12.72 12.82 14.01 13.98 13.91 14.03 14.08 14.21 13.98 13.96 13.33 14.12 14.08 13.53 13.65 14.03 13.62 13.84 13.36 12.80 12.44 13.02 13.56 12.01 12.24 11.72 11.68 10.53 11.96 13.46 13.85 13.58 13.69 13.21 12.19 12.46 12.26 13.44 13.01 12.94 12.16 13.01 13.67 14.59 14.46 14.57 14.86
12.82 12.65 12.27 12.90 12.53 12.58 13.32 13.82 13.81 13.34 13.62 12.82 12.36 12.16 12.93 13.02 12.73 12.44 12.65 12.99 13.01 11.84 11.11 11.58 12.68 12.28 12.55 12.80 12.34 13.27 12.52 13.02 13.80 14.37 14.52 14.19 14.58 14.96 15.02 14.67 14.03 13.92 14.11 13.47 13.65 13.64 13.14 12.98 13.05 13.19 13.09 13.90 12.96 12.48 12.90 12.85 13.11 12.72 12.01 13.40 14.00 14.04 13.69 13.39 12.88 12.94 12.41 13.12 13.87 11.92 12.14 12.37 12.55 14.71 15.45 15.81 15.26
12.82 12.76 11.87 12.56 12.62 12.82 13.26 13.58 13.51 13.46 12.95 12.71 12.59 12.88 13.33 13.17 12.84 12.00 12.20 12.23 12.56 11.58 11.58 11.41 12.58 12.09 11.70 11.63 13.01 13.23 12.95 13.02 13.32 13.74 13.74 14.69 14.87 15.03 14.49 14.87 14.93 14.26 14.21 13.32 13.51 12.70 12.04 11.48 11.67 12.40 12.86 12.90 12.22 12.11 12.42 11.80 12.95 13.39 12.89 13.54 14.56 14.58 14.36 13.57 13.23 13.03 13.84 12.99 11.50 12.20 13.26 13.28 13.32 14.71 15.45 15.81 15.26
11.45 11.76 12.31 12.35 12.24 12.94 12.66 13.26 13.46 13.41 13.33 12.09 12.91 12.94 13.01 13.36 12.47 11.88 11.99 13.10 13.41 11.28 11.86 11.75 12.29 12.98 13.76 13.60 13.57 13.39 12.86 12.29 13.03 13.19 14.44 14.57 14.44 14.60 14.56 14.38 14.47 14.38 13.95 13.93 13.54 12.87 11.25 11.19 12.00 12.35 13.48 13.15 12.37 12.16 12.14 11.94 12.23 12.92 12.56 13.11 14.47 14.85 14.29 13.50 13.83 14.01 14.22 13.77 13.73 13.30 13.24 13.28 13.32 13.32 15.45 15.81 14.40
11.65 12.00 12.45 12.49 13.05 12.81 12.68 13.47 13.33 12.76 13.00 12.64 12.92 13.29 12.68 12.96 12.72 12.78 12.47 12.83 12.14 11.83 12.00 12.35 12.94 13.67 14.21 14.61 14.08 13.63 13.89 13.57 14.27 13.92 14.19 13.73 13.90 14.25 13.96 14.26 14.47 14.52 14.32 14.70 12.63 11.65 10.49 11.21 11.63 12.35 13.48 13.15 12.37 12.16 12.14 11.94 12.23 12.92 12.56 13.11 14.47 14.85 14.29 13.50 13.83 14.01 13.30 13.77 13.73 13.30 13.24 13.24 13.32 13.32 13.32 14.40 14.40
12.32 12.43 12.04 12.77 12.98 13.14 13.17 13.69 13.39 12.05 12.19 12.67 12.99 13.02 12.22 12.30 11.94 12.63 12.58 12.30 11.81 12.60 11.14 11.29 12.61 13.55 12.45 13.79 13.92 13.48 14.97 15.26 15.36 15.17 14.67 13.73 13.90 14.25 13.96 14.26 14.47 14.52 14.32 14.70 12.63 11.65 10.49 11.21 11.63 11.63 13.48 13.15 12.37 12.16 12.14 11.94 12.23 12.92 12.56 13.11 14.47 14.85 14.29 13.50 13.83 13.30 13.30 13.30 13.73 13.30 13.24 13.24 13.24 13.32 13.32 14.40 14.40
11.91 11.50 11.68 12.60 12.67 13.07 13.19 13.07 12.04 11.37 11.56 12.16 12.19 12.42 12.49 12.51 12.76 11.52 11.98 12.25 12.17 12.59 12.43 11.66 12.09 12.97 13.60 14.17 14.89 15.36 14.97 15.26 15.36 15.17 14.67 14.67 13.90 14.25 13.96 14.26 14.47 14.52 14.32 14.70 12.63 11.65 10.49 11.21 11.63 11.63 11.63 13.15 12.37 12.16 12.14 11.94 12.23 12.92 12.56 13.11 14.47 14.85 14.29 13.50 13.30 13.30 13.30 13.30 13.30 13.30 13.24 13.24 13.24 13.32 13.32 14.40 14.40
12.09 12.66 12.05 12.03 11.69 12.37 12.96 12.21 10.68 11.38 12.43 12.47 11.82 11.81 12.01 11.61 12.18 11.90 10.48 10.69 12.36 13.16 13.76 13.95 14.06 14.84 15.07 14.62 14.89 15.36 15.36 15.26 15.36 15.17 14.67 14.67 14.67 14.25 13.96 14.26 14.47 14.52 14.32 14.70 12.63 11.65 10.49 11.21 11.63 11.63 11.63 13.15 12.37 12.16 12.14 11.94 12.23 12.92 12.56 13.11 14.47 14.85 14.29 13.50 13.30 13.30 13.30 13.30 13.30 13.30 13.24 13.24 13.24 13.24 13.32 14.40 12.67
12.90 12.97 12.16 11.81 12.13 12.20 12.08 11.33 11.81 12.76 12.64 12.25 12.20 12.05 12.00 11.87 12.35 12.21 11.17 12.22 13.48 13.54 14.34 15.23 15.15 14.27 15.07 14.62 14.62 15.36 15.36 15.36 15.36 15.17 14.67 14.67 14.67 14.25 13.96 14.26 14.47 14.52 14.32 14.70 12.63 11.65 10.49 11.21 11.63 11.63 11.63 13.15 12.37 12.16 12.14 11.94 12.23 12.92 12.56 13.11 14.47 14.85 14.29 13.50 13.30 13.30 13.30 13.30 13.30 13.30 13.24 13.24 13.24 13.24 13.32 14.40 12.67
12.06 12.39 12.18 12.65 13.33 12.42 12.43 12.44 12.99 13.42 12.82 12.43 11.97 11.10 12.16 12.14 12.52 12.48 12.17 13.16 13.40 14.46 14.51 14.80 15.15 14.27 14.27 14.62 14.62 14.62 15.36 15.36 15.36 15.17 14.67 14.67 14.67 14.25 13.96 14.26 14.47 14.52 14.32 14.70 12.63 11.65 10.49 11.21 11.63 11.63 11.63 11.63 12.37 12.16 12.14 11.94 12.23 12.92 12.56 13.11 14.47 14.85 14.29 13.30 13.30 13.30 13.30 13.30 13.30 13.30 13.24 13.24 13.24 13.24 13.24 12.67 12.67
11.58 10.84 11.98 13.17 13.43 12.45 12.54 12.59 12.41 13.32 12.89 12.44 11.99 11.28 11.45 11.27 12.48 13.81 14.71 14.42 14.17 14.46 14.51 14.80 14.80 14.27 14.27 14.27 14.62 14.62 15.36 15.36 15.36 15.17 14.67 14.67 14.67 14.67 13.96 14.26 14.47 14.52 14.32 14.70 12.63 11.65 10.49 11.21 11.63 11.63 11.63 11.63 12.37 12.16 12.14 11.94 12.23 12.92 12.56 13.11 14.47 14.85 14.29 13.30 13.30 13.30 13.30 13.30 13.30 13.30 13.24 13.24 13.24 13.24 13.24 12.67 12.67
11.51 11.54 12.01 12.04 11.88 11.70 11.82 12.11 12.33 11.84 12.39 12.60 12.83 10.59 11.25 13.01 13.96 14.59 13.76 14.42 14.17 14.17 14.51 14.80 14.80 14.80 14.27 14.27 14.62 14.62 14.62 15.36 15.36 15.17 14.67 14.67 14.67 14.67 13.96 14.26 14.47 14.52 14.32 14.70 12.63 11.65 10.49 11.21 11.63 11.63 11.63 11.63 12.37 12.16 12.14 11.94 12.23 12.92 12.56 13.11 14.47 14.85 14.29 13.30 13.30 13.30 13.30 13.30 13.30 13.30 13.24 13.24 13.24 13.24 13.24 12.67 12.67
12.94 13.23 13.45 12.71 11.61 11.15 12.27 12.01 11.92 11.72 12.41 11.69 11.62 12.64 13.08 13.53 13.96 14.59 13.76 13.76 14.17 14.17 14.17 14.80 14.80 14.80 14.27 14.27 14.27 14.62 14.62 15.36 15.36 15.17 14.67 14.67 14.67 14.67 13.96 14.26 14.47 14.52 14.32 14.70 12.63 11.65 10.49 11.21 11.63 11.63 11.63 11.63 11.63 12.16 12.14 11.94 12.23 12.92 12.56 13.11 14.47 14.85 13.30 13.30 13.30 13.30 13.30 13.30 13.30 13.30 13.30 13.24 13.24 13.24 13.24 12.67 12.67
12.21 13.10 13.65 13.06 11.88 11.38 12.22 11.57 10.95 11.47 12.80 13.07 14.02 12.64 13.08 13.53 13.53 14.59 13.76 13.76 13.76 14.17 14.17 14.80 14.80 14.80 14.80 14.27 14.27 14.62 14.62 14.62 15.36 15.17 14.67 14.67 14.67 14.67 14.67 14.26 14.47 14.52 14.32 14.70 12.63 11.65 10.49 11.21 11.63 11.63 11.63 11.63 11.63 12.16 12.14 11.94 12.23 12.92 12.56 13.11 14.47 14.85 13.30 13.30 13.30 13.30 13.30 13.30 13.30 13.30 13.30 13.24 13.24 13.24 13.24 12.67 12.67
10.50 10.73 11.60 11.34 12.48 12.40 12.46 12.85 13.20 11.47 12.80 13.07 14.02 14.02 13.08 13.53 13.53 13.53 13.76 13.76 13.76 14.17 14.17 14.80 14.80 14.80 14.80 14.27 14.27 14.27 14.62 14.62 15.36 15.36 14.67 14.67 14.67 14.67 14.67 14.26 14.47 14.52 14.32 14.70 12.63 11.65 10.49 11.21 11.63 11.63 11.63 11.63 11.63 11.63 11.63 11.63 11.63 11.63 13.30 13.30 13.30 13.30 13.30 13.30 13.30 13.30 13.30 13.30 13.30 13.30 13.30 13.30 13.30 13.30 13.30 14.92 14.92
