main/data/irradiance/29.04.2023.grid
ncols 839
nrows 679
xllcenter 112.0500
yllcenter -43.9500
cellsize 0.0500
nodata_value 99999.90
[rows 136 to 169 of 679, columns 231 to 307 of 839]
20.20 20.52 20.52 20.52 19.87 19.74 19.46 19.40 19.86 20.03 20.49 20.54 20.47 20.13 20.20 20.31 20.38 20.42 20.04 19.90 19.81 19.87 19.68 19.87 19.85 20.04 20.21 20.45 20.76 21.03 21.00 20.73 20.57 20.41 20.44 20.63 20.41 20.25 19.97 19.73 19.91 20.03 20.19 20.34 20.44 20.70 20.92 20.92 20.88 20.74 20.59 20.58 20.63 20.53 20.67 20.25 20.05 20.20 20.34 20.94 21.08 21.10 21.19 21.22 21.16 20.94 20.90 20.78 20.76 20.50 20.60 20.62 20.59 20.55 20.76 20.74 20.82
20.48 20.52 20.52 19.87 19.87 19.74 19.78 19.78 20.43 20.44 20.42 20.42 20.55 20.47 20.29 20.29 20.34 20.34 20.13 20.06 19.94 19.85 19.89 20.07 20.14 20.13 20.13 20.42 20.75 20.81 20.89 20.75 20.60 20.52 20.59 20.61 20.57 20.44 20.10 19.90 20.20 20.26 20.31 20.43 20.76 20.86 20.89 20.92 20.98 20.82 20.52 20.64 20.59 20.66 20.75 20.78 20.62 20.46 20.78 20.95 20.98 20.95 20.95 21.13 21.20 21.19 21.08 20.93 20.77 20.77 20.64 20.75 20.87 20.76 20.68 20.78 21.05
20.48 20.39 20.39 19.87 19.87 19.88 19.88 20.38 20.60 20.52 20.52 20.35 20.39 20.36 20.31 20.25 20.23 20.31 20.35 20.34 20.25 20.23 20.17 20.00 20.13 20.24 20.41 20.61 20.71 20.70 20.74 20.75 20.64 20.38 20.46 20.46 20.69 20.66 20.52 20.46 20.35 20.30 20.46 20.69 20.68 20.75 20.91 20.94 20.98 20.93 20.56 20.64 20.43 20.80 20.83 20.86 20.80 20.66 20.74 20.78 20.68 20.61 20.61 20.99 21.17 21.23 21.11 20.85 20.89 21.04 20.94 20.94 20.89 21.01 20.97 21.12 21.18
20.48 20.39 20.39 20.39 20.06 20.29 20.29 20.57 20.55 20.58 20.60 20.60 20.51 20.24 20.15 20.10 19.97 20.20 20.38 20.41 20.33 20.37 20.26 20.20 20.22 20.46 20.72 20.75 20.61 20.68 20.58 20.75 20.51 20.18 20.33 20.56 20.74 20.69 20.63 20.71 20.57 20.54 20.72 20.67 20.56 20.61 20.90 20.92 20.84 20.88 20.92 20.52 20.06 20.32 20.42 20.55 20.62 20.64 20.40 20.32 20.33 20.48 20.49 20.68 20.91 21.08 21.04 21.05 21.09 21.05 20.92 20.91 21.12 21.20 21.24 21.24 21.08
20.48 20.39 20.39 20.35 20.06 20.06 20.19 20.36 20.29 20.51 20.42 20.47 20.52 20.36 20.23 20.15 20.03 19.96 20.20 20.22 20.44 20.61 20.49 20.37 20.36 20.53 20.69 20.84 20.71 20.65 20.67 20.74 20.65 20.25 20.13 20.31 20.60 20.63 20.73 20.69 20.60 20.38 20.44 20.55 20.67 20.82 21.05 20.99 20.80 20.88 20.90 20.83 20.77 20.64 20.56 20.58 20.73 20.57 20.69 20.84 20.76 20.82 20.81 20.76 20.91 20.95 21.19 21.15 21.12 20.98 21.06 20.92 21.10 21.14 21.18 21.17 21.11
20.51 20.43 20.35 20.35 20.29 20.29 19.87 20.26 19.95 20.19 20.49 20.68 20.57 20.46 20.49 20.20 20.05 19.99 19.91 20.20 20.51 20.60 20.40 20.42 20.34 20.26 20.60 20.85 20.86 20.77 20.74 20.68 20.69 20.61 20.39 20.25 20.44 20.60 20.78 20.57 20.41 20.21 20.19 20.51 20.56 20.45 20.77 21.03 21.00 20.86 20.88 20.84 20.83 20.75 20.76 20.86 20.99 20.93 20.92 21.07 21.07 21.17 21.28 21.22 21.04 20.81 21.10 21.32 21.05 20.88 20.99 21.08 21.13 21.07 21.12 21.11 21.16
20.51 20.47 20.41 20.63 20.63 20.37 20.13 19.88 19.83 20.15 20.53 20.82 20.71 20.65 20.71 20.55 19.98 19.98 19.87 20.15 20.47 20.53 20.28 20.32 20.27 20.28 20.55 20.64 20.77 20.96 20.81 20.73 20.70 20.69 20.71 20.64 20.35 20.63 20.75 20.72 20.60 20.54 20.78 20.74 20.66 20.88 20.99 20.99 21.05 20.97 20.84 20.84 20.89 20.90 20.92 20.90 20.90 20.98 20.98 20.97 20.97 21.19 21.30 21.31 21.28 21.01 21.07 21.22 21.03 21.07 21.14 21.20 21.19 21.19 21.15 21.12 21.17
20.56 20.56 20.41 20.57 19.92 20.37 20.13 20.12 20.20 20.66 20.78 20.92 20.69 20.62 20.72 20.66 20.56 20.53 20.24 20.21 20.50 20.57 20.70 20.59 20.36 20.65 20.81 20.99 20.96 21.05 20.94 20.96 20.85 20.71 20.65 20.70 20.64 20.89 20.92 20.90 20.78 20.58 20.77 20.80 20.86 20.91 21.09 21.02 20.95 20.94 20.82 20.86 20.85 20.84 20.88 20.89 20.84 20.95 20.99 21.01 21.03 21.14 21.25 21.33 21.35 21.33 21.18 21.17 20.86 21.08 21.10 21.19 21.10 21.16 21.16 21.14 21.20
20.59 20.59 20.65 20.62 20.22 20.21 20.40 20.37 20.47 20.92 20.82 20.80 20.68 20.70 20.65 20.68 20.78 20.78 20.62 20.36 20.68 20.62 20.74 20.55 20.32 20.51 20.63 20.65 20.80 20.90 20.94 20.94 20.80 20.75 20.70 20.73 20.76 20.90 20.94 20.92 20.88 20.74 20.80 20.85 20.95 20.92 21.01 21.20 21.18 20.76 20.68 20.92 20.94 20.95 20.97 20.97 20.94 20.89 20.90 20.97 21.00 21.09 21.14 21.24 21.34 21.29 21.26 21.18 21.03 20.90 21.11 21.22 21.11 21.20 21.18 21.11 21.19
20.68 20.68 20.72 20.51 20.50 20.24 20.56 20.40 20.70 20.87 20.76 20.69 20.63 20.68 20.64 20.72 20.62 20.67 20.63 20.73 20.92 20.81 20.51 20.67 20.54 20.63 20.72 20.64 20.62 20.72 20.85 20.87 20.75 20.66 20.70 20.53 20.67 20.90 20.89 20.81 20.80 20.76 20.87 20.83 20.95 20.92 21.03 21.22 21.20 20.96 20.80 20.94 20.92 20.99 20.82 20.76 20.93 20.88 20.84 20.97 20.95 21.06 21.18 21.18 21.30 21.27 21.18 21.21 21.22 20.96 21.18 21.19 21.00 21.25 21.09 21.12 21.17
20.80 20.54 20.06 20.49 20.49 20.46 20.55 20.48 20.70 20.66 20.64 20.67 20.69 20.68 20.64 20.55 20.49 20.49 20.51 20.68 20.79 20.67 20.67 20.44 20.42 20.60 20.80 20.68 20.62 20.74 20.86 20.79 20.61 20.55 20.58 20.74 20.66 20.81 20.81 20.93 20.83 20.79 20.90 20.90 20.84 20.92 20.97 21.03 21.10 21.00 20.83 20.95 20.85 20.80 20.76 20.74 20.81 20.78 20.86 20.99 20.93 21.06 21.17 21.22 21.26 21.30 21.24 21.18 21.22 21.14 21.17 21.16 21.00 21.12 20.97 21.11 21.10
20.80 20.80 20.58 20.68 20.43 20.56 20.79 20.78 20.62 20.69 20.64 20.75 20.85 20.71 20.63 20.53 20.50 20.55 20.39 20.50 20.70 20.66 20.75 20.65 20.45 20.70 20.91 20.92 20.68 20.75 20.89 20.74 20.76 20.77 20.87 20.81 20.69 20.77 20.78 20.87 20.94 20.88 20.96 20.86 20.86 20.87 20.93 21.08 21.22 21.07 21.06 21.01 20.93 20.87 20.85 20.69 20.69 20.69 20.85 20.96 20.96 21.10 21.13 21.22 21.18 21.14 21.23 21.18 21.19 21.17 21.18 21.20 21.14 21.06 20.94 21.13 21.10
20.68 20.84 20.46 20.68 20.53 20.67 20.84 20.84 20.70 20.64 20.62 20.79 20.79 20.78 20.66 20.62 20.54 20.53 20.51 20.52 20.50 20.50 20.87 20.90 20.64 20.49 20.83 20.95 20.85 20.99 20.96 20.95 20.84 20.93 20.88 20.72 20.64 20.82 20.83 20.88 20.80 20.81 20.99 21.01 20.91 20.87 21.01 21.18 21.19 21.09 21.07 21.21 21.08 21.12 20.89 20.91 20.75 20.93 20.76 20.91 20.93 21.02 21.16 21.17 21.13 21.19 21.26 21.27 21.20 21.22 21.19 21.20 21.20 21.20 20.93 21.13 21.09
20.57 20.18 20.28 20.62 20.64 20.64 20.71 20.79 20.77 20.73 20.67 20.81 20.82 20.55 20.73 20.82 20.44 20.30 20.55 20.51 20.52 20.48 20.65 20.91 20.85 20.79 20.86 20.95 20.85 20.87 20.99 20.91 20.80 20.79 20.81 20.69 20.68 20.85 20.84 20.89 20.95 20.90 21.05 21.07 21.00 21.14 21.16 21.12 21.23 21.21 21.16 21.04 21.07 20.93 20.94 20.98 20.88 20.99 20.70 20.59 20.85 20.88 21.03 21.14 21.10 21.14 21.28 21.22 21.20 21.19 21.15 21.21 21.22 21.20 21.06 21.14 21.07
20.62 20.34 20.49 20.55 20.65 20.62 20.63 20.62 20.69 20.67 20.63 20.63 20.65 20.46 20.77 20.82 20.49 20.62 20.71 20.68 20.61 20.57 20.65 20.77 20.89 20.86 21.05 20.89 20.80 20.67 20.84 20.74 20.76 20.80 20.75 20.83 20.80 20.93 20.77 20.92 20.90 20.91 21.00 21.14 21.06 21.11 21.11 21.11 21.09 21.22 21.22 21.15 21.00 20.87 20.78 20.80 20.99 21.04 20.82 20.59 20.56 20.57 20.96 21.04 21.01 20.88 21.13 21.17 21.12 21.15 21.15 21.12 21.09 21.14 21.14 21.16 21.15
20.49 20.39 20.45 20.50 20.59 20.66 20.60 20.64 20.59 20.47 20.79 20.62 20.57 20.57 20.69 20.79 20.59 20.77 20.76 20.73 20.71 20.57 20.73 20.73 20.85 20.89 20.94 20.93 20.83 20.78 20.72 20.82 20.66 20.79 20.88 20.88 20.86 20.82 20.69 20.74 20.76 20.74 20.87 21.03 20.90 21.01 20.98 21.13 21.21 21.11 20.99 21.18 21.17 21.11 21.01 20.87 21.01 21.08 21.01 20.81 20.60 20.67 20.81 20.87 20.72 20.80 20.93 21.05 20.98 21.09 21.09 21.12 21.10 21.16 21.10 21.17 21.13
20.55 20.50 20.44 20.41 20.52 20.52 20.42 20.58 20.62 20.67 20.81 20.73 20.62 20.64 20.61 20.75 20.70 20.89 20.78 20.67 20.77 20.63 20.62 20.68 20.73 20.80 20.77 20.71 20.91 20.81 20.95 21.09 20.74 20.86 20.82 20.75 20.89 20.91 20.73 20.67 20.78 20.65 20.69 20.85 20.93 21.02 21.01 21.09 21.12 21.17 21.15 21.17 21.04 21.10 21.14 21.10 21.08 21.11 21.01 20.83 20.73 20.79 20.87 20.95 20.89 20.79 20.81 20.97 20.90 20.98 20.98 21.05 21.09 21.00 21.09 21.11 21.12
20.52 20.40 20.25 20.46 20.52 20.43 20.47 20.71 20.72 20.78 20.79 20.87 20.84 20.66 20.62 20.68 20.74 20.89 20.71 20.73 20.65 20.56 20.71 20.61 20.65 20.62 20.81 20.75 20.79 20.80 20.84 20.97 21.03 20.93 20.76 20.94 20.99 20.80 20.71 20.58 20.62 20.65 20.65 20.80 20.80 20.81 20.99 21.09 21.07 20.98 21.09 21.12 21.06 21.03 21.14 21.07 21.10 21.06 21.04 20.91 20.95 20.82 20.80 20.86 20.82 20.71 20.78 20.93 20.88 20.93 21.04 21.12 21.10 21.02 21.06 21.07 21.05
20.36 20.45 20.52 20.60 20.48 20.50 20.64 20.69 20.72 20.77 20.76 20.84 20.87 20.90 20.90 20.67 20.81 20.90 20.82 20.76 20.65 20.46 20.72 20.60 20.77 20.84 20.82 20.73 20.82 20.70 20.70 20.76 20.90 20.81 20.68 20.87 21.07 21.01 20.71 20.59 20.50 20.49 20.69 20.79 20.81 20.76 20.85 21.10 21.12 21.02 20.98 21.08 20.99 21.04 21.06 21.14 21.10 21.09 21.02 20.99 20.91 20.73 20.60 20.70 20.62 20.70 20.80 20.97 20.79 20.84 20.97 20.98 21.08 21.09 21.13 21.07 20.98
20.50 20.40 20.54 20.60 20.54 20.54 20.69 20.58 20.75 20.65 20.82 20.85 20.87 20.93 20.98 20.79 20.68 20.68 20.73 20.79 20.75 20.47 20.76 20.69 20.89 20.79 20.65 20.68 21.03 20.95 20.78 20.76 20.91 20.75 20.71 20.69 20.96 21.09 20.99 20.67 20.47 20.43 20.37 20.77 20.81 20.75 20.76 21.04 21.08 21.09 20.99 20.92 20.99 21.11 21.00 21.12 21.05 21.08 20.96 20.94 20.91 20.95 20.83 20.74 20.73 20.80 20.90 21.01 20.80 20.72 20.92 21.00 21.05 21.07 21.08 21.09 20.91
20.51 20.25 20.48 20.51 20.56 20.55 20.44 20.47 20.65 20.71 20.93 20.88 20.78 20.70 20.89 20.70 20.64 20.69 20.48 20.80 20.67 20.53 20.67 20.63 20.89 20.87 20.82 20.60 20.94 20.91 20.84 20.91 20.95 21.00 20.78 20.74 20.80 20.92 21.01 20.83 20.60 20.25 20.48 20.61 20.71 20.82 20.81 20.97 21.05 21.05 20.95 20.69 20.95 21.01 21.07 21.08 21.08 20.93 20.97 20.95 20.90 20.95 21.02 20.70 20.54 20.89 20.93 20.88 20.80 20.84 20.87 21.07 21.06 21.04 21.08 21.05 20.98
20.57 20.40 20.41 20.33 20.57 20.59 20.42 20.55 20.42 20.81 20.91 20.90 20.92 20.92 20.87 20.57 20.49 20.49 20.29 20.73 20.62 20.51 20.59 20.38 20.66 20.86 20.93 20.65 20.82 20.73 20.79 20.97 20.87 20.77 20.92 20.73 20.76 20.65 20.69 20.69 20.76 20.36 20.32 20.50 20.42 20.44 20.77 20.83 20.93 20.91 20.75 20.88 20.92 20.97 21.08 21.12 21.06 20.91 20.88 20.91 20.95 20.92 20.96 20.82 20.58 20.92 20.91 20.96 20.86 20.77 20.93 20.97 20.99 21.00 21.06 21.08 20.98
20.43 20.54 20.49 20.35 20.45 20.64 20.51 20.61 20.63 20.91 20.80 20.84 20.97 20.90 20.81 20.34 20.57 21.03 20.70 20.67 20.54 20.39 20.15 20.10 20.67 20.87 20.73 20.77 20.78 20.73 20.78 20.93 21.05 20.95 20.74 20.60 20.61 20.88 20.74 20.50 20.60 20.72 20.66 20.66 20.46 20.52 20.58 20.79 20.85 20.90 20.91 20.93 20.96 21.04 21.07 20.97 20.70 20.68 20.90 21.01 20.88 20.93 20.91 20.96 20.94 20.97 20.94 20.91 20.84 20.82 20.99 20.97 20.87 20.96 21.02 20.93 20.84
20.77 20.83 20.57 20.52 20.65 20.59 20.65 20.72 20.84 20.95 20.73 20.85 20.93 20.75 20.49 20.20 20.62 20.80 20.65 20.70 20.64 20.51 20.37 20.21 20.75 20.97 20.72 20.48 20.71 20.79 20.75 20.58 20.77 21.01 20.89 20.72 20.64 20.79 20.88 20.66 20.65 20.57 20.53 20.67 20.51 20.36 20.50 20.66 20.51 20.64 20.92 20.80 20.85 21.00 20.89 20.91 20.86 20.95 20.97 21.00 20.98 20.97 20.90 20.97 20.98 20.94 20.97 20.94 20.93 20.73 20.90 20.88 20.87 20.82 20.84 20.82 20.82
20.86 20.88 20.70 20.74 20.75 20.60 20.56 20.77 20.84 20.92 20.62 20.85 20.78 20.67 20.64 20.39 20.65 20.84 20.90 20.78 20.82 20.72 20.52 20.62 20.66 20.73 20.68 20.59 20.80 20.79 20.57 20.37 20.67 20.76 20.47 20.73 20.74 20.67 20.70 20.59 20.50 20.56 20.63 20.80 20.33 20.30 20.49 20.47 20.44 20.71 20.94 20.90 20.79 20.89 20.96 21.02 21.00 21.03 20.99 21.01 20.98 20.97 20.98 20.95 20.96 20.94 21.02 20.96 20.92 20.72 20.81 20.78 20.71 20.76 20.89 20.94 20.89
20.87 20.84 20.81 20.86 20.86 20.74 20.59 20.81 20.85 20.85 20.72 20.86 20.78 20.82 20.78 20.83 20.81 20.89 20.78 20.73 20.78 20.77 20.59 20.62 20.73 20.87 20.65 20.37 20.90 20.79 20.87 20.44 20.44 20.70 20.72 20.58 20.85 20.55 20.40 20.26 20.27 20.60 20.84 20.70 20.41 20.33 20.30 20.28 20.33 20.65 20.84 20.87 20.90 20.82 20.86 21.00 21.04 21.06 21.02 21.01 20.90 20.99 21.01 21.02 21.05 21.02 20.90 20.93 20.91 20.83 20.82 20.69 20.53 20.63 20.70 20.90 20.95
20.91 20.95 20.93 20.89 20.89 20.71 20.39 20.79 20.84 20.87 20.77 20.84 20.81 20.90 20.88 20.84 20.79 20.69 20.84 20.77 20.78 20.70 20.67 20.69 20.71 20.88 20.91 20.59 20.90 20.94 20.81 20.38 20.52 20.77 20.96 21.00 20.93 20.71 20.55 20.43 20.61 20.85 20.68 20.45 20.02 20.10 20.26 20.40 20.37 20.73 20.75 20.87 20.84 20.78 20.76 20.89 20.99 21.04 20.98 20.89 20.76 20.95 20.98 20.98 20.92 21.00 20.97 20.90 20.97 20.94 20.84 20.72 20.58 20.65 20.78 20.86 20.94
20.98 21.02 20.93 20.90 20.88 20.52 20.54 20.82 20.78 20.82 20.78 20.80 20.78 20.78 20.86 20.77 20.71 20.81 20.86 20.81 20.67 20.72 20.64 20.60 20.65 20.61 20.85 20.87 20.93 20.88 20.85 20.69 20.50 20.73 20.84 21.00 21.00 20.79 20.79 20.60 20.72 20.57 20.39 20.24 20.31 20.31 20.20 20.29 20.40 20.65 20.75 20.89 20.83 20.74 20.71 20.86 20.92 20.98 21.03 21.02 20.99 20.94 20.90 20.76 20.96 20.97 20.90 20.98 20.97 20.94 20.80 20.76 20.77 20.86 20.91 20.94 20.99
20.99 21.05 21.01 20.83 20.76 20.70 20.62 20.72 20.76 20.81 20.82 20.83 20.78 20.73 20.82 20.75 20.71 20.82 20.79 20.77 20.71 20.71 20.64 20.73 20.79 20.68 20.76 20.85 20.94 20.71 20.68 20.65 20.77 20.81 20.87 20.95 20.90 20.80 20.74 20.59 20.41 20.33 20.26 20.40 20.35 20.64 20.59 20.36 20.46 20.65 20.64 20.74 20.70 20.67 20.68 20.81 20.91 20.88 20.96 21.00 20.94 20.97 20.94 20.89 20.89 20.95 20.99 20.98 20.96 20.97 20.91 20.89 20.93 20.90 20.82 20.91 20.89
20.98 20.96 20.92 20.78 20.90 20.90 20.78 20.72 20.66 20.66 20.78 20.79 20.81 20.75 20.73 20.75 20.74 20.73 20.76 20.72 20.69 20.68 20.70 20.51 20.63 20.61 20.74 20.82 20.92 20.80 20.63 20.55 20.76 20.85 20.74 20.82 20.84 20.83 20.88 20.59 20.43 20.55 20.55 20.46 20.40 20.50 20.57 20.51 20.57 20.54 20.63 20.72 20.69 20.63 20.74 20.81 20.89 20.92 20.93 20.95 20.94 20.94 20.98 20.95 20.94 20.96 20.94 20.94 20.96 20.94 20.92 20.93 20.93 20.90 20.94 20.89 20.88
20.99 20.98 20.86 20.37 20.63 20.67 20.85 20.74 20.50 20.58 20.58 20.66 20.70 20.62 20.60 20.64 20.63 20.63 20.68 20.78 20.75 20.62 20.60 20.65 20.67 20.69 20.55 20.67 20.75 20.74 20.56 20.59 20.70 20.60 20.54 20.75 20.63 20.62 20.62 20.37 20.34 20.59 20.64 20.53 20.41 20.20 20.32 20.30 20.49 20.62 20.64 20.68 20.71 20.70 20.74 20.84 20.88 20.86 20.87 20.90 20.94 20.95 20.93 20.94 20.95 20.94 20.91 20.89 20.94 20.89 20.93 20.96 20.87 20.89 20.89 20.92 20.91
20.97 20.95 20.86 20.35 20.21 20.35 20.45 20.86 20.65 20.59 20.56 20.63 20.72 20.55 20.56 20.55 20.50 20.39 20.43 20.72 20.81 20.57 20.57 20.73 20.66 20.63 20.75 20.62 20.60 20.61 20.83 20.68 20.39 20.30 20.33 20.45 20.47 20.43 20.36 20.26 20.60 20.67 20.60 20.58 20.58 20.50 20.24 20.19 20.53 20.80 20.87 20.74 20.68 20.77 20.78 20.84 20.89 20.87 20.94 20.94 20.93 20.94 20.93 20.94 20.93 20.93 20.93 20.92 20.90 20.75 20.72 20.82 20.88 20.91 20.92 20.93 20.93
20.97 20.95 20.78 20.49 20.23 20.68 20.72 20.46 20.68 20.74 20.58 20.75 20.62 20.46 20.41 20.38 20.28 20.35 20.31 20.29 20.43 20.53 20.56 20.44 20.66 20.72 20.81 20.75 20.23 20.33 20.44 20.29 20.42 20.03 20.25 20.41 20.64 20.35 20.32 20.67 20.63 20.66 20.56 20.39 20.55 20.58 20.67 20.57 20.66 20.79 20.84 20.84 20.70 20.78 20.73 20.86 20.86 20.81 20.87 20.91 20.88 20.86 20.88 20.88 20.87 20.88 20.92 20.86 20.91 20.80 20.87 20.90 20.91 20.88 20.80 20.77 20.82
20.89 20.94 20.86 20.60 20.52 20.46 20.83 20.14 19.84 20.54 20.79 20.79 20.73 20.46 20.26 20.17 20.33 20.29 20.46 20.39 20.15 20.28 20.54 20.49 20.51 20.57 20.75 20.60 20.38 20.62 20.64 20.45 20.43 20.43 20.44 20.39 20.51 20.60 20.57 20.51 20.30 20.42 20.56 20.72 20.64 20.68 20.52 20.64 20.64 20.71 20.84 20.85 20.74 20.73 20.60 20.80 20.83 20.81 20.86 20.84 20.82 20.82 20.82 20.88 20.86 20.88 20.85 20.86 20.88 20.81 20.82 20.90 20.90 20.71 20.84 20.73 20.87
