main/data/irradiance/29.03.2023.grid
ncols 839
nrows 679
xllcenter 112.0500
yllcenter -43.9500
cellsize 0.0500
nodata_value 99999.90
[rows 374 to 407 of 679, columns 78 to 155 of 839]
13.21 12.40 10.68 11.64 11.96 12.59 12.15 12.31 12.69 13.41 12.68 12.92 12.78 11.85 12.02 13.31 12.96 12.37 12.67 12.36 12.33 11.02 10.51 10.61 10.76 10.48 10.14 10.31 9.24 8.83 8.95 9.32 9.00 8.64 9.36 10.35 10.39 10.35 10.55 10.33 9.67 10.08 10.57 10.55 11.41 11.80 11.88 11.06 10.55 9.85 10.04 10.61 10.76 11.47 11.54 11.78 12.46 12.04 11.11 10.80 11.13 11.93 11.55 12.08 12.15 11.76 12.89 11.74 12.31 13.41 14.47 14.29 14.69 13.88 11.96 11.74 12.37 12.46
11.90 12.30 11.73 11.76 13.04 12.96 12.15 12.63 13.14 13.52 13.71 13.64 13.19 12.87 13.06 13.05 13.19 12.06 11.91 12.22 12.02 11.28 11.07 11.51 11.74 11.47 10.68 10.89 10.68 9.04 9.06 9.64 9.45 9.27 9.85 9.91 10.55 10.67 11.25 11.04 10.37 10.70 10.83 10.65 10.72 11.38 11.14 10.57 10.20 9.97 10.03 10.20 10.96 11.89 12.21 12.70 13.19 12.88 12.22 11.87 11.41 11.77 12.05 12.04 12.60 12.66 12.72 11.59 12.19 12.96 13.84 12.93 12.95 12.85 11.81 11.39 11.56 12.37
12.59 12.64 12.32 11.45 12.82 12.93 12.37 11.95 12.55 12.17 13.42 14.66 14.07 13.66 13.15 13.31 12.38 10.89 10.35 11.00 11.74 11.26 11.29 12.15 12.03 11.67 11.14 10.61 11.20 9.90 9.34 10.37 10.83 10.60 10.44 10.10 10.22 10.33 11.05 11.67 11.36 11.32 11.42 11.37 11.24 11.38 11.24 10.95 10.82 11.14 10.54 10.72 10.87 11.69 12.82 12.59 12.60 12.93 12.43 12.31 11.74 12.13 12.21 12.33 12.40 11.37 11.36 12.36 12.34 12.76 12.61 12.43 12.47 12.45 12.45 12.35 12.69 13.31
12.65 13.42 13.32 13.11 13.06 11.82 12.68 12.03 11.76 12.53 13.08 14.10 14.29 14.40 13.83 13.14 12.52 12.09 11.71 11.21 11.61 11.37 11.51 12.40 12.77 12.42 12.58 11.92 11.86 11.00 10.84 10.93 11.20 11.13 11.36 10.92 10.62 10.35 10.57 11.64 11.88 11.18 11.26 11.65 11.84 12.03 12.26 12.04 11.91 11.74 11.11 11.18 11.13 12.12 12.71 12.34 11.62 12.60 13.13 12.98 12.85 12.08 11.76 11.80 11.47 11.91 11.68 12.10 12.13 11.87 11.41 11.75 12.07 13.18 13.14 12.89 13.94 13.07
14.02 13.21 13.50 13.70 12.22 12.51 11.90 10.79 10.80 12.81 13.52 13.49 13.36 13.98 13.72 12.49 12.49 13.16 13.12 13.01 13.12 12.92 12.35 11.81 12.43 12.66 12.99 12.80 12.45 11.58 11.89 11.41 11.93 11.45 11.76 11.57 10.53 10.59 10.46 11.59 11.75 10.93 10.47 10.85 12.05 11.36 12.09 12.24 12.18 11.92 11.23 11.21 11.67 12.16 12.77 12.94 12.67 12.04 12.62 11.81 11.97 11.01 11.43 12.25 12.23 12.00 11.82 12.38 11.89 11.33 11.39 11.70 12.08 12.86 13.66 14.24 15.13 15.00
13.97 13.13 13.12 13.11 12.55 12.72 13.13 13.26 12.09 12.41 12.38 12.63 12.52 12.81 12.20 12.63 12.44 12.80 13.59 13.97 13.92 14.07 14.61 13.15 12.53 11.74 12.12 12.29 12.68 12.05 11.74 10.88 11.35 11.71 11.71 11.29 10.85 11.06 10.82 11.15 11.06 10.66 10.33 10.99 11.37 10.98 11.17 11.53 11.57 11.85 10.53 10.34 10.45 11.74 12.21 12.45 13.06 12.36 12.08 11.28 11.37 10.92 10.85 11.67 11.90 12.62 12.71 12.97 12.79 12.11 11.74 12.29 12.44 13.05 13.45 14.64 15.65 14.82
13.29 13.60 12.61 13.70 14.15 13.61 13.84 14.48 14.76 13.26 12.58 12.28 12.30 12.69 12.14 12.73 12.60 12.93 13.93 14.37 14.53 15.07 14.45 13.01 13.06 12.29 12.44 12.65 12.58 11.89 11.99 11.42 11.12 11.03 11.04 10.73 11.16 11.54 10.95 10.92 10.90 10.49 10.28 11.11 10.98 11.38 11.26 10.49 10.81 10.86 10.92 10.58 10.25 11.08 11.70 12.19 12.65 12.40 11.55 11.87 12.28 12.00 12.41 12.27 12.87 12.61 12.83 12.90 12.62 12.79 13.20 13.10 13.01 13.67 14.55 15.11 14.37 14.08
11.48 12.49 12.76 14.08 14.98 15.50 15.30 14.91 15.34 13.95 14.52 12.76 11.67 11.50 11.90 12.55 12.79 13.85 13.60 14.33 14.31 14.59 13.89 13.92 13.23 13.14 13.81 13.78 13.10 12.84 12.41 11.35 11.40 11.70 11.26 11.59 11.73 11.63 11.12 10.99 11.01 10.46 11.16 11.45 11.33 11.53 11.30 11.66 11.50 11.45 11.00 10.62 10.29 10.84 11.15 12.07 12.52 12.68 11.16 11.07 12.11 12.48 13.06 13.61 14.30 13.50 13.43 13.46 13.44 13.54 13.47 13.87 14.71 15.16 14.79 13.88 13.31 13.83
11.55 11.88 13.28 15.03 15.00 15.24 15.76 15.18 15.01 14.21 15.02 14.34 12.96 12.07 12.47 12.39 13.35 13.89 14.51 14.42 14.58 14.01 13.90 14.19 14.45 14.37 15.57 14.35 13.52 13.09 12.25 11.75 11.84 11.98 11.73 11.95 11.63 11.79 11.45 11.50 11.14 10.13 10.21 10.12 11.00 11.10 11.26 11.35 11.53 11.54 11.48 10.77 11.10 11.35 11.58 11.44 11.64 11.43 11.37 11.55 12.32 13.02 12.80 13.27 14.33 14.16 13.59 13.46 13.77 13.10 13.34 14.17 14.50 14.77 14.56 14.12 13.68 13.96
12.15 12.64 12.84 13.97 13.71 12.96 13.87 14.90 14.14 14.75 16.43 15.50 15.14 13.68 13.65 13.36 13.28 13.70 13.51 13.85 14.11 14.04 14.09 13.99 14.13 15.33 14.58 14.37 13.76 13.44 12.24 11.89 11.29 11.50 12.40 12.55 12.10 11.55 11.33 11.15 10.48 10.52 9.26 9.41 9.53 9.69 9.91 10.67 10.80 11.58 10.98 10.18 9.98 10.49 10.96 10.92 10.26 10.46 11.37 11.93 11.70 11.97 11.95 12.30 13.12 13.21 14.14 13.20 13.23 12.25 13.28 14.33 14.20 13.79 13.49 14.91 13.76 13.67
12.27 12.12 12.82 13.31 13.15 13.53 13.20 14.77 13.95 14.34 16.46 15.63 15.30 14.71 14.08 14.06 13.87 13.62 13.44 12.86 13.36 13.29 13.11 14.13 15.27 15.77 14.16 14.06 13.75 13.63 12.80 12.23 11.48 11.80 12.33 12.13 11.93 11.38 10.79 10.83 9.88 10.18 9.57 9.65 9.70 9.62 9.39 10.07 10.65 11.16 10.37 10.31 9.43 9.06 10.22 10.60 10.56 10.93 11.32 11.04 11.38 11.59 11.94 12.04 12.16 13.08 13.21 12.97 12.91 12.22 13.16 13.85 13.38 13.56 13.86 14.72 14.20 13.89
12.99 12.87 12.86 13.88 14.34 13.97 13.54 14.10 13.93 14.34 14.70 15.17 15.72 15.92 14.83 14.19 14.80 14.22 14.35 13.86 13.41 13.46 13.29 14.28 14.75 15.76 15.07 14.63 13.91 13.63 13.06 13.20 12.77 12.80 12.52 11.97 12.26 11.59 10.52 10.36 9.68 10.36 9.93 10.28 9.69 9.43 10.22 10.24 10.20 9.92 9.72 9.82 9.90 8.69 8.46 10.01 10.71 11.15 11.37 11.22 11.49 11.82 11.39 11.27 11.78 12.04 12.52 12.49 12.65 12.98 13.72 14.85 14.67 13.30 13.63 13.82 14.29 14.07
13.35 12.85 12.25 12.97 13.18 13.91 13.83 14.03 13.67 13.99 14.49 15.35 15.62 15.79 13.69 14.25 14.87 14.35 14.71 14.63 13.88 13.77 13.79 13.83 13.27 13.97 13.73 13.41 13.56 13.15 13.31 13.67 13.44 13.04 13.30 12.45 12.80 11.90 10.79 10.54 10.40 10.52 10.06 9.84 9.94 9.71 10.39 10.92 10.59 10.21 10.64 10.82 10.61 9.38 8.95 10.06 10.26 10.52 11.04 11.78 11.57 10.39 11.28 11.31 11.22 12.13 11.75 11.43 12.51 13.87 15.10 15.20 14.73 14.49 14.15 13.58 14.36 13.85
13.92 14.12 13.29 13.26 13.01 13.31 14.04 14.36 13.50 14.44 15.30 15.35 15.25 15.39 14.77 16.17 14.97 15.01 15.22 14.71 14.17 14.57 14.48 13.57 13.78 12.69 12.67 11.84 11.74 12.09 13.56 14.19 14.59 14.20 13.33 13.52 14.43 13.50 11.97 11.50 11.33 11.18 10.95 10.98 10.69 10.50 11.56 11.84 11.83 11.29 11.59 12.01 11.93 10.91 10.11 10.82 10.05 10.74 11.27 11.35 11.32 10.72 10.89 10.85 10.38 10.54 11.17 11.83 12.10 13.69 14.57 15.40 14.59 14.35 14.60 14.12 14.17 14.45
14.61 14.15 14.01 13.62 13.64 13.67 13.76 14.52 14.38 15.00 15.70 15.57 16.37 16.20 16.38 17.42 16.55 16.09 15.14 14.74 14.83 14.50 14.56 13.54 12.97 13.02 13.05 12.23 11.24 12.33 13.41 13.68 14.33 14.47 13.78 13.75 14.96 13.98 12.68 12.20 12.06 12.31 12.50 11.71 11.58 11.65 12.66 12.76 12.65 12.58 12.41 12.01 11.92 12.35 11.16 11.18 10.51 11.09 12.11 11.66 10.88 11.10 11.10 10.80 10.39 10.85 11.43 11.76 12.21 13.20 13.89 15.07 14.23 14.64 15.08 14.25 13.91 14.66
14.43 14.33 14.18 15.04 15.04 15.11 15.28 14.77 14.31 14.03 14.89 15.59 16.07 16.10 17.79 19.76 16.41 15.83 15.33 15.76 15.79 15.43 14.64 13.31 12.49 12.04 14.16 14.02 12.22 13.34 13.84 14.19 14.03 13.86 14.62 14.59 13.47 13.44 12.79 12.28 12.43 13.25 13.91 13.85 13.25 13.31 13.78 13.61 13.94 13.57 13.53 12.96 12.39 13.15 12.24 12.66 12.14 11.78 11.95 11.51 10.43 10.71 11.00 10.23 9.96 10.30 11.75 12.02 12.70 13.35 13.47 13.53 13.41 14.32 15.01 14.55 13.91 14.12
14.29 14.79 15.08 15.64 15.97 16.02 16.45 15.83 15.02 15.06 15.85 16.15 16.39 16.33 17.55 17.08 16.36 15.87 16.10 15.80 15.58 15.33 15.01 14.66 14.02 13.48 14.24 15.27 14.11 13.35 12.50 13.33 13.98 13.91 13.58 12.98 12.42 12.73 13.00 12.00 11.94 13.68 14.06 15.37 14.39 14.01 14.51 13.76 14.28 13.65 14.19 13.83 13.38 13.62 12.72 12.48 13.00 13.16 13.77 12.86 12.51 12.19 11.69 10.79 10.52 10.96 11.72 13.18 14.11 12.95 13.17 13.27 14.04 14.49 14.81 14.34 14.95 14.40
14.63 14.94 15.93 16.19 16.44 16.07 16.13 16.04 15.96 15.46 16.01 16.40 16.01 16.14 16.36 16.84 16.45 16.03 16.31 15.51 14.67 15.29 16.00 16.03 15.29 13.66 14.41 14.83 14.70 14.11 13.28 12.47 12.47 12.74 13.28 12.41 13.66 13.11 12.44 11.65 12.12 12.85 13.79 14.23 15.03 15.11 15.04 14.75 14.92 14.47 14.01 14.17 13.74 13.94 13.94 12.63 13.16 13.76 13.74 14.16 13.98 14.31 13.03 12.12 11.43 11.67 12.31 13.15 13.29 13.17 12.97 13.06 14.45 14.99 14.48 13.62 14.07 13.79
15.24 15.56 16.14 16.24 15.90 15.74 15.34 15.66 15.37 15.50 15.87 16.66 15.97 15.83 16.14 16.28 16.22 16.23 16.78 16.56 15.29 15.88 16.35 16.28 15.53 14.04 13.96 14.25 14.94 14.13 13.66 13.35 13.30 13.14 14.11 14.38 13.75 12.90 11.81 12.08 12.41 13.02 13.87 14.12 15.29 14.48 14.16 14.58 15.34 14.81 14.13 13.98 13.79 14.21 13.87 13.64 13.23 12.97 12.23 13.17 13.76 15.04 14.32 13.44 12.68 11.85 12.33 12.71 12.79 13.40 13.29 13.61 14.52 14.56 14.68 15.00 15.33 14.61
16.20 16.19 16.38 16.53 16.45 15.62 15.28 15.49 15.30 15.77 16.61 17.00 16.52 15.32 15.79 15.58 17.19 16.12 16.03 16.14 15.62 15.76 15.91 15.85 15.40 15.10 15.70 15.00 14.17 12.63 12.77 13.83 13.45 12.52 12.88 12.85 13.12 12.93 13.20 13.81 13.25 13.79 13.53 13.95 13.73 14.15 14.99 14.63 14.45 14.18 14.19 14.42 14.27 14.67 14.62 13.93 13.81 13.41 12.76 13.10 14.05 14.95 15.13 14.25 12.70 11.46 12.68 13.40 13.31 13.57 13.26 13.57 14.15 14.63 14.20 14.64 15.65 14.87
15.93 15.84 16.13 16.35 16.31 15.97 15.68 15.00 15.79 16.12 15.95 16.63 16.07 15.69 14.90 15.03 17.66 17.08 16.81 17.03 16.69 16.30 16.30 16.00 14.88 14.28 14.91 13.75 13.21 12.87 14.27 14.76 14.40 12.84 12.72 12.25 12.44 13.46 14.15 14.70 14.09 14.12 14.85 15.78 15.20 14.91 15.85 15.14 14.39 14.44 15.28 15.16 15.13 14.84 14.95 14.72 14.08 14.38 14.11 13.67 13.49 14.27 14.65 14.25 14.13 13.48 12.97 13.31 13.21 13.29 13.12 13.79 15.04 15.10 14.61 15.05 15.33 15.09
15.35 15.32 16.01 16.11 15.81 15.85 14.89 14.62 15.20 15.31 16.18 16.61 16.08 15.52 15.30 15.26 15.40 18.18 17.02 17.24 16.58 15.94 16.58 16.65 15.51 14.55 13.40 13.15 13.94 14.64 15.88 16.13 14.20 14.61 14.88 14.68 14.00 14.36 14.68 13.81 13.64 13.23 13.74 13.87 13.89 14.75 15.32 16.00 15.42 15.31 15.02 14.80 14.06 14.12 14.22 14.51 15.24 15.71 15.41 15.07 13.66 13.65 13.88 14.25 14.43 14.98 15.24 14.60 13.45 13.84 13.01 14.05 14.08 14.72 15.12 15.14 15.21 14.52
15.49 15.82 16.35 16.12 15.74 16.61 15.41 14.64 15.06 15.51 15.96 16.07 16.61 16.42 15.97 16.16 16.33 18.95 17.16 16.91 17.07 16.94 16.09 16.53 15.78 14.25 14.57 13.92 14.75 15.12 16.27 16.33 14.45 15.94 16.44 16.11 15.98 15.55 14.61 14.07 13.57 13.07 13.41 13.81 13.68 14.59 14.26 14.34 14.50 15.02 14.51 14.43 15.17 14.65 15.37 14.56 13.96 14.63 14.43 14.85 14.53 13.39 14.00 14.23 14.81 15.47 15.23 14.77 14.39 14.64 14.66 14.64 14.95 15.24 16.49 16.36 15.74 14.29
15.31 15.84 16.07 16.65 16.42 16.12 15.41 15.02 15.86 16.55 16.52 16.56 16.96 16.65 16.26 16.60 17.17 18.89 17.32 16.66 16.90 16.64 16.04 15.11 15.05 14.54 14.37 14.89 16.19 15.74 16.01 16.24 17.57 17.63 17.99 17.20 16.63 15.80 15.42 14.88 14.65 14.38 14.51 14.68 13.89 13.47 13.19 12.98 13.72 14.50 14.39 13.82 14.08 14.69 14.47 14.29 13.50 14.02 14.66 15.10 15.03 15.36 15.56 15.65 16.12 16.32 15.71 15.43 14.63 14.72 15.01 14.57 15.35 15.61 15.56 15.89 15.67 15.83
15.05 15.62 16.07 16.59 16.14 15.84 15.78 15.92 16.58 17.48 17.60 17.31 17.25 16.56 16.43 17.33 17.60 16.94 16.80 17.05 16.81 16.38 15.79 15.46 15.35 15.42 16.19 17.01 17.49 17.08 16.26 16.67 16.81 17.02 17.13 17.16 16.43 16.08 15.12 14.89 14.08 13.77 13.67 14.36 14.63 13.88 13.53 13.67 13.49 14.32 14.36 14.41 13.98 14.73 14.25 14.40 13.65 14.05 14.59 14.45 14.90 14.83 14.86 14.59 14.97 15.72 15.86 16.62 16.79 16.67 16.00 15.38 15.74 15.81 15.70 15.81 16.25 16.39
15.01 15.53 16.17 16.61 16.36 16.20 16.45 16.47 16.72 16.92 16.62 17.49 16.85 15.80 15.56 17.25 16.84 16.24 16.79 16.60 16.16 17.09 16.40 16.37 17.09 16.80 17.21 17.45 17.03 16.99 16.42 17.49 16.70 16.86 16.41 16.59 16.10 16.62 16.06 16.15 16.07 15.61 15.04 14.32 13.94 14.12 14.50 14.83 14.47 14.04 15.28 15.38 16.45 15.66 15.41 14.48 14.51 14.82 14.54 14.21 14.10 13.62 14.54 14.98 14.46 14.69 16.12 15.82 16.40 16.12 16.08 14.87 15.39 15.73 15.55 16.04 17.05 16.79
14.98 15.44 16.09 16.82 16.43 16.04 16.41 16.61 16.89 17.01 17.33 16.04 16.04 16.37 15.74 15.73 16.31 16.74 15.68 15.39 15.22 15.41 14.91 15.93 17.43 17.77 17.25 16.89 15.78 15.74 16.47 17.38 16.87 17.14 16.29 16.09 16.57 16.77 16.75 16.32 16.39 16.80 17.64 16.92 15.64 14.86 14.91 14.55 14.22 13.63 14.14 14.76 15.62 16.14 15.01 14.82 15.12 15.28 15.74 15.54 14.78 15.40 15.56 15.53 15.10 14.73 14.89 15.96 16.74 16.58 16.55 15.54 15.46 16.38 17.38 17.07 17.04 16.83
15.46 15.88 16.26 16.65 16.75 16.59 16.73 16.56 16.89 16.90 16.86 16.41 16.15 16.21 16.38 15.94 16.13 16.10 16.25 16.81 15.69 15.64 16.79 16.76 17.27 17.18 16.83 17.54 17.54 17.17 16.80 16.73 16.00 16.70 17.49 16.66 17.12 17.30 17.83 16.91 16.43 16.77 16.96 17.15 16.85 16.22 16.02 15.60 15.23 14.01 13.77 14.29 14.16 14.91 15.51 15.26 15.35 15.75 16.01 16.18 16.40 15.89 15.36 14.84 14.12 12.47 13.32 14.89 15.66 15.88 16.52 16.27 16.07 16.76 16.04 16.27 16.87 17.04
15.79 16.27 16.72 16.77 16.53 16.88 16.97 16.36 16.77 16.90 15.41 15.84 16.71 16.98 16.39 15.91 17.18 16.85 16.56 16.03 15.88 15.56 16.35 15.98 15.86 16.76 17.55 18.28 17.98 17.18 17.21 16.64 16.66 17.09 17.60 16.62 17.03 17.15 17.14 17.48 16.73 16.67 16.88 16.87 16.99 16.46 16.43 16.11 15.49 15.02 14.12 14.96 14.98 14.14 14.56 14.08 15.14 15.84 16.21 16.74 17.52 17.21 16.51 15.90 14.14 13.42 13.98 15.30 16.03 15.77 15.63 15.66 15.15 15.30 15.86 15.65 15.51 15.60
15.31 15.81 16.56 16.90 16.74 16.99 16.99 16.57 16.45 16.15 15.62 15.78 15.91 16.41 15.91 16.71 16.91 16.07 16.84 17.34 16.56 14.66 15.82 15.87 16.95 17.82 17.10 16.84 18.14 18.34 18.07 17.13 17.17 17.39 17.10 16.37 16.67 16.28 16.61 16.47 16.95 16.92 17.10 16.74 17.26 16.83 16.79 16.27 15.76 15.16 15.43 16.01 16.21 16.42 15.61 15.40 15.36 15.60 15.24 15.64 16.69 16.74 17.31 16.28 14.50 14.24 15.66 15.64 15.56 14.31 15.06 15.84 15.78 15.45 15.87 16.42 16.21 17.08
15.72 15.70 16.46 16.23 17.25 17.12 17.40 17.41 17.07 16.61 16.34 16.44 16.98 17.43 17.60 17.40 17.34 16.96 16.50 15.95 16.72 17.61 17.57 18.62 16.85 17.24 16.93 16.96 16.69 17.38 18.08 18.36 17.87 17.09 17.09 16.73 17.06 16.84 16.11 17.44 17.07 17.48 17.35 16.90 17.44 17.70 17.14 17.11 15.81 16.20 16.21 17.43 17.37 17.66 16.92 16.25 15.92 15.57 14.76 14.34 14.36 15.62 15.80 16.09 15.77 15.24 15.02 15.07 14.64 14.52 14.65 15.48 14.86 15.35 14.42 15.45 16.27 17.12
15.94 16.02 16.29 16.33 17.21 17.43 17.18 17.46 17.06 17.27 17.14 17.10 16.83 17.03 17.42 17.29 16.62 15.94 16.22 16.51 16.41 17.71 18.38 19.14 18.51 16.58 16.11 16.39 16.41 16.21 16.63 17.11 17.27 16.51 16.88 16.53 16.18 16.78 16.53 17.42 17.95 18.14 17.56 17.48 18.27 17.92 16.89 15.77 15.78 16.83 17.52 17.71 17.73 17.84 17.21 17.02 16.50 15.94 15.00 14.64 14.64 14.43 15.04 15.42 15.54 15.33 15.37 15.38 14.96 14.29 14.48 15.14 15.41 15.86 15.29 15.66 16.61 17.65
16.14 16.49 16.59 16.72 16.90 17.37 17.95 17.77 17.55 17.28 17.46 17.00 16.32 16.35 16.71 17.20 16.42 17.29 17.12 17.66 17.60 18.87 18.39 18.34 17.55 16.61 15.50 15.84 16.79 16.07 16.08 16.50 16.83 16.54 16.18 16.03 17.46 17.59 17.60 17.33 17.49 18.24 18.04 17.62 18.54 18.20 18.02 16.82 15.66 17.15 18.40 18.41 18.09 17.96 17.79 17.88 17.62 16.75 15.22 14.87 14.19 14.07 14.69 14.96 14.77 15.48 15.22 15.43 15.39 14.01 14.23 15.42 16.05 16.14 16.63 15.88 16.06 15.90
16.32 16.29 16.58 17.07 17.35 17.33 17.61 17.43 17.62 17.44 17.60 17.19 16.59 15.73 15.52 15.72 17.07 17.61 17.25 17.93 17.87 18.12 18.04 17.37 18.16 17.97 17.58 16.77 16.32 16.33 16.44 15.56 15.37 15.48 16.31 16.43 16.63 18.12 17.78 18.06 16.60 16.06 16.64 16.85 16.42 17.56 18.44 18.96 18.45 18.51 18.42 18.82 18.84 19.05 18.76 18.62 18.80 18.41 17.21 16.23 15.75 14.59 14.69 14.90 14.13 14.77 14.87 14.47 14.25 13.69 13.48 14.66 15.15 15.35 14.96 15.02 14.66 14.72
