main/data/irradiance/29.12.2023.grid
ncols 839
nrows 679
xllcenter 112.0500
yllcenter -43.9500
cellsize 0.0500
nodata_value 99999.90
[rows 272 to 305 of 679, columns 385 to 461 of 839]
23.15 23.78 25.09 24.30 23.37 25.05 24.02 23.70 23.62 22.88 23.57 23.61 22.84 22.85 23.45 23.25 22.79 22.64 23.29 23.00 22.32 21.77 22.54 21.69 22.98 23.48 24.77 24.35 24.96 23.95 22.48 23.36 24.20 24.24 23.64 24.03 24.64 24.89 23.80 22.60 23.83 25.32 25.97 23.75 22.97 21.78 24.02 24.58 25.56 25.75 26.89 27.30 27.09 27.45 28.62 29.09 28.33 27.80 28.08 29.11 28.71 29.01 28.52 28.94 29.04 29.32 28.56 28.39 28.45 29.13 29.67 29.15 29.71 29.68 30.12 30.55 30.53
22.49 22.94 25.00 23.81 24.26 24.67 24.47 24.86 25.00 24.94 23.31 23.04 23.39 22.25 23.27 22.66 24.30 24.60 22.88 20.82 20.31 20.20 20.53 19.67 21.74 23.51 23.75 22.04 22.38 20.63 21.29 23.77 22.95 24.92 24.73 24.89 24.24 24.97 23.22 21.70 22.62 23.92 23.59 22.98 24.28 24.11 22.98 25.18 26.49 25.50 26.68 27.03 27.45 27.09 28.78 29.10 28.21 28.25 28.85 29.03 29.03 28.73 28.83 29.56 29.82 30.04 30.02 29.75 29.78 29.24 29.49 29.00 29.08 29.40 29.76 30.22 30.11
23.06 23.25 24.56 23.71 24.68 23.24 23.25 24.53 24.51 26.06 23.67 22.88 23.81 22.31 22.19 22.38 24.00 24.44 22.71 21.34 21.08 18.91 19.85 19.58 21.73 23.48 23.25 22.23 21.58 19.87 20.32 20.76 23.24 25.36 26.89 24.87 23.50 22.47 21.35 20.02 21.99 22.01 22.45 22.98 23.97 24.48 25.48 25.40 25.42 25.56 25.60 26.74 27.80 28.07 28.41 28.49 28.77 29.19 29.17 29.39 29.77 29.49 29.60 30.09 30.04 29.91 30.09 30.09 30.11 29.43 29.48 29.22 28.82 28.87 29.39 29.26 29.51
24.35 24.24 24.91 25.86 25.17 23.00 22.64 23.62 23.69 24.57 23.72 24.25 24.11 22.34 22.17 21.69 23.17 23.98 22.45 22.19 21.02 18.72 19.40 20.12 20.23 21.49 21.89 21.40 22.17 21.44 20.90 20.76 22.00 24.32 24.81 25.27 24.39 22.90 20.00 20.45 20.58 20.78 21.52 22.20 22.10 22.25 24.87 25.04 23.40 25.55 25.62 26.30 28.24 28.09 27.79 29.03 28.91 28.91 29.14 29.59 29.83 29.75 29.69 29.74 29.78 29.87 29.90 30.09 29.44 29.66 29.60 29.01 28.85 28.77 28.83 29.05 28.95
25.62 25.47 25.65 26.15 25.75 24.45 22.49 24.06 22.95 22.20 22.69 24.97 23.83 21.48 21.55 22.17 22.53 23.37 22.44 21.96 20.86 20.60 19.88 21.44 20.63 21.09 22.90 23.63 23.17 22.18 23.03 21.93 22.10 22.60 22.58 23.79 24.12 21.19 20.04 21.73 20.05 19.59 21.22 20.91 21.26 21.13 23.36 24.10 23.86 23.64 23.66 24.58 27.12 28.05 28.99 29.33 29.31 29.26 29.47 29.34 28.63 28.50 28.90 29.37 30.01 30.15 30.50 30.25 29.64 30.02 29.35 28.71 28.82 28.65 28.84 28.79 28.22
24.95 24.94 24.95 24.91 25.36 24.85 23.78 24.88 23.83 22.59 22.27 24.29 23.76 22.55 22.14 22.41 22.38 24.16 23.57 22.46 22.78 22.42 20.33 21.26 22.99 23.67 23.91 24.52 23.93 23.26 22.85 21.59 21.29 23.29 22.34 23.16 23.08 21.99 22.80 22.86 20.43 20.96 21.50 21.90 20.20 20.93 22.73 22.95 23.48 23.38 24.80 27.28 27.57 28.40 29.28 29.32 29.37 29.46 29.66 29.35 28.41 27.87 28.25 28.55 29.21 30.09 30.43 29.47 29.96 29.59 28.90 28.74 29.10 28.81 28.69 28.16 28.46
25.10 24.68 24.69 24.66 25.22 25.69 25.31 25.21 24.82 22.49 24.06 24.77 23.89 24.44 23.94 22.34 22.18 23.93 23.31 22.89 23.41 22.25 22.24 23.08 22.25 22.18 22.53 23.54 24.69 24.50 23.85 22.34 22.07 24.27 23.46 24.38 24.59 24.73 24.15 23.70 20.93 20.70 23.04 22.56 21.91 22.71 23.27 22.95 22.90 24.56 25.43 27.03 28.26 28.13 28.67 28.79 29.85 29.67 29.40 28.47 27.66 28.93 28.72 28.34 27.99 29.67 30.26 29.68 30.13 29.59 29.62 28.84 28.13 28.42 27.92 27.74 28.24
25.02 25.58 25.87 26.02 26.09 26.24 25.86 25.59 24.99 23.02 22.79 23.56 23.76 24.57 25.40 23.48 22.57 23.32 23.81 23.64 23.39 23.95 23.51 22.99 22.60 22.84 22.88 23.44 25.05 25.52 24.97 24.35 25.67 27.07 26.22 25.95 25.11 25.54 23.68 22.08 21.57 21.60 21.49 22.02 23.45 24.12 23.57 23.91 24.21 24.93 25.04 26.73 27.43 27.61 28.52 29.21 29.65 30.27 30.26 29.13 27.98 28.69 29.12 28.66 28.60 29.15 29.94 29.57 28.78 29.52 30.19 29.77 28.79 28.10 28.05 27.81 28.72
27.32 27.37 27.63 27.51 27.41 26.83 26.48 26.13 25.25 24.92 23.85 23.61 23.22 24.60 24.96 24.46 23.17 22.15 23.13 22.80 23.52 24.48 23.61 23.90 24.40 23.99 23.95 24.73 24.96 25.42 25.75 26.17 26.35 27.69 27.77 27.77 25.65 25.57 23.78 21.78 22.00 20.99 22.40 23.76 24.27 25.14 24.81 25.64 25.39 25.10 25.87 26.76 26.70 26.43 28.41 29.17 29.65 29.87 29.90 29.84 28.83 28.78 28.88 28.77 29.29 29.91 29.87 29.86 29.51 29.40 29.58 29.67 29.27 28.35 27.30 27.79 28.48
26.61 27.50 27.74 27.41 26.88 26.05 25.40 25.82 26.39 25.76 24.32 23.66 23.14 24.43 24.26 24.62 24.15 23.32 23.57 24.27 25.41 25.81 25.56 25.66 25.86 24.76 24.70 24.54 23.58 24.72 26.23 26.73 26.85 27.52 27.91 27.25 25.61 23.60 22.62 20.91 21.14 20.74 22.21 24.65 26.25 26.67 26.33 26.61 25.28 24.66 26.69 27.06 27.23 26.91 28.11 28.06 28.88 29.38 29.25 29.19 29.31 28.37 27.98 29.41 28.79 29.70 29.68 29.71 29.72 29.53 29.38 29.07 28.69 28.05 27.36 27.86 28.39
26.54 28.04 27.67 27.68 26.44 27.30 27.17 27.06 27.24 26.66 25.55 25.14 25.30 26.05 25.47 25.63 25.24 24.58 26.26 26.73 25.77 26.85 26.76 26.41 26.06 25.02 23.32 23.97 23.23 23.73 25.50 26.19 27.49 27.88 27.79 26.59 23.54 20.87 18.85 18.33 19.25 21.49 23.22 25.87 27.94 27.80 27.56 26.45 26.41 25.94 26.64 27.12 27.44 27.05 27.36 28.10 28.18 27.97 27.74 28.65 29.13 28.99 29.48 29.67 29.14 29.01 29.60 29.31 29.32 29.59 29.19 29.17 27.95 27.48 27.37 27.19 28.31
28.39 27.78 27.47 27.38 27.35 27.43 27.35 26.48 26.91 27.17 26.75 26.93 26.09 26.04 25.51 26.84 26.97 27.30 26.58 26.24 27.06 27.27 26.31 26.41 25.93 25.64 24.62 25.05 24.87 25.65 27.10 26.51 27.09 26.00 26.80 24.01 21.99 19.48 18.44 19.10 20.99 23.51 25.29 26.97 27.00 27.73 27.94 27.10 27.35 26.03 27.13 26.87 27.32 26.75 27.56 28.21 28.00 27.12 27.27 28.58 28.99 29.58 29.95 29.20 29.28 28.50 28.64 28.83 29.16 29.06 28.52 28.88 28.21 28.09 27.91 28.53 27.64
28.23 27.90 27.81 27.47 27.16 27.40 26.72 26.62 26.72 27.57 28.40 27.01 25.78 25.26 26.31 27.41 27.97 27.87 27.01 26.76 27.52 27.77 26.65 26.90 27.67 27.72 27.18 26.89 26.06 25.82 25.96 26.60 26.33 24.83 23.17 20.26 19.95 19.79 20.90 22.84 24.76 27.04 26.74 27.51 27.94 27.64 27.91 27.75 28.16 26.99 26.36 27.27 27.02 26.13 27.38 26.92 26.70 28.02 28.93 29.32 29.39 29.81 29.94 29.52 29.02 28.27 28.20 29.18 29.72 28.90 28.88 28.49 26.80 27.77 28.35 29.12 26.57
27.58 28.09 28.01 27.31 26.92 26.94 26.72 26.87 26.63 26.49 28.22 27.21 27.68 25.91 27.03 27.64 29.09 28.30 26.92 27.37 26.95 26.42 27.21 26.80 27.19 28.24 28.37 27.57 27.04 26.40 26.65 26.58 24.74 24.00 21.79 19.52 20.65 22.30 23.77 25.47 26.33 27.85 27.28 27.75 28.63 28.61 28.49 27.65 27.71 27.31 27.01 27.30 26.60 26.42 26.70 26.58 27.02 28.31 28.90 28.86 28.93 29.82 30.14 29.72 29.43 28.45 27.61 29.01 29.23 28.87 28.65 27.76 27.43 28.24 27.97 28.49 28.48
28.47 29.30 28.18 27.79 28.39 27.84 27.44 27.26 27.25 26.69 27.09 28.15 26.89 26.72 26.34 27.05 27.99 28.08 27.55 27.45 27.68 27.45 27.56 27.37 28.06 28.42 27.76 26.51 27.64 27.04 26.03 25.41 25.09 24.49 23.62 22.66 21.94 23.13 24.40 26.16 26.93 27.06 27.95 28.99 29.35 28.64 28.06 28.14 27.89 27.77 26.29 27.41 27.32 27.70 27.14 27.80 28.33 28.22 28.78 28.71 28.89 29.07 29.61 29.56 29.62 28.71 27.89 28.10 28.66 28.54 28.77 28.04 27.76 28.83 27.90 27.86 28.68
28.41 28.22 27.93 28.54 28.67 28.39 28.32 27.19 27.08 26.74 26.91 26.94 26.59 27.59 27.40 27.04 25.58 26.39 27.37 27.39 27.43 27.60 26.88 27.08 27.38 27.35 26.66 26.46 27.57 27.44 25.65 24.93 25.31 25.97 24.83 24.52 23.93 24.62 25.70 26.73 27.04 26.97 27.30 27.09 28.09 28.85 27.22 27.86 28.04 27.57 27.05 28.15 28.78 28.84 28.23 28.85 28.65 28.25 28.88 28.92 28.54 28.19 28.60 27.76 28.50 28.05 27.05 26.69 27.60 28.19 28.27 27.42 27.64 27.90 27.09 26.70 28.03
28.73 28.67 28.14 28.89 28.06 27.84 27.76 27.43 26.69 28.28 27.87 28.03 28.01 27.85 26.98 26.67 26.54 26.30 27.67 27.60 27.53 27.42 27.17 27.00 26.69 27.30 27.12 27.29 27.81 28.00 27.28 26.55 26.00 25.89 24.84 24.94 25.47 24.74 26.11 26.72 26.74 27.08 27.08 26.60 27.11 28.37 27.34 28.81 28.93 28.39 28.79 28.92 29.09 28.69 28.27 28.82 28.89 28.63 28.28 27.75 27.36 27.11 27.21 25.91 26.29 27.14 26.30 25.85 26.64 27.69 27.17 27.05 27.16 27.72 25.75 24.90 25.83
28.92 29.01 28.36 28.56 28.00 28.30 28.75 29.29 28.59 28.38 28.22 29.07 29.16 27.54 26.69 26.83 26.63 27.24 27.86 28.34 27.56 27.47 27.04 26.05 25.95 26.96 26.91 26.12 26.51 27.09 27.25 27.49 27.28 26.48 25.54 24.83 24.91 24.87 25.80 26.33 26.90 26.50 27.43 27.10 25.94 27.29 28.69 29.08 28.38 28.60 28.15 28.79 28.53 28.18 27.92 28.88 28.95 28.65 28.10 27.66 27.25 26.24 25.84 25.60 25.45 27.14 26.60 25.19 25.18 26.68 27.10 28.23 26.81 24.30 24.26 25.00 25.57
29.31 29.10 28.75 29.03 28.60 29.41 29.50 29.75 29.43 29.60 29.57 29.04 27.86 27.02 27.45 27.44 27.24 27.78 27.71 28.28 27.24 26.90 26.86 27.05 27.44 26.87 26.81 25.91 26.15 25.65 26.00 26.87 26.67 26.59 26.02 26.01 26.21 25.76 25.70 26.84 27.72 27.76 28.30 26.32 25.61 27.74 29.18 28.91 28.15 27.95 27.78 28.50 28.79 28.48 28.29 28.86 28.66 28.57 27.90 27.73 27.73 27.30 25.54 25.01 25.02 25.54 25.86 24.73 24.49 24.75 25.64 25.92 25.96 25.27 23.52 24.44 24.58
28.46 28.20 28.81 29.25 29.23 29.13 28.26 28.91 30.06 29.34 29.42 28.99 27.86 27.81 28.52 29.26 28.48 28.58 28.27 27.83 27.07 26.40 27.49 28.97 27.98 27.25 27.18 25.42 26.36 26.20 25.90 26.35 26.42 26.49 26.04 25.44 25.94 25.85 26.03 27.04 27.33 27.02 26.88 25.96 26.58 28.40 30.03 28.82 28.59 28.78 29.17 27.88 27.72 27.98 28.39 28.74 28.49 27.84 27.57 27.36 27.78 28.26 25.96 25.02 24.93 24.71 24.73 24.45 22.83 23.71 24.31 24.94 24.22 23.82 23.86 23.19 24.18
28.39 28.46 29.23 29.19 29.03 28.92 29.23 28.83 28.81 29.20 29.03 28.17 29.06 28.48 27.93 27.83 27.86 28.57 28.67 28.17 27.67 27.52 28.96 28.91 27.68 26.74 26.06 25.94 26.90 26.68 26.13 25.50 26.08 26.43 25.78 25.26 26.03 26.13 26.19 26.49 27.14 27.44 27.19 27.54 27.89 28.05 29.03 28.54 29.28 29.30 28.86 28.19 28.13 28.41 28.58 28.76 27.91 27.65 27.53 27.89 27.68 27.77 27.09 26.12 25.31 24.85 24.45 23.50 22.49 23.61 23.35 22.44 24.27 23.04 22.01 20.94 20.58
29.38 28.64 28.99 29.11 29.38 29.01 29.29 29.54 29.88 29.34 29.51 29.07 28.56 28.39 28.39 28.32 28.53 28.54 29.40 28.59 27.82 28.52 29.40 28.03 27.43 26.14 26.74 27.33 26.76 26.37 25.96 25.38 26.29 25.64 24.68 25.05 25.63 26.26 26.38 25.71 26.43 27.70 27.17 27.69 28.17 28.79 27.91 28.77 28.89 28.10 29.02 29.21 29.36 29.65 29.29 29.20 28.24 28.28 27.48 27.10 27.37 27.64 26.15 25.15 24.91 24.84 23.96 23.07 23.07 23.21 22.78 22.80 22.09 23.01 22.90 21.71 20.57
29.58 29.04 29.51 29.02 29.00 29.08 28.59 29.74 29.90 28.93 29.46 29.95 29.38 29.07 29.41 28.79 29.50 29.05 29.53 29.19 29.15 28.95 28.91 29.01 27.82 26.77 27.11 27.97 27.61 27.22 26.57 26.13 25.94 25.51 26.48 26.81 26.41 26.44 26.10 25.34 27.01 27.74 27.88 28.39 28.39 28.67 28.29 28.57 28.31 27.64 28.56 29.12 29.36 28.98 28.89 28.97 28.87 28.20 27.34 27.44 27.17 27.33 25.85 24.25 24.31 24.84 24.70 23.25 22.00 21.68 21.96 22.95 22.17 22.87 22.16 21.58 22.29
29.70 28.86 28.95 28.98 28.66 28.47 28.56 29.05 29.02 28.95 29.17 30.10 29.00 28.70 28.90 28.90 28.44 28.42 28.78 28.75 28.74 28.57 28.23 28.88 29.25 28.49 27.86 28.15 27.71 27.66 27.44 26.52 25.76 25.37 27.18 27.92 27.21 26.48 26.25 26.40 27.99 28.07 28.37 28.66 28.97 29.07 28.73 28.88 28.45 28.32 28.68 29.80 29.32 28.18 28.87 28.30 28.55 28.18 27.02 26.75 26.70 26.02 25.22 23.72 23.72 24.11 24.39 23.97 22.25 21.01 21.95 23.66 23.90 21.95 22.08 21.51 22.12
28.78 28.51 28.63 29.62 29.29 28.38 28.55 28.84 29.16 28.26 29.34 28.90 28.27 28.88 29.64 29.43 29.35 28.75 28.33 28.50 27.99 27.83 28.07 28.50 29.04 28.46 27.17 27.72 27.61 27.51 28.24 26.58 26.37 25.84 27.14 27.16 26.91 26.66 27.50 27.56 27.90 28.38 28.88 29.11 29.52 29.04 28.34 28.32 28.55 29.05 29.27 29.91 29.47 28.69 28.63 28.08 28.89 27.77 26.88 26.09 26.50 25.61 24.44 22.93 23.24 23.26 23.54 22.91 22.03 21.43 22.16 22.45 22.18 22.24 20.44 19.74 20.71
28.26 28.75 29.31 29.84 29.48 29.28 28.89 29.42 29.58 29.40 28.89 28.51 29.52 29.84 29.31 29.59 29.44 29.63 29.64 29.63 29.10 28.22 28.32 28.78 28.68 27.85 28.12 27.64 27.14 27.80 27.56 27.05 27.65 28.19 27.36 27.24 27.48 29.04 28.90 28.52 29.07 29.53 29.38 29.60 29.22 29.32 28.98 28.20 28.28 29.38 29.66 29.69 29.22 28.31 27.98 28.60 27.94 27.32 26.64 27.20 27.02 26.42 25.83 23.85 23.29 22.30 22.22 22.50 21.29 20.78 21.33 20.53 21.17 21.86 18.84 17.99 19.32
29.63 29.88 29.34 29.57 29.18 29.74 29.81 30.14 30.10 29.87 29.11 29.29 29.77 29.60 29.37 29.31 30.23 28.46 28.73 29.28 29.27 28.87 28.61 28.56 28.45 27.97 28.68 27.68 26.31 27.40 28.39 28.34 28.09 27.14 26.87 27.02 27.61 28.67 28.42 28.70 28.82 28.89 28.43 29.44 29.27 29.32 28.84 28.06 28.42 29.01 29.22 29.41 29.67 28.63 28.08 28.70 27.97 26.96 27.08 27.01 26.27 25.41 25.02 24.09 23.25 22.57 20.55 21.88 22.37 22.61 20.78 19.95 20.76 20.23 18.33 17.51 19.88
29.85 30.20 29.76 29.82 29.16 29.31 30.18 30.05 29.94 30.07 29.30 29.62 28.72 29.90 30.20 29.73 29.58 29.24 29.20 29.27 29.29 28.74 29.13 29.21 28.85 28.19 27.34 26.72 27.17 28.55 29.07 29.48 28.10 26.85 27.08 26.90 27.74 28.26 28.56 29.37 28.86 27.66 28.49 29.46 29.42 29.02 28.64 28.72 29.25 28.98 28.86 29.15 29.20 27.76 27.92 28.18 28.17 27.13 26.03 26.10 25.80 25.41 24.62 23.74 22.70 23.93 22.38 21.08 21.35 22.49 22.06 20.56 19.99 19.92 18.99 20.01 21.03
29.97 29.18 28.79 28.84 29.06 28.94 29.29 29.78 30.06 29.38 28.07 29.28 30.17 28.97 28.27 28.97 29.51 28.92 28.39 29.06 29.87 29.54 29.66 29.09 27.95 27.94 28.17 28.43 28.77 29.20 29.13 28.80 28.78 28.35 28.92 28.57 29.41 29.54 29.48 29.54 28.33 28.15 28.83 29.35 29.38 28.62 28.80 28.64 28.44 27.46 27.85 27.71 28.51 28.66 27.91 28.70 28.63 26.57 24.78 24.67 25.24 25.09 24.01 23.44 22.70 23.37 24.78 21.64 22.12 23.23 22.88 22.89 21.44 20.78 20.67 21.00 21.31
29.92 29.64 29.32 29.68 29.54 28.99 29.13 28.80 28.51 29.40 29.44 29.42 28.94 28.48 29.45 28.84 28.72 28.59 29.35 29.52 29.50 29.81 29.86 29.43 29.35 28.96 29.30 28.38 28.51 29.15 29.32 29.30 28.84 29.50 30.03 30.15 29.84 29.60 29.61 30.06 29.52 28.83 29.23 28.85 29.10 28.92 29.20 29.23 28.78 27.09 27.73 26.92 28.18 28.13 28.91 28.75 27.95 26.35 25.49 25.29 25.94 25.62 23.91 23.50 23.17 22.87 22.53 22.52 23.19 24.25 23.39 23.31 23.38 22.78 22.12 22.07 21.82
29.60 29.28 29.99 30.56 30.54 29.70 29.53 29.69 29.07 29.46 29.30 29.07 29.71 29.40 29.84 28.98 28.69 29.71 29.41 29.38 29.47 30.12 30.23 29.55 29.95 29.50 29.08 29.03 29.44 30.04 29.77 29.45 29.61 29.48 29.36 29.43 28.90 30.02 30.40 30.26 28.93 28.60 28.72 28.85 29.23 29.50 29.28 29.16 28.32 28.12 28.50 27.41 28.21 29.19 28.53 28.36 27.84 26.87 26.41 26.24 26.04 25.74 25.43 25.20 23.83 23.17 22.94 23.32 24.04 24.53 24.79 24.26 24.61 24.77 23.15 22.77 23.11
29.87 30.64 30.80 30.26 29.97 28.89 29.59 29.65 29.87 30.00 29.61 29.57 29.96 29.09 29.25 28.72 29.54 29.70 29.47 29.97 29.04 30.17 29.86 29.03 29.22 29.22 29.26 29.98 29.95 30.05 29.87 30.22 29.27 29.14 28.68 29.25 29.39 29.98 29.96 29.95 29.29 29.14 29.11 29.33 29.38 29.20 28.39 29.06 29.62 28.27 27.67 27.31 26.92 28.27 28.34 28.13 27.77 28.13 27.40 26.98 26.12 25.47 25.59 26.00 24.48 23.84 23.35 24.39 24.72 24.18 24.56 24.46 25.06 25.31 23.38 22.96 23.33
29.30 30.41 29.42 30.08 29.94 30.00 29.36 28.58 29.90 29.65 30.32 30.48 29.58 29.02 29.41 29.77 29.20 28.85 28.79 28.94 29.22 29.33 29.33 29.01 28.88 29.33 28.82 29.43 29.45 29.22 29.18 29.65 28.73 28.14 28.46 28.91 29.34 29.68 30.10 29.72 29.64 29.93 29.61 29.56 29.01 28.73 29.38 29.61 28.44 27.41 27.42 26.95 27.39 28.09 28.31 28.51 27.22 27.77 27.28 26.76 26.10 26.54 26.17 25.25 25.60 25.14 24.36 25.61 25.20 24.25 24.24 24.77 25.04 24.40 23.50 22.90 23.42
30.34 29.94 29.29 30.12 29.75 29.11 29.37 29.92 30.12 29.90 30.07 30.21 29.36 29.83 29.29 29.62 29.25 29.05 29.16 29.41 28.85 28.46 28.79 29.12 29.48 29.02 29.52 29.08 29.69 29.41 29.33 28.42 28.20 28.89 29.16 29.22 29.32 29.87 30.76 29.98 28.92 29.68 29.71 29.43 29.15 28.92 29.53 29.47 29.40 27.92 27.82 28.36 27.90 28.12 28.54 28.42 27.61 27.55 26.81 27.31 27.90 27.67 26.76 25.96 24.76 25.10 25.31 25.92 25.30 24.20 23.71 24.65 24.96 24.35 23.72 22.82 23.31
