main/data/irradiance/29.12.2023.grid
ncols 839
nrows 679
xllcenter 112.0500
yllcenter -43.9500
cellsize 0.0500
nodata_value 99999.90
[rows 204 to 237 of 679, columns 308 to 384 of 839]
29.78 29.69 29.48 28.73 28.86 29.26 29.53 29.74 29.76 29.74 29.97 29.95 29.80 29.99 29.97 29.76 29.68 29.78 29.05 28.87 28.58 28.90 28.49 29.04 29.00 28.68 28.39 28.62 28.72 29.17 29.18 28.90 28.98 28.57 28.58 29.56 29.30 29.24 28.90 28.44 28.51 28.81 28.57 28.01 28.25 27.99 28.89 28.19 28.27 27.63 28.99 28.34 28.77 28.85 29.17 29.01 29.21 28.97 29.00 28.77 28.94 28.27 28.69 28.48 28.16 28.96 29.44 28.83 28.96 28.61 28.31 26.95 27.52 28.29 28.29 28.02 26.08
29.45 29.78 29.77 29.11 29.13 29.13 29.47 29.49 29.65 29.91 30.05 29.88 29.81 30.02 29.60 29.61 29.40 29.61 29.83 29.32 28.79 28.72 28.43 28.16 28.22 29.13 28.74 29.05 28.88 28.92 29.25 29.42 28.69 28.22 28.59 28.72 28.97 29.35 29.31 29.14 28.94 28.85 28.71 28.84 28.09 28.55 28.60 28.23 28.89 27.93 28.89 28.49 28.97 29.21 28.47 29.15 29.17 28.89 28.76 28.69 28.07 27.72 28.38 28.32 29.31 28.94 28.44 28.89 29.19 29.44 28.53 26.75 27.68 28.89 28.79 28.40 28.35
29.82 29.62 29.39 29.24 29.06 29.04 29.49 29.87 29.80 29.93 29.96 29.40 29.25 29.92 29.58 29.28 29.23 29.64 29.93 29.64 29.63 29.46 28.92 28.52 28.85 29.28 29.23 29.15 29.13 29.07 29.03 29.33 28.60 27.88 28.60 28.69 28.79 28.70 28.94 28.98 29.20 28.70 28.49 28.31 28.06 28.11 28.46 28.09 27.79 27.82 28.10 28.84 28.50 29.00 29.23 28.80 28.30 28.67 29.29 28.78 27.42 26.53 28.10 28.34 28.43 28.32 27.72 28.13 28.92 28.82 28.91 28.07 27.36 27.32 28.09 28.50 28.32
29.76 29.50 29.89 29.65 29.26 29.74 30.07 30.13 30.07 29.91 29.47 29.40 28.69 29.47 29.58 29.00 29.37 29.87 30.00 29.97 29.62 29.48 29.51 29.63 29.48 28.77 28.91 29.48 29.37 29.33 29.26 29.00 29.01 28.26 28.32 29.06 29.32 29.74 29.43 29.27 29.35 28.87 28.70 28.76 28.19 28.60 28.64 28.63 27.20 27.47 27.95 28.27 28.39 28.28 29.15 27.68 27.76 28.18 28.72 28.85 27.72 26.50 26.46 27.47 27.61 26.94 28.33 27.72 28.40 28.99 28.20 29.01 27.76 26.54 25.90 28.06 27.91
28.90 29.15 29.72 29.97 30.09 30.06 30.10 30.09 30.07 29.95 29.11 29.75 29.41 29.25 29.59 29.49 29.83 29.74 29.98 30.04 29.75 29.82 29.63 29.59 29.01 28.92 29.27 28.91 28.83 29.20 29.30 29.09 29.25 28.88 28.39 28.53 28.92 28.17 28.93 29.03 29.11 28.81 28.81 28.62 27.41 27.68 28.57 28.07 28.17 28.17 27.87 27.86 28.58 28.35 28.81 28.82 28.16 28.07 29.45 29.24 28.46 26.97 26.56 26.37 26.58 27.54 27.48 27.30 27.02 28.74 29.39 28.17 29.29 26.80 27.24 26.97 27.31
29.83 29.75 29.92 29.80 29.95 30.01 30.13 30.07 30.11 29.86 30.18 30.07 29.34 28.87 29.22 29.27 29.75 29.86 29.98 30.05 29.80 29.70 29.57 29.36 29.66 29.31 28.56 28.51 28.86 29.60 29.34 29.57 29.24 28.83 29.03 29.61 28.93 29.16 29.26 29.02 29.33 29.33 28.42 28.48 28.66 28.77 28.33 28.83 27.87 27.38 28.36 28.18 27.91 27.01 28.41 29.11 28.56 27.68 28.55 29.09 30.02 27.98 27.05 27.63 27.93 27.44 26.58 27.02 28.13 28.79 28.93 28.85 28.57 27.53 27.13 27.76 26.82
29.77 29.55 29.79 29.89 30.01 30.10 30.16 30.21 30.17 30.14 30.18 30.30 30.03 28.91 28.65 29.50 29.90 29.88 30.06 29.92 30.04 29.58 29.51 28.82 28.44 28.17 28.28 28.87 29.47 29.92 29.38 29.26 29.49 29.46 29.56 29.74 29.76 29.75 29.66 29.60 29.77 29.03 28.96 28.66 28.39 28.50 28.71 28.09 28.53 28.42 28.10 27.90 28.80 28.84 28.19 29.01 29.46 28.47 27.35 28.04 28.14 28.96 28.49 28.39 28.98 27.87 27.70 27.24 27.42 28.47 28.73 28.50 28.17 28.57 28.19 26.04 28.10
30.00 29.78 29.58 30.05 30.08 30.03 30.14 30.12 30.17 30.18 30.20 30.35 30.09 28.97 29.53 30.02 29.97 29.99 29.98 29.87 29.95 29.91 29.79 29.76 29.15 28.87 29.14 29.64 29.65 29.70 29.34 29.43 29.43 29.32 29.40 29.78 30.10 29.83 30.04 30.04 29.06 28.33 28.58 28.91 28.38 29.01 28.60 28.33 28.40 28.69 28.67 28.39 28.88 28.87 28.79 28.85 28.93 28.76 27.81 27.11 27.44 27.48 26.70 27.69 28.34 26.94 28.04 27.96 27.22 27.30 27.82 27.53 28.28 27.49 28.51 26.84 26.32
30.04 30.04 29.54 29.89 30.09 30.19 30.19 30.17 30.22 30.25 30.27 30.33 30.25 29.59 29.60 30.03 30.10 30.03 29.99 30.03 30.10 30.05 29.93 29.83 29.91 29.88 30.03 29.86 29.64 29.60 29.54 29.50 29.38 29.56 29.59 29.92 29.96 29.46 29.72 29.52 28.95 28.78 28.26 28.53 28.29 29.11 29.09 29.56 29.05 29.19 28.70 29.29 29.47 29.39 29.27 28.84 28.46 28.36 27.79 27.30 27.47 27.00 27.15 27.75 27.20 26.30 27.95 26.85 27.26 27.88 27.17 27.78 28.31 28.41 28.27 28.45 27.19
30.03 30.01 29.76 29.81 30.09 30.16 30.24 30.28 30.30 30.25 30.27 30.35 30.30 29.93 29.17 29.98 30.08 29.84 29.82 29.92 30.04 29.97 30.20 29.90 29.98 29.97 29.91 29.91 29.59 29.96 29.70 29.74 29.69 29.75 29.64 29.87 30.02 28.64 29.69 29.42 29.14 28.44 27.66 28.53 28.00 28.32 28.98 29.33 29.17 29.18 29.41 28.73 28.96 29.48 29.70 28.99 28.20 27.46 28.77 28.24 28.13 26.92 26.04 27.90 28.21 27.27 27.33 26.79 26.90 27.64 28.02 27.59 26.79 27.61 27.39 27.13 27.37
30.00 29.96 30.06 29.85 29.77 29.73 30.23 30.24 30.24 30.21 30.29 30.36 30.36 30.20 29.93 30.07 30.18 29.82 29.78 29.96 30.00 30.00 30.08 30.09 30.02 30.05 30.00 29.75 29.81 29.81 29.76 29.74 29.67 29.75 29.82 30.00 29.71 29.42 29.55 29.50 28.63 28.49 27.96 28.13 28.15 28.48 29.60 28.80 29.54 29.73 29.79 29.18 28.75 29.06 29.01 28.79 28.21 27.03 28.01 29.27 28.25 27.57 26.17 28.04 27.90 27.98 27.08 27.09 27.70 27.58 27.47 28.83 27.63 27.33 27.04 28.12 28.02
29.67 30.00 30.13 29.97 29.74 29.88 30.09 30.20 30.17 30.13 30.30 30.34 30.32 30.32 30.31 30.24 30.05 29.93 29.88 29.98 29.98 30.01 29.96 30.08 30.16 30.14 30.08 29.93 29.67 29.69 29.77 29.73 30.03 30.02 29.94 30.01 28.93 29.32 29.59 29.49 29.05 28.36 28.31 27.55 28.57 28.59 29.12 28.94 29.95 29.77 29.91 29.88 29.56 29.02 28.87 28.91 28.27 27.19 28.33 28.62 27.03 27.53 26.99 27.51 27.48 28.31 27.85 26.92 26.81 26.75 26.92 27.43 26.46 27.69 27.37 27.67 28.49
29.96 29.46 29.87 29.88 29.94 29.78 29.95 30.18 30.17 30.25 30.31 30.33 30.32 30.35 30.40 30.27 29.92 30.02 29.81 29.89 30.00 30.06 30.10 30.10 30.14 30.17 30.02 29.94 29.87 29.69 29.74 29.88 29.97 29.79 29.85 29.71 29.15 29.03 29.09 28.24 28.00 27.66 28.81 28.28 28.86 29.54 28.79 29.59 29.55 29.89 29.77 29.73 29.87 29.62 28.29 27.65 28.24 28.54 28.77 28.84 27.87 26.27 26.88 26.55 28.14 26.68 24.20 26.78 25.76 26.20 28.35 28.99 28.36 27.75 28.51 28.30 28.53
29.96 29.29 29.67 29.82 30.09 29.72 29.95 29.91 30.06 30.06 30.25 30.33 30.37 30.43 30.42 30.38 30.21 30.17 30.06 30.00 30.05 30.19 30.17 30.10 30.15 30.22 30.06 29.88 30.02 29.08 29.34 29.80 29.71 29.73 29.97 29.55 29.05 29.48 29.41 28.15 28.75 28.72 29.31 28.87 29.41 28.62 29.06 28.67 28.96 29.45 30.05 29.98 29.63 28.89 28.64 28.43 27.55 28.92 29.10 28.06 26.94 27.67 27.07 27.96 27.51 28.20 28.78 28.75 28.08 26.74 27.09 28.60 28.96 28.94 28.12 27.49 27.84
29.87 29.28 29.97 29.94 29.88 29.85 29.85 30.03 30.21 30.28 30.28 30.30 30.38 30.49 30.47 30.44 30.36 30.13 30.23 30.21 30.28 30.28 30.34 30.25 30.19 30.13 30.05 29.94 30.01 29.73 27.44 29.31 29.54 29.96 29.84 29.31 28.21 29.63 28.98 29.31 29.05 29.67 29.12 28.53 29.78 29.08 29.42 27.99 28.72 28.99 29.22 29.25 29.52 29.20 27.99 29.51 27.83 28.65 28.78 28.84 28.29 26.96 27.11 28.52 28.78 28.40 27.96 25.67 28.04 25.67 27.73 26.90 28.30 28.83 29.11 27.70 28.17
30.16 30.10 30.26 30.03 30.02 29.95 29.88 30.05 30.20 30.23 30.27 30.39 30.46 30.44 30.10 29.12 29.31 29.66 30.24 30.33 30.34 30.44 30.41 30.32 30.14 30.10 30.21 30.30 30.10 29.70 29.64 29.63 29.75 29.93 30.06 29.69 28.89 29.44 29.64 29.74 29.88 29.44 28.64 28.76 27.71 27.29 28.21 28.03 29.10 28.94 28.96 28.94 29.13 28.44 27.92 29.12 29.62 28.45 28.59 28.22 29.53 27.78 28.37 27.84 26.32 26.51 26.28 26.13 26.48 25.72 27.68 24.49 26.99 28.95 27.81 28.64 28.90
30.17 30.21 30.28 30.20 30.11 30.21 30.10 30.09 30.26 30.36 30.39 30.41 30.36 30.35 30.08 30.27 30.10 30.34 30.32 30.30 30.41 30.38 30.35 30.18 30.13 30.10 30.08 30.17 30.11 29.82 29.55 29.96 30.09 29.98 30.03 30.31 30.40 30.13 30.01 29.79 29.86 28.44 27.36 27.13 28.31 28.26 27.26 27.34 26.34 28.44 28.42 29.30 29.13 29.67 29.15 28.40 29.41 28.18 28.56 28.70 29.20 27.48 28.32 28.95 27.46 27.37 27.24 27.59 27.50 26.10 26.87 26.65 27.59 28.59 28.48 28.01 29.08
30.33 30.36 30.33 30.29 30.17 30.30 30.18 30.22 30.14 30.25 30.44 30.38 30.43 30.39 30.35 30.33 30.33 30.31 30.15 30.20 30.38 30.41 30.34 30.17 30.12 30.12 30.18 30.13 30.19 29.86 29.44 29.69 29.80 30.17 30.35 30.27 30.18 29.80 29.62 28.63 29.45 29.13 29.63 27.92 28.92 28.13 27.88 27.77 27.55 28.15 29.45 29.20 28.56 29.31 29.22 28.45 28.24 26.26 28.08 28.92 28.71 28.27 28.21 28.87 27.79 27.28 28.08 26.75 26.80 26.52 27.90 28.19 28.40 28.32 28.91 28.68 28.03
30.34 30.41 30.36 30.29 30.03 30.32 30.34 30.37 30.25 30.29 30.37 30.38 30.46 30.30 30.23 30.20 30.40 30.44 30.30 29.44 30.00 30.41 30.44 30.39 30.34 30.28 30.19 30.12 29.99 29.69 30.00 29.84 29.39 30.28 30.14 30.22 30.13 29.85 29.37 28.56 29.67 29.15 29.52 29.18 27.11 27.46 29.06 27.76 28.75 28.38 28.58 29.52 29.80 29.54 29.80 28.96 28.85 28.25 27.36 26.93 27.26 28.85 27.90 27.79 28.92 28.54 26.77 26.52 28.53 28.84 27.77 26.88 28.72 28.44 28.68 29.10 29.65
29.50 30.18 30.34 30.36 30.28 30.33 30.40 30.33 30.30 30.36 30.41 30.43 30.42 30.30 29.29 29.50 30.14 30.43 30.42 29.13 30.00 30.41 30.42 30.43 30.28 30.04 29.88 30.13 30.28 30.07 29.78 29.63 29.96 29.93 29.74 30.04 30.02 29.95 30.01 29.85 29.45 28.50 29.00 28.32 28.39 28.45 28.78 26.83 28.78 28.59 27.74 28.51 29.30 29.30 29.52 29.11 28.84 29.95 29.16 26.92 27.29 28.68 27.28 29.46 28.81 26.05 27.76 27.98 27.78 28.85 27.82 27.39 27.81 28.70 28.71 28.81 29.01
30.00 29.96 30.31 30.37 30.37 30.28 30.41 30.36 30.31 30.48 30.48 30.35 30.38 30.18 29.57 29.57 30.08 30.39 30.37 30.17 30.12 30.27 30.19 30.26 30.18 30.21 30.34 30.26 30.28 30.10 30.15 30.05 30.18 29.87 30.14 29.92 29.08 29.89 29.54 29.66 29.86 29.73 27.89 29.04 28.70 28.89 28.55 28.80 28.28 29.50 29.08 28.27 28.86 28.57 28.75 29.06 28.34 28.87 29.27 29.19 27.90 28.71 29.34 28.79 27.17 27.83 28.13 27.20 28.18 28.23 28.33 28.04 27.82 27.15 27.50 29.68 29.17
30.39 29.97 30.36 30.37 30.34 30.01 30.09 30.29 30.37 30.44 30.51 30.37 30.36 29.80 28.99 29.58 29.29 29.72 30.28 29.96 29.89 30.11 30.19 30.41 30.54 30.26 30.20 30.29 30.28 29.97 29.96 30.20 30.27 30.35 30.03 29.33 29.33 29.73 29.53 29.26 28.93 29.10 28.52 28.60 28.45 28.73 28.69 28.28 28.67 29.51 29.10 28.03 28.06 27.73 27.24 28.33 29.05 29.53 30.11 29.88 28.86 27.29 28.78 29.48 27.53 27.73 28.05 27.89 28.31 28.51 28.73 28.01 26.36 28.75 28.69 28.65 28.53
30.38 30.39 30.46 30.48 30.44 30.40 29.98 29.79 30.37 30.38 30.42 30.38 30.33 29.91 29.10 29.40 29.19 29.06 29.52 29.46 30.12 30.14 30.16 30.63 30.32 30.24 30.15 30.31 30.28 30.16 30.14 30.29 30.33 30.40 30.10 29.58 28.93 29.50 29.73 29.33 28.83 28.95 28.55 29.51 28.59 29.76 29.76 29.10 28.86 29.87 29.37 28.12 27.21 26.39 26.99 27.84 27.11 27.77 29.30 29.12 29.33 28.40 29.36 29.08 27.88 28.10 27.77 27.74 28.93 27.72 28.30 28.28 27.35 28.31 29.39 28.46 28.28
29.85 29.79 30.10 30.34 30.38 30.36 30.33 30.28 30.38 30.38 30.40 30.40 30.35 30.03 28.72 28.51 29.19 29.86 29.67 29.51 29.65 30.00 30.61 30.42 30.14 30.48 30.34 30.13 30.35 29.96 30.13 30.14 30.27 30.30 29.87 29.92 29.83 29.77 30.20 29.97 29.24 28.51 27.73 28.73 28.12 29.95 30.02 29.32 28.49 29.66 29.34 27.65 25.51 25.52 26.39 27.09 27.28 28.28 28.80 29.50 28.96 29.18 29.58 29.27 28.77 28.88 29.42 29.38 29.22 27.44 27.30 28.59 28.86 26.34 28.24 28.43 28.42
30.21 29.95 29.54 29.71 30.03 30.26 30.05 30.44 30.49 30.40 30.42 30.42 30.44 30.40 29.02 30.05 30.17 29.76 29.33 29.62 30.18 30.40 30.72 30.82 30.35 30.32 30.35 30.09 30.27 30.29 30.25 30.25 30.40 30.36 30.16 30.06 30.33 30.10 29.76 29.47 29.18 28.81 28.17 28.71 27.88 28.67 28.52 28.79 27.72 28.76 28.56 27.67 27.03 26.34 26.34 26.93 28.42 29.54 29.72 28.95 29.04 29.12 28.79 29.42 27.71 29.16 29.36 29.59 28.94 27.52 28.09 28.04 29.11 28.56 27.91 27.46 27.72
30.43 30.38 30.17 29.66 30.34 30.46 30.02 30.48 30.59 30.38 30.40 30.46 30.51 30.45 30.17 30.15 29.85 29.55 30.08 29.37 30.27 30.32 30.53 30.77 30.75 30.59 30.32 30.20 30.36 30.25 29.85 29.46 30.36 30.32 30.31 29.55 30.21 29.68 28.99 28.61 26.34 27.28 28.38 28.02 27.93 28.44 27.50 27.53 26.42 28.26 27.65 25.22 25.33 27.26 27.65 26.63 26.61 27.50 29.08 28.98 28.50 28.64 28.14 28.64 28.27 28.16 27.51 28.04 28.47 27.19 28.00 28.06 28.55 29.32 29.17 28.98 28.08
30.28 30.33 30.40 30.39 30.46 30.10 30.15 29.85 30.29 30.55 30.46 30.50 30.53 30.50 30.39 30.35 30.37 30.41 30.33 30.26 30.29 30.36 30.56 30.55 30.50 30.12 30.08 29.39 29.23 30.11 29.79 29.04 30.14 29.97 30.20 29.90 29.64 29.94 29.31 29.05 27.70 27.90 28.84 29.26 29.14 29.17 28.43 28.68 27.29 27.30 26.85 25.70 26.90 26.14 27.34 27.27 27.52 27.65 28.79 28.34 27.65 28.90 29.27 29.27 28.52 28.47 27.57 26.68 27.27 27.01 28.07 27.59 28.58 28.89 28.96 27.66 27.94
30.41 30.27 30.45 30.43 30.47 30.40 30.35 29.93 29.99 30.18 30.40 30.42 30.39 30.31 30.15 30.09 30.14 30.22 30.17 30.27 30.25 30.24 30.35 30.35 30.07 29.77 29.75 30.10 29.50 29.68 29.76 29.91 30.20 30.25 29.68 29.86 30.16 29.82 30.11 29.69 29.36 28.80 29.35 29.76 28.62 29.05 29.80 29.53 29.46 29.24 27.36 26.60 26.85 26.41 26.42 28.01 29.32 28.05 27.56 27.63 27.53 28.92 29.42 29.46 28.82 28.60 28.92 27.23 27.92 27.55 28.49 28.30 26.71 28.24 29.41 27.94 28.40
30.13 29.69 30.28 30.54 30.42 30.39 30.42 30.29 30.09 29.86 30.25 30.19 30.14 30.15 30.00 30.08 30.22 30.12 29.99 30.23 30.21 30.08 29.70 30.33 30.19 29.77 29.69 29.82 29.45 29.81 29.85 29.14 29.99 30.19 29.13 29.36 30.36 30.29 30.40 29.32 30.13 29.75 29.27 28.85 29.00 29.23 29.39 28.50 28.90 28.79 27.05 26.19 25.31 25.86 26.02 26.77 28.27 27.39 27.82 26.60 26.13 28.42 27.52 28.83 27.70 27.74 28.50 25.41 28.21 26.80 28.20 28.32 27.24 26.39 27.76 28.00 28.54
29.09 29.53 30.23 30.20 30.18 30.41 29.98 29.73 29.47 29.75 29.97 29.57 30.10 29.93 29.78 30.01 29.57 30.06 30.16 30.17 30.28 29.92 29.18 29.57 30.08 30.05 29.94 29.81 30.02 30.12 29.85 29.29 29.04 29.75 29.52 29.59 30.34 29.66 29.63 29.29 29.16 29.07 29.31 29.09 28.28 27.91 28.21 28.28 26.37 28.76 27.24 27.62 28.10 26.63 26.81 26.76 27.57 26.93 26.67 28.42 27.77 27.35 27.75 27.82 27.53 26.64 27.54 27.79 28.02 26.95 26.33 26.85 26.55 27.20 27.20 27.79 27.40
29.23 29.26 29.75 30.05 30.15 30.48 30.14 30.15 29.63 30.29 30.24 30.20 30.15 30.21 30.13 30.33 30.19 30.30 30.23 29.80 30.22 29.83 29.48 29.76 29.96 29.64 30.00 30.04 29.76 29.68 29.40 29.11 28.98 29.79 30.22 29.59 30.22 30.24 30.07 29.73 30.20 30.13 29.55 28.58 28.34 28.67 27.20 27.95 28.46 27.12 27.27 28.14 28.06 29.30 27.13 25.73 27.41 28.17 28.31 27.84 28.95 28.85 29.11 28.29 26.77 27.30 26.78 27.44 28.58 26.93 25.84 26.00 26.77 26.95 26.47 26.09 27.17
29.31 29.24 29.36 30.04 29.93 30.29 30.39 30.31 30.23 30.37 30.22 30.13 29.85 30.14 30.08 30.15 30.33 30.04 30.32 30.12 30.06 29.60 30.11 30.15 29.70 29.47 29.15 29.34 29.64 30.01 29.26 28.53 29.80 29.24 29.54 29.82 29.93 30.24 29.98 30.35 29.92 29.67 28.19 28.30 28.09 27.59 24.83 27.38 28.16 26.39 27.69 28.31 28.46 28.84 27.23 26.91 26.74 28.00 28.19 27.74 28.18 28.61 28.43 28.18 26.74 27.62 28.09 27.34 28.23 25.73 24.01 24.65 25.53 24.48 25.65 25.99 27.16
29.95 29.99 29.26 29.87 30.24 30.18 30.42 30.51 30.47 30.25 29.95 29.27 30.12 30.11 30.31 30.30 30.39 30.07 29.99 30.09 30.20 30.14 29.87 29.55 29.45 29.72 29.86 28.75 29.24 29.13 29.43 28.82 29.59 29.09 29.70 29.22 30.15 29.90 29.50 29.89 30.08 30.09 27.28 27.75 28.29 28.37 26.16 26.14 26.31 27.61 28.35 29.29 27.49 27.69 27.14 27.54 28.06 27.98 27.06 27.27 26.92 26.94 27.27 26.96 27.81 27.90 29.46 27.96 28.44 27.84 25.17 25.09 23.00 25.32 26.20 27.55 25.93
30.21 30.34 30.33 30.20 29.96 30.12 30.43 30.45 30.49 30.48 30.22 29.86 29.97 30.09 30.23 29.94 30.38 29.85 29.92 29.33 29.89 30.03 29.72 29.12 29.85 29.49 29.22 27.50 29.15 29.63 29.27 29.54 29.64 30.04 29.50 29.90 29.84 30.18 29.90 29.39 29.18 29.75 28.94 27.45 28.03 27.92 28.49 26.74 27.26 27.02 26.72 27.98 29.39 28.63 28.19 27.31 28.04 28.36 29.35 29.15 28.59 28.17 29.03 28.72 28.74 29.43 27.75 29.63 29.32 29.59 28.84 27.48 25.53 25.80 26.67 26.64 25.21
