main/data/irradiance/29.12.2023.grid
ncols 839
nrows 679
xllcenter 112.0500
yllcenter -43.9500
cellsize 0.0500
nodata_value 99999.90
[rows 34 to 67 of 679, columns 462 to 538 of 839]
27.01 24.77 24.77 24.74 24.74 24.74 24.74 24.74 24.74 24.74 26.02 24.62 24.62 24.62 24.62 24.62 24.35 24.35 24.35 24.35 24.35 24.35 24.35 23.89 23.89 23.89 23.89 23.89 23.89 23.89 23.89 23.89 23.89 23.80 20.28 25.32 25.32 25.32 21.88 21.88 21.88 21.88 21.88 21.88 21.88 99999.90 99999.90 99999.90 99999.90 99999.90 99999.90 99999.90 99999.90 99999.90 99999.90 99999.90 99999.90 99999.90 99999.90 99999.90 99999.90 99999.90 99999.90 99999.90 99999.90 99999.90 99999.90 99999.90 99999.90 99999.90 99999.90 99999.90 99999.90 99999.90 99999.90 99999.90 99999.90
27.01 24.77 24.77 24.77 24.74 24.74 24.74 24.74 24.74 24.74 26.02 24.62 24.62 24.62 24.62 24.62 24.62 24.35 24.35 24.35 24.35 24.35 24.35 23.89 23.89 23.89 23.89 23.89 23.89 23.89 23.89 23.89 23.80 23.80 25.32 25.32 25.32 25.32 21.88 21.88 21.88 21.88 21.88 21.88 21.88 20.98 99999.90 99999.90 99999.90 99999.90 99999.90 99999.90 99999.90 99999.90 99999.90 99999.90 99999.90 99999.90 99999.90 99999.90 99999.90 99999.90 99999.90 99999.90 99999.90 99999.90 99999.90 99999.90 99999.90 99999.90 99999.90 99999.90 99999.90 99999.90 99999.90 99999.90 99999.90
27.01 24.77 24.77 24.77 24.74 24.74 24.74 24.74 24.74 24.74 26.02 25.21 24.62 24.62 24.62 24.62 24.62 24.62 24.35 24.35 25.79 25.79 25.79 23.89 23.89 23.89 23.89 23.89 23.89 23.89 23.89 23.80 23.80 23.24 25.32 25.32 25.32 21.88 21.88 21.88 21.88 21.88 21.88 21.88 20.98 20.98 99999.90 99999.90 99999.90 99999.90 99999.90 99999.90 99999.90 99999.90 99999.90 99999.90 99999.90 99999.90 99999.90 99999.90 99999.90 99999.90 99999.90 99999.90 99999.90 99999.90 99999.90 99999.90 99999.90 99999.90 99999.90 99999.90 99999.90 99999.90 99999.90 99999.90 99999.90
27.01 24.77 24.77 24.77 24.77 24.74 24.74 24.74 24.74 24.74 26.02 25.21 25.21 24.62 24.62 24.62 24.62 24.62 24.62 25.79 25.79 25.79 25.79 23.89 23.89 23.89 23.89 23.89 23.89 23.89 23.80 23.80 23.24 25.32 25.32 25.32 25.32 21.88 21.88 21.88 21.88 21.88 21.88 20.98 20.98 20.98 99999.90 99999.90 99999.90 99999.90 99999.90 99999.90 99999.90 99999.90 99999.90 99999.90 99999.90 99999.90 99999.90 99999.90 99999.90 99999.90 99999.90 99999.90 99999.90 99999.90 99999.90 99999.90 99999.90 99999.90 99999.90 99999.90 99999.90 99999.90 99999.90 99999.90 99999.90
24.77 24.77 24.77 24.77 24.77 25.29 24.74 24.74 24.74 24.74 26.02 25.21 25.21 25.21 23.32 24.62 24.62 24.62 25.79 25.79 25.79 25.79 25.79 23.91 23.89 23.89 23.89 23.89 23.89 23.80 23.80 23.24 23.24 25.32 25.32 25.32 21.88 21.88 21.88 21.88 21.88 21.88 20.98 20.98 20.98 20.98 99999.90 99999.90 99999.90 99999.90 99999.90 99999.90 99999.90 99999.90 99999.90 99999.90 99999.90 99999.90 99999.90 99999.90 99999.90 99999.90 99999.90 99999.90 99999.90 99999.90 99999.90 99999.90 99999.90 99999.90 99999.90 99999.90 99999.90 99999.90 99999.90 99999.90 99999.90
24.77 24.77 24.77 24.77 24.77 25.29 24.74 24.74 24.74 24.74 26.02 25.21 25.21 23.32 23.32 23.32 24.62 25.79 25.79 25.79 25.79 25.79 25.79 23.02 23.91 23.89 23.89 23.89 23.80 23.80 23.24 23.24 25.32 25.32 25.32 25.32 21.88 21.88 21.88 21.88 21.88 20.98 20.98 20.98 20.98 20.98 99999.90 99999.90 99999.90 99999.90 99999.90 99999.90 99999.90 99999.90 99999.90 99999.90 99999.90 99999.90 99999.90 99999.90 99999.90 99999.90 99999.90 99999.90 99999.90 99999.90 99999.90 99999.90 99999.90 99999.90 99999.90 99999.90 99999.90 99999.90 99999.90 99999.90 99999.90
25.92 24.77 24.77 24.77 24.77 25.29 26.76 25.78 24.74 24.74 26.02 23.63 23.32 23.32 23.32 23.32 25.01 25.79 25.79 25.79 25.79 25.79 23.02 23.02 23.91 23.91 22.92 23.80 23.80 23.24 23.24 23.24 25.32 25.32 25.32 21.88 21.88 21.88 21.88 21.88 20.98 20.98 20.98 20.98 20.98 20.98 99999.90 99999.90 99999.90 99999.90 99999.90 99999.90 99999.90 99999.90 99999.90 99999.90 99999.90 99999.90 99999.90 99999.90 99999.90 99999.90 99999.90 99999.90 99999.90 99999.90 99999.90 99999.90 99999.90 99999.90 99999.90 99999.90 99999.90 99999.90 99999.90 99999.90 99999.90
25.92 25.92 24.77 24.77 24.77 25.29 26.76 25.78 24.40 22.37 22.37 19.68 23.32 23.32 23.32 25.01 25.01 25.01 25.79 25.79 25.79 25.79 23.02 23.02 24.79 22.52 20.65 20.66 23.24 23.24 23.24 25.32 25.32 25.32 25.32 21.88 21.88 21.88 21.88 20.98 20.98 20.98 20.98 20.98 20.98 20.98 99999.90 99999.90 99999.90 99999.90 99999.90 99999.90 99999.90 99999.90 99999.90 99999.90 99999.90 99999.90 99999.90 99999.90 99999.90 99999.90 99999.90 99999.90 99999.90 99999.90 99999.90 99999.90 99999.90 99999.90 99999.90 99999.90 99999.90 99999.90 99999.90 99999.90 99999.90
26.39 25.92 25.92 24.77 24.77 25.29 26.76 25.78 24.40 25.05 22.34 19.68 19.68 24.84 25.01 25.01 25.01 25.01 25.79 25.79 25.79 23.77 23.77 22.51 23.06 22.18 19.53 21.30 22.14 22.14 22.14 25.32 25.32 25.32 21.88 21.88 21.88 21.88 20.98 20.98 20.98 20.98 20.98 20.98 20.98 20.98 99999.90 99999.90 99999.90 99999.90 99999.90 99999.90 99999.90 99999.90 99999.90 99999.90 99999.90 99999.90 99999.90 99999.90 99999.90 99999.90 99999.90 99999.90 99999.90 99999.90 99999.90 99999.90 99999.90 99999.90 99999.90 99999.90 99999.90 99999.90 99999.90 99999.90 99999.90
26.60 26.39 25.92 25.92 24.37 24.32 25.60 24.49 24.44 23.60 22.34 22.34 24.84 24.84 25.01 25.01 25.01 25.01 24.10 24.10 20.55 20.55 20.55 20.38 21.68 21.97 21.48 20.17 20.46 20.46 25.64 25.32 25.32 25.32 21.88 21.88 21.88 20.98 20.98 20.98 20.98 20.98 20.98 20.98 20.98 20.98 99999.90 99999.90 99999.90 99999.90 99999.90 99999.90 99999.90 99999.90 99999.90 99999.90 99999.90 99999.90 99999.90 99999.90 99999.90 99999.90 99999.90 99999.90 99999.90 99999.90 99999.90 99999.90 99999.90 99999.90 99999.90 99999.90 99999.90 99999.90 99999.90 99999.90 99999.90
26.60 26.39 26.39 25.92 23.53 20.98 22.10 23.61 21.72 22.62 25.15 25.15 24.84 24.84 24.35 23.69 23.69 24.10 24.10 24.10 20.55 20.55 20.55 20.38 21.68 21.96 22.37 22.58 21.73 25.64 25.64 25.32 25.32 22.11 21.88 21.88 20.98 20.98 20.98 20.98 20.98 20.98 20.98 20.98 20.98 20.98 99999.90 99999.90 99999.90 99999.90 99999.90 99999.90 99999.90 99999.90 99999.90 99999.90 99999.90 99999.90 99999.90 99999.90 99999.90 99999.90 99999.90 99999.90 99999.90 99999.90 99999.90 99999.90 99999.90 99999.90 99999.90 99999.90 99999.90 99999.90 99999.90 99999.90 99999.90
26.60 26.60 25.75 25.36 23.15 21.58 21.54 22.62 23.92 23.49 25.51 25.95 24.78 22.97 23.03 22.93 24.75 24.10 24.10 24.10 20.55 20.55 20.55 24.61 23.62 23.62 22.11 22.44 23.11 25.11 24.66 24.66 22.88 19.78 19.82 20.98 20.98 20.98 20.98 20.98 20.98 20.98 20.98 20.98 20.98 20.98 99999.90 99999.90 99999.90 99999.90 99999.90 99999.90 99999.90 99999.90 99999.90 99999.90 99999.90 99999.90 99999.90 99999.90 99999.90 99999.90 99999.90 99999.90 99999.90 99999.90 99999.90 99999.90 99999.90 99999.90 99999.90 99999.90 99999.90 99999.90 99999.90 99999.90 99999.90
26.63 26.34 25.00 25.30 24.43 23.96 24.29 25.05 24.31 23.80 25.80 25.54 23.87 22.22 22.36 23.31 22.84 24.10 24.10 24.10 22.73 23.23 24.61 24.61 24.61 23.85 23.75 23.16 23.44 25.12 24.71 24.35 22.31 20.91 19.56 21.99 21.99 21.99 21.99 21.99 21.99 21.99 21.99 21.99 21.99 21.99 99999.90 99999.90 99999.90 99999.90 99999.90 99999.90 99999.90 99999.90 99999.90 99999.90 99999.90 99999.90 99999.90 99999.90 99999.90 99999.90 99999.90 99999.90 99999.90 99999.90 99999.90 99999.90 99999.90 99999.90 99999.90 99999.90 99999.90 99999.90 99999.90 99999.90 99999.90
25.99 25.90 25.48 25.23 24.35 25.37 25.44 25.36 24.60 24.39 25.34 24.86 23.50 22.87 23.09 22.33 22.87 22.87 22.87 23.78 22.73 23.63 23.23 23.27 23.27 23.30 23.04 23.59 23.86 24.16 24.83 24.16 22.11 21.69 20.79 21.99 21.99 21.99 21.99 21.99 21.99 21.99 21.99 21.99 21.99 21.99 99999.90 99999.90 99999.90 99999.90 99999.90 99999.90 99999.90 99999.90 99999.90 99999.90 99999.90 99999.90 99999.90 99999.90 99999.90 99999.90 99999.90 99999.90 99999.90 99999.90 99999.90 99999.90 99999.90 99999.90 99999.90 99999.90 99999.90 99999.90 99999.90 99999.90 99999.90
26.26 24.77 24.65 24.91 24.71 24.41 24.83 24.79 24.28 24.10 24.48 25.13 22.07 22.24 21.66 23.16 24.04 24.04 24.11 23.78 22.73 23.63 23.23 23.23 23.25 22.17 21.23 22.17 23.49 24.03 24.69 23.78 21.38 20.71 20.79 20.79 21.99 21.99 21.99 21.99 21.99 21.99 21.99 21.99 21.99 21.99 99999.90 99999.90 99999.90 99999.90 99999.90 99999.90 99999.90 99999.90 99999.90 99999.90 99999.90 99999.90 99999.90 99999.90 99999.90 99999.90 99999.90 99999.90 99999.90 99999.90 99999.90 99999.90 99999.90 99999.90 99999.90 99999.90 99999.90 99999.90 99999.90 99999.90 99999.90
25.31 24.56 24.27 23.66 24.72 24.83 25.69 26.08 25.79 25.18 25.50 25.17 23.66 22.69 23.21 23.89 24.62 24.17 24.11 23.78 22.73 23.63 23.86 21.72 22.51 22.04 21.94 21.75 22.62 24.07 24.26 22.61 21.38 20.71 20.71 20.79 20.79 21.99 21.99 21.99 21.99 21.99 21.99 21.99 21.99 21.99 99999.90 99999.90 99999.90 99999.90 99999.90 99999.90 99999.90 99999.90 99999.90 99999.90 99999.90 99999.90 99999.90 99999.90 99999.90 99999.90 99999.90 99999.90 99999.90 99999.90 99999.90 99999.90 99999.90 99999.90 99999.90 99999.90 99999.90 99999.90 99999.90 99999.90 99999.90
25.34 25.14 24.81 24.30 24.80 24.92 25.48 25.63 25.46 25.20 25.37 25.76 25.61 24.74 23.87 24.29 24.56 24.67 24.18 23.28 22.63 23.59 23.34 22.13 20.90 21.86 21.53 21.70 22.24 23.65 23.33 22.67 22.67 20.71 20.71 20.71 20.79 20.79 21.99 21.99 21.99 21.99 21.99 21.99 21.99 21.99 99999.90 99999.90 99999.90 99999.90 99999.90 99999.90 99999.90 99999.90 99999.90 99999.90 99999.90 99999.90 99999.90 99999.90 99999.90 99999.90 99999.90 99999.90 99999.90 99999.90 99999.90 99999.90 99999.90 99999.90 99999.90 99999.90 99999.90 99999.90 99999.90 99999.90 99999.90
23.91 23.73 24.45 24.24 24.36 25.28 25.18 25.71 26.29 25.30 25.38 25.29 25.32 24.24 24.81 25.10 25.46 25.26 23.97 23.01 22.89 22.64 23.64 23.12 22.16 22.14 22.38 22.14 23.04 22.07 21.92 22.67 22.67 22.67 20.71 20.71 20.71 20.79 20.79 21.99 21.99 21.99 21.99 21.99 21.99 21.99 99999.90 99999.90 99999.90 99999.90 99999.90 99999.90 99999.90 99999.90 99999.90 99999.90 99999.90 99999.90 99999.90 99999.90 99999.90 99999.90 99999.90 99999.90 99999.90 99999.90 99999.90 99999.90 99999.90 99999.90 99999.90 99999.90 99999.90 99999.90 99999.90 99999.90 99999.90
24.68 25.15 24.50 23.10 23.57 25.26 24.63 25.14 25.60 25.25 24.68 24.71 25.28 25.49 25.69 26.02 25.99 26.67 25.32 23.93 23.48 23.99 25.13 24.00 23.93 22.85 21.16 21.54 21.82 21.94 22.79 22.79 22.79 22.67 22.67 20.71 20.71 20.71 20.79 20.79 21.99 21.99 21.99 21.99 21.99 21.99 99999.90 99999.90 99999.90 99999.90 99999.90 99999.90 99999.90 99999.90 99999.90 99999.90 99999.90 99999.90 99999.90 99999.90 99999.90 99999.90 99999.90 99999.90 99999.90 99999.90 99999.90 99999.90 99999.90 99999.90 99999.90 99999.90 99999.90 99999.90 99999.90 99999.90 99999.90
25.28 24.77 25.36 24.85 24.67 25.06 25.10 25.09 25.86 24.92 25.46 25.48 25.66 25.88 26.05 26.67 26.45 26.78 26.27 25.21 24.83 24.41 24.63 24.13 23.46 23.60 23.54 23.92 23.21 22.38 23.19 23.19 23.19 23.19 23.19 22.67 20.71 20.71 20.71 20.79 20.79 21.99 21.99 21.99 21.99 21.99 99999.90 99999.90 99999.90 99999.90 99999.90 99999.90 99999.90 99999.90 99999.90 99999.90 99999.90 99999.90 99999.90 99999.90 99999.90 99999.90 99999.90 99999.90 99999.90 99999.90 99999.90 99999.90 99999.90 99999.90 99999.90 99999.90 99999.90 99999.90 99999.90 99999.90 99999.90
25.57 23.96 23.99 24.80 24.56 24.94 25.96 25.45 25.71 25.04 26.16 25.74 25.91 26.36 26.26 26.54 26.55 26.33 25.09 24.38 24.39 23.38 24.44 23.27 23.30 23.75 23.92 25.10 23.21 22.38 23.19 23.19 23.19 23.19 23.19 23.19 23.19 23.19 20.71 20.71 20.79 20.79 21.99 21.99 21.99 21.99 99999.90 99999.90 99999.90 99999.90 99999.90 99999.90 99999.90 99999.90 99999.90 99999.90 99999.90 99999.90 99999.90 99999.90 99999.90 99999.90 99999.90 99999.90 99999.90 99999.90 99999.90 99999.90 99999.90 99999.90 99999.90 99999.90 99999.90 99999.90 99999.90 99999.90 99999.90
25.91 24.21 24.42 23.82 24.89 23.92 25.97 25.88 26.08 25.60 25.05 25.72 25.76 25.76 26.13 26.05 26.39 26.38 25.80 25.08 25.22 24.92 23.50 24.24 24.75 23.49 24.86 25.10 25.10 22.38 23.19 23.19 23.19 23.19 23.19 23.19 23.19 23.19 23.19 20.71 20.71 20.79 20.79 21.99 21.99 21.99 99999.90 99999.90 99999.90 99999.90 99999.90 99999.90 99999.90 99999.90 99999.90 99999.90 99999.90 99999.90 99999.90 99999.90 99999.90 99999.90 99999.90 99999.90 99999.90 99999.90 99999.90 99999.90 99999.90 99999.90 99999.90 99999.90 99999.90 99999.90 99999.90 99999.90 99999.90
25.35 23.84 23.34 24.09 24.23 22.86 24.90 24.49 25.26 25.30 25.13 25.77 25.52 26.06 26.89 26.70 26.50 26.48 26.16 25.51 25.87 25.39 23.87 24.90 25.63 24.53 24.64 24.64 25.59 25.59 26.64 23.19 23.19 23.19 23.19 23.19 23.19 23.19 23.19 23.19 23.19 20.71 20.79 20.79 21.99 21.99 99999.90 99999.90 99999.90 99999.90 99999.90 99999.90 99999.90 99999.90 99999.90 99999.90 99999.90 99999.90 99999.90 99999.90 99999.90 99999.90 99999.90 99999.90 99999.90 99999.90 99999.90 99999.90 99999.90 99999.90 99999.90 99999.90 99999.90 99999.90 99999.90 99999.90 99999.90
25.31 23.81 23.30 23.57 23.29 23.77 24.80 24.31 22.92 24.53 24.91 25.17 25.36 25.54 27.11 27.05 26.34 26.32 26.29 25.48 25.21 26.11 25.54 25.36 25.80 25.00 25.24 25.59 25.59 26.64 26.64 26.64 26.64 23.19 23.19 23.19 23.19 23.19 23.19 23.19 23.19 20.71 20.71 20.79 20.79 99999.90 99999.90 99999.90 99999.90 99999.90 99999.90 99999.90 99999.90 99999.90 99999.90 99999.90 99999.90 99999.90 99999.90 99999.90 99999.90 99999.90 99999.90 99999.90 99999.90 99999.90 99999.90 99999.90 99999.90 99999.90 99999.90 99999.90 99999.90 99999.90 99999.90 99999.90 99999.90
24.59 23.94 23.62 23.38 24.31 25.83 25.33 24.73 25.29 24.91 23.92 24.17 24.44 24.64 25.51 25.47 25.48 26.46 26.64 26.75 25.91 26.04 25.74 26.14 25.91 25.71 25.47 25.48 26.64 26.64 26.64 26.64 26.64 26.64 26.64 26.64 23.19 23.19 23.19 23.19 23.19 20.71 20.71 20.71 99999.90 99999.90 99999.90 99999.90 99999.90 99999.90 99999.90 99999.90 99999.90 99999.90 99999.90 99999.90 99999.90 99999.90 99999.90 99999.90 99999.90 99999.90 99999.90 99999.90 99999.90 99999.90 99999.90 99999.90 99999.90 99999.90 99999.90 99999.90 99999.90 99999.90 99999.90 99999.90 99999.90
26.08 25.77 24.09 25.24 25.59 26.07 25.08 24.87 25.58 25.13 24.26 23.43 24.47 24.19 23.99 24.77 25.86 25.47 26.01 26.67 26.04 26.09 26.04 25.96 25.85 25.76 25.48 25.48 26.64 26.64 26.64 26.64 26.64 26.64 26.64 26.64 26.64 26.64 23.19 23.19 23.19 22.67 99999.90 99999.90 99999.90 99999.90 99999.90 99999.90 99999.90 99999.90 99999.90 99999.90 99999.90 99999.90 99999.90 99999.90 99999.90 99999.90 99999.90 99999.90 99999.90 99999.90 99999.90 99999.90 99999.90 99999.90 99999.90 99999.90 99999.90 99999.90 99999.90 99999.90 99999.90 99999.90 99999.90 99999.90 99999.90
25.50 25.56 25.21 25.20 25.67 25.41 24.88 24.44 24.92 24.71 23.66 22.77 24.10 24.23 23.87 24.11 24.73 24.55 25.24 25.51 25.26 24.23 25.35 25.12 25.85 25.28 25.84 26.17 26.17 26.17 26.64 26.64 26.64 26.64 26.64 26.64 26.64 26.64 26.64 23.19 23.19 22.67 99999.90 99999.90 99999.90 99999.90 99999.90 99999.90 99999.90 99999.90 99999.90 99999.90 99999.90 99999.90 99999.90 99999.90 99999.90 99999.90 99999.90 99999.90 99999.90 99999.90 99999.90 99999.90 99999.90 99999.90 99999.90 99999.90 99999.90 99999.90 99999.90 99999.90 99999.90 99999.90 99999.90 99999.90 99999.90
25.66 25.47 25.52 25.97 26.19 25.80 25.63 25.45 25.55 24.91 24.14 23.66 24.30 24.46 24.76 24.30 24.87 24.43 25.78 25.21 25.07 24.39 25.00 25.12 25.67 25.67 26.72 26.90 26.90 26.90 26.90 26.90 26.64 26.64 26.64 26.64 26.64 26.64 26.64 23.19 23.19 99999.90 99999.90 99999.90 99999.90 99999.90 99999.90 99999.90 99999.90 99999.90 99999.90 99999.90 99999.90 99999.90 99999.90 99999.90 99999.90 99999.90 99999.90 99999.90 99999.90 99999.90 99999.90 99999.90 99999.90 99999.90 99999.90 99999.90 99999.90 99999.90 99999.90 99999.90 99999.90 99999.90 99999.90 99999.90 99999.90
26.59 26.38 26.08 25.84 26.08 25.99 25.99 26.24 27.00 25.88 24.99 25.63 25.17 25.45 26.08 26.05 25.27 25.39 26.53 25.21 25.07 25.87 25.00 25.00 24.64 24.64 26.18 26.90 26.90 26.90 26.90 26.90 26.90 26.90 26.90 26.64 26.64 26.64 26.64 23.19 23.19 99999.90 99999.90 99999.90 99999.90 99999.90 99999.90 99999.90 99999.90 99999.90 99999.90 99999.90 99999.90 99999.90 99999.90 99999.90 99999.90 99999.90 99999.90 99999.90 99999.90 99999.90 99999.90 99999.90 99999.90 99999.90 99999.90 99999.90 99999.90 99999.90 99999.90 99999.90 99999.90 99999.90 99999.90 99999.90 99999.90
27.17 26.96 25.90 26.16 25.77 25.55 25.88 25.21 26.24 26.56 25.57 26.14 25.97 25.44 26.49 26.55 26.67 26.28 26.59 26.59 26.23 26.23 26.23 26.23 24.70 24.70 26.11 26.11 26.11 26.90 26.90 26.90 26.90 26.90 26.90 26.90 26.90 26.90 26.64 26.50 26.50 26.50 99999.90 99999.90 99999.90 99999.90 99999.90 99999.90 99999.90 99999.90 99999.90 99999.90 99999.90 99999.90 99999.90 99999.90 99999.90 99999.90 99999.90 99999.90 99999.90 99999.90 99999.90 99999.90 99999.90 99999.90 99999.90 99999.90 99999.90 99999.90 99999.90 99999.90 99999.90 99999.90 99999.90 99999.90 99999.90
27.26 26.82 26.05 26.11 26.08 25.51 26.18 26.10 26.40 26.18 26.20 27.00 26.83 26.34 26.47 26.81 27.23 26.28 26.59 26.59 26.23 26.23 26.23 26.23 24.70 24.70 26.11 26.11 26.11 26.11 26.11 26.90 26.90 26.90 26.90 26.90 26.90 26.90 26.50 26.50 26.50 26.50 99999.90 99999.90 99999.90 99999.90 99999.90 99999.90 99999.90 99999.90 99999.90 99999.90 99999.90 99999.90 99999.90 99999.90 99999.90 99999.90 99999.90 99999.90 99999.90 99999.90 99999.90 99999.90 99999.90 99999.90 99999.90 99999.90 99999.90 99999.90 99999.90 99999.90 99999.90 99999.90 99999.90 99999.90 99999.90
27.36 26.80 25.07 25.68 25.97 26.29 26.10 26.28 26.41 26.62 26.77 26.99 26.88 27.25 26.87 26.81 27.23 27.23 26.59 26.59 26.23 26.23 26.23 26.23 24.70 24.70 26.11 26.11 26.11 26.11 26.11 26.11 26.11 26.90 26.90 26.90 26.50 26.50 26.50 27.52 27.52 27.52 27.52 27.52 27.52 99999.90 99999.90 99999.90 99999.90 99999.90 99999.90 99999.90 99999.90 99999.90 99999.90 99999.90 99999.90 99999.90 99999.90 99999.90 99999.90 99999.90 99999.90 99999.90 99999.90 99999.90 99999.90 99999.90 99999.90 99999.90 99999.90 99999.90 99999.90 99999.90 99999.90 99999.90 99999.90
26.28 25.75 26.34 26.34 26.66 27.07 26.88 26.71 26.76 25.89 26.50 26.68 27.00 26.82 27.60 27.60 27.70 27.23 27.23 27.22 27.22 27.22 27.22 26.23 24.70 24.70 26.11 26.11 26.11 26.11 26.11 26.11 26.11 26.50 26.50 26.50 26.50 26.50 27.52 27.52 27.52 27.52 27.52 27.52 27.52 99999.90 99999.90 99999.90 99999.90 99999.90 99999.90 99999.90 99999.90 99999.90 99999.90 99999.90 99999.90 99999.90 99999.90 99999.90 99999.90 99999.90 99999.90 99999.90 99999.90 99999.90 99999.90 99999.90 99999.90 99999.90 99999.90 99999.90 99999.90 99999.90 99999.90 99999.90 99999.90
26.26 24.95 25.66 26.68 26.75 26.19 26.39 27.33 26.85 26.22 26.29 26.76 26.43 25.90 27.23 27.70 27.70 27.70 27.22 27.22 27.22 27.22 27.22 27.22 24.70 24.70 26.11 26.11 26.11 26.11 26.11 26.50 26.50 26.50 26.50 26.50 26.50 26.50 27.52 27.52 27.52 27.52 27.52 27.52 27.52 99999.90 99999.90 99999.90 99999.90 99999.90 99999.90 99999.90 99999.90 99999.90 99999.90 99999.90 99999.90 99999.90 99999.90 99999.90 99999.90 99999.90 99999.90 99999.90 99999.90 99999.90 99999.90 99999.90 99999.90 99999.90 99999.90 99999.90 99999.90 99999.90 99999.90 99999.90 99999.90
