main/data/irradiance/30.08.2023.grid
ncols 839
nrows 679
xllcenter 112.0500
yllcenter -43.9500
cellsize 0.0500
nodata_value 99999.90
[rows 340 to 373 of 679, columns 616 to 692 of 839]
19.51 19.56 19.36 19.26 19.44 19.63 19.66 19.72 19.64 19.56 19.38 19.38 19.61 19.66 19.68 19.63 19.59 19.61 19.66 19.67 19.64 19.66 19.68 19.45 19.34 19.42 19.60 19.53 19.50 19.42 19.46 19.49 19.43 19.15 19.20 19.49 19.28 19.44 19.53 19.23 19.68 19.57 19.50 19.35 19.33 19.34 19.57 19.53 19.57 19.42 19.56 19.56 19.57 19.25 18.97 18.88 19.42 19.52 19.50 19.26 19.03 19.11 19.15 19.34 19.01 19.39 19.22 19.18 19.13 18.48 19.06 18.53 18.15 19.17 19.15 18.90 19.45
19.64 19.67 19.50 19.33 19.27 19.35 19.46 19.62 19.64 19.68 19.53 19.37 19.60 19.62 19.62 19.59 19.51 19.66 19.64 19.63 19.62 19.58 19.58 19.59 19.59 19.61 19.32 19.55 19.37 19.27 19.34 19.47 19.37 18.89 18.93 19.32 18.96 19.13 19.47 19.40 19.58 19.60 19.55 19.52 19.33 19.42 19.48 19.46 19.46 19.30 19.56 19.56 19.53 19.31 18.73 19.23 19.19 19.32 19.19 19.14 19.43 19.39 18.92 19.10 18.97 19.41 19.33 19.06 19.14 18.93 19.04 18.57 19.02 18.20 19.11 19.33 18.45
19.58 19.57 19.57 19.42 19.28 19.13 19.45 19.61 19.65 19.66 19.66 19.54 19.47 19.58 19.56 19.64 19.51 19.62 19.64 19.60 19.59 19.57 19.57 19.60 19.36 19.35 19.35 18.81 18.92 19.35 19.30 19.49 19.14 18.76 19.09 19.24 19.22 18.70 19.11 18.89 19.48 19.54 19.47 19.38 19.15 19.09 19.45 19.29 19.54 19.56 19.54 19.48 19.32 19.33 18.83 19.29 19.51 18.99 19.51 19.50 19.46 19.23 19.03 18.57 19.15 19.41 19.28 19.24 19.04 19.33 18.89 19.12 18.93 18.77 19.11 19.23 18.99
19.54 19.55 19.56 19.40 19.34 19.23 19.32 19.52 19.57 19.61 19.64 19.59 19.43 19.54 19.48 19.49 19.51 19.51 19.64 19.56 19.53 19.59 19.58 19.57 19.64 19.41 19.16 19.05 19.13 19.19 19.22 19.41 19.28 18.63 19.12 18.95 19.31 18.84 18.49 19.32 19.29 19.43 19.21 19.31 19.23 19.06 19.10 18.71 19.45 19.48 19.42 19.48 19.14 19.29 19.33 19.41 19.32 19.33 19.20 19.34 19.42 18.93 18.98 18.98 19.17 19.38 19.17 19.25 19.15 19.31 19.15 19.18 18.23 18.33 18.95 18.30 18.88
19.54 19.50 19.61 19.57 19.34 19.36 19.58 19.48 19.60 19.54 19.56 19.58 19.47 19.52 19.63 19.55 19.38 19.43 19.62 19.57 19.52 19.53 19.58 19.59 19.63 19.20 19.48 18.91 18.78 18.76 19.05 19.33 19.08 18.41 18.87 18.55 19.07 18.61 18.73 19.19 18.82 19.10 19.28 19.30 18.88 18.46 18.71 18.77 19.45 19.40 19.40 19.43 19.40 19.34 19.46 19.33 19.28 19.32 19.31 19.18 19.45 18.92 18.89 19.17 19.05 18.96 19.15 19.07 19.03 19.06 19.16 19.42 19.19 18.91 18.79 19.30 19.02
19.48 19.46 19.40 19.32 19.36 19.37 19.62 19.64 19.60 19.59 19.50 19.47 19.43 19.47 19.53 19.54 19.51 19.41 19.55 19.59 19.50 19.48 19.57 19.53 19.49 19.19 19.25 19.14 18.90 18.94 18.58 18.73 19.25 19.39 18.86 18.29 18.50 18.24 18.56 19.12 18.92 19.05 18.73 19.29 18.87 18.55 18.01 18.81 19.38 19.38 19.37 19.41 19.39 19.16 19.36 18.86 19.29 19.20 19.23 19.27 19.29 18.92 18.71 18.79 19.04 19.37 19.03 18.90 19.13 19.23 19.27 19.31 19.36 19.04 18.27 19.09 18.85
19.37 19.34 19.44 19.27 19.45 19.58 19.54 19.59 19.59 19.58 19.47 19.48 19.44 19.39 19.48 19.42 19.41 19.30 19.45 19.56 19.55 19.48 19.58 19.47 19.48 19.27 19.06 19.08 18.98 18.97 19.07 19.12 19.42 19.35 19.14 18.45 18.32 18.09 18.40 18.84 19.20 19.08 19.23 19.29 19.28 19.03 18.38 18.53 19.28 19.35 19.31 19.36 19.31 19.16 18.84 18.73 19.29 19.22 19.15 19.12 18.98 18.81 18.60 18.82 19.01 19.14 19.26 19.17 19.06 18.87 19.08 18.68 19.13 18.73 19.01 18.84 18.98
19.29 19.20 19.07 19.03 19.23 19.56 19.56 19.56 19.47 19.54 19.50 19.49 19.38 19.43 19.48 19.23 19.33 19.26 19.17 19.49 19.46 19.43 19.51 19.33 19.32 19.33 18.61 18.83 18.86 18.59 18.73 18.89 19.43 19.58 18.60 19.15 18.34 18.18 18.75 18.68 18.65 19.07 19.35 19.35 19.30 18.60 18.35 18.37 18.79 18.95 19.30 19.22 19.18 18.87 18.12 18.33 19.28 18.92 18.79 19.06 19.17 19.12 18.72 18.83 18.71 19.05 19.09 18.36 18.72 18.96 19.15 19.02 19.15 18.94 18.56 18.47 18.77
19.08 19.17 18.85 18.93 19.31 19.48 19.43 19.45 19.44 19.54 19.49 19.46 19.39 19.45 19.50 19.27 19.06 19.04 19.24 19.28 19.14 19.39 19.39 19.47 19.36 19.08 18.50 18.90 18.79 18.55 18.40 18.59 19.40 19.40 19.21 19.03 18.81 18.21 18.68 18.87 18.99 19.28 19.36 19.35 18.93 18.10 18.78 18.84 18.90 19.20 19.31 19.20 19.33 19.12 17.89 18.49 19.20 19.07 19.15 19.10 19.16 19.28 18.97 18.48 18.93 18.76 18.86 19.04 18.68 18.58 18.86 19.05 18.92 18.68 18.77 18.15 18.71
19.19 19.14 19.08 19.17 19.26 19.56 19.44 19.38 19.48 19.51 19.48 19.43 19.43 19.49 19.49 19.38 19.25 19.27 19.26 19.28 19.14 19.23 19.21 19.30 19.35 19.05 18.11 18.86 19.01 18.29 18.22 18.99 19.15 18.94 18.53 18.91 19.02 18.65 18.29 18.58 19.19 19.11 19.42 19.22 18.74 18.46 18.89 18.74 19.20 19.32 19.30 19.29 18.95 18.47 18.15 18.84 19.12 18.82 18.80 18.91 19.10 19.07 19.00 19.05 18.92 18.96 18.70 18.70 18.91 18.76 18.13 18.48 18.14 18.38 18.16 17.88 18.71
19.22 19.09 19.08 19.17 19.45 19.36 19.34 19.36 19.48 19.46 19.49 19.45 19.41 19.46 19.50 19.45 19.22 19.36 19.06 19.10 19.18 19.44 19.14 19.08 18.90 18.93 18.39 19.08 19.21 18.66 18.69 18.93 18.93 18.95 18.92 18.89 18.68 18.10 18.18 18.55 19.27 19.14 19.36 19.29 18.72 18.96 19.13 19.22 19.27 19.25 19.25 18.90 18.06 17.68 17.91 18.15 18.87 18.59 18.71 18.87 18.93 18.90 19.12 19.03 18.86 18.81 18.55 18.36 18.62 17.87 18.43 18.37 19.04 18.81 18.83 18.70 18.36
19.15 19.07 19.11 19.37 19.43 19.26 19.31 19.28 19.50 19.38 19.46 19.38 19.44 19.44 19.45 19.48 19.25 19.19 18.92 18.93 19.05 19.43 19.24 19.10 18.91 18.99 19.07 19.21 18.84 18.37 18.71 18.99 18.56 18.68 18.65 19.01 18.14 17.76 18.49 18.77 18.88 19.22 19.30 19.27 19.01 19.02 18.71 18.84 19.10 19.22 19.05 18.72 17.89 17.81 17.11 18.11 17.38 17.93 18.42 18.87 18.61 18.75 18.91 19.07 19.03 18.63 18.46 18.24 17.21 18.18 18.60 18.92 18.81 18.39 18.73 17.86 18.49
19.20 19.09 19.15 19.33 19.42 19.31 19.22 19.20 19.35 19.44 19.34 19.20 19.43 19.40 19.42 19.46 19.18 19.09 18.89 18.80 18.86 19.21 19.09 19.13 18.87 18.94 19.13 18.98 18.48 18.47 18.50 18.90 18.68 18.99 18.88 19.18 18.02 17.80 18.27 18.43 18.48 18.87 18.97 18.81 18.70 18.24 18.57 18.75 18.73 19.13 18.90 18.50 17.97 18.16 17.36 17.75 18.38 18.56 18.45 18.43 18.81 18.46 18.99 19.13 18.67 18.63 18.28 17.69 17.16 18.22 18.33 19.09 18.31 18.35 18.54 18.43 18.16
19.31 19.28 19.44 19.42 19.40 19.35 19.27 19.19 19.21 19.36 19.40 18.95 19.09 19.35 19.47 19.39 19.51 18.96 18.78 18.68 18.80 18.94 19.01 19.07 19.10 18.55 18.86 18.74 18.57 18.61 18.73 19.08 18.81 19.29 19.18 19.17 18.12 17.93 18.02 18.38 18.68 18.43 18.61 18.95 19.03 18.00 18.09 18.49 18.74 18.84 18.89 18.39 17.95 17.99 17.80 17.83 17.41 17.89 18.21 18.58 18.61 18.78 19.11 18.77 18.55 18.96 18.34 17.96 18.19 18.73 18.39 18.87 18.72 18.51 17.81 18.09 18.14
19.31 19.42 19.43 19.42 19.41 19.20 19.36 19.29 19.21 19.28 19.41 18.90 18.97 19.09 19.21 19.36 19.52 19.29 18.61 18.52 18.56 18.62 18.60 18.78 19.24 18.20 18.45 19.07 18.37 18.37 18.13 19.07 19.02 19.34 19.17 18.93 18.03 17.77 18.41 18.50 18.85 18.61 18.71 19.11 19.09 18.74 18.26 18.90 18.22 18.36 18.95 18.40 17.99 17.99 18.16 17.99 17.20 17.78 18.56 18.45 18.47 18.99 18.95 18.62 18.81 18.48 18.48 18.90 18.56 17.57 18.59 18.90 18.71 17.85 17.69 18.15 18.49
19.16 19.26 19.38 19.38 19.34 18.83 19.18 19.35 19.33 19.29 19.40 18.83 18.93 19.11 18.99 19.26 19.48 19.09 18.77 18.67 18.72 18.06 18.78 18.76 19.23 18.48 18.40 18.51 18.28 18.01 18.42 18.90 18.65 19.35 19.38 19.03 18.70 18.56 18.98 18.92 18.86 18.93 19.05 18.88 17.80 18.56 18.31 18.64 18.51 18.82 19.12 18.63 18.38 18.71 17.98 17.71 17.69 17.47 17.75 17.85 18.46 18.79 18.72 18.96 18.69 18.29 18.51 18.37 17.59 17.83 18.01 18.51 18.05 17.10 17.75 18.26 18.80
19.51 19.38 19.09 19.22 19.34 19.31 19.31 19.33 19.37 19.48 19.46 19.29 18.98 18.80 19.11 18.95 19.06 19.02 19.11 18.33 18.52 18.40 18.84 18.72 18.78 18.41 18.76 18.77 18.92 18.30 18.64 18.74 18.94 19.06 19.01 18.96 18.76 18.83 19.06 18.65 18.66 18.81 19.07 18.58 17.79 17.80 18.26 17.95 18.04 19.14 18.88 18.78 18.71 18.61 18.01 17.62 16.58 16.98 17.15 17.60 17.93 18.55 18.59 18.74 18.65 18.77 18.31 17.71 17.99 18.37 18.47 18.41 17.96 17.66 17.67 18.43 18.06
19.32 19.19 19.11 19.21 19.27 19.33 19.30 19.29 19.36 19.31 19.35 19.29 19.14 18.97 19.25 19.03 19.25 19.27 18.93 18.19 17.85 18.01 18.47 18.56 18.45 18.31 18.72 18.53 18.23 18.12 17.88 18.32 18.68 18.89 18.58 18.10 18.52 18.67 18.68 18.70 18.82 18.74 18.53 18.68 18.45 18.17 18.16 17.71 17.71 18.83 18.89 18.92 18.72 18.56 17.80 17.05 17.09 17.00 16.43 17.29 18.00 18.68 18.28 18.65 18.40 18.65 18.65 18.65 18.62 18.45 18.69 17.88 17.28 18.05 18.15 18.57 17.80
19.21 19.18 19.14 19.12 19.20 19.24 19.15 19.22 19.31 19.29 19.38 19.25 18.93 19.01 19.20 19.27 19.46 18.57 18.47 18.16 17.53 17.92 18.13 18.12 18.43 18.73 18.91 18.36 17.90 17.76 18.22 18.22 18.00 17.72 18.04 17.99 17.92 18.31 18.22 18.51 18.54 18.22 17.85 18.35 18.41 18.30 17.66 17.41 17.58 18.27 19.08 18.95 18.93 18.45 17.56 16.83 16.91 16.85 16.95 16.88 18.23 18.70 18.44 18.45 18.54 18.25 18.32 18.49 17.78 18.15 17.79 17.65 18.06 18.29 18.44 18.49 17.53
19.20 19.17 19.04 19.07 19.13 19.23 19.21 19.28 19.23 19.17 19.30 19.08 19.00 19.16 19.15 19.10 19.22 18.68 18.78 18.03 17.74 17.53 18.03 17.75 18.41 18.44 18.62 18.50 18.58 18.32 18.31 18.79 18.17 18.43 18.68 18.14 17.48 17.29 17.52 18.22 18.51 18.37 18.02 18.37 18.68 18.18 17.36 17.96 18.94 19.18 19.00 18.75 18.81 18.47 18.19 18.05 17.84 17.53 17.64 17.18 18.00 18.38 17.92 18.02 18.33 18.12 18.20 17.93 17.49 18.18 17.82 18.53 18.62 18.92 18.33 18.22 18.34
19.20 18.92 18.92 19.05 19.25 19.28 19.11 19.28 19.19 19.14 19.02 18.97 18.94 19.04 19.03 18.99 19.07 19.08 18.82 18.05 18.11 17.79 18.74 18.58 18.28 18.08 18.00 18.06 18.19 18.02 18.32 18.31 18.45 18.42 18.28 17.51 17.25 17.76 17.78 17.71 18.75 18.56 17.84 18.74 18.44 18.43 17.93 18.30 18.75 19.01 18.75 18.76 18.80 18.30 18.24 18.25 17.90 17.78 17.69 17.21 18.05 18.05 17.75 17.79 18.46 18.01 18.05 18.00 18.36 17.97 18.29 18.46 18.63 18.38 17.59 18.36 18.23
19.11 18.76 18.69 19.10 18.93 19.15 19.16 19.21 19.14 18.94 18.55 19.13 19.01 19.11 19.13 19.11 18.87 18.87 18.99 18.44 18.13 18.42 18.20 18.85 18.69 17.90 17.53 18.13 18.15 17.83 17.76 18.45 18.24 18.46 18.08 17.00 16.99 17.55 17.29 17.90 18.39 18.46 18.26 18.72 18.76 17.99 17.31 17.40 18.11 18.47 18.86 18.88 18.68 18.80 17.83 17.75 17.38 17.29 16.89 17.70 17.78 17.29 17.76 17.68 17.54 17.40 18.25 18.04 18.25 18.70 18.89 18.56 17.79 17.64 18.12 17.51 17.26
19.05 18.97 19.06 19.19 19.08 18.63 18.98 19.16 19.06 18.87 18.43 18.90 19.03 19.01 19.03 19.03 19.06 19.05 18.78 18.43 18.21 17.77 18.24 18.64 18.60 18.58 18.19 17.82 18.06 17.89 18.33 18.32 18.12 18.05 18.03 17.78 17.37 17.02 16.12 16.43 17.60 18.81 18.56 18.67 18.65 17.85 17.29 17.10 17.66 18.13 18.10 18.78 18.68 18.45 18.48 17.82 17.12 17.50 17.93 18.26 18.30 17.67 17.48 17.30 17.50 17.99 17.78 17.50 18.35 18.63 18.47 17.86 17.45 16.61 17.59 17.54 17.67
19.13 18.78 18.85 19.11 19.03 18.63 19.04 18.88 18.81 19.02 18.65 18.65 18.95 19.03 19.09 19.02 19.07 19.10 18.25 17.91 17.74 17.90 17.84 17.82 17.63 17.54 18.08 17.81 17.54 17.10 18.21 18.11 17.99 17.99 17.59 17.95 16.52 16.55 15.54 16.98 18.12 18.05 18.13 18.43 18.27 17.14 17.14 16.96 16.82 18.00 17.28 17.89 18.39 18.57 18.40 17.36 17.46 17.65 17.71 17.78 18.23 18.45 18.45 17.91 17.90 18.01 17.71 18.01 18.05 18.33 18.33 18.03 17.40 16.90 17.51 17.88 17.52
19.11 18.68 18.50 18.71 18.80 18.30 18.51 18.98 18.89 18.90 19.00 19.09 19.25 19.22 19.17 19.03 18.89 18.98 18.36 18.29 18.20 18.62 18.62 17.74 18.39 18.14 18.28 17.88 17.58 17.28 17.81 17.99 17.50 17.66 17.63 18.19 17.35 17.47 17.39 17.74 17.92 18.09 18.13 17.85 17.44 17.07 17.66 17.48 17.78 17.34 17.16 18.01 18.08 18.13 18.65 18.48 18.15 17.14 17.64 18.13 17.75 18.19 18.43 17.95 17.78 17.65 17.40 17.42 18.20 18.51 18.63 17.68 17.85 16.92 17.45 17.26 16.92
18.55 18.78 18.54 18.85 18.68 18.30 18.53 18.95 18.90 18.55 18.48 19.14 19.01 19.03 19.10 19.21 18.88 18.79 18.57 18.63 18.35 18.41 18.88 18.39 18.54 18.25 17.56 17.78 16.68 16.93 17.45 17.61 16.93 17.48 17.81 17.22 17.47 17.08 18.33 17.93 17.64 17.95 17.80 17.47 17.42 17.63 17.45 17.96 16.96 17.34 17.47 17.50 17.73 18.43 17.93 17.49 17.26 16.44 17.56 17.33 18.29 18.46 18.56 17.50 17.47 17.55 17.67 17.38 18.16 18.32 18.56 17.79 17.94 17.09 17.00 17.12 17.74
18.67 18.83 18.86 18.97 18.64 18.52 18.66 18.94 18.81 18.77 18.54 18.93 19.09 18.87 18.96 19.20 18.80 18.60 18.62 18.27 18.12 18.19 18.49 18.95 19.09 17.97 17.99 17.94 17.00 17.26 17.43 17.33 16.63 17.93 17.97 16.98 16.58 16.93 17.80 18.15 17.40 18.11 17.31 17.49 16.94 16.85 15.93 17.02 17.14 17.45 17.09 17.92 18.22 17.84 18.22 17.48 16.67 16.36 16.86 18.07 17.33 17.63 18.38 17.86 17.47 17.91 17.96 18.05 18.10 17.63 17.99 18.11 17.27 17.49 16.93 17.24 17.88
18.36 18.89 18.82 18.81 18.75 18.50 18.35 18.75 18.97 18.87 18.63 18.85 19.01 18.92 18.82 18.97 18.70 18.62 18.80 18.42 18.15 18.13 18.78 18.67 18.90 18.52 17.81 17.05 16.53 15.86 16.61 17.74 17.73 17.48 17.61 16.29 16.58 16.65 17.20 17.66 16.81 17.64 17.80 18.06 17.00 17.61 16.60 17.25 18.24 17.91 17.91 17.99 17.79 17.56 17.59 16.69 15.98 16.16 16.77 17.28 17.35 17.03 17.29 17.38 17.37 17.67 17.57 17.76 17.54 17.39 18.12 18.08 17.58 17.47 17.38 17.73 17.93
18.60 18.89 18.36 18.63 18.82 18.85 18.25 18.44 18.71 18.79 18.65 18.94 18.82 18.67 18.09 18.07 18.65 18.82 18.44 18.16 17.86 18.21 18.41 18.70 18.61 18.20 17.65 17.64 17.07 16.74 17.72 17.90 17.37 17.57 17.11 16.11 16.46 16.43 16.76 17.06 16.23 16.24 17.53 17.85 17.57 16.29 16.20 17.24 17.99 17.60 17.37 17.59 17.50 17.84 17.75 16.89 16.93 16.92 17.19 17.91 17.34 17.38 17.27 17.47 17.26 16.92 16.68 16.98 17.24 16.84 17.44 17.27 17.50 17.34 17.80 18.05 17.99
18.53 18.56 18.49 18.54 18.86 18.65 18.63 18.54 18.38 18.89 18.96 18.81 18.57 18.60 18.26 18.12 18.64 18.36 17.80 18.37 17.99 17.85 18.03 18.64 18.29 18.03 17.33 17.75 17.76 17.73 17.81 18.06 17.91 17.34 16.35 16.01 16.60 17.42 17.05 15.64 15.68 16.11 16.87 16.76 17.02 17.51 17.39 16.88 17.25 16.93 16.54 17.76 17.67 17.92 18.27 17.14 16.85 17.95 18.07 17.63 16.88 17.24 17.25 17.08 16.65 16.21 16.60 17.50 18.31 16.90 17.33 17.14 16.64 17.53 18.27 17.73 17.64
18.52 18.72 18.43 18.44 18.55 18.73 18.59 18.39 18.44 18.87 18.86 18.45 18.45 18.14 18.07 18.33 18.24 18.76 18.68 18.62 17.72 17.53 17.77 17.96 17.85 18.21 17.98 17.73 17.70 17.43 16.97 17.73 17.62 17.61 16.36 15.98 16.71 16.80 16.68 16.52 15.86 17.25 17.16 17.00 16.03 15.60 15.97 15.94 16.82 16.86 17.90 17.99 17.89 17.93 17.79 16.88 17.09 17.73 17.86 16.90 17.16 17.21 16.66 17.32 16.56 17.00 17.82 18.11 17.92 17.36 17.54 17.25 17.48 18.51 18.19 17.94 17.83
18.47 18.61 18.12 17.79 18.22 18.60 18.47 18.42 18.38 18.30 18.33 18.49 18.03 17.70 18.25 18.23 18.04 18.36 18.68 18.60 18.54 17.82 17.76 18.50 18.08 17.92 17.77 17.97 17.80 17.14 16.53 17.04 17.27 17.70 16.89 16.53 16.65 17.28 16.87 16.79 17.52 18.34 17.40 16.33 16.57 16.16 14.88 15.12 15.65 16.37 17.38 17.18 17.27 17.16 16.97 16.59 17.26 15.99 16.46 17.24 17.20 16.17 16.54 17.28 17.17 18.06 18.01 17.68 17.66 17.34 17.21 16.95 16.79 18.30 18.28 17.73 17.87
18.57 18.22 18.06 17.94 17.64 17.98 18.10 18.27 18.16 18.06 18.48 18.52 18.03 17.88 17.96 17.97 17.43 18.21 18.77 17.83 18.52 17.85 17.67 18.31 18.24 17.05 16.84 17.44 17.69 17.05 16.12 16.04 17.41 17.23 17.57 16.27 15.76 16.88 17.39 17.21 17.64 17.86 17.11 15.73 16.41 17.14 15.87 15.38 15.89 16.34 16.54 16.99 16.37 16.86 17.65 17.12 16.78 15.67 15.96 16.03 16.75 16.65 16.62 16.48 17.47 17.35 17.06 17.26 17.02 17.35 17.24 17.51 17.60 17.91 18.07 17.77 16.57
18.34 18.43 18.40 17.97 17.54 17.63 18.23 17.94 18.05 18.16 18.27 18.52 18.47 18.23 18.30 18.04 17.28 18.37 18.42 18.07 18.42 17.78 17.50 17.73 18.04 17.14 17.12 15.77 15.95 16.86 16.48 15.39 15.98 16.38 16.94 16.00 15.59 16.39 16.89 17.10 16.39 16.47 16.77 16.03 15.09 15.88 16.81 15.93 15.63 15.85 15.69 16.43 16.60 17.25 17.02 16.66 16.03 15.84 16.06 16.33 17.05 17.02 17.18 17.67 17.83 17.13 16.35 16.68 16.37 16.54 16.89 17.29 17.19 17.20 18.12 18.10 17.51
