main/data/irradiance/30.06.2023.grid
ncols 839
nrows 679
xllcenter 112.0500
yllcenter -43.9500
cellsize 0.0500
nodata_value 99999.90
[rows 70 to 104 of 679, columns 616 to 692 of 839]
16.53 16.41 17.30 17.12 16.35 15.63 14.78 14.93 14.83 12.82 11.74 12.52 15.32 15.13 14.62 14.62 14.62 14.62 14.62 14.62 14.62 14.62 14.62 14.62 14.62 18.86 19.07 99999.90 99999.90 99999.90 99999.90 99999.90 99999.90 99999.90 99999.90 99999.90 99999.90 99999.90 99999.90 99999.90 99999.90 99999.90 99999.90 99999.90 99999.90 99999.90 99999.90 99999.90 99999.90 99999.90 99999.90 99999.90 99999.90 99999.90 99999.90 99999.90 99999.90 99999.90 99999.90 99999.90 99999.90 99999.90 99999.90 99999.90 99999.90 99999.90 99999.90 99999.90 99999.90 99999.90 99999.90 99999.90 99999.90 99999.90 99999.90 99999.90 99999.90
16.75 17.04 16.17 16.33 16.82 16.74 15.99 16.19 14.03 11.32 11.09 13.18 15.61 17.41 14.62 14.62 14.62 14.62 14.62 14.62 14.62 14.62 14.62 14.62 14.62 19.07 19.07 99999.90 99999.90 99999.90 99999.90 99999.90 99999.90 99999.90 99999.90 99999.90 99999.90 99999.90 99999.90 99999.90 99999.90 99999.90 99999.90 99999.90 99999.90 99999.90 99999.90 99999.90 99999.90 99999.90 99999.90 99999.90 99999.90 99999.90 99999.90 99999.90 99999.90 99999.90 99999.90 99999.90 99999.90 99999.90 99999.90 99999.90 99999.90 99999.90 99999.90 99999.90 99999.90 99999.90 99999.90 99999.90 99999.90 99999.90 99999.90 99999.90 99999.90
18.47 16.76 16.21 16.97 17.30 16.89 16.25 16.77 15.58 12.83 12.28 12.70 14.20 16.79 16.79 16.79 14.62 14.62 14.62 14.62 14.62 14.62 14.62 14.62 14.62 19.07 19.07 99999.90 99999.90 99999.90 99999.90 99999.90 99999.90 99999.90 99999.90 99999.90 99999.90 99999.90 99999.90 99999.90 99999.90 99999.90 99999.90 99999.90 99999.90 99999.90 99999.90 99999.90 99999.90 99999.90 99999.90 99999.90 99999.90 99999.90 99999.90 99999.90 99999.90 99999.90 99999.90 99999.90 99999.90 99999.90 99999.90 99999.90 99999.90 99999.90 99999.90 99999.90 99999.90 99999.90 99999.90 99999.90 99999.90 99999.90 99999.90 99999.90 99999.90
18.35 18.21 17.23 17.32 17.21 16.99 16.14 16.09 16.46 14.36 11.66 11.70 14.58 16.77 16.77 16.77 16.77 16.77 14.62 14.62 14.62 14.62 14.62 14.62 14.62 19.07 19.07 19.04 19.04 19.04 19.04 19.04 19.04 19.04 19.04 19.04 19.04 19.04 19.04 19.04 19.04 19.04 19.04 19.04 99999.90 99999.90 99999.90 99999.90 99999.90 99999.90 99999.90 99999.90 99999.90 99999.90 99999.90 99999.90 99999.90 99999.90 99999.90 99999.90 99999.90 99999.90 99999.90 99999.90 99999.90 99999.90 99999.90 99999.90 99999.90 99999.90 99999.90 99999.90 99999.90 99999.90 99999.90 99999.90 99999.90
17.63 17.81 17.77 16.75 17.35 16.71 16.64 16.32 15.94 14.53 11.23 11.67 15.27 16.96 16.96 16.96 16.96 16.96 16.96 18.82 18.82 18.82 19.07 19.07 19.07 19.07 19.04 19.04 19.04 19.04 19.04 19.04 19.04 19.04 19.04 19.04 19.04 19.04 19.04 19.04 19.04 19.04 19.04 19.04 99999.90 99999.90 99999.90 99999.90 99999.90 99999.90 99999.90 99999.90 99999.90 99999.90 99999.90 99999.90 99999.90 99999.90 99999.90 99999.90 99999.90 99999.90 99999.90 99999.90 99999.90 99999.90 99999.90 99999.90 99999.90 99999.90 99999.90 99999.90 99999.90 99999.90 99999.90 99999.90 99999.90
18.07 18.25 18.30 18.45 18.14 16.83 16.94 16.13 13.87 11.55 11.37 12.01 16.10 18.28 18.28 18.28 18.82 18.82 18.82 18.82 18.82 19.07 19.07 19.07 19.07 19.56 19.56 19.04 19.04 19.04 19.04 19.04 19.04 19.04 19.04 19.04 19.04 19.04 19.04 19.04 19.04 19.04 19.04 19.04 18.23 99999.90 99999.90 99999.90 99999.90 99999.90 99999.90 99999.90 99999.90 99999.90 99999.90 99999.90 99999.90 99999.90 99999.90 99999.90 99999.90 99999.90 99999.90 99999.90 99999.90 99999.90 99999.90 99999.90 99999.90 99999.90 99999.90 99999.90 99999.90 99999.90 99999.90 99999.90 99999.90
18.22 18.09 18.48 18.35 17.73 17.40 17.67 15.65 14.48 12.10 11.91 14.33 16.43 17.87 17.87 18.82 18.82 18.82 18.82 18.86 19.07 19.07 19.07 19.07 19.07 19.56 19.56 19.56 19.04 19.04 19.04 19.04 19.04 19.04 19.04 19.04 19.04 19.04 19.04 19.04 19.04 19.04 19.04 19.04 18.23 99999.90 99999.90 99999.90 99999.90 99999.90 99999.90 99999.90 99999.90 99999.90 99999.90 99999.90 99999.90 99999.90 99999.90 99999.90 99999.90 99999.90 99999.90 99999.90 99999.90 99999.90 99999.90 99999.90 99999.90 99999.90 99999.90 99999.90 99999.90 99999.90 99999.90 99999.90 99999.90
18.26 18.34 18.15 17.83 17.98 17.24 16.35 15.77 14.49 12.30 13.30 17.02 17.23 17.96 18.82 18.82 18.82 18.86 18.86 19.07 19.07 19.07 19.07 19.07 19.07 19.56 19.56 19.56 19.04 19.04 19.04 19.04 19.04 19.04 19.04 19.04 19.04 19.04 19.04 19.04 19.04 19.04 19.04 19.04 18.23 19.50 99999.90 99999.90 99999.90 99999.90 99999.90 99999.90 99999.90 99999.90 99999.90 99999.90 99999.90 99999.90 99999.90 99999.90 99999.90 99999.90 99999.90 99999.90 99999.90 99999.90 99999.90 99999.90 99999.90 99999.90 99999.90 99999.90 99999.90 99999.90 99999.90 99999.90 99999.90
18.65 18.10 18.15 17.87 17.35 17.58 16.75 16.76 16.41 14.66 15.76 17.92 17.38 17.82 18.45 18.45 18.86 18.86 19.07 19.07 19.07 19.07 19.07 19.07 19.56 19.56 19.56 19.56 19.04 19.04 19.04 19.04 19.04 19.04 19.04 19.04 19.04 19.04 19.04 19.04 19.04 19.04 19.04 19.04 18.23 19.50 99999.90 99999.90 99999.90 99999.90 99999.90 99999.90 99999.90 99999.90 99999.90 99999.90 99999.90 99999.90 99999.90 99999.90 99999.90 99999.90 99999.90 99999.90 99999.90 99999.90 99999.90 99999.90 99999.90 99999.90 99999.90 99999.90 99999.90 99999.90 99999.90 99999.90 99999.90
18.11 18.27 18.35 18.04 18.55 18.38 18.15 17.92 17.63 17.14 17.65 17.99 18.15 17.43 17.64 18.86 18.86 19.07 19.07 19.07 19.07 19.07 19.07 19.07 19.56 19.56 19.56 19.56 19.56 19.04 19.04 19.04 19.04 19.04 19.04 19.04 19.04 19.04 19.04 19.04 19.04 19.04 19.04 19.04 18.23 19.50 99999.90 99999.90 99999.90 99999.90 99999.90 99999.90 99999.90 99999.90 99999.90 99999.90 99999.90 99999.90 99999.90 99999.90 99999.90 99999.90 99999.90 99999.90 99999.90 99999.90 99999.90 99999.90 99999.90 99999.90 99999.90 99999.90 99999.90 99999.90 99999.90 99999.90 99999.90
18.90 18.62 18.94 18.72 18.53 17.63 18.26 18.17 17.89 18.06 18.23 18.42 18.50 18.01 17.90 18.87 19.07 19.07 19.07 19.07 19.07 19.07 19.07 19.56 19.56 19.56 19.56 19.56 19.56 19.04 19.04 19.04 19.04 19.04 19.04 19.04 19.04 19.04 19.04 19.04 19.04 19.04 18.23 18.23 18.23 19.50 99999.90 99999.90 99999.90 99999.90 99999.90 99999.90 99999.90 99999.90 99999.90 99999.90 99999.90 99999.90 99999.90 99999.90 99999.90 99999.90 99999.90 99999.90 99999.90 99999.90 99999.90 99999.90 99999.90 99999.90 99999.90 99999.90 99999.90 99999.90 99999.90 99999.90 99999.90
18.57 18.39 18.53 18.90 18.45 19.02 18.55 18.09 18.16 17.80 18.03 18.69 18.45 18.43 18.21 18.68 19.11 19.11 19.11 19.11 19.11 19.11 19.11 19.56 19.56 19.56 19.56 19.56 19.56 19.04 19.04 19.04 19.04 19.04 19.04 19.04 19.04 19.04 19.04 19.04 18.23 18.23 18.23 18.23 18.23 19.50 19.12 19.12 19.12 99999.90 99999.90 99999.90 99999.90 99999.90 99999.90 99999.90 99999.90 99999.90 99999.90 99999.90 99999.90 99999.90 99999.90 99999.90 99999.90 99999.90 99999.90 99999.90 99999.90 99999.90 99999.90 99999.90 99999.90 99999.90 99999.90 99999.90 99999.90
19.05 18.79 18.63 19.41 19.19 19.00 18.78 18.64 18.42 18.10 18.02 17.86 18.39 18.47 18.49 18.86 19.42 19.42 19.42 19.42 19.42 19.42 19.37 19.56 19.56 19.56 19.56 19.56 19.56 19.56 19.04 19.04 19.04 19.04 19.04 19.04 19.04 19.04 18.23 18.23 18.23 18.23 18.23 19.50 19.50 19.50 19.36 19.36 19.36 19.36 19.36 99999.90 99999.90 99999.90 99999.90 99999.90 99999.90 99999.90 99999.90 99999.90 99999.90 99999.90 99999.90 99999.90 99999.90 99999.90 99999.90 99999.90 99999.90 99999.90 99999.90 99999.90 99999.90 99999.90 99999.90 99999.90 99999.90
19.24 19.28 19.04 18.87 19.09 18.72 19.05 18.60 18.17 17.86 18.22 18.53 18.37 18.44 18.54 18.94 19.38 19.38 19.38 19.37 19.37 19.37 19.37 19.56 19.56 19.56 19.56 19.56 19.56 19.56 19.26 19.04 19.04 19.04 19.04 19.04 18.23 18.23 18.23 18.23 18.23 19.50 19.50 19.50 19.50 19.36 19.36 19.36 19.36 19.36 19.36 19.39 99999.90 99999.90 99999.90 99999.90 99999.90 99999.90 99999.90 99999.90 99999.90 99999.90 99999.90 99999.90 99999.90 99999.90 99999.90 99999.90 99999.90 99999.90 99999.90 99999.90 99999.90 99999.90 99999.90 99999.90 99999.90
19.33 19.23 19.13 19.26 19.46 19.35 19.33 19.32 19.11 18.85 18.50 18.38 18.66 18.69 18.68 18.66 19.21 19.21 19.37 19.37 19.37 19.37 19.43 19.56 19.56 19.56 19.56 19.56 19.56 19.51 19.26 19.26 17.37 17.37 17.37 18.23 18.23 18.23 18.23 19.50 19.50 19.50 19.50 19.50 19.36 19.36 19.36 19.36 19.36 19.36 19.39 19.39 99999.90 99999.90 99999.90 99999.90 99999.90 99999.90 99999.90 99999.90 99999.90 99999.90 99999.90 99999.90 99999.90 99999.90 99999.90 99999.90 99999.90 99999.90 99999.90 99999.90 99999.90 99999.90 99999.90 99999.90 99999.90
18.96 18.82 19.02 19.09 19.49 19.17 19.37 19.08 19.12 19.10 18.60 18.58 18.57 18.86 18.89 18.96 19.19 19.37 19.37 19.37 19.43 19.43 19.43 19.56 19.56 19.56 19.56 19.56 19.56 19.51 19.26 19.26 18.89 15.44 18.23 18.23 18.23 19.50 19.50 19.50 19.50 19.50 19.12 19.36 19.36 19.36 19.36 19.36 19.36 19.39 19.39 19.39 18.70 99999.90 99999.90 99999.90 99999.90 99999.90 99999.90 99999.90 99999.90 99999.90 99999.90 99999.90 99999.90 99999.90 99999.90 99999.90 99999.90 99999.90 99999.90 99999.90 99999.90 99999.90 99999.90 99999.90 99999.90
19.12 18.34 18.76 18.84 19.05 19.31 19.34 19.06 19.21 18.80 18.49 18.94 19.07 19.02 19.17 18.91 19.30 19.34 19.34 19.43 19.43 19.43 18.40 18.87 19.51 19.55 19.55 19.55 19.57 19.51 19.55 19.19 18.46 16.77 18.07 18.07 19.50 19.50 19.50 19.50 19.50 19.12 19.36 19.36 19.36 19.36 19.36 19.36 19.39 19.39 18.27 18.27 18.27 18.27 18.27 18.27 99999.90 99999.90 99999.90 99999.90 99999.90 99999.90 99999.90 99999.90 99999.90 99999.90 99999.90 99999.90 99999.90 99999.90 99999.90 99999.90 99999.90 99999.90 99999.90 99999.90 99999.90
18.46 18.26 19.00 18.67 19.20 19.40 19.11 19.37 18.46 18.38 18.57 19.04 18.75 18.60 18.85 19.25 19.13 19.29 19.43 19.43 19.43 18.40 18.40 18.87 18.87 19.51 19.41 19.41 19.53 19.48 19.44 19.47 19.06 18.92 19.18 19.50 19.50 19.50 19.50 19.50 19.12 19.12 19.36 19.36 19.36 19.36 19.36 19.39 19.39 18.27 18.27 18.27 18.27 18.27 18.27 18.27 17.57 99999.90 99999.90 99999.90 99999.90 99999.90 99999.90 99999.90 99999.90 99999.90 99999.90 99999.90 99999.90 99999.90 99999.90 99999.90 99999.90 99999.90 99999.90 99999.90 99999.90
18.25 18.74 18.29 18.40 18.54 18.77 18.89 19.02 18.82 18.91 18.42 17.96 18.14 18.80 18.48 18.35 18.71 19.05 19.03 19.03 18.40 18.40 18.90 18.87 18.87 19.51 19.51 19.52 19.56 19.54 19.53 19.56 19.50 19.33 19.54 19.50 19.50 19.50 19.12 19.12 19.12 19.36 19.36 19.36 19.36 19.36 19.39 19.39 18.27 18.27 18.27 18.27 18.27 18.27 18.27 17.57 17.57 17.57 99999.90 99999.90 99999.90 99999.90 99999.90 99999.90 99999.90 99999.90 99999.90 99999.90 99999.90 99999.90 99999.90 99999.90 99999.90 99999.90 99999.90 99999.90 99999.90
18.83 18.96 18.05 17.87 17.91 17.55 17.92 18.02 18.78 17.69 18.24 17.77 16.96 17.63 18.37 18.63 17.78 17.86 18.39 18.23 18.40 18.40 18.90 18.87 18.87 19.23 19.43 19.45 19.51 19.51 19.54 19.53 19.54 19.45 19.18 19.47 19.47 19.47 19.12 19.12 19.12 19.36 19.36 19.36 19.36 19.39 19.39 19.39 18.27 18.27 18.27 18.27 18.27 18.27 17.57 17.57 17.57 17.57 19.14 99999.90 99999.90 99999.90 99999.90 99999.90 99999.90 99999.90 99999.90 99999.90 99999.90 99999.90 99999.90 99999.90 99999.90 99999.90 99999.90 99999.90 99999.90
18.73 18.46 18.32 17.44 17.83 18.48 18.93 18.81 18.75 17.38 16.73 17.63 17.12 18.03 16.63 16.78 15.92 17.03 17.40 17.79 17.64 18.83 18.90 18.59 18.46 18.84 19.13 19.42 19.30 19.02 19.42 19.49 19.44 19.43 19.19 19.28 19.28 18.95 19.12 19.12 19.36 19.36 19.36 19.36 19.39 19.39 19.39 18.27 18.27 18.27 18.27 18.27 18.27 17.57 17.57 17.57 17.57 19.14 19.14 99999.90 99999.90 99999.90 99999.90 99999.90 99999.90 99999.90 99999.90 99999.90 99999.90 99999.90 99999.90 99999.90 99999.90 99999.90 99999.90 99999.90 99999.90
18.86 18.61 18.17 18.34 18.09 18.91 18.77 17.75 17.64 17.74 17.49 15.98 16.62 16.48 16.37 15.97 16.89 18.22 18.69 18.92 17.91 18.05 18.37 18.47 18.81 19.17 19.18 19.37 19.16 19.52 19.42 19.35 19.01 18.86 19.17 18.92 19.00 18.95 19.12 19.12 19.36 19.36 19.36 19.39 19.39 19.39 18.27 18.27 18.27 18.27 18.27 18.27 17.57 17.57 17.57 17.57 19.14 19.14 19.14 99999.90 99999.90 99999.90 99999.90 99999.90 99999.90 99999.90 99999.90 99999.90 99999.90 99999.90 99999.90 99999.90 99999.90 99999.90 99999.90 99999.90 99999.90
18.12 18.07 18.17 17.86 17.84 18.39 18.47 18.60 17.28 17.33 17.96 17.15 16.30 16.22 17.45 17.85 17.34 17.45 18.61 18.42 19.02 18.90 18.99 18.88 19.06 19.10 19.23 19.24 19.20 19.24 18.90 19.33 19.46 19.37 19.29 18.94 19.04 19.14 19.06 19.16 19.36 19.36 19.39 19.39 19.39 18.27 18.27 18.27 18.27 18.27 18.27 17.57 17.57 17.57 17.57 19.14 19.14 19.14 19.14 99999.90 99999.90 99999.90 99999.90 99999.90 99999.90 99999.90 99999.90 99999.90 99999.90 99999.90 99999.90 99999.90 99999.90 99999.90 99999.90 99999.90 99999.90
18.18 17.74 18.47 18.61 18.85 19.12 18.23 17.94 17.63 18.26 17.16 17.15 17.40 17.92 18.31 18.87 18.96 18.98 19.22 19.08 19.18 18.97 19.33 19.25 19.21 18.71 18.38 18.27 19.39 19.43 19.23 19.41 19.48 19.48 19.40 19.04 19.00 18.98 18.91 18.90 19.20 19.39 19.39 19.39 18.70 18.27 18.27 18.27 18.27 18.27 17.57 17.57 17.57 17.57 19.14 19.14 19.14 19.14 19.14 99999.90 99999.90 99999.90 99999.90 99999.90 99999.90 99999.90 99999.90 99999.90 99999.90 99999.90 99999.90 99999.90 99999.90 99999.90 99999.90 99999.90 99999.90
18.42 18.27 18.17 18.79 18.15 17.25 17.84 18.41 18.68 18.77 18.29 17.85 18.03 18.33 18.17 18.17 18.56 18.60 18.89 18.96 18.75 18.90 18.63 19.14 19.21 19.11 19.16 19.24 19.05 18.72 19.01 19.12 19.22 19.36 19.40 19.29 19.03 19.17 19.16 18.02 18.52 18.83 18.83 18.70 18.14 18.27 18.27 18.27 18.27 17.57 17.57 17.57 17.57 19.14 19.14 19.14 19.14 19.14 19.14 99999.90 99999.90 99999.90 99999.90 99999.90 99999.90 99999.90 99999.90 99999.90 99999.90 99999.90 99999.90 99999.90 99999.90 99999.90 99999.90 99999.90 99999.90
17.69 18.14 18.68 18.63 18.36 18.25 18.16 18.13 18.12 18.28 18.20 17.18 17.43 18.55 18.50 18.32 18.72 18.67 18.62 19.19 19.08 19.09 19.14 18.96 18.83 19.09 19.14 19.12 19.20 19.39 19.41 19.21 19.07 19.34 19.30 19.37 19.30 19.17 19.11 18.83 18.67 18.67 18.70 18.70 18.14 18.27 18.27 18.27 17.57 17.57 17.57 17.57 19.14 19.14 19.14 19.14 19.14 19.14 19.14 99999.90 99999.90 99999.90 99999.90 99999.90 99999.90 99999.90 99999.90 99999.90 99999.90 99999.90 99999.90 99999.90 99999.90 99999.90 99999.90 99999.90 99999.90
18.70 18.72 17.39 18.34 18.74 18.34 18.42 18.65 17.94 17.74 17.85 18.02 17.56 17.60 18.24 18.11 18.15 18.69 18.95 18.76 19.09 19.16 19.38 19.06 18.97 19.08 18.83 18.80 19.03 19.29 19.20 18.99 19.37 19.34 19.33 19.43 19.37 19.17 19.13 19.00 19.36 18.88 18.88 18.48 18.14 18.27 18.27 17.57 17.57 17.57 17.57 19.14 19.14 19.14 19.14 19.14 19.14 19.14 19.14 99999.90 99999.90 99999.90 99999.90 99999.90 99999.90 99999.90 99999.90 99999.90 99999.90 99999.90 99999.90 99999.90 99999.90 99999.90 99999.90 99999.90 99999.90
18.13 18.38 18.75 18.49 18.57 18.36 18.58 18.34 18.17 18.39 18.38 18.27 18.08 18.26 18.37 18.66 18.46 18.52 18.82 18.87 18.60 18.75 18.94 18.87 18.70 18.78 18.98 18.97 18.53 18.94 18.83 19.14 19.19 19.21 19.20 19.30 19.06 19.16 19.09 19.27 18.85 18.43 18.68 18.63 18.46 17.98 17.57 17.57 17.57 17.57 19.14 19.14 19.14 19.14 19.14 19.14 19.14 19.14 19.14 99999.90 99999.90 99999.90 99999.90 99999.90 99999.90 99999.90 99999.90 99999.90 99999.90 99999.90 99999.90 99999.90 99999.90 99999.90 99999.90 99999.90 99999.90
18.20 18.46 18.36 17.59 17.86 18.60 17.58 18.00 18.28 18.04 18.10 18.28 17.99 18.14 18.61 19.06 18.69 18.40 18.28 18.57 18.71 18.87 18.86 18.93 18.80 18.85 18.88 19.07 19.15 19.15 19.05 18.94 18.70 19.02 18.98 19.00 19.14 18.85 19.00 18.76 18.62 18.43 18.36 17.96 17.04 17.42 17.19 17.57 17.57 19.14 19.14 19.14 19.14 19.14 19.14 19.14 19.14 19.14 19.14 99999.90 99999.90 99999.90 99999.90 99999.90 99999.90 99999.90 99999.90 99999.90 99999.90 99999.90 99999.90 99999.90 99999.90 99999.90 99999.90 99999.90 99999.90
18.67 18.51 18.23 18.15 18.09 18.42 18.23 17.99 18.17 17.74 17.77 17.81 17.53 18.56 18.53 18.65 18.35 18.48 18.08 18.56 18.74 18.63 18.72 18.42 18.35 18.71 18.60 18.75 18.89 18.71 18.82 18.89 19.03 18.87 18.79 19.11 18.96 18.78 18.85 18.75 19.06 18.97 18.66 17.89 15.28 15.77 17.33 18.50 19.14 19.14 19.14 19.14 19.14 19.14 19.14 19.14 19.14 19.14 19.14 99999.90 99999.90 99999.90 99999.90 99999.90 99999.90 99999.90 99999.90 99999.90 99999.90 99999.90 99999.90 99999.90 99999.90 99999.90 99999.90 99999.90 99999.90
18.52 18.32 18.75 18.60 18.44 18.27 18.06 17.93 18.23 17.45 17.90 17.67 18.02 18.51 18.20 18.26 18.26 18.20 18.43 18.42 18.94 18.86 18.71 18.73 18.41 18.79 18.89 18.97 18.98 18.96 19.01 18.72 18.83 18.84 19.14 18.94 18.85 18.90 19.15 18.80 18.52 18.78 17.87 16.39 16.34 16.72 17.49 18.76 19.08 19.08 19.08 19.08 19.08 19.08 19.08 19.08 19.08 19.08 19.08 99999.90 99999.90 99999.90 99999.90 99999.90 99999.90 99999.90 99999.90 99999.90 99999.90 99999.90 99999.90 99999.90 99999.90 99999.90 99999.90 99999.90 99999.90
18.88 18.79 18.67 18.02 18.26 18.07 18.18 18.00 17.76 18.17 17.98 17.64 17.98 18.42 17.96 18.48 18.55 18.07 18.13 18.80 18.63 18.75 18.83 18.22 18.21 18.72 18.96 18.96 18.96 18.97 18.74 18.81 18.99 19.00 19.07 18.74 18.69 18.38 18.14 18.28 18.36 18.15 16.70 16.23 16.56 15.41 17.95 18.30 19.08 19.08 19.08 19.08 19.08 19.08 19.08 19.08 19.08 19.08 19.08 99999.90 99999.90 99999.90 99999.90 99999.90 99999.90 99999.90 99999.90 99999.90 99999.90 99999.90 99999.90 99999.90 99999.90 99999.90 99999.90 99999.90 99999.90
18.81 18.41 18.77 18.62 18.25 18.37 18.50 18.53 18.44 18.14 18.14 18.22 18.20 18.39 18.48 18.85 18.71 18.55 18.43 18.42 18.74 18.90 18.87 18.48 18.54 18.67 18.81 18.91 18.87 18.58 18.68 18.43 18.91 19.19 19.02 18.48 18.55 18.34 18.62 18.08 18.23 17.28 17.52 17.34 16.54 16.93 18.39 18.77 18.77 18.77 19.08 19.08 19.08 19.08 19.08 19.08 19.08 19.08 19.08 99999.90 99999.90 99999.90 99999.90 99999.90 99999.90 99999.90 99999.90 99999.90 99999.90 99999.90 99999.90 99999.90 99999.90 99999.90 99999.90 99999.90 99999.90
18.78 18.72 18.07 18.43 18.33 18.21 18.36 18.57 18.36 18.06 18.46 18.32 18.28 18.55 18.89 18.90 18.27 18.33 18.29 18.56 18.64 18.66 18.80 18.49 18.57 18.81 18.71 18.70 18.78 18.62 18.69 18.84 18.66 18.81 19.00 19.00 18.86 18.73 18.63 17.98 18.46 17.68 17.31 17.17 17.23 16.73 16.22 17.55 17.55 17.55 18.44 18.44 18.44 18.44 18.44 18.44 18.44 18.44 18.44 15.88 99999.90 99999.90 99999.90 99999.90 99999.90 99999.90 99999.90 99999.90 99999.90 99999.90 99999.90 99999.90 99999.90 99999.90 99999.90 99999.90 99999.90
18.44 18.74 18.71 18.47 18.02 18.10 18.33 18.19 18.36 18.15 18.20 18.27 18.39 18.71 18.89 18.68 18.43 18.47 18.92 18.79 18.92 18.84 18.77 18.65 18.84 18.62 18.52 18.57 18.68 18.30 18.63 18.88 19.15 18.91 18.79 18.86 18.91 18.97 18.54 17.80 17.56 16.90 16.41 16.57 14.38 15.31 16.90 16.90 16.90 18.44 18.44 18.44 18.44 18.44 18.44 18.44 18.44 18.44 18.44 15.88 99999.90 99999.90 99999.90 99999.90 99999.90 99999.90 99999.90 99999.90 99999.90 99999.90 99999.90 99999.90 99999.90 99999.90 99999.90 99999.90 99999.90
