main/data/irradiance/30.07.2023.grid
ncols 839
nrows 679
xllcenter 112.0500
yllcenter -43.9500
cellsize 0.0500
nodata_value 99999.90
[rows 476 to 509 of 679, columns 77 to 153 of 839]
10.73 10.66 10.44 10.57 9.81 10.39 10.07 9.93 9.74 9.91 9.75 9.63 9.90 10.20 10.36 10.07 9.81 9.98 9.84 9.65 9.96 9.61 9.94 9.87 9.68 9.48 9.20 9.58 10.26 9.92 9.63 10.00 9.57 9.99 9.83 9.29 9.77 9.57 9.97 10.55 10.05 10.32 9.92 9.74 9.86 9.72 10.39 9.97 9.30 9.43 9.19 10.10 10.65 10.34 10.13 9.97 9.89 10.21 10.39 10.44 9.72 10.24 9.60 9.80 10.20 10.26 10.97 10.85 10.24 10.14 10.22 10.42 10.23 10.31 10.35 10.43 10.25
10.76 10.90 11.15 11.61 11.04 10.49 10.28 10.28 9.98 10.40 10.26 9.96 9.73 9.85 9.53 9.63 9.49 9.84 10.12 9.89 9.95 9.73 9.60 9.48 10.08 9.76 9.02 8.63 9.75 10.28 10.10 9.06 9.10 9.61 10.14 9.77 10.18 9.43 9.43 9.80 9.13 9.46 9.23 9.81 9.97 10.35 10.47 10.20 10.40 10.02 9.87 10.14 10.70 10.70 10.89 10.52 10.27 9.78 9.63 9.65 9.87 9.90 9.20 9.37 10.02 10.47 10.94 10.91 10.53 10.76 11.10 10.51 10.45 10.14 9.76 9.43 9.59
10.67 10.85 10.90 11.41 11.24 10.65 11.09 11.42 10.73 10.64 10.68 10.43 10.76 10.35 10.25 10.57 9.88 9.68 9.68 10.12 9.93 9.83 9.66 9.13 9.68 9.69 9.10 8.88 9.79 10.04 10.03 9.82 9.67 10.04 10.33 10.02 9.99 10.46 10.95 10.98 10.16 9.97 10.37 10.97 10.24 10.01 9.86 10.41 10.50 10.71 10.20 10.53 9.62 10.34 10.45 9.44 10.00 9.38 8.86 9.32 9.91 10.61 10.75 10.71 10.58 11.16 11.50 10.91 10.31 9.70 9.14 9.27 9.43 9.40 9.20 9.12 9.58
11.72 11.22 11.13 11.14 11.58 11.28 11.18 11.05 10.35 10.70 10.74 9.98 10.21 9.83 9.92 10.19 10.18 9.66 9.53 10.40 10.29 10.24 10.36 9.90 9.90 9.96 10.37 10.13 10.31 10.47 10.44 10.12 9.23 9.62 10.72 10.51 9.96 9.89 10.93 11.05 10.88 10.89 10.56 10.93 11.08 10.16 9.80 9.34 9.93 10.59 10.12 9.49 8.68 8.61 9.25 8.84 9.45 10.19 9.93 10.64 10.68 10.96 11.22 11.09 10.15 9.97 9.58 9.58 9.55 9.63 9.38 9.27 9.29 9.40 9.38 9.76 9.99
11.11 11.21 11.15 10.86 11.04 10.53 10.59 10.73 10.20 10.15 10.34 10.19 9.67 9.92 9.64 10.42 10.66 10.34 10.55 10.32 9.75 9.53 9.74 10.27 9.96 9.36 9.59 9.33 9.22 9.42 9.90 10.18 9.89 9.62 9.78 10.38 9.98 9.48 9.62 9.73 11.25 11.44 9.45 9.42 10.41 11.46 11.49 10.35 9.57 9.30 9.21 10.11 10.34 10.67 10.38 11.06 11.00 11.09 11.50 11.57 11.48 11.15 10.95 10.68 10.50 10.18 10.00 9.75 10.10 10.01 9.94 9.41 9.19 9.29 9.53 10.23 10.29
11.47 11.36 11.05 10.80 10.78 10.60 10.09 10.59 10.56 10.47 10.61 10.28 10.24 9.93 9.78 9.62 10.28 10.21 10.25 10.02 9.85 9.91 9.80 9.79 9.76 10.15 10.10 9.49 8.86 9.22 9.27 10.20 10.04 9.48 9.55 9.61 10.55 10.12 10.03 10.05 9.77 11.58 11.28 11.02 10.99 10.42 10.76 11.11 9.85 9.62 10.41 10.22 10.60 10.85 10.31 10.85 11.35 11.10 11.39 10.61 10.66 10.77 10.24 10.23 10.23 9.23 9.16 9.30 9.20 9.36 9.57 9.49 9.48 9.51 9.67 10.23 10.29
10.27 10.81 10.94 10.78 10.22 11.04 10.81 10.72 11.17 10.52 9.93 10.00 10.39 10.26 10.65 9.82 10.19 10.46 9.49 9.78 9.96 10.13 10.41 10.13 10.20 10.86 10.71 10.39 9.97 9.84 9.16 9.86 10.51 9.80 10.03 10.52 10.02 10.57 10.35 10.48 11.25 10.79 11.15 11.17 10.62 10.78 11.00 11.14 10.70 10.18 10.85 10.92 11.37 11.75 10.51 10.19 10.39 10.41 10.24 10.14 8.95 9.42 8.83 8.73 9.18 9.50 9.50 9.39 9.12 9.27 9.80 9.92 9.65 9.51 9.67 9.67 10.29
9.91 9.91 10.37 11.13 10.77 10.65 10.29 10.67 10.15 10.21 10.28 10.36 10.29 10.21 10.15 10.36 10.34 10.50 10.16 10.21 9.83 9.68 9.94 10.44 10.05 10.63 10.43 10.14 10.12 10.23 9.41 9.80 10.34 9.84 10.11 11.28 10.57 10.51 10.13 9.32 10.15 11.11 10.14 10.41 10.64 9.82 10.12 10.70 10.17 9.59 9.60 9.54 8.55 9.75 9.45 9.18 9.82 9.94 9.44 10.44 10.23 9.60 9.75 9.76 10.07 10.63 10.65 10.09 9.98 10.06 10.52 10.76 10.40 10.40 9.67 9.67 9.67
9.76 10.03 9.83 10.86 10.61 10.33 10.32 10.13 10.55 10.20 9.70 9.84 10.47 10.46 10.57 10.02 10.34 10.42 9.99 10.65 10.09 10.23 10.33 10.53 10.17 10.29 9.95 9.58 9.90 10.33 10.13 10.54 10.34 9.85 10.48 10.59 10.29 10.57 10.55 9.76 9.59 10.63 10.41 9.84 10.64 10.61 9.97 10.60 10.18 9.05 8.73 9.34 9.93 10.46 10.67 9.80 9.48 9.96 10.95 10.56 10.40 10.49 10.75 10.82 10.80 10.78 10.95 10.55 9.94 10.46 10.60 10.56 10.40 10.40 10.40 9.67 9.67
9.47 10.09 9.82 9.72 10.13 9.92 9.95 8.95 9.42 9.94 9.70 9.65 9.54 9.52 10.11 9.93 9.61 10.05 10.33 10.13 10.25 10.19 9.97 10.24 10.06 10.49 10.65 10.01 10.17 10.38 9.86 10.12 10.09 9.67 9.99 10.51 10.23 9.91 9.95 10.05 10.10 10.99 10.60 9.78 9.35 9.63 9.26 10.53 10.54 10.03 9.99 10.46 10.55 11.28 11.21 10.58 9.84 10.64 10.53 10.56 10.91 10.93 10.43 10.15 10.42 10.61 10.97 10.58 10.90 10.80 10.99 10.60 10.60 10.60 10.40 10.40 9.67
9.70 9.83 9.98 9.88 9.38 9.47 9.86 10.06 9.43 9.31 9.15 9.53 9.66 9.25 9.41 9.32 9.39 9.81 9.57 9.82 9.90 10.35 10.03 10.10 9.66 9.48 9.89 9.54 9.70 10.55 10.42 9.97 10.30 9.67 9.59 10.22 10.02 9.77 9.04 8.56 8.20 8.89 9.66 9.07 8.63 8.84 8.36 9.51 9.80 9.35 9.21 10.10 10.33 11.09 11.14 10.54 9.56 9.75 10.10 9.97 10.42 10.24 9.68 10.20 11.00 10.81 11.00 10.73 10.76 10.34 10.94 11.26 11.26 11.26 11.26 11.26 10.40
9.61 9.33 9.53 9.80 9.57 9.66 9.18 9.54 9.52 9.91 9.48 9.94 9.87 9.33 9.33 9.33 9.31 9.84 9.37 9.35 9.27 9.30 10.02 9.49 9.58 9.72 9.51 9.12 9.66 9.45 9.42 9.44 10.24 10.11 9.99 10.05 10.15 9.23 9.40 9.12 9.53 9.08 8.85 8.84 8.14 8.54 7.85 8.79 9.19 9.32 9.75 9.42 9.40 9.74 9.99 9.13 8.85 9.79 9.74 9.87 10.33 10.35 9.71 10.28 11.05 10.63 10.52 10.54 10.21 9.98 10.94 11.26 11.26 11.26 11.26 11.26 11.26
9.16 9.50 9.33 9.22 9.51 10.07 10.06 9.09 8.62 9.04 9.79 10.06 9.41 8.49 8.55 9.35 9.50 9.47 9.03 8.99 8.96 9.24 9.71 9.53 9.19 8.99 9.00 9.42 9.54 9.70 10.05 9.44 9.49 9.67 10.43 10.52 10.35 10.22 10.41 9.32 9.49 9.36 9.24 9.55 9.02 9.29 9.15 8.32 8.60 9.10 9.53 10.31 9.52 9.07 9.62 9.63 9.72 10.06 9.63 9.27 10.33 10.35 9.71 9.73 10.78 10.20 9.97 10.63 10.21 10.86 10.86 11.26 11.26 11.26 11.26 11.26 11.26
9.06 8.92 8.67 8.53 8.69 8.89 8.80 8.40 8.43 8.45 8.49 9.05 9.06 8.56 8.40 8.64 8.76 9.14 8.54 8.35 8.43 8.73 9.17 9.31 9.23 8.93 9.31 9.59 9.17 9.09 9.25 9.21 8.88 8.84 9.11 8.79 9.30 8.98 9.35 9.36 8.66 8.77 9.03 9.39 9.62 9.82 9.50 8.75 9.05 10.08 9.62 9.67 9.48 9.29 9.30 9.67 9.34 9.74 9.39 9.27 9.27 10.35 9.73 9.73 10.78 10.20 9.97 10.63 10.63 10.86 10.86 10.86 11.26 11.26 11.26 11.26 11.26
8.89 8.52 8.46 8.52 9.08 8.90 8.49 8.44 8.67 8.51 8.24 7.84 8.03 8.10 8.21 8.35 8.58 8.70 8.95 8.37 8.14 8.14 8.59 8.59 8.81 8.07 8.01 8.30 8.34 8.23 8.71 8.15 7.81 8.12 7.82 8.79 9.01 8.94 9.11 9.07 9.24 9.37 9.67 9.72 10.34 10.63 10.09 10.21 9.90 9.67 9.73 9.64 9.60 9.71 10.00 9.88 10.02 9.74 9.39 9.39 9.27 9.27 9.73 9.73 10.78 10.20 9.97 10.63 10.63 10.86 10.86 10.86 10.86 11.26 11.26 11.26 11.26
8.44 8.01 8.27 7.97 8.26 8.47 8.26 8.03 8.50 8.68 8.66 8.29 8.22 8.44 8.83 8.75 8.25 8.24 8.67 8.67 8.36 8.32 8.11 8.36 8.52 8.33 7.95 8.22 8.20 8.47 8.41 8.37 8.43 8.48 7.80 8.16 8.09 8.55 8.79 9.41 8.78 8.60 8.98 9.49 9.83 10.00 9.49 9.70 10.19 10.14 10.00 9.97 9.93 9.35 9.54 9.99 10.03 10.03 9.39 9.39 9.39 9.27 9.73 9.73 10.78 10.20 9.97 10.63 10.63 10.86 10.86 10.86 10.86 10.86 11.26 11.26 11.26
9.45 8.72 8.62 8.49 8.03 8.54 8.47 8.24 8.36 8.52 8.23 8.52 8.37 8.34 8.67 8.45 8.41 8.43 8.15 8.70 8.45 8.51 8.61 8.13 8.32 8.42 8.28 8.62 8.00 8.19 8.43 8.19 8.42 8.38 7.82 8.19 7.75 8.11 8.28 8.33 8.64 8.56 8.90 8.83 9.33 9.65 9.52 9.73 9.61 9.77 9.74 9.79 10.04 9.61 9.75 10.01 10.03 10.03 10.03 9.39 9.39 9.39 9.73 9.73 10.78 10.20 9.97 10.63 10.63 10.86 10.86 10.86 10.86 10.86 10.86 11.26 11.26
9.45 9.64 8.97 8.60 8.33 8.30 8.15 8.54 8.47 7.80 7.97 8.28 8.53 8.72 9.04 8.17 8.07 8.81 7.94 8.38 8.22 8.08 8.28 7.95 7.78 7.65 7.52 7.92 8.42 8.50 8.49 8.27 8.53 8.94 8.53 8.50 8.34 8.45 8.49 8.53 8.51 8.30 8.44 8.93 9.46 9.05 9.39 9.79 10.23 9.95 10.11 9.49 9.36 9.61 9.75 10.01 10.01 10.03 10.03 10.03 9.39 9.39 9.73 9.73 10.78 10.20 9.97 10.63 10.63 10.86 10.86 10.86 10.86 10.86 10.86 10.86 11.26
8.86 8.86 8.91 9.09 8.81 8.40 8.45 8.59 8.21 7.92 8.03 8.80 8.58 8.40 7.84 7.56 7.94 8.88 8.28 8.39 7.46 7.74 8.28 8.46 8.69 7.96 7.87 8.35 8.54 8.86 8.68 8.46 8.29 8.47 8.82 8.93 8.64 8.56 8.58 8.87 8.86 8.65 8.74 8.75 8.68 9.05 9.48 9.21 9.25 9.40 9.57 9.49 9.36 9.36 9.75 10.01 10.01 10.01 10.03 10.03 10.03 9.39 9.73 9.73 10.78 10.20 9.97 10.63 10.63 10.86 10.86 10.86 10.86 10.86 10.86 10.86 10.86
8.86 8.86 8.85 9.09 8.57 8.63 9.06 8.15 8.41 8.62 8.27 8.46 8.13 7.99 8.00 7.56 7.95 9.21 8.75 8.78 7.93 7.68 8.45 8.54 9.35 8.93 8.07 7.91 7.48 8.04 8.24 8.07 7.88 7.61 7.72 8.05 8.31 8.41 8.36 8.27 8.46 8.70 8.50 8.53 8.47 8.80 9.23 8.99 8.51 8.77 9.57 9.57 9.36 9.36 9.36 10.01 10.01 10.01 10.01 10.03 10.03 10.03 9.73 9.73 10.78 10.20 9.97 10.63 10.63 10.86 10.86 10.86 10.86 10.86 10.86 10.86 10.86
8.86 8.85 8.85 9.09 8.57 8.63 8.73 7.75 8.20 8.50 7.80 7.95 7.90 8.21 8.48 8.10 8.28 8.74 8.34 8.50 8.70 8.05 8.04 7.81 8.04 8.79 7.98 7.45 7.71 7.43 8.20 8.28 7.51 7.66 7.64 7.70 8.47 8.13 7.78 7.99 8.03 8.29 8.71 8.35 8.09 8.41 8.98 8.91 8.53 8.40 8.40 8.40 9.57 9.36 9.36 10.01 10.01 10.01 10.01 10.01 10.03 10.03 10.03 9.73 10.78 10.20 9.97 10.63 10.63 10.86 10.86 10.86 10.86 10.86 10.86 10.86 10.86
8.85 8.85 8.85 9.09 8.57 8.73 8.73 7.75 8.20 8.66 7.80 8.00 8.29 8.46 8.26 8.49 8.05 8.46 8.07 8.54 8.82 8.59 8.11 7.72 7.88 8.70 8.41 7.82 8.06 7.29 8.36 8.59 7.73 7.79 8.15 8.06 8.47 8.26 7.87 8.29 8.53 8.32 8.10 7.71 7.59 7.72 8.06 8.32 7.97 7.51 7.51 7.51 7.51 7.51 9.36 10.01 10.01 10.01 10.01 10.01 10.01 10.03 10.03 9.73 10.78 10.20 9.97 10.63 10.63 10.86 10.86 10.86 10.86 10.86 10.86 10.86 10.86
8.85 8.85 8.85 9.09 8.73 8.73 8.73 7.75 8.66 8.66 8.66 8.00 8.11 8.39 8.66 8.46 7.87 8.24 7.98 8.42 8.18 8.20 7.81 8.19 8.00 8.33 8.59 8.46 8.01 7.66 8.32 8.37 7.50 7.66 7.87 7.93 8.00 8.01 7.77 8.10 8.52 8.15 8.11 7.61 7.47 7.98 8.06 8.32 7.97 7.51 7.51 7.51 7.51 7.51 7.51 9.36 10.01 10.01 10.01 10.01 10.01 10.01 10.03 10.03 10.78 10.20 9.97 10.63 10.63 10.86 10.86 10.86 10.86 10.86 10.86 10.86 10.86
8.85 8.85 8.85 9.09 8.73 8.73 8.73 8.66 8.66 8.66 8.66 8.11 8.11 7.64 8.49 8.27 7.90 8.04 8.01 8.12 8.65 8.53 8.09 8.17 8.17 8.48 8.54 8.64 8.26 7.92 8.07 8.09 8.13 7.94 7.92 7.84 8.36 8.28 8.52 8.17 7.53 7.22 7.53 7.61 7.47 7.98 7.98 8.32 7.97 7.51 7.51 7.51 7.51 7.51 7.51 7.51 10.01 10.01 10.01 10.01 10.01 10.01 10.01 10.03 10.03 10.03 9.39 9.39 9.39 99999.90 99999.90 99999.90 99999.90 99999.90 99999.90 99999.90 99999.90
8.85 8.85 8.85 9.09 8.73 8.73 8.73 8.66 8.66 8.66 8.11 8.11 7.64 7.64 8.49 8.27 7.90 8.04 8.01 8.12 8.65 8.53 8.09 8.17 8.17 8.48 8.54 8.64 8.26 7.92 8.07 7.23 7.65 7.64 7.75 7.84 8.36 8.28 7.96 8.17 7.53 7.22 7.53 7.53 7.47 7.98 7.98 7.98 7.97 7.51 7.51 7.51 7.51 7.51 7.51 7.51 7.51 10.01 10.01 10.01 10.01 10.01 10.01 10.01 10.03 10.03 10.03 99999.90 99999.90 99999.90 99999.90 99999.90 99999.90 99999.90 99999.90 99999.90 99999.90
8.85 8.85 8.85 8.73 8.73 8.73 8.73 8.66 8.66 8.66 8.11 7.64 7.64 7.64 8.49 8.27 7.90 8.04 8.01 8.12 8.65 8.53 8.09 8.17 8.17 8.48 8.54 8.64 8.26 7.92 7.23 7.23 7.65 7.64 7.75 7.75 8.36 7.96 7.96 7.32 7.32 7.32 7.53 7.53 7.53 7.98 7.98 7.98 7.97 7.51 7.51 7.51 7.51 7.51 7.51 7.51 7.51 7.51 10.01 10.01 10.01 10.01 10.01 10.01 10.01 10.03 10.03 99999.90 99999.90 99999.90 99999.90 99999.90 99999.90 99999.90 99999.90 99999.90 99999.90
8.85 8.85 8.85 8.73 8.73 8.73 8.66 8.66 8.66 8.66 7.64 7.64 7.64 7.64 8.49 8.27 7.90 8.04 8.01 8.12 8.65 8.53 8.09 8.17 8.17 8.48 8.54 8.64 8.26 7.23 7.23 7.23 7.65 7.64 7.75 7.75 7.75 7.96 7.96 7.32 7.32 7.32 7.32 7.53 7.53 7.98 7.98 7.98 7.97 7.51 7.51 7.51 7.51 7.51 7.51 7.51 7.51 7.51 7.51 10.01 10.01 10.01 10.01 10.01 10.01 10.01 99999.90 99999.90 99999.90 99999.90 99999.90 99999.90 99999.90 99999.90 99999.90 99999.90 99999.90
8.85 8.85 8.85 8.73 8.73 8.73 8.66 8.66 8.66 7.64 7.64 7.64 7.64 7.64 8.49 8.27 7.90 8.04 8.01 8.12 8.65 8.53 8.09 8.17 8.17 8.48 8.54 8.64 8.26 7.23 7.23 7.23 7.65 7.64 7.75 7.75 7.75 7.96 7.32 7.32 7.32 7.32 7.32 7.32 7.53 7.98 7.98 7.98 7.98 7.51 7.51 7.51 7.51 7.51 7.51 7.51 7.51 7.51 7.51 7.51 9.36 9.36 9.36 99999.90 99999.90 99999.90 99999.90 99999.90 99999.90 99999.90 99999.90 99999.90 99999.90 99999.90 99999.90 99999.90 99999.90
8.85 8.85 8.73 8.73 8.73 8.73 8.66 8.66 8.66 7.64 7.64 7.64 7.64 7.64 8.49 8.27 7.90 8.04 8.01 8.12 8.65 8.53 8.09 8.17 8.17 8.48 8.54 8.64 8.26 7.23 7.23 7.23 7.65 7.64 7.75 7.75 7.75 7.96 7.32 7.32 7.32 7.32 7.32 7.32 7.32 7.53 7.98 7.98 7.98 7.51 7.51 7.51 7.51 7.51 7.51 7.51 7.51 7.51 7.51 7.51 9.57 99999.90 99999.90 99999.90 99999.90 99999.90 99999.90 99999.90 99999.90 99999.90 99999.90 99999.90 99999.90 99999.90 99999.90 99999.90 99999.90
8.85 8.85 8.73 8.73 8.73 8.66 8.66 8.66 7.64 7.64 7.64 7.64 7.64 7.64 8.49 8.27 7.90 8.04 8.01 8.12 8.65 8.53 8.09 8.17 8.17 8.48 8.54 8.64 7.23 7.23 7.23 7.23 7.65 7.64 7.75 7.75 7.75 7.32 7.32 7.32 7.32 7.32 7.32 7.32 7.32 7.32 7.98 7.98 7.98 7.51 7.51 7.51 7.51 7.51 7.51 7.51 7.51 7.51 7.51 7.51 99999.90 99999.90 99999.90 99999.90 99999.90 99999.90 99999.90 99999.90 99999.90 99999.90 99999.90 99999.90 99999.90 99999.90 99999.90 99999.90 99999.90
8.73 8.73 8.73 8.73 8.73 8.66 8.66 8.66 7.64 7.64 7.64 7.64 7.64 7.64 8.49 8.27 7.90 8.04 8.01 8.12 8.65 8.53 8.09 8.17 8.17 8.48 8.54 8.64 7.23 7.23 7.23 7.23 7.65 7.64 7.75 7.75 7.75 7.32 7.32 7.32 7.32 7.32 7.32 7.32 7.32 7.32 7.32 7.98 7.98 7.98 7.51 7.51 7.51 7.51 7.51 7.51 7.51 7.51 7.51 7.51 99999.90 99999.90 99999.90 99999.90 99999.90 99999.90 99999.90 99999.90 99999.90 99999.90 99999.90 99999.90 99999.90 99999.90 99999.90 99999.90 99999.90
8.66 8.66 8.66 8.66 8.66 8.66 8.66 7.64 7.64 7.64 7.64 7.64 7.64 7.64 8.49 8.27 7.90 8.04 8.01 8.12 8.65 8.53 8.09 8.17 8.17 8.48 8.54 8.64 7.23 7.23 7.23 7.23 7.65 7.64 7.75 7.75 7.32 7.32 7.32 7.32 7.32 7.32 7.32 7.32 7.32 7.32 7.32 7.98 7.98 7.98 7.51 7.51 7.51 7.51 7.51 7.51 7.51 7.51 7.51 7.51 99999.90 99999.90 99999.90 99999.90 99999.90 99999.90 99999.90 99999.90 99999.90 99999.90 99999.90 99999.90 99999.90 99999.90 99999.90 99999.90 99999.90
99999.90 99999.90 8.11 8.11 7.64 7.64 7.64 7.64 7.64 7.64 7.64 7.64 7.64 7.64 8.49 8.27 7.90 8.04 8.01 8.12 8.65 8.53 8.09 8.17 8.17 8.48 8.54 7.23 7.23 7.23 7.23 7.23 7.65 7.64 7.75 7.75 7.32 7.32 7.32 7.32 7.32 7.32 7.32 7.32 7.32 7.32 7.32 7.32 7.98 7.98 7.98 7.98 7.98 7.98 7.98 7.98 99999.90 99999.90 99999.90 99999.90 99999.90 99999.90 99999.90 99999.90 99999.90 99999.90 99999.90 99999.90 99999.90 99999.90 99999.90 99999.90 99999.90 99999.90 99999.90 99999.90 99999.90
99999.90 99999.90 99999.90 7.64 7.64 7.64 7.64 7.64 7.64 7.64 7.64 7.64 7.64 7.64 8.49 8.27 7.90 8.04 8.01 8.12 8.65 8.53 8.09 8.17 8.17 8.48 8.54 7.23 7.23 7.23 7.23 7.23 7.65 7.64 7.75 7.75 7.32 7.32 7.32 7.32 7.32 7.32 7.32 7.32 7.32 7.32 7.32 7.32 7.32 7.32 7.53 7.53 7.53 99999.90 99999.90 99999.90 99999.90 99999.90 99999.90 99999.90 99999.90 99999.90 99999.90 99999.90 99999.90 99999.90 99999.90 99999.90 99999.90 99999.90 99999.90 99999.90 99999.90 99999.90 99999.90 99999.90 99999.90
