main/data/irradiance/30.08.2023.grid
ncols 839
nrows 679
xllcenter 112.0500
yllcenter -43.9500
cellsize 0.0500
nodata_value 99999.90
[rows 238 to 271 of 679, columns 693 to 769 of 839]
18.43 19.21 18.88 19.41 19.39 19.61 19.65 18.97 17.16 17.72 18.84 19.90 19.80 18.25 18.60 18.44 18.83 19.16 19.67 20.50 20.16 20.51 20.25 19.90 20.50 19.15 19.23 19.10 19.89 20.16 19.05 19.47 19.33 19.29 18.24 19.02 19.38 18.72 19.54 19.04 19.34 19.27 20.45 19.13 18.66 18.71 16.93 18.17 19.06 17.88 19.16 19.72 20.27 19.87 20.12 20.54 20.54 20.54 19.41 19.41 19.41 21.32 21.32 21.32 21.32 21.32 21.32 21.32 21.26 21.26 21.26 21.26 21.26 20.24 20.24 20.24 20.24
18.54 18.64 19.21 18.79 19.49 19.30 20.02 19.48 18.84 18.38 18.66 18.85 19.49 18.90 18.37 18.62 18.59 18.97 19.76 19.96 19.83 20.21 20.41 20.28 20.19 19.41 20.41 20.35 19.92 19.82 19.12 19.33 19.97 20.44 19.38 19.83 20.23 19.41 19.84 20.13 20.65 20.41 19.75 18.78 19.95 18.51 18.30 19.17 19.10 18.56 18.94 19.56 18.83 18.75 19.57 19.38 19.38 19.41 19.41 19.41 19.41 21.32 21.32 21.32 21.32 21.32 21.32 21.26 21.26 21.26 21.26 21.26 21.26 20.24 20.24 20.24 20.24
18.13 18.02 17.50 18.64 18.85 19.14 19.13 20.04 19.83 19.41 18.96 19.04 19.25 19.80 20.09 19.75 19.40 19.47 19.90 20.39 19.95 20.36 20.46 19.19 19.54 19.53 19.42 19.36 19.08 18.18 18.14 19.26 20.67 19.96 19.21 19.60 18.85 19.31 20.37 19.09 19.76 20.01 19.62 18.78 19.13 20.15 19.31 19.99 18.67 18.25 17.97 17.62 18.16 18.59 18.81 19.04 19.41 19.41 19.41 19.41 19.41 21.32 21.32 21.32 21.32 21.32 21.32 21.26 21.26 21.26 21.26 21.26 21.26 20.24 20.24 20.24 20.24
18.71 17.89 17.58 18.41 18.53 19.04 19.34 19.76 18.50 18.12 17.97 18.46 18.89 19.91 20.51 20.13 19.65 20.52 20.36 19.25 19.42 19.79 19.92 20.19 19.38 20.15 19.99 19.33 19.72 19.27 19.07 18.28 19.64 19.71 19.03 20.41 20.08 19.43 19.79 19.58 18.39 18.87 19.01 19.32 18.59 18.59 18.66 19.24 17.93 18.69 18.37 18.25 18.93 19.44 18.98 19.25 20.20 20.20 20.20 20.20 20.20 21.32 21.32 21.32 21.32 21.32 21.06 21.26 21.26 21.26 21.26 21.26 21.26 20.24 20.24 20.24 20.24
19.53 18.39 18.04 18.65 18.59 18.85 18.38 19.68 19.63 19.15 18.18 17.67 17.00 18.59 19.26 20.35 19.27 19.95 19.34 19.51 19.39 20.06 19.77 19.68 19.78 19.71 18.90 19.54 19.86 18.78 19.14 17.50 18.58 18.79 20.34 20.42 19.76 19.81 19.67 19.77 19.40 19.57 19.59 19.43 18.61 19.06 18.92 18.45 17.84 18.57 17.81 18.66 19.63 20.11 20.17 20.42 20.43 20.43 20.43 20.21 20.21 21.32 21.32 21.32 21.32 21.32 21.06 21.26 21.26 21.26 21.26 21.26 21.24 20.24 20.24 20.24 20.24
19.70 18.40 18.63 18.43 17.77 18.63 18.38 19.52 20.25 20.13 18.78 18.14 18.17 18.30 18.94 19.98 19.38 20.42 20.13 20.04 18.99 19.73 20.00 19.60 19.77 19.69 19.09 19.32 18.69 19.11 19.35 19.19 18.74 19.04 19.61 18.68 19.09 19.23 19.99 19.61 20.11 20.21 19.67 18.90 19.24 18.17 18.51 17.41 18.20 18.45 17.53 17.56 18.76 19.03 19.91 20.04 19.73 19.73 20.21 20.21 20.21 21.21 21.21 21.21 21.21 21.21 21.06 21.26 21.26 21.26 21.24 21.24 21.12 20.24 20.24 20.24 20.24
19.93 19.61 18.26 18.90 18.50 17.45 18.19 19.70 19.49 19.55 18.70 18.05 17.41 18.00 18.92 19.34 19.61 19.80 20.55 20.24 19.67 18.82 19.30 19.44 19.71 19.71 18.54 18.71 19.57 18.59 19.75 20.47 19.66 19.56 19.29 18.48 18.80 18.95 19.62 19.82 20.15 20.36 20.21 19.43 19.10 19.30 18.95 18.10 17.75 16.42 15.40 16.33 17.51 18.26 18.81 18.88 19.21 20.21 20.21 20.21 21.22 21.21 21.21 21.21 21.21 21.23 21.23 21.25 21.25 21.24 21.24 21.12 21.12 20.24 20.24 20.24 20.24
19.38 18.88 17.94 17.61 18.00 17.78 17.64 18.61 19.01 19.37 18.71 18.70 18.57 18.73 18.72 18.97 18.54 19.04 19.45 20.70 20.93 20.69 20.40 19.43 19.72 19.66 19.36 19.30 19.26 18.01 18.70 18.93 18.77 18.98 19.19 18.95 18.70 19.01 19.52 20.13 20.33 20.42 20.25 19.95 19.24 19.65 18.61 19.87 18.46 16.44 16.95 17.38 18.08 17.79 18.38 18.92 19.65 20.54 20.54 21.22 21.37 21.37 21.21 21.46 21.46 21.46 21.33 21.27 21.24 21.24 21.12 21.12 19.73 20.24 20.24 20.24 20.24
19.30 19.01 18.91 18.52 18.31 17.73 17.06 16.95 19.04 19.44 19.29 19.23 19.00 18.72 19.10 19.51 18.53 18.97 18.79 19.55 20.11 19.69 20.20 19.53 19.60 20.10 20.09 19.29 17.39 17.14 17.22 17.81 18.39 18.35 18.98 19.15 18.89 19.09 18.94 19.90 19.93 20.21 20.45 20.50 19.33 19.95 16.22 16.64 15.99 17.22 17.95 18.19 18.43 18.29 18.69 19.66 20.32 20.70 21.22 21.22 21.37 21.37 21.39 21.31 21.31 21.31 21.39 21.36 21.21 21.12 21.12 21.12 19.73 19.73 20.24 20.24 20.24
19.11 18.98 18.86 19.00 19.02 17.90 18.66 18.90 19.87 20.07 19.77 19.86 18.67 18.20 17.81 19.45 20.14 19.02 18.99 19.34 19.71 19.77 20.80 20.93 20.46 20.28 19.74 18.62 18.10 16.75 16.69 17.45 18.13 18.67 19.05 19.15 19.56 19.52 19.69 19.56 18.47 20.09 19.77 19.50 20.00 18.92 18.20 17.04 17.04 18.37 19.38 19.03 19.55 19.66 19.15 19.64 20.31 20.73 21.35 21.31 21.37 21.37 21.39 21.39 21.31 21.31 21.18 20.91 21.03 20.40 20.40 19.62 19.73 19.73 19.73 20.04 20.04
19.56 19.23 19.26 18.77 19.20 18.83 19.33 19.42 19.68 20.09 20.13 19.10 19.70 18.64 18.87 19.49 19.34 19.58 18.76 19.13 19.02 18.80 19.37 19.56 19.87 19.54 19.04 18.11 17.74 18.50 18.32 17.38 18.05 19.06 19.67 19.11 19.42 19.41 19.19 19.27 18.68 19.13 18.51 18.51 19.01 18.46 17.82 17.67 16.90 18.36 19.26 19.10 19.08 19.35 18.82 19.64 20.34 20.78 20.90 21.00 21.37 21.39 21.39 21.39 21.15 20.88 20.88 19.35 20.03 19.97 19.78 19.62 19.73 19.73 19.16 20.37 20.37
18.97 18.84 19.04 17.99 18.72 18.59 18.44 18.88 19.07 18.23 19.44 19.53 20.06 19.77 19.48 19.51 19.46 18.68 19.18 19.87 19.42 18.79 18.23 18.18 19.13 18.45 19.18 18.04 17.78 18.37 18.59 17.88 18.74 19.18 19.45 18.86 19.39 19.77 19.64 19.33 18.07 18.25 19.04 19.03 19.79 19.37 17.24 17.04 18.35 18.02 17.40 18.03 18.54 18.68 18.99 19.45 20.40 20.83 20.65 21.09 21.09 21.32 21.21 21.15 21.15 20.88 20.88 19.13 18.67 18.58 18.76 18.61 18.15 19.16 19.16 19.69 20.37
18.94 19.31 19.18 19.32 18.31 18.27 18.89 19.69 19.17 18.90 19.35 19.29 18.88 18.51 19.22 18.93 19.70 17.89 18.36 18.92 19.26 19.03 18.88 18.69 19.02 18.86 19.18 18.40 17.74 17.70 17.06 17.78 17.68 19.25 18.92 19.19 19.12 19.35 19.28 18.41 18.74 18.47 18.27 18.99 18.99 17.93 16.73 17.76 18.52 16.98 18.18 18.17 18.70 18.70 19.47 20.46 21.04 21.02 20.35 20.85 21.27 21.02 20.59 20.33 20.44 20.44 19.21 19.21 17.47 17.11 17.74 17.44 17.92 18.42 19.42 19.69 19.69
18.25 18.85 19.29 19.34 18.48 18.58 19.19 20.14 19.56 19.88 19.45 18.98 18.73 18.66 18.88 18.48 17.63 18.80 17.90 19.01 19.40 19.47 18.82 19.13 19.47 18.87 18.74 18.34 17.80 17.94 18.01 18.63 18.17 18.49 18.02 18.68 18.66 17.73 19.02 18.59 19.21 18.56 18.87 19.18 18.41 17.43 17.00 18.30 17.63 16.77 17.14 16.44 16.96 18.66 19.73 20.34 20.39 20.93 20.45 20.58 20.98 20.63 19.46 19.01 18.61 18.86 18.86 19.61 16.60 16.23 16.77 17.64 18.29 18.35 18.06 17.64 18.21
18.89 19.31 19.12 18.81 17.95 18.02 18.49 18.43 19.49 20.27 20.12 19.39 19.76 19.11 18.42 18.24 18.13 18.03 17.10 18.69 18.55 18.87 19.11 19.39 18.92 17.66 18.97 18.12 17.24 18.01 18.71 18.86 18.29 17.98 18.15 18.77 17.89 18.90 18.97 19.05 18.86 18.83 18.92 19.35 19.09 17.10 18.72 18.05 16.71 16.88 17.21 17.24 18.59 18.91 18.48 19.19 19.34 20.47 20.79 19.97 20.04 19.45 19.26 17.53 17.99 19.04 19.77 18.98 17.19 15.70 16.39 17.99 16.67 17.47 17.43 17.57 17.75
18.93 19.16 19.30 19.14 18.17 17.72 18.51 18.42 18.83 19.16 18.81 19.56 20.11 19.01 18.47 19.30 19.12 18.81 17.17 17.80 18.47 18.52 18.22 18.56 18.84 18.79 18.44 18.11 17.59 17.17 16.68 17.89 18.07 17.83 18.42 19.01 18.60 18.24 18.90 18.57 17.80 18.92 19.08 19.68 18.67 18.09 17.55 16.41 17.08 17.62 17.31 17.61 18.63 18.12 18.40 17.94 19.02 19.74 20.37 19.39 17.14 16.99 17.01 16.68 18.96 18.72 18.37 18.19 17.99 16.61 16.65 18.27 18.00 16.23 16.35 17.75 17.99
18.47 19.31 18.59 19.36 18.74 17.58 17.59 17.26 18.00 18.99 19.19 19.26 19.25 18.61 18.10 19.50 19.07 17.96 18.42 15.74 15.83 16.60 16.74 18.00 18.43 18.28 19.17 18.36 17.32 17.63 16.93 17.95 18.56 18.04 18.75 19.07 18.24 18.22 17.98 17.42 17.77 18.43 18.76 19.24 18.60 17.97 15.90 16.51 17.64 17.40 16.69 17.44 19.05 19.32 18.93 19.61 19.42 20.42 20.14 17.41 17.57 17.16 15.53 16.64 19.32 18.53 18.63 18.01 18.03 17.75 19.65 17.32 18.29 17.32 16.97 18.14 17.24
16.14 17.84 17.75 18.20 18.87 18.27 17.27 17.69 18.42 19.50 20.11 19.94 19.09 18.61 18.05 18.74 17.24 17.13 17.71 16.87 17.14 17.52 17.82 18.73 18.43 18.20 18.22 17.76 16.30 16.14 17.10 17.54 17.85 17.83 17.16 17.67 18.69 18.26 17.49 17.73 18.12 18.00 18.52 18.58 18.61 19.09 16.76 16.06 16.30 16.60 16.31 17.09 18.25 19.60 19.59 20.14 20.31 20.03 19.44 19.74 18.41 17.22 16.75 18.31 19.49 18.33 17.88 17.54 18.66 19.10 18.93 17.18 16.61 16.17 17.39 16.69 16.99
18.10 18.57 18.56 18.83 18.62 18.16 16.64 17.76 18.20 18.38 18.70 19.22 19.67 18.24 18.01 17.92 18.46 16.84 16.97 17.11 17.76 18.73 18.82 18.06 18.59 19.33 19.21 18.28 16.74 17.53 17.51 18.62 19.01 17.98 16.98 16.69 17.41 16.94 17.95 18.88 18.67 18.44 18.31 19.18 17.87 18.09 16.38 15.92 15.93 16.20 16.78 17.31 18.32 18.62 20.46 20.37 19.46 18.53 18.18 19.32 16.82 14.86 16.87 18.37 19.43 18.59 18.91 19.18 18.93 18.09 18.73 17.01 17.82 17.39 16.94 16.37 17.01
18.51 18.82 19.47 19.69 19.11 18.47 18.65 18.24 18.19 17.66 17.70 18.30 18.62 18.51 18.77 18.33 18.04 17.28 15.62 15.66 17.69 19.26 17.53 17.75 18.22 19.41 19.49 18.49 18.19 17.33 18.26 17.58 18.27 17.44 17.08 16.75 16.82 16.38 16.90 17.74 18.23 18.70 18.83 19.36 19.64 18.84 18.20 16.71 16.83 18.64 17.52 16.86 17.84 18.64 20.09 19.97 18.60 18.42 18.75 19.92 17.78 16.63 17.90 18.66 18.93 18.45 19.36 19.24 18.99 18.86 18.80 18.04 18.24 17.42 17.77 17.67 17.47
17.83 18.77 19.23 19.44 19.32 19.41 18.78 18.10 17.29 17.59 17.96 18.21 18.49 18.03 18.14 17.24 15.91 16.44 17.92 16.22 17.11 18.00 19.08 19.32 19.06 19.24 19.07 17.81 18.02 17.14 18.26 17.61 18.08 18.23 17.58 16.18 15.39 16.48 16.21 16.86 17.53 18.60 18.40 19.30 19.09 18.38 18.55 18.27 18.42 18.58 18.10 18.89 17.97 17.82 18.37 17.19 18.41 19.06 19.93 19.45 18.06 18.28 16.91 17.89 18.99 19.72 20.04 18.89 19.20 19.02 17.95 18.39 18.16 17.86 18.24 18.09 18.27
17.61 17.80 18.47 19.48 19.62 19.63 19.54 18.96 18.66 17.04 16.96 17.58 17.71 17.50 17.45 17.52 17.14 18.00 17.21 16.69 17.09 17.58 18.27 19.24 18.82 18.85 19.32 18.50 18.19 17.80 16.64 16.86 17.61 17.87 17.78 16.71 16.14 15.90 15.22 16.49 17.91 18.27 18.58 18.60 17.55 19.08 18.95 19.53 20.00 19.70 18.81 17.78 15.82 17.57 18.09 16.76 17.99 19.43 18.96 17.28 17.57 17.57 17.42 17.88 18.30 19.50 19.82 20.05 19.46 19.06 18.66 19.50 19.40 18.24 18.56 18.15 18.05
17.53 17.52 17.41 17.83 18.32 18.88 19.07 19.11 18.63 18.39 16.90 16.33 17.13 17.57 16.98 17.24 17.55 18.61 17.59 18.04 17.22 17.64 17.07 18.27 18.84 19.49 19.46 18.43 17.98 17.59 16.81 18.58 18.97 18.95 17.68 18.01 16.32 14.98 15.95 17.76 17.89 17.97 17.59 18.55 17.23 18.37 18.59 18.42 19.33 19.98 19.37 19.17 17.91 17.58 17.33 18.15 18.25 18.27 17.20 17.43 17.41 18.00 17.37 17.35 18.66 18.60 19.64 20.60 19.77 18.55 19.35 20.08 19.40 18.05 18.59 18.35 19.10
17.95 17.45 18.17 18.19 17.82 17.80 17.48 18.66 18.82 18.07 18.32 18.38 17.96 17.74 17.58 17.40 17.83 17.42 17.71 17.25 16.55 18.04 18.81 18.92 19.48 19.51 19.41 17.79 18.69 18.66 17.69 17.53 17.89 18.74 19.37 17.30 17.87 14.44 15.74 17.09 17.81 17.86 18.88 18.82 19.43 19.02 17.81 17.37 18.19 18.92 19.12 17.93 17.11 16.30 16.47 18.28 18.76 18.74 19.46 18.11 18.75 19.72 18.10 17.59 18.26 18.78 19.92 20.32 20.26 20.22 20.40 20.48 19.86 19.28 19.46 19.11 19.55
18.50 18.37 18.52 18.27 17.73 17.50 17.51 17.43 18.05 17.83 18.43 18.78 18.04 17.83 18.06 17.23 17.88 17.53 18.11 17.31 17.44 18.40 19.45 19.32 20.14 19.68 18.43 18.56 17.55 17.28 16.62 17.65 17.73 18.41 18.63 16.74 16.24 15.35 15.07 16.26 17.51 18.13 18.77 18.63 19.50 19.43 19.08 18.69 18.51 19.57 19.11 18.96 18.08 17.95 17.92 18.83 19.11 18.46 19.50 18.58 18.93 17.99 17.34 17.81 18.83 19.40 19.90 19.78 19.27 20.18 20.19 19.14 20.10 20.31 19.16 19.07 18.03
18.40 18.79 18.43 18.65 18.68 18.62 18.41 18.03 17.81 17.85 17.71 18.33 19.34 19.29 18.75 18.52 18.26 17.69 17.73 17.13 17.85 18.71 18.83 18.93 18.21 17.96 18.69 17.75 17.53 18.20 17.88 18.22 17.51 18.47 18.48 17.59 15.90 17.01 16.41 17.15 16.81 18.25 17.97 17.29 18.10 16.73 18.83 19.30 19.84 20.08 19.57 18.72 17.52 15.66 15.50 17.59 17.86 19.34 18.73 19.49 17.29 16.66 16.94 18.29 19.25 20.16 20.28 19.86 19.33 19.08 18.61 19.53 19.98 20.26 19.79 18.18 17.56
18.09 18.23 18.55 19.41 18.38 19.04 18.93 18.89 18.46 17.84 18.86 19.38 19.44 19.01 18.46 18.87 18.90 19.20 18.76 18.87 19.11 19.07 18.68 18.17 17.60 17.65 19.33 18.64 17.64 16.27 16.71 17.41 17.02 17.85 17.59 17.70 16.71 17.37 17.71 18.12 17.81 17.57 18.01 17.36 17.86 17.61 17.85 18.79 19.69 19.37 19.58 19.25 18.77 17.42 16.57 18.02 18.31 19.33 19.15 18.77 16.31 17.52 18.77 18.50 19.67 20.55 20.36 19.32 20.11 19.54 18.93 19.08 19.57 20.18 19.65 17.62 18.33
19.30 18.95 19.02 19.22 18.78 18.86 19.92 19.78 19.56 19.04 19.09 19.13 19.23 19.48 18.89 19.10 19.37 18.85 18.00 17.38 17.81 18.14 18.25 17.92 18.52 18.02 18.72 17.15 17.79 15.79 15.96 17.05 16.80 18.52 18.83 18.27 18.63 18.37 17.38 18.22 17.24 17.20 17.24 17.03 18.18 18.08 18.35 18.61 17.93 18.80 18.54 17.86 19.15 19.49 17.23 19.14 17.69 19.26 18.92 17.60 17.44 18.29 18.51 19.25 20.25 20.53 20.32 19.00 18.45 18.72 18.48 19.11 19.77 20.15 19.26 19.01 18.51
18.55 18.68 18.89 19.43 19.03 19.50 20.25 19.89 19.29 18.75 18.96 18.68 19.39 19.20 19.29 19.36 18.87 19.47 18.59 18.61 18.05 17.96 18.13 18.10 18.66 18.45 17.77 18.24 18.00 16.17 17.26 17.46 18.16 18.88 19.01 18.70 19.22 18.75 17.74 18.39 18.35 16.98 16.86 16.73 17.30 17.89 18.77 19.28 19.08 19.16 18.72 18.44 19.03 19.15 18.23 19.83 19.01 18.65 17.92 18.03 17.75 17.72 18.82 19.89 20.27 20.38 20.27 18.43 19.17 18.15 19.14 19.58 19.62 18.91 18.72 19.46 18.79
18.49 18.85 18.78 19.41 20.13 20.02 20.05 19.90 19.18 18.52 17.69 17.99 18.08 18.20 18.20 19.02 18.55 18.29 17.23 17.06 17.30 18.34 18.21 18.20 18.32 17.97 17.50 17.72 17.95 17.73 18.36 18.42 18.74 18.84 18.88 18.94 18.74 19.52 18.36 18.38 17.87 16.63 17.26 16.19 16.03 17.86 19.58 19.59 19.28 19.70 18.41 17.39 17.87 17.67 18.17 19.51 19.20 17.02 17.71 18.45 18.73 18.62 18.75 19.79 19.94 20.11 19.81 20.15 19.56 19.74 19.80 19.36 18.03 18.09 18.66 19.17 19.73
17.89 18.42 18.75 19.28 19.39 19.86 20.11 19.54 18.32 18.49 18.52 18.07 17.30 17.72 17.82 18.63 18.67 17.63 16.85 17.04 17.70 17.56 18.19 18.40 18.57 18.29 17.23 17.55 18.43 18.88 19.57 19.82 19.25 19.79 19.16 18.94 19.45 19.78 19.49 17.46 17.58 17.87 17.68 17.38 17.23 17.49 17.71 18.59 19.27 19.20 17.37 17.23 17.07 18.04 18.99 19.69 18.17 16.06 17.69 18.00 18.48 18.28 19.23 19.82 19.55 19.70 19.77 19.33 20.35 20.09 19.20 18.03 16.92 17.74 19.04 19.05 18.10
18.13 19.30 18.71 18.59 19.12 18.45 19.24 18.87 18.77 18.78 19.06 18.79 18.01 18.15 18.77 18.59 17.25 17.63 17.29 17.50 17.38 16.57 17.31 18.29 18.61 18.42 18.50 18.47 18.59 19.43 20.46 19.87 19.93 19.87 19.61 19.37 19.96 19.33 19.56 18.88 18.16 18.75 18.80 19.72 19.60 18.88 17.46 17.82 19.29 17.98 16.99 16.65 16.93 17.44 18.00 17.99 16.92 16.06 17.39 17.52 17.53 17.70 19.20 19.68 19.17 19.84 19.76 20.27 20.47 19.90 18.69 18.03 17.29 18.92 19.39 19.32 18.70
18.31 18.75 19.69 19.72 19.38 18.59 18.52 18.66 18.93 19.28 18.78 19.59 19.64 19.09 19.22 17.98 17.52 18.02 17.95 17.47 17.61 17.42 16.92 18.03 18.34 18.97 19.17 19.31 19.28 19.85 20.20 19.98 20.04 19.35 19.00 19.73 18.99 19.87 19.45 19.55 19.13 18.07 17.40 18.91 18.65 19.64 18.32 18.12 18.60 17.41 18.08 18.19 18.93 18.53 18.74 17.80 17.37 16.85 16.94 16.75 17.37 17.21 18.00 18.85 18.67 19.17 19.94 20.35 20.29 19.18 19.43 19.37 18.97 19.15 19.53 19.26 18.30
17.51 18.06 18.56 18.38 18.30 19.13 19.63 19.54 18.86 19.30 19.84 19.03 18.40 18.62 16.68 16.94 18.43 18.36 18.36 17.17 16.70 17.13 17.89 18.52 18.95 19.63 19.41 18.22 18.56 19.81 20.15 18.74 19.10 18.40 19.08 19.41 19.41 19.81 19.96 20.16 19.70 18.53 17.70 17.48 18.02 17.86 18.78 17.76 18.04 19.13 19.36 18.02 18.21 18.66 18.91 18.16 16.59 16.83 17.28 17.39 17.76 18.14 18.26 18.73 18.04 19.09 19.74 20.13 20.02 19.18 20.12 20.41 18.69 17.89 18.45 19.45 17.77
