main/data/irradiance/30.07.2023.grid
ncols 839
nrows 679
xllcenter 112.0500
yllcenter -43.9500
cellsize 0.0500
nodata_value 99999.90
[rows 408 to 441 of 679, columns 308 to 384 of 839]
14.58 14.64 14.69 14.62 14.65 14.66 14.64 14.65 14.67 14.64 14.66 14.60 14.61 14.54 14.59 14.62 14.55 14.55 14.58 14.58 14.52 14.60 14.60 14.63 14.64 14.70 14.70 14.70 14.70 14.67 14.74 14.68 14.69 14.74 14.72 14.72 14.67 14.64 14.63 14.66 14.61 14.62 14.67 14.66 14.66 14.67 14.65 14.65 14.64 14.64 14.64 14.64 14.64 14.65 14.66 14.65 14.71 14.73 14.71 14.67 14.67 14.64 14.67 14.68 14.67 14.72 14.71 14.68 14.66 14.69 14.66 14.65 14.65 14.67 14.67 14.68 14.64
14.61 14.57 14.59 14.65 14.59 14.56 14.65 14.65 14.62 14.63 14.58 14.60 14.56 14.52 14.54 14.44 14.57 14.55 14.61 14.57 14.56 14.62 14.57 14.58 14.60 14.64 14.63 14.62 14.63 14.68 14.66 14.70 14.65 14.67 14.66 14.71 14.66 14.63 14.58 14.60 14.62 14.60 14.60 14.60 14.61 14.61 14.61 14.60 14.60 14.61 14.62 14.62 14.63 14.62 14.61 14.61 14.64 14.67 14.67 14.65 14.67 14.66 14.65 14.62 14.62 14.65 14.67 14.66 14.64 14.65 14.65 14.64 14.62 14.63 14.61 14.63 14.62
14.59 14.62 14.59 14.55 14.57 14.59 14.60 14.59 14.57 14.58 14.52 14.56 14.53 14.51 14.49 14.47 14.48 14.49 14.41 14.55 14.59 14.61 14.56 14.60 14.60 14.61 14.60 14.61 14.63 14.62 14.62 14.63 14.64 14.65 14.64 14.64 14.58 14.60 14.61 14.57 14.57 14.58 14.57 14.54 14.56 14.56 14.56 14.57 14.57 14.58 14.58 14.59 14.61 14.62 14.61 14.60 14.60 14.63 14.67 14.62 14.64 14.63 14.62 14.59 14.59 14.62 14.62 14.64 14.63 14.63 14.64 14.66 14.63 14.64 14.62 14.61 14.63
14.45 14.56 14.59 14.55 14.60 14.62 14.54 14.60 14.50 14.58 14.52 14.55 14.58 14.56 14.52 14.45 14.44 14.48 14.50 14.52 14.52 14.56 14.56 14.56 14.58 14.56 14.56 14.59 14.59 14.60 14.58 14.53 14.55 14.58 14.64 14.61 14.59 14.54 14.53 14.55 14.57 14.56 14.55 14.56 14.52 14.55 14.52 14.52 14.55 14.54 14.55 14.54 14.59 14.58 14.59 14.57 14.56 14.58 14.60 14.61 14.62 14.58 14.57 14.58 14.59 14.60 14.60 14.59 14.60 14.58 14.59 14.58 14.60 14.62 14.62 14.61 14.62
14.45 14.47 14.50 14.40 14.51 14.48 14.51 14.52 14.52 14.50 14.54 14.55 14.54 14.47 14.54 14.50 14.51 14.48 14.45 14.48 14.47 14.48 14.50 14.47 14.55 14.56 14.58 14.53 14.53 14.51 14.54 14.56 14.54 14.52 14.55 14.55 14.55 14.53 14.51 14.47 14.44 14.46 14.49 14.58 14.55 14.50 14.54 14.52 14.53 14.51 14.53 14.52 14.55 14.56 14.58 14.56 14.56 14.59 14.57 14.55 14.59 14.59 14.56 14.57 14.58 14.59 14.58 14.60 14.59 14.57 14.56 14.58 14.56 14.58 14.59 14.63 14.60
14.42 14.41 14.50 14.43 14.41 14.42 14.37 14.50 14.47 14.53 14.47 14.38 14.51 14.52 14.53 14.50 14.49 14.49 14.41 14.49 14.48 14.43 14.41 14.45 14.48 14.48 14.51 14.49 14.50 14.51 14.47 14.47 14.49 14.51 14.52 14.50 14.50 14.50 14.49 14.47 14.47 14.47 14.50 14.50 14.49 14.51 14.48 14.49 14.50 14.47 14.48 14.47 14.47 14.45 14.49 14.51 14.51 14.50 14.50 14.48 14.51 14.52 14.52 14.51 14.52 14.54 14.52 14.53 14.55 14.51 14.52 14.51 14.51 14.52 14.54 14.53 14.53
14.36 14.50 14.37 14.39 14.43 14.34 14.37 14.34 14.42 14.42 14.44 14.45 14.40 14.39 14.38 14.43 14.49 14.49 14.43 14.41 14.40 14.43 14.36 14.38 14.40 14.38 14.40 14.42 14.45 14.45 14.45 14.47 14.45 14.48 14.48 14.47 14.47 14.48 14.50 14.50 14.49 14.50 14.49 14.44 14.48 14.44 14.44 14.44 14.44 14.48 14.45 14.40 14.44 14.46 14.45 14.40 14.42 14.42 14.42 14.46 14.43 14.48 14.47 14.47 14.48 14.49 14.52 14.49 14.49 14.48 14.48 14.50 14.50 14.50 14.51 14.48 14.50
14.40 14.28 14.22 14.28 14.30 14.23 14.35 14.34 14.34 14.35 14.37 14.42 14.38 14.43 14.38 14.42 14.38 14.40 14.40 14.42 14.41 14.41 14.41 14.42 14.42 14.41 14.37 14.34 14.40 14.46 14.43 14.42 14.43 14.44 14.45 14.46 14.49 14.51 14.50 14.47 14.47 14.46 14.45 14.44 14.43 14.38 14.43 14.48 14.43 14.37 14.40 14.37 14.39 14.34 14.36 14.35 14.32 14.38 14.37 14.34 14.37 14.42 14.42 14.44 14.44 14.47 14.46 14.47 14.44 14.46 14.45 14.48 14.50 14.48 14.48 14.47 14.44
14.15 14.31 14.34 14.21 14.28 14.31 14.26 14.44 14.28 14.33 14.36 14.37 14.24 14.24 14.29 14.27 14.33 14.42 14.41 14.36 14.40 14.35 14.39 14.28 14.44 14.45 14.36 14.39 14.30 14.36 14.37 14.37 14.38 14.38 14.45 14.43 14.44 14.45 14.43 14.43 14.42 14.38 14.43 14.38 14.38 14.36 14.37 14.39 14.39 14.34 14.35 14.22 14.26 14.27 14.27 14.30 14.38 14.34 14.35 14.34 14.35 14.35 14.42 14.39 14.41 14.42 14.44 14.45 14.43 14.42 14.41 14.43 14.49 14.47 14.45 14.42 14.42
14.34 14.16 14.35 14.26 14.26 14.23 14.05 14.17 14.37 14.29 14.37 14.11 14.37 14.25 14.30 14.20 14.33 14.36 14.33 14.38 14.39 14.40 14.36 14.34 14.37 14.34 14.37 14.30 14.32 14.29 14.27 14.34 14.28 14.34 14.27 14.38 14.42 14.42 14.40 14.39 14.41 14.38 14.39 14.38 14.36 14.36 14.32 14.34 14.28 14.25 14.29 14.29 14.20 14.21 14.34 14.29 14.31 14.26 14.35 14.34 14.34 14.33 14.35 14.34 14.34 14.41 14.40 14.41 14.42 14.43 14.40 14.40 14.42 14.45 14.42 14.39 14.37
14.06 14.34 14.23 14.31 14.19 14.19 14.20 14.08 14.20 14.12 14.26 14.31 14.17 14.19 14.23 14.34 14.23 14.25 14.33 14.36 14.32 14.27 14.30 14.35 14.28 14.29 14.25 14.35 14.29 14.33 14.15 14.20 14.20 14.31 14.28 14.37 14.34 14.24 14.31 14.29 14.32 14.33 14.37 14.32 14.30 14.33 14.29 14.33 14.30 14.24 14.21 14.19 14.26 14.26 14.31 14.24 14.30 14.30 14.25 14.28 14.29 14.30 14.33 14.32 14.34 14.32 14.35 14.34 14.41 14.40 14.39 14.41 14.41 14.43 14.42 14.36 14.36
14.23 14.26 14.23 14.25 14.29 14.27 14.30 14.23 14.09 14.00 14.12 14.20 14.14 14.16 13.95 14.04 14.26 14.22 14.21 14.27 14.26 14.31 14.28 14.34 14.25 14.22 14.28 14.26 14.27 14.28 14.28 14.21 14.20 14.24 14.11 14.28 14.14 14.24 14.32 14.25 14.33 14.26 14.24 14.21 14.21 14.26 14.24 14.26 14.25 14.24 14.27 14.28 14.31 14.19 14.22 14.22 14.28 14.22 14.31 14.25 14.29 14.24 14.27 14.24 14.28 14.27 14.31 14.28 14.27 14.34 14.36 14.37 14.37 14.39 14.41 14.36 14.35
14.08 14.28 14.21 14.22 14.18 14.28 14.25 14.23 14.24 14.32 14.13 13.99 14.14 14.10 14.20 14.08 14.22 14.23 14.23 14.24 14.18 14.21 14.20 14.20 14.27 14.27 14.29 14.24 14.28 14.17 14.07 14.20 14.04 14.15 14.32 14.20 14.27 14.07 14.19 14.02 14.12 14.24 14.17 14.31 14.25 14.13 14.28 14.16 14.17 14.20 14.21 14.11 14.20 14.27 14.21 14.21 14.24 14.23 14.26 14.25 14.22 14.20 14.27 14.23 14.26 14.21 14.23 14.28 14.23 14.27 14.28 14.31 14.30 14.37 14.37 14.36 14.34
14.08 14.00 14.21 14.06 14.21 14.15 14.14 14.19 14.19 13.96 13.96 14.09 14.05 14.13 14.06 14.24 14.05 14.16 14.11 14.22 14.24 14.17 14.23 14.22 14.21 14.21 14.20 14.24 14.29 14.28 14.22 14.28 14.23 14.26 14.13 14.02 14.04 13.96 13.99 14.16 14.24 14.24 14.14 14.03 14.06 14.03 14.21 14.15 14.14 14.14 14.18 14.20 14.22 14.24 14.23 14.23 14.17 14.20 14.22 14.21 14.26 14.22 14.26 14.21 14.13 14.16 14.22 14.22 14.14 14.27 14.21 14.23 14.29 14.33 14.37 14.36 14.35
14.12 14.17 14.10 14.22 14.20 14.10 14.11 14.25 14.13 14.24 14.11 14.06 13.91 14.00 14.11 14.06 14.13 14.14 14.18 14.21 13.96 13.94 14.01 14.07 14.15 14.18 14.11 14.16 14.19 14.21 14.24 14.13 14.14 14.02 13.96 14.07 14.15 14.16 14.18 14.12 14.02 13.81 13.99 13.90 14.15 14.18 14.14 14.14 14.16 14.18 14.18 14.17 14.13 14.14 14.04 14.20 14.13 14.15 14.16 14.11 14.15 14.21 14.17 14.19 14.17 14.10 14.07 14.16 14.11 14.12 14.08 14.07 14.19 14.26 14.30 14.35 14.35
14.03 14.12 14.14 14.15 14.10 14.00 14.06 14.12 13.95 14.05 13.96 14.09 13.94 13.98 14.09 14.02 13.85 13.97 13.98 14.10 14.03 14.15 14.14 14.12 14.08 14.01 14.10 14.00 14.04 14.14 14.21 14.21 14.25 14.14 14.21 14.16 13.94 13.99 13.60 13.95 13.87 14.02 13.98 14.09 14.11 13.93 14.14 14.19 14.16 14.13 14.10 14.09 14.08 14.11 14.10 14.13 14.14 14.16 14.15 14.16 14.19 14.13 14.19 14.18 14.13 14.14 14.18 14.04 14.09 14.12 14.08 14.13 14.21 14.22 14.28 14.35 14.34
14.08 14.03 14.00 14.10 13.96 14.01 14.05 13.93 14.11 14.02 14.11 13.97 14.05 13.93 13.95 14.00 14.07 14.08 14.02 14.04 13.96 14.07 14.09 14.23 14.30 14.23 14.18 14.04 14.03 13.99 14.06 14.03 14.07 14.10 14.20 14.03 14.09 14.01 14.07 13.92 14.05 13.97 13.81 14.17 13.94 14.07 14.08 14.02 14.09 14.15 14.05 14.11 14.18 14.14 14.15 14.14 14.16 14.15 14.12 14.11 14.15 14.08 14.17 14.13 14.05 14.22 14.14 14.16 14.10 14.09 14.04 13.99 14.17 14.21 14.24 14.27 14.33
13.99 14.01 13.90 13.96 13.96 14.02 14.10 13.85 13.84 13.83 13.93 13.79 13.93 13.83 13.99 13.89 13.99 14.07 14.02 14.03 14.18 14.06 14.03 14.10 14.12 14.14 14.17 14.15 14.11 13.98 13.99 13.97 13.99 13.99 14.09 14.01 13.99 14.12 14.17 14.02 13.92 13.99 13.95 13.88 14.00 13.89 13.92 13.91 14.12 14.03 14.03 14.08 14.09 14.08 14.07 14.09 14.06 14.13 14.11 14.10 14.15 14.16 14.17 14.16 14.18 14.17 14.13 14.14 14.11 14.03 14.06 14.18 14.16 14.18 14.21 14.22 14.25
14.03 14.03 13.89 14.05 13.92 14.00 13.83 13.79 13.85 13.78 13.78 13.72 13.91 13.83 13.98 13.96 13.96 14.01 13.99 14.09 14.10 14.07 14.04 14.07 14.14 14.04 14.07 14.11 14.12 14.13 14.02 14.02 14.06 13.94 13.96 13.91 13.92 14.01 13.98 14.03 14.08 13.98 13.96 13.92 13.99 14.05 13.97 14.01 14.02 14.10 14.06 14.04 14.05 14.01 14.06 14.06 14.09 14.07 14.10 14.13 14.14 14.15 14.17 14.17 14.15 14.12 14.16 14.10 14.11 14.04 14.12 14.10 14.15 14.17 14.15 14.19 14.21
14.00 13.90 13.79 13.83 13.89 14.01 13.98 14.09 13.78 14.14 13.85 13.79 13.78 13.69 13.97 13.93 13.97 14.07 14.11 13.95 13.95 14.02 14.10 14.08 14.08 14.09 14.03 14.05 14.08 13.99 13.98 14.07 14.13 14.01 13.97 13.71 13.83 13.94 13.95 13.93 13.91 14.10 14.02 14.05 14.10 13.91 14.02 14.00 14.02 13.99 14.03 14.02 14.04 14.04 14.05 14.08 14.09 14.10 14.08 14.08 14.12 14.12 14.13 14.14 14.14 14.12 14.12 14.12 14.09 14.10 14.08 14.08 14.10 14.13 14.16 14.13 14.15
14.11 14.09 14.14 14.00 14.09 13.96 13.90 14.07 13.96 14.05 14.08 14.03 14.07 13.76 13.78 13.87 13.88 13.68 13.98 14.05 13.94 13.95 13.98 13.88 14.07 14.09 14.09 14.03 13.97 14.10 14.06 14.06 14.05 14.04 14.00 14.06 14.03 13.67 13.84 13.90 13.94 13.94 14.01 14.06 14.11 14.08 14.08 14.11 14.05 14.05 14.06 14.09 14.07 14.06 14.04 14.02 14.04 14.05 14.04 14.06 14.10 14.10 14.10 14.12 14.12 14.09 14.09 14.08 14.06 14.08 14.07 14.06 14.08 14.06 13.94 14.07 14.13
14.12 13.95 13.98 14.01 13.98 14.01 13.97 13.91 13.94 13.99 13.86 13.78 13.68 13.73 13.67 13.98 13.95 13.73 13.88 13.94 13.91 13.84 13.72 13.78 13.77 13.55 13.93 14.03 13.90 13.99 13.92 13.90 13.88 13.87 13.89 13.93 14.03 13.96 13.95 13.91 13.88 13.86 13.90 13.86 13.99 14.05 14.08 14.09 14.06 14.03 14.05 14.08 14.06 14.07 14.03 14.03 14.04 14.03 14.04 14.06 14.07 14.06 14.07 14.08 14.07 14.06 14.06 14.04 14.07 14.07 14.06 14.06 14.08 14.06 13.94 14.07 14.13
14.05 13.88 14.01 14.03 14.01 13.85 14.10 13.88 13.74 13.87 13.94 13.63 13.77 13.91 13.74 13.75 13.83 13.69 13.67 13.76 13.81 13.66 13.81 13.70 13.67 13.94 13.90 14.06 14.08 13.99 13.92 13.80 13.70 13.63 13.85 13.99 13.98 14.01 13.93 13.87 14.00 13.95 13.96 13.95 13.89 13.86 13.99 14.04 14.07 14.07 14.07 14.07 14.08 14.06 14.08 14.09 14.07 14.07 14.08 14.10 14.09 14.08 14.08 14.10 14.08 14.07 14.06 14.06 14.08 14.10 14.08 14.06 14.08 14.08 13.94 14.07 14.10
13.99 14.02 13.94 14.05 14.03 14.04 13.94 13.97 13.86 13.80 13.87 13.78 14.01 13.83 13.88 13.93 14.01 13.90 14.01 13.75 13.83 13.90 13.92 13.90 13.82 13.79 13.96 13.87 13.94 13.96 13.95 13.84 13.87 13.91 13.91 13.92 13.96 13.97 13.98 13.91 13.87 13.92 14.00 13.98 13.95 13.93 13.79 13.84 13.92 14.07 14.07 14.07 14.08 14.06 14.08 14.09 14.07 14.07 14.08 14.10 14.09 14.08 14.08 14.10 14.08 14.07 14.03 14.06 14.08 14.10 14.08 14.08 14.08 14.08 14.08 14.10 14.10
13.90 13.86 13.68 13.62 13.73 13.74 13.92 13.80 13.79 13.54 13.45 13.63 13.62 13.74 13.93 13.84 14.05 13.72 13.98 13.97 13.94 13.68 13.93 13.80 13.90 13.99 13.89 13.87 13.82 13.81 13.86 13.88 13.90 13.92 13.88 13.92 13.96 13.97 13.98 13.91 13.87 13.92 14.00 13.98 13.95 13.93 13.79 13.84 13.92 13.92 14.07 14.07 14.08 14.06 14.08 14.09 14.07 14.07 14.08 14.10 14.09 14.08 14.08 14.10 14.08 14.03 14.03 14.03 14.08 14.10 14.08 14.08 14.08 14.08 14.08 14.10 14.10
13.87 13.79 13.97 13.86 13.69 13.83 13.73 13.80 13.90 13.87 13.93 13.88 13.89 13.78 13.70 13.72 13.74 13.71 13.62 13.63 13.67 13.92 13.83 13.85 13.95 13.98 13.99 14.05 14.05 14.07 13.86 13.88 13.90 13.92 13.88 13.88 13.96 13.97 13.98 13.91 13.87 13.92 14.00 13.98 13.95 13.93 13.79 13.84 13.92 13.92 13.92 14.07 14.08 14.06 14.08 14.09 14.07 14.07 14.08 14.10 14.09 14.08 14.08 14.10 14.03 14.03 14.03 14.03 14.03 14.10 14.08 14.08 14.08 14.08 14.08 14.10 14.10
13.86 13.77 13.70 13.85 13.66 13.64 13.89 13.77 13.75 14.01 13.87 13.89 13.91 13.79 13.84 13.71 13.61 13.66 13.63 13.64 13.51 13.74 13.75 13.98 14.01 13.98 14.01 14.02 14.05 14.07 14.07 13.88 13.90 13.92 13.88 13.88 13.88 13.97 13.98 13.91 13.87 13.92 14.00 13.98 13.95 13.93 13.79 13.84 13.92 13.92 13.92 14.07 14.08 14.06 14.08 14.09 14.07 14.07 14.08 14.10 14.09 14.08 14.08 14.10 14.03 14.03 14.03 14.03 14.03 14.10 14.08 14.08 14.08 14.08 14.08 14.10 14.05
13.78 13.64 13.71 13.67 13.74 13.68 13.68 13.55 13.67 13.36 13.59 13.65 13.57 13.73 13.60 13.59 13.62 13.60 13.59 13.75 13.90 13.77 13.91 13.74 13.69 13.98 14.01 14.02 14.02 14.07 14.07 14.07 13.90 13.92 13.88 13.88 13.88 13.97 13.98 13.91 13.87 13.92 14.00 13.98 13.95 13.93 13.79 13.84 13.92 13.92 13.92 14.07 14.08 14.06 14.08 14.09 14.07 14.07 14.08 14.10 14.09 14.08 14.08 14.10 14.03 14.03 14.03 14.03 14.03 14.10 14.08 14.08 14.08 14.08 14.08 14.10 14.05
13.47 13.45 13.63 13.44 13.55 13.20 13.11 13.62 13.37 13.39 13.50 13.40 13.58 13.45 13.71 13.77 13.86 13.86 13.83 13.85 13.81 13.83 13.83 13.90 13.69 13.98 13.98 14.02 14.02 14.02 14.07 14.07 13.90 13.92 13.88 13.88 13.88 13.97 13.98 13.91 13.87 13.92 14.00 13.98 13.95 13.93 13.79 13.84 13.92 13.92 13.92 13.92 14.08 14.06 14.08 14.09 14.07 14.07 14.08 14.10 14.09 14.08 14.08 14.03 14.03 14.03 14.03 14.03 14.03 14.03 14.08 14.08 14.08 14.08 14.08 14.05 14.05
13.03 13.27 13.42 13.45 13.61 13.57 13.64 13.67 13.73 13.68 13.69 13.69 13.71 13.63 13.74 13.66 13.66 13.68 13.62 13.65 13.81 13.83 13.83 13.90 13.90 13.98 13.98 13.98 14.02 14.02 14.07 14.07 13.90 13.92 13.88 13.88 13.88 13.88 13.98 13.91 13.87 13.92 14.00 13.98 13.95 13.93 13.79 13.84 13.92 13.92 13.92 13.92 14.08 14.06 14.08 14.09 14.07 14.07 14.08 14.10 14.09 14.08 14.08 14.03 14.03 14.03 14.03 14.03 14.03 14.03 14.08 14.08 14.08 14.08 14.08 14.05 14.05
13.55 13.24 13.54 13.49 13.55 13.35 13.17 13.19 13.55 13.52 13.45 13.60 13.58 13.55 13.56 13.73 13.81 13.88 13.91 13.65 13.81 13.81 13.83 13.90 13.90 13.90 13.98 13.98 14.02 14.02 14.02 14.07 14.07 13.92 13.88 13.88 13.88 13.88 13.98 13.91 13.87 13.92 14.00 13.98 13.95 13.93 13.79 13.84 13.92 13.92 13.92 13.92 14.08 14.06 14.08 14.09 14.07 14.07 14.08 14.10 14.09 14.08 14.08 14.03 14.03 14.03 14.03 14.03 14.03 14.03 14.08 14.08 14.08 14.08 14.08 14.05 14.05
13.56 13.60 13.48 13.53 13.04 13.16 13.25 13.32 13.23 13.48 13.63 13.67 13.74 13.79 13.82 13.86 13.81 13.88 13.91 13.91 13.81 13.81 13.81 13.90 13.90 13.90 13.98 13.98 13.98 14.02 14.02 14.07 14.07 13.92 13.88 13.88 13.88 13.88 13.98 13.91 13.87 13.92 14.00 13.98 13.95 13.93 13.79 13.84 13.92 13.92 13.92 13.92 13.92 14.06 14.08 14.09 14.07 14.07 14.08 14.10 14.09 14.08 14.03 14.03 14.03 14.03 14.03 14.03 14.03 14.03 14.03 14.08 14.08 14.08 14.08 14.05 14.05
13.19 13.21 13.28 13.22 13.35 13.58 13.42 13.48 13.51 13.45 13.54 13.63 13.74 13.79 13.82 13.86 13.86 13.88 13.91 13.91 13.91 13.81 13.81 13.90 13.90 13.90 13.90 13.98 13.98 14.02 14.02 14.02 14.07 13.92 13.88 13.88 13.88 13.88 13.88 13.91 13.87 13.92 14.00 13.98 13.95 13.93 13.79 13.84 13.92 13.92 13.92 13.92 13.92 14.06 14.08 14.09 14.07 14.07 14.08 14.10 14.09 14.08 14.03 14.03 14.03 14.03 14.03 14.03 14.03 14.03 14.03 14.08 14.08 14.08 14.08 14.05 14.05
12.90 13.01 12.92 12.99 13.34 13.46 13.60 13.61 13.74 13.45 13.54 13.63 13.74 13.74 13.82 13.86 13.86 13.86 13.91 13.91 13.91 13.81 13.81 13.90 13.90 13.90 13.90 13.98 13.98 13.98 14.02 14.02 14.07 14.07 13.88 13.88 13.88 13.88 13.88 13.91 13.87 13.92 14.00 13.98 13.95 13.93 13.79 13.84 13.92 13.92 13.92 13.92 13.92 13.92 13.92 13.92 13.92 13.92 14.03 14.03 14.03 14.03 14.03 14.03 14.03 14.03 14.03 14.03 14.03 14.03 14.03 14.03 14.03 14.03 14.03 14.11 14.11
