main/data/irradiance/30.06.2023.grid
ncols 839
nrows 679
xllcenter 112.0500
yllcenter -43.9500
cellsize 0.0500
nodata_value 99999.90
[rows 280 to 314 of 679, columns 693 to 769 of 839]
12.02 12.20 12.00 11.97 11.93 12.48 12.80 12.55 12.45 12.92 12.76 12.50 12.46 12.32 11.60 11.63 11.62 11.46 10.88 10.99 11.00 10.61 10.55 10.23 10.60 10.87 10.99 11.01 11.36 11.41 11.69 11.76 12.15 12.02 12.23 12.32 12.01 12.33 11.78 11.44 11.00 11.48 11.37 11.69 11.86 12.19 11.60 11.04 11.53 11.86 11.55 12.36 12.52 12.85 13.10 13.15 12.54 12.73 12.79 13.28 12.84 12.41 12.59 12.65 11.86 11.76 12.40 12.83 13.05 13.58 13.72 13.79 13.90 14.04 13.90 13.98 14.38
12.13 11.92 12.09 11.97 12.42 12.29 12.44 12.62 12.19 12.44 12.21 12.32 12.60 12.75 12.13 12.18 12.29 11.96 11.64 11.61 11.32 11.33 11.11 11.24 11.14 11.50 11.07 11.22 11.96 12.13 12.22 11.13 11.44 11.76 12.26 12.51 12.34 12.40 12.55 12.34 11.65 11.34 11.18 11.12 11.21 11.54 11.49 11.36 11.13 11.29 11.11 11.50 12.40 12.69 12.57 12.25 12.10 12.09 12.48 12.25 12.39 11.97 12.36 12.67 12.39 12.08 11.32 11.72 12.32 12.75 13.16 13.44 13.63 13.51 13.53 13.64 13.59
12.19 12.21 11.71 11.71 11.79 12.04 12.06 11.84 12.18 12.49 12.59 12.50 12.59 12.15 11.58 12.15 12.11 12.37 12.31 12.03 11.65 11.96 11.99 11.65 11.63 11.44 12.01 11.88 11.94 12.10 12.35 11.54 11.13 11.25 11.96 12.11 12.01 12.19 12.69 12.88 12.43 12.31 11.85 11.13 11.18 11.50 11.66 11.71 11.59 11.56 11.07 11.59 11.67 11.97 12.25 11.95 11.84 11.88 11.92 11.56 11.83 11.80 11.53 11.99 12.21 12.07 12.12 12.02 12.74 13.26 12.98 12.97 13.50 13.17 13.34 13.24 13.49
12.29 12.18 12.16 11.72 11.60 11.47 12.08 12.49 12.68 12.75 12.56 12.21 12.52 12.08 11.58 12.05 11.97 11.94 11.70 12.08 12.29 12.12 11.87 11.83 11.75 12.02 11.91 12.07 12.32 12.36 12.52 12.35 11.84 11.38 11.62 11.39 11.33 11.77 12.34 12.33 12.42 12.46 12.29 12.40 12.34 12.10 11.35 11.14 11.44 11.75 11.49 11.32 11.65 11.48 11.57 11.66 12.03 12.49 11.67 11.81 12.42 12.35 12.23 12.22 12.66 12.20 12.48 12.16 12.48 13.08 12.34 12.55 12.95 12.90 12.95 13.01 13.29
12.54 12.86 12.83 12.99 12.25 12.01 11.83 12.03 12.30 12.48 12.25 12.48 12.41 12.12 11.98 12.37 12.79 11.87 12.07 11.74 11.93 12.20 12.20 12.04 12.11 12.73 12.79 12.34 12.11 12.50 12.92 13.00 13.03 12.48 12.43 12.07 11.76 12.10 12.40 13.08 13.06 12.79 12.59 12.27 12.39 12.30 12.27 11.84 11.35 11.35 11.52 11.88 12.25 12.09 12.09 12.61 12.76 12.87 12.11 11.38 11.50 11.39 11.45 11.84 12.22 12.31 12.51 12.43 12.56 13.02 13.15 12.62 12.65 12.61 12.09 12.87 13.12
12.08 12.30 12.31 12.58 12.52 12.55 12.47 11.86 11.68 12.28 12.11 12.13 12.31 12.18 11.92 11.85 12.09 12.23 12.03 11.95 12.07 11.58 11.84 11.86 11.71 12.46 12.58 12.59 12.66 12.75 13.19 13.42 13.48 12.94 12.51 12.60 12.47 12.00 12.24 12.76 12.71 12.94 13.08 13.13 13.08 12.44 12.18 12.13 12.21 12.41 12.29 11.97 12.28 12.21 12.76 12.85 12.99 13.31 12.51 11.57 11.33 10.74 11.45 11.57 11.75 12.03 12.47 12.77 13.44 12.98 13.08 13.27 13.59 13.29 12.70 12.12 12.45
11.93 11.72 11.88 11.90 11.79 11.95 12.98 12.66 12.38 12.58 12.46 12.38 12.33 12.13 12.16 11.89 11.76 11.90 11.90 12.01 11.80 11.64 11.60 11.57 11.57 12.11 12.43 12.62 12.60 12.66 12.73 12.93 13.10 13.07 12.88 12.78 12.86 12.72 12.58 12.31 12.54 12.69 12.57 12.76 13.01 12.99 12.79 12.59 12.38 12.58 12.42 12.42 12.54 12.48 12.76 12.55 13.11 13.48 13.44 12.89 12.13 11.46 11.58 11.91 11.75 11.54 12.31 13.03 13.50 13.55 13.75 13.87 13.97 13.78 13.66 13.62 13.40
12.05 11.91 11.88 11.67 11.32 11.32 11.66 12.08 12.54 12.44 12.15 12.34 12.00 11.98 12.32 12.10 11.77 11.81 12.16 12.06 11.98 11.26 11.42 11.65 11.88 12.14 12.65 12.65 12.29 12.44 12.01 12.28 12.73 13.24 13.35 13.18 13.23 13.27 13.00 12.79 12.75 12.82 12.60 12.67 12.91 13.29 13.14 13.02 12.94 12.92 12.87 12.59 12.60 12.55 12.52 12.60 12.89 13.26 13.70 13.93 13.26 12.16 12.17 12.12 12.30 12.35 12.64 12.42 12.73 13.44 13.83 13.74 13.84 14.17 14.17 13.78 13.63
12.23 12.26 12.43 12.62 12.12 11.59 11.46 11.15 11.82 12.36 12.06 12.14 12.13 12.29 12.31 12.02 12.07 12.33 12.45 12.26 11.94 11.62 11.69 11.67 11.96 12.29 12.40 12.47 12.42 12.73 12.67 12.65 12.88 13.37 13.64 13.19 13.17 13.41 13.12 12.81 12.89 13.23 13.15 13.16 13.04 13.08 12.78 12.84 12.98 12.74 12.63 12.41 11.79 12.03 11.95 12.06 12.30 12.59 13.07 13.38 13.90 13.02 13.03 12.98 13.04 12.97 13.17 13.20 13.24 13.58 13.85 14.02 13.72 13.69 13.62 13.66 13.75
11.95 11.97 12.23 12.76 12.86 12.82 12.59 12.17 11.72 11.71 12.23 12.70 12.25 12.27 12.16 12.19 12.05 12.26 12.63 12.41 12.43 12.56 12.32 12.37 12.41 12.33 12.24 12.34 12.66 12.59 12.78 12.80 12.81 12.80 13.07 13.08 13.16 13.29 13.26 12.89 12.93 12.90 12.70 12.78 13.01 13.34 12.97 12.69 12.79 12.67 12.35 11.94 11.78 12.09 11.86 11.94 12.31 12.39 12.62 13.05 13.28 13.34 13.31 13.62 13.28 13.27 13.27 13.25 13.39 13.27 13.20 13.40 13.50 13.60 13.29 12.98 13.41
12.39 12.41 12.25 12.12 12.16 12.61 12.69 12.98 12.74 12.31 12.24 12.24 12.63 12.02 12.06 12.34 12.44 12.33 12.63 12.54 12.14 12.06 12.38 12.49 12.52 12.60 12.33 12.16 12.57 12.55 12.39 12.67 12.70 12.45 12.47 12.92 12.88 12.60 13.10 13.15 13.49 13.08 12.75 12.66 12.60 12.42 12.71 12.47 12.75 12.92 12.54 12.37 12.35 12.20 12.47 12.67 12.79 12.60 12.77 13.12 13.37 13.40 13.44 13.46 13.39 13.21 12.97 13.30 13.24 13.41 13.36 13.44 13.62 13.31 13.18 12.95 13.24
12.39 12.33 11.84 12.27 12.56 12.63 12.60 12.77 12.79 12.23 12.10 12.55 12.86 12.30 12.10 12.51 12.60 12.19 12.65 12.89 12.87 12.48 12.27 12.45 12.51 12.61 12.70 12.50 12.33 12.46 12.65 12.37 12.29 12.25 12.04 12.67 12.83 12.52 12.89 13.01 12.95 13.03 13.04 13.00 12.81 12.63 12.51 12.69 12.72 12.68 12.62 12.64 12.85 12.58 12.69 12.71 12.87 12.87 13.03 13.19 13.25 13.41 13.47 13.53 13.60 13.35 12.92 13.07 13.09 13.18 13.04 13.05 13.42 13.48 13.49 13.28 13.18
12.30 12.43 12.36 12.30 12.46 12.73 12.84 13.00 12.92 12.50 11.43 11.38 12.06 12.52 12.73 12.32 12.53 12.01 12.06 12.43 12.69 12.60 12.32 12.16 12.39 12.83 12.80 13.00 12.52 12.59 12.47 12.74 12.50 12.10 12.44 12.53 12.84 12.69 12.90 13.10 13.08 12.79 12.73 12.87 12.78 12.82 12.41 12.37 12.63 12.53 12.76 12.84 13.30 13.50 13.32 13.19 13.12 13.27 13.25 13.21 13.15 13.01 13.18 13.38 13.48 13.78 13.56 13.47 13.23 13.34 13.40 13.27 13.15 13.21 13.21 13.29 13.30
12.39 11.87 12.11 12.35 12.46 12.87 12.75 12.73 12.77 12.93 12.84 12.20 12.03 12.17 12.51 12.35 12.35 12.62 12.07 11.75 12.31 12.48 12.57 12.38 12.29 12.62 12.84 12.97 12.74 13.21 12.92 12.82 12.76 12.64 12.46 12.54 12.78 12.92 12.45 12.39 12.78 12.72 12.41 12.46 12.86 12.69 12.58 12.56 12.40 12.40 12.68 12.57 12.84 12.93 13.21 13.10 13.01 13.08 13.06 13.10 13.29 13.29 13.20 13.17 13.21 13.42 13.59 13.59 13.55 13.49 13.56 13.84 13.42 13.18 13.26 13.44 13.76
13.37 13.01 12.65 12.60 12.23 12.43 12.33 12.32 12.43 13.02 12.78 12.34 12.37 12.63 12.54 12.66 12.33 12.16 12.08 11.56 11.84 12.50 12.80 12.69 12.56 12.46 12.77 12.62 12.65 12.92 13.30 13.19 13.09 12.88 12.54 12.89 13.00 13.02 12.51 12.18 12.33 12.49 12.61 12.51 12.58 12.86 12.81 12.57 12.27 12.43 12.59 12.49 12.48 12.27 12.28 12.35 12.66 12.70 12.56 12.96 13.09 13.19 13.10 12.99 13.21 13.13 13.22 13.19 13.32 13.41 13.68 13.57 13.78 13.81 13.83 14.08 13.81
13.53 13.33 13.17 12.63 12.56 12.58 12.17 12.10 12.23 12.46 12.45 12.06 12.24 12.60 12.64 12.70 12.47 12.40 12.43 12.36 12.09 12.36 12.56 12.59 12.44 12.32 12.18 12.35 12.83 13.15 13.16 13.25 13.27 12.96 12.77 12.81 13.18 13.24 13.23 12.93 12.93 12.94 12.76 12.42 12.74 12.37 12.46 12.68 12.60 12.16 12.36 12.52 12.69 12.23 12.24 12.22 12.30 12.15 12.24 12.54 12.76 12.86 13.00 13.20 13.24 12.96 13.21 12.96 12.83 12.86 13.23 13.31 13.69 13.84 14.03 14.14 13.95
13.20 13.10 13.18 13.08 12.96 12.96 12.60 12.39 12.30 12.22 12.30 11.92 11.95 12.32 12.54 12.48 12.51 12.90 12.78 12.56 12.41 12.53 12.29 12.45 12.46 12.40 12.45 12.61 12.73 13.12 13.10 13.07 12.89 12.88 12.95 12.92 13.05 13.03 13.23 13.35 13.45 13.38 13.24 12.99 12.59 12.54 12.53 12.69 12.98 12.80 12.57 12.57 12.89 12.73 12.56 12.46 12.57 12.43 12.57 12.72 12.48 12.87 12.84 13.31 13.12 13.37 13.23 13.44 13.28 13.26 13.21 13.34 13.76 13.96 14.12 14.22 14.25
13.00 12.71 12.93 13.38 13.42 13.10 12.85 12.71 12.52 12.60 12.62 12.37 12.58 12.98 12.99 12.67 12.51 12.51 12.85 12.85 12.86 12.72 12.76 12.40 12.26 12.64 12.84 12.32 12.91 12.88 12.87 12.93 12.96 12.97 12.92 13.03 12.99 13.20 13.18 13.20 13.19 13.58 13.02 12.83 12.88 12.96 13.12 12.98 12.99 12.71 12.88 12.98 13.18 13.08 12.81 12.87 12.82 12.96 12.83 12.96 13.10 13.06 13.14 13.42 13.31 13.56 13.78 13.57 13.71 13.89 14.06 13.86 13.71 13.90 14.17 14.22 14.42
13.19 12.78 13.05 13.43 13.24 13.39 13.23 13.16 13.25 13.31 13.22 13.01 12.93 13.09 13.35 13.42 13.44 13.16 12.93 13.17 12.92 12.50 12.54 12.27 12.28 12.37 12.60 12.80 12.88 12.61 12.53 12.69 12.87 13.10 13.13 13.05 12.91 13.02 13.00 13.09 12.83 12.89 13.01 12.72 13.06 13.27 12.96 12.76 13.02 12.84 12.46 12.79 12.97 13.07 12.90 13.10 13.22 13.16 13.23 13.17 13.27 13.47 13.43 13.61 13.65 13.53 13.84 14.12 13.93 14.06 14.02 13.94 14.05 14.06 14.05 14.17 14.31
13.04 12.74 12.85 13.01 13.26 13.27 13.07 12.93 13.10 12.97 12.99 13.38 13.29 13.47 13.52 13.40 13.63 13.36 12.52 13.10 13.22 12.84 12.74 12.79 12.84 12.80 12.96 13.01 13.05 12.93 12.60 12.48 12.70 12.67 12.88 13.12 13.29 13.02 12.34 13.13 13.35 13.07 13.20 13.11 13.09 12.93 12.86 13.00 12.95 12.93 12.78 12.76 12.89 12.96 13.15 13.07 13.10 13.28 13.56 13.39 13.41 13.57 13.71 13.81 13.96 14.03 14.16 14.08 14.17 14.04 14.04 13.90 14.09 14.11 14.00 14.09 13.76
13.48 13.16 13.47 13.70 13.57 13.08 13.26 13.38 12.66 12.81 12.99 13.22 13.48 13.49 13.62 13.84 13.86 13.87 13.59 13.01 13.08 13.33 12.95 12.87 13.01 13.06 13.03 12.70 12.76 13.00 12.83 12.69 12.49 12.54 12.64 12.60 12.96 12.98 12.62 12.60 12.99 13.32 13.30 13.23 13.14 13.19 12.96 13.08 13.36 13.39 13.34 13.28 13.14 13.05 13.48 13.30 13.18 13.37 13.27 13.56 13.53 13.51 13.73 13.99 14.02 14.09 14.39 14.37 14.12 13.93 13.91 13.97 14.02 13.95 14.02 14.15 14.01
13.46 13.22 13.76 13.87 13.89 14.07 14.33 13.61 13.27 13.46 13.52 13.66 13.55 13.56 13.82 13.76 13.80 13.82 13.65 13.48 13.45 13.62 13.45 13.26 13.04 12.69 12.92 12.74 12.53 12.55 12.74 12.82 12.86 12.96 12.74 12.78 12.66 12.92 13.16 12.76 12.84 13.34 13.47 13.33 13.38 12.88 13.07 13.25 13.33 13.36 13.05 12.95 12.93 13.08 13.72 13.77 13.52 13.44 13.18 13.25 13.55 13.68 13.78 14.00 14.30 14.35 14.31 14.11 13.95 13.40 13.51 13.76 13.84 14.10 14.19 14.25 14.17
13.72 13.72 13.34 13.57 13.72 13.93 14.03 13.87 13.84 13.55 13.29 13.18 13.45 13.64 13.84 14.00 13.77 13.51 13.42 13.36 13.46 13.35 13.22 13.33 13.10 12.79 12.94 12.94 13.24 13.01 12.88 12.78 13.01 13.16 13.25 13.12 12.89 12.79 13.30 13.41 13.04 13.50 13.85 13.73 13.32 12.89 13.24 13.40 13.44 13.12 13.08 12.98 13.25 13.27 13.04 13.29 13.07 13.23 13.47 13.53 13.58 13.62 13.68 13.70 13.82 14.24 14.33 14.26 14.17 13.95 13.82 13.56 13.57 14.11 14.27 14.11 14.12
13.44 13.57 13.25 12.95 13.48 13.72 13.77 13.91 13.97 13.65 13.62 13.57 13.14 13.15 13.46 13.45 13.72 13.68 13.70 13.97 13.44 13.22 13.41 13.72 13.65 13.63 13.20 13.25 13.41 13.14 13.07 13.05 12.92 13.07 13.34 13.36 13.25 13.11 13.24 13.23 13.14 13.13 13.31 13.72 13.53 13.12 12.78 13.15 13.16 13.41 13.31 13.13 13.20 12.98 12.90 12.99 13.28 13.10 13.38 13.67 13.96 13.73 13.63 13.65 13.67 14.18 14.13 14.18 14.37 14.36 14.14 14.07 13.78 13.77 13.99 14.00 14.00
12.43 12.77 12.81 12.27 13.21 13.52 13.27 13.60 13.42 13.64 13.59 13.72 13.64 13.34 13.43 13.12 12.98 13.13 13.13 13.40 13.43 13.22 13.02 13.37 13.75 13.93 13.89 13.76 13.67 13.56 13.82 13.86 13.80 13.60 13.79 13.81 13.84 13.77 13.68 13.65 13.72 13.69 13.76 13.83 13.58 13.58 13.35 13.09 13.35 13.43 13.33 13.35 13.20 13.13 13.09 13.21 13.37 13.29 13.03 13.55 13.68 13.92 13.88 13.85 13.72 13.74 14.08 13.98 14.11 14.31 14.20 13.90 13.62 13.52 13.65 13.76 14.12
11.93 12.43 12.90 13.17 12.93 12.77 12.61 12.64 12.96 13.17 13.29 13.25 13.65 13.25 13.03 12.84 12.66 12.73 12.98 13.02 13.03 13.42 13.58 13.57 13.96 14.07 14.01 14.11 13.76 13.76 14.16 14.16 14.17 14.08 14.02 14.07 14.03 14.16 14.17 13.98 14.12 14.09 13.91 14.11 14.05 13.90 13.76 13.82 13.70 13.60 13.42 13.69 13.48 13.29 13.45 13.44 13.66 13.20 12.92 13.32 13.57 14.03 14.22 13.86 13.60 13.62 13.81 13.99 14.07 14.17 14.25 14.21 14.18 13.86 13.52 13.52 13.71
12.36 12.27 12.75 13.70 13.38 12.63 12.44 12.42 12.52 12.72 12.42 12.62 13.26 13.19 12.64 12.62 12.31 12.37 12.53 12.66 12.90 13.37 13.68 14.14 14.11 14.05 13.97 13.90 13.55 13.95 14.22 14.17 14.28 14.30 14.29 14.44 14.39 14.21 14.34 14.22 14.25 14.26 14.04 14.14 14.00 13.95 13.91 13.83 13.89 13.78 13.57 13.61 13.31 13.47 13.66 13.89 13.72 13.44 13.15 13.40 13.67 13.87 14.03 14.32 14.20 13.73 13.74 13.86 13.98 13.86 14.08 14.11 14.20 14.10 14.04 13.82 13.71
12.09 12.29 12.62 13.10 12.78 12.78 12.69 12.49 12.83 12.97 13.04 12.64 12.92 13.02 12.58 12.78 12.65 12.75 13.09 13.42 13.55 13.54 13.52 13.66 13.77 13.91 13.81 14.01 13.90 14.04 14.24 14.44 14.55 14.34 14.32 14.40 14.47 14.28 14.29 14.45 14.22 14.15 14.13 14.08 14.08 14.26 14.07 13.93 13.84 13.93 13.94 13.83 13.55 13.56 13.66 13.50 13.40 13.19 13.26 13.63 14.20 14.24 14.23 14.27 14.25 14.27 14.00 13.88 14.13 13.99 13.97 13.82 14.20 14.36 14.20 13.92 13.54
12.63 12.62 12.03 12.45 12.52 12.29 12.13 12.24 12.52 13.28 13.38 13.32 12.91 12.92 13.31 12.93 12.74 13.25 13.41 13.60 13.57 13.58 13.48 13.39 13.73 14.00 13.82 13.25 13.60 14.17 14.21 14.49 14.39 14.32 14.24 14.09 14.04 14.14 14.27 14.31 14.38 14.30 14.36 14.37 14.38 14.58 14.35 14.46 14.20 14.16 14.04 14.07 14.04 13.88 13.73 13.53 13.53 13.43 13.62 13.90 14.38 14.50 14.48 14.32 14.44 14.47 14.55 14.41 14.25 14.19 14.07 14.05 14.00 14.17 14.37 14.41 14.26
11.88 12.53 12.16 10.87 10.80 11.55 11.68 12.42 12.31 12.81 12.69 12.66 12.76 12.53 13.33 13.10 12.51 13.00 13.47 13.32 13.03 13.12 13.33 13.22 13.27 13.25 13.56 13.32 13.41 13.57 13.91 14.09 14.20 14.35 14.21 14.07 14.21 14.36 14.33 14.31 14.42 14.34 14.34 14.39 14.57 14.69 14.58 14.36 14.42 14.43 14.44 14.37 14.19 14.11 13.84 13.92 13.72 14.07 13.93 13.98 14.40 14.56 14.48 14.47 14.35 14.31 14.46 14.36 14.16 14.31 14.30 14.42 14.36 14.21 14.27 14.32 14.33
11.55 11.84 12.57 12.43 11.39 11.07 11.83 12.31 12.74 12.85 12.65 12.62 12.66 12.61 12.62 13.16 12.06 11.76 12.72 13.22 12.77 12.35 12.46 12.63 13.12 12.99 13.23 13.09 13.08 13.22 13.17 14.02 14.08 14.04 13.85 13.92 14.22 14.40 14.20 14.20 14.38 14.46 14.32 14.22 14.26 14.31 14.33 14.36 14.48 14.57 14.48 14.44 14.29 14.37 14.28 14.14 14.11 13.94 14.12 14.07 14.03 14.08 14.26 14.29 14.27 14.37 14.45 14.41 14.36 14.33 14.29 14.34 14.49 14.49 14.48 14.24 14.28
11.61 11.85 12.64 12.61 11.82 11.47 12.03 12.21 12.09 11.93 11.41 12.45 12.92 12.83 12.31 12.71 12.06 11.94 12.32 13.24 12.74 12.91 12.55 12.84 13.15 12.71 12.65 12.79 12.71 11.88 12.14 13.45 13.97 13.87 13.79 13.41 13.68 13.84 14.00 13.84 14.12 14.24 14.22 14.07 13.85 13.94 14.05 14.04 14.14 14.41 14.47 14.49 14.35 14.31 14.27 14.28 14.30 14.06 13.91 14.00 14.07 14.16 14.20 14.36 14.09 14.11 14.23 14.41 14.48 14.42 14.04 14.22 14.37 14.49 14.48 14.21 14.05
11.36 12.06 11.98 12.49 12.39 12.32 11.97 12.18 12.78 12.56 11.10 12.05 12.61 12.01 12.25 12.67 12.52 12.10 11.70 12.04 12.03 12.57 12.78 12.74 12.37 12.84 12.76 13.00 12.72 11.99 11.41 12.41 12.49 13.15 13.72 13.67 13.89 13.96 13.71 13.29 13.68 13.64 14.09 13.83 13.74 13.82 14.04 14.08 14.19 14.19 14.22 14.28 14.41 14.37 14.10 14.12 14.22 14.09 14.13 14.03 14.04 14.02 14.24 14.40 14.41 14.39 14.33 14.25 14.26 14.19 13.87 13.59 13.96 14.36 14.47 14.22 13.99
11.85 12.34 11.79 11.66 11.76 11.68 12.31 12.61 13.04 13.12 11.97 11.59 12.85 11.74 12.35 12.25 11.94 12.31 11.73 11.70 12.55 12.64 12.65 12.93 12.61 12.75 13.27 13.41 13.20 12.52 11.87 12.08 12.29 13.07 13.58 13.72 13.47 13.16 13.54 13.31 13.97 14.16 14.15 13.74 13.87 13.94 14.06 13.97 14.09 14.42 14.40 14.36 14.29 14.29 14.21 14.24 14.06 14.07 14.05 14.06 14.10 14.16 14.18 14.14 14.17 14.31 14.36 14.33 14.07 13.97 13.82 13.58 13.66 14.12 14.17 13.91 13.97
11.61 12.56 13.19 12.17 11.22 11.46 12.26 12.59 12.53 13.29 13.00 11.73 12.12 12.67 12.66 12.70 11.88 12.41 12.29 12.00 12.16 12.65 12.41 12.77 13.11 13.11 13.19 13.26 12.91 11.94 12.24 12.26 11.93 12.51 13.65 13.86 13.77 13.67 13.67 13.46 13.51 13.51 13.40 13.58 13.62 13.49 13.83 14.10 14.00 14.21 14.40 14.43 14.37 14.39 14.33 14.11 14.15 13.97 14.06 14.10 14.16 14.24 14.25 14.28 14.18 14.22 14.36 14.21 14.08 13.87 13.75 13.58 13.69 14.12 14.19 14.03 14.01
