main/data/irradiance/30.06.2023.grid
ncols 839
nrows 679
xllcenter 112.0500
yllcenter -43.9500
cellsize 0.0500
nodata_value 99999.90
[rows 210 to 244 of 679, columns 385 to 461 of 839]
5.83 5.87 5.96 6.09 5.87 6.14 6.07 5.42 5.20 5.51 5.74 5.72 5.56 5.36 5.76 5.76 5.74 5.94 5.87 5.83 5.77 6.10 6.40 6.39 6.27 6.16 6.81 6.87 6.90 6.58 6.88 7.11 7.26 6.67 6.13 6.10 6.37 6.53 7.53 7.89 7.58 7.27 7.62 8.16 8.26 7.98 8.08 8.38 7.77 7.17 6.62 6.40 6.50 6.97 7.93 8.17 7.88 7.78 7.48 6.24 6.48 6.88 6.97 7.25 6.85 7.05 7.69 7.39 6.99 6.43 6.48 6.49 6.37 6.26 6.65 6.97 6.75
5.71 5.52 5.56 5.75 5.80 5.84 5.81 6.06 6.01 5.79 5.56 5.38 5.06 5.33 5.41 5.61 5.55 5.55 6.02 5.93 6.03 6.53 6.49 6.10 6.34 6.46 6.85 6.88 6.82 6.80 6.94 7.41 7.47 7.35 6.74 7.04 6.98 6.92 7.45 7.33 7.16 7.54 7.49 7.44 7.34 7.25 7.93 8.18 8.23 7.77 7.22 7.01 7.00 7.12 7.12 6.84 7.41 7.11 6.83 6.97 6.47 6.71 6.86 7.44 6.95 6.44 6.60 6.80 6.34 6.22 6.14 6.47 6.01 5.91 6.73 7.04 7.78
5.65 5.93 5.84 5.78 5.68 6.00 6.06 6.03 6.02 5.78 5.74 5.82 5.86 5.75 5.79 5.75 5.78 5.87 6.03 6.27 6.24 6.27 6.26 6.07 6.20 6.11 6.31 6.24 6.37 6.40 6.71 7.44 7.20 6.86 7.20 6.97 6.80 7.16 7.44 7.46 7.32 7.19 7.13 7.07 7.22 6.99 6.81 7.32 7.11 6.58 7.08 7.40 7.33 7.30 7.16 6.91 7.63 7.77 7.19 6.83 7.19 6.53 6.68 6.88 7.74 7.39 7.49 7.62 6.60 6.26 6.73 5.98 6.59 6.70 7.63 7.35 7.67
5.88 5.71 5.55 5.54 5.69 5.90 5.89 5.80 5.78 5.71 5.49 5.93 6.25 6.25 5.99 5.70 5.86 5.96 5.80 5.73 6.04 6.24 6.18 6.20 6.20 6.23 6.15 5.95 5.94 6.12 6.53 6.95 7.16 7.01 7.26 7.08 7.00 7.10 7.05 6.72 7.01 7.30 7.24 6.84 7.17 7.46 7.15 7.26 6.82 6.36 6.57 6.94 6.68 6.87 7.20 7.23 7.09 7.03 7.12 7.00 7.27 6.43 6.62 6.92 7.55 7.64 7.97 8.06 7.25 6.64 6.87 6.51 6.59 6.18 6.84 7.13 7.77
5.57 5.55 5.71 5.69 5.70 5.91 5.97 5.90 5.82 5.81 5.71 5.84 5.88 6.07 5.97 5.92 5.93 5.99 5.87 5.63 5.90 6.12 6.26 6.30 6.04 6.23 6.17 6.38 6.28 5.95 6.27 6.15 6.11 6.35 6.49 6.88 6.97 6.39 6.51 6.25 6.57 7.01 7.29 6.85 7.11 7.27 7.37 7.19 7.06 7.20 7.28 6.89 6.55 6.65 6.94 7.41 7.58 7.04 6.88 7.20 7.12 7.12 7.02 7.15 7.11 6.99 7.65 8.05 7.27 6.80 6.69 6.42 6.41 6.77 7.04 6.84 7.02
5.36 5.81 5.89 5.99 5.95 6.03 5.93 6.12 6.15 6.10 6.13 6.16 5.90 6.11 5.99 5.67 5.89 6.15 5.84 5.87 6.29 6.16 6.11 6.01 5.83 6.10 6.27 6.40 6.40 6.13 6.45 6.21 5.74 5.65 6.21 6.51 6.34 6.45 6.70 6.71 6.68 6.51 7.19 7.22 6.68 6.54 6.94 6.69 6.59 6.58 6.81 6.76 6.63 7.00 7.33 7.22 6.81 6.34 6.44 6.13 6.50 6.72 6.42 7.17 6.90 6.53 7.27 7.30 7.17 6.88 6.58 6.40 6.61 7.00 7.14 6.81 6.62
5.31 5.40 5.50 5.64 5.72 6.04 5.99 6.14 6.24 6.32 6.26 6.27 6.15 6.03 6.29 6.36 5.69 5.28 5.46 5.63 5.64 5.91 5.81 6.00 6.10 6.34 6.25 6.26 6.43 6.01 6.06 6.02 6.35 6.41 6.40 6.60 6.72 6.77 6.78 6.96 7.12 7.41 7.77 6.92 6.32 6.38 6.23 5.99 6.05 6.15 6.72 6.87 7.11 7.40 7.30 6.83 6.57 6.39 6.13 5.85 5.74 6.49 6.16 6.82 6.81 6.44 6.95 7.35 7.21 7.34 6.75 6.50 7.18 7.21 6.80 6.87 6.72
5.45 5.65 5.62 5.73 6.10 6.10 5.94 6.11 6.19 6.29 6.34 6.23 6.14 6.09 6.02 5.98 6.08 5.95 5.99 5.94 5.68 5.43 5.45 6.05 6.04 6.06 6.37 6.13 5.60 5.92 6.18 6.24 6.32 6.87 6.88 6.72 6.96 6.89 6.86 6.99 6.79 7.04 6.73 6.76 7.00 6.04 5.91 6.10 6.37 6.51 7.07 6.82 6.59 7.27 6.84 7.15 7.14 6.69 6.33 5.99 6.58 6.99 7.53 7.71 6.92 7.10 7.09 7.54 7.94 7.68 7.36 6.96 6.96 7.52 7.43 7.06 6.47
5.95 5.98 5.82 5.93 6.18 6.16 5.90 6.04 6.19 6.23 6.12 6.50 6.35 6.22 6.27 6.43 6.28 6.09 6.19 5.97 5.91 5.82 5.78 5.99 6.07 5.99 6.12 5.77 6.17 6.13 6.10 6.33 6.43 6.50 6.52 6.95 6.95 7.16 6.89 6.78 6.50 6.80 6.54 7.23 7.01 6.12 5.77 5.98 6.06 6.19 6.42 6.82 6.82 7.10 7.08 7.08 6.81 6.65 6.14 6.56 6.95 7.68 7.98 8.15 7.68 7.75 7.76 8.02 7.89 7.77 7.57 7.34 7.05 7.47 7.17 6.79 6.70
5.90 5.82 5.89 6.05 6.38 6.36 6.24 6.24 6.44 6.37 6.51 6.49 6.35 6.20 6.25 6.39 6.71 6.40 5.99 6.13 6.09 5.97 5.72 5.57 5.95 5.68 5.96 5.91 5.72 5.72 5.44 5.44 6.06 5.92 5.85 6.34 6.59 6.90 6.98 7.17 7.17 7.13 6.70 6.85 6.65 5.87 6.00 5.74 6.05 5.67 5.80 5.86 5.97 6.17 6.72 6.80 7.03 7.20 6.93 6.31 6.52 7.07 7.07 7.83 8.03 8.16 8.11 7.83 7.14 7.11 7.17 7.54 7.20 7.31 7.69 7.91 7.80
6.07 6.11 5.83 5.81 5.86 5.97 5.95 6.03 6.27 6.39 6.51 6.49 6.29 6.27 6.16 6.46 6.72 6.57 5.95 6.05 6.49 6.17 5.53 5.35 5.69 5.65 5.72 5.75 5.91 6.00 5.86 5.89 6.34 6.35 6.31 6.38 6.45 6.71 7.29 7.72 7.69 7.33 6.91 6.30 5.89 5.96 6.12 5.96 5.66 5.67 6.03 5.92 5.95 6.71 7.10 7.23 7.17 7.47 7.50 6.85 6.82 7.00 7.18 7.42 7.58 7.34 7.38 7.66 7.77 8.26 8.03 7.60 7.19 7.68 8.05 8.11 7.64
6.00 5.92 5.67 5.82 5.90 5.97 5.80 5.89 6.05 6.28 6.32 6.28 6.29 6.37 6.36 6.52 6.58 6.64 6.33 6.31 6.47 6.55 6.05 5.75 5.65 5.67 5.62 5.77 5.98 6.24 5.87 5.89 6.26 7.06 6.76 6.85 6.43 6.46 7.06 7.19 7.29 6.85 6.41 6.33 6.02 6.01 6.58 6.24 5.81 5.70 5.98 6.45 6.97 7.28 7.08 7.06 7.13 7.23 7.00 6.53 6.35 6.29 6.81 7.03 7.93 8.07 7.60 7.13 7.55 7.86 7.23 6.59 6.66 7.12 7.79 7.85 7.98
6.16 6.22 6.18 5.91 5.81 6.07 5.94 5.85 5.94 6.00 6.36 6.31 6.35 6.44 6.52 6.52 6.67 6.55 6.33 6.44 6.58 6.80 6.38 6.03 5.95 5.91 5.90 5.89 5.97 6.02 5.90 5.88 6.09 6.25 6.21 6.49 6.41 6.35 6.84 6.76 6.59 6.34 6.53 6.62 6.39 6.34 6.71 6.16 6.30 6.49 6.01 6.35 7.04 6.80 6.78 7.41 6.88 6.75 6.75 6.64 6.35 5.35 5.82 6.84 7.01 7.42 7.83 7.98 8.12 7.94 7.63 6.96 7.09 7.19 7.45 7.65 7.39
6.23 6.71 6.59 6.35 6.11 5.99 6.04 6.14 6.09 6.29 6.30 6.12 6.38 6.64 6.87 6.82 6.75 6.64 6.35 5.98 5.69 5.79 5.73 5.83 5.88 5.99 5.95 5.91 5.98 6.25 6.21 6.22 6.02 5.99 5.85 5.63 5.86 6.43 7.03 6.31 6.16 6.34 6.61 6.73 6.67 6.66 6.59 6.79 6.81 6.67 6.42 6.19 5.95 6.27 6.47 6.64 6.34 6.23 6.58 6.44 6.30 6.04 6.25 6.61 6.74 6.88 7.00 7.62 8.02 8.38 7.78 7.70 7.23 7.21 7.45 7.19 7.23
6.78 6.49 6.29 5.98 6.29 5.92 6.00 6.10 6.16 6.33 6.47 6.21 6.20 6.54 6.81 7.01 6.88 6.84 6.64 5.94 5.56 5.40 5.59 5.69 5.74 5.60 5.63 5.90 6.07 5.95 6.40 6.68 6.41 5.91 5.42 5.58 5.84 6.61 6.10 5.89 6.20 6.62 6.17 6.26 6.70 6.74 6.80 6.83 6.91 6.55 6.73 6.49 6.05 6.19 6.34 6.37 6.72 6.24 6.22 6.56 6.61 6.53 7.09 7.10 6.11 6.41 6.96 7.12 7.03 7.36 7.29 7.69 7.55 7.04 6.84 6.82 7.50
5.88 5.96 5.75 5.99 6.25 6.28 6.40 6.21 5.93 6.00 6.16 6.00 5.98 6.01 6.23 6.48 6.35 6.48 6.64 5.89 5.65 5.37 5.43 5.63 5.58 5.49 5.70 5.67 6.13 6.01 6.36 6.70 6.33 5.72 5.64 6.05 6.18 6.11 5.71 5.90 6.35 6.49 6.41 6.66 6.63 6.63 6.87 7.02 6.80 6.41 6.71 6.90 6.59 6.45 6.46 6.72 7.01 5.75 5.92 6.80 6.92 6.24 6.29 6.40 6.14 6.33 6.99 6.78 6.59 6.43 6.59 7.41 7.33 7.26 7.33 7.09 6.84
5.94 6.05 5.87 6.28 6.29 6.20 6.11 6.04 5.61 5.78 5.66 5.88 5.94 5.87 5.70 5.85 5.69 5.85 6.23 6.13 6.22 5.71 5.66 5.88 5.75 5.69 5.65 5.73 5.93 6.08 5.81 5.61 6.02 6.54 5.94 5.88 5.74 5.85 5.94 6.21 5.91 6.02 6.09 6.14 6.26 6.67 6.64 6.37 6.34 6.33 6.21 6.16 6.31 6.40 6.20 6.51 6.56 5.87 5.45 5.79 6.51 6.51 6.14 5.38 5.96 6.61 6.52 6.50 6.91 7.01 6.68 7.15 7.38 7.24 6.99 7.36 7.08
6.36 6.42 6.16 6.06 6.31 6.20 6.12 5.91 5.56 5.64 5.65 5.37 5.59 5.54 5.80 6.14 6.27 6.26 6.16 6.29 6.15 6.31 5.91 5.90 6.01 5.95 5.98 5.73 5.57 5.54 5.74 5.87 6.04 6.11 5.94 5.93 5.77 6.00 6.11 6.37 6.08 6.23 5.84 5.98 6.08 6.01 5.70 5.74 6.23 6.24 5.94 5.67 5.70 5.96 6.00 6.29 6.02 5.66 5.71 5.83 6.14 6.21 6.63 6.41 6.49 7.02 6.73 6.45 6.32 6.96 6.81 6.62 6.57 7.09 7.35 7.49 7.36
6.67 6.70 6.30 6.21 5.83 5.71 5.45 5.48 5.39 5.23 4.92 4.98 5.26 5.48 5.69 5.82 6.21 6.35 6.63 6.39 5.95 5.98 6.14 5.94 5.85 5.84 5.74 5.71 5.83 5.76 5.88 5.92 6.09 5.92 5.93 5.98 5.47 5.78 5.98 6.28 5.87 6.12 5.49 5.61 6.27 5.92 5.82 5.97 5.88 6.05 6.17 5.97 5.46 5.53 5.97 5.98 5.17 5.59 5.91 5.96 6.34 6.56 6.33 6.35 6.59 6.40 6.39 6.29 6.60 6.80 6.59 6.55 6.84 7.25 7.01 6.36 6.34
6.86 6.50 5.97 5.79 5.71 5.62 5.21 5.40 5.47 5.58 5.65 5.35 5.49 5.60 5.75 5.96 6.26 6.27 6.34 6.64 6.47 6.05 6.25 6.11 5.85 5.78 6.09 6.07 5.71 5.67 5.92 5.79 6.37 6.18 5.91 5.67 5.35 5.57 5.93 5.86 5.74 5.63 5.51 5.91 6.47 5.80 5.49 5.55 5.56 5.74 5.68 6.06 5.92 5.72 5.47 5.78 5.71 6.15 5.95 5.77 5.88 6.29 6.25 6.17 6.62 6.57 6.05 6.17 6.79 6.78 6.78 6.74 6.66 6.74 6.61 6.05 6.02
6.06 6.34 6.00 6.00 6.01 5.84 5.61 5.63 5.60 5.59 5.84 5.98 5.91 5.87 5.93 6.14 6.63 6.60 6.02 5.94 6.21 6.21 6.35 6.28 6.09 5.88 5.98 5.94 5.83 5.70 5.68 5.73 5.89 5.92 5.69 5.51 5.19 5.34 5.39 5.66 5.52 5.47 5.95 6.58 6.47 5.88 5.61 5.70 5.75 5.52 5.52 5.85 5.48 4.87 4.87 5.27 5.66 5.94 6.28 5.90 5.78 6.01 5.82 6.44 6.69 6.64 6.14 6.17 6.40 6.32 6.60 6.69 6.24 5.86 5.91 6.08 6.18
5.45 5.73 6.28 6.53 6.53 6.38 6.21 6.17 6.30 5.96 5.82 6.21 6.14 6.09 5.96 5.92 6.76 6.73 6.34 6.25 6.34 6.48 6.57 6.39 6.23 6.29 6.34 6.11 6.14 5.69 5.80 5.85 5.96 5.95 5.79 5.50 5.42 5.63 5.69 5.72 5.70 5.67 6.27 6.58 6.33 6.30 5.98 5.88 5.83 5.64 5.44 5.68 5.55 5.28 5.24 5.20 5.52 5.32 5.41 5.37 5.78 6.19 6.19 5.94 5.66 5.89 5.95 6.41 6.08 6.20 6.07 6.32 6.43 5.73 5.57 5.95 5.70
5.24 5.40 5.86 6.37 6.86 6.81 6.54 6.34 6.47 6.56 6.24 6.29 6.19 6.25 6.08 5.88 6.37 6.50 5.96 5.98 6.14 6.25 6.16 6.42 6.34 6.22 6.12 6.09 6.09 6.36 6.15 6.12 6.00 5.57 5.52 5.77 5.78 6.10 6.24 6.13 5.95 5.70 5.91 6.30 6.28 6.25 6.22 5.67 5.30 5.72 5.68 5.56 5.51 5.63 5.85 6.27 6.47 5.87 5.89 5.83 5.86 6.31 5.83 5.42 5.21 5.48 5.95 6.15 6.16 5.74 5.60 5.57 5.33 5.27 5.77 6.44 6.17
5.78 5.55 5.43 5.95 6.65 6.87 6.93 6.99 6.45 6.52 6.45 6.26 6.10 6.07 5.84 5.73 5.81 6.06 6.04 5.86 5.70 5.95 5.91 6.14 6.40 6.14 5.90 5.91 6.29 6.65 6.44 6.15 5.89 5.75 5.60 5.72 5.79 5.93 5.87 5.56 5.84 5.87 5.51 5.25 5.96 6.14 5.68 5.55 5.80 6.14 6.00 6.26 5.93 6.10 6.00 5.94 6.46 6.18 6.35 6.01 6.33 6.14 5.95 5.69 5.26 5.56 6.12 6.08 5.72 5.48 5.61 5.40 6.31 6.62 6.52 6.12 6.54
5.91 5.80 5.56 5.84 6.37 6.59 6.55 6.59 6.47 6.49 6.79 6.81 6.27 6.04 5.79 5.84 5.81 5.69 6.07 6.04 5.64 5.68 5.73 5.91 6.09 5.98 5.80 5.68 5.97 6.40 6.35 6.07 5.93 5.64 5.84 5.74 5.84 5.89 5.86 5.76 5.64 5.51 5.70 5.62 5.75 5.87 5.85 5.88 6.15 6.28 6.31 6.39 6.12 5.73 5.50 5.50 5.59 5.79 6.13 5.72 5.55 5.72 5.27 5.40 5.36 5.88 5.90 5.70 5.92 5.99 5.81 6.07 6.24 6.64 6.63 5.72 6.03
5.89 5.89 5.76 5.74 5.81 6.19 6.06 5.95 6.07 5.90 6.01 6.19 6.23 6.04 5.67 5.63 6.08 6.05 6.18 6.30 5.85 5.52 5.63 5.59 5.69 5.58 5.54 5.47 5.43 5.36 5.69 5.80 5.85 5.69 6.04 5.96 5.80 5.68 5.66 5.77 5.71 5.23 5.20 5.30 4.79 4.86 5.54 5.80 5.68 5.68 6.31 6.05 5.84 5.43 4.93 5.09 5.37 5.78 6.12 5.70 5.34 6.11 5.88 5.89 5.93 6.26 5.97 6.03 5.91 6.24 6.07 5.50 5.75 5.90 6.92 6.67 5.78
5.69 5.68 5.56 5.60 5.82 6.17 6.59 6.40 6.16 6.14 6.05 6.01 5.91 5.77 5.74 5.78 6.06 6.25 6.27 6.23 6.19 5.88 5.73 5.81 5.72 5.87 5.69 5.54 5.34 5.03 5.37 5.93 6.16 5.84 6.05 6.09 5.83 5.67 5.89 5.98 5.80 5.74 5.47 5.60 5.57 5.61 5.76 5.86 5.51 5.41 6.07 5.97 6.08 5.69 5.59 5.80 5.60 5.59 5.77 5.49 6.20 6.30 6.15 6.35 6.84 6.94 6.20 5.89 5.84 5.71 5.79 5.81 6.12 6.07 6.20 5.99 6.53
5.75 5.80 5.85 5.83 6.03 6.01 6.30 6.61 6.56 6.33 6.29 6.05 6.03 5.47 5.49 5.58 5.81 6.08 6.28 6.17 5.92 5.77 6.02 5.95 5.99 5.89 5.66 5.56 5.51 5.24 5.22 5.80 6.05 6.09 6.10 5.88 5.63 5.70 6.15 6.24 5.71 5.66 5.56 5.38 5.66 5.56 5.59 5.71 5.43 5.35 5.65 5.58 5.96 5.86 5.94 5.59 5.49 5.83 5.99 5.81 6.06 6.11 5.80 6.34 6.52 6.01 5.95 6.25 5.89 5.75 5.62 6.03 6.35 6.42 5.97 5.29 6.39
5.54 5.50 5.54 5.38 5.62 5.94 5.82 5.94 6.46 6.43 6.49 6.30 6.14 5.63 5.70 5.87 5.77 5.96 5.94 5.83 5.84 5.56 5.51 5.49 5.66 5.95 5.68 5.56 5.70 5.53 5.26 5.39 5.60 5.61 5.46 5.41 5.46 5.22 5.54 5.84 5.82 5.28 5.25 5.53 5.50 5.41 5.47 5.15 5.46 5.43 5.58 5.89 5.64 5.82 6.02 6.02 5.98 6.02 6.15 6.33 6.55 6.41 6.03 6.42 6.14 5.56 5.45 5.66 5.77 5.93 5.78 6.12 6.68 6.66 5.75 5.76 6.27
5.39 5.28 5.68 5.51 5.49 5.66 5.60 5.57 5.74 6.17 6.17 6.34 6.53 6.32 6.16 6.33 6.03 5.84 5.92 5.78 5.66 5.61 5.41 5.40 5.72 5.77 5.63 5.55 5.52 5.53 5.49 5.58 5.64 5.69 5.68 5.81 5.64 5.42 5.15 5.35 5.70 5.74 5.63 5.51 5.48 5.35 5.35 5.20 5.58 5.39 5.55 5.97 5.91 5.95 6.19 6.09 5.59 5.81 6.15 6.22 6.17 6.59 6.83 6.57 5.97 5.56 5.73 5.54 6.05 5.68 6.06 6.33 6.02 6.30 6.36 6.10 5.97
5.35 5.25 5.37 5.42 5.27 5.39 5.34 5.40 5.54 5.92 6.00 6.13 6.15 6.46 6.58 6.60 6.37 6.21 6.11 6.03 6.09 5.94 5.58 5.71 5.87 5.79 5.80 5.73 5.74 5.74 5.31 5.03 5.22 5.47 5.28 5.87 5.93 5.70 5.86 6.14 6.20 5.93 5.57 5.34 5.41 5.11 5.06 5.08 5.50 5.32 5.35 5.84 5.86 6.15 6.08 5.91 5.99 6.11 6.19 6.40 5.84 6.30 6.29 6.37 5.71 5.76 5.94 6.19 5.95 6.21 6.36 6.32 6.21 5.80 6.27 6.43 6.25
5.33 5.51 5.66 5.49 5.19 4.82 4.75 5.14 5.60 5.75 6.16 6.37 6.14 5.97 6.19 6.46 6.51 6.42 6.34 6.23 6.13 5.93 5.96 5.82 6.06 5.82 5.72 5.84 5.78 5.45 5.38 5.35 5.24 5.71 5.73 5.69 5.79 5.79 5.89 6.00 6.36 6.43 6.10 5.95 5.63 5.51 5.28 5.12 5.42 5.49 5.61 5.79 5.75 5.97 6.23 6.30 6.14 5.95 6.13 6.85 6.23 6.18 6.12 5.91 5.77 5.73 6.34 6.45 5.83 5.87 6.28 6.66 6.31 6.16 6.32 6.33 6.00
5.47 5.75 5.86 5.46 5.00 4.57 4.37 4.54 4.90 5.34 5.85 5.93 6.10 5.98 5.80 5.91 6.52 6.83 6.72 6.60 6.22 5.91 5.81 5.90 6.24 5.99 6.02 5.82 5.73 5.67 5.47 5.54 5.53 5.75 5.89 6.03 6.02 6.15 6.27 6.01 6.04 6.08 6.08 5.99 5.75 5.56 5.43 5.34 5.66 5.92 6.02 6.04 6.08 6.21 6.48 6.38 6.57 6.26 6.10 6.46 6.36 6.01 5.57 5.34 5.95 6.38 6.59 6.34 6.22 5.85 6.05 6.13 6.30 5.90 5.68 5.83 5.87
5.61 5.74 6.05 5.90 5.76 5.29 5.04 4.93 5.05 5.16 5.42 5.58 5.75 5.79 5.69 5.68 5.88 6.24 6.15 6.11 6.14 5.67 5.72 5.61 5.73 5.97 6.25 6.26 5.85 5.50 5.53 5.44 5.92 6.03 6.07 6.28 6.37 6.30 6.28 6.36 6.20 6.11 5.75 5.70 5.61 5.70 5.88 5.85 5.77 5.85 5.62 5.85 5.97 5.99 6.04 6.38 6.46 6.05 5.71 5.67 6.18 6.14 5.79 6.04 5.62 6.28 6.62 6.21 6.31 6.32 5.91 5.89 6.09 5.82 6.00 5.93 5.75
5.59 5.43 5.32 5.35 5.33 5.31 5.42 5.18 4.98 5.02 5.27 5.17 5.29 5.63 5.63 5.70 5.98 6.10 6.13 5.76 5.50 5.17 5.48 5.45 5.49 5.57 5.71 5.92 6.13 5.88 5.70 5.70 5.96 5.91 5.83 6.03 5.98 6.20 6.10 5.91 5.99 6.18 5.93 5.79 5.51 5.39 5.31 5.31 5.36 5.20 5.33 5.36 5.63 5.81 5.83 5.80 5.87 5.48 5.23 5.12 5.41 5.74 6.06 6.77 6.28 6.49 6.44 6.18 6.12 6.00 5.95 6.07 5.94 5.89 5.87 5.50 5.54
