main/data/irradiance/30.07.2023.grid
ncols 839
nrows 679
xllcenter 112.0500
yllcenter -43.9500
cellsize 0.0500
nodata_value 99999.90
[rows 510 to 543 of 679, columns 693 to 769 of 839]
12.05 11.68 11.47 11.01 10.91 10.84 10.59 11.79 12.27 11.76 11.37 11.81 12.10 12.12 12.00 12.06 12.02 11.87 11.90 11.40 10.52 9.91 10.66 11.74 11.94 12.12 11.94 11.22 11.16 11.20 11.26 11.51 11.56 11.70 11.59 11.89 11.83 12.18 12.07 12.32 12.32 12.32 12.33 12.29 12.33 12.33 12.32 12.29 12.28 12.25 12.25 12.29 12.31 12.31 12.32 12.27 12.25 12.27 12.23 12.18 12.15 11.99 11.98 12.07 12.28 12.27 12.30 12.30 12.30 12.31 12.29 12.30 12.31 12.30 12.30 12.30 12.32
11.80 11.56 11.41 11.79 11.30 10.67 10.47 11.30 11.83 11.97 11.80 10.95 12.03 12.20 12.08 11.27 11.95 12.01 11.79 11.01 9.41 9.41 10.34 11.42 11.00 10.78 11.37 10.92 10.58 10.65 11.25 11.32 11.72 11.54 11.32 11.45 11.77 11.93 12.19 12.29 12.31 12.31 12.32 12.30 12.30 12.30 12.29 12.25 12.24 12.23 12.20 12.27 12.23 12.29 12.29 12.20 12.15 12.13 12.08 12.16 12.17 12.19 12.18 12.17 12.29 12.28 12.28 12.27 12.28 12.24 12.28 12.28 12.29 12.30 12.30 12.30 12.30
11.78 11.86 11.38 11.51 11.00 9.66 10.30 11.22 11.48 11.61 11.06 10.77 10.39 11.56 11.48 10.89 11.08 11.70 11.59 10.73 9.68 9.81 10.91 11.65 11.38 10.63 11.04 11.01 10.72 10.69 10.72 10.95 11.32 11.49 11.22 11.60 11.54 11.52 12.07 12.19 12.26 12.31 12.30 12.25 12.29 12.25 12.25 12.21 12.23 12.22 12.22 12.28 12.25 12.21 12.13 12.19 12.23 12.16 12.13 12.14 12.19 12.19 12.07 12.22 12.26 12.25 12.24 12.21 12.24 12.25 12.26 12.26 12.26 12.26 12.26 12.30 12.30
11.24 11.09 10.94 10.71 10.13 9.85 9.45 9.68 10.39 10.71 10.35 9.85 10.47 11.14 11.55 11.19 11.05 11.01 10.70 10.24 8.58 9.33 10.08 10.64 10.25 10.06 9.99 9.60 9.73 9.92 10.48 11.07 11.05 11.58 11.54 11.21 11.11 11.50 11.59 12.14 12.09 12.25 12.27 12.24 12.28 12.25 12.23 12.24 12.24 12.18 12.21 12.25 12.23 12.23 12.20 12.21 12.21 12.17 12.05 12.20 12.22 12.09 12.04 12.19 12.22 12.22 12.22 12.20 12.22 12.24 12.23 12.24 12.26 12.26 12.26 12.26 12.26
10.83 10.57 10.50 10.02 9.37 9.33 9.68 10.90 10.95 10.11 10.79 10.78 10.83 11.30 10.64 10.41 11.45 11.84 10.87 10.20 9.80 10.37 10.79 10.26 10.25 10.06 9.73 9.79 9.48 9.69 10.42 10.80 11.21 11.12 11.32 11.16 11.12 11.65 11.79 12.18 12.11 12.24 12.25 12.24 12.25 12.19 12.20 12.23 12.22 12.15 12.15 12.22 12.20 12.18 12.18 12.20 12.21 12.15 12.10 12.15 12.18 12.07 12.11 12.17 12.16 12.20 12.15 12.03 12.21 12.22 12.23 12.24 12.24 12.26 12.26 12.26 12.26
10.67 10.54 10.33 10.13 10.15 9.78 9.72 11.57 11.26 11.06 11.72 11.50 11.10 11.41 11.29 11.07 10.84 11.60 11.44 10.63 10.62 11.05 11.24 10.00 10.18 9.98 10.12 10.15 10.38 10.16 10.50 10.57 10.85 11.09 11.64 11.18 11.31 12.06 11.97 12.23 12.15 12.21 12.18 12.21 12.22 12.19 12.20 12.20 12.20 12.13 12.17 12.20 12.17 12.16 12.14 12.16 12.18 12.13 12.00 12.06 12.16 12.14 12.15 12.17 12.17 12.17 12.16 12.13 12.18 12.17 12.17 12.17 12.17 12.24 12.26 12.26 12.26
10.76 10.86 10.43 10.48 11.17 10.89 10.76 11.11 11.41 11.05 11.66 11.83 11.84 11.58 11.08 11.15 11.14 10.97 10.65 9.61 9.84 10.34 10.76 9.82 9.82 10.55 10.58 10.72 11.03 11.03 10.73 10.50 10.91 11.22 11.42 10.93 11.45 11.86 11.99 12.20 12.19 12.20 12.11 12.12 12.21 12.15 12.19 12.19 12.17 12.13 12.15 12.18 12.17 12.15 12.09 12.12 12.16 12.12 11.92 12.01 12.16 12.17 12.16 12.16 12.16 12.16 12.13 12.09 12.15 12.12 12.17 12.17 12.17 12.17 12.17 12.26 12.26
10.73 10.99 11.01 11.05 11.06 10.81 11.20 11.58 11.73 10.98 11.10 11.62 11.57 11.25 10.76 10.90 10.48 10.61 10.15 9.51 9.26 10.11 10.81 10.27 10.70 10.48 10.90 11.19 10.82 10.91 10.82 10.34 9.54 10.07 10.75 11.00 11.79 11.92 12.14 12.15 12.16 12.18 12.10 12.16 12.16 12.12 12.13 12.15 12.13 12.11 12.15 12.15 12.13 12.07 12.07 12.08 12.13 12.12 11.98 12.07 12.13 12.14 12.13 12.14 12.12 12.14 12.11 11.97 12.02 12.12 12.12 12.17 12.17 12.17 12.17 12.17 12.17
10.69 11.26 11.75 11.26 10.54 10.66 10.62 10.96 11.45 11.52 10.62 10.87 10.79 10.53 9.87 10.34 10.06 9.86 9.50 8.72 8.86 8.98 9.79 9.14 9.54 9.80 9.34 10.17 10.28 10.36 10.31 9.84 10.13 9.58 9.41 10.52 11.36 11.90 12.14 12.14 12.11 12.06 12.09 12.08 12.14 12.06 12.09 12.12 12.09 12.09 12.08 12.08 12.12 12.11 12.06 12.07 12.11 12.11 12.07 12.09 12.12 12.11 12.12 12.12 12.11 12.13 12.10 11.95 11.87 11.87 11.87 12.12 12.17 12.17 12.17 12.17 12.17
10.53 11.07 11.43 11.27 11.27 11.06 10.89 10.96 11.45 11.52 11.42 10.51 10.28 8.77 9.07 10.58 10.16 10.08 10.01 9.55 9.99 9.84 9.74 9.76 9.52 10.21 10.07 9.80 10.11 10.41 10.45 10.39 10.25 10.02 9.52 10.24 9.55 11.56 12.09 12.05 12.05 11.99 11.98 11.93 12.06 12.06 12.09 12.09 12.06 12.04 12.08 12.09 12.11 12.10 12.06 12.07 12.09 12.09 12.08 12.08 12.10 12.10 12.11 12.10 12.10 12.11 12.11 12.08 11.86 11.86 11.86 11.86 11.86 12.17 12.17 12.17 12.17
10.06 10.19 10.35 10.69 10.31 10.20 10.44 11.27 11.27 11.55 11.42 11.25 10.24 9.46 10.11 10.06 8.84 8.85 9.59 10.10 10.07 10.24 10.38 10.36 9.64 9.53 10.26 11.02 10.83 10.71 10.35 8.72 9.58 8.32 9.19 9.90 10.79 11.86 12.10 12.07 12.02 11.98 11.92 11.94 11.97 12.04 12.05 12.06 12.05 12.02 12.06 12.09 12.09 12.08 11.98 12.01 12.03 12.06 12.07 12.07 12.08 12.09 12.09 12.09 12.08 12.09 12.07 12.05 11.86 11.86 11.86 11.86 11.86 11.86 11.86 12.17 12.17
10.38 10.68 10.40 9.82 9.09 8.92 9.17 11.27 11.69 11.55 11.81 11.82 10.53 10.39 11.16 10.74 9.31 8.72 9.29 9.19 9.60 9.09 8.76 9.54 9.99 10.29 11.02 11.39 11.66 10.89 9.83 9.63 9.78 8.71 10.56 10.36 11.53 11.83 12.07 12.04 12.04 12.02 12.00 11.92 11.91 11.99 12.03 12.00 12.02 11.98 12.01 12.07 12.07 12.06 12.02 12.04 12.00 12.01 12.05 12.06 12.06 12.06 12.07 12.07 12.07 12.07 12.01 11.93 11.93 12.04 12.04 12.04 12.04 12.04 12.04 12.04 12.04
10.64 11.14 10.72 10.63 10.25 9.89 9.44 9.44 10.74 11.58 11.83 11.63 11.17 11.03 11.26 10.85 10.34 9.03 9.29 9.65 10.00 9.20 8.21 9.02 9.13 8.97 9.27 10.36 11.07 10.87 9.47 9.71 9.38 7.74 8.41 9.11 11.55 11.96 12.04 11.97 11.99 12.01 11.96 11.93 11.83 11.97 12.02 11.95 12.00 12.00 11.96 11.98 12.03 12.05 12.03 12.04 12.01 12.03 12.02 12.02 12.00 12.03 12.04 12.03 12.02 12.01 11.97 12.03 12.04 12.04 12.04 12.04 12.04 12.04 12.04 12.04 12.04
10.60 10.64 11.03 11.14 11.10 10.83 10.72 10.72 10.74 11.58 10.94 10.50 10.73 11.12 10.86 9.99 9.38 9.16 9.72 9.11 9.07 9.28 9.21 9.57 8.67 9.04 8.88 9.04 9.86 10.45 9.76 9.06 9.05 7.21 6.49 10.26 11.87 11.93 11.97 11.89 11.92 11.95 11.86 11.88 11.92 11.95 11.96 11.99 11.99 11.93 11.91 11.99 12.00 11.97 12.02 11.96 12.00 12.01 12.01 12.00 11.97 12.00 12.01 12.00 12.00 12.00 12.02 12.02 12.00 12.00 12.00 12.00 12.00 12.00 12.00 12.00 12.00
10.47 10.29 10.78 10.53 10.09 10.72 10.31 10.23 10.23 10.70 10.96 10.24 10.85 10.94 10.24 10.37 9.40 9.13 8.85 9.09 9.00 9.41 9.24 8.75 8.74 9.52 10.03 9.88 10.25 10.89 10.29 9.37 8.15 8.36 5.94 9.88 11.85 11.89 11.98 11.87 11.85 11.84 11.80 11.84 11.83 11.86 11.79 11.81 11.95 11.89 11.86 11.89 11.94 11.92 11.96 11.86 11.95 11.99 12.00 11.96 11.98 11.99 11.98 11.99 12.00 12.00 12.00 11.98 11.95 11.95 11.95 11.95 11.95 11.95 11.95 11.95 11.95
10.82 10.75 10.89 11.13 10.46 10.89 10.94 10.45 10.73 10.88 10.64 10.24 11.06 10.73 10.32 9.81 9.12 9.01 8.80 9.13 9.86 9.99 8.62 9.09 8.88 10.01 9.62 9.84 9.73 10.96 10.53 8.87 9.13 8.07 6.91 9.77 11.83 11.93 11.95 11.82 11.77 11.84 11.82 11.83 11.75 11.74 11.74 11.78 11.87 11.84 11.80 11.86 11.93 11.97 11.95 11.86 11.91 11.98 11.98 11.96 11.96 11.96 11.94 11.88 11.97 11.98 11.97 11.93 11.85 11.85 11.85 11.85 11.85 11.85 11.85 11.85 11.85
9.96 9.22 10.07 10.31 10.95 10.43 10.73 10.87 11.32 10.83 10.94 10.19 10.25 10.47 10.76 10.95 10.31 9.70 8.67 9.28 9.82 9.49 8.63 8.17 8.91 9.86 9.98 9.72 9.26 10.15 10.27 8.68 9.21 6.21 9.60 11.58 11.90 11.92 11.88 11.80 11.78 11.85 11.78 11.81 11.67 11.66 11.72 11.58 11.73 11.81 11.80 11.79 11.92 11.94 11.82 11.86 11.88 11.94 11.94 11.94 11.90 11.86 11.82 11.58 11.92 11.95 11.94 11.88 11.85 11.85 11.85 11.85 11.85 11.85 11.85 11.85 11.85
10.18 10.06 9.76 9.54 9.76 9.07 9.57 10.12 10.92 10.10 10.34 9.77 10.27 10.95 9.75 10.07 10.86 10.38 9.38 9.53 10.20 8.92 8.70 8.63 9.31 9.71 9.59 8.70 8.91 9.07 9.55 9.08 6.86 6.72 9.12 10.64 11.61 11.86 11.77 11.83 11.73 11.78 11.74 11.71 11.67 11.66 11.65 11.66 11.66 11.74 11.72 11.78 11.89 11.92 11.76 11.80 11.87 11.92 11.93 11.92 11.93 11.91 11.73 11.45 11.65 11.62 11.89 11.92 11.92 11.92 11.85 11.85 11.85 11.85 11.85 11.85 11.85
10.28 10.37 9.66 9.80 9.75 9.88 8.71 8.91 10.25 9.29 10.10 9.17 10.43 9.96 10.13 9.57 9.31 9.87 10.04 9.84 9.22 8.46 8.20 7.98 8.43 8.70 8.30 8.45 9.16 8.91 7.70 5.67 6.15 7.42 9.05 11.54 11.74 11.78 11.79 11.83 11.80 11.82 11.72 11.77 11.75 11.68 11.76 11.68 11.60 11.68 11.73 11.75 11.84 11.89 11.75 11.83 11.88 11.90 11.91 11.90 11.90 11.88 11.66 11.57 11.80 11.76 11.90 11.91 11.91 11.91 11.91 11.91 11.85 11.85 11.85 11.85 11.85
10.41 10.31 9.46 10.56 10.38 9.86 10.28 10.27 10.40 9.85 8.49 9.83 9.99 10.01 10.14 10.26 9.44 9.23 8.67 9.21 9.68 9.60 8.90 8.53 8.47 7.65 8.00 7.98 7.97 9.03 6.94 6.24 8.45 11.52 11.63 11.80 11.76 11.68 11.61 11.69 11.82 11.77 11.65 11.72 11.71 11.66 11.70 11.72 11.76 11.70 11.72 11.71 11.77 11.80 11.79 11.85 11.88 11.88 11.88 11.87 11.87 11.84 11.68 11.58 11.81 11.90 11.89 11.91 11.91 11.91 11.91 11.91 11.91 11.91 11.91 11.85 11.85
10.76 10.64 9.86 9.03 9.46 9.97 9.10 9.57 10.50 9.82 9.64 9.00 9.43 9.45 10.29 10.55 9.64 8.96 9.51 8.80 9.16 9.14 9.36 8.68 9.11 7.15 7.53 7.55 8.21 7.71 9.37 8.81 10.89 11.26 11.78 11.80 11.65 11.64 11.62 11.74 11.75 11.68 11.60 11.71 11.74 11.72 11.64 11.68 11.72 11.72 11.64 11.65 11.78 11.79 11.80 11.83 11.85 11.85 11.85 11.85 11.85 11.82 11.68 11.79 11.86 11.87 11.84 11.84 11.84 11.91 11.91 11.91 11.91 11.91 11.91 11.91 11.91
10.65 10.22 10.22 10.24 8.94 8.55 9.02 9.36 10.50 10.50 8.84 8.78 9.29 9.66 9.79 10.17 10.05 10.73 10.04 9.17 9.93 8.56 8.24 8.63 8.86 8.60 8.93 8.62 8.47 9.13 9.18 9.63 10.99 11.83 11.84 11.75 11.69 11.76 11.77 11.79 11.70 11.76 11.61 11.64 11.78 11.76 11.68 11.60 11.68 11.72 11.70 11.68 11.75 11.79 11.80 11.84 11.79 11.72 11.79 11.84 11.83 11.76 11.68 11.62 11.83 11.83 11.80 11.80 11.80 11.80 11.80 11.91 11.91 11.91 11.91 11.91 11.91
10.05 9.81 10.42 10.05 9.56 7.86 8.50 8.45 9.06 10.16 10.03 8.32 8.82 8.16 8.64 9.60 8.50 8.30 8.63 10.04 9.73 8.80 9.77 9.23 8.09 9.26 9.60 9.35 9.74 7.93 8.97 8.80 10.92 11.81 11.71 11.78 11.72 11.79 11.80 11.74 11.75 11.77 11.60 11.68 11.74 11.73 11.66 11.57 11.62 11.67 11.70 11.71 11.73 11.80 11.81 11.82 11.63 11.49 11.60 11.72 11.56 11.51 11.49 11.48 11.74 11.77 11.80 11.80 11.80 11.80 11.80 11.80 11.80 11.80 11.91 11.91 11.91
9.48 7.35 7.93 9.36 9.78 9.17 8.18 9.00 9.52 9.38 10.34 8.25 8.25 8.08 8.35 8.78 8.10 8.62 8.60 8.76 9.63 10.00 10.08 8.39 10.55 10.77 10.05 10.80 10.11 10.11 9.13 8.00 10.86 11.64 11.59 11.70 11.74 11.77 11.79 11.77 11.77 11.77 11.66 11.56 11.72 11.72 11.63 11.67 11.71 11.65 11.63 11.65 11.71 11.76 11.79 11.79 11.74 11.51 11.51 11.48 11.50 11.47 11.52 11.59 11.75 11.79 11.79 11.79 11.80 11.80 11.80 11.80 11.80 11.80 11.80 11.80 11.80
8.64 7.13 7.80 8.22 9.50 10.43 10.44 9.79 9.55 9.09 8.94 8.41 6.53 8.03 7.98 6.98 7.88 9.01 9.01 8.82 9.34 10.58 8.22 10.23 10.63 9.52 11.12 11.13 11.25 11.26 8.79 10.53 11.67 11.32 11.18 11.72 11.73 11.78 11.77 11.77 11.77 11.76 11.73 11.62 11.66 11.72 11.66 11.75 11.71 11.59 11.48 11.55 11.70 11.76 11.78 11.77 11.78 11.72 11.50 11.53 11.53 11.51 11.51 11.67 11.62 11.75 11.75 11.75 11.75 11.75 11.80 11.80 11.80 11.80 11.80 11.80 11.80
9.64 10.12 9.87 9.29 9.45 9.53 9.17 9.49 9.92 7.39 6.67 7.14 5.74 8.77 9.21 9.06 8.79 8.83 8.97 9.67 10.85 8.88 9.27 11.32 9.41 10.18 11.29 11.35 11.50 10.98 11.29 11.76 11.69 11.37 11.72 11.58 11.67 11.75 11.71 11.75 11.74 11.75 11.74 11.71 11.67 11.74 11.72 11.76 11.70 11.56 11.60 11.61 11.55 11.66 11.71 11.75 11.76 11.76 11.67 11.54 11.50 11.44 11.52 11.71 11.72 11.75 11.75 11.75 11.75 11.75 11.75 11.75 11.75 11.80 11.80 11.80 11.80
9.32 9.84 10.21 8.29 9.57 10.14 9.85 8.49 9.04 6.32 5.88 5.98 4.17 6.40 9.92 9.91 10.62 8.08 9.56 10.91 9.81 9.90 10.98 10.64 10.08 11.40 11.73 11.41 11.30 11.71 11.75 11.74 11.71 11.73 11.75 11.70 11.74 11.73 11.73 11.72 11.69 11.70 11.71 11.74 11.73 11.71 11.73 11.68 11.46 11.49 11.58 11.54 11.53 11.58 11.57 11.66 11.72 11.73 11.74 11.69 11.61 11.51 11.57 11.73 11.73 11.73 11.73 11.75 11.75 11.75 11.75 11.75 11.75 11.75 11.75 11.75 11.80
9.17 8.80 8.54 9.23 8.94 8.66 9.45 9.66 8.44 5.41 6.38 5.02 5.63 7.93 9.98 9.19 11.19 10.40 10.29 10.12 10.59 10.61 11.08 10.68 11.22 11.71 11.65 11.57 11.73 11.75 11.72 11.70 11.69 11.71 11.71 11.72 11.71 11.71 11.71 11.71 11.68 11.59 11.62 11.64 11.64 11.67 11.66 11.69 11.59 11.52 11.54 11.56 11.59 11.66 11.66 11.69 11.71 11.71 11.71 11.71 11.71 11.71 11.70 11.62 11.73 11.73 11.73 11.73 11.73 11.75 11.75 11.75 11.75 11.75 11.75 11.75 11.80
8.07 9.49 8.72 8.32 8.84 9.01 7.30 8.47 8.76 5.62 6.28 7.04 9.40 10.79 10.30 10.22 11.55 11.57 11.03 10.93 10.87 11.10 10.89 10.50 11.15 11.55 11.42 11.65 11.70 11.70 11.70 11.69 11.68 11.68 11.70 11.70 11.70 11.69 11.69 11.69 11.65 11.60 11.58 11.61 11.60 11.63 11.69 11.66 11.58 11.58 11.50 11.58 11.63 11.68 11.68 11.68 11.59 11.62 11.63 11.58 11.65 11.68 11.62 11.60 11.60 11.67 11.67 11.67 11.67 11.67 11.67 11.67 11.75 11.75 11.75 11.75 11.80
5.89 7.93 9.11 8.35 7.37 8.82 8.54 6.86 6.98 6.55 9.96 10.41 11.38 11.62 10.96 11.10 11.59 11.63 11.45 11.62 11.01 11.26 10.93 10.64 11.27 9.94 10.70 11.66 11.68 11.67 11.67 11.61 11.64 11.66 11.67 11.68 11.67 11.66 11.67 11.67 11.67 11.66 11.66 11.60 11.62 11.62 11.65 11.59 11.56 11.48 11.50 11.44 11.62 11.65 11.67 11.67 11.67 11.66 11.65 11.63 11.67 11.67 11.62 11.66 11.67 11.67 11.67 11.67 11.67 11.67 11.60 11.60 11.60 11.60 11.60 11.60 11.80
7.70 6.35 7.80 8.32 8.06 8.07 7.97 7.58 7.28 9.01 10.49 11.01 11.57 11.58 11.59 11.54 11.52 11.60 11.62 11.61 11.26 11.48 11.36 11.10 11.13 11.02 11.63 11.66 11.65 11.65 11.65 11.56 11.52 11.65 11.66 11.63 11.63 11.65 11.65 11.65 11.64 11.64 11.63 11.56 11.49 11.46 11.52 11.59 11.54 11.47 11.46 11.47 11.52 11.60 11.65 11.65 11.65 11.65 11.61 11.52 11.64 11.64 11.62 11.61 11.65 11.65 11.65 11.60 11.60 11.60 11.60 11.60 11.60 11.60 11.60 11.60 11.80
6.95 6.01 7.58 7.67 8.20 8.67 8.19 10.21 9.04 9.59 10.72 11.47 11.62 11.61 11.53 11.55 11.48 11.52 11.58 11.57 11.58 11.56 11.58 11.37 11.43 11.50 11.64 11.65 11.63 11.63 11.63 11.54 11.56 11.63 11.64 11.62 11.61 11.64 11.61 11.63 11.60 11.64 11.61 11.63 11.59 11.49 11.54 11.56 11.58 11.54 11.55 11.59 11.58 11.62 11.63 11.62 11.63 11.63 11.60 11.51 11.56 11.62 11.62 11.63 11.65 11.60 11.60 11.60 11.60 11.60 11.60 11.60 11.60 11.60 11.60 11.60 11.80
7.07 8.53 8.25 8.56 9.06 8.90 10.37 11.08 11.00 11.48 11.57 11.24 11.51 11.58 11.56 11.52 11.52 11.56 11.54 11.55 11.60 11.54 11.46 11.22 11.49 11.60 11.60 11.60 11.59 11.60 11.60 11.57 11.58 11.60 11.61 11.60 11.60 11.60 11.60 11.60 11.62 11.61 11.61 11.60 11.55 11.53 11.56 11.53 11.52 11.58 11.59 11.60 11.56 11.60 11.60 11.60 11.60 11.60 11.60 11.59 11.60 11.60 11.60 11.60 11.60 11.60 11.60 11.60 11.60 11.60 11.60 11.60 11.60 11.60 11.60 11.60 99999.90
9.92 8.76 9.65 8.26 9.30 9.17 10.69 11.10 11.08 11.58 11.60 11.57 11.54 11.58 11.60 11.60 11.59 11.54 11.56 11.56 11.50 11.48 11.41 11.49 11.55 11.58 11.58 11.57 11.57 11.58 11.58 11.56 11.54 11.59 11.58 11.57 11.57 11.57 11.59 11.59 11.59 11.59 11.58 11.59 11.58 11.59 11.59 11.59 11.58 11.57 11.56 11.56 11.58 11.58 11.58 11.58 11.58 11.58 11.58 11.58 11.57 11.58 11.58 11.58 11.58 11.59 11.59 11.59 11.59 11.59 11.59 11.59 11.59 11.59 11.59 11.59 99999.90
