main/data/irradiance/31.03.2023.grid
ncols 839
nrows 679
xllcenter 112.0500
yllcenter -43.9500
cellsize 0.0500
nodata_value 99999.90
[rows 70 to 104 of 679, columns 553 to 631 of 839]
99999.90 99999.90 99999.90 99999.90 99999.90 99999.90 99999.90 99999.90 99999.90 99999.90 99999.90 99999.90 99999.90 99999.90 99999.90 99999.90 99999.90 99999.90 99999.90 99999.90 99999.90 99999.90 99999.90 99999.90 99999.90 99999.90 25.21 25.21 25.21 25.58 25.58 25.58 25.58 25.58 25.58 25.58 25.58 25.58 24.96 24.73 25.37 24.70 25.53 25.62 25.61 25.57 25.60 25.58 25.59 25.46 25.25 24.99 25.60 25.62 25.60 25.57 25.58 25.59 25.59 25.60 25.57 25.51 25.52 24.85 24.85 24.53 24.71 24.51 24.98 25.13 25.12 24.73 24.52 24.87 25.60 25.50 25.59 25.53 25.53
99999.90 99999.90 99999.90 99999.90 99999.90 99999.90 99999.90 99999.90 99999.90 99999.90 99999.90 99999.90 99999.90 99999.90 99999.90 99999.90 99999.90 99999.90 99999.90 99999.90 99999.90 99999.90 99999.90 99999.90 99999.90 99999.90 25.21 25.21 25.21 25.21 25.21 25.21 24.90 24.90 24.90 24.90 24.90 24.90 25.19 24.87 24.46 25.00 25.34 25.56 25.52 25.55 25.55 25.57 25.60 25.58 25.59 25.00 25.60 25.60 25.61 25.59 25.57 25.55 25.52 25.54 25.44 25.44 25.53 24.92 24.79 24.58 24.72 23.98 24.18 25.45 25.29 25.49 23.50 24.36 25.46 25.50 25.57 25.53 25.53
99999.90 99999.90 99999.90 99999.90 99999.90 99999.90 99999.90 99999.90 99999.90 99999.90 99999.90 99999.90 99999.90 99999.90 99999.90 99999.90 99999.90 99999.90 99999.90 99999.90 99999.90 99999.90 99999.90 99999.90 99999.90 99999.90 25.21 25.21 25.21 25.21 25.21 25.21 25.21 25.21 25.21 25.34 25.34 25.34 25.18 25.05 25.25 25.22 25.47 25.03 25.57 25.59 25.58 25.39 25.57 25.59 24.82 25.56 25.40 25.42 25.47 25.58 25.56 25.54 25.53 25.47 25.47 25.52 25.48 25.49 24.88 24.84 24.93 24.25 23.70 25.40 25.19 25.14 24.49 24.30 24.80 25.59 25.57 25.57 25.57
99999.90 99999.90 99999.90 99999.90 99999.90 99999.90 99999.90 99999.90 99999.90 99999.90 99999.90 99999.90 99999.90 99999.90 99999.90 99999.90 99999.90 99999.90 99999.90 99999.90 99999.90 99999.90 99999.90 99999.90 99999.90 99999.90 25.21 25.21 25.21 25.21 25.21 25.21 25.21 25.21 25.21 25.21 25.43 25.43 25.14 24.27 25.19 25.27 25.56 25.53 25.54 25.54 25.47 25.44 25.57 25.51 25.56 25.57 25.58 25.36 25.03 25.56 25.53 25.54 25.49 25.51 25.53 25.54 25.50 25.51 25.18 25.36 25.31 24.27 23.98 25.16 24.51 25.24 24.86 24.36 25.04 25.59 25.53 25.53 25.53
99999.90 99999.90 99999.90 99999.90 99999.90 99999.90 99999.90 99999.90 99999.90 99999.90 99999.90 99999.90 99999.90 99999.90 99999.90 99999.90 99999.90 99999.90 99999.90 99999.90 99999.90 99999.90 99999.90 99999.90 99999.90 99999.90 25.21 25.21 25.21 25.21 25.21 25.21 25.21 25.21 25.21 25.21 25.21 25.23 25.27 25.59 24.65 24.91 25.54 25.55 25.39 25.51 25.09 25.16 25.49 25.56 25.56 25.56 25.29 25.55 25.55 25.17 25.52 25.53 25.48 25.52 24.67 25.38 25.45 25.50 25.01 25.54 25.33 25.01 25.14 25.02 23.11 23.31 24.47 23.60 25.59 25.59 25.47 25.47 25.47
99999.90 99999.90 99999.90 99999.90 99999.90 99999.90 99999.90 99999.90 99999.90 99999.90 99999.90 99999.90 99999.90 99999.90 99999.90 99999.90 99999.90 99999.90 99999.90 99999.90 99999.90 99999.90 99999.90 99999.90 99999.90 99999.90 25.11 25.11 25.11 25.11 25.11 25.11 25.11 25.11 25.11 25.11 25.11 24.81 25.15 25.60 25.29 24.97 25.39 25.53 25.53 24.82 25.54 25.55 25.33 24.98 25.49 25.28 25.10 25.32 25.45 25.30 25.49 25.40 25.51 25.53 25.39 24.96 25.53 25.32 25.51 25.54 25.50 25.51 25.55 25.18 25.01 24.34 23.68 25.20 25.63 25.57 25.01 25.01 25.01
99999.90 99999.90 99999.90 99999.90 99999.90 99999.90 99999.90 99999.90 99999.90 99999.90 99999.90 99999.90 99999.90 99999.90 99999.90 99999.90 99999.90 99999.90 99999.90 99999.90 99999.90 99999.90 99999.90 99999.90 99999.90 99999.90 24.66 24.66 24.66 24.66 24.66 24.66 24.66 24.66 24.66 24.66 24.66 24.96 25.31 25.55 25.53 25.37 25.19 25.57 25.56 25.03 25.28 25.54 25.24 25.13 25.38 25.16 24.62 24.38 25.31 25.09 25.31 25.36 25.51 25.35 25.50 25.14 25.50 25.48 25.23 25.45 25.09 25.49 25.51 25.03 25.50 25.14 22.94 25.61 25.61 25.56 25.22 25.22 25.26
99999.90 99999.90 99999.90 99999.90 99999.90 99999.90 99999.90 99999.90 99999.90 99999.90 99999.90 99999.90 99999.90 99999.90 99999.90 99999.90 99999.90 99999.90 99999.90 99999.90 99999.90 99999.90 99999.90 99999.90 99999.90 99999.90 24.24 24.24 24.24 24.24 24.24 24.24 24.24 24.24 24.24 24.24 24.24 24.68 25.01 25.51 25.54 25.52 25.54 25.25 25.40 25.53 25.43 25.53 25.54 25.53 25.30 25.00 24.82 24.38 24.96 25.09 25.12 25.44 25.48 25.42 25.47 25.26 25.29 25.19 25.45 24.95 25.03 25.14 25.32 25.49 25.50 25.03 23.98 24.55 25.53 25.53 25.32 25.26 25.26
99999.90 99999.90 99999.90 99999.90 99999.90 99999.90 99999.90 99999.90 99999.90 99999.90 99999.90 99999.90 99999.90 99999.90 99999.90 99999.90 99999.90 99999.90 99999.90 99999.90 99999.90 99999.90 99999.90 99999.90 99999.90 99999.90 24.23 24.23 24.23 24.23 24.23 24.23 24.23 24.23 24.23 24.23 24.23 24.52 25.41 24.42 25.53 25.37 25.48 25.53 25.44 25.53 25.54 25.23 25.55 25.47 25.47 25.53 25.37 25.29 25.17 25.49 25.31 25.50 25.49 25.46 25.50 25.47 24.99 25.08 25.37 25.11 24.63 25.13 25.47 25.30 25.20 24.76 24.69 25.58 25.20 25.47 25.42 25.29 25.29
99999.90 99999.90 99999.90 99999.90 99999.90 99999.90 99999.90 99999.90 99999.90 99999.90 99999.90 99999.90 99999.90 99999.90 99999.90 99999.90 99999.90 99999.90 99999.90 99999.90 99999.90 99999.90 99999.90 99999.90 99999.90 99999.90 24.23 24.23 24.23 24.23 24.23 24.23 24.23 24.23 24.23 24.23 24.23 24.84 25.46 25.08 24.89 24.90 25.11 24.96 25.00 25.51 25.53 25.09 25.53 25.48 25.49 25.48 25.50 25.23 25.51 25.48 25.50 25.49 25.48 25.47 25.31 25.30 24.98 24.94 25.10 25.01 24.47 24.79 25.45 24.92 25.00 24.94 25.26 25.19 24.73 25.33 25.35 25.16 25.27
99999.90 99999.90 99999.90 99999.90 99999.90 99999.90 99999.90 99999.90 99999.90 99999.90 99999.90 99999.90 99999.90 99999.90 99999.90 99999.90 99999.90 99999.90 99999.90 99999.90 99999.90 99999.90 99999.90 99999.90 99999.90 99999.90 24.23 24.23 24.23 24.23 24.23 24.23 24.23 24.23 24.23 24.23 24.84 24.84 25.12 25.32 24.39 25.53 25.03 25.46 24.85 25.51 25.47 25.39 25.00 25.03 25.26 24.91 25.16 25.48 25.48 25.48 25.09 25.22 25.31 25.43 25.41 25.06 25.09 24.48 24.50 24.93 24.39 24.42 24.77 24.52 24.31 24.72 24.07 25.19 24.78 24.97 24.84 24.30 24.60
99999.90 99999.90 99999.90 99999.90 99999.90 99999.90 99999.90 99999.90 99999.90 99999.90 99999.90 99999.90 99999.90 99999.90 99999.90 99999.90 99999.90 99999.90 99999.90 99999.90 99999.90 99999.90 99999.90 99999.90 99999.90 99999.90 24.23 24.23 24.23 24.23 24.23 24.23 24.23 24.23 24.23 24.84 24.90 24.90 24.90 25.13 24.24 25.33 25.29 25.23 25.24 25.35 25.49 25.50 25.26 25.44 25.49 25.47 25.33 25.44 25.41 25.48 25.32 25.12 25.14 25.45 25.23 25.47 25.43 24.69 24.70 24.12 24.74 24.33 24.21 23.61 24.10 24.36 24.70 25.22 24.51 24.96 24.80 24.94 25.15
99999.90 99999.90 99999.90 99999.90 99999.90 99999.90 99999.90 99999.90 99999.90 99999.90 99999.90 99999.90 99999.90 99999.90 99999.90 99999.90 99999.90 99999.90 99999.90 99999.90 99999.90 99999.90 99999.90 99999.90 99999.90 99999.90 24.23 24.23 24.23 24.23 24.23 24.23 24.23 24.23 24.90 24.90 24.90 24.90 24.90 23.94 24.47 24.68 25.30 24.90 24.88 24.97 25.34 25.47 25.06 25.38 25.49 25.34 25.33 25.30 25.22 25.20 25.03 25.44 25.44 25.34 25.05 25.26 25.21 24.99 25.11 24.59 24.96 24.24 24.85 24.73 25.22 24.69 25.45 24.90 24.81 24.87 24.40 24.59 24.12
99999.90 99999.90 99999.90 99999.90 99999.90 99999.90 99999.90 99999.90 99999.90 99999.90 99999.90 99999.90 99999.90 99999.90 99999.90 99999.90 99999.90 99999.90 99999.90 99999.90 99999.90 99999.90 99999.90 99999.90 99999.90 99999.90 24.23 24.23 24.23 24.23 24.23 24.23 24.90 24.90 24.90 24.90 24.90 24.23 24.23 24.23 24.18 24.16 25.17 25.42 25.17 25.00 25.04 24.76 24.81 25.27 25.01 25.31 25.48 25.40 25.44 25.10 25.41 24.81 25.35 25.31 24.94 24.93 25.16 25.30 25.44 25.43 25.44 24.15 24.64 23.64 23.95 25.01 24.36 23.35 24.06 24.51 24.57 24.10 23.87
99999.90 99999.90 99999.90 99999.90 99999.90 99999.90 99999.90 99999.90 99999.90 99999.90 99999.90 99999.90 99999.90 99999.90 99999.90 99999.90 99999.90 99999.90 99999.90 99999.90 99999.90 99999.90 99999.90 99999.90 99999.90 99999.90 24.23 24.00 24.00 24.00 24.00 24.00 24.00 24.00 22.97 22.97 22.97 22.97 24.00 24.00 23.44 24.22 24.75 24.86 25.29 25.29 25.08 24.83 24.69 25.24 25.46 25.40 25.07 25.26 25.42 25.37 25.02 24.74 25.15 25.44 24.98 24.58 24.60 25.19 25.12 25.35 25.06 24.50 25.31 24.65 22.74 22.90 23.70 23.66 24.31 24.05 24.47 23.96 23.87
99999.90 99999.90 99999.90 99999.90 99999.90 99999.90 99999.90 99999.90 99999.90 99999.90 99999.90 99999.90 99999.90 99999.90 99999.90 99999.90 99999.90 99999.90 99999.90 99999.90 99999.90 99999.90 99999.90 99999.90 99999.90 99999.90 24.23 24.00 24.00 24.00 24.00 24.00 24.00 24.00 24.00 24.00 22.97 22.97 22.97 22.89 22.72 24.10 24.40 24.56 24.69 25.13 24.84 24.89 24.72 25.19 25.46 25.46 24.99 25.33 25.04 24.65 24.65 24.72 24.95 25.19 25.07 24.97 25.22 25.01 24.55 25.39 24.92 24.22 24.58 24.74 23.97 23.92 23.27 24.12 24.60 23.99 24.43 23.91 24.16
99999.90 99999.90 99999.90 99999.90 99999.90 99999.90 99999.90 99999.90 99999.90 99999.90 99999.90 99999.90 99999.90 99999.90 99999.90 99999.90 99999.90 99999.90 99999.90 99999.90 99999.90 99999.90 99999.90 99999.90 99999.90 99999.90 24.23 24.00 24.00 24.00 24.00 24.00 24.00 24.00 24.00 24.00 24.00 23.89 23.89 21.54 22.41 23.70 24.89 25.24 24.60 25.18 25.17 25.16 25.43 25.43 25.44 25.44 25.30 24.65 24.56 24.97 25.31 25.25 25.43 25.15 25.22 25.21 25.40 25.38 24.91 25.14 24.97 24.89 24.18 24.50 24.11 24.32 25.01 24.55 24.45 24.64 24.85 25.23 24.48
99999.90 99999.90 99999.90 99999.90 99999.90 99999.90 99999.90 99999.90 99999.90 99999.90 99999.90 99999.90 99999.90 99999.90 99999.90 99999.90 99999.90 99999.90 99999.90 99999.90 99999.90 99999.90 99999.90 99999.90 99999.90 99999.90 24.23 24.00 24.00 24.00 24.00 24.00 24.00 24.00 24.00 24.00 24.00 24.00 22.73 20.46 21.69 23.38 24.03 25.02 25.26 24.89 25.27 25.41 25.41 25.38 25.40 25.00 25.38 24.78 24.10 24.59 25.15 25.24 25.42 25.22 25.39 25.30 25.35 25.39 25.38 25.32 24.84 24.76 24.98 24.97 24.21 23.51 24.45 25.23 24.99 24.14 24.47 25.17 25.18
99999.90 99999.90 99999.90 99999.90 99999.90 99999.90 99999.90 99999.90 99999.90 99999.90 99999.90 99999.90 99999.90 99999.90 99999.90 99999.90 99999.90 99999.90 99999.90 99999.90 99999.90 99999.90 99999.90 99999.90 99999.90 99999.90 24.23 23.91 23.91 23.91 23.91 23.91 23.91 23.91 23.91 23.91 23.91 23.91 22.37 22.69 22.84 24.71 24.48 24.21 25.06 24.42 24.25 25.26 25.24 24.89 25.05 24.87 24.20 24.53 25.00 24.38 24.90 24.91 25.26 25.03 24.88 25.23 24.85 25.13 25.00 25.13 25.11 25.32 24.94 25.22 24.38 24.61 24.94 24.88 24.54 24.55 24.34 24.40 24.69
99999.90 99999.90 99999.90 99999.90 99999.90 99999.90 99999.90 99999.90 99999.90 99999.90 99999.90 99999.90 99999.90 99999.90 99999.90 99999.90 99999.90 99999.90 99999.90 99999.90 99999.90 99999.90 99999.90 99999.90 99999.90 99999.90 99999.90 23.31 23.31 23.31 23.31 23.31 23.31 23.31 23.31 23.31 23.31 23.31 22.09 22.13 23.00 24.32 24.55 24.57 25.05 24.64 24.41 23.83 24.49 24.30 24.48 24.92 25.12 24.68 25.15 25.20 24.63 24.88 25.18 25.08 24.78 25.16 24.63 25.20 25.22 24.74 25.39 25.36 24.49 25.02 24.50 24.65 25.04 24.91 24.33 24.71 24.38 24.17 24.15
99999.90 99999.90 99999.90 99999.90 99999.90 99999.90 99999.90 99999.90 99999.90 99999.90 99999.90 99999.90 99999.90 99999.90 99999.90 99999.90 99999.90 99999.90 99999.90 99999.90 99999.90 99999.90 99999.90 99999.90 99999.90 99999.90 99999.90 23.68 23.68 23.68 23.68 23.68 23.68 23.68 23.68 23.68 23.68 23.68 21.87 23.00 23.44 23.80 24.34 24.33 24.11 24.76 24.38 23.85 24.22 24.51 24.64 24.42 25.15 25.09 25.37 25.33 25.31 24.99 25.21 25.14 24.85 25.14 25.14 25.05 24.95 24.73 25.11 25.37 25.36 25.31 24.96 24.43 23.91 24.19 24.82 24.28 23.87 24.28 24.72
99999.90 99999.90 99999.90 99999.90 99999.90 99999.90 99999.90 99999.90 99999.90 99999.90 99999.90 99999.90 99999.90 99999.90 99999.90 99999.90 99999.90 99999.90 99999.90 99999.90 99999.90 99999.90 99999.90 99999.90 99999.90 99999.90 99999.90 23.68 23.68 23.68 23.68 23.68 23.68 23.68 23.68 23.68 23.68 23.68 22.83 21.71 23.47 23.99 24.35 24.80 24.97 24.29 24.38 24.65 24.54 23.98 24.11 24.47 24.45 25.10 25.34 24.74 25.36 24.41 24.30 24.98 24.93 24.71 25.02 25.15 25.23 25.16 25.17 25.35 25.36 25.36 25.36 24.24 24.29 24.69 24.87 24.60 24.29 25.31 25.33
99999.90 99999.90 99999.90 99999.90 99999.90 99999.90 99999.90 99999.90 99999.90 99999.90 99999.90 99999.90 99999.90 99999.90 99999.90 99999.90 99999.90 99999.90 99999.90 99999.90 99999.90 99999.90 99999.90 99999.90 99999.90 99999.90 99999.90 23.68 23.68 23.68 23.68 23.68 23.68 23.68 23.68 23.68 22.89 22.89 22.89 22.28 23.44 22.86 24.05 24.42 24.74 24.41 24.35 24.53 24.42 24.69 24.36 24.41 24.42 24.42 24.72 24.87 25.18 25.21 25.05 24.53 24.23 24.23 24.84 24.85 25.20 25.34 25.35 25.33 25.31 25.35 25.32 24.77 24.50 24.95 25.12 24.64 24.63 25.31 25.17
99999.90 99999.90 99999.90 99999.90 99999.90 99999.90 99999.90 99999.90 99999.90 99999.90 99999.90 99999.90 99999.90 99999.90 99999.90 99999.90 99999.90 99999.90 99999.90 99999.90 99999.90 99999.90 99999.90 99999.90 99999.90 99999.90 99999.90 23.68 23.68 23.68 23.68 23.68 23.68 23.68 21.81 21.81 21.81 21.81 21.81 21.22 22.23 23.16 23.99 24.11 24.44 24.43 23.59 23.70 24.50 24.63 24.50 24.52 24.43 24.25 24.47 24.43 24.34 25.28 25.09 25.01 24.74 24.96 25.02 24.99 24.89 24.79 25.30 25.05 25.13 25.34 25.31 25.27 23.86 24.48 24.76 24.12 24.51 25.08 24.98
99999.90 99999.90 99999.90 99999.90 99999.90 99999.90 99999.90 99999.90 99999.90 99999.90 99999.90 99999.90 99999.90 99999.90 99999.90 99999.90 99999.90 99999.90 99999.90 99999.90 99999.90 99999.90 99999.90 99999.90 99999.90 99999.90 99999.90 23.68 23.68 23.68 21.43 21.43 21.43 21.43 21.43 21.43 21.43 21.43 21.43 20.68 22.13 22.82 23.78 23.88 23.74 23.58 23.77 23.21 24.01 24.41 24.77 25.04 24.62 24.93 24.60 24.25 24.51 25.25 24.87 24.61 24.93 25.28 25.33 25.31 25.30 25.12 25.29 25.29 25.24 25.16 25.32 25.26 24.48 24.64 24.72 24.57 24.46 24.70 24.96
99999.90 99999.90 99999.90 99999.90 99999.90 99999.90 99999.90 99999.90 99999.90 99999.90 99999.90 99999.90 99999.90 99999.90 99999.90 99999.90 99999.90 99999.90 99999.90 99999.90 99999.90 99999.90 99999.90 99999.90 99999.90 99999.90 99999.90 23.68 21.73 21.73 21.73 21.73 21.73 21.73 21.73 21.73 21.73 21.73 21.73 21.21 22.83 23.42 23.80 23.86 22.80 23.18 22.65 22.71 23.60 24.17 24.27 23.97 24.86 24.81 24.48 23.88 23.74 23.96 24.19 24.42 25.16 25.24 25.03 25.22 25.28 25.08 25.09 25.14 25.26 24.90 25.12 25.08 24.68 24.19 24.04 24.15 24.53 24.17 24.34
99999.90 99999.90 99999.90 99999.90 99999.90 99999.90 99999.90 99999.90 99999.90 99999.90 99999.90 99999.90 99999.90 99999.90 99999.90 99999.90 99999.90 99999.90 99999.90 99999.90 99999.90 99999.90 99999.90 99999.90 99999.90 99999.90 99999.90 23.68 21.73 21.73 21.73 21.73 21.73 21.73 21.73 21.73 21.73 21.73 21.73 21.84 22.69 23.28 23.78 23.83 23.85 24.40 24.68 24.00 23.41 23.91 24.17 24.05 24.02 24.49 24.57 23.72 23.91 23.88 23.78 24.41 25.06 25.17 24.83 24.97 24.99 25.05 24.62 25.11 25.26 24.78 24.40 24.96 24.81 24.04 24.49 24.15 23.73 24.19 24.44
99999.90 99999.90 99999.90 99999.90 99999.90 99999.90 99999.90 99999.90 99999.90 99999.90 99999.90 99999.90 99999.90 99999.90 99999.90 99999.90 99999.90 99999.90 99999.90 99999.90 99999.90 99999.90 99999.90 99999.90 99999.90 99999.90 99999.90 23.68 21.73 21.73 21.73 21.73 21.73 21.73 21.73 21.73 21.73 22.28 22.28 22.28 21.84 23.08 23.72 23.57 24.01 24.31 24.40 23.97 23.77 23.35 23.42 23.38 24.19 24.73 24.52 24.44 23.56 23.69 24.66 24.58 24.71 24.69 24.80 24.84 25.02 25.12 25.00 24.90 25.11 25.20 24.58 24.58 24.74 24.65 24.78 24.62 24.35 24.40 24.84
99999.90 99999.90 99999.90 99999.90 99999.90 99999.90 99999.90 99999.90 99999.90 99999.90 99999.90 99999.90 99999.90 99999.90 99999.90 99999.90 99999.90 99999.90 99999.90 99999.90 99999.90 99999.90 99999.90 99999.90 99999.90 99999.90 99999.90 23.68 21.73 21.73 21.73 21.73 21.73 21.73 21.73 22.00 22.00 22.00 22.00 22.00 21.76 22.41 23.03 23.68 24.23 24.49 24.07 23.33 23.26 23.22 23.45 23.53 23.62 24.63 24.39 24.92 24.41 24.06 24.49 25.07 25.25 25.01 24.91 24.55 24.37 24.80 24.80 24.96 25.23 25.27 25.14 25.08 24.70 24.62 24.79 25.11 24.82 24.37 24.88
99999.90 99999.90 99999.90 99999.90 99999.90 99999.90 99999.90 99999.90 99999.90 99999.90 99999.90 99999.90 99999.90 99999.90 99999.90 99999.90 99999.90 99999.90 99999.90 99999.90 99999.90 99999.90 99999.90 99999.90 99999.90 99999.90 16.64 18.53 21.73 21.73 21.73 21.73 22.00 22.00 22.00 22.00 22.00 22.00 22.00 22.00 21.31 21.72 23.36 24.10 24.01 23.96 24.23 23.35 23.54 23.81 23.82 23.70 24.22 24.37 24.55 24.44 24.46 24.57 24.91 25.02 25.01 25.20 25.00 24.71 24.72 25.15 25.16 24.80 25.15 24.86 25.24 25.02 24.64 23.97 24.93 25.06 24.39 24.84 24.62
99999.90 99999.90 99999.90 99999.90 99999.90 99999.90 99999.90 99999.90 99999.90 99999.90 99999.90 99999.90 99999.90 99999.90 99999.90 99999.90 99999.90 99999.90 99999.90 99999.90 99999.90 99999.90 99999.90 99999.90 99999.90 99999.90 16.64 18.53 20.31 20.31 20.31 20.31 20.31 22.00 22.00 22.00 22.00 22.00 21.33 21.33 21.33 21.51 22.96 24.23 24.61 23.83 24.30 24.42 24.23 23.91 24.08 23.72 24.29 24.71 24.35 24.24 23.96 24.56 25.05 24.96 25.05 24.81 24.18 24.49 24.31 24.62 25.12 25.07 25.18 24.67 24.69 24.80 24.44 24.35 24.69 24.75 24.57 24.23 24.33
99999.90 99999.90 99999.90 99999.90 99999.90 99999.90 99999.90 99999.90 99999.90 99999.90 99999.90 99999.90 99999.90 99999.90 99999.90 99999.90 99999.90 99999.90 99999.90 99999.90 99999.90 99999.90 99999.90 99999.90 99999.90 99999.90 16.64 18.53 20.31 20.31 20.31 20.31 20.31 20.31 20.31 21.54 21.54 21.54 21.54 21.65 21.65 21.83 22.73 23.38 23.93 23.42 24.08 24.06 23.98 24.03 23.47 23.58 24.08 24.57 24.36 23.81 23.56 24.20 24.74 24.38 24.50 24.37 24.50 24.06 24.22 24.86 25.06 25.08 25.02 24.94 24.87 24.81 24.83 24.46 24.19 24.41 24.07 24.52 23.90
99999.90 99999.90 99999.90 99999.90 99999.90 99999.90 99999.90 99999.90 99999.90 99999.90 99999.90 99999.90 99999.90 99999.90 99999.90 99999.90 99999.90 99999.90 99999.90 99999.90 99999.90 99999.90 99999.90 99999.90 99999.90 14.97 16.64 18.53 20.31 20.31 20.31 20.31 20.31 20.31 20.31 20.31 20.31 21.54 21.54 21.54 21.52 21.50 22.06 23.07 24.24 23.74 23.71 23.87 23.83 23.38 23.00 22.96 23.38 23.54 23.58 23.50 23.80 24.12 24.17 24.06 23.99 23.87 24.32 24.66 24.57 24.77 25.06 24.97 24.82 24.47 24.77 24.45 24.86 24.89 24.75 24.46 24.25 24.64 24.44
99999.90 99999.90 99999.90 99999.90 99999.90 99999.90 99999.90 99999.90 99999.90 99999.90 99999.90 99999.90 99999.90 99999.90 99999.90 99999.90 99999.90 99999.90 99999.90 99999.90 99999.90 99999.90 99999.90 99999.90 99999.90 14.97 16.64 18.53 18.53 18.53 20.31 20.31 20.31 20.31 20.31 20.31 20.31 20.31 20.64 20.64 20.72 21.49 22.40 23.14 23.93 23.57 23.41 23.93 23.32 23.03 22.95 22.31 22.70 22.89 23.17 23.42 23.41 23.73 24.04 24.00 24.14 24.19 24.20 24.50 24.49 24.63 24.77 24.68 24.61 24.78 24.47 24.22 24.71 24.22 24.52 24.52 24.69 24.82 24.68
99999.90 99999.90 99999.90 99999.90 99999.90 99999.90 99999.90 99999.90 99999.90 99999.90 99999.90 99999.90 99999.90 99999.90 99999.90 99999.90 99999.90 99999.90 99999.90 99999.90 99999.90 99999.90 99999.90 99999.90 99999.90 14.97 16.64 16.64 16.64 18.53 18.53 18.53 18.53 20.31 20.31 20.31 20.31 20.31 20.31 20.73 20.95 21.86 22.68 23.08 22.44 22.40 23.39 23.82 23.46 22.66 22.70 22.68 22.82 23.43 23.60 23.65 23.66 23.54 24.07 24.06 24.17 24.57 24.62 24.41 23.90 24.23 24.43 24.56 24.58 24.65 24.53 24.56 24.58 24.18 24.01 24.55 24.69 24.50 24.37
