main/data/irradiance/31.08.2023.grid
ncols 839
nrows 679
xllcenter 112.0500
yllcenter -43.9500
cellsize 0.0500
nodata_value 99999.90
[rows 170 to 203 of 679, columns 462 to 538 of 839]
22.16 22.05 22.07 22.08 22.08 22.32 22.47 22.29 22.36 22.34 22.34 22.34 22.09 21.90 22.06 22.15 22.21 22.16 22.13 22.17 22.21 22.27 22.23 22.28 22.19 22.26 22.30 22.35 22.40 22.43 22.53 22.52 22.40 22.38 22.40 22.41 22.37 22.40 22.39 22.38 22.37 22.35 22.40 22.38 22.37 22.39 22.38 22.40 22.38 22.36 22.44 22.39 22.42 22.44 22.42 22.42 22.41 22.39 22.41 22.42 22.42 22.40 22.42 22.39 22.41 22.38 22.28 22.12 22.11 22.16 22.23 22.36 22.34 22.30 22.36 22.36 22.37
22.85 22.74 22.14 22.17 22.31 22.79 22.85 22.74 22.74 22.45 22.24 21.60 22.03 21.92 21.99 22.28 22.22 22.15 22.06 22.22 22.11 22.16 22.16 22.18 22.12 22.06 22.11 22.24 22.35 22.29 22.60 22.48 22.43 22.49 22.49 22.43 22.39 22.42 22.42 22.44 22.42 22.42 22.41 22.40 22.39 22.40 22.39 22.37 22.36 22.31 22.36 22.46 22.45 22.43 22.43 22.42 22.41 22.38 22.39 22.42 22.41 22.35 22.38 22.39 22.42 22.40 22.39 22.22 22.15 22.14 22.23 22.27 22.19 22.28 22.37 22.40 22.36
22.60 23.04 22.18 22.43 22.63 22.85 22.98 23.08 23.05 22.86 22.64 21.55 21.98 21.95 22.01 22.02 22.22 22.16 22.20 22.16 22.14 22.08 22.16 22.08 22.09 22.07 22.12 22.18 22.11 22.18 22.49 22.45 22.49 22.48 22.48 22.49 22.49 22.44 22.44 22.42 22.42 22.41 22.37 22.40 22.41 22.40 22.40 22.42 22.40 22.38 22.41 22.43 22.45 22.41 22.45 22.44 22.37 22.31 22.36 22.41 22.39 22.36 22.38 22.36 22.38 22.40 22.39 22.16 22.13 22.15 22.20 22.23 22.21 22.33 22.38 22.41 22.40
21.95 22.17 22.17 22.17 22.06 22.15 22.59 23.07 23.07 22.85 22.78 22.41 21.90 22.10 22.13 21.85 21.87 22.06 22.14 22.11 22.13 22.11 22.05 21.98 22.03 22.01 22.13 22.19 22.08 22.11 22.38 22.41 22.47 22.48 22.51 22.45 22.52 22.50 22.50 22.48 22.46 22.44 22.47 22.40 22.42 22.44 22.45 22.42 22.42 22.43 22.43 22.41 22.43 22.45 22.47 22.45 22.37 22.35 22.39 22.39 22.38 22.36 22.41 22.38 22.24 22.28 22.35 22.28 22.21 22.24 22.20 22.23 22.16 22.35 22.36 22.36 22.37
22.02 21.93 22.12 22.11 22.05 22.15 22.44 23.08 22.86 22.77 22.65 22.57 22.67 22.42 22.03 21.95 22.02 21.97 22.04 22.11 22.03 21.98 22.06 22.02 22.02 21.90 21.98 22.03 22.07 22.20 22.30 22.37 22.33 22.39 22.40 22.45 22.61 22.57 22.54 22.59 22.56 22.37 22.36 22.33 22.34 22.46 22.49 22.45 22.44 22.46 22.48 22.48 22.45 22.32 22.21 22.35 22.36 22.38 22.41 22.38 22.38 22.37 22.38 22.36 22.37 22.39 22.40 22.26 22.27 22.33 22.30 22.22 22.19 22.32 22.30 22.32 22.30
22.18 22.02 22.08 22.11 22.15 22.23 22.73 23.04 22.89 22.73 22.71 22.76 22.37 22.53 22.87 22.27 22.03 22.01 21.99 21.95 21.96 21.94 21.91 21.96 22.04 21.96 21.95 21.95 22.03 22.24 22.38 22.36 22.34 22.32 22.34 22.37 22.42 22.40 22.48 22.48 22.51 22.54 22.48 22.33 22.22 22.33 22.43 22.44 22.42 22.50 22.51 22.42 22.29 22.20 22.32 22.31 22.38 22.38 22.39 22.38 22.36 22.31 22.26 22.35 22.39 22.43 22.42 22.33 22.12 22.24 22.38 22.30 22.26 22.30 22.32 22.34 22.31
22.05 22.13 22.42 21.95 21.95 22.04 22.64 22.92 22.96 22.83 22.62 22.42 22.08 21.27 21.80 22.33 22.29 21.97 21.98 21.94 21.93 21.81 21.75 21.86 21.98 21.97 21.97 21.91 21.93 21.98 22.32 22.33 22.31 22.39 22.41 22.38 22.38 22.39 22.43 22.35 22.48 22.49 22.47 22.53 22.46 22.37 22.25 22.25 22.31 22.32 22.29 22.20 22.15 22.14 22.10 22.25 22.32 22.40 22.26 22.34 22.34 22.33 22.31 22.41 22.40 22.41 22.43 22.38 22.16 22.22 22.31 22.27 22.26 22.30 22.30 22.30 22.31
21.85 21.93 21.94 21.85 21.94 21.99 22.40 22.77 22.89 22.91 22.26 22.58 22.41 22.57 22.80 22.56 22.52 22.37 21.90 21.88 21.95 21.84 21.77 21.75 21.88 21.97 21.97 21.98 21.91 21.93 22.26 22.32 22.39 22.41 22.41 22.43 22.38 22.35 22.35 22.30 22.41 22.48 22.46 22.49 22.53 22.59 22.44 22.34 22.34 22.46 22.32 22.10 22.19 22.08 22.10 22.02 22.22 22.14 22.12 22.24 22.26 22.26 22.24 22.35 22.37 22.36 22.37 22.37 22.26 22.23 22.24 22.29 22.31 22.31 22.29 22.25 22.24
21.76 21.99 21.98 21.95 21.94 21.89 22.33 22.98 22.93 22.83 22.37 22.76 22.15 22.19 22.78 22.26 21.91 21.81 21.82 21.89 21.83 21.80 22.06 21.83 21.92 21.91 22.09 22.05 21.96 22.17 22.30 22.36 22.38 22.45 22.45 22.47 22.34 22.31 22.23 22.22 22.27 22.29 22.29 22.34 22.33 22.28 22.38 22.40 22.42 22.50 22.50 22.29 22.32 22.19 22.11 22.18 22.28 22.28 22.26 22.26 22.25 22.17 22.05 22.26 22.35 22.36 22.33 22.34 22.33 22.24 22.17 22.24 22.24 22.28 22.23 22.23 22.23
22.17 22.24 22.12 22.01 22.03 21.95 22.11 22.94 22.95 22.38 22.12 22.69 22.23 22.40 22.04 22.06 22.04 21.91 21.92 21.98 22.00 21.93 21.83 22.00 22.99 21.94 21.94 21.87 21.93 21.91 22.29 22.19 22.11 22.13 22.16 22.11 22.08 22.19 22.18 22.22 22.18 22.12 22.06 22.07 22.03 22.06 22.19 22.19 22.17 22.25 22.43 22.55 22.38 22.30 22.23 22.33 22.38 22.42 22.33 22.21 22.19 22.31 22.31 22.20 22.28 22.34 22.35 22.35 22.33 22.31 22.25 22.17 22.21 22.26 22.23 22.25 22.23
22.40 22.40 22.16 22.04 22.01 21.95 21.93 22.16 21.87 22.57 22.60 22.09 21.81 21.96 21.99 22.00 21.96 21.94 21.91 21.81 21.92 21.97 22.01 22.02 22.79 21.78 21.84 21.97 21.89 21.94 21.95 21.87 21.98 21.96 22.04 22.02 22.05 22.09 22.10 22.16 22.18 22.13 22.11 22.06 22.05 22.09 22.28 22.33 22.11 22.12 22.24 22.36 22.42 22.40 22.21 22.37 22.39 22.40 22.37 22.36 22.32 22.33 22.35 22.32 22.30 22.34 22.38 22.39 22.36 22.34 22.31 22.25 22.15 22.23 22.24 22.21 22.21
22.35 22.32 22.11 22.12 21.96 21.78 22.50 22.16 22.20 22.38 22.06 21.77 21.74 21.90 21.93 21.95 21.89 21.84 21.94 21.79 21.92 21.98 22.07 21.97 21.71 21.79 21.90 21.94 21.85 21.85 21.86 21.79 21.93 21.94 22.07 22.17 22.02 22.02 22.01 22.06 22.10 22.09 22.08 22.13 22.13 22.09 22.13 22.15 22.02 22.10 22.13 22.12 22.12 22.26 22.26 22.32 22.43 22.35 22.36 22.37 22.31 22.35 22.35 22.34 22.34 22.33 22.34 22.36 22.38 22.33 22.33 22.30 22.26 22.22 22.21 22.19 22.20
22.34 22.26 22.11 21.89 21.85 21.85 22.61 22.09 21.93 21.99 21.96 22.01 21.90 21.89 21.92 21.98 21.94 21.94 21.88 21.87 21.93 21.86 21.80 21.64 21.64 21.81 21.81 21.87 21.81 21.91 21.90 21.65 21.99 22.15 22.25 22.09 22.00 21.95 22.05 22.05 22.03 22.00 22.01 22.05 22.12 22.11 22.01 21.97 22.03 22.05 22.05 22.00 21.99 22.16 22.24 22.26 22.30 22.30 22.28 22.29 22.33 22.34 22.37 22.33 22.30 22.32 22.35 22.37 22.35 22.34 22.34 22.31 22.29 22.21 22.22 22.17 22.20
22.39 22.34 22.14 21.94 21.93 22.03 22.32 21.93 21.85 21.96 22.19 21.99 21.94 22.03 21.94 21.90 21.90 21.97 21.90 21.91 21.88 21.75 21.60 21.56 21.67 21.94 21.65 21.54 21.65 21.74 21.91 22.03 21.99 22.04 22.03 22.05 22.01 22.04 22.08 22.04 22.15 22.11 22.07 22.02 21.91 21.99 21.89 21.83 21.92 21.98 22.08 22.11 22.07 22.10 22.17 22.26 22.29 22.32 22.28 22.27 22.27 22.30 22.32 22.31 22.25 22.27 22.31 22.35 22.37 22.37 22.36 22.34 22.27 22.17 22.19 22.18 22.21
22.43 22.31 22.09 22.93 21.88 21.86 21.82 21.84 21.88 21.92 22.12 22.00 21.90 21.90 21.96 21.98 21.92 21.91 21.90 21.95 21.82 21.76 21.77 21.87 21.87 21.69 21.56 21.46 21.60 21.57 21.83 21.95 21.90 21.88 21.89 21.93 21.98 21.95 21.98 22.08 22.06 22.00 21.91 21.91 22.07 22.03 21.84 21.82 21.77 21.80 22.00 22.04 22.04 22.12 22.14 22.16 22.22 22.30 22.30 22.24 22.27 22.26 22.30 22.19 22.05 22.28 22.29 22.34 22.32 22.33 22.31 22.31 22.26 22.16 22.15 22.14 22.17
22.32 21.97 21.89 21.94 21.87 21.82 21.77 21.90 21.88 21.80 21.81 21.93 21.92 21.87 21.87 22.13 22.09 21.92 21.91 21.93 21.97 21.78 21.85 21.92 21.99 21.91 21.78 21.52 21.65 21.61 21.90 21.91 21.88 21.84 21.84 21.94 21.84 21.85 21.94 21.93 21.94 21.99 21.96 22.00 21.97 22.02 21.98 21.81 21.74 21.83 22.04 21.97 22.00 21.94 22.04 22.12 22.11 22.18 22.25 22.25 22.27 22.25 22.24 22.15 21.98 22.23 22.30 22.29 22.24 22.26 22.28 22.35 22.30 22.23 22.18 22.11 22.11
22.35 22.34 22.12 21.92 21.84 21.80 21.92 22.03 21.96 21.83 21.74 21.94 21.89 21.78 21.83 22.02 22.19 22.11 21.97 21.96 21.92 21.91 21.91 21.91 21.96 21.94 21.94 21.83 21.61 21.65 21.62 21.91 21.88 21.86 21.83 21.77 21.74 21.85 21.88 21.96 21.92 22.01 22.03 22.03 22.02 21.99 22.03 21.88 21.80 21.94 22.07 22.00 21.98 22.02 22.06 22.05 21.94 22.02 22.15 22.18 22.15 22.18 22.18 22.02 21.95 22.18 22.26 22.22 22.24 22.23 22.23 22.26 22.25 22.26 22.18 22.13 22.09
22.35 22.32 22.34 22.15 21.96 22.02 22.15 22.23 22.14 22.03 21.88 21.97 22.07 22.06 22.08 22.17 22.27 22.25 21.96 21.87 21.97 21.90 21.94 21.88 21.84 21.94 22.17 21.85 21.78 21.90 21.59 21.88 21.84 21.99 21.85 21.88 21.68 21.76 21.93 21.95 21.97 21.88 21.93 21.89 22.01 22.01 21.93 21.78 21.81 21.96 22.01 21.90 21.80 21.82 21.97 21.90 21.88 21.88 21.92 22.02 21.99 22.08 22.11 22.04 21.97 22.03 22.21 22.22 22.23 22.19 22.22 22.23 22.24 22.26 22.21 22.09 22.07
22.37 22.33 22.30 22.25 22.25 22.26 22.25 22.22 22.16 22.17 22.17 22.17 22.19 22.21 22.24 22.25 22.25 22.24 22.11 22.01 21.85 21.91 21.93 21.89 21.89 21.87 22.37 21.87 21.89 21.80 21.42 21.60 21.70 21.80 21.84 21.80 21.75 21.78 21.89 21.86 21.86 21.87 21.94 21.90 21.89 21.98 22.00 21.94 21.84 21.85 21.90 21.92 21.88 21.87 21.99 22.00 21.96 21.93 21.97 22.00 21.96 22.00 22.09 22.09 22.11 22.14 22.14 22.16 22.15 22.17 22.15 22.14 22.19 22.19 22.19 22.12 22.06
22.38 22.33 22.26 22.20 22.18 22.27 22.34 22.28 22.24 22.21 22.19 22.20 22.21 22.19 22.21 22.20 22.21 22.24 22.21 22.12 22.16 22.08 21.89 21.85 21.92 21.92 21.78 21.77 21.78 21.74 22.05 21.80 21.72 21.83 21.81 21.78 21.83 21.86 21.90 21.91 21.89 21.91 21.82 21.78 21.80 22.02 22.03 21.93 21.89 21.97 21.91 21.87 21.89 21.91 21.96 21.97 21.98 21.96 22.02 22.09 22.05 22.05 22.04 22.12 22.13 22.10 22.22 22.21 22.11 22.06 22.10 22.16 22.18 22.09 22.05 22.04 21.97
22.31 22.29 22.30 22.26 22.21 22.27 22.37 22.30 22.43 22.41 22.22 22.16 22.15 22.10 22.15 22.11 22.19 22.15 22.12 22.16 22.25 22.20 22.05 21.87 21.92 21.93 21.86 21.82 21.73 21.75 21.94 21.71 21.79 21.79 21.79 21.80 21.88 21.84 21.77 21.88 21.85 21.89 21.78 21.77 21.92 22.00 21.96 21.87 21.81 21.84 21.84 21.88 21.92 21.79 21.91 21.91 21.97 21.97 22.00 22.01 21.96 22.00 22.02 22.05 22.09 22.12 22.22 22.15 22.09 22.01 22.06 22.08 22.13 22.12 22.10 22.03 21.95
22.30 22.28 22.34 22.37 22.28 22.30 22.31 22.26 22.28 22.56 22.47 22.19 22.13 22.09 22.09 22.13 22.14 22.14 22.05 22.09 22.22 22.14 21.97 21.86 21.87 21.88 21.89 21.84 21.82 21.81 21.70 21.59 21.65 21.70 21.71 21.85 21.91 21.81 21.81 21.86 21.86 21.86 21.88 21.94 21.97 21.96 21.88 21.84 21.82 21.86 21.83 21.72 21.84 21.90 21.91 21.85 21.96 22.01 22.10 22.08 22.08 22.06 22.05 22.06 22.08 22.08 22.14 22.07 22.04 22.06 22.00 22.09 22.09 22.07 22.10 22.03 21.96
22.30 22.32 22.32 22.31 22.26 22.29 22.30 22.31 22.29 22.23 22.19 22.20 22.17 22.08 22.09 22.15 22.21 22.15 22.05 22.07 22.15 22.15 22.04 21.80 21.84 21.83 21.98 21.73 21.74 21.74 21.64 21.64 21.77 21.79 21.77 21.79 21.79 21.79 21.83 21.85 21.73 21.66 21.70 21.89 21.88 21.80 21.84 21.80 21.82 21.85 21.94 21.80 21.78 21.92 21.99 21.98 21.97 22.00 22.03 22.03 22.07 22.14 22.14 22.09 22.02 22.10 22.02 22.04 22.03 22.04 21.99 22.03 22.06 22.07 22.07 22.04 21.99
22.31 22.26 22.22 22.22 22.26 22.29 22.29 22.30 22.29 22.26 22.24 22.28 22.24 22.15 22.11 22.09 22.13 22.19 22.06 22.05 22.00 22.09 22.01 21.93 21.83 21.78 21.77 21.72 21.78 21.77 21.70 21.68 21.90 21.81 21.76 21.78 21.81 21.80 21.90 21.84 21.78 21.79 21.81 21.86 21.85 21.89 21.89 21.87 21.71 21.82 21.97 21.89 21.85 21.89 21.93 21.96 21.98 21.99 22.00 21.99 22.02 22.13 22.19 22.17 22.00 22.06 22.13 22.11 22.11 22.11 21.99 21.96 22.03 22.06 22.10 22.02 22.03
22.22 22.21 22.21 22.24 22.25 22.24 22.27 22.27 22.26 22.26 22.27 22.28 22.22 22.14 22.13 22.11 22.09 22.09 22.14 22.13 21.99 22.00 22.03 21.94 21.81 21.83 21.81 21.76 21.84 21.81 21.70 21.78 22.08 21.78 21.80 21.76 21.78 21.78 21.83 21.84 21.96 21.91 21.89 21.89 21.86 21.81 21.89 21.90 21.85 21.87 21.88 21.86 21.82 21.84 21.84 21.89 21.93 21.93 21.94 21.90 22.04 22.07 22.18 22.24 22.24 22.13 22.21 22.15 22.14 22.12 21.99 22.08 22.10 22.11 22.09 22.00 22.03
22.04 22.21 22.22 22.26 22.26 22.28 22.27 22.26 22.28 22.27 22.25 22.30 22.24 22.18 22.13 22.09 22.07 21.97 22.02 22.00 22.04 22.04 22.05 22.08 22.11 22.07 21.91 21.83 21.79 22.22 22.68 21.98 22.40 21.81 21.85 21.88 21.72 21.64 21.85 22.04 22.12 21.99 21.93 21.94 21.91 21.85 21.86 21.87 21.88 21.90 21.79 21.78 21.80 21.89 21.81 21.84 21.78 21.90 21.87 21.89 21.96 22.02 22.10 22.21 22.13 22.19 22.22 22.14 22.14 22.09 22.06 22.12 22.10 22.11 22.07 22.04 22.07
21.77 21.92 22.21 22.25 22.23 22.19 22.20 22.22 22.23 22.24 22.22 22.20 22.22 22.20 22.14 22.11 22.06 22.01 21.97 22.09 22.14 22.10 22.05 22.08 22.06 22.14 22.02 22.11 22.09 21.92 22.30 21.86 22.13 21.85 21.78 21.77 21.70 21.70 21.79 22.04 22.11 22.03 21.91 21.87 21.89 21.87 21.89 21.89 21.83 21.85 21.78 21.86 21.93 21.91 21.89 21.90 21.96 21.89 21.80 21.81 21.94 22.00 22.00 22.13 22.19 22.21 22.23 22.18 22.14 22.15 22.14 22.11 22.07 22.08 22.08 22.06 22.06
22.11 21.54 22.21 22.24 22.21 22.14 22.20 22.21 22.21 22.24 22.22 22.22 22.23 22.22 22.17 22.15 22.10 22.06 22.10 22.13 22.13 22.14 22.12 22.10 22.10 22.14 22.12 22.13 22.15 22.09 22.07 22.07 22.15 22.08 21.77 21.63 21.72 21.80 21.81 21.92 22.02 21.98 21.88 21.86 21.85 21.89 21.91 21.93 21.84 21.86 21.80 21.92 21.94 21.94 21.87 21.87 21.96 21.91 21.87 21.82 21.95 22.01 21.99 22.00 22.11 22.21 22.17 22.15 22.13 22.13 22.15 22.15 22.10 22.05 22.03 22.04 22.03
22.17 21.65 22.14 22.21 22.16 22.15 22.19 22.20 22.18 22.21 22.16 22.14 22.19 22.21 22.15 22.11 22.08 22.06 22.07 22.08 22.09 22.10 22.11 22.08 22.13 22.11 22.13 22.13 22.13 22.06 22.00 22.06 22.07 22.11 21.85 21.60 21.69 21.78 21.84 22.02 22.06 21.94 21.83 21.81 21.98 21.87 21.95 21.95 21.90 21.90 21.90 21.85 21.83 21.87 21.88 21.93 21.94 21.94 21.96 21.96 22.02 22.01 22.01 22.03 22.08 22.16 22.13 22.05 22.12 22.11 22.13 22.21 22.12 22.06 22.05 22.03 22.01
22.16 21.69 21.94 22.21 22.19 22.17 22.18 22.15 22.16 22.16 22.08 22.17 22.24 22.22 22.16 22.11 22.10 22.08 22.04 22.09 22.08 22.11 22.13 22.14 22.11 22.12 22.11 22.13 22.11 22.09 21.99 21.95 22.01 22.06 22.04 21.78 21.73 21.81 21.84 22.03 21.98 21.93 21.83 21.87 21.84 21.82 21.89 21.92 21.94 21.94 21.90 21.79 21.76 21.82 21.90 21.91 21.93 21.87 21.91 21.90 21.97 21.93 22.02 22.04 22.05 22.11 22.04 22.01 22.07 22.13 22.08 22.15 22.11 22.11 22.08 22.01 21.95
22.14 21.87 21.76 22.16 22.17 22.18 22.17 22.16 22.12 22.07 22.15 22.21 22.23 22.22 22.15 22.08 22.04 22.08 22.14 22.11 22.09 22.05 22.08 22.13 22.11 22.12 22.12 22.09 22.10 22.08 22.01 21.96 22.04 22.04 22.07 21.95 21.73 21.76 21.76 21.80 21.80 21.78 21.82 21.85 21.80 21.78 21.85 21.82 21.90 21.91 21.93 21.87 21.81 21.75 21.79 21.83 21.81 21.83 21.83 21.81 21.86 21.97 21.99 22.03 22.00 22.06 22.04 21.98 21.98 22.06 22.08 22.10 22.10 22.07 22.08 22.04 22.02
22.14 22.08 21.81 22.02 22.12 22.16 22.16 22.11 22.05 22.19 22.18 22.19 22.21 22.15 22.11 22.00 22.00 22.07 22.12 22.09 22.11 22.05 22.08 22.10 22.04 22.11 22.14 22.08 22.06 22.08 22.03 22.04 22.03 22.01 22.01 21.99 21.81 21.73 21.71 21.73 21.75 21.98 21.86 21.78 21.76 21.75 21.78 21.81 21.81 21.84 21.89 21.86 21.88 21.77 21.80 21.79 21.80 21.80 21.77 21.79 21.78 21.80 21.98 21.96 21.97 22.03 22.01 22.03 21.98 22.06 22.07 22.08 22.04 22.06 22.11 22.11 22.02
22.13 22.12 22.09 21.99 22.08 22.14 22.12 22.05 22.13 22.13 22.10 22.17 22.11 22.13 22.04 21.95 21.98 22.02 22.10 22.07 22.11 22.11 22.08 22.08 22.03 22.04 22.08 22.11 22.09 22.08 22.05 22.07 21.96 21.99 22.01 22.02 21.98 21.76 21.64 21.61 21.70 21.66 21.77 21.83 21.76 21.70 21.69 21.74 21.76 21.81 21.82 21.82 21.80 21.83 21.88 21.78 21.73 21.70 21.72 21.87 21.79 21.76 21.85 21.93 22.00 22.02 21.86 21.96 22.00 22.03 22.05 22.09 22.05 22.07 22.11 22.11 22.05
22.13 22.12 22.12 22.02 22.10 22.11 22.02 22.03 22.13 22.07 22.09 22.09 22.14 22.11 22.02 21.94 21.98 22.05 22.08 22.06 22.06 22.05 22.05 22.06 22.02 21.99 22.09 22.06 22.08 22.06 21.98 21.98 21.97 21.96 21.99 22.03 22.01 21.85 21.59 21.63 21.67 21.62 21.71 21.75 21.75 21.67 21.65 21.71 21.77 21.82 21.80 21.78 21.76 21.76 21.88 21.87 21.79 21.62 21.70 21.82 21.78 21.75 21.73 21.85 21.89 21.92 21.85 21.86 21.88 21.93 22.01 22.03 21.97 22.00 22.05 22.05 22.03
