main/data/irradiance/31.01.2023.grid
ncols 839
nrows 679
xllcenter 112.0500
yllcenter -43.9500
cellsize 0.0500
nodata_value 99999.90
[rows 408 to 441 of 679, columns 462 to 538 of 839]
29.42 29.40 29.33 29.00 28.61 28.10 27.76 27.76 27.59 27.50 27.60 28.15 28.41 28.64 28.64 28.78 28.36 27.84 27.10 27.29 26.89 27.14 26.92 27.43 27.21 27.73 26.81 26.51 26.07 26.70 27.04 26.37 26.85 26.93 27.51 27.32 26.96 26.53 26.84 25.64 25.37 26.61 24.73 24.70 24.42 27.08 26.57 28.28 28.49 28.18 28.20 28.03 27.16 26.75 26.07 25.69 25.27 24.71 24.58 24.83 24.51 24.20 24.89 26.41 25.87 23.25 21.89 21.69 22.43 22.88 20.81 19.68 19.86 20.67 20.33 20.21 19.44
29.33 29.36 29.23 29.18 28.84 28.14 28.07 28.01 27.79 27.74 28.31 28.18 28.20 28.17 28.73 27.89 28.16 27.93 27.59 26.62 27.19 27.18 27.20 28.18 27.46 26.93 27.05 25.71 26.29 25.97 26.50 26.14 26.05 27.53 26.41 26.86 26.16 26.99 26.29 26.26 26.08 25.87 24.84 25.31 25.55 24.49 26.92 26.74 28.87 28.13 28.29 28.38 28.10 27.06 26.23 26.14 25.33 25.05 25.25 24.79 24.83 24.51 24.81 25.49 26.33 23.82 21.96 23.55 22.34 22.66 21.31 21.52 20.83 20.89 19.90 21.01 19.93
29.12 29.15 29.15 29.17 28.96 28.58 28.35 28.26 27.42 27.92 28.17 28.19 28.85 28.08 28.58 27.91 27.75 27.38 26.24 26.13 27.51 26.25 27.26 27.24 27.34 26.72 26.21 26.04 26.26 26.64 26.19 25.30 26.51 25.74 26.39 26.45 25.86 26.97 26.49 25.98 27.01 26.23 25.59 25.60 24.02 24.67 26.26 27.11 28.62 28.59 28.27 28.08 27.92 27.74 27.41 27.10 25.88 25.44 25.32 25.10 25.17 24.82 25.09 24.87 25.11 23.18 23.11 23.63 22.50 20.22 21.19 22.07 20.94 20.94 22.19 21.54 20.28
29.36 29.30 29.20 29.11 29.05 28.96 28.68 28.89 28.19 28.07 27.81 28.06 28.26 27.92 27.75 27.57 27.73 26.62 25.40 26.75 27.34 26.23 27.32 27.47 27.15 26.76 26.31 26.48 25.84 27.15 26.39 26.06 26.35 25.44 25.44 24.99 25.72 26.27 25.64 26.82 26.28 26.48 26.43 25.00 25.53 27.10 26.52 27.32 28.27 28.18 28.45 28.16 28.10 27.81 27.98 27.27 26.52 25.74 24.80 25.85 25.38 25.83 24.86 25.93 22.42 21.29 22.48 24.33 22.38 21.26 22.05 21.20 20.65 21.83 20.43 19.68 23.10
29.90 29.64 29.41 29.22 29.39 29.30 28.82 28.80 28.76 28.37 27.89 27.79 27.87 28.01 28.24 27.00 27.21 26.13 26.11 26.67 26.90 27.05 27.22 27.95 27.26 26.55 26.84 26.30 26.40 26.55 27.15 25.85 25.50 26.89 25.89 25.14 26.06 25.68 25.15 25.90 25.92 26.39 26.94 25.23 25.45 24.29 23.85 25.23 27.97 28.64 28.53 28.06 27.92 28.35 28.23 27.58 27.06 26.49 26.30 26.08 26.16 25.82 25.98 24.49 21.11 22.27 24.04 23.40 22.44 21.57 21.28 21.46 21.25 19.88 17.78 18.54 20.36
29.80 29.54 29.94 29.66 29.25 28.99 28.60 28.54 28.84 27.76 28.04 28.15 27.99 27.86 27.99 27.44 26.82 26.26 26.36 26.32 27.31 27.91 27.60 28.10 27.52 26.56 26.23 26.57 26.11 26.61 26.25 26.25 26.69 27.02 25.95 25.92 26.53 24.72 25.10 25.77 25.47 26.80 25.84 25.14 24.62 24.16 23.78 25.17 25.39 27.44 28.43 28.12 28.10 28.27 28.21 28.53 27.86 27.30 27.29 26.35 26.71 26.54 24.62 25.11 26.06 26.60 26.53 25.56 24.19 23.94 22.76 22.82 21.94 17.05 18.18 18.43 19.40
29.55 29.34 29.68 29.31 28.89 29.30 28.68 28.74 28.71 28.51 28.13 27.85 28.01 27.59 27.38 26.93 26.41 26.60 27.09 26.64 27.68 27.96 27.56 27.26 27.80 26.92 26.33 26.08 26.30 26.82 26.79 27.03 27.41 26.76 25.66 26.26 25.35 25.44 24.63 25.02 26.38 26.17 24.77 25.35 24.99 24.09 25.12 24.52 25.30 23.98 28.03 28.33 28.35 28.21 28.60 28.72 28.38 28.32 27.57 27.53 27.11 26.01 24.79 25.02 25.96 26.07 25.90 26.77 26.02 24.93 24.28 21.67 21.10 19.22 19.36 18.26 17.31
29.46 29.24 29.31 29.45 29.01 29.03 28.94 28.94 28.99 28.82 28.30 28.05 27.88 27.53 26.82 26.96 27.83 27.45 26.67 28.00 28.76 27.62 26.49 26.35 26.66 27.52 27.40 27.08 26.87 27.37 26.71 27.99 27.38 27.26 27.48 25.67 25.55 25.32 25.26 25.82 26.05 26.54 26.58 25.00 25.47 24.95 24.16 26.26 24.57 24.61 26.42 28.27 28.86 28.65 28.85 29.15 29.47 28.90 28.74 28.04 26.25 25.99 25.61 24.88 25.93 25.99 26.33 26.06 25.27 24.15 23.58 19.24 17.73 18.33 21.90 19.20 19.08
29.49 29.40 29.11 29.23 28.94 29.22 29.47 28.88 28.94 28.78 28.36 27.98 27.85 27.54 27.29 27.33 26.86 27.07 27.96 28.94 27.86 26.32 26.38 25.62 26.42 26.86 27.43 26.81 27.03 27.03 26.90 26.90 27.19 27.33 26.77 26.08 26.35 26.56 26.16 26.89 26.71 26.94 26.83 26.09 25.81 25.61 26.22 25.30 25.62 25.70 25.88 27.68 28.40 28.83 29.24 29.66 29.45 28.90 28.50 28.03 26.95 26.87 25.80 25.39 26.12 26.04 24.93 24.99 25.15 23.34 22.86 19.09 17.37 19.71 20.24 18.33 19.02
29.08 28.95 29.09 29.29 29.13 29.28 29.53 29.55 29.16 28.82 28.07 27.54 28.26 28.31 27.18 26.46 26.86 26.77 25.70 26.53 26.32 25.71 26.53 26.39 26.54 25.85 27.05 27.30 26.13 26.63 27.36 26.66 26.11 25.96 26.54 25.59 25.53 26.53 26.31 26.98 26.44 26.83 25.60 25.87 26.37 25.94 26.00 25.84 24.50 24.43 26.77 27.88 28.15 28.68 29.03 29.39 29.00 29.33 28.80 28.18 27.23 27.18 26.34 25.68 25.89 26.21 25.26 25.07 25.56 24.76 22.46 19.80 20.48 20.79 21.84 21.32 21.86
29.12 28.91 29.65 29.69 29.54 29.63 29.75 29.34 28.38 27.94 27.75 27.16 27.17 27.34 27.21 26.69 26.47 26.28 26.64 25.70 26.26 25.47 25.92 27.67 27.13 27.09 27.38 27.28 27.64 27.45 27.65 27.33 26.71 25.18 26.42 25.75 26.44 26.13 26.74 26.72 27.40 26.37 25.57 26.61 27.19 26.75 25.93 26.65 25.24 25.73 25.22 26.36 28.01 28.37 28.28 29.19 29.47 29.55 28.99 28.94 28.80 27.65 27.57 26.13 25.76 25.89 26.07 25.24 24.87 22.55 22.48 22.52 21.41 20.82 20.97 22.96 22.83
29.05 29.86 30.02 29.98 29.99 29.74 28.97 28.78 28.71 28.29 28.22 27.60 27.02 27.06 27.21 26.16 26.26 27.12 26.98 25.63 26.84 27.06 28.02 28.11 27.62 28.13 27.75 27.94 27.89 28.20 27.32 26.08 26.09 26.67 26.53 26.82 26.57 26.38 27.26 27.38 27.83 27.19 27.16 26.90 27.16 25.31 25.84 25.85 26.77 26.14 25.00 27.70 28.60 28.15 28.72 29.60 29.04 29.13 28.99 29.56 29.30 28.19 28.16 27.56 25.55 26.03 25.55 24.72 24.99 22.43 23.64 22.66 23.13 23.42 23.48 22.04 22.16
28.77 30.16 30.21 30.18 30.06 29.44 29.23 28.77 28.88 28.41 28.26 27.73 26.52 27.39 26.68 26.60 26.70 26.58 26.65 26.91 27.05 26.71 28.82 28.78 26.89 27.82 28.34 28.45 27.67 26.98 27.09 26.81 25.78 25.67 26.45 26.30 26.85 27.77 27.92 27.70 27.69 27.01 26.60 27.07 26.65 26.59 26.24 25.78 26.01 26.00 26.67 26.84 28.73 28.46 29.28 29.84 29.55 29.29 28.99 29.43 29.30 28.84 28.44 27.74 27.28 26.09 25.64 23.87 24.43 25.75 25.58 21.47 21.13 23.51 23.92 24.20 25.05
29.05 30.15 30.12 30.15 29.85 28.22 30.12 30.23 30.03 28.65 27.82 27.53 26.85 27.23 26.51 27.14 26.64 26.93 27.10 26.88 27.28 26.46 27.35 26.97 28.14 29.83 28.90 28.20 26.76 27.25 26.98 27.36 27.11 26.53 27.68 27.04 26.99 28.10 28.34 28.09 26.91 26.91 27.33 27.44 26.81 26.40 26.70 27.57 27.52 28.77 26.97 26.71 28.36 29.21 29.25 29.61 29.71 29.44 29.51 29.38 29.38 29.00 28.16 28.12 27.56 25.35 24.10 23.73 24.94 26.61 24.72 24.77 25.41 22.18 20.79 23.16 22.85
30.02 30.03 29.71 29.46 28.77 26.95 30.24 30.43 30.12 29.13 28.57 28.06 27.43 28.31 26.98 27.09 28.12 28.31 27.30 27.02 27.08 26.06 26.13 27.56 28.41 22.48 28.71 27.68 27.13 26.43 26.54 27.10 26.93 27.81 27.06 26.50 27.16 27.46 27.93 27.51 26.71 27.08 27.58 27.23 26.65 26.67 27.40 26.49 25.94 27.48 27.94 26.82 27.56 28.79 28.57 29.39 29.77 29.41 29.93 29.89 29.48 29.09 28.89 28.46 27.56 26.90 25.15 24.19 24.20 23.96 23.08 23.19 23.01 24.84 24.79 23.21 22.95
29.95 29.70 29.06 28.79 27.79 27.87 30.44 27.88 30.17 29.67 29.19 29.23 29.39 28.72 28.05 28.39 29.52 28.93 27.68 27.70 26.83 26.70 26.48 27.33 27.81 19.06 27.63 27.58 28.31 27.16 27.81 28.21 28.31 27.35 27.86 27.57 27.22 27.27 27.43 27.27 27.47 27.39 27.46 26.83 26.58 26.79 27.35 26.52 25.45 25.15 25.34 26.09 27.24 28.64 28.27 29.48 29.78 29.37 29.32 29.89 29.50 29.16 28.79 28.31 27.94 27.32 26.02 24.06 24.03 25.84 21.37 21.13 22.72 23.36 22.81 24.14 23.22
30.05 29.58 29.09 28.57 28.27 27.73 26.47 23.68 21.19 24.11 26.97 28.22 28.09 26.75 27.95 30.36 29.93 29.84 29.28 29.32 28.01 28.12 27.11 26.26 26.80 26.84 27.19 27.77 27.91 27.91 28.61 29.28 29.06 28.67 28.44 28.22 27.56 27.05 27.01 26.37 28.35 27.67 27.70 26.71 27.57 27.05 26.27 27.15 27.01 25.82 25.54 26.84 28.30 27.63 28.22 29.49 29.75 29.88 29.64 29.45 29.12 28.89 27.48 27.68 27.75 27.58 26.76 25.08 24.41 25.59 22.03 22.06 24.42 24.10 23.00 23.86 23.11
29.98 29.70 29.71 29.64 29.33 28.47 28.02 28.56 27.56 25.87 22.55 23.50 30.32 30.24 30.24 30.18 30.05 30.07 29.21 29.91 27.85 27.78 26.43 26.59 25.93 26.64 27.68 28.00 27.79 28.88 29.64 29.15 29.06 29.18 28.96 28.27 27.57 26.66 27.00 26.67 27.94 27.19 27.29 26.29 27.14 27.55 26.54 26.75 27.41 25.65 25.92 26.06 26.88 28.49 29.92 29.93 29.78 28.93 29.48 28.94 28.73 27.76 26.54 27.28 27.08 26.21 26.50 26.29 23.82 24.91 24.83 25.12 25.68 24.73 24.05 23.99 22.28
29.99 29.58 29.72 29.69 29.29 29.41 29.02 27.89 25.28 19.68 26.70 30.33 30.34 30.27 30.00 30.16 30.22 29.98 29.85 29.49 27.58 27.74 27.79 27.23 26.67 26.49 27.17 28.47 28.91 30.21 30.16 29.71 29.86 29.69 29.34 29.04 27.83 26.54 26.39 26.15 27.38 26.70 26.57 27.59 26.95 27.02 26.44 27.15 26.96 26.32 26.87 27.10 26.88 28.32 30.03 30.06 29.94 29.78 29.52 28.84 28.78 27.77 27.67 27.46 26.27 27.63 26.90 26.20 25.22 26.71 26.78 25.57 25.95 24.33 20.56 22.78 23.61
30.04 30.01 29.92 29.87 29.55 29.39 29.16 28.68 27.09 26.60 27.09 27.17 29.65 30.20 30.30 30.31 30.22 29.90 29.88 29.88 28.60 27.81 27.55 27.66 27.39 27.42 27.22 26.32 30.06 29.92 30.17 30.24 30.17 30.10 29.95 29.73 28.69 27.18 26.59 26.63 26.58 26.33 27.13 28.26 26.57 27.42 27.42 27.29 27.25 27.51 26.64 25.96 27.31 29.22 29.52 30.05 29.54 30.12 29.84 28.97 27.56 27.01 27.13 26.79 27.07 26.61 26.66 25.81 26.15 26.77 26.21 25.78 24.35 20.04 17.27 20.90 25.30
30.11 30.10 30.10 30.05 30.00 28.77 28.34 27.52 26.51 27.48 29.45 30.27 30.23 30.29 30.32 30.26 29.84 29.92 30.04 30.10 29.04 29.07 27.95 28.16 28.27 28.40 28.14 29.21 28.69 30.25 30.16 30.22 30.02 30.26 30.09 29.83 28.80 27.84 26.50 26.05 26.41 25.74 27.96 28.21 27.45 27.25 27.01 27.19 27.22 27.60 26.90 26.35 27.95 29.71 30.10 30.07 30.05 30.14 29.61 27.59 27.45 28.09 26.55 26.36 27.50 27.51 26.43 24.01 25.09 26.54 26.20 25.18 22.66 19.06 20.20 21.19 23.10
29.55 29.72 29.76 30.13 29.78 28.84 28.30 27.65 27.12 29.72 30.38 30.40 30.37 30.34 30.42 30.39 30.09 30.11 30.26 30.20 30.00 29.81 28.97 29.41 28.86 28.48 28.29 27.68 25.64 22.66 21.95 20.96 20.22 29.82 29.03 28.32 28.19 27.35 26.91 26.95 27.30 26.93 28.20 28.50 27.81 27.78 26.75 27.16 27.46 27.34 26.93 26.70 27.80 30.08 30.11 30.11 30.06 30.12 29.49 28.59 27.88 27.77 27.35 26.51 27.30 25.34 26.96 23.90 25.71 25.63 22.59 19.06 20.40 22.07 22.12 19.50 25.16
29.16 29.34 29.42 28.85 29.14 29.03 29.07 28.46 27.21 28.75 30.47 30.33 30.13 30.47 28.61 29.51 29.27 30.43 30.25 30.25 30.18 29.80 29.67 29.50 29.29 28.48 27.93 28.28 28.39 28.48 27.89 23.45 20.50 29.67 29.36 28.82 28.04 27.73 28.23 28.43 28.10 27.32 28.16 28.52 28.03 28.05 28.34 27.52 27.72 27.65 27.61 28.48 29.48 29.74 30.12 30.07 30.12 29.60 29.02 29.14 28.17 28.36 27.25 27.59 27.73 26.48 26.17 23.56 23.99 24.46 20.62 21.49 20.81 20.17 20.00 23.45 24.04
28.98 29.15 28.71 28.79 29.41 29.47 28.75 28.46 27.27 27.74 30.36 29.73 27.21 30.31 30.46 28.30 27.04 29.86 28.54 30.33 30.23 30.19 29.98 29.61 29.26 28.75 28.00 28.10 28.69 28.52 28.72 22.04 20.17 29.27 29.13 29.07 27.91 27.61 28.48 29.03 28.79 28.68 28.30 29.26 28.57 27.89 28.00 28.25 27.85 28.69 28.43 29.43 29.90 30.02 30.13 30.04 29.68 29.03 28.65 29.15 28.49 27.93 27.82 27.02 26.65 25.53 26.05 26.23 26.85 24.51 23.10 23.17 21.58 21.34 21.04 22.09 25.13
29.02 29.15 29.61 28.81 28.49 28.41 28.52 28.08 27.20 27.26 27.32 26.88 26.53 29.52 30.40 30.28 27.99 27.65 28.26 26.85 30.31 30.21 30.04 29.62 29.49 29.11 28.92 28.53 29.11 28.98 28.97 25.97 24.42 28.83 28.98 28.88 29.00 28.97 29.15 29.37 29.29 29.22 28.22 29.20 28.83 28.24 28.18 28.51 28.98 29.14 29.42 29.51 30.09 30.12 29.90 29.68 29.57 29.33 29.15 28.47 28.51 28.04 28.38 26.82 26.24 26.00 25.52 25.44 25.65 21.28 24.06 26.33 26.65 24.64 23.73 22.63 23.66
28.68 28.92 28.86 28.72 29.40 29.03 28.63 28.14 28.05 27.77 27.25 26.46 27.11 29.67 30.29 30.38 30.02 29.75 29.92 28.60 30.39 30.11 29.97 29.69 29.53 29.39 29.17 28.75 29.13 29.77 29.45 28.87 29.37 29.39 29.00 28.93 28.72 28.98 29.34 29.36 29.31 29.47 29.58 29.65 28.67 28.40 28.59 28.99 29.34 29.48 29.48 29.83 30.09 30.11 29.71 29.80 29.60 29.32 29.35 28.73 28.35 28.88 28.42 27.94 27.83 27.26 26.18 26.05 26.31 24.90 25.24 24.79 25.72 24.10 23.50 24.42 24.64
28.83 28.78 28.91 29.10 29.23 29.10 28.42 28.60 27.95 27.36 27.00 26.74 26.65 27.16 29.61 30.31 29.87 30.27 30.37 30.40 30.39 30.16 30.01 29.73 29.73 29.66 29.58 29.41 29.28 29.83 29.94 29.32 29.25 29.43 29.34 29.30 29.54 29.46 29.60 29.29 29.70 29.73 29.56 29.05 29.14 28.69 28.92 29.22 29.47 29.51 29.54 29.96 30.09 30.05 29.71 29.56 29.60 29.32 29.39 28.74 28.86 28.74 28.68 28.68 27.88 27.37 25.77 26.71 25.25 25.68 26.53 26.75 26.20 25.79 25.55 24.78 23.91
29.00 28.81 28.75 28.78 28.94 28.67 28.58 28.14 27.39 27.44 27.35 26.86 26.52 26.58 26.67 29.35 30.30 30.29 30.37 30.07 30.34 30.33 30.03 29.77 29.76 29.74 29.32 29.68 29.43 29.69 29.97 29.81 28.86 28.80 29.16 29.41 29.58 29.30 29.26 28.89 29.58 29.70 29.51 29.36 29.43 29.11 28.97 29.57 29.65 29.91 30.00 29.81 30.04 29.81 29.75 29.55 29.72 29.44 29.04 29.04 28.96 29.04 28.92 28.71 27.75 27.45 25.69 25.51 25.48 24.32 24.31 24.57 25.07 24.49 25.64 24.85 23.91
29.12 28.89 28.54 28.53 29.15 28.96 27.85 27.19 27.83 27.69 27.66 27.15 27.52 27.24 27.24 27.24 29.01 29.73 30.39 30.28 30.37 30.39 30.15 29.71 29.60 29.75 29.49 29.64 29.58 29.51 29.64 29.85 29.48 29.39 29.46 29.53 29.60 29.40 29.42 29.32 29.19 29.45 29.25 29.27 29.26 29.43 29.31 29.25 29.56 29.25 29.23 29.90 27.68 29.52 29.51 29.54 29.55 29.43 29.01 29.30 29.36 29.06 28.65 28.58 27.21 26.08 25.24 24.36 24.43 24.92 24.86 24.37 24.69 23.94 23.66 24.33 26.02
29.00 29.03 28.92 28.81 28.59 28.27 27.97 28.90 28.79 29.04 28.91 28.10 28.13 27.79 27.95 26.36 25.92 27.38 30.16 30.29 30.26 30.24 30.18 30.08 29.81 29.62 29.69 29.63 29.52 29.41 29.23 29.99 29.95 29.88 29.57 29.53 29.52 29.45 29.29 29.43 29.33 29.41 29.13 29.18 29.23 29.42 29.40 29.41 29.44 29.72 29.28 29.09 29.73 29.49 29.51 29.14 29.54 29.54 29.30 29.60 29.17 28.94 28.67 27.19 25.79 25.61 25.43 25.09 24.71 23.76 22.46 22.20 23.54 23.88 23.21 24.54 25.49
29.34 29.20 28.91 29.20 29.17 29.87 29.98 29.93 29.61 29.23 29.05 28.51 28.35 27.65 27.34 27.53 27.28 28.34 28.34 30.12 30.06 30.09 30.20 30.08 29.79 29.56 29.62 29.65 29.39 29.64 29.89 29.99 30.01 29.96 29.86 29.42 29.40 29.41 29.51 29.47 29.44 29.20 29.49 29.47 29.15 29.49 29.66 29.55 29.67 29.64 29.31 29.25 29.46 29.42 29.40 29.64 29.65 29.36 29.46 29.42 29.06 28.90 28.71 26.51 25.77 25.31 25.61 24.59 24.24 24.87 23.42 23.17 23.51 23.77 23.25 24.17 25.66
29.30 29.13 29.02 28.63 29.12 29.99 29.98 30.02 29.82 29.44 29.08 28.66 27.97 27.22 27.40 27.98 27.20 28.34 30.17 30.15 30.17 30.13 30.17 30.03 29.82 29.66 29.79 29.46 29.35 29.24 29.79 29.90 30.02 29.97 29.49 29.46 29.18 29.02 29.53 29.44 29.55 29.44 29.61 29.53 29.47 29.75 29.64 29.70 29.68 29.55 29.37 29.51 29.67 29.54 29.53 29.45 29.53 29.56 29.37 28.47 28.39 28.29 27.49 27.00 26.27 26.36 25.15 25.22 25.68 24.52 24.27 23.08 22.70 23.78 24.05 25.24 26.87
29.21 28.54 28.86 28.23 29.05 29.58 29.75 29.45 29.45 28.63 28.32 28.11 27.88 27.51 27.21 27.11 27.24 28.95 30.14 30.09 30.08 30.08 30.18 29.48 29.47 29.35 29.35 28.55 28.78 29.20 29.71 29.75 30.00 29.77 29.50 29.16 29.52 29.11 29.17 29.46 29.47 29.53 29.49 29.48 29.41 29.31 29.37 29.57 29.63 29.36 29.45 29.17 29.34 29.32 29.37 29.33 29.77 29.04 28.05 27.98 28.66 28.44 28.12 27.06 26.54 25.94 26.83 26.30 25.69 25.48 24.50 23.11 22.69 24.60 23.70 25.10 26.49
29.23 28.94 29.08 28.56 28.68 29.30 29.10 29.10 29.18 29.16 28.21 27.95 27.94 27.74 27.69 27.77 30.18 30.41 30.36 30.30 30.19 30.13 30.14 29.70 29.52 28.60 28.67 27.86 29.19 29.02 29.56 29.65 29.68 29.54 29.40 29.52 29.47 29.25 29.45 29.50 29.68 29.50 29.26 29.22 29.08 29.27 29.12 29.52 29.68 29.37 29.30 29.09 29.41 29.54 29.49 29.45 29.54 28.44 27.99 28.16 28.72 28.00 27.27 27.74 27.38 27.03 26.38 26.83 26.50 25.82 25.81 25.22 23.64 23.12 24.61 26.52 28.30
