main/data/irradiance/31.05.2023.grid
ncols 839
nrows 679
xllcenter 112.0500
yllcenter -43.9500
cellsize 0.0500
nodata_value 99999.90
[rows 272 to 305 of 679, columns 539 to 615 of 839]
16.16 16.22 16.22 16.13 16.16 16.16 16.17 16.19 16.18 16.19 16.19 16.15 16.10 16.07 16.09 16.10 16.10 16.01 16.09 16.10 16.11 16.01 16.07 16.00 15.48 15.84 16.16 16.17 16.17 16.13 15.84 15.97 15.65 15.63 15.91 15.89 15.79 15.85 15.88 15.85 16.00 15.71 15.78 15.97 16.04 16.08 16.11 15.98 16.02 16.00 15.98 16.01 16.06 15.60 16.00 16.11 16.15 16.01 16.13 16.15 16.11 16.10 16.04 16.09 16.05 16.05 16.04 16.13 16.10 15.73 15.68 15.94 16.10 15.91 16.00 15.96 15.91
16.19 16.16 16.11 16.19 16.17 16.17 16.17 16.18 16.19 16.19 16.17 16.18 16.14 16.03 16.06 16.08 15.97 15.89 16.06 16.10 16.16 16.14 16.07 16.07 15.63 15.41 15.77 16.09 16.14 15.99 15.70 15.62 15.54 15.64 15.86 15.78 15.53 15.60 15.83 15.97 15.95 15.62 15.74 16.07 16.08 16.17 16.18 15.88 16.04 16.09 16.08 16.14 16.16 15.79 15.98 16.14 16.12 15.33 15.96 15.98 16.05 16.11 16.09 16.11 16.00 16.11 16.08 16.08 15.90 15.80 15.48 15.71 15.92 16.01 15.90 15.92 15.72
16.18 16.18 16.16 16.17 16.15 16.07 16.08 16.17 16.18 16.19 16.19 16.18 16.10 15.92 16.05 16.05 16.02 15.83 15.98 16.11 16.09 16.07 16.13 16.08 15.94 15.70 15.45 15.85 16.05 16.12 15.94 15.81 15.72 15.75 15.79 15.71 15.64 15.73 15.51 15.70 15.57 15.76 15.68 15.96 15.88 16.09 16.15 15.97 15.97 15.98 15.95 16.09 16.12 16.06 16.05 16.10 15.95 15.38 15.19 15.51 15.91 16.09 16.10 16.11 16.11 16.10 16.11 16.09 16.05 15.82 16.00 15.94 15.57 15.57 15.67 15.51 15.40
16.16 16.15 16.14 16.14 16.15 16.14 16.09 16.12 16.15 16.18 16.16 16.16 16.14 15.93 16.04 16.05 16.01 15.98 16.09 16.10 16.10 16.08 16.08 16.05 16.09 15.90 15.42 15.65 15.71 15.68 15.78 15.72 15.74 15.55 15.72 15.76 15.88 15.74 15.27 15.35 15.70 15.56 15.54 15.76 15.93 15.99 16.10 16.03 16.16 16.09 16.00 16.07 16.08 16.06 16.03 16.06 15.99 15.76 15.42 15.52 15.34 15.84 16.06 16.07 16.09 16.03 15.83 16.02 15.86 15.68 15.91 16.00 15.55 15.04 15.57 15.58 15.49
16.16 16.05 16.13 16.13 16.13 16.14 16.13 16.14 16.15 16.16 16.14 16.06 16.15 15.92 16.01 16.03 16.03 15.97 16.10 16.08 16.07 16.06 16.04 16.04 16.07 15.96 15.58 15.68 15.53 15.56 15.45 15.67 15.77 15.63 15.78 15.85 15.84 15.69 15.49 15.40 15.52 15.58 15.48 15.85 15.98 15.99 16.10 16.01 16.10 16.11 16.07 16.06 16.05 15.99 15.99 15.93 16.05 16.03 16.02 15.99 15.60 15.79 16.06 16.03 16.01 15.76 15.31 15.70 15.79 15.83 15.94 16.04 15.33 15.45 15.80 15.81 15.75
16.14 16.07 16.08 16.09 16.11 16.10 16.12 16.11 16.12 16.13 16.12 16.12 15.96 15.96 16.00 15.95 15.99 15.94 16.02 16.11 16.04 16.03 16.06 16.05 16.07 16.02 15.79 15.89 15.59 15.60 15.86 15.87 15.86 15.92 15.75 15.78 15.82 15.65 15.55 15.53 15.68 15.85 15.91 15.72 15.93 16.02 16.04 16.06 16.10 16.11 16.07 16.04 16.03 15.96 15.97 16.01 16.04 16.03 16.02 16.01 15.92 16.02 16.04 15.79 16.03 15.80 15.68 15.90 15.95 15.92 15.95 16.02 15.70 15.97 15.88 15.83 16.00
16.08 16.10 16.00 16.00 16.08 16.09 16.11 16.10 16.10 16.11 16.10 16.07 15.64 15.93 15.98 15.98 15.97 15.92 15.91 16.07 16.01 15.92 16.06 16.08 16.05 16.02 15.97 15.96 15.80 15.41 15.59 15.72 15.83 15.87 15.87 15.86 15.84 15.58 15.62 15.47 15.77 15.86 15.88 15.60 15.86 15.94 16.03 16.02 16.06 16.07 16.04 16.03 16.01 16.01 16.00 16.01 16.02 15.96 15.58 15.96 16.02 16.02 16.02 15.97 16.02 15.95 15.99 15.98 15.93 15.95 15.91 15.93 15.96 15.99 15.92 15.86 15.89
16.08 16.10 16.06 16.05 15.97 16.07 16.09 16.07 16.08 16.08 16.08 15.98 15.72 15.94 15.91 15.92 15.94 15.85 15.69 16.04 16.04 15.98 16.02 16.03 16.03 16.04 16.04 15.95 15.72 15.74 15.54 15.66 15.73 15.82 15.95 15.84 15.88 15.78 15.60 15.66 15.72 15.82 15.86 15.48 15.57 15.76 15.99 16.00 16.03 16.05 15.99 16.01 15.99 15.99 16.00 16.00 15.99 15.81 15.41 15.77 15.99 16.00 16.00 16.00 16.01 15.98 15.99 16.00 16.02 15.97 15.89 15.77 15.70 15.84 15.86 15.81 15.85
16.04 16.03 16.00 16.03 15.87 16.02 16.03 15.99 16.06 16.06 16.03 15.79 15.76 15.74 15.92 15.94 15.90 15.88 15.67 15.98 16.03 16.03 16.01 16.03 16.03 16.04 16.05 16.05 15.83 15.74 15.77 15.34 15.18 15.48 15.53 15.59 15.77 15.92 15.76 15.83 15.80 15.92 15.86 15.62 15.55 15.63 15.93 15.95 15.98 16.04 16.02 16.03 15.98 15.98 15.98 15.99 15.97 15.64 15.63 15.22 15.75 15.95 15.94 15.65 15.96 15.96 15.97 15.99 16.00 15.95 15.87 15.74 15.40 15.50 15.90 15.90 15.90
16.02 16.00 16.02 16.02 15.95 16.03 16.03 15.93 16.05 16.01 16.01 15.79 15.80 15.81 15.78 15.76 15.84 15.88 15.78 16.02 16.03 16.03 16.04 16.00 16.00 16.01 15.98 16.01 15.88 15.83 15.69 15.45 15.22 15.58 15.72 15.62 15.76 15.86 15.83 15.83 15.79 15.79 15.77 15.78 15.57 15.76 15.90 16.00 15.98 15.96 16.00 15.99 15.96 15.96 15.97 15.95 15.90 15.54 15.55 15.63 15.37 15.84 15.95 15.89 15.84 15.92 15.91 15.95 15.97 15.97 15.94 15.82 15.61 15.37 15.80 15.91 15.91
16.02 16.03 16.05 16.01 16.01 16.00 15.99 15.99 16.02 15.98 15.98 15.89 15.86 15.69 15.49 15.74 15.85 15.83 15.67 15.98 16.04 16.03 15.98 16.01 15.99 15.96 15.91 15.81 15.83 15.96 15.91 15.67 15.71 15.81 15.92 15.82 15.87 15.92 15.89 15.94 15.89 15.89 15.83 15.72 15.70 15.85 15.94 15.96 16.00 15.96 15.96 15.95 15.92 15.94 15.94 15.92 15.90 15.67 15.12 15.51 15.63 15.52 15.93 15.86 15.84 15.89 15.88 15.87 15.90 15.91 15.92 15.87 15.68 15.43 15.44 15.83 15.58
15.96 16.01 15.98 16.01 16.00 15.99 16.01 16.00 16.00 15.88 15.92 15.79 15.76 15.63 15.76 15.83 15.84 15.70 15.58 15.95 16.02 15.97 15.99 16.02 15.97 15.98 15.98 15.97 15.76 15.89 15.88 15.93 15.87 15.94 15.87 15.85 15.87 15.92 15.89 15.87 15.94 15.88 15.83 15.88 15.79 15.77 15.93 15.94 15.95 15.95 15.94 15.95 15.93 15.94 15.94 15.91 15.89 15.86 15.60 15.20 15.70 15.36 15.92 15.86 15.85 15.75 15.75 15.75 15.83 15.85 15.90 15.92 15.85 15.53 15.52 15.50 15.34
15.98 15.94 15.96 15.98 15.94 15.95 15.98 16.00 15.99 15.84 15.76 15.70 15.66 15.60 15.73 15.79 15.79 15.69 15.77 15.98 16.00 15.95 15.96 15.97 15.96 15.95 15.96 15.96 15.76 15.63 15.79 15.68 15.76 15.84 15.86 15.86 15.84 15.79 15.67 15.79 15.85 15.81 15.81 15.84 15.77 15.86 15.89 15.90 15.89 15.90 15.91 15.92 15.92 15.90 15.90 15.90 15.88 15.89 15.74 15.53 15.69 15.45 15.84 15.85 15.73 15.66 15.61 15.79 15.81 15.87 15.89 15.85 15.68 15.66 15.47 15.47 15.41
15.99 15.97 15.99 15.94 15.94 15.95 15.95 15.96 15.52 15.67 15.76 15.53 15.56 15.69 15.73 15.70 15.75 15.63 15.91 15.89 15.99 15.98 15.96 15.97 15.98 15.98 15.94 15.87 15.69 15.58 15.80 15.76 15.68 15.71 15.80 15.82 15.89 15.92 15.88 15.87 15.83 15.83 15.71 15.76 15.83 15.86 15.89 15.85 15.88 15.88 15.89 15.89 15.88 15.87 15.88 15.88 15.88 15.84 15.82 15.74 15.65 15.70 15.79 15.66 15.35 15.56 15.70 15.80 15.82 15.88 15.72 15.53 15.47 15.55 15.51 15.47 15.35
15.97 15.85 15.81 15.90 15.92 15.94 15.95 15.91 15.37 15.41 15.56 15.50 15.50 15.70 15.65 15.74 15.68 15.83 15.96 15.96 15.96 15.95 15.94 15.96 15.96 15.93 15.92 15.86 15.74 15.63 15.71 15.72 15.70 15.75 15.75 15.74 15.88 15.90 15.79 15.81 15.71 15.71 15.51 15.65 15.76 15.76 15.82 15.85 15.85 15.86 15.87 15.88 15.87 15.86 15.88 15.86 15.87 15.86 15.86 15.83 15.72 15.77 15.57 15.34 15.08 15.51 15.80 15.83 15.84 15.71 15.49 15.48 15.58 15.65 15.66 15.67 15.36
15.95 15.91 15.90 15.93 15.92 15.91 15.67 15.04 15.62 15.47 15.25 15.49 15.40 15.49 15.60 15.60 15.84 15.90 15.91 15.91 15.90 15.90 15.90 15.88 15.92 15.79 15.69 15.86 15.92 15.91 15.80 15.77 15.72 15.72 15.71 15.86 15.88 15.86 15.80 15.80 15.80 15.63 15.50 15.62 15.73 15.75 15.77 15.83 15.80 15.74 15.83 15.84 15.83 15.84 15.84 15.86 15.85 15.84 15.84 15.85 15.81 15.72 15.40 15.14 15.31 15.20 15.49 15.82 15.78 15.54 15.49 15.49 15.71 15.73 15.68 15.61 15.16
15.92 15.92 15.91 15.92 15.93 15.91 15.23 15.04 15.28 15.37 15.44 15.46 15.32 15.35 15.61 15.73 15.86 15.87 15.85 15.86 15.87 15.88 15.89 15.90 15.93 15.92 15.87 15.92 15.91 15.90 15.88 15.91 15.88 15.76 15.83 15.87 15.84 15.79 15.79 15.83 15.80 15.73 15.70 15.69 15.77 15.76 15.84 15.86 15.84 15.76 15.75 15.82 15.80 15.83 15.81 15.85 15.83 15.83 15.84 15.86 15.85 15.49 15.47 15.29 15.67 15.56 15.61 15.79 15.77 15.65 15.53 15.50 15.57 15.62 15.30 15.30 15.29
15.90 15.90 15.90 15.90 15.86 15.92 15.51 15.28 15.43 15.49 15.55 15.37 15.64 15.78 15.88 15.85 15.85 15.87 15.83 15.85 15.86 15.87 15.87 15.89 15.91 15.91 15.87 15.83 15.84 15.86 15.87 15.90 15.88 15.84 15.82 15.81 15.77 15.72 15.62 15.85 15.72 15.75 15.70 15.74 15.70 15.74 15.85 15.86 15.83 15.80 15.76 15.71 15.81 15.77 15.81 15.81 15.82 15.83 15.84 15.84 15.84 15.75 15.44 15.15 15.67 15.77 15.69 15.67 15.71 15.72 15.62 15.59 15.66 15.54 15.41 15.34 15.06
15.85 15.85 15.87 15.87 15.87 15.89 15.54 15.54 15.63 15.31 15.30 15.48 15.24 15.56 15.84 15.83 15.82 15.80 15.81 15.81 15.79 15.84 15.80 15.80 15.81 15.83 15.86 15.79 15.76 15.79 15.79 15.80 15.84 15.81 15.76 15.73 15.61 15.49 15.76 15.73 15.65 15.66 15.71 15.69 15.65 15.73 15.61 15.78 15.80 15.81 15.79 15.78 15.75 15.78 15.78 15.79 15.79 15.80 15.79 15.79 15.81 15.80 15.64 15.36 15.37 15.74 15.73 15.53 15.58 15.63 15.62 15.52 15.35 15.22 15.34 15.30 14.99
15.81 15.85 15.85 15.84 15.82 15.42 15.84 15.82 15.85 15.72 15.31 15.07 14.96 15.66 15.78 15.82 15.74 15.77 15.81 15.81 15.83 15.81 15.84 15.84 15.83 15.82 15.80 15.79 15.76 15.75 15.74 15.79 15.79 15.75 15.75 15.69 15.53 15.66 15.80 15.73 15.75 15.78 15.75 15.68 15.71 15.75 15.77 15.82 15.78 15.78 15.78 15.78 15.77 15.77 15.78 15.76 15.74 15.74 15.75 15.79 15.77 15.76 15.74 15.62 15.70 15.73 15.74 15.48 15.48 15.46 15.50 15.43 15.30 15.12 15.09 15.08 15.23
15.49 15.84 15.85 15.83 15.52 14.63 15.72 15.79 15.82 15.34 15.42 15.21 15.63 15.75 15.78 15.76 15.78 15.79 15.76 15.79 15.79 15.76 15.80 15.80 15.81 15.81 15.77 15.79 15.77 15.73 15.73 15.77 15.71 15.76 15.68 15.60 15.50 15.80 15.80 15.75 15.65 15.64 15.67 15.72 15.74 15.78 15.80 15.79 15.77 15.77 15.76 15.76 15.67 15.71 15.71 15.65 15.66 15.68 15.72 15.74 15.74 15.72 15.71 15.72 15.72 15.72 15.72 15.65 15.60 15.59 15.60 15.60 15.50 15.48 15.45 15.21 15.32
15.17 15.57 15.76 15.84 15.73 15.02 15.64 15.79 15.80 15.24 15.23 15.43 15.69 15.77 15.77 15.77 15.76 15.78 15.72 15.78 15.78 15.76 15.76 15.76 15.76 15.78 15.77 15.78 15.76 15.74 15.75 15.77 15.75 15.72 15.60 15.52 15.72 15.78 15.77 15.66 15.64 15.64 15.61 15.56 15.59 15.71 15.77 15.77 15.75 15.75 15.76 15.74 15.64 15.75 15.72 15.72 15.68 15.61 15.64 15.67 15.70 15.69 15.69 15.69 15.69 15.70 15.71 15.67 15.62 15.63 15.65 15.64 15.65 15.61 15.59 15.53 15.56
14.73 14.89 15.26 14.62 14.52 14.67 15.00 15.79 15.70 15.10 15.29 15.15 15.51 15.74 15.75 15.56 15.56 15.60 15.64 15.76 15.77 15.75 15.76 15.75 15.75 15.76 15.76 15.77 15.76 15.75 15.75 15.74 15.75 15.66 15.66 15.70 15.73 15.73 15.73 15.58 15.53 15.56 15.55 15.57 15.53 15.65 15.73 15.70 15.72 15.74 15.74 15.65 15.71 15.71 15.71 15.71 15.70 15.65 15.62 15.54 15.55 15.60 15.66 15.66 15.68 15.67 15.68 15.67 15.58 15.60 15.62 15.63 15.60 15.55 15.61 15.64 15.60
15.03 14.74 14.55 14.75 15.06 14.64 15.19 15.10 15.04 15.01 15.22 15.32 15.44 15.41 14.88 15.10 15.25 15.66 15.60 15.72 15.73 15.74 15.75 15.75 15.75 15.73 15.74 15.74 15.74 15.73 15.73 15.69 15.68 15.70 15.76 15.76 15.73 15.72 15.62 15.50 15.55 15.61 15.63 15.55 15.68 15.71 15.71 15.70 15.69 15.70 15.67 15.61 15.70 15.69 15.68 15.64 15.66 15.69 15.65 15.62 15.45 15.49 15.56 15.63 15.56 15.64 15.65 15.64 15.63 15.59 15.59 15.60 15.58 15.57 15.60 15.55 15.48
15.17 15.27 15.63 15.76 15.74 15.62 15.24 15.43 15.15 15.20 15.29 15.17 15.33 15.06 14.94 15.02 15.65 15.72 15.73 15.72 15.73 15.74 15.73 15.72 15.72 15.73 15.72 15.72 15.72 15.70 15.70 15.63 15.63 15.72 15.73 15.70 15.68 15.66 15.70 15.63 15.66 15.68 15.63 15.69 15.72 15.71 15.69 15.68 15.66 15.67 15.65 15.68 15.67 15.66 15.61 15.63 15.67 15.67 15.65 15.66 15.62 15.53 15.58 15.63 15.62 15.62 15.64 15.62 15.64 15.58 15.55 15.58 15.61 15.58 15.53 15.44 15.38
15.59 15.70 15.72 15.71 15.66 15.72 15.56 15.33 15.32 14.94 14.41 15.14 15.21 15.25 14.98 15.39 15.70 15.72 15.71 15.70 15.72 15.71 15.71 15.70 15.69 15.70 15.71 15.72 15.66 15.67 15.59 15.58 15.63 15.69 15.69 15.68 15.68 15.66 15.67 15.66 15.64 15.65 15.55 15.64 15.67 15.66 15.66 15.64 15.59 15.60 15.65 15.65 15.65 15.53 15.56 15.56 15.62 15.66 15.64 15.64 15.63 15.55 15.56 15.61 15.62 15.60 15.61 15.62 15.59 15.50 15.58 15.57 15.58 15.56 15.56 15.45 15.48
15.67 15.68 15.67 15.70 15.67 15.68 15.68 15.32 15.32 15.10 14.85 14.96 14.94 15.36 15.61 15.69 15.68 15.70 15.70 15.73 15.71 15.70 15.68 15.69 15.68 15.68 15.70 15.67 15.67 15.60 15.56 15.62 15.67 15.66 15.69 15.68 15.67 15.67 15.65 15.65 15.66 15.66 15.66 15.65 15.66 15.63 15.62 15.60 15.50 15.39 15.66 15.65 15.63 15.48 15.55 15.56 15.61 15.63 15.48 15.60 15.61 15.60 15.52 15.53 15.55 15.58 15.59 15.55 15.56 15.53 15.55 15.48 15.55 15.55 15.57 15.53 15.47
15.63 15.65 15.65 15.65 15.65 15.65 15.66 15.65 15.61 15.64 15.65 15.59 15.64 15.66 15.66 15.68 15.69 15.66 15.55 15.20 15.46 15.49 15.58 15.68 15.69 15.66 15.67 15.63 15.58 15.55 15.56 15.60 15.62 15.66 15.69 15.67 15.65 15.64 15.62 15.65 15.65 15.65 15.63 15.62 15.65 15.62 15.51 15.47 15.30 15.51 15.63 15.64 15.63 15.62 15.65 15.60 15.64 15.63 15.52 15.53 15.58 15.57 15.54 15.52 15.57 15.55 15.51 15.57 15.57 15.57 15.48 15.35 15.53 15.53 15.55 15.55 15.46
15.62 15.63 15.65 15.64 15.62 15.61 15.62 15.63 15.63 15.64 15.65 15.53 15.59 15.65 15.64 15.64 15.60 15.28 15.21 15.10 15.26 15.33 15.43 15.63 15.65 15.66 15.65 15.61 15.60 15.55 15.55 15.56 15.55 15.61 15.63 15.61 15.64 15.62 15.62 15.62 15.62 15.61 15.61 15.62 15.60 15.60 15.44 15.36 15.31 15.53 15.58 15.60 15.61 15.60 15.61 15.61 15.60 15.57 15.55 15.53 15.54 15.52 15.49 15.28 15.28 15.41 15.43 15.55 15.52 15.56 15.42 15.29 15.35 15.45 15.45 15.44 15.42
15.63 15.62 15.62 15.60 15.59 15.60 15.61 15.64 15.63 15.64 15.62 15.63 15.63 15.62 15.62 15.62 15.46 15.16 15.01 15.27 14.98 15.42 15.60 15.56 15.58 15.56 15.63 15.57 15.57 15.53 15.55 15.53 15.52 15.59 15.60 15.63 15.61 15.61 15.62 15.61 15.61 15.59 15.60 15.61 15.57 15.50 15.36 15.37 15.52 15.57 15.57 15.57 15.57 15.58 15.59 15.58 15.55 15.54 15.53 15.53 15.52 15.52 15.41 15.43 15.23 15.12 15.17 15.53 15.48 15.48 15.45 15.35 15.27 15.24 15.28 15.16 15.17
15.59 15.59 15.58 15.58 15.60 15.61 15.61 15.63 15.63 15.61 15.61 15.61 15.62 15.58 15.57 15.55 15.12 15.25 15.59 15.61 15.58 15.52 15.61 15.60 15.55 15.60 15.40 15.49 15.54 15.50 15.56 15.49 15.52 15.55 15.58 15.58 15.61 15.59 15.59 15.56 15.59 15.58 15.59 15.57 15.57 15.33 15.39 15.47 15.52 15.55 15.55 15.55 15.56 15.56 15.57 15.55 15.54 15.53 15.50 15.51 15.52 15.51 15.52 15.50 15.39 15.42 15.37 15.41 15.47 15.48 15.41 15.34 15.35 15.28 15.19 15.09 15.07
15.56 15.56 15.55 15.57 15.58 15.59 15.60 15.60 15.61 15.59 15.57 15.60 15.58 15.58 15.54 14.73 14.94 15.38 15.57 15.56 15.55 15.55 15.56 15.49 15.50 15.57 15.55 15.54 15.50 15.50 15.55 15.44 15.49 15.46 15.49 15.55 15.56 15.56 15.57 15.55 15.54 15.56 15.56 15.53 15.50 15.39 15.42 15.49 15.50 15.53 15.53 15.54 15.53 15.53 15.53 15.55 15.55 15.51 15.48 15.48 15.50 15.53 15.52 15.49 15.48 15.46 15.42 15.44 15.50 15.43 15.47 15.45 15.37 15.27 15.27 15.15 15.02
15.54 15.56 15.45 15.48 15.55 15.57 15.58 15.58 15.55 15.55 15.56 15.58 15.57 15.57 15.53 15.56 15.55 15.57 15.56 15.56 15.54 15.52 15.53 15.54 15.54 15.52 15.52 15.51 15.50 15.55 15.48 15.41 15.46 15.45 15.46 15.44 15.55 15.55 15.55 15.54 15.53 15.54 15.54 15.51 15.50 15.35 15.46 15.51 15.50 15.52 15.51 15.51 15.51 15.52 15.55 15.51 15.49 15.47 15.47 15.45 15.46 15.48 15.50 15.49 15.47 15.50 15.45 15.48 15.50 15.45 15.44 15.47 15.35 15.22 15.17 15.16 15.12
15.53 15.56 15.33 15.49 15.53 15.53 15.55 15.55 15.54 15.55 15.56 15.56 15.56 15.54 15.55 15.55 15.55 15.55 15.55 15.53 15.51 15.51 15.53 15.54 15.48 15.51 15.50 15.46 15.50 15.53 15.42 15.39 15.43 15.30 15.27 15.08 15.54 15.50 15.52 15.52 15.53 15.51 15.51 15.51 15.44 15.48 15.50 15.52 15.50 15.51 15.50 15.50 15.50 15.48 15.46 15.51 15.47 15.46 15.44 15.45 15.44 15.42 15.44 15.42 15.47 15.48 15.49 15.42 15.42 15.44 15.35 15.38 15.34 15.26 15.17 15.14 15.20
