main/data/irradiance/31.05.2023.grid
ncols 839
nrows 679
xllcenter 112.0500
yllcenter -43.9500
cellsize 0.0500
nodata_value 99999.90
[rows 136 to 169 of 679, columns 539 to 615 of 839]
17.55 17.55 17.55 18.68 18.68 18.68 18.93 18.93 18.93 18.20 18.20 18.20 18.20 18.20 18.20 18.20 18.20 19.01 19.01 19.01 19.01 19.01 19.01 19.01 99999.90 99999.90 99999.90 99999.90 18.03 17.88 18.12 18.12 18.12 18.12 18.12 18.12 18.12 18.12 18.22 18.22 18.59 18.59 18.59 17.64 18.33 18.69 18.56 18.72 18.78 18.32 18.23 18.24 18.36 18.40 18.36 18.42 18.48 18.39 18.33 18.68 18.63 18.61 18.73 18.69 18.70 18.66 18.58 18.58 18.60 18.69 18.75 18.81 18.80 18.80 18.75 18.73 18.75
17.55 17.55 17.55 17.60 17.60 18.68 18.93 18.93 18.20 18.20 18.20 18.20 18.20 18.20 18.20 18.20 18.20 18.20 18.20 18.20 18.20 19.01 19.01 19.01 99999.90 99999.90 99999.90 99999.90 18.03 17.88 18.12 18.12 18.12 18.12 18.12 18.12 18.12 18.12 18.12 18.22 18.22 18.10 18.10 18.27 18.41 18.41 18.45 18.54 18.78 18.77 18.36 18.34 18.35 18.40 18.51 18.46 18.40 18.46 18.43 18.52 18.71 18.60 18.57 18.69 18.74 18.68 18.63 18.61 18.65 18.63 18.64 18.72 18.77 18.77 18.77 18.76 18.67
17.55 17.55 17.60 17.60 17.81 17.81 17.81 18.20 18.20 18.20 18.20 18.20 18.20 18.20 18.20 18.20 18.20 18.20 18.20 18.20 18.20 19.01 19.01 19.01 99999.90 99999.90 99999.90 18.32 18.03 17.88 18.12 18.12 18.12 18.12 18.12 18.12 18.12 18.12 18.12 18.12 18.22 18.22 18.28 18.29 18.46 18.36 18.33 18.38 18.48 18.44 18.72 18.43 18.33 18.32 18.35 18.33 18.38 18.50 18.47 18.40 18.56 18.60 18.60 18.66 18.67 18.71 18.68 18.65 18.70 18.64 18.59 18.66 18.75 18.78 18.75 18.77 18.71
18.49 17.60 17.60 17.81 17.81 17.81 17.81 18.20 18.20 18.20 18.20 18.20 18.20 18.20 18.20 18.20 18.20 18.20 18.20 18.20 18.20 19.01 19.01 19.01 99999.90 99999.90 17.88 18.32 18.03 17.88 17.88 17.88 18.12 18.12 18.12 18.12 18.12 18.12 18.12 18.12 18.12 18.13 18.25 18.38 18.43 18.33 18.39 18.37 18.39 18.37 18.42 18.62 18.39 18.21 18.28 18.32 18.27 18.25 18.29 18.33 18.39 18.42 18.67 18.67 18.66 18.73 18.68 18.63 18.66 18.66 18.64 18.65 18.62 18.69 18.72 18.76 18.69
18.59 17.76 17.81 17.81 17.81 17.81 17.81 18.20 18.20 18.20 18.20 18.20 18.20 18.20 18.20 18.20 18.20 18.20 18.20 18.20 18.20 17.64 17.70 99999.90 18.03 18.03 18.03 18.03 18.03 17.88 17.88 17.88 17.88 17.88 17.88 17.94 17.94 17.94 17.94 17.94 17.94 18.22 18.23 18.35 18.30 18.24 18.39 18.44 18.35 18.40 18.32 18.49 18.59 18.19 18.15 18.30 18.35 18.30 18.27 18.27 18.34 18.50 18.36 18.68 18.75 18.65 18.67 18.60 18.55 18.61 18.62 18.61 18.59 18.60 18.67 18.67 18.72
18.64 18.46 18.47 18.47 18.47 18.47 18.47 18.60 18.60 18.60 18.60 18.60 18.60 18.60 18.60 18.60 18.60 18.60 18.60 18.60 18.60 18.19 18.19 18.19 18.19 18.03 18.03 18.03 18.03 17.88 17.88 17.88 17.88 17.88 17.88 17.88 17.88 17.88 18.07 18.07 18.07 18.15 18.12 18.34 18.25 18.26 18.22 18.32 18.31 18.36 18.48 18.39 18.32 18.47 18.38 18.23 18.16 18.26 18.22 18.29 18.43 18.52 18.37 18.45 18.58 18.58 18.49 18.54 18.60 18.63 18.54 18.58 18.56 18.59 18.63 18.50 18.74
18.60 18.59 17.71 17.71 17.71 18.48 18.48 18.60 18.60 18.60 18.60 18.60 18.60 18.60 18.60 18.60 18.60 18.60 18.60 18.60 18.19 18.19 17.67 17.67 17.67 17.47 17.47 18.03 18.03 18.03 18.03 17.88 17.88 17.88 17.88 17.88 17.88 17.88 17.88 17.66 17.66 17.60 18.03 18.24 18.26 18.29 18.08 18.17 18.27 18.28 18.32 18.40 18.34 18.43 18.40 18.34 18.24 18.21 18.23 18.26 18.31 18.38 18.42 18.45 18.33 18.52 18.59 18.63 18.60 18.68 18.61 18.60 18.58 18.53 18.60 18.69 18.79
18.59 18.71 18.64 18.64 18.48 18.48 18.48 18.60 18.60 18.60 18.60 18.60 18.60 18.60 18.60 18.60 18.60 18.60 18.60 18.19 18.19 18.19 17.67 17.67 17.29 17.29 17.29 17.47 18.03 18.03 18.03 18.03 18.03 18.03 17.88 17.88 17.88 17.88 17.88 17.88 17.71 17.31 18.11 18.24 18.25 18.34 18.21 18.11 18.20 18.17 18.24 18.20 18.17 18.12 18.28 18.22 18.28 18.34 18.24 18.28 18.25 18.19 18.26 18.42 18.42 18.52 18.59 18.56 18.53 18.54 18.49 18.70 18.66 18.64 18.64 18.73 18.74
18.61 18.63 18.70 18.48 18.48 18.48 18.35 17.53 17.50 18.60 18.60 18.60 18.60 18.60 18.60 18.60 18.60 18.19 18.19 18.19 18.19 17.67 17.67 17.67 17.29 17.29 17.29 17.47 18.03 18.03 18.03 18.03 18.03 18.03 18.03 18.03 18.03 17.51 17.51 17.51 17.77 17.65 18.16 18.17 18.23 18.34 18.39 18.35 18.32 18.31 18.24 18.28 18.22 18.28 18.37 18.36 18.28 18.38 18.26 18.40 18.21 18.26 18.08 18.20 18.28 18.36 18.58 18.56 18.48 18.48 18.46 18.66 18.65 18.63 18.63 18.74 18.76
18.60 18.56 18.63 18.61 18.61 18.35 17.04 17.53 17.50 17.50 17.50 17.69 17.69 17.69 17.69 17.64 18.19 18.19 18.19 18.19 18.19 17.67 17.67 17.67 17.29 17.29 17.29 17.47 17.47 18.03 18.03 18.03 18.03 18.32 18.03 18.03 18.03 18.03 17.36 17.36 17.80 17.91 18.19 18.43 18.49 18.48 18.49 18.34 18.32 18.19 18.24 18.29 18.39 18.33 18.20 18.20 18.32 18.33 18.20 18.13 18.24 18.15 18.22 18.09 18.10 18.30 18.37 18.46 18.49 18.30 18.54 18.56 18.57 18.59 18.64 18.68 18.64
18.52 18.54 18.55 18.55 18.35 18.35 17.04 17.53 17.50 17.50 17.69 17.69 17.69 17.69 17.64 17.64 18.19 18.19 18.19 18.19 17.67 17.67 17.67 17.67 16.53 17.29 17.29 17.29 17.47 17.47 18.03 18.03 18.03 18.03 18.32 18.32 18.03 18.03 18.03 17.72 17.38 18.02 18.09 18.18 18.26 18.41 18.40 18.36 18.31 18.17 18.27 18.38 18.45 18.39 18.44 18.37 18.35 18.24 17.97 18.18 18.36 18.37 18.20 18.18 17.94 18.26 18.29 18.36 18.55 18.33 18.57 18.52 18.46 18.53 18.66 18.69 18.65
18.55 18.56 18.51 18.51 18.44 17.65 17.04 17.53 17.50 17.50 17.69 17.69 17.69 17.64 17.64 17.84 18.19 18.19 18.19 18.19 17.67 17.67 17.67 16.26 16.53 17.29 17.29 17.29 17.47 17.47 18.03 18.03 18.03 18.03 17.88 18.32 18.32 17.63 17.63 17.45 17.15 17.83 18.13 18.23 18.20 18.16 18.20 18.25 18.09 18.31 18.50 18.49 18.39 18.42 18.40 18.37 18.33 18.18 18.17 18.05 18.11 18.29 18.30 18.25 18.28 18.03 18.10 18.34 18.31 18.41 18.51 18.29 18.39 18.55 18.61 18.63 18.62
18.43 18.38 18.43 18.43 18.48 18.05 16.72 17.17 17.23 17.38 17.69 17.69 17.64 17.64 17.70 17.84 18.19 18.19 18.19 17.67 17.67 17.67 17.67 16.26 16.53 17.29 17.29 17.29 17.47 17.47 17.47 18.03 18.03 18.03 18.03 17.88 18.32 18.32 17.91 17.81 17.64 17.79 18.19 18.41 18.43 18.37 18.35 18.44 18.46 18.40 18.44 18.39 18.46 18.43 18.40 18.38 18.34 18.31 18.37 18.35 18.38 18.22 18.43 18.32 18.30 18.37 18.16 18.10 18.25 18.53 18.54 18.40 18.47 18.54 18.58 18.57 18.52
18.44 18.44 18.41 18.54 18.57 18.44 16.11 15.85 17.08 16.86 17.51 17.64 17.64 17.70 17.14 17.84 18.19 18.19 18.19 17.67 17.67 17.67 17.67 16.26 16.53 17.29 17.29 17.29 17.29 17.47 17.47 17.82 18.03 18.03 18.03 17.88 17.88 17.80 17.42 17.26 17.19 18.09 18.38 18.49 18.47 18.50 18.54 18.37 18.51 18.50 18.50 18.47 18.46 18.47 18.47 18.47 18.42 18.48 18.38 18.40 18.39 18.26 18.33 18.24 18.13 18.21 18.34 18.20 18.28 18.50 18.44 18.21 18.42 18.45 18.52 18.57 18.51
18.37 18.43 18.46 18.51 18.49 18.49 17.78 16.40 17.13 17.46 17.27 17.47 17.70 17.70 17.14 17.84 18.19 18.19 17.67 17.67 17.67 17.67 16.41 16.26 16.53 16.45 17.29 17.29 17.29 17.47 17.47 17.47 17.82 18.03 18.03 17.79 17.86 17.60 17.60 16.70 16.88 17.52 18.25 18.42 18.50 18.51 18.50 18.42 18.44 18.46 18.53 18.48 18.47 18.45 18.52 18.51 18.51 18.47 18.37 18.39 18.29 18.40 18.42 18.15 17.97 18.04 18.19 17.83 18.05 18.30 18.38 18.29 18.29 18.33 18.45 18.41 18.39
18.42 18.39 18.43 18.44 18.46 18.49 18.29 17.69 17.13 17.17 17.59 17.54 17.07 17.06 17.14 17.84 18.19 18.19 17.67 17.67 17.67 17.30 16.41 16.26 16.53 16.45 17.29 17.29 17.29 17.43 17.47 17.47 17.82 17.82 18.11 18.03 17.49 17.82 17.60 17.45 17.18 17.39 18.18 18.40 18.46 18.50 18.44 18.40 18.44 18.49 18.53 18.48 18.45 18.44 18.49 18.52 18.47 18.49 18.51 18.43 18.30 18.43 18.37 18.10 18.33 18.18 18.11 17.92 17.86 18.20 18.22 18.17 18.16 18.26 18.16 18.30 18.22
18.43 18.37 18.46 18.53 18.54 18.44 18.41 18.35 18.27 18.23 17.94 16.07 16.03 16.67 17.28 17.66 18.07 17.72 17.67 17.67 17.30 16.77 16.41 16.26 16.53 16.45 16.18 17.29 17.29 17.43 17.47 17.47 17.78 18.09 17.97 17.99 18.14 18.12 17.88 17.76 17.84 17.76 17.81 18.32 18.36 18.39 18.32 18.30 18.35 18.41 18.42 18.39 18.39 18.35 18.41 18.42 18.43 18.44 18.42 18.41 18.32 18.47 18.37 18.34 18.40 18.39 18.30 18.06 17.82 17.97 18.18 17.92 17.96 17.96 17.90 18.28 18.33
18.46 18.45 18.50 18.49 18.51 18.42 18.37 18.53 18.52 18.47 17.75 16.25 16.40 17.54 16.94 17.39 18.47 17.54 17.07 17.30 17.30 16.77 16.41 16.26 16.53 16.45 16.18 17.29 17.29 17.43 16.97 16.82 17.40 17.98 17.61 17.50 18.44 18.38 18.25 18.14 18.02 18.24 18.14 18.37 18.43 18.40 18.43 18.40 18.39 18.32 18.31 18.35 18.32 18.20 18.29 18.35 18.40 18.44 18.34 18.42 18.45 18.36 18.32 18.16 18.37 18.40 18.33 18.11 17.67 17.85 18.09 18.04 17.96 17.90 18.18 18.41 18.41
18.39 18.49 18.48 18.47 18.52 18.48 18.41 18.53 18.54 18.40 18.23 18.41 18.18 17.96 16.81 18.10 18.36 17.42 18.08 17.77 16.81 16.77 16.41 16.26 16.53 16.45 16.18 15.59 16.22 16.52 17.07 16.77 16.92 17.75 18.02 18.00 18.45 18.32 18.14 18.04 18.08 18.30 18.23 18.34 18.39 18.40 18.40 18.41 18.39 18.35 18.38 18.31 18.31 18.18 18.31 18.20 18.33 18.45 18.42 18.38 18.38 18.37 18.32 18.18 18.39 18.37 18.33 18.28 17.85 18.00 18.19 18.34 18.41 18.40 18.46 18.40 18.48
18.46 18.44 18.44 18.50 18.49 18.47 18.43 18.57 18.41 18.43 18.46 18.25 17.93 17.90 17.67 18.26 18.28 18.16 18.19 18.24 18.22 18.29 17.79 16.50 16.27 15.84 15.26 16.12 16.12 15.50 15.95 16.20 16.90 17.87 18.24 17.94 18.10 18.15 18.01 18.04 18.25 18.26 18.30 18.40 18.42 18.44 18.38 18.39 18.30 18.40 18.40 18.45 18.26 18.26 18.28 18.18 18.39 18.43 18.34 18.33 18.37 18.36 18.33 18.13 18.27 18.20 18.33 18.32 18.19 18.02 18.01 18.22 18.38 18.43 18.35 18.41 18.39
18.43 18.42 18.42 18.37 18.28 18.30 18.54 18.55 18.46 18.39 18.24 18.23 18.24 18.12 18.11 18.52 18.31 18.26 18.19 18.34 18.32 18.33 18.32 18.06 17.18 16.93 17.54 18.02 15.40 15.41 17.65 17.78 17.63 17.66 18.18 18.07 18.24 18.22 18.19 18.13 18.27 18.22 18.26 18.37 18.36 18.34 18.35 18.36 18.35 18.37 18.42 18.33 18.13 18.32 18.20 18.37 18.36 18.35 18.31 18.09 18.09 18.29 18.14 18.14 18.39 18.12 18.23 18.33 18.41 18.36 18.09 18.16 18.24 18.32 18.29 18.36 18.39
18.40 18.41 18.42 18.43 18.53 18.56 18.55 18.50 18.36 18.27 18.21 18.20 18.11 18.23 18.27 18.39 18.39 18.41 18.38 18.23 18.12 18.32 18.32 18.22 17.91 17.70 18.36 18.06 16.23 14.65 17.59 17.83 17.79 17.69 18.14 18.05 18.36 18.28 18.22 18.22 18.32 18.33 18.44 18.36 18.37 18.38 18.38 18.39 18.33 18.33 18.39 18.33 18.14 18.28 18.18 18.28 18.26 18.20 18.23 18.07 18.02 18.30 18.33 18.33 18.30 18.06 18.19 18.25 18.39 18.36 18.11 18.03 17.91 18.19 18.26 18.40 18.42
18.36 18.43 18.47 18.43 18.46 18.50 18.41 18.40 18.21 18.26 18.22 18.23 18.25 18.21 18.15 18.19 18.55 18.30 18.29 18.21 18.06 18.19 18.14 18.19 18.03 18.07 18.21 18.19 17.42 17.03 17.73 18.11 17.94 17.59 18.10 18.18 18.19 18.50 18.24 18.31 18.38 18.29 18.34 18.26 18.26 18.29 18.29 18.22 18.30 18.31 18.32 18.35 18.28 18.25 18.16 18.17 17.83 17.88 18.12 18.03 18.14 18.05 18.28 18.26 18.29 18.26 18.24 18.25 18.32 18.28 18.29 18.30 18.11 18.07 18.43 18.41 18.40
18.39 18.34 18.24 18.38 18.48 18.34 18.16 18.26 18.18 18.21 18.22 18.25 18.20 18.12 18.01 18.10 18.42 18.24 17.87 18.20 18.10 18.20 18.24 18.18 18.20 18.17 18.18 18.20 17.98 18.03 18.02 18.11 17.72 17.48 17.97 18.19 18.08 18.43 18.08 18.29 18.30 18.24 18.37 18.35 18.16 18.25 18.27 18.34 18.34 18.39 18.35 18.31 18.27 18.24 18.06 18.25 18.17 18.19 18.21 18.00 18.14 18.14 18.27 18.22 18.23 18.12 18.06 18.10 18.28 18.25 18.23 18.10 18.10 17.99 18.11 18.34 18.34
18.37 18.31 18.34 18.45 18.37 18.20 18.14 18.25 18.13 18.09 18.25 18.30 18.23 18.10 18.02 18.15 18.23 18.23 17.86 18.01 18.08 18.30 18.28 18.28 18.19 18.14 18.16 18.17 18.06 18.03 18.04 17.94 17.77 17.53 17.92 18.24 18.10 18.39 18.15 18.12 18.19 18.28 18.29 18.20 18.04 18.33 18.22 18.25 18.29 18.29 18.18 18.14 18.23 18.16 18.02 18.23 18.03 18.03 18.02 18.06 18.20 18.21 18.24 18.14 17.93 17.85 17.96 18.09 18.24 18.21 18.24 18.20 18.04 17.71 18.10 18.21 18.37
18.38 18.40 18.38 18.25 18.19 18.06 18.13 18.18 18.07 18.09 18.22 18.24 18.12 17.98 18.05 18.09 18.08 18.36 17.92 17.90 18.20 18.22 18.20 18.17 18.16 18.23 18.17 18.04 17.91 17.92 17.87 18.01 18.05 17.56 17.82 18.18 18.16 18.35 18.11 18.01 18.04 18.09 18.29 17.91 17.96 18.15 18.03 18.18 17.90 18.10 18.20 18.24 18.17 18.17 18.22 18.23 17.94 17.89 18.01 18.21 18.23 18.25 18.22 18.11 17.85 17.81 18.10 18.11 18.06 18.00 17.98 18.04 18.00 18.01 18.16 18.22 18.14
18.17 18.26 18.20 18.14 18.14 17.95 18.06 18.23 18.17 18.10 18.16 18.23 18.13 18.10 18.13 18.05 18.01 18.39 18.15 17.94 18.12 18.13 18.17 18.10 18.16 18.21 18.18 18.08 17.95 17.97 18.00 18.23 18.14 17.75 17.96 18.12 18.12 18.20 17.96 18.02 18.14 18.21 18.34 17.74 18.01 18.19 18.13 18.15 18.08 18.17 18.16 18.02 18.04 18.24 18.24 18.19 18.10 18.03 17.89 18.24 18.31 18.28 18.12 17.99 17.93 17.96 17.96 17.95 18.01 18.00 17.84 17.87 17.76 17.95 17.93 18.00 18.14
18.01 17.99 18.27 18.23 18.06 17.98 18.06 18.12 18.13 18.11 18.11 18.19 18.07 18.13 18.17 18.07 18.00 18.28 18.26 18.03 18.07 18.10 18.10 18.12 18.17 18.01 18.08 18.13 18.15 17.87 17.99 18.03 17.93 17.80 18.08 18.09 18.06 18.27 18.10 18.05 18.11 18.12 18.26 18.05 18.06 17.92 18.17 18.00 17.81 17.96 17.96 17.84 17.99 18.20 18.27 18.16 18.16 18.20 18.16 18.19 18.17 18.17 17.89 17.74 17.84 17.73 17.78 17.90 18.00 18.11 17.89 18.00 17.91 17.52 17.93 18.02 18.02
18.01 18.08 18.25 18.24 18.18 18.04 18.02 18.09 18.10 18.15 18.18 18.15 18.19 18.15 17.99 17.90 17.94 18.02 18.28 18.08 18.09 18.12 18.09 18.07 18.15 17.95 18.13 18.06 18.06 18.08 17.82 17.91 17.57 17.40 17.92 17.98 18.03 18.03 18.35 18.15 18.20 18.10 18.13 18.20 18.08 17.89 18.02 17.93 17.70 17.94 17.86 17.88 17.96 18.14 18.14 18.00 18.08 18.04 18.11 18.07 17.99 18.04 17.86 17.75 17.54 17.63 17.85 17.77 17.90 17.99 17.95 17.83 17.58 17.84 18.12 18.09 18.23
18.10 18.11 18.16 18.18 18.17 18.13 18.01 18.04 18.09 18.21 18.19 18.12 18.10 18.04 17.93 18.06 17.77 18.06 18.22 18.00 18.14 18.13 17.99 18.01 17.98 18.03 18.21 18.15 18.09 18.01 17.80 17.85 17.79 17.68 18.01 17.79 17.95 17.98 18.29 18.02 18.10 18.07 18.17 18.12 18.10 18.13 18.08 17.97 17.78 18.03 17.73 17.82 17.95 17.96 17.86 17.82 17.89 17.90 17.99 18.00 17.97 17.87 17.78 17.63 17.83 17.90 17.91 18.01 18.02 17.88 17.92 17.74 17.93 18.05 18.01 18.10 18.06
18.12 17.99 17.97 18.09 18.08 18.12 18.08 18.07 18.23 18.10 18.07 18.01 17.99 18.12 18.10 17.85 17.79 18.14 18.16 17.77 17.75 18.13 18.13 17.96 17.94 17.92 18.07 18.09 18.05 17.94 17.83 17.90 17.76 17.73 17.78 17.73 17.92 17.81 18.20 18.15 18.15 18.05 18.11 17.88 18.07 18.16 18.09 17.98 17.68 17.85 18.02 17.96 17.96 17.99 17.65 17.62 17.78 17.87 17.90 18.00 17.96 17.82 17.54 17.75 17.67 17.69 17.76 18.06 18.03 17.82 17.80 17.98 17.93 17.91 17.83 17.80 17.83
18.13 18.02 17.92 17.97 18.12 18.10 18.06 17.97 18.13 18.03 17.91 17.78 17.79 17.94 18.09 17.61 17.77 18.26 18.05 17.72 17.77 17.90 17.96 17.96 17.91 18.05 18.08 18.15 18.18 18.07 18.11 17.98 17.77 17.80 17.66 17.64 17.59 17.90 18.20 17.88 17.90 17.94 17.92 17.82 18.05 18.06 18.07 18.02 18.01 17.82 17.92 17.93 17.93 17.90 17.59 17.84 17.91 17.82 17.97 18.04 18.09 18.02 17.86 17.53 17.48 17.56 17.91 17.98 17.85 17.76 17.91 17.98 17.90 17.95 17.81 17.42 17.68
18.01 17.96 17.87 17.83 18.09 18.04 17.96 17.86 17.92 18.04 17.87 17.76 17.79 17.78 17.80 17.94 17.92 18.05 17.85 17.64 17.72 18.04 18.01 18.01 17.92 18.15 18.15 18.12 18.05 18.03 18.12 18.17 18.01 17.85 17.66 17.65 17.60 18.22 18.12 17.94 17.79 17.91 17.70 17.96 17.91 17.98 17.99 17.97 17.88 17.85 18.03 17.97 17.69 17.48 17.67 17.83 18.00 17.90 18.04 18.02 18.05 18.02 17.74 17.43 17.87 17.94 18.03 17.87 17.51 17.83 17.92 17.93 17.88 17.90 17.77 17.34 17.73
17.96 17.85 17.85 17.94 17.94 17.91 17.83 17.81 17.71 17.89 17.82 17.74 17.71 17.69 17.82 17.82 17.89 18.23 17.96 17.83 17.70 17.93 17.84 17.96 17.89 18.09 18.13 18.16 17.95 18.06 18.00 17.83 18.17 17.77 17.58 17.97 18.12 18.10 18.09 17.69 17.70 17.63 17.36 17.79 17.85 17.94 17.81 18.09 18.01 17.67 17.72 17.97 17.94 17.65 17.83 17.72 17.83 17.91 17.92 17.92 17.87 17.86 17.77 17.87 18.06 18.01 18.00 17.88 17.74 17.93 17.74 17.80 17.93 17.87 17.55 17.58 17.79
