main/data/irradiance/31.01.2023.grid
ncols 839
nrows 679
xllcenter 112.0500
yllcenter -43.9500
cellsize 0.0500
nodata_value 99999.90
[rows 238 to 271 of 679, columns 539 to 615 of 839]
21.40 19.70 18.23 17.57 16.07 15.77 12.34 11.57 11.72 10.06 8.77 8.16 7.39 8.99 10.49 9.70 7.75 7.75 8.86 7.18 4.94 6.50 6.77 6.86 8.71 9.85 9.92 9.90 10.11 9.93 13.33 13.85 14.00 16.38 19.37 20.60 20.16 20.64 21.93 22.34 19.46 18.95 16.90 16.55 17.19 18.03 20.02 21.41 22.56 24.16 24.12 23.48 23.72 20.86 20.87 19.18 18.90 19.20 19.43 18.85 19.83 17.99 17.46 19.05 19.72 20.21 21.76 22.10 22.27 22.76 23.24 24.06 24.22 24.61 24.60 23.86 23.40
22.33 21.06 21.42 20.72 20.28 18.42 15.35 14.09 13.44 12.23 10.88 10.39 8.78 9.68 11.28 8.82 8.92 9.72 8.56 8.55 6.23 5.95 6.45 6.32 7.80 9.42 9.73 10.17 10.79 11.15 13.54 13.67 14.83 18.13 19.38 20.64 19.09 18.38 18.79 20.56 18.80 20.32 19.51 19.44 19.10 18.79 20.94 22.36 23.67 24.88 23.99 24.44 23.57 21.70 21.18 19.46 20.38 21.08 19.74 19.12 19.40 17.84 18.05 18.64 19.52 21.27 21.19 20.79 22.09 22.46 22.21 22.74 24.61 25.74 25.22 24.41 24.48
22.63 23.88 21.94 23.16 22.27 20.80 20.52 17.56 15.53 14.85 13.12 12.34 11.73 11.33 11.82 10.31 9.86 8.41 8.30 7.91 6.55 5.79 5.56 6.38 8.04 9.58 10.31 11.41 10.97 12.33 14.28 15.64 16.60 17.57 18.92 20.85 18.42 16.80 17.74 16.99 18.22 18.32 18.87 20.99 21.27 20.38 22.13 22.57 22.70 23.06 24.53 25.69 24.27 23.79 21.58 22.08 20.97 21.64 22.02 22.85 19.14 18.93 18.91 19.11 21.01 22.11 22.63 23.01 22.58 22.61 22.64 22.81 23.69 24.51 24.83 24.85 24.97
22.18 22.79 21.73 22.46 22.92 21.83 21.04 19.80 17.36 16.01 12.92 13.14 12.68 11.87 10.87 12.11 9.80 7.01 6.80 7.02 6.79 6.51 6.71 8.18 8.46 9.26 10.22 11.18 11.37 13.32 15.98 15.40 17.09 16.57 17.11 18.77 18.75 17.50 18.39 17.86 18.27 18.85 19.10 21.55 21.57 21.59 23.43 23.01 24.25 24.88 25.00 25.47 25.25 24.87 23.01 22.97 21.11 23.30 22.42 22.39 21.33 20.74 19.83 20.11 21.32 21.21 21.66 21.78 22.48 23.63 21.10 20.86 21.90 23.35 22.87 21.63 21.19
18.73 19.88 20.73 22.71 23.22 22.12 21.93 22.19 18.74 16.32 15.61 15.01 15.30 13.75 11.03 10.72 10.38 8.37 7.24 5.88 6.32 6.58 7.45 8.60 9.78 9.06 10.52 11.58 11.31 14.70 16.07 16.01 17.49 18.65 17.36 16.76 17.64 18.45 17.95 19.02 18.72 18.56 18.23 21.40 23.70 23.99 24.32 23.10 25.00 24.78 26.03 26.04 26.76 26.13 24.84 22.75 21.02 22.23 23.22 21.61 21.69 21.18 20.47 20.17 20.00 19.83 19.73 20.73 22.05 23.09 21.13 22.05 21.81 22.86 22.58 20.84 20.93
20.41 21.82 20.25 21.62 21.97 21.77 21.37 21.99 17.78 16.58 17.64 17.33 17.22 15.80 14.04 13.10 10.44 9.69 7.80 6.54 7.71 9.38 10.64 11.10 11.26 12.12 12.03 12.89 13.41 15.55 16.19 17.49 18.12 18.77 18.04 16.02 16.37 17.33 13.14 16.60 19.69 20.90 18.52 21.33 22.17 22.89 24.63 23.81 24.99 24.84 25.24 24.89 25.53 25.08 22.76 23.46 21.05 21.77 22.14 21.95 21.04 19.85 19.03 20.19 19.02 20.01 20.31 20.83 22.44 22.97 22.65 22.36 21.62 22.83 23.99 22.22 21.64
21.16 22.38 21.56 21.34 22.65 21.38 20.99 21.36 19.70 18.13 17.64 18.33 18.42 16.96 14.99 14.47 12.39 9.63 8.61 8.82 10.30 10.55 11.52 12.51 12.02 13.46 13.48 12.95 14.80 17.83 17.74 18.94 19.15 17.94 17.51 16.48 15.96 17.08 14.82 15.74 19.52 20.01 18.27 20.41 21.47 23.54 21.71 23.82 23.75 23.20 23.86 24.04 23.65 23.41 22.87 21.25 19.93 20.18 20.06 18.77 18.17 18.61 17.44 18.40 18.88 19.39 19.29 20.18 23.61 23.93 22.49 22.46 22.24 22.75 23.73 24.85 24.21
22.81 21.70 21.47 20.29 21.50 21.44 21.03 20.69 20.85 19.99 20.57 20.94 20.48 17.48 15.54 15.93 14.24 12.27 10.73 10.29 10.89 12.69 12.07 14.12 14.76 16.73 15.07 15.61 17.21 19.96 19.74 18.37 19.23 18.36 17.03 16.00 15.37 16.42 15.14 17.44 19.06 19.13 19.10 18.56 21.36 23.69 21.13 21.13 22.38 21.68 21.57 21.39 22.03 23.30 21.58 19.68 17.74 18.15 19.16 17.44 15.96 16.84 18.68 17.65 20.05 20.74 21.16 23.52 23.96 23.93 22.89 23.55 21.54 21.30 22.77 24.81 25.22
23.59 21.98 21.60 20.96 21.05 20.61 20.80 20.44 20.36 21.03 20.99 21.99 22.17 18.49 17.48 15.52 13.36 13.62 12.85 11.63 12.94 13.17 14.80 18.20 18.08 16.90 17.71 18.10 18.61 20.81 20.68 19.54 19.19 18.32 16.53 17.07 16.79 17.70 17.43 18.85 19.45 17.21 18.23 18.05 19.83 20.85 21.38 18.96 20.76 18.44 17.73 19.51 21.33 20.77 18.69 16.96 15.42 17.38 18.22 18.41 17.26 17.21 19.55 18.43 20.49 22.75 23.63 22.99 23.51 24.05 22.28 21.12 20.26 20.31 21.70 23.57 25.17
21.87 21.60 21.04 19.39 21.27 21.16 19.70 18.48 18.76 21.37 23.41 22.40 22.42 20.43 17.95 15.57 14.38 14.66 13.35 13.28 15.09 13.85 16.42 19.74 20.93 18.99 18.85 19.77 20.30 21.93 22.95 21.09 19.99 21.32 17.72 16.74 17.06 17.36 17.98 20.63 19.64 18.55 18.40 17.58 19.71 19.36 17.91 17.54 21.36 18.35 18.12 21.93 20.11 17.81 15.12 15.34 16.84 17.57 18.02 17.69 18.13 20.67 21.37 21.51 21.84 23.91 23.66 20.86 19.43 19.36 20.55 19.43 19.38 21.05 22.77 24.25 24.77
20.83 20.06 17.75 19.69 19.12 19.15 20.84 22.32 21.78 21.31 22.24 20.66 20.84 20.41 18.49 17.33 17.32 15.86 16.16 15.10 14.68 16.37 17.11 19.76 21.13 19.66 20.86 21.47 20.78 22.32 24.36 21.11 20.52 20.10 21.16 19.58 18.91 18.68 16.61 19.04 18.25 18.03 18.70 18.32 19.06 19.40 17.98 18.10 19.13 18.91 18.01 17.56 17.43 16.08 15.27 16.42 19.48 18.98 18.66 19.91 19.78 21.73 21.02 19.62 21.91 22.38 22.18 18.96 17.27 17.32 18.94 20.07 20.54 20.84 23.71 23.76 23.73
21.34 20.76 19.50 20.51 19.27 18.97 20.82 22.76 21.36 22.06 19.71 20.80 21.34 18.60 17.03 18.63 19.30 17.79 19.30 18.06 14.89 15.91 17.97 19.09 18.75 20.16 22.16 20.92 21.41 22.23 22.30 20.68 20.21 18.82 21.29 20.59 19.57 17.99 17.29 18.72 18.87 17.80 19.48 17.80 19.26 20.05 20.43 17.85 18.11 17.63 17.42 15.77 16.08 15.54 14.73 17.18 19.39 20.01 20.21 21.19 21.11 19.58 20.00 20.02 20.42 19.43 20.04 18.49 17.06 19.06 20.87 18.24 19.13 19.11 22.16 23.14 23.44
22.26 20.88 21.63 21.85 21.18 21.18 21.65 20.29 20.92 20.41 19.55 22.84 22.13 18.71 18.64 18.39 18.30 18.02 19.38 19.42 18.32 18.48 20.19 19.07 20.24 21.18 20.63 21.69 23.77 22.68 22.63 21.01 21.69 21.06 21.27 21.55 21.02 19.81 19.51 19.63 20.96 21.39 22.48 20.83 21.78 20.00 19.85 19.46 17.85 17.01 17.68 16.84 16.24 15.42 16.05 16.69 17.38 20.82 20.23 20.14 20.85 19.41 19.33 18.87 19.94 17.95 18.58 19.62 19.82 19.71 21.52 18.96 19.13 21.15 21.44 20.99 21.15
20.20 20.65 19.95 21.25 21.15 20.93 21.23 20.41 21.01 21.57 23.48 24.19 23.63 21.69 22.72 21.68 20.05 20.70 21.05 21.83 21.38 20.46 22.11 21.70 21.42 21.52 21.47 21.56 22.39 23.47 22.53 22.64 22.03 21.80 22.25 21.85 22.07 21.70 22.04 22.45 21.74 23.36 23.09 22.16 22.25 20.17 20.27 20.63 19.49 17.72 19.57 20.91 17.56 16.81 17.11 16.78 16.40 21.75 21.30 22.24 21.09 20.25 19.90 17.94 16.46 16.13 15.27 16.83 20.18 20.68 20.50 19.30 18.59 21.85 22.45 22.71 20.95
21.85 22.05 19.91 21.16 21.87 19.41 20.38 21.34 21.23 22.09 22.05 22.01 22.52 23.19 25.32 24.19 21.04 21.59 20.75 20.72 19.43 19.58 22.11 23.01 22.49 22.75 21.88 22.54 24.67 25.07 25.09 24.37 23.01 22.92 22.30 21.30 20.81 21.69 22.30 23.91 21.81 21.73 20.62 20.68 22.59 20.22 19.19 17.77 16.99 17.13 18.18 22.35 21.93 19.36 20.19 19.17 19.25 20.82 16.55 19.47 18.94 18.74 18.20 16.32 17.52 18.05 16.34 19.92 21.35 21.64 22.46 20.99 21.23 21.92 22.88 22.02 20.18
23.42 23.43 22.52 21.78 21.95 21.80 22.21 20.72 20.78 21.21 21.26 22.71 23.59 25.14 25.40 24.41 22.60 22.25 22.78 22.65 20.86 21.24 23.47 23.20 25.11 24.78 25.54 26.13 25.42 26.63 24.65 23.35 22.71 22.29 22.14 21.39 18.33 20.05 22.28 22.25 20.74 19.45 19.18 17.26 19.61 19.51 19.61 17.55 16.32 17.39 18.94 21.49 21.89 22.08 21.15 22.00 20.20 18.75 17.41 14.88 18.37 17.68 17.78 17.27 20.46 19.56 16.85 17.89 20.71 21.21 19.08 19.87 22.25 22.48 22.03 20.73 21.03
21.98 21.73 21.52 23.13 24.18 25.24 22.52 21.47 22.76 21.48 21.21 23.99 24.14 24.75 22.97 20.77 21.49 23.06 24.87 24.51 21.16 20.34 22.27 24.02 24.42 26.42 25.82 25.52 25.13 25.51 26.09 24.09 21.88 21.07 20.31 20.34 18.77 19.66 19.29 22.39 20.41 20.59 20.07 16.96 18.21 19.03 18.98 19.81 20.32 19.00 19.28 20.55 20.00 20.30 20.01 20.35 18.33 18.17 18.20 16.54 15.88 16.39 17.70 18.53 20.87 21.88 20.91 19.35 19.96 20.76 20.65 19.98 20.54 21.09 21.34 20.84 21.98
20.97 23.09 22.93 23.10 23.59 24.46 23.69 23.11 22.56 21.43 22.13 22.28 23.38 23.46 22.60 20.77 20.16 21.30 24.37 25.85 24.93 22.51 21.81 22.21 24.38 26.40 25.22 26.32 26.45 25.91 23.51 22.85 21.03 18.49 20.07 18.70 20.06 19.99 20.03 20.30 20.86 20.76 19.92 19.14 19.77 19.32 17.35 20.58 21.69 22.09 20.34 18.76 19.29 19.18 18.27 19.68 18.58 17.23 18.19 17.00 16.85 17.89 20.74 20.48 19.71 19.45 21.19 19.45 20.22 20.96 19.85 19.65 19.41 21.69 20.57 20.45 21.49
19.20 20.56 19.91 19.71 19.51 22.47 23.21 22.81 21.01 20.12 20.93 20.91 21.74 21.98 21.14 22.17 20.67 21.46 23.87 26.22 24.45 23.90 22.41 23.23 25.75 25.66 25.17 25.27 24.05 23.27 21.92 21.25 20.71 20.22 18.82 20.97 22.05 20.68 19.44 20.64 20.12 19.93 20.23 20.10 21.59 18.70 16.27 16.49 18.14 19.58 19.89 18.25 17.70 17.70 16.79 18.75 20.56 19.14 18.84 18.60 16.90 18.13 19.50 17.82 18.02 18.23 18.56 16.97 20.06 19.46 18.46 16.99 17.41 20.04 19.61 20.96 22.28
20.90 20.12 18.48 20.14 20.25 20.17 21.10 20.36 20.17 20.61 20.38 21.22 22.05 23.31 22.56 21.38 22.75 23.50 23.92 25.01 25.27 24.00 22.60 24.22 24.43 24.76 25.41 25.08 23.42 23.74 24.02 23.35 23.73 22.04 20.55 19.73 20.15 21.38 19.01 19.86 21.01 18.47 18.07 19.96 20.26 18.40 18.29 18.00 15.92 17.24 17.83 16.91 18.01 17.57 15.77 17.92 19.25 20.24 18.62 17.47 17.23 17.40 17.72 17.46 17.92 16.99 16.68 17.33 19.24 18.49 18.24 18.35 18.00 19.76 21.54 20.45 21.26
17.97 19.49 19.65 19.04 18.26 19.18 20.49 20.74 20.64 21.93 21.80 23.13 21.97 21.49 22.97 21.71 22.64 24.33 25.22 25.27 24.96 24.29 21.98 22.31 21.58 23.31 23.58 24.90 24.14 25.52 25.51 25.03 25.90 23.06 22.20 19.80 19.83 21.94 21.66 21.94 21.79 20.57 18.33 18.05 17.95 19.52 17.20 15.01 16.08 16.67 19.09 20.24 19.56 18.09 16.15 18.63 18.72 19.15 18.28 16.13 15.41 15.84 16.80 17.96 18.57 18.05 18.83 20.23 20.71 19.03 17.51 18.20 18.74 19.74 20.98 20.71 22.43
15.55 18.30 21.54 21.84 21.09 20.49 19.29 20.20 21.00 21.95 22.31 22.18 21.21 23.23 23.40 22.11 21.71 23.46 25.12 26.12 23.31 23.26 22.53 23.67 23.83 23.53 24.43 24.97 24.87 23.75 23.09 24.19 24.59 24.93 23.76 22.45 21.24 23.02 23.25 22.69 22.20 23.34 21.39 19.72 18.82 17.23 16.86 16.82 18.03 20.05 20.07 19.01 16.17 14.84 16.48 17.25 18.58 19.22 18.12 15.34 16.21 16.37 17.28 17.33 17.90 17.86 17.86 19.48 20.01 19.60 19.71 18.87 19.94 20.37 19.83 20.45 20.99
20.86 22.00 22.86 22.32 21.64 21.63 21.88 21.00 17.60 19.41 22.57 23.58 22.69 22.73 22.66 22.81 22.39 24.77 26.31 25.17 23.33 23.86 24.04 24.01 23.83 24.36 25.13 25.32 26.57 24.16 24.86 24.00 23.77 23.78 23.93 23.89 22.96 22.24 22.54 22.29 23.00 23.78 21.78 21.72 19.80 19.40 18.98 18.12 17.59 19.77 20.00 19.96 17.93 17.56 16.36 17.43 17.43 18.75 17.30 17.82 17.68 16.67 17.11 16.38 17.37 17.39 19.51 18.39 19.44 19.93 20.03 19.24 20.33 20.74 20.05 21.19 19.95
21.92 22.71 22.28 21.25 20.78 20.51 21.60 20.86 20.04 17.46 20.81 21.92 22.99 21.06 20.51 22.90 22.99 23.42 25.15 24.24 23.07 22.13 23.79 24.14 25.43 26.12 26.02 25.21 25.69 26.50 25.16 24.87 24.59 23.89 24.91 23.95 24.32 23.03 21.30 20.92 20.31 21.00 21.28 22.34 20.93 21.88 20.18 19.17 19.45 19.47 19.96 19.66 18.86 16.74 15.00 15.76 16.08 16.35 19.10 19.32 17.55 17.64 18.61 19.37 19.09 20.61 19.58 18.56 17.99 17.40 16.35 17.71 18.58 20.04 21.19 19.45 18.49
23.06 22.21 21.29 20.05 19.35 20.51 21.57 19.33 17.82 18.44 18.92 18.39 21.90 21.45 19.76 20.98 22.42 24.38 24.79 22.83 23.95 24.14 22.78 24.05 23.62 23.43 23.83 23.37 24.03 25.76 24.31 23.04 23.45 23.14 23.16 23.68 23.37 24.19 21.88 21.43 22.88 23.44 22.26 22.25 22.23 21.94 20.91 20.00 19.16 22.27 19.29 19.70 19.06 18.72 14.82 14.08 15.44 14.67 18.03 20.51 20.00 18.74 19.05 20.69 18.11 19.77 20.83 21.31 18.42 16.46 17.63 16.89 18.07 18.97 19.51 19.50 17.30
23.12 21.78 20.61 22.86 21.11 17.68 20.70 17.47 17.81 20.55 21.85 18.92 20.01 18.79 20.70 20.72 23.50 23.70 21.10 18.89 22.03 24.73 25.43 24.26 23.99 25.11 26.12 27.06 24.50 24.75 24.00 24.32 25.41 24.73 23.70 23.40 24.08 22.38 23.01 24.22 24.58 23.13 22.74 21.57 21.76 19.75 19.79 18.94 18.72 21.71 22.12 19.22 18.57 18.75 16.46 17.30 16.56 15.90 19.14 21.58 21.17 19.07 19.23 20.62 19.39 20.25 21.35 21.69 19.89 17.60 16.10 14.88 17.20 18.78 19.33 18.88 19.67
21.45 21.63 22.60 22.81 22.18 18.83 17.05 19.44 21.38 21.38 20.79 19.39 17.96 18.70 19.66 20.38 20.51 20.85 21.92 20.46 22.13 24.08 23.85 24.04 26.11 27.34 27.18 25.01 24.05 23.34 24.20 25.86 26.70 25.20 24.46 23.20 23.34 23.54 24.66 22.73 21.84 22.95 22.83 21.76 20.98 19.84 19.87 18.90 20.21 20.73 19.33 19.85 19.49 19.14 16.82 16.00 16.52 17.35 18.00 21.73 21.33 20.58 20.32 19.90 20.07 19.36 19.23 21.01 21.02 20.30 18.97 18.24 17.54 19.07 20.28 19.21 19.76
19.17 19.35 19.53 20.67 21.13 19.90 18.85 21.93 23.76 21.38 18.67 17.56 15.73 16.72 17.37 19.85 19.91 22.41 21.62 22.19 22.34 22.68 23.94 23.58 24.74 26.91 27.09 24.63 23.98 24.67 25.90 26.03 26.21 24.92 23.84 21.50 21.78 24.12 25.41 23.84 21.52 22.31 21.31 21.40 20.12 22.07 22.52 22.86 22.25 21.30 20.70 20.31 18.80 19.31 17.32 17.56 17.72 17.16 18.11 20.92 21.37 19.40 19.85 21.30 19.91 18.57 19.82 21.02 22.06 22.80 22.34 21.27 20.70 18.91 20.03 19.27 20.66
20.73 21.10 20.00 17.34 19.65 19.38 20.53 21.36 21.67 21.30 19.56 18.95 18.00 17.82 19.02 18.29 19.38 22.08 24.47 25.96 25.10 23.56 24.03 23.47 25.62 25.14 24.74 26.01 25.69 23.94 24.66 24.20 24.93 23.74 23.27 21.72 20.90 22.30 24.21 23.69 22.19 21.66 21.64 21.09 23.59 22.57 22.59 22.91 23.19 25.24 24.04 23.59 21.68 20.06 19.19 18.11 18.34 17.46 17.40 19.45 21.33 18.54 19.31 19.09 19.69 19.71 20.40 20.45 20.25 20.93 22.34 20.71 22.09 20.33 19.80 19.69 20.29
21.45 22.03 21.02 20.33 20.66 20.05 20.47 19.53 20.16 21.10 20.55 20.70 20.56 20.13 20.17 21.20 23.08 23.25 24.03 22.42 22.33 22.05 22.36 24.39 25.08 25.31 23.22 23.33 23.80 22.30 22.54 23.52 24.44 23.69 21.55 20.89 19.77 20.19 22.60 24.72 23.80 21.38 21.64 21.77 21.69 23.16 22.17 22.79 23.16 23.07 24.22 23.83 22.89 22.08 20.95 19.37 20.07 18.78 18.93 19.07 20.16 21.83 18.65 17.93 19.79 20.95 19.45 19.02 19.47 19.99 22.91 21.86 21.16 20.05 20.92 21.84 21.42
22.96 22.66 24.41 22.95 20.97 20.92 20.60 22.59 22.44 21.39 21.12 19.78 20.94 21.63 22.10 21.33 21.74 22.85 24.68 24.43 21.52 23.18 23.84 22.70 24.15 22.74 21.43 20.43 22.00 23.08 21.25 21.58 21.43 20.88 18.15 19.64 18.18 19.46 21.14 20.85 20.90 20.61 21.82 19.74 20.46 22.01 21.08 20.07 20.21 20.88 22.46 22.65 21.78 21.99 21.82 19.39 16.93 16.26 17.44 17.12 17.65 18.94 18.64 17.82 19.80 20.07 18.76 18.13 19.98 20.69 21.34 20.67 20.84 19.98 20.54 21.80 22.58
24.58 23.62 24.07 23.13 23.25 23.58 24.16 23.05 22.93 22.82 22.32 23.71 24.03 24.60 25.64 20.95 18.86 20.75 21.79 22.91 24.89 24.01 23.94 22.45 23.30 22.52 23.04 24.03 22.38 21.43 21.32 19.42 19.39 19.84 19.32 19.16 15.68 19.42 19.63 20.32 20.71 21.71 22.24 19.81 18.98 19.72 19.46 17.30 17.83 17.93 17.75 19.15 20.16 19.96 20.73 20.34 19.58 17.50 16.39 16.34 17.87 17.55 16.47 18.50 18.82 19.99 19.36 19.08 20.03 21.46 20.94 21.57 21.47 20.99 21.21 20.44 22.62
24.24 24.30 25.44 26.29 25.31 25.06 24.05 23.10 24.09 24.43 24.50 24.96 24.74 24.59 23.12 21.95 21.38 20.64 23.22 23.22 23.50 23.10 21.80 22.81 22.60 21.87 21.95 20.80 21.25 22.61 23.38 21.05 20.15 22.67 21.99 19.73 17.45 18.77 18.37 19.85 20.69 21.88 22.02 21.17 18.25 17.41 17.40 17.45 17.43 17.12 17.09 18.20 17.69 16.60 16.51 17.42 18.48 18.42 17.15 15.75 16.20 16.71 15.79 17.34 16.44 17.84 19.38 20.09 20.29 20.63 21.32 20.49 20.35 20.53 22.26 23.03 22.67
24.25 25.86 25.73 25.37 23.63 23.61 24.43 24.27 24.80 26.33 26.29 25.65 25.90 23.88 22.68 22.98 25.01 25.59 24.97 24.60 24.30 25.47 24.74 24.79 23.33 21.60 24.17 23.05 22.63 23.28 21.84 21.81 21.17 23.77 22.81 22.47 21.31 20.01 19.53 20.24 20.01 22.35 22.03 19.39 18.60 17.82 17.94 18.77 16.71 17.19 18.53 16.61 15.75 15.70 15.97 15.81 14.88 16.60 16.06 15.62 13.48 15.29 17.06 16.75 16.94 17.31 17.37 19.81 20.88 20.78 20.96 19.10 19.48 19.35 21.58 22.80 23.23
