main/data/irradiance/31.05.2023.grid
ncols 839
nrows 679
xllcenter 112.0500
yllcenter -43.9500
cellsize 0.0500
nodata_value 99999.90
[rows 612 to 645 of 679, columns 693 to 769 of 839]
3.16 3.16 3.16 3.16 3.16 3.00 2.87 2.49 4.24 4.24 4.24 4.24 3.69 3.50 4.89 4.89 4.89 4.89 4.89 4.71 5.17 5.28 6.06 6.06 6.06 6.06 6.06 6.16 6.16 6.16 6.86 6.86 6.86 6.86 6.08 6.08 6.08 6.08 6.08 6.08 6.08 6.08 6.08 6.08 6.08 99999.90 99999.90 99999.90 99999.90 99999.90 99999.90 99999.90 99999.90 99999.90 99999.90 99999.90 99999.90 99999.90 99999.90 99999.90 99999.90 99999.90 99999.90 99999.90 99999.90 99999.90 99999.90 99999.90 99999.90 99999.90 99999.90 99999.90 99999.90 99999.90 99999.90 99999.90 99999.90
3.16 3.16 3.16 3.16 3.16 3.00 2.87 2.49 4.24 4.24 4.24 4.24 3.69 3.50 4.89 4.89 4.89 4.89 4.89 4.71 5.17 5.28 5.28 6.06 6.06 6.06 6.06 6.03 6.03 6.03 6.86 6.86 6.86 6.86 6.08 6.08 6.08 6.08 6.08 6.08 6.08 6.08 6.08 6.08 6.08 99999.90 99999.90 99999.90 99999.90 99999.90 99999.90 99999.90 99999.90 99999.90 99999.90 99999.90 99999.90 99999.90 99999.90 99999.90 99999.90 99999.90 99999.90 99999.90 99999.90 99999.90 99999.90 99999.90 99999.90 99999.90 99999.90 99999.90 99999.90 99999.90 99999.90 99999.90 99999.90
2.43 3.16 3.16 3.16 3.16 3.00 2.87 2.49 4.24 4.24 4.24 4.24 3.69 3.50 4.89 4.89 4.89 4.89 4.89 4.71 5.17 5.28 5.28 5.39 6.06 6.06 6.06 6.03 6.03 6.03 5.89 4.95 4.95 4.95 4.95 4.14 6.08 6.08 6.08 6.08 6.08 6.08 6.08 6.08 6.08 99999.90 99999.90 99999.90 99999.90 99999.90 99999.90 99999.90 99999.90 99999.90 99999.90 99999.90 99999.90 99999.90 99999.90 99999.90 99999.90 99999.90 99999.90 99999.90 99999.90 99999.90 99999.90 99999.90 99999.90 99999.90 99999.90 99999.90 99999.90 99999.90 99999.90 99999.90 99999.90
2.43 3.16 3.16 3.16 3.16 3.00 2.87 2.49 4.24 4.24 4.24 4.24 3.69 3.50 3.50 4.89 4.89 4.89 4.89 4.71 5.17 5.28 5.28 5.39 5.39 6.06 6.06 6.03 6.03 5.89 4.95 4.95 4.95 4.95 4.14 4.14 4.20 4.20 4.20 4.20 4.20 4.20 6.08 6.08 6.08 99999.90 99999.90 99999.90 99999.90 99999.90 99999.90 99999.90 99999.90 99999.90 99999.90 99999.90 99999.90 99999.90 99999.90 99999.90 99999.90 99999.90 99999.90 99999.90 99999.90 99999.90 99999.90 99999.90 99999.90 99999.90 99999.90 99999.90 99999.90 99999.90 99999.90 99999.90 99999.90
2.43 3.16 3.16 3.16 3.16 3.00 2.87 2.49 3.50 4.24 4.24 4.24 3.69 3.50 3.50 4.47 4.89 4.89 4.89 4.71 5.17 5.28 5.28 4.80 5.39 5.39 5.00 5.68 5.89 5.89 4.95 4.95 4.95 4.14 4.14 4.20 4.20 4.20 4.20 4.20 4.20 4.20 4.20 6.08 6.08 99999.90 99999.90 99999.90 99999.90 99999.90 99999.90 99999.90 99999.90 99999.90 99999.90 99999.90 99999.90 99999.90 99999.90 99999.90 99999.90 99999.90 99999.90 99999.90 99999.90 99999.90 99999.90 99999.90 99999.90 99999.90 99999.90 99999.90 99999.90 99999.90 99999.90 99999.90 99999.90
2.43 2.43 3.16 3.16 3.16 3.00 2.87 2.49 3.50 4.24 4.24 4.24 3.69 3.50 3.50 4.47 4.47 4.89 4.89 4.71 5.17 5.28 5.28 4.80 4.80 4.73 4.80 4.95 5.15 5.12 4.95 4.95 4.14 4.14 4.20 4.20 4.20 4.20 4.20 4.20 4.20 4.20 4.20 6.08 6.08 99999.90 99999.90 99999.90 99999.90 99999.90 99999.90 99999.90 99999.90 99999.90 99999.90 99999.90 99999.90 99999.90 99999.90 99999.90 99999.90 99999.90 99999.90 99999.90 99999.90 99999.90 99999.90 99999.90 99999.90 99999.90 99999.90 99999.90 99999.90 99999.90 99999.90 99999.90 99999.90
2.43 2.43 3.16 3.16 3.16 3.00 2.87 2.49 3.50 3.65 4.24 4.24 3.69 3.50 3.50 3.62 4.47 4.47 4.23 4.02 3.69 3.61 4.14 4.39 4.16 4.28 4.32 4.12 4.55 4.66 4.22 4.14 4.14 4.20 4.20 4.20 4.20 4.20 4.20 4.20 4.20 4.20 4.20 6.08 6.08 99999.90 99999.90 99999.90 99999.90 99999.90 99999.90 99999.90 99999.90 99999.90 99999.90 99999.90 99999.90 99999.90 99999.90 99999.90 99999.90 99999.90 99999.90 99999.90 99999.90 99999.90 99999.90 99999.90 99999.90 99999.90 99999.90 99999.90 99999.90 99999.90 99999.90 99999.90 99999.90
2.43 2.43 3.16 3.16 3.16 3.00 2.87 2.49 3.50 3.65 4.24 4.24 3.69 3.50 3.50 3.62 3.62 3.05 2.76 2.98 2.72 2.51 2.76 3.09 3.33 3.14 3.76 3.70 3.64 3.92 4.12 4.04 4.20 4.20 4.20 4.20 4.20 4.20 4.20 4.20 4.20 4.20 4.20 99999.90 99999.90 99999.90 99999.90 99999.90 99999.90 99999.90 99999.90 99999.90 99999.90 99999.90 99999.90 99999.90 99999.90 99999.90 99999.90 99999.90 99999.90 99999.90 99999.90 99999.90 99999.90 99999.90 99999.90 99999.90 99999.90 99999.90 99999.90 99999.90 99999.90 99999.90 99999.90 99999.90 99999.90
2.43 2.43 2.43 3.16 3.16 3.00 2.87 2.49 3.50 3.65 2.83 3.09 3.17 3.48 3.40 3.76 2.87 2.63 2.74 2.33 1.96 1.80 1.79 2.94 3.92 4.43 4.15 3.95 4.36 4.29 4.27 4.23 4.20 4.20 4.20 4.20 4.20 4.20 4.20 4.20 4.20 4.20 4.20 99999.90 99999.90 99999.90 99999.90 99999.90 99999.90 99999.90 99999.90 99999.90 99999.90 99999.90 99999.90 99999.90 99999.90 99999.90 99999.90 99999.90 99999.90 99999.90 99999.90 99999.90 99999.90 99999.90 99999.90 99999.90 99999.90 99999.90 99999.90 99999.90 99999.90 99999.90 99999.90 99999.90 99999.90
2.43 2.43 2.43 3.29 2.77 2.62 2.54 2.51 2.87 2.63 2.09 1.62 1.70 1.85 2.27 2.96 2.77 2.73 2.46 2.31 1.74 1.83 2.55 2.77 2.41 2.44 2.21 2.80 4.21 4.84 4.96 4.13 4.13 4.13 4.20 4.20 4.20 4.20 4.20 4.20 4.20 4.20 4.20 99999.90 99999.90 99999.90 99999.90 99999.90 99999.90 99999.90 99999.90 99999.90 99999.90 99999.90 99999.90 99999.90 99999.90 99999.90 99999.90 99999.90 99999.90 99999.90 99999.90 99999.90 99999.90 99999.90 99999.90 99999.90 99999.90 99999.90 99999.90 99999.90 99999.90 99999.90 99999.90 99999.90 99999.90
1.28 1.68 1.68 3.29 2.77 2.35 2.32 2.46 2.44 1.93 1.67 1.62 1.64 1.58 1.17 1.39 1.74 1.57 1.50 1.66 1.92 2.00 2.83 3.44 2.90 1.91 1.58 2.86 3.73 4.22 4.31 3.35 3.35 3.35 3.35 3.35 4.20 4.20 4.20 4.20 4.20 4.20 4.20 99999.90 99999.90 99999.90 99999.90 99999.90 99999.90 99999.90 99999.90 99999.90 99999.90 99999.90 99999.90 99999.90 99999.90 99999.90 99999.90 99999.90 99999.90 99999.90 99999.90 99999.90 99999.90 99999.90 99999.90 99999.90 99999.90 99999.90 99999.90 99999.90 99999.90 99999.90 99999.90 99999.90 99999.90
1.26 1.77 2.86 3.68 3.51 3.20 2.75 2.17 1.85 1.34 1.38 1.91 1.99 1.94 1.42 1.73 2.09 1.81 1.26 1.51 1.37 1.68 1.72 1.73 1.97 2.02 1.64 3.50 5.29 4.65 3.01 3.35 3.35 3.35 3.35 3.35 3.35 3.35 3.35 4.20 4.20 4.20 4.20 99999.90 99999.90 99999.90 99999.90 99999.90 99999.90 99999.90 99999.90 99999.90 99999.90 99999.90 99999.90 99999.90 99999.90 99999.90 99999.90 99999.90 99999.90 99999.90 99999.90 99999.90 99999.90 99999.90 99999.90 99999.90 99999.90 99999.90 99999.90 99999.90 99999.90 99999.90 99999.90 99999.90 99999.90
1.56 1.82 2.18 2.42 2.09 1.92 1.78 1.51 1.50 1.65 1.47 1.48 1.55 1.89 1.95 1.95 2.21 1.53 0.59 0.59 1.57 2.88 2.65 1.93 2.47 2.88 3.44 5.00 6.02 5.41 3.56 3.07 3.07 3.07 3.07 3.07 3.07 3.07 3.07 3.07 3.07 3.07 4.20 99999.90 99999.90 99999.90 99999.90 99999.90 99999.90 99999.90 99999.90 99999.90 99999.90 99999.90 99999.90 99999.90 99999.90 99999.90 99999.90 99999.90 99999.90 99999.90 99999.90 99999.90 99999.90 99999.90 99999.90 99999.90 99999.90 99999.90 99999.90 99999.90 99999.90 99999.90 99999.90 99999.90 99999.90
1.78 2.18 2.49 2.18 1.80 1.76 1.63 1.43 1.25 1.77 1.84 0.97 1.24 1.95 2.18 2.38 1.37 0.71 0.54 2.01 3.06 2.85 2.48 1.51 1.85 4.43 5.86 5.19 5.84 6.36 5.73 4.72 4.72 4.72 4.72 4.72 4.72 4.72 4.72 4.72 4.72 4.72 4.20 99999.90 99999.90 99999.90 99999.90 99999.90 99999.90 99999.90 99999.90 99999.90 99999.90 99999.90 99999.90 99999.90 99999.90 99999.90 99999.90 99999.90 99999.90 99999.90 99999.90 99999.90 99999.90 99999.90 99999.90 99999.90 99999.90 99999.90 99999.90 99999.90 99999.90 99999.90 99999.90 99999.90 99999.90
2.45 2.45 3.13 4.00 4.19 2.79 2.13 2.16 1.97 1.95 1.68 1.48 1.19 1.90 1.25 1.04 0.81 0.93 1.71 3.40 3.23 2.53 1.56 1.39 3.14 3.76 4.88 4.88 5.19 6.20 5.83 4.72 4.72 4.72 4.72 4.72 4.72 4.72 4.72 4.72 4.72 4.72 4.20 99999.90 99999.90 99999.90 99999.90 99999.90 99999.90 99999.90 99999.90 99999.90 99999.90 99999.90 99999.90 99999.90 99999.90 99999.90 99999.90 99999.90 99999.90 99999.90 99999.90 99999.90 99999.90 99999.90 99999.90 99999.90 99999.90 99999.90 99999.90 99999.90 99999.90 99999.90 99999.90 99999.90 99999.90
2.53 2.61 3.33 4.99 4.83 3.61 3.32 3.63 3.50 2.64 2.27 1.97 1.47 0.86 0.25 1.25 2.10 1.95 2.21 1.54 2.42 2.95 2.81 2.88 4.03 4.72 5.25 6.17 6.08 4.03 3.95 5.39 5.39 5.39 5.39 5.39 5.39 5.39 5.39 5.39 5.39 5.39 4.20 99999.90 99999.90 99999.90 99999.90 99999.90 99999.90 99999.90 99999.90 99999.90 99999.90 99999.90 99999.90 99999.90 99999.90 99999.90 99999.90 99999.90 99999.90 99999.90 99999.90 99999.90 99999.90 99999.90 99999.90 99999.90 99999.90 99999.90 99999.90 99999.90 99999.90 99999.90 99999.90 99999.90 99999.90
2.56 3.30 4.48 5.24 5.46 5.24 4.15 3.28 3.69 3.65 3.04 2.75 2.31 1.61 1.16 2.75 3.86 2.74 0.33 0.00 1.13 2.46 3.42 5.01 5.49 6.31 6.94 6.52 6.10 5.58 4.94 5.70 5.70 5.70 5.70 5.70 5.70 5.70 5.70 5.70 5.70 5.70 4.20 99999.90 99999.90 99999.90 99999.90 99999.90 99999.90 99999.90 99999.90 99999.90 99999.90 99999.90 99999.90 99999.90 99999.90 99999.90 99999.90 99999.90 99999.90 99999.90 99999.90 99999.90 99999.90 99999.90 99999.90 99999.90 99999.90 99999.90 99999.90 99999.90 99999.90 99999.90 99999.90 99999.90 99999.90
3.75 4.40 5.61 6.65 7.16 6.93 5.76 4.47 4.17 4.31 4.14 3.25 2.22 2.67 2.65 2.29 3.08 2.78 1.11 0.10 0.00 1.92 3.95 4.68 5.38 6.18 6.34 6.87 6.21 4.42 4.17 5.64 5.64 5.64 5.64 5.64 5.64 5.64 5.64 5.64 5.64 5.64 4.20 99999.90 99999.90 99999.90 99999.90 99999.90 99999.90 99999.90 99999.90 99999.90 99999.90 99999.90 99999.90 99999.90 99999.90 99999.90 99999.90 99999.90 99999.90 99999.90 99999.90 99999.90 99999.90 99999.90 99999.90 99999.90 99999.90 99999.90 99999.90 99999.90 99999.90 99999.90 99999.90 99999.90 99999.90
3.22 4.50 5.63 6.12 6.06 6.37 6.01 5.66 6.19 5.46 5.46 4.25 2.69 1.52 1.45 1.72 2.17 2.23 0.78 0.51 1.61 4.45 5.86 5.20 5.46 6.21 6.58 5.45 3.66 4.25 5.24 6.69 6.69 6.69 6.69 6.69 6.69 6.69 6.69 6.69 6.69 6.69 99999.90 99999.90 99999.90 99999.90 99999.90 99999.90 99999.90 99999.90 99999.90 99999.90 99999.90 99999.90 99999.90 99999.90 99999.90 99999.90 99999.90 99999.90 99999.90 99999.90 99999.90 99999.90 99999.90 99999.90 99999.90 99999.90 99999.90 99999.90 99999.90 99999.90 99999.90 99999.90 99999.90 99999.90 99999.90
3.10 3.53 3.91 4.63 5.10 5.92 5.76 5.50 5.40 5.70 5.28 3.68 2.89 2.38 2.02 1.55 1.20 1.08 1.01 1.45 1.72 3.99 5.32 6.00 6.51 5.87 4.36 3.77 4.79 6.34 7.34 7.31 7.31 7.31 7.31 7.31 7.31 7.31 7.31 7.31 7.31 7.31 7.08 99999.90 99999.90 99999.90 99999.90 99999.90 99999.90 99999.90 99999.90 99999.90 99999.90 99999.90 99999.90 99999.90 99999.90 99999.90 99999.90 99999.90 99999.90 99999.90 99999.90 99999.90 99999.90 99999.90 99999.90 99999.90 99999.90 99999.90 99999.90 99999.90 99999.90 99999.90 99999.90 99999.90 99999.90
2.62 2.29 1.91 3.85 5.30 6.14 6.50 6.26 5.29 4.96 4.21 3.93 3.50 2.88 2.19 2.02 1.93 2.00 2.30 2.72 2.34 3.93 6.02 6.82 5.36 3.17 2.54 2.84 4.38 6.34 7.01 6.69 6.69 6.69 6.69 6.69 6.69 6.69 6.69 6.69 6.69 6.69 7.08 99999.90 99999.90 99999.90 99999.90 99999.90 99999.90 99999.90 99999.90 99999.90 99999.90 99999.90 99999.90 99999.90 99999.90 99999.90 99999.90 99999.90 99999.90 99999.90 99999.90 99999.90 99999.90 99999.90 99999.90 99999.90 99999.90 99999.90 99999.90 99999.90 99999.90 99999.90 99999.90 99999.90 99999.90
0.91 1.00 2.52 4.91 6.64 7.11 6.24 6.31 6.04 4.94 4.74 4.08 3.45 3.31 3.22 3.48 4.25 4.72 4.26 3.40 3.30 5.25 6.57 7.25 6.39 2.82 1.02 3.63 6.32 6.83 7.16 7.23 7.23 7.23 7.23 7.23 7.23 7.23 7.23 7.23 7.23 7.23 7.08 99999.90 99999.90 99999.90 99999.90 99999.90 99999.90 99999.90 99999.90 99999.90 99999.90 99999.90 99999.90 99999.90 99999.90 99999.90 99999.90 99999.90 99999.90 99999.90 99999.90 99999.90 99999.90 99999.90 99999.90 99999.90 99999.90 99999.90 99999.90 99999.90 99999.90 99999.90 99999.90 99999.90 99999.90
1.38 2.02 2.35 4.55 6.90 6.77 4.07 3.27 4.31 4.18 3.48 2.92 3.84 4.37 4.60 4.80 5.51 5.17 4.18 3.40 5.06 6.42 7.13 6.55 3.64 3.36 3.34 5.57 6.81 7.38 7.28 7.14 7.14 7.14 7.14 7.14 7.14 7.14 7.14 7.14 7.14 7.14 7.08 99999.90 99999.90 99999.90 99999.90 99999.90 99999.90 99999.90 99999.90 99999.90 99999.90 99999.90 99999.90 99999.90 99999.90 99999.90 99999.90 99999.90 99999.90 99999.90 99999.90 99999.90 99999.90 99999.90 99999.90 99999.90 99999.90 99999.90 99999.90 99999.90 99999.90 99999.90 99999.90 99999.90 99999.90
1.38 3.89 4.30 5.87 7.08 6.90 3.60 1.92 3.55 3.71 3.64 3.85 4.31 4.54 4.41 3.79 3.56 4.10 4.64 4.68 5.80 6.59 5.85 4.99 5.09 5.75 6.43 6.26 6.40 7.34 7.77 7.14 7.14 7.14 7.14 7.14 7.14 7.14 7.14 7.14 7.14 7.14 7.08 99999.90 99999.90 99999.90 99999.90 99999.90 99999.90 99999.90 99999.90 99999.90 99999.90 99999.90 99999.90 99999.90 99999.90 99999.90 99999.90 99999.90 99999.90 99999.90 99999.90 99999.90 99999.90 99999.90 99999.90 99999.90 99999.90 99999.90 99999.90 99999.90 99999.90 99999.90 99999.90 99999.90 99999.90
4.55 3.89 4.30 4.97 6.75 7.28 5.41 3.66 5.09 5.95 5.46 5.47 5.17 5.65 5.30 4.58 3.91 3.08 3.11 3.87 4.61 5.34 5.21 5.74 6.28 5.94 5.28 5.60 6.95 7.54 7.59 6.72 6.72 6.72 6.72 6.72 6.72 6.72 6.72 6.72 6.72 6.72 7.08 99999.90 99999.90 99999.90 99999.90 99999.90 99999.90 99999.90 99999.90 99999.90 99999.90 99999.90 99999.90 99999.90 99999.90 99999.90 99999.90 99999.90 99999.90 99999.90 99999.90 99999.90 99999.90 99999.90 99999.90 99999.90 99999.90 99999.90 99999.90 99999.90 99999.90 99999.90 99999.90 99999.90 99999.90
4.90 4.60 4.60 3.95 6.23 7.43 7.32 5.29 3.86 4.83 5.74 5.85 6.13 6.06 6.26 5.99 5.08 2.95 2.01 2.60 2.24 2.49 2.12 1.60 2.58 5.22 6.82 7.29 7.49 7.19 7.04 6.82 6.82 6.82 6.82 6.82 6.82 6.82 6.82 6.82 7.08 7.08 7.08 99999.90 99999.90 99999.90 99999.90 99999.90 99999.90 99999.90 99999.90 99999.90 99999.90 99999.90 99999.90 99999.90 99999.90 99999.90 99999.90 99999.90 99999.90 99999.90 99999.90 99999.90 99999.90 99999.90 99999.90 99999.90 99999.90 99999.90 99999.90 99999.90 99999.90 99999.90 99999.90 99999.90 99999.90
6.16 3.95 3.95 3.82 6.23 7.43 7.56 6.00 2.45 2.07 3.51 5.70 6.47 6.55 6.63 6.36 5.88 5.58 3.92 3.17 3.06 3.17 2.89 3.31 4.79 6.29 7.41 7.69 7.33 6.84 7.04 7.49 7.49 7.49 7.49 7.49 7.49 7.08 7.08 7.08 7.08 7.08 7.08 99999.90 99999.90 99999.90 99999.90 99999.90 99999.90 99999.90 99999.90 99999.90 99999.90 99999.90 99999.90 99999.90 99999.90 99999.90 99999.90 99999.90 99999.90 99999.90 99999.90 99999.90 99999.90 99999.90 99999.90 99999.90 99999.90 99999.90 99999.90 99999.90 99999.90 99999.90 99999.90 99999.90 99999.90
4.83 4.76 4.35 3.82 6.95 7.26 7.26 7.04 4.60 0.91 2.36 4.92 6.49 6.39 5.80 6.14 5.88 4.55 3.24 2.80 3.53 4.31 4.75 5.31 6.39 7.22 7.63 7.75 6.82 6.84 7.40 7.40 7.40 7.40 7.08 7.08 7.08 7.08 7.08 7.08 7.08 7.08 7.08 99999.90 99999.90 99999.90 99999.90 99999.90 99999.90 99999.90 99999.90 99999.90 99999.90 99999.90 99999.90 99999.90 99999.90 99999.90 99999.90 99999.90 99999.90 99999.90 99999.90 99999.90 99999.90 99999.90 99999.90 99999.90 99999.90 99999.90 99999.90 99999.90 99999.90 99999.90 99999.90 99999.90 99999.90
4.88 5.30 6.07 6.85 6.95 6.77 6.92 7.10 5.60 3.16 3.05 4.82 6.49 6.10 5.35 4.77 5.67 4.45 3.05 3.32 4.12 4.78 6.07 6.40 7.08 7.42 7.69 7.67 6.99 6.99 7.38 7.38 7.38 7.08 7.08 7.08 7.08 7.08 7.08 7.08 7.08 7.08 7.08 99999.90 99999.90 99999.90 99999.90 99999.90 99999.90 99999.90 99999.90 99999.90 99999.90 99999.90 99999.90 99999.90 99999.90 99999.90 99999.90 99999.90 99999.90 99999.90 99999.90 99999.90 99999.90 99999.90 99999.90 99999.90 99999.90 99999.90 99999.90 99999.90 99999.90 99999.90 99999.90 99999.90 99999.90
5.75 6.61 6.29 6.71 7.03 7.12 6.87 6.46 5.60 3.16 3.05 5.35 7.01 6.71 5.23 3.69 4.44 4.66 3.01 2.83 4.44 5.13 6.36 6.83 7.49 7.68 7.69 7.58 6.99 6.99 7.38 7.38 7.08 7.08 7.08 7.08 7.08 7.08 7.08 7.08 7.08 7.08 7.08 99999.90 99999.90 99999.90 99999.90 99999.90 99999.90 99999.90 99999.90 99999.90 99999.90 99999.90 99999.90 99999.90 99999.90 99999.90 99999.90 99999.90 99999.90 99999.90 99999.90 99999.90 99999.90 99999.90 99999.90 99999.90 99999.90 99999.90 99999.90 99999.90 99999.90 99999.90 99999.90 99999.90 99999.90
5.51 6.20 6.47 6.93 7.04 7.29 6.70 5.65 5.39 5.39 5.47 5.76 6.69 6.51 5.20 3.87 3.62 3.81 3.39 2.77 4.10 5.63 6.86 7.37 7.57 7.66 7.64 7.46 7.46 7.46 7.38 7.08 7.08 7.08 7.08 7.08 7.08 7.08 7.08 7.08 7.08 7.08 7.08 99999.90 99999.90 99999.90 99999.90 99999.90 99999.90 99999.90 99999.90 99999.90 99999.90 99999.90 99999.90 99999.90 99999.90 99999.90 99999.90 99999.90 99999.90 99999.90 99999.90 99999.90 99999.90 99999.90 99999.90 99999.90 99999.90 99999.90 99999.90 99999.90 99999.90 99999.90 99999.90 99999.90 99999.90
5.25 5.98 6.99 7.16 7.15 7.09 6.44 6.18 6.31 6.31 5.09 5.24 6.22 6.10 4.45 2.99 2.22 3.15 3.85 5.29 5.97 6.34 6.50 6.82 7.45 7.62 7.61 7.28 7.28 7.28 5.98 5.98 5.98 5.98 5.98 5.98 5.98 5.98 5.98 5.98 5.98 5.98 5.98 99999.90 99999.90 99999.90 99999.90 99999.90 99999.90 99999.90 99999.90 99999.90 99999.90 99999.90 99999.90 99999.90 99999.90 99999.90 99999.90 99999.90 99999.90 99999.90 99999.90 99999.90 99999.90 99999.90 99999.90 99999.90 99999.90 99999.90 99999.90 99999.90 99999.90 99999.90 99999.90 99999.90 99999.90
5.31 6.37 6.92 7.14 6.94 6.94 6.67 6.80 6.20 5.52 5.53 5.80 6.13 5.81 3.95 2.00 1.87 2.51 3.74 4.22 5.55 5.82 6.62 7.22 7.56 7.57 7.58 7.28 7.28 7.28 5.98 5.98 5.98 5.98 5.98 5.98 5.98 5.98 5.98 5.98 5.98 5.98 5.98 99999.90 99999.90 99999.90 99999.90 99999.90 99999.90 99999.90 99999.90 99999.90 99999.90 99999.90 99999.90 99999.90 99999.90 99999.90 99999.90 99999.90 99999.90 99999.90 99999.90 99999.90 99999.90 99999.90 99999.90 99999.90 99999.90 99999.90 99999.90 99999.90 99999.90 99999.90 99999.90 99999.90 99999.90
6.02 6.22 6.51 6.86 5.59 5.43 6.35 6.90 6.64 6.74 6.67 6.53 5.81 4.99 3.67 2.10 2.46 3.82 4.32 5.36 6.13 6.77 6.94 7.32 7.54 7.56 7.58 7.58 7.28 7.28 5.98 5.98 5.98 5.98 5.98 5.98 5.98 5.98 5.98 5.98 5.98 5.98 5.98 99999.90 99999.90 99999.90 99999.90 99999.90 99999.90 99999.90 99999.90 99999.90 99999.90 99999.90 99999.90 99999.90 99999.90 99999.90 99999.90 99999.90 99999.90 99999.90 99999.90 99999.90 99999.90 99999.90 99999.90 99999.90 99999.90 99999.90 99999.90 99999.90 99999.90 99999.90 99999.90 99999.90 99999.90
