main/data/irradiance/31.08.2023.grid
ncols 839
nrows 679
xllcenter 112.0500
yllcenter -43.9500
cellsize 0.0500
nodata_value 99999.90
[rows 442 to 475 of 679, columns 539 to 615 of 839]
17.78 17.80 17.75 17.67 17.82 17.81 17.75 17.78 17.71 17.76 17.73 17.66 17.42 17.12 16.96 16.81 16.77 16.71 16.84 16.97 16.81 16.90 17.16 17.31 17.32 17.58 17.20 17.37 17.51 17.36 17.31 17.31 17.20 17.25 17.31 17.44 17.27 17.10 17.34 17.37 17.33 17.48 17.40 17.55 17.65 17.70 17.64 17.62 17.63 17.54 17.58 17.58 17.69 17.83 17.83 17.85 17.74 17.73 17.75 17.88 17.91 17.92 17.91 17.86 17.95 17.91 17.86 17.80 17.82 17.82 17.81 17.84 17.87 17.89 17.82 17.79 17.87
17.77 17.78 17.74 17.69 17.71 17.73 17.77 17.72 17.73 17.62 17.71 17.54 17.38 17.38 17.03 16.86 16.84 16.84 16.81 16.89 16.80 16.94 17.15 17.23 17.36 17.34 17.28 17.51 17.45 17.44 17.31 17.21 17.14 17.15 17.14 17.25 17.22 17.23 17.39 17.41 17.32 17.53 17.47 17.48 17.51 17.67 17.63 17.65 17.65 17.68 17.67 17.60 17.68 17.74 17.75 17.79 17.84 17.74 17.66 17.78 17.79 17.83 17.76 17.78 17.92 17.93 17.84 17.82 17.82 17.82 17.84 17.80 17.79 18.03 17.90 17.86 17.88
17.73 17.73 17.69 17.74 17.68 17.78 17.84 17.80 17.51 17.37 17.38 17.36 17.22 17.17 17.09 17.06 16.96 16.81 16.78 16.75 16.82 16.88 17.00 17.06 17.39 17.53 17.37 17.43 17.42 17.70 17.52 17.30 17.20 17.03 17.13 17.23 17.31 17.34 17.42 17.43 17.33 17.31 17.44 17.41 17.52 17.81 17.71 17.72 17.72 17.80 17.76 17.76 17.60 17.63 17.68 17.75 17.79 17.72 17.62 17.61 17.68 17.71 17.77 17.72 17.84 17.84 17.85 17.92 17.82 17.82 17.84 17.76 17.57 17.72 17.72 17.84 17.93
17.72 17.67 17.68 17.74 17.67 17.76 17.82 17.78 17.61 17.51 17.42 17.36 17.24 17.11 16.96 17.01 17.04 16.91 16.74 16.82 16.86 16.95 17.21 17.04 17.23 17.39 17.23 17.36 17.46 17.63 17.52 17.20 17.12 17.00 17.19 17.38 17.48 17.36 17.53 17.27 17.18 17.38 17.34 17.33 17.45 17.70 17.64 17.71 17.72 17.82 17.81 17.74 17.75 17.66 17.81 17.59 17.57 17.70 17.67 17.58 17.63 17.69 17.73 17.68 17.74 17.84 17.85 17.92 17.92 17.70 17.74 17.74 17.76 17.70 17.73 17.85 17.84
17.73 17.78 17.68 17.68 17.73 17.78 17.82 17.77 17.64 17.54 17.55 17.37 17.27 17.17 17.00 17.06 17.01 16.93 16.86 16.80 16.85 16.84 16.99 17.21 17.01 17.29 17.48 17.40 17.27 17.41 17.36 17.03 17.09 17.09 17.14 17.34 17.39 17.40 17.31 17.19 17.03 17.25 17.31 17.45 17.45 17.44 17.56 17.57 17.78 17.71 17.76 17.76 17.72 17.73 17.73 17.75 17.72 17.70 17.63 17.53 17.63 17.62 17.63 17.64 17.75 17.75 17.79 17.92 17.70 17.70 17.75 17.68 17.58 17.83 17.93 17.86 17.78
17.73 17.72 17.73 17.68 17.73 17.81 17.79 17.68 17.56 17.37 17.17 17.13 17.06 17.08 17.02 17.00 17.04 16.93 16.88 16.86 16.68 16.76 16.89 17.11 17.15 17.26 17.26 17.30 17.07 17.29 17.48 17.38 17.14 17.11 17.19 17.33 17.46 17.46 17.42 17.25 17.10 17.15 17.33 17.36 17.43 17.29 17.41 17.46 17.61 17.78 17.67 17.72 17.72 17.64 17.71 17.72 17.65 17.64 17.62 17.56 17.56 17.65 17.62 17.62 17.78 17.79 17.79 17.49 17.76 17.76 17.65 17.63 17.72 17.92 18.08 17.79 17.83
17.66 17.67 17.73 17.75 17.75 17.78 17.80 17.70 17.63 17.47 17.40 17.29 17.12 17.07 17.08 16.97 16.94 16.90 16.81 16.82 16.88 16.88 17.02 17.04 17.07 16.92 16.98 17.02 17.01 17.28 17.52 17.46 17.37 17.35 17.35 17.33 17.36 17.37 17.41 17.31 17.19 17.37 17.42 17.34 17.38 17.15 17.43 17.50 17.49 17.78 17.66 17.69 17.66 17.73 17.75 17.76 17.69 17.64 17.67 17.61 17.61 17.58 17.50 17.63 17.78 17.79 17.60 17.49 17.64 17.61 17.72 17.79 17.76 17.76 17.70 17.73 17.75
17.72 17.71 17.71 17.72 17.71 17.79 17.77 17.67 17.57 17.49 17.42 17.41 17.25 17.06 17.02 16.95 17.02 16.88 16.91 17.01 17.10 17.00 17.08 17.03 16.89 17.08 17.20 17.27 17.30 17.48 17.47 17.38 17.52 17.50 17.49 17.36 17.45 17.48 17.47 17.34 17.36 17.45 17.38 17.34 17.35 17.14 17.18 17.36 17.39 17.62 17.66 17.67 17.51 17.56 17.74 17.66 17.67 17.62 17.59 17.47 17.46 17.52 17.48 17.56 17.56 17.60 17.60 17.46 17.53 17.52 17.68 17.82 17.74 17.78 17.72 17.69 17.70
17.71 17.67 17.63 17.72 17.65 17.73 17.75 17.68 17.61 17.53 17.42 17.34 17.29 17.34 17.23 17.03 16.99 16.91 16.97 17.04 16.94 16.92 17.03 17.02 16.94 17.15 17.30 17.35 17.39 17.29 17.48 17.33 17.47 17.62 17.51 17.36 17.47 17.41 17.49 17.37 17.36 17.23 17.28 17.41 17.40 17.31 17.29 17.43 17.43 17.53 17.46 17.53 17.49 17.44 17.57 17.57 17.45 17.52 17.31 17.33 17.33 17.40 17.38 17.45 17.45 17.35 17.35 17.32 17.51 17.54 17.70 17.71 17.80 17.77 17.74 17.76 17.68
17.75 17.66 17.60 17.70 17.62 17.67 17.65 17.64 17.70 17.52 17.44 17.33 17.26 17.14 17.06 17.03 16.89 16.81 16.70 16.87 16.99 16.97 17.06 17.09 17.05 17.16 17.37 17.40 17.39 17.39 17.47 17.38 17.40 17.51 17.33 17.34 17.37 17.30 17.30 17.21 17.32 17.28 17.30 17.35 17.21 17.28 17.15 17.25 17.31 17.36 17.27 17.22 17.45 17.44 17.49 17.39 17.30 17.37 17.29 17.16 17.35 17.21 17.10 17.31 17.19 17.33 17.15 17.11 17.36 17.62 17.70 17.71 17.72 17.70 17.72 17.72 17.66
17.66 17.57 17.53 17.64 17.58 17.67 17.65 17.66 17.73 17.59 17.35 17.35 17.26 17.13 17.02 16.98 16.84 16.78 16.90 16.85 16.83 17.08 16.92 17.14 17.25 17.26 17.22 17.10 17.21 17.28 17.38 17.29 17.17 17.19 17.28 17.16 17.25 17.15 17.23 17.19 17.30 17.27 17.41 17.34 17.12 17.07 17.19 17.14 17.13 17.20 17.24 17.19 17.23 17.34 17.21 17.21 17.20 17.23 17.08 16.93 17.13 17.09 17.11 17.17 17.09 17.13 17.10 16.86 17.08 17.28 17.50 17.65 17.65 17.65 17.68 17.68 17.65
17.55 17.36 17.24 17.52 17.46 17.61 17.67 17.63 17.64 17.61 17.48 17.31 17.22 17.08 17.04 16.99 16.99 16.95 17.04 16.92 16.98 17.06 17.11 17.12 17.23 17.16 17.02 16.97 17.11 17.22 17.26 17.13 17.13 17.07 17.06 16.99 16.92 17.08 16.97 17.01 16.97 16.98 16.99 17.09 17.15 17.03 17.05 16.95 16.74 16.91 17.15 17.11 17.24 17.21 17.20 17.04 17.04 17.01 16.89 16.94 16.96 17.02 16.79 16.96 16.96 16.90 16.57 16.76 16.96 17.23 17.34 17.48 17.55 17.66 17.66 17.58 17.60
17.26 17.36 17.47 17.60 17.48 17.62 17.56 17.61 17.60 17.62 17.53 17.42 17.38 17.05 17.07 17.10 17.13 17.11 17.11 16.95 16.95 16.97 17.18 17.18 17.22 17.17 17.01 16.96 17.20 17.22 17.16 17.10 17.25 17.13 17.07 16.90 16.86 17.06 16.75 16.87 16.64 16.62 16.74 16.92 16.93 16.78 16.94 16.83 16.58 16.68 17.06 17.12 16.97 16.93 17.04 17.06 17.03 17.08 16.91 17.18 17.20 16.66 16.98 16.47 16.45 16.70 16.71 16.68 16.93 17.33 17.34 17.41 17.55 17.59 17.62 17.59 17.60
17.30 17.42 17.47 17.58 17.45 17.68 17.60 17.52 17.51 17.59 17.44 17.45 17.40 17.35 17.31 17.22 17.15 17.20 17.21 17.02 16.99 17.07 17.18 17.24 17.41 17.35 17.25 17.09 17.14 17.24 17.05 17.06 17.25 17.21 16.99 16.95 16.87 16.99 16.83 16.87 16.77 16.76 16.63 16.53 16.57 16.52 16.58 16.58 16.48 16.73 16.80 16.93 16.64 16.67 16.96 17.06 16.95 16.73 16.82 16.88 16.85 16.47 16.71 16.53 16.42 16.51 16.67 16.64 16.92 17.25 17.04 17.33 17.49 17.48 17.53 17.53 17.57
17.22 17.19 17.47 17.58 17.46 17.57 17.50 17.52 17.54 17.52 17.47 17.48 17.41 17.38 17.39 17.30 17.19 17.32 17.27 17.13 17.04 17.15 17.26 17.36 17.27 17.35 17.25 17.20 17.17 17.22 17.16 17.09 17.19 17.19 17.11 17.05 16.86 16.83 16.79 16.84 16.59 16.63 16.39 16.49 16.09 16.33 16.33 16.13 16.49 16.60 16.71 16.66 16.39 16.35 16.43 16.41 16.62 16.38 16.34 16.20 16.13 16.17 16.13 16.67 16.60 16.54 16.28 16.66 17.03 17.34 17.25 17.37 17.42 17.43 17.42 17.48 17.48
17.20 17.21 17.45 17.38 17.34 17.44 17.56 17.56 17.58 17.51 17.48 17.44 17.45 17.29 17.37 17.39 17.34 17.31 17.15 17.14 17.18 17.23 17.23 17.28 17.23 17.27 17.23 17.10 17.15 17.31 17.35 17.24 17.19 17.18 17.12 16.95 16.90 16.58 16.53 16.64 16.65 16.65 16.41 16.54 16.19 16.26 16.13 16.12 16.08 16.32 16.49 16.26 16.50 16.40 16.27 16.06 16.28 16.08 15.98 15.99 15.79 16.10 16.09 16.29 16.44 16.45 16.46 16.52 16.92 17.24 17.36 17.27 17.32 17.46 17.45 17.44 17.47
17.18 17.18 17.34 17.31 17.17 17.49 17.44 17.54 17.49 17.51 17.49 17.43 17.39 17.43 17.48 17.48 17.45 17.28 17.15 17.20 17.20 17.27 17.13 17.18 17.33 17.32 17.24 17.08 17.17 17.21 17.21 17.15 17.12 17.10 16.99 16.88 16.92 16.45 16.40 16.30 16.57 16.67 16.39 16.57 16.28 15.94 16.10 16.39 16.37 16.34 16.47 16.27 16.15 16.36 16.27 16.02 16.00 15.92 15.81 15.65 15.56 16.07 16.09 16.30 16.11 16.29 16.48 16.45 16.70 16.80 17.02 17.21 17.31 17.37 17.44 17.50 17.50
16.85 16.83 17.09 17.17 17.13 17.30 17.48 17.39 17.54 17.39 17.41 17.45 17.33 17.49 17.48 17.49 17.52 17.41 17.14 17.25 17.21 17.15 17.08 17.03 17.16 17.30 17.29 17.22 17.16 17.06 17.15 17.01 17.01 16.74 16.69 16.66 16.62 16.38 16.41 16.32 16.51 16.56 16.48 16.48 16.24 16.23 16.07 16.29 16.37 16.39 16.19 16.28 15.88 16.44 16.26 16.13 15.88 15.94 16.06 15.30 15.58 15.78 16.14 16.47 15.75 15.85 16.09 16.26 16.75 16.82 17.07 17.22 17.23 17.19 17.32 17.39 17.42
16.78 16.64 17.07 16.80 16.69 17.30 17.27 17.39 17.36 17.27 17.39 17.43 17.39 17.44 17.43 17.43 17.51 17.40 17.29 17.33 17.30 17.11 17.14 17.04 17.02 17.12 17.22 17.21 17.29 17.02 17.10 17.11 16.83 16.62 16.45 16.46 16.42 16.33 16.25 16.48 16.37 16.55 16.38 16.16 16.26 16.26 16.08 16.25 16.18 16.21 15.92 16.09 15.76 15.85 16.03 16.41 16.00 15.90 16.41 15.45 15.59 15.92 16.11 16.59 15.45 15.66 15.79 16.14 16.50 16.72 16.91 17.18 17.14 17.14 17.20 17.31 17.31
16.62 16.48 16.91 16.51 16.81 17.09 17.07 17.33 17.37 17.34 17.36 17.46 17.43 17.49 17.48 17.53 17.53 17.43 17.37 17.32 17.28 17.20 17.19 16.95 16.84 17.00 17.03 17.13 17.13 17.04 16.90 16.86 16.69 16.44 16.23 16.31 16.37 16.42 16.43 16.30 16.35 16.44 16.33 16.29 16.35 16.20 16.13 16.00 16.14 15.99 15.86 16.12 15.76 15.48 15.69 16.33 15.74 15.88 16.03 15.53 15.52 15.93 15.94 16.28 15.18 15.64 15.50 15.85 16.23 16.58 16.50 16.88 17.03 17.00 17.09 17.17 17.17
16.67 16.79 16.71 16.44 16.67 17.05 17.17 17.23 17.31 17.26 17.27 17.37 17.41 17.42 17.46 17.52 17.56 17.45 17.40 17.33 17.39 17.29 17.24 17.05 16.77 16.89 17.04 16.97 17.05 17.03 16.89 16.62 16.47 16.55 16.20 16.13 16.14 16.05 16.32 16.27 16.38 16.16 16.17 16.21 16.17 16.17 16.22 15.59 15.94 15.95 15.88 15.64 16.16 16.19 15.65 15.73 15.60 14.44 15.64 15.49 15.79 16.16 15.14 15.53 15.18 15.34 15.79 15.95 16.15 16.46 16.56 16.70 16.79 16.97 17.10 17.14 17.10
16.45 16.33 16.67 16.10 16.60 16.99 16.86 17.27 17.09 17.23 17.25 17.21 17.17 17.14 17.35 17.37 17.48 17.46 17.34 17.31 17.37 17.34 17.23 16.98 16.95 16.78 16.92 17.01 16.88 16.81 16.62 16.46 16.38 16.31 16.06 15.96 15.85 15.98 15.98 16.01 16.28 16.18 16.10 15.94 16.03 15.93 16.02 15.66 15.86 15.53 15.48 15.49 15.70 15.67 15.93 15.70 16.14 15.09 15.88 15.66 15.97 16.42 16.04 15.10 15.34 15.68 15.61 15.84 16.27 16.48 16.73 16.77 16.54 16.90 17.14 17.12 17.10
16.23 16.12 16.40 16.01 16.60 16.56 16.92 17.00 17.02 17.05 17.14 17.12 17.04 16.87 17.11 17.21 17.37 17.34 17.33 17.29 17.30 17.25 17.06 16.94 16.92 16.80 16.87 16.81 16.74 16.65 16.55 16.40 16.23 16.24 16.02 15.90 15.66 15.86 15.82 15.87 16.13 15.96 16.08 16.12 16.00 15.81 15.75 15.73 15.50 15.36 15.40 15.24 15.60 16.07 15.39 15.61 15.47 15.42 15.79 15.24 16.26 16.38 15.47 15.35 15.37 15.95 15.96 15.99 16.00 16.49 16.81 16.70 16.74 16.73 16.90 16.91 16.94
15.44 16.08 16.29 15.71 16.21 16.38 16.59 16.58 16.98 16.85 16.99 16.93 16.74 16.93 17.00 17.12 17.12 17.21 17.14 17.21 17.16 17.12 16.95 16.97 16.96 16.86 16.86 16.67 16.61 16.45 16.37 16.56 16.24 16.28 16.19 16.13 15.81 15.65 15.71 15.85 15.95 16.10 16.15 15.96 15.95 15.81 15.42 15.00 15.39 15.17 14.88 14.85 15.04 15.42 15.34 15.52 15.00 15.80 15.36 15.27 14.70 15.28 15.27 15.58 15.66 15.89 15.96 15.91 15.86 16.41 16.52 16.63 16.79 16.68 16.62 16.82 16.78
14.98 15.70 15.89 15.61 16.01 16.17 16.37 16.54 16.68 16.81 16.65 16.59 16.46 16.71 16.75 16.90 16.83 16.98 16.98 17.00 17.03 16.94 16.92 16.95 17.04 16.87 16.98 16.82 16.38 16.32 16.40 16.19 16.38 16.18 16.21 16.18 15.82 15.61 15.65 15.71 15.80 15.81 15.94 15.71 15.61 15.67 15.30 14.61 14.75 14.56 14.55 14.39 14.62 14.46 14.40 14.66 14.85 14.50 15.43 15.63 14.76 14.80 15.25 15.65 15.84 15.85 15.97 15.84 16.19 16.33 16.13 16.55 16.74 16.51 16.39 16.67 16.61
14.72 15.49 15.16 15.30 15.57 15.73 15.98 16.05 16.39 16.48 16.30 16.32 16.46 16.52 16.71 16.67 16.79 16.82 16.89 16.85 16.84 16.90 16.94 16.92 16.96 16.79 16.72 16.58 16.43 16.44 16.37 16.47 16.28 16.38 16.26 16.12 15.82 15.58 15.44 15.51 15.30 15.44 15.68 15.33 15.15 15.09 14.70 14.46 14.32 13.97 14.41 14.07 13.84 14.12 14.41 14.34 14.75 14.47 15.40 15.06 15.34 15.30 15.20 15.30 15.64 15.81 15.84 16.18 15.98 15.94 15.95 16.16 16.63 16.37 16.41 16.59 16.66
14.84 14.40 14.75 14.81 15.31 15.58 15.47 15.84 15.94 15.87 15.78 16.05 16.10 16.41 16.47 16.51 16.57 16.70 16.57 16.62 16.71 16.68 16.70 16.88 16.99 16.88 16.75 16.45 16.37 16.33 16.48 16.38 16.40 16.45 16.16 16.06 15.94 15.47 15.65 15.44 15.22 14.95 15.15 14.94 14.69 14.48 14.24 13.78 14.04 13.90 13.45 13.51 13.46 13.55 14.17 14.17 14.53 14.47 15.08 14.96 14.73 15.03 15.28 15.17 15.13 15.53 15.84 15.84 15.76 15.83 15.85 16.02 16.35 16.17 16.01 16.32 16.38
14.07 14.28 14.43 14.65 14.78 15.11 14.97 15.50 15.20 15.43 15.38 15.65 15.86 16.26 16.07 16.24 16.28 16.36 16.39 16.60 16.45 16.44 16.60 16.87 16.77 16.78 16.64 16.56 16.48 16.34 16.43 16.53 16.53 16.39 16.02 15.69 15.61 15.26 15.30 15.36 14.98 14.82 14.84 14.68 14.18 14.06 14.13 13.70 13.61 13.59 13.45 13.30 13.37 13.85 14.37 13.86 14.51 14.37 15.12 14.71 14.47 14.99 14.87 14.90 14.97 14.97 15.23 15.22 15.28 15.54 15.90 15.59 15.51 15.96 16.02 16.06 16.23
13.49 13.98 14.23 14.22 14.61 14.55 14.76 14.52 14.43 14.80 15.09 15.16 15.59 15.66 15.66 15.80 15.92 16.19 16.20 16.27 16.27 16.39 16.46 16.71 16.77 16.77 16.66 16.50 16.53 16.47 16.55 16.51 16.46 16.36 16.05 15.71 15.23 15.03 15.03 15.16 14.98 14.70 14.20 14.42 14.11 14.20 14.00 13.75 13.72 13.44 13.47 13.59 13.85 13.51 14.15 13.97 14.53 14.08 14.40 14.46 14.40 14.26 14.58 14.62 14.68 14.84 14.65 14.88 15.00 15.12 15.42 15.37 15.40 15.75 15.83 16.24 16.35
13.70 13.67 13.50 13.79 14.31 14.63 14.25 14.12 13.91 14.42 14.45 14.72 14.95 14.98 15.01 15.33 15.44 15.76 16.19 16.04 16.04 16.21 16.58 16.59 16.51 16.50 16.71 16.51 16.62 16.68 16.55 16.36 16.43 16.28 16.18 16.06 15.73 15.55 15.49 15.10 15.08 14.89 14.29 13.78 14.15 14.11 14.28 14.13 13.78 13.60 13.38 13.55 13.53 13.77 13.31 13.48 13.38 14.13 14.18 14.06 14.46 14.28 14.29 14.40 14.23 14.15 14.58 14.42 14.64 14.97 14.78 14.79 15.34 15.82 15.99 16.13 16.15
13.41 13.71 13.54 13.66 13.96 13.85 13.94 13.62 13.49 13.54 13.92 14.10 14.26 14.24 14.53 14.69 15.17 15.51 15.63 15.63 15.79 16.13 16.37 16.43 16.44 16.44 16.22 16.50 16.63 16.63 16.55 16.26 15.98 16.21 16.14 15.77 15.78 15.72 15.63 15.43 15.26 14.88 14.51 14.47 13.95 13.59 13.83 14.05 13.48 13.30 13.46 13.47 13.52 13.92 13.25 13.21 13.08 13.05 13.82 13.75 13.61 13.79 13.54 13.84 13.72 13.82 14.05 14.21 14.00 14.12 14.48 14.88 14.88 15.26 15.40 15.95 16.21
13.51 13.47 13.36 13.67 13.95 13.28 12.89 13.00 12.97 13.09 13.16 13.27 13.34 13.54 13.81 14.38 14.47 14.81 15.03 15.33 15.73 15.99 16.34 16.31 15.99 16.12 16.22 16.16 16.26 16.47 16.21 15.92 15.94 15.93 16.15 16.05 15.91 15.47 15.88 15.35 15.18 15.62 15.07 14.41 13.98 13.56 13.70 13.35 13.20 13.67 13.75 13.07 13.46 13.78 13.75 13.11 13.05 13.02 12.83 13.26 13.37 13.28 13.09 13.63 13.76 13.82 13.68 14.02 14.07 14.37 14.17 14.39 14.98 14.86 15.34 15.78 16.11
12.91 13.21 12.86 13.38 13.35 13.37 13.03 12.71 12.86 12.74 12.66 12.83 12.86 12.99 13.27 13.80 13.99 14.17 14.71 15.09 15.45 15.80 15.80 16.14 15.85 16.08 16.04 16.04 16.08 15.63 15.72 15.60 15.52 15.72 15.74 15.80 15.60 15.42 15.11 15.00 14.88 14.95 15.06 14.11 13.86 13.53 13.06 13.00 13.42 13.38 13.32 13.25 12.99 13.71 13.25 13.12 12.98 12.70 12.79 13.15 13.67 13.59 13.11 13.18 13.44 13.65 14.03 13.32 13.98 14.12 14.06 14.47 14.18 14.53 15.11 15.13 15.55
12.32 13.03 12.87 13.35 13.36 13.25 13.11 12.96 12.64 12.46 12.39 12.57 12.79 12.87 12.91 13.24 13.34 13.77 14.23 14.83 15.06 15.42 15.74 15.63 16.03 15.95 15.70 15.92 15.68 15.60 15.26 15.25 15.43 15.48 15.45 15.00 14.98 14.75 14.72 14.49 14.55 14.39 13.68 13.59 13.35 13.22 13.07 13.10 13.39 13.09 12.68 13.30 13.25 12.97 13.20 13.22 12.94 12.66 12.41 12.79 13.17 13.29 13.15 13.07 13.19 13.79 13.83 13.73 13.68 13.96 13.90 13.95 14.11 14.46 15.05 15.12 15.05
