main/data/irradiance/31.07.2023.grid
ncols 839
nrows 679
xllcenter 112.0500
yllcenter -43.9500
cellsize 0.0500
nodata_value 99999.90
[rows 340 to 373 of 679, columns 385 to 461 of 839]
15.87 15.82 15.78 15.75 15.95 15.85 15.80 15.94 16.08 15.98 15.80 15.76 16.03 15.90 15.91 15.97 16.03 16.11 16.13 16.12 16.07 16.09 15.98 16.01 16.04 15.93 16.08 16.11 16.04 15.93 15.94 15.94 15.91 15.83 15.94 16.09 16.00 16.12 16.15 16.19 16.20 16.18 16.17 16.16 16.26 16.25 16.24 16.24 16.24 16.30 16.25 16.26 16.26 16.29 16.27 16.26 16.27 16.29 16.28 16.27 16.27 16.26 16.23 16.22 16.22 16.22 16.22 16.21 16.22 16.22 16.22 16.23 16.23 16.24 16.25 16.26 16.25
15.45 15.82 15.91 15.70 15.82 15.77 15.89 15.80 15.67 15.63 15.74 15.73 15.68 15.83 15.83 15.92 16.07 16.14 16.10 16.15 15.96 16.03 16.02 15.98 15.75 15.70 15.84 15.56 15.71 15.86 15.89 15.65 15.84 16.03 16.04 15.97 16.14 16.05 16.09 16.17 16.13 16.22 16.18 16.18 16.18 16.22 16.22 16.19 16.22 16.26 16.25 16.24 16.23 16.19 16.24 16.26 16.27 16.27 16.27 16.27 16.25 16.25 16.22 16.21 16.20 16.19 16.20 16.21 16.21 16.20 16.21 16.21 16.21 16.24 16.24 16.24 16.24
15.87 15.71 15.49 15.57 15.57 15.56 15.74 15.57 15.67 15.61 15.69 15.64 15.91 15.89 15.98 15.91 15.92 16.00 15.99 16.08 15.96 15.82 15.69 15.81 15.82 15.62 15.85 15.82 15.84 15.77 15.64 15.81 15.87 15.73 15.92 15.99 16.04 16.10 16.06 16.12 16.10 16.15 16.18 16.20 16.16 16.15 16.13 16.18 16.16 16.21 16.22 16.19 16.22 16.22 16.23 16.24 16.24 16.25 16.25 16.24 16.24 16.24 16.25 16.23 16.21 16.20 16.21 16.22 16.22 16.20 16.19 16.21 16.21 16.21 16.22 16.21 16.25
15.43 15.38 15.60 15.44 15.75 15.57 15.74 15.46 15.66 15.71 15.80 15.90 15.95 15.85 15.92 15.90 15.84 15.87 16.01 15.86 15.92 15.88 15.75 15.70 15.73 15.72 15.43 15.81 15.64 15.43 15.67 15.64 15.84 15.74 15.76 15.92 15.92 16.07 15.94 16.03 16.02 16.06 16.08 16.17 16.14 16.15 16.14 16.16 16.19 16.18 16.19 16.21 16.18 16.20 16.21 16.20 16.20 16.21 16.21 16.21 16.22 16.23 16.21 16.22 16.22 16.23 16.24 16.23 16.24 16.23 16.21 16.20 16.18 16.19 16.19 16.21 16.24
15.75 15.70 15.79 15.62 15.55 15.48 15.62 15.54 15.66 15.81 15.94 15.60 15.81 15.82 15.86 15.69 15.75 15.84 15.66 15.72 15.73 15.59 15.62 15.62 15.67 15.78 15.53 15.54 15.54 15.70 15.70 15.53 15.79 15.71 15.83 15.94 15.94 15.86 15.80 15.95 16.02 16.05 16.10 16.12 16.17 16.14 16.12 16.11 16.18 16.13 16.14 16.14 16.12 16.16 16.18 16.19 16.19 16.19 16.16 16.18 16.19 16.20 16.20 16.20 16.20 16.22 16.22 16.22 16.21 16.22 16.23 16.21 16.19 16.19 16.20 16.20 16.21
15.68 15.70 15.48 15.71 15.74 15.47 15.54 15.70 15.64 15.65 15.61 15.74 15.86 15.65 15.64 15.78 15.65 15.61 15.70 15.65 15.79 15.71 15.66 15.63 15.57 15.56 15.60 15.49 15.45 15.51 15.68 15.57 15.71 15.81 15.63 15.74 15.65 15.73 15.86 15.88 15.96 16.03 16.06 16.08 16.10 16.08 16.10 16.13 16.17 16.13 16.09 16.10 16.17 16.16 16.16 16.17 16.16 16.17 16.13 16.18 16.19 16.19 16.20 16.20 16.20 16.21 16.20 16.20 16.20 16.21 16.20 16.21 16.23 16.22 16.21 16.21 16.23
15.66 15.56 15.66 15.49 15.42 15.78 15.50 15.46 15.66 15.74 15.82 15.50 15.42 15.69 15.58 15.67 15.70 15.50 15.76 15.68 15.64 15.72 15.90 15.72 15.81 15.85 15.65 15.75 15.64 15.45 15.72 15.61 15.67 15.71 15.89 15.54 15.82 15.83 15.78 15.95 15.98 15.97 15.98 15.99 16.04 16.05 16.11 16.09 16.15 16.09 16.08 16.13 16.15 16.14 16.15 16.16 16.16 16.17 16.17 16.19 16.19 16.19 16.19 16.19 16.18 16.20 16.17 16.16 16.15 16.16 16.17 16.18 16.18 16.18 16.19 16.19 16.20
15.61 15.39 15.55 15.49 15.61 15.64 15.60 15.64 15.71 15.53 15.53 15.60 15.71 15.61 15.43 15.44 15.74 15.60 15.57 15.56 15.47 15.45 15.64 15.64 15.53 15.68 15.56 15.34 15.48 15.57 15.44 15.44 15.52 15.54 15.57 15.63 15.68 15.70 15.78 15.81 15.88 15.92 15.90 15.97 15.98 15.99 15.96 16.01 16.07 16.08 16.07 16.07 16.09 16.11 16.12 16.12 16.12 16.13 16.13 16.14 16.18 16.18 16.16 16.16 16.16 16.15 16.16 16.17 16.13 16.13 16.15 16.16 16.15 16.15 16.15 16.15 16.15
15.47 15.42 15.37 15.31 15.34 15.61 15.57 15.54 15.32 15.59 15.78 15.42 15.42 15.32 15.63 15.59 15.46 15.42 15.51 15.53 15.57 15.66 15.42 15.45 15.54 15.55 15.42 15.45 15.53 15.50 15.59 15.72 15.58 15.32 15.41 15.59 15.67 15.82 15.88 15.97 15.92 15.99 15.99 16.02 15.98 15.94 15.97 15.97 16.00 15.97 15.98 16.03 16.07 16.09 16.10 16.10 16.10 16.11 16.12 16.10 16.12 16.13 16.12 16.12 16.13 16.14 16.12 16.14 16.10 16.10 16.12 16.13 16.14 16.14 16.14 16.13 16.13
15.36 15.27 15.21 15.26 15.48 15.56 15.53 15.43 15.37 15.45 15.51 15.43 15.46 15.39 15.53 15.35 15.70 15.50 15.56 15.32 15.31 15.39 15.59 15.59 15.54 15.71 15.26 15.29 15.58 15.55 15.51 15.52 15.61 15.61 15.42 15.45 15.50 15.70 15.83 15.97 15.98 15.97 15.97 15.98 15.94 15.89 15.94 15.94 15.95 15.93 16.00 16.02 16.05 16.08 16.08 16.09 16.09 16.08 16.07 16.09 16.12 16.11 16.11 16.11 16.12 16.13 16.11 16.10 16.08 16.09 16.11 16.10 16.09 16.09 16.11 16.11 16.11
15.39 15.36 15.25 15.34 15.20 15.64 15.37 15.35 15.40 15.12 15.18 15.13 15.35 15.29 15.53 15.39 15.33 15.65 15.52 15.58 15.54 15.51 15.41 15.49 15.17 15.37 15.58 15.34 15.35 15.36 15.51 15.48 15.63 15.57 15.45 15.09 15.57 15.64 15.78 15.97 15.97 15.97 15.91 15.89 15.90 15.91 15.89 15.89 15.92 15.91 15.98 15.95 16.02 16.07 16.06 16.05 16.05 16.05 16.05 16.05 16.05 16.08 16.07 16.08 16.09 16.08 16.11 16.10 16.11 16.10 16.07 16.07 16.07 16.05 16.03 16.06 16.09
15.30 14.98 15.23 15.30 15.39 15.06 15.26 15.00 14.76 15.37 15.31 15.09 15.33 15.42 15.50 15.57 15.48 15.58 15.47 15.44 15.37 15.37 15.63 15.38 15.29 15.31 15.50 15.47 15.34 15.50 15.55 15.57 15.71 15.44 15.52 15.35 15.60 15.77 15.87 15.77 15.96 15.93 15.89 15.87 15.90 15.87 15.84 15.84 15.87 15.88 15.92 15.97 15.99 16.02 16.01 16.02 16.02 16.03 16.02 16.01 16.04 16.05 16.05 16.06 16.07 16.06 16.04 16.07 16.07 16.05 16.04 16.06 16.06 16.04 16.06 16.07 16.07
14.90 15.24 15.50 15.19 14.82 15.25 15.08 14.70 15.12 15.33 14.99 15.11 15.25 15.34 15.52 15.34 15.25 15.58 15.49 15.51 15.51 15.49 15.38 15.33 15.40 15.37 15.43 15.39 15.30 15.43 15.60 15.57 15.40 15.48 15.65 15.58 15.74 15.85 15.87 15.87 15.88 15.90 15.90 15.87 15.86 15.79 15.84 15.83 15.84 15.84 15.90 15.96 15.97 15.98 16.01 16.03 16.01 16.02 16.00 16.01 16.02 16.03 16.06 16.05 16.04 16.04 16.05 16.01 16.00 15.97 16.03 16.02 16.01 16.02 16.02 16.00 16.01
15.22 15.26 15.19 14.94 15.20 15.19 14.72 15.64 15.49 15.24 15.20 15.64 15.20 15.18 15.28 15.52 15.44 15.42 15.53 15.44 15.41 15.56 15.59 15.46 15.22 15.38 15.17 15.31 15.48 15.19 15.28 15.35 15.46 15.32 15.63 15.71 15.72 15.80 15.80 15.80 15.77 15.79 15.88 15.90 15.86 15.81 15.85 15.85 15.84 15.85 15.85 15.90 15.95 15.97 15.96 15.98 15.99 15.99 15.98 15.95 15.97 15.97 15.99 15.99 15.93 15.98 15.97 16.00 16.02 15.99 15.96 16.02 15.96 15.95 15.80 15.88 15.98
15.35 14.77 15.30 15.36 14.96 15.33 15.62 15.01 14.84 15.33 15.51 15.11 15.11 15.30 15.56 15.08 15.38 15.42 15.49 15.43 15.42 15.27 15.23 15.08 15.08 15.29 15.07 15.45 15.44 15.43 15.51 15.45 15.46 15.55 15.73 15.70 15.81 15.57 15.67 15.73 15.82 15.82 15.83 15.79 15.83 15.86 15.84 15.85 15.83 15.82 15.82 15.83 15.91 15.95 15.96 15.99 15.97 15.98 15.98 15.96 15.96 15.99 15.98 15.97 16.00 16.00 16.01 15.97 16.00 15.99 15.97 15.99 16.00 15.99 15.92 15.98 15.84
14.90 15.23 15.42 14.92 15.26 14.91 14.75 15.33 15.16 15.31 15.37 15.49 15.25 15.33 15.40 15.54 15.36 15.32 15.43 15.41 15.38 15.20 15.06 15.35 15.13 15.10 15.14 15.46 15.35 15.26 15.31 15.45 15.41 15.61 15.48 15.41 15.44 15.57 15.68 15.69 15.65 15.66 15.76 15.86 15.86 15.83 15.82 15.83 15.82 15.82 15.81 15.82 15.85 15.93 15.94 15.95 15.94 15.94 15.92 15.93 15.94 15.96 15.96 15.96 15.94 15.97 15.98 15.92 15.89 15.91 15.94 15.95 15.93 15.98 15.98 15.99 15.96
15.31 15.40 15.09 14.92 14.96 15.07 15.25 15.35 15.43 15.33 15.44 15.47 15.33 15.37 15.46 15.53 15.51 15.32 15.16 15.44 15.41 15.26 15.28 14.97 15.29 15.01 15.48 15.05 15.02 15.14 15.37 15.43 15.42 15.57 15.60 15.55 15.58 15.57 15.56 15.61 15.75 15.78 15.72 15.79 15.81 15.81 15.80 15.81 15.83 15.81 15.79 15.78 15.78 15.83 15.86 15.86 15.89 15.93 15.94 15.93 15.93 15.93 15.93 15.92 15.90 15.92 15.94 15.92 15.83 15.84 15.87 15.91 15.90 15.93 15.94 15.97 15.94
15.27 15.19 14.58 15.00 15.04 15.24 15.05 15.51 15.19 15.08 15.60 15.60 15.35 15.35 15.47 15.40 15.54 15.62 15.30 15.50 15.31 15.23 14.99 15.11 15.09 15.37 15.04 15.23 15.33 15.13 15.40 15.35 15.36 15.47 15.43 15.48 15.61 15.63 15.68 15.59 15.74 15.72 15.58 15.74 15.73 15.79 15.79 15.82 15.80 15.80 15.77 15.76 15.79 15.78 15.80 15.84 15.87 15.89 15.90 15.88 15.88 15.90 15.90 15.89 15.90 15.89 15.90 15.93 15.94 15.77 15.88 15.86 15.89 15.88 15.93 15.93 15.91
15.01 15.20 15.10 15.35 15.20 15.34 15.51 15.03 15.17 15.51 15.54 15.15 15.42 15.12 15.11 15.46 15.32 15.22 15.28 15.52 15.15 15.08 15.16 15.39 15.39 15.34 15.42 15.22 15.30 15.29 15.38 15.55 15.51 15.45 15.32 15.56 15.51 15.66 15.56 15.51 15.35 15.41 15.56 15.63 15.70 15.72 15.73 15.75 15.75 15.75 15.75 15.75 15.75 15.77 15.82 15.86 15.86 15.88 15.87 15.85 15.87 15.89 15.88 15.90 15.90 15.87 15.87 15.91 15.91 15.86 15.82 15.77 15.69 15.68 15.75 15.75 15.74
15.27 15.33 15.42 15.21 15.44 15.59 15.20 15.37 15.52 15.43 15.30 15.31 15.29 15.26 15.03 15.30 15.18 15.16 15.50 15.12 15.39 15.23 15.45 15.31 15.21 15.33 14.79 15.21 15.42 15.05 15.48 15.21 15.25 15.23 15.51 15.47 15.48 15.61 15.56 15.44 15.46 15.45 15.24 15.62 15.63 15.67 15.68 15.74 15.76 15.74 15.74 15.71 15.74 15.75 15.79 15.82 15.82 15.85 15.88 15.84 15.82 15.85 15.90 15.88 15.88 15.88 15.87 15.88 15.90 15.89 15.88 15.81 15.71 15.69 15.70 15.74 15.77
15.36 15.59 15.33 15.37 15.63 15.49 15.30 15.32 15.07 15.34 15.39 15.30 15.32 15.43 15.23 15.37 15.27 15.29 14.96 15.17 14.99 15.36 15.07 15.21 15.14 15.09 15.14 15.16 15.28 15.43 15.50 15.29 15.24 15.49 15.53 15.61 15.35 15.53 15.35 15.59 15.32 15.40 15.43 15.47 15.50 15.61 15.70 15.74 15.75 15.73 15.72 15.73 15.74 15.75 15.76 15.78 15.78 15.85 15.87 15.86 15.85 15.86 15.88 15.87 15.87 15.85 15.86 15.85 15.86 15.87 15.87 15.87 15.86 15.78 15.73 15.68 15.76
15.64 15.38 15.57 15.67 15.40 15.31 15.60 15.37 15.42 15.52 15.39 15.20 15.17 15.06 15.39 15.13 15.23 15.16 15.20 15.46 15.50 15.24 15.51 15.20 15.36 15.30 15.13 15.37 15.27 15.46 15.18 15.36 15.48 15.17 15.32 15.32 15.49 15.36 15.54 15.57 15.46 15.38 15.47 15.50 15.57 15.59 15.68 15.72 15.72 15.70 15.72 15.72 15.73 15.76 15.76 15.78 15.79 15.81 15.81 15.84 15.81 15.79 15.83 15.87 15.89 15.85 15.84 15.83 15.84 15.84 15.85 15.85 15.85 15.85 15.86 15.76 15.73
15.61 15.58 15.62 15.55 15.48 15.54 15.43 15.51 15.63 15.49 15.51 15.46 15.37 15.60 15.58 15.43 15.50 15.44 15.37 15.46 15.05 15.18 15.18 15.52 15.14 15.48 14.95 15.30 15.24 15.40 15.52 15.44 15.40 15.57 15.50 15.48 15.38 15.31 15.57 15.28 15.38 15.54 15.41 15.43 15.52 15.65 15.62 15.68 15.68 15.70 15.72 15.71 15.74 15.75 15.76 15.75 15.76 15.79 15.79 15.79 15.79 15.73 15.74 15.81 15.85 15.82 15.83 15.84 15.83 15.82 15.81 15.82 15.82 15.83 15.83 15.83 15.79
15.52 15.58 15.47 15.53 15.53 15.43 15.55 15.46 15.42 15.47 15.35 15.36 15.46 15.48 15.50 15.35 15.43 15.27 15.57 15.41 15.37 15.54 15.45 14.97 15.37 15.33 15.33 15.20 15.44 15.29 15.49 15.44 15.41 15.39 15.62 15.15 15.44 15.41 15.24 15.13 15.53 15.43 15.50 15.42 15.48 15.58 15.62 15.62 15.63 15.69 15.70 15.73 15.73 15.73 15.74 15.74 15.74 15.74 15.75 15.74 15.70 15.70 15.75 15.79 15.79 15.82 15.81 15.83 15.81 15.80 15.79 15.78 15.79 15.80 15.80 15.81 15.81
15.52 15.63 15.62 15.58 15.60 15.59 15.56 15.51 15.47 15.47 15.56 15.49 15.54 15.49 15.57 15.59 15.58 15.52 15.30 15.58 15.37 15.42 15.38 15.55 15.38 15.30 15.20 15.54 15.27 15.31 15.44 15.61 15.49 15.39 15.31 15.61 15.44 15.32 15.29 15.29 15.41 15.55 15.50 15.39 15.45 15.61 15.62 15.66 15.67 15.68 15.69 15.69 15.70 15.71 15.71 15.71 15.71 15.71 15.72 15.71 15.70 15.72 15.72 15.70 15.72 15.78 15.79 15.79 15.78 15.78 15.77 15.79 15.78 15.78 15.79 15.78 15.79
15.61 15.60 15.59 15.57 15.59 15.56 15.55 15.57 15.47 15.57 15.46 15.47 15.48 15.57 15.48 15.55 15.61 15.38 15.48 15.48 15.56 15.37 15.24 15.05 15.30 15.39 15.55 15.32 15.56 15.55 15.40 15.37 15.55 15.38 15.46 15.44 15.49 15.51 15.25 15.39 15.55 15.40 15.51 15.37 15.56 15.50 15.60 15.64 15.64 15.63 15.63 15.62 15.64 15.64 15.65 15.64 15.66 15.69 15.69 15.69 15.68 15.71 15.67 15.70 15.69 15.77 15.77 15.78 15.77 15.77 15.75 15.76 15.76 15.77 15.78 15.77 15.77
15.58 15.59 15.57 15.55 15.56 15.60 15.58 15.54 15.59 15.50 15.48 15.57 15.56 15.46 15.56 15.55 15.45 15.59 15.58 15.54 15.47 15.54 15.46 15.52 15.51 15.53 15.49 15.45 15.51 15.54 15.54 15.55 15.47 15.54 15.53 15.45 15.52 15.43 15.54 15.44 15.39 15.40 15.45 15.40 15.47 15.58 15.56 15.60 15.62 15.63 15.59 15.60 15.61 15.62 15.62 15.64 15.64 15.65 15.65 15.65 15.68 15.64 15.65 15.67 15.76 15.73 15.73 15.74 15.75 15.75 15.74 15.76 15.77 15.75 15.75 15.74 15.76
15.57 15.55 15.54 15.54 15.53 15.53 15.55 15.55 15.53 15.53 15.55 15.55 15.58 15.56 15.54 15.59 15.52 15.52 15.54 15.59 15.51 15.56 15.49 15.28 15.52 15.56 15.49 15.41 15.53 15.55 15.52 15.42 15.57 15.44 15.44 15.51 15.39 15.41 15.37 15.43 15.39 15.39 15.37 15.33 15.43 15.55 15.55 15.58 15.58 15.60 15.59 15.59 15.58 15.59 15.60 15.60 15.59 15.65 15.62 15.62 15.61 15.62 15.62 15.68 15.68 15.69 15.69 15.71 15.72 15.72 15.72 15.72 15.72 15.71 15.71 15.72 15.71
15.57 15.53 15.50 15.56 15.55 15.56 15.54 15.54 15.52 15.54 15.55 15.54 15.55 15.54 15.55 15.55 15.57 15.54 15.56 15.60 15.60 15.58 15.55 15.53 15.45 15.45 15.52 15.50 15.48 15.46 15.45 15.52 15.39 15.46 15.49 15.49 15.35 15.46 15.50 15.22 15.49 15.37 15.33 15.49 15.54 15.47 15.56 15.57 15.56 15.57 15.60 15.60 15.59 15.61 15.60 15.60 15.64 15.64 15.65 15.61 15.66 15.63 15.62 15.66 15.65 15.67 15.68 15.68 15.69 15.70 15.70 15.70 15.70 15.69 15.68 15.69 15.69
15.55 15.53 15.55 15.55 15.55 15.54 15.53 15.53 15.53 15.54 15.54 15.55 15.54 15.55 15.56 15.56 15.57 15.60 15.57 15.57 15.56 15.56 15.52 15.55 15.54 15.53 15.54 15.55 15.54 15.56 15.54 15.56 15.55 15.48 15.47 15.52 15.33 15.37 15.36 15.42 15.40 15.49 15.36 15.14 15.50 15.49 15.55 15.54 15.56 15.58 15.60 15.59 15.58 15.58 15.60 15.59 15.60 15.62 15.62 15.64 15.61 15.61 15.61 15.61 15.53 15.62 15.69 15.68 15.66 15.67 15.68 15.69 15.68 15.68 15.67 15.67 15.68
15.51 15.51 15.51 15.50 15.51 15.52 15.52 15.49 15.50 15.50 15.49 15.50 15.50 15.52 15.53 15.52 15.58 15.54 15.51 15.52 15.53 15.50 15.53 15.53 15.50 15.54 15.53 15.52 15.51 15.50 15.54 15.50 15.53 15.52 15.48 15.34 15.37 15.45 15.38 15.39 15.38 15.44 15.33 15.47 15.31 15.49 15.48 15.50 15.51 15.53 15.56 15.57 15.57 15.58 15.58 15.58 15.57 15.60 15.59 15.61 15.61 15.56 15.56 15.60 15.58 15.63 15.65 15.65 15.65 15.66 15.67 15.67 15.67 15.67 15.66 15.66 15.65
15.49 15.48 15.49 15.50 15.52 15.52 15.51 15.50 15.49 15.50 15.51 15.49 15.50 15.51 15.52 15.53 15.53 15.53 15.53 15.52 15.51 15.52 15.50 15.51 15.51 15.53 15.54 15.51 15.51 15.50 15.51 15.49 15.50 15.49 15.51 15.46 15.46 15.40 15.45 15.47 15.47 15.44 15.47 15.34 15.47 15.45 15.48 15.50 15.51 15.52 15.54 15.54 15.56 15.57 15.54 15.54 15.56 15.57 15.60 15.62 15.60 15.58 15.59 15.60 15.64 15.64 15.64 15.64 15.62 15.64 15.63 15.65 15.66 15.64 15.61 15.59 15.61
15.46 15.46 15.46 15.47 15.47 15.47 15.48 15.49 15.48 15.48 15.50 15.50 15.50 15.47 15.50 15.51 15.51 15.51 15.53 15.52 15.51 15.49 15.48 15.45 15.48 15.48 15.48 15.46 15.47 15.47 15.46 15.47 15.49 15.51 15.50 15.48 15.47 15.42 15.50 15.45 15.47 15.49 15.45 15.46 15.41 15.40 15.44 15.46 15.49 15.51 15.51 15.52 15.53 15.54 15.56 15.53 15.54 15.58 15.57 15.58 15.58 15.58 15.59 15.56 15.55 15.60 15.60 15.59 15.61 15.60 15.63 15.62 15.45 15.49 15.46 15.44 15.55
15.43 15.45 15.44 15.45 15.45 15.46 15.45 15.45 15.46 15.47 15.47 15.47 15.46 15.48 15.46 15.49 15.49 15.48 15.49 15.49 15.48 15.46 15.47 15.47 15.46 15.48 15.47 15.46 15.44 15.42 15.44 15.46 15.46 15.46 15.47 15.47 15.44 15.46 15.49 15.47 15.48 15.48 15.45 15.48 15.47 15.44 15.43 15.44 15.48 15.49 15.47 15.51 15.50 15.51 15.52 15.53 15.53 15.56 15.56 15.56 15.55 15.58 15.57 15.57 15.58 15.57 15.57 15.57 15.58 15.59 15.55 15.59 15.51 15.47 15.41 15.42 15.31
