main/data/irradiance/31.01.2023.grid
ncols 839
nrows 679
xllcenter 112.0500
yllcenter -43.9500
cellsize 0.0500
nodata_value 99999.90
[rows 510 to 543 of 679, columns 539 to 615 of 839]
29.50 29.26 29.26 29.17 29.17 29.51 28.88 28.88 28.89 29.14 29.58 28.86 29.35 29.19 29.24 29.24 29.32 29.34 29.42 29.19 28.85 29.06 29.18 29.01 29.07 29.29 29.40 29.40 29.45 29.44 29.43 29.40 29.40 29.39 29.40 29.44 29.44 29.37 29.36 29.37 29.36 29.42 29.39 29.39 29.41 29.44 29.44 29.44 29.41 29.40 29.40 29.39 29.37 29.44 29.43 29.43 29.41 29.42 29.47 29.42 29.40 29.32 29.39 29.39 29.39 29.41 29.36 28.49 29.29 29.32 28.49 28.55 28.13 28.44 28.89 28.32 28.09
29.50 29.50 29.56 29.36 29.51 29.51 28.88 28.88 29.36 29.35 29.19 29.35 29.07 28.99 29.04 29.25 29.13 29.21 29.09 28.95 28.55 28.90 29.30 29.14 29.01 28.93 29.21 29.41 29.41 29.40 29.41 29.39 29.38 29.35 29.40 29.39 29.40 29.36 29.35 29.35 29.41 29.43 29.38 29.36 29.36 29.40 29.39 29.40 29.42 29.41 29.39 29.38 29.44 29.42 29.43 29.42 29.42 29.42 29.45 29.39 29.35 29.31 29.21 29.38 29.40 29.36 28.95 28.36 27.93 28.25 27.79 28.39 28.19 28.15 28.68 27.82 28.34
29.50 29.50 29.56 29.46 29.57 29.57 29.54 29.54 29.40 29.28 28.99 29.06 29.32 29.31 29.13 29.22 29.32 29.24 28.90 29.15 29.22 29.30 29.03 28.63 28.91 29.32 29.40 29.40 29.39 29.38 29.38 29.39 29.40 29.35 29.43 29.38 29.42 29.41 29.41 29.39 29.36 29.37 29.38 29.37 29.40 29.40 29.41 29.41 29.40 29.39 29.37 29.37 29.44 29.39 29.43 29.42 29.42 29.44 29.45 29.44 28.99 29.13 29.19 29.26 29.16 29.10 29.04 28.01 28.49 28.35 27.83 28.34 27.74 27.85 28.11 28.97 28.41
29.50 29.50 29.46 29.46 29.57 29.57 29.29 29.29 29.24 29.15 29.01 28.97 28.94 28.80 28.86 28.91 28.99 29.14 29.28 28.91 28.91 28.97 29.03 28.77 28.89 29.34 29.37 29.38 29.40 29.40 29.38 29.37 29.41 29.38 29.43 29.43 29.39 29.40 29.43 29.40 29.37 29.41 29.38 29.39 29.38 29.42 29.40 29.40 29.41 29.39 29.39 29.38 29.43 29.43 29.42 29.37 29.38 29.42 29.43 29.14 28.68 28.24 28.70 28.40 28.71 28.19 27.94 28.75 27.39 28.08 28.05 28.23 27.12 27.81 27.81 28.94 28.72
29.50 29.46 29.46 29.46 29.57 29.04 29.04 29.56 29.08 28.92 28.84 28.92 29.00 28.89 29.00 29.36 29.28 29.20 28.99 28.98 29.17 29.07 29.11 29.24 29.24 29.28 29.36 29.36 29.38 29.38 29.37 29.34 29.39 29.41 29.40 29.39 29.39 29.11 29.21 29.34 29.35 29.34 29.37 29.34 29.35 29.35 29.39 29.43 29.39 29.37 29.36 29.33 29.38 29.41 29.39 29.35 29.03 29.34 29.36 29.37 28.67 28.20 27.54 28.29 28.19 28.45 27.95 28.95 27.97 27.39 28.06 27.39 27.46 28.02 28.14 27.97 28.58
29.50 29.46 29.46 29.46 29.04 29.04 29.04 29.39 29.00 28.93 28.89 28.81 28.69 28.52 28.75 29.22 29.38 29.17 29.16 29.04 29.21 29.03 29.11 29.12 28.81 29.26 29.33 29.35 29.27 29.38 29.30 29.42 29.43 29.41 29.39 29.39 29.34 29.34 29.34 29.39 29.40 29.43 29.36 29.43 29.39 29.40 29.41 29.38 29.40 29.39 29.38 29.37 29.38 29.39 29.38 29.35 29.12 27.92 27.79 28.71 28.01 27.73 27.98 28.22 27.79 27.79 27.88 28.03 27.98 27.65 27.94 27.24 27.71 28.09 28.26 28.60 28.35
29.46 29.46 29.46 29.04 29.04 29.04 29.39 29.39 29.00 28.85 28.89 28.80 28.65 28.67 28.79 29.26 29.27 29.17 29.35 29.25 29.52 29.27 29.10 28.98 29.13 29.28 29.30 29.35 29.37 29.36 29.40 29.39 29.40 29.40 29.39 29.02 28.67 29.16 29.19 29.34 29.38 29.38 29.38 29.42 29.37 29.44 29.39 29.38 29.34 29.36 29.41 29.37 29.39 29.36 29.38 28.63 27.59 27.41 27.49 28.18 27.94 28.15 27.87 27.48 26.96 27.27 27.93 26.74 27.18 27.67 28.64 27.86 27.64 27.90 27.81 28.75 28.21
29.46 29.46 29.04 29.04 29.04 29.39 29.39 29.39 28.85 28.85 29.02 28.97 28.77 28.78 28.72 29.00 29.21 28.86 28.82 28.91 29.36 29.47 29.27 29.18 29.35 29.36 29.30 29.29 29.32 29.32 29.38 29.39 29.38 29.37 29.36 29.08 28.74 29.09 29.27 29.46 29.33 29.25 29.04 28.71 29.37 29.40 29.36 29.04 29.07 29.43 29.41 29.38 29.39 29.38 29.38 29.38 29.01 28.38 27.89 27.97 28.06 27.81 27.50 27.41 26.59 26.68 27.29 27.88 27.64 27.78 26.95 27.33 27.42 27.35 28.05 28.14 28.72
29.46 29.46 29.04 29.04 29.39 29.39 29.39 28.85 28.85 29.02 29.02 28.95 28.98 28.93 28.94 29.04 28.98 29.16 29.01 28.97 28.75 29.24 29.42 29.12 29.04 29.42 29.17 29.18 29.34 29.10 28.82 29.04 28.84 28.89 28.99 28.74 28.88 28.81 29.04 29.24 28.61 28.67 29.23 29.29 29.10 28.99 29.31 29.37 29.35 29.39 29.38 29.40 29.40 29.36 29.35 29.35 29.30 29.12 28.00 27.16 26.64 27.15 27.48 27.51 27.12 27.48 27.42 27.83 28.19 27.20 27.11 27.20 27.70 27.36 27.66 27.97 28.79
29.46 29.04 29.04 29.39 29.39 29.39 29.39 28.85 29.02 29.02 28.95 28.95 28.75 29.00 29.24 29.21 29.32 29.20 28.78 28.99 28.75 29.08 29.40 29.28 29.16 29.45 29.36 28.98 29.26 29.09 28.97 28.65 28.51 28.97 28.87 28.55 28.72 28.78 28.51 28.47 29.03 28.99 28.85 28.46 29.09 28.93 29.10 29.13 28.55 29.17 29.38 29.08 28.89 28.90 28.86 28.47 28.42 29.12 28.00 28.22 27.31 27.00 27.02 27.44 27.61 27.52 27.56 27.55 27.52 27.00 27.22 27.42 27.67 27.77 27.82 27.68 28.39
29.04 29.04 29.39 29.39 29.39 29.39 28.85 29.02 29.02 28.95 28.95 28.75 28.75 28.91 29.31 29.26 29.32 29.11 28.99 29.18 28.85 28.70 28.89 28.86 28.90 29.03 28.93 29.25 29.16 28.71 28.96 28.63 28.61 28.51 28.60 28.57 28.77 28.61 28.44 28.90 28.92 28.77 28.83 28.57 28.78 28.57 28.42 28.67 28.87 28.68 28.43 27.75 27.50 27.30 27.50 28.25 27.45 28.61 28.61 28.22 28.36 27.51 27.37 28.11 28.03 28.10 26.83 27.12 27.70 26.98 27.51 27.10 28.15 27.70 28.04 27.76 28.14
29.04 29.39 29.39 29.39 29.39 29.39 29.02 29.02 28.95 28.95 28.75 28.94 28.94 28.94 29.04 28.98 29.12 29.12 29.25 29.18 29.22 29.13 29.20 29.21 29.31 29.02 28.89 29.06 29.13 29.02 29.00 28.78 28.67 28.59 28.66 28.73 28.66 28.82 28.40 28.54 28.78 28.70 28.11 28.62 28.43 28.30 28.73 28.52 28.13 27.46 27.58 27.41 26.80 27.41 27.22 27.33 27.42 27.91 27.91 28.36 28.36 27.11 27.60 27.43 28.06 28.20 27.14 27.27 27.66 27.56 27.12 27.08 27.37 27.86 27.83 27.82 27.92
29.39 29.39 29.39 29.39 29.39 29.02 29.02 28.95 28.95 28.94 28.94 28.94 28.94 28.94 29.08 29.08 29.23 29.15 29.19 29.00 28.96 29.01 29.10 29.23 29.33 29.22 29.10 29.30 29.17 29.03 28.92 28.88 28.58 28.58 28.66 28.34 28.70 28.71 28.26 28.19 28.13 28.90 28.84 28.68 28.33 28.42 27.93 27.88 27.92 28.05 27.97 28.45 27.85 27.87 27.45 27.24 27.26 27.42 27.82 27.82 27.73 27.68 27.38 27.09 27.42 27.37 26.96 27.07 27.76 27.74 27.67 27.64 27.58 27.36 28.27 28.09 27.14
29.39 29.39 29.39 29.39 29.02 29.02 28.95 28.94 28.94 28.94 28.94 28.94 29.06 29.06 29.06 29.04 29.06 29.06 29.24 29.28 29.10 29.01 29.06 29.27 29.03 29.06 29.45 29.26 28.94 29.02 29.03 29.07 28.93 28.67 28.84 27.87 28.30 28.55 28.54 28.65 28.66 28.74 28.19 28.42 28.28 27.89 27.94 27.95 27.81 28.04 27.94 28.38 28.27 28.01 27.50 26.98 27.37 27.53 28.09 28.13 27.59 27.40 26.98 27.58 27.79 27.55 27.33 27.27 27.74 27.40 27.97 27.64 27.52 27.43 27.83 27.61 27.09
29.39 29.39 29.39 29.39 29.02 28.95 28.94 28.94 28.94 28.94 29.18 29.18 29.18 29.18 29.18 29.00 29.11 29.01 29.07 29.05 29.24 29.27 29.06 29.00 28.77 28.74 29.02 28.67 29.05 28.84 29.16 29.39 29.11 28.68 28.87 28.66 28.54 28.61 28.37 28.47 28.35 28.40 28.15 28.28 28.12 28.24 27.78 28.32 28.04 27.86 27.97 27.78 27.70 27.95 27.86 26.97 27.82 27.92 28.01 27.46 28.28 27.66 27.05 27.13 27.35 27.60 27.27 27.50 28.23 27.88 28.18 27.93 27.76 27.79 28.10 28.26 27.64
29.39 29.39 29.39 29.02 28.94 28.94 28.94 29.18 29.18 29.18 29.18 29.18 29.18 29.18 29.18 28.63 28.74 28.99 29.14 28.82 29.16 29.10 29.10 28.81 28.73 28.72 28.78 28.85 28.90 28.55 28.85 28.93 28.76 28.67 28.44 28.75 27.98 28.16 27.93 27.69 27.59 28.02 27.42 27.38 28.11 28.14 27.18 28.03 28.17 28.07 28.12 28.10 28.00 27.85 27.90 27.72 27.06 27.70 27.03 27.43 28.24 27.48 27.28 27.49 27.41 27.49 27.72 27.46 27.94 27.42 27.91 27.87 27.53 27.51 27.81 27.33 27.67
28.85 29.02 29.02 28.94 29.18 29.18 29.18 29.18 29.18 29.18 29.18 29.18 29.18 28.38 28.38 28.38 28.64 28.83 29.11 28.83 28.83 28.95 29.12 28.97 28.57 28.62 28.65 28.83 28.89 28.57 28.46 28.41 28.31 28.46 28.44 28.12 27.18 26.88 27.32 27.40 27.75 27.28 27.45 27.30 27.23 27.32 26.50 27.40 28.07 28.54 28.37 27.79 28.55 28.44 28.49 27.90 27.64 27.03 27.60 28.11 27.90 27.02 27.42 26.97 27.09 27.47 26.71 26.77 27.44 27.33 27.25 27.46 27.28 27.01 27.54 27.36 27.35
29.02 29.02 28.95 28.94 29.18 29.18 29.18 29.18 29.18 29.18 29.18 28.46 28.46 28.46 28.46 28.46 28.65 28.50 28.90 28.96 28.83 28.72 28.91 29.17 28.89 28.64 28.51 28.48 28.81 28.63 28.76 28.88 28.38 28.46 28.34 27.73 28.21 27.63 27.53 26.90 27.81 27.72 27.34 27.05 27.42 27.47 27.35 27.79 27.80 28.13 28.03 27.98 28.27 28.01 28.12 28.42 28.12 27.56 28.45 27.72 27.58 27.07 27.66 26.91 26.68 26.99 27.51 27.41 27.70 27.19 27.61 26.73 27.35 27.45 27.59 26.63 27.31
99999.90 28.95 28.95 28.94 29.18 29.18 29.18 29.18 28.46 28.46 28.46 28.46 28.46 28.46 28.46 28.46 28.45 28.57 28.76 28.85 28.98 28.70 28.60 28.80 28.65 28.58 28.67 28.79 28.43 28.53 28.66 28.49 28.96 28.62 28.54 28.78 28.63 28.26 28.64 28.10 28.05 28.12 28.10 28.06 27.72 27.71 27.82 28.12 27.94 27.89 28.32 28.08 28.10 28.58 28.63 28.97 29.08 28.86 28.92 28.68 28.35 28.23 27.18 26.95 26.87 27.00 27.20 27.36 27.77 26.97 26.77 26.75 27.31 27.28 27.24 27.41 27.23
99999.90 99999.90 28.75 28.94 29.18 28.46 28.46 28.46 28.46 28.46 28.46 28.46 28.46 28.46 28.46 28.45 28.45 28.30 28.73 28.73 28.88 28.95 28.67 28.65 28.82 28.68 28.74 28.60 28.43 28.32 28.49 28.95 28.62 28.49 28.50 28.41 28.42 28.48 28.83 29.10 29.28 29.24 29.10 28.80 28.90 29.09 29.18 29.00 29.25 29.05 29.16 29.22 29.19 29.12 29.29 29.28 29.22 29.35 29.31 29.29 29.37 29.15 27.39 27.00 26.87 26.82 26.78 27.45 27.76 27.43 27.07 26.45 27.34 27.53 27.43 27.39 26.93
99999.90 99999.90 99999.90 28.94 29.18 28.46 28.46 28.46 28.46 28.46 28.46 28.46 28.46 28.46 28.45 28.56 28.56 28.56 28.39 28.82 28.67 28.64 28.82 28.74 28.72 28.50 28.76 28.50 28.43 28.17 28.46 28.61 28.39 28.62 28.55 28.53 28.12 28.61 28.85 29.15 29.23 29.26 29.27 29.21 29.09 28.90 29.30 29.29 29.28 29.27 29.25 29.25 29.28 29.30 29.30 29.29 29.29 29.30 29.31 29.37 29.14 28.69 27.96 26.95 27.55 27.05 27.11 27.75 27.99 27.67 27.13 27.55 27.65 27.34 27.45 26.93 27.88
99999.90 99999.90 99999.90 28.94 29.18 28.46 28.46 28.46 28.46 28.46 28.46 28.46 28.46 27.96 27.96 27.96 27.96 27.96 28.26 28.54 28.71 28.39 28.53 28.58 28.62 28.40 28.60 28.39 28.27 28.13 28.36 28.58 28.83 28.73 28.54 28.65 28.76 28.57 28.94 29.01 29.17 29.25 29.27 29.25 29.19 28.76 29.23 29.27 29.26 29.25 29.26 29.20 29.25 29.24 29.23 29.25 29.14 28.62 28.91 28.89 28.85 28.69 28.22 27.76 27.27 27.28 26.78 27.57 28.19 27.73 27.45 27.13 27.09 27.51 27.51 27.22 27.33
99999.90 99999.90 99999.90 99999.90 29.18 28.46 28.46 28.46 28.46 28.46 28.46 27.96 27.96 27.96 27.96 27.96 27.96 27.96 28.30 28.08 28.47 28.40 28.33 28.31 28.80 28.49 28.44 28.87 28.93 28.28 27.75 28.28 28.77 28.76 28.64 28.87 28.75 28.78 28.81 28.96 29.07 29.12 29.02 28.98 28.94 28.69 28.87 28.68 28.63 28.79 28.42 28.21 27.97 28.08 27.39 28.48 28.19 27.50 26.35 27.84 28.45 28.57 28.04 28.01 28.12 27.37 26.81 27.69 27.95 28.00 27.77 27.59 28.46 28.26 27.11 27.36 27.69
99999.90 99999.90 99999.90 99999.90 29.18 26.97 26.97 26.97 26.97 26.97 26.97 27.96 27.96 27.96 27.96 27.96 27.90 27.90 27.90 27.03 27.91 28.08 28.73 28.30 28.35 28.76 28.64 28.61 28.79 28.86 28.45 28.34 28.18 28.77 28.57 28.41 28.01 28.03 28.49 28.01 28.86 28.36 28.75 28.43 28.20 28.82 28.40 27.99 28.34 27.90 28.69 27.61 27.89 27.78 28.61 28.28 26.66 27.50 27.56 27.91 28.17 27.28 27.29 27.98 28.66 28.20 27.44 27.77 28.19 28.51 27.92 27.09 27.84 27.67 27.38 28.02 27.64
99999.90 99999.90 99999.90 99999.90 29.18 26.97 26.97 26.97 26.97 26.97 26.97 26.97 26.97 26.97 27.83 27.83 27.83 27.83 27.83 27.25 27.39 28.08 28.39 27.75 28.32 28.91 28.43 28.54 28.55 28.47 28.64 28.24 27.99 28.48 28.53 28.28 28.16 28.27 28.34 28.03 27.97 28.16 28.19 28.36 28.33 28.59 29.02 28.58 28.34 28.47 28.76 28.37 28.22 28.61 28.54 28.14 27.92 27.16 26.26 26.75 27.65 28.07 28.16 28.62 28.91 28.17 27.72 27.48 26.62 27.39 27.75 27.33 28.13 27.27 27.66 28.08 28.07
99999.90 99999.90 99999.90 99999.90 99999.90 26.97 26.97 26.97 26.97 26.97 26.97 26.97 26.97 26.97 26.97 25.78 26.80 26.80 26.80 27.14 27.03 28.04 27.97 27.60 28.25 28.34 28.40 28.11 28.73 28.60 28.61 28.42 27.97 28.36 28.36 28.02 28.01 28.06 27.84 28.22 28.51 28.67 28.97 28.87 28.64 28.92 29.10 28.72 28.92 28.55 28.16 28.99 28.54 28.76 29.04 28.56 27.73 27.74 27.59 27.63 27.60 28.27 28.28 28.27 28.25 28.05 27.47 27.88 27.19 27.23 27.91 27.49 27.80 27.97 28.10 28.33 28.25
99999.90 99999.90 99999.90 99999.90 99999.90 26.97 26.97 26.97 26.97 26.97 26.97 26.97 26.97 26.97 26.97 26.97 25.78 26.63 26.63 26.43 26.33 27.90 27.51 27.33 27.72 28.05 28.11 28.10 28.29 28.57 28.42 28.10 27.57 27.55 28.11 28.02 27.87 27.51 27.85 27.92 28.04 28.43 28.33 28.54 28.54 28.64 28.71 28.44 28.85 28.57 28.14 29.07 29.04 28.77 28.96 28.87 28.93 28.06 27.39 27.53 27.47 28.12 27.74 27.86 28.24 27.91 28.24 28.02 27.91 28.30 27.70 27.96 28.03 27.78 27.89 28.01 28.25
99999.90 99999.90 99999.90 99999.90 99999.90 26.97 26.97 26.97 26.97 26.97 26.97 26.97 26.97 26.97 26.97 26.97 25.78 25.78 26.07 26.11 26.38 27.25 27.60 27.05 27.09 27.76 27.38 28.07 27.83 28.43 28.64 28.47 28.13 27.37 27.54 27.94 27.63 27.39 27.45 27.65 27.71 27.86 27.94 28.21 28.47 28.37 28.56 28.86 28.53 28.55 28.03 28.46 28.70 28.61 28.94 29.07 28.57 27.74 28.05 28.03 27.94 28.04 27.86 27.94 27.68 28.06 27.90 28.63 29.19 29.06 28.58 28.15 28.41 28.40 28.25 28.36 28.44
99999.90 99999.90 99999.90 99999.90 99999.90 26.97 26.97 26.97 26.97 26.97 26.97 26.97 26.97 26.97 26.97 26.97 26.69 25.96 26.40 26.08 25.96 26.57 26.72 27.00 26.58 27.34 27.14 27.28 28.25 28.20 28.39 28.57 28.00 27.83 28.03 27.92 27.24 27.41 27.44 27.31 27.47 27.83 27.91 28.10 28.31 28.52 28.25 28.68 28.37 28.75 28.55 28.91 28.94 28.44 29.14 29.14 28.87 28.27 27.47 28.08 28.01 27.76 28.00 28.09 27.25 27.80 28.23 28.52 29.16 29.17 28.94 28.30 28.15 28.43 28.11 28.00 28.50
99999.90 99999.90 99999.90 99999.90 99999.90 27.95 27.95 27.95 27.95 27.95 27.95 27.95 27.95 27.95 27.95 27.95 27.29 26.52 26.91 26.59 26.10 26.35 26.29 26.56 26.05 27.12 27.35 26.59 28.05 28.50 28.27 28.07 28.18 27.89 27.42 27.96 27.38 27.30 27.41 27.07 27.33 27.64 28.02 27.82 27.83 28.27 28.44 28.67 28.50 28.64 28.36 28.54 28.57 28.57 29.15 28.23 28.63 28.23 28.19 28.95 28.42 28.34 28.77 28.31 27.79 27.61 28.46 29.10 29.19 29.16 29.08 28.57 28.69 28.79 28.82 28.84 28.48
99999.90 99999.90 99999.90 99999.90 99999.90 27.26 27.26 27.26 27.26 27.26 27.26 27.26 27.26 27.26 27.26 27.26 27.43 26.92 26.93 26.34 25.90 25.84 25.76 26.40 26.30 26.30 27.35 26.56 27.55 28.37 28.45 27.89 28.09 27.72 27.68 27.61 27.52 27.18 26.98 26.77 26.77 26.76 27.18 27.62 27.95 28.28 28.33 28.44 28.66 28.46 28.65 28.40 28.29 28.49 28.32 28.00 28.97 28.69 28.36 28.52 28.24 28.72 29.09 28.84 28.06 28.34 28.61 28.93 29.14 29.16 29.17 28.57 28.77 28.78 28.84 28.97 28.88
99999.90 99999.90 99999.90 99999.90 99999.90 27.26 27.26 27.26 27.26 27.26 27.26 27.26 27.26 27.26 27.26 27.26 27.57 26.88 26.48 26.35 26.08 26.05 25.81 26.19 26.34 25.32 27.15 27.06 27.10 28.03 28.21 28.45 27.89 27.54 27.63 27.19 27.23 27.19 26.91 26.91 27.06 26.96 27.69 28.16 28.23 27.79 28.02 28.65 28.76 28.99 28.90 28.55 28.34 28.48 28.35 28.30 28.42 28.41 28.22 28.36 28.44 29.03 29.17 29.00 28.85 28.84 29.05 29.17 29.17 29.13 29.16 28.82 28.77 28.32 28.78 28.98 28.88
99999.90 99999.90 99999.90 99999.90 99999.90 27.26 27.26 27.26 27.26 27.26 27.26 27.26 27.26 27.26 26.45 26.45 26.45 26.69 27.14 26.29 26.33 25.10 25.14 25.99 25.72 25.41 26.83 27.90 27.22 27.95 28.01 28.21 28.14 27.70 27.02 26.74 26.75 27.14 26.60 26.54 26.88 27.19 27.57 28.53 28.38 28.23 28.27 28.60 28.27 28.68 28.28 28.60 28.39 28.00 28.19 28.30 28.40 28.59 28.57 28.19 28.71 29.18 29.15 29.07 28.85 28.94 29.16 29.17 29.17 29.17 29.17 29.11 28.92 28.43 28.54 28.90 28.77
99999.90 99999.90 99999.90 99999.90 99999.90 27.26 27.26 27.26 27.26 27.26 27.26 27.26 25.71 25.71 25.71 25.71 25.71 26.00 27.61 26.00 25.62 24.72 24.75 25.23 25.87 25.08 25.96 27.71 27.53 27.70 28.10 27.90 27.67 27.49 26.86 27.09 26.80 27.30 27.45 26.60 27.11 27.29 27.27 27.96 28.34 28.35 28.07 27.90 27.93 28.31 28.05 27.79 27.78 27.64 27.93 27.91 27.92 28.09 28.29 28.49 28.51 29.04 29.06 28.96 28.83 29.06 29.16 29.17 29.16 29.17 29.16 29.16 28.97 28.16 28.11 28.43 28.51
