main/data/irradiance/31.03.2023.grid
ncols 839
nrows 679
xllcenter 112.0500
yllcenter -43.9500
cellsize 0.0500
nodata_value 99999.90
[rows 315 to 349 of 679, columns 79 to 157 of 839]
13.41 14.24 13.70 12.70 12.20 10.95 11.56 10.49 9.07 9.55 10.78 10.24 9.83 9.52 9.81 11.12 12.31 10.89 9.95 9.88 10.42 10.00 8.55 8.84 9.00 10.48 9.58 10.76 11.33 11.64 13.21 12.51 12.07 12.67 11.89 12.09 11.95 10.99 10.77 11.18 9.80 10.06 9.62 8.99 9.92 9.01 8.66 8.56 7.93 8.37 7.22 7.50 8.98 9.05 8.34 8.02 7.68 8.67 8.40 7.99 7.11 7.68 6.42 7.51 8.32 8.05 7.85 8.27 9.02 8.41 7.42 7.38 6.41 5.42 5.33 6.30 6.57 5.99 7.19
12.90 12.40 12.78 12.56 12.24 11.21 12.18 12.55 10.35 10.28 10.85 11.48 11.80 9.95 9.32 9.47 9.87 9.94 10.09 9.67 9.65 9.83 9.39 9.24 9.73 9.97 10.49 9.50 10.41 10.20 12.06 12.11 11.81 12.34 13.28 12.81 11.85 11.48 11.39 10.47 9.94 10.06 9.15 9.61 9.95 9.35 9.35 8.15 7.98 8.74 8.61 8.63 8.95 9.08 9.31 9.03 8.63 8.64 8.78 8.50 7.99 7.76 7.34 7.32 8.01 7.59 6.74 8.16 8.35 7.76 7.36 6.77 6.95 6.08 5.27 5.06 5.96 6.10 7.01
12.94 12.07 12.58 12.17 12.51 11.30 11.14 11.89 10.67 11.25 10.70 11.47 11.06 9.94 10.38 10.77 10.86 10.91 10.16 10.31 11.01 11.43 10.64 11.18 9.43 9.47 10.39 8.12 8.97 9.37 9.55 11.54 11.69 11.88 12.39 11.85 11.08 12.13 11.49 10.52 11.11 10.29 9.75 9.61 9.93 9.72 9.56 8.97 8.74 8.28 7.25 8.49 8.81 9.15 8.70 8.39 9.11 8.93 9.08 8.78 8.74 8.00 7.62 7.27 7.54 8.29 7.29 6.80 7.87 7.56 7.35 7.43 6.97 6.75 5.42 5.64 6.98 5.64 5.73
12.63 11.46 11.50 12.79 11.50 12.08 11.26 12.05 11.25 11.26 10.85 10.72 9.75 9.72 9.86 9.52 9.69 9.47 9.97 10.59 11.02 11.92 11.89 12.05 11.00 11.01 10.24 8.33 8.05 8.82 8.45 10.83 11.07 11.57 11.91 11.33 10.99 11.64 10.31 10.36 10.15 9.76 9.94 9.64 10.94 9.47 9.99 9.91 10.22 9.25 9.39 9.70 9.08 9.11 8.80 8.36 8.72 7.64 7.89 8.20 8.36 8.15 7.76 7.31 7.46 8.53 8.39 7.08 7.59 8.16 7.45 8.07 7.83 6.65 6.03 5.80 7.05 6.32 6.15
13.39 13.56 13.01 12.75 12.58 12.74 13.74 12.30 12.10 12.54 11.56 10.64 11.29 10.19 9.16 9.46 9.15 9.95 9.47 9.57 10.95 13.12 13.46 13.64 12.78 11.49 11.57 10.54 9.13 9.12 9.98 11.11 9.50 10.63 11.79 11.79 9.80 9.86 9.46 9.30 8.79 8.71 9.66 9.71 10.11 9.60 10.49 10.83 10.61 12.03 11.06 9.88 9.54 8.62 8.72 8.70 9.01 8.15 8.43 8.25 7.96 8.58 8.37 8.59 8.15 8.59 8.17 7.83 8.16 8.85 7.23 8.15 7.82 6.76 7.71 7.12 7.18 7.48 7.53
11.69 14.55 15.03 13.16 12.42 13.06 14.53 13.74 12.76 11.82 11.14 9.97 10.53 10.40 9.29 9.48 10.17 10.06 9.35 9.50 11.89 13.87 14.26 13.30 12.29 11.13 10.62 11.93 10.67 9.63 10.04 10.58 10.85 9.54 10.78 10.91 9.34 8.70 8.74 9.09 9.40 9.18 8.65 9.39 9.44 9.71 10.25 9.57 9.55 11.34 11.21 9.49 9.85 10.04 9.75 8.89 8.34 8.56 8.49 8.87 9.36 9.71 8.30 8.24 7.46 7.67 8.57 7.88 8.06 8.69 8.92 9.04 8.45 7.33 7.55 7.46 7.05 7.74 7.18
12.31 13.44 15.36 13.69 13.14 13.59 14.96 14.52 13.42 12.27 11.48 11.26 10.36 9.55 9.56 8.93 9.41 9.76 9.80 10.49 10.36 12.08 11.61 12.57 12.13 11.03 11.90 12.84 12.87 11.70 12.03 11.61 11.22 10.67 9.62 10.24 10.24 8.84 8.98 9.56 10.05 8.29 8.96 9.77 10.15 10.37 9.73 9.32 9.62 10.45 10.18 9.98 11.46 10.68 10.43 10.13 9.85 9.76 10.07 9.22 10.15 9.32 8.27 7.64 7.40 7.78 8.79 7.44 7.42 8.32 8.26 8.61 7.95 7.28 7.25 7.35 7.64 7.36 6.84
13.76 13.36 13.59 13.55 13.33 13.56 15.05 15.13 13.62 12.86 12.01 11.86 9.78 9.30 9.74 9.95 9.93 11.53 10.19 10.72 11.44 10.81 10.19 12.47 11.85 12.55 12.79 13.10 12.99 12.43 12.95 12.71 11.71 11.10 10.00 9.95 9.75 9.19 9.11 9.24 9.25 9.78 10.27 9.03 10.42 9.76 9.61 10.69 10.60 10.93 10.41 10.11 9.94 10.37 10.42 10.26 10.01 10.92 10.89 9.38 9.37 9.35 7.99 8.49 7.83 7.21 7.42 6.62 7.51 7.73 7.95 7.56 7.28 7.68 7.32 7.60 7.53 7.97 7.05
15.11 15.04 14.29 14.69 13.59 14.25 14.34 13.89 13.20 12.84 12.82 13.22 12.14 9.75 9.98 9.48 9.40 10.74 11.31 11.00 10.82 11.56 10.38 11.93 11.97 12.64 12.98 13.30 12.00 13.35 13.29 13.52 11.89 11.43 10.22 10.08 9.79 11.00 9.87 11.06 10.86 10.73 9.18 8.14 9.06 9.21 10.12 10.19 10.87 10.82 10.54 9.33 9.44 11.18 10.82 10.99 10.43 9.34 8.55 8.79 9.69 8.89 8.19 8.55 7.89 7.18 6.28 6.12 6.60 7.06 7.82 7.31 7.21 7.44 7.64 7.02 7.31 8.00 7.83
16.15 14.99 13.83 13.84 14.17 14.55 13.31 13.50 13.69 12.63 11.47 11.99 11.88 10.54 10.74 9.79 8.72 9.19 10.96 11.38 10.99 10.45 10.68 12.02 11.70 12.40 13.44 13.01 13.07 14.55 15.07 14.20 12.71 11.02 9.96 10.88 9.91 11.05 11.29 11.55 11.05 10.77 9.77 9.04 9.69 9.40 8.84 10.23 11.15 10.56 10.23 9.68 8.93 9.57 9.92 10.11 9.31 9.39 8.60 8.61 9.45 8.86 8.14 8.19 8.29 7.75 6.45 5.49 6.27 7.69 8.00 7.90 7.92 7.86 7.79 7.46 7.42 7.53 7.48
15.48 15.38 13.62 13.29 14.23 14.72 14.17 13.08 13.37 12.66 12.29 12.15 11.13 10.51 10.54 9.53 9.02 9.14 10.36 11.85 11.90 11.25 12.43 13.03 11.04 10.33 11.85 12.08 14.39 14.62 14.56 13.24 11.52 10.84 10.13 9.74 10.17 11.46 12.79 11.67 10.48 10.22 9.87 10.46 11.04 10.40 9.15 8.85 10.22 11.27 10.78 9.24 9.27 9.50 9.22 8.55 8.21 8.60 8.69 8.37 8.84 8.26 8.15 7.93 8.77 7.91 6.91 6.47 6.75 7.18 8.46 8.06 8.63 8.84 7.77 7.15 8.26 7.61 7.68
14.47 14.52 14.36 14.00 13.65 16.16 14.85 14.25 14.43 14.55 13.65 13.05 12.38 11.75 11.25 9.50 9.60 8.89 9.34 11.25 13.06 12.23 13.09 11.69 10.40 11.05 11.53 12.19 12.71 13.84 15.02 14.09 12.73 12.23 10.74 11.93 12.00 11.03 12.17 11.05 10.85 10.11 10.18 10.63 11.37 11.16 10.18 9.82 9.19 10.37 10.51 10.25 10.23 10.33 10.24 9.04 8.75 8.16 8.37 8.99 8.82 8.22 7.77 8.32 9.12 8.92 8.25 8.48 7.86 6.25 8.25 8.83 9.30 8.52 8.27 7.63 7.97 7.66 7.07
15.84 14.71 14.92 14.44 14.50 14.79 14.56 15.20 15.34 13.81 13.04 12.55 12.20 12.20 12.45 11.09 10.38 9.43 7.87 10.31 12.53 13.57 12.84 11.78 10.58 10.55 10.18 11.54 12.99 12.85 11.90 12.89 12.10 11.46 12.48 12.63 11.26 10.81 10.71 11.13 10.20 10.98 12.25 11.77 12.60 12.10 10.76 10.51 10.42 10.12 10.55 10.42 9.79 9.65 10.49 9.61 9.53 8.16 8.46 8.64 9.00 8.30 7.87 7.93 8.41 8.65 8.62 8.54 7.41 7.00 7.17 8.93 8.75 8.68 8.55 8.74 7.71 7.80 7.00
17.10 14.75 14.90 15.88 16.08 16.39 14.82 15.04 15.29 13.79 12.47 11.90 12.53 12.55 12.48 11.86 11.43 11.04 9.77 9.80 11.25 11.81 11.90 12.47 12.42 12.10 11.16 12.07 12.97 13.12 12.63 13.54 12.83 12.48 11.14 12.20 12.26 12.03 12.29 12.14 11.21 11.52 12.37 12.62 12.78 11.41 10.33 10.69 11.09 10.05 9.15 9.35 9.34 9.17 9.15 10.17 10.13 9.81 9.12 8.78 9.28 8.12 7.73 8.23 8.09 8.22 8.91 8.60 7.09 7.24 8.25 8.66 7.53 7.78 7.22 7.89 7.84 6.90 7.67
16.42 16.72 15.72 16.07 14.26 16.41 15.43 16.34 15.14 13.79 13.10 12.07 13.04 12.88 13.32 12.59 12.02 11.71 11.54 10.27 10.71 11.31 10.87 11.90 12.89 13.00 12.64 14.03 12.57 12.59 12.83 13.92 15.08 14.30 13.91 12.78 13.49 13.69 13.09 13.51 13.16 13.37 13.01 12.16 11.84 11.03 11.25 10.95 9.61 9.73 9.24 9.48 9.10 9.45 9.59 10.75 10.30 9.71 8.78 8.74 8.45 7.58 7.82 8.32 8.11 8.55 9.31 9.29 8.05 6.90 8.00 8.08 7.60 7.67 7.11 6.87 7.47 8.26 8.28
15.72 16.08 14.76 15.74 16.16 16.72 17.29 17.47 15.51 15.39 13.53 11.85 12.70 12.92 12.18 13.65 13.37 12.58 12.09 10.67 10.12 12.60 13.05 14.38 12.44 12.45 11.86 12.42 11.55 12.14 11.95 12.72 13.22 14.25 14.98 13.66 13.84 14.31 14.16 14.14 13.59 13.08 12.04 11.58 11.06 11.26 11.53 10.38 9.64 8.72 10.42 10.98 9.20 9.17 10.27 10.70 9.67 10.03 8.19 8.04 8.16 7.47 8.63 9.37 8.40 7.96 8.62 8.52 8.41 7.61 7.66 8.19 7.90 7.42 7.02 7.00 7.83 8.05 8.35
16.25 14.24 15.49 15.68 16.41 15.91 17.18 15.98 17.28 16.25 13.23 11.26 11.28 11.34 12.17 13.02 13.47 12.32 11.99 11.29 11.10 12.77 12.82 12.84 12.41 10.99 11.48 11.88 12.86 12.98 13.43 13.25 13.31 14.01 14.42 13.85 12.74 12.92 13.57 14.18 13.18 12.22 11.58 10.60 12.23 12.48 13.12 11.60 10.49 9.89 10.47 10.47 10.49 10.62 10.95 10.59 10.12 9.65 9.05 8.85 9.32 8.58 9.63 9.25 8.90 8.08 8.06 7.13 8.14 8.43 8.02 7.02 7.69 7.39 7.06 6.76 7.64 8.47 8.41
16.83 14.64 14.82 14.50 16.76 16.17 16.49 16.80 16.71 16.18 13.36 11.56 10.39 10.67 11.80 12.00 12.53 11.98 11.66 11.99 11.44 11.98 11.93 11.46 11.69 12.39 11.81 11.71 12.34 13.33 14.35 14.34 13.82 13.61 12.85 11.74 12.74 13.23 12.85 12.28 12.70 12.44 12.31 12.19 11.38 11.25 13.03 12.36 11.41 10.95 10.39 9.89 9.11 10.60 10.23 10.15 10.45 9.79 9.52 9.25 9.62 8.15 7.71 9.06 8.24 8.79 8.74 7.00 7.45 8.47 8.51 7.79 7.28 7.43 7.37 6.94 7.48 8.85 8.91
16.74 15.08 13.94 15.23 15.78 16.22 16.86 17.77 17.37 17.19 14.81 12.08 11.68 10.88 10.46 11.06 11.12 10.89 10.89 11.19 11.13 11.53 11.63 12.24 13.36 12.76 12.72 12.60 13.62 12.71 13.29 12.75 13.00 11.79 11.87 11.93 11.68 12.45 12.90 11.87 12.76 13.86 13.28 12.21 10.75 10.69 10.89 11.33 12.09 10.92 10.48 9.25 9.34 9.87 10.38 10.20 11.15 9.90 9.75 8.62 8.30 8.80 8.33 7.99 8.24 8.99 8.99 7.52 7.68 7.85 8.41 9.00 8.95 8.05 7.67 7.99 8.68 9.28 8.82
16.97 15.97 14.07 14.26 16.39 18.40 17.97 18.95 18.34 17.60 15.98 14.14 12.35 11.47 10.94 11.11 11.69 11.56 8.81 10.18 10.84 12.58 12.71 12.53 14.11 13.50 13.85 14.30 12.56 12.97 12.78 12.93 12.88 11.87 11.25 12.02 12.02 11.81 11.83 12.46 13.18 13.07 12.58 10.26 9.80 10.99 11.75 10.35 10.90 10.41 9.96 9.98 10.20 10.72 10.89 11.45 12.20 10.34 10.32 8.67 8.08 8.71 9.08 8.66 8.92 9.19 9.53 8.50 9.28 8.61 8.29 8.55 9.46 8.62 8.31 8.67 8.46 8.73 7.77
15.98 16.08 15.79 13.94 14.92 18.39 18.19 19.04 19.60 17.98 16.48 14.63 12.69 11.96 10.70 11.81 11.53 12.54 10.31 9.95 10.24 11.71 12.26 13.99 15.33 14.61 13.69 13.99 12.95 12.04 12.47 13.05 13.78 13.55 12.20 12.32 11.83 12.94 13.24 14.14 12.64 13.27 11.61 10.66 10.17 10.23 11.84 10.89 11.73 11.31 10.16 9.58 9.63 10.89 11.51 11.21 10.32 8.93 9.35 8.94 9.24 8.51 9.36 9.57 8.54 8.86 8.61 8.96 8.99 8.99 7.92 8.08 9.36 9.34 9.73 9.35 8.49 8.92 8.71
16.61 15.52 15.72 15.22 14.30 18.16 17.91 18.91 18.60 17.72 16.46 15.17 13.51 11.73 11.18 12.06 12.94 13.63 11.81 10.77 11.17 9.89 11.73 13.53 15.58 15.52 14.17 13.74 14.22 14.41 13.59 13.81 11.62 11.38 12.27 12.13 12.51 12.61 13.26 13.95 12.93 13.01 12.23 11.45 11.61 11.18 11.60 11.38 11.97 11.39 10.83 9.64 10.10 10.69 10.58 10.69 9.55 8.96 9.54 9.29 9.36 8.75 9.48 9.83 9.06 9.44 8.32 8.58 8.61 9.08 8.14 9.63 8.83 8.24 9.48 9.17 8.29 8.48 9.35
17.45 15.63 15.96 17.09 14.29 16.86 19.44 19.26 17.97 18.05 17.83 15.79 13.43 12.72 12.53 13.08 13.42 13.38 13.94 13.04 11.89 12.54 12.79 14.68 15.50 16.08 14.91 13.00 14.15 14.70 13.37 13.16 12.37 13.23 14.12 15.32 14.72 14.62 14.98 15.16 15.17 13.34 12.58 11.80 12.00 12.48 12.77 11.78 12.31 11.61 10.37 10.53 11.05 11.59 10.59 10.72 10.04 9.98 9.18 10.08 9.66 9.07 9.49 9.93 9.98 9.44 8.77 9.30 9.24 9.25 9.28 9.94 8.98 8.58 9.51 9.02 8.63 8.78 9.61
16.83 16.70 15.69 16.65 16.33 15.86 16.92 18.76 17.98 17.38 16.76 16.00 13.74 12.93 13.16 12.16 12.65 10.89 12.03 12.64 14.45 14.15 14.48 15.20 15.59 15.85 15.55 14.17 14.82 15.32 13.84 12.25 12.75 15.23 16.94 17.90 17.23 16.30 15.61 14.94 14.00 12.96 11.81 10.81 10.83 12.54 12.63 13.12 12.84 12.01 10.31 10.98 11.06 11.22 10.48 10.21 8.87 9.81 10.09 10.04 10.16 10.06 10.02 9.94 10.35 9.74 10.35 10.25 10.59 10.77 10.29 10.10 9.89 9.21 9.39 8.49 8.35 9.75 9.98
17.65 15.80 14.71 17.06 17.83 16.02 17.08 17.85 18.83 17.39 16.26 15.53 14.67 13.24 14.15 13.11 12.11 10.11 10.76 12.56 13.45 13.88 14.07 14.35 13.79 15.00 14.84 15.95 16.13 15.70 15.07 13.05 14.55 14.10 16.06 17.47 17.59 15.88 16.09 14.47 13.46 12.78 12.85 12.31 12.39 12.76 12.25 12.34 12.35 11.75 11.76 12.16 11.77 11.40 10.88 10.64 10.30 9.39 10.08 9.89 9.66 10.15 9.85 10.53 11.22 10.60 10.62 9.86 11.53 11.09 10.74 11.16 10.47 10.06 10.12 9.10 9.26 10.02 10.13
17.79 16.77 15.28 16.62 18.05 16.63 16.51 16.72 18.81 18.74 16.68 16.50 15.28 14.08 14.24 13.79 12.29 9.16 10.78 12.78 13.11 13.82 12.45 12.38 14.42 14.88 16.34 17.34 16.53 16.62 16.30 13.97 13.11 14.33 14.13 15.99 17.56 16.91 16.06 15.20 13.92 13.67 13.64 13.05 13.74 13.03 12.67 12.64 10.85 11.10 10.88 11.46 11.70 11.23 11.56 10.69 10.94 10.67 10.82 10.49 9.67 9.13 9.64 10.77 11.03 10.90 10.17 10.62 12.10 11.82 11.47 10.20 9.67 9.98 9.84 10.11 9.99 10.36 9.95
17.93 17.35 16.18 16.29 18.17 17.37 16.88 17.39 18.37 18.70 16.91 17.51 15.76 14.88 13.43 12.09 12.96 11.58 11.00 11.68 11.82 13.61 12.65 14.37 14.60 14.69 15.97 16.84 16.55 14.93 13.92 12.12 12.52 14.38 15.01 16.35 17.11 15.90 17.16 15.66 13.20 13.59 13.75 13.85 15.22 13.50 13.63 12.65 11.47 10.89 10.60 11.38 11.88 11.87 10.99 9.99 10.70 10.90 10.31 9.49 9.50 9.72 9.08 9.98 10.50 9.75 10.58 11.21 11.88 11.27 11.00 10.02 9.72 10.22 9.66 10.38 9.77 10.30 9.72
17.33 17.18 16.26 16.49 17.00 17.93 17.56 18.55 19.04 18.77 18.24 17.61 15.97 14.84 13.74 12.02 12.17 11.43 10.81 11.54 11.88 13.32 12.25 14.06 13.02 13.94 15.08 15.10 14.82 14.33 12.01 12.71 13.36 14.15 14.91 14.69 15.96 15.77 16.63 15.64 13.44 14.00 15.58 16.32 14.11 13.20 12.96 12.87 11.72 10.84 11.42 11.82 11.54 10.59 9.37 9.59 9.41 9.51 10.04 9.74 9.32 8.36 8.47 8.77 9.47 9.66 10.17 11.16 10.46 9.85 9.96 9.66 8.70 9.53 10.65 10.16 9.83 10.24 10.08
16.28 17.72 16.66 16.17 16.93 18.50 17.21 18.24 18.29 19.40 18.19 18.26 17.20 14.63 13.80 12.36 11.70 11.85 12.84 11.13 11.22 11.40 12.67 12.68 13.14 14.42 14.46 14.94 14.70 16.29 16.88 16.28 14.86 14.34 13.38 12.56 13.95 15.39 15.82 14.80 14.06 14.04 14.64 15.01 13.83 12.92 12.57 12.80 12.40 12.38 12.72 11.55 10.01 10.73 10.31 10.15 10.11 9.00 10.40 9.82 10.37 9.09 8.61 9.00 8.69 8.83 8.90 10.37 9.38 9.23 9.46 9.12 9.15 9.57 9.67 9.14 9.82 10.31 10.78
18.00 16.52 15.95 16.77 16.74 18.88 17.52 18.24 17.21 18.20 18.06 17.84 17.11 14.67 13.75 13.16 12.16 12.86 12.63 14.30 13.84 12.89 12.33 11.25 12.27 13.94 14.58 15.43 15.87 17.09 18.66 16.97 14.76 14.51 14.24 12.49 13.11 13.23 13.25 13.50 13.56 14.02 13.91 13.60 13.38 12.47 12.75 13.57 13.49 13.46 12.39 10.96 10.25 10.98 10.32 9.82 9.35 9.92 10.91 10.15 10.76 9.23 8.67 9.17 8.49 9.16 9.54 10.85 10.70 10.51 10.21 10.59 9.82 8.24 8.84 9.51 9.16 10.43 10.33
15.19 15.81 17.38 15.97 18.89 19.01 18.88 18.10 17.37 18.50 18.95 18.62 17.00 15.40 14.56 13.88 12.52 12.35 13.49 13.34 13.95 12.44 11.39 11.23 11.51 12.10 13.01 14.03 13.71 15.08 17.01 16.21 15.79 14.46 14.21 12.34 12.96 14.10 14.45 13.96 13.85 14.01 13.53 12.78 12.31 13.12 13.16 14.25 15.60 14.05 11.33 11.15 11.33 11.83 10.22 9.18 10.65 10.52 10.46 10.46 10.02 9.35 10.07 9.56 8.99 9.03 10.12 10.88 11.37 10.82 11.70 11.80 10.27 8.46 9.10 9.09 9.19 9.08 9.63
15.35 15.35 16.71 15.98 17.64 18.91 18.68 17.85 18.68 19.88 18.84 18.15 17.30 15.97 14.68 13.79 12.44 13.16 13.22 13.26 13.30 14.02 12.67 12.11 11.94 11.87 12.48 12.47 12.55 12.94 14.64 15.34 14.55 15.07 14.02 14.08 14.65 14.72 14.74 14.24 13.68 14.04 14.37 14.71 14.09 13.04 13.71 14.31 15.21 14.45 12.95 12.05 11.68 11.58 11.08 9.84 10.78 10.76 10.07 9.51 10.26 10.05 9.86 9.87 9.49 9.60 9.89 10.38 10.69 10.90 11.39 11.05 10.70 9.21 9.28 8.44 8.53 9.21 9.17
16.73 16.26 16.80 15.72 15.25 17.11 19.01 17.54 17.84 19.02 19.22 17.53 17.48 16.99 16.16 14.68 12.44 12.46 12.25 13.09 11.99 12.35 12.96 12.70 11.21 11.15 11.72 11.22 10.76 11.16 11.80 12.24 12.33 13.47 13.55 15.00 15.89 15.53 14.58 14.69 14.74 14.52 15.18 15.82 14.36 13.79 13.63 14.02 14.54 14.74 13.54 12.06 11.10 11.56 11.63 10.98 11.49 11.11 11.44 10.42 10.44 9.59 9.41 10.15 9.95 9.27 9.49 10.68 10.62 10.23 10.89 10.92 10.61 8.77 9.51 9.01 8.67 9.22 9.69
16.75 16.45 14.72 13.76 14.63 16.12 18.00 19.14 18.78 18.71 19.19 17.63 17.31 16.68 16.10 15.44 13.99 11.70 12.02 11.21 10.73 12.60 12.27 10.92 10.85 11.76 10.98 9.98 9.36 9.69 9.46 10.47 12.00 13.18 15.36 16.41 15.70 15.97 15.42 14.61 16.16 15.26 16.29 16.60 14.10 12.86 13.21 13.25 13.86 13.98 13.90 13.33 12.42 11.80 11.84 11.12 11.43 10.96 11.31 11.48 11.00 10.85 9.44 9.34 9.91 9.63 9.66 10.11 9.60 9.97 10.31 9.73 8.77 7.51 8.01 8.97 9.53 9.71 10.00
16.03 18.52 15.26 12.51 13.72 14.20 16.34 17.51 19.36 19.09 18.80 18.03 16.42 16.62 16.73 15.30 13.60 12.00 10.87 10.28 10.39 11.95 11.80 10.46 10.92 11.19 11.28 11.17 9.19 9.24 9.50 10.14 10.68 11.73 14.98 16.08 15.40 15.72 15.55 16.43 15.63 15.45 15.33 14.54 13.39 13.70 14.43 13.00 14.14 14.30 13.41 13.09 12.28 11.68 11.92 11.35 11.73 11.92 11.98 11.54 11.05 10.24 9.99 10.03 10.17 10.11 9.73 9.65 9.61 9.73 9.18 8.27 8.35 7.63 7.00 8.01 8.91 9.30 10.10
