main/data/irradiance/31.03.2023.grid
ncols 839
nrows 679
xllcenter 112.0500
yllcenter -43.9500
cellsize 0.0500
nodata_value 99999.90
[rows 35 to 69 of 679, columns 553 to 631 of 839]
99999.90 99999.90 99999.90 99999.90 99999.90 99999.90 99999.90 99999.90 99999.90 99999.90 99999.90 99999.90 99999.90 99999.90 99999.90 99999.90 99999.90 99999.90 99999.90 99999.90 99999.90 99999.90 99999.90 99999.90 99999.90 99999.90 99999.90 99999.90 99999.90 99999.90 99999.90 25.87 25.92 25.87 25.87 25.87 25.87 25.87 25.87 25.87 25.87 25.97 25.97 25.97 25.97 25.97 25.97 26.02 26.04 26.02 26.06 25.82 26.03 26.02 25.95 26.05 26.01 26.01 26.04 26.03 26.01 26.01 26.00 26.00 26.00 25.93 25.93 25.30 25.19 25.19 25.19 25.19 25.19 25.76 25.76 25.76 25.76 25.76 25.76
99999.90 99999.90 99999.90 99999.90 99999.90 99999.90 99999.90 99999.90 99999.90 99999.90 99999.90 99999.90 99999.90 99999.90 99999.90 99999.90 99999.90 99999.90 99999.90 99999.90 99999.90 99999.90 99999.90 99999.90 99999.90 99999.90 99999.90 99999.90 99999.90 99999.90 25.81 25.87 25.92 25.87 25.87 25.87 25.87 25.87 25.87 25.87 25.87 25.87 26.00 26.00 26.00 26.00 26.00 26.03 26.03 26.00 26.00 25.86 26.00 26.03 25.74 26.02 26.05 26.03 25.99 25.98 25.99 25.95 25.99 25.99 25.93 25.93 25.93 25.30 25.19 25.19 25.19 25.19 25.76 25.76 25.76 25.76 25.76 25.76 25.76
99999.90 99999.90 99999.90 99999.90 99999.90 99999.90 99999.90 99999.90 99999.90 99999.90 99999.90 99999.90 99999.90 99999.90 99999.90 99999.90 99999.90 99999.90 99999.90 99999.90 99999.90 99999.90 99999.90 99999.90 99999.90 99999.90 99999.90 99999.90 99999.90 99999.90 25.81 25.81 25.92 25.92 25.92 25.87 25.87 25.87 25.87 25.87 25.87 25.87 25.87 25.99 25.99 25.99 25.99 26.02 26.03 26.00 25.96 26.01 25.79 26.03 26.00 25.99 25.95 25.98 25.98 25.97 25.97 25.97 25.94 25.93 25.93 25.93 25.93 25.30 25.19 25.19 25.19 25.76 25.76 25.76 25.76 25.76 25.76 25.76 25.76
99999.90 99999.90 99999.90 99999.90 99999.90 99999.90 99999.90 99999.90 99999.90 99999.90 99999.90 99999.90 99999.90 99999.90 99999.90 99999.90 99999.90 99999.90 99999.90 99999.90 99999.90 99999.90 99999.90 99999.90 99999.90 99999.90 99999.90 99999.90 99999.90 99999.90 25.81 25.81 25.92 25.92 25.92 25.92 25.92 25.87 25.87 25.87 25.87 25.87 25.87 25.87 25.96 25.96 25.96 26.01 26.00 25.97 25.97 25.97 25.62 25.98 25.99 25.86 25.69 25.98 26.01 25.97 25.95 25.93 25.95 25.96 25.94 25.93 25.93 25.30 25.19 25.19 25.76 25.76 25.76 25.76 25.76 25.76 25.76 25.76 25.76
99999.90 99999.90 99999.90 99999.90 99999.90 99999.90 99999.90 99999.90 99999.90 99999.90 99999.90 99999.90 99999.90 99999.90 99999.90 99999.90 99999.90 99999.90 99999.90 99999.90 99999.90 99999.90 99999.90 99999.90 99999.90 99999.90 99999.90 99999.90 99999.90 99999.90 25.81 25.81 25.92 25.92 25.92 25.92 25.92 25.92 25.92 25.87 25.87 25.87 25.87 25.87 25.87 25.96 25.96 25.99 25.98 25.98 25.95 25.96 25.96 25.96 25.93 25.97 25.92 25.96 25.93 25.95 25.94 25.92 25.98 25.95 25.95 25.94 25.94 25.94 25.74 25.76 25.76 25.76 25.76 25.76 25.76 25.76 25.76 25.76 25.76
99999.90 99999.90 99999.90 99999.90 99999.90 99999.90 99999.90 99999.90 99999.90 99999.90 99999.90 99999.90 99999.90 99999.90 99999.90 99999.90 99999.90 99999.90 99999.90 99999.90 99999.90 99999.90 99999.90 99999.90 99999.90 99999.90 99999.90 99999.90 99999.90 99999.90 25.81 25.81 25.81 25.92 25.92 25.92 25.92 25.92 25.92 25.92 25.92 25.87 25.87 25.87 25.87 25.93 25.94 25.94 25.96 25.94 25.95 25.95 25.95 25.96 25.89 25.93 25.95 25.95 25.93 25.94 25.94 25.92 25.93 25.97 25.95 25.94 25.97 25.92 25.79 25.76 25.76 25.76 25.76 25.76 25.76 25.76 25.76 25.76 25.76
99999.90 99999.90 99999.90 99999.90 99999.90 99999.90 99999.90 99999.90 99999.90 99999.90 99999.90 99999.90 99999.90 99999.90 99999.90 99999.90 99999.90 99999.90 99999.90 99999.90 99999.90 99999.90 99999.90 99999.90 99999.90 99999.90 99999.90 99999.90 99999.90 99999.90 25.81 25.81 25.81 25.81 25.81 25.92 25.92 25.92 25.92 25.92 25.92 25.92 25.90 25.90 25.94 25.93 25.92 25.93 25.93 25.93 25.93 25.92 25.93 25.93 25.95 25.64 25.92 25.92 25.91 25.93 25.93 25.91 25.89 25.89 25.91 25.94 25.95 25.94 25.89 25.89 25.89 25.76 25.76 25.76 25.76 25.76 25.76 25.76 25.76
99999.90 99999.90 99999.90 99999.90 99999.90 99999.90 99999.90 99999.90 99999.90 99999.90 99999.90 99999.90 99999.90 99999.90 99999.90 99999.90 99999.90 99999.90 99999.90 99999.90 99999.90 99999.90 99999.90 99999.90 99999.90 99999.90 99999.90 99999.90 99999.90 99999.90 25.81 25.81 25.81 25.81 25.81 25.81 25.81 25.92 25.92 25.92 25.92 25.92 25.92 25.92 25.94 25.94 25.93 25.93 25.91 25.89 25.88 25.92 25.92 25.90 25.90 25.86 25.55 25.91 25.90 25.92 25.89 25.89 25.88 25.87 25.88 25.85 25.91 25.88 25.89 25.89 25.89 25.89 25.89 25.76 25.76 25.76 25.76 25.83 25.83
99999.90 99999.90 99999.90 99999.90 99999.90 99999.90 99999.90 99999.90 99999.90 99999.90 99999.90 99999.90 99999.90 99999.90 99999.90 99999.90 99999.90 99999.90 99999.90 99999.90 99999.90 99999.90 99999.90 99999.90 99999.90 99999.90 99999.90 99999.90 99999.90 99999.90 25.81 25.81 25.81 25.81 25.81 25.81 25.81 25.81 25.87 25.87 25.91 25.91 25.91 25.91 25.89 25.92 25.74 25.93 25.93 25.92 25.90 25.92 25.90 25.93 25.92 25.92 25.94 25.94 25.88 25.89 25.89 25.87 25.87 25.87 25.84 25.87 25.85 25.84 25.84 25.84 25.89 25.89 25.89 25.80 25.80 25.80 25.83 25.83 25.83
99999.90 99999.90 99999.90 99999.90 99999.90 99999.90 99999.90 99999.90 99999.90 99999.90 99999.90 99999.90 99999.90 99999.90 99999.90 99999.90 99999.90 99999.90 99999.90 99999.90 99999.90 99999.90 99999.90 99999.90 99999.90 99999.90 99999.90 99999.90 99999.90 99999.90 25.81 25.81 25.81 25.81 25.81 25.81 25.81 25.81 25.81 25.87 25.87 25.90 25.90 25.89 25.92 25.91 25.93 25.88 25.94 25.91 25.92 25.88 25.94 25.92 25.81 25.83 25.32 25.76 25.84 25.91 25.86 25.86 25.86 25.84 25.86 25.87 25.86 25.84 25.84 25.84 25.84 25.80 25.80 25.80 25.80 25.83 25.83 25.83 25.83
99999.90 99999.90 99999.90 99999.90 99999.90 99999.90 99999.90 99999.90 99999.90 99999.90 99999.90 99999.90 99999.90 99999.90 99999.90 99999.90 99999.90 99999.90 99999.90 99999.90 99999.90 99999.90 99999.90 99999.90 99999.90 99999.90 99999.90 99999.90 99999.90 99999.90 25.81 25.81 25.81 25.81 25.81 25.81 25.81 25.81 25.81 25.81 25.87 25.87 25.86 25.87 25.90 25.90 25.89 25.88 25.92 25.92 25.91 25.89 25.91 25.92 25.83 25.77 25.74 25.25 25.45 25.87 25.87 25.87 25.88 25.87 25.87 25.89 25.85 25.85 25.85 25.85 25.80 25.80 25.80 25.80 25.83 25.83 25.83 25.83 25.83
99999.90 99999.90 99999.90 99999.90 99999.90 99999.90 99999.90 99999.90 99999.90 99999.90 99999.90 99999.90 99999.90 99999.90 99999.90 99999.90 99999.90 99999.90 99999.90 99999.90 99999.90 99999.90 99999.90 99999.90 99999.90 99999.90 99999.90 99999.90 99999.90 99999.90 25.81 25.81 25.81 25.81 25.81 25.81 25.81 25.81 25.81 25.81 25.81 25.84 25.87 25.87 25.89 25.92 25.89 25.90 25.89 25.91 25.88 25.91 25.89 25.90 25.76 25.74 25.71 25.72 25.10 25.54 25.75 25.87 25.86 25.83 25.83 25.84 25.86 25.83 25.83 25.69 25.80 25.80 25.80 25.83 25.83 25.83 25.83 25.83 25.79
99999.90 99999.90 99999.90 99999.90 99999.90 99999.90 99999.90 99999.90 99999.90 99999.90 99999.90 99999.90 99999.90 99999.90 99999.90 99999.90 99999.90 99999.90 99999.90 99999.90 99999.90 99999.90 99999.90 99999.90 99999.90 99999.90 99999.90 99999.90 99999.90 99999.90 25.84 25.84 25.84 25.84 25.84 25.84 25.84 25.84 25.84 25.84 25.84 25.85 25.88 25.88 25.91 25.91 25.87 25.88 25.87 25.88 25.89 25.88 25.86 25.88 25.84 25.73 25.70 25.69 24.89 25.60 25.69 25.86 25.76 25.82 25.84 25.88 25.88 25.88 25.85 25.69 25.80 25.80 25.83 25.83 25.83 25.83 25.79 25.79 25.79
99999.90 99999.90 99999.90 99999.90 99999.90 99999.90 99999.90 99999.90 99999.90 99999.90 99999.90 99999.90 99999.90 99999.90 99999.90 99999.90 99999.90 99999.90 99999.90 99999.90 99999.90 99999.90 99999.90 99999.90 99999.90 99999.90 99999.90 99999.90 99999.90 25.77 25.82 25.82 25.82 25.82 25.82 25.82 25.82 25.82 25.82 25.82 25.82 25.84 25.88 25.90 25.90 25.87 25.88 25.85 25.83 25.85 25.84 25.88 25.86 25.87 25.84 25.84 25.68 25.53 25.12 24.90 25.54 25.84 25.85 25.85 25.85 25.88 25.87 25.90 25.85 25.85 25.83 25.83 25.83 25.83 25.83 25.79 25.79 25.79 25.79
99999.90 99999.90 99999.90 99999.90 99999.90 99999.90 99999.90 99999.90 99999.90 99999.90 99999.90 99999.90 99999.90 99999.90 99999.90 99999.90 99999.90 99999.90 99999.90 99999.90 99999.90 99999.90 99999.90 99999.90 99999.90 99999.90 99999.90 99999.90 25.67 25.77 25.82 25.82 25.82 25.82 25.82 25.82 25.82 25.82 25.82 25.82 25.82 25.82 25.84 25.88 25.87 25.88 25.83 25.85 25.83 25.86 25.83 25.86 25.84 25.86 25.85 25.83 25.70 25.60 25.59 25.22 25.52 24.93 25.85 25.86 25.84 25.84 25.82 25.87 25.81 25.81 25.84 25.82 25.82 25.82 25.79 25.79 25.79 25.79 25.79
99999.90 99999.90 99999.90 99999.90 99999.90 99999.90 99999.90 99999.90 99999.90 99999.90 99999.90 99999.90 99999.90 99999.90 99999.90 99999.90 99999.90 99999.90 99999.90 99999.90 99999.90 99999.90 99999.90 99999.90 99999.90 99999.90 99999.90 99999.90 25.67 25.67 25.82 25.82 25.82 25.82 25.82 25.82 25.82 25.82 25.82 25.82 25.82 25.82 25.82 25.85 25.83 25.85 25.85 25.86 25.84 25.84 25.82 25.81 25.79 25.82 25.77 25.83 25.72 25.67 25.70 25.65 24.92 25.29 25.80 25.83 25.84 25.85 25.85 25.82 25.81 25.80 25.81 25.78 25.78 25.79 25.79 25.79 25.79 25.79 25.79
99999.90 99999.90 99999.90 99999.90 99999.90 99999.90 99999.90 99999.90 99999.90 99999.90 99999.90 99999.90 99999.90 99999.90 99999.90 99999.90 99999.90 99999.90 99999.90 99999.90 99999.90 99999.90 99999.90 99999.90 99999.90 99999.90 99999.90 99999.90 25.67 25.67 25.82 25.82 25.82 25.82 25.82 25.82 25.82 25.82 25.82 25.82 25.82 25.82 25.82 25.85 25.83 25.84 25.84 25.84 25.81 25.81 25.81 25.79 25.79 25.81 25.81 25.82 25.81 25.83 25.79 25.70 25.45 25.46 25.19 25.82 25.85 25.87 25.82 25.81 25.82 25.79 25.83 25.83 25.79 25.79 25.79 25.79 25.79 25.79 25.79
99999.90 99999.90 99999.90 99999.90 99999.90 99999.90 99999.90 99999.90 99999.90 99999.90 99999.90 99999.90 99999.90 99999.90 99999.90 99999.90 99999.90 99999.90 99999.90 99999.90 99999.90 99999.90 99999.90 99999.90 99999.90 99999.90 99999.90 99999.90 25.67 25.67 25.67 25.82 25.82 25.82 25.82 25.82 25.82 25.82 25.82 25.82 25.82 25.82 25.82 25.86 25.86 25.82 25.84 25.85 25.83 25.79 25.81 25.77 25.77 25.80 25.83 25.82 25.81 25.83 25.82 25.78 25.74 25.23 24.91 25.84 25.84 25.86 25.82 25.83 25.85 25.82 25.83 25.82 25.80 25.78 25.78 25.78 25.78 25.78 25.78
99999.90 99999.90 99999.90 99999.90 99999.90 99999.90 99999.90 99999.90 99999.90 99999.90 99999.90 99999.90 99999.90 99999.90 99999.90 99999.90 99999.90 99999.90 99999.90 99999.90 99999.90 99999.90 99999.90 99999.90 99999.90 99999.90 99999.90 99999.90 25.67 25.67 25.67 25.67 25.67 25.77 25.77 25.72 25.72 25.73 25.72 25.72 25.72 25.72 25.72 25.74 25.86 25.80 25.80 25.78 25.81 25.79 25.80 25.80 25.79 25.78 25.82 25.79 25.78 25.80 25.78 25.81 25.79 25.66 25.54 25.81 25.82 25.83 25.79 25.78 25.84 25.82 25.84 25.84 25.79 25.69 25.69 25.69 25.69 25.69 25.69
99999.90 99999.90 99999.90 99999.90 99999.90 99999.90 99999.90 99999.90 99999.90 99999.90 99999.90 99999.90 99999.90 99999.90 99999.90 99999.90 99999.90 99999.90 99999.90 99999.90 99999.90 99999.90 99999.90 99999.90 99999.90 99999.90 99999.90 99999.90 25.67 25.67 25.67 25.67 25.67 25.67 25.77 25.77 25.72 25.72 25.73 25.73 25.72 25.72 25.72 25.74 25.74 25.80 25.78 25.79 25.79 25.79 25.79 25.77 25.79 25.77 25.78 25.80 25.77 25.74 25.77 25.77 25.66 25.62 25.72 25.80 25.73 25.79 25.75 25.82 25.76 25.82 25.82 25.80 25.78 25.74 25.74 25.74 25.74 25.50 25.50
99999.90 99999.90 99999.90 99999.90 99999.90 99999.90 99999.90 99999.90 99999.90 99999.90 99999.90 99999.90 99999.90 99999.90 99999.90 99999.90 99999.90 99999.90 99999.90 99999.90 99999.90 99999.90 99999.90 99999.90 99999.90 99999.90 99999.90 99999.90 25.67 25.67 25.67 25.67 25.67 25.67 25.67 25.77 25.77 25.72 25.72 25.73 25.73 25.75 25.75 25.75 25.75 25.79 25.80 25.76 25.79 25.78 25.77 25.77 25.76 25.76 25.79 25.77 25.75 25.77 25.75 25.77 25.70 25.60 25.66 25.81 25.78 25.80 25.76 25.64 25.63 25.81 25.75 25.76 25.75 25.74 25.74 25.50 25.50 25.50 25.50
99999.90 99999.90 99999.90 99999.90 99999.90 99999.90 99999.90 99999.90 99999.90 99999.90 99999.90 99999.90 99999.90 99999.90 99999.90 99999.90 99999.90 99999.90 99999.90 99999.90 99999.90 99999.90 99999.90 99999.90 99999.90 99999.90 99999.90 99999.90 25.67 25.67 25.67 25.67 25.67 25.67 25.67 25.67 25.77 25.77 25.72 25.72 25.73 25.73 25.77 25.77 25.77 25.76 25.76 25.74 25.78 25.76 25.74 25.76 25.73 25.73 25.75 25.78 25.75 25.76 25.74 25.74 25.66 25.60 25.72 25.78 25.65 25.78 25.78 25.78 25.81 25.79 25.75 25.78 25.75 25.75 25.71 25.50 25.50 25.50 25.50
99999.90 99999.90 99999.90 99999.90 99999.90 99999.90 99999.90 99999.90 99999.90 99999.90 99999.90 99999.90 99999.90 99999.90 99999.90 99999.90 99999.90 99999.90 99999.90 99999.90 99999.90 99999.90 99999.90 99999.90 99999.90 99999.90 99999.90 99999.90 25.67 25.67 25.67 25.67 25.67 25.67 25.67 25.67 25.67 25.77 25.77 25.72 25.72 25.74 25.73 25.72 25.73 25.75 25.74 25.74 25.75 25.73 25.75 25.75 25.74 25.74 25.74 25.77 25.75 25.77 25.76 25.74 25.70 25.45 25.66 25.74 25.55 25.77 25.74 25.79 25.77 25.76 25.73 25.75 25.75 25.71 25.71 25.50 25.50 25.50 25.50
99999.90 99999.90 99999.90 99999.90 99999.90 99999.90 99999.90 99999.90 99999.90 99999.90 99999.90 99999.90 99999.90 99999.90 99999.90 99999.90 99999.90 99999.90 99999.90 99999.90 99999.90 99999.90 99999.90 99999.90 99999.90 99999.90 99999.90 99999.90 25.67 25.67 25.67 25.67 25.67 25.67 25.67 25.67 25.67 25.67 25.77 25.77 25.74 25.73 25.75 25.74 25.72 25.77 25.74 25.72 25.73 25.76 25.75 25.76 25.75 25.73 25.72 25.73 25.74 25.73 25.74 25.74 25.72 25.51 25.48 25.68 25.65 25.72 25.56 25.39 25.72 25.52 25.78 25.62 25.64 25.75 25.47 25.47 25.47 25.47 25.47
99999.90 99999.90 99999.90 99999.90 99999.90 99999.90 99999.90 99999.90 99999.90 99999.90 99999.90 99999.90 99999.90 99999.90 99999.90 99999.90 99999.90 99999.90 99999.90 99999.90 99999.90 99999.90 99999.90 99999.90 99999.90 99999.90 99999.90 99999.90 25.67 25.67 25.67 25.67 25.67 25.67 25.67 25.67 25.67 25.67 25.67 25.73 25.73 25.73 25.73 25.74 25.72 25.71 25.75 25.72 25.71 25.73 25.70 25.70 25.70 25.70 25.68 25.70 25.71 25.70 25.69 25.70 25.69 25.65 25.59 25.66 25.70 25.69 25.74 25.72 25.76 25.50 25.47 25.73 25.72 25.69 25.66 25.70 25.70 25.70 25.70
99999.90 99999.90 99999.90 99999.90 99999.90 99999.90 99999.90 99999.90 99999.90 99999.90 99999.90 99999.90 99999.90 99999.90 99999.90 99999.90 99999.90 99999.90 99999.90 99999.90 99999.90 99999.90 99999.90 99999.90 99999.90 99999.90 99999.90 25.58 25.67 25.67 25.67 25.67 25.67 25.67 25.67 25.67 25.67 25.67 25.67 25.71 25.71 25.71 25.72 25.73 25.72 25.74 25.71 25.70 25.69 25.70 25.68 25.68 25.71 25.69 25.70 25.69 25.66 25.70 25.66 25.69 25.69 25.66 25.59 25.69 25.69 25.74 25.57 25.75 25.76 25.68 25.75 25.78 25.69 25.73 25.69 25.71 25.71 25.71 25.71
99999.90 99999.90 99999.90 99999.90 99999.90 99999.90 99999.90 99999.90 99999.90 99999.90 99999.90 99999.90 99999.90 99999.90 99999.90 99999.90 99999.90 99999.90 99999.90 99999.90 99999.90 99999.90 99999.90 99999.90 99999.90 99999.90 99999.90 25.58 25.67 25.67 25.67 25.67 25.67 25.67 25.67 25.67 25.67 25.67 25.67 25.67 25.72 25.69 25.69 25.71 25.70 25.68 25.71 25.72 25.69 25.68 25.69 25.67 25.67 25.67 25.65 25.65 25.66 25.66 25.70 25.68 25.66 25.56 25.10 25.42 25.23 25.62 25.23 25.40 25.71 25.69 25.41 25.57 25.67 25.68 25.69 25.62 25.62 25.62 25.62
99999.90 99999.90 99999.90 99999.90 99999.90 99999.90 99999.90 99999.90 99999.90 99999.90 99999.90 99999.90 99999.90 99999.90 99999.90 99999.90 99999.90 99999.90 99999.90 99999.90 99999.90 99999.90 99999.90 99999.90 99999.90 99999.90 99999.90 25.58 25.67 25.67 25.67 25.67 25.67 25.67 25.67 25.63 25.63 25.63 25.63 25.63 25.69 25.68 25.72 25.69 25.67 25.67 25.69 25.68 25.68 25.68 25.68 25.67 25.68 25.66 25.64 25.63 25.62 25.64 25.67 25.68 25.62 25.41 25.39 25.27 25.23 25.00 25.68 25.14 25.66 25.67 25.47 25.53 25.69 25.71 25.67 25.69 25.69 25.69 25.69
99999.90 99999.90 99999.90 99999.90 99999.90 99999.90 99999.90 99999.90 99999.90 99999.90 99999.90 99999.90 99999.90 99999.90 99999.90 99999.90 99999.90 99999.90 99999.90 99999.90 99999.90 99999.90 99999.90 99999.90 99999.90 99999.90 99999.90 25.58 25.67 25.67 25.67 25.67 25.63 25.63 25.63 25.63 25.63 25.63 25.63 25.63 25.67 25.66 25.69 25.68 25.68 25.63 25.66 25.68 25.69 25.67 25.65 25.65 25.64 25.65 25.64 25.65 25.64 25.62 25.63 25.64 25.64 25.21 25.35 25.44 25.44 25.59 25.64 25.57 25.22 25.44 25.38 25.41 25.67 25.69 25.67 25.67 25.67 25.67 25.61
99999.90 99999.90 99999.90 99999.90 99999.90 99999.90 99999.90 99999.90 99999.90 99999.90 99999.90 99999.90 99999.90 99999.90 99999.90 99999.90 99999.90 99999.90 99999.90 99999.90 99999.90 99999.90 99999.90 99999.90 99999.90 99999.90 25.21 25.58 25.58 25.58 25.63 25.63 25.63 25.63 25.63 25.63 25.63 25.63 25.62 25.62 25.62 25.65 25.68 25.64 25.65 25.64 25.65 25.66 25.65 25.64 25.65 25.64 25.63 25.62 25.64 25.64 25.65 25.62 25.62 25.64 25.65 25.40 25.38 25.31 25.35 25.18 25.32 25.62 25.32 25.44 25.36 25.39 25.65 25.66 25.67 25.69 25.69 25.61 25.61
99999.90 99999.90 99999.90 99999.90 99999.90 99999.90 99999.90 99999.90 99999.90 99999.90 99999.90 99999.90 99999.90 99999.90 99999.90 99999.90 99999.90 99999.90 99999.90 99999.90 99999.90 99999.90 99999.90 99999.90 99999.90 99999.90 25.21 25.58 25.58 25.58 25.58 25.58 25.58 25.57 25.57 25.57 25.57 25.57 25.59 25.59 25.59 25.62 25.62 25.62 25.64 25.64 25.62 25.66 25.65 25.64 25.64 25.63 25.62 25.62 25.62 25.60 25.62 25.62 25.64 25.64 25.66 25.57 25.16 25.20 25.32 25.32 25.29 25.62 25.50 25.39 25.15 25.40 25.64 25.64 25.64 25.65 25.61 25.61 25.61
99999.90 99999.90 99999.90 99999.90 99999.90 99999.90 99999.90 99999.90 99999.90 99999.90 99999.90 99999.90 99999.90 99999.90 99999.90 99999.90 99999.90 99999.90 99999.90 99999.90 99999.90 99999.90 99999.90 99999.90 99999.90 99999.90 25.21 25.58 25.58 25.58 25.58 25.58 25.58 25.58 25.38 25.57 25.57 25.57 25.57 25.62 25.62 25.60 25.61 25.61 25.63 25.61 25.40 25.62 25.64 25.61 25.64 25.64 25.63 25.60 25.58 25.58 25.58 25.62 25.57 25.61 25.61 25.64 25.37 25.25 25.28 25.35 25.02 25.42 24.73 25.06 25.00 25.31 25.62 25.62 25.64 25.44 25.62 25.62 25.58
99999.90 99999.90 99999.90 99999.90 99999.90 99999.90 99999.90 99999.90 99999.90 99999.90 99999.90 99999.90 99999.90 99999.90 99999.90 99999.90 99999.90 99999.90 99999.90 99999.90 99999.90 99999.90 99999.90 99999.90 99999.90 99999.90 25.21 25.58 25.58 25.58 25.58 25.58 25.58 25.58 25.58 25.38 25.38 25.57 25.57 25.57 25.61 25.60 25.57 25.65 25.64 25.61 25.65 25.62 25.61 25.62 25.63 25.62 25.52 25.57 25.61 25.59 25.40 25.40 25.59 25.58 25.46 25.59 25.47 25.25 24.76 24.91 24.50 24.63 24.66 25.01 25.09 24.24 25.60 25.62 25.64 25.65 25.66 25.58 25.58
99999.90 99999.90 99999.90 99999.90 99999.90 99999.90 99999.90 99999.90 99999.90 99999.90 99999.90 99999.90 99999.90 99999.90 99999.90 99999.90 99999.90 99999.90 99999.90 99999.90 99999.90 99999.90 99999.90 99999.90 99999.90 99999.90 25.21 25.58 25.58 25.58 25.58 25.58 25.58 25.58 25.58 25.58 25.38 25.38 25.33 25.33 25.57 25.18 25.61 25.60 25.59 25.58 25.58 25.61 25.58 25.59 25.48 25.52 25.45 25.59 25.58 25.57 25.50 25.45 25.50 25.56 25.57 25.57 25.15 24.71 24.38 24.34 24.22 24.02 25.09 24.44 23.61 24.82 25.25 25.64 25.64 25.53 25.61 25.60 25.60
99999.90 99999.90 99999.90 99999.90 99999.90 99999.90 99999.90 99999.90 99999.90 99999.90 99999.90 99999.90 99999.90 99999.90 99999.90 99999.90 99999.90 99999.90 99999.90 99999.90 99999.90 99999.90 99999.90 99999.90 99999.90 99999.90 25.21 25.58 25.58 25.58 25.58 25.58 25.58 25.58 25.58 25.58 25.58 25.38 25.38 24.64 25.53 25.19 25.61 25.62 25.61 25.60 25.58 25.60 25.62 25.38 25.19 25.59 25.59 25.59 25.61 25.58 25.60 25.59 25.55 25.59 25.59 25.59 25.49 24.70 24.61 24.65 24.30 24.68 25.27 24.91 24.68 24.44 24.27 25.60 25.62 25.56 25.63 25.57 25.57
