main/data/irradiance/31.08.2023.grid
ncols 839
nrows 679
xllcenter 112.0500
yllcenter -43.9500
cellsize 0.0500
nodata_value 99999.90
[rows 102 to 135 of 679, columns 231 to 307 of 839]
99999.90 99999.90 99999.90 99999.90 99999.90 99999.90 99999.90 23.54 23.63 23.63 23.63 23.63 23.63 23.63 23.63 23.63 23.63 23.63 23.63 23.55 23.64 23.64 23.64 23.58 23.58 23.58 23.58 23.61 23.60 23.56 23.49 23.49 23.56 23.52 23.52 23.50 23.58 23.41 23.43 23.46 23.46 23.43 23.40 23.42 23.42 23.42 23.37 23.33 23.36 23.35 23.39 23.38 23.40 23.42 23.41 23.35 23.19 23.27 23.33 23.36 23.36 23.34 23.36 23.35 23.34 23.34 23.35 23.35 23.31 23.32 23.31 23.28 23.29 23.28 23.31 23.30 23.27
99999.90 99999.90 99999.90 99999.90 99999.90 99999.90 23.52 23.54 23.63 23.63 23.63 23.63 23.63 23.63 23.63 23.63 23.63 23.63 23.63 23.55 23.64 23.64 23.64 23.64 23.61 23.61 23.61 23.61 23.60 23.63 23.48 23.48 23.46 23.47 23.51 23.50 23.49 23.45 23.43 23.40 23.47 23.41 23.39 23.43 23.41 23.36 23.36 23.35 23.36 23.42 23.33 23.35 23.37 23.37 23.29 23.28 23.19 23.31 23.33 23.34 23.35 23.29 23.39 23.38 23.34 23.32 23.38 23.35 23.34 23.32 23.33 23.32 23.32 23.26 23.26 23.29 23.30
99999.90 99999.90 99999.90 99999.90 99999.90 99999.90 23.52 23.54 23.63 23.63 23.63 23.63 23.63 23.63 23.63 23.63 23.63 23.63 23.63 23.55 23.64 23.64 23.64 23.64 23.52 23.61 23.61 23.59 23.57 23.59 23.51 23.46 23.46 23.47 23.48 23.47 23.47 23.45 23.44 23.40 23.38 23.39 23.40 23.40 23.39 23.38 23.32 23.35 23.33 23.34 23.31 23.36 23.33 23.27 23.29 23.29 23.39 23.36 23.32 23.31 23.29 23.30 23.32 23.32 23.32 23.33 23.37 23.35 23.34 23.33 23.29 23.27 23.29 23.26 23.27 23.26 23.27
99999.90 99999.90 99999.90 99999.90 99999.90 99999.90 23.52 23.54 23.63 23.63 23.63 23.63 23.63 23.63 23.63 23.63 23.63 23.63 23.63 23.55 23.55 23.64 23.64 23.64 23.52 23.56 23.56 23.55 23.57 23.59 23.51 23.46 23.44 23.46 23.46 23.47 23.44 23.46 23.43 23.39 23.39 23.38 23.40 23.39 23.39 23.37 23.39 23.32 23.32 23.31 23.29 23.35 23.31 23.25 23.33 23.32 23.37 23.31 23.28 23.28 23.28 23.32 23.35 23.33 23.31 23.30 23.32 23.30 23.34 23.31 23.26 23.25 23.27 23.27 23.25 23.25 23.24
99999.90 99999.90 99999.90 99999.90 99999.90 99999.90 23.52 23.54 23.54 23.54 23.63 23.63 23.63 23.63 23.63 23.63 23.63 23.63 23.63 23.55 23.55 23.64 23.64 23.54 23.52 23.52 23.56 23.55 23.55 23.48 23.51 23.51 23.45 23.47 23.47 23.48 23.46 23.47 23.44 23.40 23.39 23.40 23.38 23.36 23.35 23.34 23.35 23.31 23.34 23.30 23.26 23.34 23.30 23.28 23.25 23.28 23.26 23.26 23.24 23.28 23.30 23.27 23.32 23.30 23.30 23.31 23.29 23.29 23.31 23.32 23.27 23.26 23.24 23.24 23.22 23.23 23.21
99999.90 99999.90 99999.90 99999.90 99999.90 99999.90 23.52 23.54 23.54 23.54 23.54 23.54 23.54 23.54 23.63 23.63 23.63 23.63 23.63 23.55 23.57 23.57 23.52 23.48 23.50 23.50 23.54 23.54 23.50 23.48 23.48 23.47 23.45 23.45 23.48 23.48 23.46 23.43 23.44 23.40 23.40 23.41 23.40 23.36 23.36 23.33 23.31 23.26 23.23 23.24 23.27 23.26 23.30 23.27 23.25 23.23 23.20 23.21 23.21 23.26 23.31 23.29 23.27 23.27 23.31 23.30 23.29 23.26 23.27 23.29 23.28 23.28 23.25 23.23 23.25 23.23 23.25
99999.90 99999.90 99999.90 99999.90 99999.90 99999.90 23.52 23.54 23.54 23.54 23.54 23.54 23.54 23.54 23.54 23.54 23.49 23.49 23.49 23.57 23.57 23.50 23.50 23.44 23.48 23.47 23.46 23.50 23.50 23.45 23.45 23.45 23.46 23.44 23.47 23.47 23.44 23.40 23.43 23.41 23.41 23.39 23.40 23.35 23.33 23.30 23.27 23.32 23.30 23.26 23.20 23.22 23.29 23.30 23.26 23.22 23.23 23.22 23.18 23.25 23.27 23.25 23.23 23.29 23.31 23.28 23.28 23.27 23.22 23.24 23.23 23.29 23.25 23.28 23.32 23.25 23.22
99999.90 99999.90 99999.90 99999.90 99999.90 99999.90 23.52 23.52 23.52 23.54 23.54 23.54 23.54 23.54 23.54 23.54 23.54 23.49 23.49 23.49 23.53 23.53 23.47 23.48 23.44 23.45 23.47 23.47 23.54 23.54 23.45 23.43 23.41 23.41 23.41 23.43 23.42 23.38 23.42 23.41 23.41 23.33 23.36 23.36 23.32 23.31 23.35 23.33 23.31 23.20 23.21 23.25 23.27 23.28 23.25 23.19 23.24 23.25 23.23 23.27 23.28 23.20 23.22 23.30 23.31 23.26 23.21 23.24 23.22 23.23 23.27 23.27 23.23 23.23 23.31 23.29 23.29
99999.90 99999.90 99999.90 99999.90 99999.90 99999.90 23.52 23.52 23.52 23.52 23.52 23.52 23.54 23.54 23.54 23.54 23.54 23.54 23.44 23.42 23.46 23.42 23.41 23.42 23.41 23.39 23.42 23.38 23.42 23.43 23.40 23.40 23.44 23.40 23.41 23.44 23.42 23.40 23.41 23.41 23.39 23.34 23.30 23.34 23.32 23.32 23.37 23.34 23.33 23.21 23.28 23.29 23.28 23.23 23.23 23.22 23.20 23.22 23.20 23.24 23.28 23.16 23.22 23.28 23.25 23.23 23.17 23.22 23.24 23.25 23.21 23.20 23.19 23.21 23.23 23.27 23.23
99999.90 99999.90 99999.90 99999.90 99999.90 99999.90 23.52 23.52 23.52 23.52 23.52 23.52 23.52 23.52 23.52 23.51 23.51 23.51 23.43 23.40 23.43 23.39 23.35 23.32 23.37 23.33 23.34 23.30 23.35 23.39 23.40 23.39 23.38 23.41 23.41 23.40 23.40 23.40 23.39 23.37 23.40 23.35 23.29 23.30 23.34 23.28 23.33 23.32 23.34 23.30 23.26 23.21 23.27 23.22 23.22 23.24 23.22 23.21 23.23 23.28 23.27 23.27 23.29 23.28 23.25 23.23 23.21 23.20 23.22 23.28 23.19 23.23 23.27 23.30 23.23 23.18 23.24
99999.90 99999.90 99999.90 99999.90 99999.90 99999.90 23.52 23.52 23.52 23.52 23.52 23.52 23.52 23.52 23.52 23.52 23.48 23.48 23.41 23.39 23.37 23.37 23.13 23.16 23.13 23.27 23.34 23.33 23.33 23.37 23.40 23.41 23.40 23.39 23.39 23.36 23.36 23.38 23.37 23.36 23.37 23.35 23.30 23.25 23.27 23.31 23.27 23.32 23.37 23.32 23.27 23.25 23.29 23.25 23.26 23.23 23.16 23.14 23.20 23.26 23.26 23.22 23.27 23.25 23.24 23.20 23.20 23.15 23.22 23.23 23.18 23.17 23.19 23.26 23.23 23.22 23.27
23.26 23.17 23.10 23.20 23.20 23.20 23.52 23.52 23.52 23.52 23.52 23.52 23.52 23.52 23.52 23.52 23.52 23.39 23.37 23.41 23.37 23.37 23.31 23.36 23.37 23.37 23.35 23.34 23.32 23.35 23.38 23.40 23.36 23.38 23.36 23.37 23.37 23.35 23.36 23.39 23.38 23.29 23.28 23.24 23.26 23.24 23.31 23.33 23.30 23.27 23.30 23.26 23.27 23.24 23.28 23.21 23.24 23.26 23.28 23.22 23.22 23.19 23.26 23.23 23.23 23.22 23.22 23.10 23.25 23.22 23.22 23.17 23.22 23.24 23.23 23.23 23.28
23.26 23.17 23.10 23.20 23.20 23.20 23.20 23.46 23.46 23.46 23.46 23.46 23.46 23.46 23.46 23.46 23.46 23.34 23.30 23.37 23.36 23.36 23.42 23.39 23.31 23.33 23.34 23.35 23.30 23.31 23.34 23.36 23.34 23.34 23.36 23.35 23.35 23.36 23.36 23.34 23.37 23.32 23.24 23.28 23.27 23.22 23.32 23.35 23.26 23.21 23.27 23.30 23.28 23.24 23.26 23.17 23.24 23.25 23.22 23.22 23.19 23.22 23.25 23.24 23.22 23.20 23.21 23.19 23.30 23.22 23.20 23.19 23.21 23.19 23.18 23.22 23.23
23.26 23.17 23.10 23.20 23.20 23.20 23.20 23.20 23.46 23.46 23.46 23.46 23.46 23.46 23.46 23.46 23.46 23.34 23.29 23.34 23.36 23.36 23.42 23.37 23.31 23.35 23.32 23.32 23.32 23.30 23.32 23.34 23.32 23.34 23.37 23.34 23.33 23.33 23.33 23.38 23.36 23.33 23.28 23.24 23.29 23.14 23.28 23.25 23.22 23.29 23.31 23.31 23.28 23.24 23.23 23.21 23.24 23.27 23.25 23.25 23.22 23.22 23.28 23.22 23.23 23.24 23.22 23.21 23.24 23.26 23.22 23.21 23.19 23.22 23.24 23.17 23.18
23.26 23.17 23.10 23.20 23.20 23.20 23.20 23.20 23.46 23.46 23.46 23.46 23.46 23.46 23.46 23.44 23.44 23.44 23.29 23.31 23.31 23.37 23.37 23.32 23.31 23.33 23.31 23.32 23.30 23.28 23.31 23.35 23.32 23.32 23.33 23.35 23.33 23.32 23.33 23.34 23.36 23.37 23.31 23.26 23.24 23.26 23.25 23.20 23.28 23.25 23.31 23.29 23.27 23.29 23.24 23.17 23.21 23.25 23.28 23.28 23.27 23.23 23.25 23.30 23.29 23.30 23.26 23.21 23.22 23.23 23.23 23.22 23.23 23.26 23.23 23.22 23.23
23.26 23.17 23.10 23.20 23.20 23.20 23.20 23.20 23.20 23.46 23.46 23.46 23.46 23.44 23.44 23.44 23.44 23.44 23.35 23.31 23.32 23.32 23.34 23.29 23.29 23.30 23.30 23.29 23.29 23.26 23.27 23.30 23.29 23.31 23.29 23.28 23.31 23.27 23.26 23.25 23.29 23.33 23.30 23.33 23.28 23.26 23.27 23.17 23.22 23.29 23.21 23.29 23.25 23.27 23.27 23.21 23.24 23.24 23.25 23.24 23.23 23.24 23.23 23.26 23.26 23.24 23.27 23.27 23.27 23.23 23.19 23.20 23.19 23.20 23.21 23.23 23.26
23.26 23.17 23.10 23.20 23.20 23.20 23.20 23.20 23.21 23.18 23.21 23.44 23.44 23.44 23.44 23.44 23.37 23.37 23.37 23.37 23.26 23.26 23.29 23.29 23.29 23.29 23.28 23.27 23.28 23.26 23.28 23.28 23.27 23.24 23.28 23.28 23.30 23.24 23.24 23.24 23.28 23.26 23.27 23.33 23.31 23.28 23.24 23.25 23.26 23.26 23.19 23.31 23.25 23.19 23.20 23.22 23.24 23.23 23.21 23.21 23.24 23.23 23.23 23.24 23.23 23.21 23.24 23.25 23.24 23.20 23.20 23.17 23.20 23.21 23.22 23.19 23.19
23.26 23.17 23.10 23.20 23.20 23.20 23.20 23.20 23.21 23.18 23.21 23.21 23.34 23.34 23.34 23.34 23.37 23.37 23.37 23.33 23.33 23.29 23.29 23.27 23.27 23.29 23.24 23.24 23.24 23.19 23.24 23.14 23.18 23.23 23.24 23.25 23.26 23.24 23.24 23.20 23.19 23.22 23.24 23.30 23.29 23.25 23.21 23.26 23.25 23.26 23.26 23.28 23.24 23.25 23.24 23.22 23.22 23.23 23.22 23.23 23.23 23.22 23.22 23.19 23.21 23.17 23.18 23.20 23.20 23.20 23.18 23.20 23.24 23.18 23.16 23.17 23.15
23.26 23.17 23.10 23.20 23.20 23.20 23.20 23.20 23.21 23.18 23.21 23.21 23.34 23.34 23.34 23.34 23.34 23.34 23.34 23.34 23.34 23.25 23.25 23.24 23.24 23.22 23.20 23.21 23.23 23.22 23.23 23.19 23.21 23.23 23.22 23.21 23.25 23.24 23.25 23.19 23.18 23.20 23.20 23.23 23.22 23.22 23.13 23.22 23.24 23.21 23.26 23.27 23.23 23.09 23.12 23.22 23.21 23.18 23.19 23.21 23.23 23.21 23.19 23.19 23.16 23.19 23.18 23.19 23.18 23.18 23.23 23.19 23.20 23.14 23.14 23.17 23.20
23.26 23.17 23.10 23.20 23.20 23.20 23.20 23.21 23.21 23.18 23.21 23.21 23.34 23.34 23.34 23.34 23.34 23.34 23.34 23.37 23.37 23.30 23.25 23.24 23.22 23.20 23.14 23.13 23.15 23.18 23.18 23.20 23.21 23.18 23.22 23.22 23.19 23.22 23.21 23.21 23.08 23.16 23.21 23.22 23.20 23.16 23.19 23.21 23.24 23.26 23.18 23.23 23.21 23.10 23.06 23.14 23.22 23.18 23.18 23.18 23.18 23.19 23.18 23.17 23.10 23.18 23.19 23.18 23.14 23.14 23.16 23.19 23.17 23.16 23.16 23.17 23.15
23.26 23.17 23.10 23.20 23.20 23.20 23.20 23.21 23.21 23.18 23.21 23.21 23.21 23.34 23.34 23.34 23.33 23.33 23.33 23.34 23.26 23.23 23.22 23.21 23.18 23.16 23.10 23.14 23.18 23.20 23.14 23.18 23.19 23.20 23.21 23.17 23.20 23.23 23.20 23.19 23.19 23.17 23.16 23.14 23.18 23.19 23.22 23.22 23.20 23.22 23.04 23.22 23.21 23.15 23.18 23.13 23.14 23.15 23.15 23.17 23.16 23.14 23.18 23.20 23.13 23.17 23.20 23.21 23.16 23.13 23.16 23.15 23.15 23.15 23.18 23.16 23.15
23.26 23.17 23.10 23.20 23.20 23.20 23.21 23.21 23.21 23.18 23.21 23.21 23.21 23.34 23.34 23.34 23.34 23.29 23.28 23.30 23.17 23.15 23.17 23.18 23.12 23.15 23.12 23.16 23.17 23.15 23.12 23.13 23.16 23.18 23.17 23.18 23.19 23.20 23.18 23.20 23.22 23.17 23.18 23.18 23.22 23.20 23.21 23.23 23.22 23.14 23.07 23.18 23.22 23.21 23.23 23.19 23.13 23.15 23.16 23.17 23.16 23.17 23.18 23.19 23.13 23.15 23.15 23.18 23.16 23.12 23.14 23.17 23.12 23.11 23.15 23.16 23.11
23.27 23.12 23.13 23.20 23.20 23.20 23.21 23.21 23.21 23.18 23.21 23.21 23.21 23.17 23.34 23.34 23.34 23.19 23.18 23.13 23.12 23.11 23.12 23.14 23.11 23.15 23.14 23.14 23.13 23.11 23.02 23.06 23.14 23.17 23.14 23.17 23.18 23.20 23.15 23.17 23.19 23.18 23.20 23.19 23.19 23.19 23.20 23.17 23.17 23.18 23.16 23.28 23.21 23.18 23.10 23.13 23.12 23.07 23.16 23.16 23.15 23.17 23.17 23.17 23.15 23.15 23.14 23.15 23.13 23.12 23.11 23.16 23.10 23.15 23.14 23.16 23.15
23.20 23.21 23.12 23.15 23.15 23.10 23.21 23.21 23.21 23.18 23.21 23.21 23.17 23.17 23.33 23.33 23.33 23.20 23.16 23.12 23.13 23.08 23.15 23.18 23.12 23.11 23.05 23.03 23.05 23.11 23.12 23.13 23.11 23.14 23.13 23.13 23.08 23.12 23.15 23.13 23.11 23.13 23.15 23.19 23.17 23.18 23.14 23.13 23.18 23.18 23.15 23.17 23.16 23.15 23.15 23.18 23.11 23.06 23.15 23.18 23.20 23.19 23.17 23.18 23.17 23.16 23.11 23.11 23.11 23.13 23.12 23.12 23.10 23.14 23.14 23.12 23.12
23.20 23.21 23.12 23.09 23.10 23.10 23.15 23.14 23.14 23.10 23.12 23.17 23.17 23.17 23.22 23.33 23.33 23.20 23.16 23.12 23.13 23.08 23.15 23.06 23.14 23.04 23.06 23.07 23.08 23.12 23.15 23.11 23.12 23.11 23.09 23.09 23.09 23.11 23.05 23.12 23.10 23.13 23.15 23.17 23.15 23.17 23.13 23.14 23.15 23.18 23.15 23.11 23.14 23.14 23.13 23.15 23.04 23.14 23.11 23.14 23.16 23.17 23.16 23.15 23.18 23.15 23.15 23.14 23.12 23.12 23.12 23.10 23.12 23.15 23.14 23.10 23.05
23.16 23.17 23.17 23.07 23.08 23.08 23.15 23.15 23.18 23.11 23.11 23.14 23.14 23.17 23.22 23.17 23.17 23.17 23.08 23.10 23.10 23.12 22.94 22.94 23.14 23.04 23.03 23.12 23.13 23.13 23.16 23.14 23.13 23.06 23.02 23.06 23.12 23.13 23.11 23.09 23.13 23.12 23.13 23.11 23.15 23.14 23.09 23.13 23.13 23.13 23.11 23.10 23.14 23.15 23.14 23.13 23.12 23.14 23.10 23.13 23.13 23.18 23.16 23.19 23.16 23.13 23.14 23.12 23.11 23.14 23.12 23.09 23.06 23.12 22.89 23.10 23.11
23.16 23.16 23.11 23.08 23.06 23.10 23.08 23.06 23.04 23.10 23.09 23.06 23.06 23.17 23.22 23.24 23.22 23.08 23.08 23.10 23.10 23.12 23.06 23.02 23.04 23.13 23.15 23.15 23.12 23.13 23.12 23.08 23.06 23.03 23.06 23.11 23.09 23.10 23.09 23.07 23.06 23.05 23.11 23.10 23.12 23.11 23.09 23.11 23.09 23.13 23.12 23.04 23.13 23.15 23.17 23.17 23.13 23.03 23.09 23.10 23.11 23.16 23.14 23.14 23.15 23.13 23.16 23.14 23.11 23.10 23.11 23.11 23.12 23.12 22.96 23.10 23.11
23.16 23.11 23.01 23.03 22.99 22.96 23.00 23.03 23.02 23.04 23.06 23.04 23.06 23.05 23.10 23.08 23.20 23.18 22.97 23.02 23.03 23.07 23.08 23.11 23.13 23.10 23.13 23.14 23.10 23.07 23.07 23.02 23.02 23.07 23.07 23.08 23.07 23.05 23.05 23.06 23.05 23.06 23.07 23.10 23.05 23.06 23.11 23.11 23.12 23.12 23.09 23.10 23.12 23.12 23.12 23.10 23.06 23.12 23.10 23.08 23.13 23.14 23.16 23.16 23.11 23.12 23.11 23.10 23.07 23.08 23.11 23.05 23.13 23.14 23.06 23.10 23.12
23.04 23.04 22.98 23.02 22.99 22.96 22.95 22.98 23.00 23.02 22.98 22.98 23.00 23.02 23.01 23.01 23.10 22.95 23.00 23.03 22.98 23.01 23.04 23.02 23.06 23.10 23.07 23.08 23.06 23.01 23.01 23.02 23.01 23.01 23.05 23.03 23.04 23.06 23.05 23.06 23.08 23.03 23.09 23.09 23.04 23.08 23.11 23.10 23.10 23.11 23.09 23.07 23.08 23.07 23.08 23.09 23.12 23.10 23.11 23.15 23.13 23.15 23.15 23.10 23.10 23.11 23.08 23.10 23.11 23.10 23.09 23.12 23.09 23.09 23.09 23.09 23.08
23.04 22.98 22.95 22.96 22.94 22.91 22.93 22.86 22.89 22.91 22.97 22.97 22.94 23.01 23.01 22.99 22.84 22.94 23.00 23.03 22.97 22.99 23.06 23.01 22.99 23.06 23.07 23.03 23.00 22.99 22.99 23.05 23.05 22.96 22.96 22.99 23.01 23.03 23.05 23.07 23.04 23.06 23.10 23.05 23.02 23.06 23.10 23.10 23.09 23.05 23.07 23.10 23.11 23.09 23.10 23.11 23.09 23.11 23.12 23.11 23.12 23.14 23.15 23.15 23.12 23.13 23.12 23.10 23.08 23.03 23.08 23.09 23.09 23.11 23.08 23.08 23.07
22.99 22.99 22.97 22.90 22.91 22.93 22.88 22.90 22.84 22.75 22.85 22.84 22.85 22.96 22.91 22.89 22.94 22.98 22.97 23.01 22.98 23.00 23.02 22.97 22.97 23.04 23.05 23.07 23.00 22.99 23.02 23.01 23.03 22.99 22.95 23.02 23.02 22.97 23.03 23.03 23.04 23.07 23.12 23.02 23.07 23.05 23.10 23.08 23.04 23.06 23.08 23.08 23.09 23.10 23.09 23.10 23.10 23.10 23.06 23.10 23.13 23.11 23.12 23.11 23.08 23.09 23.09 23.10 23.07 23.06 23.09 23.09 23.11 23.07 23.05 23.05 23.07
22.99 22.99 22.95 22.94 22.89 22.84 22.81 22.81 22.80 22.67 22.78 22.79 22.78 22.77 22.79 22.82 22.88 22.87 22.94 22.97 22.95 23.00 23.04 22.99 22.97 23.01 23.04 23.02 23.06 22.96 22.98 22.97 22.99 22.98 22.96 22.97 22.96 22.98 23.02 23.01 23.00 22.99 23.05 23.04 23.06 23.05 23.06 23.05 23.06 23.07 23.04 23.08 23.09 23.10 23.03 23.06 23.05 23.05 23.06 23.12 23.12 22.99 23.10 23.10 23.10 23.08 23.10 23.06 23.03 23.06 23.07 23.06 23.08 23.06 23.07 23.07 23.06
22.99 22.99 22.95 22.84 22.78 22.83 22.80 22.79 22.75 22.84 22.80 22.72 22.77 22.78 22.79 22.87 22.83 22.85 22.92 22.97 22.97 22.95 22.96 23.01 23.00 22.94 22.99 22.99 23.00 22.97 22.99 23.04 22.98 22.96 22.94 22.93 23.05 22.97 22.96 23.03 23.05 23.04 22.99 23.00 23.05 22.99 22.97 23.05 23.05 23.04 23.05 23.05 23.06 23.06 23.01 23.00 23.03 23.03 23.06 23.09 23.01 23.02 23.08 23.08 23.08 23.07 23.05 23.04 23.01 23.05 23.04 23.02 23.04 23.05 23.06 23.05 23.02
22.99 22.99 22.60 22.60 22.81 22.79 22.78 22.75 22.74 22.82 22.83 22.71 22.74 22.71 22.69 22.75 22.81 22.84 22.86 22.94 22.93 22.92 22.93 23.00 22.95 23.00 22.94 22.96 22.97 22.95 23.01 23.04 22.95 22.93 22.97 22.97 23.07 23.01 23.00 23.06 23.05 22.97 22.95 23.07 23.01 23.02 23.34 23.04 23.01 23.00 23.07 23.03 23.01 22.97 22.90 22.95 22.98 23.06 23.06 23.06 22.95 23.00 23.10 23.09 23.05 22.99 22.97 22.97 22.93 23.02 23.03 23.01 23.05 23.06 23.05 23.05 23.05
