main/data/irradiance/31.07.2023.grid
ncols 839
nrows 679
xllcenter 112.0500
yllcenter -43.9500
cellsize 0.0500
nodata_value 99999.90
[rows 68 to 101 of 679, columns 308 to 384 of 839]
21.28 21.28 21.28 21.28 21.28 21.28 21.28 21.28 21.28 99999.90 99999.90 99999.90 99999.90 99999.90 99999.90 99999.90 99999.90 99999.90 99999.90 99999.90 99999.90 99999.90 99999.90 99999.90 99999.90 99999.90 99999.90 99999.90 99999.90 99999.90 99999.90 99999.90 99999.90 99999.90 99999.90 99999.90 21.19 21.35 21.38 21.38 21.38 21.38 21.38 21.38 21.38 21.38 21.38 21.38 21.38 21.36 21.21 21.09 21.17 21.17 20.70 20.70 20.59 20.89 20.83 20.77 20.87 21.01 21.01 20.95 21.04 20.94 21.06 21.07 21.30 21.13 21.00 21.24 21.35 21.23 21.17 21.16 21.17
21.28 21.28 21.28 21.28 21.28 21.28 21.28 21.28 21.28 21.24 99999.90 99999.90 99999.90 99999.90 99999.90 99999.90 99999.90 99999.90 99999.90 99999.90 99999.90 99999.90 99999.90 99999.90 99999.90 99999.90 99999.90 99999.90 99999.90 99999.90 99999.90 99999.90 99999.90 99999.90 99999.90 99999.90 21.19 21.35 21.35 21.35 21.38 21.38 21.38 21.38 21.38 21.38 21.38 21.38 21.38 21.36 21.21 21.09 21.17 21.17 21.25 20.54 20.41 20.58 20.81 20.94 20.91 20.90 20.79 20.92 20.91 21.05 20.99 20.86 20.97 21.05 21.10 21.15 21.23 21.25 21.23 21.16 21.11
21.28 21.28 21.28 21.28 21.28 21.28 21.28 21.28 21.24 21.24 99999.90 99999.90 99999.90 99999.90 99999.90 99999.90 99999.90 99999.90 99999.90 99999.90 99999.90 99999.90 99999.90 99999.90 99999.90 99999.90 99999.90 99999.90 99999.90 99999.90 99999.90 99999.90 99999.90 99999.90 99999.90 21.08 21.19 21.35 21.35 21.35 21.35 21.35 21.35 21.38 21.38 21.38 21.38 21.38 21.38 21.36 21.21 21.09 21.07 21.19 21.30 21.07 20.68 20.53 20.65 20.82 20.76 20.82 20.90 21.00 20.92 21.06 21.07 20.89 20.69 20.91 20.95 21.00 21.12 21.14 21.08 21.22 21.23
21.28 21.28 21.28 21.28 21.28 21.28 21.28 21.24 21.24 21.24 21.14 21.14 99999.90 99999.90 99999.90 99999.90 99999.90 99999.90 99999.90 99999.90 99999.90 99999.90 99999.90 99999.90 99999.90 99999.90 99999.90 99999.90 99999.90 99999.90 99999.90 99999.90 21.17 21.17 21.17 21.17 21.19 21.35 21.35 21.35 21.35 21.35 21.35 21.35 21.35 21.35 21.34 21.34 21.34 21.30 21.15 21.08 21.14 21.24 21.28 21.34 20.83 20.65 20.78 20.77 20.65 20.84 20.96 21.06 21.14 21.30 21.10 20.77 20.68 20.92 20.94 20.69 20.95 21.01 20.87 21.30 21.41
21.28 21.28 21.28 21.28 21.28 21.28 21.24 21.24 21.24 21.14 21.14 21.14 21.13 99999.90 99999.90 99999.90 99999.90 99999.90 99999.90 99999.90 99999.90 99999.90 99999.90 99999.90 99999.90 99999.90 99999.90 99999.90 99999.90 99999.90 99999.90 99999.90 21.17 21.17 21.17 21.17 21.19 21.19 21.19 21.35 21.35 21.35 21.35 21.35 21.35 21.35 21.35 21.31 21.31 21.27 21.26 21.20 21.21 21.19 21.18 20.97 20.58 20.34 20.47 20.75 20.75 21.02 21.03 21.07 21.15 21.35 21.12 20.56 20.72 20.88 20.89 20.76 20.75 20.80 20.94 21.37 21.48
21.28 21.28 21.28 21.28 21.28 21.24 21.24 21.24 21.14 21.21 21.21 21.21 21.21 21.21 21.21 99999.90 99999.90 99999.90 99999.90 99999.90 99999.90 99999.90 99999.90 99999.90 99999.90 99999.90 99999.90 99999.90 99999.90 99999.90 99999.90 21.02 21.17 21.17 21.17 21.17 21.17 21.17 21.19 21.19 21.19 21.19 21.35 21.35 21.35 21.35 21.35 21.35 21.33 21.24 21.17 21.26 21.29 21.23 21.27 21.19 20.90 20.70 20.44 20.72 20.79 20.94 21.04 21.08 21.17 21.17 21.07 20.20 20.35 20.71 20.86 20.79 20.91 20.96 21.01 21.34 21.46
21.28 21.28 21.28 21.28 21.24 21.24 21.24 21.14 21.21 21.21 21.21 21.21 21.21 21.21 21.21 99999.90 99999.90 99999.90 99999.90 99999.90 99999.90 99999.90 99999.90 99999.90 99999.90 99999.90 99999.90 99999.90 99999.90 99999.90 21.08 21.02 21.17 21.17 21.17 21.17 21.17 21.17 21.17 21.19 21.19 21.19 21.19 21.19 21.19 21.27 21.27 21.27 21.22 21.27 21.19 21.32 21.35 21.30 21.35 21.30 21.31 21.15 20.77 20.94 20.88 21.11 21.34 21.11 21.21 21.18 21.12 20.48 20.50 20.73 20.90 20.84 20.95 21.05 20.82 21.21 21.19
21.28 21.28 21.28 21.24 21.24 21.24 21.14 21.14 21.21 21.21 21.21 21.21 21.21 21.21 21.21 21.00 99999.90 99999.90 99999.90 99999.90 99999.90 99999.90 99999.90 99999.90 99999.90 99999.90 99999.90 99999.90 99999.90 99999.90 21.08 21.08 21.17 21.17 21.17 21.17 21.17 21.17 21.17 21.17 21.19 21.19 21.19 21.19 21.19 21.19 21.19 21.27 21.01 21.20 21.26 21.32 21.32 21.26 21.30 21.29 21.28 21.29 21.19 20.98 21.08 21.17 21.01 21.04 21.15 21.12 21.07 20.87 20.84 20.86 20.94 20.87 20.99 21.09 20.86 21.10 21.15
21.28 21.28 21.24 21.24 21.24 21.14 21.14 21.21 21.21 21.21 21.21 21.21 21.21 21.21 21.21 21.00 21.06 99999.90 99999.90 99999.90 99999.90 99999.90 99999.90 99999.90 99999.90 99999.90 99999.90 99999.90 99999.90 21.10 21.08 21.08 21.17 21.17 21.17 21.17 21.17 21.17 21.17 21.17 21.17 21.19 21.19 21.19 21.19 21.19 21.19 21.16 21.06 21.23 21.30 21.30 21.25 21.20 21.20 21.21 21.27 21.17 20.98 21.11 21.19 21.15 20.98 20.96 21.07 21.11 21.02 21.08 21.06 21.18 20.88 20.96 21.11 21.13 21.12 20.99 20.95
21.28 21.24 21.24 21.24 21.14 21.14 21.21 21.21 21.21 21.21 21.21 21.21 21.21 21.21 21.21 21.06 21.06 21.14 99999.90 99999.90 99999.90 99999.90 99999.90 99999.90 99999.90 99999.90 99999.90 99999.90 99999.90 21.10 21.08 21.08 21.08 21.17 21.17 21.17 21.17 21.17 21.17 21.17 21.17 21.17 21.18 21.18 21.18 21.18 21.18 21.16 21.12 21.21 21.27 21.23 21.18 21.20 21.16 21.19 21.14 20.94 20.82 21.09 21.10 21.20 21.05 20.97 21.05 21.19 21.06 21.08 21.07 20.97 20.95 21.01 21.08 21.10 21.04 21.08 21.07
21.24 21.24 21.24 21.14 21.14 21.14 21.21 21.21 21.21 21.21 21.21 21.21 21.21 21.21 21.21 21.06 21.14 21.14 99999.90 99999.90 99999.90 99999.90 99999.90 99999.90 99999.90 99999.90 99999.90 99999.90 99999.90 21.10 21.08 21.08 21.08 21.08 21.08 21.17 21.17 21.17 21.17 21.17 21.17 21.17 21.17 21.08 21.18 21.18 21.18 21.17 21.13 21.19 21.28 21.26 21.22 21.22 21.17 21.14 20.95 20.80 20.83 20.99 21.11 21.28 21.06 20.97 21.03 21.22 21.13 21.16 21.08 21.02 21.03 21.09 21.13 21.02 21.02 21.05 21.09
21.24 21.24 21.14 21.14 21.14 21.21 21.21 21.21 21.21 21.21 21.21 21.21 21.21 21.21 21.06 21.14 21.14 21.14 20.95 99999.90 99999.90 99999.90 99999.90 99999.90 99999.90 99999.90 99999.90 99999.90 99999.90 21.10 21.08 21.08 21.08 21.08 21.08 21.08 21.17 21.17 21.17 21.17 21.17 21.17 21.17 20.97 21.08 21.07 21.07 21.14 21.13 21.20 21.14 21.13 21.16 21.16 21.21 21.04 20.86 20.76 20.85 21.01 21.10 21.23 21.36 21.04 20.94 21.15 21.16 21.22 21.17 20.95 20.96 21.11 21.11 20.96 20.95 21.03 20.97
21.17 21.14 21.14 21.14 21.13 21.21 21.21 21.21 21.21 21.21 21.21 21.21 21.06 21.06 21.14 21.14 21.14 21.14 20.95 20.96 99999.90 99999.90 99999.90 99999.90 99999.90 99999.90 99999.90 99999.90 99999.90 21.10 21.08 21.08 21.08 21.08 21.08 21.08 21.08 21.02 21.17 21.17 21.17 21.17 21.17 20.97 21.08 21.08 21.13 21.12 21.21 21.24 21.14 21.16 21.16 21.17 21.14 21.01 20.82 20.84 20.92 20.96 21.01 21.04 21.06 20.89 20.95 20.99 21.07 21.13 21.05 20.91 20.87 20.99 21.18 20.95 20.92 21.05 20.97
21.11 21.14 21.14 21.13 21.21 21.21 21.21 21.21 21.21 21.21 21.21 21.06 21.06 21.14 21.14 21.14 21.14 21.14 20.73 20.73 20.73 20.73 99999.90 99999.90 99999.90 99999.90 99999.90 99999.90 99999.90 21.10 21.10 21.10 21.08 21.08 21.08 21.08 21.08 21.08 21.02 21.02 21.17 21.17 21.17 20.97 21.01 21.10 21.12 21.06 21.11 21.25 21.23 21.24 21.23 21.21 21.10 21.03 21.04 21.05 20.99 21.01 21.04 21.06 20.97 20.94 21.00 20.97 21.03 20.99 21.03 20.98 20.94 20.96 21.13 20.97 20.87 20.96 21.01
21.12 21.13 21.13 21.13 21.21 21.21 21.21 21.21 21.21 21.00 21.06 21.06 21.14 21.14 21.14 21.14 21.14 20.73 20.73 20.73 20.73 20.73 20.99 99999.90 99999.90 99999.90 99999.90 99999.90 99999.90 21.10 21.10 21.10 21.10 21.10 21.08 21.08 21.08 21.08 21.08 21.02 21.02 21.08 21.08 20.94 21.05 21.01 21.09 21.09 21.13 21.19 21.24 21.26 21.23 21.18 21.11 20.97 20.97 21.06 21.07 21.03 20.98 21.02 20.91 21.02 21.00 20.98 20.97 21.00 20.93 20.97 20.92 20.96 20.95 20.94 20.93 20.90 20.99
21.03 21.08 21.11 21.12 21.21 21.21 21.21 21.00 21.00 21.06 21.06 21.14 21.14 21.14 21.14 21.14 20.73 20.73 20.73 20.73 20.73 20.99 20.99 20.96 99999.90 99999.90 99999.90 99999.90 99999.90 21.10 21.10 21.10 21.10 21.10 21.10 21.10 21.08 21.08 21.08 21.08 21.02 21.02 21.04 21.08 21.03 21.03 21.01 21.02 21.15 21.12 21.26 21.19 21.15 21.12 21.05 21.03 21.01 21.07 21.09 20.97 20.98 20.95 20.90 21.01 21.01 20.97 20.98 20.99 21.00 20.95 20.94 20.98 20.97 20.94 20.92 20.96 20.93
21.07 21.11 21.11 21.12 21.06 21.06 21.00 21.00 21.06 21.06 21.14 21.14 21.14 21.14 21.14 20.73 20.73 20.73 20.73 20.73 20.99 20.99 20.96 20.96 20.62 99999.90 99999.90 99999.90 99999.90 21.10 21.10 21.10 21.10 21.10 21.10 21.10 21.10 21.10 21.08 21.08 21.08 21.03 21.05 21.07 21.05 21.01 20.96 21.05 21.10 21.16 21.17 21.15 21.08 20.98 20.95 20.93 20.96 21.06 21.05 20.97 21.02 20.95 20.88 20.98 20.95 20.93 20.98 20.93 20.96 20.96 20.92 20.83 20.87 20.83 20.84 20.92 20.92
21.08 21.07 21.10 21.07 21.06 21.00 21.00 21.06 21.06 21.14 21.14 21.14 21.14 21.14 20.73 20.73 20.73 20.73 20.73 20.99 20.87 20.87 20.21 20.66 20.66 20.66 20.66 20.66 20.66 21.10 21.10 21.10 21.10 21.10 21.10 21.10 21.10 21.10 21.10 20.88 20.88 20.96 20.98 21.02 20.99 20.87 20.93 21.00 21.14 21.15 21.08 21.08 21.01 20.94 20.89 20.96 20.95 20.86 21.01 21.03 21.02 20.98 20.88 20.92 20.89 20.92 20.91 20.86 20.79 20.94 20.91 20.79 20.77 20.84 20.83 20.79 20.88
21.10 21.09 21.07 21.10 21.06 21.08 21.06 21.06 21.14 21.14 21.14 21.14 20.95 20.73 20.73 20.73 20.73 20.73 20.99 20.99 20.87 20.87 20.21 20.66 20.66 20.66 20.66 20.66 20.06 21.10 21.10 21.10 21.10 21.10 21.10 21.10 21.10 21.10 21.10 21.10 20.94 20.98 21.01 20.99 20.87 20.88 21.01 21.00 21.09 21.09 21.07 21.10 20.99 20.93 20.82 20.86 20.90 20.89 21.03 21.02 20.95 20.98 20.96 20.88 20.87 20.85 20.81 20.78 20.73 20.78 20.93 20.89 20.86 20.87 20.87 20.92 20.84
21.08 21.10 21.06 21.03 21.04 21.03 21.02 21.14 21.14 21.14 20.95 20.95 20.73 20.73 20.73 20.73 20.73 20.99 20.99 20.87 20.87 20.87 20.21 20.66 20.66 20.66 20.66 20.66 20.06 20.06 21.02 21.02 21.02 21.02 21.02 21.02 21.02 21.02 21.02 21.02 20.99 20.89 20.96 20.92 20.99 20.92 20.99 21.12 21.09 21.05 21.02 20.98 20.90 20.84 20.82 20.86 20.89 20.94 20.95 21.07 21.03 20.99 20.94 20.98 20.93 20.86 20.88 20.80 20.78 20.81 20.85 20.93 20.95 20.92 20.88 20.94 20.91
21.06 21.07 21.07 20.99 21.04 21.07 21.01 20.92 20.92 20.95 20.95 20.96 20.73 20.73 20.73 20.73 20.99 20.99 20.96 20.87 20.87 20.87 20.21 20.66 20.66 20.66 20.66 20.66 20.06 20.06 20.06 21.02 21.02 21.02 21.02 21.02 21.02 21.02 21.02 21.02 21.03 21.00 20.94 20.76 20.82 21.00 20.96 21.02 21.17 20.99 21.04 20.83 20.83 20.79 20.84 20.84 20.79 20.85 20.98 21.03 21.01 20.99 20.96 20.87 20.89 20.87 20.93 20.81 20.85 20.84 20.86 20.94 20.96 20.94 20.89 20.90 20.90
21.05 21.08 21.06 21.03 21.03 21.03 20.99 21.03 20.95 20.95 20.96 20.73 20.73 20.73 20.73 20.99 20.99 20.96 20.96 20.87 20.87 20.87 20.21 20.66 20.66 20.66 20.66 20.06 20.06 20.06 20.42 19.89 21.02 21.02 21.02 21.02 21.02 21.02 21.02 21.03 21.03 21.01 20.81 20.92 20.41 20.47 20.92 20.75 21.20 20.94 21.02 20.73 20.81 20.91 20.83 20.80 20.82 20.84 20.95 20.93 20.90 20.89 20.84 20.83 20.83 20.87 20.86 20.94 20.92 20.89 20.92 20.96 20.95 20.96 20.89 20.85 20.85
21.00 21.01 21.02 20.97 20.95 20.98 20.98 20.90 20.87 20.96 20.96 20.73 20.73 20.73 20.99 20.99 20.96 20.96 20.62 20.87 20.87 20.87 20.21 20.66 20.66 20.66 20.66 20.06 20.06 20.06 20.42 19.89 19.89 21.02 21.02 21.02 21.02 21.02 21.03 21.03 21.01 21.01 20.81 20.67 20.28 20.39 20.92 20.27 20.88 20.86 20.76 20.78 20.77 20.80 20.84 20.79 20.83 20.83 20.93 20.96 20.91 20.85 20.79 20.77 20.81 20.76 20.77 20.90 20.97 20.94 20.96 20.94 20.90 20.84 20.79 20.79 20.84
20.97 21.00 21.00 20.99 20.94 20.95 20.95 21.00 20.98 20.99 20.88 20.73 20.73 20.99 20.99 20.96 20.96 20.62 20.62 20.87 20.87 20.87 20.21 20.66 20.66 20.66 20.66 20.06 20.06 20.06 20.42 19.89 19.89 19.89 20.50 21.02 21.02 21.03 21.03 21.01 21.01 21.01 20.67 20.67 20.28 20.39 20.12 20.35 20.85 20.85 20.78 20.77 20.73 20.80 20.88 20.84 20.80 20.83 20.84 20.83 20.88 20.76 20.72 20.75 20.80 20.80 20.77 20.80 20.84 20.88 20.94 20.89 20.85 20.87 20.85 20.82 20.84
20.91 20.95 20.95 20.93 20.94 20.98 20.99 21.00 21.03 21.00 20.92 20.93 20.99 20.99 20.96 20.96 20.62 20.62 20.87 20.87 20.87 20.87 20.21 20.66 20.66 20.66 20.06 20.06 20.06 20.06 20.42 19.89 19.89 19.89 20.50 20.50 20.50 21.03 21.01 21.01 20.35 20.35 20.35 20.35 19.97 19.88 20.64 20.87 20.81 20.82 20.90 20.78 20.75 20.86 20.82 20.81 20.78 20.79 20.71 20.74 20.77 20.73 20.72 20.76 20.79 20.79 20.75 20.72 20.76 20.80 20.79 20.75 20.77 20.78 20.74 20.77 20.79
20.81 20.88 20.87 20.92 20.91 20.87 20.92 20.92 20.97 20.96 20.95 20.81 20.94 20.96 20.96 20.62 20.62 20.62 20.87 20.87 20.87 20.87 20.21 20.66 20.66 20.66 20.06 20.06 20.06 20.14 20.42 19.89 19.89 19.89 20.50 20.50 20.50 20.15 20.15 20.35 20.35 20.35 20.35 20.35 20.40 19.80 20.88 20.86 20.80 20.77 20.77 20.91 20.78 20.86 20.83 20.78 20.82 20.77 20.69 20.72 20.69 20.72 20.71 20.79 20.87 20.77 20.76 20.73 20.71 20.72 20.67 20.66 20.67 20.73 20.77 20.80 20.74
20.92 20.93 20.88 20.92 20.85 20.87 20.90 20.89 20.86 20.93 20.93 20.91 20.90 20.90 20.62 20.62 20.62 20.62 20.76 20.87 20.87 20.87 20.21 20.66 20.66 19.20 20.06 20.06 20.06 20.14 20.42 19.89 19.89 19.89 20.50 20.50 20.50 20.15 20.15 20.15 20.35 20.35 20.35 20.40 20.40 19.96 20.66 20.39 20.62 20.60 20.68 20.85 20.81 20.82 20.76 20.70 20.83 20.74 20.68 20.68 20.67 20.72 20.73 20.72 20.85 20.75 20.69 20.70 20.67 20.63 20.60 20.49 20.59 20.70 20.74 20.67 20.74
20.96 20.92 20.90 20.87 20.88 20.89 20.88 20.90 20.78 20.83 20.91 20.93 20.92 20.92 20.67 20.67 20.67 20.67 20.76 20.76 20.87 20.87 20.21 20.66 20.66 19.20 20.06 20.06 19.60 20.14 20.42 19.89 19.89 19.89 20.50 20.50 20.50 20.15 20.15 20.15 20.37 20.37 20.40 20.40 19.96 19.96 20.66 20.38 20.62 20.60 20.68 20.90 20.89 20.88 20.86 20.79 20.77 20.73 20.71 20.70 20.71 20.74 20.74 20.73 20.84 20.74 20.70 20.63 20.63 20.55 20.49 20.53 20.65 20.68 20.69 20.65 20.68
20.99 20.91 20.91 20.92 20.90 20.87 20.83 20.88 20.86 20.86 20.84 20.87 20.82 20.66 20.67 20.67 20.67 20.66 20.76 20.76 20.76 20.74 21.16 19.61 19.59 19.20 20.06 20.06 19.60 20.14 20.42 19.89 19.89 19.89 20.50 20.50 20.50 20.15 20.15 20.57 20.37 20.37 20.15 20.15 20.15 20.00 20.62 20.38 20.75 20.75 20.85 20.83 20.78 20.72 20.81 20.81 20.78 20.70 20.73 20.75 20.74 20.82 20.77 20.79 20.79 20.69 20.61 20.59 20.61 20.52 20.58 20.52 20.66 20.72 20.68 20.68 20.72
20.96 20.95 20.97 20.99 20.96 20.86 20.89 20.85 20.90 20.89 20.84 20.87 20.73 20.37 20.37 20.37 20.66 20.66 20.66 20.62 20.62 20.65 20.78 21.06 21.04 21.12 19.55 20.79 19.60 20.14 20.42 19.89 19.89 19.80 20.50 20.50 20.50 20.15 20.15 20.57 20.37 20.37 20.15 20.15 20.15 20.00 20.62 20.31 20.73 20.78 20.83 20.78 20.74 20.76 20.75 20.79 20.79 20.76 20.73 20.77 20.76 20.76 20.76 20.78 20.75 20.79 20.66 20.61 20.59 20.55 20.52 20.64 20.69 20.74 20.70 20.71 20.79
21.02 21.00 21.02 20.96 20.93 20.84 20.82 20.84 20.86 20.87 20.84 20.80 20.76 20.37 20.37 20.66 20.66 20.66 20.66 20.63 20.36 20.54 20.65 20.76 20.83 20.84 20.84 21.10 20.56 20.70 20.47 19.33 19.80 19.80 19.91 20.23 20.23 19.93 19.78 20.57 20.37 20.37 20.37 19.79 19.79 20.34 20.70 20.69 20.88 20.77 20.79 20.75 20.73 20.76 20.76 20.69 20.73 20.75 20.70 20.74 20.72 20.74 20.70 20.66 20.66 20.68 20.62 20.51 20.59 20.64 20.65 20.68 20.67 20.71 20.68 20.71 20.65
20.98 21.01 20.96 20.90 20.94 20.92 20.87 20.79 20.80 20.82 20.85 20.78 20.69 20.69 20.69 20.74 20.32 20.32 20.32 20.63 20.44 20.47 20.63 20.76 20.86 20.84 20.84 20.84 20.76 20.80 20.90 19.50 19.65 19.84 19.91 19.91 20.34 20.04 19.91 20.35 20.10 20.10 20.26 19.69 19.69 20.14 20.66 20.73 20.77 20.70 20.72 20.74 20.73 20.72 20.66 20.66 20.69 20.69 20.62 20.71 20.75 20.76 20.72 20.57 20.52 20.49 20.42 20.47 20.55 20.57 20.69 20.69 20.63 20.66 20.64 20.63 20.63
20.84 20.85 20.91 20.89 20.93 20.91 20.84 20.84 20.86 20.88 20.81 20.72 20.71 20.71 20.71 20.74 20.74 20.71 20.57 20.51 20.47 20.65 20.53 20.76 20.80 20.79 20.83 20.82 20.72 20.55 20.87 19.55 19.83 19.81 19.97 19.97 20.34 20.17 20.60 20.38 20.01 20.26 20.26 20.32 20.32 20.59 20.64 20.74 20.75 20.67 20.73 20.75 20.74 20.73 20.69 20.73 20.68 20.66 20.69 20.74 20.74 20.76 20.75 20.67 20.52 20.50 20.51 20.51 20.59 20.67 20.70 20.70 20.63 20.62 20.60 20.63 20.67
20.80 20.86 20.88 20.84 20.87 20.83 20.78 20.76 20.86 20.84 20.77 20.72 20.43 20.43 20.67 20.91 20.91 20.89 20.65 20.77 20.83 20.84 20.71 20.71 20.76 20.81 20.83 20.83 20.78 20.68 20.65 20.64 20.04 19.78 19.69 19.69 20.85 20.85 20.50 20.35 20.46 20.61 20.26 20.26 20.32 20.53 20.60 20.61 20.64 20.65 20.68 20.67 20.69 20.70 20.65 20.65 20.56 20.59 20.66 20.70 20.68 20.72 20.68 20.57 20.50 20.49 20.48 20.51 20.54 20.68 20.55 20.54 20.51 20.51 20.49 20.57 20.63
