main/data/irradiance/31.12.2023.grid
ncols 839
nrows 679
xllcenter 112.0500
yllcenter -43.9500
cellsize 0.0500
nodata_value 99999.90
[rows 238 to 271 of 679, columns 693 to 769 of 839]
28.55 26.78 25.85 25.94 27.00 28.06 28.96 28.57 29.98 28.57 27.23 28.53 28.38 29.07 29.28 26.87 27.26 26.96 27.56 27.56 26.98 28.16 25.36 23.71 23.21 21.87 21.96 22.27 23.35 24.77 23.68 24.45 19.67 18.21 19.56 20.77 21.96 24.87 26.35 23.96 24.94 25.25 27.21 26.91 26.22 25.22 24.05 24.28 24.73 26.20 26.31 25.06 22.84 23.27 23.15 26.55 26.55 26.55 25.93 25.93 25.93 24.75 24.75 24.75 24.75 24.75 24.75 24.75 28.65 28.65 28.65 28.65 28.65 30.12 30.12 30.12 30.12
29.33 29.30 28.13 27.53 29.08 29.50 29.14 27.15 28.43 28.19 26.27 26.07 27.02 26.00 28.51 26.50 26.90 27.04 27.09 26.33 26.15 25.61 23.05 21.54 20.72 20.67 20.11 20.72 22.35 24.09 22.60 22.54 21.40 19.61 19.20 21.76 23.62 24.59 24.75 23.22 24.81 26.22 26.70 26.27 25.71 25.50 23.99 25.03 25.98 27.43 26.17 25.57 23.85 22.11 22.29 24.92 24.92 25.93 25.93 25.93 25.93 24.75 24.75 24.75 24.75 24.75 24.75 28.65 28.65 28.65 28.65 28.65 28.65 30.12 30.12 30.12 30.12
29.69 28.61 26.14 28.00 28.67 28.79 28.78 28.98 28.89 28.21 26.81 25.47 26.96 25.85 26.88 25.64 26.44 26.58 26.21 26.39 25.31 23.95 21.93 21.87 22.64 21.10 21.81 21.46 22.49 23.65 21.56 21.75 23.10 20.22 20.15 21.27 22.27 23.96 24.67 23.65 23.90 25.29 25.27 26.13 25.00 24.40 24.23 24.89 28.03 26.99 26.70 25.97 24.45 23.99 22.37 23.05 25.93 25.93 25.93 25.93 25.93 24.75 24.75 24.75 24.75 24.75 24.75 28.65 28.65 28.65 28.65 28.65 28.65 30.12 30.12 30.12 30.12
29.66 29.17 26.80 27.66 29.41 29.42 29.83 29.55 29.10 28.84 26.36 27.10 27.20 27.65 26.21 24.70 25.73 26.10 26.94 27.21 27.17 26.11 23.91 22.78 22.32 21.81 22.59 21.97 23.06 23.74 23.15 21.84 21.94 19.87 20.28 22.28 20.51 21.78 23.33 21.91 23.72 23.55 25.27 24.78 23.50 24.36 24.41 25.36 27.30 27.15 26.07 25.59 24.68 24.79 24.56 22.74 24.41 24.41 24.41 24.41 24.41 24.75 24.75 24.75 24.75 24.75 27.68 28.65 28.65 28.65 28.65 28.65 28.65 30.12 30.12 30.12 30.12
29.19 28.88 27.93 27.86 29.01 29.12 29.05 29.52 28.34 27.71 26.32 26.38 27.94 27.59 27.26 26.47 26.36 25.49 26.54 26.70 26.55 27.60 23.84 24.05 23.26 21.64 21.64 22.28 22.82 23.17 23.29 20.31 20.20 20.88 21.36 23.72 23.77 22.71 22.96 21.98 24.30 24.12 25.01 23.76 23.21 24.49 24.66 24.78 25.89 26.37 25.52 26.05 25.56 25.77 26.16 23.74 25.19 25.19 25.19 26.42 26.42 24.75 24.75 24.75 24.75 24.75 27.68 28.65 28.65 28.65 28.65 28.65 26.73 30.12 30.12 30.12 30.12
28.95 28.93 28.64 28.58 28.51 29.11 27.57 28.43 28.64 28.53 27.42 27.00 26.67 26.44 24.86 25.88 26.46 25.59 25.60 23.51 24.35 25.23 25.74 24.47 21.59 21.84 21.63 20.74 23.35 23.12 22.04 20.20 20.17 19.59 21.16 23.76 24.81 24.58 23.06 22.51 25.46 25.42 23.99 23.33 23.93 25.31 24.25 24.49 25.25 25.32 25.23 25.97 26.53 27.03 26.89 25.09 25.17 25.17 26.42 26.42 26.42 23.24 23.24 23.24 23.24 23.24 27.68 28.65 28.65 28.65 26.73 26.73 26.61 30.12 30.12 30.12 30.12
29.42 28.57 28.66 28.06 28.90 28.20 28.17 28.57 27.74 28.58 27.88 27.31 26.97 26.12 24.51 26.10 27.10 24.12 24.88 23.74 22.93 23.77 25.18 24.50 23.03 20.50 21.10 21.30 21.80 22.78 21.16 20.44 19.21 19.90 20.55 22.56 25.18 26.51 24.38 22.97 25.30 25.24 25.12 23.59 25.65 25.98 24.72 24.85 24.64 24.72 25.16 25.75 26.64 27.24 27.48 26.71 25.51 26.42 26.42 26.42 26.82 23.24 23.24 23.24 23.24 26.75 26.75 27.82 27.82 26.73 26.73 26.61 26.61 30.12 30.12 30.12 30.12
29.04 28.40 28.46 27.82 29.07 28.15 28.62 27.80 27.31 28.50 27.47 26.99 26.24 26.89 22.55 23.96 26.72 23.74 24.02 22.91 22.76 21.80 22.34 21.47 21.35 21.48 22.40 22.58 21.52 22.83 21.38 20.38 21.13 19.22 20.80 23.03 24.48 26.14 25.24 24.49 26.80 26.45 26.54 25.76 26.69 26.38 25.88 24.69 24.49 25.15 25.91 26.27 26.30 26.82 27.69 26.97 26.37 26.24 26.24 26.82 27.62 27.62 23.24 27.90 27.90 27.90 26.81 26.82 26.73 26.73 26.61 26.61 27.55 30.12 30.12 30.12 30.12
29.31 27.94 28.45 27.46 28.26 28.25 28.08 28.25 27.50 28.65 27.53 26.49 25.25 26.20 25.00 22.78 24.42 23.92 23.88 23.20 23.11 23.12 21.88 20.99 20.52 21.96 23.28 22.77 23.54 24.21 24.35 22.27 22.67 22.85 22.54 23.83 23.65 25.60 25.37 25.05 26.08 27.07 27.58 27.28 27.28 27.46 26.57 25.83 25.19 26.25 25.37 25.90 26.68 25.63 27.73 27.15 26.02 26.06 26.82 26.82 27.62 27.62 26.01 28.16 28.16 28.16 28.78 26.94 26.55 26.61 26.61 26.61 27.55 27.55 30.12 30.12 30.12
29.54 29.14 28.46 27.72 28.41 28.57 28.49 27.28 28.29 27.81 27.39 26.31 26.72 27.38 27.65 24.87 25.57 24.10 25.18 23.66 22.15 21.65 23.00 21.86 21.52 22.53 24.01 24.46 25.28 24.74 25.54 22.08 24.23 23.97 24.97 23.88 23.87 25.43 25.92 26.95 26.31 27.61 27.48 26.83 27.67 27.75 27.37 27.03 25.93 26.38 26.58 27.59 27.56 23.49 26.32 27.24 26.91 25.83 26.31 27.61 27.62 27.62 26.01 26.01 28.16 28.16 28.96 28.62 27.58 26.63 26.63 27.58 27.55 27.55 27.55 30.21 30.21
28.28 28.55 28.13 27.24 27.41 27.65 27.94 28.43 28.78 28.26 26.77 26.58 24.77 26.28 26.69 27.79 26.50 26.00 25.19 24.90 24.02 20.67 22.28 24.38 22.34 23.65 24.52 26.34 27.20 27.07 25.81 24.15 22.73 23.90 24.87 23.89 24.93 24.74 26.25 27.53 26.17 25.40 26.34 27.50 27.77 26.67 26.88 26.26 27.56 26.68 27.52 28.61 28.06 24.55 23.64 26.11 28.27 26.62 26.77 26.95 27.62 26.01 26.01 26.01 26.38 28.74 28.74 28.10 28.73 28.49 27.71 27.58 27.55 27.55 28.81 30.04 30.04
28.59 27.28 27.88 27.13 28.67 27.58 28.76 28.67 28.86 28.35 27.82 27.02 25.82 25.32 24.36 26.09 27.61 24.80 25.55 26.24 23.82 22.48 22.85 24.39 24.10 22.79 24.84 25.47 26.18 25.92 25.36 23.65 20.65 20.07 23.16 24.16 24.78 25.06 26.58 25.87 25.33 23.75 25.86 26.87 27.42 27.21 25.96 26.19 26.99 27.50 27.38 27.73 28.46 25.60 21.46 23.93 26.66 27.46 27.41 27.40 27.40 26.88 27.30 26.38 26.38 28.74 28.74 29.02 28.48 27.82 28.92 27.64 27.26 28.81 28.81 30.07 30.04
28.43 26.64 27.74 26.81 27.29 27.41 28.03 27.81 28.04 27.86 27.57 26.76 26.37 26.10 25.05 26.33 27.13 24.65 26.32 26.69 25.52 24.77 23.80 23.86 23.78 23.98 24.74 25.48 24.52 25.21 25.51 23.45 21.92 21.35 22.20 23.23 24.64 25.51 25.66 25.33 25.15 25.15 25.11 26.72 28.05 27.62 26.70 26.87 26.67 27.66 27.26 27.25 27.68 25.63 21.59 23.04 26.23 27.63 27.44 27.03 26.33 27.44 27.86 27.05 28.20 28.20 28.86 28.86 28.10 27.87 29.08 28.20 27.67 28.73 29.42 30.07 30.07
27.00 27.82 27.88 27.25 27.39 27.44 28.27 27.59 27.42 28.81 28.08 27.32 27.23 26.06 26.02 26.04 26.84 24.65 26.24 25.61 24.97 25.93 26.85 26.49 23.75 23.92 23.93 23.90 25.09 24.70 24.57 23.71 21.40 20.69 22.21 22.85 24.97 24.80 25.68 25.34 25.87 26.21 25.86 26.11 27.98 28.18 27.48 28.31 27.49 27.29 27.81 27.30 27.25 26.25 23.65 23.57 25.84 27.08 27.15 26.65 26.73 26.92 27.95 26.75 27.38 28.09 28.09 27.33 26.86 26.93 28.15 28.69 29.15 29.42 29.24 29.26 29.38
27.76 26.47 26.73 27.13 26.90 27.37 27.73 27.69 28.36 28.41 28.82 28.23 27.69 26.34 25.00 24.57 24.91 25.47 26.06 26.01 25.11 25.96 25.05 25.35 22.83 22.64 22.10 24.07 24.11 24.65 21.43 21.48 22.87 22.96 23.43 22.13 25.53 25.08 25.42 24.49 23.64 25.46 25.83 26.12 26.96 26.90 26.97 27.49 27.48 27.28 27.79 28.22 26.95 27.20 26.09 25.53 26.33 26.78 26.54 25.55 25.64 26.77 27.66 26.03 25.84 28.31 27.87 27.20 28.30 28.36 27.65 28.33 29.64 29.96 30.01 29.45 28.52
28.16 27.17 27.57 27.08 26.75 26.18 27.20 27.76 28.32 28.61 28.20 28.73 27.50 26.58 26.05 25.68 25.56 24.96 25.90 25.47 24.87 25.00 23.30 22.01 21.48 20.90 20.25 23.90 24.62 22.93 20.01 21.31 19.82 21.92 21.54 22.62 24.23 25.00 24.70 23.75 24.50 24.59 25.38 25.83 25.96 25.31 25.32 25.92 26.85 27.74 27.70 27.67 26.73 27.94 27.12 26.57 26.88 26.69 26.57 26.09 26.06 25.99 26.56 25.82 26.77 27.18 28.11 28.19 28.46 29.06 28.58 28.30 29.18 29.43 29.85 29.77 29.30
27.81 27.46 28.07 27.23 26.43 26.53 26.53 27.13 27.42 28.10 27.47 27.44 26.53 27.50 26.39 26.00 25.25 24.06 24.39 25.51 24.87 24.40 24.14 21.42 19.13 20.28 21.59 24.17 23.51 24.32 21.40 20.26 20.98 20.60 20.76 24.01 21.81 24.65 24.20 24.93 24.80 25.48 25.29 25.61 26.85 27.36 27.79 26.89 26.91 28.28 27.78 27.88 27.25 27.42 26.96 27.25 27.71 28.16 27.60 27.28 26.69 25.90 25.06 23.87 25.35 27.12 28.91 28.15 28.62 28.77 29.28 28.94 29.28 29.12 29.46 29.13 28.65
27.68 26.84 27.44 26.97 26.64 27.25 26.30 26.07 26.42 26.89 26.67 26.16 26.88 25.35 26.16 26.25 27.27 26.32 26.03 26.78 26.66 25.57 23.73 22.57 21.16 23.52 23.72 23.11 24.38 24.82 23.36 21.69 21.31 21.80 22.35 22.73 21.85 23.18 24.49 23.82 24.33 25.34 24.42 24.90 27.22 27.95 27.33 26.53 26.13 27.20 28.33 27.59 26.89 26.81 26.16 27.08 27.71 26.62 27.35 27.50 26.84 25.57 24.33 24.34 24.32 26.98 28.66 28.33 27.48 27.95 28.43 28.37 29.41 28.74 29.48 29.27 29.04
27.74 27.60 28.38 28.25 27.32 24.51 25.61 26.44 26.02 26.33 25.94 25.97 26.38 26.51 27.12 26.64 27.51 26.53 26.77 26.06 26.10 26.04 23.78 23.60 23.03 21.55 22.21 21.97 22.74 23.72 24.10 23.44 21.05 24.29 24.03 23.43 22.50 23.45 24.28 24.60 24.85 24.63 24.11 24.92 26.08 26.31 25.74 25.61 26.20 26.56 26.61 26.66 25.38 25.53 26.56 26.11 26.65 27.14 27.51 27.69 25.68 25.98 24.86 24.74 25.01 26.43 28.10 27.27 27.32 26.98 27.20 27.69 28.61 28.74 28.87 29.05 28.98
28.81 27.35 28.36 27.95 27.72 26.19 25.43 25.68 25.35 26.39 25.86 25.83 26.43 26.53 26.27 26.19 27.45 27.07 26.69 27.62 26.99 26.60 25.45 23.47 24.49 22.82 20.39 20.86 22.71 22.24 24.20 23.89 24.45 23.46 21.35 20.27 22.45 23.61 24.87 24.40 25.48 24.45 23.77 23.86 25.51 24.62 23.57 24.52 25.06 25.08 24.50 25.30 23.92 22.77 25.06 25.14 25.50 26.31 27.09 26.37 25.61 26.81 25.60 25.24 25.53 25.55 25.89 27.00 26.72 27.60 27.68 28.63 28.53 27.99 28.19 28.32 28.12
27.05 26.19 26.84 26.93 27.08 27.39 24.90 24.58 25.92 26.07 27.31 26.39 26.85 26.38 26.39 26.21 27.76 26.77 28.06 26.25 27.06 27.82 26.66 25.52 22.46 22.89 22.99 23.44 23.75 23.85 23.16 23.96 24.29 23.09 22.49 21.05 21.14 21.86 22.73 22.83 24.39 23.96 23.40 24.65 25.02 23.56 22.87 22.16 22.93 24.17 22.14 23.54 24.12 24.38 24.35 24.70 25.36 25.34 26.64 25.71 25.13 25.73 24.51 25.29 25.33 25.31 25.09 25.20 26.82 27.09 27.05 27.41 28.43 27.41 27.79 26.93 27.69
25.48 25.62 26.18 27.58 27.38 26.11 26.03 24.51 24.96 26.33 26.67 27.36 26.17 26.31 26.92 26.16 26.88 25.17 26.84 26.84 27.72 27.66 24.78 23.77 24.24 23.74 26.28 26.61 26.39 25.16 24.44 24.97 23.54 21.02 18.83 19.29 20.73 20.94 22.37 23.17 23.08 22.38 22.68 23.95 24.71 23.25 22.62 22.86 23.60 22.91 23.58 22.92 23.78 23.98 24.00 24.71 25.18 24.07 25.00 25.25 24.38 23.85 25.15 25.34 24.62 23.78 24.04 25.75 26.92 27.13 26.34 26.08 25.94 27.89 26.61 26.92 28.16
25.09 24.42 26.20 24.58 26.91 25.43 24.97 25.07 23.19 24.66 25.63 25.62 24.94 24.83 25.25 24.58 26.07 26.01 27.33 27.80 26.84 27.80 25.70 24.24 24.20 24.06 25.97 25.46 26.40 26.05 26.77 25.87 23.66 20.35 18.08 20.38 20.41 20.76 21.26 21.41 22.15 20.78 19.95 22.38 22.38 20.45 20.93 22.55 23.74 24.41 23.33 24.07 23.65 23.63 23.91 23.97 24.27 24.77 23.83 23.18 23.96 24.11 25.03 24.57 25.04 23.91 25.71 26.59 25.09 26.50 25.65 25.47 25.80 25.54 26.42 27.21 27.23
25.18 25.10 25.39 24.23 25.81 25.14 25.83 25.46 23.78 23.52 23.55 23.60 24.85 24.50 23.74 23.78 25.36 26.21 27.48 27.53 28.32 27.56 26.06 23.06 24.50 24.11 25.77 24.78 24.14 26.98 26.33 24.96 22.20 20.68 18.92 18.96 20.58 20.57 20.82 21.12 21.11 20.04 20.04 20.89 21.80 19.89 20.15 22.33 23.89 24.00 22.71 23.12 22.99 23.12 23.20 23.96 22.72 23.61 23.85 23.30 23.94 23.31 24.74 24.35 25.88 25.43 25.64 26.49 24.99 24.97 24.15 24.98 24.89 24.13 26.31 27.55 26.74
24.79 25.24 25.04 24.70 25.93 25.85 26.57 26.17 25.41 24.11 23.31 24.72 26.07 24.48 24.03 23.68 24.65 26.28 26.84 26.93 26.92 27.70 25.93 24.23 24.78 25.53 25.10 26.27 26.07 27.18 26.14 24.58 21.70 21.35 19.33 18.90 20.23 21.20 21.95 21.28 20.73 21.37 21.72 22.25 22.41 21.33 21.11 22.75 23.28 22.48 23.36 23.93 22.70 22.67 23.10 22.61 22.85 22.37 23.13 24.18 24.13 23.70 22.88 25.02 25.18 25.39 25.20 26.02 25.98 25.37 24.74 25.11 25.39 24.93 26.77 26.88 26.26
25.33 24.17 26.08 24.28 24.69 24.96 25.70 26.32 25.80 26.28 25.12 25.36 25.29 24.25 23.90 24.93 24.57 25.25 26.37 26.27 27.00 27.33 26.09 24.11 25.46 24.93 26.51 27.27 25.75 27.04 25.40 23.05 20.14 20.43 19.28 19.21 21.41 21.81 22.14 21.68 21.86 21.46 22.69 22.32 21.84 22.23 22.30 23.60 22.19 22.44 23.57 23.45 22.54 23.14 23.03 22.92 22.49 22.91 24.38 24.14 24.30 23.15 22.53 24.82 25.77 24.78 24.43 25.10 25.98 27.22 25.90 25.15 25.64 25.80 25.68 27.09 26.80
23.82 24.13 24.77 24.02 23.70 23.55 23.78 24.56 25.89 24.97 25.17 24.40 24.40 23.75 23.04 23.69 24.57 25.21 26.12 26.31 26.08 25.65 25.06 23.62 24.17 24.99 25.80 28.53 27.65 24.92 25.32 24.30 21.69 19.97 17.81 18.62 21.40 22.15 22.12 21.56 21.41 21.76 22.26 20.81 19.76 20.82 22.89 23.77 22.33 23.01 23.76 22.78 23.81 23.68 22.09 22.78 23.07 22.99 24.59 24.58 24.09 22.97 22.07 23.44 24.04 24.24 23.32 24.14 24.50 24.77 25.80 23.48 24.15 24.93 26.23 26.36 25.91
22.58 22.28 22.63 22.92 22.91 22.72 22.14 22.41 22.87 23.64 22.67 23.62 23.40 24.47 23.98 24.34 24.21 24.91 25.50 25.89 25.34 23.67 23.32 24.64 24.76 24.54 25.26 26.33 24.49 24.13 24.17 25.72 22.67 19.90 17.69 17.81 20.10 21.61 21.55 21.41 21.39 22.31 22.51 20.85 20.18 21.38 21.51 21.77 22.24 22.95 23.49 24.26 22.74 23.59 22.32 22.78 22.95 23.50 24.45 24.63 23.97 21.96 22.12 22.37 23.77 23.03 22.95 24.40 23.92 24.14 24.92 24.48 24.28 24.37 27.04 26.34 25.67
22.36 23.23 22.38 22.43 23.02 23.39 23.27 21.33 22.52 22.22 21.90 21.39 21.36 21.13 21.22 22.87 25.33 23.80 24.19 24.55 25.23 25.30 24.88 25.77 27.57 25.11 26.89 26.13 24.68 23.70 23.46 22.91 24.91 22.38 19.62 20.39 20.54 20.85 20.98 21.71 21.77 22.60 22.21 20.93 19.45 20.47 20.75 21.06 22.18 23.89 23.97 24.88 25.23 23.34 22.90 23.90 23.46 24.61 24.58 23.65 24.19 23.04 22.55 23.69 23.55 22.35 23.22 24.63 24.99 24.61 24.55 23.91 24.21 24.48 24.09 25.42 25.56
23.38 23.35 23.59 22.62 22.54 22.49 22.45 20.69 21.92 21.23 19.55 19.61 19.06 20.46 21.28 22.29 24.48 24.07 23.63 24.06 25.01 26.50 24.99 24.45 26.14 26.34 26.37 27.89 24.12 23.47 23.09 20.64 23.09 20.41 18.30 18.19 20.08 20.35 19.92 21.99 21.72 22.58 22.01 20.47 19.70 20.19 20.37 20.66 21.50 23.40 24.87 25.42 23.77 22.85 22.90 24.30 24.15 25.10 24.02 23.74 22.56 22.82 22.66 23.56 23.11 21.45 21.79 25.18 25.72 24.90 24.10 25.05 26.11 26.46 26.64 26.39 27.33
22.56 21.72 23.07 24.00 23.19 21.55 23.52 22.35 22.27 21.07 19.32 21.35 21.20 23.00 22.93 22.98 23.97 25.31 26.22 26.89 25.55 26.78 24.08 24.07 26.48 25.73 25.49 25.67 25.71 23.69 21.70 22.30 21.40 21.13 19.33 19.07 20.72 19.80 20.23 21.76 20.10 21.11 20.77 19.11 18.06 19.13 20.16 20.53 21.08 22.59 24.75 25.16 24.71 22.60 24.02 24.69 24.55 23.65 24.10 23.04 21.43 21.38 22.32 24.22 22.13 20.12 21.11 23.74 25.51 24.25 25.32 25.27 24.38 25.18 27.30 27.32 26.89
21.40 20.96 21.71 23.47 23.08 22.13 24.09 24.11 23.39 21.52 21.19 24.55 21.80 22.36 23.09 25.46 26.63 28.21 27.77 25.88 26.76 27.26 26.23 23.78 24.56 25.13 22.92 24.55 24.34 25.31 21.80 23.05 23.53 20.89 18.59 19.37 19.80 20.71 21.29 21.20 20.78 21.31 19.62 18.77 16.90 17.55 19.81 21.36 20.97 22.28 23.83 24.02 24.93 24.20 25.29 24.63 24.21 23.48 23.48 23.31 22.29 22.37 22.97 24.24 23.34 20.44 21.97 22.94 24.58 25.64 26.16 24.06 23.00 25.29 26.36 26.58 26.18
20.27 20.38 19.41 23.51 23.70 24.22 25.05 24.61 24.26 23.80 21.13 22.78 21.47 24.17 25.67 27.88 27.88 27.84 27.81 26.08 26.34 26.59 26.09 26.17 25.47 25.71 23.94 26.15 25.59 25.50 24.53 24.45 24.41 22.57 21.51 19.53 18.09 19.01 20.13 18.66 19.69 21.10 20.06 17.37 16.17 18.16 19.55 20.58 19.85 21.90 21.97 20.89 22.76 24.27 24.64 24.51 23.39 23.66 24.06 22.33 21.04 21.26 21.70 22.12 23.15 23.52 21.50 23.29 24.68 25.79 26.37 26.50 25.92 25.86 26.26 26.22 26.88
22.21 22.64 21.22 22.22 22.38 23.78 22.24 23.42 24.45 24.99 22.42 24.64 23.21 25.53 27.45 28.38 27.18 27.03 27.51 25.78 26.21 27.13 26.76 26.80 26.03 26.64 27.01 25.40 27.31 29.42 28.52 27.57 25.35 23.89 20.39 19.24 17.19 17.41 17.76 18.37 19.01 18.83 18.97 17.60 18.13 17.66 18.96 19.89 19.88 19.65 20.17 19.71 21.00 22.23 22.22 23.30 22.82 23.01 22.71 22.28 22.85 22.39 21.91 21.58 22.76 23.27 23.03 25.06 25.89 24.80 24.80 27.07 26.96 26.79 25.53 26.53 25.69
