main/data/irradiance/31.12.2023.grid
ncols 839
nrows 679
xllcenter 112.0500
yllcenter -43.9500
cellsize 0.0500
nodata_value 99999.90
[rows 408 to 441 of 679, columns 462 to 538 of 839]
30.29 31.11 31.23 31.22 31.29 31.41 31.10 31.19 31.44 31.09 31.16 31.59 31.49 31.30 31.28 31.41 31.58 31.51 31.48 31.61 31.67 31.62 31.11 30.51 30.64 30.81 30.96 31.01 30.80 30.98 30.88 31.01 30.90 31.21 31.26 30.73 30.94 31.13 31.22 31.19 31.27 31.52 31.52 30.50 28.72 25.18 24.20 27.23 25.99 26.08 26.40 29.10 30.58 30.86 31.15 31.44 31.42 31.68 31.62 31.60 31.62 31.56 31.30 30.66 30.89 31.29 31.36 31.43 31.33 31.32 31.37 31.44 31.47 31.51 31.62 31.64 31.63
30.27 30.82 31.16 31.29 31.29 31.32 31.12 31.12 31.18 31.21 31.50 31.51 31.68 31.53 31.57 31.50 31.64 31.55 31.68 31.74 31.67 31.71 31.57 31.50 31.46 31.39 31.01 30.55 30.47 30.82 31.20 30.92 30.99 31.40 31.38 31.51 31.29 31.08 31.05 30.97 31.14 31.43 31.39 30.96 28.21 24.31 23.81 27.36 28.09 26.11 25.95 26.59 27.95 30.85 31.03 31.25 31.53 31.60 31.66 31.69 31.57 31.63 31.53 31.19 31.11 30.91 31.16 31.77 31.75 31.64 31.64 31.72 31.65 31.69 31.62 31.68 31.54
30.10 30.59 31.02 31.35 31.36 31.23 31.21 31.33 31.12 31.31 31.08 31.53 31.73 31.60 31.44 31.40 31.24 31.63 31.47 31.56 31.45 31.50 31.46 31.63 31.62 31.57 31.15 31.09 31.46 31.56 31.44 30.97 30.82 30.87 30.82 30.83 30.79 30.80 30.62 30.43 30.60 30.71 30.79 31.02 30.84 30.20 30.93 24.41 29.23 28.23 26.56 22.27 23.08 27.47 30.07 31.31 31.28 31.52 31.66 31.65 31.53 31.69 31.76 31.61 31.30 31.15 31.32 31.61 31.76 31.58 31.68 31.71 31.69 31.62 31.56 31.62 31.52
30.01 30.85 31.17 31.33 31.42 31.25 31.32 31.22 31.15 31.37 31.54 31.70 31.65 31.31 31.16 31.28 31.27 31.50 31.69 31.56 31.61 31.62 31.55 31.41 31.43 31.33 31.01 31.27 31.54 31.60 31.61 31.44 31.03 30.65 31.03 31.21 31.13 31.01 30.90 30.66 31.01 30.95 31.05 30.88 30.09 27.02 25.68 23.89 25.80 23.62 24.60 22.71 23.06 23.87 27.50 31.31 31.31 31.42 31.67 31.42 31.45 31.66 31.61 31.58 31.36 31.31 31.45 31.59 31.66 31.47 31.50 31.57 31.53 31.53 31.58 31.56 31.62
29.75 30.58 31.50 31.58 31.55 31.45 31.37 30.78 30.87 31.34 31.35 31.50 31.66 31.27 30.89 30.83 31.20 31.49 31.53 31.57 30.88 31.54 31.47 31.59 31.66 31.41 31.06 31.25 31.46 31.65 31.68 31.59 31.26 30.97 30.97 31.19 31.53 31.36 31.24 30.43 30.99 31.21 31.27 31.51 30.62 31.22 30.90 23.89 20.98 22.56 24.24 24.65 24.05 24.50 23.83 31.08 31.56 31.50 31.43 31.42 31.35 31.34 31.35 31.31 31.05 31.14 31.34 31.63 31.72 31.53 31.46 31.65 31.67 31.44 31.35 31.41 31.19
30.84 30.73 30.85 31.38 31.52 31.44 31.05 31.01 31.25 31.00 30.70 31.02 31.20 30.74 30.24 30.30 30.82 31.41 31.59 31.64 31.37 31.44 31.60 31.66 31.50 31.35 31.54 31.47 31.37 31.63 31.68 31.38 31.07 30.86 31.09 30.78 31.13 31.28 31.22 30.98 31.46 31.48 31.11 31.28 31.15 31.06 30.81 30.26 23.46 21.70 26.60 25.79 27.15 26.39 23.34 26.73 30.95 31.20 31.21 31.11 31.24 31.24 31.31 31.37 31.20 31.54 31.43 31.43 31.56 31.63 31.62 31.66 31.56 31.34 31.22 31.25 31.30
31.03 31.42 31.15 31.52 31.45 30.93 30.89 31.01 30.90 31.00 30.80 30.91 30.76 30.82 31.06 31.46 31.24 31.53 31.70 30.82 31.15 30.63 31.04 31.41 31.38 31.44 31.42 31.55 31.42 31.41 31.53 31.55 31.50 31.33 31.11 30.89 30.85 30.40 30.57 30.77 31.10 31.28 31.29 31.24 31.21 31.28 31.01 30.84 30.57 27.39 27.20 27.12 25.58 27.78 25.90 25.26 29.34 31.11 31.41 31.43 31.32 31.36 31.54 31.33 31.45 31.67 31.60 31.59 31.62 31.63 31.55 31.55 31.65 31.66 31.63 31.65 31.74
31.45 31.40 31.39 31.24 31.44 31.34 31.23 31.34 31.31 30.69 30.61 30.85 30.66 30.71 30.94 31.20 31.10 31.34 31.43 30.55 30.01 30.76 31.17 31.41 31.63 31.69 31.58 31.45 31.31 31.50 31.65 31.60 31.57 31.65 31.48 31.15 30.96 30.98 30.95 30.97 31.30 31.24 31.27 30.98 30.98 30.98 30.35 30.54 30.96 30.80 28.17 25.32 24.06 29.29 31.17 25.38 27.23 30.70 31.39 31.60 31.81 31.66 31.50 31.29 31.54 31.45 31.63 31.65 31.59 31.60 31.58 31.51 31.56 31.57 31.68 31.74 31.72
31.33 31.29 31.59 31.36 31.58 30.20 31.00 31.28 31.23 30.92 30.79 30.32 30.59 30.65 30.96 31.20 31.20 30.83 30.99 30.00 30.91 30.97 31.01 31.36 31.34 31.45 31.48 31.45 31.22 31.14 31.39 31.60 31.58 31.34 31.55 31.52 31.07 30.89 31.03 31.23 31.38 31.44 31.40 31.30 31.10 31.17 31.21 30.82 27.06 30.19 30.74 27.06 28.31 30.91 31.35 29.71 29.21 30.13 31.04 31.36 31.60 31.64 31.57 31.62 31.73 31.81 31.84 31.78 31.79 31.79 31.59 31.53 31.54 31.39 31.50 31.57 31.68
31.42 31.46 31.44 31.54 31.60 31.64 31.28 31.30 31.31 30.85 31.06 29.84 30.70 31.11 31.43 31.52 31.59 31.35 31.57 31.12 31.51 31.15 30.93 31.02 31.30 31.54 31.47 31.26 30.97 30.56 31.00 31.35 31.46 31.26 31.29 31.52 31.08 31.41 31.27 31.06 31.35 31.53 31.56 31.56 31.38 31.13 30.98 31.08 30.86 28.63 30.03 23.62 26.21 27.56 30.72 27.59 26.51 29.44 30.78 31.32 31.56 31.74 31.66 31.55 31.88 31.71 31.79 31.78 31.82 31.73 31.60 31.46 31.51 31.54 31.56 31.67 31.65
31.43 31.18 31.41 31.50 31.34 31.63 31.38 31.26 31.39 31.05 31.13 31.49 31.54 31.42 31.25 31.29 31.67 31.46 31.46 31.35 31.53 31.50 30.50 31.12 30.72 31.22 31.27 31.13 30.77 30.72 30.59 30.98 31.70 31.63 31.54 31.38 30.97 31.33 31.54 31.55 31.67 31.51 31.55 31.73 31.65 31.38 31.50 31.65 31.12 30.74 29.99 28.59 25.53 25.85 25.82 26.36 25.60 27.41 29.72 30.88 31.25 31.43 31.74 31.65 31.72 31.64 31.65 31.79 31.78 31.66 31.46 31.31 31.57 31.63 31.58 31.54 31.65
30.21 23.25 27.14 29.02 29.49 30.71 30.49 30.66 30.77 30.48 30.60 30.72 30.94 31.42 31.34 31.42 31.36 31.48 31.48 31.57 31.66 31.24 29.44 30.64 30.89 31.07 30.69 30.63 30.66 30.93 30.97 30.74 30.83 30.88 31.21 31.67 31.75 31.52 31.21 31.24 31.44 31.25 31.18 31.33 31.45 31.44 31.58 31.39 30.80 31.04 31.32 30.80 27.77 27.22 26.49 26.26 24.37 24.41 29.45 30.60 30.73 31.07 31.50 31.59 31.58 31.48 31.70 31.83 31.77 31.53 31.47 31.37 31.40 31.54 31.59 31.59 31.77
28.97 25.65 29.07 27.82 29.22 29.53 30.43 31.11 30.78 30.61 31.32 31.47 31.18 31.32 31.33 31.48 31.74 31.81 31.75 31.72 30.75 30.49 30.53 30.64 29.69 30.27 31.15 30.97 30.72 30.87 30.79 30.55 30.87 30.25 30.33 31.13 31.57 31.51 31.49 31.44 31.46 31.55 31.52 31.16 31.52 31.60 31.56 31.10 30.93 30.97 30.99 31.48 27.75 26.58 27.72 26.49 24.56 24.41 29.38 30.79 31.02 31.24 31.48 31.28 31.40 31.41 31.79 31.77 31.63 31.56 31.31 31.07 31.41 31.54 31.73 31.79 31.85
30.00 31.78 32.03 30.87 30.96 28.14 19.20 22.92 30.16 31.51 31.33 31.02 30.84 30.85 30.96 30.85 31.37 31.61 31.69 31.39 31.14 30.59 31.00 30.68 24.55 21.94 30.04 30.71 31.05 31.16 30.86 30.68 30.97 30.44 30.48 30.70 30.76 31.53 31.83 31.76 31.70 31.59 31.53 31.39 31.56 31.62 30.77 29.84 29.29 28.17 31.16 29.31 28.62 28.47 27.45 26.77 23.96 25.11 27.37 30.70 31.21 31.33 31.46 31.29 31.52 31.66 31.92 31.84 31.77 31.50 31.16 31.28 31.60 31.70 31.73 31.79 31.87
29.94 32.05 31.23 30.77 30.90 29.23 22.12 20.60 29.41 31.14 30.89 30.70 30.94 31.31 31.28 31.17 31.04 31.34 31.44 31.58 31.32 31.30 31.41 31.12 25.92 26.59 30.44 30.83 31.34 31.06 31.13 31.10 30.74 30.59 30.86 30.45 30.58 31.32 31.50 31.47 31.24 30.99 30.84 31.39 31.32 31.63 30.96 30.58 29.70 29.17 27.66 27.31 28.89 30.53 29.72 27.68 25.08 25.28 27.21 29.54 31.41 31.52 31.66 31.68 31.70 31.74 31.78 31.87 31.66 31.32 31.15 31.43 31.47 31.58 31.69 31.83 31.85
31.04 31.39 31.35 31.21 31.08 29.59 24.88 25.88 26.60 29.42 30.95 31.28 31.70 31.76 31.67 30.92 31.17 31.53 31.42 31.31 30.85 30.61 31.06 31.34 29.78 31.61 31.29 30.71 31.09 31.23 31.26 31.36 31.17 30.73 30.84 30.56 30.89 31.17 31.19 31.31 31.22 31.09 31.16 31.28 31.10 31.16 31.18 31.08 31.17 31.11 29.05 29.39 30.50 31.30 31.07 31.15 27.30 25.46 25.61 27.72 31.00 31.25 31.41 31.41 31.51 31.53 31.57 31.58 31.32 31.17 31.35 31.58 31.61 31.68 31.70 31.80 31.78
30.70 31.38 31.54 31.42 30.82 30.32 26.81 27.74 30.62 28.81 31.69 31.23 31.12 30.72 29.03 28.90 28.98 30.38 29.60 30.20 30.68 29.89 30.46 30.90 31.24 31.32 29.88 30.80 30.79 30.67 30.47 30.69 30.53 30.18 29.98 30.44 30.78 31.00 31.21 31.03 29.64 31.35 31.23 31.03 30.93 31.27 31.21 31.19 31.11 31.15 30.36 29.66 29.98 30.83 31.00 30.44 28.38 27.41 27.45 28.48 30.68 30.99 31.07 31.20 31.20 31.31 31.45 31.65 31.41 31.42 31.47 31.61 31.64 31.73 31.73 31.81 31.82
31.32 31.66 31.68 31.32 31.28 31.08 30.61 30.82 30.16 30.16 30.02 31.72 31.78 32.13 31.79 31.48 30.58 28.39 27.78 30.85 31.03 30.59 30.19 29.78 30.38 30.79 30.25 31.19 28.57 26.96 29.58 29.62 29.94 29.90 29.39 30.31 30.39 30.43 30.33 27.10 29.39 31.12 31.32 31.24 31.01 31.30 31.23 31.18 31.31 31.50 30.69 31.30 31.10 29.60 29.98 28.64 27.73 28.61 25.29 26.40 30.84 30.74 30.81 31.19 31.42 31.50 31.54 31.73 31.62 31.54 31.48 31.55 31.64 31.64 31.75 31.77 31.68
30.60 31.49 31.35 30.93 31.40 31.45 31.44 31.30 30.20 29.51 31.16 31.81 31.65 30.96 30.45 31.09 26.65 27.18 27.32 30.94 31.42 31.01 29.72 29.53 30.02 30.36 30.48 31.20 28.97 25.69 26.67 27.15 28.10 30.24 30.47 30.48 29.79 30.07 30.02 29.91 30.31 30.63 30.18 30.82 30.80 30.95 31.08 31.28 31.43 31.36 31.58 31.52 29.15 28.27 28.44 27.34 28.39 29.31 26.89 26.84 31.28 31.40 31.37 31.43 31.56 31.59 31.61 31.72 31.68 31.53 31.60 31.64 31.75 31.72 31.74 31.75 31.74
27.52 29.51 30.11 29.67 30.10 31.35 31.26 30.90 29.28 29.88 29.92 29.63 28.03 24.22 25.95 30.60 30.04 27.13 27.79 28.95 30.19 30.70 30.34 30.13 29.96 29.83 29.32 26.01 31.17 28.71 23.36 24.07 22.79 27.58 29.51 29.28 29.43 29.65 29.91 30.54 29.91 29.53 27.05 30.23 30.81 30.92 31.22 31.28 31.38 31.24 31.60 31.67 29.71 29.43 29.34 27.24 28.74 28.84 27.59 29.13 31.62 31.60 31.70 31.70 31.49 31.43 31.49 31.63 31.37 31.38 31.54 31.72 31.79 31.74 31.76 31.84 31.87
29.41 29.46 28.94 28.59 29.61 31.14 30.83 30.28 29.99 27.48 22.20 20.74 19.78 20.61 20.64 22.52 26.32 22.34 25.24 29.41 30.13 29.19 30.56 30.81 30.19 30.36 30.24 27.07 27.62 24.31 22.53 24.22 25.56 27.40 28.45 27.55 29.63 29.70 29.60 29.67 29.73 26.71 26.07 30.06 30.61 30.96 31.48 31.49 31.41 31.54 31.67 31.74 29.54 30.10 30.12 28.61 28.76 30.57 32.08 31.87 31.74 31.59 31.64 31.56 31.46 31.52 31.45 31.62 31.38 31.41 31.56 31.61 31.72 31.75 31.73 31.83 31.84
30.90 31.33 30.70 30.35 29.89 30.57 30.17 29.64 29.67 26.20 27.23 24.74 24.30 22.34 20.34 20.56 19.98 19.06 23.27 26.28 30.40 30.09 29.94 31.14 31.35 31.46 30.82 29.05 26.57 24.64 25.78 25.79 28.96 30.37 29.27 29.75 29.38 29.94 30.49 30.46 30.58 29.99 28.34 30.09 30.26 30.53 31.33 31.44 31.32 31.33 31.40 31.72 29.88 29.42 29.20 29.49 28.97 29.50 31.54 31.52 31.71 31.71 31.79 31.47 31.42 31.35 31.51 31.58 31.41 31.40 31.69 31.72 31.77 31.80 31.73 31.95 31.99
31.27 30.90 30.84 30.92 31.34 31.05 30.96 30.22 29.94 30.87 31.16 28.19 26.30 28.83 27.52 29.20 28.26 25.58 24.70 23.37 26.13 30.40 30.60 31.14 31.58 31.60 31.65 31.47 30.10 30.63 31.12 27.89 28.68 30.70 29.76 30.22 30.58 30.51 30.74 30.88 31.02 31.34 31.43 30.50 30.12 30.47 31.06 31.24 31.21 31.43 31.51 29.98 28.53 28.04 29.00 29.00 30.84 31.14 31.47 31.70 31.75 31.69 31.67 31.37 31.33 31.45 31.59 31.49 31.39 31.50 31.66 31.75 31.80 31.83 31.92 31.97 31.94
31.42 31.15 30.85 30.84 30.98 30.27 30.84 30.79 30.74 30.79 29.99 30.27 30.19 31.22 31.52 25.25 24.28 28.19 29.47 25.33 22.89 26.31 30.11 30.63 31.07 31.07 31.06 31.01 30.60 30.61 30.95 28.27 28.15 31.51 30.88 31.21 31.31 30.92 30.79 31.15 31.15 30.29 29.51 29.87 30.19 30.44 30.93 31.19 31.08 31.21 31.21 30.13 28.07 27.84 28.55 29.98 31.35 31.34 31.61 31.86 31.91 31.73 31.66 31.60 31.39 31.40 31.59 31.49 31.39 31.28 31.56 31.73 31.86 31.89 31.89 31.94 31.89
30.90 29.26 30.33 30.84 30.26 29.78 30.46 30.44 30.90 31.53 30.17 30.84 30.93 30.02 29.08 26.56 25.13 26.49 27.17 30.28 29.73 26.29 29.99 30.39 30.54 30.68 30.38 30.35 30.44 30.06 30.29 31.22 30.72 31.70 31.53 31.54 31.41 31.54 31.21 31.24 31.31 31.28 31.13 30.80 31.24 30.99 30.97 31.19 31.35 31.58 31.85 29.17 27.93 27.71 28.65 31.65 31.79 31.62 31.79 31.93 31.98 31.88 31.81 31.82 31.59 31.49 31.50 31.46 31.51 31.64 31.72 31.74 31.86 31.91 31.97 31.93 31.90
30.30 30.32 30.70 30.32 30.24 30.47 30.34 31.10 31.21 30.94 30.53 30.72 30.36 30.54 28.79 25.85 26.12 25.20 26.25 26.93 31.68 29.89 30.09 30.69 30.10 30.36 30.60 30.51 30.38 29.19 30.63 30.38 30.43 30.51 30.60 30.81 30.83 31.04 31.09 31.12 31.58 31.75 31.82 31.74 31.77 31.63 31.32 31.43 31.68 31.65 31.81 31.36 28.35 27.51 31.19 31.72 31.67 31.63 31.75 31.80 31.81 31.75 31.74 31.56 31.50 31.37 31.49 31.46 31.64 31.80 31.80 31.77 31.85 31.90 31.90 31.84 31.90
30.19 30.36 30.89 30.96 31.12 30.36 30.17 31.28 31.20 30.80 30.55 30.73 30.34 28.87 28.10 25.96 25.60 23.91 27.30 27.34 31.59 31.28 30.12 30.66 29.81 29.61 29.99 30.15 30.19 29.41 30.56 30.89 30.75 30.61 31.03 30.18 30.55 30.35 30.89 31.23 31.13 31.55 31.46 31.39 31.48 31.35 31.17 30.82 31.00 31.38 31.36 31.63 28.96 29.52 31.29 31.64 31.68 31.77 31.84 31.81 31.68 31.55 31.65 31.54 31.55 31.55 31.44 31.39 31.63 31.81 31.88 31.80 31.84 31.92 31.94 31.94 31.95
30.50 30.70 31.13 30.69 30.49 30.56 30.73 31.24 31.72 31.63 31.19 31.00 30.46 29.84 29.15 28.91 27.31 26.68 25.25 25.54 30.02 31.29 29.71 30.00 29.93 29.75 30.16 30.22 30.34 30.34 30.70 31.21 31.30 31.16 31.35 31.34 31.53 31.42 31.16 31.58 31.31 30.97 30.68 31.19 31.28 31.37 31.45 31.27 31.31 30.77 30.54 31.14 30.08 31.40 31.61 31.81 31.84 31.91 31.90 31.73 31.62 31.64 31.66 31.64 31.61 31.54 31.42 31.49 31.84 31.88 31.87 31.84 31.83 31.86 31.87 31.90 31.94
30.80 31.16 31.50 30.95 30.42 30.13 30.73 30.95 31.23 31.80 31.71 31.18 31.15 30.62 30.06 30.19 30.47 29.72 26.60 26.32 27.61 31.68 30.37 29.51 29.32 29.53 30.01 30.22 30.83 31.15 31.44 31.23 31.36 31.02 31.09 31.02 31.23 31.30 31.41 31.30 31.42 31.32 30.92 30.97 31.02 31.02 31.40 31.50 31.45 31.42 31.27 30.77 30.81 31.70 31.78 31.80 31.96 31.97 31.92 31.76 31.72 31.73 31.64 31.76 31.58 31.45 31.39 31.66 31.87 31.85 31.85 31.81 31.84 31.82 31.85 31.85 31.91
30.54 30.42 30.87 30.88 30.65 30.09 30.07 30.41 30.63 31.27 31.62 31.47 31.39 31.50 31.23 30.84 30.01 29.66 28.28 26.75 26.01 32.45 32.04 30.12 29.60 29.43 29.50 29.85 30.29 30.80 31.30 29.67 31.56 31.25 31.43 31.26 31.30 31.06 31.04 31.16 31.26 31.42 31.29 31.27 31.18 31.01 31.17 31.39 31.26 31.58 31.71 31.43 30.95 31.69 31.59 31.49 31.86 32.00 31.95 31.84 31.76 31.56 31.82 31.78 31.53 31.66 31.55 31.63 31.75 31.86 31.83 31.79 31.81 31.90 31.91 31.96 31.96
30.61 30.33 30.23 30.30 30.57 28.78 29.50 30.18 30.43 30.90 31.18 31.52 31.70 31.34 31.07 30.68 30.15 29.48 29.73 31.98 32.55 32.51 32.50 31.51 30.26 30.14 30.08 30.11 30.41 30.57 30.68 28.49 29.24 29.97 30.86 31.44 31.35 31.46 31.46 31.55 31.81 31.75 31.72 31.54 31.43 31.39 31.50 31.53 31.52 31.61 31.54 31.30 30.58 31.77 31.72 31.74 31.84 31.93 31.92 31.89 31.67 31.80 31.90 31.66 31.63 31.81 31.81 31.79 31.81 31.88 31.86 31.81 31.87 31.87 31.97 32.00 32.01
31.36 31.38 30.94 30.60 31.53 30.71 30.06 29.74 29.57 30.43 30.80 30.93 31.22 30.83 30.68 30.25 30.07 29.80 31.79 32.30 31.94 31.67 31.99 31.41 30.77 30.79 30.11 30.94 31.00 31.21 31.17 29.49 29.35 30.32 31.46 31.34 31.46 31.41 31.30 31.37 31.71 31.94 31.86 31.68 31.64 31.53 31.46 31.51 31.46 31.54 31.40 31.50 31.74 31.81 31.88 31.87 31.86 31.98 31.90 31.82 31.74 31.87 31.74 31.67 31.77 31.82 31.68 31.80 31.87 31.87 31.91 31.85 31.86 31.94 31.94 31.99 32.00
30.72 31.03 31.03 31.10 31.39 31.26 29.83 29.52 29.71 30.22 30.67 30.40 30.43 30.61 30.48 29.71 28.83 27.33 30.07 27.51 27.14 31.32 31.76 31.08 31.04 30.91 30.79 30.90 30.81 31.00 31.19 31.11 30.99 31.70 31.65 31.17 31.06 31.29 31.27 31.13 31.64 31.95 31.92 31.72 31.61 31.53 31.34 31.43 31.55 31.53 31.63 31.67 32.09 31.93 31.95 31.88 31.97 31.90 31.85 31.83 31.74 31.74 31.87 31.71 31.84 31.73 31.84 31.98 31.95 31.95 31.96 31.92 31.89 31.91 31.91 31.92 31.99
30.41 30.47 30.31 30.57 30.90 31.14 30.90 30.94 30.41 30.23 30.16 29.85 30.06 30.46 30.46 28.12 26.74 25.59 29.41 29.24 28.54 32.05 32.24 31.06 31.06 30.96 30.87 31.01 30.95 30.71 30.88 31.42 31.40 31.51 31.62 31.56 31.46 31.36 31.32 31.74 31.94 31.85 31.72 31.65 31.33 31.14 31.15 31.10 31.13 31.37 31.63 31.73 31.87 32.01 32.00 32.03 31.93 31.82 31.86 31.86 31.76 31.76 31.76 31.81 31.73 31.77 31.89 31.94 31.96 31.86 31.92 31.89 31.91 31.91 31.94 31.99 31.96
