main/data/irradiance/31.10.2023.grid
ncols 839
nrows 679
xllcenter 112.0500
yllcenter -43.9500
cellsize 0.0500
nodata_value 99999.90
[rows 102 to 135 of 679, columns 462 to 538 of 839]
27.43 27.54 27.38 27.18 27.35 27.53 27.49 27.53 27.44 27.76 27.45 27.36 27.40 27.40 26.80 26.99 26.99 26.99 26.99 26.76 26.76 26.76 26.76 27.43 27.43 27.43 27.43 27.43 25.47 25.47 25.47 25.47 24.28 24.28 24.28 24.28 24.28 24.28 24.28 25.65 25.65 25.65 25.65 25.65 25.65 25.65 25.65 25.65 99999.90 99999.90 99999.90 99999.90 99999.90 99999.90 99999.90 99999.90 99999.90 99999.90 99999.90 99999.90 99999.90 99999.90 99999.90 99999.90 99999.90 99999.90 99999.90 99999.90 99999.90 99999.90 99999.90 99999.90 99999.90 99999.90 99999.90 99999.90 99999.90
27.56 27.58 27.27 27.03 27.38 27.43 27.16 27.02 26.98 27.66 27.40 27.20 26.63 26.80 26.80 26.99 26.99 26.99 27.11 26.76 26.76 26.76 26.76 27.43 27.43 27.43 27.43 27.43 25.47 25.47 25.47 25.47 24.28 24.28 24.28 24.28 24.28 24.28 24.28 25.65 25.65 25.65 25.65 25.65 25.65 25.65 25.65 25.65 25.80 99999.90 99999.90 99999.90 99999.90 99999.90 99999.90 99999.90 99999.90 99999.90 99999.90 99999.90 99999.90 99999.90 99999.90 99999.90 99999.90 99999.90 99999.90 99999.90 99999.90 99999.90 99999.90 99999.90 99999.90 99999.90 99999.90 99999.90 99999.90
27.24 27.22 27.00 27.27 27.24 27.17 26.98 26.76 27.19 27.74 26.90 26.80 26.61 26.64 26.60 26.99 26.99 27.11 26.76 26.76 26.76 26.76 27.43 27.43 27.43 27.43 27.43 25.47 25.47 25.47 25.47 25.47 24.28 24.28 24.28 24.28 24.28 24.28 24.28 25.65 25.65 25.65 25.65 25.65 25.65 25.65 25.65 25.80 25.80 99999.90 99999.90 99999.90 99999.90 99999.90 99999.90 99999.90 99999.90 99999.90 99999.90 99999.90 99999.90 99999.90 99999.90 99999.90 99999.90 99999.90 99999.90 99999.90 99999.90 99999.90 99999.90 99999.90 99999.90 99999.90 99999.90 99999.90 99999.90
27.31 26.92 27.09 27.04 27.24 27.15 26.69 26.58 26.77 26.64 26.56 27.06 26.86 26.78 26.71 26.42 27.11 27.11 26.76 26.76 26.76 26.89 27.43 27.43 27.43 27.43 27.43 25.47 25.47 25.47 25.47 25.47 24.28 24.28 24.28 24.28 24.28 24.28 25.65 25.65 25.65 25.65 25.65 25.65 25.65 25.65 25.80 25.80 25.80 99999.90 99999.90 99999.90 99999.90 99999.90 99999.90 99999.90 99999.90 99999.90 99999.90 99999.90 99999.90 99999.90 99999.90 99999.90 99999.90 99999.90 99999.90 99999.90 99999.90 99999.90 99999.90 99999.90 99999.90 99999.90 99999.90 99999.90 99999.90
27.23 26.64 26.88 27.09 26.92 26.59 26.51 26.35 26.45 26.75 26.60 26.98 26.61 26.50 26.75 26.82 26.65 26.66 26.76 26.76 26.89 27.43 27.43 27.43 27.43 27.43 27.43 25.47 25.47 25.47 25.47 25.47 24.28 24.28 24.28 24.28 24.28 24.28 25.65 25.65 25.65 25.65 25.65 25.65 25.65 25.80 25.80 25.80 25.80 99999.90 99999.90 99999.90 99999.90 99999.90 99999.90 99999.90 99999.90 99999.90 99999.90 99999.90 99999.90 99999.90 99999.90 99999.90 99999.90 99999.90 99999.90 99999.90 99999.90 99999.90 99999.90 99999.90 99999.90 99999.90 99999.90 99999.90 99999.90
27.19 26.93 26.77 27.03 26.76 26.34 26.33 26.46 26.26 26.26 26.60 26.83 26.92 26.49 26.87 26.48 26.85 26.39 26.43 26.89 26.89 27.43 27.43 27.43 27.43 27.43 25.47 25.47 25.47 25.47 25.47 25.47 24.28 24.28 24.28 24.28 24.28 24.28 25.65 25.65 25.65 25.65 25.65 25.65 25.80 25.80 25.80 25.80 25.80 99999.90 99999.90 99999.90 99999.90 99999.90 99999.90 99999.90 99999.90 99999.90 99999.90 99999.90 99999.90 99999.90 99999.90 99999.90 99999.90 99999.90 99999.90 99999.90 99999.90 99999.90 99999.90 99999.90 99999.90 99999.90 99999.90 99999.90 99999.90
27.07 26.85 26.88 26.91 26.35 26.27 26.42 26.06 26.26 26.04 26.46 26.46 26.31 26.33 26.73 26.66 26.57 26.41 26.63 26.78 26.61 27.43 27.43 27.43 27.43 27.43 25.47 25.47 25.47 25.47 25.47 25.47 24.28 24.28 24.28 24.28 24.28 25.65 25.65 25.65 25.65 25.65 25.65 25.80 25.80 25.80 25.80 25.80 25.80 99999.90 99999.90 99999.90 99999.90 99999.90 99999.90 99999.90 99999.90 99999.90 99999.90 99999.90 99999.90 99999.90 99999.90 99999.90 99999.90 99999.90 99999.90 99999.90 99999.90 99999.90 99999.90 99999.90 99999.90 99999.90 99999.90 99999.90 99999.90
27.00 26.85 27.06 26.70 26.22 26.30 25.99 25.96 25.55 26.04 25.63 26.28 26.27 26.61 26.49 26.51 26.60 26.59 26.64 26.85 26.90 27.28 27.28 27.28 27.21 27.11 25.47 25.47 25.47 25.47 25.47 25.47 24.28 24.28 24.28 24.28 24.28 25.65 25.65 25.65 25.65 25.65 25.80 25.80 25.80 25.80 25.80 25.80 25.80 27.46 27.46 99999.90 99999.90 99999.90 99999.90 99999.90 99999.90 99999.90 99999.90 99999.90 99999.90 99999.90 99999.90 99999.90 99999.90 99999.90 99999.90 99999.90 99999.90 99999.90 99999.90 99999.90 99999.90 99999.90 99999.90 99999.90 99999.90
26.87 26.79 26.72 26.16 25.83 26.15 26.26 25.52 25.11 25.73 25.87 25.90 25.99 26.75 26.51 26.63 26.95 26.62 26.91 27.00 26.80 26.76 26.76 27.21 26.86 27.11 25.47 25.47 25.47 25.47 25.47 25.47 24.28 24.28 24.28 24.28 24.28 25.65 25.65 25.65 25.65 25.80 25.80 25.80 25.80 25.80 25.80 25.80 25.80 27.46 27.46 26.64 99999.90 99999.90 99999.90 99999.90 99999.90 99999.90 99999.90 99999.90 99999.90 99999.90 99999.90 99999.90 99999.90 99999.90 99999.90 99999.90 99999.90 99999.90 99999.90 99999.90 99999.90 99999.90 99999.90 99999.90 99999.90
26.92 26.72 26.78 25.60 26.07 26.19 26.23 26.15 25.43 26.12 25.82 25.97 25.95 27.05 26.72 26.40 26.71 26.70 26.86 26.89 26.93 26.75 27.21 27.21 26.86 27.11 27.11 25.47 25.47 25.47 25.47 26.98 24.28 24.28 24.28 24.28 25.65 25.65 25.65 25.65 25.80 25.80 25.80 25.80 25.80 25.80 25.80 25.80 25.80 27.46 26.64 26.64 25.82 99999.90 99999.90 99999.90 99999.90 99999.90 99999.90 99999.90 99999.90 99999.90 99999.90 99999.90 99999.90 99999.90 99999.90 99999.90 99999.90 99999.90 99999.90 99999.90 99999.90 99999.90 99999.90 99999.90 99999.90
26.76 26.81 26.38 25.72 25.68 25.82 26.11 26.15 25.88 26.62 26.33 26.24 26.06 26.62 26.27 26.22 26.66 26.83 27.02 26.73 26.91 26.86 27.32 27.41 26.86 27.11 27.11 25.47 25.47 25.47 26.98 26.98 26.38 24.28 24.28 24.28 25.65 25.65 25.65 25.80 25.80 25.80 25.80 25.80 25.80 25.80 25.80 25.80 25.80 26.49 26.49 26.49 26.49 26.49 26.49 99999.90 99999.90 99999.90 99999.90 99999.90 99999.90 99999.90 99999.90 99999.90 99999.90 99999.90 99999.90 99999.90 99999.90 99999.90 99999.90 99999.90 99999.90 99999.90 99999.90 99999.90 99999.90
26.85 26.86 26.58 25.67 25.78 25.96 26.03 25.89 26.33 25.97 25.89 25.78 26.26 26.72 26.42 26.16 26.85 26.67 27.06 27.06 26.77 26.90 27.43 27.24 26.63 26.72 27.60 27.60 25.03 26.98 26.98 26.98 26.38 26.38 24.28 26.68 26.68 25.56 25.80 25.80 25.80 25.80 25.80 25.80 25.80 25.80 25.80 25.80 26.49 26.96 26.96 26.96 26.96 26.96 26.96 26.96 26.96 26.96 26.96 99999.90 99999.90 99999.90 99999.90 99999.90 99999.90 99999.90 99999.90 99999.90 99999.90 99999.90 99999.90 99999.90 99999.90 99999.90 99999.90 99999.90 99999.90
27.11 27.03 26.56 25.93 26.37 26.02 25.85 26.75 26.03 26.12 25.84 26.28 25.78 26.57 26.95 26.46 26.80 26.19 26.64 26.56 26.46 26.95 27.48 27.36 26.83 26.89 27.07 27.16 25.03 25.03 26.38 26.38 26.38 26.38 26.38 26.68 26.68 25.35 25.70 25.70 25.70 25.70 25.70 25.70 25.70 25.70 27.46 26.64 26.49 26.96 26.96 26.96 26.96 26.96 26.57 26.57 26.57 26.57 26.57 26.57 26.57 99999.90 99999.90 99999.90 99999.90 99999.90 99999.90 99999.90 99999.90 99999.90 99999.90 99999.90 99999.90 99999.90 99999.90 99999.90 99999.90
27.40 27.23 26.94 26.41 26.37 26.60 26.15 26.50 26.34 26.31 26.34 26.11 26.29 26.46 26.77 26.66 26.76 26.42 26.71 26.67 26.55 26.80 27.52 27.28 26.74 26.83 26.37 25.96 26.72 27.04 26.38 26.38 26.38 26.38 26.38 26.68 25.35 25.35 25.72 25.72 25.72 25.72 25.72 25.72 27.46 27.46 26.64 26.49 26.96 26.96 26.96 26.96 26.96 26.96 26.57 26.57 26.57 26.57 26.57 26.57 26.57 25.00 99999.90 99999.90 99999.90 99999.90 99999.90 99999.90 99999.90 99999.90 99999.90 99999.90 99999.90 99999.90 99999.90 99999.90 99999.90
27.18 26.98 27.19 26.82 26.72 26.39 26.23 26.21 26.60 27.19 26.09 26.59 25.71 25.64 26.85 26.85 26.80 26.61 26.60 26.87 26.77 27.21 27.51 27.18 27.02 26.72 25.94 26.09 26.19 26.81 25.96 25.96 25.96 27.59 27.63 27.63 26.71 25.72 25.72 25.72 25.72 25.72 27.46 27.46 27.46 26.64 26.49 26.49 26.96 26.96 26.96 26.96 26.96 26.57 26.57 26.57 26.57 26.57 26.57 26.57 25.00 25.00 25.98 99999.90 99999.90 99999.90 99999.90 99999.90 99999.90 99999.90 99999.90 99999.90 99999.90 99999.90 99999.90 99999.90 99999.90
27.55 27.11 27.61 27.08 26.64 26.73 26.72 26.33 26.99 26.74 26.67 25.97 26.00 26.34 26.59 26.94 27.11 26.90 27.17 26.97 26.75 27.39 27.47 27.00 26.96 26.41 25.62 26.06 26.28 26.37 26.30 26.30 27.15 27.59 27.63 27.63 26.71 24.46 27.22 27.22 27.46 27.46 27.46 27.46 26.64 26.64 26.49 26.49 26.96 26.96 26.96 26.96 26.96 26.57 26.57 26.57 26.57 26.57 26.57 25.00 25.00 25.98 25.98 26.92 99999.90 99999.90 99999.90 99999.90 99999.90 99999.90 99999.90 99999.90 99999.90 99999.90 99999.90 99999.90 99999.90
27.55 27.20 27.51 27.27 26.84 26.78 26.86 26.96 27.49 27.13 26.38 26.31 26.10 26.35 26.60 27.02 27.12 26.87 27.05 27.02 27.17 27.44 27.13 27.11 26.84 25.97 25.71 26.20 26.75 26.04 26.19 26.19 27.15 27.59 27.63 27.63 26.71 24.46 27.22 27.22 27.46 27.46 27.46 26.64 26.64 26.49 26.49 26.49 26.96 26.96 26.96 26.96 26.57 26.57 26.57 26.57 26.57 26.57 25.00 25.00 25.98 25.98 26.92 26.92 99999.90 99999.90 99999.90 99999.90 99999.90 99999.90 99999.90 99999.90 99999.90 99999.90 99999.90 99999.90 99999.90
27.47 27.25 27.55 27.20 27.07 27.05 27.19 26.78 26.80 26.62 25.86 26.63 26.10 26.20 26.37 26.93 27.01 27.11 26.61 26.57 27.05 27.37 27.21 26.92 26.81 26.17 25.65 26.41 26.50 25.71 26.18 27.34 27.28 27.21 27.20 27.78 26.02 25.48 27.70 28.06 27.46 27.46 26.64 26.64 25.82 26.49 26.49 27.10 26.96 26.96 26.96 26.96 26.57 26.57 26.57 26.57 26.57 25.00 25.00 25.98 25.98 26.92 26.92 26.92 26.27 26.27 99999.90 99999.90 99999.90 99999.90 99999.90 99999.90 99999.90 26.31 26.31 26.31 26.31
27.26 27.42 27.50 27.25 27.20 26.92 26.76 27.00 26.99 26.51 26.42 26.75 27.15 26.63 26.79 27.36 27.19 26.89 26.80 27.21 26.82 27.25 27.21 26.88 26.51 25.81 26.04 26.72 26.23 25.20 26.08 26.89 26.22 26.09 26.10 26.00 23.24 25.08 27.13 27.11 26.10 26.64 26.64 25.82 26.49 26.49 26.49 27.10 26.96 26.96 26.96 26.57 26.57 26.57 26.57 26.57 25.00 25.00 25.98 25.98 26.92 26.92 26.92 26.27 26.27 26.27 26.00 99999.90 99999.90 99999.90 99999.90 99999.90 25.53 26.31 26.31 26.31 26.31
27.27 27.53 27.50 27.19 27.44 27.42 26.90 26.74 27.11 26.81 26.74 26.70 26.87 26.76 27.10 27.40 27.05 27.02 26.56 27.06 27.25 27.22 27.11 27.03 26.47 25.97 26.34 26.51 26.57 26.08 26.08 26.30 26.26 25.97 25.96 25.49 23.82 25.22 26.31 26.43 26.36 26.36 25.82 25.82 26.49 26.49 27.02 27.10 26.96 26.96 26.96 26.57 26.57 26.57 26.57 25.00 25.00 25.98 25.98 26.92 26.92 26.92 26.27 26.27 26.27 26.00 26.00 26.01 99999.90 99999.90 99999.90 26.63 25.53 25.53 26.31 26.31 26.31
27.33 27.19 27.33 27.35 26.55 27.24 26.94 26.88 27.12 27.00 27.19 27.07 26.69 26.70 26.90 27.08 27.35 27.03 26.64 26.56 26.94 27.14 26.77 26.48 26.25 26.45 26.39 26.36 26.12 26.08 25.92 26.35 26.27 26.15 26.43 25.59 24.93 25.19 26.26 26.30 26.11 26.19 25.82 25.64 26.49 26.49 27.02 27.10 26.96 26.96 26.57 26.57 26.57 26.57 25.00 25.00 25.98 25.98 26.92 26.92 26.92 26.27 26.27 26.27 26.00 26.00 26.01 26.01 26.74 99999.90 99999.90 26.63 26.63 25.53 25.53 26.31 26.31
27.36 27.38 27.02 26.60 27.02 26.87 26.59 26.84 27.01 26.73 26.76 27.24 26.48 27.01 27.21 27.11 27.44 26.63 26.85 26.86 27.29 27.16 27.02 26.95 25.98 26.64 26.69 26.34 25.35 25.64 26.08 26.25 26.41 26.17 26.17 26.09 24.89 25.87 26.76 26.18 25.92 25.71 26.00 26.19 26.00 26.19 27.02 27.10 26.96 26.96 26.57 26.57 26.57 25.00 25.00 25.98 25.98 26.92 26.92 26.92 26.27 26.27 26.27 26.00 26.00 26.01 26.01 26.74 26.74 26.75 99999.90 26.63 26.63 26.63 25.53 25.53 26.31
27.73 27.61 27.04 26.77 26.84 27.21 26.93 26.53 27.01 26.93 26.95 26.56 26.46 26.64 27.07 27.20 26.71 26.66 26.66 27.34 27.03 27.03 26.81 26.59 26.43 26.26 26.65 26.44 25.69 25.96 26.26 26.51 26.50 26.30 25.91 25.97 24.94 26.09 26.52 26.08 26.06 25.65 26.04 25.99 25.97 26.12 26.35 26.01 26.26 26.26 26.57 26.57 25.00 25.00 25.98 25.98 26.92 26.92 26.92 26.27 26.27 26.27 26.00 26.00 26.01 26.83 26.83 26.83 26.83 26.83 26.83 26.63 26.63 26.63 26.63 25.53 25.53
27.51 27.62 26.76 26.85 26.69 26.27 27.01 27.07 26.85 26.71 27.11 26.83 26.76 26.94 26.95 27.16 26.68 26.31 26.55 26.99 27.23 27.09 26.69 26.74 26.48 27.11 26.63 26.14 26.24 25.79 26.54 26.54 26.83 26.18 25.79 25.64 25.30 26.31 26.37 26.36 26.27 26.23 26.20 26.33 26.39 26.09 26.12 25.71 26.01 25.86 25.28 25.00 25.00 25.98 25.98 26.92 26.92 26.92 26.27 26.27 26.27 26.00 26.00 26.01 26.01 26.83 26.83 26.55 26.55 26.55 26.55 26.63 26.63 26.63 26.63 26.63 25.53
27.51 27.45 26.96 26.44 27.07 26.76 26.81 27.45 26.93 27.18 26.60 27.04 27.23 26.97 26.90 27.08 26.89 26.38 26.53 27.20 27.41 27.39 27.09 26.76 26.93 27.16 27.04 26.97 26.21 25.98 26.41 26.74 26.94 26.17 25.98 25.84 25.58 26.34 26.33 26.23 26.25 26.09 26.51 26.44 26.06 26.16 26.19 25.79 25.25 25.26 25.22 25.03 25.98 25.98 26.92 26.92 26.92 26.27 26.27 26.27 26.00 26.00 26.01 26.01 26.83 26.83 26.83 26.55 26.55 26.55 25.93 26.87 26.87 26.63 26.63 26.63 26.63
27.35 27.33 27.29 26.74 26.70 27.71 27.06 26.95 26.44 27.06 26.62 27.42 27.36 27.08 26.42 26.66 26.89 26.14 26.84 26.86 27.22 27.34 27.05 27.37 27.21 27.09 27.16 26.64 26.64 26.54 26.65 26.69 26.72 26.29 26.20 26.08 26.02 26.28 26.31 26.23 26.41 26.17 26.41 26.66 26.21 25.65 26.06 25.89 25.41 25.69 25.30 24.94 25.80 26.92 26.92 26.92 26.27 26.27 26.27 26.00 26.00 26.01 26.01 26.74 26.83 26.83 26.83 26.55 26.55 26.55 25.93 26.87 26.87 26.63 26.63 26.63 26.63
27.77 27.72 27.25 27.12 27.36 27.67 26.85 26.81 26.75 27.12 26.44 27.57 27.18 27.12 26.98 26.91 26.90 26.61 27.13 26.87 27.32 27.54 27.23 27.84 27.38 27.09 27.16 27.00 26.65 26.80 26.38 26.72 26.74 26.38 26.26 26.17 26.43 26.60 26.71 25.77 26.57 26.62 26.46 26.34 26.55 26.15 25.61 25.70 25.84 25.80 25.38 24.56 25.16 26.02 26.02 26.27 26.27 26.27 26.00 26.00 26.01 26.01 26.74 26.83 26.83 26.83 26.55 26.55 26.55 25.68 25.93 26.87 26.87 26.87 26.63 26.63 26.63
27.22 27.36 27.63 27.40 27.08 27.25 27.25 27.05 27.46 26.76 26.63 26.91 27.13 26.49 26.73 26.76 27.10 26.62 26.98 26.95 27.34 27.46 27.46 27.68 27.67 26.96 27.02 26.86 26.79 26.92 26.44 26.52 26.84 26.51 26.33 26.51 26.77 26.55 26.40 26.33 26.71 26.78 26.86 26.51 26.69 26.30 25.97 25.54 25.66 25.94 25.74 25.62 25.44 25.22 25.94 26.27 26.27 26.00 26.00 26.01 26.01 26.74 26.74 26.83 26.83 26.83 26.55 26.55 26.55 25.68 25.93 26.87 26.87 26.87 26.63 26.63 26.63
27.16 26.96 26.99 27.33 27.35 27.21 27.47 27.27 27.30 27.01 26.91 26.62 27.21 26.68 27.16 26.58 26.99 26.23 26.72 26.82 27.02 27.25 27.40 27.78 27.26 27.27 27.15 27.06 27.11 26.82 25.97 26.03 26.09 26.01 26.27 26.60 27.14 27.01 26.32 26.43 26.87 26.85 26.94 26.41 26.34 26.16 25.99 25.48 26.06 26.27 26.01 25.83 26.04 25.68 25.91 25.63 26.00 26.00 26.01 26.01 26.74 26.74 26.83 26.83 26.83 26.83 26.55 26.55 26.55 25.68 25.93 26.87 26.87 26.87 26.87 26.63 26.63
27.40 27.46 27.27 27.37 27.25 27.21 27.06 27.29 27.73 27.60 26.80 26.51 27.29 26.72 26.83 25.86 27.54 27.00 26.95 26.38 26.72 27.42 27.30 27.41 27.64 26.78 26.88 27.22 27.23 26.11 25.18 25.71 25.41 25.71 26.42 26.59 26.86 27.02 26.27 26.29 27.05 26.95 27.15 26.57 26.51 25.99 26.08 26.17 26.25 25.69 25.85 26.02 26.30 25.79 25.70 25.28 25.79 26.01 26.01 26.74 26.74 26.75 26.83 26.83 26.83 26.55 26.55 26.55 26.55 25.68 25.93 26.87 26.87 26.87 26.87 26.63 26.63
27.46 27.29 27.19 27.49 27.63 27.07 27.55 27.15 27.16 27.52 26.94 27.17 27.23 27.73 27.18 26.06 27.35 27.26 26.92 26.71 26.83 27.11 27.49 26.84 27.29 27.73 27.79 27.18 27.45 26.75 26.06 25.34 24.82 25.87 26.29 26.60 26.98 26.99 26.67 26.67 27.11 26.66 26.93 26.81 26.98 26.69 26.36 26.34 25.92 26.22 25.54 25.95 26.50 26.06 25.66 25.76 25.69 25.83 26.74 26.74 26.75 26.06 26.83 26.83 26.83 26.55 26.55 26.55 24.90 25.68 25.93 26.87 26.87 26.87 26.87 28.03 25.55
26.89 27.29 27.28 27.18 27.05 27.42 27.41 27.35 27.14 26.89 26.67 27.41 27.26 27.45 27.24 27.15 27.13 27.18 27.25 27.22 27.12 27.41 26.55 27.43 27.32 27.78 27.55 27.61 27.20 26.74 26.56 25.27 25.39 25.99 26.71 26.83 26.89 26.85 26.62 26.81 26.92 27.17 26.79 27.00 27.22 26.84 26.35 26.58 26.09 25.76 25.61 26.23 26.36 26.56 26.18 25.82 25.42 25.70 26.13 26.75 26.75 26.06 26.83 26.83 25.96 26.55 26.55 26.55 24.90 25.68 25.93 26.87 26.87 26.87 28.03 28.03 28.03
25.91 26.90 26.68 26.56 27.23 26.45 27.13 27.65 26.84 26.83 26.43 27.06 26.97 27.14 26.68 27.27 27.27 27.18 27.46 27.31 26.86 27.07 27.01 26.88 27.34 27.52 27.28 27.31 26.68 26.78 27.38 26.69 26.03 25.75 26.78 27.05 27.35 26.96 26.31 26.95 27.05 26.57 27.14 27.22 27.22 26.98 26.94 26.86 26.31 26.33 26.30 26.20 26.50 26.77 26.39 25.48 26.06 25.68 25.99 25.95 25.85 26.06 26.83 26.83 25.96 26.55 26.55 26.24 24.90 25.68 25.93 26.87 26.87 26.87 28.03 28.03 28.03
26.05 26.86 26.86 27.07 27.26 26.68 27.48 27.27 26.92 26.65 26.97 26.98 26.81 26.93 26.76 27.27 27.17 26.98 27.47 27.42 26.90 27.42 26.79 27.06 26.97 26.88 26.98 27.36 27.28 27.22 27.72 26.65 25.17 25.54 26.06 26.53 27.20 26.92 26.16 26.66 27.32 26.93 27.10 27.36 27.16 27.20 27.08 26.80 26.36 26.60 26.73 26.49 26.43 26.82 26.37 26.32 25.97 26.24 26.30 25.95 25.55 25.78 26.01 26.56 25.96 26.55 26.55 26.24 24.90 25.68 25.93 26.87 26.87 26.89 28.03 28.03 28.03
