main/data/irradiance/31.10.2023.grid
ncols 839
nrows 679
xllcenter 112.0500
yllcenter -43.9500
cellsize 0.0500
nodata_value 99999.90
[rows 272 to 305 of 679, columns 693 to 769 of 839]
27.56 27.57 27.67 27.64 27.77 27.64 27.77 27.84 27.90 27.98 27.94 27.87 27.76 27.83 27.81 27.80 27.78 27.73 27.65 27.76 27.67 27.63 27.86 27.84 27.72 27.82 28.25 27.91 27.92 27.84 27.91 27.80 27.78 27.73 27.83 27.78 27.81 27.53 27.99 28.08 27.99 27.97 28.00 27.78 27.69 28.02 28.21 28.14 27.87 27.84 27.84 27.72 27.82 27.84 27.80 27.79 27.88 27.96 28.03 28.00 28.22 28.32 27.97 27.98 28.01 27.62 27.84 27.86 27.99 27.97 28.06 28.15 28.16 28.27 28.16 28.19 28.20
27.50 27.58 27.58 27.70 27.66 27.69 27.73 27.86 28.05 28.06 27.97 27.87 27.72 27.62 27.76 27.84 27.76 27.72 27.74 27.69 27.70 27.81 27.85 27.76 27.69 27.87 28.59 28.64 28.07 28.08 27.61 27.79 27.68 27.78 27.72 27.83 27.72 27.75 27.90 27.90 28.02 27.96 28.12 27.72 27.84 27.94 28.08 28.07 27.90 27.88 27.89 27.82 27.90 27.87 27.93 27.83 27.88 27.90 28.05 27.96 28.09 27.86 27.81 27.92 28.04 28.00 27.96 27.86 27.84 28.04 28.01 28.05 28.11 28.16 28.20 28.19 28.35
27.49 27.50 27.67 27.79 27.63 27.82 27.83 27.87 27.99 27.92 27.91 27.79 27.59 27.47 27.58 27.79 27.85 27.73 27.66 27.68 27.83 27.86 27.75 27.82 27.89 27.96 27.85 28.48 27.27 26.93 27.17 27.05 27.49 27.87 27.87 27.13 27.44 27.58 27.93 28.02 27.98 28.00 28.22 27.92 27.81 28.05 28.08 28.20 28.16 28.05 27.77 27.78 27.93 27.83 27.87 27.82 27.82 27.92 27.90 28.13 28.00 27.84 27.74 27.68 27.88 28.03 28.02 27.88 27.94 27.91 27.96 27.91 28.06 28.08 28.16 28.22 28.28
27.48 27.51 27.62 27.70 27.71 27.74 27.87 27.87 27.94 28.06 27.89 27.95 27.65 27.68 27.80 27.68 27.77 27.76 27.71 27.88 27.90 27.83 27.79 27.75 27.83 27.62 27.20 27.98 27.72 27.61 26.61 26.62 27.14 27.38 27.68 26.25 26.93 27.58 27.88 27.91 27.99 28.07 28.07 28.36 27.97 27.98 28.08 27.99 28.10 27.87 27.92 27.92 28.02 28.09 27.99 27.89 27.77 27.74 27.82 28.04 28.12 27.79 27.63 27.58 27.71 27.98 28.05 27.81 27.78 27.93 27.92 27.94 27.99 27.97 28.14 28.24 28.27
27.57 27.60 27.62 27.65 27.89 27.87 27.90 27.91 28.00 28.01 28.07 27.99 27.78 27.88 27.85 27.78 27.70 27.73 27.67 27.69 27.88 27.73 27.75 27.91 27.96 28.08 27.85 27.58 26.88 27.80 27.53 26.98 26.99 27.43 27.50 27.47 26.15 27.01 27.91 27.95 27.94 28.06 28.02 28.38 27.84 27.79 28.04 28.04 28.05 28.10 28.00 28.01 28.11 28.15 28.11 27.81 27.80 27.80 27.63 28.10 28.02 27.84 27.58 27.68 27.64 27.83 27.91 28.08 27.77 27.96 27.96 27.81 27.92 28.04 28.07 28.17 28.31
27.70 27.62 27.79 27.85 27.79 27.94 27.93 27.88 28.02 27.97 28.06 27.94 27.86 27.90 27.87 27.72 27.76 27.70 27.64 27.73 27.80 27.87 27.69 28.08 28.18 28.13 27.90 27.66 27.65 27.76 27.56 26.27 27.10 27.32 27.30 27.84 25.89 27.25 27.84 27.86 27.95 27.93 28.03 28.18 28.04 27.83 27.89 28.03 27.72 28.13 28.08 27.95 28.04 27.99 27.99 27.91 27.89 27.83 27.81 28.09 28.18 27.81 27.82 27.53 27.73 27.78 27.87 27.96 27.79 27.78 27.56 27.32 27.79 28.03 27.97 28.04 28.09
27.28 27.38 27.78 27.89 27.86 28.06 27.78 27.78 27.88 27.87 28.02 27.89 27.92 27.89 27.87 27.75 27.70 27.70 27.70 27.87 27.97 27.96 27.86 27.82 28.18 28.11 27.92 28.00 27.89 27.56 27.87 26.83 26.96 27.22 27.55 27.92 25.43 26.88 27.86 27.91 27.98 28.01 28.09 28.07 27.97 27.87 27.77 27.95 27.97 27.90 28.07 27.78 27.90 27.80 27.79 28.00 27.99 27.90 27.91 27.93 27.68 27.85 28.12 27.55 27.49 27.75 27.70 27.81 27.80 27.77 27.74 27.15 27.62 27.95 28.03 28.00 28.00
27.08 27.05 27.60 27.64 27.82 27.78 27.56 27.75 27.68 27.93 27.87 27.80 27.90 27.92 27.82 27.77 27.83 27.97 28.09 27.91 28.03 28.00 27.98 27.94 28.04 28.03 28.06 28.05 28.05 27.94 27.72 27.64 27.19 27.29 26.07 27.46 26.86 27.55 27.78 27.77 27.76 27.86 28.06 27.99 27.87 27.57 27.72 27.95 28.01 27.81 27.97 27.90 27.79 27.71 27.70 27.86 27.95 27.99 27.87 27.79 27.77 27.55 27.57 27.44 27.53 27.58 27.77 27.87 27.87 27.78 27.72 27.72 27.46 27.78 27.94 27.87 27.92
27.52 27.44 27.35 27.39 27.77 27.74 27.29 27.74 27.90 27.71 27.60 27.78 27.81 27.70 27.78 27.82 27.83 28.03 28.04 27.90 27.95 27.91 27.86 27.93 28.03 28.05 27.98 28.03 28.02 28.06 27.94 27.81 27.73 26.86 26.83 26.94 26.95 27.70 27.75 27.65 27.65 27.68 27.74 27.75 27.79 27.74 27.63 27.90 27.84 27.89 27.99 27.84 27.82 27.59 27.57 27.77 27.87 27.98 27.91 27.66 27.51 27.58 27.48 27.44 27.52 27.41 27.69 27.77 27.86 27.68 27.80 27.91 27.87 27.82 27.84 28.01 28.12
27.71 27.49 27.14 27.40 27.64 27.64 27.42 27.56 27.91 27.53 27.57 27.56 27.65 27.72 27.78 27.72 27.86 27.92 27.85 27.88 27.86 27.65 27.83 27.91 27.98 28.12 28.05 27.87 28.04 28.09 27.99 27.92 27.97 27.41 27.12 26.54 26.78 27.98 27.67 27.61 27.51 27.66 27.64 27.61 27.52 27.54 27.71 27.95 27.81 28.00 27.86 27.90 27.81 27.72 27.76 27.83 27.78 27.93 27.95 27.88 27.71 27.60 27.55 27.61 27.66 27.51 27.53 27.74 27.78 27.68 27.79 27.58 27.38 27.64 27.86 28.07 28.16
27.82 27.74 27.13 27.21 27.67 27.41 27.55 27.47 27.72 27.62 27.55 27.55 27.50 27.64 27.65 27.85 27.79 27.85 27.77 27.89 27.97 27.71 27.65 27.79 27.95 28.02 27.91 28.02 28.09 28.09 27.84 27.84 27.81 26.62 27.37 27.44 27.44 27.51 27.62 27.58 27.43 27.56 27.60 27.66 27.80 27.61 27.97 27.93 27.88 27.95 27.92 28.00 27.83 27.87 27.86 27.86 27.81 27.91 27.90 27.94 27.71 27.67 27.91 27.51 27.43 27.56 27.66 27.90 27.67 27.76 27.98 27.91 27.60 27.53 27.50 27.79 28.12
27.66 27.68 27.52 27.36 27.18 27.67 27.30 27.37 27.97 27.66 27.69 27.79 27.45 27.36 27.67 27.88 27.87 27.83 27.81 27.90 27.91 27.90 27.89 27.85 27.98 28.02 28.00 27.98 27.98 27.83 27.90 27.96 27.91 26.60 25.73 27.01 27.46 27.45 27.34 27.69 27.38 27.46 27.47 27.51 27.86 27.93 27.92 27.89 27.93 27.86 27.71 27.72 27.92 27.86 27.93 27.91 27.82 27.84 27.82 27.90 27.79 27.70 27.61 27.37 27.55 27.71 27.90 28.01 27.92 27.90 27.80 27.96 27.61 27.51 27.05 27.99 28.33
27.63 27.35 27.65 26.74 26.86 27.44 27.67 27.76 27.94 27.76 27.80 27.86 27.80 27.83 27.72 27.75 27.88 27.90 27.86 27.83 28.00 28.04 27.98 27.94 27.91 27.99 28.10 27.93 28.01 27.89 27.82 27.86 27.93 27.65 25.38 25.56 27.61 27.43 27.91 27.73 27.44 27.47 27.55 27.66 27.83 27.96 28.02 27.90 27.97 27.84 27.87 27.71 27.76 27.82 27.93 27.95 27.77 27.85 27.72 27.81 27.92 27.61 27.49 27.59 27.67 27.69 27.76 27.89 28.03 27.95 27.96 27.96 27.80 27.56 27.45 27.75 28.10
27.73 27.24 27.68 27.18 27.30 27.51 27.32 27.62 27.76 27.26 27.77 28.01 27.91 27.86 27.89 27.63 27.65 27.64 27.95 28.06 27.98 28.03 28.06 27.91 27.95 27.94 27.89 27.92 28.02 27.95 27.88 27.89 28.02 27.74 26.00 26.40 27.85 27.89 27.59 27.61 27.52 27.55 27.65 27.68 27.72 27.87 28.02 27.97 27.95 27.88 27.74 27.81 27.84 27.93 27.83 27.72 27.64 27.89 27.73 27.74 27.77 27.68 27.59 27.05 27.55 27.81 27.89 28.05 27.95 28.12 27.92 27.73 27.68 27.58 27.36 27.55 27.17
27.78 27.00 27.55 27.20 27.33 27.64 26.92 27.39 27.47 26.98 27.78 27.75 27.93 27.99 27.85 27.88 27.87 27.87 27.79 27.89 27.96 27.98 28.00 27.74 27.88 27.83 27.77 27.82 28.08 28.02 27.97 27.92 28.01 27.91 27.78 27.63 27.83 27.66 27.59 27.76 27.75 27.78 27.68 27.53 27.79 27.85 27.96 27.98 28.01 27.85 27.87 27.87 27.78 27.83 27.72 27.70 27.70 27.59 27.72 27.72 27.76 27.86 27.70 27.63 27.74 27.91 28.00 28.03 27.90 27.98 28.04 28.03 27.80 27.78 27.77 27.20 27.23
27.72 27.42 27.41 26.77 26.79 27.39 27.47 27.68 26.97 27.38 27.86 27.83 27.82 27.86 27.92 27.93 27.88 27.95 27.85 27.91 27.99 28.00 27.97 27.72 27.70 27.76 27.93 27.98 28.00 27.96 27.94 27.84 27.92 27.99 28.04 28.19 27.17 26.87 27.43 27.69 27.65 27.76 27.75 27.60 27.58 27.65 27.90 27.97 28.00 27.87 27.90 27.80 27.77 27.82 27.54 27.73 27.67 27.78 27.82 27.74 27.75 27.81 27.48 27.56 27.78 27.77 27.84 28.04 27.94 27.57 28.05 28.21 28.16 27.94 27.72 27.61 27.07
27.75 27.60 27.58 27.64 27.22 27.79 27.40 27.71 27.41 27.59 27.69 28.08 27.97 27.85 27.84 27.83 27.78 27.92 27.95 27.91 28.00 28.19 27.95 27.92 28.00 27.92 28.04 28.12 28.00 27.70 27.88 27.91 27.93 28.12 28.24 27.88 27.90 27.21 26.56 27.46 27.45 27.61 27.69 27.69 27.64 27.64 27.83 27.96 28.00 27.82 27.56 27.62 27.68 27.59 27.65 27.64 27.59 27.67 27.71 27.67 27.65 27.80 27.57 27.60 27.78 27.73 27.79 27.92 27.97 27.69 27.93 28.06 28.15 28.26 27.93 27.96 27.75
27.64 27.48 27.65 27.65 27.23 27.44 27.05 27.62 26.84 27.49 27.59 27.44 27.35 27.87 27.99 27.96 27.78 27.94 27.87 27.91 27.93 28.54 27.96 28.01 28.17 28.14 28.23 28.11 27.92 27.78 27.80 27.55 27.60 27.85 28.09 27.91 28.00 27.74 26.59 27.40 27.87 27.64 27.65 27.78 27.62 27.58 27.81 27.99 28.01 27.71 27.58 27.56 27.47 27.62 27.66 27.62 27.46 27.67 27.67 27.69 27.91 27.76 27.83 27.91 27.79 27.80 27.76 28.09 28.08 27.90 28.04 27.38 28.03 28.07 28.03 28.08 28.06
28.03 27.85 27.84 27.60 27.41 27.48 27.45 27.19 26.25 27.57 27.17 26.96 27.44 27.75 27.48 27.57 27.68 27.58 27.93 28.04 28.05 28.58 28.58 28.27 28.27 28.28 28.18 27.64 27.54 27.60 27.64 27.52 27.57 27.74 27.79 27.65 27.82 27.42 26.11 26.73 26.81 27.44 27.72 27.68 27.79 27.66 27.82 27.99 27.93 27.72 27.65 27.64 27.68 27.62 27.51 26.74 26.36 27.68 27.68 27.63 27.55 27.55 27.63 27.61 27.58 27.73 27.86 28.28 28.01 27.67 27.81 28.01 28.03 28.06 28.09 28.08 28.15
27.93 27.89 28.09 27.75 27.44 27.21 27.39 27.02 27.10 27.61 26.95 27.07 27.72 27.55 27.29 27.18 27.51 27.65 28.00 28.22 28.63 28.33 28.31 28.35 27.91 27.93 27.94 27.47 26.84 26.89 26.76 26.91 27.35 27.74 27.64 27.67 27.79 27.95 27.71 27.70 27.73 27.53 27.77 27.85 27.81 27.83 27.99 28.00 27.84 27.83 27.77 27.83 27.80 27.43 27.30 27.65 27.58 27.79 27.78 27.43 26.90 27.58 27.81 27.74 27.65 27.64 27.88 28.30 27.67 27.50 27.89 27.94 27.98 27.97 28.04 28.04 28.21
27.74 27.58 27.87 27.65 27.67 27.83 27.13 27.30 27.06 27.57 26.90 27.33 27.68 27.32 27.24 27.37 27.84 27.63 28.02 28.32 28.21 27.74 28.21 28.16 27.72 27.75 27.98 27.59 26.41 26.86 26.47 26.89 27.26 27.77 27.44 27.60 27.56 27.75 27.80 27.91 27.95 27.57 27.65 27.79 27.79 27.87 27.98 27.92 27.84 27.71 27.89 27.71 27.71 27.61 27.45 27.58 27.60 27.25 27.71 27.56 27.47 27.54 27.65 27.77 27.97 27.38 27.78 28.25 27.85 27.71 27.96 28.03 28.06 27.99 28.03 28.15 28.25
27.79 27.67 27.83 27.86 27.74 28.09 27.12 27.71 27.57 27.41 27.13 27.61 27.69 27.02 26.97 27.31 27.87 27.33 27.70 28.11 28.28 27.65 27.87 28.32 27.68 27.51 28.10 27.47 26.42 26.15 26.48 27.45 27.39 27.70 27.46 27.27 27.58 27.64 27.90 27.73 27.59 27.62 27.49 27.54 27.75 27.87 27.98 27.93 27.72 27.67 27.56 27.61 27.90 27.69 27.48 27.12 26.94 27.45 27.57 27.48 27.53 27.57 27.65 27.87 27.73 27.98 27.72 27.96 27.91 27.85 28.19 28.04 28.06 28.00 27.98 28.18 28.22
27.77 27.50 27.69 27.81 27.79 27.96 27.49 27.50 27.04 27.60 27.34 27.61 27.76 27.59 26.88 27.24 27.88 27.23 27.71 27.50 27.73 26.97 28.00 28.27 27.89 27.61 27.78 25.76 26.93 26.93 27.08 27.10 26.74 27.11 27.21 27.55 27.39 27.57 27.91 27.84 27.64 27.67 27.70 27.59 27.59 27.67 28.00 27.94 27.67 27.40 27.59 27.68 27.67 27.70 27.35 27.71 27.63 27.64 27.72 27.70 27.65 27.74 27.69 27.84 27.85 28.04 27.89 27.97 27.53 27.48 28.04 28.00 28.09 28.13 28.13 28.11 28.18
27.85 27.87 27.83 27.64 27.78 27.59 27.46 27.05 27.69 27.68 27.72 27.20 27.62 27.29 27.22 27.41 27.37 27.34 27.71 26.95 27.65 27.39 27.75 27.63 27.71 27.51 27.51 26.65 26.57 26.61 26.88 26.80 27.17 27.25 27.33 27.45 27.52 27.22 27.49 27.83 27.66 27.55 27.60 27.56 27.41 27.86 28.04 27.92 27.55 27.58 27.55 27.62 27.56 27.63 27.79 27.70 27.82 27.78 27.65 27.75 27.68 27.70 27.78 27.81 27.85 27.75 27.83 27.74 27.48 27.39 27.98 27.94 28.06 27.97 27.99 28.11 28.12
27.80 27.88 27.69 27.74 27.51 27.62 27.55 26.98 27.55 27.61 27.41 27.02 27.18 27.48 27.11 27.76 27.25 27.78 27.15 27.33 28.01 26.98 27.52 27.96 27.80 27.64 27.16 26.52 26.36 25.61 26.32 26.81 27.03 27.13 27.18 27.35 27.56 27.22 27.39 27.84 27.79 27.58 27.42 27.36 27.84 27.96 27.95 27.83 27.44 27.60 27.62 27.70 27.75 27.78 27.89 28.01 28.01 27.97 27.94 27.92 27.75 27.68 27.71 27.75 27.95 27.77 27.68 28.05 27.25 27.51 27.96 27.86 27.95 28.04 28.11 28.04 28.05
27.54 27.84 27.85 27.78 27.55 27.68 27.59 27.31 27.47 27.14 27.56 26.57 27.02 27.80 27.32 27.64 27.55 27.69 27.10 26.89 27.68 27.07 27.39 27.56 27.71 27.43 26.77 25.85 26.44 26.04 25.49 25.88 26.80 27.21 27.21 27.39 27.61 27.60 27.65 27.82 27.83 27.53 27.50 27.67 27.92 27.87 27.87 27.86 27.63 27.62 27.82 27.81 27.79 27.99 28.05 28.04 28.04 27.91 28.00 27.84 27.64 27.66 27.69 27.74 27.90 27.41 27.68 27.98 27.18 27.85 27.89 27.94 28.05 28.09 28.12 28.11 28.02
27.69 27.86 27.68 27.34 27.43 27.77 27.76 27.77 27.18 26.95 27.25 27.11 27.06 27.58 26.98 27.65 27.18 27.89 26.50 27.34 27.59 27.77 27.53 27.60 27.53 26.39 26.26 25.72 26.59 26.35 25.45 26.53 26.80 27.14 26.69 26.86 27.48 27.79 27.60 27.64 27.72 27.41 27.58 27.94 27.91 27.90 27.83 27.72 27.57 27.35 27.62 27.78 28.07 27.99 28.02 28.01 27.93 27.98 27.93 27.96 27.85 27.82 27.69 27.76 27.72 27.80 27.77 27.94 28.00 27.73 28.01 27.93 27.95 28.00 27.94 28.02 28.03
27.70 27.82 27.39 27.80 27.40 27.57 27.97 27.51 27.40 27.58 26.84 27.36 26.87 27.33 27.10 27.18 26.61 27.68 26.96 27.55 27.53 27.92 27.11 27.58 27.40 26.70 26.86 26.97 26.95 26.22 24.93 25.84 26.76 27.04 26.90 26.64 27.51 27.67 27.48 27.28 27.51 27.41 27.51 27.78 27.95 27.92 27.88 27.75 27.77 27.75 27.98 27.86 27.93 27.98 28.01 28.02 27.91 28.01 27.98 28.00 28.01 28.01 27.89 27.80 27.82 27.80 27.66 27.81 27.81 27.22 28.00 28.01 27.95 28.01 28.01 27.95 28.05
27.29 27.54 27.56 27.97 27.13 27.34 27.72 27.70 26.40 27.67 27.41 27.35 26.76 27.29 27.21 26.84 26.96 27.77 27.58 27.19 27.95 27.44 26.85 27.51 26.82 26.76 26.96 26.77 26.27 26.45 24.97 26.50 27.01 27.20 27.32 27.34 27.35 27.41 27.44 27.43 27.33 27.45 27.62 27.76 27.92 27.75 27.82 27.70 27.71 27.82 27.97 28.03 27.96 27.93 27.97 27.97 27.94 27.92 27.96 27.93 27.94 27.94 28.04 27.97 27.96 27.97 27.69 27.83 27.93 27.83 27.89 27.99 27.94 27.91 27.94 27.98 28.06
27.87 27.51 26.99 27.51 27.62 26.92 27.42 27.51 26.66 26.82 27.08 27.50 27.37 26.40 27.38 27.56 26.79 27.86 27.05 27.64 27.63 27.71 27.23 27.34 25.92 26.11 27.44 25.97 26.87 25.56 25.37 25.91 26.02 26.97 26.29 26.70 26.95 27.21 27.02 27.20 27.41 27.35 27.57 27.89 27.86 27.84 27.77 27.87 27.96 27.98 27.95 27.97 28.02 27.96 27.90 27.92 27.97 27.93 27.95 27.92 27.97 27.92 27.96 28.02 28.11 27.87 27.73 27.94 27.95 27.97 27.86 27.98 28.06 27.98 27.94 27.89 27.95
27.95 27.44 27.44 27.42 27.50 27.34 27.03 27.28 26.82 27.29 27.61 26.93 26.86 27.46 27.14 27.31 26.30 27.62 27.42 27.30 27.32 27.39 27.15 27.19 26.02 26.90 27.40 26.49 26.94 25.88 25.62 25.06 24.99 25.92 26.32 26.84 27.22 27.11 26.71 27.24 27.35 27.54 27.70 27.80 27.69 27.85 27.90 27.89 28.00 27.97 27.97 28.00 27.96 27.82 27.86 27.94 27.98 27.80 27.90 27.98 27.95 28.05 27.98 27.97 28.00 28.09 28.02 27.95 28.04 27.96 27.98 27.99 28.08 28.09 28.11 28.10 28.01
27.73 27.32 27.51 27.53 27.23 27.67 27.78 27.19 27.13 27.47 27.59 27.06 27.29 27.37 27.67 27.41 27.64 27.48 26.94 27.76 27.29 26.81 27.06 27.67 26.94 27.54 27.24 26.15 26.57 26.87 27.26 25.60 25.75 26.15 25.66 26.25 26.57 26.66 27.13 27.45 27.19 27.08 27.81 27.74 27.56 27.75 27.97 27.80 27.87 27.97 28.01 27.87 27.93 27.94 27.82 27.79 27.84 27.80 27.98 27.98 27.78 27.87 27.94 28.01 27.95 28.08 28.12 28.10 28.14 28.03 28.04 28.15 28.12 28.14 28.03 28.02 28.02
27.15 27.07 27.02 27.81 27.72 27.81 27.22 27.38 26.82 26.99 27.66 26.89 27.50 27.82 27.21 27.11 27.45 27.51 27.26 27.71 26.90 26.24 27.41 26.73 26.29 27.49 27.10 25.61 25.55 26.38 27.10 26.47 26.77 26.56 25.20 25.58 26.03 25.64 26.96 27.45 26.61 26.57 27.60 27.54 27.77 27.78 27.86 27.72 27.90 27.59 27.73 27.90 27.96 27.78 27.62 27.64 27.89 27.84 27.63 27.83 27.83 27.82 27.95 27.91 28.00 27.93 28.02 28.06 28.05 27.99 27.95 28.07 27.99 28.07 28.08 28.11 28.07
26.86 26.85 26.49 27.64 27.82 27.78 26.78 27.38 26.98 26.47 27.53 26.70 27.45 27.73 27.10 27.39 27.07 27.56 27.37 27.36 27.10 26.27 27.56 26.17 26.57 27.39 26.20 25.65 26.89 27.10 25.98 26.14 26.25 26.62 26.00 25.66 24.67 25.55 26.18 27.41 27.32 27.71 27.66 27.59 27.78 27.88 28.00 27.88 27.92 27.96 27.42 27.65 27.88 27.69 27.62 27.63 27.68 27.67 27.68 27.85 27.71 27.74 28.00 27.98 27.92 27.97 27.82 28.05 28.12 28.02 28.08 28.09 28.11 28.12 28.06 28.08 28.09
