main/data/irradiance/31.10.2023.grid
ncols 839
nrows 679
xllcenter 112.0500
yllcenter -43.9500
cellsize 0.0500
nodata_value 99999.90
[rows 612 to 645 of 679, columns 616 to 692 of 839]
99999.90 99999.90 99999.90 99999.90 99999.90 99999.90 99999.90 99999.90 99999.90 99999.90 99999.90 99999.90 99999.90 99999.90 99999.90 99999.90 99999.90 99999.90 99999.90 99999.90 99999.90 99999.90 99999.90 99999.90 99999.90 99999.90 20.17 21.97 21.97 21.97 21.97 21.97 21.97 21.97 21.97 21.97 21.97 21.97 21.97 25.38 22.57 22.57 22.57 22.57 22.57 19.02 23.28 22.03 21.41 21.90 21.90 21.90 21.90 20.93 20.93 20.93 20.93 21.48 21.48 21.48 19.13 19.13 21.17 21.17 23.21 23.21 23.21 23.21 23.21 22.45 22.45 25.24 25.24 24.21 24.21 24.21 24.21
99999.90 99999.90 99999.90 99999.90 99999.90 99999.90 99999.90 99999.90 99999.90 99999.90 99999.90 99999.90 99999.90 99999.90 99999.90 99999.90 99999.90 99999.90 99999.90 99999.90 99999.90 99999.90 99999.90 99999.90 99999.90 99999.90 20.17 21.97 21.97 21.97 21.97 21.97 21.97 21.97 21.97 21.97 21.97 21.97 21.97 25.38 22.57 22.57 22.57 22.57 19.02 19.02 23.28 22.03 21.41 21.90 21.90 21.90 22.32 20.93 20.93 20.93 20.93 21.48 21.48 19.13 19.13 19.13 21.17 23.21 23.21 23.21 23.21 23.21 23.21 22.45 24.91 24.73 25.24 24.21 24.21 24.21 24.21
99999.90 99999.90 99999.90 99999.90 99999.90 99999.90 99999.90 99999.90 99999.90 99999.90 99999.90 99999.90 99999.90 99999.90 99999.90 99999.90 99999.90 99999.90 99999.90 99999.90 99999.90 99999.90 99999.90 99999.90 99999.90 99999.90 20.17 20.17 20.17 21.97 21.97 21.97 21.97 21.97 21.97 21.97 21.97 21.97 23.56 25.38 25.38 22.57 22.27 19.02 19.02 21.92 23.28 22.03 21.41 21.90 21.90 21.90 22.32 20.93 20.93 20.93 21.48 21.48 21.48 19.13 19.13 21.17 21.17 23.21 23.21 23.21 23.21 23.21 22.45 22.45 24.91 24.73 25.24 25.24 24.21 24.21 24.21
99999.90 99999.90 99999.90 99999.90 99999.90 99999.90 99999.90 99999.90 99999.90 99999.90 99999.90 99999.90 99999.90 99999.90 99999.90 99999.90 99999.90 99999.90 99999.90 99999.90 99999.90 99999.90 99999.90 99999.90 99999.90 99999.90 20.17 20.17 20.17 20.17 20.17 20.17 20.17 20.17 21.97 21.97 24.51 24.51 24.51 25.44 24.03 22.02 22.27 19.02 19.02 21.92 23.28 22.03 21.41 21.90 21.90 20.83 22.32 20.93 20.93 20.93 21.48 21.48 19.13 19.13 19.13 21.17 21.17 23.21 23.21 23.21 23.21 23.21 22.45 23.12 24.91 24.73 25.07 25.24 24.21 24.21 24.21
99999.90 99999.90 99999.90 99999.90 99999.90 99999.90 99999.90 99999.90 99999.90 99999.90 99999.90 99999.90 99999.90 99999.90 99999.90 99999.90 99999.90 99999.90 99999.90 99999.90 99999.90 99999.90 99999.90 99999.90 99999.90 99999.90 20.17 20.17 20.17 20.17 20.17 20.17 20.17 20.17 20.17 20.17 23.51 23.51 23.51 23.02 21.37 22.11 22.51 22.47 21.00 21.92 23.28 22.03 21.41 21.90 21.90 20.83 22.32 20.93 20.93 21.48 21.48 21.48 19.13 19.13 21.17 21.17 21.17 23.21 23.21 23.21 23.21 22.45 22.45 23.12 24.91 24.73 25.07 25.24 25.24 24.21 24.21
99999.90 99999.90 99999.90 99999.90 99999.90 99999.90 99999.90 99999.90 99999.90 99999.90 99999.90 99999.90 99999.90 99999.90 99999.90 99999.90 99999.90 99999.90 99999.90 99999.90 99999.90 99999.90 99999.90 99999.90 99999.90 99999.90 20.17 20.17 20.17 20.17 20.17 20.17 20.17 20.17 20.17 20.17 20.17 21.17 21.17 21.17 21.32 21.81 22.76 21.93 22.34 21.88 21.99 20.11 20.65 19.28 19.23 20.83 22.32 20.93 20.93 21.48 21.48 19.13 19.13 19.13 21.17 21.17 23.61 23.21 23.21 23.21 23.21 22.45 22.45 23.12 24.91 24.73 25.07 25.24 25.24 24.21 24.21
99999.90 99999.90 99999.90 99999.90 99999.90 99999.90 99999.90 99999.90 99999.90 99999.90 99999.90 99999.90 99999.90 99999.90 99999.90 99999.90 99999.90 99999.90 99999.90 99999.90 99999.90 99999.90 99999.90 99999.90 99999.90 99999.90 20.17 20.17 20.17 20.17 20.17 20.17 20.17 20.17 20.17 20.17 20.17 18.05 17.46 18.48 21.02 22.08 21.56 23.56 24.03 22.76 22.76 22.25 20.00 20.99 20.62 19.73 18.54 20.39 21.21 21.48 21.48 19.13 19.13 21.17 21.17 21.17 23.61 23.21 23.21 23.21 22.45 22.45 22.45 23.12 24.91 24.73 25.07 25.24 25.24 25.24 24.21
99999.90 99999.90 99999.90 99999.90 99999.90 99999.90 99999.90 99999.90 99999.90 99999.90 99999.90 99999.90 99999.90 99999.90 99999.90 99999.90 99999.90 99999.90 99999.90 99999.90 99999.90 99999.90 99999.90 99999.90 99999.90 99999.90 21.02 21.02 21.02 21.02 21.02 21.02 21.02 21.02 21.02 21.02 21.02 18.96 18.27 19.43 20.77 22.02 20.60 20.91 22.20 22.85 19.22 22.57 24.35 23.08 19.35 18.48 21.22 20.04 20.39 19.55 20.45 19.13 19.13 21.17 21.17 23.27 23.61 23.21 23.21 23.21 22.45 22.45 23.40 23.12 24.91 24.73 25.07 24.22 25.24 25.24 24.21
99999.90 99999.90 99999.90 99999.90 99999.90 99999.90 99999.90 99999.90 99999.90 99999.90 99999.90 99999.90 99999.90 99999.90 99999.90 99999.90 99999.90 99999.90 99999.90 99999.90 99999.90 99999.90 99999.90 99999.90 99999.90 99999.90 21.02 21.02 21.02 21.02 21.02 21.02 21.02 21.02 21.02 21.02 21.02 19.74 18.65 19.89 19.88 22.62 20.95 18.86 20.25 21.78 22.16 21.39 20.32 21.55 23.65 24.05 22.88 20.90 21.24 22.90 22.88 21.79 22.27 21.17 21.17 23.27 23.61 23.21 23.21 22.45 22.45 22.45 23.40 23.12 24.91 24.73 25.07 24.22 25.24 25.24 25.24
99999.90 99999.90 99999.90 99999.90 99999.90 99999.90 99999.90 99999.90 99999.90 99999.90 99999.90 99999.90 99999.90 99999.90 99999.90 99999.90 99999.90 99999.90 99999.90 99999.90 99999.90 99999.90 99999.90 99999.90 99999.90 99999.90 21.02 21.02 21.02 21.02 21.02 21.02 21.02 21.02 21.02 20.93 20.93 20.93 21.64 21.40 22.24 22.60 21.49 21.53 22.76 23.19 24.03 22.57 23.00 22.63 22.27 21.73 20.84 20.64 21.94 23.41 21.20 21.62 21.73 22.39 23.17 23.27 23.61 23.21 23.21 22.45 22.45 23.24 23.40 23.12 24.91 24.73 25.07 24.22 25.69 25.24 25.24
99999.90 99999.90 99999.90 99999.90 99999.90 99999.90 99999.90 99999.90 99999.90 99999.90 99999.90 99999.90 99999.90 99999.90 99999.90 99999.90 99999.90 99999.90 99999.90 99999.90 99999.90 99999.90 99999.90 99999.90 99999.90 99999.90 21.02 21.02 21.02 21.02 21.02 21.02 21.02 22.01 22.01 22.01 22.01 22.01 21.91 23.76 22.51 22.28 21.54 21.70 23.59 24.03 22.88 22.70 22.85 21.54 22.47 22.41 21.74 22.46 21.95 22.25 22.01 23.23 23.04 21.27 20.94 22.86 22.21 21.97 22.99 22.45 22.45 23.24 23.40 23.12 24.91 24.73 25.07 24.22 25.69 25.24 25.24
99999.90 99999.90 99999.90 99999.90 99999.90 99999.90 99999.90 99999.90 99999.90 99999.90 99999.90 99999.90 99999.90 99999.90 99999.90 99999.90 99999.90 99999.90 99999.90 99999.90 99999.90 99999.90 99999.90 99999.90 99999.90 99999.90 21.02 21.02 21.02 21.56 21.56 21.56 21.56 21.56 21.56 21.56 21.56 21.56 21.07 22.07 20.77 18.35 21.27 21.36 23.71 21.91 22.07 22.38 20.14 24.71 24.62 22.75 22.72 21.32 20.44 22.79 23.29 21.76 22.26 23.28 24.12 22.11 21.33 20.59 21.55 21.92 22.39 23.24 23.40 23.12 24.91 24.73 25.07 24.22 25.69 23.85 24.82
99999.90 99999.90 99999.90 99999.90 99999.90 99999.90 99999.90 99999.90 99999.90 99999.90 99999.90 99999.90 99999.90 99999.90 99999.90 99999.90 99999.90 99999.90 99999.90 99999.90 99999.90 99999.90 99999.90 99999.90 99999.90 99999.90 21.02 21.56 21.56 21.56 21.56 21.56 21.56 21.56 21.56 21.56 21.56 21.56 21.77 18.69 18.68 20.43 21.53 20.84 19.04 20.42 20.37 21.24 20.80 22.24 22.08 22.78 23.24 24.11 22.75 20.39 20.19 20.43 21.21 23.70 22.30 22.53 22.77 21.30 21.59 22.95 21.98 23.00 23.37 21.80 22.12 21.55 24.02 25.06 24.65 23.52 23.81
99999.90 99999.90 99999.90 99999.90 99999.90 99999.90 99999.90 99999.90 99999.90 99999.90 99999.90 99999.90 99999.90 99999.90 99999.90 99999.90 99999.90 99999.90 99999.90 99999.90 99999.90 99999.90 99999.90 99999.90 99999.90 99999.90 21.02 21.56 21.56 21.56 21.56 21.56 21.56 21.56 21.56 21.56 22.41 22.41 22.41 21.41 21.07 20.24 18.38 17.13 18.40 18.95 17.72 20.69 17.77 19.31 20.28 21.61 22.79 22.58 20.19 19.25 20.59 19.48 20.11 19.88 21.42 22.12 22.76 23.21 22.12 21.93 21.79 21.66 21.89 23.52 23.54 23.86 24.31 23.66 23.53 23.12 24.10
99999.90 99999.90 99999.90 99999.90 99999.90 99999.90 99999.90 99999.90 99999.90 99999.90 99999.90 99999.90 99999.90 99999.90 99999.90 99999.90 99999.90 99999.90 99999.90 99999.90 99999.90 99999.90 99999.90 99999.90 99999.90 99999.90 21.02 21.56 21.56 21.56 21.56 21.56 21.56 21.56 22.41 22.41 22.41 22.41 22.41 21.46 21.01 16.28 16.29 19.85 20.39 19.45 18.95 19.42 18.76 17.62 17.57 19.84 21.98 20.73 19.04 21.46 21.15 21.52 20.78 21.39 22.31 22.81 19.99 20.85 21.62 21.08 21.76 23.11 23.17 21.53 22.55 23.69 22.12 19.59 21.74 23.22 23.34
99999.90 99999.90 99999.90 99999.90 99999.90 99999.90 99999.90 99999.90 99999.90 99999.90 99999.90 99999.90 99999.90 99999.90 99999.90 99999.90 99999.90 99999.90 99999.90 99999.90 99999.90 99999.90 99999.90 99999.90 99999.90 99999.90 21.02 21.56 21.56 21.56 21.56 21.56 22.41 22.41 22.41 22.41 22.41 21.80 21.80 21.80 20.22 18.44 16.26 17.81 17.74 19.75 17.60 19.70 16.27 15.52 17.83 18.26 17.59 19.63 21.01 19.33 19.96 21.16 19.78 21.80 22.64 20.97 17.31 18.17 20.22 22.21 23.20 22.25 20.98 21.31 22.98 22.30 21.66 22.45 23.91 25.65 25.27
99999.90 99999.90 99999.90 99999.90 99999.90 99999.90 99999.90 99999.90 99999.90 99999.90 99999.90 99999.90 99999.90 99999.90 99999.90 99999.90 99999.90 99999.90 99999.90 99999.90 99999.90 99999.90 99999.90 99999.90 99999.90 99999.90 21.02 21.56 21.56 21.56 22.41 22.41 22.41 22.41 22.41 21.80 21.80 21.80 21.80 21.80 22.26 18.23 14.66 16.99 18.52 17.11 14.59 17.46 15.93 17.82 19.48 18.09 16.07 17.49 20.18 20.87 21.59 21.08 21.61 21.94 20.98 19.93 19.60 20.16 19.30 19.38 21.30 21.88 22.55 21.16 19.64 21.10 23.13 23.67 23.30 24.26 24.43
99999.90 99999.90 99999.90 99999.90 99999.90 99999.90 99999.90 99999.90 99999.90 99999.90 99999.90 99999.90 99999.90 99999.90 99999.90 99999.90 99999.90 99999.90 99999.90 99999.90 99999.90 99999.90 99999.90 99999.90 99999.90 99999.90 21.02 21.56 22.41 22.41 22.41 22.41 22.41 21.80 21.80 21.80 21.80 21.80 21.24 21.24 21.24 19.43 16.41 18.66 18.66 17.73 19.84 20.63 18.36 18.99 17.92 17.04 17.08 18.69 18.78 21.12 21.70 20.80 22.26 21.04 19.19 14.74 16.37 17.97 18.87 19.77 21.44 22.52 20.99 21.01 20.74 21.54 23.54 23.63 22.88 22.48 24.12
99999.90 99999.90 99999.90 99999.90 99999.90 99999.90 99999.90 99999.90 99999.90 99999.90 99999.90 99999.90 99999.90 99999.90 99999.90 99999.90 99999.90 99999.90 99999.90 99999.90 99999.90 99999.90 99999.90 99999.90 99999.90 99999.90 99999.90 21.56 22.41 22.41 22.41 21.80 21.80 21.80 21.80 21.80 21.24 21.24 21.24 21.24 21.24 21.09 20.49 20.49 18.09 17.45 19.03 20.14 20.23 19.63 16.93 19.03 17.33 17.54 17.66 19.73 20.73 19.90 19.66 17.76 16.87 16.64 17.53 19.30 22.38 21.44 20.98 22.45 21.85 22.69 19.99 19.82 21.10 24.21 25.41 25.15 24.85
99999.90 99999.90 99999.90 99999.90 99999.90 99999.90 99999.90 99999.90 99999.90 99999.90 99999.90 99999.90 99999.90 99999.90 99999.90 99999.90 99999.90 99999.90 99999.90 99999.90 99999.90 99999.90 99999.90 99999.90 99999.90 99999.90 99999.90 21.56 22.41 21.80 21.80 21.80 21.80 21.80 21.24 21.24 21.24 21.24 21.24 20.98 20.98 20.98 22.49 22.26 18.26 18.26 18.97 19.20 16.02 17.49 17.85 19.85 19.53 19.32 17.59 19.76 18.20 16.84 16.49 15.20 16.05 18.74 20.13 21.68 21.77 19.52 18.59 20.83 21.74 23.30 21.51 19.51 18.43 19.34 22.27 23.50 24.31
99999.90 99999.90 99999.90 99999.90 99999.90 99999.90 99999.90 99999.90 99999.90 99999.90 99999.90 99999.90 99999.90 99999.90 99999.90 99999.90 99999.90 99999.90 99999.90 99999.90 99999.90 99999.90 99999.90 99999.90 99999.90 99999.90 99999.90 21.56 22.41 21.80 21.80 21.80 21.24 21.24 21.24 21.24 21.24 20.98 20.98 20.98 20.98 20.98 23.41 21.38 19.97 20.40 18.68 17.07 15.71 14.57 17.62 19.04 18.92 21.17 20.20 17.17 14.94 16.97 17.11 15.57 14.65 16.88 19.47 20.05 20.33 19.46 18.30 19.06 18.72 16.67 21.03 21.65 22.61 21.29 21.38 23.13 22.63
99999.90 99999.90 99999.90 99999.90 99999.90 99999.90 99999.90 99999.90 99999.90 99999.90 99999.90 99999.90 99999.90 99999.90 99999.90 99999.90 99999.90 99999.90 99999.90 99999.90 99999.90 99999.90 99999.90 99999.90 99999.90 99999.90 99999.90 21.56 22.41 21.80 21.24 21.24 21.24 21.24 21.24 20.98 20.98 20.98 20.98 20.98 21.89 21.89 21.89 21.09 20.56 19.45 17.77 17.11 17.99 17.67 16.70 16.87 18.68 18.06 19.92 20.21 19.41 16.30 15.57 15.81 15.15 14.66 14.51 20.03 20.44 19.76 19.13 19.04 19.81 18.01 18.54 22.22 23.93 23.86 22.69 22.80 23.24
99999.90 99999.90 99999.90 99999.90 99999.90 99999.90 99999.90 99999.90 99999.90 99999.90 99999.90 99999.90 99999.90 99999.90 99999.90 99999.90 99999.90 99999.90 99999.90 99999.90 99999.90 99999.90 99999.90 99999.90 99999.90 99999.90 99999.90 99999.90 22.41 21.80 21.24 21.24 21.24 20.98 20.98 20.98 20.98 20.98 21.89 21.89 21.89 21.89 21.89 19.52 20.04 20.13 18.45 18.11 19.27 16.91 16.53 16.05 14.42 16.59 19.51 20.34 16.86 15.71 14.32 15.72 15.05 14.25 15.22 19.79 22.78 18.32 19.90 18.62 19.10 20.20 19.20 20.08 21.47 22.62 23.43 22.97 23.09
99999.90 99999.90 99999.90 99999.90 99999.90 99999.90 99999.90 99999.90 99999.90 99999.90 99999.90 99999.90 99999.90 99999.90 99999.90 99999.90 99999.90 99999.90 99999.90 99999.90 99999.90 99999.90 99999.90 99999.90 99999.90 99999.90 99999.90 99999.90 22.41 21.80 21.24 20.98 20.98 20.98 20.98 20.98 21.89 21.89 21.89 21.89 21.89 21.89 19.52 19.52 20.89 21.37 20.69 18.33 16.64 16.40 16.95 17.48 17.39 15.91 15.38 15.91 16.13 15.98 15.09 15.11 15.39 12.06 15.37 19.46 17.49 16.56 19.98 19.51 16.07 16.34 17.79 20.34 20.63 20.46 20.48 21.48 22.11
99999.90 99999.90 99999.90 99999.90 99999.90 99999.90 99999.90 99999.90 99999.90 99999.90 99999.90 99999.90 99999.90 99999.90 99999.90 99999.90 99999.90 99999.90 99999.90 99999.90 99999.90 99999.90 99999.90 99999.90 99999.90 99999.90 99999.90 99999.90 99999.90 21.80 21.24 20.98 20.98 20.98 21.89 21.89 21.89 21.89 21.89 21.89 21.89 19.52 19.52 20.89 20.89 19.56 19.47 18.52 19.33 18.33 18.34 19.37 16.93 15.05 14.66 13.43 14.79 13.84 11.41 13.16 13.51 12.69 14.25 17.55 17.56 17.28 16.79 17.89 14.24 14.89 16.85 18.03 19.86 19.81 19.93 19.70 19.52
99999.90 99999.90 99999.90 99999.90 99999.90 99999.90 99999.90 99999.90 99999.90 99999.90 99999.90 99999.90 99999.90 99999.90 99999.90 99999.90 99999.90 99999.90 99999.90 99999.90 99999.90 99999.90 99999.90 99999.90 99999.90 99999.90 99999.90 99999.90 99999.90 21.80 21.24 20.98 21.89 21.89 21.89 21.89 21.89 21.89 21.89 21.89 19.52 19.52 20.89 20.89 19.56 19.56 18.09 16.54 18.31 17.61 18.80 18.29 13.14 13.23 13.27 12.38 11.98 13.56 16.22 15.94 18.26 17.61 15.00 14.54 12.51 16.65 15.74 17.39 16.93 16.02 16.02 15.08 18.09 20.79 21.38 20.53 18.56
99999.90 99999.90 99999.90 99999.90 99999.90 99999.90 99999.90 99999.90 99999.90 99999.90 99999.90 99999.90 99999.90 99999.90 99999.90 99999.90 99999.90 99999.90 99999.90 99999.90 99999.90 99999.90 99999.90 99999.90 99999.90 99999.90 99999.90 99999.90 99999.90 99999.90 21.24 20.98 21.89 21.89 21.89 21.89 21.89 21.89 21.89 19.52 19.52 20.89 20.89 19.56 19.56 18.09 18.09 17.73 18.97 17.75 17.78 16.74 17.84 14.95 12.61 11.29 12.54 11.63 13.07 15.52 19.27 19.28 15.85 12.98 10.00 12.68 13.61 14.79 15.84 17.04 16.86 16.74 18.29 19.69 20.64 21.71 20.15
99999.90 99999.90 99999.90 99999.90 99999.90 99999.90 99999.90 99999.90 99999.90 99999.90 99999.90 99999.90 99999.90 99999.90 99999.90 99999.90 99999.90 99999.90 99999.90 99999.90 99999.90 99999.90 99999.90 99999.90 99999.90 99999.90 99999.90 99999.90 99999.90 99999.90 21.24 20.98 21.89 21.89 21.89 21.89 21.89 21.89 19.52 19.52 20.89 20.89 19.56 19.56 18.09 18.09 17.73 17.73 20.12 19.99 18.94 18.87 21.06 17.74 13.25 10.38 14.03 15.84 11.11 10.11 15.79 15.51 15.21 15.20 11.84 12.68 9.95 12.85 15.81 16.89 16.68 17.75 19.49 16.95 18.47 20.28 20.75
99999.90 99999.90 99999.90 99999.90 99999.90 99999.90 99999.90 99999.90 99999.90 99999.90 99999.90 99999.90 99999.90 99999.90 99999.90 99999.90 99999.90 99999.90 99999.90 99999.90 99999.90 99999.90 99999.90 99999.90 99999.90 99999.90 99999.90 99999.90 99999.90 99999.90 99999.90 20.98 21.89 21.89 21.89 21.89 21.89 19.52 19.52 20.89 20.89 19.56 19.56 18.09 18.09 17.73 17.73 20.12 20.12 19.98 19.89 19.84 20.55 18.31 15.45 12.98 15.54 15.04 13.47 11.34 12.29 14.73 16.20 15.82 14.50 13.47 9.95 12.85 13.71 15.25 18.36 19.70 20.10 17.74 17.49 17.32 18.72
99999.90 99999.90 99999.90 99999.90 99999.90 99999.90 99999.90 99999.90 99999.90 99999.90 99999.90 99999.90 99999.90 99999.90 99999.90 99999.90 99999.90 99999.90 99999.90 99999.90 99999.90 99999.90 99999.90 99999.90 99999.90 99999.90 99999.90 99999.90 99999.90 99999.90 99999.90 20.98 21.89 21.89 21.89 21.89 19.52 19.52 20.89 20.89 19.56 19.56 18.09 18.09 17.73 17.73 20.12 20.55 20.55 20.55 20.84 20.27 19.11 16.90 14.83 12.94 15.99 14.47 14.00 14.43 13.44 15.83 14.19 13.77 12.50 13.67 14.49 14.49 13.86 14.00 15.13 16.09 17.57 15.92 15.59 15.02 18.65
99999.90 99999.90 99999.90 99999.90 99999.90 99999.90 99999.90 99999.90 99999.90 99999.90 99999.90 99999.90 99999.90 99999.90 99999.90 99999.90 99999.90 99999.90 99999.90 99999.90 99999.90 99999.90 99999.90 99999.90 99999.90 99999.90 99999.90 99999.90 99999.90 99999.90 99999.90 99999.90 21.89 21.89 21.89 19.52 19.52 20.89 20.89 19.56 19.56 18.09 17.52 17.52 17.52 17.52 17.52 17.52 17.52 20.55 19.47 17.56 19.64 17.95 15.35 12.92 13.80 13.39 11.68 12.67 14.95 15.48 15.67 13.45 13.82 14.44 16.66 17.15 15.73 16.56 17.03 16.64 18.21 16.19 14.60 16.00 19.49
99999.90 99999.90 99999.90 99999.90 99999.90 99999.90 99999.90 99999.90 99999.90 99999.90 99999.90 99999.90 99999.90 99999.90 99999.90 99999.90 99999.90 99999.90 99999.90 99999.90 99999.90 99999.90 99999.90 99999.90 99999.90 99999.90 99999.90 99999.90 99999.90 99999.90 99999.90 99999.90 21.89 21.89 19.52 19.52 20.89 20.89 19.56 17.52 17.52 17.52 17.52 17.52 17.52 17.52 17.52 17.52 17.52 17.52 19.47 20.12 18.65 17.31 14.27 13.55 16.84 13.21 12.63 11.39 13.07 17.22 18.96 17.08 13.29 13.91 15.28 17.56 15.73 15.65 17.09 18.41 19.14 16.63 16.27 16.38 17.02
99999.90 99999.90 99999.90 99999.90 99999.90 99999.90 99999.90 99999.90 99999.90 99999.90 99999.90 99999.90 99999.90 99999.90 99999.90 99999.90 99999.90 99999.90 99999.90 99999.90 99999.90 99999.90 99999.90 99999.90 99999.90 99999.90 99999.90 99999.90 99999.90 99999.90 99999.90 99999.90 99999.90 19.52 19.52 20.89 20.89 19.56 17.52 17.52 17.52 17.52 17.52 17.52 17.52 17.52 17.52 17.52 17.52 17.52 19.66 19.66 18.42 17.54 15.76 14.51 14.48 12.70 15.95 14.19 14.67 15.88 15.14 16.15 15.40 13.66 14.44 17.56 15.61 15.61 16.46 19.13 18.32 17.40 18.63 18.92 17.81
99999.90 99999.90 99999.90 99999.90 99999.90 99999.90 99999.90 99999.90 99999.90 99999.90 99999.90 99999.90 99999.90 99999.90 99999.90 99999.90 99999.90 99999.90 99999.90 99999.90 99999.90 99999.90 99999.90 99999.90 99999.90 99999.90 99999.90 99999.90 99999.90 99999.90 99999.90 99999.90 99999.90 99999.90 20.89 20.89 19.56 19.56 21.53 21.53 21.53 21.53 21.53 21.53 21.53 21.53 21.53 21.53 21.53 21.53 19.66 19.66 21.58 20.40 13.92 17.35 17.71 15.62 16.00 12.82 10.97 14.18 17.51 15.98 14.51 11.82 12.49 16.40 17.17 19.14 18.00 18.03 17.91 18.39 19.30 19.63 18.32
