main/data/temperature/01.04.2023.grid
ncols 886
nrows 691
xllcenter 112.0000
yllcenter -44.5000
cellsize 0.0500
nodata_value 99999.90
[rows 102 to 135 of 691, columns 770 to 846 of 886]
30.10 30.06 30.02 29.98 29.94 29.90 29.86 29.82 29.79 29.76 29.73 29.69 29.66 29.63 29.59 29.56 29.54 29.50 29.48 29.45 29.42 29.40 29.37 29.36 29.33 29.32 29.30 29.28 29.27 29.25 29.24 29.23 29.21 29.19 29.17 29.17 29.15 29.14 29.15 29.15 29.16 29.18 29.18 29.19 29.20 29.20 29.22 29.22 29.23 29.24 29.25 29.25 29.26 29.27 29.27 29.28 29.29 29.30 29.30 29.31 29.32 29.33 29.34 29.33 29.34 29.35 29.35 29.36 29.36 29.36 29.37 29.37 29.37 29.38 29.37 29.36 29.33
30.09 30.05 30.01 29.97 29.94 29.90 29.87 29.83 29.79 29.76 29.72 29.68 29.65 29.63 29.59 29.56 29.54 29.50 29.48 29.44 29.42 29.39 29.37 29.35 29.32 29.30 29.28 29.27 29.24 29.23 29.21 29.20 29.19 29.17 29.16 29.14 29.13 29.11 29.11 29.10 29.10 29.11 29.12 29.13 29.14 29.15 29.16 29.17 29.18 29.19 29.20 29.21 29.21 29.22 29.24 29.24 29.25 29.26 29.27 29.27 29.28 29.29 29.30 29.30 29.30 29.31 29.32 29.33 29.33 29.33 29.34 29.34 29.35 29.35 29.35 29.35 29.34
30.10 30.06 30.02 29.97 29.93 29.90 29.86 29.83 29.78 29.75 29.72 29.68 29.65 29.62 29.59 29.56 29.52 29.50 29.46 29.44 29.42 29.39 29.37 29.34 29.32 29.29 29.27 29.24 29.23 29.21 29.20 29.18 29.17 29.16 29.14 29.13 29.11 29.10 29.08 29.07 29.07 29.06 29.06 29.08 29.08 29.10 29.11 29.11 29.13 29.14 29.15 29.16 29.17 29.18 29.19 29.20 29.20 29.21 29.23 29.24 29.24 29.25 29.26 29.27 29.27 29.28 29.29 29.29 29.30 29.30 29.31 29.31 29.32 29.32 29.33 29.33 29.33
30.09 30.05 30.01 29.98 29.94 29.89 29.86 29.82 29.79 29.75 29.72 29.68 29.65 29.62 29.58 29.56 29.52 29.50 29.46 29.44 29.41 29.39 29.35 29.33 29.30 29.29 29.26 29.24 29.21 29.20 29.17 29.16 29.15 29.13 29.12 29.10 29.10 29.08 29.07 29.05 29.04 29.03 29.02 29.02 29.03 29.04 29.05 29.07 29.07 29.09 29.09 29.11 29.12 29.12 29.14 29.15 29.17 29.17 29.18 29.19 29.21 29.21 29.22 29.23 29.24 29.24 29.25 29.26 29.27 29.28 29.28 29.28 29.29 29.29 29.30 29.31 29.30
30.09 30.05 30.01 29.97 29.94 29.90 29.86 29.82 29.79 29.75 29.72 29.68 29.65 29.61 29.58 29.56 29.52 29.50 29.46 29.44 29.41 29.38 29.35 29.33 29.30 29.29 29.26 29.24 29.21 29.18 29.17 29.14 29.13 29.12 29.10 29.09 29.07 29.06 29.05 29.04 29.02 29.01 29.01 28.99 28.99 28.99 28.99 29.01 29.01 29.03 29.05 29.05 29.07 29.08 29.09 29.10 29.12 29.13 29.14 29.15 29.16 29.17 29.18 29.19 29.20 29.21 29.21 29.23 29.23 29.24 29.25 29.25 29.26 29.27 29.27 29.28 29.28
30.09 30.05 30.01 29.98 29.93 29.90 29.86 29.82 29.79 29.74 29.71 29.67 29.65 29.61 29.58 29.54 29.52 29.48 29.46 29.43 29.41 29.37 29.35 29.32 29.30 29.27 29.26 29.23 29.20 29.18 29.17 29.14 29.12 29.10 29.09 29.07 29.06 29.04 29.03 29.02 29.01 28.99 28.98 28.98 28.96 28.96 28.94 28.95 28.97 28.97 28.99 29.01 29.02 29.03 29.05 29.06 29.07 29.09 29.09 29.11 29.12 29.14 29.14 29.15 29.17 29.18 29.18 29.19 29.20 29.21 29.22 29.23 29.23 29.24 29.25 29.25 29.26
30.09 30.05 30.01 29.97 29.93 29.89 29.86 29.82 29.78 29.74 29.71 29.67 29.64 29.61 29.58 29.54 29.52 29.48 29.46 29.43 29.41 29.37 29.34 29.32 29.29 29.27 29.25 29.23 29.20 29.19 29.16 29.14 29.12 29.09 29.08 29.05 29.04 29.02 29.01 29.01 28.99 28.98 28.96 28.96 28.95 28.93 28.93 28.91 28.92 28.93 28.94 28.95 28.96 28.98 29.00 29.02 29.02 29.04 29.06 29.06 29.08 29.09 29.11 29.11 29.13 29.14 29.15 29.17 29.17 29.18 29.19 29.20 29.20 29.21 29.22 29.23 29.23
30.09 30.05 30.01 29.97 29.93 29.89 29.86 29.82 29.78 29.75 29.71 29.67 29.64 29.61 29.58 29.54 29.51 29.48 29.45 29.43 29.40 29.37 29.34 29.31 29.29 29.27 29.25 29.22 29.20 29.18 29.16 29.13 29.11 29.09 29.07 29.05 29.03 29.02 29.00 28.99 28.98 28.96 28.95 28.94 28.93 28.91 28.91 28.90 28.89 28.89 28.88 28.90 28.92 28.93 28.95 28.97 28.98 28.99 29.01 29.03 29.04 29.05 29.07 29.07 29.09 29.10 29.12 29.13 29.13 29.15 29.16 29.17 29.18 29.18 29.19 29.20 29.21
30.08 30.05 30.01 29.96 29.93 29.90 29.85 29.82 29.78 29.74 29.71 29.67 29.64 29.60 29.58 29.54 29.51 29.48 29.45 29.42 29.40 29.36 29.34 29.31 29.28 29.27 29.24 29.22 29.19 29.17 29.15 29.12 29.11 29.08 29.07 29.05 29.03 29.01 29.00 28.97 28.96 28.94 28.93 28.92 28.91 28.90 28.89 28.88 28.87 28.86 28.86 28.85 28.87 28.89 28.90 28.92 28.94 28.95 28.97 28.98 28.99 29.01 29.03 29.04 29.05 29.07 29.08 29.10 29.11 29.11 29.13 29.14 29.15 29.16 29.16 29.17 29.18
30.09 30.05 30.01 29.97 29.93 29.89 29.85 29.82 29.78 29.74 29.71 29.67 29.64 29.60 29.57 29.54 29.51 29.47 29.45 29.42 29.39 29.36 29.33 29.30 29.29 29.26 29.24 29.21 29.18 29.17 29.14 29.13 29.10 29.09 29.06 29.05 29.02 29.01 28.99 28.97 28.95 28.94 28.92 28.91 28.89 28.89 28.88 28.86 28.86 28.84 28.84 28.83 28.83 28.84 28.86 28.87 28.89 28.91 28.92 28.94 28.96 28.97 28.99 29.01 29.02 29.03 29.05 29.06 29.08 29.09 29.10 29.11 29.12 29.13 29.14 29.15 29.16
30.08 30.04 30.01 29.97 29.92 29.89 29.85 29.82 29.78 29.74 29.71 29.67 29.64 29.60 29.57 29.53 29.51 29.47 29.44 29.42 29.39 29.36 29.34 29.31 29.28 29.26 29.23 29.21 29.19 29.16 29.14 29.12 29.10 29.08 29.05 29.04 29.02 29.00 28.98 28.97 28.94 28.93 28.92 28.90 28.89 28.87 28.86 28.85 28.84 28.84 28.82 28.82 28.80 28.80 28.81 28.82 28.84 28.86 28.87 28.90 28.92 28.94 28.95 28.97 28.98 28.99 29.01 29.03 29.04 29.06 29.06 29.08 29.09 29.11 29.12 29.12 29.13
30.08 30.04 30.00 29.96 29.93 29.89 29.84 29.81 29.77 29.73 29.71 29.67 29.63 29.60 29.57 29.53 29.50 29.47 29.44 29.41 29.39 29.36 29.33 29.31 29.28 29.25 29.23 29.20 29.18 29.16 29.14 29.11 29.09 29.07 29.06 29.03 29.02 28.99 28.98 28.96 28.95 28.92 28.91 28.89 28.88 28.86 28.85 28.84 28.82 28.82 28.81 28.80 28.80 28.78 28.78 28.79 28.79 28.82 28.84 28.85 28.87 28.90 28.91 28.93 28.95 28.97 28.97 28.99 29.01 29.03 29.04 29.05 29.06 29.08 29.09 29.10 29.10
30.08 30.04 30.00 29.96 29.92 29.88 29.84 29.81 29.77 29.73 29.71 29.67 29.63 29.59 29.57 29.53 29.50 29.47 29.44 29.41 29.38 29.36 29.33 29.30 29.27 29.25 29.22 29.20 29.18 29.15 29.14 29.11 29.09 29.07 29.05 29.03 29.01 28.99 28.97 28.95 28.94 28.92 28.90 28.89 28.87 28.86 28.84 28.83 28.81 28.80 28.79 28.78 28.78 28.77 28.76 28.76 28.75 28.77 28.79 28.81 28.83 28.85 28.88 28.89 28.91 28.93 28.95 28.96 28.98 28.99 29.01 29.02 29.03 29.05 29.06 29.08 29.08
30.08 30.03 29.99 29.96 29.92 29.88 29.84 29.81 29.77 29.73 29.69 29.67 29.63 29.59 29.56 29.52 29.50 29.47 29.43 29.40 29.38 29.35 29.32 29.30 29.27 29.24 29.23 29.20 29.17 29.16 29.13 29.11 29.09 29.07 29.04 29.03 29.00 28.99 28.97 28.95 28.93 28.92 28.90 28.88 28.86 28.85 28.83 28.82 28.80 28.79 28.78 28.77 28.77 28.75 28.75 28.74 28.74 28.73 28.75 28.76 28.79 28.81 28.84 28.85 28.87 28.89 28.91 28.92 28.94 28.96 28.98 29.00 29.01 29.02 29.04 29.05 29.06
30.07 30.03 29.99 29.96 29.92 29.88 29.84 29.81 29.77 29.73 29.69 29.66 29.62 29.60 29.56 29.53 29.49 29.46 29.44 29.41 29.37 29.34 29.32 29.29 29.27 29.24 29.22 29.19 29.18 29.15 29.12 29.11 29.08 29.06 29.04 29.02 29.01 28.98 28.96 28.95 28.92 28.91 28.89 28.88 28.86 28.85 28.82 28.81 28.80 28.78 28.77 28.75 28.75 28.75 28.73 28.73 28.73 28.71 28.72 28.73 28.75 28.77 28.80 28.82 28.83 28.86 28.88 28.89 28.91 28.93 28.95 28.97 28.98 28.99 29.01 29.03 29.04
30.06 30.02 29.99 29.95 29.91 29.87 29.84 29.80 29.77 29.73 29.70 29.66 29.62 29.59 29.55 29.53 29.49 29.46 29.43 29.40 29.38 29.35 29.32 29.29 29.27 29.24 29.21 29.20 29.17 29.14 29.12 29.10 29.08 29.06 29.04 29.01 29.00 28.98 28.96 28.94 28.93 28.91 28.89 28.87 28.86 28.84 28.83 28.81 28.80 28.78 28.76 28.76 28.74 28.73 28.72 28.72 28.71 28.70 28.70 28.70 28.71 28.73 28.76 28.78 28.80 28.82 28.84 28.87 28.88 28.90 28.92 28.94 28.96 28.97 28.98 29.00 29.02
30.05 30.02 29.98 29.95 29.91 29.87 29.83 29.80 29.76 29.73 29.70 29.66 29.62 29.59 29.55 29.52 29.49 29.45 29.43 29.40 29.37 29.34 29.32 29.29 29.26 29.23 29.21 29.19 29.16 29.14 29.12 29.10 29.07 29.06 29.03 29.02 28.99 28.97 28.96 28.94 28.92 28.90 28.89 28.87 28.86 28.83 28.82 28.80 28.79 28.77 28.76 28.75 28.73 28.72 28.71 28.70 28.70 28.70 28.69 28.68 28.68 28.69 28.72 28.74 28.76 28.79 28.81 28.83 28.85 28.87 28.89 28.91 28.93 28.94 28.96 28.98 28.99
30.06 30.02 29.98 29.94 29.91 29.87 29.83 29.80 29.76 29.72 29.69 29.65 29.62 29.58 29.55 29.52 29.49 29.46 29.43 29.39 29.36 29.34 29.31 29.28 29.26 29.24 29.21 29.18 29.16 29.14 29.12 29.09 29.08 29.05 29.03 29.01 28.99 28.98 28.95 28.94 28.92 28.90 28.88 28.86 28.85 28.83 28.82 28.80 28.79 28.78 28.76 28.74 28.72 28.71 28.71 28.69 28.69 28.69 28.67 28.67 28.67 28.66 28.68 28.71 28.74 28.75 28.78 28.80 28.82 28.84 28.86 28.88 28.90 28.91 28.93 28.95 28.97
30.05 30.01 29.98 29.94 29.90 29.87 29.83 29.80 29.76 29.72 29.69 29.65 29.62 29.58 29.55 29.52 29.48 29.45 29.42 29.40 29.37 29.34 29.31 29.28 29.26 29.23 29.21 29.18 29.16 29.14 29.11 29.08 29.07 29.05 29.03 29.01 28.98 28.97 28.95 28.94 28.91 28.90 28.88 28.87 28.85 28.83 28.81 28.80 28.78 28.77 28.75 28.74 28.73 28.71 28.70 28.68 28.68 28.68 28.66 28.66 28.66 28.65 28.65 28.67 28.70 28.72 28.74 28.77 28.80 28.81 28.83 28.86 28.88 28.89 28.91 28.93 28.95
30.04 30.01 29.96 29.93 29.89 29.86 29.82 29.79 29.75 29.72 29.68 29.65 29.61 29.58 29.54 29.51 29.48 29.46 29.42 29.39 29.36 29.33 29.30 29.28 29.25 29.23 29.20 29.18 29.16 29.13 29.10 29.09 29.06 29.04 29.03 29.00 28.98 28.97 28.94 28.93 28.91 28.90 28.87 28.86 28.84 28.83 28.81 28.80 28.78 28.77 28.75 28.74 28.73 28.71 28.70 28.68 28.67 28.67 28.65 28.65 28.65 28.64 28.64 28.64 28.67 28.68 28.71 28.74 28.77 28.78 28.81 28.83 28.85 28.87 28.88 28.90 28.92
30.04 29.99 29.96 29.92 29.89 29.86 29.82 29.79 29.75 29.72 29.68 29.65 29.61 29.58 29.55 29.51 29.48 29.45 29.42 29.39 29.36 29.33 29.31 29.28 29.25 29.22 29.19 29.18 29.15 29.12 29.11 29.08 29.06 29.04 29.02 29.00 28.98 28.96 28.95 28.93 28.90 28.89 28.87 28.86 28.84 28.83 28.81 28.80 28.78 28.77 28.74 28.73 28.72 28.71 28.70 28.68 28.67 28.66 28.66 28.64 28.64 28.64 28.63 28.63 28.64 28.65 28.68 28.71 28.74 28.75 28.78 28.80 28.83 28.85 28.86 28.88 28.90
30.03 29.99 29.96 29.92 29.89 29.85 29.81 29.78 29.74 29.71 29.68 29.64 29.61 29.57 29.54 29.51 29.48 29.44 29.41 29.38 29.36 29.33 29.30 29.27 29.24 29.22 29.20 29.17 29.15 29.12 29.10 29.08 29.05 29.04 29.02 28.99 28.98 28.96 28.94 28.92 28.90 28.89 28.87 28.86 28.83 28.82 28.80 28.79 28.77 28.76 28.75 28.73 28.72 28.70 28.69 28.68 28.67 28.66 28.65 28.64 28.63 28.63 28.62 28.62 28.62 28.64 28.65 28.68 28.71 28.73 28.75 28.78 28.80 28.83 28.84 28.86 28.88
30.02 29.99 29.95 29.91 29.88 29.85 29.81 29.78 29.74 29.70 29.67 29.64 29.60 29.57 29.54 29.50 29.47 29.44 29.41 29.39 29.36 29.33 29.30 29.27 29.24 29.21 29.19 29.17 29.14 29.12 29.10 29.07 29.05 29.04 29.01 29.00 28.97 28.95 28.94 28.92 28.91 28.88 28.86 28.85 28.83 28.82 28.80 28.79 28.77 28.76 28.75 28.73 28.72 28.70 28.69 28.68 28.66 28.66 28.65 28.63 28.63 28.63 28.62 28.61 28.61 28.61 28.63 28.65 28.68 28.71 28.73 28.75 28.78 28.80 28.82 28.84 28.86
30.01 29.98 29.95 29.91 29.87 29.84 29.81 29.77 29.74 29.71 29.67 29.63 29.60 29.56 29.53 29.50 29.47 29.45 29.41 29.38 29.35 29.32 29.29 29.26 29.24 29.22 29.19 29.16 29.14 29.12 29.09 29.07 29.05 29.03 29.01 28.99 28.97 28.95 28.94 28.91 28.90 28.88 28.87 28.85 28.83 28.82 28.80 28.79 28.78 28.76 28.75 28.73 28.72 28.70 28.69 28.68 28.66 28.65 28.65 28.63 28.62 28.62 28.61 28.61 28.61 28.61 28.60 28.63 28.66 28.69 28.70 28.73 28.76 28.78 28.81 28.82 28.84
30.01 29.97 29.94 29.91 29.87 29.83 29.80 29.77 29.73 29.70 29.67 29.64 29.59 29.57 29.54 29.49 29.46 29.44 29.41 29.38 29.35 29.32 29.29 29.26 29.24 29.21 29.19 29.16 29.13 29.12 29.09 29.06 29.05 29.03 29.00 28.99 28.97 28.94 28.93 28.91 28.90 28.88 28.86 28.85 28.83 28.82 28.80 28.79 28.78 28.76 28.75 28.73 28.72 28.70 28.69 28.68 28.66 28.65 28.65 28.63 28.62 28.62 28.61 28.60 28.60 28.60 28.60 28.61 28.63 28.66 28.68 28.71 28.74 28.76 28.79 28.80 28.82
30.00 29.97 29.93 29.90 29.87 29.83 29.80 29.76 29.73 29.70 29.66 29.63 29.60 29.57 29.52 29.50 29.47 29.44 29.41 29.38 29.35 29.32 29.29 29.26 29.23 29.21 29.18 29.15 29.13 29.11 29.08 29.06 29.04 29.02 29.00 28.98 28.96 28.94 28.93 28.91 28.90 28.88 28.86 28.84 28.82 28.82 28.80 28.79 28.78 28.76 28.75 28.73 28.72 28.70 28.69 28.68 28.66 28.66 28.65 28.63 28.62 28.61 28.61 28.60 28.60 28.60 28.59 28.59 28.61 28.64 28.67 28.69 28.71 28.74 28.77 28.79 28.80
29.99 29.96 29.93 29.90 29.86 29.82 29.79 29.76 29.73 29.69 29.66 29.63 29.60 29.55 29.52 29.50 29.47 29.43 29.40 29.37 29.34 29.31 29.28 29.25 29.23 29.21 29.18 29.15 29.12 29.11 29.08 29.05 29.04 29.02 28.99 28.98 28.96 28.94 28.92 28.90 28.89 28.87 28.86 28.84 28.83 28.81 28.80 28.79 28.78 28.76 28.75 28.73 28.72 28.70 28.69 28.68 28.67 28.66 28.65 28.63 28.62 28.62 28.61 28.60 28.60 28.60 28.59 28.59 28.60 28.62 28.64 28.67 28.70 28.72 28.75 28.77 28.79
29.99 29.96 29.93 29.89 29.85 29.82 29.79 29.76 29.72 29.69 29.66 29.62 29.58 29.55 29.53 29.50 29.45 29.43 29.40 29.37 29.34 29.31 29.28 29.25 29.23 29.20 29.17 29.15 29.12 29.10 29.08 29.05 29.04 29.01 28.99 28.97 28.95 28.93 28.92 28.90 28.89 28.87 28.86 28.84 28.83 28.81 28.80 28.79 28.78 28.76 28.75 28.73 28.72 28.70 28.69 28.69 28.67 28.66 28.65 28.63 28.63 28.62 28.61 28.60 28.60 28.60 28.59 28.59 28.59 28.60 28.62 28.65 28.68 28.71 28.73 28.76 28.77
29.99 29.95 29.91 29.88 29.85 29.82 29.79 29.75 29.72 29.69 29.65 29.61 29.58 29.55 29.52 29.48 29.45 29.43 29.39 29.37 29.34 29.31 29.28 29.25 29.22 29.20 29.17 29.14 29.11 29.10 29.07 29.04 29.02 29.01 28.98 28.96 28.95 28.93 28.92 28.90 28.89 28.87 28.86 28.84 28.83 28.81 28.79 28.79 28.78 28.76 28.75 28.73 28.72 28.70 28.70 28.69 28.67 28.66 28.65 28.64 28.63 28.62 28.61 28.60 28.60 28.60 28.59 28.59 28.59 28.59 28.61 28.63 28.66 28.69 28.72 28.74 28.76
29.98 29.94 29.91 29.88 29.85 29.82 29.77 29.74 29.71 29.68 29.64 29.61 29.58 29.55 29.51 29.48 29.45 29.42 29.39 29.36 29.34 29.30 29.27 29.24 29.21 29.19 29.17 29.14 29.11 29.08 29.07 29.04 29.02 29.00 28.98 28.96 28.94 28.92 28.91 28.89 28.88 28.87 28.85 28.84 28.82 28.81 28.80 28.79 28.77 28.76 28.75 28.73 28.73 28.71 28.70 28.69 28.67 28.67 28.66 28.64 28.63 28.63 28.61 28.60 28.60 28.60 28.59 28.59 28.59 28.59 28.60 28.62 28.65 28.68 28.70 28.73 28.75
29.97 29.94 29.90 29.87 29.84 29.81 29.77 29.74 29.71 29.68 29.64 29.61 29.58 29.55 29.51 29.48 29.45 29.42 29.39 29.35 29.33 29.30 29.27 29.24 29.21 29.18 29.16 29.13 29.11 29.08 29.06 29.04 29.01 29.00 28.97 28.95 28.94 28.92 28.91 28.89 28.87 28.86 28.85 28.84 28.82 28.81 28.79 28.79 28.77 28.76 28.75 28.74 28.73 28.71 28.70 28.70 28.68 28.67 28.66 28.65 28.64 28.63 28.62 28.61 28.60 28.60 28.59 28.59 28.59 28.59 28.60 28.60 28.63 28.66 28.69 28.72 28.73
29.97 29.94 29.90 29.87 29.84 29.81 29.77 29.74 29.70 29.66 29.64 29.61 29.58 29.54 29.51 29.48 29.45 29.42 29.39 29.35 29.32 29.29 29.27 29.24 29.21 29.18 29.15 29.13 29.10 29.07 29.05 29.03 29.01 29.00 28.97 28.95 28.94 28.92 28.91 28.89 28.87 28.86 28.84 28.84 28.82 28.81 28.80 28.79 28.78 28.76 28.76 28.74 28.73 28.72 28.71 28.70 28.68 28.68 28.67 28.65 28.64 28.64 28.62 28.61 28.61 28.60 28.59 28.59 28.60 28.60 28.59 28.60 28.62 28.65 28.68 28.71 28.72
29.96 29.93 29.90 29.86 29.83 29.80 29.76 29.73 29.70 29.66 29.63 29.60 29.57 29.54 29.50 29.47 29.45 29.42 29.39 29.35 29.32 29.29 29.26 29.24 29.21 29.18 29.15 29.12 29.10 29.08 29.05 29.04 29.01 28.99 28.98 28.95 28.94 28.92 28.90 28.89 28.87 28.86 28.84 28.84 28.82 28.81 28.80 28.79 28.78 28.77 28.75 28.74 28.74 28.72 28.71 28.71 28.69 28.68 28.67 28.66 28.65 28.64 28.64 28.62 28.61 28.61 28.60 28.60 28.60 28.60 28.59 28.60 28.61 28.64 28.67 28.70 28.71
29.96 29.92 29.89 29.85 29.82 29.79 29.75 29.73 29.70 29.67 29.63 29.60 29.57 29.54 29.50 29.47 29.44 29.41 29.38 29.35 29.32 29.29 29.26 29.23 29.20 29.17 29.15 29.12 29.10 29.08 29.05 29.04 29.02 28.99 28.98 28.96 28.93 28.92 28.90 28.89 28.87 28.86 28.84 28.84 28.82 28.82 28.80 28.79 28.78 28.77 28.76 28.75 28.74 28.73 28.72 28.71 28.69 28.69 28.68 28.66 28.66 28.65 28.63 28.63 28.62 28.62 28.60 28.60 28.61 28.61 28.61 28.60 28.61 28.63 28.66 28.69 28.71
