main/data/temperature/01.04.2023.grid
ncols 886
nrows 691
xllcenter 112.0000
yllcenter -44.5000
cellsize 0.0500
nodata_value 99999.90
[rows 340 to 373 of 691, columns 462 to 538 of 886]
26.91 27.00 26.98 27.12 27.17 27.32 27.51 27.59 27.66 27.73 27.66 27.62 27.77 27.99 28.08 28.24 28.37 28.45 28.55 28.58 28.64 28.74 28.76 28.82 28.76 28.89 28.98 29.04 29.02 29.10 29.08 29.20 29.18 29.22 29.23 29.28 29.33 29.30 29.41 29.47 29.44 29.49 29.44 29.52 29.55 29.56 29.58 29.55 29.60 29.55 29.61 29.62 29.57 29.67 29.57 29.62 29.60 29.58 29.63 29.58 29.56 29.60 29.48 29.54 29.59 29.58 29.60 29.59 29.58 29.58 29.57 29.57 29.56 29.56 29.55 29.55 29.51
26.95 26.98 27.10 27.21 27.19 27.47 27.59 27.67 27.77 27.83 27.72 27.48 27.94 28.07 28.27 28.33 28.43 28.46 28.56 28.59 28.62 28.71 28.74 28.81 28.89 28.96 28.98 29.04 29.11 29.14 29.13 29.20 29.24 29.25 29.29 29.32 29.40 29.32 29.36 29.41 29.53 29.52 29.56 29.50 29.53 29.58 29.58 29.55 29.52 29.59 29.59 29.71 29.64 29.55 29.60 29.64 29.64 29.64 29.61 29.66 29.58 29.58 29.55 29.53 29.58 29.51 29.58 29.53 29.52 29.58 29.57 29.58 29.57 29.54 29.57 29.50 29.46
27.05 27.10 27.19 27.24 27.27 27.45 27.64 27.68 27.82 27.78 27.81 27.53 27.62 28.20 28.32 28.41 28.44 28.49 28.51 28.55 28.62 28.70 28.78 28.84 28.91 28.96 29.00 29.07 29.15 29.17 29.19 29.23 29.29 29.35 29.38 29.39 29.36 29.45 29.41 29.50 29.51 29.43 29.59 29.55 29.54 29.58 29.61 29.54 29.51 29.57 29.76 29.63 29.62 29.69 29.73 29.61 29.68 29.61 29.69 29.64 29.62 29.62 29.63 29.55 29.64 29.60 29.59 29.55 29.59 29.58 29.56 29.60 29.56 29.57 29.51 29.44 29.38
27.05 27.22 27.33 27.38 27.49 27.52 27.69 27.74 27.86 28.00 28.02 28.01 28.16 28.28 28.10 28.32 28.48 28.53 28.59 28.64 28.71 28.76 28.82 28.88 28.95 28.99 29.02 29.11 29.13 29.19 29.19 29.27 29.30 29.30 29.38 29.41 29.40 29.46 29.54 29.53 29.59 29.57 29.55 29.60 29.57 29.59 29.62 29.68 29.64 29.58 29.77 29.62 29.59 29.56 29.57 29.75 29.61 29.65 29.61 29.57 29.62 29.62 29.61 29.62 29.59 29.58 29.54 29.55 29.60 29.57 29.57 29.57 29.55 29.52 29.48 29.38 29.27
27.01 27.21 27.31 27.43 27.50 27.36 27.63 27.83 27.90 28.06 28.12 28.18 28.28 28.35 28.39 28.37 28.41 28.45 28.58 28.59 28.69 28.70 28.77 28.85 28.91 29.01 29.15 29.10 29.15 29.22 29.23 29.30 29.28 29.33 29.33 29.33 29.47 29.51 29.51 29.48 29.59 29.53 29.57 29.62 29.64 29.65 29.70 29.68 29.61 29.53 29.70 29.61 29.57 29.54 29.62 29.68 29.74 29.74 29.70 29.65 29.67 29.62 29.58 29.62 29.66 29.56 29.56 29.56 29.59 29.59 29.59 29.58 29.57 29.55 29.47 29.33 29.25
27.22 27.32 27.46 27.52 27.30 27.50 27.66 27.86 27.99 28.05 27.83 28.19 27.98 28.20 28.07 28.30 28.20 28.36 28.40 28.49 28.59 28.64 28.65 28.78 28.93 29.02 29.10 29.16 29.20 29.26 29.29 29.34 29.32 29.33 29.34 29.40 29.49 29.47 29.55 29.52 29.49 29.61 29.59 29.54 29.67 29.64 29.68 29.64 29.71 29.70 29.79 29.76 29.77 29.76 29.60 29.67 29.76 29.76 29.62 29.66 29.64 29.51 29.63 29.63 29.57 29.60 29.60 29.59 29.60 29.61 29.62 29.57 29.55 29.46 29.33 29.25 29.31
27.36 27.42 27.49 27.53 27.50 27.45 27.60 27.73 27.96 28.03 27.94 28.19 28.14 27.89 27.92 28.26 28.29 28.10 28.25 28.35 28.44 28.49 28.59 28.71 28.95 28.94 29.01 29.13 29.25 29.30 29.31 29.32 29.35 29.38 29.47 29.40 29.47 29.52 29.54 29.51 29.49 29.61 29.63 29.53 29.64 29.70 29.66 29.62 29.64 29.68 29.70 29.67 29.71 29.77 29.61 29.62 29.64 29.69 29.66 29.51 29.60 29.55 29.63 29.58 29.59 29.59 29.62 29.61 29.65 29.60 29.56 29.51 29.48 29.48 29.39 29.35 29.27
27.33 27.42 27.51 27.54 27.58 27.57 27.63 27.79 27.75 27.99 28.07 28.17 28.03 27.91 27.95 28.20 28.25 28.03 27.94 28.19 28.28 28.35 28.49 28.67 28.87 28.86 29.03 29.15 29.15 29.31 29.35 29.37 29.37 29.44 29.49 29.47 29.53 29.46 29.53 29.60 29.53 29.56 29.62 29.60 29.61 29.54 29.55 29.62 29.68 29.76 29.64 29.61 29.62 29.58 29.68 29.69 29.57 29.62 29.59 29.58 29.70 29.61 29.64 29.50 29.57 29.48 29.64 29.64 29.62 29.61 29.54 29.54 29.42 29.44 29.38 29.29 29.22
27.37 27.45 27.58 27.67 27.70 27.72 27.72 27.65 27.67 27.88 27.80 28.07 28.09 28.09 27.76 28.11 28.14 28.26 28.38 28.12 28.23 28.46 28.41 28.82 28.78 28.87 29.05 29.08 29.18 29.34 29.36 29.35 29.45 29.46 29.50 29.53 29.53 29.54 29.60 29.53 29.59 29.61 29.59 29.68 29.57 29.71 29.72 29.72 29.65 29.74 29.77 29.72 29.72 29.63 29.65 29.70 29.71 29.62 29.64 29.54 29.67 29.53 29.63 29.64 29.56 29.62 29.64 29.63 29.64 29.56 29.52 29.37 29.40 29.37 29.39 29.30 29.28
27.42 27.53 27.56 27.70 27.74 27.89 27.89 27.86 27.73 27.70 27.81 27.68 28.07 27.74 27.87 28.13 28.29 28.53 28.65 28.52 28.01 28.62 28.55 28.62 29.00 29.04 28.91 29.15 29.31 29.37 29.41 29.43 29.45 29.48 29.49 29.51 29.47 29.54 29.52 29.62 29.61 29.62 29.70 29.67 29.66 29.64 29.56 29.65 29.67 29.78 29.67 29.61 29.72 29.72 29.72 29.61 29.69 29.69 29.68 29.58 29.63 29.68 29.63 29.55 29.67 29.64 29.64 29.64 29.62 29.58 29.44 29.42 29.39 29.37 29.37 29.35 29.34
27.52 27.52 27.56 27.71 27.81 27.90 28.01 27.85 27.92 27.96 27.66 27.66 27.68 27.68 27.85 27.83 28.51 28.63 28.52 28.78 28.54 28.70 28.90 28.86 28.94 29.00 29.07 29.21 29.29 29.32 29.42 29.46 29.46 29.48 29.50 29.51 29.49 29.61 29.52 29.58 29.48 29.71 29.68 29.56 29.61 29.64 29.71 29.77 29.81 29.81 29.65 29.56 29.56 29.64 29.72 29.67 29.71 29.63 29.72 29.56 29.68 29.65 29.69 29.63 29.66 29.63 29.64 29.64 29.68 29.60 29.47 29.49 29.44 29.40 29.37 29.36 29.29
27.51 27.50 27.43 27.53 27.56 27.88 28.01 28.07 28.11 28.04 28.01 27.83 27.75 27.91 27.67 27.75 28.31 28.68 28.75 28.84 28.72 28.73 28.86 28.90 29.13 29.07 29.20 29.24 29.20 29.11 29.33 29.46 29.49 29.49 29.53 29.47 29.54 29.52 29.58 29.62 29.65 29.55 29.67 29.73 29.74 29.80 29.79 29.69 29.70 29.80 29.74 29.73 29.71 29.68 29.66 29.65 29.60 29.60 29.68 29.65 29.61 29.52 29.59 29.70 29.60 29.66 29.64 29.64 29.59 29.54 29.42 29.38 29.39 29.32 29.23 29.23 29.27
27.48 27.46 27.50 27.79 27.62 27.75 27.99 28.18 28.17 28.14 28.02 27.91 27.70 27.59 27.91 28.21 28.47 28.64 28.75 28.89 28.93 28.93 28.96 29.00 29.14 29.22 29.27 29.30 29.33 29.29 29.26 29.45 29.48 29.55 29.55 29.52 29.53 29.53 29.60 29.59 29.63 29.72 29.60 29.70 29.72 29.65 29.79 29.82 29.80 29.81 29.77 29.77 29.75 29.63 29.56 29.62 29.57 29.63 29.56 29.60 29.56 29.62 29.64 29.62 29.67 29.63 29.64 29.60 29.49 29.55 29.47 29.55 29.53 29.39 29.25 29.23 29.19
27.72 27.69 27.76 27.92 27.96 28.01 28.16 27.98 28.03 28.06 28.11 28.08 28.11 28.26 28.30 28.50 28.45 28.56 28.73 28.88 28.93 28.98 29.10 29.17 29.17 29.21 29.15 29.18 29.29 29.37 29.39 29.46 29.50 29.54 29.52 29.62 29.63 29.67 29.59 29.55 29.59 29.48 29.80 29.70 29.68 29.61 29.61 29.66 29.78 29.71 29.63 29.63 29.62 29.64 29.61 29.62 29.58 29.62 29.57 29.55 29.67 29.61 29.68 29.63 29.66 29.64 29.60 29.59 29.56 29.50 29.47 29.54 29.53 29.48 29.37 29.28 29.27
27.87 27.94 27.98 28.08 28.17 28.19 28.19 28.16 28.06 27.97 28.27 28.16 27.96 28.00 28.59 28.62 28.76 28.77 28.73 28.78 28.87 28.87 28.89 29.04 29.07 29.07 29.11 29.15 29.18 29.24 29.24 29.34 29.47 29.52 29.55 29.60 29.58 29.63 29.55 29.68 29.67 29.61 29.74 29.75 29.65 29.74 29.71 29.64 29.66 29.76 29.76 29.73 29.77 29.67 29.62 29.61 29.62 29.61 29.60 29.63 29.60 29.65 29.62 29.71 29.58 29.52 29.57 29.55 29.53 29.44 29.42 29.51 29.48 29.53 29.42 29.40 29.36
27.93 27.98 28.06 28.18 28.21 28.30 28.27 28.34 28.37 28.43 28.45 28.48 28.56 28.62 28.68 28.62 28.80 28.91 28.75 28.71 28.76 28.89 28.70 28.49 28.79 29.01 28.95 28.95 28.97 29.08 29.16 29.33 29.47 29.46 29.59 29.54 29.63 29.50 29.71 29.68 29.68 29.71 29.71 29.69 29.72 29.71 29.74 29.69 29.78 29.63 29.75 29.78 29.75 29.69 29.70 29.61 29.61 29.62 29.62 29.63 29.67 29.70 29.62 29.63 29.60 29.38 29.48 29.45 29.50 29.50 29.40 29.52 29.50 29.48 29.46 29.37 29.39
27.91 28.02 28.10 28.18 28.26 28.30 28.38 28.42 28.49 28.48 28.59 28.42 28.57 28.73 28.68 28.79 28.80 28.86 28.89 28.83 28.89 28.97 28.80 28.77 28.80 28.80 28.51 28.56 28.98 29.17 29.07 29.47 29.50 29.48 29.53 29.60 29.55 29.64 29.66 29.68 29.68 29.70 29.60 29.71 29.66 29.68 29.68 29.76 29.77 29.76 29.74 29.70 29.68 29.66 29.69 29.74 29.61 29.60 29.61 29.62 29.59 29.60 29.67 29.59 29.54 29.55 29.51 29.42 29.38 29.42 29.42 29.49 29.44 29.43 29.40 29.34 29.30
27.93 27.97 28.03 28.15 28.27 28.26 28.38 28.43 28.54 28.61 28.67 28.42 28.69 28.78 28.73 28.89 28.96 28.99 28.96 28.99 28.99 28.98 28.93 29.04 28.79 28.92 28.92 28.95 28.83 28.85 29.33 29.46 29.54 29.58 29.55 29.54 29.48 29.60 29.62 29.76 29.67 29.66 29.76 29.76 29.76 29.76 29.77 29.73 29.64 29.68 29.73 29.64 29.74 29.65 29.66 29.58 29.73 29.58 29.56 29.49 29.71 29.70 29.60 29.54 29.57 29.47 29.47 29.44 29.38 29.27 29.31 29.43 29.39 29.41 29.36 29.01 29.26
27.87 28.04 28.01 28.03 28.14 28.30 28.35 28.40 28.53 28.57 28.67 28.74 28.74 28.72 28.85 28.86 28.90 28.97 29.05 29.00 29.06 29.08 29.05 29.10 29.02 28.99 29.07 29.16 29.19 29.29 29.38 29.43 29.50 29.55 29.61 29.60 29.72 29.72 29.74 29.75 29.77 29.77 29.68 29.68 29.71 29.68 29.71 29.67 29.64 29.66 29.60 29.66 29.66 29.72 29.67 29.60 29.67 29.72 29.71 29.60 29.61 29.58 29.57 29.57 29.51 29.48 29.38 29.44 29.33 29.26 29.25 29.24 29.31 29.39 29.28 29.16 29.16
28.01 28.02 28.16 28.19 28.20 28.33 28.42 28.45 28.50 28.49 28.64 28.66 28.74 28.83 28.70 28.72 28.86 28.93 28.98 29.08 28.99 29.05 29.13 29.11 29.13 29.10 29.08 29.19 29.13 29.23 29.23 29.40 29.43 29.55 29.58 29.68 29.70 29.71 29.73 29.73 29.75 29.76 29.77 29.60 29.68 29.65 29.73 29.70 29.70 29.72 29.61 29.59 29.52 29.64 29.71 29.67 29.56 29.57 29.62 29.42 29.62 29.50 29.55 29.52 29.49 29.42 29.41 29.45 29.39 29.25 29.13 29.12 29.16 29.10 29.04 28.92 28.99
28.12 28.11 28.23 28.27 28.31 28.33 28.45 28.52 28.44 28.55 28.62 28.66 28.81 28.90 28.83 28.74 28.89 28.98 29.00 29.05 29.10 29.03 29.11 29.10 29.09 29.16 29.21 29.18 29.09 29.15 29.20 29.28 29.37 29.54 29.60 29.67 29.69 29.70 29.71 29.72 29.74 29.74 29.76 29.76 29.78 29.78 29.67 29.69 29.74 29.70 29.67 29.71 29.67 29.62 29.60 29.70 29.70 29.60 29.61 29.63 29.58 29.53 29.53 29.52 29.45 29.50 29.42 29.35 29.39 29.32 29.24 29.14 29.14 29.11 29.04 28.89 29.01
28.11 28.21 28.22 28.28 28.30 28.43 28.42 28.46 28.52 28.66 28.77 28.80 28.82 28.83 28.86 28.88 28.95 28.98 28.98 29.05 29.07 29.09 29.15 29.04 29.06 29.11 29.15 29.20 29.21 29.08 29.14 29.23 29.36 29.48 29.56 29.55 29.67 29.69 29.70 29.71 29.72 29.73 29.74 29.75 29.76 29.76 29.77 29.70 29.68 29.74 29.66 29.58 29.56 29.48 29.51 29.54 29.62 29.69 29.57 29.54 29.55 29.55 29.49 29.54 29.53 29.53 29.44 29.34 29.35 29.30 29.25 29.20 29.16 29.06 28.88 28.85 28.97
28.15 28.22 28.23 28.31 28.33 28.45 28.49 28.58 28.65 28.69 28.71 28.71 28.76 28.75 28.69 28.71 28.52 28.74 28.90 28.95 29.00 29.07 29.06 29.15 29.09 29.05 29.13 29.16 29.24 29.24 29.20 29.23 29.37 29.48 29.51 29.54 29.57 29.67 29.68 29.69 29.70 29.72 29.72 29.74 29.74 29.75 29.76 29.76 29.70 29.72 29.68 29.67 29.67 29.62 29.62 29.49 29.54 29.58 29.60 29.64 29.59 29.54 29.51 29.56 29.53 29.46 29.40 29.33 29.33 29.24 29.24 29.16 29.10 28.78 28.83 29.01 29.03
28.13 28.19 28.29 28.35 28.39 28.45 28.51 28.51 28.56 28.57 28.63 28.69 28.68 28.63 28.65 28.42 28.16 28.10 28.80 28.84 28.91 29.03 29.05 29.08 29.18 29.14 29.06 29.18 29.22 29.26 29.30 29.28 29.33 29.49 29.51 29.49 29.50 29.65 29.66 29.68 29.68 29.70 29.70 29.72 29.72 29.74 29.74 29.75 29.76 29.68 29.73 29.77 29.77 29.77 29.77 29.66 29.54 29.53 29.53 29.47 29.50 29.53 29.45 29.55 29.47 29.47 29.46 29.37 29.32 29.28 29.16 29.14 28.99 29.02 29.01 29.07 29.06
28.07 28.15 28.23 28.32 28.37 28.35 28.44 28.44 28.51 28.55 28.57 28.60 28.61 28.55 28.51 28.50 28.43 28.67 28.74 28.75 28.89 29.00 29.09 29.08 29.16 29.22 29.24 29.12 29.23 29.28 29.29 29.42 29.41 29.40 29.45 29.48 29.55 29.63 29.64 29.66 29.66 29.68 29.68 29.70 29.71 29.72 29.72 29.73 29.74 29.75 29.68 29.64 29.64 29.61 29.56 29.52 29.49 29.46 29.52 29.53 29.53 29.48 29.48 29.48 29.50 29.48 29.43 29.27 29.36 29.29 29.19 29.04 29.07 29.07 28.99 29.08 29.11
27.95 28.11 28.16 28.27 28.23 28.26 28.36 28.40 28.44 28.51 28.54 28.52 28.44 28.47 28.43 28.37 28.51 28.53 28.72 28.76 28.87 28.96 28.99 29.06 29.10 29.06 29.13 29.24 29.26 29.26 29.27 29.31 29.32 29.41 29.43 29.48 29.56 29.59 29.62 29.64 29.64 29.66 29.67 29.68 29.70 29.70 29.70 29.72 29.72 29.73 29.73 29.72 29.58 29.47 29.42 29.54 29.56 29.49 29.49 29.49 29.44 29.51 29.48 29.49 29.44 29.39 29.48 29.33 29.35 29.28 29.26 29.12 29.10 29.13 29.06 29.13 29.15
28.00 28.05 28.12 28.16 28.19 28.23 28.27 28.31 28.46 28.53 28.53 28.52 28.47 28.40 28.38 28.34 28.36 28.12 28.47 28.66 28.73 28.85 28.86 29.01 28.98 29.14 29.12 29.20 29.22 29.28 29.27 29.30 29.35 29.41 29.40 29.46 29.53 29.59 29.60 29.62 29.63 29.64 29.65 29.66 29.67 29.68 29.68 29.70 29.70 29.71 29.69 29.72 29.67 29.63 29.49 29.52 29.60 29.62 29.61 29.49 29.59 29.45 29.39 29.50 29.41 29.42 29.39 29.35 29.30 29.30 29.26 29.16 29.01 29.13 29.13 29.17 29.15
28.01 28.07 28.07 27.99 28.12 28.07 28.15 28.27 28.29 28.39 28.47 28.42 28.40 28.37 28.30 28.31 28.22 27.92 28.17 28.42 28.62 28.70 28.87 28.94 28.94 29.05 29.03 29.11 29.17 29.24 29.25 29.33 29.33 29.36 29.38 29.43 29.51 29.55 29.58 29.59 29.61 29.62 29.63 29.64 29.65 29.66 29.67 29.68 29.68 29.69 29.60 29.70 29.61 29.71 29.54 29.54 29.59 29.52 29.56 29.58 29.57 29.45 29.42 29.51 29.44 29.43 29.40 29.35 29.33 29.36 29.26 29.13 29.08 29.15 29.20 29.23 29.20
27.91 27.96 27.91 27.96 28.06 28.03 28.06 28.22 28.26 28.28 28.46 28.41 28.31 28.31 28.12 28.15 28.13 27.93 27.81 28.00 28.41 28.66 28.82 28.84 28.94 28.91 29.04 29.08 29.14 29.10 29.06 29.15 29.31 29.36 29.40 29.41 29.48 29.54 29.55 29.57 29.59 29.59 29.61 29.61 29.63 29.63 29.65 29.65 29.67 29.67 29.67 29.56 29.68 29.52 29.69 29.45 29.58 29.48 29.49 29.51 29.48 29.42 29.56 29.50 29.45 29.42 29.43 29.41 29.34 29.28 29.17 29.14 29.12 29.23 29.25 29.26 29.22
27.73 27.87 27.75 27.95 27.96 28.01 28.12 28.12 28.23 28.26 28.41 28.32 28.25 28.22 28.10 28.05 28.06 27.87 26.84 27.20 28.25 28.61 28.66 28.79 28.82 28.91 28.99 29.05 29.07 29.02 29.12 29.23 29.26 29.33 29.35 29.39 29.44 29.52 29.53 29.55 29.56 29.57 29.58 29.59 29.61 29.61 29.62 29.63 29.64 29.65 29.65 29.57 29.51 29.59 29.50 29.48 29.48 29.43 29.44 29.45 29.50 29.44 29.49 29.47 29.36 29.39 29.42 29.38 29.39 29.30 29.30 29.26 29.18 29.28 29.26 29.26 29.26
27.70 27.69 27.78 27.85 27.95 27.97 28.06 28.08 28.27 28.25 28.30 28.32 28.21 28.17 28.08 28.00 27.89 27.79 27.20 26.86 28.02 28.45 28.60 28.76 28.85 28.88 28.91 28.97 28.73 28.88 29.03 29.04 29.21 29.24 29.29 29.37 29.45 29.50 29.51 29.52 29.54 29.54 29.56 29.57 29.58 29.59 29.60 29.61 29.62 29.62 29.63 29.64 29.64 29.44 29.55 29.54 29.49 29.52 29.48 29.48 29.46 29.46 29.44 29.46 29.39 29.39 29.30 29.38 29.32 29.30 29.32 29.33 29.30 29.36 29.29 29.35 29.24
27.51 27.20 27.54 27.54 27.76 27.89 28.01 28.05 28.07 28.09 28.17 28.26 28.18 28.17 28.09 27.92 27.86 27.73 27.51 27.47 27.66 28.43 28.56 28.67 28.75 28.83 28.77 28.91 28.82 28.86 28.97 29.04 29.13 29.17 29.25 29.34 29.46 29.48 29.48 29.50 29.51 29.52 29.53 29.55 29.55 29.57 29.57 29.59 29.59 29.60 29.61 29.52 29.61 29.51 29.43 29.44 29.36 29.44 29.51 29.52 29.53 29.54 29.42 29.48 29.30 29.34 29.39 29.29 29.38 29.34 29.30 29.33 29.22 29.23 29.22 29.29 29.22
27.42 27.50 27.48 27.71 27.83 27.89 27.99 28.03 28.07 28.12 28.22 28.25 28.19 28.14 28.01 27.92 27.79 27.71 27.68 27.71 28.03 28.31 28.43 28.58 28.59 28.68 28.68 28.65 28.79 28.85 28.91 29.01 29.12 29.23 29.23 29.32 29.39 29.44 29.46 29.47 29.48 29.49 29.51 29.52 29.53 29.54 29.54 29.56 29.56 29.57 29.57 29.57 29.47 29.47 29.44 29.46 29.46 29.46 29.47 29.44 29.43 29.45 29.45 29.44 29.34 29.28 29.29 29.29 29.31 29.36 29.34 29.33 29.34 29.24 29.29 29.22 29.16
27.54 27.56 27.61 27.75 27.67 27.84 27.89 28.00 28.00 28.02 28.07 28.18 28.15 28.02 28.01 27.95 27.89 27.79 27.76 27.90 27.83 28.18 28.36 28.29 28.42 28.48 28.59 28.62 28.68 28.77 28.86 29.06 29.09 29.12 29.18 29.29 29.40 29.41 29.43 29.44 29.45 29.46 29.48 29.48 29.50 29.51 29.51 29.53 29.54 29.54 29.54 29.48 29.45 29.56 29.44 29.31 29.38 29.38 29.40 29.37 29.37 29.37 29.43 29.43 29.43 29.42 29.40 29.39 29.36 29.33 29.32 29.31 29.26 29.27 29.11 29.14 29.12
