main/data/temperature/02.09.2023.grid
ncols 886
nrows 691
xllcenter 112.0000
yllcenter -44.5000
cellsize 0.0500
nodata_value 99999.90
[rows 102 to 135 of 691, columns 154 to 230 of 886]
28.46 28.46 28.44 28.42 28.40 28.39 28.36 28.34 28.31 28.30 28.27 28.23 28.20 28.17 28.14 28.10 28.06 28.01 27.97 27.93 27.87 27.82 27.78 27.72 27.69 27.67 27.65 27.63 27.62 27.59 27.58 27.55 27.53 27.55 27.58 27.60 27.63 27.65 27.68 27.71 27.73 27.75 27.78 27.81 27.84 27.86 27.89 27.91 27.93 27.95 27.96 27.97 27.96 27.96 27.95 27.93 27.90 27.87 27.84 27.80 27.76 27.72 27.69 27.68 27.72 27.78 27.84 27.92 27.99 28.06 28.14 28.23 28.31 28.40 28.50 28.61 28.75
28.49 28.47 28.47 28.45 28.43 28.40 28.39 28.37 28.34 28.31 28.28 28.26 28.22 28.19 28.15 28.11 28.07 28.03 27.98 27.93 27.89 27.84 27.78 27.76 27.73 27.71 27.69 27.68 27.65 27.64 27.61 27.59 27.60 27.62 27.64 27.66 27.69 27.72 27.74 27.77 27.80 27.83 27.86 27.88 27.91 27.93 27.95 27.97 27.99 28.01 28.01 28.02 28.00 28.00 27.98 27.95 27.92 27.88 27.83 27.78 27.74 27.69 27.68 27.72 27.77 27.84 27.91 27.98 28.05 28.13 28.21 28.29 28.38 28.46 28.56 28.65 28.76
28.52 28.50 28.48 28.46 28.45 28.43 28.41 28.38 28.36 28.33 28.30 28.27 28.24 28.21 28.17 28.13 28.08 28.05 28.00 27.95 27.90 27.85 27.81 27.79 27.77 27.76 27.73 27.71 27.70 27.67 27.65 27.65 27.66 27.69 27.71 27.74 27.76 27.79 27.81 27.84 27.86 27.89 27.92 27.95 27.97 28.00 28.02 28.03 28.04 28.06 28.06 28.06 28.05 28.03 28.01 27.98 27.94 27.89 27.83 27.77 27.71 27.68 27.71 27.77 27.84 27.90 27.97 28.04 28.12 28.19 28.27 28.35 28.44 28.53 28.62 28.71 28.81
28.54 28.53 28.51 28.49 28.47 28.46 28.43 28.41 28.38 28.36 28.33 28.29 28.26 28.22 28.19 28.15 28.10 28.06 28.01 27.97 27.91 27.87 27.84 27.83 27.81 27.79 27.78 27.75 27.73 27.72 27.70 27.71 27.74 27.76 27.78 27.80 27.83 27.86 27.88 27.91 27.94 27.96 27.98 28.01 28.03 28.06 28.08 28.09 28.11 28.12 28.11 28.11 28.09 28.07 28.04 28.00 27.96 27.90 27.83 27.77 27.71 27.72 27.78 27.84 27.90 27.97 28.04 28.11 28.18 28.25 28.33 28.41 28.50 28.59 28.68 28.78 28.88
28.57 28.55 28.54 28.52 28.50 28.47 28.46 28.43 28.40 28.37 28.35 28.31 28.28 28.24 28.20 28.17 28.12 28.07 28.03 27.97 27.94 27.91 27.89 27.87 27.86 27.84 27.81 27.80 27.78 27.76 27.77 27.79 27.80 27.83 27.85 27.88 27.89 27.92 27.95 27.97 28.00 28.03 28.06 28.07 28.10 28.12 28.14 28.16 28.17 28.17 28.17 28.16 28.14 28.12 28.08 28.04 27.98 27.92 27.84 27.77 27.74 27.78 27.84 27.90 27.97 28.03 28.10 28.17 28.24 28.32 28.39 28.48 28.56 28.65 28.74 28.84 28.94
28.60 28.58 28.57 28.55 28.52 28.50 28.48 28.45 28.42 28.39 28.36 28.34 28.30 28.26 28.22 28.18 28.14 28.09 28.04 28.00 27.96 27.95 27.93 27.91 27.89 27.88 27.86 27.83 27.83 27.82 27.83 27.86 27.88 27.89 27.92 27.95 27.97 28.00 28.02 28.05 28.07 28.09 28.12 28.15 28.17 28.19 28.21 28.22 28.23 28.23 28.23 28.21 28.19 28.16 28.12 28.07 28.00 27.93 27.86 27.79 27.80 27.84 27.90 27.96 28.02 28.10 28.16 28.23 28.30 28.38 28.45 28.54 28.62 28.72 28.81 28.90 29.01
28.62 28.61 28.58 28.57 28.55 28.52 28.50 28.48 28.45 28.42 28.38 28.35 28.32 28.28 28.24 28.20 28.15 28.11 28.07 28.03 28.01 27.99 27.98 27.96 27.94 27.92 27.90 27.88 27.87 27.89 27.91 27.92 27.95 27.97 27.99 28.01 28.04 28.06 28.09 28.11 28.14 28.16 28.19 28.21 28.23 28.25 28.27 28.28 28.29 28.30 28.29 28.27 28.25 28.21 28.17 28.12 28.04 27.97 27.89 27.82 27.85 27.91 27.97 28.02 28.09 28.15 28.21 28.29 28.36 28.44 28.51 28.59 28.69 28.77 28.87 28.96 29.06
28.65 28.63 28.61 28.59 28.57 28.55 28.52 28.50 28.47 28.44 28.41 28.37 28.34 28.30 28.26 28.22 28.17 28.12 28.09 28.07 28.05 28.03 28.02 28.01 27.98 27.96 27.95 27.93 27.94 27.95 27.98 28.00 28.01 28.04 28.06 28.08 28.10 28.13 28.15 28.18 28.21 28.23 28.25 28.28 28.30 28.32 28.34 28.35 28.36 28.35 28.34 28.34 28.31 28.26 28.22 28.17 28.09 28.01 27.94 27.88 27.91 27.97 28.02 28.09 28.15 28.21 28.28 28.35 28.43 28.50 28.57 28.65 28.75 28.83 28.92 29.02 29.13
28.68 28.66 28.64 28.61 28.60 28.57 28.55 28.52 28.50 28.46 28.43 28.39 28.35 28.32 28.28 28.24 28.19 28.15 28.13 28.12 28.10 28.08 28.06 28.05 28.03 28.01 27.99 28.00 28.01 28.03 28.05 28.07 28.08 28.11 28.13 28.16 28.17 28.20 28.22 28.25 28.27 28.30 28.33 28.35 28.36 28.38 28.40 28.41 28.42 28.42 28.42 28.40 28.36 28.33 28.28 28.22 28.15 28.08 27.98 27.94 27.98 28.03 28.09 28.15 28.21 28.28 28.34 28.41 28.48 28.56 28.63 28.71 28.80 28.89 28.99 29.08 29.20
28.71 28.69 28.66 28.64 28.63 28.60 28.57 28.54 28.52 28.49 28.45 28.41 28.37 28.34 28.30 28.26 28.21 28.18 28.18 28.16 28.14 28.12 28.11 28.10 28.07 28.06 28.05 28.06 28.08 28.10 28.11 28.14 28.15 28.17 28.20 28.22 28.25 28.26 28.29 28.31 28.34 28.37 28.39 28.41 28.44 28.46 28.47 28.48 28.49 28.49 28.48 28.46 28.44 28.40 28.35 28.29 28.22 28.14 28.06 28.01 28.04 28.09 28.15 28.22 28.28 28.34 28.40 28.47 28.54 28.61 28.70 28.77 28.86 28.96 29.04 29.15 29.26
28.74 28.71 28.69 28.67 28.65 28.62 28.59 28.56 28.54 28.51 28.47 28.43 28.39 28.36 28.32 28.28 28.25 28.23 28.21 28.21 28.19 28.17 28.15 28.14 28.12 28.11 28.12 28.13 28.15 28.17 28.18 28.21 28.22 28.24 28.27 28.29 28.32 28.33 28.36 28.38 28.41 28.44 28.46 28.48 28.51 28.53 28.54 28.55 28.55 28.55 28.55 28.53 28.50 28.46 28.42 28.36 28.29 28.22 28.13 28.07 28.10 28.15 28.22 28.27 28.33 28.40 28.47 28.53 28.61 28.67 28.76 28.84 28.92 29.01 29.11 29.21 29.33
28.76 28.74 28.72 28.70 28.68 28.65 28.62 28.60 28.56 28.53 28.49 28.46 28.42 28.38 28.34 28.31 28.29 28.27 28.27 28.25 28.23 28.21 28.19 28.17 28.17 28.17 28.18 28.20 28.22 28.24 28.25 28.28 28.29 28.31 28.34 28.36 28.38 28.40 28.43 28.45 28.48 28.50 28.53 28.55 28.58 28.59 28.60 28.62 28.62 28.63 28.62 28.61 28.58 28.55 28.50 28.45 28.39 28.30 28.22 28.16 28.17 28.23 28.28 28.34 28.40 28.46 28.53 28.60 28.67 28.74 28.82 28.90 28.99 29.08 29.18 29.29 29.40
28.79 28.77 28.74 28.73 28.70 28.67 28.64 28.62 28.59 28.55 28.51 28.49 28.45 28.40 28.37 28.34 28.33 28.32 28.31 28.29 28.28 28.26 28.24 28.23 28.23 28.24 28.25 28.27 28.29 28.30 28.32 28.34 28.36 28.38 28.41 28.42 28.45 28.47 28.50 28.52 28.55 28.57 28.60 28.62 28.64 28.66 28.68 28.69 28.70 28.70 28.70 28.68 28.67 28.63 28.59 28.54 28.48 28.41 28.34 28.26 28.25 28.29 28.34 28.41 28.46 28.53 28.59 28.67 28.74 28.81 28.89 28.97 29.06 29.16 29.26 29.37 29.50
28.82 28.79 28.77 28.75 28.72 28.69 28.67 28.64 28.61 28.57 28.53 28.51 28.46 28.43 28.40 28.39 28.38 28.37 28.35 28.34 28.32 28.30 28.29 28.29 28.29 28.31 28.32 28.34 28.35 28.37 28.38 28.41 28.43 28.44 28.47 28.49 28.52 28.54 28.57 28.59 28.62 28.63 28.66 28.69 28.70 28.73 28.75 28.76 28.77 28.78 28.77 28.76 28.74 28.72 28.68 28.63 28.58 28.52 28.45 28.38 28.32 28.36 28.41 28.47 28.53 28.60 28.67 28.74 28.81 28.89 28.96 29.05 29.14 29.24 29.35 29.46 29.60
28.84 28.82 28.80 28.78 28.75 28.73 28.70 28.66 28.63 28.60 28.56 28.53 28.49 28.46 28.44 28.44 28.42 28.41 28.39 28.38 28.36 28.35 28.34 28.35 28.36 28.37 28.39 28.41 28.42 28.43 28.46 28.48 28.49 28.52 28.54 28.55 28.58 28.60 28.63 28.65 28.68 28.70 28.73 28.76 28.78 28.80 28.82 28.83 28.85 28.85 28.85 28.84 28.83 28.81 28.78 28.74 28.69 28.63 28.57 28.51 28.45 28.44 28.49 28.54 28.61 28.67 28.74 28.81 28.89 28.97 29.05 29.14 29.24 29.34 29.45 29.58 29.72
28.87 28.85 28.83 28.80 28.77 28.75 28.72 28.68 28.65 28.62 28.58 28.55 28.51 28.51 28.49 28.48 28.47 28.45 28.44 28.42 28.41 28.40 28.40 28.41 28.42 28.44 28.46 28.47 28.48 28.50 28.52 28.54 28.56 28.58 28.60 28.62 28.65 28.67 28.70 28.73 28.75 28.78 28.79 28.82 28.85 28.87 28.89 28.90 28.92 28.93 28.93 28.93 28.92 28.91 28.88 28.84 28.81 28.75 28.71 28.65 28.60 28.56 28.56 28.62 28.68 28.75 28.82 28.89 28.97 29.06 29.15 29.24 29.35 29.45 29.58 29.71 29.87
28.90 28.88 28.85 28.83 28.80 28.77 28.74 28.71 28.68 28.64 28.60 28.58 28.56 28.55 28.53 28.52 28.51 28.50 28.49 28.47 28.46 28.45 28.46 28.48 28.49 28.50 28.52 28.53 28.55 28.57 28.58 28.60 28.63 28.64 28.66 28.69 28.71 28.74 28.76 28.79 28.81 28.84 28.87 28.89 28.91 28.94 28.96 28.98 29.00 29.01 29.02 29.02 29.01 29.00 28.98 28.96 28.92 28.89 28.84 28.80 28.75 28.71 28.69 28.71 28.76 28.84 28.91 29.00 29.08 29.17 29.26 29.36 29.47 29.59 29.73 29.88 30.06
28.93 28.90 28.88 28.85 28.82 28.80 28.77 28.73 28.70 28.67 28.64 28.61 28.60 28.59 28.57 28.57 28.56 28.54 28.53 28.51 28.51 28.51 28.53 28.54 28.55 28.57 28.58 28.60 28.62 28.63 28.65 28.67 28.69 28.71 28.73 28.75 28.78 28.80 28.83 28.85 28.88 28.90 28.93 28.96 28.99 29.00 29.03 29.05 29.07 29.08 29.09 29.10 29.10 29.09 29.09 29.06 29.05 29.01 28.98 28.95 28.92 28.89 28.86 28.86 28.87 28.93 29.01 29.10 29.20 29.30 29.40 29.52 29.64 29.77 29.92 30.09 30.28
28.95 28.93 28.91 28.88 28.86 28.82 28.79 28.76 28.73 28.69 28.67 28.65 28.64 28.64 28.62 28.61 28.60 28.58 28.57 28.57 28.57 28.58 28.59 28.60 28.61 28.63 28.65 28.66 28.67 28.70 28.71 28.73 28.75 28.77 28.79 28.82 28.84 28.86 28.89 28.92 28.94 28.97 29.00 29.02 29.05 29.08 29.10 29.13 29.15 29.17 29.18 29.19 29.19 29.19 29.18 29.18 29.16 29.15 29.12 29.10 29.08 29.06 29.05 29.04 29.05 29.08 29.15 29.23 29.34 29.45 29.57 29.70 29.84 30.00 30.16 30.34 30.55
28.99 28.96 28.93 28.91 28.88 28.84 28.82 28.78 28.75 28.72 28.71 28.70 28.69 28.67 28.66 28.66 28.64 28.63 28.62 28.62 28.63 28.64 28.66 28.67 28.68 28.69 28.70 28.73 28.74 28.76 28.77 28.80 28.81 28.83 28.86 28.88 28.90 28.93 28.96 28.98 29.01 29.03 29.06 29.09 29.12 29.15 29.17 29.19 29.22 29.24 29.26 29.28 29.28 29.29 29.29 29.29 29.28 29.27 29.26 29.25 29.24 29.23 29.23 29.25 29.27 29.30 29.36 29.43 29.53 29.64 29.78 29.92 30.09 30.26 30.45 30.66 30.87
29.01 28.99 28.96 28.93 28.91 28.87 28.84 28.80 28.78 28.76 28.75 28.74 28.73 28.72 28.71 28.69 28.68 28.67 28.68 28.68 28.69 28.70 28.71 28.72 28.74 28.76 28.77 28.78 28.80 28.82 28.84 28.85 28.88 28.90 28.92 28.95 28.96 28.99 29.01 29.05 29.07 29.10 29.13 29.16 29.18 29.21 29.24 29.27 29.29 29.31 29.34 29.36 29.37 29.38 29.40 29.40 29.39 29.40 29.39 29.39 29.39 29.39 29.41 29.43 29.47 29.52 29.59 29.68 29.79 29.91 30.06 30.22 30.40 30.59 30.79 31.02 31.24
29.04 29.01 28.99 28.96 28.92 28.90 28.86 28.83 28.81 28.81 28.80 28.78 28.77 28.76 28.75 28.74 28.73 28.72 28.73 28.74 28.76 28.77 28.78 28.79 28.80 28.81 28.83 28.85 28.86 28.88 28.89 28.92 28.94 28.95 28.98 29.00 29.03 29.05 29.08 29.11 29.13 29.16 29.20 29.23 29.25 29.28 29.31 29.34 29.36 29.39 29.42 29.44 29.46 29.48 29.49 29.50 29.51 29.52 29.53 29.54 29.55 29.56 29.59 29.61 29.67 29.74 29.82 29.93 30.06 30.20 30.36 30.53 30.73 30.93 31.16 31.03 31.65
29.06 29.04 29.01 28.99 28.95 28.92 28.89 28.87 28.86 28.84 28.83 28.83 28.82 28.80 28.79 28.79 28.78 28.78 28.79 28.80 28.81 28.82 28.83 28.85 28.86 28.87 28.89 28.90 28.92 28.94 28.95 28.97 29.00 29.02 29.04 29.06 29.08 29.11 29.14 29.16 29.20 29.23 29.25 29.28 29.31 29.35 29.38 29.42 29.44 29.47 29.50 29.52 29.55 29.57 29.59 29.61 29.63 29.64 29.65 29.67 29.69 29.71 29.74 29.79 29.86 29.95 30.05 30.18 30.32 30.48 30.65 30.85 31.06 31.29 31.54 31.80 32.09
29.09 29.07 29.04 29.01 28.98 28.95 28.92 28.90 28.90 28.89 28.88 28.87 28.86 28.85 28.83 28.82 28.83 28.84 28.85 28.86 28.87 28.88 28.89 28.90 28.92 28.93 28.95 28.96 28.98 29.00 29.02 29.03 29.05 29.08 29.10 29.12 29.14 29.17 29.20 29.23 29.26 29.29 29.32 29.35 29.38 29.42 29.45 29.48 29.51 29.54 29.58 29.61 29.64 29.66 29.69 29.71 29.74 29.76 29.77 29.80 29.83 29.86 29.89 29.95 30.03 30.14 30.27 30.42 30.58 30.75 30.94 31.15 31.39 31.64 31.91 32.20 32.35
29.13 29.09 29.07 29.03 29.00 28.98 28.96 28.95 28.95 28.93 28.92 28.91 28.89 28.89 28.88 28.88 28.88 28.89 28.90 28.92 28.93 28.94 28.95 28.96 28.97 28.98 29.01 29.02 29.03 29.05 29.08 29.09 29.11 29.14 29.16 29.18 29.20 29.23 29.26 29.29 29.32 29.35 29.38 29.42 29.45 29.48 29.52 29.55 29.59 29.62 29.65 29.69 29.72 29.75 29.78 29.82 29.84 29.87 29.90 29.93 29.96 30.00 30.04 30.10 30.18 30.31 30.48 30.64 30.82 31.02 31.22 31.45 31.70 31.97 32.27 32.59 32.91
29.16 29.12 29.09 29.06 29.03 29.02 29.00 28.99 28.98 28.98 28.96 28.95 28.94 28.94 28.93 28.94 28.94 28.95 28.96 28.98 28.99 29.00 29.01 29.02 29.03 29.04 29.06 29.08 29.09 29.11 29.12 29.15 29.17 29.20 29.21 29.23 29.26 29.29 29.31 29.35 29.38 29.41 29.44 29.48 29.51 29.54 29.58 29.62 29.65 29.70 29.73 29.77 29.81 29.84 29.88 29.92 29.95 29.98 30.01 30.05 30.09 30.13 30.18 30.24 30.32 30.47 30.67 30.88 31.07 31.27 31.48 31.72 31.98 32.23 32.60 32.94 33.24
29.18 29.15 29.11 29.09 29.07 29.05 29.05 29.04 29.02 29.02 29.01 28.99 28.98 28.98 28.99 28.99 29.00 29.01 29.01 29.02 29.04 29.05 29.06 29.07 29.09 29.10 29.11 29.13 29.15 29.16 29.18 29.21 29.22 29.24 29.27 29.30 29.32 29.35 29.37 29.40 29.44 29.47 29.50 29.54 29.57 29.61 29.65 29.68 29.72 29.77 29.80 29.84 29.88 29.92 29.96 30.01 30.05 30.08 30.12 30.17 30.21 30.27 30.32 30.39 30.47 30.64 30.71 31.11 31.29 31.49 31.50 31.96 32.24 32.55 32.89 33.21 33.48
29.20 29.18 29.14 29.13 29.11 29.10 29.09 29.08 29.07 29.06 29.05 29.03 29.03 29.04 29.04 29.05 29.05 29.06 29.07 29.08 29.10 29.11 29.12 29.13 29.14 29.15 29.17 29.19 29.20 29.22 29.24 29.26 29.28 29.30 29.33 29.36 29.38 29.41 29.43 29.46 29.49 29.53 29.56 29.59 29.64 29.67 29.72 29.75 29.79 29.84 29.88 29.93 29.97 30.01 30.05 30.10 30.14 30.19 30.23 30.29 30.34 30.39 30.47 30.55 30.63 30.55 31.01 31.18 31.48 31.68 31.90 32.15 32.45 32.78 33.10 33.38 33.63
29.23 29.21 29.17 29.17 29.15 29.14 29.13 29.12 29.11 29.10 29.09 29.08 29.08 29.09 29.09 29.10 29.11 29.11 29.12 29.14 29.15 29.16 29.17 29.18 29.19 29.21 29.23 29.24 29.26 29.27 29.30 29.32 29.33 29.36 29.38 29.41 29.43 29.46 29.49 29.51 29.55 29.59 29.62 29.66 29.69 29.74 29.77 29.82 29.86 29.91 29.95 30.00 30.05 30.09 30.14 30.19 30.24 30.29 30.34 30.39 30.45 30.52 30.60 30.70 30.81 30.84 31.25 31.43 31.61 31.81 32.05 32.30 32.61 32.94 33.23 33.47 33.59
29.26 29.24 29.21 29.21 29.20 29.18 29.18 29.16 29.16 29.14 29.13 29.13 29.14 29.14 29.15 29.15 29.16 29.17 29.17 29.19 29.20 29.21 29.22 29.23 29.25 29.26 29.28 29.30 29.31 29.33 29.35 29.37 29.39 29.41 29.43 29.46 29.48 29.51 29.55 29.58 29.61 29.64 29.68 29.71 29.76 29.79 29.84 29.89 29.93 29.98 30.02 30.07 30.12 30.17 30.22 30.27 30.33 30.38 30.44 30.50 30.57 30.64 30.73 30.77 30.85 31.00 31.32 31.50 31.68 31.89 32.14 32.40 32.71 33.00 33.26 33.50 32.93
29.29 29.27 29.26 29.25 29.24 29.23 29.22 29.20 29.20 29.18 29.18 29.18 29.19 29.19 29.20 29.20 29.21 29.23 29.24 29.24 29.25 29.26 29.27 29.29 29.30 29.32 29.33 29.35 29.36 29.39 29.40 29.42 29.45 29.47 29.49 29.51 29.55 29.57 29.60 29.63 29.66 29.70 29.74 29.78 29.81 29.86 29.91 29.95 30.00 30.04 30.10 30.15 30.20 30.26 30.31 30.36 30.42 30.47 30.54 30.59 30.66 30.74 30.74 30.74 30.76 31.14 31.36 31.54 31.72 31.93 32.17 32.44 32.74 33.00 33.23 33.49 33.73
29.33 29.32 29.30 29.29 29.28 29.27 29.26 29.25 29.24 29.23 29.23 29.24 29.24 29.24 29.25 29.27 29.27 29.28 29.29 29.30 29.30 29.31 29.33 29.35 29.36 29.37 29.38 29.40 29.41 29.44 29.45 29.47 29.50 29.52 29.55 29.57 29.60 29.63 29.65 29.68 29.72 29.76 29.80 29.83 29.88 29.92 29.97 30.02 30.06 30.12 30.16 30.22 30.28 30.33 30.38 30.44 30.50 30.56 30.62 30.68 30.75 30.82 30.79 30.83 30.84 31.06 31.34 31.54 31.72 31.92 32.15 32.41 32.68 32.94 33.19 33.45 33.70
29.38 29.36 29.35 29.34 29.33 29.31 29.30 29.29 29.28 29.28 29.28 29.29 29.29 29.30 29.31 29.32 29.32 29.33 29.34 29.34 29.36 29.37 29.38 29.39 29.41 29.42 29.43 29.45 29.47 29.49 29.50 29.53 29.55 29.57 29.60 29.62 29.65 29.68 29.71 29.75 29.78 29.81 29.86 29.90 29.94 29.99 30.04 30.08 30.13 30.19 30.24 30.29 30.36 30.41 30.46 30.52 30.58 30.64 30.70 30.76 30.82 30.85 30.93 30.91 30.92 30.89 30.95 31.45 31.68 31.87 32.08 32.34 32.60 32.86 33.12 33.37 33.63
29.42 29.40 29.39 29.39 29.37 29.35 29.35 29.33 29.33 29.33 29.33 29.35 29.35 29.35 29.36 29.36 29.38 29.39 29.39 29.40 29.41 29.42 29.43 29.44 29.45 29.48 29.49 29.50 29.52 29.53 29.56 29.58 29.60 29.62 29.64 29.68 29.70 29.73 29.76 29.80 29.83 29.88 29.91 29.96 30.00 30.05 30.09 30.15 30.20 30.25 30.31 30.37 30.42 30.48 30.55 30.60 30.66 30.71 30.77 30.82 30.89 30.94 31.01 31.02 31.00 30.93 30.88 31.13 31.59 31.77 31.98 32.24 32.50 32.76 33.02 33.29 33.55
