main/data/temperature/02.04.2023.grid
ncols 886
nrows 691
xllcenter 112.0000
yllcenter -44.5000
cellsize 0.0500
nodata_value 99999.90
[rows 578 to 611 of 691, columns 385 to 461 of 886]
16.16 16.13 16.09 16.07 16.03 16.00 15.96 15.93 15.89 15.85 15.81 15.76 15.72 15.67 15.62 15.57 15.52 15.46 15.41 15.35 15.29 15.22 15.16 15.09 15.04 15.00 14.97 14.96 14.94 14.94 14.92 14.91 14.90 14.88 14.87 14.87 14.85 14.84 14.83 14.81 14.80 14.80 14.78 14.77 14.76 14.75 14.73 14.72 14.71 14.71 14.69 14.68 14.67 14.66 14.65 14.63 14.62 14.61 14.60 14.59 14.58 14.57 14.56 14.54 14.53 14.52 14.50 14.49 14.48 14.47 14.45 14.44 14.43 14.41 14.41 14.39 14.38
16.14 16.11 16.09 16.05 16.01 15.99 15.95 15.92 15.88 15.83 15.80 15.75 15.71 15.66 15.62 15.57 15.52 15.47 15.42 15.36 15.30 15.24 15.18 15.12 15.05 14.99 14.93 14.91 14.89 14.89 14.88 14.86 14.85 14.83 14.82 14.82 14.80 14.79 14.78 14.76 14.75 14.75 14.73 14.72 14.71 14.70 14.68 14.68 14.67 14.66 14.64 14.63 14.62 14.61 14.60 14.58 14.57 14.56 14.55 14.54 14.53 14.52 14.51 14.50 14.49 14.47 14.46 14.45 14.44 14.42 14.41 14.40 14.39 14.38 14.37 14.35 14.34
16.12 16.09 16.06 16.03 16.00 15.97 15.93 15.90 15.86 15.82 15.79 15.74 15.71 15.66 15.62 15.57 15.52 15.47 15.42 15.36 15.31 15.25 15.19 15.13 15.07 15.00 14.93 14.88 14.85 14.84 14.83 14.81 14.80 14.78 14.78 14.77 14.75 14.74 14.73 14.71 14.71 14.70 14.68 14.67 14.66 14.65 14.64 14.63 14.62 14.61 14.59 14.58 14.57 14.56 14.56 14.54 14.53 14.52 14.51 14.50 14.49 14.48 14.47 14.46 14.45 14.43 14.43 14.40 14.39 14.38 14.38 14.37 14.34 14.34 14.33 14.31 14.30
16.10 16.07 16.05 16.01 15.98 15.95 15.92 15.89 15.85 15.82 15.78 15.74 15.70 15.65 15.62 15.57 15.52 15.47 15.43 15.37 15.32 15.26 15.21 15.15 15.08 15.02 14.95 14.89 14.83 14.80 14.78 14.76 14.75 14.75 14.73 14.72 14.70 14.69 14.68 14.67 14.66 14.65 14.63 14.62 14.61 14.61 14.59 14.58 14.57 14.56 14.54 14.53 14.53 14.52 14.51 14.50 14.48 14.47 14.46 14.45 14.44 14.43 14.42 14.41 14.40 14.39 14.38 14.37 14.36 14.35 14.34 14.32 14.31 14.30 14.29 14.27 14.26
16.08 16.05 16.02 15.99 15.96 15.94 15.90 15.87 15.84 15.81 15.77 15.72 15.69 15.65 15.61 15.56 15.52 15.47 15.43 15.37 15.33 15.28 15.22 15.17 15.10 15.04 14.97 14.91 14.85 14.78 14.74 14.71 14.70 14.70 14.68 14.67 14.65 14.64 14.64 14.62 14.61 14.60 14.59 14.57 14.57 14.56 14.54 14.53 14.52 14.51 14.51 14.49 14.48 14.47 14.46 14.45 14.44 14.42 14.41 14.41 14.40 14.39 14.38 14.37 14.36 14.35 14.34 14.33 14.32 14.31 14.29 14.28 14.27 14.26 14.25 14.23 14.22
16.05 16.02 16.00 15.97 15.95 15.92 15.88 15.86 15.82 15.79 15.75 15.72 15.68 15.65 15.60 15.57 15.52 15.47 15.43 15.39 15.33 15.29 15.23 15.18 15.11 15.06 14.99 14.93 14.87 14.80 14.74 14.68 14.66 14.65 14.63 14.62 14.61 14.60 14.59 14.58 14.56 14.55 14.54 14.53 14.52 14.51 14.50 14.48 14.48 14.47 14.46 14.45 14.43 14.42 14.41 14.41 14.40 14.38 14.37 14.36 14.35 14.34 14.33 14.32 14.31 14.30 14.29 14.28 14.27 14.26 14.25 14.24 14.23 14.22 14.21 14.19 14.18
16.03 16.00 15.98 15.95 15.92 15.90 15.87 15.84 15.81 15.78 15.74 15.71 15.67 15.64 15.60 15.56 15.52 15.48 15.43 15.39 15.34 15.29 15.24 15.19 15.13 15.08 15.02 14.95 14.90 14.82 14.76 14.70 14.63 14.61 14.58 14.57 14.57 14.55 14.54 14.53 14.51 14.50 14.50 14.49 14.47 14.46 14.45 14.45 14.43 14.42 14.41 14.40 14.38 14.38 14.37 14.36 14.35 14.34 14.33 14.31 14.31 14.30 14.29 14.28 14.27 14.26 14.25 14.24 14.23 14.22 14.21 14.20 14.19 14.18 14.17 14.15 14.14
16.00 15.98 15.96 15.93 15.91 15.88 15.86 15.82 15.79 15.76 15.73 15.70 15.66 15.63 15.59 15.56 15.51 15.48 15.43 15.39 15.34 15.30 15.24 15.20 15.14 15.09 15.04 14.97 14.92 14.85 14.79 14.73 14.65 14.59 14.55 14.53 14.52 14.51 14.49 14.48 14.46 14.46 14.45 14.44 14.42 14.41 14.41 14.40 14.38 14.37 14.36 14.36 14.34 14.33 14.32 14.31 14.30 14.30 14.29 14.28 14.26 14.25 14.24 14.23 14.22 14.21 14.21 14.20 14.19 14.18 14.17 14.16 14.15 14.14 14.13 14.11 14.10
15.98 15.95 15.93 15.91 15.89 15.86 15.84 15.80 15.78 15.75 15.71 15.69 15.65 15.62 15.58 15.55 15.51 15.47 15.43 15.39 15.34 15.30 15.26 15.20 15.16 15.10 15.05 14.99 14.94 14.88 14.81 14.75 14.68 14.62 14.55 14.49 14.47 14.46 14.44 14.44 14.43 14.41 14.40 14.39 14.38 14.37 14.36 14.35 14.34 14.32 14.32 14.31 14.30 14.29 14.27 14.27 14.26 14.25 14.24 14.23 14.21 14.21 14.20 14.19 14.18 14.17 14.16 14.15 14.14 14.13 14.12 14.11 14.10 14.09 14.08 14.07 14.06
15.95 15.94 15.91 15.88 15.87 15.84 15.82 15.79 15.76 15.73 15.71 15.67 15.64 15.61 15.57 15.54 15.51 15.47 15.43 15.39 15.35 15.30 15.26 15.21 15.16 15.11 15.06 15.00 14.95 14.90 14.83 14.78 14.71 14.65 14.58 14.52 14.45 14.42 14.41 14.39 14.38 14.37 14.35 14.35 14.34 14.32 14.31 14.30 14.30 14.29 14.27 14.26 14.25 14.25 14.23 14.22 14.21 14.20 14.20 14.19 14.18 14.17 14.15 14.14 14.14 14.13 14.12 14.11 14.10 14.09 14.08 14.07 14.06 14.05 14.04 14.04 14.03
15.93 15.91 15.89 15.87 15.84 15.81 15.80 15.77 15.74 15.71 15.69 15.66 15.63 15.59 15.57 15.53 15.50 15.46 15.43 15.38 15.35 15.30 15.26 15.21 15.17 15.13 15.07 15.03 14.97 14.92 14.86 14.80 14.74 14.67 14.61 14.55 14.47 14.41 14.37 14.34 14.33 14.32 14.31 14.30 14.29 14.28 14.26 14.26 14.25 14.24 14.22 14.21 14.21 14.20 14.19 14.17 14.17 14.16 14.15 14.14 14.13 14.13 14.12 14.11 14.10 14.09 14.07 14.07 14.06 14.05 14.04 14.03 14.02 14.02 14.01 14.00 13.99
15.90 15.89 15.86 15.85 15.82 15.79 15.77 15.74 15.72 15.69 15.67 15.64 15.62 15.58 15.55 15.52 15.49 15.45 15.42 15.38 15.34 15.30 15.26 15.21 15.17 15.13 15.08 15.04 14.98 14.93 14.88 14.82 14.76 14.70 14.64 14.58 14.51 14.44 14.38 14.31 14.29 14.28 14.27 14.25 14.24 14.24 14.22 14.21 14.20 14.19 14.19 14.17 14.16 14.15 14.15 14.14 14.12 14.11 14.10 14.10 14.09 14.08 14.07 14.06 14.06 14.05 14.04 14.03 14.02 14.01 14.01 14.00 13.99 13.98 13.97 13.96 13.95
15.87 15.86 15.84 15.82 15.80 15.78 15.75 15.72 15.70 15.67 15.65 15.62 15.60 15.57 15.54 15.51 15.48 15.44 15.41 15.38 15.34 15.30 15.26 15.22 15.18 15.14 15.09 15.04 15.00 14.94 14.90 14.84 14.78 14.73 14.67 14.61 14.55 14.48 14.41 14.35 14.28 14.24 14.22 14.21 14.20 14.19 14.18 14.16 14.16 14.15 14.14 14.13 14.11 14.11 14.10 14.09 14.08 14.08 14.06 14.05 14.04 14.04 14.03 14.02 14.01 14.00 14.00 13.99 13.98 13.97 13.96 13.95 13.95 13.94 13.93 13.92 13.91
15.86 15.83 15.81 15.80 15.77 15.75 15.73 15.71 15.68 15.66 15.63 15.61 15.58 15.55 15.53 15.50 15.47 15.44 15.40 15.37 15.33 15.30 15.26 15.22 15.18 15.14 15.10 15.05 15.01 14.95 14.91 14.86 14.80 14.75 14.70 14.63 14.58 14.52 14.45 14.38 14.32 14.24 14.19 14.17 14.16 14.14 14.13 14.13 14.12 14.10 14.09 14.09 14.08 14.07 14.05 14.05 14.04 14.03 14.02 14.01 14.01 13.99 13.98 13.97 13.97 13.96 13.95 13.94 13.94 13.93 13.92 13.91 13.90 13.90 13.89 13.88 13.87
15.83 15.81 15.79 15.77 15.75 15.73 15.70 15.69 15.66 15.64 15.61 15.60 15.56 15.54 15.51 15.49 15.45 15.43 15.39 15.36 15.32 15.29 15.26 15.22 15.19 15.14 15.10 15.05 15.02 14.97 14.92 14.88 14.83 14.77 14.72 14.66 14.60 14.55 14.48 14.42 14.35 14.29 14.21 14.16 14.12 14.10 14.09 14.08 14.07 14.05 14.05 14.04 14.03 14.02 14.02 14.00 13.99 13.98 13.98 13.97 13.96 13.95 13.95 13.93 13.92 13.92 13.91 13.90 13.89 13.88 13.88 13.87 13.86 13.85 13.85 13.84 13.84
15.80 15.78 15.77 15.74 15.73 15.71 15.69 15.66 15.64 15.62 15.59 15.58 15.55 15.53 15.49 15.47 15.44 15.41 15.38 15.35 15.33 15.29 15.26 15.22 15.18 15.14 15.10 15.07 15.02 14.98 14.93 14.89 14.84 14.79 14.74 14.69 14.63 14.57 14.52 14.45 14.39 14.33 14.26 14.19 14.12 14.08 14.04 14.03 14.03 14.02 14.01 13.99 13.99 13.98 13.97 13.96 13.95 13.94 13.93 13.92 13.92 13.91 13.90 13.90 13.89 13.88 13.87 13.87 13.86 13.84 13.84 13.84 13.82 13.81 13.81 13.81 13.80
15.77 15.76 15.74 15.72 15.70 15.68 15.67 15.64 15.63 15.60 15.58 15.55 15.54 15.51 15.49 15.46 15.43 15.40 15.38 15.34 15.32 15.28 15.25 15.21 15.18 15.15 15.10 15.07 15.02 14.99 14.95 14.90 14.85 14.81 14.75 14.71 14.66 14.60 14.54 14.49 14.42 14.36 14.30 14.23 14.16 14.10 14.04 14.00 13.98 13.97 13.96 13.96 13.94 13.93 13.92 13.92 13.91 13.90 13.89 13.88 13.87 13.87 13.86 13.85 13.84 13.84 13.83 13.82 13.82 13.81 13.80 13.79 13.79 13.78 13.77 13.76 13.76
15.74 15.73 15.71 15.70 15.68 15.65 15.64 15.62 15.60 15.58 15.56 15.53 15.52 15.49 15.47 15.44 15.42 15.39 15.36 15.34 15.30 15.28 15.24 15.21 15.17 15.14 15.11 15.07 15.03 14.99 14.95 14.90 14.86 14.82 14.78 14.72 14.68 14.62 14.57 14.51 14.46 14.39 14.33 14.27 14.20 14.14 14.07 14.01 13.96 13.93 13.92 13.91 13.90 13.89 13.88 13.87 13.86 13.86 13.85 13.84 13.84 13.82 13.81 13.81 13.80 13.79 13.79 13.78 13.77 13.76 13.76 13.75 13.74 13.74 13.73 13.72 13.72
15.71 15.70 15.68 15.67 15.65 15.64 15.61 15.60 15.58 15.55 15.54 15.52 15.49 15.47 15.45 15.43 15.40 15.38 15.35 15.33 15.29 15.27 15.23 15.20 15.17 15.14 15.11 15.07 15.03 14.99 14.95 14.92 14.87 14.83 14.79 14.74 14.69 14.64 14.59 14.54 14.49 14.43 14.37 14.31 14.25 14.18 14.11 14.05 13.98 13.91 13.88 13.87 13.86 13.85 13.84 13.83 13.82 13.81 13.81 13.80 13.79 13.79 13.78 13.77 13.75 13.75 13.74 13.73 13.73 13.72 13.71 13.71 13.70 13.69 13.69 13.68 13.68
15.69 15.67 15.66 15.64 15.62 15.61 15.59 15.57 15.55 15.54 15.51 15.50 15.47 15.46 15.43 15.41 15.38 15.36 15.33 15.31 15.29 15.25 15.23 15.19 15.17 15.13 15.10 15.07 15.03 15.00 14.96 14.92 14.88 14.84 14.80 14.76 14.70 14.66 14.62 14.56 14.51 14.46 14.39 14.34 14.28 14.22 14.15 14.09 14.02 13.96 13.90 13.84 13.82 13.80 13.80 13.79 13.78 13.77 13.76 13.75 13.75 13.74 13.73 13.73 13.72 13.71 13.71 13.70 13.69 13.69 13.68 13.68 13.67 13.66 13.66 13.65 13.64
15.66 15.64 15.63 15.61 15.60 15.58 15.56 15.55 15.53 15.51 15.49 15.47 15.46 15.43 15.41 15.39 15.37 15.34 15.32 15.29 15.27 15.24 15.22 15.18 15.16 15.13 15.10 15.07 15.04 15.00 14.97 14.92 14.89 14.85 14.81 14.77 14.73 14.67 14.63 14.59 14.53 14.48 14.43 14.38 14.31 14.26 14.20 14.14 14.07 14.00 13.94 13.87 13.80 13.77 13.75 13.74 13.74 13.73 13.72 13.71 13.70 13.70 13.69 13.68 13.68 13.67 13.66 13.66 13.65 13.64 13.64 13.63 13.63 13.62 13.61 13.61 13.60
15.63 15.62 15.60 15.58 15.57 15.55 15.54 15.52 15.51 15.49 15.47 15.45 15.44 15.41 15.40 15.37 15.35 15.32 15.31 15.29 15.26 15.24 15.20 15.18 15.15 15.12 15.09 15.06 15.03 14.99 14.96 14.93 14.89 14.86 14.82 14.77 14.74 14.70 14.64 14.60 14.56 14.50 14.45 14.40 14.35 14.29 14.23 14.18 14.12 14.05 13.98 13.92 13.85 13.79 13.73 13.70 13.69 13.69 13.68 13.67 13.67 13.66 13.64 13.64 13.63 13.63 13.62 13.61 13.61 13.60 13.59 13.59 13.58 13.58 13.57 13.57 13.56
15.60 15.59 15.57 15.56 15.54 15.53 15.51 15.49 15.48 15.46 15.45 15.43 15.41 15.39 15.37 15.36 15.33 15.31 15.29 15.27 15.24 15.22 15.20 15.17 15.15 15.11 15.09 15.05 15.03 15.00 14.96 14.93 14.90 14.86 14.82 14.79 14.74 14.70 14.67 14.62 14.57 14.53 14.47 14.43 14.38 14.33 14.27 14.21 14.15 14.10 14.04 13.96 13.90 13.83 13.76 13.71 13.66 13.64 13.63 13.63 13.62 13.62 13.61 13.60 13.60 13.59 13.58 13.58 13.56 13.56 13.55 13.55 13.54 13.54 13.54 13.53 13.53
15.56 15.56 15.54 15.53 15.51 15.50 15.48 15.47 15.45 15.44 15.42 15.41 15.39 15.37 15.35 15.33 15.31 15.29 15.28 15.25 15.23 15.20 15.18 15.15 15.13 15.11 15.08 15.05 15.02 14.99 14.96 14.93 14.90 14.87 14.82 14.79 14.76 14.71 14.67 14.64 14.59 14.54 14.50 14.46 14.40 14.35 14.30 14.25 14.19 14.13 14.07 14.02 13.95 13.88 13.81 13.75 13.68 13.63 13.60 13.59 13.58 13.57 13.56 13.56 13.55 13.55 13.54 13.54 13.53 13.52 13.52 13.51 13.51 13.50 13.50 13.49 13.49
15.54 15.53 15.52 15.50 15.49 15.47 15.46 15.44 15.43 15.41 15.39 15.38 15.37 15.35 15.33 15.31 15.30 15.27 15.26 15.23 15.21 15.20 15.17 15.15 15.12 15.10 15.06 15.04 15.02 14.98 14.96 14.93 14.89 14.86 14.83 14.79 14.76 14.73 14.68 14.64 14.61 14.56 14.52 14.47 14.43 14.37 14.33 14.28 14.23 14.17 14.11 14.05 14.00 13.93 13.87 13.80 13.73 13.66 13.60 13.56 13.54 13.54 13.53 13.51 13.51 13.50 13.50 13.49 13.49 13.48 13.47 13.47 13.46 13.46 13.45 13.45 13.44
15.51 15.49 15.49 15.47 15.46 15.44 15.43 15.42 15.41 15.39 15.38 15.35 15.34 15.32 15.31 15.29 15.27 15.26 15.23 15.22 15.19 15.18 15.15 15.13 15.11 15.08 15.06 15.03 15.01 14.98 14.95 14.92 14.90 14.86 14.83 14.80 14.76 14.73 14.70 14.65 14.62 14.58 14.54 14.49 14.45 14.40 14.36 14.30 14.25 14.20 14.15 14.09 14.03 13.98 13.92 13.85 13.79 13.71 13.65 13.58 13.52 13.50 13.49 13.48 13.47 13.47 13.46 13.46 13.45 13.45 13.44 13.44 13.43 13.43 13.42 13.42 13.41
15.48 15.47 15.45 15.45 15.43 15.42 15.40 15.40 15.38 15.37 15.35 15.34 15.32 15.31 15.28 15.27 15.25 15.24 15.21 15.20 15.18 15.16 15.14 15.11 15.09 15.08 15.05 15.03 14.99 14.97 14.95 14.92 14.89 14.86 14.83 14.80 14.77 14.73 14.70 14.67 14.62 14.59 14.55 14.51 14.46 14.42 14.38 14.33 14.28 14.23 14.18 14.13 14.08 14.01 13.96 13.90 13.84 13.77 13.71 13.64 13.57 13.50 13.46 13.44 13.43 13.42 13.42 13.41 13.41 13.40 13.40 13.39 13.39 13.38 13.38 13.37 13.37
15.45 15.44 15.43 15.41 15.40 15.39 15.37 15.36 15.35 15.34 15.32 15.31 15.29 15.28 15.26 15.25 15.23 15.21 15.20 15.17 15.16 15.13 15.12 15.10 15.08 15.06 15.04 15.01 14.99 14.96 14.94 14.92 14.88 14.86 14.83 14.79 14.77 14.74 14.70 14.67 14.64 14.60 14.56 14.52 14.48 14.44 14.39 14.35 14.31 14.26 14.21 14.16 14.11 14.06 14.00 13.95 13.88 13.82 13.76 13.69 13.63 13.56 13.49 13.44 13.41 13.38 13.37 13.37 13.36 13.36 13.35 13.35 13.35 13.34 13.35 13.34 13.34
15.42 15.40 15.40 15.38 15.38 15.36 15.35 15.33 15.33 15.31 15.30 15.28 15.27 15.25 15.24 15.22 15.21 15.20 15.17 15.16 15.14 15.12 15.10 15.08 15.07 15.04 15.02 14.99 14.98 14.96 14.93 14.90 14.88 14.85 14.82 14.80 14.76 14.74 14.71 14.67 14.64 14.61 14.57 14.53 14.49 14.46 14.42 14.37 14.33 14.28 14.24 14.19 14.14 14.09 14.04 13.98 13.93 13.87 13.80 13.74 13.68 13.61 13.55 13.48 13.42 13.37 13.35 13.34 13.33 13.33 13.32 13.32 13.31 13.31 13.30 13.30 13.30
15.39 15.38 15.36 15.36 15.34 15.34 15.32 15.30 15.30 15.29 15.27 15.26 15.24 15.23 15.21 15.20 15.18 15.17 15.15 15.14 15.12 15.10 15.09 15.06 15.05 15.03 15.00 14.99 14.96 14.94 14.92 14.89 14.87 14.85 14.81 14.79 14.77 14.73 14.70 14.68 14.65 14.61 14.58 14.54 14.51 14.46 14.43 14.39 14.35 14.30 14.26 14.22 14.17 14.12 14.07 14.02 13.96 13.91 13.85 13.80 13.74 13.68 13.61 13.54 13.47 13.40 13.34 13.31 13.29 13.28 13.28 13.27 13.27 13.27 13.26 13.26 13.25
15.35 15.35 15.33 15.33 15.31 15.30 15.29 15.28 15.26 15.26 15.24 15.23 15.21 15.20 15.19 15.17 15.16 15.14 15.13 15.11 15.10 15.09 15.06 15.05 15.03 15.01 14.99 14.97 14.95 14.92 14.91 14.89 14.86 14.84 14.81 14.78 14.76 14.73 14.71 14.67 14.65 14.62 14.58 14.55 14.51 14.48 14.44 14.40 14.36 14.33 14.29 14.24 14.19 14.15 14.10 14.05 14.00 13.95 13.89 13.84 13.78 13.72 13.66 13.60 13.53 13.47 13.40 13.33 13.28 13.26 13.25 13.24 13.24 13.23 13.23 13.22 13.22
15.33 15.31 15.31 15.29 15.29 15.27 15.26 15.25 15.24 15.22 15.22 15.20 15.19 15.17 15.17 15.15 15.14 15.13 15.11 15.10 15.07 15.06 15.04 15.03 15.01 14.99 14.97 14.96 14.93 14.92 14.89 14.87 14.85 14.83 14.80 14.78 14.76 14.73 14.70 14.68 14.64 14.61 14.59 14.56 14.52 14.49 14.45 14.42 14.37 14.34 14.30 14.26 14.22 14.18 14.13 14.08 14.03 13.98 13.93 13.88 13.83 13.76 13.71 13.65 13.59 13.52 13.46 13.39 13.32 13.26 13.22 13.20 13.19 13.19 13.19 13.18 13.18
15.29 15.29 15.27 15.26 15.25 15.24 15.23 15.22 15.21 15.20 15.19 15.18 15.16 15.15 15.14 15.13 15.11 15.10 15.09 15.07 15.06 15.04 15.03 15.01 14.99 14.98 14.95 14.94 14.92 14.90 14.88 14.86 14.84 14.82 14.80 14.77 14.75 14.73 14.69 14.67 14.65 14.62 14.58 14.56 14.53 14.49 14.46 14.43 14.39 14.36 14.32 14.28 14.24 14.20 14.16 14.11 14.07 14.01 13.96 13.92 13.87 13.81 13.76 13.70 13.64 13.58 13.52 13.46 13.38 13.31 13.24 13.20 13.16 13.15 13.15 13.15 13.15
15.26 15.25 15.24 15.23 15.22 15.21 15.20 15.19 15.18 15.17 15.15 15.15 15.14 15.12 15.12 15.10 15.09 15.07 15.06 15.04 15.03 15.02 15.00 14.99 14.97 14.95 14.94 14.92 14.90 14.89 14.86 14.85 14.83 14.80 14.78 14.77 14.74 14.71 14.69 14.66 14.64 14.61 14.59 14.55 14.53 14.50 14.47 14.43 14.40 14.37 14.33 14.30 14.26 14.21 14.17 14.13 14.09 14.05 14.00 13.96 13.91 13.85 13.80 13.74 13.69 13.63 13.57 13.51 13.44 13.38 13.31 13.24 13.18 13.13 13.12 13.11 13.11
