main/data/temperature/02.08.2023.grid
ncols 886
nrows 691
xllcenter 112.0000
yllcenter -44.5000
cellsize 0.0500
nodata_value 99999.90
[rows 374 to 407 of 691, columns 462 to 538 of 886]
23.88 23.82 23.70 23.79 23.75 23.85 23.78 23.72 23.63 23.65 23.67 23.67 23.70 23.57 23.45 23.37 23.32 23.34 23.28 22.79 22.95 23.24 23.40 23.54 23.50 23.61 23.67 23.75 23.82 23.89 24.05 23.98 24.07 24.02 24.10 24.28 24.31 24.41 24.39 24.39 24.39 24.39 24.38 24.38 24.32 24.33 24.38 24.38 24.38 24.37 24.37 24.37 24.18 24.38 24.30 24.31 24.28 24.29 24.22 24.28 24.17 24.23 24.20 24.25 24.25 24.27 24.18 24.25 24.30 24.29 24.29 24.22 24.23 24.22 24.25 24.22 24.07
23.88 23.87 23.86 23.78 23.71 23.84 23.83 23.72 23.66 23.48 23.58 23.60 23.69 23.54 23.42 23.36 23.29 23.43 23.25 23.33 23.19 23.33 23.30 23.46 23.55 23.68 23.67 23.79 23.77 23.76 23.95 23.98 23.96 24.10 24.14 24.26 24.37 24.27 24.35 24.35 24.35 24.35 24.34 24.34 24.23 24.33 24.33 24.33 24.33 24.32 24.32 24.32 24.32 24.12 24.14 24.18 24.24 24.19 24.23 24.20 24.19 24.24 24.24 24.25 24.14 24.15 24.14 24.20 24.23 24.23 24.16 24.15 24.13 24.08 24.11 24.08 24.17
23.86 23.80 23.84 23.83 23.85 23.83 23.81 23.79 23.73 23.65 23.57 23.58 23.66 23.55 23.40 23.30 23.14 23.36 23.49 23.48 23.36 23.42 23.42 23.48 23.53 23.56 23.61 23.75 23.77 23.79 23.82 23.84 23.91 24.02 23.94 24.14 24.32 24.32 24.32 24.31 24.31 24.30 24.20 24.30 24.20 24.29 24.29 24.28 24.28 24.28 24.26 24.26 24.26 24.26 24.13 24.00 24.09 24.05 24.02 24.12 24.16 24.06 24.12 23.97 24.05 24.09 24.10 24.17 24.12 24.07 24.04 23.91 23.90 23.89 23.78 24.07 24.11
23.77 23.75 23.79 23.82 23.82 23.79 23.77 23.76 23.75 23.73 23.66 23.52 23.62 23.52 23.45 23.35 23.25 23.40 23.45 23.52 23.54 23.56 23.46 23.58 23.66 23.68 23.59 23.68 23.73 23.77 23.81 23.76 23.85 23.85 23.82 24.02 24.29 24.28 24.28 24.27 24.27 24.27 24.08 24.26 24.25 24.20 24.24 24.23 24.23 24.22 24.21 24.21 24.20 24.20 24.07 23.99 23.93 24.05 24.08 23.99 24.09 23.95 24.03 24.05 24.04 24.03 23.96 23.97 24.00 23.87 23.93 23.84 23.83 23.68 23.82 23.94 24.09
23.78 23.78 23.73 23.71 23.65 23.70 23.70 23.72 23.73 23.70 23.69 23.59 23.53 23.56 23.41 23.35 23.39 23.42 23.45 23.55 23.55 23.59 23.57 23.58 23.57 23.70 23.72 23.74 23.64 23.70 23.79 23.81 23.92 23.97 23.85 23.86 24.14 24.25 24.24 24.24 24.23 24.08 24.22 24.13 24.21 24.05 24.07 24.19 24.18 24.17 24.16 24.15 24.14 24.14 24.07 24.00 23.86 23.94 24.02 24.01 23.95 23.99 23.94 23.93 23.85 23.90 23.81 23.94 23.88 23.76 23.74 23.77 23.58 23.70 23.66 23.91 24.07
23.69 23.66 23.62 23.59 23.58 23.59 23.62 23.66 23.68 23.67 23.66 23.52 23.46 23.57 23.53 23.45 23.49 23.50 23.57 23.55 23.57 23.53 23.54 23.63 23.57 23.71 23.65 23.68 23.56 23.66 23.69 23.80 23.88 23.94 23.89 23.85 24.05 24.21 24.21 24.20 24.20 24.07 23.93 23.96 24.16 24.04 23.97 23.99 24.13 24.12 24.11 24.10 24.09 24.08 23.98 23.94 23.95 23.79 23.83 23.89 23.84 23.84 23.80 23.82 23.82 23.84 23.82 23.82 23.77 23.66 23.62 23.51 23.54 23.69 23.77 23.80 24.02
23.61 23.61 23.64 23.64 23.56 23.54 23.57 23.61 23.59 23.61 23.59 23.57 23.53 23.46 23.50 23.46 23.47 23.46 23.45 23.45 23.39 23.43 23.50 23.59 23.58 23.65 23.71 23.55 23.58 23.64 23.75 23.77 23.89 23.92 23.78 23.77 23.81 24.05 24.17 24.17 24.16 24.03 23.86 23.87 24.12 24.11 23.95 23.91 24.07 24.06 24.05 24.04 23.93 23.94 24.00 23.87 23.88 23.88 23.86 23.72 23.74 23.78 23.80 23.71 23.81 23.64 23.79 23.75 23.70 23.65 23.57 23.53 23.70 23.77 23.81 23.86 23.92
23.53 23.55 23.53 23.56 23.57 23.54 23.56 23.58 23.61 23.51 23.58 23.47 23.42 23.39 23.38 23.37 23.39 23.39 23.35 23.31 23.40 23.43 23.52 23.59 23.70 23.55 23.68 23.44 23.64 23.53 23.68 23.76 23.81 23.86 23.79 23.70 23.78 23.74 23.88 24.00 23.86 23.83 23.87 23.83 24.07 23.94 23.94 23.91 23.85 23.82 23.99 23.86 23.85 23.84 23.82 23.93 23.91 23.91 23.80 23.72 23.73 23.73 23.66 23.62 23.54 23.59 23.64 23.61 23.51 23.56 23.47 23.58 23.67 23.78 23.79 23.86 23.81
23.46 23.49 23.47 23.48 23.48 23.52 23.44 23.51 23.50 23.45 23.44 23.49 23.39 23.33 23.32 23.35 23.37 23.34 23.30 23.38 23.45 23.43 23.50 23.59 23.69 23.61 23.69 23.67 23.66 23.68 23.68 23.73 23.75 23.77 23.75 23.74 23.79 23.71 23.79 23.85 23.81 23.87 23.81 23.93 23.87 23.86 23.80 23.73 23.69 23.83 23.82 23.80 23.75 23.77 23.75 23.74 23.75 23.83 23.73 23.72 23.70 23.69 23.61 23.51 23.56 23.49 23.55 23.41 23.41 23.40 23.33 23.45 23.59 23.70 23.64 23.48 23.68
23.40 23.38 23.46 23.47 23.51 23.39 23.44 23.45 23.44 23.39 23.36 23.43 23.37 23.27 23.28 23.32 23.33 23.32 23.34 23.38 23.47 23.53 23.54 23.56 23.68 23.71 23.71 23.72 23.71 23.65 23.73 23.73 23.71 23.75 23.73 23.81 23.81 23.79 23.79 23.78 23.78 23.77 23.74 23.72 23.78 23.68 23.70 23.70 23.79 23.76 23.73 23.79 23.78 23.69 23.68 23.67 23.66 23.62 23.56 23.54 23.61 23.61 23.56 23.42 23.46 23.45 23.43 23.28 23.24 23.32 23.31 23.36 23.47 23.53 23.58 23.47 23.58
23.32 23.36 23.39 23.47 23.35 23.31 23.35 23.37 23.42 23.31 23.36 23.35 23.34 23.31 23.30 23.31 23.34 23.40 23.44 23.41 23.43 23.53 23.58 23.59 23.63 23.56 23.54 23.61 23.60 23.57 23.72 23.76 23.76 23.86 23.77 23.80 23.78 23.81 23.77 23.75 23.83 23.73 23.80 23.83 23.81 23.80 23.78 23.75 23.80 23.77 23.75 23.72 23.70 23.62 23.57 23.56 23.58 23.49 23.50 23.44 23.48 23.51 23.46 23.37 23.39 23.36 23.34 23.13 23.11 23.20 23.13 23.21 23.33 23.45 23.46 23.43 23.47
23.32 23.37 23.44 23.39 23.28 23.31 23.26 23.25 23.35 23.29 23.23 23.23 23.24 23.27 23.27 23.30 23.32 23.36 23.33 23.32 23.38 23.51 23.54 23.58 23.56 23.58 23.54 23.57 23.62 23.61 23.50 23.64 23.82 23.72 23.76 23.71 23.73 23.72 23.76 23.79 23.82 23.82 23.80 23.80 23.83 23.81 23.78 23.75 23.74 23.71 23.68 23.66 23.59 23.57 23.52 23.49 23.54 23.45 23.41 23.42 23.42 23.46 23.49 23.42 23.41 23.34 23.28 23.27 23.27 23.22 23.07 23.14 23.28 23.37 23.39 23.34 23.32
23.33 23.35 23.34 23.30 23.31 23.22 23.26 23.28 23.26 23.21 23.19 23.19 23.21 23.22 23.21 23.28 23.27 23.31 23.25 23.31 23.39 23.43 23.45 23.46 23.50 23.44 23.54 23.57 23.55 23.50 23.64 23.64 23.71 23.76 23.81 23.80 23.78 23.79 23.77 23.80 23.78 23.76 23.81 23.79 23.77 23.75 23.72 23.70 23.67 23.65 23.62 23.56 23.55 23.55 23.54 23.41 23.43 23.51 23.37 23.35 23.33 23.30 23.42 23.39 23.32 23.15 23.17 23.18 23.16 23.21 22.95 23.02 23.22 23.22 23.24 23.19 23.24
23.25 23.29 23.33 23.27 23.25 23.18 23.16 23.21 23.19 23.16 23.18 23.19 23.18 23.15 23.17 23.23 23.23 23.23 23.19 23.15 23.30 23.32 23.38 23.38 23.44 23.25 23.52 23.54 23.59 23.50 23.59 23.63 23.68 23.68 23.67 23.68 23.70 23.75 23.75 23.76 23.76 23.77 23.75 23.74 23.71 23.69 23.66 23.63 23.60 23.55 23.52 23.52 23.50 23.51 23.51 23.39 23.37 23.37 23.44 23.30 23.24 23.29 23.35 23.27 23.25 23.25 23.23 23.15 23.00 23.05 22.99 22.90 23.13 22.83 22.96 22.97 23.08
23.19 23.24 23.23 23.24 23.20 23.16 23.14 23.15 23.13 23.13 23.13 23.12 23.11 23.09 23.13 23.16 23.17 23.19 23.18 23.25 23.31 23.26 23.22 23.24 23.39 23.33 23.41 23.57 23.53 23.61 23.57 23.55 23.55 23.66 23.63 23.67 23.69 23.70 23.71 23.73 23.71 23.72 23.70 23.67 23.64 23.63 23.59 23.53 23.46 23.47 23.45 23.49 23.45 23.44 23.45 23.38 23.30 23.32 23.41 23.28 23.25 23.25 23.26 23.24 23.29 23.28 23.19 23.16 23.11 23.05 23.05 22.90 22.87 22.89 22.73 22.77 22.81
23.14 23.15 23.21 23.22 23.09 23.08 23.08 23.07 23.05 23.05 23.04 22.98 23.06 23.05 23.06 23.03 23.11 23.22 23.27 23.32 23.30 23.24 23.29 23.22 23.32 23.43 23.41 23.51 23.54 23.31 23.43 23.48 23.61 23.59 23.68 23.59 23.63 23.62 23.64 23.65 23.68 23.65 23.62 23.61 23.58 23.55 23.52 23.47 23.43 23.33 23.25 23.30 23.36 23.38 23.34 23.30 23.26 23.26 23.38 23.33 23.12 23.10 23.27 23.12 23.27 23.26 23.19 23.07 22.95 22.90 23.00 22.94 22.78 22.68 22.72 22.78 22.86
23.06 23.04 23.02 23.06 23.05 23.02 22.99 22.96 22.94 22.90 22.95 22.69 22.88 22.95 22.92 23.01 23.08 23.20 23.24 23.29 23.26 23.20 23.39 23.32 23.30 23.36 23.44 23.47 23.37 23.05 23.09 23.37 23.44 23.50 23.50 23.60 23.61 23.58 23.60 23.55 23.54 23.48 23.49 23.48 23.46 23.42 23.43 23.30 23.38 23.31 23.25 23.18 23.23 23.27 23.34 23.16 23.13 23.27 23.34 23.32 23.29 23.27 23.24 23.21 23.24 23.16 23.19 23.07 22.98 22.92 22.97 22.93 22.79 22.87 22.82 22.84 22.68
22.91 22.92 22.92 22.98 22.93 22.95 22.91 22.88 22.83 22.80 22.82 22.85 22.82 22.80 22.84 22.93 23.06 23.11 23.12 23.20 23.27 23.31 23.30 23.38 23.37 23.35 23.41 23.39 23.27 23.00 23.05 23.29 23.31 23.42 23.43 23.41 23.45 23.49 23.49 23.52 23.45 23.42 23.40 23.35 23.35 23.34 23.15 23.20 23.16 23.32 23.18 23.06 23.06 23.25 23.25 23.13 23.13 23.17 23.27 23.21 23.27 23.24 23.18 23.12 23.15 23.18 23.07 23.00 22.89 22.85 22.89 22.84 22.76 22.89 22.86 22.84 22.72
22.95 22.91 22.85 22.78 22.85 22.87 22.83 22.80 22.75 22.57 22.72 22.80 22.81 22.79 22.64 22.88 23.01 23.12 23.00 22.95 23.16 23.19 23.19 23.29 23.34 23.29 23.31 23.14 23.20 22.95 23.10 23.19 22.99 23.16 23.25 23.21 23.17 23.26 23.29 23.34 23.34 23.25 23.11 23.19 23.25 23.29 23.33 23.33 23.29 23.27 23.22 23.02 23.08 23.18 23.22 23.15 23.12 23.11 23.14 23.16 23.23 23.14 23.15 22.95 23.09 23.15 23.01 23.04 22.98 22.62 22.79 22.74 22.60 22.77 22.69 22.61 22.75
22.95 22.76 22.80 22.72 22.59 22.58 22.62 22.68 22.68 22.70 22.70 22.73 22.74 22.75 22.82 22.90 22.99 23.02 23.01 23.01 23.14 23.18 23.27 23.29 23.29 23.19 23.19 23.14 23.06 22.85 22.67 22.78 22.91 22.70 22.93 22.95 22.76 22.92 23.06 23.13 23.23 23.12 23.00 23.13 23.13 23.19 23.09 23.18 23.14 23.09 23.12 23.02 23.07 23.09 23.13 23.05 23.05 23.12 23.12 23.20 23.24 23.15 22.97 22.85 22.77 23.11 22.98 22.83 22.68 22.73 22.63 22.64 22.65 22.61 22.66 22.69 22.81
22.92 22.83 22.75 22.68 22.52 22.49 22.48 22.58 22.57 22.57 22.59 22.63 22.65 22.66 22.73 22.82 22.90 22.91 22.93 22.94 22.99 23.22 23.24 23.18 23.13 23.08 23.02 22.98 22.80 22.78 22.74 22.67 22.60 22.63 22.56 22.82 22.93 23.00 23.03 23.12 23.19 23.03 22.88 23.04 23.05 23.07 23.09 23.01 22.84 22.72 22.40 22.85 22.94 23.04 23.04 23.01 23.02 22.91 23.00 23.09 23.14 23.17 23.03 22.96 22.96 22.99 22.90 22.82 22.87 22.80 22.78 22.75 22.75 22.72 22.66 22.67 22.71
22.84 22.79 22.80 22.62 22.60 22.58 22.49 22.55 22.47 22.48 22.53 22.50 22.61 22.53 22.68 22.74 22.72 22.83 22.95 23.05 23.21 23.15 23.08 23.04 23.08 22.98 22.86 22.80 22.75 22.68 22.71 22.65 22.55 22.55 22.44 22.55 22.77 22.85 22.89 23.09 23.15 22.76 22.89 22.94 22.99 22.96 22.98 22.95 22.89 22.77 22.56 22.64 22.77 22.87 22.68 22.72 22.73 22.69 22.62 23.00 23.10 23.14 23.11 23.04 22.97 23.05 23.02 22.98 22.93 22.93 22.91 22.84 22.87 22.88 22.82 22.74 22.64
22.91 22.89 22.83 22.72 22.66 22.63 22.51 22.60 22.68 22.69 22.73 22.71 22.73 22.77 22.79 22.73 22.70 22.71 22.76 23.02 23.17 22.79 22.90 22.94 23.00 22.90 22.64 22.64 22.69 22.72 22.63 22.67 22.59 22.67 22.70 22.72 22.71 22.67 22.73 22.83 23.04 22.69 22.75 22.75 22.84 22.92 22.81 22.90 22.91 22.56 22.17 22.49 22.60 22.58 22.34 22.60 22.80 22.41 22.39 22.85 23.01 23.10 23.04 23.10 23.12 23.11 23.08 23.05 22.99 22.97 22.88 22.89 22.84 22.86 22.82 22.77 22.71
22.93 22.87 22.82 22.72 22.61 22.67 22.63 22.71 22.75 22.79 22.76 22.81 22.85 22.89 22.86 22.82 22.72 22.70 22.71 22.84 23.00 22.77 22.88 22.87 22.83 22.76 22.73 22.61 22.34 22.46 22.43 22.43 22.41 22.57 22.54 22.57 22.40 22.38 22.51 22.87 22.72 22.67 22.47 22.55 22.76 22.85 22.43 22.45 22.77 22.73 22.53 22.02 22.23 21.88 22.21 22.37 22.76 22.73 22.02 22.70 22.96 22.99 23.13 23.11 23.03 23.06 22.98 23.07 22.93 23.05 22.99 22.93 22.90 22.90 22.82 22.75 22.66
22.86 22.83 22.74 22.76 22.52 22.69 22.59 22.66 22.75 22.83 22.86 22.87 22.87 22.91 22.91 22.88 22.79 22.73 22.74 22.73 22.74 22.87 22.80 22.86 22.65 22.62 22.56 22.30 22.23 22.39 22.38 22.38 22.42 22.30 22.43 22.17 22.24 22.13 22.23 22.63 22.70 22.50 22.36 22.45 22.51 22.71 22.73 22.64 22.43 22.50 22.50 22.16 21.47 21.86 21.91 22.30 22.52 22.00 22.13 22.64 22.88 23.03 23.15 23.11 23.13 23.04 22.95 22.97 23.03 23.00 23.03 22.93 22.91 22.92 22.92 22.67 22.66
22.92 22.87 22.85 22.71 22.63 22.63 22.62 22.60 22.68 22.80 22.84 22.86 22.86 22.87 22.89 22.91 22.91 22.80 22.75 22.76 22.69 22.67 22.69 22.72 22.63 22.53 22.47 22.34 22.24 22.27 22.37 22.30 22.28 22.19 22.23 22.19 22.15 22.12 22.18 22.47 22.44 22.41 22.32 22.37 22.45 22.40 22.45 22.43 22.43 22.45 22.50 22.35 21.57 21.85 22.16 22.19 22.06 22.32 22.13 21.97 22.62 23.01 23.16 23.13 23.13 23.14 23.05 22.96 22.93 22.89 22.98 22.93 22.88 22.90 22.89 22.78 22.56
22.87 22.92 22.83 22.71 22.59 22.67 22.66 22.62 22.62 22.69 22.69 22.74 22.79 22.78 22.85 22.85 22.83 22.85 22.89 22.82 22.70 22.61 22.61 22.65 22.52 22.38 22.36 22.32 22.21 22.24 22.27 22.27 22.20 22.07 22.15 22.20 22.14 22.14 22.18 22.34 22.28 22.29 22.29 22.29 22.33 22.34 22.53 22.96 22.60 22.63 22.61 22.50 22.28 22.22 22.26 22.22 22.09 22.08 22.12 22.23 22.53 22.74 22.80 23.17 23.19 23.19 23.11 23.04 22.94 22.93 22.83 22.90 22.86 22.88 22.88 22.69 22.40
22.89 22.83 22.77 22.63 22.68 22.63 22.70 22.63 22.69 22.53 22.55 22.67 22.70 22.69 22.76 22.83 22.84 22.85 22.77 22.85 22.88 22.63 22.69 22.60 22.54 22.44 22.30 22.28 22.26 22.24 22.18 22.21 22.19 22.12 22.10 22.12 22.18 22.14 22.20 22.28 22.28 22.29 22.42 22.27 22.33 22.32 22.59 22.91 22.67 22.58 22.60 22.49 22.46 22.46 22.45 22.31 22.23 22.00 22.20 22.53 22.68 22.87 22.99 23.08 23.20 23.21 23.13 23.10 23.04 22.91 22.89 22.80 22.77 22.81 22.84 22.73 22.18
22.80 22.83 22.73 22.70 22.73 22.68 22.59 22.65 22.70 22.65 22.58 22.60 22.63 22.57 22.74 22.79 22.79 22.80 22.75 22.78 22.80 22.80 22.69 22.56 22.52 22.49 22.29 22.28 22.26 22.21 22.23 22.20 22.18 22.13 22.11 22.15 22.29 22.23 22.24 22.26 22.30 22.38 22.48 22.34 22.50 22.65 22.57 22.65 22.66 22.61 22.59 22.61 22.53 22.57 22.57 22.54 22.38 22.42 22.32 22.32 22.72 23.03 23.03 23.15 23.15 23.18 23.19 23.14 23.07 22.95 22.94 22.82 22.62 22.61 22.74 22.60 22.22
22.76 22.72 22.69 22.64 22.70 22.71 22.62 22.60 22.64 22.67 22.71 22.66 22.57 22.62 22.62 22.68 22.77 22.79 22.77 22.72 22.79 22.75 22.69 22.65 22.53 22.47 22.32 22.30 22.28 22.19 22.30 22.21 22.19 22.14 22.09 22.42 22.29 22.32 22.25 22.26 22.40 22.63 22.49 22.68 22.58 22.67 22.67 22.64 22.53 22.53 22.56 22.57 22.57 22.65 22.60 22.57 22.52 22.48 22.53 22.72 22.79 23.04 22.81 23.11 23.19 23.10 23.09 23.10 23.05 22.87 22.46 22.65 22.62 22.47 22.59 22.21 21.73
22.74 22.70 22.65 22.59 22.68 22.71 22.72 22.64 22.59 22.65 22.60 22.61 22.58 22.55 22.44 22.62 22.68 22.75 22.72 22.76 22.64 22.55 22.60 22.57 22.57 22.57 22.34 22.27 22.28 22.19 22.30 22.24 22.20 22.18 22.17 22.40 22.43 22.35 22.26 22.39 22.45 22.65 22.74 22.74 22.74 22.56 22.73 22.60 22.63 22.52 22.56 22.62 22.68 22.62 22.60 22.53 22.62 22.62 22.40 22.61 22.93 23.08 23.07 23.05 23.19 23.14 23.00 23.03 22.72 22.88 22.62 22.72 22.50 22.50 22.43 22.41 21.72
22.65 22.60 22.60 22.57 22.63 22.65 22.68 22.63 22.55 22.62 22.70 22.73 22.75 22.68 22.51 22.57 22.66 22.69 22.62 22.68 22.58 22.53 22.54 22.52 22.52 22.59 22.43 22.30 22.28 22.26 22.20 22.23 22.20 22.18 22.17 22.15 22.44 22.30 22.27 22.44 22.55 22.63 22.73 22.69 22.73 22.74 22.72 22.60 22.62 22.59 22.65 22.64 22.64 22.74 22.66 22.56 22.73 22.64 22.51 21.20 22.93 23.01 23.01 23.06 23.16 23.15 23.04 22.95 22.95 22.75 22.66 22.54 22.40 22.00 22.13 22.02 21.77
22.62 22.58 22.55 22.62 22.61 22.61 22.64 22.54 22.63 22.67 22.69 22.78 22.85 22.73 22.50 22.49 22.64 22.67 22.68 22.65 22.57 22.51 22.52 22.47 22.55 22.64 22.36 22.41 22.37 22.26 22.26 22.23 22.21 22.24 22.20 22.26 22.31 22.35 22.28 22.38 22.45 22.55 22.53 22.61 22.73 22.74 22.75 22.59 22.61 22.67 22.64 22.60 22.67 22.73 22.67 22.76 22.80 22.73 22.83 22.86 22.87 23.03 22.99 22.98 23.11 23.02 22.98 22.80 22.82 22.57 22.51 22.35 21.98 21.67 21.62 21.73 21.16
22.63 22.65 22.61 22.65 22.66 22.63 22.63 22.68 22.62 22.74 22.75 22.83 22.76 22.55 22.48 22.55 22.52 22.63 22.70 22.66 22.58 22.53 22.60 22.57 22.54 22.49 22.52 22.47 22.36 22.23 22.26 22.25 22.36 22.35 22.28 22.31 22.30 22.28 22.27 22.41 22.36 22.39 22.43 22.53 22.73 22.73 22.75 22.69 22.69 22.72 22.67 22.66 22.72 22.78 22.80 22.90 22.90 22.94 22.94 22.93 22.99 22.98 22.89 22.81 23.04 23.00 22.84 22.67 22.61 22.51 22.41 22.07 21.75 21.18 21.15 21.67 19.90
