main/data/temperature/02.04.2023.grid
ncols 886
nrows 691
xllcenter 112.0000
yllcenter -44.5000
cellsize 0.0500
nodata_value 99999.90
[rows 442 to 475 of 691, columns 0 to 76 of 886]
24.45 24.46 24.46 24.46 24.46 24.47 24.46 24.47 24.48 24.48 24.48 24.49 24.48 24.49 24.50 24.49 24.50 24.50 24.50 24.50 24.51 24.51 24.51 24.51 24.51 24.52 24.51 24.51 24.52 24.52 24.52 24.51 24.51 24.52 24.51 24.51 24.51 24.51 24.50 24.48 24.47 24.45 24.43 24.41 24.38 24.34 24.29 24.24 24.17 24.10 24.02 23.98 24.01 24.04 24.08 24.11 24.14 24.19 24.22 24.25 24.29 24.32 24.36 24.39 24.43 24.46 24.50 24.54 24.58 24.63 24.70 24.82 24.95 25.11 25.25 25.42 25.27
24.49 24.48 24.49 24.49 24.50 24.49 24.50 24.51 24.50 24.51 24.50 24.51 24.52 24.52 24.52 24.52 24.52 24.52 24.53 24.52 24.52 24.53 24.53 24.53 24.53 24.53 24.53 24.54 24.53 24.53 24.53 24.53 24.53 24.53 24.52 24.52 24.52 24.51 24.51 24.50 24.49 24.46 24.44 24.42 24.39 24.35 24.31 24.26 24.20 24.13 24.07 24.02 24.04 24.07 24.10 24.13 24.17 24.20 24.22 24.26 24.29 24.33 24.36 24.40 24.43 24.46 24.50 24.54 24.59 24.65 24.73 24.84 24.97 25.11 25.27 25.44 25.39
24.52 24.52 24.52 24.53 24.53 24.53 24.53 24.53 24.54 24.54 24.54 24.54 24.54 24.54 24.55 24.54 24.55 24.55 24.54 24.55 24.55 24.55 24.55 24.55 24.55 24.55 24.55 24.55 24.55 24.54 24.55 24.55 24.55 24.55 24.54 24.53 24.53 24.53 24.52 24.51 24.50 24.49 24.47 24.44 24.42 24.38 24.34 24.29 24.24 24.18 24.11 24.06 24.07 24.10 24.13 24.16 24.19 24.22 24.25 24.28 24.31 24.34 24.37 24.40 24.44 24.48 24.51 24.56 24.61 24.68 24.76 24.86 24.98 25.13 25.29 25.45 25.43
24.56 24.56 24.56 24.56 24.56 24.56 24.56 24.57 24.56 24.57 24.57 24.57 24.57 24.57 24.57 24.57 24.57 24.57 24.57 24.57 24.57 24.57 24.58 24.57 24.57 24.57 24.57 24.57 24.57 24.57 24.56 24.56 24.56 24.56 24.56 24.56 24.55 24.54 24.53 24.52 24.51 24.50 24.48 24.46 24.44 24.40 24.37 24.32 24.27 24.22 24.15 24.11 24.12 24.14 24.17 24.20 24.22 24.25 24.27 24.31 24.34 24.36 24.39 24.43 24.45 24.50 24.54 24.58 24.64 24.71 24.80 24.90 25.00 25.13 25.28 25.44 25.45
24.60 24.59 24.60 24.59 24.60 24.59 24.60 24.59 24.60 24.60 24.60 24.60 24.59 24.60 24.60 24.60 24.60 24.60 24.60 24.60 24.60 24.59 24.60 24.60 24.59 24.59 24.59 24.59 24.58 24.59 24.59 24.59 24.58 24.57 24.57 24.57 24.57 24.56 24.56 24.55 24.54 24.53 24.50 24.49 24.46 24.44 24.41 24.37 24.32 24.27 24.22 24.17 24.18 24.19 24.21 24.24 24.26 24.29 24.32 24.35 24.37 24.40 24.42 24.45 24.48 24.52 24.57 24.62 24.67 24.74 24.82 24.91 25.01 25.14 25.26 25.37 25.43
24.64 24.63 24.64 24.63 24.64 24.63 24.64 24.63 24.63 24.63 24.63 24.63 24.63 24.63 24.63 24.63 24.62 24.63 24.63 24.62 24.62 24.62 24.62 24.62 24.62 24.62 24.61 24.61 24.61 24.61 24.61 24.60 24.60 24.60 24.60 24.59 24.58 24.58 24.57 24.56 24.55 24.54 24.53 24.51 24.49 24.47 24.44 24.41 24.38 24.34 24.29 24.24 24.24 24.26 24.28 24.30 24.32 24.35 24.36 24.39 24.41 24.44 24.46 24.49 24.53 24.56 24.60 24.64 24.70 24.77 24.84 24.93 25.03 25.13 25.24 25.34 25.35
24.67 24.67 24.67 24.67 24.67 24.67 24.66 24.67 24.66 24.67 24.67 24.66 24.67 24.66 24.66 24.65 24.66 24.66 24.65 24.65 24.66 24.65 24.65 24.65 24.64 24.64 24.64 24.64 24.63 24.63 24.63 24.63 24.63 24.62 24.61 24.61 24.61 24.60 24.60 24.59 24.58 24.57 24.56 24.55 24.53 24.51 24.48 24.46 24.44 24.40 24.36 24.34 24.32 24.33 24.35 24.37 24.38 24.40 24.42 24.45 24.46 24.49 24.51 24.54 24.57 24.61 24.64 24.69 24.74 24.79 24.86 24.94 25.02 25.11 25.20 25.27 25.24
24.71 24.70 24.71 24.70 24.71 24.70 24.70 24.70 24.70 24.70 24.70 24.70 24.69 24.70 24.70 24.69 24.69 24.68 24.69 24.69 24.68 24.68 24.68 24.67 24.67 24.67 24.66 24.66 24.66 24.66 24.66 24.65 24.65 24.64 24.64 24.64 24.64 24.63 24.63 24.62 24.61 24.60 24.59 24.58 24.57 24.55 24.53 24.51 24.49 24.47 24.44 24.42 24.40 24.42 24.42 24.44 24.46 24.47 24.49 24.51 24.52 24.54 24.57 24.59 24.62 24.65 24.68 24.73 24.77 24.82 24.88 24.95 25.02 25.09 25.17 25.24 25.23
24.75 24.75 24.75 24.74 24.75 24.74 24.74 24.74 24.74 24.73 24.74 24.73 24.73 24.72 24.72 24.73 24.72 24.72 24.72 24.71 24.71 24.71 24.70 24.70 24.70 24.69 24.69 24.69 24.69 24.68 24.68 24.68 24.68 24.67 24.67 24.67 24.66 24.65 24.65 24.64 24.63 24.63 24.63 24.62 24.61 24.59 24.58 24.57 24.56 24.54 24.53 24.51 24.51 24.51 24.52 24.53 24.54 24.56 24.56 24.58 24.60 24.62 24.63 24.65 24.67 24.70 24.73 24.77 24.81 24.86 24.90 24.96 25.02 25.08 25.14 25.11 25.23
24.79 24.79 24.79 24.79 24.79 24.78 24.77 24.78 24.77 24.77 24.76 24.77 24.77 24.76 24.76 24.75 24.75 24.76 24.75 24.75 24.75 24.74 24.74 24.74 24.73 24.73 24.73 24.73 24.71 24.71 24.71 24.71 24.71 24.70 24.70 24.69 24.68 24.68 24.68 24.67 24.66 24.66 24.66 24.65 24.65 24.64 24.63 24.63 24.62 24.62 24.61 24.61 24.61 24.62 24.63 24.63 24.64 24.65 24.66 24.67 24.68 24.70 24.71 24.72 24.75 24.77 24.79 24.81 24.85 24.89 24.93 24.97 25.02 25.07 25.03 25.15 25.18
24.83 24.83 24.82 24.83 24.82 24.82 24.81 24.82 24.81 24.81 24.80 24.81 24.80 24.80 24.80 24.79 24.79 24.78 24.78 24.78 24.77 24.77 24.77 24.76 24.76 24.76 24.76 24.75 24.75 24.75 24.74 24.74 24.74 24.73 24.72 24.72 24.72 24.71 24.71 24.70 24.70 24.70 24.70 24.69 24.69 24.68 24.69 24.69 24.70 24.70 24.71 24.71 24.73 24.74 24.74 24.75 24.75 24.75 24.76 24.77 24.78 24.78 24.79 24.80 24.82 24.84 24.85 24.87 24.90 24.92 24.96 24.99 25.02 25.03 25.10 25.13 25.14
24.87 24.87 24.87 24.87 24.86 24.86 24.86 24.86 24.85 24.85 24.84 24.84 24.84 24.84 24.83 24.83 24.82 24.82 24.82 24.81 24.81 24.81 24.80 24.80 24.80 24.80 24.78 24.78 24.78 24.78 24.77 24.76 24.76 24.76 24.76 24.75 24.75 24.74 24.74 24.74 24.73 24.74 24.74 24.73 24.73 24.74 24.74 24.75 24.76 24.78 24.80 24.82 24.85 24.87 24.87 24.87 24.87 24.88 24.88 24.88 24.89 24.89 24.90 24.90 24.90 24.91 24.93 24.94 24.96 24.98 25.00 25.02 25.05 25.07 24.96 25.10 25.10
24.91 24.92 24.91 24.90 24.90 24.89 24.90 24.89 24.89 24.88 24.88 24.87 24.88 24.88 24.87 24.87 24.86 24.86 24.86 24.85 24.85 24.85 24.84 24.83 24.83 24.82 24.82 24.82 24.82 24.80 24.80 24.80 24.79 24.79 24.79 24.78 24.78 24.78 24.77 24.77 24.78 24.78 24.78 24.78 24.79 24.79 24.80 24.82 24.84 24.87 24.90 24.94 24.98 25.00 25.01 25.01 25.00 25.01 25.01 25.01 25.01 25.00 25.00 25.01 25.01 25.01 25.02 25.03 25.03 25.04 25.06 25.07 25.09 24.89 25.11 25.06 25.07
24.95 24.95 24.95 24.94 24.94 24.94 24.94 24.93 24.93 24.92 24.92 24.91 24.91 24.91 24.91 24.90 24.90 24.90 24.89 24.88 24.88 24.87 24.87 24.87 24.86 24.86 24.86 24.85 24.85 24.84 24.83 24.83 24.83 24.83 24.82 24.82 24.81 24.81 24.81 24.81 24.82 24.82 24.82 24.83 24.84 24.85 24.87 24.89 24.92 24.96 25.01 25.06 25.12 25.14 25.15 25.14 25.15 25.15 25.15 25.14 25.15 25.14 25.14 25.13 25.13 25.13 25.12 25.13 25.12 25.13 25.14 25.13 25.15 25.07 25.15 25.09 25.04
25.00 24.99 24.99 24.98 24.98 24.98 24.98 24.97 24.96 24.96 24.95 24.95 24.95 24.94 24.94 24.93 24.93 24.93 24.92 24.92 24.91 24.91 24.91 24.90 24.90 24.89 24.89 24.89 24.88 24.87 24.87 24.87 24.86 24.86 24.86 24.85 24.85 24.85 24.84 24.85 24.85 24.86 24.86 24.88 24.89 24.91 24.94 24.97 25.01 25.06 25.11 25.18 25.26 25.28 25.28 25.29 25.29 25.30 25.30 25.30 25.29 25.29 25.27 25.27 25.26 25.26 25.25 25.24 25.23 25.23 25.23 25.23 25.22 24.98 24.89 25.18 25.11
25.04 25.03 25.03 25.02 25.02 25.02 25.01 25.01 25.00 25.00 24.99 24.99 24.98 24.98 24.98 24.97 24.97 24.96 24.96 24.96 24.95 24.95 24.95 24.93 24.93 24.93 24.93 24.91 24.91 24.91 24.91 24.90 24.90 24.89 24.89 24.89 24.89 24.88 24.89 24.89 24.89 24.91 24.91 24.92 24.95 24.97 25.01 25.05 25.11 25.16 25.24 25.32 25.39 25.41 25.42 25.44 25.44 25.44 25.45 25.45 25.45 25.44 25.43 25.42 25.42 25.40 25.39 25.38 25.37 25.36 25.35 25.33 25.32 25.21 25.18 25.23 25.17
25.08 25.07 25.06 25.06 25.06 25.06 25.05 25.05 25.04 25.04 25.03 25.03 25.02 25.02 25.01 25.01 25.01 25.00 25.00 24.99 24.99 24.98 24.98 24.97 24.97 24.97 24.96 24.96 24.95 24.94 24.94 24.94 24.93 24.93 24.93 24.92 24.92 24.93 24.93 24.93 24.93 24.95 24.96 24.98 25.01 25.04 25.09 25.13 25.20 25.28 25.37 25.46 25.51 25.53 25.55 25.57 25.59 25.60 25.60 25.61 25.60 25.60 25.60 25.58 25.58 25.57 25.54 25.53 25.52 25.50 25.49 25.47 25.45 25.44 25.40 25.21 25.33
25.12 25.11 25.10 25.10 25.10 25.10 25.09 25.09 25.08 25.08 25.07 25.07 25.06 25.06 25.05 25.05 25.04 25.04 25.04 25.03 25.02 25.02 25.01 25.01 25.01 25.00 25.00 24.99 24.98 24.98 24.98 24.97 24.97 24.97 24.96 24.96 24.97 24.97 24.97 24.97 24.99 24.99 25.02 25.04 25.07 25.11 25.16 25.23 25.31 25.41 25.51 25.58 25.62 25.65 25.68 25.69 25.72 25.73 25.75 25.75 25.77 25.76 25.76 25.75 25.74 25.74 25.71 25.70 25.68 25.66 25.64 25.62 25.60 25.59 25.43 25.25 25.40
25.16 25.15 25.14 25.14 25.13 25.14 25.13 25.12 25.12 25.11 25.11 25.11 25.10 25.10 25.09 25.09 25.08 25.08 25.07 25.06 25.06 25.06 25.05 25.04 25.04 25.04 25.04 25.02 25.02 25.02 25.01 25.01 25.01 25.00 25.00 25.01 25.01 25.01 25.01 25.02 25.03 25.05 25.07 25.10 25.14 25.19 25.25 25.33 25.43 25.54 25.63 25.67 25.72 25.75 25.79 25.82 25.85 25.86 25.89 25.91 25.91 25.92 25.92 25.92 25.91 25.91 25.89 25.87 25.86 25.83 25.81 25.79 25.78 25.75 25.68 25.57 25.55
25.20 25.19 25.18 25.18 25.17 25.16 25.17 25.16 25.16 25.15 25.15 25.14 25.14 25.14 25.13 25.13 25.11 25.11 25.11 25.10 25.10 25.10 25.08 25.08 25.08 25.08 25.06 25.06 25.06 25.05 25.05 25.05 25.04 25.04 25.05 25.04 25.04 25.04 25.06 25.06 25.07 25.10 25.12 25.16 25.21 25.27 25.35 25.44 25.55 25.66 25.72 25.76 25.81 25.85 25.88 25.92 25.96 25.99 26.02 26.05 26.06 26.07 26.08 26.09 26.09 26.08 26.06 26.05 26.03 26.01 25.98 25.97 25.95 25.94 25.86 25.83 25.76
25.22 25.23 25.22 25.22 25.21 25.20 25.20 25.19 25.19 25.18 25.18 25.17 25.17 25.16 25.16 25.16 25.15 25.15 25.14 25.14 25.13 25.12 25.12 25.12 25.12 25.11 25.11 25.10 25.09 25.09 25.08 25.08 25.08 25.08 25.08 25.08 25.08 25.08 25.10 25.11 25.13 25.15 25.19 25.23 25.29 25.35 25.44 25.55 25.66 25.74 25.79 25.84 25.89 25.94 25.98 26.02 26.07 26.11 26.14 26.17 26.20 26.22 26.24 26.24 26.24 26.24 26.23 26.23 26.21 26.19 26.17 26.14 26.13 26.13 26.05 25.97 26.02
25.26 25.26 25.25 25.26 25.25 25.24 25.24 25.23 25.23 25.22 25.22 25.21 25.21 25.20 25.20 25.20 25.19 25.19 25.17 25.17 25.17 25.16 25.16 25.15 25.15 25.15 25.14 25.13 25.13 25.12 25.12 25.12 25.11 25.12 25.12 25.12 25.12 25.13 25.14 25.16 25.18 25.21 25.24 25.30 25.36 25.44 25.55 25.66 25.74 25.81 25.86 25.91 25.96 26.01 26.07 26.12 26.16 26.21 26.25 26.29 26.32 26.35 26.37 26.39 26.40 26.41 26.41 26.39 26.38 26.36 26.34 26.32 26.30 26.30 26.19 26.10 26.27
25.30 25.30 25.29 25.29 25.28 25.27 25.27 25.27 25.27 25.26 25.26 25.25 25.25 25.24 25.23 25.23 25.22 25.22 25.21 25.21 25.21 25.20 25.19 25.19 25.19 25.18 25.18 25.17 25.16 25.16 25.16 25.16 25.16 25.16 25.16 25.16 25.17 25.17 25.18 25.20 25.23 25.26 25.31 25.37 25.45 25.54 25.65 25.75 25.81 25.86 25.92 25.98 26.03 26.08 26.14 26.19 26.25 26.30 26.35 26.40 26.44 26.48 26.50 26.53 26.55 26.55 26.56 26.56 26.54 26.52 26.51 26.48 26.47 26.48 26.49 26.36 26.45
25.33 25.33 25.32 25.33 25.32 25.31 25.31 25.30 25.30 25.29 25.29 25.28 25.28 25.27 25.27 25.26 25.26 25.26 25.24 25.24 25.24 25.23 25.23 25.22 25.22 25.22 25.21 25.20 25.20 25.20 25.20 25.20 25.19 25.19 25.19 25.20 25.21 25.21 25.23 25.25 25.28 25.32 25.37 25.43 25.52 25.62 25.73 25.82 25.87 25.92 25.98 26.04 26.09 26.15 26.21 26.27 26.33 26.38 26.44 26.49 26.54 26.59 26.62 26.66 26.68 26.70 26.71 26.71 26.71 26.69 26.66 26.64 26.62 26.63 26.67 26.67 26.66
25.36 25.37 25.36 25.36 25.35 25.34 25.34 25.33 25.33 25.32 25.32 25.31 25.31 25.30 25.30 25.29 25.29 25.29 25.28 25.28 25.27 25.26 25.26 25.26 25.25 25.25 25.25 25.24 25.24 25.24 25.23 25.23 25.23 25.23 25.23 25.24 25.24 25.26 25.27 25.30 25.33 25.37 25.43 25.51 25.60 25.71 25.80 25.86 25.92 25.97 26.03 26.09 26.14 26.21 26.28 26.34 26.40 26.47 26.52 26.58 26.64 26.69 26.74 26.77 26.81 26.84 26.86 26.86 26.86 26.85 26.83 26.80 26.76 26.78 26.86 26.90 26.93
25.39 25.40 25.39 25.39 25.38 25.37 25.37 25.36 25.37 25.36 25.36 25.35 25.35 25.34 25.34 25.32 25.32 25.32 25.31 25.31 25.31 25.30 25.29 25.29 25.29 25.28 25.28 25.28 25.27 25.27 25.27 25.27 25.26 25.26 25.26 25.27 25.28 25.30 25.31 25.34 25.38 25.43 25.49 25.57 25.67 25.78 25.85 25.90 25.95 26.02 26.08 26.13 26.19 26.27 26.33 26.40 26.47 26.54 26.60 26.66 26.73 26.78 26.84 26.89 26.93 26.96 26.99 27.00 27.02 27.02 27.01 26.98 26.95 26.91 26.98 27.01 26.97
25.43 25.43 25.42 25.42 25.41 25.40 25.40 25.40 25.40 25.39 25.39 25.38 25.38 25.37 25.37 25.36 25.36 25.35 25.34 25.34 25.34 25.34 25.32 25.32 25.32 25.32 25.31 25.31 25.31 25.30 25.30 25.30 25.30 25.30 25.31 25.31 25.32 25.34 25.36 25.39 25.43 25.48 25.55 25.63 25.74 25.84 25.89 25.94 26.00 26.05 26.11 26.18 26.24 26.31 26.38 26.45 26.52 26.60 26.67 26.74 26.80 26.87 26.93 26.99 27.04 27.08 27.12 27.14 27.17 27.18 27.19 27.19 27.19 27.09 27.22 27.20 27.18
25.45 25.46 25.45 25.45 25.44 25.43 25.43 25.42 25.43 25.42 25.42 25.41 25.41 25.40 25.40 25.39 25.39 25.38 25.37 25.37 25.37 25.37 25.36 25.35 25.35 25.35 25.34 25.34 25.34 25.33 25.33 25.33 25.33 25.33 25.34 25.34 25.36 25.37 25.40 25.42 25.47 25.53 25.60 25.70 25.80 25.87 25.92 25.98 26.03 26.09 26.15 26.21 26.28 26.35 26.43 26.50 26.57 26.65 26.72 26.80 26.87 26.94 27.01 27.07 27.14 27.18 27.24 27.28 27.31 27.34 27.37 27.40 27.33 27.31 27.34 27.41 27.23
25.49 25.48 25.47 25.48 25.47 25.46 25.46 25.45 25.45 25.44 25.45 25.44 25.44 25.43 25.43 25.42 25.41 25.41 25.40 25.40 25.40 25.40 25.39 25.38 25.38 25.38 25.37 25.37 25.37 25.37 25.36 25.36 25.36 25.37 25.37 25.37 25.39 25.40 25.43 25.46 25.51 25.57 25.65 25.74 25.84 25.89 25.95 26.00 26.06 26.12 26.18 26.25 26.31 26.38 26.46 26.53 26.61 26.70 26.77 26.85 26.93 27.00 27.08 27.16 27.22 27.29 27.35 27.41 27.45 27.50 27.55 27.55 27.55 27.56 27.59 27.48 27.21
25.52 25.51 25.50 25.50 25.49 25.49 25.49 25.48 25.48 25.47 25.47 25.46 25.46 25.45 25.45 25.45 25.44 25.44 25.43 25.43 25.43 25.43 25.41 25.41 25.41 25.41 25.40 25.40 25.40 25.39 25.39 25.39 25.39 25.40 25.40 25.41 25.42 25.44 25.47 25.50 25.55 25.60 25.68 25.78 25.87 25.92 25.97 26.02 26.07 26.13 26.20 26.26 26.33 26.41 26.48 26.56 26.64 26.73 26.81 26.89 26.97 26.96 27.14 27.22 27.30 27.37 27.44 27.51 27.57 27.64 27.68 27.74 27.75 27.75 27.75 27.34 27.46
25.54 25.53 25.52 25.53 25.52 25.52 25.51 25.50 25.51 25.50 25.50 25.49 25.49 25.48 25.48 25.48 25.47 25.47 25.46 25.46 25.45 25.45 25.45 25.44 25.44 25.43 25.43 25.43 25.42 25.42 25.42 25.42 25.42 25.43 25.43 25.44 25.45 25.47 25.49 25.53 25.58 25.64 25.71 25.82 25.88 25.93 25.98 26.03 26.08 26.14 26.21 26.27 26.35 26.42 26.50 26.58 26.66 26.74 26.83 26.92 27.00 26.41 27.08 27.27 27.36 27.44 27.53 27.61 27.68 27.75 27.74 27.78 27.87 27.79 27.34 27.49 27.67
25.56 25.55 25.55 25.55 25.54 25.54 25.54 25.53 25.53 25.52 25.52 25.51 25.51 25.50 25.50 25.50 25.49 25.49 25.49 25.48 25.48 25.48 25.48 25.46 25.46 25.46 25.46 25.45 25.45 25.45 25.45 25.44 25.45 25.45 25.45 25.47 25.48 25.50 25.52 25.56 25.60 25.67 25.74 25.83 25.89 25.93 25.99 26.03 26.09 26.14 26.21 26.28 26.35 26.42 26.50 26.58 26.66 26.76 26.84 26.93 27.02 26.67 27.00 27.29 27.40 27.50 27.59 27.67 27.76 27.76 27.81 27.81 27.88 27.63 27.96 27.96 27.76
25.58 25.57 25.58 25.57 25.56 25.56 25.56 25.55 25.55 25.54 25.54 25.53 25.53 25.54 25.53 25.53 25.52 25.52 25.50 25.50 25.50 25.50 25.49 25.49 25.49 25.48 25.48 25.48 25.48 25.47 25.47 25.47 25.48 25.48 25.48 25.49 25.50 25.52 25.54 25.57 25.62 25.68 25.76 25.84 25.89 25.93 25.98 26.03 26.08 26.14 26.21 26.27 26.34 26.42 26.49 26.57 26.65 26.75 26.84 26.93 26.19 26.75 26.78 27.17 27.33 27.46 27.54 27.62 27.71 27.77 27.78 27.71 27.66 27.83 27.80 27.68 27.70
25.60 25.59 25.60 25.59 25.58 25.58 25.58 25.58 25.57 25.56 25.56 25.55 25.56 25.55 25.55 25.55 25.54 25.54 25.54 25.53 25.52 25.52 25.52 25.51 25.51 25.51 25.50 25.50 25.50 25.50 25.49 25.50 25.50 25.50 25.50 25.51 25.52 25.54 25.55 25.59 25.63 25.69 25.76 25.83 25.87 25.91 25.96 26.01 26.07 26.12 26.18 26.25 26.32 26.39 26.47 26.55 26.63 26.73 26.82 26.91 26.78 26.45 26.77 26.97 27.17 27.34 27.44 27.56 27.63 27.60 27.22 27.47 27.40 27.66 27.72 27.61 27.50
