main/data/temperature/02.08.2023.grid
ncols 886
nrows 691
xllcenter 112.0000
yllcenter -44.5000
cellsize 0.0500
nodata_value 99999.90
[rows 476 to 509 of 691, columns 308 to 384 of 886]
27.75 27.77 27.80 27.82 27.85 27.87 27.89 27.91 27.92 27.94 27.95 27.96 27.97 27.97 27.98 27.97 27.98 27.98 27.97 27.96 27.95 27.94 27.92 27.90 27.88 27.85 27.83 27.80 27.77 27.74 27.71 27.66 27.62 27.58 27.54 27.48 27.43 27.38 27.33 27.26 27.21 27.15 27.08 27.01 26.94 26.87 26.78 26.71 26.63 26.54 26.45 26.37 26.28 26.19 26.10 26.01 25.91 25.82 25.73 25.64 25.54 25.45 25.36 25.28 25.19 25.09 25.01 24.92 24.84 24.75 24.67 24.59 24.52 24.45 24.36 24.29 24.22
27.69 27.71 27.74 27.76 27.79 27.81 27.84 27.85 27.87 27.88 27.89 27.90 27.91 27.92 27.92 27.92 27.92 27.91 27.91 27.91 27.89 27.88 27.87 27.85 27.83 27.80 27.77 27.74 27.72 27.68 27.65 27.61 27.56 27.52 27.48 27.43 27.37 27.32 27.27 27.21 27.14 27.08 27.02 26.95 26.86 26.79 26.71 26.62 26.54 26.46 26.38 26.28 26.20 26.11 26.01 25.92 25.83 25.74 25.64 25.55 25.47 25.38 25.29 25.19 25.10 25.01 24.93 24.84 24.75 24.67 24.59 24.52 24.43 24.36 24.29 24.22 24.16
27.63 27.65 27.68 27.70 27.73 27.75 27.78 27.79 27.81 27.83 27.83 27.84 27.86 27.86 27.86 27.86 27.86 27.86 27.86 27.85 27.84 27.82 27.81 27.79 27.77 27.75 27.71 27.69 27.66 27.63 27.59 27.56 27.52 27.46 27.42 27.37 27.32 27.26 27.20 27.14 27.08 27.01 26.94 26.87 26.79 26.71 26.63 26.55 26.47 26.38 26.29 26.21 26.12 26.02 25.94 25.85 25.75 25.66 25.57 25.48 25.39 25.29 25.20 25.11 25.02 24.94 24.84 24.76 24.68 24.60 24.52 24.43 24.36 24.28 24.21 24.15 24.08
27.56 27.59 27.62 27.64 27.67 27.69 27.72 27.73 27.76 27.77 27.78 27.78 27.80 27.80 27.80 27.80 27.80 27.81 27.80 27.79 27.78 27.77 27.75 27.73 27.71 27.69 27.67 27.64 27.60 27.57 27.53 27.50 27.46 27.41 27.36 27.31 27.25 27.20 27.14 27.07 27.00 26.93 26.87 26.78 26.71 26.63 26.56 26.47 26.39 26.30 26.22 26.12 26.04 25.95 25.86 25.76 25.67 25.58 25.49 25.39 25.30 25.21 25.12 25.02 24.94 24.85 24.77 24.68 24.60 24.51 24.43 24.35 24.28 24.21 24.14 24.07 23.99
27.50 27.54 27.56 27.58 27.61 27.63 27.66 27.68 27.70 27.71 27.72 27.74 27.74 27.75 27.75 27.75 27.74 27.75 27.74 27.73 27.72 27.71 27.69 27.68 27.66 27.63 27.61 27.58 27.55 27.51 27.47 27.43 27.39 27.34 27.29 27.23 27.18 27.12 27.06 27.00 26.92 26.85 26.78 26.71 26.64 26.55 26.47 26.39 26.31 26.22 26.13 26.05 25.96 25.86 25.78 25.69 25.60 25.50 25.41 25.31 25.22 25.12 25.04 24.95 24.86 24.77 24.69 24.59 24.51 24.43 24.35 24.28 24.20 24.12 24.05 23.98 23.92
27.44 27.48 27.50 27.53 27.56 27.58 27.60 27.62 27.64 27.65 27.66 27.68 27.68 27.69 27.69 27.70 27.70 27.69 27.69 27.68 27.67 27.65 27.64 27.62 27.60 27.57 27.55 27.52 27.49 27.45 27.41 27.36 27.31 27.27 27.22 27.16 27.11 27.04 26.98 26.92 26.85 26.78 26.70 26.63 26.55 26.48 26.39 26.31 26.23 26.14 26.06 25.96 25.88 25.79 25.70 25.61 25.51 25.42 25.33 25.24 25.14 25.05 24.96 24.87 24.78 24.69 24.60 24.52 24.43 24.35 24.27 24.20 24.11 24.04 23.97 23.90 23.84
27.39 27.42 27.44 27.47 27.50 27.52 27.54 27.56 27.58 27.59 27.60 27.62 27.63 27.63 27.63 27.64 27.64 27.64 27.63 27.62 27.61 27.59 27.58 27.56 27.53 27.51 27.48 27.45 27.41 27.37 27.33 27.29 27.25 27.20 27.14 27.08 27.03 26.97 26.91 26.83 26.77 26.70 26.63 26.56 26.47 26.40 26.32 26.24 26.15 26.06 25.98 25.89 25.80 25.70 25.61 25.52 25.43 25.34 25.24 25.15 25.06 24.97 24.88 24.79 24.69 24.61 24.52 24.44 24.36 24.26 24.19 24.11 24.04 23.96 23.89 23.83 23.76
27.33 27.36 27.39 27.41 27.43 27.46 27.48 27.51 27.52 27.53 27.55 27.56 27.57 27.57 27.58 27.58 27.58 27.58 27.57 27.56 27.54 27.53 27.51 27.50 27.46 27.44 27.40 27.37 27.34 27.30 27.26 27.21 27.17 27.12 27.07 27.01 26.95 26.89 26.83 26.76 26.70 26.62 26.55 26.48 26.40 26.32 26.24 26.15 26.07 25.98 25.89 25.80 25.71 25.62 25.53 25.44 25.34 25.25 25.16 25.06 24.98 24.89 24.79 24.70 24.61 24.53 24.44 24.36 24.27 24.19 24.11 24.03 23.96 23.88 23.81 23.75 23.67
27.27 27.29 27.33 27.35 27.38 27.40 27.42 27.45 27.46 27.47 27.49 27.50 27.51 27.51 27.52 27.52 27.51 27.51 27.50 27.50 27.48 27.46 27.44 27.42 27.40 27.37 27.34 27.31 27.27 27.23 27.19 27.14 27.09 27.04 26.99 26.94 26.88 26.82 26.76 26.68 26.62 26.55 26.47 26.40 26.31 26.23 26.15 26.06 25.97 25.87 25.78 25.68 25.59 25.50 25.39 25.30 25.21 25.12 25.03 24.93 24.85 24.76 24.68 24.60 24.52 24.43 24.35 24.27 24.19 24.11 24.03 23.95 23.88 23.80 23.73 23.66 23.59
27.21 27.24 27.27 27.30 27.32 27.34 27.37 27.38 27.40 27.42 27.43 27.43 27.44 27.45 27.45 27.45 27.44 27.44 27.44 27.42 27.41 27.39 27.37 27.35 27.32 27.30 27.26 27.23 27.20 27.16 27.12 27.07 27.02 26.96 26.91 26.86 26.80 26.74 26.67 26.61 26.54 26.45 26.37 26.29 26.20 26.11 26.02 25.92 25.83 25.74 25.65 25.55 25.46 25.36 25.26 25.17 25.08 24.99 24.89 24.80 24.72 24.64 24.56 24.48 24.39 24.32 24.25 24.18 24.10 24.03 23.95 23.86 23.79 23.72 23.65 23.58 23.51
27.14 27.18 27.20 27.24 27.26 27.29 27.30 27.32 27.33 27.35 27.36 27.37 27.38 27.38 27.38 27.38 27.38 27.38 27.37 27.35 27.34 27.32 27.30 27.28 27.25 27.22 27.19 27.16 27.12 27.08 27.04 26.99 26.95 26.89 26.84 26.78 26.72 26.64 26.56 26.49 26.41 26.33 26.25 26.16 26.06 25.98 25.89 25.79 25.70 25.61 25.51 25.41 25.32 25.23 25.13 25.04 24.94 24.85 24.76 24.68 24.59 24.51 24.42 24.34 24.26 24.19 24.12 24.06 23.99 23.92 23.85 23.78 23.71 23.64 23.57 23.50 23.43
27.09 27.11 27.15 27.17 27.19 27.22 27.24 27.25 27.27 27.28 27.29 27.31 27.31 27.31 27.31 27.31 27.31 27.31 27.29 27.28 27.27 27.25 27.23 27.20 27.19 27.16 27.13 27.09 27.05 27.01 26.96 26.91 26.85 26.79 26.73 26.66 26.59 26.52 26.44 26.37 26.29 26.19 26.11 26.02 25.94 25.85 25.76 25.67 25.57 25.47 25.38 25.29 25.19 25.10 25.00 24.91 24.81 24.72 24.64 24.55 24.45 24.37 24.29 24.21 24.14 24.06 23.99 23.93 23.86 23.80 23.74 23.69 23.62 23.56 23.49 23.42 23.35
27.02 27.05 27.08 27.10 27.13 27.15 27.17 27.19 27.21 27.22 27.23 27.24 27.24 27.24 27.25 27.25 27.24 27.24 27.22 27.21 27.20 27.18 27.16 27.14 27.11 27.08 27.04 27.00 26.95 26.90 26.85 26.79 26.73 26.67 26.61 26.54 26.46 26.38 26.31 26.23 26.15 26.07 25.99 25.90 25.80 25.71 25.62 25.53 25.44 25.35 25.26 25.15 25.06 24.97 24.87 24.78 24.69 24.60 24.51 24.41 24.33 24.25 24.16 24.09 24.01 23.94 23.86 23.79 23.73 23.67 23.62 23.57 23.52 23.47 23.40 23.34 23.27
26.96 26.99 27.02 27.05 27.07 27.09 27.11 27.13 27.14 27.16 27.17 27.17 27.17 27.19 27.18 27.18 27.17 27.16 27.16 27.14 27.13 27.10 27.07 27.04 27.00 26.97 26.92 26.88 26.83 26.78 26.72 26.67 26.61 26.54 26.48 26.41 26.34 26.26 26.19 26.11 26.03 25.95 25.85 25.77 25.68 25.59 25.50 25.41 25.32 25.22 25.12 25.03 24.94 24.84 24.75 24.66 24.56 24.47 24.38 24.29 24.21 24.12 24.04 23.96 23.88 23.81 23.74 23.67 23.61 23.55 23.50 23.45 23.40 23.36 23.31 23.25 23.19
26.90 26.93 26.96 26.98 27.00 27.03 27.05 27.06 27.08 27.09 27.10 27.11 27.11 27.11 27.11 27.10 27.10 27.08 27.06 27.04 27.01 26.99 26.96 26.93 26.89 26.85 26.81 26.76 26.71 26.66 26.61 26.55 26.49 26.43 26.36 26.29 26.21 26.14 26.06 25.98 25.90 25.82 25.74 25.65 25.56 25.47 25.38 25.28 25.19 25.10 25.00 24.91 24.82 24.72 24.62 24.53 24.44 24.35 24.26 24.17 24.08 24.00 23.92 23.83 23.76 23.68 23.61 23.55 23.49 23.43 23.37 23.32 23.28 23.24 23.20 23.15 23.11
26.83 26.86 26.89 26.91 26.94 26.96 26.97 26.99 27.00 27.00 27.01 27.02 27.01 27.01 27.01 27.00 26.98 26.97 26.95 26.92 26.91 26.88 26.84 26.81 26.77 26.73 26.69 26.64 26.59 26.54 26.48 26.43 26.36 26.30 26.23 26.17 26.09 26.02 25.95 25.87 25.79 25.70 25.61 25.52 25.44 25.35 25.26 25.16 25.07 24.98 24.89 24.79 24.69 24.59 24.50 24.41 24.32 24.23 24.14 24.05 23.96 23.87 23.79 23.71 23.64 23.56 23.49 23.43 23.37 23.31 23.25 23.20 23.15 23.11 23.08 23.04 23.00
26.74 26.78 26.80 26.83 26.84 26.86 26.88 26.89 26.89 26.91 26.91 26.91 26.90 26.91 26.90 26.88 26.87 26.86 26.84 26.82 26.79 26.76 26.73 26.69 26.65 26.61 26.58 26.52 26.48 26.43 26.37 26.31 26.25 26.19 26.12 26.05 25.97 25.90 25.82 25.74 25.66 25.58 25.50 25.41 25.32 25.23 25.14 25.05 24.95 24.85 24.76 24.67 24.57 24.48 24.38 24.29 24.20 24.11 24.01 23.92 23.84 23.75 23.67 23.60 23.52 23.45 23.38 23.31 23.25 23.19 23.12 23.08 23.04 22.98 22.94 22.91 22.88
26.65 26.68 26.70 26.72 26.74 26.76 26.77 26.78 26.79 26.80 26.80 26.80 26.80 26.79 26.78 26.77 26.77 26.75 26.73 26.70 26.68 26.64 26.62 26.59 26.55 26.51 26.46 26.41 26.36 26.31 26.26 26.20 26.13 26.07 26.00 25.93 25.86 25.79 25.71 25.63 25.55 25.47 25.38 25.30 25.21 25.12 25.02 24.93 24.83 24.74 24.65 24.55 24.46 24.36 24.27 24.17 24.08 23.98 23.90 23.81 23.72 23.64 23.56 23.48 23.40 23.33 23.26 23.19 23.12 23.07 23.01 22.95 22.91 22.86 22.82 22.79 22.76
26.55 26.58 26.60 26.62 26.64 26.66 26.67 26.68 26.69 26.69 26.70 26.70 26.69 26.69 26.69 26.67 26.66 26.64 26.62 26.60 26.57 26.54 26.51 26.47 26.43 26.39 26.35 26.30 26.25 26.21 26.15 26.09 26.03 25.96 25.90 25.83 25.75 25.68 25.59 25.51 25.43 25.35 25.26 25.18 25.09 25.00 24.91 24.81 24.72 24.63 24.53 24.44 24.34 24.24 24.15 24.05 23.96 23.87 23.78 23.69 23.61 23.53 23.44 23.37 23.29 23.22 23.14 23.08 23.01 22.95 22.89 22.84 22.79 22.75 22.71 22.67 22.64
26.47 26.49 26.50 26.53 26.54 26.56 26.57 26.58 26.59 26.60 26.60 26.59 26.60 26.59 26.58 26.57 26.55 26.54 26.52 26.49 26.46 26.43 26.40 26.37 26.33 26.29 26.25 26.20 26.15 26.09 26.04 25.98 25.91 25.85 25.78 25.71 25.64 25.56 25.49 25.41 25.32 25.24 25.15 25.07 24.98 24.89 24.80 24.70 24.61 24.51 24.42 24.32 24.22 24.13 24.04 23.94 23.85 23.76 23.67 23.58 23.50 23.41 23.33 23.25 23.17 23.09 23.02 22.96 22.89 22.83 22.78 22.72 22.68 22.63 22.59 22.56 22.52
26.37 26.39 26.42 26.43 26.45 26.47 26.47 26.49 26.49 26.50 26.50 26.50 26.50 26.49 26.49 26.47 26.45 26.43 26.41 26.39 26.37 26.34 26.30 26.27 26.23 26.18 26.14 26.09 26.04 25.99 25.94 25.88 25.81 25.75 25.68 25.61 25.54 25.46 25.38 25.30 25.22 25.13 25.05 24.96 24.87 24.77 24.69 24.59 24.49 24.40 24.30 24.21 24.11 24.02 23.93 23.83 23.74 23.65 23.56 23.47 23.39 23.30 23.21 23.14 23.06 22.98 22.91 22.85 22.78 22.72 22.66 22.61 22.56 22.52 22.48 22.44 22.41
26.27 26.30 26.32 26.34 26.36 26.37 26.39 26.39 26.40 26.41 26.41 26.40 26.39 26.40 26.38 26.37 26.35 26.34 26.32 26.29 26.26 26.23 26.20 26.17 26.13 26.09 26.04 25.99 25.94 25.88 25.83 25.77 25.70 25.64 25.57 25.50 25.42 25.35 25.27 25.19 25.11 25.02 24.93 24.85 24.76 24.66 24.57 24.48 24.39 24.29 24.20 24.10 24.01 23.91 23.82 23.72 23.63 23.54 23.45 23.36 23.28 23.18 23.10 23.02 22.95 22.87 22.80 22.74 22.67 22.61 22.55 22.50 22.45 22.41 22.36 22.33 22.29
26.19 26.21 26.24 26.25 26.26 26.28 26.29 26.30 26.31 26.31 26.31 26.31 26.31 26.30 26.28 26.28 26.26 26.24 26.22 26.20 26.17 26.14 26.10 26.07 26.03 25.98 25.94 25.89 25.84 25.79 25.73 25.67 25.61 25.54 25.47 25.40 25.32 25.25 25.17 25.09 25.00 24.92 24.83 24.74 24.65 24.56 24.47 24.37 24.28 24.19 24.09 23.99 23.90 23.80 23.71 23.62 23.51 23.42 23.33 23.25 23.16 23.08 22.99 22.92 22.84 22.77 22.69 22.63 22.56 22.50 22.44 22.39 22.34 22.29 22.25 22.21 22.18
26.10 26.13 26.14 26.17 26.18 26.19 26.20 26.21 26.21 26.21 26.22 26.22 26.21 26.21 26.20 26.18 26.16 26.15 26.13 26.10 26.07 26.04 26.00 25.98 25.93 25.89 25.84 25.79 25.74 25.68 25.63 25.56 25.50 25.44 25.37 25.30 25.23 25.15 25.07 24.99 24.90 24.82 24.73 24.64 24.55 24.46 24.36 24.27 24.18 24.08 23.99 23.89 23.79 23.70 23.59 23.50 23.41 23.32 23.23 23.14 23.05 22.97 22.89 22.81 22.73 22.66 22.59 22.52 22.46 22.39 22.34 22.28 22.23 22.19 22.14 22.10 22.07
26.02 26.04 26.06 26.08 26.09 26.11 26.11 26.12 26.13 26.13 26.13 26.13 26.12 26.11 26.10 26.10 26.08 26.06 26.03 26.01 25.98 25.95 25.91 25.88 25.83 25.80 25.75 25.70 25.65 25.59 25.53 25.47 25.41 25.34 25.27 25.20 25.12 25.04 24.96 24.88 24.80 24.71 24.62 24.53 24.44 24.35 24.25 24.16 24.06 23.97 23.87 23.78 23.68 23.59 23.49 23.40 23.30 23.21 23.12 23.04 22.95 22.86 22.78 22.70 22.63 22.55 22.48 22.41 22.35 22.29 22.23 22.18 22.13 22.08 22.04 22.00 21.96
25.93 25.96 25.97 26.00 26.01 26.02 26.02 26.04 26.04 26.05 26.04 26.04 26.03 26.03 26.02 26.00 25.98 25.97 25.95 25.92 25.89 25.85 25.83 25.79 25.75 25.70 25.65 25.60 25.55 25.49 25.44 25.38 25.31 25.25 25.17 25.10 25.03 24.95 24.87 24.78 24.70 24.61 24.52 24.43 24.34 24.25 24.15 24.06 23.96 23.87 23.77 23.67 23.58 23.48 23.39 23.29 23.20 23.11 23.02 22.93 22.85 22.76 22.68 22.60 22.52 22.45 22.38 22.31 22.25 22.18 22.13 22.07 22.02 21.97 21.93 21.89 21.86
25.85 25.87 25.89 25.91 25.92 25.94 25.94 25.95 25.96 25.96 25.95 25.96 25.95 25.94 25.93 25.92 25.90 25.88 25.85 25.83 25.80 25.77 25.73 25.69 25.65 25.61 25.57 25.51 25.46 25.40 25.34 25.28 25.21 25.14 25.08 25.01 24.93 24.85 24.77 24.69 24.60 24.51 24.43 24.33 24.24 24.15 24.05 23.96 23.86 23.77 23.67 23.57 23.48 23.38 23.29 23.19 23.10 23.01 22.92 22.83 22.74 22.66 22.58 22.50 22.42 22.35 22.28 22.21 22.14 22.08 22.02 21.97 21.92 21.87 21.83 21.79 21.76
25.77 25.79 25.81 25.83 25.84 25.85 25.87 25.87 25.87 25.88 25.88 25.87 25.86 25.86 25.84 25.83 25.82 25.80 25.77 25.74 25.71 25.69 25.65 25.61 25.57 25.52 25.47 25.42 25.37 25.31 25.25 25.19 25.12 25.05 24.98 24.91 24.83 24.76 24.67 24.59 24.51 24.42 24.33 24.24 24.14 24.05 23.96 23.86 23.76 23.67 23.57 23.47 23.38 23.28 23.19 23.09 23.00 22.91 22.82 22.73 22.64 22.56 22.48 22.40 22.32 22.25 22.18 22.11 22.04 21.98 21.92 21.87 21.81 21.77 21.72 21.69 21.65
25.69 25.71 25.73 25.74 25.75 25.77 25.78 25.79 25.79 25.79 25.79 25.79 25.78 25.77 25.77 25.75 25.73 25.71 25.69 25.66 25.63 25.59 25.56 25.53 25.48 25.44 25.39 25.33 25.28 25.23 25.17 25.10 25.04 24.96 24.89 24.82 24.74 24.66 24.58 24.49 24.40 24.31 24.23 24.14 24.05 23.95 23.86 23.76 23.67 23.57 23.47 23.37 23.28 23.18 23.09 22.99 22.90 22.81 22.72 22.63 22.54 22.46 22.38 22.30 22.22 22.15 22.08 22.01 21.94 21.88 21.82 21.77 21.71 21.67 21.63 21.59 21.55
25.61 25.63 25.65 25.67 25.68 25.69 25.70 25.71 25.71 25.72 25.71 25.70 25.70 25.69 25.68 25.66 25.65 25.63 25.60 25.57 25.55 25.51 25.48 25.43 25.39 25.35 25.30 25.25 25.19 25.13 25.07 25.01 24.95 24.88 24.80 24.73 24.65 24.57 24.48 24.40 24.31 24.22 24.13 24.04 23.94 23.85 23.75 23.66 23.57 23.47 23.37 23.28 23.18 23.08 22.99 22.89 22.80 22.71 22.62 22.53 22.44 22.36 22.28 22.20 22.12 22.05 21.98 21.91 21.84 21.78 21.72 21.67 21.62 21.57 21.53 21.49 21.45
25.53 25.55 25.57 25.59 25.61 25.61 25.62 25.63 25.63 25.63 25.64 25.63 25.62 25.61 25.60 25.58 25.56 25.55 25.52 25.49 25.46 25.42 25.40 25.35 25.31 25.26 25.21 25.17 25.11 25.05 24.99 24.92 24.85 24.78 24.71 24.64 24.56 24.48 24.39 24.31 24.22 24.13 24.04 23.94 23.85 23.75 23.66 23.56 23.46 23.36 23.27 23.18 23.08 22.98 22.89 22.79 22.70 22.61 22.52 22.43 22.35 22.26 22.18 22.10 22.02 21.95 21.88 21.81 21.75 21.68 21.62 21.58 21.53 21.48 21.43 21.39 21.35
25.46 25.48 25.49 25.51 25.52 25.54 25.55 25.55 25.55 25.56 25.55 25.55 25.55 25.53 25.52 25.51 25.49 25.47 25.44 25.42 25.38 25.35 25.31 25.28 25.23 25.18 25.13 25.08 25.02 24.97 24.90 24.84 24.77 24.69 24.62 24.54 24.46 24.39 24.30 24.22 24.13 24.04 23.94 23.85 23.76 23.66 23.56 23.46 23.37 23.27 23.17 23.08 22.98 22.89 22.79 22.70 22.60 22.51 22.42 22.33 22.25 22.16 22.08 22.00 21.93 21.85 21.78 21.71 21.65 21.60 21.54 21.48 21.43 21.38 21.33 21.29 21.25
25.38 25.41 25.42 25.43 25.45 25.46 25.46 25.48 25.48 25.48 25.48 25.47 25.46 25.46 25.44 25.43 25.41 25.39 25.36 25.33 25.31 25.27 25.23 25.19 25.14 25.10 25.05 24.99 24.94 24.88 24.81 24.75 24.68 24.61 24.53 24.46 24.37 24.29 24.21 24.12 24.04 23.95 23.85 23.76 23.66 23.57 23.47 23.37 23.27 23.17 23.07 22.98 22.89 22.79 22.70 22.60 22.51 22.42 22.33 22.24 22.15 22.07 21.99 21.91 21.83 21.76 21.69 21.62 21.55 21.50 21.44 21.39 21.33 21.28 21.24 21.19 21.15
25.31 25.33 25.35 25.36 25.37 25.39 25.39 25.40 25.41 25.40 25.40 25.40 25.39 25.38 25.37 25.35 25.33 25.31 25.29 25.26 25.22 25.18 25.15 25.11 25.06 25.01 24.96 24.92 24.86 24.79 24.73 24.66 24.60 24.53 24.45 24.37 24.29 24.20 24.12 24.03 23.95 23.86 23.76 23.67 23.57 23.47 23.37 23.28 23.18 23.08 22.98 22.88 22.78 22.70 22.60 22.51 22.41 22.32 22.23 22.14 22.06 21.97 21.89 21.81 21.74 21.66 21.59 21.54 21.47 21.41 21.35 21.29 21.24 21.19 21.14 21.10 21.07
