main/data/temperature/02.08.2023.grid
ncols 886
nrows 691
xllcenter 112.0000
yllcenter -44.5000
cellsize 0.0500
nodata_value 99999.90
[rows 442 to 475 of 691, columns 154 to 230 of 886]
22.99 23.00 23.13 23.39 23.43 23.25 23.30 23.39 23.22 23.23 23.18 23.14 23.02 23.41 23.44 23.38 23.77 24.01 24.07 24.22 24.36 24.32 24.44 24.25 24.06 23.91 23.90 24.17 24.35 24.17 23.83 24.10 24.27 24.07 24.33 24.30 24.05 23.76 24.00 24.07 24.57 24.77 24.73 24.78 24.66 24.58 24.27 24.31 24.51 24.77 24.52 24.46 24.28 24.28 24.40 24.63 24.68 24.71 24.77 24.59 24.46 24.19 23.84 24.22 24.58 24.79 24.94 25.04 24.97 25.34 25.61 25.57 25.58 25.45 25.44 25.60 25.71
23.48 23.25 23.61 23.57 23.38 23.23 23.21 23.31 23.41 23.24 23.07 23.20 23.34 23.52 23.73 23.65 23.32 23.93 24.15 24.28 24.25 24.33 24.35 24.13 24.10 23.96 23.95 24.19 24.19 24.13 24.01 23.86 23.98 23.81 24.05 24.09 23.76 23.81 23.87 24.02 24.31 24.64 24.36 24.46 24.64 24.35 24.54 24.54 24.66 24.14 24.33 24.45 24.29 24.01 24.33 24.44 24.42 24.70 24.62 24.63 24.50 24.16 24.10 24.18 24.53 24.71 24.98 25.10 25.24 25.38 25.44 25.35 25.54 25.30 25.22 25.36 25.57
23.60 23.66 23.64 23.63 23.39 23.28 23.02 23.26 23.33 23.23 23.60 23.59 23.61 23.81 23.67 23.93 23.68 23.86 24.05 24.28 24.25 24.27 24.18 24.12 23.87 23.77 23.68 24.07 24.07 23.97 23.68 23.51 23.78 23.94 23.95 23.78 23.57 23.78 24.20 23.95 24.27 24.51 23.73 24.56 24.42 24.39 24.16 24.47 24.53 24.30 24.02 24.24 24.17 23.97 24.15 24.21 24.21 24.50 24.64 24.43 24.06 24.22 23.98 24.17 24.50 24.82 25.08 25.16 25.31 25.33 25.24 25.26 25.42 25.27 25.20 25.30 25.37
23.60 23.57 23.54 23.55 23.42 23.26 23.24 23.10 23.23 23.58 23.72 23.87 23.79 23.75 23.92 23.82 23.97 23.86 24.17 24.22 23.95 24.21 24.20 24.04 23.89 23.78 23.72 23.79 23.95 23.77 23.65 23.43 23.56 23.65 23.65 23.54 23.78 23.86 23.99 24.22 24.04 24.27 23.58 24.38 24.34 24.27 24.03 24.08 24.29 24.36 24.16 24.08 23.66 23.74 23.84 23.91 24.05 24.41 24.48 24.23 24.06 24.26 24.34 24.43 24.66 24.97 25.08 25.04 25.11 25.12 25.11 25.15 25.18 25.23 25.39 25.32 25.43
23.72 23.68 23.74 23.55 23.45 23.41 23.25 23.09 23.22 23.52 23.84 23.91 23.97 23.78 23.98 23.90 24.10 24.13 23.89 24.14 24.11 24.12 24.12 23.99 23.70 23.66 23.51 23.63 23.82 23.71 23.49 23.15 23.31 23.43 23.52 23.80 23.87 24.02 23.97 24.09 24.23 24.14 23.97 24.12 24.18 24.12 23.84 23.92 24.14 24.28 24.23 23.93 23.97 24.01 23.74 23.79 24.19 24.31 24.19 24.21 24.12 24.26 24.37 24.59 24.79 24.87 25.06 24.95 24.84 24.83 24.72 25.03 25.06 25.14 25.38 25.45 25.54
23.77 23.77 23.84 23.51 23.32 23.37 23.30 23.29 23.53 23.67 23.69 23.99 24.06 23.90 24.00 24.07 24.07 24.07 23.84 24.08 23.92 24.05 24.03 23.90 23.61 23.72 23.40 23.26 23.42 23.46 23.23 23.42 23.45 23.22 23.48 23.70 23.87 23.91 24.06 24.06 24.02 24.02 24.02 24.08 23.95 24.05 23.91 23.82 24.01 24.09 24.12 24.09 24.00 23.88 23.97 23.91 24.15 24.21 24.15 24.26 24.15 24.43 24.41 24.78 24.75 25.01 25.04 24.94 24.84 24.66 24.83 24.90 25.04 25.33 25.36 25.39 25.59
23.78 23.88 23.69 23.63 23.47 23.45 23.27 23.42 23.69 23.81 23.75 23.91 23.97 24.02 24.02 23.91 23.90 23.82 23.94 23.93 23.89 23.70 23.95 23.93 23.83 23.74 23.65 23.37 23.03 23.19 23.17 23.45 23.38 23.45 23.44 23.60 23.50 23.66 23.62 23.72 23.87 23.83 23.99 23.72 23.91 23.87 23.69 23.70 23.58 23.75 23.75 23.77 24.06 24.02 23.95 24.06 24.19 24.23 24.35 24.31 24.19 24.28 24.65 24.84 24.77 24.85 24.83 24.89 24.79 24.71 24.75 24.66 24.94 25.10 25.16 25.20 25.45
23.78 23.91 23.78 23.64 23.29 23.46 23.34 23.30 23.49 23.79 23.79 23.90 23.81 23.90 23.85 23.97 23.95 23.94 23.93 23.69 23.73 23.54 23.78 23.45 23.61 23.55 23.56 23.32 22.99 23.23 23.39 23.49 23.48 23.56 23.26 23.20 23.18 23.36 23.32 23.52 23.52 23.68 23.59 23.83 23.80 23.75 23.74 23.54 23.34 23.60 23.69 23.84 23.78 23.90 23.75 23.89 23.86 23.98 24.22 24.22 24.02 24.14 24.53 24.73 24.70 24.81 24.77 24.62 24.85 24.78 24.78 24.92 25.00 25.28 25.29 25.34 25.44
23.87 23.89 23.70 23.58 23.21 23.44 23.41 23.17 23.29 23.45 23.54 23.62 23.55 23.75 23.93 23.93 23.90 23.87 23.84 23.57 23.54 23.43 23.50 23.66 23.50 23.22 23.20 23.05 22.86 23.02 23.27 23.36 23.45 23.50 23.33 23.32 23.19 23.18 23.18 23.51 23.57 23.48 23.64 23.65 23.68 23.59 23.54 23.01 23.29 23.49 23.67 23.58 23.48 23.69 23.72 23.76 23.69 23.86 23.96 24.04 24.14 24.02 24.25 24.49 24.50 24.75 24.76 24.62 24.67 24.61 24.87 25.07 25.15 25.26 25.28 25.35 25.44
23.77 23.76 23.51 23.48 23.26 23.41 23.36 23.17 23.13 23.46 23.59 23.72 23.88 23.85 23.89 23.87 23.86 23.71 23.75 23.65 23.29 23.20 23.21 23.44 23.37 23.23 23.02 22.92 23.05 22.98 22.89 22.98 23.18 23.39 23.46 23.42 23.36 23.26 23.39 23.49 23.55 23.55 23.54 23.54 23.54 23.31 23.22 23.11 23.17 23.38 23.49 23.58 23.59 23.47 23.61 23.65 23.49 23.62 23.73 23.89 24.05 23.98 24.11 24.45 24.33 24.65 24.68 24.57 24.49 24.70 24.91 24.98 25.15 25.17 25.16 25.35 25.39
23.61 23.49 23.43 23.39 23.29 23.30 23.43 23.29 23.47 23.40 23.64 23.84 23.90 23.80 23.70 23.70 23.81 23.75 23.71 23.61 23.47 23.31 23.42 23.16 23.07 22.89 22.74 22.97 23.09 23.01 22.85 22.89 23.02 23.27 23.35 23.50 23.46 23.41 23.49 23.36 23.29 23.25 23.45 23.45 23.45 23.24 23.18 22.93 23.08 23.32 23.21 23.34 23.32 23.41 23.51 23.55 23.51 23.60 23.59 23.87 23.92 24.08 24.10 24.19 24.17 24.52 24.57 24.43 24.49 24.55 24.58 24.83 25.04 25.10 25.14 25.28 25.32
23.46 23.45 23.37 23.21 23.27 23.36 23.30 23.45 23.59 23.70 23.78 23.79 23.89 23.73 23.55 23.69 23.71 23.62 23.43 23.47 23.17 23.19 23.29 22.92 23.17 23.04 22.95 23.00 22.96 23.19 23.03 22.84 22.70 23.03 23.22 23.43 23.42 23.36 23.40 23.39 23.10 23.19 23.34 23.36 23.36 23.13 23.02 22.91 23.14 23.10 23.04 23.10 23.22 23.28 23.29 23.50 23.51 23.56 23.57 23.67 23.86 24.05 24.18 24.11 24.00 24.45 24.33 24.42 24.34 24.48 24.45 24.72 24.86 25.00 25.10 25.12 25.19
23.52 23.65 23.43 23.27 23.23 23.31 23.23 23.36 23.43 23.55 23.60 23.65 23.78 23.59 23.42 23.70 23.48 23.60 23.44 23.29 23.39 23.22 23.19 22.89 23.17 23.31 23.13 23.10 23.19 23.13 23.20 23.05 22.85 23.20 23.34 23.38 23.35 23.34 23.26 23.21 23.06 23.07 23.28 23.28 23.26 22.84 22.92 23.02 23.05 22.99 22.84 22.86 22.94 23.07 23.14 23.37 23.41 23.53 23.50 23.46 23.80 24.08 24.12 23.96 24.01 24.35 24.26 24.41 24.51 24.66 24.57 24.78 24.91 25.00 24.99 24.99 25.09
23.68 23.68 23.56 23.33 23.18 23.17 23.29 23.49 23.70 23.56 23.52 23.71 23.64 23.65 23.41 23.51 23.32 23.49 23.30 23.46 23.54 23.47 23.46 22.95 23.05 23.32 23.28 22.89 22.98 23.17 23.26 23.16 22.78 23.01 23.31 23.26 23.24 22.98 23.08 23.07 23.06 23.07 23.11 23.17 23.19 23.07 23.08 22.95 22.73 22.74 22.65 22.66 22.70 22.86 22.86 23.12 23.25 23.42 23.46 23.52 23.76 23.82 24.07 24.14 24.19 24.13 24.16 24.35 24.44 24.53 24.73 24.77 24.82 24.82 24.83 24.96 25.05
23.59 23.60 23.51 23.22 23.40 23.30 23.47 23.59 23.85 23.83 23.70 23.67 23.60 23.53 23.42 23.65 23.58 23.58 23.25 23.36 23.64 23.69 23.50 23.09 23.08 23.02 23.24 22.97 22.64 23.03 23.24 23.15 23.00 22.97 23.22 23.18 23.12 22.99 22.91 22.97 22.81 22.95 23.08 23.11 23.08 23.03 23.13 23.05 22.95 22.88 22.68 22.72 22.74 22.65 22.74 22.95 23.22 23.39 23.45 23.39 23.58 23.71 23.94 24.08 23.98 24.03 23.97 24.21 24.30 24.55 24.47 24.66 24.76 24.81 24.91 24.95 24.98
23.30 23.40 23.29 23.55 23.55 23.52 23.62 23.85 23.86 24.00 24.01 24.06 23.88 23.64 23.84 23.85 23.76 23.79 23.44 23.48 23.50 23.57 23.60 23.52 23.35 23.27 23.26 23.01 22.85 23.05 23.25 23.21 23.21 23.19 23.11 23.10 23.04 22.92 22.79 22.72 22.67 22.82 23.02 23.02 22.98 23.04 23.05 23.05 23.08 22.95 22.92 22.84 22.77 22.65 22.76 22.99 23.08 23.25 23.33 23.42 23.43 23.60 23.81 24.00 24.07 24.09 24.16 24.24 24.46 24.44 24.53 24.73 24.76 24.79 24.82 24.85 24.90
23.45 23.33 23.27 23.32 23.56 23.51 23.41 23.79 23.98 24.16 24.29 24.24 24.09 24.00 24.06 24.11 23.88 24.01 23.61 23.68 23.71 23.71 23.64 23.52 23.46 23.36 23.30 23.14 22.95 22.88 23.17 23.06 23.13 23.00 23.04 22.99 22.91 22.74 22.54 22.50 22.72 22.86 22.92 22.95 22.95 22.95 22.96 22.94 22.98 22.85 22.83 22.86 22.72 22.65 22.63 22.70 22.96 23.12 23.13 23.12 23.30 23.57 23.79 23.89 23.77 23.88 23.96 24.22 24.23 24.46 24.47 24.65 24.67 24.70 24.72 24.76 24.79
23.26 23.37 23.35 23.45 23.51 23.34 23.45 23.54 23.93 24.08 24.11 24.25 24.22 24.24 24.12 24.22 24.22 23.99 23.94 23.67 23.73 23.59 23.52 23.51 23.23 23.31 23.17 23.05 23.06 22.36 23.06 22.97 23.01 23.03 22.98 22.78 22.65 22.60 22.58 22.66 22.80 22.85 22.89 22.88 22.90 22.89 22.85 22.89 22.88 22.90 22.87 22.89 22.83 22.78 22.61 22.69 22.80 22.99 22.99 23.11 23.30 23.54 23.71 23.77 23.71 23.68 23.93 24.01 24.05 24.35 24.47 24.54 24.59 24.52 24.46 24.68 24.70
23.37 23.46 23.49 23.38 23.31 23.19 23.37 23.41 23.48 23.90 23.94 24.17 24.29 24.29 24.33 24.34 24.26 24.12 24.10 23.88 23.86 23.77 23.58 23.32 23.14 23.19 23.11 22.96 23.09 23.10 22.97 23.03 23.06 22.86 22.75 22.72 22.66 22.50 22.65 22.80 22.81 22.84 22.82 22.79 22.80 22.78 22.83 22.81 22.75 22.78 22.77 22.86 22.76 22.79 22.76 22.65 22.72 22.82 22.95 23.22 23.33 23.53 23.61 23.52 23.57 23.82 23.83 23.89 24.12 24.20 24.34 24.35 24.42 24.30 24.45 24.59 24.66
23.01 23.22 23.20 23.32 23.33 23.45 23.54 23.54 23.52 23.64 23.81 23.96 24.02 24.22 24.19 24.18 24.19 24.00 24.08 23.90 23.82 23.58 23.42 23.24 23.04 23.14 23.19 23.09 23.03 22.95 23.01 23.05 22.97 22.89 22.75 22.62 22.47 22.56 22.58 22.71 22.78 22.78 22.72 22.72 22.72 22.76 22.74 22.73 22.61 22.62 22.67 22.75 22.76 22.79 22.80 22.69 22.76 22.76 23.02 23.23 23.34 23.43 23.40 23.32 23.51 23.65 23.90 23.93 24.09 24.15 24.21 24.33 24.15 24.32 24.44 24.65 24.66
22.99 22.99 23.07 23.41 23.39 23.29 23.28 23.22 23.48 23.56 23.57 23.62 23.55 24.01 24.04 24.13 24.18 24.10 24.01 23.77 23.66 23.43 23.45 23.23 23.23 23.23 23.14 23.04 22.85 22.72 22.80 22.93 23.04 22.73 22.58 22.52 22.58 22.37 22.41 22.61 22.71 22.66 22.61 22.67 22.76 22.77 22.77 22.74 22.73 22.79 22.82 22.82 22.85 22.77 22.74 22.68 22.81 22.76 23.00 23.13 23.21 23.31 23.35 23.40 23.43 23.58 23.79 23.83 23.97 24.02 24.22 24.15 24.07 24.37 24.32 24.55 24.60
23.07 23.22 23.26 23.19 23.28 23.35 23.53 23.35 23.61 23.69 23.37 23.45 23.71 23.84 23.96 24.04 23.99 24.05 23.90 23.77 23.37 23.29 23.39 23.20 23.14 23.20 23.07 22.99 22.90 22.79 22.92 22.85 23.01 22.82 22.74 22.80 22.72 22.58 22.46 22.55 22.55 22.58 22.55 22.71 22.74 22.76 22.72 22.72 22.73 22.76 22.74 22.81 22.82 22.76 22.80 22.77 22.86 22.84 22.90 22.96 23.09 23.14 23.24 23.35 23.45 23.51 23.67 23.83 24.07 24.22 24.20 24.17 24.25 24.40 24.47 24.51 24.53
23.11 23.14 23.26 23.13 23.31 23.45 23.59 23.63 23.56 23.47 23.57 23.43 23.54 23.81 23.92 23.79 23.82 23.78 23.63 23.43 23.19 23.26 23.25 23.25 23.30 23.17 22.98 22.81 22.70 22.72 22.84 22.92 22.98 22.89 22.86 22.75 22.66 22.68 22.58 22.60 22.59 22.64 22.70 22.72 22.77 22.74 22.71 22.69 22.66 22.73 22.74 22.79 22.84 22.82 22.87 22.81 22.78 22.74 22.82 22.84 22.96 23.03 23.12 23.36 23.34 23.49 23.59 23.95 23.88 24.12 24.06 24.03 24.31 24.47 24.45 24.45 24.41
22.84 23.07 23.30 23.27 23.39 23.32 23.38 23.36 23.39 23.27 23.39 23.43 23.59 23.71 23.95 23.86 23.51 23.69 23.62 23.66 23.41 23.27 23.28 23.30 23.22 23.12 22.92 22.73 22.82 22.91 22.97 22.98 22.95 22.89 22.81 22.91 22.82 22.76 22.72 22.62 22.58 22.68 22.69 22.67 22.66 22.67 22.71 22.67 22.69 22.72 22.76 22.80 22.82 22.84 22.83 22.78 22.75 22.78 22.72 22.73 22.88 22.93 23.00 23.12 23.22 23.38 23.65 23.71 23.76 23.97 23.93 24.17 24.34 24.39 24.37 24.33 24.19
22.58 22.93 23.30 23.28 23.33 23.44 23.40 23.41 23.29 23.47 23.40 23.33 23.45 23.81 23.98 23.95 24.08 23.77 23.77 23.68 23.79 23.59 23.46 23.33 23.15 23.02 22.73 22.82 22.79 22.79 22.76 22.78 22.86 22.89 22.91 22.84 22.82 22.79 22.63 22.62 22.56 22.60 22.58 22.59 22.61 22.60 22.62 22.62 22.58 22.69 22.73 22.77 22.74 22.78 22.77 22.71 22.68 22.73 22.78 22.77 22.75 22.77 22.66 22.99 23.20 23.47 23.67 23.80 23.90 23.98 24.05 24.17 24.17 24.23 24.26 24.19 24.05
22.66 22.97 23.17 23.38 23.44 23.33 23.17 23.03 23.49 23.58 23.39 23.73 23.66 23.99 23.84 24.06 23.97 23.70 23.82 23.86 23.80 23.81 23.62 23.24 23.00 22.96 22.86 22.93 22.93 22.82 22.70 22.86 22.79 22.82 23.01 22.82 22.74 22.71 22.64 22.61 22.56 22.55 22.52 22.51 22.52 22.56 22.65 22.67 22.68 22.67 22.69 22.72 22.75 22.74 22.66 22.62 22.52 22.69 22.74 22.71 22.63 22.77 22.79 23.06 23.31 23.48 23.29 23.71 23.85 23.94 24.03 24.09 24.03 24.06 24.06 23.96 24.11
22.69 22.78 23.07 23.35 23.24 23.42 23.60 23.50 23.68 23.51 23.37 24.01 24.26 24.31 24.10 24.53 23.98 23.92 23.86 23.81 23.70 23.76 23.75 23.43 23.24 23.18 23.13 23.03 23.01 22.95 22.88 22.87 22.97 22.98 22.88 22.83 22.75 22.64 22.60 22.54 22.54 22.43 22.54 22.54 22.52 22.56 22.59 22.62 22.60 22.61 22.63 22.68 22.67 22.67 22.66 22.32 22.57 22.66 22.75 22.63 22.73 22.79 22.89 23.16 23.35 23.49 23.59 23.70 23.78 23.69 23.94 23.98 23.96 23.97 23.94 23.96 24.08
22.52 22.92 23.10 23.28 23.52 23.42 23.29 23.64 23.61 23.51 23.43 23.92 24.27 24.42 24.50 24.61 24.44 24.40 24.17 23.88 23.70 23.59 23.58 23.68 23.46 23.35 23.30 23.14 23.05 22.96 23.00 22.92 22.89 23.05 22.83 22.80 22.73 22.62 22.51 22.51 22.50 22.45 22.47 22.45 22.47 22.62 22.62 22.67 22.53 22.34 22.66 22.67 22.66 22.69 22.66 22.62 22.63 22.60 22.65 22.71 22.77 22.84 22.86 23.13 23.32 23.44 23.56 23.57 23.74 23.81 23.89 23.86 23.82 23.81 23.76 24.04 24.21
22.61 22.74 22.82 23.07 23.44 23.66 23.48 22.94 23.55 23.63 23.99 23.46 23.98 24.33 24.46 24.67 24.76 24.59 24.36 24.25 23.87 23.71 23.64 23.59 23.49 23.45 23.39 23.06 23.04 22.99 22.86 22.82 22.88 23.05 22.80 22.81 22.77 22.71 22.56 22.56 22.49 22.40 22.42 22.44 22.42 22.48 22.40 22.66 22.50 22.52 22.69 22.63 22.62 22.65 22.67 22.58 22.58 22.55 22.70 22.75 22.78 22.80 22.83 23.09 23.14 23.33 23.49 23.56 23.65 23.74 23.78 23.73 23.68 23.80 23.86 23.86 23.89
22.41 22.79 23.05 23.59 23.62 23.38 23.70 23.85 23.86 24.44 24.49 24.04 24.18 24.24 24.40 24.37 24.52 24.79 24.66 24.21 23.81 23.60 23.76 23.57 23.53 23.45 23.42 23.04 22.95 22.98 22.87 22.77 22.96 22.97 22.69 22.81 22.73 22.82 22.62 22.64 22.58 22.39 22.40 22.34 22.44 22.35 22.55 22.64 22.60 22.66 22.70 22.54 22.57 22.59 22.63 22.60 22.55 22.58 22.66 22.71 22.78 22.85 22.91 22.94 22.89 23.25 23.42 23.49 23.60 23.64 23.75 23.66 23.71 23.63 23.78 23.80 23.94
22.55 22.86 23.47 23.80 23.72 23.58 24.00 23.81 24.08 23.91 24.59 24.48 24.45 24.41 24.48 24.29 24.57 24.64 24.69 24.35 24.25 23.81 23.77 23.46 23.30 23.24 23.28 23.03 22.99 23.20 23.05 23.05 23.01 22.95 22.84 22.84 22.80 22.87 22.77 22.84 22.56 22.50 22.38 22.42 22.44 22.39 22.53 22.73 22.69 22.72 22.60 22.67 22.62 22.65 22.66 22.57 22.66 22.63 22.41 22.66 22.81 22.83 22.81 22.83 23.08 23.17 23.35 23.49 23.54 23.58 23.70 23.70 23.65 23.68 23.77 23.80 23.65
22.61 22.52 22.96 23.49 24.15 24.27 23.89 23.70 23.91 24.03 23.99 24.85 24.82 24.41 24.37 24.06 24.33 24.58 24.52 24.49 24.29 23.93 23.91 24.14 23.60 23.40 23.63 23.60 23.42 23.56 23.11 23.44 23.14 22.96 22.86 22.78 22.88 22.86 22.78 22.82 22.66 22.50 22.36 22.26 22.54 22.49 22.73 22.72 22.71 22.71 22.69 22.67 22.48 22.63 22.63 22.73 22.72 22.69 22.60 22.71 22.84 22.89 22.89 22.95 23.00 23.18 23.30 23.44 23.51 23.52 23.57 23.56 23.64 23.67 23.68 23.78 23.86
22.87 23.13 22.95 23.41 24.05 24.41 24.45 24.14 24.44 24.57 24.32 24.64 24.83 24.71 24.64 24.60 24.45 24.53 24.66 24.86 24.49 24.51 23.85 24.09 24.00 23.48 23.49 23.59 23.59 23.63 23.16 23.53 23.03 23.08 23.02 22.92 22.93 22.96 23.05 22.85 22.76 22.70 22.53 22.54 22.78 22.78 22.82 22.71 22.74 22.68 22.72 22.72 22.62 22.64 22.66 22.67 22.67 22.71 22.85 22.84 22.91 22.83 22.93 22.93 23.05 23.20 23.27 23.41 23.53 23.63 23.67 23.34 23.74 23.81 23.77 23.88 23.93
22.78 22.97 22.99 24.01 24.38 24.61 24.59 24.30 24.04 24.84 24.71 24.76 25.04 24.91 24.77 24.61 24.63 24.58 24.59 24.62 24.61 24.72 24.49 24.40 23.86 23.59 23.50 23.61 23.59 23.57 23.36 23.57 23.29 23.29 23.18 23.05 23.08 23.20 22.93 22.98 22.90 22.79 22.70 22.66 22.75 22.86 22.90 22.82 22.76 22.69 22.67 22.70 22.71 22.70 22.70 22.73 22.70 22.54 22.86 22.87 22.91 22.99 22.95 22.92 23.08 23.19 23.39 23.46 23.55 23.62 23.62 23.60 23.67 23.72 23.84 23.80 23.91
