main/data/temperature/02.09.2023.grid
ncols 886
nrows 691
xllcenter 112.0000
yllcenter -44.5000
cellsize 0.0500
nodata_value 99999.90
[rows 578 to 611 of 691, columns 616 to 692 of 886]
15.20 15.16 15.12 15.07 15.03 14.99 14.94 14.90 14.85 14.81 14.78 14.74 14.70 14.67 14.65 14.65 14.66 14.67 14.67 14.68 14.67 14.66 14.65 14.63 14.62 14.59 14.57 14.55 14.52 14.50 14.48 14.46 14.46 14.45 14.46 14.46 14.49 14.51 14.54 14.58 14.63 14.68 14.74 14.80 14.86 14.93 15.00 15.07 15.13 15.18 15.25 15.30 15.34 15.38 15.41 15.44 15.46 15.47 15.49 15.48 15.48 15.48 15.46 15.44 15.42 15.40 15.37 15.34 15.32 14.96 15.28 14.87 15.01 14.10 15.26 15.28 15.30
15.12 15.07 15.04 14.99 14.94 14.91 14.87 14.82 14.78 14.75 14.71 14.68 14.64 14.62 14.60 14.59 14.59 14.60 14.60 14.60 14.60 14.59 14.57 14.55 14.54 14.51 14.49 14.47 14.45 14.43 14.41 14.39 14.39 14.38 14.39 14.40 14.42 14.45 14.48 14.53 14.57 14.63 14.68 14.75 14.81 14.87 14.93 14.99 15.05 15.11 15.16 15.20 15.24 15.28 15.31 15.33 15.34 15.35 15.35 15.35 15.34 15.34 15.32 15.30 15.28 15.25 15.22 15.20 15.18 15.16 15.00 12.50 13.67 15.13 15.14 15.17 15.20
15.03 14.99 14.95 14.91 14.88 14.83 14.79 14.76 14.72 14.68 14.65 14.62 14.59 14.57 14.55 14.55 14.54 14.54 14.54 14.54 14.54 14.53 14.51 14.51 14.48 14.47 14.44 14.42 14.39 14.38 14.36 14.34 14.34 14.34 14.34 14.35 14.37 14.40 14.44 14.48 14.53 14.58 14.63 14.69 14.75 14.81 14.87 14.92 14.98 15.02 15.07 15.11 15.14 15.18 15.20 15.21 15.22 15.23 15.23 15.23 15.22 15.20 15.19 15.17 15.15 15.12 15.09 15.07 15.05 15.03 14.38 12.13 12.22 15.01 15.04 15.06 15.09
14.95 14.92 14.88 14.85 14.80 14.78 14.74 14.71 14.67 14.64 14.61 14.59 14.56 14.54 14.53 14.52 14.52 14.52 14.51 14.51 14.50 14.50 14.49 14.47 14.46 14.44 14.42 14.40 14.37 14.35 14.33 14.32 14.30 14.30 14.31 14.32 14.34 14.37 14.40 14.45 14.48 14.54 14.58 14.64 14.70 14.76 14.80 14.86 14.91 14.95 14.99 15.02 15.05 15.07 15.09 15.10 15.11 15.12 15.11 15.10 15.10 15.08 15.06 15.04 15.02 15.00 14.97 14.95 14.94 14.91 14.90 13.18 11.50 14.51 14.93 14.96 15.00
14.89 14.84 14.82 14.79 14.75 14.72 14.69 14.67 14.63 14.61 14.59 14.57 14.55 14.53 14.53 14.51 14.51 14.51 14.51 14.51 14.51 14.49 14.49 14.47 14.45 14.44 14.41 14.40 14.38 14.35 14.34 14.32 14.31 14.30 14.30 14.31 14.33 14.35 14.38 14.42 14.46 14.50 14.55 14.60 14.65 14.70 14.75 14.80 14.84 14.88 14.91 14.93 14.96 14.98 14.99 15.00 15.00 14.99 14.99 14.98 14.97 14.96 14.94 14.91 14.90 14.88 14.86 14.84 14.82 14.80 14.79 13.10 13.05 14.79 14.83 14.87 14.91
14.81 14.79 14.76 14.74 14.70 14.68 14.66 14.63 14.61 14.60 14.57 14.55 14.55 14.54 14.53 14.53 14.53 14.53 14.53 14.53 14.53 14.52 14.51 14.50 14.49 14.47 14.46 14.44 14.41 14.39 14.37 14.36 14.35 14.33 14.32 14.33 14.33 14.36 14.37 14.40 14.44 14.47 14.52 14.57 14.61 14.65 14.70 14.73 14.77 14.81 14.83 14.85 14.87 14.89 14.89 14.89 14.89 14.88 14.88 14.87 14.85 14.84 14.83 14.81 14.79 14.77 14.76 14.73 14.72 14.71 14.69 14.69 14.70 14.71 14.74 14.79 14.83
14.76 14.74 14.72 14.70 14.68 14.65 14.64 14.62 14.61 14.60 14.59 14.57 14.56 14.56 14.56 14.56 14.56 14.56 14.56 14.57 14.57 14.57 14.56 14.55 14.54 14.53 14.52 14.51 14.48 14.46 14.44 14.42 14.40 14.39 14.39 14.38 14.38 14.39 14.40 14.42 14.44 14.48 14.50 14.54 14.58 14.61 14.64 14.68 14.71 14.74 14.75 14.77 14.79 14.79 14.80 14.79 14.79 14.79 14.78 14.76 14.74 14.73 14.72 14.70 14.68 14.66 14.65 14.64 14.62 14.61 14.61 14.61 14.62 14.64 14.67 14.71 14.77
14.73 14.71 14.69 14.68 14.66 14.64 14.64 14.63 14.62 14.61 14.61 14.60 14.60 14.60 14.60 14.61 14.61 14.62 14.62 14.63 14.63 14.64 14.64 14.64 14.63 14.62 14.61 14.60 14.58 14.57 14.55 14.53 14.51 14.49 14.47 14.46 14.45 14.45 14.45 14.46 14.47 14.49 14.51 14.53 14.55 14.58 14.60 14.63 14.65 14.67 14.68 14.69 14.70 14.70 14.70 14.70 14.70 14.68 14.67 14.66 14.65 14.63 14.61 14.60 14.58 14.57 14.56 14.55 14.55 14.54 14.54 14.54 14.56 14.58 14.62 14.66 14.70
14.71 14.69 14.67 14.66 14.66 14.65 14.65 14.65 14.64 14.64 14.64 14.65 14.65 14.66 14.67 14.67 14.68 14.70 14.70 14.72 14.73 14.73 14.74 14.74 14.74 14.73 14.73 14.72 14.71 14.69 14.68 14.65 14.64 14.61 14.60 14.57 14.56 14.54 14.53 14.53 14.52 14.52 14.53 14.54 14.55 14.56 14.57 14.59 14.60 14.61 14.61 14.62 14.62 14.62 14.61 14.61 14.60 14.59 14.57 14.56 14.55 14.54 14.52 14.51 14.49 14.49 14.47 14.47 14.47 14.47 14.48 14.48 14.50 14.53 14.56 14.61 14.65
14.71 14.70 14.68 14.68 14.67 14.68 14.68 14.68 14.69 14.70 14.70 14.71 14.72 14.73 14.74 14.76 14.77 14.79 14.80 14.81 14.82 14.83 14.84 14.85 14.85 14.86 14.86 14.84 14.84 14.83 14.82 14.79 14.78 14.76 14.73 14.71 14.68 14.66 14.64 14.62 14.61 14.60 14.59 14.58 14.56 14.56 14.56 14.56 14.56 14.56 14.55 14.54 14.54 14.54 14.53 14.52 14.50 14.49 14.49 14.47 14.46 14.45 14.43 14.43 14.42 14.40 14.40 14.41 14.40 14.41 14.42 14.43 14.45 14.48 14.52 14.56 14.60
14.72 14.72 14.71 14.71 14.71 14.71 14.73 14.74 14.75 14.75 14.77 14.78 14.80 14.81 14.83 14.84 14.86 14.87 14.90 14.91 14.92 14.94 14.95 14.97 14.97 14.97 14.97 14.97 14.97 14.96 14.95 14.94 14.93 14.90 14.88 14.85 14.82 14.79 14.76 14.74 14.71 14.70 14.67 14.65 14.64 14.61 14.58 14.56 14.53 14.52 14.50 14.48 14.47 14.46 14.45 14.43 14.42 14.41 14.39 14.38 14.38 14.36 14.35 14.34 14.34 14.33 14.34 14.34 14.35 14.36 14.37 14.39 14.42 14.44 14.48 14.52 14.56
14.73 14.74 14.74 14.74 14.76 14.77 14.78 14.79 14.82 14.83 14.85 14.86 14.88 14.90 14.92 14.93 14.95 14.97 14.99 15.01 15.02 15.04 15.05 15.06 15.08 15.09 15.09 15.09 15.09 15.08 15.08 15.07 15.05 15.03 15.01 14.98 14.95 14.91 14.87 14.85 14.81 14.77 14.75 14.72 14.69 14.66 14.63 14.59 14.56 14.51 14.47 14.43 14.41 14.39 14.37 14.35 14.34 14.33 14.31 14.30 14.29 14.28 14.28 14.27 14.28 14.28 14.28 14.29 14.30 14.30 14.32 14.35 14.38 14.41 14.45 14.49 14.53
14.73 14.75 14.76 14.78 14.80 14.82 14.85 14.87 14.89 14.90 14.93 14.94 14.96 14.98 15.00 15.02 15.04 15.06 15.08 15.10 15.11 15.13 15.15 15.16 15.17 15.18 15.18 15.20 15.20 15.19 15.19 15.18 15.16 15.15 15.12 15.10 15.06 15.02 14.97 14.92 14.87 14.84 14.80 14.77 14.73 14.70 14.66 14.62 14.58 14.53 14.49 14.43 14.39 14.34 14.31 14.29 14.27 14.25 14.24 14.23 14.22 14.22 14.21 14.21 14.21 14.21 14.23 14.24 14.25 14.27 14.29 14.31 14.35 14.37 14.41 14.45 14.49
14.73 14.75 14.78 14.81 14.85 14.88 14.91 14.94 14.96 14.98 15.00 15.01 15.04 15.06 15.08 15.09 15.11 15.14 15.15 15.17 15.19 15.21 15.22 15.24 15.24 15.25 15.26 15.26 15.26 15.26 15.26 15.25 15.24 15.22 15.20 15.17 15.15 15.09 15.03 14.97 14.93 14.87 14.84 14.79 14.75 14.71 14.68 14.63 14.60 14.55 14.51 14.45 14.39 14.34 14.29 14.23 14.20 14.19 14.17 14.16 14.15 14.15 14.15 14.16 14.16 14.16 14.18 14.19 14.21 14.22 14.26 14.28 14.32 14.35 14.38 14.42 14.47
14.73 14.75 14.79 14.83 14.87 14.92 14.97 15.01 15.03 15.05 15.07 15.09 15.11 15.13 15.15 15.16 15.18 15.20 15.21 15.23 15.25 15.26 15.28 14.87 15.29 15.30 15.31 15.32 15.31 15.31 15.30 15.30 15.29 15.27 15.26 15.23 15.19 15.13 15.07 15.01 14.96 14.90 14.84 14.80 14.76 14.72 14.68 14.64 14.60 14.56 14.51 14.46 14.42 14.36 14.30 14.23 14.18 14.14 14.11 14.10 14.09 14.09 14.09 14.10 14.10 14.12 14.13 14.15 14.17 14.19 14.23 14.25 14.29 14.33 14.36 14.40 14.44
14.71 14.75 14.80 14.84 14.89 14.96 15.01 15.07 15.09 15.11 15.12 15.14 15.16 15.18 15.19 15.21 15.22 15.24 15.26 15.27 15.29 15.30 15.30 15.02 15.09 15.04 15.33 15.33 15.34 15.33 15.32 15.31 15.30 15.29 15.26 15.23 15.21 15.16 15.09 15.03 14.96 14.90 14.84 14.80 14.75 14.71 14.67 14.63 14.59 14.54 14.51 14.46 14.41 14.36 14.31 14.26 14.19 14.14 14.09 14.05 14.04 14.04 14.04 14.04 14.06 14.07 14.09 14.11 14.13 14.16 14.19 14.22 14.26 14.30 14.34 14.38 14.42
14.70 14.75 14.79 14.84 14.91 14.98 15.04 15.11 15.14 15.16 15.17 15.19 15.21 15.21 15.23 15.25 15.26 15.27 15.28 15.29 15.30 15.31 15.25 15.12 15.16 15.18 15.31 15.33 15.33 15.32 15.32 15.30 15.28 15.27 15.24 15.22 15.18 15.14 15.08 15.01 14.95 14.88 14.83 14.78 14.73 14.69 14.64 14.60 14.57 14.53 14.48 14.45 14.40 14.36 14.31 14.26 14.21 14.15 14.11 14.06 14.01 13.99 13.99 13.99 14.01 14.02 14.04 14.07 14.09 14.13 14.16 14.19 14.23 14.27 14.31 14.35 14.38
14.67 14.72 14.78 14.84 14.91 14.99 15.07 15.14 15.17 15.19 15.20 15.21 15.23 15.24 15.25 15.26 15.27 15.28 15.29 15.29 15.31 15.31 15.00 15.07 15.14 15.00 15.32 15.31 15.31 15.29 15.28 15.26 15.25 15.22 15.20 15.16 15.13 15.08 15.04 14.98 14.92 14.85 14.79 14.73 14.69 14.64 14.60 14.56 14.53 14.49 14.45 14.42 14.38 14.34 14.30 14.25 14.21 14.16 14.11 14.07 14.03 13.99 13.96 13.95 13.96 13.97 13.99 14.02 14.05 14.08 14.12 14.16 14.20 14.23 14.27 14.31 14.35
14.65 14.70 14.76 14.83 14.90 14.98 15.07 15.15 15.19 15.21 15.22 15.23 15.24 15.25 15.26 15.26 15.27 15.28 15.28 15.29 15.30 15.29 15.08 14.90 14.92 14.95 15.28 15.28 15.26 15.25 15.23 15.21 15.18 15.16 15.12 15.09 15.05 15.01 14.97 14.91 14.86 14.79 14.74 14.68 14.63 14.58 14.55 14.51 14.48 14.44 14.41 14.37 14.34 14.30 14.26 14.23 14.18 14.15 14.10 14.07 14.03 13.99 13.96 13.94 13.93 13.92 13.94 13.96 13.99 14.03 14.07 14.11 14.16 14.19 14.23 14.28 14.32
14.62 14.67 14.74 14.80 14.88 14.96 15.05 15.14 15.20 15.21 15.22 15.23 15.24 15.25 15.25 15.26 15.26 15.27 15.27 15.27 15.27 15.27 14.97 14.81 15.07 14.93 15.18 15.22 15.21 15.19 15.17 15.13 15.11 15.08 15.04 15.00 14.96 14.91 14.87 14.82 14.77 14.71 14.66 14.61 14.56 14.52 14.48 14.44 14.41 14.38 14.35 14.31 14.28 14.25 14.21 14.18 14.14 14.11 14.07 14.04 14.00 13.97 13.94 13.92 13.90 13.90 13.90 13.91 13.93 13.96 14.00 14.05 14.09 14.13 14.18 14.22 14.25
14.58 14.64 14.71 14.78 14.86 14.94 15.03 15.13 15.20 15.21 15.22 15.22 15.22 15.24 15.24 15.24 15.24 15.24 15.24 15.23 15.24 14.98 14.80 14.76 14.76 14.86 14.97 15.15 15.13 15.11 15.08 15.05 15.02 14.98 14.94 14.90 14.86 14.81 14.77 14.71 14.67 14.63 14.57 14.53 14.48 14.44 14.40 14.37 14.33 14.30 14.27 14.24 14.21 14.18 14.14 14.11 14.08 14.04 14.01 13.97 13.95 13.92 13.89 13.88 13.86 13.86 13.86 13.86 13.88 13.90 13.93 13.96 14.00 14.05 14.09 14.14 14.18
14.54 14.61 14.67 14.74 14.82 14.90 14.99 15.09 15.18 15.20 15.20 15.21 15.21 15.21 15.21 15.21 15.21 15.21 15.20 15.20 15.19 15.18 14.42 14.44 14.43 14.40 14.54 15.08 15.04 15.02 14.99 14.95 14.91 14.87 14.83 14.79 14.74 14.70 14.66 14.62 14.57 14.53 14.49 14.44 14.40 14.36 14.32 14.28 14.25 14.21 14.18 14.14 14.11 14.08 14.05 14.02 13.97 13.94 13.91 13.88 13.85 13.82 13.81 13.79 13.78 13.77 13.78 13.78 13.80 13.82 13.84 13.88 13.92 13.95 13.99 14.03 14.07
14.51 14.56 14.62 14.69 14.78 14.86 14.95 15.04 15.13 15.17 15.18 15.18 15.18 15.17 15.18 15.17 15.16 15.16 15.15 15.15 15.13 15.12 14.75 14.58 14.12 14.31 14.45 14.98 14.95 14.92 14.89 14.85 14.80 14.76 14.72 14.68 14.64 14.60 14.55 14.52 14.48 14.45 14.40 14.37 14.33 14.30 14.26 14.22 14.18 14.14 14.10 14.05 14.01 13.97 13.93 13.89 13.85 13.82 13.78 13.75 13.72 13.69 13.68 13.66 13.65 13.65 13.65 13.66 13.69 13.71 13.73 13.76 13.80 13.84 13.88 13.91 13.95
14.46 14.51 14.58 14.64 14.72 14.80 14.88 14.98 15.07 15.13 15.14 15.15 15.14 15.14 15.14 15.13 15.12 15.11 15.10 15.08 15.07 15.04 14.63 14.42 13.85 14.17 14.92 14.89 14.85 14.82 14.78 14.74 14.69 14.65 14.61 14.57 14.53 14.50 14.46 14.42 14.39 14.36 14.33 14.30 14.27 14.25 14.21 14.18 14.14 14.10 14.05 14.01 13.96 13.89 13.83 13.77 13.72 13.67 13.62 13.59 13.55 13.53 13.50 13.49 13.48 13.48 13.49 13.50 13.52 13.54 13.58 13.61 13.65 13.69 13.73 13.78 13.81
14.40 14.46 14.52 14.58 14.66 14.73 14.82 14.90 15.00 15.08 15.10 15.11 15.10 15.10 15.09 15.07 15.06 15.04 15.03 15.02 14.99 14.97 14.21 14.87 14.76 14.85 14.82 14.78 14.74 14.71 14.67 14.62 14.59 14.54 14.50 14.47 14.43 14.40 14.37 14.35 14.32 14.30 14.27 14.25 14.23 14.20 14.17 14.14 14.11 14.07 14.02 13.97 13.93 13.87 13.79 13.72 13.65 13.59 13.51 13.45 13.38 13.33 13.30 13.28 13.27 13.26 13.27 13.29 13.31 13.34 13.38 13.42 13.46 13.51 13.55 13.60 13.65
14.35 14.40 14.46 14.52 14.59 14.67 14.74 14.82 14.91 14.99 15.05 15.06 15.05 15.04 15.03 15.02 14.99 14.98 14.95 14.93 14.91 14.88 14.85 14.82 14.78 14.75 14.71 14.67 14.63 14.59 14.55 14.52 14.48 14.44 14.41 14.38 14.35 14.33 14.30 14.28 14.26 14.24 14.22 14.21 14.19 14.16 14.14 14.11 14.08 14.04 14.00 13.96 13.90 13.84 13.77 13.69 13.62 13.54 13.47 13.38 13.31 13.24 13.19 13.14 13.10 13.08 13.07 13.07 13.08 13.10 13.15 13.19 13.25 13.30 13.36 13.41 13.46
14.30 14.35 14.40 14.46 14.52 14.60 14.66 14.73 14.82 14.89 14.96 15.00 14.99 14.98 14.96 14.94 14.93 14.90 14.87 14.85 14.81 14.78 14.75 14.71 14.68 14.64 14.60 14.56 14.52 14.48 14.44 14.41 14.38 14.35 14.32 14.29 14.27 14.25 14.24 14.22 14.21 14.20 14.19 14.18 14.16 14.14 14.12 14.09 14.06 14.02 13.99 13.94 13.88 13.82 13.75 13.67 13.60 13.51 13.43 13.35 13.27 13.20 13.13 13.08 13.02 12.99 12.97 12.96 12.96 12.97 13.01 13.04 13.09 13.15 13.21 13.26 13.32
14.25 14.29 14.34 14.39 14.45 14.51 14.58 14.65 14.72 14.79 14.86 14.91 14.93 14.91 14.89 14.86 14.84 14.81 14.79 14.75 14.71 14.68 14.64 14.60 14.56 14.53 14.49 14.45 14.41 14.37 14.34 14.31 14.28 14.26 14.24 14.22 14.21 14.20 14.19 14.18 14.18 14.17 14.16 14.15 14.14 14.12 14.11 14.09 14.05 14.02 13.97 13.92 13.86 13.80 13.73 13.65 13.57 13.49 13.41 13.32 13.24 13.17 13.09 13.03 12.98 12.94 12.91 12.90 12.89 12.91 12.93 12.96 13.01 13.05 13.11 13.17 13.23
14.20 14.23 14.28 14.33 14.38 14.43 14.50 14.55 14.62 14.68 14.74 14.80 14.84 14.83 14.80 14.78 14.75 14.71 14.68 14.64 14.61 14.57 14.53 14.48 14.44 14.40 14.38 14.34 14.31 14.28 14.25 14.22 14.20 14.19 14.18 14.17 14.16 14.15 14.16 14.16 14.15 14.15 14.15 14.14 14.13 14.12 14.11 14.08 14.05 14.01 13.96 13.92 13.86 13.79 13.72 13.64 13.56 13.47 13.38 13.30 13.22 13.14 13.06 13.01 12.95 12.91 12.87 12.86 12.85 12.86 12.88 12.91 12.95 13.00 13.05 13.11 13.17
14.14 14.18 14.22 14.26 14.31 14.36 14.41 14.46 14.52 14.57 14.62 14.68 14.71 14.73 14.72 14.68 14.65 14.61 14.58 14.54 14.49 14.45 14.41 14.37 14.33 14.30 14.26 14.24 14.21 14.19 14.17 14.15 14.14 14.13 14.13 14.12 14.13 14.13 14.13 14.14 14.14 14.14 14.14 14.14 14.13 14.12 14.10 14.08 14.05 14.01 13.96 13.91 13.86 13.79 13.71 13.63 13.55 13.46 13.38 13.28 13.20 13.13 13.05 12.99 12.93 12.89 12.86 12.84 12.83 12.84 12.85 12.88 12.92 12.97 13.02 13.08 13.15
14.09 14.13 14.16 14.20 14.25 14.28 14.33 14.37 14.42 14.47 14.51 14.55 14.59 14.61 14.61 14.58 14.54 14.49 14.46 14.42 14.38 14.34 14.30 14.26 14.23 14.20 14.18 14.15 14.13 14.11 14.10 14.10 14.09 14.09 14.09 14.09 14.11 14.11 14.12 14.13 14.14 14.14 13.92 13.81 14.14 14.13 14.11 14.08 14.06 14.01 13.97 13.91 13.85 13.78 13.71 13.63 13.54 13.45 13.37 13.27 13.19 13.11 13.04 12.97 12.92 12.88 12.85 12.83 12.82 12.83 12.85 12.88 12.91 12.96 13.01 13.08 13.13
14.05 14.08 14.11 14.14 14.18 14.21 14.26 14.29 14.33 14.37 14.41 14.43 14.46 14.48 14.49 14.46 14.42 14.38 14.34 14.30 14.27 14.23 14.19 14.16 14.13 14.11 14.09 14.08 14.06 14.05 14.05 14.05 14.05 14.06 14.06 14.08 14.09 14.11 14.11 14.13 14.14 14.12 13.67 14.15 14.15 14.14 14.12 14.10 14.07 14.02 13.98 13.92 13.85 13.78 13.71 13.62 13.54 13.45 13.36 13.27 13.18 13.11 13.04 12.98 12.92 12.88 12.85 12.83 12.83 12.83 12.85 12.88 12.92 12.96 13.02 13.07 13.13
14.00 14.03 14.06 14.09 14.12 14.15 14.18 14.22 14.24 14.27 14.30 14.33 14.34 14.35 14.36 14.35 14.31 14.27 14.23 14.20 14.16 14.13 14.10 14.07 14.05 14.03 14.02 14.01 14.00 14.00 14.01 14.01 14.03 14.04 14.05 14.07 14.09 14.11 14.12 13.91 14.15 14.16 14.17 14.17 14.17 14.16 14.14 14.12 14.08 14.04 13.98 13.93 13.86 13.78 13.71 13.62 13.54 13.45 13.36 13.27 13.19 13.11 13.04 12.98 12.93 12.89 12.85 12.84 12.84 12.85 12.87 12.89 12.93 12.97 13.03 13.08 13.15
13.96 13.99 14.01 14.04 14.07 14.10 14.12 14.14 14.17 14.20 14.21 14.23 14.24 14.24 14.24 14.22 14.19 14.15 14.12 14.08 14.05 14.04 14.01 13.99 13.98 13.96 13.97 13.96 13.96 13.97 13.98 14.00 14.01 14.03 14.04 14.07 14.09 14.11 14.13 13.80 14.16 14.18 14.19 14.20 14.19 14.18 14.16 14.14 14.10 14.05 14.01 13.94 13.87 13.79 13.72 13.63 13.54 13.46 13.37 13.28 13.20 13.12 13.04 12.99 12.94 12.89 12.87 12.86 12.86 12.87 12.88 12.91 12.95 13.00 13.05 13.11 13.17
