main/data/temperature/03.09.2023.grid
ncols 886
nrows 691
xllcenter 112.0000
yllcenter -44.5000
cellsize 0.0500
nodata_value 99999.90
[rows 374 to 407 of 691, columns 154 to 230 of 886]
19.26 19.23 19.36 19.42 19.34 19.35 19.62 19.61 19.64 19.71 19.76 19.85 19.91 19.93 20.09 20.12 20.12 20.12 20.13 20.17 20.15 20.18 20.21 20.27 20.32 20.33 20.30 20.10 20.24 20.27 20.20 20.17 20.16 20.14 20.16 20.17 20.08 19.99 20.07 20.08 20.04 19.83 19.68 19.79 20.10 20.21 20.34 20.48 20.58 20.65 20.67 20.56 20.44 20.27 20.32 20.31 20.35 20.37 20.37 20.37 20.51 20.36 20.48 20.66 20.70 20.55 20.74 20.94 21.10 21.15 21.16 21.15 21.04 20.92 20.78 20.93 21.16
19.41 19.34 19.44 19.45 19.36 19.10 19.59 19.66 19.73 19.78 19.81 19.89 19.93 20.02 20.06 20.09 20.12 20.14 20.14 20.15 20.16 20.05 20.13 20.24 20.26 20.27 20.29 20.27 20.25 20.26 20.24 20.26 20.22 20.21 20.18 20.15 20.13 20.03 20.12 20.13 20.14 20.03 19.89 19.90 20.09 20.23 20.24 20.21 20.45 20.56 20.62 20.59 20.49 20.34 20.32 20.47 20.27 20.42 20.28 20.25 20.31 20.26 20.24 20.38 20.45 20.42 20.53 20.76 20.94 21.11 21.15 21.02 20.74 20.68 20.70 21.04 21.34
19.40 19.44 19.46 19.35 19.26 19.48 19.20 19.73 19.79 19.83 19.84 19.85 19.92 19.93 19.97 19.94 19.92 19.99 20.03 20.10 20.13 20.09 20.08 20.16 20.18 20.19 20.20 20.23 20.22 20.23 20.23 20.24 20.14 20.11 20.08 20.08 20.14 20.12 20.16 20.04 20.14 20.11 20.06 20.03 20.02 20.23 20.30 20.34 20.38 20.35 20.43 20.56 20.50 20.44 20.50 20.49 20.45 20.53 20.39 20.36 20.09 20.11 20.08 20.23 20.57 20.71 20.76 20.77 20.70 21.00 21.07 21.01 20.95 20.83 20.89 21.04 21.25
19.30 19.45 19.37 19.38 19.43 19.53 19.53 19.70 19.67 19.66 19.70 19.60 19.67 19.63 19.80 19.82 19.65 19.79 19.85 19.95 20.02 20.05 19.99 19.99 20.04 20.05 20.12 20.16 20.18 20.22 20.22 20.23 20.21 20.17 20.11 20.15 20.13 20.15 20.09 20.07 20.13 20.12 19.97 19.92 19.87 20.06 20.12 20.26 20.38 20.55 20.58 20.60 20.52 20.53 20.55 20.55 20.51 20.49 20.43 20.29 20.16 20.16 20.14 20.31 20.61 20.77 20.84 20.88 20.91 20.82 20.97 21.08 21.05 20.99 20.79 21.14 21.26
19.31 19.37 19.29 19.43 19.42 19.47 19.46 19.58 19.51 19.40 19.43 19.40 19.25 19.50 19.65 19.71 19.57 19.59 19.61 19.74 19.88 19.93 19.86 19.80 19.83 19.84 19.93 19.97 19.95 20.06 20.15 20.23 20.24 20.10 20.21 20.14 20.14 20.18 20.20 20.17 20.00 19.97 20.00 19.92 19.92 19.89 20.02 20.17 20.36 20.48 20.51 20.54 20.45 20.59 20.52 20.52 20.50 20.44 20.29 20.01 20.19 20.30 20.37 20.43 20.59 20.55 20.58 20.73 20.95 20.83 20.66 21.00 21.01 20.79 21.03 21.05 21.44
19.25 19.30 19.34 19.38 19.40 19.45 19.08 19.40 19.33 19.22 19.11 19.27 18.90 19.26 19.51 19.58 19.45 19.25 19.52 19.60 19.77 19.79 19.67 19.62 19.51 19.64 19.73 19.81 19.81 19.72 19.98 20.09 20.18 20.23 20.22 20.23 20.14 20.21 20.21 20.19 20.16 20.07 19.94 19.99 19.75 19.87 20.04 20.17 20.37 20.30 20.34 20.47 20.50 20.54 20.45 20.48 20.42 20.30 20.06 19.96 20.20 20.23 20.28 20.33 20.35 20.64 20.74 20.81 20.88 20.85 20.82 20.94 20.97 20.83 21.09 21.31 21.44
19.17 19.21 19.25 19.26 19.09 19.35 19.26 19.26 19.09 19.04 19.11 19.11 18.89 19.16 19.33 19.39 19.37 19.37 19.47 19.61 19.64 19.59 19.38 19.39 19.27 19.35 19.57 19.61 19.67 19.74 19.85 19.91 20.05 20.10 20.18 20.20 20.19 20.22 20.20 20.19 20.19 20.12 20.07 20.01 19.85 19.74 19.99 20.07 20.19 20.20 20.37 20.40 20.43 20.36 20.50 20.38 20.31 20.15 20.00 19.88 20.08 19.92 20.05 20.25 20.32 20.56 20.74 20.75 20.72 20.81 20.84 20.86 20.89 20.91 21.14 21.30 21.36
19.07 19.12 19.14 19.07 19.10 19.24 19.25 19.17 19.16 19.08 19.20 19.07 18.88 18.87 19.03 19.11 19.15 19.24 19.39 19.40 19.45 19.40 19.25 19.15 19.01 19.31 19.32 19.32 19.32 19.53 19.65 19.80 19.92 19.87 20.04 20.07 20.09 20.11 20.20 20.19 20.19 20.13 20.06 19.96 19.81 19.74 19.80 19.95 20.03 19.93 20.24 20.33 20.27 20.40 20.44 20.32 20.24 20.12 19.99 19.87 19.87 19.73 19.81 20.25 20.45 20.62 20.65 20.63 20.46 20.50 20.49 20.54 20.61 20.83 21.16 21.22 21.09
18.95 18.87 18.81 18.95 18.93 19.13 19.10 19.10 19.08 19.06 18.93 18.96 18.91 18.41 18.82 18.78 18.87 19.09 19.12 19.17 19.12 19.18 19.02 18.77 18.85 19.00 19.00 19.05 19.21 19.37 19.52 19.65 19.74 19.77 19.84 19.75 19.89 19.89 20.12 20.15 20.13 20.11 20.03 19.89 19.61 19.53 19.48 19.78 19.84 19.91 20.11 20.19 20.30 20.23 20.37 20.30 20.21 20.00 19.90 19.69 19.72 20.05 20.11 20.33 20.44 20.59 20.43 20.40 20.45 20.27 20.17 20.44 20.74 20.89 21.13 21.17 21.07
18.87 18.79 18.57 18.67 18.78 18.96 18.84 18.89 18.76 18.81 18.74 18.72 18.64 18.68 18.37 18.60 18.63 18.90 18.97 19.00 18.98 18.91 18.88 18.70 19.01 19.11 19.10 19.11 18.89 19.15 19.31 19.38 19.54 19.58 19.46 19.66 19.78 19.81 19.98 20.07 20.11 20.11 20.01 19.92 19.78 19.75 19.70 19.78 19.72 19.66 19.87 20.08 20.15 20.26 20.17 20.23 20.17 20.10 19.99 19.93 19.82 19.88 20.07 20.28 20.41 20.51 20.57 20.54 20.56 20.48 20.24 20.32 20.77 20.98 21.10 21.11 21.12
18.78 18.80 18.80 18.62 18.77 18.75 18.56 18.73 18.59 18.63 18.61 18.57 18.62 18.56 18.70 18.67 18.87 19.02 19.15 19.19 19.16 19.09 18.96 18.70 18.97 19.17 19.17 18.95 18.84 19.01 19.02 19.25 19.43 19.32 19.39 19.52 19.66 19.79 19.86 19.95 20.03 20.05 20.02 19.95 19.87 19.82 19.74 19.90 19.71 19.56 19.60 19.89 20.06 20.19 20.12 20.26 20.18 20.15 20.05 19.87 19.62 19.81 19.88 20.09 20.19 20.23 20.48 20.50 20.33 20.13 20.18 20.51 20.71 20.97 20.97 21.02 21.06
18.66 18.75 18.67 18.51 18.51 18.49 18.30 18.34 18.30 18.74 18.76 18.75 18.76 18.78 18.78 18.46 18.82 18.89 19.11 19.25 19.18 19.17 18.95 18.79 19.03 19.24 19.13 18.93 18.94 19.04 18.83 18.94 19.03 19.01 19.27 19.29 19.32 19.63 19.69 19.73 19.79 19.98 20.00 19.97 19.89 19.92 19.90 19.85 19.68 19.61 19.62 19.74 19.74 20.00 20.05 20.17 20.21 20.14 20.06 19.91 19.95 19.97 19.73 19.80 20.08 20.28 20.49 20.39 20.28 20.23 20.24 20.57 20.78 20.86 20.86 20.66 20.83
18.61 18.66 18.62 18.46 18.43 18.26 18.08 18.35 18.57 18.74 18.87 18.87 18.81 18.88 18.98 18.89 18.90 18.79 19.14 19.26 19.29 19.25 19.15 19.02 19.14 19.26 19.14 19.13 19.11 19.00 18.93 19.04 18.82 18.94 19.09 19.17 19.34 19.45 19.16 19.62 19.67 19.82 19.93 19.95 19.97 19.94 19.92 19.86 19.74 19.73 19.70 19.82 19.79 19.85 19.85 19.88 20.04 20.05 20.09 20.02 20.03 19.98 20.05 19.97 19.88 20.26 20.42 20.33 20.36 20.44 20.37 20.64 20.75 20.72 20.66 20.50 20.65
18.55 18.58 18.52 18.46 18.56 18.47 18.26 18.30 18.42 18.41 18.71 18.91 18.96 19.05 19.04 18.99 18.99 18.87 19.23 19.23 19.26 19.28 19.25 19.23 19.26 19.30 19.32 19.22 19.07 19.06 19.11 19.04 18.78 18.84 18.88 19.07 19.13 19.11 19.33 19.39 19.50 19.67 19.84 19.88 19.92 19.93 19.94 19.90 19.83 19.67 19.86 19.80 19.91 19.86 19.92 19.87 19.81 20.00 20.02 20.05 20.07 20.11 20.08 19.89 19.96 20.15 20.35 20.38 20.46 20.48 20.39 20.59 20.67 20.70 20.70 20.64 20.60
18.43 18.50 18.53 18.55 18.45 18.28 18.22 18.10 18.24 18.34 18.77 18.91 18.96 19.02 19.04 19.10 19.10 19.00 19.16 19.18 19.20 19.20 19.23 19.25 19.26 19.29 19.29 19.20 19.00 19.13 19.19 19.14 19.03 19.01 18.75 18.90 18.86 18.95 19.04 19.25 19.45 19.55 19.68 19.77 19.81 19.85 19.89 19.88 19.87 19.88 19.75 19.91 19.94 19.81 19.96 19.81 19.42 19.80 19.94 19.96 20.00 20.06 20.09 20.05 19.96 19.86 20.05 20.16 20.38 20.36 20.23 20.53 20.63 20.54 20.52 20.56 20.53
18.01 18.34 18.47 18.41 18.45 18.31 18.05 18.07 18.29 18.27 18.74 18.87 18.90 18.71 18.61 18.86 18.91 19.00 19.04 19.11 19.13 19.15 19.16 19.18 19.20 19.21 19.23 19.23 19.14 19.25 19.23 19.08 19.11 19.15 19.11 19.04 19.04 18.97 18.90 19.06 19.29 19.44 19.51 19.62 19.75 19.77 19.80 19.85 19.86 19.68 19.84 19.93 19.93 19.88 19.98 19.88 19.66 19.61 19.75 19.64 19.77 19.76 20.03 20.00 19.94 20.01 19.97 20.29 20.33 20.34 20.41 20.45 20.51 20.57 20.57 20.41 20.56
18.31 18.36 18.40 18.37 18.29 18.31 18.20 18.20 18.36 18.32 18.50 18.63 18.84 18.74 18.53 18.58 18.61 18.73 18.79 18.97 19.08 19.09 19.11 19.09 19.11 19.14 19.17 19.19 19.20 19.21 19.24 19.23 19.20 19.17 19.17 19.11 19.06 19.10 18.76 18.76 19.13 19.23 19.02 19.42 19.61 19.71 19.72 19.76 19.76 19.82 19.85 19.89 19.96 19.65 19.99 19.91 19.77 19.61 19.55 19.32 19.48 19.66 19.89 20.00 20.07 20.12 20.16 20.22 20.28 20.27 20.37 20.41 20.42 20.39 20.42 20.64 20.72
18.22 18.32 18.34 18.32 18.11 18.10 18.23 18.14 17.99 18.12 18.37 18.53 18.76 18.72 18.56 18.35 18.33 18.46 18.57 18.72 18.86 18.86 18.88 18.90 18.67 19.09 19.10 19.12 19.13 19.15 19.16 19.18 19.27 19.24 19.25 19.19 19.19 19.12 18.99 18.93 18.89 19.05 19.00 19.30 19.43 19.54 19.65 19.70 19.73 19.70 19.80 19.86 19.92 19.94 19.93 19.91 19.80 19.63 19.28 19.38 19.52 19.61 19.83 19.90 19.92 19.91 20.07 20.14 20.21 20.25 20.30 20.36 20.38 20.40 20.58 20.56 20.67
18.02 18.26 18.20 18.17 18.12 17.94 17.99 18.03 18.09 18.28 18.36 18.54 18.69 18.67 18.62 18.47 18.26 18.32 18.30 18.42 18.58 18.52 18.56 18.83 18.95 19.02 18.90 18.84 18.91 19.08 18.98 18.78 19.07 19.23 19.25 19.21 19.14 19.23 19.14 18.98 19.00 19.05 18.93 19.17 19.21 19.31 19.47 19.63 19.68 19.70 19.70 19.69 19.79 19.78 19.91 19.89 19.84 19.68 19.52 19.38 19.33 19.33 19.63 19.63 19.46 19.85 20.05 20.11 20.12 20.10 20.24 20.30 20.35 20.44 20.40 20.36 20.35
18.18 18.19 18.08 17.90 17.93 17.69 17.80 18.00 17.85 18.12 18.20 18.55 18.56 18.44 18.51 18.50 18.32 17.83 18.41 18.58 18.60 18.59 18.74 18.89 18.92 18.89 18.68 18.65 18.66 18.89 18.72 18.57 18.85 19.02 19.18 19.18 19.19 19.24 19.19 19.05 19.12 19.01 18.88 18.94 18.87 19.14 19.21 19.35 19.52 19.52 19.54 19.39 19.52 19.64 19.62 19.75 19.86 19.76 19.56 19.57 19.31 19.12 19.41 19.35 19.55 19.74 19.80 19.78 19.84 19.95 20.22 20.21 20.29 20.40 20.42 20.40 20.45
18.10 18.14 18.14 18.08 17.91 17.82 17.77 17.98 18.13 18.28 18.23 18.41 18.53 18.47 18.24 18.28 18.08 18.21 18.36 18.59 18.68 18.76 18.81 18.82 18.67 18.79 18.62 18.45 18.51 18.67 18.48 18.40 18.60 18.90 19.11 19.13 19.15 19.17 19.19 19.17 19.02 19.07 19.01 18.83 18.86 18.88 19.18 19.24 19.52 19.45 19.37 19.40 19.38 19.26 19.58 19.81 19.85 19.83 19.63 19.68 19.59 19.37 19.04 19.25 19.37 19.51 19.76 19.67 19.51 19.91 20.11 20.05 19.99 20.19 20.27 20.43 20.51
17.94 18.08 18.09 17.95 17.73 17.88 18.08 17.99 18.19 18.29 18.36 18.40 18.45 18.37 18.16 17.92 17.87 17.88 18.41 18.38 18.52 18.70 18.71 18.51 18.63 18.63 18.62 18.52 18.50 18.77 18.74 18.42 18.56 18.85 18.82 19.05 19.08 19.10 19.11 19.16 19.15 19.15 19.09 18.89 18.98 19.08 19.21 19.35 19.49 19.50 19.50 19.52 19.37 19.12 19.38 19.55 19.62 19.77 19.73 19.66 19.41 19.49 19.34 19.07 19.19 19.48 19.46 19.42 19.49 19.75 19.87 19.74 19.98 20.09 19.99 20.09 20.39
17.91 18.02 17.97 17.95 17.74 17.66 17.95 18.07 18.03 18.10 18.12 18.19 18.41 18.27 18.09 18.02 17.89 18.14 18.26 18.27 18.47 18.55 18.39 18.48 18.33 18.60 18.63 18.68 18.66 18.79 18.84 18.68 18.50 18.60 18.92 18.97 19.00 19.02 19.03 19.01 19.06 19.18 19.15 19.05 18.89 19.12 19.32 19.43 19.49 19.50 19.55 19.49 19.38 19.18 19.17 19.26 19.56 19.62 19.78 19.73 19.71 19.67 19.36 19.45 19.16 19.20 19.19 19.40 19.40 19.67 19.95 19.85 19.71 19.85 19.99 20.08 20.14
17.80 17.92 17.94 17.97 17.75 17.74 17.68 17.80 17.88 18.08 17.87 18.08 18.25 18.33 18.21 18.06 17.78 17.88 18.04 18.07 18.34 18.13 18.22 18.41 18.26 18.41 18.49 18.62 18.45 18.73 18.79 18.80 18.76 18.61 18.84 18.91 18.88 18.73 18.68 18.66 18.83 19.08 19.16 19.14 19.16 19.25 19.34 19.37 19.41 19.44 19.48 19.46 19.32 19.29 19.05 19.25 19.46 19.57 19.55 19.79 19.78 19.71 19.68 19.55 19.38 19.45 19.62 19.53 19.37 19.57 19.75 19.63 19.79 19.77 19.86 20.06 20.10
17.61 17.74 17.83 17.96 17.89 17.72 17.60 17.77 17.89 17.93 17.60 17.80 17.98 18.27 18.18 17.96 17.61 17.66 17.74 18.02 18.16 18.25 18.35 18.47 18.51 18.52 18.56 18.44 18.33 18.65 18.68 18.62 18.78 18.72 18.80 18.83 18.80 18.60 18.63 18.78 18.90 18.78 18.93 19.10 19.07 19.09 19.18 19.18 19.35 19.37 19.41 19.42 19.29 19.40 19.31 19.08 19.23 19.43 19.51 19.68 19.75 19.77 19.74 19.64 19.70 19.70 19.73 19.41 19.33 19.35 19.51 19.53 19.82 20.03 19.99 20.28 20.32
17.36 17.44 17.53 17.89 17.88 17.55 17.42 17.54 17.82 17.87 17.67 17.80 18.00 18.20 18.09 17.96 17.89 17.72 17.74 17.99 18.00 18.19 18.25 18.12 18.28 18.39 18.27 18.42 18.45 18.66 18.66 18.69 18.62 18.56 18.67 18.52 18.59 18.48 18.31 18.62 18.62 18.45 18.68 18.97 18.99 18.99 18.97 18.93 19.25 19.26 19.23 19.38 19.36 19.43 19.36 19.22 19.19 19.26 19.31 19.53 19.65 19.69 19.80 19.82 19.81 19.83 19.65 19.60 19.62 19.58 19.42 19.54 19.91 20.09 20.11 20.24 20.36
17.67 17.66 17.74 17.79 17.77 17.62 17.28 17.51 17.72 17.81 17.63 17.76 17.90 18.05 18.09 18.02 17.91 17.70 17.73 17.78 17.96 17.98 18.14 17.83 17.94 18.18 18.10 18.42 18.53 18.46 18.58 18.59 18.46 18.47 18.33 18.31 18.41 18.24 18.27 18.38 18.19 18.32 18.50 18.67 18.80 19.01 19.08 19.10 19.19 19.17 19.14 19.30 19.34 19.41 19.33 19.23 19.31 19.19 19.07 19.30 19.36 19.52 19.63 19.66 19.70 19.89 19.87 19.74 19.64 19.30 19.37 19.46 19.75 19.99 19.98 20.19 20.30
17.57 17.66 17.61 17.44 17.71 17.63 17.32 17.36 17.62 17.85 17.67 17.46 17.62 17.87 18.08 17.85 17.69 17.39 17.45 17.69 17.53 17.69 17.90 17.84 17.91 18.03 18.26 18.46 18.48 18.38 18.50 18.51 18.35 18.23 18.24 18.12 18.14 18.08 18.01 18.25 18.13 18.39 18.49 18.62 18.81 18.94 18.74 18.97 19.01 19.05 18.87 19.11 19.23 19.32 19.36 19.37 19.35 19.31 19.28 19.38 19.28 19.29 19.27 19.38 19.36 19.79 19.89 19.73 19.43 19.73 19.55 19.51 19.76 20.03 19.99 20.11 20.56
17.38 17.45 17.53 17.34 17.51 17.60 17.36 17.12 17.53 17.76 17.56 17.63 17.86 18.00 17.95 17.82 17.68 17.39 17.62 17.82 17.91 17.98 18.01 18.10 17.98 18.04 18.26 18.25 18.42 18.35 18.41 18.39 18.30 18.02 18.03 17.74 17.71 17.83 18.16 18.30 18.39 18.50 18.61 18.70 18.74 18.73 18.59 18.64 18.78 18.75 18.76 19.00 18.95 19.21 19.23 19.32 19.37 19.36 19.43 19.53 19.49 19.39 19.04 19.20 19.30 19.50 19.89 19.91 19.83 19.87 19.67 19.66 19.82 19.90 19.91 20.04 20.53
17.37 17.21 17.41 17.17 17.39 17.52 17.23 17.34 17.48 17.70 17.61 17.85 17.92 17.84 17.71 17.49 17.52 17.16 17.54 17.67 17.64 17.80 18.02 18.01 18.14 17.79 18.19 18.32 18.27 18.30 18.08 18.03 18.19 17.95 17.83 17.79 17.93 17.99 18.18 18.20 18.28 18.36 18.55 18.58 18.57 18.50 18.39 18.58 18.44 18.35 18.75 18.73 18.70 19.00 18.97 19.01 19.39 19.39 19.48 19.52 19.50 19.46 19.27 19.31 19.46 19.58 19.63 19.78 19.97 19.90 19.82 19.61 19.80 20.04 20.00 20.38 20.49
17.02 17.04 17.28 16.98 17.24 17.33 17.47 17.39 17.58 17.69 17.43 17.87 17.78 17.58 17.71 17.40 17.40 17.16 17.46 17.70 17.84 17.82 17.83 18.01 18.05 17.98 18.00 18.25 17.98 18.14 18.16 18.13 18.00 17.76 17.79 17.94 18.06 17.99 17.98 17.93 18.07 18.26 18.42 18.46 18.33 18.17 18.26 18.23 18.14 18.37 18.65 18.81 18.76 18.95 19.12 19.17 19.19 19.39 19.30 19.37 19.42 19.31 19.35 19.26 19.25 19.37 19.24 19.52 19.57 20.00 19.78 19.45 19.90 20.07 20.24 20.41 20.29
16.94 16.99 17.11 16.96 17.09 17.20 17.33 17.10 17.39 17.32 17.67 17.79 17.66 17.34 17.64 17.63 17.48 17.23 17.24 17.55 17.65 17.78 17.81 17.92 17.82 17.68 17.92 18.04 18.00 18.07 17.95 17.90 17.92 17.76 17.64 17.61 17.83 17.81 17.79 17.91 18.06 18.17 18.27 18.30 18.23 17.96 17.98 18.20 18.39 18.60 18.66 18.57 18.69 18.84 19.09 19.21 19.21 19.33 19.39 19.41 19.47 19.30 19.43 19.45 19.33 19.09 19.21 19.29 19.68 19.84 20.01 19.87 19.95 20.17 20.06 20.03 20.22
16.90 16.77 16.82 16.83 16.99 17.15 17.27 17.26 17.09 17.11 17.40 17.69 17.63 17.29 17.52 17.67 17.53 17.36 17.17 17.38 17.47 17.49 17.67 17.62 17.64 17.58 17.71 17.87 17.75 17.94 17.80 17.64 17.65 17.94 17.92 17.71 17.83 17.67 17.69 17.78 17.82 17.99 18.01 18.14 18.07 18.10 18.17 18.35 18.27 18.36 18.29 18.46 18.58 18.73 18.90 19.12 19.15 19.08 19.19 19.33 19.41 19.41 19.45 19.56 19.43 19.50 19.36 19.20 19.54 19.56 19.83 19.81 20.06 20.18 19.86 19.85 20.03
16.16 16.88 16.88 16.79 16.91 16.92 16.87 17.18 17.07 16.93 17.21 17.60 17.59 17.32 17.28 17.36 17.51 17.24 17.14 17.19 17.47 17.56 17.51 17.58 17.63 17.44 17.60 17.33 17.55 17.71 17.80 17.67 17.68 17.87 18.02 17.86 17.95 17.87 17.80 17.94 17.85 17.82 17.87 17.91 17.92 18.05 18.06 18.12 18.06 18.22 17.96 18.20 18.45 18.75 18.79 18.93 18.95 18.81 19.03 19.17 19.22 19.27 19.05 19.48 19.55 19.63 19.46 19.37 19.38 19.69 19.90 19.68 20.01 20.04 19.73 19.96 20.07
