main/data/temperature/03.05.2023.grid
ncols 886
nrows 691
xllcenter 112.0000
yllcenter -44.5000
cellsize 0.0500
nodata_value 99999.90
[rows 68 to 101 of 691, columns 539 to 615 of 886]
31.18 31.18 31.17 31.16 31.16 31.14 31.14 31.14 31.12 31.12 31.12 31.11 31.11 31.11 31.11 31.10 31.11 31.12 31.14 31.16 31.17 31.19 31.21 31.23 31.25 31.27 31.30 31.33 31.35 31.38 31.41 31.44 31.47 31.50 31.53 31.55 31.58 31.61 31.64 31.66 31.69 31.71 31.73 31.75 31.77 31.79 31.79 31.80 31.81 31.81 31.81 31.81 31.81 31.80 31.79 31.80 31.75 31.69 31.68 31.69 31.52 31.41 31.46 31.37 31.48 31.51 31.48 31.55 31.55 31.57 31.54 31.51 31.50 31.50 31.44 31.36 31.28
31.17 31.17 31.16 31.16 31.16 31.15 31.15 31.14 31.14 31.13 31.13 31.12 31.12 31.12 31.12 31.13 31.14 31.15 31.16 31.18 31.20 31.22 31.24 31.26 31.28 31.30 31.34 31.36 31.39 31.41 31.45 31.48 31.51 31.53 31.56 31.59 31.62 31.65 31.67 31.70 31.73 31.75 31.77 31.80 31.81 31.83 31.84 31.85 31.86 31.87 31.87 31.88 31.87 31.87 31.86 31.86 31.79 31.79 31.75 31.60 31.45 31.27 31.26 31.20 31.60 31.64 31.65 31.65 31.64 31.63 31.54 31.58 31.56 31.57 31.46 31.49 31.45
31.16 31.17 31.16 31.15 31.15 31.16 31.15 31.15 31.15 31.14 31.14 31.14 31.14 31.14 31.14 31.15 31.16 31.17 31.19 31.20 31.22 31.25 31.27 31.29 31.31 31.34 31.37 31.40 31.42 31.45 31.49 31.51 31.54 31.57 31.60 31.63 31.66 31.68 31.71 31.74 31.77 31.80 31.81 31.84 31.85 31.88 31.89 31.90 31.91 31.93 31.93 31.94 31.94 31.91 31.89 31.93 31.84 31.87 31.85 31.79 31.72 31.53 31.44 31.45 31.73 31.68 31.75 31.72 31.69 31.70 31.60 31.49 31.41 31.48 31.52 31.35 31.36
31.16 31.16 31.15 31.16 31.16 31.15 31.15 31.16 31.15 31.15 31.15 31.15 31.16 31.16 31.17 31.18 31.19 31.20 31.22 31.24 31.25 31.27 31.30 31.33 31.35 31.37 31.41 31.43 31.46 31.49 31.52 31.55 31.58 31.61 31.64 31.67 31.70 31.73 31.75 31.78 31.81 31.84 31.86 31.88 31.91 31.92 31.94 31.95 31.97 31.98 31.99 32.00 32.00 31.97 31.95 31.97 31.95 31.90 31.89 31.87 31.62 31.47 31.32 31.47 31.78 31.80 31.68 31.68 31.58 31.59 31.71 31.78 31.75 31.56 31.35 31.48 31.34
31.15 31.16 31.15 31.15 31.15 31.16 31.15 31.16 31.16 31.16 31.16 31.16 31.17 31.17 31.18 31.19 31.21 31.23 31.25 31.27 31.29 31.31 31.34 31.36 31.39 31.41 31.45 31.47 31.50 31.53 31.56 31.59 31.62 31.65 31.68 31.72 31.74 31.77 31.80 31.82 31.85 31.88 31.91 31.92 31.95 31.97 31.99 32.00 32.02 32.03 32.05 32.05 32.05 32.03 32.01 32.03 31.97 31.90 31.79 31.80 31.81 31.60 31.66 31.66 31.93 31.86 31.80 31.75 31.77 31.67 31.47 31.77 31.81 31.75 31.51 31.41 31.47
31.14 31.15 31.14 31.15 31.15 31.15 31.16 31.16 31.16 31.17 31.17 31.18 31.19 31.19 31.21 31.22 31.24 31.25 31.27 31.30 31.32 31.34 31.37 31.40 31.42 31.45 31.48 31.51 31.54 31.57 31.60 31.63 31.66 31.69 31.73 31.76 31.79 31.82 31.85 31.87 31.89 31.92 31.95 31.97 32.00 32.02 32.03 32.05 32.07 32.08 32.10 32.11 32.09 32.05 32.06 32.01 32.07 32.05 31.98 31.88 31.83 31.85 31.83 31.89 31.94 31.88 31.85 31.74 31.72 31.69 31.61 31.73 31.71 31.87 31.69 31.79 31.70
31.14 31.14 31.14 31.14 31.15 31.16 31.16 31.16 31.17 31.17 31.18 31.19 31.20 31.21 31.23 31.25 31.26 31.28 31.30 31.32 31.36 31.38 31.40 31.43 31.46 31.49 31.51 31.55 31.58 31.61 31.65 31.67 31.70 31.73 31.77 31.80 31.83 31.86 31.89 31.92 31.95 31.97 32.00 32.02 32.04 32.06 32.09 32.11 32.13 32.13 32.15 32.17 32.14 32.11 32.08 32.03 32.09 32.12 32.09 32.05 32.07 32.05 32.04 32.05 31.97 31.98 31.93 31.85 31.95 31.89 31.88 31.52 31.58 31.92 31.83 31.70 31.71
31.13 31.14 31.13 31.14 31.14 31.15 31.16 31.16 31.17 31.18 31.19 31.20 31.22 31.23 31.25 31.26 31.28 31.30 31.33 31.36 31.38 31.40 31.44 31.46 31.49 31.53 31.56 31.59 31.62 31.65 31.69 31.72 31.75 31.78 31.82 31.84 31.87 31.90 31.93 31.96 31.99 32.01 32.04 32.07 32.09 32.12 32.14 32.16 32.18 32.19 32.20 32.20 32.19 32.16 32.14 32.13 32.08 32.04 32.00 32.11 32.11 32.05 32.02 31.96 32.04 32.06 31.94 32.07 31.95 31.71 31.91 31.74 31.81 31.97 31.84 31.44 31.69
31.12 31.13 31.13 31.14 31.14 31.15 31.16 31.17 31.18 31.18 31.20 31.21 31.22 31.24 31.26 31.29 31.31 31.33 31.36 31.39 31.41 31.44 31.48 31.50 31.53 31.57 31.60 31.62 31.66 31.69 31.73 31.76 31.79 31.82 31.86 31.89 31.92 31.95 31.98 32.01 32.04 32.07 32.09 32.12 32.15 32.17 32.19 32.21 32.22 32.24 32.26 32.24 32.25 32.24 32.22 32.16 32.15 32.15 32.09 32.06 32.04 32.07 31.88 31.79 31.89 31.71 31.89 31.98 31.95 31.93 31.88 31.74 31.80 31.91 31.89 31.71 31.64
31.12 31.12 31.13 31.13 31.14 31.14 31.15 31.17 31.18 31.20 31.21 31.23 31.24 31.26 31.28 31.31 31.33 31.36 31.39 31.41 31.44 31.48 31.50 31.54 31.57 31.60 31.64 31.67 31.71 31.74 31.77 31.81 31.84 31.87 31.91 31.94 31.97 32.00 32.03 32.06 32.09 32.12 32.15 32.17 32.20 32.22 32.24 32.26 32.28 32.29 32.31 32.30 32.33 32.28 32.27 32.28 32.25 32.25 32.24 32.18 32.08 32.05 32.06 32.03 31.88 31.63 31.74 31.63 31.39 31.31 31.45 31.57 31.74 31.88 31.86 31.76 31.54
31.11 31.11 31.12 31.12 31.13 31.15 31.15 31.17 31.18 31.20 31.21 31.23 31.25 31.27 31.30 31.33 31.36 31.38 31.41 31.45 31.47 31.50 31.54 31.57 31.61 31.64 31.67 31.71 31.74 31.78 31.81 31.85 31.88 31.91 31.95 31.98 32.01 32.04 32.07 32.11 32.14 32.17 32.20 32.22 32.25 32.27 32.29 32.31 32.33 32.35 32.37 32.35 32.39 32.38 32.35 32.34 32.28 32.30 32.26 32.17 32.17 32.17 32.15 32.05 31.91 31.80 31.77 31.80 31.47 31.45 31.33 31.16 31.31 31.47 31.83 31.85 31.70
31.10 31.11 31.11 31.11 31.13 31.14 31.15 31.16 31.18 31.20 31.22 31.24 31.26 31.29 31.32 31.35 31.37 31.40 31.44 31.47 31.51 31.54 31.57 31.61 31.64 31.68 31.71 31.75 31.78 31.82 31.86 31.89 31.93 31.96 32.00 32.03 32.06 32.09 32.12 32.15 32.18 32.21 32.25 32.28 32.30 32.33 32.34 32.36 32.38 32.40 32.42 32.41 32.41 32.43 32.43 32.43 32.39 32.38 32.31 32.26 32.29 32.25 32.22 32.17 31.99 32.00 32.01 31.75 31.61 31.78 31.39 31.52 31.69 31.79 31.85 31.74 31.49
31.09 31.10 31.10 31.11 31.12 31.13 31.15 31.17 31.18 31.20 31.23 31.24 31.28 31.30 31.33 31.36 31.39 31.43 31.46 31.50 31.53 31.57 31.60 31.63 31.68 31.71 31.75 31.78 31.83 31.86 31.90 31.93 31.97 32.01 32.05 32.08 32.11 32.14 32.17 32.20 32.24 32.26 32.30 32.33 32.35 32.38 32.40 32.43 32.45 32.47 32.47 32.49 32.49 32.50 32.47 32.46 32.41 32.44 32.38 32.41 32.33 32.39 32.43 32.42 32.28 32.20 31.95 31.94 31.89 31.77 31.69 31.84 31.81 31.76 31.80 31.71 31.65
31.07 31.09 31.09 31.11 31.11 31.13 31.15 31.17 31.19 31.21 31.23 31.26 31.28 31.31 31.34 31.38 31.41 31.44 31.48 31.52 31.55 31.59 31.63 31.67 31.70 31.75 31.79 31.83 31.87 31.90 31.95 31.98 32.02 32.05 32.10 32.13 32.16 32.19 32.23 32.26 32.29 32.33 32.35 32.38 32.41 32.43 32.46 32.48 32.50 32.52 32.54 32.56 32.57 32.57 32.58 32.57 32.49 32.49 32.49 32.51 32.50 32.52 32.41 32.35 32.29 32.26 32.19 31.98 32.06 31.89 32.13 32.05 31.93 31.81 31.87 31.95 31.77
31.06 31.08 31.08 31.10 31.11 31.12 31.14 31.16 31.18 31.21 31.23 31.26 31.29 31.32 31.36 31.39 31.42 31.46 31.50 31.54 31.58 31.62 31.66 31.70 31.74 31.79 31.82 31.87 31.90 31.95 31.99 32.02 32.06 32.10 32.13 32.18 32.21 32.24 32.28 32.31 32.35 32.38 32.41 32.44 32.46 32.49 32.51 32.54 32.56 32.58 32.60 32.62 32.63 32.65 32.64 32.60 32.60 32.55 32.56 32.59 32.58 32.55 32.51 32.41 32.41 32.31 32.21 32.23 32.14 32.19 32.08 32.07 31.85 31.87 32.04 31.93 31.83
31.05 31.07 31.07 31.09 31.09 31.11 31.13 31.16 31.18 31.21 31.23 31.26 31.29 31.32 31.37 31.40 31.43 31.48 31.52 31.56 31.60 31.65 31.68 31.73 31.78 31.81 31.86 31.90 31.94 31.99 32.02 32.07 32.10 32.15 32.18 32.22 32.26 32.30 32.33 32.36 32.40 32.43 32.46 32.49 32.52 32.54 32.57 32.59 32.61 32.64 32.65 32.67 32.69 32.71 32.70 32.70 32.70 32.68 32.66 32.62 32.59 32.61 32.59 32.48 32.42 32.38 32.34 32.39 32.45 32.15 32.08 31.87 31.95 32.01 32.15 31.98 31.98
31.04 31.05 31.06 31.08 31.09 31.11 31.13 31.15 31.18 31.20 31.23 31.26 31.29 31.34 31.37 31.41 31.45 31.49 31.54 31.58 31.62 31.66 31.71 31.75 31.80 31.85 31.89 31.93 31.98 32.02 32.07 32.11 32.15 32.19 32.23 32.27 32.30 32.35 32.38 32.41 32.45 32.48 32.51 32.54 32.57 32.60 32.62 32.65 32.68 32.70 32.71 32.73 32.75 32.76 32.77 32.77 32.77 32.76 32.73 32.72 32.68 32.67 32.68 32.55 32.57 32.61 32.59 32.39 32.29 32.26 32.22 31.98 31.77 32.15 32.16 31.99 31.75
31.03 31.04 31.05 31.07 31.08 31.10 31.12 31.14 31.17 31.20 31.23 31.26 31.29 31.34 31.37 31.41 31.46 31.50 31.55 31.59 31.64 31.68 31.73 31.78 31.83 31.87 31.92 31.97 32.01 32.06 32.11 32.14 32.19 32.24 32.27 32.32 32.35 32.40 32.43 32.46 32.51 32.54 32.57 32.60 32.64 32.66 32.69 32.71 32.74 32.76 32.78 32.80 32.82 32.83 32.84 32.83 32.82 32.82 32.78 32.76 32.77 32.76 32.75 32.76 32.68 32.65 32.45 32.53 32.40 32.44 32.18 32.08 31.95 32.23 32.21 32.08 31.86
31.02 31.02 31.04 31.05 31.06 31.09 31.11 31.13 31.16 31.19 31.22 31.26 31.29 31.34 31.38 31.42 31.46 31.51 31.56 31.61 31.65 31.70 31.76 31.80 31.85 31.90 31.94 32.00 32.05 32.10 32.13 32.18 32.23 32.28 32.32 32.36 32.40 32.44 32.48 32.51 32.56 32.59 32.62 32.66 32.69 32.72 32.75 32.77 32.80 32.82 32.84 32.86 32.88 32.90 32.88 32.89 32.90 32.89 32.88 32.80 32.81 32.84 32.78 32.68 32.68 32.63 32.63 32.52 32.49 32.44 32.26 32.20 32.20 32.38 32.28 31.99 31.83
31.00 31.01 31.02 31.04 31.05 31.07 31.10 31.13 31.15 31.18 31.22 31.25 31.29 31.34 31.37 31.42 31.47 31.52 31.56 31.62 31.66 31.72 31.77 31.82 31.87 31.92 31.97 32.03 32.08 32.12 32.17 32.22 32.27 32.31 32.36 32.41 32.44 32.49 32.53 32.57 32.61 32.64 32.67 32.72 32.75 32.77 32.81 32.84 32.86 32.89 32.91 32.93 32.95 32.95 32.96 32.95 32.95 32.94 32.92 32.89 32.88 32.83 32.85 32.79 32.69 32.62 32.60 32.52 32.44 32.52 32.43 32.49 32.41 32.42 32.28 32.19 31.97
30.99 30.99 31.01 31.02 31.04 31.06 31.09 31.11 31.14 31.18 31.21 31.24 31.28 31.33 31.37 31.42 31.47 31.52 31.57 31.62 31.68 31.72 31.78 31.84 31.89 31.95 31.99 32.05 32.10 32.15 32.21 32.26 32.30 32.35 32.40 32.45 32.49 32.53 32.57 32.62 32.65 32.70 32.74 32.77 32.80 32.84 32.87 32.90 32.93 32.96 32.98 33.00 33.02 33.03 33.03 33.04 33.01 33.01 32.98 32.97 32.95 32.86 32.79 32.77 32.74 32.65 32.62 32.64 32.67 32.59 32.47 32.41 32.49 32.30 32.33 32.16 32.23
30.98 30.98 30.99 31.01 31.03 31.05 31.08 31.09 31.12 31.17 31.20 31.24 31.28 31.33 31.37 31.42 31.47 31.52 31.57 31.63 31.68 31.74 31.79 31.85 31.90 31.96 32.02 32.07 32.13 32.19 32.24 32.28 32.34 32.39 32.44 32.49 32.53 32.58 32.63 32.66 32.71 32.75 32.79 32.83 32.87 32.90 32.94 32.96 32.99 33.03 33.05 33.07 33.09 33.09 33.10 33.09 33.08 33.03 33.05 33.00 33.03 32.94 32.89 32.87 32.83 32.73 32.79 32.75 32.65 32.53 32.57 32.48 32.43 32.38 32.42 32.35 32.31
30.95 30.97 30.97 30.99 31.01 31.03 31.05 31.08 31.11 31.14 31.19 31.23 31.27 31.32 31.36 31.41 31.46 31.52 31.57 31.63 31.68 31.74 31.80 31.86 31.91 31.97 32.03 32.09 32.15 32.20 32.26 32.31 32.37 32.42 32.48 32.53 32.57 32.62 32.67 32.71 32.76 32.80 32.85 32.88 32.92 32.96 32.99 33.03 33.06 33.10 33.12 33.14 33.16 33.17 33.18 33.17 33.15 33.09 33.08 33.05 33.04 32.99 32.96 32.95 32.87 32.78 32.75 32.78 32.78 32.65 32.60 32.47 32.43 32.36 32.24 32.06 32.20
30.94 30.94 30.96 30.98 30.99 31.01 31.04 31.07 31.10 31.13 31.17 31.22 31.26 31.30 31.35 31.40 31.46 31.51 31.56 31.62 31.68 31.75 31.81 31.87 31.93 31.99 32.05 32.11 32.17 32.23 32.29 32.34 32.40 32.46 32.51 32.55 32.61 32.66 32.71 32.76 32.80 32.85 32.89 32.94 32.98 33.02 33.06 33.10 33.13 33.17 33.19 33.23 33.24 33.25 33.26 33.26 33.22 33.20 33.17 33.14 33.09 33.03 33.05 33.04 32.97 32.92 32.86 32.88 32.87 32.80 32.69 32.61 32.60 32.48 32.31 32.13 32.10
30.92 30.93 30.94 30.95 30.97 31.00 31.02 31.05 31.08 31.12 31.15 31.19 31.24 31.29 31.34 31.39 31.45 31.51 31.57 31.62 31.68 31.74 31.81 31.87 31.93 32.00 32.06 32.12 32.18 32.24 32.30 32.36 32.42 32.49 32.53 32.59 32.64 32.70 32.75 32.81 32.86 32.90 32.95 32.99 33.05 33.09 33.13 33.17 33.21 33.24 33.27 33.30 33.33 33.33 33.33 33.33 33.32 33.30 33.25 33.22 33.18 33.06 33.13 33.10 33.09 33.10 33.05 33.00 32.91 32.91 32.78 32.72 32.72 32.53 32.52 32.33 32.33
30.90 30.91 30.92 30.94 30.96 30.97 31.00 31.03 31.06 31.09 31.14 31.18 31.23 31.27 31.33 31.38 31.44 31.50 31.55 31.61 31.68 31.74 31.81 31.87 31.93 32.00 32.06 32.14 32.20 32.26 32.32 32.38 32.44 32.50 32.56 32.62 32.68 32.73 32.79 32.85 32.90 32.96 33.00 33.05 33.10 33.15 33.20 33.24 33.28 33.32 33.36 33.39 33.42 33.41 33.42 33.42 33.41 33.40 33.37 33.34 33.29 33.30 33.27 33.24 33.20 33.15 33.10 33.08 33.06 33.00 32.92 32.84 32.76 32.71 32.60 32.42 32.32
30.88 30.88 30.90 30.92 30.93 30.95 30.98 31.01 31.04 31.08 31.11 31.16 31.21 31.26 31.31 31.37 31.43 31.49 31.54 31.60 31.67 31.73 31.80 31.87 31.94 32.01 32.08 32.14 32.21 32.27 32.34 32.41 32.47 32.53 32.59 32.65 32.72 32.78 32.83 32.88 32.94 33.00 33.06 33.10 33.16 33.21 33.26 33.31 33.35 33.40 33.44 33.48 33.51 33.52 33.51 33.51 33.51 33.51 33.49 33.46 33.44 33.39 33.35 33.31 33.27 33.21 33.16 33.11 33.05 33.03 33.01 32.91 32.86 32.76 32.53 32.51 32.43
30.86 30.87 30.87 30.89 30.91 30.94 30.95 30.98 31.01 31.06 31.10 31.14 31.19 31.23 31.29 31.35 31.41 31.46 31.53 31.59 31.66 31.73 31.79 31.86 31.94 32.01 32.07 32.14 32.22 32.28 32.35 32.41 32.49 32.55 32.61 32.68 32.74 32.81 32.87 32.93 32.99 33.04 33.10 33.16 33.22 33.27 33.33 33.38 33.43 33.48 33.52 33.56 33.60 33.62 33.63 33.62 33.63 33.61 33.58 33.55 33.53 33.49 33.45 33.38 33.34 33.30 33.25 33.19 33.12 33.08 33.01 32.96 32.83 32.74 32.72 32.63 32.52
30.84 30.84 30.86 30.86 30.88 30.91 30.94 30.96 31.00 31.03 31.08 31.12 31.16 31.22 31.28 31.32 31.39 31.45 31.51 31.58 31.65 31.72 31.78 31.86 31.93 32.00 32.07 32.15 32.22 32.28 32.36 32.43 32.49 32.57 32.64 32.70 32.76 32.84 32.90 32.97 33.03 33.09 33.16 33.22 33.28 33.34 33.40 33.46 33.51 33.56 33.62 33.65 33.70 33.71 33.74 33.74 33.76 33.73 33.70 33.68 33.65 33.60 33.54 33.50 33.45 33.41 33.35 33.31 33.26 33.16 33.08 33.03 32.98 32.90 32.79 32.71 32.62
30.82 30.82 30.83 30.85 30.87 30.89 30.91 30.94 30.98 31.01 31.05 31.10 31.14 31.20 31.25 31.31 31.37 31.43 31.50 31.57 31.63 31.70 31.77 31.85 31.92 31.99 32.07 32.14 32.22 32.29 32.36 32.44 32.51 32.58 32.65 32.72 32.79 32.87 32.93 33.00 33.07 33.13 33.20 33.27 33.34 33.41 33.47 33.53 33.59 33.65 33.71 33.75 33.80 33.83 33.84 33.85 33.85 33.84 33.82 33.79 33.72 33.69 33.67 33.56 33.54 33.48 33.45 33.37 33.31 33.20 33.19 33.06 33.07 33.02 32.94 32.87 32.79
30.79 30.79 30.81 30.82 30.84 30.86 30.89 30.92 30.95 30.98 31.03 31.07 31.11 31.17 31.23 31.29 31.35 31.42 31.48 31.55 31.62 31.69 31.76 31.84 31.91 31.99 32.07 32.14 32.22 32.29 32.37 32.44 32.52 32.59 32.67 32.74 32.81 32.89 32.96 33.03 33.11 33.18 33.25 33.33 33.40 33.47 33.54 33.61 33.68 33.74 33.80 33.85 33.90 33.94 33.96 33.98 33.98 33.94 33.92 33.89 33.86 33.81 33.79 33.72 33.64 33.62 33.55 33.46 33.36 33.29 33.24 33.21 33.12 33.01 32.95 32.86 32.72
30.76 30.77 30.78 30.80 30.82 30.83 30.86 30.89 30.92 30.96 31.00 31.05 31.09 31.15 31.20 31.26 31.32 31.39 31.45 31.52 31.60 31.67 31.74 31.83 31.90 31.98 32.05 32.14 32.21 32.29 32.37 32.45 32.52 32.60 32.67 32.76 32.83 32.91 32.98 33.07 33.14 33.22 33.30 33.38 33.46 33.53 33.61 33.68 33.76 33.82 33.90 33.95 34.01 34.05 34.07 34.10 34.09 34.09 34.06 34.03 34.01 33.92 33.89 33.84 33.76 33.71 33.64 33.58 33.50 33.42 33.28 33.19 33.17 33.02 32.96 32.86 32.74
30.74 30.75 30.76 30.77 30.79 30.81 30.84 30.87 30.90 30.93 30.97 31.02 31.07 31.12 31.18 31.24 31.30 31.37 31.43 31.50 31.58 31.65 31.73 31.81 31.88 31.97 32.04 32.12 32.21 32.28 32.37 32.44 32.53 32.61 32.68 32.77 32.85 32.93 33.01 33.09 33.17 33.26 33.34 33.43 33.51 33.59 33.68 33.76 33.84 33.92 33.99 34.05 34.11 34.15 34.19 34.19 34.19 34.19 34.19 34.17 34.14 34.08 33.99 33.96 33.89 33.82 33.74 33.66 33.60 33.51 33.42 33.27 33.20 33.05 32.96 32.93 32.81
30.71 30.73 30.73 30.74 30.76 30.78 30.81 30.84 30.87 30.90 30.95 30.99 31.04 31.10 31.15 31.21 31.27 31.34 31.41 31.48 31.55 31.63 31.71 31.79 31.86 31.95 32.03 32.11 32.20 32.28 32.36 32.44 32.53 32.61 32.69 32.78 32.86 32.95 33.04 33.12 33.21 33.29 33.39 33.48 33.57 33.66 33.74 33.83 33.92 34.00 34.08 34.13 34.17 34.21 34.23 34.25 34.25 34.25 34.25 34.25 34.22 34.17 34.14 34.10 34.01 33.93 33.86 33.78 33.69 33.62 33.47 33.43 33.34 33.20 33.06 33.04 32.96
