main/data/temperature/03.06.2023.grid
ncols 886
nrows 691
xllcenter 112.0000
yllcenter -44.5000
cellsize 0.0500
nodata_value 99999.90
[rows 476 to 509 of 691, columns 693 to 769 of 886]
24.33 24.18 24.03 23.87 23.89 23.97 23.98 23.95 23.84 23.84 23.90 23.93 24.00 24.09 24.09 24.14 24.17 24.16 24.16 24.12 24.08 24.02 23.92 23.79 23.42 23.59 23.49 23.16 23.16 23.23 22.15 22.70 22.39 22.37 21.57 21.80 21.94 22.32 22.65 22.42 22.37 21.61 22.03 21.55 21.25 20.59 19.70 18.92 18.33 19.39 19.10 19.88 18.84 18.29 17.93 18.35 17.85 17.38 17.81 17.95 16.97 17.02 16.59 16.58 16.51 16.45 16.29 16.31 18.86 20.42 18.65 19.53 19.08 21.56 22.84 19.02 19.76
23.91 23.78 23.84 23.75 23.47 23.59 23.70 23.80 23.73 23.58 23.73 23.74 23.85 23.91 23.91 24.01 24.05 24.05 24.04 24.00 23.96 23.91 23.85 23.75 23.70 23.58 23.30 23.14 22.96 22.98 22.02 22.19 22.44 21.29 20.74 21.03 20.95 21.41 22.25 22.27 22.09 22.18 21.49 21.36 20.76 20.61 20.12 18.62 18.08 19.59 21.30 20.23 18.14 19.16 18.24 18.84 16.93 17.52 17.33 16.80 17.08 16.38 15.67 16.07 16.15 16.02 15.26 16.07 16.17 17.23 16.65 19.40 19.46 23.60 23.72 19.25 21.21
23.70 23.51 23.59 23.59 23.53 23.32 23.43 23.55 23.51 23.46 23.65 23.69 23.77 23.83 23.81 23.67 23.93 23.93 23.91 23.89 23.84 23.76 23.56 23.65 23.48 23.39 22.20 22.24 22.81 22.77 22.54 22.33 22.10 22.12 20.95 20.97 21.38 21.02 21.98 22.20 21.89 21.77 22.03 20.94 20.48 21.16 19.81 20.77 21.05 21.59 21.12 19.33 19.26 20.40 19.33 18.43 18.51 17.64 17.41 16.64 16.49 16.39 16.14 15.07 15.09 15.63 16.00 16.68 14.94 16.18 22.82 19.31 20.50 21.78 23.81 23.57 20.64
23.84 23.17 23.84 23.68 23.74 23.34 23.35 23.40 23.62 23.32 23.45 23.59 23.59 23.75 23.77 23.80 23.82 23.81 23.78 23.73 23.71 23.63 23.57 23.52 23.44 23.35 22.95 21.23 22.59 22.38 22.63 22.08 22.19 22.19 21.76 21.80 21.55 20.96 21.40 22.00 21.81 21.69 20.96 21.35 21.76 21.40 20.90 21.37 19.42 20.60 20.30 20.04 19.26 21.33 20.04 20.08 19.41 18.12 17.42 17.40 17.01 16.46 16.02 16.03 15.69 16.07 16.89 16.27 15.35 15.74 19.09 18.01 22.43 21.76 21.91 23.76 23.76
24.16 23.94 23.92 23.99 23.88 23.75 23.65 23.58 23.57 23.43 23.42 23.49 23.58 23.62 23.64 23.70 23.74 23.74 23.68 23.59 23.57 23.52 23.42 23.39 23.26 23.23 23.12 22.79 21.92 21.80 22.68 22.53 22.50 22.34 22.03 21.92 21.22 21.77 21.91 21.64 21.58 21.41 20.81 21.44 20.64 21.03 20.63 20.06 21.22 18.75 18.85 20.55 20.87 19.39 19.65 21.20 19.03 19.98 19.49 17.90 17.82 16.93 16.95 16.55 15.96 15.88 17.01 17.03 16.02 16.49 20.83 22.76 20.77 19.00 23.68 22.74 23.16
24.28 23.99 23.19 23.92 23.95 23.84 23.77 23.63 23.51 23.19 23.39 23.49 23.50 23.48 23.34 23.61 23.61 23.62 23.34 23.50 23.46 23.41 23.34 23.27 23.28 23.21 23.08 23.01 22.88 22.85 22.70 22.40 22.11 22.14 21.80 21.17 20.48 21.65 21.69 20.78 20.60 20.78 20.58 21.63 21.01 20.83 20.29 20.23 21.07 20.00 19.81 20.74 19.80 20.19 19.43 19.03 19.32 19.79 19.59 18.77 18.72 18.24 16.62 16.42 15.63 16.17 18.17 20.80 19.01 20.18 22.01 20.71 21.00 18.88 21.82 22.34 20.18
24.11 23.98 23.27 23.79 23.83 23.41 23.25 23.38 23.12 22.99 23.20 23.30 23.25 23.36 23.49 23.48 23.47 23.42 23.35 23.40 23.39 23.29 23.23 23.24 23.14 23.05 22.99 22.77 22.71 22.64 22.52 22.37 22.02 21.95 21.55 20.89 21.59 21.87 20.59 20.56 19.80 20.98 20.93 20.93 20.61 21.20 19.11 20.86 19.01 19.65 19.11 17.99 18.52 19.49 19.31 18.53 20.09 18.89 20.30 20.36 19.37 17.76 17.53 16.76 17.47 16.04 16.89 16.42 18.82 20.12 19.09 19.57 21.48 20.82 23.28 22.95 23.09
24.05 23.95 23.84 23.87 23.73 23.19 23.25 23.17 23.09 23.07 22.95 22.99 22.81 23.07 23.29 23.21 23.23 23.02 23.22 23.21 23.22 23.23 23.20 23.07 23.05 22.83 22.89 22.79 22.39 22.46 22.27 22.16 22.08 21.73 21.20 21.34 21.55 21.52 20.23 19.77 20.08 20.76 20.74 21.03 20.91 20.85 20.68 20.14 20.45 19.70 19.41 18.44 18.52 19.06 19.76 19.28 19.39 18.31 17.84 19.74 20.12 18.80 17.47 18.37 17.23 17.29 17.07 17.83 19.33 17.91 18.27 20.78 21.56 23.10 23.17 23.02 23.41
23.92 23.88 23.77 23.61 23.43 23.24 22.90 23.22 23.20 23.10 23.03 22.89 22.80 23.03 23.07 23.15 23.00 22.50 22.90 22.71 22.99 23.09 22.99 22.99 22.90 22.71 22.65 22.47 22.07 22.04 21.82 21.83 21.71 21.57 21.20 21.31 21.61 20.08 20.85 20.07 19.86 20.60 20.84 20.38 20.43 20.09 19.90 19.80 21.01 20.81 20.38 19.40 19.24 17.69 18.68 19.14 18.58 18.54 18.49 19.45 19.30 19.65 18.26 19.08 18.49 18.08 17.55 16.98 20.39 18.36 18.06 20.77 22.73 22.94 21.02 20.17 21.13
23.83 23.77 23.61 23.34 23.37 22.90 23.23 23.34 23.19 23.10 23.01 22.87 22.78 22.79 22.74 22.97 22.74 22.68 22.81 22.72 22.81 22.92 22.87 22.91 22.74 22.64 22.52 22.11 22.04 21.79 21.10 21.44 21.73 21.24 20.86 21.32 21.43 21.24 20.85 20.27 19.68 19.97 20.30 20.20 20.17 20.22 19.74 20.11 20.47 20.44 19.37 19.92 19.47 18.66 18.33 18.45 17.86 18.70 18.75 19.17 17.79 18.74 18.12 17.74 17.60 17.05 17.98 19.73 22.05 18.63 18.84 20.21 22.19 20.90 22.81 19.47 19.71
23.72 23.68 23.51 23.14 23.08 23.23 23.30 23.29 23.11 23.13 23.01 22.97 22.89 22.83 22.75 22.80 22.75 22.07 22.62 22.47 22.71 22.74 22.72 22.80 22.63 22.55 22.45 22.36 22.01 21.55 20.96 21.14 20.87 20.76 20.44 20.67 21.25 20.94 20.11 19.71 19.86 19.62 20.27 19.99 20.05 19.53 19.76 19.90 20.53 21.15 20.78 19.85 19.14 18.97 19.02 18.61 18.45 18.17 18.37 18.66 18.37 18.04 17.89 17.77 17.61 17.97 19.03 20.28 21.49 18.16 22.74 22.74 20.09 19.19 20.76 19.64 20.08
23.58 23.59 23.43 23.06 23.08 23.23 23.19 23.07 22.64 22.88 22.84 22.80 22.72 22.74 22.65 22.49 22.50 22.40 22.56 22.53 22.72 22.57 22.05 22.61 22.59 22.40 22.35 22.17 22.04 21.79 21.19 20.80 20.60 20.91 20.45 20.80 20.76 20.77 20.21 19.83 19.51 19.90 19.86 20.18 20.02 19.62 19.15 19.92 19.80 20.83 20.23 19.57 19.62 18.83 18.89 18.70 17.92 17.58 18.14 18.40 18.31 18.18 17.46 17.65 17.97 18.27 18.92 21.04 20.18 21.29 20.69 18.71 18.24 19.07 18.95 21.41 19.77
23.29 23.45 23.38 23.31 23.27 23.07 23.07 22.83 22.71 22.52 22.62 22.50 22.43 22.55 22.48 22.38 22.36 22.42 22.44 22.40 22.51 22.41 22.28 22.34 22.50 22.26 22.23 22.05 21.77 21.38 20.92 20.84 20.57 20.63 20.84 20.72 20.59 20.05 19.84 19.85 19.97 20.03 20.31 20.16 19.45 19.32 18.89 19.76 19.59 20.45 20.11 19.37 19.36 18.59 18.66 18.60 18.29 17.65 17.65 17.88 17.65 17.73 17.38 17.97 18.15 17.59 18.42 18.72 19.64 20.94 18.86 19.51 18.44 18.52 18.55 19.22 19.21
23.18 23.31 23.13 23.02 22.83 23.00 22.72 22.64 22.68 22.65 22.59 22.35 22.29 22.33 22.18 22.19 22.20 22.30 22.06 22.33 22.38 22.16 22.02 22.18 22.11 22.17 22.00 21.84 21.67 21.46 20.79 20.42 20.86 20.59 20.93 20.97 20.39 20.18 20.07 19.89 20.12 20.16 19.80 20.26 19.77 19.38 19.13 19.65 20.32 20.54 20.13 19.07 18.44 18.42 18.02 17.74 17.68 17.39 17.69 17.17 17.27 16.94 16.94 17.76 18.32 19.07 18.95 19.17 19.14 19.10 18.84 18.22 19.01 18.67 17.91 17.98 18.27
22.37 23.10 23.20 23.17 22.86 23.01 22.86 22.71 22.68 22.69 22.47 22.21 22.22 21.93 21.98 21.92 21.99 22.14 22.03 22.20 22.16 21.68 21.84 21.35 21.90 21.95 21.68 21.62 21.08 20.70 20.68 20.18 20.85 20.72 21.19 20.98 20.50 20.45 20.57 20.04 19.58 20.14 19.67 20.11 20.14 19.98 18.71 19.49 19.68 20.61 20.10 19.10 18.89 18.23 17.72 17.64 17.78 17.16 17.68 17.27 17.49 17.56 17.53 18.00 17.94 19.03 18.89 19.48 19.19 19.67 18.61 18.84 19.50 18.65 18.55 18.38 18.01
22.79 23.11 23.18 23.16 23.08 22.99 22.88 22.76 22.57 22.63 22.42 22.35 22.11 21.85 21.95 21.92 21.77 21.83 21.87 22.02 21.93 21.68 21.15 20.93 21.57 21.78 21.20 20.69 21.11 20.65 20.49 20.77 20.78 21.27 21.43 20.80 20.38 21.36 20.46 20.17 19.51 19.89 19.68 19.31 19.70 19.41 19.54 19.25 19.95 20.18 20.54 20.00 19.34 18.65 18.30 17.80 17.30 17.51 18.11 18.07 17.93 18.39 18.68 17.83 17.92 18.73 18.54 18.69 19.67 19.27 18.55 19.48 18.16 18.32 18.08 17.97 18.01
22.54 23.13 22.98 22.91 22.99 22.98 22.90 22.84 22.78 22.55 22.50 22.26 22.17 22.18 22.16 21.89 21.68 21.56 21.83 21.95 21.87 21.47 21.44 21.13 21.30 21.42 21.17 21.15 21.19 20.87 20.12 20.08 20.71 21.08 21.45 20.59 20.73 20.85 20.28 19.67 19.26 19.18 19.31 19.71 19.20 19.39 19.38 18.93 19.72 20.29 20.04 19.89 19.76 18.92 18.23 18.07 17.66 18.30 18.73 18.20 17.94 18.30 18.22 18.78 18.69 18.88 18.69 19.11 19.34 19.29 19.02 17.98 18.07 17.75 18.19 18.41 17.74
23.03 23.01 22.91 22.89 22.93 22.91 22.76 22.76 22.66 22.56 22.39 22.12 22.24 22.16 21.94 21.75 21.58 21.70 21.69 21.97 21.92 21.75 21.55 21.45 21.29 20.44 21.09 21.16 21.16 20.64 20.52 19.86 20.31 20.32 20.93 21.27 20.70 21.06 20.35 19.55 19.76 19.66 19.49 19.27 19.07 18.67 19.21 19.28 19.74 20.00 19.84 19.93 19.87 19.04 18.33 18.26 17.76 19.07 18.56 17.99 18.76 18.34 18.88 18.67 18.32 19.29 19.17 19.24 18.98 18.95 18.80 18.16 18.41 18.14 20.37 18.36 17.53
22.28 22.54 22.91 22.81 22.90 22.84 22.75 22.70 22.61 22.51 22.37 22.16 22.24 21.93 21.72 21.41 21.80 21.69 21.94 22.03 21.82 21.68 21.51 21.69 21.38 20.73 20.91 19.83 21.39 21.24 20.81 20.23 20.50 20.45 20.58 20.94 21.62 20.77 20.52 20.20 20.11 19.77 19.33 19.51 19.39 18.93 18.86 19.52 19.54 19.44 20.15 19.96 20.09 19.37 18.90 18.50 18.54 18.79 18.50 19.03 18.74 19.08 19.07 18.81 19.33 19.34 18.98 19.02 18.83 18.76 18.30 19.42 19.83 19.43 20.70 21.48 20.01
22.65 22.88 22.81 22.84 22.76 22.73 22.68 22.61 22.56 22.46 22.37 22.30 22.20 22.11 21.85 21.90 21.62 21.80 22.06 21.88 21.82 21.70 21.73 21.79 21.51 20.69 20.57 21.14 21.47 21.31 20.68 20.12 20.88 20.87 20.46 21.62 21.25 20.21 18.95 20.14 20.34 19.72 19.44 19.49 19.75 19.47 19.23 18.96 19.16 19.71 19.96 19.69 19.95 19.84 19.51 18.96 18.94 18.64 18.81 19.23 19.24 18.85 18.95 19.10 19.08 18.98 18.36 19.21 19.59 19.58 18.32 19.67 20.10 19.83 22.26 22.17 21.19
22.77 22.78 22.78 22.74 22.70 22.61 22.58 22.58 22.45 22.40 22.31 22.10 21.99 21.80 21.85 21.30 21.77 21.98 22.13 21.91 21.60 21.80 21.92 21.73 21.54 20.41 19.96 20.84 21.25 21.45 20.80 20.91 21.27 21.12 20.80 21.29 20.91 20.02 19.80 19.86 19.81 19.41 18.88 19.99 19.83 19.96 19.74 19.29 19.04 19.56 19.62 19.54 19.43 19.62 19.25 18.62 18.56 18.45 18.75 18.80 18.79 19.13 18.92 18.39 18.85 18.83 19.59 21.07 21.28 19.94 18.41 18.65 20.30 21.75 20.48 21.47 21.53
22.65 22.64 22.62 22.65 22.58 22.54 22.53 22.49 22.36 22.22 22.11 21.84 21.72 21.63 21.39 21.35 21.50 21.90 21.95 21.54 21.39 21.73 21.86 21.91 21.60 20.90 20.17 20.63 21.11 21.23 20.97 20.49 20.98 21.41 21.65 21.09 20.08 19.69 19.28 19.58 19.08 19.29 19.44 20.60 20.35 19.89 19.86 19.56 19.41 19.43 19.46 19.37 19.24 19.35 18.87 18.22 18.61 18.31 18.58 18.31 19.07 18.73 18.75 18.52 18.96 18.98 19.23 18.75 18.92 18.25 19.17 18.82 19.88 21.88 20.76 20.62 21.99
22.45 22.55 22.53 22.54 22.54 22.53 22.44 22.21 22.16 21.76 21.93 21.78 21.76 21.69 21.53 21.34 21.69 22.11 21.76 21.44 21.30 20.94 21.74 21.92 21.68 21.19 20.29 20.42 21.24 21.22 21.50 21.03 20.39 21.08 20.99 21.17 21.11 20.99 20.80 19.31 18.82 19.30 20.51 20.20 19.91 19.63 19.52 19.79 19.58 19.58 18.90 19.46 19.00 18.46 17.96 18.14 18.62 18.36 18.20 18.23 18.76 18.74 18.69 18.19 18.78 18.55 18.58 18.74 19.06 18.39 17.66 18.08 20.76 19.49 21.21 20.22 20.77
22.28 22.46 22.39 22.36 22.34 22.42 22.43 22.39 22.23 21.98 21.54 21.81 21.69 21.65 21.72 21.65 21.96 21.85 21.73 21.14 21.36 21.24 21.67 21.92 21.76 20.96 19.90 19.41 20.80 20.40 21.44 21.11 21.00 21.34 19.99 20.04 19.63 19.53 19.66 17.76 19.43 20.25 19.92 20.48 20.03 19.46 19.00 19.38 19.56 19.26 19.52 19.64 19.32 18.80 17.74 18.49 18.60 18.18 18.02 17.42 18.71 18.37 18.35 18.55 18.73 18.75 18.94 19.91 20.84 18.85 17.29 17.62 18.71 18.79 21.31 19.88 20.42
21.95 22.16 22.31 22.32 22.36 22.32 22.31 22.33 22.12 21.94 22.00 21.89 21.93 21.81 21.88 21.66 21.60 21.56 21.33 21.00 21.46 21.39 21.26 21.67 21.91 20.96 20.75 19.93 20.20 21.09 21.59 21.12 20.32 21.14 20.87 19.86 19.40 18.00 20.13 20.15 20.19 19.85 19.61 19.58 19.34 19.66 19.08 18.93 18.80 18.89 18.66 19.29 19.57 19.21 18.09 18.74 17.38 17.97 17.53 18.17 18.39 18.09 18.21 18.10 18.68 18.81 19.02 18.63 19.78 18.06 17.24 18.57 18.05 18.27 18.95 19.53 19.71
22.00 22.01 22.08 22.18 22.21 22.17 22.21 22.16 22.19 22.15 22.10 22.01 21.65 21.88 21.47 21.74 21.93 21.68 21.28 21.29 21.73 21.88 21.62 21.20 21.78 21.81 21.18 20.92 20.27 21.22 20.98 21.41 20.22 20.82 19.69 19.01 18.31 18.03 17.31 19.74 19.67 19.48 18.62 19.43 19.65 19.87 19.60 19.41 18.93 18.76 18.54 19.14 19.33 18.88 18.17 18.65 18.62 18.46 18.04 16.81 18.15 18.30 18.17 18.06 18.51 18.58 18.56 18.20 18.74 18.02 16.75 16.85 16.84 17.92 19.12 19.67 19.82
22.03 21.89 21.74 21.64 21.86 21.96 21.93 21.97 22.05 21.89 21.89 21.92 21.97 21.69 21.97 22.01 22.07 22.00 21.92 22.03 22.15 22.01 21.69 21.63 20.98 21.59 21.83 21.62 21.69 20.82 21.13 20.77 19.92 19.25 19.54 19.11 18.63 17.54 17.28 18.54 18.07 19.15 17.69 19.04 18.65 19.31 20.23 19.04 18.27 18.26 18.44 18.99 19.04 18.79 18.57 18.56 18.53 17.84 17.72 17.81 18.08 18.08 17.86 18.23 18.36 18.41 18.35 19.23 17.62 17.68 17.55 17.11 16.67 18.58 18.25 19.70 21.07
21.78 21.80 21.69 21.66 21.53 21.80 21.88 21.87 21.88 21.85 21.42 21.35 21.78 21.52 21.67 21.91 21.87 21.99 21.60 22.07 21.78 21.62 21.11 21.87 20.76 21.14 21.20 21.58 21.31 21.17 20.89 20.70 20.32 20.23 18.51 18.43 18.20 17.95 17.42 16.47 18.17 19.75 17.08 18.45 18.00 17.95 20.07 18.97 18.92 18.48 18.19 18.79 18.89 17.76 18.24 18.46 18.42 17.59 17.20 17.62 17.80 17.70 18.17 18.17 18.14 18.07 18.55 18.01 17.75 17.48 17.54 16.79 16.49 16.79 19.26 19.60 20.65
21.68 21.73 21.78 21.56 21.51 21.64 21.81 21.75 21.73 21.66 21.00 21.68 21.67 21.29 21.67 21.69 21.68 21.79 21.77 20.80 21.78 21.70 21.86 21.37 21.41 21.46 20.89 21.25 20.96 20.44 20.68 21.39 19.86 19.40 19.59 16.67 17.52 17.51 16.41 17.03 17.68 19.64 16.30 16.20 17.64 18.53 19.84 19.09 18.48 18.92 18.72 18.27 18.40 18.31 17.42 17.49 18.18 18.02 17.07 17.48 17.78 17.93 18.05 18.04 17.81 17.77 18.26 17.82 17.76 16.43 15.79 16.63 16.62 17.42 20.12 19.73 20.42
21.56 21.68 21.64 21.32 21.40 21.60 21.60 21.61 21.49 21.48 21.44 21.18 21.46 21.28 20.74 21.02 21.39 21.73 21.22 21.33 21.28 21.28 21.72 21.40 20.29 21.35 20.14 20.92 21.13 20.77 19.46 21.16 21.05 20.12 19.09 18.07 17.50 16.41 16.51 15.38 16.06 18.57 17.05 16.63 16.90 18.52 19.71 19.01 18.42 18.42 18.90 18.66 18.11 17.76 17.39 17.37 18.02 17.29 17.46 17.44 17.69 18.04 17.17 17.97 18.15 18.00 17.67 17.37 16.94 16.83 16.36 19.15 18.73 17.73 17.90 20.34 20.19
21.37 21.37 21.33 21.05 21.09 21.25 21.40 21.52 21.36 21.05 21.05 21.27 21.19 20.96 20.87 20.81 21.42 21.45 21.42 21.06 21.29 21.53 21.55 21.15 20.01 20.90 21.08 20.96 21.04 20.32 20.76 21.07 21.33 20.81 20.03 18.29 17.78 15.41 15.79 15.41 15.74 16.83 17.88 15.89 15.80 18.45 18.78 18.60 19.22 18.98 18.85 18.82 18.68 17.41 16.83 17.24 17.62 16.53 17.13 16.93 17.50 17.99 18.03 17.46 17.12 17.42 17.61 17.12 16.08 16.59 20.12 16.87 18.31 18.81 19.22 20.31 20.22
21.19 21.21 21.16 21.07 20.93 21.11 21.27 21.18 20.86 20.95 20.32 20.90 21.13 20.86 20.29 21.01 21.09 21.03 21.33 20.85 21.14 20.88 21.21 21.25 20.39 19.51 20.79 20.56 20.01 20.06 20.95 18.30 20.73 20.67 20.63 20.61 18.27 15.42 15.36 15.01 15.81 16.00 18.41 14.89 17.23 17.75 19.05 18.62 18.05 18.57 18.69 18.74 18.82 17.34 17.34 16.85 17.13 16.09 15.59 15.96 16.47 17.77 17.60 17.62 17.14 16.86 17.05 16.89 16.47 16.76 18.33 20.67 18.13 19.68 18.42 20.15 20.01
21.05 21.06 20.88 20.74 20.75 20.98 21.03 21.06 20.93 20.85 20.77 20.71 20.64 20.79 19.90 19.60 20.45 20.69 20.75 20.68 20.74 20.34 20.85 20.75 20.81 18.70 20.03 19.88 19.20 19.87 18.32 19.27 20.12 19.17 17.10 18.98 18.27 15.61 15.43 14.12 15.46 15.25 17.91 15.09 17.13 15.78 18.07 17.43 18.30 18.13 18.37 18.24 18.64 17.03 17.26 17.55 17.32 15.95 14.49 15.60 16.91 17.36 17.33 16.64 16.77 16.62 16.84 16.45 17.26 18.96 19.01 19.04 20.24 19.96 19.33 20.11 20.14
20.80 20.85 20.68 20.42 20.59 20.39 20.79 20.77 20.56 20.27 20.47 20.29 20.47 20.52 20.53 20.31 19.59 20.00 20.66 20.72 20.21 20.75 20.69 20.32 20.94 19.20 18.73 18.37 17.99 18.86 17.95 19.47 20.02 18.70 15.52 16.47 18.13 17.76 16.68 14.24 13.99 16.16 16.30 15.63 15.38 15.88 16.74 18.02 18.63 17.80 17.08 17.12 17.57 16.92 16.34 17.32 16.89 16.75 15.50 16.16 15.97 16.92 16.56 16.77 16.45 16.09 16.46 14.82 17.71 18.98 19.25 19.33 20.24 19.60 19.51 20.06 19.95
