main/data/temperature/03.06.2023.grid
ncols 886
nrows 691
xllcenter 112.0000
yllcenter -44.5000
cellsize 0.0500
nodata_value 99999.90
[rows 578 to 611 of 691, columns 539 to 615 of 886]
16.59 16.58 16.56 16.54 16.51 16.49 16.47 16.45 16.43 16.41 16.39 16.37 16.35 16.33 16.31 16.29 16.26 16.24 16.22 16.19 16.16 16.13 16.10 16.06 16.03 15.98 15.93 15.87 15.80 15.72 15.63 15.54 15.43 15.30 15.17 15.05 14.97 14.92 14.87 14.82 14.78 14.73 14.69 14.64 14.60 14.56 14.52 14.48 14.43 14.39 14.35 14.31 14.28 14.24 14.20 14.17 14.13 14.11 14.07 14.04 14.02 14.00 13.97 13.95 13.94 13.94 13.93 13.93 13.94 13.96 13.99 14.02 14.07 14.12 14.20 14.28 14.36
16.53 16.51 16.49 16.47 16.45 16.43 16.41 16.39 16.37 16.35 16.33 16.30 16.28 16.26 16.24 16.22 16.19 16.17 16.14 16.12 16.09 16.06 16.03 15.99 15.96 15.91 15.86 15.81 15.74 15.67 15.59 15.50 15.40 15.29 15.17 15.04 14.91 14.82 14.76 14.72 14.67 14.63 14.59 14.54 14.51 14.47 14.42 14.38 14.35 14.30 14.27 14.22 14.19 14.15 14.12 14.08 14.05 14.01 13.99 13.96 13.93 13.91 13.89 13.87 13.86 13.86 13.86 13.87 13.88 13.90 13.95 13.99 14.05 14.12 14.21 14.29 14.39
16.47 16.45 16.42 16.40 16.38 16.36 16.34 16.32 16.30 16.28 16.26 16.24 16.21 16.19 16.17 16.15 16.12 16.10 16.07 16.05 16.02 15.99 15.96 15.92 15.88 15.84 15.80 15.75 15.69 15.63 15.55 15.47 15.38 15.28 15.18 15.06 14.93 14.80 14.69 14.62 14.57 14.53 14.49 14.46 14.42 14.37 14.33 14.29 14.26 14.21 14.18 14.14 14.10 14.07 14.03 14.00 13.97 13.93 13.90 13.88 13.86 13.84 13.82 13.80 13.79 13.79 13.80 13.81 13.83 13.86 13.91 13.97 14.04 14.12 14.22 14.32 14.43
16.40 16.38 16.35 16.33 16.31 16.29 16.27 16.25 16.23 16.21 16.19 16.17 16.15 16.12 16.10 16.08 16.05 16.03 16.00 15.98 15.95 15.92 15.89 15.86 15.82 15.78 15.75 15.70 15.64 15.58 15.52 15.45 15.37 15.28 15.18 15.09 14.97 14.85 14.72 14.60 14.51 14.45 14.40 14.36 14.32 14.28 14.24 14.21 14.17 14.13 14.10 14.06 14.02 13.99 13.95 13.92 13.89 13.86 13.83 13.80 13.78 13.76 13.74 13.72 13.72 13.72 13.74 13.76 13.79 13.83 13.89 13.96 14.05 14.14 14.25 14.36 14.48
16.34 16.31 16.29 16.27 16.25 16.23 16.21 16.19 16.16 16.14 16.12 16.10 16.08 16.05 16.03 16.01 15.98 15.96 15.93 15.91 15.88 15.85 15.82 15.79 15.76 15.72 15.68 15.64 15.59 15.54 15.48 15.42 15.35 15.27 15.19 15.10 15.01 14.90 14.79 14.67 14.55 14.43 14.35 14.29 14.24 14.20 14.17 14.13 14.08 14.05 14.01 13.98 13.95 13.91 13.87 13.84 13.81 13.78 13.75 13.73 13.71 13.68 13.67 13.66 13.66 13.67 13.69 13.71 13.76 13.81 13.88 13.96 14.06 14.16 14.29 14.41 14.54
16.26 16.24 16.22 16.20 16.18 16.16 16.14 16.12 16.10 16.08 16.05 16.03 16.01 15.99 15.96 15.94 15.92 15.89 15.87 15.84 15.81 15.79 15.76 15.73 15.69 15.66 15.62 15.59 15.55 15.50 15.44 15.39 15.33 15.26 15.18 15.11 15.03 14.94 14.84 14.74 14.63 14.52 14.41 14.32 14.22 14.14 14.10 14.05 14.01 13.97 13.93 13.90 13.87 13.83 13.80 13.77 13.74 13.71 13.67 13.65 13.63 13.62 13.61 13.60 13.61 13.62 13.64 13.68 13.73 13.80 13.88 13.97 14.09 14.21 14.34 14.47 14.60
16.20 16.18 16.16 16.14 16.12 16.10 16.07 16.05 16.03 16.01 15.98 15.96 15.93 15.91 15.88 15.87 15.85 15.82 15.80 15.77 15.75 15.72 15.69 15.66 15.63 15.60 15.56 15.52 15.48 15.45 15.40 15.35 15.30 15.24 15.18 15.11 15.04 14.97 14.89 14.80 14.71 14.62 14.53 14.43 14.33 14.24 14.16 14.07 14.00 13.93 13.89 13.85 13.82 13.77 13.74 13.71 13.68 13.65 13.62 13.60 13.59 13.57 13.57 13.56 13.58 13.60 13.63 13.69 13.74 13.82 13.91 14.02 14.14 14.27 14.40 14.54 14.68
16.14 16.11 16.09 16.07 16.05 16.03 16.01 15.99 15.96 15.94 15.91 15.89 15.87 15.85 15.82 15.79 15.78 15.74 15.73 15.70 15.68 15.65 15.62 15.60 15.57 15.54 15.50 15.47 15.44 15.40 15.36 15.32 15.27 15.22 15.16 15.10 15.04 14.98 14.91 14.84 14.77 14.69 14.62 14.53 14.45 14.38 14.29 14.21 14.14 14.07 14.01 13.95 13.90 13.84 13.80 13.76 13.72 13.70 13.68 13.67 13.65 13.66 13.66 13.68 13.70 13.73 13.78 13.84 13.90 13.98 14.06 14.15 14.26 14.37 14.49 14.63 14.76
16.07 16.05 16.03 16.01 15.98 15.96 15.94 15.92 15.89 15.87 15.84 15.82 15.79 15.77 15.75 15.72 15.71 15.68 15.65 15.64 15.61 15.58 15.56 15.53 15.50 15.47 15.44 15.41 15.38 15.34 15.31 15.27 15.23 15.19 15.14 15.09 15.04 14.99 14.93 14.87 14.80 14.74 14.68 14.61 14.54 14.48 14.41 14.35 14.29 14.23 14.17 14.11 14.07 14.02 13.98 13.95 13.92 13.90 13.88 13.86 13.86 13.86 13.87 13.89 13.92 13.94 13.98 14.03 14.08 14.15 14.22 14.31 14.40 14.49 14.60 14.72 14.84
16.01 15.98 15.96 15.94 15.92 15.90 15.87 15.85 15.82 15.80 15.77 15.75 15.73 15.70 15.68 15.66 15.63 15.61 15.59 15.57 15.54 15.52 15.49 15.47 15.44 15.41 15.38 15.35 15.32 15.29 15.26 15.23 15.19 15.15 15.11 15.06 15.03 14.98 14.93 14.88 14.82 14.78 14.72 14.67 14.61 14.56 14.50 14.45 14.40 14.35 14.31 14.26 14.22 14.18 14.15 14.12 14.10 14.08 14.06 14.06 14.05 14.05 14.07 14.07 14.09 14.12 14.15 14.19 14.24 14.29 14.36 14.43 14.51 14.59 14.68 14.79 14.89
15.94 15.92 15.90 15.87 15.85 15.83 15.80 15.78 15.75 15.73 15.70 15.68 15.66 15.63 15.61 15.59 15.56 15.54 15.52 15.49 15.48 15.45 15.43 15.40 15.37 15.35 15.32 15.29 15.26 15.23 15.21 15.18 15.14 15.11 15.07 15.03 14.99 14.96 14.92 14.87 14.83 14.79 14.75 14.70 14.65 14.61 14.56 14.52 14.48 14.44 14.40 14.36 14.34 14.30 14.28 14.25 14.23 14.22 14.20 14.20 14.19 14.20 14.20 14.21 14.23 14.25 14.27 14.30 14.35 14.40 14.45 14.50 14.57 14.65 14.74 14.83 14.92
15.88 15.85 15.83 15.81 15.79 15.76 15.74 15.71 15.68 15.66 15.64 15.61 15.59 15.57 15.54 15.52 15.50 15.47 15.45 15.42 15.41 15.38 15.36 15.33 15.31 15.28 15.26 15.23 15.20 15.17 15.16 15.13 15.09 15.06 15.03 15.00 14.96 14.93 14.90 14.86 14.82 14.79 14.75 14.71 14.67 14.64 14.60 14.57 14.53 14.50 14.47 14.44 14.41 14.39 14.37 14.34 14.33 14.31 14.31 14.30 14.30 14.29 14.30 14.31 14.32 14.34 14.36 14.39 14.42 14.46 14.51 14.56 14.62 14.69 14.76 14.85 14.94
15.81 15.79 15.76 15.74 15.72 15.70 15.66 15.64 15.62 15.59 15.57 15.55 15.52 15.50 15.48 15.45 15.43 15.40 15.38 15.36 15.34 15.31 15.29 15.27 15.24 15.22 15.19 15.17 15.14 15.12 15.10 15.07 15.04 15.01 14.98 14.95 14.93 14.90 14.87 14.83 14.80 14.78 14.74 14.71 14.67 14.65 14.62 14.59 14.56 14.53 14.51 14.48 14.47 14.44 14.43 14.41 14.40 14.38 14.38 14.37 14.37 14.36 14.37 14.38 14.38 14.40 14.42 14.44 14.47 14.51 14.55 14.59 14.65 14.71 14.77 14.85 14.94
15.74 15.72 15.70 15.68 15.64 15.62 15.60 15.57 15.55 15.53 15.50 15.48 15.45 15.43 15.41 15.38 15.36 15.34 15.31 15.29 15.26 15.24 15.23 15.20 15.18 15.15 15.13 15.11 15.08 15.06 15.04 15.01 14.99 14.96 14.93 14.91 14.88 14.86 14.83 14.80 14.77 14.75 14.72 14.69 14.66 14.65 14.62 14.60 14.57 14.54 14.53 14.50 14.49 14.47 14.46 14.44 14.44 14.42 14.41 14.41 14.40 14.41 14.41 14.41 14.43 14.43 14.45 14.48 14.50 14.53 14.56 14.61 14.65 14.71 14.77 14.84 14.92
15.68 15.66 15.63 15.61 15.58 15.55 15.53 15.51 15.48 15.46 15.43 15.41 15.39 15.36 15.34 15.32 15.29 15.27 15.25 15.22 15.20 15.17 15.15 15.14 15.11 15.09 15.07 15.04 15.02 14.99 14.97 14.96 14.93 14.91 14.88 14.86 14.84 14.81 14.79 14.76 14.74 14.72 14.69 14.67 14.64 14.63 14.60 14.59 14.57 14.54 14.53 14.51 14.50 14.48 14.46 14.46 14.44 14.44 14.43 14.43 14.42 14.43 14.43 14.43 14.44 14.45 14.46 14.48 14.51 14.54 14.57 14.60 14.65 14.70 14.76 14.82 14.90
15.61 15.59 15.57 15.54 15.51 15.49 15.46 15.44 15.42 15.39 15.37 15.34 15.32 15.30 15.27 15.25 15.23 15.20 15.18 15.15 15.13 15.11 15.09 15.07 15.05 15.02 15.00 14.98 14.96 14.93 14.91 14.90 14.87 14.85 14.83 14.80 14.79 14.77 14.74 14.72 14.70 14.68 14.66 14.64 14.62 14.60 14.58 14.57 14.55 14.53 14.52 14.50 14.48 14.48 14.46 14.46 14.44 14.44 14.43 14.44 14.43 14.43 14.43 14.44 14.44 14.46 14.47 14.48 14.50 14.53 14.56 14.59 14.63 14.68 14.74 14.80 14.87
15.55 15.52 15.49 15.47 15.44 15.42 15.40 15.37 15.35 15.32 15.30 15.28 15.25 15.23 15.21 15.18 15.16 15.13 15.11 15.09 15.06 15.04 15.03 15.01 14.98 14.96 14.94 14.92 14.89 14.87 14.85 14.84 14.81 14.79 14.77 14.75 14.74 14.71 14.69 14.67 14.65 14.64 14.62 14.60 14.59 14.57 14.55 14.54 14.52 14.50 14.50 14.48 14.46 14.46 14.45 14.44 14.43 14.43 14.42 14.42 14.42 14.42 14.43 14.43 14.43 14.45 14.46 14.47 14.49 14.51 14.54 14.58 14.61 14.66 14.71 14.77 14.84
15.48 15.46 15.42 15.40 15.38 15.35 15.33 15.31 15.28 15.26 15.23 15.21 15.19 15.16 15.14 15.12 15.09 15.07 15.05 15.02 15.00 14.98 14.95 14.94 14.92 14.90 14.87 14.85 14.83 14.81 14.79 14.78 14.75 14.73 14.71 14.69 14.67 14.66 14.64 14.62 14.60 14.59 14.57 14.55 14.54 14.53 14.51 14.50 14.49 14.47 14.47 14.45 14.44 14.44 14.42 14.42 14.41 14.40 14.41 14.40 14.41 14.40 14.40 14.41 14.41 14.42 14.44 14.45 14.47 14.49 14.52 14.55 14.59 14.63 14.68 14.74 14.82
15.40 15.38 15.36 15.33 15.31 15.29 15.26 15.24 15.21 15.19 15.17 15.14 15.12 15.10 15.07 15.05 15.03 15.00 14.98 14.96 14.93 14.91 14.89 14.88 14.85 14.83 14.81 14.79 14.77 14.75 14.73 14.71 14.69 14.67 14.65 14.63 14.61 14.61 14.59 14.57 14.55 14.54 14.52 14.51 14.49 14.48 14.47 14.46 14.45 14.43 14.43 14.42 14.41 14.41 14.39 14.38 14.39 14.38 14.38 14.38 14.38 14.38 14.38 14.38 14.39 14.40 14.41 14.43 14.44 14.46 14.49 14.53 14.56 14.60 14.65 14.71 14.79
15.35 15.32 15.29 15.27 15.24 15.22 15.20 15.17 15.15 15.12 15.10 15.08 15.05 15.03 15.01 14.98 14.96 14.94 14.91 14.89 14.87 14.85 14.82 14.80 14.79 14.77 14.75 14.73 14.71 14.68 14.66 14.64 14.63 14.62 14.60 14.58 14.56 14.55 14.53 14.52 14.50 14.49 14.48 14.46 14.45 14.44 14.42 14.41 14.41 14.39 14.38 14.38 14.37 14.37 14.36 14.35 14.35 14.35 14.35 14.35 14.34 14.35 14.35 14.35 14.37 14.37 14.38 14.40 14.42 14.43 14.46 14.50 14.53 14.57 14.62 14.69 14.75
15.27 15.25 15.23 15.20 15.18 15.15 15.13 15.11 15.08 15.06 15.03 15.01 14.99 14.96 14.94 14.92 14.89 14.87 14.85 14.83 14.80 14.78 14.76 14.74 14.72 14.71 14.68 14.66 14.64 14.62 14.60 14.59 14.58 14.56 14.54 14.52 14.50 14.50 14.48 14.46 14.45 14.44 14.43 14.41 14.40 14.39 14.38 14.37 14.36 14.35 14.34 14.34 14.33 14.33 14.33 14.32 14.32 14.32 14.31 14.32 14.31 14.32 14.32 14.32 14.34 14.34 14.35 14.37 14.39 14.41 14.43 14.47 14.50 14.54 14.59 14.65 14.72
15.21 15.18 15.16 15.14 15.11 15.09 15.06 15.04 15.02 14.99 14.97 14.94 14.92 14.90 14.87 14.85 14.83 14.81 14.78 14.76 14.74 14.72 14.70 14.67 14.66 14.64 14.62 14.60 14.58 14.56 14.54 14.53 14.52 14.50 14.48 14.46 14.45 14.44 14.42 14.41 14.39 14.39 14.38 14.36 14.35 14.35 14.33 14.32 14.32 14.31 14.30 14.30 14.29 14.29 14.29 14.28 14.29 14.28 14.28 14.28 14.28 14.28 14.29 14.29 14.30 14.31 14.32 14.33 14.36 14.38 14.40 14.44 14.47 14.51 14.56 14.62 14.68
15.14 15.12 15.09 15.07 15.05 15.02 15.00 14.97 14.95 14.93 14.90 14.88 14.86 14.83 14.81 14.79 14.76 14.74 14.72 14.70 14.68 14.65 14.63 14.61 14.60 14.58 14.56 14.54 14.52 14.50 14.48 14.47 14.46 14.44 14.42 14.41 14.39 14.39 14.37 14.36 14.34 14.34 14.33 14.31 14.30 14.30 14.29 14.28 14.28 14.27 14.26 14.26 14.25 14.25 14.25 14.25 14.24 14.25 14.24 14.25 14.25 14.25 14.26 14.26 14.27 14.29 14.29 14.31 14.33 14.35 14.37 14.41 14.44 14.48 14.53 14.59 14.65
15.08 15.05 15.03 15.00 14.98 14.96 14.93 14.91 14.88 14.86 14.84 14.81 14.79 14.77 14.75 14.72 14.70 14.68 14.66 14.63 14.61 14.59 14.57 14.55 14.53 14.52 14.50 14.48 14.46 14.44 14.43 14.41 14.40 14.39 14.37 14.35 14.34 14.33 14.32 14.31 14.29 14.29 14.28 14.26 14.25 14.25 14.24 14.23 14.23 14.23 14.22 14.22 14.22 14.21 14.21 14.21 14.21 14.21 14.21 14.21 14.22 14.22 14.22 14.24 14.24 14.26 14.27 14.28 14.29 14.32 14.34 14.38 14.41 14.45 14.50 14.55 14.61
15.01 14.99 14.96 14.94 14.91 14.89 14.87 14.84 14.82 14.80 14.77 14.75 14.73 14.70 14.68 14.66 14.64 14.61 14.59 14.57 14.55 14.53 14.51 14.49 14.47 14.46 14.44 14.42 14.40 14.39 14.37 14.35 14.35 14.33 14.31 14.30 14.29 14.28 14.27 14.25 14.24 14.23 14.23 14.22 14.21 14.21 14.20 14.19 14.19 14.19 14.18 14.18 14.18 14.17 14.18 14.17 14.17 14.18 14.18 14.18 14.19 14.19 14.19 14.21 14.21 14.22 14.24 14.25 14.28 14.30 14.32 14.35 14.38 14.42 14.47 14.52 14.57
14.95 14.92 14.90 14.87 14.85 14.83 14.80 14.78 14.75 14.73 14.71 14.69 14.66 14.64 14.62 14.60 14.57 14.55 14.53 14.51 14.49 14.47 14.45 14.43 14.41 14.39 14.38 14.36 14.35 14.33 14.31 14.30 14.29 14.28 14.26 14.25 14.23 14.22 14.22 14.21 14.19 14.19 14.18 14.17 14.16 14.16 14.16 14.15 14.14 14.15 14.14 14.14 14.14 14.14 14.13 14.14 14.14 14.14 14.15 14.15 14.16 14.16 14.17 14.18 14.19 14.20 14.22 14.23 14.24 14.27 14.29 14.32 14.36 14.39 14.44 14.48 14.54
14.88 14.86 14.83 14.81 14.78 14.76 14.74 14.71 14.69 14.67 14.64 14.62 14.60 14.58 14.55 14.53 14.51 14.49 14.47 14.45 14.43 14.41 14.39 14.37 14.35 14.33 14.33 14.31 14.29 14.27 14.26 14.24 14.24 14.22 14.21 14.20 14.18 14.18 14.17 14.16 14.15 14.14 14.14 14.13 14.12 14.12 14.12 14.11 14.10 14.11 14.10 14.10 14.11 14.10 14.10 14.11 14.11 14.11 14.12 14.12 14.12 14.14 14.14 14.16 14.16 14.17 14.19 14.20 14.22 14.25 14.27 14.29 14.33 14.36 14.41 14.45 14.50
14.82 14.79 14.77 14.74 14.72 14.70 14.67 14.65 14.62 14.60 14.58 14.55 14.54 14.51 14.49 14.47 14.45 14.43 14.41 14.39 14.37 14.35 14.33 14.31 14.29 14.28 14.27 14.25 14.24 14.22 14.20 14.19 14.18 14.17 14.16 14.15 14.13 14.12 14.12 14.11 14.10 14.09 14.09 14.09 14.08 14.08 14.08 14.07 14.07 14.07 14.07 14.06 14.07 14.07 14.07 14.08 14.08 14.08 14.09 14.09 14.10 14.11 14.12 14.12 14.14 14.15 14.16 14.18 14.20 14.22 14.24 14.27 14.30 14.33 14.38 14.42 14.47
14.75 14.73 14.70 14.68 14.66 14.63 14.61 14.59 14.55 14.54 14.51 14.49 14.46 14.45 14.42 14.41 14.39 14.37 14.35 14.33 14.31 14.29 14.27 14.25 14.24 14.22 14.21 14.20 14.18 14.17 14.15 14.14 14.12 14.12 14.11 14.10 14.09 14.08 14.08 14.07 14.06 14.05 14.05 14.04 14.04 14.03 14.04 14.03 14.03 14.04 14.03 14.03 14.04 14.04 14.04 14.05 14.05 14.05 14.07 14.07 14.07 14.09 14.09 14.10 14.12 14.13 14.14 14.16 14.18 14.20 14.22 14.24 14.28 14.31 14.35 14.39 14.43
14.69 14.66 14.64 14.61 14.59 14.57 14.54 14.52 14.49 14.47 14.45 14.42 14.40 14.38 14.37 14.35 14.33 14.31 14.29 14.27 14.25 14.23 14.22 14.20 14.18 14.17 14.15 14.14 14.13 14.11 14.10 14.09 14.07 14.06 14.06 14.05 14.04 14.03 14.03 14.02 14.02 14.01 14.01 14.01 14.00 14.00 14.00 14.00 14.00 13.99 14.00 14.00 14.01 14.01 14.01 14.02 14.03 14.03 14.04 14.05 14.05 14.06 14.07 14.08 14.10 14.11 14.12 14.14 14.16 14.17 14.20 14.22 14.26 14.29 14.32 14.36 14.40
14.63 14.60 14.58 14.54 14.53 14.51 14.47 14.45 14.43 14.41 14.38 14.36 14.34 14.32 14.30 14.29 14.26 14.25 14.23 14.21 14.19 14.18 14.16 14.14 14.13 14.11 14.10 14.09 14.08 14.06 14.05 14.04 14.03 14.03 14.02 14.01 14.00 13.99 13.98 13.98 13.97 13.97 13.96 13.97 13.96 13.96 13.97 13.97 13.96 13.96 13.97 13.97 13.97 13.99 13.99 13.99 14.00 14.01 14.01 14.03 14.03 14.04 14.06 14.06 14.08 14.09 14.10 14.13 14.14 14.16 14.19 14.21 14.24 14.26 14.29 14.33 14.37
14.60 14.56 14.52 14.49 14.46 14.43 14.41 14.39 14.37 14.34 14.32 14.30 14.28 14.26 14.24 14.22 14.21 14.19 14.17 14.16 14.14 14.12 14.11 14.09 14.07 14.06 14.04 14.04 14.03 14.01 14.00 13.99 13.98 13.97 13.97 13.96 13.95 13.95 13.95 13.94 13.94 13.93 13.93 13.93 13.93 13.93 13.93 13.93 13.93 13.93 13.94 13.95 13.95 13.96 13.96 13.97 13.98 13.99 13.99 14.01 14.01 14.02 14.04 14.05 14.06 14.08 14.09 14.10 14.13 14.14 14.17 14.19 14.21 14.24 14.27 14.31 14.34
14.58 14.53 14.48 14.43 14.40 14.37 14.35 14.33 14.30 14.28 14.26 14.24 14.22 14.20 14.18 14.16 14.14 14.13 14.12 14.10 14.08 14.07 14.05 14.04 14.02 14.01 13.99 13.98 13.98 13.97 13.96 13.95 13.94 13.93 13.93 13.92 13.91 13.91 13.90 13.90 13.90 13.90 13.89 13.90 13.90 13.90 13.90 13.91 13.91 13.91 13.92 13.92 13.92 13.93 13.94 13.95 13.96 13.97 13.97 13.98 14.00 14.01 14.02 14.03 14.04 14.07 14.08 14.09 14.11 14.13 14.15 14.17 14.19 14.23 14.25 14.29 14.32
14.55 14.51 14.46 14.41 14.37 14.32 14.29 14.27 14.24 14.22 14.20 14.18 14.16 14.14 14.12 14.11 14.09 14.08 14.05 14.05 14.03 14.02 14.00 13.99 13.97 13.96 13.95 13.93 13.93 13.92 13.91 13.90 13.89 13.88 13.89 13.88 13.87 13.87 13.86 13.87 13.86 13.86 13.86 13.87 13.87 13.87 13.87 13.88 13.88 13.88 13.89 13.90 13.90 13.91 13.92 13.93 13.93 13.95 13.96 13.97 13.98 13.99 14.00 14.02 14.03 14.04 14.07 14.08 14.10 14.12 14.13 14.16 14.18 14.21 14.23 14.26 14.29
