main/data/temperature/03.06.2023.grid
ncols 886
nrows 691
xllcenter 112.0000
yllcenter -44.5000
cellsize 0.0500
nodata_value 99999.90
[rows 374 to 407 of 691, columns 385 to 461 of 886]
22.93 23.02 23.12 23.09 23.33 23.35 23.55 23.69 23.72 23.80 23.90 24.08 24.16 24.21 24.34 24.26 24.12 24.19 24.13 24.32 24.38 24.41 24.52 24.52 24.61 24.75 24.84 24.89 25.01 25.21 25.40 25.40 25.57 25.66 25.64 25.64 25.69 25.67 25.81 25.86 25.99 25.98 26.10 26.17 26.19 26.39 26.41 26.34 26.31 26.33 26.36 26.35 26.30 26.33 26.30 26.26 26.31 26.41 26.41 26.44 26.40 26.30 26.31 26.34 26.35 26.49 26.71 26.84 26.95 27.12 27.22 27.34 27.45 27.54 27.59 27.67 27.71
22.64 22.62 22.76 22.91 22.99 22.92 23.15 23.51 23.51 23.66 23.82 23.90 23.99 24.07 24.22 24.28 24.11 24.27 24.30 24.39 24.35 24.28 24.39 24.51 24.57 24.64 24.78 24.84 24.98 25.14 25.26 25.33 25.44 25.42 25.55 25.71 25.61 25.65 25.77 25.87 25.88 26.00 26.05 26.14 26.19 26.31 26.26 26.28 26.27 26.33 26.30 26.30 26.25 26.24 26.21 26.22 26.32 26.40 26.46 26.45 26.41 26.44 26.34 26.40 26.42 26.37 26.59 26.80 26.95 27.09 27.19 27.30 27.39 27.42 27.55 27.64 27.71
22.71 22.63 22.83 22.83 23.02 22.94 23.16 23.22 23.28 23.42 23.63 23.76 23.87 23.97 24.09 24.14 24.23 24.29 24.34 24.37 24.40 24.41 24.45 24.43 24.53 24.61 24.76 24.89 24.98 25.11 25.15 25.22 25.32 25.35 25.41 25.55 25.76 25.73 25.81 25.76 25.90 25.87 25.94 26.01 26.09 26.24 26.26 26.30 26.31 26.23 26.23 26.23 26.20 26.18 26.18 26.24 26.27 26.38 26.45 26.32 26.46 26.43 26.39 26.25 26.46 26.34 26.55 26.71 26.83 26.90 27.07 27.22 27.34 27.42 27.51 27.56 27.65
22.74 22.61 22.83 22.76 22.98 22.85 23.02 23.31 23.20 23.28 23.58 23.70 23.72 23.83 23.94 24.11 24.11 24.19 24.29 24.35 24.34 24.40 24.29 24.36 24.48 24.61 24.75 24.81 24.89 25.02 25.09 25.18 25.20 25.29 25.45 25.55 25.57 25.65 25.73 25.79 25.78 25.85 25.90 26.04 26.11 26.15 26.23 26.23 26.26 26.23 26.17 26.20 26.18 26.17 26.22 26.24 26.23 26.24 26.46 26.41 26.47 26.45 26.49 26.50 26.63 26.49 26.57 26.67 26.69 26.75 26.90 27.10 27.29 27.36 27.42 27.49 27.58
22.69 22.73 22.76 22.84 22.87 22.78 22.97 23.21 23.32 23.32 23.29 23.64 23.58 23.74 23.79 23.93 24.09 24.14 24.12 24.18 24.23 24.11 24.21 24.33 24.40 24.56 24.72 24.78 24.85 24.98 25.05 25.11 25.13 25.26 25.34 25.42 25.55 25.61 25.61 25.73 25.75 25.85 25.95 25.97 26.03 26.01 26.14 26.14 26.19 26.19 26.16 26.15 26.17 26.17 26.23 26.26 26.31 26.33 26.41 26.48 26.54 26.46 26.63 26.37 26.43 26.56 26.58 26.62 26.53 26.74 26.92 27.13 27.25 27.29 27.40 27.47 27.57
22.44 22.58 22.66 22.80 22.86 22.85 22.83 22.87 23.12 23.33 23.42 23.47 23.50 23.51 23.61 23.99 23.71 24.03 24.00 23.91 24.00 24.05 24.21 24.33 24.43 24.56 24.58 24.66 24.79 24.95 24.99 24.97 25.13 25.20 25.32 25.28 25.43 25.51 25.55 25.67 25.72 25.68 25.91 25.91 25.94 25.96 26.04 26.08 26.09 26.07 26.05 26.11 26.11 26.14 26.19 26.22 26.31 26.31 26.35 26.51 26.51 26.58 26.43 26.45 26.49 26.57 26.54 26.58 26.57 26.68 26.88 27.02 27.21 27.26 27.32 27.42 27.45
22.00 22.34 22.39 22.43 22.71 22.87 22.83 22.80 22.81 23.03 23.20 23.36 23.42 23.51 23.62 23.65 23.78 23.79 23.70 23.77 23.84 23.97 24.06 24.24 24.33 24.50 24.47 24.49 24.74 24.84 24.86 24.95 25.00 25.08 25.15 25.31 25.37 25.40 25.46 25.53 25.71 25.78 25.91 25.82 25.91 25.92 25.95 26.00 26.03 26.06 26.11 26.12 26.18 26.19 26.19 26.25 26.32 26.37 26.42 26.39 26.52 26.49 26.48 26.46 26.57 26.59 26.51 26.58 26.53 26.44 26.61 26.86 26.91 27.07 27.16 27.27 27.37
21.87 22.08 22.03 22.15 22.52 22.68 22.93 23.00 22.91 22.88 23.04 23.18 23.27 23.30 23.43 23.63 23.67 23.58 23.59 23.55 23.71 23.84 23.91 24.06 24.14 24.28 24.36 24.43 24.49 24.56 24.65 24.85 24.90 24.96 25.02 25.11 25.26 25.32 25.37 25.42 25.62 25.81 25.71 25.76 25.79 25.81 25.88 25.92 25.96 26.00 26.05 26.08 26.12 26.15 26.19 26.23 26.29 26.38 26.39 26.39 26.50 26.43 26.51 26.48 26.49 26.56 26.55 26.51 26.45 26.42 26.43 26.40 26.73 26.87 27.03 27.17 27.25
21.71 21.80 21.88 22.14 22.38 22.53 22.67 22.87 22.93 23.00 23.03 23.02 23.12 23.20 23.30 23.44 23.40 23.50 23.51 23.54 23.63 23.71 23.87 24.02 24.07 24.20 24.39 24.33 24.32 24.50 24.65 24.74 24.81 24.89 24.95 24.98 25.16 25.18 25.30 25.39 25.48 25.72 25.59 25.78 25.71 25.76 25.80 25.85 25.89 25.93 26.03 26.01 26.05 26.08 26.13 26.24 26.30 26.39 26.38 26.43 26.47 26.45 26.48 26.48 26.55 26.53 26.51 26.49 26.43 26.39 26.39 26.59 26.55 26.57 26.82 27.03 27.07
21.56 21.65 21.71 21.88 22.11 22.14 22.40 22.67 22.81 22.84 22.94 22.92 23.10 23.18 23.27 23.21 23.24 23.36 23.33 23.41 23.51 23.66 23.79 23.90 24.04 24.21 24.30 24.21 24.28 24.39 24.55 24.59 24.83 24.91 24.91 25.03 25.08 25.14 25.34 25.37 25.44 25.64 25.63 25.59 25.64 25.70 25.73 25.77 25.82 25.85 25.89 25.93 25.97 26.00 26.07 26.16 26.23 26.31 26.33 26.39 26.44 26.39 26.41 26.49 26.57 26.46 26.53 26.46 26.42 26.48 26.50 26.53 26.58 26.55 26.63 26.95 27.09
21.55 21.57 21.60 21.65 21.77 21.94 22.04 22.28 22.45 22.44 22.64 22.84 22.96 23.05 23.13 23.22 23.30 23.25 23.21 23.35 23.46 23.56 23.70 23.71 23.80 23.99 24.05 24.10 24.18 24.30 24.46 24.43 24.61 24.81 24.88 24.93 25.04 25.05 25.21 25.30 25.40 25.45 25.47 25.51 25.55 25.61 25.64 25.69 25.74 25.68 25.83 25.86 25.91 25.96 26.02 26.08 26.17 26.25 26.25 26.34 26.38 26.43 26.44 26.51 26.56 26.60 26.59 26.58 26.53 26.47 26.56 26.61 26.56 26.52 26.56 26.87 27.05
21.39 21.54 21.55 21.62 21.69 21.78 21.96 22.00 22.09 22.15 22.27 22.60 22.81 22.86 22.98 23.09 23.18 23.19 23.22 23.46 23.43 23.50 23.51 23.66 23.78 23.83 24.04 24.17 24.21 24.28 24.36 24.43 24.49 24.66 24.77 24.85 25.05 25.08 25.12 25.31 25.35 25.20 25.27 25.37 25.46 25.52 25.54 25.56 25.66 25.70 25.77 25.81 25.85 25.90 25.93 26.02 26.13 26.18 26.23 26.28 26.32 26.37 26.45 26.52 26.54 26.59 26.60 26.62 26.65 26.57 26.55 26.63 26.62 26.57 26.43 26.79 26.98
21.08 21.30 21.41 21.47 21.65 21.63 21.87 21.91 22.01 22.10 22.30 22.41 22.62 22.76 22.85 22.95 23.06 23.04 23.28 23.40 23.44 23.38 23.39 23.55 23.78 23.71 23.81 23.92 24.25 24.35 24.11 24.27 24.40 24.57 24.66 24.71 24.84 25.02 25.08 25.26 25.09 25.02 25.12 25.20 25.25 25.30 25.36 25.48 25.59 25.64 25.72 25.75 25.81 25.83 25.81 25.95 26.04 26.07 26.12 26.21 26.24 26.25 26.37 26.48 26.54 26.58 26.62 26.62 26.65 26.63 26.60 26.60 26.59 26.56 26.58 26.73 26.95
21.25 21.27 21.49 21.62 21.64 21.56 21.73 21.78 22.02 22.26 22.24 22.42 22.52 22.63 22.73 22.81 22.99 23.02 23.26 23.35 23.30 23.31 23.49 23.49 23.50 23.70 23.75 23.91 23.99 24.06 24.35 24.47 24.50 24.50 24.54 24.68 24.85 24.99 25.10 25.04 25.09 25.06 25.19 25.03 25.03 25.21 25.29 25.46 25.57 25.67 25.74 25.79 25.82 25.83 25.86 25.95 26.00 26.01 26.07 26.14 26.21 26.31 26.41 26.47 26.50 26.42 26.44 26.53 26.55 26.57 26.60 26.63 26.61 26.62 26.60 26.64 26.90
21.36 21.26 21.44 21.60 21.78 21.86 21.90 21.90 22.03 22.24 22.21 22.28 22.42 22.50 22.61 22.72 22.96 23.04 23.20 23.27 23.34 23.40 23.40 23.32 23.51 23.62 23.72 23.80 23.89 24.02 24.17 24.43 24.51 24.56 24.48 24.64 24.76 24.84 24.89 24.72 24.97 24.91 24.96 24.84 24.93 25.11 25.27 25.39 25.55 25.61 25.68 25.73 25.77 25.83 25.87 25.96 25.99 26.08 26.04 26.16 26.16 26.23 26.28 26.42 26.43 26.43 26.47 26.51 26.55 26.58 26.61 26.59 26.53 26.35 26.57 26.62 26.49
21.20 21.14 21.36 21.47 21.59 21.76 21.84 21.94 22.01 22.06 22.12 22.18 22.24 22.17 22.50 22.71 22.84 22.88 23.02 23.12 23.22 23.24 23.26 23.22 23.28 23.53 23.60 23.83 23.94 24.01 24.14 24.31 24.38 24.47 24.38 24.45 24.57 24.76 24.79 24.69 24.76 24.82 24.83 24.88 25.01 25.16 25.25 25.30 25.44 25.50 25.60 25.65 25.70 25.76 25.80 25.89 25.91 25.94 26.00 26.06 26.09 26.11 26.22 26.30 26.52 26.37 26.41 26.44 26.51 26.48 26.59 26.57 26.59 26.52 26.52 26.58 26.69
21.10 21.14 21.24 21.34 21.55 21.63 21.72 21.82 21.91 22.02 22.11 22.21 22.31 22.38 22.14 22.51 22.69 22.84 23.06 23.03 23.00 23.05 23.15 23.24 23.33 23.33 23.45 23.55 23.82 23.90 24.10 24.21 24.29 24.35 24.30 24.63 24.57 24.76 24.68 24.46 24.58 24.79 24.94 25.00 25.07 25.11 25.17 25.23 25.34 25.46 25.54 25.65 25.65 25.73 25.70 25.77 25.82 25.87 25.92 25.99 26.08 26.15 26.20 26.30 26.30 26.36 26.42 26.39 26.48 26.52 26.55 26.58 26.54 26.49 26.55 26.56 26.59
20.96 21.04 21.14 21.19 21.40 21.50 21.61 21.73 21.80 21.89 22.01 22.10 22.19 22.29 22.23 22.24 22.56 22.71 22.88 22.82 22.85 22.96 23.07 23.05 23.23 23.36 23.54 23.64 23.87 23.95 24.06 24.10 24.18 24.26 24.32 24.42 24.49 24.54 24.46 24.50 24.58 24.83 24.86 24.93 25.12 25.01 25.08 25.12 25.28 25.43 25.52 25.58 25.59 25.65 25.66 25.70 25.70 25.78 25.90 25.97 26.03 26.06 26.11 26.24 26.26 26.26 26.37 26.42 26.45 26.46 26.49 26.49 26.50 26.54 26.51 26.50 26.58
20.93 20.93 21.11 21.22 21.33 21.43 21.49 21.60 21.71 21.81 21.90 22.00 22.09 22.26 22.30 22.28 22.19 22.45 22.60 22.77 22.82 22.98 22.93 23.10 23.26 23.47 23.59 23.67 23.86 23.93 24.09 24.08 24.07 24.15 24.23 24.31 24.52 24.47 24.44 24.59 24.79 24.91 24.99 24.97 25.02 24.97 25.03 25.14 25.30 25.34 25.41 25.43 25.48 25.59 25.62 25.66 25.74 25.78 25.87 25.91 25.92 25.94 26.06 26.14 26.17 26.20 26.32 26.45 26.34 26.45 26.44 26.45 26.51 26.50 26.49 26.42 26.49
20.76 20.86 21.06 21.09 21.23 21.33 21.40 21.53 21.68 21.78 21.85 21.89 22.00 22.13 22.17 22.22 22.38 22.34 22.31 22.53 22.83 22.88 23.10 23.28 23.42 23.61 23.61 23.71 23.61 23.75 23.97 24.04 23.99 24.00 24.13 24.22 24.42 24.40 24.57 24.64 24.66 24.63 24.78 24.90 25.02 25.01 25.04 25.13 25.26 25.26 25.27 25.22 25.29 25.47 25.59 25.64 25.64 25.71 25.77 25.78 25.84 25.88 25.92 26.00 26.08 26.16 26.20 26.25 26.26 26.33 26.38 26.44 26.48 26.52 26.50 26.52 26.52
20.59 20.87 20.97 21.05 21.14 21.22 21.31 21.42 21.55 21.69 21.76 21.78 21.88 21.99 22.06 22.17 22.29 22.52 22.43 22.20 22.37 22.49 22.89 23.22 23.30 23.43 23.45 23.46 23.52 23.53 23.58 23.90 23.87 23.89 24.04 24.11 24.12 24.13 24.33 24.45 24.47 24.52 24.59 24.56 24.86 24.93 25.04 25.12 25.15 25.15 25.22 25.18 25.24 25.38 25.52 25.57 25.55 25.55 25.67 25.72 25.77 25.79 25.81 25.92 25.98 26.03 26.13 26.16 26.19 26.28 26.34 26.36 26.43 26.48 26.48 26.48 26.46
20.72 20.80 20.91 21.02 21.04 21.15 21.30 21.38 21.52 21.61 21.67 21.77 21.80 21.88 22.02 22.07 22.16 22.39 22.37 22.38 22.20 22.29 22.48 22.63 22.92 23.18 23.36 23.36 23.28 23.52 23.66 23.68 23.77 23.86 23.94 24.01 23.95 23.93 24.12 24.29 24.30 24.36 24.50 24.58 24.63 24.71 24.92 24.97 25.03 24.94 25.09 25.21 25.26 25.21 25.43 25.50 25.49 25.54 25.59 25.62 25.71 25.76 25.78 25.86 25.91 25.96 26.09 26.13 26.16 26.22 26.29 26.34 26.37 26.43 26.48 26.47 26.42
20.63 20.71 20.78 20.89 20.94 21.15 21.25 21.31 21.45 21.49 21.58 21.74 21.77 21.79 21.89 21.92 22.06 22.16 22.27 22.54 22.47 22.20 22.29 22.35 22.86 22.78 23.10 23.28 23.32 23.25 23.39 23.55 23.76 23.91 23.89 23.80 23.86 23.83 23.81 24.06 24.02 24.17 24.40 24.49 24.40 24.62 24.67 24.79 24.88 24.88 24.92 25.12 25.13 25.11 25.24 25.37 25.42 25.45 25.45 25.45 25.65 25.69 25.72 25.81 25.85 25.91 26.00 26.08 26.11 26.12 26.19 26.26 26.30 26.33 26.36 26.41 26.39
20.48 20.59 20.70 20.78 20.96 21.09 21.17 21.16 21.33 21.43 21.54 21.68 21.64 21.77 21.79 21.78 21.83 22.06 22.21 22.52 22.54 22.32 22.25 22.46 22.45 22.82 23.09 23.01 23.09 23.15 23.42 23.54 23.73 23.82 23.79 23.70 23.82 23.81 24.05 23.97 23.97 24.25 24.29 24.40 24.43 24.47 24.59 24.66 24.72 24.78 24.95 25.00 24.94 25.04 25.11 25.28 25.21 25.22 25.31 25.38 25.56 25.57 25.68 25.84 25.83 25.89 25.95 25.99 26.02 26.05 26.12 26.18 26.24 26.29 26.33 26.38 26.38
20.31 20.53 20.62 20.70 20.79 20.91 20.97 21.14 21.28 21.37 21.46 21.50 21.59 21.74 21.69 21.63 21.72 21.97 22.06 22.35 22.42 22.49 22.29 22.10 22.41 22.72 22.80 22.88 22.86 23.11 23.45 23.44 23.62 23.71 23.80 23.79 23.77 23.78 23.95 23.89 24.08 24.20 24.25 24.31 24.29 24.41 24.52 24.47 24.60 24.63 24.77 24.89 24.86 24.92 25.09 25.09 25.13 25.05 25.22 25.29 25.40 25.58 25.63 25.69 25.70 25.83 25.89 25.94 25.97 26.00 26.06 26.14 26.17 26.22 26.27 26.35 26.33
19.98 20.24 20.48 20.62 20.70 20.79 20.87 20.96 21.20 21.28 21.33 21.43 21.56 21.52 21.39 21.44 21.76 21.88 21.88 22.07 22.45 22.45 22.27 21.88 22.26 22.58 22.57 22.68 22.74 23.00 23.15 23.33 23.41 23.49 23.65 23.66 23.71 23.80 23.84 23.95 24.02 24.29 24.19 24.37 24.35 24.33 24.51 24.50 24.56 24.62 24.67 24.76 24.80 24.83 24.94 25.01 25.05 24.99 25.19 25.27 25.32 25.50 25.58 25.67 25.68 25.74 25.81 25.88 25.91 25.95 25.99 26.06 26.11 26.16 26.21 26.28 26.36
20.10 19.95 20.15 20.44 20.62 20.71 20.79 20.91 21.07 21.21 21.29 21.37 21.32 21.27 21.15 21.49 21.60 21.85 22.02 22.13 22.39 22.33 22.40 22.21 21.88 22.19 22.40 22.54 22.69 23.02 23.09 23.24 23.30 23.39 23.53 23.55 23.65 23.78 23.74 23.87 24.07 24.16 24.30 24.31 24.36 24.34 24.49 24.43 24.50 24.49 24.60 24.54 24.43 24.67 24.82 24.93 25.01 24.92 25.02 25.18 25.33 25.46 25.51 25.59 25.65 25.70 25.79 25.81 25.87 25.92 25.93 26.00 26.05 26.05 26.17 26.22 26.27
20.31 19.95 20.14 19.95 20.31 20.61 20.72 20.81 20.91 20.99 21.11 21.15 21.05 21.01 21.27 21.37 21.64 21.99 22.08 22.20 22.14 22.22 22.32 22.43 22.10 22.02 22.00 22.22 22.78 22.96 23.20 23.24 23.22 23.31 23.40 23.44 23.54 23.74 23.87 23.98 23.85 23.92 23.88 24.23 24.28 24.35 24.37 24.47 24.38 24.32 24.31 24.45 24.37 24.48 24.69 24.83 24.94 25.00 24.83 25.01 25.18 25.28 25.38 25.55 25.63 25.66 25.77 25.83 25.84 25.86 25.91 25.99 26.02 26.02 25.97 26.09 26.25
20.50 20.52 20.49 20.35 20.03 20.18 20.54 20.71 20.82 20.89 20.89 20.93 20.99 21.25 21.35 21.51 21.79 21.92 21.99 22.07 22.18 22.22 22.23 22.34 22.11 21.95 21.96 22.21 22.66 22.87 22.99 23.18 23.27 23.21 23.29 23.37 23.46 23.69 23.61 23.72 23.91 23.83 23.76 23.98 24.05 24.12 24.13 24.33 24.37 24.40 24.41 24.39 24.43 24.47 24.66 24.81 24.85 24.93 25.00 25.06 25.19 25.19 25.30 25.38 25.50 25.64 25.71 25.74 25.76 25.80 25.85 25.91 25.99 25.95 25.80 26.13 26.15
20.52 20.60 20.58 20.75 20.62 20.35 20.18 20.25 20.47 21.07 20.76 21.03 20.78 21.29 21.40 21.49 21.69 21.81 21.90 22.00 22.09 22.13 22.23 22.22 22.08 22.12 22.22 22.23 22.43 22.78 22.86 23.07 23.16 23.12 23.20 23.27 23.49 23.50 23.45 23.60 23.75 23.75 23.83 23.84 23.86 24.05 24.01 24.04 24.12 24.21 24.37 24.46 24.49 24.57 24.62 24.69 24.75 24.86 24.93 24.96 25.19 25.19 25.20 25.33 25.34 25.54 25.63 25.71 25.70 25.73 25.81 25.84 25.92 25.88 26.00 26.08 26.11
20.63 20.80 20.88 20.84 20.78 20.75 20.58 20.09 20.15 20.45 20.51 20.55 21.08 21.10 21.32 21.40 21.49 21.59 21.80 21.87 21.86 22.09 22.11 22.14 22.08 22.06 22.14 22.09 22.27 22.65 22.77 22.86 22.95 23.02 23.14 23.32 23.29 23.36 23.29 23.29 23.51 23.51 23.75 23.67 23.89 23.99 24.03 24.02 23.95 24.13 24.24 24.24 24.39 24.43 24.39 24.51 24.53 24.76 24.92 25.06 25.11 25.27 25.34 25.25 25.28 25.46 25.55 25.61 25.67 25.68 25.67 25.72 25.66 25.91 25.99 26.01 26.07
20.60 20.70 20.79 20.85 20.96 21.03 20.83 20.64 20.45 20.67 20.59 20.59 20.48 20.73 21.08 21.31 21.41 21.51 21.65 21.74 21.77 21.91 21.97 22.05 22.15 22.17 22.09 22.12 22.21 22.37 22.66 22.79 22.86 22.95 23.24 23.27 23.35 23.39 23.37 23.35 23.32 23.40 23.66 23.64 23.86 23.85 23.81 23.90 23.95 24.07 24.23 24.34 24.40 24.36 24.34 24.37 24.50 24.66 24.86 25.02 25.14 25.19 25.36 25.35 25.33 25.36 25.44 25.54 25.52 25.53 25.58 25.67 25.79 25.85 25.78 25.96 25.99
20.49 20.55 20.60 20.66 20.73 20.95 20.98 20.87 20.90 20.94 20.65 20.51 20.42 20.47 20.99 20.87 21.32 21.42 21.50 21.60 21.69 21.79 21.88 21.96 22.06 22.06 21.99 22.15 22.31 22.22 22.31 22.68 22.75 23.02 23.15 23.17 23.25 23.31 23.26 23.35 23.27 23.43 23.61 23.77 23.74 23.65 23.72 23.91 24.00 24.19 24.34 24.39 24.33 24.34 24.29 24.45 24.35 24.59 24.69 24.74 24.95 25.22 25.30 25.23 25.21 25.27 25.24 25.47 25.50 25.53 25.53 25.76 25.77 25.99 25.77 25.90 25.88
20.42 20.46 20.52 20.57 20.65 20.75 20.79 20.77 21.11 21.06 21.14 21.06 20.92 20.58 20.48 20.66 21.06 21.34 21.57 21.64 21.62 21.71 21.79 21.89 21.97 22.01 21.92 22.10 22.23 22.28 22.22 22.38 22.54 22.89 23.01 23.08 23.14 23.25 23.26 23.30 23.28 23.12 23.52 23.72 23.76 23.72 23.88 24.02 24.16 24.24 24.38 24.36 24.23 24.20 24.36 24.51 24.49 24.48 24.71 24.87 24.93 25.03 25.18 25.30 25.35 25.39 25.37 25.51 25.60 25.41 25.64 25.64 25.75 25.88 25.82 25.84 25.82
