main/data/temperature/03.09.2023.grid
ncols 886
nrows 691
xllcenter 112.0000
yllcenter -44.5000
cellsize 0.0500
nodata_value 99999.90
[rows 374 to 407 of 691, columns 77 to 153 of 886]
18.07 18.13 18.08 17.89 17.89 18.19 18.00 18.38 18.25 18.60 18.77 18.92 18.78 18.81 18.89 18.82 18.78 18.90 19.01 18.94 18.80 18.45 18.69 18.50 18.49 18.39 18.50 18.50 18.52 18.71 18.90 18.95 18.96 18.92 18.82 18.83 18.77 18.69 18.66 18.68 18.59 18.46 18.41 18.28 18.06 17.66 17.59 18.02 18.14 18.19 18.39 18.39 18.18 18.14 18.04 18.04 18.14 18.33 18.54 18.65 18.80 18.89 18.97 19.01 18.96 19.00 19.16 19.28 19.32 19.32 19.22 19.22 19.15 19.28 19.15 19.30 19.28
18.23 18.16 18.11 17.91 17.92 18.24 18.35 18.37 18.46 18.63 18.70 18.90 18.76 18.59 18.65 18.42 18.45 18.69 18.76 18.85 18.86 18.63 18.38 18.65 18.59 18.64 18.47 18.44 18.52 18.79 18.87 18.87 18.72 18.63 18.48 18.65 18.58 18.32 18.29 18.50 18.47 18.34 18.10 18.06 17.62 17.62 17.78 17.88 17.81 18.08 18.27 18.31 18.22 18.06 17.87 17.91 17.90 18.23 18.37 18.47 18.68 18.71 18.80 18.67 18.86 18.78 18.97 19.09 19.22 19.27 18.97 18.97 18.84 18.91 19.01 19.09 19.05
18.01 18.01 17.87 17.99 18.23 18.28 18.46 18.32 18.67 18.73 18.86 18.82 18.56 18.45 18.35 18.20 18.13 18.41 18.57 18.57 18.75 18.64 18.05 18.53 18.69 18.66 18.57 18.45 18.47 18.70 18.84 18.77 18.64 18.65 18.64 18.64 18.49 18.31 18.18 18.19 18.30 18.24 18.15 17.96 17.56 17.63 17.80 17.82 18.00 18.10 18.03 18.25 18.20 18.11 17.95 18.07 17.96 18.02 18.12 18.35 18.43 18.58 18.63 18.41 18.48 18.74 18.98 19.10 19.11 18.93 18.96 18.80 18.61 18.61 18.83 19.03 19.04
17.85 17.92 18.01 18.16 18.29 18.39 18.41 18.19 18.51 18.72 18.84 18.82 18.74 18.55 18.38 18.29 18.04 18.19 18.25 18.46 18.48 18.53 18.27 18.53 18.62 18.66 18.61 18.56 18.28 18.62 18.74 18.71 18.74 18.70 18.67 18.57 18.45 18.32 18.16 17.78 17.99 17.91 17.87 17.71 17.59 17.68 17.69 17.93 17.97 18.05 18.13 18.26 18.17 18.14 18.15 18.03 18.01 17.98 17.73 18.05 18.35 18.43 18.34 18.48 18.69 18.71 18.93 18.94 18.90 18.91 18.69 18.67 18.65 18.71 18.79 18.86 18.88
17.71 18.09 17.99 18.27 18.38 18.19 18.05 18.03 18.45 18.59 18.74 18.83 18.74 18.62 18.49 18.28 18.37 18.37 18.18 18.15 18.18 18.33 18.28 18.35 18.44 18.46 18.62 18.54 18.37 18.61 18.69 18.67 18.54 18.49 18.38 18.31 18.34 18.12 17.84 17.69 17.90 17.84 17.74 17.82 17.64 17.86 17.74 17.86 17.99 17.99 18.08 18.14 18.07 17.80 17.96 17.89 17.75 17.74 17.74 17.96 18.00 18.04 18.21 18.52 18.57 18.74 18.70 18.68 18.58 18.57 18.80 18.89 18.93 18.88 18.66 18.98 19.11
17.87 18.19 18.24 18.23 18.38 18.23 17.88 18.02 18.20 18.41 18.62 18.81 18.71 18.55 18.27 18.21 18.36 18.33 18.15 18.00 17.97 17.87 17.91 18.17 18.17 18.53 18.60 18.61 18.59 18.62 18.57 18.49 18.42 18.39 18.19 17.91 18.06 17.94 17.91 17.84 17.98 17.86 17.90 17.92 17.91 17.75 17.67 17.64 17.93 18.04 17.89 17.96 17.97 17.84 17.63 17.53 17.71 17.73 17.64 17.67 18.05 18.03 18.15 18.14 18.34 18.38 18.32 18.31 18.49 18.76 18.89 18.99 18.95 18.75 18.74 18.77 18.91
17.83 18.17 18.31 18.29 18.32 18.07 18.11 18.28 18.40 18.62 18.70 18.72 18.66 18.44 18.40 18.45 18.26 18.11 17.90 18.01 18.13 17.94 18.06 18.25 18.32 18.43 18.50 18.39 18.49 18.55 18.41 18.47 18.39 18.33 18.23 18.11 17.75 17.99 17.96 17.89 17.89 17.79 17.98 17.96 17.76 17.64 17.74 17.72 17.92 17.92 17.57 17.81 17.85 17.74 17.68 17.55 17.62 17.90 17.88 17.71 18.06 18.25 18.32 18.32 18.21 18.35 18.51 18.50 18.56 18.72 18.91 18.94 18.92 18.84 18.79 18.86 19.05
17.82 17.86 18.04 18.42 18.27 18.19 18.15 18.51 18.32 18.44 18.73 18.74 18.62 18.49 18.49 18.25 18.12 18.03 18.00 18.11 17.99 18.07 17.75 17.99 17.72 18.18 18.22 18.21 18.42 18.41 18.38 18.39 18.25 18.36 18.27 18.08 18.06 17.97 17.78 17.50 17.74 17.89 17.91 17.89 17.86 17.67 17.52 17.85 17.92 17.87 17.66 17.51 17.66 17.60 17.39 17.69 17.88 17.94 17.83 17.89 17.90 18.21 18.40 18.35 18.16 18.35 18.55 18.55 18.49 18.69 18.81 18.84 18.88 18.81 18.88 18.94 19.02
17.95 17.98 18.14 18.32 18.46 18.41 18.52 18.57 18.60 18.54 18.71 18.69 18.59 18.38 18.40 18.39 18.24 18.10 17.84 17.99 17.96 17.61 17.76 17.62 18.00 16.92 18.18 18.09 18.44 17.98 18.49 18.37 18.28 18.25 18.17 18.10 17.96 17.70 17.54 17.39 17.70 17.90 18.02 17.92 17.65 17.60 17.82 17.92 17.88 17.66 17.64 17.45 17.60 17.54 17.38 17.68 17.95 18.06 18.07 18.10 17.85 18.14 18.39 18.39 18.39 18.51 18.59 18.63 18.66 18.68 18.72 18.75 18.79 18.82 18.85 18.89 18.88
18.05 18.18 18.16 18.37 18.51 18.59 18.54 18.49 18.51 18.64 18.61 18.65 18.59 18.47 18.34 18.08 17.93 17.97 17.92 18.13 17.79 17.78 17.46 17.22 17.81 18.07 18.04 18.32 18.42 18.35 18.33 18.32 18.28 18.23 18.06 17.98 17.59 17.57 17.57 17.59 17.75 17.94 17.96 17.78 17.54 17.45 17.77 17.98 17.84 17.68 17.56 17.46 17.76 17.68 17.60 17.59 17.70 17.92 17.94 18.18 18.11 18.19 18.39 18.42 18.42 18.43 18.51 18.55 18.58 18.60 18.66 18.61 18.70 18.73 18.76 18.79 18.73
17.73 18.11 18.32 18.30 18.46 18.53 18.46 18.20 17.98 18.38 18.49 18.47 18.59 18.49 18.31 18.10 18.12 18.15 18.07 18.03 17.55 17.63 17.76 17.74 17.77 18.10 18.07 18.26 18.14 18.19 18.16 18.03 18.02 18.03 17.98 17.86 17.70 17.79 17.75 17.78 17.93 18.01 17.93 17.82 17.79 17.72 17.81 17.94 17.89 17.76 17.71 17.73 17.86 17.88 17.78 17.62 17.65 17.63 17.54 17.99 18.20 18.27 18.20 18.14 18.13 18.16 18.41 18.35 18.50 18.53 18.57 18.46 18.62 18.65 18.68 18.68 18.61
17.79 18.20 18.35 18.41 18.46 18.31 18.34 18.18 17.24 18.12 18.38 18.34 18.53 18.50 18.32 18.20 18.27 18.01 17.87 18.12 17.79 17.85 17.95 17.70 17.95 18.11 18.21 18.25 18.19 17.99 17.94 17.79 17.75 17.63 17.70 17.82 17.86 17.95 17.93 17.98 18.01 18.05 18.00 17.98 17.82 17.86 17.96 17.92 17.79 17.66 17.77 17.84 17.98 17.96 17.82 17.54 17.22 17.36 17.67 17.94 18.14 18.12 17.99 17.82 17.91 17.94 18.21 18.40 18.43 18.46 18.48 18.42 18.54 18.58 18.60 18.39 18.39
18.06 18.25 18.34 18.37 18.38 18.32 18.09 18.19 18.00 18.03 18.04 18.29 18.41 18.29 18.40 18.34 18.33 18.07 17.84 18.09 17.96 17.93 17.92 17.73 17.89 18.16 18.01 18.14 18.14 18.07 18.00 17.90 17.74 17.57 17.86 17.88 17.97 18.01 17.98 18.07 18.06 18.06 18.08 18.05 18.02 17.97 17.92 17.90 17.81 17.67 17.87 17.91 18.01 17.95 17.82 17.68 17.51 17.65 17.84 17.96 18.04 18.07 17.86 17.45 17.70 18.00 18.19 18.34 18.36 18.35 18.33 18.29 18.47 18.50 18.52 18.50 18.53
18.05 18.17 18.26 18.15 18.18 18.06 18.03 18.04 18.02 18.03 18.06 18.27 18.29 18.33 18.18 18.12 18.03 18.18 18.04 17.90 18.00 18.02 17.96 17.83 17.90 18.09 18.01 17.98 18.01 17.68 17.83 17.72 17.59 17.49 17.80 17.93 17.75 18.01 18.04 18.04 18.05 18.00 17.91 17.93 17.99 17.92 17.86 17.77 17.61 17.62 17.78 17.95 17.96 17.77 17.61 17.65 17.31 17.57 17.50 17.64 17.89 18.00 17.93 17.86 17.67 17.80 18.12 18.27 18.28 18.20 18.18 18.24 18.40 18.43 18.49 18.50 18.52
18.12 18.14 18.07 17.96 17.97 17.96 17.90 17.85 17.97 18.09 18.08 18.22 18.25 18.19 17.89 17.74 17.85 18.10 17.86 17.83 18.01 17.94 18.00 17.97 17.98 17.93 17.75 17.77 17.00 17.94 17.90 17.71 17.68 17.56 17.87 17.82 17.74 17.91 18.01 18.02 17.93 17.86 17.61 17.58 17.79 17.78 17.66 17.55 17.55 17.88 17.95 17.95 17.94 17.91 17.84 17.62 17.37 17.34 17.54 17.74 17.85 17.75 17.55 17.65 17.74 17.78 17.87 18.11 18.13 17.99 17.93 18.29 18.34 18.36 18.38 18.33 18.44
18.18 18.10 17.97 17.86 17.89 17.70 17.94 17.77 17.90 18.03 18.05 18.10 18.01 17.89 17.98 17.94 17.90 17.97 17.92 17.90 17.88 17.71 17.77 17.57 17.60 17.60 17.41 17.70 17.30 17.00 17.50 17.73 17.67 17.77 17.85 17.59 17.74 17.86 17.95 17.90 17.86 17.69 17.37 17.60 17.76 17.60 17.67 17.69 17.55 17.84 17.83 17.85 17.77 17.66 17.61 17.48 17.36 17.06 17.25 17.51 17.60 17.78 17.69 17.55 17.50 17.68 17.83 18.06 18.08 18.04 17.85 18.25 18.31 18.33 18.32 18.20 18.26
18.02 18.08 17.97 17.78 17.66 17.79 17.81 17.81 17.68 17.82 17.92 17.79 17.75 17.79 17.54 17.63 17.79 17.81 17.73 17.76 17.67 17.49 17.75 17.53 17.53 17.38 17.56 17.65 17.56 17.00 16.97 17.72 17.80 17.81 17.83 17.76 17.86 17.88 17.87 17.80 17.65 17.41 17.60 17.77 17.67 17.65 17.80 17.84 17.80 17.81 17.61 17.76 17.74 17.59 17.39 17.45 17.41 17.06 17.41 17.30 17.51 17.63 17.64 17.53 17.34 17.53 17.79 17.84 18.01 18.03 18.12 18.20 18.23 18.28 18.15 17.95 18.25
17.94 17.74 17.73 17.66 17.72 17.78 17.75 17.46 17.57 17.51 17.70 17.63 17.39 17.32 17.37 17.23 17.50 17.65 17.60 17.39 17.27 17.48 17.54 17.57 17.42 17.20 17.10 17.53 17.23 17.29 16.76 17.18 17.39 17.69 17.76 17.78 17.80 17.81 17.75 17.69 17.42 17.54 17.72 17.76 17.77 17.77 17.67 17.66 17.74 17.65 17.49 17.76 17.85 17.76 17.52 17.65 17.49 17.21 17.18 17.42 17.37 17.43 17.35 17.39 17.16 17.25 17.39 17.73 17.92 18.07 18.11 18.18 18.17 18.15 18.14 18.12 18.26
18.01 17.77 17.80 17.84 17.84 17.76 17.58 17.59 17.43 17.39 17.25 17.37 17.45 17.19 17.12 17.33 17.38 17.51 17.45 17.27 17.15 17.07 17.15 17.40 17.36 17.30 17.25 17.20 17.23 17.31 17.20 17.22 17.18 17.41 17.69 17.71 17.73 17.66 17.54 17.40 17.36 17.59 17.70 17.57 17.40 17.54 17.66 17.69 17.77 17.85 17.82 17.91 17.67 17.79 17.76 17.67 17.55 17.27 17.05 17.08 17.06 17.17 17.18 17.31 16.94 17.14 17.41 17.71 17.85 17.96 17.99 17.98 17.92 17.77 18.04 18.13 18.03
17.75 17.69 17.80 17.55 17.50 17.47 17.50 17.47 17.21 17.43 17.12 17.31 17.26 17.22 16.93 16.98 17.10 17.34 17.38 17.18 17.21 16.97 17.07 17.16 17.04 16.97 17.10 17.15 17.27 17.15 16.92 17.21 17.41 17.59 17.61 17.56 17.66 17.67 17.62 17.47 17.34 17.62 17.63 17.49 17.31 17.64 17.77 17.83 17.73 17.72 17.84 17.88 17.82 17.71 17.52 17.29 17.41 17.27 17.02 16.78 16.74 16.91 16.89 17.08 17.07 17.22 17.40 17.57 17.73 17.85 17.74 17.52 17.60 17.71 17.81 17.86 18.01
17.91 17.53 17.52 17.35 17.42 17.24 17.12 17.07 17.21 17.30 17.24 17.36 17.20 16.86 16.80 16.88 17.00 17.21 17.25 17.10 16.78 16.90 16.66 16.93 16.71 16.76 17.02 17.16 17.18 16.92 16.87 17.01 17.37 17.50 17.54 17.32 17.39 17.58 17.61 17.42 17.51 17.61 17.59 17.41 17.55 17.72 17.63 17.56 17.49 17.48 17.54 17.62 17.66 17.51 17.42 17.12 17.17 17.14 17.27 16.91 17.06 17.02 16.81 17.09 17.12 17.05 17.14 17.06 17.45 17.52 17.62 17.39 17.58 17.69 17.81 17.96 17.99
17.84 17.66 17.65 17.51 17.35 17.22 17.01 17.23 17.04 17.26 17.31 17.22 17.07 16.92 16.65 16.76 16.91 16.92 17.08 17.09 16.99 16.92 16.88 16.61 16.68 16.67 16.68 16.82 17.05 17.07 16.97 16.94 17.30 17.42 17.45 17.39 17.26 17.29 17.45 17.56 17.52 17.59 17.58 17.57 17.67 17.72 17.77 17.76 17.76 17.76 17.66 17.53 17.35 17.43 17.36 17.05 17.26 17.36 17.39 17.29 17.13 17.13 16.94 17.31 17.08 17.25 17.14 17.33 17.49 17.50 17.26 17.57 17.64 17.61 17.89 17.55 17.88
17.75 17.69 17.57 17.36 17.14 17.08 16.96 16.91 17.18 17.16 17.16 16.90 16.91 16.86 16.68 16.39 16.56 16.79 16.92 16.96 16.75 16.88 16.69 16.61 16.80 16.71 16.72 16.84 16.95 16.94 17.07 17.07 17.27 17.31 17.28 17.22 17.23 17.11 17.26 17.35 17.27 17.46 17.58 17.58 17.58 17.47 17.62 17.73 17.80 17.79 17.69 17.59 17.37 17.17 17.06 17.18 17.15 17.26 17.32 17.42 17.27 16.95 17.18 17.34 17.33 17.09 16.94 17.02 17.19 17.18 17.44 17.51 17.55 17.81 17.66 17.41 17.69
17.63 17.65 17.49 17.23 16.87 16.86 16.80 17.08 17.10 16.96 16.80 16.88 16.59 16.63 16.46 16.33 16.50 16.64 16.68 16.88 16.80 16.69 16.79 16.78 16.65 16.58 16.32 16.57 16.58 16.81 16.76 16.93 17.16 17.13 17.16 17.31 17.36 17.39 17.31 17.14 17.01 17.18 17.39 17.39 17.30 17.32 17.32 17.58 17.73 17.73 17.74 17.62 17.46 17.25 17.03 16.93 16.88 16.98 17.17 17.48 17.25 17.21 17.33 17.26 17.10 16.86 17.14 17.08 17.32 17.30 17.12 17.00 17.57 17.58 17.32 17.37 17.69
17.68 17.61 17.28 17.33 17.15 16.99 16.87 17.03 16.79 16.71 16.40 16.51 16.62 16.47 16.22 16.13 16.28 16.47 16.64 16.77 16.65 16.49 16.54 16.56 16.49 16.61 16.59 16.53 16.28 16.53 16.59 16.88 17.05 17.12 17.19 17.26 17.33 17.30 17.45 17.40 17.28 17.03 17.14 17.02 16.95 16.95 17.19 17.41 17.62 17.63 17.60 17.50 17.31 17.01 16.79 16.76 16.80 17.15 17.09 17.34 17.33 17.24 17.39 17.20 17.11 16.98 17.25 17.37 17.40 17.22 16.95 16.89 17.40 17.40 17.04 17.24 17.58
17.64 17.54 17.36 17.08 16.99 17.09 17.03 16.85 16.61 16.37 16.41 16.21 16.13 16.17 16.38 16.16 16.00 16.36 16.45 16.59 16.69 16.65 16.64 16.59 16.64 16.67 16.39 16.57 16.35 16.37 16.51 16.74 16.95 17.05 17.06 17.23 17.27 17.27 17.20 17.43 17.47 17.32 17.41 17.33 17.29 17.22 16.97 17.20 17.45 17.56 17.53 17.49 17.35 17.19 16.91 16.97 16.99 16.99 17.29 17.37 17.39 17.36 17.12 17.05 16.90 17.18 17.37 17.51 17.21 16.98 17.09 17.07 17.19 17.19 17.31 17.30 17.23
17.54 17.45 17.33 16.94 16.87 16.72 16.63 16.72 16.52 16.50 16.32 16.36 16.03 16.22 16.40 16.11 15.96 16.26 16.34 16.46 16.46 16.55 16.53 16.61 16.59 16.55 16.39 16.05 16.36 16.00 16.25 16.42 16.75 16.98 17.03 16.92 17.06 17.23 17.05 17.40 17.45 17.36 17.25 17.21 17.31 17.25 16.75 17.04 17.29 17.37 17.30 17.27 17.30 17.08 17.06 16.94 17.20 17.19 17.32 17.23 17.35 17.31 17.24 17.32 17.18 17.09 17.33 17.52 17.37 17.11 17.33 17.33 17.15 17.25 17.36 17.41 17.33
17.54 17.42 17.22 16.96 16.65 16.37 16.50 16.37 16.16 16.44 16.41 16.26 16.26 16.35 16.27 16.08 15.92 16.14 16.33 16.35 16.36 16.27 16.43 16.53 16.48 16.35 16.40 16.45 16.18 16.17 16.14 16.38 16.62 16.92 17.04 16.86 16.98 17.10 17.07 17.14 17.35 17.37 17.11 17.09 17.07 17.30 17.22 16.88 17.02 17.06 17.10 17.01 17.04 17.06 17.03 17.12 17.02 17.07 17.12 16.86 17.13 17.31 17.44 17.32 17.20 17.28 17.43 17.54 17.45 17.23 17.39 17.22 17.03 17.09 17.35 17.46 17.56
17.46 17.41 17.19 17.11 16.78 16.38 16.34 16.43 16.36 16.38 16.15 16.01 16.02 16.13 16.01 16.05 15.88 15.98 16.13 16.11 16.30 16.27 16.24 16.46 16.44 16.39 16.46 16.41 16.34 16.25 16.28 16.48 16.54 16.84 16.82 16.76 16.80 16.89 16.78 16.65 17.12 17.33 17.27 17.28 17.25 17.17 17.26 17.15 17.06 16.95 16.99 16.84 16.80 16.96 17.07 17.07 16.94 16.86 16.90 16.67 16.93 17.09 17.35 17.39 17.24 17.29 17.51 17.51 17.45 17.44 17.37 17.25 17.12 17.05 17.31 17.50 17.28
17.40 17.33 17.21 17.06 16.76 16.51 16.27 16.36 16.18 16.36 16.08 16.22 16.13 16.25 16.17 16.19 15.97 15.88 15.91 15.93 16.02 16.21 15.95 16.14 16.41 16.36 16.28 16.14 16.01 16.03 16.17 16.24 16.62 16.77 16.86 16.96 16.95 17.06 16.98 16.87 17.02 17.15 17.21 17.18 16.94 16.73 16.93 16.97 17.12 17.10 16.97 16.80 16.64 16.82 16.82 16.92 16.83 16.54 16.95 17.00 17.13 17.31 17.43 17.37 17.38 17.48 17.29 17.42 17.44 17.29 17.18 17.11 16.85 16.84 17.07 17.36 17.23
17.36 17.21 17.16 17.00 16.65 16.30 16.31 16.18 16.00 15.99 16.20 16.14 15.94 15.99 15.94 16.00 15.86 15.90 16.11 16.16 16.09 15.95 15.82 16.16 16.29 16.19 16.19 16.18 16.03 16.02 16.19 16.19 16.55 16.70 16.85 16.91 17.03 17.02 16.88 16.82 16.68 16.74 16.81 16.85 17.00 16.82 16.79 16.72 16.99 16.70 16.87 16.74 16.62 16.44 16.79 16.68 16.61 16.76 16.92 17.12 17.16 17.23 17.37 17.38 17.45 17.23 17.05 17.26 17.12 17.16 17.20 17.05 17.08 16.90 16.95 17.18 17.28
17.33 17.29 17.18 16.75 16.40 16.41 16.10 15.89 15.99 16.08 16.06 15.90 15.82 15.96 15.97 15.78 15.86 16.01 16.12 15.89 15.69 15.65 15.87 15.98 16.26 16.24 16.25 16.28 16.14 16.06 16.24 16.19 16.47 16.63 16.72 16.65 16.78 16.86 16.90 16.63 16.70 16.84 16.84 16.76 16.61 16.52 16.57 16.56 16.69 16.62 16.44 16.56 16.31 16.64 16.71 16.59 16.48 16.75 16.87 16.77 16.92 17.09 17.18 17.37 17.38 17.11 16.98 16.71 16.89 16.46 17.20 17.00 17.21 17.14 17.03 16.91 16.96
17.20 17.22 17.14 16.96 16.62 16.37 16.05 16.02 16.08 15.87 15.87 15.74 16.03 16.00 16.02 15.90 15.75 15.86 16.10 16.05 15.96 15.96 15.70 16.02 16.12 16.17 16.22 16.25 16.27 15.91 16.05 16.27 16.31 16.57 16.64 16.59 16.66 16.58 16.67 16.70 16.73 16.62 16.56 16.81 16.53 16.60 16.77 16.70 16.73 16.62 16.39 16.38 16.30 16.49 16.59 16.68 16.65 16.52 16.51 16.52 16.63 16.88 17.01 17.18 17.34 17.28 17.23 17.08 17.04 17.20 17.28 17.27 16.95 16.94 16.83 16.78 16.77
17.02 17.15 17.08 16.87 16.69 16.46 16.33 16.10 15.97 15.87 15.80 15.96 15.97 15.92 15.96 15.97 15.79 15.96 16.02 16.12 16.00 16.00 15.90 15.73 16.09 15.97 16.10 16.21 16.18 16.03 16.00 16.12 16.19 16.47 16.47 16.74 16.66 16.44 16.59 16.61 16.67 16.49 16.42 16.68 16.68 16.72 16.73 16.64 16.46 16.59 16.35 16.48 16.65 16.59 16.69 16.81 16.79 16.86 16.78 16.69 16.70 17.00 17.14 17.27 17.27 17.26 17.30 17.28 17.24 17.24 17.29 17.04 17.13 17.08 16.96 16.55 16.93
