main/data/temperature/03.05.2023.grid
ncols 886
nrows 691
xllcenter 112.0000
yllcenter -44.5000
cellsize 0.0500
nodata_value 99999.90
[rows 204 to 237 of 691, columns 770 to 846 of 886]
25.98 25.97 25.95 25.93 25.92 25.91 25.89 25.88 25.87 25.86 25.85 25.84 25.83 25.82 25.82 25.80 25.80 25.80 25.80 25.78 25.78 25.78 25.77 25.78 25.78 25.78 25.77 25.77 25.77 25.77 25.77 25.77 25.77 25.76 25.76 25.77 25.77 25.76 25.75 25.75 25.75 25.75 25.74 25.73 25.73 25.72 25.71 25.70 25.69 25.69 25.68 25.66 25.66 25.65 25.64 25.63 25.61 25.60 25.59 25.58 25.56 25.55 25.54 25.54 25.52 25.50 25.49 25.48 25.46 25.45 25.44 25.43 25.41 25.40 25.39 25.38 25.36
25.96 25.94 25.93 25.92 25.90 25.89 25.88 25.86 25.85 25.84 25.82 25.82 25.81 25.79 25.79 25.79 25.77 25.77 25.77 25.76 25.75 25.75 25.75 25.74 25.74 25.74 25.74 25.73 25.74 25.74 25.73 25.73 25.73 25.73 25.72 25.72 25.72 25.72 25.71 25.71 25.71 25.70 25.70 25.69 25.68 25.68 25.67 25.66 25.65 25.65 25.64 25.63 25.62 25.61 25.60 25.59 25.58 25.56 25.56 25.55 25.54 25.52 25.51 25.50 25.49 25.48 25.46 25.45 25.44 25.42 25.41 25.40 25.39 25.37 25.36 25.35 25.33
25.93 25.92 25.90 25.89 25.88 25.86 25.85 25.84 25.82 25.82 25.81 25.79 25.79 25.78 25.76 25.76 25.75 25.74 25.74 25.74 25.73 25.72 25.72 25.72 25.71 25.71 25.71 25.70 25.70 25.70 25.70 25.69 25.69 25.69 25.69 25.68 25.68 25.68 25.68 25.67 25.66 25.66 25.66 25.65 25.64 25.64 25.63 25.63 25.61 25.60 25.60 25.59 25.58 25.57 25.56 25.55 25.54 25.54 25.52 25.51 25.50 25.49 25.47 25.46 25.45 25.45 25.43 25.42 25.41 25.40 25.38 25.37 25.36 25.35 25.33 25.32 25.31
25.90 25.90 25.89 25.87 25.86 25.85 25.83 25.82 25.81 25.79 25.78 25.78 25.77 25.75 25.75 25.74 25.73 25.72 25.71 25.71 25.70 25.70 25.69 25.69 25.69 25.68 25.67 25.67 25.66 25.66 25.66 25.66 25.65 25.65 25.65 25.65 25.64 25.64 25.64 25.63 25.62 25.62 25.62 25.61 25.61 25.60 25.59 25.59 25.58 25.57 25.56 25.55 25.55 25.54 25.52 25.51 25.51 25.50 25.49 25.47 25.46 25.46 25.45 25.43 25.42 25.41 25.40 25.38 25.37 25.37 25.36 25.35 25.33 25.32 25.31 25.29 25.28
25.88 25.88 25.86 25.85 25.84 25.82 25.81 25.80 25.78 25.78 25.77 25.75 25.75 25.74 25.72 25.72 25.71 25.70 25.69 25.69 25.68 25.67 25.67 25.66 25.66 25.65 25.64 25.64 25.64 25.64 25.63 25.63 25.63 25.61 25.61 25.61 25.61 25.60 25.60 25.59 25.59 25.58 25.58 25.57 25.57 25.56 25.55 25.55 25.54 25.53 25.53 25.51 25.51 25.50 25.49 25.48 25.47 25.46 25.45 25.45 25.43 25.42 25.41 25.40 25.39 25.38 25.37 25.36 25.35 25.33 25.33 25.32 25.30 25.29 25.28 25.27 25.26
25.86 25.84 25.83 25.83 25.81 25.80 25.79 25.78 25.77 25.76 25.74 25.74 25.73 25.72 25.71 25.70 25.69 25.68 25.67 25.66 25.66 25.65 25.64 25.64 25.63 25.62 25.62 25.61 25.61 25.60 25.60 25.59 25.59 25.59 25.58 25.57 25.57 25.57 25.57 25.56 25.55 25.55 25.55 25.53 25.53 25.52 25.52 25.51 25.50 25.49 25.49 25.48 25.47 25.46 25.45 25.45 25.44 25.42 25.42 25.41 25.40 25.39 25.38 25.37 25.36 25.35 25.34 25.33 25.32 25.31 25.30 25.29 25.28 25.27 25.25 25.25 25.24
25.83 25.81 25.81 25.80 25.79 25.78 25.76 25.76 25.75 25.73 25.73 25.72 25.71 25.70 25.70 25.68 25.67 25.66 25.65 25.65 25.63 25.63 25.62 25.61 25.61 25.60 25.59 25.59 25.58 25.57 25.57 25.57 25.55 25.55 25.55 25.55 25.54 25.53 25.53 25.53 25.51 25.51 25.51 25.50 25.49 25.49 25.48 25.48 25.47 25.46 25.45 25.45 25.44 25.43 25.42 25.41 25.40 25.40 25.39 25.37 25.37 25.36 25.35 25.34 25.33 25.32 25.31 25.30 25.29 25.28 25.28 25.26 25.25 25.24 25.24 25.22 25.21
25.79 25.78 25.78 25.76 25.76 25.75 25.74 25.74 25.73 25.72 25.71 25.70 25.69 25.69 25.67 25.67 25.66 25.64 25.64 25.62 25.62 25.61 25.60 25.59 25.58 25.58 25.57 25.56 25.55 25.55 25.55 25.53 25.53 25.53 25.52 25.51 25.51 25.50 25.49 25.49 25.49 25.48 25.47 25.47 25.46 25.46 25.44 25.44 25.43 25.43 25.42 25.41 25.40 25.40 25.39 25.38 25.37 25.36 25.35 25.35 25.33 25.32 25.32 25.31 25.31 25.29 25.28 25.28 25.27 25.25 25.25 25.24 25.23 25.21 25.21 25.20 25.19
25.75 25.74 25.74 25.74 25.73 25.72 25.71 25.71 25.71 25.70 25.69 25.68 25.68 25.67 25.66 25.65 25.64 25.63 25.62 25.61 25.60 25.59 25.58 25.57 25.56 25.56 25.54 25.54 25.53 25.52 25.52 25.51 25.50 25.50 25.49 25.49 25.47 25.47 25.47 25.45 25.45 25.45 25.44 25.43 25.42 25.42 25.42 25.41 25.40 25.39 25.39 25.38 25.37 25.36 25.35 25.35 25.34 25.34 25.32 25.31 25.31 25.30 25.29 25.28 25.27 25.27 25.25 25.25 25.24 25.23 25.23 25.21 25.20 25.19 25.18 25.17 25.16
25.70 25.70 25.69 25.69 25.70 25.69 25.69 25.68 25.68 25.67 25.67 25.66 25.66 25.66 25.64 25.64 25.62 25.62 25.60 25.60 25.58 25.57 25.56 25.55 25.55 25.53 25.53 25.52 25.51 25.50 25.50 25.48 25.48 25.47 25.46 25.46 25.45 25.44 25.43 25.43 25.43 25.41 25.41 25.40 25.40 25.39 25.38 25.37 25.37 25.36 25.35 25.34 25.34 25.33 25.33 25.31 25.31 25.30 25.29 25.29 25.27 25.27 25.26 25.26 25.25 25.24 25.23 25.22 25.21 25.20 25.20 25.19 25.17 25.16 25.16 25.15 25.13
25.64 25.64 25.65 25.64 25.65 25.65 25.65 25.65 25.65 25.66 25.65 25.64 25.64 25.64 25.63 25.61 25.61 25.59 25.59 25.58 25.57 25.56 25.55 25.54 25.52 25.52 25.51 25.49 25.49 25.47 25.47 25.46 25.45 25.44 25.44 25.42 25.42 25.41 25.41 25.40 25.39 25.39 25.38 25.37 25.36 25.36 25.35 25.34 25.33 25.33 25.32 25.32 25.30 25.30 25.29 25.29 25.28 25.28 25.26 25.25 25.25 25.24 25.23 25.22 25.22 25.21 25.20 25.19 25.19 25.18 25.17 25.16 25.15 25.15 25.13 25.12 25.11
25.56 25.58 25.58 25.59 25.59 25.60 25.61 25.62 25.62 25.62 25.62 25.62 25.62 25.62 25.61 25.61 25.60 25.58 25.58 25.56 25.56 25.54 25.53 25.53 25.51 25.50 25.49 25.48 25.46 25.46 25.45 25.43 25.43 25.42 25.41 25.40 25.40 25.39 25.38 25.37 25.37 25.35 25.35 25.34 25.34 25.32 25.32 25.31 25.31 25.30 25.29 25.28 25.28 25.27 25.27 25.25 25.25 25.24 25.24 25.23 25.22 25.21 25.21 25.20 25.19 25.18 25.18 25.17 25.17 25.15 25.15 25.14 25.12 25.12 25.11 25.09 25.09
25.48 25.49 25.51 25.52 25.53 25.54 25.56 25.57 25.58 25.59 25.60 25.60 25.59 25.60 25.59 25.59 25.58 25.57 25.56 25.55 25.54 25.53 25.52 25.50 25.50 25.49 25.47 25.46 25.45 25.44 25.42 25.42 25.41 25.39 25.39 25.38 25.37 25.36 25.36 25.34 25.34 25.33 25.33 25.32 25.31 25.30 25.29 25.29 25.27 25.27 25.26 25.26 25.25 25.24 25.23 25.23 25.22 25.21 25.20 25.20 25.19 25.19 25.18 25.17 25.17 25.16 25.16 25.15 25.14 25.13 25.12 25.11 25.10 25.10 25.08 25.08 25.07
25.38 25.40 25.42 25.44 25.47 25.48 25.51 25.52 25.53 25.55 25.56 25.57 25.58 25.57 25.57 25.57 25.56 25.56 25.55 25.55 25.53 25.52 25.51 25.49 25.48 25.47 25.46 25.44 25.43 25.42 25.41 25.40 25.38 25.38 25.37 25.35 25.35 25.34 25.33 25.32 25.32 25.31 25.29 25.29 25.28 25.28 25.26 25.26 25.25 25.25 25.24 25.23 25.22 25.22 25.21 25.20 25.19 25.19 25.18 25.18 25.16 25.16 25.15 25.15 25.14 25.13 25.13 25.13 25.11 25.10 25.10 25.09 25.08 25.07 25.06 25.06 25.04
25.27 25.30 25.32 25.35 25.38 25.41 25.43 25.47 25.49 25.51 25.53 25.54 25.55 25.55 25.56 25.55 25.55 25.55 25.54 25.53 25.52 25.50 25.50 25.48 25.47 25.45 25.45 25.43 25.42 25.40 25.39 25.38 25.37 25.36 25.34 25.34 25.33 25.31 25.31 25.30 25.30 25.28 25.27 25.27 25.25 25.25 25.24 25.23 25.23 25.21 25.21 25.20 25.20 25.18 25.18 25.17 25.17 25.16 25.15 25.14 25.14 25.14 25.13 25.12 25.12 25.11 25.11 25.10 25.09 25.09 25.08 25.06 25.06 25.05 25.04 25.03 25.03
25.14 25.18 25.21 25.25 25.29 25.33 25.36 25.39 25.43 25.46 25.48 25.50 25.52 25.53 25.53 25.54 25.54 25.53 25.52 25.52 25.51 25.49 25.49 25.47 25.46 25.44 25.43 25.42 25.41 25.39 25.38 25.36 25.35 25.34 25.33 25.32 25.30 25.30 25.29 25.27 25.27 25.26 25.25 25.24 25.23 25.23 25.22 25.20 25.20 25.19 25.19 25.17 25.17 25.16 25.16 25.15 25.14 25.13 25.13 25.12 25.12 25.11 25.10 25.10 25.10 25.09 25.08 25.08 25.07 25.06 25.05 25.05 25.04 25.03 25.02 25.02 25.00
25.00 25.04 25.08 25.14 25.18 25.23 25.28 25.33 25.37 25.41 25.44 25.46 25.48 25.50 25.52 25.52 25.52 25.52 25.52 25.51 25.50 25.49 25.48 25.46 25.45 25.43 25.41 25.41 25.39 25.38 25.36 25.35 25.34 25.32 25.32 25.30 25.29 25.28 25.26 25.26 25.25 25.24 25.23 25.22 25.21 25.20 25.19 25.18 25.18 25.17 25.16 25.15 25.15 25.14 25.13 25.12 25.12 25.11 25.11 25.10 25.09 25.09 25.08 25.08 25.07 25.06 25.06 25.06 25.04 25.04 25.03 25.02 25.01 25.01 25.00 24.99 24.98
24.85 24.90 24.95 25.01 25.07 25.13 25.20 25.25 25.30 25.35 25.39 25.43 25.45 25.47 25.49 25.50 25.51 25.51 25.51 25.50 25.49 25.48 25.47 25.45 25.44 25.42 25.41 25.40 25.38 25.37 25.35 25.34 25.33 25.31 25.30 25.28 25.28 25.26 25.25 25.24 25.23 25.22 25.21 25.20 25.20 25.18 25.17 25.17 25.15 25.14 25.14 25.13 25.12 25.12 25.10 25.10 25.09 25.09 25.08 25.07 25.07 25.06 25.05 25.05 25.05 25.04 25.04 25.03 25.03 25.02 25.01 25.00 25.00 24.99 24.98 24.97 24.97
24.68 24.74 24.81 24.88 24.95 25.02 25.10 25.17 25.23 25.29 25.34 25.38 25.42 25.45 25.47 25.48 25.49 25.49 25.49 25.49 25.48 25.47 25.46 25.45 25.43 25.41 25.41 25.39 25.37 25.36 25.34 25.33 25.31 25.30 25.29 25.27 25.26 25.25 25.24 25.23 25.21 25.20 25.20 25.18 25.17 25.16 25.16 25.14 25.13 25.12 25.12 25.11 25.10 25.09 25.08 25.08 25.07 25.06 25.06 25.05 25.05 25.04 25.03 25.03 25.03 25.02 25.01 25.01 25.01 24.99 24.99 24.99 24.97 24.97 24.96 24.96 24.94
24.54 24.58 24.66 24.74 24.82 24.91 24.99 25.08 25.15 25.22 25.29 25.34 25.38 25.41 25.45 25.46 25.48 25.49 25.49 25.48 25.47 25.46 25.45 25.44 25.43 25.41 25.40 25.38 25.36 25.35 25.33 25.32 25.30 25.29 25.27 25.26 25.24 25.23 25.23 25.21 25.20 25.19 25.18 25.16 25.16 25.15 25.14 25.12 25.11 25.11 25.10 25.08 25.08 25.07 25.07 25.05 25.05 25.04 25.04 25.03 25.02 25.02 25.01 25.01 25.00 25.00 24.99 24.99 24.98 24.98 24.97 24.96 24.96 24.95 24.95 24.93 24.93
24.51 24.48 24.52 24.59 24.69 24.79 24.89 24.98 25.07 25.16 25.23 25.29 25.34 25.38 25.42 25.44 25.46 25.47 25.47 25.47 25.46 25.45 25.45 25.43 25.42 25.40 25.39 25.37 25.35 25.34 25.32 25.31 25.29 25.28 25.26 25.25 25.23 25.22 25.22 25.20 25.19 25.18 25.16 25.15 25.14 25.13 25.12 25.11 25.10 25.09 25.07 25.07 25.06 25.05 25.05 25.03 25.03 25.02 25.02 25.00 25.00 25.00 24.99 24.98 24.98 24.98 24.98 24.96 24.96 24.96 24.96 24.94 24.94 24.94 24.92 24.92 24.92
24.53 24.48 24.45 24.47 24.57 24.68 24.79 24.90 25.00 25.09 25.17 25.25 25.30 25.35 25.39 25.43 25.45 25.46 25.47 25.47 25.46 25.45 25.44 25.43 25.41 25.39 25.38 25.36 25.34 25.33 25.31 25.30 25.28 25.27 25.25 25.25 25.23 25.22 25.21 25.19 25.18 25.17 25.15 25.14 25.13 25.11 25.10 25.09 25.08 25.07 25.06 25.05 25.04 25.04 25.02 25.02 25.01 25.00 24.99 24.99 24.98 24.98 24.97 24.96 24.96 24.96 24.95 24.95 24.95 24.94 24.93 24.93 24.93 24.91 24.91 24.91 24.89
24.58 24.52 24.47 24.45 24.47 24.57 24.70 24.81 24.93 25.04 25.12 25.21 25.27 25.33 25.37 25.41 25.43 25.44 25.45 25.46 25.45 25.45 25.43 25.42 25.41 25.40 25.38 25.36 25.35 25.33 25.31 25.30 25.28 25.27 25.25 25.24 25.22 25.21 25.20 25.18 25.17 25.16 25.14 25.13 25.12 25.10 25.09 25.08 25.07 25.05 25.04 25.04 25.03 25.01 25.00 25.00 24.99 24.98 24.97 24.97 24.97 24.96 24.95 24.95 24.94 24.94 24.93 24.93 24.93 24.92 24.92 24.91 24.91 24.90 24.89 24.89 24.88
24.63 24.57 24.52 24.48 24.45 24.49 24.62 24.74 24.87 24.98 25.08 25.17 25.25 25.30 25.36 25.40 25.42 25.44 25.45 25.46 25.45 25.45 25.44 25.42 25.41 25.39 25.37 25.35 25.34 25.32 25.30 25.29 25.27 25.26 25.24 25.23 25.21 25.20 25.18 25.17 25.16 25.14 25.13 25.12 25.11 25.09 25.08 25.07 25.05 25.04 25.03 25.02 25.00 25.00 24.99 24.98 24.98 24.96 24.96 24.95 24.95 24.94 24.93 24.93 24.93 24.92 24.91 24.91 24.91 24.90 24.90 24.90 24.89 24.88 24.88 24.87 24.87
24.70 24.64 24.58 24.53 24.48 24.48 24.56 24.68 24.81 24.94 25.04 25.13 25.22 25.28 25.34 25.38 25.41 25.43 25.45 25.45 25.45 25.44 25.43 25.42 25.40 25.39 25.37 25.36 25.34 25.32 25.30 25.29 25.27 25.26 25.24 25.23 25.21 25.20 25.18 25.17 25.16 25.14 25.13 25.12 25.09 25.08 25.07 25.06 25.04 25.03 25.02 25.01 25.00 24.98 24.97 24.97 24.95 24.95 24.94 24.94 24.93 24.92 24.91 24.91 24.91 24.90 24.90 24.90 24.88 24.88 24.88 24.88 24.87 24.87 24.86 24.86 24.85
24.77 24.70 24.66 24.61 24.56 24.51 24.53 24.65 24.78 24.90 25.01 25.12 25.20 25.27 25.33 25.37 25.41 25.42 25.44 25.45 25.45 25.44 25.43 25.42 25.40 25.39 25.37 25.36 25.34 25.32 25.31 25.29 25.27 25.26 25.24 25.23 25.21 25.20 25.18 25.17 25.15 25.13 25.12 25.11 25.09 25.08 25.06 25.05 25.03 25.02 25.01 25.00 24.98 24.97 24.96 24.95 24.95 24.93 24.92 24.92 24.92 24.90 24.90 24.90 24.89 24.88 24.88 24.88 24.87 24.87 24.87 24.86 24.85 24.85 24.84 24.84 24.84
24.86 24.80 24.74 24.68 24.63 24.58 24.56 24.63 24.76 24.89 25.01 25.11 25.19 25.27 25.33 25.37 25.41 25.42 25.44 25.45 25.44 25.44 25.43 25.42 25.41 25.39 25.37 25.35 25.33 25.32 25.30 25.29 25.27 25.26 25.24 25.23 25.20 25.19 25.17 25.16 25.15 25.13 25.11 25.10 25.08 25.07 25.06 25.04 25.02 25.01 25.00 24.99 24.97 24.96 24.95 24.94 24.92 24.92 24.91 24.90 24.89 24.89 24.88 24.88 24.88 24.87 24.86 24.86 24.85 24.85 24.85 24.84 24.84 24.84 24.83 24.83 24.81
24.96 24.89 24.83 24.78 24.72 24.67 24.63 24.65 24.77 24.89 25.00 25.11 25.20 25.27 25.33 25.37 25.41 25.43 25.45 25.45 25.45 25.45 25.43 25.42 25.40 25.39 25.37 25.35 25.34 25.32 25.30 25.28 25.27 25.25 25.23 25.22 25.20 25.18 25.17 25.15 25.14 25.11 25.10 25.09 25.08 25.06 25.05 25.04 25.01 25.00 24.99 24.98 24.95 24.94 24.93 24.93 24.91 24.90 24.89 24.89 24.88 24.87 24.87 24.86 24.85 24.85 24.85 24.84 24.84 24.84 24.83 24.82 24.82 24.82 24.81 24.81 24.80
25.08 25.02 24.95 24.89 24.83 24.76 24.71 24.70 24.79 24.92 25.03 25.13 25.21 25.28 25.34 25.38 25.42 25.44 25.44 25.45 25.45 25.44 25.43 25.42 25.41 25.39 25.38 25.36 25.34 25.32 25.30 25.29 25.27 25.25 25.24 25.21 25.20 25.17 25.16 25.14 25.13 25.11 25.09 25.08 25.07 25.05 25.04 25.03 25.01 24.99 24.98 24.97 24.95 24.93 24.92 24.91 24.90 24.89 24.88 24.88 24.87 24.86 24.85 24.85 24.84 24.83 24.83 24.83 24.82 24.82 24.82 24.81 24.81 24.80 24.80 24.80 24.79
25.22 25.15 25.08 25.01 24.95 24.89 24.82 24.79 24.85 24.96 25.07 25.15 25.23 25.30 25.35 25.39 25.43 25.45 25.45 25.46 25.45 25.45 25.43 25.42 25.41 25.39 25.37 25.36 25.34 25.32 25.30 25.29 25.27 25.24 25.23 25.20 25.19 25.16 25.15 25.13 25.11 25.10 25.08 25.07 25.06 25.04 25.03 25.02 25.01 24.98 24.97 24.96 24.94 24.92 24.91 24.90 24.89 24.87 24.87 24.86 24.86 24.84 24.84 24.83 24.83 24.82 24.82 24.82 24.81 24.81 24.80 24.79 24.79 24.78 24.78 24.78 24.77
25.37 25.30 25.22 25.15 25.08 25.02 24.96 24.91 24.94 25.03 25.12 25.20 25.28 25.33 25.37 25.41 25.43 25.46 25.46 25.46 25.46 25.45 25.44 25.43 25.40 25.39 25.37 25.35 25.34 25.33 25.31 25.29 25.26 25.24 25.22 25.20 25.18 25.16 25.14 25.13 25.10 25.09 25.08 25.06 25.05 25.04 25.02 25.01 25.00 24.99 24.96 24.95 24.93 24.91 24.90 24.89 24.88 24.87 24.85 24.85 24.84 24.84 24.82 24.82 24.82 24.81 24.80 24.80 24.79 24.79 24.79 24.78 24.78 24.77 24.77 24.77 24.76
25.55 25.46 25.39 25.31 25.24 25.17 25.10 25.04 25.04 25.12 25.20 25.27 25.32 25.37 25.41 25.43 25.45 25.47 25.48 25.47 25.46 25.46 25.45 25.42 25.41 25.39 25.38 25.36 25.34 25.32 25.30 25.28 25.25 25.24 25.21 25.20 25.17 25.16 25.13 25.12 25.09 25.08 25.07 25.05 25.04 25.03 25.01 25.00 24.99 24.98 24.95 24.94 24.92 24.91 24.89 24.88 24.87 24.86 24.85 24.84 24.83 24.82 24.81 24.81 24.80 24.79 24.79 24.79 24.78 24.78 24.78 24.77 24.77 24.76 24.76 24.76 24.75
25.74 25.66 25.57 25.49 25.42 25.33 25.26 25.19 25.17 25.22 25.29 25.33 25.38 25.42 25.45 25.46 25.47 25.48 25.49 25.48 25.47 25.46 25.44 25.43 25.41 25.39 25.37 25.36 25.34 25.32 25.30 25.27 25.26 25.23 25.20 25.19 25.16 25.15 25.12 25.11 25.10 25.07 25.06 25.05 25.03 25.02 25.00 24.98 24.98 24.97 24.95 24.93 24.91 24.90 24.89 24.88 24.86 24.85 24.84 24.82 24.82 24.81 24.81 24.79 24.79 24.79 24.78 24.78 24.77 24.76 24.76 24.75 24.75 24.74 24.74 24.74 24.73
25.96 25.86 25.77 25.69 25.60 25.52 25.43 25.36 25.32 25.34 25.38 25.42 25.44 25.46 25.48 25.50 25.49 25.50 25.49 25.49 25.48 25.46 25.45 25.43 25.41 25.40 25.38 25.35 25.33 25.32 25.30 25.28 25.25 25.22 25.21 25.18 25.16 25.14 25.12 25.10 25.09 25.07 25.05 25.04 25.03 25.01 24.99 24.98 24.96 24.96 24.94 24.93 24.91 24.89 24.88 24.87 24.86 24.84 24.83 24.82 24.80 24.80 24.79 24.79 24.78 24.78 24.76 24.76 24.76 24.75 24.75 24.74 24.74 24.74 24.73 24.73 24.72
