main/data/temperature/03.09.2023.grid
ncols 886
nrows 691
xllcenter 112.0000
yllcenter -44.5000
cellsize 0.0500
nodata_value 99999.90
[rows 578 to 611 of 691, columns 154 to 230 of 886]
9.49 9.49 9.49 9.48 9.48 9.48 9.47 9.46 9.45 9.45 9.45 9.45 9.44 9.45 9.45 9.48 9.53 9.58 9.65 9.70 9.78 9.85 9.91 9.98 10.05 10.11 10.18 10.24 10.31 10.38 10.44 10.51 10.56 10.63 10.68 10.75 10.81 10.87 10.92 10.99 11.04 11.10 11.16 11.22 11.27 11.33 11.38 11.44 11.49 11.54 11.59 11.64 11.70 11.75 11.80 11.85 11.89 11.95 11.99 12.04 12.09 12.13 12.18 12.23 12.27 12.32 12.36 12.40 12.45 12.49 12.53 12.57 12.61 12.65 12.69 12.72 12.76
9.46 9.45 9.45 9.45 9.44 9.43 9.43 9.42 9.43 9.44 9.43 9.45 9.50 9.55 9.61 9.67 9.73 9.80 9.86 9.93 10.00 10.06 10.13 10.20 10.25 10.32 10.38 10.44 10.50 10.56 10.62 10.68 10.75 10.80 10.86 10.91 10.98 11.03 11.09 11.14 11.20 11.25 11.31 11.36 11.41 11.46 11.52 11.56 11.62 11.67 11.71 11.77 11.81 11.86 11.91 11.95 12.00 12.04 12.10 12.14 12.18 12.23 12.27 12.31 12.36 12.39 12.43 12.47 12.52 12.55 12.59 12.64 12.67 12.71 12.74 12.78 12.82
9.41 9.41 9.41 9.41 9.41 9.42 9.42 9.43 9.48 9.52 9.58 9.64 9.70 9.77 9.82 9.89 9.96 10.01 10.08 10.15 10.20 10.27 10.32 10.39 10.45 10.50 10.57 10.62 10.68 10.73 10.80 10.86 10.91 10.96 11.02 11.08 11.13 11.18 11.23 11.29 11.34 11.39 11.44 11.49 11.54 11.59 11.64 11.68 11.73 11.78 11.83 11.87 11.91 11.96 12.00 12.05 12.09 12.13 12.18 12.22 12.27 12.31 12.34 12.39 12.43 12.46 12.51 12.54 12.58 12.61 12.66 12.69 12.72 12.75 12.80 12.83 12.86
9.39 9.40 9.40 9.41 9.46 9.51 9.56 9.62 9.67 9.74 9.80 9.86 9.92 9.98 10.04 10.10 10.16 10.22 10.28 10.34 10.40 10.45 10.51 10.57 10.63 10.69 10.74 10.80 10.84 10.90 10.95 11.01 11.07 11.11 11.17 11.22 11.27 11.32 11.37 11.42 11.47 11.51 11.57 11.61 11.65 11.70 11.75 11.80 11.84 11.89 11.93 11.97 12.01 12.05 12.10 12.14 12.18 12.22 12.26 12.31 12.34 12.38 12.42 12.46 12.49 12.53 12.57 12.60 12.63 12.67 12.71 12.74 12.78 12.81 12.84 12.87 12.90
9.45 9.49 9.55 9.60 9.65 9.72 9.78 9.83 9.89 9.96 10.01 10.07 10.12 10.18 10.24 10.29 10.36 10.41 10.47 10.52 10.57 10.63 10.68 10.74 10.80 10.84 10.90 10.95 11.00 11.05 11.11 11.15 11.21 11.26 11.30 11.36 11.40 11.45 11.49 11.54 11.59 11.63 11.68 11.72 11.77 11.81 11.86 11.89 11.94 11.98 12.03 12.06 12.10 12.15 12.18 12.22 12.26 12.30 12.34 12.37 12.41 12.45 12.48 12.51 12.56 12.59 12.62 12.65 12.69 12.72 12.75 12.79 12.82 12.85 12.87 12.91 12.94
9.65 9.70 9.76 9.82 9.87 9.93 9.98 10.04 10.10 10.15 10.21 10.27 10.32 10.38 10.42 10.48 10.54 10.59 10.64 10.69 10.75 10.79 10.85 10.89 10.95 11.00 11.05 11.10 11.14 11.20 11.24 11.29 11.34 11.38 11.43 11.48 11.53 11.57 11.62 11.65 11.70 11.74 11.78 11.83 11.86 11.91 11.95 11.99 12.03 12.06 12.11 12.14 12.19 12.22 12.26 12.30 12.33 12.37 12.40 12.43 12.48 12.51 12.54 12.58 12.61 12.64 12.67 12.70 12.73 12.76 12.80 12.82 12.85 12.88 12.91 12.94 12.97
9.86 9.92 9.98 10.02 10.08 10.13 10.18 10.24 10.29 10.34 10.39 10.44 10.50 10.54 10.60 10.64 10.70 10.75 10.80 10.85 10.89 10.95 10.99 11.04 11.10 11.14 11.19 11.23 11.28 11.32 11.37 11.41 11.46 11.51 11.55 11.59 11.63 11.67 11.72 11.76 11.80 11.84 11.88 11.92 11.96 12.00 12.04 12.07 12.12 12.15 12.18 12.22 12.26 12.29 12.33 12.36 12.40 12.43 12.46 12.50 12.53 12.56 12.59 12.62 12.65 12.69 12.72 12.74 12.78 12.80 12.83 12.86 12.89 12.92 12.94 12.96 12.99
10.07 10.12 10.16 10.22 10.27 10.32 10.37 10.41 10.47 10.51 10.56 10.62 10.66 10.71 10.76 10.81 10.86 10.90 10.95 10.99 11.04 11.09 11.13 11.18 11.22 11.27 11.31 11.36 11.40 11.44 11.48 11.53 11.57 11.61 11.66 11.69 11.74 11.77 11.81 11.85 11.89 11.93 11.96 12.01 12.04 12.08 12.11 12.15 12.19 12.22 12.26 12.29 12.33 12.36 12.39 12.42 12.45 12.48 12.52 12.55 12.57 12.61 12.64 12.66 12.70 12.72 12.75 12.78 12.81 12.83 12.87 12.89 12.91 12.94 12.96 12.99 13.01
10.25 10.30 10.35 10.40 10.44 10.49 10.53 10.58 10.63 10.67 10.73 10.77 10.82 10.87 10.91 10.95 10.99 11.04 11.09 11.13 11.18 11.22 11.26 11.30 11.35 11.39 11.43 11.47 11.51 11.55 11.59 11.63 11.67 11.71 11.75 11.79 11.83 11.87 11.90 11.95 11.98 12.01 12.05 12.08 12.12 12.15 12.19 12.22 12.25 12.29 12.32 12.35 12.38 12.41 12.45 12.47 12.51 12.54 12.56 12.60 12.62 12.65 12.68 12.71 12.73 12.77 12.79 12.81 12.84 12.87 12.89 12.91 12.93 12.97 12.99 13.01 13.03
10.43 10.47 10.52 10.56 10.61 10.64 10.69 10.74 10.78 10.83 10.88 10.91 10.96 11.00 11.05 11.08 11.13 11.17 11.21 11.26 11.30 11.34 11.38 11.42 11.46 11.50 11.54 11.58 11.62 11.65 11.70 11.73 11.77 11.80 11.85 11.88 11.92 11.95 11.99 12.02 12.05 12.09 12.12 12.16 12.18 12.22 12.25 12.29 12.32 12.34 12.38 12.40 12.43 12.47 12.49 12.53 12.55 12.58 12.61 12.63 12.66 12.69 12.71 12.74 12.77 12.79 12.81 12.85 12.87 12.89 12.91 12.94 12.96 12.98 13.00 13.03 13.05
10.58 10.63 10.67 10.71 10.76 10.80 10.84 10.88 10.92 10.97 11.01 11.05 11.09 11.13 11.18 11.21 11.26 11.29 11.33 11.37 11.41 11.44 11.49 11.53 11.56 11.61 11.64 11.68 11.71 11.75 11.78 11.82 11.85 11.89 11.92 11.96 11.99 12.03 12.06 12.10 12.12 12.15 12.19 12.21 12.25 12.28 12.31 12.34 12.36 12.40 12.42 12.46 12.48 12.51 12.54 12.56 12.60 12.62 12.64 12.68 12.70 12.72 12.74 12.77 12.79 12.81 12.84 12.86 12.88 12.90 12.93 12.95 12.97 13.00 13.02 13.04 13.05
10.74 10.78 10.81 10.86 10.89 10.94 10.98 11.01 11.06 11.09 11.13 11.18 11.21 11.25 11.29 11.33 11.36 11.40 11.43 11.48 11.52 11.55 11.59 11.62 11.66 11.69 11.73 11.76 11.80 11.83 11.87 11.90 11.94 11.96 12.00 12.03 12.07 12.09 12.13 12.15 12.18 12.22 12.24 12.28 12.30 12.34 12.36 12.38 12.42 12.44 12.47 12.50 12.53 12.55 12.57 12.61 12.63 12.65 12.68 12.70 12.72 12.75 12.77 12.79 12.82 12.84 12.86 12.88 12.91 12.92 12.94 12.96 12.99 13.00 13.02 13.04 13.07
10.88 10.91 10.95 10.99 11.02 11.07 11.10 11.14 11.18 11.21 11.25 11.28 11.32 11.36 11.40 11.44 11.47 11.51 11.54 11.58 11.61 11.65 11.67 11.71 11.74 11.78 11.81 11.85 11.87 11.91 11.94 11.97 12.00 12.04 12.06 12.10 12.12 12.16 12.18 12.22 12.24 12.26 12.30 12.32 12.36 12.38 12.41 12.43 12.46 12.49 12.51 12.54 12.56 12.58 12.61 12.63 12.65 12.68 12.70 12.72 12.75 12.77 12.79 12.82 12.83 12.85 12.88 12.90 12.91 12.93 12.96 12.97 12.99 13.01 13.03 13.05 13.06
11.01 11.04 11.08 11.10 11.14 11.18 11.21 11.25 11.28 11.32 11.35 11.39 11.43 11.46 11.50 11.53 11.56 11.59 11.63 11.66 11.70 11.72 11.76 11.79 11.82 11.86 11.89 11.91 11.95 11.97 12.01 12.04 12.07 12.09 12.13 12.15 12.18 12.21 12.24 12.26 12.30 12.32 12.35 12.37 12.39 12.42 12.45 12.48 12.50 12.52 12.55 12.57 12.60 12.62 12.64 12.66 12.68 12.70 12.73 12.75 12.77 12.79 12.81 12.83 12.85 12.87 12.89 12.90 12.93 12.94 12.96 12.98 13.00 13.02 13.03 13.04 13.07
11.12 11.15 11.19 11.22 11.26 11.28 11.32 11.36 11.39 11.42 11.45 11.49 11.52 11.55 11.58 11.62 11.64 11.68 11.71 11.74 11.78 11.80 11.84 11.86 11.90 11.92 11.96 11.98 12.01 12.04 12.07 12.09 12.13 12.15 12.18 12.21 12.23 12.26 12.28 12.31 12.33 12.36 12.38 12.42 12.44 12.46 12.48 12.50 12.53 12.55 12.57 12.60 12.62 12.64 12.66 12.68 12.71 12.73 12.74 12.77 12.79 12.80 12.83 12.84 12.86 12.88 12.90 12.92 12.93 12.94 12.97 12.98 13.00 13.01 13.03 13.05 13.06
11.22 11.26 11.29 11.32 11.36 11.38 11.42 11.45 11.48 11.51 11.54 11.57 11.60 11.63 11.66 11.70 11.72 11.76 11.78 11.82 11.84 11.87 11.90 11.93 11.95 11.99 12.01 12.04 12.06 12.10 12.12 12.15 12.17 12.20 12.22 12.26 12.28 12.31 12.33 12.36 12.38 12.40 12.42 12.44 12.47 12.49 12.51 12.54 12.55 12.58 12.60 12.62 12.64 12.66 12.68 12.70 12.72 12.74 12.76 12.78 12.79 12.82 12.83 12.85 12.87 12.89 12.90 12.91 12.94 12.95 12.96 12.98 13.00 13.01 13.03 13.04 13.06
11.32 11.36 11.38 11.42 11.44 11.48 11.51 11.53 11.57 11.59 11.63 11.65 11.68 11.71 11.74 11.76 11.80 11.82 11.85 11.88 11.91 11.94 11.96 11.99 12.01 12.04 12.07 12.09 12.12 12.14 12.17 12.20 12.22 12.24 12.27 12.29 12.32 12.34 12.37 12.38 12.41 12.43 12.45 12.48 12.49 12.52 12.54 12.55 12.58 12.60 12.62 12.64 12.66 12.68 12.70 12.71 12.74 12.75 12.77 12.79 12.81 12.82 12.84 12.86 12.87 12.88 12.91 12.92 12.93 12.95 12.97 12.98 12.99 13.01 13.03 13.04 13.05
11.41 11.45 11.47 11.50 11.53 11.56 11.58 11.61 11.64 11.67 11.70 11.72 11.74 11.78 11.81 11.83 11.86 11.88 11.91 11.94 11.97 11.99 12.02 12.04 12.07 12.09 12.12 12.14 12.17 12.19 12.22 12.23 12.26 12.28 12.30 12.33 12.35 12.37 12.39 12.42 12.43 12.46 12.48 12.49 12.52 12.54 12.56 12.58 12.59 12.62 12.63 12.66 12.67 12.69 12.71 12.73 12.74 12.76 12.78 12.79 12.80 12.83 12.84 12.85 12.88 12.89 12.90 12.92 12.93 12.95 12.96 12.98 12.99 13.00 13.01 13.02 13.04
11.50 11.52 11.55 11.57 11.60 11.63 11.65 11.69 11.71 11.74 11.76 11.79 11.81 11.84 11.86 11.89 11.91 11.94 11.96 11.99 12.01 12.04 12.07 12.09 12.12 12.13 12.15 12.18 12.20 12.23 12.24 12.27 12.29 12.32 12.33 12.36 12.38 12.39 12.42 12.44 12.46 12.48 12.50 12.52 12.54 12.56 12.57 12.60 12.61 12.63 12.65 12.66 12.69 12.70 12.71 12.73 12.75 12.76 12.79 12.80 12.81 12.82 12.84 12.86 12.87 12.89 12.90 12.91 12.92 12.94 12.95 12.96 12.97 12.99 13.00 13.01 13.02
11.57 11.59 11.62 11.64 11.67 11.69 11.72 11.74 11.77 11.79 11.82 11.85 11.87 11.90 11.92 11.94 11.96 11.99 12.01 12.04 12.06 12.08 12.10 12.13 12.15 12.17 12.19 12.22 12.24 12.26 12.28 12.30 12.32 12.34 12.36 12.38 12.40 12.42 12.44 12.46 12.47 12.50 12.51 12.54 12.55 12.57 12.59 12.60 12.63 12.64 12.65 12.67 12.69 12.71 12.72 12.73 12.75 12.77 12.78 12.79 12.81 12.82 12.84 12.86 12.87 12.88 12.89 12.91 12.92 12.93 12.95 12.96 12.97 12.98 12.99 13.01 13.01
11.64 11.66 11.69 11.71 11.73 11.75 11.78 11.80 11.83 11.84 11.87 11.89 11.92 11.95 11.96 11.99 12.01 12.04 12.05 12.07 12.10 12.12 12.14 12.16 12.18 12.21 12.23 12.24 12.27 12.28 12.31 12.32 12.35 12.36 12.39 12.40 12.42 12.44 12.46 12.48 12.49 12.52 12.53 12.54 12.57 12.58 12.60 12.61 12.63 12.65 12.66 12.67 12.69 12.71 12.72 12.74 12.75 12.76 12.78 12.79 12.80 12.82 12.83 12.84 12.86 12.87 12.88 12.89 12.91 12.92 12.93 12.94 12.96 12.97 12.98 12.98 12.99
11.70 11.72 11.74 11.76 11.79 11.81 11.83 11.85 11.88 11.89 11.92 11.94 11.96 11.98 12.01 12.02 12.05 12.07 12.09 12.11 12.13 12.15 12.17 12.19 12.21 12.23 12.25 12.27 12.29 12.31 12.32 12.35 12.36 12.38 12.40 12.42 12.44 12.46 12.47 12.48 12.51 12.52 12.54 12.55 12.58 12.59 12.60 12.62 12.63 12.64 12.67 12.68 12.69 12.71 12.72 12.73 12.75 12.76 12.77 12.79 12.80 12.81 12.83 12.84 12.85 12.86 12.88 12.88 12.89 12.90 12.92 12.93 12.94 12.94 12.96 12.97 12.98
11.74 11.77 11.79 11.81 11.84 11.85 11.88 11.90 11.92 11.94 11.96 11.98 12.00 12.02 12.04 12.06 12.08 12.10 12.12 12.14 12.16 12.18 12.20 12.22 12.24 12.26 12.28 12.29 12.31 12.33 12.34 12.37 12.38 12.40 12.41 12.43 12.45 12.46 12.48 12.50 12.52 12.53 12.54 12.56 12.57 12.59 12.61 12.62 12.64 12.65 12.66 12.68 12.69 12.70 12.72 12.73 12.74 12.76 12.77 12.78 12.79 12.80 12.81 12.82 12.84 12.85 12.86 12.87 12.88 12.89 12.90 12.91 12.92 12.93 12.94 12.94 12.96
11.79 11.82 11.83 11.86 11.87 11.90 11.91 11.94 11.95 11.98 11.99 12.01 12.04 12.05 12.07 12.09 12.10 12.13 12.14 12.17 12.18 12.20 12.22 12.24 12.25 12.28 12.29 12.31 12.32 12.35 12.36 12.38 12.39 12.41 12.43 12.44 12.46 12.47 12.48 12.50 12.52 12.54 12.55 12.57 12.58 12.59 12.61 12.62 12.63 12.65 12.66 12.67 12.69 12.70 12.70 12.72 12.73 12.74 12.76 12.77 12.78 12.79 12.80 12.81 12.82 12.84 12.84 12.85 12.87 12.88 12.88 12.89 12.90 12.91 12.92 12.93 12.93
11.83 11.86 11.87 11.90 11.91 11.93 11.95 11.97 11.98 12.01 12.02 12.04 12.06 12.08 12.09 12.12 12.13 12.15 12.17 12.19 12.20 12.22 12.24 12.26 12.27 12.29 12.30 12.32 12.34 12.35 12.37 12.38 12.40 12.42 12.44 12.45 12.46 12.48 12.49 12.51 12.52 12.53 12.55 12.56 12.58 12.59 12.60 12.62 12.63 12.63 12.65 12.66 12.68 12.69 12.70 12.71 12.72 12.73 12.74 12.76 12.77 12.77 12.79 12.80 12.81 12.81 12.83 12.84 12.84 12.85 12.87 12.87 12.88 12.89 12.89 12.91 12.91
11.87 11.89 11.91 11.93 11.94 11.96 11.98 12.00 12.01 12.04 12.05 12.07 12.08 12.10 12.12 12.14 12.15 12.17 12.19 12.21 12.22 12.23 12.25 12.27 12.28 12.30 12.32 12.33 12.35 12.36 12.38 12.39 12.40 12.42 12.43 12.45 12.46 12.48 12.49 12.50 12.52 12.53 12.55 12.56 12.57 12.58 12.59 12.60 12.62 12.63 12.64 12.66 12.66 12.68 12.69 12.70 12.71 12.72 12.73 12.74 12.75 12.76 12.77 12.78 12.79 12.80 12.80 12.82 12.83 12.83 12.84 12.85 12.86 12.87 12.87 12.88 12.89
11.90 11.92 11.94 11.96 11.97 11.99 12.00 12.02 12.04 12.06 12.07 12.09 12.10 12.12 12.14 12.16 12.17 12.18 12.20 12.21 12.23 12.24 12.26 12.27 12.29 12.30 12.33 12.34 12.36 12.37 12.38 12.39 12.40 12.42 12.43 12.45 12.46 12.47 12.49 12.50 12.52 12.53 12.53 12.55 12.56 12.58 12.59 12.60 12.61 12.62 12.63 12.65 12.65 12.66 12.68 12.68 12.69 12.71 12.72 12.72 12.73 12.74 12.75 12.76 12.76 12.78 12.79 12.79 12.80 12.81 12.82 12.82 12.83 12.85 12.85 12.86 12.86
11.93 11.95 11.96 11.97 11.99 12.01 12.02 12.04 12.06 12.07 12.09 12.11 12.12 12.13 12.15 12.16 12.18 12.19 12.21 12.22 12.24 12.25 12.27 12.28 12.30 12.31 12.32 12.34 12.35 12.37 12.38 12.40 12.41 12.41 12.43 12.44 12.46 12.47 12.48 12.49 12.50 12.52 12.53 12.54 12.55 12.56 12.58 12.59 12.59 12.61 12.62 12.62 12.64 12.65 12.65 12.67 12.68 12.68 12.70 12.71 12.71 12.72 12.73 12.74 12.75 12.76 12.77 12.77 12.78 12.78 12.80 12.80 12.81 12.81 12.83 12.83 12.84
11.95 11.96 11.98 11.99 12.01 12.02 12.04 12.05 12.07 12.08 12.10 12.11 12.13 12.14 12.16 12.17 12.19 12.20 12.22 12.23 12.25 12.26 12.28 12.29 12.29 12.31 12.32 12.34 12.35 12.37 12.38 12.38 12.40 12.41 12.43 12.44 12.45 12.46 12.47 12.49 12.49 12.51 12.52 12.53 12.54 12.55 12.56 12.57 12.58 12.59 12.60 12.61 12.62 12.63 12.64 12.65 12.66 12.67 12.67 12.69 12.69 12.70 12.70 12.72 12.73 12.73 12.74 12.75 12.76 12.76 12.77 12.78 12.78 12.79 12.79 12.80 12.81
11.97 11.98 12.00 12.01 12.02 12.03 12.05 12.06 12.08 12.09 12.11 12.12 12.14 12.15 12.17 12.18 12.20 12.20 12.22 12.23 12.24 12.26 12.27 12.29 12.29 12.31 12.32 12.34 12.35 12.36 12.37 12.38 12.40 12.41 12.42 12.43 12.44 12.45 12.46 12.47 12.49 12.49 12.51 12.52 12.52 12.54 12.54 12.55 12.57 12.57 12.59 12.59 12.60 12.62 12.62 12.63 12.63 12.65 12.65 12.66 12.67 12.68 12.68 12.69 12.70 12.71 12.71 12.72 12.73 12.74 12.74 12.75 12.76 12.76 12.77 12.77 12.78
11.98 11.99 12.01 12.02 12.04 12.04 12.06 12.07 12.09 12.10 12.12 12.13 12.14 12.15 12.17 12.18 12.20 12.21 12.21 12.23 12.24 12.26 12.27 12.28 12.29 12.31 12.32 12.32 12.34 12.35 12.37 12.37 12.39 12.40 12.40 12.42 12.43 12.44 12.45 12.46 12.47 12.48 12.49 12.50 12.51 12.52 12.53 12.54 12.55 12.56 12.56 12.58 12.58 12.59 12.60 12.61 12.61 12.62 12.63 12.64 12.64 12.66 12.66 12.67 12.67 12.69 12.69 12.69 12.70 12.71 12.72 12.72 12.72 12.74 12.74 12.75 12.75
11.99 12.00 12.02 12.02 12.04 12.05 12.07 12.08 12.09 12.10 12.12 12.13 12.15 12.15 12.17 12.18 12.20 12.20 12.21 12.23 12.24 12.25 12.26 12.28 12.29 12.29 12.31 12.32 12.33 12.34 12.36 12.36 12.37 12.39 12.39 12.41 12.41 12.42 12.44 12.44 12.46 12.46 12.47 12.49 12.49 12.50 12.51 12.52 12.52 12.54 12.54 12.55 12.56 12.57 12.57 12.59 12.59 12.60 12.61 12.62 12.62 12.62 12.64 12.64 12.65 12.65 12.66 12.67 12.67 12.68 12.69 12.69 12.70 12.70 12.70 12.72 12.72
12.00 12.00 12.02 12.03 12.05 12.05 12.07 12.08 12.10 12.10 12.12 12.13 12.14 12.15 12.16 12.18 12.18 12.20 12.21 12.22 12.23 12.25 12.25 12.27 12.28 12.28 12.30 12.31 12.32 12.33 12.35 12.35 12.36 12.37 12.38 12.38 12.40 12.41 12.42 12.43 12.43 12.45 12.45 12.46 12.47 12.48 12.49 12.50 12.50 12.52 12.52 12.53 12.54 12.55 12.55 12.56 12.57 12.57 12.58 12.59 12.60 12.60 12.60 12.62 12.62 12.63 12.63 12.64 12.65 12.65 12.65 12.67 12.67 12.67 12.68 12.68 12.69
12.00 12.01 12.02 12.03 12.05 12.05 12.07 12.08 12.09 12.10 12.12 12.12 12.13 12.15 12.16 12.17 12.18 12.19 12.20 12.22 12.22 12.24 12.24 12.25 12.27 12.27 12.29 12.29 12.30 12.32 12.32 12.34 12.34 12.36 12.36 12.37 12.38 12.39 12.39 12.41 12.41 12.43 12.43 12.44 12.45 12.46 12.46 12.48 12.48 12.49 12.50 12.51 12.51 12.52 12.53 12.53 12.54 12.55 12.55 12.56 12.57 12.57 12.58 12.59 12.59 12.60 12.60 12.61 12.62 12.62 12.62 12.63 12.64 12.64 12.65 12.65 12.65
