main/data/temperature/05.07.2023.grid
ncols 886
nrows 691
xllcenter 112.0000
yllcenter -44.5000
cellsize 0.0500
nodata_value 99999.90
[rows 238 to 271 of 691, columns 0 to 76 of 886]
21.13 21.15 21.17 21.19 21.19 21.21 21.22 21.24 21.24 21.26 21.27 21.29 21.30 21.32 21.33 21.33 21.35 21.36 21.38 21.39 21.41 21.42 21.43 21.45 21.46 21.49 21.51 21.52 21.54 21.56 21.58 21.60 21.62 21.66 21.68 21.70 21.73 21.76 21.79 21.84 21.80 21.37 21.86 22.10 22.22 22.35 22.48 22.62 22.76 22.91 23.06 23.21 23.35 23.45 23.56 23.64 23.84 23.94 24.00 24.11 24.22 24.35 24.40 24.41 24.50 24.61 24.67 24.68 24.71 24.72 24.79 24.70 24.71 24.62 24.49 24.36 24.48
21.12 21.15 21.17 21.17 21.19 21.21 21.22 21.23 21.24 21.26 21.27 21.29 21.30 21.32 21.33 21.35 21.36 21.38 21.39 21.40 21.42 21.43 21.45 21.46 21.48 21.50 21.52 21.54 21.56 21.58 21.60 21.63 21.65 21.67 21.70 21.72 21.75 21.78 21.82 21.86 21.23 21.17 21.89 22.13 22.24 22.36 22.49 22.62 22.77 22.91 23.06 23.22 23.37 23.50 23.56 23.65 23.82 23.99 24.07 24.16 24.26 24.35 24.48 24.58 24.66 24.68 24.69 24.73 24.74 24.76 24.79 24.83 24.68 24.74 24.69 24.60 24.41
21.12 21.14 21.16 21.17 21.19 21.20 21.22 21.23 21.24 21.26 21.27 21.29 21.30 21.32 21.33 21.35 21.36 21.38 21.39 21.41 21.43 21.45 21.46 21.48 21.49 21.52 21.54 21.55 21.57 21.60 21.62 21.64 21.67 21.69 21.72 21.74 21.78 21.81 21.84 21.68 20.80 21.03 21.81 22.15 22.25 22.37 22.50 22.63 22.78 22.92 23.07 23.22 23.38 23.52 23.61 23.72 23.84 23.97 24.12 24.20 24.31 24.40 24.51 24.60 24.69 24.75 24.76 24.76 24.77 24.75 24.75 24.82 24.92 24.62 24.69 24.68 24.58
21.11 21.13 21.15 21.17 21.18 21.20 21.21 21.22 21.24 21.26 21.27 21.29 21.30 21.32 21.33 21.35 21.36 21.39 21.40 21.42 21.43 21.45 21.48 21.49 21.51 21.53 21.55 21.57 21.60 21.62 21.65 21.67 21.70 21.73 21.75 21.77 21.80 21.84 21.87 21.09 20.33 21.51 22.04 22.19 22.28 22.39 22.51 22.64 22.78 22.92 23.07 23.23 23.37 23.45 23.56 23.80 23.89 24.02 24.12 24.25 24.34 24.45 24.54 24.66 24.66 24.78 24.79 24.79 24.76 24.70 24.72 24.79 24.88 24.90 24.81 24.73 24.59
21.10 21.13 21.15 21.16 21.18 21.20 21.20 21.22 21.24 21.25 21.27 21.29 21.30 21.32 21.34 21.36 21.37 21.39 21.41 21.43 21.45 21.46 21.49 21.50 21.52 21.55 21.58 21.59 21.62 21.64 21.67 21.70 21.72 21.75 21.78 21.81 21.84 21.87 21.76 20.65 19.87 20.84 22.13 22.21 22.31 22.42 22.53 22.66 22.79 22.93 23.08 23.11 23.34 23.46 23.54 23.76 23.90 24.03 24.14 24.25 24.38 24.46 24.55 24.68 24.78 24.77 24.77 24.81 24.82 24.77 24.68 24.22 24.72 24.90 24.78 24.52 24.54
21.09 21.12 21.14 21.16 21.17 21.18 21.20 21.22 21.23 21.25 21.27 21.29 21.31 21.32 21.34 21.36 21.38 21.40 21.41 21.43 21.46 21.47 21.50 21.52 21.54 21.56 21.59 21.62 21.64 21.67 21.70 21.73 21.75 21.78 21.81 21.84 21.87 21.91 21.19 20.65 20.14 21.85 22.17 22.25 22.34 22.44 22.55 22.67 22.81 22.94 23.09 23.15 23.31 23.53 23.65 23.78 23.90 24.01 24.16 24.25 24.34 24.46 24.61 24.70 24.77 24.79 24.81 24.79 24.81 24.80 24.74 24.68 24.86 24.86 24.78 24.61 24.41
21.09 21.11 21.12 21.14 21.16 21.18 21.19 21.21 21.23 21.25 21.26 21.29 21.31 21.32 21.34 21.36 21.38 21.40 21.42 21.44 21.47 21.48 21.51 21.53 21.55 21.58 21.60 21.63 21.66 21.69 21.72 21.75 21.78 21.80 21.84 21.87 21.91 21.94 21.21 20.54 20.94 21.84 22.20 22.28 22.36 22.47 22.58 22.69 22.82 22.95 23.07 23.22 23.26 23.51 23.63 23.74 23.91 24.02 24.16 24.27 24.36 24.46 24.60 24.71 24.78 24.81 24.83 24.81 24.79 24.73 24.70 24.11 24.63 24.73 24.65 24.58 24.51
21.07 21.10 21.12 21.14 21.15 21.17 21.19 21.21 21.22 21.24 21.27 21.28 21.30 21.32 21.35 21.36 21.39 21.41 21.42 21.45 21.47 21.49 21.52 21.55 21.56 21.59 21.62 21.65 21.68 21.71 21.74 21.77 21.81 21.83 21.87 21.90 21.94 21.80 20.97 20.89 21.37 21.95 22.18 22.32 22.40 22.50 22.61 22.72 22.84 22.96 23.08 23.22 23.36 23.41 23.62 23.72 23.89 24.04 24.15 24.28 24.38 24.48 24.59 24.74 24.76 24.74 24.80 24.75 24.81 24.70 24.38 24.04 24.49 24.39 24.50 24.41 24.21
21.06 21.09 21.11 21.13 21.15 21.16 21.18 21.20 21.22 21.24 21.26 21.28 21.30 21.32 21.34 21.36 21.39 21.40 21.43 21.46 21.47 21.50 21.53 21.56 21.58 21.61 21.64 21.67 21.70 21.73 21.76 21.80 21.83 21.86 21.90 21.94 21.98 21.08 21.17 21.04 21.59 21.95 22.17 22.36 22.44 22.54 22.64 22.75 22.86 22.98 23.09 23.21 23.36 23.48 23.59 23.72 23.89 24.03 24.14 24.27 24.36 24.51 24.60 24.69 24.79 24.67 24.74 24.63 24.50 24.59 24.35 24.14 24.31 24.23 24.28 24.28 24.21
21.05 21.08 21.10 21.12 21.14 21.16 21.17 21.19 21.21 21.24 21.26 21.27 21.30 21.32 21.34 21.36 21.39 21.41 21.44 21.45 21.48 21.51 21.54 21.56 21.59 21.62 21.65 21.68 21.72 21.75 21.79 21.82 21.86 21.89 21.93 21.97 21.95 21.46 21.08 21.23 21.48 21.99 22.23 22.28 22.48 22.58 22.67 22.78 22.89 22.99 23.11 23.19 23.33 23.49 23.62 23.71 23.89 23.97 24.12 24.24 24.37 24.47 24.54 24.60 24.70 24.63 24.47 24.33 24.23 24.26 24.32 24.17 23.99 24.00 24.06 24.15 24.07
21.03 21.06 21.08 21.10 21.12 21.15 21.16 21.18 21.20 21.23 21.25 21.27 21.29 21.31 21.34 21.36 21.39 21.41 21.43 21.46 21.49 21.51 21.54 21.57 21.60 21.63 21.67 21.70 21.74 21.77 21.81 21.85 21.89 21.92 21.96 22.00 21.42 21.19 21.15 21.16 21.80 22.09 22.22 22.44 22.52 22.61 22.71 22.80 22.92 23.00 23.13 23.23 23.32 23.46 23.57 23.73 23.84 23.95 24.07 24.14 24.26 24.32 24.36 24.42 24.47 24.50 24.40 24.17 24.17 24.22 24.08 23.82 23.92 23.70 24.07 24.00 23.98
21.02 21.05 21.07 21.09 21.11 21.13 21.15 21.17 21.19 21.22 21.24 21.26 21.29 21.32 21.33 21.36 21.39 21.41 21.44 21.46 21.49 21.52 21.55 21.58 21.61 21.64 21.67 21.71 21.74 21.78 21.82 21.86 21.91 21.94 21.99 21.95 21.33 21.08 21.21 21.46 21.92 21.91 22.26 22.49 22.56 22.65 22.69 22.83 22.94 23.01 23.08 23.25 23.32 23.40 23.56 23.70 23.79 23.90 23.99 24.06 24.13 24.19 24.22 24.25 24.26 24.33 24.29 23.90 24.24 23.99 24.17 23.77 23.77 23.99 24.04 23.95 23.84
21.01 21.03 21.06 21.08 21.09 21.11 21.14 21.16 21.18 21.21 21.23 21.26 21.28 21.31 21.33 21.35 21.38 21.41 21.44 21.47 21.50 21.52 21.55 21.58 21.62 21.65 21.69 21.73 21.76 21.80 21.84 21.88 21.93 21.97 22.02 21.34 21.27 21.17 21.32 21.68 21.68 22.02 22.35 22.53 22.61 22.60 22.61 22.87 22.96 23.04 23.12 23.24 23.28 23.44 23.49 23.61 23.72 23.78 23.88 23.92 23.99 24.06 24.09 24.12 24.17 24.19 24.10 23.71 23.99 24.04 24.14 24.04 24.08 23.91 23.99 23.82 23.78
20.99 21.01 21.03 21.05 21.08 21.10 21.12 21.15 21.17 21.20 21.22 21.25 21.27 21.30 21.33 21.36 21.37 21.40 21.43 21.46 21.50 21.53 21.56 21.59 21.62 21.66 21.69 21.73 21.77 21.81 21.85 21.90 21.95 22.00 21.93 21.39 21.25 21.40 21.81 21.79 21.68 22.15 22.41 22.57 22.52 22.43 22.68 22.89 22.98 23.08 23.17 23.27 23.33 23.42 23.45 23.55 23.60 23.68 23.75 23.85 23.92 23.96 23.98 23.88 24.02 24.05 24.07 24.09 24.12 24.15 24.14 24.09 24.03 23.89 23.57 23.80 23.80
20.97 21.00 21.02 21.04 21.06 21.09 21.11 21.14 21.16 21.18 21.21 21.24 21.26 21.29 21.32 21.35 21.37 21.40 21.43 21.46 21.49 21.53 21.56 21.60 21.63 21.67 21.71 21.75 21.79 21.83 21.87 21.92 21.97 22.01 21.91 21.41 21.45 21.88 21.88 21.57 22.00 22.17 22.47 22.52 22.35 22.25 22.60 22.85 22.99 23.10 23.16 23.21 23.26 23.23 23.34 23.46 23.50 23.47 23.64 23.72 23.78 23.85 23.80 23.90 23.85 23.90 23.94 23.95 23.94 23.94 23.82 23.96 23.94 23.82 23.60 23.84 23.93
20.95 20.97 21.00 21.02 21.04 21.08 21.10 21.12 21.15 21.17 21.20 21.23 21.25 21.28 21.31 21.33 21.36 21.39 21.42 21.46 21.49 21.52 21.56 21.59 21.63 21.67 21.71 21.75 21.79 21.84 21.88 21.93 21.98 22.03 21.78 21.56 21.82 22.10 21.78 21.79 22.02 22.33 22.47 22.34 22.29 22.25 22.62 22.82 22.93 23.06 23.10 23.06 23.22 23.11 23.33 23.35 23.38 23.33 23.50 23.61 23.61 23.71 23.62 23.58 23.78 23.68 23.74 23.86 23.88 23.81 23.57 23.55 23.80 23.89 23.73 23.94 23.93
20.93 20.96 20.98 21.00 21.03 21.05 21.08 21.10 21.13 21.15 21.18 21.21 21.24 21.26 21.29 21.32 21.35 21.39 21.42 21.45 21.49 21.52 21.56 21.59 21.63 21.67 21.71 21.76 21.80 21.84 21.89 21.94 21.99 22.04 22.01 21.50 21.96 22.08 21.89 21.94 22.27 22.44 22.35 22.26 22.19 22.31 22.58 22.76 22.93 22.99 23.08 22.99 23.12 23.18 23.20 23.23 23.23 23.34 23.46 23.51 23.57 23.49 23.55 23.60 23.65 23.64 23.65 23.76 23.65 23.58 23.33 22.96 23.65 23.72 23.83 23.79 23.77
20.91 20.93 20.96 20.98 21.00 21.04 21.06 21.09 21.11 21.14 21.17 21.20 21.23 21.25 21.28 21.32 21.35 21.38 21.41 21.45 21.48 21.52 21.55 21.59 21.63 21.67 21.71 21.76 21.80 21.85 21.90 21.95 22.00 22.05 22.11 22.13 21.93 21.99 21.90 21.97 22.34 22.28 22.18 22.02 22.05 22.30 22.45 22.67 22.87 22.99 23.04 23.11 23.12 23.01 23.19 23.15 23.28 23.29 23.38 23.45 23.47 23.48 23.36 23.26 23.37 23.25 23.41 23.45 23.67 23.66 23.48 23.48 23.55 23.66 23.77 23.62 23.62
20.89 20.91 20.93 20.97 20.99 21.01 21.04 21.07 21.09 21.12 21.15 21.17 21.21 21.24 21.27 21.31 21.34 21.37 21.41 21.44 21.48 21.51 21.55 21.59 21.63 21.67 21.72 21.76 21.81 21.85 21.90 21.95 22.01 22.06 22.12 22.18 22.09 21.99 21.92 22.02 22.23 22.16 22.08 22.00 21.94 22.29 22.41 22.75 22.88 22.98 23.03 23.03 23.13 23.05 23.08 23.21 23.24 23.20 23.31 23.38 23.39 23.37 23.21 23.12 23.10 23.31 23.36 23.41 23.51 23.56 23.50 23.44 23.39 23.38 23.66 23.63 23.55
20.86 20.89 20.92 20.94 20.97 20.99 21.02 21.04 21.08 21.11 21.14 21.16 21.19 21.22 21.25 21.29 21.32 21.35 21.39 21.43 21.47 21.51 21.55 21.59 21.63 21.67 21.71 21.76 21.81 21.86 21.91 21.96 22.01 22.07 22.13 22.19 22.11 21.97 21.92 22.17 22.18 22.03 22.00 21.88 21.89 22.22 22.46 22.75 22.89 22.95 23.00 22.92 23.07 23.12 23.14 23.20 23.21 23.25 23.27 23.34 23.28 23.31 23.19 23.15 22.95 23.10 23.06 23.34 23.26 23.49 23.45 23.30 23.32 23.18 23.58 23.52 23.57
20.84 20.87 20.89 20.92 20.94 20.97 21.00 21.03 21.06 21.08 21.11 21.14 21.17 21.21 21.24 21.28 21.31 21.34 21.38 21.41 21.45 21.49 21.53 21.57 21.61 21.66 21.71 21.76 21.81 21.86 21.91 21.96 22.02 22.07 22.13 22.19 22.26 22.07 21.95 22.19 22.12 21.94 21.80 21.84 21.85 22.19 22.51 22.72 22.88 22.92 22.89 23.05 23.00 23.06 23.09 23.14 23.17 23.18 23.25 23.30 23.16 23.24 23.25 23.06 23.01 22.77 23.20 23.08 23.33 23.29 23.34 23.22 23.25 23.23 23.45 23.37 23.45
20.82 20.84 20.87 20.89 20.92 20.95 20.98 21.00 21.03 21.06 21.10 21.13 21.16 21.19 21.22 21.25 21.29 21.32 21.37 21.41 21.44 21.48 21.52 21.57 21.61 21.65 21.70 21.75 21.80 21.85 21.90 21.95 22.01 22.07 22.13 22.19 22.25 22.05 22.04 22.21 22.06 21.95 21.81 21.89 21.92 22.17 22.50 22.69 22.85 22.86 22.92 22.91 23.05 22.99 23.03 23.07 23.15 23.14 23.17 23.19 23.23 23.17 23.13 23.05 23.03 22.70 23.10 22.98 23.20 23.15 23.00 22.83 23.08 23.18 23.33 22.98 23.28
20.79 20.82 20.84 20.87 20.90 20.93 20.95 20.98 21.01 21.05 21.07 21.11 21.14 21.17 21.20 21.24 21.28 21.31 21.35 21.39 21.42 21.46 21.51 21.55 21.60 21.65 21.69 21.74 21.79 21.84 21.90 21.95 22.01 22.07 22.13 22.19 22.26 22.04 21.99 22.18 22.04 21.83 21.73 21.86 21.96 22.24 22.49 22.62 22.78 22.78 22.87 22.88 23.01 22.89 22.90 23.00 23.03 23.01 23.10 23.11 23.19 23.11 23.09 23.02 22.96 22.83 22.46 22.94 23.01 23.02 22.93 22.77 22.89 22.96 23.15 22.97 23.06
20.77 20.79 20.81 20.85 20.87 20.90 20.93 20.95 20.99 21.02 21.05 21.08 21.11 21.15 21.19 21.22 21.25 21.29 21.33 21.37 21.41 21.45 21.50 21.54 21.58 21.63 21.68 21.73 21.78 21.84 21.89 21.95 22.00 22.06 22.13 22.19 22.26 22.05 22.05 22.21 22.08 21.65 21.68 22.06 22.04 22.28 22.46 22.59 22.75 22.75 22.81 22.99 22.94 23.03 23.00 22.84 22.95 22.79 22.88 22.98 23.11 23.15 22.98 22.96 22.88 22.74 22.65 22.64 22.85 22.93 22.77 22.63 22.77 22.80 23.11 22.77 22.87
20.74 20.76 20.80 20.82 20.85 20.87 20.90 20.94 20.97 21.00 21.03 21.06 21.10 21.13 21.16 21.20 21.23 21.27 21.31 21.35 21.39 21.43 21.48 21.52 21.56 21.62 21.67 21.72 21.77 21.82 21.88 21.93 21.99 22.05 22.11 22.18 22.21 21.93 22.05 22.23 21.98 21.67 21.93 22.02 22.20 22.31 22.41 22.52 22.77 22.74 22.78 22.86 23.00 23.00 22.96 22.89 22.83 23.00 22.96 22.78 22.95 23.03 23.07 22.96 22.99 22.90 22.81 22.48 22.73 22.79 22.79 22.61 22.76 22.90 22.92 22.91 22.75
20.71 20.75 20.77 20.80 20.82 20.85 20.88 20.91 20.94 20.97 21.00 21.04 21.07 21.11 21.14 21.17 21.22 21.25 21.29 21.33 21.37 21.41 21.46 21.51 21.55 21.60 21.65 21.70 21.75 21.80 21.86 21.92 21.98 22.04 22.11 22.17 22.14 21.82 22.16 22.26 22.02 21.87 22.11 22.16 22.26 22.24 22.34 22.48 22.75 22.82 22.78 22.92 22.92 22.84 22.88 22.70 22.78 22.93 22.90 22.84 22.76 22.91 22.97 22.98 22.95 22.89 22.80 22.71 22.52 22.73 22.68 22.10 22.66 22.73 22.81 22.73 22.33
20.69 20.72 20.74 20.77 20.79 20.83 20.86 20.89 20.91 20.95 20.98 21.01 21.05 21.08 21.11 21.16 21.19 21.23 21.27 21.31 21.36 21.40 21.44 21.48 21.53 21.58 21.63 21.69 21.74 21.79 21.85 21.90 21.96 22.02 22.08 22.15 22.07 21.84 22.19 22.21 22.02 21.81 22.15 22.32 22.22 22.14 22.31 22.61 22.73 22.77 22.82 22.84 22.85 22.82 22.64 22.74 22.58 22.82 22.76 22.73 22.76 22.82 22.85 22.92 22.87 22.78 22.61 22.65 22.53 22.60 22.34 22.50 22.56 22.56 22.55 22.63 22.41
20.66 20.69 20.71 20.75 20.77 20.80 20.83 20.86 20.90 20.93 20.96 20.99 21.02 21.06 21.10 21.13 21.17 21.20 21.24 21.29 21.33 21.37 21.42 21.46 21.51 21.56 21.61 21.66 21.71 21.77 21.82 21.88 21.94 22.00 22.07 22.14 22.03 21.82 22.24 22.20 21.95 21.90 22.22 22.12 22.22 22.30 22.47 22.65 22.70 22.70 22.73 22.74 22.76 22.74 22.75 22.71 22.46 22.70 22.64 22.72 22.74 22.61 22.68 22.74 22.84 22.75 22.70 22.62 22.61 22.49 22.49 22.41 22.42 22.42 22.41 22.58 22.36
20.64 20.67 20.69 20.72 20.75 20.77 20.81 20.84 20.87 20.90 20.93 20.96 21.00 21.04 21.07 21.10 21.14 21.19 21.23 21.27 21.30 21.35 21.39 21.45 21.49 21.54 21.59 21.64 21.69 21.74 21.81 21.86 21.92 21.98 22.05 22.11 21.99 21.89 22.27 22.23 22.12 22.06 22.28 22.27 22.22 22.44 22.58 22.64 22.68 22.66 22.64 22.60 22.53 22.66 22.69 22.76 22.70 22.74 22.66 22.60 22.65 22.57 22.50 22.54 22.66 22.71 22.69 22.60 22.58 22.52 22.47 22.37 22.30 22.23 22.25 22.30 22.30
20.61 20.64 20.66 20.69 20.73 20.75 20.78 20.81 20.84 20.87 20.91 20.94 20.97 21.01 21.04 21.09 21.12 21.16 21.20 21.24 21.28 21.33 21.37 21.42 21.46 21.51 21.56 21.61 21.67 21.73 21.78 21.84 21.90 21.96 22.02 22.08 21.90 21.93 22.27 22.23 22.08 22.12 22.33 22.37 22.37 22.55 22.48 22.52 22.46 22.55 22.58 22.59 22.72 22.62 22.70 22.66 22.62 22.47 22.52 22.58 22.48 22.52 22.41 22.36 22.38 22.48 22.48 22.47 22.47 22.39 22.33 22.32 22.18 22.05 21.95 22.13 22.18
20.59 20.62 20.64 20.67 20.70 20.72 20.75 20.79 20.82 20.85 20.88 20.91 20.94 20.99 21.02 21.06 21.09 21.13 21.17 21.22 21.26 21.30 21.34 21.39 21.43 21.48 21.54 21.59 21.64 21.70 21.75 21.81 21.87 21.93 21.99 22.05 21.67 22.11 22.24 22.24 22.11 22.23 22.36 22.42 22.45 22.40 22.47 22.50 22.56 22.59 22.59 22.72 22.41 22.35 22.51 22.52 22.53 22.41 22.32 22.41 22.49 22.48 22.41 22.25 22.29 22.22 22.27 22.36 22.36 22.27 22.24 22.19 22.16 21.99 21.67 22.09 21.63
20.56 20.59 20.62 20.65 20.68 20.70 20.73 20.76 20.79 20.82 20.86 20.89 20.92 20.96 20.99 21.03 21.06 21.11 21.15 21.19 21.23 21.27 21.31 21.36 21.41 21.46 21.51 21.56 21.61 21.67 21.72 21.78 21.83 21.90 21.96 22.03 21.87 22.13 22.18 22.26 22.21 22.28 22.38 22.42 22.44 22.46 22.44 22.47 22.53 22.46 22.47 22.47 22.47 22.36 22.36 22.33 22.42 22.38 22.16 22.12 22.37 22.38 22.36 22.32 22.24 22.06 22.00 22.20 22.19 22.24 22.17 22.18 22.06 21.93 21.82 21.84 22.01
20.54 20.57 20.59 20.62 20.66 20.68 20.71 20.74 20.77 20.80 20.83 20.86 20.89 20.94 20.97 21.00 21.04 21.08 21.12 21.16 21.20 21.25 21.29 21.34 21.38 21.43 21.48 21.53 21.58 21.63 21.69 21.74 21.81 21.87 21.93 21.99 21.93 21.93 22.09 22.19 22.12 22.19 22.36 22.40 22.39 22.43 22.40 22.46 22.45 22.43 22.36 22.36 22.30 22.22 22.01 21.93 22.27 22.24 22.10 22.11 22.26 22.26 22.23 22.22 22.19 22.08 21.86 22.05 21.99 22.03 21.93 22.05 21.85 21.71 21.67 21.50 21.86
20.52 20.55 20.57 20.60 20.62 20.66 20.69 20.72 20.75 20.78 20.81 20.84 20.87 20.90 20.94 20.97 21.02 21.06 21.09 21.13 21.17 21.22 21.26 21.30 21.35 21.39 21.44 21.49 21.54 21.60 21.66 21.72 21.77 21.83 21.89 21.89 21.81 21.76 22.08 22.10 22.14 22.28 22.33 22.34 22.35 22.38 22.32 22.42 22.28 22.34 22.26 22.20 22.16 22.16 21.93 22.08 21.93 22.11 21.95 21.94 22.04 22.14 22.19 22.04 21.97 22.04 21.99 21.79 21.79 21.83 21.76 21.90 21.89 21.79 21.40 21.54 21.69
