main/data/temperature/05.07.2023.grid
ncols 886
nrows 691
xllcenter 112.0000
yllcenter -44.5000
cellsize 0.0500
nodata_value 99999.90
[rows 204 to 237 of 691, columns 616 to 692 of 886]
26.07 26.09 26.11 26.16 26.30 26.29 26.39 26.33 26.34 26.44 26.52 26.52 26.49 26.59 26.58 26.58 26.59 26.45 26.29 26.36 26.35 26.54 26.69 26.48 26.44 26.00 25.87 25.80 25.07 24.80 24.26 24.11 24.15 24.37 24.55 24.81 24.48 24.80 25.51 26.07 25.73 25.24 25.60 25.79 25.79 26.00 26.08 26.32 25.98 25.79 26.30 25.53 25.56 25.02 26.72 27.29 27.12 27.76 28.04 28.22 28.22 28.43 28.49 28.60 28.55 28.44 28.26 28.35 28.70 28.85 28.92 28.97 29.02 28.96 28.90 28.92 29.15
25.94 25.96 26.06 26.13 26.24 26.26 26.29 26.32 26.34 26.30 26.27 26.37 26.41 26.39 26.38 26.28 26.25 26.27 26.36 26.45 26.51 26.69 26.53 26.46 26.35 26.30 26.12 25.72 25.61 24.77 24.28 24.48 24.57 24.64 25.38 24.74 24.78 24.70 25.05 25.59 25.60 25.27 25.65 25.62 25.61 25.69 25.45 25.63 25.69 25.67 25.35 25.17 25.64 25.63 26.82 26.92 27.74 27.49 28.12 28.32 28.27 28.26 28.46 28.58 28.33 28.41 28.41 28.27 28.33 28.60 28.76 28.86 28.72 28.55 28.80 28.86 28.90
25.87 25.89 25.98 26.09 26.10 26.08 26.12 26.11 26.06 26.22 26.28 26.21 26.16 26.27 26.19 26.33 26.34 26.36 26.45 26.42 26.58 26.60 26.36 26.12 26.03 25.62 25.45 25.21 25.25 24.98 24.86 24.74 24.73 25.16 25.91 25.07 24.70 25.00 25.12 25.47 25.91 26.01 25.32 25.48 25.86 25.53 25.07 25.47 25.49 25.11 25.10 26.00 27.07 26.90 27.45 25.62 27.99 28.00 27.94 28.23 28.43 28.41 28.51 28.46 28.01 28.45 28.39 28.04 28.09 28.29 28.57 28.65 28.56 28.08 28.25 28.51 28.88
25.78 25.82 25.92 26.00 26.00 25.93 26.07 26.16 26.10 26.31 26.25 26.31 26.37 26.37 26.44 26.40 26.43 26.50 26.34 26.67 26.67 26.45 26.30 26.10 26.03 25.78 25.87 25.36 24.79 25.10 25.11 25.14 24.81 25.28 25.99 25.31 25.07 25.20 25.70 25.68 26.14 25.89 25.52 25.50 25.76 26.36 26.57 26.55 25.70 25.67 25.51 26.11 27.11 27.08 27.60 27.51 27.97 28.20 28.14 28.23 28.40 28.52 28.54 28.38 27.73 28.43 28.42 27.98 28.39 28.12 28.49 28.42 28.24 28.17 28.41 28.14 28.57
25.68 25.76 25.87 25.95 25.98 26.05 26.09 26.18 26.17 26.18 26.26 26.33 26.27 26.16 26.35 26.39 26.42 26.53 26.54 26.52 26.53 26.45 26.20 26.17 26.30 25.99 26.39 25.51 25.85 25.29 25.50 25.75 25.63 25.66 25.38 25.20 25.36 25.56 26.03 24.98 25.88 25.11 25.23 25.42 25.58 25.02 26.15 26.32 26.98 26.89 27.05 27.16 27.33 27.48 27.64 27.70 27.95 28.09 28.23 28.29 28.36 28.44 28.53 28.36 28.48 28.51 28.45 28.42 28.46 28.39 27.92 27.98 28.28 27.90 28.01 28.64 28.39
25.59 25.69 25.78 25.91 25.89 25.94 26.11 26.11 26.16 26.21 26.18 26.20 26.27 26.32 26.36 26.31 26.35 26.51 26.42 26.62 26.57 26.51 26.21 26.33 26.25 26.03 26.61 25.90 25.95 26.07 26.36 26.32 25.95 25.50 25.47 25.45 25.50 26.26 25.58 25.59 25.21 24.79 24.88 25.47 26.03 26.06 25.75 25.07 26.64 26.97 27.05 27.32 27.44 27.40 27.59 27.70 27.77 27.76 28.02 28.15 28.32 28.40 28.48 28.51 28.62 28.54 28.55 28.56 28.59 28.57 28.43 28.45 28.29 27.72 28.66 28.19 28.61
25.53 25.58 25.72 25.78 25.87 25.96 26.02 26.01 26.08 26.10 26.15 26.13 26.18 26.30 26.24 26.34 26.43 26.45 26.28 26.05 26.08 26.07 26.29 26.20 26.98 26.55 26.10 25.58 25.95 26.42 26.44 26.34 26.61 25.80 25.68 25.73 25.67 25.56 25.77 25.93 25.30 25.05 24.84 26.20 25.82 26.21 25.84 25.41 26.13 26.58 26.80 27.15 27.30 27.45 27.64 27.63 27.75 27.88 27.96 28.05 28.12 28.30 28.32 28.36 28.51 28.62 28.64 28.61 28.64 28.61 28.41 28.42 28.47 28.50 28.44 28.80 28.58
25.41 25.52 25.65 25.67 25.86 25.82 25.86 25.89 25.84 26.02 25.95 26.13 26.09 26.23 26.24 26.20 26.13 26.22 26.02 25.97 25.96 26.22 26.00 26.85 26.43 26.40 26.18 25.64 26.15 26.60 26.35 26.33 26.64 26.74 25.74 26.05 25.76 25.85 25.83 25.75 25.60 25.34 25.58 25.88 26.38 26.20 25.83 25.91 26.48 26.70 27.02 27.18 27.30 27.54 27.61 27.74 27.72 27.83 27.91 27.99 28.07 28.18 28.27 28.41 28.49 28.57 28.62 28.59 28.67 28.59 28.57 28.42 28.42 27.93 28.56 28.65 28.85
25.41 25.49 25.53 25.70 25.75 25.74 25.71 25.76 25.72 25.81 25.89 26.00 26.09 26.02 26.17 26.11 26.18 26.02 26.16 26.12 26.25 26.63 26.43 26.73 26.65 26.84 26.25 26.11 26.38 26.55 26.36 26.29 26.85 26.57 26.42 26.00 25.75 26.23 25.94 25.97 25.88 25.82 25.89 26.06 26.11 25.93 25.95 26.30 26.63 26.79 26.78 26.49 27.11 27.36 27.52 27.71 27.77 27.80 27.94 27.97 28.09 28.10 28.20 28.34 28.41 28.51 28.56 28.63 28.65 28.68 28.55 28.51 28.53 28.41 28.68 28.65 28.85
25.34 25.37 25.49 25.49 25.64 25.63 25.79 25.83 25.81 25.79 25.90 25.86 25.91 25.99 25.98 26.11 25.79 25.92 26.04 26.33 26.64 26.69 26.68 26.77 26.77 26.46 26.22 26.43 26.85 26.41 26.37 26.62 26.60 26.64 26.49 26.10 26.30 26.44 25.97 26.05 26.25 26.07 26.12 26.00 26.45 26.46 25.83 26.32 26.58 26.86 26.97 27.10 27.07 26.98 27.12 27.47 27.68 27.83 27.89 28.00 28.06 28.10 28.24 28.24 28.35 28.41 28.51 28.54 28.62 28.64 28.48 28.59 28.49 28.51 28.42 28.74 28.80
25.26 25.26 25.30 25.37 25.37 25.53 25.59 25.71 25.61 25.69 25.71 25.79 25.95 25.96 26.04 25.80 26.04 26.04 26.22 26.45 26.48 26.39 26.56 26.40 26.27 26.23 26.38 26.32 26.74 26.45 26.71 26.78 26.61 26.62 26.02 26.14 26.07 26.08 26.14 26.26 26.33 26.36 26.25 26.23 26.19 26.11 26.17 25.86 26.36 26.22 26.91 26.59 27.21 27.31 27.02 27.23 27.67 27.79 27.89 27.93 28.02 28.10 28.16 28.22 28.28 28.33 28.45 28.35 28.39 28.48 28.50 28.37 28.56 28.51 28.49 28.45 28.70
25.10 25.15 25.20 25.27 25.20 25.24 25.38 25.43 25.63 25.65 25.73 25.81 25.83 25.70 25.70 25.82 26.02 26.17 26.22 26.18 26.20 26.23 26.34 26.45 26.52 26.56 26.60 26.57 26.53 26.56 26.62 26.73 26.42 26.32 26.35 25.96 25.99 26.06 26.12 26.23 26.34 26.34 26.27 26.21 26.31 26.33 26.23 26.23 26.29 26.36 26.87 27.09 27.20 27.36 27.36 27.52 27.53 27.71 27.84 27.92 27.93 28.01 28.09 28.20 28.22 28.32 28.39 28.46 28.42 28.49 28.50 28.48 28.51 28.47 28.55 28.55 28.42
25.00 25.03 25.11 25.11 25.17 25.17 25.18 25.38 25.34 25.41 25.54 25.61 25.70 25.82 25.71 25.95 26.01 26.10 26.12 26.17 26.15 26.07 26.24 26.23 26.22 26.36 26.42 26.50 26.51 26.50 26.11 26.44 26.15 26.37 25.91 25.90 26.02 26.05 26.11 26.18 26.30 26.33 26.27 26.29 26.28 26.47 26.44 26.43 26.35 26.61 26.90 27.07 26.85 26.74 27.02 26.99 27.04 27.43 27.64 27.86 27.94 27.98 28.03 28.12 28.20 28.26 28.30 28.36 28.43 28.42 28.46 28.43 28.40 28.42 28.55 28.56 28.47
24.89 24.93 24.96 24.98 25.07 25.12 25.12 25.19 25.28 25.26 25.29 25.33 25.49 25.65 25.73 25.84 25.80 25.88 25.94 26.08 26.11 26.16 26.08 26.17 26.23 26.20 26.12 26.22 26.28 26.41 26.41 26.38 25.92 26.05 25.80 25.93 25.98 26.08 26.09 26.19 26.34 26.28 26.28 26.26 26.33 26.46 26.51 26.54 26.53 26.72 26.88 26.81 26.83 26.49 26.37 26.52 27.16 27.15 27.61 27.80 27.92 27.97 28.01 28.05 28.07 28.16 28.22 28.27 28.33 28.36 28.37 28.39 28.34 28.26 28.41 28.51 28.58
24.75 24.79 24.85 24.90 24.96 24.99 25.04 24.98 25.12 25.22 25.22 25.25 25.26 25.48 25.49 25.61 25.75 25.76 25.76 25.90 26.00 26.01 26.03 26.06 26.14 26.08 26.11 26.05 25.96 26.09 26.21 25.98 25.88 26.02 25.98 25.90 25.95 26.05 26.06 26.17 26.27 26.36 26.31 26.27 26.39 26.51 26.51 26.55 26.56 26.71 26.48 26.28 26.37 26.68 26.73 26.76 27.05 27.42 27.55 27.71 27.85 27.93 28.02 28.04 28.11 28.12 28.18 28.22 28.25 28.27 28.35 28.40 28.22 28.27 28.27 28.36 28.52
24.60 24.67 24.69 24.71 24.77 24.81 24.89 24.92 24.96 24.94 25.12 25.15 25.13 25.24 25.33 25.35 25.54 25.65 25.64 25.67 25.80 25.93 26.01 26.06 26.04 26.03 25.96 25.87 25.39 25.80 25.89 25.45 25.77 25.68 25.69 25.89 25.88 25.98 26.03 26.13 26.21 26.30 26.25 26.32 26.42 26.50 26.52 26.62 26.55 26.48 26.08 25.81 26.32 26.86 27.04 27.13 26.91 27.34 27.62 27.71 27.84 27.95 27.99 28.02 28.08 28.14 28.19 28.24 28.22 28.29 28.35 28.35 28.26 28.21 28.21 28.36 28.41
24.45 24.54 24.60 24.65 24.70 24.70 24.72 24.80 24.78 24.79 24.94 25.01 24.99 25.06 25.12 25.16 25.36 25.38 25.52 25.50 25.59 25.78 25.83 25.82 25.98 25.95 25.89 25.95 25.97 25.95 25.84 25.90 25.84 25.75 25.79 25.83 25.84 25.92 25.98 26.10 26.18 26.33 26.28 26.36 26.42 26.46 26.53 26.62 26.69 26.42 26.14 26.11 26.41 26.89 27.04 27.18 27.09 27.32 27.55 27.72 27.82 27.89 27.96 28.02 28.04 28.10 28.16 28.19 28.21 28.24 28.28 28.29 28.33 28.31 28.35 28.36 28.33
24.22 24.34 24.45 24.46 24.54 24.55 24.57 24.61 24.60 24.59 24.72 24.86 24.88 24.87 24.97 25.05 25.15 25.25 25.35 25.35 25.43 25.60 25.59 25.64 25.75 25.80 25.87 25.86 25.88 25.85 25.84 25.57 25.24 25.55 25.62 25.75 25.81 25.85 25.94 26.02 26.13 26.25 26.34 26.38 26.38 26.44 26.51 26.60 26.63 26.36 26.13 25.99 26.02 26.39 27.03 27.21 27.26 27.33 27.58 27.69 27.75 27.84 27.91 27.98 28.02 28.06 28.02 28.06 28.11 28.07 28.09 28.17 28.17 28.17 28.24 28.20 28.14
24.04 24.10 24.28 24.33 24.33 24.40 24.47 24.48 24.46 24.42 24.53 24.69 24.68 24.75 24.77 24.88 24.98 25.07 25.21 25.22 25.35 25.43 25.50 25.54 25.56 25.69 25.73 25.79 25.64 25.77 25.67 25.36 25.14 25.37 25.59 25.71 25.77 25.78 25.90 26.00 26.11 26.17 26.32 26.35 26.36 26.39 26.46 26.56 26.59 26.46 26.36 26.25 26.12 26.60 26.89 27.18 27.33 27.42 27.45 27.45 27.58 27.68 27.84 27.90 27.95 27.93 27.92 28.07 28.04 27.91 27.87 28.00 27.95 28.14 28.11 28.05 27.97
23.97 23.98 24.11 24.21 24.23 24.23 24.29 24.30 24.30 24.27 24.38 24.50 24.58 24.56 24.66 24.66 24.74 24.84 24.99 25.01 25.12 25.19 25.23 25.34 25.44 25.46 25.49 25.57 25.63 25.61 25.57 25.41 25.39 25.26 25.37 25.54 25.72 25.76 25.84 25.96 26.07 26.13 26.26 26.33 26.34 26.41 26.47 26.54 26.62 26.75 26.59 26.50 26.39 26.66 27.01 27.17 27.25 27.00 27.07 27.02 27.33 27.55 27.68 27.79 27.85 27.85 27.89 27.99 27.93 27.71 27.65 27.81 27.90 28.06 27.90 27.94 27.68
23.88 23.86 23.98 24.05 24.02 24.10 24.14 24.14 24.12 24.12 24.14 24.31 24.38 24.43 24.44 24.45 24.52 24.60 24.78 24.74 24.99 25.08 25.09 25.25 25.22 25.33 25.34 25.42 25.48 25.46 25.58 25.63 25.70 25.59 25.28 25.52 25.68 25.73 25.82 25.92 26.03 26.09 26.21 26.31 26.32 26.37 26.46 26.54 26.61 26.55 26.48 26.80 26.64 26.84 26.98 26.89 26.96 27.08 27.08 26.72 27.02 27.31 27.50 27.61 27.73 27.81 27.89 27.91 27.85 27.77 27.63 27.85 27.96 27.95 27.90 27.79 27.54
23.84 23.79 23.87 23.86 23.88 23.86 23.94 23.94 23.94 24.02 24.04 24.08 24.19 24.26 24.33 24.30 24.36 24.44 24.54 24.73 24.74 24.81 24.84 25.02 25.06 25.13 25.24 25.33 25.42 25.40 25.58 25.51 25.58 25.58 25.54 25.43 25.61 25.68 25.78 25.89 25.98 26.08 26.17 26.26 26.30 26.38 26.36 26.52 26.59 26.61 26.43 26.71 26.77 26.78 26.43 26.57 26.50 26.75 27.06 27.05 26.78 26.90 27.26 27.39 27.54 27.62 27.71 27.77 27.79 27.72 27.60 27.69 27.72 27.85 27.77 27.72 27.49
23.82 23.81 23.78 23.82 23.85 23.83 23.85 23.90 23.87 23.96 23.98 23.94 24.10 24.13 24.19 24.17 24.24 24.23 24.44 24.50 24.56 24.62 24.69 24.85 24.95 25.05 25.24 25.27 25.40 25.37 25.43 25.57 25.63 25.58 25.39 25.37 25.54 25.61 25.72 25.81 25.94 26.02 26.12 26.22 26.24 26.33 26.40 26.47 26.57 26.60 26.41 26.32 26.37 26.62 26.24 25.96 26.03 26.57 26.88 27.07 27.01 26.68 26.87 27.12 27.33 27.44 27.55 27.64 27.68 27.69 27.57 27.56 27.68 27.74 27.73 27.62 27.41
23.75 23.73 23.65 23.63 23.76 23.72 23.69 23.73 23.73 23.84 23.94 24.01 24.09 24.12 24.13 24.13 24.02 24.08 24.27 24.26 24.43 24.57 24.72 24.80 24.92 25.02 25.16 25.20 25.27 25.30 25.47 25.45 25.43 25.31 25.14 25.36 25.49 25.58 25.68 25.76 25.86 25.95 26.05 26.16 26.21 26.23 26.40 26.45 26.52 26.58 26.43 26.25 26.26 26.07 26.29 26.32 26.00 26.44 26.67 26.98 27.02 26.83 26.41 26.67 27.12 27.24 27.40 27.48 27.53 27.49 27.49 27.42 27.55 27.46 27.59 27.53 27.31
23.65 23.59 23.56 23.61 23.56 23.52 23.57 23.67 23.77 23.81 23.89 23.98 24.01 23.97 24.03 23.94 23.92 23.98 24.06 24.29 24.38 24.53 24.68 24.75 24.84 24.99 25.03 25.16 25.23 25.32 25.37 25.29 25.36 25.36 25.39 25.32 25.41 25.53 25.58 25.71 25.81 25.89 25.98 25.96 26.16 26.25 26.34 26.38 26.48 26.51 26.37 26.34 26.22 26.20 26.11 25.90 25.97 26.15 26.37 26.81 27.03 26.95 26.70 26.32 26.23 26.95 27.21 27.14 27.29 27.35 27.30 27.25 27.34 27.23 27.43 27.36 27.25
23.50 23.52 23.52 23.48 23.44 23.47 23.52 23.65 23.73 23.78 23.87 23.91 23.90 23.94 23.95 23.91 23.78 23.98 24.01 24.17 24.32 24.45 24.60 24.64 24.81 24.92 24.97 25.13 25.15 25.15 25.17 25.14 25.28 25.23 25.13 25.24 25.31 25.49 25.50 25.62 25.74 25.80 25.89 25.95 26.08 26.18 26.28 26.34 26.41 26.51 26.49 26.35 26.20 26.16 25.97 25.87 25.60 26.08 26.48 26.74 26.94 27.00 26.89 26.74 26.51 26.38 26.99 26.64 26.90 27.15 27.19 27.16 27.31 27.24 27.27 27.16 26.97
23.33 23.35 23.33 23.37 23.39 23.44 23.53 23.65 23.69 23.75 23.76 23.79 23.80 23.84 23.78 23.72 23.74 23.87 23.98 24.12 24.25 24.39 24.44 24.61 24.67 24.82 24.91 24.95 25.01 25.08 25.10 25.06 25.23 25.04 25.06 25.20 25.25 25.43 25.41 25.51 25.64 25.75 25.70 25.87 26.02 26.09 26.19 26.31 26.37 26.45 26.54 26.48 26.25 26.18 25.96 25.74 25.71 26.21 26.42 26.72 26.87 26.90 26.86 26.83 26.68 26.38 26.45 26.51 26.68 26.86 27.05 27.34 27.41 27.36 27.35 26.91 26.07
23.17 23.13 23.20 23.29 23.41 23.45 23.51 23.51 23.50 23.48 23.55 23.59 23.62 23.61 23.64 23.64 23.61 23.81 23.97 24.10 24.16 24.32 24.40 24.53 24.63 24.74 24.82 24.92 24.94 24.99 24.99 25.10 25.09 25.18 24.94 25.05 25.23 25.26 25.33 25.42 25.54 25.66 25.75 25.86 25.96 26.04 26.13 26.25 26.32 26.41 26.48 26.53 26.35 26.21 25.98 25.78 26.13 26.32 26.53 26.73 26.81 26.84 26.85 26.78 26.56 26.00 25.79 25.88 26.44 26.76 26.79 27.25 27.35 27.43 27.37 27.27 27.24
22.99 23.06 23.12 23.24 23.36 23.39 23.38 23.38 23.40 23.38 23.39 23.33 23.47 23.56 23.58 23.66 23.59 23.52 23.73 23.90 24.05 24.09 24.20 24.29 24.41 24.58 24.74 24.82 24.85 24.88 24.97 25.06 25.08 25.05 24.89 24.97 25.20 25.14 25.24 25.33 25.43 25.53 25.62 25.77 25.87 25.99 26.08 26.15 26.24 26.32 26.41 26.48 26.43 26.28 26.05 26.09 26.38 26.46 26.45 26.64 26.70 26.74 26.77 26.71 26.55 26.21 25.44 25.49 25.80 26.60 26.86 27.06 27.21 27.33 27.40 27.47 27.40
22.94 23.08 23.14 23.17 23.20 23.18 23.20 23.30 23.35 23.34 23.33 23.31 23.41 23.59 23.60 23.56 23.57 23.43 23.54 23.67 23.79 23.98 24.09 24.30 24.38 24.46 24.55 24.72 24.77 24.83 24.93 24.97 24.96 24.89 24.82 24.88 25.10 25.15 25.17 25.23 25.34 25.44 25.54 25.66 25.77 25.88 25.98 26.07 26.15 26.22 26.32 26.39 26.41 26.27 26.03 26.36 25.95 26.11 26.03 26.28 26.48 26.63 26.68 26.65 26.46 26.19 25.96 26.21 26.18 26.60 26.41 26.95 26.91 27.27 27.36 27.41 27.45
22.91 22.99 22.98 22.96 22.98 22.96 23.01 23.07 23.12 23.16 23.17 23.21 23.43 23.50 23.50 23.46 23.35 23.54 23.39 23.60 23.76 23.84 23.97 24.09 24.21 24.36 24.49 24.54 24.70 24.75 24.79 24.78 24.72 24.73 24.82 24.83 25.02 25.02 25.09 25.13 25.24 25.31 25.42 25.53 25.64 25.74 25.85 25.94 26.04 26.14 26.22 26.29 26.31 26.27 26.25 26.04 25.76 25.70 25.64 25.83 26.06 26.39 26.58 26.56 26.41 26.11 25.67 26.01 26.40 26.61 26.53 26.66 26.80 27.16 27.32 27.40 27.43
22.83 22.82 22.81 22.82 22.92 22.98 22.99 22.98 22.95 22.95 23.13 23.11 23.38 23.35 23.36 23.48 23.48 23.46 23.35 23.33 23.47 23.46 23.71 23.84 23.99 24.16 24.30 24.48 24.55 24.67 24.67 24.69 24.56 24.59 24.71 24.74 24.87 24.98 24.97 25.11 25.13 25.20 25.31 25.42 25.52 25.61 25.71 25.82 25.95 26.02 26.10 26.05 26.10 26.17 25.99 25.75 25.59 25.83 25.52 25.56 25.69 26.14 26.36 26.40 26.25 25.77 25.38 26.00 26.37 26.60 26.64 26.81 26.43 26.98 27.21 27.21 27.37
22.70 22.63 22.75 22.85 22.88 22.89 22.84 22.85 22.86 22.93 23.10 23.09 23.30 23.28 23.29 23.30 23.22 23.20 23.04 23.24 23.28 23.34 23.60 23.67 23.86 24.03 24.19 24.28 24.45 24.56 24.48 24.55 24.53 24.55 24.67 24.73 24.78 24.90 24.89 25.02 25.03 25.12 25.20 25.31 25.42 25.51 25.59 25.72 25.83 25.94 25.88 26.04 26.00 26.02 25.94 25.76 25.77 25.78 25.54 25.38 25.52 25.89 26.16 26.25 26.15 25.93 25.69 25.80 26.22 26.61 26.75 26.86 26.99 27.09 27.16 27.23 27.34
22.48 22.61 22.73 22.74 22.77 22.78 22.78 22.72 22.68 22.77 23.01 23.06 23.20 23.18 23.16 23.12 23.03 23.10 23.08 23.23 23.32 23.42 23.55 23.66 23.85 23.95 24.03 24.24 24.28 24.45 24.47 24.46 24.49 24.56 24.63 24.60 24.61 24.82 24.89 24.84 24.92 25.01 25.09 25.18 25.30 25.39 25.50 25.60 25.74 25.76 25.85 25.89 25.91 25.88 25.75 25.53 25.35 25.64 25.40 25.09 25.35 25.43 25.96 26.18 26.13 26.16 26.05 25.75 26.27 26.58 26.76 26.86 26.93 27.07 27.13 27.23 27.28
