main/data/temperature/06.07.2023.grid
ncols 886
nrows 691
xllcenter 112.0000
yllcenter -44.5000
cellsize 0.0500
nodata_value 99999.90
[rows 510 to 543 of 691, columns 462 to 538 of 886]
15.22 15.36 15.52 15.65 15.71 15.73 15.73 15.72 15.71 15.70 15.69 15.67 15.65 15.61 15.58 15.53 15.49 15.44 15.38 15.32 15.26 15.19 15.12 15.04 14.96 14.89 14.81 14.72 14.64 14.56 14.49 14.42 14.34 14.28 14.21 14.16 14.10 14.05 14.01 13.98 13.95 13.92 13.90 13.88 13.88 13.87 13.87 13.88 13.87 13.88 13.88 13.88 13.86 13.84 13.82 13.80 13.76 13.74 13.71 13.69 13.67 13.66 13.64 13.21 12.52 12.84 12.50 12.60 13.03 13.34 13.05 12.01 13.53 13.72 13.87 13.79 13.78
15.09 15.23 15.38 15.53 15.67 15.73 15.74 15.74 15.73 15.71 15.69 15.67 15.64 15.60 15.56 15.53 15.48 15.42 15.37 15.30 15.24 15.17 15.09 15.02 14.94 14.87 14.79 14.70 14.62 14.54 14.46 14.38 14.32 14.25 14.19 14.13 14.07 14.02 13.98 13.94 13.90 13.88 13.86 13.85 13.83 13.83 13.83 13.84 13.83 13.84 13.85 13.84 13.83 13.81 13.78 13.75 13.73 13.70 13.68 13.65 13.63 12.77 12.64 11.97 11.27 11.46 11.18 12.05 12.54 12.82 13.63 13.81 13.82 13.83 13.84 13.85 13.79
14.97 15.10 15.23 15.38 15.54 15.68 15.74 15.74 15.73 15.71 15.68 15.66 15.62 15.59 15.55 15.50 15.45 15.40 15.35 15.28 15.22 15.15 15.07 14.99 14.92 14.84 14.76 14.68 14.60 14.52 14.44 14.36 14.30 14.23 14.17 14.11 14.04 13.99 13.95 13.90 13.87 13.85 13.81 13.80 12.95 12.31 12.77 13.63 13.45 13.53 13.81 13.81 13.80 13.77 13.75 13.72 13.69 13.67 13.63 13.61 13.20 11.38 11.05 11.68 11.45 11.59 11.80 12.53 13.03 12.83 13.75 13.77 13.78 13.78 13.79 13.81 13.81
14.87 14.98 15.11 15.24 15.40 15.56 15.70 15.74 15.73 15.70 15.68 15.64 15.61 15.57 15.54 15.49 15.43 15.37 15.31 15.26 15.19 15.12 15.05 14.97 14.89 14.82 14.74 14.66 14.57 14.49 14.41 14.35 14.27 14.21 14.14 14.08 14.02 13.97 13.92 13.87 13.84 13.27 12.99 12.20 11.76 12.25 12.95 13.33 13.40 13.70 13.49 13.78 13.76 13.74 13.70 13.68 13.65 13.62 13.59 13.57 13.55 12.91 11.97 13.26 13.55 13.57 13.58 13.61 13.63 13.67 13.70 13.72 13.72 13.73 13.74 13.75 13.75
14.77 14.87 14.99 15.11 15.25 15.40 15.57 15.69 15.71 15.69 15.66 15.63 15.59 15.55 15.50 15.46 15.41 15.35 15.29 15.23 15.16 15.09 15.02 14.95 14.87 14.79 14.71 14.63 14.55 14.48 14.40 14.32 14.25 14.18 14.11 13.49 12.70 13.13 12.54 12.77 13.40 12.56 12.62 12.53 12.67 13.13 12.86 13.43 13.59 13.64 13.74 13.74 13.72 13.69 13.66 13.63 13.61 13.58 13.55 13.53 13.51 13.49 13.49 13.50 13.52 13.54 13.55 13.58 13.61 13.62 13.65 13.67 13.68 13.69 13.69 13.70 13.70
14.67 14.76 14.87 14.98 15.10 15.24 15.39 15.55 15.66 15.68 15.64 15.61 15.57 15.53 15.48 15.43 15.38 15.32 15.27 15.20 15.13 15.06 15.00 14.92 14.84 14.77 14.69 14.61 14.53 14.45 13.78 13.47 12.98 13.04 13.05 12.73 11.88 12.41 12.11 12.33 12.28 12.20 12.43 12.86 12.13 13.06 13.15 13.25 13.48 13.49 13.57 13.32 13.35 12.89 13.59 13.59 12.82 12.43 12.30 12.69 13.47 13.46 13.46 13.47 13.48 13.50 13.52 13.54 13.57 13.58 13.61 13.62 13.63 13.64 13.65 13.65 13.65
14.59 14.67 14.76 14.86 14.97 15.10 15.24 15.38 15.52 15.61 15.62 15.58 15.54 15.49 15.45 15.40 15.35 15.29 15.23 15.17 15.10 15.04 14.96 14.89 14.82 14.74 14.67 14.59 14.51 14.43 14.21 13.39 12.52 12.04 11.96 11.89 11.93 11.89 11.79 11.86 11.99 12.15 12.34 12.37 12.55 12.45 12.80 13.01 13.26 13.33 13.35 13.34 13.24 13.60 13.54 13.52 12.82 12.71 12.62 13.04 13.43 13.42 13.42 13.44 13.45 13.47 13.50 13.51 13.53 13.55 13.56 13.58 13.59 13.59 13.60 13.61 13.61
14.51 14.58 14.66 14.75 14.85 14.96 15.09 15.21 15.35 15.48 15.56 15.55 15.51 15.46 15.42 15.36 15.32 15.25 15.20 15.13 15.08 15.00 14.94 14.87 14.79 14.72 14.64 14.57 14.50 14.42 13.42 12.66 12.64 12.46 12.82 12.21 12.54 12.23 12.32 12.32 12.35 12.13 12.42 12.64 12.75 12.65 12.94 13.27 13.42 13.46 13.47 13.35 13.37 13.45 13.30 12.83 12.96 12.55 12.61 12.71 12.77 13.39 13.40 13.41 13.43 13.45 13.47 13.49 13.50 13.52 13.54 13.54 13.55 13.56 13.56 13.56 13.57
14.45 14.51 14.57 14.65 14.74 14.84 14.93 15.05 15.18 15.31 15.42 15.49 15.48 15.43 15.39 15.33 15.28 15.22 15.17 15.10 15.04 14.97 14.91 14.84 14.77 14.70 14.62 14.55 14.48 14.35 13.81 13.50 13.23 13.09 13.20 12.83 12.96 12.84 12.97 12.95 12.88 12.91 12.88 13.28 13.23 13.39 13.35 13.40 13.35 13.32 13.45 13.53 13.52 13.51 13.50 13.49 13.47 13.44 13.43 13.23 13.38 13.38 13.39 13.40 13.42 13.43 13.44 13.46 13.48 13.48 13.50 13.51 13.51 13.52 13.53 13.52 13.53
14.39 14.44 14.49 14.56 14.63 14.71 14.80 14.90 15.01 15.12 15.24 15.36 15.42 15.39 15.35 15.29 15.24 15.19 15.13 15.07 15.00 14.94 14.88 14.81 14.74 14.68 14.61 14.53 14.46 14.40 14.09 13.76 13.70 13.50 13.44 13.50 13.51 13.56 13.50 13.23 12.99 13.12 13.46 13.40 13.26 13.29 13.33 13.24 13.21 13.26 13.48 13.49 13.48 13.48 13.47 13.45 13.44 13.43 13.40 13.39 13.38 13.37 13.38 13.39 13.40 13.41 13.43 13.44 13.45 13.46 13.48 13.48 13.49 13.49 13.49 13.50 13.49
14.33 14.37 14.41 14.47 14.53 14.60 14.68 14.77 14.86 14.96 15.06 15.17 15.28 15.32 15.31 15.25 15.21 15.15 15.09 15.03 14.98 14.91 14.85 14.78 14.72 14.64 14.58 14.51 14.44 14.38 14.32 14.24 13.10 13.24 13.66 13.82 13.53 13.48 13.43 13.50 13.23 13.28 13.55 13.52 13.49 13.47 13.19 13.17 13.20 13.11 13.05 13.45 13.45 13.45 13.44 13.42 13.41 13.40 13.39 13.38 13.37 13.37 13.38 13.38 13.38 13.40 13.41 13.42 13.43 13.43 13.45 13.46 13.45 13.46 13.46 13.46 13.45
14.28 14.30 14.34 14.39 14.45 14.51 14.57 14.65 14.72 14.80 14.90 14.99 15.08 15.18 15.24 15.21 15.17 15.12 15.05 15.00 14.94 14.88 14.81 14.75 14.68 14.62 14.55 14.49 14.42 14.36 14.30 14.24 14.16 14.09 14.02 13.93 13.86 13.79 13.72 13.66 13.61 13.56 13.52 13.49 13.47 13.45 13.43 12.94 13.04 13.42 13.42 13.42 13.41 13.42 13.41 13.41 13.40 13.39 13.38 13.37 13.37 13.37 13.37 13.38 13.38 13.39 13.40 13.41 13.41 13.42 13.43 13.43 13.43 13.43 13.44 13.43 13.43
14.22 14.25 14.29 14.32 14.37 14.42 14.47 14.54 14.59 14.67 14.75 14.83 14.90 14.99 15.07 15.12 15.11 15.07 15.02 14.96 14.90 14.84 14.78 14.72 14.66 14.60 14.53 14.47 14.40 14.33 14.28 14.22 14.14 14.06 13.99 13.91 13.83 13.77 13.70 13.64 13.58 13.54 13.50 13.47 13.44 13.42 13.41 13.39 13.39 13.39 13.39 13.39 13.38 13.39 13.39 13.38 13.38 13.38 13.38 13.37 13.37 13.37 13.36 13.37 13.37 13.38 13.38 13.39 13.40 13.40 13.40 13.41 13.40 13.41 13.41 13.41 13.40
14.18 14.21 14.23 14.26 14.30 14.34 14.39 14.44 14.48 14.54 14.61 14.68 14.74 14.81 14.89 14.96 15.00 15.01 14.98 14.93 14.86 14.81 14.75 14.69 14.63 14.56 14.50 14.43 14.37 14.30 14.25 14.17 14.11 14.03 13.96 13.88 13.80 13.74 13.68 13.61 13.56 13.52 13.47 13.45 13.42 13.40 13.38 13.37 13.36 13.36 13.36 13.36 13.37 13.36 13.36 13.37 13.36 13.36 13.36 13.36 13.36 13.36 13.37 13.36 13.37 13.37 13.38 13.38 13.38 13.38 13.39 13.38 13.39 13.38 13.39 13.38 13.38
14.15 14.16 14.18 14.21 14.24 14.27 14.31 14.34 14.38 14.43 14.49 14.54 14.59 14.66 14.72 14.78 14.83 14.88 14.91 14.88 14.84 14.77 14.71 14.65 14.59 14.53 14.47 14.40 14.34 14.27 14.21 14.14 14.07 14.00 13.93 13.85 13.77 13.71 13.65 13.59 13.53 13.49 13.45 13.42 13.39 13.36 13.36 13.34 13.33 13.34 13.33 13.34 13.34 13.35 13.35 13.35 13.35 13.35 13.35 13.35 13.36 13.36 13.36 13.36 13.36 13.36 13.36 13.36 13.37 13.37 13.37 13.37 13.36 13.37 13.36 13.36 13.36
14.12 14.13 14.14 14.16 14.18 14.21 14.24 14.26 14.30 14.34 14.38 14.43 14.46 14.52 14.57 14.62 14.66 14.71 14.75 14.77 14.77 14.74 14.68 14.62 14.56 14.49 14.43 14.37 14.30 14.24 14.18 14.10 14.03 13.96 13.89 13.81 13.74 13.68 13.62 13.56 13.51 13.46 13.42 13.39 13.37 13.34 13.33 13.31 13.31 13.31 13.31 13.31 13.32 13.32 13.33 13.33 13.33 13.34 13.34 13.34 13.35 13.35 13.35 13.35 13.35 13.36 13.36 13.36 13.36 13.35 13.36 13.36 13.35 13.35 13.35 13.35 13.34
14.09 14.09 14.11 14.12 14.13 14.15 14.18 14.19 14.22 14.25 14.28 14.32 14.35 14.39 14.43 14.48 14.51 14.55 14.58 14.61 14.64 14.65 14.62 14.57 14.52 14.46 14.40 14.34 14.27 14.21 14.14 14.06 13.99 13.92 13.86 13.78 13.71 13.65 13.59 13.53 13.48 13.44 13.40 13.36 13.34 13.31 13.30 13.29 13.28 13.29 13.29 13.29 13.29 13.30 13.30 13.31 13.32 13.33 13.33 13.34 13.34 13.34 13.34 13.34 13.35 13.34 13.34 13.34 13.34 13.34 13.35 13.35 13.34 13.34 13.34 13.34 13.34
14.06 14.06 14.07 14.08 14.09 14.11 14.12 14.13 14.15 14.18 14.20 14.23 14.25 14.28 14.32 14.35 14.38 14.40 14.43 14.46 14.48 14.50 14.49 14.49 14.47 14.42 14.36 14.30 14.23 14.17 14.10 14.03 13.96 13.89 13.82 13.75 13.68 13.62 13.56 13.50 13.45 13.41 13.37 13.33 13.31 13.29 13.28 13.26 13.27 13.26 13.27 13.27 13.28 13.29 13.29 13.30 13.31 13.31 13.32 13.33 13.33 13.33 13.33 13.33 13.34 13.34 13.34 13.34 13.34 13.34 13.34 13.34 13.34 13.34 13.34 13.34 13.33
14.04 14.04 14.04 14.05 14.05 14.06 14.06 14.08 14.09 14.11 14.13 14.15 14.17 14.19 14.22 14.24 14.27 14.28 14.30 14.32 14.34 14.35 14.35 14.35 14.35 14.33 14.30 14.25 14.19 14.12 14.06 13.99 13.92 13.85 13.79 13.71 13.64 13.59 13.53 13.47 13.42 13.38 13.34 13.31 13.29 13.26 13.26 13.25 13.24 13.24 13.24 13.25 13.26 13.26 13.27 13.28 13.29 13.30 13.30 13.32 13.32 13.32 13.33 13.33 13.34 13.33 13.34 13.33 13.33 13.33 13.34 13.34 13.34 13.34 13.34 13.34 13.34
14.01 14.01 14.01 14.02 14.02 14.03 14.03 14.03 14.04 14.05 14.07 14.08 14.09 14.11 14.13 14.15 14.17 14.17 14.19 14.21 14.22 14.22 14.22 14.22 14.22 14.20 14.18 14.15 14.12 14.07 14.01 13.95 13.89 13.81 13.74 13.68 13.61 13.55 13.50 13.44 13.39 13.36 13.32 13.28 13.26 13.25 13.23 13.22 13.22 13.21 13.22 13.23 13.23 13.25 13.26 13.27 13.28 13.29 13.29 13.31 13.31 13.31 13.32 13.32 13.32 13.33 13.33 13.33 13.34 13.33 13.33 13.34 13.34 13.35 13.35 13.36 13.36
13.99 13.99 13.99 13.99 13.99 13.99 13.99 13.99 14.00 14.01 14.01 14.03 14.03 14.04 14.05 14.07 14.08 14.08 14.09 14.10 14.11 14.12 14.11 14.11 14.10 14.08 14.07 14.04 14.01 13.98 13.93 13.88 13.82 13.77 13.71 13.64 13.58 13.52 13.47 13.41 13.36 13.33 13.29 13.25 13.24 13.22 13.21 13.20 13.20 13.20 13.20 13.21 13.22 13.23 13.24 13.26 13.27 13.27 13.28 13.30 13.30 13.31 13.31 13.32 13.32 13.33 13.33 13.34 13.33 13.34 13.35 13.35 13.35 13.36 13.37 13.38 13.39
13.97 13.97 13.97 13.96 13.96 13.96 13.96 13.96 13.96 13.96 13.97 13.97 13.97 13.98 13.99 14.00 13.99 14.00 14.01 14.02 14.02 14.01 14.01 14.01 13.99 13.98 13.97 13.94 13.92 13.88 13.84 13.81 13.76 13.71 13.65 13.60 13.54 13.48 13.44 13.38 13.33 13.30 13.26 13.24 13.21 13.20 13.18 13.18 13.17 13.18 13.18 13.19 13.20 13.21 13.23 13.24 13.25 13.26 13.26 13.28 13.29 13.29 13.30 13.31 13.31 13.31 13.32 13.33 13.34 13.34 13.36 13.37 13.38 13.39 13.40 13.41 13.42
13.96 13.95 13.94 13.94 13.94 13.94 13.93 13.92 13.92 13.92 13.93 13.93 13.92 13.93 13.93 13.94 13.94 13.93 13.94 13.94 13.94 13.93 13.93 13.93 13.91 13.90 13.88 13.86 13.83 13.81 13.77 13.73 13.69 13.64 13.60 13.55 13.50 13.46 13.41 13.36 13.32 13.29 13.25 13.22 13.20 13.18 13.16 13.16 13.16 13.15 13.15 13.16 13.17 13.17 13.19 13.20 13.21 13.22 13.22 13.23 13.25 13.24 13.25 13.26 13.26 13.27 13.29 13.30 13.31 13.34 13.37 13.38 13.40 13.42 13.42 13.43 13.44
13.95 13.93 13.92 13.92 13.91 13.91 13.91 13.89 13.89 13.89 13.89 13.89 13.88 13.88 13.88 13.88 13.88 13.88 13.88 13.88 13.87 13.86 13.86 13.84 13.84 13.83 13.80 13.79 13.76 13.73 13.71 13.67 13.63 13.60 13.56 13.52 13.47 13.43 13.38 13.34 13.31 13.27 13.24 13.21 13.19 13.17 13.16 13.14 13.13 13.13 13.13 13.12 13.13 13.13 13.14 13.14 13.15 13.15 13.15 13.16 13.16 13.17 13.17 13.18 13.19 13.20 13.21 13.23 13.26 13.29 13.33 13.38 13.42 13.45 13.46 13.46 13.47
13.93 13.91 13.90 13.90 13.89 13.89 13.88 13.87 13.86 13.86 13.86 13.85 13.84 13.84 13.84 13.84 13.83 13.83 13.82 13.82 13.81 13.80 13.80 13.78 13.77 13.75 13.74 13.72 13.70 13.67 13.64 13.62 13.59 13.55 13.52 13.47 13.43 13.40 13.37 13.32 13.29 13.26 13.23 13.21 13.18 13.16 13.14 13.13 13.12 13.11 13.10 13.09 13.09 13.09 13.09 13.09 13.10 13.09 13.09 13.10 13.09 13.10 13.10 13.11 13.12 13.13 13.14 13.16 13.20 13.23 13.29 13.34 13.42 13.46 13.48 13.49 13.49
13.91 13.89 13.88 13.88 13.87 13.86 13.86 13.84 13.84 13.83 13.83 13.82 13.81 13.80 13.80 13.80 13.78 13.78 13.78 13.77 13.76 13.75 13.74 13.73 13.72 13.70 13.69 13.66 13.64 13.62 13.59 13.56 13.53 13.50 13.47 13.44 13.40 13.37 13.33 13.30 13.27 13.24 13.21 13.19 13.16 13.14 13.13 13.11 13.09 13.08 13.07 13.06 13.06 13.05 13.05 13.04 13.04 13.04 13.03 13.03 13.03 13.03 13.04 13.04 13.05 13.07 13.08 13.11 13.14 13.20 13.25 13.32 13.40 13.48 13.50 13.50 13.49
13.89 13.88 13.88 13.86 13.85 13.84 13.84 13.82 13.81 13.81 13.80 13.79 13.78 13.77 13.77 13.76 13.75 13.74 13.74 13.72 13.71 13.71 13.69 13.68 13.66 13.65 13.63 13.62 13.59 13.57 13.55 13.52 13.49 13.46 13.43 13.40 13.37 13.35 13.31 13.28 13.25 13.23 13.20 13.17 13.15 13.13 13.10 13.09 13.07 13.06 13.05 13.04 13.03 13.02 13.01 13.00 12.99 12.99 12.98 12.98 12.97 12.97 12.98 12.98 13.00 13.01 13.03 13.06 13.10 13.15 13.22 13.30 13.39 13.49 13.51 13.51 13.51
13.87 13.87 13.86 13.84 13.83 13.82 13.81 13.81 13.79 13.78 13.77 13.77 13.75 13.74 13.74 13.73 13.71 13.71 13.70 13.68 13.67 13.67 13.65 13.64 13.62 13.61 13.59 13.57 13.55 13.52 13.51 13.48 13.46 13.43 13.40 13.37 13.35 13.32 13.29 13.25 13.23 13.20 13.18 13.15 13.13 13.11 13.09 13.07 13.05 13.04 13.01 13.00 12.99 12.98 12.97 12.96 12.94 12.94 12.93 12.93 12.92 12.92 12.93 12.92 12.94 12.95 12.98 13.01 13.07 13.13 13.19 13.29 13.39 13.49 13.51 13.50 13.50
13.86 13.85 13.84 13.82 13.81 13.80 13.79 13.78 13.77 13.76 13.75 13.74 13.72 13.71 13.71 13.70 13.68 13.67 13.66 13.65 13.64 13.62 13.61 13.60 13.58 13.57 13.55 13.53 13.51 13.49 13.46 13.45 13.42 13.40 13.37 13.34 13.32 13.29 13.26 13.24 13.20 13.18 13.16 13.13 13.11 13.09 13.06 13.04 13.02 13.00 12.99 12.97 12.95 12.94 12.93 12.92 12.90 12.89 12.89 12.88 12.87 12.87 12.88 12.88 12.89 12.91 12.94 12.98 13.03 13.10 13.18 13.27 13.38 13.49 13.50 13.50 13.49
13.84 13.83 13.82 13.80 13.79 13.78 13.77 13.76 13.74 13.73 13.72 13.72 13.70 13.69 13.68 13.67 13.65 13.64 13.63 13.61 13.60 13.59 13.58 13.56 13.54 13.53 13.51 13.49 13.48 13.45 13.43 13.41 13.39 13.36 13.34 13.31 13.29 13.26 13.24 13.21 13.19 13.15 13.13 13.11 13.08 13.06 13.04 13.02 13.00 12.98 12.96 12.94 12.93 12.91 12.89 12.88 12.87 12.85 12.85 12.83 12.83 12.83 12.83 12.84 12.85 12.87 12.91 12.95 13.00 13.07 13.15 13.26 13.38 13.48 13.50 13.48 13.48
13.82 13.81 13.80 13.79 13.77 13.76 13.75 13.74 13.72 13.71 13.70 13.69 13.68 13.66 13.65 13.64 13.62 13.61 13.60 13.58 13.57 13.55 13.54 13.53 13.51 13.49 13.48 13.46 13.44 13.42 13.40 13.37 13.36 13.33 13.31 13.28 13.26 13.23 13.21 13.18 13.16 13.14 13.11 13.09 13.06 13.03 13.01 12.99 12.97 12.95 12.93 12.92 12.90 12.88 12.86 12.84 12.83 12.81 12.81 12.79 12.79 12.79 12.79 12.80 12.81 12.84 12.87 12.92 12.97 13.04 13.13 13.23 13.37 13.47 13.48 13.47 13.46
13.80 13.79 13.78 13.77 13.75 13.74 13.73 13.72 13.71 13.69 13.68 13.67 13.65 13.64 13.63 13.62 13.60 13.59 13.58 13.56 13.54 13.52 13.51 13.49 13.48 13.46 13.45 13.42 13.41 13.39 13.36 13.34 13.33 13.30 13.28 13.25 13.23 13.21 13.18 13.16 13.13 13.11 13.08 13.06 13.04 13.01 12.99 12.97 12.95 12.92 12.90 12.88 12.86 12.85 12.83 12.81 12.80 12.78 12.77 12.76 12.76 12.75 12.75 12.76 12.78 12.79 12.84 12.88 12.94 13.02 13.11 13.21 13.34 13.46 13.47 13.45 13.43
13.79 13.77 13.76 13.75 13.74 13.72 13.71 13.70 13.69 13.67 13.66 13.64 13.63 13.61 13.60 13.59 13.57 13.56 13.55 13.53 13.52 13.50 13.48 13.46 13.45 13.43 13.42 13.39 13.38 13.36 13.33 13.31 13.30 13.27 13.25 13.22 13.20 13.18 13.15 13.13 13.10 13.08 13.05 13.03 13.01 12.98 12.96 12.95 12.91 12.90 12.88 12.85 12.83 12.81 12.80 12.78 12.76 12.75 12.73 12.72 12.71 12.71 12.72 12.73 12.74 12.76 12.79 12.84 12.90 12.98 13.07 13.19 13.32 13.43 13.44 13.44 13.42
13.77 13.75 13.74 13.73 13.72 13.71 13.69 13.68 13.66 13.64 13.63 13.62 13.61 13.59 13.58 13.57 13.55 13.53 13.52 13.50 13.49 13.47 13.46 13.43 13.42 13.40 13.39 13.36 13.35 13.33 13.30 13.28 13.27 13.24 13.22 13.19 13.17 13.15 13.12 13.11 13.08 13.06 13.03 13.01 12.99 12.96 12.94 12.91 12.89 12.87 12.85 12.83 12.80 12.78 12.76 12.75 12.73 12.72 12.70 12.69 12.68 12.68 12.68 12.68 12.70 12.73 12.76 12.81 12.87 12.94 13.03 13.15 13.29 13.41 13.42 13.41 13.39
