main/data/temperature/06.07.2023.grid
ncols 886
nrows 691
xllcenter 112.0000
yllcenter -44.5000
cellsize 0.0500
nodata_value 99999.90
[rows 374 to 407 of 691, columns 693 to 769 of 886]
17.71 17.72 17.69 17.67 17.65 17.64 17.52 17.57 17.54 17.54 17.49 17.46 17.43 17.39 17.39 17.35 17.30 17.26 17.24 17.26 17.25 17.28 17.28 17.30 17.30 17.32 17.35 17.38 17.42 17.47 17.51 17.54 17.57 17.62 17.67 17.71 17.76 17.76 17.83 17.80 17.85 17.86 17.86 17.92 17.95 17.97 17.99 17.95 17.81 17.81 17.90 17.94 17.95 17.88 17.81 17.75 17.70 17.62 17.54 17.41 17.31 17.20 17.11 17.04 16.98 16.89 16.83 16.74 16.69 16.66 16.64 16.63 16.61 16.59 16.65 16.69 16.68
17.67 17.66 17.64 17.59 17.61 17.54 17.51 17.54 17.51 17.48 17.44 17.41 17.36 17.34 17.31 17.25 17.23 17.18 17.20 17.19 17.21 17.19 17.19 17.21 17.24 17.24 17.29 17.33 17.36 17.40 17.45 17.48 17.54 17.57 17.61 17.68 17.72 17.73 17.80 17.79 17.83 17.85 17.87 17.91 17.94 17.94 17.92 17.93 17.82 17.81 17.91 17.95 17.92 17.86 17.80 17.71 17.64 17.57 17.47 17.35 17.26 17.15 17.07 17.02 16.94 16.85 16.78 16.70 16.68 16.66 16.63 16.57 16.60 16.59 16.57 16.58 16.55
17.65 17.64 17.63 17.60 17.58 17.51 17.49 17.44 17.44 17.43 17.39 17.37 17.31 17.28 17.24 17.20 17.17 17.15 17.12 17.13 17.14 17.12 17.13 17.15 17.17 17.21 17.22 17.27 17.31 17.33 17.39 17.44 17.49 17.53 17.58 17.63 17.69 17.71 17.75 17.78 17.82 17.84 17.88 17.90 17.89 17.87 17.88 17.82 17.92 17.91 17.95 17.92 17.87 17.80 17.75 17.66 17.58 17.51 17.41 17.31 17.21 17.13 17.04 16.97 16.90 16.80 16.73 16.69 16.64 16.60 16.59 16.55 16.48 16.41 16.42 16.48 16.42
17.62 17.61 17.58 17.55 17.54 17.42 17.44 17.45 17.44 17.40 17.35 17.31 17.26 17.23 17.20 17.14 17.12 17.09 17.06 17.08 17.06 17.06 17.08 17.09 17.11 17.15 17.15 17.20 17.26 17.32 17.16 17.42 17.43 17.48 17.54 17.59 17.66 17.69 17.72 17.75 17.79 17.83 17.86 17.88 17.82 17.89 17.92 17.83 17.89 17.93 17.91 17.87 17.83 17.75 17.69 17.62 17.50 17.45 17.38 17.29 17.18 17.09 17.00 16.93 16.87 16.77 16.70 16.59 16.56 16.52 16.50 16.44 16.39 16.23 16.31 16.37 16.35
17.55 17.58 17.46 17.51 17.50 17.34 17.39 17.40 17.37 17.35 17.30 17.26 17.21 17.17 17.14 17.10 17.05 17.02 16.99 16.99 17.00 17.01 17.01 17.04 17.05 17.07 17.10 17.13 17.21 17.25 17.29 17.31 17.39 17.43 17.48 17.56 17.59 17.65 17.68 17.71 17.74 17.78 17.82 17.76 17.77 17.76 17.93 17.91 17.93 17.86 17.84 17.82 17.78 17.71 17.63 17.55 17.45 17.38 17.33 17.24 17.13 17.05 16.96 16.89 16.83 16.72 16.59 16.45 16.49 16.47 16.44 16.41 16.33 16.28 16.29 16.29 16.23
17.54 17.46 17.49 17.44 17.43 17.29 17.34 17.33 17.32 17.27 17.22 17.17 17.13 17.08 17.05 17.00 16.99 16.93 16.92 16.90 16.91 16.91 16.94 16.95 16.99 17.02 17.06 17.09 17.14 17.21 17.21 17.20 17.33 17.39 17.45 17.50 17.55 17.61 17.63 17.69 17.71 17.75 17.79 17.84 17.81 17.82 17.90 17.91 17.85 17.82 17.76 17.75 17.73 17.66 17.57 17.49 17.42 17.33 17.27 17.17 17.07 17.01 16.91 16.82 16.78 16.68 16.58 16.45 16.45 16.37 16.35 16.33 16.27 16.29 16.17 16.20 16.14
17.51 17.38 17.42 17.42 17.38 17.29 17.22 17.29 17.24 17.22 17.16 17.11 17.06 17.03 16.98 16.94 16.90 16.86 16.87 16.86 16.88 16.89 16.86 16.90 16.93 16.95 16.86 16.85 17.08 17.15 17.14 17.21 17.19 17.35 17.43 17.47 17.51 17.49 17.59 17.63 17.68 17.73 17.74 17.83 17.83 17.86 17.85 17.82 17.79 17.80 17.70 17.69 17.62 17.56 17.50 17.43 17.34 17.26 17.18 17.10 17.02 16.94 16.88 16.78 16.67 16.61 16.52 16.46 16.41 16.33 16.25 16.23 16.11 16.04 16.02 15.79 15.91
17.41 17.41 17.45 17.44 17.36 17.36 17.23 17.26 17.22 17.17 17.12 17.05 17.02 16.96 16.90 16.86 16.83 16.81 16.80 16.80 16.80 16.81 16.82 16.84 16.88 16.80 16.79 16.77 16.95 17.10 17.13 17.18 17.26 17.32 17.39 17.41 17.47 17.50 17.53 17.59 17.64 17.66 17.61 17.71 17.80 17.81 17.79 17.80 17.78 17.71 17.66 17.60 17.55 17.49 17.43 17.35 17.27 17.20 17.11 17.02 16.96 16.86 16.80 16.71 16.64 16.55 16.49 16.41 16.36 16.27 16.20 16.16 16.15 16.01 15.97 15.80 15.58
17.35 17.47 17.45 17.40 17.37 17.34 17.30 17.23 17.15 17.12 17.06 17.00 16.94 16.89 16.84 16.79 16.78 16.75 16.77 16.75 16.74 16.77 16.78 16.80 16.83 16.81 16.84 16.85 16.97 17.02 17.08 17.14 17.20 17.27 17.34 17.38 17.43 17.45 17.49 17.54 17.55 17.60 17.62 17.72 17.73 17.75 17.76 17.70 17.66 17.63 17.58 17.53 17.48 17.42 17.35 17.28 17.21 17.11 17.02 16.95 16.90 16.83 16.74 16.68 16.60 16.55 16.49 16.44 16.38 16.29 16.16 16.06 15.95 15.99 15.83 15.72 15.77
17.48 17.44 17.41 17.37 17.33 17.31 17.21 17.18 17.13 17.08 17.02 16.96 16.89 16.84 16.80 16.76 16.75 16.73 16.70 16.67 16.70 16.71 16.71 16.74 16.78 16.65 16.80 16.87 16.89 16.96 17.02 17.08 17.14 17.21 17.26 17.31 17.37 17.39 17.43 17.48 17.52 17.55 17.60 17.67 17.70 17.68 17.63 17.62 17.60 17.56 17.51 17.46 17.41 17.35 17.26 17.19 17.11 17.03 16.94 16.87 16.81 16.76 16.71 16.65 16.60 16.54 16.51 16.46 16.34 16.30 16.17 16.05 15.89 15.83 15.94 15.50 14.99
17.47 17.43 17.38 17.37 17.34 17.26 17.21 17.14 17.09 17.04 16.96 16.91 16.82 16.79 16.75 16.73 16.71 16.67 16.68 16.65 16.64 16.66 16.66 16.68 16.69 16.66 16.74 16.75 16.84 16.89 16.95 17.02 17.08 17.14 17.18 17.23 17.29 17.34 17.36 17.37 17.47 17.49 17.59 17.61 17.61 17.51 17.55 17.54 17.52 17.48 17.44 17.38 17.32 17.26 17.19 17.10 17.01 16.92 16.85 16.77 16.70 16.65 16.60 16.54 16.47 16.47 16.44 16.39 16.33 16.28 16.22 16.19 15.93 15.55 15.71 15.45 15.56
17.44 17.41 17.36 17.35 17.28 17.22 17.16 17.10 17.05 16.99 16.93 16.87 16.79 16.76 16.73 16.71 16.67 16.62 16.62 16.60 16.59 16.60 16.61 16.62 16.62 16.62 16.64 16.69 16.76 16.81 16.87 16.95 17.00 17.06 17.12 17.16 17.21 17.23 17.30 17.30 17.39 17.43 17.52 17.56 17.50 17.47 17.48 17.48 17.45 17.42 17.37 17.30 17.24 17.16 17.09 17.00 16.92 16.84 16.76 16.68 16.62 16.55 16.49 16.46 16.43 16.44 16.39 16.34 16.30 16.22 16.16 16.08 15.94 15.64 15.41 15.51 15.72
17.46 17.42 17.35 17.32 17.24 17.20 17.15 17.09 17.02 16.96 16.88 16.83 16.79 16.73 16.69 16.67 16.63 16.60 16.58 16.55 16.55 16.55 16.53 16.52 16.49 16.55 16.60 16.64 16.70 16.74 16.78 16.86 16.91 16.97 17.04 17.09 17.14 17.19 17.20 17.20 17.28 17.40 17.44 17.42 17.42 17.42 17.42 17.40 17.37 17.34 17.29 17.23 17.17 17.09 16.99 16.91 16.83 16.75 16.67 16.60 16.54 16.47 16.40 16.37 16.37 16.37 16.34 16.26 16.19 16.17 16.11 16.07 15.87 15.47 15.38 15.17 15.26
17.45 17.41 17.37 17.30 17.22 17.17 17.11 17.05 17.02 16.92 16.86 16.81 16.73 16.70 16.63 16.61 16.58 16.55 16.51 16.51 16.51 16.49 16.51 16.41 16.46 16.44 16.47 16.55 16.61 16.65 16.71 16.75 16.83 16.90 16.94 17.01 17.05 17.09 17.05 16.98 17.14 17.31 17.36 17.36 17.35 17.36 17.35 17.34 17.31 17.28 17.24 17.16 17.08 17.01 16.93 16.84 16.73 16.64 16.56 16.49 16.43 16.37 16.32 16.31 16.29 16.29 16.26 16.26 16.21 16.13 16.06 15.92 15.75 15.51 15.18 15.07 14.84
17.44 17.40 17.33 17.27 17.22 17.15 17.09 17.03 16.97 16.90 16.84 16.76 16.71 16.66 16.64 16.57 16.52 16.49 16.47 16.46 16.46 16.43 16.39 16.45 16.47 16.30 16.45 16.45 16.55 16.59 16.61 16.68 16.74 16.79 16.85 16.93 16.97 16.95 16.93 16.96 17.12 17.24 17.29 17.29 17.29 17.29 17.28 17.26 17.23 17.21 17.14 17.05 16.98 16.90 16.82 16.72 16.63 16.55 16.48 16.42 16.34 16.29 16.25 16.22 16.21 16.25 16.24 16.24 16.21 16.04 15.98 15.91 15.81 15.13 15.37 15.13 15.42
17.42 17.36 17.32 17.24 17.18 17.12 17.07 16.99 16.93 16.87 16.82 16.76 16.69 16.66 16.57 16.51 16.49 16.43 16.41 16.39 16.36 16.36 16.37 16.36 16.40 16.41 16.27 16.38 16.48 16.51 16.54 16.60 16.64 16.71 16.76 16.84 16.88 16.83 16.89 16.91 17.10 17.15 17.16 17.18 17.19 17.20 17.21 17.20 17.16 17.11 17.06 16.98 16.91 16.82 16.74 16.65 16.55 16.47 16.41 16.34 16.26 16.21 16.18 16.18 16.19 16.26 16.30 16.24 16.26 16.20 16.04 16.07 15.62 15.79 15.64 15.51 15.47
17.38 17.33 17.26 17.22 17.15 17.11 17.05 16.98 16.93 16.85 16.80 16.73 16.69 16.60 16.55 16.49 16.44 16.38 16.38 16.39 16.36 16.28 16.24 16.25 16.29 16.29 16.32 16.35 16.40 16.45 16.46 16.51 16.56 16.62 16.67 16.73 16.79 16.72 16.82 16.89 17.03 17.08 17.09 17.11 17.12 17.12 17.12 17.10 17.06 17.03 16.99 16.91 16.84 16.74 16.64 16.55 16.46 16.40 16.34 16.27 16.19 16.17 16.12 16.11 16.07 16.19 16.19 16.26 16.23 16.24 16.22 16.18 16.05 15.89 15.89 15.82 14.99
17.37 17.31 17.23 17.20 17.14 17.08 17.02 16.95 16.91 16.85 16.77 16.70 16.62 16.57 16.53 16.47 16.40 16.36 16.33 16.32 16.32 16.21 16.26 16.18 16.22 16.24 16.24 16.30 16.33 16.36 16.39 16.44 16.49 16.53 16.60 16.64 16.68 16.71 16.80 16.88 16.94 16.95 17.00 17.03 17.04 17.03 17.03 17.01 16.96 16.92 16.88 16.80 16.73 16.65 16.57 16.48 16.40 16.33 16.27 16.21 16.17 16.13 16.06 16.03 16.04 16.09 16.09 16.16 16.19 16.10 16.15 16.08 16.10 15.95 16.06 15.96 15.05
17.34 17.28 17.21 17.15 17.12 17.06 16.98 16.94 16.89 16.80 16.76 16.67 16.61 16.54 16.50 16.42 16.35 16.28 16.31 16.28 16.26 16.17 16.18 16.15 16.15 16.15 16.17 16.21 16.23 16.28 16.31 16.36 16.40 16.45 16.52 16.54 16.55 16.69 16.73 16.79 16.84 16.86 16.89 16.92 16.93 16.93 16.93 16.91 16.87 16.84 16.78 16.71 16.64 16.57 16.48 16.41 16.31 16.26 16.20 16.16 16.11 16.02 15.99 15.97 15.97 15.96 15.94 15.97 16.03 16.05 15.94 15.80 14.98 15.87 15.84 16.08 15.90
17.33 17.25 17.18 17.16 17.06 17.01 16.97 16.91 16.83 16.78 16.70 16.63 16.55 16.50 16.42 16.39 16.28 16.18 16.18 16.18 16.08 16.08 16.09 15.98 16.07 16.09 16.11 16.14 16.15 16.17 16.22 16.26 16.30 16.36 16.36 16.37 16.53 16.62 16.64 16.69 16.73 16.76 16.79 16.83 16.83 16.83 16.84 16.80 16.78 16.74 16.70 16.62 16.56 16.48 16.41 16.32 16.25 16.19 16.14 16.10 16.03 15.97 15.93 15.91 15.91 15.92 15.94 15.93 15.87 15.86 15.70 15.42 15.26 14.89 15.02 16.18 15.74
17.29 17.22 17.18 17.09 17.02 16.97 16.97 16.87 16.80 16.74 16.66 16.58 16.51 16.45 16.40 16.30 16.29 16.12 16.11 15.98 16.02 16.04 15.92 15.78 16.02 16.03 16.01 16.05 16.07 16.09 16.13 16.14 16.19 16.24 16.29 16.38 16.45 16.49 16.52 16.56 16.60 16.63 16.68 16.71 16.74 16.76 16.75 16.72 16.68 16.64 16.59 16.53 16.46 16.39 16.32 16.24 16.18 16.12 16.05 16.01 15.99 15.91 15.89 15.85 15.86 15.82 15.79 15.76 15.76 15.76 15.66 15.24 14.70 14.70 14.79 15.84 15.97
17.23 17.18 17.12 17.06 17.00 16.96 16.89 16.83 16.75 16.69 16.60 16.53 16.45 16.41 16.35 16.33 16.27 16.16 16.09 16.02 15.91 15.79 15.92 15.82 15.95 15.94 15.93 15.94 15.96 15.99 16.04 16.06 16.09 16.16 16.22 16.29 16.35 16.32 16.38 16.42 16.47 16.50 16.56 16.60 16.61 16.63 16.65 16.63 16.59 16.56 16.50 16.44 16.37 16.30 16.24 16.16 16.10 16.05 15.97 15.94 15.92 15.87 15.83 15.80 15.75 15.75 15.72 15.69 15.26 15.62 15.73 15.11 14.54 13.61 15.56 16.09 16.05
17.19 17.13 17.07 17.01 16.97 16.94 16.87 16.79 16.72 16.64 16.57 16.50 16.46 16.40 16.34 16.29 16.17 16.06 15.97 16.05 16.02 15.96 15.94 15.91 15.89 15.86 15.87 15.87 15.90 15.91 15.93 16.01 16.05 16.10 16.18 16.16 16.19 16.22 16.24 16.29 16.34 16.39 16.43 16.48 16.52 16.54 16.53 16.52 16.50 16.47 16.43 16.37 16.29 16.21 16.13 16.07 16.02 15.97 15.93 15.87 15.83 15.77 15.73 15.70 15.65 15.62 15.59 15.16 15.38 14.88 15.65 15.38 14.52 13.04 15.56 15.72 15.77
17.14 17.09 17.05 17.00 16.96 16.89 16.83 16.76 16.68 16.57 16.52 16.48 16.43 16.40 16.34 16.25 16.13 15.96 15.99 15.97 15.96 15.93 15.89 15.84 15.82 15.82 15.78 15.79 15.82 15.81 15.89 15.88 15.90 16.02 16.04 16.03 16.10 16.09 16.13 16.18 16.23 16.27 16.31 16.35 16.40 16.40 16.40 16.39 16.36 16.32 16.27 16.21 16.15 16.08 16.02 15.97 15.93 15.88 15.84 15.81 15.76 15.74 15.66 15.66 15.50 15.48 15.52 15.47 15.04 15.03 15.56 15.38 13.65 13.59 15.87 15.74 14.14
17.11 17.08 17.04 16.99 16.91 16.86 16.76 16.69 16.61 16.56 16.50 16.43 16.39 16.34 16.28 16.22 16.09 15.92 16.04 15.98 15.91 15.87 15.83 15.79 15.76 15.74 15.72 15.72 15.70 15.72 15.79 15.83 15.86 15.85 15.86 15.93 15.97 16.01 16.04 16.08 16.12 16.19 16.19 16.25 16.28 16.28 16.28 16.27 16.23 16.19 16.14 16.07 16.01 15.95 15.90 15.85 15.84 15.78 15.75 15.72 15.70 15.66 15.55 15.52 15.28 15.24 15.21 15.02 15.28 14.84 14.94 15.03 14.95 14.50 15.65 15.21 14.98
17.12 17.05 17.02 16.95 16.91 16.80 16.78 16.67 16.59 16.53 16.47 16.41 16.35 16.30 16.24 16.12 15.97 15.90 15.91 15.92 15.84 15.81 15.77 15.71 15.69 15.63 15.63 15.63 15.68 15.69 15.70 15.72 15.72 15.74 15.77 15.79 15.84 15.88 15.94 15.97 16.01 16.04 16.09 16.12 16.15 16.17 16.16 16.15 16.12 16.07 16.01 15.96 15.90 15.84 15.80 15.74 15.72 15.70 15.68 15.65 15.62 15.58 15.52 15.47 15.26 14.84 15.03 15.06 14.49 14.78 14.49 14.71 14.13 13.59 15.18 15.52 15.34
17.05 16.99 16.92 16.81 16.79 16.78 16.76 16.65 16.57 16.53 16.44 16.40 16.32 16.26 16.19 16.10 15.97 15.86 15.85 15.88 15.80 15.75 15.72 15.66 15.62 15.62 15.56 15.59 15.58 15.63 15.59 15.58 15.63 15.62 15.62 15.66 15.70 15.74 15.82 15.85 15.89 15.93 16.00 16.03 16.05 16.03 16.06 16.02 16.01 15.95 15.88 15.83 15.78 15.72 15.67 15.63 15.62 15.61 15.61 15.57 15.55 15.49 15.45 15.36 15.30 15.21 15.05 14.78 14.38 14.51 14.77 14.10 13.95 14.01 15.46 15.32 15.14
17.00 16.94 16.89 16.85 16.75 16.72 16.66 16.65 16.59 16.54 16.46 16.36 16.30 16.24 16.16 16.10 15.88 15.94 15.89 15.84 15.77 15.74 15.71 15.67 15.63 15.59 15.58 15.55 15.50 15.48 15.49 15.52 15.52 15.54 15.55 15.60 15.63 15.64 15.70 15.71 15.75 15.79 15.91 15.87 15.95 15.98 15.91 15.89 15.84 15.80 15.76 15.70 15.65 15.59 15.57 15.53 15.52 15.51 15.51 15.49 15.44 15.41 15.37 15.36 15.29 15.17 14.88 14.52 12.84 13.52 12.61 13.36 14.76 14.95 15.10 15.48 14.97
16.97 16.91 16.87 16.80 16.74 16.67 16.60 16.55 16.53 16.49 16.42 16.38 16.31 16.19 16.12 16.04 15.98 15.96 15.89 15.82 15.75 15.68 15.63 15.57 15.55 15.53 15.47 15.45 15.43 15.42 15.39 15.39 15.44 15.43 15.45 15.50 15.52 15.57 15.61 15.63 15.63 15.66 15.75 15.74 15.83 15.77 15.74 15.72 15.70 15.67 15.62 15.57 15.52 15.48 15.45 15.42 15.42 15.41 15.42 15.44 15.39 15.38 15.36 15.27 15.10 14.97 14.64 12.61 13.17 13.10 13.90 14.61 13.49 12.92 14.38 15.27 14.39
16.92 16.87 16.81 16.76 16.68 16.63 16.56 16.52 16.46 16.44 16.36 16.32 16.26 16.20 16.14 16.08 16.01 15.88 15.81 15.78 15.72 15.67 15.61 15.53 15.53 15.43 15.42 15.41 15.35 15.32 15.30 15.32 15.33 15.32 15.34 15.41 15.40 15.42 15.46 15.50 15.60 15.64 15.67 15.66 15.68 15.63 15.63 15.61 15.58 15.55 15.52 15.45 15.40 15.40 15.38 15.35 15.34 15.34 15.36 15.37 15.38 15.35 15.33 15.28 15.14 14.98 14.81 14.57 13.99 13.16 14.08 13.79 13.31 13.11 14.11 15.16 14.92
16.91 16.86 16.80 16.74 16.68 16.62 16.54 16.49 16.43 16.40 16.34 16.27 16.23 16.15 16.07 16.02 15.94 15.90 15.81 15.74 15.66 15.65 15.57 15.49 15.46 15.42 15.37 15.33 15.30 15.27 15.24 15.24 15.25 15.24 15.23 15.27 15.31 15.31 15.33 15.36 15.39 15.43 15.44 15.47 15.47 15.47 15.47 15.46 15.45 15.42 15.38 15.34 15.32 15.30 15.29 15.29 15.31 15.32 15.33 15.33 15.35 15.36 15.32 15.28 15.17 14.88 14.89 14.16 13.95 12.48 9.31 12.63 13.69 14.06 14.66 14.89 14.56
16.86 16.83 16.80 16.73 16.65 16.58 16.52 16.46 16.40 16.37 16.30 16.24 16.18 16.11 16.05 15.97 15.89 15.82 15.82 15.70 15.63 15.61 15.51 15.50 15.41 15.39 15.35 15.29 15.25 15.20 15.18 15.16 15.16 15.15 15.15 15.14 15.20 15.24 15.25 15.26 15.29 15.31 15.32 15.32 15.34 15.35 15.35 15.34 15.31 15.29 15.27 15.25 15.22 15.21 15.23 15.22 15.23 15.19 15.22 15.27 15.31 15.38 15.34 15.23 15.13 15.11 14.81 14.17 14.36 13.01 11.65 11.39 11.49 13.01 13.84 14.66 13.03
16.72 16.74 16.75 16.72 16.67 16.59 16.52 16.46 16.40 16.33 16.28 16.25 16.16 16.08 16.02 15.95 15.88 15.82 15.76 15.70 15.61 15.55 15.48 15.41 15.36 15.32 15.26 15.24 15.20 15.14 15.13 15.09 15.08 15.07 15.06 15.05 15.07 15.09 15.08 15.19 15.16 15.19 15.20 15.19 15.23 15.23 15.23 15.21 15.20 15.19 15.17 15.17 15.16 15.16 15.13 15.10 15.11 15.12 15.13 15.19 15.22 15.31 15.38 15.37 15.29 15.12 14.74 14.18 12.75 12.00 10.38 9.58 10.39 11.50 13.43 13.10 12.90
16.66 16.69 16.71 16.70 16.58 16.57 16.50 16.43 16.38 16.32 16.25 16.23 16.15 16.06 16.00 15.91 15.84 15.77 15.72 15.65 15.60 15.51 15.44 15.38 15.31 15.28 15.21 15.16 15.16 15.12 15.07 15.03 15.01 15.01 14.98 14.97 14.98 15.00 15.01 15.05 15.06 15.05 15.07 15.09 15.09 15.09 15.09 15.08 15.05 15.03 15.00 15.02 15.04 15.04 14.98 14.97 14.97 15.00 15.04 15.10 15.13 15.23 15.30 15.39 15.26 15.30 14.92 13.78 13.47 12.20 12.79 10.99 10.59 11.14 12.83 12.28 13.56
