main/data/temperature/06.07.2023.grid
ncols 886
nrows 691
xllcenter 112.0000
yllcenter -44.5000
cellsize 0.0500
nodata_value 99999.90
[rows 34 to 67 of 691, columns 539 to 615 of 886]
30.32 30.35 30.40 30.44 30.48 30.52 30.57 30.61 30.65 30.70 30.75 30.78 30.82 30.86 30.90 30.94 30.97 31.01 31.05 31.10 31.13 31.18 31.22 31.25 31.29 31.33 31.36 31.40 31.43 31.47 31.50 31.53 31.56 31.59 31.62 31.65 31.67 31.70 31.72 31.75 31.77 31.79 31.81 31.82 31.84 31.86 31.87 31.88 31.89 31.89 31.89 31.89 31.89 31.88 31.87 31.85 31.83 31.82 31.80 31.79 31.76 31.74 31.54 31.51 31.54 31.51 31.48 31.42 31.37 31.14 31.10 30.83 30.92 30.80 30.67 30.50 30.98
30.29 30.33 30.38 30.42 30.47 30.50 30.55 30.60 30.64 30.69 30.73 30.78 30.81 30.85 30.89 30.93 30.96 31.01 31.05 31.10 31.13 31.18 31.22 31.26 31.29 31.33 31.37 31.40 31.44 31.48 31.51 31.55 31.57 31.61 31.64 31.66 31.70 31.72 31.75 31.77 31.79 31.82 31.84 31.85 31.88 31.89 31.90 31.91 31.92 31.92 31.92 31.93 31.92 31.91 31.90 31.89 31.87 31.85 31.84 31.81 31.79 31.77 31.74 31.70 31.58 31.51 31.37 31.40 31.35 31.21 31.11 30.83 30.64 30.88 30.62 30.74 31.07
30.27 30.31 30.35 30.40 30.45 30.49 30.54 30.59 30.62 30.67 30.72 30.76 30.81 30.84 30.88 30.92 30.96 31.01 31.05 31.10 31.13 31.18 31.22 31.26 31.31 31.35 31.38 31.42 31.46 31.49 31.52 31.56 31.59 31.62 31.66 31.68 31.71 31.74 31.77 31.79 31.82 31.84 31.86 31.89 31.91 31.92 31.93 31.95 31.96 31.96 31.96 31.96 31.96 31.95 31.94 31.92 31.91 31.89 31.87 31.84 31.82 31.77 31.69 31.65 31.59 31.44 31.37 31.36 31.28 31.17 31.12 31.10 31.06 30.77 30.71 30.67 31.12
30.26 30.29 30.33 30.38 30.43 30.47 30.52 30.57 30.62 30.67 30.70 30.75 30.79 30.83 30.88 30.92 30.96 31.01 31.05 31.10 31.14 31.18 31.22 31.27 31.31 31.35 31.39 31.43 31.47 31.50 31.53 31.57 31.61 31.64 31.67 31.71 31.73 31.77 31.79 31.82 31.84 31.87 31.90 31.92 31.94 31.95 31.97 31.98 31.99 31.99 31.99 32.00 31.99 31.99 31.97 31.96 31.93 31.92 31.89 31.87 31.85 31.77 31.66 31.60 31.51 31.55 31.53 31.30 31.39 31.37 31.18 31.09 31.11 31.01 30.80 30.90 30.74
30.24 30.27 30.31 30.36 30.41 30.46 30.51 30.56 30.60 30.65 30.70 30.73 30.78 30.82 30.86 30.90 30.95 31.00 31.05 31.09 31.14 31.18 31.23 31.27 31.31 31.35 31.39 31.43 31.47 31.51 31.55 31.59 31.62 31.66 31.69 31.72 31.76 31.78 31.82 31.84 31.87 31.90 31.92 31.95 31.96 31.98 32.00 32.02 32.03 32.03 32.03 32.03 32.03 32.02 32.01 31.99 31.96 31.95 31.92 31.89 31.87 31.80 31.70 31.62 31.57 31.66 31.61 31.56 31.38 31.29 31.17 31.01 30.93 30.93 30.88 31.02 30.93
30.21 30.25 30.30 30.34 30.39 30.44 30.49 30.54 30.59 30.64 30.69 30.73 30.78 30.82 30.86 30.90 30.95 31.00 31.05 31.10 31.14 31.19 31.24 31.28 31.33 31.37 31.41 31.45 31.49 31.52 31.56 31.60 31.64 31.67 31.71 31.75 31.77 31.81 31.84 31.88 31.90 31.93 31.96 31.98 32.00 32.03 32.04 32.05 32.07 32.07 32.07 32.07 32.06 32.06 32.04 32.02 32.00 31.98 31.95 31.93 31.89 31.82 31.67 31.69 31.77 31.55 31.49 31.57 31.29 31.05 31.37 31.15 31.10 30.92 30.91 31.09 30.99
30.20 30.23 30.27 30.32 30.37 30.42 30.48 30.53 30.58 30.63 30.67 30.72 30.76 30.81 30.85 30.90 30.95 31.00 31.05 31.10 31.15 31.19 31.24 31.29 31.33 31.37 31.41 31.45 31.50 31.54 31.58 31.62 31.65 31.69 31.73 31.76 31.80 31.83 31.87 31.90 31.93 31.96 31.99 32.01 32.03 32.06 32.08 32.09 32.10 32.11 32.12 32.11 32.11 32.09 32.08 32.06 32.05 32.02 31.99 31.98 31.97 31.92 31.88 31.75 31.71 31.70 31.68 31.63 31.57 31.36 31.41 31.19 31.12 31.17 30.94 30.87 31.07
30.17 30.21 30.25 30.30 30.36 30.41 30.46 30.51 30.56 30.61 30.66 30.71 30.75 30.80 30.85 30.90 30.95 31.00 31.05 31.10 31.15 31.19 31.25 31.29 31.33 31.38 31.43 31.47 31.51 31.54 31.59 31.63 31.67 31.71 31.74 31.79 31.82 31.86 31.89 31.93 31.95 31.99 32.02 32.05 32.07 32.10 32.11 32.13 32.14 32.15 32.15 32.15 32.14 32.13 32.12 32.11 32.10 32.09 32.05 32.01 32.04 32.01 31.91 31.79 31.88 31.84 31.82 31.71 31.48 31.34 31.17 31.34 31.37 31.26 31.06 30.92 30.90
30.16 30.19 30.24 30.29 30.34 30.40 30.45 30.50 30.55 30.60 30.65 30.70 30.74 30.80 30.84 30.89 30.95 31.00 31.05 31.11 31.15 31.20 31.24 31.30 31.34 31.39 31.43 31.47 31.52 31.56 31.60 31.65 31.68 31.72 31.77 31.80 31.84 31.88 31.92 31.96 31.99 32.02 32.05 32.08 32.11 32.13 32.15 32.17 32.18 32.19 32.19 32.19 32.19 32.18 32.18 32.18 32.18 32.14 32.10 32.11 32.05 32.00 32.01 31.89 31.74 31.79 31.84 31.79 31.57 31.63 31.59 31.37 31.35 31.15 30.94 31.03 30.98
30.14 30.18 30.21 30.26 30.32 30.38 30.43 30.49 30.54 30.59 30.64 30.69 30.74 30.79 30.83 30.89 30.94 30.99 31.05 31.10 31.16 31.20 31.25 31.30 31.34 31.40 31.44 31.49 31.53 31.58 31.62 31.66 31.70 31.74 31.79 31.82 31.87 31.90 31.94 31.97 32.02 32.05 32.08 32.11 32.14 32.17 32.20 32.21 32.23 32.23 32.23 32.24 32.25 32.25 32.25 32.25 32.24 32.18 32.16 32.15 32.19 32.01 32.01 31.97 31.79 31.75 31.83 31.88 31.81 31.72 31.60 31.41 31.22 31.07 30.97 31.05 31.07
30.11 30.15 30.20 30.25 30.30 30.36 30.41 30.46 30.53 30.58 30.63 30.67 30.73 30.78 30.82 30.89 30.94 31.00 31.05 31.11 31.15 31.21 31.25 31.31 31.35 31.40 31.45 31.50 31.55 31.58 31.63 31.67 31.72 31.76 31.80 31.84 31.89 31.92 31.97 32.00 32.05 32.08 32.11 32.14 32.18 32.21 32.23 32.24 32.26 32.27 32.28 32.29 32.30 32.31 32.32 32.33 32.28 32.29 32.23 32.28 32.15 32.10 32.04 32.02 31.85 31.94 31.72 31.73 31.79 31.73 31.53 31.37 31.21 30.98 30.62 30.90 30.89
30.10 30.14 30.18 30.24 30.29 30.35 30.40 30.45 30.52 30.57 30.62 30.66 30.72 30.77 30.83 30.88 30.94 30.99 31.05 31.10 31.16 31.20 31.26 31.31 31.36 31.41 31.46 31.50 31.55 31.60 31.64 31.69 31.74 31.78 31.82 31.87 31.91 31.95 31.99 32.03 32.08 32.11 32.14 32.18 32.21 32.24 32.27 32.29 32.31 32.32 32.33 32.35 32.37 32.38 32.39 32.39 32.38 32.38 32.35 32.36 32.27 32.19 32.09 31.98 31.96 31.83 31.77 31.76 31.86 31.79 31.51 31.39 31.37 30.95 30.85 30.80 30.99
30.08 30.11 30.16 30.21 30.27 30.33 30.39 30.44 30.49 30.56 30.61 30.66 30.71 30.76 30.82 30.87 30.94 31.00 31.05 31.11 31.16 31.21 31.27 31.32 31.36 31.42 31.47 31.51 31.56 31.61 31.66 31.71 31.75 31.79 31.84 31.89 31.93 31.97 32.02 32.05 32.10 32.14 32.17 32.22 32.25 32.28 32.30 32.33 32.35 32.37 32.39 32.41 32.43 32.45 32.46 32.45 32.42 32.41 32.42 32.32 32.42 32.33 32.33 32.32 32.07 32.07 31.89 31.80 31.66 31.82 31.64 31.60 31.43 31.06 31.03 30.76 30.81
30.05 30.09 30.15 30.20 30.26 30.31 30.37 30.43 30.48 30.55 30.60 30.65 30.70 30.75 30.81 30.88 30.93 30.99 31.05 31.10 31.16 31.22 31.26 31.32 31.37 31.42 31.48 31.53 31.58 31.62 31.67 31.72 31.77 31.81 31.86 31.91 31.95 31.99 32.04 32.09 32.13 32.17 32.21 32.25 32.29 32.31 32.34 32.37 32.39 32.42 32.44 32.47 32.49 32.51 32.53 32.52 32.47 32.47 32.46 32.37 32.37 32.39 32.21 32.33 32.32 32.10 32.16 32.12 32.05 31.99 31.79 31.72 31.47 31.30 31.32 31.07 30.82
30.04 30.08 30.12 30.18 30.24 30.30 30.36 30.41 30.47 30.53 30.59 30.64 30.70 30.74 30.81 30.87 30.93 30.99 31.05 31.11 31.16 31.21 31.27 31.33 31.38 31.43 31.48 31.54 31.59 31.64 31.68 31.74 31.78 31.82 31.87 31.92 31.97 32.01 32.06 32.11 32.15 32.20 32.24 32.28 32.32 32.35 32.39 32.41 32.44 32.47 32.49 32.53 32.55 32.57 32.59 32.60 32.59 32.55 32.53 32.44 32.28 32.35 32.26 32.37 32.44 32.33 32.26 32.23 32.09 32.02 31.98 31.82 31.67 31.61 31.38 31.21 30.89
30.01 30.05 30.10 30.17 30.23 30.28 30.35 30.40 30.46 30.52 30.58 30.63 30.69 30.74 30.80 30.87 30.93 30.98 31.04 31.10 31.16 31.22 31.28 31.33 31.39 31.44 31.49 31.54 31.60 31.65 31.70 31.75 31.80 31.84 31.89 31.94 31.99 32.04 32.08 32.13 32.19 32.23 32.27 32.31 32.35 32.39 32.42 32.45 32.48 32.52 32.55 32.58 32.61 32.64 32.64 32.67 32.65 32.67 32.57 32.36 32.42 32.32 32.48 32.45 32.22 32.33 32.09 32.22 32.17 32.04 31.92 31.83 31.84 31.77 31.64 31.37 31.00
29.99 30.04 30.09 30.15 30.20 30.27 30.33 30.39 30.45 30.51 30.56 30.62 30.67 30.73 30.80 30.86 30.93 30.98 31.04 31.10 31.16 31.22 31.28 31.33 31.39 31.44 31.49 31.54 31.61 31.66 31.71 31.76 31.81 31.86 31.90 31.96 32.01 32.06 32.11 32.15 32.21 32.25 32.30 32.34 32.38 32.43 32.46 32.49 32.52 32.56 32.59 32.62 32.66 32.69 32.73 32.76 32.64 32.67 32.65 32.65 32.64 32.49 32.61 32.59 32.41 32.35 32.13 32.03 32.11 32.12 32.06 31.92 31.79 31.72 31.41 31.44 31.11
29.98 30.02 30.07 30.13 30.20 30.25 30.32 30.37 30.44 30.49 30.55 30.61 30.67 30.73 30.79 30.86 30.92 30.98 31.04 31.10 31.16 31.22 31.28 31.34 31.39 31.45 31.50 31.55 31.61 31.67 31.72 31.77 31.82 31.88 31.93 31.97 32.03 32.08 32.13 32.18 32.23 32.28 32.32 32.38 32.42 32.45 32.50 32.53 32.56 32.60 32.64 32.68 32.71 32.71 32.76 32.82 32.84 32.80 32.75 32.77 32.79 32.59 32.75 32.62 32.53 32.47 32.32 32.19 32.05 32.16 32.04 31.96 31.82 31.71 31.46 31.55 31.36
29.96 30.00 30.05 30.12 30.18 30.23 30.30 30.36 30.42 30.48 30.54 30.60 30.66 30.72 30.79 30.84 30.92 30.97 31.03 31.11 31.17 31.22 31.28 31.34 31.39 31.45 31.51 31.56 31.62 31.67 31.73 31.78 31.83 31.89 31.94 31.99 32.05 32.09 32.15 32.20 32.26 32.30 32.35 32.40 32.44 32.49 32.52 32.56 32.60 32.64 32.68 32.72 32.76 32.80 32.83 32.87 32.91 32.94 32.97 32.98 32.82 32.86 32.72 32.70 32.44 32.53 32.43 32.30 32.08 32.17 32.03 31.97 31.82 31.71 31.51 31.43 31.09
29.93 29.98 30.03 30.10 30.16 30.22 30.28 30.35 30.40 30.47 30.53 30.59 30.65 30.71 30.77 30.84 30.90 30.97 31.03 31.10 31.16 31.22 31.28 31.34 31.39 31.46 31.51 31.56 31.63 31.68 31.73 31.79 31.84 31.90 31.95 32.01 32.06 32.12 32.17 32.23 32.27 32.33 32.38 32.43 32.47 32.52 32.55 32.60 32.63 32.68 32.71 32.76 32.79 32.84 32.88 32.92 32.96 33.00 33.02 32.99 32.84 32.74 32.70 32.47 32.52 32.25 32.42 32.40 32.16 32.19 32.01 31.99 31.75 31.61 31.51 31.38 31.18
29.91 29.96 30.01 30.08 30.14 30.21 30.27 30.33 30.40 30.46 30.51 30.58 30.64 30.70 30.77 30.83 30.90 30.96 31.03 31.10 31.16 31.22 31.28 31.33 31.40 31.46 31.51 31.57 31.63 31.69 31.74 31.80 31.85 31.91 31.96 32.02 32.07 32.13 32.18 32.24 32.29 32.35 32.40 32.45 32.50 32.54 32.58 32.63 32.66 32.71 32.75 32.79 32.83 32.87 32.92 32.95 32.99 33.03 33.04 33.05 32.88 32.83 32.90 32.74 32.56 32.25 32.35 32.43 32.11 32.20 31.97 31.98 31.73 31.39 31.41 31.27 31.25
29.89 29.94 30.00 30.06 30.13 30.19 30.26 30.32 30.38 30.44 30.51 30.57 30.63 30.69 30.76 30.83 30.90 30.96 31.02 31.09 31.16 31.22 31.28 31.34 31.40 31.46 31.52 31.57 31.64 31.69 31.75 31.80 31.86 31.92 31.98 32.04 32.09 32.15 32.20 32.26 32.32 32.36 32.42 32.47 32.52 32.57 32.61 32.65 32.70 32.73 32.78 32.81 32.86 32.90 32.94 32.98 33.01 33.01 32.99 33.04 32.96 32.82 32.72 32.84 32.70 32.58 32.41 32.40 32.21 32.17 32.10 31.90 31.66 31.28 31.20 31.18 31.19
29.87 29.92 29.99 30.04 30.11 30.17 30.24 30.31 30.36 30.43 30.49 30.55 30.62 30.68 30.75 30.82 30.89 30.96 31.02 31.08 31.15 31.22 31.28 31.34 31.40 31.46 31.52 31.57 31.64 31.70 31.75 31.82 31.87 31.93 31.99 32.04 32.10 32.16 32.21 32.27 32.33 32.38 32.44 32.49 32.54 32.59 32.64 32.67 32.72 32.76 32.80 32.84 32.88 32.92 32.96 32.99 33.02 33.01 32.92 33.03 32.87 32.77 32.65 32.72 32.80 32.62 32.31 32.35 32.25 32.15 32.06 31.89 31.72 31.55 30.81 31.22 31.26
29.85 29.90 29.97 30.03 30.10 30.15 30.22 30.29 30.36 30.41 30.49 30.54 30.61 30.67 30.74 30.81 30.88 30.94 31.02 31.08 31.14 31.21 31.27 31.34 31.40 31.47 31.52 31.59 31.64 31.70 31.77 31.82 31.88 31.94 31.99 32.05 32.12 32.17 32.23 32.29 32.35 32.40 32.46 32.51 32.56 32.61 32.65 32.70 32.74 32.78 32.83 32.86 32.90 32.94 32.97 33.00 32.99 32.92 32.85 33.01 33.01 32.80 32.76 32.55 32.71 32.68 32.53 32.32 32.32 32.09 32.12 31.91 31.71 31.52 31.02 31.37 31.38
29.82 29.88 29.95 30.01 30.08 30.14 30.21 30.27 30.34 30.41 30.47 30.53 30.60 30.66 30.73 30.80 30.86 30.94 31.01 31.08 31.14 31.20 31.27 31.33 31.40 31.47 31.52 31.59 31.64 31.70 31.77 31.83 31.88 31.94 32.01 32.06 32.12 32.18 32.24 32.29 32.35 32.41 32.47 32.52 32.58 32.63 32.67 32.72 32.76 32.80 32.84 32.88 32.92 32.95 32.98 32.81 32.70 32.63 32.85 33.00 33.02 32.98 32.90 32.79 32.74 32.70 32.48 32.31 32.23 32.07 32.12 31.91 31.71 31.33 31.49 31.49 31.44
29.80 29.87 29.92 29.99 30.06 30.12 30.19 30.26 30.32 30.39 30.45 30.52 30.58 30.64 30.71 30.79 30.86 30.93 31.00 31.07 31.14 31.20 31.27 31.33 31.40 31.46 31.52 31.59 31.64 31.71 31.77 31.83 31.89 31.95 32.01 32.07 32.13 32.19 32.25 32.31 32.37 32.42 32.48 32.54 32.59 32.64 32.69 32.73 32.77 32.82 32.86 32.89 32.92 32.96 32.84 32.84 32.73 32.46 32.66 32.94 32.98 32.90 32.83 32.66 32.62 32.67 32.57 32.36 32.18 31.92 32.05 32.01 31.89 31.65 31.54 31.40 31.46
29.79 29.85 29.91 29.98 30.05 30.10 30.17 30.24 30.31 30.37 30.44 30.50 30.57 30.63 30.71 30.78 30.85 30.92 30.99 31.06 31.13 31.20 31.26 31.33 31.40 31.46 31.52 31.59 31.64 31.71 31.77 31.84 31.90 31.95 32.01 32.08 32.14 32.20 32.25 32.32 32.38 32.44 32.49 32.55 32.61 32.65 32.71 32.75 32.79 32.83 32.86 32.90 32.94 32.90 32.89 32.88 32.73 32.75 32.44 32.52 32.94 32.84 32.69 32.49 32.55 32.55 32.49 32.40 32.29 32.20 31.95 31.84 31.89 31.70 31.53 31.47 31.46
29.77 29.82 29.89 29.95 30.02 30.09 30.16 30.22 30.29 30.36 30.42 30.49 30.55 30.61 30.69 30.76 30.84 30.91 30.98 31.05 31.12 31.19 31.26 31.32 31.39 31.46 31.52 31.58 31.64 31.71 31.77 31.84 31.90 31.96 32.02 32.08 32.15 32.21 32.27 32.32 32.38 32.45 32.51 32.56 32.62 32.66 32.72 32.76 32.80 32.84 32.88 32.92 32.95 32.97 32.86 32.71 32.74 32.66 32.79 32.49 32.45 32.70 32.71 32.68 32.75 32.67 32.56 32.48 32.34 32.24 32.11 32.02 31.67 31.70 31.44 31.43 31.48
29.74 29.81 29.87 29.93 30.00 30.07 30.14 30.21 30.27 30.34 30.41 30.47 30.54 30.61 30.68 30.75 30.83 30.90 30.97 31.04 31.11 31.18 31.25 31.32 31.39 31.45 31.51 31.58 31.65 31.71 31.78 31.84 31.90 31.96 32.02 32.09 32.15 32.21 32.28 32.33 32.39 32.45 32.51 32.57 32.63 32.67 32.72 32.78 32.82 32.86 32.89 32.92 32.95 32.98 32.90 32.79 32.87 32.85 32.47 32.63 32.56 32.82 32.82 32.85 32.77 32.61 32.59 32.51 32.42 32.31 32.13 32.05 31.73 31.82 31.74 31.56 31.56
29.73 29.79 29.85 29.92 29.99 30.05 30.11 30.18 30.26 30.32 30.39 30.45 30.52 30.59 30.66 30.73 30.81 30.89 30.96 31.03 31.10 31.17 31.24 31.31 31.38 31.44 31.51 31.58 31.65 31.71 31.77 31.83 31.90 31.96 32.03 32.09 32.16 32.22 32.27 32.34 32.40 32.46 32.51 32.58 32.63 32.69 32.73 32.78 32.82 32.87 32.90 32.93 32.96 32.99 32.95 32.85 32.99 32.78 32.74 32.70 32.93 32.80 32.88 32.85 32.81 32.66 32.62 32.44 32.45 32.37 32.22 32.06 31.97 31.98 32.03 31.89 31.75
29.70 29.76 29.83 29.89 29.96 30.03 30.10 30.16 30.23 30.30 30.37 30.44 30.50 30.58 30.65 30.73 30.80 30.88 30.94 31.02 31.10 31.16 31.23 31.30 31.37 31.43 31.50 31.57 31.64 31.70 31.77 31.84 31.90 31.97 32.03 32.10 32.16 32.22 32.28 32.34 32.41 32.47 32.52 32.58 32.64 32.69 32.75 32.79 32.84 32.87 32.91 32.94 32.97 33.00 33.02 32.88 33.04 32.82 32.64 32.73 32.91 32.97 32.82 32.80 32.72 32.70 32.69 32.51 32.42 32.39 32.16 32.14 32.20 32.24 32.19 32.13 31.99
29.68 29.75 29.81 29.87 29.94 30.01 30.08 30.15 30.21 30.28 30.35 30.42 30.49 30.55 30.63 30.70 30.78 30.86 30.93 31.01 31.08 31.15 31.22 31.29 31.36 31.43 31.50 31.57 31.64 31.71 31.77 31.84 31.91 31.96 32.03 32.09 32.16 32.22 32.29 32.35 32.41 32.47 32.53 32.58 32.65 32.70 32.75 32.80 32.84 32.88 32.92 32.95 32.98 33.00 33.03 33.00 33.04 32.92 32.78 33.04 32.96 32.66 32.58 32.62 32.58 32.71 32.65 32.57 32.19 32.05 31.90 32.23 32.37 32.43 32.24 32.17 32.10
29.66 29.72 29.79 29.86 29.91 29.98 30.05 30.12 30.18 30.26 30.33 30.39 30.47 30.53 30.61 30.68 30.76 30.83 30.91 30.99 31.07 31.14 31.21 31.28 31.35 31.42 31.49 31.56 31.63 31.70 31.76 31.83 31.90 31.96 32.03 32.10 32.16 32.23 32.29 32.35 32.41 32.48 32.53 32.59 32.65 32.70 32.75 32.80 32.85 32.90 32.93 32.97 33.00 33.02 33.04 33.05 33.07 32.85 32.99 32.93 32.72 32.57 32.83 32.70 32.64 32.56 32.59 32.46 32.22 32.59 32.46 32.26 32.60 32.59 32.32 32.38 32.28
29.64 29.70 29.76 29.83 29.90 29.96 30.03 30.10 30.17 30.23 30.31 30.37 30.44 30.52 30.59 30.67 30.75 30.82 30.90 30.97 31.05 31.13 31.20 31.27 31.34 31.41 31.48 31.55 31.62 31.69 31.76 31.83 31.89 31.96 32.02 32.10 32.16 32.22 32.29 32.35 32.42 32.47 32.54 32.59 32.65 32.71 32.76 32.81 32.85 32.90 32.94 32.98 33.01 33.03 33.06 33.08 33.00 32.89 33.07 32.92 32.88 32.76 32.81 32.60 32.52 32.76 32.81 32.64 32.74 32.70 32.87 32.85 32.83 32.72 32.66 32.59 32.54
