main/data/temperature/06.12.2023.grid
ncols 886
nrows 691
xllcenter 112.0000
yllcenter -44.5000
cellsize 0.0500
nodata_value 99999.90
[rows 272 to 305 of 691, columns 154 to 230 of 886]
42.53 42.47 42.40 42.48 42.43 42.33 42.13 42.12 42.01 42.08 42.15 42.17 42.24 42.24 42.30 42.42 42.48 42.50 42.57 42.75 42.81 42.83 42.85 42.92 42.74 42.99 43.20 43.23 43.26 43.29 43.42 43.53 43.45 43.64 43.56 43.68 43.88 44.04 44.09 44.22 44.32 44.25 44.15 44.40 44.41 44.46 44.61 44.68 44.69 44.61 44.83 44.97 45.02 44.93 44.89 45.15 45.33 45.41 45.48 45.54 45.65 45.69 45.73 45.76 45.80 45.84 45.80 45.62 45.66 45.83 45.79 45.74 45.74 45.64 45.77 45.76 45.66
42.40 42.33 42.39 42.36 42.32 42.21 42.13 42.05 41.94 41.89 41.96 42.02 42.09 42.14 42.18 42.35 42.45 42.51 42.59 42.72 42.86 42.92 42.74 42.95 42.80 42.89 43.18 43.36 43.30 43.33 43.43 43.55 43.39 43.61 43.73 43.70 43.74 43.97 44.06 44.21 44.20 44.26 44.17 44.37 44.37 44.44 44.60 44.65 44.66 44.75 44.82 44.96 45.00 45.10 45.08 45.21 45.31 45.40 45.45 45.50 45.60 45.65 45.75 45.80 45.80 45.75 45.84 45.87 45.80 45.90 45.70 45.75 45.64 45.61 45.63 45.76 45.81
42.29 42.19 42.28 42.14 42.22 42.12 41.91 41.92 41.91 41.84 41.87 41.85 41.99 42.15 42.25 42.39 42.48 42.51 42.48 42.71 42.86 42.96 43.01 42.98 42.85 43.06 43.15 43.31 43.31 43.40 43.41 43.60 43.56 43.72 43.77 43.72 43.80 43.96 44.10 44.07 44.22 44.25 44.25 44.12 44.24 44.40 44.58 44.60 44.67 44.74 44.85 44.89 45.03 45.11 45.16 45.14 45.26 45.38 45.44 45.51 45.57 45.63 45.73 45.76 45.79 45.74 45.79 45.90 45.79 45.90 45.77 45.72 45.61 45.61 45.64 45.65 45.68
42.16 42.12 42.15 42.09 42.00 41.97 41.97 41.93 41.91 41.88 41.88 41.94 42.03 42.19 42.33 42.42 42.48 42.54 42.53 42.65 42.78 42.84 42.88 43.09 43.06 43.19 43.36 43.40 43.45 43.49 43.49 43.49 43.68 43.75 43.82 43.87 43.93 43.97 44.01 44.05 44.18 44.15 43.94 44.08 44.31 44.45 44.53 44.54 44.65 44.71 44.89 45.00 45.08 45.10 45.12 45.10 44.85 45.32 45.43 45.52 45.58 45.63 45.72 45.77 45.77 45.83 45.84 45.94 45.91 45.94 45.92 45.86 45.80 45.82 45.77 45.79 45.76
42.05 42.03 41.99 41.99 41.99 42.00 41.97 41.94 41.92 41.91 41.94 42.01 42.13 42.25 42.34 42.45 42.52 42.55 42.56 42.59 42.68 42.57 42.76 43.03 43.15 43.18 43.10 43.24 43.38 43.47 43.58 43.64 43.66 43.69 43.75 43.72 43.68 43.81 43.82 44.02 44.00 44.10 44.01 44.08 44.34 44.43 44.37 44.57 44.71 44.79 44.89 44.96 45.01 45.04 45.00 44.56 45.05 45.25 45.35 45.49 45.56 45.63 45.61 45.62 45.74 45.83 45.89 45.94 45.94 45.88 45.89 45.87 45.93 45.91 45.88 45.92 45.89
42.09 42.00 41.98 41.95 41.97 41.90 41.96 41.97 41.96 41.99 42.04 42.08 42.11 42.15 42.28 42.39 42.50 42.60 42.55 42.67 42.59 42.83 42.97 43.06 43.04 43.08 43.24 43.30 43.37 43.41 43.49 43.54 43.61 43.56 43.57 43.59 43.43 43.74 43.81 43.89 43.90 43.95 43.99 44.08 44.33 44.35 44.42 44.57 44.68 44.72 44.82 44.87 44.90 44.94 44.93 44.77 45.16 45.25 45.26 45.43 45.48 45.61 45.67 45.69 45.71 45.84 45.92 45.97 45.99 45.75 45.98 45.93 45.81 45.73 45.75 45.75 45.77
42.11 41.83 41.97 41.94 41.96 41.96 41.98 41.99 41.97 42.00 42.00 42.05 42.04 42.07 42.21 42.36 42.32 42.56 42.66 42.73 42.76 42.88 42.90 42.96 42.93 43.11 43.04 43.22 43.20 43.20 43.48 43.53 43.51 43.35 43.37 43.40 43.65 43.75 43.57 43.66 43.85 43.83 44.00 44.18 44.28 44.26 44.30 44.50 44.62 44.62 44.57 44.61 44.72 44.91 44.98 45.08 45.19 45.22 45.21 45.43 45.44 45.42 45.60 45.65 45.75 45.87 45.92 45.97 45.99 46.02 46.02 45.96 45.82 45.79 45.75 45.78 45.83
42.10 41.88 41.92 41.91 41.88 41.94 41.99 41.97 41.94 42.01 41.94 41.85 41.70 41.93 42.11 42.27 42.32 42.37 42.57 42.63 42.75 42.78 42.75 42.85 42.91 43.02 42.98 43.10 43.30 43.33 43.37 43.43 43.33 43.26 43.17 43.42 43.58 43.59 43.58 43.61 43.72 43.86 44.02 44.03 44.22 44.17 44.30 44.49 44.59 44.58 44.49 44.59 44.63 44.80 44.96 45.01 45.08 45.17 45.27 45.36 45.42 45.30 45.42 45.61 45.75 45.85 45.93 45.98 46.01 46.04 46.07 46.07 46.07 46.02 45.92 45.95 46.00
42.02 42.01 41.93 41.92 41.93 41.87 42.01 42.01 41.94 41.91 41.72 41.78 41.85 41.98 42.16 42.31 42.38 42.45 42.40 42.47 42.73 42.72 42.68 42.76 42.91 42.92 43.00 43.05 43.17 43.29 43.33 43.22 43.13 43.09 43.21 43.42 43.54 43.40 43.40 43.57 43.70 43.81 44.00 43.99 44.19 44.14 44.26 44.45 44.52 44.47 44.40 44.52 44.61 44.83 44.91 44.87 45.05 45.12 45.22 45.29 45.38 45.27 45.22 45.52 45.74 45.88 45.93 45.94 45.99 46.00 46.04 46.10 46.13 46.16 46.17 46.17 46.17
42.15 42.13 42.11 42.07 42.10 42.10 41.99 41.96 41.97 41.82 41.76 41.93 42.08 42.12 42.04 42.25 42.42 42.18 42.33 42.55 42.65 42.44 42.49 42.64 42.73 42.79 42.81 43.10 43.15 43.20 43.21 43.19 43.16 43.12 43.18 43.30 43.45 43.44 43.43 43.60 43.75 43.88 43.95 43.98 44.14 44.18 44.25 44.25 44.43 44.48 44.41 44.44 44.57 44.69 44.80 44.78 44.91 45.06 45.14 45.26 45.21 45.30 45.38 45.58 45.73 45.81 45.92 45.93 45.88 45.79 45.97 46.02 46.06 46.10 46.14 46.15 46.19
42.20 42.15 42.20 42.16 42.13 42.11 42.06 41.90 41.91 41.70 41.59 41.93 42.11 42.25 42.27 42.32 42.22 42.04 42.26 42.41 42.42 42.39 42.46 42.60 42.62 42.63 42.77 42.87 42.95 43.01 43.03 43.09 43.03 43.05 43.26 43.29 43.30 43.27 43.46 43.57 43.73 43.82 43.89 44.02 44.11 44.10 44.13 44.15 44.30 44.28 44.41 44.36 44.56 44.69 44.76 44.84 44.83 45.01 45.13 45.21 45.14 45.20 45.37 45.54 45.75 45.85 45.91 45.93 45.89 45.73 45.79 45.98 46.04 46.07 46.01 46.00 46.07
42.20 42.17 42.19 42.18 42.13 42.05 42.02 41.94 41.76 41.66 41.96 41.89 41.86 42.11 42.22 42.04 42.12 42.12 42.33 42.20 42.24 42.48 42.52 42.41 42.53 42.59 42.82 42.74 42.75 42.82 42.78 43.01 43.19 43.12 43.25 43.44 43.27 43.33 43.35 43.47 43.50 43.70 43.80 43.88 43.96 44.04 44.11 44.20 44.23 44.33 44.49 44.57 44.58 44.69 44.88 44.95 44.90 44.92 45.06 45.11 45.01 45.12 45.32 45.52 45.68 45.84 45.81 45.88 45.89 45.76 45.67 45.80 45.96 46.07 46.09 46.11 46.07
42.12 42.16 42.16 42.12 42.10 42.00 41.91 41.73 41.78 41.91 42.09 42.19 41.97 42.19 42.01 41.86 41.93 42.12 42.21 42.14 42.26 42.23 42.43 42.51 42.55 42.78 42.84 42.95 42.96 42.87 42.88 42.89 43.18 43.29 43.28 43.47 43.46 43.41 43.34 43.41 43.55 43.53 43.71 43.70 43.79 44.07 44.08 44.19 44.34 44.33 44.30 44.53 44.72 44.80 44.91 44.94 45.04 44.96 44.93 44.95 45.05 45.22 45.36 45.43 45.67 45.79 45.73 45.55 45.81 45.77 45.74 45.72 45.77 45.91 46.05 46.06 45.97
42.10 42.08 42.03 42.03 42.05 41.85 41.87 41.82 41.87 41.97 42.12 42.16 42.25 42.18 41.97 42.07 42.03 42.09 42.09 42.08 42.26 42.28 42.44 42.53 42.44 42.54 42.55 42.68 42.99 42.97 43.07 42.94 43.08 43.19 43.34 43.43 43.34 43.24 43.41 43.54 43.57 43.54 43.63 43.66 43.79 43.88 44.18 44.30 44.36 44.43 44.41 44.56 44.72 44.82 44.88 44.78 44.96 45.06 45.04 45.09 45.04 45.17 45.31 45.51 45.75 45.75 45.50 45.52 45.61 45.82 45.76 45.87 45.92 45.92 45.96 45.94 45.94
42.07 41.94 41.91 41.86 41.92 41.84 41.95 41.84 41.93 41.72 42.02 41.97 42.21 42.07 42.11 42.10 41.88 42.04 42.19 42.17 42.30 42.41 42.53 42.62 42.67 42.71 42.84 42.90 42.97 43.04 43.07 43.13 43.17 43.19 43.27 43.38 43.29 43.13 43.38 43.49 43.53 43.54 43.56 43.68 43.77 43.80 44.12 44.27 44.39 44.47 44.48 44.60 44.74 44.80 44.77 44.67 44.84 44.99 45.16 45.20 45.19 45.20 45.42 45.60 45.71 45.74 45.68 45.66 45.56 45.68 45.80 45.87 45.87 45.91 45.87 45.84 45.92
42.03 42.00 41.99 41.97 41.91 41.77 42.05 41.90 42.07 42.08 42.08 42.16 42.18 42.22 42.10 42.17 42.09 41.94 42.02 42.05 42.11 42.20 42.32 42.34 42.60 42.76 42.71 42.84 42.89 42.85 42.83 42.91 42.97 43.09 43.27 43.35 43.14 43.33 43.45 43.61 43.50 43.50 43.63 43.81 43.91 43.84 43.95 44.05 44.28 44.48 44.55 44.64 44.68 44.67 44.66 44.76 44.86 44.90 45.09 45.07 45.29 45.29 45.47 45.59 45.65 45.68 45.62 45.63 45.62 45.70 45.68 45.70 45.72 45.73 45.84 45.88 45.95
42.00 42.04 42.03 42.00 42.00 42.00 41.90 42.05 42.03 42.07 41.96 42.04 42.15 42.18 42.20 42.27 42.26 42.24 42.26 42.04 42.11 42.15 42.31 42.49 42.63 42.70 42.56 42.55 42.57 42.57 42.73 43.00 43.07 43.18 43.18 43.39 43.33 43.27 43.33 43.57 43.60 43.54 43.54 43.70 43.85 44.02 44.05 43.90 44.26 44.46 44.56 44.52 44.59 44.63 44.57 44.63 44.78 44.80 44.88 45.10 45.28 45.35 45.44 45.57 45.64 45.69 45.63 45.58 45.70 45.59 45.71 45.70 45.76 45.80 45.80 45.95 45.86
42.05 42.04 42.03 42.02 41.93 41.92 41.61 41.73 41.84 41.95 41.74 41.89 42.04 42.14 42.17 42.20 42.24 42.09 42.25 42.30 42.34 42.37 42.39 42.53 42.43 42.46 42.39 42.51 42.58 42.75 42.75 42.79 43.06 43.28 43.22 43.41 43.28 43.24 43.38 43.57 43.65 43.61 43.57 43.62 43.79 43.98 44.14 44.14 44.27 44.44 44.49 44.40 44.46 44.50 44.55 44.62 44.69 44.75 44.89 44.96 45.20 45.12 45.37 45.53 45.55 45.68 45.67 45.74 45.76 45.76 45.73 45.79 45.85 45.84 45.83 45.84 45.87
41.93 41.87 41.89 41.89 41.84 41.76 41.64 41.62 41.62 41.70 41.81 41.84 41.68 42.02 42.08 42.08 42.15 42.12 42.18 42.22 42.26 42.13 42.41 42.31 42.16 42.21 42.29 42.52 42.62 42.66 42.77 42.79 43.00 43.06 43.33 43.34 43.35 43.44 43.46 43.42 43.60 43.68 43.50 43.60 43.71 43.93 44.12 44.18 44.26 44.39 44.47 44.37 44.47 44.62 44.70 44.68 44.74 44.91 45.00 45.10 45.17 45.15 45.31 45.49 45.52 45.52 45.68 45.67 45.63 45.65 45.74 45.79 45.83 45.73 45.69 45.78 45.79
41.74 41.71 41.76 41.67 41.78 41.67 41.69 41.60 41.63 41.37 41.69 41.79 41.86 41.82 41.54 41.89 42.00 42.01 42.07 41.92 42.18 42.26 42.29 42.24 42.09 42.25 42.31 42.48 42.56 42.73 42.83 43.00 43.14 43.20 43.27 43.34 43.41 43.48 43.52 43.50 43.61 43.63 43.60 43.58 43.75 44.02 44.08 43.93 44.12 44.27 44.23 44.43 44.47 44.57 44.65 44.73 44.85 44.92 44.96 45.06 45.05 44.98 45.25 45.49 45.56 45.59 45.66 45.56 45.54 45.58 45.62 45.65 45.74 45.80 45.73 45.79 45.80
41.52 41.59 41.62 41.66 41.68 41.64 41.62 41.61 41.71 41.71 41.70 41.79 41.77 41.80 41.53 41.74 41.94 42.02 42.09 42.16 42.21 42.22 42.08 41.90 42.11 42.24 42.34 42.30 42.54 42.49 42.68 42.95 43.01 42.98 43.22 43.29 43.26 43.43 43.49 43.31 43.36 43.64 43.76 43.81 43.79 43.81 43.80 43.86 43.97 44.20 44.30 44.30 44.46 44.51 44.47 44.62 44.72 44.77 44.97 45.03 45.12 45.21 45.32 45.47 45.44 45.49 45.54 45.56 45.60 45.59 45.58 45.59 45.59 45.74 45.71 45.74 45.76
41.53 41.56 41.55 41.54 41.59 41.57 41.62 41.64 41.67 41.68 41.60 41.49 41.51 41.55 41.64 41.89 41.99 42.01 42.04 42.01 42.13 42.03 41.84 41.91 42.08 42.11 42.09 42.19 42.41 42.51 42.70 42.67 42.72 42.83 43.01 43.09 43.22 43.25 43.42 43.49 43.49 43.57 43.73 43.81 43.77 43.65 43.69 43.87 44.01 44.12 44.16 44.26 44.33 44.39 44.35 44.40 44.58 44.80 44.88 45.00 45.06 45.18 45.33 45.43 45.45 45.20 45.47 45.55 45.55 45.37 45.38 45.39 45.55 45.58 45.66 45.61 45.69
41.60 41.58 41.47 41.44 41.36 41.54 41.60 41.56 41.51 41.58 41.66 41.68 41.60 41.66 41.65 41.83 41.81 41.78 41.97 41.76 42.03 42.06 41.85 41.90 41.91 41.94 42.19 42.32 42.29 42.45 42.49 42.64 42.76 42.82 42.72 43.05 43.04 43.24 43.38 43.46 43.54 43.59 43.68 43.71 43.67 43.60 43.72 43.77 43.84 44.02 44.05 44.16 44.23 44.28 44.27 44.49 44.33 44.68 44.84 44.70 44.79 44.96 45.23 45.39 45.40 45.26 45.30 45.49 45.48 45.45 45.39 45.38 45.50 45.42 45.44 45.45 45.59
41.57 41.55 41.45 41.48 41.53 41.61 41.60 41.58 41.59 41.61 41.51 41.67 41.66 41.69 41.63 41.56 41.66 41.82 41.87 41.81 41.88 41.92 41.82 41.84 42.05 42.13 42.15 42.21 42.07 42.31 42.48 42.38 42.53 42.73 42.72 42.83 42.80 43.20 43.26 43.32 43.35 43.54 43.57 43.68 43.65 43.50 43.70 43.63 43.82 43.93 44.00 44.03 44.14 44.26 44.25 44.43 44.60 44.57 44.72 44.87 44.95 45.02 44.89 45.22 45.35 45.30 45.21 45.46 45.52 45.45 45.47 45.49 45.49 45.42 45.51 45.44 45.40
41.57 41.45 41.08 41.19 41.32 41.42 41.51 41.53 41.54 41.55 41.57 41.60 41.61 41.62 41.52 41.34 41.46 41.62 41.73 41.77 41.86 41.75 41.69 41.85 41.81 41.92 42.08 42.14 42.08 42.20 42.36 42.38 42.57 42.66 42.88 42.97 43.06 43.11 43.15 43.21 43.30 43.37 43.48 43.59 43.60 43.46 43.51 43.61 43.72 43.83 43.80 43.88 44.17 44.31 44.38 44.45 44.50 44.38 44.62 44.49 44.88 44.95 45.08 45.24 45.31 45.31 45.27 45.36 45.45 45.35 45.28 45.26 45.30 45.34 45.36 45.33 45.49
41.50 41.45 41.38 41.29 41.11 41.25 41.35 41.41 41.12 40.92 41.00 41.41 41.49 41.50 41.52 41.38 41.18 41.31 41.58 41.72 41.72 41.79 41.72 41.65 41.72 41.84 41.94 41.87 42.16 42.33 42.42 42.50 42.49 42.60 42.81 42.88 42.94 42.96 42.92 43.07 43.15 43.12 43.36 43.42 43.48 43.37 43.54 43.66 43.81 43.84 43.86 44.00 44.14 44.20 44.21 44.20 44.40 44.59 44.62 44.77 44.84 44.51 44.85 45.11 45.25 45.27 45.35 45.35 45.38 45.35 45.32 45.38 45.43 45.39 45.32 45.35 45.50
41.34 41.32 41.31 41.22 41.18 41.15 41.25 41.25 41.20 41.19 41.12 41.31 41.42 41.42 41.39 41.35 41.26 41.34 41.51 41.58 41.36 41.63 41.66 41.78 41.82 41.83 41.96 41.99 42.12 42.33 42.28 42.52 42.61 42.68 42.75 42.75 42.83 42.86 42.88 42.90 42.94 43.05 43.16 43.25 43.26 43.28 43.49 43.68 43.77 43.81 43.68 43.93 43.95 43.98 44.14 44.21 44.39 44.49 44.60 44.75 44.79 44.90 44.96 45.01 45.12 45.03 45.13 45.33 45.28 45.18 45.21 45.16 45.22 45.24 45.39 45.39 45.49
41.33 41.26 41.19 41.08 41.04 41.07 41.07 41.06 41.12 41.19 41.17 41.29 41.30 40.72 40.79 41.10 41.22 41.35 41.47 41.53 41.46 41.11 41.43 41.65 41.80 41.88 41.93 42.00 42.16 41.98 42.22 42.41 42.37 42.47 42.60 42.59 42.62 42.72 42.71 42.76 42.92 42.98 43.12 43.25 43.29 43.40 43.49 43.62 43.67 43.80 43.67 43.77 43.78 43.90 44.16 44.27 44.42 44.53 44.57 44.61 44.55 44.71 44.76 44.97 44.99 44.81 45.08 45.20 45.27 45.21 45.13 45.12 45.16 45.28 45.39 45.40 45.47
41.19 41.11 41.07 41.03 40.92 40.89 40.91 41.02 41.07 41.13 41.15 41.16 41.17 41.05 40.74 40.85 40.57 41.08 41.32 41.38 41.41 41.39 41.28 41.27 41.60 41.78 41.85 41.74 41.97 42.11 42.06 42.34 42.40 42.49 42.55 42.51 42.48 42.55 42.57 42.62 42.80 42.94 43.07 43.06 43.23 43.33 43.35 43.48 43.61 43.75 43.72 43.64 43.78 44.00 44.06 44.13 44.35 44.35 44.34 44.38 44.35 44.45 44.60 44.78 44.94 45.04 45.12 45.13 45.18 45.06 45.04 45.07 45.27 45.29 45.31 45.41 45.40
40.99 40.94 40.84 40.90 40.78 40.84 40.89 40.90 40.97 40.94 40.99 40.99 41.00 40.97 40.92 40.79 40.92 40.98 41.20 41.17 41.33 41.41 41.41 41.35 41.18 41.56 41.58 41.60 41.75 41.90 42.15 42.25 42.33 42.39 42.43 42.47 42.45 42.21 42.27 42.47 42.60 42.71 42.93 42.96 43.12 43.12 43.23 43.44 43.62 43.69 43.67 43.71 43.85 43.87 43.99 44.08 44.17 44.26 44.31 44.48 44.45 44.35 44.49 44.59 44.84 45.04 45.04 45.14 45.19 45.16 45.08 45.21 45.30 45.35 45.38 45.43 45.42
40.85 40.69 40.76 40.75 40.79 40.81 40.68 40.78 40.83 40.78 40.79 40.79 40.85 40.73 40.73 40.75 40.77 40.93 41.09 41.06 40.37 40.99 41.10 41.22 41.15 41.38 41.56 41.51 41.70 41.93 42.04 42.17 42.21 42.22 42.31 42.33 42.42 42.42 42.39 42.53 42.49 42.63 42.76 42.93 43.02 43.05 43.20 43.38 43.53 43.62 43.71 43.78 43.87 43.94 44.04 44.12 44.24 44.36 44.37 44.52 44.33 44.43 44.53 44.67 44.83 45.03 44.99 45.02 45.12 45.19 45.22 45.27 45.30 45.30 45.32 45.28 45.28
40.66 40.72 40.73 40.76 40.74 40.76 40.71 40.62 40.67 40.54 40.55 40.58 40.62 40.62 40.73 40.73 40.76 40.73 40.80 40.94 40.93 40.81 41.05 41.12 41.19 41.42 41.57 41.69 41.77 41.79 41.74 41.96 42.07 42.09 42.18 42.24 42.38 42.33 42.42 42.53 42.48 42.56 42.76 42.83 42.88 43.01 43.20 43.33 43.43 43.51 43.54 43.68 43.84 43.93 43.99 44.11 44.21 44.30 44.39 44.48 44.47 44.32 44.59 44.66 44.88 44.95 44.93 44.84 44.89 45.07 45.13 45.18 45.18 45.14 45.14 45.06 45.22
40.67 40.75 40.74 40.73 40.74 40.73 40.65 40.65 40.48 40.53 40.53 40.62 40.65 40.53 40.77 40.79 40.73 40.67 40.69 40.81 40.75 40.70 40.94 40.82 41.16 41.33 41.24 41.44 41.65 41.63 41.75 41.79 41.78 41.90 42.07 42.12 42.30 42.33 42.41 42.47 42.48 42.64 42.74 42.85 42.91 43.03 43.17 43.26 43.25 43.38 43.44 43.50 43.72 43.80 43.88 43.95 44.03 44.09 44.30 44.42 44.50 44.43 44.52 44.60 44.83 44.91 44.95 44.90 44.90 44.85 44.89 44.99 45.06 45.08 45.12 45.09 45.17
40.60 40.65 40.70 40.71 40.67 40.63 40.62 40.60 40.60 40.52 40.56 40.58 40.63 40.70 40.75 40.67 40.76 40.63 40.64 40.45 40.41 40.23 40.92 40.73 40.92 41.11 41.22 41.32 41.54 41.50 41.51 41.65 41.72 41.79 41.95 41.93 42.13 42.09 42.29 42.43 42.51 42.57 42.68 42.81 42.93 43.00 42.99 43.08 43.12 43.16 43.26 43.46 43.59 43.64 43.74 43.76 43.93 44.11 44.22 44.35 44.46 44.56 44.60 44.63 44.75 44.86 44.91 44.94 44.98 44.80 44.91 45.06 45.04 45.08 45.04 45.04 44.96
