main/data/temperature/06.12.2023.grid
ncols 886
nrows 691
xllcenter 112.0000
yllcenter -44.5000
cellsize 0.0500
nodata_value 99999.90
[rows 476 to 509 of 691, columns 693 to 769 of 886]
37.99 37.91 37.82 37.73 37.81 37.92 37.97 37.99 37.94 37.98 38.08 38.14 38.25 38.37 38.41 38.49 38.55 38.58 38.59 38.56 38.52 38.45 38.36 38.23 37.88 38.03 37.95 37.65 37.66 37.74 36.75 37.32 37.08 37.13 36.44 36.75 36.96 37.43 37.84 37.71 37.76 37.11 37.62 37.24 37.04 36.47 35.64 34.86 34.26 35.47 35.16 35.99 34.81 34.12 33.62 33.99 33.31 32.62 32.95 32.94 31.55 31.37 30.52 30.14 29.68 29.24 28.73 28.46 31.86 32.64 30.58 30.86 29.88 31.63 32.21 28.18 28.47
37.52 37.45 37.55 37.53 37.33 37.48 37.63 37.75 37.74 37.65 37.82 37.87 38.00 38.09 38.14 38.27 38.34 38.36 38.37 38.34 38.31 38.26 38.21 38.10 38.06 37.95 37.69 37.54 37.37 37.41 36.53 36.73 37.03 36.01 35.54 35.90 35.91 36.46 37.37 37.49 37.44 37.60 37.03 37.00 36.52 36.46 36.05 34.51 33.94 35.65 37.38 36.33 34.02 35.09 33.98 34.54 32.24 32.76 32.36 31.53 31.62 30.49 29.34 29.40 29.10 28.57 27.32 28.00 27.77 29.14 27.64 30.59 30.10 33.04 32.67 28.30 29.71
37.22 37.11 37.24 37.30 37.29 37.15 37.29 37.45 37.46 37.45 37.65 37.72 37.82 37.92 37.95 37.85 38.13 38.15 38.15 38.14 38.10 38.04 37.86 37.94 37.79 37.69 36.57 36.60 37.14 37.12 36.93 36.77 36.60 36.71 35.66 35.76 36.25 35.99 37.03 37.32 37.14 37.12 37.46 36.53 36.18 36.94 35.68 36.71 37.05 37.59 37.18 35.37 35.25 36.39 35.18 34.08 34.02 32.86 32.42 31.27 30.83 30.42 29.76 28.17 27.78 28.01 28.14 28.87 26.11 27.29 33.66 30.32 30.88 31.46 32.54 31.90 29.05
37.24 36.72 37.35 37.28 37.38 37.08 37.13 37.22 37.46 37.23 37.39 37.54 37.58 37.76 37.82 37.88 37.92 37.95 37.93 37.91 37.90 37.83 37.79 37.74 37.66 37.58 37.20 35.57 36.87 36.68 36.94 36.46 36.62 36.68 36.36 36.48 36.32 35.84 36.36 37.04 36.97 36.96 36.37 36.84 37.33 37.09 36.71 37.23 35.38 36.62 36.35 36.09 35.26 37.26 35.92 35.84 35.00 33.38 32.38 32.13 31.40 30.42 29.54 29.17 28.38 28.51 29.45 28.10 26.47 26.58 30.46 28.81 32.27 31.29 30.94 31.86 31.41
37.41 37.29 37.33 37.45 37.40 37.35 37.31 37.30 37.33 37.24 37.28 37.38 37.49 37.56 37.61 37.70 37.77 37.79 37.75 37.70 37.68 37.66 37.58 37.56 37.43 37.40 37.30 36.97 36.16 36.06 36.93 36.82 36.84 36.75 36.53 36.50 35.92 36.52 36.75 36.61 36.65 36.60 36.15 36.85 36.21 36.69 36.40 35.95 37.13 34.69 34.83 36.59 36.87 35.32 35.49 36.91 34.56 35.40 34.69 32.67 32.33 30.93 30.66 29.79 28.61 28.16 29.49 29.17 27.27 27.54 31.78 32.80 30.80 28.68 32.08 30.98 30.85
37.42 37.23 36.61 37.29 37.38 37.34 37.33 37.26 37.19 36.95 37.17 37.30 37.34 37.36 37.26 37.54 37.57 37.59 37.36 37.53 37.50 37.48 37.41 37.36 37.36 37.30 37.18 37.12 37.02 37.00 36.88 36.63 36.41 36.49 36.23 35.69 35.08 36.32 36.45 35.69 35.63 35.92 35.85 36.94 36.50 36.45 36.05 36.07 36.97 35.99 35.83 36.75 35.80 36.13 35.26 34.70 34.85 35.16 34.74 33.63 33.31 32.48 30.15 29.55 28.17 28.50 30.86 32.92 30.93 31.54 32.54 31.06 30.83 28.44 30.58 30.54 28.27
37.18 37.13 36.58 37.09 37.19 36.87 36.78 36.95 36.78 36.70 36.94 37.07 37.04 37.18 37.31 37.34 37.36 37.34 37.29 37.34 37.35 37.27 37.24 37.26 37.16 37.08 37.03 36.84 36.79 36.74 36.66 36.54 36.25 36.24 35.91 35.34 36.08 36.43 35.31 35.38 34.73 36.02 36.10 36.22 36.08 36.73 34.80 36.65 34.87 35.62 35.08 33.88 34.44 35.41 35.13 34.15 35.62 34.17 35.40 35.20 33.93 31.82 31.23 29.93 30.51 28.28 29.06 28.04 30.58 31.33 29.95 29.93 31.09 30.10 31.49 30.84 30.51
37.05 37.03 36.99 37.07 37.02 36.60 36.71 36.69 36.67 36.70 36.63 36.71 36.57 36.85 37.07 37.01 37.06 36.89 37.09 37.10 37.12 37.15 37.13 37.02 37.01 36.82 36.87 36.80 36.43 36.51 36.36 36.28 36.25 35.95 35.50 35.70 35.97 36.02 34.86 34.50 34.93 35.72 35.85 36.24 36.29 36.37 36.34 35.94 36.32 35.65 35.39 34.38 34.43 34.95 35.57 34.95 34.88 33.51 32.73 34.53 34.61 32.94 31.08 31.80 30.11 29.83 29.19 29.75 30.93 29.01 28.98 30.87 31.02 31.66 31.27 30.74 30.57
36.86 36.88 36.85 36.78 36.68 36.57 36.33 36.65 36.69 36.65 36.63 36.53 36.50 36.73 36.80 36.88 36.78 36.33 36.72 36.56 36.85 36.95 36.87 36.89 36.82 36.64 36.60 36.44 36.08 36.07 35.89 35.92 35.84 35.75 35.44 35.60 35.95 34.52 35.38 34.72 34.62 35.48 35.87 35.61 35.83 35.63 35.56 35.57 36.80 36.70 36.33 35.38 35.21 33.47 34.45 34.78 34.01 33.74 33.44 34.18 33.71 33.75 31.92 32.48 31.47 30.67 29.68 28.61 31.76 29.41 28.66 30.75 31.73 31.42 29.61 28.46 28.80
36.70 36.71 36.64 36.45 36.53 36.18 36.52 36.68 36.59 36.58 36.54 36.45 36.40 36.43 36.41 36.64 36.46 36.41 36.56 36.49 36.60 36.72 36.69 36.75 36.60 36.52 36.42 36.05 36.00 35.78 35.14 35.50 35.82 35.38 35.06 35.54 35.71 35.59 35.29 34.82 34.36 34.79 35.29 35.40 35.55 35.72 35.36 35.83 36.27 36.33 35.31 35.89 35.42 34.51 34.05 34.05 33.21 33.89 33.68 33.83 32.01 32.72 31.70 30.90 30.39 29.39 30.08 31.51 32.95 29.61 29.40 30.21 31.25 29.87 30.74 27.81 27.56
36.54 36.57 36.46 36.20 36.20 36.39 36.51 36.55 36.45 36.52 36.45 36.46 36.43 36.39 36.35 36.41 36.38 35.78 36.30 36.19 36.43 36.49 36.49 36.58 36.45 36.38 36.31 36.24 35.93 35.51 34.96 35.18 34.94 34.87 34.58 34.85 35.47 35.22 34.48 34.18 34.44 34.35 35.16 35.10 35.35 34.94 35.32 35.58 36.28 36.92 36.65 35.79 35.05 34.82 34.77 34.19 33.83 33.30 33.24 33.24 32.60 31.90 31.37 30.87 30.32 30.36 31.14 31.92 32.46 29.07 32.41 31.95 29.62 28.41 29.25 27.92 27.82
36.35 36.42 36.33 36.06 36.13 36.30 36.32 36.27 35.96 36.21 36.23 36.23 36.19 36.24 36.17 36.04 36.07 35.99 36.16 36.16 36.38 36.27 35.81 36.35 36.36 36.19 36.16 36.01 35.91 35.70 35.15 34.79 34.62 34.97 34.55 34.93 34.93 35.00 34.51 34.23 34.02 34.53 34.66 35.15 35.19 34.96 34.62 35.53 35.52 36.57 36.08 35.47 35.47 34.62 34.57 34.25 33.23 32.65 32.95 32.92 32.49 31.99 30.85 30.67 30.64 30.63 30.96 32.47 31.35 31.78 30.90 28.80 27.90 28.29 27.75 29.15 27.53
36.04 36.23 36.22 36.20 36.22 36.09 36.15 35.98 35.93 35.81 35.93 35.88 35.84 35.99 35.94 35.87 35.85 35.92 35.96 35.98 36.12 36.06 35.98 36.06 36.22 36.01 36.01 35.85 35.61 35.26 34.84 34.79 34.57 34.65 34.91 34.82 34.73 34.24 34.09 34.17 34.38 34.55 34.96 35.01 34.52 34.57 34.28 35.30 35.25 36.16 35.88 35.19 35.15 34.32 34.29 34.07 33.58 32.68 32.40 32.33 31.76 31.47 30.74 30.94 30.78 29.85 30.40 30.34 30.83 31.46 29.32 29.50 28.12 27.79 27.40 27.55 27.08
35.88 36.05 35.94 35.88 35.77 35.97 35.77 35.75 35.82 35.84 35.84 35.66 35.64 35.71 35.60 35.62 35.63 35.75 35.57 35.86 35.94 35.78 35.67 35.84 35.80 35.88 35.74 35.61 35.49 35.30 34.68 34.33 34.83 34.59 34.97 35.04 34.48 34.33 34.28 34.17 34.45 34.58 34.42 35.03 34.75 34.55 34.46 35.10 35.86 36.14 35.81 34.79 34.14 34.06 33.55 33.12 32.88 32.34 32.38 31.54 31.31 30.63 30.27 30.72 30.96 31.39 30.91 30.75 30.33 29.91 29.28 28.30 28.65 27.96 26.78 26.42 26.29
35.14 35.80 35.94 35.95 35.72 35.90 35.80 35.73 35.74 35.80 35.64 35.44 35.49 35.25 35.33 35.31 35.39 35.57 35.50 35.69 35.70 35.27 35.45 35.01 35.55 35.63 35.40 35.36 34.88 34.52 34.54 34.06 34.79 34.70 35.21 35.04 34.58 34.58 34.74 34.28 33.93 34.55 34.25 34.81 35.02 35.04 33.95 34.86 35.14 36.09 35.66 34.72 34.48 33.76 33.14 32.92 32.90 32.01 32.31 31.59 31.49 31.22 30.82 30.95 30.52 31.31 30.81 30.99 30.35 30.36 29.05 28.87 29.00 27.96 27.49 26.95 26.07
35.45 35.77 35.86 35.88 35.85 35.81 35.75 35.67 35.54 35.64 35.50 35.48 35.30 35.10 35.24 35.24 35.13 35.22 35.29 35.48 35.43 35.22 34.74 34.53 35.19 35.41 34.89 34.41 34.86 34.43 34.31 34.64 34.69 35.23 35.45 34.85 34.46 35.45 34.62 34.40 33.85 34.30 34.24 34.03 34.55 34.42 34.68 34.51 35.28 35.56 35.92 35.44 34.78 34.04 33.60 32.96 32.27 32.27 32.62 32.29 31.85 31.98 31.92 30.74 30.50 30.98 30.43 30.21 30.69 29.96 28.95 29.32 27.85 27.64 27.08 26.55 26.09
35.19 35.72 35.63 35.60 35.71 35.73 35.68 35.67 35.65 35.48 35.47 35.30 35.26 35.32 35.34 35.14 34.97 34.91 35.21 35.36 35.32 34.96 34.96 34.67 34.87 35.02 34.80 34.82 34.90 34.62 33.89 33.90 34.60 35.02 35.42 34.62 34.80 34.97 34.44 33.92 33.61 33.64 33.86 34.36 34.01 34.32 34.42 34.09 34.92 35.52 35.31 35.17 35.01 34.15 33.37 33.08 32.50 32.91 33.08 32.32 31.76 31.80 31.41 31.62 31.22 31.06 30.53 30.55 30.34 29.91 29.29 28.01 27.71 27.04 27.07 26.80 25.78
35.57 35.57 35.51 35.52 35.58 35.58 35.47 35.51 35.45 35.40 35.28 35.06 35.23 35.20 35.05 34.92 34.82 34.97 35.02 35.33 35.30 35.17 34.99 34.92 34.79 33.96 34.66 34.77 34.82 34.34 34.27 33.66 34.16 34.23 34.91 35.27 34.76 35.15 34.51 33.80 34.07 34.07 34.00 33.91 33.81 33.54 34.15 34.30 34.81 35.09 34.96 35.03 34.93 34.09 33.31 33.10 32.44 33.48 32.77 31.97 32.40 31.72 31.91 31.44 30.80 31.35 30.89 30.56 29.96 29.53 29.02 28.09 27.91 27.29 28.26 26.61 25.49
34.86 35.11 35.45 35.38 35.48 35.43 35.38 35.36 35.29 35.24 35.16 35.00 35.13 34.90 34.75 34.50 34.95 34.90 35.20 35.32 35.14 35.03 34.90 35.08 34.80 34.19 34.41 33.35 34.99 34.89 34.52 34.00 34.34 34.34 34.54 34.93 35.61 34.86 34.67 34.42 34.40 34.15 33.82 34.07 34.05 33.69 33.72 34.41 34.47 34.40 35.06 34.87 34.93 34.20 33.66 33.14 33.01 33.05 32.55 32.77 32.23 32.20 31.89 31.45 31.59 31.28 30.63 30.28 29.72 29.26 28.49 28.90 28.72 28.03 28.28 28.24 26.94
35.15 35.36 35.31 35.34 35.28 35.25 35.22 35.17 35.15 35.09 35.05 35.02 34.98 34.96 34.78 34.90 34.68 34.94 35.25 35.12 35.07 34.97 35.02 35.10 34.85 34.07 33.99 34.62 35.00 34.91 34.35 33.85 34.68 34.74 34.40 35.54 35.24 34.32 33.15 34.36 34.61 34.08 33.88 34.00 34.32 34.11 33.94 33.73 33.95 34.48 34.70 34.43 34.61 34.42 34.03 33.38 33.19 32.72 32.65 32.76 32.49 31.86 31.66 31.54 31.29 30.89 29.98 30.28 30.13 29.70 28.37 28.89 28.68 28.08 28.97 28.48 27.44
35.23 35.23 35.22 35.18 35.14 35.06 35.04 35.05 34.95 34.93 34.88 34.73 34.68 34.56 34.68 34.19 34.75 35.04 35.26 35.09 34.78 34.98 35.10 34.94 34.78 33.69 33.28 34.26 34.71 34.98 34.43 34.61 35.01 34.95 34.70 35.23 34.93 34.13 33.97 34.08 34.07 33.75 33.30 34.40 34.30 34.47 34.31 33.91 33.69 34.17 34.22 34.10 33.93 34.02 33.57 32.87 32.65 32.35 32.41 32.21 31.93 31.95 31.50 30.80 30.92 30.59 30.74 31.26 30.96 29.73 28.27 28.02 28.59 28.95 27.78 27.89 27.49
35.09 35.07 35.03 35.04 34.96 34.91 34.90 34.87 34.77 34.66 34.59 34.39 34.31 34.29 34.10 34.12 34.36 34.85 35.02 34.60 34.44 34.80 34.93 34.99 34.74 34.09 33.40 33.96 34.53 34.73 34.54 34.16 34.73 35.20 35.48 35.02 34.12 33.80 33.46 33.79 33.36 33.60 33.79 34.87 34.69 34.30 34.28 34.02 33.86 33.88 33.88 33.74 33.56 33.57 33.02 32.28 32.49 32.02 32.07 31.59 32.00 31.45 31.20 30.74 30.80 30.47 30.28 29.55 29.27 28.36 28.59 27.93 28.14 28.81 27.73 27.19 27.61
34.89 34.94 34.89 34.89 34.86 34.83 34.75 34.53 34.48 34.13 34.31 34.20 34.24 34.23 34.12 34.00 34.42 34.89 34.64 34.34 34.21 33.83 34.68 34.89 34.70 34.29 33.42 33.67 34.57 34.66 35.00 34.66 34.12 34.86 34.85 35.08 35.07 35.01 34.86 33.51 33.08 33.56 34.71 34.44 34.19 33.94 33.85 34.08 33.87 33.85 33.19 33.65 33.15 32.56 31.97 32.02 32.30 31.89 31.52 31.34 31.54 31.26 30.95 30.24 30.43 29.92 29.58 29.31 29.12 28.25 27.30 27.20 28.39 27.24 27.76 26.75 26.63
34.71 34.82 34.74 34.67 34.62 34.66 34.65 34.59 34.46 34.24 33.84 34.13 34.06 34.07 34.19 34.18 34.52 34.47 34.42 33.83 34.11 34.01 34.48 34.75 34.66 33.94 32.93 32.50 34.07 33.76 34.91 34.69 34.68 35.09 33.87 34.00 33.66 33.62 33.77 31.99 33.61 34.38 34.09 34.61 34.21 33.67 33.23 33.56 33.70 33.39 33.58 33.62 33.26 32.69 31.56 32.15 32.08 31.51 31.17 30.39 31.31 30.76 30.47 30.34 30.16 29.83 29.59 29.81 29.92 28.33 26.80 26.65 26.97 26.58 27.59 26.33 26.21
34.40 34.53 34.63 34.59 34.57 34.50 34.47 34.47 34.27 34.10 34.17 34.10 34.17 34.11 34.23 34.05 34.02 34.01 33.82 33.52 34.04 34.01 33.92 34.39 34.68 33.83 33.72 32.97 33.38 34.41 35.01 34.66 33.99 34.88 34.70 33.80 33.42 32.13 34.18 34.21 34.26 33.97 33.75 33.72 33.48 33.75 33.20 33.03 32.86 32.91 32.63 33.13 33.29 32.88 31.72 32.19 30.74 31.14 30.52 30.89 30.84 30.33 30.14 29.76 29.88 29.62 29.39 28.74 29.03 27.54 26.55 27.06 26.31 26.03 26.01 25.91 25.58
34.44 34.39 34.39 34.43 34.40 34.33 34.33 34.25 34.26 34.22 34.17 34.10 33.79 34.05 33.72 33.98 34.17 33.97 33.61 33.66 34.14 34.34 34.13 33.78 34.45 34.57 34.05 33.91 33.37 34.49 34.38 34.90 33.85 34.54 33.54 32.97 32.37 32.16 31.48 33.81 33.74 33.58 32.77 33.51 33.67 33.85 33.56 33.34 32.84 32.62 32.38 32.85 32.92 32.43 31.64 31.94 31.74 31.40 30.81 29.42 30.43 30.29 29.90 29.51 29.52 29.21 28.83 28.19 28.14 27.27 25.96 25.66 25.26 25.59 25.87 25.75 25.43
34.49 34.29 34.08 33.92 34.05 34.10 34.03 34.03 34.08 33.91 33.90 33.94 33.99 33.75 34.01 34.06 34.14 34.11 34.09 34.25 34.40 34.34 34.08 34.10 33.53 34.25 34.60 34.53 34.73 34.00 34.47 34.22 33.52 32.98 33.37 33.06 32.66 31.65 31.44 32.67 32.22 33.23 31.81 33.06 32.65 33.23 34.02 32.87 32.09 32.04 32.14 32.58 32.53 32.20 31.86 31.69 31.49 30.66 30.35 30.19 30.19 29.92 29.44 29.42 29.18 28.85 28.43 28.58 27.14 26.79 26.31 25.62 24.93 25.73 25.14 25.53 25.95
34.30 34.23 34.05 33.96 33.76 33.94 33.97 33.92 33.88 33.83 33.42 33.33 33.73 33.47 33.59 33.84 33.83 33.98 33.65 34.16 33.94 33.84 33.39 34.24 33.20 33.69 33.88 34.41 34.28 34.29 34.13 34.08 33.83 33.89 32.37 32.39 32.24 32.05 31.55 30.61 32.28 33.74 31.16 32.42 31.94 31.85 33.78 32.71 32.58 32.12 31.79 32.26 32.27 31.10 31.42 31.48 31.24 30.28 29.69 29.86 29.77 29.41 29.49 29.17 28.80 28.39 28.31 27.58 27.00 26.43 26.07 25.19 24.60 24.42 25.44 25.23 25.47
34.27 34.23 34.19 33.89 33.78 33.83 33.92 33.81 33.75 33.65 32.98 33.61 33.57 33.17 33.55 33.56 33.57 33.72 33.74 32.80 33.86 33.85 34.07 33.67 33.79 33.95 33.46 33.97 33.80 33.43 33.83 34.71 33.35 33.05 33.36 30.62 31.57 31.59 30.50 31.14 31.75 33.60 30.33 30.18 31.51 32.31 33.49 32.70 32.07 32.41 32.16 31.70 31.74 31.52 30.50 30.42 30.89 30.53 29.41 29.57 29.59 29.43 29.22 28.87 28.36 27.96 27.89 27.21 26.78 25.47 24.62 24.87 24.48 24.60 25.67 25.08 25.11
34.25 34.26 34.15 33.75 33.74 33.85 33.78 33.73 33.56 33.50 33.42 33.13 33.37 33.16 32.61 32.88 33.27 33.64 33.16 33.31 33.31 33.38 33.90 33.64 32.57 33.78 32.64 33.54 33.89 33.67 32.60 34.42 34.45 33.70 32.85 31.98 31.52 30.45 30.58 29.38 30.10 32.53 31.00 30.53 30.73 32.21 33.29 32.54 31.92 31.87 32.26 31.99 31.38 30.90 30.38 30.18 30.63 29.72 29.66 29.40 29.37 29.36 28.35 28.64 28.38 27.90 27.30 26.70 26.02 25.55 24.86 26.05 25.45 24.53 24.25 25.19 24.75
34.22 34.11 33.96 33.61 33.55 33.62 33.68 33.72 33.51 33.15 33.10 33.27 33.15 32.89 32.77 32.70 33.33 33.38 33.37 33.04 33.32 33.62 33.72 33.38 32.25 33.29 33.56 33.54 33.73 33.17 33.79 34.27 34.70 34.32 33.69 32.15 31.73 29.34 29.77 29.38 29.72 30.77 31.73 29.74 29.59 32.07 32.32 32.06 32.60 32.31 32.16 32.10 31.92 30.46 29.68 29.96 30.15 28.83 29.23 28.79 29.07 29.16 28.85 28.13 27.51 27.34 27.05 26.34 25.22 25.20 26.66 24.60 24.98 24.85 24.70 24.94 24.55
34.20 34.10 33.96 33.77 33.54 33.62 33.68 33.51 33.12 33.16 32.46 32.99 33.18 32.87 32.25 32.97 33.05 33.00 33.32 32.85 33.19 32.97 33.38 33.49 32.66 31.84 33.26 33.13 32.72 32.92 33.97 31.58 34.06 34.14 34.24 34.31 32.17 29.29 29.27 28.90 29.73 29.90 32.21 28.70 30.86 31.27 32.54 32.04 31.42 31.90 32.01 32.08 32.10 30.32 30.16 29.46 29.57 28.27 27.52 27.70 28.00 28.85 28.41 28.07 27.39 26.79 26.51 25.99 25.33 25.11 25.53 26.28 24.65 25.05 24.05 24.63 24.23
34.24 34.14 33.86 33.61 33.53 33.66 33.60 33.54 33.34 33.20 33.05 32.93 32.80 32.91 31.95 31.60 32.48 32.73 32.79 32.74 32.85 32.45 33.05 33.01 33.17 31.02 32.51 32.48 31.95 32.75 31.40 32.50 33.47 32.69 30.78 32.73 32.12 29.45 29.29 27.86 29.33 29.08 31.66 28.83 30.69 29.38 31.44 30.75 31.61 31.43 31.66 31.49 31.84 29.91 30.00 30.10 29.67 28.05 26.27 27.24 28.32 28.42 28.10 27.25 26.99 26.48 26.20 25.54 25.58 25.97 25.59 25.22 25.45 24.95 24.29 24.39 24.10
34.18 34.12 33.85 33.50 33.56 33.26 33.55 33.44 33.14 32.79 32.91 32.65 32.79 32.79 32.75 32.49 31.69 32.10 32.82 32.91 32.36 32.99 32.98 32.64 33.39 31.58 31.22 30.97 30.74 31.77 31.02 32.68 33.36 32.20 29.01 30.17 31.95 31.61 30.55 27.95 27.68 29.95 30.03 29.31 29.02 29.41 30.13 31.30 31.91 31.04 30.23 30.20 30.58 29.74 28.96 29.79 29.16 28.80 27.29 27.75 27.32 27.96 27.38 27.29 26.62 25.93 25.80 24.15 25.58 25.72 25.44 25.10 25.21 24.54 24.16 24.17 23.82
