main/data/temperature/08.07.2023.grid
ncols 886
nrows 691
xllcenter 112.0000
yllcenter -44.5000
cellsize 0.0500
nodata_value 99999.90
[rows 272 to 305 of 691, columns 770 to 846 of 886]
21.38 22.93 23.10 23.05 23.00 22.93 22.86 22.77 22.72 22.65 22.52 22.55 22.10 22.23 22.28 22.39 22.40 22.40 22.41 22.41 22.42 22.41 22.41 22.41 22.39 22.39 22.36 22.35 22.31 22.27 22.20 22.13 22.02 21.89 21.72 21.53 21.33 21.11 20.88 20.66 20.44 20.22 20.03 19.86 19.71 19.57 19.45 19.36 19.29 19.24 19.27 19.33 19.41 19.52 19.62 19.74 19.85 19.96 20.08 20.18 20.28 20.37 20.45 20.51 20.58 20.63 20.69 20.73 20.76 20.81 20.84 20.87 20.90 20.93 20.96 21.00 21.04
22.74 22.99 23.14 23.12 23.04 23.05 22.98 22.88 22.77 22.73 22.42 22.67 22.73 22.62 22.46 22.67 22.66 22.64 22.62 22.60 22.58 22.57 22.55 22.53 22.51 22.48 22.46 22.42 22.38 22.33 22.26 22.17 22.05 21.91 21.73 21.54 21.34 21.11 20.88 20.65 20.44 20.23 20.04 19.86 19.71 19.58 19.46 19.36 19.27 19.20 19.15 19.13 19.19 19.29 19.42 19.55 19.68 19.81 19.94 20.06 20.17 20.26 20.36 20.45 20.51 20.57 20.64 20.68 20.72 20.76 20.80 20.84 20.87 20.90 20.93 20.97 21.00
20.37 22.83 23.17 23.14 23.04 23.02 23.08 22.94 22.76 22.92 22.79 21.93 22.95 22.85 22.75 22.94 22.91 22.88 22.84 22.80 22.76 22.72 22.68 22.64 22.61 22.57 22.54 22.49 22.44 22.38 22.30 22.20 22.07 21.93 21.75 21.56 21.34 21.12 20.88 20.65 20.44 20.23 20.05 19.87 19.72 19.58 19.47 19.37 19.28 19.21 19.15 19.09 19.07 19.09 19.21 19.35 19.50 19.64 19.79 19.92 20.04 20.16 20.26 20.36 20.44 20.51 20.58 20.63 20.68 20.72 20.76 20.80 20.83 20.86 20.90 20.93 20.96
20.17 21.30 23.00 23.16 22.93 22.88 22.86 23.03 23.10 22.59 22.63 22.64 22.98 23.22 22.85 23.13 23.17 23.11 23.04 22.98 22.91 22.85 22.80 22.75 22.70 22.65 22.60 22.55 22.50 22.43 22.34 22.23 22.09 21.94 21.76 21.56 21.35 21.12 20.89 20.67 20.45 20.24 20.05 19.88 19.73 19.60 19.48 19.38 19.30 19.22 19.16 19.10 19.06 19.02 19.04 19.14 19.30 19.47 19.62 19.77 19.92 20.04 20.17 20.27 20.36 20.45 20.52 20.58 20.64 20.68 20.73 20.76 20.79 20.83 20.86 20.89 20.93
20.50 20.49 21.02 21.33 22.63 22.92 22.76 23.18 23.13 23.09 22.72 22.81 22.46 23.32 23.45 23.45 23.39 23.30 23.22 23.14 23.06 22.98 22.91 22.85 22.78 22.72 22.67 22.61 22.55 22.47 22.38 22.27 22.12 21.97 21.78 21.58 21.36 21.13 20.90 20.67 20.45 20.26 20.07 19.89 19.75 19.62 19.49 19.40 19.31 19.23 19.17 19.11 19.07 19.02 19.00 19.01 19.11 19.28 19.45 19.62 19.77 19.92 20.05 20.17 20.28 20.37 20.46 20.53 20.58 20.63 20.68 20.72 20.76 20.80 20.82 20.86 20.89
20.44 21.34 19.77 22.86 23.01 23.01 22.91 22.52 22.81 23.02 22.97 23.14 23.02 23.05 23.61 23.41 23.57 23.47 23.37 23.27 23.18 23.09 23.01 22.93 22.85 22.79 22.72 22.66 22.59 22.50 22.41 22.29 22.15 21.99 21.80 21.59 21.37 21.14 20.92 20.69 20.47 20.27 20.09 19.92 19.76 19.63 19.51 19.41 19.33 19.26 19.19 19.14 19.09 19.05 19.01 18.98 18.99 19.10 19.27 19.46 19.63 19.79 19.94 20.07 20.19 20.29 20.38 20.46 20.52 20.59 20.64 20.68 20.72 20.76 20.79 20.82 20.86
22.11 21.81 20.75 22.12 22.66 22.67 21.70 22.38 22.91 23.22 23.21 23.05 23.48 23.51 23.70 23.66 23.68 23.59 23.49 23.39 23.29 23.19 23.10 23.00 22.92 22.84 22.77 22.70 22.63 22.54 22.44 22.32 22.17 22.01 21.82 21.61 21.39 21.17 20.94 20.71 20.50 20.29 20.10 19.93 19.79 19.65 19.54 19.44 19.35 19.28 19.22 19.16 19.11 19.07 19.03 18.99 18.97 18.98 19.10 19.28 19.47 19.64 19.82 19.95 20.08 20.20 20.31 20.40 20.47 20.54 20.59 20.64 20.68 20.72 20.76 20.79 20.82
22.31 21.67 21.15 20.03 21.09 21.25 19.96 22.08 22.77 23.06 23.57 23.57 23.60 23.75 23.17 23.09 23.68 23.32 23.57 23.48 23.37 23.28 23.17 23.07 22.97 22.88 22.81 22.74 22.66 22.58 22.47 22.35 22.20 22.03 21.84 21.63 21.41 21.18 20.96 20.73 20.52 20.32 20.13 19.96 19.81 19.68 19.56 19.46 19.38 19.31 19.24 19.19 19.14 19.10 19.06 19.02 18.99 18.96 18.98 19.11 19.31 19.50 19.67 19.84 19.98 20.10 20.22 20.32 20.40 20.48 20.54 20.59 20.65 20.68 20.72 20.75 20.79
22.45 20.76 20.96 19.56 21.87 21.99 22.37 22.65 22.73 22.85 23.36 23.16 23.65 23.75 23.51 23.34 23.66 23.54 23.60 23.54 23.44 23.34 23.24 22.96 23.03 22.93 22.85 22.78 22.71 22.62 22.51 22.38 22.22 22.05 21.86 21.65 21.44 21.20 20.98 20.76 20.55 20.35 20.16 20.00 19.84 19.71 19.60 19.50 19.42 19.35 19.27 19.22 19.17 19.13 19.09 19.05 19.02 18.99 18.96 18.99 19.14 19.34 19.53 19.71 19.86 20.01 20.13 20.25 20.34 20.42 20.49 20.55 20.60 20.65 20.69 20.72 20.76
21.42 21.83 21.06 21.44 21.93 22.82 22.65 23.19 23.40 23.52 23.51 22.94 22.62 23.76 23.18 23.43 23.44 23.09 23.55 23.60 23.49 23.42 23.24 23.20 23.10 22.98 22.91 22.84 22.76 22.67 22.55 22.41 22.26 22.09 21.88 21.68 21.46 21.23 21.01 20.79 20.59 20.38 20.20 20.03 19.88 19.75 19.64 19.54 19.46 19.39 19.32 19.26 19.21 19.17 19.13 19.08 19.05 19.02 18.99 18.96 19.01 19.18 19.39 19.57 19.75 19.90 20.03 20.16 20.27 20.36 20.43 20.50 20.56 20.61 20.65 20.69 20.73
21.14 20.92 20.31 21.21 20.90 22.70 22.84 23.15 23.11 23.31 23.35 22.90 23.43 23.29 23.07 23.61 23.71 22.55 22.46 23.50 23.46 23.47 23.12 23.03 22.86 23.01 22.98 22.91 22.81 22.72 22.59 22.46 22.29 22.11 21.92 21.70 21.49 21.27 21.05 20.83 20.62 20.43 20.25 20.07 19.92 19.79 19.68 19.58 19.50 19.43 19.37 19.30 19.26 19.21 19.17 19.12 19.09 19.06 19.02 18.99 18.98 19.05 19.23 19.43 19.61 19.78 19.93 20.07 20.19 20.29 20.38 20.45 20.52 20.57 20.62 20.66 20.69
21.76 21.40 21.69 20.94 21.21 20.62 22.12 22.88 23.03 23.05 22.98 21.49 22.98 22.44 23.13 23.58 21.75 22.95 23.04 22.86 23.49 23.33 23.20 23.02 23.03 23.00 23.05 22.97 22.87 22.76 22.63 22.48 22.32 22.14 21.95 21.74 21.52 21.30 21.09 20.87 20.67 20.48 20.30 20.13 19.98 19.85 19.74 19.64 19.56 19.49 19.43 19.36 19.31 19.26 19.22 19.18 19.14 19.10 19.06 19.02 19.00 18.99 19.10 19.29 19.49 19.67 19.83 19.98 20.10 20.21 20.31 20.40 20.47 20.53 20.58 20.62 20.66
21.08 20.25 21.49 20.43 20.25 19.44 18.51 21.96 22.49 22.32 22.32 22.84 22.90 23.35 22.45 23.58 22.93 22.47 23.00 22.89 23.26 22.87 23.19 20.53 23.03 21.90 23.05 22.97 22.90 22.81 22.68 22.52 22.36 22.17 21.98 21.77 21.56 21.35 21.13 20.93 20.72 20.54 20.36 20.20 20.05 19.92 19.81 19.71 19.62 19.55 19.48 19.42 19.37 19.32 19.27 19.23 19.18 19.15 19.11 19.07 19.03 19.00 19.01 19.14 19.35 19.54 19.72 19.87 20.02 20.14 20.25 20.34 20.42 20.49 20.55 20.59 20.63
21.29 20.98 20.16 19.53 20.54 19.72 19.13 18.47 19.91 21.35 20.58 22.08 22.75 22.88 22.09 23.22 22.52 22.86 20.61 22.73 23.30 23.32 22.14 22.68 22.40 22.60 22.84 22.97 22.51 22.84 22.71 22.55 22.39 22.20 22.01 21.80 21.59 21.39 21.18 20.98 20.79 20.60 20.43 20.27 20.13 20.00 19.88 19.79 19.71 19.62 19.56 19.49 19.44 19.39 19.33 19.28 19.24 19.20 19.15 19.12 19.08 19.04 19.00 19.04 19.22 19.42 19.61 19.78 19.94 20.07 20.19 20.29 20.37 20.45 20.51 20.56 20.61
21.42 21.24 19.73 19.55 21.15 20.41 20.97 18.89 19.86 19.95 21.20 22.48 22.62 22.22 20.93 23.21 23.42 22.55 22.57 22.09 23.26 23.36 23.17 22.52 21.89 22.61 23.06 22.74 22.93 22.85 22.74 22.58 22.42 22.23 22.04 21.84 21.64 21.44 21.24 21.04 20.85 20.67 20.51 20.36 20.21 20.09 19.97 19.88 19.78 19.70 19.64 19.57 19.51 19.45 19.40 19.35 19.31 19.26 19.21 19.16 19.12 19.08 19.04 19.01 19.11 19.29 19.50 19.68 19.84 20.00 20.12 20.24 20.32 20.41 20.48 20.53 20.58
21.49 21.39 21.19 21.30 20.86 20.09 20.59 19.62 19.16 18.25 18.20 21.71 22.07 22.02 21.99 21.34 23.37 22.69 22.42 21.24 23.16 23.35 23.34 23.06 22.89 22.63 23.07 23.04 22.95 22.88 22.76 22.61 22.44 22.26 22.07 21.88 21.68 21.49 21.29 21.10 20.92 20.75 20.59 20.43 20.30 20.17 20.07 19.96 19.88 19.80 19.72 19.65 19.59 19.54 19.48 19.42 19.37 19.32 19.27 19.22 19.17 19.13 19.08 19.04 19.04 19.18 19.39 19.59 19.77 19.92 20.07 20.18 20.28 20.37 20.44 20.50 20.56
21.21 21.30 20.55 20.87 20.85 20.92 19.66 19.56 19.89 17.68 16.67 17.81 21.91 22.44 22.39 22.71 23.03 23.01 21.55 21.90 23.09 23.11 23.05 23.38 23.01 22.95 23.01 22.90 22.90 22.86 22.77 22.62 22.46 22.28 22.10 21.91 21.72 21.54 21.35 21.17 20.99 20.83 20.67 20.53 20.39 20.27 20.16 20.07 19.97 19.89 19.81 19.74 19.68 19.63 19.57 19.50 19.45 19.39 19.34 19.28 19.23 19.17 19.12 19.08 19.05 19.10 19.29 19.50 19.68 19.85 20.01 20.13 20.24 20.34 20.41 20.48 20.53
21.06 21.03 20.74 20.38 20.45 19.80 20.75 20.34 18.80 17.61 16.42 17.47 20.37 20.36 20.16 22.43 22.89 23.09 22.45 22.49 22.76 22.99 23.33 23.20 23.25 22.27 22.97 23.10 22.72 22.87 22.76 22.63 22.46 22.30 22.12 21.95 21.76 21.59 21.41 21.24 21.07 20.92 20.76 20.63 20.50 20.38 20.27 20.17 20.08 20.00 19.92 19.85 19.78 19.72 19.66 19.59 19.53 19.46 19.41 19.35 19.29 19.23 19.18 19.13 19.08 19.07 19.21 19.42 19.61 19.80 19.95 20.09 20.20 20.30 20.39 20.45 20.50
20.41 20.85 20.87 20.55 20.11 19.70 18.88 19.62 18.00 18.24 20.23 19.49 19.14 18.81 21.37 21.40 21.48 22.51 22.21 20.78 20.70 22.64 23.35 23.34 23.11 23.20 23.02 22.91 23.00 22.88 22.70 22.64 22.48 22.32 22.15 21.98 21.81 21.64 21.48 21.31 21.16 21.00 20.86 20.73 20.60 20.48 20.38 20.29 20.19 20.11 20.03 19.96 19.89 19.82 19.76 19.69 19.62 19.56 19.48 19.42 19.36 19.29 19.23 19.18 19.12 19.09 19.15 19.35 19.56 19.73 19.90 20.04 20.16 20.28 20.36 20.43 20.49
19.53 20.34 20.48 19.96 20.44 20.08 19.44 19.09 19.25 18.40 19.23 20.24 19.80 19.21 19.19 20.64 20.77 22.03 22.44 20.99 21.22 19.92 22.98 22.98 22.96 23.21 23.23 22.58 22.99 22.82 22.61 22.60 22.49 22.33 22.17 22.01 21.85 21.70 21.53 21.38 21.24 21.10 20.96 20.84 20.72 20.60 20.50 20.40 20.31 20.22 20.14 20.07 20.00 19.93 19.87 19.80 19.72 19.64 19.57 19.49 19.42 19.35 19.29 19.23 19.17 19.12 19.11 19.29 19.50 19.69 19.86 20.01 20.14 20.25 20.34 20.41 20.48
19.51 19.78 19.55 19.96 19.50 19.74 19.57 19.01 18.94 18.84 19.70 19.62 20.33 19.15 20.16 19.82 21.88 21.23 21.88 21.57 19.73 22.44 22.73 23.04 22.73 22.84 22.83 23.09 22.95 22.81 22.56 22.47 22.47 22.34 22.19 22.04 21.89 21.74 21.60 21.46 21.33 21.19 21.07 20.94 20.83 20.72 20.61 20.51 20.43 20.35 20.27 20.19 20.11 20.05 19.97 19.90 19.82 19.73 19.65 19.57 19.50 19.42 19.35 19.29 19.22 19.16 19.13 19.26 19.46 19.66 19.83 19.98 20.12 20.23 20.32 20.40 20.47
19.08 19.55 19.05 19.17 19.36 19.05 19.23 18.68 17.69 19.22 18.79 20.20 19.91 20.57 19.13 20.37 20.27 19.46 21.57 21.97 19.48 20.55 22.23 22.76 22.51 22.52 22.75 22.91 22.61 22.52 22.52 22.52 22.44 22.30 22.21 22.08 21.94 21.80 21.66 21.54 21.41 21.28 21.17 21.05 20.94 20.83 20.73 20.64 20.55 20.46 20.38 20.31 20.24 20.16 20.09 20.01 19.92 19.83 19.74 19.65 19.58 19.49 19.41 19.34 19.28 19.21 19.17 19.23 19.43 19.63 19.81 19.96 20.10 20.21 20.31 20.39 20.45
19.04 18.80 18.12 18.55 18.85 18.88 18.76 18.35 18.14 19.35 19.50 20.15 19.43 20.74 20.06 20.07 20.72 20.05 21.69 22.15 20.49 22.05 21.25 22.67 22.58 22.36 22.75 22.81 22.34 22.10 22.38 22.20 22.38 22.30 22.22 22.11 21.98 21.85 21.74 21.61 21.49 21.39 21.27 21.16 21.05 20.95 20.86 20.76 20.67 20.59 20.51 20.43 20.36 20.28 20.20 20.09 20.02 19.93 19.83 19.74 19.65 19.56 19.49 19.40 19.34 19.27 19.21 19.24 19.42 19.62 19.80 19.95 20.09 20.21 20.31 20.38 20.45
19.15 18.79 18.62 18.65 19.05 18.82 18.86 18.93 18.93 18.58 19.83 20.09 19.54 20.47 20.02 20.70 19.95 20.13 20.40 21.64 22.17 22.29 22.49 22.41 22.46 22.38 22.26 22.43 22.10 22.26 22.26 22.34 22.40 22.23 22.20 22.03 22.00 21.90 21.80 21.69 21.59 21.48 21.38 21.27 21.17 21.06 20.96 20.88 20.78 20.70 20.62 20.54 20.47 20.39 19.94 20.03 20.12 20.01 19.91 19.82 19.72 19.63 19.55 19.46 19.39 19.32 19.26 19.24 19.42 19.61 19.80 19.95 20.09 20.21 20.31 20.39 20.45
18.81 18.65 18.13 18.80 19.16 19.03 18.66 19.16 18.72 18.10 19.14 20.13 20.45 20.64 20.23 20.51 20.59 20.41 19.82 20.58 20.03 21.68 22.04 22.40 22.54 22.44 22.55 22.17 22.34 22.40 20.83 22.39 22.26 22.28 22.21 22.03 21.97 21.95 21.79 21.77 21.66 21.56 21.47 21.37 21.27 21.18 21.08 20.99 20.90 20.82 20.73 20.64 20.56 20.22 20.14 20.10 20.20 20.09 19.99 19.89 19.80 19.70 19.61 19.54 19.45 19.38 19.30 19.27 19.42 19.62 19.80 19.96 20.09 20.21 20.31 20.38 20.45
18.75 18.70 18.49 18.97 19.23 18.90 18.77 19.21 18.52 18.57 18.79 20.00 20.45 20.29 19.52 20.56 19.95 19.81 19.47 20.13 19.30 20.37 19.70 21.96 22.37 22.31 22.17 21.91 22.36 22.43 22.14 22.39 22.37 22.29 22.02 22.13 21.98 22.01 21.79 21.77 21.75 21.66 21.57 21.48 21.38 21.29 21.18 21.10 21.01 20.92 20.83 20.74 20.66 20.57 20.29 20.19 20.28 20.18 20.07 19.97 19.87 19.78 19.68 19.59 19.51 19.43 19.36 19.32 19.45 19.63 19.82 19.97 20.10 20.21 20.31 20.39 20.46
18.58 18.10 17.85 18.58 19.26 18.76 19.32 18.60 18.68 17.81 19.24 20.07 20.38 20.36 20.31 20.10 19.72 19.54 19.92 20.64 19.33 20.00 21.18 21.53 21.95 22.14 21.99 22.11 22.38 22.55 22.52 22.37 22.20 22.16 22.12 22.21 22.10 21.98 21.90 21.89 21.83 21.74 21.65 21.57 21.47 21.38 21.28 21.20 21.10 21.01 20.92 20.84 20.75 20.65 20.55 20.25 20.36 20.25 20.14 20.04 19.94 19.84 19.74 19.65 19.57 19.48 19.41 19.36 19.47 19.65 19.83 19.98 20.11 20.23 20.32 20.40 20.46
18.03 17.89 18.69 18.94 19.16 19.32 19.38 18.99 19.11 18.37 18.37 19.62 20.31 20.27 20.34 19.80 19.24 20.43 20.20 20.12 18.72 19.77 21.12 21.73 21.63 21.86 21.81 21.80 22.09 21.96 22.38 22.22 22.22 22.19 22.33 21.94 22.00 21.95 21.93 21.98 21.91 21.83 21.74 21.66 21.56 21.47 21.38 21.29 21.20 21.10 21.01 20.92 20.82 20.72 20.63 20.45 20.35 20.31 20.20 20.11 20.00 19.90 19.81 19.71 19.63 19.54 19.46 19.41 19.50 19.67 19.85 19.99 20.13 20.24 20.33 20.41 20.47
18.52 18.13 18.47 18.36 18.96 19.19 19.51 19.15 19.38 19.33 18.97 19.74 20.36 20.19 19.80 20.46 20.17 20.64 19.93 19.18 19.33 20.00 21.34 21.42 21.63 22.04 21.85 21.68 22.07 22.05 22.05 22.32 22.33 22.37 22.11 22.02 22.13 22.04 21.96 21.93 21.94 21.91 21.82 21.74 21.64 21.55 21.45 21.36 21.27 21.17 21.08 20.98 20.88 20.79 20.68 20.20 19.93 20.35 20.27 20.16 20.06 19.95 19.86 19.77 19.67 19.59 19.51 19.45 19.52 19.69 19.86 20.01 20.14 20.25 20.34 20.41 20.47
18.41 18.15 18.46 18.55 18.57 18.77 19.28 19.54 19.62 19.45 19.63 19.84 20.39 19.97 20.36 20.58 20.02 20.37 19.55 18.84 19.19 19.50 20.11 21.18 20.86 21.59 20.87 21.30 22.04 22.24 22.39 22.38 22.49 22.18 22.00 21.96 22.05 22.03 22.00 22.02 22.00 21.98 21.89 21.80 21.71 21.61 21.52 21.43 21.34 21.24 21.14 21.04 20.94 20.85 20.29 19.97 19.95 20.42 20.32 20.21 20.10 20.00 19.91 19.81 19.72 19.62 19.54 19.48 19.53 19.70 19.87 20.02 20.14 20.25 20.34 20.41 20.48
18.77 18.37 18.35 18.80 18.79 18.84 19.20 19.55 19.45 19.79 19.61 19.60 20.09 20.01 20.42 20.42 20.20 20.41 20.02 19.75 19.65 19.47 19.53 20.10 20.22 20.27 21.14 21.64 21.86 22.26 22.47 22.36 22.13 21.94 21.89 22.15 22.09 22.07 22.09 22.08 22.04 22.03 21.95 21.86 21.77 21.68 21.58 21.48 21.38 21.29 21.19 21.09 20.99 20.72 20.12 20.07 20.17 20.46 20.35 20.25 20.14 20.04 19.94 19.84 19.75 19.66 19.58 19.50 19.54 19.70 19.86 20.01 20.14 20.25 20.35 20.42 20.48
18.62 18.28 18.46 18.68 18.70 18.78 19.06 19.44 19.35 19.65 19.83 20.06 19.98 20.47 20.41 20.52 20.26 20.10 19.97 19.88 19.72 19.93 20.07 20.43 19.29 20.81 20.67 21.25 21.74 22.32 22.29 22.23 22.09 22.13 22.11 22.00 22.12 22.17 22.21 22.17 22.14 22.03 21.98 21.91 21.82 21.73 21.62 21.53 21.43 21.33 21.22 21.12 20.82 20.19 19.42 19.95 20.59 20.49 20.38 20.27 20.16 20.07 19.96 19.87 19.78 19.68 19.59 19.52 19.53 19.68 19.85 20.01 20.13 20.25 20.34 20.41 20.48
18.57 18.68 18.66 18.43 18.65 18.59 18.88 19.09 18.81 19.55 20.26 20.17 19.76 20.35 20.59 20.63 20.50 20.30 20.21 19.66 19.39 20.78 19.71 21.08 19.66 20.72 19.52 21.82 22.04 22.11 22.32 21.93 21.97 21.96 21.95 22.01 22.20 22.24 22.25 22.16 22.16 22.10 22.01 21.96 21.86 21.76 21.66 21.56 21.46 21.35 21.24 21.11 20.55 19.89 20.01 20.11 20.60 20.49 20.38 20.28 20.18 20.07 19.98 19.87 19.78 19.69 19.60 19.51 19.50 19.64 19.83 19.99 20.11 20.24 20.34 20.41 20.47
18.60 18.87 18.73 18.71 18.68 18.82 19.05 19.29 19.81 19.59 19.94 20.34 20.29 20.68 20.27 19.60 20.25 20.11 19.78 19.73 20.75 20.90 20.24 21.26 19.91 21.34 21.67 21.84 21.76 21.85 22.31 22.09 21.93 21.96 21.76 22.21 22.12 22.24 22.31 22.18 22.17 22.11 21.91 21.96 21.89 21.78 21.68 21.58 21.47 21.37 21.25 21.15 20.51 20.21 19.93 20.71 20.60 20.49 20.38 20.28 20.17 20.07 19.97 19.88 19.78 19.69 19.60 19.51 19.47 19.60 19.78 19.95 20.09 20.22 20.32 20.40 20.46
