main/data/temperature/08.09.2023.grid
ncols 886
nrows 691
xllcenter 112.0000
yllcenter -44.5000
cellsize 0.0500
nodata_value 99999.90
[rows 544 to 577 of 691, columns 308 to 384 of 886]
15.21 15.20 15.17 15.16 15.14 15.12 15.11 15.08 15.07 15.05 15.04 15.01 14.99 14.98 14.95 14.93 14.92 14.89 14.88 14.85 14.84 14.81 14.78 14.76 14.73 14.70 14.68 14.65 14.62 14.60 14.56 14.53 14.50 14.46 14.43 14.39 14.34 14.31 14.26 14.22 14.17 14.11 14.07 14.01 13.95 13.89 13.83 13.76 13.70 13.62 13.54 13.47 13.38 13.30 13.21 13.11 13.02 12.91 12.80 12.69 12.57 12.45 12.32 12.18 12.05 11.90 11.74 11.59 11.45 11.40 11.38 11.38 11.38 11.38 11.39 11.39 11.38
15.20 15.19 15.17 15.15 15.13 15.11 15.10 15.08 15.07 15.04 15.03 15.01 14.99 14.98 14.95 14.94 14.92 14.89 14.88 14.85 14.84 14.81 14.78 14.77 14.74 14.71 14.69 14.66 14.64 14.61 14.57 14.55 14.51 14.47 14.44 14.40 14.37 14.32 14.28 14.24 14.19 14.14 14.09 14.04 13.99 13.93 13.86 13.80 13.73 13.66 13.59 13.51 13.43 13.35 13.26 13.18 13.08 12.97 12.87 12.76 12.64 12.53 12.40 12.28 12.14 11.99 11.85 11.70 11.54 11.41 11.35 11.35 11.34 11.34 11.35 11.34 11.35
15.19 15.18 15.16 15.14 15.12 15.10 15.09 15.07 15.06 15.04 15.03 15.01 14.98 14.97 14.95 14.94 14.91 14.89 14.88 14.85 14.84 14.81 14.79 14.77 14.74 14.72 14.69 14.66 14.64 14.61 14.59 14.55 14.52 14.49 14.45 14.41 14.38 14.34 14.30 14.26 14.21 14.17 14.12 14.06 14.01 13.95 13.90 13.84 13.77 13.71 13.63 13.56 13.48 13.40 13.31 13.23 13.13 13.04 12.94 12.83 12.72 12.60 12.49 12.36 12.22 12.09 11.95 11.80 11.65 11.48 11.36 11.31 11.30 11.31 11.30 11.31 11.31
15.17 15.16 15.14 15.13 15.11 15.09 15.08 15.06 15.05 15.03 15.02 15.00 14.98 14.96 14.94 14.93 14.91 14.89 14.87 14.85 14.83 14.81 14.79 14.77 14.74 14.72 14.69 14.68 14.65 14.61 14.59 14.56 14.53 14.50 14.46 14.43 14.39 14.35 14.32 14.27 14.24 14.19 14.13 14.09 14.04 13.98 13.93 13.86 13.81 13.74 13.67 13.60 13.52 13.45 13.37 13.28 13.19 13.10 12.99 12.90 12.79 12.68 12.56 12.44 12.32 12.18 12.04 11.90 11.75 11.60 11.44 11.30 11.27 11.26 11.27 11.27 11.27
15.16 15.15 15.13 15.12 15.10 15.09 15.07 15.05 15.04 15.02 15.01 14.99 14.98 14.95 14.93 14.92 14.90 14.89 14.87 14.85 14.83 14.80 14.79 14.76 14.74 14.72 14.69 14.67 14.65 14.62 14.59 14.56 14.54 14.50 14.47 14.44 14.40 14.37 14.33 14.28 14.25 14.20 14.16 14.11 14.05 14.01 13.95 13.89 13.83 13.77 13.71 13.64 13.56 13.49 13.41 13.32 13.24 13.15 13.06 12.95 12.86 12.75 12.63 12.52 12.39 12.26 12.13 11.99 11.85 11.70 11.54 11.39 11.26 11.24 11.23 11.23 11.23
15.14 15.13 15.11 15.10 15.08 15.07 15.05 15.04 15.02 15.00 14.99 14.97 14.96 14.94 14.93 14.91 14.89 14.88 14.86 14.84 14.82 14.80 14.78 14.76 14.74 14.72 14.70 14.67 14.64 14.62 14.59 14.56 14.54 14.50 14.48 14.44 14.40 14.38 14.33 14.30 14.26 14.21 14.17 14.12 14.08 14.03 13.97 13.92 13.86 13.79 13.74 13.67 13.60 13.52 13.45 13.37 13.28 13.20 13.11 13.02 12.91 12.81 12.70 12.59 12.46 12.35 12.22 12.09 11.94 11.79 11.65 11.49 11.34 11.22 11.20 11.19 11.20
15.12 15.11 15.09 15.08 15.06 15.05 15.03 15.01 15.01 14.99 14.98 14.96 14.95 14.93 14.92 14.90 14.88 14.87 14.84 14.83 14.81 14.80 14.77 14.75 14.73 14.71 14.69 14.66 14.64 14.62 14.59 14.57 14.54 14.51 14.48 14.44 14.42 14.38 14.35 14.31 14.26 14.23 14.18 14.13 14.09 14.04 13.99 13.94 13.88 13.82 13.76 13.70 13.63 13.56 13.49 13.41 13.33 13.24 13.15 13.07 12.97 12.87 12.76 12.65 12.54 12.42 12.30 12.17 12.04 11.89 11.74 11.60 11.44 11.29 11.18 11.15 11.15
15.09 15.09 15.07 15.06 15.04 15.03 15.01 15.00 14.99 14.98 14.96 14.95 14.93 14.91 14.90 14.88 14.87 14.85 14.84 14.82 14.80 14.78 14.76 14.75 14.72 14.71 14.68 14.66 14.64 14.61 14.59 14.56 14.53 14.51 14.48 14.45 14.42 14.38 14.35 14.31 14.28 14.23 14.19 14.15 14.10 14.06 14.01 13.95 13.90 13.84 13.79 13.72 13.65 13.59 13.52 13.45 13.37 13.28 13.20 13.11 13.02 12.92 12.82 12.72 12.60 12.50 12.37 12.24 12.12 11.98 11.84 11.69 11.55 11.38 11.24 11.14 11.11
15.07 15.06 15.04 15.04 15.02 15.01 14.99 14.98 14.96 14.96 14.94 14.93 14.91 14.89 14.88 14.86 14.85 14.83 14.82 14.80 14.79 14.77 14.75 14.73 14.71 14.69 14.67 14.65 14.63 14.60 14.58 14.55 14.53 14.50 14.47 14.45 14.41 14.39 14.35 14.31 14.28 14.24 14.20 14.16 14.12 14.07 14.02 13.97 13.92 13.87 13.81 13.74 13.69 13.62 13.55 13.48 13.40 13.33 13.24 13.16 13.07 12.97 12.88 12.77 12.67 12.56 12.45 12.33 12.20 12.07 11.93 11.79 11.64 11.49 11.33 11.18 11.10
15.04 15.04 15.03 15.01 14.99 14.99 14.97 14.96 14.94 14.93 14.92 14.91 14.89 14.88 14.86 14.85 14.83 14.81 14.80 14.78 14.77 14.75 14.74 14.72 14.70 14.68 14.66 14.64 14.61 14.60 14.57 14.54 14.52 14.49 14.47 14.44 14.42 14.38 14.34 14.32 14.28 14.25 14.20 14.16 14.12 14.07 14.03 13.98 13.93 13.88 13.82 13.77 13.71 13.65 13.58 13.50 13.44 13.36 13.29 13.20 13.12 13.02 12.93 12.83 12.73 12.63 12.51 12.39 12.28 12.15 12.02 11.88 11.74 11.59 11.43 11.28 11.13
15.03 15.01 15.00 14.98 14.98 14.96 14.95 14.93 14.93 14.91 14.89 14.88 14.87 14.86 14.84 14.83 14.81 14.80 14.78 14.77 14.75 14.74 14.72 14.70 14.69 14.66 14.65 14.62 14.61 14.58 14.56 14.54 14.51 14.49 14.46 14.44 14.41 14.37 14.35 14.31 14.28 14.24 14.20 14.17 14.12 14.09 14.04 13.99 13.95 13.89 13.84 13.78 13.73 13.67 13.60 13.54 13.46 13.40 13.32 13.23 13.16 13.06 12.98 12.88 12.79 12.68 12.57 12.47 12.35 12.23 12.10 11.97 11.83 11.69 11.54 11.38 11.23
15.00 14.98 14.97 14.96 14.95 14.93 14.92 14.91 14.90 14.88 14.88 14.86 14.85 14.83 14.82 14.81 14.79 14.78 14.76 14.75 14.73 14.72 14.70 14.69 14.67 14.64 14.63 14.61 14.59 14.57 14.55 14.52 14.50 14.48 14.45 14.43 14.40 14.37 14.34 14.30 14.28 14.24 14.21 14.17 14.13 14.09 14.04 14.00 13.95 13.91 13.85 13.80 13.74 13.68 13.63 13.56 13.50 13.42 13.35 13.27 13.19 13.11 13.02 12.94 12.84 12.74 12.64 12.53 12.42 12.30 12.18 12.05 11.92 11.78 11.64 11.49 11.33
14.97 14.95 14.94 14.93 14.92 14.90 14.90 14.88 14.87 14.86 14.85 14.83 14.83 14.81 14.80 14.78 14.77 14.76 14.75 14.73 14.71 14.70 14.68 14.67 14.64 14.63 14.61 14.60 14.57 14.55 14.53 14.51 14.49 14.46 14.44 14.41 14.39 14.36 14.34 14.30 14.27 14.24 14.20 14.17 14.13 14.08 14.05 14.00 13.96 13.91 13.87 13.81 13.75 13.70 13.64 13.58 13.52 13.45 13.38 13.30 13.23 13.14 13.07 12.97 12.89 12.79 12.70 12.59 12.48 12.37 12.25 12.13 12.00 11.87 11.73 11.59 11.44
14.93 14.93 14.91 14.90 14.89 14.88 14.87 14.86 14.84 14.84 14.82 14.80 14.80 14.79 14.77 14.76 14.75 14.73 14.72 14.70 14.69 14.67 14.66 14.64 14.63 14.61 14.60 14.58 14.55 14.54 14.51 14.50 14.47 14.46 14.43 14.40 14.38 14.35 14.32 14.29 14.27 14.23 14.20 14.16 14.12 14.09 14.05 14.01 13.96 13.92 13.87 13.82 13.77 13.71 13.66 13.60 13.54 13.47 13.40 13.33 13.26 13.18 13.10 13.02 12.93 12.84 12.74 12.64 12.54 12.43 12.32 12.20 12.08 11.95 11.82 11.68 11.54
14.90 14.89 14.88 14.87 14.86 14.85 14.83 14.83 14.81 14.81 14.79 14.78 14.77 14.76 14.74 14.74 14.72 14.71 14.69 14.69 14.67 14.65 14.64 14.62 14.61 14.59 14.57 14.55 14.54 14.52 14.50 14.48 14.46 14.44 14.41 14.39 14.36 14.34 14.31 14.29 14.25 14.22 14.19 14.15 14.12 14.08 14.05 14.01 13.97 13.92 13.88 13.83 13.78 13.73 13.67 13.62 13.55 13.50 13.43 13.37 13.29 13.21 13.14 13.05 12.98 12.88 12.80 12.70 12.60 12.49 12.38 12.27 12.15 12.03 11.90 11.77 11.63
14.86 14.86 14.84 14.84 14.82 14.82 14.80 14.80 14.79 14.77 14.77 14.75 14.74 14.73 14.71 14.71 14.70 14.68 14.67 14.66 14.64 14.63 14.61 14.60 14.58 14.57 14.55 14.54 14.52 14.50 14.48 14.46 14.44 14.41 14.40 14.37 14.35 14.32 14.30 14.27 14.24 14.21 14.18 14.15 14.11 14.08 14.04 14.01 13.97 13.93 13.88 13.83 13.79 13.73 13.69 13.63 13.58 13.51 13.45 13.38 13.31 13.24 13.17 13.09 13.01 12.93 12.84 12.75 12.65 12.55 12.45 12.34 12.22 12.11 11.99 11.85 11.73
14.84 14.82 14.82 14.80 14.80 14.78 14.78 14.76 14.76 14.74 14.74 14.72 14.71 14.70 14.69 14.68 14.67 14.65 14.65 14.63 14.62 14.60 14.59 14.57 14.56 14.54 14.53 14.51 14.49 14.48 14.46 14.44 14.42 14.40 14.38 14.36 14.33 14.31 14.28 14.26 14.23 14.20 14.17 14.14 14.11 14.07 14.04 14.00 13.97 13.92 13.88 13.84 13.79 13.75 13.69 13.64 13.58 13.53 13.47 13.41 13.34 13.26 13.20 13.12 13.05 12.96 12.88 12.79 12.70 12.60 12.51 12.40 12.29 12.18 12.06 11.94 11.82
14.80 14.79 14.78 14.77 14.76 14.76 14.74 14.73 14.72 14.72 14.70 14.70 14.68 14.68 14.66 14.65 14.64 14.63 14.61 14.61 14.59 14.57 14.56 14.54 14.53 14.51 14.50 14.48 14.47 14.45 14.44 14.42 14.40 14.38 14.36 14.34 14.32 14.29 14.27 14.24 14.21 14.19 14.16 14.13 14.10 14.07 14.03 14.00 13.96 13.92 13.88 13.84 13.80 13.74 13.70 13.65 13.60 13.54 13.49 13.42 13.36 13.29 13.22 13.15 13.07 13.00 12.92 12.84 12.74 12.66 12.55 12.46 12.35 12.25 12.13 12.02 11.89
14.76 14.76 14.74 14.74 14.73 14.72 14.71 14.70 14.69 14.68 14.67 14.66 14.65 14.64 14.63 14.62 14.60 14.60 14.58 14.57 14.56 14.55 14.53 14.52 14.50 14.49 14.47 14.47 14.44 14.43 14.41 14.40 14.38 14.36 14.34 14.32 14.30 14.28 14.25 14.22 14.20 14.17 14.15 14.12 14.09 14.06 14.03 13.99 13.96 13.92 13.88 13.84 13.79 13.75 13.70 13.66 13.60 13.55 13.49 13.44 13.38 13.32 13.25 13.18 13.11 13.04 12.96 12.87 12.79 12.70 12.61 12.51 12.41 12.30 12.20 12.08 11.97
14.73 14.72 14.71 14.70 14.70 14.68 14.68 14.66 14.66 14.65 14.64 14.63 14.62 14.61 14.60 14.58 14.58 14.56 14.56 14.54 14.53 14.52 14.51 14.49 14.48 14.46 14.45 14.43 14.42 14.40 14.39 14.37 14.36 14.34 14.32 14.30 14.28 14.26 14.23 14.21 14.18 14.16 14.13 14.11 14.07 14.05 14.01 13.99 13.95 13.92 13.87 13.84 13.79 13.75 13.71 13.66 13.61 13.56 13.51 13.45 13.39 13.33 13.27 13.20 13.14 13.06 12.99 12.91 12.83 12.74 12.66 12.56 12.46 12.37 12.27 12.15 12.05
14.70 14.68 14.68 14.66 14.66 14.64 14.64 14.63 14.62 14.62 14.60 14.60 14.58 14.58 14.56 14.56 14.54 14.54 14.52 14.52 14.50 14.49 14.47 14.47 14.45 14.44 14.42 14.41 14.39 14.38 14.36 14.35 14.33 14.32 14.29 14.28 14.26 14.23 14.21 14.19 14.17 14.14 14.12 14.09 14.06 14.03 14.01 13.97 13.94 13.90 13.87 13.83 13.79 13.75 13.71 13.66 13.61 13.57 13.51 13.46 13.40 13.35 13.28 13.23 13.16 13.09 13.02 12.95 12.86 12.79 12.70 12.61 12.51 12.42 12.32 12.22 12.11
14.66 14.64 14.64 14.62 14.62 14.62 14.60 14.60 14.58 14.58 14.57 14.56 14.55 14.54 14.53 14.52 14.52 14.50 14.49 14.48 14.46 14.46 14.45 14.43 14.43 14.41 14.40 14.38 14.37 14.35 14.34 14.32 14.30 14.29 14.27 14.25 14.23 14.21 14.19 14.17 14.14 14.12 14.10 14.08 14.04 14.02 13.99 13.96 13.93 13.90 13.86 13.83 13.79 13.75 13.71 13.66 13.62 13.58 13.52 13.47 13.42 13.36 13.30 13.24 13.18 13.11 13.05 12.97 12.90 12.82 12.74 12.65 12.57 12.47 12.38 12.27 12.17
14.61 14.61 14.60 14.59 14.58 14.58 14.57 14.56 14.55 14.54 14.54 14.52 14.52 14.50 14.50 14.48 14.48 14.46 14.46 14.44 14.44 14.43 14.41 14.40 14.39 14.38 14.36 14.36 14.34 14.32 14.31 14.29 14.28 14.27 14.24 14.22 14.21 14.18 14.17 14.14 14.13 14.10 14.08 14.05 14.03 14.00 13.98 13.94 13.92 13.88 13.85 13.81 13.78 13.74 13.71 13.66 13.62 13.57 13.53 13.48 13.43 13.37 13.32 13.26 13.20 13.13 13.07 13.00 12.93 12.85 12.78 12.69 12.61 12.52 12.43 12.33 12.24
14.57 14.57 14.57 14.55 14.55 14.53 14.53 14.52 14.51 14.51 14.50 14.49 14.48 14.47 14.46 14.46 14.44 14.44 14.42 14.42 14.40 14.39 14.38 14.37 14.35 14.35 14.34 14.32 14.30 14.30 14.29 14.27 14.26 14.23 14.21 14.20 14.18 14.17 14.14 14.13 14.10 14.08 14.06 14.04 14.01 13.99 13.96 13.93 13.90 13.87 13.84 13.81 13.77 13.74 13.69 13.66 13.61 13.58 13.53 13.48 13.43 13.38 13.32 13.27 13.21 13.16 13.09 13.03 12.95 12.89 12.81 12.73 12.65 12.57 12.47 12.39 12.29
14.54 14.53 14.52 14.51 14.51 14.50 14.49 14.49 14.47 14.47 14.46 14.45 14.45 14.43 14.43 14.42 14.41 14.40 14.39 14.38 14.37 14.36 14.35 14.33 14.33 14.31 14.30 14.29 14.28 14.26 14.25 14.24 14.22 14.21 14.19 14.18 14.16 14.13 14.12 14.11 14.08 14.07 14.04 14.02 13.99 13.96 13.94 13.91 13.89 13.85 13.83 13.79 13.76 13.72 13.69 13.65 13.61 13.57 13.53 13.48 13.44 13.38 13.34 13.28 13.23 13.17 13.11 13.04 12.98 12.91 12.84 12.76 12.69 12.61 12.52 12.44 12.34
14.50 14.49 14.48 14.48 14.46 14.46 14.46 14.44 14.44 14.43 14.42 14.41 14.41 14.39 14.39 14.39 14.37 14.37 14.35 14.35 14.33 14.33 14.31 14.31 14.29 14.28 14.27 14.26 14.24 14.23 14.22 14.21 14.20 14.18 14.16 14.15 14.13 14.11 14.10 14.08 14.06 14.04 14.02 13.99 13.98 13.95 13.93 13.90 13.88 13.84 13.82 13.78 13.76 13.72 13.69 13.65 13.61 13.57 13.53 13.48 13.44 13.39 13.35 13.29 13.24 13.18 13.13 13.06 13.01 12.93 12.87 12.79 12.72 12.64 12.56 12.48 12.39
14.45 14.45 14.45 14.43 14.43 14.42 14.42 14.40 14.40 14.40 14.38 14.38 14.37 14.36 14.36 14.35 14.34 14.33 14.32 14.31 14.30 14.29 14.28 14.27 14.26 14.25 14.24 14.22 14.22 14.21 14.19 14.18 14.16 14.15 14.13 14.12 14.10 14.09 14.07 14.05 14.03 14.02 13.99 13.98 13.95 13.93 13.90 13.88 13.85 13.83 13.80 13.77 13.74 13.71 13.67 13.64 13.60 13.57 13.52 13.48 13.44 13.40 13.34 13.30 13.24 13.20 13.14 13.08 13.03 12.96 12.89 12.82 12.76 12.68 12.61 12.52 12.44
14.42 14.41 14.40 14.40 14.39 14.39 14.37 14.37 14.37 14.35 14.35 14.34 14.33 14.32 14.32 14.30 14.30 14.30 14.28 14.28 14.26 14.26 14.24 14.24 14.22 14.22 14.21 14.19 14.18 14.17 14.16 14.14 14.14 14.12 14.11 14.09 14.08 14.06 14.04 14.02 14.01 13.99 13.97 13.95 13.93 13.90 13.88 13.86 13.84 13.81 13.78 13.75 13.73 13.69 13.66 13.62 13.59 13.55 13.52 13.47 13.44 13.39 13.35 13.31 13.25 13.21 13.15 13.10 13.04 12.98 12.91 12.85 12.78 12.71 12.63 12.56 12.48
14.37 14.37 14.36 14.36 14.35 14.34 14.34 14.33 14.32 14.32 14.31 14.30 14.29 14.29 14.28 14.27 14.26 14.25 14.25 14.24 14.23 14.22 14.21 14.20 14.19 14.18 14.17 14.16 14.15 14.14 14.12 14.12 14.10 14.09 14.07 14.06 14.04 14.03 14.01 14.00 13.98 13.96 13.94 13.92 13.90 13.88 13.87 13.84 13.82 13.79 13.77 13.74 13.71 13.68 13.65 13.62 13.59 13.55 13.52 13.47 13.44 13.39 13.35 13.30 13.26 13.21 13.16 13.10 13.05 12.99 12.93 12.88 12.81 12.74 12.67 12.60 12.52
14.34 14.33 14.32 14.31 14.31 14.31 14.29 14.29 14.28 14.28 14.27 14.26 14.26 14.25 14.24 14.23 14.23 14.22 14.21 14.20 14.19 14.19 14.17 14.17 14.15 14.15 14.13 14.13 14.12 14.10 14.10 14.08 14.07 14.05 14.04 14.03 14.02 14.00 13.99 13.96 13.95 13.93 13.92 13.89 13.88 13.86 13.84 13.82 13.79 13.77 13.74 13.72 13.69 13.67 13.63 13.61 13.57 13.54 13.50 13.47 13.43 13.39 13.34 13.31 13.27 13.22 13.17 13.12 13.07 13.01 12.95 12.89 12.83 12.77 12.70 12.63 12.55
14.29 14.29 14.28 14.28 14.26 14.26 14.26 14.25 14.25 14.24 14.23 14.23 14.21 14.21 14.20 14.20 14.18 14.18 14.18 14.16 14.16 14.14 14.14 14.13 14.12 14.12 14.10 14.09 14.08 14.07 14.06 14.05 14.03 14.02 14.01 14.00 13.99 13.97 13.96 13.94 13.93 13.91 13.89 13.87 13.86 13.83 13.82 13.79 13.77 13.75 13.73 13.70 13.68 13.64 13.62 13.60 13.56 13.53 13.49 13.46 13.42 13.39 13.34 13.31 13.26 13.22 13.18 13.13 13.08 13.02 12.97 12.91 12.85 12.79 12.73 12.65 12.59
14.25 14.25 14.24 14.23 14.23 14.22 14.21 14.21 14.20 14.20 14.20 14.18 14.18 14.17 14.17 14.15 14.15 14.15 14.13 14.13 14.12 14.11 14.10 14.09 14.09 14.07 14.07 14.05 14.05 14.03 14.03 14.01 14.00 13.99 13.98 13.97 13.95 13.94 13.92 13.91 13.89 13.88 13.86 13.85 13.82 13.81 13.79 13.77 13.74 13.73 13.71 13.68 13.66 13.63 13.61 13.57 13.55 13.51 13.49 13.45 13.42 13.38 13.34 13.31 13.26 13.22 13.18 13.13 13.08 13.03 12.98 12.93 12.87 12.81 12.75 12.68 12.62
14.21 14.21 14.20 14.20 14.18 14.18 14.18 14.17 14.17 14.15 14.15 14.15 14.14 14.13 14.12 14.12 14.12 14.10 14.10 14.09 14.08 14.07 14.07 14.06 14.05 14.04 14.03 14.02 14.01 14.00 13.99 13.98 13.97 13.96 13.95 13.93 13.92 13.90 13.90 13.88 13.87 13.86 13.83 13.82 13.80 13.79 13.76 13.75 13.72 13.71 13.68 13.66 13.63 13.61 13.59 13.56 13.54 13.50 13.48 13.44 13.41 13.37 13.34 13.30 13.26 13.22 13.18 13.14 13.09 13.04 12.99 12.94 12.88 12.83 12.77 12.71 12.65
14.16 14.16 14.16 14.15 14.15 14.14 14.13 14.13 14.12 14.12 14.12 14.10 14.10 14.09 14.09 14.08 14.07 14.07 14.06 14.05 14.04 14.04 14.03 14.02 14.01 14.00 14.00 13.98 13.98 13.97 13.95 13.95 13.93 13.93 13.91 13.90 13.88 13.88 13.87 13.85 13.84 13.82 13.81 13.79 13.78 13.75 13.74 13.72 13.70 13.68 13.66 13.64 13.61 13.60 13.57 13.54 13.51 13.49 13.46 13.43 13.40 13.36 13.33 13.29 13.26 13.22 13.18 13.13 13.09 13.05 13.00 12.95 12.90 12.85 12.79 12.73 12.67
