main/data/temperature/08.07.2023.grid
ncols 886
nrows 691
xllcenter 112.0000
yllcenter -44.5000
cellsize 0.0500
nodata_value 99999.90
[rows 34 to 67 of 691, columns 693 to 769 of 886]
29.64 29.64 29.63 29.62 29.61 29.60 29.59 29.59 29.57 29.57 29.56 29.56 29.55 29.54 29.54 29.53 29.53 29.53 29.52 29.52 29.51 29.51 29.51 29.50 29.50 29.49 29.49 29.48 29.48 29.48 29.48 29.46 29.43 29.38 29.32 29.28 29.23 29.18 29.13 29.08 29.04 29.00 28.96 28.92 28.88 28.84 28.80 28.77 28.73 28.69 28.65 28.62 28.59 28.55 28.52 28.47 28.44 28.41 28.36 28.33 28.29 28.26 28.22 28.18 28.15 28.11 28.06 28.03 27.99 27.95 27.91 27.88 27.84 27.80 27.76 27.73 27.69
29.62 29.61 29.60 29.58 29.58 29.58 29.56 29.56 29.54 29.54 29.53 29.53 29.51 29.51 29.50 29.50 29.49 29.48 29.48 29.47 29.47 29.46 29.46 29.46 29.45 29.45 29.44 29.45 29.44 29.44 29.43 29.43 29.42 29.40 29.36 29.31 29.26 29.21 29.16 29.11 29.07 29.02 28.98 28.94 28.90 28.87 28.82 28.79 28.74 28.71 28.67 28.63 28.59 28.55 28.52 28.48 28.45 28.41 28.37 28.34 28.30 28.26 28.23 28.19 28.15 28.11 28.07 28.04 27.99 27.96 27.92 27.89 27.84 27.81 27.77 27.74 27.70
29.59 29.59 29.57 29.57 29.55 29.55 29.53 29.52 29.52 29.50 29.50 29.49 29.48 29.48 29.47 29.46 29.45 29.45 29.44 29.44 29.43 29.43 29.42 29.42 29.42 29.41 29.41 29.40 29.39 29.40 29.39 29.39 29.38 29.38 29.37 29.34 29.30 29.25 29.20 29.15 29.10 29.05 29.01 28.97 28.93 28.88 28.84 28.81 28.76 28.73 28.69 28.65 28.61 28.57 28.53 28.49 28.46 28.42 28.38 28.35 28.30 28.27 28.23 28.19 28.15 28.11 28.08 28.04 28.00 27.97 27.93 27.89 27.85 27.81 27.78 27.75 27.71
29.58 29.57 29.55 29.54 29.53 29.52 29.51 29.49 29.49 29.47 29.47 29.45 29.45 29.44 29.43 29.42 29.42 29.41 29.40 29.39 29.39 29.39 29.38 29.38 29.37 29.36 29.36 29.36 29.36 29.35 29.34 29.35 29.34 29.33 29.34 29.33 29.31 29.28 29.23 29.18 29.13 29.09 29.04 29.00 28.96 28.91 28.87 28.82 28.78 28.74 28.71 28.67 28.62 28.58 28.55 28.51 28.47 28.44 28.39 28.36 28.31 28.28 28.24 28.20 28.17 28.13 28.09 28.05 28.02 27.98 27.94 27.90 27.87 27.83 27.79 27.75 27.72
29.56 29.54 29.52 29.52 29.50 29.49 29.48 29.46 29.46 29.44 29.44 29.42 29.42 29.40 29.39 29.39 29.38 29.37 29.36 29.36 29.36 29.35 29.34 29.34 29.33 29.33 29.32 29.32 29.31 29.30 29.31 29.30 29.29 29.30 29.29 29.29 29.28 29.27 29.26 29.22 29.17 29.12 29.08 29.03 28.99 28.94 28.90 28.85 28.81 28.76 28.73 28.69 28.64 28.60 28.56 28.53 28.49 28.45 28.42 28.37 28.34 28.29 28.26 28.22 28.18 28.14 28.11 28.07 28.03 27.99 27.95 27.92 27.88 27.85 27.81 27.77 27.74
29.54 29.52 29.50 29.49 29.48 29.46 29.45 29.44 29.43 29.41 29.40 29.39 29.38 29.37 29.36 29.36 29.34 29.34 29.33 29.33 29.31 29.30 29.30 29.29 29.29 29.28 29.27 29.28 29.27 29.27 29.26 29.26 29.25 29.25 29.25 29.24 29.24 29.23 29.23 29.22 29.20 29.16 29.11 29.07 29.02 28.97 28.93 28.88 28.84 28.79 28.76 28.71 28.67 28.63 28.59 28.55 28.51 28.47 28.43 28.39 28.35 28.32 28.27 28.23 28.20 28.16 28.12 28.08 28.05 28.01 27.97 27.93 27.90 27.86 27.82 27.79 27.75
29.52 29.50 29.48 29.47 29.45 29.43 29.43 29.41 29.39 29.39 29.37 29.36 29.35 29.33 29.33 29.31 29.31 29.30 29.29 29.28 29.27 29.27 29.26 29.26 29.25 29.25 29.24 29.23 29.23 29.22 29.22 29.21 29.21 29.21 29.20 29.20 29.19 29.20 29.20 29.18 29.18 29.17 29.14 29.10 29.06 29.00 28.96 28.92 28.87 28.82 28.79 28.74 28.69 28.65 28.61 28.57 28.53 28.49 28.45 28.41 28.37 28.33 28.29 28.26 28.21 28.18 28.14 28.10 28.07 28.03 27.99 27.95 27.91 27.87 27.85 27.81 27.77
29.50 29.48 29.46 29.45 29.43 29.41 29.40 29.38 29.37 29.36 29.34 29.33 29.32 29.30 29.30 29.28 29.27 29.27 29.25 29.25 29.24 29.23 29.22 29.21 29.21 29.20 29.19 29.20 29.19 29.18 29.17 29.18 29.17 29.16 29.16 29.16 29.16 29.16 29.15 29.15 29.15 29.14 29.13 29.12 29.09 29.05 29.00 28.96 28.91 28.86 28.82 28.77 28.72 28.69 28.65 28.60 28.56 28.51 28.47 28.44 28.40 28.35 28.32 28.27 28.24 28.20 28.16 28.12 28.08 28.05 28.01 27.97 27.93 27.90 27.86 27.83 27.80
29.48 29.46 29.45 29.43 29.41 29.39 29.38 29.36 29.34 29.32 29.31 29.30 29.29 29.27 29.26 29.25 29.24 29.22 29.22 29.21 29.20 29.19 29.18 29.18 29.17 29.16 29.16 29.15 29.14 29.15 29.14 29.13 29.12 29.12 29.12 29.12 29.11 29.11 29.11 29.11 29.10 29.10 29.09 29.09 29.08 29.07 29.03 28.99 28.94 28.90 28.85 28.80 28.77 28.72 28.68 28.63 28.59 28.55 28.51 28.47 28.42 28.38 28.35 28.30 28.27 28.22 28.19 28.15 28.10 28.07 28.03 28.00 27.96 27.92 27.88 27.85 27.82
29.46 29.45 29.43 29.41 29.39 29.37 29.36 29.34 29.32 29.30 29.29 29.27 29.25 29.25 29.23 29.21 29.21 29.19 29.18 29.18 29.16 29.15 29.15 29.14 29.14 29.13 29.12 29.11 29.11 29.10 29.09 29.09 29.09 29.08 29.08 29.07 29.07 29.07 29.06 29.06 29.06 29.06 29.06 29.05 29.04 29.04 29.04 29.02 28.99 28.94 28.89 28.85 28.80 28.75 28.71 28.66 28.62 28.58 28.54 28.50 28.46 28.42 28.37 28.33 28.30 28.25 28.22 28.17 28.14 28.10 28.06 28.03 27.98 27.95 27.91 27.88 27.85
29.45 29.43 29.41 29.39 29.37 29.34 29.32 29.31 29.29 29.27 29.25 29.24 29.22 29.21 29.20 29.18 29.17 29.16 29.15 29.13 29.13 29.12 29.10 29.10 29.09 29.08 29.07 29.07 29.06 29.06 29.06 29.05 29.05 29.04 29.04 29.03 29.03 29.02 29.02 29.02 29.02 29.01 29.01 29.01 29.00 29.00 29.00 28.99 28.99 28.97 28.94 28.89 28.84 28.80 28.75 28.71 28.66 28.62 28.58 28.54 28.50 28.45 28.41 28.37 28.32 28.29 28.25 28.21 28.17 28.13 28.09 28.05 28.01 27.98 27.94 27.91 27.87
29.44 29.42 29.39 29.37 29.35 29.32 29.30 29.29 29.27 29.25 29.23 29.21 29.20 29.18 29.16 29.15 29.14 29.12 29.12 29.10 29.09 29.08 29.07 29.06 29.05 29.05 29.04 29.03 29.02 29.02 29.02 29.01 29.00 29.00 29.00 29.00 28.99 28.99 28.99 28.98 28.98 28.97 28.97 28.97 28.97 28.96 28.96 28.96 28.95 28.95 28.94 28.92 28.89 28.84 28.79 28.75 28.70 28.67 28.61 28.57 28.53 28.49 28.45 28.41 28.36 28.32 28.28 28.24 28.20 28.16 28.13 28.08 28.05 28.01 27.98 27.94 27.90
29.43 29.40 29.38 29.35 29.33 29.30 29.28 29.26 29.25 29.22 29.20 29.18 29.17 29.15 29.13 29.12 29.11 29.09 29.08 29.07 29.06 29.04 29.03 29.03 29.02 29.01 29.00 29.00 28.99 28.98 28.97 28.96 28.97 28.96 28.96 28.95 28.95 28.95 28.94 28.94 28.94 28.94 28.94 28.93 28.93 28.93 28.92 28.92 28.92 28.91 28.92 28.91 28.89 28.88 28.84 28.80 28.75 28.70 28.66 28.61 28.57 28.53 28.49 28.45 28.40 28.36 28.32 28.28 28.24 28.20 28.16 28.12 28.08 28.05 28.01 27.97 27.94
29.42 29.39 29.36 29.34 29.31 29.29 29.26 29.24 29.21 29.20 29.18 29.16 29.14 29.12 29.11 29.09 29.07 29.05 29.05 29.03 29.02 29.01 29.00 28.99 28.97 28.97 28.96 28.95 28.94 28.95 28.94 28.93 28.92 28.92 28.91 28.91 28.91 28.91 28.90 28.90 28.90 28.89 28.89 28.89 28.89 28.88 28.89 28.89 28.88 28.88 28.87 28.87 28.87 28.86 28.85 28.83 28.80 28.75 28.71 28.66 28.62 28.58 28.53 28.48 28.44 28.40 28.36 28.32 28.28 28.24 28.20 28.16 28.12 28.08 28.05 28.01 27.97
29.41 29.38 29.35 29.32 29.30 29.27 29.24 29.22 29.19 29.18 29.16 29.13 29.11 29.09 29.07 29.06 29.04 29.02 29.01 29.00 28.98 28.97 28.96 28.95 28.94 28.93 28.92 28.92 28.91 28.90 28.89 28.89 28.89 28.88 28.88 28.88 28.87 28.87 28.87 28.86 28.86 28.86 28.85 28.85 28.85 28.85 28.84 28.85 28.84 28.84 28.83 28.84 28.83 28.83 28.83 28.82 28.81 28.80 28.76 28.72 28.67 28.63 28.58 28.54 28.49 28.45 28.41 28.37 28.32 28.28 28.24 28.21 28.16 28.13 28.09 28.05 28.01
29.40 29.37 29.34 29.31 29.28 29.25 29.23 29.20 29.17 29.15 29.12 29.11 29.09 29.07 29.04 29.02 29.01 29.00 28.98 28.96 28.95 28.94 28.93 28.91 28.91 28.90 28.89 28.88 28.87 28.87 28.86 28.85 28.85 28.84 28.84 28.83 28.83 28.83 28.82 28.82 28.82 28.82 28.82 28.82 28.81 28.81 28.81 28.80 28.81 28.81 28.80 28.81 28.80 28.79 28.80 28.79 28.79 28.78 28.77 28.76 28.72 28.68 28.63 28.58 28.54 28.49 28.45 28.41 28.37 28.33 28.29 28.25 28.21 28.16 28.13 28.09 28.06
29.39 29.36 29.33 29.30 29.27 29.24 29.21 29.18 29.15 29.13 29.10 29.08 29.06 29.04 29.02 29.00 28.98 28.96 28.95 28.93 28.91 28.90 28.89 28.88 28.87 28.86 28.84 28.84 28.83 28.83 28.82 28.81 28.80 28.81 28.80 28.80 28.80 28.79 28.79 28.79 28.79 28.79 28.78 28.78 28.78 28.78 28.77 28.77 28.78 28.77 28.77 28.77 28.77 28.76 28.76 28.76 28.76 28.75 28.75 28.75 28.74 28.72 28.68 28.64 28.60 28.55 28.50 28.46 28.42 28.38 28.34 28.29 28.25 28.22 28.18 28.14 28.10
29.39 29.35 29.32 29.29 29.26 29.23 29.20 29.17 29.14 29.11 29.08 29.06 29.03 29.02 28.99 28.97 28.95 28.93 28.91 28.90 28.89 28.87 28.85 28.84 28.84 28.82 28.81 28.80 28.79 28.79 28.78 28.78 28.77 28.77 28.76 28.76 28.75 28.75 28.75 28.75 28.74 28.74 28.74 28.74 28.75 28.74 28.74 28.74 28.73 28.74 28.73 28.74 28.73 28.73 28.73 28.73 28.73 28.73 28.72 28.72 28.71 28.72 28.71 28.69 28.65 28.61 28.57 28.51 28.47 28.43 28.39 28.35 28.31 28.27 28.23 28.19 28.15
29.39 29.35 29.31 29.28 29.25 29.21 29.18 29.15 29.12 29.09 29.06 29.04 29.01 28.98 28.96 28.95 28.92 28.90 28.88 28.86 28.85 28.84 28.82 28.81 28.79 28.78 28.78 28.77 28.76 28.75 28.74 28.73 28.74 28.73 28.73 28.72 28.72 28.72 28.71 28.71 28.71 28.71 28.70 28.70 28.70 28.71 28.71 28.70 28.70 28.71 28.70 28.71 28.70 28.71 28.70 28.70 28.70 28.70 28.69 28.69 28.70 28.69 28.69 28.68 28.67 28.65 28.62 28.58 28.54 28.49 28.45 28.41 28.36 28.32 28.28 28.24 28.20
29.39 29.34 29.31 29.27 29.24 29.20 29.17 29.14 29.10 29.07 29.04 29.02 28.99 28.96 28.94 28.91 28.89 28.88 28.86 28.84 28.82 28.80 28.78 28.78 28.76 28.75 28.74 28.73 28.73 28.72 28.71 28.70 28.70 28.69 28.68 28.68 28.68 28.67 28.67 28.67 28.67 28.67 28.67 28.67 28.67 28.68 28.67 28.67 28.67 28.67 28.67 28.67 28.67 28.68 28.67 28.67 28.67 28.67 28.67 28.67 28.67 28.66 28.66 28.66 28.66 28.65 28.64 28.62 28.59 28.55 28.51 28.46 28.42 28.38 28.34 28.30 28.26
29.39 29.35 29.30 29.27 29.23 29.19 29.16 29.12 29.09 29.06 29.03 29.00 28.97 28.94 28.91 28.89 28.86 28.84 28.82 28.80 28.79 28.77 28.75 28.74 28.72 28.72 28.71 28.70 28.69 28.68 28.67 28.67 28.66 28.66 28.65 28.65 28.65 28.64 28.64 28.64 28.64 28.64 28.64 28.64 28.64 28.63 28.64 28.64 28.64 28.64 28.64 28.64 28.64 28.64 28.64 28.64 28.64 28.64 28.64 28.64 28.64 28.64 28.64 28.63 28.63 28.64 28.63 28.63 28.62 28.60 28.57 28.53 28.49 28.43 28.39 28.35 28.31
29.36 29.34 29.30 29.26 29.22 29.18 29.15 29.11 29.07 29.03 29.00 28.97 28.94 28.91 28.89 28.86 28.84 28.82 28.79 28.77 28.75 28.74 28.72 28.71 28.69 28.68 28.67 28.66 28.65 28.64 28.64 28.63 28.62 28.62 28.61 28.62 28.61 28.61 28.61 28.61 28.61 28.61 28.61 28.60 28.60 28.60 28.61 28.61 28.60 28.61 28.61 28.61 28.61 28.61 28.62 28.61 28.62 28.61 28.61 28.62 28.61 28.61 28.61 28.62 28.61 28.61 28.61 28.61 28.60 28.60 28.59 28.57 28.54 28.50 28.46 28.42 28.37
29.34 29.31 29.27 29.24 29.21 29.17 29.14 29.09 29.05 29.02 28.98 28.95 28.92 28.89 28.86 28.83 28.82 28.79 28.77 28.74 28.72 28.70 28.69 28.67 28.66 28.65 28.64 28.62 28.61 28.61 28.60 28.60 28.59 28.58 28.58 28.57 28.57 28.57 28.57 28.57 28.57 28.57 28.57 28.57 28.57 28.57 28.58 28.57 28.58 28.58 28.58 28.58 28.59 28.58 28.59 28.58 28.59 28.59 28.58 28.59 28.59 28.59 28.59 28.59 28.59 28.59 28.58 28.59 28.59 28.59 28.58 28.58 28.57 28.56 28.52 28.48 28.44
29.31 29.28 29.24 29.22 29.19 29.16 29.11 29.08 29.04 29.00 28.97 28.93 28.90 28.87 28.84 28.81 28.78 28.76 28.73 28.71 28.70 28.68 28.66 28.64 28.62 28.61 28.60 28.59 28.58 28.57 28.56 28.55 28.56 28.55 28.55 28.54 28.54 28.54 28.54 28.54 28.54 28.54 28.54 28.54 28.54 28.55 28.54 28.54 28.55 28.55 28.55 28.55 28.56 28.55 28.56 28.56 28.56 28.56 28.57 28.57 28.56 28.57 28.57 28.57 28.57 28.57 28.57 28.57 28.56 28.56 28.56 28.57 28.56 28.56 28.55 28.54 28.51
29.28 29.25 29.21 29.19 29.16 29.12 29.09 29.06 29.03 28.99 28.95 28.92 28.88 28.85 28.82 28.79 28.76 28.73 28.71 28.68 28.66 28.64 28.63 28.61 28.59 28.58 28.56 28.55 28.55 28.54 28.53 28.52 28.52 28.51 28.51 28.51 28.51 28.51 28.51 28.50 28.51 28.51 28.51 28.51 28.51 28.51 28.51 28.51 28.52 28.52 28.52 28.52 28.53 28.53 28.53 28.53 28.54 28.53 28.54 28.54 28.55 28.54 28.54 28.55 28.55 28.55 28.54 28.55 28.55 28.55 28.54 28.54 28.54 28.54 28.53 28.54 28.53
29.26 29.23 29.19 29.16 29.13 29.08 29.05 29.02 28.99 28.96 28.93 28.89 28.86 28.83 28.80 28.76 28.74 28.71 28.68 28.66 28.63 28.61 28.59 28.58 28.56 28.55 28.53 28.52 28.51 28.51 28.50 28.49 28.48 28.48 28.47 28.47 28.47 28.47 28.47 28.47 28.47 28.48 28.48 28.47 28.47 28.48 28.48 28.49 28.49 28.50 28.49 28.50 28.50 28.50 28.51 28.51 28.51 28.52 28.52 28.52 28.52 28.52 28.53 28.53 28.52 28.53 28.53 28.53 28.53 28.52 28.53 28.53 28.53 28.52 28.52 28.52 28.51
29.23 29.20 29.16 29.13 29.09 29.05 29.02 28.99 28.96 28.92 28.89 28.86 28.83 28.80 28.77 28.74 28.70 28.68 28.65 28.63 28.61 28.58 28.56 28.54 28.53 28.51 28.50 28.49 28.48 28.47 28.46 28.45 28.45 28.45 28.44 28.44 28.44 28.44 28.43 28.43 28.44 28.45 28.45 28.44 28.44 28.45 28.45 28.46 28.46 28.47 28.47 28.47 28.48 28.49 28.48 28.49 28.49 28.49 28.49 28.50 28.50 28.51 28.50 28.51 28.51 28.51 28.51 28.51 28.51 28.51 28.51 28.52 28.51 28.51 28.51 28.50 28.50
29.21 29.17 29.13 29.10 29.06 29.02 28.99 28.96 28.93 28.89 28.86 28.83 28.80 28.77 28.74 28.71 28.68 28.65 28.62 28.60 28.57 28.55 28.54 28.52 28.50 28.48 28.47 28.45 28.45 28.44 28.43 28.42 28.41 28.42 28.41 28.41 28.41 28.41 28.40 28.40 28.41 28.41 28.41 28.41 28.42 28.42 28.43 28.43 28.44 28.44 28.45 28.45 28.45 28.46 28.46 28.47 28.47 28.47 28.48 28.48 28.49 28.48 28.49 28.49 28.49 28.50 28.49 28.49 28.50 28.50 28.50 28.49 28.50 28.50 28.50 28.49 28.49
29.18 29.15 29.10 29.07 29.03 28.99 28.96 28.92 28.88 28.85 28.82 28.79 28.76 28.73 28.71 28.68 28.65 28.63 28.60 28.57 28.55 28.52 28.50 28.49 28.47 28.45 28.44 28.42 28.41 28.41 28.40 28.39 28.38 28.38 28.38 28.38 28.38 28.38 28.38 28.38 28.38 28.38 28.38 28.39 28.39 28.39 28.40 28.40 28.41 28.42 28.42 28.42 28.43 28.44 28.44 28.44 28.45 28.45 28.46 28.46 28.46 28.47 28.47 28.48 28.48 28.47 28.48 28.48 28.48 28.49 28.48 28.48 28.48 28.49 28.48 28.48 28.48
29.15 29.12 29.07 29.04 29.00 28.96 28.93 28.88 28.85 28.82 28.79 28.75 28.72 28.70 28.66 28.63 28.61 28.58 28.57 28.54 28.52 28.49 28.47 28.45 28.43 28.42 28.41 28.39 28.38 28.37 28.36 28.36 28.35 28.35 28.34 28.34 28.35 28.35 28.35 28.35 28.35 28.35 28.35 28.36 28.36 28.37 28.37 28.38 28.38 28.39 28.40 28.41 28.40 28.41 28.42 28.42 28.43 28.43 28.43 28.44 28.45 28.45 28.46 28.46 28.45 28.46 28.46 28.47 28.47 28.47 28.47 28.47 28.47 28.47 28.47 28.47 28.47
29.10 29.08 29.04 29.01 28.96 28.93 28.89 28.85 28.82 28.78 28.75 28.71 28.68 28.65 28.62 28.59 28.57 28.54 28.52 28.50 28.49 28.47 28.44 28.42 28.40 28.38 28.38 28.36 28.35 28.34 28.33 28.32 28.32 28.32 28.31 28.31 28.31 28.32 28.32 28.32 28.32 28.32 28.33 28.33 28.34 28.34 28.35 28.35 28.36 28.37 28.37 28.38 28.39 28.39 28.40 28.41 28.41 28.41 28.42 28.43 28.43 28.44 28.44 28.45 28.44 28.45 28.45 28.45 28.46 28.46 28.45 28.46 28.46 28.46 28.45 28.46 28.46
29.05 29.03 28.99 28.96 28.92 28.89 28.85 28.82 28.78 28.74 28.71 28.67 28.64 28.61 28.58 28.56 28.53 28.50 28.48 28.46 28.44 28.42 28.41 28.39 28.37 28.36 28.34 28.32 28.32 28.31 28.30 28.29 28.29 28.29 28.28 28.28 28.28 28.29 28.29 28.29 28.29 28.30 28.30 28.30 28.31 28.32 28.32 28.33 28.34 28.34 28.35 28.36 28.37 28.38 28.37 28.38 28.39 28.40 28.40 28.41 28.42 28.42 28.43 28.43 28.43 28.43 28.44 28.44 28.45 28.45 28.44 28.45 28.45 28.45 28.44 28.45 28.45
29.00 28.98 28.94 28.90 28.87 28.84 28.81 28.78 28.74 28.70 28.67 28.64 28.61 28.58 28.55 28.52 28.49 28.47 28.44 28.42 28.40 28.38 28.36 28.34 28.34 28.32 28.31 28.30 28.28 28.28 28.27 28.26 28.26 28.26 28.26 28.25 28.25 28.25 28.26 28.26 28.27 28.27 28.27 28.28 28.28 28.29 28.30 28.30 28.32 28.32 28.33 28.34 28.35 28.35 28.36 28.37 28.37 28.38 28.39 28.39 28.40 28.41 28.41 28.42 28.42 28.42 28.42 28.43 28.43 28.44 28.44 28.43 28.44 28.44 28.43 28.44 28.44
28.95 28.92 28.89 28.85 28.82 28.78 28.76 28.73 28.69 28.66 28.63 28.60 28.57 28.53 28.50 28.47 28.44 28.42 28.39 28.38 28.36 28.34 28.32 28.31 28.29 28.29 28.27 28.26 28.25 28.25 28.24 28.23 28.23 28.22 28.23 28.23 28.22 28.22 28.24 28.24 28.24 28.24 28.25 28.25 28.26 28.28 28.28 28.29 28.30 28.31 28.32 28.33 28.32 28.33 28.34 28.35 28.36 28.37 28.37 28.38 28.39 28.39 28.40 28.41 28.41 28.42 28.42 28.42 28.42 28.42 28.43 28.43 28.43 28.43 28.43 28.43 28.43
