main/data/temperature/08.09.2023.grid
ncols 886
nrows 691
xllcenter 112.0000
yllcenter -44.5000
cellsize 0.0500
nodata_value 99999.90
[rows 170 to 203 of 691, columns 385 to 461 of 886]
31.16 31.05 31.28 31.41 31.47 31.60 31.70 31.69 31.67 31.72 31.66 31.63 31.59 31.52 31.49 31.39 31.33 31.23 31.22 31.02 31.01 31.07 30.86 30.88 30.89 30.82 30.63 30.51 30.54 30.53 30.60 30.56 30.44 30.32 30.30 30.12 30.02 29.97 29.93 29.85 30.02 30.08 30.04 30.00 29.98 29.96 29.89 29.85 29.69 29.50 29.53 29.49 29.35 29.30 29.38 29.46 29.70 29.96 30.06 30.14 30.21 30.25 30.30 30.33 30.38 30.50 30.53 30.57 30.65 30.76 30.80 30.86 30.90 30.97 31.05 31.16 31.21
31.08 31.01 31.20 31.34 31.46 31.56 31.58 31.60 31.57 31.46 31.49 31.49 31.47 31.39 31.34 31.26 31.15 31.09 31.04 30.87 30.84 30.83 30.76 30.71 30.74 30.69 30.62 30.50 30.37 30.33 30.43 30.44 30.38 30.25 30.24 30.11 29.99 29.89 29.96 29.93 29.88 29.86 29.87 29.86 29.91 29.86 29.80 29.75 29.70 29.48 29.52 29.50 29.42 29.20 29.30 29.24 29.51 29.73 29.86 30.00 30.05 30.13 30.18 30.22 30.26 30.33 30.41 30.40 30.49 30.61 30.68 30.73 30.77 30.82 30.92 30.98 31.04
31.02 31.01 31.15 31.33 31.45 31.39 31.43 31.39 31.31 31.28 31.37 31.38 31.32 31.28 31.24 31.13 31.03 30.93 30.91 30.72 30.71 30.57 30.51 30.63 30.64 30.56 30.44 30.36 30.25 30.14 30.20 30.29 30.25 30.21 30.07 30.09 29.99 29.88 29.87 29.89 29.79 29.73 29.73 29.75 29.61 29.76 29.70 29.64 29.49 29.50 29.38 29.28 29.25 29.32 29.25 29.13 29.13 29.27 29.72 29.84 29.90 29.98 30.03 30.08 30.12 30.18 30.26 30.29 30.39 30.46 30.55 30.60 30.66 30.72 30.77 30.85 30.90
31.05 30.93 31.13 31.24 31.29 31.23 31.24 31.10 31.12 31.25 31.28 31.25 31.22 31.15 31.12 31.03 30.89 30.79 30.76 30.71 30.56 30.46 30.40 30.47 30.50 30.46 30.31 30.19 30.13 30.06 30.05 30.18 30.14 30.08 30.04 29.95 29.98 29.87 29.66 29.69 29.70 29.54 29.63 29.65 29.52 29.33 29.43 29.41 29.40 29.41 29.27 29.16 29.09 29.20 29.16 29.01 29.06 29.17 29.53 29.66 29.74 29.81 29.88 29.92 29.95 30.01 30.10 30.12 30.24 30.33 30.40 30.46 30.50 30.55 30.59 30.68 30.73
31.16 31.09 31.09 31.20 31.17 31.10 31.12 31.10 31.08 31.15 31.13 31.15 31.13 31.02 30.98 30.94 30.83 30.67 30.64 30.57 30.42 30.35 30.37 30.37 30.33 30.26 30.16 29.99 29.94 29.96 29.98 30.07 30.00 29.92 29.89 29.84 29.86 29.82 29.67 29.54 29.56 29.57 29.47 29.49 29.52 29.37 29.17 29.17 29.29 29.18 28.94 29.15 28.94 28.84 28.92 28.93 28.99 29.05 29.35 29.51 29.57 29.62 29.68 29.74 29.79 29.88 29.92 29.97 30.06 30.15 30.21 30.28 30.36 30.40 30.43 30.52 30.59
31.11 31.15 31.14 31.14 31.02 30.93 30.95 31.05 31.03 31.05 31.01 31.05 31.00 30.89 30.81 30.80 30.64 30.55 30.50 30.43 30.38 30.25 30.27 30.28 30.17 30.11 29.91 29.84 29.92 29.91 29.92 29.85 29.85 29.82 29.71 29.65 29.67 29.63 29.61 29.54 29.53 29.46 29.39 29.35 29.30 29.25 29.09 28.93 29.03 28.92 28.78 28.92 28.92 28.80 28.66 28.91 28.90 29.00 29.03 29.32 29.40 29.47 29.53 29.57 29.66 29.70 29.73 29.81 29.85 29.93 30.01 30.09 30.19 30.24 30.29 30.33 30.43
31.01 31.01 31.07 30.98 30.82 30.72 30.75 30.87 30.77 30.88 30.92 30.89 30.82 30.72 30.58 30.58 30.48 30.36 30.34 30.32 30.28 30.23 30.18 30.12 29.98 29.96 29.79 29.69 29.73 29.81 29.69 29.72 29.75 29.70 29.52 29.39 29.53 29.50 29.46 29.42 29.37 29.23 29.25 29.24 29.15 29.14 29.04 28.90 28.83 28.89 28.78 28.64 28.67 28.55 28.55 28.52 28.94 28.98 29.05 29.13 29.26 29.29 29.38 29.45 29.51 29.56 29.60 29.65 29.71 29.80 29.85 29.94 30.00 30.08 30.12 30.19 30.27
30.92 30.93 30.96 30.91 30.76 30.58 30.75 30.76 30.55 30.68 30.77 30.73 30.57 30.46 30.41 30.46 30.39 30.33 30.24 30.22 30.18 30.11 30.07 29.98 29.80 29.76 29.69 29.67 29.75 29.72 29.59 29.56 29.58 29.57 29.53 29.30 29.27 29.38 29.36 29.30 29.30 29.02 29.06 29.09 29.06 29.03 29.00 28.84 28.70 28.71 28.68 28.42 28.19 28.41 28.43 28.63 28.61 28.73 28.88 28.98 29.11 29.17 29.26 29.32 29.37 29.42 29.36 29.46 29.58 29.67 29.74 29.81 29.87 29.92 29.95 30.05 30.11
30.78 30.69 30.78 30.84 30.71 30.52 30.59 30.56 30.50 30.56 30.61 30.53 30.35 30.33 30.24 30.25 30.23 30.21 30.17 30.10 30.07 30.01 29.93 29.79 29.65 29.50 29.47 29.54 29.51 29.46 29.39 29.33 29.48 29.48 29.47 29.39 29.23 29.26 29.23 29.19 29.18 29.14 29.00 28.83 28.95 28.94 28.83 28.62 28.54 28.52 28.54 28.50 28.32 28.20 28.41 28.55 28.65 28.74 28.79 28.91 28.98 29.05 29.11 29.18 29.22 29.27 29.29 29.27 29.40 29.49 29.59 29.62 29.67 29.76 29.79 29.84 29.94
30.60 30.56 30.62 30.73 30.67 30.49 30.31 30.32 30.29 30.38 30.46 30.27 30.16 30.11 30.14 30.14 30.10 30.06 30.06 30.02 29.94 29.91 29.81 29.61 29.48 29.31 29.32 29.40 29.38 29.22 29.23 29.37 29.41 29.37 29.35 29.24 29.17 29.12 29.07 28.99 29.04 28.96 28.85 28.88 28.69 28.78 28.70 28.59 28.51 28.44 28.36 28.40 28.30 27.99 28.17 28.28 28.30 28.16 28.56 28.75 28.83 28.92 28.98 29.04 29.09 29.13 29.20 29.22 29.26 29.36 29.46 29.42 29.52 29.61 29.66 29.72 29.75
30.42 30.45 30.53 30.60 30.47 30.41 30.31 30.12 30.33 30.29 30.25 30.22 30.01 30.06 30.10 30.01 29.97 29.97 29.92 29.88 29.84 29.77 29.69 29.43 29.32 29.29 29.23 29.21 29.12 29.05 29.20 29.31 29.23 29.21 29.17 29.08 28.95 29.02 28.91 28.85 28.85 28.80 28.63 28.76 28.68 28.59 28.59 28.57 28.40 28.41 28.40 28.31 28.33 28.27 28.13 28.19 28.29 28.42 28.58 28.63 28.70 28.78 28.85 28.91 28.95 28.92 29.11 29.14 29.19 29.25 29.31 29.31 29.40 29.34 29.49 29.57 29.62
30.27 30.27 30.42 30.47 30.32 30.15 30.14 30.09 30.07 30.10 30.02 29.96 29.85 30.01 29.99 29.96 29.91 29.87 29.82 29.77 29.74 29.68 29.57 29.28 29.26 29.25 29.05 29.07 28.95 29.02 29.14 29.18 29.15 29.09 29.02 28.93 28.81 28.92 28.83 28.68 28.66 28.70 28.53 28.49 28.50 28.36 28.23 28.41 28.42 28.39 28.35 28.32 28.27 28.19 28.20 28.09 27.96 28.35 28.25 28.40 28.57 28.66 28.72 28.79 28.80 28.70 28.97 29.08 29.09 29.16 29.18 29.20 29.25 29.21 29.33 29.41 29.48
30.10 30.24 30.34 30.37 30.15 29.89 29.88 29.84 29.95 30.01 30.03 29.92 29.97 29.87 29.89 29.87 29.82 29.79 29.72 29.67 29.52 29.61 29.47 29.23 29.17 29.03 28.92 28.90 28.92 29.10 29.13 29.07 29.03 28.99 28.89 28.82 28.72 28.77 28.55 28.44 28.42 28.54 28.51 28.42 28.33 28.24 28.08 28.24 28.30 28.27 28.24 28.24 28.16 28.12 28.10 27.96 27.91 28.16 27.92 28.26 28.48 28.55 28.61 28.68 28.73 28.74 28.83 29.00 29.03 29.05 29.10 29.12 29.17 29.17 29.21 29.30 29.30
30.07 30.13 30.31 30.19 30.05 29.86 29.80 29.84 29.80 29.94 29.95 29.96 29.98 29.79 29.79 29.77 29.73 29.66 29.60 29.61 29.49 29.40 29.34 29.09 28.88 28.96 28.74 28.71 28.82 29.02 29.03 28.98 28.89 28.89 28.78 28.56 28.53 28.63 28.43 28.26 28.24 28.35 28.36 28.29 28.24 28.12 27.78 28.06 28.16 28.12 28.07 28.00 27.97 27.99 28.00 27.87 27.76 27.84 28.12 28.25 28.26 28.39 28.51 28.59 28.65 28.70 28.76 28.81 28.88 28.93 28.99 29.03 29.04 28.99 29.09 29.19 29.15
30.11 30.12 30.20 30.01 29.85 29.71 29.75 29.98 29.77 29.72 29.78 29.88 29.82 29.76 29.69 29.68 29.63 29.57 29.50 29.36 29.26 29.20 29.18 29.00 28.76 28.75 28.73 28.66 28.73 28.98 28.91 28.87 28.82 28.74 28.67 28.48 28.38 28.39 28.38 28.20 27.93 28.17 28.24 28.18 28.10 28.04 27.74 27.95 28.04 27.98 27.88 27.72 27.69 27.81 27.81 27.79 27.72 27.70 27.95 28.12 28.19 28.08 28.23 28.40 28.50 28.59 28.68 28.73 28.75 28.78 28.84 28.89 28.91 28.84 28.93 29.00 28.96
30.10 30.10 30.04 29.88 29.80 29.85 29.93 29.93 29.80 29.71 29.72 29.74 29.75 29.71 29.62 29.55 29.53 29.41 29.38 29.17 28.97 29.06 29.00 28.69 28.80 28.64 28.78 28.71 28.83 28.89 28.81 28.81 28.69 28.56 28.50 28.40 28.11 28.21 28.26 28.22 28.07 27.99 28.09 28.11 28.05 27.92 27.68 27.81 27.85 27.84 27.66 27.68 27.57 27.49 27.54 27.44 27.61 27.71 27.71 27.79 28.02 27.95 27.98 28.24 28.14 28.36 28.52 28.57 28.61 28.65 28.68 28.73 28.65 28.69 28.74 28.83 28.82
29.99 30.05 30.08 29.93 29.86 29.87 29.94 29.94 29.89 29.65 29.59 29.67 29.65 29.62 29.50 29.40 29.33 29.17 29.16 29.04 28.85 28.77 28.72 28.58 28.68 28.75 28.81 28.87 28.84 28.77 28.71 28.60 28.47 28.33 28.28 28.18 27.95 27.98 28.05 27.85 27.93 27.92 27.85 27.95 27.86 27.76 27.77 27.82 27.75 27.74 27.67 27.61 27.32 27.31 27.32 27.27 27.58 27.73 27.82 27.85 27.89 27.75 27.95 28.06 28.12 28.23 28.33 28.42 28.47 28.52 28.55 28.61 28.60 28.59 28.63 28.67 28.71
30.19 30.11 30.12 29.98 29.97 29.94 29.89 29.86 29.76 29.70 29.69 29.61 29.56 29.50 29.44 29.37 29.09 28.86 28.83 28.82 28.79 28.58 28.54 28.68 28.85 28.82 28.82 28.79 28.72 28.55 28.55 28.51 28.50 28.41 28.23 28.09 27.87 27.85 27.81 27.60 27.84 27.83 27.86 27.78 27.84 27.78 27.85 27.81 27.65 27.62 27.47 27.51 27.44 27.49 27.38 27.49 27.55 27.64 27.61 27.67 27.63 27.61 27.71 27.83 27.98 28.08 28.14 28.26 28.32 28.38 28.37 28.44 28.47 28.48 28.52 28.57 28.62
30.15 30.09 30.04 30.04 29.97 29.90 29.84 29.78 29.71 29.66 29.56 29.53 29.43 29.43 29.36 29.23 29.22 29.02 28.77 28.62 28.53 28.47 28.65 28.75 28.72 28.71 28.72 28.70 28.48 28.36 28.33 28.24 28.23 28.28 28.14 28.04 27.89 27.98 27.88 27.86 27.81 27.82 27.81 27.85 27.91 27.93 27.89 27.76 27.65 27.62 27.47 27.56 27.55 27.48 27.30 27.40 27.30 27.21 27.34 27.45 27.54 27.46 27.45 27.60 27.80 27.90 28.04 28.13 28.18 28.23 28.25 28.12 28.31 28.30 28.44 28.51 28.56
30.08 30.02 29.96 29.94 29.87 29.80 29.75 29.71 29.63 29.54 29.48 29.42 29.32 29.27 29.15 29.13 29.11 29.03 28.90 28.70 28.55 28.27 28.36 28.36 28.45 28.65 28.64 28.64 28.57 28.43 28.36 28.40 28.27 28.28 28.24 28.15 28.04 27.96 27.91 27.93 27.87 27.92 27.82 27.89 27.90 27.96 27.90 27.80 27.69 27.67 27.60 27.60 27.52 27.41 27.18 27.17 27.01 27.00 27.14 27.23 27.37 27.35 27.39 27.56 27.68 27.77 27.91 27.98 28.04 28.10 28.15 28.20 28.25 28.29 28.32 28.30 28.49
29.92 29.96 29.91 29.85 29.80 29.72 29.69 29.63 29.55 29.48 29.42 29.28 29.12 29.05 28.93 28.88 28.89 28.76 28.70 28.64 28.47 28.31 28.33 28.32 28.37 28.62 28.60 28.54 28.48 28.45 28.38 28.34 28.28 28.25 28.21 28.16 28.09 28.08 28.03 27.95 27.93 27.93 27.77 27.87 27.87 27.86 27.85 27.81 27.71 27.70 27.61 27.56 27.43 27.21 27.17 27.01 27.06 26.97 26.89 27.07 27.16 27.12 27.32 27.43 27.57 27.62 27.68 27.83 27.90 27.97 28.01 28.07 28.11 28.17 28.20 28.28 28.30
29.86 29.85 29.67 29.64 29.63 29.65 29.55 29.48 29.45 29.38 29.32 29.19 29.04 28.93 28.68 28.55 28.62 28.57 28.51 28.31 28.18 28.19 28.36 28.43 28.52 28.49 28.46 28.45 28.35 28.32 28.26 28.20 28.17 28.14 28.11 28.05 28.00 28.00 27.94 27.87 27.86 27.84 27.81 27.78 27.79 27.77 27.77 27.76 27.71 27.67 27.58 27.44 27.36 27.27 27.12 27.00 27.00 26.79 26.83 26.94 27.06 27.18 27.28 27.38 27.36 27.49 27.60 27.68 27.79 27.83 27.92 27.93 27.98 28.03 28.09 28.13 28.21
29.72 29.67 29.55 29.63 29.61 29.56 29.46 29.44 29.25 29.12 29.17 29.17 28.99 28.91 28.75 28.53 28.44 28.47 28.23 27.99 28.08 28.23 28.36 28.48 28.41 28.34 28.34 28.21 28.27 28.24 28.17 28.11 28.08 28.07 28.02 27.96 27.92 27.93 27.86 27.80 27.80 27.77 27.71 27.69 27.70 27.70 27.68 27.70 27.65 27.62 27.56 27.39 27.32 27.28 27.08 27.08 27.01 26.84 26.60 26.70 26.83 26.80 27.13 27.22 27.23 27.25 27.46 27.57 27.63 27.70 27.77 27.82 27.87 27.91 27.99 28.04 28.09
29.45 29.50 29.60 29.56 29.51 29.47 29.35 29.27 29.14 29.13 29.10 29.08 28.97 28.92 28.78 28.70 28.42 28.33 28.15 27.94 28.01 28.10 28.15 28.34 28.32 28.14 28.08 28.01 28.15 28.13 28.08 28.04 27.98 27.97 27.85 27.86 27.80 27.84 27.80 27.74 27.70 27.71 27.65 27.62 27.60 27.61 27.60 27.60 27.57 27.54 27.51 27.44 27.35 27.23 27.09 27.08 26.99 26.87 26.71 26.60 26.80 26.97 27.04 27.05 27.15 27.08 27.30 27.41 27.48 27.58 27.63 27.69 27.74 27.80 27.86 27.94 27.98
29.57 29.57 29.56 29.54 29.43 29.36 29.23 29.18 28.95 28.94 28.97 28.96 28.88 28.79 28.79 28.62 28.48 28.20 28.11 27.92 28.07 28.08 28.24 28.15 28.07 28.08 27.83 27.80 28.00 27.98 27.88 27.85 27.89 27.81 27.82 27.67 27.66 27.73 27.65 27.65 27.64 27.61 27.54 27.51 27.53 27.51 27.51 27.53 27.51 27.46 27.42 27.37 27.32 27.23 27.13 27.08 26.94 26.83 26.67 26.54 26.78 26.79 26.70 26.92 26.89 26.81 27.16 27.26 27.37 27.47 27.53 27.59 27.62 27.69 27.75 27.80 27.87
29.60 29.55 29.48 29.43 29.34 29.29 29.21 29.08 28.83 28.75 28.81 28.89 28.82 28.78 28.63 28.53 28.48 28.30 28.20 28.08 28.04 28.20 28.17 28.01 27.95 28.05 27.91 27.74 27.81 27.84 27.79 27.85 27.81 27.73 27.66 27.64 27.52 27.48 27.57 27.57 27.59 27.56 27.52 27.46 27.44 27.42 27.41 27.42 27.42 27.39 27.34 27.30 27.24 27.16 27.11 27.04 26.95 26.91 26.83 26.77 26.73 26.68 26.70 26.78 26.80 27.00 27.10 26.97 27.28 27.39 27.42 27.47 27.52 27.58 27.64 27.70 27.76
29.53 29.47 29.39 29.34 29.23 29.23 29.13 29.06 28.90 28.64 28.71 28.78 28.72 28.68 28.61 28.48 28.32 28.28 28.22 28.31 28.21 28.10 28.04 27.92 27.75 27.85 27.80 27.65 27.77 27.64 27.68 27.79 27.69 27.66 27.53 27.47 27.43 27.34 27.38 27.45 27.42 27.45 27.40 27.35 27.32 27.32 27.32 27.33 27.31 27.31 27.28 27.25 27.20 27.09 27.08 26.99 26.94 26.89 26.86 26.78 26.59 26.55 26.52 26.67 26.85 26.93 26.93 27.10 27.14 27.30 27.29 27.36 27.41 27.46 27.55 27.60 27.67
29.44 29.34 29.30 29.19 29.04 29.16 29.07 29.00 28.93 28.70 28.74 28.68 28.64 28.59 28.56 28.46 28.36 28.25 28.15 28.17 28.10 28.09 27.97 27.93 27.73 27.62 27.70 27.54 27.58 27.56 27.60 27.70 27.67 27.59 27.53 27.36 27.22 27.28 27.22 27.23 27.36 27.41 27.32 27.28 27.23 27.23 27.25 27.26 27.23 27.23 27.21 27.18 27.16 27.10 26.96 26.86 26.76 26.78 26.79 26.75 26.64 26.55 26.51 26.62 26.73 26.79 26.85 27.05 27.10 27.16 27.19 27.23 27.32 27.39 27.49 27.52 27.58
29.30 29.24 29.21 29.05 28.97 29.09 29.01 28.93 28.86 28.77 28.70 28.64 28.59 28.51 28.46 28.41 28.33 28.26 28.08 27.95 27.91 27.90 27.84 27.83 27.81 27.84 27.82 27.73 27.66 27.69 27.70 27.68 27.58 27.56 27.46 27.41 27.40 27.21 27.05 27.05 27.24 27.28 27.13 27.19 27.11 27.15 27.15 27.16 27.14 27.14 27.13 27.12 27.10 27.03 26.92 26.82 26.60 26.62 26.69 26.64 26.61 26.52 26.44 26.56 26.75 26.61 26.74 26.93 27.01 27.02 27.06 27.05 27.16 27.27 27.38 27.42 27.48
29.08 29.14 29.11 28.84 28.98 28.99 28.95 28.87 28.79 28.71 28.63 28.57 28.52 28.44 28.37 28.30 28.28 28.27 28.18 28.04 27.90 27.85 27.71 27.75 27.74 27.65 27.64 27.68 27.70 27.68 27.67 27.61 27.52 27.48 27.44 27.33 27.31 27.24 26.99 26.92 26.92 27.12 27.06 27.08 26.99 27.07 27.06 27.06 27.04 27.05 27.05 27.06 27.04 26.97 26.83 26.69 26.63 26.48 26.58 26.63 26.57 26.46 26.34 26.39 26.61 26.56 26.69 26.80 26.83 26.87 26.83 26.97 27.05 27.14 27.20 27.29 27.36
29.07 29.06 29.05 28.93 28.93 28.91 28.89 28.83 28.74 28.65 28.57 28.50 28.45 28.37 28.32 28.27 28.24 28.23 28.22 28.15 28.05 28.04 27.82 27.76 27.68 27.51 27.39 27.54 27.65 27.67 27.66 27.58 27.54 27.49 27.42 27.37 27.29 27.23 27.14 27.10 26.96 26.91 26.91 26.95 26.98 26.98 26.98 26.96 26.97 26.99 26.98 26.96 26.96 26.92 26.84 26.73 26.63 26.43 26.46 26.53 26.47 26.09 26.17 26.44 26.41 26.52 26.62 26.62 26.69 26.73 26.70 26.75 26.86 26.98 27.06 27.18 27.24
28.97 28.98 28.91 28.87 28.79 28.79 28.80 28.72 28.63 28.55 28.47 28.41 28.35 28.30 28.25 28.19 28.14 28.16 28.12 28.12 28.09 28.05 27.95 27.89 27.75 27.64 27.48 27.41 27.54 27.58 27.62 27.57 27.52 27.46 27.37 27.29 27.20 27.13 27.09 27.03 26.95 26.93 26.86 26.83 26.85 26.87 26.89 26.89 26.88 26.88 26.92 26.90 26.92 26.89 26.78 26.67 26.51 26.31 26.33 26.41 26.37 26.05 25.75 26.22 26.36 26.42 26.48 26.38 26.50 26.52 26.55 26.50 26.73 26.84 26.94 27.05 27.09
28.90 28.85 28.81 28.76 28.72 28.68 28.63 28.63 28.55 28.48 28.41 28.34 28.26 28.22 28.19 28.03 28.07 28.08 28.04 28.06 27.95 27.92 27.87 27.84 27.75 27.75 27.64 27.50 27.43 27.41 27.53 27.47 27.43 27.36 27.31 27.23 27.13 27.10 27.06 26.95 26.92 26.88 26.85 26.71 26.82 26.82 26.81 26.80 26.81 26.82 26.83 26.83 26.85 26.84 26.75 26.62 26.47 26.26 26.13 26.26 26.23 26.01 25.82 26.12 26.11 26.26 26.27 26.32 26.46 26.47 26.36 26.43 26.58 26.66 26.73 26.88 26.91
28.78 28.78 28.72 28.63 28.59 28.52 28.37 28.42 28.43 28.32 28.18 28.23 28.20 28.11 27.93 27.76 27.76 27.82 27.72 27.77 27.75 27.87 27.87 27.77 27.70 27.68 27.66 27.54 27.38 27.38 27.40 27.38 27.33 27.31 27.24 27.23 27.09 27.03 26.98 26.91 26.87 26.83 26.83 26.79 26.75 26.76 26.75 26.74 26.74 26.74 26.75 26.76 26.75 26.76 26.70 26.56 26.46 26.39 26.19 26.14 26.17 26.05 25.69 25.83 26.12 26.19 26.06 26.28 26.26 26.31 26.33 26.41 26.41 26.41 26.55 26.72 26.83
