main/data/temperature/08.09.2023.grid
ncols 886
nrows 691
xllcenter 112.0000
yllcenter -44.5000
cellsize 0.0500
nodata_value 99999.90
[rows 170 to 203 of 691, columns 231 to 307 of 886]
37.03 37.04 37.09 37.04 37.18 37.17 37.02 37.03 37.14 37.13 37.11 37.20 37.17 37.22 37.51 37.35 37.41 37.55 37.64 37.72 37.79 37.81 37.83 37.84 37.80 37.77 37.71 37.69 37.71 37.66 37.62 37.58 37.57 37.56 37.54 37.53 37.52 37.49 37.43 37.40 37.33 37.28 37.25 37.18 37.01 36.90 36.69 36.70 36.85 36.87 36.84 36.51 36.76 36.86 36.89 36.72 36.60 35.54 36.15 36.45 36.69 36.71 36.74 36.60 36.59 36.19 36.23 36.30 36.07 36.01 35.95 35.63 36.03 35.92 35.81 35.70 35.63
37.00 36.99 37.08 37.20 37.22 37.10 37.18 37.13 37.16 37.18 37.06 37.14 37.03 37.11 37.38 37.30 37.44 37.59 37.65 37.70 37.70 37.76 37.75 37.80 37.79 37.79 37.77 37.73 37.68 37.67 37.61 37.56 37.53 37.55 37.51 37.51 37.49 37.40 37.39 37.35 37.28 37.26 37.22 37.21 37.08 36.96 36.87 36.77 36.81 36.83 36.69 36.57 35.97 36.79 36.77 36.77 36.66 36.53 36.27 36.43 36.50 36.61 36.46 35.97 36.26 36.10 36.15 36.26 36.16 36.09 36.09 36.11 36.01 35.96 35.77 35.67 35.60
36.42 36.96 37.20 37.18 37.26 37.16 37.20 37.21 37.25 37.22 37.14 37.19 37.09 37.03 37.18 37.37 37.50 37.57 37.45 37.53 37.66 37.69 37.70 37.75 37.71 37.69 37.65 37.56 37.02 37.43 37.46 37.46 37.34 37.36 37.33 37.40 37.45 37.40 37.32 37.26 37.27 37.23 37.22 37.20 37.10 36.99 36.84 36.52 36.73 36.49 36.75 36.53 36.39 36.36 36.25 36.65 36.61 36.51 36.24 36.38 36.39 36.52 36.58 36.16 36.13 35.73 36.22 36.22 36.24 36.22 36.16 36.05 35.85 35.79 35.79 35.68 35.69
36.88 37.04 37.13 37.17 37.21 37.18 37.09 37.23 37.09 37.13 37.16 37.17 37.06 36.99 37.04 37.22 37.21 37.35 37.39 37.43 37.61 37.55 37.61 37.72 37.71 37.60 37.51 37.23 37.04 36.94 37.18 37.12 37.01 37.14 37.22 37.28 37.37 37.28 37.29 37.25 37.22 37.21 37.18 37.17 37.02 36.91 36.92 36.88 36.44 36.43 36.26 36.49 36.61 36.47 36.23 36.46 36.62 36.48 36.41 36.25 36.23 36.27 36.52 36.22 36.27 36.20 36.32 36.17 36.05 36.08 36.00 35.95 35.86 35.81 35.68 35.71 35.70
36.99 37.10 37.17 37.14 37.15 37.17 37.00 37.09 37.13 37.05 37.13 37.13 37.07 36.98 37.00 37.06 37.05 37.16 37.30 37.44 37.57 37.50 37.52 37.61 37.65 37.58 37.50 37.24 36.91 36.52 36.42 36.54 37.08 37.17 37.26 37.25 37.24 37.21 37.17 37.24 37.17 37.17 37.17 37.12 37.05 37.03 36.99 36.88 36.72 36.23 36.50 36.43 36.41 36.48 36.32 36.17 36.36 36.51 36.42 36.23 36.12 36.13 36.10 36.45 36.41 36.26 36.34 36.14 36.21 36.18 36.06 36.05 35.88 35.75 35.68 35.51 35.45
36.84 37.09 37.10 37.15 36.94 37.01 36.94 37.12 37.13 37.06 36.99 37.03 36.95 36.94 36.94 37.01 37.17 37.14 37.25 37.40 37.49 37.42 37.40 37.52 37.59 37.60 37.56 37.43 36.75 36.71 36.48 36.63 36.80 36.94 37.14 37.01 36.87 37.13 37.22 37.25 37.09 37.06 37.17 37.14 37.04 37.05 37.00 36.99 36.92 36.84 36.65 36.09 35.99 36.22 36.26 36.24 36.27 36.28 36.28 36.37 36.17 36.17 36.23 36.28 36.19 36.22 36.22 36.20 36.10 36.08 35.93 35.85 35.83 35.73 35.52 35.46 35.14
36.79 37.02 36.98 37.08 36.94 36.87 37.02 36.98 36.88 36.93 36.85 36.91 36.83 36.82 37.11 37.07 37.20 37.27 37.39 37.38 37.32 37.23 37.34 37.41 37.51 37.49 37.57 37.42 37.22 37.02 36.76 36.69 37.03 36.88 36.66 36.66 36.92 37.16 37.17 37.21 36.99 36.91 36.94 37.08 36.91 36.94 37.00 36.96 36.91 36.86 36.77 36.56 36.17 36.25 36.30 36.25 36.23 36.35 36.43 36.35 36.23 36.20 36.22 36.16 36.07 36.00 35.98 36.03 35.98 35.83 35.85 35.74 35.65 35.56 35.24 35.37 35.20
36.98 36.84 37.00 36.75 36.67 36.73 36.88 36.79 36.70 36.76 36.64 36.85 36.68 36.88 36.99 36.75 37.17 37.25 37.25 37.28 37.25 37.25 37.29 37.25 37.37 37.42 37.47 37.46 37.39 37.33 37.14 37.16 37.06 37.04 36.91 36.78 36.66 37.07 37.11 37.08 37.01 36.87 36.85 37.04 36.92 36.68 36.96 36.98 36.87 36.80 36.73 36.67 36.24 36.40 36.49 36.39 36.49 36.43 36.47 36.40 36.34 36.13 36.24 36.22 36.06 35.86 35.78 35.67 35.84 35.49 35.66 35.65 35.69 35.29 35.34 35.02 34.87
36.65 36.72 36.67 36.64 36.62 36.77 36.83 36.88 36.80 36.75 36.63 36.66 36.75 36.92 36.96 36.96 36.71 37.13 37.05 37.24 37.22 37.20 37.22 37.24 37.27 37.31 37.35 37.39 37.35 37.35 37.23 37.21 37.17 37.11 37.01 36.77 36.94 37.09 37.09 37.00 36.94 36.95 37.04 36.98 36.60 36.10 36.90 36.93 36.93 36.79 36.62 36.51 35.97 36.55 36.57 36.43 36.14 36.02 36.29 36.20 36.24 36.23 36.08 36.20 36.02 35.89 35.71 35.68 35.59 35.25 35.41 35.25 35.52 35.26 35.15 34.80 34.84
36.36 36.49 36.61 36.75 36.77 36.86 36.86 36.90 36.86 36.82 36.77 36.79 36.74 36.84 36.85 36.96 36.98 36.82 36.95 37.10 37.08 37.10 37.11 37.24 37.16 37.16 37.26 37.27 37.16 37.02 37.09 37.15 37.16 37.00 36.95 36.95 36.97 37.03 36.96 36.89 36.82 36.85 36.95 37.05 36.95 36.91 36.85 36.90 36.90 36.88 36.57 36.51 36.48 36.57 36.38 36.30 35.93 35.86 35.80 35.68 35.92 35.70 35.97 36.03 36.04 35.86 35.71 35.60 35.37 35.38 35.40 35.19 35.20 35.13 35.05 34.78 34.82
36.54 36.60 36.61 36.76 36.84 36.94 36.97 36.99 36.92 36.86 36.89 36.90 36.88 36.84 36.77 36.78 36.83 36.70 36.89 37.10 36.94 36.93 36.95 37.08 36.94 37.06 36.91 37.08 37.04 36.87 36.91 37.09 37.13 37.02 36.94 36.69 36.75 36.95 36.77 36.72 36.74 36.93 36.91 36.96 37.02 36.96 36.77 36.85 36.84 36.77 36.63 36.58 36.68 36.50 36.34 36.05 35.92 35.85 35.77 35.57 35.65 35.74 35.82 35.77 35.96 35.69 35.78 35.62 35.66 35.44 35.38 35.29 35.30 35.09 34.81 34.76 34.86
36.58 36.69 36.70 36.75 36.90 36.95 36.98 37.00 37.01 37.00 36.97 37.01 36.98 36.86 36.80 36.81 36.77 36.80 36.70 36.78 36.80 36.80 36.80 36.92 36.94 37.04 37.01 36.86 36.85 36.63 36.84 37.03 37.00 37.03 36.97 36.95 36.80 36.85 36.81 36.36 36.81 36.85 36.80 36.88 36.87 36.87 36.78 36.78 36.83 36.74 36.69 36.73 36.55 36.53 36.27 36.12 36.03 35.97 35.85 35.51 35.35 35.67 35.71 35.70 35.77 35.81 35.77 35.70 35.64 35.52 35.53 35.46 35.32 35.18 34.90 34.87 34.90
36.69 36.76 36.78 36.79 36.91 36.97 36.97 36.97 36.95 36.97 37.00 37.02 37.01 36.99 36.87 36.81 36.74 36.73 36.63 36.64 36.62 36.75 36.70 36.75 36.87 36.88 36.76 36.85 36.74 36.57 36.77 36.87 36.90 36.62 36.83 36.95 36.82 36.82 36.64 36.61 36.72 36.70 36.61 36.77 36.75 36.71 36.71 36.70 36.74 36.72 36.71 36.61 36.53 36.27 36.18 36.15 36.08 35.90 35.77 35.64 35.51 35.67 35.45 35.51 35.55 35.58 35.60 35.43 35.45 35.42 35.38 35.24 35.19 34.99 34.84 34.86 34.95
36.89 36.84 36.87 36.90 36.95 37.03 37.01 36.91 36.69 36.76 36.79 36.94 37.01 37.02 36.91 36.80 36.76 36.76 36.70 36.65 36.58 36.58 36.45 36.60 36.66 36.60 36.66 36.61 36.57 36.51 36.49 36.64 36.66 36.63 36.70 36.75 36.66 36.70 36.45 36.13 36.55 36.56 36.48 36.55 36.58 36.58 36.49 36.50 36.61 36.68 36.62 36.54 36.35 36.35 36.15 36.16 36.14 35.99 35.92 35.83 35.76 35.72 35.63 35.47 35.44 35.27 35.44 35.40 35.32 35.23 35.13 35.00 35.03 34.80 34.83 34.94 34.93
36.85 36.82 36.84 36.89 36.99 37.09 37.04 36.88 36.65 36.74 36.79 36.83 37.03 37.05 36.99 36.97 36.88 36.86 36.85 36.73 36.63 36.61 36.53 36.59 36.58 36.49 36.58 36.65 36.56 36.52 36.41 36.48 36.59 36.47 36.57 36.64 36.43 36.19 36.53 36.57 36.17 36.15 36.21 36.22 36.41 36.54 36.39 36.33 36.36 36.54 36.61 36.42 36.31 36.17 36.13 36.11 36.07 36.06 35.92 35.84 35.84 35.75 35.67 35.48 35.52 35.44 35.37 35.24 35.15 35.01 34.89 34.74 34.57 34.78 34.72 34.80 34.92
36.64 36.69 36.49 36.75 36.94 37.06 37.03 36.88 36.79 36.85 36.84 36.80 37.04 37.07 36.95 36.87 36.84 36.85 36.90 36.82 36.67 36.67 36.62 36.65 36.56 36.39 36.52 36.55 36.45 36.45 36.41 36.42 36.50 36.58 36.55 36.42 36.15 36.42 36.23 36.10 36.27 36.26 36.28 36.28 36.16 36.32 36.04 35.97 36.10 36.41 36.25 36.38 36.15 36.14 36.12 36.11 36.05 36.04 35.91 35.95 35.86 35.72 35.65 35.62 35.61 35.46 35.34 35.09 34.78 34.62 34.78 34.72 34.78 34.83 34.81 34.80 34.97
36.49 36.64 36.69 36.77 36.88 36.99 37.02 36.98 36.97 36.93 36.94 36.97 36.98 37.05 36.99 36.88 36.85 36.79 36.93 36.78 36.84 36.82 36.68 36.62 36.51 36.34 36.34 36.52 36.55 36.42 36.33 36.41 36.48 36.57 36.57 36.52 36.37 36.13 36.22 36.19 36.26 36.32 36.31 36.33 36.22 36.15 36.19 36.18 36.16 36.11 36.06 36.09 36.07 36.03 36.01 36.05 36.04 36.03 35.93 35.88 35.84 35.80 35.75 35.66 35.53 35.41 35.26 35.17 35.06 34.97 34.89 34.75 34.77 34.83 34.89 34.89 34.92
36.53 36.66 36.77 36.88 36.95 36.99 37.06 37.04 37.04 37.01 37.02 37.02 37.04 37.05 37.03 37.03 36.96 36.91 36.96 36.92 36.89 36.87 36.76 36.71 36.61 36.43 36.31 36.47 36.54 36.48 36.37 36.39 36.45 36.53 36.53 36.51 36.35 36.27 36.21 36.27 36.27 36.29 36.28 36.30 36.25 36.28 36.20 36.21 36.17 36.14 36.00 35.99 35.91 35.74 35.67 35.80 35.92 35.86 35.91 35.86 35.83 35.72 35.61 35.56 35.48 35.42 35.31 35.13 34.86 34.90 34.89 34.61 34.51 34.57 34.70 34.82 34.85
36.62 36.68 36.73 36.80 36.93 37.01 37.04 37.06 37.06 37.03 37.05 37.02 37.05 37.03 37.01 37.00 36.99 36.97 36.97 36.98 36.99 36.84 36.83 36.71 36.54 36.40 36.28 36.41 36.54 36.45 36.39 36.26 36.39 36.49 36.51 36.46 36.35 36.35 36.21 36.01 36.15 36.22 36.28 36.26 36.20 36.19 36.16 36.14 36.13 36.13 36.02 35.96 35.94 35.92 35.80 35.83 35.80 35.67 35.64 35.69 35.75 35.75 35.61 35.40 35.34 35.19 35.08 35.09 34.91 34.91 34.71 34.54 34.56 34.63 34.66 34.64 34.73
36.57 36.49 36.71 36.79 36.90 37.00 37.02 37.01 36.97 36.95 36.95 36.93 36.97 36.95 36.94 36.95 36.94 36.94 36.95 36.93 36.95 36.93 36.87 36.75 36.61 36.48 36.35 36.41 36.48 36.50 36.45 36.31 36.25 36.35 36.49 36.48 36.41 36.36 36.34 36.15 36.16 36.09 36.21 36.22 36.17 36.14 36.11 36.11 36.15 36.14 36.06 36.04 35.90 35.83 35.82 35.82 35.75 35.71 35.54 35.59 35.56 35.61 35.60 35.52 35.46 35.35 35.28 35.20 35.10 34.94 34.82 34.67 34.54 34.55 34.76 34.73 34.65
36.52 36.71 36.66 36.85 36.92 36.92 36.86 36.83 36.76 36.66 36.78 36.81 36.81 36.81 36.78 36.87 36.88 36.88 36.88 36.90 36.89 36.90 36.90 36.80 36.69 36.66 36.56 36.46 36.40 36.50 36.43 36.30 36.23 36.30 36.44 36.45 36.38 36.25 36.30 36.32 36.28 36.24 36.23 36.18 36.18 36.15 36.15 36.10 36.13 36.11 36.07 36.03 35.95 35.73 35.77 35.80 35.79 35.61 35.62 35.61 35.53 35.41 35.47 35.43 35.44 35.35 35.27 35.09 34.99 34.95 34.91 34.83 34.76 34.74 34.86 34.82 34.76
36.57 36.63 36.78 36.86 36.85 36.80 36.70 36.62 36.55 36.53 36.62 36.70 36.69 36.71 36.72 36.75 36.77 36.78 36.80 36.85 36.84 36.84 36.84 36.75 36.76 36.70 36.56 36.56 36.51 36.55 36.53 36.37 36.39 36.34 36.43 36.38 36.35 36.17 36.22 36.27 36.26 36.26 36.22 36.19 36.18 36.16 36.16 36.09 36.10 36.09 36.04 35.99 35.96 35.83 35.77 35.68 35.74 35.67 35.75 35.72 35.66 35.47 35.47 35.46 35.35 35.29 35.13 35.04 34.93 34.86 34.90 34.90 34.80 34.77 34.95 34.88 34.79
36.71 36.73 36.77 36.80 36.76 36.67 36.55 36.45 36.32 36.36 36.46 36.44 36.50 36.62 36.60 36.62 36.67 36.64 36.71 36.78 36.79 36.76 36.74 36.70 36.70 36.67 36.62 36.58 36.54 36.54 36.54 36.44 36.31 36.44 36.47 36.45 36.33 36.22 36.17 36.25 36.26 36.21 36.19 36.18 36.16 36.14 36.14 36.12 36.10 36.02 35.92 35.80 35.85 35.85 35.81 35.81 35.75 35.66 35.68 35.65 35.66 35.61 35.55 35.52 35.46 35.36 35.18 34.92 34.79 34.76 34.90 35.00 34.94 34.89 34.99 34.94 34.85
36.79 36.77 36.74 36.69 36.62 36.53 36.29 36.21 36.12 36.06 36.14 36.17 36.21 36.27 36.36 36.37 36.50 36.53 36.62 36.59 36.71 36.72 36.69 36.69 36.67 36.66 36.60 36.59 36.55 36.50 36.51 36.44 36.47 36.45 36.47 36.37 36.28 36.15 36.27 36.27 36.22 36.22 36.19 36.17 36.13 36.12 36.10 36.09 36.07 36.01 35.90 35.92 35.80 35.88 35.81 35.70 35.59 35.69 35.68 35.66 35.62 35.61 35.55 35.52 35.48 35.38 35.21 35.08 34.91 34.68 34.81 34.90 35.01 34.97 34.98 34.91 34.90
36.65 36.62 36.61 36.53 36.47 36.46 36.36 36.13 36.03 35.93 35.92 35.99 36.04 36.04 36.08 36.11 36.26 36.28 36.43 36.47 36.62 36.62 36.63 36.64 36.65 36.60 36.61 36.55 36.54 36.52 36.45 36.44 36.44 36.39 36.37 36.33 36.25 36.22 36.22 36.17 36.22 36.16 36.18 36.14 36.14 36.11 36.05 36.08 36.03 36.03 35.87 35.76 35.68 35.86 35.87 35.68 35.57 35.66 35.65 35.63 35.59 35.54 35.46 35.41 35.38 35.39 35.23 35.11 35.01 34.75 34.87 34.99 35.03 35.07 35.07 35.03 35.03
36.43 36.41 36.46 36.33 36.25 36.27 36.27 36.12 36.06 35.99 36.03 36.07 36.05 35.96 35.98 35.91 36.05 36.10 36.28 36.33 36.51 36.49 36.48 36.55 36.57 36.52 36.52 36.51 36.49 36.45 36.45 36.36 36.34 36.35 36.33 36.31 36.29 36.22 36.20 36.21 36.19 36.18 36.16 36.14 36.13 36.10 36.09 36.04 35.98 35.97 35.91 35.68 35.75 35.82 35.81 35.71 35.65 35.61 35.57 35.53 35.55 35.52 35.45 35.29 35.37 35.23 35.25 35.19 35.10 34.97 34.87 34.98 35.03 35.04 35.04 35.04 35.02
36.25 36.21 36.30 36.32 36.21 36.06 35.99 36.07 36.10 36.13 36.07 35.90 35.93 35.95 35.98 35.89 35.85 35.94 35.99 36.07 36.28 36.29 36.25 36.40 36.44 36.45 36.43 36.41 36.40 36.38 36.36 36.29 36.33 36.30 36.28 36.24 36.24 36.20 36.17 36.18 36.13 36.15 36.14 36.14 36.08 36.04 36.03 36.01 35.93 35.92 35.82 35.79 35.75 35.79 35.74 35.63 35.43 35.57 35.53 35.46 35.45 35.30 35.38 35.32 35.28 35.26 35.15 34.90 35.05 34.94 34.94 34.82 34.96 35.05 35.04 34.99 34.95
36.03 35.98 35.98 36.11 36.15 36.08 35.85 35.88 35.93 36.02 36.01 35.84 35.69 35.65 35.79 35.77 35.79 35.77 35.71 35.89 36.06 36.20 36.17 36.21 36.32 36.37 36.37 36.36 36.36 36.31 36.22 36.25 36.27 36.22 36.25 36.21 36.19 36.17 36.15 36.13 36.06 36.02 36.04 36.05 36.05 36.02 35.99 35.97 35.93 35.89 35.84 35.79 35.70 35.72 35.73 35.66 35.61 35.60 35.58 35.45 35.20 35.34 35.35 35.33 35.03 34.94 34.98 34.92 34.75 34.89 34.99 34.95 34.97 35.01 34.99 34.95 34.90
35.84 35.79 35.70 35.79 36.01 35.99 35.83 35.69 35.72 35.78 35.80 35.82 35.72 35.44 35.62 35.60 35.60 35.60 35.51 35.72 35.89 36.07 36.13 36.11 36.13 36.21 36.25 36.25 36.22 36.20 36.24 36.22 36.23 36.19 36.19 36.14 36.14 36.07 36.05 35.96 35.93 35.96 35.96 35.95 35.93 35.95 35.94 35.86 35.86 35.82 35.81 35.75 35.69 35.65 35.65 35.62 35.61 35.57 35.55 35.39 35.33 35.33 35.32 35.28 35.16 34.86 34.88 34.88 34.86 34.80 34.90 34.98 35.00 34.98 34.93 34.89 34.85
35.60 35.54 35.60 35.73 35.84 35.82 35.77 35.60 35.50 35.55 35.68 35.73 35.63 35.47 35.44 35.46 35.42 35.51 35.32 35.41 35.68 35.83 35.91 35.94 35.97 36.11 36.14 36.15 36.14 36.15 36.13 36.12 36.08 36.07 36.09 36.07 35.99 36.01 35.96 35.91 35.79 35.78 35.77 35.78 35.81 35.89 35.85 35.85 35.82 35.77 35.74 35.71 35.58 35.55 35.49 35.54 35.52 35.49 35.44 35.37 35.33 35.28 35.27 35.26 35.21 35.02 35.04 34.95 34.85 34.82 34.76 34.97 34.94 34.91 34.88 34.84 34.81
35.28 35.32 35.41 35.59 35.73 35.57 35.45 35.38 35.35 35.24 35.45 35.53 35.44 35.33 35.36 35.41 35.29 35.31 35.28 35.35 35.47 35.61 35.69 35.77 35.92 35.95 35.99 36.00 36.02 36.06 36.03 35.99 35.87 35.98 35.93 35.87 35.93 35.84 35.84 35.64 35.60 35.58 35.44 35.59 35.68 35.78 35.73 35.72 35.74 35.72 35.68 35.65 35.59 35.53 35.47 35.41 35.40 35.39 35.35 35.28 35.12 35.12 35.08 35.11 35.16 35.07 35.03 34.84 34.80 34.83 34.88 34.90 34.89 34.86 34.82 34.80 34.75
34.97 35.09 35.22 35.32 35.44 35.42 35.28 35.15 35.05 35.12 35.11 35.31 35.39 35.34 35.35 35.16 35.10 35.03 35.12 35.24 35.41 35.43 35.55 35.60 35.71 35.76 35.77 35.79 35.82 35.85 35.92 35.91 35.88 35.91 35.77 35.84 35.83 35.76 35.68 35.59 35.45 35.41 35.22 35.44 35.63 35.65 35.63 35.59 35.63 35.55 35.58 35.56 35.51 35.46 35.40 35.31 35.27 35.21 35.21 35.14 35.14 35.15 35.08 34.98 34.99 34.90 34.82 34.75 34.71 34.76 34.78 34.84 34.82 34.77 34.75 34.73 34.68
34.88 35.02 35.05 35.04 35.23 35.22 35.18 35.16 35.00 34.88 34.95 35.09 35.18 35.25 35.21 35.09 34.95 34.83 34.95 35.04 35.11 35.28 35.33 35.36 35.53 35.56 35.53 35.57 35.61 35.68 35.74 35.77 35.81 35.81 35.78 35.78 35.76 35.71 35.63 35.50 35.31 35.18 35.15 35.33 35.50 35.53 35.49 35.38 35.51 35.44 35.51 35.45 35.41 35.40 35.35 35.25 35.18 35.11 35.03 35.03 34.99 35.02 34.98 34.96 34.99 34.89 34.80 34.53 34.46 34.66 34.71 34.75 34.76 34.72 34.68 34.65 34.62
34.74 34.72 34.70 34.77 35.02 35.02 34.84 34.97 34.97 34.81 34.78 34.88 35.02 35.10 35.04 34.89 34.77 34.68 34.81 35.02 35.07 35.06 35.14 35.15 35.22 35.26 35.35 35.38 35.42 35.46 35.54 35.63 35.70 35.76 35.76 35.74 35.71 35.60 35.53 35.48 35.28 35.02 35.10 35.27 35.47 35.42 35.29 35.25 35.24 35.39 35.39 35.39 35.35 35.33 35.30 35.24 35.09 35.04 34.98 34.98 34.82 34.75 34.81 34.87 34.88 34.81 34.70 34.49 34.55 34.60 34.68 34.62 34.70 34.68 34.60 34.55 34.50
