main/data/temperature/08.07.2023.grid
ncols 886
nrows 691
xllcenter 112.0000
yllcenter -44.5000
cellsize 0.0500
nodata_value 99999.90
[rows 442 to 475 of 691, columns 462 to 538 of 886]
15.96 16.17 17.05 17.22 17.24 17.63 17.78 17.81 17.84 17.79 17.68 17.42 17.31 17.07 17.37 17.58 17.99 18.12 18.13 18.14 18.15 18.17 18.18 18.20 18.12 18.04 18.07 18.15 18.36 18.50 18.65 18.64 18.91 19.01 18.99 18.94 18.93 18.81 18.52 18.70 18.63 18.90 19.09 19.03 18.99 18.99 19.18 19.24 19.21 19.00 18.91 18.99 18.80 19.00 18.97 18.82 18.41 16.94 14.74 16.62 16.97 17.03 16.93 16.67 16.46 15.93 15.54 15.05 15.13 14.73 14.49 14.02 13.14 13.39 14.30 15.14 15.46
17.01 16.21 16.74 17.05 17.01 17.44 17.59 17.77 17.67 17.58 17.29 16.97 17.30 17.08 17.18 17.98 18.08 18.09 18.11 18.07 18.10 18.14 18.16 18.17 18.05 17.97 17.98 18.07 18.33 18.49 18.66 18.56 18.95 19.04 19.01 18.89 18.79 18.68 18.51 18.27 18.13 18.43 18.92 18.75 18.76 18.94 19.07 19.22 19.27 19.24 19.20 19.16 18.99 19.14 19.00 18.83 18.43 15.99 15.49 16.09 17.03 17.14 16.90 16.70 16.34 15.87 15.54 14.85 14.68 14.57 14.11 14.20 13.47 13.55 14.36 14.81 15.39
17.26 16.86 16.02 16.65 17.09 16.29 17.20 17.16 17.28 17.26 17.33 17.48 17.33 17.63 17.66 17.92 17.83 18.08 18.09 17.72 18.13 18.12 18.14 18.16 18.07 17.82 17.88 18.10 18.21 18.46 18.63 18.75 18.85 18.94 19.01 18.87 18.64 18.54 18.30 18.03 17.59 18.22 18.45 18.80 18.90 19.00 19.02 19.15 19.22 19.24 19.20 19.11 19.14 19.14 18.99 18.72 18.27 15.58 15.18 15.91 16.69 17.06 16.89 16.67 16.11 15.70 15.32 14.43 14.30 14.36 14.02 13.99 14.05 14.24 14.51 14.42 14.69
17.51 16.65 16.26 16.74 16.45 16.71 16.94 17.09 17.08 16.93 17.42 17.46 17.40 17.17 17.71 17.35 18.07 18.02 17.62 17.35 17.88 18.12 18.04 18.11 18.02 18.00 18.09 18.00 18.14 18.32 18.60 18.68 18.80 18.83 18.89 18.77 18.69 18.52 18.44 18.26 17.57 18.15 17.97 18.72 18.95 18.96 19.11 19.11 19.10 19.17 19.15 19.15 19.14 19.03 18.95 18.69 18.20 15.65 15.54 15.62 16.90 17.09 16.90 16.60 16.25 16.09 15.52 15.48 14.94 14.41 13.70 14.25 14.39 14.45 14.14 13.58 14.90
17.74 17.58 16.25 16.93 16.95 16.88 16.78 16.82 16.90 16.99 16.94 16.36 17.14 17.81 17.99 18.03 17.96 17.50 17.58 17.61 17.94 17.52 17.73 17.99 17.98 17.96 18.00 18.05 18.12 18.41 18.49 18.55 18.50 18.68 18.76 18.73 18.61 18.51 18.41 17.81 17.87 17.56 17.54 18.28 18.74 18.95 18.97 18.95 19.02 19.04 19.10 18.99 18.90 19.09 18.98 18.79 18.06 15.53 16.00 16.48 16.91 17.02 16.84 16.51 16.14 15.74 15.67 15.37 15.03 14.39 14.21 14.60 14.29 14.26 13.55 13.76 15.27
17.73 17.38 17.09 16.71 16.89 16.79 16.59 16.73 16.53 16.89 16.91 17.43 17.58 17.48 17.00 17.70 17.99 18.01 17.60 17.49 17.55 17.53 17.64 17.61 17.79 17.81 17.98 18.02 17.95 18.27 18.22 18.41 18.52 18.62 18.65 18.67 18.61 18.52 18.35 17.85 17.96 17.33 18.14 17.99 18.37 18.80 18.86 18.39 18.93 19.06 19.09 19.01 18.84 19.06 19.01 18.87 18.14 12.92 16.28 16.59 16.77 16.98 16.80 16.43 16.05 15.42 14.19 14.94 15.07 14.83 14.72 13.73 14.21 14.31 14.40 14.96 15.58
17.73 17.55 16.95 16.97 16.66 17.19 16.75 16.86 17.05 16.91 17.38 16.37 16.57 16.80 16.91 17.39 17.56 17.63 17.83 17.64 17.34 17.04 16.96 17.27 17.36 17.69 17.46 17.55 17.48 17.77 18.08 17.70 18.29 18.41 18.46 18.50 18.45 18.50 18.37 18.10 17.82 17.62 17.73 18.31 18.58 18.59 18.67 18.37 18.65 18.80 19.10 18.99 18.98 19.04 18.94 18.89 17.04 16.11 15.69 15.59 16.46 16.87 16.77 16.39 16.01 14.94 14.10 14.56 14.89 14.63 14.17 13.57 14.69 14.79 14.32 14.13 15.75
17.64 17.49 17.27 16.56 16.64 16.39 16.78 16.75 16.78 17.15 16.36 16.31 16.38 16.46 16.94 17.37 17.30 17.75 17.85 17.26 17.53 16.99 17.03 17.11 17.27 17.22 17.39 17.31 17.60 17.86 17.83 17.98 18.16 18.22 18.19 18.18 18.31 18.28 18.31 18.10 18.14 17.84 18.25 18.34 18.52 18.64 18.60 18.62 18.87 18.69 18.93 19.08 19.07 18.95 18.85 18.61 18.02 16.85 15.38 14.46 16.32 16.71 16.69 16.30 15.81 15.17 14.87 14.56 14.48 14.46 13.73 13.45 14.95 14.93 14.33 15.37 15.56
17.59 17.51 16.83 16.82 15.98 16.62 16.30 16.13 16.14 16.66 16.34 15.75 16.21 16.68 16.85 17.47 17.19 17.55 17.81 17.82 17.69 17.39 17.17 17.31 17.17 17.17 17.30 17.31 17.64 17.19 16.89 17.60 17.12 18.04 17.82 17.73 17.97 18.18 18.16 18.14 17.70 17.87 18.01 18.02 18.46 18.52 18.71 18.66 18.57 17.81 18.61 18.86 18.90 19.00 18.85 18.54 18.10 17.45 13.64 15.08 16.11 16.58 16.61 16.28 15.90 15.65 15.01 14.42 14.28 14.31 13.96 14.58 15.00 15.18 15.08 15.25 15.69
17.52 17.61 17.58 17.01 17.09 17.10 16.47 16.14 16.95 16.58 16.65 15.80 16.35 16.66 17.01 16.71 16.83 17.24 17.71 17.53 17.70 17.18 17.38 17.11 16.88 16.95 16.72 17.24 17.22 17.09 17.35 17.46 17.79 17.43 17.74 17.57 17.67 17.84 17.76 17.61 17.91 17.52 18.07 18.18 18.28 18.44 18.62 18.65 18.57 17.40 17.26 18.69 18.52 18.82 18.84 18.67 18.34 17.78 15.33 14.75 15.78 16.49 16.51 16.29 16.07 15.74 14.85 14.25 13.91 13.97 13.38 14.72 15.19 15.28 15.05 15.64 15.66
17.41 17.55 17.62 17.59 17.49 17.29 16.75 16.26 16.31 16.34 16.01 16.68 16.75 16.98 17.41 17.55 17.55 17.68 17.65 17.28 17.60 17.53 17.30 17.11 17.04 16.67 16.63 16.84 17.09 17.20 17.32 16.87 17.17 17.48 17.05 17.25 17.51 17.38 17.43 17.58 17.65 17.52 18.11 18.25 18.34 18.46 18.53 18.62 18.57 17.13 18.31 18.10 18.69 18.61 18.79 18.71 18.43 17.88 16.81 15.11 16.16 16.36 16.41 16.26 15.96 15.70 15.21 14.47 14.02 13.91 14.04 15.06 15.14 15.01 15.03 15.34 15.15
17.23 17.38 17.52 17.42 17.53 17.42 17.43 17.34 17.23 17.10 16.92 17.07 17.09 17.36 17.31 17.36 17.63 17.64 17.44 17.12 17.33 17.55 17.35 17.21 17.11 16.65 16.54 16.65 16.86 16.90 16.99 17.20 17.01 17.16 17.30 17.22 17.50 17.40 17.56 17.61 17.12 17.60 18.03 18.18 18.30 18.30 18.43 18.54 18.52 18.33 17.67 17.63 16.70 18.65 18.71 18.66 18.45 18.04 16.64 15.50 15.99 16.21 16.21 16.07 15.70 15.53 15.15 14.52 14.29 13.88 14.65 14.93 14.94 14.37 14.76 15.02 15.18
17.28 17.30 17.37 17.53 17.60 17.56 17.12 17.12 17.22 16.51 16.96 17.08 17.13 17.44 17.40 17.35 17.56 17.54 17.33 17.14 16.56 17.37 17.33 17.16 17.01 16.84 16.70 16.45 16.50 16.90 16.77 16.95 17.19 16.37 17.36 17.43 17.45 17.31 17.61 17.55 17.65 17.80 17.92 18.05 18.04 17.94 18.09 18.37 18.50 18.20 17.23 16.86 17.32 18.64 18.61 18.56 18.38 17.94 16.09 13.52 14.92 15.82 16.01 15.95 15.71 15.46 15.09 14.63 14.32 13.64 14.47 14.73 14.59 14.38 14.46 14.63 14.74
17.22 17.15 17.16 17.38 17.51 17.60 17.41 17.37 17.48 17.21 16.80 16.70 16.84 17.15 17.43 17.47 17.48 17.13 17.20 17.09 17.11 17.00 17.27 17.09 16.93 16.72 16.48 16.30 16.66 16.82 16.99 16.95 17.22 17.19 17.29 17.31 17.26 17.17 17.39 17.69 17.64 17.61 17.99 18.09 18.11 17.92 17.82 17.75 18.25 18.45 18.10 16.52 17.32 18.43 18.35 18.47 18.41 18.19 16.34 14.66 13.97 15.14 15.85 15.78 15.56 15.27 14.97 14.57 14.07 13.34 14.04 14.51 14.41 14.08 12.64 13.99 14.12
17.09 17.03 17.04 17.22 17.38 17.55 17.57 17.61 17.59 17.46 17.07 16.99 17.19 17.38 17.30 17.38 17.41 17.07 16.92 16.59 16.83 17.12 17.14 17.04 16.83 16.30 16.03 16.02 16.42 16.59 16.69 16.88 17.13 17.15 17.16 17.16 17.12 16.96 17.08 17.43 17.71 17.85 17.96 18.01 18.01 17.94 17.62 17.81 17.86 18.40 18.36 17.14 16.52 18.12 18.39 18.36 18.31 18.08 17.26 15.09 14.22 13.37 15.43 15.57 15.29 15.05 14.68 14.05 13.53 13.56 13.31 14.12 14.34 13.63 12.66 13.39 13.34
17.03 16.94 16.70 17.23 17.36 17.42 17.47 17.42 17.58 17.53 17.27 16.96 16.99 17.05 17.05 17.23 17.31 17.22 16.80 16.78 16.99 16.97 16.98 16.84 16.86 16.54 16.10 15.69 16.16 16.42 16.56 16.70 16.99 17.02 17.04 17.01 16.86 16.89 17.22 17.14 17.30 17.38 17.76 17.96 17.81 17.98 17.77 17.99 17.80 18.37 18.38 18.31 17.43 17.92 17.84 18.24 18.19 18.01 17.59 15.69 14.36 13.53 15.11 15.08 15.08 14.80 14.47 14.23 13.26 13.42 13.00 13.47 14.12 13.88 13.07 12.68 13.63
17.18 17.18 17.18 17.18 17.35 17.47 17.53 17.38 17.35 17.37 17.24 16.93 17.17 17.22 17.02 17.21 17.20 16.90 16.79 16.70 16.55 16.77 16.83 16.65 16.52 16.40 15.86 15.83 15.88 16.37 16.64 16.59 16.85 16.85 16.73 16.56 16.95 16.78 16.98 17.21 17.21 17.32 17.66 17.89 17.82 17.91 17.87 17.99 18.14 18.17 18.28 18.26 17.78 18.17 18.18 18.12 18.06 17.95 17.72 16.52 15.08 14.12 14.46 14.88 14.76 14.57 13.81 13.93 13.02 12.46 12.59 13.45 13.92 13.63 13.33 12.67 13.11
17.36 17.45 17.54 17.59 17.49 17.23 17.23 17.24 17.16 17.29 17.60 17.57 17.49 17.39 17.03 17.15 17.24 17.07 16.94 16.78 16.70 16.54 16.69 16.45 16.01 16.30 16.08 16.17 16.00 16.45 16.56 16.64 16.77 16.64 16.33 16.54 16.79 16.74 16.89 17.11 17.18 17.03 17.53 17.65 17.77 17.96 17.94 17.78 17.84 18.01 18.21 18.21 17.74 17.62 18.05 18.00 17.94 17.85 17.62 17.23 15.33 15.07 14.49 14.57 13.96 14.67 14.43 13.85 13.50 12.74 12.13 13.74 13.39 13.12 13.07 13.00 13.00
17.35 17.41 17.61 17.66 17.58 17.37 17.11 17.08 17.11 17.00 17.69 17.52 17.46 17.41 17.39 17.07 17.32 17.28 17.00 17.00 16.95 16.82 16.33 16.37 16.22 16.36 16.29 16.40 16.42 16.52 16.56 16.64 16.52 16.48 16.24 16.45 16.65 16.72 16.49 16.83 17.10 16.52 17.12 17.30 17.39 17.78 17.93 17.76 17.97 17.68 18.13 18.08 18.04 17.98 17.92 17.87 17.81 17.76 17.64 17.27 14.99 14.47 14.43 14.43 14.40 14.73 14.50 14.11 13.88 12.65 13.01 13.51 13.37 13.11 13.00 12.81 12.60
17.32 17.37 17.44 17.62 17.61 17.53 17.58 17.61 17.60 17.71 17.76 17.65 17.64 17.60 17.53 17.40 17.32 17.38 17.20 16.94 17.06 16.72 16.58 16.45 15.96 16.08 16.15 16.42 16.41 16.36 16.38 16.39 16.38 16.26 16.33 16.44 16.50 16.72 16.65 16.91 16.95 16.07 16.65 16.91 17.27 17.43 17.66 17.92 17.92 18.01 18.00 17.95 17.91 17.86 17.80 17.74 17.69 17.63 17.57 17.38 16.98 13.02 14.31 14.78 14.62 14.95 14.61 14.23 13.71 12.77 13.05 13.13 13.04 13.13 12.74 12.51 12.80
17.27 17.34 17.39 17.45 17.48 17.55 17.75 17.80 17.84 17.72 17.78 17.70 17.71 17.65 17.54 17.21 17.20 17.40 17.38 17.19 17.01 16.90 16.70 16.46 16.13 15.94 15.88 16.16 15.99 16.06 15.97 16.26 16.28 16.28 16.38 16.43 16.46 16.66 16.76 16.82 16.27 16.53 16.95 16.66 16.93 17.22 17.66 17.90 17.89 17.90 17.86 17.83 17.77 17.73 17.67 17.63 17.56 17.51 17.45 17.41 16.95 13.75 14.16 14.51 14.95 14.99 14.37 14.17 13.89 13.21 12.77 12.61 12.49 12.82 12.60 12.37 12.86
16.98 17.31 17.37 17.48 17.59 17.57 17.71 17.76 17.80 17.73 17.58 17.67 17.69 17.55 17.45 17.14 16.96 17.07 17.26 17.21 16.87 16.66 16.53 16.34 16.05 15.66 15.83 15.89 15.52 15.55 16.00 15.98 16.02 16.14 16.14 16.19 16.39 16.47 16.37 16.63 16.62 16.37 16.84 17.03 17.04 17.17 17.63 17.82 17.79 17.77 17.73 17.69 17.65 17.61 17.55 17.51 17.45 17.39 17.31 17.30 16.91 15.20 14.02 14.48 15.20 14.70 14.62 14.08 14.04 13.62 13.16 12.72 11.97 12.56 12.49 12.64 12.93
17.34 17.17 17.15 17.22 17.57 17.60 17.63 17.71 17.74 17.78 17.76 17.70 17.67 17.48 17.39 17.06 17.03 16.93 17.20 17.12 16.72 16.44 16.57 16.40 15.88 15.91 15.65 15.52 15.19 15.33 15.59 15.77 15.79 15.66 15.68 15.87 16.07 15.88 16.34 16.46 16.04 16.20 16.58 16.91 17.08 17.19 17.61 17.69 17.67 17.65 17.61 17.57 17.53 17.49 17.45 17.40 17.33 17.27 17.18 17.14 16.92 15.84 14.09 14.31 15.29 14.98 14.86 14.37 14.03 13.68 13.71 13.06 12.65 12.40 12.40 12.75 12.99
17.33 17.35 17.23 17.34 17.50 17.56 17.60 17.64 17.66 17.59 17.44 17.52 17.56 17.41 17.35 17.01 17.11 17.04 17.05 17.06 16.79 16.28 16.05 16.40 16.14 15.84 15.64 15.43 15.11 15.10 15.51 15.49 15.48 15.36 15.73 15.89 15.79 15.85 15.92 16.33 16.38 16.43 16.14 16.69 16.97 17.37 17.55 17.57 17.55 17.52 17.49 17.45 17.43 17.38 17.34 17.28 17.21 17.12 17.06 16.96 16.83 16.26 14.87 14.84 15.28 15.22 14.88 14.27 14.08 13.31 13.73 13.12 12.68 11.96 12.65 12.84 12.60
17.37 17.31 17.37 17.41 17.45 17.50 17.54 17.57 17.57 17.50 17.48 17.47 17.42 17.46 17.44 17.21 17.06 17.17 17.18 16.94 16.62 16.33 16.32 16.35 15.95 15.85 15.74 15.29 15.29 14.77 15.14 14.84 14.82 14.91 15.45 15.60 15.88 15.85 15.90 16.36 16.39 16.43 16.23 16.66 16.89 17.41 17.47 17.46 17.44 17.41 17.38 17.35 17.31 17.27 17.24 17.18 17.10 17.02 16.95 16.85 16.72 16.36 15.87 15.27 15.23 14.97 14.60 14.47 13.01 12.61 13.84 13.37 12.27 12.26 12.73 12.40 12.93
17.32 17.02 17.32 17.35 17.41 17.43 17.49 17.50 17.51 17.51 17.46 17.42 17.37 17.36 17.34 17.18 17.17 17.12 16.96 16.78 16.50 16.36 16.37 16.27 15.98 15.84 15.27 14.68 15.09 14.77 14.70 14.46 15.01 15.29 15.40 15.52 15.89 16.01 15.81 15.91 16.11 15.87 16.27 16.92 17.10 17.28 17.36 17.34 17.32 17.29 17.27 17.24 17.21 17.18 17.15 17.11 17.07 16.96 16.88 16.77 16.67 16.37 16.19 15.44 15.39 15.06 14.76 14.46 13.32 13.57 13.89 13.54 12.21 12.41 12.69 12.83 12.57
17.30 16.94 17.25 17.35 17.48 17.48 17.44 17.42 17.43 17.43 17.40 17.32 17.29 17.27 17.24 17.22 17.12 16.99 16.70 16.71 16.44 16.23 16.39 15.81 15.76 15.73 15.26 14.88 14.87 14.80 14.59 14.56 14.87 15.02 14.88 15.52 16.01 16.09 16.01 16.07 15.82 15.95 16.22 16.93 17.12 17.20 17.24 17.23 17.21 17.20 17.17 17.14 17.12 17.09 17.06 17.03 16.97 16.90 16.83 16.71 16.25 16.42 16.26 16.08 15.48 14.98 14.87 14.14 13.98 13.50 13.71 13.44 12.74 12.74 13.17 11.92 11.97
16.96 16.98 17.15 17.38 17.42 17.44 17.43 17.36 17.42 17.33 17.26 17.20 17.18 17.11 17.07 17.00 16.86 16.63 16.56 16.78 16.48 16.29 16.16 16.07 15.90 15.14 15.02 14.55 14.78 14.88 14.66 14.81 15.24 14.99 15.46 15.58 15.31 15.50 16.10 16.46 16.29 16.27 16.77 17.01 17.10 17.14 17.14 17.13 17.11 17.10 17.08 17.05 17.02 17.00 16.98 16.96 16.94 16.83 16.75 16.68 15.81 16.39 15.63 16.05 15.47 15.09 14.98 14.55 14.35 14.38 14.11 13.82 12.57 13.13 12.97 12.30 11.99
17.31 17.20 17.25 17.30 17.33 17.32 17.30 17.26 17.25 17.24 17.17 17.13 17.07 16.95 16.91 16.94 16.96 16.83 16.71 16.59 16.40 16.29 16.05 16.12 15.78 15.38 15.01 14.86 14.99 15.13 14.74 15.15 15.07 15.41 15.38 15.51 14.76 15.91 16.57 16.59 16.63 16.67 16.87 16.93 17.05 17.05 17.04 17.03 17.01 17.00 16.98 16.96 16.94 16.92 16.91 16.89 16.87 16.84 16.78 16.65 16.20 16.17 16.08 16.05 15.53 14.97 14.54 14.71 14.28 14.59 14.24 13.85 12.71 13.44 12.54 12.09 12.31
17.08 16.88 17.14 17.10 17.05 17.05 17.11 17.06 17.07 17.03 16.79 16.70 16.55 16.53 16.54 16.52 16.70 16.72 16.64 16.51 16.40 16.18 16.13 15.90 15.75 15.32 14.93 14.56 14.64 14.65 14.84 14.78 14.51 14.76 14.82 15.05 15.47 16.57 16.68 16.62 16.64 16.73 16.81 16.88 16.96 16.96 16.95 16.94 16.93 16.91 16.90 16.87 16.86 16.84 16.82 16.82 16.81 16.78 16.77 16.65 16.23 15.16 15.85 16.08 15.63 15.39 14.96 15.24 15.06 13.59 14.47 14.18 13.39 13.54 12.87 11.86 12.41
16.89 16.89 16.78 16.81 16.79 16.84 16.86 16.94 16.92 16.95 16.87 16.70 16.47 16.48 16.47 16.51 16.56 16.56 16.53 16.42 16.35 16.26 16.17 16.02 15.34 15.23 14.84 14.81 14.66 14.71 14.41 14.61 13.97 14.23 14.90 15.60 16.39 16.75 16.71 16.66 16.67 16.74 16.79 16.87 16.87 16.87 16.86 16.86 16.84 16.82 16.82 16.79 16.78 16.77 16.76 16.75 16.74 16.56 16.43 16.43 16.12 15.30 15.41 15.99 15.83 15.61 15.43 15.23 14.61 13.21 14.25 13.92 13.87 13.59 12.91 12.29 12.46
16.95 16.89 16.81 16.83 16.76 16.81 16.84 16.94 16.91 16.92 16.77 16.72 16.68 16.58 16.53 16.53 16.55 16.42 16.44 16.39 16.31 16.23 16.22 16.21 15.87 15.33 15.51 15.11 14.84 14.67 14.11 14.50 14.70 14.99 15.26 15.97 16.62 16.71 16.64 16.66 16.67 16.72 16.78 16.80 16.80 16.80 16.78 16.77 16.77 16.75 16.73 16.72 16.71 16.70 16.69 16.60 16.43 16.27 16.18 16.25 16.02 15.46 15.18 15.91 15.86 15.67 15.23 14.69 14.13 13.09 14.08 13.76 12.82 13.56 13.05 12.38 12.64
16.95 16.91 16.82 16.73 16.69 16.73 16.93 16.95 16.93 16.83 16.66 16.68 16.61 16.63 16.48 16.42 16.37 16.32 16.33 16.34 16.31 16.27 16.24 16.25 16.25 16.00 15.59 15.48 15.47 15.42 15.56 15.22 15.71 15.70 15.72 16.38 16.64 16.76 16.74 16.73 16.74 16.73 16.74 16.73 16.73 16.73 16.71 16.70 16.68 16.67 16.66 16.64 16.62 16.62 16.57 16.35 16.10 16.04 15.94 16.02 15.71 14.80 15.41 15.85 15.80 15.53 15.19 14.82 14.39 13.61 13.84 13.68 12.39 13.42 12.92 12.64 12.62
16.85 16.78 16.70 16.61 16.77 16.93 16.93 16.83 16.73 16.69 16.62 16.50 16.60 16.53 16.40 16.28 16.25 16.20 16.21 16.24 16.22 16.20 16.19 16.29 16.34 16.14 16.19 16.00 15.76 15.92 16.08 15.82 15.63 15.43 16.40 16.61 16.70 16.67 16.68 16.68 16.67 16.68 16.68 16.67 16.66 16.66 16.64 16.63 16.62 16.60 16.58 16.56 16.56 16.50 16.20 16.11 16.05 15.90 15.78 15.77 15.35 13.96 15.45 15.82 15.79 15.63 15.20 14.95 14.34 13.31 13.54 13.32 13.03 13.03 12.90 12.58 12.21
