main/data/temperature/09.06.2023.grid
ncols 886
nrows 691
xllcenter 112.0000
yllcenter -44.5000
cellsize 0.0500
nodata_value 99999.90
[rows 510 to 543 of 691, columns 308 to 384 of 886]
16.60 16.58 16.56 16.54 16.53 16.51 16.50 16.48 16.46 16.45 16.43 16.41 16.41 16.39 16.37 16.37 16.36 16.34 16.34 16.33 16.32 16.32 16.31 16.30 16.29 16.30 16.29 16.29 16.28 16.29 16.29 16.29 16.28 16.29 16.29 16.30 16.30 16.30 16.31 16.31 16.32 16.32 16.33 16.34 16.35 16.35 16.36 16.36 16.37 16.38 16.39 16.39 16.40 16.40 16.41 16.41 16.42 16.43 16.43 16.44 16.44 16.44 16.44 16.46 16.46 16.46 16.46 16.46 16.46 16.46 16.46 16.47 16.47 16.47 16.47 16.47 16.48
16.58 16.55 16.54 16.52 16.50 16.48 16.46 16.45 16.43 16.42 16.41 16.39 16.37 16.37 16.35 16.35 16.33 16.32 16.31 16.31 16.30 16.29 16.29 16.28 16.27 16.28 16.27 16.27 16.26 16.26 16.27 16.27 16.26 16.26 16.27 16.28 16.28 16.28 16.29 16.30 16.30 16.30 16.31 16.31 16.33 16.33 16.34 16.34 16.35 16.36 16.37 16.37 16.38 16.38 16.39 16.39 16.40 16.41 16.41 16.41 16.42 16.42 16.42 16.43 16.44 16.44 16.44 16.44 16.44 16.45 16.45 16.45 16.45 16.45 16.44 16.45 16.45
16.54 16.53 16.51 16.49 16.47 16.46 16.44 16.42 16.41 16.39 16.38 16.37 16.35 16.34 16.33 16.31 16.31 16.30 16.29 16.27 16.27 16.26 16.26 16.26 16.25 16.24 16.25 16.24 16.24 16.24 16.25 16.24 16.24 16.24 16.25 16.26 16.26 16.26 16.26 16.28 16.28 16.28 16.29 16.29 16.31 16.31 16.32 16.32 16.33 16.33 16.35 16.35 16.36 16.36 16.37 16.38 16.38 16.39 16.39 16.39 16.40 16.40 16.41 16.41 16.41 16.42 16.42 16.42 16.43 16.43 16.43 16.42 16.42 16.42 16.43 16.43 16.43
16.52 16.51 16.48 16.46 16.45 16.43 16.42 16.40 16.39 16.37 16.35 16.34 16.33 16.31 16.31 16.29 16.28 16.27 16.26 16.25 16.25 16.24 16.23 16.24 16.23 16.22 16.22 16.22 16.22 16.22 16.21 16.22 16.22 16.22 16.23 16.23 16.24 16.24 16.24 16.26 16.26 16.26 16.27 16.27 16.29 16.29 16.30 16.30 16.31 16.32 16.33 16.33 16.34 16.34 16.35 16.36 16.36 16.37 16.37 16.37 16.38 16.39 16.39 16.39 16.39 16.39 16.39 16.39 16.40 16.40 16.40 16.40 16.40 16.41 16.41 16.40 16.40
16.50 16.47 16.46 16.44 16.43 16.41 16.39 16.37 16.36 16.35 16.33 16.31 16.30 16.29 16.27 16.27 16.25 16.24 16.24 16.23 16.22 16.22 16.21 16.20 16.21 16.20 16.20 16.20 16.20 16.20 16.19 16.20 16.20 16.20 16.20 16.21 16.22 16.22 16.22 16.24 16.24 16.24 16.25 16.25 16.27 16.27 16.28 16.28 16.29 16.30 16.31 16.31 16.32 16.32 16.33 16.34 16.34 16.35 16.35 16.35 16.36 16.37 16.37 16.37 16.37 16.37 16.38 16.38 16.38 16.38 16.38 16.38 16.39 16.38 16.38 16.38 16.38
16.47 16.45 16.43 16.42 16.39 16.38 16.36 16.35 16.33 16.31 16.31 16.29 16.28 16.27 16.25 16.25 16.23 16.22 16.22 16.21 16.20 16.20 16.19 16.18 16.19 16.18 16.17 16.17 16.18 16.17 16.17 16.18 16.18 16.18 16.18 16.18 16.20 16.20 16.20 16.20 16.22 16.22 16.23 16.23 16.25 16.25 16.26 16.26 16.27 16.28 16.29 16.29 16.30 16.30 16.30 16.32 16.32 16.32 16.33 16.33 16.34 16.34 16.35 16.35 16.35 16.36 16.36 16.36 16.36 16.36 16.35 16.36 16.36 16.36 16.36 16.35 16.36
16.44 16.43 16.41 16.39 16.37 16.36 16.34 16.32 16.31 16.29 16.28 16.27 16.25 16.25 16.24 16.23 16.22 16.21 16.20 16.20 16.19 16.18 16.18 16.17 16.16 16.17 16.16 16.15 16.16 16.15 16.15 16.15 16.16 16.16 16.16 16.16 16.18 16.18 16.18 16.18 16.20 16.20 16.21 16.21 16.23 16.23 16.24 16.24 16.25 16.26 16.27 16.27 16.28 16.28 16.29 16.30 16.30 16.30 16.31 16.32 16.32 16.32 16.32 16.32 16.32 16.33 16.33 16.33 16.33 16.33 16.34 16.34 16.34 16.33 16.33 16.34 16.34
16.42 16.41 16.38 16.36 16.35 16.33 16.32 16.30 16.30 16.28 16.27 16.26 16.25 16.25 16.23 16.22 16.22 16.21 16.20 16.20 16.19 16.18 16.18 16.17 16.16 16.16 16.16 16.15 16.14 16.15 16.14 16.14 16.14 16.14 16.14 16.14 16.15 16.16 16.16 16.16 16.18 16.18 16.19 16.19 16.20 16.21 16.22 16.22 16.23 16.24 16.25 16.25 16.25 16.26 16.27 16.28 16.28 16.28 16.28 16.30 16.30 16.30 16.30 16.30 16.31 16.31 16.31 16.31 16.31 16.32 16.32 16.31 16.31 16.31 16.32 16.31 16.31
16.40 16.37 16.37 16.35 16.34 16.32 16.31 16.30 16.28 16.28 16.26 16.26 16.25 16.23 16.23 16.22 16.21 16.21 16.19 16.19 16.18 16.18 16.17 16.17 16.16 16.15 16.15 16.15 16.14 16.14 16.14 16.13 16.14 16.13 16.13 16.13 16.14 16.14 16.14 16.14 16.16 16.16 16.17 16.17 16.18 16.19 16.20 16.20 16.21 16.22 16.22 16.23 16.23 16.25 16.25 16.25 16.26 16.26 16.26 16.27 16.28 16.28 16.28 16.29 16.29 16.29 16.29 16.29 16.29 16.29 16.29 16.29 16.29 16.29 16.29 16.29 16.28
16.38 16.37 16.36 16.34 16.33 16.32 16.30 16.29 16.28 16.27 16.26 16.25 16.24 16.23 16.23 16.21 16.20 16.20 16.19 16.18 16.18 16.17 16.16 16.16 16.16 16.15 16.15 16.14 16.14 16.14 16.13 16.13 16.12 16.13 16.12 16.12 16.12 16.12 16.12 16.12 16.14 16.14 16.15 16.15 16.16 16.17 16.18 16.18 16.18 16.20 16.20 16.21 16.21 16.23 16.23 16.23 16.23 16.24 16.25 16.25 16.25 16.25 16.25 16.26 16.26 16.26 16.26 16.26 16.27 16.27 16.27 16.26 16.27 16.27 16.26 16.26 16.27
16.37 16.36 16.34 16.33 16.32 16.31 16.29 16.29 16.27 16.26 16.25 16.24 16.24 16.22 16.21 16.21 16.20 16.20 16.19 16.18 16.18 16.17 16.16 16.16 16.15 16.14 16.15 16.14 16.13 16.12 16.13 16.12 16.12 16.12 16.12 16.11 16.11 16.12 16.11 16.11 16.11 16.12 16.13 16.13 16.14 16.15 16.15 16.16 16.17 16.18 16.18 16.19 16.19 16.20 16.21 16.21 16.21 16.21 16.23 16.23 16.23 16.23 16.24 16.24 16.24 16.24 16.25 16.25 16.25 16.24 16.24 16.25 16.25 16.24 16.24 16.25 16.24
16.36 16.35 16.33 16.32 16.31 16.30 16.29 16.27 16.27 16.25 16.25 16.23 16.22 16.22 16.21 16.20 16.19 16.18 16.18 16.17 16.17 16.16 16.15 16.14 16.15 16.14 16.13 16.13 16.13 16.12 16.12 16.12 16.11 16.12 16.11 16.11 16.11 16.11 16.10 16.10 16.11 16.11 16.11 16.11 16.11 16.13 16.13 16.14 16.14 16.16 16.16 16.16 16.18 16.18 16.18 16.19 16.19 16.20 16.20 16.21 16.21 16.21 16.22 16.22 16.22 16.22 16.22 16.22 16.22 16.22 16.23 16.22 16.22 16.22 16.22 16.22 16.22
16.35 16.33 16.32 16.31 16.30 16.28 16.28 16.26 16.26 16.24 16.24 16.23 16.21 16.21 16.20 16.20 16.19 16.17 16.17 16.16 16.15 16.15 16.15 16.14 16.14 16.13 16.12 16.13 16.12 16.11 16.11 16.11 16.10 16.11 16.10 16.10 16.09 16.10 16.10 16.09 16.09 16.10 16.09 16.09 16.10 16.11 16.11 16.12 16.13 16.14 16.14 16.14 16.16 16.16 16.16 16.17 16.17 16.18 16.18 16.18 16.18 16.19 16.19 16.19 16.19 16.20 16.20 16.20 16.20 16.20 16.20 16.20 16.19 16.20 16.20 16.19 16.19
16.34 16.32 16.31 16.29 16.29 16.27 16.27 16.25 16.25 16.23 16.22 16.22 16.21 16.20 16.19 16.18 16.18 16.17 16.17 16.16 16.15 16.15 16.14 16.13 16.13 16.12 16.11 16.12 16.11 16.10 16.11 16.10 16.09 16.10 16.09 16.09 16.08 16.09 16.09 16.08 16.08 16.09 16.08 16.08 16.09 16.09 16.09 16.10 16.11 16.11 16.12 16.12 16.13 16.14 16.14 16.14 16.16 16.16 16.16 16.16 16.16 16.17 16.17 16.17 16.18 16.18 16.18 16.17 16.18 16.18 16.18 16.17 16.17 16.18 16.17 16.17 16.17
16.32 16.31 16.30 16.28 16.27 16.26 16.25 16.24 16.23 16.22 16.21 16.21 16.20 16.18 16.18 16.17 16.17 16.16 16.15 16.15 16.14 16.14 16.13 16.12 16.12 16.11 16.10 16.11 16.10 16.09 16.09 16.09 16.08 16.08 16.08 16.08 16.07 16.08 16.07 16.07 16.08 16.07 16.07 16.07 16.08 16.07 16.07 16.07 16.09 16.09 16.10 16.10 16.11 16.12 16.12 16.12 16.13 16.13 16.14 16.14 16.15 16.15 16.15 16.15 16.15 16.15 16.15 16.15 16.16 16.15 16.15 16.15 16.15 16.15 16.15 16.15 16.15
16.30 16.29 16.28 16.27 16.26 16.25 16.24 16.23 16.22 16.21 16.20 16.19 16.18 16.17 16.17 16.16 16.15 16.15 16.14 16.14 16.13 16.12 16.12 16.11 16.11 16.10 16.09 16.09 16.09 16.08 16.08 16.08 16.07 16.07 16.07 16.07 16.06 16.07 16.06 16.06 16.05 16.06 16.06 16.05 16.06 16.06 16.06 16.07 16.07 16.07 16.07 16.08 16.09 16.09 16.10 16.11 16.11 16.11 16.11 16.12 16.12 16.12 16.12 16.13 16.13 16.13 16.13 16.13 16.13 16.13 16.12 16.13 16.13 16.12 16.12 16.12 16.12
16.29 16.28 16.26 16.26 16.24 16.24 16.22 16.21 16.21 16.19 16.19 16.18 16.17 16.16 16.16 16.15 16.14 16.14 16.13 16.12 16.12 16.11 16.11 16.10 16.09 16.09 16.08 16.07 16.08 16.07 16.06 16.07 16.06 16.05 16.06 16.05 16.05 16.05 16.05 16.04 16.05 16.05 16.04 16.04 16.05 16.04 16.04 16.05 16.05 16.05 16.05 16.07 16.07 16.07 16.07 16.08 16.09 16.09 16.09 16.10 16.10 16.10 16.11 16.11 16.11 16.10 16.11 16.11 16.11 16.10 16.11 16.11 16.10 16.11 16.10 16.10 16.09
16.27 16.26 16.25 16.24 16.23 16.21 16.21 16.20 16.19 16.18 16.18 16.16 16.16 16.15 16.14 16.14 16.12 16.12 16.11 16.10 16.10 16.09 16.09 16.09 16.08 16.08 16.07 16.06 16.06 16.06 16.05 16.05 16.05 16.04 16.04 16.04 16.03 16.04 16.03 16.03 16.04 16.03 16.03 16.02 16.03 16.03 16.03 16.03 16.03 16.03 16.03 16.04 16.05 16.05 16.05 16.06 16.06 16.06 16.07 16.07 16.07 16.07 16.08 16.08 16.08 16.09 16.09 16.08 16.08 16.09 16.08 16.08 16.08 16.08 16.08 16.07 16.08
16.26 16.24 16.23 16.22 16.21 16.20 16.20 16.18 16.18 16.16 16.16 16.15 16.14 16.14 16.12 16.12 16.11 16.11 16.10 16.09 16.09 16.08 16.08 16.07 16.06 16.07 16.06 16.05 16.05 16.04 16.04 16.04 16.03 16.03 16.03 16.02 16.02 16.02 16.02 16.01 16.02 16.02 16.01 16.01 16.02 16.01 16.01 16.02 16.02 16.01 16.01 16.02 16.02 16.03 16.04 16.04 16.04 16.05 16.05 16.05 16.05 16.06 16.06 16.06 16.06 16.06 16.06 16.06 16.05 16.06 16.06 16.05 16.06 16.05 16.05 16.05 16.05
16.24 16.22 16.22 16.20 16.20 16.18 16.18 16.17 16.16 16.15 16.14 16.13 16.12 16.12 16.11 16.11 16.10 16.10 16.09 16.08 16.08 16.07 16.06 16.06 16.05 16.05 16.04 16.03 16.04 16.03 16.02 16.02 16.02 16.01 16.02 16.01 16.00 16.01 16.00 16.00 16.00 16.00 15.99 16.00 16.00 15.99 15.99 16.00 16.00 16.00 16.00 16.00 16.00 16.01 16.01 16.02 16.02 16.03 16.03 16.03 16.03 16.04 16.03 16.03 16.04 16.04 16.04 16.03 16.04 16.04 16.03 16.04 16.03 16.03 16.02 16.03 16.02
16.21 16.21 16.20 16.19 16.17 16.17 16.15 16.15 16.14 16.13 16.12 16.12 16.11 16.11 16.09 16.09 16.08 16.07 16.07 16.06 16.06 16.05 16.04 16.04 16.03 16.04 16.03 16.02 16.02 16.01 16.01 16.01 16.00 16.00 16.00 15.99 15.99 15.99 15.99 15.98 15.99 15.98 15.98 15.98 15.98 15.98 15.97 15.98 15.98 15.98 15.98 15.98 15.98 15.99 15.99 15.99 15.99 16.00 16.00 16.00 16.01 16.01 16.01 16.02 16.02 16.01 16.01 16.02 16.01 16.01 16.02 16.01 16.01 16.00 16.01 16.00 16.00
16.19 16.19 16.17 16.17 16.15 16.15 16.14 16.13 16.12 16.12 16.11 16.10 16.09 16.09 16.08 16.07 16.07 16.06 16.06 16.05 16.05 16.04 16.03 16.03 16.02 16.01 16.01 16.00 16.00 16.00 15.99 15.99 15.99 15.98 15.98 15.98 15.97 15.97 15.97 15.96 15.97 15.96 15.96 15.96 15.96 15.96 15.96 15.96 15.96 15.96 15.96 15.96 15.96 15.97 15.97 15.97 15.98 15.98 15.98 15.99 15.99 15.99 15.98 15.99 15.99 15.99 15.99 15.99 15.99 15.98 15.99 15.98 15.98 15.98 15.98 15.97 15.98
16.18 16.17 16.16 16.15 16.14 16.13 16.12 16.12 16.10 16.10 16.09 16.09 16.07 16.07 16.06 16.05 16.05 16.04 16.04 16.03 16.02 16.02 16.01 16.01 16.00 15.99 15.99 15.99 15.99 15.98 15.97 15.98 15.97 15.96 15.96 15.96 15.95 15.96 15.95 15.94 15.95 15.94 15.94 15.95 15.94 15.94 15.94 15.94 15.94 15.94 15.94 15.94 15.95 15.95 15.95 15.95 15.96 15.96 15.95 15.96 15.96 15.96 15.97 15.97 15.96 15.96 15.97 15.97 15.96 15.97 15.96 15.96 15.96 15.96 15.95 15.96 15.95
16.16 16.15 16.14 16.13 16.12 16.11 16.10 16.10 16.09 16.08 16.07 16.07 16.06 16.04 16.04 16.03 16.03 16.02 16.02 16.01 16.00 16.00 15.99 15.99 15.98 15.98 15.98 15.97 15.96 15.96 15.95 15.96 15.95 15.94 15.95 15.94 15.93 15.94 15.93 15.94 15.93 15.92 15.93 15.93 15.92 15.92 15.92 15.92 15.92 15.92 15.92 15.92 15.93 15.92 15.92 15.93 15.93 15.93 15.94 15.94 15.94 15.94 15.94 15.94 15.94 15.95 15.94 15.94 15.95 15.94 15.94 15.94 15.94 15.93 15.94 15.93 15.92
16.14 16.12 16.12 16.11 16.10 16.10 16.08 16.08 16.07 16.05 16.05 16.04 16.04 16.03 16.03 16.01 16.01 16.00 16.00 15.99 15.98 15.98 15.97 15.97 15.97 15.96 15.96 15.95 15.95 15.94 15.94 15.94 15.93 15.92 15.93 15.92 15.91 15.92 15.91 15.91 15.91 15.90 15.90 15.90 15.90 15.90 15.90 15.90 15.89 15.90 15.90 15.90 15.90 15.90 15.90 15.91 15.91 15.91 15.92 15.92 15.91 15.92 15.92 15.92 15.92 15.92 15.92 15.91 15.92 15.91 15.91 15.92 15.91 15.90 15.91 15.90 15.90
16.11 16.10 16.10 16.08 16.08 16.07 16.06 16.05 16.05 16.03 16.03 16.02 16.02 16.01 16.01 16.00 15.99 15.98 15.97 15.97 15.96 15.96 15.95 15.95 15.95 15.94 15.94 15.93 15.93 15.92 15.92 15.92 15.91 15.90 15.91 15.90 15.89 15.90 15.89 15.89 15.89 15.88 15.89 15.88 15.88 15.88 15.88 15.88 15.88 15.88 15.88 15.88 15.88 15.88 15.89 15.88 15.88 15.88 15.89 15.89 15.89 15.90 15.89 15.89 15.90 15.90 15.89 15.90 15.89 15.89 15.89 15.89 15.88 15.89 15.88 15.88 15.88
16.09 16.08 16.08 16.06 16.06 16.04 16.04 16.03 16.03 16.01 16.01 16.00 16.00 15.99 15.99 15.98 15.97 15.96 15.95 15.95 15.94 15.94 15.94 15.94 15.93 15.92 15.92 15.91 15.90 15.90 15.90 15.90 15.89 15.88 15.89 15.88 15.88 15.88 15.87 15.87 15.87 15.86 15.87 15.86 15.86 15.86 15.86 15.85 15.86 15.86 15.85 15.86 15.86 15.85 15.86 15.86 15.86 15.87 15.87 15.86 15.87 15.87 15.87 15.88 15.87 15.87 15.88 15.87 15.87 15.87 15.87 15.86 15.87 15.86 15.85 15.86 15.85
16.07 16.06 16.05 16.04 16.04 16.02 16.02 16.01 16.01 15.99 15.99 15.98 15.98 15.97 15.96 15.96 15.96 15.94 15.93 15.93 15.92 15.92 15.92 15.91 15.91 15.90 15.90 15.89 15.88 15.88 15.88 15.88 15.87 15.87 15.87 15.86 15.86 15.85 15.85 15.85 15.85 15.84 15.84 15.84 15.83 15.84 15.83 15.84 15.84 15.83 15.84 15.83 15.83 15.84 15.84 15.83 15.84 15.84 15.84 15.85 15.85 15.85 15.85 15.85 15.85 15.85 15.85 15.84 15.85 15.85 15.84 15.84 15.84 15.83 15.84 15.83 15.82
16.04 16.04 16.02 16.02 16.01 16.00 16.00 15.99 15.98 15.97 15.97 15.96 15.96 15.95 15.95 15.93 15.92 15.92 15.91 15.91 15.90 15.90 15.89 15.89 15.89 15.88 15.88 15.87 15.87 15.86 15.85 15.86 15.85 15.84 15.84 15.84 15.84 15.83 15.83 15.83 15.82 15.83 15.82 15.82 15.81 15.82 15.81 15.82 15.81 15.81 15.81 15.81 15.81 15.81 15.81 15.81 15.82 15.81 15.81 15.82 15.82 15.82 15.83 15.82 15.82 15.83 15.82 15.83 15.82 15.82 15.81 15.82 15.81 15.82 15.81 15.80 15.81
16.02 16.01 16.00 16.00 15.98 15.98 15.97 15.97 15.96 15.95 15.95 15.94 15.93 15.93 15.91 15.91 15.90 15.90 15.89 15.89 15.88 15.88 15.87 15.87 15.86 15.86 15.86 15.85 15.84 15.84 15.83 15.83 15.83 15.82 15.82 15.81 15.82 15.81 15.80 15.81 15.80 15.80 15.80 15.79 15.80 15.79 15.79 15.79 15.79 15.78 15.79 15.78 15.79 15.79 15.78 15.79 15.79 15.79 15.80 15.79 15.79 15.80 15.80 15.80 15.81 15.80 15.80 15.80 15.80 15.79 15.80 15.79 15.79 15.79 15.78 15.79 15.78
15.99 15.99 15.98 15.97 15.96 15.96 15.94 15.94 15.93 15.93 15.92 15.92 15.90 15.90 15.89 15.89 15.88 15.88 15.87 15.87 15.86 15.86 15.85 15.84 15.84 15.83 15.83 15.83 15.83 15.82 15.81 15.81 15.80 15.81 15.80 15.79 15.79 15.79 15.79 15.78 15.78 15.78 15.77 15.77 15.77 15.77 15.77 15.77 15.76 15.77 15.76 15.76 15.77 15.76 15.76 15.77 15.76 15.76 15.77 15.77 15.78 15.77 15.77 15.78 15.78 15.77 15.78 15.78 15.77 15.78 15.77 15.76 15.77 15.76 15.77 15.76 15.75
15.97 15.97 15.95 15.95 15.94 15.93 15.92 15.92 15.91 15.91 15.89 15.89 15.88 15.88 15.87 15.87 15.86 15.86 15.85 15.85 15.84 15.84 15.83 15.82 15.82 15.81 15.81 15.80 15.80 15.80 15.79 15.79 15.78 15.78 15.78 15.77 15.77 15.76 15.77 15.76 15.75 15.76 15.75 15.74 15.75 15.74 15.75 15.74 15.74 15.74 15.74 15.73 15.74 15.74 15.74 15.74 15.74 15.74 15.74 15.74 15.75 15.75 15.74 15.75 15.75 15.76 15.75 15.75 15.75 15.75 15.74 15.75 15.74 15.73 15.74 15.73 15.73
15.94 15.94 15.93 15.93 15.91 15.91 15.90 15.90 15.88 15.88 15.87 15.87 15.86 15.86 15.85 15.85 15.84 15.84 15.83 15.83 15.82 15.82 15.81 15.80 15.80 15.79 15.79 15.78 15.78 15.77 15.77 15.77 15.76 15.76 15.75 15.74 15.75 15.74 15.74 15.74 15.73 15.73 15.73 15.73 15.72 15.72 15.72 15.72 15.71 15.72 15.71 15.72 15.71 15.71 15.71 15.71 15.71 15.72 15.71 15.71 15.72 15.72 15.73 15.72 15.72 15.73 15.73 15.72 15.73 15.72 15.73 15.72 15.71 15.72 15.71 15.71 15.71
15.92 15.91 15.90 15.90 15.89 15.89 15.87 15.87 15.86 15.86 15.85 15.85 15.84 15.83 15.82 15.82 15.81 15.81 15.80 15.80 15.79 15.79 15.78 15.78 15.77 15.76 15.77 15.76 15.76 15.75 15.74 15.74 15.73 15.74 15.73 15.73 15.72 15.72 15.72 15.71 15.71 15.71 15.70 15.70 15.70 15.70 15.70 15.69 15.70 15.69 15.68 15.69 15.69 15.69 15.69 15.68 15.69 15.69 15.68 15.69 15.69 15.69 15.70 15.69 15.70 15.70 15.70 15.71 15.70 15.69 15.70 15.69 15.70 15.69 15.68 15.69 15.68
