main/data/temperature/09.04.2023.grid
ncols 886
nrows 691
xllcenter 112.0000
yllcenter -44.5000
cellsize 0.0500
nodata_value 99999.90
[rows 510 to 543 of 691, columns 308 to 384 of 886]
18.95 18.92 18.90 18.88 18.86 18.84 18.82 18.80 18.78 18.76 18.74 18.73 18.71 18.70 18.67 18.66 18.64 18.63 18.61 18.59 18.58 18.57 18.56 18.54 18.53 18.51 18.50 18.49 18.48 18.47 18.46 18.45 18.44 18.43 18.41 18.40 18.39 18.38 18.38 18.37 18.36 18.35 18.34 18.33 18.32 18.31 18.30 18.30 18.29 18.28 18.27 18.26 18.25 18.24 18.24 18.23 18.22 18.21 18.22 18.21 18.21 18.20 18.20 18.19 18.20 18.20 18.20 18.20 18.20 18.20 18.22 18.22 18.23 18.25 18.26 18.27 18.30
18.91 18.88 18.86 18.85 18.82 18.80 18.78 18.77 18.74 18.72 18.71 18.69 18.68 18.65 18.64 18.62 18.61 18.60 18.57 18.56 18.55 18.53 18.52 18.51 18.49 18.48 18.46 18.45 18.44 18.43 18.42 18.41 18.40 18.39 18.37 18.36 18.35 18.34 18.33 18.32 18.31 18.30 18.29 18.28 18.27 18.27 18.26 18.25 18.24 18.23 18.22 18.21 18.20 18.19 18.18 18.17 18.17 18.16 18.16 18.15 18.15 18.14 18.14 18.13 18.13 18.14 18.13 18.13 18.13 18.14 18.15 18.15 18.16 18.18 18.19 18.20 18.22
18.86 18.85 18.83 18.80 18.78 18.76 18.75 18.73 18.70 18.69 18.67 18.66 18.63 18.62 18.60 18.59 18.57 18.55 18.54 18.52 18.51 18.50 18.48 18.46 18.45 18.44 18.43 18.41 18.40 18.39 18.38 18.37 18.36 18.34 18.33 18.32 18.31 18.30 18.29 18.28 18.27 18.26 18.25 18.24 18.23 18.22 18.21 18.20 18.19 18.18 18.17 18.16 18.15 18.14 18.13 18.12 18.11 18.11 18.10 18.10 18.09 18.08 18.08 18.07 18.07 18.07 18.07 18.07 18.07 18.07 18.08 18.08 18.09 18.10 18.11 18.12 18.14
18.83 18.81 18.79 18.76 18.74 18.73 18.70 18.68 18.67 18.65 18.63 18.61 18.59 18.58 18.56 18.55 18.54 18.51 18.50 18.48 18.47 18.46 18.43 18.42 18.41 18.40 18.39 18.37 18.36 18.35 18.34 18.33 18.31 18.30 18.29 18.28 18.26 18.25 18.24 18.23 18.22 18.21 18.20 18.19 18.18 18.17 18.16 18.15 18.14 18.13 18.11 18.10 18.09 18.08 18.07 18.06 18.05 18.05 18.05 18.04 18.03 18.02 18.01 18.01 18.00 18.01 18.01 18.00 18.00 18.01 18.01 18.01 18.02 18.03 18.04 18.05 18.07
18.79 18.77 18.74 18.72 18.70 18.69 18.66 18.64 18.63 18.61 18.59 18.57 18.55 18.54 18.52 18.51 18.49 18.47 18.46 18.44 18.43 18.42 18.39 18.38 18.37 18.36 18.34 18.33 18.32 18.31 18.30 18.28 18.26 18.25 18.24 18.23 18.22 18.21 18.20 18.19 18.17 18.16 18.15 18.14 18.13 18.12 18.11 18.10 18.08 18.07 18.06 18.05 18.04 18.03 18.02 18.01 18.00 17.99 17.99 17.98 17.97 17.96 17.95 17.95 17.95 17.95 17.94 17.94 17.94 17.94 17.94 17.94 17.95 17.96 17.97 17.97 17.99
18.75 18.72 18.70 18.68 18.66 18.64 18.62 18.60 18.59 18.57 18.55 18.53 18.51 18.50 18.49 18.46 18.45 18.43 18.42 18.40 18.39 18.38 18.35 18.34 18.33 18.32 18.30 18.29 18.28 18.27 18.25 18.23 18.22 18.21 18.20 18.18 18.17 18.16 18.15 18.14 18.13 18.11 18.10 18.09 18.08 18.07 18.06 18.04 18.03 18.02 18.01 18.00 17.99 17.97 17.96 17.95 17.94 17.93 17.93 17.92 17.91 17.90 17.89 17.89 17.89 17.88 17.88 17.87 17.87 17.88 17.88 17.88 17.89 17.89 17.90 17.91 17.92
18.70 18.68 18.66 18.64 18.62 18.60 18.58 18.56 18.55 18.52 18.51 18.49 18.47 18.46 18.43 18.42 18.41 18.39 18.38 18.36 18.35 18.33 18.31 18.30 18.29 18.27 18.26 18.25 18.23 18.21 18.20 18.19 18.18 18.16 18.15 18.14 18.13 18.11 18.10 18.09 18.08 18.07 18.05 18.04 18.03 18.02 18.00 17.99 17.98 17.97 17.95 17.94 17.93 17.92 17.91 17.89 17.88 17.88 17.87 17.86 17.85 17.84 17.83 17.82 17.83 17.82 17.81 17.81 17.80 17.81 17.81 17.81 17.82 17.82 17.82 17.83 17.85
18.65 18.63 18.62 18.60 18.57 18.55 18.54 18.52 18.51 18.48 18.46 18.45 18.43 18.42 18.39 18.38 18.36 18.35 18.33 18.32 18.30 18.28 18.27 18.26 18.24 18.23 18.22 18.20 18.19 18.18 18.15 18.14 18.13 18.12 18.10 18.09 18.08 18.07 18.05 18.04 18.03 18.02 18.00 17.99 17.98 17.96 17.95 17.94 17.93 17.91 17.90 17.89 17.87 17.86 17.85 17.84 17.84 17.82 17.81 17.80 17.79 17.78 17.77 17.77 17.76 17.76 17.75 17.74 17.75 17.74 17.74 17.74 17.75 17.75 17.75 17.77 17.77
18.61 18.59 18.57 18.55 18.53 18.51 18.50 18.48 18.45 18.44 18.42 18.41 18.39 18.36 18.35 18.34 18.32 18.31 18.29 18.28 18.26 18.24 18.23 18.21 18.20 18.19 18.17 18.16 18.14 18.12 18.11 18.10 18.08 18.07 18.06 18.04 18.03 18.02 18.00 17.99 17.98 17.97 17.95 17.94 17.93 17.91 17.90 17.89 17.87 17.86 17.85 17.83 17.82 17.81 17.79 17.79 17.78 17.77 17.75 17.74 17.73 17.72 17.71 17.71 17.70 17.69 17.68 17.68 17.68 17.68 17.67 17.67 17.68 17.68 17.68 17.69 17.70
18.56 18.55 18.53 18.50 18.49 18.47 18.45 18.44 18.41 18.40 18.39 18.37 18.36 18.34 18.32 18.31 18.30 18.29 18.27 18.26 18.24 18.22 18.21 18.19 18.17 18.16 18.14 18.12 18.11 18.09 18.07 18.05 18.04 18.02 18.01 17.99 17.98 17.97 17.95 17.94 17.93 17.91 17.90 17.89 17.87 17.86 17.85 17.83 17.82 17.80 17.79 17.78 17.76 17.75 17.75 17.73 17.72 17.71 17.69 17.68 17.67 17.66 17.66 17.65 17.64 17.63 17.62 17.62 17.62 17.61 17.61 17.61 17.61 17.61 17.61 17.62 17.62
18.52 18.51 18.49 18.47 18.45 18.44 18.43 18.41 18.40 18.39 18.39 18.38 18.37 18.35 18.34 18.33 18.31 18.30 18.29 18.28 18.25 18.24 18.22 18.20 18.19 18.17 18.15 18.13 18.11 18.08 18.07 18.03 18.01 17.98 17.97 17.95 17.93 17.92 17.90 17.89 17.88 17.86 17.85 17.83 17.82 17.81 17.79 17.78 17.76 17.75 17.74 17.72 17.71 17.70 17.69 17.67 17.66 17.65 17.63 17.62 17.61 17.61 17.60 17.59 17.58 17.57 17.57 17.56 17.55 17.54 17.55 17.54 17.54 17.54 17.55 17.55 17.55
18.49 18.49 18.47 18.46 18.46 18.45 18.44 18.43 18.42 18.41 18.40 18.39 18.39 18.37 18.36 18.35 18.33 18.32 18.31 18.30 18.27 18.26 18.24 18.22 18.21 18.19 18.17 18.15 18.13 18.11 18.07 18.05 18.02 17.99 17.96 17.94 17.91 17.88 17.86 17.84 17.82 17.81 17.80 17.78 17.77 17.75 17.74 17.72 17.71 17.69 17.68 17.67 17.66 17.65 17.63 17.62 17.60 17.59 17.58 17.56 17.55 17.55 17.53 17.52 17.51 17.50 17.50 17.49 17.49 17.48 17.48 17.48 17.47 17.48 17.48 17.48 17.49
18.50 18.50 18.48 18.48 18.47 18.47 18.46 18.44 18.44 18.43 18.42 18.41 18.40 18.38 18.37 18.36 18.35 18.34 18.33 18.31 18.29 18.27 18.26 18.24 18.22 18.21 18.19 18.17 18.15 18.12 18.10 18.07 18.05 18.01 17.98 17.95 17.92 17.88 17.85 17.81 17.78 17.76 17.74 17.73 17.71 17.70 17.68 17.67 17.65 17.64 17.62 17.62 17.60 17.59 17.57 17.56 17.54 17.53 17.52 17.50 17.50 17.49 17.47 17.46 17.45 17.45 17.44 17.43 17.42 17.41 17.42 17.41 17.41 17.41 17.41 17.41 17.42
18.52 18.50 18.50 18.49 18.49 18.48 18.48 18.46 18.45 18.44 18.44 18.43 18.42 18.40 18.39 18.38 18.37 18.35 18.34 18.33 18.30 18.29 18.27 18.26 18.24 18.22 18.20 18.18 18.16 18.14 18.11 18.09 18.06 18.02 18.00 17.96 17.93 17.90 17.86 17.82 17.78 17.74 17.70 17.68 17.66 17.64 17.64 17.61 17.61 17.59 17.58 17.56 17.55 17.53 17.52 17.50 17.49 17.47 17.46 17.45 17.44 17.43 17.41 17.40 17.40 17.39 17.38 17.37 17.37 17.36 17.35 17.34 17.35 17.34 17.34 17.34 17.35
18.53 18.52 18.51 18.51 18.50 18.49 18.49 18.47 18.46 18.46 18.45 18.44 18.43 18.41 18.40 18.39 18.38 18.37 18.35 18.34 18.33 18.30 18.28 18.27 18.25 18.23 18.21 18.19 18.17 18.15 18.12 18.10 18.07 18.04 18.01 17.98 17.95 17.92 17.88 17.83 17.80 17.75 17.71 17.67 17.63 17.60 17.58 17.57 17.55 17.54 17.52 17.50 17.49 17.47 17.46 17.44 17.43 17.42 17.41 17.39 17.38 17.36 17.35 17.35 17.34 17.32 17.31 17.30 17.30 17.29 17.28 17.29 17.28 17.27 17.27 17.28 17.28
18.54 18.53 18.52 18.52 18.51 18.50 18.49 18.48 18.47 18.47 18.46 18.45 18.44 18.42 18.41 18.40 18.39 18.38 18.36 18.35 18.33 18.31 18.29 18.28 18.26 18.24 18.22 18.20 18.18 18.16 18.13 18.11 18.08 18.05 18.02 17.99 17.96 17.93 17.89 17.85 17.81 17.77 17.73 17.68 17.63 17.58 17.54 17.51 17.50 17.48 17.46 17.45 17.43 17.41 17.40 17.38 17.38 17.36 17.35 17.33 17.32 17.30 17.30 17.29 17.27 17.26 17.25 17.25 17.24 17.23 17.22 17.22 17.21 17.21 17.21 17.21 17.21
18.55 18.53 18.53 18.52 18.52 18.51 18.51 18.49 18.48 18.47 18.46 18.46 18.45 18.43 18.42 18.41 18.39 18.38 18.37 18.35 18.34 18.32 18.30 18.29 18.26 18.25 18.23 18.21 18.19 18.16 18.14 18.11 18.09 18.06 18.03 18.00 17.97 17.93 17.90 17.86 17.82 17.78 17.74 17.69 17.64 17.59 17.54 17.49 17.45 17.42 17.41 17.39 17.37 17.36 17.35 17.33 17.32 17.30 17.29 17.27 17.27 17.25 17.24 17.22 17.21 17.20 17.20 17.18 17.17 17.16 17.16 17.15 17.15 17.15 17.14 17.14 17.15
18.54 18.54 18.53 18.53 18.52 18.52 18.51 18.49 18.49 18.48 18.47 18.46 18.45 18.44 18.42 18.41 18.40 18.39 18.37 18.36 18.34 18.33 18.31 18.30 18.27 18.25 18.23 18.21 18.19 18.17 18.14 18.12 18.09 18.06 18.04 18.00 17.97 17.94 17.90 17.87 17.83 17.79 17.74 17.70 17.65 17.60 17.54 17.49 17.43 17.38 17.36 17.34 17.33 17.31 17.29 17.28 17.26 17.24 17.23 17.21 17.21 17.19 17.18 17.16 17.16 17.15 17.13 17.12 17.11 17.11 17.10 17.09 17.08 17.08 17.08 17.07 17.08
18.54 18.54 18.54 18.53 18.52 18.52 18.50 18.49 18.49 18.48 18.47 18.46 18.45 18.44 18.42 18.41 18.40 18.39 18.37 18.36 18.35 18.33 18.31 18.30 18.28 18.26 18.24 18.21 18.19 18.17 18.14 18.12 18.09 18.07 18.04 18.01 17.98 17.94 17.91 17.87 17.83 17.79 17.75 17.70 17.65 17.60 17.55 17.49 17.45 17.39 17.33 17.29 17.27 17.25 17.23 17.22 17.20 17.18 17.18 17.16 17.15 17.13 17.12 17.11 17.10 17.08 17.07 17.06 17.06 17.04 17.03 17.03 17.02 17.02 17.01 17.01 17.01
18.55 18.54 18.54 18.53 18.52 18.52 18.51 18.49 18.49 18.48 18.47 18.46 18.45 18.44 18.43 18.42 18.40 18.39 18.37 18.36 18.34 18.33 18.31 18.30 18.28 18.26 18.24 18.22 18.20 18.18 18.14 18.12 18.09 18.07 18.04 18.01 17.98 17.94 17.91 17.87 17.83 17.79 17.75 17.71 17.67 17.62 17.57 17.51 17.45 17.39 17.33 17.27 17.22 17.19 17.17 17.17 17.15 17.13 17.12 17.10 17.09 17.07 17.06 17.05 17.04 17.02 17.01 17.00 16.99 16.98 16.98 16.97 16.96 16.95 16.95 16.94 16.94
18.54 18.54 18.53 18.53 18.52 18.52 18.51 18.49 18.48 18.48 18.47 18.46 18.45 18.44 18.43 18.42 18.41 18.38 18.37 18.36 18.34 18.33 18.31 18.29 18.27 18.26 18.24 18.22 18.20 18.17 18.15 18.13 18.10 18.07 18.05 18.02 17.99 17.95 17.92 17.88 17.84 17.80 17.76 17.72 17.67 17.62 17.57 17.52 17.46 17.40 17.34 17.27 17.20 17.15 17.13 17.11 17.09 17.08 17.06 17.04 17.04 17.02 17.00 16.99 16.97 16.96 16.96 16.94 16.93 16.93 16.91 16.90 16.89 16.89 16.89 16.88 16.88
18.55 18.53 18.53 18.52 18.52 18.51 18.50 18.50 18.48 18.47 18.46 18.45 18.44 18.43 18.42 18.41 18.40 18.39 18.37 18.35 18.34 18.32 18.30 18.29 18.27 18.25 18.23 18.21 18.19 18.17 18.15 18.12 18.10 18.07 18.04 18.01 17.98 17.95 17.92 17.88 17.84 17.80 17.76 17.72 17.67 17.62 17.57 17.52 17.46 17.40 17.34 17.29 17.22 17.15 17.09 17.05 17.03 17.02 17.00 16.99 16.98 16.96 16.94 16.93 16.92 16.91 16.89 16.88 16.88 16.86 16.85 16.84 16.84 16.83 16.82 16.82 16.81
18.54 18.53 18.52 18.52 18.51 18.50 18.50 18.49 18.48 18.46 18.45 18.45 18.44 18.43 18.42 18.40 18.39 18.38 18.37 18.35 18.33 18.31 18.30 18.28 18.26 18.24 18.23 18.21 18.18 18.16 18.14 18.12 18.09 18.06 18.04 18.01 17.98 17.94 17.91 17.88 17.84 17.80 17.76 17.71 17.67 17.62 17.57 17.53 17.47 17.42 17.36 17.29 17.22 17.15 17.08 17.02 16.99 16.97 16.95 16.93 16.91 16.90 16.89 16.88 16.86 16.85 16.83 16.83 16.81 16.80 16.79 16.79 16.77 16.76 16.76 16.75 16.75
18.52 18.52 18.51 18.51 18.50 18.50 18.49 18.48 18.47 18.46 18.45 18.44 18.43 18.42 18.41 18.39 18.38 18.37 18.36 18.34 18.33 18.31 18.30 18.28 18.25 18.24 18.22 18.20 18.18 18.15 18.13 18.11 18.08 18.06 18.03 18.00 17.97 17.94 17.90 17.87 17.83 17.79 17.76 17.72 17.68 17.63 17.58 17.53 17.47 17.42 17.36 17.29 17.23 17.16 17.10 17.02 16.95 16.91 16.89 16.87 16.86 16.85 16.83 16.82 16.80 16.79 16.78 16.77 16.75 16.74 16.73 16.72 16.71 16.71 16.70 16.69 16.69
18.52 18.51 18.50 18.50 18.49 18.48 18.48 18.47 18.46 18.45 18.44 18.43 18.41 18.40 18.39 18.38 18.37 18.36 18.35 18.33 18.32 18.30 18.29 18.27 18.25 18.23 18.22 18.20 18.18 18.15 18.13 18.11 18.08 18.06 18.03 18.00 17.97 17.94 17.91 17.87 17.84 17.80 17.76 17.72 17.67 17.63 17.58 17.53 17.47 17.42 17.36 17.30 17.24 17.17 17.10 17.03 16.95 16.88 16.85 16.82 16.80 16.79 16.77 16.75 16.75 16.73 16.72 16.70 16.70 16.68 16.67 16.66 16.66 16.64 16.63 16.63 16.62
18.51 18.51 18.50 18.49 18.48 18.47 18.46 18.46 18.45 18.44 18.43 18.42 18.41 18.40 18.39 18.37 18.36 18.35 18.33 18.32 18.30 18.29 18.27 18.26 18.24 18.22 18.20 18.18 18.16 18.14 18.12 18.10 18.07 18.04 18.02 17.99 17.96 17.93 17.90 17.86 17.83 17.79 17.75 17.71 17.67 17.62 17.57 17.52 17.48 17.42 17.37 17.31 17.24 17.18 17.11 17.03 16.96 16.89 16.81 16.77 16.75 16.73 16.72 16.70 16.69 16.67 16.66 16.65 16.64 16.62 16.62 16.60 16.59 16.58 16.58 16.57 16.56
18.50 18.49 18.49 18.47 18.46 18.46 18.45 18.44 18.43 18.43 18.42 18.41 18.40 18.39 18.38 18.36 18.35 18.33 18.32 18.30 18.29 18.27 18.26 18.24 18.22 18.21 18.19 18.17 18.15 18.13 18.11 18.08 18.06 18.03 18.00 17.98 17.95 17.92 17.89 17.85 17.82 17.78 17.74 17.70 17.67 17.62 17.58 17.53 17.48 17.42 17.37 17.31 17.24 17.18 17.12 17.05 16.97 16.89 16.81 16.74 16.70 16.68 16.66 16.64 16.63 16.62 16.61 16.59 16.57 16.57 16.56 16.54 16.54 16.53 16.51 16.51 16.50
18.48 18.48 18.47 18.47 18.46 18.45 18.43 18.43 18.42 18.41 18.40 18.39 18.38 18.37 18.36 18.35 18.34 18.32 18.31 18.30 18.28 18.27 18.24 18.23 18.21 18.20 18.17 18.15 18.13 18.11 18.09 18.07 18.04 18.02 18.00 17.96 17.93 17.90 17.88 17.85 17.81 17.78 17.74 17.70 17.66 17.61 17.57 17.52 17.47 17.42 17.36 17.31 17.25 17.19 17.12 17.05 16.98 16.90 16.83 16.74 16.67 16.62 16.60 16.59 16.58 16.56 16.54 16.54 16.52 16.51 16.49 16.49 16.48 16.46 16.45 16.45 16.44
18.47 18.46 18.45 18.45 18.44 18.43 18.43 18.41 18.40 18.39 18.38 18.37 18.36 18.35 18.34 18.33 18.32 18.31 18.29 18.28 18.26 18.25 18.23 18.22 18.20 18.18 18.16 18.14 18.13 18.10 18.08 18.06 18.04 18.01 17.98 17.96 17.93 17.90 17.87 17.84 17.80 17.77 17.73 17.69 17.65 17.60 17.57 17.51 17.47 17.42 17.37 17.31 17.25 17.19 17.12 17.05 16.99 16.91 16.83 16.75 16.66 16.60 16.55 16.53 16.52 16.51 16.49 16.48 16.46 16.45 16.44 16.43 16.41 16.41 16.40 16.39 16.38
18.45 18.44 18.44 18.43 18.42 18.41 18.41 18.40 18.39 18.38 18.36 18.36 18.34 18.33 18.32 18.31 18.30 18.29 18.27 18.26 18.24 18.23 18.21 18.20 18.18 18.16 18.14 18.13 18.11 18.09 18.06 18.04 18.02 17.99 17.97 17.94 17.91 17.88 17.85 17.82 17.79 17.75 17.71 17.69 17.65 17.60 17.56 17.51 17.46 17.41 17.36 17.30 17.24 17.19 17.13 17.06 16.99 16.92 16.84 16.77 16.68 16.59 16.52 16.48 16.47 16.45 16.43 16.42 16.41 16.40 16.38 16.38 16.36 16.35 16.33 16.33 16.32
18.43 18.42 18.41 18.41 18.40 18.39 18.39 18.38 18.37 18.36 18.35 18.34 18.33 18.32 18.31 18.30 18.29 18.27 18.25 18.24 18.22 18.21 18.19 18.18 18.16 18.14 18.12 18.10 18.09 18.07 18.04 18.02 18.00 17.97 17.95 17.93 17.89 17.88 17.85 17.81 17.78 17.75 17.71 17.67 17.63 17.59 17.55 17.50 17.45 17.41 17.36 17.31 17.25 17.19 17.13 17.06 17.00 16.93 16.85 16.77 16.69 16.61 16.52 16.44 16.41 16.39 16.38 16.37 16.35 16.33 16.33 16.31 16.30 16.30 16.28 16.27 16.26
18.42 18.40 18.39 18.39 18.38 18.37 18.36 18.35 18.35 18.34 18.33 18.32 18.31 18.30 18.29 18.27 18.26 18.25 18.24 18.22 18.21 18.19 18.18 18.16 18.15 18.13 18.11 18.09 18.07 18.05 18.03 18.01 17.99 17.96 17.94 17.91 17.89 17.86 17.83 17.80 17.76 17.73 17.69 17.66 17.62 17.59 17.54 17.50 17.45 17.40 17.35 17.30 17.24 17.18 17.13 17.07 17.00 16.93 16.85 16.77 16.70 16.62 16.53 16.44 16.37 16.34 16.32 16.31 16.30 16.28 16.27 16.25 16.25 16.23 16.22 16.22 16.20
18.39 18.39 18.38 18.36 18.36 18.35 18.34 18.33 18.32 18.31 18.30 18.29 18.28 18.27 18.26 18.25 18.24 18.23 18.21 18.20 18.19 18.17 18.15 18.14 18.12 18.11 18.09 18.07 18.05 18.03 18.01 17.99 17.97 17.94 17.92 17.89 17.86 17.84 17.81 17.79 17.75 17.72 17.69 17.65 17.61 17.57 17.53 17.49 17.44 17.39 17.34 17.30 17.24 17.19 17.13 17.06 17.00 16.94 16.86 16.79 16.71 16.62 16.55 16.46 16.37 16.30 16.26 16.26 16.24 16.22 16.22 16.20 16.19 16.18 16.17 16.15 16.14
18.37 18.36 18.35 18.35 18.34 18.33 18.32 18.32 18.31 18.30 18.29 18.28 18.26 18.25 18.24 18.22 18.21 18.20 18.19 18.17 18.16 18.14 18.13 18.11 18.10 18.08 18.06 18.04 18.03 18.01 17.99 17.96 17.95 17.93 17.90 17.88 17.85 17.83 17.80 17.77 17.73 17.70 17.67 17.63 17.59 17.56 17.52 17.48 17.44 17.39 17.34 17.29 17.23 17.18 17.13 17.07 17.00 16.93 16.86 16.80 16.72 16.64 16.56 16.47 16.38 16.29 16.23 16.20 16.19 16.17 16.16 16.14 16.14 16.12 16.11 16.10 16.09
