main/data/temperature/09.04.2023.grid
ncols 886
nrows 691
xllcenter 112.0000
yllcenter -44.5000
cellsize 0.0500
nodata_value 99999.90
[rows 34 to 67 of 691, columns 539 to 615 of 886]
32.25 32.23 32.21 32.19 32.16 32.14 32.11 32.08 32.05 32.02 31.99 31.95 31.92 31.89 31.85 31.83 31.80 31.77 31.75 31.73 31.70 31.69 31.70 31.70 31.71 31.72 31.74 31.76 31.78 31.80 31.82 31.85 31.87 31.90 31.93 31.95 31.98 32.01 32.03 32.06 32.08 32.10 32.12 32.14 32.16 32.18 32.19 32.21 32.22 32.23 32.24 32.24 32.25 32.26 32.26 32.27 32.27 32.27 32.26 32.25 32.24 32.22 32.04 32.01 32.03 32.00 31.96 31.89 31.83 31.61 31.57 31.32 31.41 31.31 31.22 31.08 31.54
32.27 32.25 32.23 32.21 32.19 32.16 32.13 32.10 32.06 32.03 32.00 31.97 31.93 31.90 31.87 31.84 31.81 31.78 31.76 31.73 31.71 31.71 31.71 31.72 31.73 31.74 31.76 31.78 31.80 31.82 31.85 31.87 31.89 31.93 31.95 31.98 32.01 32.03 32.06 32.08 32.11 32.13 32.15 32.17 32.19 32.21 32.22 32.23 32.24 32.26 32.27 32.28 32.28 32.29 32.30 32.30 32.31 32.31 32.30 32.30 32.30 32.27 32.25 32.21 32.12 32.03 31.89 31.92 31.87 31.73 31.64 31.38 31.21 31.44 31.22 31.34 31.68
32.30 32.28 32.25 32.23 32.21 32.17 32.15 32.12 32.09 32.04 32.01 31.98 31.95 31.92 31.88 31.85 31.82 31.80 31.76 31.74 31.73 31.73 31.73 31.74 31.75 31.76 31.78 31.80 31.83 31.85 31.88 31.90 31.93 31.95 31.98 32.00 32.04 32.06 32.09 32.11 32.13 32.15 32.17 32.20 32.22 32.24 32.24 32.26 32.27 32.28 32.29 32.30 32.31 32.32 32.32 32.34 32.35 32.35 32.35 32.35 32.34 32.30 32.24 32.20 32.15 32.02 31.94 31.93 31.85 31.75 31.71 31.69 31.67 31.41 31.37 31.35 31.79
32.32 32.31 32.28 32.25 32.23 32.20 32.16 32.13 32.10 32.07 32.03 31.99 31.96 31.93 31.90 31.87 31.83 31.80 31.78 31.76 31.75 31.75 31.75 31.76 31.78 31.79 31.81 31.83 31.85 31.87 31.90 31.93 31.95 31.98 32.01 32.04 32.07 32.09 32.12 32.14 32.16 32.19 32.21 32.22 32.24 32.25 32.26 32.28 32.29 32.30 32.30 32.32 32.32 32.33 32.34 32.36 32.37 32.38 32.38 32.39 32.39 32.33 32.25 32.20 32.12 32.16 32.13 31.93 32.01 32.00 31.84 31.75 31.78 31.69 31.51 31.63 31.49
32.35 32.33 32.30 32.27 32.25 32.22 32.19 32.15 32.11 32.08 32.05 32.01 31.98 31.94 31.90 31.87 31.84 31.82 31.79 31.77 31.77 31.77 31.78 31.79 31.80 31.81 31.83 31.85 31.88 31.90 31.92 31.95 31.98 32.01 32.04 32.07 32.09 32.12 32.15 32.17 32.20 32.21 32.23 32.25 32.26 32.27 32.28 32.29 32.30 32.31 32.31 32.33 32.33 32.34 32.35 32.37 32.39 32.40 32.42 32.43 32.43 32.39 32.31 32.24 32.21 32.30 32.26 32.23 32.06 31.98 31.88 31.73 31.67 31.70 31.65 31.81 31.75
32.37 32.35 32.33 32.30 32.27 32.24 32.21 32.17 32.13 32.09 32.06 32.02 31.99 31.96 31.92 31.89 31.85 31.83 31.80 31.79 31.79 31.79 31.80 31.81 31.82 31.83 31.85 31.88 31.90 31.93 31.96 31.98 32.01 32.04 32.07 32.09 32.12 32.15 32.17 32.20 32.22 32.24 32.26 32.27 32.28 32.29 32.30 32.30 32.30 32.32 32.32 32.33 32.33 32.34 32.36 32.37 32.39 32.42 32.45 32.47 32.47 32.42 32.29 32.33 32.42 32.23 32.19 32.28 32.03 31.83 32.13 31.95 31.91 31.75 31.76 31.96 31.88
32.39 32.38 32.35 32.32 32.29 32.26 32.23 32.19 32.16 32.12 32.08 32.04 32.00 31.97 31.93 31.90 31.87 31.84 31.83 31.82 31.82 31.82 31.82 31.83 31.84 31.86 31.88 31.90 31.93 31.96 31.98 32.01 32.03 32.06 32.09 32.12 32.15 32.17 32.20 32.22 32.24 32.26 32.28 32.28 32.30 32.30 32.31 32.31 32.30 32.31 32.31 32.31 32.32 32.33 32.34 32.37 32.40 32.45 32.49 32.53 32.54 32.51 32.48 32.38 32.37 32.39 32.39 32.37 32.35 32.17 32.24 32.04 31.99 32.06 31.87 31.82 32.04
32.42 32.40 32.38 32.35 32.31 32.28 32.24 32.21 32.17 32.14 32.10 32.06 32.02 31.99 31.95 31.92 31.88 31.85 31.84 31.83 31.83 31.83 31.84 31.85 31.87 31.89 31.91 31.93 31.95 31.98 32.01 32.04 32.07 32.10 32.12 32.15 32.18 32.20 32.23 32.25 32.26 32.28 32.30 32.31 32.31 32.31 32.31 32.31 32.30 32.30 32.29 32.29 32.29 32.31 32.35 32.40 32.44 32.50 32.51 32.54 32.59 32.59 32.51 32.41 32.53 32.51 32.53 32.46 32.28 32.19 32.07 32.25 32.30 32.23 32.06 31.95 31.96
32.45 32.43 32.40 32.37 32.33 32.30 32.26 32.23 32.19 32.15 32.11 32.07 32.04 32.00 31.97 31.93 31.90 31.88 31.87 31.86 31.86 31.86 31.87 31.88 31.89 31.91 31.93 31.96 31.98 32.01 32.04 32.07 32.09 32.12 32.15 32.18 32.21 32.23 32.26 32.27 32.29 32.30 32.31 32.32 32.31 32.31 32.31 32.30 32.29 32.29 32.27 32.26 32.28 32.32 32.38 32.43 32.49 32.52 32.53 32.59 32.58 32.55 32.59 32.49 32.38 32.45 32.53 32.52 32.36 32.47 32.47 32.33 32.36 32.20 32.02 32.14 32.13
32.47 32.45 32.42 32.39 32.36 32.33 32.28 32.24 32.21 32.17 32.13 32.09 32.05 32.01 31.98 31.95 31.91 31.89 31.88 31.89 31.88 31.89 31.90 31.91 31.92 31.94 31.96 31.98 32.01 32.04 32.06 32.09 32.12 32.15 32.18 32.21 32.23 32.26 32.28 32.30 32.31 32.32 32.33 32.33 32.33 32.31 32.30 32.29 32.28 32.25 32.25 32.25 32.29 32.36 32.41 32.47 32.52 32.52 32.55 32.59 32.66 32.52 32.55 32.54 32.41 32.40 32.51 32.61 32.59 32.55 32.50 32.37 32.25 32.18 32.13 32.25 32.30
32.50 32.48 32.45 32.42 32.38 32.35 32.31 32.27 32.23 32.19 32.15 32.11 32.08 32.04 32.00 31.97 31.94 31.92 31.91 31.90 31.90 31.91 31.91 31.93 31.95 31.97 31.99 32.01 32.04 32.06 32.09 32.12 32.15 32.18 32.21 32.24 32.26 32.29 32.31 32.32 32.34 32.34 32.34 32.33 32.33 32.31 32.29 32.27 32.25 32.22 32.23 32.28 32.33 32.39 32.44 32.50 32.51 32.58 32.57 32.67 32.59 32.57 32.55 32.56 32.45 32.57 32.41 32.45 32.55 32.56 32.43 32.35 32.26 32.11 31.86 32.17 32.21
32.52 32.50 32.47 32.44 32.41 32.37 32.33 32.29 32.25 32.21 32.17 32.13 32.09 32.05 32.02 31.98 31.96 31.94 31.93 31.93 31.93 31.94 31.94 31.96 31.97 31.99 32.01 32.04 32.07 32.09 32.12 32.15 32.18 32.21 32.24 32.27 32.29 32.31 32.33 32.34 32.35 32.35 32.35 32.34 32.33 32.31 32.28 32.25 32.22 32.21 32.24 32.31 32.36 32.43 32.48 32.53 32.58 32.61 32.63 32.69 32.65 32.62 32.56 32.49 32.52 32.44 32.43 32.48 32.62 32.60 32.41 32.36 32.41 32.10 32.08 32.12 32.37
32.55 32.53 32.50 32.46 32.43 32.39 32.35 32.31 32.27 32.23 32.19 32.15 32.11 32.07 32.03 32.01 31.98 31.97 31.96 31.95 31.95 31.95 31.96 31.99 32.00 32.02 32.04 32.06 32.10 32.12 32.15 32.18 32.21 32.24 32.27 32.29 32.32 32.33 32.35 32.36 32.37 32.37 32.37 32.35 32.33 32.30 32.27 32.23 32.20 32.22 32.27 32.34 32.40 32.46 32.52 32.54 32.57 32.61 32.65 32.61 32.75 32.72 32.75 32.79 32.59 32.64 32.52 32.49 32.42 32.62 32.53 32.56 32.47 32.21 32.24 32.09 32.22
32.58 32.55 32.52 32.49 32.45 32.41 32.37 32.33 32.29 32.25 32.21 32.17 32.13 32.10 32.06 32.02 32.00 31.99 31.98 31.97 31.98 31.99 31.99 32.01 32.03 32.05 32.07 32.09 32.12 32.15 32.18 32.21 32.24 32.26 32.30 32.32 32.34 32.36 32.38 32.39 32.39 32.38 32.37 32.35 32.32 32.30 32.25 32.22 32.20 32.24 32.30 32.37 32.42 32.49 32.55 32.58 32.57 32.62 32.65 32.60 32.65 32.72 32.61 32.77 32.80 32.65 32.76 32.77 32.77 32.77 32.65 32.66 32.50 32.43 32.53 32.39 32.24
32.60 32.58 32.55 32.51 32.47 32.43 32.39 32.35 32.31 32.27 32.24 32.19 32.15 32.11 32.08 32.04 32.02 32.01 32.01 32.00 32.00 32.01 32.02 32.04 32.05 32.07 32.10 32.13 32.15 32.18 32.21 32.24 32.27 32.29 32.33 32.35 32.37 32.38 32.40 32.41 32.41 32.40 32.38 32.37 32.33 32.29 32.24 32.20 32.21 32.27 32.34 32.40 32.46 32.51 32.58 32.62 32.64 32.65 32.67 32.63 32.53 32.65 32.61 32.76 32.88 32.83 32.83 32.85 32.78 32.79 32.82 32.75 32.68 32.70 32.58 32.52 32.32
32.63 32.60 32.57 32.53 32.50 32.46 32.42 32.37 32.33 32.30 32.26 32.21 32.17 32.13 32.09 32.06 32.05 32.04 32.03 32.02 32.03 32.04 32.05 32.06 32.09 32.10 32.13 32.15 32.18 32.21 32.24 32.27 32.30 32.32 32.35 32.38 32.40 32.41 32.43 32.43 32.43 32.41 32.40 32.37 32.33 32.28 32.23 32.19 32.23 32.29 32.36 32.42 32.49 32.55 32.58 32.64 32.67 32.73 32.66 32.51 32.62 32.58 32.78 32.81 32.65 32.81 32.65 32.84 32.85 32.79 32.76 32.76 32.84 32.86 32.83 32.68 32.43
32.66 32.63 32.60 32.56 32.52 32.48 32.44 32.41 32.36 32.32 32.28 32.23 32.19 32.15 32.12 32.10 32.07 32.06 32.05 32.06 32.06 32.06 32.08 32.09 32.11 32.13 32.16 32.18 32.21 32.24 32.27 32.30 32.33 32.36 32.38 32.41 32.43 32.44 32.46 32.46 32.45 32.43 32.42 32.38 32.34 32.28 32.23 32.20 32.25 32.32 32.38 32.45 32.52 32.57 32.64 32.70 32.62 32.67 32.70 32.75 32.78 32.69 32.86 32.91 32.80 32.81 32.66 32.64 32.78 32.85 32.89 32.84 32.79 32.81 32.61 32.75 32.54
32.68 32.65 32.62 32.58 32.54 32.50 32.47 32.43 32.38 32.34 32.30 32.25 32.21 32.17 32.14 32.12 32.10 32.08 32.08 32.08 32.08 32.09 32.10 32.12 32.14 32.16 32.18 32.22 32.24 32.27 32.30 32.33 32.36 32.39 32.41 32.43 32.46 32.47 32.48 32.48 32.47 32.46 32.43 32.40 32.35 32.29 32.23 32.23 32.28 32.34 32.41 32.47 32.54 32.57 32.64 32.72 32.78 32.77 32.75 32.81 32.88 32.75 32.97 32.91 32.88 32.89 32.82 32.77 32.72 32.89 32.86 32.87 32.81 32.81 32.67 32.86 32.78
32.71 32.68 32.65 32.61 32.57 32.53 32.49 32.45 32.41 32.36 32.32 32.27 32.24 32.20 32.17 32.14 32.12 32.12 32.11 32.10 32.11 32.12 32.13 32.15 32.17 32.19 32.22 32.24 32.27 32.30 32.33 32.35 32.39 32.41 32.45 32.47 32.48 32.50 32.51 32.50 32.50 32.48 32.45 32.41 32.37 32.31 32.25 32.25 32.30 32.37 32.43 32.50 32.57 32.62 32.69 32.75 32.80 32.86 32.92 32.96 32.87 32.98 32.90 32.96 32.79 32.94 32.90 32.86 32.72 32.88 32.83 32.86 32.82 32.80 32.72 32.75 32.53
32.73 32.71 32.67 32.63 32.60 32.55 32.52 32.47 32.43 32.38 32.34 32.30 32.26 32.22 32.19 32.16 32.15 32.14 32.13 32.14 32.14 32.14 32.16 32.18 32.19 32.22 32.24 32.27 32.30 32.33 32.36 32.39 32.42 32.45 32.47 32.49 32.52 32.53 32.54 32.54 32.52 32.51 32.48 32.44 32.38 32.32 32.27 32.28 32.33 32.40 32.46 32.52 32.58 32.65 32.71 32.77 32.83 32.89 32.93 32.95 32.85 32.83 32.86 32.71 32.83 32.66 32.89 32.93 32.79 32.89 32.81 32.87 32.75 32.72 32.72 32.69 32.62
32.76 32.73 32.69 32.66 32.61 32.58 32.54 32.49 32.45 32.41 32.36 32.33 32.29 32.25 32.21 32.20 32.18 32.16 32.17 32.16 32.16 32.17 32.19 32.20 32.23 32.25 32.27 32.30 32.33 32.36 32.39 32.42 32.45 32.48 32.51 32.53 32.54 32.56 32.57 32.56 32.56 32.54 32.50 32.47 32.42 32.35 32.29 32.29 32.35 32.41 32.48 32.55 32.60 32.67 32.72 32.79 32.85 32.91 32.96 32.98 32.88 32.90 33.04 32.96 32.86 32.65 32.81 32.96 32.74 32.90 32.77 32.86 32.72 32.49 32.62 32.60 32.68
32.79 32.76 32.72 32.68 32.65 32.61 32.56 32.52 32.47 32.43 32.38 32.35 32.31 32.27 32.24 32.22 32.20 32.19 32.19 32.19 32.19 32.21 32.22 32.24 32.26 32.27 32.31 32.33 32.36 32.39 32.42 32.45 32.48 32.51 32.54 32.56 32.58 32.59 32.60 32.60 32.59 32.58 32.54 32.50 32.45 32.38 32.32 32.31 32.37 32.43 32.50 32.56 32.62 32.69 32.74 32.80 32.86 32.89 32.90 32.98 32.95 32.89 32.85 33.04 32.98 32.94 32.85 32.91 32.81 32.86 32.88 32.78 32.65 32.39 32.42 32.50 32.61
32.81 32.78 32.74 32.70 32.67 32.63 32.59 32.54 32.50 32.45 32.41 32.38 32.33 32.30 32.26 32.25 32.23 32.22 32.22 32.21 32.23 32.23 32.24 32.27 32.28 32.31 32.33 32.37 32.39 32.42 32.46 32.48 32.52 32.54 32.57 32.60 32.61 32.63 32.64 32.63 32.62 32.61 32.58 32.54 32.49 32.42 32.37 32.35 32.39 32.45 32.52 32.58 32.64 32.70 32.76 32.82 32.87 32.89 32.83 32.99 32.88 32.85 32.79 32.92 33.06 32.97 32.75 32.86 32.85 32.85 32.83 32.76 32.70 32.63 32.04 32.52 32.66
32.84 32.81 32.77 32.73 32.70 32.65 32.61 32.56 32.52 32.48 32.44 32.40 32.36 32.32 32.30 32.27 32.25 32.25 32.24 32.24 32.25 32.26 32.28 32.29 32.31 32.34 32.36 32.40 32.42 32.46 32.49 32.51 32.55 32.57 32.61 32.63 32.65 32.66 32.67 32.67 32.67 32.65 32.62 32.58 32.53 32.48 32.42 32.38 32.41 32.47 32.54 32.59 32.66 32.72 32.77 32.83 32.85 32.81 32.77 32.97 33.01 32.87 32.89 32.76 32.98 33.02 32.95 32.82 32.90 32.77 32.89 32.77 32.68 32.59 32.22 32.64 32.76
32.86 32.83 32.79 32.75 32.71 32.67 32.63 32.59 32.54 32.50 32.47 32.42 32.38 32.35 32.32 32.30 32.28 32.28 32.27 32.28 32.28 32.29 32.31 32.32 32.35 32.37 32.40 32.43 32.45 32.49 32.52 32.55 32.58 32.60 32.64 32.66 32.69 32.70 32.71 32.72 32.71 32.69 32.67 32.63 32.60 32.53 32.47 32.42 32.43 32.49 32.55 32.61 32.67 32.73 32.78 32.64 32.59 32.55 32.79 32.96 33.03 33.05 33.02 32.99 33.00 33.03 32.90 32.81 32.82 32.74 32.87 32.75 32.65 32.39 32.64 32.72 32.76
32.89 32.85 32.82 32.77 32.73 32.70 32.66 32.61 32.57 32.52 32.49 32.45 32.41 32.37 32.35 32.33 32.31 32.31 32.30 32.30 32.31 32.32 32.34 32.35 32.38 32.40 32.43 32.46 32.49 32.52 32.55 32.58 32.61 32.65 32.67 32.70 32.72 32.74 32.74 32.76 32.75 32.74 32.72 32.69 32.66 32.60 32.54 32.48 32.47 32.51 32.57 32.63 32.68 32.74 32.65 32.69 32.61 32.40 32.63 32.93 33.00 32.99 32.97 32.86 32.89 33.01 32.98 32.85 32.76 32.59 32.79 32.83 32.81 32.67 32.66 32.60 32.75
32.91 32.88 32.84 32.80 32.76 32.71 32.68 32.64 32.59 32.55 32.51 32.47 32.44 32.40 32.38 32.35 32.34 32.34 32.33 32.34 32.34 32.35 32.37 32.38 32.41 32.43 32.46 32.49 32.52 32.55 32.59 32.62 32.64 32.68 32.71 32.74 32.76 32.77 32.79 32.80 32.80 32.79 32.77 32.75 32.71 32.67 32.62 32.56 32.51 32.53 32.58 32.65 32.70 32.69 32.71 32.73 32.61 32.67 32.43 32.54 32.97 32.94 32.85 32.72 32.83 32.90 32.89 32.88 32.86 32.83 32.68 32.65 32.78 32.68 32.60 32.63 32.70
32.94 32.90 32.86 32.82 32.78 32.74 32.70 32.66 32.62 32.57 32.53 32.50 32.46 32.42 32.40 32.38 32.37 32.37 32.36 32.37 32.37 32.38 32.40 32.42 32.44 32.46 32.50 32.52 32.56 32.58 32.62 32.65 32.69 32.71 32.74 32.77 32.80 32.81 32.84 32.84 32.85 32.84 32.83 32.81 32.78 32.74 32.70 32.64 32.59 32.56 32.61 32.66 32.72 32.76 32.69 32.58 32.65 32.59 32.76 32.53 32.53 32.81 32.86 32.89 33.02 33.00 32.97 32.95 32.89 32.86 32.81 32.80 32.55 32.65 32.48 32.54 32.65
32.96 32.92 32.88 32.84 32.80 32.76 32.71 32.68 32.64 32.60 32.56 32.53 32.49 32.45 32.43 32.41 32.39 32.39 32.39 32.40 32.40 32.42 32.43 32.45 32.48 32.50 32.53 32.55 32.59 32.62 32.65 32.68 32.72 32.75 32.78 32.81 32.83 32.85 32.88 32.89 32.89 32.89 32.89 32.87 32.85 32.82 32.77 32.73 32.69 32.64 32.64 32.68 32.73 32.78 32.73 32.66 32.77 32.78 32.47 32.67 32.65 32.93 32.98 33.05 33.04 32.95 32.98 32.96 32.95 32.92 32.82 32.81 32.57 32.71 32.71 32.60 32.65
32.98 32.94 32.90 32.86 32.82 32.78 32.74 32.70 32.66 32.62 32.58 32.54 32.51 32.48 32.46 32.44 32.42 32.42 32.42 32.43 32.43 32.45 32.46 32.48 32.51 32.53 32.56 32.59 32.62 32.65 32.69 32.72 32.76 32.79 32.81 32.85 32.87 32.89 32.92 32.94 32.94 32.95 32.95 32.94 32.92 32.89 32.86 32.83 32.78 32.74 32.70 32.71 32.75 32.80 32.80 32.73 32.90 32.73 32.72 32.72 32.99 32.92 33.04 33.05 33.07 32.99 33.02 32.90 32.97 32.95 32.88 32.78 32.76 32.82 32.92 32.84 32.76
33.00 32.96 32.92 32.88 32.84 32.80 32.76 32.72 32.68 32.64 32.60 32.57 32.54 32.51 32.49 32.47 32.45 32.46 32.45 32.46 32.47 32.49 32.50 32.51 32.54 32.56 32.60 32.62 32.66 32.69 32.72 32.75 32.78 32.82 32.85 32.89 32.91 32.94 32.96 32.98 33.00 33.00 33.00 33.00 32.98 32.97 32.95 32.91 32.88 32.85 32.81 32.79 32.78 32.82 32.87 32.76 32.95 32.78 32.64 32.77 32.98 33.08 32.99 33.01 32.99 33.03 33.08 32.96 32.92 32.95 32.80 32.82 32.93 33.02 33.02 32.99 32.90
33.01 32.98 32.94 32.90 32.86 32.82 32.78 32.74 32.71 32.67 32.63 32.59 32.57 32.53 32.51 32.50 32.48 32.49 32.48 32.49 32.50 32.51 32.53 32.55 32.58 32.60 32.63 32.66 32.69 32.72 32.76 32.79 32.83 32.86 32.89 32.92 32.95 32.98 33.00 33.02 33.04 33.05 33.05 33.06 33.05 33.05 33.02 33.01 32.98 32.95 32.92 32.89 32.88 32.86 32.89 32.89 32.97 32.88 32.78 33.07 33.04 32.79 32.77 32.85 32.87 33.03 33.03 33.01 32.70 32.62 32.52 32.87 33.04 33.14 33.00 32.96 32.94
33.02 32.99 32.95 32.92 32.88 32.84 32.80 32.76 32.72 32.69 32.65 32.62 32.58 32.56 32.53 32.53 32.51 32.51 32.51 32.52 32.53 32.54 32.57 32.58 32.61 32.63 32.67 32.69 32.73 32.76 32.80 32.83 32.86 32.90 32.93 32.96 33.00 33.02 33.05 33.07 33.09 33.10 33.11 33.12 33.12 33.11 33.11 33.09 33.08 33.06 33.04 33.01 32.99 32.97 32.97 32.96 33.00 32.83 33.00 32.97 32.82 32.73 33.00 32.93 32.93 32.89 32.96 32.88 32.72 33.09 33.01 32.85 33.20 33.23 33.01 33.10 33.04
33.04 33.00 32.97 32.93 32.89 32.86 32.82 32.78 32.74 32.70 32.68 32.64 32.61 32.59 32.56 32.55 32.54 32.54 32.55 32.55 32.57 32.58 32.60 32.62 32.65 32.67 32.70 32.73 32.77 32.79 32.83 32.86 32.90 32.94 32.97 33.00 33.04 33.06 33.09 33.12 33.14 33.16 33.17 33.18 33.18 33.19 33.19 33.18 33.17 33.15 33.14 33.13 33.11 33.10 33.09 33.09 33.01 32.91 33.10 32.99 32.98 32.91 32.99 32.84 32.81 33.08 33.17 33.04 33.17 33.17 33.36 33.37 33.37 33.30 33.27 33.23 33.21
