main/data/temperature/09.06.2023.grid
ncols 886
nrows 691
xllcenter 112.0000
yllcenter -44.5000
cellsize 0.0500
nodata_value 99999.90
[rows 204 to 237 of 691, columns 77 to 153 of 886]
25.49 25.53 25.56 25.58 25.58 25.59 25.57 25.57 25.57 25.57 25.59 25.61 25.65 25.69 25.75 25.82 25.90 25.98 26.08 26.18 26.29 26.41 26.54 26.67 26.81 26.94 27.09 27.25 27.40 27.57 27.73 27.90 28.08 28.26 28.45 28.64 28.84 29.04 29.23 29.40 29.55 29.70 29.86 30.00 30.13 30.23 30.30 30.37 30.44 30.51 30.57 30.63 30.70 30.76 30.83 30.91 31.00 31.10 31.20 31.28 31.38 31.40 31.53 31.63 31.70 31.73 31.75 31.71 31.66 31.61 31.56 31.49 31.35 31.48 31.43 31.34 31.25
25.56 25.61 25.65 25.68 25.69 25.70 25.70 25.70 25.71 25.71 25.73 25.75 25.79 25.83 25.89 25.96 26.03 26.12 26.21 26.31 26.43 26.55 26.68 26.82 26.95 27.09 27.25 27.40 27.56 27.72 27.89 28.05 28.23 28.41 28.59 28.78 28.96 29.16 29.34 29.52 29.67 29.81 29.95 30.07 30.16 30.24 30.32 30.38 30.45 30.51 30.57 30.63 30.68 30.74 30.81 30.88 30.98 31.07 31.17 31.27 31.30 31.44 31.46 31.58 31.63 31.38 31.62 31.66 31.62 31.55 31.51 31.44 31.36 31.32 31.29 31.08 31.06
25.63 25.69 25.73 25.77 25.80 25.82 25.83 25.84 25.84 25.85 25.86 25.89 25.92 25.98 26.03 26.09 26.17 26.26 26.36 26.46 26.57 26.70 26.83 26.95 27.10 27.25 27.40 27.56 27.71 27.88 28.04 28.20 28.38 28.55 28.73 28.91 29.09 29.27 29.45 29.61 29.77 29.90 30.02 30.12 30.20 30.27 30.34 30.40 30.45 30.51 30.57 30.62 30.67 30.73 30.69 30.86 30.96 31.06 31.15 31.23 31.30 31.36 31.43 31.47 31.50 31.59 31.38 31.66 31.61 31.54 31.47 31.36 31.36 31.32 30.99 31.03 30.89
25.70 25.77 25.83 25.88 25.92 25.94 25.96 25.97 25.98 25.99 26.02 26.04 26.07 26.12 26.17 26.23 26.31 26.39 26.49 26.59 26.72 26.83 26.97 27.10 27.25 27.40 27.55 27.71 27.87 28.03 28.20 28.36 28.53 28.69 28.87 29.05 29.21 29.39 29.55 29.70 29.85 29.97 30.08 30.17 30.24 30.30 30.36 30.41 30.47 30.52 30.57 30.62 30.67 30.73 30.77 30.86 30.92 31.02 31.05 31.16 31.26 31.35 31.34 31.27 31.32 31.50 31.26 31.57 31.39 31.51 31.43 31.30 31.03 31.28 31.07 31.08 30.88
25.78 25.86 25.92 25.98 26.03 26.06 26.09 26.11 26.12 26.14 26.16 26.19 26.22 26.27 26.31 26.37 26.45 26.54 26.62 26.74 26.85 26.98 27.11 27.25 27.40 27.56 27.71 27.87 28.02 28.19 28.35 28.51 28.68 28.84 29.02 29.18 29.35 29.51 29.66 29.80 29.92 30.04 30.14 30.22 30.27 30.33 30.32 30.44 30.46 30.49 30.56 30.63 30.63 30.67 30.75 30.83 30.87 30.98 31.01 31.06 31.12 31.04 31.19 31.33 31.32 31.37 31.41 31.45 31.40 31.34 31.29 31.29 31.22 31.17 31.11 30.98 30.87
25.86 25.95 26.02 26.10 26.14 26.20 26.22 26.26 26.27 26.29 26.32 26.34 26.37 26.42 26.46 26.52 26.59 26.67 26.77 26.87 27.00 27.13 27.26 27.40 27.56 27.70 27.86 28.02 28.18 28.34 28.50 28.66 28.83 28.98 29.15 29.30 29.47 29.62 29.76 29.90 30.02 30.12 30.20 30.27 30.26 30.33 30.35 30.41 30.45 30.47 30.53 30.61 30.68 30.62 30.70 30.78 30.81 30.89 30.91 30.98 30.83 30.83 31.08 31.18 31.22 31.26 31.30 31.32 31.30 31.26 31.17 31.13 31.12 31.06 30.99 30.93 30.83
25.94 26.04 26.13 26.21 26.27 26.33 26.36 26.39 26.42 26.44 26.47 26.50 26.53 26.57 26.61 26.67 26.73 26.80 26.90 26.87 27.01 27.26 27.41 27.56 27.70 27.86 28.01 28.18 28.33 28.50 28.65 28.81 28.97 29.13 29.29 29.44 29.59 29.74 29.87 30.00 30.10 30.19 30.24 30.28 30.32 30.33 30.35 30.37 30.42 30.43 30.50 30.55 30.58 30.59 30.66 30.75 30.75 30.81 30.80 30.85 30.83 30.92 30.95 31.05 31.04 31.11 31.16 31.18 31.17 31.13 31.04 30.98 30.95 30.89 30.85 30.79 30.72
26.04 26.14 26.25 26.33 26.40 26.46 26.51 26.55 26.58 26.60 26.63 26.65 26.69 26.71 26.75 26.81 26.86 26.94 27.03 27.14 27.26 27.40 27.55 27.70 27.86 28.01 28.18 28.33 28.49 28.65 28.80 28.96 29.11 29.27 29.42 29.57 29.71 29.85 29.97 30.09 30.19 30.27 30.33 30.35 30.31 30.39 30.37 30.37 30.40 30.42 30.47 30.53 30.56 30.60 30.60 30.67 30.67 30.74 30.74 30.68 30.74 30.80 30.70 30.91 30.87 31.00 31.01 31.01 30.98 30.95 30.88 30.81 30.78 30.73 30.66 30.63 30.59
26.14 26.25 26.36 26.45 26.54 26.60 26.66 26.71 26.74 26.77 26.79 26.82 26.84 26.66 26.85 26.88 26.98 27.07 27.16 26.87 27.40 27.54 27.70 27.86 28.01 28.17 28.32 28.49 28.64 28.79 28.94 29.10 29.25 29.40 29.54 29.70 29.83 29.96 30.08 30.19 30.28 30.33 30.38 30.36 30.36 30.36 30.38 30.39 30.36 30.39 30.43 30.50 30.51 30.54 30.59 30.62 30.68 30.64 30.69 30.55 30.50 30.61 30.33 30.72 30.79 30.80 30.85 30.85 30.79 30.76 30.69 30.61 30.59 30.55 30.48 30.43 30.38
26.24 26.37 26.49 26.59 26.68 26.75 26.81 26.86 26.90 26.94 26.96 26.98 27.01 27.04 27.06 27.10 27.15 27.20 27.14 27.40 27.54 27.69 27.84 28.00 28.17 28.32 28.27 28.64 28.79 28.94 29.09 29.24 29.39 29.53 29.67 29.81 29.94 30.07 30.18 30.28 30.35 30.38 30.09 30.43 30.40 30.38 30.36 30.36 30.36 30.35 30.42 30.46 30.47 30.47 30.55 30.58 30.60 30.59 30.51 30.57 30.47 30.46 30.61 30.60 30.68 30.58 30.67 30.64 30.60 30.56 30.51 30.45 30.42 30.41 30.33 30.24 30.22
26.36 26.49 26.62 26.73 26.83 26.91 26.98 27.03 27.07 27.10 27.13 27.15 27.18 27.20 27.23 27.25 27.29 27.33 27.39 27.52 27.68 27.83 28.00 28.05 28.23 28.18 28.50 28.76 28.94 29.09 29.23 29.38 29.52 29.66 29.79 29.93 30.06 30.18 30.25 30.36 30.42 30.37 30.46 30.46 30.41 30.42 30.37 30.34 30.35 30.38 30.39 30.41 30.44 30.42 30.45 30.52 30.44 30.49 30.51 30.45 30.24 30.45 30.47 30.53 30.49 30.24 30.43 30.43 30.44 30.39 30.33 30.27 30.25 30.15 30.11 30.11 30.07
26.48 26.62 26.76 26.88 26.98 27.07 27.14 27.20 27.25 27.28 27.30 27.33 27.35 27.37 27.38 27.42 27.45 27.49 27.46 27.59 27.63 27.85 28.10 28.20 28.17 28.52 28.77 28.92 29.08 29.21 29.37 29.49 29.64 29.76 29.90 30.02 30.14 30.16 30.29 30.36 30.38 30.39 30.47 30.48 30.42 30.38 30.37 30.34 30.33 30.34 30.36 30.37 30.37 30.39 30.34 30.40 30.46 30.45 30.34 30.11 30.29 30.23 30.27 30.36 30.38 30.25 30.26 30.30 30.25 30.21 30.14 30.09 30.07 29.85 29.85 29.91 29.93
26.61 26.76 26.91 27.03 27.13 27.23 27.31 27.37 27.41 27.45 27.48 27.50 27.52 27.40 27.57 27.52 27.60 27.59 27.33 27.69 27.84 28.05 28.21 28.12 28.44 28.65 28.89 28.85 29.17 29.33 29.49 29.62 29.75 29.86 29.97 30.10 30.17 30.24 30.33 30.39 30.38 30.36 30.46 30.39 30.33 30.34 30.29 30.28 30.27 30.29 30.34 30.35 30.32 30.22 30.31 30.26 30.28 30.37 30.40 30.36 30.29 30.16 30.19 30.21 30.04 30.07 30.14 30.12 30.06 30.00 29.96 29.92 29.87 29.85 29.65 29.76 29.79
26.75 26.91 27.06 27.19 27.30 27.39 27.47 27.54 27.59 27.63 27.62 27.66 27.67 27.68 27.69 27.68 27.55 27.49 27.67 27.56 27.77 27.84 28.29 28.30 28.49 28.63 28.83 29.09 29.26 29.41 29.58 29.70 29.83 29.96 30.04 30.19 30.21 30.23 30.34 30.32 30.21 29.77 30.36 30.30 30.23 30.21 30.17 30.16 30.17 30.19 30.23 30.27 30.32 30.30 30.30 30.18 30.30 30.22 30.20 30.24 30.10 30.05 29.95 29.95 29.94 29.87 29.83 29.89 29.89 29.81 29.81 29.68 29.03 29.21 29.42 29.58 29.62
26.90 27.07 27.22 27.36 27.47 27.57 27.66 27.71 27.73 27.78 27.76 27.74 27.70 27.76 27.80 27.82 27.90 27.90 27.90 27.87 27.91 28.16 28.38 28.38 28.57 28.81 28.97 28.93 29.25 29.41 29.65 29.79 29.89 30.05 30.10 30.28 30.27 30.28 29.94 30.20 30.35 29.68 30.28 30.19 30.12 30.03 30.04 29.95 29.99 30.07 30.13 30.09 30.22 30.16 30.18 30.19 30.11 29.99 30.01 30.11 29.91 29.96 29.80 29.77 29.65 29.68 29.61 29.74 29.71 29.68 29.66 29.12 28.81 29.22 28.94 29.30 29.33
27.05 27.21 27.38 27.53 27.65 27.75 27.83 27.89 27.84 27.90 27.83 27.81 27.59 27.82 27.89 27.91 28.03 28.06 28.07 28.03 28.08 28.06 28.39 28.23 28.55 28.83 28.78 28.49 28.90 29.17 29.14 29.82 29.96 30.00 30.08 30.19 30.31 30.16 30.11 30.24 30.22 30.23 30.17 30.07 29.98 29.97 29.84 29.86 29.92 29.93 30.06 29.96 30.06 29.95 30.04 30.04 29.96 29.84 29.81 29.70 29.85 29.77 29.66 29.51 29.52 29.58 29.55 29.53 29.53 29.55 29.43 29.32 29.09 28.94 28.54 29.24 29.26
27.22 27.39 27.56 27.71 27.83 27.92 28.00 27.94 27.91 27.94 27.49 27.78 27.78 27.74 27.63 27.35 27.93 27.99 28.16 28.25 28.26 28.10 28.06 28.45 28.52 28.68 28.80 28.94 29.10 29.29 29.63 29.86 29.87 29.67 30.14 30.36 30.08 30.24 30.35 30.37 29.93 30.00 29.83 29.90 29.76 29.76 29.77 29.72 29.70 29.79 29.76 29.93 29.89 29.88 29.87 29.84 29.83 29.73 29.71 29.60 29.53 29.38 29.15 29.40 29.39 29.39 29.34 29.28 29.34 29.33 29.28 28.85 29.25 28.78 28.67 28.89 28.75
27.37 27.56 27.74 27.88 27.98 28.10 28.10 27.98 27.97 28.01 27.82 27.48 27.44 27.47 27.36 27.98 28.13 28.04 28.21 28.27 28.38 28.30 28.40 28.30 28.65 28.82 29.16 29.12 28.67 29.31 28.62 29.89 30.02 29.99 29.66 30.19 30.24 30.34 30.35 30.26 29.92 29.92 29.74 29.67 29.72 29.64 29.64 29.38 29.57 29.63 29.59 29.78 29.07 29.30 29.58 29.62 29.61 29.64 29.60 29.53 29.39 29.17 29.08 29.15 29.22 29.10 29.17 29.07 29.13 29.16 29.06 28.79 28.99 28.68 28.25 28.31 28.33
27.52 27.71 27.91 28.00 28.10 28.21 28.09 27.59 27.58 27.95 27.79 27.65 27.74 27.83 27.31 27.87 27.44 28.18 27.72 28.30 28.21 28.39 28.12 28.30 27.98 28.81 29.03 29.15 28.83 28.81 28.73 29.91 29.99 29.56 29.99 30.23 30.42 30.45 30.41 30.14 29.86 29.79 29.60 29.38 29.47 29.47 29.31 29.39 29.26 29.45 29.40 29.55 29.69 29.52 29.51 29.47 29.26 29.49 29.47 29.37 29.25 28.81 28.94 29.01 28.79 28.88 28.88 28.39 28.43 28.79 28.45 28.86 28.58 28.74 28.07 28.24 28.19
27.67 27.88 28.06 28.17 28.23 28.30 28.39 28.33 27.98 27.80 26.80 27.10 27.63 27.18 27.36 27.25 28.07 28.11 27.88 27.79 28.45 28.38 28.41 28.30 28.49 28.85 28.83 29.20 28.74 28.68 28.69 29.91 30.05 30.07 29.74 30.22 30.10 29.86 30.21 30.05 29.87 29.71 29.51 29.30 29.28 29.07 29.22 29.34 28.75 29.14 28.55 28.85 29.55 29.50 29.44 29.32 29.00 29.24 29.29 29.28 29.13 28.87 28.88 28.57 28.60 27.74 27.98 27.75 28.31 28.53 28.27 28.84 28.22 28.71 28.18 27.92 28.16
27.78 27.92 28.17 28.30 28.32 28.35 28.35 28.28 27.92 27.52 27.57 27.36 27.39 26.67 27.03 27.79 27.30 27.25 27.24 27.59 28.46 28.15 28.46 28.16 28.66 28.90 28.98 29.14 28.89 29.36 29.51 29.94 29.90 30.08 29.86 29.92 29.74 29.56 29.99 29.87 29.76 29.47 29.40 29.16 29.05 28.96 29.06 29.12 28.68 28.96 29.15 29.36 29.33 29.34 29.30 29.15 28.66 29.06 29.09 29.09 28.98 28.70 28.58 27.99 28.22 28.17 28.45 28.30 28.37 28.76 28.68 28.31 28.45 28.25 27.98 28.05 28.05
27.88 28.10 28.23 28.31 28.35 28.39 28.17 27.97 28.15 27.88 27.86 27.61 27.12 27.19 27.41 27.20 27.29 27.15 27.37 27.80 27.43 27.75 28.19 27.71 28.10 28.37 28.31 29.02 29.17 29.57 29.75 29.88 29.55 28.85 29.92 29.71 29.61 29.07 29.73 29.66 29.58 29.43 29.13 29.10 28.71 28.69 28.94 28.18 28.55 28.81 29.11 29.17 29.20 29.18 29.17 29.09 28.78 28.95 28.94 28.87 28.98 28.75 28.49 28.14 27.76 28.14 28.34 28.46 28.48 28.59 28.23 28.16 27.97 27.57 28.02 28.30 28.45
27.91 28.09 28.23 28.33 28.40 28.36 28.46 28.04 28.36 28.10 28.07 27.66 27.88 27.85 27.77 27.44 27.34 27.37 27.47 27.55 27.81 27.80 27.63 27.34 27.79 27.69 27.44 27.97 29.24 29.57 29.52 29.77 29.71 29.22 29.64 29.28 29.45 29.44 29.42 29.47 29.29 29.30 28.84 28.57 28.32 27.79 28.05 28.35 28.86 28.98 29.08 29.19 29.10 29.02 28.86 28.97 28.87 28.75 28.78 28.67 28.74 28.70 28.29 28.34 27.90 27.89 28.10 27.76 28.63 28.64 28.38 28.29 28.12 27.90 27.82 28.04 28.17
27.94 28.09 28.21 28.33 28.37 28.27 28.49 28.35 28.37 28.48 28.46 28.11 27.95 28.19 28.18 27.63 27.81 27.56 27.37 27.12 27.55 27.48 27.37 27.31 27.76 27.74 28.10 27.74 29.02 29.40 29.59 29.60 29.03 29.08 28.86 28.43 29.05 28.26 28.92 28.85 29.09 29.05 28.51 28.52 28.03 27.81 28.32 28.67 28.67 28.84 28.94 29.02 29.08 28.93 28.75 28.68 28.70 28.40 28.54 28.56 28.53 28.63 28.25 28.28 27.97 27.81 27.11 27.88 27.90 28.13 28.47 28.21 28.19 27.46 27.57 27.67 28.11
27.94 28.06 28.18 28.28 28.29 27.93 28.32 28.24 28.00 28.18 28.07 28.50 28.24 27.97 27.98 27.73 27.88 27.47 27.75 27.47 27.72 27.80 27.69 27.72 27.79 27.83 27.88 27.97 28.99 28.70 28.67 28.79 28.01 28.81 28.18 28.08 27.68 28.14 28.80 28.70 27.73 28.60 28.97 28.12 27.92 28.16 28.35 28.18 28.41 28.73 28.82 28.87 28.92 28.93 28.76 28.64 28.55 28.49 28.32 28.37 28.39 28.42 28.45 28.29 27.94 27.06 27.53 27.95 27.47 28.15 28.32 28.26 28.16 27.91 27.77 27.74 27.59
27.93 28.02 28.14 28.21 28.14 28.18 28.29 28.00 28.27 28.14 28.35 27.57 27.80 27.76 27.86 28.35 28.01 27.83 27.90 27.82 28.06 28.06 27.94 27.92 27.97 27.87 27.91 27.90 28.27 28.19 28.07 27.78 27.94 28.06 27.96 28.23 28.62 28.34 27.81 27.74 27.63 27.47 28.32 28.31 28.37 28.05 27.44 27.52 28.23 28.52 28.73 28.86 28.80 28.88 28.82 28.69 28.61 28.52 28.43 28.39 28.33 28.24 28.28 28.20 27.81 27.46 27.43 27.47 28.00 27.98 28.23 28.12 27.94 27.82 27.77 27.50 27.21
27.90 28.01 28.11 28.18 28.08 28.16 28.12 28.07 28.26 28.22 28.07 28.20 28.09 28.10 27.80 27.87 28.19 28.29 28.30 28.05 28.13 27.83 27.72 27.95 27.91 27.86 27.82 27.69 27.53 27.86 27.40 27.54 27.47 27.56 28.19 27.71 27.63 28.19 27.23 27.39 27.35 27.84 27.60 27.72 28.40 28.12 27.16 27.20 28.39 28.55 28.64 28.75 28.69 28.73 28.79 28.70 28.62 28.56 28.51 28.42 28.27 28.12 28.18 28.00 27.92 27.50 27.47 27.51 27.90 27.72 28.08 27.98 27.89 27.62 27.54 27.41 26.75
27.88 28.00 28.09 28.14 28.14 28.06 27.96 27.94 28.35 28.31 28.15 27.74 27.80 28.00 27.94 27.94 27.67 27.91 27.98 28.08 27.95 27.97 27.76 27.80 27.63 27.65 27.52 27.57 27.55 27.42 27.43 27.26 27.31 27.11 27.20 27.24 26.72 26.78 26.75 27.65 26.85 28.06 27.62 27.94 28.23 26.82 26.79 27.06 28.34 28.45 28.55 28.54 28.60 28.58 28.68 28.73 28.61 28.52 28.47 28.34 28.16 28.14 27.98 27.97 27.77 27.31 26.51 27.39 27.65 27.59 27.98 27.77 27.60 27.40 27.26 27.12 27.32
27.88 28.03 28.07 27.98 27.93 28.11 27.89 27.95 27.96 28.10 28.01 27.87 27.81 27.89 27.64 27.71 27.52 27.73 27.68 27.78 27.30 27.48 27.43 27.41 27.54 27.62 27.56 27.42 27.36 27.29 27.17 27.23 27.18 27.13 27.16 26.99 26.92 26.75 26.62 26.80 27.78 27.68 27.27 27.43 27.02 27.22 27.46 27.64 26.98 28.18 28.35 28.46 28.45 28.51 28.51 28.55 28.60 28.59 28.52 28.39 28.23 28.13 28.05 27.93 27.82 27.58 27.52 27.60 27.74 27.93 27.87 27.64 27.49 27.39 27.03 26.95 26.75
27.75 27.92 28.17 28.21 28.17 27.77 28.18 28.09 27.92 28.18 28.26 28.22 27.63 27.71 27.57 27.53 27.38 27.33 27.40 27.02 27.12 27.24 27.23 27.22 27.27 27.33 27.43 27.39 27.32 27.24 27.13 27.22 27.11 27.09 27.01 26.85 26.64 26.65 26.61 27.35 26.74 27.66 27.75 27.86 26.94 26.77 26.44 26.95 27.46 28.13 28.23 27.14 28.20 28.11 28.34 28.44 28.57 28.49 28.43 28.42 28.28 28.18 28.06 27.94 27.76 27.60 27.50 27.70 27.86 27.88 27.73 27.59 27.19 27.28 26.94 27.02 27.10
27.66 27.82 27.98 28.20 28.21 28.04 28.18 28.43 28.38 28.41 27.97 27.97 28.13 27.85 27.91 27.65 27.46 27.07 27.11 27.17 27.07 26.95 26.89 26.88 26.98 27.17 27.21 27.30 27.26 27.22 27.18 27.14 27.13 26.97 26.81 26.73 26.81 26.54 26.76 26.94 27.03 27.38 27.65 26.88 26.94 26.63 26.58 26.36 26.58 26.58 26.74 27.40 28.12 27.67 27.82 27.98 28.25 28.42 28.31 28.32 28.26 28.14 27.93 27.96 27.76 27.47 27.46 27.23 27.62 27.78 27.87 27.54 27.51 27.31 26.83 26.87 26.84
27.78 27.80 27.81 28.11 28.08 28.26 28.36 28.26 28.24 27.89 28.18 27.93 27.57 27.51 27.36 27.42 27.24 27.24 27.11 26.92 26.81 25.81 25.69 25.98 26.47 26.84 26.95 27.09 27.13 27.13 27.12 27.12 27.12 27.06 26.95 26.87 26.59 26.55 26.58 26.83 26.75 26.82 27.47 27.65 27.04 27.16 26.70 26.56 26.61 26.45 27.10 27.29 27.98 27.23 27.80 27.99 28.30 28.12 28.27 28.12 28.17 28.15 27.98 27.80 27.82 27.45 27.51 27.61 27.70 27.72 27.66 27.63 27.56 27.34 27.04 26.59 26.88
27.62 27.78 27.77 27.91 28.18 28.24 28.20 27.66 27.83 28.11 27.79 27.44 27.36 27.16 27.16 27.09 27.18 27.21 26.93 26.39 26.42 25.66 25.13 25.89 24.46 26.52 26.59 26.81 26.95 27.04 27.04 27.05 27.01 27.01 27.01 26.91 26.81 26.84 26.97 26.98 26.99 27.04 26.71 26.38 26.77 26.71 26.48 26.51 26.50 26.49 27.63 27.53 27.39 27.74 27.92 28.04 28.22 28.20 27.85 28.12 28.07 28.06 27.94 27.78 27.62 27.62 27.44 27.17 27.59 27.49 27.50 27.59 27.54 27.18 26.80 26.81 26.83
27.62 27.60 27.56 27.94 28.09 28.11 27.87 27.64 27.24 27.01 27.73 27.71 27.46 27.18 27.24 26.96 26.86 26.94 26.95 25.34 26.19 25.96 26.08 25.94 25.57 24.75 25.42 26.09 26.65 26.61 26.27 26.80 26.87 26.84 26.94 26.99 26.95 26.99 27.01 27.03 27.03 27.05 26.99 26.85 26.86 26.84 26.57 26.74 26.61 27.19 27.10 26.73 27.02 27.36 27.40 27.46 28.09 27.92 27.66 27.99 27.97 27.95 27.78 27.68 27.45 27.50 27.10 27.24 27.24 27.46 27.52 27.61 27.49 27.29 26.92 26.73 26.76
