main/data/temperature/09.04.2023.grid
ncols 886
nrows 691
xllcenter 112.0000
yllcenter -44.5000
cellsize 0.0500
nodata_value 99999.90
[rows 272 to 305 of 691, columns 385 to 461 of 886]
33.47 33.40 33.32 33.17 32.96 32.02 32.39 31.90 31.84 31.86 31.79 30.90 31.78 31.89 31.64 29.13 31.67 31.69 31.69 31.63 31.61 31.58 31.79 31.94 31.99 31.99 31.80 31.81 31.53 31.32 31.55 29.96 28.58 30.35 30.05 30.32 30.31 30.63 30.32 29.82 29.86 30.05 29.49 29.17 29.47 28.85 28.71 29.82 29.20 29.33 29.12 29.39 29.61 29.80 29.26 29.27 29.29 29.30 29.55 29.82 29.87 29.68 30.33 29.60 29.89 29.77 30.26 30.41 30.08 29.99 30.16 30.37 29.92 30.37 30.48 30.36 30.48
33.37 33.37 33.26 33.18 33.08 32.93 32.67 31.81 32.18 32.15 32.17 32.28 32.08 31.98 31.76 31.71 31.16 31.19 30.90 30.77 30.80 31.32 31.36 31.45 31.38 31.26 31.80 31.83 32.08 31.56 31.66 30.93 30.14 30.09 29.63 29.61 30.67 30.17 29.60 29.41 28.52 28.99 29.56 29.68 29.47 29.67 29.62 29.59 29.30 29.98 29.41 29.63 29.81 30.05 29.91 29.87 29.85 29.55 29.71 29.53 29.37 29.72 29.08 30.36 30.53 30.55 29.55 30.44 30.68 30.62 29.94 30.16 30.47 30.26 30.57 30.73 30.80
33.39 33.34 33.28 33.16 33.06 33.00 32.90 32.69 32.71 32.58 32.52 32.44 32.33 32.18 32.03 31.71 31.56 31.55 31.57 31.57 31.43 31.40 31.71 30.65 30.88 31.13 31.34 31.04 32.05 31.43 31.55 31.22 30.32 29.89 30.21 30.61 30.79 30.42 30.08 29.64 29.26 30.06 29.52 29.71 29.25 28.64 29.56 29.88 29.92 30.36 30.24 30.04 30.15 30.24 30.20 29.90 30.17 30.19 29.86 30.13 30.25 29.14 30.31 30.32 30.40 30.79 30.53 29.93 30.38 30.36 30.80 30.70 30.76 30.37 30.51 30.73 30.86
33.19 33.20 33.23 33.13 32.97 32.87 32.80 32.72 32.42 32.23 32.35 32.30 32.25 32.22 32.05 31.86 31.68 31.59 31.78 31.88 31.86 31.96 31.93 31.60 31.19 31.17 31.09 31.98 31.63 31.85 31.16 31.29 30.55 30.51 30.72 29.93 30.93 30.85 30.39 29.98 29.93 30.18 30.22 29.86 29.99 30.16 30.08 30.17 30.16 30.37 30.37 30.45 30.34 30.25 30.38 30.33 30.32 29.67 30.45 30.57 30.49 30.35 30.49 30.63 30.79 30.58 30.77 30.82 30.75 30.78 30.72 30.62 30.77 30.57 30.76 30.81 30.41
33.26 33.04 32.99 32.98 32.83 32.71 32.68 32.37 32.46 32.31 32.11 32.12 32.12 32.05 32.04 31.93 31.81 31.63 31.58 31.74 31.76 31.48 31.99 32.00 31.80 31.96 32.06 32.14 32.17 31.89 31.32 31.01 31.03 31.04 31.26 30.30 30.94 30.89 30.40 30.34 30.38 30.47 30.25 30.50 30.51 30.32 29.89 30.18 30.27 30.44 30.37 30.35 30.46 30.45 30.47 30.48 30.54 30.58 30.58 30.67 30.70 30.73 30.75 30.75 30.37 30.90 30.76 30.95 31.04 31.07 31.02 30.84 30.27 30.84 30.62 30.66 30.79
33.15 33.07 32.70 32.75 32.61 32.56 32.56 32.45 32.47 32.67 32.31 31.86 31.81 31.91 31.89 31.80 31.65 31.62 31.64 31.54 31.63 31.78 31.82 32.07 32.13 32.01 32.10 31.99 32.16 32.00 31.85 31.67 31.50 31.49 31.56 31.39 30.81 30.67 30.22 30.21 30.37 30.56 30.52 30.55 30.54 30.43 30.07 30.34 30.44 30.47 30.47 30.49 30.49 30.50 30.51 30.54 30.56 30.38 30.51 30.47 30.44 30.38 30.38 30.48 30.31 30.37 30.77 30.48 30.74 31.13 31.11 31.05 30.69 30.69 30.71 30.96 30.96
33.03 32.92 33.02 32.74 32.45 32.23 32.27 32.18 32.05 32.32 32.73 32.01 31.86 31.81 31.48 31.72 31.60 31.83 31.80 31.46 31.61 31.70 31.88 31.71 31.89 32.00 31.87 32.10 32.05 32.16 31.99 31.90 31.81 31.79 31.70 31.46 31.32 31.03 30.86 30.69 30.79 30.75 30.71 30.71 30.62 30.47 30.27 30.34 30.37 30.29 30.32 30.37 30.41 30.36 30.44 30.56 30.51 30.44 30.17 29.91 29.86 29.94 30.28 30.03 30.42 30.11 29.79 30.00 31.06 30.92 31.17 30.77 30.81 30.58 30.58 30.95 30.72
33.20 33.17 33.10 32.80 32.48 32.50 32.30 31.95 32.26 32.40 32.49 32.88 32.84 32.63 31.92 31.64 31.55 31.64 31.94 31.53 31.29 31.45 31.69 31.44 31.73 31.82 31.79 31.95 31.67 31.98 32.12 31.83 32.02 31.90 31.65 31.47 31.20 31.04 30.83 30.86 30.74 30.82 30.71 30.77 30.64 30.47 30.17 30.10 30.20 30.10 30.09 30.25 30.26 30.29 30.29 30.49 30.46 30.11 30.27 29.99 29.96 30.20 29.66 29.95 30.25 30.24 29.49 30.46 30.99 31.17 30.93 31.15 30.84 30.91 30.91 30.68 31.03
33.06 32.81 32.91 32.80 32.67 32.49 32.22 32.61 32.45 32.36 32.82 31.94 31.97 32.22 32.67 32.45 31.76 31.70 31.66 31.32 31.47 31.30 31.17 31.17 31.44 31.03 30.94 30.80 30.06 30.21 31.46 30.86 32.03 31.83 31.58 31.21 31.00 30.83 30.87 30.45 30.28 30.46 30.79 30.83 30.72 30.43 30.13 30.00 30.28 30.16 30.13 30.02 30.06 30.09 30.18 30.08 30.26 30.09 30.43 30.08 29.96 30.17 30.19 30.17 30.22 30.34 29.98 29.15 30.97 31.08 31.19 31.05 31.11 30.98 31.14 30.80 31.04
32.78 32.95 32.78 32.65 32.70 32.62 32.27 32.36 32.55 32.85 31.88 32.43 32.19 32.24 32.68 31.54 32.03 31.59 31.28 31.96 32.06 30.55 30.82 30.31 30.31 30.21 30.81 31.34 31.81 32.03 31.53 31.95 32.19 31.63 31.49 31.15 31.01 30.85 31.10 31.04 30.78 30.81 30.80 30.84 30.89 30.60 30.47 30.15 30.33 30.31 30.16 30.25 30.16 30.09 30.06 30.08 30.46 30.47 30.58 30.57 30.27 30.28 30.27 30.51 30.40 30.24 30.69 30.91 31.17 31.24 30.80 30.96 31.30 31.18 31.23 31.06 31.00
32.97 32.82 32.96 32.92 33.05 32.29 32.31 32.25 32.38 32.40 32.85 32.01 32.64 32.60 32.95 32.39 31.34 31.67 32.32 31.66 31.90 31.95 31.62 30.42 30.99 31.10 31.03 31.20 31.72 31.29 31.43 31.17 32.10 31.38 30.86 30.76 30.88 31.06 31.14 31.05 30.97 30.88 30.89 30.82 30.79 30.73 30.48 30.22 30.38 30.45 30.27 30.23 30.36 30.20 30.14 30.21 30.33 30.39 30.57 30.67 30.57 30.35 30.16 30.70 30.47 30.56 29.78 30.66 30.73 31.18 31.29 31.20 31.29 31.10 31.15 31.19 31.19
32.91 33.00 33.13 32.78 33.14 32.64 32.90 32.15 32.41 32.22 32.38 32.14 32.74 33.00 32.67 32.43 32.44 31.91 31.87 31.89 32.55 32.26 31.23 31.02 31.13 31.24 31.62 31.59 30.74 30.58 31.13 31.85 32.13 31.94 31.22 31.55 30.68 30.69 30.55 30.67 31.01 31.04 30.88 31.05 31.02 30.68 30.63 30.49 30.63 30.59 30.31 30.49 30.40 30.21 30.16 30.22 30.46 30.57 30.65 30.71 30.66 30.47 30.84 30.85 30.70 30.43 29.90 30.75 31.23 31.32 31.14 31.20 31.29 31.34 31.37 31.33 31.28
32.92 33.18 33.22 33.09 32.89 33.18 33.12 32.61 32.65 31.95 32.53 32.12 32.41 32.58 32.35 32.99 32.95 32.37 31.96 32.07 32.17 32.54 32.15 32.19 31.83 31.62 31.38 31.26 31.86 31.81 31.21 31.73 32.31 32.34 31.76 31.60 30.87 30.51 30.77 30.50 30.93 30.84 31.22 30.66 30.62 30.71 30.73 30.67 30.58 30.75 30.61 30.69 30.45 30.10 30.24 30.32 30.48 30.60 30.69 30.73 30.62 30.64 31.00 30.86 30.88 30.81 30.94 31.16 31.22 31.34 31.27 30.67 31.30 31.22 31.33 31.13 31.04
33.12 33.23 33.30 33.28 33.06 33.16 32.91 32.26 32.03 32.52 31.92 32.65 32.50 32.15 32.22 32.76 32.91 32.12 32.15 32.00 32.28 32.45 32.69 32.45 32.11 31.84 31.87 31.60 31.98 32.15 31.99 32.12 32.36 32.32 31.52 31.31 31.28 31.21 31.32 31.17 31.04 30.89 30.99 31.28 30.99 30.86 30.89 30.84 30.70 30.74 30.80 30.57 30.28 30.14 30.22 30.39 30.52 30.68 30.73 30.67 30.61 30.86 31.01 30.99 30.95 30.80 30.95 31.04 31.08 31.19 31.29 30.84 31.17 31.25 31.38 31.36 31.40
33.54 33.42 33.45 33.42 33.41 33.38 33.12 32.95 32.20 31.73 32.04 31.92 31.92 32.15 32.73 32.72 32.23 32.28 32.62 32.23 32.27 32.48 32.80 32.53 32.15 32.13 32.07 32.05 31.91 31.86 31.75 31.75 32.30 32.41 32.12 31.95 31.45 31.18 31.46 31.08 30.96 30.88 31.43 31.34 31.12 30.61 30.91 31.07 31.00 30.91 30.83 30.73 30.46 30.33 30.32 30.43 30.60 30.30 30.72 30.83 31.03 31.01 30.92 30.16 30.94 31.17 31.24 31.20 31.18 31.01 31.39 31.34 31.38 31.41 31.40 31.50 31.28
33.86 33.57 33.34 33.40 33.54 33.48 33.20 32.96 32.74 32.75 32.70 32.30 32.50 32.26 32.20 32.13 32.53 32.27 32.82 32.83 32.91 32.54 32.54 32.52 32.53 32.16 32.37 32.30 32.35 32.50 32.46 32.44 32.33 32.38 32.27 32.06 32.05 32.01 31.85 31.70 31.63 31.50 31.44 31.38 31.36 31.28 31.15 30.94 31.12 31.01 31.10 30.94 30.85 30.55 30.18 30.46 30.64 30.36 30.61 30.97 30.83 30.81 30.48 30.92 31.21 31.19 31.14 30.78 31.03 31.35 31.40 31.40 31.36 31.47 31.47 31.44 31.40
33.91 33.82 33.66 33.67 33.58 33.55 33.36 33.16 33.00 32.84 32.97 32.89 32.72 32.31 32.28 32.68 32.60 32.54 32.58 32.70 32.46 32.38 32.73 32.33 32.85 32.51 32.42 32.47 32.45 32.49 32.42 32.40 32.39 32.38 32.35 32.25 32.34 32.16 31.93 31.80 31.79 31.61 31.61 31.40 31.37 31.32 31.35 31.28 31.19 31.24 31.27 31.13 30.96 30.68 30.83 30.84 30.89 30.89 30.95 31.02 31.08 31.05 31.15 31.20 31.23 30.92 31.10 31.18 31.28 31.37 31.42 31.40 31.40 31.46 30.94 31.43 31.38
33.97 33.92 33.83 33.81 33.66 33.62 33.37 33.20 33.15 33.08 33.06 32.88 32.64 32.74 32.67 32.49 32.68 32.65 32.43 31.82 32.42 32.75 32.66 32.65 32.85 32.60 32.43 32.62 32.54 32.48 32.41 32.30 32.25 32.17 32.17 32.14 32.19 32.30 32.06 31.87 31.96 31.83 31.62 31.46 31.33 31.32 31.24 31.18 31.26 31.27 31.26 31.28 31.26 31.18 31.08 31.05 31.02 30.97 30.93 30.92 30.96 30.98 31.15 31.03 30.91 31.00 31.11 31.22 31.32 31.35 31.40 31.38 31.01 31.33 31.36 31.48 31.49
34.03 33.95 33.89 33.80 33.74 33.68 33.40 33.38 33.28 33.28 33.24 33.06 32.92 32.85 32.85 32.56 32.67 32.59 32.64 31.87 32.24 32.32 32.46 32.30 32.67 32.76 32.66 32.41 32.61 32.51 32.37 32.19 32.10 32.10 32.22 32.28 32.30 32.23 32.20 32.02 32.04 31.90 31.63 31.75 31.47 31.51 31.21 31.14 31.20 31.21 31.34 31.18 31.34 31.33 31.12 31.01 31.17 31.11 31.00 30.96 30.95 30.81 31.13 31.04 30.97 31.02 31.08 31.19 31.23 31.32 31.33 31.17 31.36 31.50 31.49 31.48 31.49
34.08 33.99 33.95 33.78 33.82 33.78 33.64 33.34 33.14 33.23 33.28 33.16 33.09 33.02 32.97 32.87 32.82 32.74 32.60 32.49 32.31 32.37 32.38 32.54 32.37 32.45 32.71 32.70 32.65 32.73 32.69 32.43 32.33 32.33 32.17 32.23 32.15 32.22 32.16 32.20 32.02 32.04 31.94 31.92 31.69 31.49 31.36 31.16 31.00 31.15 31.26 31.36 31.30 31.36 31.36 31.11 31.23 31.26 31.19 31.10 30.97 31.04 30.93 30.86 30.77 30.66 30.88 31.08 31.19 30.68 31.07 31.34 31.50 31.41 31.54 31.52 31.47
34.07 34.03 33.89 33.83 33.83 33.86 33.77 33.61 33.48 33.50 33.42 33.30 33.20 32.98 32.75 32.88 32.90 32.78 32.65 32.66 32.54 32.40 32.52 32.59 32.58 32.42 32.61 32.51 32.47 32.57 32.60 32.59 32.49 32.42 32.08 32.29 32.11 32.17 32.11 32.12 32.14 32.03 32.08 31.97 31.87 31.71 31.56 31.30 31.11 31.11 31.27 31.36 31.44 31.33 31.30 31.28 31.29 31.29 31.20 31.17 31.09 31.08 30.82 30.94 31.06 31.10 30.84 30.88 31.08 31.18 31.35 31.39 31.42 31.38 31.41 31.45 31.35
34.21 34.02 34.02 33.91 33.92 33.91 33.81 33.70 33.60 33.54 33.43 33.36 33.36 33.22 33.03 32.91 32.92 32.82 32.78 32.79 32.72 32.68 32.73 32.78 32.75 32.47 32.33 32.26 32.23 32.40 32.42 32.42 32.38 32.52 32.40 32.33 32.44 32.23 32.20 31.91 32.00 32.05 32.11 32.07 31.94 31.79 31.64 31.38 31.27 31.12 31.23 31.34 31.46 31.48 31.45 31.33 31.41 31.29 31.35 31.33 31.22 31.01 31.10 31.22 31.21 31.25 31.18 31.18 31.25 31.28 31.35 31.42 31.45 31.44 31.49 31.38 31.31
34.20 34.29 34.05 34.03 33.93 33.89 33.79 33.70 33.58 33.53 33.53 33.46 33.33 33.23 32.95 33.06 32.98 32.89 32.60 32.77 32.78 32.72 32.79 32.80 32.59 32.38 32.30 32.18 32.17 32.19 32.12 32.33 32.37 32.18 32.08 32.35 32.31 32.23 32.25 32.11 32.08 32.09 32.09 31.72 31.96 31.91 31.74 31.57 31.38 31.24 31.22 31.32 31.28 31.36 31.45 31.45 31.32 31.31 31.19 31.43 31.34 30.99 31.20 31.34 31.32 31.37 31.23 31.10 31.11 31.25 31.32 31.44 31.37 31.39 31.14 31.39 31.42
34.21 34.13 33.99 34.01 33.85 33.96 33.83 33.29 33.49 33.17 33.54 33.54 33.42 33.36 33.17 33.09 33.02 32.87 32.81 32.78 32.69 32.76 32.58 32.50 32.43 32.33 32.15 32.22 32.30 32.10 32.04 32.23 32.12 32.21 32.11 31.89 31.84 32.13 32.24 32.18 32.09 32.13 32.09 32.20 31.99 31.99 31.66 31.59 31.50 31.44 31.36 31.32 31.26 31.33 31.29 31.22 31.42 31.54 31.34 31.41 31.29 31.12 31.19 31.25 31.30 31.42 31.38 31.41 31.39 31.42 31.41 31.39 31.45 31.43 31.41 31.45 31.24
34.23 34.17 34.10 34.01 33.95 33.96 34.00 33.89 33.81 33.69 33.40 33.45 33.26 33.41 33.28 33.14 33.03 33.05 32.90 32.89 32.86 32.78 32.71 32.58 32.49 32.53 32.38 32.25 32.26 32.11 32.01 32.02 32.07 32.18 32.25 32.26 32.25 32.27 32.23 32.11 32.08 32.19 32.11 31.97 32.08 32.01 31.81 31.78 31.70 31.65 31.55 31.21 31.39 31.38 31.03 31.11 31.22 31.47 31.38 31.46 31.36 31.00 31.20 31.28 31.37 31.48 31.36 31.50 31.58 31.42 31.29 31.38 31.43 31.15 31.15 31.26 31.17
34.30 34.19 34.11 34.10 34.06 34.04 33.95 33.78 33.65 33.55 33.28 33.47 33.36 33.32 33.25 33.27 33.16 32.80 32.82 32.85 32.83 32.71 32.55 32.35 32.36 32.27 32.31 32.33 32.24 32.14 32.08 31.99 32.04 31.90 32.00 32.14 32.16 31.94 31.92 32.15 32.12 32.12 32.01 32.03 32.03 31.76 31.99 31.84 31.82 31.74 31.57 31.32 31.15 31.13 31.26 31.21 31.29 31.33 31.37 31.51 31.41 31.24 31.34 31.46 31.49 31.45 31.48 31.36 31.38 31.21 31.19 31.37 31.07 31.05 31.10 31.08 31.13
34.26 34.24 34.16 34.09 34.07 34.03 33.99 33.90 33.74 33.67 33.46 33.08 33.13 33.06 33.12 33.15 33.07 32.90 32.73 32.60 32.56 32.42 32.14 32.18 32.24 32.24 32.25 32.28 32.23 32.17 32.17 31.99 31.94 31.83 32.03 31.99 32.07 32.06 32.06 32.10 32.05 32.00 31.95 32.00 31.97 31.98 31.89 32.01 31.57 31.81 31.40 31.45 31.46 31.50 31.48 31.44 31.49 31.40 31.32 31.34 31.38 31.18 31.24 31.13 31.58 31.61 31.43 31.20 31.36 31.39 31.37 31.31 31.13 30.88 31.02 31.11 31.20
34.23 34.19 34.18 34.13 34.05 33.99 33.92 33.86 33.72 33.68 33.29 33.46 33.24 33.10 32.89 32.85 32.95 32.85 32.83 32.82 32.71 32.50 32.38 32.30 32.22 32.30 32.32 32.20 32.30 32.19 32.16 32.08 32.01 31.88 31.89 31.87 32.01 32.08 32.15 32.12 32.09 32.05 31.85 31.89 31.89 31.75 31.64 31.71 31.82 31.92 31.62 31.67 31.68 31.59 31.66 31.45 31.73 31.58 31.54 31.38 31.40 31.09 31.27 31.46 31.46 31.41 31.38 31.37 31.38 31.24 31.15 31.16 31.12 30.94 31.01 31.15 31.19
34.09 34.08 34.05 34.05 34.00 33.94 33.81 33.74 33.65 33.47 33.52 33.36 33.23 33.24 32.98 32.97 32.90 32.86 32.79 32.74 32.77 32.65 32.51 32.44 32.40 32.37 32.13 32.26 32.31 32.21 32.03 32.07 31.84 31.93 31.86 31.79 31.89 31.99 32.04 32.01 31.95 31.85 31.67 31.74 31.67 31.70 31.73 31.89 31.88 31.79 31.81 31.78 31.50 31.71 31.63 31.55 31.59 31.48 31.56 31.47 31.29 31.19 31.37 31.45 31.31 31.32 31.43 31.30 31.23 31.23 31.05 30.86 30.86 31.05 31.10 31.15 31.24
34.05 33.98 33.93 33.93 33.90 33.85 33.77 33.66 33.62 33.58 33.42 33.36 33.23 33.12 33.18 33.15 32.77 32.81 32.92 32.92 32.83 32.75 32.68 32.58 32.47 32.33 32.26 32.33 32.27 32.17 32.04 31.86 31.93 31.97 31.94 31.88 31.86 31.94 31.92 31.86 31.63 31.67 31.64 31.38 31.39 31.50 31.68 31.75 31.88 31.87 31.81 31.79 31.61 31.39 31.62 31.37 31.48 31.55 31.60 31.39 31.31 31.20 31.20 31.26 31.42 31.44 31.34 31.19 31.13 31.14 30.98 30.89 31.04 31.13 31.21 31.24 31.24
33.96 33.93 33.88 33.84 33.78 33.77 33.73 33.60 33.59 33.41 33.46 33.27 33.07 33.08 33.24 33.21 33.13 32.94 32.40 32.94 32.88 32.81 32.77 32.58 32.46 32.24 32.11 32.07 32.12 32.28 32.13 32.14 32.05 31.95 31.90 31.73 31.64 31.75 31.69 31.73 31.87 31.83 31.57 31.48 31.55 31.65 31.66 31.84 31.87 31.81 31.59 31.68 31.33 31.38 31.18 31.32 31.41 31.47 31.75 31.48 31.34 31.21 31.30 31.43 31.36 31.36 31.22 30.92 31.07 30.89 30.73 31.06 31.12 31.20 31.25 31.29 31.27
33.87 33.83 33.80 33.76 33.75 33.71 33.66 33.61 33.54 33.49 33.36 33.30 33.27 33.11 33.21 33.20 33.15 33.08 33.04 32.84 32.92 32.87 32.74 32.65 32.50 32.44 32.39 32.26 32.38 32.39 32.22 32.11 32.05 32.03 31.94 31.91 31.90 31.92 31.91 31.82 31.82 31.90 31.83 31.72 31.71 31.72 31.71 31.79 31.82 31.77 31.70 31.66 31.58 31.42 31.30 31.47 31.64 31.73 31.65 31.50 31.49 31.13 31.42 31.30 31.19 31.15 31.10 31.04 30.90 30.88 31.00 31.16 31.19 31.25 31.29 31.23 31.24
33.80 33.76 33.74 33.71 33.67 33.66 33.63 33.58 33.53 33.52 33.47 33.40 33.38 33.26 33.21 33.24 33.17 33.16 33.07 33.02 32.95 32.89 32.74 32.74 32.63 32.51 32.53 32.49 32.23 32.38 32.34 32.25 32.09 32.02 32.01 32.06 32.03 32.03 31.98 31.98 31.88 31.90 31.92 31.89 31.81 31.73 31.81 31.79 31.77 31.76 31.74 31.69 31.57 31.53 31.48 31.46 31.47 31.45 31.44 31.70 31.14 31.43 31.35 31.35 31.10 31.00 30.99 30.73 30.92 31.04 31.09 31.16 31.26 31.30 31.31 31.31 31.34
33.69 33.68 33.69 33.65 33.62 33.59 33.55 33.56 33.51 33.46 33.40 33.36 33.27 33.19 33.26 33.24 33.17 33.13 33.07 32.99 32.91 32.90 32.86 32.73 32.66 32.51 32.55 32.54 32.36 32.36 32.38 32.30 32.15 32.09 32.14 32.20 32.12 32.07 31.98 32.02 31.91 31.89 31.86 31.87 31.86 31.86 31.77 31.71 31.71 31.64 31.55 31.45 31.47 31.46 31.39 31.37 31.44 31.44 31.47 31.58 31.42 31.34 31.31 31.11 31.05 30.80 30.76 30.80 31.01 31.08 31.12 31.22 31.25 31.27 31.32 31.36 31.31
