main/data/temperature/09.06.2023.grid
ncols 886
nrows 691
xllcenter 112.0000
yllcenter -44.5000
cellsize 0.0500
nodata_value 99999.90
[rows 272 to 305 of 691, columns 770 to 846 of 886]
25.21 26.63 26.74 26.64 26.53 26.41 26.29 26.16 26.06 25.92 25.76 25.73 25.24 25.32 25.31 25.38 25.33 25.29 25.25 25.20 25.15 25.10 25.04 24.98 24.92 24.85 24.79 24.72 24.64 24.57 24.49 24.40 24.31 24.21 24.10 23.99 23.88 23.78 23.68 23.58 23.50 23.42 23.35 23.29 23.24 23.19 23.16 23.13 23.13 23.16 23.24 23.33 23.42 23.54 23.64 23.74 23.84 23.93 24.01 24.09 24.17 24.22 24.27 24.31 24.35 24.38 24.39 24.40 24.42 24.43 24.43 24.42 24.42 24.42 24.41 24.41 24.41
26.58 26.75 26.85 26.76 26.62 26.58 26.45 26.29 26.13 26.04 25.68 25.87 25.87 25.70 25.50 25.65 25.58 25.52 25.45 25.38 25.31 25.23 25.16 25.09 25.01 24.94 24.85 24.78 24.70 24.61 24.52 24.43 24.33 24.22 24.12 24.01 23.91 23.80 23.70 23.61 23.52 23.45 23.38 23.32 23.26 23.22 23.18 23.15 23.12 23.11 23.11 23.17 23.28 23.40 23.52 23.64 23.75 23.86 23.95 24.04 24.13 24.19 24.25 24.30 24.33 24.37 24.39 24.41 24.42 24.43 24.43 24.43 24.43 24.42 24.42 24.42 24.41
24.39 26.68 26.94 26.85 26.68 26.60 26.60 26.39 26.15 26.25 26.06 25.16 26.10 25.94 25.79 25.92 25.84 25.75 25.66 25.56 25.46 25.37 25.28 25.18 25.10 25.00 24.91 24.82 24.74 24.65 24.55 24.46 24.36 24.25 24.14 24.03 23.94 23.83 23.73 23.65 23.56 23.49 23.42 23.36 23.30 23.26 23.22 23.19 23.15 23.12 23.11 23.10 23.15 23.26 23.39 23.53 23.66 23.78 23.89 23.99 24.08 24.16 24.22 24.28 24.33 24.36 24.39 24.41 24.42 24.43 24.43 24.43 24.43 24.43 24.42 24.42 24.42
24.27 25.28 26.85 26.92 26.63 26.52 26.42 26.52 26.53 25.96 25.93 25.87 26.14 26.31 25.89 26.10 26.08 25.97 25.85 25.73 25.61 25.49 25.38 25.27 25.16 25.06 24.97 24.86 24.78 24.68 24.58 24.48 24.39 24.27 24.17 24.06 23.97 23.86 23.76 23.68 23.60 23.52 23.46 23.39 23.35 23.30 23.26 23.22 23.19 23.16 23.14 23.12 23.11 23.16 23.28 23.43 23.57 23.70 23.83 23.95 24.04 24.13 24.20 24.27 24.32 24.36 24.39 24.41 24.43 24.43 24.43 24.43 24.43 24.43 24.43 24.41 24.41
24.68 24.59 25.01 25.23 26.41 26.60 26.37 26.71 26.58 26.48 26.05 26.07 25.66 26.43 26.48 26.42 26.30 26.17 26.02 25.88 25.74 25.61 25.48 25.35 25.23 25.12 25.01 24.90 24.81 24.71 24.61 24.51 24.41 24.30 24.20 24.09 24.00 23.90 23.80 23.72 23.64 23.57 23.50 23.44 23.39 23.34 23.30 23.26 23.24 23.20 23.17 23.16 23.13 23.13 23.20 23.34 23.49 23.64 23.78 23.90 24.00 24.10 24.18 24.25 24.31 24.34 24.38 24.41 24.42 24.44 24.44 24.44 24.44 24.44 24.42 24.42 24.41
24.72 25.50 23.88 26.80 26.84 26.77 26.59 26.12 26.31 26.45 26.32 26.42 26.23 26.20 26.66 26.41 26.49 26.34 26.18 26.01 25.86 25.71 25.56 25.42 25.29 25.16 25.05 24.94 24.84 24.74 24.64 24.54 24.44 24.34 24.24 24.13 24.03 23.94 23.85 23.76 23.68 23.62 23.55 23.49 23.44 23.39 23.35 23.31 23.28 23.25 23.22 23.20 23.17 23.15 23.16 23.25 23.42 23.57 23.72 23.85 23.98 24.08 24.17 24.24 24.30 24.34 24.38 24.41 24.43 24.44 24.44 24.44 24.44 24.44 24.43 24.42 24.42
26.44 26.07 24.93 26.17 26.59 26.51 25.47 26.03 26.47 26.68 26.60 26.36 26.71 26.67 26.78 26.66 26.62 26.46 26.29 26.12 25.96 25.79 25.64 25.48 25.33 25.20 25.08 24.97 24.87 24.77 24.67 24.57 24.48 24.37 24.27 24.18 24.08 23.99 23.90 23.81 23.74 23.67 23.60 23.55 23.49 23.44 23.40 23.36 23.33 23.30 23.26 23.25 23.22 23.19 23.17 23.21 23.36 23.52 23.67 23.82 23.95 24.06 24.15 24.23 24.29 24.34 24.38 24.41 24.43 24.44 24.45 24.45 24.44 24.44 24.43 24.42 24.41
26.77 26.04 25.44 24.24 25.16 25.23 23.85 25.83 26.40 26.59 27.01 26.91 26.87 26.92 26.29 26.13 26.62 26.21 26.37 26.20 26.04 25.86 25.69 25.53 25.38 25.23 25.10 25.00 24.90 24.80 24.71 24.62 24.51 24.42 24.32 24.22 24.13 24.05 23.96 23.88 23.80 23.73 23.67 23.61 23.55 23.51 23.46 23.42 23.38 23.35 23.32 23.29 23.27 23.24 23.21 23.21 23.32 23.48 23.65 23.79 23.92 24.04 24.14 24.23 24.29 24.34 24.38 24.41 24.43 24.45 24.45 24.45 24.45 24.44 24.43 24.42 24.41
27.06 25.28 25.38 23.90 26.04 26.05 26.30 26.47 26.44 26.47 26.86 26.57 26.95 26.97 26.65 26.40 26.63 26.43 26.41 26.27 26.10 25.93 25.76 25.43 25.41 25.27 25.15 25.04 24.94 24.85 24.75 24.66 24.57 24.48 24.38 24.29 24.20 24.11 24.03 23.95 23.87 23.80 23.73 23.67 23.61 23.57 23.52 23.48 23.44 23.41 23.38 23.35 23.32 23.29 23.26 23.24 23.31 23.46 23.63 23.78 23.92 24.04 24.14 24.22 24.29 24.35 24.39 24.41 24.44 24.45 24.45 24.46 24.45 24.44 24.44 24.42 24.40
26.19 26.48 25.63 25.86 26.22 26.97 26.69 27.09 27.19 27.19 27.08 26.42 26.01 27.01 26.37 26.51 26.43 26.01 26.37 26.33 26.15 26.00 25.75 25.65 25.48 25.31 25.20 25.09 24.99 24.90 24.81 24.72 24.62 24.53 24.45 24.36 24.27 24.19 24.11 24.03 23.95 23.88 23.81 23.75 23.69 23.64 23.60 23.55 23.52 23.48 23.45 23.41 23.38 23.34 23.32 23.28 23.31 23.46 23.63 23.78 23.91 24.04 24.14 24.23 24.29 24.35 24.39 24.42 24.44 24.45 24.45 24.46 24.45 24.44 24.43 24.42 24.41
26.08 25.76 25.03 25.78 25.36 27.00 26.99 27.17 27.01 27.09 27.01 26.45 26.86 26.62 26.31 26.74 26.74 25.50 25.32 26.24 26.12 26.05 25.64 25.48 25.24 25.34 25.27 25.16 25.06 24.96 24.88 24.79 24.69 24.61 24.53 24.43 24.35 24.27 24.19 24.12 24.04 23.97 23.90 23.84 23.77 23.73 23.67 23.63 23.60 23.56 23.52 23.48 23.44 23.41 23.37 23.34 23.34 23.47 23.64 23.79 23.93 24.04 24.15 24.24 24.30 24.35 24.39 24.42 24.44 24.45 24.46 24.46 24.46 24.44 24.43 24.42 24.40
26.87 26.40 26.55 25.68 25.82 25.10 26.43 27.03 27.04 26.94 26.74 25.16 26.50 25.85 26.42 26.74 24.85 25.93 25.91 25.64 26.17 25.92 25.71 25.47 25.42 25.34 25.34 25.24 25.14 25.04 24.95 24.86 24.78 24.69 24.61 24.53 24.45 24.37 24.30 24.22 24.14 24.07 24.01 23.94 23.88 23.82 23.78 23.73 23.69 23.64 23.60 23.56 23.52 23.49 23.45 23.41 23.39 23.51 23.67 23.81 23.95 24.07 24.17 24.25 24.31 24.37 24.41 24.44 24.45 24.46 24.47 24.47 24.46 24.45 24.43 24.42 24.40
26.39 25.45 26.53 25.34 25.03 24.10 23.04 26.29 26.64 26.35 26.21 26.58 26.51 26.82 25.81 26.81 26.06 25.49 25.91 25.70 25.97 25.50 25.72 23.01 25.44 24.26 25.36 25.27 25.20 25.13 25.04 24.95 24.87 24.80 24.71 24.63 24.56 24.49 24.40 24.33 24.26 24.19 24.12 24.05 23.99 23.94 23.88 23.83 23.79 23.74 23.69 23.65 23.61 23.56 23.52 23.48 23.45 23.56 23.71 23.85 23.98 24.09 24.18 24.27 24.33 24.38 24.42 24.44 24.46 24.47 24.47 24.46 24.45 24.44 24.43 24.41 24.39
26.77 26.34 25.40 24.65 25.49 24.53 23.80 23.01 24.28 25.53 24.63 25.95 26.46 26.45 25.55 26.53 25.71 25.92 23.59 25.57 26.04 25.95 24.71 25.17 24.84 24.99 25.20 25.30 24.87 25.23 25.14 25.05 24.98 24.90 24.82 24.76 24.68 24.61 24.53 24.46 24.39 24.32 24.25 24.18 24.12 24.06 24.00 23.95 23.90 23.84 23.79 23.75 23.70 23.65 23.60 23.56 23.54 23.62 23.76 23.90 24.02 24.13 24.21 24.29 24.35 24.39 24.43 24.45 24.46 24.47 24.46 24.46 24.45 24.44 24.43 24.41 24.39
27.07 26.77 25.16 24.84 26.27 25.39 25.78 23.59 24.38 24.30 25.37 26.47 26.45 25.92 24.49 26.60 26.66 25.69 25.59 24.99 26.04 26.03 25.77 25.05 24.37 25.05 25.46 25.14 25.35 25.31 25.26 25.18 25.10 25.03 24.96 24.89 24.81 24.74 24.67 24.61 24.53 24.46 24.39 24.33 24.26 24.20 24.13 24.07 24.02 23.96 23.91 23.86 23.81 23.75 23.70 23.65 23.62 23.70 23.82 23.95 24.06 24.16 24.25 24.31 24.36 24.41 24.43 24.46 24.47 24.48 24.47 24.46 24.46 24.43 24.42 24.41 24.39
27.29 27.08 26.76 26.73 26.17 25.25 25.58 24.47 23.85 22.80 22.57 25.85 26.05 25.83 25.64 24.86 26.70 25.89 25.50 24.21 26.00 26.08 25.99 25.64 25.41 25.14 25.54 25.51 25.45 25.43 25.37 25.30 25.23 25.17 25.09 25.02 24.96 24.89 24.82 24.75 24.68 24.62 24.54 24.47 24.40 24.34 24.27 24.21 24.15 24.10 24.04 23.97 23.92 23.86 23.81 23.75 23.71 23.78 23.89 24.01 24.11 24.19 24.27 24.33 24.38 24.42 24.45 24.46 24.47 24.48 24.47 24.46 24.45 24.44 24.41 24.40 24.38
27.17 27.14 26.28 26.47 26.31 26.23 24.84 24.57 24.73 22.39 21.22 22.16 26.01 26.36 26.15 26.30 26.46 26.29 24.73 24.95 26.00 25.91 25.77 26.02 25.62 25.53 25.59 25.48 25.50 25.52 25.50 25.44 25.37 25.30 25.24 25.17 25.11 25.05 24.98 24.91 24.85 24.77 24.70 24.63 24.56 24.50 24.43 24.36 24.29 24.23 24.17 24.10 24.04 23.98 23.92 23.85 23.81 23.86 23.96 24.06 24.15 24.24 24.30 24.36 24.40 24.43 24.46 24.47 24.47 24.47 24.47 24.46 24.45 24.43 24.41 24.39 24.37
27.14 27.02 26.61 26.14 26.06 25.29 26.07 25.51 23.83 22.48 21.13 21.98 24.65 24.46 24.08 26.15 26.43 26.48 25.70 25.60 25.76 25.88 26.13 25.94 25.94 24.94 25.64 25.79 25.45 25.66 25.62 25.58 25.52 25.46 25.40 25.34 25.28 25.21 25.15 25.08 25.01 24.94 24.86 24.79 24.72 24.65 24.58 24.51 24.44 24.37 24.31 24.24 24.17 24.11 24.04 23.97 23.92 23.95 24.03 24.12 24.20 24.27 24.32 24.37 24.41 24.44 24.46 24.47 24.47 24.47 24.46 24.45 24.44 24.42 24.40 24.38 24.36
26.62 26.97 26.89 26.45 25.89 25.34 24.39 24.96 23.21 23.26 25.03 24.11 23.58 23.08 25.42 25.26 25.17 26.02 25.57 24.03 23.83 25.63 26.25 26.18 25.92 25.99 25.82 25.73 25.88 25.80 25.71 25.73 25.67 25.61 25.55 25.50 25.45 25.37 25.31 25.25 25.18 25.10 25.03 24.95 24.88 24.80 24.73 24.66 24.58 24.51 24.44 24.38 24.30 24.23 24.16 24.09 24.02 24.03 24.10 24.16 24.23 24.29 24.34 24.39 24.41 24.44 24.46 24.46 24.46 24.46 24.45 24.45 24.43 24.41 24.39 24.37 24.35
25.87 26.58 26.62 26.00 26.35 25.85 25.09 24.59 24.59 23.57 24.22 25.01 24.39 23.62 23.41 24.65 24.59 25.67 25.92 24.34 24.47 23.07 26.02 25.97 25.90 26.14 26.17 25.55 26.01 25.90 25.78 25.85 25.83 25.78 25.72 25.66 25.60 25.54 25.48 25.41 25.33 25.27 25.19 25.11 25.03 24.95 24.88 24.80 24.73 24.65 24.58 24.51 24.43 24.35 24.28 24.20 24.12 24.10 24.14 24.20 24.26 24.30 24.34 24.39 24.41 24.44 24.45 24.46 24.46 24.46 24.45 24.43 24.42 24.39 24.38 24.35 24.34
25.93 26.11 25.80 26.10 25.54 25.66 25.36 24.67 24.43 24.15 24.83 24.57 25.07 23.72 24.52 23.99 25.83 25.03 25.51 25.06 23.12 25.70 25.91 26.17 25.83 25.94 25.93 26.23 26.12 26.06 25.88 25.88 25.97 25.93 25.88 25.82 25.76 25.70 25.62 25.56 25.49 25.41 25.33 25.26 25.17 25.09 25.02 24.94 24.86 24.77 24.70 24.62 24.55 24.47 24.39 24.30 24.21 24.15 24.18 24.22 24.26 24.30 24.35 24.38 24.40 24.42 24.44 24.44 24.44 24.44 24.43 24.42 24.40 24.38 24.36 24.34 24.32
25.57 25.96 25.39 25.42 25.51 25.10 25.14 24.46 23.34 24.68 24.08 25.29 24.80 25.26 23.66 24.68 24.41 23.43 25.35 25.60 23.03 23.99 25.58 26.05 25.78 25.79 26.02 26.22 25.97 25.94 26.00 26.08 26.09 26.03 26.02 25.96 25.90 25.84 25.77 25.70 25.63 25.55 25.46 25.39 25.30 25.22 25.13 25.05 24.97 24.89 24.81 24.72 24.65 24.57 24.49 24.39 24.30 24.21 24.19 24.22 24.26 24.30 24.32 24.35 24.37 24.40 24.41 24.41 24.42 24.42 24.41 24.39 24.38 24.36 24.34 24.32 24.30
25.56 25.28 24.54 24.89 25.09 25.02 24.79 24.26 23.91 24.94 24.91 25.36 24.48 25.57 24.71 24.54 25.00 24.17 25.62 25.95 24.19 25.65 24.78 26.14 26.03 25.81 26.21 26.30 25.87 25.69 26.02 25.91 26.16 26.15 26.14 26.09 26.03 25.96 25.89 25.82 25.74 25.66 25.57 25.49 25.41 25.31 25.23 25.14 25.05 24.96 24.88 24.80 24.73 24.64 24.55 24.45 24.36 24.25 24.19 24.19 24.23 24.26 24.29 24.32 24.35 24.37 24.38 24.38 24.39 24.38 24.38 24.37 24.35 24.34 24.32 24.30 24.28
25.70 25.30 25.08 25.04 25.36 25.04 24.97 24.93 24.79 24.30 25.35 25.44 24.72 25.44 24.82 25.30 24.40 24.40 24.52 25.61 26.02 26.05 26.19 26.07 26.09 26.01 25.90 26.09 25.80 26.00 26.06 26.18 26.30 26.18 26.21 26.09 26.10 26.06 25.99 25.92 25.83 25.74 25.65 25.56 25.48 25.39 25.29 25.21 25.11 25.03 24.94 24.86 24.77 24.69 24.24 24.32 24.40 24.29 24.19 24.16 24.17 24.20 24.24 24.26 24.29 24.31 24.34 24.35 24.35 24.35 24.35 24.33 24.32 24.32 24.30 24.28 24.26
25.36 25.18 24.63 25.23 25.52 25.31 24.84 25.23 24.67 23.92 24.78 25.58 25.73 25.73 25.15 25.26 25.16 24.83 24.11 24.74 24.10 25.63 25.92 26.24 26.35 26.25 26.36 26.00 26.19 26.29 24.77 26.36 26.26 26.32 26.29 26.15 26.13 26.13 26.00 25.98 25.90 25.81 25.72 25.63 25.53 25.44 25.34 25.25 25.15 25.06 24.97 24.88 24.80 24.44 24.36 24.30 24.40 24.30 24.19 24.11 24.09 24.13 24.16 24.20 24.23 24.26 24.28 24.29 24.31 24.31 24.31 24.31 24.30 24.28 24.27 24.25 24.23
25.29 25.22 24.99 25.41 25.62 25.21 25.01 25.33 24.54 24.46 24.52 25.55 25.82 25.49 24.58 25.42 24.69 24.40 23.93 24.46 23.55 24.53 23.80 25.99 26.36 26.30 26.15 25.90 26.36 26.44 26.18 26.45 26.46 26.39 26.16 26.29 26.15 26.20 25.98 25.96 25.95 25.85 25.75 25.66 25.55 25.46 25.36 25.26 25.17 25.07 24.98 24.88 24.80 24.70 24.41 24.32 24.40 24.29 24.18 24.08 24.02 24.03 24.07 24.11 24.15 24.18 24.21 24.23 24.25 24.25 24.26 24.26 24.26 24.25 24.23 24.22 24.21
25.08 24.61 24.34 25.03 25.65 25.09 25.57 24.77 24.74 23.76 25.03 25.70 25.83 25.66 25.46 25.10 24.59 24.28 24.52 25.13 23.75 24.33 25.44 25.74 26.11 26.29 26.12 26.24 26.50 26.68 26.65 26.50 26.34 26.31 26.28 26.37 26.26 26.14 26.06 26.03 25.96 25.87 25.77 25.67 25.57 25.46 25.36 25.26 25.16 25.06 24.97 24.87 24.77 24.68 24.58 24.28 24.38 24.27 24.17 24.06 23.98 23.93 23.95 24.00 24.05 24.09 24.13 24.16 24.19 24.20 24.21 24.22 24.22 24.21 24.20 24.18 24.18
24.46 24.33 25.12 25.34 25.53 25.63 25.62 25.17 25.18 24.35 24.22 25.31 25.85 25.66 25.58 24.91 24.24 25.27 24.95 24.76 23.31 24.27 25.54 26.10 25.96 26.15 26.07 26.05 26.32 26.17 26.58 26.40 26.39 26.35 26.47 26.08 26.14 26.07 26.02 26.06 25.98 25.87 25.77 25.66 25.55 25.46 25.35 25.24 25.14 25.04 24.94 24.83 24.74 24.64 24.54 24.36 24.26 24.23 24.13 24.03 23.94 23.86 23.84 23.88 23.93 23.98 24.04 24.08 24.10 24.13 24.14 24.16 24.16 24.16 24.16 24.15 24.13
24.84 24.49 24.83 24.71 25.29 25.48 25.74 25.30 25.44 25.30 24.83 25.46 25.94 25.64 25.13 25.65 25.24 25.61 24.81 23.97 24.04 24.64 25.89 25.92 26.09 26.45 26.23 26.02 26.38 26.34 26.29 26.54 26.51 26.53 26.24 26.11 26.19 26.08 25.97 25.92 25.92 25.86 25.75 25.64 25.54 25.42 25.32 25.21 25.10 25.00 24.90 24.80 24.70 24.60 24.49 24.02 23.75 24.16 24.10 24.00 23.91 23.81 23.74 23.75 23.81 23.87 23.93 23.98 24.02 24.05 24.08 24.10 24.11 24.11 24.11 24.11 24.10
24.59 24.38 24.72 24.82 24.84 25.00 25.47 25.66 25.66 25.39 25.47 25.55 25.98 25.45 25.73 25.84 25.19 25.42 24.53 23.76 24.03 24.26 24.80 25.81 25.44 26.11 25.35 25.73 26.41 26.56 26.66 26.61 26.66 26.30 26.08 25.99 26.06 26.00 25.94 25.92 25.88 25.83 25.72 25.61 25.50 25.39 25.28 25.18 25.07 24.96 24.86 24.75 24.65 24.55 24.01 23.68 23.67 24.15 24.05 23.96 23.87 23.77 23.69 23.64 23.66 23.74 23.81 23.87 23.92 23.97 24.00 24.03 24.05 24.05 24.07 24.06 24.06
24.78 24.45 24.47 24.95 24.95 24.98 25.30 25.59 25.43 25.69 25.43 25.31 25.70 25.51 25.81 25.72 25.42 25.54 25.07 24.74 24.58 24.33 24.34 24.83 24.89 24.88 25.68 26.12 26.28 26.60 26.75 26.57 26.27 26.03 25.90 26.11 26.00 25.95 25.92 25.89 25.83 25.78 25.68 25.58 25.46 25.35 25.24 25.12 25.02 24.91 24.80 24.70 24.60 24.34 23.74 23.70 23.81 24.10 24.01 23.91 23.82 23.74 23.65 23.58 23.54 23.59 23.67 23.75 23.82 23.88 23.92 23.95 23.99 24.00 24.01 24.02 24.01
24.43 24.19 24.41 24.66 24.68 24.76 25.03 25.36 25.23 25.48 25.59 25.73 25.57 25.96 25.82 25.84 25.51 25.28 25.09 24.94 24.72 24.87 24.94 25.24 24.04 25.48 25.27 25.77 26.18 26.67 26.56 26.42 26.20 26.17 26.05 25.87 25.95 25.94 25.95 25.89 25.83 25.69 25.61 25.53 25.41 25.30 25.19 25.08 24.97 24.86 24.75 24.65 24.35 23.72 22.96 23.50 24.15 24.04 23.96 23.87 23.77 23.69 23.61 23.53 23.46 23.45 23.53 23.62 23.70 23.77 23.83 23.88 23.91 23.94 23.95 23.97 23.96
24.16 24.35 24.38 24.20 24.44 24.40 24.68 24.88 24.57 25.28 25.95 25.80 25.31 25.83 26.01 25.96 25.79 25.51 25.38 24.78 24.43 25.77 24.64 25.93 24.46 25.43 24.16 26.36 26.48 26.45 26.58 26.07 26.02 25.92 25.81 25.79 25.93 25.93 25.91 25.78 25.76 25.67 25.55 25.49 25.37 25.25 25.14 25.03 24.92 24.80 24.70 24.57 24.02 23.36 23.48 23.59 24.09 24.00 23.90 23.82 23.73 23.64 23.56 23.49 23.41 23.36 23.38 23.48 23.58 23.66 23.74 23.79 23.84 23.87 23.90 23.91 23.92
23.93 24.30 24.23 24.26 24.27 24.45 24.69 24.93 25.45 25.22 25.55 25.91 25.81 26.14 25.67 24.96 25.54 25.36 24.97 24.87 25.83 25.91 25.20 26.14 24.74 26.07 26.30 26.37 26.18 26.17 26.52 26.20 25.94 25.85 25.56 25.92 25.76 25.84 25.89 25.73 25.69 25.59 25.38 25.42 25.33 25.21 25.10 24.98 24.86 24.76 24.65 24.54 23.90 23.62 23.35 24.12 24.04 23.94 23.85 23.76 23.68 23.60 23.52 23.44 23.38 23.30 23.27 23.33 23.44 23.54 23.62 23.69 23.75 23.79 23.83 23.85 23.87
