main/data/temperature/11.06.2023.grid
ncols 886
nrows 691
xllcenter 112.0000
yllcenter -44.5000
cellsize 0.0500
nodata_value 99999.90
[rows 272 to 305 of 691, columns 462 to 538 of 886]
23.85 24.58 24.02 25.07 25.23 25.30 25.31 25.38 25.43 25.49 25.54 25.59 25.63 25.65 25.68 25.71 25.71 25.78 25.76 25.76 25.74 25.74 25.86 25.84 25.76 25.76 25.79 25.94 25.94 26.01 26.00 26.03 26.03 26.03 26.01 26.00 26.01 26.03 26.01 25.96 25.97 26.01 26.00 25.97 25.95 25.96 25.96 25.93 25.92 25.99 25.98 25.99 26.00 25.99 25.99 25.95 25.66 25.85 25.85 25.89 25.89 25.86 25.86 25.86 25.86 25.89 25.94 25.95 25.98 25.99 25.99 26.05 26.12 26.12 26.11 25.96 26.05
24.91 24.31 24.71 24.05 24.53 24.66 25.34 25.37 25.41 25.48 25.54 25.59 25.64 25.66 25.70 25.73 25.71 25.75 25.80 25.69 25.75 25.80 25.90 25.78 25.72 25.80 25.85 25.88 25.98 26.00 26.02 26.00 25.99 25.99 25.98 25.99 25.99 25.99 25.99 25.96 25.98 25.96 25.93 25.90 25.90 25.87 25.86 25.88 25.92 25.90 25.90 25.93 25.93 25.92 25.92 25.90 25.86 25.81 25.73 25.80 25.79 25.78 25.77 25.79 25.77 25.81 25.87 25.87 25.89 25.89 25.89 25.92 25.99 26.00 25.99 25.89 25.91
24.95 24.63 25.05 23.92 24.56 25.17 25.21 25.35 25.44 25.49 25.51 25.58 25.59 25.62 25.67 25.68 25.71 25.69 25.79 25.75 25.69 25.75 25.88 25.86 25.65 25.77 25.88 25.88 25.93 25.98 25.97 25.99 25.95 25.95 25.94 25.95 25.93 25.95 25.94 25.90 25.89 25.90 25.88 25.86 25.85 25.86 25.82 25.81 25.83 25.84 25.83 25.84 25.84 25.82 25.83 25.82 25.78 25.82 25.73 25.68 25.73 25.69 25.67 25.72 25.75 25.75 25.72 25.77 25.72 25.80 25.80 25.91 25.93 25.88 25.87 25.84 25.81
24.83 25.21 25.17 25.17 24.84 24.96 25.20 24.96 25.33 25.43 25.51 25.56 25.56 25.57 25.62 25.64 25.69 25.67 25.70 25.76 25.70 25.73 25.64 25.83 25.85 25.77 25.88 25.93 25.86 25.88 25.96 25.95 25.93 25.89 25.90 25.90 25.89 25.89 25.89 25.86 25.82 25.85 25.85 25.81 25.79 25.79 25.78 25.78 25.79 25.78 25.77 25.76 25.77 25.75 25.73 25.75 25.71 25.71 25.70 25.67 25.65 25.65 25.66 25.66 25.66 25.63 25.64 25.76 25.77 25.77 25.77 25.83 25.68 25.76 25.76 25.75 25.69
24.87 24.63 24.79 25.17 24.92 24.84 25.29 25.37 25.48 25.25 25.28 24.98 25.47 25.60 25.60 25.62 25.63 25.66 25.67 25.71 25.72 25.64 25.57 25.74 25.82 25.82 25.86 25.86 25.88 25.90 25.91 25.91 25.89 25.81 25.86 25.84 25.84 25.84 25.83 25.76 25.80 25.79 25.74 25.68 25.73 25.68 25.67 25.65 25.72 25.71 25.70 25.67 25.69 25.69 25.68 25.66 25.64 25.63 25.63 25.62 25.59 25.62 25.59 25.57 25.60 25.61 25.61 25.68 25.69 25.69 25.66 25.74 25.65 25.68 25.64 25.58 25.56
25.13 24.93 24.87 25.31 24.86 25.27 25.37 25.44 25.50 25.57 25.56 25.03 25.56 25.43 25.61 25.58 25.64 25.63 25.70 25.66 25.73 25.64 25.73 25.76 25.83 25.84 25.82 25.72 25.87 25.88 25.88 25.86 25.83 25.83 25.82 25.81 25.80 25.79 25.76 25.75 25.74 25.69 25.60 25.71 25.64 25.63 25.66 25.60 25.64 25.65 25.62 25.61 25.61 25.56 25.59 25.55 25.55 25.54 25.54 25.53 25.54 25.53 25.56 25.52 25.54 25.57 25.55 25.60 25.63 25.66 25.54 25.60 25.61 25.58 25.55 25.44 25.43
24.67 25.13 24.70 24.97 25.43 24.93 25.42 25.40 25.53 25.53 25.64 25.57 25.63 25.55 25.61 25.61 25.65 25.64 25.67 25.70 25.72 25.76 25.74 25.75 25.79 25.79 25.79 25.80 25.81 25.84 25.83 25.83 25.81 25.77 25.77 25.75 25.74 25.72 25.71 25.61 25.63 25.65 25.60 25.66 25.56 25.58 25.55 25.49 25.57 25.56 25.56 25.52 25.50 25.52 25.49 25.50 25.49 25.52 25.49 25.46 25.48 25.42 25.44 25.44 25.48 25.46 25.44 25.46 25.45 25.52 25.55 25.54 25.49 25.45 25.42 25.31 25.31
25.02 24.71 24.96 25.16 25.05 25.33 25.40 25.45 25.49 25.52 25.50 25.62 25.65 25.65 25.61 25.63 25.64 25.64 25.65 25.68 25.70 25.69 25.72 25.73 25.77 25.77 25.73 25.78 25.80 25.81 25.83 25.78 25.74 25.72 25.71 25.70 25.66 25.66 25.65 25.59 25.57 25.58 25.56 25.52 25.56 25.50 25.48 25.46 25.50 25.49 25.48 25.46 25.43 25.42 25.43 25.41 25.40 25.39 25.40 25.34 25.38 25.35 25.35 25.40 25.36 25.37 25.34 25.37 25.35 25.33 25.43 25.43 25.38 25.37 25.28 25.24 25.20
25.25 25.14 25.14 24.77 25.05 25.07 25.29 25.42 25.27 24.98 25.60 25.56 25.61 25.64 25.62 25.61 25.62 25.65 25.64 25.64 25.64 25.66 25.67 25.69 25.72 25.67 25.75 25.73 25.77 25.75 25.77 25.75 25.72 25.68 25.65 25.64 25.61 25.61 25.56 25.53 25.46 25.51 25.53 25.51 25.51 25.43 25.43 25.36 25.41 25.35 25.36 25.37 25.38 25.38 25.36 25.35 25.36 25.30 25.28 25.25 25.23 25.26 25.21 25.23 25.24 25.25 25.25 25.24 25.24 25.23 25.27 25.26 25.23 25.22 25.12 25.09 25.07
25.12 25.22 25.33 25.20 25.27 25.31 25.13 25.15 25.54 25.48 25.58 25.48 25.59 25.62 25.62 25.63 25.61 25.62 25.63 25.59 25.62 25.61 25.60 25.64 25.61 25.65 25.70 25.70 25.71 25.71 25.73 25.68 25.67 25.63 25.62 25.58 25.57 25.55 25.51 25.50 25.50 25.46 25.46 25.44 25.46 25.43 25.39 25.33 25.32 25.29 25.30 25.30 25.29 25.30 25.28 25.28 25.25 25.25 25.22 25.18 25.22 25.22 25.18 25.20 25.18 25.15 25.17 25.17 25.18 25.16 25.11 25.10 25.18 25.12 25.02 24.97 25.00
25.18 24.98 24.97 25.39 25.27 25.30 25.33 24.70 25.22 25.48 25.65 25.58 25.60 25.59 25.63 25.63 25.60 25.59 25.61 25.56 25.59 25.58 25.58 25.58 25.59 25.59 25.64 25.65 25.67 25.70 25.67 25.64 25.61 25.59 25.55 25.52 25.51 25.48 25.48 25.44 25.42 25.41 25.37 25.38 25.42 25.36 25.32 25.27 25.26 25.25 25.24 25.24 25.21 25.22 25.19 25.17 25.16 25.17 25.14 25.12 25.15 25.15 25.12 25.11 25.13 25.08 25.04 25.09 25.11 25.08 25.04 24.98 25.03 25.00 24.91 24.92 24.83
25.00 25.50 25.56 25.58 25.50 25.41 25.48 24.79 25.34 25.48 25.56 25.55 25.58 25.57 25.59 25.61 25.61 25.58 25.58 25.59 25.58 25.59 25.60 25.58 25.56 25.57 25.59 25.56 25.59 25.64 25.69 25.57 25.54 25.54 25.50 25.45 25.44 25.41 25.37 25.36 25.35 25.33 25.32 25.30 25.30 25.28 25.25 25.22 25.20 25.18 25.16 25.16 25.15 25.14 25.12 25.12 25.11 25.13 25.11 25.07 25.05 25.04 25.03 25.02 25.02 25.02 25.04 25.00 24.99 25.00 24.97 24.86 24.89 24.90 24.84 24.81 24.70
25.50 25.56 25.56 25.60 25.55 25.49 25.53 25.46 24.98 25.26 25.57 25.57 25.58 25.55 25.56 25.58 25.58 25.55 25.54 25.56 25.54 25.55 25.57 25.54 25.54 25.55 25.52 25.51 25.52 25.54 25.58 25.51 25.45 25.47 25.45 25.42 25.37 25.36 25.32 25.30 25.28 25.27 25.23 25.23 25.22 25.19 25.18 25.15 25.12 25.09 25.06 25.08 25.06 25.04 25.05 25.03 25.02 25.05 25.04 24.97 24.98 24.95 24.95 24.95 24.95 24.95 24.96 24.90 24.91 24.91 24.92 24.84 24.74 24.80 24.77 24.69 24.63
25.42 25.47 25.49 25.50 25.52 25.50 25.53 25.50 25.58 25.59 25.51 25.51 25.52 25.51 25.52 25.53 25.54 25.51 25.51 25.50 25.50 25.49 25.49 25.48 25.44 25.47 25.47 25.46 25.44 25.50 25.53 25.45 25.38 25.40 25.37 25.36 25.30 25.29 25.27 25.22 25.19 25.19 25.16 25.17 25.14 25.09 25.09 25.07 25.03 25.00 24.99 24.97 24.97 24.97 24.95 24.95 24.94 24.96 24.95 24.91 24.89 24.87 24.84 24.83 24.84 24.85 24.83 24.83 24.77 24.78 24.81 24.85 24.76 24.71 24.74 24.64 24.54
25.37 25.37 25.30 25.49 25.49 25.39 25.45 25.58 25.61 25.58 25.52 25.54 25.51 25.51 25.52 25.51 25.53 25.50 25.50 25.50 25.49 25.46 25.45 25.43 25.44 25.45 25.45 25.39 25.38 25.40 25.43 25.39 25.34 25.33 25.34 25.31 25.29 25.25 25.22 25.18 25.14 25.11 25.12 25.06 25.05 25.03 25.03 25.00 24.97 24.94 24.93 24.90 24.90 24.89 24.88 24.86 24.87 24.92 24.89 24.84 24.81 24.80 24.77 24.76 24.77 24.76 24.76 24.74 24.72 24.70 24.65 24.75 24.72 24.59 24.58 24.53 24.45
25.15 25.39 25.44 25.48 25.48 25.40 25.49 25.54 25.58 25.55 25.52 25.51 25.50 25.48 25.47 25.48 25.50 25.45 25.45 25.46 25.42 25.43 25.42 25.40 25.38 25.37 25.39 25.37 25.36 25.30 25.40 25.19 25.24 25.25 25.25 25.25 25.20 25.19 25.15 25.12 25.09 25.03 25.04 24.99 24.96 24.95 24.94 24.91 24.88 24.85 24.84 24.82 24.81 24.79 24.79 24.78 24.76 24.85 24.82 24.81 24.76 24.74 24.70 24.70 24.70 24.69 24.67 24.64 24.67 24.66 24.64 24.59 24.57 24.57 24.50 24.51 24.40
25.39 25.37 25.40 25.41 25.48 25.49 25.50 25.54 25.53 25.53 25.50 25.47 25.45 25.44 25.44 25.43 25.43 25.41 25.39 25.41 25.40 25.39 25.37 25.34 25.33 25.31 25.29 25.30 25.26 25.29 25.27 25.12 25.13 25.15 25.19 25.18 25.15 25.16 25.11 25.06 25.01 24.97 24.95 24.94 24.89 24.86 24.85 24.84 24.81 24.77 24.76 24.76 24.76 24.73 24.73 24.71 24.70 24.74 24.74 24.68 24.66 24.66 24.63 24.66 24.63 24.61 24.59 24.56 24.58 24.59 24.53 24.47 24.49 24.50 24.49 24.44 24.41
25.40 25.37 25.34 25.39 25.45 25.44 25.45 25.51 25.50 25.48 25.50 25.46 25.43 25.44 25.23 25.37 25.38 25.39 25.37 25.39 25.36 25.36 25.33 25.32 25.28 25.26 25.25 25.22 25.23 25.22 25.22 25.15 25.09 25.11 25.10 25.12 25.07 25.07 25.01 24.95 24.93 24.89 24.91 24.89 24.82 24.79 24.76 24.77 24.72 24.71 24.69 24.67 24.69 24.62 24.63 24.64 24.61 24.67 24.65 24.60 24.61 24.55 24.57 24.56 24.54 24.53 24.51 24.50 24.49 24.50 24.41 24.46 24.41 24.43 24.42 24.36 24.33
25.33 25.36 25.33 25.30 25.38 25.39 25.40 25.38 25.41 25.44 25.45 25.41 25.42 25.33 25.10 25.17 25.25 25.31 25.35 25.31 25.30 25.30 25.28 25.27 25.24 25.19 25.19 25.15 25.11 25.12 25.11 25.08 25.02 25.06 25.01 25.04 25.03 24.97 24.97 24.90 24.87 24.84 24.84 24.82 24.77 24.68 24.69 24.67 24.66 24.62 24.63 24.60 24.59 24.58 24.57 24.57 24.55 24.53 24.52 24.52 24.51 24.45 24.46 24.45 24.43 24.43 24.42 24.41 24.41 24.41 24.34 24.44 24.41 24.35 24.32 24.28 24.22
25.30 25.29 25.33 25.34 25.34 25.37 25.34 25.39 25.42 25.43 25.44 25.42 25.33 25.25 25.14 25.20 25.26 25.32 25.28 25.30 25.29 25.27 25.23 25.25 25.20 25.18 25.17 25.02 25.11 25.08 25.07 25.05 25.01 25.00 25.00 24.99 24.96 24.94 24.93 24.88 24.83 24.80 24.75 24.73 24.69 24.65 24.63 24.58 24.56 24.57 24.55 24.52 24.50 24.52 24.51 24.49 24.50 24.48 24.48 24.44 24.41 24.38 24.36 24.41 24.35 24.35 24.36 24.36 24.35 24.38 24.40 24.37 24.27 24.29 24.23 24.19 24.15
25.21 25.26 25.30 25.30 25.24 25.24 25.28 25.37 25.38 25.36 25.39 25.38 25.33 25.34 25.11 25.20 25.14 25.27 25.27 25.26 25.23 25.19 25.20 25.19 25.17 25.15 25.12 25.07 25.00 25.00 24.99 24.98 25.00 24.95 24.94 24.92 24.89 24.87 24.82 24.80 24.76 24.71 24.67 24.63 24.61 24.58 24.56 24.52 24.49 24.49 24.46 24.45 24.41 24.43 24.43 24.43 24.41 24.40 24.40 24.37 24.36 24.31 24.33 24.33 24.34 24.31 24.30 24.29 24.29 24.31 24.31 24.31 24.28 24.20 24.18 24.13 24.09
25.25 25.20 25.16 25.00 25.18 25.29 25.31 25.37 25.36 25.33 25.35 25.36 25.33 25.32 25.13 25.15 25.22 25.20 25.21 25.22 25.22 25.16 25.14 25.13 25.10 25.08 25.05 25.02 24.99 24.94 24.92 24.91 24.90 24.89 24.86 24.83 24.79 24.77 24.69 24.72 24.65 24.63 24.58 24.54 24.53 24.48 24.45 24.45 24.44 24.39 24.39 24.36 24.36 24.35 24.35 24.33 24.33 24.35 24.32 24.31 24.30 24.27 24.31 24.29 24.29 24.30 24.22 24.20 24.22 24.26 24.23 24.24 24.19 24.14 24.10 24.09 24.06
25.10 25.07 25.02 24.94 25.17 25.23 25.31 25.35 25.31 25.28 25.32 25.30 25.29 25.27 25.06 25.16 25.21 25.19 25.21 25.18 25.14 25.11 25.10 25.08 25.04 25.03 24.98 24.95 24.92 24.87 24.85 24.83 24.82 24.79 24.75 24.71 24.68 24.66 24.64 24.57 24.58 24.59 24.52 24.47 24.44 24.42 24.39 24.38 24.36 24.33 24.31 24.28 24.31 24.27 24.27 24.27 24.24 24.27 24.24 24.24 24.24 24.22 24.24 24.22 24.22 24.23 24.20 24.20 24.20 24.20 24.18 24.17 24.15 24.12 24.09 24.07 24.03
24.90 24.84 24.94 25.06 25.12 25.24 25.25 25.29 25.25 25.23 25.23 25.22 25.22 25.19 25.16 25.05 25.15 25.17 25.14 25.12 25.08 25.07 25.03 25.01 24.96 24.94 24.89 24.87 24.85 24.80 24.76 24.75 24.73 24.68 24.66 24.61 24.59 24.56 24.51 24.48 24.49 24.49 24.47 24.42 24.38 24.36 24.31 24.30 24.28 24.25 24.22 24.23 24.20 24.22 24.18 24.20 24.18 24.17 24.18 24.15 24.10 24.16 24.16 24.15 24.15 24.18 24.17 24.16 24.13 24.13 24.17 24.15 24.11 24.08 24.04 24.03 24.01
24.93 24.97 24.98 25.06 25.14 25.20 25.26 25.28 25.25 25.21 25.21 25.17 25.18 25.16 25.15 25.12 25.13 25.20 25.11 25.08 25.04 24.98 25.00 24.95 24.92 24.89 24.83 24.80 24.78 24.73 24.72 24.70 24.65 24.63 24.60 24.54 24.51 24.47 24.47 24.43 24.39 24.41 24.40 24.38 24.34 24.32 24.28 24.25 24.25 24.21 24.19 24.16 24.18 24.15 24.14 24.13 24.13 24.12 24.09 24.06 24.09 24.07 24.08 24.07 24.11 24.10 24.07 24.09 24.09 24.05 24.08 24.06 24.06 24.06 24.02 23.99 23.97
24.67 24.85 24.99 25.07 25.11 25.14 25.24 25.22 25.21 25.11 25.17 25.14 25.10 25.01 25.09 25.07 25.10 25.09 25.06 25.04 25.00 24.98 24.95 24.89 24.86 24.82 24.76 24.74 24.72 24.69 24.66 24.63 24.57 24.55 24.50 24.45 24.46 24.40 24.38 24.34 24.31 24.32 24.32 24.29 24.27 24.24 24.20 24.20 24.16 24.17 24.14 24.12 24.13 24.11 24.09 24.06 24.06 24.05 24.03 24.01 24.00 23.95 23.98 24.02 24.05 24.00 24.05 24.03 24.04 24.04 24.03 24.05 24.03 24.01 23.98 23.96 23.95
24.84 24.91 24.95 25.04 25.09 25.12 25.15 25.18 25.17 25.16 25.16 25.11 24.99 24.93 24.94 25.02 25.01 25.00 25.01 24.96 24.96 24.90 24.88 24.88 24.79 24.76 24.70 24.67 24.66 24.61 24.57 24.55 24.50 24.50 24.44 24.40 24.34 24.30 24.30 24.29 24.25 24.14 24.20 24.22 24.21 24.15 24.12 24.14 24.11 24.08 24.08 24.07 24.05 24.04 24.02 24.00 24.01 23.97 24.00 23.92 23.92 23.92 23.96 23.98 23.98 23.96 23.98 23.98 24.02 23.99 23.95 23.94 23.96 23.96 23.93 23.93 23.87
24.80 24.88 24.94 25.00 25.06 25.05 25.13 25.15 25.13 25.10 25.11 25.07 24.89 24.91 24.98 24.99 24.96 24.95 24.95 24.94 24.91 24.90 24.86 24.80 24.78 24.70 24.67 24.66 24.61 24.58 24.52 24.50 24.46 24.40 24.39 24.34 24.29 24.28 24.25 24.24 24.20 24.20 24.14 24.14 24.09 24.12 24.07 24.05 24.05 24.02 24.02 24.01 23.97 23.98 23.97 23.98 23.96 23.92 23.94 23.84 23.86 23.93 23.92 23.92 23.93 23.89 23.96 23.89 23.97 23.97 23.95 23.94 23.95 23.92 23.93 23.91 23.89
24.77 24.75 24.89 24.88 24.99 25.03 25.03 24.94 25.07 25.06 25.05 25.02 24.82 24.93 24.98 24.95 24.93 24.90 24.88 24.89 24.87 24.83 24.82 24.78 24.71 24.66 24.61 24.57 24.57 24.55 24.50 24.50 24.46 24.39 24.27 24.27 24.24 24.17 24.16 24.17 24.13 24.10 24.09 24.04 23.99 24.00 23.99 23.97 23.97 23.98 23.93 23.93 23.90 23.89 23.91 23.89 23.88 23.90 23.87 23.84 23.80 23.84 23.86 23.86 23.84 23.91 23.85 23.90 23.92 23.92 23.86 23.92 23.88 23.89 23.86 23.82 23.80
24.71 24.83 24.85 24.82 24.94 24.89 24.95 24.90 24.96 25.00 24.94 24.97 24.91 24.94 24.95 24.91 24.88 24.84 24.84 24.81 24.80 24.76 24.76 24.71 24.65 24.58 24.54 24.51 24.51 24.48 24.46 24.44 24.38 24.34 24.01 24.19 24.15 24.13 24.13 24.16 24.07 24.04 24.03 24.02 24.01 23.96 23.95 23.97 23.92 23.92 23.90 23.90 23.86 23.85 23.83 23.84 23.84 23.89 23.78 23.74 23.79 23.76 23.83 23.79 23.83 23.76 23.85 23.83 23.87 23.83 23.87 23.85 23.84 23.87 23.85 23.81 23.73
24.69 24.81 24.86 24.87 24.76 24.92 24.96 24.85 24.91 24.94 24.90 24.89 24.89 24.89 24.89 24.86 24.82 24.80 24.75 24.73 24.69 24.70 24.68 24.63 24.59 24.55 24.49 24.45 24.42 24.38 24.36 24.33 24.25 24.19 24.12 24.13 24.07 24.09 24.04 24.09 24.05 24.00 23.99 23.96 23.93 23.95 23.89 23.87 23.86 23.86 23.79 23.84 23.80 23.77 23.82 23.80 23.79 23.81 23.79 23.74 23.74 23.72 23.76 23.78 23.71 23.84 23.81 23.82 23.77 23.74 23.82 23.67 23.67 23.81 23.82 23.68 23.67
24.73 24.73 24.80 24.83 24.91 24.93 24.91 24.81 24.79 24.79 24.86 24.74 24.80 24.83 24.85 24.81 24.78 24.74 24.70 24.65 24.65 24.62 24.59 24.57 24.55 24.47 24.46 24.36 24.33 24.29 24.29 24.28 24.20 24.17 24.10 24.09 24.07 24.06 24.06 23.98 23.98 23.98 23.98 23.91 23.90 23.91 23.80 23.85 23.76 23.81 23.79 23.78 23.76 23.76 23.74 23.75 23.75 23.74 23.65 23.72 23.71 23.68 23.70 23.67 23.70 23.67 23.70 23.66 23.68 23.80 23.77 23.81 23.78 23.61 23.77 23.70 23.60
24.56 24.74 24.72 24.80 24.85 24.91 24.84 24.75 24.81 24.61 24.68 24.73 24.82 24.78 24.77 24.77 24.76 24.70 24.67 24.64 24.62 24.57 24.56 24.52 24.49 24.45 24.43 24.31 24.34 24.28 24.23 24.21 24.15 24.15 24.08 23.97 24.01 23.98 24.04 23.93 23.95 23.90 23.91 23.84 23.90 23.87 23.82 23.79 23.76 23.75 23.72 23.73 23.69 23.62 23.71 23.70 23.69 23.70 23.65 23.58 23.62 23.60 23.56 23.60 23.61 23.63 23.57 23.69 23.68 23.74 23.73 23.70 23.74 23.77 23.61 23.59 23.56
24.63 24.61 24.72 24.78 24.82 24.86 24.84 24.79 24.82 24.60 24.62 24.72 24.79 24.75 24.72 24.71 24.68 24.64 24.63 24.58 24.56 24.53 24.47 24.46 24.44 24.44 24.39 24.26 24.30 24.24 24.19 24.14 24.10 24.08 24.04 24.00 23.95 23.92 23.91 23.93 23.85 23.87 23.85 23.79 23.82 23.79 23.76 23.74 23.68 23.70 23.69 23.67 23.67 23.65 23.69 23.66 23.66 23.64 23.55 23.55 23.59 23.53 23.54 23.58 23.52 23.59 23.62 23.64 23.65 23.66 23.72 23.52 23.64 23.64 23.47 23.55 23.52
