main/data/temperature/11.06.2023.grid
ncols 886
nrows 691
xllcenter 112.0000
yllcenter -44.5000
cellsize 0.0500
nodata_value 99999.90
[rows 646 to 679 of 691, columns 616 to 692 of 886]
14.69 14.70 14.71 14.73 14.75 14.76 14.77 14.79 14.80 14.82 14.83 14.85 14.87 14.89 14.92 14.94 14.97 14.99 15.03 15.07 15.12 15.17 15.23 15.29 15.37 15.44 15.52 15.62 15.71 15.75 15.76 15.76 15.76 15.75 15.75 15.74 15.73 15.73 15.72 15.72 15.71 15.69 15.68 15.67 15.66 15.65 15.64 15.63 15.62 15.05 15.46 15.61 15.61 15.14 15.22 11.82 12.78 13.70 12.49 13.54 10.59 10.59 10.17 12.40 11.80 10.74 11.57 7.41 10.74 9.15 10.95 12.03 11.84 12.88 11.84 12.74 12.58
14.69 14.70 14.71 14.73 14.74 14.75 14.76 14.79 14.79 14.81 14.82 14.84 14.87 14.88 14.91 14.93 14.96 14.99 15.03 15.07 15.12 15.17 15.22 15.28 15.35 15.43 15.52 15.61 15.70 15.76 15.77 15.76 15.76 15.76 15.76 15.75 15.75 15.74 15.74 15.72 15.71 15.71 15.70 15.69 15.68 15.66 15.65 15.63 15.62 14.83 14.33 15.38 15.60 15.59 15.59 15.52 14.82 13.17 13.53 14.81 11.46 12.87 12.57 12.27 13.14 12.95 12.75 9.31 11.16 11.98 10.37 11.76 11.79 12.82 13.70 12.26 12.85
14.69 14.70 14.71 14.72 14.74 14.75 14.76 14.78 14.79 14.81 14.82 14.84 14.86 14.88 14.91 14.93 14.96 14.99 15.03 15.07 15.11 15.15 15.21 15.27 15.34 15.42 15.49 15.58 15.68 15.76 15.78 15.77 15.77 15.77 15.76 15.76 15.75 15.75 15.73 15.73 15.72 15.71 15.69 15.68 15.67 15.66 15.65 15.64 15.62 15.23 14.90 14.18 14.88 15.57 15.57 15.13 13.88 13.82 11.81 14.06 12.70 11.48 13.31 12.80 13.12 9.60 13.49 13.57 11.76 12.08 11.95 11.43 11.51 12.26 14.48 13.53 13.90
14.69 14.70 14.71 14.72 14.74 14.75 14.76 14.78 14.79 14.81 14.82 14.84 14.86 14.88 14.90 14.93 14.96 14.99 15.02 15.05 15.09 15.14 15.19 15.25 15.32 15.38 15.46 15.55 15.65 15.74 15.76 15.77 15.77 15.76 15.76 15.75 15.75 15.74 15.73 15.72 15.71 15.70 15.69 15.68 15.66 15.65 15.63 15.62 15.61 15.59 14.66 14.45 13.82 15.36 15.20 14.55 15.37 14.81 14.10 13.91 14.88 14.15 11.73 13.98 13.26 9.49 13.13 11.51 11.58 12.09 12.35 11.91 10.25 12.60 14.38 13.96 15.00
14.68 14.70 14.71 14.72 14.73 14.75 14.76 14.78 14.79 14.81 14.82 14.84 14.86 14.88 14.90 14.92 14.95 14.97 15.00 15.04 15.08 15.13 15.18 15.23 15.29 15.36 15.43 15.52 15.61 15.69 15.75 15.76 15.76 15.75 15.74 15.74 15.73 15.72 15.72 15.71 15.69 15.68 15.67 15.65 15.64 15.63 15.61 15.59 15.58 15.56 14.83 14.36 14.07 15.13 15.32 14.81 14.35 13.21 12.76 12.60 13.86 13.15 13.45 13.99 13.42 13.47 12.55 9.69 10.82 10.76 11.88 11.36 12.26 13.52 11.70 12.11 13.79
14.67 14.69 14.70 14.71 14.72 14.75 14.76 14.77 14.79 14.80 14.82 14.84 14.86 14.88 14.89 14.91 14.94 14.96 15.00 15.03 15.07 15.11 15.16 15.20 15.26 15.33 15.40 15.47 15.55 15.63 15.71 15.74 15.73 15.73 15.72 15.71 15.71 15.70 15.69 15.68 15.67 15.66 15.64 15.63 15.61 15.59 15.58 15.55 15.54 15.52 14.80 15.34 14.03 15.16 15.16 15.13 12.12 15.14 14.02 15.13 13.60 13.88 14.09 13.44 11.32 14.19 11.51 9.16 9.35 10.46 10.57 12.68 11.61 13.35 9.50 11.57 11.28
14.67 14.68 14.70 14.71 14.72 14.74 14.75 14.76 14.78 14.79 14.81 14.83 14.84 14.86 14.88 14.91 14.93 14.96 14.99 15.02 15.06 15.09 15.13 15.18 15.23 15.29 15.36 15.42 15.49 15.57 15.65 15.69 15.70 15.70 15.69 15.68 15.67 15.67 15.65 15.64 15.63 15.61 15.60 15.59 15.56 15.55 15.52 15.51 15.48 15.47 15.43 14.74 14.48 14.55 14.93 14.61 11.30 13.56 13.73 15.13 14.33 13.29 14.41 13.71 14.21 10.72 13.09 10.04 13.22 12.64 10.67 12.39 11.69 13.23 12.50 9.02 10.22
14.67 14.68 14.70 14.71 14.72 14.73 14.75 14.76 14.78 14.79 14.81 14.82 14.84 14.86 14.88 14.90 14.92 14.95 14.98 15.01 15.04 15.07 15.11 15.15 15.20 15.26 15.30 15.37 15.43 15.50 15.58 15.63 15.66 15.66 15.64 15.64 15.63 15.62 15.61 15.60 15.59 15.56 15.55 15.53 15.51 15.49 15.47 15.44 15.43 15.40 15.37 15.32 14.42 14.36 14.26 13.36 13.16 13.26 13.50 13.83 14.62 13.82 14.32 11.32 10.50 11.40 12.95 10.52 13.11 13.17 10.52 11.40 12.23 12.96 11.08 7.36 8.84
14.67 14.68 14.69 14.71 14.72 14.73 14.74 14.76 14.77 14.79 14.80 14.82 14.84 14.85 14.87 14.89 14.92 14.94 14.96 14.98 15.01 15.05 15.09 15.13 15.17 15.21 15.26 15.32 15.37 15.44 15.49 15.56 15.60 15.61 15.59 15.59 15.58 15.56 15.55 15.54 15.52 15.51 15.49 15.47 15.45 15.42 15.40 15.38 15.35 15.32 15.30 15.28 14.47 13.88 14.72 14.14 13.44 12.87 11.54 14.07 13.82 12.84 13.64 9.21 12.78 11.50 12.85 12.60 13.00 13.06 12.67 10.12 12.25 12.59 10.40 7.76 8.54
14.66 14.68 14.69 14.70 14.72 14.73 14.74 14.76 14.77 14.78 14.80 14.82 14.83 14.85 14.87 14.89 14.91 14.93 14.94 14.97 15.00 15.03 15.06 15.10 15.14 15.17 15.22 15.27 15.32 15.37 15.42 15.47 15.52 15.54 15.53 15.53 15.52 15.50 15.49 15.48 15.45 15.44 15.42 15.40 15.37 15.35 15.32 15.29 15.27 15.24 15.21 15.18 14.50 14.02 13.96 14.45 14.37 13.63 11.52 13.86 13.71 14.67 14.54 12.40 12.23 12.66 11.58 12.80 12.87 12.95 11.96 10.96 12.43 11.74 12.13 13.55 13.67
14.65 14.67 14.68 14.70 14.71 14.73 14.74 14.75 14.77 14.78 14.80 14.81 14.83 14.84 14.86 14.88 14.89 14.91 14.93 14.96 14.98 15.01 15.04 15.07 15.11 15.14 15.17 15.22 15.26 15.30 15.34 15.39 15.44 15.46 15.47 15.46 15.45 15.43 15.42 15.39 15.38 15.37 15.34 15.32 15.29 15.27 15.24 15.21 15.19 15.16 15.13 15.10 15.06 13.99 13.82 13.89 13.70 13.39 13.09 13.43 14.45 13.70 12.93 10.78 12.22 12.56 12.44 12.47 12.77 12.73 12.91 11.66 10.91 11.53 11.64 12.12 10.74
14.65 14.66 14.67 14.69 14.70 14.71 14.74 14.74 14.76 14.78 14.79 14.80 14.82 14.84 14.84 14.86 14.88 14.90 14.92 14.94 14.97 14.99 15.02 15.05 15.07 15.10 15.14 15.17 15.21 15.24 15.27 15.31 15.35 15.38 15.39 15.38 15.37 15.35 15.34 15.32 15.30 15.29 15.26 15.24 15.21 15.19 15.16 15.12 15.09 15.06 15.03 14.99 14.96 14.32 14.39 13.35 13.81 13.52 13.02 12.57 13.57 14.15 13.03 12.19 12.44 12.47 12.53 12.60 12.66 12.08 9.02 11.19 10.32 12.77 12.20 11.05 12.63
14.65 14.66 14.67 14.68 14.70 14.71 14.72 14.73 14.75 14.76 14.78 14.79 14.81 14.82 14.84 14.85 14.87 14.89 14.91 14.93 14.95 14.97 15.00 15.01 15.04 15.07 15.10 15.13 15.16 15.19 15.21 15.24 15.27 15.29 15.30 15.30 15.29 15.27 15.26 15.23 15.22 15.20 15.17 15.15 15.12 15.09 15.07 15.03 15.00 14.96 14.93 14.89 14.86 14.83 14.46 14.01 13.83 12.70 12.87 13.59 13.46 14.03 13.26 12.46 10.16 12.38 12.43 12.20 12.11 12.63 12.70 12.64 12.52 12.14 13.59 10.54 10.73
14.64 14.65 14.67 14.68 14.69 14.70 14.72 14.73 14.74 14.76 14.77 14.78 14.80 14.81 14.83 14.85 14.86 14.88 14.90 14.92 14.94 14.96 14.98 14.99 15.01 15.04 15.06 15.09 15.11 15.13 15.15 15.17 15.19 15.21 15.21 15.22 15.21 15.19 15.17 15.16 15.13 15.12 15.09 15.07 15.03 15.01 14.98 14.94 14.91 14.88 14.84 14.81 14.76 14.73 14.70 14.53 14.39 13.61 11.58 14.29 13.87 12.72 14.16 12.68 11.52 9.04 12.34 12.40 12.46 11.71 12.61 12.50 9.74 7.77 12.64 13.87 13.31
14.64 14.65 14.66 14.67 14.69 14.70 14.71 14.72 14.74 14.75 14.76 14.78 14.79 14.81 14.82 14.84 14.85 14.87 14.89 14.90 14.92 14.94 14.96 14.97 14.99 15.01 15.03 15.05 15.07 15.09 15.10 15.12 15.13 15.14 15.13 15.13 15.13 15.10 15.09 15.07 15.05 15.03 15.01 14.98 14.95 14.92 14.89 14.86 14.82 14.78 14.75 14.71 14.67 14.64 14.60 14.57 14.54 14.01 13.94 14.27 14.13 12.91 12.71 14.20 13.52 13.72 12.70 10.66 10.84 12.44 12.51 12.58 11.57 10.47 12.92 11.40 10.35
14.63 14.64 14.65 14.67 14.68 14.69 14.70 14.72 14.73 14.74 14.76 14.77 14.78 14.80 14.81 14.83 14.84 14.86 14.88 14.89 14.91 14.93 14.94 14.95 14.97 14.99 15.00 15.02 15.04 15.05 15.06 15.07 15.07 15.08 15.07 15.06 15.05 15.03 15.00 14.99 14.96 14.94 14.92 14.89 14.87 14.83 14.80 14.77 14.73 14.69 14.65 14.62 14.58 14.54 14.50 14.47 14.45 14.42 14.08 13.94 13.52 12.11 12.77 12.46 13.82 12.77 10.54 11.51 12.62 11.88 12.73 12.38 10.89 12.25 11.14 13.28 11.36
14.62 14.64 14.65 14.66 14.67 14.68 14.70 14.71 14.72 14.74 14.75 14.76 14.78 14.79 14.80 14.82 14.83 14.85 14.86 14.88 14.89 14.91 14.93 14.93 14.95 14.96 14.98 14.99 15.01 15.02 15.03 15.02 15.03 15.03 15.02 15.00 14.98 14.95 14.93 14.91 14.89 14.86 14.84 14.82 14.78 14.76 14.72 14.68 14.65 14.61 14.57 14.53 14.49 14.46 14.43 14.38 14.36 14.33 14.23 13.86 13.59 13.47 11.66 13.03 14.07 10.85 13.06 13.22 11.74 12.23 12.98 12.26 10.95 12.46 13.76 14.25 14.32
14.62 14.63 14.64 14.65 14.66 14.68 14.69 14.70 14.71 14.73 14.74 14.75 14.77 14.78 14.80 14.81 14.82 14.84 14.85 14.87 14.88 14.90 14.91 14.93 14.93 14.94 14.96 14.97 14.98 14.99 14.99 14.99 14.99 14.98 14.97 14.96 14.92 14.89 14.86 14.84 14.81 14.79 14.76 14.74 14.71 14.68 14.64 14.61 14.57 14.53 14.49 14.45 14.41 14.38 14.34 14.31 14.28 14.25 14.23 14.19 12.81 13.67 12.72 14.01 13.41 13.85 12.81 13.07 11.97 10.16 10.20 10.88 12.77 13.25 12.66 12.33 8.29
14.60 14.62 14.62 14.64 14.66 14.67 14.68 14.69 14.71 14.72 14.73 14.74 14.76 14.77 14.79 14.80 14.81 14.83 14.84 14.85 14.87 14.88 14.90 14.90 14.91 14.92 14.94 14.95 14.95 14.96 14.97 14.97 14.95 14.95 14.93 14.92 14.89 14.84 14.80 14.77 14.74 14.72 14.69 14.66 14.63 14.61 14.57 14.54 14.49 14.46 14.42 14.37 14.34 14.30 14.26 14.23 14.20 14.18 14.16 14.14 14.08 11.38 12.67 13.98 13.10 13.75 13.13 13.00 11.83 13.05 10.21 12.10 9.77 12.47 13.48 12.35 10.11
14.59 14.60 14.62 14.63 14.65 14.66 14.67 14.68 14.70 14.71 14.72 14.74 14.75 14.76 14.77 14.79 14.80 14.81 14.83 14.84 14.86 14.87 14.88 14.89 14.91 14.91 14.92 14.93 14.93 14.94 14.94 14.94 14.94 14.92 14.90 14.88 14.85 14.82 14.76 14.71 14.68 14.65 14.62 14.59 14.57 14.53 14.50 14.46 14.42 14.38 14.34 14.30 14.27 14.22 14.20 14.16 14.13 14.11 14.08 14.08 14.07 13.82 13.95 14.09 13.93 13.97 12.39 13.98 13.39 9.75 10.69 13.25 12.45 9.03 8.70 12.89 11.25
14.58 14.59 14.60 14.62 14.63 14.65 14.66 14.67 14.69 14.70 14.71 14.72 14.74 14.75 14.76 14.78 14.79 14.80 14.82 14.83 14.84 14.85 14.87 14.88 14.89 14.90 14.90 14.91 14.91 14.92 14.92 14.92 14.91 14.91 14.88 14.86 14.83 14.79 14.74 14.69 14.62 14.58 14.56 14.53 14.49 14.46 14.43 14.39 14.35 14.31 14.27 14.24 14.19 14.16 14.12 14.09 14.06 14.04 14.03 14.01 14.01 14.01 14.02 14.04 13.57 13.90 11.67 14.16 13.69 13.52 11.99 12.99 11.04 11.95 9.03 10.96 7.63
14.57 14.58 14.59 14.61 14.62 14.64 14.65 14.66 14.68 14.69 14.70 14.71 14.73 14.74 14.75 14.76 14.78 14.79 14.80 14.82 14.83 14.84 14.85 14.86 14.88 14.89 14.89 14.90 14.91 14.90 14.90 14.90 14.90 14.89 14.87 14.85 14.82 14.77 14.73 14.67 14.60 14.54 14.49 14.46 14.43 14.40 14.36 14.32 14.29 14.24 14.21 14.17 14.13 14.09 14.06 14.03 14.00 13.98 13.97 13.96 13.95 13.96 13.97 13.98 13.70 13.95 14.08 14.13 14.18 13.05 12.26 13.87 11.79 13.54 11.41 13.67 11.24
14.56 14.57 14.58 14.59 14.61 14.62 14.64 14.65 14.66 14.68 14.69 14.70 14.71 14.73 14.74 14.75 14.76 14.78 14.79 14.80 14.81 14.83 14.84 14.85 14.86 14.87 14.88 14.89 14.89 14.90 14.89 14.89 14.88 14.87 14.86 14.84 14.81 14.77 14.73 14.67 14.59 14.52 14.44 14.40 14.37 14.33 14.29 14.26 14.22 14.18 14.14 14.10 14.07 14.03 14.00 13.97 13.94 13.92 13.91 13.90 13.90 13.91 13.92 13.94 13.67 11.90 12.93 13.89 12.63 12.56 12.41 13.23 13.33 11.89 12.97 13.92 12.71
14.55 14.56 14.57 14.58 14.59 14.62 14.63 14.64 14.65 14.66 14.68 14.69 14.70 14.71 14.73 14.74 14.75 14.76 14.78 14.79 14.80 14.81 14.82 14.83 14.85 14.86 14.86 14.87 14.88 14.88 14.88 14.88 14.88 14.87 14.86 14.83 14.80 14.77 14.72 14.67 14.60 14.53 14.44 14.36 14.30 14.26 14.23 14.19 14.16 14.12 14.08 14.04 14.00 13.97 13.94 13.91 13.89 13.88 13.86 13.85 13.85 13.86 13.88 13.89 13.92 13.30 11.48 13.60 11.32 11.47 13.41 13.23 9.62 10.87 12.05 14.18 8.68
14.54 14.55 14.56 14.57 14.58 14.59 14.61 14.63 14.64 14.65 14.66 14.67 14.69 14.70 14.71 14.72 14.74 14.75 14.76 14.77 14.79 14.80 14.81 14.82 14.83 14.84 14.85 14.86 14.86 14.87 14.87 14.87 14.87 14.86 14.85 14.83 14.80 14.77 14.73 14.68 14.62 14.53 14.45 14.35 14.26 14.20 14.17 14.13 14.09 14.06 14.02 13.98 13.95 13.92 13.89 13.86 13.84 13.83 13.81 13.80 13.81 13.82 13.84 13.85 13.88 11.09 13.28 13.96 11.96 14.11 12.90 14.07 13.86 10.81 10.26 14.34 13.95
14.52 14.53 14.54 14.56 14.57 14.58 14.60 14.61 14.62 14.64 14.65 14.66 14.67 14.68 14.70 14.71 14.72 14.73 14.75 14.76 14.77 14.78 14.79 14.80 14.81 14.82 14.83 14.84 14.85 14.85 14.86 14.86 14.85 14.85 14.84 14.82 14.80 14.77 14.73 14.69 14.63 14.56 14.47 14.37 14.26 14.16 14.10 14.06 14.03 13.99 13.95 13.92 13.89 13.85 13.83 13.81 13.79 13.78 13.77 13.77 13.77 13.78 13.79 13.82 13.85 13.33 12.37 13.97 14.02 14.07 14.13 14.18 14.22 14.28 14.34 14.39 14.45
14.51 14.52 14.53 14.54 14.55 14.56 14.57 14.60 14.61 14.62 14.63 14.64 14.66 14.67 14.68 14.69 14.70 14.72 14.73 14.74 14.75 14.77 14.79 14.79 14.80 14.82 14.83 14.84 14.84 14.85 14.85 14.85 14.85 14.85 14.84 14.82 14.80 14.78 14.74 14.70 14.65 14.58 14.50 14.41 14.30 14.18 14.06 14.00 13.96 13.93 13.89 13.86 13.83 13.80 13.78 13.76 13.74 13.74 13.72 13.73 13.73 13.75 13.76 13.78 13.82 13.85 13.89 13.94 13.99 14.04 14.08 12.23 14.18 14.23 14.28 14.33 14.39
14.49 14.50 14.51 14.53 14.54 14.55 14.57 14.58 14.59 14.60 14.62 14.63 14.64 14.65 14.66 14.68 14.69 14.70 14.71 14.72 14.74 14.76 14.77 14.78 14.79 14.80 14.81 14.82 14.83 14.83 14.84 14.84 14.84 14.84 14.83 14.82 14.80 14.78 14.75 14.71 14.66 14.60 14.53 14.45 14.34 14.23 14.09 13.97 13.90 13.86 13.84 13.80 13.77 13.75 13.73 13.71 13.70 13.68 13.68 13.69 13.70 13.71 13.73 13.76 13.78 13.83 13.86 13.91 13.96 14.00 14.05 14.09 14.14 14.18 14.24 14.28 14.34
14.48 14.49 14.50 14.51 14.52 14.53 14.54 14.56 14.58 14.59 14.60 14.61 14.62 14.63 14.65 14.66 14.67 14.69 14.70 14.72 14.73 14.74 14.75 14.76 14.77 14.79 14.80 14.80 14.81 14.82 14.82 14.83 14.83 14.83 14.83 14.82 14.81 14.78 14.76 14.72 14.68 14.62 14.56 14.48 14.38 14.28 14.16 14.01 13.88 13.81 13.78 13.74 13.72 13.70 13.68 13.67 13.66 13.65 13.65 13.65 13.66 13.68 13.70 13.73 13.75 13.79 13.84 13.88 13.92 13.96 14.01 14.06 14.09 14.14 14.18 14.24 14.28
14.46 14.47 14.48 14.49 14.50 14.51 14.54 14.55 14.56 14.57 14.58 14.59 14.60 14.62 14.63 14.64 14.65 14.67 14.69 14.70 14.71 14.72 14.73 14.75 14.76 14.77 14.78 14.79 14.80 14.80 14.82 14.82 14.82 14.82 14.82 14.81 14.80 14.78 14.76 14.73 14.70 14.65 14.59 14.52 14.43 14.33 14.22 14.09 13.94 13.80 13.73 13.69 13.67 13.65 13.63 13.62 13.61 13.61 13.62 13.62 13.63 13.65 13.66 13.70 13.72 13.76 13.80 13.84 13.88 13.93 13.97 14.02 14.05 14.10 14.14 14.19 14.23
14.44 14.45 14.46 14.47 14.49 14.50 14.51 14.53 14.54 14.55 14.56 14.57 14.59 14.60 14.61 14.62 14.64 14.66 14.67 14.68 14.69 14.70 14.71 14.73 14.74 14.75 14.77 14.78 14.79 14.80 14.80 14.81 14.81 14.81 14.81 14.80 14.79 14.79 14.77 14.74 14.71 14.66 14.62 14.55 14.48 14.38 14.28 14.17 14.03 13.88 13.74 13.65 13.62 13.59 13.59 13.58 13.58 13.57 13.58 13.58 13.61 13.62 13.64 13.66 13.70 13.73 13.77 13.81 13.84 13.89 13.93 13.97 14.01 14.05 14.10 14.14 14.19
14.43 14.44 14.45 14.46 14.47 14.49 14.50 14.51 14.52 14.53 14.54 14.55 14.57 14.58 14.59 14.61 14.62 14.64 14.65 14.66 14.67 14.68 14.69 14.71 14.72 14.74 14.75 14.76 14.77 14.78 14.78 14.79 14.79 14.81 14.81 14.80 14.79 14.78 14.77 14.75 14.72 14.68 14.64 14.58 14.52 14.44 14.34 14.24 14.12 13.97 13.83 13.68 13.59 13.56 13.54 13.54 13.54 13.54 13.55 13.56 13.57 13.59 13.62 13.64 13.66 13.70 13.74 13.77 13.81 13.85 13.89 13.93 13.97 14.01 14.05 14.09 14.14
14.41 14.42 14.43 14.44 14.45 14.46 14.48 14.49 14.50 14.51 14.52 14.53 14.55 14.56 14.58 14.59 14.60 14.61 14.63 14.64 14.65 14.66 14.68 14.70 14.71 14.72 14.73 14.74 14.75 14.76 14.78 14.78 14.79 14.79 14.79 14.79 14.79 14.79 14.77 14.75 14.73 14.70 14.66 14.61 14.55 14.49 14.40 14.30 14.20 14.07 13.94 13.79 13.64 13.54 13.50 13.50 13.50 13.51 13.51 13.53 13.54 13.56 13.59 13.61 13.64 13.67 13.71 13.74 13.78 13.82 13.85 13.88 13.93 13.97 14.00 14.05 14.10
14.39 14.40 14.41 14.42 14.43 14.45 14.46 14.47 14.48 14.49 14.50 14.51 14.52 14.54 14.56 14.57 14.58 14.59 14.61 14.62 14.63 14.65 14.66 14.67 14.69 14.70 14.71 14.72 14.74 14.75 14.76 14.76 14.77 14.77 14.79 14.79 14.78 14.78 14.77 14.76 14.74 14.71 14.68 14.64 14.59 14.53 14.46 14.37 14.28 14.17 14.05 13.91 13.77 13.63 13.51 13.47 13.46 13.47 13.48 13.50 13.51 13.54 13.56 13.58 13.61 13.64 13.68 13.71 13.74 13.77 13.82 13.85 13.88 13.92 13.96 14.01 14.05
