main/data/temperature/13.08.2023.grid
ncols 886
nrows 691
xllcenter 112.0000
yllcenter -44.5000
cellsize 0.0500
nodata_value 99999.90
[rows 612 to 645 of 691, columns 154 to 230 of 886]
12.81 12.81 12.81 12.81 12.81 12.81 12.81 12.81 12.81 12.81 12.81 12.81 12.81 12.81 12.81 12.82 12.81 12.81 12.82 12.82 12.81 12.81 12.82 12.82 12.82 12.81 12.81 12.82 12.82 12.82 12.82 12.82 12.82 12.82 12.82 12.83 12.83 12.82 12.82 12.83 12.83 12.83 12.83 12.83 12.84 12.83 12.83 12.83 12.83 12.84 12.84 12.84 12.84 12.84 12.85 12.85 12.85 12.84 12.84 12.84 12.85 12.85 12.85 12.85 12.85 12.85 12.85 12.86 12.86 12.86 12.86 12.86 12.86 12.86 12.86 12.87 12.87
12.77 12.77 12.77 12.77 12.77 12.77 12.77 12.78 12.78 12.77 12.77 12.78 12.78 12.77 12.77 12.78 12.78 12.78 12.77 12.78 12.78 12.78 12.78 12.78 12.78 12.78 12.78 12.79 12.79 12.78 12.78 12.79 12.79 12.79 12.79 12.79 12.79 12.79 12.79 12.79 12.79 12.80 12.80 12.80 12.79 12.79 12.80 12.80 12.80 12.80 12.80 12.81 12.81 12.81 12.81 12.81 12.80 12.81 12.81 12.81 12.81 12.81 12.81 12.82 12.82 12.82 12.82 12.82 12.82 12.82 12.83 12.83 12.83 12.83 12.83 12.83 12.83
12.74 12.73 12.73 12.73 12.73 12.74 12.73 12.73 12.74 12.74 12.74 12.73 12.74 12.74 12.74 12.74 12.74 12.74 12.74 12.74 12.75 12.74 12.74 12.74 12.75 12.75 12.75 12.74 12.74 12.75 12.75 12.75 12.75 12.76 12.76 12.75 12.75 12.76 12.76 12.76 12.76 12.76 12.77 12.76 12.76 12.76 12.76 12.77 12.77 12.77 12.77 12.77 12.78 12.78 12.78 12.78 12.77 12.77 12.78 12.78 12.78 12.78 12.78 12.78 12.78 12.79 12.79 12.79 12.79 12.79 12.79 12.79 12.79 12.80 12.80 12.80 12.80
12.69 12.70 12.70 12.69 12.69 12.70 12.70 12.70 12.69 12.70 12.70 12.70 12.70 12.70 12.70 12.70 12.70 12.71 12.71 12.70 12.70 12.71 12.71 12.71 12.71 12.72 12.71 12.71 12.71 12.71 12.72 12.72 12.72 12.71 12.72 12.72 12.72 12.72 12.72 12.73 12.73 12.73 12.72 12.72 12.73 12.73 12.73 12.73 12.74 12.74 12.74 12.74 12.74 12.74 12.75 12.75 12.74 12.74 12.74 12.74 12.74 12.75 12.75 12.75 12.75 12.75 12.75 12.76 12.76 12.76 12.76 12.76 12.76 12.76 12.76 12.77 12.77
12.65 12.65 12.66 12.66 12.66 12.66 12.66 12.66 12.66 12.66 12.67 12.66 12.66 12.66 12.67 12.67 12.67 12.66 12.67 12.67 12.67 12.67 12.68 12.68 12.67 12.67 12.68 12.68 12.68 12.68 12.68 12.68 12.68 12.68 12.68 12.69 12.69 12.69 12.69 12.69 12.70 12.69 12.69 12.69 12.69 12.70 12.70 12.70 12.70 12.70 12.71 12.71 12.71 12.71 12.71 12.70 12.71 12.71 12.71 12.71 12.71 12.71 12.71 12.72 12.72 12.72 12.72 12.72 12.72 12.72 12.73 12.73 12.73 12.73 12.73 12.73 12.73
12.62 12.62 12.62 12.62 12.62 12.62 12.62 12.63 12.62 12.62 12.62 12.63 12.63 12.63 12.63 12.63 12.63 12.63 12.63 12.64 12.64 12.64 12.63 12.64 12.64 12.64 12.64 12.65 12.65 12.65 12.64 12.64 12.65 12.65 12.65 12.65 12.66 12.66 12.66 12.66 12.65 12.66 12.66 12.66 12.66 12.66 12.67 12.67 12.67 12.67 12.67 12.68 12.68 12.68 12.68 12.67 12.67 12.68 12.68 12.68 12.68 12.68 12.68 12.68 12.69 12.69 12.69 12.69 12.69 12.69 12.69 12.69 12.70 12.70 12.70 12.70 12.70
12.58 12.58 12.58 12.59 12.59 12.58 12.58 12.59 12.59 12.59 12.59 12.60 12.59 12.59 12.59 12.60 12.60 12.60 12.60 12.61 12.60 12.60 12.60 12.61 12.61 12.61 12.61 12.61 12.61 12.61 12.61 12.61 12.62 12.62 12.62 12.62 12.62 12.62 12.62 12.62 12.62 12.62 12.62 12.63 12.63 12.63 12.63 12.63 12.64 12.64 12.64 12.64 12.64 12.64 12.64 12.64 12.64 12.64 12.64 12.64 12.65 12.65 12.65 12.65 12.65 12.65 12.65 12.66 12.66 12.66 12.66 12.66 12.66 12.66 12.66 12.66 12.67
12.55 12.55 12.54 12.54 12.55 12.55 12.55 12.55 12.56 12.55 12.55 12.55 12.56 12.56 12.56 12.56 12.57 12.56 12.56 12.56 12.57 12.57 12.57 12.57 12.57 12.58 12.57 12.57 12.57 12.58 12.58 12.58 12.58 12.59 12.59 12.59 12.59 12.58 12.59 12.59 12.59 12.59 12.59 12.60 12.60 12.60 12.60 12.60 12.60 12.61 12.61 12.61 12.61 12.60 12.60 12.61 12.61 12.61 12.61 12.61 12.61 12.62 12.62 12.62 12.62 12.62 12.62 12.62 12.62 12.63 12.63 12.63 12.63 12.63 12.63 12.63 12.63
12.51 12.51 12.51 12.51 12.52 12.52 12.52 12.51 12.52 12.52 12.52 12.52 12.53 12.53 12.53 12.52 12.53 12.53 12.53 12.53 12.53 12.54 12.54 12.54 12.53 12.54 12.54 12.54 12.54 12.54 12.55 12.55 12.55 12.55 12.55 12.56 12.55 12.55 12.55 12.55 12.56 12.56 12.56 12.56 12.56 12.57 12.57 12.57 12.57 12.57 12.57 12.58 12.58 12.57 12.57 12.57 12.57 12.58 12.58 12.58 12.58 12.58 12.58 12.59 12.59 12.59 12.59 12.59 12.59 12.59 12.59 12.60 12.60 12.60 12.60 12.60 12.60
12.47 12.48 12.48 12.47 12.47 12.48 12.48 12.48 12.48 12.49 12.49 12.49 12.48 12.49 12.49 12.49 12.49 12.49 12.50 12.50 12.50 12.50 12.50 12.50 12.50 12.50 12.51 12.51 12.51 12.51 12.51 12.52 12.52 12.52 12.51 12.51 12.52 12.52 12.52 12.52 12.52 12.53 12.53 12.53 12.53 12.53 12.54 12.54 12.54 12.54 12.54 12.54 12.54 12.54 12.54 12.54 12.54 12.54 12.54 12.55 12.55 12.55 12.55 12.55 12.55 12.55 12.56 12.56 12.56 12.56 12.56 12.56 12.56 12.56 12.56 12.57 12.57
12.43 12.44 12.44 12.44 12.44 12.45 12.45 12.45 12.45 12.45 12.45 12.45 12.45 12.45 12.46 12.46 12.46 12.46 12.47 12.47 12.46 12.46 12.46 12.47 12.47 12.47 12.47 12.48 12.48 12.48 12.48 12.48 12.48 12.48 12.48 12.48 12.48 12.49 12.49 12.49 12.49 12.49 12.50 12.50 12.50 12.50 12.50 12.51 12.51 12.51 12.51 12.50 12.50 12.51 12.51 12.51 12.51 12.51 12.51 12.51 12.52 12.52 12.52 12.52 12.52 12.52 12.52 12.53 12.53 12.53 12.53 12.53 12.53 12.53 12.53 12.53 12.53
12.40 12.40 12.41 12.41 12.41 12.41 12.41 12.41 12.41 12.41 12.42 12.42 12.42 12.42 12.43 12.43 12.43 12.42 12.42 12.43 12.43 12.43 12.43 12.44 12.44 12.44 12.44 12.44 12.45 12.45 12.44 12.44 12.44 12.45 12.45 12.45 12.45 12.45 12.46 12.46 12.46 12.46 12.46 12.47 12.47 12.47 12.47 12.47 12.47 12.48 12.47 12.47 12.47 12.47 12.47 12.48 12.48 12.48 12.48 12.48 12.48 12.48 12.49 12.49 12.49 12.49 12.49 12.49 12.49 12.49 12.50 12.50 12.50 12.50 12.50 12.50 12.50
12.37 12.37 12.38 12.37 12.37 12.37 12.38 12.38 12.38 12.38 12.38 12.39 12.39 12.39 12.39 12.39 12.39 12.39 12.39 12.39 12.40 12.40 12.40 12.40 12.41 12.41 12.41 12.41 12.40 12.41 12.41 12.41 12.41 12.41 12.42 12.42 12.42 12.42 12.42 12.43 12.43 12.43 12.43 12.43 12.44 12.44 12.44 12.44 12.44 12.43 12.44 12.44 12.44 12.44 12.44 12.44 12.45 12.45 12.45 12.45 12.45 12.45 12.45 12.46 12.46 12.46 12.46 12.46 12.46 12.46 12.46 12.46 12.46 12.47 12.47 12.47 12.47
12.33 12.33 12.33 12.34 12.34 12.34 12.34 12.35 12.35 12.35 12.35 12.36 12.35 12.35 12.35 12.35 12.36 12.36 12.36 12.36 12.37 12.37 12.37 12.37 12.37 12.38 12.37 12.37 12.37 12.37 12.38 12.38 12.38 12.38 12.38 12.39 12.39 12.39 12.39 12.39 12.40 12.40 12.40 12.40 12.40 12.41 12.41 12.41 12.40 12.40 12.40 12.40 12.41 12.41 12.41 12.41 12.41 12.41 12.41 12.42 12.42 12.42 12.42 12.42 12.42 12.43 12.43 12.43 12.43 12.43 12.43 12.43 12.43 12.43 12.43 12.44 12.44
12.30 12.30 12.30 12.30 12.31 12.31 12.31 12.31 12.32 12.31 12.31 12.31 12.32 12.32 12.32 12.32 12.33 12.33 12.33 12.33 12.33 12.34 12.34 12.34 12.33 12.33 12.34 12.34 12.34 12.34 12.34 12.35 12.35 12.35 12.35 12.35 12.36 12.36 12.36 12.36 12.36 12.37 12.37 12.37 12.37 12.37 12.36 12.37 12.37 12.37 12.37 12.37 12.37 12.38 12.38 12.38 12.38 12.38 12.38 12.38 12.39 12.39 12.39 12.39 12.39 12.39 12.39 12.39 12.40 12.40 12.40 12.40 12.40 12.40 12.40 12.40 12.40
12.27 12.27 12.27 12.27 12.28 12.28 12.27 12.27 12.28 12.28 12.28 12.28 12.29 12.29 12.29 12.29 12.29 12.30 12.30 12.30 12.30 12.30 12.30 12.30 12.30 12.30 12.30 12.31 12.31 12.31 12.31 12.32 12.32 12.32 12.32 12.32 12.32 12.33 12.33 12.33 12.33 12.33 12.34 12.34 12.34 12.33 12.33 12.33 12.34 12.34 12.34 12.34 12.34 12.34 12.35 12.35 12.35 12.35 12.35 12.35 12.35 12.36 12.36 12.36 12.36 12.36 12.36 12.36 12.36 12.36 12.37 12.37 12.37 12.37 12.37 12.37 12.37
12.24 12.24 12.24 12.23 12.24 12.24 12.24 12.24 12.24 12.25 12.25 12.25 12.25 12.26 12.26 12.26 12.26 12.26 12.27 12.27 12.26 12.26 12.27 12.27 12.27 12.27 12.27 12.28 12.28 12.28 12.28 12.28 12.29 12.29 12.29 12.29 12.29 12.29 12.30 12.30 12.30 12.30 12.30 12.30 12.30 12.30 12.30 12.30 12.30 12.30 12.31 12.31 12.31 12.31 12.31 12.31 12.32 12.32 12.32 12.32 12.32 12.32 12.32 12.32 12.33 12.33 12.33 12.33 12.33 12.33 12.33 12.33 12.34 12.34 12.34 12.34 12.34
12.20 12.20 12.20 12.20 12.20 12.21 12.21 12.21 12.21 12.21 12.22 12.22 12.22 12.22 12.23 12.23 12.23 12.22 12.22 12.23 12.23 12.23 12.23 12.24 12.24 12.24 12.24 12.24 12.24 12.25 12.25 12.25 12.25 12.26 12.26 12.26 12.26 12.26 12.26 12.27 12.27 12.27 12.26 12.26 12.27 12.27 12.27 12.27 12.27 12.27 12.28 12.28 12.28 12.28 12.28 12.28 12.28 12.29 12.29 12.29 12.29 12.29 12.29 12.29 12.29 12.29 12.30 12.30 12.30 12.30 12.30 12.30 12.30 12.30 12.30 12.31 12.31
12.16 12.17 12.17 12.17 12.17 12.18 12.18 12.18 12.18 12.18 12.19 12.19 12.19 12.19 12.19 12.19 12.19 12.19 12.19 12.20 12.20 12.20 12.20 12.20 12.21 12.21 12.21 12.21 12.21 12.22 12.22 12.22 12.22 12.22 12.22 12.23 12.23 12.23 12.23 12.23 12.24 12.23 12.23 12.23 12.23 12.23 12.24 12.24 12.24 12.24 12.24 12.24 12.25 12.25 12.25 12.25 12.25 12.25 12.25 12.26 12.26 12.26 12.26 12.26 12.26 12.26 12.26 12.27 12.27 12.27 12.27 12.27 12.27 12.27 12.27 12.27 12.27
12.13 12.14 12.14 12.14 12.14 12.14 12.15 12.15 12.15 12.15 12.16 12.15 12.15 12.15 12.15 12.16 12.16 12.16 12.16 12.16 12.17 12.17 12.17 12.17 12.17 12.18 12.18 12.18 12.18 12.18 12.19 12.19 12.19 12.19 12.19 12.20 12.20 12.20 12.20 12.19 12.19 12.20 12.20 12.20 12.20 12.20 12.20 12.21 12.21 12.21 12.21 12.21 12.21 12.21 12.22 12.22 12.22 12.22 12.22 12.22 12.22 12.23 12.23 12.23 12.23 12.23 12.23 12.23 12.23 12.23 12.24 12.24 12.24 12.24 12.24 12.24 12.24
12.10 12.11 12.11 12.11 12.11 12.11 12.12 12.12 12.11 12.11 12.11 12.12 12.12 12.12 12.12 12.12 12.13 12.13 12.13 12.13 12.13 12.14 12.14 12.14 12.14 12.14 12.15 12.15 12.15 12.15 12.16 12.16 12.16 12.16 12.16 12.16 12.17 12.16 12.16 12.16 12.16 12.16 12.17 12.17 12.17 12.17 12.17 12.17 12.18 12.18 12.18 12.18 12.18 12.18 12.19 12.19 12.19 12.19 12.19 12.19 12.19 12.19 12.20 12.20 12.20 12.20 12.20 12.20 12.20 12.20 12.20 12.21 12.21 12.21 12.21 12.21 12.21
12.07 12.07 12.08 12.08 12.08 12.07 12.07 12.08 12.08 12.08 12.08 12.09 12.09 12.09 12.09 12.09 12.10 12.10 12.10 12.10 12.10 12.11 12.11 12.11 12.11 12.11 12.12 12.12 12.12 12.12 12.12 12.12 12.13 12.13 12.13 12.13 12.12 12.13 12.13 12.13 12.13 12.13 12.13 12.14 12.14 12.14 12.14 12.14 12.14 12.14 12.15 12.15 12.15 12.15 12.15 12.15 12.15 12.16 12.16 12.16 12.16 12.16 12.16 12.16 12.17 12.17 12.17 12.17 12.17 12.17 12.17 12.17 12.17 12.18 12.18 12.18 12.18
12.04 12.03 12.04 12.04 12.04 12.04 12.04 12.05 12.05 12.05 12.05 12.05 12.06 12.06 12.06 12.06 12.06 12.07 12.07 12.07 12.07 12.07 12.08 12.08 12.08 12.08 12.08 12.09 12.09 12.09 12.09 12.09 12.10 12.10 12.09 12.09 12.09 12.09 12.10 12.10 12.10 12.10 12.10 12.10 12.11 12.11 12.11 12.11 12.11 12.11 12.12 12.12 12.12 12.12 12.12 12.12 12.12 12.12 12.13 12.13 12.13 12.13 12.13 12.13 12.13 12.13 12.14 12.14 12.14 12.14 12.14 12.14 12.14 12.14 12.14 12.14 12.14
12.00 12.00 12.00 12.01 12.01 12.01 12.01 12.02 12.02 12.02 12.02 12.02 12.03 12.03 12.03 12.03 12.03 12.04 12.04 12.04 12.04 12.04 12.04 12.05 12.05 12.05 12.05 12.05 12.06 12.06 12.06 12.06 12.05 12.06 12.06 12.06 12.06 12.06 12.06 12.07 12.07 12.07 12.07 12.07 12.07 12.08 12.08 12.08 12.08 12.08 12.08 12.09 12.09 12.09 12.09 12.09 12.09 12.09 12.09 12.10 12.10 12.10 12.10 12.10 12.10 12.10 12.10 12.11 12.11 12.11 12.11 12.11 12.11 12.11 12.11 12.11 12.11
11.97 11.97 11.97 11.98 11.98 11.98 11.98 11.98 11.99 11.99 11.99 11.99 11.99 12.00 12.00 12.00 12.00 12.00 12.01 12.01 12.01 12.01 12.01 12.02 12.02 12.02 12.02 12.02 12.03 12.02 12.02 12.02 12.02 12.02 12.03 12.03 12.03 12.03 12.03 12.04 12.04 12.04 12.04 12.04 12.04 12.04 12.05 12.05 12.05 12.05 12.05 12.05 12.05 12.06 12.06 12.06 12.06 12.06 12.06 12.06 12.06 12.07 12.07 12.07 12.07 12.07 12.07 12.07 12.07 12.07 12.08 12.08 12.08 12.08 12.08 12.08 12.08
11.94 11.94 11.94 11.95 11.95 11.95 11.95 11.95 11.96 11.96 11.96 11.96 11.96 11.96 11.97 11.97 11.97 11.97 11.97 11.98 11.98 11.98 11.98 11.99 11.99 11.99 11.99 11.98 11.98 11.99 11.99 11.99 11.99 11.99 11.99 12.00 12.00 12.00 12.00 12.00 12.01 12.01 12.01 12.01 12.01 12.01 12.01 12.02 12.02 12.02 12.02 12.02 12.02 12.02 12.03 12.03 12.03 12.03 12.03 12.03 12.03 12.04 12.04 12.04 12.04 12.04 12.04 12.04 12.04 12.04 12.04 12.04 12.05 12.05 12.05 12.05 12.05
11.91 11.91 11.91 11.91 11.92 11.92 11.92 11.92 11.92 11.93 11.93 11.93 11.93 11.93 11.94 11.94 11.94 11.94 11.94 11.95 11.95 11.95 11.95 11.95 11.96 11.95 11.95 11.95 11.95 11.96 11.96 11.96 11.96 11.96 11.96 11.96 11.97 11.97 11.97 11.97 11.97 11.97 11.98 11.98 11.98 11.98 11.98 11.98 11.99 11.99 11.99 11.99 11.99 11.99 11.99 11.99 12.00 12.00 12.00 12.00 12.00 12.00 12.00 12.01 12.01 12.01 12.01 12.01 12.01 12.01 12.01 12.01 12.01 12.02 12.02 12.02 12.02
11.88 11.88 11.88 11.88 11.88 11.89 11.89 11.89 11.89 11.90 11.90 11.90 11.90 11.90 11.91 11.91 11.91 11.91 11.91 11.91 11.92 11.92 11.91 11.91 11.91 11.92 11.92 11.92 11.92 11.92 11.93 11.93 11.93 11.93 11.93 11.93 11.94 11.94 11.94 11.94 11.94 11.94 11.95 11.95 11.95 11.95 11.95 11.95 11.95 11.96 11.96 11.96 11.96 11.96 11.96 11.96 11.96 11.97 11.97 11.97 11.97 11.97 11.97 11.97 11.97 11.98 11.98 11.98 11.98 11.98 11.98 11.98 11.98 11.98 11.98 11.98 11.99
11.85 11.85 11.85 11.85 11.86 11.86 11.86 11.86 11.86 11.87 11.87 11.87 11.87 11.87 11.88 11.88 11.88 11.88 11.88 11.87 11.88 11.88 11.88 11.88 11.88 11.88 11.89 11.89 11.89 11.89 11.89 11.90 11.90 11.90 11.90 11.90 11.90 11.91 11.91 11.91 11.91 11.91 11.91 11.91 11.92 11.92 11.92 11.92 11.92 11.92 11.93 11.93 11.93 11.93 11.93 11.93 11.93 11.94 11.94 11.94 11.94 11.94 11.94 11.94 11.94 11.94 11.95 11.95 11.95 11.95 11.95 11.95 11.95 11.95 11.95 11.95 11.95
11.82 11.82 11.82 11.82 11.82 11.83 11.83 11.83 11.83 11.83 11.84 11.84 11.84 11.84 11.84 11.85 11.84 11.84 11.84 11.84 11.85 11.85 11.85 11.85 11.85 11.85 11.86 11.86 11.86 11.86 11.86 11.87 11.87 11.87 11.87 11.87 11.87 11.88 11.88 11.88 11.88 11.88 11.88 11.88 11.89 11.89 11.89 11.89 11.89 11.89 11.89 11.90 11.90 11.90 11.90 11.90 11.90 11.90 11.90 11.91 11.91 11.91 11.91 11.91 11.91 11.91 11.91 11.91 11.92 11.92 11.92 11.92 11.92 11.92 11.92 11.92 11.92
11.79 11.79 11.79 11.79 11.79 11.80 11.80 11.80 11.80 11.80 11.80 11.81 11.81 11.80 11.80 11.80 11.81 11.81 11.81 11.81 11.81 11.82 11.82 11.82 11.82 11.82 11.82 11.83 11.83 11.83 11.83 11.83 11.84 11.84 11.84 11.84 11.84 11.84 11.85 11.85 11.85 11.85 11.85 11.85 11.85 11.86 11.86 11.86 11.86 11.86 11.86 11.86 11.87 11.87 11.87 11.87 11.87 11.87 11.87 11.87 11.88 11.88 11.88 11.88 11.88 11.88 11.88 11.88 11.88 11.88 11.89 11.89 11.89 11.89 11.89 11.89 11.89
11.76 11.76 11.76 11.76 11.76 11.77 11.77 11.77 11.77 11.76 11.77 11.77 11.77 11.77 11.77 11.77 11.78 11.78 11.78 11.78 11.78 11.79 11.79 11.79 11.79 11.79 11.79 11.80 11.80 11.80 11.80 11.80 11.80 11.81 11.81 11.81 11.81 11.81 11.81 11.82 11.82 11.82 11.82 11.82 11.82 11.82 11.83 11.83 11.83 11.83 11.83 11.83 11.83 11.84 11.84 11.84 11.84 11.84 11.84 11.84 11.84 11.85 11.85 11.85 11.85 11.85 11.85 11.85 11.85 11.85 11.85 11.86 11.86 11.86 11.86 11.86 11.86
11.72 11.73 11.73 11.73 11.73 11.73 11.73 11.73 11.73 11.73 11.73 11.74 11.74 11.74 11.74 11.74 11.74 11.75 11.75 11.75 11.75 11.75 11.76 11.76 11.76 11.76 11.76 11.77 11.77 11.77 11.77 11.77 11.77 11.78 11.78 11.78 11.78 11.78 11.78 11.79 11.79 11.79 11.79 11.79 11.79 11.79 11.79 11.80 11.80 11.80 11.80 11.80 11.80 11.80 11.81 11.81 11.81 11.81 11.81 11.81 11.81 11.81 11.81 11.82 11.82 11.82 11.82 11.82 11.82 11.82 11.82 11.82 11.82 11.82 11.83 11.83 11.83
11.69 11.69 11.69 11.69 11.69 11.69 11.70 11.70 11.70 11.70 11.70 11.71 11.71 11.71 11.71 11.71 11.71 11.72 11.72 11.72 11.72 11.72 11.72 11.73 11.73 11.73 11.73 11.73 11.74 11.74 11.74 11.74 11.74 11.74 11.75 11.75 11.75 11.75 11.75 11.75 11.76 11.76 11.76 11.76 11.76 11.76 11.76 11.77 11.77 11.77 11.77 11.77 11.77 11.77 11.77 11.78 11.78 11.78 11.78 11.78 11.78 11.78 11.78 11.79 11.79 11.79 11.79 11.79 11.79 11.79 11.79 11.79 11.79 11.79 11.79 11.80 11.80
