main/data/temperature/13.08.2023.grid
ncols 886
nrows 691
xllcenter 112.0000
yllcenter -44.5000
cellsize 0.0500
nodata_value 99999.90
[rows 612 to 645 of 691, columns 770 to 846 of 886]
12.12 12.12 12.11 12.10 12.09 12.09 12.09 12.08 12.07 12.07 12.06 12.05 12.04 12.04 12.04 12.03 12.03 12.02 12.01 12.01 12.00 12.00 12.00 11.99 11.98 11.98 11.97 11.97 11.97 11.96 11.96 11.95 11.95 11.93 11.91 11.90 11.88 11.88 11.86 11.86 11.84 11.84 11.82 11.81 11.81 11.80 11.80 11.80 11.80 11.79 11.80 11.79 11.79 11.79 11.79 11.78 11.78 11.78 11.78 11.77 11.78 11.77 11.77 11.78 11.77 11.77 11.76 11.77 11.76 11.76 11.76 11.76 11.75 11.76 11.75 11.75 11.74
12.09 12.09 12.08 12.07 12.06 12.05 12.05 12.04 12.04 12.03 12.03 12.02 12.01 12.00 11.99 12.00 11.99 11.98 11.98 11.97 11.96 11.97 11.96 11.95 11.95 11.94 11.93 11.94 11.93 11.93 11.92 11.91 11.91 11.89 11.88 11.86 11.84 11.84 11.82 11.82 11.80 11.79 11.78 11.77 11.77 11.76 11.76 11.76 11.76 11.75 11.75 11.75 11.75 11.74 11.75 11.74 11.74 11.74 11.74 11.73 11.73 11.73 11.73 11.72 11.73 11.72 11.72 11.71 11.72 11.71 11.71 11.71 11.71 11.71 11.70 11.71 11.70
12.05 12.05 12.04 12.04 12.03 12.02 12.01 12.00 12.00 11.99 11.99 11.98 11.97 11.97 11.96 11.95 11.95 11.95 11.94 11.93 11.93 11.92 11.91 11.92 11.91 11.90 11.90 11.89 11.89 11.89 11.88 11.87 11.87 11.85 11.84 11.82 11.80 11.80 11.78 11.77 11.76 11.74 11.74 11.73 11.73 11.72 11.72 11.71 11.72 11.71 11.71 11.71 11.71 11.70 11.70 11.70 11.70 11.69 11.70 11.69 11.68 11.68 11.69 11.68 11.68 11.68 11.68 11.67 11.66 11.67 11.67 11.66 11.67 11.66 11.66 11.65 11.66
12.02 12.01 12.00 11.99 11.99 11.98 11.98 11.97 11.96 11.95 11.95 11.94 11.93 11.93 11.92 11.92 11.91 11.90 11.89 11.90 11.89 11.88 11.88 11.87 11.86 11.86 11.86 11.85 11.84 11.84 11.84 11.84 11.82 11.81 11.80 11.78 11.76 11.75 11.74 11.73 11.72 11.70 11.70 11.68 11.68 11.68 11.68 11.67 11.66 11.67 11.66 11.66 11.66 11.66 11.65 11.65 11.65 11.65 11.64 11.65 11.64 11.64 11.63 11.64 11.63 11.63 11.62 11.63 11.62 11.62 11.62 11.62 11.61 11.61 11.61 11.61 11.60
11.99 11.98 11.97 11.96 11.95 11.94 11.94 11.93 11.92 11.91 11.91 11.90 11.89 11.89 11.88 11.87 11.86 11.87 11.86 11.85 11.84 11.84 11.84 11.83 11.82 11.82 11.81 11.80 11.81 11.80 11.79 11.79 11.78 11.76 11.75 11.74 11.72 11.71 11.70 11.69 11.67 11.66 11.66 11.64 11.64 11.63 11.62 11.63 11.62 11.62 11.62 11.62 11.61 11.62 11.61 11.61 11.60 11.61 11.60 11.59 11.59 11.60 11.59 11.59 11.59 11.59 11.58 11.57 11.58 11.58 11.57 11.57 11.57 11.57 11.56 11.57 11.56
11.95 11.94 11.93 11.92 11.91 11.90 11.89 11.88 11.88 11.88 11.87 11.86 11.85 11.84 11.83 11.84 11.83 11.82 11.81 11.80 11.81 11.80 11.79 11.78 11.78 11.77 11.77 11.76 11.76 11.75 11.74 11.75 11.74 11.72 11.71 11.69 11.69 11.67 11.65 11.65 11.63 11.62 11.61 11.60 11.60 11.59 11.59 11.58 11.58 11.58 11.57 11.58 11.57 11.56 11.56 11.56 11.56 11.55 11.56 11.55 11.55 11.54 11.55 11.54 11.54 11.54 11.54 11.53 11.53 11.53 11.53 11.52 11.52 11.52 11.52 11.51 11.51
11.90 11.89 11.89 11.88 11.87 11.86 11.86 11.85 11.84 11.83 11.82 11.81 11.80 11.81 11.80 11.79 11.78 11.77 11.76 11.77 11.76 11.75 11.74 11.74 11.73 11.73 11.72 11.72 11.71 11.70 11.71 11.70 11.69 11.68 11.67 11.65 11.63 11.62 11.61 11.60 11.59 11.57 11.57 11.55 11.55 11.54 11.54 11.54 11.53 11.54 11.53 11.53 11.53 11.52 11.52 11.51 11.52 11.51 11.51 11.51 11.51 11.50 11.50 11.50 11.49 11.49 11.48 11.49 11.49 11.48 11.49 11.48 11.47 11.47 11.47 11.47 11.46
11.86 11.85 11.84 11.83 11.83 11.82 11.81 11.80 11.80 11.79 11.78 11.77 11.77 11.76 11.75 11.74 11.73 11.73 11.73 11.72 11.71 11.70 11.70 11.69 11.69 11.68 11.68 11.67 11.66 11.66 11.66 11.65 11.64 11.64 11.62 11.60 11.59 11.58 11.56 11.56 11.54 11.53 11.52 11.51 11.51 11.50 11.49 11.49 11.49 11.49 11.48 11.48 11.48 11.47 11.48 11.47 11.47 11.47 11.46 11.46 11.45 11.46 11.45 11.45 11.45 11.45 11.44 11.44 11.44 11.44 11.43 11.43 11.43 11.43 11.42 11.42 11.42
11.82 11.81 11.80 11.80 11.79 11.78 11.77 11.76 11.75 11.74 11.73 11.72 11.72 11.71 11.71 11.70 11.69 11.68 11.68 11.67 11.66 11.66 11.65 11.64 11.64 11.63 11.63 11.62 11.61 11.62 11.61 11.60 11.59 11.59 11.57 11.55 11.55 11.53 11.52 11.51 11.49 11.48 11.48 11.46 11.45 11.45 11.44 11.45 11.44 11.44 11.44 11.43 11.44 11.43 11.43 11.43 11.42 11.42 11.42 11.42 11.41 11.41 11.41 11.41 11.40 11.40 11.40 11.39 11.39 11.39 11.39 11.38 11.38 11.38 11.38 11.37 11.37
11.79 11.78 11.77 11.76 11.75 11.74 11.73 11.72 11.71 11.70 11.69 11.68 11.68 11.67 11.66 11.65 11.64 11.63 11.63 11.63 11.62 11.61 11.60 11.59 11.59 11.59 11.58 11.57 11.56 11.57 11.56 11.55 11.54 11.54 11.52 11.51 11.50 11.48 11.47 11.46 11.45 11.43 11.43 11.42 11.40 11.40 11.40 11.39 11.40 11.39 11.39 11.39 11.38 11.39 11.38 11.38 11.38 11.38 11.37 11.38 11.37 11.37 11.36 11.36 11.36 11.35 11.36 11.35 11.35 11.34 11.35 11.34 11.34 11.33 11.34 11.33 11.33
11.75 11.74 11.73 11.71 11.70 11.69 11.68 11.67 11.66 11.65 11.64 11.63 11.63 11.62 11.61 11.61 11.60 11.59 11.59 11.58 11.57 11.56 11.55 11.54 11.55 11.54 11.53 11.52 11.52 11.52 11.51 11.50 11.49 11.49 11.48 11.46 11.45 11.44 11.42 11.42 11.40 11.39 11.38 11.37 11.36 11.36 11.35 11.35 11.35 11.35 11.35 11.34 11.34 11.34 11.34 11.34 11.33 11.34 11.33 11.32 11.33 11.32 11.32 11.31 11.32 11.31 11.30 11.31 11.30 11.30 11.29 11.30 11.29 11.29 11.28 11.29 11.28
11.71 11.69 11.68 11.67 11.66 11.65 11.64 11.63 11.62 11.61 11.60 11.59 11.59 11.58 11.57 11.56 11.55 11.54 11.53 11.53 11.52 11.52 11.51 11.50 11.49 11.49 11.48 11.47 11.47 11.46 11.46 11.45 11.45 11.44 11.43 11.41 11.40 11.39 11.37 11.37 11.35 11.34 11.34 11.32 11.31 11.31 11.30 11.30 11.30 11.30 11.29 11.30 11.29 11.30 11.29 11.29 11.29 11.28 11.29 11.28 11.28 11.28 11.28 11.27 11.26 11.27 11.26 11.26 11.26 11.26 11.25 11.25 11.25 11.25 11.24 11.23 11.24
11.66 11.65 11.64 11.63 11.62 11.61 11.60 11.58 11.57 11.56 11.55 11.54 11.53 11.53 11.52 11.51 11.50 11.49 11.48 11.47 11.48 11.47 11.46 11.45 11.44 11.43 11.43 11.43 11.42 11.41 11.40 11.40 11.40 11.39 11.38 11.37 11.35 11.34 11.32 11.32 11.30 11.29 11.29 11.27 11.26 11.26 11.26 11.25 11.26 11.25 11.25 11.25 11.25 11.24 11.25 11.24 11.25 11.24 11.23 11.24 11.23 11.23 11.23 11.23 11.22 11.23 11.22 11.21 11.21 11.21 11.21 11.20 11.20 11.20 11.20 11.19 11.19
11.62 11.60 11.59 11.59 11.57 11.56 11.55 11.54 11.53 11.52 11.51 11.50 11.49 11.48 11.48 11.47 11.46 11.45 11.44 11.43 11.42 11.42 11.41 11.40 11.39 11.38 11.38 11.38 11.37 11.36 11.35 11.35 11.35 11.34 11.32 11.31 11.30 11.29 11.27 11.27 11.26 11.24 11.24 11.23 11.21 11.21 11.21 11.21 11.21 11.21 11.20 11.21 11.20 11.20 11.20 11.20 11.20 11.20 11.19 11.19 11.19 11.19 11.18 11.19 11.18 11.17 11.18 11.17 11.17 11.16 11.17 11.16 11.16 11.16 11.15 11.15 11.14
11.57 11.55 11.54 11.53 11.52 11.52 11.51 11.49 11.48 11.47 11.46 11.45 11.44 11.43 11.42 11.42 11.41 11.40 11.39 11.38 11.37 11.36 11.36 11.35 11.35 11.34 11.33 11.32 11.31 11.31 11.30 11.30 11.29 11.28 11.27 11.27 11.25 11.24 11.22 11.22 11.21 11.19 11.18 11.18 11.17 11.16 11.16 11.16 11.15 11.16 11.16 11.15 11.16 11.15 11.16 11.15 11.15 11.15 11.15 11.15 11.15 11.14 11.14 11.14 11.14 11.13 11.13 11.13 11.12 11.12 11.12 11.12 11.11 11.11 11.11 11.11 11.10
11.53 11.51 11.50 11.49 11.47 11.46 11.46 11.45 11.44 11.43 11.41 11.40 11.39 11.38 11.37 11.36 11.35 11.35 11.34 11.33 11.32 11.31 11.30 11.29 11.30 11.29 11.28 11.27 11.26 11.25 11.25 11.25 11.24 11.23 11.22 11.21 11.20 11.19 11.17 11.16 11.16 11.15 11.13 11.13 11.12 11.11 11.11 11.11 11.11 11.11 11.11 11.11 11.11 11.11 11.11 11.11 11.11 11.11 11.10 11.10 11.10 11.10 11.10 11.09 11.09 11.09 11.08 11.09 11.08 11.08 11.08 11.07 11.07 11.06 11.07 11.06 11.06
11.48 11.47 11.46 11.44 11.43 11.42 11.41 11.39 11.39 11.38 11.37 11.36 11.35 11.34 11.33 11.31 11.30 11.29 11.29 11.29 11.28 11.27 11.26 11.25 11.24 11.23 11.23 11.22 11.21 11.20 11.20 11.19 11.19 11.18 11.17 11.16 11.15 11.14 11.12 11.12 11.11 11.10 11.08 11.08 11.07 11.06 11.05 11.06 11.06 11.06 11.07 11.06 11.07 11.07 11.06 11.07 11.06 11.06 11.06 11.06 11.06 11.06 11.05 11.05 11.05 11.05 11.04 11.04 11.04 11.03 11.03 11.03 11.03 11.02 11.03 11.02 11.02
11.44 11.42 11.41 11.40 11.38 11.37 11.36 11.35 11.34 11.34 11.32 11.31 11.30 11.29 11.28 11.27 11.26 11.25 11.24 11.23 11.23 11.22 11.21 11.20 11.19 11.18 11.17 11.17 11.16 11.15 11.15 11.14 11.13 11.13 11.12 11.11 11.10 11.09 11.07 11.07 11.06 11.05 11.04 11.03 11.02 11.01 11.01 11.01 11.01 11.01 11.02 11.02 11.02 11.02 11.02 11.01 11.02 11.02 11.02 11.02 11.01 11.01 11.01 11.01 11.01 11.00 11.00 11.00 11.00 10.99 10.99 10.99 10.98 10.98 10.98 10.98 10.97
11.39 11.38 11.37 11.35 11.34 11.33 11.32 11.30 11.29 11.28 11.27 11.26 11.25 11.24 11.23 11.22 11.21 11.20 11.19 11.18 11.17 11.17 11.16 11.15 11.14 11.13 11.12 11.11 11.10 11.11 11.10 11.09 11.08 11.07 11.06 11.05 11.05 11.04 11.02 11.01 11.01 11.00 10.99 10.97 10.97 10.96 10.96 10.97 10.97 10.97 10.96 10.97 10.97 10.97 10.98 10.97 10.98 10.97 10.97 10.97 10.97 10.96 10.97 10.96 10.97 10.96 10.96 10.96 10.95 10.95 10.95 10.95 10.94 10.94 10.94 10.94 10.93
11.35 11.34 11.32 11.31 11.29 11.28 11.27 11.26 11.24 11.23 11.22 11.21 11.21 11.20 11.18 11.17 11.16 11.15 11.14 11.13 11.12 11.11 11.10 11.10 11.09 11.08 11.07 11.06 11.05 11.05 11.04 11.04 11.03 11.02 11.01 11.01 11.00 10.99 10.97 10.96 10.96 10.95 10.94 10.93 10.93 10.92 10.91 10.91 10.92 10.92 10.92 10.93 10.93 10.92 10.93 10.93 10.93 10.93 10.93 10.92 10.93 10.92 10.93 10.92 10.93 10.92 10.91 10.92 10.91 10.91 10.91 10.90 10.90 10.89 10.90 10.89 10.89
11.30 11.29 11.28 11.26 11.25 11.24 11.22 11.21 11.20 11.18 11.17 11.16 11.15 11.15 11.14 11.13 11.12 11.10 11.09 11.08 11.07 11.06 11.05 11.04 11.03 11.03 11.02 11.02 11.01 11.00 10.99 10.98 10.98 10.97 10.96 10.96 10.95 10.93 10.92 10.91 10.91 10.90 10.89 10.88 10.88 10.87 10.86 10.86 10.87 10.87 10.87 10.88 10.88 10.88 10.88 10.89 10.88 10.89 10.89 10.88 10.89 10.88 10.88 10.88 10.88 10.88 10.87 10.88 10.87 10.86 10.87 10.86 10.86 10.86 10.85 10.85 10.84
11.26 11.24 11.23 11.22 11.20 11.19 11.18 11.16 11.15 11.14 11.13 11.11 11.10 11.09 11.09 11.08 11.07 11.06 11.04 11.03 11.02 11.01 11.00 10.99 10.98 10.97 10.97 10.96 10.96 10.95 10.94 10.93 10.92 10.91 10.91 10.90 10.90 10.88 10.87 10.86 10.85 10.85 10.84 10.83 10.82 10.82 10.81 10.81 10.83 10.83 10.83 10.83 10.84 10.84 10.84 10.84 10.84 10.84 10.85 10.84 10.84 10.84 10.84 10.84 10.84 10.83 10.84 10.83 10.83 10.83 10.82 10.82 10.81 10.82 10.81 10.81 10.80
11.21 11.20 11.18 11.17 11.16 11.14 11.13 11.12 11.10 11.09 11.08 11.07 11.05 11.04 11.03 11.03 11.02 11.01 11.00 10.99 10.97 10.96 10.95 10.94 10.93 10.92 10.91 10.90 10.91 10.90 10.89 10.88 10.87 10.86 10.85 10.84 10.84 10.83 10.82 10.81 10.80 10.80 10.79 10.78 10.77 10.77 10.76 10.77 10.77 10.78 10.78 10.79 10.79 10.80 10.79 10.79 10.80 10.80 10.80 10.80 10.80 10.80 10.80 10.79 10.80 10.79 10.79 10.79 10.78 10.79 10.78 10.78 10.78 10.77 10.77 10.76 10.77
11.18 11.16 11.14 11.12 11.11 11.10 11.08 11.07 11.06 11.04 11.03 11.02 11.01 10.99 10.98 10.97 10.97 10.96 10.95 10.94 10.93 10.91 10.90 10.89 10.88 10.88 10.87 10.86 10.85 10.85 10.84 10.83 10.82 10.81 10.80 10.79 10.79 10.78 10.77 10.76 10.75 10.74 10.74 10.73 10.72 10.72 10.72 10.72 10.72 10.73 10.74 10.74 10.74 10.75 10.75 10.75 10.76 10.76 10.76 10.76 10.76 10.75 10.76 10.75 10.76 10.75 10.75 10.75 10.75 10.74 10.74 10.74 10.74 10.73 10.73 10.73 10.72
11.13 11.12 11.10 11.09 11.07 11.05 11.04 11.02 11.01 11.00 10.98 10.97 10.96 10.95 10.93 10.93 10.92 10.91 10.90 10.89 10.88 10.87 10.86 10.85 10.84 10.82 10.82 10.81 10.80 10.79 10.78 10.78 10.77 10.76 10.75 10.74 10.73 10.73 10.72 10.71 10.70 10.70 10.70 10.69 10.68 10.67 10.66 10.67 10.68 10.68 10.70 10.70 10.70 10.70 10.71 10.71 10.71 10.72 10.72 10.71 10.72 10.72 10.71 10.72 10.71 10.72 10.71 10.71 10.71 10.70 10.71 10.70 10.69 10.70 10.69 10.69 10.68
11.08 11.07 11.05 11.04 11.03 11.01 11.00 10.98 10.97 10.96 10.95 10.93 10.92 10.91 10.89 10.88 10.87 10.86 10.85 10.84 10.83 10.82 10.81 10.80 10.79 10.78 10.76 10.75 10.75 10.74 10.73 10.72 10.72 10.71 10.70 10.69 10.68 10.68 10.67 10.66 10.66 10.65 10.64 10.64 10.63 10.62 10.62 10.63 10.63 10.64 10.64 10.66 10.66 10.66 10.66 10.67 10.67 10.68 10.68 10.67 10.68 10.68 10.67 10.68 10.67 10.67 10.67 10.67 10.66 10.67 10.66 10.66 10.66 10.66 10.65 10.64 10.65
11.04 11.02 11.01 10.99 10.98 10.96 10.95 10.94 10.92 10.91 10.90 10.88 10.87 10.86 10.85 10.83 10.82 10.81 10.80 10.79 10.78 10.77 10.76 10.75 10.73 10.72 10.71 10.71 10.70 10.69 10.68 10.67 10.67 10.66 10.65 10.64 10.63 10.62 10.62 10.62 10.61 10.60 10.59 10.59 10.58 10.58 10.57 10.57 10.59 10.59 10.60 10.60 10.62 10.62 10.62 10.63 10.63 10.63 10.64 10.64 10.63 10.64 10.64 10.63 10.64 10.63 10.63 10.63 10.63 10.63 10.62 10.62 10.62 10.61 10.62 10.61 10.61
10.99 10.97 10.96 10.94 10.93 10.91 10.90 10.89 10.87 10.86 10.85 10.83 10.82 10.81 10.80 10.79 10.77 10.76 10.75 10.74 10.73 10.72 10.71 10.70 10.69 10.68 10.66 10.65 10.64 10.63 10.63 10.62 10.61 10.61 10.60 10.59 10.58 10.57 10.57 10.57 10.56 10.55 10.54 10.54 10.54 10.53 10.52 10.53 10.53 10.55 10.56 10.56 10.56 10.58 10.58 10.58 10.59 10.59 10.59 10.60 10.59 10.59 10.60 10.59 10.59 10.60 10.59 10.60 10.59 10.58 10.59 10.58 10.58 10.58 10.57 10.57 10.57
10.95 10.94 10.92 10.91 10.88 10.87 10.85 10.84 10.83 10.81 10.80 10.79 10.77 10.76 10.75 10.74 10.72 10.71 10.70 10.69 10.68 10.67 10.66 10.64 10.63 10.62 10.61 10.60 10.59 10.58 10.58 10.57 10.56 10.56 10.55 10.54 10.53 10.52 10.52 10.51 10.51 10.51 10.50 10.49 10.48 10.48 10.48 10.48 10.49 10.50 10.51 10.52 10.52 10.54 10.54 10.54 10.54 10.55 10.55 10.55 10.56 10.56 10.55 10.56 10.55 10.55 10.56 10.55 10.55 10.55 10.54 10.55 10.54 10.54 10.54 10.53 10.53
10.90 10.89 10.87 10.86 10.84 10.83 10.81 10.80 10.79 10.76 10.75 10.73 10.72 10.71 10.70 10.68 10.67 10.66 10.65 10.64 10.63 10.62 10.61 10.59 10.58 10.57 10.56 10.55 10.54 10.53 10.52 10.51 10.52 10.51 10.50 10.49 10.48 10.47 10.47 10.46 10.46 10.46 10.45 10.44 10.44 10.43 10.43 10.44 10.45 10.45 10.46 10.48 10.48 10.49 10.50 10.50 10.50 10.50 10.51 10.51 10.52 10.52 10.52 10.51 10.52 10.51 10.52 10.51 10.51 10.51 10.51 10.50 10.50 10.50 10.50 10.49 10.49
10.86 10.85 10.82 10.81 10.79 10.78 10.76 10.75 10.74 10.72 10.71 10.70 10.68 10.67 10.66 10.64 10.62 10.61 10.60 10.59 10.58 10.57 10.55 10.54 10.53 10.52 10.51 10.50 10.49 10.49 10.48 10.47 10.46 10.45 10.45 10.44 10.43 10.43 10.42 10.42 10.41 10.40 10.41 10.40 10.39 10.39 10.38 10.39 10.40 10.41 10.42 10.44 10.44 10.45 10.45 10.46 10.47 10.47 10.48 10.48 10.47 10.48 10.48 10.48 10.48 10.48 10.47 10.48 10.47 10.47 10.47 10.47 10.47 10.46 10.46 10.46 10.45
10.81 10.80 10.78 10.77 10.75 10.74 10.71 10.70 10.68 10.67 10.66 10.64 10.63 10.62 10.61 10.59 10.58 10.57 10.56 10.55 10.54 10.53 10.51 10.50 10.49 10.48 10.47 10.46 10.45 10.44 10.43 10.42 10.41 10.40 10.39 10.38 10.38 10.38 10.37 10.37 10.36 10.36 10.35 10.35 10.35 10.34 10.34 10.34 10.36 10.37 10.38 10.39 10.40 10.41 10.41 10.42 10.43 10.43 10.43 10.44 10.44 10.44 10.44 10.44 10.44 10.44 10.44 10.44 10.44 10.43 10.43 10.43 10.43 10.43 10.42 10.43 10.42
10.77 10.76 10.73 10.72 10.70 10.69 10.67 10.66 10.64 10.63 10.62 10.59 10.58 10.57 10.56 10.54 10.53 10.52 10.51 10.50 10.48 10.47 10.46 10.45 10.44 10.43 10.42 10.41 10.40 10.39 10.38 10.37 10.36 10.35 10.34 10.33 10.33 10.32 10.33 10.32 10.32 10.31 10.31 10.30 10.29 10.30 10.29 10.30 10.31 10.33 10.34 10.35 10.35 10.37 10.37 10.38 10.38 10.39 10.39 10.39 10.40 10.40 10.40 10.41 10.40 10.40 10.41 10.40 10.40 10.40 10.40 10.40 10.39 10.39 10.39 10.38 10.39
10.72 10.71 10.69 10.68 10.66 10.65 10.62 10.61 10.59 10.58 10.57 10.55 10.54 10.53 10.52 10.50 10.49 10.48 10.46 10.45 10.43 10.42 10.41 10.40 10.39 10.38 10.37 10.36 10.35 10.34 10.33 10.32 10.31 10.30 10.29 10.28 10.28 10.27 10.27 10.28 10.27 10.27 10.26 10.26 10.25 10.24 10.25 10.26 10.27 10.28 10.30 10.31 10.32 10.32 10.34 10.34 10.34 10.36 10.36 10.36 10.36 10.37 10.36 10.36 10.37 10.37 10.36 10.37 10.36 10.37 10.36 10.36 10.36 10.35 10.35 10.35 10.34
