main/data/temperature/14.05.2023.grid
ncols 886
nrows 691
xllcenter 112.0000
yllcenter -44.5000
cellsize 0.0500
nodata_value 99999.90
[rows 102 to 135 of 691, columns 616 to 692 of 886]
32.61 32.56 32.63 32.61 32.55 32.43 32.45 32.32 32.22 32.25 32.15 32.31 32.34 32.39 32.47 32.39 32.44 32.34 32.12 32.22 32.24 32.17 32.13 32.05 31.99 31.84 31.87 31.70 31.54 31.36 31.24 31.03 30.79 30.49 30.25 29.93 29.68 29.48 29.35 29.02 28.32 28.62 28.50 28.08 28.62 28.80 28.73 28.80 28.71 28.45 28.69 28.62 28.56 28.50 28.45 28.41 28.35 28.31 28.27 28.24 28.20 28.17 28.14 28.11 28.12 28.12 28.12 28.12 28.11 28.10 28.07 28.05 28.02 27.99 27.96 27.92 27.88
32.71 32.74 32.65 32.68 32.54 32.56 32.47 32.35 32.27 32.20 32.01 32.39 32.50 32.44 32.49 32.49 32.49 32.07 32.12 32.32 32.32 32.19 32.20 32.10 31.96 31.92 31.86 31.68 31.56 31.42 31.27 31.06 30.81 30.48 30.07 29.85 29.80 29.53 29.31 29.17 28.81 28.80 28.46 27.79 28.60 28.02 28.75 28.72 28.39 28.69 28.62 28.56 28.50 28.44 28.39 28.34 28.29 28.25 28.22 28.18 28.14 28.11 28.08 28.06 28.06 28.08 28.08 28.08 28.07 28.06 28.04 28.02 27.99 27.95 27.92 27.88 27.84
32.74 32.82 32.72 32.66 32.57 32.55 32.48 32.44 32.35 32.23 32.09 32.41 32.42 32.54 32.56 32.51 32.45 32.25 32.29 32.35 32.36 32.28 32.26 32.10 32.12 31.99 31.89 31.71 31.57 31.37 31.31 31.08 30.83 30.60 30.31 30.07 29.82 29.61 29.36 29.16 28.79 28.55 27.90 28.02 27.85 27.38 27.53 28.21 28.03 28.63 28.56 28.49 28.43 28.38 28.32 28.28 28.23 28.20 28.16 28.12 28.09 28.06 28.03 28.01 28.02 28.04 28.05 28.05 28.04 28.03 28.01 27.99 27.95 27.92 27.89 27.85 27.81
32.93 32.87 32.75 32.83 32.79 32.64 32.68 32.54 32.57 32.44 32.34 32.22 32.31 32.54 32.58 32.52 31.93 31.96 32.26 32.38 32.34 32.36 32.15 32.12 32.17 32.12 31.92 31.77 31.64 31.40 31.31 31.11 30.78 30.60 30.36 30.12 29.85 29.60 29.43 29.23 29.04 28.10 27.70 27.36 26.99 26.95 28.11 28.43 28.21 27.79 28.50 28.43 28.37 28.32 28.26 28.22 28.18 28.14 28.09 28.06 28.03 28.00 27.98 27.96 27.97 28.00 28.01 28.01 28.01 28.00 27.98 27.96 27.93 27.89 27.85 27.82 27.78
33.01 32.97 32.94 32.92 32.75 32.74 32.74 32.72 32.69 32.60 32.53 32.48 32.45 32.39 32.54 32.61 32.48 31.82 32.26 32.46 32.34 32.44 32.30 32.03 32.30 32.14 32.00 31.84 31.74 31.53 31.33 31.12 30.82 30.62 30.30 29.88 29.81 29.44 29.08 28.08 28.89 28.57 28.09 27.09 27.41 28.04 28.34 28.41 28.33 28.14 28.41 28.36 28.31 28.25 28.20 28.16 28.12 28.07 28.04 28.01 27.98 27.95 27.92 27.91 27.94 27.96 27.98 27.98 27.98 27.97 27.95 27.93 27.90 27.87 27.83 27.79 27.75
33.09 33.01 32.95 32.91 32.81 32.83 32.80 32.86 32.82 32.75 32.61 32.67 32.61 32.53 32.35 32.55 32.56 31.73 32.34 32.48 32.53 32.49 32.39 32.42 32.38 32.14 31.93 31.95 31.77 31.54 31.39 31.12 30.85 30.63 30.32 29.86 29.22 29.43 29.05 28.14 28.66 28.62 27.85 27.39 27.99 27.95 27.50 26.74 28.09 27.98 28.36 28.30 28.23 28.18 28.14 28.10 28.05 28.01 27.98 27.95 27.92 27.90 27.87 27.87 27.90 27.93 27.95 27.95 27.95 27.95 27.94 27.90 27.88 27.84 27.80 27.76 27.72
33.15 33.08 33.03 33.04 33.00 33.00 32.90 32.88 32.70 32.72 32.58 32.57 32.57 32.51 32.39 32.44 32.39 31.74 32.50 32.57 32.59 32.61 32.38 32.38 32.47 32.10 32.08 32.05 31.83 31.55 31.36 31.14 30.90 30.71 30.39 29.92 29.42 28.66 29.12 28.55 28.49 28.33 27.71 26.87 26.11 28.38 28.29 28.23 28.38 26.81 28.29 28.23 28.17 28.12 28.08 28.03 27.99 27.96 27.93 27.90 27.87 27.84 27.82 27.84 27.87 27.90 27.92 27.93 27.94 27.92 27.91 27.88 27.85 27.82 27.78 27.73 27.69
33.18 33.14 33.07 33.05 32.98 32.90 32.84 32.79 32.74 32.81 32.72 32.61 32.55 32.55 32.51 32.40 32.29 32.21 32.56 32.53 32.63 32.60 32.53 32.45 32.44 31.65 32.18 32.08 31.91 31.57 31.21 31.22 31.03 30.60 30.29 29.93 29.39 28.27 28.53 28.41 26.64 28.16 26.86 28.29 28.17 26.06 28.30 28.37 28.38 28.29 28.22 28.16 28.10 28.06 28.02 27.97 27.94 27.90 27.87 27.85 27.82 27.80 27.78 27.81 27.85 27.88 27.90 27.92 27.92 27.90 27.89 27.87 27.84 27.80 27.76 27.71 27.68
33.09 33.05 33.07 33.08 32.94 32.88 32.89 32.89 32.91 32.65 32.72 32.78 32.62 32.51 32.53 32.24 31.66 32.01 32.42 32.52 32.51 32.61 32.45 32.52 32.46 31.94 32.18 32.26 31.90 31.58 31.35 31.33 31.01 30.73 30.19 30.00 28.87 29.26 28.69 28.26 26.84 27.99 27.12 27.94 28.16 28.11 27.72 27.77 28.12 27.84 28.16 28.10 28.05 28.00 27.96 27.92 27.88 27.85 27.82 27.80 27.77 27.76 27.75 27.79 27.83 27.86 27.89 27.90 27.90 27.89 27.87 27.85 27.82 27.78 27.74 27.70 27.66
33.19 33.12 33.17 33.14 33.01 33.04 33.00 32.90 32.73 32.80 32.79 32.71 32.64 32.69 32.52 32.11 31.68 31.91 32.35 32.08 32.50 32.55 32.48 32.38 32.27 32.40 32.34 32.12 31.84 31.53 31.58 31.32 31.00 30.73 30.20 29.74 28.64 28.64 27.12 27.86 26.75 26.62 27.86 27.39 27.37 28.05 28.06 28.11 28.11 28.11 28.09 28.04 27.99 27.95 27.91 27.87 27.84 27.81 27.78 27.76 27.73 27.72 27.74 27.79 27.83 27.86 27.88 27.89 27.89 27.88 27.87 27.84 27.80 27.77 27.73 27.68 27.65
33.25 33.22 33.20 33.14 33.10 33.11 33.04 32.95 32.95 32.89 32.84 32.72 32.55 32.51 32.25 31.89 31.98 32.19 32.25 31.97 32.40 32.51 32.48 32.54 32.49 32.23 31.28 31.80 31.92 31.76 31.46 31.28 31.04 30.62 30.08 29.06 28.64 28.09 26.80 26.84 26.49 26.42 27.48 27.17 26.74 26.97 27.29 26.84 27.89 27.74 27.92 27.99 27.94 27.90 27.87 27.83 27.80 27.77 27.75 27.73 27.71 27.70 27.74 27.79 27.83 27.86 27.88 27.89 27.88 27.88 27.86 27.83 27.80 27.76 27.72 27.68 27.63
33.29 33.24 33.23 33.22 33.21 33.14 33.12 33.12 32.99 33.01 32.86 32.87 32.45 32.13 32.33 32.48 32.58 32.64 32.62 32.45 32.34 32.51 32.59 32.48 32.31 31.62 31.27 31.00 31.80 31.73 31.46 31.21 30.84 30.50 29.69 29.82 29.57 27.73 27.47 26.17 26.93 25.57 26.70 27.57 27.14 26.45 26.91 26.90 26.97 27.56 27.34 27.95 27.90 27.87 27.83 27.80 27.77 27.75 27.73 27.71 27.69 27.71 27.76 27.81 27.85 27.87 27.89 27.89 27.89 27.88 27.85 27.83 27.80 27.75 27.71 27.67 27.63
33.34 33.34 33.32 33.27 33.22 33.15 33.20 33.15 33.09 33.04 33.04 32.74 32.65 32.59 32.46 32.84 32.98 33.02 32.93 32.79 32.43 32.24 32.43 32.20 32.06 31.58 31.59 31.28 31.68 31.42 31.25 31.06 30.70 29.26 29.65 29.27 29.49 28.44 28.50 27.91 25.93 24.94 26.86 27.59 27.23 26.99 26.86 27.35 26.78 26.63 24.18 27.92 27.89 27.84 27.81 27.79 27.77 27.74 27.72 27.71 27.70 27.74 27.79 27.84 27.87 27.89 27.90 27.90 27.89 27.88 27.86 27.83 27.79 27.75 27.71 27.67 27.62
33.37 33.36 33.34 33.28 33.26 33.27 33.25 33.23 33.20 33.14 32.93 32.85 32.92 32.79 32.92 32.93 33.17 32.98 32.84 32.71 32.56 32.14 32.71 32.58 31.86 32.40 31.83 30.68 31.35 31.30 30.93 30.08 30.11 30.18 29.62 28.50 28.89 28.68 28.61 27.81 27.22 25.86 27.13 27.28 27.14 26.61 26.53 26.73 26.51 25.47 26.23 24.70 27.87 27.84 27.81 27.80 27.77 27.76 27.74 27.73 27.76 27.80 27.84 27.87 27.90 27.91 27.92 27.92 27.91 27.89 27.86 27.83 27.80 27.76 27.72 27.67 27.63
33.42 33.40 33.38 33.35 33.34 33.28 33.26 33.19 33.14 33.13 33.06 32.97 33.02 32.89 33.10 33.19 33.19 32.85 32.40 32.74 32.50 32.57 32.71 32.22 32.06 32.33 31.51 31.06 31.16 30.60 30.81 30.27 28.59 29.26 29.63 28.27 27.97 28.38 28.48 27.96 26.84 26.22 26.79 26.72 26.50 26.91 26.51 25.82 25.11 25.91 23.64 27.84 27.90 27.87 27.84 27.82 27.81 27.79 27.79 27.79 27.82 27.86 27.90 27.93 27.94 27.95 27.95 27.94 27.92 27.90 27.88 27.84 27.80 27.77 27.73 27.68 27.64
33.41 33.40 33.33 33.34 33.28 33.25 33.29 33.24 33.18 33.24 33.16 33.14 33.22 33.22 33.37 33.33 33.18 32.89 32.68 32.74 32.60 32.80 32.54 32.00 31.79 31.50 31.42 29.89 30.13 30.29 29.62 29.41 28.50 27.87 28.11 26.80 27.03 26.48 28.29 27.94 26.77 26.51 26.70 26.95 26.63 26.25 26.79 26.33 24.43 25.77 23.52 27.56 27.94 27.92 27.90 27.89 27.87 27.86 27.86 27.88 27.91 27.94 27.97 27.99 27.99 27.99 27.98 27.97 27.95 27.93 27.89 27.86 27.82 27.78 27.74 27.69 27.65
33.43 33.39 33.38 33.35 33.36 33.34 33.28 33.30 33.30 33.23 33.28 33.31 33.41 33.34 33.32 33.41 33.24 32.63 32.76 32.90 32.89 32.97 32.81 32.65 32.53 31.91 31.82 30.92 30.36 29.69 30.35 29.80 28.85 27.76 27.38 27.77 27.03 26.51 26.03 26.20 27.32 26.39 26.81 26.08 27.03 26.15 25.52 24.97 25.06 24.27 26.26 28.02 28.02 28.00 27.99 27.98 27.98 27.97 27.98 27.99 28.02 28.04 28.05 28.05 28.05 28.05 28.03 28.01 27.98 27.95 27.91 27.88 27.83 27.79 27.75 27.70 27.65
33.38 33.40 33.39 33.36 33.39 33.35 33.33 33.33 33.29 33.31 33.39 33.34 33.27 33.35 33.28 33.31 33.40 33.27 33.06 33.12 33.09 33.04 32.80 32.82 32.75 32.59 31.77 31.92 31.31 30.98 29.91 29.57 29.64 28.68 27.55 27.37 26.96 26.81 27.02 26.51 26.90 26.40 27.23 26.48 26.95 26.74 26.01 25.11 25.78 25.41 27.36 27.03 27.36 28.12 28.11 28.11 28.11 28.11 28.11 28.12 28.14 28.15 28.15 28.15 28.13 28.11 28.09 28.06 28.01 27.99 27.94 27.90 27.86 27.80 27.76 27.71 27.66
33.42 33.39 33.41 33.40 33.38 33.37 33.33 33.33 33.38 33.43 33.52 33.44 33.36 33.34 33.33 33.26 33.21 33.12 33.26 33.20 32.99 32.94 32.75 32.45 32.50 32.62 32.43 31.96 31.59 30.29 30.52 30.14 29.13 28.87 27.17 27.01 27.59 27.73 27.36 26.69 26.17 26.28 26.38 25.79 23.52 26.71 26.06 26.46 26.67 26.54 26.98 24.14 24.87 28.28 28.27 28.27 28.27 28.27 28.27 28.27 28.27 28.27 28.26 28.24 28.22 28.19 28.15 28.11 28.06 28.02 27.97 27.92 27.88 27.82 27.78 27.73 27.68
33.46 33.52 33.47 33.53 33.46 33.56 33.53 33.53 33.44 33.41 33.42 33.35 33.25 33.30 33.28 33.29 32.99 33.11 33.16 33.03 33.04 32.85 32.67 32.59 31.88 32.49 31.46 31.46 31.71 31.30 30.77 30.11 29.33 29.80 29.26 28.75 28.12 27.53 27.25 26.65 26.58 25.85 25.75 25.93 26.86 26.98 26.56 27.32 26.60 26.67 26.99 25.46 25.07 28.37 28.45 28.45 28.44 28.44 28.44 28.43 28.42 28.42 28.39 28.36 28.32 28.27 28.23 28.17 28.12 28.07 28.01 27.96 27.90 27.84 27.79 27.75 27.69
33.52 33.47 33.45 33.46 33.43 33.46 33.40 33.44 33.44 33.35 33.42 33.36 33.32 33.27 33.26 33.16 33.10 32.96 33.09 33.02 32.84 32.74 32.53 32.33 32.33 32.13 31.72 31.05 31.64 31.12 30.96 30.44 29.63 29.28 29.02 28.65 27.70 27.09 27.48 27.27 26.76 26.03 26.50 25.57 25.84 26.16 26.53 27.27 27.34 27.99 26.57 25.16 25.11 28.15 28.63 28.63 28.61 28.61 28.60 28.58 28.56 28.55 28.52 28.48 28.43 28.38 28.31 28.25 28.18 28.12 28.05 27.99 27.92 27.87 27.81 27.77 27.71
33.54 33.52 33.49 33.48 33.47 33.45 33.46 33.45 33.47 33.45 33.39 33.35 33.33 33.34 33.31 33.30 33.09 32.97 32.87 32.82 32.58 32.81 31.92 32.56 32.31 32.06 31.25 30.57 30.50 30.91 30.49 29.92 29.09 29.14 28.34 28.49 27.78 27.42 27.43 27.26 27.07 26.47 26.32 23.45 22.84 25.20 26.91 27.72 26.33 27.56 28.22 24.88 26.15 28.84 28.82 28.80 28.77 28.76 28.73 28.71 28.68 28.66 28.62 28.59 28.55 28.49 28.40 28.34 28.26 28.17 28.10 28.03 27.96 27.90 27.83 27.78 27.73
33.52 33.52 33.60 33.56 33.52 33.53 33.53 33.49 33.48 33.45 33.38 33.32 33.37 33.26 33.27 33.22 33.19 32.99 32.88 32.86 32.77 32.89 32.78 32.67 32.11 32.31 31.35 29.90 31.05 30.76 30.28 29.46 29.14 29.24 27.73 27.74 28.09 27.85 27.28 27.26 27.09 26.25 25.08 22.52 21.36 23.32 23.87 26.75 26.66 27.65 28.89 27.66 28.39 29.01 28.98 28.95 28.92 28.89 28.85 28.81 28.78 28.73 28.70 28.65 28.61 28.56 28.50 28.42 28.33 28.24 28.16 28.08 27.99 27.93 27.86 27.80 27.75
33.54 33.54 33.54 33.51 33.59 33.55 33.52 33.46 33.48 33.45 33.42 33.33 33.34 33.34 33.32 33.28 33.21 33.07 33.07 32.99 32.89 32.89 32.89 32.67 32.48 32.46 31.99 30.92 30.60 30.61 30.36 29.32 28.88 28.50 28.62 25.65 27.96 27.89 27.48 26.29 26.80 26.32 26.44 23.00 21.91 22.64 24.45 26.35 27.45 27.41 29.06 29.18 28.94 27.74 29.12 29.08 29.04 29.00 28.95 28.90 28.86 28.80 28.75 28.70 28.65 28.60 28.55 28.48 28.41 28.31 28.22 28.12 28.04 27.96 27.88 27.81 27.76
33.54 33.53 33.52 33.52 33.55 33.59 33.54 33.52 33.51 33.44 33.40 33.40 33.35 33.36 33.35 33.34 33.13 33.20 33.12 33.15 33.03 32.95 32.96 32.82 32.54 32.54 32.17 31.14 30.74 30.53 29.89 29.98 29.49 28.92 27.98 26.88 27.85 27.70 27.79 25.23 25.74 26.53 25.52 23.98 22.84 23.88 25.06 26.45 23.58 28.45 29.19 28.07 29.32 29.29 29.24 29.20 29.14 29.08 29.03 28.97 28.91 28.85 28.79 28.73 28.68 28.62 28.56 28.51 28.45 28.37 28.28 28.18 28.08 27.98 27.90 27.84 27.77
33.56 33.52 33.53 33.52 33.50 33.60 33.57 33.54 33.53 33.48 33.47 33.42 33.33 33.45 33.29 33.29 33.14 33.25 33.19 33.10 32.94 33.10 33.08 32.92 32.75 32.59 32.20 31.20 30.71 30.93 29.73 30.24 28.95 29.19 28.18 27.28 27.87 28.58 27.43 26.29 25.08 26.17 25.53 25.47 25.18 24.58 26.94 25.05 23.19 25.68 29.00 28.20 28.89 29.38 29.33 29.28 29.22 29.15 29.09 29.02 28.95 28.89 28.82 28.76 28.69 28.63 28.57 28.50 28.45 28.38 28.31 28.22 28.12 28.02 27.93 27.85 27.78
33.52 33.53 33.51 33.52 33.50 33.51 33.55 33.63 33.56 33.52 33.46 33.49 33.45 33.47 33.43 33.37 33.20 33.21 33.22 33.20 33.28 33.14 32.94 32.70 32.72 32.66 32.25 31.80 31.70 31.46 30.91 30.52 30.69 28.77 29.03 29.04 29.52 29.03 27.98 28.31 26.13 25.77 26.32 26.41 27.81 27.84 27.55 24.68 23.34 22.87 25.24 29.01 29.54 29.45 29.39 29.34 29.28 29.21 29.13 29.06 28.99 28.92 28.84 28.77 28.70 28.63 28.57 28.50 28.44 28.38 28.31 28.24 28.15 28.04 27.95 27.86 27.78
33.53 33.53 33.54 33.53 33.51 33.52 33.51 33.55 33.52 33.60 33.58 33.50 33.49 33.48 33.42 33.35 33.32 33.37 33.30 33.19 33.28 33.12 32.95 32.76 32.56 32.66 32.29 31.96 30.84 31.75 31.50 30.83 31.18 30.81 29.98 30.00 29.52 28.99 29.00 28.66 28.22 27.93 28.34 26.91 28.00 26.82 27.43 25.65 22.49 22.76 27.32 29.50 29.49 29.49 29.43 29.37 29.31 29.24 29.17 29.09 29.02 28.93 28.86 28.78 28.70 28.63 28.55 28.49 28.42 28.35 28.29 28.23 28.15 28.07 27.96 27.87 27.79
33.53 33.52 33.55 33.53 33.52 33.52 33.52 33.50 33.45 33.45 33.45 33.49 33.51 33.53 33.48 33.43 33.42 33.30 33.36 33.22 33.19 33.03 32.83 32.78 32.51 32.30 32.45 32.29 31.99 31.55 31.34 31.43 30.89 30.84 30.33 30.03 29.39 28.66 28.52 27.96 27.27 28.04 28.81 28.68 28.48 28.26 27.18 26.12 25.12 23.49 24.17 28.23 29.54 29.52 29.47 29.42 29.35 29.28 29.21 29.12 29.04 28.95 28.87 28.78 28.69 28.62 28.54 28.47 28.39 28.32 28.26 28.20 28.14 28.06 27.97 27.87 27.79
33.59 33.56 33.56 33.52 33.50 33.49 33.47 33.44 33.45 33.41 33.43 33.44 33.34 33.38 33.36 33.38 33.38 33.23 33.31 33.22 33.17 33.03 32.91 32.71 32.44 32.11 31.45 31.57 31.86 31.68 31.21 31.15 31.01 30.85 30.56 30.16 29.62 29.82 29.75 29.46 28.80 29.20 29.12 28.83 28.37 28.44 27.79 28.07 27.93 26.31 24.77 27.34 27.45 27.70 29.56 29.48 29.41 29.32 29.23 29.15 29.05 28.95 28.87 28.78 28.69 28.60 28.52 28.44 28.36 28.29 28.23 28.16 28.09 28.02 27.95 27.86 27.77
33.56 33.55 33.54 33.52 33.47 33.46 33.43 33.43 33.43 33.35 33.33 33.46 33.35 33.34 33.28 33.19 33.17 33.22 33.06 33.12 33.03 32.95 32.82 32.67 32.45 32.22 32.00 31.54 31.54 31.43 31.21 30.36 30.55 30.60 30.84 30.57 30.38 30.09 29.73 29.68 29.50 29.22 29.07 28.74 27.80 27.29 28.32 28.24 28.01 26.44 26.09 27.46 27.69 29.00 27.59 29.55 29.46 29.37 29.27 29.17 29.07 28.96 28.86 28.77 28.67 28.58 28.49 28.41 28.33 28.25 28.18 28.11 28.05 27.98 27.91 27.83 27.75
33.55 33.56 33.53 33.49 33.41 33.42 33.41 33.39 33.39 33.33 33.27 33.33 33.43 33.29 33.14 33.06 33.12 33.05 33.08 32.99 32.94 32.90 32.80 32.64 32.38 32.25 32.03 31.39 31.40 31.25 30.11 30.44 30.57 30.74 30.62 30.39 30.48 29.99 30.11 29.83 28.94 28.92 28.10 27.76 27.39 27.91 26.69 27.66 28.02 27.59 26.11 27.58 27.44 27.17 24.68 29.20 29.51 29.41 29.30 29.19 29.08 28.96 28.86 28.75 28.65 28.55 28.45 28.37 28.28 28.21 28.13 28.06 27.99 27.92 27.85 27.79 27.71
33.54 33.53 33.54 33.52 33.46 33.45 33.41 33.37 33.30 33.30 33.27 33.21 33.39 33.22 33.13 33.00 32.99 32.86 32.87 32.90 32.78 32.77 32.70 32.51 32.31 32.14 31.88 31.22 31.10 30.61 30.90 30.58 30.70 30.42 30.38 30.05 30.21 30.29 29.91 30.03 29.92 29.61 29.43 28.29 26.99 28.32 27.38 26.65 28.29 28.01 27.64 27.59 26.67 26.90 27.20 26.86 28.82 29.45 29.32 29.21 29.09 28.96 28.85 28.73 28.62 28.51 28.42 28.32 28.24 28.15 28.07 27.99 27.92 27.85 27.79 27.72 27.65
33.53 33.51 33.53 33.51 33.46 33.42 33.41 33.35 33.32 33.24 33.19 33.18 33.28 33.28 33.12 33.02 32.70 32.84 32.74 32.78 32.70 32.67 32.53 32.38 32.28 32.04 31.71 31.20 30.90 30.41 30.71 30.27 29.62 30.02 30.13 29.77 30.27 29.88 29.33 29.49 29.68 29.69 28.49 28.52 28.91 27.28 27.12 27.27 27.52 28.10 28.08 27.82 27.09 27.09 26.82 27.14 26.88 27.92 29.36 29.22 29.08 28.96 28.82 28.70 28.58 28.47 28.36 28.26 28.17 28.09 28.00 27.93 27.85 27.78 27.71 27.64 27.59
