main/data/temperature/14.05.2023.grid
ncols 886
nrows 691
xllcenter 112.0000
yllcenter -44.5000
cellsize 0.0500
nodata_value 99999.90
[rows 170 to 203 of 691, columns 308 to 384 of 886]
30.02 29.98 29.88 29.70 29.41 29.52 29.80 29.95 29.85 29.88 29.64 30.32 30.31 30.26 30.25 30.08 29.94 30.00 30.04 30.07 30.10 30.08 30.13 30.02 30.01 30.08 30.12 30.05 29.99 29.91 29.88 29.94 29.95 29.99 30.00 30.00 29.97 29.92 29.94 29.92 29.87 29.83 29.81 29.90 29.86 29.62 29.76 29.66 29.80 29.62 29.63 29.61 29.53 29.35 29.32 29.39 29.53 29.64 29.65 29.67 29.71 29.84 29.79 29.95 30.22 30.23 30.26 30.30 30.37 30.41 30.47 30.50 30.53 30.58 30.64 30.68 30.67
29.99 29.76 29.61 29.63 29.44 29.61 29.83 29.83 29.36 29.92 30.02 30.29 30.14 29.94 30.08 29.94 29.96 30.00 30.03 30.08 30.12 30.15 30.14 30.11 30.11 30.13 30.08 30.00 29.94 29.84 29.67 29.86 29.87 29.80 29.92 29.85 29.93 29.95 29.92 29.89 29.83 29.65 29.64 29.62 29.69 29.20 29.51 29.64 29.73 29.47 29.60 29.66 29.52 29.35 29.30 29.19 29.35 29.53 29.45 29.61 29.64 29.70 29.86 30.00 30.12 30.17 30.22 30.26 30.30 30.36 30.41 30.44 30.47 30.52 30.55 30.63 30.69
30.13 30.06 29.81 29.43 29.32 29.53 29.60 29.56 29.67 29.93 29.98 29.99 29.94 29.93 29.97 29.99 30.02 30.04 30.06 30.13 30.11 30.15 30.14 30.11 30.12 30.09 30.07 29.99 29.92 29.81 29.62 29.72 29.77 29.83 29.82 29.71 29.65 29.83 29.81 29.84 29.84 29.69 29.48 29.49 29.58 29.16 29.56 29.58 29.67 29.54 29.24 29.59 29.58 29.44 29.39 29.32 29.41 29.28 29.54 29.70 29.74 29.77 29.88 29.87 30.06 30.12 30.19 30.21 30.27 30.32 30.40 30.42 30.44 30.49 30.46 30.62 30.58
29.93 30.02 29.81 29.61 29.65 29.57 29.63 29.22 29.63 29.76 29.84 29.91 29.96 30.00 30.01 30.02 30.03 30.07 30.04 30.14 30.13 30.14 30.13 30.16 30.13 30.04 29.95 30.01 29.92 29.81 29.63 29.41 29.68 29.72 29.61 29.67 29.64 29.64 29.70 29.79 29.78 29.77 29.56 29.50 29.57 29.33 29.51 29.58 29.60 29.58 29.35 29.25 29.52 29.51 29.45 29.43 29.28 29.22 29.45 29.49 29.74 29.82 29.89 29.97 30.03 30.06 30.14 30.16 30.20 30.30 30.35 30.37 30.41 30.45 30.52 30.43 30.53
30.01 29.76 29.76 29.69 29.75 29.62 29.69 29.71 29.72 29.82 29.88 29.94 29.99 30.02 30.03 30.05 30.05 30.11 30.08 30.14 30.13 30.16 30.15 30.11 29.97 29.84 29.84 29.98 29.87 29.72 29.69 29.62 29.46 29.50 29.68 29.48 29.46 29.43 29.71 29.78 29.73 29.62 29.66 29.61 29.41 29.33 29.25 29.44 29.41 29.45 29.40 29.28 29.36 29.42 29.34 29.32 29.34 29.42 29.48 29.14 29.49 29.85 29.71 29.91 29.93 30.05 30.13 30.16 30.19 30.25 30.28 30.30 30.37 30.37 30.44 30.60 30.67
29.52 29.77 29.72 29.69 29.82 29.68 29.63 29.83 29.64 29.84 29.93 29.96 30.02 30.05 30.04 30.04 30.09 30.13 30.15 30.18 30.17 30.16 30.11 29.87 29.79 29.67 29.80 29.80 29.75 29.63 29.52 29.46 29.40 29.51 29.60 29.63 29.50 29.59 29.65 29.69 29.68 29.47 29.53 29.36 29.20 29.47 29.41 29.45 29.25 29.22 29.26 29.19 29.16 29.25 29.27 29.19 29.33 29.57 29.58 29.64 29.71 29.66 29.68 29.85 29.77 30.02 30.08 30.11 30.16 30.22 30.26 30.31 30.36 30.21 30.45 30.62 30.68
29.71 29.69 29.70 29.67 29.71 29.32 29.53 29.80 29.90 29.89 29.97 30.00 30.03 30.06 30.03 30.06 30.11 30.12 30.19 30.17 30.04 30.05 29.80 29.66 29.83 29.79 29.68 29.64 29.61 29.51 29.33 29.27 29.35 29.17 29.48 29.45 29.53 29.40 29.46 29.44 29.51 29.59 29.51 29.46 29.43 29.54 29.28 29.32 29.16 28.99 29.23 29.05 29.11 29.20 29.16 29.39 29.44 29.46 29.61 29.54 29.55 29.63 29.68 29.69 29.78 29.96 29.99 30.04 30.10 30.15 30.21 30.26 30.30 30.21 30.40 30.59 30.67
29.75 29.85 29.81 29.79 29.67 29.92 29.74 29.77 29.86 29.90 29.88 29.95 29.98 30.05 30.09 30.08 30.08 30.16 30.11 30.09 29.89 29.81 29.52 29.71 29.41 29.48 29.66 29.67 29.63 29.64 29.47 29.16 29.38 29.46 29.50 29.46 29.47 29.47 29.48 29.41 29.44 29.53 29.67 29.58 29.59 29.58 29.49 29.34 29.25 29.08 29.00 29.04 29.01 28.98 29.06 29.20 29.46 29.30 29.46 29.46 29.43 29.53 29.49 29.60 29.80 29.89 29.97 30.03 30.05 30.16 30.19 30.29 30.33 30.19 30.18 30.46 30.59
29.68 29.83 29.82 29.91 29.82 29.80 29.95 29.84 29.89 29.93 29.91 29.97 30.03 30.05 30.08 30.10 30.14 30.18 29.99 29.70 29.84 29.66 29.92 29.94 29.91 29.92 29.84 29.79 29.74 29.66 28.97 29.35 29.38 29.32 29.32 29.30 29.29 29.43 29.34 29.27 29.41 29.57 29.61 29.59 29.54 29.37 28.83 29.31 29.25 29.23 29.12 28.97 28.77 28.99 29.13 29.26 29.34 29.18 29.15 29.29 29.26 29.45 29.63 29.71 29.84 29.89 29.95 30.01 30.00 30.00 30.08 30.18 30.27 30.07 30.17 30.41 30.56
29.59 29.63 29.80 29.88 30.01 29.78 29.86 29.96 29.78 29.92 30.04 29.97 30.04 30.11 30.13 30.13 30.16 30.20 30.13 29.99 30.10 30.08 30.01 29.92 29.92 29.85 29.80 29.75 29.58 29.55 29.27 29.41 29.30 29.28 29.23 29.11 29.18 29.32 29.33 29.28 29.42 29.46 29.56 29.63 29.55 29.27 29.47 29.45 29.26 29.33 29.14 28.77 28.77 28.98 29.05 29.16 29.27 29.35 29.42 29.32 29.51 29.54 29.61 29.75 29.81 29.89 29.95 30.01 30.06 30.01 30.06 30.09 30.04 30.25 30.34 30.45 30.51
29.67 29.68 29.69 29.71 29.74 29.80 30.04 29.96 29.78 29.86 29.92 30.11 30.12 30.12 30.11 30.12 30.16 30.17 30.19 30.11 30.07 30.02 29.87 29.69 29.59 29.85 29.82 29.77 29.72 29.55 29.49 29.12 29.21 29.15 29.14 29.07 29.15 29.29 29.18 29.25 29.32 29.39 29.55 29.54 29.53 29.53 29.55 29.52 29.41 29.37 29.35 28.92 29.12 28.91 29.28 29.34 29.31 29.16 29.43 29.54 29.54 29.64 29.54 29.73 29.75 29.90 29.92 29.95 30.00 30.08 30.08 30.04 29.94 30.24 30.41 30.41 30.39
29.69 29.74 29.79 29.77 29.70 29.68 29.87 30.12 29.84 29.86 29.92 30.12 30.14 30.15 30.18 30.12 30.15 30.16 30.19 30.11 30.05 29.89 29.78 29.52 29.55 29.74 29.75 29.71 29.70 29.63 29.60 29.39 29.25 29.03 29.13 29.18 29.20 29.08 29.09 29.16 29.17 29.42 29.43 29.38 29.44 29.37 29.27 29.37 29.24 29.32 29.23 29.14 28.95 29.11 29.28 29.43 29.17 29.28 29.26 29.45 29.41 29.32 29.47 29.61 29.73 29.85 29.67 29.84 29.86 29.92 29.91 29.87 29.93 30.19 30.30 30.25 30.18
29.83 29.84 29.52 29.80 29.86 29.83 29.95 30.05 29.93 29.91 30.09 30.13 30.16 30.17 30.17 30.10 30.16 30.19 30.02 30.12 30.08 29.69 29.61 29.32 29.05 29.28 29.28 29.52 29.54 29.46 29.53 29.50 29.51 29.47 29.39 29.37 29.36 29.35 29.28 29.26 29.29 29.29 29.19 29.26 29.30 29.21 29.32 28.98 29.02 29.14 29.17 29.04 28.90 29.17 29.39 29.44 29.44 29.30 29.33 29.27 29.30 29.38 29.44 29.71 29.85 29.87 29.91 29.99 29.83 29.88 29.99 30.06 30.03 30.14 30.19 30.08 29.95
29.88 29.70 29.86 29.99 29.99 30.03 30.05 30.08 30.01 30.10 30.14 30.15 30.19 30.19 30.18 30.11 30.19 30.10 29.78 30.07 30.03 29.95 29.87 29.54 29.43 29.43 29.44 29.37 29.25 28.98 29.22 29.39 29.43 29.52 29.47 29.47 29.44 29.26 29.20 29.07 29.21 29.17 29.05 29.01 29.01 29.19 29.25 28.86 29.00 28.89 29.06 29.22 29.32 29.36 29.26 29.39 29.50 29.32 29.47 29.48 29.54 29.57 29.53 29.73 29.64 29.75 29.89 30.08 30.06 30.10 30.15 30.07 29.99 29.99 30.01 29.87 29.94
29.95 29.96 29.98 30.04 30.05 30.05 30.05 30.11 30.09 30.09 30.15 30.19 30.23 30.18 30.20 30.19 30.03 30.03 29.90 30.06 30.02 29.99 29.92 29.71 29.49 29.46 29.51 29.30 29.32 28.73 28.98 29.17 29.19 29.32 29.47 29.50 29.48 29.36 29.17 28.89 28.81 28.79 28.97 29.06 29.15 29.24 29.10 29.06 28.96 28.90 28.82 29.04 29.18 29.19 29.41 29.46 29.59 29.56 29.60 29.60 29.60 29.69 29.81 29.86 29.79 29.65 29.76 30.06 30.09 30.20 30.17 30.11 30.00 29.97 29.78 29.81 29.83
30.00 30.02 30.07 30.05 30.12 30.13 30.12 30.15 30.12 30.15 30.18 30.27 30.24 30.22 30.19 30.05 30.11 30.06 29.80 29.76 30.04 30.02 29.97 29.85 29.48 29.04 29.16 28.52 29.34 29.34 28.51 28.86 29.11 29.13 29.01 29.31 29.36 29.30 29.24 29.12 28.86 28.89 29.07 29.21 29.28 29.23 29.20 29.04 28.99 28.75 29.04 29.15 29.11 29.19 29.32 29.39 29.50 29.67 29.64 29.66 29.73 29.70 29.83 29.87 29.86 29.86 29.84 30.05 30.10 30.14 30.17 30.15 30.12 30.01 29.85 29.88 30.04
29.94 29.99 30.06 30.12 30.13 30.17 30.18 30.17 30.19 30.18 30.20 30.18 30.19 30.18 29.91 29.98 30.04 30.02 30.07 30.11 29.99 30.01 29.95 29.88 29.73 29.69 29.62 29.59 29.42 29.32 28.66 28.75 29.05 29.15 29.20 28.93 29.04 29.36 29.29 29.05 29.00 29.12 29.12 29.25 29.32 29.29 29.12 29.03 28.86 28.91 29.02 29.15 29.31 29.30 29.49 29.53 29.57 29.65 29.71 29.75 29.77 29.77 29.80 29.86 29.91 29.89 29.98 30.00 30.04 30.09 30.14 30.16 30.12 30.04 29.92 30.02 30.08
29.98 30.00 30.08 30.10 30.13 30.18 30.21 30.22 30.23 30.17 30.08 29.97 30.13 30.14 30.12 29.86 30.07 30.14 30.12 30.08 30.03 30.00 29.97 29.87 29.81 29.52 29.48 29.48 29.43 29.34 29.12 28.78 28.71 28.89 29.15 29.25 29.09 29.39 29.23 29.03 28.97 29.26 29.38 29.25 29.21 29.20 29.31 29.24 28.95 28.74 29.04 29.20 29.32 29.40 29.40 29.42 29.52 29.55 29.72 29.72 29.74 29.77 29.80 29.83 29.87 29.92 29.96 30.00 30.02 30.07 30.11 30.15 30.17 30.11 30.03 30.19 30.26
29.96 30.08 30.12 30.15 30.17 30.20 30.22 30.09 30.02 29.84 29.73 29.95 30.10 30.13 30.06 29.96 30.14 30.16 30.12 30.11 30.02 30.01 29.95 29.90 29.79 29.56 29.53 29.46 29.45 29.40 28.84 29.00 28.93 28.98 29.22 29.33 29.40 29.47 29.35 29.11 29.21 29.30 29.31 29.36 29.42 29.40 29.36 29.27 29.01 28.98 29.09 29.19 29.30 29.19 29.37 29.40 29.52 29.58 29.71 29.77 29.72 29.76 29.82 29.85 29.88 29.92 29.95 30.00 30.02 30.06 30.10 30.16 30.20 30.18 30.10 30.17 30.30
29.93 30.07 30.18 30.20 30.21 30.21 30.22 30.13 29.82 29.89 29.77 29.81 30.02 29.99 29.99 30.16 30.15 30.13 30.10 30.09 30.06 30.03 29.99 29.92 29.75 29.39 29.31 29.55 29.56 29.54 29.18 28.92 29.33 29.28 29.06 29.38 29.34 29.35 29.35 29.35 29.21 29.42 29.48 29.40 29.29 29.34 29.30 29.16 29.20 28.99 29.11 29.17 29.27 29.13 29.27 29.34 29.48 29.57 29.75 29.74 29.78 29.73 29.78 29.83 29.89 29.93 29.96 30.00 30.02 30.03 30.09 30.14 30.17 30.18 30.20 30.23 30.27
29.96 30.02 30.14 30.22 30.22 30.04 30.26 30.20 30.13 30.07 30.04 30.05 29.99 30.00 30.18 30.17 30.14 30.14 30.12 30.08 30.06 30.04 29.95 29.80 29.82 29.66 29.34 29.34 29.66 29.65 29.45 29.09 29.26 29.36 29.29 29.40 29.44 29.15 29.41 29.39 29.41 29.46 29.46 29.45 29.39 29.37 29.47 29.42 29.35 29.10 29.12 29.15 29.27 29.25 29.39 29.32 29.38 29.51 29.64 29.69 29.65 29.69 29.74 29.83 29.90 29.96 29.97 30.01 29.99 30.03 30.09 30.08 30.15 30.20 30.19 30.23 30.25
29.89 30.11 30.22 30.23 30.21 30.19 30.32 30.23 30.18 30.18 30.18 30.15 29.99 30.16 30.16 30.13 30.09 30.06 30.02 30.00 30.01 30.01 29.99 29.95 29.94 29.88 29.81 29.76 29.73 29.66 29.54 28.64 28.93 29.43 29.47 29.48 29.37 29.04 29.32 29.37 29.43 29.52 29.32 29.40 29.40 29.26 29.37 29.46 29.45 29.25 29.19 29.35 29.27 29.20 29.22 29.52 29.58 29.65 29.72 29.69 29.66 29.73 29.68 29.71 29.92 29.97 30.06 30.02 30.04 30.09 30.09 30.12 30.14 30.14 30.14 30.16 30.13
30.17 30.05 30.16 30.27 30.26 30.26 30.31 30.27 30.25 30.24 30.22 30.19 30.16 30.12 30.12 30.11 30.05 30.01 29.87 29.95 29.84 29.90 29.94 29.91 29.89 29.89 29.86 29.82 29.79 29.75 29.72 29.62 29.52 29.53 29.53 29.55 29.40 28.78 29.30 29.08 29.50 29.31 29.49 29.34 29.28 29.24 29.34 29.45 29.42 29.36 29.32 29.30 29.20 29.39 29.46 29.61 29.64 29.69 29.73 29.66 29.57 29.67 29.75 29.87 29.98 29.95 29.96 29.94 29.97 30.02 30.09 30.11 30.11 30.12 29.97 30.07 30.00
30.24 30.15 30.18 30.29 30.31 30.28 30.26 30.20 30.17 30.14 30.06 30.07 30.04 30.07 30.06 30.03 30.01 29.70 29.82 29.88 29.83 29.65 29.87 29.81 29.85 29.82 29.83 29.84 29.84 29.81 29.79 29.72 29.65 29.59 29.60 29.60 29.42 29.03 29.34 29.48 29.44 29.56 29.44 29.42 29.34 29.21 29.33 29.43 29.40 29.31 29.29 29.19 29.08 29.30 29.47 29.59 29.65 29.69 29.64 29.67 29.66 29.62 29.81 29.87 29.97 29.89 29.90 29.75 29.82 29.91 30.01 29.99 29.92 29.92 29.91 29.91 30.07
30.35 30.32 30.31 30.52 30.39 30.25 30.20 30.01 30.12 30.12 30.00 29.87 29.89 29.98 30.05 30.00 29.94 29.93 29.67 29.82 29.73 29.64 29.70 29.75 29.77 29.80 29.72 29.77 29.79 29.77 29.75 29.76 29.71 29.66 29.65 29.66 29.61 29.52 29.57 29.55 29.59 29.58 29.53 29.41 29.27 29.29 29.40 29.47 29.28 28.95 29.15 29.15 29.29 29.41 29.44 29.62 29.69 29.65 29.74 29.75 29.79 29.81 29.71 29.90 29.86 29.75 29.70 29.70 29.71 29.84 29.90 29.82 29.82 29.81 30.00 30.08 30.09
30.37 30.37 30.39 30.41 30.29 30.27 30.17 30.03 29.97 30.12 30.10 29.95 29.82 29.98 30.05 30.00 29.88 29.88 29.74 29.74 29.68 29.52 29.62 29.68 29.70 29.74 29.74 29.58 29.72 29.73 29.67 29.65 29.54 29.62 29.59 29.67 29.62 29.63 29.59 29.61 29.63 29.54 29.43 29.44 29.25 29.28 29.44 29.20 29.16 28.98 29.14 29.04 29.24 29.37 29.53 29.59 29.68 29.77 29.87 29.87 29.87 29.89 29.82 29.90 29.80 29.75 29.62 29.54 29.57 29.76 29.63 29.76 29.88 29.93 30.01 30.02 30.07
30.35 30.32 30.35 30.26 30.23 30.15 30.08 29.92 29.87 29.98 30.05 30.00 29.82 29.80 29.93 29.93 29.62 29.81 29.72 29.62 29.64 29.48 29.53 29.58 29.57 29.63 29.65 29.53 29.57 29.60 29.55 29.59 29.35 29.50 29.59 29.61 29.60 29.54 29.48 29.55 29.59 29.57 29.41 29.30 29.27 29.39 29.39 29.32 29.23 29.00 29.13 29.20 29.23 29.44 29.58 29.65 29.71 29.88 29.95 29.97 30.02 29.93 29.96 29.92 29.71 29.72 29.63 29.49 29.58 29.54 29.71 29.80 29.71 29.83 29.93 29.87 29.96
30.34 30.31 30.32 30.27 30.17 30.08 29.96 29.85 29.80 29.83 29.95 29.98 29.84 29.62 29.82 29.82 29.46 29.73 29.67 29.50 29.50 29.46 29.48 29.46 29.45 29.53 29.61 29.56 29.46 29.48 29.40 29.51 29.30 29.38 29.51 29.49 29.44 29.42 29.54 29.41 29.36 29.37 29.39 29.27 29.32 29.40 29.09 29.20 29.05 29.05 29.26 29.32 29.37 29.44 29.59 29.70 29.80 29.91 29.94 29.97 30.00 29.98 29.95 29.93 29.85 29.75 29.55 29.48 29.49 29.57 29.65 29.74 29.66 29.62 29.82 29.85 29.87
30.33 30.32 30.30 30.30 30.24 30.20 30.09 29.91 29.79 29.79 29.80 29.92 29.92 29.63 29.73 29.69 29.69 29.54 29.62 29.47 29.43 29.29 29.36 29.20 29.13 29.38 29.53 29.52 29.47 29.39 29.23 29.36 29.27 29.26 29.41 29.45 29.35 29.43 29.41 29.42 29.38 29.15 29.31 29.36 29.38 29.33 29.20 28.98 29.06 29.17 29.03 29.39 29.45 29.55 29.61 29.75 29.86 29.93 29.94 29.94 29.98 29.94 29.86 29.87 29.80 29.68 29.55 29.42 29.40 29.43 29.59 29.63 29.45 29.65 29.70 29.70 29.65
30.35 30.32 30.31 30.28 30.24 30.19 30.11 30.04 30.02 29.94 29.66 29.82 29.92 29.82 29.78 29.50 29.51 29.48 29.51 29.45 29.24 29.16 29.04 29.12 29.20 29.34 29.45 29.50 29.40 29.36 29.29 29.19 29.12 29.21 29.26 29.39 29.26 29.20 29.39 29.26 29.32 29.28 29.36 29.21 29.17 29.03 29.11 29.17 29.27 29.31 29.32 29.36 29.53 29.59 29.64 29.76 29.88 29.92 29.93 29.89 29.88 29.88 29.75 29.76 29.72 29.67 29.58 29.46 29.42 29.36 29.39 29.35 29.38 29.43 29.56 29.57 29.59
30.35 30.32 30.31 30.24 30.21 30.17 30.15 30.06 30.00 29.94 29.82 29.73 29.82 29.80 29.79 29.75 29.64 29.52 29.34 29.30 29.32 29.24 29.07 29.15 29.25 29.31 29.37 29.42 29.40 29.27 29.21 29.09 28.97 29.00 29.10 29.27 29.25 29.08 29.20 29.13 29.23 29.16 29.30 29.26 29.21 29.12 29.25 29.34 29.17 29.34 29.45 29.52 29.57 29.64 29.64 29.75 29.86 29.90 29.90 29.82 29.69 29.65 29.65 29.66 29.63 29.58 29.40 29.29 29.50 29.41 29.48 29.44 29.35 29.28 29.42 29.43 29.46
30.35 30.31 30.32 30.31 30.16 30.11 30.02 30.06 29.98 29.89 29.78 29.65 29.62 29.72 29.68 29.74 29.70 29.61 29.55 29.51 29.36 29.04 29.16 29.25 29.11 29.13 29.08 29.26 29.29 29.09 29.03 28.96 28.81 28.99 29.11 29.15 29.16 29.02 29.19 29.12 29.21 29.23 29.35 29.39 29.21 29.26 29.39 29.38 29.35 29.35 29.47 29.55 29.63 29.70 29.62 29.59 29.73 29.78 29.77 29.69 29.60 29.45 29.51 29.55 29.47 29.44 29.48 29.39 29.42 29.40 29.37 29.34 29.26 29.20 29.25 29.38 29.56
30.32 30.32 30.33 30.31 30.18 30.00 29.99 29.92 29.90 29.73 29.80 29.56 29.37 29.51 29.59 29.49 29.69 29.68 29.64 29.57 29.51 29.44 29.20 29.33 29.14 28.95 28.98 29.16 29.25 29.17 29.07 28.79 28.95 29.09 28.96 29.07 29.04 29.08 29.25 29.27 29.29 29.38 29.38 29.37 29.36 29.42 29.47 29.49 29.43 29.48 29.56 29.54 29.65 29.71 29.58 29.61 29.78 29.78 29.71 29.57 29.47 29.41 29.38 29.41 29.45 29.39 29.45 29.44 29.37 29.21 29.21 29.20 29.21 29.36 29.43 29.48 29.53
30.28 30.28 30.29 30.26 30.20 30.08 30.05 29.80 29.89 29.88 29.77 29.55 29.28 29.38 29.28 29.45 29.59 29.61 29.67 29.61 29.58 29.51 29.45 29.35 28.63 29.11 28.91 29.00 29.00 29.08 29.08 28.99 28.97 29.02 29.16 29.11 28.93 29.08 29.23 29.38 29.38 29.37 29.31 29.30 29.25 29.34 29.41 29.51 29.50 29.37 29.43 29.65 29.71 29.71 29.64 29.77 29.80 29.76 29.64 29.61 29.54 29.49 29.46 29.31 29.24 29.28 29.24 29.33 29.27 29.19 29.09 29.01 29.04 29.20 29.29 29.39 29.47
