main/data/temperature/14.05.2023.grid
ncols 886
nrows 691
xllcenter 112.0000
yllcenter -44.5000
cellsize 0.0500
nodata_value 99999.90
[rows 0 to 33 of 691, columns 154 to 230 of 886]
31.89 31.89 31.89 31.89 31.90 31.90 31.91 31.91 31.91 31.92 31.92 31.92 31.93 31.93 31.93 31.93 31.94 31.94 31.95 31.95 31.95 31.95 31.96 31.96 31.96 31.97 31.97 31.97 31.98 31.98 31.98 31.99 31.99 31.99 32.00 32.01 32.01 32.01 32.02 32.02 32.02 32.02 32.03 32.03 32.03 32.03 32.04 32.04 32.04 32.04 32.05 32.05 32.05 32.06 32.07 32.07 32.07 32.07 32.08 32.08 32.08 32.08 32.08 32.09 32.10 32.10 32.10 32.10 32.11 32.11 32.12 32.12 32.12 32.13 32.13 32.13 32.14
31.87 31.88 31.88 31.89 31.89 31.89 31.89 31.90 31.90 31.91 31.91 31.91 31.92 31.92 31.92 31.92 31.93 31.93 31.93 31.94 31.94 31.95 31.95 31.95 31.95 31.96 31.96 31.96 31.97 31.97 31.97 31.98 31.98 31.99 32.00 32.00 32.00 32.00 32.01 32.01 32.01 32.01 32.02 32.02 32.02 32.03 32.03 32.03 32.03 32.04 32.04 32.04 32.05 32.06 32.06 32.06 32.06 32.07 32.07 32.07 32.07 32.08 32.09 32.09 32.09 32.09 32.10 32.10 32.10 32.11 32.11 32.12 32.12 32.12 32.12 32.13 32.13
31.86 31.87 31.87 31.87 31.88 31.88 31.89 31.89 31.89 31.89 31.90 31.90 31.91 31.91 31.91 31.92 31.92 31.92 31.93 31.93 31.93 31.93 31.94 31.94 31.95 31.95 31.95 31.95 31.96 31.96 31.96 31.97 31.98 31.98 31.99 31.99 31.99 32.00 32.00 32.00 32.00 32.01 32.01 32.01 32.02 32.02 32.02 32.02 32.03 32.03 32.03 32.05 32.05 32.05 32.05 32.05 32.06 32.06 32.06 32.06 32.07 32.08 32.08 32.08 32.09 32.09 32.09 32.09 32.10 32.11 32.11 32.11 32.11 32.12 32.12 32.13 32.13
31.85 31.86 31.86 31.86 31.87 31.87 31.87 31.88 31.88 31.89 31.89 31.89 31.89 31.90 31.90 31.91 31.91 31.91 31.92 31.92 31.92 31.93 31.93 31.93 31.94 31.94 31.94 31.95 31.95 31.95 31.95 31.97 31.97 31.98 31.98 31.98 31.98 31.99 31.99 31.99 32.00 32.00 32.00 32.01 32.01 32.01 32.01 32.02 32.02 32.02 32.03 32.04 32.04 32.04 32.05 32.05 32.05 32.05 32.05 32.06 32.07 32.07 32.07 32.08 32.08 32.08 32.08 32.10 32.10 32.10 32.10 32.10 32.11 32.12 32.12 32.12 32.12
31.84 31.85 31.85 31.85 31.86 31.86 31.86 31.87 31.87 31.88 31.88 31.88 31.89 31.89 31.89 31.90 31.90 31.90 31.91 31.91 31.91 31.92 31.92 31.92 31.93 31.93 31.93 31.94 31.94 31.94 31.96 31.96 31.96 31.97 31.97 31.97 31.98 31.98 31.98 31.99 31.99 31.99 31.99 32.00 32.00 32.00 32.01 32.01 32.01 32.02 32.03 32.03 32.03 32.03 32.04 32.04 32.04 32.05 32.05 32.06 32.06 32.06 32.07 32.07 32.07 32.07 32.09 32.09 32.09 32.09 32.10 32.11 32.11 32.11 32.11 32.11 32.13
31.83 31.83 31.84 31.84 31.85 31.85 31.85 31.86 31.86 31.86 31.87 31.87 31.88 31.88 31.88 31.89 31.89 31.89 31.90 31.90 31.90 31.91 31.91 31.91 31.92 31.92 31.92 31.93 31.93 31.94 31.95 31.95 31.95 31.96 31.96 31.96 31.97 31.97 31.97 31.98 31.98 31.98 31.99 31.99 31.99 32.00 32.00 32.00 32.01 32.02 32.02 32.02 32.03 32.03 32.03 32.03 32.04 32.04 32.05 32.05 32.06 32.06 32.06 32.06 32.07 32.08 32.08 32.08 32.08 32.09 32.10 32.10 32.10 32.10 32.11 32.12 32.12
31.82 31.83 31.83 31.83 31.84 31.84 31.84 31.85 31.85 31.85 31.86 31.86 31.86 31.87 31.87 31.88 31.88 31.88 31.89 31.89 31.89 31.90 31.90 31.91 31.91 31.91 31.92 31.92 31.93 31.93 31.94 31.94 31.95 31.95 31.95 31.95 31.96 31.96 31.96 31.97 31.97 31.97 31.98 31.98 31.98 31.99 31.99 32.00 32.01 32.01 32.01 32.01 32.02 32.02 32.02 32.03 32.03 32.04 32.04 32.05 32.05 32.05 32.05 32.06 32.07 32.07 32.07 32.08 32.08 32.09 32.09 32.09 32.10 32.11 32.11 32.11 32.12
31.81 31.81 31.82 31.82 31.83 31.83 31.83 31.84 31.84 31.84 31.85 31.85 31.86 31.86 31.86 31.87 31.87 31.87 31.88 31.88 31.89 31.89 31.89 31.89 31.90 31.90 31.91 31.92 31.92 31.93 31.93 31.93 31.94 31.94 31.94 31.95 31.95 31.95 31.96 31.96 31.96 31.97 31.97 31.97 31.98 31.98 31.99 32.00 32.00 32.00 32.00 32.01 32.01 32.01 32.02 32.02 32.03 32.03 32.04 32.04 32.04 32.04 32.05 32.06 32.06 32.07 32.07 32.07 32.08 32.08 32.09 32.09 32.10 32.10 32.11 32.11 32.12
31.80 31.80 31.81 31.81 31.82 31.82 31.82 31.83 31.83 31.83 31.84 31.84 31.85 31.85 31.85 31.86 31.86 31.86 31.87 31.87 31.88 31.88 31.88 31.89 31.89 31.89 31.91 31.91 31.91 31.92 31.92 31.92 31.93 31.93 31.93 31.94 31.94 31.95 31.95 31.95 31.95 31.96 31.96 31.96 31.97 31.98 31.99 31.99 31.99 31.99 32.00 32.00 32.00 32.01 32.01 32.02 32.03 32.03 32.03 32.03 32.04 32.04 32.05 32.05 32.06 32.06 32.06 32.07 32.08 32.08 32.08 32.09 32.10 32.10 32.10 32.11 32.11
31.79 31.79 31.80 31.80 31.80 31.81 31.81 31.82 31.82 31.82 31.83 31.83 31.84 31.84 31.84 31.85 31.85 31.86 31.86 31.86 31.87 31.87 31.87 31.88 31.88 31.89 31.90 31.90 31.91 31.91 31.91 31.92 31.92 31.92 31.93 31.93 31.93 31.94 31.94 31.94 31.95 31.95 31.95 31.96 31.97 31.97 31.98 31.98 31.98 31.99 31.99 31.99 32.00 32.00 32.01 32.01 32.02 32.02 32.02 32.03 32.04 32.04 32.05 32.05 32.05 32.05 32.07 32.07 32.07 32.07 32.09 32.09 32.09 32.09 32.10 32.11 32.11
31.78 31.78 31.79 31.79 31.80 31.80 31.80 31.81 31.81 31.81 31.82 31.82 31.83 31.83 31.83 31.84 31.84 31.84 31.85 31.85 31.86 31.86 31.86 31.87 31.88 31.89 31.89 31.89 31.90 31.90 31.90 31.91 31.91 31.91 31.92 31.92 31.93 31.93 31.93 31.94 31.94 31.94 31.95 31.96 31.96 31.97 31.97 31.97 31.98 31.98 31.98 31.99 31.99 32.00 32.01 32.01 32.01 32.01 32.02 32.03 32.03 32.04 32.04 32.04 32.04 32.06 32.06 32.06 32.06 32.08 32.08 32.08 32.09 32.10 32.10 32.10 32.11
31.77 31.77 31.78 31.78 31.79 31.79 31.79 31.80 31.80 31.80 31.81 31.81 31.82 31.82 31.82 31.83 31.83 31.84 31.84 31.84 31.85 31.85 31.86 31.87 31.87 31.88 31.88 31.88 31.89 31.89 31.89 31.90 31.90 31.91 31.91 31.91 31.92 31.92 31.92 31.93 31.93 31.93 31.95 31.95 31.95 31.96 31.96 31.96 31.97 31.97 31.98 31.99 31.99 32.00 32.00 32.00 32.01 32.01 32.02 32.02 32.03 32.03 32.03 32.03 32.05 32.05 32.05 32.06 32.07 32.07 32.07 32.08 32.09 32.09 32.09 32.11 32.11
31.76 31.76 31.77 31.77 31.77 31.78 31.78 31.79 31.79 31.80 31.80 31.80 31.81 31.81 31.82 31.82 31.82 31.83 31.83 31.83 31.84 31.84 31.86 31.86 31.86 31.87 31.87 31.88 31.88 31.88 31.89 31.89 31.89 31.90 31.90 31.91 31.91 31.91 31.92 31.92 31.92 31.94 31.94 31.94 31.95 31.95 31.95 31.96 31.96 31.96 31.98 31.98 31.99 31.99 31.99 32.00 32.00 32.01 32.01 32.02 32.02 32.02 32.03 32.04 32.04 32.05 32.05 32.06 32.06 32.07 32.07 32.08 32.08 32.09 32.10 32.10 32.10
31.75 31.75 31.76 31.76 31.76 31.77 31.77 31.78 31.78 31.79 31.79 31.79 31.80 31.80 31.80 31.81 31.81 31.82 31.82 31.83 31.83 31.84 31.85 31.85 31.86 31.86 31.86 31.87 31.87 31.87 31.88 31.88 31.89 31.89 31.89 31.90 31.90 31.91 31.91 31.91 31.93 31.93 31.93 31.94 31.94 31.94 31.95 31.95 31.95 31.97 31.97 31.98 31.98 31.98 31.99 31.99 32.00 32.01 32.01 32.01 32.01 32.03 32.03 32.03 32.04 32.04 32.05 32.05 32.06 32.06 32.07 32.08 32.08 32.09 32.09 32.10 32.11
31.74 31.74 31.75 31.75 31.75 31.76 31.76 31.77 31.77 31.77 31.78 31.78 31.79 31.79 31.80 31.80 31.80 31.81 31.81 31.82 31.83 31.83 31.84 31.84 31.85 31.85 31.85 31.86 31.86 31.87 31.87 31.87 31.88 31.88 31.89 31.89 31.89 31.90 31.90 31.91 31.92 31.92 31.93 31.93 31.93 31.94 31.94 31.94 31.96 31.96 31.96 31.97 31.97 31.98 31.98 31.99 32.00 32.00 32.00 32.01 32.02 32.02 32.03 32.03 32.03 32.04 32.05 32.05 32.06 32.07 32.07 32.07 32.08 32.09 32.09 32.10 32.10
31.73 31.73 31.74 31.74 31.74 31.75 31.75 31.76 31.76 31.76 31.77 31.77 31.78 31.78 31.79 31.79 31.79 31.80 31.80 31.82 31.82 31.83 31.83 31.83 31.84 31.84 31.84 31.85 31.85 31.86 31.86 31.86 31.87 31.87 31.88 31.88 31.89 31.89 31.90 31.91 31.91 31.91 31.92 31.92 31.93 31.93 31.93 31.95 31.95 31.95 31.96 31.96 31.96 31.97 31.98 31.99 31.99 31.99 32.00 32.01 32.01 32.02 32.02 32.02 32.03 32.04 32.04 32.05 32.06 32.06 32.06 32.08 32.08 32.08 32.09 32.10 32.11
31.72 31.72 31.73 31.73 31.73 31.74 31.74 31.75 31.75 31.76 31.76 31.76 31.77 31.77 31.78 31.78 31.79 31.79 31.80 31.81 31.81 31.82 31.82 31.82 31.83 31.83 31.84 31.84 31.84 31.85 31.85 31.86 31.86 31.86 31.87 31.87 31.88 31.89 31.89 31.90 31.90 31.91 31.91 31.91 31.92 31.92 31.94 31.94 31.94 31.95 31.95 31.95 31.96 31.97 31.98 31.98 31.98 31.99 32.00 32.00 32.01 32.01 32.01 32.03 32.03 32.03 32.05 32.05 32.05 32.05 32.07 32.07 32.07 32.09 32.09 32.10 32.10
31.71 31.71 31.72 31.72 31.73 31.73 31.73 31.74 31.74 31.75 31.75 31.75 31.76 31.76 31.77 31.77 31.78 31.79 31.79 31.80 31.80 31.81 31.81 31.82 31.82 31.82 31.83 31.83 31.84 31.84 31.84 31.85 31.85 31.86 31.86 31.86 31.88 31.88 31.89 31.89 31.89 31.90 31.90 31.91 31.91 31.93 31.93 31.93 31.94 31.94 31.94 31.95 31.96 31.97 31.97 31.97 31.98 31.99 31.99 32.00 32.00 32.00 32.02 32.02 32.02 32.04 32.04 32.04 32.05 32.06 32.06 32.07 32.08 32.08 32.09 32.10 32.10
31.70 31.70 31.71 31.71 31.71 31.72 31.72 31.73 31.73 31.74 31.74 31.75 31.75 31.75 31.76 31.76 31.78 31.78 31.79 31.79 31.79 31.80 31.80 31.81 31.81 31.82 31.82 31.82 31.83 31.83 31.84 31.84 31.84 31.85 31.85 31.87 31.87 31.88 31.88 31.88 31.89 31.89 31.90 31.90 31.91 31.92 31.92 31.93 31.93 31.93 31.94 31.95 31.96 31.96 31.96 31.97 31.98 31.98 31.99 31.99 32.01 32.01 32.01 32.01 32.03 32.03 32.03 32.04 32.05 32.05 32.07 32.07 32.07 32.09 32.09 32.09 32.10
31.69 31.69 31.70 31.70 31.70 31.71 31.71 31.72 31.72 31.73 31.73 31.74 31.74 31.74 31.75 31.75 31.77 31.77 31.78 31.78 31.79 31.79 31.79 31.80 31.80 31.81 31.81 31.82 31.82 31.82 31.83 31.83 31.84 31.84 31.86 31.86 31.86 31.87 31.87 31.88 31.88 31.89 31.89 31.90 31.91 31.91 31.92 31.92 31.92 31.93 31.94 31.95 31.95 31.95 31.96 31.97 31.97 31.98 31.98 32.00 32.00 32.00 32.01 32.02 32.02 32.03 32.04 32.04 32.05 32.06 32.06 32.07 32.08 32.08 32.08 32.10 32.10
31.68 31.68 31.69 31.69 31.70 31.70 31.70 31.71 31.71 31.72 31.72 31.73 31.73 31.74 31.74 31.75 31.76 31.76 31.77 31.77 31.78 31.78 31.79 31.79 31.79 31.80 31.80 31.81 31.81 31.82 31.82 31.82 31.83 31.84 31.85 31.85 31.86 31.86 31.86 31.87 31.87 31.88 31.89 31.90 31.90 31.90 31.91 31.91 31.92 31.93 31.94 31.94 31.94 31.95 31.96 31.96 31.97 31.97 31.99 31.99 31.99 32.00 32.01 32.01 32.02 32.03 32.03 32.04 32.05 32.05 32.06 32.07 32.08 32.09 32.09 32.09 32.11
31.67 31.67 31.68 31.68 31.68 31.69 31.69 31.70 31.70 31.71 31.71 31.72 31.72 31.73 31.74 31.75 31.75 31.75 31.76 31.76 31.77 31.77 31.78 31.78 31.79 31.79 31.79 31.80 31.80 31.81 31.81 31.82 31.83 31.84 31.84 31.84 31.85 31.85 31.86 31.86 31.87 31.88 31.88 31.89 31.89 31.90 31.90 31.91 31.92 31.92 31.93 31.93 31.94 31.95 31.95 31.96 31.96 31.98 31.98 31.98 31.99 32.00 32.01 32.01 32.02 32.03 32.03 32.04 32.05 32.05 32.06 32.07 32.08 32.08 32.09 32.10 32.10
31.66 31.66 31.67 31.67 31.67 31.68 31.68 31.69 31.69 31.70 31.70 31.71 31.71 31.73 31.73 31.74 31.74 31.75 31.75 31.75 31.76 31.76 31.77 31.77 31.78 31.78 31.79 31.79 31.80 31.80 31.80 31.82 31.82 31.83 31.83 31.84 31.84 31.85 31.85 31.85 31.87 31.87 31.88 31.88 31.89 31.89 31.89 31.91 31.91 31.92 31.92 31.93 31.94 31.95 31.95 31.95 31.97 31.97 31.98 31.98 31.99 32.00 32.00 32.01 32.02 32.02 32.04 32.04 32.04 32.06 32.06 32.07 32.08 32.08 32.09 32.10 32.11
31.65 31.65 31.66 31.66 31.67 31.67 31.67 31.68 31.68 31.69 31.69 31.70 31.71 31.72 31.72 31.73 31.73 31.74 31.74 31.75 31.75 31.75 31.76 31.76 31.77 31.77 31.78 31.78 31.79 31.79 31.81 31.81 31.82 31.82 31.82 31.83 31.83 31.84 31.84 31.86 31.86 31.87 31.87 31.88 31.88 31.88 31.90 31.90 31.91 31.91 31.92 31.93 31.93 31.94 31.94 31.96 31.96 31.97 31.97 31.98 31.99 31.99 32.01 32.01 32.01 32.03 32.03 32.03 32.05 32.05 32.07 32.07 32.07 32.09 32.09 32.10 32.10
31.64 31.64 31.65 31.65 31.66 31.66 31.67 31.67 31.67 31.68 31.68 31.70 31.70 31.71 31.71 31.72 31.72 31.73 31.73 31.74 31.74 31.75 31.75 31.76 31.76 31.76 31.77 31.77 31.78 31.79 31.80 31.80 31.81 31.81 31.82 31.82 31.83 31.83 31.85 31.85 31.85 31.86 31.86 31.87 31.87 31.89 31.89 31.90 31.90 31.91 31.92 31.92 31.93 31.93 31.95 31.95 31.96 31.96 31.97 31.98 31.98 32.00 32.00 32.01 32.02 32.02 32.03 32.04 32.04 32.06 32.06 32.06 32.08 32.08 32.10 32.10 32.11
31.63 31.63 31.64 31.64 31.65 31.65 31.66 31.66 31.67 31.67 31.68 31.69 31.69 31.70 31.70 31.71 31.71 31.72 31.72 31.73 31.73 31.74 31.74 31.75 31.75 31.76 31.76 31.76 31.78 31.79 31.79 31.79 31.80 31.80 31.81 31.81 31.82 31.83 31.84 31.84 31.85 31.85 31.86 31.86 31.88 31.88 31.89 31.89 31.89 31.91 31.91 31.92 31.92 31.94 31.94 31.95 31.95 31.96 31.97 31.97 31.99 31.99 32.00 32.01 32.01 32.02 32.03 32.04 32.05 32.05 32.07 32.07 32.08 32.09 32.09 32.10 32.12
31.62 31.62 31.63 31.63 31.64 31.64 31.65 31.65 31.66 31.67 31.68 31.68 31.68 31.69 31.70 31.70 31.70 31.71 31.71 31.72 31.72 31.73 31.73 31.74 31.74 31.75 31.75 31.77 31.77 31.78 31.78 31.79 31.79 31.80 31.80 31.81 31.82 31.83 31.83 31.84 31.84 31.85 31.85 31.86 31.87 31.87 31.88 31.88 31.90 31.90 31.91 31.91 31.93 31.93 31.94 31.94 31.95 31.96 31.96 31.98 31.98 31.99 32.00 32.01 32.01 32.02 32.03 32.04 32.05 32.06 32.06 32.07 32.08 32.08 32.10 32.11 32.12
31.61 31.61 31.62 31.62 31.63 31.63 31.64 31.64 31.66 31.66 31.67 31.67 31.68 31.68 31.69 31.69 31.70 31.70 31.70 31.71 31.71 31.72 31.73 31.73 31.73 31.74 31.75 31.76 31.76 31.77 31.77 31.78 31.78 31.79 31.79 31.81 31.81 31.82 31.82 31.83 31.83 31.84 31.85 31.86 31.86 31.87 31.87 31.89 31.89 31.90 31.90 31.92 31.92 31.93 31.93 31.95 31.95 31.95 31.97 31.97 31.98 31.99 32.00 32.00 32.01 32.02 32.03 32.04 32.05 32.06 32.07 32.07 32.09 32.09 32.10 32.11 32.12
31.60 31.60 31.61 31.61 31.62 31.62 31.63 31.63 31.65 31.65 31.66 31.66 31.67 31.67 31.68 31.68 31.69 31.69 31.70 31.70 31.71 31.71 31.72 31.72 31.73 31.74 31.75 31.75 31.76 31.76 31.77 31.77 31.78 31.78 31.80 31.80 31.81 31.81 31.82 31.82 31.83 31.84 31.85 31.85 31.86 31.86 31.88 31.88 31.89 31.89 31.91 31.91 31.91 31.92 31.93 31.94 31.95 31.96 31.96 31.97 31.98 31.99 31.99 32.01 32.01 32.03 32.03 32.04 32.05 32.06 32.07 32.08 32.08 32.10 32.10 32.12 32.12
31.59 31.59 31.60 31.60 31.61 31.61 31.62 31.63 31.64 31.64 31.65 31.65 31.66 31.66 31.67 31.67 31.68 31.68 31.69 31.69 31.70 31.70 31.71 31.71 31.73 31.73 31.74 31.74 31.75 31.75 31.76 31.76 31.77 31.78 31.79 31.79 31.80 31.80 31.81 31.81 31.83 31.83 31.84 31.85 31.85 31.86 31.87 31.88 31.88 31.89 31.90 31.90 31.91 31.92 31.93 31.93 31.95 31.95 31.96 31.97 31.98 31.99 32.00 32.00 32.02 32.02 32.04 32.04 32.05 32.06 32.07 32.08 32.09 32.10 32.11 32.11 32.13
31.58 31.58 31.59 31.59 31.60 31.60 31.62 31.62 31.63 31.63 31.64 31.64 31.65 31.65 31.66 31.66 31.67 31.67 31.68 31.68 31.69 31.69 31.70 31.71 31.72 31.73 31.73 31.74 31.74 31.75 31.75 31.76 31.77 31.78 31.78 31.79 31.79 31.80 31.80 31.82 31.82 31.83 31.83 31.84 31.85 31.86 31.86 31.87 31.88 31.89 31.89 31.90 31.91 31.92 31.92 31.94 31.95 31.95 31.96 31.97 31.98 31.99 31.99 32.01 32.01 32.03 32.03 32.05 32.05 32.06 32.07 32.08 32.09 32.10 32.11 32.12 32.12
31.57 31.57 31.58 31.58 31.59 31.60 31.61 31.61 31.62 31.62 31.63 31.64 31.64 31.64 31.65 31.66 31.66 31.67 31.67 31.68 31.68 31.69 31.70 31.71 31.71 31.72 31.72 31.73 31.73 31.74 31.74 31.76 31.76 31.77 31.77 31.78 31.78 31.79 31.80 31.81 31.82 31.82 31.83 31.84 31.85 31.85 31.86 31.87 31.88 31.88 31.89 31.90 31.91 31.91 31.93 31.93 31.94 31.95 31.96 31.98 31.98 31.99 32.00 32.00 32.02 32.02 32.04 32.04 32.06 32.06 32.08 32.08 32.10 32.10 32.11 32.12 32.13
31.56 31.57 31.57 31.58 31.59 31.59 31.60 31.61 31.61 31.62 31.62 31.63 31.63 31.64 31.64 31.65 31.65 31.66 31.66 31.67 31.67 31.69 31.69 31.70 31.70 31.71 31.71 31.72 31.72 31.73 31.75 31.75 31.76 31.76 31.77 31.77 31.78 31.79 31.80 31.80 31.81 31.81 31.83 31.83 31.84 31.85 31.86 31.87 31.87 31.88 31.89 31.90 31.90 31.92 31.92 31.93 31.95 31.95 31.96 31.97 31.98 31.99 32.00 32.01 32.01 32.03 32.03 32.05 32.05 32.07 32.07 32.09 32.09 32.11 32.11 32.12 32.12
31.55 31.55 31.56 31.58 31.58 31.59 31.59 31.60 31.60 31.61 31.61 31.62 31.62 31.63 31.63 31.64 31.64 31.65 31.65 31.66 31.66 31.68 31.69 31.69 31.70 31.70 31.71 31.71 31.72 31.72 31.74 31.74 31.75 31.75 31.76 31.77 31.78 31.79 31.79 31.80 31.80 31.82 31.82 31.83 31.83 31.85 31.86 31.86 31.87 31.88 31.89 31.89 31.91 31.91 31.92 31.93 31.94 31.95 31.96 31.97 31.98 31.99 32.00 32.01 32.02 32.03 32.04 32.05 32.06 32.07 32.08 32.08 32.10 32.11 32.12 32.12 32.12
