main/data/temperature/16.04.2023.grid
ncols 886
nrows 691
xllcenter 112.0000
yllcenter -44.5000
cellsize 0.0500
nodata_value 99999.90
[rows 510 to 543 of 691, columns 154 to 230 of 886]
22.38 22.41 22.42 22.44 22.46 22.48 22.49 22.50 22.52 22.53 22.54 22.54 22.55 22.56 22.56 22.56 22.57 22.56 22.57 22.56 22.55 22.56 22.55 22.54 22.54 22.53 22.52 22.51 22.51 22.49 22.48 22.47 22.46 22.44 22.44 22.42 22.41 22.40 22.39 22.38 22.36 22.34 22.34 22.32 22.32 22.30 22.29 22.28 22.27 22.26 22.25 22.24 22.23 22.22 22.21 22.20 22.19 22.18 22.18 22.17 22.16 22.15 22.14 22.14 22.13 22.13 22.12 22.11 22.10 22.10 22.09 22.09 22.07 22.07 22.06 22.06 22.05
22.34 22.37 22.39 22.40 22.42 22.44 22.45 22.46 22.48 22.49 22.50 22.51 22.51 22.52 22.52 22.53 22.52 22.53 22.52 22.52 22.51 22.52 22.51 22.51 22.50 22.49 22.49 22.47 22.46 22.45 22.44 22.43 22.42 22.40 22.39 22.39 22.37 22.35 22.34 22.33 22.32 22.30 22.30 22.28 22.27 22.26 22.25 22.23 22.22 22.21 22.20 22.19 22.18 22.17 22.16 22.16 22.14 22.13 22.13 22.12 22.11 22.10 22.09 22.08 22.08 22.07 22.07 22.05 22.05 22.04 22.04 22.02 22.02 22.01 22.01 21.99 21.99
22.31 22.33 22.35 22.36 22.39 22.40 22.42 22.43 22.44 22.45 22.46 22.47 22.47 22.48 22.49 22.49 22.48 22.49 22.48 22.48 22.49 22.48 22.47 22.47 22.46 22.45 22.44 22.43 22.42 22.41 22.40 22.39 22.38 22.37 22.35 22.34 22.33 22.31 22.30 22.29 22.27 22.26 22.25 22.23 22.23 22.21 22.20 22.19 22.18 22.16 22.15 22.15 22.13 22.12 22.11 22.11 22.09 22.08 22.07 22.07 22.05 22.04 22.04 22.03 22.02 22.02 22.00 22.00 21.99 21.98 21.98 21.96 21.96 21.95 21.95 21.94 21.93
22.27 22.30 22.32 22.33 22.36 22.37 22.38 22.40 22.41 22.42 22.42 22.43 22.44 22.44 22.45 22.44 22.45 22.45 22.45 22.44 22.45 22.44 22.44 22.42 22.41 22.41 22.40 22.40 22.38 22.37 22.36 22.35 22.33 22.33 22.31 22.30 22.29 22.27 22.26 22.25 22.23 22.21 22.21 22.19 22.18 22.16 22.16 22.14 22.13 22.12 22.10 22.10 22.08 22.07 22.06 22.06 22.04 22.03 22.02 22.02 22.00 21.99 21.98 21.98 21.97 21.96 21.95 21.94 21.93 21.93 21.91 21.91 21.90 21.90 21.88 21.88 21.87
22.25 22.26 22.28 22.30 22.32 22.34 22.35 22.36 22.38 22.38 22.39 22.40 22.40 22.41 22.41 22.41 22.41 22.41 22.41 22.41 22.41 22.40 22.39 22.38 22.38 22.37 22.36 22.35 22.34 22.33 22.32 22.31 22.30 22.28 22.27 22.26 22.24 22.23 22.21 22.21 22.19 22.17 22.16 22.15 22.14 22.12 22.11 22.10 22.08 22.08 22.06 22.05 22.04 22.02 22.01 22.01 22.00 21.98 21.97 21.96 21.96 21.94 21.93 21.92 21.92 21.90 21.89 21.89 21.88 21.87 21.86 21.85 21.84 21.83 21.82 21.82 21.80
22.22 22.23 22.25 22.27 22.28 22.29 22.31 22.32 22.33 22.34 22.36 22.36 22.37 22.37 22.38 22.37 22.37 22.38 22.38 22.37 22.37 22.37 22.35 22.35 22.34 22.34 22.32 22.32 22.30 22.30 22.28 22.26 22.26 22.24 22.23 22.22 22.20 22.19 22.17 22.17 22.15 22.14 22.12 22.11 22.09 22.07 22.06 22.06 22.04 22.03 22.01 22.00 21.99 21.98 21.96 21.95 21.95 21.93 21.92 21.91 21.90 21.89 21.88 21.87 21.86 21.85 21.84 21.83 21.82 21.82 21.80 21.79 21.79 21.77 21.76 21.76 21.74
22.17 22.20 22.22 22.23 22.25 22.26 22.28 22.29 22.30 22.31 22.32 22.33 22.33 22.34 22.34 22.33 22.34 22.34 22.34 22.34 22.33 22.32 22.32 22.31 22.31 22.29 22.29 22.27 22.27 22.25 22.24 22.23 22.21 22.20 22.19 22.18 22.16 22.15 22.13 22.12 22.10 22.09 22.08 22.07 22.05 22.04 22.02 22.01 21.99 21.98 21.97 21.95 21.94 21.93 21.91 21.90 21.90 21.89 21.87 21.86 21.85 21.84 21.82 21.82 21.81 21.80 21.78 21.78 21.77 21.76 21.74 21.73 21.73 21.71 21.70 21.70 21.69
22.14 22.17 22.19 22.20 22.22 22.23 22.25 22.26 22.27 22.27 22.29 22.29 22.30 22.30 22.31 22.31 22.31 22.30 22.30 22.30 22.30 22.28 22.28 22.28 22.26 22.26 22.24 22.24 22.22 22.22 22.20 22.19 22.17 22.16 22.15 22.14 22.12 22.11 22.09 22.08 22.06 22.05 22.03 22.02 22.00 21.99 21.97 21.96 21.95 21.93 21.92 21.91 21.89 21.88 21.87 21.85 21.84 21.83 21.82 21.81 21.80 21.79 21.77 21.76 21.75 21.75 21.73 21.72 21.71 21.70 21.68 21.67 21.67 21.65 21.64 21.64 21.63
22.11 22.14 22.16 22.17 22.19 22.20 22.22 22.23 22.23 22.25 22.25 22.26 22.26 22.27 22.27 22.27 22.27 22.27 22.26 22.26 22.26 22.25 22.24 22.24 22.23 22.22 22.21 22.19 22.19 22.17 22.16 22.15 22.14 22.13 22.11 22.10 22.08 22.07 22.05 22.04 22.02 22.01 21.99 21.98 21.96 21.95 21.93 21.92 21.90 21.88 21.87 21.86 21.84 21.83 21.82 21.80 21.79 21.78 21.77 21.75 21.75 21.74 21.73 21.71 21.70 21.69 21.67 21.66 21.65 21.64 21.62 21.61 21.61 21.59 21.59 21.58 21.57
22.08 22.10 22.13 22.14 22.16 22.17 22.18 22.19 22.20 22.22 22.22 22.22 22.23 22.23 22.23 22.23 22.23 22.23 22.23 22.23 22.23 22.21 22.21 22.20 22.19 22.18 22.17 22.16 22.15 22.13 22.13 22.11 22.10 22.08 22.07 22.05 22.04 22.03 22.01 22.00 21.98 21.96 21.94 21.93 21.92 21.90 21.89 21.87 21.86 21.85 21.83 21.81 21.80 21.78 21.77 21.76 21.74 21.73 21.72 21.70 21.69 21.68 21.67 21.66 21.64 21.63 21.62 21.60 21.59 21.58 21.57 21.55 21.55 21.54 21.53 21.52 21.51
22.06 22.07 22.09 22.11 22.12 22.14 22.15 22.16 22.18 22.18 22.19 22.19 22.20 22.20 22.21 22.21 22.21 22.21 22.19 22.19 22.19 22.18 22.18 22.16 22.16 22.15 22.13 22.13 22.11 22.10 22.09 22.07 22.06 22.04 22.03 22.01 22.00 21.99 21.97 21.95 21.93 21.92 21.90 21.89 21.88 21.86 21.84 21.83 21.81 21.80 21.78 21.77 21.75 21.74 21.72 21.71 21.70 21.68 21.67 21.66 21.64 21.62 21.61 21.60 21.58 21.56 21.55 21.54 21.53 21.52 21.51 21.49 21.49 21.48 21.47 21.46 21.42
22.03 22.05 22.06 22.08 22.10 22.11 22.12 22.13 22.14 22.15 22.16 22.16 22.17 22.17 22.17 22.17 22.17 22.17 22.16 22.16 22.15 22.14 22.14 22.13 22.12 22.11 22.10 22.09 22.07 22.06 22.05 22.03 22.02 22.00 21.99 21.98 21.96 21.95 21.92 21.91 21.89 21.88 21.87 21.84 21.83 21.81 21.80 21.79 21.76 21.75 21.74 21.72 21.71 21.69 21.67 21.66 21.65 21.64 21.61 21.60 21.58 21.56 21.55 21.53 21.52 21.50 21.49 21.48 21.47 21.46 21.45 21.44 21.43 21.42 21.39 21.36 21.32
22.01 22.02 22.04 22.05 22.07 22.08 22.09 22.10 22.11 22.12 22.13 22.13 22.13 22.13 22.14 22.14 22.14 22.14 22.13 22.12 22.12 22.11 22.11 22.10 22.08 22.07 22.07 22.05 22.04 22.03 22.01 22.00 21.99 21.96 21.95 21.94 21.92 21.91 21.88 21.87 21.86 21.84 21.82 21.80 21.79 21.77 21.75 21.74 21.73 21.70 21.69 21.68 21.66 21.64 21.63 21.60 21.59 21.57 21.55 21.53 21.52 21.51 21.48 21.47 21.46 21.45 21.43 21.42 21.42 21.40 21.39 21.38 21.35 21.32 21.29 21.24 21.20
21.97 21.99 22.00 22.02 22.03 22.05 22.06 22.08 22.08 22.09 22.09 22.10 22.10 22.11 22.11 22.10 22.10 22.10 22.10 22.09 22.09 22.08 22.07 22.06 22.05 22.04 22.03 22.01 22.00 21.99 21.97 21.96 21.95 21.93 21.91 21.89 21.88 21.87 21.84 21.83 21.82 21.79 21.78 21.77 21.74 21.73 21.71 21.69 21.68 21.67 21.64 21.63 21.61 21.58 21.57 21.55 21.52 21.51 21.49 21.47 21.45 21.44 21.43 21.41 21.40 21.39 21.37 21.36 21.36 21.33 21.32 21.29 21.24 21.20 21.17 21.12 21.09
21.95 21.96 21.98 21.99 22.01 22.02 22.03 22.04 22.05 22.06 22.06 22.07 22.07 22.08 22.08 22.08 22.07 22.07 22.07 22.06 22.06 22.04 22.03 22.03 22.02 22.01 21.99 21.98 21.97 21.96 21.94 21.92 21.91 21.89 21.88 21.86 21.84 21.83 21.81 21.79 21.77 21.75 21.74 21.72 21.70 21.68 21.67 21.64 21.63 21.61 21.58 21.56 21.54 21.51 21.50 21.48 21.47 21.44 21.43 21.41 21.39 21.38 21.37 21.36 21.34 21.33 21.32 21.30 21.28 21.25 21.20 21.16 21.13 21.08 21.05 21.00 20.97
21.91 21.94 21.95 21.97 21.99 21.99 22.00 22.02 22.02 22.02 22.04 22.04 22.04 22.04 22.04 22.04 22.05 22.04 22.04 22.02 22.02 22.01 22.00 21.99 21.99 21.97 21.96 21.94 21.93 21.92 21.90 21.89 21.87 21.85 21.84 21.82 21.80 21.78 21.77 21.75 21.73 21.72 21.69 21.67 21.66 21.63 21.61 21.59 21.56 21.54 21.52 21.49 21.47 21.46 21.44 21.41 21.40 21.39 21.36 21.35 21.34 21.32 21.31 21.30 21.29 21.26 21.24 21.21 21.16 21.13 21.09 21.04 21.01 20.96 20.93 20.90 20.86
21.89 21.91 21.92 21.94 21.95 21.97 21.97 21.98 22.00 22.00 22.00 22.01 22.01 22.01 22.01 22.01 22.01 22.00 22.00 21.99 21.99 21.98 21.97 21.96 21.95 21.93 21.92 21.91 21.90 21.89 21.86 21.85 21.84 21.81 21.80 21.78 21.77 21.74 21.73 21.71 21.69 21.67 21.65 21.61 21.59 21.57 21.54 21.52 21.50 21.47 21.45 21.43 21.40 21.39 21.37 21.36 21.33 21.32 21.31 21.29 21.28 21.27 21.24 21.23 21.20 21.17 21.12 21.08 21.05 21.00 20.97 20.93 20.89 20.86 20.82 20.79 20.75
21.87 21.88 21.90 21.91 21.92 21.93 21.95 21.95 21.96 21.97 21.98 21.98 21.99 21.99 21.99 21.98 21.98 21.97 21.97 21.96 21.96 21.95 21.94 21.93 21.92 21.90 21.89 21.88 21.86 21.85 21.83 21.81 21.80 21.79 21.76 21.74 21.73 21.70 21.68 21.65 21.62 21.59 21.57 21.55 21.52 21.49 21.47 21.44 21.43 21.41 21.38 21.36 21.35 21.33 21.31 21.29 21.28 21.26 21.25 21.23 21.21 21.19 21.16 21.12 21.08 21.04 20.99 20.96 20.92 20.88 20.85 20.82 20.78 20.75 20.72 20.68 20.66
21.84 21.85 21.87 21.88 21.90 21.91 21.92 21.93 21.93 21.95 21.95 21.95 21.95 21.95 21.96 21.95 21.95 21.95 21.94 21.93 21.93 21.92 21.91 21.90 21.89 21.87 21.86 21.84 21.83 21.82 21.80 21.78 21.76 21.74 21.71 21.68 21.66 21.63 21.60 21.57 21.55 21.52 21.49 21.47 21.45 21.42 21.40 21.38 21.36 21.34 21.32 21.30 21.28 21.27 21.25 21.23 21.22 21.20 21.18 21.15 21.12 21.07 21.03 20.99 20.95 20.91 20.88 20.83 20.80 20.77 20.73 20.70 20.68 20.64 20.61 20.58 20.56
21.80 21.83 21.85 21.85 21.87 21.88 21.89 21.90 21.91 21.91 21.92 21.92 21.92 21.92 21.93 21.93 21.92 21.92 21.91 21.90 21.90 21.89 21.88 21.87 21.86 21.83 21.82 21.81 21.79 21.77 21.75 21.72 21.69 21.67 21.64 21.60 21.58 21.55 21.53 21.49 21.47 21.45 21.42 21.40 21.38 21.36 21.33 21.31 21.30 21.27 21.26 21.24 21.23 21.20 21.19 21.17 21.14 21.11 21.07 21.02 20.98 20.95 20.91 20.86 20.83 20.80 20.75 20.72 20.68 20.66 20.63 20.59 20.57 20.54 20.51 20.49 20.46
21.79 21.80 21.82 21.83 21.85 21.85 21.86 21.87 21.88 21.88 21.89 21.89 21.89 21.89 21.89 21.90 21.89 21.89 21.88 21.87 21.87 21.86 21.85 21.83 21.82 21.81 21.78 21.75 21.73 21.70 21.67 21.64 21.61 21.58 21.56 21.53 21.50 21.47 21.45 21.43 21.40 21.38 21.36 21.34 21.31 21.29 21.27 21.25 21.23 21.21 21.20 21.17 21.15 21.14 21.10 21.06 21.02 20.97 20.93 20.90 20.86 20.81 20.78 20.75 20.71 20.68 20.65 20.61 20.58 20.55 20.52 20.50 20.46 20.44 20.42 20.39 20.37
21.76 21.77 21.79 21.80 21.82 21.83 21.83 21.85 21.85 21.85 21.87 21.87 21.87 21.87 21.86 21.87 21.86 21.86 21.85 21.84 21.83 21.82 21.81 21.79 21.76 21.73 21.71 21.67 21.64 21.61 21.58 21.56 21.53 21.50 21.47 21.45 21.43 21.39 21.37 21.35 21.33 21.30 21.28 21.26 21.25 21.22 21.20 21.19 21.16 21.14 21.12 21.09 21.05 21.01 20.97 20.92 20.88 20.84 20.81 20.76 20.73 20.70 20.66 20.63 20.60 20.56 20.53 20.51 20.47 20.45 20.42 20.39 20.37 20.34 20.32 20.30 20.28
21.73 21.75 21.77 21.77 21.79 21.80 21.81 21.82 21.82 21.83 21.84 21.84 21.84 21.84 21.84 21.84 21.83 21.83 21.82 21.80 21.78 21.76 21.73 21.70 21.67 21.64 21.62 21.59 21.55 21.52 21.50 21.47 21.45 21.43 21.39 21.37 21.35 21.33 21.30 21.28 21.26 21.24 21.21 21.20 21.18 21.16 21.13 21.11 21.08 21.04 20.99 20.95 20.91 20.86 20.83 20.79 20.75 20.71 20.68 20.64 20.60 20.57 20.54 20.51 20.48 20.45 20.42 20.40 20.37 20.34 20.32 20.30 20.27 20.25 20.23 20.21 20.19
21.71 21.72 21.74 21.75 21.76 21.77 21.79 21.79 21.80 21.80 21.81 21.81 21.81 21.81 21.81 21.80 21.79 21.78 21.75 21.72 21.69 21.66 21.64 21.61 21.58 21.55 21.53 21.50 21.47 21.45 21.42 21.39 21.37 21.35 21.33 21.30 21.27 21.25 21.23 21.22 21.19 21.17 21.15 21.13 21.10 21.07 21.03 20.99 20.94 20.90 20.85 20.82 20.77 20.73 20.70 20.65 20.62 20.59 20.55 20.52 20.49 20.45 20.43 20.40 20.38 20.34 20.32 20.30 20.27 20.25 20.23 20.20 20.19 20.16 20.14 20.12 20.10
21.68 21.70 21.71 21.72 21.74 21.74 21.76 21.76 21.77 21.78 21.78 21.78 21.78 21.78 21.76 21.74 21.71 21.68 21.65 21.62 21.60 21.57 21.54 21.51 21.49 21.46 21.44 21.41 21.39 21.37 21.34 21.32 21.29 21.27 21.25 21.23 21.21 21.18 21.16 21.14 21.12 21.09 21.05 21.01 20.97 20.92 20.88 20.83 20.80 20.75 20.71 20.67 20.64 20.60 20.56 20.53 20.50 20.46 20.44 20.41 20.37 20.35 20.32 20.29 20.27 20.25 20.22 20.20 20.18 20.15 20.13 20.11 20.09 20.08 20.05 20.04 20.02
21.65 21.67 21.68 21.70 21.71 21.73 21.73 21.74 21.75 21.75 21.74 21.73 21.72 21.69 21.67 21.64 21.61 21.58 21.55 21.54 21.51 21.49 21.46 21.44 21.41 21.39 21.36 21.33 21.31 21.29 21.27 21.24 21.22 21.20 21.18 21.16 21.13 21.11 21.08 21.03 20.99 20.95 20.91 20.86 20.81 20.77 20.73 20.70 20.65 20.61 20.58 20.54 20.51 20.47 20.45 20.41 20.38 20.35 20.32 20.29 20.27 20.25 20.21 20.19 20.17 20.14 20.13 20.11 20.08 20.06 20.04 20.02 20.01 19.99 19.97 19.95 19.94
21.63 21.64 21.66 21.67 21.68 21.70 21.70 21.71 21.71 21.69 21.66 21.65 21.62 21.59 21.56 21.54 21.51 21.50 21.47 21.44 21.42 21.40 21.37 21.35 21.33 21.30 21.28 21.26 21.24 21.21 21.19 21.17 21.15 21.12 21.10 21.07 21.02 20.98 20.93 20.89 20.84 20.79 20.75 20.71 20.67 20.62 20.59 20.55 20.52 20.49 20.45 20.42 20.39 20.35 20.32 20.30 20.27 20.24 20.21 20.19 20.16 20.14 20.12 20.09 20.07 20.05 20.03 20.01 19.99 19.97 19.96 19.94 19.92 19.91 19.89 19.87 19.86
21.60 21.61 21.63 21.64 21.65 21.66 21.64 21.63 21.61 21.59 21.57 21.54 21.52 21.49 21.48 21.45 21.43 21.40 21.38 21.35 21.33 21.31 21.29 21.27 21.24 21.22 21.20 21.18 21.16 21.14 21.12 21.09 21.05 21.00 20.96 20.91 20.87 20.82 20.77 20.73 20.68 20.65 20.61 20.56 20.52 20.49 20.46 20.42 20.38 20.35 20.33 20.29 20.26 20.24 20.21 20.18 20.15 20.13 20.11 20.08 20.06 20.04 20.02 20.00 19.98 19.96 19.94 19.93 19.90 19.89 19.88 19.85 19.84 19.82 19.81 19.79 19.78
21.57 21.59 21.60 21.61 21.59 21.58 21.55 21.53 21.50 21.49 21.46 21.44 21.43 21.40 21.38 21.36 21.33 21.31 21.29 21.27 21.26 21.23 21.21 21.19 21.17 21.14 21.12 21.10 21.07 21.03 20.99 20.94 20.89 20.85 20.80 20.75 20.70 20.66 20.62 20.58 20.54 20.50 20.46 20.43 20.39 20.36 20.32 20.29 20.26 20.24 20.20 20.18 20.15 20.12 20.10 20.07 20.05 20.02 20.00 19.99 19.96 19.94 19.93 19.91 19.89 19.87 19.86 19.83 19.82 19.80 19.79 19.78 19.76 19.75 19.73 19.72 19.70
21.54 21.53 21.53 21.51 21.49 21.47 21.45 21.43 21.41 21.39 21.36 21.35 21.33 21.31 21.29 21.26 21.24 21.23 21.21 21.19 21.17 21.15 21.13 21.11 21.09 21.06 21.02 20.97 20.92 20.87 20.83 20.77 20.72 20.68 20.63 20.59 20.55 20.51 20.47 20.43 20.40 20.36 20.33 20.30 20.26 20.23 20.20 20.18 20.14 20.12 20.09 20.07 20.04 20.02 19.99 19.98 19.95 19.93 19.91 19.88 19.87 19.85 19.83 19.81 19.80 19.78 19.77 19.75 19.73 19.72 19.71 19.69 19.68 19.67 19.66 19.65 19.63
21.45 21.44 21.42 21.40 21.38 21.36 21.35 21.33 21.31 21.30 21.28 21.26 21.24 21.22 21.21 21.19 21.17 21.15 21.13 21.11 21.09 21.06 21.04 20.99 20.94 20.90 20.85 20.80 20.75 20.70 20.65 20.61 20.57 20.53 20.49 20.45 20.40 20.37 20.33 20.30 20.27 20.24 20.20 20.17 20.14 20.11 20.08 20.05 20.03 20.01 19.98 19.95 19.93 19.92 19.89 19.87 19.85 19.84 19.81 19.80 19.78 19.76 19.74 19.73 19.71 19.70 19.69 19.67 19.66 19.65 19.63 19.62 19.60 19.60 19.59 19.57 19.56
21.35 21.33 21.32 21.30 21.29 21.27 21.25 21.23 21.22 21.20 21.18 21.17 21.16 21.14 21.12 21.10 21.08 21.07 21.05 21.02 20.98 20.93 20.88 20.83 20.78 20.73 20.68 20.63 20.59 20.54 20.50 20.45 20.41 20.37 20.33 20.30 20.27 20.23 20.20 20.16 20.13 20.10 20.08 20.05 20.02 19.99 19.97 19.95 19.92 19.89 19.87 19.86 19.84 19.81 19.79 19.78 19.75 19.74 19.72 19.71 19.69 19.67 19.66 19.64 19.63 19.62 19.60 19.59 19.58 19.57 19.56 19.55 19.53 19.53 19.51 19.50 19.49
21.25 21.23 21.21 21.20 21.19 21.17 21.16 21.14 21.13 21.11 21.10 21.08 21.07 21.05 21.04 21.02 20.99 20.95 20.90 20.85 20.80 20.75 20.70 20.65 20.60 20.55 20.51 20.46 20.42 20.38 20.34 20.30 20.27 20.23 20.20 20.17 20.14 20.10 20.07 20.04 20.01 19.99 19.95 19.93 19.91 19.88 19.86 19.83 19.81 19.79 19.78 19.76 19.73 19.72 19.70 19.68 19.66 19.65 19.64 19.62 19.61 19.59 19.57 19.56 19.56 19.54 19.53 19.52 19.50 19.49 19.48 19.47 19.47 19.45 19.44 19.43 19.42
21.14 21.12 21.12 21.10 21.10 21.08 21.07 21.05 21.04 21.03 21.01 20.99 20.98 20.96 20.92 20.87 20.82 20.77 20.73 20.67 20.62 20.58 20.53 20.48 20.44 20.39 20.35 20.31 20.27 20.24 20.20 20.17 20.12 20.09 20.06 20.03 20.00 19.97 19.95 19.92 19.89 19.86 19.84 19.82 19.80 19.77 19.75 19.73 19.72 19.70 19.67 19.66 19.64 19.63 19.61 19.59 19.58 19.57 19.55 19.54 19.53 19.51 19.50 19.49 19.47 19.46 19.46 19.44 19.43 19.42 19.41 19.40 19.39 19.38 19.38 19.36 19.36
