main/data/temperature/16.04.2023.grid
ncols 886
nrows 691
xllcenter 112.0000
yllcenter -44.5000
cellsize 0.0500
nodata_value 99999.90
[rows 170 to 203 of 691, columns 616 to 692 of 886]
32.68 32.97 33.10 33.54 33.77 33.63 34.05 33.96 34.17 34.27 34.49 34.55 34.66 34.38 34.12 34.40 34.10 34.02 33.60 33.17 32.65 32.40 32.74 33.53 34.18 34.29 33.45 34.20 33.81 32.86 33.09 33.25 33.40 32.95 32.96 32.61 32.28 31.87 31.42 31.82 31.65 31.60 31.60 31.59 31.47 31.40 31.39 31.36 31.06 31.04 30.44 30.08 29.75 29.29 29.24 29.26 29.05 28.63 28.66 29.35 29.41 32.14 32.32 32.29 32.28 32.24 30.13 31.41 32.05 32.00 31.94 31.87 31.82 31.78 31.73 31.68 31.64
32.17 32.71 32.95 33.32 33.67 33.40 33.88 33.99 33.96 34.06 34.33 34.18 34.32 33.80 33.97 34.16 34.16 33.49 33.38 32.92 32.43 32.10 33.02 33.66 33.78 34.11 34.29 34.21 34.00 33.88 33.14 33.44 33.33 33.32 33.01 32.72 32.57 32.10 32.15 32.09 32.11 32.00 31.88 31.88 31.76 31.63 31.70 31.68 31.25 31.08 30.58 30.32 29.80 29.24 29.02 29.14 29.04 28.74 28.44 29.09 31.57 32.03 31.30 31.98 32.11 32.13 29.77 30.11 32.02 31.96 31.94 31.90 31.85 31.81 31.76 31.73 31.69
32.30 32.28 32.67 32.88 33.47 33.13 33.59 33.81 33.79 34.04 34.24 34.30 34.30 33.97 34.08 33.83 33.68 33.80 33.24 32.85 32.28 31.96 32.55 33.09 33.39 34.00 33.98 34.10 34.12 33.48 33.74 33.56 33.42 33.38 33.23 33.08 32.73 32.55 32.41 32.46 32.35 32.17 32.18 32.03 31.93 31.77 31.86 31.43 30.85 31.01 30.75 30.34 29.95 29.53 29.11 28.84 28.78 28.75 28.29 28.85 29.65 29.53 32.07 32.26 32.26 32.24 32.13 32.11 32.05 31.94 31.98 31.94 31.91 31.87 31.59 31.80 31.76
31.93 32.22 32.48 32.60 33.23 32.88 33.36 33.40 33.60 33.71 34.04 34.05 34.23 34.10 33.92 33.69 33.38 33.24 33.03 32.56 32.23 32.51 32.70 32.28 33.03 33.66 33.83 33.90 33.84 33.84 33.78 33.62 33.56 33.25 33.32 33.16 32.97 32.79 32.79 32.69 32.64 32.62 32.44 32.12 32.09 32.11 32.19 31.76 31.24 31.36 30.95 30.49 30.29 29.79 29.11 28.68 28.50 28.23 28.24 28.42 28.93 28.58 30.51 32.03 32.16 32.22 32.22 32.18 32.09 32.05 32.06 32.04 32.00 31.98 31.61 31.91 31.86
31.98 32.19 32.20 32.65 32.98 33.11 33.05 33.15 33.15 33.52 33.83 33.92 33.90 33.87 33.45 33.17 33.28 33.29 33.11 33.30 32.81 32.97 32.58 31.91 33.13 33.53 33.71 33.77 33.64 33.66 33.77 33.64 33.50 33.40 33.25 33.12 32.97 32.90 33.01 32.96 32.81 32.90 32.58 32.48 32.24 32.49 32.01 31.62 31.55 31.64 31.13 30.39 30.82 30.34 30.46 29.71 29.21 29.33 28.17 28.20 28.70 28.64 31.73 32.35 32.23 32.24 32.30 32.26 32.20 32.22 32.19 32.16 32.12 32.10 32.06 32.02 31.73
31.56 31.92 31.84 32.25 32.78 32.80 32.86 32.71 33.18 33.41 33.56 33.84 33.66 33.74 33.78 33.40 33.70 33.81 33.80 33.60 32.52 32.30 32.17 32.12 33.00 33.45 33.56 33.67 33.41 33.06 33.46 33.58 33.45 33.32 32.85 32.98 32.82 32.72 33.01 33.00 33.08 32.98 32.55 32.82 32.79 32.41 31.84 31.31 31.91 31.28 31.40 31.19 30.98 30.76 30.35 30.22 29.98 29.54 28.99 28.57 28.14 30.88 32.15 32.25 31.83 31.79 31.61 32.39 32.39 32.36 32.33 32.30 32.27 32.23 32.19 32.14 31.58
31.57 31.50 31.80 31.96 32.43 32.49 32.46 32.49 32.91 33.15 33.39 33.47 33.75 33.56 33.51 33.40 33.60 33.61 33.57 32.39 32.61 31.78 31.84 32.05 33.03 33.30 33.29 33.48 33.38 33.13 33.26 33.45 33.32 33.07 32.84 32.87 32.58 32.85 32.97 32.46 32.96 33.09 33.04 32.86 32.66 32.31 32.05 32.06 32.03 31.63 31.82 31.43 31.39 31.24 30.92 30.61 30.40 30.03 30.01 29.52 28.90 28.91 30.85 32.01 32.07 32.37 32.47 32.52 32.54 32.55 32.51 32.46 32.42 32.38 32.34 32.28 32.23
31.80 31.65 31.33 31.55 31.90 32.09 32.27 32.56 32.44 33.05 32.89 32.76 33.40 33.62 33.14 33.73 33.46 33.27 33.17 32.19 31.42 31.30 31.98 32.82 33.10 33.15 33.25 33.28 33.29 33.00 32.65 33.33 33.30 32.89 32.62 32.55 32.74 32.34 32.71 32.55 32.78 32.85 33.01 33.01 32.88 32.49 31.81 32.22 32.44 32.00 31.82 31.83 31.35 31.57 31.17 30.85 30.81 30.77 30.37 29.32 29.09 28.73 28.37 29.07 30.51 31.73 32.01 32.54 32.69 32.72 32.68 32.64 32.59 32.53 32.48 32.38 32.35
31.63 31.47 31.30 31.15 31.23 31.68 31.85 31.95 32.26 32.48 32.55 32.62 32.85 33.03 33.23 33.14 33.05 32.45 32.70 32.22 31.74 31.30 31.56 32.45 32.65 32.86 33.01 32.92 33.21 32.83 33.06 32.67 33.11 33.12 32.76 32.69 32.56 32.40 32.41 32.39 32.51 32.91 32.76 32.89 33.06 32.36 32.36 32.75 32.38 31.76 32.23 32.08 31.77 31.85 31.51 31.05 31.11 31.06 30.89 30.52 29.70 29.08 28.58 28.60 28.36 29.57 29.35 30.60 32.14 32.83 32.87 32.81 32.76 32.70 32.64 32.56 32.49
31.47 31.28 31.37 31.32 31.37 31.54 31.66 31.76 32.23 32.14 32.58 32.87 32.62 32.76 32.66 32.48 32.41 32.61 32.42 31.97 31.85 31.54 31.72 31.76 32.20 32.26 32.93 32.92 32.76 32.73 32.43 32.03 32.14 33.03 33.03 32.87 32.72 32.67 32.45 32.30 32.72 32.85 32.58 32.87 33.06 33.06 32.99 32.74 32.49 32.49 32.27 32.36 32.17 31.97 31.69 31.55 31.37 31.34 31.25 30.85 30.19 29.95 29.41 28.76 28.45 28.96 28.78 27.47 28.16 32.61 32.98 32.99 32.93 32.85 32.78 32.71 32.63
31.48 31.37 31.41 31.76 31.57 31.80 31.68 31.77 31.69 32.10 32.33 32.50 32.32 32.52 32.76 32.73 32.50 32.24 31.88 31.97 32.04 31.72 31.42 31.54 31.49 31.62 32.70 31.26 31.75 32.49 32.06 32.51 32.86 32.90 32.89 32.87 32.76 32.70 32.49 32.66 32.69 32.81 32.73 32.92 32.95 32.98 32.90 31.89 32.69 32.77 32.54 32.55 32.36 31.95 31.83 31.79 31.84 31.38 31.41 30.91 30.09 29.91 29.78 29.10 29.90 28.76 28.21 28.22 28.94 30.85 32.43 33.00 33.10 33.02 32.94 32.86 32.77
31.15 31.38 31.53 31.43 31.49 31.41 31.70 31.81 31.80 31.77 31.97 32.40 32.64 32.53 32.21 32.30 32.44 32.08 32.29 32.23 31.96 31.86 31.25 31.61 32.16 32.28 32.01 32.12 30.93 32.30 32.26 32.63 32.75 32.80 32.65 32.69 32.67 32.58 32.49 32.43 32.76 32.77 32.86 32.88 32.86 32.90 32.86 32.62 32.83 32.66 32.62 32.75 32.47 32.35 32.07 31.11 31.88 31.84 31.99 30.85 30.09 30.91 30.49 30.75 29.95 28.64 27.66 29.09 29.47 29.09 29.49 31.78 33.16 33.17 33.10 33.01 32.92
30.98 31.01 31.25 31.36 31.34 31.40 31.64 31.74 31.73 31.30 31.48 32.13 32.17 32.27 32.43 32.24 31.94 32.12 31.94 32.00 31.91 31.66 31.30 31.24 31.63 30.64 31.38 32.09 31.99 32.01 32.06 32.56 32.62 32.59 32.55 32.50 32.61 32.19 32.43 32.32 32.29 32.89 32.99 33.04 32.63 32.92 32.58 32.47 32.67 32.65 32.56 32.92 32.67 32.58 31.95 31.99 32.39 32.14 32.34 31.98 31.85 31.96 31.51 31.62 29.89 29.28 28.64 30.74 31.17 30.89 28.57 30.62 31.57 33.23 33.26 33.16 33.07
30.79 30.91 30.97 31.15 31.28 31.32 31.50 31.39 31.33 31.55 31.31 31.23 31.77 32.18 32.26 31.96 32.24 31.87 31.94 32.02 31.60 31.67 31.36 31.40 31.43 30.78 31.65 31.38 32.02 31.90 32.12 32.38 32.41 32.42 32.41 32.41 32.53 32.28 32.15 32.34 32.50 32.81 32.91 32.78 32.72 32.98 32.58 32.64 32.57 32.59 32.20 32.97 33.02 32.87 32.64 32.53 32.54 32.01 32.43 32.52 32.43 32.10 31.61 30.48 29.49 29.85 30.36 30.85 30.86 31.24 29.80 28.65 29.08 33.20 33.32 33.31 33.21
30.60 30.76 30.93 31.05 31.14 31.20 31.29 31.29 31.24 31.41 31.31 31.52 31.31 31.99 32.02 32.10 31.90 31.71 32.12 32.03 31.24 31.46 31.39 31.57 31.39 30.47 30.84 31.16 31.77 31.89 31.93 32.21 32.28 32.30 32.31 32.36 32.44 32.33 31.93 32.51 32.59 32.77 32.90 32.58 32.74 32.91 32.53 32.75 32.91 32.98 32.87 32.87 32.89 32.97 33.01 32.89 32.36 32.07 32.44 32.66 32.54 32.30 31.46 31.18 30.83 30.44 30.46 31.90 31.25 31.42 30.58 29.62 29.39 32.90 33.44 33.39 33.18
30.43 30.60 30.75 30.89 30.98 31.11 31.22 31.23 31.49 31.36 31.19 31.35 31.08 31.74 31.89 31.99 31.90 31.80 31.98 31.33 31.37 31.33 31.45 31.57 31.33 30.74 30.92 31.48 31.30 31.58 31.73 32.12 32.02 32.03 32.19 32.23 32.25 32.29 32.10 32.56 32.76 32.83 32.73 32.76 32.90 32.59 32.34 32.68 32.81 32.96 33.08 33.26 33.15 32.82 32.87 32.93 32.56 32.44 32.66 32.59 33.03 32.47 32.41 32.34 31.54 31.08 31.80 31.69 31.61 31.65 31.54 30.62 29.58 31.62 33.36 33.28 33.29
30.29 30.43 30.54 30.68 30.84 30.96 31.05 31.17 31.28 31.15 31.28 30.75 30.96 31.37 31.31 31.51 31.91 31.74 31.90 31.50 31.27 31.55 31.20 31.30 31.20 31.00 31.12 31.10 31.27 31.15 31.30 31.86 31.91 31.63 31.76 32.14 31.70 31.27 31.76 32.47 32.47 32.37 32.46 32.73 32.68 32.43 32.67 32.85 32.99 32.98 33.31 32.89 33.17 33.06 32.94 32.80 32.66 32.33 32.54 31.97 32.86 33.04 32.85 32.17 32.53 32.47 32.56 32.26 32.29 32.09 31.87 31.55 30.00 30.56 32.02 33.51 33.46
30.11 30.26 30.41 30.45 30.63 30.75 30.87 31.00 30.84 31.19 31.04 31.10 30.39 30.55 31.10 30.86 31.52 31.44 31.28 31.54 31.40 31.45 31.23 30.94 30.82 30.62 30.26 30.63 30.92 30.82 30.85 31.63 31.38 31.86 31.95 31.95 31.41 31.10 32.20 32.52 32.25 32.18 32.41 32.72 32.51 32.38 33.03 32.59 33.36 33.35 33.19 33.10 33.17 33.05 32.48 31.19 32.82 33.05 32.99 33.06 33.40 33.42 33.04 33.01 33.00 32.99 32.82 32.68 32.18 31.74 31.37 31.90 30.70 31.57 33.53 33.54 32.14
29.94 30.10 30.21 30.29 30.28 30.53 30.65 30.55 30.85 30.83 30.69 30.23 30.67 29.95 30.64 30.71 31.25 31.02 30.92 31.43 31.43 31.14 30.71 30.55 30.45 29.94 30.37 30.48 30.41 30.48 30.33 31.41 30.83 31.17 31.64 30.24 31.14 32.19 32.03 32.46 32.73 32.54 32.63 32.36 32.78 33.05 32.40 33.18 32.96 33.14 33.25 33.24 32.98 32.85 32.28 32.64 33.39 33.58 33.58 33.49 33.63 33.53 33.52 33.40 33.28 32.98 32.80 32.63 32.61 31.68 32.16 31.80 31.83 31.70 30.58 32.68 32.15
29.69 29.84 29.93 29.92 30.03 30.15 30.32 30.39 30.28 30.48 30.39 29.72 29.73 29.49 29.99 30.13 30.62 30.65 30.78 31.00 30.83 30.73 30.69 30.27 29.90 29.20 29.53 30.02 30.35 30.64 30.99 30.75 31.28 30.94 31.16 31.35 32.20 32.40 32.29 32.68 32.73 32.83 32.82 32.47 32.60 32.99 32.44 32.86 33.07 33.26 33.22 33.20 33.08 32.74 33.25 33.01 33.43 33.68 33.89 33.71 33.89 33.92 33.73 33.75 33.50 33.35 32.91 32.60 32.54 32.23 32.58 32.52 32.38 31.66 31.02 30.70 33.40
29.47 29.58 29.73 29.82 29.92 30.03 30.06 30.09 30.12 30.18 29.94 29.72 30.20 29.79 29.55 29.57 29.67 30.06 29.87 30.13 29.99 30.58 29.66 29.19 30.00 29.68 29.61 29.91 29.82 30.27 30.45 30.45 30.46 31.02 31.48 31.82 32.32 32.28 32.53 32.02 32.57 32.79 33.02 32.85 32.60 32.65 32.72 33.04 33.25 33.24 33.03 32.90 32.98 33.09 33.62 33.70 33.92 33.92 34.03 34.14 34.14 34.12 34.06 33.83 33.67 33.35 33.18 32.59 32.68 32.62 32.82 32.84 31.80 31.96 31.33 31.29 33.42
29.30 29.39 29.58 29.68 29.62 29.74 29.81 29.91 30.19 30.21 30.40 30.47 30.25 30.02 29.50 29.23 29.02 28.99 29.34 29.38 29.70 29.73 29.38 29.00 29.11 28.91 29.39 28.84 29.74 29.81 29.86 29.97 30.42 30.87 31.70 31.63 32.08 32.11 32.41 32.37 32.68 33.00 33.09 32.66 32.54 32.54 32.76 32.87 33.11 33.32 33.00 33.32 33.58 33.71 34.15 34.16 34.00 34.26 34.38 34.28 34.36 34.26 34.20 33.90 33.78 33.40 33.35 33.10 33.38 33.13 32.81 33.13 32.36 32.18 31.77 31.33 30.45
29.09 29.22 29.33 29.47 29.61 29.76 29.81 29.85 29.95 29.88 29.76 29.89 30.11 29.98 29.33 29.04 28.89 28.64 28.78 28.80 28.87 28.83 29.03 29.06 28.88 28.39 29.36 29.31 29.57 29.46 29.55 30.00 30.01 30.98 31.25 30.71 31.67 32.01 32.44 32.63 32.72 32.72 32.66 32.50 32.44 32.40 32.83 32.69 33.14 33.08 32.97 33.07 33.33 33.79 33.88 34.44 34.49 34.55 34.57 34.60 34.58 34.47 34.54 34.07 33.97 33.87 33.82 33.65 33.56 33.57 33.50 33.27 33.11 33.06 31.43 31.94 32.52
28.92 29.06 29.21 29.41 29.46 29.52 29.46 29.63 29.71 29.80 29.70 30.33 30.35 29.95 29.89 29.78 29.61 29.12 28.92 28.88 28.79 28.55 28.70 29.18 29.10 29.81 29.76 29.73 29.55 29.50 29.92 30.59 30.89 31.21 31.87 32.10 32.13 31.98 32.33 32.38 32.42 32.70 32.63 32.26 32.15 32.31 32.57 32.72 32.93 32.87 32.98 33.22 33.43 33.85 34.44 34.75 34.93 34.84 34.88 34.73 34.65 34.54 34.60 34.21 34.27 34.22 34.23 33.94 34.02 33.90 33.70 33.18 32.76 33.39 33.21 31.89 32.09
28.76 28.92 29.10 29.21 29.31 29.50 29.54 29.53 29.62 29.62 29.76 30.41 29.77 30.40 30.30 30.25 29.81 29.21 29.02 29.11 28.81 28.75 29.53 29.73 29.97 30.05 30.01 29.90 29.70 29.65 29.93 30.63 31.20 31.30 31.62 31.81 31.73 32.06 32.24 32.20 32.35 32.46 32.47 32.11 31.93 32.21 32.17 32.61 32.94 33.01 33.31 33.69 34.11 34.02 34.32 34.73 34.98 34.95 34.98 34.92 34.91 34.75 34.95 34.55 34.52 34.55 34.48 34.40 34.28 34.00 33.85 33.64 33.69 33.66 33.11 32.85 32.12
28.60 28.68 28.90 29.04 29.20 29.29 29.32 29.42 29.59 29.79 29.98 30.34 29.88 29.19 29.35 29.50 29.09 28.82 29.12 29.03 28.78 29.52 29.70 30.03 30.08 29.92 29.86 29.55 29.64 29.60 29.85 30.91 30.70 31.29 31.28 31.46 31.31 31.85 31.34 31.84 32.12 32.21 32.15 31.84 31.54 31.79 32.10 32.63 32.67 32.96 33.12 33.30 33.66 34.03 34.44 34.99 35.10 35.09 34.97 34.99 34.89 34.92 34.98 34.93 34.99 34.79 34.76 34.61 34.42 34.28 34.04 33.95 33.88 33.65 33.45 33.31 32.82
28.43 28.54 28.67 28.80 28.91 29.12 29.26 29.35 29.53 29.79 29.86 30.01 30.14 28.73 29.23 28.88 29.02 28.99 29.02 29.01 29.05 29.41 29.89 29.86 30.06 29.78 29.65 29.51 29.43 29.44 29.70 30.70 30.96 30.62 30.93 31.34 31.13 30.93 31.10 31.71 31.80 31.76 31.79 31.49 31.47 31.63 32.28 32.26 32.52 32.66 33.14 33.41 33.80 34.24 34.66 34.87 35.01 35.10 35.03 35.03 35.06 35.06 35.04 34.93 34.98 35.01 34.97 34.78 34.66 34.58 34.41 34.10 34.17 34.18 33.65 33.77 33.60
28.33 28.37 28.59 28.78 28.95 29.07 29.19 29.25 29.60 29.61 29.64 29.79 29.82 30.03 29.99 30.02 30.14 30.21 29.28 29.26 29.24 29.46 29.82 30.26 29.44 29.95 29.85 29.64 29.49 29.75 29.90 30.36 30.52 30.42 31.02 30.92 30.59 30.61 31.13 31.36 31.24 30.88 31.35 31.32 31.49 31.89 32.26 32.03 32.38 32.58 33.19 33.60 33.97 34.25 34.48 34.93 35.12 35.19 35.18 35.12 35.23 35.22 35.16 35.18 35.13 35.04 35.12 35.10 35.01 34.72 34.59 34.46 34.20 34.39 34.21 33.90 33.75
28.12 28.30 28.47 28.63 28.83 28.97 29.04 29.24 29.36 29.43 29.65 29.81 29.82 30.05 30.01 30.14 30.16 30.10 29.13 29.82 29.62 29.33 30.31 30.02 29.78 29.93 29.67 29.76 29.97 29.72 29.64 30.01 30.18 30.47 30.40 30.35 30.13 30.58 31.00 31.10 31.10 31.17 31.35 31.54 31.69 31.86 31.72 31.96 32.33 32.67 33.07 33.52 33.85 34.21 34.65 35.04 35.24 35.32 35.19 35.23 35.31 35.30 35.26 35.29 35.18 35.26 35.22 35.18 35.19 35.08 34.97 34.69 34.60 34.52 34.44 34.00 33.98
28.12 28.26 28.39 28.45 28.68 28.88 28.89 29.20 29.33 29.42 29.64 29.62 29.88 29.96 30.08 30.14 30.13 30.17 30.24 30.85 30.40 30.15 30.15 30.48 30.28 29.92 30.12 29.80 29.85 29.97 29.73 29.64 29.79 30.13 29.71 29.97 30.06 30.73 31.09 31.12 31.19 31.33 31.29 31.59 31.54 31.66 31.61 32.02 32.41 32.75 33.12 33.43 33.79 34.27 34.67 35.01 35.26 35.34 35.34 35.40 35.38 35.38 35.38 35.43 35.16 35.04 35.20 35.19 35.22 35.22 35.24 34.98 34.90 34.88 34.57 34.14 34.27
27.99 28.04 28.18 28.41 28.46 28.62 28.82 28.99 29.23 29.39 29.39 29.63 29.79 29.90 29.98 30.11 30.17 30.42 30.88 30.80 30.92 30.53 29.97 30.41 30.57 30.51 30.22 30.12 29.96 30.38 30.02 29.97 30.08 30.04 30.41 30.32 30.08 30.86 31.19 31.27 31.13 31.36 31.49 31.38 31.29 31.44 31.77 32.07 32.29 32.70 33.15 33.50 33.87 34.28 34.58 35.05 35.24 35.35 35.42 35.45 35.55 35.55 35.53 35.36 34.90 35.08 35.36 35.27 35.33 35.23 35.34 35.27 35.20 34.99 34.48 34.35 34.48
27.74 27.89 28.12 28.17 28.32 28.46 28.69 28.96 29.11 29.10 29.40 29.53 29.66 29.90 30.01 30.18 30.24 30.70 30.66 30.59 30.70 30.45 30.26 30.37 31.37 30.61 30.23 30.70 30.63 30.31 30.06 30.21 30.44 30.69 30.75 30.61 30.67 31.36 31.54 31.30 31.32 31.26 31.31 31.24 31.56 31.58 31.83 32.09 32.59 32.74 33.05 33.47 33.87 34.33 34.69 34.94 35.27 35.58 35.52 35.54 35.61 35.58 35.57 35.29 35.33 35.28 35.15 35.40 35.40 35.30 35.40 35.30 35.19 35.28 34.87 34.13 34.56
27.59 27.69 27.82 27.97 28.13 28.37 28.61 28.72 28.92 29.09 29.21 29.44 29.77 29.87 30.08 30.18 30.41 30.68 30.84 30.92 31.10 31.52 30.58 31.50 30.58 30.53 30.65 30.65 30.43 30.33 30.34 30.41 30.59 30.81 30.92 30.96 30.77 31.07 31.66 31.59 31.53 31.57 31.49 31.67 31.79 31.73 32.04 32.26 32.62 32.97 33.23 33.65 33.84 34.22 34.47 34.85 35.32 35.39 35.49 35.58 35.65 35.58 35.54 35.50 35.29 35.19 35.19 35.26 35.37 35.15 35.37 35.36 35.49 35.45 35.29 35.20 34.72
27.30 27.48 27.66 27.80 28.04 28.26 28.37 28.52 28.57 28.87 29.08 29.45 29.69 29.82 30.13 30.27 30.41 30.72 30.91 31.28 31.11 31.08 31.41 31.84 31.76 31.37 31.72 31.35 31.08 31.32 31.08 30.76 30.71 30.91 31.05 31.08 30.72 31.22 31.87 32.14 31.80 31.60 31.74 31.65 31.91 32.07 32.17 32.39 32.76 32.76 33.12 33.26 33.45 33.64 34.30 34.81 35.15 35.23 35.27 35.49 35.47 35.64 35.70 35.70 35.58 35.50 35.20 35.43 35.44 35.49 35.56 35.63 35.59 35.47 35.39 35.23 35.20
