main/data/temperature/16.04.2023.grid
ncols 886
nrows 691
xllcenter 112.0000
yllcenter -44.5000
cellsize 0.0500
nodata_value 99999.90
[rows 510 to 543 of 691, columns 385 to 461 of 886]
17.58 17.61 17.65 17.68 17.73 17.78 17.84 17.89 17.96 18.02 18.10 18.18 18.26 18.32 18.36 18.39 18.43 18.47 18.52 18.55 18.60 18.65 18.71 18.76 18.80 18.81 18.82 18.82 18.83 18.83 18.84 18.84 18.85 18.85 18.86 18.86 18.86 18.86 18.87 18.87 18.87 18.88 18.88 18.89 18.88 18.89 18.88 18.89 18.88 18.89 18.89 18.88 18.88 18.89 18.88 18.88 18.88 18.88 18.88 18.87 18.87 18.87 18.88 18.88 18.88 18.89 18.89 18.90 18.91 18.93 18.93 18.96 18.98 19.01 19.05 19.10 19.14
17.53 17.56 17.60 17.63 17.68 17.73 17.78 17.84 17.90 17.96 18.04 18.12 18.20 18.29 18.33 18.36 18.40 18.44 18.48 18.52 18.57 18.62 18.67 18.72 18.77 18.80 18.80 18.81 18.81 18.83 18.83 18.83 18.84 18.84 18.84 18.84 18.85 18.85 18.85 18.86 18.86 18.86 18.86 18.86 18.86 18.86 18.86 18.86 18.87 18.86 18.86 18.85 18.86 18.86 18.85 18.85 18.85 18.84 18.84 18.84 18.84 18.84 18.83 18.83 18.83 18.84 18.84 18.85 18.86 18.86 18.87 18.89 18.91 18.93 18.96 19.00 19.04
17.48 17.51 17.55 17.58 17.63 17.67 17.73 17.78 17.85 17.91 17.98 18.05 18.14 18.23 18.29 18.34 18.38 18.41 18.45 18.49 18.53 18.58 18.63 18.68 18.73 18.78 18.79 18.80 18.80 18.81 18.81 18.82 18.83 18.83 18.83 18.83 18.83 18.84 18.84 18.84 18.83 18.84 18.84 18.84 18.84 18.84 18.84 18.83 18.84 18.83 18.83 18.83 18.83 18.83 18.82 18.82 18.82 18.81 18.81 18.81 18.80 18.80 18.80 18.80 18.79 18.79 18.79 18.80 18.80 18.80 18.81 18.83 18.84 18.86 18.89 18.91 18.95
17.44 17.46 17.50 17.53 17.58 17.62 17.67 17.72 17.79 17.85 17.92 17.99 18.07 18.16 18.24 18.31 18.35 18.38 18.41 18.46 18.50 18.55 18.60 18.64 18.69 18.74 18.78 18.79 18.79 18.80 18.80 18.80 18.80 18.81 18.82 18.82 18.82 18.82 18.81 18.82 18.82 18.82 18.81 18.82 18.81 18.82 18.81 18.82 18.81 18.80 18.81 18.80 18.80 18.80 18.79 18.79 18.78 18.78 18.78 18.77 18.77 18.76 18.75 18.75 18.75 18.75 18.74 18.75 18.75 18.75 18.76 18.77 18.77 18.79 18.80 18.83 18.85
17.39 17.41 17.45 17.48 17.53 17.57 17.62 17.67 17.73 17.79 17.86 17.93 18.01 18.09 18.18 18.26 18.32 18.34 18.38 18.42 18.47 18.51 18.55 18.60 18.65 18.70 18.75 18.78 18.78 18.79 18.79 18.79 18.79 18.79 18.79 18.79 18.80 18.80 18.80 18.80 18.79 18.80 18.80 18.79 18.80 18.79 18.79 18.79 18.78 18.78 18.78 18.78 18.77 18.77 18.76 18.76 18.75 18.75 18.75 18.73 18.73 18.72 18.72 18.72 18.71 18.71 18.71 18.70 18.70 18.70 18.70 18.71 18.71 18.72 18.73 18.76 18.77
17.34 17.37 17.40 17.43 17.47 17.51 17.56 17.61 17.67 17.72 17.79 17.86 17.94 18.02 18.10 18.20 18.28 18.31 18.35 18.39 18.43 18.46 18.51 18.55 18.60 18.66 18.71 18.76 18.77 18.77 18.77 18.78 18.78 18.78 18.78 18.78 18.78 18.77 18.77 18.78 18.78 18.77 18.78 18.77 18.77 18.76 18.77 18.76 18.75 18.75 18.75 18.75 18.74 18.74 18.73 18.73 18.72 18.72 18.70 18.70 18.70 18.69 18.68 18.67 18.67 18.66 18.66 18.66 18.65 18.65 18.64 18.65 18.65 18.66 18.66 18.67 18.69
17.29 17.32 17.35 17.38 17.42 17.46 17.51 17.55 17.61 17.66 17.73 17.80 17.87 17.95 18.03 18.12 18.22 18.27 18.32 18.35 18.39 18.42 18.47 18.51 18.56 18.61 18.66 18.72 18.75 18.75 18.75 18.75 18.75 18.76 18.76 18.76 18.76 18.76 18.76 18.75 18.76 18.75 18.75 18.75 18.75 18.74 18.74 18.74 18.73 18.72 18.73 18.72 18.71 18.71 18.70 18.70 18.68 18.68 18.67 18.67 18.66 18.65 18.64 18.64 18.62 18.62 18.62 18.61 18.61 18.60 18.60 18.59 18.59 18.60 18.60 18.60 18.62
17.24 17.27 17.30 17.33 17.36 17.40 17.45 17.49 17.55 17.61 17.66 17.73 17.80 17.88 17.96 18.05 18.14 18.22 18.28 18.32 18.35 18.38 18.43 18.47 18.52 18.56 18.62 18.66 18.71 18.73 18.74 18.74 18.74 18.74 18.74 18.74 18.74 18.74 18.74 18.73 18.73 18.73 18.73 18.73 18.72 18.71 18.72 18.71 18.70 18.70 18.69 18.69 18.69 18.68 18.67 18.66 18.65 18.65 18.64 18.64 18.62 18.62 18.61 18.60 18.59 18.59 18.57 18.57 18.56 18.55 18.55 18.54 18.54 18.54 18.53 18.54 18.55
17.20 17.22 17.24 17.28 17.31 17.35 17.39 17.43 17.49 17.55 17.60 17.67 17.73 17.81 17.89 17.97 18.06 18.15 18.23 18.28 18.32 18.34 18.38 18.43 18.47 18.52 18.57 18.61 18.66 18.71 18.72 18.72 18.72 18.72 18.72 18.72 18.71 18.71 18.71 18.71 18.71 18.71 18.70 18.70 18.70 18.69 18.69 18.68 18.68 18.67 18.66 18.66 18.65 18.64 18.64 18.63 18.63 18.62 18.60 18.60 18.59 18.58 18.57 18.57 18.55 18.54 18.53 18.52 18.52 18.51 18.49 18.49 18.48 18.48 18.48 18.48 18.48
17.15 17.17 17.19 17.23 17.26 17.30 17.33 17.38 17.43 17.48 17.53 17.60 17.66 17.73 17.80 17.89 17.98 18.08 18.16 18.23 18.28 18.30 18.34 18.38 18.42 18.47 18.51 18.56 18.61 18.66 18.70 18.70 18.70 18.70 18.70 18.70 18.70 18.69 18.69 18.69 18.68 18.69 18.68 18.67 18.67 18.66 18.66 18.66 18.65 18.64 18.64 18.63 18.62 18.62 18.61 18.60 18.60 18.58 18.58 18.57 18.55 18.55 18.53 18.52 18.52 18.50 18.50 18.48 18.47 18.47 18.45 18.44 18.44 18.43 18.42 18.41 18.42
17.10 17.12 17.14 17.17 17.20 17.24 17.27 17.32 17.36 17.42 17.47 17.53 17.59 17.66 17.74 17.81 17.90 17.99 18.08 18.17 18.23 18.26 18.30 18.34 18.38 18.42 18.46 18.50 18.55 18.61 18.66 18.68 18.68 18.68 18.68 18.68 18.68 18.67 18.67 18.66 18.66 18.65 18.65 18.65 18.65 18.64 18.63 18.62 18.63 18.62 18.61 18.60 18.60 18.59 18.57 18.57 18.56 18.55 18.55 18.53 18.52 18.51 18.50 18.48 18.48 18.46 18.45 18.44 18.43 18.41 18.41 18.40 18.38 18.37 18.37 18.36 18.35
17.05 17.07 17.10 17.12 17.14 17.18 17.22 17.26 17.30 17.35 17.40 17.46 17.52 17.59 17.66 17.73 17.82 17.91 17.99 18.09 18.18 18.22 18.26 18.29 18.33 18.37 18.40 18.45 18.50 18.55 18.60 18.65 18.66 18.66 18.66 18.66 18.66 18.65 18.65 18.64 18.64 18.63 18.63 18.62 18.61 18.62 18.61 18.60 18.59 18.58 18.58 18.57 18.56 18.55 18.55 18.54 18.53 18.51 18.51 18.50 18.48 18.48 18.46 18.45 18.44 18.43 18.41 18.41 18.39 18.37 18.36 18.35 18.34 18.33 18.31 18.30 18.30
17.00 17.01 17.04 17.06 17.10 17.13 17.17 17.20 17.24 17.29 17.35 17.39 17.46 17.51 17.59 17.66 17.74 17.82 17.90 18.00 18.10 18.17 18.21 18.25 18.28 18.32 18.35 18.40 18.44 18.49 18.54 18.60 18.63 18.64 18.64 18.64 18.62 18.62 18.62 18.62 18.62 18.61 18.60 18.60 18.59 18.58 18.57 18.58 18.57 18.56 18.55 18.54 18.54 18.53 18.51 18.50 18.50 18.49 18.47 18.46 18.46 18.44 18.43 18.42 18.41 18.39 18.37 18.37 18.35 18.33 18.32 18.30 18.30 18.28 18.27 18.25 18.24
16.95 16.97 16.99 17.01 17.04 17.07 17.11 17.14 17.19 17.23 17.28 17.33 17.39 17.44 17.51 17.58 17.65 17.74 17.82 17.91 18.01 18.11 18.16 18.20 18.24 18.27 18.30 18.34 18.39 18.43 18.48 18.53 18.58 18.61 18.61 18.61 18.60 18.60 18.59 18.59 18.58 18.59 18.58 18.57 18.57 18.56 18.55 18.54 18.53 18.52 18.52 18.51 18.50 18.49 18.48 18.48 18.46 18.45 18.44 18.43 18.42 18.40 18.39 18.38 18.37 18.35 18.34 18.33 18.31 18.29 18.28 18.26 18.25 18.24 18.22 18.21 18.19
16.91 16.92 16.94 16.97 16.99 17.01 17.05 17.08 17.13 17.16 17.21 17.26 17.32 17.38 17.43 17.51 17.57 17.65 17.74 17.82 17.92 18.02 18.10 18.15 18.19 18.22 18.25 18.29 18.33 18.38 18.42 18.47 18.51 18.56 18.58 18.58 18.58 18.58 18.57 18.56 18.56 18.55 18.55 18.54 18.54 18.52 18.53 18.52 18.51 18.50 18.49 18.48 18.48 18.46 18.45 18.44 18.43 18.41 18.41 18.40 18.38 18.37 18.36 18.35 18.33 18.31 18.30 18.29 18.27 18.25 18.24 18.23 18.21 18.20 18.18 18.16 18.14
16.85 16.87 16.88 16.91 16.93 16.97 16.99 17.03 17.06 17.11 17.15 17.20 17.25 17.31 17.36 17.43 17.49 17.57 17.65 17.73 17.82 17.92 18.02 18.09 18.14 18.17 18.20 18.24 18.28 18.32 18.36 18.41 18.45 18.50 18.54 18.56 18.56 18.55 18.55 18.54 18.53 18.53 18.52 18.51 18.51 18.50 18.49 18.49 18.48 18.47 18.46 18.45 18.44 18.43 18.42 18.41 18.40 18.39 18.37 18.36 18.35 18.34 18.32 18.31 18.29 18.28 18.27 18.25 18.23 18.21 18.20 18.19 18.17 18.15 18.13 18.12 18.10
16.80 16.82 16.84 16.86 16.88 16.91 16.93 16.97 17.00 17.04 17.08 17.13 17.17 17.23 17.29 17.35 17.42 17.48 17.56 17.65 17.72 17.82 17.92 18.01 18.08 18.12 18.16 18.18 18.22 18.26 18.30 18.35 18.39 18.43 18.48 18.52 18.53 18.53 18.52 18.52 18.51 18.50 18.50 18.49 18.48 18.47 18.46 18.45 18.44 18.43 18.43 18.42 18.41 18.40 18.39 18.38 18.36 18.35 18.34 18.33 18.32 18.30 18.28 18.27 18.26 18.25 18.23 18.21 18.19 18.17 18.17 18.15 18.13 18.11 18.09 18.07 18.06
16.75 16.77 16.79 16.80 16.83 16.85 16.89 16.91 16.95 16.98 17.02 17.06 17.11 17.16 17.22 17.27 17.34 17.41 17.47 17.55 17.63 17.72 17.82 17.92 18.00 18.07 18.11 18.13 18.16 18.20 18.24 18.28 18.32 18.37 18.41 18.46 18.50 18.50 18.50 18.49 18.48 18.48 18.47 18.46 18.45 18.45 18.44 18.43 18.42 18.41 18.40 18.39 18.37 18.36 18.36 18.35 18.33 18.32 18.31 18.29 18.28 18.26 18.26 18.24 18.22 18.21 18.19 18.17 18.16 18.14 18.13 18.11 18.09 18.07 18.05 18.04 18.02
16.70 16.72 16.74 16.76 16.78 16.80 16.83 16.85 16.89 16.92 16.96 17.00 17.05 17.09 17.14 17.20 17.26 17.33 17.39 17.46 17.55 17.62 17.72 17.81 17.90 18.00 18.05 18.09 18.11 18.14 18.18 18.22 18.26 18.30 18.35 18.39 18.44 18.47 18.47 18.46 18.46 18.45 18.44 18.43 18.43 18.42 18.41 18.40 18.39 18.38 18.37 18.36 18.35 18.33 18.32 18.31 18.29 18.29 18.28 18.26 18.25 18.23 18.22 18.20 18.19 18.18 18.16 18.14 18.12 18.10 18.08 18.07 18.06 18.04 18.02 18.00 17.97
16.66 16.67 16.68 16.71 16.72 16.75 16.77 16.80 16.83 16.86 16.90 16.94 16.98 17.03 17.07 17.13 17.18 17.24 17.30 17.38 17.45 17.53 17.61 17.71 17.80 17.90 17.98 18.03 18.05 18.09 18.12 18.16 18.20 18.23 18.28 18.32 18.37 18.42 18.44 18.44 18.43 18.42 18.42 18.41 18.39 18.38 18.38 18.36 18.36 18.35 18.34 18.33 18.32 18.30 18.29 18.28 18.27 18.25 18.24 18.22 18.21 18.20 18.19 18.17 18.15 18.14 18.12 18.10 18.08 18.07 18.05 18.03 18.01 17.99 17.97 17.95 17.94
16.61 16.62 16.64 16.65 16.68 16.69 16.71 16.74 16.77 16.80 16.83 16.87 16.91 16.95 17.00 17.05 17.11 17.16 17.23 17.29 17.36 17.44 17.51 17.60 17.70 17.79 17.89 17.96 18.01 18.03 18.06 18.10 18.14 18.17 18.21 18.25 18.30 18.35 18.39 18.41 18.40 18.39 18.39 18.38 18.36 18.35 18.34 18.33 18.32 18.31 18.30 18.30 18.29 18.27 18.26 18.25 18.24 18.22 18.21 18.19 18.18 18.16 18.15 18.13 18.11 18.10 18.09 18.07 18.05 18.03 18.01 17.99 17.98 17.96 17.94 17.92 17.90
16.56 16.58 16.59 16.61 16.62 16.64 16.66 16.68 16.72 16.74 16.78 16.81 16.85 16.88 16.93 16.97 17.03 17.08 17.14 17.21 17.27 17.35 17.42 17.50 17.59 17.68 17.78 17.87 17.94 17.97 18.00 18.04 18.07 18.11 18.14 18.18 18.23 18.27 18.32 18.36 18.37 18.37 18.36 18.34 18.33 18.32 18.31 18.30 18.29 18.28 18.27 18.26 18.25 18.23 18.22 18.21 18.20 18.19 18.18 18.16 18.15 18.13 18.11 18.10 18.08 18.06 18.05 18.03 18.02 18.00 17.98 17.96 17.94 17.92 17.90 17.88 17.86
16.52 16.53 16.54 16.56 16.57 16.59 16.61 16.64 16.66 16.68 16.71 16.74 16.78 16.81 16.86 16.90 16.95 17.01 17.06 17.12 17.18 17.25 17.33 17.40 17.49 17.58 17.67 17.76 17.86 17.92 17.94 17.98 18.01 18.04 18.08 18.11 18.15 18.20 18.24 18.29 18.33 18.34 18.32 18.31 18.30 18.29 18.28 18.27 18.26 18.25 18.24 18.23 18.22 18.20 18.19 18.18 18.16 18.15 18.13 18.12 18.11 18.10 18.08 18.07 18.05 18.03 18.01 18.00 17.98 17.96 17.94 17.92 17.91 17.89 17.87 17.84 17.82
16.47 16.48 16.49 16.50 16.51 16.54 16.55 16.58 16.60 16.63 16.65 16.69 16.71 16.75 16.79 16.84 16.88 16.93 16.99 17.04 17.10 17.16 17.23 17.31 17.38 17.47 17.56 17.65 17.75 17.84 17.89 17.92 17.95 17.98 18.01 18.05 18.08 18.12 18.17 18.21 18.26 18.29 18.30 18.28 18.27 18.26 18.25 18.24 18.23 18.22 18.21 18.20 18.18 18.17 18.16 18.15 18.13 18.12 18.10 18.09 18.07 18.06 18.04 18.02 18.01 18.00 17.98 17.96 17.94 17.92 17.90 17.88 17.86 17.85 17.83 17.81 17.79
16.42 16.44 16.44 16.45 16.47 16.48 16.50 16.52 16.55 16.57 16.59 16.62 16.65 16.69 16.73 16.76 16.81 16.85 16.90 16.95 17.01 17.08 17.14 17.21 17.29 17.36 17.45 17.54 17.63 17.73 17.82 17.86 17.88 17.92 17.95 17.98 18.01 18.05 18.09 18.13 18.18 18.22 18.26 18.25 18.24 18.23 18.22 18.21 18.20 18.19 18.18 18.16 18.15 18.14 18.13 18.11 18.10 18.09 18.07 18.06 18.04 18.02 18.01 17.99 17.97 17.96 17.94 17.92 17.91 17.89 17.87 17.85 17.83 17.81 17.79 17.77 17.75
16.38 16.39 16.39 16.41 16.42 16.44 16.45 16.46 16.49 16.50 16.53 16.56 16.59 16.62 16.66 16.69 16.73 16.78 16.82 16.88 16.93 16.99 17.04 17.11 17.19 17.27 17.34 17.43 17.52 17.60 17.70 17.79 17.83 17.85 17.88 17.91 17.95 17.98 18.01 18.05 18.10 18.14 18.19 18.22 18.21 18.20 18.19 18.18 18.17 18.16 18.14 18.13 18.12 18.11 18.09 18.08 18.07 18.05 18.04 18.02 18.01 17.99 17.97 17.96 17.94 17.92 17.90 17.89 17.87 17.86 17.84 17.82 17.80 17.78 17.76 17.73 17.71
16.33 16.35 16.35 16.36 16.37 16.38 16.39 16.41 16.43 16.45 16.47 16.50 16.53 16.56 16.59 16.63 16.66 16.71 16.75 16.80 16.85 16.90 16.96 17.02 17.09 17.16 17.24 17.31 17.40 17.48 17.58 17.68 17.76 17.80 17.82 17.85 17.88 17.91 17.94 17.98 18.02 18.06 18.10 18.15 18.17 18.17 18.16 18.15 18.14 18.12 18.11 18.10 18.09 18.07 18.06 18.05 18.03 18.02 18.00 17.99 17.97 17.96 17.94 17.92 17.91 17.89 17.87 17.85 17.83 17.81 17.79 17.78 17.76 17.74 17.72 17.70 17.68
16.29 16.30 16.30 16.31 16.32 16.34 16.35 16.36 16.38 16.40 16.42 16.44 16.47 16.49 16.53 16.56 16.60 16.63 16.68 16.71 16.77 16.82 16.87 16.93 16.99 17.06 17.13 17.20 17.29 17.37 17.46 17.55 17.65 17.72 17.75 17.78 17.81 17.84 17.87 17.90 17.94 17.98 18.02 18.06 18.10 18.13 18.12 18.11 18.10 18.09 18.08 18.07 18.05 18.04 18.03 18.01 18.00 17.99 17.97 17.96 17.94 17.92 17.91 17.89 17.87 17.86 17.84 17.82 17.80 17.78 17.76 17.74 17.73 17.71 17.69 17.66 17.64
16.25 16.25 16.26 16.26 16.27 16.28 16.29 16.31 16.32 16.35 16.36 16.39 16.41 16.44 16.46 16.50 16.52 16.56 16.60 16.64 16.68 16.74 16.79 16.84 16.90 16.96 17.03 17.10 17.17 17.26 17.34 17.44 17.52 17.62 17.69 17.71 17.74 17.77 17.80 17.83 17.86 17.90 17.94 17.98 18.02 18.06 18.09 18.09 18.07 18.06 18.05 18.03 18.02 18.01 17.99 17.98 17.97 17.95 17.94 17.92 17.91 17.89 17.87 17.86 17.84 17.82 17.80 17.78 17.76 17.75 17.73 17.71 17.68 17.67 17.65 17.63 17.61
16.20 16.21 16.21 16.21 16.23 16.23 16.25 16.26 16.28 16.29 16.30 16.33 16.34 16.37 16.39 16.43 16.45 16.49 16.53 16.57 16.61 16.65 16.70 16.76 16.81 16.87 16.93 17.00 17.07 17.14 17.22 17.31 17.40 17.49 17.58 17.65 17.67 17.70 17.73 17.76 17.79 17.82 17.85 17.89 17.93 17.97 18.02 18.04 18.04 18.02 18.01 18.00 17.99 17.97 17.96 17.95 17.93 17.92 17.90 17.89 17.87 17.85 17.84 17.82 17.80 17.79 17.77 17.75 17.73 17.71 17.69 17.67 17.65 17.64 17.62 17.59 17.57
16.16 16.16 16.17 16.17 16.17 16.19 16.19 16.21 16.22 16.24 16.25 16.27 16.29 16.31 16.34 16.36 16.39 16.42 16.46 16.49 16.53 16.58 16.62 16.67 16.72 16.77 16.84 16.89 16.96 17.04 17.12 17.19 17.28 17.37 17.45 17.54 17.61 17.64 17.66 17.69 17.72 17.75 17.78 17.81 17.85 17.88 17.93 17.97 18.00 18.00 17.99 17.96 17.95 17.94 17.92 17.91 17.90 17.88 17.87 17.85 17.84 17.82 17.80 17.79 17.77 17.75 17.73 17.71 17.69 17.67 17.65 17.63 17.61 17.60 17.58 17.56 17.54
16.11 16.12 16.12 16.12 16.13 16.14 16.15 16.16 16.17 16.18 16.19 16.21 16.23 16.25 16.27 16.30 16.32 16.36 16.38 16.42 16.45 16.50 16.54 16.58 16.63 16.68 16.74 16.80 16.86 16.93 17.00 17.07 17.15 17.24 17.33 17.41 17.50 17.57 17.60 17.62 17.64 17.67 17.70 17.74 17.77 17.80 17.84 17.88 17.92 17.95 17.95 17.94 17.92 17.90 17.89 17.87 17.86 17.85 17.83 17.82 17.80 17.78 17.77 17.75 17.73 17.71 17.70 17.68 17.66 17.64 17.62 17.61 17.59 17.57 17.54 17.52 17.50
16.07 16.07 16.08 16.08 16.08 16.09 16.10 16.11 16.12 16.13 16.14 16.15 16.18 16.19 16.22 16.23 16.26 16.29 16.32 16.35 16.38 16.42 16.46 16.51 16.54 16.60 16.65 16.70 16.76 16.83 16.89 16.96 17.04 17.11 17.20 17.29 17.38 17.46 17.52 17.55 17.58 17.60 17.63 17.66 17.69 17.72 17.75 17.78 17.82 17.86 17.89 17.90 17.89 17.88 17.86 17.84 17.82 17.81 17.79 17.78 17.76 17.75 17.73 17.71 17.70 17.68 17.66 17.64 17.62 17.60 17.58 17.57 17.55 17.53 17.51 17.49 17.46
16.02 16.03 16.03 16.03 16.04 16.04 16.05 16.06 16.07 16.08 16.09 16.11 16.12 16.14 16.15 16.18 16.20 16.23 16.25 16.28 16.31 16.35 16.39 16.42 16.47 16.51 16.56 16.61 16.66 16.72 16.79 16.85 16.92 17.00 17.07 17.15 17.24 17.34 17.41 17.47 17.51 17.53 17.55 17.58 17.61 17.64 17.67 17.70 17.73 17.77 17.81 17.84 17.85 17.84 17.83 17.81 17.80 17.77 17.76 17.74 17.73 17.71 17.69 17.68 17.66 17.64 17.62 17.60 17.59 17.57 17.55 17.53 17.51 17.49 17.47 17.45 17.44
