main/data/temperature/17.05.2023.grid
ncols 886
nrows 691
xllcenter 112.0000
yllcenter -44.5000
cellsize 0.0500
nodata_value 99999.90
[rows 578 to 611 of 691, columns 616 to 692 of 886]
12.90 12.88 12.86 12.84 12.82 12.81 12.79 12.78 12.77 12.77 12.76 12.76 12.77 12.78 12.79 12.81 12.84 12.88 12.93 12.99 13.04 13.10 13.17 13.23 13.30 13.36 13.43 13.50 13.57 13.64 13.71 13.79 13.88 13.96 14.05 14.14 14.23 14.32 14.41 14.49 14.57 14.66 14.73 14.81 14.87 14.92 14.98 15.02 15.07 15.10 15.13 15.15 15.16 15.17 15.18 15.16 15.16 15.14 15.13 15.10 15.07 15.05 15.01 14.97 14.95 14.91 14.88 14.85 14.82 14.47 14.78 14.38 14.53 13.65 14.79 14.80 14.82
12.87 12.85 12.84 12.82 12.81 12.80 12.79 12.79 12.78 12.78 12.78 12.78 12.80 12.81 12.83 12.85 12.88 12.92 12.96 13.02 13.07 13.13 13.18 13.25 13.31 13.37 13.44 13.51 13.58 13.65 13.72 13.81 13.88 13.98 14.06 14.16 14.24 14.34 14.43 14.51 14.59 14.68 14.74 14.82 14.88 14.93 14.98 15.02 15.05 15.09 15.11 15.12 15.13 15.14 15.13 15.13 15.13 15.11 15.09 15.07 15.04 15.01 14.99 14.95 14.91 14.89 14.86 14.83 14.80 14.78 14.63 12.17 13.32 14.75 14.77 14.79 14.81
12.85 12.83 12.82 12.81 12.81 12.81 12.81 12.81 12.81 12.82 12.83 12.84 12.85 12.87 12.89 12.92 12.95 12.99 13.03 13.08 13.12 13.18 13.22 13.29 13.34 13.40 13.47 13.53 13.60 13.67 13.75 13.83 13.91 14.00 14.09 14.17 14.27 14.36 14.45 14.53 14.61 14.69 14.75 14.82 14.88 14.93 14.97 15.01 15.04 15.06 15.08 15.10 15.10 15.11 15.11 15.09 15.09 15.07 15.06 15.03 15.00 14.97 14.95 14.92 14.89 14.86 14.83 14.81 14.79 14.76 14.12 11.91 11.99 14.74 14.75 14.76 14.78
12.84 12.83 12.83 12.83 12.84 12.85 12.86 12.87 12.88 12.89 12.91 12.92 12.94 12.96 12.99 13.01 13.05 13.08 13.12 13.16 13.20 13.26 13.30 13.35 13.40 13.46 13.52 13.58 13.64 13.70 13.79 13.85 13.94 14.02 14.11 14.20 14.29 14.38 14.47 14.55 14.62 14.70 14.76 14.83 14.88 14.93 14.97 14.99 15.02 15.04 15.06 15.06 15.07 15.07 15.07 15.06 15.05 15.03 15.01 15.00 14.97 14.94 14.92 14.89 14.87 14.83 14.81 14.79 14.77 14.75 14.73 13.04 11.37 14.34 14.73 14.74 14.77
12.86 12.88 12.89 12.91 12.93 12.95 12.96 12.98 12.99 13.02 13.03 13.04 13.06 13.09 13.12 13.15 13.17 13.21 13.24 13.28 13.32 13.37 13.41 13.45 13.49 13.54 13.60 13.64 13.71 13.77 13.83 13.90 13.98 14.06 14.14 14.22 14.31 14.40 14.48 14.57 14.64 14.71 14.77 14.83 14.87 14.91 14.95 14.98 15.01 15.02 15.03 15.03 15.03 15.03 15.02 15.02 15.01 14.99 14.98 14.95 14.93 14.91 14.88 14.86 14.83 14.81 14.79 14.76 14.74 14.72 14.70 13.04 12.99 14.70 14.71 14.72 14.75
12.92 12.95 12.97 12.99 13.01 13.04 13.07 13.09 13.11 13.14 13.16 13.19 13.21 13.24 13.27 13.31 13.33 13.36 13.40 13.43 13.46 13.50 13.53 13.57 13.61 13.65 13.70 13.74 13.79 13.84 13.91 13.97 14.04 14.11 14.19 14.26 14.34 14.42 14.50 14.58 14.65 14.71 14.77 14.82 14.86 14.90 14.93 14.96 14.98 14.99 15.00 15.00 15.00 14.99 14.99 14.98 14.96 14.95 14.93 14.91 14.89 14.87 14.85 14.83 14.81 14.78 14.76 14.74 14.72 14.70 14.69 14.68 14.67 14.68 14.69 14.71 14.73
12.98 13.00 13.04 13.06 13.09 13.13 13.16 13.19 13.23 13.26 13.30 13.33 13.36 13.40 13.44 13.48 13.51 13.54 13.56 13.59 13.62 13.65 13.68 13.71 13.75 13.78 13.82 13.86 13.90 13.95 13.99 14.04 14.10 14.16 14.24 14.31 14.38 14.45 14.52 14.58 14.66 14.71 14.77 14.81 14.85 14.88 14.91 14.94 14.95 14.96 14.96 14.96 14.96 14.95 14.95 14.94 14.92 14.90 14.89 14.87 14.85 14.83 14.81 14.79 14.78 14.76 14.73 14.71 14.70 14.68 14.68 14.67 14.66 14.66 14.68 14.70 14.72
13.02 13.06 13.08 13.12 13.15 13.20 13.24 13.28 13.32 13.37 13.41 13.46 13.51 13.56 13.60 13.65 13.68 13.71 13.74 13.76 13.78 13.81 13.84 13.87 13.89 13.92 13.96 13.98 14.02 14.05 14.10 14.14 14.18 14.23 14.29 14.36 14.42 14.48 14.54 14.60 14.66 14.71 14.75 14.80 14.83 14.86 14.88 14.90 14.91 14.92 14.92 14.92 14.92 14.91 14.90 14.90 14.88 14.87 14.85 14.84 14.81 14.80 14.78 14.76 14.75 14.73 14.72 14.70 14.69 14.67 14.66 14.65 14.66 14.66 14.67 14.69 14.71
13.06 13.10 13.13 13.17 13.21 13.26 13.31 13.36 13.42 13.47 13.53 13.59 13.65 13.70 13.76 13.82 13.84 13.87 13.90 13.93 13.94 13.96 13.99 14.01 14.04 14.06 14.08 14.11 14.13 14.17 14.19 14.23 14.27 14.31 14.35 14.40 14.46 14.51 14.56 14.61 14.66 14.71 14.74 14.79 14.81 14.84 14.85 14.87 14.88 14.88 14.88 14.89 14.88 14.87 14.86 14.85 14.84 14.82 14.81 14.79 14.78 14.76 14.75 14.73 14.72 14.71 14.69 14.68 14.66 14.65 14.65 14.65 14.65 14.65 14.67 14.68 14.70
13.09 13.13 13.17 13.22 13.27 13.32 13.38 13.45 13.50 13.57 13.64 13.71 13.78 13.85 13.92 13.96 13.99 14.01 14.03 14.06 14.08 14.11 14.12 14.14 14.16 14.19 14.20 14.23 14.24 14.27 14.29 14.32 14.35 14.38 14.41 14.45 14.48 14.53 14.57 14.61 14.65 14.69 14.72 14.76 14.79 14.80 14.82 14.83 14.84 14.84 14.84 14.84 14.83 14.82 14.82 14.80 14.79 14.78 14.77 14.76 14.74 14.73 14.72 14.71 14.69 14.68 14.67 14.66 14.65 14.64 14.64 14.64 14.65 14.65 14.66 14.68 14.69
13.12 13.16 13.20 13.26 13.32 13.38 13.45 13.51 13.59 13.67 13.74 13.82 13.90 13.99 14.04 14.08 14.10 14.12 14.14 14.16 14.18 14.21 14.23 14.24 14.26 14.29 14.30 14.32 14.34 14.36 14.38 14.39 14.42 14.44 14.47 14.49 14.50 14.51 14.53 14.55 14.59 14.62 14.66 14.71 14.74 14.76 14.78 14.79 14.79 14.79 14.80 14.79 14.79 14.78 14.77 14.76 14.75 14.74 14.72 14.72 14.71 14.69 14.68 14.67 14.66 14.65 14.65 14.64 14.63 14.63 14.63 14.63 14.64 14.64 14.66 14.66 14.69
13.13 13.18 13.24 13.29 13.36 13.43 13.50 13.58 13.67 13.76 13.84 13.93 14.03 14.09 14.12 14.15 14.18 14.20 14.22 14.24 14.27 14.28 14.30 14.32 14.34 14.36 14.37 14.39 14.40 14.42 14.44 14.45 14.47 14.49 14.50 14.50 14.50 14.48 14.48 14.48 14.50 14.51 14.53 14.57 14.60 14.64 14.68 14.72 14.73 14.74 14.74 14.73 14.73 14.72 14.72 14.71 14.71 14.70 14.68 14.68 14.67 14.66 14.65 14.65 14.64 14.63 14.63 14.62 14.62 14.62 14.62 14.63 14.63 14.64 14.65 14.66 14.68
13.15 13.20 13.26 13.33 13.40 13.48 13.56 13.65 13.74 13.84 13.94 14.04 14.12 14.17 14.18 14.21 14.23 14.25 14.28 14.29 14.31 14.34 14.36 14.37 14.39 14.40 14.42 14.43 14.45 14.46 14.47 14.49 14.51 14.52 14.52 14.53 14.49 14.46 14.44 14.43 14.42 14.41 14.42 14.44 14.46 14.48 14.51 14.55 14.59 14.63 14.66 14.67 14.67 14.67 14.67 14.66 14.65 14.65 14.65 14.64 14.63 14.63 14.62 14.61 14.62 14.61 14.60 14.61 14.60 14.61 14.61 14.62 14.62 14.63 14.64 14.66 14.66
13.15 13.21 13.28 13.35 13.44 13.52 13.62 13.71 13.81 13.92 14.03 14.12 14.17 14.20 14.21 14.24 14.26 14.29 14.30 14.33 14.35 14.37 14.38 14.40 14.42 14.44 14.45 14.47 14.47 14.48 14.50 14.51 14.52 14.52 14.54 14.53 14.50 14.45 14.41 14.39 14.36 14.34 14.32 14.33 14.33 14.34 14.36 14.39 14.42 14.45 14.49 14.53 14.57 14.59 14.60 14.61 14.61 14.60 14.60 14.59 14.59 14.59 14.59 14.58 14.59 14.58 14.59 14.58 14.59 14.59 14.59 14.60 14.61 14.62 14.63 14.64 14.66
13.17 13.23 13.30 13.38 13.46 13.55 13.65 13.76 13.87 13.99 14.10 14.16 14.19 14.21 14.23 14.26 14.28 14.30 14.32 14.34 14.37 14.38 14.40 14.02 14.42 14.45 14.46 14.47 14.49 14.49 14.50 14.50 14.51 14.52 14.52 14.52 14.50 14.46 14.40 14.35 14.31 14.28 14.26 14.24 14.23 14.23 14.24 14.25 14.27 14.29 14.32 14.36 14.40 14.44 14.48 14.52 14.54 14.54 14.54 14.55 14.55 14.55 14.56 14.55 14.56 14.56 14.56 14.57 14.57 14.57 14.58 14.59 14.60 14.61 14.62 14.64 14.65
13.17 13.23 13.31 13.40 13.49 13.58 13.69 13.81 13.92 14.04 14.14 14.18 14.20 14.22 14.25 14.26 14.28 14.31 14.33 14.35 14.37 14.38 14.40 14.14 14.21 14.16 14.46 14.47 14.47 14.48 14.48 14.49 14.49 14.49 14.49 14.49 14.47 14.45 14.39 14.33 14.27 14.24 14.20 14.17 14.14 14.14 14.13 14.13 14.14 14.16 14.18 14.21 14.23 14.28 14.31 14.36 14.40 14.45 14.48 14.48 14.50 14.51 14.52 14.52 14.52 14.53 14.53 14.54 14.55 14.56 14.56 14.57 14.59 14.59 14.61 14.62 14.63
13.16 13.24 13.32 13.40 13.51 13.61 13.72 13.84 13.96 14.09 14.15 14.18 14.20 14.21 14.24 14.26 14.28 14.31 14.33 14.35 14.37 14.38 14.33 14.22 14.27 14.28 14.42 14.45 14.46 14.46 14.46 14.46 14.46 14.45 14.45 14.44 14.43 14.41 14.36 14.30 14.25 14.19 14.14 14.10 14.08 14.06 14.04 14.03 14.03 14.04 14.06 14.08 14.10 14.13 14.17 14.21 14.25 14.29 14.33 14.38 14.42 14.44 14.46 14.47 14.48 14.49 14.50 14.51 14.52 14.53 14.54 14.55 14.57 14.57 14.59 14.60 14.61
13.16 13.23 13.32 13.41 13.51 13.62 13.74 13.87 13.99 14.11 14.14 14.16 14.19 14.21 14.23 14.26 14.28 14.30 14.32 14.34 14.36 14.37 14.08 14.16 14.24 14.11 14.42 14.42 14.42 14.42 14.42 14.41 14.41 14.41 14.39 14.38 14.36 14.34 14.32 14.28 14.21 14.15 14.09 14.05 14.02 13.98 13.96 13.96 13.95 13.95 13.95 13.96 13.98 14.00 14.03 14.06 14.10 14.14 14.18 14.23 14.28 14.33 14.37 14.41 14.42 14.44 14.45 14.47 14.49 14.50 14.51 14.53 14.54 14.55 14.56 14.57 14.58
13.14 13.23 13.31 13.41 13.51 13.62 13.75 13.88 14.00 14.10 14.13 14.15 14.17 14.19 14.22 14.24 14.26 14.28 14.30 14.33 14.35 14.36 14.16 13.99 14.02 14.05 14.38 14.38 14.38 14.38 14.38 14.37 14.36 14.34 14.32 14.30 14.29 14.27 14.24 14.21 14.16 14.11 14.05 14.00 13.95 13.91 13.90 13.87 13.86 13.85 13.85 13.86 13.88 13.89 13.91 13.94 13.97 14.00 14.04 14.08 14.13 14.17 14.22 14.27 14.32 14.36 14.39 14.41 14.43 14.46 14.47 14.49 14.50 14.51 14.53 14.52 14.53
13.13 13.21 13.30 13.39 13.51 13.61 13.74 13.88 14.00 14.09 14.12 14.13 14.15 14.17 14.19 14.22 14.24 14.26 14.28 14.30 14.32 14.34 14.06 13.91 14.17 14.04 14.30 14.34 14.34 14.33 14.32 14.30 14.29 14.27 14.25 14.23 14.20 14.17 14.14 14.11 14.08 14.04 13.99 13.94 13.90 13.86 13.82 13.79 13.77 13.77 13.77 13.77 13.77 13.78 13.80 13.82 13.84 13.88 13.91 13.95 13.99 14.03 14.07 14.12 14.16 14.21 14.26 14.30 14.34 14.38 14.40 14.43 14.44 14.46 14.47 14.48 14.48
13.12 13.19 13.29 13.38 13.49 13.60 13.73 13.86 13.98 14.07 14.10 14.12 14.14 14.16 14.18 14.20 14.22 14.23 14.26 14.27 14.30 14.07 13.90 13.87 13.89 13.99 14.10 14.28 14.27 14.26 14.26 14.24 14.21 14.19 14.16 14.13 14.10 14.07 14.04 14.00 13.97 13.93 13.90 13.86 13.82 13.78 13.74 13.72 13.70 13.68 13.67 13.67 13.68 13.69 13.70 13.72 13.74 13.76 13.80 13.83 13.86 13.90 13.93 13.97 14.02 14.06 14.10 14.16 14.20 14.24 14.28 14.32 14.35 14.37 14.38 14.39 14.39
13.09 13.17 13.25 13.36 13.46 13.57 13.70 13.82 13.95 14.04 14.08 14.09 14.11 14.13 14.15 14.17 14.18 14.21 14.22 14.24 14.26 14.27 13.55 13.57 13.58 13.55 13.70 14.23 14.21 14.20 14.18 14.15 14.13 14.10 14.07 14.04 14.01 13.97 13.93 13.89 13.86 13.83 13.79 13.75 13.72 13.69 13.66 13.63 13.61 13.60 13.59 13.58 13.58 13.59 13.60 13.62 13.63 13.65 13.69 13.71 13.74 13.77 13.82 13.85 13.89 13.93 13.97 14.01 14.05 14.09 14.12 14.16 14.20 14.22 14.24 14.26 14.27
13.06 13.13 13.23 13.32 13.42 13.54 13.66 13.78 13.91 14.02 14.05 14.07 14.09 14.10 14.12 14.13 14.15 14.17 14.18 14.20 14.21 14.22 13.87 13.73 13.30 13.49 13.63 14.15 14.13 14.11 14.09 14.06 14.03 14.01 13.97 13.94 13.90 13.86 13.83 13.79 13.75 13.72 13.69 13.65 13.62 13.59 13.56 13.55 13.52 13.51 13.49 13.49 13.49 13.49 13.49 13.52 13.53 13.55 13.58 13.60 13.63 13.67 13.70 13.73 13.77 13.80 13.84 13.87 13.91 13.95 13.98 14.01 14.04 14.07 14.09 14.11 14.12
13.03 13.10 13.19 13.28 13.38 13.49 13.61 13.73 13.86 13.97 14.02 14.04 14.05 14.07 14.08 14.10 14.11 14.13 14.14 14.14 14.15 14.15 13.76 13.57 13.04 13.36 14.09 14.07 14.05 14.02 13.99 13.96 13.94 13.90 13.86 13.83 13.79 13.76 13.72 13.68 13.66 13.62 13.59 13.55 13.53 13.51 13.48 13.46 13.43 13.43 13.41 13.40 13.40 13.39 13.40 13.41 13.43 13.44 13.47 13.49 13.53 13.55 13.59 13.62 13.66 13.69 13.73 13.75 13.79 13.82 13.85 13.88 13.90 13.93 13.95 13.96 13.97
12.99 13.07 13.14 13.23 13.33 13.43 13.54 13.66 13.79 13.91 13.98 14.00 14.02 14.03 14.04 14.05 14.06 14.07 14.08 14.09 14.09 14.09 13.36 14.02 13.93 14.03 14.01 13.98 13.95 13.92 13.90 13.86 13.83 13.79 13.76 13.73 13.69 13.65 13.62 13.59 13.56 13.52 13.49 13.47 13.44 13.42 13.41 13.38 13.36 13.35 13.34 13.33 13.32 13.32 13.31 13.31 13.33 13.34 13.36 13.38 13.42 13.44 13.48 13.52 13.54 13.58 13.62 13.64 13.68 13.71 13.74 13.77 13.78 13.80 13.82 13.84 13.85
12.95 13.03 13.10 13.18 13.28 13.37 13.48 13.59 13.71 13.83 13.93 13.97 13.98 13.99 14.00 14.00 14.01 14.01 14.01 14.01 14.01 14.00 14.00 13.98 13.95 13.94 13.91 13.88 13.85 13.82 13.79 13.75 13.72 13.68 13.65 13.62 13.58 13.56 13.52 13.49 13.46 13.44 13.41 13.39 13.37 13.35 13.33 13.31 13.30 13.28 13.27 13.27 13.26 13.26 13.25 13.26 13.26 13.26 13.28 13.30 13.31 13.34 13.38 13.40 13.44 13.48 13.50 13.54 13.57 13.60 13.63 13.65 13.68 13.69 13.71 13.72 13.72
12.91 12.97 13.05 13.13 13.21 13.30 13.40 13.51 13.62 13.72 13.84 13.90 13.93 13.94 13.95 13.95 13.95 13.95 13.95 13.94 13.93 13.91 13.90 13.89 13.86 13.83 13.81 13.78 13.74 13.72 13.68 13.64 13.62 13.58 13.55 13.51 13.49 13.46 13.43 13.41 13.38 13.35 13.34 13.32 13.30 13.29 13.27 13.25 13.24 13.23 13.22 13.21 13.20 13.20 13.20 13.19 13.20 13.21 13.22 13.23 13.25 13.26 13.29 13.32 13.35 13.37 13.40 13.44 13.47 13.50 13.53 13.55 13.57 13.59 13.60 13.62 13.62
12.86 12.93 13.00 13.06 13.14 13.23 13.33 13.42 13.52 13.62 13.73 13.82 13.87 13.88 13.88 13.88 13.87 13.87 13.86 13.85 13.84 13.82 13.81 13.78 13.76 13.73 13.70 13.67 13.63 13.61 13.57 13.53 13.51 13.48 13.44 13.42 13.39 13.37 13.35 13.32 13.31 13.28 13.26 13.25 13.24 13.22 13.21 13.20 13.18 13.17 13.17 13.16 13.16 13.15 13.15 13.15 13.16 13.17 13.18 13.18 13.20 13.22 13.24 13.26 13.28 13.31 13.34 13.36 13.39 13.42 13.44 13.47 13.48 13.51 13.52 13.53 13.54
12.82 12.88 12.93 13.00 13.08 13.16 13.24 13.33 13.42 13.52 13.61 13.71 13.79 13.81 13.81 13.81 13.80 13.79 13.78 13.76 13.75 13.72 13.70 13.67 13.64 13.62 13.58 13.56 13.52 13.50 13.46 13.43 13.41 13.37 13.35 13.33 13.31 13.29 13.26 13.25 13.23 13.22 13.20 13.19 13.18 13.16 13.15 13.15 13.14 13.12 13.12 13.11 13.12 13.11 13.11 13.12 13.12 13.13 13.14 13.15 13.16 13.18 13.20 13.22 13.24 13.27 13.30 13.32 13.35 13.37 13.39 13.41 13.44 13.46 13.47 13.48 13.49
12.78 12.82 12.88 12.95 13.01 13.08 13.15 13.24 13.32 13.41 13.50 13.59 13.67 13.73 13.74 13.73 13.71 13.70 13.68 13.66 13.64 13.61 13.59 13.56 13.53 13.51 13.47 13.45 13.41 13.39 13.36 13.34 13.31 13.29 13.26 13.25 13.23 13.21 13.19 13.17 13.17 13.15 13.15 13.13 13.12 13.12 13.10 13.09 13.09 13.08 13.07 13.07 13.07 13.07 13.08 13.08 13.08 13.09 13.11 13.12 13.14 13.16 13.18 13.20 13.22 13.25 13.27 13.30 13.32 13.34 13.37 13.39 13.41 13.42 13.44 13.45 13.46
12.73 12.78 12.83 12.88 12.94 13.01 13.08 13.15 13.22 13.30 13.38 13.46 13.53 13.60 13.63 13.63 13.61 13.59 13.57 13.55 13.53 13.50 13.47 13.45 13.42 13.39 13.36 13.34 13.31 13.29 13.26 13.24 13.21 13.20 13.18 13.17 13.15 13.14 13.12 13.11 13.10 13.10 12.86 12.75 13.07 13.06 13.06 13.05 13.04 13.04 13.03 13.04 13.03 13.04 13.04 13.04 13.05 13.07 13.09 13.10 13.12 13.14 13.16 13.18 13.21 13.23 13.26 13.28 13.31 13.34 13.36 13.38 13.39 13.42 13.43 13.45 13.45
12.68 12.73 12.78 12.82 12.88 12.93 13.00 13.06 13.12 13.19 13.26 13.33 13.40 13.47 13.52 13.53 13.51 13.49 13.47 13.44 13.41 13.38 13.36 13.33 13.30 13.28 13.26 13.22 13.21 13.19 13.16 13.15 13.13 13.12 13.11 13.09 13.08 13.07 13.06 13.05 13.05 13.02 12.56 13.03 13.02 13.02 13.02 13.01 13.00 12.99 13.00 12.99 13.00 13.01 13.01 13.02 13.04 13.05 13.06 13.08 13.10 13.12 13.14 13.18 13.20 13.23 13.25 13.28 13.31 13.33 13.35 13.38 13.40 13.41 13.43 13.44 13.46
12.64 12.67 12.72 12.76 12.81 12.87 12.91 12.97 13.03 13.09 13.15 13.21 13.27 13.33 13.38 13.42 13.39 13.37 13.35 13.32 13.30 13.27 13.25 13.21 13.19 13.17 13.15 13.13 13.11 13.10 13.07 13.06 13.06 13.04 13.03 13.03 13.01 13.01 13.01 12.78 13.00 12.99 12.99 12.98 12.98 12.97 12.97 12.97 12.96 12.96 12.96 12.96 12.97 12.98 12.99 13.00 13.01 13.03 13.04 13.07 13.09 13.11 13.14 13.17 13.20 13.22 13.25 13.28 13.31 13.33 13.35 13.38 13.40 13.42 13.44 13.46 13.46
12.59 12.63 12.67 12.71 12.75 12.79 12.84 12.89 12.94 13.00 13.05 13.10 13.14 13.19 13.24 13.28 13.28 13.26 13.23 13.21 13.19 13.16 13.13 13.11 13.09 13.07 13.05 13.03 13.02 13.00 12.99 12.99 12.98 12.97 12.96 12.96 12.96 12.95 12.95 12.61 12.94 12.94 12.95 12.94 12.94 12.94 12.93 12.93 12.93 12.93 12.92 12.93 12.93 12.95 12.96 12.97 12.99 13.00 13.03 13.05 13.08 13.11 13.13 13.16 13.20 13.23 13.25 13.29 13.31 13.34 13.37 13.39 13.42 13.43 13.45 13.46 13.48
