main/data/temperature/17.04.2023.grid
ncols 886
nrows 691
xllcenter 112.0000
yllcenter -44.5000
cellsize 0.0500
nodata_value 99999.90
[rows 306 to 339 of 691, columns 539 to 615 of 886]
23.91 23.98 24.09 24.10 24.05 24.00 24.08 24.10 24.14 24.16 24.19 24.28 24.28 24.34 24.33 24.29 24.32 24.30 24.34 24.40 24.44 24.42 24.44 24.60 24.63 24.66 24.71 24.72 24.76 24.68 24.83 24.86 24.89 24.95 24.98 24.92 24.95 25.01 25.01 25.09 25.10 25.14 24.78 25.07 25.20 25.30 25.32 25.34 25.33 25.35 25.37 25.23 25.24 25.30 25.34 25.32 25.28 25.18 25.09 24.93 25.10 25.31 25.36 25.42 25.49 25.55 25.58 25.60 25.60 25.64 25.67 25.68 25.66 25.54 25.65 25.81 25.84
23.95 24.07 24.13 24.12 24.04 24.02 24.16 24.18 24.22 24.24 24.26 24.25 24.27 24.28 24.25 24.29 24.33 24.37 24.36 24.36 24.39 24.37 24.43 24.59 24.49 24.70 24.70 24.72 24.76 24.80 24.82 24.85 24.90 24.89 24.96 24.93 24.91 25.02 25.03 25.07 25.09 24.96 24.99 25.16 25.26 25.27 25.30 25.33 25.33 25.34 25.33 25.14 25.28 25.33 25.31 25.31 25.27 25.21 25.02 25.14 25.04 25.29 25.41 25.45 25.51 25.58 25.59 25.60 25.63 25.62 25.67 25.68 25.71 25.65 25.65 25.80 25.85
24.07 24.15 24.14 24.13 24.09 24.15 24.22 24.26 24.28 24.26 24.28 24.24 24.27 24.28 24.31 24.34 24.38 24.44 24.49 24.53 24.45 24.58 24.63 24.66 24.65 24.67 24.70 24.73 24.74 24.80 24.81 24.86 24.91 24.85 24.89 24.99 24.93 24.96 24.99 25.04 25.08 25.08 25.18 25.22 25.23 25.25 25.30 25.30 25.27 25.28 25.27 25.03 25.34 25.35 25.31 25.27 25.16 25.07 25.14 25.23 25.22 25.30 25.44 25.51 25.58 25.59 25.60 25.61 25.56 25.65 25.67 25.71 25.74 25.74 25.69 25.74 25.86
24.03 24.18 24.11 24.08 24.13 24.22 24.26 24.29 24.33 24.32 24.35 24.27 24.35 24.33 24.41 24.46 24.50 24.54 24.57 24.55 24.51 24.61 24.67 24.70 24.65 24.67 24.63 24.70 24.78 24.79 24.83 24.88 24.90 24.84 24.87 24.92 24.99 25.01 25.02 25.11 25.08 25.11 25.18 25.20 25.26 25.28 25.29 25.28 25.23 25.21 25.08 25.02 25.27 25.32 25.31 25.26 25.15 25.11 25.21 25.29 25.30 25.31 25.37 25.54 25.60 25.61 25.64 25.67 25.65 25.69 25.71 25.71 25.72 25.74 25.76 25.78 25.85
24.13 24.18 24.08 24.10 24.22 24.24 24.27 24.28 24.29 24.38 24.42 24.41 24.40 24.39 24.34 24.46 24.56 24.59 24.61 24.64 24.65 24.65 24.64 24.65 24.69 24.73 24.75 24.74 24.78 24.79 24.89 24.86 24.86 24.91 24.97 24.98 24.94 24.98 25.04 24.77 25.08 25.12 25.16 25.16 25.25 25.29 25.25 25.21 25.13 25.15 25.01 24.83 25.19 25.26 25.25 25.23 25.11 25.27 25.31 25.33 25.29 25.11 25.26 25.52 25.62 25.63 25.65 25.67 25.67 25.70 25.66 25.64 25.68 25.74 25.73 25.81 25.84
24.24 24.21 24.11 24.15 24.16 24.15 24.14 24.31 24.27 24.37 24.47 24.43 24.45 24.45 24.47 24.51 24.60 24.65 24.64 24.65 24.66 24.66 24.66 24.68 24.72 24.73 24.73 24.74 24.76 24.80 24.88 24.86 24.91 24.94 24.99 25.00 25.04 25.09 24.99 24.76 25.02 25.14 25.15 25.19 25.24 25.24 25.20 25.13 25.06 25.01 25.02 25.10 25.08 24.99 25.18 25.08 25.29 25.34 25.30 25.26 25.17 25.07 25.32 25.51 25.63 25.65 25.67 25.69 25.69 25.68 25.69 25.72 25.74 25.77 25.80 25.84 25.86
24.19 24.21 24.23 24.18 24.11 24.18 24.19 24.34 24.30 24.39 24.47 24.42 24.49 24.52 24.51 24.59 24.62 24.60 24.68 24.68 24.67 24.68 24.70 24.74 24.76 24.77 24.68 24.76 24.79 24.83 24.86 24.91 24.91 24.96 24.99 25.03 25.05 25.02 24.94 24.57 24.76 24.87 25.05 25.14 25.20 25.21 25.08 25.08 24.97 25.11 25.21 25.22 25.15 25.01 25.11 25.25 25.35 25.36 25.30 25.31 25.08 25.05 25.38 25.52 25.62 25.64 25.68 25.68 25.67 25.70 25.72 25.72 25.76 25.79 25.82 25.84 25.89
24.27 24.23 24.28 24.31 24.32 24.19 24.21 24.30 24.34 24.33 24.49 24.49 24.48 24.56 24.60 24.58 24.64 24.60 24.74 24.68 24.73 24.71 24.74 24.72 24.76 24.79 24.79 24.82 24.82 24.85 24.88 24.92 24.93 24.97 25.01 25.00 25.05 25.02 24.97 24.94 24.60 24.76 24.89 25.12 25.06 25.18 25.19 25.14 25.05 25.21 25.27 25.27 25.24 25.17 25.13 25.21 25.32 25.38 25.33 25.39 25.28 25.30 25.49 25.58 25.62 25.68 25.69 25.69 25.72 25.71 25.75 25.76 25.78 25.79 25.85 25.86 25.89
24.31 24.31 24.30 24.31 24.38 24.33 24.31 24.23 24.37 24.36 24.45 24.54 24.57 24.59 24.65 24.66 24.63 24.69 24.70 24.74 24.70 24.60 24.67 24.54 24.53 24.60 24.77 24.84 24.81 24.87 24.86 24.93 24.95 24.98 24.99 25.02 25.04 24.99 24.88 24.75 24.66 24.89 25.02 25.05 25.04 25.14 25.17 25.18 25.10 25.17 25.27 25.29 25.25 25.17 25.10 25.17 25.29 25.43 25.34 25.47 25.50 25.50 25.60 25.62 25.68 25.69 25.66 25.71 25.72 25.73 25.74 25.77 25.78 25.84 25.85 25.90 25.88
24.37 24.29 24.33 24.36 24.39 24.30 24.34 24.32 24.44 24.46 24.46 24.57 24.57 24.65 24.68 24.72 24.71 24.61 24.64 24.67 24.53 24.58 24.46 24.55 24.62 24.66 24.75 24.73 24.68 24.88 24.90 24.90 24.89 24.91 24.98 24.90 24.71 25.00 24.79 24.74 24.86 24.90 24.95 24.80 24.98 25.10 25.10 25.14 25.04 25.12 25.24 25.25 25.24 25.23 25.17 25.22 25.33 25.45 25.52 25.55 25.56 25.63 25.62 25.65 25.69 25.69 25.69 25.70 25.75 25.77 25.78 25.80 25.82 25.86 25.88 25.92 25.77
24.41 24.23 24.33 24.38 24.45 24.29 24.35 24.39 24.37 24.56 24.56 24.61 24.64 24.63 24.65 24.64 24.67 24.70 24.67 24.47 24.73 24.61 24.57 24.59 24.56 24.72 24.81 24.80 24.85 24.77 24.82 24.88 24.86 24.82 24.89 24.78 24.76 25.02 24.95 24.89 24.99 24.94 24.80 24.87 24.99 25.03 25.07 24.98 24.80 25.00 25.18 25.20 25.26 25.21 25.23 25.24 25.38 25.44 25.55 25.59 25.61 25.60 25.68 25.65 25.69 25.70 25.72 25.74 25.75 25.78 25.79 25.79 25.86 25.85 25.91 25.91 25.84
24.46 24.35 24.40 24.45 24.49 24.46 24.32 24.35 24.48 24.57 24.62 24.62 24.52 24.55 24.64 24.52 24.63 24.62 24.71 24.75 24.73 24.68 24.57 24.64 24.68 24.52 24.78 24.82 24.83 24.86 24.89 24.91 24.95 24.94 24.92 24.79 24.81 25.01 24.96 25.01 24.96 24.88 24.98 24.94 24.97 24.98 24.99 24.93 24.53 24.80 24.94 25.12 25.23 25.22 25.23 25.12 25.38 25.49 25.57 25.63 25.62 25.62 25.67 25.69 25.70 25.72 25.74 25.76 25.78 25.80 25.83 25.84 25.86 25.89 25.88 25.89 25.80
24.41 24.49 24.38 24.52 24.44 24.45 24.35 24.45 24.55 24.62 24.55 24.63 24.66 24.57 24.58 24.54 24.60 24.63 24.76 24.67 24.69 24.72 24.63 24.63 24.72 24.69 24.80 24.82 24.67 24.84 24.80 24.83 24.80 24.79 24.66 24.70 24.89 25.01 25.03 25.03 25.04 24.99 25.03 25.02 24.99 24.96 24.81 24.70 24.77 24.80 24.85 25.04 25.20 25.31 25.23 25.22 25.44 25.53 25.60 25.61 25.65 25.64 25.68 25.71 25.73 25.74 25.76 25.79 25.80 25.66 25.85 25.87 25.89 25.87 25.90 25.89 25.88
24.39 24.51 24.46 24.43 24.51 24.41 24.47 24.57 24.58 24.61 24.59 24.52 24.45 24.49 24.47 24.51 24.58 24.69 24.81 24.76 24.76 24.82 24.79 24.63 24.72 24.71 24.67 24.80 24.64 24.77 24.68 24.72 24.70 24.67 24.68 24.60 24.57 24.98 25.04 25.04 25.04 24.99 25.06 25.05 25.05 25.01 24.91 24.57 24.84 24.94 24.98 25.13 25.26 25.32 25.34 25.41 25.49 25.56 25.58 25.64 25.65 25.68 25.71 25.73 25.73 25.74 25.77 25.82 25.79 25.70 25.73 25.80 25.83 25.82 25.85 25.82 25.86
24.48 24.53 24.55 24.52 24.47 24.55 24.59 24.59 24.61 24.64 24.67 24.67 24.63 24.53 24.52 24.53 24.69 24.68 24.82 24.67 24.69 24.82 24.80 24.69 24.71 24.77 24.72 24.76 24.75 24.69 24.71 24.71 24.70 24.73 24.65 24.50 24.74 24.91 24.99 25.02 25.04 25.06 25.05 25.06 25.04 24.99 24.80 24.86 25.10 25.20 25.07 25.21 25.31 25.38 25.46 25.50 25.55 25.60 25.63 25.59 25.66 25.68 25.70 25.72 25.74 25.76 25.79 25.84 25.58 25.39 25.53 25.72 25.76 25.75 25.62 25.66 25.75
24.48 24.37 24.54 24.64 24.61 24.57 24.66 24.66 24.68 24.64 24.71 24.72 24.68 24.74 24.69 24.59 24.76 24.78 24.88 24.76 24.79 24.82 24.71 24.75 24.76 24.80 24.81 24.84 24.72 24.72 24.75 24.79 24.71 24.74 24.51 24.36 24.71 24.92 24.99 25.00 25.07 25.03 25.09 25.06 24.86 24.88 24.25 25.01 25.20 25.23 25.29 25.34 25.40 25.46 25.50 25.53 25.60 25.61 25.63 25.66 25.68 25.71 25.71 25.74 25.77 25.77 25.84 25.87 25.80 25.62 25.19 25.49 25.46 25.47 25.46 25.67 25.76
24.58 24.60 24.56 24.65 24.59 24.68 24.70 24.66 24.72 24.73 24.61 24.76 24.74 24.61 24.70 24.67 24.76 24.85 24.91 24.86 24.83 24.84 24.76 24.76 24.79 24.80 24.73 24.71 24.86 24.84 24.77 24.78 24.74 24.75 24.48 24.19 24.74 24.73 24.90 25.01 25.03 25.07 25.07 25.06 24.96 24.78 24.89 25.18 25.26 25.32 25.36 25.43 25.48 25.50 25.51 25.52 25.59 25.60 25.66 25.68 25.69 25.72 25.72 25.75 25.81 25.80 25.87 25.86 25.85 25.69 25.59 25.19 25.29 25.44 25.51 25.61 25.49
24.54 24.53 24.56 24.64 24.65 24.65 24.65 24.71 24.74 24.55 24.76 24.71 24.81 24.79 24.80 24.77 24.78 24.91 24.90 24.78 24.86 24.66 24.71 24.72 24.72 24.88 24.72 24.88 24.83 24.90 24.79 24.79 24.66 24.71 24.47 23.99 24.44 24.58 24.87 24.96 25.03 25.07 25.08 24.97 24.84 24.73 25.09 25.25 25.32 25.35 25.38 25.41 25.47 25.53 25.56 25.57 25.61 25.65 25.65 25.68 25.70 25.73 25.75 25.78 25.80 25.85 25.85 25.89 25.83 25.33 25.24 25.29 25.25 25.49 25.47 25.51 25.48
24.54 24.63 24.66 24.61 24.64 24.63 24.75 24.75 24.74 24.82 24.79 24.77 24.67 24.83 24.85 24.75 24.86 24.88 24.86 24.90 24.82 24.79 24.76 24.71 24.73 24.89 24.86 24.92 24.88 24.85 24.81 24.65 24.47 24.54 24.36 24.35 24.66 24.71 24.61 24.89 25.00 25.05 25.05 24.91 24.39 24.83 25.17 25.28 25.30 25.36 25.41 25.48 25.51 25.55 25.57 25.60 25.63 25.66 25.66 25.71 25.72 25.75 25.77 25.81 25.83 25.87 25.86 25.91 25.81 25.80 25.73 25.52 25.31 25.48 25.31 25.57 25.68
24.64 24.68 24.69 24.70 24.71 24.69 24.74 24.75 24.77 24.80 24.77 24.76 24.78 24.82 24.74 24.85 24.88 24.90 24.88 24.82 24.74 24.65 24.80 24.80 24.84 24.91 24.83 24.92 24.90 24.80 24.79 24.67 24.60 24.54 24.26 24.15 24.45 24.52 24.43 24.33 24.96 25.02 24.95 24.69 24.72 24.92 25.21 25.30 25.34 25.37 25.41 25.45 25.49 25.55 25.53 25.62 25.61 25.69 25.70 25.72 25.73 25.78 25.80 25.83 25.85 25.87 25.90 25.89 25.67 25.50 25.69 25.65 25.48 25.53 25.49 25.57 25.66
24.69 24.75 24.67 24.69 24.68 24.75 24.76 24.70 24.62 24.85 24.84 24.82 24.83 24.83 24.85 24.86 24.92 24.74 24.79 24.78 24.64 24.82 24.79 24.88 24.89 24.91 24.89 24.79 24.91 24.81 24.70 24.55 24.43 24.33 24.09 24.19 24.29 24.34 24.22 24.83 24.89 24.95 24.75 24.68 25.05 24.97 25.18 25.31 25.34 25.38 25.42 25.45 25.49 25.49 25.59 25.63 25.61 25.69 25.72 25.72 25.78 25.79 25.81 25.85 25.87 25.89 25.91 25.85 25.59 25.66 25.56 25.62 25.63 25.72 25.58 25.31 25.59
24.66 24.72 24.71 24.77 24.77 24.61 24.76 24.81 24.67 24.89 24.77 24.86 24.87 24.86 24.89 24.88 24.87 24.79 24.79 24.81 24.77 24.81 24.80 24.81 24.90 24.90 24.90 24.91 24.91 24.77 24.73 24.60 24.29 24.21 24.15 24.42 24.45 24.50 24.73 24.72 24.62 24.74 24.74 24.76 25.07 25.08 25.18 25.31 25.34 25.38 25.41 25.45 25.48 25.43 25.55 25.64 25.63 25.70 25.64 25.76 25.78 25.80 25.82 25.85 25.88 25.87 25.92 25.90 25.74 25.31 25.82 25.68 25.75 25.79 25.66 25.54 25.29
24.72 24.74 24.76 24.79 24.75 24.76 24.78 24.83 24.80 24.88 24.79 24.91 24.92 24.86 24.87 24.91 24.86 24.87 24.87 24.85 24.81 24.79 24.84 24.90 24.93 24.99 24.92 24.92 24.93 24.88 24.80 24.64 24.44 24.69 24.61 24.62 24.33 24.37 24.68 24.53 24.52 24.72 24.87 24.83 25.11 25.05 24.88 25.29 25.34 25.38 25.41 25.45 25.49 25.19 25.56 25.64 25.67 25.66 25.72 25.76 25.75 25.79 25.82 25.85 25.88 25.88 25.92 25.85 25.72 25.66 25.86 25.87 25.84 25.79 25.48 25.24 24.96
24.73 24.76 24.78 24.75 24.83 24.81 24.79 24.74 24.84 24.85 24.76 24.78 24.76 24.89 24.90 24.89 24.84 24.89 24.85 24.80 24.80 24.75 24.87 24.89 24.92 24.96 24.96 24.88 24.96 24.92 24.83 24.63 24.75 24.61 24.77 24.56 24.61 24.68 24.66 24.30 24.21 24.73 24.93 24.99 25.10 25.08 24.96 25.23 25.34 25.37 25.41 25.45 25.45 25.26 25.55 25.65 25.68 25.67 25.75 25.76 25.77 25.80 25.83 25.85 25.88 25.90 25.94 25.89 25.71 25.84 25.94 25.89 25.83 25.67 25.73 25.59 25.25
24.73 24.75 24.79 24.80 24.80 24.70 24.85 24.83 24.84 24.83 24.86 24.78 24.86 24.87 24.89 24.82 24.78 24.68 24.80 24.81 24.77 24.80 24.77 24.80 24.93 24.95 24.89 24.91 24.95 24.97 24.92 24.93 24.89 24.84 24.51 24.69 24.57 24.58 24.35 24.63 24.62 24.73 24.87 25.12 25.13 25.09 24.97 25.17 25.28 25.32 25.41 25.44 25.46 25.45 25.56 25.64 25.68 25.70 25.74 25.72 25.77 25.78 25.83 25.89 25.91 25.93 25.90 25.85 25.85 25.92 25.83 25.77 25.68 25.74 25.79 25.57 25.42
24.70 24.77 24.77 24.76 24.82 24.86 24.88 24.83 24.85 24.86 24.87 24.87 24.79 24.80 24.89 24.87 24.85 24.84 24.83 24.87 24.83 24.77 24.96 24.99 24.98 24.95 25.04 25.01 24.99 24.98 24.89 24.85 24.86 24.77 24.80 24.48 24.43 24.30 24.69 24.67 24.71 24.69 24.97 24.98 25.11 25.16 25.09 25.01 25.24 25.29 25.34 25.37 25.38 25.39 25.42 25.60 25.67 25.72 25.73 25.74 25.77 25.80 25.84 25.87 25.90 25.91 25.92 25.87 25.61 25.79 25.85 25.84 25.74 25.43 25.32 25.63 25.61
24.71 24.75 24.80 24.80 24.84 24.85 24.86 24.88 24.85 24.86 24.88 24.87 24.89 24.89 24.89 24.89 24.91 24.86 24.81 24.90 24.86 24.95 25.01 25.00 25.02 24.99 25.01 25.03 24.98 25.05 24.80 24.62 24.41 24.58 24.70 24.64 24.54 24.57 24.78 24.82 24.72 24.86 25.06 25.16 25.12 25.17 25.13 25.05 25.12 25.17 25.26 25.30 25.33 25.34 25.35 25.51 25.62 25.71 25.71 25.74 25.78 25.80 25.84 25.87 25.89 25.93 25.92 25.86 25.81 25.86 25.85 25.83 25.62 25.53 25.51 25.67 25.69
24.72 24.78 24.79 24.81 24.83 24.86 24.84 24.86 24.88 24.89 24.88 24.90 24.89 24.89 24.90 24.88 24.87 24.84 24.86 24.83 24.91 24.97 24.91 25.03 25.05 25.04 25.10 25.07 25.09 25.07 25.04 24.79 24.72 24.89 24.91 24.66 24.64 24.80 24.79 24.85 24.95 24.97 25.09 25.09 25.15 25.16 25.16 25.07 25.05 25.09 25.15 25.22 25.27 25.23 25.24 25.33 25.58 25.71 25.72 25.75 25.73 25.82 25.83 25.86 25.89 25.94 25.88 25.66 25.89 25.85 25.84 25.77 25.52 25.85 25.77 25.77 25.60
24.75 24.76 24.80 24.82 24.83 24.84 24.87 24.86 24.89 24.89 24.88 24.85 24.86 24.88 24.74 24.79 24.80 24.85 24.84 24.86 24.91 25.00 24.95 24.98 24.95 25.03 25.01 25.02 25.10 25.02 24.99 24.83 24.92 24.92 24.94 24.78 24.79 24.87 24.95 25.06 25.05 25.03 25.04 25.12 25.10 25.15 25.14 25.08 25.08 25.05 25.00 25.10 25.20 25.17 25.10 25.31 25.46 25.68 25.74 25.73 25.78 25.78 25.83 25.86 25.86 25.89 25.80 25.90 25.89 25.87 25.84 25.86 25.85 25.84 25.82 25.79 25.66
24.75 24.78 24.82 24.83 24.85 24.86 24.86 24.86 24.84 24.86 24.85 24.84 24.86 24.86 24.83 24.84 24.81 24.83 24.78 24.83 24.92 24.98 24.95 25.02 25.00 25.03 25.01 25.02 25.10 25.04 25.10 24.99 25.11 25.00 25.04 25.05 24.98 25.06 25.08 25.06 25.16 25.14 25.17 25.05 25.10 25.10 25.13 25.14 25.11 25.09 25.00 25.08 25.10 25.01 24.99 25.19 25.13 25.62 25.72 25.66 25.75 25.79 25.82 25.82 25.82 25.85 25.62 25.81 25.85 25.83 25.84 25.82 25.86 25.84 25.73 25.72 25.73
24.77 24.80 24.83 24.82 24.82 24.83 24.83 24.83 24.83 24.85 24.83 24.85 24.89 24.87 24.87 24.89 24.85 24.85 24.82 24.88 24.91 25.01 24.97 25.04 25.04 25.02 25.05 25.00 25.12 25.10 25.15 25.08 25.02 24.91 24.98 25.02 25.08 24.99 25.16 25.13 25.16 25.16 25.09 25.05 25.06 25.05 25.14 25.16 25.14 25.10 25.01 25.04 25.11 24.94 25.00 25.28 25.37 25.59 25.70 25.71 25.70 25.79 25.78 25.82 25.84 25.87 25.91 25.86 25.87 25.86 25.87 25.83 25.82 25.83 25.79 25.52 25.67
24.78 24.81 24.80 24.82 24.83 24.79 24.82 24.83 24.83 24.85 24.83 24.83 24.84 24.84 24.79 24.88 24.79 24.86 24.86 24.89 24.97 24.97 25.00 24.97 25.00 24.90 25.03 25.08 25.03 25.05 25.12 25.15 25.07 25.00 25.03 25.11 25.22 25.17 25.17 25.20 25.15 25.13 25.11 25.08 25.08 25.02 25.11 25.17 25.20 25.16 25.08 25.07 25.10 25.12 25.12 25.36 25.52 25.51 25.70 25.70 25.69 25.76 25.75 25.81 25.72 25.39 25.77 25.85 25.88 25.83 25.82 25.79 25.74 25.75 25.73 25.49 25.66
24.77 24.74 24.80 24.78 24.79 24.79 24.82 24.82 24.81 24.79 24.76 24.81 24.77 24.80 24.76 24.84 24.81 24.91 24.91 24.92 24.99 24.99 24.94 24.98 25.00 25.07 25.06 25.08 25.09 25.12 25.15 25.13 25.15 25.12 25.13 25.21 25.17 25.19 25.18 25.18 25.19 25.17 25.09 25.09 24.98 24.98 25.11 25.15 25.17 25.20 25.19 25.16 25.14 25.04 25.05 25.34 25.46 25.57 25.69 25.65 25.71 25.67 25.71 25.79 25.71 25.66 25.47 25.65 25.79 25.77 25.77 25.73 25.61 25.59 25.68 25.57 25.61
24.74 24.73 24.71 24.79 24.75 24.79 24.81 24.83 24.81 24.80 24.67 24.74 24.79 24.76 24.80 24.81 24.84 24.93 24.91 24.98 24.91 24.96 25.01 25.01 25.06 25.07 25.12 25.12 25.15 25.08 25.19 25.22 25.20 25.22 25.21 25.21 25.23 25.23 25.18 25.20 25.17 25.18 25.08 25.01 24.95 25.04 25.11 25.18 25.18 25.20 25.18 25.20 25.20 25.03 24.87 25.31 25.33 25.43 25.56 25.69 25.70 25.67 25.74 25.59 25.41 25.48 25.52 25.63 25.69 25.76 25.71 25.66 25.61 25.57 25.61 25.41 25.51
