main/data/temperature/17.04.2023.grid
ncols 886
nrows 691
xllcenter 112.0000
yllcenter -44.5000
cellsize 0.0500
nodata_value 99999.90
[rows 374 to 407 of 691, columns 770 to 846 of 886]
27.14 27.16 27.18 27.15 27.17 27.14 27.09 27.24 27.47 27.38 27.42 27.44 27.24 27.23 27.23 27.06 26.70 26.10 24.64 26.02 24.98 24.88 24.90 24.43 24.04 23.02 21.96 21.98 22.91 21.70 21.69 21.22 20.86 23.77 25.32 23.97 23.70 23.78 24.73 24.23 23.57 25.62 25.37 23.95 22.86 23.43 25.68 25.66 25.93 25.65 25.84 25.51 22.58 25.46 25.04 24.12 24.21 24.53 24.72 24.00 24.40 23.16 24.30 24.31 24.20 24.10 23.99 23.89 23.79 23.70 23.61 23.51 23.42 23.32 23.23 23.14 23.06
27.13 27.22 27.24 27.26 27.34 27.25 27.03 26.94 27.50 27.65 27.74 27.64 27.31 27.40 27.39 26.88 26.74 26.05 25.10 25.47 25.46 25.55 24.85 23.74 24.35 23.63 22.66 23.04 22.04 20.93 21.57 20.96 21.04 23.64 23.88 23.05 21.88 24.22 24.37 23.75 25.06 25.21 25.06 25.13 24.36 21.98 24.38 25.22 25.62 25.92 25.79 24.93 25.40 25.04 25.28 25.18 24.74 24.85 24.71 24.55 23.93 24.19 24.29 24.17 24.08 23.97 23.87 23.78 23.67 23.58 23.48 23.39 23.30 23.21 23.12 23.03 22.94
27.17 27.22 27.31 27.31 27.43 27.52 27.14 27.23 27.56 27.66 27.62 27.79 27.79 27.73 27.64 26.88 26.13 26.21 25.00 25.10 25.62 25.39 24.76 23.88 24.67 24.20 23.90 22.85 21.92 20.79 21.12 20.71 20.50 21.75 22.08 22.60 24.22 24.40 24.73 24.63 25.03 25.74 25.08 24.86 24.57 22.61 24.89 25.72 25.52 26.08 25.72 25.64 24.58 25.17 24.86 25.22 24.87 24.38 23.90 24.23 23.95 24.22 24.18 24.08 23.97 23.88 23.77 23.67 23.57 23.48 23.39 23.29 23.20 23.10 23.02 22.93 22.84
27.21 27.09 27.33 27.46 27.17 27.71 27.65 27.35 27.67 27.75 27.87 28.14 27.95 28.19 27.51 27.46 27.51 27.04 26.09 26.52 26.48 25.31 24.02 25.75 24.11 22.79 23.64 23.37 22.28 21.37 20.59 19.91 20.77 20.96 21.57 22.73 23.01 23.31 23.73 24.20 25.51 25.79 25.66 25.37 24.49 23.71 25.43 25.71 25.61 25.76 26.05 25.93 25.79 25.34 25.32 25.17 24.72 24.04 23.67 23.28 24.27 24.24 24.11 24.01 23.90 23.80 23.69 23.59 23.49 23.39 23.30 23.20 23.11 23.02 22.93 22.84 22.76
27.20 27.20 27.44 27.58 27.56 27.75 27.90 27.21 27.56 27.75 27.79 28.14 28.04 28.15 28.30 28.15 27.48 26.87 25.49 26.90 26.52 26.25 25.96 22.49 22.99 22.97 22.01 22.03 22.57 21.76 19.39 20.54 20.58 20.17 21.00 22.23 21.89 22.60 23.41 24.35 25.18 25.96 25.21 25.56 24.79 24.04 24.72 25.44 25.45 25.75 25.98 25.98 25.86 25.72 25.51 25.34 25.14 24.52 24.25 24.34 24.35 24.21 24.09 23.96 23.85 23.74 23.63 23.53 23.43 23.32 23.23 23.13 23.04 22.94 22.86 22.76 22.68
27.32 27.28 27.55 27.69 27.73 27.80 28.11 28.01 26.61 27.49 27.71 27.61 27.39 27.66 28.15 28.05 27.48 27.57 26.46 26.95 26.73 26.91 25.84 25.01 24.41 22.68 21.10 21.87 22.74 22.17 21.54 20.58 20.50 20.60 22.44 21.95 21.68 22.41 23.07 23.98 24.90 26.12 25.65 25.21 25.03 24.47 24.56 25.53 25.39 25.86 26.00 26.01 25.86 25.79 25.57 25.38 25.27 25.00 24.70 24.47 24.36 24.21 24.08 23.95 23.83 23.70 23.60 23.49 23.38 23.28 23.18 23.07 22.99 22.89 22.79 22.71 22.62
27.29 27.18 27.44 27.69 27.46 27.81 28.17 28.32 27.75 28.02 27.26 27.53 26.98 26.79 27.60 27.44 28.26 26.98 26.67 26.29 26.41 26.95 25.53 25.56 24.71 23.51 22.43 23.08 23.26 22.83 22.50 21.55 21.73 21.66 21.38 21.33 22.78 24.69 22.18 24.43 25.01 25.85 25.99 24.26 24.12 24.95 23.95 25.46 25.85 25.99 25.90 25.82 26.02 25.94 25.84 25.60 25.40 25.11 24.85 24.58 24.42 24.25 24.09 23.95 23.82 23.69 23.58 23.46 23.35 23.24 23.14 23.04 22.94 22.84 22.75 22.66 22.57
27.20 27.51 27.37 27.95 27.79 27.36 28.02 27.50 28.42 28.34 27.92 27.61 26.88 26.90 28.02 28.19 28.38 26.89 26.32 26.10 26.78 26.41 25.68 26.39 25.89 24.25 23.98 23.57 21.98 21.99 22.05 22.11 21.92 21.39 22.35 20.54 22.49 24.86 22.56 24.65 25.38 26.07 26.03 25.94 25.52 24.86 25.79 25.95 26.01 25.85 25.57 25.75 25.86 26.07 25.81 25.82 25.62 25.30 24.96 24.72 24.50 24.31 24.14 23.98 23.83 23.69 23.57 23.45 23.33 23.22 23.11 23.01 22.92 22.82 22.72 22.63 22.54
27.45 27.39 27.54 27.87 28.10 28.01 27.98 27.75 28.36 28.82 27.86 27.49 27.10 26.96 28.16 28.45 28.22 27.33 27.47 27.73 27.49 26.86 26.41 24.66 24.35 26.55 25.03 23.87 22.51 20.68 21.98 21.41 21.19 21.95 23.01 22.77 21.76 25.49 23.50 22.51 23.95 26.19 26.19 25.88 25.62 24.50 25.23 26.02 26.16 26.21 26.10 26.23 26.17 26.23 26.16 25.44 25.84 25.43 25.18 24.87 24.61 24.38 24.19 24.01 23.86 23.71 23.57 23.45 23.33 23.22 23.11 23.00 22.90 22.79 22.70 22.60 22.51
27.62 28.06 27.83 27.41 28.01 28.32 28.05 27.93 27.95 28.05 28.65 27.57 26.86 27.70 28.09 27.88 28.48 27.24 27.84 27.49 26.55 25.66 25.46 24.78 24.21 25.45 26.28 25.31 22.39 21.46 23.03 21.34 20.93 22.79 24.11 23.67 21.84 25.76 23.74 21.79 25.73 25.95 26.45 26.17 23.21 24.10 25.56 26.15 26.30 26.28 26.22 26.27 26.34 26.42 25.90 26.22 26.03 25.21 24.95 24.99 24.70 24.45 24.25 24.06 23.88 23.74 23.59 23.46 23.34 23.22 23.10 23.00 22.89 22.80 22.69 22.59 22.50
27.70 27.23 27.62 27.36 27.44 28.25 28.13 27.69 27.95 28.37 27.27 27.53 28.22 28.22 27.92 27.79 28.26 27.85 26.36 26.20 25.31 24.17 24.23 25.28 23.96 25.59 25.17 25.35 25.30 24.25 23.59 21.36 21.47 20.22 25.12 25.58 25.60 24.97 22.97 24.51 26.39 26.59 26.26 25.89 24.40 25.04 25.83 26.06 26.13 26.21 26.27 26.31 26.45 26.43 25.36 26.28 26.16 25.61 25.39 25.06 24.76 24.50 24.28 24.10 23.92 23.76 23.62 23.48 23.36 23.23 23.11 23.01 22.90 22.80 22.70 22.60 22.50
27.91 28.02 27.94 27.45 27.44 28.24 27.93 27.92 28.20 27.37 27.82 27.18 28.07 28.17 28.10 26.74 26.66 26.18 28.23 25.75 24.56 23.42 23.35 23.00 23.13 22.47 23.81 24.52 22.86 23.44 23.14 22.69 20.56 21.42 24.20 25.18 23.44 21.76 23.88 24.42 25.16 26.74 25.24 26.24 25.50 26.04 25.38 25.14 26.10 26.04 26.25 26.37 26.27 26.36 25.04 26.31 26.09 25.70 25.39 25.06 24.77 24.53 24.32 24.12 23.95 23.79 23.65 23.51 23.38 23.26 23.14 23.03 22.92 22.82 22.71 22.61 22.52
28.02 28.20 28.08 27.15 27.88 28.25 28.11 27.70 28.08 28.07 27.28 27.73 28.40 28.17 27.85 26.86 26.44 26.89 26.46 25.98 26.14 25.12 24.76 22.80 22.00 22.91 22.96 23.07 23.74 23.59 22.37 22.68 19.95 21.02 23.89 25.06 20.04 21.77 25.11 25.71 26.49 26.78 26.36 26.03 26.44 25.76 25.76 25.87 26.11 26.24 26.03 26.20 25.93 26.12 25.90 26.03 25.87 25.61 25.29 25.01 24.76 24.53 24.34 24.15 23.98 23.83 23.68 23.54 23.42 23.29 23.17 23.06 22.95 22.84 22.73 22.63 22.54
27.63 28.04 28.18 28.07 27.54 28.13 27.71 27.63 27.65 27.82 27.86 27.93 28.49 28.60 27.50 27.23 27.03 26.36 26.37 26.80 26.50 25.47 25.73 24.50 24.09 23.27 22.94 23.38 22.73 22.01 22.28 21.61 19.92 21.75 23.58 25.42 22.03 24.59 23.89 26.90 26.75 27.03 25.46 26.62 26.67 26.29 26.05 25.52 26.11 26.33 26.27 26.28 26.10 26.22 25.53 25.86 25.58 25.43 25.16 24.93 24.72 24.53 24.35 24.17 24.02 23.86 23.73 23.58 23.46 23.33 23.21 23.09 22.98 22.88 22.77 22.67 22.57
27.85 27.98 27.84 27.89 27.27 27.37 27.49 27.48 27.55 27.64 27.94 27.66 27.91 28.45 28.66 28.06 27.61 26.53 26.19 26.10 25.65 25.32 24.62 24.58 24.62 23.92 23.23 23.08 22.58 21.82 20.77 21.62 22.22 22.74 23.83 25.33 22.80 23.14 26.29 25.47 27.34 25.16 26.95 26.92 26.60 26.09 26.09 25.16 25.63 26.56 26.16 26.39 26.32 26.09 26.02 25.83 25.54 25.22 25.01 24.85 24.68 24.52 24.36 24.21 24.05 23.90 23.76 23.63 23.50 23.38 23.25 23.14 23.02 22.91 22.81 22.71 22.59
28.14 28.17 28.27 27.96 27.65 26.83 27.45 27.52 26.96 27.70 27.86 27.92 28.05 27.93 27.72 27.08 26.83 26.45 26.15 25.51 25.25 24.88 24.31 24.41 24.22 24.01 23.38 23.31 22.90 22.62 21.91 21.26 22.17 22.05 21.71 23.66 21.37 23.89 27.11 25.50 27.45 24.22 27.01 27.04 26.99 25.72 25.07 26.00 26.25 26.57 26.36 26.24 26.27 26.11 25.90 25.60 25.43 25.09 24.95 24.81 24.67 24.53 24.38 24.24 24.09 23.95 23.81 23.68 23.55 23.43 23.30 23.18 23.08 22.96 22.86 22.74 22.64
27.59 28.13 28.36 27.76 27.63 27.61 27.15 27.14 27.14 27.22 27.10 27.77 27.90 27.95 27.39 27.21 26.69 25.93 25.79 26.30 26.10 25.55 25.24 23.96 24.59 24.16 23.77 23.03 22.50 21.95 20.70 21.79 22.50 22.15 21.11 23.24 20.97 20.30 25.42 27.50 24.02 24.96 26.85 27.02 27.02 26.18 26.50 26.36 26.36 26.44 26.53 26.35 26.26 26.02 25.79 25.57 25.36 24.90 24.97 24.82 24.69 24.55 24.41 24.27 24.13 24.00 23.86 23.73 23.60 23.48 23.36 23.24 23.13 23.02 22.90 22.80 22.71
28.07 28.73 28.63 28.68 28.02 27.74 27.89 27.16 27.25 26.44 26.95 27.24 27.78 27.72 27.21 26.93 27.05 26.13 25.27 25.47 25.55 24.82 23.96 24.20 24.24 24.18 23.79 23.34 23.03 22.72 22.01 21.77 22.83 23.21 23.10 22.05 21.04 22.97 22.72 25.68 27.29 25.76 26.59 27.42 27.30 26.29 26.89 26.85 26.55 25.83 26.40 26.32 26.19 26.08 25.79 25.58 25.32 25.22 25.03 24.86 24.72 24.58 24.45 24.31 24.17 24.03 23.90 23.78 23.65 23.53 23.41 23.29 23.18 23.07 22.96 22.86 22.78
28.68 28.57 28.47 28.44 28.20 28.32 27.84 27.56 27.45 27.14 26.93 27.39 27.79 27.42 27.33 26.58 26.06 25.52 24.80 24.67 24.92 23.91 24.78 23.98 23.75 23.81 23.68 23.28 22.99 22.74 22.50 22.58 23.00 23.16 22.82 26.10 26.97 26.01 22.56 23.32 24.79 27.27 25.75 26.61 27.21 26.97 26.83 26.56 26.75 26.55 26.39 26.33 26.20 25.73 25.81 25.47 24.91 25.26 25.08 24.91 24.76 24.62 24.48 24.34 24.21 24.08 23.96 23.83 23.71 23.59 23.47 23.35 23.24 23.12 23.01 22.91 22.88
28.52 28.17 27.92 27.68 28.11 27.65 27.69 27.21 26.99 26.69 26.98 27.27 27.71 26.96 26.60 27.01 26.42 25.33 24.58 24.40 24.40 24.70 24.19 23.57 23.62 23.63 23.27 22.58 22.38 22.35 22.34 22.61 22.78 23.04 22.40 24.64 25.61 26.00 25.73 27.34 27.43 25.57 26.38 26.95 26.29 25.93 27.06 26.86 26.73 26.55 26.50 26.40 26.20 25.84 25.74 25.38 25.34 25.30 25.12 24.96 24.80 24.66 24.53 24.38 24.25 24.12 24.00 23.88 23.75 23.64 23.52 23.40 23.29 23.18 23.07 22.99 22.97
28.38 28.13 27.79 28.40 28.61 28.37 27.74 27.20 26.62 26.48 26.68 27.06 27.53 26.98 26.72 26.37 25.77 25.92 24.86 24.32 24.10 24.67 23.31 23.37 23.38 23.42 23.23 23.26 23.32 22.02 23.02 26.47 26.64 27.09 22.59 27.07 25.40 25.03 26.83 26.71 26.32 27.00 25.59 26.78 27.12 27.07 27.03 26.70 26.63 26.63 26.32 26.34 26.15 25.94 24.57 25.56 25.36 25.32 25.15 24.99 24.84 24.69 24.56 24.42 24.29 24.17 24.04 23.92 23.80 23.68 23.57 23.45 23.34 23.23 23.13 23.08 23.06
28.50 28.14 27.55 28.67 28.77 28.28 28.13 26.58 26.92 26.63 26.49 26.59 27.20 27.27 27.05 26.88 26.62 26.16 25.83 24.80 22.89 24.34 23.82 22.86 23.36 22.95 22.52 22.85 22.72 23.22 23.79 23.64 22.74 26.39 27.32 27.01 24.27 26.24 24.03 26.30 25.95 26.19 26.71 26.15 26.75 26.44 26.95 26.65 26.51 26.47 26.39 26.16 26.07 24.62 25.51 25.60 25.50 25.32 25.15 25.01 24.86 24.71 24.58 24.45 24.32 24.20 24.08 23.96 23.84 23.72 23.61 23.50 23.39 23.29 23.19 23.15 23.12
28.67 28.79 28.89 28.54 28.42 28.55 28.56 27.41 26.74 26.62 26.34 26.54 26.89 27.06 26.87 26.59 26.57 26.18 25.92 24.69 24.92 23.32 23.88 23.02 22.79 23.10 22.54 22.43 21.70 22.68 24.00 23.55 21.58 23.61 25.90 25.96 23.58 24.83 24.95 24.92 24.15 26.33 25.73 26.11 25.49 26.64 26.58 26.75 26.58 26.41 26.37 26.01 26.10 25.48 25.67 25.57 25.48 25.32 25.16 25.00 24.86 24.72 24.59 24.47 24.34 24.22 24.11 23.99 23.87 23.75 23.65 23.54 23.43 23.33 23.25 23.21 23.16
28.48 28.70 27.91 28.13 27.57 28.01 27.96 26.34 26.16 26.51 26.51 26.41 25.86 26.05 25.76 25.95 26.37 26.15 25.08 24.63 24.61 23.57 22.93 22.33 22.03 22.86 21.90 21.80 22.23 22.29 23.33 24.19 25.37 26.31 22.80 24.76 27.10 26.12 26.90 25.35 23.95 26.18 26.62 25.81 26.24 25.73 25.60 26.75 26.38 26.46 26.16 25.87 25.95 25.45 25.71 25.60 25.45 25.29 25.14 25.00 24.85 24.72 24.59 24.47 24.35 24.23 24.12 24.00 23.89 23.78 23.67 23.57 23.46 23.36 23.30 23.24 23.19
26.41 26.60 27.84 28.11 27.97 27.62 26.76 26.85 26.25 27.04 27.04 26.52 25.78 25.14 25.02 24.74 24.55 24.61 24.81 24.40 23.32 22.69 21.55 22.14 21.94 22.41 21.97 21.47 21.83 22.03 22.37 23.05 22.34 23.12 23.53 23.93 25.07 23.10 26.28 24.22 26.78 25.62 24.86 25.94 25.59 25.32 25.33 26.17 26.42 26.27 25.93 25.81 25.34 25.44 25.60 25.41 25.40 25.25 25.11 24.97 24.84 24.70 24.58 24.46 24.35 24.23 24.12 24.01 23.91 23.79 23.69 23.58 23.49 23.40 23.32 23.26 23.19
27.19 27.12 27.73 27.39 28.35 28.29 28.57 26.13 26.90 26.67 26.22 25.22 25.45 25.23 25.19 25.07 24.67 23.76 23.65 23.97 22.81 21.52 20.16 20.46 21.73 21.56 21.37 21.07 21.21 22.00 21.89 21.35 24.01 26.24 24.12 25.46 24.29 23.19 23.53 25.21 25.60 25.54 25.28 25.77 25.59 25.24 25.05 26.29 25.88 25.70 26.11 25.62 25.38 25.19 25.56 25.48 25.34 25.19 25.05 24.92 24.79 24.68 24.56 24.44 24.33 24.22 24.12 24.00 23.90 23.80 23.69 23.59 23.50 23.41 23.33 23.25 23.18
25.48 26.00 27.65 24.79 28.19 28.00 28.52 27.51 25.64 26.24 25.61 25.23 25.21 24.71 24.89 24.55 24.25 23.45 22.72 22.06 22.10 22.25 21.30 19.68 20.39 20.55 20.42 20.89 21.04 21.61 22.18 21.94 23.23 23.54 25.78 24.25 25.23 22.29 22.75 21.75 22.68 24.23 24.76 24.80 25.53 25.07 26.02 25.31 24.44 25.02 25.07 25.23 25.42 25.00 25.53 25.40 25.26 25.12 24.99 24.87 24.75 24.63 24.52 24.41 24.30 24.19 24.09 23.99 23.89 23.79 23.69 23.59 23.49 23.41 23.32 23.24 23.17
24.88 25.54 26.86 26.41 27.10 27.89 27.74 27.32 25.59 25.51 26.29 25.25 24.99 24.99 24.61 23.74 24.20 23.06 22.76 22.36 22.30 21.94 21.35 20.25 20.09 20.07 20.00 19.58 20.84 22.04 20.85 21.78 23.23 23.25 23.64 22.43 26.17 21.24 22.93 23.17 23.63 23.67 23.42 23.59 24.03 25.21 25.06 25.69 25.47 25.84 23.84 25.32 25.19 25.18 25.44 25.29 25.16 25.03 24.91 24.80 24.68 24.57 24.46 24.36 24.25 24.16 24.05 23.96 23.86 23.76 23.67 23.57 23.48 23.38 23.29 23.20 23.13
24.79 25.88 25.46 25.14 26.42 26.09 27.59 26.60 26.68 25.44 25.88 25.82 25.50 25.34 25.18 23.43 22.46 22.96 22.58 22.16 21.61 21.76 21.23 20.13 19.95 19.73 19.73 20.01 20.49 21.47 20.58 21.05 23.04 21.83 21.98 24.59 24.73 20.47 19.71 21.95 22.07 22.40 22.80 23.01 23.82 24.61 23.62 24.16 24.41 25.49 25.53 24.56 24.80 24.45 25.31 25.18 25.05 24.94 24.82 24.71 24.60 24.50 24.40 24.29 24.20 24.10 24.00 23.91 23.82 23.73 23.63 23.54 23.43 23.35 23.25 23.17 23.09
25.42 25.90 25.34 25.05 25.81 26.30 26.78 24.41 24.27 24.82 25.37 25.60 25.48 25.14 24.98 24.80 22.11 22.64 21.99 21.91 21.69 21.03 20.63 20.13 20.15 19.84 19.52 19.71 20.17 20.54 20.42 21.50 22.67 24.37 25.05 23.90 24.41 21.13 19.64 19.13 21.71 21.27 21.98 22.60 24.18 23.24 24.02 23.69 23.64 24.23 25.43 25.02 24.88 25.03 25.17 25.05 24.93 24.82 24.72 24.62 24.52 24.42 24.33 24.23 24.14 24.04 23.95 23.86 23.76 23.67 23.59 23.48 23.39 23.29 23.21 23.13 23.05
25.28 25.73 25.30 24.69 24.49 25.70 25.59 24.06 24.20 24.57 25.04 25.16 25.23 25.11 24.94 24.65 22.88 22.95 21.66 21.39 20.52 20.80 20.35 19.87 20.13 19.91 19.64 19.72 19.81 20.07 20.70 20.63 20.69 20.38 20.59 23.33 23.62 21.78 19.07 20.35 21.38 22.48 22.51 23.16 23.64 22.00 22.86 22.59 21.80 23.98 24.85 24.69 24.66 25.09 25.02 24.91 24.81 24.71 24.61 24.52 24.43 24.33 24.24 24.15 24.05 23.96 23.88 23.79 23.70 23.62 23.52 23.42 23.33 23.24 23.15 23.07 22.99
24.16 25.13 25.24 25.12 24.16 25.13 25.34 25.51 24.74 23.99 24.69 24.57 24.84 24.86 24.72 24.55 24.17 23.04 22.35 21.92 20.47 20.57 19.96 19.52 19.99 20.27 19.02 19.24 19.76 19.37 20.08 19.40 19.69 20.03 19.29 21.05 23.98 22.35 19.45 20.30 20.71 21.63 22.25 22.49 22.76 22.60 21.89 22.64 21.90 23.39 23.46 24.50 24.20 24.95 24.85 24.77 24.68 24.59 24.51 24.42 24.33 24.24 24.15 24.07 23.98 23.89 23.80 23.72 23.63 23.54 23.45 23.36 23.27 23.18 23.10 23.02 22.94
24.48 24.18 24.90 25.02 23.89 24.90 25.56 25.35 23.56 23.28 24.41 24.05 24.54 24.70 24.34 24.23 23.10 22.84 21.73 21.17 20.75 20.71 20.23 19.58 19.41 20.29 19.79 19.43 19.57 19.53 19.44 19.21 19.16 18.62 19.12 20.37 22.16 20.68 18.31 18.86 19.64 21.08 21.10 21.87 21.62 19.98 20.08 21.51 21.54 23.75 24.57 24.26 24.55 24.79 24.71 24.65 24.56 24.49 24.41 24.32 24.24 24.14 24.06 23.98 23.89 23.81 23.72 23.64 23.55 23.47 23.38 23.29 23.20 23.12 23.04 22.97 22.89
24.49 24.74 25.22 25.21 24.61 25.67 24.15 22.90 23.88 22.94 22.84 23.39 24.22 24.41 24.35 24.00 23.28 22.66 21.68 20.96 20.58 20.61 19.88 20.42 19.91 19.99 20.77 19.93 19.56 19.72 19.29 18.85 19.41 18.15 17.69 18.49 19.19 18.76 17.63 17.65 17.54 18.82 20.75 20.59 20.88 21.20 20.58 21.16 25.07 23.16 23.77 24.86 24.86 24.72 24.63 24.55 24.47 24.39 24.31 24.23 24.14 24.05 23.97 23.89 23.80 23.71 23.64 23.56 23.47 23.38 23.30 23.22 23.14 23.06 22.98 22.90 22.83
