main/data/temperature/17.05.2023.grid
ncols 886
nrows 691
xllcenter 112.0000
yllcenter -44.5000
cellsize 0.0500
nodata_value 99999.90
[rows 306 to 339 of 691, columns 231 to 307 of 886]
25.54 25.55 25.51 25.49 25.49 25.45 25.28 25.18 25.32 25.43 25.46 25.46 25.29 25.32 25.41 25.49 25.49 25.51 25.34 25.59 25.68 25.72 25.80 25.79 25.74 25.77 25.75 25.61 25.48 25.56 25.46 25.48 25.73 25.73 25.83 26.04 25.95 25.92 26.03 26.15 26.17 26.10 25.96 26.11 26.10 26.11 26.00 25.90 25.92 26.06 25.97 25.81 25.55 25.58 25.59 25.56 25.45 25.48 25.19 25.24 25.12 24.88 24.81 24.98 25.23 25.33 25.35 25.28 25.18 25.09 25.08 24.95 24.81 24.62 24.49 24.34 24.10
25.54 25.53 25.41 25.42 25.40 25.42 25.30 25.36 25.40 25.44 25.42 25.30 25.23 25.39 25.47 25.48 25.48 25.46 25.45 25.64 25.69 25.70 25.77 25.77 25.67 25.65 25.59 25.61 25.58 25.67 25.62 25.44 25.59 25.70 25.90 25.99 26.02 25.97 25.90 25.91 26.06 26.13 26.01 25.94 26.00 26.09 26.07 26.02 26.04 26.02 25.87 25.75 25.59 25.57 25.56 25.54 25.44 25.47 25.35 25.29 25.15 24.92 24.83 24.96 25.14 25.22 25.25 25.13 24.95 25.00 24.97 24.81 24.73 24.64 24.49 24.34 23.95
25.51 25.49 25.43 25.42 25.31 25.12 25.30 25.34 25.42 25.42 25.35 25.27 25.40 25.42 25.41 25.42 25.32 25.13 25.33 25.56 25.65 25.68 25.77 25.78 25.70 25.68 25.72 25.62 25.74 25.76 25.65 25.44 25.59 25.72 25.80 25.93 25.98 25.99 26.05 25.95 25.99 26.09 26.05 25.92 25.92 25.97 26.07 26.03 25.99 25.88 25.77 25.65 25.52 25.36 25.41 25.37 25.42 25.40 25.48 25.18 25.09 24.99 24.82 24.89 25.00 25.12 25.19 25.08 24.99 24.90 24.80 24.66 24.50 24.44 24.37 24.13 23.98
25.42 25.41 25.36 25.27 25.31 25.31 25.40 25.41 25.39 25.42 25.32 25.37 25.37 25.46 25.39 25.34 25.26 24.98 25.23 25.53 25.55 25.59 25.66 25.78 25.71 25.72 25.60 25.73 25.77 25.65 25.57 25.33 25.34 25.62 25.82 25.86 25.69 25.90 26.04 25.89 26.05 26.02 26.09 26.02 25.97 26.04 26.03 25.98 25.87 25.68 25.68 25.54 25.34 25.26 25.40 25.36 25.33 25.27 25.33 25.28 25.13 25.00 24.94 24.76 24.73 24.97 25.06 25.05 25.01 24.82 24.72 24.55 24.35 24.22 24.22 24.11 24.07
25.35 25.15 25.01 24.98 24.95 25.29 25.34 25.35 25.34 25.36 25.38 25.41 25.41 25.43 25.35 25.22 25.11 25.09 25.35 25.47 25.56 25.50 25.61 25.72 25.56 25.64 25.58 25.61 25.45 25.68 25.57 25.38 25.43 25.60 25.69 25.64 25.74 25.87 25.98 26.01 25.98 25.92 25.93 26.04 26.01 25.97 25.91 25.83 25.78 25.72 25.60 25.43 25.23 25.36 25.43 25.41 25.43 25.35 25.31 25.29 25.07 25.06 24.88 24.68 24.62 24.79 24.94 25.01 24.93 24.76 24.53 24.50 24.38 23.99 24.28 24.16 24.11
25.33 25.26 25.05 25.05 24.97 25.15 25.25 25.27 25.29 25.30 25.34 25.31 25.40 25.41 25.33 25.19 25.20 25.18 25.28 25.45 25.50 25.51 25.59 25.72 25.68 25.61 25.57 25.63 25.74 25.63 25.49 25.52 25.51 25.51 25.40 25.50 25.66 25.71 25.80 25.91 25.71 25.70 25.89 25.90 25.99 25.92 25.82 25.66 25.58 25.49 25.46 25.32 25.37 25.37 25.38 25.38 25.36 25.36 25.26 25.17 25.16 25.00 24.89 24.77 24.61 24.62 24.80 24.93 24.88 24.72 24.49 24.35 24.16 24.14 24.26 24.32 24.30
25.29 25.28 25.26 25.02 25.07 25.13 25.22 25.23 25.25 25.22 25.13 25.28 25.27 25.30 25.24 25.12 25.21 25.32 25.33 25.37 25.43 25.47 25.56 25.57 25.71 25.67 25.52 25.56 25.73 25.64 25.66 25.48 25.52 25.54 25.30 25.56 25.40 25.55 25.65 25.73 25.74 25.74 25.74 25.99 25.97 25.86 25.64 25.65 25.47 25.47 25.42 25.20 25.23 25.21 25.22 25.19 25.22 25.19 25.24 25.17 25.22 25.06 24.85 24.75 24.66 24.46 24.72 24.89 24.82 24.67 24.51 24.38 24.15 23.96 24.15 24.36 24.38
25.16 25.11 24.95 25.06 25.21 25.26 25.24 25.23 25.22 25.23 25.20 25.17 25.13 25.12 25.12 25.13 25.22 25.36 25.29 25.35 25.42 25.44 25.43 25.51 25.65 25.73 25.61 25.51 25.74 25.57 25.66 25.56 25.62 25.54 25.46 25.60 25.52 25.55 25.57 25.54 25.62 25.74 25.68 25.93 25.92 25.78 25.58 25.43 25.35 25.27 25.15 25.08 25.06 25.14 25.07 25.16 25.21 25.11 25.22 25.19 25.16 24.98 24.78 24.53 24.49 24.56 24.80 24.83 24.78 24.67 24.53 24.37 24.21 24.15 24.23 24.36 24.41
24.99 24.81 25.09 25.14 25.22 25.24 25.22 25.19 25.17 25.18 25.12 25.04 24.81 24.80 25.11 25.24 25.30 25.38 25.31 25.15 25.18 25.36 25.39 25.42 25.61 25.68 25.70 25.52 25.72 25.59 25.67 25.62 25.45 25.27 25.40 25.50 25.55 25.61 25.51 25.69 25.76 25.78 25.78 25.92 25.88 25.74 25.53 25.46 25.13 25.33 25.34 25.24 25.09 25.02 24.85 25.00 25.19 25.15 25.11 25.10 25.03 24.84 24.73 24.52 24.50 24.68 24.78 24.79 24.77 24.63 24.52 24.33 24.18 24.15 24.32 24.40 24.43
25.08 25.11 25.11 25.12 25.16 25.23 25.19 25.13 25.03 25.04 25.11 25.07 24.98 25.00 25.19 25.27 25.34 25.40 25.34 25.21 25.17 25.32 25.35 25.46 25.52 25.63 25.70 25.54 25.69 25.69 25.46 25.44 25.42 25.29 25.45 25.58 25.56 25.51 25.65 25.63 25.79 25.83 25.89 25.87 25.82 25.75 25.51 25.36 25.25 25.23 25.24 25.34 25.27 25.00 24.93 24.94 24.95 25.06 25.02 25.00 24.85 24.79 24.57 24.36 24.51 24.61 24.74 24.75 24.72 24.54 24.30 24.17 24.09 24.18 24.30 24.37 24.43
25.13 25.11 25.12 25.15 25.17 25.18 25.14 24.98 25.08 25.12 25.07 24.98 24.92 24.91 25.14 25.20 25.21 25.38 25.31 25.26 25.19 25.25 25.31 25.40 25.46 25.54 25.66 25.50 25.68 25.62 25.45 25.36 25.30 25.49 25.47 25.51 25.64 25.49 25.50 25.73 25.79 25.87 25.83 25.78 25.61 25.65 25.54 25.32 25.03 25.05 25.18 25.29 25.35 25.24 24.96 25.06 25.07 25.09 24.94 24.97 24.80 24.61 24.47 24.26 24.40 24.52 24.66 24.70 24.69 24.55 24.41 24.26 24.30 24.28 24.37 24.31 24.39
25.18 25.15 25.14 25.10 25.11 25.03 25.05 25.14 25.11 25.05 24.98 24.86 24.68 24.85 25.09 25.14 25.17 25.34 25.36 25.22 25.24 25.26 25.32 25.40 25.44 25.53 25.61 25.49 25.69 25.62 25.47 25.40 25.35 25.55 25.48 25.52 25.67 25.66 25.61 25.73 25.84 25.82 25.69 25.60 25.58 25.36 25.38 25.27 24.97 25.02 25.07 25.06 25.21 25.32 25.06 24.84 24.86 24.86 24.86 24.88 24.79 24.64 24.37 24.32 24.34 24.47 24.59 24.67 24.66 24.50 24.33 24.16 24.21 24.36 24.45 24.46 24.36
25.06 25.05 25.07 25.08 24.99 25.02 25.12 25.13 25.09 25.01 24.77 24.64 24.80 24.96 25.06 25.14 25.23 25.33 25.37 25.21 25.23 25.27 25.30 25.35 25.37 25.55 25.65 25.66 25.72 25.69 25.55 25.48 25.33 25.49 25.51 25.58 25.49 25.58 25.74 25.78 25.79 25.67 25.56 25.39 25.47 25.28 25.11 25.04 25.09 25.24 25.04 25.10 25.18 25.25 25.22 25.01 24.91 24.99 24.99 24.89 24.69 24.58 24.36 24.28 24.23 24.39 24.46 24.57 24.61 24.51 24.36 24.21 24.35 24.45 24.37 24.28 24.20
24.94 24.96 25.03 25.07 25.05 25.09 25.11 25.12 25.01 24.91 24.81 24.70 24.85 25.08 25.11 25.15 25.24 25.32 25.39 25.24 25.21 25.27 25.26 25.26 25.33 25.48 25.40 25.46 25.40 25.70 25.67 25.58 25.39 25.51 25.57 25.66 25.71 25.72 25.69 25.67 25.63 25.45 25.38 25.27 25.20 24.97 25.13 25.03 25.13 25.15 25.14 25.07 24.98 25.08 25.13 25.13 25.14 25.10 24.85 24.90 24.59 24.64 24.37 24.34 24.10 24.25 24.37 24.57 24.57 24.44 24.36 24.21 24.25 24.45 24.46 24.28 24.14
24.79 24.93 24.88 24.86 24.99 25.16 25.10 25.08 25.04 24.98 24.88 24.77 24.92 25.11 25.12 25.09 25.11 25.12 25.31 25.40 25.21 25.20 25.17 25.15 25.23 25.26 25.27 25.37 25.38 25.44 25.48 25.66 25.56 25.69 25.69 25.69 25.66 25.61 25.58 25.53 25.34 25.36 25.16 25.18 25.11 25.04 25.19 25.12 25.17 25.18 25.21 25.14 25.12 25.00 25.12 25.16 25.05 24.99 24.93 24.88 24.77 24.60 24.49 24.44 24.34 24.40 24.48 24.56 24.46 24.23 24.16 24.05 24.35 24.37 24.38 24.32 24.00
24.92 24.88 24.64 24.73 24.93 25.02 25.07 24.95 24.92 24.80 24.57 24.80 24.95 25.01 25.12 24.99 25.10 25.14 25.33 25.42 25.24 25.13 25.29 25.11 25.14 25.37 25.27 25.48 25.54 25.64 25.65 25.65 25.61 25.61 25.69 25.55 25.48 25.47 25.30 25.21 25.17 25.22 25.18 25.18 25.04 24.99 25.03 25.00 25.06 25.01 25.06 25.27 25.22 25.11 25.09 24.93 24.90 24.86 24.95 24.85 24.73 24.72 24.59 24.58 24.52 24.40 24.52 24.55 24.39 24.27 24.01 24.16 24.34 24.40 24.49 24.24 24.33
24.89 24.74 24.69 24.84 24.94 24.97 25.06 24.83 24.88 24.74 24.78 24.89 24.94 24.97 25.10 25.05 25.00 25.15 25.33 25.41 25.27 25.21 25.36 25.08 25.23 25.40 25.47 25.56 25.59 25.56 25.54 25.52 25.51 25.45 25.46 25.44 25.39 25.29 25.21 25.23 24.91 24.88 25.10 25.17 25.08 24.77 24.82 24.76 24.95 24.91 25.12 24.99 25.24 25.11 25.18 25.04 25.13 25.09 25.01 24.94 24.84 24.80 24.03 24.46 24.42 24.47 24.52 24.50 24.43 24.36 24.26 24.36 24.50 23.97 24.52 24.44 24.00
24.84 24.72 24.73 24.92 24.96 24.88 24.99 25.00 24.93 24.94 24.86 24.89 24.98 24.94 25.01 25.01 24.96 25.04 25.21 25.39 25.39 25.27 25.42 25.42 25.49 25.39 25.53 25.48 25.45 25.45 25.34 25.29 25.26 25.26 25.34 25.34 25.25 25.17 25.27 25.18 24.92 25.07 25.08 25.10 25.10 24.82 24.88 25.02 24.98 24.86 24.90 24.98 25.00 25.02 25.10 25.07 24.98 24.83 24.92 25.02 24.89 24.80 24.50 24.28 24.34 24.45 24.51 24.43 24.37 24.25 24.02 23.92 24.42 24.55 24.54 24.46 23.90
24.67 24.63 24.75 24.90 24.92 24.86 24.86 25.04 25.01 24.96 24.83 24.89 24.84 25.01 25.13 24.94 24.92 25.16 25.26 25.39 25.43 25.43 25.44 25.45 25.47 25.48 25.41 25.34 25.20 25.18 25.11 25.07 25.21 25.16 25.02 25.18 25.03 25.25 25.19 25.04 24.90 25.03 25.16 25.24 25.02 24.85 24.85 24.85 25.03 25.03 24.89 24.81 24.94 25.03 25.01 25.08 25.04 24.81 24.89 25.01 24.96 24.63 24.53 24.54 24.42 24.32 24.50 24.31 24.39 24.40 24.43 24.49 24.44 24.60 24.47 24.45 24.19
24.67 24.62 24.77 24.87 24.84 24.80 24.83 24.92 25.08 24.91 24.75 24.90 25.01 25.06 25.14 24.95 24.98 25.12 25.34 25.40 25.39 25.34 25.34 25.30 25.39 25.36 25.30 25.16 25.05 25.09 25.04 25.18 25.13 25.05 25.05 25.17 25.13 25.25 25.14 25.03 24.88 25.00 25.07 25.20 24.98 24.99 24.92 24.85 24.93 25.14 25.02 24.73 24.69 24.82 24.91 25.26 25.24 25.20 25.09 25.07 25.00 24.85 24.61 24.32 24.18 24.42 24.53 24.55 24.49 24.48 24.36 24.58 24.56 24.61 24.60 24.46 24.36
24.74 24.75 24.75 24.73 24.66 24.63 24.79 24.91 25.00 24.89 24.84 24.83 25.02 25.13 25.15 25.04 25.18 25.28 25.32 25.33 24.97 24.93 25.02 24.98 25.06 25.07 25.07 24.93 25.02 25.07 25.11 25.21 25.16 25.02 25.12 25.15 25.21 25.15 25.10 24.95 24.84 24.89 24.83 25.07 25.18 24.98 24.80 24.86 24.92 25.01 25.09 24.74 24.86 24.90 24.95 25.07 25.25 25.20 25.15 25.11 24.96 24.72 24.75 24.58 24.35 24.33 24.50 24.57 24.59 24.45 24.47 24.60 24.63 24.61 24.61 24.53 24.39
24.50 24.59 24.54 24.61 24.79 24.78 24.79 24.94 25.09 25.08 24.86 24.85 25.03 25.09 25.19 25.08 25.18 25.27 25.29 25.26 25.08 24.91 24.91 24.96 25.01 24.95 24.95 24.94 25.00 25.09 25.04 25.18 25.04 25.06 25.04 25.15 25.14 24.99 24.94 24.95 24.69 24.79 24.96 25.08 25.17 25.14 25.14 25.01 24.76 24.90 25.09 25.00 24.73 24.78 24.86 24.91 25.04 25.19 25.15 25.10 25.09 24.95 24.79 24.68 24.57 24.39 24.45 24.45 23.82 24.66 24.67 24.65 24.64 24.64 24.67 24.56 24.41
24.53 24.49 24.51 24.64 24.82 24.66 24.67 24.88 24.99 25.07 24.87 24.84 24.88 25.17 25.19 25.06 25.10 25.23 25.17 25.12 25.12 25.06 24.87 24.97 24.95 24.97 24.94 24.93 24.89 24.99 24.95 25.15 25.09 24.96 25.11 25.15 25.20 25.13 25.03 24.92 24.90 24.81 24.96 25.00 24.89 25.06 25.04 25.08 24.85 24.98 25.02 25.04 24.81 24.64 24.75 24.85 24.94 25.11 25.12 25.15 25.01 24.79 24.60 24.47 24.47 24.50 24.60 24.52 24.57 24.71 24.70 24.72 24.69 24.69 24.68 24.62 24.40
24.47 24.75 24.75 24.85 24.89 24.84 24.76 24.91 24.82 24.89 25.04 24.81 24.79 25.04 25.18 25.18 25.18 25.20 25.17 25.01 24.86 24.87 24.73 24.85 24.91 24.88 24.89 24.91 24.90 25.01 25.09 25.06 25.02 25.06 25.00 25.18 25.14 24.95 24.87 24.86 24.64 24.65 24.74 24.79 25.00 24.91 24.97 25.06 24.99 24.72 24.79 24.92 25.05 24.97 24.94 24.83 25.07 25.17 25.13 24.99 24.79 24.66 24.39 24.21 24.24 24.22 24.28 24.50 24.59 24.59 24.62 24.69 24.71 24.68 24.65 24.65 24.53
24.45 24.59 24.70 24.76 24.94 25.01 24.99 25.03 25.04 24.98 25.10 24.99 24.75 24.99 25.18 25.10 25.09 25.13 25.13 24.85 24.85 24.79 24.76 24.79 24.83 24.85 24.79 24.84 24.87 24.90 24.98 25.05 25.14 25.02 25.09 25.21 25.07 24.92 24.92 24.90 24.65 24.82 24.69 24.70 24.83 24.86 24.94 25.08 25.13 24.98 24.77 24.90 24.91 24.90 24.92 25.03 24.98 25.04 25.08 24.80 24.44 24.36 24.41 24.46 24.34 24.12 24.41 24.54 24.59 24.69 24.78 24.71 24.72 24.72 24.63 24.64 24.64
24.60 24.64 24.56 24.64 24.88 24.89 24.94 24.93 25.02 25.06 25.01 25.00 25.05 25.09 24.94 24.89 24.76 24.84 24.82 24.86 24.85 24.83 24.73 24.78 24.77 24.80 24.81 24.84 24.83 24.83 24.90 24.97 25.10 24.97 25.08 24.97 25.10 25.02 24.95 24.82 24.63 24.70 24.88 24.90 24.88 24.81 24.89 25.00 25.17 25.14 24.91 24.81 24.67 24.79 24.79 24.95 25.06 25.16 25.00 24.78 24.44 24.15 24.26 24.40 24.50 24.27 24.42 24.64 24.61 24.68 24.73 24.72 24.69 24.69 24.66 24.61 24.61
24.68 24.70 24.78 24.83 24.72 24.69 24.81 24.55 24.80 24.93 24.94 24.86 24.88 25.05 24.89 24.78 24.77 24.73 24.82 24.86 24.76 24.64 24.77 24.73 24.76 24.78 24.79 24.80 24.85 24.83 24.84 24.88 24.92 25.00 25.02 25.17 24.99 24.86 24.99 24.92 24.79 24.56 24.67 24.77 24.98 25.04 24.96 24.91 24.99 25.08 25.13 25.08 25.05 25.08 25.09 25.07 25.17 24.97 24.76 24.57 24.19 24.08 24.27 24.34 24.49 24.64 24.51 24.55 24.42 24.68 24.69 24.67 24.71 24.68 24.68 24.61 24.60
24.69 24.52 24.64 24.49 24.68 24.73 24.72 24.49 24.58 24.73 24.69 24.60 24.88 25.03 25.05 24.75 24.76 24.80 24.82 24.83 24.63 24.63 24.69 24.67 24.69 24.73 24.75 24.77 24.79 24.85 24.87 24.89 24.92 25.14 25.17 25.10 25.00 24.92 24.94 24.94 24.74 24.47 24.53 24.56 24.72 24.82 25.06 25.01 25.02 25.15 24.96 24.91 24.98 24.89 24.85 24.84 25.13 24.95 24.72 24.43 24.27 24.07 24.02 24.14 24.38 24.43 24.29 24.17 24.50 24.54 24.59 24.68 24.69 24.68 24.67 24.64 24.59
24.52 24.41 24.46 24.45 24.56 24.57 24.46 24.43 24.41 24.52 24.41 24.48 24.61 24.95 25.02 24.78 24.72 24.94 24.70 24.68 24.63 24.63 24.57 24.63 24.69 24.68 24.73 24.68 24.73 24.75 24.76 24.63 24.80 24.93 24.96 24.93 25.12 25.11 24.98 24.96 24.84 24.72 24.38 24.59 24.69 24.70 24.95 25.12 25.24 25.31 25.23 25.16 24.99 24.84 24.76 25.12 24.99 24.79 24.36 24.34 24.37 24.23 24.11 24.20 24.37 24.28 24.10 24.43 24.26 24.38 24.42 24.57 24.62 24.62 24.66 24.63 24.56
24.42 24.34 24.16 24.29 24.53 24.47 24.39 24.41 24.38 24.46 24.47 24.55 24.50 24.71 24.96 24.91 24.94 24.98 24.84 24.58 24.56 24.55 24.53 24.48 24.64 24.67 24.68 24.55 24.66 24.70 24.71 24.59 24.77 24.89 24.85 24.85 24.95 25.07 25.10 25.04 24.77 24.66 24.58 24.49 24.67 24.80 24.64 24.79 25.19 25.30 25.31 25.29 25.19 25.08 24.97 25.10 24.88 24.61 24.30 24.26 24.28 24.31 24.07 24.06 24.18 24.20 24.29 24.39 24.04 24.19 24.30 24.59 24.51 24.50 24.51 24.52 24.52
24.22 24.21 24.40 24.37 24.33 24.32 24.22 24.28 24.34 24.35 24.55 24.48 24.60 24.57 24.80 24.73 24.90 24.88 24.75 24.69 24.54 24.38 24.41 24.43 24.61 24.63 24.62 24.50 24.67 24.68 24.70 24.70 24.68 24.78 24.85 24.82 24.77 24.91 25.08 25.08 24.79 24.80 24.60 24.66 24.74 24.70 24.73 24.97 25.12 25.27 25.28 25.26 25.17 25.14 24.99 24.90 24.61 24.38 24.23 24.11 24.24 24.33 24.39 24.30 24.10 23.98 24.09 24.19 24.07 24.14 24.42 24.36 24.25 24.29 24.19 24.27 24.46
24.54 24.43 24.48 24.33 24.28 23.99 23.95 24.09 24.29 24.30 24.30 24.47 24.70 24.76 24.82 24.89 24.68 24.89 24.80 24.59 24.48 24.38 24.43 24.48 24.58 24.59 24.60 24.60 24.56 24.67 24.63 24.55 24.68 24.74 24.85 24.81 24.86 25.03 25.02 25.08 24.83 24.79 24.70 24.62 24.78 24.79 24.77 25.03 24.92 25.22 25.22 25.17 24.97 25.09 25.00 24.78 24.48 24.20 24.18 24.13 24.13 24.17 24.25 24.54 24.16 23.95 24.05 23.87 23.97 24.33 24.23 24.30 24.01 23.84 24.13 23.95 24.05
24.56 24.49 24.45 24.40 24.27 24.09 23.95 24.17 24.27 24.38 24.24 24.34 24.60 24.56 24.55 24.78 24.76 24.85 24.66 24.42 24.38 24.52 24.35 24.47 24.53 24.52 24.55 24.56 24.62 24.68 24.62 24.60 24.61 24.67 24.75 24.73 24.70 24.84 24.95 25.13 25.04 24.81 24.72 24.52 24.65 24.61 24.82 24.88 25.12 24.95 24.94 24.92 25.09 24.91 24.90 24.70 24.38 24.39 24.40 24.17 24.34 24.27 24.21 24.46 24.32 24.21 23.87 23.74 23.74 24.06 24.02 24.15 23.89 23.70 23.82 23.85 24.04
24.17 24.13 24.25 24.26 24.27 24.14 23.73 24.09 24.24 24.33 24.22 24.24 24.56 24.36 24.47 24.66 24.87 24.84 24.77 24.48 24.54 24.41 24.39 24.47 24.49 24.55 24.58 24.57 24.62 24.59 24.58 24.61 24.70 24.69 24.70 24.73 24.71 24.79 24.93 25.08 25.07 24.85 24.71 24.42 24.70 24.64 24.68 24.83 25.01 24.90 24.81 24.93 24.96 24.94 24.78 24.52 24.07 24.32 24.32 24.33 24.38 24.44 24.39 24.30 24.55 24.28 23.91 23.97 23.80 23.89 23.74 23.77 23.78 23.66 23.91 23.90 23.87
