main/data/temperature/17.05.2023.grid
ncols 886
nrows 691
xllcenter 112.0000
yllcenter -44.5000
cellsize 0.0500
nodata_value 99999.90
[rows 408 to 441 of 691, columns 154 to 230 of 886]
23.84 23.92 23.80 23.74 23.61 23.64 23.65 23.71 23.71 23.50 23.70 23.86 24.06 23.72 23.30 23.46 23.57 23.25 23.05 23.02 23.27 23.31 23.30 23.33 23.17 23.01 22.91 22.50 22.64 22.63 22.67 22.40 22.47 22.65 22.70 22.70 22.59 22.37 22.36 22.44 22.27 22.03 22.27 22.26 22.27 22.21 22.08 22.10 22.07 22.08 21.74 21.96 22.23 22.16 22.21 22.36 22.31 22.05 22.32 22.24 22.36 22.36 22.35 22.49 22.62 22.66 22.69 22.67 22.63 22.65 22.65 22.72 22.51 22.32 22.14 22.23 22.36
23.78 23.73 23.77 23.57 23.67 23.91 23.74 23.50 23.51 23.30 23.55 23.80 23.98 23.68 23.24 23.46 23.52 23.27 23.02 22.89 23.05 23.09 23.20 23.22 23.07 22.87 22.86 22.82 22.79 22.63 22.63 22.39 22.63 22.46 22.55 22.71 22.69 22.55 22.52 22.46 22.27 21.99 22.15 22.33 22.37 22.34 22.32 22.18 22.19 22.21 22.04 21.95 22.09 21.91 21.87 22.14 22.07 22.03 21.99 22.00 22.19 22.04 22.29 22.36 22.21 22.54 22.64 22.63 22.36 22.41 22.72 22.19 22.27 22.21 22.16 22.12 22.30
23.82 23.65 23.92 23.65 23.50 23.64 23.87 23.62 23.39 23.21 23.44 23.70 23.82 23.50 23.29 23.42 23.49 23.26 22.93 22.68 22.89 23.12 23.16 23.05 22.93 22.90 22.83 22.84 22.88 22.89 22.70 22.77 22.79 22.74 22.57 22.70 22.66 22.54 22.52 22.44 22.21 22.04 21.96 22.13 22.34 22.42 22.30 22.24 22.35 22.32 22.15 22.17 22.23 22.15 22.10 22.28 22.21 21.95 21.81 21.70 22.00 22.13 22.23 22.36 22.35 22.43 22.55 22.52 22.59 22.58 22.72 22.66 22.39 22.17 22.00 22.21 22.27
23.83 23.63 23.92 23.70 23.53 23.62 23.90 23.72 23.54 23.09 23.36 23.63 23.62 23.39 23.38 23.17 23.40 23.11 23.03 22.78 22.99 23.06 22.97 22.69 22.51 22.72 22.89 22.96 22.94 22.98 22.89 22.87 22.87 22.83 22.74 22.68 22.54 22.46 22.36 22.43 22.38 22.23 22.18 22.41 22.44 22.36 22.47 22.47 22.47 22.44 22.39 22.29 22.06 22.34 22.28 22.40 22.17 22.23 22.04 21.89 22.05 22.20 22.10 21.99 22.21 22.08 22.32 22.29 22.59 22.68 22.50 22.65 22.29 21.93 22.07 22.31 22.28
23.83 23.49 23.81 23.86 23.61 23.45 23.82 23.82 23.30 23.45 23.27 23.32 23.50 23.35 23.07 23.12 23.24 23.08 22.82 22.75 22.80 22.99 22.92 22.71 22.40 22.68 22.54 22.83 22.91 22.67 22.79 22.91 22.84 22.80 22.70 22.59 22.41 22.28 22.13 22.20 22.32 22.31 22.31 22.34 22.26 22.37 22.40 22.40 22.43 22.45 22.49 22.50 22.50 22.41 22.46 22.28 22.47 22.20 22.33 22.22 22.31 22.13 22.12 22.04 22.24 22.19 22.04 22.09 22.55 22.52 22.61 22.69 22.29 21.79 22.13 22.17 22.15
23.72 23.46 23.67 23.91 23.77 23.64 23.72 23.87 23.72 23.37 23.11 23.02 23.26 23.14 22.90 23.05 23.27 23.09 22.76 22.51 22.59 22.92 23.02 22.73 22.45 22.69 22.61 22.69 22.72 22.68 22.71 22.89 22.86 22.79 22.68 22.52 22.36 22.14 22.18 22.25 22.16 22.05 22.14 22.14 22.11 22.33 22.34 22.35 22.39 22.42 22.40 22.44 22.51 22.50 22.54 22.45 22.57 22.52 22.50 22.50 22.48 22.28 22.40 22.32 22.46 22.46 22.43 22.21 22.60 22.55 22.65 22.63 22.23 21.78 22.08 22.33 22.24
23.35 23.55 23.41 23.52 23.88 23.68 23.88 23.66 23.50 23.41 23.16 23.20 23.21 23.27 23.13 22.89 23.11 23.00 22.74 22.77 22.75 22.93 23.00 22.96 22.79 22.86 22.86 22.90 22.84 22.89 22.83 22.83 22.80 22.71 22.53 22.38 22.30 22.11 22.07 22.20 21.95 21.97 21.99 21.92 22.34 22.31 22.32 22.32 22.35 22.39 22.41 22.32 22.21 22.37 22.43 22.33 22.37 22.53 22.55 22.58 22.58 22.49 22.50 22.53 22.58 22.47 22.50 22.42 22.30 22.30 22.64 22.20 22.51 22.22 22.27 22.45 22.33
23.45 23.63 23.45 23.64 23.81 23.51 23.79 23.77 23.57 23.28 23.35 23.21 23.36 23.38 23.31 22.95 22.85 23.01 22.67 22.67 22.74 22.85 22.95 22.99 22.98 22.91 22.95 22.94 22.92 22.79 22.93 22.79 22.81 22.68 22.48 22.35 22.24 22.34 21.96 22.04 21.60 21.96 22.09 22.34 22.31 22.29 22.29 22.26 22.23 22.27 22.36 22.30 22.14 22.06 22.21 22.24 22.35 22.46 22.50 22.51 22.49 22.23 22.41 22.34 22.42 22.32 22.06 22.06 21.97 22.22 22.59 22.66 22.65 22.66 22.64 22.44 22.31
23.34 23.71 23.57 23.82 23.61 23.33 23.78 23.73 23.33 23.36 23.45 23.44 23.39 23.50 23.26 23.08 22.67 22.85 22.72 22.40 22.47 22.73 22.88 22.95 22.88 22.73 22.64 22.69 22.66 22.84 22.86 22.81 22.68 22.52 22.45 22.25 22.52 22.50 22.27 21.79 21.99 22.12 22.16 22.33 22.31 22.30 22.14 22.00 22.01 22.19 22.28 22.18 22.15 21.95 21.99 22.08 22.12 22.23 22.30 22.34 22.42 22.31 22.20 22.12 22.14 22.16 22.07 21.91 21.86 22.15 22.39 22.45 22.17 22.05 22.41 22.52 22.47
23.54 23.73 23.70 23.56 23.66 23.70 23.74 23.56 23.57 23.43 23.24 23.44 23.50 23.27 23.23 23.02 22.93 22.64 22.84 22.54 22.34 22.49 22.77 22.79 22.88 22.78 22.81 22.83 22.79 22.73 22.78 22.59 22.50 22.50 22.54 22.54 22.51 22.57 22.40 22.15 22.05 22.23 22.21 22.22 22.28 22.21 21.97 21.88 21.89 22.10 22.21 22.16 22.07 21.82 21.94 21.93 21.97 21.93 21.89 21.99 22.27 22.18 22.14 22.04 21.89 21.98 21.81 21.90 21.77 22.06 22.02 22.23 22.04 21.96 22.16 22.30 22.57
23.66 23.50 23.27 23.52 23.66 23.62 23.60 23.61 23.64 23.46 23.41 23.54 23.26 23.03 22.90 22.89 22.77 22.63 22.53 22.45 22.33 22.52 22.64 22.77 22.76 22.75 22.55 22.81 22.60 22.48 22.57 22.65 22.67 22.65 22.61 22.57 22.40 22.50 22.51 22.32 22.25 22.09 22.07 21.96 22.06 22.07 22.10 21.93 21.73 21.97 22.11 22.04 21.90 21.92 21.95 21.77 21.86 21.76 21.85 22.04 22.04 22.19 22.37 22.28 22.10 21.94 21.87 21.65 21.78 21.90 21.76 21.74 21.88 21.94 22.14 22.36 22.50
23.59 23.32 23.16 23.49 23.49 23.26 23.33 23.54 23.33 23.58 23.58 23.35 23.16 23.05 22.97 22.75 22.64 22.75 22.49 22.55 22.30 22.38 22.39 22.55 22.64 22.48 22.62 22.62 22.61 22.47 22.59 22.69 22.75 22.68 22.59 22.39 22.20 22.40 22.24 22.42 22.24 21.89 22.01 21.88 21.87 22.01 21.94 21.91 21.78 21.84 22.00 21.89 22.13 22.17 22.17 21.77 22.03 21.79 21.83 21.89 22.18 22.36 22.50 22.54 22.46 22.26 22.00 21.72 21.85 21.99 22.04 22.05 22.05 22.06 22.07 22.30 22.40
23.66 23.41 23.46 23.51 23.29 23.02 23.34 23.28 23.12 23.42 23.55 23.52 23.38 23.24 22.93 22.77 22.87 22.93 22.81 22.57 22.52 22.56 22.40 22.32 22.40 22.27 22.45 22.34 22.48 22.25 22.56 22.79 22.71 22.39 22.35 22.42 22.21 22.24 22.20 22.33 22.06 21.93 21.90 21.87 21.95 22.11 22.18 22.14 21.95 21.73 21.92 22.19 22.22 22.36 22.16 22.06 22.20 22.23 22.13 22.06 22.29 22.41 22.52 22.59 22.46 22.34 22.13 21.78 21.88 22.00 22.08 22.05 22.12 22.11 22.29 22.34 22.37
23.52 23.55 23.51 23.35 23.12 22.98 23.14 22.84 23.16 23.30 23.42 23.54 23.20 23.26 23.18 22.96 22.91 22.89 22.89 22.53 22.57 22.70 22.63 22.67 22.63 22.52 22.50 22.34 22.43 22.61 22.76 22.65 22.52 22.30 22.08 21.86 22.38 22.42 22.39 22.45 22.26 21.93 21.92 21.83 22.09 22.13 22.39 22.10 21.88 22.04 22.18 22.23 22.39 22.47 22.14 22.25 22.24 22.24 22.23 22.14 22.17 22.45 22.57 22.64 22.58 22.44 22.24 22.05 21.78 22.02 21.96 22.03 22.06 21.99 22.20 22.38 22.43
23.55 23.41 23.27 23.19 22.76 22.71 22.88 22.83 23.14 23.14 23.29 23.48 23.42 23.46 23.40 23.16 23.13 22.76 23.02 22.90 22.61 22.69 22.63 22.78 22.77 22.71 22.64 22.66 22.65 22.66 22.65 22.46 22.37 22.10 22.26 22.32 22.32 22.42 22.28 22.40 22.48 22.44 22.35 22.36 22.35 22.33 22.37 22.08 22.09 22.29 22.42 22.36 22.52 22.54 22.52 22.48 22.40 22.36 22.33 22.11 22.30 22.43 22.63 22.58 22.58 22.42 22.43 22.28 22.20 21.98 22.12 22.29 22.32 22.30 22.33 22.24 22.31
23.41 23.39 23.16 22.90 22.91 22.65 22.58 22.86 23.01 22.92 23.10 23.23 23.09 23.17 23.23 23.20 23.19 22.87 23.02 22.85 22.40 22.60 22.77 22.85 22.72 22.55 22.75 22.66 22.61 22.58 22.49 22.15 22.23 22.08 22.30 22.05 22.17 22.15 22.36 22.34 22.57 22.53 22.50 22.47 22.43 22.40 22.49 22.46 22.48 22.49 22.50 22.50 22.50 22.50 22.50 22.44 22.52 22.54 22.48 22.31 22.46 22.51 22.53 22.46 22.57 22.60 22.57 22.53 22.44 22.26 22.30 22.40 22.43 22.26 22.24 22.32 22.51
23.37 23.15 23.14 23.14 22.90 22.54 22.45 22.70 22.78 22.62 22.85 22.84 22.89 23.15 23.26 23.23 23.20 23.09 23.00 22.86 22.52 22.57 22.68 22.80 22.58 22.45 22.61 22.57 22.33 22.44 22.27 22.07 22.06 22.18 22.19 21.86 22.06 22.30 22.53 22.54 22.59 22.55 22.51 22.48 22.48 22.50 22.46 22.53 22.50 22.51 22.50 22.50 22.48 22.43 22.45 22.41 22.45 22.46 22.49 22.41 22.29 22.38 22.50 22.51 22.43 22.54 22.60 22.55 22.57 22.53 22.49 22.55 22.56 22.62 22.57 22.47 22.70
23.31 23.19 22.80 22.82 22.95 22.75 22.47 22.54 22.54 22.84 22.98 23.04 23.20 23.24 23.13 23.16 23.08 23.22 23.04 22.81 22.54 22.51 22.54 22.52 22.45 22.59 22.60 22.39 22.24 22.23 22.24 22.26 22.31 22.18 22.14 21.89 22.20 22.35 22.57 22.65 22.61 22.58 22.55 22.52 22.52 22.47 22.53 22.48 22.54 22.48 22.33 22.45 22.43 22.33 22.45 22.44 22.50 22.49 22.46 22.43 22.30 22.20 22.28 22.47 22.27 22.33 22.45 22.38 22.48 22.37 22.44 22.55 22.62 22.61 22.56 22.64 22.70
23.30 23.03 22.84 22.75 22.63 22.68 22.41 22.70 22.93 22.71 22.87 23.19 23.21 23.13 23.12 22.98 22.81 23.19 22.97 22.72 22.61 22.38 22.43 22.24 22.34 22.44 22.35 22.21 22.04 22.23 22.24 22.10 22.05 22.09 22.02 22.11 22.28 22.43 22.70 22.67 22.64 22.61 22.59 22.36 22.24 22.39 22.51 22.51 22.48 22.36 22.31 22.34 22.33 22.33 22.46 22.47 22.40 22.41 22.23 22.31 22.34 22.23 22.45 22.31 22.13 22.16 22.10 22.28 22.21 22.19 22.24 22.26 22.28 22.46 22.56 22.68 22.64
23.23 23.19 23.06 22.90 22.60 22.46 22.46 22.53 22.78 23.08 23.09 23.10 23.08 22.81 22.97 22.74 22.88 22.99 23.12 22.83 22.59 22.44 22.30 22.24 22.28 22.09 22.01 22.15 22.29 22.28 21.97 22.02 21.85 21.98 22.07 22.35 22.37 22.65 22.75 22.72 22.69 22.50 22.54 22.35 22.19 22.17 22.36 22.39 22.35 22.28 22.19 22.14 22.27 22.26 22.50 22.44 22.41 22.45 22.43 22.34 22.42 22.42 22.35 22.17 21.93 21.91 22.00 22.13 22.32 22.36 22.36 22.43 22.34 22.45 22.65 22.66 22.64
23.23 23.08 22.98 22.89 22.80 22.46 22.54 22.66 22.77 23.12 23.09 23.05 22.91 22.79 22.63 22.72 22.77 22.98 22.84 23.05 22.72 22.67 22.33 22.35 22.33 22.11 22.05 22.03 22.04 22.17 22.20 22.21 22.14 21.96 22.12 22.21 22.60 22.79 22.81 22.78 22.75 22.72 22.67 22.52 22.14 22.12 22.34 22.17 22.20 22.06 22.03 22.05 22.13 22.33 22.50 22.49 22.43 22.46 22.43 22.30 22.24 22.30 22.20 22.01 21.73 22.04 22.08 22.14 22.13 22.18 22.13 22.31 22.35 22.50 22.54 22.52 22.32
23.20 23.03 22.85 22.60 22.53 22.44 22.43 22.61 22.97 23.06 22.94 22.70 22.70 22.48 22.73 22.80 22.73 22.82 22.67 22.95 22.89 22.64 22.45 22.35 22.43 22.35 22.09 21.89 21.99 22.09 22.44 22.54 22.41 22.48 22.55 22.46 22.37 22.73 22.87 22.84 22.81 22.78 22.74 22.59 22.41 22.10 22.20 22.32 22.30 22.25 22.17 22.29 22.36 22.46 22.53 22.49 22.40 22.33 22.33 22.39 22.26 21.96 22.03 21.91 21.80 22.09 22.24 22.16 22.23 22.14 22.24 22.33 22.24 22.22 22.38 22.18 22.18
23.20 23.00 22.83 22.69 22.36 22.53 22.66 22.79 22.82 23.05 23.02 22.82 22.74 22.47 22.43 22.60 22.71 22.71 22.66 22.62 22.75 22.61 22.35 22.48 22.42 22.17 22.11 21.97 22.16 22.36 22.44 22.57 22.67 22.72 22.74 22.77 22.57 22.45 22.94 22.91 22.88 22.76 22.77 22.40 22.45 22.09 22.47 22.62 22.58 22.50 22.46 22.48 22.51 22.58 22.52 22.46 22.48 22.35 22.39 22.21 22.17 22.02 22.00 22.12 22.17 22.22 22.13 22.15 22.07 21.96 22.03 22.13 22.16 22.24 22.09 22.06 22.10
22.99 23.06 22.82 22.58 22.41 22.71 22.77 22.83 22.96 23.04 23.00 22.82 22.81 22.45 22.44 22.67 22.85 22.82 22.79 22.74 22.71 22.72 22.64 22.43 22.29 22.00 22.32 22.22 22.37 22.54 22.52 22.59 22.62 22.68 22.76 22.76 22.90 22.95 22.98 23.05 22.93 22.76 22.84 22.70 22.50 22.62 22.66 22.66 22.77 22.72 22.73 22.66 22.59 22.63 22.58 22.45 22.44 22.35 22.29 22.07 21.93 21.92 21.84 22.10 22.21 22.09 21.91 21.93 21.80 22.04 22.03 22.11 21.96 21.98 22.11 22.07 22.23
22.91 22.82 22.86 22.73 22.43 22.49 22.48 22.77 22.81 23.02 22.97 22.84 22.72 22.40 22.69 22.82 22.63 22.48 22.68 22.65 22.68 22.53 22.48 22.27 22.30 22.20 22.35 22.55 22.54 22.30 22.44 22.36 22.42 22.66 22.50 22.50 22.65 22.88 22.90 23.04 23.08 22.81 22.64 22.72 22.75 22.68 22.91 22.86 22.91 22.86 22.56 22.70 22.46 22.50 22.42 22.49 22.41 22.23 22.11 21.99 21.78 21.93 21.91 22.03 22.03 22.10 22.00 21.74 21.89 21.94 21.76 21.76 21.60 21.84 22.03 22.23 22.35
23.04 22.84 22.73 22.73 22.47 22.36 22.56 22.76 22.68 23.08 23.01 22.74 22.61 22.58 22.70 22.65 22.56 22.39 22.39 22.54 22.67 22.53 22.38 22.12 22.49 22.72 22.56 22.64 22.59 22.60 22.58 22.46 22.49 22.51 22.77 22.65 22.60 22.85 23.00 23.11 23.07 23.00 22.64 22.93 22.91 23.04 23.05 23.00 22.95 22.76 22.68 22.52 22.34 22.29 22.47 22.45 22.40 21.64 21.73 21.82 21.74 21.88 22.07 22.15 21.92 21.94 21.84 21.77 21.80 21.63 21.47 21.84 21.94 21.98 22.09 22.26 22.29
23.07 22.81 22.73 22.63 22.52 22.72 22.85 22.72 22.82 22.96 23.02 22.81 22.43 22.48 22.35 22.59 22.40 22.39 22.39 22.58 22.61 22.49 22.47 22.50 22.68 22.93 22.72 22.55 22.89 22.80 22.83 22.77 22.85 22.77 22.85 22.99 23.07 23.15 23.12 22.92 22.64 22.86 23.05 23.20 23.16 23.13 23.10 23.03 22.93 22.74 22.47 22.38 22.12 22.17 22.33 22.22 22.31 22.12 21.98 21.60 21.60 21.88 22.08 21.93 21.92 21.91 21.78 21.71 21.49 21.57 21.71 21.97 22.00 22.04 22.20 22.21 22.18
22.96 23.01 22.81 22.62 22.70 22.80 22.81 23.03 23.06 23.06 23.00 22.89 22.70 22.39 22.44 22.46 22.27 22.36 22.48 22.66 22.42 22.72 22.85 22.72 22.87 23.06 22.94 22.73 22.93 23.01 23.03 23.10 22.87 22.99 23.01 23.13 23.05 22.74 22.91 22.76 22.90 22.99 23.22 23.19 23.16 23.13 23.09 23.00 22.83 22.63 22.29 22.32 22.25 22.15 22.34 21.99 22.34 22.03 21.73 21.78 21.50 21.90 21.88 21.79 21.77 21.65 21.73 21.46 21.48 21.64 21.74 21.76 21.91 22.03 22.10 22.05 22.16
23.00 22.96 22.73 22.88 22.89 23.03 23.04 23.08 23.00 23.06 22.88 22.71 22.68 22.47 22.41 22.28 22.50 22.51 22.66 22.46 22.67 22.97 23.09 22.98 23.10 23.16 23.11 23.17 23.16 23.17 23.20 23.27 23.20 23.08 23.14 23.12 22.96 22.59 22.63 22.96 23.20 23.18 23.02 23.17 23.14 23.10 23.11 22.92 22.73 22.58 22.25 22.34 22.44 22.45 22.39 22.37 22.35 22.07 22.02 21.90 21.62 21.89 21.85 21.78 21.53 21.50 21.30 21.44 21.51 21.56 21.72 21.82 21.98 21.94 22.05 22.05 22.13
23.04 23.06 22.71 22.66 22.90 22.77 23.09 22.93 22.85 22.72 22.97 22.81 22.72 22.43 22.19 22.42 22.48 22.42 22.38 22.46 22.67 22.87 23.10 23.12 23.21 23.22 23.26 23.21 23.04 23.21 22.97 23.30 23.30 23.26 23.22 23.16 23.05 22.87 22.67 22.84 22.85 23.21 23.18 23.14 23.11 23.03 23.08 22.95 22.67 22.41 22.52 22.55 22.46 22.25 22.23 22.24 22.31 22.09 21.93 21.88 21.79 21.68 21.71 21.53 21.62 21.29 21.12 21.53 21.55 21.76 21.84 21.84 21.79 21.89 22.04 22.05 22.09
23.02 22.94 23.03 23.04 22.89 23.08 23.13 22.99 22.87 22.68 22.91 22.81 22.66 22.38 22.31 22.43 22.16 22.40 22.51 22.68 22.88 22.86 23.09 23.25 23.21 23.12 23.19 23.05 23.10 23.08 23.30 23.30 23.21 23.23 23.04 22.92 22.92 22.95 22.71 22.94 23.22 23.18 23.08 23.11 23.07 23.04 23.00 22.89 22.66 22.44 22.56 22.69 22.44 22.19 21.96 22.27 22.23 21.99 21.84 21.93 21.69 21.58 21.51 21.45 21.41 21.43 21.54 21.53 21.56 21.60 21.69 21.66 21.83 21.87 22.00 22.08 22.12
22.93 23.01 23.14 23.15 23.03 23.12 22.88 22.98 22.86 22.55 22.77 22.75 22.52 22.39 22.27 22.47 22.52 22.58 22.65 22.86 23.00 23.13 23.25 23.24 23.15 22.91 23.05 22.77 22.92 23.29 23.25 23.01 22.98 23.18 22.98 22.64 22.64 22.77 22.86 23.12 23.19 23.14 22.84 23.06 23.03 22.92 22.99 22.86 22.66 22.69 22.77 22.68 22.51 22.21 22.01 22.25 22.24 22.06 21.85 21.76 21.47 21.50 21.20 21.17 21.00 21.37 21.20 21.33 21.43 21.57 21.66 21.73 21.80 21.84 22.08 21.93 22.02
23.16 23.01 23.09 23.10 23.20 22.99 23.04 22.86 22.97 22.72 22.59 22.71 22.40 22.35 22.46 22.48 22.43 22.31 22.81 22.90 23.04 23.11 23.18 23.06 23.14 23.04 22.70 22.80 23.08 23.27 23.17 22.87 23.05 23.19 23.04 22.85 22.46 22.58 22.90 23.07 23.00 23.09 23.06 22.89 22.56 22.64 22.69 22.82 22.81 22.78 22.64 22.44 22.28 22.11 22.16 22.27 22.21 22.06 21.74 21.65 21.51 21.30 21.01 20.66 21.12 21.12 21.09 21.37 21.59 21.64 21.75 21.96 22.14 22.16 22.16 22.09 21.97
23.28 23.11 23.23 23.14 23.29 23.14 23.05 22.74 22.84 22.82 22.57 22.48 22.37 22.37 22.19 22.42 22.49 22.73 22.65 22.73 22.65 23.09 23.18 23.03 22.83 23.02 22.74 23.08 23.25 23.15 22.92 22.97 23.08 23.01 23.00 22.84 22.57 22.57 22.73 22.80 23.09 23.04 23.01 22.97 22.82 22.46 21.84 22.38 22.68 22.72 22.55 22.16 22.22 22.19 22.12 22.11 22.20 22.07 21.88 21.69 21.34 21.11 19.91 20.76 20.93 21.10 21.26 21.41 21.62 21.80 21.82 22.11 21.97 21.97 21.95 21.96 21.92
