main/data/temperature/18.06.2023.grid
ncols 886
nrows 691
xllcenter 112.0000
yllcenter -44.5000
cellsize 0.0500
nodata_value 99999.90
[rows 0 to 33 of 691, columns 693 to 769 of 886]
31.36 31.25 31.14 31.04 30.95 30.85 30.77 30.69 30.60 30.53 30.47 30.40 30.34 30.29 30.24 30.18 30.14 30.10 30.06 30.03 29.98 29.96 29.93 29.91 29.89 29.87 29.84 29.83 29.81 29.80 29.79 29.79 29.78 29.78 29.77 29.77 29.77 29.77 29.78 29.78 29.79 29.80 29.81 29.81 29.82 29.83 29.84 29.86 29.87 29.89 29.91 29.92 29.93 29.96 29.97 30.00 30.01 30.03 30.05 30.07 30.10 30.12 30.14 30.17 30.18 30.21 30.22 30.23 30.23 30.18 30.11 30.03 29.94 29.84 29.74 29.65 29.56
31.36 31.24 31.13 31.03 30.93 30.84 30.75 30.67 30.59 30.52 30.45 30.39 30.32 30.27 30.22 30.16 30.12 30.07 30.04 30.00 29.96 29.93 29.91 29.88 29.86 29.84 29.82 29.80 29.79 29.78 29.77 29.76 29.75 29.75 29.75 29.75 29.75 29.75 29.75 29.75 29.76 29.76 29.77 29.78 29.80 29.80 29.81 29.82 29.84 29.86 29.87 29.88 29.90 29.92 29.93 29.96 29.97 29.99 30.02 30.04 30.06 30.08 30.11 30.13 30.16 30.18 30.20 30.22 30.22 30.18 30.09 30.00 29.89 29.79 29.69 29.59 29.49
31.34 31.24 31.12 31.02 30.92 30.83 30.73 30.65 30.58 30.50 30.43 30.37 30.30 30.25 30.20 30.14 30.09 30.05 30.02 29.98 29.94 29.91 29.88 29.86 29.84 29.81 29.79 29.78 29.76 29.75 29.74 29.74 29.73 29.72 29.72 29.71 29.71 29.71 29.71 29.73 29.73 29.74 29.74 29.75 29.76 29.77 29.78 29.79 29.80 29.82 29.83 29.85 29.86 29.88 29.90 29.91 29.94 29.95 29.98 29.99 30.02 30.04 30.06 30.08 30.11 30.14 30.15 30.17 30.18 30.14 30.05 29.94 29.83 29.72 29.62 29.51 29.41
31.30 31.22 31.11 31.01 30.90 30.81 30.73 30.64 30.56 30.48 30.41 30.35 30.28 30.23 30.17 30.12 30.07 30.03 29.99 29.95 29.92 29.89 29.86 29.84 29.80 29.78 29.77 29.75 29.74 29.73 29.71 29.70 29.69 29.69 29.69 29.68 29.68 29.68 29.69 29.69 29.69 29.70 29.71 29.71 29.72 29.73 29.74 29.75 29.76 29.78 29.79 29.81 29.82 29.83 29.86 29.87 29.89 29.90 29.93 29.95 29.96 29.99 30.01 30.02 30.05 30.07 30.09 30.10 30.09 30.05 29.97 29.87 29.76 29.64 29.53 29.43 29.33
31.24 31.19 31.09 30.99 30.89 30.79 30.71 30.62 30.54 30.46 30.39 30.33 30.26 30.21 30.15 30.11 30.05 30.01 29.97 29.93 29.89 29.86 29.84 29.80 29.78 29.76 29.74 29.73 29.70 29.69 29.68 29.67 29.67 29.66 29.66 29.66 29.65 29.65 29.65 29.65 29.66 29.66 29.67 29.68 29.68 29.69 29.70 29.71 29.72 29.74 29.75 29.76 29.77 29.80 29.81 29.83 29.84 29.86 29.87 29.89 29.90 29.92 29.95 29.97 29.97 29.99 30.00 30.00 29.98 29.93 29.86 29.77 29.66 29.56 29.44 29.33 29.23
31.18 31.15 31.08 30.97 30.88 30.78 30.69 30.60 30.52 30.45 30.37 30.31 30.25 30.18 30.13 30.07 30.03 29.99 29.95 29.90 29.87 29.84 29.80 29.78 29.76 29.74 29.71 29.69 29.68 29.67 29.66 29.65 29.63 29.63 29.62 29.62 29.62 29.62 29.62 29.62 29.62 29.63 29.63 29.64 29.65 29.66 29.67 29.68 29.69 29.70 29.71 29.72 29.74 29.75 29.76 29.77 29.78 29.80 29.81 29.83 29.85 29.86 29.87 29.89 29.89 29.90 29.90 29.89 29.86 29.81 29.74 29.65 29.55 29.45 29.35 29.24 29.13
31.11 31.09 31.05 30.95 30.86 30.76 30.67 30.58 30.50 30.43 30.35 30.29 30.23 30.16 30.11 30.05 30.01 29.96 29.92 29.88 29.85 29.81 29.78 29.75 29.73 29.70 29.68 29.67 29.65 29.64 29.62 29.61 29.61 29.60 29.60 29.59 29.59 29.59 29.59 29.59 29.58 29.59 29.60 29.60 29.61 29.62 29.63 29.63 29.64 29.65 29.66 29.68 29.69 29.69 29.71 29.72 29.74 29.74 29.76 29.77 29.78 29.79 29.80 29.80 29.81 29.81 29.79 29.77 29.74 29.69 29.62 29.53 29.44 29.34 29.24 29.13 29.03
31.04 31.03 31.00 30.93 30.84 30.75 30.65 30.56 30.48 30.41 30.33 30.27 30.20 30.14 30.09 30.03 29.98 29.94 29.89 29.86 29.82 29.78 29.75 29.73 29.70 29.68 29.66 29.63 29.62 29.61 29.60 29.59 29.57 29.57 29.56 29.55 29.55 29.55 29.55 29.55 29.55 29.55 29.56 29.57 29.57 29.57 29.58 29.59 29.59 29.60 29.62 29.63 29.63 29.65 29.66 29.66 29.68 29.68 29.69 29.71 29.71 29.72 29.72 29.72 29.71 29.71 29.69 29.66 29.62 29.56 29.50 29.42 29.32 29.22 29.12 29.02 28.92
30.97 30.96 30.93 30.91 30.82 30.73 30.63 30.55 30.46 30.39 30.31 30.25 30.18 30.12 30.06 30.01 29.96 29.91 29.87 29.83 29.79 29.76 29.73 29.69 29.67 29.65 29.62 29.61 29.59 29.57 29.56 29.55 29.55 29.53 29.53 29.52 29.51 29.51 29.52 29.52 29.51 29.52 29.52 29.52 29.53 29.54 29.54 29.55 29.56 29.56 29.57 29.57 29.59 29.59 29.60 29.61 29.61 29.62 29.63 29.63 29.64 29.64 29.64 29.64 29.62 29.60 29.58 29.55 29.50 29.44 29.38 29.30 29.21 29.12 29.01 28.91 28.80
30.89 30.88 30.86 30.85 30.79 30.71 30.61 30.53 30.44 30.37 30.29 30.22 30.15 30.10 30.03 29.98 29.94 29.88 29.85 29.80 29.77 29.73 29.70 29.67 29.64 29.62 29.60 29.57 29.56 29.55 29.54 29.52 29.51 29.49 29.49 29.49 29.49 29.48 29.48 29.48 29.48 29.48 29.48 29.48 29.49 29.49 29.50 29.50 29.51 29.51 29.52 29.53 29.53 29.54 29.55 29.55 29.56 29.56 29.57 29.56 29.56 29.56 29.55 29.54 29.53 29.50 29.47 29.44 29.39 29.34 29.26 29.18 29.09 29.00 28.90 28.80 28.70
30.83 30.81 30.79 30.78 30.75 30.68 30.59 30.51 30.42 30.35 30.27 30.20 30.13 30.07 30.01 29.96 29.90 29.86 29.81 29.77 29.74 29.70 29.67 29.64 29.61 29.59 29.56 29.55 29.53 29.51 29.50 29.48 29.47 29.47 29.46 29.45 29.45 29.44 29.44 29.44 29.44 29.43 29.44 29.44 29.45 29.44 29.45 29.45 29.46 29.46 29.47 29.47 29.48 29.49 29.49 29.49 29.49 29.49 29.49 29.50 29.49 29.48 29.47 29.45 29.43 29.41 29.37 29.33 29.28 29.22 29.16 29.08 28.98 28.89 28.80 28.69 28.59
30.75 30.73 30.71 30.70 30.68 30.65 30.57 30.48 30.40 30.32 30.24 30.17 30.11 30.05 29.99 29.94 29.88 29.84 29.79 29.75 29.71 29.68 29.64 29.61 29.59 29.56 29.54 29.51 29.50 29.49 29.47 29.46 29.44 29.43 29.42 29.42 29.41 29.41 29.41 29.40 29.39 29.40 29.39 29.40 29.40 29.41 29.41 29.41 29.41 29.42 29.42 29.42 29.43 29.43 29.43 29.43 29.43 29.43 29.42 29.42 29.42 29.40 29.39 29.37 29.34 29.31 29.28 29.24 29.18 29.12 29.05 28.97 28.89 28.80 28.69 28.59 28.48
30.68 30.66 30.65 30.63 30.61 30.59 30.54 30.46 30.37 30.30 30.22 30.15 30.08 30.02 29.96 29.90 29.86 29.80 29.76 29.72 29.68 29.64 29.61 29.58 29.55 29.53 29.50 29.49 29.46 29.45 29.43 29.42 29.40 29.40 29.38 29.38 29.37 29.37 29.36 29.36 29.36 29.36 29.36 29.36 29.36 29.36 29.36 29.36 29.36 29.36 29.36 29.37 29.37 29.37 29.37 29.37 29.37 29.36 29.36 29.34 29.34 29.33 29.30 29.28 29.26 29.22 29.18 29.14 29.08 29.03 28.95 28.87 28.79 28.70 28.61 28.51 28.40
30.60 30.58 30.57 30.55 30.53 30.52 30.49 30.44 30.35 30.27 30.20 30.12 30.06 29.99 29.94 29.88 29.83 29.78 29.74 29.69 29.65 29.62 29.59 29.55 29.53 29.50 29.48 29.45 29.43 29.42 29.39 29.39 29.37 29.36 29.35 29.35 29.34 29.34 29.33 29.32 29.32 29.32 29.31 29.31 29.32 29.32 29.32 29.32 29.32 29.32 29.32 29.31 29.31 29.32 29.31 29.31 29.30 29.30 29.29 29.28 29.26 29.25 29.23 29.20 29.17 29.14 29.10 29.04 28.99 28.93 28.86 28.79 28.70 28.61 28.52 28.42 28.32
30.53 30.51 30.50 30.48 30.46 30.45 30.43 30.40 30.33 30.24 30.17 30.10 30.04 29.97 29.91 29.86 29.80 29.76 29.71 29.67 29.62 29.59 29.55 29.52 29.49 29.46 29.44 29.42 29.40 29.38 29.37 29.35 29.33 29.33 29.31 29.31 29.30 29.29 29.29 29.28 29.28 29.27 29.28 29.27 29.27 29.27 29.27 29.27 29.27 29.26 29.26 29.27 29.26 29.25 29.26 29.25 29.25 29.23 29.23 29.20 29.19 29.17 29.15 29.12 29.09 29.05 29.01 28.96 28.91 28.84 28.78 28.70 28.63 28.54 28.45 28.35 28.26
30.45 30.44 30.42 30.40 30.39 30.37 30.36 30.33 30.29 30.22 30.15 30.07 30.00 29.95 29.88 29.83 29.78 29.72 29.68 29.63 29.60 29.56 29.52 29.49 29.46 29.44 29.41 29.39 29.37 29.35 29.34 29.32 29.30 29.29 29.28 29.27 29.27 29.26 29.25 29.24 29.24 29.24 29.23 29.23 29.23 29.23 29.22 29.21 29.22 29.22 29.21 29.21 29.20 29.20 29.19 29.19 29.18 29.17 29.15 29.14 29.12 29.10 29.08 29.04 29.01 28.98 28.94 28.88 28.83 28.77 28.70 28.64 28.55 28.47 28.39 28.30 28.21
30.38 30.36 30.34 30.33 30.32 30.30 30.28 30.26 30.25 30.19 30.12 30.05 29.98 29.92 29.86 29.80 29.75 29.70 29.65 29.61 29.57 29.52 29.50 29.46 29.44 29.41 29.38 29.36 29.33 29.32 29.30 29.28 29.26 29.26 29.24 29.23 29.23 29.22 29.21 29.20 29.20 29.19 29.19 29.19 29.18 29.18 29.18 29.17 29.17 29.16 29.16 29.16 29.15 29.14 29.14 29.13 29.12 29.11 29.09 29.07 29.05 29.03 29.00 28.98 28.94 28.90 28.86 28.81 28.76 28.69 28.63 28.56 28.49 28.42 28.34 28.25 28.16
30.30 30.29 30.27 30.25 30.24 30.22 30.21 30.19 30.18 30.15 30.09 30.03 29.96 29.89 29.83 29.77 29.72 29.67 29.62 29.58 29.54 29.50 29.46 29.44 29.40 29.37 29.35 29.32 29.30 29.29 29.27 29.25 29.23 29.22 29.21 29.20 29.19 29.18 29.17 29.16 29.16 29.16 29.14 29.14 29.14 29.14 29.13 29.13 29.12 29.12 29.11 29.10 29.09 29.09 29.08 29.07 29.06 29.05 29.03 29.01 28.98 28.96 28.94 28.90 28.87 28.83 28.79 28.74 28.68 28.63 28.57 28.51 28.43 28.36 28.28 28.21 28.13
30.23 30.21 30.19 30.17 30.17 30.15 30.13 30.11 30.11 30.09 30.05 29.99 29.93 29.86 29.80 29.75 29.69 29.64 29.60 29.55 29.51 29.47 29.44 29.40 29.37 29.35 29.32 29.29 29.27 29.25 29.23 29.21 29.20 29.18 29.18 29.16 29.15 29.14 29.13 29.13 29.12 29.11 29.11 29.10 29.09 29.09 29.08 29.08 29.07 29.06 29.07 29.06 29.05 29.03 29.03 29.01 29.00 28.98 28.97 28.94 28.93 28.90 28.87 28.84 28.81 28.76 28.72 28.68 28.62 28.57 28.51 28.44 28.38 28.31 28.25 28.18 28.10
30.16 30.14 30.12 30.10 30.08 30.07 30.06 30.04 30.02 30.02 30.00 29.96 29.90 29.84 29.78 29.72 29.66 29.62 29.57 29.52 29.48 29.44 29.40 29.37 29.34 29.31 29.28 29.26 29.24 29.22 29.20 29.18 29.16 29.15 29.14 29.12 29.12 29.11 29.09 29.08 29.08 29.07 29.07 29.05 29.05 29.05 29.04 29.04 29.03 29.02 29.01 29.00 29.00 28.98 28.97 28.96 28.94 28.93 28.90 28.89 28.87 28.84 28.81 28.78 28.74 28.70 28.66 28.62 28.56 28.51 28.45 28.40 28.34 28.26 28.20 28.14 28.08
30.08 30.06 30.04 30.02 30.02 30.00 29.98 29.96 29.95 29.93 29.93 29.91 29.86 29.80 29.75 29.69 29.63 29.58 29.54 29.49 29.45 29.41 29.38 29.34 29.31 29.28 29.25 29.23 29.21 29.19 29.16 29.15 29.13 29.11 29.10 29.09 29.07 29.06 29.06 29.05 29.04 29.03 29.02 29.02 29.01 29.01 28.99 28.98 28.98 28.98 28.97 28.95 28.94 28.93 28.92 28.91 28.89 28.88 28.85 28.83 28.80 28.78 28.75 28.72 28.68 28.65 28.60 28.56 28.51 28.46 28.41 28.34 28.29 28.23 28.17 28.11 28.05
30.01 29.99 29.97 29.95 29.93 29.92 29.91 29.89 29.88 29.86 29.84 29.84 29.82 29.77 29.72 29.66 29.61 29.56 29.51 29.46 29.43 29.38 29.35 29.31 29.28 29.25 29.23 29.20 29.18 29.15 29.13 29.11 29.10 29.08 29.07 29.05 29.04 29.03 29.02 29.01 29.00 28.99 28.98 28.98 28.96 28.96 28.95 28.94 28.93 28.92 28.91 28.91 28.89 28.88 28.87 28.85 28.84 28.82 28.80 28.77 28.75 28.73 28.69 28.66 28.63 28.59 28.55 28.51 28.46 28.41 28.36 28.30 28.25 28.20 28.14 28.08 28.03
29.93 29.91 29.89 29.88 29.86 29.85 29.83 29.82 29.80 29.79 29.77 29.76 29.75 29.73 29.69 29.63 29.58 29.53 29.48 29.44 29.39 29.35 29.31 29.28 29.25 29.22 29.19 29.17 29.14 29.12 29.10 29.08 29.06 29.05 29.03 29.02 29.01 28.99 28.98 28.97 28.96 28.95 28.95 28.93 28.93 28.92 28.91 28.90 28.89 28.88 28.87 28.85 28.85 28.83 28.82 28.80 28.78 28.77 28.75 28.72 28.70 28.67 28.64 28.61 28.57 28.54 28.50 28.46 28.41 28.36 28.32 28.27 28.22 28.16 28.11 28.06 28.01
29.86 29.84 29.82 29.80 29.79 29.78 29.76 29.74 29.73 29.71 29.70 29.69 29.67 29.66 29.65 29.60 29.55 29.50 29.45 29.40 29.36 29.32 29.29 29.25 29.22 29.19 29.16 29.13 29.11 29.09 29.07 29.05 29.03 29.01 29.00 28.99 28.97 28.96 28.95 28.93 28.92 28.91 28.90 28.89 28.89 28.88 28.87 28.86 28.85 28.84 28.82 28.81 28.80 28.79 28.77 28.76 28.73 28.72 28.69 28.67 28.65 28.62 28.59 28.57 28.52 28.49 28.45 28.41 28.37 28.32 28.28 28.23 28.18 28.13 28.08 28.04 27.99
29.78 29.76 29.74 29.73 29.71 29.70 29.69 29.67 29.66 29.64 29.63 29.61 29.60 29.59 29.57 29.55 29.51 29.47 29.43 29.38 29.34 29.29 29.26 29.22 29.19 29.16 29.13 29.10 29.08 29.05 29.03 29.01 29.00 28.98 28.96 28.94 28.93 28.92 28.91 28.90 28.88 28.88 28.86 28.86 28.85 28.84 28.82 28.81 28.81 28.80 28.78 28.77 28.75 28.74 28.72 28.71 28.69 28.67 28.65 28.63 28.60 28.57 28.55 28.51 28.48 28.45 28.41 28.37 28.33 28.29 28.24 28.19 28.15 28.10 28.06 28.02 27.97
29.71 29.69 29.67 29.65 29.64 29.62 29.61 29.59 29.58 29.57 29.56 29.54 29.53 29.52 29.50 29.49 29.47 29.44 29.39 29.35 29.30 29.26 29.22 29.19 29.15 29.12 29.09 29.07 29.04 29.02 29.00 28.98 28.97 28.95 28.93 28.91 28.90 28.88 28.87 28.86 28.85 28.84 28.83 28.82 28.81 28.79 28.78 28.77 28.76 28.75 28.74 28.72 28.71 28.70 28.68 28.67 28.64 28.63 28.60 28.58 28.55 28.53 28.50 28.47 28.44 28.41 28.36 28.33 28.29 28.25 28.21 28.16 28.12 28.08 28.04 28.00 27.95
29.64 29.62 29.61 29.58 29.56 29.55 29.53 29.52 29.50 29.49 29.48 29.46 29.45 29.45 29.44 29.42 29.41 29.40 29.36 29.32 29.28 29.24 29.20 29.17 29.13 29.09 29.07 29.04 29.01 28.99 28.97 28.95 28.93 28.91 28.89 28.88 28.86 28.85 28.83 28.83 28.81 28.80 28.79 28.78 28.76 28.75 28.74 28.73 28.72 28.70 28.70 28.68 28.67 28.66 28.64 28.62 28.60 28.58 28.56 28.54 28.51 28.49 28.46 28.43 28.40 28.37 28.33 28.29 28.26 28.22 28.18 28.13 28.10 28.06 28.02 27.98 27.93
29.57 29.55 29.52 29.51 29.49 29.48 29.46 29.45 29.43 29.42 29.41 29.39 29.38 29.37 29.36 29.35 29.34 29.33 29.31 29.28 29.25 29.21 29.17 29.13 29.10 29.07 29.04 29.00 28.98 28.96 28.94 28.92 28.89 28.88 28.86 28.85 28.83 28.82 28.80 28.79 28.78 28.76 28.75 28.75 28.73 28.72 28.70 28.69 28.68 28.67 28.66 28.64 28.63 28.62 28.60 28.58 28.56 28.54 28.52 28.50 28.47 28.45 28.42 28.39 28.36 28.33 28.29 28.26 28.22 28.19 28.15 28.11 28.07 28.03 28.00 27.96 27.92
29.50 29.48 29.45 29.44 29.42 29.40 29.39 29.38 29.36 29.35 29.34 29.33 29.31 29.30 29.29 29.28 29.27 29.26 29.25 29.24 29.21 29.17 29.14 29.10 29.07 29.04 29.01 28.98 28.95 28.93 28.91 28.89 28.86 28.85 28.83 28.81 28.80 28.78 28.77 28.75 28.75 28.73 28.72 28.71 28.69 28.68 28.67 28.66 28.64 28.64 28.62 28.61 28.59 28.58 28.56 28.54 28.52 28.50 28.48 28.46 28.43 28.41 28.39 28.35 28.32 28.30 28.27 28.23 28.19 28.16 28.13 28.08 28.05 28.01 27.98 27.95 27.90
29.42 29.41 29.39 29.36 29.35 29.33 29.32 29.31 29.29 29.28 29.27 29.26 29.25 29.23 29.21 29.20 29.19 29.19 29.18 29.17 29.16 29.14 29.11 29.08 29.04 29.01 28.98 28.95 28.93 28.90 28.88 28.86 28.83 28.82 28.80 28.78 28.77 28.75 28.74 28.73 28.71 28.69 28.68 28.67 28.66 28.64 28.63 28.62 28.62 28.60 28.58 28.57 28.55 28.54 28.52 28.50 28.48 28.47 28.44 28.42 28.40 28.37 28.35 28.32 28.29 28.26 28.23 28.19 28.16 28.13 28.10 28.07 28.02 27.99 27.96 27.93 27.90
29.35 29.33 29.32 29.30 29.28 29.26 29.25 29.24 29.22 29.21 29.20 29.18 29.17 29.16 29.15 29.14 29.13 29.12 29.11 29.11 29.09 29.08 29.07 29.05 29.02 28.99 28.95 28.92 28.90 28.87 28.85 28.83 28.80 28.79 28.76 28.75 28.73 28.72 28.70 28.70 28.68 28.67 28.65 28.64 28.63 28.62 28.61 28.59 28.58 28.56 28.55 28.53 28.52 28.50 28.48 28.47 28.44 28.43 28.41 28.39 28.37 28.33 28.31 28.29 28.25 28.23 28.20 28.17 28.14 28.11 28.08 28.04 28.01 27.97 27.94 27.91 27.88
29.28 29.26 29.25 29.23 29.21 29.19 29.18 29.17 29.16 29.13 29.12 29.11 29.10 29.09 29.08 29.06 29.06 29.05 29.04 29.03 29.03 29.02 29.01 29.00 28.98 28.96 28.92 28.89 28.87 28.85 28.82 28.80 28.77 28.76 28.73 28.72 28.70 28.69 28.67 28.66 28.64 28.64 28.62 28.61 28.60 28.58 28.57 28.56 28.54 28.53 28.51 28.50 28.49 28.46 28.45 28.43 28.42 28.39 28.38 28.35 28.33 28.31 28.28 28.26 28.23 28.21 28.17 28.14 28.12 28.09 28.05 28.02 27.99 27.96 27.93 27.90 27.87
29.20 29.19 29.17 29.16 29.14 29.12 29.11 29.10 29.08 29.07 29.06 29.05 29.04 29.02 29.01 29.00 28.99 28.99 28.98 28.96 28.96 28.95 28.95 28.93 28.93 28.92 28.90 28.86 28.84 28.82 28.79 28.77 28.74 28.73 28.71 28.69 28.67 28.65 28.65 28.63 28.61 28.60 28.59 28.57 28.56 28.55 28.54 28.52 28.51 28.49 28.48 28.47 28.45 28.44 28.42 28.41 28.38 28.37 28.34 28.33 28.30 28.28 28.26 28.24 28.20 28.18 28.15 28.12 28.09 28.06 28.04 28.00 27.97 27.95 27.92 27.89 27.85
29.13 29.12 29.10 29.08 29.07 29.05 29.04 29.02 29.01 29.00 28.99 28.98 28.96 28.95 28.94 28.94 28.92 28.91 28.91 28.90 28.90 28.88 28.88 28.87 28.87 28.86 28.85 28.84 28.81 28.79 28.76 28.74 28.72 28.70 28.68 28.67 28.65 28.63 28.62 28.60 28.59 28.57 28.56 28.55 28.54 28.52 28.50 28.50 28.48 28.47 28.45 28.43 28.42 28.40 28.39 28.37 28.36 28.33 28.32 28.29 28.27 28.26 28.23 28.20 28.18 28.15 28.13 28.10 28.08 28.04 28.01 27.99 27.96 27.94 27.90 27.88 27.85
