main/data/temperature/18.06.2023.grid
ncols 886
nrows 691
xllcenter 112.0000
yllcenter -44.5000
cellsize 0.0500
nodata_value 99999.90
[rows 340 to 373 of 691, columns 385 to 461 of 886]
20.68 20.95 20.98 20.82 20.66 20.72 20.71 20.79 20.67 20.66 20.77 20.83 20.84 20.70 20.90 20.86 20.79 20.67 20.71 20.55 20.44 20.37 20.28 19.99 19.66 19.67 19.82 19.93 19.94 19.73 19.98 20.30 20.22 20.18 20.07 20.06 20.09 20.09 19.60 19.50 19.45 19.37 20.05 20.08 20.13 19.95 19.91 20.05 19.94 19.94 19.91 19.85 19.82 19.86 19.72 19.85 19.83 19.71 19.76 19.57 19.67 19.74 19.84 19.80 19.78 19.72 19.70 19.71 19.67 19.64 19.60 19.60 19.60 19.60 19.62 19.65 19.65
20.97 20.99 21.07 20.91 20.83 20.66 20.81 20.89 20.88 20.70 20.87 20.82 20.82 20.70 20.88 20.80 20.78 20.63 20.51 20.21 20.21 20.16 19.86 20.09 19.96 20.01 19.89 19.98 20.08 20.13 20.16 20.21 20.23 20.19 19.99 20.09 20.11 20.13 20.11 20.05 19.96 19.84 19.89 19.93 19.86 19.79 19.77 19.68 19.93 19.94 19.93 19.94 19.73 19.65 19.80 19.73 19.64 19.55 19.49 19.53 19.66 19.68 19.65 19.68 19.71 19.67 19.65 19.63 19.60 19.56 19.55 19.52 19.56 19.58 19.58 19.57 19.56
21.04 21.01 20.98 20.83 20.58 20.53 20.62 20.81 20.87 20.88 20.79 20.82 20.77 20.75 20.75 20.79 20.68 20.50 20.30 20.22 20.03 19.10 20.17 20.23 20.14 20.14 19.73 20.02 19.58 19.79 20.04 20.15 20.20 20.13 19.91 20.08 20.01 20.07 20.04 20.04 19.99 19.91 19.89 19.76 19.74 19.63 19.59 19.69 19.78 19.82 19.76 19.65 19.63 19.55 19.59 19.46 19.33 19.46 19.41 19.39 19.33 19.65 19.68 19.66 19.66 19.62 19.58 19.54 19.54 19.49 19.50 19.46 19.46 19.45 19.48 19.52 19.53
21.05 20.98 20.84 20.77 20.64 20.64 20.75 20.72 20.82 20.82 20.71 20.67 20.73 20.69 20.79 20.76 20.39 20.48 20.35 20.27 20.36 20.34 20.07 19.85 20.08 20.14 20.10 19.29 20.09 20.10 20.05 19.70 20.09 20.12 19.97 20.02 20.06 20.00 20.02 19.98 19.98 19.92 19.86 19.48 19.68 19.75 19.44 19.50 19.57 19.65 19.27 19.29 19.36 19.45 19.57 19.41 19.20 19.43 19.34 19.37 19.61 19.60 19.59 19.62 19.59 19.55 19.53 19.49 19.50 19.46 19.47 19.47 19.46 19.45 19.43 19.42 19.32
21.01 20.89 20.86 20.74 20.67 20.70 20.81 20.82 20.81 20.70 20.43 20.60 20.65 20.61 20.54 20.66 20.58 20.64 20.54 20.47 20.53 20.51 20.34 20.35 20.32 20.26 20.26 20.19 20.18 20.15 20.06 19.96 20.10 20.08 20.05 20.04 19.98 19.98 19.95 19.95 19.94 19.93 19.77 19.56 19.71 19.79 19.75 19.60 19.63 19.64 19.53 19.46 19.44 19.19 19.44 19.45 19.41 19.41 19.49 19.57 19.43 19.52 19.48 19.10 19.05 18.79 19.39 19.38 19.35 19.26 19.34 19.34 19.32 19.29 19.27 19.35 19.16
21.01 20.92 20.86 20.79 20.60 20.60 20.72 20.77 20.77 20.71 20.59 20.52 20.64 20.63 20.69 20.63 20.55 20.62 20.61 20.54 20.58 20.54 20.42 20.38 20.34 20.29 20.29 20.24 20.20 20.16 20.10 20.06 20.00 19.91 20.00 19.97 19.92 19.83 19.75 19.70 19.63 19.89 19.90 19.65 19.56 19.67 19.74 19.59 19.52 19.57 19.58 19.49 19.44 19.36 19.34 19.33 19.27 19.21 19.14 19.06 19.02 19.09 19.16 18.98 19.10 19.10 19.28 19.25 19.26 19.24 19.21 19.27 19.25 19.23 19.23 19.27 19.18
20.91 20.93 20.89 20.68 20.41 20.42 20.49 20.57 20.65 20.69 20.71 20.57 20.69 20.60 20.60 20.58 20.57 20.52 20.58 20.58 20.53 20.49 20.43 20.39 20.34 20.30 20.28 20.25 20.21 20.04 19.87 19.87 20.00 19.96 19.92 19.89 19.78 19.70 19.72 19.70 19.61 19.89 19.79 19.82 19.64 19.61 19.68 19.58 19.55 19.56 19.53 19.50 19.40 19.27 19.19 19.15 19.13 19.02 19.01 19.00 18.97 18.85 18.86 18.98 19.11 19.14 19.18 19.16 19.14 19.13 19.11 19.14 19.15 19.17 19.18 19.20 19.24
20.95 20.93 20.83 20.62 20.57 20.50 20.26 20.41 20.41 20.62 20.60 20.62 20.57 20.58 20.55 20.52 20.49 20.49 20.49 20.47 20.44 20.41 20.42 20.41 20.37 20.32 20.27 20.26 20.19 20.03 19.82 19.79 19.75 19.87 19.89 19.85 19.71 19.64 19.73 19.75 19.59 19.58 19.48 19.65 19.56 19.61 19.61 19.53 19.49 19.48 19.45 19.44 19.30 19.18 19.08 19.05 19.04 18.98 18.93 18.90 18.93 18.95 18.94 18.94 18.97 18.97 19.02 19.00 19.03 19.05 19.04 19.05 19.06 19.07 19.10 19.11 19.10
20.85 20.76 20.67 20.58 20.61 20.51 20.41 20.41 20.50 20.60 20.59 20.63 20.49 20.53 20.42 20.44 20.40 20.34 20.28 20.36 20.36 20.33 20.36 20.34 20.36 20.29 20.28 20.23 20.17 20.04 19.91 19.73 19.74 19.75 19.84 19.78 19.73 19.69 19.73 19.65 19.56 19.50 19.50 19.61 19.70 19.61 19.60 19.53 19.43 19.44 19.39 19.37 19.25 19.04 19.01 19.00 18.94 18.92 18.69 18.81 18.74 18.68 18.78 18.81 18.71 18.48 18.62 18.76 18.86 18.95 18.95 18.92 18.89 19.00 19.04 19.04 18.99
20.81 20.74 20.64 20.55 20.63 20.51 20.34 20.32 20.34 20.51 20.27 20.46 20.44 20.32 20.27 20.42 20.33 20.20 20.03 20.10 20.25 20.30 20.29 20.26 20.25 20.23 20.20 20.20 20.15 20.00 19.84 19.86 19.77 19.76 19.84 19.76 19.68 19.72 19.68 19.53 19.48 19.55 19.56 19.71 19.65 19.59 19.53 19.50 19.42 19.39 19.37 19.32 19.16 19.02 18.93 18.94 18.84 18.84 18.84 18.77 18.74 18.67 18.69 18.82 18.77 18.72 18.76 18.76 18.84 18.87 18.88 18.86 18.87 18.89 18.92 18.94 18.93
20.78 20.75 20.63 20.59 20.57 20.55 20.36 20.32 20.28 20.19 20.05 20.24 20.01 20.18 20.21 20.18 19.99 20.11 20.07 20.00 20.10 20.25 20.22 20.20 20.18 20.15 20.12 20.02 20.05 20.05 19.92 19.83 19.85 19.80 19.76 19.69 19.62 19.61 19.62 19.41 19.28 19.49 19.51 19.54 19.57 19.52 19.48 19.44 19.41 19.39 19.35 19.22 19.08 18.94 18.87 18.88 18.80 18.71 18.74 18.84 18.67 18.67 18.78 18.86 18.87 18.78 18.80 18.83 18.84 18.83 18.81 18.78 18.76 18.74 18.68 18.83 18.91
20.76 20.70 20.70 20.70 20.62 20.59 20.35 20.36 20.25 19.80 19.93 19.99 20.07 20.20 20.33 20.28 20.13 20.02 20.20 20.16 20.04 20.07 20.11 20.11 20.08 20.05 20.01 19.97 19.97 19.94 19.90 19.88 19.86 19.76 19.65 19.64 19.58 19.50 19.35 19.35 19.40 19.32 19.32 19.37 19.46 19.43 19.44 19.42 19.36 19.37 19.21 19.03 19.01 18.82 18.77 18.83 18.72 18.67 18.65 18.77 18.80 18.56 18.72 18.90 18.90 18.87 18.84 18.81 18.78 18.77 18.76 18.72 18.69 18.76 18.80 18.89 18.84
20.70 20.66 20.65 20.56 20.63 20.45 20.39 20.36 20.26 20.03 20.05 20.13 20.05 20.04 20.12 20.26 20.21 20.17 20.13 20.20 20.20 20.12 20.08 20.02 20.03 19.97 19.91 19.91 19.89 19.86 19.84 19.75 19.74 19.74 19.61 19.54 19.51 19.46 19.39 19.39 19.35 19.23 19.09 19.39 19.36 19.43 19.40 19.39 19.30 19.30 19.17 18.96 18.90 18.80 18.70 18.82 18.65 18.57 18.57 18.76 18.83 18.57 18.71 18.87 18.75 18.79 18.79 18.78 18.79 18.74 18.74 18.67 18.75 18.79 18.81 18.78 18.75
20.60 20.59 20.58 20.57 20.62 20.52 20.48 20.36 20.09 19.88 20.05 20.22 20.18 20.23 20.24 20.34 20.14 20.20 19.80 20.09 20.09 20.05 19.94 19.95 19.95 19.90 19.88 19.82 19.81 19.78 19.72 19.63 19.50 19.45 19.43 19.36 19.37 19.39 19.39 19.35 19.29 19.21 19.22 19.33 19.41 19.38 19.36 19.35 19.27 19.22 19.08 18.89 18.79 18.76 18.77 18.81 18.75 18.53 18.49 18.58 18.78 18.83 18.82 18.79 18.60 18.72 18.71 18.70 18.69 18.63 18.64 18.62 18.62 18.65 18.79 18.90 18.88
20.45 20.56 20.17 20.57 20.19 20.31 20.26 19.90 19.81 19.76 19.82 19.92 19.84 20.13 19.97 20.01 20.02 19.96 19.75 19.80 20.00 19.93 19.98 19.82 19.85 19.83 19.78 19.77 19.72 19.70 19.59 19.36 19.20 19.21 19.45 19.40 19.40 19.36 19.34 19.31 19.24 19.19 19.28 19.30 19.35 19.35 19.31 19.29 19.20 19.12 19.04 18.92 18.76 18.35 18.49 18.52 18.74 18.80 18.53 18.57 18.35 18.79 18.86 18.77 18.75 18.77 18.79 18.68 18.68 18.63 18.68 18.63 18.49 18.45 18.61 18.85 18.92
20.32 20.20 20.04 20.28 19.97 19.89 19.94 19.65 19.95 20.03 19.95 19.85 19.94 19.75 19.77 19.78 19.73 19.75 19.76 19.82 19.67 19.74 19.68 19.67 19.85 19.61 19.66 19.68 19.66 19.62 19.58 19.54 19.33 19.24 19.21 19.40 19.42 19.35 19.30 19.25 19.22 19.23 19.23 19.22 19.25 19.31 19.29 19.26 19.19 19.14 19.06 18.95 18.78 18.59 18.36 18.30 18.60 18.74 18.75 18.76 18.77 18.81 18.80 18.83 18.78 18.70 18.76 18.83 18.57 18.58 18.51 18.49 18.46 18.42 18.59 18.73 18.77
20.01 20.07 19.96 19.93 19.84 19.70 19.68 19.61 19.70 19.89 20.19 19.96 19.84 19.91 19.70 19.64 19.93 19.86 19.75 19.87 19.81 19.65 19.31 19.45 19.61 19.45 19.75 19.60 19.58 19.52 19.47 19.39 19.27 19.26 19.20 19.34 19.36 19.29 19.22 19.16 19.14 19.14 19.16 19.13 19.15 19.15 19.20 19.16 19.13 19.06 19.01 18.86 18.75 18.65 18.53 18.39 18.39 18.46 18.61 18.64 18.68 18.69 18.70 18.65 18.59 18.62 18.62 18.65 18.79 18.65 18.23 18.39 18.42 18.35 18.59 18.67 18.76
19.84 20.35 20.00 20.11 19.77 19.80 19.81 19.75 19.74 19.66 19.95 20.04 19.97 20.09 19.86 19.60 19.85 19.87 19.93 19.70 19.59 19.60 19.45 19.46 19.39 19.33 19.43 19.58 19.52 19.43 19.38 19.23 19.27 19.33 19.26 19.21 19.30 19.23 19.19 19.14 19.11 19.11 19.06 19.06 19.10 19.11 19.11 19.11 19.08 19.01 18.96 18.85 18.74 18.65 18.49 18.27 18.31 18.46 18.21 18.12 18.21 18.43 18.32 17.93 18.48 18.52 18.53 18.62 18.76 18.76 18.63 18.45 18.42 18.31 18.53 18.62 18.70
19.82 20.21 20.07 20.02 20.02 19.69 19.93 19.95 19.66 19.70 19.61 19.73 19.92 20.14 19.89 19.61 19.65 19.37 19.76 19.60 19.69 19.73 19.59 19.49 19.46 19.47 19.45 19.41 19.48 19.43 19.37 19.20 19.12 19.18 19.19 19.27 19.19 19.12 19.10 19.11 19.09 18.99 18.94 18.99 19.00 19.00 19.02 18.98 19.00 18.94 18.90 18.80 18.72 18.60 18.42 18.28 18.21 18.30 18.36 18.38 18.33 18.45 18.38 18.31 18.29 18.48 18.49 18.46 18.70 18.74 18.71 18.45 18.30 18.48 18.70 18.56 18.54
19.81 20.20 20.07 20.19 20.05 19.66 20.02 19.94 19.47 19.53 19.67 19.67 19.75 20.00 19.66 19.46 19.44 19.45 19.45 19.64 19.53 19.60 19.52 19.67 19.38 19.52 19.44 19.41 19.38 19.33 19.28 19.19 19.06 18.96 19.05 19.11 19.09 19.05 19.04 19.03 19.00 18.91 18.89 18.91 18.86 18.85 18.91 18.95 18.91 18.85 18.87 18.74 18.62 18.50 18.31 18.22 18.18 18.21 18.29 18.39 18.41 18.45 18.50 18.43 18.42 18.14 18.42 18.39 18.58 18.67 18.72 18.70 18.68 18.68 18.47 18.74 18.70
19.81 20.21 20.20 19.87 19.67 19.88 19.91 19.59 19.45 19.40 19.91 19.54 19.93 20.00 19.50 19.32 19.26 19.51 19.17 19.21 19.53 19.16 19.52 19.67 19.37 19.39 19.47 19.38 19.26 19.26 19.19 19.10 18.94 18.83 18.90 18.89 19.01 18.93 18.99 18.97 18.97 18.87 18.89 18.83 18.78 18.85 18.78 18.85 18.89 18.90 18.82 18.68 18.54 18.36 18.36 18.23 18.12 18.11 17.98 18.28 18.25 18.31 18.35 18.42 18.16 18.39 18.34 18.28 18.34 18.52 18.63 18.69 18.73 18.71 18.72 18.68 18.74
20.15 20.06 19.79 19.74 19.68 19.93 19.88 19.49 19.31 19.58 19.78 19.31 19.90 19.42 19.24 19.26 19.30 19.34 19.56 19.15 19.14 19.31 19.36 19.51 19.51 19.13 19.39 19.31 19.28 19.23 19.10 19.00 18.99 18.93 18.84 18.94 18.83 18.85 18.81 18.88 18.97 18.78 18.85 18.77 18.73 18.83 18.75 18.80 18.83 18.81 18.73 18.58 18.46 18.41 18.36 18.26 18.12 18.04 17.90 17.91 18.04 18.05 18.30 18.31 18.33 18.37 18.40 18.09 18.21 18.34 18.53 18.60 18.66 18.68 18.71 18.70 18.68
19.90 19.80 19.50 19.54 19.66 19.92 19.68 19.49 19.44 19.66 19.73 19.84 19.80 19.46 19.42 19.17 19.17 19.23 19.40 19.36 19.03 19.17 19.18 19.19 19.40 19.34 19.28 19.23 19.19 18.96 18.93 18.88 18.94 19.05 18.96 19.05 18.95 18.94 18.83 18.92 18.92 18.82 18.81 18.74 18.72 18.78 18.85 18.87 18.79 18.73 18.68 18.59 18.51 18.41 18.32 18.22 18.12 18.02 17.77 17.84 18.04 18.14 18.20 18.23 18.32 18.33 18.37 18.25 18.15 18.33 18.39 18.46 18.58 18.55 18.64 18.70 18.72
19.86 19.69 19.34 19.36 19.77 19.88 19.57 19.44 19.36 19.33 19.37 19.46 19.68 19.63 19.30 19.11 19.50 18.98 19.54 19.23 18.96 18.99 18.82 18.92 19.11 19.25 19.20 19.13 18.91 18.89 18.87 18.75 18.77 18.99 19.11 19.09 19.03 18.89 18.78 18.69 18.88 18.66 18.55 18.71 18.74 18.76 18.86 18.75 18.70 18.59 18.61 18.53 18.44 18.33 18.22 18.18 18.08 18.00 17.91 17.69 17.94 18.04 18.23 18.24 18.21 18.19 18.31 18.40 18.37 18.24 18.04 18.32 18.44 18.49 18.54 18.57 18.65
19.72 19.70 19.44 19.36 19.67 19.59 19.42 19.14 19.37 19.19 19.38 19.63 19.69 19.33 19.04 18.94 19.19 19.31 19.30 18.95 18.97 19.17 18.84 18.93 19.09 19.06 19.07 19.09 18.87 18.85 18.88 18.65 18.83 18.98 18.97 19.05 18.94 18.86 18.61 18.71 18.81 18.55 18.64 18.69 18.72 18.77 18.74 18.65 18.44 18.42 18.34 18.34 18.30 18.26 18.15 18.03 17.94 17.89 17.82 17.82 17.98 18.05 18.15 18.18 18.27 18.49 18.47 18.41 18.42 18.33 18.08 18.26 18.38 18.43 18.49 18.48 18.53
19.58 19.61 19.58 19.61 19.72 19.53 19.37 19.13 19.09 19.53 19.37 19.59 19.21 19.10 19.06 18.85 18.97 19.07 19.32 18.93 18.80 19.06 18.93 18.88 18.84 19.00 18.99 18.99 18.99 18.81 18.84 18.86 18.77 18.93 18.86 18.82 18.63 18.61 18.71 18.65 18.65 18.62 18.70 18.69 18.71 18.71 18.62 18.37 18.32 18.34 18.25 18.21 18.18 18.13 18.07 17.94 17.87 17.86 17.76 17.77 17.93 18.03 18.04 18.10 18.15 18.29 18.39 18.47 18.46 18.42 18.09 18.23 18.33 18.42 18.44 18.44 18.41
19.43 19.48 19.47 19.56 19.52 19.50 19.18 19.36 19.09 19.39 19.43 19.34 19.04 18.93 19.09 18.96 19.00 19.12 19.21 18.91 18.97 19.09 19.01 18.99 18.92 18.89 18.94 18.93 18.85 18.83 18.81 18.70 18.69 18.70 18.59 18.55 18.48 18.57 18.60 18.61 18.64 18.64 18.57 18.58 18.63 18.65 18.62 18.52 18.45 18.42 18.27 18.20 18.17 18.13 18.07 17.91 17.84 17.74 17.62 17.60 17.63 17.90 17.93 17.96 18.02 18.16 18.21 18.31 18.34 18.37 18.41 18.38 18.39 18.44 18.38 18.41 18.39
19.36 19.34 19.35 19.42 19.42 19.11 19.22 19.39 19.16 19.42 19.39 19.05 18.80 18.79 19.13 19.09 18.99 19.15 19.22 18.91 19.07 19.16 19.17 19.05 19.01 18.92 18.88 18.80 18.74 18.72 18.70 18.59 18.54 18.51 18.45 18.47 18.45 18.40 18.53 18.56 18.51 18.51 18.45 18.59 18.48 18.56 18.60 18.55 18.51 18.45 18.38 18.29 18.19 18.05 18.02 17.95 17.84 17.70 17.58 17.76 17.84 17.83 17.86 17.89 17.96 17.96 18.05 18.16 18.18 18.25 18.20 17.83 18.31 18.35 18.37 18.38 18.44
19.30 19.24 19.18 19.20 19.28 18.96 19.12 19.19 19.30 19.28 19.15 18.86 18.69 18.85 18.97 19.11 18.89 19.16 19.25 19.23 19.17 19.09 19.04 18.96 18.95 18.80 18.73 18.57 18.67 18.55 18.46 18.41 18.39 18.39 18.41 18.40 18.45 18.50 18.41 18.50 18.46 18.43 18.42 18.44 18.50 18.52 18.53 18.49 18.45 18.35 18.39 18.30 18.19 18.13 18.00 17.88 17.82 17.72 17.65 17.81 17.81 17.84 17.76 17.84 17.89 17.92 17.98 18.02 18.04 17.93 17.95 18.07 18.20 18.22 18.22 18.27 18.28
19.06 19.13 19.18 19.02 19.18 19.00 18.97 19.29 19.25 19.16 18.77 18.78 18.84 18.81 19.02 19.26 19.28 19.19 19.18 19.11 19.06 18.97 18.82 18.71 18.84 18.70 18.72 18.49 18.41 18.55 18.36 18.36 18.31 18.35 18.38 18.26 18.49 18.42 18.40 18.47 18.33 18.35 18.28 18.32 18.35 18.46 18.46 18.41 18.36 18.34 18.31 18.15 18.09 18.05 17.92 17.85 17.70 17.64 17.58 17.73 17.77 17.77 17.80 17.83 17.86 17.86 17.88 17.86 17.82 17.93 17.85 17.98 18.09 18.08 18.24 18.06 18.13
19.10 19.05 19.07 19.09 19.07 19.11 18.93 19.11 19.06 18.87 19.03 19.00 18.80 19.11 19.15 19.14 19.14 19.15 19.11 18.96 18.79 18.77 18.59 18.53 18.52 18.61 18.51 18.51 18.25 18.30 18.32 18.34 18.35 18.30 18.42 18.41 18.38 18.42 18.33 18.39 18.28 18.34 18.33 18.29 18.36 18.40 18.38 18.38 18.32 18.21 18.25 18.13 18.02 17.97 17.84 17.73 17.64 17.61 17.58 17.64 17.65 17.69 17.61 17.71 17.74 17.75 17.74 17.79 17.87 17.91 17.96 18.02 18.00 18.11 18.15 17.96 17.95
19.06 19.01 19.05 19.08 19.02 18.98 18.99 19.00 19.04 18.92 19.04 19.04 19.02 19.16 19.05 18.99 18.95 18.93 18.90 18.91 18.70 18.55 18.49 18.24 18.33 18.32 18.24 18.21 18.25 18.36 18.40 18.34 18.41 18.49 18.42 18.40 18.35 18.29 18.29 18.27 18.27 18.19 18.19 18.30 18.26 18.34 18.43 18.36 18.35 18.22 18.14 17.96 17.88 17.81 17.77 17.70 17.61 17.62 17.50 17.48 17.29 17.25 17.41 17.42 17.54 17.58 17.72 17.78 17.84 17.91 17.95 17.99 18.04 18.00 17.98 17.77 17.74
18.86 18.71 18.90 18.66 18.91 18.88 18.90 18.84 18.83 18.97 19.00 18.88 19.03 18.94 18.90 18.85 18.82 18.73 18.71 18.78 18.71 18.55 18.42 18.25 18.17 18.10 18.14 18.15 18.27 18.28 18.33 18.51 18.43 18.38 18.36 18.27 18.32 18.28 18.22 18.27 18.35 18.24 18.19 18.19 18.34 18.30 18.28 18.23 18.24 18.15 18.08 17.88 17.82 17.77 17.74 17.69 17.62 17.63 17.55 17.52 17.42 17.23 17.31 17.40 17.41 17.60 17.67 17.76 17.85 17.89 17.91 17.97 17.99 18.01 17.98 17.97 17.95
18.71 18.72 18.83 18.82 18.85 18.77 18.76 18.72 18.77 18.81 18.81 18.70 18.86 18.77 18.91 18.69 18.72 18.68 18.42 18.61 18.56 18.47 18.38 18.24 18.10 18.16 18.09 18.16 18.22 18.27 18.33 18.46 18.43 18.35 18.34 18.29 18.18 18.19 18.40 18.29 18.31 18.31 18.17 18.20 18.17 18.32 18.29 18.24 18.19 18.08 17.98 17.83 17.81 17.79 17.69 17.59 17.60 17.65 17.59 17.52 17.45 17.35 17.31 17.37 17.28 17.43 17.58 17.62 17.79 17.84 17.88 17.92 17.99 18.02 18.08 18.07 18.05
