main/data/temperature/19.08.2023.grid
ncols 886
nrows 691
xllcenter 112.0000
yllcenter -44.5000
cellsize 0.0500
nodata_value 99999.90
[rows 102 to 135 of 691, columns 385 to 461 of 886]
33.26 32.97 33.39 33.65 33.62 33.62 33.71 33.69 33.55 33.24 33.40 33.28 32.85 33.02 32.87 32.76 32.75 32.74 32.77 32.75 32.85 32.93 33.09 33.27 33.16 33.00 32.91 32.95 32.90 32.92 32.90 32.88 32.80 32.73 32.73 32.78 32.95 32.98 32.98 32.98 32.91 32.87 32.70 32.61 32.80 32.91 32.92 32.82 32.91 32.79 32.69 32.46 32.48 32.26 32.56 32.45 32.32 32.65 32.71 32.65 32.67 32.26 32.51 32.42 32.44 32.07 32.10 31.97 32.08 32.05 32.01 31.63 31.74 31.91 31.85 31.78 31.74
33.13 33.06 33.23 33.46 33.70 33.68 33.61 33.60 33.27 33.20 33.32 33.31 33.17 33.11 32.81 32.82 32.80 32.78 32.82 32.84 32.90 33.12 33.21 33.09 33.01 32.92 32.96 32.91 32.86 32.87 32.87 32.88 32.83 32.86 32.74 32.83 32.89 32.74 32.79 32.83 32.82 32.73 32.65 32.59 32.65 32.75 32.83 32.47 32.82 32.74 32.51 32.46 32.26 32.32 32.57 32.69 32.73 32.62 32.61 32.30 32.32 32.33 32.42 32.25 32.33 31.95 32.01 31.83 32.02 31.99 31.74 31.93 31.95 31.73 31.75 31.78 31.86
32.89 33.13 33.18 33.60 33.48 33.40 33.55 33.47 33.27 33.02 32.98 33.15 33.10 33.14 32.97 32.97 32.88 32.89 32.84 32.92 33.01 33.15 33.08 32.93 32.93 32.92 32.91 32.86 32.85 32.85 32.84 32.80 32.92 32.85 32.86 32.92 32.79 32.61 32.57 32.58 32.66 32.63 32.60 32.53 32.53 32.60 32.73 32.44 32.70 32.64 32.29 32.36 32.53 32.47 32.25 32.70 32.76 32.77 32.62 32.23 32.37 31.95 32.31 32.36 32.35 32.14 32.16 31.97 31.88 31.99 31.71 31.90 31.86 31.71 31.79 31.89 31.75
33.13 33.14 33.24 33.24 33.10 33.32 33.39 33.24 33.19 33.01 33.14 32.92 33.01 32.97 33.01 32.99 33.02 33.00 33.01 33.02 33.13 33.00 32.97 32.88 32.85 32.87 32.82 32.74 32.78 32.75 32.75 32.70 32.72 32.84 32.86 32.85 32.58 32.59 32.55 32.53 32.61 32.57 32.47 32.52 32.55 32.63 32.56 32.58 32.72 32.34 32.44 32.20 32.49 32.65 32.67 32.75 32.71 32.75 32.50 32.50 32.42 31.99 32.07 32.28 32.28 32.19 32.02 31.94 31.96 31.85 31.66 31.76 31.71 31.84 31.89 31.82 31.48
33.06 32.93 33.10 33.20 33.28 33.34 33.31 32.85 32.47 32.92 32.83 32.79 32.87 32.90 32.93 32.94 32.98 33.04 33.06 33.05 32.91 32.91 32.84 32.77 32.81 32.84 32.78 32.68 32.70 32.69 32.70 32.63 32.72 32.80 32.70 32.80 32.55 32.50 32.50 32.47 32.46 32.42 32.44 32.43 32.43 32.56 32.37 32.33 32.61 32.35 32.21 32.06 32.17 32.67 32.57 32.62 32.46 32.59 32.58 32.35 32.03 31.78 31.92 32.02 32.14 31.99 31.79 31.76 31.89 31.92 31.88 31.91 31.61 31.74 31.79 31.73 31.89
32.80 32.92 33.01 33.09 33.26 33.17 33.05 32.87 32.63 32.77 32.60 32.76 32.77 32.79 32.83 32.91 32.93 32.93 32.97 32.92 32.85 32.83 32.80 32.77 32.75 32.74 32.73 32.69 32.66 32.57 32.63 32.60 32.64 32.71 32.55 32.62 32.69 32.51 32.47 32.45 32.41 32.40 32.39 32.40 32.44 32.38 32.36 32.34 32.49 32.19 32.14 32.28 32.04 32.04 32.24 32.36 32.55 32.51 32.58 32.30 32.40 32.28 32.12 31.87 32.11 31.81 31.94 31.81 31.66 31.84 31.86 31.96 31.93 31.95 31.96 31.81 31.92
32.42 32.95 33.08 33.10 33.05 33.10 32.74 32.82 32.58 32.48 32.63 32.59 32.72 32.75 32.74 32.78 32.85 32.87 32.90 32.85 32.82 32.78 32.75 32.73 32.73 32.66 32.65 32.63 32.61 32.62 32.58 32.56 32.55 32.57 32.54 32.47 32.47 32.59 32.45 32.39 32.36 32.34 32.33 32.29 32.38 32.29 32.34 32.46 32.47 32.37 31.99 32.00 31.89 32.08 32.03 32.03 32.42 32.01 32.38 32.41 32.11 31.82 31.80 31.67 31.86 32.00 31.76 31.71 31.62 31.60 31.64 31.78 31.75 31.82 31.93 31.94 31.93
33.49 32.58 32.80 32.75 32.81 32.95 32.89 32.65 32.45 32.47 32.56 32.52 32.50 32.56 32.63 32.71 32.76 32.80 32.83 32.75 32.78 32.71 32.71 32.68 32.66 32.62 32.60 32.64 32.68 32.57 32.55 32.59 32.58 32.52 32.38 32.42 32.48 32.56 32.44 32.34 32.35 32.27 32.24 32.25 32.42 32.19 32.15 32.30 32.30 32.03 32.24 32.17 31.93 31.81 32.03 32.04 32.15 32.03 32.09 32.19 31.77 31.69 31.66 31.68 31.63 31.61 31.54 31.68 31.60 31.70 31.58 31.65 31.74 31.68 31.78 31.82 31.64
33.09 32.95 33.06 32.76 33.07 33.00 32.65 32.63 32.33 32.40 32.25 32.22 32.25 32.48 32.53 32.53 32.62 32.70 32.68 32.68 32.68 32.67 32.65 32.62 32.60 32.58 32.56 32.54 32.53 32.59 32.61 32.53 32.46 32.44 32.26 32.19 32.28 32.47 32.40 32.20 32.26 32.24 32.26 32.20 32.29 32.27 32.10 32.20 32.28 32.03 31.84 32.15 31.74 31.82 31.95 32.01 32.00 32.14 31.73 31.77 31.78 31.75 31.60 31.50 31.35 31.55 31.53 31.49 31.54 31.50 31.38 31.53 31.34 31.31 31.58 31.85 31.86
33.09 33.31 32.16 33.28 32.88 32.98 32.59 32.20 32.34 32.32 32.21 32.27 32.41 32.44 32.31 32.42 32.48 32.64 32.57 32.60 32.60 32.57 32.56 32.55 32.53 32.54 32.55 32.52 32.49 32.47 32.46 32.44 32.45 32.43 32.37 32.21 32.25 32.39 32.46 32.22 32.31 32.20 32.21 32.21 32.19 32.17 32.12 32.29 32.17 32.01 31.86 32.05 31.94 31.71 31.81 31.92 32.05 32.18 31.79 31.63 31.64 31.69 31.57 31.48 31.45 31.41 31.40 31.50 31.46 31.47 31.37 31.49 31.52 31.38 31.66 31.62 31.87
33.75 32.95 33.45 33.43 32.93 33.27 33.02 32.49 32.11 32.18 32.15 32.17 32.18 32.44 32.23 32.39 32.54 32.48 32.39 32.53 32.51 32.47 32.47 32.46 32.47 32.45 32.47 32.46 32.44 32.39 32.38 32.38 32.37 32.36 32.29 32.14 32.13 32.26 32.37 32.38 32.26 32.20 32.19 32.18 32.17 32.10 32.08 32.18 32.07 31.92 31.79 31.71 31.80 31.57 31.65 31.74 31.97 32.01 31.75 31.45 31.60 31.58 31.39 31.44 31.30 31.27 31.44 31.42 31.45 31.32 31.38 31.50 31.43 31.54 31.50 31.65 31.77
33.58 33.20 33.53 33.37 33.00 32.92 32.98 33.04 32.74 32.12 32.15 32.21 32.24 32.24 32.28 32.39 32.39 32.34 32.35 32.37 32.43 32.40 32.37 32.35 32.35 32.37 32.37 32.35 32.33 32.34 32.29 32.25 32.26 32.26 32.26 32.25 32.14 32.15 32.27 32.23 32.33 32.24 32.15 32.17 32.12 32.08 32.18 32.12 31.99 31.78 31.77 31.61 31.65 31.44 31.63 31.75 31.76 32.04 31.71 31.43 31.59 31.44 31.45 31.30 31.40 31.30 31.21 31.23 31.15 31.28 31.28 31.38 31.47 31.57 31.73 31.86 31.48
33.41 33.60 33.49 33.47 33.33 32.96 33.25 33.06 32.93 32.10 32.04 32.05 32.20 32.15 32.20 32.30 32.28 32.29 32.29 32.31 32.34 32.31 32.28 32.26 32.26 32.30 32.29 32.27 32.22 32.22 32.19 32.20 32.19 32.20 32.20 32.19 32.16 32.20 32.23 32.21 32.25 32.26 32.17 32.14 32.09 32.11 32.04 32.14 31.94 31.82 31.61 31.44 31.38 31.41 31.70 31.76 31.96 31.80 31.64 31.46 31.39 31.36 31.28 31.32 31.34 31.28 31.15 31.01 31.13 31.11 31.14 31.21 31.29 31.54 31.55 31.65 31.61
33.21 33.01 33.34 33.16 33.22 33.09 33.11 32.67 32.36 32.03 32.11 32.09 32.17 32.15 32.18 32.24 32.23 32.18 32.16 32.21 32.19 32.20 32.19 32.16 32.18 32.20 32.20 32.13 32.14 32.11 32.11 32.12 32.13 32.15 32.16 32.17 32.21 32.20 32.21 32.19 32.18 32.18 32.19 32.09 32.06 32.04 31.98 31.98 31.90 31.78 31.61 31.56 31.36 31.64 31.52 31.71 31.72 31.76 31.69 31.37 31.22 31.04 31.25 31.12 31.14 31.23 31.20 31.14 30.96 31.01 31.17 31.28 31.34 31.57 31.57 31.78 31.76
32.58 32.89 33.06 33.00 33.12 32.68 32.54 32.96 32.58 32.38 32.30 32.21 32.10 32.12 32.18 32.12 32.15 32.08 32.07 32.13 32.10 32.11 32.10 32.08 32.06 32.09 32.06 32.05 32.07 32.03 32.02 32.05 32.09 32.10 32.11 32.17 32.19 32.17 32.19 32.19 32.20 32.11 32.11 32.07 32.01 31.98 31.92 31.94 31.86 31.81 31.70 31.53 31.31 31.43 31.61 31.57 31.58 31.67 31.67 31.45 31.27 31.05 31.13 30.99 31.13 31.07 30.97 31.22 30.94 31.01 31.19 31.35 31.46 31.52 31.72 31.81 31.75
32.43 32.85 32.71 32.77 32.81 32.68 32.49 32.61 32.53 32.43 32.25 32.20 32.09 32.03 32.02 32.04 32.04 31.96 31.96 31.95 31.96 32.03 31.91 31.95 31.98 31.95 31.95 31.95 31.95 31.93 31.94 32.00 32.02 32.07 32.09 32.12 32.13 32.12 32.12 32.11 32.14 32.05 32.01 32.01 31.97 31.94 31.91 31.93 31.82 31.69 31.67 31.59 31.39 31.24 31.26 31.58 31.60 31.64 31.51 31.39 31.27 30.92 31.02 30.88 30.95 30.94 31.02 31.02 30.92 31.18 31.17 31.40 31.49 31.55 31.66 31.75 31.64
33.03 33.02 32.89 32.68 32.34 32.21 32.35 32.39 32.39 32.35 32.28 32.10 31.99 31.86 31.83 31.88 31.86 31.85 31.86 31.83 31.83 31.85 31.78 31.88 31.86 31.83 31.84 31.82 31.84 31.89 31.93 31.95 31.97 32.01 32.05 32.07 32.08 32.06 32.06 32.05 32.05 31.99 31.93 31.95 31.89 31.89 31.84 31.77 31.69 31.70 31.57 31.48 31.28 31.31 31.44 31.54 31.62 31.51 31.51 31.32 31.06 30.60 30.74 30.71 30.84 30.88 30.95 30.91 30.98 31.23 31.40 31.23 31.60 31.46 31.66 31.57 31.61
32.99 32.92 32.63 32.53 32.25 32.38 32.22 32.22 32.25 32.33 32.22 32.14 32.05 31.89 31.74 31.83 31.75 31.70 31.74 31.75 31.77 31.76 31.76 31.78 31.76 31.73 31.72 31.77 31.78 31.86 31.89 31.87 31.93 31.97 31.98 31.99 32.05 32.04 31.99 31.99 31.97 31.90 31.89 31.88 31.85 31.81 31.75 31.67 31.69 31.59 31.48 31.34 31.28 31.44 31.55 31.58 31.51 31.32 31.36 31.30 30.98 30.60 30.71 30.70 30.80 30.88 30.91 30.78 30.89 31.07 31.51 31.21 31.19 31.28 31.54 31.51 31.04
32.94 32.87 32.83 32.62 32.79 32.31 32.37 32.32 32.31 32.43 32.31 32.13 32.00 31.80 31.64 31.62 31.64 31.56 31.61 31.65 31.64 31.66 31.66 31.69 31.69 31.67 31.69 31.70 31.70 31.75 31.73 31.75 31.83 31.86 31.91 31.91 31.93 31.93 31.89 31.89 31.87 31.83 31.82 31.79 31.76 31.73 31.67 31.58 31.57 31.48 31.41 31.22 31.10 31.44 31.52 31.41 31.39 31.32 31.08 31.25 31.06 30.90 30.61 30.64 30.78 30.93 30.83 30.87 31.10 31.18 31.05 31.03 31.13 31.15 31.45 31.14 31.01
33.07 32.84 32.86 32.65 32.55 32.51 32.58 32.59 32.51 32.10 32.24 31.90 31.80 31.66 31.50 31.57 31.56 31.39 31.48 31.54 31.55 31.58 31.61 31.58 31.59 31.63 31.60 31.61 31.63 31.61 31.66 31.68 31.72 31.77 31.80 31.85 31.85 31.83 31.81 31.79 31.76 31.77 31.74 31.71 31.71 31.68 31.60 31.51 31.39 31.30 31.20 31.10 31.30 31.45 31.41 31.28 30.87 31.16 30.93 30.85 30.57 30.65 30.74 30.68 30.84 30.76 30.68 30.83 31.11 31.27 30.58 31.08 30.81 31.24 31.23 30.87 31.05
32.94 32.93 32.49 32.41 32.38 32.53 32.55 32.30 32.32 32.24 32.03 31.73 31.62 31.56 31.46 31.45 31.32 31.34 31.39 31.39 31.41 31.46 31.50 31.45 31.48 31.52 31.51 31.49 31.40 31.54 31.55 31.48 31.59 31.69 31.73 31.72 31.76 31.76 31.74 31.71 31.68 31.65 31.67 31.65 31.64 31.60 31.54 31.46 31.32 31.16 30.87 31.11 31.31 31.27 31.22 31.16 30.88 30.59 30.71 30.42 30.46 30.53 30.56 30.67 30.73 30.72 30.67 30.87 31.03 31.11 31.17 30.89 31.03 30.57 30.94 30.72 30.84
32.96 32.92 32.88 32.58 32.73 32.45 32.18 32.44 32.29 32.12 31.92 31.72 31.61 31.65 31.44 31.40 31.36 31.30 31.30 31.30 31.32 31.33 31.34 31.32 31.31 31.39 31.37 31.38 31.26 31.38 31.39 31.39 31.51 31.59 31.63 31.65 31.66 31.66 31.64 31.61 31.61 31.58 31.58 31.55 31.55 31.50 31.45 31.27 31.32 31.05 30.89 30.95 31.01 30.91 30.90 30.52 30.57 30.53 30.60 30.43 30.55 30.59 30.70 30.66 30.61 30.52 30.63 30.66 30.92 30.98 30.92 31.01 30.93 30.72 30.68 30.58 30.79
32.87 32.85 32.72 32.34 32.20 32.25 32.06 31.99 32.14 31.86 31.76 31.83 31.69 31.66 31.48 31.43 31.29 31.19 31.23 31.27 31.29 31.22 31.20 31.27 31.21 31.26 31.26 31.27 31.20 31.22 31.25 31.31 31.42 31.51 31.52 31.55 31.57 31.55 31.50 31.49 31.47 31.48 31.52 31.49 31.39 31.33 31.28 31.25 31.16 30.96 30.87 30.95 30.90 30.71 30.69 30.62 30.53 30.52 30.53 30.51 30.58 30.61 30.58 30.58 30.44 30.44 30.42 30.44 30.77 30.90 30.84 30.84 30.89 30.74 30.41 30.38 30.78
32.68 32.62 32.18 32.55 32.36 32.13 32.06 31.87 31.82 31.66 31.80 31.67 31.52 31.43 31.36 31.33 31.22 31.07 31.16 31.19 31.19 31.07 31.05 31.15 31.01 31.04 31.09 31.12 31.00 31.06 31.20 31.21 31.26 31.42 31.44 31.44 31.46 31.43 31.47 31.32 31.22 31.27 31.39 31.40 31.29 31.21 31.14 31.07 30.95 30.91 30.91 30.92 30.91 30.86 30.75 30.67 30.50 30.50 30.58 30.55 30.47 30.47 30.41 30.40 30.42 30.18 30.27 30.44 30.75 30.78 30.73 30.75 30.82 30.75 30.63 30.62 30.71
32.44 32.39 32.01 32.50 32.35 31.52 32.17 31.99 31.93 31.72 31.77 31.63 31.56 31.44 31.35 31.25 31.25 31.20 31.13 31.11 31.01 30.95 31.09 31.04 30.94 30.98 30.99 31.00 30.85 31.03 31.14 31.23 31.30 31.31 31.29 31.34 31.33 31.30 31.25 31.05 31.11 31.25 31.24 31.24 31.13 30.95 30.77 30.81 30.85 30.88 30.88 30.80 30.75 30.71 30.67 30.54 30.40 30.34 30.42 30.27 30.24 30.29 30.24 30.17 30.20 30.25 30.09 30.55 30.66 30.45 30.59 30.69 30.47 30.66 30.63 30.61 30.76
32.54 32.36 32.16 32.27 32.31 32.21 31.93 32.01 31.71 31.81 31.54 31.42 31.39 31.36 31.19 31.22 31.22 31.20 31.11 31.04 30.88 30.84 30.87 30.86 30.76 30.79 30.81 30.76 30.74 30.82 31.04 31.13 31.13 31.17 31.21 31.22 31.21 31.16 31.14 31.01 30.93 31.01 31.08 31.03 30.92 30.69 30.83 30.80 30.83 30.84 30.75 30.60 30.52 30.42 30.40 30.26 30.18 30.12 30.20 30.08 30.03 30.14 30.13 30.00 30.04 30.17 30.00 30.48 30.49 30.22 30.52 30.58 30.38 30.59 30.60 30.63 30.66
32.09 32.19 32.13 32.08 32.18 32.06 31.83 31.83 31.73 31.69 31.46 31.42 31.24 31.19 31.24 31.29 31.23 31.16 31.02 30.93 30.83 30.64 30.64 30.64 30.59 30.61 30.61 30.67 30.59 30.80 30.87 31.00 31.01 31.08 31.09 31.14 31.07 30.91 30.86 30.83 30.76 30.86 30.90 30.84 30.79 30.75 30.79 30.78 30.74 30.66 30.55 30.38 30.30 30.24 30.14 30.12 30.08 29.99 29.95 29.92 29.84 30.05 29.84 29.94 29.94 30.08 29.92 30.01 30.00 30.42 30.46 30.43 29.94 30.41 30.43 30.61 30.69
31.98 32.04 31.82 32.09 32.03 31.63 31.56 31.62 31.79 31.61 31.42 31.33 31.31 31.17 31.28 31.19 31.12 31.05 30.90 30.73 30.58 30.54 30.51 30.46 30.45 30.57 30.51 30.55 30.55 30.62 30.75 30.72 30.86 30.86 30.98 30.96 30.93 30.86 30.71 30.67 30.64 30.68 30.70 30.60 30.57 30.67 30.68 30.64 30.56 30.46 30.37 30.29 30.23 30.12 30.13 30.09 30.01 29.93 29.79 29.70 29.69 29.71 29.75 29.73 29.81 29.84 29.84 29.90 30.07 30.30 30.02 29.97 29.97 30.05 30.37 30.47 30.67
32.03 31.98 31.79 31.76 31.73 31.35 31.73 31.69 31.55 31.57 31.49 31.40 31.21 31.19 31.18 31.03 31.01 30.83 30.76 30.33 30.39 30.49 30.44 30.33 30.38 30.49 30.49 30.41 30.46 30.51 30.53 30.51 30.68 30.68 30.77 30.85 30.82 30.78 30.68 30.57 30.52 30.48 30.46 30.37 30.44 30.55 30.59 30.55 30.47 30.36 30.33 30.20 30.18 30.16 30.14 30.07 29.92 29.88 29.66 29.69 29.71 29.57 29.61 29.70 29.81 29.81 29.85 29.97 29.77 29.94 30.05 30.02 30.10 30.28 30.35 30.45 30.50
31.99 31.45 31.52 31.27 31.38 31.39 31.67 31.75 31.49 31.26 31.22 31.18 31.18 31.26 31.08 31.10 30.95 30.74 30.52 30.27 30.34 30.41 30.41 30.33 30.30 30.42 30.38 30.32 30.28 30.31 30.33 30.33 30.43 30.53 30.49 30.63 30.63 30.60 30.57 30.44 30.33 30.27 30.20 30.32 30.36 30.42 30.47 30.43 30.36 30.31 30.25 30.08 30.05 30.05 30.07 29.96 29.89 29.72 29.64 29.71 29.74 29.54 29.64 29.55 29.71 29.72 29.71 29.90 29.77 29.80 29.77 30.06 30.12 30.22 30.32 30.35 30.37
31.96 31.60 31.50 31.68 31.23 31.57 31.79 31.67 31.62 31.52 31.41 31.33 31.27 31.09 30.98 30.82 30.72 30.56 30.50 30.20 30.24 30.33 30.35 30.23 30.22 30.31 30.27 30.25 30.19 30.14 30.26 30.31 30.34 30.37 30.36 30.39 30.43 30.46 30.26 30.20 30.18 30.13 30.15 30.18 30.24 30.30 30.31 30.25 30.18 30.09 29.98 29.87 29.93 29.90 29.94 29.83 29.72 29.58 29.62 29.62 29.69 29.69 29.65 29.54 29.64 29.62 29.62 29.76 29.88 29.74 29.83 29.90 30.05 30.22 30.32 30.38 30.42
31.98 31.90 31.70 31.50 31.49 31.71 31.58 31.35 31.28 31.18 31.25 31.10 31.03 31.00 30.91 30.82 30.64 30.56 30.25 30.21 30.21 30.32 30.33 30.17 30.10 30.13 30.21 30.13 30.11 30.10 30.13 30.22 30.29 30.23 30.20 30.21 30.31 30.26 30.08 30.16 30.07 30.12 30.14 30.09 30.14 30.15 30.14 30.07 29.96 29.86 29.77 29.74 29.76 29.79 29.81 29.70 29.64 29.59 29.63 29.68 29.68 29.54 29.50 29.51 29.56 29.51 29.58 29.63 29.78 29.76 29.77 29.86 30.06 30.06 30.23 30.31 30.39
31.92 31.70 31.81 31.79 31.63 31.72 31.25 31.34 31.03 31.19 30.98 31.01 30.85 30.85 30.77 30.71 30.73 30.41 30.23 30.15 30.16 30.30 30.14 30.08 30.04 30.04 30.12 29.96 30.00 30.04 30.05 30.10 30.14 30.21 30.18 30.21 30.19 30.16 30.04 30.09 29.89 29.97 30.06 30.01 29.95 29.99 29.94 29.88 29.79 29.66 29.60 29.59 29.62 29.71 29.63 29.59 29.58 29.62 29.65 29.57 29.55 29.45 29.44 29.49 29.51 29.56 29.54 29.65 29.75 29.74 29.75 29.83 29.80 29.82 29.85 30.16 30.24
31.77 31.87 31.85 31.82 31.74 31.55 31.24 31.11 30.99 30.87 30.84 30.82 30.72 30.68 30.58 30.50 30.35 30.18 30.13 30.08 30.13 30.20 30.00 29.99 29.94 29.94 30.05 29.95 30.01 30.02 30.01 29.94 29.94 30.02 30.07 30.10 30.04 30.02 29.99 29.94 29.80 29.80 29.87 29.85 29.78 29.73 29.70 29.61 29.57 29.47 29.43 29.44 29.55 29.57 29.49 29.50 29.56 29.55 29.43 29.31 29.30 29.34 29.46 29.53 29.49 29.53 29.56 29.62 29.71 29.72 29.72 29.68 29.72 29.71 29.66 29.88 29.74
