main/data/temperature/19.08.2023.grid
ncols 886
nrows 691
xllcenter 112.0000
yllcenter -44.5000
cellsize 0.0500
nodata_value 99999.90
[rows 204 to 237 of 691, columns 0 to 76 of 886]
26.00 25.99 25.99 25.97 25.96 25.96 25.95 25.94 25.94 25.93 25.92 25.90 25.90 25.88 25.88 25.86 25.85 25.84 25.83 25.82 25.81 25.80 25.80 25.79 25.79 25.78 25.78 25.77 25.77 25.77 25.77 25.77 25.77 25.79 25.79 25.79 25.80 25.81 25.81 25.82 25.83 25.83 25.84 25.85 25.86 25.86 25.84 25.85 25.83 25.81 25.78 25.75 25.71 25.66 25.59 25.51 25.43 25.33 25.23 25.13 25.04 25.02 25.05 25.11 25.17 25.24 25.32 25.39 25.48 25.56 25.65 25.73 25.82 25.92 26.00 26.10 26.18
26.03 26.02 26.01 26.02 26.01 26.00 25.99 25.99 25.98 25.97 25.96 25.95 25.94 25.93 25.92 25.90 25.89 25.88 25.87 25.86 25.86 25.85 25.84 25.84 25.83 25.82 25.82 25.82 25.82 25.82 25.82 25.82 25.82 25.82 25.83 25.83 25.84 25.85 25.85 25.86 25.86 25.87 25.88 25.88 25.89 25.88 25.88 25.86 25.84 25.81 25.77 25.73 25.67 25.61 25.52 25.43 25.32 25.21 25.09 25.00 24.98 25.01 25.08 25.14 25.20 25.28 25.36 25.44 25.51 25.60 25.69 25.79 25.88 25.98 26.08 26.17 26.27
26.06 26.06 26.06 26.05 26.04 26.04 26.04 26.03 26.02 26.02 26.01 25.99 25.99 25.97 25.96 25.95 25.93 25.93 25.91 25.91 25.91 25.89 25.89 25.88 25.87 25.87 25.87 25.87 25.86 25.86 25.86 25.86 25.86 25.87 25.87 25.88 25.88 25.88 25.89 25.89 25.90 25.91 25.91 25.92 25.90 25.91 25.90 25.88 25.85 25.81 25.77 25.71 25.64 25.55 25.45 25.34 25.22 25.07 24.98 24.96 25.00 25.05 25.12 25.18 25.25 25.32 25.40 25.47 25.56 25.65 25.74 25.84 25.95 26.05 26.15 26.25 26.35
26.10 26.09 26.09 26.10 26.09 26.08 26.08 26.08 26.07 26.06 26.05 26.05 26.03 26.02 26.01 25.99 25.99 25.97 25.96 25.95 25.94 25.94 25.93 25.92 25.92 25.91 25.91 25.90 25.90 25.90 25.90 25.90 25.90 25.90 25.91 25.91 25.91 25.92 25.93 25.93 25.94 25.94 25.95 25.95 25.93 25.93 25.91 25.89 25.85 25.81 25.75 25.69 25.60 25.50 25.39 25.24 25.10 24.98 24.95 24.99 25.04 25.09 25.16 25.22 25.29 25.36 25.44 25.52 25.61 25.70 25.81 25.90 26.01 26.11 26.23 26.33 26.45
26.13 26.13 26.14 26.13 26.13 26.12 26.13 26.12 26.11 26.11 26.10 26.09 26.08 26.06 26.05 26.04 26.03 26.02 26.00 26.00 25.99 25.98 25.98 25.97 25.96 25.96 25.95 25.95 25.95 25.95 25.95 25.95 25.95 25.95 25.95 25.96 25.96 25.97 25.96 25.97 25.98 25.98 25.98 25.97 25.96 25.95 25.93 25.90 25.86 25.81 25.74 25.66 25.56 25.45 25.30 25.15 25.01 24.96 24.99 25.03 25.09 25.14 25.20 25.27 25.34 25.41 25.49 25.57 25.67 25.76 25.86 25.97 26.08 26.19 26.31 26.43 26.55
26.18 26.18 26.18 26.17 26.18 26.17 26.17 26.16 26.17 26.16 26.15 26.14 26.12 26.12 26.10 26.09 26.08 26.07 26.05 26.05 26.03 26.03 26.02 26.01 26.01 26.00 25.99 25.99 25.99 25.99 25.98 25.98 25.99 25.99 25.99 26.00 26.00 26.01 26.01 26.01 26.02 26.01 26.01 26.00 26.00 25.98 25.95 25.91 25.87 25.80 25.73 25.64 25.52 25.38 25.23 25.08 24.99 25.01 25.05 25.09 25.15 25.19 25.26 25.32 25.39 25.46 25.54 25.63 25.72 25.82 25.93 26.04 26.15 26.28 26.40 26.53 26.65
26.21 26.22 26.22 26.22 26.22 26.22 26.22 26.22 26.21 26.21 26.20 26.18 26.17 26.16 26.15 26.13 26.12 26.11 26.11 26.09 26.09 26.07 26.07 26.06 26.05 26.04 26.04 26.04 26.04 26.03 26.03 26.03 26.03 26.04 26.04 26.04 26.04 26.04 26.05 26.05 26.05 26.05 26.04 26.04 26.03 26.00 25.97 25.93 25.87 25.81 25.71 25.61 25.48 25.33 25.17 25.05 25.04 25.07 25.11 25.15 25.21 25.25 25.31 25.38 25.44 25.51 25.59 25.69 25.78 25.89 25.99 26.11 26.24 26.36 26.49 26.63 26.76
26.25 26.27 26.27 26.26 26.26 26.27 26.27 26.26 26.27 26.26 26.24 26.23 26.22 26.21 26.19 26.19 26.17 26.16 26.15 26.14 26.13 26.12 26.12 26.10 26.10 26.09 26.09 26.09 26.08 26.08 26.08 26.08 26.08 26.08 26.07 26.08 26.09 26.09 26.09 26.09 26.09 26.08 26.08 26.06 26.06 26.03 26.00 25.94 25.89 25.80 25.71 25.59 25.45 25.29 25.14 25.10 25.12 25.15 25.19 25.23 25.28 25.33 25.38 25.44 25.50 25.58 25.66 25.74 25.84 25.95 26.07 26.20 26.33 26.46 26.60 26.74 26.89
26.31 26.31 26.31 26.32 26.32 26.32 26.32 26.32 26.32 26.31 26.29 26.28 26.27 26.25 26.24 26.23 26.22 26.20 26.20 26.18 26.18 26.17 26.16 26.15 26.15 26.14 26.13 26.13 26.12 26.12 26.12 26.12 26.12 26.12 26.12 26.13 26.12 26.13 26.13 26.13 26.13 26.12 26.11 26.11 26.09 26.05 26.02 25.96 25.90 25.81 25.71 25.58 25.43 25.28 25.18 25.19 25.21 25.24 25.28 25.31 25.36 25.40 25.46 25.52 25.58 25.65 25.72 25.82 25.92 26.03 26.15 26.28 26.42 26.57 26.71 26.86 27.01
26.35 26.36 26.36 26.36 26.36 26.37 26.37 26.37 26.37 26.35 26.35 26.33 26.31 26.30 26.29 26.28 26.26 26.26 26.24 26.23 26.23 26.21 26.21 26.20 26.19 26.18 26.18 26.18 26.17 26.17 26.17 26.17 26.16 26.17 26.17 26.16 26.17 26.18 26.17 26.17 26.17 26.16 26.16 26.14 26.12 26.09 26.04 25.99 25.92 25.83 25.71 25.58 25.43 25.30 25.27 25.29 25.32 25.35 25.38 25.41 25.45 25.50 25.55 25.59 25.66 25.73 25.81 25.89 25.99 26.11 26.24 26.38 26.53 26.68 26.83 26.99 27.14
26.40 26.40 26.40 26.42 26.42 26.42 26.43 26.43 26.41 26.41 26.39 26.38 26.36 26.36 26.34 26.32 26.31 26.30 26.29 26.29 26.27 26.26 26.26 26.24 26.24 26.23 26.23 26.23 26.22 26.22 26.22 26.21 26.21 26.21 26.22 26.21 26.22 26.21 26.21 26.21 26.21 26.20 26.20 26.18 26.15 26.12 26.08 26.02 25.94 25.85 25.73 25.59 25.46 25.39 25.39 25.42 25.43 25.46 25.49 25.53 25.57 25.60 25.65 25.70 25.75 25.82 25.89 25.98 26.08 26.20 26.34 26.49 26.64 26.80 26.97 27.13 27.29
26.44 26.45 26.46 26.46 26.46 26.48 26.48 26.48 26.47 26.45 26.44 26.42 26.41 26.40 26.39 26.37 26.37 26.35 26.34 26.33 26.32 26.32 26.30 26.30 26.29 26.29 26.27 26.27 26.26 26.26 26.26 26.25 26.26 26.26 26.25 26.26 26.26 26.26 26.26 26.26 26.26 26.25 26.24 26.22 26.20 26.16 26.12 26.06 25.98 25.88 25.76 25.64 25.54 25.52 25.53 25.55 25.57 25.59 25.61 25.65 25.68 25.72 25.77 25.81 25.86 25.92 25.99 26.07 26.18 26.30 26.45 26.61 26.77 26.95 27.11 27.29 27.45
26.50 26.50 26.50 26.52 26.52 26.53 26.54 26.53 26.51 26.50 26.48 26.48 26.46 26.45 26.43 26.43 26.41 26.40 26.39 26.38 26.37 26.36 26.35 26.35 26.34 26.33 26.32 26.32 26.32 26.31 26.31 26.30 26.30 26.31 26.30 26.31 26.30 26.31 26.31 26.31 26.30 26.29 26.29 26.27 26.24 26.21 26.16 26.11 26.03 25.93 25.81 25.71 25.66 25.67 25.69 25.69 25.71 25.74 25.76 25.79 25.82 25.86 25.90 25.95 26.00 26.05 26.11 26.19 26.29 26.43 26.59 26.76 26.92 27.09 27.27 27.45 27.62
26.54 26.55 26.56 26.57 26.58 26.59 26.58 26.58 26.56 26.55 26.54 26.52 26.51 26.50 26.49 26.48 26.46 26.46 26.44 26.43 26.42 26.41 26.40 26.39 26.38 26.38 26.38 26.37 26.37 26.36 26.36 26.36 26.35 26.36 26.35 26.36 26.35 26.36 26.36 26.35 26.35 26.34 26.34 26.31 26.29 26.26 26.22 26.16 26.08 26.00 25.89 25.83 25.82 25.84 25.84 25.85 25.87 25.89 25.91 25.95 25.98 26.01 26.05 26.10 26.14 26.19 26.26 26.33 26.44 26.59 26.75 26.91 27.09 27.27 27.44 27.63 27.80
26.60 26.60 26.61 26.63 26.63 26.64 26.64 26.62 26.61 26.60 26.59 26.57 26.56 26.55 26.54 26.52 26.52 26.50 26.49 26.49 26.47 26.46 26.46 26.44 26.44 26.43 26.43 26.42 26.42 26.41 26.41 26.41 26.40 26.40 26.40 26.40 26.40 26.41 26.41 26.41 26.40 26.39 26.39 26.38 26.36 26.33 26.29 26.23 26.16 26.08 26.00 25.98 25.99 26.00 26.01 26.02 26.05 26.06 26.08 26.11 26.14 26.18 26.22 26.26 26.31 26.37 26.44 26.52 26.63 26.77 26.92 27.09 27.26 27.45 27.62 27.81 28.00
26.64 26.66 26.67 26.68 26.69 26.70 26.69 26.68 26.66 26.65 26.63 26.62 26.61 26.60 26.59 26.58 26.57 26.55 26.54 26.53 26.52 26.52 26.50 26.50 26.49 26.48 26.48 26.47 26.46 26.46 26.45 26.46 26.46 26.45 26.46 26.45 26.46 26.46 26.46 26.46 26.45 26.45 26.44 26.43 26.42 26.39 26.35 26.31 26.25 26.19 26.15 26.16 26.17 26.18 26.20 26.21 26.22 26.25 26.27 26.29 26.32 26.36 26.40 26.45 26.50 26.56 26.63 26.73 26.84 26.97 27.12 27.28 27.45 27.64 27.82 28.01 28.19
26.70 26.71 26.72 26.74 26.75 26.75 26.74 26.73 26.71 26.70 26.69 26.68 26.66 26.65 26.64 26.63 26.61 26.61 26.60 26.58 26.58 26.57 26.55 26.55 26.54 26.54 26.52 26.52 26.52 26.51 26.51 26.50 26.51 26.51 26.51 26.51 26.51 26.50 26.51 26.52 26.51 26.51 26.51 26.50 26.49 26.47 26.44 26.40 26.36 26.32 26.32 26.33 26.35 26.36 26.38 26.39 26.42 26.44 26.46 26.49 26.52 26.56 26.60 26.65 26.70 26.77 26.85 26.95 27.05 27.19 27.33 27.49 27.66 27.84 28.02 28.22 28.41
26.75 26.77 26.78 26.80 26.81 26.80 26.79 26.77 26.76 26.75 26.74 26.72 26.71 26.70 26.69 26.68 26.67 26.66 26.65 26.64 26.63 26.62 26.61 26.60 26.60 26.59 26.59 26.57 26.57 26.57 26.56 26.56 26.57 26.56 26.56 26.56 26.57 26.56 26.57 26.58 26.58 26.58 26.57 26.57 26.57 26.56 26.54 26.52 26.49 26.48 26.50 26.51 26.54 26.55 26.57 26.59 26.61 26.64 26.67 26.70 26.73 26.76 26.81 26.86 26.92 26.99 27.07 27.17 27.28 27.41 27.54 27.70 27.87 28.05 28.23 28.43 28.63
26.80 26.82 26.84 26.85 26.86 26.85 26.84 26.83 26.82 26.80 26.79 26.78 26.77 26.75 26.74 26.74 26.72 26.71 26.70 26.69 26.68 26.68 26.66 26.66 26.65 26.65 26.64 26.63 26.62 26.62 26.62 26.61 26.62 26.62 26.62 26.62 26.62 26.62 26.63 26.64 26.64 26.65 26.65 26.65 26.66 26.66 26.65 26.64 26.64 26.66 26.67 26.70 26.71 26.75 26.76 26.79 26.82 26.85 26.88 26.91 26.95 26.98 27.03 27.09 27.15 27.22 27.30 27.40 27.50 27.63 27.77 27.92 28.08 28.27 28.45 28.64 28.84
26.85 26.88 26.89 26.91 26.91 26.91 26.89 26.88 26.86 26.86 26.84 26.83 26.82 26.81 26.80 26.79 26.77 26.77 26.76 26.74 26.74 26.73 26.72 26.71 26.71 26.70 26.70 26.68 26.68 26.68 26.68 26.67 26.68 26.68 26.68 26.68 26.68 26.69 26.69 26.70 26.72 26.73 26.74 26.75 26.76 26.77 26.78 26.79 26.80 26.83 26.86 26.88 26.91 26.94 26.96 26.99 27.02 27.06 27.09 27.13 27.16 27.21 27.26 27.32 27.39 27.45 27.54 27.63 27.74 27.87 27.99 28.15 28.31 28.48 28.66 28.86 29.05
26.91 26.93 26.95 26.96 26.97 26.95 26.94 26.92 26.92 26.91 26.89 26.88 26.88 26.86 26.85 26.85 26.83 26.82 26.82 26.80 26.79 26.79 26.78 26.77 26.76 26.76 26.76 26.75 26.74 26.74 26.73 26.73 26.74 26.74 26.74 26.75 26.75 26.76 26.77 26.78 26.79 26.81 26.83 26.85 26.87 26.89 26.92 26.94 26.96 26.99 27.02 27.05 27.09 27.12 27.16 27.19 27.23 27.26 27.31 27.35 27.39 27.44 27.49 27.55 27.62 27.70 27.78 27.87 27.98 28.10 28.23 28.38 28.53 28.69 28.87 29.06 29.25
26.96 26.99 27.00 27.02 27.02 27.00 27.00 26.98 26.97 26.95 26.95 26.94 26.92 26.92 26.91 26.89 26.88 26.88 26.87 26.86 26.85 26.84 26.84 26.82 26.82 26.82 26.81 26.81 26.81 26.81 26.81 26.81 26.81 26.81 26.81 26.82 26.82 26.83 26.84 26.86 26.88 26.90 26.93 26.95 26.99 27.03 27.06 27.10 27.13 27.17 27.20 27.23 27.28 27.32 27.36 27.39 27.44 27.48 27.52 27.57 27.62 27.67 27.72 27.79 27.85 27.94 28.02 28.12 28.22 28.34 28.47 28.60 28.75 28.90 29.08 29.26 29.45
27.02 27.05 27.07 27.08 27.07 27.06 27.05 27.03 27.03 27.01 27.00 26.99 26.98 26.97 26.96 26.96 26.94 26.93 26.93 26.92 26.91 26.90 26.90 26.89 26.89 26.87 26.87 26.87 26.87 26.87 26.87 26.87 26.87 26.87 26.88 26.89 26.89 26.91 26.92 26.94 26.97 27.00 27.03 27.07 27.12 27.17 27.21 27.25 27.29 27.32 27.37 27.41 27.45 27.50 27.54 27.59 27.64 27.68 27.74 27.79 27.84 27.90 27.96 28.03 28.10 28.18 28.27 28.35 28.47 28.57 28.69 28.83 28.97 29.12 29.27 29.44 29.61
27.08 27.10 27.13 27.13 27.12 27.11 27.10 27.09 27.08 27.06 27.06 27.05 27.03 27.03 27.02 27.01 27.00 26.99 26.98 26.98 26.97 26.96 26.95 26.95 26.95 26.94 26.94 26.93 26.93 26.93 26.94 26.94 26.94 26.95 26.95 26.97 26.97 26.99 27.01 27.03 27.07 27.09 27.15 27.20 27.26 27.32 27.36 27.40 27.44 27.49 27.54 27.59 27.64 27.69 27.74 27.79 27.84 27.89 27.95 28.00 28.07 28.13 28.19 28.26 28.33 28.41 28.50 28.59 28.70 28.81 28.92 29.05 29.19 29.32 29.45 29.58 29.73
27.14 27.17 27.19 27.18 27.17 27.16 27.15 27.14 27.14 27.12 27.11 27.11 27.09 27.08 27.07 27.07 27.06 27.05 27.04 27.03 27.03 27.03 27.02 27.02 27.01 27.01 27.01 27.01 27.01 27.01 27.01 27.02 27.02 27.03 27.04 27.05 27.07 27.08 27.10 27.13 27.17 27.21 27.26 27.33 27.40 27.45 27.50 27.54 27.59 27.65 27.70 27.75 27.81 27.87 27.92 27.98 28.04 28.10 28.16 28.22 28.28 28.35 28.41 28.48 28.57 28.65 28.74 28.84 28.93 29.04 29.16 29.27 29.39 29.48 29.58 29.70 29.81
27.20 27.23 27.24 27.24 27.23 27.21 27.21 27.20 27.18 27.18 27.17 27.16 27.14 27.14 27.13 27.12 27.12 27.11 27.11 27.09 27.09 27.08 27.08 27.08 27.08 27.08 27.08 27.08 27.08 27.08 27.09 27.09 27.10 27.11 27.12 27.13 27.16 27.17 27.20 27.24 27.27 27.32 27.39 27.46 27.53 27.58 27.62 27.68 27.73 27.80 27.86 27.92 27.98 28.05 28.11 28.18 28.23 28.30 28.36 28.42 28.49 28.56 28.64 28.71 28.80 28.88 28.97 29.07 29.17 29.27 29.38 29.49 29.54 29.62 29.71 29.81 29.94
27.26 27.28 27.30 27.29 27.28 27.27 27.26 27.24 27.24 27.23 27.22 27.22 27.21 27.19 27.19 27.18 27.18 27.17 27.16 27.16 27.16 27.15 27.15 27.15 27.14 27.14 27.14 27.15 27.15 27.16 27.17 27.18 27.19 27.20 27.22 27.24 27.25 27.28 27.31 27.35 27.39 27.45 27.52 27.59 27.64 27.70 27.75 27.81 27.88 27.95 28.01 28.08 28.15 28.22 28.29 28.36 28.42 28.49 28.57 28.63 28.70 28.77 28.84 28.93 29.01 29.11 29.20 29.30 29.39 29.50 29.60 29.70 29.72 29.79 29.88 29.94 30.04
27.31 27.34 27.34 27.34 27.33 27.32 27.32 27.30 27.29 27.29 27.28 27.27 27.27 27.26 27.25 27.25 27.23 27.23 27.22 27.22 27.22 27.21 27.21 27.21 27.21 27.22 27.22 27.23 27.24 27.25 27.26 27.27 27.29 27.30 27.32 27.34 27.36 27.39 27.42 27.46 27.51 27.57 27.64 27.70 27.75 27.80 27.87 27.94 28.01 28.09 28.16 28.24 28.31 28.39 28.47 28.54 28.61 28.68 28.76 28.83 28.90 28.98 29.05 29.14 29.23 29.32 29.42 29.52 29.62 29.72 29.82 29.85 29.91 29.96 30.02 30.09 30.19
27.37 27.39 27.40 27.39 27.39 27.38 27.36 27.36 27.35 27.34 27.34 27.33 27.32 27.32 27.31 27.31 27.30 27.30 27.29 27.29 27.29 27.28 27.28 27.29 27.29 27.29 27.30 27.31 27.32 27.33 27.35 27.36 27.38 27.40 27.43 27.45 27.48 27.51 27.54 27.58 27.63 27.69 27.73 27.79 27.84 27.91 27.98 28.06 28.14 28.22 28.31 28.39 28.48 28.56 28.64 28.72 28.79 28.88 28.95 29.03 29.10 29.17 29.25 29.34 29.44 29.54 29.62 29.73 29.81 29.91 29.98 30.07 30.11 30.14 30.18 30.21 30.32
27.43 27.46 27.46 27.45 27.44 27.43 27.42 27.41 27.41 27.40 27.39 27.39 27.38 27.38 27.37 27.36 27.36 27.35 27.35 27.36 27.36 27.36 27.36 27.36 27.36 27.37 27.38 27.39 27.42 27.43 27.45 27.47 27.49 27.51 27.54 27.57 27.60 27.63 27.67 27.71 27.74 27.78 27.81 27.87 27.93 28.00 28.09 28.18 28.27 28.36 28.45 28.55 28.63 28.72 28.81 28.89 28.98 29.06 29.14 29.23 29.30 29.38 29.41 29.46 29.62 29.74 29.83 29.90 29.97 30.06 30.13 30.19 30.27 30.28 30.30 30.35 30.43
27.49 27.51 27.51 27.50 27.49 27.48 27.48 27.47 27.46 27.46 27.45 27.45 27.44 27.43 27.43 27.42 27.43 27.42 27.42 27.42 27.42 27.43 27.43 27.44 27.44 27.45 27.47 27.49 27.50 27.52 27.55 27.57 27.60 27.63 27.66 27.69 27.73 27.77 27.79 27.82 27.83 27.85 27.88 27.94 28.01 28.10 28.20 28.30 28.39 28.49 28.59 28.69 28.78 28.88 28.97 29.07 29.15 29.24 29.33 29.37 29.47 29.56 29.62 29.74 29.81 29.84 29.98 30.05 30.12 30.20 30.27 30.32 30.38 30.43 30.39 30.46 30.52
27.55 27.56 27.56 27.55 27.55 27.54 27.53 27.53 27.52 27.52 27.51 27.50 27.50 27.50 27.50 27.49 27.49 27.48 27.49 27.49 27.49 27.50 27.51 27.51 27.52 27.54 27.56 27.57 27.60 27.63 27.65 27.68 27.71 27.75 27.79 27.82 27.86 27.90 27.90 27.91 27.90 27.92 27.94 28.01 28.10 28.20 28.30 28.41 28.51 28.62 28.73 28.83 28.93 29.04 29.14 29.23 29.32 29.42 29.50 29.59 29.64 29.73 29.84 29.91 30.02 30.05 30.14 30.21 30.32 30.36 30.39 30.44 30.34 30.56 30.46 30.52 30.57
27.61 27.62 27.62 27.61 27.60 27.60 27.59 27.59 27.58 27.57 27.57 27.56 27.57 27.56 27.55 27.55 27.56 27.55 27.55 27.56 27.56 27.57 27.58 27.59 27.61 27.62 27.64 27.67 27.69 27.73 27.76 27.79 27.84 27.88 27.92 27.96 27.99 28.00 27.99 28.00 28.00 28.00 28.00 28.08 28.20 28.30 28.41 28.52 28.63 28.74 28.85 28.96 29.07 29.18 29.28 29.37 29.47 29.57 29.64 29.70 29.83 29.89 30.01 30.05 30.20 30.23 30.31 30.37 30.45 30.51 30.52 30.55 30.61 30.64 30.66 30.59 30.55
27.67 27.68 27.67 27.67 27.66 27.66 27.65 27.64 27.64 27.63 27.63 27.63 27.62 27.62 27.61 27.62 27.62 27.62 27.62 27.62 27.64 27.64 27.66 27.68 27.69 27.71 27.73 27.77 27.79 27.84 27.87 27.92 27.96 28.01 28.05 28.09 28.10 28.10 28.10 28.10 28.10 28.08 27.83 28.18 28.30 28.41 28.53 28.63 28.75 28.86 28.98 29.09 29.21 29.25 29.42 29.51 29.61 29.70 29.78 29.84 30.00 30.06 30.11 30.14 30.33 30.41 30.47 30.53 30.58 30.66 30.67 30.69 30.72 30.70 30.67 30.66 30.65
