main/data/temperature/20.07.2023.grid
ncols 886
nrows 691
xllcenter 112.0000
yllcenter -44.5000
cellsize 0.0500
nodata_value 99999.90
[rows 102 to 135 of 691, columns 616 to 692 of 886]
31.66 31.59 31.66 31.61 31.54 31.40 31.40 31.25 31.15 31.18 31.06 31.22 31.24 31.28 31.37 31.26 31.31 31.20 30.96 31.04 31.05 30.97 30.91 30.81 30.74 30.57 30.58 30.38 30.20 30.01 29.86 29.64 29.38 29.06 28.81 28.46 28.18 27.94 27.77 27.41 26.65 26.93 26.80 26.34 26.90 27.08 26.99 27.05 26.95 26.66 26.90 26.82 26.74 26.67 26.60 26.54 26.49 26.43 26.38 26.33 26.30 26.25 26.21 26.19 26.19 26.20 26.21 26.22 26.22 26.23 26.22 26.21 26.20 26.19 26.17 26.16 26.14
31.79 31.80 31.69 31.70 31.54 31.56 31.45 31.31 31.22 31.14 30.93 31.33 31.43 31.35 31.41 31.39 31.38 30.93 30.98 31.18 31.16 31.01 31.00 30.89 30.73 30.67 30.58 30.38 30.26 30.10 29.92 29.70 29.43 29.08 28.66 28.40 28.31 28.00 27.76 27.58 27.19 27.15 26.78 26.05 26.89 26.28 27.03 26.98 26.62 26.93 26.85 26.76 26.69 26.63 26.56 26.50 26.44 26.38 26.33 26.28 26.25 26.21 26.17 26.14 26.14 26.15 26.17 26.18 26.18 26.19 26.18 26.18 26.16 26.15 26.14 26.12 26.11
31.84 31.90 31.78 31.71 31.59 31.56 31.48 31.42 31.31 31.19 31.04 31.36 31.36 31.47 31.49 31.43 31.35 31.14 31.18 31.22 31.21 31.13 31.09 30.90 30.92 30.76 30.65 30.45 30.29 30.07 29.99 29.75 29.48 29.24 28.92 28.64 28.35 28.10 27.82 27.58 27.17 26.89 26.19 26.31 26.11 25.61 25.74 26.47 26.26 26.89 26.80 26.72 26.64 26.57 26.50 26.44 26.39 26.33 26.28 26.23 26.19 26.15 26.12 26.09 26.09 26.11 26.13 26.14 26.14 26.14 26.15 26.15 26.13 26.12 26.11 26.09 26.08
32.04 31.95 31.82 31.89 31.83 31.66 31.68 31.54 31.57 31.41 31.30 31.17 31.26 31.48 31.52 31.46 30.84 30.87 31.17 31.28 31.23 31.23 31.00 30.96 31.01 30.94 30.70 30.54 30.39 30.12 30.03 29.81 29.46 29.27 29.00 28.71 28.40 28.11 27.90 27.68 27.45 26.43 26.00 25.62 25.21 25.15 26.37 26.71 26.46 26.00 26.74 26.66 26.58 26.51 26.44 26.38 26.32 26.27 26.22 26.18 26.13 26.09 26.06 26.03 26.04 26.06 26.08 26.10 26.10 26.11 26.11 26.11 26.09 26.08 26.07 26.06 26.05
32.14 32.08 32.03 31.99 31.80 31.78 31.76 31.75 31.70 31.60 31.51 31.47 31.43 31.36 31.51 31.57 31.44 30.74 31.19 31.39 31.25 31.35 31.19 30.90 31.17 30.98 30.83 30.63 30.52 30.30 30.08 29.86 29.52 29.30 28.94 28.47 28.36 27.95 27.53 26.46 27.30 26.94 26.41 25.32 25.66 26.32 26.63 26.70 26.61 26.38 26.66 26.60 26.51 26.44 26.38 26.32 26.26 26.21 26.16 26.12 26.08 26.03 25.99 25.97 25.98 26.00 26.03 26.05 26.06 26.07 26.07 26.07 26.07 26.06 26.05 26.03 26.01
32.24 32.13 32.06 31.99 31.88 31.87 31.85 31.89 31.83 31.77 31.62 31.67 31.61 31.51 31.33 31.53 31.53 30.68 31.30 31.43 31.47 31.43 31.31 31.32 31.27 31.01 30.79 30.80 30.59 30.34 30.16 29.87 29.57 29.31 28.96 28.44 27.74 27.93 27.50 26.52 27.05 26.98 26.14 25.65 26.27 26.22 25.74 24.92 26.36 26.22 26.61 26.52 26.44 26.37 26.31 26.25 26.19 26.14 26.09 26.04 26.00 25.96 25.93 25.89 25.91 25.94 25.97 26.00 26.01 26.03 26.03 26.03 26.03 26.02 26.01 25.99 25.98
32.31 32.22 32.14 32.14 32.09 32.07 31.95 31.92 31.74 31.75 31.60 31.57 31.57 31.51 31.38 31.44 31.38 30.70 31.48 31.55 31.57 31.58 31.33 31.33 31.40 31.01 30.97 30.94 30.69 30.38 30.16 29.91 29.62 29.39 29.03 28.51 27.94 27.11 27.57 26.93 26.86 26.66 25.99 25.09 24.26 26.69 26.59 26.52 26.68 24.96 26.53 26.45 26.36 26.29 26.23 26.17 26.11 26.07 26.01 25.96 25.92 25.88 25.85 25.82 25.83 25.87 25.91 25.94 25.96 25.98 25.99 25.99 25.99 25.98 25.97 25.97 25.96
32.34 32.28 32.20 32.16 32.08 31.99 31.91 31.84 31.79 31.85 31.76 31.65 31.58 31.57 31.52 31.42 31.30 31.21 31.57 31.55 31.64 31.61 31.52 31.43 31.42 30.57 31.11 30.99 30.78 30.41 30.02 29.99 29.75 29.28 28.92 28.49 27.89 26.68 26.92 26.76 24.88 26.45 25.05 26.57 26.44 24.18 26.58 26.66 26.67 26.54 26.44 26.36 26.28 26.21 26.14 26.08 26.03 25.97 25.92 25.88 25.83 25.79 25.75 25.73 25.75 25.79 25.84 25.87 25.91 25.92 25.94 25.95 25.95 25.95 25.94 25.93 25.92
32.27 32.20 32.21 32.20 32.03 31.96 31.96 31.96 31.98 31.70 31.76 31.84 31.66 31.55 31.57 31.27 30.66 31.03 31.46 31.57 31.55 31.64 31.48 31.55 31.45 30.90 31.12 31.19 30.79 30.43 30.15 30.09 29.71 29.40 28.79 28.55 27.33 27.70 27.07 26.57 25.05 26.25 25.29 26.17 26.41 26.35 25.92 25.99 26.35 26.03 26.34 26.25 26.18 26.12 26.06 25.99 25.94 25.89 25.83 25.78 25.74 25.70 25.65 25.62 25.67 25.72 25.76 25.80 25.84 25.87 25.88 25.90 25.91 25.91 25.90 25.90 25.90
32.38 32.28 32.31 32.26 32.12 32.13 32.09 31.98 31.80 31.87 31.85 31.78 31.69 31.76 31.58 31.16 30.71 30.96 31.42 31.14 31.57 31.62 31.53 31.41 31.27 31.38 31.29 31.04 30.72 30.37 30.37 30.07 29.70 29.39 28.78 28.26 27.06 27.01 25.39 26.12 24.91 24.75 26.06 25.53 25.51 26.24 26.25 26.31 26.29 26.27 26.24 26.16 26.08 26.02 25.95 25.89 25.84 25.78 25.73 25.68 25.63 25.59 25.55 25.52 25.56 25.62 25.69 25.73 25.78 25.81 25.84 25.86 25.87 25.87 25.87 25.87 25.86
32.44 32.39 32.35 32.28 32.22 32.22 32.14 32.04 32.03 31.96 31.92 31.79 31.63 31.59 31.32 30.95 31.05 31.27 31.34 31.04 31.49 31.59 31.54 31.58 31.50 31.21 30.20 30.71 30.80 30.60 30.25 30.01 29.72 29.25 28.62 27.51 27.03 26.39 25.02 25.01 24.59 24.48 25.59 25.24 24.77 25.02 25.36 24.86 26.01 25.82 25.99 26.05 25.98 25.91 25.85 25.78 25.72 25.67 25.61 25.56 25.51 25.47 25.43 25.40 25.46 25.52 25.59 25.65 25.70 25.74 25.78 25.80 25.82 25.83 25.83 25.84 25.84
32.50 32.41 32.39 32.36 32.35 32.26 32.23 32.22 32.08 32.10 31.96 31.97 31.53 31.21 31.42 31.58 31.69 31.76 31.76 31.56 31.43 31.60 31.66 31.53 31.33 30.59 30.18 29.88 30.68 30.57 30.24 29.92 29.50 29.10 28.20 28.29 27.98 25.98 25.65 24.27 24.99 23.58 24.67 25.61 25.13 24.38 24.87 24.86 24.93 25.55 25.30 25.93 25.86 25.79 25.73 25.68 25.61 25.56 25.50 25.45 25.40 25.35 25.31 25.29 25.33 25.42 25.49 25.57 25.62 25.68 25.71 25.75 25.77 25.79 25.80 25.80 25.81
32.54 32.53 32.48 32.43 32.36 32.28 32.32 32.27 32.19 32.15 32.15 31.84 31.75 31.71 31.58 31.98 32.14 32.18 32.08 31.92 31.54 31.32 31.51 31.25 31.07 30.54 30.53 30.16 30.55 30.22 30.01 29.76 29.34 27.77 28.12 27.67 27.86 26.67 26.69 26.00 23.91 22.94 24.77 25.56 25.16 24.89 24.74 25.28 24.64 24.46 21.93 25.81 25.74 25.69 25.62 25.56 25.50 25.45 25.39 25.34 25.29 25.24 25.20 25.17 25.21 25.30 25.39 25.47 25.54 25.61 25.65 25.70 25.73 25.75 25.76 25.77 25.77
32.58 32.55 32.51 32.43 32.40 32.40 32.37 32.35 32.32 32.26 32.05 31.96 32.04 31.92 32.07 32.09 32.34 32.14 31.99 31.85 31.69 31.23 31.81 31.65 30.89 31.41 30.79 29.54 30.21 30.11 29.67 28.72 28.70 28.70 28.06 26.82 27.17 26.88 26.75 25.84 25.14 23.70 24.97 25.13 24.96 24.39 24.30 24.51 24.27 23.16 23.94 22.34 25.63 25.57 25.51 25.45 25.40 25.34 25.29 25.23 25.18 25.14 25.11 25.08 25.09 25.18 25.29 25.38 25.46 25.53 25.59 25.64 25.68 25.71 25.73 25.74 25.74
32.62 32.59 32.56 32.51 32.50 32.42 32.39 32.32 32.27 32.25 32.19 32.11 32.15 32.05 32.28 32.37 32.38 32.02 31.55 31.89 31.63 31.69 31.82 31.28 31.09 31.35 30.46 29.94 30.01 29.37 29.54 28.91 27.09 27.73 28.05 26.55 26.16 26.51 26.55 25.92 24.64 23.92 24.49 24.41 24.17 24.61 24.17 23.44 22.71 23.51 21.23 25.50 25.53 25.47 25.41 25.35 25.30 25.25 25.20 25.15 25.10 25.06 25.03 25.01 25.01 25.07 25.17 25.28 25.38 25.46 25.54 25.59 25.64 25.67 25.70 25.71 25.72
32.61 32.59 32.50 32.50 32.43 32.39 32.43 32.37 32.30 32.37 32.30 32.27 32.37 32.39 32.56 32.52 32.38 32.07 31.84 31.90 31.74 31.93 31.66 31.06 30.83 30.50 30.39 28.70 28.92 29.04 28.29 28.00 27.00 26.29 26.45 25.06 25.20 24.57 26.28 25.83 24.49 24.10 24.29 24.57 24.21 23.80 24.37 23.85 21.94 23.25 20.99 25.08 25.44 25.39 25.34 25.28 25.23 25.18 25.13 25.09 25.05 25.02 24.99 24.97 24.96 24.98 25.08 25.19 25.30 25.40 25.47 25.55 25.59 25.64 25.67 25.69 25.70
32.62 32.58 32.55 32.52 32.52 32.49 32.42 32.44 32.44 32.37 32.42 32.47 32.58 32.52 32.51 32.62 32.44 31.81 31.92 32.06 32.04 32.10 31.93 31.75 31.61 30.93 30.81 29.81 29.16 28.42 29.05 28.41 27.35 26.17 25.70 26.00 25.16 24.57 23.99 24.03 25.01 23.93 24.33 23.52 24.54 23.58 22.93 22.36 22.44 21.63 23.60 25.42 25.39 25.33 25.28 25.23 25.18 25.14 25.10 25.06 25.03 25.00 24.98 24.96 24.95 24.96 25.01 25.12 25.23 25.33 25.43 25.50 25.56 25.60 25.64 25.66 25.68
32.59 32.59 32.57 32.53 32.54 32.49 32.46 32.47 32.42 32.44 32.54 32.50 32.43 32.52 32.46 32.51 32.61 32.47 32.24 32.29 32.25 32.17 31.92 31.94 31.85 31.66 30.77 30.89 30.18 29.77 28.58 28.16 28.16 27.09 25.85 25.59 25.08 24.82 24.88 24.28 24.51 23.91 24.71 23.86 24.34 24.09 23.30 22.39 23.03 22.61 24.62 24.24 24.54 25.31 25.26 25.21 25.17 25.14 25.10 25.07 25.05 25.02 25.00 24.99 24.99 24.99 25.01 25.07 25.18 25.29 25.38 25.47 25.53 25.58 25.61 25.64 25.66
32.62 32.58 32.59 32.57 32.54 32.52 32.47 32.47 32.53 32.57 32.67 32.59 32.52 32.51 32.52 32.46 32.42 32.31 32.44 32.37 32.15 32.09 31.89 31.56 31.60 31.70 31.48 30.92 30.48 29.04 29.22 28.75 27.63 27.26 25.45 25.21 25.67 25.68 25.18 24.41 23.78 23.76 23.76 23.13 20.99 23.94 23.24 23.62 23.81 23.63 24.06 21.17 21.84 25.32 25.28 25.24 25.20 25.17 25.14 25.12 25.09 25.08 25.06 25.05 25.04 25.05 25.07 25.09 25.16 25.26 25.36 25.44 25.52 25.57 25.61 25.63 25.64
32.67 32.70 32.65 32.70 32.61 32.71 32.68 32.67 32.57 32.55 32.56 32.51 32.42 32.49 32.47 32.49 32.19 32.30 32.34 32.18 32.21 32.00 31.80 31.70 30.93 31.56 30.43 30.39 30.60 30.11 29.48 28.71 27.83 28.22 27.57 26.94 26.17 25.45 25.04 24.33 24.11 23.31 23.11 23.19 24.03 24.11 23.64 24.39 23.59 23.63 23.94 22.36 21.91 25.28 25.33 25.29 25.27 25.24 25.22 25.19 25.18 25.16 25.15 25.14 25.14 25.14 25.15 25.17 25.20 25.26 25.36 25.44 25.51 25.57 25.60 25.63 25.64
32.71 32.64 32.62 32.62 32.58 32.61 32.53 32.58 32.58 32.49 32.57 32.52 32.48 32.44 32.45 32.35 32.29 32.13 32.27 32.18 31.98 31.87 31.64 31.41 31.39 31.15 30.70 29.95 30.51 29.90 29.68 29.05 28.12 27.67 27.31 26.81 25.73 24.99 25.22 24.88 24.24 23.43 23.76 22.76 22.94 23.18 23.49 24.20 24.24 24.89 23.38 21.95 21.87 24.94 25.42 25.40 25.37 25.34 25.32 25.30 25.28 25.27 25.26 25.25 25.25 25.25 25.26 25.26 25.29 25.32 25.38 25.46 25.52 25.57 25.60 25.63 25.64
32.73 32.71 32.66 32.64 32.62 32.58 32.59 32.59 32.61 32.58 32.52 32.48 32.48 32.50 32.48 32.48 32.27 32.15 32.03 31.97 31.71 31.93 30.99 31.64 31.35 31.07 30.18 29.41 29.30 29.67 29.17 28.50 27.57 27.52 26.59 26.62 25.78 25.28 25.14 24.82 24.49 23.77 23.50 20.70 20.02 22.17 23.78 24.56 23.11 24.33 24.99 21.59 22.84 25.58 25.55 25.53 25.50 25.47 25.45 25.44 25.42 25.41 25.39 25.39 25.39 25.38 25.38 25.38 25.39 25.42 25.44 25.50 25.56 25.60 25.62 25.64 25.65
32.70 32.69 32.78 32.71 32.66 32.66 32.67 32.62 32.60 32.59 32.51 32.44 32.51 32.40 32.43 32.39 32.37 32.16 32.03 32.00 31.90 32.00 31.87 31.74 31.13 31.31 30.27 28.70 29.87 29.51 28.93 28.03 27.61 27.62 25.96 25.86 26.06 25.67 24.95 24.77 24.45 23.51 22.28 19.70 18.46 20.32 20.78 23.51 23.39 24.36 25.63 24.33 25.08 25.73 25.70 25.67 25.66 25.63 25.61 25.59 25.57 25.56 25.54 25.53 25.53 25.52 25.52 25.52 25.52 25.53 25.54 25.57 25.61 25.63 25.65 25.67 25.66
32.72 32.71 32.69 32.66 32.73 32.68 32.65 32.58 32.60 32.56 32.54 32.45 32.47 32.47 32.46 32.43 32.38 32.23 32.22 32.11 32.00 31.99 31.98 31.72 31.51 31.45 30.93 29.76 29.39 29.35 29.01 27.87 27.33 26.85 26.85 23.75 25.91 25.69 25.12 23.79 24.13 23.54 23.53 20.11 18.95 19.60 21.31 23.09 24.17 24.10 25.79 25.90 25.66 24.44 25.88 25.85 25.83 25.80 25.78 25.76 25.74 25.71 25.70 25.69 25.68 25.67 25.66 25.65 25.65 25.66 25.66 25.67 25.68 25.69 25.70 25.70 25.68
32.71 32.69 32.67 32.65 32.69 32.70 32.66 32.64 32.62 32.54 32.51 32.51 32.46 32.47 32.48 32.47 32.28 32.35 32.27 32.28 32.13 32.03 32.03 31.86 31.56 31.51 31.09 30.00 29.53 29.26 28.52 28.54 27.96 27.26 26.19 24.96 25.79 25.46 25.39 22.73 23.09 23.71 22.62 21.05 19.85 20.81 21.90 23.23 20.42 25.19 25.94 24.80 26.10 26.09 26.06 26.04 26.02 25.99 25.96 25.93 25.91 25.88 25.86 25.84 25.83 25.80 25.79 25.78 25.78 25.77 25.77 25.77 25.77 25.77 25.75 25.74 25.72
32.73 32.68 32.67 32.64 32.63 32.71 32.68 32.64 32.64 32.58 32.56 32.51 32.42 32.55 32.40 32.40 32.26 32.37 32.31 32.22 32.03 32.18 32.14 31.94 31.75 31.55 31.11 30.04 29.49 29.66 28.35 28.81 27.39 27.53 26.37 25.34 25.78 26.33 25.02 23.74 22.42 23.36 22.64 22.50 22.16 21.52 23.79 21.92 20.10 22.52 25.82 25.03 25.74 26.27 26.25 26.24 26.21 26.17 26.13 26.11 26.08 26.05 26.02 25.99 25.97 25.95 25.94 25.91 25.90 25.89 25.88 25.88 25.87 25.85 25.83 25.80 25.76
32.68 32.67 32.65 32.65 32.62 32.62 32.64 32.71 32.65 32.60 32.54 32.57 32.53 32.56 32.51 32.46 32.29 32.31 32.31 32.30 32.38 32.20 31.98 31.71 31.71 31.61 31.16 30.64 30.49 30.18 29.56 29.08 29.16 27.08 27.23 27.09 27.43 26.78 25.56 25.74 23.46 23.00 23.45 23.47 24.79 24.78 24.48 21.64 20.33 19.86 22.20 25.96 26.51 26.45 26.42 26.42 26.39 26.35 26.32 26.28 26.24 26.21 26.18 26.14 26.11 26.08 26.06 26.04 26.02 26.00 25.99 25.98 25.97 25.95 25.90 25.85 25.80
32.69 32.67 32.67 32.64 32.62 32.61 32.60 32.63 32.59 32.67 32.66 32.56 32.56 32.55 32.48 32.41 32.38 32.44 32.37 32.27 32.34 32.18 31.97 31.77 31.52 31.60 31.18 30.80 29.60 30.48 30.15 29.38 29.64 29.17 28.19 28.08 27.44 26.74 26.60 26.10 25.55 25.17 25.50 24.04 25.08 23.89 24.46 22.72 19.59 19.87 24.37 26.58 26.59 26.61 26.58 26.57 26.56 26.53 26.49 26.45 26.41 26.36 26.33 26.29 26.25 26.21 26.18 26.16 26.13 26.10 26.08 26.06 26.04 26.02 25.99 25.91 25.85
32.67 32.65 32.67 32.64 32.62 32.61 32.60 32.56 32.51 32.51 32.50 32.53 32.55 32.58 32.52 32.47 32.46 32.35 32.40 32.25 32.22 32.05 31.83 31.76 31.47 31.22 31.32 31.12 30.76 30.25 29.97 30.00 29.36 29.20 28.56 28.13 27.32 26.43 26.13 25.45 24.67 25.35 26.06 25.89 25.65 25.42 24.34 23.32 22.34 20.73 21.42 25.44 26.77 26.78 26.76 26.75 26.73 26.70 26.66 26.61 26.56 26.52 26.47 26.42 26.37 26.33 26.28 26.24 26.21 26.18 26.15 26.12 26.10 26.08 26.05 25.98 25.90
32.72 32.67 32.67 32.62 32.59 32.56 32.53 32.49 32.51 32.45 32.46 32.48 32.37 32.40 32.38 32.40 32.39 32.24 32.32 32.22 32.16 32.02 31.87 31.66 31.36 31.01 30.29 30.37 30.62 30.38 29.84 29.71 29.48 29.21 28.80 28.27 27.58 27.62 27.40 27.00 26.25 26.59 26.46 26.15 25.67 25.73 25.08 25.36 25.24 23.66 22.17 24.72 24.86 25.13 27.00 26.96 26.92 26.87 26.83 26.77 26.72 26.65 26.59 26.54 26.48 26.43 26.37 26.33 26.29 26.25 26.21 26.18 26.14 26.12 26.08 26.03 25.94
32.69 32.66 32.64 32.61 32.54 32.52 32.49 32.47 32.47 32.38 32.35 32.48 32.35 32.34 32.28 32.18 32.16 32.21 32.04 32.09 31.99 31.89 31.76 31.59 31.33 31.07 30.82 30.31 30.26 30.10 29.81 28.89 29.00 28.95 29.09 28.70 28.36 27.92 27.43 27.29 27.04 26.71 26.52 26.18 25.22 24.73 25.75 25.68 25.47 23.94 23.63 24.98 25.24 26.55 25.18 27.15 27.10 27.05 26.99 26.92 26.85 26.77 26.71 26.64 26.57 26.50 26.44 26.39 26.34 26.30 26.25 26.21 26.18 26.14 26.11 26.06 25.97
32.67 32.66 32.62 32.57 32.47 32.47 32.46 32.42 32.41 32.34 32.28 32.33 32.42 32.28 32.12 32.02 32.07 32.01 32.03 31.93 31.87 31.82 31.70 31.52 31.23 31.08 30.82 30.13 30.11 29.90 28.67 28.95 29.01 29.09 28.89 28.54 28.50 27.85 27.85 27.51 26.57 26.52 25.67 25.34 24.96 25.48 24.28 25.26 25.61 25.22 23.78 25.24 25.14 24.88 22.45 26.94 27.28 27.21 27.14 27.06 26.98 26.89 26.81 26.72 26.64 26.56 26.50 26.43 26.37 26.32 26.27 26.22 26.18 26.14 26.10 26.05 25.98
32.64 32.63 32.62 32.59 32.52 32.49 32.44 32.38 32.31 32.29 32.26 32.19 32.36 32.19 32.09 31.94 31.93 31.79 31.78 31.81 31.68 31.66 31.57 31.36 31.14 30.93 30.65 29.93 29.78 29.23 29.47 29.09 29.14 28.78 28.65 28.21 28.26 28.19 27.72 27.78 27.63 27.30 27.11 25.97 24.69 26.01 25.10 24.39 26.01 25.76 25.41 25.39 24.50 24.76 25.07 24.76 26.70 27.37 27.28 27.19 27.09 26.99 26.89 26.79 26.69 26.60 26.52 26.45 26.39 26.33 26.27 26.21 26.16 26.12 26.07 26.02 25.97
32.62 32.59 32.60 32.56 32.51 32.45 32.43 32.35 32.33 32.22 32.18 32.14 32.23 32.23 32.06 31.95 31.61 31.74 31.63 31.67 31.58 31.53 31.37 31.19 31.08 30.82 30.45 29.89 29.55 29.02 29.27 28.76 28.05 28.39 28.40 27.95 28.34 27.82 27.19 27.32 27.49 27.47 26.28 26.31 26.70 25.10 24.97 25.11 25.38 25.97 25.97 25.74 25.04 25.06 24.82 25.14 24.90 25.95 27.41 27.30 27.18 27.06 26.94 26.83 26.72 26.62 26.53 26.45 26.38 26.31 26.25 26.18 26.12 26.08 26.02 25.97 25.92
