main/data/temperature/20.07.2023.grid
ncols 886
nrows 691
xllcenter 112.0000
yllcenter -44.5000
cellsize 0.0500
nodata_value 99999.90
[rows 612 to 645 of 691, columns 770 to 846 of 886]
14.11 14.10 14.10 14.09 14.08 14.08 14.07 14.06 14.04 14.04 14.03 14.02 14.01 14.00 13.99 13.98 13.97 13.96 13.95 13.94 13.93 13.92 13.91 13.90 13.88 13.87 13.86 13.85 13.83 13.82 13.80 13.79 13.79 13.79 13.79 13.79 13.78 13.78 13.78 13.78 13.77 13.77 13.76 13.76 13.77 13.78 13.79 13.80 13.81 13.82 13.82 13.83 13.84 13.84 13.85 13.85 13.85 13.86 13.86 13.87 13.87 13.87 13.88 13.88 13.88 13.88 13.88 13.88 13.89 13.88 13.88 13.88 13.88 13.87 13.87 13.87 13.87
14.10 14.10 14.09 14.08 14.07 14.06 14.05 14.05 14.04 14.03 14.03 14.02 14.01 14.00 13.99 13.99 13.98 13.96 13.96 13.94 13.93 13.92 13.91 13.90 13.89 13.88 13.87 13.85 13.84 13.83 13.82 13.81 13.81 13.81 13.81 13.80 13.79 13.79 13.79 13.79 13.78 13.78 13.78 13.77 13.78 13.79 13.80 13.81 13.82 13.82 13.83 13.84 13.84 13.85 13.86 13.85 13.86 13.86 13.86 13.87 13.87 13.87 13.88 13.88 13.88 13.88 13.88 13.88 13.88 13.87 13.87 13.87 13.87 13.87 13.87 13.87 13.87
14.09 14.09 14.07 14.07 14.06 14.06 14.05 14.04 14.04 14.03 14.02 14.02 14.00 13.99 13.99 13.98 13.97 13.96 13.95 13.94 13.94 13.93 13.92 13.91 13.89 13.88 13.87 13.86 13.85 13.84 13.82 13.82 13.81 13.81 13.81 13.81 13.81 13.81 13.80 13.80 13.79 13.79 13.79 13.79 13.79 13.80 13.81 13.82 13.82 13.83 13.84 13.84 13.85 13.85 13.86 13.85 13.86 13.86 13.86 13.87 13.87 13.87 13.87 13.88 13.88 13.88 13.88 13.88 13.87 13.87 13.87 13.87 13.87 13.87 13.87 13.87 13.86
14.09 14.07 14.07 14.06 14.06 14.05 14.05 14.04 14.03 14.02 14.01 14.01 14.00 13.99 13.99 13.98 13.97 13.96 13.95 13.94 13.93 13.92 13.91 13.91 13.90 13.89 13.88 13.87 13.86 13.84 13.83 13.82 13.82 13.82 13.82 13.82 13.82 13.82 13.82 13.81 13.81 13.80 13.80 13.79 13.80 13.81 13.81 13.82 13.83 13.83 13.84 13.85 13.85 13.86 13.86 13.85 13.86 13.86 13.86 13.87 13.87 13.87 13.87 13.87 13.88 13.88 13.88 13.87 13.87 13.87 13.87 13.87 13.86 13.86 13.86 13.86 13.86
14.07 14.06 14.06 14.06 14.05 14.05 14.04 14.03 14.02 14.02 14.01 14.00 14.00 13.98 13.98 13.97 13.96 13.96 13.95 13.94 13.93 13.92 13.91 13.90 13.89 13.89 13.88 13.87 13.86 13.85 13.84 13.83 13.82 13.82 13.82 13.82 13.82 13.82 13.82 13.82 13.82 13.81 13.80 13.80 13.80 13.81 13.82 13.82 13.83 13.84 13.84 13.85 13.85 13.86 13.86 13.86 13.86 13.86 13.86 13.87 13.87 13.87 13.87 13.87 13.87 13.87 13.87 13.86 13.86 13.86 13.86 13.86 13.86 13.86 13.86 13.86 13.84
14.06 14.06 14.05 14.05 14.04 14.03 14.03 14.02 14.02 14.01 14.01 13.99 13.99 13.98 13.97 13.97 13.96 13.95 13.94 13.93 13.93 13.92 13.91 13.91 13.89 13.88 13.87 13.87 13.86 13.85 13.84 13.83 13.83 13.82 13.82 13.82 13.82 13.82 13.82 13.82 13.82 13.82 13.82 13.81 13.81 13.81 13.82 13.83 13.83 13.84 13.84 13.85 13.85 13.86 13.86 13.86 13.86 13.86 13.86 13.86 13.87 13.87 13.87 13.87 13.87 13.87 13.86 13.86 13.86 13.86 13.86 13.86 13.86 13.85 13.85 13.85 13.84
14.05 14.05 14.05 14.04 14.03 14.02 14.02 14.02 14.01 14.00 13.99 13.99 13.98 13.98 13.96 13.96 13.95 13.95 13.94 13.93 13.92 13.91 13.91 13.90 13.89 13.88 13.88 13.87 13.85 13.85 13.84 13.83 13.82 13.83 13.83 13.83 13.82 13.82 13.82 13.82 13.82 13.82 13.82 13.82 13.82 13.82 13.82 13.83 13.83 13.84 13.84 13.85 13.85 13.85 13.86 13.86 13.85 13.86 13.86 13.86 13.86 13.86 13.86 13.86 13.86 13.86 13.85 13.85 13.85 13.85 13.85 13.85 13.85 13.85 13.84 13.84 13.83
14.04 14.04 14.04 14.02 14.02 14.02 14.01 14.00 14.00 13.99 13.99 13.97 13.97 13.96 13.96 13.95 13.95 13.93 13.93 13.92 13.92 13.91 13.91 13.89 13.88 13.88 13.87 13.86 13.86 13.85 13.83 13.83 13.82 13.82 13.82 13.83 13.83 13.82 13.82 13.82 13.82 13.82 13.82 13.82 13.82 13.82 13.82 13.82 13.83 13.83 13.84 13.84 13.85 13.85 13.85 13.86 13.85 13.85 13.85 13.86 13.86 13.86 13.86 13.86 13.86 13.85 13.85 13.85 13.85 13.85 13.85 13.85 13.84 13.84 13.83 13.83 13.83
14.04 14.03 14.02 14.02 14.01 14.01 14.00 13.99 13.99 13.98 13.97 13.97 13.96 13.96 13.95 13.94 13.94 13.93 13.93 13.91 13.91 13.90 13.90 13.89 13.88 13.87 13.86 13.86 13.85 13.84 13.84 13.82 13.82 13.82 13.82 13.82 13.82 13.82 13.82 13.82 13.82 13.82 13.82 13.82 13.82 13.82 13.82 13.82 13.83 13.83 13.84 13.84 13.84 13.85 13.85 13.85 13.85 13.85 13.85 13.85 13.85 13.85 13.85 13.85 13.84 13.84 13.84 13.84 13.84 13.84 13.84 13.84 13.83 13.83 13.82 13.82 13.82
14.03 14.02 14.01 14.01 14.01 13.99 13.99 13.99 13.97 13.97 13.97 13.96 13.95 13.95 13.94 13.94 13.93 13.92 13.91 13.91 13.90 13.89 13.89 13.88 13.87 13.87 13.86 13.85 13.84 13.84 13.83 13.83 13.82 13.81 13.81 13.81 13.82 13.82 13.82 13.82 13.81 13.81 13.81 13.81 13.81 13.82 13.82 13.82 13.82 13.83 13.83 13.84 13.84 13.84 13.84 13.84 13.84 13.84 13.84 13.84 13.85 13.85 13.85 13.85 13.84 13.84 13.84 13.84 13.84 13.84 13.83 13.83 13.82 13.82 13.82 13.82 13.81
14.01 14.01 14.01 14.00 13.99 13.99 13.98 13.97 13.97 13.96 13.95 13.95 13.94 13.94 13.93 13.92 13.92 13.92 13.90 13.90 13.89 13.89 13.88 13.87 13.86 13.86 13.85 13.85 13.84 13.83 13.82 13.82 13.81 13.81 13.80 13.81 13.81 13.81 13.81 13.82 13.82 13.81 13.81 13.81 13.81 13.81 13.82 13.82 13.82 13.82 13.83 13.83 13.83 13.84 13.84 13.84 13.83 13.84 13.84 13.84 13.84 13.84 13.84 13.84 13.83 13.83 13.83 13.83 13.83 13.83 13.83 13.82 13.81 13.81 13.81 13.81 13.81
14.00 14.00 13.99 13.99 13.98 13.97 13.97 13.97 13.96 13.95 13.95 13.94 13.93 13.93 13.92 13.92 13.91 13.90 13.90 13.89 13.88 13.88 13.87 13.87 13.86 13.85 13.84 13.84 13.83 13.83 13.81 13.81 13.80 13.80 13.80 13.80 13.80 13.80 13.81 13.81 13.81 13.80 13.80 13.80 13.80 13.81 13.81 13.82 13.81 13.82 13.82 13.82 13.83 13.83 13.83 13.82 13.83 13.83 13.83 13.83 13.83 13.83 13.83 13.83 13.82 13.82 13.82 13.82 13.82 13.82 13.82 13.81 13.81 13.80 13.80 13.80 13.80
14.00 13.99 13.98 13.98 13.98 13.96 13.96 13.96 13.95 13.94 13.94 13.93 13.92 13.92 13.91 13.90 13.90 13.90 13.88 13.88 13.88 13.87 13.86 13.85 13.85 13.85 13.83 13.83 13.82 13.82 13.81 13.80 13.79 13.79 13.79 13.80 13.79 13.79 13.80 13.80 13.80 13.80 13.79 13.80 13.80 13.80 13.80 13.81 13.81 13.81 13.81 13.82 13.82 13.82 13.82 13.82 13.82 13.82 13.82 13.82 13.82 13.82 13.83 13.82 13.82 13.82 13.81 13.81 13.81 13.81 13.80 13.80 13.80 13.80 13.80 13.79 13.79
13.99 13.98 13.98 13.97 13.96 13.96 13.96 13.94 13.94 13.93 13.92 13.92 13.91 13.91 13.90 13.89 13.89 13.88 13.88 13.87 13.86 13.86 13.86 13.84 13.84 13.83 13.83 13.82 13.81 13.81 13.80 13.80 13.78 13.78 13.78 13.79 13.79 13.79 13.79 13.79 13.79 13.79 13.80 13.79 13.79 13.79 13.80 13.80 13.81 13.80 13.80 13.81 13.81 13.81 13.82 13.81 13.81 13.81 13.81 13.81 13.82 13.82 13.82 13.81 13.81 13.81 13.81 13.81 13.80 13.79 13.79 13.79 13.79 13.79 13.79 13.79 13.78
13.97 13.97 13.97 13.96 13.95 13.95 13.94 13.94 13.92 13.92 13.92 13.91 13.90 13.90 13.89 13.88 13.88 13.87 13.86 13.86 13.86 13.84 13.84 13.84 13.82 13.82 13.82 13.81 13.80 13.80 13.79 13.79 13.78 13.77 13.77 13.77 13.78 13.78 13.78 13.78 13.78 13.79 13.79 13.79 13.78 13.78 13.79 13.79 13.80 13.79 13.79 13.80 13.80 13.80 13.81 13.81 13.80 13.80 13.80 13.81 13.81 13.81 13.80 13.80 13.80 13.80 13.80 13.80 13.80 13.79 13.78 13.78 13.78 13.78 13.78 13.78 13.76
13.97 13.96 13.95 13.95 13.95 13.94 13.93 13.92 13.92 13.91 13.90 13.90 13.89 13.89 13.88 13.87 13.87 13.86 13.86 13.85 13.84 13.84 13.83 13.82 13.82 13.82 13.80 13.80 13.80 13.79 13.78 13.77 13.77 13.77 13.76 13.76 13.77 13.77 13.78 13.77 13.77 13.77 13.78 13.78 13.77 13.77 13.78 13.78 13.79 13.79 13.78 13.79 13.79 13.79 13.80 13.80 13.79 13.79 13.79 13.80 13.80 13.80 13.79 13.79 13.79 13.79 13.79 13.79 13.79 13.78 13.77 13.77 13.77 13.77 13.77 13.77 13.76
13.96 13.96 13.95 13.93 13.93 13.93 13.92 13.91 13.90 13.90 13.90 13.88 13.88 13.88 13.87 13.86 13.86 13.85 13.85 13.84 13.83 13.83 13.82 13.81 13.81 13.80 13.79 13.79 13.78 13.78 13.78 13.76 13.76 13.75 13.75 13.75 13.75 13.76 13.76 13.77 13.76 13.76 13.77 13.77 13.76 13.76 13.77 13.77 13.78 13.78 13.77 13.78 13.78 13.78 13.79 13.79 13.78 13.78 13.78 13.79 13.79 13.79 13.78 13.78 13.78 13.78 13.78 13.78 13.78 13.77 13.76 13.76 13.76 13.76 13.76 13.75 13.75
13.95 13.94 13.94 13.93 13.93 13.91 13.91 13.90 13.90 13.88 13.88 13.88 13.87 13.86 13.86 13.85 13.85 13.84 13.83 13.83 13.81 13.81 13.81 13.81 13.79 13.79 13.79 13.78 13.77 13.77 13.76 13.75 13.75 13.74 13.74 13.73 13.74 13.74 13.75 13.75 13.75 13.75 13.75 13.76 13.76 13.75 13.76 13.76 13.76 13.77 13.76 13.77 13.77 13.77 13.78 13.78 13.77 13.77 13.77 13.78 13.78 13.78 13.77 13.77 13.77 13.77 13.77 13.77 13.76 13.76 13.75 13.75 13.75 13.75 13.74 13.74 13.74
13.94 13.94 13.92 13.92 13.91 13.91 13.90 13.89 13.88 13.88 13.88 13.86 13.86 13.85 13.85 13.84 13.83 13.83 13.83 13.81 13.81 13.80 13.79 13.79 13.79 13.77 13.77 13.77 13.76 13.75 13.75 13.75 13.73 13.73 13.73 13.73 13.73 13.73 13.74 13.74 13.74 13.74 13.74 13.75 13.75 13.74 13.74 13.75 13.75 13.76 13.76 13.76 13.76 13.76 13.77 13.77 13.76 13.76 13.76 13.76 13.77 13.77 13.76 13.76 13.76 13.76 13.76 13.76 13.75 13.74 13.74 13.74 13.74 13.73 13.73 13.73 13.73
13.93 13.92 13.92 13.91 13.91 13.89 13.89 13.88 13.88 13.86 13.86 13.86 13.85 13.84 13.83 13.83 13.82 13.81 13.81 13.80 13.79 13.79 13.79 13.78 13.77 13.77 13.76 13.75 13.75 13.74 13.73 13.73 13.72 13.71 13.71 13.71 13.71 13.72 13.72 13.73 13.73 13.73 13.73 13.73 13.74 13.74 13.73 13.74 13.74 13.75 13.74 13.74 13.75 13.75 13.75 13.76 13.75 13.75 13.75 13.75 13.75 13.74 13.74 13.75 13.75 13.75 13.75 13.73 13.73 13.73 13.73 13.73 13.73 13.72 13.72 13.72 13.72
13.92 13.92 13.90 13.90 13.89 13.89 13.88 13.87 13.86 13.86 13.85 13.84 13.84 13.83 13.83 13.81 13.81 13.80 13.80 13.79 13.78 13.78 13.77 13.76 13.76 13.76 13.74 13.74 13.74 13.72 13.72 13.72 13.71 13.70 13.70 13.70 13.71 13.70 13.71 13.71 13.72 13.71 13.72 13.72 13.72 13.73 13.72 13.72 13.73 13.73 13.73 13.73 13.74 13.74 13.74 13.74 13.74 13.74 13.74 13.74 13.74 13.73 13.73 13.73 13.73 13.73 13.72 13.72 13.72 13.72 13.72 13.72 13.71 13.71 13.71 13.71 13.70
13.91 13.90 13.90 13.89 13.88 13.87 13.87 13.86 13.86 13.84 13.84 13.83 13.83 13.81 13.81 13.81 13.80 13.79 13.78 13.78 13.77 13.76 13.76 13.76 13.74 13.74 13.74 13.72 13.72 13.72 13.71 13.70 13.70 13.70 13.68 13.68 13.69 13.70 13.69 13.70 13.71 13.71 13.70 13.71 13.71 13.71 13.71 13.71 13.72 13.72 13.72 13.72 13.72 13.73 13.73 13.72 13.72 13.73 13.73 13.73 13.73 13.72 13.72 13.72 13.72 13.72 13.71 13.71 13.71 13.71 13.71 13.71 13.70 13.70 13.70 13.69 13.69
13.90 13.90 13.88 13.88 13.87 13.87 13.86 13.85 13.84 13.84 13.83 13.82 13.81 13.81 13.80 13.79 13.79 13.78 13.78 13.76 13.76 13.76 13.74 13.74 13.74 13.73 13.72 13.71 13.71 13.70 13.70 13.69 13.69 13.68 13.67 13.67 13.68 13.68 13.68 13.69 13.69 13.70 13.69 13.69 13.70 13.70 13.69 13.70 13.70 13.71 13.71 13.71 13.71 13.71 13.72 13.71 13.71 13.71 13.71 13.72 13.71 13.71 13.71 13.71 13.71 13.71 13.70 13.70 13.70 13.70 13.70 13.70 13.69 13.69 13.68 13.68 13.68
13.89 13.88 13.88 13.87 13.87 13.85 13.84 13.84 13.84 13.82 13.82 13.81 13.80 13.79 13.79 13.78 13.78 13.76 13.76 13.76 13.74 13.74 13.73 13.73 13.72 13.71 13.71 13.71 13.69 13.69 13.69 13.67 13.67 13.67 13.65 13.65 13.66 13.67 13.66 13.67 13.68 13.68 13.68 13.68 13.68 13.69 13.68 13.68 13.69 13.69 13.70 13.69 13.70 13.70 13.70 13.71 13.70 13.70 13.70 13.70 13.70 13.70 13.70 13.70 13.70 13.70 13.69 13.69 13.69 13.69 13.69 13.68 13.67 13.67 13.67 13.67 13.66
13.88 13.88 13.87 13.86 13.85 13.85 13.84 13.82 13.82 13.81 13.81 13.79 13.79 13.78 13.78 13.77 13.76 13.76 13.74 13.74 13.73 13.73 13.72 13.71 13.71 13.71 13.69 13.69 13.69 13.67 13.67 13.66 13.66 13.65 13.65 13.64 13.65 13.65 13.66 13.66 13.66 13.67 13.66 13.67 13.67 13.67 13.68 13.67 13.68 13.68 13.67 13.68 13.68 13.69 13.69 13.68 13.68 13.69 13.69 13.69 13.68 13.68 13.68 13.68 13.68 13.67 13.67 13.67 13.67 13.67 13.66 13.66 13.66 13.66 13.66 13.66 13.65
13.88 13.86 13.86 13.85 13.84 13.83 13.82 13.82 13.81 13.80 13.79 13.79 13.78 13.77 13.76 13.76 13.75 13.74 13.73 13.73 13.72 13.71 13.71 13.70 13.69 13.69 13.68 13.68 13.67 13.66 13.66 13.65 13.64 13.64 13.64 13.62 13.63 13.64 13.64 13.64 13.65 13.65 13.65 13.65 13.65 13.66 13.66 13.66 13.66 13.67 13.66 13.67 13.67 13.67 13.68 13.67 13.67 13.67 13.67 13.68 13.67 13.67 13.67 13.67 13.66 13.66 13.66 13.66 13.66 13.66 13.65 13.65 13.65 13.65 13.65 13.64 13.64
13.86 13.86 13.85 13.84 13.83 13.82 13.82 13.80 13.79 13.79 13.78 13.77 13.76 13.76 13.75 13.74 13.74 13.73 13.73 13.71 13.71 13.70 13.69 13.69 13.68 13.68 13.66 13.66 13.66 13.64 13.64 13.64 13.63 13.62 13.62 13.62 13.61 13.62 13.63 13.63 13.63 13.64 13.63 13.64 13.64 13.64 13.64 13.64 13.65 13.65 13.65 13.65 13.66 13.66 13.66 13.65 13.66 13.66 13.66 13.65 13.65 13.66 13.66 13.66 13.65 13.65 13.65 13.65 13.65 13.64 13.64 13.64 13.64 13.64 13.62 13.62 13.62
13.86 13.85 13.83 13.83 13.82 13.81 13.80 13.79 13.79 13.78 13.77 13.76 13.76 13.74 13.74 13.73 13.73 13.71 13.71 13.70 13.69 13.69 13.68 13.68 13.66 13.66 13.66 13.64 13.64 13.63 13.63 13.62 13.62 13.61 13.60 13.60 13.60 13.61 13.61 13.61 13.62 13.62 13.63 13.62 13.63 13.63 13.62 13.63 13.63 13.64 13.63 13.64 13.64 13.64 13.65 13.64 13.64 13.65 13.65 13.64 13.64 13.64 13.64 13.64 13.63 13.63 13.63 13.63 13.63 13.62 13.62 13.62 13.62 13.62 13.61 13.61 13.61
13.85 13.83 13.83 13.82 13.80 13.80 13.79 13.79 13.77 13.76 13.76 13.75 13.74 13.73 13.73 13.71 13.71 13.70 13.70 13.69 13.68 13.68 13.66 13.66 13.65 13.65 13.64 13.63 13.63 13.62 13.61 13.61 13.61 13.59 13.59 13.59 13.58 13.59 13.60 13.60 13.60 13.61 13.61 13.61 13.61 13.61 13.62 13.61 13.62 13.62 13.62 13.62 13.63 13.63 13.62 13.63 13.63 13.63 13.63 13.62 13.63 13.63 13.63 13.62 13.62 13.62 13.62 13.62 13.62 13.61 13.61 13.61 13.61 13.61 13.60 13.60 13.60
13.83 13.82 13.82 13.80 13.79 13.79 13.78 13.77 13.76 13.76 13.74 13.73 13.73 13.72 13.71 13.71 13.70 13.68 13.68 13.68 13.66 13.66 13.65 13.65 13.64 13.63 13.63 13.61 13.61 13.61 13.60 13.59 13.59 13.58 13.57 13.57 13.57 13.58 13.58 13.58 13.59 13.59 13.60 13.59 13.60 13.60 13.60 13.60 13.60 13.61 13.61 13.61 13.61 13.62 13.62 13.61 13.61 13.62 13.62 13.61 13.61 13.61 13.61 13.61 13.61 13.61 13.61 13.61 13.60 13.60 13.60 13.60 13.60 13.59 13.58 13.58 13.58
13.82 13.82 13.80 13.79 13.79 13.77 13.76 13.76 13.75 13.74 13.73 13.73 13.71 13.71 13.70 13.69 13.68 13.68 13.67 13.66 13.65 13.65 13.63 13.63 13.63 13.62 13.61 13.61 13.60 13.59 13.58 13.58 13.57 13.56 13.56 13.56 13.55 13.56 13.57 13.57 13.57 13.58 13.58 13.58 13.58 13.59 13.59 13.58 13.59 13.59 13.59 13.59 13.60 13.60 13.59 13.60 13.60 13.60 13.60 13.60 13.60 13.60 13.60 13.59 13.59 13.59 13.59 13.59 13.58 13.58 13.58 13.58 13.57 13.57 13.57 13.57 13.57
13.82 13.80 13.79 13.79 13.77 13.76 13.76 13.75 13.73 13.73 13.72 13.71 13.70 13.70 13.68 13.68 13.67 13.66 13.65 13.65 13.64 13.63 13.63 13.62 13.61 13.60 13.60 13.59 13.58 13.58 13.57 13.56 13.56 13.55 13.54 13.54 13.54 13.54 13.55 13.55 13.56 13.56 13.57 13.56 13.57 13.57 13.56 13.57 13.57 13.58 13.57 13.58 13.58 13.59 13.58 13.58 13.58 13.59 13.58 13.58 13.58 13.58 13.58 13.58 13.58 13.58 13.58 13.57 13.57 13.57 13.57 13.57 13.56 13.56 13.56 13.56 13.55
13.80 13.79 13.78 13.77 13.76 13.75 13.74 13.73 13.73 13.72 13.71 13.70 13.69 13.68 13.67 13.67 13.65 13.65 13.64 13.63 13.62 13.62 13.61 13.60 13.60 13.59 13.58 13.58 13.57 13.56 13.55 13.55 13.54 13.53 13.53 13.53 13.52 13.53 13.54 13.54 13.54 13.55 13.55 13.55 13.55 13.56 13.55 13.55 13.56 13.56 13.56 13.56 13.57 13.57 13.56 13.57 13.57 13.57 13.56 13.57 13.57 13.57 13.56 13.56 13.56 13.56 13.55 13.55 13.55 13.55 13.55 13.54 13.54 13.54 13.54 13.54 13.53
13.79 13.78 13.76 13.76 13.75 13.73 13.73 13.72 13.71 13.70 13.70 13.68 13.67 13.67 13.66 13.65 13.64 13.64 13.62 13.62 13.62 13.60 13.60 13.59 13.58 13.57 13.57 13.56 13.55 13.55 13.54 13.53 13.53 13.52 13.51 13.51 13.51 13.51 13.52 13.53 13.53 13.53 13.54 13.53 13.54 13.54 13.53 13.54 13.54 13.54 13.54 13.55 13.55 13.55 13.55 13.55 13.56 13.55 13.55 13.55 13.55 13.54 13.55 13.55 13.55 13.55 13.54 13.54 13.54 13.54 13.54 13.53 13.53 13.53 13.53 13.53 13.52
