main/data/temperature/20.05.2023.grid
ncols 886
nrows 691
xllcenter 112.0000
yllcenter -44.5000
cellsize 0.0500
nodata_value 99999.90
[rows 68 to 101 of 691, columns 154 to 230 of 886]
29.56 29.50 29.42 29.35 29.28 29.20 29.12 29.04 28.95 28.86 28.78 28.68 28.58 28.49 28.38 28.28 28.18 28.06 27.95 27.84 27.72 27.63 27.59 27.58 27.57 27.58 27.58 27.59 27.58 27.58 27.59 27.59 27.60 27.60 27.59 27.60 27.60 27.60 27.61 27.61 27.62 27.62 27.63 27.63 27.64 27.65 27.65 27.66 27.67 27.68 27.70 27.71 27.73 27.74 27.77 27.79 27.80 27.84 27.86 27.88 27.92 27.94 27.97 28.02 28.05 28.10 28.14 28.19 28.24 28.30 28.35 28.42 28.47 28.54 28.60 28.67 28.73
29.48 29.41 29.34 29.26 29.19 29.11 29.02 28.94 28.84 28.75 28.66 28.57 28.46 28.36 28.26 28.15 28.04 27.92 27.81 27.69 27.60 27.56 27.56 27.56 27.57 27.56 27.56 27.57 27.57 27.56 27.56 27.57 27.57 27.57 27.57 27.58 27.57 27.57 27.58 27.58 27.58 27.59 27.59 27.60 27.60 27.61 27.61 27.63 27.64 27.65 27.66 27.67 27.69 27.70 27.72 27.74 27.76 27.78 27.80 27.84 27.86 27.90 27.93 27.97 28.01 28.05 28.10 28.15 28.20 28.27 28.32 28.38 28.45 28.51 28.57 28.63 28.70
29.41 29.33 29.25 29.18 29.09 29.01 28.92 28.83 28.74 28.64 28.55 28.45 28.34 28.24 28.13 28.01 27.90 27.78 27.66 27.58 27.55 27.55 27.54 27.55 27.55 27.55 27.54 27.55 27.55 27.55 27.54 27.54 27.54 27.55 27.55 27.55 27.55 27.55 27.54 27.55 27.55 27.55 27.55 27.57 27.57 27.58 27.58 27.59 27.59 27.60 27.62 27.63 27.64 27.65 27.68 27.69 27.71 27.74 27.76 27.79 27.82 27.85 27.88 27.93 27.96 28.01 28.06 28.12 28.17 28.23 28.29 28.35 28.41 28.47 28.54 28.60 28.66
29.32 29.24 29.16 29.08 28.99 28.91 28.82 28.72 28.63 28.53 28.43 28.32 28.22 28.10 27.99 27.88 27.75 27.64 27.56 27.53 27.53 27.53 27.54 27.53 27.53 27.53 27.53 27.52 27.53 27.53 27.53 27.52 27.52 27.52 27.52 27.52 27.52 27.52 27.52 27.52 27.52 27.52 27.52 27.53 27.53 27.53 27.54 27.54 27.56 27.57 27.57 27.58 27.60 27.61 27.63 27.65 27.67 27.69 27.72 27.74 27.77 27.80 27.84 27.87 27.93 27.98 28.03 28.08 28.14 28.19 28.26 28.31 28.37 28.44 28.51 28.57 28.64
29.23 29.15 29.07 28.98 28.90 28.80 28.71 28.61 28.51 28.41 28.30 28.20 28.09 27.98 27.85 27.74 27.62 27.54 27.52 27.52 27.52 27.52 27.52 27.51 27.51 27.51 27.51 27.51 27.50 27.50 27.50 27.50 27.50 27.49 27.49 27.49 27.49 27.49 27.49 27.49 27.49 27.49 27.49 27.49 27.49 27.50 27.50 27.51 27.51 27.52 27.52 27.54 27.55 27.56 27.58 27.60 27.62 27.64 27.67 27.69 27.73 27.76 27.80 27.84 27.89 27.95 27.99 28.05 28.11 28.16 28.22 28.28 28.35 28.40 28.47 28.54 28.61
29.14 29.06 28.98 28.88 28.80 28.69 28.60 28.50 28.39 28.29 28.18 28.06 27.95 27.84 27.71 27.60 27.54 27.51 27.51 27.51 27.50 27.50 27.50 27.50 27.49 27.49 27.49 27.49 27.49 27.48 27.48 27.48 27.47 27.47 27.47 27.46 27.46 27.45 27.45 27.45 27.45 27.45 27.45 27.45 27.46 27.46 27.46 27.46 27.46 27.48 27.48 27.49 27.51 27.52 27.53 27.55 27.57 27.59 27.61 27.65 27.68 27.72 27.76 27.81 27.86 27.90 27.96 28.01 28.07 28.12 28.18 28.24 28.31 28.37 28.44 28.50 28.58
29.05 28.96 28.88 28.78 28.69 28.59 28.49 28.38 28.28 28.16 28.05 27.94 27.81 27.69 27.59 27.52 27.50 27.50 27.49 27.50 27.50 27.49 27.49 27.49 27.48 27.47 27.47 27.47 27.47 27.46 27.45 27.45 27.45 27.44 27.44 27.44 27.43 27.43 27.43 27.42 27.42 27.42 27.42 27.41 27.41 27.41 27.41 27.42 27.43 27.43 27.43 27.45 27.46 27.47 27.49 27.50 27.52 27.54 27.57 27.60 27.65 27.69 27.73 27.78 27.83 27.87 27.92 27.98 28.04 28.09 28.15 28.21 28.27 28.34 28.41 28.48 28.55
28.96 28.86 28.77 28.68 28.58 28.48 28.38 28.26 28.16 28.04 27.92 27.80 27.67 27.57 27.51 27.49 27.49 27.49 27.49 27.48 27.48 27.48 27.47 27.47 27.47 27.46 27.45 27.45 27.44 27.44 27.44 27.43 27.42 27.41 27.41 27.40 27.40 27.40 27.39 27.39 27.38 27.38 27.38 27.37 27.37 27.37 27.38 27.38 27.38 27.38 27.39 27.40 27.40 27.42 27.43 27.45 27.47 27.50 27.53 27.57 27.62 27.65 27.70 27.75 27.80 27.84 27.89 27.94 28.00 28.06 28.12 28.19 28.25 28.32 28.38 28.45 28.52
28.86 28.77 28.67 28.57 28.47 28.36 28.26 28.14 28.03 27.91 27.79 27.66 27.56 27.50 27.49 27.49 27.49 27.48 27.48 27.48 27.47 27.46 27.46 27.45 27.45 27.44 27.44 27.42 27.42 27.42 27.41 27.41 27.39 27.38 27.38 27.37 27.37 27.36 27.35 27.35 27.34 27.34 27.33 27.33 27.33 27.33 27.33 27.33 27.33 27.34 27.34 27.34 27.36 27.37 27.39 27.41 27.44 27.47 27.51 27.55 27.58 27.62 27.67 27.71 27.75 27.80 27.85 27.91 27.97 28.03 28.09 28.16 28.23 28.29 28.36 28.43 28.50
28.76 28.67 28.56 28.46 28.36 28.24 28.13 28.02 27.89 27.77 27.65 27.54 27.50 27.49 27.48 27.48 27.48 27.46 27.46 27.46 27.45 27.45 27.44 27.44 27.43 27.42 27.42 27.41 27.40 27.39 27.38 27.38 27.37 27.36 27.36 27.34 27.33 27.33 27.32 27.31 27.30 27.30 27.30 27.30 27.29 27.29 27.28 27.28 27.29 27.29 27.29 27.30 27.31 27.33 27.35 27.38 27.41 27.44 27.48 27.51 27.55 27.59 27.64 27.67 27.72 27.77 27.82 27.88 27.94 28.00 28.07 28.13 28.20 28.27 28.33 28.40 28.48
28.66 28.56 28.46 28.36 28.24 28.13 28.01 27.89 27.77 27.64 27.54 27.49 27.48 27.48 27.48 27.46 27.46 27.46 27.45 27.45 27.44 27.43 27.43 27.42 27.42 27.40 27.40 27.39 27.38 27.38 27.36 27.35 27.34 27.33 27.33 27.32 27.31 27.30 27.29 27.28 27.27 27.27 27.26 27.25 27.25 27.24 27.24 27.24 27.24 27.23 27.25 27.25 27.28 27.29 27.33 27.35 27.38 27.41 27.44 27.48 27.52 27.55 27.60 27.64 27.69 27.75 27.80 27.86 27.92 27.98 28.05 28.11 28.18 28.25 28.32 28.38 28.45
28.56 28.45 28.34 28.24 28.12 28.00 27.88 27.75 27.63 27.53 27.48 27.48 27.48 27.47 27.46 27.46 27.45 27.45 27.45 27.43 27.43 27.42 27.41 27.40 27.40 27.39 27.37 27.37 27.36 27.35 27.33 27.32 27.31 27.30 27.29 27.28 27.27 27.26 27.25 27.24 27.23 27.23 27.22 27.21 27.20 27.20 27.20 27.19 27.19 27.20 27.20 27.22 27.24 27.26 27.29 27.32 27.35 27.38 27.42 27.44 27.48 27.53 27.57 27.62 27.68 27.73 27.79 27.84 27.90 27.96 28.02 28.10 28.16 28.22 28.29 28.37 28.43
28.45 28.34 28.23 28.12 28.00 27.87 27.75 27.63 27.52 27.48 27.48 27.47 27.47 27.46 27.45 27.45 27.45 27.44 27.43 27.42 27.41 27.41 27.40 27.38 27.38 27.37 27.36 27.34 27.33 27.33 27.32 27.31 27.28 27.27 27.26 27.25 27.24 27.23 27.22 27.21 27.19 27.18 27.17 27.16 27.16 27.15 27.15 27.14 27.15 27.16 27.17 27.20 27.22 27.24 27.26 27.29 27.32 27.35 27.38 27.42 27.46 27.51 27.55 27.61 27.66 27.72 27.77 27.83 27.88 27.94 28.00 28.08 28.14 28.20 28.28 28.34 28.41
28.33 28.23 28.12 27.99 27.87 27.75 27.62 27.52 27.48 27.47 27.47 27.46 27.46 27.46 27.45 27.44 27.44 27.42 27.42 27.41 27.40 27.39 27.38 27.38 27.36 27.35 27.34 27.33 27.31 27.30 27.29 27.28 27.27 27.24 27.23 27.22 27.20 27.19 27.18 27.17 27.15 27.14 27.13 27.12 27.12 27.11 27.10 27.11 27.12 27.13 27.16 27.17 27.20 27.21 27.24 27.26 27.29 27.32 27.36 27.40 27.44 27.49 27.54 27.59 27.64 27.69 27.75 27.81 27.87 27.93 27.99 28.05 28.12 28.19 28.25 28.33 28.39
28.23 28.11 27.99 27.87 27.74 27.62 27.52 27.48 27.47 27.46 27.46 27.46 27.45 27.45 27.44 27.43 27.42 27.42 27.40 27.40 27.39 27.38 27.37 27.36 27.35 27.33 27.32 27.31 27.30 27.27 27.26 27.25 27.24 27.22 27.20 27.19 27.17 27.16 27.14 27.13 27.11 27.11 27.10 27.08 27.07 27.06 27.07 27.09 27.10 27.11 27.13 27.14 27.17 27.18 27.21 27.24 27.27 27.31 27.35 27.39 27.44 27.48 27.53 27.58 27.63 27.68 27.73 27.80 27.85 27.91 27.98 28.03 28.11 28.17 28.23 28.30 28.38
28.11 27.99 27.86 27.74 27.62 27.51 27.48 27.48 27.47 27.46 27.45 27.45 27.45 27.43 27.43 27.43 27.41 27.41 27.40 27.38 27.38 27.37 27.35 27.34 27.33 27.32 27.30 27.28 27.27 27.26 27.24 27.22 27.21 27.19 27.18 27.16 27.14 27.12 27.11 27.10 27.07 27.07 27.05 27.04 27.03 27.04 27.05 27.06 27.07 27.09 27.10 27.12 27.14 27.17 27.19 27.22 27.26 27.30 27.33 27.38 27.42 27.47 27.51 27.56 27.61 27.67 27.72 27.77 27.84 27.89 27.96 28.02 28.09 28.15 28.22 28.29 28.35
27.99 27.87 27.74 27.61 27.51 27.48 27.47 27.47 27.47 27.46 27.45 27.45 27.44 27.43 27.42 27.42 27.41 27.39 27.39 27.38 27.36 27.35 27.34 27.32 27.31 27.30 27.27 27.26 27.25 27.23 27.22 27.19 27.18 27.16 27.14 27.13 27.11 27.09 27.08 27.06 27.04 27.02 27.01 27.01 27.01 27.01 27.03 27.04 27.05 27.07 27.08 27.10 27.11 27.15 27.17 27.21 27.25 27.29 27.33 27.37 27.42 27.46 27.50 27.55 27.60 27.65 27.71 27.76 27.82 27.88 27.94 28.00 28.07 28.13 28.20 28.27 28.34
27.87 27.74 27.62 27.52 27.48 27.48 27.48 27.46 27.46 27.45 27.45 27.44 27.43 27.42 27.42 27.40 27.40 27.39 27.37 27.36 27.35 27.33 27.32 27.31 27.29 27.28 27.26 27.24 27.22 27.21 27.19 27.17 27.15 27.13 27.11 27.09 27.07 27.06 27.04 27.02 27.00 26.99 26.98 26.98 26.99 27.00 27.01 27.02 27.02 27.04 27.05 27.08 27.10 27.14 27.17 27.20 27.24 27.28 27.32 27.36 27.40 27.44 27.49 27.53 27.59 27.64 27.69 27.75 27.80 27.86 27.92 27.98 28.05 28.12 28.18 28.24 28.32
27.74 27.62 27.52 27.49 27.48 27.47 27.47 27.47 27.46 27.45 27.45 27.43 27.43 27.41 27.41 27.40 27.38 27.38 27.37 27.35 27.34 27.33 27.31 27.29 27.28 27.26 27.24 27.22 27.20 27.18 27.16 27.15 27.13 27.10 27.08 27.06 27.04 27.02 27.00 26.98 26.96 26.96 26.96 26.97 26.97 26.98 26.99 26.99 27.01 27.02 27.05 27.07 27.11 27.13 27.17 27.20 27.24 27.27 27.31 27.35 27.39 27.43 27.48 27.53 27.57 27.63 27.68 27.74 27.79 27.85 27.90 27.97 28.03 28.10 28.17 28.23 28.30
27.62 27.52 27.49 27.48 27.48 27.48 27.46 27.46 27.46 27.45 27.44 27.43 27.42 27.41 27.40 27.39 27.38 27.36 27.35 27.34 27.32 27.31 27.30 27.27 27.26 27.23 27.22 27.20 27.18 27.16 27.14 27.12 27.10 27.08 27.05 27.03 27.00 26.98 26.96 26.95 26.94 26.94 26.95 26.95 26.95 26.96 26.97 26.98 27.00 27.01 27.05 27.07 27.10 27.13 27.16 27.20 27.23 27.26 27.30 27.34 27.39 27.43 27.47 27.51 27.57 27.61 27.67 27.72 27.77 27.84 27.89 27.95 28.01 28.08 28.15 28.21 28.28
27.53 27.49 27.49 27.48 27.48 27.47 27.47 27.46 27.45 27.45 27.43 27.43 27.41 27.41 27.40 27.38 27.37 27.36 27.34 27.33 27.32 27.29 27.28 27.27 27.24 27.22 27.20 27.18 27.16 27.14 27.11 27.09 27.07 27.05 27.03 26.99 26.97 26.95 26.93 26.93 26.93 26.93 26.93 26.93 26.94 26.95 26.95 26.96 26.99 27.01 27.04 27.07 27.10 27.12 27.15 27.19 27.22 27.26 27.30 27.33 27.37 27.41 27.45 27.51 27.55 27.60 27.65 27.70 27.76 27.81 27.87 27.93 28.00 28.06 28.13 28.20 28.26
27.50 27.49 27.49 27.48 27.48 27.48 27.46 27.46 27.45 27.44 27.44 27.42 27.41 27.40 27.39 27.38 27.36 27.35 27.34 27.31 27.30 27.29 27.26 27.25 27.22 27.20 27.19 27.16 27.14 27.12 27.09 27.06 27.04 27.02 26.99 26.97 26.95 26.92 26.92 26.92 26.91 26.91 26.91 26.93 26.93 26.93 26.94 26.96 26.99 27.01 27.04 27.06 27.09 27.12 27.15 27.18 27.22 27.25 27.29 27.32 27.36 27.40 27.45 27.49 27.54 27.58 27.64 27.68 27.74 27.80 27.86 27.92 27.98 28.05 28.11 28.18 28.25
27.50 27.49 27.49 27.49 27.47 27.47 27.47 27.45 27.45 27.43 27.43 27.42 27.40 27.40 27.38 27.37 27.36 27.34 27.32 27.30 27.29 27.27 27.25 27.23 27.21 27.18 27.16 27.14 27.11 27.09 27.07 27.05 27.01 26.99 26.96 26.94 26.92 26.91 26.90 26.90 26.90 26.90 26.90 26.91 26.91 26.93 26.94 26.96 26.99 27.01 27.04 27.06 27.09 27.11 27.14 27.18 27.21 27.24 27.28 27.31 27.35 27.39 27.43 27.47 27.52 27.57 27.62 27.67 27.73 27.79 27.83 27.90 27.97 28.03 28.09 28.17 28.23
27.50 27.50 27.48 27.48 27.48 27.47 27.46 27.46 27.44 27.44 27.42 27.41 27.40 27.39 27.38 27.36 27.35 27.33 27.31 27.30 27.27 27.26 27.24 27.21 27.19 27.17 27.14 27.12 27.10 27.07 27.04 27.02 26.99 26.96 26.93 26.92 26.91 26.91 26.89 26.89 26.89 26.89 26.89 26.90 26.91 26.93 26.94 26.96 26.99 27.01 27.04 27.06 27.09 27.11 27.14 27.17 27.20 27.24 27.27 27.30 27.34 27.38 27.42 27.46 27.51 27.56 27.60 27.65 27.71 27.76 27.82 27.88 27.95 28.01 28.07 28.15 28.21
27.51 27.49 27.49 27.48 27.47 27.47 27.46 27.45 27.45 27.43 27.42 27.41 27.40 27.39 27.37 27.36 27.33 27.32 27.31 27.28 27.27 27.24 27.22 27.20 27.17 27.15 27.13 27.10 27.08 27.05 27.02 26.99 26.97 26.93 26.91 26.90 26.90 26.90 26.89 26.88 26.88 26.88 26.89 26.90 26.91 26.93 26.95 26.96 26.99 27.01 27.04 27.06 27.09 27.11 27.14 27.17 27.20 27.23 27.26 27.29 27.33 27.37 27.41 27.45 27.49 27.54 27.59 27.64 27.68 27.75 27.80 27.86 27.92 27.99 28.05 28.13 28.19
27.50 27.50 27.49 27.48 27.48 27.47 27.46 27.45 27.44 27.43 27.42 27.41 27.39 27.38 27.37 27.34 27.33 27.31 27.29 27.28 27.25 27.23 27.21 27.19 27.17 27.13 27.11 27.09 27.05 27.03 26.99 26.97 26.94 26.92 26.90 26.90 26.89 26.89 26.88 26.88 26.88 26.88 26.89 26.90 26.92 26.93 26.95 26.97 26.99 27.01 27.04 27.06 27.09 27.10 27.13 27.16 27.19 27.22 27.25 27.28 27.31 27.36 27.39 27.43 27.47 27.52 27.56 27.62 27.67 27.72 27.78 27.83 27.90 27.96 28.03 28.11 28.17
27.51 27.50 27.49 27.48 27.48 27.47 27.46 27.45 27.44 27.43 27.42 27.40 27.39 27.38 27.36 27.34 27.32 27.31 27.28 27.26 27.25 27.22 27.20 27.17 27.15 27.11 27.09 27.07 27.03 27.01 26.98 26.94 26.92 26.91 26.91 26.89 26.89 26.88 26.87 26.87 26.87 26.88 26.88 26.91 26.92 26.94 26.95 26.97 27.00 27.01 27.03 27.06 27.08 27.10 27.13 27.16 27.19 27.21 27.24 27.27 27.30 27.34 27.37 27.42 27.45 27.49 27.54 27.59 27.64 27.69 27.76 27.81 27.88 27.94 28.01 28.08 28.15
27.51 27.50 27.49 27.49 27.48 27.47 27.46 27.45 27.44 27.43 27.41 27.40 27.38 27.37 27.36 27.33 27.32 27.29 27.28 27.25 27.23 27.21 27.18 27.16 27.13 27.11 27.08 27.05 27.02 26.98 26.95 26.93 26.91 26.91 26.90 26.89 26.88 26.87 26.87 26.86 26.87 26.88 26.89 26.91 26.93 26.94 26.96 26.97 27.00 27.02 27.03 27.06 27.07 27.10 27.13 27.15 27.17 27.21 27.23 27.26 27.29 27.33 27.36 27.40 27.43 27.47 27.52 27.56 27.61 27.67 27.73 27.78 27.85 27.92 27.98 28.06 28.13
27.52 27.50 27.50 27.49 27.48 27.47 27.46 27.45 27.44 27.42 27.41 27.39 27.38 27.36 27.35 27.33 27.31 27.29 27.27 27.25 27.22 27.20 27.17 27.15 27.12 27.09 27.06 27.03 27.00 26.97 26.94 26.92 26.92 26.90 26.89 26.89 26.87 26.87 26.86 26.87 26.88 26.89 26.91 26.91 26.93 26.95 26.96 26.98 26.99 27.02 27.03 27.06 27.07 27.10 27.12 27.14 27.16 27.19 27.21 27.25 27.27 27.30 27.34 27.38 27.41 27.45 27.49 27.54 27.58 27.64 27.70 27.76 27.82 27.89 27.96 28.03 28.11
27.51 27.51 27.49 27.49 27.48 27.47 27.46 27.45 27.44 27.43 27.41 27.40 27.37 27.36 27.35 27.32 27.31 27.28 27.26 27.24 27.22 27.18 27.16 27.13 27.11 27.08 27.04 27.02 26.98 26.95 26.94 26.92 26.91 26.90 26.89 26.88 26.88 26.86 26.86 26.87 26.89 26.90 26.91 26.93 26.93 26.96 26.97 26.98 27.00 27.01 27.04 27.05 27.07 27.10 27.11 27.13 27.16 27.18 27.20 27.23 27.26 27.28 27.32 27.34 27.38 27.42 27.46 27.51 27.56 27.61 27.67 27.73 27.79 27.86 27.93 28.00 28.08
27.52 27.51 27.50 27.50 27.48 27.47 27.46 27.45 27.44 27.42 27.41 27.39 27.38 27.36 27.34 27.32 27.30 27.28 27.25 27.23 27.20 27.18 27.15 27.12 27.09 27.06 27.04 27.00 26.97 26.95 26.94 26.92 26.91 26.90 26.89 26.88 26.87 26.86 26.87 26.88 26.90 26.91 26.92 26.93 26.94 26.95 26.98 26.99 27.00 27.02 27.04 27.05 27.08 27.09 27.11 27.13 27.15 27.17 27.19 27.21 27.23 27.27 27.30 27.32 27.36 27.39 27.43 27.47 27.53 27.58 27.64 27.69 27.76 27.83 27.90 27.97 28.05
27.52 27.51 27.51 27.49 27.49 27.47 27.46 27.45 27.44 27.43 27.40 27.39 27.38 27.36 27.34 27.32 27.30 27.27 27.25 27.22 27.20 27.17 27.14 27.11 27.08 27.05 27.02 26.98 26.96 26.95 26.94 26.93 26.91 26.90 26.89 26.88 26.87 26.88 26.88 26.89 26.91 26.92 26.92 26.93 26.95 26.96 26.97 27.00 27.01 27.02 27.03 27.06 27.07 27.09 27.11 27.12 27.14 27.15 27.17 27.20 27.22 27.25 27.27 27.30 27.33 27.36 27.40 27.44 27.50 27.54 27.60 27.66 27.72 27.79 27.86 27.95 28.03
27.53 27.51 27.51 27.50 27.48 27.48 27.47 27.45 27.44 27.42 27.41 27.39 27.37 27.36 27.33 27.32 27.29 27.27 27.24 27.22 27.19 27.16 27.13 27.10 27.07 27.04 27.00 26.98 26.96 26.95 26.94 26.93 26.92 26.90 26.89 26.88 26.88 26.89 26.89 26.90 26.92 26.93 26.93 26.94 26.96 26.97 26.98 26.99 27.01 27.03 27.04 27.05 27.07 27.09 27.10 27.11 27.13 27.15 27.16 27.18 27.20 27.22 27.24 27.26 27.29 27.33 27.37 27.41 27.45 27.51 27.56 27.62 27.69 27.76 27.84 27.91 27.99
27.53 27.52 27.51 27.50 27.49 27.48 27.46 27.46 27.43 27.42 27.40 27.39 27.38 27.35 27.33 27.31 27.29 27.26 27.24 27.21 27.19 27.15 27.13 27.09 27.06 27.03 27.00 26.98 26.97 26.96 26.95 26.93 26.92 26.90 26.89 26.89 26.89 26.90 26.91 26.92 26.93 26.94 26.94 26.95 26.97 26.98 26.99 27.00 27.01 27.02 27.04 27.05 27.07 27.08 27.09 27.11 27.11 27.13 27.14 27.16 27.18 27.20 27.21 27.24 27.27 27.30 27.34 27.39 27.44 27.50 27.55 27.61 27.67 27.74 27.81 27.88 27.97
