main/data/temperature/20.07.2023.grid
ncols 886
nrows 691
xllcenter 112.0000
yllcenter -44.5000
cellsize 0.0500
nodata_value 99999.90
[rows 544 to 577 of 691, columns 462 to 538 of 886]
14.08 14.09 14.09 14.10 14.11 14.12 14.12 14.13 14.15 14.16 14.16 14.17 14.18 14.18 14.20 14.21 14.21 14.22 14.24 14.24 14.25 14.25 14.27 14.27 14.28 14.29 14.30 14.30 14.32 14.32 14.32 14.34 14.34 14.35 14.35 14.35 14.37 14.37 14.37 14.38 14.38 14.39 14.39 14.39 14.40 14.40 14.41 14.42 14.42 14.43 14.43 14.43 14.44 14.45 14.45 14.46 14.47 14.47 14.48 14.50 14.51 14.53 14.55 14.57 14.60 14.64 14.68 14.73 14.80 14.87 14.96 15.06 15.17 15.29 15.33 15.33 15.32
14.05 14.06 14.06 14.07 14.08 14.10 14.11 14.11 14.12 14.13 14.13 14.15 14.16 14.16 14.17 14.19 14.19 14.20 14.22 14.22 14.23 14.24 14.25 14.25 14.27 14.27 14.28 14.29 14.30 14.30 14.31 14.32 14.33 14.33 14.33 14.35 14.35 14.36 14.36 14.36 14.37 14.37 14.38 14.39 14.39 14.40 14.40 14.40 14.41 14.42 14.42 14.42 14.43 14.44 14.44 14.44 14.46 14.46 14.47 14.48 14.50 14.52 14.53 14.55 14.59 14.62 14.66 14.71 14.77 14.84 14.93 15.02 15.13 15.24 15.30 15.30 15.29
14.02 14.04 14.05 14.05 14.06 14.07 14.08 14.08 14.10 14.11 14.12 14.12 14.14 14.15 14.15 14.17 14.18 14.18 14.20 14.20 14.21 14.22 14.23 14.23 14.25 14.25 14.26 14.27 14.28 14.29 14.29 14.31 14.31 14.31 14.32 14.33 14.34 14.34 14.35 14.35 14.36 14.37 14.37 14.38 14.38 14.38 14.40 14.40 14.40 14.40 14.41 14.42 14.42 14.42 14.44 14.44 14.45 14.45 14.47 14.47 14.49 14.51 14.52 14.54 14.57 14.60 14.63 14.68 14.74 14.80 14.88 14.97 15.07 15.20 15.27 15.28 15.27
14.00 14.01 14.02 14.03 14.03 14.05 14.06 14.07 14.07 14.09 14.10 14.10 14.11 14.13 14.13 14.14 14.16 14.16 14.17 14.18 14.19 14.21 14.21 14.22 14.23 14.23 14.25 14.25 14.27 14.27 14.29 14.29 14.29 14.30 14.31 14.32 14.32 14.33 14.34 14.35 14.35 14.35 14.36 14.37 14.38 14.38 14.38 14.39 14.40 14.40 14.40 14.41 14.42 14.42 14.42 14.43 14.43 14.45 14.46 14.46 14.48 14.49 14.51 14.53 14.56 14.58 14.62 14.66 14.71 14.77 14.84 14.93 15.02 15.13 15.23 15.26 15.25
13.97 13.98 14.00 14.01 14.01 14.02 14.03 14.05 14.05 14.06 14.08 14.09 14.09 14.11 14.12 14.12 14.14 14.14 14.15 14.16 14.17 14.19 14.19 14.21 14.21 14.23 14.23 14.23 14.25 14.25 14.27 14.27 14.28 14.29 14.30 14.30 14.31 14.32 14.33 14.33 14.34 14.35 14.35 14.36 14.36 14.37 14.38 14.38 14.38 14.39 14.40 14.40 14.41 14.42 14.42 14.43 14.43 14.44 14.44 14.46 14.47 14.48 14.50 14.52 14.54 14.56 14.60 14.64 14.68 14.74 14.80 14.88 14.97 15.07 15.17 15.22 15.24
13.96 13.96 13.97 13.98 14.00 14.00 14.01 14.02 14.04 14.04 14.05 14.07 14.07 14.08 14.10 14.10 14.12 14.12 14.13 14.15 14.15 14.17 14.17 14.19 14.19 14.21 14.21 14.23 14.23 14.24 14.25 14.26 14.27 14.28 14.28 14.29 14.30 14.31 14.31 14.32 14.33 14.34 14.34 14.36 14.36 14.36 14.37 14.38 14.38 14.38 14.39 14.40 14.40 14.41 14.41 14.41 14.43 14.44 14.44 14.45 14.46 14.47 14.49 14.50 14.52 14.54 14.58 14.61 14.65 14.70 14.76 14.83 14.91 15.00 15.10 15.19 15.20
13.93 13.94 13.95 13.96 13.97 13.97 13.99 14.00 14.01 14.02 14.03 14.04 14.05 14.06 14.08 14.08 14.10 14.11 14.12 14.13 14.13 14.15 14.15 14.17 14.18 14.19 14.20 14.21 14.22 14.23 14.24 14.24 14.26 14.26 14.27 14.29 14.29 14.30 14.31 14.32 14.32 14.32 14.34 14.34 14.35 14.36 14.36 14.37 14.37 14.38 14.38 14.39 14.40 14.40 14.41 14.41 14.42 14.42 14.43 14.45 14.45 14.46 14.48 14.48 14.50 14.53 14.56 14.59 14.63 14.67 14.71 14.78 14.85 14.93 15.02 15.12 15.17
13.91 13.92 13.93 13.94 13.95 13.96 13.96 13.98 13.99 14.01 14.01 14.02 14.04 14.04 14.06 14.06 14.08 14.09 14.10 14.11 14.12 14.13 14.15 14.15 14.17 14.17 14.19 14.20 14.21 14.22 14.22 14.24 14.24 14.25 14.27 14.27 14.28 14.29 14.30 14.30 14.32 14.32 14.33 14.34 14.35 14.35 14.35 14.37 14.37 14.37 14.38 14.38 14.40 14.40 14.41 14.41 14.42 14.42 14.43 14.43 14.44 14.45 14.46 14.47 14.49 14.51 14.54 14.55 14.60 14.63 14.67 14.72 14.78 14.85 14.94 15.03 15.12
13.88 13.90 13.91 13.91 13.92 13.94 13.95 13.96 13.97 13.98 13.99 14.00 14.02 14.02 14.04 14.05 14.06 14.07 14.09 14.09 14.11 14.11 14.13 14.14 14.15 14.16 14.17 14.18 14.20 14.20 14.21 14.22 14.23 14.25 14.25 14.26 14.27 14.28 14.29 14.30 14.31 14.31 14.33 14.33 14.33 14.35 14.35 14.35 14.37 14.37 14.38 14.38 14.38 14.39 14.40 14.41 14.41 14.42 14.43 14.43 14.44 14.45 14.45 14.46 14.48 14.49 14.52 14.53 14.56 14.59 14.63 14.68 14.73 14.79 14.86 14.93 15.03
13.87 13.87 13.89 13.90 13.90 13.92 13.93 13.94 13.95 13.96 13.98 13.98 14.00 14.01 14.02 14.03 14.04 14.05 14.07 14.07 14.09 14.10 14.11 14.12 14.14 14.14 14.16 14.18 14.18 14.19 14.20 14.21 14.23 14.23 14.24 14.26 14.26 14.27 14.28 14.29 14.29 14.31 14.31 14.32 14.33 14.34 14.35 14.35 14.36 14.37 14.37 14.38 14.38 14.39 14.39 14.40 14.40 14.41 14.41 14.42 14.43 14.43 14.44 14.45 14.46 14.47 14.49 14.51 14.53 14.56 14.59 14.63 14.67 14.72 14.78 14.85 14.92
13.85 13.86 13.86 13.88 13.89 13.89 13.91 13.92 13.94 13.94 13.96 13.96 13.98 13.99 14.01 14.01 14.03 14.03 14.05 14.07 14.07 14.09 14.10 14.11 14.12 14.14 14.14 14.16 14.17 14.18 14.19 14.21 14.21 14.22 14.24 14.24 14.26 14.27 14.27 14.29 14.29 14.30 14.31 14.32 14.32 14.34 14.34 14.35 14.36 14.36 14.37 14.37 14.38 14.38 14.39 14.39 14.40 14.41 14.41 14.42 14.42 14.42 14.43 14.44 14.45 14.45 14.47 14.48 14.50 14.53 14.55 14.58 14.62 14.66 14.71 14.76 14.82
13.82 13.84 13.84 13.85 13.87 13.88 13.89 13.90 13.92 13.92 13.94 13.95 13.96 13.97 13.99 13.99 14.01 14.03 14.03 14.05 14.06 14.07 14.08 14.10 14.12 14.12 14.13 14.15 14.15 14.17 14.18 14.20 14.20 14.22 14.23 14.23 14.25 14.26 14.27 14.28 14.28 14.30 14.30 14.32 14.32 14.33 14.34 14.34 14.36 14.36 14.37 14.37 14.38 14.38 14.39 14.39 14.40 14.40 14.40 14.41 14.41 14.42 14.42 14.43 14.43 14.44 14.45 14.46 14.48 14.50 14.52 14.54 14.57 14.61 14.64 14.69 14.74
13.80 13.81 13.83 13.83 13.84 13.86 13.87 13.88 13.89 13.91 13.92 13.93 13.95 13.95 13.97 13.99 13.99 14.01 14.02 14.03 14.05 14.06 14.08 14.08 14.10 14.11 14.13 14.13 14.15 14.16 14.18 14.18 14.20 14.21 14.21 14.23 14.24 14.25 14.26 14.28 14.28 14.29 14.30 14.31 14.32 14.33 14.33 14.34 14.34 14.36 14.36 14.37 14.37 14.38 14.38 14.39 14.39 14.39 14.40 14.41 14.40 14.41 14.41 14.41 14.42 14.43 14.43 14.44 14.46 14.47 14.49 14.50 14.53 14.55 14.58 14.62 14.65
13.79 13.79 13.80 13.82 13.82 13.84 13.85 13.87 13.87 13.89 13.91 13.91 13.93 13.95 13.95 13.97 13.98 13.99 14.01 14.02 14.04 14.04 14.06 14.07 14.09 14.10 14.11 14.13 14.14 14.16 14.16 14.18 14.19 14.20 14.21 14.22 14.24 14.24 14.26 14.27 14.27 14.29 14.29 14.31 14.31 14.33 14.33 14.34 14.34 14.36 14.36 14.37 14.37 14.38 14.38 14.38 14.38 14.39 14.40 14.39 14.40 14.40 14.41 14.40 14.41 14.41 14.42 14.43 14.43 14.44 14.46 14.46 14.49 14.50 14.53 14.55 14.58
13.76 13.78 13.78 13.80 13.81 13.82 13.83 13.85 13.86 13.87 13.89 13.89 13.91 13.93 13.93 13.95 13.97 13.98 13.99 14.01 14.02 14.04 14.05 14.06 14.07 14.09 14.10 14.12 14.13 14.14 14.15 14.17 14.18 14.20 14.20 14.22 14.23 14.24 14.25 14.27 14.27 14.28 14.29 14.30 14.31 14.32 14.33 14.33 14.34 14.35 14.36 14.36 14.37 14.37 14.37 14.38 14.38 14.39 14.38 14.39 14.39 14.39 14.39 14.39 14.40 14.40 14.40 14.41 14.40 14.41 14.42 14.43 14.44 14.45 14.47 14.49 14.51
13.74 13.76 13.76 13.78 13.79 13.81 13.81 13.83 13.85 13.85 13.87 13.89 13.89 13.91 13.93 13.94 13.95 13.97 13.98 14.00 14.01 14.02 14.04 14.05 14.07 14.08 14.10 14.10 14.12 14.13 14.15 14.16 14.18 14.18 14.20 14.21 14.23 14.23 14.25 14.26 14.26 14.28 14.28 14.30 14.30 14.32 14.32 14.33 14.33 14.35 14.35 14.36 14.37 14.36 14.37 14.37 14.38 14.38 14.38 14.38 14.38 14.38 14.38 14.38 14.39 14.39 14.39 14.38 14.38 14.39 14.39 14.40 14.40 14.41 14.42 14.44 14.46
13.72 13.73 13.75 13.76 13.77 13.79 13.80 13.81 13.83 13.84 13.85 13.87 13.89 13.89 13.91 13.93 13.94 13.96 13.96 13.98 14.00 14.01 14.03 14.04 14.06 14.08 14.08 14.10 14.11 14.13 14.14 14.16 14.17 14.18 14.19 14.21 14.22 14.24 14.24 14.26 14.26 14.28 14.29 14.29 14.30 14.31 14.32 14.32 14.34 14.35 14.35 14.36 14.36 14.36 14.37 14.37 14.37 14.38 14.37 14.38 14.38 14.37 14.37 14.37 14.37 14.37 14.38 14.37 14.37 14.37 14.37 14.37 14.37 14.37 14.38 14.39 14.39
13.71 13.71 13.73 13.74 13.76 13.77 13.78 13.80 13.81 13.82 13.84 13.85 13.87 13.89 13.89 13.91 13.93 13.94 13.96 13.97 13.99 14.01 14.02 14.04 14.04 14.06 14.07 14.09 14.11 14.12 14.14 14.15 14.17 14.18 14.19 14.20 14.22 14.23 14.24 14.25 14.27 14.27 14.29 14.29 14.31 14.31 14.32 14.32 14.34 14.34 14.35 14.36 14.35 14.36 14.36 14.36 14.37 14.36 14.37 14.37 14.37 14.36 14.36 14.36 14.36 14.36 14.35 14.35 14.35 14.35 14.34 14.34 14.34 14.34 14.34 14.34 14.35
13.70 13.71 13.71 13.73 13.74 13.76 13.76 13.78 13.80 13.81 13.83 13.84 13.85 13.87 13.89 13.90 13.92 13.94 13.95 13.96 13.97 13.99 14.01 14.02 14.04 14.05 14.07 14.08 14.10 14.12 14.13 14.14 14.16 14.18 14.18 14.20 14.21 14.23 14.23 14.25 14.26 14.27 14.28 14.29 14.30 14.31 14.31 14.32 14.33 14.34 14.35 14.34 14.35 14.35 14.36 14.36 14.36 14.36 14.36 14.37 14.36 14.36 14.36 14.36 14.35 14.34 14.34 14.34 14.33 14.33 14.32 14.32 14.32 14.31 14.31 14.31 14.31
13.68 13.69 13.71 13.71 13.72 13.74 13.76 13.76 13.78 13.80 13.81 13.83 13.85 13.85 13.87 13.89 13.90 13.92 13.93 13.95 13.97 13.98 14.00 14.02 14.03 14.05 14.06 14.08 14.09 14.11 14.12 14.14 14.16 14.17 14.19 14.19 14.21 14.22 14.24 14.24 14.26 14.26 14.28 14.28 14.30 14.30 14.31 14.32 14.33 14.34 14.33 14.34 14.35 14.35 14.35 14.36 14.35 14.36 14.36 14.35 14.35 14.35 14.35 14.35 14.33 14.33 14.33 14.32 14.32 14.31 14.30 14.30 14.29 14.29 14.28 14.27 14.27
13.68 13.68 13.69 13.70 13.71 13.72 13.74 13.76 13.76 13.78 13.80 13.81 13.83 13.85 13.86 13.88 13.90 13.91 13.93 13.95 13.96 13.98 13.99 14.01 14.03 14.04 14.06 14.07 14.09 14.10 14.12 14.13 14.15 14.16 14.18 14.20 14.20 14.22 14.23 14.24 14.25 14.27 14.27 14.28 14.29 14.30 14.31 14.31 14.32 14.32 14.33 14.34 14.34 14.34 14.35 14.34 14.35 14.35 14.35 14.34 14.34 14.34 14.34 14.34 14.32 14.32 14.31 14.31 14.30 14.29 14.29 14.28 14.27 14.26 14.25 14.24 14.23
13.66 13.67 13.68 13.69 13.70 13.71 13.72 13.74 13.76 13.77 13.79 13.81 13.82 13.84 13.86 13.87 13.89 13.91 13.92 13.94 13.96 13.97 13.99 14.00 14.02 14.04 14.05 14.07 14.08 14.10 14.11 14.13 14.14 14.16 14.18 14.19 14.21 14.21 14.23 14.24 14.25 14.27 14.27 14.29 14.29 14.30 14.30 14.31 14.32 14.32 14.33 14.33 14.34 14.34 14.35 14.34 14.34 14.35 14.34 14.34 14.34 14.33 14.33 14.32 14.31 14.31 14.30 14.29 14.28 14.28 14.27 14.26 14.25 14.24 14.23 14.22 14.20
13.64 13.66 13.67 13.68 13.69 13.70 13.72 13.72 13.74 13.76 13.77 13.79 13.81 13.82 13.84 13.86 13.87 13.89 13.91 13.93 13.95 13.96 13.98 14.00 14.01 14.03 14.04 14.06 14.08 14.09 14.11 14.12 14.14 14.16 14.17 14.19 14.20 14.21 14.22 14.24 14.24 14.26 14.27 14.28 14.29 14.29 14.30 14.31 14.31 14.32 14.32 14.33 14.33 14.34 14.33 14.34 14.34 14.33 14.33 14.33 14.33 14.32 14.31 14.31 14.30 14.29 14.29 14.28 14.27 14.26 14.25 14.24 14.23 14.21 14.20 14.19 14.18
13.64 13.64 13.65 13.67 13.68 13.69 13.70 13.72 13.73 13.74 13.76 13.77 13.80 13.82 13.83 13.85 13.87 13.88 13.90 13.92 13.94 13.96 13.97 13.99 14.01 14.02 14.04 14.06 14.08 14.10 14.11 14.13 14.14 14.15 14.17 14.18 14.20 14.21 14.22 14.24 14.25 14.26 14.26 14.28 14.29 14.29 14.30 14.30 14.31 14.32 14.32 14.33 14.33 14.33 14.33 14.33 14.32 14.32 14.32 14.32 14.32 14.31 14.30 14.30 14.29 14.28 14.27 14.26 14.25 14.24 14.23 14.22 14.21 14.19 14.18 14.16 14.15
13.62 13.63 13.64 13.65 13.66 13.68 13.68 13.70 13.72 13.73 13.75 13.77 13.78 13.80 13.82 13.85 13.86 13.88 13.89 13.91 13.94 13.95 13.97 13.99 14.00 14.02 14.04 14.06 14.08 14.09 14.11 14.12 14.14 14.16 14.17 14.18 14.19 14.21 14.22 14.23 14.25 14.25 14.27 14.28 14.28 14.29 14.29 14.30 14.31 14.31 14.32 14.32 14.32 14.32 14.32 14.33 14.32 14.32 14.32 14.31 14.30 14.30 14.29 14.28 14.28 14.27 14.26 14.25 14.24 14.23 14.21 14.20 14.19 14.17 14.16 14.14 14.12
13.60 13.61 13.63 13.64 13.65 13.66 13.68 13.68 13.70 13.72 13.73 13.75 13.77 13.79 13.80 13.83 13.85 13.87 13.89 13.90 13.93 13.95 13.96 13.98 14.00 14.02 14.04 14.05 14.07 14.09 14.10 14.12 14.13 14.15 14.17 14.18 14.19 14.21 14.22 14.23 14.24 14.25 14.27 14.27 14.28 14.29 14.29 14.30 14.30 14.31 14.31 14.31 14.31 14.32 14.32 14.31 14.31 14.31 14.31 14.29 14.29 14.29 14.28 14.27 14.26 14.26 14.25 14.22 14.21 14.21 14.20 14.18 14.16 14.15 14.14 14.12 14.10
13.59 13.61 13.61 13.62 13.64 13.64 13.66 13.68 13.69 13.70 13.72 13.74 13.75 13.77 13.79 13.81 13.83 13.86 13.88 13.90 13.93 13.94 13.96 13.97 14.00 14.02 14.03 14.05 14.07 14.08 14.10 14.12 14.13 14.15 14.16 14.18 14.20 14.20 14.22 14.23 14.24 14.25 14.26 14.27 14.28 14.28 14.29 14.29 14.30 14.30 14.31 14.30 14.31 14.31 14.30 14.30 14.30 14.30 14.30 14.28 14.28 14.27 14.27 14.26 14.25 14.24 14.22 14.21 14.20 14.18 14.17 14.15 14.14 14.12 14.11 14.10 14.08
13.58 13.59 13.60 13.60 13.62 13.63 13.64 13.66 13.67 13.69 13.70 13.72 13.74 13.75 13.77 13.80 13.81 13.84 13.86 13.88 13.91 13.94 13.95 13.98 14.00 14.01 14.03 14.04 14.07 14.09 14.10 14.12 14.14 14.15 14.16 14.18 14.19 14.21 14.21 14.23 14.24 14.25 14.26 14.27 14.27 14.28 14.29 14.29 14.29 14.30 14.30 14.30 14.30 14.30 14.30 14.30 14.29 14.29 14.28 14.27 14.27 14.26 14.26 14.25 14.24 14.22 14.21 14.19 14.18 14.17 14.15 14.13 14.12 14.11 14.09 14.07 14.05
13.58 13.58 13.59 13.60 13.61 13.62 13.63 13.65 13.65 13.67 13.69 13.70 13.72 13.74 13.76 13.78 13.80 13.82 13.84 13.87 13.89 13.92 13.95 13.97 13.99 14.01 14.03 14.05 14.07 14.08 14.10 14.12 14.13 14.15 14.16 14.18 14.19 14.20 14.21 14.23 14.23 14.25 14.26 14.26 14.27 14.28 14.28 14.29 14.29 14.29 14.29 14.30 14.30 14.29 14.29 14.29 14.29 14.27 14.27 14.26 14.26 14.25 14.24 14.23 14.21 14.20 14.19 14.18 14.16 14.15 14.13 14.12 14.10 14.08 14.06 14.05 14.03
13.57 13.58 13.57 13.58 13.59 13.61 13.61 13.63 13.65 13.65 13.67 13.69 13.71 13.72 13.74 13.76 13.78 13.80 13.83 13.84 13.87 13.90 13.92 13.95 13.98 14.00 14.03 14.04 14.06 14.08 14.09 14.11 14.13 14.14 14.16 14.18 14.18 14.20 14.22 14.22 14.23 14.25 14.25 14.26 14.27 14.27 14.28 14.28 14.28 14.28 14.29 14.29 14.28 14.28 14.28 14.28 14.28 14.26 14.26 14.25 14.25 14.24 14.22 14.21 14.20 14.19 14.17 14.16 14.14 14.13 14.11 14.10 14.08 14.06 14.04 14.03 14.01
13.56 13.56 13.57 13.58 13.58 13.59 13.60 13.61 13.63 13.64 13.66 13.67 13.69 13.71 13.72 13.74 13.77 13.78 13.80 13.83 13.85 13.87 13.90 13.92 13.95 13.99 14.01 14.04 14.06 14.08 14.10 14.12 14.13 14.15 14.16 14.17 14.19 14.20 14.21 14.22 14.23 14.24 14.25 14.26 14.26 14.27 14.27 14.28 14.27 14.28 14.28 14.27 14.27 14.27 14.27 14.27 14.26 14.25 14.25 14.24 14.23 14.21 14.20 14.19 14.18 14.17 14.16 14.14 14.13 14.11 14.09 14.08 14.06 14.04 14.02 14.01 13.99
13.55 13.55 13.56 13.57 13.58 13.59 13.59 13.60 13.62 13.62 13.64 13.66 13.67 13.69 13.71 13.72 13.74 13.77 13.79 13.80 13.83 13.86 13.87 13.90 13.93 13.96 13.99 14.02 14.05 14.08 14.10 14.11 14.13 14.15 14.16 14.17 14.19 14.19 14.21 14.22 14.22 14.24 14.25 14.25 14.25 14.26 14.27 14.26 14.27 14.27 14.26 14.27 14.27 14.27 14.25 14.25 14.25 14.24 14.23 14.23 14.21 14.20 14.19 14.18 14.17 14.15 14.14 14.12 14.11 14.09 14.07 14.06 14.04 14.02 14.00 13.97 13.96
13.54 13.54 13.55 13.55 13.56 13.57 13.58 13.58 13.60 13.61 13.62 13.64 13.66 13.68 13.69 13.71 13.73 13.74 13.76 13.79 13.80 13.83 13.86 13.88 13.90 13.93 13.96 13.99 14.02 14.05 14.08 14.11 14.12 14.14 14.16 14.16 14.18 14.19 14.21 14.21 14.22 14.23 14.23 14.24 14.25 14.25 14.25 14.26 14.26 14.26 14.26 14.26 14.26 14.26 14.24 14.24 14.23 14.23 14.22 14.21 14.19 14.18 14.17 14.16 14.15 14.14 14.12 14.10 14.09 14.07 14.05 14.03 14.01 13.99 13.97 13.95 13.93
13.53 13.53 13.53 13.54 13.55 13.55 13.56 13.57 13.59 13.59 13.61 13.63 13.63 13.65 13.67 13.69 13.71 13.73 13.75 13.76 13.79 13.81 13.83 13.86 13.88 13.90 13.93 13.96 13.99 14.02 14.06 14.08 14.11 14.14 14.15 14.17 14.18 14.20 14.20 14.21 14.22 14.22 14.23 14.24 14.24 14.24 14.25 14.25 14.25 14.25 14.25 14.25 14.24 14.24 14.23 14.23 14.22 14.22 14.21 14.19 14.18 14.17 14.16 14.14 14.13 14.12 14.10 14.09 14.07 14.05 14.03 14.01 13.99 13.97 13.95 13.93 13.91
