main/data/temperature/20.05.2023.grid
ncols 886
nrows 691
xllcenter 112.0000
yllcenter -44.5000
cellsize 0.0500
nodata_value 99999.90
[rows 0 to 33 of 691, columns 539 to 615 of 886]
30.60 30.61 30.60 30.61 30.61 30.62 30.63 30.63 30.65 30.66 30.67 30.68 30.69 30.71 30.72 30.73 30.74 30.75 30.77 30.78 30.80 30.81 30.81 30.82 30.83 30.83 30.84 30.84 30.84 30.84 30.85 30.85 30.86 30.87 30.88 30.89 30.89 30.90 30.91 30.91 30.91 30.92 30.91 30.92 30.91 30.91 30.90 30.89 30.88 30.87 30.85 30.84 30.82 30.79 30.76 30.74 30.70 30.67 30.64 30.61 30.59 30.56 30.54 30.52 30.52 30.53 30.55 30.59 30.62 30.65 30.68 30.73 30.76 30.80 30.84 30.88 30.91
30.61 30.61 30.61 30.62 30.62 30.62 30.64 30.64 30.65 30.66 30.67 30.68 30.69 30.71 30.71 30.73 30.74 30.76 30.77 30.77 30.79 30.80 30.80 30.81 30.82 30.82 30.82 30.82 30.83 30.83 30.83 30.84 30.86 30.87 30.87 30.88 30.89 30.89 30.90 30.90 30.91 30.90 30.90 30.91 30.90 30.89 30.88 30.87 30.86 30.85 30.83 30.81 30.79 30.76 30.73 30.70 30.66 30.62 30.59 30.55 30.52 30.49 30.46 30.45 30.46 30.48 30.50 30.52 30.55 30.58 30.61 30.66 30.69 30.73 30.77 30.81 30.84
30.63 30.62 30.62 30.63 30.62 30.63 30.64 30.64 30.65 30.67 30.67 30.68 30.70 30.71 30.72 30.73 30.75 30.75 30.76 30.78 30.78 30.79 30.80 30.80 30.81 30.81 30.81 30.82 30.82 30.82 30.82 30.83 30.85 30.86 30.87 30.88 30.88 30.89 30.89 30.90 30.89 30.90 30.90 30.89 30.89 30.89 30.88 30.87 30.85 30.84 30.81 30.79 30.76 30.72 30.69 30.66 30.62 30.57 30.54 30.49 30.46 30.42 30.41 30.33 30.32 30.44 30.45 30.47 30.49 30.52 30.55 30.59 30.62 30.66 30.69 30.73 30.78
30.64 30.63 30.63 30.63 30.64 30.64 30.65 30.66 30.66 30.67 30.68 30.68 30.70 30.70 30.72 30.73 30.74 30.75 30.77 30.77 30.78 30.79 30.79 30.79 30.80 30.81 30.81 30.81 30.81 30.81 30.82 30.83 30.85 30.86 30.86 30.87 30.88 30.88 30.89 30.88 30.89 30.89 30.88 30.89 30.88 30.87 30.86 30.85 30.83 30.82 30.79 30.76 30.73 30.70 30.66 30.62 30.57 30.52 30.48 30.44 30.40 30.38 30.37 30.38 30.27 30.39 30.28 29.80 30.43 30.45 30.48 30.52 30.55 30.58 30.63 30.67 30.70
30.65 30.64 30.64 30.64 30.65 30.64 30.65 30.66 30.66 30.67 30.68 30.69 30.70 30.70 30.72 30.73 30.74 30.75 30.76 30.77 30.78 30.78 30.78 30.79 30.79 30.79 30.79 30.80 30.80 30.80 30.81 30.82 30.84 30.85 30.86 30.87 30.87 30.88 30.87 30.88 30.88 30.89 30.88 30.88 30.87 30.86 30.86 30.84 30.83 30.79 30.77 30.74 30.70 30.67 30.62 30.58 30.53 30.48 30.43 30.38 30.36 30.35 30.35 30.34 30.35 30.25 30.29 30.00 30.37 30.39 30.42 30.45 30.48 30.51 30.55 30.60 30.64
30.67 30.65 30.65 30.65 30.66 30.65 30.66 30.66 30.67 30.67 30.68 30.70 30.70 30.71 30.72 30.73 30.74 30.75 30.76 30.77 30.77 30.78 30.78 30.78 30.78 30.79 30.79 30.79 30.80 30.80 30.81 30.83 30.84 30.85 30.86 30.86 30.87 30.88 30.87 30.88 30.88 30.87 30.88 30.87 30.86 30.85 30.84 30.83 30.81 30.78 30.76 30.72 30.68 30.64 30.60 30.54 30.49 30.43 30.38 30.34 30.33 30.32 30.32 30.31 30.32 30.31 30.31 30.32 30.32 30.33 30.35 30.38 30.40 30.44 30.47 30.52 30.56
30.68 30.66 30.66 30.66 30.66 30.66 30.66 30.67 30.68 30.67 30.68 30.70 30.70 30.71 30.72 30.73 30.74 30.75 30.76 30.76 30.77 30.77 30.77 30.78 30.78 30.78 30.78 30.79 30.80 30.80 30.82 30.83 30.84 30.84 30.85 30.86 30.87 30.87 30.87 30.87 30.88 30.87 30.87 30.87 30.86 30.85 30.84 30.82 30.80 30.77 30.74 30.70 30.66 30.62 30.56 30.51 30.45 30.39 30.33 30.31 30.31 30.30 30.30 30.29 30.29 30.28 30.27 30.27 30.27 30.27 30.28 30.30 30.33 30.36 30.39 30.45 30.49
30.69 30.67 30.67 30.67 30.67 30.67 30.67 30.67 30.68 30.69 30.69 30.70 30.71 30.71 30.72 30.74 30.74 30.75 30.75 30.76 30.76 30.76 30.77 30.77 30.78 30.78 30.78 30.78 30.79 30.80 30.81 30.82 30.83 30.84 30.85 30.86 30.86 30.87 30.87 30.87 30.88 30.87 30.87 30.86 30.86 30.85 30.83 30.81 30.78 30.76 30.73 30.68 30.64 30.60 30.54 30.48 30.42 30.36 30.32 30.30 30.30 30.28 30.27 30.26 30.26 30.24 30.24 30.22 30.22 30.22 30.22 30.23 30.25 30.28 30.32 30.36 30.41
30.69 30.68 30.68 30.68 30.68 30.68 30.68 30.68 30.68 30.69 30.70 30.70 30.71 30.72 30.72 30.73 30.74 30.74 30.75 30.75 30.76 30.76 30.76 30.77 30.77 30.77 30.78 30.78 30.79 30.80 30.81 30.82 30.83 30.84 30.85 30.86 30.86 30.87 30.86 30.87 30.87 30.87 30.86 30.86 30.86 30.84 30.83 30.80 30.77 30.75 30.72 30.67 30.63 30.57 30.52 30.45 30.39 30.32 30.30 30.29 30.28 30.27 30.26 30.25 30.23 30.22 30.21 30.19 30.17 30.16 30.16 30.16 30.18 30.20 30.24 30.28 30.34
30.68 30.69 30.70 30.69 30.69 30.69 30.69 30.69 30.69 30.69 30.70 30.71 30.71 30.72 30.73 30.73 30.74 30.74 30.74 30.75 30.75 30.76 30.76 30.76 30.77 30.77 30.77 30.78 30.79 30.80 30.81 30.82 30.83 30.84 30.85 30.86 30.86 30.87 30.86 30.87 30.87 30.87 30.86 30.85 30.84 30.83 30.82 30.79 30.77 30.74 30.71 30.66 30.62 30.56 30.49 30.44 30.37 30.31 30.29 30.28 30.27 30.25 30.24 30.23 30.22 30.20 30.18 30.15 30.13 30.11 30.10 30.10 30.11 30.12 30.16 30.20 30.25
30.68 30.68 30.69 30.70 30.69 30.69 30.69 30.69 30.70 30.70 30.70 30.71 30.72 30.73 30.72 30.73 30.74 30.73 30.74 30.74 30.75 30.75 30.76 30.76 30.77 30.77 30.77 30.77 30.79 30.80 30.81 30.82 30.83 30.84 30.85 30.86 30.86 30.87 30.86 30.87 30.88 30.87 30.86 30.85 30.84 30.84 30.82 30.79 30.77 30.74 30.70 30.65 30.61 30.55 30.48 30.41 30.35 30.30 30.29 30.26 30.25 30.24 30.23 30.21 30.21 30.18 30.16 30.12 30.08 30.05 30.03 30.03 30.03 30.05 30.08 30.13 30.18
30.67 30.68 30.69 30.69 30.70 30.69 30.70 30.70 30.70 30.71 30.71 30.71 30.72 30.72 30.73 30.72 30.73 30.74 30.73 30.74 30.75 30.75 30.76 30.76 30.76 30.76 30.77 30.78 30.80 30.80 30.81 30.82 30.83 30.84 30.85 30.86 30.86 30.87 30.87 30.87 30.88 30.87 30.86 30.86 30.85 30.84 30.82 30.80 30.76 30.73 30.70 30.65 30.59 30.54 30.48 30.40 30.33 30.29 30.27 30.26 30.24 30.22 30.21 30.20 30.20 30.08 30.15 30.09 30.05 30.00 29.97 29.95 29.95 29.97 30.01 30.05 30.11
30.66 30.67 30.68 30.69 30.69 30.70 30.70 30.70 30.70 30.71 30.71 30.72 30.72 30.71 30.72 30.72 30.73 30.73 30.73 30.74 30.74 30.75 30.75 30.76 30.75 30.76 30.77 30.78 30.80 30.81 30.82 30.83 30.84 30.85 30.85 30.86 30.86 30.87 30.88 30.87 30.88 30.87 30.86 30.86 30.85 30.84 30.82 30.80 30.77 30.73 30.70 30.65 30.60 30.54 30.47 30.40 30.33 30.28 30.27 30.25 30.23 30.22 30.19 30.18 30.13 30.02 30.08 29.85 30.00 29.95 29.90 29.88 29.88 29.89 29.93 29.99 30.04
30.66 30.67 30.67 30.68 30.69 30.69 30.70 30.70 30.71 30.70 30.70 30.71 30.71 30.72 30.72 30.72 30.72 30.73 30.74 30.73 30.74 30.75 30.75 30.76 30.76 30.76 30.77 30.78 30.79 30.81 30.82 30.83 30.84 30.85 30.86 30.87 30.87 30.87 30.88 30.88 30.88 30.88 30.87 30.86 30.85 30.84 30.82 30.80 30.77 30.74 30.70 30.66 30.60 30.54 30.48 30.40 30.33 30.28 30.26 30.24 30.22 30.20 30.18 30.16 30.08 29.69 30.07 30.01 29.95 29.90 29.84 29.81 29.80 29.83 29.48 29.93 29.99
30.65 30.66 30.67 30.67 30.68 30.69 30.69 30.70 30.70 30.70 30.71 30.71 30.71 30.71 30.71 30.72 30.72 30.73 30.73 30.73 30.74 30.74 30.75 30.75 30.76 30.76 30.78 30.79 30.80 30.81 30.82 30.83 30.84 30.85 30.86 30.87 30.88 30.88 30.88 30.88 30.89 30.88 30.88 30.88 30.86 30.85 30.83 30.81 30.78 30.75 30.70 30.66 30.61 30.55 30.48 30.42 30.34 30.28 30.26 30.23 30.21 30.18 30.17 30.14 29.44 29.83 29.88 29.98 29.92 29.86 29.80 29.76 29.74 29.78 29.83 29.88 29.94
30.64 30.65 30.66 30.67 30.67 30.68 30.68 30.69 30.69 30.69 30.70 30.70 30.71 30.71 30.71 30.72 30.71 30.72 30.73 30.73 30.73 30.74 30.75 30.75 30.76 30.76 30.78 30.79 30.81 30.82 30.83 30.84 30.84 30.86 30.87 30.87 30.88 30.88 30.89 30.89 30.89 30.89 30.89 30.88 30.87 30.85 30.83 30.81 30.79 30.76 30.72 30.67 30.62 30.57 30.50 30.43 30.36 30.29 30.26 30.23 30.20 30.18 30.15 30.12 30.05 30.05 30.01 29.95 29.89 29.84 29.45 29.04 29.51 29.61 29.80 29.85 29.89
30.65 30.65 30.66 30.67 30.67 30.68 30.68 30.69 30.69 30.70 30.70 30.70 30.71 30.70 30.71 30.71 30.72 30.72 30.73 30.73 30.73 30.74 30.75 30.75 30.76 30.77 30.78 30.79 30.81 30.82 30.83 30.85 30.86 30.87 30.87 30.88 30.89 30.90 30.89 30.90 30.89 30.90 30.89 30.89 30.88 30.86 30.85 30.83 30.80 30.77 30.73 30.69 30.63 30.59 30.52 30.45 30.38 30.31 30.26 30.23 30.20 30.17 30.14 30.11 30.07 30.03 29.99 29.94 29.89 29.83 29.16 29.47 29.43 29.76 29.78 29.83 29.87
30.64 30.65 30.65 30.66 30.67 30.67 30.68 30.68 30.68 30.69 30.69 30.69 30.70 30.70 30.71 30.71 30.72 30.72 30.73 30.73 30.73 30.74 30.75 30.75 30.76 30.77 30.79 30.80 30.81 30.82 30.84 30.85 30.86 30.87 30.88 30.89 30.89 30.90 30.91 30.91 30.91 30.91 30.90 30.89 30.89 30.88 30.86 30.84 30.81 30.78 30.74 30.71 30.66 30.60 30.54 30.48 30.41 30.34 30.26 30.23 30.20 30.17 30.13 30.10 30.07 30.02 29.98 29.93 29.89 29.43 29.49 29.62 29.76 29.76 29.79 29.82 29.85
30.63 30.64 30.65 30.65 30.66 30.66 30.67 30.68 30.68 30.69 30.69 30.70 30.70 30.70 30.71 30.71 30.72 30.71 30.72 30.73 30.74 30.74 30.74 30.75 30.77 30.77 30.79 30.81 30.82 30.84 30.85 30.85 30.86 30.88 30.89 30.90 30.91 30.91 30.92 30.91 30.92 30.92 30.91 30.91 30.89 30.89 30.88 30.86 30.83 30.80 30.76 30.73 30.68 30.63 30.57 30.51 30.44 30.38 30.30 30.24 30.20 30.17 30.14 30.11 30.06 30.02 29.98 29.93 29.64 29.44 29.61 29.69 29.77 29.74 29.79 29.81 29.85
30.62 30.63 30.64 30.65 30.66 30.66 30.67 30.67 30.68 30.68 30.68 30.69 30.69 30.69 30.70 30.70 30.71 30.71 30.72 30.73 30.74 30.74 30.74 30.75 30.77 30.79 30.79 30.81 30.82 30.84 30.85 30.87 30.88 30.89 30.89 30.91 30.91 30.92 30.92 30.93 30.93 30.93 30.93 30.92 30.91 30.91 30.89 30.87 30.84 30.82 30.79 30.75 30.71 30.66 30.60 30.55 30.48 30.42 30.35 30.28 30.22 30.18 30.14 30.10 30.07 30.02 29.89 29.65 29.62 29.52 29.74 29.78 29.77 29.77 29.77 29.77 29.86
30.61 30.62 30.64 30.64 30.65 30.65 30.66 30.67 30.68 30.68 30.68 30.69 30.69 30.69 30.70 30.70 30.71 30.72 30.72 30.73 30.74 30.74 30.75 30.76 30.77 30.79 30.80 30.82 30.84 30.84 30.86 30.87 30.88 30.90 30.91 30.91 30.92 30.93 30.94 30.94 30.95 30.94 30.94 30.93 30.93 30.92 30.91 30.89 30.87 30.84 30.81 30.77 30.73 30.70 30.64 30.58 30.53 30.46 30.39 30.33 30.26 30.20 30.16 30.11 30.05 30.02 29.96 29.92 29.80 29.83 29.74 29.71 29.55 29.76 29.74 29.59 29.89
30.61 30.62 30.63 30.63 30.64 30.65 30.66 30.66 30.67 30.67 30.67 30.68 30.69 30.69 30.70 30.70 30.71 30.72 30.72 30.73 30.74 30.75 30.76 30.76 30.78 30.79 30.81 30.83 30.84 30.86 30.87 30.89 30.89 30.90 30.92 30.93 30.94 30.94 30.95 30.95 30.96 30.95 30.96 30.95 30.95 30.94 30.92 30.91 30.89 30.87 30.84 30.81 30.77 30.73 30.68 30.62 30.57 30.51 30.45 30.39 30.32 30.26 30.19 30.14 30.09 30.02 29.95 29.91 29.84 29.72 29.61 29.56 29.58 29.57 29.84 29.46 29.70
30.60 30.61 30.62 30.62 30.64 30.64 30.65 30.65 30.67 30.67 30.67 30.68 30.68 30.68 30.70 30.70 30.71 30.72 30.72 30.73 30.74 30.75 30.76 30.77 30.79 30.80 30.82 30.83 30.85 30.86 30.88 30.89 30.91 30.92 30.92 30.94 30.95 30.96 30.96 30.97 30.97 30.98 30.97 30.97 30.96 30.95 30.95 30.92 30.91 30.89 30.87 30.83 30.80 30.76 30.71 30.67 30.62 30.56 30.50 30.44 30.38 30.32 30.26 30.20 30.15 30.05 29.92 29.92 29.64 29.77 29.68 29.75 29.68 29.37 29.61 29.80 29.76
30.59 30.60 30.62 30.62 30.63 30.63 30.65 30.65 30.65 30.66 30.67 30.68 30.68 30.68 30.69 30.70 30.71 30.72 30.72 30.73 30.74 30.75 30.76 30.78 30.79 30.81 30.82 30.84 30.86 30.88 30.88 30.90 30.91 30.93 30.94 30.95 30.96 30.97 30.98 30.98 30.99 30.99 30.98 30.99 30.98 30.98 30.96 30.95 30.94 30.92 30.89 30.87 30.83 30.79 30.75 30.71 30.67 30.61 30.56 30.50 30.45 30.39 30.33 30.27 30.21 30.10 29.95 29.99 29.99 29.87 29.95 29.84 29.88 29.77 29.60 29.87 29.65
30.58 30.60 30.60 30.61 30.62 30.63 30.63 30.64 30.65 30.66 30.66 30.66 30.68 30.68 30.69 30.69 30.70 30.72 30.72 30.73 30.74 30.75 30.77 30.78 30.80 30.82 30.83 30.85 30.86 30.88 30.90 30.92 30.93 30.94 30.95 30.96 30.98 30.98 30.99 30.99 31.00 31.00 31.01 31.00 31.00 30.99 30.99 30.98 30.96 30.95 30.92 30.90 30.87 30.83 30.80 30.76 30.72 30.67 30.61 30.56 30.51 30.46 30.40 30.34 30.22 30.10 29.99 30.02 29.98 29.82 29.87 29.75 29.74 29.55 29.84 29.85 29.94
30.58 30.59 30.59 30.61 30.61 30.62 30.62 30.64 30.64 30.64 30.66 30.66 30.67 30.68 30.69 30.69 30.70 30.71 30.72 30.73 30.74 30.75 30.77 30.78 30.80 30.82 30.84 30.86 30.87 30.89 30.90 30.92 30.94 30.95 30.97 30.97 30.99 31.00 31.00 31.01 31.01 31.02 31.02 31.02 31.03 31.02 31.01 31.00 30.99 30.98 30.95 30.93 30.90 30.88 30.84 30.80 30.76 30.71 30.68 30.63 30.58 30.52 30.47 30.42 30.09 29.92 30.00 29.61 29.87 29.82 29.92 29.54 29.64 29.84 29.83 29.76 29.95
30.57 30.57 30.59 30.59 30.60 30.61 30.62 30.62 30.64 30.64 30.65 30.66 30.67 30.67 30.69 30.69 30.70 30.71 30.72 30.73 30.74 30.76 30.77 30.80 30.81 30.83 30.85 30.87 30.89 30.90 30.92 30.93 30.95 30.96 30.98 30.99 31.00 31.01 31.03 31.03 31.04 31.04 31.05 31.05 31.04 31.04 31.03 31.02 31.02 31.00 30.99 30.96 30.94 30.91 30.88 30.85 30.81 30.77 30.72 30.68 30.63 30.59 30.54 30.49 30.19 30.14 29.79 29.80 29.64 29.86 29.95 29.64 29.68 29.87 29.70 29.74 29.85
30.55 30.56 30.57 30.58 30.60 30.60 30.61 30.62 30.62 30.64 30.64 30.65 30.66 30.67 30.67 30.69 30.70 30.71 30.72 30.73 30.74 30.76 30.78 30.80 30.82 30.83 30.85 30.87 30.89 30.91 30.93 30.95 30.97 30.97 30.99 31.00 31.02 31.02 31.04 31.05 31.05 31.06 31.06 31.06 31.07 31.07 31.06 31.06 31.05 31.03 31.02 31.00 30.98 30.95 30.93 30.90 30.86 30.82 30.78 30.74 30.69 30.65 30.61 30.56 30.39 30.37 30.15 29.84 29.59 30.03 29.83 29.56 29.74 29.77 29.72 29.75 29.63
30.54 30.55 30.56 30.58 30.58 30.60 30.60 30.61 30.62 30.63 30.64 30.65 30.65 30.67 30.67 30.69 30.70 30.70 30.72 30.73 30.74 30.77 30.79 30.80 30.82 30.85 30.87 30.89 30.90 30.92 30.94 30.96 30.98 30.99 31.01 31.02 31.03 31.05 31.05 31.07 31.08 31.08 31.08 31.09 31.09 31.09 31.08 31.08 31.07 31.06 31.05 31.03 31.02 30.99 30.96 30.93 30.90 30.87 30.83 30.80 30.76 30.71 30.67 30.63 30.53 30.45 30.37 30.22 29.81 29.87 29.71 29.27 29.91 29.53 29.73 29.47 29.58
30.53 30.54 30.55 30.56 30.57 30.58 30.59 30.60 30.61 30.62 30.63 30.64 30.65 30.66 30.67 30.68 30.69 30.70 30.72 30.73 30.76 30.77 30.79 30.80 30.83 30.85 30.87 30.89 30.91 30.93 30.96 30.96 30.98 31.00 31.02 31.04 31.05 31.06 31.08 31.08 31.09 31.10 31.11 31.11 31.11 31.12 31.11 31.11 31.10 31.10 31.08 31.07 31.05 31.03 31.00 30.99 30.95 30.92 30.89 30.85 30.81 30.77 30.73 30.69 30.60 30.54 30.43 30.35 30.08 29.65 29.71 29.55 29.82 29.39 29.74 29.74 29.52
30.51 30.52 30.54 30.54 30.56 30.56 30.58 30.59 30.60 30.61 30.62 30.63 30.64 30.65 30.67 30.67 30.69 30.70 30.72 30.73 30.76 30.77 30.79 30.82 30.83 30.85 30.88 30.90 30.92 30.94 30.96 30.98 31.00 31.02 31.03 31.05 31.07 31.08 31.09 31.11 31.11 31.12 31.13 31.14 31.14 31.14 31.14 31.13 31.13 31.12 31.11 31.11 31.08 31.07 31.05 31.03 31.00 30.97 30.94 30.91 30.87 30.83 30.78 30.72 30.66 30.61 30.39 30.32 30.09 29.89 29.76 29.43 29.74 29.82 29.62 29.78 29.81
30.49 30.51 30.52 30.54 30.54 30.56 30.56 30.58 30.58 30.60 30.62 30.62 30.64 30.65 30.66 30.67 30.69 30.70 30.72 30.73 30.76 30.77 30.80 30.82 30.84 30.86 30.88 30.90 30.93 30.95 30.97 30.99 31.01 31.03 31.05 31.07 31.08 31.10 31.12 31.12 31.14 31.14 31.16 31.16 31.16 31.17 31.17 31.17 31.16 31.16 31.15 31.14 31.12 31.11 31.09 31.07 31.04 31.01 30.99 30.95 30.92 30.89 30.84 30.79 30.74 30.63 30.51 30.47 30.21 29.91 29.61 29.63 29.73 29.59 29.81 29.78 29.80
30.47 30.49 30.51 30.52 30.53 30.54 30.56 30.56 30.58 30.59 30.60 30.62 30.62 30.64 30.66 30.67 30.69 30.70 30.72 30.73 30.76 30.77 30.80 30.82 30.85 30.87 30.90 30.92 30.93 30.96 30.98 31.00 31.02 31.04 31.07 31.09 31.11 31.11 31.13 31.15 31.16 31.17 31.18 31.18 31.19 31.19 31.20 31.19 31.19 31.19 31.18 31.17 31.17 31.16 31.13 31.12 31.09 31.06 31.04 31.00 30.97 30.94 30.87 30.83 30.77 30.68 30.59 30.32 30.15 30.02 29.89 30.00 29.70 29.78 29.76 29.71 29.76
30.46 30.47 30.49 30.50 30.51 30.53 30.54 30.55 30.57 30.58 30.59 30.61 30.62 30.64 30.64 30.66 30.68 30.69 30.72 30.73 30.76 30.78 30.80 30.83 30.85 30.88 30.90 30.93 30.95 30.97 31.00 31.02 31.04 31.07 31.08 31.10 31.12 31.14 31.15 31.17 31.18 31.19 31.21 31.21 31.21 31.23 31.23 31.23 31.23 31.23 31.22 31.22 31.20 31.19 31.18 31.15 31.14 31.11 31.08 31.05 31.02 30.98 30.93 30.86 30.76 30.72 30.68 30.54 30.39 30.44 30.33 30.22 30.02 29.78 29.64 29.68 30.08
