main/data/temperature/22.04.2023.grid
ncols 886
nrows 691
xllcenter 112.0000
yllcenter -44.5000
cellsize 0.0500
nodata_value 99999.90
[rows 646 to 679 of 691, columns 770 to 846 of 886]
20.26 20.25 20.23 20.22 20.20 20.19 20.16 20.15 20.13 20.12 20.09 20.08 20.07 20.04 20.03 20.02 20.00 19.98 19.97 19.95 19.94 19.92 19.91 19.89 19.88 19.87 19.85 19.84 19.82 19.81 19.79 19.77 19.76 19.74 19.73 19.71 19.70 19.65 19.60 19.56 19.51 19.48 19.44 19.40 19.36 19.34 19.30 19.26 19.18 19.10 19.01 18.95 18.87 18.80 18.74 18.68 18.63 18.57 18.51 18.47 18.42 18.39 18.34 18.31 18.27 18.24 18.20 18.17 18.14 18.11 18.08 18.06 18.04 18.01 17.99 17.96 17.95
20.26 20.25 20.23 20.21 20.19 20.17 20.16 20.14 20.12 20.11 20.09 20.08 20.06 20.04 20.03 20.01 20.00 19.98 19.96 19.95 19.93 19.92 19.91 19.89 19.88 19.86 19.85 19.83 19.82 19.80 19.79 19.77 19.76 19.74 19.73 19.71 19.69 19.65 19.60 19.55 19.51 19.47 19.43 19.39 19.36 19.33 19.29 19.25 19.18 19.09 19.00 18.93 18.86 18.80 18.73 18.66 18.61 18.56 18.51 18.46 18.42 18.37 18.33 18.29 18.25 18.22 18.18 18.16 18.12 18.10 18.07 18.04 18.02 17.99 17.97 17.95 17.93
20.25 20.24 20.22 20.20 20.19 20.17 20.15 20.14 20.12 20.11 20.08 20.07 20.06 20.03 20.02 20.01 19.99 19.98 19.96 19.94 19.93 19.91 19.90 19.89 19.87 19.86 19.84 19.83 19.81 19.80 19.78 19.77 19.75 19.74 19.72 19.70 19.69 19.64 19.59 19.54 19.50 19.47 19.42 19.39 19.36 19.32 19.29 19.24 19.17 19.08 19.00 18.92 18.84 18.78 18.71 18.65 18.60 18.54 18.49 18.44 18.40 18.35 18.32 18.28 18.24 18.20 18.18 18.14 18.11 18.08 18.06 18.03 18.01 17.99 17.96 17.94 17.91
20.25 20.22 20.21 20.19 20.18 20.16 20.15 20.12 20.11 20.10 20.08 20.06 20.05 20.03 20.02 20.00 19.99 19.96 19.95 19.94 19.92 19.91 19.89 19.88 19.87 19.85 19.84 19.82 19.81 19.79 19.78 19.76 19.75 19.73 19.72 19.71 19.68 19.63 19.58 19.54 19.50 19.46 19.42 19.38 19.35 19.31 19.28 19.24 19.15 19.06 18.99 18.91 18.83 18.77 18.70 18.64 18.58 18.52 18.48 18.43 18.39 18.34 18.30 18.26 18.23 18.19 18.16 18.12 18.10 18.06 18.04 18.01 17.99 17.97 17.94 17.92 17.90
20.24 20.22 20.21 20.18 20.17 20.15 20.14 20.12 20.10 20.08 20.07 20.06 20.04 20.02 20.01 19.99 19.97 19.96 19.94 19.93 19.92 19.90 19.89 19.87 19.86 19.85 19.83 19.82 19.80 19.79 19.77 19.76 19.74 19.73 19.71 19.70 19.67 19.62 19.57 19.53 19.49 19.45 19.41 19.37 19.34 19.30 19.26 19.22 19.14 19.05 18.97 18.89 18.81 18.75 18.68 18.63 18.57 18.51 18.46 18.41 18.37 18.32 18.28 18.24 18.21 18.17 18.14 18.10 18.08 18.05 18.02 18.00 17.97 17.95 17.92 17.90 17.89
20.23 20.21 20.19 20.18 20.15 20.14 20.12 20.11 20.10 20.07 20.06 20.05 20.03 20.01 20.00 19.99 19.96 19.95 19.94 19.92 19.91 19.89 19.88 19.87 19.85 19.84 19.82 19.81 19.79 19.78 19.76 19.75 19.73 19.72 19.70 19.69 19.66 19.61 19.56 19.51 19.48 19.44 19.39 19.36 19.33 19.29 19.25 19.21 19.12 19.03 18.95 18.87 18.80 18.73 18.66 18.61 18.55 18.50 18.44 18.39 18.35 18.30 18.27 18.22 18.19 18.15 18.12 18.08 18.06 18.04 18.00 17.98 17.95 17.93 17.90 17.88 17.87
20.21 20.20 20.18 20.16 20.14 20.12 20.11 20.10 20.08 20.06 20.05 20.03 20.02 20.00 19.99 19.98 19.95 19.94 19.93 19.91 19.90 19.89 19.87 19.86 19.84 19.83 19.81 19.80 19.79 19.77 19.76 19.74 19.73 19.71 19.70 19.69 19.65 19.60 19.55 19.51 19.47 19.42 19.38 19.35 19.31 19.28 19.24 19.19 19.10 19.01 18.93 18.85 18.79 18.71 18.64 18.59 18.53 18.48 18.42 18.38 18.33 18.29 18.25 18.20 18.17 18.14 18.10 18.08 18.04 18.02 17.98 17.96 17.93 17.91 17.89 17.87 17.85
20.20 20.18 20.17 20.14 20.13 20.11 20.10 20.08 20.07 20.05 20.04 20.02 20.01 19.99 19.98 19.96 19.94 19.93 19.92 19.90 19.89 19.88 19.86 19.85 19.83 19.82 19.81 19.79 19.78 19.76 19.75 19.73 19.72 19.70 19.69 19.68 19.64 19.59 19.54 19.50 19.45 19.41 19.37 19.33 19.30 19.26 19.22 19.17 19.08 19.00 18.91 18.83 18.77 18.69 18.62 18.57 18.51 18.46 18.40 18.36 18.31 18.27 18.23 18.19 18.15 18.12 18.08 18.06 18.02 18.00 17.96 17.94 17.92 17.89 17.87 17.85 17.83
20.18 20.17 20.14 20.13 20.11 20.10 20.08 20.07 20.05 20.03 20.02 20.01 20.00 19.97 19.96 19.95 19.93 19.92 19.91 19.89 19.88 19.86 19.84 19.83 19.81 19.80 19.80 19.78 19.77 19.75 19.74 19.72 19.71 19.69 19.68 19.67 19.62 19.57 19.52 19.47 19.44 19.39 19.35 19.32 19.29 19.25 19.21 19.15 19.06 18.98 18.89 18.81 18.74 18.67 18.61 18.55 18.49 18.44 18.38 18.34 18.29 18.25 18.21 18.17 18.13 18.10 18.06 18.04 18.00 17.98 17.95 17.92 17.90 17.87 17.85 17.84 17.81
20.16 20.14 20.13 20.11 20.10 20.08 20.07 20.05 20.03 20.02 20.01 20.00 19.97 19.96 19.95 19.93 19.92 19.91 19.89 19.87 19.86 19.84 19.83 19.82 19.80 19.79 19.77 19.76 19.74 19.74 19.73 19.71 19.70 19.68 19.67 19.64 19.61 19.56 19.51 19.46 19.42 19.38 19.34 19.30 19.27 19.23 19.20 19.13 19.03 18.95 18.87 18.79 18.72 18.65 18.58 18.53 18.46 18.42 18.36 18.32 18.27 18.23 18.18 18.15 18.11 18.08 18.04 18.01 17.99 17.96 17.93 17.90 17.88 17.85 17.83 17.82 17.79
20.14 20.13 20.11 20.10 20.08 20.06 20.05 20.03 20.02 20.01 19.99 19.97 19.96 19.95 19.94 19.91 19.90 19.89 19.87 19.86 19.85 19.83 19.82 19.80 19.79 19.78 19.76 19.75 19.73 19.73 19.71 19.70 19.68 19.67 19.65 19.63 19.59 19.54 19.49 19.44 19.41 19.36 19.32 19.29 19.25 19.22 19.18 19.10 19.01 18.93 18.84 18.76 18.70 18.63 18.57 18.50 18.45 18.39 18.34 18.29 18.24 18.21 18.16 18.13 18.09 18.06 18.02 17.99 17.96 17.93 17.91 17.88 17.86 17.83 17.81 17.79 17.77
20.11 20.10 20.08 20.07 20.06 20.04 20.03 20.02 20.01 19.98 19.97 19.96 19.95 19.92 19.91 19.90 19.89 19.87 19.86 19.85 19.83 19.82 19.81 19.79 19.78 19.76 19.75 19.73 19.72 19.71 19.70 19.69 19.67 19.66 19.64 19.61 19.57 19.52 19.47 19.42 19.39 19.34 19.30 19.26 19.24 19.20 19.15 19.08 18.98 18.89 18.82 18.74 18.67 18.60 18.54 18.48 18.42 18.37 18.31 18.27 18.22 18.18 18.14 18.11 18.06 18.03 18.01 17.97 17.95 17.91 17.89 17.86 17.84 17.82 17.79 17.77 17.75
20.10 20.08 20.07 20.05 20.04 20.03 20.01 19.99 19.98 19.97 19.96 19.93 19.92 19.91 19.90 19.88 19.87 19.86 19.85 19.83 19.82 19.81 19.79 19.78 19.76 19.75 19.74 19.72 19.71 19.69 19.68 19.67 19.66 19.64 19.63 19.59 19.55 19.50 19.45 19.40 19.36 19.32 19.28 19.24 19.22 19.18 19.13 19.05 18.95 18.86 18.79 18.71 18.65 18.57 18.52 18.45 18.39 18.34 18.29 18.25 18.20 18.16 18.12 18.08 18.05 18.01 17.98 17.95 17.92 17.89 17.87 17.84 17.82 17.80 17.77 17.75 17.73
20.07 20.06 20.04 20.03 20.02 20.00 19.99 19.98 19.96 19.94 19.93 19.92 19.91 19.89 19.88 19.86 19.85 19.83 19.82 19.81 19.79 19.78 19.77 19.75 19.74 19.74 19.72 19.71 19.69 19.68 19.66 19.65 19.64 19.63 19.61 19.57 19.52 19.48 19.43 19.38 19.34 19.30 19.26 19.23 19.20 19.16 19.10 19.02 18.92 18.84 18.76 18.68 18.62 18.55 18.49 18.43 18.38 18.32 18.26 18.22 18.17 18.14 18.09 18.06 18.03 17.99 17.96 17.92 17.90 17.87 17.84 17.82 17.79 17.77 17.75 17.73 17.70
20.05 20.04 20.03 20.00 19.99 19.98 19.96 19.95 19.94 19.93 19.91 19.89 19.88 19.87 19.86 19.84 19.83 19.82 19.80 19.79 19.78 19.76 19.75 19.74 19.72 19.71 19.70 19.69 19.68 19.66 19.65 19.63 19.62 19.61 19.59 19.55 19.50 19.44 19.41 19.36 19.32 19.28 19.24 19.20 19.18 19.14 19.07 18.98 18.89 18.80 18.73 18.65 18.59 18.52 18.46 18.40 18.34 18.29 18.24 18.20 18.15 18.11 18.08 18.03 17.99 17.96 17.94 17.90 17.88 17.84 17.82 17.80 17.77 17.75 17.72 17.71 17.69
20.02 20.01 20.00 19.98 19.97 19.96 19.94 19.93 19.91 19.90 19.89 19.88 19.86 19.85 19.84 19.83 19.81 19.80 19.79 19.77 19.76 19.75 19.73 19.72 19.71 19.69 19.68 19.67 19.65 19.64 19.63 19.62 19.60 19.59 19.56 19.52 19.47 19.42 19.38 19.34 19.29 19.25 19.22 19.18 19.16 19.11 19.03 18.95 18.86 18.77 18.70 18.62 18.56 18.49 18.42 18.37 18.32 18.26 18.21 18.17 18.12 18.08 18.05 18.01 17.98 17.94 17.91 17.88 17.85 17.82 17.80 17.78 17.75 17.73 17.70 17.68 17.67
20.00 19.98 19.97 19.96 19.95 19.93 19.92 19.90 19.89 19.88 19.86 19.85 19.84 19.82 19.81 19.80 19.79 19.77 19.76 19.75 19.73 19.72 19.71 19.70 19.69 19.68 19.66 19.65 19.63 19.62 19.61 19.60 19.59 19.57 19.54 19.50 19.45 19.40 19.35 19.31 19.27 19.23 19.20 19.16 19.12 19.09 19.00 18.91 18.83 18.74 18.67 18.59 18.53 18.46 18.39 18.34 18.28 18.24 18.18 18.14 18.09 18.06 18.01 17.98 17.95 17.91 17.89 17.85 17.83 17.79 17.77 17.75 17.72 17.70 17.68 17.66 17.64
19.97 19.95 19.94 19.93 19.92 19.91 19.89 19.88 19.86 19.85 19.84 19.83 19.82 19.81 19.79 19.78 19.77 19.76 19.74 19.73 19.72 19.70 19.69 19.68 19.66 19.65 19.64 19.63 19.62 19.60 19.59 19.57 19.57 19.55 19.51 19.46 19.42 19.37 19.32 19.29 19.25 19.20 19.17 19.14 19.10 19.05 18.96 18.87 18.79 18.70 18.63 18.56 18.49 18.43 18.36 18.31 18.25 18.21 18.16 18.11 18.07 18.03 18.00 17.96 17.92 17.89 17.86 17.83 17.80 17.77 17.75 17.73 17.70 17.68 17.66 17.64 17.62
19.94 19.92 19.91 19.90 19.89 19.88 19.87 19.86 19.83 19.82 19.81 19.80 19.79 19.78 19.76 19.75 19.74 19.73 19.71 19.70 19.69 19.68 19.67 19.66 19.64 19.63 19.62 19.60 19.59 19.59 19.57 19.56 19.54 19.53 19.49 19.43 19.38 19.34 19.30 19.25 19.22 19.18 19.14 19.11 19.07 19.01 18.92 18.83 18.75 18.67 18.59 18.52 18.45 18.40 18.33 18.28 18.22 18.18 18.13 18.09 18.04 18.00 17.96 17.93 17.89 17.86 17.84 17.80 17.78 17.75 17.72 17.70 17.67 17.66 17.64 17.61 17.60
19.91 19.89 19.88 19.87 19.86 19.85 19.84 19.83 19.81 19.80 19.79 19.78 19.77 19.76 19.74 19.73 19.72 19.71 19.69 19.68 19.67 19.66 19.64 19.63 19.62 19.61 19.60 19.58 19.57 19.56 19.55 19.54 19.52 19.50 19.46 19.40 19.35 19.32 19.27 19.23 19.18 19.15 19.12 19.09 19.05 18.97 18.88 18.79 18.72 18.63 18.55 18.49 18.42 18.36 18.30 18.25 18.19 18.15 18.10 18.06 18.01 17.98 17.93 17.90 17.86 17.84 17.81 17.78 17.75 17.72 17.70 17.68 17.65 17.63 17.61 17.59 17.57
19.88 19.87 19.85 19.84 19.83 19.82 19.81 19.79 19.78 19.77 19.76 19.75 19.74 19.73 19.71 19.70 19.69 19.68 19.66 19.65 19.64 19.64 19.62 19.61 19.60 19.58 19.57 19.57 19.55 19.54 19.52 19.51 19.50 19.47 19.41 19.37 19.32 19.28 19.24 19.20 19.16 19.13 19.09 19.05 19.02 18.93 18.84 18.75 18.67 18.59 18.52 18.45 18.38 18.33 18.27 18.22 18.16 18.12 18.07 18.03 17.98 17.95 17.90 17.87 17.85 17.81 17.78 17.75 17.73 17.69 17.67 17.65 17.62 17.61 17.59 17.56 17.55
19.84 19.84 19.83 19.81 19.79 19.78 19.77 19.76 19.75 19.74 19.73 19.72 19.71 19.69 19.68 19.67 19.66 19.66 19.64 19.63 19.62 19.61 19.59 19.58 19.58 19.56 19.55 19.54 19.53 19.52 19.50 19.49 19.48 19.43 19.38 19.33 19.29 19.25 19.20 19.17 19.13 19.09 19.06 19.03 18.98 18.88 18.79 18.71 18.63 18.56 18.48 18.42 18.35 18.29 18.23 18.18 18.13 18.09 18.04 18.00 17.95 17.92 17.88 17.85 17.81 17.78 17.76 17.72 17.70 17.67 17.65 17.63 17.60 17.58 17.56 17.54 17.52
19.81 19.80 19.79 19.77 19.76 19.75 19.74 19.73 19.72 19.71 19.70 19.70 19.68 19.67 19.66 19.65 19.64 19.62 19.61 19.60 19.60 19.58 19.57 19.56 19.55 19.53 19.53 19.51 19.50 19.49 19.48 19.47 19.44 19.39 19.35 19.30 19.25 19.22 19.17 19.13 19.10 19.06 19.04 19.00 18.92 18.84 18.75 18.67 18.59 18.51 18.44 18.38 18.31 18.25 18.20 18.14 18.10 18.05 18.00 17.97 17.92 17.89 17.85 17.82 17.78 17.75 17.73 17.69 17.67 17.64 17.62 17.60 17.57 17.56 17.54 17.51 17.50
19.77 19.76 19.75 19.74 19.74 19.73 19.71 19.70 19.70 19.69 19.67 19.66 19.65 19.64 19.63 19.62 19.60 19.59 19.59 19.58 19.57 19.55 19.54 19.54 19.52 19.51 19.50 19.48 19.48 19.47 19.45 19.43 19.41 19.36 19.31 19.27 19.22 19.18 19.14 19.10 19.07 19.04 19.00 18.96 18.88 18.79 18.70 18.61 18.54 18.47 18.40 18.33 18.28 18.21 18.16 18.11 18.06 18.01 17.97 17.93 17.89 17.86 17.82 17.79 17.75 17.73 17.70 17.67 17.65 17.61 17.59 17.58 17.55 17.53 17.51 17.49 17.47
19.73 19.72 19.71 19.70 19.70 19.68 19.68 19.67 19.66 19.65 19.64 19.63 19.62 19.61 19.60 19.58 19.58 19.57 19.56 19.55 19.53 19.52 19.52 19.50 19.49 19.48 19.47 19.46 19.45 19.43 19.43 19.41 19.36 19.32 19.27 19.22 19.19 19.14 19.11 19.07 19.03 19.01 18.97 18.92 18.83 18.73 18.65 18.57 18.50 18.42 18.36 18.29 18.24 18.18 18.13 18.07 18.03 17.98 17.94 17.89 17.86 17.82 17.79 17.76 17.72 17.70 17.66 17.64 17.62 17.59 17.57 17.55 17.52 17.50 17.49 17.46 17.45
19.70 19.69 19.68 19.67 19.66 19.66 19.65 19.64 19.63 19.62 19.61 19.60 19.58 19.57 19.57 19.56 19.55 19.54 19.52 19.51 19.51 19.50 19.48 19.47 19.47 19.46 19.44 19.43 19.43 19.41 19.40 19.38 19.33 19.27 19.24 19.19 19.14 19.11 19.07 19.04 19.00 18.97 18.93 18.86 18.78 18.69 18.61 18.53 18.45 18.38 18.31 18.25 18.20 18.14 18.09 18.04 17.99 17.94 17.91 17.86 17.83 17.79 17.76 17.73 17.69 17.67 17.63 17.61 17.59 17.56 17.54 17.51 17.49 17.48 17.45 17.44 17.42
19.66 19.65 19.64 19.63 19.63 19.63 19.61 19.60 19.59 19.58 19.57 19.56 19.55 19.55 19.54 19.53 19.51 19.51 19.50 19.49 19.48 19.46 19.46 19.45 19.44 19.42 19.42 19.41 19.39 19.39 19.37 19.33 19.29 19.24 19.19 19.15 19.11 19.08 19.04 19.00 18.97 18.94 18.89 18.81 18.72 18.64 18.55 18.48 18.40 18.34 18.27 18.21 18.15 18.10 18.04 18.00 17.95 17.91 17.86 17.83 17.80 17.76 17.73 17.70 17.66 17.64 17.60 17.58 17.55 17.53 17.51 17.49 17.47 17.45 17.42 17.41 17.39
19.63 19.62 19.61 19.60 19.59 19.59 19.58 19.57 19.56 19.55 19.54 19.54 19.53 19.51 19.50 19.49 19.49 19.48 19.47 19.45 19.45 19.44 19.43 19.41 19.41 19.40 19.39 19.38 19.37 19.35 19.33 19.29 19.24 19.20 19.15 19.11 19.08 19.03 18.99 18.97 18.93 18.90 18.84 18.76 18.66 18.59 18.50 18.43 18.36 18.30 18.23 18.17 18.11 18.06 18.01 17.96 17.91 17.88 17.83 17.80 17.76 17.72 17.70 17.66 17.63 17.61 17.58 17.55 17.52 17.50 17.48 17.46 17.44 17.42 17.40 17.38 17.37
19.59 19.58 19.57 19.56 19.55 19.55 19.54 19.53 19.52 19.51 19.51 19.50 19.49 19.48 19.47 19.47 19.45 19.44 19.43 19.43 19.42 19.40 19.39 19.39 19.38 19.36 19.36 19.35 19.33 19.33 19.29 19.24 19.20 19.15 19.12 19.07 19.03 19.00 18.96 18.93 18.90 18.86 18.79 18.69 18.61 18.53 18.45 18.38 18.31 18.24 18.19 18.12 18.07 18.01 17.97 17.92 17.88 17.84 17.80 17.76 17.72 17.69 17.66 17.63 17.60 17.58 17.55 17.52 17.49 17.48 17.46 17.43 17.41 17.40 17.37 17.36 17.34
19.54 19.54 19.53 19.53 19.52 19.51 19.51 19.50 19.49 19.48 19.48 19.46 19.45 19.44 19.44 19.43 19.42 19.41 19.41 19.39 19.38 19.38 19.37 19.35 19.35 19.34 19.33 19.32 19.31 19.29 19.25 19.20 19.15 19.11 19.07 19.04 18.99 18.96 18.93 18.89 18.86 18.81 18.73 18.64 18.56 18.47 18.40 18.33 18.27 18.20 18.14 18.08 18.03 17.98 17.93 17.88 17.84 17.80 17.76 17.73 17.69 17.66 17.62 17.60 17.57 17.54 17.52 17.50 17.47 17.45 17.43 17.40 17.38 17.37 17.34 17.33 17.31
19.51 19.50 19.50 19.49 19.48 19.47 19.47 19.46 19.45 19.44 19.44 19.43 19.42 19.41 19.41 19.39 19.38 19.38 19.37 19.36 19.36 19.34 19.33 19.33 19.32 19.30 19.30 19.29 19.27 19.24 19.20 19.15 19.11 19.06 19.03 18.99 18.96 18.92 18.88 18.86 18.82 18.75 18.66 18.58 18.49 18.42 18.34 18.28 18.21 18.15 18.09 18.04 17.99 17.94 17.89 17.84 17.81 17.76 17.73 17.70 17.66 17.63 17.59 17.57 17.54 17.51 17.49 17.46 17.44 17.42 17.39 17.37 17.36 17.34 17.32 17.30 17.29
19.47 19.46 19.45 19.45 19.44 19.43 19.42 19.42 19.41 19.40 19.40 19.39 19.38 19.38 19.37 19.36 19.36 19.34 19.33 19.33 19.32 19.31 19.30 19.29 19.28 19.28 19.27 19.25 19.24 19.19 19.15 19.10 19.06 19.02 18.98 18.95 18.91 18.89 18.85 18.82 18.77 18.68 18.60 18.51 18.44 18.36 18.29 18.23 18.16 18.11 18.05 18.00 17.94 17.90 17.85 17.81 17.76 17.73 17.69 17.65 17.62 17.59 17.56 17.53 17.51 17.48 17.46 17.43 17.41 17.39 17.36 17.34 17.33 17.30 17.29 17.27 17.26
19.43 19.42 19.41 19.41 19.40 19.39 19.39 19.38 19.37 19.36 19.36 19.35 19.34 19.34 19.33 19.32 19.32 19.31 19.30 19.29 19.28 19.27 19.27 19.26 19.25 19.24 19.23 19.22 19.19 19.15 19.10 19.05 19.02 18.97 18.94 18.90 18.88 18.84 18.81 18.77 18.71 18.62 18.54 18.46 18.38 18.31 18.24 18.17 18.12 18.05 18.00 17.94 17.90 17.86 17.81 17.77 17.72 17.69 17.66 17.62 17.59 17.55 17.53 17.50 17.47 17.45 17.43 17.40 17.38 17.36 17.33 17.32 17.30 17.28 17.26 17.25 17.23
19.38 19.38 19.37 19.36 19.36 19.35 19.34 19.34 19.33 19.32 19.32 19.31 19.30 19.30 19.29 19.29 19.28 19.27 19.27 19.26 19.24 19.24 19.23 19.23 19.22 19.20 19.20 19.18 19.14 19.09 19.05 19.01 18.97 18.93 18.89 18.87 18.83 18.80 18.77 18.73 18.64 18.56 18.47 18.40 18.32 18.25 18.18 18.12 18.06 18.01 17.96 17.90 17.86 17.81 17.77 17.73 17.69 17.65 17.61 17.58 17.55 17.52 17.49 17.46 17.44 17.42 17.39 17.37 17.35 17.33 17.30 17.29 17.27 17.25 17.23 17.22 17.20
