main/data/temperature/22.07.2023.grid
ncols 886
nrows 691
xllcenter 112.0000
yllcenter -44.5000
cellsize 0.0500
nodata_value 99999.90
[rows 102 to 135 of 691, columns 77 to 153 of 886]
26.66 26.67 26.69 26.70 26.72 26.73 26.75 26.76 26.78 26.79 26.81 26.83 26.84 26.86 26.86 26.88 26.89 26.91 26.92 26.94 26.95 26.97 26.97 26.99 27.00 27.02 27.03 27.05 27.05 27.07 27.08 27.10 27.10 27.12 27.13 27.14 27.15 27.16 27.18 27.18 27.20 27.20 27.22 27.23 27.23 27.25 27.25 27.27 27.27 27.28 27.29 27.29 27.30 27.31 27.31 27.32 27.33 27.33 27.33 27.35 27.35 27.35 27.35 27.37 27.37 27.37 27.38 27.38 27.39 27.40 27.40 27.40 27.40 27.40 27.40 27.40 27.41
26.66 26.67 26.68 26.69 26.71 26.72 26.74 26.75 26.77 26.78 26.80 26.81 26.83 26.84 26.86 26.88 26.89 26.90 26.91 26.93 26.94 26.96 26.97 26.99 26.99 27.01 27.02 27.04 27.05 27.06 27.07 27.09 27.10 27.11 27.12 27.14 27.14 27.16 27.17 27.18 27.19 27.20 27.21 27.22 27.23 27.24 27.25 27.26 27.26 27.27 27.28 27.29 27.30 27.30 27.31 27.32 27.32 27.33 27.33 27.33 27.33 27.35 27.35 27.36 27.36 27.38 27.38 27.38 27.38 27.39 27.40 27.40 27.40 27.40 27.40 27.39 27.39
26.64 26.66 26.67 26.69 26.70 26.72 26.74 26.75 26.77 26.77 26.79 26.80 26.82 26.83 26.85 26.86 26.88 26.90 26.91 26.92 26.93 26.95 26.96 26.98 26.99 27.00 27.01 27.03 27.04 27.06 27.07 27.08 27.09 27.10 27.11 27.13 27.14 27.15 27.16 27.17 27.18 27.20 27.20 27.22 27.22 27.24 27.24 27.26 27.26 27.27 27.28 27.28 27.29 27.30 27.30 27.30 27.32 27.32 27.32 27.33 27.34 27.34 27.35 27.36 27.36 27.37 27.38 27.38 27.38 27.39 27.39 27.39 27.40 27.40 27.39 27.39 27.39
26.63 26.65 26.66 26.68 26.69 26.71 26.72 26.74 26.76 26.77 26.79 26.80 26.82 26.83 26.84 26.85 26.87 26.89 26.90 26.92 26.93 26.94 26.95 26.97 26.98 27.00 27.02 27.02 27.04 27.05 27.07 27.07 27.09 27.10 27.11 27.12 27.14 27.14 27.16 27.17 27.18 27.19 27.20 27.21 27.22 27.23 27.24 27.25 27.25 27.27 27.27 27.27 27.29 27.29 27.30 27.30 27.31 27.32 27.32 27.32 27.34 27.34 27.35 27.36 27.36 27.37 27.37 27.38 27.38 27.39 27.39 27.39 27.39 27.39 27.39 27.39 27.38
26.63 26.64 26.66 26.67 26.69 26.71 26.71 26.73 26.74 26.76 26.78 26.79 26.81 26.82 26.84 26.85 26.87 26.88 26.89 26.91 26.92 26.94 26.95 26.96 26.98 26.99 27.01 27.02 27.03 27.04 27.06 27.07 27.08 27.09 27.11 27.11 27.13 27.15 27.15 27.17 27.17 27.19 27.19 27.20 27.21 27.23 27.23 27.24 27.25 27.26 27.27 27.27 27.29 27.29 27.29 27.30 27.30 27.31 27.32 27.32 27.33 27.34 27.35 27.35 27.35 27.37 27.37 27.37 27.37 27.38 27.38 27.38 27.38 27.38 27.38 27.38 27.38
26.61 26.63 26.65 26.66 26.68 26.69 26.71 26.73 26.74 26.76 26.77 26.79 26.80 26.81 26.83 26.84 26.86 26.88 26.89 26.91 26.91 26.93 26.95 26.96 26.98 26.98 27.00 27.01 27.03 27.04 27.05 27.07 27.08 27.09 27.10 27.12 27.12 27.14 27.14 27.16 27.17 27.18 27.20 27.20 27.21 27.22 27.22 27.24 27.24 27.26 27.26 27.27 27.28 27.28 27.29 27.29 27.30 27.31 27.31 27.33 27.33 27.34 27.35 27.35 27.36 27.36 27.37 27.37 27.37 27.37 27.38 27.38 27.38 27.38 27.37 27.37 27.36
26.61 26.63 26.64 26.66 26.68 26.68 26.70 26.71 26.73 26.75 26.76 26.78 26.80 26.81 26.83 26.84 26.85 26.87 26.88 26.90 26.91 26.93 26.94 26.95 26.97 26.98 27.00 27.01 27.02 27.04 27.05 27.06 27.07 27.09 27.10 27.11 27.12 27.13 27.15 27.15 27.17 27.17 27.19 27.19 27.21 27.21 27.23 27.23 27.24 27.25 27.26 27.26 27.28 27.28 27.28 27.29 27.30 27.31 27.32 27.32 27.33 27.34 27.34 27.35 27.36 27.36 27.36 27.37 27.37 27.37 27.37 27.38 27.38 27.38 27.37 27.37 27.36
26.60 26.62 26.63 26.65 26.66 26.68 26.70 26.71 26.73 26.75 26.76 26.78 26.79 26.80 26.82 26.83 26.85 26.87 26.88 26.89 26.90 26.92 26.94 26.95 26.96 26.98 26.99 27.01 27.01 27.03 27.05 27.06 27.07 27.08 27.10 27.10 27.12 27.13 27.14 27.16 27.16 27.18 27.18 27.20 27.20 27.21 27.22 27.23 27.23 27.25 27.25 27.26 27.27 27.28 27.28 27.29 27.30 27.30 27.32 27.32 27.33 27.34 27.34 27.34 27.36 27.36 27.36 27.36 27.37 27.37 27.37 27.37 27.38 27.37 27.37 27.36 27.36
26.60 26.61 26.63 26.65 26.66 26.68 26.69 26.70 26.72 26.73 26.75 26.77 26.78 26.80 26.82 26.83 26.84 26.86 26.87 26.89 26.90 26.92 26.93 26.94 26.96 26.98 26.98 27.00 27.02 27.03 27.04 27.05 27.07 27.08 27.09 27.11 27.11 27.13 27.14 27.15 27.16 27.17 27.18 27.19 27.20 27.21 27.22 27.22 27.24 27.24 27.25 27.25 27.27 27.27 27.28 27.29 27.30 27.31 27.31 27.32 27.33 27.33 27.34 27.35 27.35 27.36 27.36 27.36 27.37 27.37 27.37 27.37 27.36 27.37 27.36 27.36 27.35
26.59 26.60 26.62 26.64 26.65 26.67 26.68 26.70 26.72 26.73 26.75 26.77 26.78 26.79 26.81 26.82 26.84 26.86 26.87 26.88 26.90 26.91 26.93 26.95 26.95 26.97 26.99 27.00 27.01 27.02 27.04 27.05 27.06 27.08 27.09 27.10 27.11 27.12 27.14 27.14 27.16 27.17 27.18 27.19 27.19 27.21 27.21 27.22 27.23 27.24 27.24 27.26 27.26 27.27 27.28 27.29 27.30 27.31 27.31 27.32 27.33 27.33 27.34 27.35 27.35 27.36 27.36 27.36 27.36 27.37 27.37 27.36 27.36 27.36 27.36 27.35 27.35
26.58 26.60 26.62 26.63 26.65 26.67 26.68 26.70 26.72 26.72 26.74 26.76 26.77 26.79 26.81 26.82 26.84 26.85 26.86 26.88 26.90 26.91 26.92 26.94 26.95 26.97 26.98 26.99 27.01 27.03 27.03 27.05 27.07 27.07 27.09 27.09 27.11 27.12 27.13 27.14 27.15 27.16 27.18 27.18 27.20 27.20 27.21 27.22 27.23 27.24 27.25 27.25 27.26 27.27 27.28 27.28 27.30 27.30 27.31 27.32 27.33 27.33 27.33 27.35 27.35 27.35 27.36 27.36 27.36 27.37 27.36 27.36 27.36 27.36 27.36 27.35 27.34
26.58 26.60 26.61 26.63 26.65 26.66 26.67 26.69 26.70 26.72 26.74 26.76 26.77 26.79 26.81 26.81 26.83 26.85 26.86 26.88 26.89 26.90 26.92 26.94 26.95 26.96 26.98 26.99 27.00 27.02 27.04 27.04 27.06 27.08 27.08 27.10 27.10 27.12 27.13 27.14 27.15 27.16 27.17 27.19 27.19 27.20 27.21 27.22 27.23 27.24 27.25 27.25 27.27 27.27 27.28 27.29 27.30 27.30 27.31 27.32 27.32 27.33 27.34 27.34 27.35 27.35 27.36 27.36 27.36 27.36 27.36 27.36 27.35 27.35 27.35 27.34 27.33
26.58 26.60 26.60 26.62 26.64 26.65 26.67 26.69 26.70 26.72 26.74 26.76 26.77 26.78 26.80 26.81 26.83 26.85 26.86 26.87 26.89 26.90 26.92 26.93 26.95 26.96 26.98 26.99 27.00 27.02 27.03 27.04 27.06 27.07 27.08 27.09 27.11 27.11 27.13 27.14 27.15 27.16 27.18 27.18 27.19 27.20 27.21 27.21 27.23 27.24 27.24 27.26 27.26 27.27 27.28 27.29 27.29 27.31 27.31 27.32 27.32 27.34 27.34 27.34 27.35 27.35 27.35 27.36 27.36 27.35 27.36 27.36 27.35 27.34 27.35 27.34 27.33
26.57 26.58 26.60 26.62 26.63 26.65 26.67 26.69 26.70 26.72 26.74 26.74 26.76 26.78 26.80 26.81 26.83 26.84 26.86 26.87 26.89 26.91 26.91 26.93 26.95 26.96 26.97 26.99 27.01 27.01 27.03 27.05 27.05 27.07 27.08 27.10 27.10 27.12 27.12 27.14 27.15 27.16 27.17 27.18 27.19 27.20 27.20 27.22 27.23 27.23 27.25 27.25 27.26 27.27 27.28 27.29 27.30 27.30 27.31 27.32 27.32 27.33 27.34 27.34 27.35 27.35 27.35 27.36 27.35 27.35 27.36 27.35 27.35 27.34 27.34 27.33 27.32
26.56 26.58 26.60 26.61 26.63 26.65 26.67 26.68 26.70 26.72 26.73 26.74 26.76 26.78 26.80 26.81 26.82 26.84 26.86 26.87 26.89 26.90 26.91 26.93 26.95 26.96 26.97 26.99 27.00 27.02 27.03 27.04 27.06 27.06 27.08 27.09 27.11 27.11 27.13 27.14 27.15 27.16 27.17 27.18 27.19 27.20 27.21 27.22 27.22 27.24 27.25 27.25 27.27 27.27 27.28 27.29 27.30 27.30 27.31 27.31 27.33 27.33 27.34 27.34 27.34 27.35 27.35 27.35 27.35 27.35 27.35 27.35 27.34 27.34 27.34 27.33 27.32
26.56 26.58 26.60 26.61 26.63 26.65 26.67 26.68 26.70 26.71 26.73 26.74 26.76 26.78 26.80 26.80 26.82 26.84 26.86 26.87 26.88 26.90 26.92 26.93 26.94 26.96 26.98 26.98 27.00 27.02 27.03 27.04 27.05 27.07 27.08 27.09 27.10 27.12 27.12 27.14 27.15 27.15 27.17 27.18 27.18 27.20 27.21 27.21 27.23 27.24 27.24 27.26 27.26 27.27 27.29 27.29 27.30 27.30 27.31 27.32 27.33 27.33 27.34 27.34 27.34 27.35 27.35 27.35 27.35 27.35 27.35 27.35 27.34 27.34 27.33 27.32 27.31
26.56 26.58 26.59 26.61 26.63 26.65 26.66 26.68 26.69 26.71 26.73 26.74 26.76 26.78 26.80 26.80 26.82 26.84 26.86 26.88 26.88 26.90 26.92 26.93 26.94 26.96 26.97 26.99 27.00 27.01 27.03 27.05 27.05 27.07 27.08 27.10 27.10 27.11 27.13 27.14 27.15 27.16 27.17 27.18 27.19 27.20 27.20 27.22 27.23 27.23 27.25 27.26 27.26 27.28 27.28 27.29 27.29 27.30 27.31 27.32 27.33 27.33 27.34 27.34 27.34 27.35 27.35 27.35 27.35 27.34 27.35 27.34 27.34 27.34 27.33 27.32 27.31
26.56 26.57 26.59 26.61 26.63 26.65 26.66 26.68 26.69 26.71 26.72 26.74 26.76 26.78 26.80 26.80 26.82 26.84 26.86 26.87 26.88 26.90 26.92 26.93 26.95 26.96 26.97 26.99 27.01 27.01 27.03 27.04 27.06 27.06 27.08 27.09 27.11 27.12 27.12 27.14 27.15 27.15 27.17 27.18 27.18 27.20 27.21 27.22 27.22 27.24 27.25 27.25 27.27 27.27 27.28 27.29 27.29 27.31 27.31 27.32 27.32 27.33 27.33 27.34 27.34 27.35 27.34 27.35 27.35 27.34 27.35 27.34 27.33 27.33 27.32 27.31 27.31
26.55 26.57 26.59 26.61 26.63 26.64 26.66 26.68 26.70 26.71 26.72 26.74 26.76 26.78 26.80 26.80 26.82 26.84 26.86 26.87 26.89 26.90 26.92 26.93 26.95 26.96 26.97 26.99 27.00 27.02 27.04 27.04 27.06 27.07 27.08 27.09 27.10 27.11 27.13 27.14 27.14 27.16 27.17 27.17 27.19 27.20 27.20 27.22 27.23 27.24 27.24 27.26 27.27 27.27 27.28 27.29 27.30 27.31 27.31 27.32 27.32 27.33 27.33 27.34 27.34 27.35 27.34 27.35 27.35 27.35 27.34 27.34 27.34 27.33 27.32 27.32 27.30
26.56 26.58 26.59 26.61 26.62 26.64 26.66 26.68 26.70 26.71 26.72 26.74 26.76 26.78 26.80 26.80 26.82 26.84 26.86 26.87 26.89 26.90 26.92 26.93 26.95 26.96 26.98 26.99 27.00 27.02 27.03 27.05 27.05 27.06 27.08 27.09 27.10 27.11 27.12 27.13 27.15 27.16 27.16 27.18 27.19 27.20 27.21 27.22 27.23 27.23 27.25 27.26 27.26 27.27 27.29 27.29 27.30 27.30 27.31 27.32 27.32 27.33 27.33 27.34 27.34 27.35 27.34 27.35 27.34 27.35 27.34 27.33 27.34 27.33 27.32 27.31 27.30
26.56 26.58 26.60 26.61 26.62 26.64 26.66 26.68 26.70 26.71 26.73 26.74 26.76 26.78 26.80 26.82 26.82 26.84 26.86 26.88 26.89 26.91 26.92 26.93 26.95 26.96 26.98 26.99 27.01 27.01 27.02 27.04 27.05 27.07 27.07 27.08 27.10 27.11 27.12 27.14 27.14 27.15 27.17 27.18 27.18 27.20 27.21 27.22 27.22 27.24 27.25 27.25 27.26 27.28 27.29 27.29 27.30 27.30 27.31 27.32 27.32 27.33 27.33 27.34 27.34 27.35 27.34 27.35 27.34 27.35 27.34 27.34 27.33 27.32 27.32 27.31 27.29
26.56 26.58 26.60 26.61 26.63 26.65 26.67 26.68 26.70 26.71 26.73 26.75 26.76 26.78 26.80 26.82 26.83 26.84 26.86 26.87 26.89 26.91 26.92 26.93 26.94 26.96 26.97 26.98 27.00 27.01 27.02 27.03 27.04 27.06 27.07 27.09 27.09 27.10 27.12 27.13 27.14 27.16 27.16 27.17 27.19 27.20 27.20 27.21 27.23 27.24 27.24 27.26 27.27 27.28 27.28 27.29 27.30 27.30 27.32 27.33 27.33 27.33 27.33 27.34 27.34 27.35 27.35 27.35 27.35 27.34 27.34 27.34 27.33 27.33 27.31 27.30 27.30
26.57 26.58 26.59 26.61 26.63 26.65 26.67 26.69 26.70 26.71 26.73 26.75 26.77 26.78 26.80 26.82 26.83 26.84 26.85 26.87 26.88 26.90 26.91 26.93 26.94 26.95 26.96 26.98 26.99 27.00 27.02 27.03 27.05 27.05 27.06 27.08 27.09 27.11 27.12 27.12 27.14 27.15 27.16 27.18 27.19 27.19 27.21 27.22 27.23 27.23 27.25 27.26 27.27 27.27 27.28 27.29 27.30 27.31 27.32 27.32 27.33 27.34 27.33 27.34 27.35 27.35 27.35 27.35 27.35 27.34 27.34 27.33 27.33 27.32 27.31 27.31 27.29
26.56 26.58 26.60 26.62 26.64 26.65 26.67 26.68 26.69 26.71 26.73 26.74 26.76 26.78 26.79 26.81 26.82 26.84 26.84 26.86 26.87 26.89 26.90 26.92 26.93 26.95 26.96 26.98 26.98 27.00 27.01 27.02 27.04 27.05 27.07 27.08 27.08 27.10 27.11 27.13 27.14 27.15 27.17 27.17 27.18 27.20 27.21 27.22 27.23 27.24 27.25 27.26 27.27 27.27 27.29 27.30 27.30 27.31 27.32 27.32 27.33 27.34 27.34 27.34 27.35 27.35 27.35 27.34 27.35 27.34 27.34 27.33 27.33 27.32 27.32 27.30 27.29
26.56 26.58 26.60 26.62 26.63 26.65 26.65 26.67 26.69 26.70 26.72 26.73 26.75 26.76 26.78 26.80 26.81 26.83 26.83 26.85 26.86 26.88 26.89 26.91 26.92 26.94 26.95 26.97 26.98 27.00 27.01 27.02 27.03 27.04 27.06 27.07 27.09 27.10 27.11 27.13 27.14 27.15 27.16 27.17 27.18 27.20 27.21 27.21 27.23 27.24 27.25 27.26 27.27 27.28 27.29 27.30 27.30 27.31 27.32 27.32 27.33 27.34 27.35 27.34 27.35 27.34 27.35 27.35 27.35 27.35 27.34 27.34 27.33 27.33 27.31 27.30 27.29
26.56 26.57 26.59 26.61 26.62 26.64 26.64 26.66 26.67 26.69 26.71 26.72 26.74 26.75 26.77 26.78 26.80 26.82 26.83 26.85 26.86 26.88 26.88 26.90 26.91 26.93 26.94 26.96 26.97 26.99 27.00 27.02 27.03 27.05 27.06 27.07 27.08 27.09 27.11 27.12 27.13 27.15 27.16 27.17 27.19 27.19 27.20 27.22 27.23 27.24 27.25 27.26 27.27 27.28 27.29 27.30 27.30 27.31 27.32 27.33 27.33 27.34 27.35 27.34 27.35 27.36 27.35 27.35 27.35 27.35 27.34 27.34 27.34 27.32 27.31 27.30 27.28
26.55 26.56 26.58 26.58 26.61 26.61 26.63 26.65 26.66 26.68 26.69 26.71 26.73 26.74 26.76 26.77 26.79 26.80 26.82 26.84 26.85 26.87 26.88 26.90 26.91 26.92 26.94 26.95 26.96 26.98 26.99 27.01 27.02 27.04 27.05 27.07 27.08 27.09 27.11 27.12 27.14 27.15 27.16 27.17 27.18 27.19 27.21 27.22 27.23 27.24 27.25 27.26 27.27 27.28 27.29 27.30 27.30 27.31 27.32 27.33 27.33 27.34 27.35 27.34 27.35 27.36 27.35 27.35 27.36 27.35 27.35 27.34 27.33 27.32 27.31 27.30 27.29
26.53 26.55 26.55 26.57 26.59 26.60 26.62 26.63 26.65 26.67 26.68 26.70 26.71 26.73 26.74 26.76 26.78 26.79 26.81 26.82 26.84 26.86 26.87 26.89 26.90 26.92 26.93 26.95 26.96 26.98 26.99 27.01 27.02 27.04 27.05 27.07 27.07 27.09 27.10 27.11 27.13 27.14 27.15 27.17 27.18 27.20 27.21 27.22 27.23 27.24 27.25 27.26 27.27 27.28 27.30 27.30 27.31 27.32 27.33 27.34 27.33 27.34 27.35 27.36 27.35 27.36 27.36 27.35 27.35 27.36 27.34 27.34 27.33 27.33 27.31 27.30 27.28
26.51 26.53 26.54 26.56 26.57 26.59 26.60 26.62 26.64 26.65 26.67 26.68 26.70 26.72 26.73 26.75 26.76 26.78 26.80 26.81 26.83 26.84 26.86 26.87 26.89 26.91 26.92 26.94 26.95 26.97 26.98 27.00 27.01 27.03 27.04 27.06 27.07 27.09 27.10 27.11 27.13 27.14 27.16 27.17 27.18 27.20 27.20 27.21 27.23 27.24 27.25 27.26 27.28 27.29 27.30 27.30 27.31 27.32 27.33 27.34 27.34 27.34 27.35 27.36 27.36 27.36 27.36 27.36 27.35 27.35 27.35 27.34 27.34 27.32 27.32 27.30 27.29
26.50 26.51 26.53 26.54 26.56 26.57 26.59 26.61 26.62 26.64 26.65 26.67 26.69 26.70 26.72 26.73 26.75 26.77 26.78 26.80 26.81 26.83 26.85 26.86 26.88 26.89 26.91 26.92 26.94 26.96 26.98 27.00 27.01 27.02 27.04 27.05 27.07 27.08 27.09 27.11 27.12 27.13 27.15 27.16 27.18 27.19 27.20 27.22 27.23 27.24 27.25 27.27 27.28 27.29 27.30 27.30 27.31 27.32 27.33 27.34 27.35 27.36 27.35 27.36 27.36 27.36 27.36 27.36 27.36 27.35 27.35 27.35 27.34 27.33 27.31 27.31 27.29
26.48 26.50 26.51 26.53 26.54 26.56 26.57 26.59 26.61 26.62 26.64 26.65 26.67 26.69 26.70 26.72 26.73 26.75 26.77 26.78 26.80 26.82 26.83 26.86 26.87 26.89 26.91 26.92 26.94 26.95 26.97 26.99 27.00 27.02 27.03 27.05 27.06 27.08 27.09 27.11 27.12 27.13 27.15 27.16 27.18 27.19 27.20 27.22 27.23 27.24 27.26 27.27 27.28 27.29 27.30 27.30 27.31 27.32 27.33 27.34 27.35 27.36 27.35 27.36 27.36 27.37 27.36 27.36 27.36 27.36 27.35 27.35 27.35 27.33 27.32 27.30 27.29
26.46 26.48 26.49 26.51 26.53 26.54 26.56 26.57 26.59 26.61 26.62 26.64 26.65 26.67 26.69 26.70 26.72 26.74 26.75 26.78 26.79 26.81 26.83 26.84 26.86 26.88 26.89 26.91 26.92 26.94 26.96 26.97 26.99 27.00 27.02 27.05 27.06 27.08 27.09 27.11 27.12 27.14 27.15 27.16 27.18 27.19 27.21 27.22 27.23 27.25 27.26 27.27 27.28 27.29 27.30 27.32 27.32 27.33 27.34 27.34 27.35 27.36 27.37 27.36 27.37 27.37 27.37 27.38 27.37 27.37 27.36 27.36 27.35 27.34 27.33 27.31 27.30
26.45 26.46 26.48 26.49 26.51 26.52 26.54 26.56 26.57 26.59 26.60 26.62 26.64 26.65 26.67 26.69 26.70 26.73 26.75 26.76 26.78 26.80 26.81 26.83 26.85 26.86 26.88 26.89 26.92 26.94 26.95 26.97 26.99 27.00 27.02 27.03 27.05 27.06 27.08 27.10 27.11 27.13 27.14 27.16 27.18 27.19 27.21 27.22 27.23 27.25 27.26 27.27 27.28 27.30 27.30 27.32 27.32 27.33 27.34 27.35 27.35 27.36 27.37 27.37 27.38 27.37 27.37 27.38 27.38 27.38 27.36 27.36 27.36 27.34 27.33 27.32 27.31
26.42 26.43 26.45 26.46 26.49 26.50 26.52 26.54 26.55 26.57 26.58 26.60 26.62 26.63 26.65 26.67 26.69 26.71 26.73 26.74 26.76 26.78 26.80 26.81 26.83 26.86 26.87 26.89 26.91 26.92 26.94 26.96 26.97 26.99 27.01 27.03 27.05 27.06 27.08 27.09 27.11 27.13 27.14 27.15 27.17 27.18 27.20 27.21 27.24 27.25 27.25 27.26 27.29 27.30 27.30 27.32 27.33 27.34 27.34 27.35 27.36 27.36 27.37 27.38 27.38 27.38 27.39 27.38 27.38 27.38 27.37 27.37 27.36 27.35 27.34 27.32 27.32
