main/data/temperature/22.08.2023.grid
ncols 886
nrows 691
xllcenter 112.0000
yllcenter -44.5000
cellsize 0.0500
nodata_value 99999.90
[rows 204 to 237 of 691, columns 231 to 307 of 886]
32.65 32.67 32.48 32.40 32.49 32.52 32.43 32.31 32.50 32.42 32.15 32.17 32.39 32.45 32.34 32.10 31.87 31.93 32.01 32.04 31.97 31.98 32.01 31.99 32.06 32.08 32.08 32.08 32.07 32.03 32.06 32.08 32.18 32.16 32.20 32.23 32.16 32.06 31.88 31.67 31.59 31.49 31.43 31.52 31.65 31.58 31.40 31.23 31.29 31.29 31.32 31.32 31.29 31.24 31.24 31.11 30.91 30.83 30.85 30.83 30.67 30.47 30.58 30.76 30.72 30.72 30.61 30.52 30.69 30.74 30.77 30.74 30.80 30.84 30.81 30.87 30.81
32.85 32.74 32.63 32.49 32.46 32.30 32.42 32.23 32.45 32.45 32.17 32.25 32.38 32.28 32.20 32.02 32.06 32.02 31.96 32.00 31.89 31.86 31.83 31.94 31.97 31.96 31.96 31.94 31.86 31.86 31.90 31.87 31.98 32.04 32.04 32.10 32.10 32.03 31.70 31.67 31.72 31.70 31.71 31.71 31.70 31.44 31.44 31.23 31.11 31.09 31.26 31.26 31.21 31.22 31.19 31.11 30.90 30.77 30.85 30.76 30.61 30.26 30.51 30.57 30.69 30.60 30.57 30.38 30.57 30.78 30.82 30.84 30.78 30.80 30.81 30.81 30.86
32.83 32.75 32.59 32.32 32.46 32.09 32.17 32.18 32.35 32.38 32.23 32.31 32.37 32.13 32.17 32.09 32.05 31.97 31.96 31.93 31.88 31.78 31.67 31.79 31.76 31.85 31.81 31.76 31.67 31.67 31.69 31.71 31.88 31.96 31.94 31.90 31.94 31.95 31.95 31.88 31.78 31.63 31.61 31.70 31.66 31.61 31.47 31.22 30.97 31.06 31.21 31.20 31.14 31.21 31.17 31.11 30.97 30.74 30.75 30.73 30.55 30.29 30.50 30.54 30.58 30.44 30.46 30.32 30.58 30.76 30.80 30.84 30.76 30.75 30.77 30.80 30.84
32.52 32.68 32.63 32.53 32.33 32.24 32.10 32.08 32.22 32.26 32.15 32.20 32.32 32.38 32.31 32.28 32.22 32.20 32.17 32.19 32.07 31.87 31.71 31.79 31.78 31.88 31.71 31.68 31.55 31.55 31.56 31.65 31.72 31.70 31.82 31.78 31.81 31.84 31.69 31.85 31.72 31.69 31.62 31.62 31.56 31.60 31.52 31.38 31.27 31.02 31.07 31.07 31.10 31.18 31.16 31.11 30.99 30.79 30.55 30.67 30.59 30.42 30.57 30.50 30.54 30.41 30.32 30.45 30.54 30.65 30.79 30.83 30.84 30.78 30.73 30.77 30.82
32.72 32.64 32.65 32.67 32.60 32.49 32.37 32.19 32.20 32.26 32.27 32.29 32.33 32.35 32.45 32.44 32.25 32.05 32.02 32.07 32.09 32.12 32.03 31.99 31.84 31.90 31.91 31.63 31.60 31.42 31.40 31.51 31.47 31.52 31.67 31.66 31.65 31.64 31.65 31.65 31.73 31.76 31.72 31.70 31.57 31.55 31.48 31.36 31.21 31.08 30.98 30.92 30.97 31.08 31.12 31.09 30.96 30.79 30.57 30.50 30.59 30.51 30.50 30.40 30.39 30.44 30.50 30.59 30.63 30.77 30.77 30.83 30.83 30.74 30.70 30.68 30.63
32.78 32.82 32.66 32.45 32.60 32.57 32.32 32.25 32.29 32.22 32.29 32.43 32.37 32.39 32.53 32.48 32.21 32.05 31.89 31.91 32.02 32.01 32.04 31.98 31.91 31.74 31.71 31.61 31.61 31.45 31.32 31.31 31.27 31.35 31.49 31.51 31.37 31.47 31.58 31.49 31.65 31.72 31.68 31.59 31.56 31.44 31.43 31.37 31.27 31.13 30.91 30.73 30.98 31.04 31.04 31.04 30.96 30.84 30.75 30.41 30.42 30.24 30.27 30.30 30.40 30.40 30.55 30.62 30.64 30.75 30.80 30.81 30.79 30.67 30.72 30.63 30.39
32.67 32.69 32.89 32.82 32.74 32.59 32.48 32.39 32.49 32.59 32.51 32.50 32.52 32.55 32.56 32.43 32.22 32.09 32.07 32.01 32.08 32.06 32.10 32.08 32.02 31.84 31.68 31.45 31.46 31.45 31.40 31.32 31.28 31.23 31.29 31.41 31.20 31.35 31.29 31.40 31.50 31.62 31.62 31.54 31.44 31.34 31.29 31.29 31.27 31.13 30.97 30.75 30.85 30.93 30.97 31.03 30.96 30.91 30.76 30.69 30.53 30.22 30.15 30.23 30.24 30.31 30.47 30.57 30.61 30.76 30.79 30.74 30.79 30.79 30.58 30.64 30.58
32.71 32.51 32.70 32.79 32.70 32.59 32.54 32.50 32.42 32.60 32.54 32.35 32.47 32.39 32.22 32.16 31.97 31.75 31.79 31.89 31.93 31.93 31.91 32.08 32.11 32.08 31.96 31.78 31.65 31.53 31.48 31.32 31.28 31.16 31.18 31.11 31.02 31.04 31.15 31.21 31.40 31.45 31.50 31.45 31.39 31.36 31.28 31.23 31.17 31.17 30.92 30.73 30.61 30.64 30.91 30.95 30.98 30.93 30.84 30.75 30.45 30.36 30.13 30.10 30.11 30.23 30.31 30.51 30.50 30.68 30.69 30.72 30.67 30.72 30.73 30.55 30.55
32.56 32.54 32.60 32.66 32.60 32.53 32.68 32.61 32.50 32.57 32.51 32.42 32.48 32.39 32.20 32.00 31.86 31.66 31.74 31.85 31.80 31.64 31.63 31.78 31.87 31.88 31.86 31.91 31.89 31.86 31.74 31.57 31.43 31.19 31.16 31.12 31.16 31.11 31.03 31.06 31.15 31.24 31.30 31.25 31.22 31.15 31.13 31.08 31.04 31.17 31.00 30.81 30.67 30.81 30.93 30.96 30.98 30.92 30.82 30.73 30.64 30.44 30.26 29.97 30.06 30.14 30.16 30.30 30.38 30.48 30.64 30.69 30.70 30.71 30.65 30.58 30.22
32.55 32.40 32.46 32.50 32.52 32.52 32.67 32.71 32.57 32.66 32.66 32.61 32.50 32.39 32.27 32.03 31.82 31.75 31.80 31.93 31.83 31.66 31.71 31.53 31.53 31.58 31.56 31.58 31.83 31.91 31.88 31.78 31.64 31.50 31.31 31.15 30.98 30.97 31.12 31.14 31.03 31.10 31.07 31.02 31.04 30.86 30.87 30.75 30.87 31.11 30.99 30.75 30.90 31.03 31.10 31.09 30.98 30.86 30.78 30.71 30.63 30.58 30.30 30.26 30.13 29.96 30.11 30.16 30.20 30.42 30.52 30.62 30.65 30.62 30.61 30.53 30.42
32.62 32.49 32.49 32.46 32.44 32.51 32.50 32.54 32.73 32.80 32.65 32.43 32.30 32.28 32.10 32.00 31.83 31.90 31.94 31.97 31.71 31.67 31.82 31.66 31.52 31.44 31.43 31.52 31.65 31.82 31.89 31.86 31.81 31.67 31.42 31.29 31.13 31.03 31.01 31.13 31.11 30.99 30.88 30.88 30.97 30.95 30.99 30.88 30.86 31.04 30.92 30.86 31.00 31.09 31.08 31.05 30.93 30.75 30.67 30.62 30.50 30.47 30.37 30.29 30.18 30.14 30.00 30.12 30.08 30.24 30.31 30.44 30.53 30.40 30.50 30.57 30.34
32.73 32.61 32.64 32.66 32.63 32.53 32.49 32.58 32.75 32.59 32.52 32.48 32.45 32.18 32.11 32.05 31.94 32.03 32.09 31.91 31.81 31.86 31.84 31.64 31.67 31.51 31.59 31.68 31.60 31.57 31.62 31.72 31.80 31.76 31.61 31.44 31.14 30.97 31.04 31.20 31.15 31.11 31.10 30.97 30.83 30.92 31.05 31.05 30.98 31.01 30.91 31.05 31.07 31.14 31.09 31.02 30.94 30.75 30.61 30.41 30.40 30.43 30.39 30.44 30.27 30.23 30.25 30.24 29.97 30.09 30.11 30.22 30.37 30.42 30.49 30.55 30.52
32.80 32.70 32.63 32.70 32.66 32.51 32.56 32.58 32.77 32.73 32.33 32.25 32.38 32.28 32.21 32.08 32.06 32.08 32.15 31.83 32.05 32.08 31.84 31.64 31.78 31.59 31.75 31.71 31.50 31.39 31.36 31.49 31.66 31.73 31.68 31.55 31.20 31.00 30.98 31.07 31.05 30.97 31.06 31.11 30.87 30.77 30.99 30.87 30.71 30.70 30.85 31.10 31.12 31.13 31.12 31.05 30.99 30.79 30.62 30.52 30.55 30.50 30.57 30.58 30.52 30.44 30.36 30.19 30.05 29.73 30.00 30.00 30.15 30.29 30.36 30.41 30.45
32.69 32.67 32.63 32.57 32.54 32.50 32.52 32.68 32.80 32.67 32.25 32.22 32.22 32.18 32.17 32.09 32.12 32.23 32.09 31.85 32.00 32.11 31.82 31.95 31.77 31.68 31.78 31.72 31.46 31.47 31.36 31.32 31.46 31.48 31.54 31.60 31.39 31.08 31.01 31.00 30.93 30.93 31.07 31.20 31.04 30.88 30.81 30.88 30.68 30.68 30.98 30.88 30.92 31.04 31.13 31.04 30.99 30.93 30.83 30.73 30.68 30.68 30.68 30.63 30.59 30.47 30.29 30.21 30.15 30.01 29.95 29.95 30.11 30.00 30.14 30.25 30.20
32.73 32.61 32.67 32.60 32.49 32.43 32.55 32.70 32.76 32.65 32.31 32.13 32.11 32.08 32.20 32.23 32.29 32.24 32.06 32.22 32.14 32.24 32.00 32.07 31.82 31.75 31.83 31.80 31.58 31.53 31.59 31.49 31.32 31.30 31.36 31.51 31.45 31.16 31.07 31.05 31.00 30.89 31.01 31.17 31.07 30.85 30.81 30.79 30.69 30.72 30.93 30.85 30.82 30.90 31.08 31.05 31.00 30.98 30.90 30.68 30.82 30.80 30.76 30.70 30.64 30.56 30.43 30.38 30.34 30.19 30.08 29.94 29.80 30.03 29.92 30.07 30.10
32.90 32.89 32.77 32.81 32.69 32.71 32.73 32.69 32.63 32.49 32.30 32.13 32.10 32.12 32.11 32.14 32.23 32.27 32.23 32.31 32.39 32.31 32.25 32.17 32.08 32.06 31.95 31.79 31.69 31.65 31.65 31.38 31.45 31.36 31.40 31.50 31.51 31.39 31.22 31.08 31.09 30.99 31.08 31.20 31.07 30.86 30.67 30.73 30.70 30.82 30.78 30.69 30.72 30.90 31.08 31.04 31.01 31.01 30.89 30.86 30.85 30.81 30.73 30.61 30.62 30.56 30.48 30.44 30.39 30.24 29.99 29.73 29.75 29.89 29.83 29.95 29.80
33.00 32.99 33.00 32.99 33.01 32.94 32.83 32.68 32.53 32.46 32.31 32.31 32.43 32.39 32.20 32.35 32.27 32.43 32.40 32.45 32.33 32.21 32.13 32.00 32.01 32.00 32.00 32.00 31.92 31.84 31.76 31.58 31.53 31.37 31.46 31.52 31.55 31.45 31.28 31.22 31.21 31.14 31.11 31.22 31.07 30.78 30.68 30.67 30.63 30.55 30.65 30.75 30.70 30.94 31.01 30.96 30.98 31.02 30.93 30.93 30.89 30.80 30.72 30.59 30.52 30.47 30.45 30.41 30.40 30.38 30.23 30.08 29.87 29.98 30.02 30.00 29.97
32.84 32.90 32.80 32.93 32.89 32.90 32.71 32.43 32.49 32.36 32.32 32.20 32.26 32.44 32.39 32.42 32.38 32.32 32.44 32.48 32.25 32.14 31.91 31.88 31.77 31.79 31.76 31.72 31.66 31.72 31.63 31.63 31.57 31.46 31.43 31.50 31.49 31.45 31.42 31.29 31.34 31.31 31.27 31.23 31.02 30.72 30.64 30.70 30.67 30.67 30.74 30.75 30.82 30.84 30.90 30.76 30.98 30.95 30.92 30.89 30.76 30.71 30.61 30.44 30.38 30.38 30.42 30.37 30.36 30.36 30.31 30.27 30.14 30.07 30.06 30.12 30.17
32.77 32.67 32.80 32.73 32.80 32.78 32.75 32.72 32.57 32.35 32.30 32.31 32.21 32.28 32.45 32.48 32.54 32.57 32.55 32.50 32.31 32.17 31.98 32.00 31.76 31.76 31.84 31.78 31.66 31.58 31.47 31.39 31.39 31.45 31.46 31.41 31.42 31.46 31.45 31.44 31.41 31.38 31.30 31.10 30.94 30.73 30.71 30.79 30.78 30.73 30.74 30.71 30.67 30.70 30.65 30.77 30.84 30.91 30.88 30.77 30.72 30.68 30.44 30.33 30.14 30.26 30.25 30.12 30.16 30.16 30.24 30.33 30.27 30.25 30.06 30.13 30.38
32.68 32.69 32.65 32.65 32.66 32.72 32.63 32.63 32.43 32.47 32.37 32.38 32.27 32.25 32.27 32.30 32.40 32.55 32.65 32.64 32.37 32.09 31.95 31.94 31.87 31.88 31.93 31.73 31.53 31.62 31.45 31.57 31.38 31.24 31.46 31.40 31.49 31.53 31.49 31.45 31.41 31.35 31.15 30.96 30.87 30.72 30.78 30.81 30.82 30.84 30.74 30.63 30.57 30.40 30.39 30.64 30.70 30.78 30.78 30.68 30.57 30.53 30.35 30.06 29.99 30.17 30.05 29.94 30.10 30.26 30.40 30.42 30.33 30.20 30.03 30.30 30.46
32.76 32.59 32.61 32.69 32.59 32.55 32.51 32.49 32.48 32.42 32.57 32.43 32.38 32.23 32.22 32.15 32.20 32.37 32.54 32.58 32.43 32.17 32.14 31.96 32.02 32.01 31.80 31.67 31.64 31.67 31.73 31.49 31.43 31.27 31.46 31.58 31.60 31.49 31.31 31.19 31.11 31.15 31.12 31.02 30.92 30.83 30.95 30.80 30.90 30.94 30.77 30.45 30.44 30.45 30.37 30.41 30.53 30.60 30.56 30.66 30.52 30.36 30.11 30.01 29.92 29.94 29.87 29.86 30.15 30.30 30.46 30.45 30.40 30.30 30.22 30.35 30.62
32.73 32.68 32.72 32.87 32.73 32.60 32.56 32.54 32.48 32.59 32.46 32.48 32.41 32.33 32.40 32.18 32.24 32.27 32.38 32.54 32.44 32.39 32.17 31.99 32.22 32.14 31.90 31.77 31.73 31.78 31.74 31.65 31.47 31.36 31.47 31.57 31.55 31.31 31.18 31.14 31.04 31.03 31.03 31.00 30.90 31.01 31.14 31.10 31.05 30.91 30.75 30.61 30.49 30.40 30.45 30.43 30.37 30.38 30.35 30.48 30.59 30.35 30.06 29.88 29.93 29.84 30.09 30.16 30.30 30.39 30.44 30.43 30.41 30.40 30.44 30.52 30.62
32.80 32.69 32.81 32.87 32.72 32.65 32.57 32.60 32.52 32.50 32.66 32.69 32.63 32.49 32.46 32.36 32.48 32.42 32.20 32.39 32.42 32.42 32.31 32.13 32.23 32.30 32.13 31.98 31.87 32.00 31.81 31.68 31.58 31.49 31.49 31.61 31.48 31.30 31.24 31.26 31.11 31.11 31.10 31.01 30.93 30.94 31.07 31.18 31.09 30.99 30.85 30.80 30.63 30.41 30.42 30.40 30.55 30.37 30.40 30.44 30.54 30.36 30.11 29.78 29.85 29.88 30.04 30.18 30.31 30.31 30.41 30.42 30.41 30.28 30.39 30.39 30.40
32.85 32.72 32.74 32.87 32.77 32.64 32.61 32.73 32.60 32.54 32.55 32.65 32.69 32.78 32.70 32.37 32.62 32.33 32.27 32.24 32.37 32.39 32.48 32.42 32.38 32.34 32.30 32.16 32.13 32.13 31.99 31.90 31.75 31.66 31.60 31.67 31.44 31.32 31.38 31.20 31.14 31.24 31.07 30.93 30.89 30.97 31.11 31.18 31.03 30.99 30.98 30.95 30.87 30.68 30.57 30.53 30.50 30.61 30.48 30.46 30.54 30.39 30.33 30.05 29.84 29.76 29.89 30.17 30.08 30.15 30.24 30.39 30.65 30.43 30.29 30.21 30.29
32.83 32.83 32.72 32.83 32.77 32.72 32.67 32.72 32.73 32.78 32.66 32.65 32.55 32.59 32.76 32.55 32.66 32.47 32.45 32.44 32.29 32.54 32.49 32.40 32.29 32.24 32.20 32.16 32.19 32.16 32.11 32.08 31.99 31.88 31.80 31.58 31.42 31.41 31.28 31.29 31.38 31.23 31.03 30.99 30.98 30.84 31.05 31.15 31.06 30.93 30.70 30.78 30.76 30.87 30.86 30.62 30.65 30.40 30.49 30.64 30.54 30.25 30.30 30.15 29.99 29.86 29.92 29.92 29.98 30.15 30.21 30.33 30.68 30.49 30.47 30.34 30.44
32.90 32.94 32.91 32.92 32.95 32.90 32.78 32.93 33.01 32.70 32.72 32.62 32.68 32.60 32.74 32.67 32.64 32.60 32.45 32.65 32.60 32.50 32.40 32.24 32.04 31.92 32.02 32.07 32.06 32.11 32.14 32.10 31.94 31.91 31.86 31.78 31.66 31.38 31.47 31.49 31.43 31.22 31.12 30.91 30.88 30.83 31.08 31.12 30.95 30.78 30.65 30.68 30.48 30.72 30.82 30.65 30.68 30.57 30.58 30.67 30.52 30.26 30.11 30.22 30.07 29.91 29.59 29.71 29.72 29.96 30.05 30.29 30.41 30.55 30.58 30.59 30.60
32.72 32.76 32.82 33.02 33.12 32.90 32.98 33.03 33.04 32.85 32.72 32.65 32.79 32.79 32.75 32.87 32.81 32.75 32.67 32.61 32.43 32.39 32.31 32.09 31.96 31.96 31.75 31.98 31.93 31.92 31.85 31.83 31.82 31.84 31.87 31.80 31.77 31.66 31.55 31.46 31.32 31.23 31.11 31.03 31.04 30.92 31.13 31.14 31.07 30.82 30.76 30.57 30.57 30.64 30.83 30.89 30.76 30.63 30.63 30.73 30.48 30.41 30.10 30.00 29.94 29.82 29.79 29.83 29.73 29.77 29.97 30.17 30.42 30.45 30.63 30.70 30.74
32.73 32.82 32.80 32.86 33.12 33.09 33.11 33.11 33.06 32.96 32.82 32.85 32.89 32.94 32.89 32.76 32.71 32.64 32.50 32.47 32.30 32.14 32.21 32.07 31.86 31.77 31.79 31.88 31.85 31.94 31.66 31.49 31.42 31.46 31.70 31.69 31.67 31.66 31.57 31.40 31.30 31.14 30.97 30.94 31.00 31.01 31.19 31.06 30.95 30.86 30.87 30.70 30.58 30.73 30.78 30.80 30.72 30.81 30.80 30.74 30.47 30.18 30.02 30.02 30.01 29.86 29.88 29.98 29.84 29.79 30.11 30.28 30.38 30.47 30.58 30.68 30.72
32.92 32.85 32.94 32.98 33.12 33.16 33.09 33.06 33.06 33.04 33.01 32.98 32.96 32.88 32.83 32.73 32.50 32.34 32.29 32.16 32.18 31.95 31.90 31.98 31.83 31.72 31.89 31.72 31.82 31.86 31.50 31.40 31.33 31.32 31.57 31.56 31.41 31.55 31.53 31.57 31.47 31.29 31.12 31.19 31.10 31.18 31.22 31.00 30.83 30.78 30.65 30.60 30.47 30.57 30.75 30.81 30.81 30.73 30.81 30.66 30.40 30.29 29.99 30.03 30.11 30.03 30.00 30.04 29.97 29.81 29.91 30.08 30.18 30.34 30.45 30.57 30.69
32.97 32.99 33.02 33.02 33.17 33.08 32.98 32.82 32.94 33.00 32.97 32.93 32.88 32.78 32.65 32.58 32.46 32.32 32.20 32.26 32.24 32.16 32.09 31.89 31.77 31.73 31.72 31.75 31.60 31.71 31.74 31.55 31.33 31.32 31.35 31.40 31.35 31.30 31.52 31.57 31.57 31.47 31.39 31.21 31.23 31.33 31.25 31.14 31.00 30.76 30.61 30.75 30.70 30.61 30.71 30.81 30.86 30.83 30.85 30.61 30.28 30.12 30.16 30.16 30.10 30.16 30.11 30.13 30.02 29.97 29.86 30.15 30.25 30.38 30.47 30.58 30.71
33.00 33.10 33.16 33.14 33.14 32.98 32.93 32.80 32.80 32.66 32.75 32.72 32.57 32.53 32.56 32.39 32.36 32.35 32.15 32.19 32.12 32.20 31.96 31.94 31.77 31.71 31.68 31.71 31.60 31.49 31.60 31.47 31.27 31.26 31.29 31.24 31.26 31.27 31.45 31.48 31.49 31.48 31.47 31.39 31.42 31.36 31.14 30.96 31.07 30.86 30.77 30.72 30.77 30.63 30.74 30.84 30.89 30.91 30.81 30.68 30.44 30.14 30.12 30.14 30.18 30.33 30.30 30.10 29.91 29.94 30.01 30.33 30.26 30.32 30.36 30.58 30.71
32.98 33.05 33.14 33.17 33.15 33.07 32.96 32.76 32.66 32.76 32.72 32.65 32.56 32.51 32.45 32.46 32.35 32.52 32.19 32.34 32.36 32.15 32.13 32.00 31.88 31.75 31.66 31.61 31.54 31.57 31.46 31.49 31.31 31.31 31.17 31.20 31.23 31.01 31.18 31.26 31.36 31.43 31.46 31.44 31.43 31.38 31.19 31.00 30.94 30.92 30.67 30.78 30.82 30.74 30.82 30.78 30.92 30.87 30.69 30.56 30.43 30.19 30.26 30.21 30.21 30.46 30.34 30.17 30.00 29.88 30.06 30.23 30.19 30.22 30.44 30.55 30.69
32.89 33.01 33.12 33.16 33.10 33.06 33.03 32.84 32.74 32.55 32.66 32.65 32.49 32.51 32.51 32.49 32.42 32.44 32.49 32.48 32.20 32.04 31.96 32.00 31.86 31.67 31.53 31.45 31.57 31.58 31.57 31.42 31.25 31.45 31.20 31.25 31.25 31.10 30.97 31.06 31.11 31.18 31.33 31.38 31.42 31.41 31.36 31.25 31.05 31.01 30.89 30.82 30.97 30.82 30.80 30.88 31.03 30.91 30.57 30.70 30.55 30.26 30.31 30.38 30.36 30.51 30.42 30.32 30.17 30.06 30.05 30.06 30.35 30.46 30.50 30.67 30.84
32.86 32.90 32.98 33.11 33.12 33.11 32.93 32.98 32.79 32.55 32.50 32.53 32.48 32.39 32.54 32.53 32.47 32.65 32.56 32.30 32.13 32.01 31.91 31.89 31.89 31.78 31.69 31.49 31.58 31.73 31.57 31.39 31.45 31.47 31.44 31.41 31.36 31.28 31.13 30.93 30.99 30.89 31.06 31.11 31.31 31.38 31.39 31.38 31.33 31.21 31.06 31.13 31.10 30.90 31.04 31.05 31.02 30.94 30.81 30.56 30.57 30.49 30.35 30.46 30.54 30.53 30.61 30.46 30.41 30.34 30.10 30.08 30.28 30.39 30.65 30.70 30.70
