main/data/temperature/22.07.2023.grid
ncols 886
nrows 691
xllcenter 112.0000
yllcenter -44.5000
cellsize 0.0500
nodata_value 99999.90
[rows 510 to 543 of 691, columns 462 to 538 of 886]
14.55 14.59 14.64 14.68 14.70 14.70 14.70 14.70 14.68 14.68 14.68 14.67 14.66 14.65 14.64 14.63 14.62 14.60 14.59 14.58 14.56 14.55 14.53 14.51 14.50 14.48 14.46 14.44 14.41 14.39 14.38 14.35 14.33 14.31 14.29 14.27 14.25 14.22 14.21 14.20 14.19 14.18 14.16 14.16 14.17 14.17 14.18 14.20 14.20 14.22 14.23 14.24 14.24 14.24 14.24 14.24 14.23 14.23 14.23 14.23 14.24 14.26 14.28 13.88 13.23 13.57 13.27 13.40 13.87 14.21 13.95 12.94 14.51 14.73 14.91 14.87 14.88
14.46 14.51 14.56 14.60 14.64 14.66 14.66 14.65 14.65 14.64 14.64 14.64 14.62 14.61 14.61 14.60 14.59 14.58 14.56 14.55 14.54 14.52 14.51 14.49 14.47 14.46 14.44 14.42 14.40 14.38 14.36 14.34 14.32 14.30 14.28 14.26 14.24 14.22 14.20 14.19 14.17 14.16 14.16 14.15 14.15 14.16 14.17 14.19 14.19 14.21 14.22 14.23 14.23 14.23 14.23 14.22 14.22 14.21 14.21 14.22 14.23 13.40 13.31 12.67 11.99 12.22 11.97 12.88 13.41 13.72 14.57 14.78 14.82 14.87 14.91 14.95 14.93
14.39 14.43 14.47 14.52 14.56 14.61 14.61 14.61 14.61 14.61 14.60 14.60 14.59 14.58 14.57 14.56 14.55 14.54 14.54 14.53 14.51 14.50 14.48 14.47 14.45 14.44 14.42 14.40 14.38 14.36 14.34 14.32 14.31 14.29 14.27 14.25 14.22 14.21 14.19 14.17 14.16 14.15 14.14 14.14 13.30 12.67 13.14 14.01 13.84 13.93 14.22 14.23 14.23 14.22 14.22 14.21 14.20 14.20 14.19 14.20 13.82 12.03 11.73 12.39 12.21 12.38 12.63 13.39 13.92 13.76 14.71 14.77 14.81 14.86 14.90 14.95 14.98
14.33 14.36 14.40 14.44 14.48 14.53 14.56 14.58 14.58 14.57 14.57 14.56 14.56 14.55 14.55 14.54 14.53 14.52 14.50 14.49 14.49 14.48 14.46 14.45 14.44 14.42 14.41 14.39 14.37 14.35 14.33 14.32 14.30 14.28 14.26 14.24 14.22 14.20 14.18 14.16 14.15 13.61 13.34 12.57 12.14 12.64 13.35 13.74 13.81 14.13 13.93 14.23 14.22 14.21 14.20 14.19 14.18 14.17 14.18 14.18 14.20 13.58 12.68 14.00 14.33 14.38 14.43 14.49 14.56 14.63 14.69 14.75 14.79 14.84 14.88 14.93 14.96
14.27 14.30 14.33 14.37 14.41 14.45 14.50 14.53 14.54 14.54 14.54 14.53 14.53 14.52 14.51 14.51 14.50 14.49 14.48 14.48 14.47 14.45 14.44 14.44 14.42 14.40 14.39 14.37 14.36 14.34 14.32 14.30 14.28 14.27 14.25 13.67 12.91 13.38 12.82 13.07 13.73 12.91 13.00 12.93 13.07 13.55 13.29 13.86 14.03 14.10 14.20 14.21 14.20 14.19 14.18 14.17 14.16 14.16 14.16 14.16 14.18 14.20 14.22 14.27 14.32 14.37 14.43 14.49 14.54 14.61 14.67 14.73 14.78 14.83 14.86 14.91 14.95
14.21 14.23 14.28 14.30 14.34 14.38 14.42 14.46 14.50 14.51 14.50 14.50 14.49 14.49 14.49 14.48 14.48 14.47 14.46 14.46 14.44 14.43 14.43 14.42 14.40 14.39 14.38 14.36 14.34 14.33 13.72 13.46 13.03 13.14 13.19 12.92 12.11 12.68 12.41 12.66 12.64 12.58 12.83 13.27 12.56 13.50 13.60 13.71 13.95 13.97 14.05 13.82 13.86 13.42 14.13 14.15 13.39 13.03 12.93 13.34 14.15 14.18 14.21 14.26 14.30 14.36 14.42 14.48 14.54 14.60 14.66 14.71 14.76 14.81 14.85 14.89 14.94
14.16 14.18 14.21 14.24 14.28 14.31 14.35 14.40 14.43 14.46 14.47 14.47 14.47 14.46 14.46 14.45 14.45 14.44 14.44 14.43 14.42 14.42 14.41 14.39 14.39 14.38 14.37 14.35 14.34 14.32 14.15 13.39 12.57 12.14 12.12 12.09 12.18 12.17 12.11 12.21 12.37 12.55 12.77 12.81 13.00 12.91 13.28 13.50 13.76 13.84 13.87 13.87 13.77 14.15 14.10 14.11 13.42 13.34 13.27 13.72 14.13 14.16 14.19 14.25 14.30 14.35 14.42 14.47 14.53 14.58 14.64 14.70 14.74 14.79 14.84 14.88 14.92
14.11 14.14 14.16 14.19 14.22 14.26 14.29 14.32 14.37 14.41 14.44 14.44 14.44 14.43 14.44 14.43 14.43 14.42 14.42 14.41 14.41 14.40 14.40 14.38 14.38 14.37 14.36 14.34 14.34 14.32 13.37 12.69 12.71 12.58 12.99 12.44 12.80 12.54 12.65 12.68 12.74 12.55 12.86 13.10 13.23 13.14 13.44 13.78 13.95 13.99 14.01 13.89 13.93 14.01 13.88 13.43 13.59 13.19 13.28 13.40 13.49 14.15 14.20 14.24 14.30 14.36 14.41 14.47 14.53 14.58 14.63 14.69 14.73 14.78 14.83 14.87 14.91
14.07 14.09 14.12 14.14 14.17 14.20 14.23 14.26 14.30 14.35 14.38 14.41 14.42 14.41 14.41 14.40 14.41 14.40 14.40 14.39 14.39 14.38 14.38 14.37 14.36 14.36 14.35 14.34 14.33 14.25 13.78 13.53 13.31 13.22 13.39 13.06 13.24 13.14 13.32 13.33 13.29 13.34 13.34 13.76 13.72 13.91 13.87 13.94 13.89 13.87 14.01 14.10 14.10 14.11 14.11 14.11 14.11 14.11 14.12 13.95 14.13 14.16 14.20 14.25 14.30 14.35 14.41 14.47 14.52 14.57 14.63 14.68 14.72 14.77 14.82 14.86 14.90
14.04 14.05 14.08 14.10 14.12 14.14 14.17 14.21 14.24 14.28 14.32 14.36 14.39 14.39 14.39 14.38 14.38 14.38 14.38 14.38 14.37 14.37 14.36 14.35 14.35 14.35 14.34 14.33 14.32 14.31 14.07 13.80 13.79 13.65 13.64 13.75 13.80 13.89 13.86 13.63 13.42 13.57 13.93 13.90 13.77 13.82 13.88 13.79 13.77 13.83 14.07 14.08 14.09 14.09 14.10 14.10 14.11 14.12 14.12 14.13 14.15 14.17 14.21 14.26 14.31 14.36 14.41 14.46 14.52 14.57 14.63 14.68 14.72 14.77 14.81 14.86 14.89
14.00 14.02 14.04 14.05 14.07 14.10 14.12 14.15 14.19 14.21 14.25 14.29 14.32 14.35 14.37 14.36 14.36 14.36 14.35 14.36 14.36 14.34 14.34 14.34 14.34 14.34 14.32 14.32 14.31 14.32 14.31 14.29 13.21 13.40 13.86 14.08 13.83 13.82 13.81 13.92 13.67 13.75 14.05 14.04 14.03 14.03 13.76 13.74 13.78 13.70 13.66 14.06 14.08 14.09 14.09 14.09 14.10 14.11 14.12 14.14 14.16 14.19 14.23 14.27 14.32 14.37 14.42 14.47 14.52 14.57 14.62 14.66 14.71 14.76 14.81 14.85 14.88
13.97 13.97 13.99 14.01 14.03 14.05 14.08 14.11 14.13 14.16 14.19 14.23 14.26 14.30 14.33 14.35 14.34 14.34 14.34 14.33 14.33 14.33 14.32 14.32 14.32 14.32 14.31 14.31 14.30 14.31 14.30 14.29 14.28 14.26 14.24 14.20 14.17 14.14 14.12 14.09 14.08 14.05 14.04 14.02 14.02 14.02 14.01 13.53 13.64 14.03 14.05 14.05 14.06 14.08 14.09 14.10 14.11 14.12 14.13 14.15 14.18 14.21 14.25 14.29 14.33 14.38 14.43 14.48 14.53 14.57 14.62 14.67 14.71 14.76 14.80 14.84 14.88
13.94 13.94 13.96 13.97 13.99 14.01 14.03 14.06 14.08 14.11 14.14 14.17 14.20 14.24 14.28 14.30 14.31 14.32 14.32 14.31 14.31 14.31 14.31 14.31 14.31 14.31 14.30 14.30 14.29 14.29 14.29 14.29 14.27 14.24 14.22 14.19 14.16 14.14 14.11 14.09 14.06 14.04 14.03 14.02 14.01 14.00 14.01 14.01 14.02 14.02 14.04 14.05 14.05 14.07 14.08 14.10 14.12 14.13 14.15 14.17 14.20 14.23 14.26 14.30 14.34 14.38 14.43 14.48 14.53 14.57 14.62 14.67 14.71 14.76 14.79 14.84 14.87
13.90 13.91 13.92 13.94 13.95 13.97 13.99 14.02 14.03 14.06 14.09 14.12 14.14 14.17 14.21 14.25 14.27 14.29 14.30 14.30 14.29 14.29 14.29 14.29 14.29 14.29 14.28 14.28 14.27 14.28 14.27 14.26 14.25 14.23 14.20 14.18 14.14 14.12 14.10 14.07 14.05 14.04 14.03 14.01 14.01 14.00 14.00 14.01 14.01 14.01 14.03 14.04 14.06 14.07 14.08 14.10 14.11 14.14 14.16 14.18 14.21 14.24 14.28 14.31 14.35 14.40 14.45 14.49 14.54 14.58 14.63 14.66 14.71 14.75 14.80 14.83 14.86
13.87 13.88 13.89 13.91 13.92 13.94 13.96 13.97 13.99 14.01 14.04 14.06 14.08 14.12 14.15 14.18 14.21 14.24 14.27 14.28 14.28 14.27 14.27 14.27 14.27 14.26 14.26 14.26 14.25 14.25 14.24 14.24 14.22 14.21 14.18 14.16 14.13 14.10 14.08 14.06 14.04 14.02 14.01 14.00 13.99 13.99 14.00 14.00 14.00 14.02 14.02 14.04 14.05 14.06 14.09 14.11 14.12 14.15 14.17 14.19 14.23 14.26 14.29 14.33 14.37 14.41 14.45 14.49 14.54 14.58 14.63 14.67 14.70 14.75 14.79 14.82 14.86
13.84 13.85 13.86 13.88 13.89 13.90 13.92 13.93 13.95 13.97 13.99 14.02 14.03 14.06 14.09 14.12 14.14 14.17 14.21 14.23 14.25 14.26 14.25 14.25 14.25 14.24 14.24 14.24 14.23 14.23 14.22 14.21 14.19 14.18 14.15 14.13 14.11 14.09 14.07 14.05 14.03 14.02 14.00 14.00 13.99 13.99 13.99 13.99 14.00 14.01 14.02 14.03 14.06 14.07 14.09 14.11 14.13 14.16 14.18 14.21 14.24 14.27 14.31 14.34 14.38 14.42 14.46 14.50 14.54 14.58 14.62 14.67 14.70 14.74 14.78 14.81 14.84
13.82 13.83 13.84 13.85 13.86 13.87 13.89 13.89 13.91 13.93 13.95 13.97 13.98 14.01 14.04 14.06 14.09 14.11 14.14 14.17 14.19 14.22 14.22 14.23 14.23 14.22 14.22 14.22 14.21 14.21 14.20 14.18 14.17 14.15 14.14 14.11 14.09 14.07 14.05 14.03 14.02 14.00 13.99 13.99 13.98 13.98 13.99 13.99 13.99 14.01 14.02 14.04 14.05 14.07 14.09 14.11 14.14 14.17 14.19 14.23 14.25 14.29 14.32 14.35 14.39 14.43 14.47 14.51 14.55 14.58 14.63 14.67 14.70 14.73 14.76 14.79 14.82
13.79 13.80 13.81 13.82 13.83 13.84 13.85 13.86 13.87 13.89 13.91 13.93 13.94 13.96 13.99 14.01 14.04 14.05 14.08 14.10 14.13 14.15 14.17 14.18 14.20 14.20 14.20 14.20 14.18 14.18 14.18 14.16 14.15 14.13 14.11 14.10 14.07 14.05 14.04 14.02 14.00 13.99 13.98 13.97 13.97 13.97 13.97 13.98 13.99 14.00 14.02 14.03 14.06 14.08 14.10 14.12 14.15 14.18 14.20 14.24 14.26 14.30 14.33 14.37 14.41 14.44 14.48 14.52 14.56 14.59 14.63 14.66 14.69 14.72 14.74 14.76 14.78
13.77 13.77 13.78 13.79 13.80 13.81 13.82 13.83 13.84 13.86 13.87 13.89 13.90 13.92 13.94 13.96 13.98 14.00 14.02 14.04 14.07 14.09 14.10 14.12 14.14 14.15 14.17 14.16 14.16 14.16 14.15 14.13 14.12 14.10 14.09 14.07 14.05 14.04 14.02 14.00 13.99 13.98 13.97 13.97 13.97 13.96 13.96 13.98 13.98 14.00 14.01 14.04 14.06 14.08 14.10 14.13 14.16 14.19 14.21 14.25 14.27 14.31 14.34 14.38 14.42 14.45 14.49 14.52 14.55 14.59 14.62 14.65 14.67 14.69 14.71 14.73 14.74
13.74 13.75 13.76 13.77 13.78 13.79 13.79 13.80 13.81 13.82 13.84 13.86 13.86 13.88 13.90 13.92 13.94 13.95 13.97 13.99 14.01 14.03 14.04 14.06 14.08 14.09 14.10 14.11 14.12 14.12 14.11 14.11 14.10 14.09 14.06 14.05 14.03 14.02 14.00 13.99 13.97 13.96 13.96 13.96 13.95 13.96 13.97 13.97 13.99 14.00 14.02 14.04 14.06 14.08 14.11 14.14 14.17 14.20 14.22 14.26 14.29 14.32 14.36 14.39 14.43 14.46 14.49 14.52 14.55 14.57 14.60 14.63 14.65 14.66 14.68 14.69 14.69
13.72 13.73 13.73 13.74 13.75 13.76 13.77 13.77 13.78 13.79 13.81 13.82 13.83 13.84 13.86 13.88 13.89 13.90 13.92 13.94 13.96 13.97 13.99 14.00 14.02 14.03 14.04 14.05 14.06 14.07 14.06 14.06 14.05 14.05 14.04 14.02 14.01 13.99 13.99 13.97 13.96 13.96 13.95 13.95 13.95 13.95 13.96 13.97 13.99 14.00 14.02 14.04 14.06 14.09 14.12 14.15 14.18 14.21 14.23 14.27 14.30 14.33 14.37 14.40 14.43 14.46 14.49 14.52 14.54 14.57 14.59 14.60 14.61 14.62 14.63 14.63 14.64
13.70 13.70 13.71 13.72 13.73 13.73 13.73 13.74 13.75 13.77 13.78 13.79 13.79 13.81 13.82 13.84 13.86 13.86 13.88 13.90 13.91 13.92 13.94 13.95 13.96 13.97 13.99 13.99 14.00 14.00 14.00 14.01 14.01 14.00 13.99 13.99 13.98 13.97 13.96 13.95 13.94 13.94 13.94 13.94 13.94 13.95 13.95 13.96 13.98 14.00 14.01 14.04 14.07 14.09 14.12 14.15 14.18 14.21 14.24 14.28 14.30 14.33 14.37 14.40 14.42 14.46 14.48 14.50 14.52 14.53 14.55 14.57 14.57 14.57 14.57 14.58 14.58
13.68 13.68 13.69 13.69 13.70 13.71 13.72 13.72 13.73 13.74 13.75 13.76 13.76 13.78 13.79 13.80 13.82 13.82 13.84 13.86 13.87 13.88 13.89 13.91 13.91 13.93 13.93 13.94 13.95 13.96 13.96 13.96 13.95 13.95 13.95 13.95 13.94 13.93 13.93 13.92 13.91 13.92 13.91 13.92 13.92 13.93 13.93 13.95 13.97 13.98 14.00 14.03 14.05 14.07 14.11 14.13 14.16 14.19 14.21 14.24 14.28 14.30 14.33 14.35 14.37 14.40 14.42 14.44 14.45 14.48 14.49 14.50 14.52 14.52 14.52 14.52 14.52
13.66 13.66 13.66 13.67 13.68 13.69 13.69 13.69 13.70 13.71 13.72 13.73 13.74 13.75 13.76 13.77 13.79 13.79 13.80 13.82 13.82 13.84 13.85 13.86 13.87 13.89 13.89 13.90 13.90 13.90 13.92 13.92 13.92 13.92 13.91 13.90 13.90 13.90 13.89 13.89 13.90 13.89 13.90 13.89 13.90 13.90 13.92 13.93 13.94 13.96 13.98 13.99 14.01 14.03 14.06 14.09 14.11 14.14 14.16 14.19 14.21 14.24 14.26 14.28 14.31 14.32 14.34 14.37 14.38 14.39 14.42 14.44 14.45 14.46 14.46 14.46 14.46
13.64 13.64 13.64 13.65 13.66 13.66 13.67 13.67 13.68 13.69 13.70 13.71 13.71 13.72 13.73 13.74 13.75 13.76 13.77 13.79 13.79 13.80 13.82 13.82 13.83 13.84 13.85 13.85 13.87 13.87 13.87 13.88 13.88 13.88 13.88 13.87 13.87 13.87 13.87 13.87 13.87 13.86 13.87 13.88 13.88 13.89 13.89 13.90 13.92 13.93 13.94 13.96 13.98 14.00 14.02 14.04 14.07 14.09 14.11 14.14 14.15 14.18 14.20 14.22 14.24 14.26 14.28 14.29 14.32 14.33 14.36 14.37 14.39 14.40 14.41 14.41 14.41
13.62 13.62 13.62 13.63 13.63 13.64 13.65 13.65 13.66 13.66 13.67 13.68 13.68 13.69 13.71 13.72 13.72 13.73 13.74 13.76 13.76 13.77 13.79 13.79 13.80 13.80 13.82 13.82 13.82 13.83 13.84 13.84 13.84 13.84 13.84 13.84 13.84 13.85 13.84 13.84 13.85 13.84 13.85 13.85 13.86 13.86 13.87 13.89 13.89 13.90 13.92 13.94 13.95 13.97 13.99 14.01 14.03 14.05 14.07 14.09 14.11 14.13 14.15 14.17 14.19 14.21 14.23 14.24 14.26 14.28 14.29 14.32 14.33 14.36 14.36 14.37 14.37
13.60 13.60 13.61 13.60 13.61 13.62 13.63 13.62 13.63 13.64 13.65 13.66 13.66 13.67 13.68 13.69 13.69 13.70 13.72 13.72 13.73 13.74 13.75 13.76 13.76 13.77 13.79 13.79 13.79 13.79 13.81 13.81 13.81 13.81 13.81 13.82 13.82 13.82 13.82 13.82 13.82 13.83 13.84 13.83 13.84 13.85 13.85 13.86 13.87 13.89 13.90 13.91 13.93 13.95 13.96 13.98 13.99 14.02 14.03 14.05 14.07 14.09 14.11 14.13 14.14 14.16 14.18 14.20 14.21 14.23 14.25 14.27 14.29 14.31 14.31 14.33 14.34
13.57 13.58 13.59 13.58 13.59 13.60 13.60 13.61 13.61 13.62 13.63 13.64 13.64 13.65 13.66 13.67 13.67 13.68 13.69 13.69 13.70 13.72 13.72 13.73 13.73 13.75 13.75 13.76 13.76 13.77 13.78 13.78 13.78 13.79 13.79 13.79 13.80 13.80 13.80 13.80 13.80 13.81 13.81 13.81 13.82 13.83 13.84 13.85 13.86 13.87 13.87 13.89 13.91 13.92 13.94 13.95 13.96 13.99 14.00 14.02 14.03 14.05 14.07 14.08 14.10 14.12 14.14 14.15 14.18 14.20 14.21 14.24 14.26 14.27 14.29 14.29 14.31
13.55 13.56 13.57 13.56 13.57 13.58 13.58 13.59 13.59 13.60 13.61 13.62 13.61 13.62 13.63 13.64 13.65 13.66 13.67 13.67 13.68 13.68 13.69 13.71 13.71 13.72 13.72 13.73 13.74 13.74 13.74 13.76 13.76 13.76 13.77 13.77 13.77 13.78 13.78 13.79 13.78 13.79 13.79 13.80 13.81 13.82 13.82 13.83 13.84 13.85 13.86 13.87 13.88 13.90 13.91 13.93 13.94 13.96 13.98 13.99 14.01 14.03 14.04 14.06 14.07 14.09 14.11 14.13 14.14 14.17 14.19 14.20 14.22 14.25 14.26 14.28 14.29
13.53 13.54 13.54 13.54 13.55 13.56 13.56 13.57 13.57 13.58 13.59 13.59 13.59 13.60 13.61 13.62 13.62 13.63 13.65 13.65 13.66 13.66 13.67 13.68 13.69 13.70 13.70 13.70 13.72 13.72 13.72 13.74 13.74 13.74 13.75 13.75 13.75 13.76 13.76 13.77 13.77 13.78 13.78 13.78 13.79 13.80 13.81 13.82 13.83 13.84 13.85 13.86 13.87 13.88 13.89 13.91 13.92 13.94 13.96 13.97 13.99 14.01 14.02 14.03 14.05 14.07 14.09 14.11 14.12 14.14 14.16 14.19 14.21 14.22 14.24 14.25 14.28
13.51 13.52 13.52 13.53 13.53 13.53 13.54 13.55 13.55 13.56 13.56 13.57 13.57 13.58 13.59 13.60 13.60 13.61 13.62 13.63 13.64 13.64 13.65 13.65 13.66 13.67 13.68 13.68 13.70 13.70 13.70 13.71 13.72 13.72 13.73 13.73 13.74 13.74 13.75 13.75 13.76 13.76 13.77 13.78 13.78 13.78 13.79 13.80 13.81 13.82 13.83 13.85 13.86 13.87 13.88 13.89 13.91 13.92 13.94 13.95 13.97 13.99 14.00 14.02 14.04 14.05 14.07 14.09 14.11 14.13 14.14 14.16 14.19 14.21 14.22 14.25 14.26
13.49 13.50 13.50 13.51 13.51 13.51 13.52 13.53 13.54 13.54 13.54 13.55 13.55 13.56 13.57 13.58 13.58 13.59 13.60 13.60 13.62 13.62 13.63 13.63 13.64 13.65 13.66 13.66 13.68 13.68 13.68 13.69 13.70 13.70 13.71 13.71 13.72 13.72 13.73 13.73 13.74 13.75 13.75 13.76 13.77 13.78 13.79 13.79 13.80 13.81 13.82 13.83 13.84 13.86 13.87 13.88 13.90 13.91 13.93 13.94 13.96 13.97 13.99 14.01 14.02 14.04 14.05 14.07 14.10 14.12 14.13 14.15 14.17 14.20 14.22 14.23 14.24
13.47 13.48 13.48 13.49 13.50 13.49 13.50 13.51 13.52 13.52 13.52 13.53 13.54 13.54 13.55 13.56 13.56 13.57 13.58 13.59 13.60 13.60 13.61 13.61 13.63 13.63 13.64 13.64 13.65 13.66 13.66 13.67 13.68 13.69 13.69 13.70 13.70 13.71 13.71 13.72 13.73 13.73 13.74 13.75 13.75 13.76 13.77 13.79 13.79 13.81 13.82 13.82 13.83 13.84 13.86 13.87 13.88 13.90 13.91 13.93 13.95 13.96 13.98 14.00 14.02 14.02 14.04 14.06 14.08 14.10 14.12 14.15 14.17 14.19 14.20 14.23 14.24
13.46 13.46 13.46 13.47 13.48 13.47 13.48 13.49 13.50 13.51 13.51 13.51 13.52 13.52 13.53 13.54 13.54 13.55 13.57 13.57 13.58 13.58 13.59 13.59 13.61 13.61 13.62 13.63 13.63 13.64 13.65 13.65 13.67 13.67 13.68 13.68 13.69 13.69 13.71 13.71 13.72 13.73 13.74 13.74 13.75 13.76 13.77 13.77 13.78 13.79 13.80 13.82 13.83 13.84 13.86 13.87 13.88 13.90 13.91 13.93 13.93 13.95 13.97 13.98 14.00 14.02 14.04 14.06 14.08 14.09 14.11 14.13 14.15 14.18 14.20 14.21 14.23
