main/data/temperature/22.04.2023.grid
ncols 886
nrows 691
xllcenter 112.0000
yllcenter -44.5000
cellsize 0.0500
nodata_value 99999.90
[rows 238 to 271 of 691, columns 77 to 153 of 886]
34.44 34.47 34.47 34.60 34.64 34.51 34.35 33.87 33.48 33.14 33.01 33.61 33.12 32.93 32.83 32.44 32.24 31.85 32.55 31.04 31.73 31.44 31.42 31.35 31.54 30.92 30.83 30.94 31.17 30.60 30.38 30.72 31.46 31.84 31.98 31.89 31.91 31.91 31.86 31.79 31.89 31.87 31.84 31.79 31.66 31.66 31.61 31.29 31.28 31.27 31.34 31.19 31.28 31.42 31.04 31.98 32.23 31.88 31.77 31.97 32.09 32.01 31.94 31.77 31.57 31.51 31.27 31.27 31.39 31.46 31.56 31.50 31.39 31.26 31.01 30.77 30.65
34.39 34.53 34.24 34.34 34.33 34.06 33.97 33.53 33.24 32.61 32.32 32.45 32.42 32.80 32.68 32.35 31.97 30.47 31.91 31.49 31.62 31.65 31.46 31.35 31.14 30.93 31.11 30.38 30.04 29.86 29.85 29.96 31.00 29.99 31.35 31.78 31.77 31.70 31.32 30.90 31.06 31.63 31.79 31.80 31.67 31.51 31.52 31.31 31.12 31.20 31.05 31.15 31.07 31.36 30.99 31.37 32.03 31.68 31.35 31.85 31.91 31.83 31.29 31.72 31.49 31.37 31.37 31.21 31.12 31.15 31.58 31.49 31.31 31.14 30.99 30.86 30.55
34.11 34.36 34.26 34.05 33.99 34.08 33.89 33.49 33.00 32.93 32.61 31.98 31.76 32.68 31.99 31.74 31.49 31.71 31.74 31.21 32.21 31.51 31.45 31.29 31.31 31.17 30.96 30.81 30.74 30.66 30.92 30.49 30.63 30.21 31.16 31.27 31.57 31.12 30.07 29.08 30.35 30.37 31.61 31.71 31.74 31.27 31.30 31.15 31.24 31.14 31.19 31.24 31.06 31.08 31.06 31.21 31.28 31.18 31.32 31.42 31.65 31.29 30.92 31.30 31.12 30.89 30.98 31.34 31.30 31.40 31.47 31.34 31.28 31.29 31.12 30.96 30.61
34.07 34.14 34.11 33.93 33.91 33.82 33.76 33.52 33.07 32.58 32.36 31.91 31.08 31.60 32.00 31.63 31.62 31.46 31.48 31.84 31.15 31.92 31.64 31.47 31.21 31.01 30.88 30.70 30.81 30.86 31.02 30.96 30.54 31.16 30.64 31.46 31.47 31.27 30.23 29.92 30.32 30.00 31.44 31.64 31.71 31.63 31.48 31.46 31.42 31.39 31.40 31.37 31.30 31.05 31.14 30.83 30.87 31.07 31.29 31.00 31.09 31.30 31.06 31.10 30.86 30.85 31.21 31.38 31.46 31.45 31.37 31.22 31.15 31.14 31.13 30.94 30.74
33.98 34.03 33.91 33.79 33.69 33.70 33.46 33.35 32.73 32.55 32.11 31.76 31.25 31.77 30.91 31.14 31.15 31.21 31.40 31.71 31.29 30.63 31.49 31.09 31.01 30.96 30.79 30.25 30.48 29.87 29.44 29.45 30.63 30.94 31.04 31.00 31.17 31.12 30.40 30.27 29.46 30.00 30.59 31.62 31.65 31.66 31.66 31.67 31.63 31.61 31.54 31.52 31.46 31.32 31.31 31.23 30.99 31.10 30.85 30.75 30.66 30.66 30.64 30.68 30.57 30.60 30.91 30.90 31.34 31.28 31.10 30.61 31.02 31.06 30.99 30.98 30.79
33.95 33.81 33.68 33.78 33.73 33.63 33.35 33.21 32.89 32.37 32.15 31.62 31.40 30.86 31.34 30.59 30.78 30.49 30.61 31.07 31.13 31.11 31.31 31.02 30.87 30.67 30.55 30.20 30.31 30.26 30.20 29.35 29.15 29.62 30.41 30.53 29.70 30.63 30.01 30.43 30.16 30.16 31.02 31.45 31.47 31.52 31.52 31.45 31.51 31.50 31.50 31.56 31.54 31.53 31.49 31.41 31.37 31.26 31.15 31.00 31.01 30.85 30.89 30.61 30.79 30.66 30.84 31.07 31.09 30.61 30.86 30.31 30.62 30.88 30.80 30.78 30.75
33.83 33.82 33.79 33.67 33.56 33.53 33.36 33.28 33.11 32.86 32.21 31.64 30.12 31.65 31.14 31.65 31.42 31.12 30.61 30.94 30.43 30.85 30.86 30.83 30.35 30.02 30.05 29.85 30.06 29.85 29.83 29.56 29.63 30.51 30.33 29.24 30.14 30.55 29.00 29.65 29.68 29.59 30.86 30.91 31.02 31.07 31.14 30.98 31.18 31.34 31.34 31.47 31.52 31.46 31.50 31.50 31.49 31.39 31.33 31.28 31.17 30.95 31.06 30.83 30.95 30.98 30.91 30.72 30.76 30.60 30.37 30.32 30.21 30.69 30.53 30.37 30.30
33.64 32.74 33.51 33.58 33.49 33.51 33.39 33.12 33.19 32.81 32.76 32.50 31.54 30.82 31.69 31.74 31.64 31.04 30.11 30.65 30.49 30.29 30.66 30.81 31.09 31.04 30.83 30.59 29.74 29.74 28.98 28.89 28.74 30.23 29.59 29.02 30.28 30.45 30.15 30.31 30.29 30.30 30.13 30.76 30.53 28.09 29.20 30.64 30.14 29.59 30.77 31.31 31.36 31.46 31.44 31.43 31.42 31.46 31.40 31.36 31.29 31.26 31.19 31.18 31.14 31.10 31.06 30.98 30.92 30.79 30.55 30.46 30.32 30.31 30.32 30.14 30.43
33.46 33.40 33.39 33.41 33.30 33.43 33.36 33.35 33.09 33.01 32.89 32.03 32.11 30.71 31.75 31.90 31.78 30.99 30.65 30.47 29.78 30.33 29.44 31.25 31.04 31.05 31.01 30.68 30.81 30.72 30.75 30.69 30.55 30.59 30.12 29.34 30.45 30.45 30.43 30.43 30.31 30.23 30.26 30.14 29.48 28.87 29.39 29.71 29.66 29.15 30.02 30.47 31.05 31.23 31.23 31.32 31.30 31.34 31.40 31.44 31.43 31.33 31.27 31.18 31.19 31.18 31.14 31.07 30.99 30.93 30.77 30.59 30.58 30.58 30.53 30.26 30.41
33.40 33.25 33.42 33.46 33.40 33.41 33.36 33.24 33.12 32.97 32.80 32.40 31.59 31.39 31.13 31.79 31.67 31.83 32.09 31.17 31.11 29.41 31.20 31.26 31.49 31.40 31.29 31.18 30.89 30.74 30.74 30.55 29.92 30.36 30.48 30.29 30.35 30.46 30.45 30.43 30.38 30.20 30.20 29.22 29.23 28.17 28.19 29.18 29.70 29.84 28.75 30.03 30.23 30.36 29.19 31.01 31.12 31.19 31.25 31.31 31.33 31.36 31.32 30.99 31.20 31.14 31.17 31.12 31.08 31.00 30.91 30.85 30.78 30.70 30.60 30.53 30.56
33.30 33.23 33.27 33.46 33.35 33.36 33.33 33.11 32.99 33.02 32.93 32.68 32.13 31.76 31.85 31.56 32.44 31.93 31.88 31.82 31.75 31.62 31.42 31.53 30.73 31.14 31.03 30.76 30.72 30.71 30.47 30.43 30.42 30.24 30.12 30.41 30.39 30.43 30.37 30.37 30.30 29.89 30.17 28.97 27.80 28.76 29.23 29.43 29.66 29.56 29.61 29.22 29.66 28.77 29.05 30.32 29.84 30.82 30.96 31.06 31.11 31.14 31.20 31.24 31.22 31.18 31.13 31.09 31.06 31.02 30.98 30.92 30.86 30.80 30.73 30.70 30.65
33.21 33.33 33.43 33.42 33.37 33.39 33.35 33.28 33.05 33.04 33.00 32.80 32.68 32.45 31.15 30.97 32.08 31.02 31.51 31.42 31.19 31.31 31.26 31.16 31.20 31.09 30.93 30.18 30.23 29.49 28.28 29.65 28.66 30.24 30.47 30.32 30.36 30.32 30.27 30.10 30.20 30.03 30.11 29.93 28.98 28.33 29.10 28.95 29.39 29.44 29.42 28.93 29.66 28.83 29.19 29.31 30.41 30.40 29.66 29.92 30.69 30.76 30.93 31.05 31.08 31.10 31.09 31.05 31.01 30.97 30.91 30.86 30.84 30.80 30.78 30.74 30.68
33.27 33.37 33.40 33.36 33.33 33.25 33.30 33.29 33.21 33.18 33.13 32.92 32.83 32.91 32.86 31.96 32.57 31.25 31.49 31.65 30.70 30.52 30.13 30.82 30.86 31.00 30.99 30.73 30.12 30.24 30.32 29.52 29.99 30.75 30.47 30.06 30.26 30.27 30.12 29.91 29.79 30.01 29.99 29.89 29.01 28.32 28.82 28.38 27.80 28.90 29.30 29.15 29.33 29.79 29.01 30.43 29.65 30.22 29.39 29.22 28.74 30.21 30.10 30.36 30.83 30.96 31.02 30.98 30.93 30.88 30.83 30.80 30.78 30.75 30.73 30.69 30.65
33.30 33.40 33.46 33.45 33.36 33.14 33.01 33.02 32.92 33.06 33.01 32.82 32.34 32.55 32.30 32.48 32.58 32.33 31.13 31.90 31.61 31.35 31.39 31.33 31.01 31.27 31.14 31.05 30.93 30.77 30.53 30.06 30.89 30.94 30.03 29.89 30.11 30.09 30.02 29.14 29.63 29.61 29.56 29.65 29.59 29.28 28.44 27.78 26.99 28.04 28.94 29.23 29.32 28.98 29.45 28.62 29.58 29.58 29.17 29.36 29.14 29.21 29.56 30.09 29.78 30.45 30.83 30.89 30.86 30.79 30.74 30.71 30.67 30.67 30.64 30.62 30.59
33.43 33.44 33.48 33.51 33.46 33.33 32.93 33.20 32.83 32.91 33.09 32.92 32.21 32.19 31.69 31.68 32.03 32.18 31.48 32.06 31.25 31.36 31.41 31.63 31.36 31.24 31.04 30.95 31.15 30.78 31.21 31.25 31.26 31.02 30.80 30.29 30.33 29.86 29.88 29.76 29.42 29.24 29.52 29.63 29.62 29.41 28.90 29.51 29.43 28.91 28.80 28.84 29.27 29.12 28.72 28.79 28.38 29.19 29.14 29.48 29.48 29.44 29.06 29.15 29.08 29.47 29.32 30.35 30.74 30.69 30.63 30.59 30.57 30.58 30.55 30.54 30.52
33.18 33.31 33.30 33.44 33.49 33.44 33.22 33.10 33.40 33.03 33.26 33.11 32.65 32.79 32.28 31.45 31.23 31.39 32.02 31.99 31.82 31.55 31.51 31.12 30.24 30.76 31.03 31.27 31.59 31.09 31.51 31.31 31.14 30.77 30.58 30.57 29.98 29.58 29.36 28.86 29.22 29.01 28.01 29.24 29.39 29.15 29.37 29.50 29.24 29.17 29.32 29.20 29.06 29.09 27.84 28.89 29.00 29.15 29.37 29.39 29.46 29.43 29.35 29.11 29.29 29.46 29.28 29.13 30.36 30.54 30.48 30.48 30.48 30.47 30.48 30.48 30.48
33.30 33.24 33.33 33.41 33.42 33.51 33.44 33.52 33.24 33.32 33.29 33.25 33.20 33.06 32.25 31.73 32.28 31.95 32.11 31.73 31.97 31.48 31.21 30.45 30.59 31.50 31.30 31.16 31.07 31.49 31.54 30.58 30.25 30.95 30.98 30.79 30.53 30.29 28.54 29.44 28.58 28.78 28.94 27.38 28.40 28.88 29.33 29.70 29.60 29.49 29.23 28.68 28.64 28.49 28.39 28.66 28.77 28.83 29.02 29.24 29.35 29.50 29.57 29.55 29.74 29.80 29.64 29.42 29.51 30.11 30.34 30.36 30.37 30.41 30.39 30.42 30.42
33.15 33.15 33.13 33.29 32.85 33.47 33.53 33.51 33.48 33.35 33.21 33.22 33.17 33.04 32.89 31.85 32.00 31.76 32.09 30.57 31.05 31.53 30.67 30.68 31.77 31.79 30.65 31.12 31.70 31.91 31.78 30.98 31.20 31.27 29.77 30.51 30.38 30.20 29.18 29.37 29.63 29.98 30.03 29.98 29.96 29.48 29.61 29.85 29.62 28.79 29.02 28.87 28.34 27.94 28.29 27.99 28.88 28.78 29.16 29.29 29.35 29.33 29.56 29.71 29.74 29.76 29.58 29.91 29.86 29.99 30.03 30.22 30.24 30.30 30.32 30.33 30.30
33.05 33.12 33.02 32.93 33.05 33.32 33.33 33.54 33.54 33.50 33.14 33.26 32.75 33.02 32.98 32.65 32.65 32.82 32.57 32.12 31.95 31.71 31.48 31.50 31.51 31.58 31.94 32.13 32.12 31.99 31.86 31.63 31.55 31.47 31.19 29.99 29.69 29.86 29.92 29.85 29.98 30.07 30.08 30.32 30.11 29.86 30.12 29.22 29.42 29.26 29.04 28.98 27.63 27.84 27.60 28.13 28.82 28.46 29.05 29.14 28.99 28.90 29.30 28.91 29.30 29.64 29.73 29.87 29.69 30.08 29.94 29.59 29.88 30.14 30.21 30.27 30.25
32.97 33.18 33.17 33.06 33.03 33.05 33.41 33.41 33.52 33.52 33.47 33.23 33.01 33.06 33.06 33.15 33.08 33.03 32.97 32.13 32.19 32.38 32.38 32.26 31.30 31.91 32.01 32.24 31.80 31.68 31.77 31.76 31.74 31.26 31.26 30.63 29.00 29.89 29.61 30.09 29.82 29.94 30.39 30.42 30.36 30.51 30.35 29.93 29.33 29.05 29.01 28.89 28.76 28.71 28.41 28.74 28.74 28.65 27.87 27.92 28.66 28.60 28.72 27.61 28.95 29.36 28.98 29.51 29.86 29.72 29.63 29.80 29.53 29.91 30.13 30.15 30.13
33.17 33.21 33.21 33.13 33.05 33.17 33.23 33.37 33.39 33.51 33.49 33.47 33.27 33.42 33.37 33.26 33.25 33.12 33.04 32.96 32.90 32.48 32.05 32.38 32.16 32.58 31.80 31.89 31.40 31.74 31.46 31.86 31.85 31.43 31.30 31.00 29.21 30.07 29.44 29.67 30.08 29.75 29.98 30.27 30.29 30.60 30.53 30.41 30.21 29.95 29.22 29.07 28.56 28.67 28.77 28.68 28.96 28.72 29.00 28.70 28.23 27.97 28.06 27.94 28.57 28.85 29.11 29.61 29.56 29.03 29.16 29.48 29.27 29.71 29.65 30.01 30.01
32.98 32.65 33.07 33.21 33.15 33.00 32.90 32.93 33.28 33.50 33.48 33.43 33.37 33.33 33.29 33.21 33.18 33.11 33.09 33.10 33.03 32.97 32.92 32.69 32.56 32.58 31.58 32.05 31.41 32.01 32.11 31.97 31.43 29.03 30.76 30.27 29.24 29.05 29.97 29.44 30.46 29.34 30.05 30.23 30.27 30.21 30.72 30.16 29.64 29.53 29.69 29.43 28.87 27.73 28.14 27.60 28.43 28.53 28.99 29.01 28.50 28.11 28.79 28.98 29.17 29.20 29.45 29.31 29.18 28.86 28.81 29.15 28.99 29.19 29.52 29.63 29.89
32.92 32.59 32.38 33.03 33.16 32.83 32.68 33.25 33.35 33.46 33.45 33.31 33.31 33.35 33.02 33.03 33.06 32.90 32.86 32.86 32.77 32.99 32.93 32.75 32.76 32.72 32.56 32.00 31.76 31.85 31.32 30.71 31.54 30.97 30.67 30.29 29.66 30.44 30.43 30.47 30.35 30.30 29.01 29.47 30.44 30.60 30.60 29.48 28.36 29.94 29.69 29.61 29.23 28.78 27.08 27.83 28.57 28.36 28.98 29.02 28.77 28.54 28.73 28.49 28.49 28.68 29.29 27.85 28.61 28.52 28.46 28.87 27.94 28.25 28.61 29.05 29.51
32.84 32.41 31.96 32.73 32.94 33.03 32.78 32.58 33.18 33.45 33.34 33.43 33.42 33.35 33.20 33.19 33.22 33.11 33.08 33.05 32.79 32.85 32.75 32.78 32.88 32.67 32.03 32.03 31.91 31.65 31.36 30.63 31.11 31.64 31.85 31.73 31.13 30.51 30.19 30.90 30.95 30.94 30.73 30.90 30.85 30.94 29.96 30.08 30.16 30.10 29.26 28.66 28.69 28.77 29.02 28.69 28.74 28.97 28.96 28.41 28.57 27.98 28.83 28.60 28.63 28.71 29.09 28.83 28.92 28.44 28.54 28.50 28.30 28.65 28.89 29.15 29.17
32.58 31.73 31.35 32.66 32.66 33.04 32.98 32.68 32.73 33.31 33.45 33.41 33.26 33.28 33.17 33.30 33.28 33.32 33.26 33.09 33.02 32.93 32.80 32.60 32.72 32.76 32.76 32.65 32.46 32.02 32.03 31.48 31.37 31.46 32.00 31.97 31.72 31.42 31.28 31.19 31.09 30.95 30.88 30.89 31.12 30.66 30.25 30.41 30.43 30.19 29.80 29.30 28.51 27.72 29.41 29.31 29.02 28.62 28.77 28.51 28.45 28.67 28.51 28.69 28.74 28.74 28.81 28.67 28.61 28.56 28.52 28.37 28.38 28.40 28.53 28.54 28.64
32.52 32.24 30.95 32.53 32.37 32.84 32.93 32.53 32.67 33.00 33.36 33.45 33.30 33.38 33.26 33.37 33.33 33.28 33.18 33.05 33.08 32.80 32.79 32.76 32.68 32.81 32.71 32.69 32.67 32.52 32.37 32.23 31.71 32.00 32.16 31.82 31.85 31.81 31.76 31.54 31.04 30.44 30.36 30.07 30.70 30.98 30.78 30.68 30.52 30.49 30.20 29.95 29.00 29.13 29.11 29.27 28.89 28.98 28.74 28.33 28.29 27.74 28.37 28.40 28.46 28.31 28.40 28.31 28.52 28.39 28.32 28.10 28.28 28.44 28.26 28.23 28.17
32.03 32.28 30.98 32.33 31.82 32.52 32.62 32.54 32.11 32.91 33.12 33.31 33.39 33.34 33.32 33.05 33.28 33.31 33.22 33.14 33.05 32.92 32.92 32.80 32.89 32.85 32.83 32.81 32.76 32.61 32.52 32.38 32.27 32.20 32.25 32.24 32.16 32.00 31.68 31.55 30.73 30.77 30.96 31.04 31.05 30.74 30.81 30.79 30.54 30.57 30.38 30.21 30.06 29.82 29.45 28.75 27.47 27.59 28.48 28.37 28.07 28.00 27.95 27.47 28.24 28.10 28.11 28.25 28.31 28.20 28.04 28.10 28.22 28.14 27.84 28.51 28.74
31.54 31.49 31.24 31.53 31.80 31.89 32.51 32.68 32.51 32.40 32.82 33.12 33.25 33.30 33.14 32.92 32.68 32.95 33.25 33.19 33.13 32.92 32.92 33.04 33.00 32.98 32.92 32.67 32.66 32.52 32.50 32.58 32.52 32.49 32.43 32.32 31.50 31.35 31.65 31.15 30.37 30.44 30.85 31.20 31.22 31.09 31.08 30.93 30.68 30.57 30.39 30.26 29.89 29.74 29.10 28.73 26.97 27.76 28.03 28.06 28.12 27.94 28.07 28.06 27.78 28.33 27.53 27.13 28.08 26.52 27.58 28.02 28.00 27.90 28.02 28.39 28.51
32.39 32.14 31.15 31.66 31.81 31.79 32.47 32.70 32.63 32.56 32.57 32.60 32.65 32.94 32.90 32.62 31.87 32.24 32.92 33.19 33.02 32.89 33.01 33.06 33.04 32.92 32.86 32.83 32.78 32.73 32.64 32.64 32.62 32.50 32.48 32.35 32.19 31.95 32.03 30.47 30.40 30.77 30.28 31.02 31.37 30.99 30.86 30.76 30.64 30.49 30.20 30.14 29.83 29.71 29.37 28.10 27.99 28.43 28.33 28.22 28.05 28.20 28.25 28.20 28.26 28.39 28.35 28.30 28.25 28.40 28.38 28.44 28.28 28.39 28.51 28.63 28.77
32.38 32.16 31.17 31.22 31.72 31.74 31.91 32.43 32.49 32.40 32.56 32.74 32.80 32.88 32.84 32.48 32.50 32.60 31.78 32.55 32.85 33.14 33.11 33.09 33.08 32.99 32.93 32.90 32.79 32.84 32.76 32.60 32.48 32.47 32.47 32.40 32.35 32.21 32.01 32.04 31.75 31.49 31.35 31.48 31.12 30.64 30.59 30.50 30.19 30.24 29.97 29.96 29.42 28.99 29.20 29.03 28.86 28.73 28.23 28.07 28.43 28.47 28.29 28.25 28.38 28.36 28.41 28.45 28.34 28.29 28.50 28.60 28.53 28.39 28.33 28.54 28.62
32.39 32.12 31.70 31.20 31.48 31.51 31.57 31.84 31.91 32.34 32.50 32.55 32.73 32.59 32.35 32.53 32.33 32.03 31.78 32.15 32.70 32.90 32.56 32.89 32.98 33.09 33.03 32.94 32.69 32.55 32.68 32.60 32.47 32.39 32.47 32.45 32.38 32.25 32.12 31.92 31.73 31.67 31.45 31.25 29.82 29.40 29.98 30.38 30.23 29.74 29.67 29.92 29.62 29.38 29.33 27.96 29.14 28.38 28.39 28.57 28.43 28.71 28.18 28.60 28.46 28.24 28.34 28.39 28.42 28.18 28.44 28.59 28.65 28.57 28.32 27.94 28.56
32.19 31.89 32.05 31.86 31.50 31.44 31.29 31.53 31.77 31.86 31.88 32.31 32.50 32.64 32.52 32.17 32.07 32.16 32.12 32.45 32.58 32.43 32.68 32.67 32.68 32.84 32.57 32.89 32.76 32.56 32.53 32.13 32.49 32.51 32.51 32.47 32.32 32.30 32.25 32.10 31.75 31.49 31.10 30.72 30.53 30.50 30.51 30.62 30.65 30.40 30.20 30.07 29.96 29.74 29.57 29.65 28.58 29.00 29.12 29.06 29.10 28.89 28.49 28.80 28.44 28.51 28.51 28.46 28.47 28.44 28.51 28.56 28.62 28.62 28.54 28.55 28.63
32.49 31.78 31.87 31.91 31.53 31.51 31.40 31.40 31.39 31.18 31.25 31.60 31.98 32.49 32.77 32.59 32.38 32.11 31.96 32.17 32.29 32.51 32.58 32.45 32.59 32.77 32.83 32.80 32.85 32.77 32.71 32.63 32.51 32.38 32.55 32.43 32.40 32.29 32.20 31.97 31.99 31.74 31.54 31.31 31.09 30.83 30.85 30.48 30.82 30.72 30.55 30.11 29.91 29.89 29.96 29.80 29.33 28.95 29.39 29.02 29.25 29.03 28.95 28.80 28.81 28.70 28.59 28.53 28.51 28.51 28.60 28.57 28.58 28.65 28.66 28.70 28.76
32.39 32.40 31.98 31.84 31.73 31.52 31.54 31.62 31.46 31.42 31.28 31.18 31.59 31.76 31.89 32.60 32.43 32.51 32.33 32.22 32.15 32.24 32.24 32.53 32.64 32.73 32.68 32.73 32.72 32.74 32.72 32.66 32.50 32.56 32.53 32.37 32.41 32.32 32.18 32.11 32.02 31.94 31.73 31.52 31.36 31.24 31.12 31.07 30.99 30.80 30.67 30.54 30.35 30.20 30.09 29.97 29.85 29.65 29.53 29.43 29.31 29.13 29.04 29.00 28.96 28.75 28.70 28.60 28.57 28.58 28.57 28.60 28.59 28.64 28.61 28.64 28.68
